collection_time_utc,collection_time_local,run_id,timestamp_utc,timestamp_local,value,unit,country,entsoe_area,variable,source,updated_at_utc
2026-08-16T21:11:07Z,2026-08-16T23:11:07+0200,bac882e5-42a3-48ea-b8e2-c8e889704767,2026-07-16T21:30:00Z,2026-07-16T23:30:00+0200,175.1,EUR/MWh,ES,ES,day_ahead_price,value,2026-08-16T21:17:48Z
2026-08-16T21:11:07Z,2026-08-16T23:11:07+0200,bac882e5-42a3-48ea-b8e2-c8e889704767,2026-07-16T21:45:00Z,2026-07-16T23:45:00+0200,169.52,EUR/MWh,ES,ES,day_ahead_price,value,2026-08-16T21:17:48Z
2026-08-16T21:11:07Z,2026-08-16T23:11:07+0200,bac882e5-42a3-48ea-b8e2-c8e889704767,2026-07-16T22:00:00Z,2026-07-17T00:00:00+0200,175.0,EUR/MWh,ES,ES,day_ahead_price,value,2026-08-16T21:17:48Z
2026-08-16T21:11:07Z,2026-08-16T23:11:07+0200,bac882e5-42a3-48ea-b8e2-c8e889704767,2026-07-16T22:15:00Z,2026-07-17T00:15:00+0200,171.31,EUR/MWh,ES,ES,day_ahead_price,value,2026-08-16T21:17:48Z
2026-08-16T21:11:07Z,2026-08-16T23:11:07+0200,bac882e5-42a3-48ea-b8e2-c8e889704767,2026-07-16T22:30:00Z,2026-07-17T00:30:00+0200,169.45,EUR/MWh,ES,ES,day_ahead_price,value,2026-08-16T21:17:48Z
2026-08-16T21:11:07Z,2026-08-16T23:11:07+0200,bac882e5-42a3-48ea-b8e2-c8e889704767,2026-07-16T22:45:00Z,2026-07-17T00:45:00+0200,166.5,EUR/MWh,ES,ES,day_ahead_price,value,2026-08-16T21:17:48Z
2026-08-16T21:11:07Z,2026-08-16T23:11:07+0200,bac882e5-42a3-48ea-b8e2-c8e889704767,2026-07-16T23:00:00Z,2026-07-17T01:00:00+0200,167.0,EUR/MWh,ES,ES,day_ahead_price,value,2026-08-16T21:17:48Z
2026-08-16T21:11:07Z,2026-08-16T23:11:07+0200,bac882e5-42a3-48ea-b8e2-c8e889704767,2026-07-16T23:15:00Z,2026-07-17T01:15:00+0200,164.46,EUR/MWh,ES,ES,day_ahead_price,value,2026-08-16T21:17:48Z
2026-08-16T21:11:07Z,2026-08-16T23:11:07+0200,bac882e5-42a3-48ea-b8e2-c8e889704767,2026-07-16T23:30:00Z,2026-07-17T01:30:00+0200,164.46,EUR/MWh,ES,ES,day_ahead_price,value,2026-08-16T21:17:48Z
2026-08-16T21:11:07Z,2026-08-16T23:11:07+0200,bac882e5-42a3-48ea-b8e2-c8e889704767,2026-07-16T23:45:00Z,2026-07-17T01:45:00+0200,164.05,EUR/MWh,ES,ES,day_ahead_price,value,2026-08-16T21:17:48Z
2026-08-16T21:11:07Z,2026-08-16T23:11:07+0200,bac882e5-42a3-48ea-b8e2-c8e889704767,2026-07-17T00:00:00Z,2026-07-17T02:00:00+0200,163.76,EUR/MWh,ES,ES,day_ahead_price,value,2026-08-16T21:17:48Z
2026-08-16T21:11:07Z,2026-08-16T23:11:07+0200,bac882e5-42a3-48ea-b8e2-c8e889704767,2026-07-17T00:15:00Z,2026-07-17T02:15:00+0200,163.52,EUR/MWh,ES,ES,day_ahead_price,value,2026-08-16T21:17:48Z
2026-08-16T21:11:07Z,2026-08-16T23:11:07+0200,bac882e5-42a3-48ea-b8e2-c8e889704767,2026-07-17T00:30:00Z,2026-07-17T02:30:00+0200,163.52,EUR/MWh,ES,ES,day_ahead_price,value,2026-08-16T21:17:48Z
2026-08-16T21:11:07Z,2026-08-16T23:11:07+0200,bac882e5-42a3-48ea-b8e2-c8e889704767,2026-07-17T00:45:00Z,2026-07-17T02:45:00+0200,163.28,EUR/MWh,ES,ES,day_ahead_price,value,2026-08-16T21:17:48Z
2026-08-16T21:11:07Z,2026-08-16T23:11:07+0200,bac882e5-42a3-48ea-b8e2-c8e889704767,2026-07-17T01:00:00Z,2026-07-17T03:00:00+0200,163.28,EUR/MWh,ES,ES,day_ahead_price,value,2026-08-16T21:17:48Z
2026-08-16T21:11:07Z,2026-08-16T23:11:07+0200,bac882e5-42a3-48ea-b8e2-c8e889704767,2026-07-17T01:15:00Z,2026-07-17T03:15:00+0200,163.28,EUR/MWh,ES,ES,day_ahead_price,value,2026-08-16T21:17:48Z
2026-08-16T21:11:07Z,2026-08-16T23:11:07+0200,bac882e5-42a3-48ea-b8e2-c8e889704767,2026-07-17T01:30:00Z,2026-07-17T03:30:00+0200,163.28,EUR/MWh,ES,ES,day_ahead_price,value,2026-08-16T21:17:48Z
2026-08-16T21:11:07Z,2026-08-16T23:11:07+0200,bac882e5-42a3-48ea-b8e2-c8e889704767,2026-07-17T01:45:00Z,2026-07-17T03:45:00+0200,163.04,EUR/MWh,ES,ES,day_ahead_price,value,2026-08-16T21:17:48Z
2026-08-16T21:11:07Z,2026-08-16T23:11:07+0200,bac882e5-42a3-48ea-b8e2-c8e889704767,2026-07-17T02:00:00Z,2026-07-17T04:00:00+0200,162.88,EUR/MWh,ES,ES,day_ahead_price,value,2026-08-16T21:17:48Z
2026-08-16T21:11:07Z,2026-08-16T23:11:07+0200,bac882e5-42a3-48ea-b8e2-c8e889704767,2026-07-17T02:15:00Z,2026-07-17T04:15:00+0200,162.88,EUR/MWh,ES,ES,day_ahead_price,value,2026-08-16T21:17:48Z
2026-08-16T21:11:07Z,2026-08-16T23:11:07+0200,bac882e5-42a3-48ea-b8e2-c8e889704767,2026-07-17T02:30:00Z,2026-07-17T04:30:00+0200,162.88,EUR/MWh,ES,ES,day_ahead_price,value,2026-08-16T21:17:48Z
2026-08-16T21:11:07Z,2026-08-16T23:11:07+0200,bac882e5-42a3-48ea-b8e2-c8e889704767,2026-07-17T02:45:00Z,2026-07-17T04:45:00+0200,162.88,EUR/MWh,ES,ES,day_ahead_price,value,2026-08-16T21:17:48Z
2026-08-16T21:11:07Z,2026-08-16T23:11:07+0200,bac882e5-42a3-48ea-b8e2-c8e889704767,2026-07-17T03:00:00Z,2026-07-17T05:00:00+0200,162.81,EUR/MWh,ES,ES,day_ahead_price,value,2026-08-16T21:17:48Z
2026-08-16T21:11:07Z,2026-08-16T23:11:07+0200,bac882e5-42a3-48ea-b8e2-c8e889704767,2026-07-17T03:15:00Z,2026-07-17T05:15:00+0200,162.88,EUR/MWh,ES,ES,day_ahead_price,value,2026-08-16T21:17:48Z
2026-08-16T21:11:07Z,2026-08-16T23:11:07+0200,bac882e5-42a3-48ea-b8e2-c8e889704767,2026-07-17T03:30:00Z,2026-07-17T05:30:00+0200,163.04,EUR/MWh,ES,ES,day_ahead_price,value,2026-08-16T21:17:48Z
2026-08-16T21:11:07Z,2026-08-16T23:11:07+0200,bac882e5-42a3-48ea-b8e2-c8e889704767,2026-07-17T03:45:00Z,2026-07-17T05:45:00+0200,163.52,EUR/MWh,ES,ES,day_ahead_price,value,2026-08-16T21:17:48Z
2026-08-16T21:11:07Z,2026-08-16T23:11:07+0200,bac882e5-42a3-48ea-b8e2-c8e889704767,2026-07-17T04:00:00Z,2026-07-17T06:00:00+0200,164.0,EUR/MWh,ES,ES,day_ahead_price,value,2026-08-16T21:17:48Z
2026-08-16T21:11:07Z,2026-08-16T23:11:07+0200,bac882e5-42a3-48ea-b8e2-c8e889704767,2026-07-17T04:15:00Z,2026-07-17T06:15:00+0200,164.0,EUR/MWh,ES,ES,day_ahead_price,value,2026-08-16T21:17:48Z
2026-08-16T21:11:07Z,2026-08-16T23:11:07+0200,bac882e5-42a3-48ea-b8e2-c8e889704767,2026-07-17T04:30:00Z,2026-07-17T06:30:00+0200,166.04,EUR/MWh,ES,ES,day_ahead_price,value,2026-08-16T21:17:48Z
2026-08-16T21:11:07Z,2026-08-16T23:11:07+0200,bac882e5-42a3-48ea-b8e2-c8e889704767,2026-07-17T04:45:00Z,2026-07-17T06:45:00+0200,166.5,EUR/MWh,ES,ES,day_ahead_price,value,2026-08-16T21:17:48Z
2026-08-16T21:11:07Z,2026-08-16T23:11:07+0200,bac882e5-42a3-48ea-b8e2-c8e889704767,2026-07-17T05:00:00Z,2026-07-17T07:00:00+0200,168.81,EUR/MWh,ES,ES,day_ahead_price,value,2026-08-16T21:17:48Z
2026-08-16T21:11:07Z,2026-08-16T23:11:07+0200,bac882e5-42a3-48ea-b8e2-c8e889704767,2026-07-17T05:15:00Z,2026-07-17T07:15:00+0200,167.81,EUR/MWh,ES,ES,day_ahead_price,value,2026-08-16T21:17:48Z
2026-08-16T21:11:07Z,2026-08-16T23:11:07+0200,bac882e5-42a3-48ea-b8e2-c8e889704767,2026-07-17T05:30:00Z,2026-07-17T07:30:00+0200,166.5,EUR/MWh,ES,ES,day_ahead_price,value,2026-08-16T21:17:48Z
2026-08-16T21:11:07Z,2026-08-16T23:11:07+0200,bac882e5-42a3-48ea-b8e2-c8e889704767,2026-07-17T05:45:00Z,2026-07-17T07:45:00+0200,163.28,EUR/MWh,ES,ES,day_ahead_price,value,2026-08-16T21:17:48Z
2026-08-16T21:11:07Z,2026-08-16T23:11:07+0200,bac882e5-42a3-48ea-b8e2-c8e889704767,2026-07-17T06:00:00Z,2026-07-17T08:00:00+0200,167.81,EUR/MWh,ES,ES,day_ahead_price,value,2026-08-16T21:17:48Z
2026-08-16T21:11:07Z,2026-08-16T23:11:07+0200,bac882e5-42a3-48ea-b8e2-c8e889704767,2026-07-17T06:15:00Z,2026-07-17T08:15:00+0200,164.46,EUR/MWh,ES,ES,day_ahead_price,value,2026-08-16T21:17:48Z
2026-08-16T21:11:07Z,2026-08-16T23:11:07+0200,bac882e5-42a3-48ea-b8e2-c8e889704767,2026-07-17T06:30:00Z,2026-07-17T08:30:00+0200,156.69,EUR/MWh,ES,ES,day_ahead_price,value,2026-08-16T21:17:48Z
2026-08-16T21:11:07Z,2026-08-16T23:11:07+0200,bac882e5-42a3-48ea-b8e2-c8e889704767,2026-07-17T06:45:00Z,2026-07-17T08:45:00+0200,134.45,EUR/MWh,ES,ES,day_ahead_price,value,2026-08-16T21:17:48Z
2026-08-16T21:11:07Z,2026-08-16T23:11:07+0200,bac882e5-42a3-48ea-b8e2-c8e889704767,2026-07-17T07:00:00Z,2026-07-17T09:00:00+0200,150.0,EUR/MWh,ES,ES,day_ahead_price,value,2026-08-16T21:17:48Z
2026-08-16T21:11:07Z,2026-08-16T23:11:07+0200,bac882e5-42a3-48ea-b8e2-c8e889704767,2026-07-17T07:15:00Z,2026-07-17T09:15:00+0200,135.22,EUR/MWh,ES,ES,day_ahead_price,value,2026-08-16T21:17:48Z
2026-08-16T21:11:07Z,2026-08-16T23:11:07+0200,bac882e5-42a3-48ea-b8e2-c8e889704767,2026-07-17T07:30:00Z,2026-07-17T09:30:00+0200,121.61,EUR/MWh,ES,ES,day_ahead_price,value,2026-08-16T21:17:48Z
2026-08-16T21:11:07Z,2026-08-16T23:11:07+0200,bac882e5-42a3-48ea-b8e2-c8e889704767,2026-07-17T07:45:00Z,2026-07-17T09:45:00+0200,105.0,EUR/MWh,ES,ES,day_ahead_price,value,2026-08-16T21:17:48Z
2026-08-16T21:11:07Z,2026-08-16T23:11:07+0200,bac882e5-42a3-48ea-b8e2-c8e889704767,2026-07-17T08:00:00Z,2026-07-17T10:00:00+0200,120.0,EUR/MWh,ES,ES,day_ahead_price,value,2026-08-16T21:17:48Z
2026-08-16T21:11:07Z,2026-08-16T23:11:07+0200,bac882e5-42a3-48ea-b8e2-c8e889704767,2026-07-17T08:15:00Z,2026-07-17T10:15:00+0200,110.0,EUR/MWh,ES,ES,day_ahead_price,value,2026-08-16T21:17:48Z
2026-08-16T21:11:07Z,2026-08-16T23:11:07+0200,bac882e5-42a3-48ea-b8e2-c8e889704767,2026-07-17T08:30:00Z,2026-07-17T10:30:00+0200,109.0,EUR/MWh,ES,ES,day_ahead_price,value,2026-08-16T21:17:48Z
2026-08-16T21:11:07Z,2026-08-16T23:11:07+0200,bac882e5-42a3-48ea-b8e2-c8e889704767,2026-07-17T08:45:00Z,2026-07-17T10:45:00+0200,101.44,EUR/MWh,ES,ES,day_ahead_price,value,2026-08-16T21:17:48Z
2026-08-16T21:11:07Z,2026-08-16T23:11:07+0200,bac882e5-42a3-48ea-b8e2-c8e889704767,2026-07-17T09:00:00Z,2026-07-17T11:00:00+0200,109.0,EUR/MWh,ES,ES,day_ahead_price,value,2026-08-16T21:17:48Z
2026-08-16T21:11:07Z,2026-08-16T23:11:07+0200,bac882e5-42a3-48ea-b8e2-c8e889704767,2026-07-17T09:15:00Z,2026-07-17T11:15:00+0200,106.0,EUR/MWh,ES,ES,day_ahead_price,value,2026-08-16T21:17:48Z
2026-08-16T21:11:07Z,2026-08-16T23:11:07+0200,bac882e5-42a3-48ea-b8e2-c8e889704767,2026-07-17T09:30:00Z,2026-07-17T11:30:00+0200,102.0,EUR/MWh,ES,ES,day_ahead_price,value,2026-08-16T21:17:48Z
2026-08-16T21:11:07Z,2026-08-16T23:11:07+0200,bac882e5-42a3-48ea-b8e2-c8e889704767,2026-07-17T09:45:00Z,2026-07-17T11:45:00+0200,100.01,EUR/MWh,ES,ES,day_ahead_price,value,2026-08-16T21:17:48Z
2026-08-16T21:11:07Z,2026-08-16T23:11:07+0200,bac882e5-42a3-48ea-b8e2-c8e889704767,2026-07-17T10:00:00Z,2026-07-17T12:00:00+0200,99.4,EUR/MWh,ES,ES,day_ahead_price,value,2026-08-16T21:17:48Z
2026-08-16T21:11:07Z,2026-08-16T23:11:07+0200,bac882e5-42a3-48ea-b8e2-c8e889704767,2026-07-17T10:15:00Z,2026-07-17T12:15:00+0200,99.4,EUR/MWh,ES,ES,day_ahead_price,value,2026-08-16T21:17:48Z
2026-08-16T21:11:07Z,2026-08-16T23:11:07+0200,bac882e5-42a3-48ea-b8e2-c8e889704767,2026-07-17T10:30:00Z,2026-07-17T12:30:00+0200,99.0,EUR/MWh,ES,ES,day_ahead_price,value,2026-08-16T21:17:48Z
2026-08-16T21:11:07Z,2026-08-16T23:11:07+0200,bac882e5-42a3-48ea-b8e2-c8e889704767,2026-07-17T10:45:00Z,2026-07-17T12:45:00+0200,98.3,EUR/MWh,ES,ES,day_ahead_price,value,2026-08-16T21:17:48Z
2026-08-16T21:11:07Z,2026-08-16T23:11:07+0200,bac882e5-42a3-48ea-b8e2-c8e889704767,2026-07-17T11:00:00Z,2026-07-17T13:00:00+0200,98.96,EUR/MWh,ES,ES,day_ahead_price,value,2026-08-16T21:17:48Z
2026-08-16T21:11:07Z,2026-08-16T23:11:07+0200,bac882e5-42a3-48ea-b8e2-c8e889704767,2026-07-17T11:15:00Z,2026-07-17T13:15:00+0200,98.35,EUR/MWh,ES,ES,day_ahead_price,value,2026-08-16T21:17:48Z
2026-08-16T21:11:07Z,2026-08-16T23:11:07+0200,bac882e5-42a3-48ea-b8e2-c8e889704767,2026-07-17T11:30:00Z,2026-07-17T13:30:00+0200,97.81,EUR/MWh,ES,ES,day_ahead_price,value,2026-08-16T21:17:48Z
2026-08-16T21:11:07Z,2026-08-16T23:11:07+0200,bac882e5-42a3-48ea-b8e2-c8e889704767,2026-07-17T11:45:00Z,2026-07-17T13:45:00+0200,97.68,EUR/MWh,ES,ES,day_ahead_price,value,2026-08-16T21:17:48Z
2026-08-16T21:11:07Z,2026-08-16T23:11:07+0200,bac882e5-42a3-48ea-b8e2-c8e889704767,2026-07-17T12:00:00Z,2026-07-17T14:00:00+0200,97.94,EUR/MWh,ES,ES,day_ahead_price,value,2026-08-16T21:17:48Z
2026-08-16T21:11:07Z,2026-08-16T23:11:07+0200,bac882e5-42a3-48ea-b8e2-c8e889704767,2026-07-17T12:15:00Z,2026-07-17T14:15:00+0200,98.09,EUR/MWh,ES,ES,day_ahead_price,value,2026-08-16T21:17:48Z
2026-08-16T21:11:07Z,2026-08-16T23:11:07+0200,bac882e5-42a3-48ea-b8e2-c8e889704767,2026-07-17T12:30:00Z,2026-07-17T14:30:00+0200,98.2,EUR/MWh,ES,ES,day_ahead_price,value,2026-08-16T21:17:48Z
2026-08-16T21:11:07Z,2026-08-16T23:11:07+0200,bac882e5-42a3-48ea-b8e2-c8e889704767,2026-07-17T12:45:00Z,2026-07-17T14:45:00+0200,98.09,EUR/MWh,ES,ES,day_ahead_price,value,2026-08-16T21:17:48Z
2026-08-16T21:11:07Z,2026-08-16T23:11:07+0200,bac882e5-42a3-48ea-b8e2-c8e889704767,2026-07-17T13:00:00Z,2026-07-17T15:00:00+0200,97.94,EUR/MWh,ES,ES,day_ahead_price,value,2026-08-16T21:17:48Z
2026-08-16T21:11:07Z,2026-08-16T23:11:07+0200,bac882e5-42a3-48ea-b8e2-c8e889704767,2026-07-17T13:15:00Z,2026-07-17T15:15:00+0200,97.81,EUR/MWh,ES,ES,day_ahead_price,value,2026-08-16T21:17:48Z
2026-08-16T21:11:07Z,2026-08-16T23:11:07+0200,bac882e5-42a3-48ea-b8e2-c8e889704767,2026-07-17T13:30:00Z,2026-07-17T15:30:00+0200,97.68,EUR/MWh,ES,ES,day_ahead_price,value,2026-08-16T21:17:48Z
2026-08-16T21:11:07Z,2026-08-16T23:11:07+0200,bac882e5-42a3-48ea-b8e2-c8e889704767,2026-07-17T13:45:00Z,2026-07-17T15:45:00+0200,97.68,EUR/MWh,ES,ES,day_ahead_price,value,2026-08-16T21:17:48Z
2026-08-16T21:11:07Z,2026-08-16T23:11:07+0200,bac882e5-42a3-48ea-b8e2-c8e889704767,2026-07-17T14:00:00Z,2026-07-17T16:00:00+0200,97.81,EUR/MWh,ES,ES,day_ahead_price,value,2026-08-16T21:17:48Z
2026-08-16T21:11:07Z,2026-08-16T23:11:07+0200,bac882e5-42a3-48ea-b8e2-c8e889704767,2026-07-17T14:15:00Z,2026-07-17T16:15:00+0200,97.81,EUR/MWh,ES,ES,day_ahead_price,value,2026-08-16T21:17:48Z
2026-08-16T21:11:07Z,2026-08-16T23:11:07+0200,bac882e5-42a3-48ea-b8e2-c8e889704767,2026-07-17T14:30:00Z,2026-07-17T16:30:00+0200,97.81,EUR/MWh,ES,ES,day_ahead_price,value,2026-08-16T21:17:48Z
2026-08-16T21:11:07Z,2026-08-16T23:11:07+0200,bac882e5-42a3-48ea-b8e2-c8e889704767,2026-07-17T14:45:00Z,2026-07-17T16:45:00+0200,97.94,EUR/MWh,ES,ES,day_ahead_price,value,2026-08-16T21:17:48Z
2026-08-16T21:11:07Z,2026-08-16T23:11:07+0200,bac882e5-42a3-48ea-b8e2-c8e889704767,2026-07-17T15:00:00Z,2026-07-17T17:00:00+0200,97.88,EUR/MWh,ES,ES,day_ahead_price,value,2026-08-16T21:17:48Z
2026-08-16T21:11:07Z,2026-08-16T23:11:07+0200,bac882e5-42a3-48ea-b8e2-c8e889704767,2026-07-17T15:15:00Z,2026-07-17T17:15:00+0200,98.07,EUR/MWh,ES,ES,day_ahead_price,value,2026-08-16T21:17:48Z
2026-08-16T21:11:07Z,2026-08-16T23:11:07+0200,bac882e5-42a3-48ea-b8e2-c8e889704767,2026-07-17T15:30:00Z,2026-07-17T17:30:00+0200,98.2,EUR/MWh,ES,ES,day_ahead_price,value,2026-08-16T21:17:48Z
2026-08-16T21:11:07Z,2026-08-16T23:11:07+0200,bac882e5-42a3-48ea-b8e2-c8e889704767,2026-07-17T15:45:00Z,2026-07-17T17:45:00+0200,98.2,EUR/MWh,ES,ES,day_ahead_price,value,2026-08-16T21:17:48Z
2026-08-16T21:11:07Z,2026-08-16T23:11:07+0200,bac882e5-42a3-48ea-b8e2-c8e889704767,2026-07-17T16:00:00Z,2026-07-17T18:00:00+0200,98.3,EUR/MWh,ES,ES,day_ahead_price,value,2026-08-16T21:17:48Z
2026-08-16T21:11:07Z,2026-08-16T23:11:07+0200,bac882e5-42a3-48ea-b8e2-c8e889704767,2026-07-17T16:15:00Z,2026-07-17T18:15:00+0200,103.0,EUR/MWh,ES,ES,day_ahead_price,value,2026-08-16T21:17:48Z
2026-08-16T21:11:07Z,2026-08-16T23:11:07+0200,bac882e5-42a3-48ea-b8e2-c8e889704767,2026-07-17T16:30:00Z,2026-07-17T18:30:00+0200,110.01,EUR/MWh,ES,ES,day_ahead_price,value,2026-08-16T21:17:48Z
2026-08-16T21:11:07Z,2026-08-16T23:11:07+0200,bac882e5-42a3-48ea-b8e2-c8e889704767,2026-07-17T16:45:00Z,2026-07-17T18:45:00+0200,120.0,EUR/MWh,ES,ES,day_ahead_price,value,2026-08-16T21:17:48Z
2026-08-16T21:11:07Z,2026-08-16T23:11:07+0200,bac882e5-42a3-48ea-b8e2-c8e889704767,2026-07-17T17:00:00Z,2026-07-17T19:00:00+0200,101.44,EUR/MWh,ES,ES,day_ahead_price,value,2026-08-16T21:17:48Z
2026-08-16T21:11:07Z,2026-08-16T23:11:07+0200,bac882e5-42a3-48ea-b8e2-c8e889704767,2026-07-17T17:15:00Z,2026-07-17T19:15:00+0200,120.0,EUR/MWh,ES,ES,day_ahead_price,value,2026-08-16T21:17:48Z
2026-08-16T21:11:07Z,2026-08-16T23:11:07+0200,bac882e5-42a3-48ea-b8e2-c8e889704767,2026-07-17T17:30:00Z,2026-07-17T19:30:00+0200,147.7,EUR/MWh,ES,ES,day_ahead_price,value,2026-08-16T21:17:48Z
2026-08-16T21:11:07Z,2026-08-16T23:11:07+0200,bac882e5-42a3-48ea-b8e2-c8e889704767,2026-07-17T17:45:00Z,2026-07-17T19:45:00+0200,162.8,EUR/MWh,ES,ES,day_ahead_price,value,2026-08-16T21:17:48Z
2026-08-16T21:11:07Z,2026-08-16T23:11:07+0200,bac882e5-42a3-48ea-b8e2-c8e889704767,2026-07-17T18:00:00Z,2026-07-17T20:00:00+0200,140.0,EUR/MWh,ES,ES,day_ahead_price,value,2026-08-16T21:17:48Z
2026-08-16T21:11:07Z,2026-08-16T23:11:07+0200,bac882e5-42a3-48ea-b8e2-c8e889704767,2026-07-17T18:15:00Z,2026-07-17T20:15:00+0200,161.3,EUR/MWh,ES,ES,day_ahead_price,value,2026-08-16T21:17:48Z
2026-08-16T21:11:07Z,2026-08-16T23:11:07+0200,bac882e5-42a3-48ea-b8e2-c8e889704767,2026-07-17T18:30:00Z,2026-07-17T20:30:00+0200,166.5,EUR/MWh,ES,ES,day_ahead_price,value,2026-08-16T21:17:48Z
2026-08-16T21:11:07Z,2026-08-16T23:11:07+0200,bac882e5-42a3-48ea-b8e2-c8e889704767,2026-07-17T18:45:00Z,2026-07-17T20:45:00+0200,173.52,EUR/MWh,ES,ES,day_ahead_price,value,2026-08-16T21:17:48Z
2026-08-16T21:11:07Z,2026-08-16T23:11:07+0200,bac882e5-42a3-48ea-b8e2-c8e889704767,2026-07-17T19:00:00Z,2026-07-17T21:00:00+0200,167.99,EUR/MWh,ES,ES,day_ahead_price,value,2026-08-16T21:17:48Z
2026-08-16T21:11:07Z,2026-08-16T23:11:07+0200,bac882e5-42a3-48ea-b8e2-c8e889704767,2026-07-17T19:15:00Z,2026-07-17T21:15:00+0200,167.99,EUR/MWh,ES,ES,day_ahead_price,value,2026-08-16T21:17:48Z
2026-08-16T21:11:07Z,2026-08-16T23:11:07+0200,bac882e5-42a3-48ea-b8e2-c8e889704767,2026-07-17T19:30:00Z,2026-07-17T21:30:00+0200,169.81,EUR/MWh,ES,ES,day_ahead_price,value,2026-08-16T21:17:48Z
2026-08-16T21:11:07Z,2026-08-16T23:11:07+0200,bac882e5-42a3-48ea-b8e2-c8e889704767,2026-07-17T19:45:00Z,2026-07-17T21:45:00+0200,168.81,EUR/MWh,ES,ES,day_ahead_price,value,2026-08-16T21:17:48Z
2026-08-16T21:11:07Z,2026-08-16T23:11:07+0200,bac882e5-42a3-48ea-b8e2-c8e889704767,2026-07-17T20:00:00Z,2026-07-17T22:00:00+0200,169.81,EUR/MWh,ES,ES,day_ahead_price,value,2026-08-16T21:17:48Z
2026-08-16T21:11:07Z,2026-08-16T23:11:07+0200,bac882e5-42a3-48ea-b8e2-c8e889704767,2026-07-17T20:15:00Z,2026-07-17T22:15:00+0200,166.04,EUR/MWh,ES,ES,day_ahead_price,value,2026-08-16T21:17:48Z
2026-08-16T21:11:07Z,2026-08-16T23:11:07+0200,bac882e5-42a3-48ea-b8e2-c8e889704767,2026-07-17T20:30:00Z,2026-07-17T22:30:00+0200,164.81,EUR/MWh,ES,ES,day_ahead_price,value,2026-08-16T21:17:48Z
2026-08-16T21:11:07Z,2026-08-16T23:11:07+0200,bac882e5-42a3-48ea-b8e2-c8e889704767,2026-07-17T20:45:00Z,2026-07-17T22:45:00+0200,160.22,EUR/MWh,ES,ES,day_ahead_price,value,2026-08-16T21:17:48Z
2026-08-16T21:11:07Z,2026-08-16T23:11:07+0200,bac882e5-42a3-48ea-b8e2-c8e889704767,2026-07-17T21:00:00Z,2026-07-17T23:00:00+0200,164.0,EUR/MWh,ES,ES,day_ahead_price,value,2026-08-16T21:17:48Z
2026-08-16T21:11:07Z,2026-08-16T23:11:07+0200,bac882e5-42a3-48ea-b8e2-c8e889704767,2026-07-17T21:15:00Z,2026-07-17T23:15:00+0200,161.08,EUR/MWh,ES,ES,day_ahead_price,value,2026-08-16T21:17:48Z
2026-08-16T21:11:07Z,2026-08-16T23:11:07+0200,bac882e5-42a3-48ea-b8e2-c8e889704767,2026-07-17T21:30:00Z,2026-07-17T23:30:00+0200,159.04,EUR/MWh,ES,ES,day_ahead_price,value,2026-08-16T21:17:48Z
2026-08-16T21:11:07Z,2026-08-16T23:11:07+0200,bac882e5-42a3-48ea-b8e2-c8e889704767,2026-07-17T21:45:00Z,2026-07-17T23:45:00+0200,150.48,EUR/MWh,ES,ES,day_ahead_price,value,2026-08-16T21:17:48Z
2026-08-16T21:11:07Z,2026-08-16T23:11:07+0200,bac882e5-42a3-48ea-b8e2-c8e889704767,2026-07-17T22:00:00Z,2026-07-18T00:00:00+0200,168.41,EUR/MWh,ES,ES,day_ahead_price,value,2026-08-16T21:17:48Z
2026-08-16T21:11:07Z,2026-08-16T23:11:07+0200,bac882e5-42a3-48ea-b8e2-c8e889704767,2026-07-17T22:15:00Z,2026-07-18T00:15:00+0200,160.41,EUR/MWh,ES,ES,day_ahead_price,value,2026-08-16T21:17:48Z
2026-08-16T21:11:07Z,2026-08-16T23:11:07+0200,bac882e5-42a3-48ea-b8e2-c8e889704767,2026-07-17T22:30:00Z,2026-07-18T00:30:00+0200,157.45,EUR/MWh,ES,ES,day_ahead_price,value,2026-08-16T21:17:48Z
2026-08-16T21:11:07Z,2026-08-16T23:11:07+0200,bac882e5-42a3-48ea-b8e2-c8e889704767,2026-07-17T22:45:00Z,2026-07-18T00:45:00+0200,154.88,EUR/MWh,ES,ES,day_ahead_price,value,2026-08-16T21:17:48Z
2026-08-16T21:11:07Z,2026-08-16T23:11:07+0200,bac882e5-42a3-48ea-b8e2-c8e889704767,2026-07-17T23:00:00Z,2026-07-18T01:00:00+0200,157.55,EUR/MWh,ES,ES,day_ahead_price,value,2026-08-16T21:17:48Z
2026-08-16T21:11:07Z,2026-08-16T23:11:07+0200,bac882e5-42a3-48ea-b8e2-c8e889704767,2026-07-17T23:15:00Z,2026-07-18T01:15:00+0200,157.45,EUR/MWh,ES,ES,day_ahead_price,value,2026-08-16T21:17:48Z
2026-08-16T21:11:07Z,2026-08-16T23:11:07+0200,bac882e5-42a3-48ea-b8e2-c8e889704767,2026-07-17T23:30:00Z,2026-07-18T01:30:00+0200,156.46,EUR/MWh,ES,ES,day_ahead_price,value,2026-08-16T21:17:48Z
2026-08-16T21:11:07Z,2026-08-16T23:11:07+0200,bac882e5-42a3-48ea-b8e2-c8e889704767,2026-07-17T23:45:00Z,2026-07-18T01:45:00+0200,155.3,EUR/MWh,ES,ES,day_ahead_price,value,2026-08-16T21:17:48Z
2026-08-16T21:11:07Z,2026-08-16T23:11:07+0200,bac882e5-42a3-48ea-b8e2-c8e889704767,2026-07-18T00:00:00Z,2026-07-18T02:00:00+0200,158.0,EUR/MWh,ES,ES,day_ahead_price,value,2026-08-16T21:17:48Z
2026-08-16T21:11:07Z,2026-08-16T23:11:07+0200,bac882e5-42a3-48ea-b8e2-c8e889704767,2026-07-18T00:15:00Z,2026-07-18T02:15:00+0200,156.46,EUR/MWh,ES,ES,day_ahead_price,value,2026-08-16T21:17:48Z
2026-08-16T21:11:07Z,2026-08-16T23:11:07+0200,bac882e5-42a3-48ea-b8e2-c8e889704767,2026-07-18T00:30:00Z,2026-07-18T02:30:00+0200,155.3,EUR/MWh,ES,ES,day_ahead_price,value,2026-08-16T21:17:48Z
2026-08-16T21:11:07Z,2026-08-16T23:11:07+0200,bac882e5-42a3-48ea-b8e2-c8e889704767,2026-07-18T00:45:00Z,2026-07-18T02:45:00+0200,154.88,EUR/MWh,ES,ES,day_ahead_price,value,2026-08-16T21:17:48Z
2026-08-16T21:11:07Z,2026-08-16T23:11:07+0200,bac882e5-42a3-48ea-b8e2-c8e889704767,2026-07-18T01:00:00Z,2026-07-18T03:00:00+0200,155.3,EUR/MWh,ES,ES,day_ahead_price,value,2026-08-16T21:17:48Z
2026-08-16T21:11:07Z,2026-08-16T23:11:07+0200,bac882e5-42a3-48ea-b8e2-c8e889704767,2026-07-18T01:15:00Z,2026-07-18T03:15:00+0200,154.88,EUR/MWh,ES,ES,day_ahead_price,value,2026-08-16T21:17:48Z
2026-08-16T21:11:07Z,2026-08-16T23:11:07+0200,bac882e5-42a3-48ea-b8e2-c8e889704767,2026-07-18T01:30:00Z,2026-07-18T03:30:00+0200,154.88,EUR/MWh,ES,ES,day_ahead_price,value,2026-08-16T21:17:48Z
2026-08-16T21:11:07Z,2026-08-16T23:11:07+0200,bac882e5-42a3-48ea-b8e2-c8e889704767,2026-07-18T01:45:00Z,2026-07-18T03:45:00+0200,154.88,EUR/MWh,ES,ES,day_ahead_price,value,2026-08-16T21:17:48Z
2026-08-16T21:11:07Z,2026-08-16T23:11:07+0200,bac882e5-42a3-48ea-b8e2-c8e889704767,2026-07-18T02:00:00Z,2026-07-18T04:00:00+0200,154.79,EUR/MWh,ES,ES,day_ahead_price,value,2026-08-16T21:17:48Z
2026-08-16T21:11:07Z,2026-08-16T23:11:07+0200,bac882e5-42a3-48ea-b8e2-c8e889704767,2026-07-18T02:15:00Z,2026-07-18T04:15:00+0200,154.79,EUR/MWh,ES,ES,day_ahead_price,value,2026-08-16T21:17:48Z
2026-08-16T21:11:07Z,2026-08-16T23:11:07+0200,bac882e5-42a3-48ea-b8e2-c8e889704767,2026-07-18T02:30:00Z,2026-07-18T04:30:00+0200,154.79,EUR/MWh,ES,ES,day_ahead_price,value,2026-08-16T21:17:48Z
2026-08-16T21:11:07Z,2026-08-16T23:11:07+0200,bac882e5-42a3-48ea-b8e2-c8e889704767,2026-07-18T02:45:00Z,2026-07-18T04:45:00+0200,154.79,EUR/MWh,ES,ES,day_ahead_price,value,2026-08-16T21:17:48Z
2026-08-16T21:11:07Z,2026-08-16T23:11:07+0200,bac882e5-42a3-48ea-b8e2-c8e889704767,2026-07-18T03:00:00Z,2026-07-18T05:00:00+0200,154.79,EUR/MWh,ES,ES,day_ahead_price,value,2026-08-16T21:17:48Z
2026-08-16T21:11:07Z,2026-08-16T23:11:07+0200,bac882e5-42a3-48ea-b8e2-c8e889704767,2026-07-18T03:15:00Z,2026-07-18T05:15:00+0200,154.79,EUR/MWh,ES,ES,day_ahead_price,value,2026-08-16T21:17:48Z
2026-08-16T21:11:07Z,2026-08-16T23:11:07+0200,bac882e5-42a3-48ea-b8e2-c8e889704767,2026-07-18T03:30:00Z,2026-07-18T05:30:00+0200,154.88,EUR/MWh,ES,ES,day_ahead_price,value,2026-08-16T21:17:48Z
2026-08-16T21:11:07Z,2026-08-16T23:11:07+0200,bac882e5-42a3-48ea-b8e2-c8e889704767,2026-07-18T03:45:00Z,2026-07-18T05:45:00+0200,154.88,EUR/MWh,ES,ES,day_ahead_price,value,2026-08-16T21:17:48Z
2026-08-16T21:11:07Z,2026-08-16T23:11:07+0200,bac882e5-42a3-48ea-b8e2-c8e889704767,2026-07-18T04:00:00Z,2026-07-18T06:00:00+0200,155.55,EUR/MWh,ES,ES,day_ahead_price,value,2026-08-16T21:17:48Z
2026-08-16T21:11:07Z,2026-08-16T23:11:07+0200,bac882e5-42a3-48ea-b8e2-c8e889704767,2026-07-18T04:15:00Z,2026-07-18T06:15:00+0200,156.46,EUR/MWh,ES,ES,day_ahead_price,value,2026-08-16T21:17:48Z
2026-08-16T21:11:07Z,2026-08-16T23:11:07+0200,bac882e5-42a3-48ea-b8e2-c8e889704767,2026-07-18T04:30:00Z,2026-07-18T06:30:00+0200,156.46,EUR/MWh,ES,ES,day_ahead_price,value,2026-08-16T21:17:48Z
2026-08-16T21:11:07Z,2026-08-16T23:11:07+0200,bac882e5-42a3-48ea-b8e2-c8e889704767,2026-07-18T04:45:00Z,2026-07-18T06:45:00+0200,157.21,EUR/MWh,ES,ES,day_ahead_price,value,2026-08-16T21:17:48Z
2026-08-16T21:11:07Z,2026-08-16T23:11:07+0200,bac882e5-42a3-48ea-b8e2-c8e889704767,2026-07-18T05:00:00Z,2026-07-18T07:00:00+0200,158.04,EUR/MWh,ES,ES,day_ahead_price,value,2026-08-16T21:17:48Z
2026-08-16T21:11:07Z,2026-08-16T23:11:07+0200,bac882e5-42a3-48ea-b8e2-c8e889704767,2026-07-18T05:15:00Z,2026-07-18T07:15:00+0200,155.3,EUR/MWh,ES,ES,day_ahead_price,value,2026-08-16T21:17:48Z
2026-08-16T21:11:07Z,2026-08-16T23:11:07+0200,bac882e5-42a3-48ea-b8e2-c8e889704767,2026-07-18T05:30:00Z,2026-07-18T07:30:00+0200,153.3,EUR/MWh,ES,ES,day_ahead_price,value,2026-08-16T21:17:48Z
2026-08-16T21:11:07Z,2026-08-16T23:11:07+0200,bac882e5-42a3-48ea-b8e2-c8e889704767,2026-07-18T05:45:00Z,2026-07-18T07:45:00+0200,150.02,EUR/MWh,ES,ES,day_ahead_price,value,2026-08-16T21:17:48Z
2026-08-16T21:11:07Z,2026-08-16T23:11:07+0200,bac882e5-42a3-48ea-b8e2-c8e889704767,2026-07-18T06:00:00Z,2026-07-18T08:00:00+0200,146.35,EUR/MWh,ES,ES,day_ahead_price,value,2026-08-16T21:17:48Z
2026-08-16T21:11:07Z,2026-08-16T23:11:07+0200,bac882e5-42a3-48ea-b8e2-c8e889704767,2026-07-18T06:15:00Z,2026-07-18T08:15:00+0200,119.0,EUR/MWh,ES,ES,day_ahead_price,value,2026-08-16T21:17:48Z
2026-08-16T21:11:07Z,2026-08-16T23:11:07+0200,bac882e5-42a3-48ea-b8e2-c8e889704767,2026-07-18T06:30:00Z,2026-07-18T08:30:00+0200,101.6,EUR/MWh,ES,ES,day_ahead_price,value,2026-08-16T21:17:48Z
2026-08-16T21:11:07Z,2026-08-16T23:11:07+0200,bac882e5-42a3-48ea-b8e2-c8e889704767,2026-07-18T06:45:00Z,2026-07-18T08:45:00+0200,84.01,EUR/MWh,ES,ES,day_ahead_price,value,2026-08-16T21:17:48Z
2026-08-16T21:11:07Z,2026-08-16T23:11:07+0200,bac882e5-42a3-48ea-b8e2-c8e889704767,2026-07-18T07:00:00Z,2026-07-18T09:00:00+0200,82.67,EUR/MWh,ES,ES,day_ahead_price,value,2026-08-16T21:17:48Z
2026-08-16T21:11:07Z,2026-08-16T23:11:07+0200,bac882e5-42a3-48ea-b8e2-c8e889704767,2026-07-18T07:15:00Z,2026-07-18T09:15:00+0200,69.9,EUR/MWh,ES,ES,day_ahead_price,value,2026-08-16T21:17:48Z
2026-08-16T21:11:07Z,2026-08-16T23:11:07+0200,bac882e5-42a3-48ea-b8e2-c8e889704767,2026-07-18T07:30:00Z,2026-07-18T09:30:00+0200,30.0,EUR/MWh,ES,ES,day_ahead_price,value,2026-08-16T21:17:48Z
2026-08-16T21:11:07Z,2026-08-16T23:11:07+0200,bac882e5-42a3-48ea-b8e2-c8e889704767,2026-07-18T07:45:00Z,2026-07-18T09:45:00+0200,11.0,EUR/MWh,ES,ES,day_ahead_price,value,2026-08-16T21:17:48Z
2026-08-16T21:11:07Z,2026-08-16T23:11:07+0200,bac882e5-42a3-48ea-b8e2-c8e889704767,2026-07-18T08:00:00Z,2026-07-18T10:00:00+0200,22.99,EUR/MWh,ES,ES,day_ahead_price,value,2026-08-16T21:17:48Z
2026-08-16T21:11:07Z,2026-08-16T23:11:07+0200,bac882e5-42a3-48ea-b8e2-c8e889704767,2026-07-18T08:15:00Z,2026-07-18T10:15:00+0200,11.96,EUR/MWh,ES,ES,day_ahead_price,value,2026-08-16T21:17:48Z
2026-08-16T21:11:07Z,2026-08-16T23:11:07+0200,bac882e5-42a3-48ea-b8e2-c8e889704767,2026-07-18T08:30:00Z,2026-07-18T10:30:00+0200,4.99,EUR/MWh,ES,ES,day_ahead_price,value,2026-08-16T21:17:48Z
2026-08-16T21:11:07Z,2026-08-16T23:11:07+0200,bac882e5-42a3-48ea-b8e2-c8e889704767,2026-07-18T08:45:00Z,2026-07-18T10:45:00+0200,2.08,EUR/MWh,ES,ES,day_ahead_price,value,2026-08-16T21:17:48Z
2026-08-16T21:11:07Z,2026-08-16T23:11:07+0200,bac882e5-42a3-48ea-b8e2-c8e889704767,2026-07-18T09:00:00Z,2026-07-18T11:00:00+0200,1.49,EUR/MWh,ES,ES,day_ahead_price,value,2026-08-16T21:17:48Z
2026-08-16T21:11:07Z,2026-08-16T23:11:07+0200,bac882e5-42a3-48ea-b8e2-c8e889704767,2026-07-18T09:15:00Z,2026-07-18T11:15:00+0200,1.5,EUR/MWh,ES,ES,day_ahead_price,value,2026-08-16T21:17:48Z
2026-08-16T21:11:07Z,2026-08-16T23:11:07+0200,bac882e5-42a3-48ea-b8e2-c8e889704767,2026-07-18T09:30:00Z,2026-07-18T11:30:00+0200,1.2,EUR/MWh,ES,ES,day_ahead_price,value,2026-08-16T21:17:48Z
2026-08-16T21:11:07Z,2026-08-16T23:11:07+0200,bac882e5-42a3-48ea-b8e2-c8e889704767,2026-07-18T09:45:00Z,2026-07-18T11:45:00+0200,1.22,EUR/MWh,ES,ES,day_ahead_price,value,2026-08-16T21:17:48Z
2026-08-16T21:11:07Z,2026-08-16T23:11:07+0200,bac882e5-42a3-48ea-b8e2-c8e889704767,2026-07-18T10:00:00Z,2026-07-18T12:00:00+0200,0.72,EUR/MWh,ES,ES,day_ahead_price,value,2026-08-16T21:17:48Z
2026-08-16T21:11:07Z,2026-08-16T23:11:07+0200,bac882e5-42a3-48ea-b8e2-c8e889704767,2026-07-18T10:15:00Z,2026-07-18T12:15:00+0200,0.46,EUR/MWh,ES,ES,day_ahead_price,value,2026-08-16T21:17:48Z
2026-08-16T21:11:07Z,2026-08-16T23:11:07+0200,bac882e5-42a3-48ea-b8e2-c8e889704767,2026-07-18T10:30:00Z,2026-07-18T12:30:00+0200,0.36,EUR/MWh,ES,ES,day_ahead_price,value,2026-08-16T21:17:48Z
2026-08-16T21:11:07Z,2026-08-16T23:11:07+0200,bac882e5-42a3-48ea-b8e2-c8e889704767,2026-07-18T10:45:00Z,2026-07-18T12:45:00+0200,0.25,EUR/MWh,ES,ES,day_ahead_price,value,2026-08-16T21:17:48Z
2026-08-16T21:11:07Z,2026-08-16T23:11:07+0200,bac882e5-42a3-48ea-b8e2-c8e889704767,2026-07-18T11:00:00Z,2026-07-18T13:00:00+0200,0.0,EUR/MWh,ES,ES,day_ahead_price,value,2026-08-16T21:17:48Z
2026-08-16T21:11:07Z,2026-08-16T23:11:07+0200,bac882e5-42a3-48ea-b8e2-c8e889704767,2026-07-18T11:15:00Z,2026-07-18T13:15:00+0200,0.0,EUR/MWh,ES,ES,day_ahead_price,value,2026-08-16T21:17:48Z
2026-08-16T21:11:07Z,2026-08-16T23:11:07+0200,bac882e5-42a3-48ea-b8e2-c8e889704767,2026-07-18T11:30:00Z,2026-07-18T13:30:00+0200,0.0,EUR/MWh,ES,ES,day_ahead_price,value,2026-08-16T21:17:48Z
2026-08-16T21:11:07Z,2026-08-16T23:11:07+0200,bac882e5-42a3-48ea-b8e2-c8e889704767,2026-07-18T11:45:00Z,2026-07-18T13:45:00+0200,0.0,EUR/MWh,ES,ES,day_ahead_price,value,2026-08-16T21:17:48Z
2026-08-16T21:11:07Z,2026-08-16T23:11:07+0200,bac882e5-42a3-48ea-b8e2-c8e889704767,2026-07-18T12:00:00Z,2026-07-18T14:00:00+0200,0.0,EUR/MWh,ES,ES,day_ahead_price,value,2026-08-16T21:17:48Z
2026-08-16T21:11:07Z,2026-08-16T23:11:07+0200,bac882e5-42a3-48ea-b8e2-c8e889704767,2026-07-18T12:15:00Z,2026-07-18T14:15:00+0200,0.0,EUR/MWh,ES,ES,day_ahead_price,value,2026-08-16T21:17:48Z
2026-08-16T21:11:07Z,2026-08-16T23:11:07+0200,bac882e5-42a3-48ea-b8e2-c8e889704767,2026-07-18T12:30:00Z,2026-07-18T14:30:00+0200,0.0,EUR/MWh,ES,ES,day_ahead_price,value,2026-08-16T21:17:48Z
2026-08-16T21:11:07Z,2026-08-16T23:11:07+0200,bac882e5-42a3-48ea-b8e2-c8e889704767,2026-07-18T12:45:00Z,2026-07-18T14:45:00+0200,0.0,EUR/MWh,ES,ES,day_ahead_price,value,2026-08-16T21:17:48Z
2026-08-16T21:11:07Z,2026-08-16T23:11:07+0200,bac882e5-42a3-48ea-b8e2-c8e889704767,2026-07-18T13:00:00Z,2026-07-18T15:00:00+0200,0.0,EUR/MWh,ES,ES,day_ahead_price,value,2026-08-16T21:17:48Z
2026-08-16T21:11:07Z,2026-08-16T23:11:07+0200,bac882e5-42a3-48ea-b8e2-c8e889704767,2026-07-18T13:15:00Z,2026-07-18T15:15:00+0200,0.0,EUR/MWh,ES,ES,day_ahead_price,value,2026-08-16T21:17:48Z
2026-08-16T21:11:07Z,2026-08-16T23:11:07+0200,bac882e5-42a3-48ea-b8e2-c8e889704767,2026-07-18T13:30:00Z,2026-07-18T15:30:00+0200,0.29,EUR/MWh,ES,ES,day_ahead_price,value,2026-08-16T21:17:48Z
2026-08-16T21:11:07Z,2026-08-16T23:11:07+0200,bac882e5-42a3-48ea-b8e2-c8e889704767,2026-07-18T13:45:00Z,2026-07-18T15:45:00+0200,1.08,EUR/MWh,ES,ES,day_ahead_price,value,2026-08-16T21:17:48Z
2026-08-16T21:11:07Z,2026-08-16T23:11:07+0200,bac882e5-42a3-48ea-b8e2-c8e889704767,2026-07-18T14:00:00Z,2026-07-18T16:00:00+0200,0.51,EUR/MWh,ES,ES,day_ahead_price,value,2026-08-16T21:17:48Z
2026-08-16T21:11:07Z,2026-08-16T23:11:07+0200,bac882e5-42a3-48ea-b8e2-c8e889704767,2026-07-18T14:15:00Z,2026-07-18T16:15:00+0200,1.09,EUR/MWh,ES,ES,day_ahead_price,value,2026-08-16T21:17:48Z
2026-08-16T21:11:07Z,2026-08-16T23:11:07+0200,bac882e5-42a3-48ea-b8e2-c8e889704767,2026-07-18T14:30:00Z,2026-07-18T16:30:00+0200,1.15,EUR/MWh,ES,ES,day_ahead_price,value,2026-08-16T21:17:48Z
2026-08-16T21:11:07Z,2026-08-16T23:11:07+0200,bac882e5-42a3-48ea-b8e2-c8e889704767,2026-07-18T14:45:00Z,2026-07-18T16:45:00+0200,1.15,EUR/MWh,ES,ES,day_ahead_price,value,2026-08-16T21:17:48Z
2026-08-16T21:11:07Z,2026-08-16T23:11:07+0200,bac882e5-42a3-48ea-b8e2-c8e889704767,2026-07-18T15:00:00Z,2026-07-18T17:00:00+0200,1.68,EUR/MWh,ES,ES,day_ahead_price,value,2026-08-16T21:17:48Z
2026-08-16T21:11:07Z,2026-08-16T23:11:07+0200,bac882e5-42a3-48ea-b8e2-c8e889704767,2026-07-18T15:15:00Z,2026-07-18T17:15:00+0200,1.99,EUR/MWh,ES,ES,day_ahead_price,value,2026-08-16T21:17:48Z
2026-08-16T21:11:07Z,2026-08-16T23:11:07+0200,bac882e5-42a3-48ea-b8e2-c8e889704767,2026-07-18T15:30:00Z,2026-07-18T17:30:00+0200,2.76,EUR/MWh,ES,ES,day_ahead_price,value,2026-08-16T21:17:48Z
2026-08-16T21:11:07Z,2026-08-16T23:11:07+0200,bac882e5-42a3-48ea-b8e2-c8e889704767,2026-07-18T15:45:00Z,2026-07-18T17:45:00+0200,5.88,EUR/MWh,ES,ES,day_ahead_price,value,2026-08-16T21:17:48Z
2026-08-16T21:11:07Z,2026-08-16T23:11:07+0200,bac882e5-42a3-48ea-b8e2-c8e889704767,2026-07-18T16:00:00Z,2026-07-18T18:00:00+0200,16.55,EUR/MWh,ES,ES,day_ahead_price,value,2026-08-16T21:17:48Z
2026-08-16T21:11:07Z,2026-08-16T23:11:07+0200,bac882e5-42a3-48ea-b8e2-c8e889704767,2026-07-18T16:15:00Z,2026-07-18T18:15:00+0200,48.86,EUR/MWh,ES,ES,day_ahead_price,value,2026-08-16T21:17:48Z
2026-08-16T21:11:07Z,2026-08-16T23:11:07+0200,bac882e5-42a3-48ea-b8e2-c8e889704767,2026-07-18T16:30:00Z,2026-07-18T18:30:00+0200,79.01,EUR/MWh,ES,ES,day_ahead_price,value,2026-08-16T21:17:48Z
2026-08-16T21:11:07Z,2026-08-16T23:11:07+0200,bac882e5-42a3-48ea-b8e2-c8e889704767,2026-07-18T16:45:00Z,2026-07-18T18:45:00+0200,84.15,EUR/MWh,ES,ES,day_ahead_price,value,2026-08-16T21:17:48Z
2026-08-16T21:11:07Z,2026-08-16T23:11:07+0200,bac882e5-42a3-48ea-b8e2-c8e889704767,2026-07-18T17:00:00Z,2026-07-18T19:00:00+0200,82.5,EUR/MWh,ES,ES,day_ahead_price,value,2026-08-16T21:17:48Z
2026-08-16T21:11:07Z,2026-08-16T23:11:07+0200,bac882e5-42a3-48ea-b8e2-c8e889704767,2026-07-18T17:15:00Z,2026-07-18T19:15:00+0200,98.01,EUR/MWh,ES,ES,day_ahead_price,value,2026-08-16T21:17:48Z
2026-08-16T21:11:07Z,2026-08-16T23:11:07+0200,bac882e5-42a3-48ea-b8e2-c8e889704767,2026-07-18T17:30:00Z,2026-07-18T19:30:00+0200,106.2,EUR/MWh,ES,ES,day_ahead_price,value,2026-08-16T21:17:48Z
2026-08-16T21:11:07Z,2026-08-16T23:11:07+0200,bac882e5-42a3-48ea-b8e2-c8e889704767,2026-07-18T17:45:00Z,2026-07-18T19:45:00+0200,125.0,EUR/MWh,ES,ES,day_ahead_price,value,2026-08-16T21:17:48Z
2026-08-16T21:11:07Z,2026-08-16T23:11:07+0200,bac882e5-42a3-48ea-b8e2-c8e889704767,2026-07-18T18:00:00Z,2026-07-18T20:00:00+0200,119.78,EUR/MWh,ES,ES,day_ahead_price,value,2026-08-16T21:17:48Z
2026-08-16T21:11:07Z,2026-08-16T23:11:07+0200,bac882e5-42a3-48ea-b8e2-c8e889704767,2026-07-18T18:15:00Z,2026-07-18T20:15:00+0200,135.7,EUR/MWh,ES,ES,day_ahead_price,value,2026-08-16T21:17:48Z
2026-08-16T21:11:07Z,2026-08-16T23:11:07+0200,bac882e5-42a3-48ea-b8e2-c8e889704767,2026-07-18T18:30:00Z,2026-07-18T20:30:00+0200,144.43,EUR/MWh,ES,ES,day_ahead_price,value,2026-08-16T21:17:48Z
2026-08-16T21:11:07Z,2026-08-16T23:11:07+0200,bac882e5-42a3-48ea-b8e2-c8e889704767,2026-07-18T18:45:00Z,2026-07-18T20:45:00+0200,151.28,EUR/MWh,ES,ES,day_ahead_price,value,2026-08-16T21:17:48Z
2026-08-16T21:11:07Z,2026-08-16T23:11:07+0200,bac882e5-42a3-48ea-b8e2-c8e889704767,2026-07-18T19:00:00Z,2026-07-18T21:00:00+0200,150.0,EUR/MWh,ES,ES,day_ahead_price,value,2026-08-16T21:17:48Z
2026-08-16T21:11:07Z,2026-08-16T23:11:07+0200,bac882e5-42a3-48ea-b8e2-c8e889704767,2026-07-18T19:15:00Z,2026-07-18T21:15:00+0200,152.0,EUR/MWh,ES,ES,day_ahead_price,value,2026-08-16T21:17:48Z
2026-08-16T21:11:07Z,2026-08-16T23:11:07+0200,bac882e5-42a3-48ea-b8e2-c8e889704767,2026-07-18T19:30:00Z,2026-07-18T21:30:00+0200,154.3,EUR/MWh,ES,ES,day_ahead_price,value,2026-08-16T21:17:48Z
2026-08-16T21:11:07Z,2026-08-16T23:11:07+0200,bac882e5-42a3-48ea-b8e2-c8e889704767,2026-07-18T19:45:00Z,2026-07-18T21:45:00+0200,155.08,EUR/MWh,ES,ES,day_ahead_price,value,2026-08-16T21:17:48Z
2026-08-16T21:11:07Z,2026-08-16T23:11:07+0200,bac882e5-42a3-48ea-b8e2-c8e889704767,2026-07-18T20:00:00Z,2026-07-18T22:00:00+0200,155.55,EUR/MWh,ES,ES,day_ahead_price,value,2026-08-16T21:17:48Z
2026-08-16T21:11:07Z,2026-08-16T23:11:07+0200,bac882e5-42a3-48ea-b8e2-c8e889704767,2026-07-18T20:15:00Z,2026-07-18T22:15:00+0200,154.98,EUR/MWh,ES,ES,day_ahead_price,value,2026-08-16T21:17:48Z
2026-08-16T21:11:07Z,2026-08-16T23:11:07+0200,bac882e5-42a3-48ea-b8e2-c8e889704767,2026-07-18T20:30:00Z,2026-07-18T22:30:00+0200,154.88,EUR/MWh,ES,ES,day_ahead_price,value,2026-08-16T21:17:48Z
2026-08-16T21:11:07Z,2026-08-16T23:11:07+0200,bac882e5-42a3-48ea-b8e2-c8e889704767,2026-07-18T20:45:00Z,2026-07-18T22:45:00+0200,151.76,EUR/MWh,ES,ES,day_ahead_price,value,2026-08-16T21:17:48Z
2026-08-16T21:11:07Z,2026-08-16T23:11:07+0200,bac882e5-42a3-48ea-b8e2-c8e889704767,2026-07-18T21:00:00Z,2026-07-18T23:00:00+0200,152.0,EUR/MWh,ES,ES,day_ahead_price,value,2026-08-16T21:17:48Z
2026-08-16T21:11:07Z,2026-08-16T23:11:07+0200,bac882e5-42a3-48ea-b8e2-c8e889704767,2026-07-18T21:15:00Z,2026-07-18T23:15:00+0200,150.0,EUR/MWh,ES,ES,day_ahead_price,value,2026-08-16T21:17:48Z
2026-08-16T21:11:07Z,2026-08-16T23:11:07+0200,bac882e5-42a3-48ea-b8e2-c8e889704767,2026-07-18T21:30:00Z,2026-07-18T23:30:00+0200,147.62,EUR/MWh,ES,ES,day_ahead_price,value,2026-08-16T21:17:48Z
2026-08-16T21:11:07Z,2026-08-16T23:11:07+0200,bac882e5-42a3-48ea-b8e2-c8e889704767,2026-07-18T21:45:00Z,2026-07-18T23:45:00+0200,137.06,EUR/MWh,ES,ES,day_ahead_price,value,2026-08-16T21:17:48Z
2026-08-16T21:11:07Z,2026-08-16T23:11:07+0200,bac882e5-42a3-48ea-b8e2-c8e889704767,2026-07-18T22:00:00Z,2026-07-19T00:00:00+0200,166.0,EUR/MWh,ES,ES,day_ahead_price,value,2026-08-16T21:17:48Z
2026-08-16T21:11:07Z,2026-08-16T23:11:07+0200,bac882e5-42a3-48ea-b8e2-c8e889704767,2026-07-18T22:15:00Z,2026-07-19T00:15:00+0200,163.13,EUR/MWh,ES,ES,day_ahead_price,value,2026-08-16T21:17:48Z
2026-08-16T21:11:07Z,2026-08-16T23:11:07+0200,bac882e5-42a3-48ea-b8e2-c8e889704767,2026-07-18T22:30:00Z,2026-07-19T00:30:00+0200,163.13,EUR/MWh,ES,ES,day_ahead_price,value,2026-08-16T21:17:48Z
2026-08-16T21:11:07Z,2026-08-16T23:11:07+0200,bac882e5-42a3-48ea-b8e2-c8e889704767,2026-07-18T22:45:00Z,2026-07-19T00:45:00+0200,158.04,EUR/MWh,ES,ES,day_ahead_price,value,2026-08-16T21:17:48Z
2026-08-16T21:11:07Z,2026-08-16T23:11:07+0200,bac882e5-42a3-48ea-b8e2-c8e889704767,2026-07-18T23:00:00Z,2026-07-19T01:00:00+0200,163.13,EUR/MWh,ES,ES,day_ahead_price,value,2026-08-16T21:17:48Z
2026-08-16T21:11:07Z,2026-08-16T23:11:07+0200,bac882e5-42a3-48ea-b8e2-c8e889704767,2026-07-18T23:15:00Z,2026-07-19T01:15:00+0200,162.57,EUR/MWh,ES,ES,day_ahead_price,value,2026-08-16T21:17:48Z
2026-08-16T21:11:07Z,2026-08-16T23:11:07+0200,bac882e5-42a3-48ea-b8e2-c8e889704767,2026-07-18T23:30:00Z,2026-07-19T01:30:00+0200,160.07,EUR/MWh,ES,ES,day_ahead_price,value,2026-08-16T21:17:48Z
2026-08-16T21:11:07Z,2026-08-16T23:11:07+0200,bac882e5-42a3-48ea-b8e2-c8e889704767,2026-07-18T23:45:00Z,2026-07-19T01:45:00+0200,157.21,EUR/MWh,ES,ES,day_ahead_price,value,2026-08-16T21:17:48Z
2026-08-16T21:11:07Z,2026-08-16T23:11:07+0200,bac882e5-42a3-48ea-b8e2-c8e889704767,2026-07-19T00:00:00Z,2026-07-19T02:00:00+0200,161.86,EUR/MWh,ES,ES,day_ahead_price,value,2026-08-16T21:17:48Z
2026-08-16T21:11:07Z,2026-08-16T23:11:07+0200,bac882e5-42a3-48ea-b8e2-c8e889704767,2026-07-19T00:15:00Z,2026-07-19T02:15:00+0200,159.0,EUR/MWh,ES,ES,day_ahead_price,value,2026-08-16T21:17:48Z
2026-08-16T21:11:07Z,2026-08-16T23:11:07+0200,bac882e5-42a3-48ea-b8e2-c8e889704767,2026-07-19T00:30:00Z,2026-07-19T02:30:00+0200,157.18,EUR/MWh,ES,ES,day_ahead_price,value,2026-08-16T21:17:48Z
2026-08-16T21:11:07Z,2026-08-16T23:11:07+0200,bac882e5-42a3-48ea-b8e2-c8e889704767,2026-07-19T00:45:00Z,2026-07-19T02:45:00+0200,157.18,EUR/MWh,ES,ES,day_ahead_price,value,2026-08-16T21:17:48Z
2026-08-16T21:11:07Z,2026-08-16T23:11:07+0200,bac882e5-42a3-48ea-b8e2-c8e889704767,2026-07-19T01:00:00Z,2026-07-19T03:00:00+0200,156.5,EUR/MWh,ES,ES,day_ahead_price,value,2026-08-16T21:17:48Z
2026-08-16T21:11:07Z,2026-08-16T23:11:07+0200,bac882e5-42a3-48ea-b8e2-c8e889704767,2026-07-19T01:15:00Z,2026-07-19T03:15:00+0200,155.0,EUR/MWh,ES,ES,day_ahead_price,value,2026-08-16T21:17:48Z
2026-08-16T21:11:07Z,2026-08-16T23:11:07+0200,bac882e5-42a3-48ea-b8e2-c8e889704767,2026-07-19T01:30:00Z,2026-07-19T03:30:00+0200,155.0,EUR/MWh,ES,ES,day_ahead_price,value,2026-08-16T21:17:48Z
2026-08-16T21:11:07Z,2026-08-16T23:11:07+0200,bac882e5-42a3-48ea-b8e2-c8e889704767,2026-07-19T01:45:00Z,2026-07-19T03:45:00+0200,155.0,EUR/MWh,ES,ES,day_ahead_price,value,2026-08-16T21:17:48Z
2026-08-16T21:11:07Z,2026-08-16T23:11:07+0200,bac882e5-42a3-48ea-b8e2-c8e889704767,2026-07-19T02:00:00Z,2026-07-19T04:00:00+0200,152.07,EUR/MWh,ES,ES,day_ahead_price,value,2026-08-16T21:17:48Z
2026-08-16T21:11:07Z,2026-08-16T23:11:07+0200,bac882e5-42a3-48ea-b8e2-c8e889704767,2026-07-19T02:15:00Z,2026-07-19T04:15:00+0200,152.07,EUR/MWh,ES,ES,day_ahead_price,value,2026-08-16T21:17:48Z
2026-08-16T21:11:07Z,2026-08-16T23:11:07+0200,bac882e5-42a3-48ea-b8e2-c8e889704767,2026-07-19T02:30:00Z,2026-07-19T04:30:00+0200,154.78,EUR/MWh,ES,ES,day_ahead_price,value,2026-08-16T21:17:48Z
2026-08-16T21:11:07Z,2026-08-16T23:11:07+0200,bac882e5-42a3-48ea-b8e2-c8e889704767,2026-07-19T02:45:00Z,2026-07-19T04:45:00+0200,155.0,EUR/MWh,ES,ES,day_ahead_price,value,2026-08-16T21:17:48Z
2026-08-16T21:11:07Z,2026-08-16T23:11:07+0200,bac882e5-42a3-48ea-b8e2-c8e889704767,2026-07-19T03:00:00Z,2026-07-19T05:00:00+0200,157.15,EUR/MWh,ES,ES,day_ahead_price,value,2026-08-16T21:17:48Z
2026-08-16T21:11:07Z,2026-08-16T23:11:07+0200,bac882e5-42a3-48ea-b8e2-c8e889704767,2026-07-19T03:15:00Z,2026-07-19T05:15:00+0200,157.15,EUR/MWh,ES,ES,day_ahead_price,value,2026-08-16T21:17:48Z
2026-08-16T21:11:07Z,2026-08-16T23:11:07+0200,bac882e5-42a3-48ea-b8e2-c8e889704767,2026-07-19T03:30:00Z,2026-07-19T05:30:00+0200,157.15,EUR/MWh,ES,ES,day_ahead_price,value,2026-08-16T21:17:48Z
2026-08-16T21:11:07Z,2026-08-16T23:11:07+0200,bac882e5-42a3-48ea-b8e2-c8e889704767,2026-07-19T03:45:00Z,2026-07-19T05:45:00+0200,158.55,EUR/MWh,ES,ES,day_ahead_price,value,2026-08-16T21:17:48Z
2026-08-16T21:11:07Z,2026-08-16T23:11:07+0200,bac882e5-42a3-48ea-b8e2-c8e889704767,2026-07-19T04:00:00Z,2026-07-19T06:00:00+0200,158.55,EUR/MWh,ES,ES,day_ahead_price,value,2026-08-16T21:17:48Z
2026-08-16T21:11:07Z,2026-08-16T23:11:07+0200,bac882e5-42a3-48ea-b8e2-c8e889704767,2026-07-19T04:15:00Z,2026-07-19T06:15:00+0200,160.07,EUR/MWh,ES,ES,day_ahead_price,value,2026-08-16T21:17:48Z
2026-08-16T21:11:07Z,2026-08-16T23:11:07+0200,bac882e5-42a3-48ea-b8e2-c8e889704767,2026-07-19T04:30:00Z,2026-07-19T06:30:00+0200,162.57,EUR/MWh,ES,ES,day_ahead_price,value,2026-08-16T21:17:48Z
2026-08-16T21:11:07Z,2026-08-16T23:11:07+0200,bac882e5-42a3-48ea-b8e2-c8e889704767,2026-07-19T04:45:00Z,2026-07-19T06:45:00+0200,163.13,EUR/MWh,ES,ES,day_ahead_price,value,2026-08-16T21:17:48Z
2026-08-16T21:11:07Z,2026-08-16T23:11:07+0200,bac882e5-42a3-48ea-b8e2-c8e889704767,2026-07-19T05:00:00Z,2026-07-19T07:00:00+0200,166.0,EUR/MWh,ES,ES,day_ahead_price,value,2026-08-16T21:17:48Z
2026-08-16T21:11:07Z,2026-08-16T23:11:07+0200,bac882e5-42a3-48ea-b8e2-c8e889704767,2026-07-19T05:15:00Z,2026-07-19T07:15:00+0200,160.07,EUR/MWh,ES,ES,day_ahead_price,value,2026-08-16T21:17:48Z
2026-08-16T21:11:07Z,2026-08-16T23:11:07+0200,bac882e5-42a3-48ea-b8e2-c8e889704767,2026-07-19T05:30:00Z,2026-07-19T07:30:00+0200,152.07,EUR/MWh,ES,ES,day_ahead_price,value,2026-08-16T21:17:48Z
2026-08-16T21:11:07Z,2026-08-16T23:11:07+0200,bac882e5-42a3-48ea-b8e2-c8e889704767,2026-07-19T05:45:00Z,2026-07-19T07:45:00+0200,135.1,EUR/MWh,ES,ES,day_ahead_price,value,2026-08-16T21:17:48Z
2026-08-16T21:11:07Z,2026-08-16T23:11:07+0200,bac882e5-42a3-48ea-b8e2-c8e889704767,2026-07-19T06:00:00Z,2026-07-19T08:00:00+0200,129.49,EUR/MWh,ES,ES,day_ahead_price,value,2026-08-16T21:17:48Z
2026-08-16T21:11:07Z,2026-08-16T23:11:07+0200,bac882e5-42a3-48ea-b8e2-c8e889704767,2026-07-19T06:15:00Z,2026-07-19T08:15:00+0200,110.0,EUR/MWh,ES,ES,day_ahead_price,value,2026-08-16T21:17:48Z
2026-08-16T21:11:07Z,2026-08-16T23:11:07+0200,bac882e5-42a3-48ea-b8e2-c8e889704767,2026-07-19T06:30:00Z,2026-07-19T08:30:00+0200,98.96,EUR/MWh,ES,ES,day_ahead_price,value,2026-08-16T21:17:48Z
2026-08-16T21:11:07Z,2026-08-16T23:11:07+0200,bac882e5-42a3-48ea-b8e2-c8e889704767,2026-07-19T06:45:00Z,2026-07-19T08:45:00+0200,82.4,EUR/MWh,ES,ES,day_ahead_price,value,2026-08-16T21:17:48Z
2026-08-16T21:11:07Z,2026-08-16T23:11:07+0200,bac882e5-42a3-48ea-b8e2-c8e889704767,2026-07-19T07:00:00Z,2026-07-19T09:00:00+0200,80.93,EUR/MWh,ES,ES,day_ahead_price,value,2026-08-16T21:17:48Z
2026-08-16T21:11:07Z,2026-08-16T23:11:07+0200,bac882e5-42a3-48ea-b8e2-c8e889704767,2026-07-19T07:15:00Z,2026-07-19T09:15:00+0200,50.0,EUR/MWh,ES,ES,day_ahead_price,value,2026-08-16T21:17:48Z
2026-08-16T21:11:07Z,2026-08-16T23:11:07+0200,bac882e5-42a3-48ea-b8e2-c8e889704767,2026-07-19T07:30:00Z,2026-07-19T09:30:00+0200,5.88,EUR/MWh,ES,ES,day_ahead_price,value,2026-08-16T21:17:48Z
2026-08-16T21:11:07Z,2026-08-16T23:11:07+0200,bac882e5-42a3-48ea-b8e2-c8e889704767,2026-07-19T07:45:00Z,2026-07-19T09:45:00+0200,1.08,EUR/MWh,ES,ES,day_ahead_price,value,2026-08-16T21:17:48Z
2026-08-16T21:11:07Z,2026-08-16T23:11:07+0200,bac882e5-42a3-48ea-b8e2-c8e889704767,2026-07-19T08:00:00Z,2026-07-19T10:00:00+0200,1.03,EUR/MWh,ES,ES,day_ahead_price,value,2026-08-16T21:17:48Z
2026-08-16T21:11:07Z,2026-08-16T23:11:07+0200,bac882e5-42a3-48ea-b8e2-c8e889704767,2026-07-19T08:15:00Z,2026-07-19T10:15:00+0200,0.2,EUR/MWh,ES,ES,day_ahead_price,value,2026-08-16T21:17:48Z
2026-08-16T21:11:07Z,2026-08-16T23:11:07+0200,bac882e5-42a3-48ea-b8e2-c8e889704767,2026-07-19T08:30:00Z,2026-07-19T10:30:00+0200,0.0,EUR/MWh,ES,ES,day_ahead_price,value,2026-08-16T21:17:48Z
2026-08-16T21:11:07Z,2026-08-16T23:11:07+0200,bac882e5-42a3-48ea-b8e2-c8e889704767,2026-07-19T08:45:00Z,2026-07-19T10:45:00+0200,0.0,EUR/MWh,ES,ES,day_ahead_price,value,2026-08-16T21:17:48Z
2026-08-16T21:11:07Z,2026-08-16T23:11:07+0200,bac882e5-42a3-48ea-b8e2-c8e889704767,2026-07-19T09:00:00Z,2026-07-19T11:00:00+0200,0.0,EUR/MWh,ES,ES,day_ahead_price,value,2026-08-16T21:17:48Z
2026-08-16T21:11:07Z,2026-08-16T23:11:07+0200,bac882e5-42a3-48ea-b8e2-c8e889704767,2026-07-19T09:15:00Z,2026-07-19T11:15:00+0200,0.0,EUR/MWh,ES,ES,day_ahead_price,value,2026-08-16T21:17:48Z
2026-08-16T21:11:07Z,2026-08-16T23:11:07+0200,bac882e5-42a3-48ea-b8e2-c8e889704767,2026-07-19T09:30:00Z,2026-07-19T11:30:00+0200,-0.01,EUR/MWh,ES,ES,day_ahead_price,value,2026-08-16T21:17:48Z
2026-08-16T21:11:07Z,2026-08-16T23:11:07+0200,bac882e5-42a3-48ea-b8e2-c8e889704767,2026-07-19T09:45:00Z,2026-07-19T11:45:00+0200,-0.01,EUR/MWh,ES,ES,day_ahead_price,value,2026-08-16T21:17:48Z
2026-08-16T21:11:07Z,2026-08-16T23:11:07+0200,bac882e5-42a3-48ea-b8e2-c8e889704767,2026-07-19T10:00:00Z,2026-07-19T12:00:00+0200,-0.01,EUR/MWh,ES,ES,day_ahead_price,value,2026-08-16T21:17:48Z
2026-08-16T21:11:07Z,2026-08-16T23:11:07+0200,bac882e5-42a3-48ea-b8e2-c8e889704767,2026-07-19T10:15:00Z,2026-07-19T12:15:00+0200,-0.01,EUR/MWh,ES,ES,day_ahead_price,value,2026-08-16T21:17:48Z
2026-08-16T21:11:07Z,2026-08-16T23:11:07+0200,bac882e5-42a3-48ea-b8e2-c8e889704767,2026-07-19T10:30:00Z,2026-07-19T12:30:00+0200,-0.01,EUR/MWh,ES,ES,day_ahead_price,value,2026-08-16T21:17:48Z
2026-08-16T21:11:07Z,2026-08-16T23:11:07+0200,bac882e5-42a3-48ea-b8e2-c8e889704767,2026-07-19T10:45:00Z,2026-07-19T12:45:00+0200,-0.01,EUR/MWh,ES,ES,day_ahead_price,value,2026-08-16T21:17:48Z
2026-08-16T21:11:07Z,2026-08-16T23:11:07+0200,bac882e5-42a3-48ea-b8e2-c8e889704767,2026-07-19T11:00:00Z,2026-07-19T13:00:00+0200,0.0,EUR/MWh,ES,ES,day_ahead_price,value,2026-08-16T21:17:48Z
2026-08-16T21:11:07Z,2026-08-16T23:11:07+0200,bac882e5-42a3-48ea-b8e2-c8e889704767,2026-07-19T11:15:00Z,2026-07-19T13:15:00+0200,0.0,EUR/MWh,ES,ES,day_ahead_price,value,2026-08-16T21:17:48Z
2026-08-16T21:11:07Z,2026-08-16T23:11:07+0200,bac882e5-42a3-48ea-b8e2-c8e889704767,2026-07-19T11:30:00Z,2026-07-19T13:30:00+0200,0.0,EUR/MWh,ES,ES,day_ahead_price,value,2026-08-16T21:17:48Z
2026-08-16T21:11:07Z,2026-08-16T23:11:07+0200,bac882e5-42a3-48ea-b8e2-c8e889704767,2026-07-19T11:45:00Z,2026-07-19T13:45:00+0200,0.0,EUR/MWh,ES,ES,day_ahead_price,value,2026-08-16T21:17:48Z
2026-08-16T21:11:07Z,2026-08-16T23:11:07+0200,bac882e5-42a3-48ea-b8e2-c8e889704767,2026-07-19T12:00:00Z,2026-07-19T14:00:00+0200,0.0,EUR/MWh,ES,ES,day_ahead_price,value,2026-08-16T21:17:48Z
2026-08-16T21:11:07Z,2026-08-16T23:11:07+0200,bac882e5-42a3-48ea-b8e2-c8e889704767,2026-07-19T12:15:00Z,2026-07-19T14:15:00+0200,0.0,EUR/MWh,ES,ES,day_ahead_price,value,2026-08-16T21:17:48Z
2026-08-16T21:11:07Z,2026-08-16T23:11:07+0200,bac882e5-42a3-48ea-b8e2-c8e889704767,2026-07-19T12:30:00Z,2026-07-19T14:30:00+0200,0.0,EUR/MWh,ES,ES,day_ahead_price,value,2026-08-16T21:17:48Z
2026-08-16T21:11:07Z,2026-08-16T23:11:07+0200,bac882e5-42a3-48ea-b8e2-c8e889704767,2026-07-19T12:45:00Z,2026-07-19T14:45:00+0200,0.0,EUR/MWh,ES,ES,day_ahead_price,value,2026-08-16T21:17:48Z
2026-08-16T21:11:07Z,2026-08-16T23:11:07+0200,bac882e5-42a3-48ea-b8e2-c8e889704767,2026-07-19T13:00:00Z,2026-07-19T15:00:00+0200,-0.01,EUR/MWh,ES,ES,day_ahead_price,value,2026-08-16T21:17:48Z
2026-08-16T21:11:07Z,2026-08-16T23:11:07+0200,bac882e5-42a3-48ea-b8e2-c8e889704767,2026-07-19T13:15:00Z,2026-07-19T15:15:00+0200,-0.01,EUR/MWh,ES,ES,day_ahead_price,value,2026-08-16T21:17:48Z
2026-08-16T21:11:07Z,2026-08-16T23:11:07+0200,bac882e5-42a3-48ea-b8e2-c8e889704767,2026-07-19T13:30:00Z,2026-07-19T15:30:00+0200,-0.02,EUR/MWh,ES,ES,day_ahead_price,value,2026-08-16T21:17:48Z
2026-08-16T21:11:07Z,2026-08-16T23:11:07+0200,bac882e5-42a3-48ea-b8e2-c8e889704767,2026-07-19T13:45:00Z,2026-07-19T15:45:00+0200,-0.02,EUR/MWh,ES,ES,day_ahead_price,value,2026-08-16T21:17:48Z
2026-08-16T21:11:07Z,2026-08-16T23:11:07+0200,bac882e5-42a3-48ea-b8e2-c8e889704767,2026-07-19T14:00:00Z,2026-07-19T16:00:00+0200,-0.07,EUR/MWh,ES,ES,day_ahead_price,value,2026-08-16T21:17:48Z
2026-08-16T21:11:07Z,2026-08-16T23:11:07+0200,bac882e5-42a3-48ea-b8e2-c8e889704767,2026-07-19T14:15:00Z,2026-07-19T16:15:00+0200,-0.05,EUR/MWh,ES,ES,day_ahead_price,value,2026-08-16T21:17:48Z
2026-08-16T21:11:07Z,2026-08-16T23:11:07+0200,bac882e5-42a3-48ea-b8e2-c8e889704767,2026-07-19T14:30:00Z,2026-07-19T16:30:00+0200,-0.01,EUR/MWh,ES,ES,day_ahead_price,value,2026-08-16T21:17:48Z
2026-08-16T21:11:07Z,2026-08-16T23:11:07+0200,bac882e5-42a3-48ea-b8e2-c8e889704767,2026-07-19T14:45:00Z,2026-07-19T16:45:00+0200,-0.01,EUR/MWh,ES,ES,day_ahead_price,value,2026-08-16T21:17:48Z
2026-08-16T21:11:07Z,2026-08-16T23:11:07+0200,bac882e5-42a3-48ea-b8e2-c8e889704767,2026-07-19T15:00:00Z,2026-07-19T17:00:00+0200,0.0,EUR/MWh,ES,ES,day_ahead_price,value,2026-08-16T21:17:48Z
2026-08-16T21:11:07Z,2026-08-16T23:11:07+0200,bac882e5-42a3-48ea-b8e2-c8e889704767,2026-07-19T15:15:00Z,2026-07-19T17:15:00+0200,0.0,EUR/MWh,ES,ES,day_ahead_price,value,2026-08-16T21:17:48Z
2026-08-16T21:11:07Z,2026-08-16T23:11:07+0200,bac882e5-42a3-48ea-b8e2-c8e889704767,2026-07-19T15:30:00Z,2026-07-19T17:30:00+0200,0.0,EUR/MWh,ES,ES,day_ahead_price,value,2026-08-16T21:17:48Z
2026-08-16T21:11:07Z,2026-08-16T23:11:07+0200,bac882e5-42a3-48ea-b8e2-c8e889704767,2026-07-19T15:45:00Z,2026-07-19T17:45:00+0200,0.01,EUR/MWh,ES,ES,day_ahead_price,value,2026-08-16T21:17:48Z
2026-08-16T21:11:07Z,2026-08-16T23:11:07+0200,bac882e5-42a3-48ea-b8e2-c8e889704767,2026-07-19T16:00:00Z,2026-07-19T18:00:00+0200,1.08,EUR/MWh,ES,ES,day_ahead_price,value,2026-08-16T21:17:48Z
2026-08-16T21:11:07Z,2026-08-16T23:11:07+0200,bac882e5-42a3-48ea-b8e2-c8e889704767,2026-07-19T16:15:00Z,2026-07-19T18:15:00+0200,3.43,EUR/MWh,ES,ES,day_ahead_price,value,2026-08-16T21:17:48Z
2026-08-16T21:11:07Z,2026-08-16T23:11:07+0200,bac882e5-42a3-48ea-b8e2-c8e889704767,2026-07-19T16:30:00Z,2026-07-19T18:30:00+0200,20.0,EUR/MWh,ES,ES,day_ahead_price,value,2026-08-16T21:17:48Z
2026-08-16T21:11:07Z,2026-08-16T23:11:07+0200,bac882e5-42a3-48ea-b8e2-c8e889704767,2026-07-19T16:45:00Z,2026-07-19T18:45:00+0200,50.0,EUR/MWh,ES,ES,day_ahead_price,value,2026-08-16T21:17:48Z
2026-08-16T21:11:07Z,2026-08-16T23:11:07+0200,bac882e5-42a3-48ea-b8e2-c8e889704767,2026-07-19T17:00:00Z,2026-07-19T19:00:00+0200,76.86,EUR/MWh,ES,ES,day_ahead_price,value,2026-08-16T21:17:48Z
2026-08-16T21:11:07Z,2026-08-16T23:11:07+0200,bac882e5-42a3-48ea-b8e2-c8e889704767,2026-07-19T17:15:00Z,2026-07-19T19:15:00+0200,94.0,EUR/MWh,ES,ES,day_ahead_price,value,2026-08-16T21:17:48Z
2026-08-16T21:11:07Z,2026-08-16T23:11:07+0200,bac882e5-42a3-48ea-b8e2-c8e889704767,2026-07-19T17:30:00Z,2026-07-19T19:30:00+0200,104.02,EUR/MWh,ES,ES,day_ahead_price,value,2026-08-16T21:17:48Z
2026-08-16T21:11:07Z,2026-08-16T23:11:07+0200,bac882e5-42a3-48ea-b8e2-c8e889704767,2026-07-19T17:45:00Z,2026-07-19T19:45:00+0200,123.1,EUR/MWh,ES,ES,day_ahead_price,value,2026-08-16T21:17:48Z
2026-08-16T21:11:07Z,2026-08-16T23:11:07+0200,bac882e5-42a3-48ea-b8e2-c8e889704767,2026-07-19T18:00:00Z,2026-07-19T20:00:00+0200,120.02,EUR/MWh,ES,ES,day_ahead_price,value,2026-08-16T21:17:48Z
2026-08-16T21:11:07Z,2026-08-16T23:11:07+0200,bac882e5-42a3-48ea-b8e2-c8e889704767,2026-07-19T18:15:00Z,2026-07-19T20:15:00+0200,140.25,EUR/MWh,ES,ES,day_ahead_price,value,2026-08-16T21:17:48Z
2026-08-16T21:11:07Z,2026-08-16T23:11:07+0200,bac882e5-42a3-48ea-b8e2-c8e889704767,2026-07-19T18:30:00Z,2026-07-19T20:30:00+0200,151.48,EUR/MWh,ES,ES,day_ahead_price,value,2026-08-16T21:17:48Z
2026-08-16T21:11:07Z,2026-08-16T23:11:07+0200,bac882e5-42a3-48ea-b8e2-c8e889704767,2026-07-19T18:45:00Z,2026-07-19T20:45:00+0200,157.85,EUR/MWh,ES,ES,day_ahead_price,value,2026-08-16T21:17:48Z
2026-08-16T21:11:07Z,2026-08-16T23:11:07+0200,bac882e5-42a3-48ea-b8e2-c8e889704767,2026-07-19T19:00:00Z,2026-07-19T21:00:00+0200,166.68,EUR/MWh,ES,ES,day_ahead_price,value,2026-08-16T21:17:48Z
2026-08-16T21:11:07Z,2026-08-16T23:11:07+0200,bac882e5-42a3-48ea-b8e2-c8e889704767,2026-07-19T19:15:00Z,2026-07-19T21:15:00+0200,173.18,EUR/MWh,ES,ES,day_ahead_price,value,2026-08-16T21:17:48Z
2026-08-16T21:11:07Z,2026-08-16T23:11:07+0200,bac882e5-42a3-48ea-b8e2-c8e889704767,2026-07-19T19:30:00Z,2026-07-19T21:30:00+0200,174.5,EUR/MWh,ES,ES,day_ahead_price,value,2026-08-16T21:17:48Z
2026-08-16T21:11:07Z,2026-08-16T23:11:07+0200,bac882e5-42a3-48ea-b8e2-c8e889704767,2026-07-19T19:45:00Z,2026-07-19T21:45:00+0200,174.5,EUR/MWh,ES,ES,day_ahead_price,value,2026-08-16T21:17:48Z
2026-08-16T21:11:07Z,2026-08-16T23:11:07+0200,bac882e5-42a3-48ea-b8e2-c8e889704767,2026-07-19T20:00:00Z,2026-07-19T22:00:00+0200,176.02,EUR/MWh,ES,ES,day_ahead_price,value,2026-08-16T21:17:48Z
2026-08-16T21:11:07Z,2026-08-16T23:11:07+0200,bac882e5-42a3-48ea-b8e2-c8e889704767,2026-07-19T20:15:00Z,2026-07-19T22:15:00+0200,178.01,EUR/MWh,ES,ES,day_ahead_price,value,2026-08-16T21:17:48Z
2026-08-16T21:11:07Z,2026-08-16T23:11:07+0200,bac882e5-42a3-48ea-b8e2-c8e889704767,2026-07-19T20:30:00Z,2026-07-19T22:30:00+0200,174.5,EUR/MWh,ES,ES,day_ahead_price,value,2026-08-16T21:17:48Z
2026-08-16T21:11:07Z,2026-08-16T23:11:07+0200,bac882e5-42a3-48ea-b8e2-c8e889704767,2026-07-19T20:45:00Z,2026-07-19T22:45:00+0200,174.5,EUR/MWh,ES,ES,day_ahead_price,value,2026-08-16T21:17:48Z
2026-08-16T21:11:07Z,2026-08-16T23:11:07+0200,bac882e5-42a3-48ea-b8e2-c8e889704767,2026-07-19T21:00:00Z,2026-07-19T23:00:00+0200,174.0,EUR/MWh,ES,ES,day_ahead_price,value,2026-08-16T21:17:48Z
2026-08-16T21:11:07Z,2026-08-16T23:11:07+0200,bac882e5-42a3-48ea-b8e2-c8e889704767,2026-07-19T21:15:00Z,2026-07-19T23:15:00+0200,173.0,EUR/MWh,ES,ES,day_ahead_price,value,2026-08-16T21:17:48Z
2026-08-16T21:11:07Z,2026-08-16T23:11:07+0200,bac882e5-42a3-48ea-b8e2-c8e889704767,2026-07-19T21:30:00Z,2026-07-19T23:30:00+0200,172.0,EUR/MWh,ES,ES,day_ahead_price,value,2026-08-16T21:17:48Z
2026-08-16T21:11:07Z,2026-08-16T23:11:07+0200,bac882e5-42a3-48ea-b8e2-c8e889704767,2026-07-19T21:45:00Z,2026-07-19T23:45:00+0200,170.0,EUR/MWh,ES,ES,day_ahead_price,value,2026-08-16T21:17:48Z
2026-08-16T21:11:07Z,2026-08-16T23:11:07+0200,bac882e5-42a3-48ea-b8e2-c8e889704767,2026-07-19T22:00:00Z,2026-07-20T00:00:00+0200,168.0,EUR/MWh,ES,ES,day_ahead_price,value,2026-08-16T21:17:48Z
2026-08-16T21:11:07Z,2026-08-16T23:11:07+0200,bac882e5-42a3-48ea-b8e2-c8e889704767,2026-07-19T22:15:00Z,2026-07-20T00:15:00+0200,166.0,EUR/MWh,ES,ES,day_ahead_price,value,2026-08-16T21:17:48Z
2026-08-16T21:11:07Z,2026-08-16T23:11:07+0200,bac882e5-42a3-48ea-b8e2-c8e889704767,2026-07-19T22:30:00Z,2026-07-20T00:30:00+0200,161.81,EUR/MWh,ES,ES,day_ahead_price,value,2026-08-16T21:17:48Z
2026-08-16T21:11:07Z,2026-08-16T23:11:07+0200,bac882e5-42a3-48ea-b8e2-c8e889704767,2026-07-19T22:45:00Z,2026-07-20T00:45:00+0200,161.44,EUR/MWh,ES,ES,day_ahead_price,value,2026-08-16T21:17:48Z
2026-08-16T21:11:07Z,2026-08-16T23:11:07+0200,bac882e5-42a3-48ea-b8e2-c8e889704767,2026-07-19T23:00:00Z,2026-07-20T01:00:00+0200,160.63,EUR/MWh,ES,ES,day_ahead_price,value,2026-08-16T21:17:48Z
2026-08-16T21:11:07Z,2026-08-16T23:11:07+0200,bac882e5-42a3-48ea-b8e2-c8e889704767,2026-07-19T23:15:00Z,2026-07-20T01:15:00+0200,159.86,EUR/MWh,ES,ES,day_ahead_price,value,2026-08-16T21:17:48Z
2026-08-16T21:11:07Z,2026-08-16T23:11:07+0200,bac882e5-42a3-48ea-b8e2-c8e889704767,2026-07-19T23:30:00Z,2026-07-20T01:30:00+0200,159.8,EUR/MWh,ES,ES,day_ahead_price,value,2026-08-16T21:17:48Z
2026-08-16T21:11:07Z,2026-08-16T23:11:07+0200,bac882e5-42a3-48ea-b8e2-c8e889704767,2026-07-19T23:45:00Z,2026-07-20T01:45:00+0200,159.0,EUR/MWh,ES,ES,day_ahead_price,value,2026-08-16T21:17:48Z
2026-08-16T21:11:07Z,2026-08-16T23:11:07+0200,bac882e5-42a3-48ea-b8e2-c8e889704767,2026-07-20T00:00:00Z,2026-07-20T02:00:00+0200,159.0,EUR/MWh,ES,ES,day_ahead_price,value,2026-08-16T21:17:48Z
2026-08-16T21:11:07Z,2026-08-16T23:11:07+0200,bac882e5-42a3-48ea-b8e2-c8e889704767,2026-07-20T00:15:00Z,2026-07-20T02:15:00+0200,159.0,EUR/MWh,ES,ES,day_ahead_price,value,2026-08-16T21:17:48Z
2026-08-16T21:11:07Z,2026-08-16T23:11:07+0200,bac882e5-42a3-48ea-b8e2-c8e889704767,2026-07-20T00:30:00Z,2026-07-20T02:30:00+0200,159.0,EUR/MWh,ES,ES,day_ahead_price,value,2026-08-16T21:17:48Z
2026-08-16T21:11:07Z,2026-08-16T23:11:07+0200,bac882e5-42a3-48ea-b8e2-c8e889704767,2026-07-20T00:45:00Z,2026-07-20T02:45:00+0200,158.76,EUR/MWh,ES,ES,day_ahead_price,value,2026-08-16T21:17:48Z
2026-08-16T21:11:07Z,2026-08-16T23:11:07+0200,bac882e5-42a3-48ea-b8e2-c8e889704767,2026-07-20T01:00:00Z,2026-07-20T03:00:00+0200,158.52,EUR/MWh,ES,ES,day_ahead_price,value,2026-08-16T21:17:48Z
2026-08-16T21:11:07Z,2026-08-16T23:11:07+0200,bac882e5-42a3-48ea-b8e2-c8e889704767,2026-07-20T01:15:00Z,2026-07-20T03:15:00+0200,158.52,EUR/MWh,ES,ES,day_ahead_price,value,2026-08-16T21:17:48Z
2026-08-16T21:11:07Z,2026-08-16T23:11:07+0200,bac882e5-42a3-48ea-b8e2-c8e889704767,2026-07-20T01:30:00Z,2026-07-20T03:30:00+0200,158.76,EUR/MWh,ES,ES,day_ahead_price,value,2026-08-16T21:17:48Z
2026-08-16T21:11:07Z,2026-08-16T23:11:07+0200,bac882e5-42a3-48ea-b8e2-c8e889704767,2026-07-20T01:45:00Z,2026-07-20T03:45:00+0200,158.76,EUR/MWh,ES,ES,day_ahead_price,value,2026-08-16T21:17:48Z
2026-08-16T21:11:07Z,2026-08-16T23:11:07+0200,bac882e5-42a3-48ea-b8e2-c8e889704767,2026-07-20T02:00:00Z,2026-07-20T04:00:00+0200,158.52,EUR/MWh,ES,ES,day_ahead_price,value,2026-08-16T21:17:48Z
2026-08-16T21:11:07Z,2026-08-16T23:11:07+0200,bac882e5-42a3-48ea-b8e2-c8e889704767,2026-07-20T02:15:00Z,2026-07-20T04:15:00+0200,158.76,EUR/MWh,ES,ES,day_ahead_price,value,2026-08-16T21:17:48Z
2026-08-16T21:11:07Z,2026-08-16T23:11:07+0200,bac882e5-42a3-48ea-b8e2-c8e889704767,2026-07-20T02:30:00Z,2026-07-20T04:30:00+0200,159.0,EUR/MWh,ES,ES,day_ahead_price,value,2026-08-16T21:17:48Z
2026-08-16T21:11:07Z,2026-08-16T23:11:07+0200,bac882e5-42a3-48ea-b8e2-c8e889704767,2026-07-20T02:45:00Z,2026-07-20T04:45:00+0200,159.86,EUR/MWh,ES,ES,day_ahead_price,value,2026-08-16T21:17:48Z
2026-08-16T21:11:07Z,2026-08-16T23:11:07+0200,bac882e5-42a3-48ea-b8e2-c8e889704767,2026-07-20T03:00:00Z,2026-07-20T05:00:00+0200,159.86,EUR/MWh,ES,ES,day_ahead_price,value,2026-08-16T21:17:48Z
2026-08-16T21:11:07Z,2026-08-16T23:11:07+0200,bac882e5-42a3-48ea-b8e2-c8e889704767,2026-07-20T03:15:00Z,2026-07-20T05:15:00+0200,160.63,EUR/MWh,ES,ES,day_ahead_price,value,2026-08-16T21:17:48Z
2026-08-16T21:11:07Z,2026-08-16T23:11:07+0200,bac882e5-42a3-48ea-b8e2-c8e889704767,2026-07-20T03:30:00Z,2026-07-20T05:30:00+0200,161.44,EUR/MWh,ES,ES,day_ahead_price,value,2026-08-16T21:17:48Z
2026-08-16T21:11:07Z,2026-08-16T23:11:07+0200,bac882e5-42a3-48ea-b8e2-c8e889704767,2026-07-20T03:45:00Z,2026-07-20T05:45:00+0200,164.86,EUR/MWh,ES,ES,day_ahead_price,value,2026-08-16T21:17:48Z
2026-08-16T21:11:07Z,2026-08-16T23:11:07+0200,bac882e5-42a3-48ea-b8e2-c8e889704767,2026-07-20T04:00:00Z,2026-07-20T06:00:00+0200,170.0,EUR/MWh,ES,ES,day_ahead_price,value,2026-08-16T21:17:48Z
2026-08-16T21:11:07Z,2026-08-16T23:11:07+0200,bac882e5-42a3-48ea-b8e2-c8e889704767,2026-07-20T04:15:00Z,2026-07-20T06:15:00+0200,171.0,EUR/MWh,ES,ES,day_ahead_price,value,2026-08-16T21:17:48Z
2026-08-16T21:11:07Z,2026-08-16T23:11:07+0200,bac882e5-42a3-48ea-b8e2-c8e889704767,2026-07-20T04:30:00Z,2026-07-20T06:30:00+0200,173.0,EUR/MWh,ES,ES,day_ahead_price,value,2026-08-16T21:17:48Z
2026-08-16T21:11:07Z,2026-08-16T23:11:07+0200,bac882e5-42a3-48ea-b8e2-c8e889704767,2026-07-20T04:45:00Z,2026-07-20T06:45:00+0200,174.01,EUR/MWh,ES,ES,day_ahead_price,value,2026-08-16T21:17:48Z
2026-08-16T21:11:07Z,2026-08-16T23:11:07+0200,bac882e5-42a3-48ea-b8e2-c8e889704767,2026-07-20T05:00:00Z,2026-07-20T07:00:00+0200,178.01,EUR/MWh,ES,ES,day_ahead_price,value,2026-08-16T21:17:48Z
2026-08-16T21:11:07Z,2026-08-16T23:11:07+0200,bac882e5-42a3-48ea-b8e2-c8e889704767,2026-07-20T05:15:00Z,2026-07-20T07:15:00+0200,178.8,EUR/MWh,ES,ES,day_ahead_price,value,2026-08-16T21:17:48Z
2026-08-16T21:11:07Z,2026-08-16T23:11:07+0200,bac882e5-42a3-48ea-b8e2-c8e889704767,2026-07-20T05:30:00Z,2026-07-20T07:30:00+0200,174.96,EUR/MWh,ES,ES,day_ahead_price,value,2026-08-16T21:17:48Z
2026-08-16T21:11:07Z,2026-08-16T23:11:07+0200,bac882e5-42a3-48ea-b8e2-c8e889704767,2026-07-20T05:45:00Z,2026-07-20T07:45:00+0200,173.24,EUR/MWh,ES,ES,day_ahead_price,value,2026-08-16T21:17:48Z
2026-08-16T21:11:07Z,2026-08-16T23:11:07+0200,bac882e5-42a3-48ea-b8e2-c8e889704767,2026-07-20T06:00:00Z,2026-07-20T08:00:00+0200,174.5,EUR/MWh,ES,ES,day_ahead_price,value,2026-08-16T21:17:48Z
2026-08-16T21:11:07Z,2026-08-16T23:11:07+0200,bac882e5-42a3-48ea-b8e2-c8e889704767,2026-07-20T06:15:00Z,2026-07-20T08:15:00+0200,170.78,EUR/MWh,ES,ES,day_ahead_price,value,2026-08-16T21:17:48Z
2026-08-16T21:11:07Z,2026-08-16T23:11:07+0200,bac882e5-42a3-48ea-b8e2-c8e889704767,2026-07-20T06:30:00Z,2026-07-20T08:30:00+0200,158.76,EUR/MWh,ES,ES,day_ahead_price,value,2026-08-16T21:17:48Z
2026-08-16T21:11:07Z,2026-08-16T23:11:07+0200,bac882e5-42a3-48ea-b8e2-c8e889704767,2026-07-20T06:45:00Z,2026-07-20T08:45:00+0200,139.25,EUR/MWh,ES,ES,day_ahead_price,value,2026-08-16T21:17:48Z
2026-08-16T21:11:07Z,2026-08-16T23:11:07+0200,bac882e5-42a3-48ea-b8e2-c8e889704767,2026-07-20T07:00:00Z,2026-07-20T09:00:00+0200,145.3,EUR/MWh,ES,ES,day_ahead_price,value,2026-08-16T21:17:48Z
2026-08-16T21:11:07Z,2026-08-16T23:11:07+0200,bac882e5-42a3-48ea-b8e2-c8e889704767,2026-07-20T07:15:00Z,2026-07-20T09:15:00+0200,121.31,EUR/MWh,ES,ES,day_ahead_price,value,2026-08-16T21:17:48Z
2026-08-16T21:11:07Z,2026-08-16T23:11:07+0200,bac882e5-42a3-48ea-b8e2-c8e889704767,2026-07-20T07:30:00Z,2026-07-20T09:30:00+0200,114.17,EUR/MWh,ES,ES,day_ahead_price,value,2026-08-16T21:17:48Z
2026-08-16T21:11:07Z,2026-08-16T23:11:07+0200,bac882e5-42a3-48ea-b8e2-c8e889704767,2026-07-20T07:45:00Z,2026-07-20T09:45:00+0200,105.01,EUR/MWh,ES,ES,day_ahead_price,value,2026-08-16T21:17:48Z
2026-08-16T21:11:07Z,2026-08-16T23:11:07+0200,bac882e5-42a3-48ea-b8e2-c8e889704767,2026-07-20T08:00:00Z,2026-07-20T10:00:00+0200,105.1,EUR/MWh,ES,ES,day_ahead_price,value,2026-08-16T21:17:48Z
2026-08-16T21:11:07Z,2026-08-16T23:11:07+0200,bac882e5-42a3-48ea-b8e2-c8e889704767,2026-07-20T08:15:00Z,2026-07-20T10:15:00+0200,101.1,EUR/MWh,ES,ES,day_ahead_price,value,2026-08-16T21:17:48Z
2026-08-16T21:11:07Z,2026-08-16T23:11:07+0200,bac882e5-42a3-48ea-b8e2-c8e889704767,2026-07-20T08:30:00Z,2026-07-20T10:30:00+0200,95.0,EUR/MWh,ES,ES,day_ahead_price,value,2026-08-16T21:17:48Z
2026-08-16T21:11:07Z,2026-08-16T23:11:07+0200,bac882e5-42a3-48ea-b8e2-c8e889704767,2026-07-20T08:45:00Z,2026-07-20T10:45:00+0200,89.3,EUR/MWh,ES,ES,day_ahead_price,value,2026-08-16T21:17:48Z
2026-08-16T21:11:07Z,2026-08-16T23:11:07+0200,bac882e5-42a3-48ea-b8e2-c8e889704767,2026-07-20T09:00:00Z,2026-07-20T11:00:00+0200,88.96,EUR/MWh,ES,ES,day_ahead_price,value,2026-08-16T21:17:48Z
2026-08-16T21:11:07Z,2026-08-16T23:11:07+0200,bac882e5-42a3-48ea-b8e2-c8e889704767,2026-07-20T09:15:00Z,2026-07-20T11:15:00+0200,85.13,EUR/MWh,ES,ES,day_ahead_price,value,2026-08-16T21:17:48Z
2026-08-16T21:11:07Z,2026-08-16T23:11:07+0200,bac882e5-42a3-48ea-b8e2-c8e889704767,2026-07-20T09:30:00Z,2026-07-20T11:30:00+0200,84.15,EUR/MWh,ES,ES,day_ahead_price,value,2026-08-16T21:17:48Z
2026-08-16T21:11:07Z,2026-08-16T23:11:07+0200,bac882e5-42a3-48ea-b8e2-c8e889704767,2026-07-20T09:45:00Z,2026-07-20T11:45:00+0200,84.01,EUR/MWh,ES,ES,day_ahead_price,value,2026-08-16T21:17:48Z
2026-08-16T21:11:07Z,2026-08-16T23:11:07+0200,bac882e5-42a3-48ea-b8e2-c8e889704767,2026-07-20T10:00:00Z,2026-07-20T12:00:00+0200,82.4,EUR/MWh,ES,ES,day_ahead_price,value,2026-08-16T21:17:48Z
2026-08-16T21:11:07Z,2026-08-16T23:11:07+0200,bac882e5-42a3-48ea-b8e2-c8e889704767,2026-07-20T10:15:00Z,2026-07-20T12:15:00+0200,81.65,EUR/MWh,ES,ES,day_ahead_price,value,2026-08-16T21:17:48Z
2026-08-16T21:11:07Z,2026-08-16T23:11:07+0200,bac882e5-42a3-48ea-b8e2-c8e889704767,2026-07-20T10:30:00Z,2026-07-20T12:30:00+0200,81.55,EUR/MWh,ES,ES,day_ahead_price,value,2026-08-16T21:17:48Z
2026-08-16T21:11:07Z,2026-08-16T23:11:07+0200,bac882e5-42a3-48ea-b8e2-c8e889704767,2026-07-20T10:45:00Z,2026-07-20T12:45:00+0200,81.35,EUR/MWh,ES,ES,day_ahead_price,value,2026-08-16T21:17:48Z
2026-08-16T21:11:07Z,2026-08-16T23:11:07+0200,bac882e5-42a3-48ea-b8e2-c8e889704767,2026-07-20T11:00:00Z,2026-07-20T13:00:00+0200,81.0,EUR/MWh,ES,ES,day_ahead_price,value,2026-08-16T21:17:48Z
2026-08-16T21:11:07Z,2026-08-16T23:11:07+0200,bac882e5-42a3-48ea-b8e2-c8e889704767,2026-07-20T11:15:00Z,2026-07-20T13:15:00+0200,80.0,EUR/MWh,ES,ES,day_ahead_price,value,2026-08-16T21:17:48Z
2026-08-16T21:11:07Z,2026-08-16T23:11:07+0200,bac882e5-42a3-48ea-b8e2-c8e889704767,2026-07-20T11:30:00Z,2026-07-20T13:30:00+0200,80.0,EUR/MWh,ES,ES,day_ahead_price,value,2026-08-16T21:17:48Z
2026-08-16T21:11:07Z,2026-08-16T23:11:07+0200,bac882e5-42a3-48ea-b8e2-c8e889704767,2026-07-20T11:45:00Z,2026-07-20T13:45:00+0200,79.01,EUR/MWh,ES,ES,day_ahead_price,value,2026-08-16T21:17:48Z
2026-08-16T21:11:07Z,2026-08-16T23:11:07+0200,bac882e5-42a3-48ea-b8e2-c8e889704767,2026-07-20T12:00:00Z,2026-07-20T14:00:00+0200,79.01,EUR/MWh,ES,ES,day_ahead_price,value,2026-08-16T21:17:48Z
2026-08-16T21:11:07Z,2026-08-16T23:11:07+0200,bac882e5-42a3-48ea-b8e2-c8e889704767,2026-07-20T12:15:00Z,2026-07-20T14:15:00+0200,79.0,EUR/MWh,ES,ES,day_ahead_price,value,2026-08-16T21:17:48Z
2026-08-16T21:11:07Z,2026-08-16T23:11:07+0200,bac882e5-42a3-48ea-b8e2-c8e889704767,2026-07-20T12:30:00Z,2026-07-20T14:30:00+0200,76.45,EUR/MWh,ES,ES,day_ahead_price,value,2026-08-16T21:17:48Z
2026-08-16T21:11:07Z,2026-08-16T23:11:07+0200,bac882e5-42a3-48ea-b8e2-c8e889704767,2026-07-20T12:45:00Z,2026-07-20T14:45:00+0200,73.88,EUR/MWh,ES,ES,day_ahead_price,value,2026-08-16T21:17:48Z
2026-08-16T21:11:07Z,2026-08-16T23:11:07+0200,bac882e5-42a3-48ea-b8e2-c8e889704767,2026-07-20T13:00:00Z,2026-07-20T15:00:00+0200,69.43,EUR/MWh,ES,ES,day_ahead_price,value,2026-08-16T21:17:48Z
2026-08-16T21:11:07Z,2026-08-16T23:11:07+0200,bac882e5-42a3-48ea-b8e2-c8e889704767,2026-07-20T13:15:00Z,2026-07-20T15:15:00+0200,65.0,EUR/MWh,ES,ES,day_ahead_price,value,2026-08-16T21:17:48Z
2026-08-16T21:11:07Z,2026-08-16T23:11:07+0200,bac882e5-42a3-48ea-b8e2-c8e889704767,2026-07-20T13:30:00Z,2026-07-20T15:30:00+0200,61.57,EUR/MWh,ES,ES,day_ahead_price,value,2026-08-16T21:17:48Z
2026-08-16T21:11:07Z,2026-08-16T23:11:07+0200,bac882e5-42a3-48ea-b8e2-c8e889704767,2026-07-20T13:45:00Z,2026-07-20T15:45:00+0200,61.57,EUR/MWh,ES,ES,day_ahead_price,value,2026-08-16T21:17:48Z
2026-08-16T21:11:07Z,2026-08-16T23:11:07+0200,bac882e5-42a3-48ea-b8e2-c8e889704767,2026-07-20T14:00:00Z,2026-07-20T16:00:00+0200,60.0,EUR/MWh,ES,ES,day_ahead_price,value,2026-08-16T21:17:48Z
2026-08-16T21:11:07Z,2026-08-16T23:11:07+0200,bac882e5-42a3-48ea-b8e2-c8e889704767,2026-07-20T14:15:00Z,2026-07-20T16:15:00+0200,61.57,EUR/MWh,ES,ES,day_ahead_price,value,2026-08-16T21:17:48Z
2026-08-16T21:11:07Z,2026-08-16T23:11:07+0200,bac882e5-42a3-48ea-b8e2-c8e889704767,2026-07-20T14:30:00Z,2026-07-20T16:30:00+0200,61.57,EUR/MWh,ES,ES,day_ahead_price,value,2026-08-16T21:17:48Z
2026-08-16T21:11:07Z,2026-08-16T23:11:07+0200,bac882e5-42a3-48ea-b8e2-c8e889704767,2026-07-20T14:45:00Z,2026-07-20T16:45:00+0200,69.43,EUR/MWh,ES,ES,day_ahead_price,value,2026-08-16T21:17:48Z
2026-08-16T21:11:07Z,2026-08-16T23:11:07+0200,bac882e5-42a3-48ea-b8e2-c8e889704767,2026-07-20T15:00:00Z,2026-07-20T17:00:00+0200,69.43,EUR/MWh,ES,ES,day_ahead_price,value,2026-08-16T21:17:48Z
2026-08-16T21:11:07Z,2026-08-16T23:11:07+0200,bac882e5-42a3-48ea-b8e2-c8e889704767,2026-07-20T15:15:00Z,2026-07-20T17:15:00+0200,76.45,EUR/MWh,ES,ES,day_ahead_price,value,2026-08-16T21:17:48Z
2026-08-16T21:11:07Z,2026-08-16T23:11:07+0200,bac882e5-42a3-48ea-b8e2-c8e889704767,2026-07-20T15:30:00Z,2026-07-20T17:30:00+0200,81.55,EUR/MWh,ES,ES,day_ahead_price,value,2026-08-16T21:17:48Z
2026-08-16T21:11:07Z,2026-08-16T23:11:07+0200,bac882e5-42a3-48ea-b8e2-c8e889704767,2026-07-20T15:45:00Z,2026-07-20T17:45:00+0200,85.0,EUR/MWh,ES,ES,day_ahead_price,value,2026-08-16T21:17:48Z
2026-08-16T21:11:07Z,2026-08-16T23:11:07+0200,bac882e5-42a3-48ea-b8e2-c8e889704767,2026-07-20T16:00:00Z,2026-07-20T18:00:00+0200,85.93,EUR/MWh,ES,ES,day_ahead_price,value,2026-08-16T21:17:48Z
2026-08-16T21:11:07Z,2026-08-16T23:11:07+0200,bac882e5-42a3-48ea-b8e2-c8e889704767,2026-07-20T16:15:00Z,2026-07-20T18:15:00+0200,100.0,EUR/MWh,ES,ES,day_ahead_price,value,2026-08-16T21:17:48Z
2026-08-16T21:11:07Z,2026-08-16T23:11:07+0200,bac882e5-42a3-48ea-b8e2-c8e889704767,2026-07-20T16:30:00Z,2026-07-20T18:30:00+0200,111.21,EUR/MWh,ES,ES,day_ahead_price,value,2026-08-16T21:17:48Z
2026-08-16T21:11:07Z,2026-08-16T23:11:07+0200,bac882e5-42a3-48ea-b8e2-c8e889704767,2026-07-20T16:45:00Z,2026-07-20T18:45:00+0200,118.27,EUR/MWh,ES,ES,day_ahead_price,value,2026-08-16T21:17:48Z
2026-08-16T21:11:07Z,2026-08-16T23:11:07+0200,bac882e5-42a3-48ea-b8e2-c8e889704767,2026-07-20T17:00:00Z,2026-07-20T19:00:00+0200,114.04,EUR/MWh,ES,ES,day_ahead_price,value,2026-08-16T21:17:48Z
2026-08-16T21:11:07Z,2026-08-16T23:11:07+0200,bac882e5-42a3-48ea-b8e2-c8e889704767,2026-07-20T17:15:00Z,2026-07-20T19:15:00+0200,121.79,EUR/MWh,ES,ES,day_ahead_price,value,2026-08-16T21:17:48Z
2026-08-16T21:11:07Z,2026-08-16T23:11:07+0200,bac882e5-42a3-48ea-b8e2-c8e889704767,2026-07-20T17:30:00Z,2026-07-20T19:30:00+0200,152.5,EUR/MWh,ES,ES,day_ahead_price,value,2026-08-16T21:17:48Z
2026-08-16T21:11:07Z,2026-08-16T23:11:07+0200,bac882e5-42a3-48ea-b8e2-c8e889704767,2026-07-20T17:45:00Z,2026-07-20T19:45:00+0200,160.63,EUR/MWh,ES,ES,day_ahead_price,value,2026-08-16T21:17:48Z
2026-08-16T21:11:07Z,2026-08-16T23:11:07+0200,bac882e5-42a3-48ea-b8e2-c8e889704767,2026-07-20T18:00:00Z,2026-07-20T20:00:00+0200,149.0,EUR/MWh,ES,ES,day_ahead_price,value,2026-08-16T21:17:48Z
2026-08-16T21:11:07Z,2026-08-16T23:11:07+0200,bac882e5-42a3-48ea-b8e2-c8e889704767,2026-07-20T18:15:00Z,2026-07-20T20:15:00+0200,163.5,EUR/MWh,ES,ES,day_ahead_price,value,2026-08-16T21:17:48Z
2026-08-16T21:11:07Z,2026-08-16T23:11:07+0200,bac882e5-42a3-48ea-b8e2-c8e889704767,2026-07-20T18:30:00Z,2026-07-20T20:30:00+0200,174.01,EUR/MWh,ES,ES,day_ahead_price,value,2026-08-16T21:17:48Z
2026-08-16T21:11:07Z,2026-08-16T23:11:07+0200,bac882e5-42a3-48ea-b8e2-c8e889704767,2026-07-20T18:45:00Z,2026-07-20T20:45:00+0200,181.49,EUR/MWh,ES,ES,day_ahead_price,value,2026-08-16T21:17:48Z
2026-08-16T21:11:07Z,2026-08-16T23:11:07+0200,bac882e5-42a3-48ea-b8e2-c8e889704767,2026-07-20T19:00:00Z,2026-07-20T21:00:00+0200,177.62,EUR/MWh,ES,ES,day_ahead_price,value,2026-08-16T21:17:48Z
2026-08-16T21:11:07Z,2026-08-16T23:11:07+0200,bac882e5-42a3-48ea-b8e2-c8e889704767,2026-07-20T19:15:00Z,2026-07-20T21:15:00+0200,179.5,EUR/MWh,ES,ES,day_ahead_price,value,2026-08-16T21:17:48Z
2026-08-16T21:11:07Z,2026-08-16T23:11:07+0200,bac882e5-42a3-48ea-b8e2-c8e889704767,2026-07-20T19:30:00Z,2026-07-20T21:30:00+0200,179.92,EUR/MWh,ES,ES,day_ahead_price,value,2026-08-16T21:17:48Z
2026-08-16T21:11:07Z,2026-08-16T23:11:07+0200,bac882e5-42a3-48ea-b8e2-c8e889704767,2026-07-20T19:45:00Z,2026-07-20T21:45:00+0200,178.01,EUR/MWh,ES,ES,day_ahead_price,value,2026-08-16T21:17:48Z
2026-08-16T21:11:07Z,2026-08-16T23:11:07+0200,bac882e5-42a3-48ea-b8e2-c8e889704767,2026-07-20T20:00:00Z,2026-07-20T22:00:00+0200,186.34,EUR/MWh,ES,ES,day_ahead_price,value,2026-08-16T21:17:48Z
2026-08-16T21:11:07Z,2026-08-16T23:11:07+0200,bac882e5-42a3-48ea-b8e2-c8e889704767,2026-07-20T20:15:00Z,2026-07-20T22:15:00+0200,175.98,EUR/MWh,ES,ES,day_ahead_price,value,2026-08-16T21:17:48Z
2026-08-16T21:11:07Z,2026-08-16T23:11:07+0200,bac882e5-42a3-48ea-b8e2-c8e889704767,2026-07-20T20:30:00Z,2026-07-20T22:30:00+0200,174.01,EUR/MWh,ES,ES,day_ahead_price,value,2026-08-16T21:17:48Z
2026-08-16T21:11:07Z,2026-08-16T23:11:07+0200,bac882e5-42a3-48ea-b8e2-c8e889704767,2026-07-20T20:45:00Z,2026-07-20T22:45:00+0200,172.0,EUR/MWh,ES,ES,day_ahead_price,value,2026-08-16T21:17:48Z
2026-08-16T21:11:07Z,2026-08-16T23:11:07+0200,bac882e5-42a3-48ea-b8e2-c8e889704767,2026-07-20T21:00:00Z,2026-07-20T23:00:00+0200,173.0,EUR/MWh,ES,ES,day_ahead_price,value,2026-08-16T21:17:48Z
2026-08-16T21:11:07Z,2026-08-16T23:11:07+0200,bac882e5-42a3-48ea-b8e2-c8e889704767,2026-07-20T21:15:00Z,2026-07-20T23:15:00+0200,170.86,EUR/MWh,ES,ES,day_ahead_price,value,2026-08-16T21:17:48Z
2026-08-16T21:11:07Z,2026-08-16T23:11:07+0200,bac882e5-42a3-48ea-b8e2-c8e889704767,2026-07-20T21:30:00Z,2026-07-20T23:30:00+0200,167.0,EUR/MWh,ES,ES,day_ahead_price,value,2026-08-16T21:17:48Z
2026-08-16T21:11:07Z,2026-08-16T23:11:07+0200,bac882e5-42a3-48ea-b8e2-c8e889704767,2026-07-20T21:45:00Z,2026-07-20T23:45:00+0200,161.84,EUR/MWh,ES,ES,day_ahead_price,value,2026-08-16T21:17:48Z
2026-08-16T21:11:07Z,2026-08-16T23:11:07+0200,bac882e5-42a3-48ea-b8e2-c8e889704767,2026-07-20T22:00:00Z,2026-07-21T00:00:00+0200,172.47,EUR/MWh,ES,ES,day_ahead_price,value,2026-08-16T21:17:48Z
2026-08-16T21:11:07Z,2026-08-16T23:11:07+0200,bac882e5-42a3-48ea-b8e2-c8e889704767,2026-07-20T22:15:00Z,2026-07-21T00:15:00+0200,171.0,EUR/MWh,ES,ES,day_ahead_price,value,2026-08-16T21:17:48Z
2026-08-16T21:11:07Z,2026-08-16T23:11:07+0200,bac882e5-42a3-48ea-b8e2-c8e889704767,2026-07-20T22:30:00Z,2026-07-21T00:30:00+0200,170.0,EUR/MWh,ES,ES,day_ahead_price,value,2026-08-16T21:17:48Z
2026-08-16T21:11:07Z,2026-08-16T23:11:07+0200,bac882e5-42a3-48ea-b8e2-c8e889704767,2026-07-20T22:45:00Z,2026-07-21T00:45:00+0200,167.0,EUR/MWh,ES,ES,day_ahead_price,value,2026-08-16T21:17:48Z
2026-08-16T21:11:07Z,2026-08-16T23:11:07+0200,bac882e5-42a3-48ea-b8e2-c8e889704767,2026-07-20T23:00:00Z,2026-07-21T01:00:00+0200,162.6,EUR/MWh,ES,ES,day_ahead_price,value,2026-08-16T21:17:48Z
2026-08-16T21:11:07Z,2026-08-16T23:11:07+0200,bac882e5-42a3-48ea-b8e2-c8e889704767,2026-07-20T23:15:00Z,2026-07-21T01:15:00+0200,160.76,EUR/MWh,ES,ES,day_ahead_price,value,2026-08-16T21:17:48Z
2026-08-16T21:11:07Z,2026-08-16T23:11:07+0200,bac882e5-42a3-48ea-b8e2-c8e889704767,2026-07-20T23:30:00Z,2026-07-21T01:30:00+0200,162.64,EUR/MWh,ES,ES,day_ahead_price,value,2026-08-16T21:17:48Z
2026-08-16T21:11:07Z,2026-08-16T23:11:07+0200,bac882e5-42a3-48ea-b8e2-c8e889704767,2026-07-20T23:45:00Z,2026-07-21T01:45:00+0200,163.86,EUR/MWh,ES,ES,day_ahead_price,value,2026-08-16T21:17:48Z
2026-08-16T21:11:07Z,2026-08-16T23:11:07+0200,bac882e5-42a3-48ea-b8e2-c8e889704767,2026-07-21T00:00:00Z,2026-07-21T02:00:00+0200,163.34,EUR/MWh,ES,ES,day_ahead_price,value,2026-08-16T21:17:48Z
2026-08-16T21:11:07Z,2026-08-16T23:11:07+0200,bac882e5-42a3-48ea-b8e2-c8e889704767,2026-07-21T00:15:00Z,2026-07-21T02:15:00+0200,162.28,EUR/MWh,ES,ES,day_ahead_price,value,2026-08-16T21:17:48Z
2026-08-16T21:11:07Z,2026-08-16T23:11:07+0200,bac882e5-42a3-48ea-b8e2-c8e889704767,2026-07-21T00:30:00Z,2026-07-21T02:30:00+0200,160.7,EUR/MWh,ES,ES,day_ahead_price,value,2026-08-16T21:17:48Z
2026-08-16T21:11:07Z,2026-08-16T23:11:07+0200,bac882e5-42a3-48ea-b8e2-c8e889704767,2026-07-21T00:45:00Z,2026-07-21T02:45:00+0200,160.7,EUR/MWh,ES,ES,day_ahead_price,value,2026-08-16T21:17:48Z
2026-08-16T21:11:07Z,2026-08-16T23:11:07+0200,bac882e5-42a3-48ea-b8e2-c8e889704767,2026-07-21T01:00:00Z,2026-07-21T03:00:00+0200,162.28,EUR/MWh,ES,ES,day_ahead_price,value,2026-08-16T21:17:48Z
2026-08-16T21:11:07Z,2026-08-16T23:11:07+0200,bac882e5-42a3-48ea-b8e2-c8e889704767,2026-07-21T01:15:00Z,2026-07-21T03:15:00+0200,162.28,EUR/MWh,ES,ES,day_ahead_price,value,2026-08-16T21:17:48Z
2026-08-16T21:11:07Z,2026-08-16T23:11:07+0200,bac882e5-42a3-48ea-b8e2-c8e889704767,2026-07-21T01:30:00Z,2026-07-21T03:30:00+0200,162.28,EUR/MWh,ES,ES,day_ahead_price,value,2026-08-16T21:17:48Z
2026-08-16T21:11:07Z,2026-08-16T23:11:07+0200,bac882e5-42a3-48ea-b8e2-c8e889704767,2026-07-21T01:45:00Z,2026-07-21T03:45:00+0200,162.28,EUR/MWh,ES,ES,day_ahead_price,value,2026-08-16T21:17:48Z
2026-08-16T21:11:07Z,2026-08-16T23:11:07+0200,bac882e5-42a3-48ea-b8e2-c8e889704767,2026-07-21T02:00:00Z,2026-07-21T04:00:00+0200,160.7,EUR/MWh,ES,ES,day_ahead_price,value,2026-08-16T21:17:48Z
2026-08-16T21:11:07Z,2026-08-16T23:11:07+0200,bac882e5-42a3-48ea-b8e2-c8e889704767,2026-07-21T02:15:00Z,2026-07-21T04:15:00+0200,160.7,EUR/MWh,ES,ES,day_ahead_price,value,2026-08-16T21:17:48Z
2026-08-16T21:11:07Z,2026-08-16T23:11:07+0200,bac882e5-42a3-48ea-b8e2-c8e889704767,2026-07-21T02:30:00Z,2026-07-21T04:30:00+0200,162.11,EUR/MWh,ES,ES,day_ahead_price,value,2026-08-16T21:17:48Z
2026-08-16T21:11:07Z,2026-08-16T23:11:07+0200,bac882e5-42a3-48ea-b8e2-c8e889704767,2026-07-21T02:45:00Z,2026-07-21T04:45:00+0200,162.13,EUR/MWh,ES,ES,day_ahead_price,value,2026-08-16T21:17:48Z
2026-08-16T21:11:07Z,2026-08-16T23:11:07+0200,bac882e5-42a3-48ea-b8e2-c8e889704767,2026-07-21T03:00:00Z,2026-07-21T05:00:00+0200,160.63,EUR/MWh,ES,ES,day_ahead_price,value,2026-08-16T21:17:48Z
2026-08-16T21:11:07Z,2026-08-16T23:11:07+0200,bac882e5-42a3-48ea-b8e2-c8e889704767,2026-07-21T03:15:00Z,2026-07-21T05:15:00+0200,160.7,EUR/MWh,ES,ES,day_ahead_price,value,2026-08-16T21:17:48Z
2026-08-16T21:11:07Z,2026-08-16T23:11:07+0200,bac882e5-42a3-48ea-b8e2-c8e889704767,2026-07-21T03:30:00Z,2026-07-21T05:30:00+0200,162.28,EUR/MWh,ES,ES,day_ahead_price,value,2026-08-16T21:17:48Z
2026-08-16T21:11:07Z,2026-08-16T23:11:07+0200,bac882e5-42a3-48ea-b8e2-c8e889704767,2026-07-21T03:45:00Z,2026-07-21T05:45:00+0200,165.44,EUR/MWh,ES,ES,day_ahead_price,value,2026-08-16T21:17:48Z
2026-08-16T21:11:07Z,2026-08-16T23:11:07+0200,bac882e5-42a3-48ea-b8e2-c8e889704767,2026-07-21T04:00:00Z,2026-07-21T06:00:00+0200,164.0,EUR/MWh,ES,ES,day_ahead_price,value,2026-08-16T21:17:48Z
2026-08-16T21:11:07Z,2026-08-16T23:11:07+0200,bac882e5-42a3-48ea-b8e2-c8e889704767,2026-07-21T04:15:00Z,2026-07-21T06:15:00+0200,167.0,EUR/MWh,ES,ES,day_ahead_price,value,2026-08-16T21:17:48Z
2026-08-16T21:11:07Z,2026-08-16T23:11:07+0200,bac882e5-42a3-48ea-b8e2-c8e889704767,2026-07-21T04:30:00Z,2026-07-21T06:30:00+0200,170.34,EUR/MWh,ES,ES,day_ahead_price,value,2026-08-16T21:17:48Z
2026-08-16T21:11:07Z,2026-08-16T23:11:07+0200,bac882e5-42a3-48ea-b8e2-c8e889704767,2026-07-21T04:45:00Z,2026-07-21T06:45:00+0200,171.0,EUR/MWh,ES,ES,day_ahead_price,value,2026-08-16T21:17:48Z
2026-08-16T21:11:07Z,2026-08-16T23:11:07+0200,bac882e5-42a3-48ea-b8e2-c8e889704767,2026-07-21T05:00:00Z,2026-07-21T07:00:00+0200,170.31,EUR/MWh,ES,ES,day_ahead_price,value,2026-08-16T21:17:48Z
2026-08-16T21:11:07Z,2026-08-16T23:11:07+0200,bac882e5-42a3-48ea-b8e2-c8e889704767,2026-07-21T05:15:00Z,2026-07-21T07:15:00+0200,170.31,EUR/MWh,ES,ES,day_ahead_price,value,2026-08-16T21:17:48Z
2026-08-16T21:11:07Z,2026-08-16T23:11:07+0200,bac882e5-42a3-48ea-b8e2-c8e889704767,2026-07-21T05:30:00Z,2026-07-21T07:30:00+0200,170.0,EUR/MWh,ES,ES,day_ahead_price,value,2026-08-16T21:17:48Z
2026-08-16T21:11:07Z,2026-08-16T23:11:07+0200,bac882e5-42a3-48ea-b8e2-c8e889704767,2026-07-21T05:45:00Z,2026-07-21T07:45:00+0200,166.0,EUR/MWh,ES,ES,day_ahead_price,value,2026-08-16T21:17:48Z
2026-08-16T21:11:07Z,2026-08-16T23:11:07+0200,bac882e5-42a3-48ea-b8e2-c8e889704767,2026-07-21T06:00:00Z,2026-07-21T08:00:00+0200,170.81,EUR/MWh,ES,ES,day_ahead_price,value,2026-08-16T21:17:48Z
2026-08-16T21:11:07Z,2026-08-16T23:11:07+0200,bac882e5-42a3-48ea-b8e2-c8e889704767,2026-07-21T06:15:00Z,2026-07-21T08:15:00+0200,163.0,EUR/MWh,ES,ES,day_ahead_price,value,2026-08-16T21:17:48Z
2026-08-16T21:11:07Z,2026-08-16T23:11:07+0200,bac882e5-42a3-48ea-b8e2-c8e889704767,2026-07-21T06:30:00Z,2026-07-21T08:30:00+0200,159.32,EUR/MWh,ES,ES,day_ahead_price,value,2026-08-16T21:17:48Z
2026-08-16T21:11:07Z,2026-08-16T23:11:07+0200,bac882e5-42a3-48ea-b8e2-c8e889704767,2026-07-21T06:45:00Z,2026-07-21T08:45:00+0200,138.12,EUR/MWh,ES,ES,day_ahead_price,value,2026-08-16T21:17:48Z
2026-08-16T21:11:07Z,2026-08-16T23:11:07+0200,bac882e5-42a3-48ea-b8e2-c8e889704767,2026-07-21T07:00:00Z,2026-07-21T09:00:00+0200,158.84,EUR/MWh,ES,ES,day_ahead_price,value,2026-08-16T21:17:48Z
2026-08-16T21:11:07Z,2026-08-16T23:11:07+0200,bac882e5-42a3-48ea-b8e2-c8e889704767,2026-07-21T07:15:00Z,2026-07-21T09:15:00+0200,135.78,EUR/MWh,ES,ES,day_ahead_price,value,2026-08-16T21:17:48Z
2026-08-16T21:11:07Z,2026-08-16T23:11:07+0200,bac882e5-42a3-48ea-b8e2-c8e889704767,2026-07-21T07:30:00Z,2026-07-21T09:30:00+0200,125.43,EUR/MWh,ES,ES,day_ahead_price,value,2026-08-16T21:17:48Z
2026-08-16T21:11:07Z,2026-08-16T23:11:07+0200,bac882e5-42a3-48ea-b8e2-c8e889704767,2026-07-21T07:45:00Z,2026-07-21T09:45:00+0200,113.31,EUR/MWh,ES,ES,day_ahead_price,value,2026-08-16T21:17:48Z
2026-08-16T21:11:07Z,2026-08-16T23:11:07+0200,bac882e5-42a3-48ea-b8e2-c8e889704767,2026-07-21T08:00:00Z,2026-07-21T10:00:00+0200,119.0,EUR/MWh,ES,ES,day_ahead_price,value,2026-08-16T21:17:48Z
2026-08-16T21:11:07Z,2026-08-16T23:11:07+0200,bac882e5-42a3-48ea-b8e2-c8e889704767,2026-07-21T08:15:00Z,2026-07-21T10:15:00+0200,106.0,EUR/MWh,ES,ES,day_ahead_price,value,2026-08-16T21:17:48Z
2026-08-16T21:11:07Z,2026-08-16T23:11:07+0200,bac882e5-42a3-48ea-b8e2-c8e889704767,2026-07-21T08:30:00Z,2026-07-21T10:30:00+0200,100.13,EUR/MWh,ES,ES,day_ahead_price,value,2026-08-16T21:17:48Z
2026-08-16T21:11:07Z,2026-08-16T23:11:07+0200,bac882e5-42a3-48ea-b8e2-c8e889704767,2026-07-21T08:45:00Z,2026-07-21T10:45:00+0200,92.5,EUR/MWh,ES,ES,day_ahead_price,value,2026-08-16T21:17:48Z
2026-08-16T21:11:07Z,2026-08-16T23:11:07+0200,bac882e5-42a3-48ea-b8e2-c8e889704767,2026-07-21T09:00:00Z,2026-07-21T11:00:00+0200,90.1,EUR/MWh,ES,ES,day_ahead_price,value,2026-08-16T21:17:48Z
2026-08-16T21:11:07Z,2026-08-16T23:11:07+0200,bac882e5-42a3-48ea-b8e2-c8e889704767,2026-07-21T09:15:00Z,2026-07-21T11:15:00+0200,89.13,EUR/MWh,ES,ES,day_ahead_price,value,2026-08-16T21:17:48Z
2026-08-16T21:11:07Z,2026-08-16T23:11:07+0200,bac882e5-42a3-48ea-b8e2-c8e889704767,2026-07-21T09:30:00Z,2026-07-21T11:30:00+0200,85.1,EUR/MWh,ES,ES,day_ahead_price,value,2026-08-16T21:17:48Z
2026-08-16T21:11:07Z,2026-08-16T23:11:07+0200,bac882e5-42a3-48ea-b8e2-c8e889704767,2026-07-21T09:45:00Z,2026-07-21T11:45:00+0200,85.1,EUR/MWh,ES,ES,day_ahead_price,value,2026-08-16T21:17:48Z
2026-08-16T21:11:07Z,2026-08-16T23:11:07+0200,bac882e5-42a3-48ea-b8e2-c8e889704767,2026-07-21T10:00:00Z,2026-07-21T12:00:00+0200,85.1,EUR/MWh,ES,ES,day_ahead_price,value,2026-08-16T21:17:48Z
2026-08-16T21:11:07Z,2026-08-16T23:11:07+0200,bac882e5-42a3-48ea-b8e2-c8e889704767,2026-07-21T10:15:00Z,2026-07-21T12:15:00+0200,84.15,EUR/MWh,ES,ES,day_ahead_price,value,2026-08-16T21:17:48Z
2026-08-16T21:11:07Z,2026-08-16T23:11:07+0200,bac882e5-42a3-48ea-b8e2-c8e889704767,2026-07-21T10:30:00Z,2026-07-21T12:30:00+0200,83.55,EUR/MWh,ES,ES,day_ahead_price,value,2026-08-16T21:17:48Z
2026-08-16T21:11:07Z,2026-08-16T23:11:07+0200,bac882e5-42a3-48ea-b8e2-c8e889704767,2026-07-21T10:45:00Z,2026-07-21T12:45:00+0200,82.97,EUR/MWh,ES,ES,day_ahead_price,value,2026-08-16T21:17:48Z
2026-08-16T21:11:07Z,2026-08-16T23:11:07+0200,bac882e5-42a3-48ea-b8e2-c8e889704767,2026-07-21T11:00:00Z,2026-07-21T13:00:00+0200,84.15,EUR/MWh,ES,ES,day_ahead_price,value,2026-08-16T21:17:48Z
2026-08-16T21:11:07Z,2026-08-16T23:11:07+0200,bac882e5-42a3-48ea-b8e2-c8e889704767,2026-07-21T11:15:00Z,2026-07-21T13:15:00+0200,84.15,EUR/MWh,ES,ES,day_ahead_price,value,2026-08-16T21:17:48Z
2026-08-16T21:11:07Z,2026-08-16T23:11:07+0200,bac882e5-42a3-48ea-b8e2-c8e889704767,2026-07-21T11:30:00Z,2026-07-21T13:30:00+0200,83.55,EUR/MWh,ES,ES,day_ahead_price,value,2026-08-16T21:17:48Z
2026-08-16T21:11:07Z,2026-08-16T23:11:07+0200,bac882e5-42a3-48ea-b8e2-c8e889704767,2026-07-21T11:45:00Z,2026-07-21T13:45:00+0200,83.0,EUR/MWh,ES,ES,day_ahead_price,value,2026-08-16T21:17:48Z
2026-08-16T21:11:07Z,2026-08-16T23:11:07+0200,bac882e5-42a3-48ea-b8e2-c8e889704767,2026-07-21T12:00:00Z,2026-07-21T14:00:00+0200,82.97,EUR/MWh,ES,ES,day_ahead_price,value,2026-08-16T21:17:48Z
2026-08-16T21:11:07Z,2026-08-16T23:11:07+0200,bac882e5-42a3-48ea-b8e2-c8e889704767,2026-07-21T12:15:00Z,2026-07-21T14:15:00+0200,82.97,EUR/MWh,ES,ES,day_ahead_price,value,2026-08-16T21:17:48Z
2026-08-16T21:11:07Z,2026-08-16T23:11:07+0200,bac882e5-42a3-48ea-b8e2-c8e889704767,2026-07-21T12:30:00Z,2026-07-21T14:30:00+0200,82.97,EUR/MWh,ES,ES,day_ahead_price,value,2026-08-16T21:17:48Z
2026-08-16T21:11:07Z,2026-08-16T23:11:07+0200,bac882e5-42a3-48ea-b8e2-c8e889704767,2026-07-21T12:45:00Z,2026-07-21T14:45:00+0200,82.97,EUR/MWh,ES,ES,day_ahead_price,value,2026-08-16T21:17:48Z
2026-08-16T21:11:07Z,2026-08-16T23:11:07+0200,bac882e5-42a3-48ea-b8e2-c8e889704767,2026-07-21T13:00:00Z,2026-07-21T15:00:00+0200,82.97,EUR/MWh,ES,ES,day_ahead_price,value,2026-08-16T21:17:48Z
2026-08-16T21:11:07Z,2026-08-16T23:11:07+0200,bac882e5-42a3-48ea-b8e2-c8e889704767,2026-07-21T13:15:00Z,2026-07-21T15:15:00+0200,82.4,EUR/MWh,ES,ES,day_ahead_price,value,2026-08-16T21:17:48Z
2026-08-16T21:11:07Z,2026-08-16T23:11:07+0200,bac882e5-42a3-48ea-b8e2-c8e889704767,2026-07-21T13:30:00Z,2026-07-21T15:30:00+0200,82.52,EUR/MWh,ES,ES,day_ahead_price,value,2026-08-16T21:17:48Z
2026-08-16T21:11:07Z,2026-08-16T23:11:07+0200,bac882e5-42a3-48ea-b8e2-c8e889704767,2026-07-21T13:45:00Z,2026-07-21T15:45:00+0200,82.97,EUR/MWh,ES,ES,day_ahead_price,value,2026-08-16T21:17:48Z
2026-08-16T21:11:07Z,2026-08-16T23:11:07+0200,bac882e5-42a3-48ea-b8e2-c8e889704767,2026-07-21T14:00:00Z,2026-07-21T16:00:00+0200,83.0,EUR/MWh,ES,ES,day_ahead_price,value,2026-08-16T21:17:48Z
2026-08-16T21:11:07Z,2026-08-16T23:11:07+0200,bac882e5-42a3-48ea-b8e2-c8e889704767,2026-07-21T14:15:00Z,2026-07-21T16:15:00+0200,84.15,EUR/MWh,ES,ES,day_ahead_price,value,2026-08-16T21:17:48Z
2026-08-16T21:11:07Z,2026-08-16T23:11:07+0200,bac882e5-42a3-48ea-b8e2-c8e889704767,2026-07-21T14:30:00Z,2026-07-21T16:30:00+0200,85.1,EUR/MWh,ES,ES,day_ahead_price,value,2026-08-16T21:17:48Z
2026-08-16T21:11:07Z,2026-08-16T23:11:07+0200,bac882e5-42a3-48ea-b8e2-c8e889704767,2026-07-21T14:45:00Z,2026-07-21T16:45:00+0200,88.4,EUR/MWh,ES,ES,day_ahead_price,value,2026-08-16T21:17:48Z
2026-08-16T21:11:07Z,2026-08-16T23:11:07+0200,bac882e5-42a3-48ea-b8e2-c8e889704767,2026-07-21T15:00:00Z,2026-07-21T17:00:00+0200,88.96,EUR/MWh,ES,ES,day_ahead_price,value,2026-08-16T21:17:48Z
2026-08-16T21:11:07Z,2026-08-16T23:11:07+0200,bac882e5-42a3-48ea-b8e2-c8e889704767,2026-07-21T15:15:00Z,2026-07-21T17:15:00+0200,90.1,EUR/MWh,ES,ES,day_ahead_price,value,2026-08-16T21:17:48Z
2026-08-16T21:11:07Z,2026-08-16T23:11:07+0200,bac882e5-42a3-48ea-b8e2-c8e889704767,2026-07-21T15:30:00Z,2026-07-21T17:30:00+0200,95.0,EUR/MWh,ES,ES,day_ahead_price,value,2026-08-16T21:17:48Z
2026-08-16T21:11:07Z,2026-08-16T23:11:07+0200,bac882e5-42a3-48ea-b8e2-c8e889704767,2026-07-21T15:45:00Z,2026-07-21T17:45:00+0200,101.74,EUR/MWh,ES,ES,day_ahead_price,value,2026-08-16T21:17:48Z
2026-08-16T21:11:07Z,2026-08-16T23:11:07+0200,bac882e5-42a3-48ea-b8e2-c8e889704767,2026-07-21T16:00:00Z,2026-07-21T18:00:00+0200,101.74,EUR/MWh,ES,ES,day_ahead_price,value,2026-08-16T21:17:48Z
2026-08-16T21:11:07Z,2026-08-16T23:11:07+0200,bac882e5-42a3-48ea-b8e2-c8e889704767,2026-07-21T16:15:00Z,2026-07-21T18:15:00+0200,113.57,EUR/MWh,ES,ES,day_ahead_price,value,2026-08-16T21:17:48Z
2026-08-16T21:11:07Z,2026-08-16T23:11:07+0200,bac882e5-42a3-48ea-b8e2-c8e889704767,2026-07-21T16:30:00Z,2026-07-21T18:30:00+0200,121.04,EUR/MWh,ES,ES,day_ahead_price,value,2026-08-16T21:17:48Z
2026-08-16T21:11:07Z,2026-08-16T23:11:07+0200,bac882e5-42a3-48ea-b8e2-c8e889704767,2026-07-21T16:45:00Z,2026-07-21T18:45:00+0200,140.0,EUR/MWh,ES,ES,day_ahead_price,value,2026-08-16T21:17:48Z
2026-08-16T21:11:07Z,2026-08-16T23:11:07+0200,bac882e5-42a3-48ea-b8e2-c8e889704767,2026-07-21T17:00:00Z,2026-07-21T19:00:00+0200,133.74,EUR/MWh,ES,ES,day_ahead_price,value,2026-08-16T21:17:48Z
2026-08-16T21:11:07Z,2026-08-16T23:11:07+0200,bac882e5-42a3-48ea-b8e2-c8e889704767,2026-07-21T17:15:00Z,2026-07-21T19:15:00+0200,150.43,EUR/MWh,ES,ES,day_ahead_price,value,2026-08-16T21:17:48Z
2026-08-16T21:11:07Z,2026-08-16T23:11:07+0200,bac882e5-42a3-48ea-b8e2-c8e889704767,2026-07-21T17:30:00Z,2026-07-21T19:30:00+0200,159.56,EUR/MWh,ES,ES,day_ahead_price,value,2026-08-16T21:17:48Z
2026-08-16T21:11:07Z,2026-08-16T23:11:07+0200,bac882e5-42a3-48ea-b8e2-c8e889704767,2026-07-21T17:45:00Z,2026-07-21T19:45:00+0200,166.0,EUR/MWh,ES,ES,day_ahead_price,value,2026-08-16T21:17:48Z
2026-08-16T21:11:07Z,2026-08-16T23:11:07+0200,bac882e5-42a3-48ea-b8e2-c8e889704767,2026-07-21T18:00:00Z,2026-07-21T20:00:00+0200,158.47,EUR/MWh,ES,ES,day_ahead_price,value,2026-08-16T21:17:48Z
2026-08-16T21:11:07Z,2026-08-16T23:11:07+0200,bac882e5-42a3-48ea-b8e2-c8e889704767,2026-07-21T18:15:00Z,2026-07-21T20:15:00+0200,167.0,EUR/MWh,ES,ES,day_ahead_price,value,2026-08-16T21:17:48Z
2026-08-16T21:11:07Z,2026-08-16T23:11:07+0200,bac882e5-42a3-48ea-b8e2-c8e889704767,2026-07-21T18:30:00Z,2026-07-21T20:30:00+0200,171.13,EUR/MWh,ES,ES,day_ahead_price,value,2026-08-16T21:17:48Z
2026-08-16T21:11:07Z,2026-08-16T23:11:07+0200,bac882e5-42a3-48ea-b8e2-c8e889704767,2026-07-21T18:45:00Z,2026-07-21T20:45:00+0200,174.5,EUR/MWh,ES,ES,day_ahead_price,value,2026-08-16T21:17:48Z
2026-08-16T21:11:07Z,2026-08-16T23:11:07+0200,bac882e5-42a3-48ea-b8e2-c8e889704767,2026-07-21T19:00:00Z,2026-07-21T21:00:00+0200,174.5,EUR/MWh,ES,ES,day_ahead_price,value,2026-08-16T21:17:48Z
2026-08-16T21:11:07Z,2026-08-16T23:11:07+0200,bac882e5-42a3-48ea-b8e2-c8e889704767,2026-07-21T19:15:00Z,2026-07-21T21:15:00+0200,175.83,EUR/MWh,ES,ES,day_ahead_price,value,2026-08-16T21:17:48Z
2026-08-16T21:11:07Z,2026-08-16T23:11:07+0200,bac882e5-42a3-48ea-b8e2-c8e889704767,2026-07-21T19:30:00Z,2026-07-21T21:30:00+0200,176.43,EUR/MWh,ES,ES,day_ahead_price,value,2026-08-16T21:17:48Z
2026-08-16T21:11:07Z,2026-08-16T23:11:07+0200,bac882e5-42a3-48ea-b8e2-c8e889704767,2026-07-21T19:45:00Z,2026-07-21T21:45:00+0200,176.24,EUR/MWh,ES,ES,day_ahead_price,value,2026-08-16T21:17:48Z
2026-08-16T21:11:07Z,2026-08-16T23:11:07+0200,bac882e5-42a3-48ea-b8e2-c8e889704767,2026-07-21T20:00:00Z,2026-07-21T22:00:00+0200,176.67,EUR/MWh,ES,ES,day_ahead_price,value,2026-08-16T21:17:48Z
2026-08-16T21:11:07Z,2026-08-16T23:11:07+0200,bac882e5-42a3-48ea-b8e2-c8e889704767,2026-07-21T20:15:00Z,2026-07-21T22:15:00+0200,175.0,EUR/MWh,ES,ES,day_ahead_price,value,2026-08-16T21:17:48Z
2026-08-16T21:11:07Z,2026-08-16T23:11:07+0200,bac882e5-42a3-48ea-b8e2-c8e889704767,2026-07-21T20:30:00Z,2026-07-21T22:30:00+0200,174.01,EUR/MWh,ES,ES,day_ahead_price,value,2026-08-16T21:17:48Z
2026-08-16T21:11:07Z,2026-08-16T23:11:07+0200,bac882e5-42a3-48ea-b8e2-c8e889704767,2026-07-21T20:45:00Z,2026-07-21T22:45:00+0200,173.0,EUR/MWh,ES,ES,day_ahead_price,value,2026-08-16T21:17:48Z
2026-08-16T21:11:07Z,2026-08-16T23:11:07+0200,bac882e5-42a3-48ea-b8e2-c8e889704767,2026-07-21T21:00:00Z,2026-07-21T23:00:00+0200,172.0,EUR/MWh,ES,ES,day_ahead_price,value,2026-08-16T21:17:48Z
2026-08-16T21:11:07Z,2026-08-16T23:11:07+0200,bac882e5-42a3-48ea-b8e2-c8e889704767,2026-07-21T21:15:00Z,2026-07-21T23:15:00+0200,170.0,EUR/MWh,ES,ES,day_ahead_price,value,2026-08-16T21:17:48Z
2026-08-16T21:11:07Z,2026-08-16T23:11:07+0200,bac882e5-42a3-48ea-b8e2-c8e889704767,2026-07-21T21:30:00Z,2026-07-21T23:30:00+0200,166.0,EUR/MWh,ES,ES,day_ahead_price,value,2026-08-16T21:17:48Z
2026-08-16T21:11:07Z,2026-08-16T23:11:07+0200,bac882e5-42a3-48ea-b8e2-c8e889704767,2026-07-21T21:45:00Z,2026-07-21T23:45:00+0200,160.7,EUR/MWh,ES,ES,day_ahead_price,value,2026-08-16T21:17:48Z
2026-08-16T21:11:07Z,2026-08-16T23:11:07+0200,bac882e5-42a3-48ea-b8e2-c8e889704767,2026-07-21T22:00:00Z,2026-07-22T00:00:00+0200,174.0,EUR/MWh,ES,ES,day_ahead_price,value,2026-08-16T21:17:48Z
2026-08-16T21:11:07Z,2026-08-16T23:11:07+0200,bac882e5-42a3-48ea-b8e2-c8e889704767,2026-07-21T22:15:00Z,2026-07-22T00:15:00+0200,173.0,EUR/MWh,ES,ES,day_ahead_price,value,2026-08-16T21:17:48Z
2026-08-16T21:11:07Z,2026-08-16T23:11:07+0200,bac882e5-42a3-48ea-b8e2-c8e889704767,2026-07-21T22:30:00Z,2026-07-22T00:30:00+0200,172.0,EUR/MWh,ES,ES,day_ahead_price,value,2026-08-16T21:17:48Z
2026-08-16T21:11:07Z,2026-08-16T23:11:07+0200,bac882e5-42a3-48ea-b8e2-c8e889704767,2026-07-21T22:45:00Z,2026-07-22T00:45:00+0200,171.0,EUR/MWh,ES,ES,day_ahead_price,value,2026-08-16T21:17:48Z
2026-08-16T21:11:07Z,2026-08-16T23:11:07+0200,bac882e5-42a3-48ea-b8e2-c8e889704767,2026-07-21T23:00:00Z,2026-07-22T01:00:00+0200,166.0,EUR/MWh,ES,ES,day_ahead_price,value,2026-08-16T21:17:48Z
2026-08-16T21:11:07Z,2026-08-16T23:11:07+0200,bac882e5-42a3-48ea-b8e2-c8e889704767,2026-07-21T23:15:00Z,2026-07-22T01:15:00+0200,162.96,EUR/MWh,ES,ES,day_ahead_price,value,2026-08-16T21:17:48Z
2026-08-16T21:11:07Z,2026-08-16T23:11:07+0200,bac882e5-42a3-48ea-b8e2-c8e889704767,2026-07-21T23:30:00Z,2026-07-22T01:30:00+0200,161.4,EUR/MWh,ES,ES,day_ahead_price,value,2026-08-16T21:17:48Z
2026-08-16T21:11:07Z,2026-08-16T23:11:07+0200,bac882e5-42a3-48ea-b8e2-c8e889704767,2026-07-21T23:45:00Z,2026-07-22T01:45:00+0200,160.32,EUR/MWh,ES,ES,day_ahead_price,value,2026-08-16T21:17:48Z
2026-08-16T21:11:07Z,2026-08-16T23:11:07+0200,bac882e5-42a3-48ea-b8e2-c8e889704767,2026-07-22T00:00:00Z,2026-07-22T02:00:00+0200,162.92,EUR/MWh,ES,ES,day_ahead_price,value,2026-08-16T21:17:48Z
2026-08-16T21:11:07Z,2026-08-16T23:11:07+0200,bac882e5-42a3-48ea-b8e2-c8e889704767,2026-07-22T00:15:00Z,2026-07-22T02:15:00+0200,162.92,EUR/MWh,ES,ES,day_ahead_price,value,2026-08-16T21:17:48Z
2026-08-16T21:11:07Z,2026-08-16T23:11:07+0200,bac882e5-42a3-48ea-b8e2-c8e889704767,2026-07-22T00:30:00Z,2026-07-22T02:30:00+0200,162.92,EUR/MWh,ES,ES,day_ahead_price,value,2026-08-16T21:17:48Z
2026-08-16T21:11:07Z,2026-08-16T23:11:07+0200,bac882e5-42a3-48ea-b8e2-c8e889704767,2026-07-22T00:45:00Z,2026-07-22T02:45:00+0200,163.0,EUR/MWh,ES,ES,day_ahead_price,value,2026-08-16T21:17:48Z
2026-08-16T21:11:07Z,2026-08-16T23:11:07+0200,bac882e5-42a3-48ea-b8e2-c8e889704767,2026-07-22T01:00:00Z,2026-07-22T03:00:00+0200,162.89,EUR/MWh,ES,ES,day_ahead_price,value,2026-08-16T21:17:48Z
2026-08-16T21:11:07Z,2026-08-16T23:11:07+0200,bac882e5-42a3-48ea-b8e2-c8e889704767,2026-07-22T01:15:00Z,2026-07-22T03:15:00+0200,162.89,EUR/MWh,ES,ES,day_ahead_price,value,2026-08-16T21:17:48Z
2026-08-16T21:11:07Z,2026-08-16T23:11:07+0200,bac882e5-42a3-48ea-b8e2-c8e889704767,2026-07-22T01:30:00Z,2026-07-22T03:30:00+0200,164.0,EUR/MWh,ES,ES,day_ahead_price,value,2026-08-16T21:17:48Z
2026-08-16T21:11:07Z,2026-08-16T23:11:07+0200,bac882e5-42a3-48ea-b8e2-c8e889704767,2026-07-22T01:45:00Z,2026-07-22T03:45:00+0200,166.0,EUR/MWh,ES,ES,day_ahead_price,value,2026-08-16T21:17:48Z
2026-08-16T21:11:07Z,2026-08-16T23:11:07+0200,bac882e5-42a3-48ea-b8e2-c8e889704767,2026-07-22T02:00:00Z,2026-07-22T04:00:00+0200,166.0,EUR/MWh,ES,ES,day_ahead_price,value,2026-08-16T21:17:48Z
2026-08-16T21:11:07Z,2026-08-16T23:11:07+0200,bac882e5-42a3-48ea-b8e2-c8e889704767,2026-07-22T02:15:00Z,2026-07-22T04:15:00+0200,166.0,EUR/MWh,ES,ES,day_ahead_price,value,2026-08-16T21:17:48Z
2026-08-16T21:11:07Z,2026-08-16T23:11:07+0200,bac882e5-42a3-48ea-b8e2-c8e889704767,2026-07-22T02:30:00Z,2026-07-22T04:30:00+0200,167.0,EUR/MWh,ES,ES,day_ahead_price,value,2026-08-16T21:17:48Z
2026-08-16T21:11:07Z,2026-08-16T23:11:07+0200,bac882e5-42a3-48ea-b8e2-c8e889704767,2026-07-22T02:45:00Z,2026-07-22T04:45:00+0200,169.74,EUR/MWh,ES,ES,day_ahead_price,value,2026-08-16T21:17:48Z
2026-08-16T21:11:07Z,2026-08-16T23:11:07+0200,bac882e5-42a3-48ea-b8e2-c8e889704767,2026-07-22T03:00:00Z,2026-07-22T05:00:00+0200,169.0,EUR/MWh,ES,ES,day_ahead_price,value,2026-08-16T21:17:48Z
2026-08-16T21:11:07Z,2026-08-16T23:11:07+0200,bac882e5-42a3-48ea-b8e2-c8e889704767,2026-07-22T03:15:00Z,2026-07-22T05:15:00+0200,171.0,EUR/MWh,ES,ES,day_ahead_price,value,2026-08-16T21:17:48Z
2026-08-16T21:11:07Z,2026-08-16T23:11:07+0200,bac882e5-42a3-48ea-b8e2-c8e889704767,2026-07-22T03:30:00Z,2026-07-22T05:30:00+0200,172.0,EUR/MWh,ES,ES,day_ahead_price,value,2026-08-16T21:17:48Z
2026-08-16T21:11:07Z,2026-08-16T23:11:07+0200,bac882e5-42a3-48ea-b8e2-c8e889704767,2026-07-22T03:45:00Z,2026-07-22T05:45:00+0200,174.0,EUR/MWh,ES,ES,day_ahead_price,value,2026-08-16T21:17:48Z
2026-08-16T21:11:07Z,2026-08-16T23:11:07+0200,bac882e5-42a3-48ea-b8e2-c8e889704767,2026-07-22T04:00:00Z,2026-07-22T06:00:00+0200,174.5,EUR/MWh,ES,ES,day_ahead_price,value,2026-08-16T21:17:48Z
2026-08-16T21:11:07Z,2026-08-16T23:11:07+0200,bac882e5-42a3-48ea-b8e2-c8e889704767,2026-07-22T04:15:00Z,2026-07-22T06:15:00+0200,174.5,EUR/MWh,ES,ES,day_ahead_price,value,2026-08-16T21:17:48Z
2026-08-16T21:11:07Z,2026-08-16T23:11:07+0200,bac882e5-42a3-48ea-b8e2-c8e889704767,2026-07-22T04:30:00Z,2026-07-22T06:30:00+0200,176.72,EUR/MWh,ES,ES,day_ahead_price,value,2026-08-16T21:17:48Z
2026-08-16T21:11:07Z,2026-08-16T23:11:07+0200,bac882e5-42a3-48ea-b8e2-c8e889704767,2026-07-22T04:45:00Z,2026-07-22T06:45:00+0200,177.89,EUR/MWh,ES,ES,day_ahead_price,value,2026-08-16T21:17:48Z
2026-08-16T21:11:07Z,2026-08-16T23:11:07+0200,bac882e5-42a3-48ea-b8e2-c8e889704767,2026-07-22T05:00:00Z,2026-07-22T07:00:00+0200,180.98,EUR/MWh,ES,ES,day_ahead_price,value,2026-08-16T21:17:48Z
2026-08-16T21:11:07Z,2026-08-16T23:11:07+0200,bac882e5-42a3-48ea-b8e2-c8e889704767,2026-07-22T05:15:00Z,2026-07-22T07:15:00+0200,180.98,EUR/MWh,ES,ES,day_ahead_price,value,2026-08-16T21:17:48Z
2026-08-16T21:11:07Z,2026-08-16T23:11:07+0200,bac882e5-42a3-48ea-b8e2-c8e889704767,2026-07-22T05:30:00Z,2026-07-22T07:30:00+0200,180.98,EUR/MWh,ES,ES,day_ahead_price,value,2026-08-16T21:17:48Z
2026-08-16T21:11:07Z,2026-08-16T23:11:07+0200,bac882e5-42a3-48ea-b8e2-c8e889704767,2026-07-22T05:45:00Z,2026-07-22T07:45:00+0200,178.01,EUR/MWh,ES,ES,day_ahead_price,value,2026-08-16T21:17:48Z
2026-08-16T21:11:07Z,2026-08-16T23:11:07+0200,bac882e5-42a3-48ea-b8e2-c8e889704767,2026-07-22T06:00:00Z,2026-07-22T08:00:00+0200,180.98,EUR/MWh,ES,ES,day_ahead_price,value,2026-08-16T21:17:48Z
2026-08-16T21:11:07Z,2026-08-16T23:11:07+0200,bac882e5-42a3-48ea-b8e2-c8e889704767,2026-07-22T06:15:00Z,2026-07-22T08:15:00+0200,174.5,EUR/MWh,ES,ES,day_ahead_price,value,2026-08-16T21:17:48Z
2026-08-16T21:11:07Z,2026-08-16T23:11:07+0200,bac882e5-42a3-48ea-b8e2-c8e889704767,2026-07-22T06:30:00Z,2026-07-22T08:30:00+0200,168.0,EUR/MWh,ES,ES,day_ahead_price,value,2026-08-16T21:17:48Z
2026-08-16T21:11:07Z,2026-08-16T23:11:07+0200,bac882e5-42a3-48ea-b8e2-c8e889704767,2026-07-22T06:45:00Z,2026-07-22T08:45:00+0200,174.01,EUR/MWh,ES,ES,day_ahead_price,value,2026-08-16T21:17:48Z
2026-08-16T21:11:07Z,2026-08-16T23:11:07+0200,bac882e5-42a3-48ea-b8e2-c8e889704767,2026-07-22T07:00:00Z,2026-07-22T09:00:00+0200,175.0,EUR/MWh,ES,ES,day_ahead_price,value,2026-08-16T21:17:48Z
2026-08-16T21:11:07Z,2026-08-16T23:11:07+0200,bac882e5-42a3-48ea-b8e2-c8e889704767,2026-07-22T07:15:00Z,2026-07-22T09:15:00+0200,171.0,EUR/MWh,ES,ES,day_ahead_price,value,2026-08-16T21:17:48Z
2026-08-16T21:11:07Z,2026-08-16T23:11:07+0200,bac882e5-42a3-48ea-b8e2-c8e889704767,2026-07-22T07:30:00Z,2026-07-22T09:30:00+0200,160.0,EUR/MWh,ES,ES,day_ahead_price,value,2026-08-16T21:17:48Z
2026-08-16T21:11:07Z,2026-08-16T23:11:07+0200,bac882e5-42a3-48ea-b8e2-c8e889704767,2026-07-22T07:45:00Z,2026-07-22T09:45:00+0200,145.3,EUR/MWh,ES,ES,day_ahead_price,value,2026-08-16T21:17:48Z
2026-08-16T21:11:07Z,2026-08-16T23:11:07+0200,bac882e5-42a3-48ea-b8e2-c8e889704767,2026-07-22T08:00:00Z,2026-07-22T10:00:00+0200,147.7,EUR/MWh,ES,ES,day_ahead_price,value,2026-08-16T21:17:48Z
2026-08-16T21:11:07Z,2026-08-16T23:11:07+0200,bac882e5-42a3-48ea-b8e2-c8e889704767,2026-07-22T08:15:00Z,2026-07-22T10:15:00+0200,129.0,EUR/MWh,ES,ES,day_ahead_price,value,2026-08-16T21:17:48Z
2026-08-16T21:11:07Z,2026-08-16T23:11:07+0200,bac882e5-42a3-48ea-b8e2-c8e889704767,2026-07-22T08:30:00Z,2026-07-22T10:30:00+0200,119.8,EUR/MWh,ES,ES,day_ahead_price,value,2026-08-16T21:17:48Z
2026-08-16T21:11:07Z,2026-08-16T23:11:07+0200,bac882e5-42a3-48ea-b8e2-c8e889704767,2026-07-22T08:45:00Z,2026-07-22T10:45:00+0200,109.04,EUR/MWh,ES,ES,day_ahead_price,value,2026-08-16T21:17:48Z
2026-08-16T21:11:07Z,2026-08-16T23:11:07+0200,bac882e5-42a3-48ea-b8e2-c8e889704767,2026-07-22T09:00:00Z,2026-07-22T11:00:00+0200,106.2,EUR/MWh,ES,ES,day_ahead_price,value,2026-08-16T21:17:48Z
2026-08-16T21:11:07Z,2026-08-16T23:11:07+0200,bac882e5-42a3-48ea-b8e2-c8e889704767,2026-07-22T09:15:00Z,2026-07-22T11:15:00+0200,105.0,EUR/MWh,ES,ES,day_ahead_price,value,2026-08-16T21:17:48Z
2026-08-16T21:11:07Z,2026-08-16T23:11:07+0200,bac882e5-42a3-48ea-b8e2-c8e889704767,2026-07-22T09:30:00Z,2026-07-22T11:30:00+0200,99.13,EUR/MWh,ES,ES,day_ahead_price,value,2026-08-16T21:17:48Z
2026-08-16T21:11:07Z,2026-08-16T23:11:07+0200,bac882e5-42a3-48ea-b8e2-c8e889704767,2026-07-22T09:45:00Z,2026-07-22T11:45:00+0200,97.5,EUR/MWh,ES,ES,day_ahead_price,value,2026-08-16T21:17:48Z
2026-08-16T21:11:07Z,2026-08-16T23:11:07+0200,bac882e5-42a3-48ea-b8e2-c8e889704767,2026-07-22T10:00:00Z,2026-07-22T12:00:00+0200,95.1,EUR/MWh,ES,ES,day_ahead_price,value,2026-08-16T21:17:48Z
2026-08-16T21:11:07Z,2026-08-16T23:11:07+0200,bac882e5-42a3-48ea-b8e2-c8e889704767,2026-07-22T10:15:00Z,2026-07-22T12:15:00+0200,95.01,EUR/MWh,ES,ES,day_ahead_price,value,2026-08-16T21:17:48Z
2026-08-16T21:11:07Z,2026-08-16T23:11:07+0200,bac882e5-42a3-48ea-b8e2-c8e889704767,2026-07-22T10:30:00Z,2026-07-22T12:30:00+0200,95.0,EUR/MWh,ES,ES,day_ahead_price,value,2026-08-16T21:17:48Z
2026-08-16T21:11:07Z,2026-08-16T23:11:07+0200,bac882e5-42a3-48ea-b8e2-c8e889704767,2026-07-22T10:45:00Z,2026-07-22T12:45:00+0200,94.52,EUR/MWh,ES,ES,day_ahead_price,value,2026-08-16T21:17:48Z
2026-08-16T21:11:07Z,2026-08-16T23:11:07+0200,bac882e5-42a3-48ea-b8e2-c8e889704767,2026-07-22T11:00:00Z,2026-07-22T13:00:00+0200,94.52,EUR/MWh,ES,ES,day_ahead_price,value,2026-08-16T21:17:48Z
2026-08-16T21:11:07Z,2026-08-16T23:11:07+0200,bac882e5-42a3-48ea-b8e2-c8e889704767,2026-07-22T11:15:00Z,2026-07-22T13:15:00+0200,94.52,EUR/MWh,ES,ES,day_ahead_price,value,2026-08-16T21:17:48Z
2026-08-16T21:11:07Z,2026-08-16T23:11:07+0200,bac882e5-42a3-48ea-b8e2-c8e889704767,2026-07-22T11:30:00Z,2026-07-22T13:30:00+0200,94.15,EUR/MWh,ES,ES,day_ahead_price,value,2026-08-16T21:17:48Z
2026-08-16T21:11:07Z,2026-08-16T23:11:07+0200,bac882e5-42a3-48ea-b8e2-c8e889704767,2026-07-22T11:45:00Z,2026-07-22T13:45:00+0200,93.51,EUR/MWh,ES,ES,day_ahead_price,value,2026-08-16T21:17:48Z
2026-08-16T21:11:07Z,2026-08-16T23:11:07+0200,bac882e5-42a3-48ea-b8e2-c8e889704767,2026-07-22T12:00:00Z,2026-07-22T14:00:00+0200,93.51,EUR/MWh,ES,ES,day_ahead_price,value,2026-08-16T21:17:48Z
2026-08-16T21:11:07Z,2026-08-16T23:11:07+0200,bac882e5-42a3-48ea-b8e2-c8e889704767,2026-07-22T12:15:00Z,2026-07-22T14:15:00+0200,93.51,EUR/MWh,ES,ES,day_ahead_price,value,2026-08-16T21:17:48Z
2026-08-16T21:11:07Z,2026-08-16T23:11:07+0200,bac882e5-42a3-48ea-b8e2-c8e889704767,2026-07-22T12:30:00Z,2026-07-22T14:30:00+0200,93.0,EUR/MWh,ES,ES,day_ahead_price,value,2026-08-16T21:17:48Z
2026-08-16T21:11:07Z,2026-08-16T23:11:07+0200,bac882e5-42a3-48ea-b8e2-c8e889704767,2026-07-22T12:45:00Z,2026-07-22T14:45:00+0200,92.01,EUR/MWh,ES,ES,day_ahead_price,value,2026-08-16T21:17:48Z
2026-08-16T21:11:07Z,2026-08-16T23:11:07+0200,bac882e5-42a3-48ea-b8e2-c8e889704767,2026-07-22T13:00:00Z,2026-07-22T15:00:00+0200,91.72,EUR/MWh,ES,ES,day_ahead_price,value,2026-08-16T21:17:48Z
2026-08-16T21:11:07Z,2026-08-16T23:11:07+0200,bac882e5-42a3-48ea-b8e2-c8e889704767,2026-07-22T13:15:00Z,2026-07-22T15:15:00+0200,90.0,EUR/MWh,ES,ES,day_ahead_price,value,2026-08-16T21:17:48Z
2026-08-16T21:11:07Z,2026-08-16T23:11:07+0200,bac882e5-42a3-48ea-b8e2-c8e889704767,2026-07-22T13:30:00Z,2026-07-22T15:30:00+0200,90.0,EUR/MWh,ES,ES,day_ahead_price,value,2026-08-16T21:17:48Z
2026-08-16T21:11:07Z,2026-08-16T23:11:07+0200,bac882e5-42a3-48ea-b8e2-c8e889704767,2026-07-22T13:45:00Z,2026-07-22T15:45:00+0200,90.0,EUR/MWh,ES,ES,day_ahead_price,value,2026-08-16T21:17:48Z
2026-08-16T21:11:07Z,2026-08-16T23:11:07+0200,bac882e5-42a3-48ea-b8e2-c8e889704767,2026-07-22T14:00:00Z,2026-07-22T16:00:00+0200,90.0,EUR/MWh,ES,ES,day_ahead_price,value,2026-08-16T21:17:48Z
2026-08-16T21:11:07Z,2026-08-16T23:11:07+0200,bac882e5-42a3-48ea-b8e2-c8e889704767,2026-07-22T14:15:00Z,2026-07-22T16:15:00+0200,90.78,EUR/MWh,ES,ES,day_ahead_price,value,2026-08-16T21:17:48Z
2026-08-16T21:11:07Z,2026-08-16T23:11:07+0200,bac882e5-42a3-48ea-b8e2-c8e889704767,2026-07-22T14:30:00Z,2026-07-22T16:30:00+0200,92.52,EUR/MWh,ES,ES,day_ahead_price,value,2026-08-16T21:17:48Z
2026-08-16T21:11:07Z,2026-08-16T23:11:07+0200,bac882e5-42a3-48ea-b8e2-c8e889704767,2026-07-22T14:45:00Z,2026-07-22T16:45:00+0200,94.01,EUR/MWh,ES,ES,day_ahead_price,value,2026-08-16T21:17:48Z
2026-08-16T21:11:07Z,2026-08-16T23:11:07+0200,bac882e5-42a3-48ea-b8e2-c8e889704767,2026-07-22T15:00:00Z,2026-07-22T17:00:00+0200,94.52,EUR/MWh,ES,ES,day_ahead_price,value,2026-08-16T21:17:48Z
2026-08-16T21:11:07Z,2026-08-16T23:11:07+0200,bac882e5-42a3-48ea-b8e2-c8e889704767,2026-07-22T15:15:00Z,2026-07-22T17:15:00+0200,95.01,EUR/MWh,ES,ES,day_ahead_price,value,2026-08-16T21:17:48Z
2026-08-16T21:11:07Z,2026-08-16T23:11:07+0200,bac882e5-42a3-48ea-b8e2-c8e889704767,2026-07-22T15:30:00Z,2026-07-22T17:30:00+0200,98.96,EUR/MWh,ES,ES,day_ahead_price,value,2026-08-16T21:17:48Z
2026-08-16T21:11:07Z,2026-08-16T23:11:07+0200,bac882e5-42a3-48ea-b8e2-c8e889704767,2026-07-22T15:45:00Z,2026-07-22T17:45:00+0200,104.6,EUR/MWh,ES,ES,day_ahead_price,value,2026-08-16T21:17:48Z
2026-08-16T21:11:07Z,2026-08-16T23:11:07+0200,bac882e5-42a3-48ea-b8e2-c8e889704767,2026-07-22T16:00:00Z,2026-07-22T18:00:00+0200,100.0,EUR/MWh,ES,ES,day_ahead_price,value,2026-08-16T21:17:48Z
2026-08-16T21:11:07Z,2026-08-16T23:11:07+0200,bac882e5-42a3-48ea-b8e2-c8e889704767,2026-07-22T16:15:00Z,2026-07-22T18:15:00+0200,111.4,EUR/MWh,ES,ES,day_ahead_price,value,2026-08-16T21:17:48Z
2026-08-16T21:11:07Z,2026-08-16T23:11:07+0200,bac882e5-42a3-48ea-b8e2-c8e889704767,2026-07-22T16:30:00Z,2026-07-22T18:30:00+0200,123.84,EUR/MWh,ES,ES,day_ahead_price,value,2026-08-16T21:17:48Z
2026-08-16T21:11:07Z,2026-08-16T23:11:07+0200,bac882e5-42a3-48ea-b8e2-c8e889704767,2026-07-22T16:45:00Z,2026-07-22T18:45:00+0200,142.68,EUR/MWh,ES,ES,day_ahead_price,value,2026-08-16T21:17:48Z
2026-08-16T21:11:07Z,2026-08-16T23:11:07+0200,bac882e5-42a3-48ea-b8e2-c8e889704767,2026-07-22T17:00:00Z,2026-07-22T19:00:00+0200,143.13,EUR/MWh,ES,ES,day_ahead_price,value,2026-08-16T21:17:48Z
2026-08-16T21:11:07Z,2026-08-16T23:11:07+0200,bac882e5-42a3-48ea-b8e2-c8e889704767,2026-07-22T17:15:00Z,2026-07-22T19:15:00+0200,158.36,EUR/MWh,ES,ES,day_ahead_price,value,2026-08-16T21:17:48Z
2026-08-16T21:11:07Z,2026-08-16T23:11:07+0200,bac882e5-42a3-48ea-b8e2-c8e889704767,2026-07-22T17:30:00Z,2026-07-22T19:30:00+0200,162.86,EUR/MWh,ES,ES,day_ahead_price,value,2026-08-16T21:17:48Z
2026-08-16T21:11:07Z,2026-08-16T23:11:07+0200,bac882e5-42a3-48ea-b8e2-c8e889704767,2026-07-22T17:45:00Z,2026-07-22T19:45:00+0200,174.0,EUR/MWh,ES,ES,day_ahead_price,value,2026-08-16T21:17:48Z
2026-08-16T21:11:07Z,2026-08-16T23:11:07+0200,bac882e5-42a3-48ea-b8e2-c8e889704767,2026-07-22T18:00:00Z,2026-07-22T20:00:00+0200,159.94,EUR/MWh,ES,ES,day_ahead_price,value,2026-08-16T21:17:48Z
2026-08-16T21:11:07Z,2026-08-16T23:11:07+0200,bac882e5-42a3-48ea-b8e2-c8e889704767,2026-07-22T18:15:00Z,2026-07-22T20:15:00+0200,173.0,EUR/MWh,ES,ES,day_ahead_price,value,2026-08-16T21:17:48Z
2026-08-16T21:11:07Z,2026-08-16T23:11:07+0200,bac882e5-42a3-48ea-b8e2-c8e889704767,2026-07-22T18:30:00Z,2026-07-22T20:30:00+0200,180.98,EUR/MWh,ES,ES,day_ahead_price,value,2026-08-16T21:17:48Z
2026-08-16T21:11:07Z,2026-08-16T23:11:07+0200,bac882e5-42a3-48ea-b8e2-c8e889704767,2026-07-22T18:45:00Z,2026-07-22T20:45:00+0200,201.7,EUR/MWh,ES,ES,day_ahead_price,value,2026-08-16T21:17:48Z
2026-08-16T21:11:07Z,2026-08-16T23:11:07+0200,bac882e5-42a3-48ea-b8e2-c8e889704767,2026-07-22T19:00:00Z,2026-07-22T21:00:00+0200,200.0,EUR/MWh,ES,ES,day_ahead_price,value,2026-08-16T21:17:48Z
2026-08-16T21:11:07Z,2026-08-16T23:11:07+0200,bac882e5-42a3-48ea-b8e2-c8e889704767,2026-07-22T19:15:00Z,2026-07-22T21:15:00+0200,234.87,EUR/MWh,ES,ES,day_ahead_price,value,2026-08-16T21:17:48Z
2026-08-16T21:11:07Z,2026-08-16T23:11:07+0200,bac882e5-42a3-48ea-b8e2-c8e889704767,2026-07-22T19:30:00Z,2026-07-22T21:30:00+0200,253.63,EUR/MWh,ES,ES,day_ahead_price,value,2026-08-16T21:17:48Z
2026-08-16T21:11:07Z,2026-08-16T23:11:07+0200,bac882e5-42a3-48ea-b8e2-c8e889704767,2026-07-22T19:45:00Z,2026-07-22T21:45:00+0200,287.9,EUR/MWh,ES,ES,day_ahead_price,value,2026-08-16T21:17:48Z
2026-08-16T21:11:07Z,2026-08-16T23:11:07+0200,bac882e5-42a3-48ea-b8e2-c8e889704767,2026-07-22T20:00:00Z,2026-07-22T22:00:00+0200,251.0,EUR/MWh,ES,ES,day_ahead_price,value,2026-08-16T21:17:48Z
2026-08-16T21:11:07Z,2026-08-16T23:11:07+0200,bac882e5-42a3-48ea-b8e2-c8e889704767,2026-07-22T20:15:00Z,2026-07-22T22:15:00+0200,250.0,EUR/MWh,ES,ES,day_ahead_price,value,2026-08-16T21:17:48Z
2026-08-16T21:11:07Z,2026-08-16T23:11:07+0200,bac882e5-42a3-48ea-b8e2-c8e889704767,2026-07-22T20:30:00Z,2026-07-22T22:30:00+0200,222.01,EUR/MWh,ES,ES,day_ahead_price,value,2026-08-16T21:17:48Z
2026-08-16T21:11:07Z,2026-08-16T23:11:07+0200,bac882e5-42a3-48ea-b8e2-c8e889704767,2026-07-22T20:45:00Z,2026-07-22T22:45:00+0200,200.14,EUR/MWh,ES,ES,day_ahead_price,value,2026-08-16T21:17:48Z
2026-08-16T21:11:07Z,2026-08-16T23:11:07+0200,bac882e5-42a3-48ea-b8e2-c8e889704767,2026-07-22T21:00:00Z,2026-07-22T23:00:00+0200,199.21,EUR/MWh,ES,ES,day_ahead_price,value,2026-08-16T21:17:48Z
2026-08-16T21:11:07Z,2026-08-16T23:11:07+0200,bac882e5-42a3-48ea-b8e2-c8e889704767,2026-07-22T21:15:00Z,2026-07-22T23:15:00+0200,193.13,EUR/MWh,ES,ES,day_ahead_price,value,2026-08-16T21:17:48Z
2026-08-16T21:11:07Z,2026-08-16T23:11:07+0200,bac882e5-42a3-48ea-b8e2-c8e889704767,2026-07-22T21:30:00Z,2026-07-22T23:30:00+0200,185.38,EUR/MWh,ES,ES,day_ahead_price,value,2026-08-16T21:17:48Z
2026-08-16T21:11:07Z,2026-08-16T23:11:07+0200,bac882e5-42a3-48ea-b8e2-c8e889704767,2026-07-22T21:45:00Z,2026-07-22T23:45:00+0200,180.98,EUR/MWh,ES,ES,day_ahead_price,value,2026-08-16T21:17:48Z
2026-08-16T21:11:07Z,2026-08-16T23:11:07+0200,bac882e5-42a3-48ea-b8e2-c8e889704767,2026-07-22T22:00:00Z,2026-07-23T00:00:00+0200,190.76,EUR/MWh,ES,ES,day_ahead_price,value,2026-08-16T21:17:48Z
2026-08-16T21:11:07Z,2026-08-16T23:11:07+0200,bac882e5-42a3-48ea-b8e2-c8e889704767,2026-07-22T22:15:00Z,2026-07-23T00:15:00+0200,189.0,EUR/MWh,ES,ES,day_ahead_price,value,2026-08-16T21:17:48Z
2026-08-16T21:11:07Z,2026-08-16T23:11:07+0200,bac882e5-42a3-48ea-b8e2-c8e889704767,2026-07-22T22:30:00Z,2026-07-23T00:30:00+0200,184.99,EUR/MWh,ES,ES,day_ahead_price,value,2026-08-16T21:17:48Z
2026-08-16T21:11:07Z,2026-08-16T23:11:07+0200,bac882e5-42a3-48ea-b8e2-c8e889704767,2026-07-22T22:45:00Z,2026-07-23T00:45:00+0200,182.98,EUR/MWh,ES,ES,day_ahead_price,value,2026-08-16T21:17:48Z
2026-08-16T21:11:07Z,2026-08-16T23:11:07+0200,bac882e5-42a3-48ea-b8e2-c8e889704767,2026-07-22T23:00:00Z,2026-07-23T01:00:00+0200,180.01,EUR/MWh,ES,ES,day_ahead_price,value,2026-08-16T21:17:48Z
2026-08-16T21:11:07Z,2026-08-16T23:11:07+0200,bac882e5-42a3-48ea-b8e2-c8e889704767,2026-07-22T23:15:00Z,2026-07-23T01:15:00+0200,178.01,EUR/MWh,ES,ES,day_ahead_price,value,2026-08-16T21:17:48Z
2026-08-16T21:11:07Z,2026-08-16T23:11:07+0200,bac882e5-42a3-48ea-b8e2-c8e889704767,2026-07-22T23:30:00Z,2026-07-23T01:30:00+0200,175.32,EUR/MWh,ES,ES,day_ahead_price,value,2026-08-16T21:17:48Z
2026-08-16T21:11:07Z,2026-08-16T23:11:07+0200,bac882e5-42a3-48ea-b8e2-c8e889704767,2026-07-22T23:45:00Z,2026-07-23T01:45:00+0200,174.84,EUR/MWh,ES,ES,day_ahead_price,value,2026-08-16T21:17:48Z
2026-08-16T21:11:07Z,2026-08-16T23:11:07+0200,bac882e5-42a3-48ea-b8e2-c8e889704767,2026-07-23T00:00:00Z,2026-07-23T02:00:00+0200,174.84,EUR/MWh,ES,ES,day_ahead_price,value,2026-08-16T21:17:48Z
2026-08-16T21:11:07Z,2026-08-16T23:11:07+0200,bac882e5-42a3-48ea-b8e2-c8e889704767,2026-07-23T00:15:00Z,2026-07-23T02:15:00+0200,174.6,EUR/MWh,ES,ES,day_ahead_price,value,2026-08-16T21:17:48Z
2026-08-16T21:11:07Z,2026-08-16T23:11:07+0200,bac882e5-42a3-48ea-b8e2-c8e889704767,2026-07-23T00:30:00Z,2026-07-23T02:30:00+0200,174.5,EUR/MWh,ES,ES,day_ahead_price,value,2026-08-16T21:17:48Z
2026-08-16T21:11:07Z,2026-08-16T23:11:07+0200,bac882e5-42a3-48ea-b8e2-c8e889704767,2026-07-23T00:45:00Z,2026-07-23T02:45:00+0200,174.5,EUR/MWh,ES,ES,day_ahead_price,value,2026-08-16T21:17:48Z
2026-08-16T21:11:07Z,2026-08-16T23:11:07+0200,bac882e5-42a3-48ea-b8e2-c8e889704767,2026-07-23T01:00:00Z,2026-07-23T03:00:00+0200,174.01,EUR/MWh,ES,ES,day_ahead_price,value,2026-08-16T21:17:48Z
2026-08-16T21:11:07Z,2026-08-16T23:11:07+0200,bac882e5-42a3-48ea-b8e2-c8e889704767,2026-07-23T01:15:00Z,2026-07-23T03:15:00+0200,174.0,EUR/MWh,ES,ES,day_ahead_price,value,2026-08-16T21:17:48Z
2026-08-16T21:11:07Z,2026-08-16T23:11:07+0200,bac882e5-42a3-48ea-b8e2-c8e889704767,2026-07-23T01:30:00Z,2026-07-23T03:30:00+0200,174.0,EUR/MWh,ES,ES,day_ahead_price,value,2026-08-16T21:17:48Z
2026-08-16T21:11:07Z,2026-08-16T23:11:07+0200,bac882e5-42a3-48ea-b8e2-c8e889704767,2026-07-23T01:45:00Z,2026-07-23T03:45:00+0200,174.0,EUR/MWh,ES,ES,day_ahead_price,value,2026-08-16T21:17:48Z
2026-08-16T21:11:07Z,2026-08-16T23:11:07+0200,bac882e5-42a3-48ea-b8e2-c8e889704767,2026-07-23T02:00:00Z,2026-07-23T04:00:00+0200,174.0,EUR/MWh,ES,ES,day_ahead_price,value,2026-08-16T21:17:48Z
2026-08-16T21:11:07Z,2026-08-16T23:11:07+0200,bac882e5-42a3-48ea-b8e2-c8e889704767,2026-07-23T02:15:00Z,2026-07-23T04:15:00+0200,174.0,EUR/MWh,ES,ES,day_ahead_price,value,2026-08-16T21:17:48Z
2026-08-16T21:11:07Z,2026-08-16T23:11:07+0200,bac882e5-42a3-48ea-b8e2-c8e889704767,2026-07-23T02:30:00Z,2026-07-23T04:30:00+0200,174.01,EUR/MWh,ES,ES,day_ahead_price,value,2026-08-16T21:17:48Z
2026-08-16T21:11:07Z,2026-08-16T23:11:07+0200,bac882e5-42a3-48ea-b8e2-c8e889704767,2026-07-23T02:45:00Z,2026-07-23T04:45:00+0200,174.01,EUR/MWh,ES,ES,day_ahead_price,value,2026-08-16T21:17:48Z
2026-08-16T21:11:07Z,2026-08-16T23:11:07+0200,bac882e5-42a3-48ea-b8e2-c8e889704767,2026-07-23T03:00:00Z,2026-07-23T05:00:00+0200,174.0,EUR/MWh,ES,ES,day_ahead_price,value,2026-08-16T21:17:48Z
2026-08-16T21:11:07Z,2026-08-16T23:11:07+0200,bac882e5-42a3-48ea-b8e2-c8e889704767,2026-07-23T03:15:00Z,2026-07-23T05:15:00+0200,174.0,EUR/MWh,ES,ES,day_ahead_price,value,2026-08-16T21:17:48Z
2026-08-16T21:11:07Z,2026-08-16T23:11:07+0200,bac882e5-42a3-48ea-b8e2-c8e889704767,2026-07-23T03:30:00Z,2026-07-23T05:30:00+0200,174.5,EUR/MWh,ES,ES,day_ahead_price,value,2026-08-16T21:17:48Z
2026-08-16T21:11:07Z,2026-08-16T23:11:07+0200,bac882e5-42a3-48ea-b8e2-c8e889704767,2026-07-23T03:45:00Z,2026-07-23T05:45:00+0200,174.5,EUR/MWh,ES,ES,day_ahead_price,value,2026-08-16T21:17:48Z
2026-08-16T21:11:07Z,2026-08-16T23:11:07+0200,bac882e5-42a3-48ea-b8e2-c8e889704767,2026-07-23T04:00:00Z,2026-07-23T06:00:00+0200,174.0,EUR/MWh,ES,ES,day_ahead_price,value,2026-08-16T21:17:48Z
2026-08-16T21:11:07Z,2026-08-16T23:11:07+0200,bac882e5-42a3-48ea-b8e2-c8e889704767,2026-07-23T04:15:00Z,2026-07-23T06:15:00+0200,174.01,EUR/MWh,ES,ES,day_ahead_price,value,2026-08-16T21:17:48Z
2026-08-16T21:11:07Z,2026-08-16T23:11:07+0200,bac882e5-42a3-48ea-b8e2-c8e889704767,2026-07-23T04:30:00Z,2026-07-23T06:30:00+0200,174.84,EUR/MWh,ES,ES,day_ahead_price,value,2026-08-16T21:17:48Z
2026-08-16T21:11:07Z,2026-08-16T23:11:07+0200,bac882e5-42a3-48ea-b8e2-c8e889704767,2026-07-23T04:45:00Z,2026-07-23T06:45:00+0200,174.84,EUR/MWh,ES,ES,day_ahead_price,value,2026-08-16T21:17:48Z
2026-08-16T21:11:07Z,2026-08-16T23:11:07+0200,bac882e5-42a3-48ea-b8e2-c8e889704767,2026-07-23T05:00:00Z,2026-07-23T07:00:00+0200,174.84,EUR/MWh,ES,ES,day_ahead_price,value,2026-08-16T21:17:48Z
2026-08-16T21:11:07Z,2026-08-16T23:11:07+0200,bac882e5-42a3-48ea-b8e2-c8e889704767,2026-07-23T05:15:00Z,2026-07-23T07:15:00+0200,174.84,EUR/MWh,ES,ES,day_ahead_price,value,2026-08-16T21:17:48Z
2026-08-16T21:11:07Z,2026-08-16T23:11:07+0200,bac882e5-42a3-48ea-b8e2-c8e889704767,2026-07-23T05:30:00Z,2026-07-23T07:30:00+0200,174.5,EUR/MWh,ES,ES,day_ahead_price,value,2026-08-16T21:17:48Z
2026-08-16T21:11:07Z,2026-08-16T23:11:07+0200,bac882e5-42a3-48ea-b8e2-c8e889704767,2026-07-23T05:45:00Z,2026-07-23T07:45:00+0200,172.0,EUR/MWh,ES,ES,day_ahead_price,value,2026-08-16T21:17:48Z
2026-08-16T21:11:07Z,2026-08-16T23:11:07+0200,bac882e5-42a3-48ea-b8e2-c8e889704767,2026-07-23T06:00:00Z,2026-07-23T08:00:00+0200,174.01,EUR/MWh,ES,ES,day_ahead_price,value,2026-08-16T21:17:48Z
2026-08-16T21:11:07Z,2026-08-16T23:11:07+0200,bac882e5-42a3-48ea-b8e2-c8e889704767,2026-07-23T06:15:00Z,2026-07-23T08:15:00+0200,173.0,EUR/MWh,ES,ES,day_ahead_price,value,2026-08-16T21:17:48Z
2026-08-16T21:11:07Z,2026-08-16T23:11:07+0200,bac882e5-42a3-48ea-b8e2-c8e889704767,2026-07-23T06:30:00Z,2026-07-23T08:30:00+0200,160.0,EUR/MWh,ES,ES,day_ahead_price,value,2026-08-16T21:17:48Z
2026-08-16T21:11:07Z,2026-08-16T23:11:07+0200,bac882e5-42a3-48ea-b8e2-c8e889704767,2026-07-23T06:45:00Z,2026-07-23T08:45:00+0200,148.32,EUR/MWh,ES,ES,day_ahead_price,value,2026-08-16T21:17:48Z
2026-08-16T21:11:07Z,2026-08-16T23:11:07+0200,bac882e5-42a3-48ea-b8e2-c8e889704767,2026-07-23T07:00:00Z,2026-07-23T09:00:00+0200,159.76,EUR/MWh,ES,ES,day_ahead_price,value,2026-08-16T21:17:48Z
2026-08-16T21:11:07Z,2026-08-16T23:11:07+0200,bac882e5-42a3-48ea-b8e2-c8e889704767,2026-07-23T07:15:00Z,2026-07-23T09:15:00+0200,142.23,EUR/MWh,ES,ES,day_ahead_price,value,2026-08-16T21:17:48Z
2026-08-16T21:11:07Z,2026-08-16T23:11:07+0200,bac882e5-42a3-48ea-b8e2-c8e889704767,2026-07-23T07:30:00Z,2026-07-23T09:30:00+0200,125.15,EUR/MWh,ES,ES,day_ahead_price,value,2026-08-16T21:17:48Z
2026-08-16T21:11:07Z,2026-08-16T23:11:07+0200,bac882e5-42a3-48ea-b8e2-c8e889704767,2026-07-23T07:45:00Z,2026-07-23T09:45:00+0200,106.51,EUR/MWh,ES,ES,day_ahead_price,value,2026-08-16T21:17:48Z
2026-08-16T21:11:07Z,2026-08-16T23:11:07+0200,bac882e5-42a3-48ea-b8e2-c8e889704767,2026-07-23T08:00:00Z,2026-07-23T10:00:00+0200,114.97,EUR/MWh,ES,ES,day_ahead_price,value,2026-08-16T21:17:48Z
2026-08-16T21:11:07Z,2026-08-16T23:11:07+0200,bac882e5-42a3-48ea-b8e2-c8e889704767,2026-07-23T08:15:00Z,2026-07-23T10:15:00+0200,105.53,EUR/MWh,ES,ES,day_ahead_price,value,2026-08-16T21:17:48Z
2026-08-16T21:11:07Z,2026-08-16T23:11:07+0200,bac882e5-42a3-48ea-b8e2-c8e889704767,2026-07-23T08:30:00Z,2026-07-23T10:30:00+0200,100.0,EUR/MWh,ES,ES,day_ahead_price,value,2026-08-16T21:17:48Z
2026-08-16T21:11:07Z,2026-08-16T23:11:07+0200,bac882e5-42a3-48ea-b8e2-c8e889704767,2026-07-23T08:45:00Z,2026-07-23T10:45:00+0200,95.01,EUR/MWh,ES,ES,day_ahead_price,value,2026-08-16T21:17:48Z
2026-08-16T21:11:07Z,2026-08-16T23:11:07+0200,bac882e5-42a3-48ea-b8e2-c8e889704767,2026-07-23T09:00:00Z,2026-07-23T11:00:00+0200,95.01,EUR/MWh,ES,ES,day_ahead_price,value,2026-08-16T21:17:48Z
2026-08-16T21:11:07Z,2026-08-16T23:11:07+0200,bac882e5-42a3-48ea-b8e2-c8e889704767,2026-07-23T09:15:00Z,2026-07-23T11:15:00+0200,85.42,EUR/MWh,ES,ES,day_ahead_price,value,2026-08-16T21:17:48Z
2026-08-16T21:11:07Z,2026-08-16T23:11:07+0200,bac882e5-42a3-48ea-b8e2-c8e889704767,2026-07-23T09:30:00Z,2026-07-23T11:30:00+0200,81.95,EUR/MWh,ES,ES,day_ahead_price,value,2026-08-16T21:17:48Z
2026-08-16T21:11:07Z,2026-08-16T23:11:07+0200,bac882e5-42a3-48ea-b8e2-c8e889704767,2026-07-23T09:45:00Z,2026-07-23T11:45:00+0200,45.0,EUR/MWh,ES,ES,day_ahead_price,value,2026-08-16T21:17:48Z
2026-08-16T21:11:07Z,2026-08-16T23:11:07+0200,bac882e5-42a3-48ea-b8e2-c8e889704767,2026-07-23T10:00:00Z,2026-07-23T12:00:00+0200,38.99,EUR/MWh,ES,ES,day_ahead_price,value,2026-08-16T21:17:48Z
2026-08-16T21:11:07Z,2026-08-16T23:11:07+0200,bac882e5-42a3-48ea-b8e2-c8e889704767,2026-07-23T10:15:00Z,2026-07-23T12:15:00+0200,38.88,EUR/MWh,ES,ES,day_ahead_price,value,2026-08-16T21:17:48Z
2026-08-16T21:11:07Z,2026-08-16T23:11:07+0200,bac882e5-42a3-48ea-b8e2-c8e889704767,2026-07-23T10:30:00Z,2026-07-23T12:30:00+0200,38.77,EUR/MWh,ES,ES,day_ahead_price,value,2026-08-16T21:17:48Z
2026-08-16T21:11:07Z,2026-08-16T23:11:07+0200,bac882e5-42a3-48ea-b8e2-c8e889704767,2026-07-23T10:45:00Z,2026-07-23T12:45:00+0200,38.77,EUR/MWh,ES,ES,day_ahead_price,value,2026-08-16T21:17:48Z
2026-08-16T21:11:07Z,2026-08-16T23:11:07+0200,bac882e5-42a3-48ea-b8e2-c8e889704767,2026-07-23T11:00:00Z,2026-07-23T13:00:00+0200,35.0,EUR/MWh,ES,ES,day_ahead_price,value,2026-08-16T21:17:48Z
2026-08-16T21:11:07Z,2026-08-16T23:11:07+0200,bac882e5-42a3-48ea-b8e2-c8e889704767,2026-07-23T11:15:00Z,2026-07-23T13:15:00+0200,37.43,EUR/MWh,ES,ES,day_ahead_price,value,2026-08-16T21:17:48Z
2026-08-16T21:11:07Z,2026-08-16T23:11:07+0200,bac882e5-42a3-48ea-b8e2-c8e889704767,2026-07-23T11:30:00Z,2026-07-23T13:30:00+0200,35.0,EUR/MWh,ES,ES,day_ahead_price,value,2026-08-16T21:17:48Z
2026-08-16T21:11:07Z,2026-08-16T23:11:07+0200,bac882e5-42a3-48ea-b8e2-c8e889704767,2026-07-23T11:45:00Z,2026-07-23T13:45:00+0200,34.98,EUR/MWh,ES,ES,day_ahead_price,value,2026-08-16T21:17:48Z
2026-08-16T21:11:07Z,2026-08-16T23:11:07+0200,bac882e5-42a3-48ea-b8e2-c8e889704767,2026-07-23T12:00:00Z,2026-07-23T14:00:00+0200,38.99,EUR/MWh,ES,ES,day_ahead_price,value,2026-08-16T21:17:48Z
2026-08-16T21:11:07Z,2026-08-16T23:11:07+0200,bac882e5-42a3-48ea-b8e2-c8e889704767,2026-07-23T12:15:00Z,2026-07-23T14:15:00+0200,38.99,EUR/MWh,ES,ES,day_ahead_price,value,2026-08-16T21:17:48Z
2026-08-16T21:11:07Z,2026-08-16T23:11:07+0200,bac882e5-42a3-48ea-b8e2-c8e889704767,2026-07-23T12:30:00Z,2026-07-23T14:30:00+0200,38.99,EUR/MWh,ES,ES,day_ahead_price,value,2026-08-16T21:17:48Z
2026-08-16T21:11:07Z,2026-08-16T23:11:07+0200,bac882e5-42a3-48ea-b8e2-c8e889704767,2026-07-23T12:45:00Z,2026-07-23T14:45:00+0200,38.88,EUR/MWh,ES,ES,day_ahead_price,value,2026-08-16T21:17:48Z
2026-08-16T21:11:07Z,2026-08-16T23:11:07+0200,bac882e5-42a3-48ea-b8e2-c8e889704767,2026-07-23T13:00:00Z,2026-07-23T15:00:00+0200,38.88,EUR/MWh,ES,ES,day_ahead_price,value,2026-08-16T21:17:48Z
2026-08-16T21:11:07Z,2026-08-16T23:11:07+0200,bac882e5-42a3-48ea-b8e2-c8e889704767,2026-07-23T13:15:00Z,2026-07-23T15:15:00+0200,38.66,EUR/MWh,ES,ES,day_ahead_price,value,2026-08-16T21:17:48Z
2026-08-16T21:11:07Z,2026-08-16T23:11:07+0200,bac882e5-42a3-48ea-b8e2-c8e889704767,2026-07-23T13:30:00Z,2026-07-23T15:30:00+0200,37.88,EUR/MWh,ES,ES,day_ahead_price,value,2026-08-16T21:17:48Z
2026-08-16T21:11:07Z,2026-08-16T23:11:07+0200,bac882e5-42a3-48ea-b8e2-c8e889704767,2026-07-23T13:45:00Z,2026-07-23T15:45:00+0200,38.66,EUR/MWh,ES,ES,day_ahead_price,value,2026-08-16T21:17:48Z
2026-08-16T21:11:07Z,2026-08-16T23:11:07+0200,bac882e5-42a3-48ea-b8e2-c8e889704767,2026-07-23T14:00:00Z,2026-07-23T16:00:00+0200,38.66,EUR/MWh,ES,ES,day_ahead_price,value,2026-08-16T21:17:48Z
2026-08-16T21:11:07Z,2026-08-16T23:11:07+0200,bac882e5-42a3-48ea-b8e2-c8e889704767,2026-07-23T14:15:00Z,2026-07-23T16:15:00+0200,38.77,EUR/MWh,ES,ES,day_ahead_price,value,2026-08-16T21:17:48Z
2026-08-16T21:11:07Z,2026-08-16T23:11:07+0200,bac882e5-42a3-48ea-b8e2-c8e889704767,2026-07-23T14:30:00Z,2026-07-23T16:30:00+0200,38.99,EUR/MWh,ES,ES,day_ahead_price,value,2026-08-16T21:17:48Z
2026-08-16T21:11:07Z,2026-08-16T23:11:07+0200,bac882e5-42a3-48ea-b8e2-c8e889704767,2026-07-23T14:45:00Z,2026-07-23T16:45:00+0200,39.1,EUR/MWh,ES,ES,day_ahead_price,value,2026-08-16T21:17:48Z
2026-08-16T21:11:07Z,2026-08-16T23:11:07+0200,bac882e5-42a3-48ea-b8e2-c8e889704767,2026-07-23T15:00:00Z,2026-07-23T17:00:00+0200,38.99,EUR/MWh,ES,ES,day_ahead_price,value,2026-08-16T21:17:48Z
2026-08-16T21:11:07Z,2026-08-16T23:11:07+0200,bac882e5-42a3-48ea-b8e2-c8e889704767,2026-07-23T15:15:00Z,2026-07-23T17:15:00+0200,79.32,EUR/MWh,ES,ES,day_ahead_price,value,2026-08-16T21:17:48Z
2026-08-16T21:11:07Z,2026-08-16T23:11:07+0200,bac882e5-42a3-48ea-b8e2-c8e889704767,2026-07-23T15:30:00Z,2026-07-23T17:30:00+0200,89.0,EUR/MWh,ES,ES,day_ahead_price,value,2026-08-16T21:17:48Z
2026-08-16T21:11:07Z,2026-08-16T23:11:07+0200,bac882e5-42a3-48ea-b8e2-c8e889704767,2026-07-23T15:45:00Z,2026-07-23T17:45:00+0200,95.0,EUR/MWh,ES,ES,day_ahead_price,value,2026-08-16T21:17:48Z
2026-08-16T21:11:07Z,2026-08-16T23:11:07+0200,bac882e5-42a3-48ea-b8e2-c8e889704767,2026-07-23T16:00:00Z,2026-07-23T18:00:00+0200,98.85,EUR/MWh,ES,ES,day_ahead_price,value,2026-08-16T21:17:48Z
2026-08-16T21:11:07Z,2026-08-16T23:11:07+0200,bac882e5-42a3-48ea-b8e2-c8e889704767,2026-07-23T16:15:00Z,2026-07-23T18:15:00+0200,106.0,EUR/MWh,ES,ES,day_ahead_price,value,2026-08-16T21:17:48Z
2026-08-16T21:11:07Z,2026-08-16T23:11:07+0200,bac882e5-42a3-48ea-b8e2-c8e889704767,2026-07-23T16:30:00Z,2026-07-23T18:30:00+0200,110.0,EUR/MWh,ES,ES,day_ahead_price,value,2026-08-16T21:17:48Z
2026-08-16T21:11:07Z,2026-08-16T23:11:07+0200,bac882e5-42a3-48ea-b8e2-c8e889704767,2026-07-23T16:45:00Z,2026-07-23T18:45:00+0200,127.09,EUR/MWh,ES,ES,day_ahead_price,value,2026-08-16T21:17:48Z
2026-08-16T21:11:07Z,2026-08-16T23:11:07+0200,bac882e5-42a3-48ea-b8e2-c8e889704767,2026-07-23T17:00:00Z,2026-07-23T19:00:00+0200,128.01,EUR/MWh,ES,ES,day_ahead_price,value,2026-08-16T21:17:48Z
2026-08-16T21:11:07Z,2026-08-16T23:11:07+0200,bac882e5-42a3-48ea-b8e2-c8e889704767,2026-07-23T17:15:00Z,2026-07-23T19:15:00+0200,148.13,EUR/MWh,ES,ES,day_ahead_price,value,2026-08-16T21:17:48Z
2026-08-16T21:11:07Z,2026-08-16T23:11:07+0200,bac882e5-42a3-48ea-b8e2-c8e889704767,2026-07-23T17:30:00Z,2026-07-23T19:30:00+0200,168.27,EUR/MWh,ES,ES,day_ahead_price,value,2026-08-16T21:17:48Z
2026-08-16T21:11:07Z,2026-08-16T23:11:07+0200,bac882e5-42a3-48ea-b8e2-c8e889704767,2026-07-23T17:45:00Z,2026-07-23T19:45:00+0200,174.5,EUR/MWh,ES,ES,day_ahead_price,value,2026-08-16T21:17:48Z
2026-08-16T21:11:07Z,2026-08-16T23:11:07+0200,bac882e5-42a3-48ea-b8e2-c8e889704767,2026-07-23T18:00:00Z,2026-07-23T20:00:00+0200,168.27,EUR/MWh,ES,ES,day_ahead_price,value,2026-08-16T21:17:48Z
2026-08-16T21:11:07Z,2026-08-16T23:11:07+0200,bac882e5-42a3-48ea-b8e2-c8e889704767,2026-07-23T18:15:00Z,2026-07-23T20:15:00+0200,175.26,EUR/MWh,ES,ES,day_ahead_price,value,2026-08-16T21:17:48Z
2026-08-16T21:11:07Z,2026-08-16T23:11:07+0200,bac882e5-42a3-48ea-b8e2-c8e889704767,2026-07-23T18:30:00Z,2026-07-23T20:30:00+0200,186.92,EUR/MWh,ES,ES,day_ahead_price,value,2026-08-16T21:17:48Z
2026-08-16T21:11:07Z,2026-08-16T23:11:07+0200,bac882e5-42a3-48ea-b8e2-c8e889704767,2026-07-23T18:45:00Z,2026-07-23T20:45:00+0200,197.5,EUR/MWh,ES,ES,day_ahead_price,value,2026-08-16T21:17:48Z
2026-08-16T21:11:07Z,2026-08-16T23:11:07+0200,bac882e5-42a3-48ea-b8e2-c8e889704767,2026-07-23T19:00:00Z,2026-07-23T21:00:00+0200,200.0,EUR/MWh,ES,ES,day_ahead_price,value,2026-08-16T21:17:48Z
2026-08-16T21:11:07Z,2026-08-16T23:11:07+0200,bac882e5-42a3-48ea-b8e2-c8e889704767,2026-07-23T19:15:00Z,2026-07-23T21:15:00+0200,250.0,EUR/MWh,ES,ES,day_ahead_price,value,2026-08-16T21:17:48Z
2026-08-16T21:11:07Z,2026-08-16T23:11:07+0200,bac882e5-42a3-48ea-b8e2-c8e889704767,2026-07-23T19:30:00Z,2026-07-23T21:30:00+0200,280.63,EUR/MWh,ES,ES,day_ahead_price,value,2026-08-16T21:17:48Z
2026-08-16T21:11:07Z,2026-08-16T23:11:07+0200,bac882e5-42a3-48ea-b8e2-c8e889704767,2026-07-23T19:45:00Z,2026-07-23T21:45:00+0200,290.0,EUR/MWh,ES,ES,day_ahead_price,value,2026-08-16T21:17:48Z
2026-08-16T21:11:07Z,2026-08-16T23:11:07+0200,bac882e5-42a3-48ea-b8e2-c8e889704767,2026-07-23T20:00:00Z,2026-07-23T22:00:00+0200,250.57,EUR/MWh,ES,ES,day_ahead_price,value,2026-08-16T21:17:48Z
2026-08-16T21:11:07Z,2026-08-16T23:11:07+0200,bac882e5-42a3-48ea-b8e2-c8e889704767,2026-07-23T20:15:00Z,2026-07-23T22:15:00+0200,250.0,EUR/MWh,ES,ES,day_ahead_price,value,2026-08-16T21:17:48Z
2026-08-16T21:11:07Z,2026-08-16T23:11:07+0200,bac882e5-42a3-48ea-b8e2-c8e889704767,2026-07-23T20:30:00Z,2026-07-23T22:30:00+0200,225.0,EUR/MWh,ES,ES,day_ahead_price,value,2026-08-16T21:17:48Z
2026-08-16T21:11:07Z,2026-08-16T23:11:07+0200,bac882e5-42a3-48ea-b8e2-c8e889704767,2026-07-23T20:45:00Z,2026-07-23T22:45:00+0200,201.33,EUR/MWh,ES,ES,day_ahead_price,value,2026-08-16T21:17:48Z
2026-08-16T21:11:07Z,2026-08-16T23:11:07+0200,bac882e5-42a3-48ea-b8e2-c8e889704767,2026-07-23T21:00:00Z,2026-07-23T23:00:00+0200,201.33,EUR/MWh,ES,ES,day_ahead_price,value,2026-08-16T21:17:48Z
2026-08-16T21:11:07Z,2026-08-16T23:11:07+0200,bac882e5-42a3-48ea-b8e2-c8e889704767,2026-07-23T21:15:00Z,2026-07-23T23:15:00+0200,198.13,EUR/MWh,ES,ES,day_ahead_price,value,2026-08-16T21:17:48Z
2026-08-16T21:11:07Z,2026-08-16T23:11:07+0200,bac882e5-42a3-48ea-b8e2-c8e889704767,2026-07-23T21:30:00Z,2026-07-23T23:30:00+0200,190.6,EUR/MWh,ES,ES,day_ahead_price,value,2026-08-16T21:17:48Z
2026-08-16T21:11:07Z,2026-08-16T23:11:07+0200,bac882e5-42a3-48ea-b8e2-c8e889704767,2026-07-23T21:45:00Z,2026-07-23T23:45:00+0200,185.29,EUR/MWh,ES,ES,day_ahead_price,value,2026-08-16T21:17:48Z
2026-08-16T21:11:07Z,2026-08-16T23:11:07+0200,bac882e5-42a3-48ea-b8e2-c8e889704767,2026-07-23T22:00:00Z,2026-07-24T00:00:00+0200,184.5,EUR/MWh,ES,ES,day_ahead_price,value,2026-08-16T21:17:48Z
2026-08-16T21:11:07Z,2026-08-16T23:11:07+0200,bac882e5-42a3-48ea-b8e2-c8e889704767,2026-07-23T22:15:00Z,2026-07-24T00:15:00+0200,184.0,EUR/MWh,ES,ES,day_ahead_price,value,2026-08-16T21:17:48Z
2026-08-16T21:11:07Z,2026-08-16T23:11:07+0200,bac882e5-42a3-48ea-b8e2-c8e889704767,2026-07-23T22:30:00Z,2026-07-24T00:30:00+0200,183.0,EUR/MWh,ES,ES,day_ahead_price,value,2026-08-16T21:17:48Z
2026-08-16T21:11:07Z,2026-08-16T23:11:07+0200,bac882e5-42a3-48ea-b8e2-c8e889704767,2026-07-23T22:45:00Z,2026-07-24T00:45:00+0200,182.0,EUR/MWh,ES,ES,day_ahead_price,value,2026-08-16T21:17:48Z
2026-08-16T21:11:07Z,2026-08-16T23:11:07+0200,bac882e5-42a3-48ea-b8e2-c8e889704767,2026-07-23T23:00:00Z,2026-07-24T01:00:00+0200,181.0,EUR/MWh,ES,ES,day_ahead_price,value,2026-08-16T21:17:48Z
2026-08-16T21:11:07Z,2026-08-16T23:11:07+0200,bac882e5-42a3-48ea-b8e2-c8e889704767,2026-07-23T23:15:00Z,2026-07-24T01:15:00+0200,180.0,EUR/MWh,ES,ES,day_ahead_price,value,2026-08-16T21:17:48Z
2026-08-16T21:11:07Z,2026-08-16T23:11:07+0200,bac882e5-42a3-48ea-b8e2-c8e889704767,2026-07-23T23:30:00Z,2026-07-24T01:30:00+0200,181.0,EUR/MWh,ES,ES,day_ahead_price,value,2026-08-16T21:17:48Z
2026-08-16T21:11:07Z,2026-08-16T23:11:07+0200,bac882e5-42a3-48ea-b8e2-c8e889704767,2026-07-23T23:45:00Z,2026-07-24T01:45:00+0200,181.0,EUR/MWh,ES,ES,day_ahead_price,value,2026-08-16T21:17:48Z
2026-08-16T21:11:07Z,2026-08-16T23:11:07+0200,bac882e5-42a3-48ea-b8e2-c8e889704767,2026-07-24T00:00:00Z,2026-07-24T02:00:00+0200,183.9,EUR/MWh,ES,ES,day_ahead_price,value,2026-08-16T21:17:48Z
2026-08-16T21:11:07Z,2026-08-16T23:11:07+0200,bac882e5-42a3-48ea-b8e2-c8e889704767,2026-07-24T00:15:00Z,2026-07-24T02:15:00+0200,183.0,EUR/MWh,ES,ES,day_ahead_price,value,2026-08-16T21:17:48Z
2026-08-16T21:11:07Z,2026-08-16T23:11:07+0200,bac882e5-42a3-48ea-b8e2-c8e889704767,2026-07-24T00:30:00Z,2026-07-24T02:30:00+0200,182.01,EUR/MWh,ES,ES,day_ahead_price,value,2026-08-16T21:17:48Z
2026-08-16T21:11:07Z,2026-08-16T23:11:07+0200,bac882e5-42a3-48ea-b8e2-c8e889704767,2026-07-24T00:45:00Z,2026-07-24T02:45:00+0200,182.0,EUR/MWh,ES,ES,day_ahead_price,value,2026-08-16T21:17:48Z
2026-08-16T21:11:07Z,2026-08-16T23:11:07+0200,bac882e5-42a3-48ea-b8e2-c8e889704767,2026-07-24T01:00:00Z,2026-07-24T03:00:00+0200,181.31,EUR/MWh,ES,ES,day_ahead_price,value,2026-08-16T21:17:48Z
2026-08-16T21:11:07Z,2026-08-16T23:11:07+0200,bac882e5-42a3-48ea-b8e2-c8e889704767,2026-07-24T01:15:00Z,2026-07-24T03:15:00+0200,181.31,EUR/MWh,ES,ES,day_ahead_price,value,2026-08-16T21:17:48Z
2026-08-16T21:11:07Z,2026-08-16T23:11:07+0200,bac882e5-42a3-48ea-b8e2-c8e889704767,2026-07-24T01:30:00Z,2026-07-24T03:30:00+0200,181.0,EUR/MWh,ES,ES,day_ahead_price,value,2026-08-16T21:17:48Z
2026-08-16T21:11:07Z,2026-08-16T23:11:07+0200,bac882e5-42a3-48ea-b8e2-c8e889704767,2026-07-24T01:45:00Z,2026-07-24T03:45:00+0200,181.0,EUR/MWh,ES,ES,day_ahead_price,value,2026-08-16T21:17:48Z
2026-08-16T21:11:07Z,2026-08-16T23:11:07+0200,bac882e5-42a3-48ea-b8e2-c8e889704767,2026-07-24T02:00:00Z,2026-07-24T04:00:00+0200,180.01,EUR/MWh,ES,ES,day_ahead_price,value,2026-08-16T21:17:48Z
2026-08-16T21:11:07Z,2026-08-16T23:11:07+0200,bac882e5-42a3-48ea-b8e2-c8e889704767,2026-07-24T02:15:00Z,2026-07-24T04:15:00+0200,179.0,EUR/MWh,ES,ES,day_ahead_price,value,2026-08-16T21:17:48Z
2026-08-16T21:11:07Z,2026-08-16T23:11:07+0200,bac882e5-42a3-48ea-b8e2-c8e889704767,2026-07-24T02:30:00Z,2026-07-24T04:30:00+0200,179.0,EUR/MWh,ES,ES,day_ahead_price,value,2026-08-16T21:17:48Z
2026-08-16T21:11:07Z,2026-08-16T23:11:07+0200,bac882e5-42a3-48ea-b8e2-c8e889704767,2026-07-24T02:45:00Z,2026-07-24T04:45:00+0200,179.0,EUR/MWh,ES,ES,day_ahead_price,value,2026-08-16T21:17:48Z
2026-08-16T21:11:07Z,2026-08-16T23:11:07+0200,bac882e5-42a3-48ea-b8e2-c8e889704767,2026-07-24T03:00:00Z,2026-07-24T05:00:00+0200,171.0,EUR/MWh,ES,ES,day_ahead_price,value,2026-08-16T21:17:48Z
2026-08-16T21:11:07Z,2026-08-16T23:11:07+0200,bac882e5-42a3-48ea-b8e2-c8e889704767,2026-07-24T03:15:00Z,2026-07-24T05:15:00+0200,171.63,EUR/MWh,ES,ES,day_ahead_price,value,2026-08-16T21:17:48Z
2026-08-16T21:11:07Z,2026-08-16T23:11:07+0200,bac882e5-42a3-48ea-b8e2-c8e889704767,2026-07-24T03:30:00Z,2026-07-24T05:30:00+0200,172.0,EUR/MWh,ES,ES,day_ahead_price,value,2026-08-16T21:17:48Z
2026-08-16T21:11:07Z,2026-08-16T23:11:07+0200,bac882e5-42a3-48ea-b8e2-c8e889704767,2026-07-24T03:45:00Z,2026-07-24T05:45:00+0200,175.0,EUR/MWh,ES,ES,day_ahead_price,value,2026-08-16T21:17:48Z
2026-08-16T21:11:07Z,2026-08-16T23:11:07+0200,bac882e5-42a3-48ea-b8e2-c8e889704767,2026-07-24T04:00:00Z,2026-07-24T06:00:00+0200,178.98,EUR/MWh,ES,ES,day_ahead_price,value,2026-08-16T21:17:48Z
2026-08-16T21:11:07Z,2026-08-16T23:11:07+0200,bac882e5-42a3-48ea-b8e2-c8e889704767,2026-07-24T04:15:00Z,2026-07-24T06:15:00+0200,181.0,EUR/MWh,ES,ES,day_ahead_price,value,2026-08-16T21:17:48Z
2026-08-16T21:11:07Z,2026-08-16T23:11:07+0200,bac882e5-42a3-48ea-b8e2-c8e889704767,2026-07-24T04:30:00Z,2026-07-24T06:30:00+0200,181.31,EUR/MWh,ES,ES,day_ahead_price,value,2026-08-16T21:17:48Z
2026-08-16T21:11:07Z,2026-08-16T23:11:07+0200,bac882e5-42a3-48ea-b8e2-c8e889704767,2026-07-24T04:45:00Z,2026-07-24T06:45:00+0200,181.31,EUR/MWh,ES,ES,day_ahead_price,value,2026-08-16T21:17:48Z
2026-08-16T21:11:07Z,2026-08-16T23:11:07+0200,bac882e5-42a3-48ea-b8e2-c8e889704767,2026-07-24T05:00:00Z,2026-07-24T07:00:00+0200,182.0,EUR/MWh,ES,ES,day_ahead_price,value,2026-08-16T21:17:48Z
2026-08-16T21:11:07Z,2026-08-16T23:11:07+0200,bac882e5-42a3-48ea-b8e2-c8e889704767,2026-07-24T05:15:00Z,2026-07-24T07:15:00+0200,182.0,EUR/MWh,ES,ES,day_ahead_price,value,2026-08-16T21:17:48Z
2026-08-16T21:11:07Z,2026-08-16T23:11:07+0200,bac882e5-42a3-48ea-b8e2-c8e889704767,2026-07-24T05:30:00Z,2026-07-24T07:30:00+0200,181.31,EUR/MWh,ES,ES,day_ahead_price,value,2026-08-16T21:17:48Z
2026-08-16T21:11:07Z,2026-08-16T23:11:07+0200,bac882e5-42a3-48ea-b8e2-c8e889704767,2026-07-24T05:45:00Z,2026-07-24T07:45:00+0200,176.0,EUR/MWh,ES,ES,day_ahead_price,value,2026-08-16T21:17:48Z
2026-08-16T21:11:07Z,2026-08-16T23:11:07+0200,bac882e5-42a3-48ea-b8e2-c8e889704767,2026-07-24T06:00:00Z,2026-07-24T08:00:00+0200,184.0,EUR/MWh,ES,ES,day_ahead_price,value,2026-08-16T21:17:48Z
2026-08-16T21:11:07Z,2026-08-16T23:11:07+0200,bac882e5-42a3-48ea-b8e2-c8e889704767,2026-07-24T06:15:00Z,2026-07-24T08:15:00+0200,184.99,EUR/MWh,ES,ES,day_ahead_price,value,2026-08-16T21:17:48Z
2026-08-16T21:11:07Z,2026-08-16T23:11:07+0200,bac882e5-42a3-48ea-b8e2-c8e889704767,2026-07-24T06:30:00Z,2026-07-24T08:30:00+0200,182.0,EUR/MWh,ES,ES,day_ahead_price,value,2026-08-16T21:17:48Z
2026-08-16T21:11:07Z,2026-08-16T23:11:07+0200,bac882e5-42a3-48ea-b8e2-c8e889704767,2026-07-24T06:45:00Z,2026-07-24T08:45:00+0200,169.82,EUR/MWh,ES,ES,day_ahead_price,value,2026-08-16T21:17:48Z
2026-08-16T21:11:07Z,2026-08-16T23:11:07+0200,bac882e5-42a3-48ea-b8e2-c8e889704767,2026-07-24T07:00:00Z,2026-07-24T09:00:00+0200,170.0,EUR/MWh,ES,ES,day_ahead_price,value,2026-08-16T21:17:48Z
2026-08-16T21:11:07Z,2026-08-16T23:11:07+0200,bac882e5-42a3-48ea-b8e2-c8e889704767,2026-07-24T07:15:00Z,2026-07-24T09:15:00+0200,134.23,EUR/MWh,ES,ES,day_ahead_price,value,2026-08-16T21:17:48Z
2026-08-16T21:11:07Z,2026-08-16T23:11:07+0200,bac882e5-42a3-48ea-b8e2-c8e889704767,2026-07-24T07:30:00Z,2026-07-24T09:30:00+0200,110.13,EUR/MWh,ES,ES,day_ahead_price,value,2026-08-16T21:17:48Z
2026-08-16T21:11:07Z,2026-08-16T23:11:07+0200,bac882e5-42a3-48ea-b8e2-c8e889704767,2026-07-24T07:45:00Z,2026-07-24T09:45:00+0200,95.08,EUR/MWh,ES,ES,day_ahead_price,value,2026-08-16T21:17:48Z
2026-08-16T21:11:07Z,2026-08-16T23:11:07+0200,bac882e5-42a3-48ea-b8e2-c8e889704767,2026-07-24T08:00:00Z,2026-07-24T10:00:00+0200,99.0,EUR/MWh,ES,ES,day_ahead_price,value,2026-08-16T21:17:48Z
2026-08-16T21:11:07Z,2026-08-16T23:11:07+0200,bac882e5-42a3-48ea-b8e2-c8e889704767,2026-07-24T08:15:00Z,2026-07-24T10:15:00+0200,85.2,EUR/MWh,ES,ES,day_ahead_price,value,2026-08-16T21:17:48Z
2026-08-16T21:11:07Z,2026-08-16T23:11:07+0200,bac882e5-42a3-48ea-b8e2-c8e889704767,2026-07-24T08:30:00Z,2026-07-24T10:30:00+0200,74.52,EUR/MWh,ES,ES,day_ahead_price,value,2026-08-16T21:17:48Z
2026-08-16T21:11:07Z,2026-08-16T23:11:07+0200,bac882e5-42a3-48ea-b8e2-c8e889704767,2026-07-24T08:45:00Z,2026-07-24T10:45:00+0200,45.0,EUR/MWh,ES,ES,day_ahead_price,value,2026-08-16T21:17:48Z
2026-08-16T21:11:07Z,2026-08-16T23:11:07+0200,bac882e5-42a3-48ea-b8e2-c8e889704767,2026-07-24T09:00:00Z,2026-07-24T11:00:00+0200,33.78,EUR/MWh,ES,ES,day_ahead_price,value,2026-08-16T21:17:48Z
2026-08-16T21:11:07Z,2026-08-16T23:11:07+0200,bac882e5-42a3-48ea-b8e2-c8e889704767,2026-07-24T09:15:00Z,2026-07-24T11:15:00+0200,13.35,EUR/MWh,ES,ES,day_ahead_price,value,2026-08-16T21:17:48Z
2026-08-16T21:11:07Z,2026-08-16T23:11:07+0200,bac882e5-42a3-48ea-b8e2-c8e889704767,2026-07-24T09:30:00Z,2026-07-24T11:30:00+0200,1.5,EUR/MWh,ES,ES,day_ahead_price,value,2026-08-16T21:17:48Z
2026-08-16T21:11:07Z,2026-08-16T23:11:07+0200,bac882e5-42a3-48ea-b8e2-c8e889704767,2026-07-24T09:45:00Z,2026-07-24T11:45:00+0200,1.0,EUR/MWh,ES,ES,day_ahead_price,value,2026-08-16T21:17:48Z
2026-08-16T21:11:07Z,2026-08-16T23:11:07+0200,bac882e5-42a3-48ea-b8e2-c8e889704767,2026-07-24T10:00:00Z,2026-07-24T12:00:00+0200,2.2,EUR/MWh,ES,ES,day_ahead_price,value,2026-08-16T21:17:48Z
2026-08-16T21:11:07Z,2026-08-16T23:11:07+0200,bac882e5-42a3-48ea-b8e2-c8e889704767,2026-07-24T10:15:00Z,2026-07-24T12:15:00+0200,1.5,EUR/MWh,ES,ES,day_ahead_price,value,2026-08-16T21:17:48Z
2026-08-16T21:11:07Z,2026-08-16T23:11:07+0200,bac882e5-42a3-48ea-b8e2-c8e889704767,2026-07-24T10:30:00Z,2026-07-24T12:30:00+0200,1.15,EUR/MWh,ES,ES,day_ahead_price,value,2026-08-16T21:17:48Z
2026-08-16T21:11:07Z,2026-08-16T23:11:07+0200,bac882e5-42a3-48ea-b8e2-c8e889704767,2026-07-24T10:45:00Z,2026-07-24T12:45:00+0200,1.08,EUR/MWh,ES,ES,day_ahead_price,value,2026-08-16T21:17:48Z
2026-08-16T21:11:07Z,2026-08-16T23:11:07+0200,bac882e5-42a3-48ea-b8e2-c8e889704767,2026-07-24T11:00:00Z,2026-07-24T13:00:00+0200,1.08,EUR/MWh,ES,ES,day_ahead_price,value,2026-08-16T21:17:48Z
2026-08-16T21:11:07Z,2026-08-16T23:11:07+0200,bac882e5-42a3-48ea-b8e2-c8e889704767,2026-07-24T11:15:00Z,2026-07-24T13:15:00+0200,1.0,EUR/MWh,ES,ES,day_ahead_price,value,2026-08-16T21:17:48Z
2026-08-16T21:11:07Z,2026-08-16T23:11:07+0200,bac882e5-42a3-48ea-b8e2-c8e889704767,2026-07-24T11:30:00Z,2026-07-24T13:30:00+0200,0.66,EUR/MWh,ES,ES,day_ahead_price,value,2026-08-16T21:17:48Z
2026-08-16T21:11:07Z,2026-08-16T23:11:07+0200,bac882e5-42a3-48ea-b8e2-c8e889704767,2026-07-24T11:45:00Z,2026-07-24T13:45:00+0200,0.51,EUR/MWh,ES,ES,day_ahead_price,value,2026-08-16T21:17:48Z
2026-08-16T21:11:07Z,2026-08-16T23:11:07+0200,bac882e5-42a3-48ea-b8e2-c8e889704767,2026-07-24T12:00:00Z,2026-07-24T14:00:00+0200,0.66,EUR/MWh,ES,ES,day_ahead_price,value,2026-08-16T21:17:48Z
2026-08-16T21:11:07Z,2026-08-16T23:11:07+0200,bac882e5-42a3-48ea-b8e2-c8e889704767,2026-07-24T12:15:00Z,2026-07-24T14:15:00+0200,0.51,EUR/MWh,ES,ES,day_ahead_price,value,2026-08-16T21:17:48Z
2026-08-16T21:11:07Z,2026-08-16T23:11:07+0200,bac882e5-42a3-48ea-b8e2-c8e889704767,2026-07-24T12:30:00Z,2026-07-24T14:30:00+0200,0.51,EUR/MWh,ES,ES,day_ahead_price,value,2026-08-16T21:17:48Z
2026-08-16T21:11:07Z,2026-08-16T23:11:07+0200,bac882e5-42a3-48ea-b8e2-c8e889704767,2026-07-24T12:45:00Z,2026-07-24T14:45:00+0200,0.51,EUR/MWh,ES,ES,day_ahead_price,value,2026-08-16T21:17:48Z
2026-08-16T21:11:07Z,2026-08-16T23:11:07+0200,bac882e5-42a3-48ea-b8e2-c8e889704767,2026-07-24T13:00:00Z,2026-07-24T15:00:00+0200,0.54,EUR/MWh,ES,ES,day_ahead_price,value,2026-08-16T21:17:48Z
2026-08-16T21:11:07Z,2026-08-16T23:11:07+0200,bac882e5-42a3-48ea-b8e2-c8e889704767,2026-07-24T13:15:00Z,2026-07-24T15:15:00+0200,0.51,EUR/MWh,ES,ES,day_ahead_price,value,2026-08-16T21:17:48Z
2026-08-16T21:11:07Z,2026-08-16T23:11:07+0200,bac882e5-42a3-48ea-b8e2-c8e889704767,2026-07-24T13:30:00Z,2026-07-24T15:30:00+0200,0.1,EUR/MWh,ES,ES,day_ahead_price,value,2026-08-16T21:17:48Z
2026-08-16T21:11:07Z,2026-08-16T23:11:07+0200,bac882e5-42a3-48ea-b8e2-c8e889704767,2026-07-24T13:45:00Z,2026-07-24T15:45:00+0200,0.01,EUR/MWh,ES,ES,day_ahead_price,value,2026-08-16T21:17:48Z
2026-08-16T21:11:07Z,2026-08-16T23:11:07+0200,bac882e5-42a3-48ea-b8e2-c8e889704767,2026-07-24T14:00:00Z,2026-07-24T16:00:00+0200,0.28,EUR/MWh,ES,ES,day_ahead_price,value,2026-08-16T21:17:48Z
2026-08-16T21:11:07Z,2026-08-16T23:11:07+0200,bac882e5-42a3-48ea-b8e2-c8e889704767,2026-07-24T14:15:00Z,2026-07-24T16:15:00+0200,0.51,EUR/MWh,ES,ES,day_ahead_price,value,2026-08-16T21:17:48Z
2026-08-16T21:11:07Z,2026-08-16T23:11:07+0200,bac882e5-42a3-48ea-b8e2-c8e889704767,2026-07-24T14:30:00Z,2026-07-24T16:30:00+0200,0.77,EUR/MWh,ES,ES,day_ahead_price,value,2026-08-16T21:17:48Z
2026-08-16T21:11:07Z,2026-08-16T23:11:07+0200,bac882e5-42a3-48ea-b8e2-c8e889704767,2026-07-24T14:45:00Z,2026-07-24T16:45:00+0200,1.08,EUR/MWh,ES,ES,day_ahead_price,value,2026-08-16T21:17:48Z
2026-08-16T21:11:07Z,2026-08-16T23:11:07+0200,bac882e5-42a3-48ea-b8e2-c8e889704767,2026-07-24T15:00:00Z,2026-07-24T17:00:00+0200,1.08,EUR/MWh,ES,ES,day_ahead_price,value,2026-08-16T21:17:48Z
2026-08-16T21:11:07Z,2026-08-16T23:11:07+0200,bac882e5-42a3-48ea-b8e2-c8e889704767,2026-07-24T15:15:00Z,2026-07-24T17:15:00+0200,2.0,EUR/MWh,ES,ES,day_ahead_price,value,2026-08-16T21:17:48Z
2026-08-16T21:11:07Z,2026-08-16T23:11:07+0200,bac882e5-42a3-48ea-b8e2-c8e889704767,2026-07-24T15:30:00Z,2026-07-24T17:30:00+0200,2.99,EUR/MWh,ES,ES,day_ahead_price,value,2026-08-16T21:17:48Z
2026-08-16T21:11:07Z,2026-08-16T23:11:07+0200,bac882e5-42a3-48ea-b8e2-c8e889704767,2026-07-24T15:45:00Z,2026-07-24T17:45:00+0200,3.43,EUR/MWh,ES,ES,day_ahead_price,value,2026-08-16T21:17:48Z
2026-08-16T21:11:07Z,2026-08-16T23:11:07+0200,bac882e5-42a3-48ea-b8e2-c8e889704767,2026-07-24T16:00:00Z,2026-07-24T18:00:00+0200,3.43,EUR/MWh,ES,ES,day_ahead_price,value,2026-08-16T21:17:48Z
2026-08-16T21:11:07Z,2026-08-16T23:11:07+0200,bac882e5-42a3-48ea-b8e2-c8e889704767,2026-07-24T16:15:00Z,2026-07-24T18:15:00+0200,5.88,EUR/MWh,ES,ES,day_ahead_price,value,2026-08-16T21:17:48Z
2026-08-16T21:11:07Z,2026-08-16T23:11:07+0200,bac882e5-42a3-48ea-b8e2-c8e889704767,2026-07-24T16:30:00Z,2026-07-24T18:30:00+0200,25.0,EUR/MWh,ES,ES,day_ahead_price,value,2026-08-16T21:17:48Z
2026-08-16T21:11:07Z,2026-08-16T23:11:07+0200,bac882e5-42a3-48ea-b8e2-c8e889704767,2026-07-24T16:45:00Z,2026-07-24T18:45:00+0200,44.52,EUR/MWh,ES,ES,day_ahead_price,value,2026-08-16T21:17:48Z
2026-08-16T21:11:07Z,2026-08-16T23:11:07+0200,bac882e5-42a3-48ea-b8e2-c8e889704767,2026-07-24T17:00:00Z,2026-07-24T19:00:00+0200,55.52,EUR/MWh,ES,ES,day_ahead_price,value,2026-08-16T21:17:48Z
2026-08-16T21:11:07Z,2026-08-16T23:11:07+0200,bac882e5-42a3-48ea-b8e2-c8e889704767,2026-07-24T17:15:00Z,2026-07-24T19:15:00+0200,82.5,EUR/MWh,ES,ES,day_ahead_price,value,2026-08-16T21:17:48Z
2026-08-16T21:11:07Z,2026-08-16T23:11:07+0200,bac882e5-42a3-48ea-b8e2-c8e889704767,2026-07-24T17:30:00Z,2026-07-24T19:30:00+0200,97.0,EUR/MWh,ES,ES,day_ahead_price,value,2026-08-16T21:17:48Z
2026-08-16T21:11:07Z,2026-08-16T23:11:07+0200,bac882e5-42a3-48ea-b8e2-c8e889704767,2026-07-24T17:45:00Z,2026-07-24T19:45:00+0200,110.0,EUR/MWh,ES,ES,day_ahead_price,value,2026-08-16T21:17:48Z
2026-08-16T21:11:07Z,2026-08-16T23:11:07+0200,bac882e5-42a3-48ea-b8e2-c8e889704767,2026-07-24T18:00:00Z,2026-07-24T20:00:00+0200,110.13,EUR/MWh,ES,ES,day_ahead_price,value,2026-08-16T21:17:48Z
2026-08-16T21:11:07Z,2026-08-16T23:11:07+0200,bac882e5-42a3-48ea-b8e2-c8e889704767,2026-07-24T18:15:00Z,2026-07-24T20:15:00+0200,155.5,EUR/MWh,ES,ES,day_ahead_price,value,2026-08-16T21:17:48Z
2026-08-16T21:11:07Z,2026-08-16T23:11:07+0200,bac882e5-42a3-48ea-b8e2-c8e889704767,2026-07-24T18:30:00Z,2026-07-24T20:30:00+0200,180.01,EUR/MWh,ES,ES,day_ahead_price,value,2026-08-16T21:17:48Z
2026-08-16T21:11:07Z,2026-08-16T23:11:07+0200,bac882e5-42a3-48ea-b8e2-c8e889704767,2026-07-24T18:45:00Z,2026-07-24T20:45:00+0200,184.24,EUR/MWh,ES,ES,day_ahead_price,value,2026-08-16T21:17:48Z
2026-08-16T21:11:07Z,2026-08-16T23:11:07+0200,bac882e5-42a3-48ea-b8e2-c8e889704767,2026-07-24T19:00:00Z,2026-07-24T21:00:00+0200,183.0,EUR/MWh,ES,ES,day_ahead_price,value,2026-08-16T21:17:48Z
2026-08-16T21:11:07Z,2026-08-16T23:11:07+0200,bac882e5-42a3-48ea-b8e2-c8e889704767,2026-07-24T19:15:00Z,2026-07-24T21:15:00+0200,186.79,EUR/MWh,ES,ES,day_ahead_price,value,2026-08-16T21:17:48Z
2026-08-16T21:11:07Z,2026-08-16T23:11:07+0200,bac882e5-42a3-48ea-b8e2-c8e889704767,2026-07-24T19:30:00Z,2026-07-24T21:30:00+0200,188.13,EUR/MWh,ES,ES,day_ahead_price,value,2026-08-16T21:17:48Z
2026-08-16T21:11:07Z,2026-08-16T23:11:07+0200,bac882e5-42a3-48ea-b8e2-c8e889704767,2026-07-24T19:45:00Z,2026-07-24T21:45:00+0200,187.25,EUR/MWh,ES,ES,day_ahead_price,value,2026-08-16T21:17:48Z
2026-08-16T21:11:07Z,2026-08-16T23:11:07+0200,bac882e5-42a3-48ea-b8e2-c8e889704767,2026-07-24T20:00:00Z,2026-07-24T22:00:00+0200,190.93,EUR/MWh,ES,ES,day_ahead_price,value,2026-08-16T21:17:48Z
2026-08-16T21:11:07Z,2026-08-16T23:11:07+0200,bac882e5-42a3-48ea-b8e2-c8e889704767,2026-07-24T20:15:00Z,2026-07-24T22:15:00+0200,189.04,EUR/MWh,ES,ES,day_ahead_price,value,2026-08-16T21:17:48Z
2026-08-16T21:11:07Z,2026-08-16T23:11:07+0200,bac882e5-42a3-48ea-b8e2-c8e889704767,2026-07-24T20:30:00Z,2026-07-24T22:30:00+0200,188.64,EUR/MWh,ES,ES,day_ahead_price,value,2026-08-16T21:17:48Z
2026-08-16T21:11:07Z,2026-08-16T23:11:07+0200,bac882e5-42a3-48ea-b8e2-c8e889704767,2026-07-24T20:45:00Z,2026-07-24T22:45:00+0200,184.5,EUR/MWh,ES,ES,day_ahead_price,value,2026-08-16T21:17:48Z
2026-08-16T21:11:07Z,2026-08-16T23:11:07+0200,bac882e5-42a3-48ea-b8e2-c8e889704767,2026-07-24T21:00:00Z,2026-07-24T23:00:00+0200,185.48,EUR/MWh,ES,ES,day_ahead_price,value,2026-08-16T21:17:48Z
2026-08-16T21:11:07Z,2026-08-16T23:11:07+0200,bac882e5-42a3-48ea-b8e2-c8e889704767,2026-07-24T21:15:00Z,2026-07-24T23:15:00+0200,183.0,EUR/MWh,ES,ES,day_ahead_price,value,2026-08-16T21:17:48Z
2026-08-16T21:11:07Z,2026-08-16T23:11:07+0200,bac882e5-42a3-48ea-b8e2-c8e889704767,2026-07-24T21:30:00Z,2026-07-24T23:30:00+0200,181.31,EUR/MWh,ES,ES,day_ahead_price,value,2026-08-16T21:17:48Z
2026-08-16T21:11:07Z,2026-08-16T23:11:07+0200,bac882e5-42a3-48ea-b8e2-c8e889704767,2026-07-24T21:45:00Z,2026-07-24T23:45:00+0200,170.67,EUR/MWh,ES,ES,day_ahead_price,value,2026-08-16T21:17:48Z
2026-08-16T21:11:07Z,2026-08-16T23:11:07+0200,bac882e5-42a3-48ea-b8e2-c8e889704767,2026-07-24T22:00:00Z,2026-07-25T00:00:00+0200,175.92,EUR/MWh,ES,ES,day_ahead_price,value,2026-08-16T21:17:48Z
2026-08-16T21:11:07Z,2026-08-16T23:11:07+0200,bac882e5-42a3-48ea-b8e2-c8e889704767,2026-07-24T22:15:00Z,2026-07-25T00:15:00+0200,175.41,EUR/MWh,ES,ES,day_ahead_price,value,2026-08-16T21:17:48Z
2026-08-16T21:11:07Z,2026-08-16T23:11:07+0200,bac882e5-42a3-48ea-b8e2-c8e889704767,2026-07-24T22:30:00Z,2026-07-25T00:30:00+0200,169.86,EUR/MWh,ES,ES,day_ahead_price,value,2026-08-16T21:17:48Z
2026-08-16T21:11:07Z,2026-08-16T23:11:07+0200,bac882e5-42a3-48ea-b8e2-c8e889704767,2026-07-24T22:45:00Z,2026-07-25T00:45:00+0200,164.5,EUR/MWh,ES,ES,day_ahead_price,value,2026-08-16T21:17:48Z
2026-08-16T21:11:07Z,2026-08-16T23:11:07+0200,bac882e5-42a3-48ea-b8e2-c8e889704767,2026-07-24T23:00:00Z,2026-07-25T01:00:00+0200,175.41,EUR/MWh,ES,ES,day_ahead_price,value,2026-08-16T21:17:48Z
2026-08-16T21:11:07Z,2026-08-16T23:11:07+0200,bac882e5-42a3-48ea-b8e2-c8e889704767,2026-07-24T23:15:00Z,2026-07-25T01:15:00+0200,171.0,EUR/MWh,ES,ES,day_ahead_price,value,2026-08-16T21:17:48Z
2026-08-16T21:11:07Z,2026-08-16T23:11:07+0200,bac882e5-42a3-48ea-b8e2-c8e889704767,2026-07-24T23:30:00Z,2026-07-25T01:30:00+0200,170.0,EUR/MWh,ES,ES,day_ahead_price,value,2026-08-16T21:17:48Z
2026-08-16T21:11:07Z,2026-08-16T23:11:07+0200,bac882e5-42a3-48ea-b8e2-c8e889704767,2026-07-24T23:45:00Z,2026-07-25T01:45:00+0200,168.0,EUR/MWh,ES,ES,day_ahead_price,value,2026-08-16T21:17:48Z
2026-08-16T21:11:07Z,2026-08-16T23:11:07+0200,bac882e5-42a3-48ea-b8e2-c8e889704767,2026-07-25T00:00:00Z,2026-07-25T02:00:00+0200,164.5,EUR/MWh,ES,ES,day_ahead_price,value,2026-08-16T21:17:48Z
2026-08-16T21:11:07Z,2026-08-16T23:11:07+0200,bac882e5-42a3-48ea-b8e2-c8e889704767,2026-07-25T00:15:00Z,2026-07-25T02:15:00+0200,163.82,EUR/MWh,ES,ES,day_ahead_price,value,2026-08-16T21:17:48Z
2026-08-16T21:11:07Z,2026-08-16T23:11:07+0200,bac882e5-42a3-48ea-b8e2-c8e889704767,2026-07-25T00:30:00Z,2026-07-25T02:30:00+0200,160.64,EUR/MWh,ES,ES,day_ahead_price,value,2026-08-16T21:17:48Z
2026-08-16T21:11:07Z,2026-08-16T23:11:07+0200,bac882e5-42a3-48ea-b8e2-c8e889704767,2026-07-25T00:45:00Z,2026-07-25T02:45:00+0200,159.06,EUR/MWh,ES,ES,day_ahead_price,value,2026-08-16T21:17:48Z
2026-08-16T21:11:07Z,2026-08-16T23:11:07+0200,bac882e5-42a3-48ea-b8e2-c8e889704767,2026-07-25T01:00:00Z,2026-07-25T03:00:00+0200,159.06,EUR/MWh,ES,ES,day_ahead_price,value,2026-08-16T21:17:48Z
2026-08-16T21:11:07Z,2026-08-16T23:11:07+0200,bac882e5-42a3-48ea-b8e2-c8e889704767,2026-07-25T01:15:00Z,2026-07-25T03:15:00+0200,157.48,EUR/MWh,ES,ES,day_ahead_price,value,2026-08-16T21:17:48Z
2026-08-16T21:11:07Z,2026-08-16T23:11:07+0200,bac882e5-42a3-48ea-b8e2-c8e889704767,2026-07-25T01:30:00Z,2026-07-25T03:30:00+0200,157.21,EUR/MWh,ES,ES,day_ahead_price,value,2026-08-16T21:17:48Z
2026-08-16T21:11:07Z,2026-08-16T23:11:07+0200,bac882e5-42a3-48ea-b8e2-c8e889704767,2026-07-25T01:45:00Z,2026-07-25T03:45:00+0200,155.9,EUR/MWh,ES,ES,day_ahead_price,value,2026-08-16T21:17:48Z
2026-08-16T21:11:07Z,2026-08-16T23:11:07+0200,bac882e5-42a3-48ea-b8e2-c8e889704767,2026-07-25T02:00:00Z,2026-07-25T04:00:00+0200,155.9,EUR/MWh,ES,ES,day_ahead_price,value,2026-08-16T21:17:48Z
2026-08-16T21:11:07Z,2026-08-16T23:11:07+0200,bac882e5-42a3-48ea-b8e2-c8e889704767,2026-07-25T02:15:00Z,2026-07-25T04:15:00+0200,154.24,EUR/MWh,ES,ES,day_ahead_price,value,2026-08-16T21:17:48Z
2026-08-16T21:11:07Z,2026-08-16T23:11:07+0200,bac882e5-42a3-48ea-b8e2-c8e889704767,2026-07-25T02:30:00Z,2026-07-25T04:30:00+0200,153.6,EUR/MWh,ES,ES,day_ahead_price,value,2026-08-16T21:17:48Z
2026-08-16T21:11:07Z,2026-08-16T23:11:07+0200,bac882e5-42a3-48ea-b8e2-c8e889704767,2026-07-25T02:45:00Z,2026-07-25T04:45:00+0200,150.21,EUR/MWh,ES,ES,day_ahead_price,value,2026-08-16T21:17:48Z
2026-08-16T21:11:07Z,2026-08-16T23:11:07+0200,bac882e5-42a3-48ea-b8e2-c8e889704767,2026-07-25T03:00:00Z,2026-07-25T05:00:00+0200,150.0,EUR/MWh,ES,ES,day_ahead_price,value,2026-08-16T21:17:48Z
2026-08-16T21:11:07Z,2026-08-16T23:11:07+0200,bac882e5-42a3-48ea-b8e2-c8e889704767,2026-07-25T03:15:00Z,2026-07-25T05:15:00+0200,147.97,EUR/MWh,ES,ES,day_ahead_price,value,2026-08-16T21:17:48Z
2026-08-16T21:11:07Z,2026-08-16T23:11:07+0200,bac882e5-42a3-48ea-b8e2-c8e889704767,2026-07-25T03:30:00Z,2026-07-25T05:30:00+0200,147.66,EUR/MWh,ES,ES,day_ahead_price,value,2026-08-16T21:17:48Z
2026-08-16T21:11:07Z,2026-08-16T23:11:07+0200,bac882e5-42a3-48ea-b8e2-c8e889704767,2026-07-25T03:45:00Z,2026-07-25T05:45:00+0200,146.37,EUR/MWh,ES,ES,day_ahead_price,value,2026-08-16T21:17:48Z
2026-08-16T21:11:07Z,2026-08-16T23:11:07+0200,bac882e5-42a3-48ea-b8e2-c8e889704767,2026-07-25T04:00:00Z,2026-07-25T06:00:00+0200,148.5,EUR/MWh,ES,ES,day_ahead_price,value,2026-08-16T21:17:48Z
2026-08-16T21:11:07Z,2026-08-16T23:11:07+0200,bac882e5-42a3-48ea-b8e2-c8e889704767,2026-07-25T04:15:00Z,2026-07-25T06:15:00+0200,149.21,EUR/MWh,ES,ES,day_ahead_price,value,2026-08-16T21:17:48Z
2026-08-16T21:11:07Z,2026-08-16T23:11:07+0200,bac882e5-42a3-48ea-b8e2-c8e889704767,2026-07-25T04:30:00Z,2026-07-25T06:30:00+0200,150.0,EUR/MWh,ES,ES,day_ahead_price,value,2026-08-16T21:17:48Z
2026-08-16T21:11:07Z,2026-08-16T23:11:07+0200,bac882e5-42a3-48ea-b8e2-c8e889704767,2026-07-25T04:45:00Z,2026-07-25T06:45:00+0200,148.24,EUR/MWh,ES,ES,day_ahead_price,value,2026-08-16T21:17:48Z
2026-08-16T21:11:07Z,2026-08-16T23:11:07+0200,bac882e5-42a3-48ea-b8e2-c8e889704767,2026-07-25T05:00:00Z,2026-07-25T07:00:00+0200,149.2,EUR/MWh,ES,ES,day_ahead_price,value,2026-08-16T21:17:48Z
2026-08-16T21:11:07Z,2026-08-16T23:11:07+0200,bac882e5-42a3-48ea-b8e2-c8e889704767,2026-07-25T05:15:00Z,2026-07-25T07:15:00+0200,145.34,EUR/MWh,ES,ES,day_ahead_price,value,2026-08-16T21:17:48Z
2026-08-16T21:11:07Z,2026-08-16T23:11:07+0200,bac882e5-42a3-48ea-b8e2-c8e889704767,2026-07-25T05:30:00Z,2026-07-25T07:30:00+0200,140.0,EUR/MWh,ES,ES,day_ahead_price,value,2026-08-16T21:17:48Z
2026-08-16T21:11:07Z,2026-08-16T23:11:07+0200,bac882e5-42a3-48ea-b8e2-c8e889704767,2026-07-25T05:45:00Z,2026-07-25T07:45:00+0200,125.42,EUR/MWh,ES,ES,day_ahead_price,value,2026-08-16T21:17:48Z
2026-08-16T21:11:07Z,2026-08-16T23:11:07+0200,bac882e5-42a3-48ea-b8e2-c8e889704767,2026-07-25T06:00:00Z,2026-07-25T08:00:00+0200,124.88,EUR/MWh,ES,ES,day_ahead_price,value,2026-08-16T21:17:48Z
2026-08-16T21:11:07Z,2026-08-16T23:11:07+0200,bac882e5-42a3-48ea-b8e2-c8e889704767,2026-07-25T06:15:00Z,2026-07-25T08:15:00+0200,103.13,EUR/MWh,ES,ES,day_ahead_price,value,2026-08-16T21:17:48Z
2026-08-16T21:11:07Z,2026-08-16T23:11:07+0200,bac882e5-42a3-48ea-b8e2-c8e889704767,2026-07-25T06:30:00Z,2026-07-25T08:30:00+0200,81.1,EUR/MWh,ES,ES,day_ahead_price,value,2026-08-16T21:17:48Z
2026-08-16T21:11:07Z,2026-08-16T23:11:07+0200,bac882e5-42a3-48ea-b8e2-c8e889704767,2026-07-25T06:45:00Z,2026-07-25T08:45:00+0200,29.86,EUR/MWh,ES,ES,day_ahead_price,value,2026-08-16T21:17:48Z
2026-08-16T21:11:07Z,2026-08-16T23:11:07+0200,bac882e5-42a3-48ea-b8e2-c8e889704767,2026-07-25T07:00:00Z,2026-07-25T09:00:00+0200,38.99,EUR/MWh,ES,ES,day_ahead_price,value,2026-08-16T21:17:48Z
2026-08-16T21:11:07Z,2026-08-16T23:11:07+0200,bac882e5-42a3-48ea-b8e2-c8e889704767,2026-07-25T07:15:00Z,2026-07-25T09:15:00+0200,4.98,EUR/MWh,ES,ES,day_ahead_price,value,2026-08-16T21:17:48Z
2026-08-16T21:11:07Z,2026-08-16T23:11:07+0200,bac882e5-42a3-48ea-b8e2-c8e889704767,2026-07-25T07:30:00Z,2026-07-25T09:30:00+0200,0.01,EUR/MWh,ES,ES,day_ahead_price,value,2026-08-16T21:17:48Z
2026-08-16T21:11:07Z,2026-08-16T23:11:07+0200,bac882e5-42a3-48ea-b8e2-c8e889704767,2026-07-25T07:45:00Z,2026-07-25T09:45:00+0200,0.0,EUR/MWh,ES,ES,day_ahead_price,value,2026-08-16T21:17:48Z
2026-08-16T21:11:07Z,2026-08-16T23:11:07+0200,bac882e5-42a3-48ea-b8e2-c8e889704767,2026-07-25T08:00:00Z,2026-07-25T10:00:00+0200,0.0,EUR/MWh,ES,ES,day_ahead_price,value,2026-08-16T21:17:48Z
2026-08-16T21:11:07Z,2026-08-16T23:11:07+0200,bac882e5-42a3-48ea-b8e2-c8e889704767,2026-07-25T08:15:00Z,2026-07-25T10:15:00+0200,-0.01,EUR/MWh,ES,ES,day_ahead_price,value,2026-08-16T21:17:48Z
2026-08-16T21:11:07Z,2026-08-16T23:11:07+0200,bac882e5-42a3-48ea-b8e2-c8e889704767,2026-07-25T08:30:00Z,2026-07-25T10:30:00+0200,-0.07,EUR/MWh,ES,ES,day_ahead_price,value,2026-08-16T21:17:48Z
2026-08-16T21:11:07Z,2026-08-16T23:11:07+0200,bac882e5-42a3-48ea-b8e2-c8e889704767,2026-07-25T08:45:00Z,2026-07-25T10:45:00+0200,-0.39,EUR/MWh,ES,ES,day_ahead_price,value,2026-08-16T21:17:48Z
2026-08-16T21:11:07Z,2026-08-16T23:11:07+0200,bac882e5-42a3-48ea-b8e2-c8e889704767,2026-07-25T09:00:00Z,2026-07-25T11:00:00+0200,-0.82,EUR/MWh,ES,ES,day_ahead_price,value,2026-08-16T21:17:48Z
2026-08-16T21:11:07Z,2026-08-16T23:11:07+0200,bac882e5-42a3-48ea-b8e2-c8e889704767,2026-07-25T09:15:00Z,2026-07-25T11:15:00+0200,-1.1,EUR/MWh,ES,ES,day_ahead_price,value,2026-08-16T21:17:48Z
2026-08-16T21:11:07Z,2026-08-16T23:11:07+0200,bac882e5-42a3-48ea-b8e2-c8e889704767,2026-07-25T09:30:00Z,2026-07-25T11:30:00+0200,-1.81,EUR/MWh,ES,ES,day_ahead_price,value,2026-08-16T21:17:48Z
2026-08-16T21:11:07Z,2026-08-16T23:11:07+0200,bac882e5-42a3-48ea-b8e2-c8e889704767,2026-07-25T09:45:00Z,2026-07-25T11:45:00+0200,-2.0,EUR/MWh,ES,ES,day_ahead_price,value,2026-08-16T21:17:48Z
2026-08-16T21:11:07Z,2026-08-16T23:11:07+0200,bac882e5-42a3-48ea-b8e2-c8e889704767,2026-07-25T10:00:00Z,2026-07-25T12:00:00+0200,-1.0,EUR/MWh,ES,ES,day_ahead_price,value,2026-08-16T21:17:48Z
2026-08-16T21:11:07Z,2026-08-16T23:11:07+0200,bac882e5-42a3-48ea-b8e2-c8e889704767,2026-07-25T10:15:00Z,2026-07-25T12:15:00+0200,-1.0,EUR/MWh,ES,ES,day_ahead_price,value,2026-08-16T21:17:48Z
2026-08-16T21:11:07Z,2026-08-16T23:11:07+0200,bac882e5-42a3-48ea-b8e2-c8e889704767,2026-07-25T10:30:00Z,2026-07-25T12:30:00+0200,-1.0,EUR/MWh,ES,ES,day_ahead_price,value,2026-08-16T21:17:48Z
2026-08-16T21:11:07Z,2026-08-16T23:11:07+0200,bac882e5-42a3-48ea-b8e2-c8e889704767,2026-07-25T10:45:00Z,2026-07-25T12:45:00+0200,-1.0,EUR/MWh,ES,ES,day_ahead_price,value,2026-08-16T21:17:48Z
2026-08-16T21:11:07Z,2026-08-16T23:11:07+0200,bac882e5-42a3-48ea-b8e2-c8e889704767,2026-07-25T11:00:00Z,2026-07-25T13:00:00+0200,-1.0,EUR/MWh,ES,ES,day_ahead_price,value,2026-08-16T21:17:48Z
2026-08-16T21:11:07Z,2026-08-16T23:11:07+0200,bac882e5-42a3-48ea-b8e2-c8e889704767,2026-07-25T11:15:00Z,2026-07-25T13:15:00+0200,-1.0,EUR/MWh,ES,ES,day_ahead_price,value,2026-08-16T21:17:48Z
2026-08-16T21:11:07Z,2026-08-16T23:11:07+0200,bac882e5-42a3-48ea-b8e2-c8e889704767,2026-07-25T11:30:00Z,2026-07-25T13:30:00+0200,-1.0,EUR/MWh,ES,ES,day_ahead_price,value,2026-08-16T21:17:48Z
2026-08-16T21:11:07Z,2026-08-16T23:11:07+0200,bac882e5-42a3-48ea-b8e2-c8e889704767,2026-07-25T11:45:00Z,2026-07-25T13:45:00+0200,-1.0,EUR/MWh,ES,ES,day_ahead_price,value,2026-08-16T21:17:48Z
2026-08-16T21:11:07Z,2026-08-16T23:11:07+0200,bac882e5-42a3-48ea-b8e2-c8e889704767,2026-07-25T12:00:00Z,2026-07-25T14:00:00+0200,-1.0,EUR/MWh,ES,ES,day_ahead_price,value,2026-08-16T21:17:48Z
2026-08-16T21:11:07Z,2026-08-16T23:11:07+0200,bac882e5-42a3-48ea-b8e2-c8e889704767,2026-07-25T12:15:00Z,2026-07-25T14:15:00+0200,-1.0,EUR/MWh,ES,ES,day_ahead_price,value,2026-08-16T21:17:48Z
2026-08-16T21:11:07Z,2026-08-16T23:11:07+0200,bac882e5-42a3-48ea-b8e2-c8e889704767,2026-07-25T12:30:00Z,2026-07-25T14:30:00+0200,-1.0,EUR/MWh,ES,ES,day_ahead_price,value,2026-08-16T21:17:48Z
2026-08-16T21:11:07Z,2026-08-16T23:11:07+0200,bac882e5-42a3-48ea-b8e2-c8e889704767,2026-07-25T12:45:00Z,2026-07-25T14:45:00+0200,-1.0,EUR/MWh,ES,ES,day_ahead_price,value,2026-08-16T21:17:48Z
2026-08-16T21:11:07Z,2026-08-16T23:11:07+0200,bac882e5-42a3-48ea-b8e2-c8e889704767,2026-07-25T13:00:00Z,2026-07-25T15:00:00+0200,-1.02,EUR/MWh,ES,ES,day_ahead_price,value,2026-08-16T21:17:48Z
2026-08-16T21:11:07Z,2026-08-16T23:11:07+0200,bac882e5-42a3-48ea-b8e2-c8e889704767,2026-07-25T13:15:00Z,2026-07-25T15:15:00+0200,-1.02,EUR/MWh,ES,ES,day_ahead_price,value,2026-08-16T21:17:48Z
2026-08-16T21:11:07Z,2026-08-16T23:11:07+0200,bac882e5-42a3-48ea-b8e2-c8e889704767,2026-07-25T13:30:00Z,2026-07-25T15:30:00+0200,-1.02,EUR/MWh,ES,ES,day_ahead_price,value,2026-08-16T21:17:48Z
2026-08-16T21:11:07Z,2026-08-16T23:11:07+0200,bac882e5-42a3-48ea-b8e2-c8e889704767,2026-07-25T13:45:00Z,2026-07-25T15:45:00+0200,-1.0,EUR/MWh,ES,ES,day_ahead_price,value,2026-08-16T21:17:48Z
2026-08-16T21:11:07Z,2026-08-16T23:11:07+0200,bac882e5-42a3-48ea-b8e2-c8e889704767,2026-07-25T14:00:00Z,2026-07-25T16:00:00+0200,-0.68,EUR/MWh,ES,ES,day_ahead_price,value,2026-08-16T21:17:48Z
2026-08-16T21:11:07Z,2026-08-16T23:11:07+0200,bac882e5-42a3-48ea-b8e2-c8e889704767,2026-07-25T14:15:00Z,2026-07-25T16:15:00+0200,-0.5,EUR/MWh,ES,ES,day_ahead_price,value,2026-08-16T21:17:48Z
2026-08-16T21:11:07Z,2026-08-16T23:11:07+0200,bac882e5-42a3-48ea-b8e2-c8e889704767,2026-07-25T14:30:00Z,2026-07-25T16:30:00+0200,-0.39,EUR/MWh,ES,ES,day_ahead_price,value,2026-08-16T21:17:48Z
2026-08-16T21:11:07Z,2026-08-16T23:11:07+0200,bac882e5-42a3-48ea-b8e2-c8e889704767,2026-07-25T14:45:00Z,2026-07-25T16:45:00+0200,-0.16,EUR/MWh,ES,ES,day_ahead_price,value,2026-08-16T21:17:48Z
2026-08-16T21:11:07Z,2026-08-16T23:11:07+0200,bac882e5-42a3-48ea-b8e2-c8e889704767,2026-07-25T15:00:00Z,2026-07-25T17:00:00+0200,-0.05,EUR/MWh,ES,ES,day_ahead_price,value,2026-08-16T21:17:48Z
2026-08-16T21:11:07Z,2026-08-16T23:11:07+0200,bac882e5-42a3-48ea-b8e2-c8e889704767,2026-07-25T15:15:00Z,2026-07-25T17:15:00+0200,-0.01,EUR/MWh,ES,ES,day_ahead_price,value,2026-08-16T21:17:48Z
2026-08-16T21:11:07Z,2026-08-16T23:11:07+0200,bac882e5-42a3-48ea-b8e2-c8e889704767,2026-07-25T15:30:00Z,2026-07-25T17:30:00+0200,0.0,EUR/MWh,ES,ES,day_ahead_price,value,2026-08-16T21:17:48Z
2026-08-16T21:11:07Z,2026-08-16T23:11:07+0200,bac882e5-42a3-48ea-b8e2-c8e889704767,2026-07-25T15:45:00Z,2026-07-25T17:45:00+0200,0.0,EUR/MWh,ES,ES,day_ahead_price,value,2026-08-16T21:17:48Z
2026-08-16T21:11:07Z,2026-08-16T23:11:07+0200,bac882e5-42a3-48ea-b8e2-c8e889704767,2026-07-25T16:00:00Z,2026-07-25T18:00:00+0200,0.0,EUR/MWh,ES,ES,day_ahead_price,value,2026-08-16T21:17:48Z
2026-08-16T21:11:07Z,2026-08-16T23:11:07+0200,bac882e5-42a3-48ea-b8e2-c8e889704767,2026-07-25T16:15:00Z,2026-07-25T18:15:00+0200,0.28,EUR/MWh,ES,ES,day_ahead_price,value,2026-08-16T21:17:48Z
2026-08-16T21:11:07Z,2026-08-16T23:11:07+0200,bac882e5-42a3-48ea-b8e2-c8e889704767,2026-07-25T16:30:00Z,2026-07-25T18:30:00+0200,1.08,EUR/MWh,ES,ES,day_ahead_price,value,2026-08-16T21:17:48Z
2026-08-16T21:11:07Z,2026-08-16T23:11:07+0200,bac882e5-42a3-48ea-b8e2-c8e889704767,2026-07-25T16:45:00Z,2026-07-25T18:45:00+0200,2.0,EUR/MWh,ES,ES,day_ahead_price,value,2026-08-16T21:17:48Z
2026-08-16T21:11:07Z,2026-08-16T23:11:07+0200,bac882e5-42a3-48ea-b8e2-c8e889704767,2026-07-25T17:00:00Z,2026-07-25T19:00:00+0200,0.01,EUR/MWh,ES,ES,day_ahead_price,value,2026-08-16T21:17:48Z
2026-08-16T21:11:07Z,2026-08-16T23:11:07+0200,bac882e5-42a3-48ea-b8e2-c8e889704767,2026-07-25T17:15:00Z,2026-07-25T19:15:00+0200,1.5,EUR/MWh,ES,ES,day_ahead_price,value,2026-08-16T21:17:48Z
2026-08-16T21:11:07Z,2026-08-16T23:11:07+0200,bac882e5-42a3-48ea-b8e2-c8e889704767,2026-07-25T17:30:00Z,2026-07-25T19:30:00+0200,21.54,EUR/MWh,ES,ES,day_ahead_price,value,2026-08-16T21:17:48Z
2026-08-16T21:11:07Z,2026-08-16T23:11:07+0200,bac882e5-42a3-48ea-b8e2-c8e889704767,2026-07-25T17:45:00Z,2026-07-25T19:45:00+0200,76.31,EUR/MWh,ES,ES,day_ahead_price,value,2026-08-16T21:17:48Z
2026-08-16T21:11:07Z,2026-08-16T23:11:07+0200,bac882e5-42a3-48ea-b8e2-c8e889704767,2026-07-25T18:00:00Z,2026-07-25T20:00:00+0200,79.96,EUR/MWh,ES,ES,day_ahead_price,value,2026-08-16T21:17:48Z
2026-08-16T21:11:07Z,2026-08-16T23:11:07+0200,bac882e5-42a3-48ea-b8e2-c8e889704767,2026-07-25T18:15:00Z,2026-07-25T20:15:00+0200,97.5,EUR/MWh,ES,ES,day_ahead_price,value,2026-08-16T21:17:48Z
2026-08-16T21:11:07Z,2026-08-16T23:11:07+0200,bac882e5-42a3-48ea-b8e2-c8e889704767,2026-07-25T18:30:00Z,2026-07-25T20:30:00+0200,126.33,EUR/MWh,ES,ES,day_ahead_price,value,2026-08-16T21:17:48Z
2026-08-16T21:11:07Z,2026-08-16T23:11:07+0200,bac882e5-42a3-48ea-b8e2-c8e889704767,2026-07-25T18:45:00Z,2026-07-25T20:45:00+0200,155.9,EUR/MWh,ES,ES,day_ahead_price,value,2026-08-16T21:17:48Z
2026-08-16T21:11:07Z,2026-08-16T23:11:07+0200,bac882e5-42a3-48ea-b8e2-c8e889704767,2026-07-25T19:00:00Z,2026-07-25T21:00:00+0200,153.6,EUR/MWh,ES,ES,day_ahead_price,value,2026-08-16T21:17:48Z
2026-08-16T21:11:07Z,2026-08-16T23:11:07+0200,bac882e5-42a3-48ea-b8e2-c8e889704767,2026-07-25T19:15:00Z,2026-07-25T21:15:00+0200,161.16,EUR/MWh,ES,ES,day_ahead_price,value,2026-08-16T21:17:48Z
2026-08-16T21:11:07Z,2026-08-16T23:11:07+0200,bac882e5-42a3-48ea-b8e2-c8e889704767,2026-07-25T19:30:00Z,2026-07-25T21:30:00+0200,165.5,EUR/MWh,ES,ES,day_ahead_price,value,2026-08-16T21:17:48Z
2026-08-16T21:11:07Z,2026-08-16T23:11:07+0200,bac882e5-42a3-48ea-b8e2-c8e889704767,2026-07-25T19:45:00Z,2026-07-25T21:45:00+0200,164.78,EUR/MWh,ES,ES,day_ahead_price,value,2026-08-16T21:17:48Z
2026-08-16T21:11:07Z,2026-08-16T23:11:07+0200,bac882e5-42a3-48ea-b8e2-c8e889704767,2026-07-25T20:00:00Z,2026-07-25T22:00:00+0200,173.22,EUR/MWh,ES,ES,day_ahead_price,value,2026-08-16T21:17:48Z
2026-08-16T21:11:07Z,2026-08-16T23:11:07+0200,bac882e5-42a3-48ea-b8e2-c8e889704767,2026-07-25T20:15:00Z,2026-07-25T22:15:00+0200,165.16,EUR/MWh,ES,ES,day_ahead_price,value,2026-08-16T21:17:48Z
2026-08-16T21:11:07Z,2026-08-16T23:11:07+0200,bac882e5-42a3-48ea-b8e2-c8e889704767,2026-07-25T20:30:00Z,2026-07-25T22:30:00+0200,164.99,EUR/MWh,ES,ES,day_ahead_price,value,2026-08-16T21:17:48Z
2026-08-16T21:11:07Z,2026-08-16T23:11:07+0200,bac882e5-42a3-48ea-b8e2-c8e889704767,2026-07-25T20:45:00Z,2026-07-25T22:45:00+0200,158.56,EUR/MWh,ES,ES,day_ahead_price,value,2026-08-16T21:17:48Z
2026-08-16T21:11:07Z,2026-08-16T23:11:07+0200,bac882e5-42a3-48ea-b8e2-c8e889704767,2026-07-25T21:00:00Z,2026-07-25T23:00:00+0200,166.84,EUR/MWh,ES,ES,day_ahead_price,value,2026-08-16T21:17:48Z
2026-08-16T21:11:07Z,2026-08-16T23:11:07+0200,bac882e5-42a3-48ea-b8e2-c8e889704767,2026-07-25T21:15:00Z,2026-07-25T23:15:00+0200,160.33,EUR/MWh,ES,ES,day_ahead_price,value,2026-08-16T21:17:48Z
2026-08-16T21:11:07Z,2026-08-16T23:11:07+0200,bac882e5-42a3-48ea-b8e2-c8e889704767,2026-07-25T21:30:00Z,2026-07-25T23:30:00+0200,160.64,EUR/MWh,ES,ES,day_ahead_price,value,2026-08-16T21:17:48Z
2026-08-16T21:11:07Z,2026-08-16T23:11:07+0200,bac882e5-42a3-48ea-b8e2-c8e889704767,2026-07-25T21:45:00Z,2026-07-25T23:45:00+0200,152.19,EUR/MWh,ES,ES,day_ahead_price,value,2026-08-16T21:17:48Z
2026-08-16T21:11:07Z,2026-08-16T23:11:07+0200,bac882e5-42a3-48ea-b8e2-c8e889704767,2026-07-25T22:00:00Z,2026-07-26T00:00:00+0200,139.35,EUR/MWh,ES,ES,day_ahead_price,value,2026-08-16T21:17:48Z
2026-08-16T21:11:07Z,2026-08-16T23:11:07+0200,bac882e5-42a3-48ea-b8e2-c8e889704767,2026-07-25T22:15:00Z,2026-07-26T00:15:00+0200,135.47,EUR/MWh,ES,ES,day_ahead_price,value,2026-08-16T21:17:48Z
2026-08-16T21:11:07Z,2026-08-16T23:11:07+0200,bac882e5-42a3-48ea-b8e2-c8e889704767,2026-07-25T22:30:00Z,2026-07-26T00:30:00+0200,131.06,EUR/MWh,ES,ES,day_ahead_price,value,2026-08-16T21:17:48Z
2026-08-16T21:11:07Z,2026-08-16T23:11:07+0200,bac882e5-42a3-48ea-b8e2-c8e889704767,2026-07-25T22:45:00Z,2026-07-26T00:45:00+0200,129.48,EUR/MWh,ES,ES,day_ahead_price,value,2026-08-16T21:17:48Z
2026-08-16T21:11:07Z,2026-08-16T23:11:07+0200,bac882e5-42a3-48ea-b8e2-c8e889704767,2026-07-25T23:00:00Z,2026-07-26T01:00:00+0200,132.64,EUR/MWh,ES,ES,day_ahead_price,value,2026-08-16T21:17:48Z
2026-08-16T21:11:07Z,2026-08-16T23:11:07+0200,bac882e5-42a3-48ea-b8e2-c8e889704767,2026-07-25T23:15:00Z,2026-07-26T01:15:00+0200,130.0,EUR/MWh,ES,ES,day_ahead_price,value,2026-08-16T21:17:48Z
2026-08-16T21:11:07Z,2026-08-16T23:11:07+0200,bac882e5-42a3-48ea-b8e2-c8e889704767,2026-07-25T23:30:00Z,2026-07-26T01:30:00+0200,130.0,EUR/MWh,ES,ES,day_ahead_price,value,2026-08-16T21:17:48Z
2026-08-16T21:11:07Z,2026-08-16T23:11:07+0200,bac882e5-42a3-48ea-b8e2-c8e889704767,2026-07-25T23:45:00Z,2026-07-26T01:45:00+0200,129.46,EUR/MWh,ES,ES,day_ahead_price,value,2026-08-16T21:17:48Z
2026-08-16T21:11:07Z,2026-08-16T23:11:07+0200,bac882e5-42a3-48ea-b8e2-c8e889704767,2026-07-26T00:00:00Z,2026-07-26T02:00:00+0200,127.9,EUR/MWh,ES,ES,day_ahead_price,value,2026-08-16T21:17:48Z
2026-08-16T21:11:07Z,2026-08-16T23:11:07+0200,bac882e5-42a3-48ea-b8e2-c8e889704767,2026-07-26T00:15:00Z,2026-07-26T02:15:00+0200,126.53,EUR/MWh,ES,ES,day_ahead_price,value,2026-08-16T21:17:48Z
2026-08-16T21:11:07Z,2026-08-16T23:11:07+0200,bac882e5-42a3-48ea-b8e2-c8e889704767,2026-07-26T00:30:00Z,2026-07-26T02:30:00+0200,127.9,EUR/MWh,ES,ES,day_ahead_price,value,2026-08-16T21:17:48Z
2026-08-16T21:11:07Z,2026-08-16T23:11:07+0200,bac882e5-42a3-48ea-b8e2-c8e889704767,2026-07-26T00:45:00Z,2026-07-26T02:45:00+0200,125.0,EUR/MWh,ES,ES,day_ahead_price,value,2026-08-16T21:17:48Z
2026-08-16T21:11:07Z,2026-08-16T23:11:07+0200,bac882e5-42a3-48ea-b8e2-c8e889704767,2026-07-26T01:00:00Z,2026-07-26T03:00:00+0200,124.73,EUR/MWh,ES,ES,day_ahead_price,value,2026-08-16T21:17:48Z
2026-08-16T21:11:07Z,2026-08-16T23:11:07+0200,bac882e5-42a3-48ea-b8e2-c8e889704767,2026-07-26T01:15:00Z,2026-07-26T03:15:00+0200,124.23,EUR/MWh,ES,ES,day_ahead_price,value,2026-08-16T21:17:48Z
2026-08-16T21:11:07Z,2026-08-16T23:11:07+0200,bac882e5-42a3-48ea-b8e2-c8e889704767,2026-07-26T01:30:00Z,2026-07-26T03:30:00+0200,124.2,EUR/MWh,ES,ES,day_ahead_price,value,2026-08-16T21:17:48Z
2026-08-16T21:11:07Z,2026-08-16T23:11:07+0200,bac882e5-42a3-48ea-b8e2-c8e889704767,2026-07-26T01:45:00Z,2026-07-26T03:45:00+0200,124.2,EUR/MWh,ES,ES,day_ahead_price,value,2026-08-16T21:17:48Z
2026-08-16T21:11:07Z,2026-08-16T23:11:07+0200,bac882e5-42a3-48ea-b8e2-c8e889704767,2026-07-26T02:00:00Z,2026-07-26T04:00:00+0200,119.59,EUR/MWh,ES,ES,day_ahead_price,value,2026-08-16T21:17:48Z
2026-08-16T21:11:07Z,2026-08-16T23:11:07+0200,bac882e5-42a3-48ea-b8e2-c8e889704767,2026-07-26T02:15:00Z,2026-07-26T04:15:00+0200,119.59,EUR/MWh,ES,ES,day_ahead_price,value,2026-08-16T21:17:48Z
2026-08-16T21:11:07Z,2026-08-16T23:11:07+0200,bac882e5-42a3-48ea-b8e2-c8e889704767,2026-07-26T02:30:00Z,2026-07-26T04:30:00+0200,119.59,EUR/MWh,ES,ES,day_ahead_price,value,2026-08-16T21:17:48Z
2026-08-16T21:11:07Z,2026-08-16T23:11:07+0200,bac882e5-42a3-48ea-b8e2-c8e889704767,2026-07-26T02:45:00Z,2026-07-26T04:45:00+0200,119.59,EUR/MWh,ES,ES,day_ahead_price,value,2026-08-16T21:17:48Z
2026-08-16T21:11:07Z,2026-08-16T23:11:07+0200,bac882e5-42a3-48ea-b8e2-c8e889704767,2026-07-26T03:00:00Z,2026-07-26T05:00:00+0200,119.66,EUR/MWh,ES,ES,day_ahead_price,value,2026-08-16T21:17:48Z
2026-08-16T21:11:07Z,2026-08-16T23:11:07+0200,bac882e5-42a3-48ea-b8e2-c8e889704767,2026-07-26T03:15:00Z,2026-07-26T05:15:00+0200,120.0,EUR/MWh,ES,ES,day_ahead_price,value,2026-08-16T21:17:48Z
2026-08-16T21:11:07Z,2026-08-16T23:11:07+0200,bac882e5-42a3-48ea-b8e2-c8e889704767,2026-07-26T03:30:00Z,2026-07-26T05:30:00+0200,123.66,EUR/MWh,ES,ES,day_ahead_price,value,2026-08-16T21:17:48Z
2026-08-16T21:11:07Z,2026-08-16T23:11:07+0200,bac882e5-42a3-48ea-b8e2-c8e889704767,2026-07-26T03:45:00Z,2026-07-26T05:45:00+0200,125.0,EUR/MWh,ES,ES,day_ahead_price,value,2026-08-16T21:17:48Z
2026-08-16T21:11:07Z,2026-08-16T23:11:07+0200,bac882e5-42a3-48ea-b8e2-c8e889704767,2026-07-26T04:00:00Z,2026-07-26T06:00:00+0200,126.53,EUR/MWh,ES,ES,day_ahead_price,value,2026-08-16T21:17:48Z
2026-08-16T21:11:07Z,2026-08-16T23:11:07+0200,bac882e5-42a3-48ea-b8e2-c8e889704767,2026-07-26T04:15:00Z,2026-07-26T06:15:00+0200,127.46,EUR/MWh,ES,ES,day_ahead_price,value,2026-08-16T21:17:48Z
2026-08-16T21:11:07Z,2026-08-16T23:11:07+0200,bac882e5-42a3-48ea-b8e2-c8e889704767,2026-07-26T04:30:00Z,2026-07-26T06:30:00+0200,127.9,EUR/MWh,ES,ES,day_ahead_price,value,2026-08-16T21:17:48Z
2026-08-16T21:11:07Z,2026-08-16T23:11:07+0200,bac882e5-42a3-48ea-b8e2-c8e889704767,2026-07-26T04:45:00Z,2026-07-26T06:45:00+0200,127.9,EUR/MWh,ES,ES,day_ahead_price,value,2026-08-16T21:17:48Z
2026-08-16T21:11:07Z,2026-08-16T23:11:07+0200,bac882e5-42a3-48ea-b8e2-c8e889704767,2026-07-26T05:00:00Z,2026-07-26T07:00:00+0200,121.6,EUR/MWh,ES,ES,day_ahead_price,value,2026-08-16T21:17:48Z
2026-08-16T21:11:07Z,2026-08-16T23:11:07+0200,bac882e5-42a3-48ea-b8e2-c8e889704767,2026-07-26T05:15:00Z,2026-07-26T07:15:00+0200,113.72,EUR/MWh,ES,ES,day_ahead_price,value,2026-08-16T21:17:48Z
2026-08-16T21:11:07Z,2026-08-16T23:11:07+0200,bac882e5-42a3-48ea-b8e2-c8e889704767,2026-07-26T05:30:00Z,2026-07-26T07:30:00+0200,105.09,EUR/MWh,ES,ES,day_ahead_price,value,2026-08-16T21:17:48Z
2026-08-16T21:11:07Z,2026-08-16T23:11:07+0200,bac882e5-42a3-48ea-b8e2-c8e889704767,2026-07-26T05:45:00Z,2026-07-26T07:45:00+0200,98.18,EUR/MWh,ES,ES,day_ahead_price,value,2026-08-16T21:17:48Z
2026-08-16T21:11:07Z,2026-08-16T23:11:07+0200,bac882e5-42a3-48ea-b8e2-c8e889704767,2026-07-26T06:00:00Z,2026-07-26T08:00:00+0200,83.9,EUR/MWh,ES,ES,day_ahead_price,value,2026-08-16T21:17:48Z
2026-08-16T21:11:07Z,2026-08-16T23:11:07+0200,bac882e5-42a3-48ea-b8e2-c8e889704767,2026-07-26T06:15:00Z,2026-07-26T08:15:00+0200,52.0,EUR/MWh,ES,ES,day_ahead_price,value,2026-08-16T21:17:48Z
2026-08-16T21:11:07Z,2026-08-16T23:11:07+0200,bac882e5-42a3-48ea-b8e2-c8e889704767,2026-07-26T06:30:00Z,2026-07-26T08:30:00+0200,8.4,EUR/MWh,ES,ES,day_ahead_price,value,2026-08-16T21:17:48Z
2026-08-16T21:11:07Z,2026-08-16T23:11:07+0200,bac882e5-42a3-48ea-b8e2-c8e889704767,2026-07-26T06:45:00Z,2026-07-26T08:45:00+0200,0.0,EUR/MWh,ES,ES,day_ahead_price,value,2026-08-16T21:17:48Z
2026-08-16T21:11:07Z,2026-08-16T23:11:07+0200,bac882e5-42a3-48ea-b8e2-c8e889704767,2026-07-26T07:00:00Z,2026-07-26T09:00:00+0200,0.0,EUR/MWh,ES,ES,day_ahead_price,value,2026-08-16T21:17:48Z
2026-08-16T21:11:07Z,2026-08-16T23:11:07+0200,bac882e5-42a3-48ea-b8e2-c8e889704767,2026-07-26T07:15:00Z,2026-07-26T09:15:00+0200,-0.01,EUR/MWh,ES,ES,day_ahead_price,value,2026-08-16T21:17:48Z
2026-08-16T21:11:07Z,2026-08-16T23:11:07+0200,bac882e5-42a3-48ea-b8e2-c8e889704767,2026-07-26T07:30:00Z,2026-07-26T09:30:00+0200,-0.02,EUR/MWh,ES,ES,day_ahead_price,value,2026-08-16T21:17:48Z
2026-08-16T21:11:07Z,2026-08-16T23:11:07+0200,bac882e5-42a3-48ea-b8e2-c8e889704767,2026-07-26T07:45:00Z,2026-07-26T09:45:00+0200,-0.11,EUR/MWh,ES,ES,day_ahead_price,value,2026-08-16T21:17:48Z
2026-08-16T21:11:07Z,2026-08-16T23:11:07+0200,bac882e5-42a3-48ea-b8e2-c8e889704767,2026-07-26T08:00:00Z,2026-07-26T10:00:00+0200,-0.16,EUR/MWh,ES,ES,day_ahead_price,value,2026-08-16T21:17:48Z
2026-08-16T21:11:07Z,2026-08-16T23:11:07+0200,bac882e5-42a3-48ea-b8e2-c8e889704767,2026-07-26T08:15:00Z,2026-07-26T10:15:00+0200,-0.62,EUR/MWh,ES,ES,day_ahead_price,value,2026-08-16T21:17:48Z
2026-08-16T21:11:07Z,2026-08-16T23:11:07+0200,bac882e5-42a3-48ea-b8e2-c8e889704767,2026-07-26T08:30:00Z,2026-07-26T10:30:00+0200,-0.77,EUR/MWh,ES,ES,day_ahead_price,value,2026-08-16T21:17:48Z
2026-08-16T21:11:07Z,2026-08-16T23:11:07+0200,bac882e5-42a3-48ea-b8e2-c8e889704767,2026-07-26T08:45:00Z,2026-07-26T10:45:00+0200,-0.81,EUR/MWh,ES,ES,day_ahead_price,value,2026-08-16T21:17:48Z
2026-08-16T21:11:07Z,2026-08-16T23:11:07+0200,bac882e5-42a3-48ea-b8e2-c8e889704767,2026-07-26T09:00:00Z,2026-07-26T11:00:00+0200,-1.0,EUR/MWh,ES,ES,day_ahead_price,value,2026-08-16T21:17:48Z
2026-08-16T21:11:07Z,2026-08-16T23:11:07+0200,bac882e5-42a3-48ea-b8e2-c8e889704767,2026-07-26T09:15:00Z,2026-07-26T11:15:00+0200,-1.0,EUR/MWh,ES,ES,day_ahead_price,value,2026-08-16T21:17:48Z
2026-08-16T21:11:07Z,2026-08-16T23:11:07+0200,bac882e5-42a3-48ea-b8e2-c8e889704767,2026-07-26T09:30:00Z,2026-07-26T11:30:00+0200,-1.0,EUR/MWh,ES,ES,day_ahead_price,value,2026-08-16T21:17:48Z
2026-08-16T21:11:07Z,2026-08-16T23:11:07+0200,bac882e5-42a3-48ea-b8e2-c8e889704767,2026-07-26T09:45:00Z,2026-07-26T11:45:00+0200,-1.0,EUR/MWh,ES,ES,day_ahead_price,value,2026-08-16T21:17:48Z
2026-08-16T21:11:07Z,2026-08-16T23:11:07+0200,bac882e5-42a3-48ea-b8e2-c8e889704767,2026-07-26T10:00:00Z,2026-07-26T12:00:00+0200,-0.81,EUR/MWh,ES,ES,day_ahead_price,value,2026-08-16T21:17:48Z
2026-08-16T21:11:07Z,2026-08-16T23:11:07+0200,bac882e5-42a3-48ea-b8e2-c8e889704767,2026-07-26T10:15:00Z,2026-07-26T12:15:00+0200,-0.81,EUR/MWh,ES,ES,day_ahead_price,value,2026-08-16T21:17:48Z
2026-08-16T21:11:07Z,2026-08-16T23:11:07+0200,bac882e5-42a3-48ea-b8e2-c8e889704767,2026-07-26T10:30:00Z,2026-07-26T12:30:00+0200,-0.81,EUR/MWh,ES,ES,day_ahead_price,value,2026-08-16T21:17:48Z
2026-08-16T21:11:07Z,2026-08-16T23:11:07+0200,bac882e5-42a3-48ea-b8e2-c8e889704767,2026-07-26T10:45:00Z,2026-07-26T12:45:00+0200,-0.77,EUR/MWh,ES,ES,day_ahead_price,value,2026-08-16T21:17:48Z
2026-08-16T21:11:07Z,2026-08-16T23:11:07+0200,bac882e5-42a3-48ea-b8e2-c8e889704767,2026-07-26T11:00:00Z,2026-07-26T13:00:00+0200,-0.62,EUR/MWh,ES,ES,day_ahead_price,value,2026-08-16T21:17:48Z
2026-08-16T21:11:07Z,2026-08-16T23:11:07+0200,bac882e5-42a3-48ea-b8e2-c8e889704767,2026-07-26T11:15:00Z,2026-07-26T13:15:00+0200,-0.62,EUR/MWh,ES,ES,day_ahead_price,value,2026-08-16T21:17:48Z
2026-08-16T21:11:07Z,2026-08-16T23:11:07+0200,bac882e5-42a3-48ea-b8e2-c8e889704767,2026-07-26T11:30:00Z,2026-07-26T13:30:00+0200,-0.62,EUR/MWh,ES,ES,day_ahead_price,value,2026-08-16T21:17:48Z
2026-08-16T21:11:07Z,2026-08-16T23:11:07+0200,bac882e5-42a3-48ea-b8e2-c8e889704767,2026-07-26T11:45:00Z,2026-07-26T13:45:00+0200,-0.66,EUR/MWh,ES,ES,day_ahead_price,value,2026-08-16T21:17:48Z
2026-08-16T21:11:07Z,2026-08-16T23:11:07+0200,bac882e5-42a3-48ea-b8e2-c8e889704767,2026-07-26T12:00:00Z,2026-07-26T14:00:00+0200,-0.66,EUR/MWh,ES,ES,day_ahead_price,value,2026-08-16T21:17:48Z
2026-08-16T21:11:07Z,2026-08-16T23:11:07+0200,bac882e5-42a3-48ea-b8e2-c8e889704767,2026-07-26T12:15:00Z,2026-07-26T14:15:00+0200,-0.62,EUR/MWh,ES,ES,day_ahead_price,value,2026-08-16T21:17:48Z
2026-08-16T21:11:07Z,2026-08-16T23:11:07+0200,bac882e5-42a3-48ea-b8e2-c8e889704767,2026-07-26T12:30:00Z,2026-07-26T14:30:00+0200,-0.62,EUR/MWh,ES,ES,day_ahead_price,value,2026-08-16T21:17:48Z
2026-08-16T21:11:07Z,2026-08-16T23:11:07+0200,bac882e5-42a3-48ea-b8e2-c8e889704767,2026-07-26T12:45:00Z,2026-07-26T14:45:00+0200,-0.62,EUR/MWh,ES,ES,day_ahead_price,value,2026-08-16T21:17:48Z
2026-08-16T21:11:07Z,2026-08-16T23:11:07+0200,bac882e5-42a3-48ea-b8e2-c8e889704767,2026-07-26T13:00:00Z,2026-07-26T15:00:00+0200,-0.75,EUR/MWh,ES,ES,day_ahead_price,value,2026-08-16T21:17:48Z
2026-08-16T21:11:07Z,2026-08-16T23:11:07+0200,bac882e5-42a3-48ea-b8e2-c8e889704767,2026-07-26T13:15:00Z,2026-07-26T15:15:00+0200,-0.77,EUR/MWh,ES,ES,day_ahead_price,value,2026-08-16T21:17:48Z
2026-08-16T21:11:07Z,2026-08-16T23:11:07+0200,bac882e5-42a3-48ea-b8e2-c8e889704767,2026-07-26T13:30:00Z,2026-07-26T15:30:00+0200,-0.81,EUR/MWh,ES,ES,day_ahead_price,value,2026-08-16T21:17:48Z
2026-08-16T21:11:07Z,2026-08-16T23:11:07+0200,bac882e5-42a3-48ea-b8e2-c8e889704767,2026-07-26T13:45:00Z,2026-07-26T15:45:00+0200,-0.75,EUR/MWh,ES,ES,day_ahead_price,value,2026-08-16T21:17:48Z
2026-08-16T21:11:07Z,2026-08-16T23:11:07+0200,bac882e5-42a3-48ea-b8e2-c8e889704767,2026-07-26T14:00:00Z,2026-07-26T16:00:00+0200,-1.0,EUR/MWh,ES,ES,day_ahead_price,value,2026-08-16T21:17:48Z
2026-08-16T21:11:07Z,2026-08-16T23:11:07+0200,bac882e5-42a3-48ea-b8e2-c8e889704767,2026-07-26T14:15:00Z,2026-07-26T16:15:00+0200,-0.81,EUR/MWh,ES,ES,day_ahead_price,value,2026-08-16T21:17:48Z
2026-08-16T21:11:07Z,2026-08-16T23:11:07+0200,bac882e5-42a3-48ea-b8e2-c8e889704767,2026-07-26T14:30:00Z,2026-07-26T16:30:00+0200,-0.81,EUR/MWh,ES,ES,day_ahead_price,value,2026-08-16T21:17:48Z
2026-08-16T21:11:07Z,2026-08-16T23:11:07+0200,bac882e5-42a3-48ea-b8e2-c8e889704767,2026-07-26T14:45:00Z,2026-07-26T16:45:00+0200,-0.8,EUR/MWh,ES,ES,day_ahead_price,value,2026-08-16T21:17:48Z
2026-08-16T21:11:07Z,2026-08-16T23:11:07+0200,bac882e5-42a3-48ea-b8e2-c8e889704767,2026-07-26T15:00:00Z,2026-07-26T17:00:00+0200,-0.5,EUR/MWh,ES,ES,day_ahead_price,value,2026-08-16T21:17:48Z
2026-08-16T21:11:07Z,2026-08-16T23:11:07+0200,bac882e5-42a3-48ea-b8e2-c8e889704767,2026-07-26T15:15:00Z,2026-07-26T17:15:00+0200,-0.16,EUR/MWh,ES,ES,day_ahead_price,value,2026-08-16T21:17:48Z
2026-08-16T21:11:07Z,2026-08-16T23:11:07+0200,bac882e5-42a3-48ea-b8e2-c8e889704767,2026-07-26T15:30:00Z,2026-07-26T17:30:00+0200,-0.11,EUR/MWh,ES,ES,day_ahead_price,value,2026-08-16T21:17:48Z
2026-08-16T21:11:07Z,2026-08-16T23:11:07+0200,bac882e5-42a3-48ea-b8e2-c8e889704767,2026-07-26T15:45:00Z,2026-07-26T17:45:00+0200,-0.11,EUR/MWh,ES,ES,day_ahead_price,value,2026-08-16T21:17:48Z
2026-08-16T21:11:07Z,2026-08-16T23:11:07+0200,bac882e5-42a3-48ea-b8e2-c8e889704767,2026-07-26T16:00:00Z,2026-07-26T18:00:00+0200,-0.01,EUR/MWh,ES,ES,day_ahead_price,value,2026-08-16T21:17:48Z
2026-08-16T21:11:07Z,2026-08-16T23:11:07+0200,bac882e5-42a3-48ea-b8e2-c8e889704767,2026-07-26T16:15:00Z,2026-07-26T18:15:00+0200,-0.01,EUR/MWh,ES,ES,day_ahead_price,value,2026-08-16T21:17:48Z
2026-08-16T21:11:07Z,2026-08-16T23:11:07+0200,bac882e5-42a3-48ea-b8e2-c8e889704767,2026-07-26T16:30:00Z,2026-07-26T18:30:00+0200,0.0,EUR/MWh,ES,ES,day_ahead_price,value,2026-08-16T21:17:48Z
2026-08-16T21:11:07Z,2026-08-16T23:11:07+0200,bac882e5-42a3-48ea-b8e2-c8e889704767,2026-07-26T16:45:00Z,2026-07-26T18:45:00+0200,0.01,EUR/MWh,ES,ES,day_ahead_price,value,2026-08-16T21:17:48Z
2026-08-16T21:11:07Z,2026-08-16T23:11:07+0200,bac882e5-42a3-48ea-b8e2-c8e889704767,2026-07-26T17:00:00Z,2026-07-26T19:00:00+0200,0.5,EUR/MWh,ES,ES,day_ahead_price,value,2026-08-16T21:17:48Z
2026-08-16T21:11:07Z,2026-08-16T23:11:07+0200,bac882e5-42a3-48ea-b8e2-c8e889704767,2026-07-26T17:15:00Z,2026-07-26T19:15:00+0200,14.66,EUR/MWh,ES,ES,day_ahead_price,value,2026-08-16T21:17:48Z
2026-08-16T21:11:07Z,2026-08-16T23:11:07+0200,bac882e5-42a3-48ea-b8e2-c8e889704767,2026-07-26T17:30:00Z,2026-07-26T19:30:00+0200,50.0,EUR/MWh,ES,ES,day_ahead_price,value,2026-08-16T21:17:48Z
2026-08-16T21:11:07Z,2026-08-16T23:11:07+0200,bac882e5-42a3-48ea-b8e2-c8e889704767,2026-07-26T17:45:00Z,2026-07-26T19:45:00+0200,84.25,EUR/MWh,ES,ES,day_ahead_price,value,2026-08-16T21:17:48Z
2026-08-16T21:11:07Z,2026-08-16T23:11:07+0200,bac882e5-42a3-48ea-b8e2-c8e889704767,2026-07-26T18:00:00Z,2026-07-26T20:00:00+0200,79.0,EUR/MWh,ES,ES,day_ahead_price,value,2026-08-16T21:17:48Z
2026-08-16T21:11:07Z,2026-08-16T23:11:07+0200,bac882e5-42a3-48ea-b8e2-c8e889704767,2026-07-26T18:15:00Z,2026-07-26T20:15:00+0200,98.39,EUR/MWh,ES,ES,day_ahead_price,value,2026-08-16T21:17:48Z
2026-08-16T21:11:07Z,2026-08-16T23:11:07+0200,bac882e5-42a3-48ea-b8e2-c8e889704767,2026-07-26T18:30:00Z,2026-07-26T20:30:00+0200,126.56,EUR/MWh,ES,ES,day_ahead_price,value,2026-08-16T21:17:48Z
2026-08-16T21:11:07Z,2026-08-16T23:11:07+0200,bac882e5-42a3-48ea-b8e2-c8e889704767,2026-07-26T18:45:00Z,2026-07-26T20:45:00+0200,144.1,EUR/MWh,ES,ES,day_ahead_price,value,2026-08-16T21:17:48Z
2026-08-16T21:11:07Z,2026-08-16T23:11:07+0200,bac882e5-42a3-48ea-b8e2-c8e889704767,2026-07-26T19:00:00Z,2026-07-26T21:00:00+0200,152.39,EUR/MWh,ES,ES,day_ahead_price,value,2026-08-16T21:17:48Z
2026-08-16T21:11:07Z,2026-08-16T23:11:07+0200,bac882e5-42a3-48ea-b8e2-c8e889704767,2026-07-26T19:15:00Z,2026-07-26T21:15:00+0200,169.61,EUR/MWh,ES,ES,day_ahead_price,value,2026-08-16T21:17:48Z
2026-08-16T21:11:07Z,2026-08-16T23:11:07+0200,bac882e5-42a3-48ea-b8e2-c8e889704767,2026-07-26T19:30:00Z,2026-07-26T21:30:00+0200,170.0,EUR/MWh,ES,ES,day_ahead_price,value,2026-08-16T21:17:48Z
2026-08-16T21:11:07Z,2026-08-16T23:11:07+0200,bac882e5-42a3-48ea-b8e2-c8e889704767,2026-07-26T19:45:00Z,2026-07-26T21:45:00+0200,174.5,EUR/MWh,ES,ES,day_ahead_price,value,2026-08-16T21:17:48Z
2026-08-16T21:11:07Z,2026-08-16T23:11:07+0200,bac882e5-42a3-48ea-b8e2-c8e889704767,2026-07-26T20:00:00Z,2026-07-26T22:00:00+0200,177.46,EUR/MWh,ES,ES,day_ahead_price,value,2026-08-16T21:17:48Z
2026-08-16T21:11:07Z,2026-08-16T23:11:07+0200,bac882e5-42a3-48ea-b8e2-c8e889704767,2026-07-26T20:15:00Z,2026-07-26T22:15:00+0200,177.0,EUR/MWh,ES,ES,day_ahead_price,value,2026-08-16T21:17:48Z
2026-08-16T21:11:07Z,2026-08-16T23:11:07+0200,bac882e5-42a3-48ea-b8e2-c8e889704767,2026-07-26T20:30:00Z,2026-07-26T22:30:00+0200,175.41,EUR/MWh,ES,ES,day_ahead_price,value,2026-08-16T21:17:48Z
2026-08-16T21:11:07Z,2026-08-16T23:11:07+0200,bac882e5-42a3-48ea-b8e2-c8e889704767,2026-07-26T20:45:00Z,2026-07-26T22:45:00+0200,169.61,EUR/MWh,ES,ES,day_ahead_price,value,2026-08-16T21:17:48Z
2026-08-16T21:11:07Z,2026-08-16T23:11:07+0200,bac882e5-42a3-48ea-b8e2-c8e889704767,2026-07-26T21:00:00Z,2026-07-26T23:00:00+0200,164.0,EUR/MWh,ES,ES,day_ahead_price,value,2026-08-16T21:17:48Z
2026-08-16T21:11:07Z,2026-08-16T23:11:07+0200,bac882e5-42a3-48ea-b8e2-c8e889704767,2026-07-26T21:15:00Z,2026-07-26T23:15:00+0200,148.99,EUR/MWh,ES,ES,day_ahead_price,value,2026-08-16T21:17:48Z
2026-08-16T21:11:07Z,2026-08-16T23:11:07+0200,bac882e5-42a3-48ea-b8e2-c8e889704767,2026-07-26T21:30:00Z,2026-07-26T23:30:00+0200,144.1,EUR/MWh,ES,ES,day_ahead_price,value,2026-08-16T21:17:48Z
2026-08-16T21:11:07Z,2026-08-16T23:11:07+0200,bac882e5-42a3-48ea-b8e2-c8e889704767,2026-07-26T21:45:00Z,2026-07-26T23:45:00+0200,140.08,EUR/MWh,ES,ES,day_ahead_price,value,2026-08-16T21:17:48Z
2026-08-16T21:11:07Z,2026-08-16T23:11:07+0200,bac882e5-42a3-48ea-b8e2-c8e889704767,2026-07-26T22:00:00Z,2026-07-27T00:00:00+0200,166.4,EUR/MWh,ES,ES,day_ahead_price,value,2026-08-16T21:17:48Z
2026-08-16T21:11:07Z,2026-08-16T23:11:07+0200,bac882e5-42a3-48ea-b8e2-c8e889704767,2026-07-26T22:15:00Z,2026-07-27T00:15:00+0200,165.0,EUR/MWh,ES,ES,day_ahead_price,value,2026-08-16T21:17:48Z
2026-08-16T21:11:07Z,2026-08-16T23:11:07+0200,bac882e5-42a3-48ea-b8e2-c8e889704767,2026-07-26T22:30:00Z,2026-07-27T00:30:00+0200,155.17,EUR/MWh,ES,ES,day_ahead_price,value,2026-08-16T21:17:48Z
2026-08-16T21:11:07Z,2026-08-16T23:11:07+0200,bac882e5-42a3-48ea-b8e2-c8e889704767,2026-07-26T22:45:00Z,2026-07-27T00:45:00+0200,147.82,EUR/MWh,ES,ES,day_ahead_price,value,2026-08-16T21:17:48Z
2026-08-16T21:11:07Z,2026-08-16T23:11:07+0200,bac882e5-42a3-48ea-b8e2-c8e889704767,2026-07-26T23:00:00Z,2026-07-27T01:00:00+0200,147.58,EUR/MWh,ES,ES,day_ahead_price,value,2026-08-16T21:17:48Z
2026-08-16T21:11:07Z,2026-08-16T23:11:07+0200,bac882e5-42a3-48ea-b8e2-c8e889704767,2026-07-26T23:15:00Z,2026-07-27T01:15:00+0200,147.1,EUR/MWh,ES,ES,day_ahead_price,value,2026-08-16T21:17:48Z
2026-08-16T21:11:07Z,2026-08-16T23:11:07+0200,bac882e5-42a3-48ea-b8e2-c8e889704767,2026-07-26T23:30:00Z,2026-07-27T01:30:00+0200,144.39,EUR/MWh,ES,ES,day_ahead_price,value,2026-08-16T21:17:48Z
2026-08-16T21:11:07Z,2026-08-16T23:11:07+0200,bac882e5-42a3-48ea-b8e2-c8e889704767,2026-07-26T23:45:00Z,2026-07-27T01:45:00+0200,142.5,EUR/MWh,ES,ES,day_ahead_price,value,2026-08-16T21:17:48Z
2026-08-16T21:11:07Z,2026-08-16T23:11:07+0200,bac882e5-42a3-48ea-b8e2-c8e889704767,2026-07-27T00:00:00Z,2026-07-27T02:00:00+0200,141.99,EUR/MWh,ES,ES,day_ahead_price,value,2026-08-16T21:17:48Z
2026-08-16T21:11:07Z,2026-08-16T23:11:07+0200,bac882e5-42a3-48ea-b8e2-c8e889704767,2026-07-27T00:15:00Z,2026-07-27T02:15:00+0200,138.3,EUR/MWh,ES,ES,day_ahead_price,value,2026-08-16T21:17:48Z
2026-08-16T21:11:07Z,2026-08-16T23:11:07+0200,bac882e5-42a3-48ea-b8e2-c8e889704767,2026-07-27T00:30:00Z,2026-07-27T02:30:00+0200,136.58,EUR/MWh,ES,ES,day_ahead_price,value,2026-08-16T21:17:48Z
2026-08-16T21:11:07Z,2026-08-16T23:11:07+0200,bac882e5-42a3-48ea-b8e2-c8e889704767,2026-07-27T00:45:00Z,2026-07-27T02:45:00+0200,136.03,EUR/MWh,ES,ES,day_ahead_price,value,2026-08-16T21:17:48Z
2026-08-16T21:11:07Z,2026-08-16T23:11:07+0200,bac882e5-42a3-48ea-b8e2-c8e889704767,2026-07-27T01:00:00Z,2026-07-27T03:00:00+0200,134.9,EUR/MWh,ES,ES,day_ahead_price,value,2026-08-16T21:17:48Z
2026-08-16T21:11:07Z,2026-08-16T23:11:07+0200,bac882e5-42a3-48ea-b8e2-c8e889704767,2026-07-27T01:15:00Z,2026-07-27T03:15:00+0200,133.45,EUR/MWh,ES,ES,day_ahead_price,value,2026-08-16T21:17:48Z
2026-08-16T21:11:07Z,2026-08-16T23:11:07+0200,bac882e5-42a3-48ea-b8e2-c8e889704767,2026-07-27T01:30:00Z,2026-07-27T03:30:00+0200,130.6,EUR/MWh,ES,ES,day_ahead_price,value,2026-08-16T21:17:48Z
2026-08-16T21:11:07Z,2026-08-16T23:11:07+0200,bac882e5-42a3-48ea-b8e2-c8e889704767,2026-07-27T01:45:00Z,2026-07-27T03:45:00+0200,130.0,EUR/MWh,ES,ES,day_ahead_price,value,2026-08-16T21:17:48Z
2026-08-16T21:11:07Z,2026-08-16T23:11:07+0200,bac882e5-42a3-48ea-b8e2-c8e889704767,2026-07-27T02:00:00Z,2026-07-27T04:00:00+0200,125.0,EUR/MWh,ES,ES,day_ahead_price,value,2026-08-16T21:17:48Z
2026-08-16T21:11:07Z,2026-08-16T23:11:07+0200,bac882e5-42a3-48ea-b8e2-c8e889704767,2026-07-27T02:15:00Z,2026-07-27T04:15:00+0200,123.66,EUR/MWh,ES,ES,day_ahead_price,value,2026-08-16T21:17:48Z
2026-08-16T21:11:07Z,2026-08-16T23:11:07+0200,bac882e5-42a3-48ea-b8e2-c8e889704767,2026-07-27T02:30:00Z,2026-07-27T04:30:00+0200,124.23,EUR/MWh,ES,ES,day_ahead_price,value,2026-08-16T21:17:48Z
2026-08-16T21:11:07Z,2026-08-16T23:11:07+0200,bac882e5-42a3-48ea-b8e2-c8e889704767,2026-07-27T02:45:00Z,2026-07-27T04:45:00+0200,125.0,EUR/MWh,ES,ES,day_ahead_price,value,2026-08-16T21:17:48Z
2026-08-16T21:11:07Z,2026-08-16T23:11:07+0200,bac882e5-42a3-48ea-b8e2-c8e889704767,2026-07-27T03:00:00Z,2026-07-27T05:00:00+0200,124.9,EUR/MWh,ES,ES,day_ahead_price,value,2026-08-16T21:17:48Z
2026-08-16T21:11:07Z,2026-08-16T23:11:07+0200,bac882e5-42a3-48ea-b8e2-c8e889704767,2026-07-27T03:15:00Z,2026-07-27T05:15:00+0200,126.48,EUR/MWh,ES,ES,day_ahead_price,value,2026-08-16T21:17:48Z
2026-08-16T21:11:07Z,2026-08-16T23:11:07+0200,bac882e5-42a3-48ea-b8e2-c8e889704767,2026-07-27T03:30:00Z,2026-07-27T05:30:00+0200,126.56,EUR/MWh,ES,ES,day_ahead_price,value,2026-08-16T21:17:48Z
2026-08-16T21:11:07Z,2026-08-16T23:11:07+0200,bac882e5-42a3-48ea-b8e2-c8e889704767,2026-07-27T03:45:00Z,2026-07-27T05:45:00+0200,129.64,EUR/MWh,ES,ES,day_ahead_price,value,2026-08-16T21:17:48Z
2026-08-16T21:11:07Z,2026-08-16T23:11:07+0200,bac882e5-42a3-48ea-b8e2-c8e889704767,2026-07-27T04:00:00Z,2026-07-27T06:00:00+0200,130.6,EUR/MWh,ES,ES,day_ahead_price,value,2026-08-16T21:17:48Z
2026-08-16T21:11:07Z,2026-08-16T23:11:07+0200,bac882e5-42a3-48ea-b8e2-c8e889704767,2026-07-27T04:15:00Z,2026-07-27T06:15:00+0200,140.0,EUR/MWh,ES,ES,day_ahead_price,value,2026-08-16T21:17:48Z
2026-08-16T21:11:07Z,2026-08-16T23:11:07+0200,bac882e5-42a3-48ea-b8e2-c8e889704767,2026-07-27T04:30:00Z,2026-07-27T06:30:00+0200,145.16,EUR/MWh,ES,ES,day_ahead_price,value,2026-08-16T21:17:48Z
2026-08-16T21:11:07Z,2026-08-16T23:11:07+0200,bac882e5-42a3-48ea-b8e2-c8e889704767,2026-07-27T04:45:00Z,2026-07-27T06:45:00+0200,147.34,EUR/MWh,ES,ES,day_ahead_price,value,2026-08-16T21:17:48Z
2026-08-16T21:11:07Z,2026-08-16T23:11:07+0200,bac882e5-42a3-48ea-b8e2-c8e889704767,2026-07-27T05:00:00Z,2026-07-27T07:00:00+0200,152.31,EUR/MWh,ES,ES,day_ahead_price,value,2026-08-16T21:17:48Z
2026-08-16T21:11:07Z,2026-08-16T23:11:07+0200,bac882e5-42a3-48ea-b8e2-c8e889704767,2026-07-27T05:15:00Z,2026-07-27T07:15:00+0200,151.99,EUR/MWh,ES,ES,day_ahead_price,value,2026-08-16T21:17:48Z
2026-08-16T21:11:07Z,2026-08-16T23:11:07+0200,bac882e5-42a3-48ea-b8e2-c8e889704767,2026-07-27T05:30:00Z,2026-07-27T07:30:00+0200,149.89,EUR/MWh,ES,ES,day_ahead_price,value,2026-08-16T21:17:48Z
2026-08-16T21:11:07Z,2026-08-16T23:11:07+0200,bac882e5-42a3-48ea-b8e2-c8e889704767,2026-07-27T05:45:00Z,2026-07-27T07:45:00+0200,147.34,EUR/MWh,ES,ES,day_ahead_price,value,2026-08-16T21:17:48Z
2026-08-16T21:11:07Z,2026-08-16T23:11:07+0200,bac882e5-42a3-48ea-b8e2-c8e889704767,2026-07-27T06:00:00Z,2026-07-27T08:00:00+0200,147.82,EUR/MWh,ES,ES,day_ahead_price,value,2026-08-16T21:17:48Z
2026-08-16T21:11:07Z,2026-08-16T23:11:07+0200,bac882e5-42a3-48ea-b8e2-c8e889704767,2026-07-27T06:15:00Z,2026-07-27T08:15:00+0200,134.9,EUR/MWh,ES,ES,day_ahead_price,value,2026-08-16T21:17:48Z
2026-08-16T21:11:07Z,2026-08-16T23:11:07+0200,bac882e5-42a3-48ea-b8e2-c8e889704767,2026-07-27T06:30:00Z,2026-07-27T08:30:00+0200,112.16,EUR/MWh,ES,ES,day_ahead_price,value,2026-08-16T21:17:48Z
2026-08-16T21:11:07Z,2026-08-16T23:11:07+0200,bac882e5-42a3-48ea-b8e2-c8e889704767,2026-07-27T06:45:00Z,2026-07-27T08:45:00+0200,91.88,EUR/MWh,ES,ES,day_ahead_price,value,2026-08-16T21:17:48Z
2026-08-16T21:11:07Z,2026-08-16T23:11:07+0200,bac882e5-42a3-48ea-b8e2-c8e889704767,2026-07-27T07:00:00Z,2026-07-27T09:00:00+0200,104.0,EUR/MWh,ES,ES,day_ahead_price,value,2026-08-16T21:17:48Z
2026-08-16T21:11:07Z,2026-08-16T23:11:07+0200,bac882e5-42a3-48ea-b8e2-c8e889704767,2026-07-27T07:15:00Z,2026-07-27T09:15:00+0200,87.4,EUR/MWh,ES,ES,day_ahead_price,value,2026-08-16T21:17:48Z
2026-08-16T21:11:07Z,2026-08-16T23:11:07+0200,bac882e5-42a3-48ea-b8e2-c8e889704767,2026-07-27T07:30:00Z,2026-07-27T09:30:00+0200,72.2,EUR/MWh,ES,ES,day_ahead_price,value,2026-08-16T21:17:48Z
2026-08-16T21:11:07Z,2026-08-16T23:11:07+0200,bac882e5-42a3-48ea-b8e2-c8e889704767,2026-07-27T07:45:00Z,2026-07-27T09:45:00+0200,32.26,EUR/MWh,ES,ES,day_ahead_price,value,2026-08-16T21:17:48Z
2026-08-16T21:11:07Z,2026-08-16T23:11:07+0200,bac882e5-42a3-48ea-b8e2-c8e889704767,2026-07-27T08:00:00Z,2026-07-27T10:00:00+0200,25.18,EUR/MWh,ES,ES,day_ahead_price,value,2026-08-16T21:17:48Z
2026-08-16T21:11:07Z,2026-08-16T23:11:07+0200,bac882e5-42a3-48ea-b8e2-c8e889704767,2026-07-27T08:15:00Z,2026-07-27T10:15:00+0200,1.95,EUR/MWh,ES,ES,day_ahead_price,value,2026-08-16T21:17:48Z
2026-08-16T21:11:07Z,2026-08-16T23:11:07+0200,bac882e5-42a3-48ea-b8e2-c8e889704767,2026-07-27T08:30:00Z,2026-07-27T10:30:00+0200,1.0,EUR/MWh,ES,ES,day_ahead_price,value,2026-08-16T21:17:48Z
2026-08-16T21:11:07Z,2026-08-16T23:11:07+0200,bac882e5-42a3-48ea-b8e2-c8e889704767,2026-07-27T08:45:00Z,2026-07-27T10:45:00+0200,0.01,EUR/MWh,ES,ES,day_ahead_price,value,2026-08-16T21:17:48Z
2026-08-16T21:11:07Z,2026-08-16T23:11:07+0200,bac882e5-42a3-48ea-b8e2-c8e889704767,2026-07-27T09:00:00Z,2026-07-27T11:00:00+0200,0.0,EUR/MWh,ES,ES,day_ahead_price,value,2026-08-16T21:17:48Z
2026-08-16T21:11:07Z,2026-08-16T23:11:07+0200,bac882e5-42a3-48ea-b8e2-c8e889704767,2026-07-27T09:15:00Z,2026-07-27T11:15:00+0200,0.0,EUR/MWh,ES,ES,day_ahead_price,value,2026-08-16T21:17:48Z
2026-08-16T21:11:07Z,2026-08-16T23:11:07+0200,bac882e5-42a3-48ea-b8e2-c8e889704767,2026-07-27T09:30:00Z,2026-07-27T11:30:00+0200,0.0,EUR/MWh,ES,ES,day_ahead_price,value,2026-08-16T21:17:48Z
2026-08-16T21:11:07Z,2026-08-16T23:11:07+0200,bac882e5-42a3-48ea-b8e2-c8e889704767,2026-07-27T09:45:00Z,2026-07-27T11:45:00+0200,0.0,EUR/MWh,ES,ES,day_ahead_price,value,2026-08-16T21:17:48Z
2026-08-16T21:11:07Z,2026-08-16T23:11:07+0200,bac882e5-42a3-48ea-b8e2-c8e889704767,2026-07-27T10:00:00Z,2026-07-27T12:00:00+0200,0.0,EUR/MWh,ES,ES,day_ahead_price,value,2026-08-16T21:17:48Z
2026-08-16T21:11:07Z,2026-08-16T23:11:07+0200,bac882e5-42a3-48ea-b8e2-c8e889704767,2026-07-27T10:15:00Z,2026-07-27T12:15:00+0200,0.01,EUR/MWh,ES,ES,day_ahead_price,value,2026-08-16T21:17:48Z
2026-08-16T21:11:07Z,2026-08-16T23:11:07+0200,bac882e5-42a3-48ea-b8e2-c8e889704767,2026-07-27T10:30:00Z,2026-07-27T12:30:00+0200,0.01,EUR/MWh,ES,ES,day_ahead_price,value,2026-08-16T21:17:48Z
2026-08-16T21:11:07Z,2026-08-16T23:11:07+0200,bac882e5-42a3-48ea-b8e2-c8e889704767,2026-07-27T10:45:00Z,2026-07-27T12:45:00+0200,0.01,EUR/MWh,ES,ES,day_ahead_price,value,2026-08-16T21:17:48Z
2026-08-16T21:11:07Z,2026-08-16T23:11:07+0200,bac882e5-42a3-48ea-b8e2-c8e889704767,2026-07-27T11:00:00Z,2026-07-27T13:00:00+0200,0.01,EUR/MWh,ES,ES,day_ahead_price,value,2026-08-16T21:17:48Z
2026-08-16T21:11:07Z,2026-08-16T23:11:07+0200,bac882e5-42a3-48ea-b8e2-c8e889704767,2026-07-27T11:15:00Z,2026-07-27T13:15:00+0200,0.3,EUR/MWh,ES,ES,day_ahead_price,value,2026-08-16T21:17:48Z
2026-08-16T21:11:07Z,2026-08-16T23:11:07+0200,bac882e5-42a3-48ea-b8e2-c8e889704767,2026-07-27T11:30:00Z,2026-07-27T13:30:00+0200,0.45,EUR/MWh,ES,ES,day_ahead_price,value,2026-08-16T21:17:48Z
2026-08-16T21:11:07Z,2026-08-16T23:11:07+0200,bac882e5-42a3-48ea-b8e2-c8e889704767,2026-07-27T11:45:00Z,2026-07-27T13:45:00+0200,0.45,EUR/MWh,ES,ES,day_ahead_price,value,2026-08-16T21:17:48Z
2026-08-16T21:11:07Z,2026-08-16T23:11:07+0200,bac882e5-42a3-48ea-b8e2-c8e889704767,2026-07-27T12:00:00Z,2026-07-27T14:00:00+0200,0.51,EUR/MWh,ES,ES,day_ahead_price,value,2026-08-16T21:17:48Z
2026-08-16T21:11:07Z,2026-08-16T23:11:07+0200,bac882e5-42a3-48ea-b8e2-c8e889704767,2026-07-27T12:15:00Z,2026-07-27T14:15:00+0200,0.51,EUR/MWh,ES,ES,day_ahead_price,value,2026-08-16T21:17:48Z
2026-08-16T21:11:07Z,2026-08-16T23:11:07+0200,bac882e5-42a3-48ea-b8e2-c8e889704767,2026-07-27T12:30:00Z,2026-07-27T14:30:00+0200,0.51,EUR/MWh,ES,ES,day_ahead_price,value,2026-08-16T21:17:48Z
2026-08-16T21:11:07Z,2026-08-16T23:11:07+0200,bac882e5-42a3-48ea-b8e2-c8e889704767,2026-07-27T12:45:00Z,2026-07-27T14:45:00+0200,0.51,EUR/MWh,ES,ES,day_ahead_price,value,2026-08-16T21:17:48Z
2026-08-16T21:11:07Z,2026-08-16T23:11:07+0200,bac882e5-42a3-48ea-b8e2-c8e889704767,2026-07-27T13:00:00Z,2026-07-27T15:00:00+0200,0.5,EUR/MWh,ES,ES,day_ahead_price,value,2026-08-16T21:17:48Z
2026-08-16T21:11:07Z,2026-08-16T23:11:07+0200,bac882e5-42a3-48ea-b8e2-c8e889704767,2026-07-27T13:15:00Z,2026-07-27T15:15:00+0200,0.5,EUR/MWh,ES,ES,day_ahead_price,value,2026-08-16T21:17:48Z
2026-08-16T21:11:07Z,2026-08-16T23:11:07+0200,bac882e5-42a3-48ea-b8e2-c8e889704767,2026-07-27T13:30:00Z,2026-07-27T15:30:00+0200,0.5,EUR/MWh,ES,ES,day_ahead_price,value,2026-08-16T21:17:48Z
2026-08-16T21:11:07Z,2026-08-16T23:11:07+0200,bac882e5-42a3-48ea-b8e2-c8e889704767,2026-07-27T13:45:00Z,2026-07-27T15:45:00+0200,0.51,EUR/MWh,ES,ES,day_ahead_price,value,2026-08-16T21:17:48Z
2026-08-16T21:11:07Z,2026-08-16T23:11:07+0200,bac882e5-42a3-48ea-b8e2-c8e889704767,2026-07-27T14:00:00Z,2026-07-27T16:00:00+0200,0.54,EUR/MWh,ES,ES,day_ahead_price,value,2026-08-16T21:17:48Z
2026-08-16T21:11:07Z,2026-08-16T23:11:07+0200,bac882e5-42a3-48ea-b8e2-c8e889704767,2026-07-27T14:15:00Z,2026-07-27T16:15:00+0200,1.0,EUR/MWh,ES,ES,day_ahead_price,value,2026-08-16T21:17:48Z
2026-08-16T21:11:07Z,2026-08-16T23:11:07+0200,bac882e5-42a3-48ea-b8e2-c8e889704767,2026-07-27T14:30:00Z,2026-07-27T16:30:00+0200,1.08,EUR/MWh,ES,ES,day_ahead_price,value,2026-08-16T21:17:48Z
2026-08-16T21:11:07Z,2026-08-16T23:11:07+0200,bac882e5-42a3-48ea-b8e2-c8e889704767,2026-07-27T14:45:00Z,2026-07-27T16:45:00+0200,1.08,EUR/MWh,ES,ES,day_ahead_price,value,2026-08-16T21:17:48Z
2026-08-16T21:11:07Z,2026-08-16T23:11:07+0200,bac882e5-42a3-48ea-b8e2-c8e889704767,2026-07-27T15:00:00Z,2026-07-27T17:00:00+0200,1.08,EUR/MWh,ES,ES,day_ahead_price,value,2026-08-16T21:17:48Z
2026-08-16T21:11:07Z,2026-08-16T23:11:07+0200,bac882e5-42a3-48ea-b8e2-c8e889704767,2026-07-27T15:15:00Z,2026-07-27T17:15:00+0200,1.2,EUR/MWh,ES,ES,day_ahead_price,value,2026-08-16T21:17:48Z
2026-08-16T21:11:07Z,2026-08-16T23:11:07+0200,bac882e5-42a3-48ea-b8e2-c8e889704767,2026-07-27T15:30:00Z,2026-07-27T17:30:00+0200,2.5,EUR/MWh,ES,ES,day_ahead_price,value,2026-08-16T21:17:48Z
2026-08-16T21:11:07Z,2026-08-16T23:11:07+0200,bac882e5-42a3-48ea-b8e2-c8e889704767,2026-07-27T15:45:00Z,2026-07-27T17:45:00+0200,19.17,EUR/MWh,ES,ES,day_ahead_price,value,2026-08-16T21:17:48Z
2026-08-16T21:11:07Z,2026-08-16T23:11:07+0200,bac882e5-42a3-48ea-b8e2-c8e889704767,2026-07-27T16:00:00Z,2026-07-27T18:00:00+0200,57.92,EUR/MWh,ES,ES,day_ahead_price,value,2026-08-16T21:17:48Z
2026-08-16T21:11:07Z,2026-08-16T23:11:07+0200,bac882e5-42a3-48ea-b8e2-c8e889704767,2026-07-27T16:15:00Z,2026-07-27T18:15:00+0200,86.98,EUR/MWh,ES,ES,day_ahead_price,value,2026-08-16T21:17:48Z
2026-08-16T21:11:07Z,2026-08-16T23:11:07+0200,bac882e5-42a3-48ea-b8e2-c8e889704767,2026-07-27T16:30:00Z,2026-07-27T18:30:00+0200,95.59,EUR/MWh,ES,ES,day_ahead_price,value,2026-08-16T21:17:48Z
2026-08-16T21:11:07Z,2026-08-16T23:11:07+0200,bac882e5-42a3-48ea-b8e2-c8e889704767,2026-07-27T16:45:00Z,2026-07-27T18:45:00+0200,117.99,EUR/MWh,ES,ES,day_ahead_price,value,2026-08-16T21:17:48Z
2026-08-16T21:11:07Z,2026-08-16T23:11:07+0200,bac882e5-42a3-48ea-b8e2-c8e889704767,2026-07-27T17:00:00Z,2026-07-27T19:00:00+0200,110.3,EUR/MWh,ES,ES,day_ahead_price,value,2026-08-16T21:17:48Z
2026-08-16T21:11:07Z,2026-08-16T23:11:07+0200,bac882e5-42a3-48ea-b8e2-c8e889704767,2026-07-27T17:15:00Z,2026-07-27T19:15:00+0200,136.48,EUR/MWh,ES,ES,day_ahead_price,value,2026-08-16T21:17:48Z
2026-08-16T21:11:07Z,2026-08-16T23:11:07+0200,bac882e5-42a3-48ea-b8e2-c8e889704767,2026-07-27T17:30:00Z,2026-07-27T19:30:00+0200,156.51,EUR/MWh,ES,ES,day_ahead_price,value,2026-08-16T21:17:48Z
2026-08-16T21:11:07Z,2026-08-16T23:11:07+0200,bac882e5-42a3-48ea-b8e2-c8e889704767,2026-07-27T17:45:00Z,2026-07-27T19:45:00+0200,179.95,EUR/MWh,ES,ES,day_ahead_price,value,2026-08-16T21:17:48Z
2026-08-16T21:11:07Z,2026-08-16T23:11:07+0200,bac882e5-42a3-48ea-b8e2-c8e889704767,2026-07-27T18:00:00Z,2026-07-27T20:00:00+0200,151.37,EUR/MWh,ES,ES,day_ahead_price,value,2026-08-16T21:17:48Z
2026-08-16T21:11:07Z,2026-08-16T23:11:07+0200,bac882e5-42a3-48ea-b8e2-c8e889704767,2026-07-27T18:15:00Z,2026-07-27T20:15:00+0200,172.54,EUR/MWh,ES,ES,day_ahead_price,value,2026-08-16T21:17:48Z
2026-08-16T21:11:07Z,2026-08-16T23:11:07+0200,bac882e5-42a3-48ea-b8e2-c8e889704767,2026-07-27T18:30:00Z,2026-07-27T20:30:00+0200,184.0,EUR/MWh,ES,ES,day_ahead_price,value,2026-08-16T21:17:48Z
2026-08-16T21:11:07Z,2026-08-16T23:11:07+0200,bac882e5-42a3-48ea-b8e2-c8e889704767,2026-07-27T18:45:00Z,2026-07-27T20:45:00+0200,188.61,EUR/MWh,ES,ES,day_ahead_price,value,2026-08-16T21:17:48Z
2026-08-16T21:11:07Z,2026-08-16T23:11:07+0200,bac882e5-42a3-48ea-b8e2-c8e889704767,2026-07-27T19:00:00Z,2026-07-27T21:00:00+0200,203.39,EUR/MWh,ES,ES,day_ahead_price,value,2026-08-16T21:17:48Z
2026-08-16T21:11:07Z,2026-08-16T23:11:07+0200,bac882e5-42a3-48ea-b8e2-c8e889704767,2026-07-27T19:15:00Z,2026-07-27T21:15:00+0200,246.69,EUR/MWh,ES,ES,day_ahead_price,value,2026-08-16T21:17:48Z
2026-08-16T21:11:07Z,2026-08-16T23:11:07+0200,bac882e5-42a3-48ea-b8e2-c8e889704767,2026-07-27T19:30:00Z,2026-07-27T21:30:00+0200,250.0,EUR/MWh,ES,ES,day_ahead_price,value,2026-08-16T21:17:48Z
2026-08-16T21:11:07Z,2026-08-16T23:11:07+0200,bac882e5-42a3-48ea-b8e2-c8e889704767,2026-07-27T19:45:00Z,2026-07-27T21:45:00+0200,229.01,EUR/MWh,ES,ES,day_ahead_price,value,2026-08-16T21:17:48Z
2026-08-16T21:11:07Z,2026-08-16T23:11:07+0200,bac882e5-42a3-48ea-b8e2-c8e889704767,2026-07-27T20:00:00Z,2026-07-27T22:00:00+0200,208.3,EUR/MWh,ES,ES,day_ahead_price,value,2026-08-16T21:17:48Z
2026-08-16T21:11:07Z,2026-08-16T23:11:07+0200,bac882e5-42a3-48ea-b8e2-c8e889704767,2026-07-27T20:15:00Z,2026-07-27T22:15:00+0200,200.0,EUR/MWh,ES,ES,day_ahead_price,value,2026-08-16T21:17:48Z
2026-08-16T21:11:07Z,2026-08-16T23:11:07+0200,bac882e5-42a3-48ea-b8e2-c8e889704767,2026-07-27T20:30:00Z,2026-07-27T22:30:00+0200,200.0,EUR/MWh,ES,ES,day_ahead_price,value,2026-08-16T21:17:48Z
2026-08-16T21:11:07Z,2026-08-16T23:11:07+0200,bac882e5-42a3-48ea-b8e2-c8e889704767,2026-07-27T20:45:00Z,2026-07-27T22:45:00+0200,188.61,EUR/MWh,ES,ES,day_ahead_price,value,2026-08-16T21:17:48Z
2026-08-16T21:11:07Z,2026-08-16T23:11:07+0200,bac882e5-42a3-48ea-b8e2-c8e889704767,2026-07-27T21:00:00Z,2026-07-27T23:00:00+0200,184.5,EUR/MWh,ES,ES,day_ahead_price,value,2026-08-16T21:17:48Z
2026-08-16T21:11:07Z,2026-08-16T23:11:07+0200,bac882e5-42a3-48ea-b8e2-c8e889704767,2026-07-27T21:15:00Z,2026-07-27T23:15:00+0200,184.5,EUR/MWh,ES,ES,day_ahead_price,value,2026-08-16T21:17:48Z
2026-08-16T21:11:07Z,2026-08-16T23:11:07+0200,bac882e5-42a3-48ea-b8e2-c8e889704767,2026-07-27T21:30:00Z,2026-07-27T23:30:00+0200,183.0,EUR/MWh,ES,ES,day_ahead_price,value,2026-08-16T21:17:48Z
2026-08-16T21:11:07Z,2026-08-16T23:11:07+0200,bac882e5-42a3-48ea-b8e2-c8e889704767,2026-07-27T21:45:00Z,2026-07-27T23:45:00+0200,182.01,EUR/MWh,ES,ES,day_ahead_price,value,2026-08-16T21:17:48Z
2026-08-16T21:11:07Z,2026-08-16T23:11:07+0200,bac882e5-42a3-48ea-b8e2-c8e889704767,2026-07-27T22:00:00Z,2026-07-28T00:00:00+0200,180.35,EUR/MWh,ES,ES,day_ahead_price,value,2026-08-16T21:17:48Z
2026-08-16T21:11:07Z,2026-08-16T23:11:07+0200,bac882e5-42a3-48ea-b8e2-c8e889704767,2026-07-27T22:15:00Z,2026-07-28T00:15:00+0200,179.21,EUR/MWh,ES,ES,day_ahead_price,value,2026-08-16T21:17:48Z
2026-08-16T21:11:07Z,2026-08-16T23:11:07+0200,bac882e5-42a3-48ea-b8e2-c8e889704767,2026-07-27T22:30:00Z,2026-07-28T00:30:00+0200,178.7,EUR/MWh,ES,ES,day_ahead_price,value,2026-08-16T21:17:48Z
2026-08-16T21:11:07Z,2026-08-16T23:11:07+0200,bac882e5-42a3-48ea-b8e2-c8e889704767,2026-07-27T22:45:00Z,2026-07-28T00:45:00+0200,177.14,EUR/MWh,ES,ES,day_ahead_price,value,2026-08-16T21:17:48Z
2026-08-16T21:11:07Z,2026-08-16T23:11:07+0200,bac882e5-42a3-48ea-b8e2-c8e889704767,2026-07-27T23:00:00Z,2026-07-28T01:00:00+0200,175.35,EUR/MWh,ES,ES,day_ahead_price,value,2026-08-16T21:17:48Z
2026-08-16T21:11:07Z,2026-08-16T23:11:07+0200,bac882e5-42a3-48ea-b8e2-c8e889704767,2026-07-27T23:15:00Z,2026-07-28T01:15:00+0200,175.0,EUR/MWh,ES,ES,day_ahead_price,value,2026-08-16T21:17:48Z
2026-08-16T21:11:07Z,2026-08-16T23:11:07+0200,bac882e5-42a3-48ea-b8e2-c8e889704767,2026-07-27T23:30:00Z,2026-07-28T01:30:00+0200,172.5,EUR/MWh,ES,ES,day_ahead_price,value,2026-08-16T21:17:48Z
2026-08-16T21:11:07Z,2026-08-16T23:11:07+0200,bac882e5-42a3-48ea-b8e2-c8e889704767,2026-07-27T23:45:00Z,2026-07-28T01:45:00+0200,172.35,EUR/MWh,ES,ES,day_ahead_price,value,2026-08-16T21:17:48Z
2026-08-16T21:11:07Z,2026-08-16T23:11:07+0200,bac882e5-42a3-48ea-b8e2-c8e889704767,2026-07-28T00:00:00Z,2026-07-28T02:00:00+0200,171.9,EUR/MWh,ES,ES,day_ahead_price,value,2026-08-16T21:17:48Z
2026-08-16T21:11:07Z,2026-08-16T23:11:07+0200,bac882e5-42a3-48ea-b8e2-c8e889704767,2026-07-28T00:15:00Z,2026-07-28T02:15:00+0200,170.0,EUR/MWh,ES,ES,day_ahead_price,value,2026-08-16T21:17:48Z
2026-08-16T21:11:07Z,2026-08-16T23:11:07+0200,bac882e5-42a3-48ea-b8e2-c8e889704767,2026-07-28T00:30:00Z,2026-07-28T02:30:00+0200,169.61,EUR/MWh,ES,ES,day_ahead_price,value,2026-08-16T21:17:48Z
2026-08-16T21:11:07Z,2026-08-16T23:11:07+0200,bac882e5-42a3-48ea-b8e2-c8e889704767,2026-07-28T00:45:00Z,2026-07-28T02:45:00+0200,169.61,EUR/MWh,ES,ES,day_ahead_price,value,2026-08-16T21:17:48Z
2026-08-16T21:11:07Z,2026-08-16T23:11:07+0200,bac882e5-42a3-48ea-b8e2-c8e889704767,2026-07-28T01:00:00Z,2026-07-28T03:00:00+0200,169.3,EUR/MWh,ES,ES,day_ahead_price,value,2026-08-16T21:17:48Z
2026-08-16T21:11:07Z,2026-08-16T23:11:07+0200,bac882e5-42a3-48ea-b8e2-c8e889704767,2026-07-28T01:15:00Z,2026-07-28T03:15:00+0200,165.0,EUR/MWh,ES,ES,day_ahead_price,value,2026-08-16T21:17:48Z
2026-08-16T21:11:07Z,2026-08-16T23:11:07+0200,bac882e5-42a3-48ea-b8e2-c8e889704767,2026-07-28T01:30:00Z,2026-07-28T03:30:00+0200,165.0,EUR/MWh,ES,ES,day_ahead_price,value,2026-08-16T21:17:48Z
2026-08-16T21:11:07Z,2026-08-16T23:11:07+0200,bac882e5-42a3-48ea-b8e2-c8e889704767,2026-07-28T01:45:00Z,2026-07-28T03:45:00+0200,164.06,EUR/MWh,ES,ES,day_ahead_price,value,2026-08-16T21:17:48Z
2026-08-16T21:11:07Z,2026-08-16T23:11:07+0200,bac882e5-42a3-48ea-b8e2-c8e889704767,2026-07-28T02:00:00Z,2026-07-28T04:00:00+0200,164.06,EUR/MWh,ES,ES,day_ahead_price,value,2026-08-16T21:17:48Z
2026-08-16T21:11:07Z,2026-08-16T23:11:07+0200,bac882e5-42a3-48ea-b8e2-c8e889704767,2026-07-28T02:15:00Z,2026-07-28T04:15:00+0200,164.06,EUR/MWh,ES,ES,day_ahead_price,value,2026-08-16T21:17:48Z
2026-08-16T21:11:07Z,2026-08-16T23:11:07+0200,bac882e5-42a3-48ea-b8e2-c8e889704767,2026-07-28T02:30:00Z,2026-07-28T04:30:00+0200,164.06,EUR/MWh,ES,ES,day_ahead_price,value,2026-08-16T21:17:48Z
2026-08-16T21:11:07Z,2026-08-16T23:11:07+0200,bac882e5-42a3-48ea-b8e2-c8e889704767,2026-07-28T02:45:00Z,2026-07-28T04:45:00+0200,164.06,EUR/MWh,ES,ES,day_ahead_price,value,2026-08-16T21:17:48Z
2026-08-16T21:11:07Z,2026-08-16T23:11:07+0200,bac882e5-42a3-48ea-b8e2-c8e889704767,2026-07-28T03:00:00Z,2026-07-28T05:00:00+0200,163.82,EUR/MWh,ES,ES,day_ahead_price,value,2026-08-16T21:17:48Z
2026-08-16T21:11:07Z,2026-08-16T23:11:07+0200,bac882e5-42a3-48ea-b8e2-c8e889704767,2026-07-28T03:15:00Z,2026-07-28T05:15:00+0200,164.06,EUR/MWh,ES,ES,day_ahead_price,value,2026-08-16T21:17:48Z
2026-08-16T21:11:07Z,2026-08-16T23:11:07+0200,bac882e5-42a3-48ea-b8e2-c8e889704767,2026-07-28T03:30:00Z,2026-07-28T05:30:00+0200,167.5,EUR/MWh,ES,ES,day_ahead_price,value,2026-08-16T21:17:48Z
2026-08-16T21:11:07Z,2026-08-16T23:11:07+0200,bac882e5-42a3-48ea-b8e2-c8e889704767,2026-07-28T03:45:00Z,2026-07-28T05:45:00+0200,169.61,EUR/MWh,ES,ES,day_ahead_price,value,2026-08-16T21:17:48Z
2026-08-16T21:11:07Z,2026-08-16T23:11:07+0200,bac882e5-42a3-48ea-b8e2-c8e889704767,2026-07-28T04:00:00Z,2026-07-28T06:00:00+0200,178.35,EUR/MWh,ES,ES,day_ahead_price,value,2026-08-16T21:17:48Z
2026-08-16T21:11:07Z,2026-08-16T23:11:07+0200,bac882e5-42a3-48ea-b8e2-c8e889704767,2026-07-28T04:15:00Z,2026-07-28T06:15:00+0200,180.35,EUR/MWh,ES,ES,day_ahead_price,value,2026-08-16T21:17:48Z
2026-08-16T21:11:07Z,2026-08-16T23:11:07+0200,bac882e5-42a3-48ea-b8e2-c8e889704767,2026-07-28T04:30:00Z,2026-07-28T06:30:00+0200,181.35,EUR/MWh,ES,ES,day_ahead_price,value,2026-08-16T21:17:48Z
2026-08-16T21:11:07Z,2026-08-16T23:11:07+0200,bac882e5-42a3-48ea-b8e2-c8e889704767,2026-07-28T04:45:00Z,2026-07-28T06:45:00+0200,182.35,EUR/MWh,ES,ES,day_ahead_price,value,2026-08-16T21:17:48Z
2026-08-16T21:11:07Z,2026-08-16T23:11:07+0200,bac882e5-42a3-48ea-b8e2-c8e889704767,2026-07-28T05:00:00Z,2026-07-28T07:00:00+0200,183.85,EUR/MWh,ES,ES,day_ahead_price,value,2026-08-16T21:17:48Z
2026-08-16T21:11:07Z,2026-08-16T23:11:07+0200,bac882e5-42a3-48ea-b8e2-c8e889704767,2026-07-28T05:15:00Z,2026-07-28T07:15:00+0200,183.85,EUR/MWh,ES,ES,day_ahead_price,value,2026-08-16T21:17:48Z
2026-08-16T21:11:07Z,2026-08-16T23:11:07+0200,bac882e5-42a3-48ea-b8e2-c8e889704767,2026-07-28T05:30:00Z,2026-07-28T07:30:00+0200,182.35,EUR/MWh,ES,ES,day_ahead_price,value,2026-08-16T21:17:48Z
2026-08-16T21:11:07Z,2026-08-16T23:11:07+0200,bac882e5-42a3-48ea-b8e2-c8e889704767,2026-07-28T05:45:00Z,2026-07-28T07:45:00+0200,181.35,EUR/MWh,ES,ES,day_ahead_price,value,2026-08-16T21:17:48Z
2026-08-16T21:11:07Z,2026-08-16T23:11:07+0200,bac882e5-42a3-48ea-b8e2-c8e889704767,2026-07-28T06:00:00Z,2026-07-28T08:00:00+0200,180.35,EUR/MWh,ES,ES,day_ahead_price,value,2026-08-16T21:17:48Z
2026-08-16T21:11:07Z,2026-08-16T23:11:07+0200,bac882e5-42a3-48ea-b8e2-c8e889704767,2026-07-28T06:15:00Z,2026-07-28T08:15:00+0200,178.35,EUR/MWh,ES,ES,day_ahead_price,value,2026-08-16T21:17:48Z
2026-08-16T21:11:07Z,2026-08-16T23:11:07+0200,bac882e5-42a3-48ea-b8e2-c8e889704767,2026-07-28T06:30:00Z,2026-07-28T08:30:00+0200,163.82,EUR/MWh,ES,ES,day_ahead_price,value,2026-08-16T21:17:48Z
2026-08-16T21:11:07Z,2026-08-16T23:11:07+0200,bac882e5-42a3-48ea-b8e2-c8e889704767,2026-07-28T06:45:00Z,2026-07-28T08:45:00+0200,155.17,EUR/MWh,ES,ES,day_ahead_price,value,2026-08-16T21:17:48Z
2026-08-16T21:11:07Z,2026-08-16T23:11:07+0200,bac882e5-42a3-48ea-b8e2-c8e889704767,2026-07-28T07:00:00Z,2026-07-28T09:00:00+0200,162.06,EUR/MWh,ES,ES,day_ahead_price,value,2026-08-16T21:17:48Z
2026-08-16T21:11:07Z,2026-08-16T23:11:07+0200,bac882e5-42a3-48ea-b8e2-c8e889704767,2026-07-28T07:15:00Z,2026-07-28T09:15:00+0200,130.0,EUR/MWh,ES,ES,day_ahead_price,value,2026-08-16T21:17:48Z
2026-08-16T21:11:07Z,2026-08-16T23:11:07+0200,bac882e5-42a3-48ea-b8e2-c8e889704767,2026-07-28T07:30:00Z,2026-07-28T09:30:00+0200,99.6,EUR/MWh,ES,ES,day_ahead_price,value,2026-08-16T21:17:48Z
2026-08-16T21:11:07Z,2026-08-16T23:11:07+0200,bac882e5-42a3-48ea-b8e2-c8e889704767,2026-07-28T07:45:00Z,2026-07-28T09:45:00+0200,90.11,EUR/MWh,ES,ES,day_ahead_price,value,2026-08-16T21:17:48Z
2026-08-16T21:11:07Z,2026-08-16T23:11:07+0200,bac882e5-42a3-48ea-b8e2-c8e889704767,2026-07-28T08:00:00Z,2026-07-28T10:00:00+0200,95.0,EUR/MWh,ES,ES,day_ahead_price,value,2026-08-16T21:17:48Z
2026-08-16T21:11:07Z,2026-08-16T23:11:07+0200,bac882e5-42a3-48ea-b8e2-c8e889704767,2026-07-28T08:15:00Z,2026-07-28T10:15:00+0200,85.2,EUR/MWh,ES,ES,day_ahead_price,value,2026-08-16T21:17:48Z
2026-08-16T21:11:07Z,2026-08-16T23:11:07+0200,bac882e5-42a3-48ea-b8e2-c8e889704767,2026-07-28T08:30:00Z,2026-07-28T10:30:00+0200,77.5,EUR/MWh,ES,ES,day_ahead_price,value,2026-08-16T21:17:48Z
2026-08-16T21:11:07Z,2026-08-16T23:11:07+0200,bac882e5-42a3-48ea-b8e2-c8e889704767,2026-07-28T08:45:00Z,2026-07-28T10:45:00+0200,48.63,EUR/MWh,ES,ES,day_ahead_price,value,2026-08-16T21:17:48Z
2026-08-16T21:11:07Z,2026-08-16T23:11:07+0200,bac882e5-42a3-48ea-b8e2-c8e889704767,2026-07-28T09:00:00Z,2026-07-28T11:00:00+0200,30.12,EUR/MWh,ES,ES,day_ahead_price,value,2026-08-16T21:17:48Z
2026-08-16T21:11:07Z,2026-08-16T23:11:07+0200,bac882e5-42a3-48ea-b8e2-c8e889704767,2026-07-28T09:15:00Z,2026-07-28T11:15:00+0200,2.2,EUR/MWh,ES,ES,day_ahead_price,value,2026-08-16T21:17:48Z
2026-08-16T21:11:07Z,2026-08-16T23:11:07+0200,bac882e5-42a3-48ea-b8e2-c8e889704767,2026-07-28T09:30:00Z,2026-07-28T11:30:00+0200,1.95,EUR/MWh,ES,ES,day_ahead_price,value,2026-08-16T21:17:48Z
2026-08-16T21:11:07Z,2026-08-16T23:11:07+0200,bac882e5-42a3-48ea-b8e2-c8e889704767,2026-07-28T09:45:00Z,2026-07-28T11:45:00+0200,1.25,EUR/MWh,ES,ES,day_ahead_price,value,2026-08-16T21:17:48Z
2026-08-16T21:11:07Z,2026-08-16T23:11:07+0200,bac882e5-42a3-48ea-b8e2-c8e889704767,2026-07-28T10:00:00Z,2026-07-28T12:00:00+0200,1.15,EUR/MWh,ES,ES,day_ahead_price,value,2026-08-16T21:17:48Z
2026-08-16T21:11:07Z,2026-08-16T23:11:07+0200,bac882e5-42a3-48ea-b8e2-c8e889704767,2026-07-28T10:15:00Z,2026-07-28T12:15:00+0200,1.08,EUR/MWh,ES,ES,day_ahead_price,value,2026-08-16T21:17:48Z
2026-08-16T21:11:07Z,2026-08-16T23:11:07+0200,bac882e5-42a3-48ea-b8e2-c8e889704767,2026-07-28T10:30:00Z,2026-07-28T12:30:00+0200,1.08,EUR/MWh,ES,ES,day_ahead_price,value,2026-08-16T21:17:48Z
2026-08-16T21:11:07Z,2026-08-16T23:11:07+0200,bac882e5-42a3-48ea-b8e2-c8e889704767,2026-07-28T10:45:00Z,2026-07-28T12:45:00+0200,1.08,EUR/MWh,ES,ES,day_ahead_price,value,2026-08-16T21:17:48Z
2026-08-16T21:11:07Z,2026-08-16T23:11:07+0200,bac882e5-42a3-48ea-b8e2-c8e889704767,2026-07-28T11:00:00Z,2026-07-28T13:00:00+0200,1.15,EUR/MWh,ES,ES,day_ahead_price,value,2026-08-16T21:17:48Z
2026-08-16T21:11:07Z,2026-08-16T23:11:07+0200,bac882e5-42a3-48ea-b8e2-c8e889704767,2026-07-28T11:15:00Z,2026-07-28T13:15:00+0200,1.2,EUR/MWh,ES,ES,day_ahead_price,value,2026-08-16T21:17:48Z
2026-08-16T21:11:07Z,2026-08-16T23:11:07+0200,bac882e5-42a3-48ea-b8e2-c8e889704767,2026-07-28T11:30:00Z,2026-07-28T13:30:00+0200,1.2,EUR/MWh,ES,ES,day_ahead_price,value,2026-08-16T21:17:48Z
2026-08-16T21:11:07Z,2026-08-16T23:11:07+0200,bac882e5-42a3-48ea-b8e2-c8e889704767,2026-07-28T11:45:00Z,2026-07-28T13:45:00+0200,1.15,EUR/MWh,ES,ES,day_ahead_price,value,2026-08-16T21:17:48Z
2026-08-16T21:11:07Z,2026-08-16T23:11:07+0200,bac882e5-42a3-48ea-b8e2-c8e889704767,2026-07-28T12:00:00Z,2026-07-28T14:00:00+0200,1.75,EUR/MWh,ES,ES,day_ahead_price,value,2026-08-16T21:17:48Z
2026-08-16T21:11:07Z,2026-08-16T23:11:07+0200,bac882e5-42a3-48ea-b8e2-c8e889704767,2026-07-28T12:15:00Z,2026-07-28T14:15:00+0200,1.82,EUR/MWh,ES,ES,day_ahead_price,value,2026-08-16T21:17:48Z
2026-08-16T21:11:07Z,2026-08-16T23:11:07+0200,bac882e5-42a3-48ea-b8e2-c8e889704767,2026-07-28T12:30:00Z,2026-07-28T14:30:00+0200,1.81,EUR/MWh,ES,ES,day_ahead_price,value,2026-08-16T21:17:48Z
2026-08-16T21:11:07Z,2026-08-16T23:11:07+0200,bac882e5-42a3-48ea-b8e2-c8e889704767,2026-07-28T12:45:00Z,2026-07-28T14:45:00+0200,1.5,EUR/MWh,ES,ES,day_ahead_price,value,2026-08-16T21:17:48Z
2026-08-16T21:11:07Z,2026-08-16T23:11:07+0200,bac882e5-42a3-48ea-b8e2-c8e889704767,2026-07-28T13:00:00Z,2026-07-28T15:00:00+0200,1.15,EUR/MWh,ES,ES,day_ahead_price,value,2026-08-16T21:17:48Z
2026-08-16T21:11:07Z,2026-08-16T23:11:07+0200,bac882e5-42a3-48ea-b8e2-c8e889704767,2026-07-28T13:15:00Z,2026-07-28T15:15:00+0200,1.08,EUR/MWh,ES,ES,day_ahead_price,value,2026-08-16T21:17:48Z
2026-08-16T21:11:07Z,2026-08-16T23:11:07+0200,bac882e5-42a3-48ea-b8e2-c8e889704767,2026-07-28T13:30:00Z,2026-07-28T15:30:00+0200,1.2,EUR/MWh,ES,ES,day_ahead_price,value,2026-08-16T21:17:48Z
2026-08-16T21:11:07Z,2026-08-16T23:11:07+0200,bac882e5-42a3-48ea-b8e2-c8e889704767,2026-07-28T13:45:00Z,2026-07-28T15:45:00+0200,1.9,EUR/MWh,ES,ES,day_ahead_price,value,2026-08-16T21:17:48Z
2026-08-16T21:11:07Z,2026-08-16T23:11:07+0200,bac882e5-42a3-48ea-b8e2-c8e889704767,2026-07-28T14:00:00Z,2026-07-28T16:00:00+0200,1.82,EUR/MWh,ES,ES,day_ahead_price,value,2026-08-16T21:17:48Z
2026-08-16T21:11:07Z,2026-08-16T23:11:07+0200,bac882e5-42a3-48ea-b8e2-c8e889704767,2026-07-28T14:15:00Z,2026-07-28T16:15:00+0200,5.0,EUR/MWh,ES,ES,day_ahead_price,value,2026-08-16T21:17:48Z
2026-08-16T21:11:07Z,2026-08-16T23:11:07+0200,bac882e5-42a3-48ea-b8e2-c8e889704767,2026-07-28T14:30:00Z,2026-07-28T16:30:00+0200,16.49,EUR/MWh,ES,ES,day_ahead_price,value,2026-08-16T21:17:48Z
2026-08-16T21:11:07Z,2026-08-16T23:11:07+0200,bac882e5-42a3-48ea-b8e2-c8e889704767,2026-07-28T14:45:00Z,2026-07-28T16:45:00+0200,38.66,EUR/MWh,ES,ES,day_ahead_price,value,2026-08-16T21:17:48Z
2026-08-16T21:11:07Z,2026-08-16T23:11:07+0200,bac882e5-42a3-48ea-b8e2-c8e889704767,2026-07-28T15:00:00Z,2026-07-28T17:00:00+0200,59.25,EUR/MWh,ES,ES,day_ahead_price,value,2026-08-16T21:17:48Z
2026-08-16T21:11:07Z,2026-08-16T23:11:07+0200,bac882e5-42a3-48ea-b8e2-c8e889704767,2026-07-28T15:15:00Z,2026-07-28T17:15:00+0200,82.4,EUR/MWh,ES,ES,day_ahead_price,value,2026-08-16T21:17:48Z
2026-08-16T21:11:07Z,2026-08-16T23:11:07+0200,bac882e5-42a3-48ea-b8e2-c8e889704767,2026-07-28T15:30:00Z,2026-07-28T17:30:00+0200,95.49,EUR/MWh,ES,ES,day_ahead_price,value,2026-08-16T21:17:48Z
2026-08-16T21:11:07Z,2026-08-16T23:11:07+0200,bac882e5-42a3-48ea-b8e2-c8e889704767,2026-07-28T15:45:00Z,2026-07-28T17:45:00+0200,100.0,EUR/MWh,ES,ES,day_ahead_price,value,2026-08-16T21:17:48Z
2026-08-16T21:11:07Z,2026-08-16T23:11:07+0200,bac882e5-42a3-48ea-b8e2-c8e889704767,2026-07-28T16:00:00Z,2026-07-28T18:00:00+0200,113.72,EUR/MWh,ES,ES,day_ahead_price,value,2026-08-16T21:17:48Z
2026-08-16T21:11:07Z,2026-08-16T23:11:07+0200,bac882e5-42a3-48ea-b8e2-c8e889704767,2026-07-28T16:15:00Z,2026-07-28T18:15:00+0200,124.4,EUR/MWh,ES,ES,day_ahead_price,value,2026-08-16T21:17:48Z
2026-08-16T21:11:07Z,2026-08-16T23:11:07+0200,bac882e5-42a3-48ea-b8e2-c8e889704767,2026-07-28T16:30:00Z,2026-07-28T18:30:00+0200,144.3,EUR/MWh,ES,ES,day_ahead_price,value,2026-08-16T21:17:48Z
2026-08-16T21:11:07Z,2026-08-16T23:11:07+0200,bac882e5-42a3-48ea-b8e2-c8e889704767,2026-07-28T16:45:00Z,2026-07-28T18:45:00+0200,155.17,EUR/MWh,ES,ES,day_ahead_price,value,2026-08-16T21:17:48Z
2026-08-16T21:11:07Z,2026-08-16T23:11:07+0200,bac882e5-42a3-48ea-b8e2-c8e889704767,2026-07-28T17:00:00Z,2026-07-28T19:00:00+0200,144.39,EUR/MWh,ES,ES,day_ahead_price,value,2026-08-16T21:17:48Z
2026-08-16T21:11:07Z,2026-08-16T23:11:07+0200,bac882e5-42a3-48ea-b8e2-c8e889704767,2026-07-28T17:15:00Z,2026-07-28T19:15:00+0200,162.06,EUR/MWh,ES,ES,day_ahead_price,value,2026-08-16T21:17:48Z
2026-08-16T21:11:07Z,2026-08-16T23:11:07+0200,bac882e5-42a3-48ea-b8e2-c8e889704767,2026-07-28T17:30:00Z,2026-07-28T19:30:00+0200,171.9,EUR/MWh,ES,ES,day_ahead_price,value,2026-08-16T21:17:48Z
2026-08-16T21:11:07Z,2026-08-16T23:11:07+0200,bac882e5-42a3-48ea-b8e2-c8e889704767,2026-07-28T17:45:00Z,2026-07-28T19:45:00+0200,182.01,EUR/MWh,ES,ES,day_ahead_price,value,2026-08-16T21:17:48Z
2026-08-16T21:11:07Z,2026-08-16T23:11:07+0200,bac882e5-42a3-48ea-b8e2-c8e889704767,2026-07-28T18:00:00Z,2026-07-28T20:00:00+0200,181.35,EUR/MWh,ES,ES,day_ahead_price,value,2026-08-16T21:17:48Z
2026-08-16T21:11:07Z,2026-08-16T23:11:07+0200,bac882e5-42a3-48ea-b8e2-c8e889704767,2026-07-28T18:15:00Z,2026-07-28T20:15:00+0200,195.81,EUR/MWh,ES,ES,day_ahead_price,value,2026-08-16T21:17:48Z
2026-08-16T21:11:07Z,2026-08-16T23:11:07+0200,bac882e5-42a3-48ea-b8e2-c8e889704767,2026-07-28T18:30:00Z,2026-07-28T20:30:00+0200,212.84,EUR/MWh,ES,ES,day_ahead_price,value,2026-08-16T21:17:48Z
2026-08-16T21:11:07Z,2026-08-16T23:11:07+0200,bac882e5-42a3-48ea-b8e2-c8e889704767,2026-07-28T18:45:00Z,2026-07-28T20:45:00+0200,230.0,EUR/MWh,ES,ES,day_ahead_price,value,2026-08-16T21:17:48Z
2026-08-16T21:11:07Z,2026-08-16T23:11:07+0200,bac882e5-42a3-48ea-b8e2-c8e889704767,2026-07-28T19:00:00Z,2026-07-28T21:00:00+0200,219.99,EUR/MWh,ES,ES,day_ahead_price,value,2026-08-16T21:17:48Z
2026-08-16T21:11:07Z,2026-08-16T23:11:07+0200,bac882e5-42a3-48ea-b8e2-c8e889704767,2026-07-28T19:15:00Z,2026-07-28T21:15:00+0200,215.99,EUR/MWh,ES,ES,day_ahead_price,value,2026-08-16T21:17:48Z
2026-08-16T21:11:07Z,2026-08-16T23:11:07+0200,bac882e5-42a3-48ea-b8e2-c8e889704767,2026-07-28T19:30:00Z,2026-07-28T21:30:00+0200,229.15,EUR/MWh,ES,ES,day_ahead_price,value,2026-08-16T21:17:48Z
2026-08-16T21:11:07Z,2026-08-16T23:11:07+0200,bac882e5-42a3-48ea-b8e2-c8e889704767,2026-07-28T19:45:00Z,2026-07-28T21:45:00+0200,234.46,EUR/MWh,ES,ES,day_ahead_price,value,2026-08-16T21:17:48Z
2026-08-16T21:11:07Z,2026-08-16T23:11:07+0200,bac882e5-42a3-48ea-b8e2-c8e889704767,2026-07-28T20:00:00Z,2026-07-28T22:00:00+0200,210.79,EUR/MWh,ES,ES,day_ahead_price,value,2026-08-16T21:17:48Z
2026-08-16T21:11:07Z,2026-08-16T23:11:07+0200,bac882e5-42a3-48ea-b8e2-c8e889704767,2026-07-28T20:15:00Z,2026-07-28T22:15:00+0200,198.3,EUR/MWh,ES,ES,day_ahead_price,value,2026-08-16T21:17:48Z
2026-08-16T21:11:07Z,2026-08-16T23:11:07+0200,bac882e5-42a3-48ea-b8e2-c8e889704767,2026-07-28T20:30:00Z,2026-07-28T22:30:00+0200,187.55,EUR/MWh,ES,ES,day_ahead_price,value,2026-08-16T21:17:48Z
2026-08-16T21:11:07Z,2026-08-16T23:11:07+0200,bac882e5-42a3-48ea-b8e2-c8e889704767,2026-07-28T20:45:00Z,2026-07-28T22:45:00+0200,183.35,EUR/MWh,ES,ES,day_ahead_price,value,2026-08-16T21:17:48Z
2026-08-16T21:11:07Z,2026-08-16T23:11:07+0200,bac882e5-42a3-48ea-b8e2-c8e889704767,2026-07-28T21:00:00Z,2026-07-28T23:00:00+0200,183.35,EUR/MWh,ES,ES,day_ahead_price,value,2026-08-16T21:17:48Z
2026-08-16T21:11:07Z,2026-08-16T23:11:07+0200,bac882e5-42a3-48ea-b8e2-c8e889704767,2026-07-28T21:15:00Z,2026-07-28T23:15:00+0200,182.35,EUR/MWh,ES,ES,day_ahead_price,value,2026-08-16T21:17:48Z
2026-08-16T21:11:07Z,2026-08-16T23:11:07+0200,bac882e5-42a3-48ea-b8e2-c8e889704767,2026-07-28T21:30:00Z,2026-07-28T23:30:00+0200,180.35,EUR/MWh,ES,ES,day_ahead_price,value,2026-08-16T21:17:48Z
2026-08-16T21:11:07Z,2026-08-16T23:11:07+0200,bac882e5-42a3-48ea-b8e2-c8e889704767,2026-07-28T21:45:00Z,2026-07-28T23:45:00+0200,177.96,EUR/MWh,ES,ES,day_ahead_price,value,2026-08-16T21:17:48Z
2026-08-16T21:11:07Z,2026-08-16T23:11:07+0200,bac882e5-42a3-48ea-b8e2-c8e889704767,2026-07-28T22:00:00Z,2026-07-29T00:00:00+0200,172.15,EUR/MWh,ES,ES,day_ahead_price,value,2026-08-16T21:17:48Z
2026-08-16T21:11:07Z,2026-08-16T23:11:07+0200,bac882e5-42a3-48ea-b8e2-c8e889704767,2026-07-28T22:15:00Z,2026-07-29T00:15:00+0200,171.65,EUR/MWh,ES,ES,day_ahead_price,value,2026-08-16T21:17:48Z
2026-08-16T21:11:07Z,2026-08-16T23:11:07+0200,bac882e5-42a3-48ea-b8e2-c8e889704767,2026-07-28T22:30:00Z,2026-07-29T00:30:00+0200,170.88,EUR/MWh,ES,ES,day_ahead_price,value,2026-08-16T21:17:48Z
2026-08-16T21:11:07Z,2026-08-16T23:11:07+0200,bac882e5-42a3-48ea-b8e2-c8e889704767,2026-07-28T22:45:00Z,2026-07-29T00:45:00+0200,169.98,EUR/MWh,ES,ES,day_ahead_price,value,2026-08-16T21:17:48Z
2026-08-16T21:11:07Z,2026-08-16T23:11:07+0200,bac882e5-42a3-48ea-b8e2-c8e889704767,2026-07-28T23:00:00Z,2026-07-29T01:00:00+0200,169.61,EUR/MWh,ES,ES,day_ahead_price,value,2026-08-16T21:17:48Z
2026-08-16T21:11:07Z,2026-08-16T23:11:07+0200,bac882e5-42a3-48ea-b8e2-c8e889704767,2026-07-28T23:15:00Z,2026-07-29T01:15:00+0200,168.65,EUR/MWh,ES,ES,day_ahead_price,value,2026-08-16T21:17:48Z
2026-08-16T21:11:07Z,2026-08-16T23:11:07+0200,bac882e5-42a3-48ea-b8e2-c8e889704767,2026-07-28T23:30:00Z,2026-07-29T01:30:00+0200,165.65,EUR/MWh,ES,ES,day_ahead_price,value,2026-08-16T21:17:48Z
2026-08-16T21:11:07Z,2026-08-16T23:11:07+0200,bac882e5-42a3-48ea-b8e2-c8e889704767,2026-07-28T23:45:00Z,2026-07-29T01:45:00+0200,164.65,EUR/MWh,ES,ES,day_ahead_price,value,2026-08-16T21:17:48Z
2026-08-16T21:11:07Z,2026-08-16T23:11:07+0200,bac882e5-42a3-48ea-b8e2-c8e889704767,2026-07-29T00:00:00Z,2026-07-29T02:00:00+0200,168.4,EUR/MWh,ES,ES,day_ahead_price,value,2026-08-16T21:17:48Z
2026-08-16T21:11:07Z,2026-08-16T23:11:07+0200,bac882e5-42a3-48ea-b8e2-c8e889704767,2026-07-29T00:15:00Z,2026-07-29T02:15:00+0200,168.65,EUR/MWh,ES,ES,day_ahead_price,value,2026-08-16T21:17:48Z
2026-08-16T21:11:07Z,2026-08-16T23:11:07+0200,bac882e5-42a3-48ea-b8e2-c8e889704767,2026-07-29T00:30:00Z,2026-07-29T02:30:00+0200,168.4,EUR/MWh,ES,ES,day_ahead_price,value,2026-08-16T21:17:48Z
2026-08-16T21:11:07Z,2026-08-16T23:11:07+0200,bac882e5-42a3-48ea-b8e2-c8e889704767,2026-07-29T00:45:00Z,2026-07-29T02:45:00+0200,165.65,EUR/MWh,ES,ES,day_ahead_price,value,2026-08-16T21:17:48Z
2026-08-16T21:11:07Z,2026-08-16T23:11:07+0200,bac882e5-42a3-48ea-b8e2-c8e889704767,2026-07-29T01:00:00Z,2026-07-29T03:00:00+0200,168.65,EUR/MWh,ES,ES,day_ahead_price,value,2026-08-16T21:17:48Z
2026-08-16T21:11:07Z,2026-08-16T23:11:07+0200,bac882e5-42a3-48ea-b8e2-c8e889704767,2026-07-29T01:15:00Z,2026-07-29T03:15:00+0200,168.4,EUR/MWh,ES,ES,day_ahead_price,value,2026-08-16T21:17:48Z
2026-08-16T21:11:07Z,2026-08-16T23:11:07+0200,bac882e5-42a3-48ea-b8e2-c8e889704767,2026-07-29T01:30:00Z,2026-07-29T03:30:00+0200,168.4,EUR/MWh,ES,ES,day_ahead_price,value,2026-08-16T21:17:48Z
2026-08-16T21:11:07Z,2026-08-16T23:11:07+0200,bac882e5-42a3-48ea-b8e2-c8e889704767,2026-07-29T01:45:00Z,2026-07-29T03:45:00+0200,168.4,EUR/MWh,ES,ES,day_ahead_price,value,2026-08-16T21:17:48Z
2026-08-16T21:11:07Z,2026-08-16T23:11:07+0200,bac882e5-42a3-48ea-b8e2-c8e889704767,2026-07-29T02:00:00Z,2026-07-29T04:00:00+0200,168.4,EUR/MWh,ES,ES,day_ahead_price,value,2026-08-16T21:17:48Z
2026-08-16T21:11:07Z,2026-08-16T23:11:07+0200,bac882e5-42a3-48ea-b8e2-c8e889704767,2026-07-29T02:15:00Z,2026-07-29T04:15:00+0200,168.4,EUR/MWh,ES,ES,day_ahead_price,value,2026-08-16T21:17:48Z
2026-08-16T21:11:07Z,2026-08-16T23:11:07+0200,bac882e5-42a3-48ea-b8e2-c8e889704767,2026-07-29T02:30:00Z,2026-07-29T04:30:00+0200,168.4,EUR/MWh,ES,ES,day_ahead_price,value,2026-08-16T21:17:48Z
2026-08-16T21:11:07Z,2026-08-16T23:11:07+0200,bac882e5-42a3-48ea-b8e2-c8e889704767,2026-07-29T02:45:00Z,2026-07-29T04:45:00+0200,168.4,EUR/MWh,ES,ES,day_ahead_price,value,2026-08-16T21:17:48Z
2026-08-16T21:11:07Z,2026-08-16T23:11:07+0200,bac882e5-42a3-48ea-b8e2-c8e889704767,2026-07-29T03:00:00Z,2026-07-29T05:00:00+0200,168.4,EUR/MWh,ES,ES,day_ahead_price,value,2026-08-16T21:17:48Z
2026-08-16T21:11:07Z,2026-08-16T23:11:07+0200,bac882e5-42a3-48ea-b8e2-c8e889704767,2026-07-29T03:15:00Z,2026-07-29T05:15:00+0200,168.65,EUR/MWh,ES,ES,day_ahead_price,value,2026-08-16T21:17:48Z
2026-08-16T21:11:07Z,2026-08-16T23:11:07+0200,bac882e5-42a3-48ea-b8e2-c8e889704767,2026-07-29T03:30:00Z,2026-07-29T05:30:00+0200,168.65,EUR/MWh,ES,ES,day_ahead_price,value,2026-08-16T21:17:48Z
2026-08-16T21:11:07Z,2026-08-16T23:11:07+0200,bac882e5-42a3-48ea-b8e2-c8e889704767,2026-07-29T03:45:00Z,2026-07-29T05:45:00+0200,168.65,EUR/MWh,ES,ES,day_ahead_price,value,2026-08-16T21:17:48Z
2026-08-16T21:11:07Z,2026-08-16T23:11:07+0200,bac882e5-42a3-48ea-b8e2-c8e889704767,2026-07-29T04:00:00Z,2026-07-29T06:00:00+0200,169.61,EUR/MWh,ES,ES,day_ahead_price,value,2026-08-16T21:17:48Z
2026-08-16T21:11:07Z,2026-08-16T23:11:07+0200,bac882e5-42a3-48ea-b8e2-c8e889704767,2026-07-29T04:15:00Z,2026-07-29T06:15:00+0200,169.61,EUR/MWh,ES,ES,day_ahead_price,value,2026-08-16T21:17:48Z
2026-08-16T21:11:07Z,2026-08-16T23:11:07+0200,bac882e5-42a3-48ea-b8e2-c8e889704767,2026-07-29T04:30:00Z,2026-07-29T06:30:00+0200,169.65,EUR/MWh,ES,ES,day_ahead_price,value,2026-08-16T21:17:48Z
2026-08-16T21:11:07Z,2026-08-16T23:11:07+0200,bac882e5-42a3-48ea-b8e2-c8e889704767,2026-07-29T04:45:00Z,2026-07-29T06:45:00+0200,170.65,EUR/MWh,ES,ES,day_ahead_price,value,2026-08-16T21:17:48Z
2026-08-16T21:11:07Z,2026-08-16T23:11:07+0200,bac882e5-42a3-48ea-b8e2-c8e889704767,2026-07-29T05:00:00Z,2026-07-29T07:00:00+0200,171.56,EUR/MWh,ES,ES,day_ahead_price,value,2026-08-16T21:17:48Z
2026-08-16T21:11:07Z,2026-08-16T23:11:07+0200,bac882e5-42a3-48ea-b8e2-c8e889704767,2026-07-29T05:15:00Z,2026-07-29T07:15:00+0200,171.56,EUR/MWh,ES,ES,day_ahead_price,value,2026-08-16T21:17:48Z
2026-08-16T21:11:07Z,2026-08-16T23:11:07+0200,bac882e5-42a3-48ea-b8e2-c8e889704767,2026-07-29T05:30:00Z,2026-07-29T07:30:00+0200,170.65,EUR/MWh,ES,ES,day_ahead_price,value,2026-08-16T21:17:48Z
2026-08-16T21:11:07Z,2026-08-16T23:11:07+0200,bac882e5-42a3-48ea-b8e2-c8e889704767,2026-07-29T05:45:00Z,2026-07-29T07:45:00+0200,169.61,EUR/MWh,ES,ES,day_ahead_price,value,2026-08-16T21:17:48Z
2026-08-16T21:11:07Z,2026-08-16T23:11:07+0200,bac882e5-42a3-48ea-b8e2-c8e889704767,2026-07-29T06:00:00Z,2026-07-29T08:00:00+0200,171.56,EUR/MWh,ES,ES,day_ahead_price,value,2026-08-16T21:17:48Z
2026-08-16T21:11:07Z,2026-08-16T23:11:07+0200,bac882e5-42a3-48ea-b8e2-c8e889704767,2026-07-29T06:15:00Z,2026-07-29T08:15:00+0200,169.65,EUR/MWh,ES,ES,day_ahead_price,value,2026-08-16T21:17:48Z
2026-08-16T21:11:07Z,2026-08-16T23:11:07+0200,bac882e5-42a3-48ea-b8e2-c8e889704767,2026-07-29T06:30:00Z,2026-07-29T08:30:00+0200,165.65,EUR/MWh,ES,ES,day_ahead_price,value,2026-08-16T21:17:48Z
2026-08-16T21:11:07Z,2026-08-16T23:11:07+0200,bac882e5-42a3-48ea-b8e2-c8e889704767,2026-07-29T06:45:00Z,2026-07-29T08:45:00+0200,157.74,EUR/MWh,ES,ES,day_ahead_price,value,2026-08-16T21:17:48Z
2026-08-16T21:11:07Z,2026-08-16T23:11:07+0200,bac882e5-42a3-48ea-b8e2-c8e889704767,2026-07-29T07:00:00Z,2026-07-29T09:00:00+0200,155.0,EUR/MWh,ES,ES,day_ahead_price,value,2026-08-16T21:17:48Z
2026-08-16T21:11:07Z,2026-08-16T23:11:07+0200,bac882e5-42a3-48ea-b8e2-c8e889704767,2026-07-29T07:15:00Z,2026-07-29T09:15:00+0200,128.71,EUR/MWh,ES,ES,day_ahead_price,value,2026-08-16T21:17:48Z
2026-08-16T21:11:07Z,2026-08-16T23:11:07+0200,bac882e5-42a3-48ea-b8e2-c8e889704767,2026-07-29T07:30:00Z,2026-07-29T09:30:00+0200,113.49,EUR/MWh,ES,ES,day_ahead_price,value,2026-08-16T21:17:48Z
2026-08-16T21:11:07Z,2026-08-16T23:11:07+0200,bac882e5-42a3-48ea-b8e2-c8e889704767,2026-07-29T07:45:00Z,2026-07-29T09:45:00+0200,98.0,EUR/MWh,ES,ES,day_ahead_price,value,2026-08-16T21:17:48Z
2026-08-16T21:11:07Z,2026-08-16T23:11:07+0200,bac882e5-42a3-48ea-b8e2-c8e889704767,2026-07-29T08:00:00Z,2026-07-29T10:00:00+0200,111.23,EUR/MWh,ES,ES,day_ahead_price,value,2026-08-16T21:17:48Z
2026-08-16T21:11:07Z,2026-08-16T23:11:07+0200,bac882e5-42a3-48ea-b8e2-c8e889704767,2026-07-29T08:15:00Z,2026-07-29T10:15:00+0200,95.0,EUR/MWh,ES,ES,day_ahead_price,value,2026-08-16T21:17:48Z
2026-08-16T21:11:07Z,2026-08-16T23:11:07+0200,bac882e5-42a3-48ea-b8e2-c8e889704767,2026-07-29T08:30:00Z,2026-07-29T10:30:00+0200,82.4,EUR/MWh,ES,ES,day_ahead_price,value,2026-08-16T21:17:48Z
2026-08-16T21:11:07Z,2026-08-16T23:11:07+0200,bac882e5-42a3-48ea-b8e2-c8e889704767,2026-07-29T08:45:00Z,2026-07-29T10:45:00+0200,71.25,EUR/MWh,ES,ES,day_ahead_price,value,2026-08-16T21:17:48Z
2026-08-16T21:11:07Z,2026-08-16T23:11:07+0200,bac882e5-42a3-48ea-b8e2-c8e889704767,2026-07-29T09:00:00Z,2026-07-29T11:00:00+0200,62.23,EUR/MWh,ES,ES,day_ahead_price,value,2026-08-16T21:17:48Z
2026-08-16T21:11:07Z,2026-08-16T23:11:07+0200,bac882e5-42a3-48ea-b8e2-c8e889704767,2026-07-29T09:15:00Z,2026-07-29T11:15:00+0200,38.77,EUR/MWh,ES,ES,day_ahead_price,value,2026-08-16T21:17:48Z
2026-08-16T21:11:07Z,2026-08-16T23:11:07+0200,bac882e5-42a3-48ea-b8e2-c8e889704767,2026-07-29T09:30:00Z,2026-07-29T11:30:00+0200,12.68,EUR/MWh,ES,ES,day_ahead_price,value,2026-08-16T21:17:48Z
2026-08-16T21:11:07Z,2026-08-16T23:11:07+0200,bac882e5-42a3-48ea-b8e2-c8e889704767,2026-07-29T09:45:00Z,2026-07-29T11:45:00+0200,8.43,EUR/MWh,ES,ES,day_ahead_price,value,2026-08-16T21:17:48Z
2026-08-16T21:11:07Z,2026-08-16T23:11:07+0200,bac882e5-42a3-48ea-b8e2-c8e889704767,2026-07-29T10:00:00Z,2026-07-29T12:00:00+0200,6.07,EUR/MWh,ES,ES,day_ahead_price,value,2026-08-16T21:17:48Z
2026-08-16T21:11:07Z,2026-08-16T23:11:07+0200,bac882e5-42a3-48ea-b8e2-c8e889704767,2026-07-29T10:15:00Z,2026-07-29T12:15:00+0200,2.5,EUR/MWh,ES,ES,day_ahead_price,value,2026-08-16T21:17:48Z
2026-08-16T21:11:07Z,2026-08-16T23:11:07+0200,bac882e5-42a3-48ea-b8e2-c8e889704767,2026-07-29T10:30:00Z,2026-07-29T12:30:00+0200,2.99,EUR/MWh,ES,ES,day_ahead_price,value,2026-08-16T21:17:48Z
2026-08-16T21:11:07Z,2026-08-16T23:11:07+0200,bac882e5-42a3-48ea-b8e2-c8e889704767,2026-07-29T10:45:00Z,2026-07-29T12:45:00+0200,3.0,EUR/MWh,ES,ES,day_ahead_price,value,2026-08-16T21:17:48Z
2026-08-16T21:11:07Z,2026-08-16T23:11:07+0200,bac882e5-42a3-48ea-b8e2-c8e889704767,2026-07-29T11:00:00Z,2026-07-29T13:00:00+0200,3.43,EUR/MWh,ES,ES,day_ahead_price,value,2026-08-16T21:17:48Z
2026-08-16T21:11:07Z,2026-08-16T23:11:07+0200,bac882e5-42a3-48ea-b8e2-c8e889704767,2026-07-29T11:15:00Z,2026-07-29T13:15:00+0200,3.43,EUR/MWh,ES,ES,day_ahead_price,value,2026-08-16T21:17:48Z
2026-08-16T21:11:07Z,2026-08-16T23:11:07+0200,bac882e5-42a3-48ea-b8e2-c8e889704767,2026-07-29T11:30:00Z,2026-07-29T13:30:00+0200,3.0,EUR/MWh,ES,ES,day_ahead_price,value,2026-08-16T21:17:48Z
2026-08-16T21:11:07Z,2026-08-16T23:11:07+0200,bac882e5-42a3-48ea-b8e2-c8e889704767,2026-07-29T11:45:00Z,2026-07-29T13:45:00+0200,2.2,EUR/MWh,ES,ES,day_ahead_price,value,2026-08-16T21:17:48Z
2026-08-16T21:11:07Z,2026-08-16T23:11:07+0200,bac882e5-42a3-48ea-b8e2-c8e889704767,2026-07-29T12:00:00Z,2026-07-29T14:00:00+0200,3.43,EUR/MWh,ES,ES,day_ahead_price,value,2026-08-16T21:17:48Z
2026-08-16T21:11:07Z,2026-08-16T23:11:07+0200,bac882e5-42a3-48ea-b8e2-c8e889704767,2026-07-29T12:15:00Z,2026-07-29T14:15:00+0200,3.43,EUR/MWh,ES,ES,day_ahead_price,value,2026-08-16T21:17:48Z
2026-08-16T21:11:07Z,2026-08-16T23:11:07+0200,bac882e5-42a3-48ea-b8e2-c8e889704767,2026-07-29T12:30:00Z,2026-07-29T14:30:00+0200,3.15,EUR/MWh,ES,ES,day_ahead_price,value,2026-08-16T21:17:48Z
2026-08-16T21:11:07Z,2026-08-16T23:11:07+0200,bac882e5-42a3-48ea-b8e2-c8e889704767,2026-07-29T12:45:00Z,2026-07-29T14:45:00+0200,3.43,EUR/MWh,ES,ES,day_ahead_price,value,2026-08-16T21:17:48Z
2026-08-16T21:11:07Z,2026-08-16T23:11:07+0200,bac882e5-42a3-48ea-b8e2-c8e889704767,2026-07-29T13:00:00Z,2026-07-29T15:00:00+0200,3.43,EUR/MWh,ES,ES,day_ahead_price,value,2026-08-16T21:17:48Z
2026-08-16T21:11:07Z,2026-08-16T23:11:07+0200,bac882e5-42a3-48ea-b8e2-c8e889704767,2026-07-29T13:15:00Z,2026-07-29T15:15:00+0200,2.5,EUR/MWh,ES,ES,day_ahead_price,value,2026-08-16T21:17:48Z
2026-08-16T21:11:07Z,2026-08-16T23:11:07+0200,bac882e5-42a3-48ea-b8e2-c8e889704767,2026-07-29T13:30:00Z,2026-07-29T15:30:00+0200,3.43,EUR/MWh,ES,ES,day_ahead_price,value,2026-08-16T21:17:48Z
2026-08-16T21:11:07Z,2026-08-16T23:11:07+0200,bac882e5-42a3-48ea-b8e2-c8e889704767,2026-07-29T13:45:00Z,2026-07-29T15:45:00+0200,4.96,EUR/MWh,ES,ES,day_ahead_price,value,2026-08-16T21:17:48Z
2026-08-16T21:11:07Z,2026-08-16T23:11:07+0200,bac882e5-42a3-48ea-b8e2-c8e889704767,2026-07-29T14:00:00Z,2026-07-29T16:00:00+0200,4.0,EUR/MWh,ES,ES,day_ahead_price,value,2026-08-16T21:17:48Z
2026-08-16T21:11:07Z,2026-08-16T23:11:07+0200,bac882e5-42a3-48ea-b8e2-c8e889704767,2026-07-29T14:15:00Z,2026-07-29T16:15:00+0200,6.79,EUR/MWh,ES,ES,day_ahead_price,value,2026-08-16T21:17:48Z
2026-08-16T21:11:07Z,2026-08-16T23:11:07+0200,bac882e5-42a3-48ea-b8e2-c8e889704767,2026-07-29T14:30:00Z,2026-07-29T16:30:00+0200,24.29,EUR/MWh,ES,ES,day_ahead_price,value,2026-08-16T21:17:48Z
2026-08-16T21:11:07Z,2026-08-16T23:11:07+0200,bac882e5-42a3-48ea-b8e2-c8e889704767,2026-07-29T14:45:00Z,2026-07-29T16:45:00+0200,47.21,EUR/MWh,ES,ES,day_ahead_price,value,2026-08-16T21:17:48Z
2026-08-16T21:11:07Z,2026-08-16T23:11:07+0200,bac882e5-42a3-48ea-b8e2-c8e889704767,2026-07-29T15:00:00Z,2026-07-29T17:00:00+0200,63.61,EUR/MWh,ES,ES,day_ahead_price,value,2026-08-16T21:17:48Z
2026-08-16T21:11:07Z,2026-08-16T23:11:07+0200,bac882e5-42a3-48ea-b8e2-c8e889704767,2026-07-29T15:15:00Z,2026-07-29T17:15:00+0200,80.3,EUR/MWh,ES,ES,day_ahead_price,value,2026-08-16T21:17:48Z
2026-08-16T21:11:07Z,2026-08-16T23:11:07+0200,bac882e5-42a3-48ea-b8e2-c8e889704767,2026-07-29T15:30:00Z,2026-07-29T17:30:00+0200,85.96,EUR/MWh,ES,ES,day_ahead_price,value,2026-08-16T21:17:48Z
2026-08-16T21:11:07Z,2026-08-16T23:11:07+0200,bac882e5-42a3-48ea-b8e2-c8e889704767,2026-07-29T15:45:00Z,2026-07-29T17:45:00+0200,94.14,EUR/MWh,ES,ES,day_ahead_price,value,2026-08-16T21:17:48Z
2026-08-16T21:11:07Z,2026-08-16T23:11:07+0200,bac882e5-42a3-48ea-b8e2-c8e889704767,2026-07-29T16:00:00Z,2026-07-29T18:00:00+0200,100.0,EUR/MWh,ES,ES,day_ahead_price,value,2026-08-16T21:17:48Z
2026-08-16T21:11:07Z,2026-08-16T23:11:07+0200,bac882e5-42a3-48ea-b8e2-c8e889704767,2026-07-29T16:15:00Z,2026-07-29T18:15:00+0200,100.4,EUR/MWh,ES,ES,day_ahead_price,value,2026-08-16T21:17:48Z
2026-08-16T21:11:07Z,2026-08-16T23:11:07+0200,bac882e5-42a3-48ea-b8e2-c8e889704767,2026-07-29T16:30:00Z,2026-07-29T18:30:00+0200,112.5,EUR/MWh,ES,ES,day_ahead_price,value,2026-08-16T21:17:48Z
2026-08-16T21:11:07Z,2026-08-16T23:11:07+0200,bac882e5-42a3-48ea-b8e2-c8e889704767,2026-07-29T16:45:00Z,2026-07-29T18:45:00+0200,125.0,EUR/MWh,ES,ES,day_ahead_price,value,2026-08-16T21:17:48Z
2026-08-16T21:11:07Z,2026-08-16T23:11:07+0200,bac882e5-42a3-48ea-b8e2-c8e889704767,2026-07-29T17:00:00Z,2026-07-29T19:00:00+0200,110.0,EUR/MWh,ES,ES,day_ahead_price,value,2026-08-16T21:17:48Z
2026-08-16T21:11:07Z,2026-08-16T23:11:07+0200,bac882e5-42a3-48ea-b8e2-c8e889704767,2026-07-29T17:15:00Z,2026-07-29T19:15:00+0200,120.0,EUR/MWh,ES,ES,day_ahead_price,value,2026-08-16T21:17:48Z
2026-08-16T21:11:07Z,2026-08-16T23:11:07+0200,bac882e5-42a3-48ea-b8e2-c8e889704767,2026-07-29T17:30:00Z,2026-07-29T19:30:00+0200,143.42,EUR/MWh,ES,ES,day_ahead_price,value,2026-08-16T21:17:48Z
2026-08-16T21:11:07Z,2026-08-16T23:11:07+0200,bac882e5-42a3-48ea-b8e2-c8e889704767,2026-07-29T17:45:00Z,2026-07-29T19:45:00+0200,168.65,EUR/MWh,ES,ES,day_ahead_price,value,2026-08-16T21:17:48Z
2026-08-16T21:11:07Z,2026-08-16T23:11:07+0200,bac882e5-42a3-48ea-b8e2-c8e889704767,2026-07-29T18:00:00Z,2026-07-29T20:00:00+0200,163.65,EUR/MWh,ES,ES,day_ahead_price,value,2026-08-16T21:17:48Z
2026-08-16T21:11:07Z,2026-08-16T23:11:07+0200,bac882e5-42a3-48ea-b8e2-c8e889704767,2026-07-29T18:15:00Z,2026-07-29T20:15:00+0200,172.15,EUR/MWh,ES,ES,day_ahead_price,value,2026-08-16T21:17:48Z
2026-08-16T21:11:07Z,2026-08-16T23:11:07+0200,bac882e5-42a3-48ea-b8e2-c8e889704767,2026-07-29T18:30:00Z,2026-07-29T20:30:00+0200,190.0,EUR/MWh,ES,ES,day_ahead_price,value,2026-08-16T21:17:48Z
2026-08-16T21:11:07Z,2026-08-16T23:11:07+0200,bac882e5-42a3-48ea-b8e2-c8e889704767,2026-07-29T18:45:00Z,2026-07-29T20:45:00+0200,216.96,EUR/MWh,ES,ES,day_ahead_price,value,2026-08-16T21:17:48Z
2026-08-16T21:11:07Z,2026-08-16T23:11:07+0200,bac882e5-42a3-48ea-b8e2-c8e889704767,2026-07-29T19:00:00Z,2026-07-29T21:00:00+0200,221.03,EUR/MWh,ES,ES,day_ahead_price,value,2026-08-16T21:17:48Z
2026-08-16T21:11:07Z,2026-08-16T23:11:07+0200,bac882e5-42a3-48ea-b8e2-c8e889704767,2026-07-29T19:15:00Z,2026-07-29T21:15:00+0200,225.09,EUR/MWh,ES,ES,day_ahead_price,value,2026-08-16T21:17:48Z
2026-08-16T21:11:07Z,2026-08-16T23:11:07+0200,bac882e5-42a3-48ea-b8e2-c8e889704767,2026-07-29T19:30:00Z,2026-07-29T21:30:00+0200,217.3,EUR/MWh,ES,ES,day_ahead_price,value,2026-08-16T21:17:48Z
2026-08-16T21:11:07Z,2026-08-16T23:11:07+0200,bac882e5-42a3-48ea-b8e2-c8e889704767,2026-07-29T19:45:00Z,2026-07-29T21:45:00+0200,202.0,EUR/MWh,ES,ES,day_ahead_price,value,2026-08-16T21:17:48Z
2026-08-16T21:11:07Z,2026-08-16T23:11:07+0200,bac882e5-42a3-48ea-b8e2-c8e889704767,2026-07-29T20:00:00Z,2026-07-29T22:00:00+0200,206.99,EUR/MWh,ES,ES,day_ahead_price,value,2026-08-16T21:17:48Z
2026-08-16T21:11:07Z,2026-08-16T23:11:07+0200,bac882e5-42a3-48ea-b8e2-c8e889704767,2026-07-29T20:15:00Z,2026-07-29T22:15:00+0200,198.3,EUR/MWh,ES,ES,day_ahead_price,value,2026-08-16T21:17:48Z
2026-08-16T21:11:07Z,2026-08-16T23:11:07+0200,bac882e5-42a3-48ea-b8e2-c8e889704767,2026-07-29T20:30:00Z,2026-07-29T22:30:00+0200,190.39,EUR/MWh,ES,ES,day_ahead_price,value,2026-08-16T21:17:48Z
2026-08-16T21:11:07Z,2026-08-16T23:11:07+0200,bac882e5-42a3-48ea-b8e2-c8e889704767,2026-07-29T20:45:00Z,2026-07-29T22:45:00+0200,176.02,EUR/MWh,ES,ES,day_ahead_price,value,2026-08-16T21:17:48Z
2026-08-16T21:11:07Z,2026-08-16T23:11:07+0200,bac882e5-42a3-48ea-b8e2-c8e889704767,2026-07-29T21:00:00Z,2026-07-29T23:00:00+0200,173.64,EUR/MWh,ES,ES,day_ahead_price,value,2026-08-16T21:17:48Z
2026-08-16T21:11:07Z,2026-08-16T23:11:07+0200,bac882e5-42a3-48ea-b8e2-c8e889704767,2026-07-29T21:15:00Z,2026-07-29T23:15:00+0200,172.15,EUR/MWh,ES,ES,day_ahead_price,value,2026-08-16T21:17:48Z
2026-08-16T21:11:07Z,2026-08-16T23:11:07+0200,bac882e5-42a3-48ea-b8e2-c8e889704767,2026-07-29T21:30:00Z,2026-07-29T23:30:00+0200,172.15,EUR/MWh,ES,ES,day_ahead_price,value,2026-08-16T21:17:48Z
2026-08-16T21:11:07Z,2026-08-16T23:11:07+0200,bac882e5-42a3-48ea-b8e2-c8e889704767,2026-07-29T21:45:00Z,2026-07-29T23:45:00+0200,171.56,EUR/MWh,ES,ES,day_ahead_price,value,2026-08-16T21:17:48Z
2026-08-16T21:11:07Z,2026-08-16T23:11:07+0200,bac882e5-42a3-48ea-b8e2-c8e889704767,2026-07-29T22:00:00Z,2026-07-30T00:00:00+0200,173.22,EUR/MWh,ES,ES,day_ahead_price,value,2026-08-16T21:17:48Z
2026-08-16T21:11:07Z,2026-08-16T23:11:07+0200,bac882e5-42a3-48ea-b8e2-c8e889704767,2026-07-29T22:15:00Z,2026-07-30T00:15:00+0200,172.4,EUR/MWh,ES,ES,day_ahead_price,value,2026-08-16T21:17:48Z
2026-08-16T21:11:07Z,2026-08-16T23:11:07+0200,bac882e5-42a3-48ea-b8e2-c8e889704767,2026-07-29T22:30:00Z,2026-07-30T00:30:00+0200,172.22,EUR/MWh,ES,ES,day_ahead_price,value,2026-08-16T21:17:48Z
2026-08-16T21:11:07Z,2026-08-16T23:11:07+0200,bac882e5-42a3-48ea-b8e2-c8e889704767,2026-07-29T22:45:00Z,2026-07-30T00:45:00+0200,171.88,EUR/MWh,ES,ES,day_ahead_price,value,2026-08-16T21:17:48Z
2026-08-16T21:11:07Z,2026-08-16T23:11:07+0200,bac882e5-42a3-48ea-b8e2-c8e889704767,2026-07-29T23:00:00Z,2026-07-30T01:00:00+0200,171.4,EUR/MWh,ES,ES,day_ahead_price,value,2026-08-16T21:17:48Z
2026-08-16T21:11:07Z,2026-08-16T23:11:07+0200,bac882e5-42a3-48ea-b8e2-c8e889704767,2026-07-29T23:15:00Z,2026-07-30T01:15:00+0200,170.4,EUR/MWh,ES,ES,day_ahead_price,value,2026-08-16T21:17:48Z
2026-08-16T21:11:07Z,2026-08-16T23:11:07+0200,bac882e5-42a3-48ea-b8e2-c8e889704767,2026-07-29T23:30:00Z,2026-07-30T01:30:00+0200,169.11,EUR/MWh,ES,ES,day_ahead_price,value,2026-08-16T21:17:48Z
2026-08-16T21:11:07Z,2026-08-16T23:11:07+0200,bac882e5-42a3-48ea-b8e2-c8e889704767,2026-07-29T23:45:00Z,2026-07-30T01:45:00+0200,167.22,EUR/MWh,ES,ES,day_ahead_price,value,2026-08-16T21:17:48Z
2026-08-16T21:11:07Z,2026-08-16T23:11:07+0200,bac882e5-42a3-48ea-b8e2-c8e889704767,2026-07-30T00:00:00Z,2026-07-30T02:00:00+0200,171.58,EUR/MWh,ES,ES,day_ahead_price,value,2026-08-16T21:17:48Z
2026-08-16T21:11:07Z,2026-08-16T23:11:07+0200,bac882e5-42a3-48ea-b8e2-c8e889704767,2026-07-30T00:15:00Z,2026-07-30T02:15:00+0200,171.22,EUR/MWh,ES,ES,day_ahead_price,value,2026-08-16T21:17:48Z
2026-08-16T21:11:07Z,2026-08-16T23:11:07+0200,bac882e5-42a3-48ea-b8e2-c8e889704767,2026-07-30T00:30:00Z,2026-07-30T02:30:00+0200,170.4,EUR/MWh,ES,ES,day_ahead_price,value,2026-08-16T21:17:48Z
2026-08-16T21:11:07Z,2026-08-16T23:11:07+0200,bac882e5-42a3-48ea-b8e2-c8e889704767,2026-07-30T00:45:00Z,2026-07-30T02:45:00+0200,170.22,EUR/MWh,ES,ES,day_ahead_price,value,2026-08-16T21:17:48Z
2026-08-16T21:11:07Z,2026-08-16T23:11:07+0200,bac882e5-42a3-48ea-b8e2-c8e889704767,2026-07-30T01:00:00Z,2026-07-30T03:00:00+0200,171.22,EUR/MWh,ES,ES,day_ahead_price,value,2026-08-16T21:17:48Z
2026-08-16T21:11:07Z,2026-08-16T23:11:07+0200,bac882e5-42a3-48ea-b8e2-c8e889704767,2026-07-30T01:15:00Z,2026-07-30T03:15:00+0200,171.22,EUR/MWh,ES,ES,day_ahead_price,value,2026-08-16T21:17:48Z
2026-08-16T21:11:07Z,2026-08-16T23:11:07+0200,bac882e5-42a3-48ea-b8e2-c8e889704767,2026-07-30T01:30:00Z,2026-07-30T03:30:00+0200,170.4,EUR/MWh,ES,ES,day_ahead_price,value,2026-08-16T21:17:48Z
2026-08-16T21:11:07Z,2026-08-16T23:11:07+0200,bac882e5-42a3-48ea-b8e2-c8e889704767,2026-07-30T01:45:00Z,2026-07-30T03:45:00+0200,171.0,EUR/MWh,ES,ES,day_ahead_price,value,2026-08-16T21:17:48Z
2026-08-16T21:11:07Z,2026-08-16T23:11:07+0200,bac882e5-42a3-48ea-b8e2-c8e889704767,2026-07-30T02:00:00Z,2026-07-30T04:00:00+0200,170.0,EUR/MWh,ES,ES,day_ahead_price,value,2026-08-16T21:17:48Z
2026-08-16T21:11:07Z,2026-08-16T23:11:07+0200,bac882e5-42a3-48ea-b8e2-c8e889704767,2026-07-30T02:15:00Z,2026-07-30T04:15:00+0200,170.0,EUR/MWh,ES,ES,day_ahead_price,value,2026-08-16T21:17:48Z
2026-08-16T21:11:07Z,2026-08-16T23:11:07+0200,bac882e5-42a3-48ea-b8e2-c8e889704767,2026-07-30T02:30:00Z,2026-07-30T04:30:00+0200,170.4,EUR/MWh,ES,ES,day_ahead_price,value,2026-08-16T21:17:48Z
2026-08-16T21:11:07Z,2026-08-16T23:11:07+0200,bac882e5-42a3-48ea-b8e2-c8e889704767,2026-07-30T02:45:00Z,2026-07-30T04:45:00+0200,171.4,EUR/MWh,ES,ES,day_ahead_price,value,2026-08-16T21:17:48Z
2026-08-16T21:11:07Z,2026-08-16T23:11:07+0200,bac882e5-42a3-48ea-b8e2-c8e889704767,2026-07-30T03:00:00Z,2026-07-30T05:00:00+0200,171.4,EUR/MWh,ES,ES,day_ahead_price,value,2026-08-16T21:17:48Z
2026-08-16T21:11:07Z,2026-08-16T23:11:07+0200,bac882e5-42a3-48ea-b8e2-c8e889704767,2026-07-30T03:15:00Z,2026-07-30T05:15:00+0200,171.4,EUR/MWh,ES,ES,day_ahead_price,value,2026-08-16T21:17:48Z
2026-08-16T21:11:07Z,2026-08-16T23:11:07+0200,bac882e5-42a3-48ea-b8e2-c8e889704767,2026-07-30T03:30:00Z,2026-07-30T05:30:00+0200,171.88,EUR/MWh,ES,ES,day_ahead_price,value,2026-08-16T21:17:48Z
2026-08-16T21:11:07Z,2026-08-16T23:11:07+0200,bac882e5-42a3-48ea-b8e2-c8e889704767,2026-07-30T03:45:00Z,2026-07-30T05:45:00+0200,172.22,EUR/MWh,ES,ES,day_ahead_price,value,2026-08-16T21:17:48Z
2026-08-16T21:11:07Z,2026-08-16T23:11:07+0200,bac882e5-42a3-48ea-b8e2-c8e889704767,2026-07-30T04:00:00Z,2026-07-30T06:00:00+0200,174.13,EUR/MWh,ES,ES,day_ahead_price,value,2026-08-16T21:17:48Z
2026-08-16T21:11:07Z,2026-08-16T23:11:07+0200,bac882e5-42a3-48ea-b8e2-c8e889704767,2026-07-30T04:15:00Z,2026-07-30T06:15:00+0200,173.98,EUR/MWh,ES,ES,day_ahead_price,value,2026-08-16T21:17:48Z
2026-08-16T21:11:07Z,2026-08-16T23:11:07+0200,bac882e5-42a3-48ea-b8e2-c8e889704767,2026-07-30T04:30:00Z,2026-07-30T06:30:00+0200,174.81,EUR/MWh,ES,ES,day_ahead_price,value,2026-08-16T21:17:48Z
2026-08-16T21:11:07Z,2026-08-16T23:11:07+0200,bac882e5-42a3-48ea-b8e2-c8e889704767,2026-07-30T04:45:00Z,2026-07-30T06:45:00+0200,175.22,EUR/MWh,ES,ES,day_ahead_price,value,2026-08-16T21:17:48Z
2026-08-16T21:11:07Z,2026-08-16T23:11:07+0200,bac882e5-42a3-48ea-b8e2-c8e889704767,2026-07-30T05:00:00Z,2026-07-30T07:00:00+0200,175.72,EUR/MWh,ES,ES,day_ahead_price,value,2026-08-16T21:17:48Z
2026-08-16T21:11:07Z,2026-08-16T23:11:07+0200,bac882e5-42a3-48ea-b8e2-c8e889704767,2026-07-30T05:15:00Z,2026-07-30T07:15:00+0200,175.72,EUR/MWh,ES,ES,day_ahead_price,value,2026-08-16T21:17:48Z
2026-08-16T21:11:07Z,2026-08-16T23:11:07+0200,bac882e5-42a3-48ea-b8e2-c8e889704767,2026-07-30T05:30:00Z,2026-07-30T07:30:00+0200,175.22,EUR/MWh,ES,ES,day_ahead_price,value,2026-08-16T21:17:48Z
2026-08-16T21:11:07Z,2026-08-16T23:11:07+0200,bac882e5-42a3-48ea-b8e2-c8e889704767,2026-07-30T05:45:00Z,2026-07-30T07:45:00+0200,173.22,EUR/MWh,ES,ES,day_ahead_price,value,2026-08-16T21:17:48Z
2026-08-16T21:11:07Z,2026-08-16T23:11:07+0200,bac882e5-42a3-48ea-b8e2-c8e889704767,2026-07-30T06:00:00Z,2026-07-30T08:00:00+0200,173.98,EUR/MWh,ES,ES,day_ahead_price,value,2026-08-16T21:17:48Z
2026-08-16T21:11:07Z,2026-08-16T23:11:07+0200,bac882e5-42a3-48ea-b8e2-c8e889704767,2026-07-30T06:15:00Z,2026-07-30T08:15:00+0200,174.22,EUR/MWh,ES,ES,day_ahead_price,value,2026-08-16T21:17:48Z
2026-08-16T21:11:07Z,2026-08-16T23:11:07+0200,bac882e5-42a3-48ea-b8e2-c8e889704767,2026-07-30T06:30:00Z,2026-07-30T08:30:00+0200,170.4,EUR/MWh,ES,ES,day_ahead_price,value,2026-08-16T21:17:48Z
2026-08-16T21:11:07Z,2026-08-16T23:11:07+0200,bac882e5-42a3-48ea-b8e2-c8e889704767,2026-07-30T06:45:00Z,2026-07-30T08:45:00+0200,151.3,EUR/MWh,ES,ES,day_ahead_price,value,2026-08-16T21:17:48Z
2026-08-16T21:11:07Z,2026-08-16T23:11:07+0200,bac882e5-42a3-48ea-b8e2-c8e889704767,2026-07-30T07:00:00Z,2026-07-30T09:00:00+0200,171.4,EUR/MWh,ES,ES,day_ahead_price,value,2026-08-16T21:17:48Z
2026-08-16T21:11:07Z,2026-08-16T23:11:07+0200,bac882e5-42a3-48ea-b8e2-c8e889704767,2026-07-30T07:15:00Z,2026-07-30T09:15:00+0200,135.0,EUR/MWh,ES,ES,day_ahead_price,value,2026-08-16T21:17:48Z
2026-08-16T21:11:07Z,2026-08-16T23:11:07+0200,bac882e5-42a3-48ea-b8e2-c8e889704767,2026-07-30T07:30:00Z,2026-07-30T09:30:00+0200,111.19,EUR/MWh,ES,ES,day_ahead_price,value,2026-08-16T21:17:48Z
2026-08-16T21:11:07Z,2026-08-16T23:11:07+0200,bac882e5-42a3-48ea-b8e2-c8e889704767,2026-07-30T07:45:00Z,2026-07-30T09:45:00+0200,98.61,EUR/MWh,ES,ES,day_ahead_price,value,2026-08-16T21:17:48Z
2026-08-16T21:11:07Z,2026-08-16T23:11:07+0200,bac882e5-42a3-48ea-b8e2-c8e889704767,2026-07-30T08:00:00Z,2026-07-30T10:00:00+0200,102.77,EUR/MWh,ES,ES,day_ahead_price,value,2026-08-16T21:17:48Z
2026-08-16T21:11:07Z,2026-08-16T23:11:07+0200,bac882e5-42a3-48ea-b8e2-c8e889704767,2026-07-30T08:15:00Z,2026-07-30T10:15:00+0200,95.0,EUR/MWh,ES,ES,day_ahead_price,value,2026-08-16T21:17:48Z
2026-08-16T21:11:07Z,2026-08-16T23:11:07+0200,bac882e5-42a3-48ea-b8e2-c8e889704767,2026-07-30T08:30:00Z,2026-07-30T10:30:00+0200,79.45,EUR/MWh,ES,ES,day_ahead_price,value,2026-08-16T21:17:48Z
2026-08-16T21:11:07Z,2026-08-16T23:11:07+0200,bac882e5-42a3-48ea-b8e2-c8e889704767,2026-07-30T08:45:00Z,2026-07-30T10:45:00+0200,50.0,EUR/MWh,ES,ES,day_ahead_price,value,2026-08-16T21:17:48Z
2026-08-16T21:11:07Z,2026-08-16T23:11:07+0200,bac882e5-42a3-48ea-b8e2-c8e889704767,2026-07-30T09:00:00Z,2026-07-30T11:00:00+0200,60.0,EUR/MWh,ES,ES,day_ahead_price,value,2026-08-16T21:17:48Z
2026-08-16T21:11:07Z,2026-08-16T23:11:07+0200,bac882e5-42a3-48ea-b8e2-c8e889704767,2026-07-30T09:15:00Z,2026-07-30T11:15:00+0200,38.88,EUR/MWh,ES,ES,day_ahead_price,value,2026-08-16T21:17:48Z
2026-08-16T21:11:07Z,2026-08-16T23:11:07+0200,bac882e5-42a3-48ea-b8e2-c8e889704767,2026-07-30T09:30:00Z,2026-07-30T11:30:00+0200,35.0,EUR/MWh,ES,ES,day_ahead_price,value,2026-08-16T21:17:48Z
2026-08-16T21:11:07Z,2026-08-16T23:11:07+0200,bac882e5-42a3-48ea-b8e2-c8e889704767,2026-07-30T09:45:00Z,2026-07-30T11:45:00+0200,21.64,EUR/MWh,ES,ES,day_ahead_price,value,2026-08-16T21:17:48Z
2026-08-16T21:11:07Z,2026-08-16T23:11:07+0200,bac882e5-42a3-48ea-b8e2-c8e889704767,2026-07-30T10:00:00Z,2026-07-30T12:00:00+0200,30.47,EUR/MWh,ES,ES,day_ahead_price,value,2026-08-16T21:17:48Z
2026-08-16T21:11:07Z,2026-08-16T23:11:07+0200,bac882e5-42a3-48ea-b8e2-c8e889704767,2026-07-30T10:15:00Z,2026-07-30T12:15:00+0200,20.32,EUR/MWh,ES,ES,day_ahead_price,value,2026-08-16T21:17:48Z
2026-08-16T21:11:07Z,2026-08-16T23:11:07+0200,bac882e5-42a3-48ea-b8e2-c8e889704767,2026-07-30T10:30:00Z,2026-07-30T12:30:00+0200,21.84,EUR/MWh,ES,ES,day_ahead_price,value,2026-08-16T21:17:48Z
2026-08-16T21:11:07Z,2026-08-16T23:11:07+0200,bac882e5-42a3-48ea-b8e2-c8e889704767,2026-07-30T10:45:00Z,2026-07-30T12:45:00+0200,12.96,EUR/MWh,ES,ES,day_ahead_price,value,2026-08-16T21:17:48Z
2026-08-16T21:11:07Z,2026-08-16T23:11:07+0200,bac882e5-42a3-48ea-b8e2-c8e889704767,2026-07-30T11:00:00Z,2026-07-30T13:00:00+0200,10.46,EUR/MWh,ES,ES,day_ahead_price,value,2026-08-16T21:17:48Z
2026-08-16T21:11:07Z,2026-08-16T23:11:07+0200,bac882e5-42a3-48ea-b8e2-c8e889704767,2026-07-30T11:15:00Z,2026-07-30T13:15:00+0200,5.1,EUR/MWh,ES,ES,day_ahead_price,value,2026-08-16T21:17:48Z
2026-08-16T21:11:07Z,2026-08-16T23:11:07+0200,bac882e5-42a3-48ea-b8e2-c8e889704767,2026-07-30T11:30:00Z,2026-07-30T13:30:00+0200,4.77,EUR/MWh,ES,ES,day_ahead_price,value,2026-08-16T21:17:48Z
2026-08-16T21:11:07Z,2026-08-16T23:11:07+0200,bac882e5-42a3-48ea-b8e2-c8e889704767,2026-07-30T11:45:00Z,2026-07-30T13:45:00+0200,4.2,EUR/MWh,ES,ES,day_ahead_price,value,2026-08-16T21:17:48Z
2026-08-16T21:11:07Z,2026-08-16T23:11:07+0200,bac882e5-42a3-48ea-b8e2-c8e889704767,2026-07-30T12:00:00Z,2026-07-30T14:00:00+0200,27.0,EUR/MWh,ES,ES,day_ahead_price,value,2026-08-16T21:17:48Z
2026-08-16T21:11:07Z,2026-08-16T23:11:07+0200,bac882e5-42a3-48ea-b8e2-c8e889704767,2026-07-30T12:15:00Z,2026-07-30T14:15:00+0200,27.0,EUR/MWh,ES,ES,day_ahead_price,value,2026-08-16T21:17:48Z
2026-08-16T21:11:07Z,2026-08-16T23:11:07+0200,bac882e5-42a3-48ea-b8e2-c8e889704767,2026-07-30T12:30:00Z,2026-07-30T14:30:00+0200,26.01,EUR/MWh,ES,ES,day_ahead_price,value,2026-08-16T21:17:48Z
2026-08-16T21:11:07Z,2026-08-16T23:11:07+0200,bac882e5-42a3-48ea-b8e2-c8e889704767,2026-07-30T12:45:00Z,2026-07-30T14:45:00+0200,14.57,EUR/MWh,ES,ES,day_ahead_price,value,2026-08-16T21:17:48Z
2026-08-16T21:11:07Z,2026-08-16T23:11:07+0200,bac882e5-42a3-48ea-b8e2-c8e889704767,2026-07-30T13:00:00Z,2026-07-30T15:00:00+0200,16.96,EUR/MWh,ES,ES,day_ahead_price,value,2026-08-16T21:17:48Z
2026-08-16T21:11:07Z,2026-08-16T23:11:07+0200,bac882e5-42a3-48ea-b8e2-c8e889704767,2026-07-30T13:15:00Z,2026-07-30T15:15:00+0200,27.0,EUR/MWh,ES,ES,day_ahead_price,value,2026-08-16T21:17:48Z
2026-08-16T21:11:07Z,2026-08-16T23:11:07+0200,bac882e5-42a3-48ea-b8e2-c8e889704767,2026-07-30T13:30:00Z,2026-07-30T15:30:00+0200,33.14,EUR/MWh,ES,ES,day_ahead_price,value,2026-08-16T21:17:48Z
2026-08-16T21:11:07Z,2026-08-16T23:11:07+0200,bac882e5-42a3-48ea-b8e2-c8e889704767,2026-07-30T13:45:00Z,2026-07-30T15:45:00+0200,38.88,EUR/MWh,ES,ES,day_ahead_price,value,2026-08-16T21:17:48Z
2026-08-16T21:11:07Z,2026-08-16T23:11:07+0200,bac882e5-42a3-48ea-b8e2-c8e889704767,2026-07-30T14:00:00Z,2026-07-30T16:00:00+0200,48.38,EUR/MWh,ES,ES,day_ahead_price,value,2026-08-16T21:17:48Z
2026-08-16T21:11:07Z,2026-08-16T23:11:07+0200,bac882e5-42a3-48ea-b8e2-c8e889704767,2026-07-30T14:15:00Z,2026-07-30T16:15:00+0200,76.25,EUR/MWh,ES,ES,day_ahead_price,value,2026-08-16T21:17:48Z
2026-08-16T21:11:07Z,2026-08-16T23:11:07+0200,bac882e5-42a3-48ea-b8e2-c8e889704767,2026-07-30T14:30:00Z,2026-07-30T16:30:00+0200,80.0,EUR/MWh,ES,ES,day_ahead_price,value,2026-08-16T21:17:48Z
2026-08-16T21:11:07Z,2026-08-16T23:11:07+0200,bac882e5-42a3-48ea-b8e2-c8e889704767,2026-07-30T14:45:00Z,2026-07-30T16:45:00+0200,83.55,EUR/MWh,ES,ES,day_ahead_price,value,2026-08-16T21:17:48Z
2026-08-16T21:11:07Z,2026-08-16T23:11:07+0200,bac882e5-42a3-48ea-b8e2-c8e889704767,2026-07-30T15:00:00Z,2026-07-30T17:00:00+0200,88.59,EUR/MWh,ES,ES,day_ahead_price,value,2026-08-16T21:17:48Z
2026-08-16T21:11:07Z,2026-08-16T23:11:07+0200,bac882e5-42a3-48ea-b8e2-c8e889704767,2026-07-30T15:15:00Z,2026-07-30T17:15:00+0200,99.01,EUR/MWh,ES,ES,day_ahead_price,value,2026-08-16T21:17:48Z
2026-08-16T21:11:07Z,2026-08-16T23:11:07+0200,bac882e5-42a3-48ea-b8e2-c8e889704767,2026-07-30T15:30:00Z,2026-07-30T17:30:00+0200,100.4,EUR/MWh,ES,ES,day_ahead_price,value,2026-08-16T21:17:48Z
2026-08-16T21:11:07Z,2026-08-16T23:11:07+0200,bac882e5-42a3-48ea-b8e2-c8e889704767,2026-07-30T15:45:00Z,2026-07-30T17:45:00+0200,112.35,EUR/MWh,ES,ES,day_ahead_price,value,2026-08-16T21:17:48Z
2026-08-16T21:11:07Z,2026-08-16T23:11:07+0200,bac882e5-42a3-48ea-b8e2-c8e889704767,2026-07-30T16:00:00Z,2026-07-30T18:00:00+0200,111.09,EUR/MWh,ES,ES,day_ahead_price,value,2026-08-16T21:17:48Z
2026-08-16T21:11:07Z,2026-08-16T23:11:07+0200,bac882e5-42a3-48ea-b8e2-c8e889704767,2026-07-30T16:15:00Z,2026-07-30T18:15:00+0200,129.75,EUR/MWh,ES,ES,day_ahead_price,value,2026-08-16T21:17:48Z
2026-08-16T21:11:07Z,2026-08-16T23:11:07+0200,bac882e5-42a3-48ea-b8e2-c8e889704767,2026-07-30T16:30:00Z,2026-07-30T18:30:00+0200,134.54,EUR/MWh,ES,ES,day_ahead_price,value,2026-08-16T21:17:48Z
2026-08-16T21:11:07Z,2026-08-16T23:11:07+0200,bac882e5-42a3-48ea-b8e2-c8e889704767,2026-07-30T16:45:00Z,2026-07-30T18:45:00+0200,146.4,EUR/MWh,ES,ES,day_ahead_price,value,2026-08-16T21:17:48Z
2026-08-16T21:11:07Z,2026-08-16T23:11:07+0200,bac882e5-42a3-48ea-b8e2-c8e889704767,2026-07-30T17:00:00Z,2026-07-30T19:00:00+0200,135.0,EUR/MWh,ES,ES,day_ahead_price,value,2026-08-16T21:17:48Z
2026-08-16T21:11:07Z,2026-08-16T23:11:07+0200,bac882e5-42a3-48ea-b8e2-c8e889704767,2026-07-30T17:15:00Z,2026-07-30T19:15:00+0200,159.24,EUR/MWh,ES,ES,day_ahead_price,value,2026-08-16T21:17:48Z
2026-08-16T21:11:07Z,2026-08-16T23:11:07+0200,bac882e5-42a3-48ea-b8e2-c8e889704767,2026-07-30T17:30:00Z,2026-07-30T19:30:00+0200,172.0,EUR/MWh,ES,ES,day_ahead_price,value,2026-08-16T21:17:48Z
2026-08-16T21:11:07Z,2026-08-16T23:11:07+0200,bac882e5-42a3-48ea-b8e2-c8e889704767,2026-07-30T17:45:00Z,2026-07-30T19:45:00+0200,175.56,EUR/MWh,ES,ES,day_ahead_price,value,2026-08-16T21:17:48Z
2026-08-16T21:11:07Z,2026-08-16T23:11:07+0200,bac882e5-42a3-48ea-b8e2-c8e889704767,2026-07-30T18:00:00Z,2026-07-30T20:00:00+0200,158.88,EUR/MWh,ES,ES,day_ahead_price,value,2026-08-16T21:17:48Z
2026-08-16T21:11:07Z,2026-08-16T23:11:07+0200,bac882e5-42a3-48ea-b8e2-c8e889704767,2026-07-30T18:15:00Z,2026-07-30T20:15:00+0200,172.4,EUR/MWh,ES,ES,day_ahead_price,value,2026-08-16T21:17:48Z
2026-08-16T21:11:07Z,2026-08-16T23:11:07+0200,bac882e5-42a3-48ea-b8e2-c8e889704767,2026-07-30T18:30:00Z,2026-07-30T20:30:00+0200,182.01,EUR/MWh,ES,ES,day_ahead_price,value,2026-08-16T21:17:48Z
2026-08-16T21:11:07Z,2026-08-16T23:11:07+0200,bac882e5-42a3-48ea-b8e2-c8e889704767,2026-07-30T18:45:00Z,2026-07-30T20:45:00+0200,194.43,EUR/MWh,ES,ES,day_ahead_price,value,2026-08-16T21:17:48Z
2026-08-16T21:11:07Z,2026-08-16T23:11:07+0200,bac882e5-42a3-48ea-b8e2-c8e889704767,2026-07-30T19:00:00Z,2026-07-30T21:00:00+0200,194.43,EUR/MWh,ES,ES,day_ahead_price,value,2026-08-16T21:17:48Z
2026-08-16T21:11:07Z,2026-08-16T23:11:07+0200,bac882e5-42a3-48ea-b8e2-c8e889704767,2026-07-30T19:15:00Z,2026-07-30T21:15:00+0200,201.3,EUR/MWh,ES,ES,day_ahead_price,value,2026-08-16T21:17:48Z
2026-08-16T21:11:07Z,2026-08-16T23:11:07+0200,bac882e5-42a3-48ea-b8e2-c8e889704767,2026-07-30T19:30:00Z,2026-07-30T21:30:00+0200,220.0,EUR/MWh,ES,ES,day_ahead_price,value,2026-08-16T21:17:48Z
2026-08-16T21:11:07Z,2026-08-16T23:11:07+0200,bac882e5-42a3-48ea-b8e2-c8e889704767,2026-07-30T19:45:00Z,2026-07-30T21:45:00+0200,203.17,EUR/MWh,ES,ES,day_ahead_price,value,2026-08-16T21:17:48Z
2026-08-16T21:11:07Z,2026-08-16T23:11:07+0200,bac882e5-42a3-48ea-b8e2-c8e889704767,2026-07-30T20:00:00Z,2026-07-30T22:00:00+0200,201.3,EUR/MWh,ES,ES,day_ahead_price,value,2026-08-16T21:17:48Z
2026-08-16T21:11:07Z,2026-08-16T23:11:07+0200,bac882e5-42a3-48ea-b8e2-c8e889704767,2026-07-30T20:15:00Z,2026-07-30T22:15:00+0200,194.69,EUR/MWh,ES,ES,day_ahead_price,value,2026-08-16T21:17:48Z
2026-08-16T21:11:07Z,2026-08-16T23:11:07+0200,bac882e5-42a3-48ea-b8e2-c8e889704767,2026-07-30T20:30:00Z,2026-07-30T22:30:00+0200,190.0,EUR/MWh,ES,ES,day_ahead_price,value,2026-08-16T21:17:48Z
2026-08-16T21:11:07Z,2026-08-16T23:11:07+0200,bac882e5-42a3-48ea-b8e2-c8e889704767,2026-07-30T20:45:00Z,2026-07-30T22:45:00+0200,178.55,EUR/MWh,ES,ES,day_ahead_price,value,2026-08-16T21:17:48Z
2026-08-16T21:11:07Z,2026-08-16T23:11:07+0200,bac882e5-42a3-48ea-b8e2-c8e889704767,2026-07-30T21:00:00Z,2026-07-30T23:00:00+0200,181.29,EUR/MWh,ES,ES,day_ahead_price,value,2026-08-16T21:17:48Z
2026-08-16T21:11:07Z,2026-08-16T23:11:07+0200,bac882e5-42a3-48ea-b8e2-c8e889704767,2026-07-30T21:15:00Z,2026-07-30T23:15:00+0200,175.72,EUR/MWh,ES,ES,day_ahead_price,value,2026-08-16T21:17:48Z
2026-08-16T21:11:07Z,2026-08-16T23:11:07+0200,bac882e5-42a3-48ea-b8e2-c8e889704767,2026-07-30T21:30:00Z,2026-07-30T23:30:00+0200,175.41,EUR/MWh,ES,ES,day_ahead_price,value,2026-08-16T21:17:48Z
2026-08-16T21:11:07Z,2026-08-16T23:11:07+0200,bac882e5-42a3-48ea-b8e2-c8e889704767,2026-07-30T21:45:00Z,2026-07-30T23:45:00+0200,173.98,EUR/MWh,ES,ES,day_ahead_price,value,2026-08-16T21:17:48Z
2026-08-16T21:11:07Z,2026-08-16T23:11:07+0200,bac882e5-42a3-48ea-b8e2-c8e889704767,2026-07-30T22:00:00Z,2026-07-31T00:00:00+0200,178.25,EUR/MWh,ES,ES,day_ahead_price,value,2026-08-16T21:17:48Z
2026-08-16T21:11:07Z,2026-08-16T23:11:07+0200,bac882e5-42a3-48ea-b8e2-c8e889704767,2026-07-30T22:15:00Z,2026-07-31T00:15:00+0200,177.75,EUR/MWh,ES,ES,day_ahead_price,value,2026-08-16T21:17:48Z
2026-08-16T21:11:07Z,2026-08-16T23:11:07+0200,bac882e5-42a3-48ea-b8e2-c8e889704767,2026-07-30T22:30:00Z,2026-07-31T00:30:00+0200,177.75,EUR/MWh,ES,ES,day_ahead_price,value,2026-08-16T21:17:48Z
2026-08-16T21:11:07Z,2026-08-16T23:11:07+0200,bac882e5-42a3-48ea-b8e2-c8e889704767,2026-07-30T22:45:00Z,2026-07-31T00:45:00+0200,176.75,EUR/MWh,ES,ES,day_ahead_price,value,2026-08-16T21:17:48Z
2026-08-16T21:11:07Z,2026-08-16T23:11:07+0200,bac882e5-42a3-48ea-b8e2-c8e889704767,2026-07-30T23:00:00Z,2026-07-31T01:00:00+0200,176.75,EUR/MWh,ES,ES,day_ahead_price,value,2026-08-16T21:17:48Z
2026-08-16T21:11:07Z,2026-08-16T23:11:07+0200,bac882e5-42a3-48ea-b8e2-c8e889704767,2026-07-30T23:15:00Z,2026-07-31T01:15:00+0200,176.75,EUR/MWh,ES,ES,day_ahead_price,value,2026-08-16T21:17:48Z
2026-08-16T21:11:07Z,2026-08-16T23:11:07+0200,bac882e5-42a3-48ea-b8e2-c8e889704767,2026-07-30T23:30:00Z,2026-07-31T01:30:00+0200,175.75,EUR/MWh,ES,ES,day_ahead_price,value,2026-08-16T21:17:48Z
2026-08-16T21:11:07Z,2026-08-16T23:11:07+0200,bac882e5-42a3-48ea-b8e2-c8e889704767,2026-07-30T23:45:00Z,2026-07-31T01:45:00+0200,175.75,EUR/MWh,ES,ES,day_ahead_price,value,2026-08-16T21:17:48Z
2026-08-16T21:11:07Z,2026-08-16T23:11:07+0200,bac882e5-42a3-48ea-b8e2-c8e889704767,2026-07-31T00:00:00Z,2026-07-31T02:00:00+0200,175.75,EUR/MWh,ES,ES,day_ahead_price,value,2026-08-16T21:17:48Z
2026-08-16T21:11:07Z,2026-08-16T23:11:07+0200,bac882e5-42a3-48ea-b8e2-c8e889704767,2026-07-31T00:15:00Z,2026-07-31T02:15:00+0200,175.0,EUR/MWh,ES,ES,day_ahead_price,value,2026-08-16T21:17:48Z
2026-08-16T21:11:07Z,2026-08-16T23:11:07+0200,bac882e5-42a3-48ea-b8e2-c8e889704767,2026-07-31T00:30:00Z,2026-07-31T02:30:00+0200,172.75,EUR/MWh,ES,ES,day_ahead_price,value,2026-08-16T21:17:48Z
2026-08-16T21:11:07Z,2026-08-16T23:11:07+0200,bac882e5-42a3-48ea-b8e2-c8e889704767,2026-07-31T00:45:00Z,2026-07-31T02:45:00+0200,172.14,EUR/MWh,ES,ES,day_ahead_price,value,2026-08-16T21:17:48Z
2026-08-16T21:11:07Z,2026-08-16T23:11:07+0200,bac882e5-42a3-48ea-b8e2-c8e889704767,2026-07-31T01:00:00Z,2026-07-31T03:00:00+0200,172.75,EUR/MWh,ES,ES,day_ahead_price,value,2026-08-16T21:17:48Z
2026-08-16T21:11:07Z,2026-08-16T23:11:07+0200,bac882e5-42a3-48ea-b8e2-c8e889704767,2026-07-31T01:15:00Z,2026-07-31T03:15:00+0200,172.14,EUR/MWh,ES,ES,day_ahead_price,value,2026-08-16T21:17:48Z
2026-08-16T21:11:07Z,2026-08-16T23:11:07+0200,bac882e5-42a3-48ea-b8e2-c8e889704767,2026-07-31T01:30:00Z,2026-07-31T03:30:00+0200,172.14,EUR/MWh,ES,ES,day_ahead_price,value,2026-08-16T21:17:48Z
2026-08-16T21:11:07Z,2026-08-16T23:11:07+0200,bac882e5-42a3-48ea-b8e2-c8e889704767,2026-07-31T01:45:00Z,2026-07-31T03:45:00+0200,172.14,EUR/MWh,ES,ES,day_ahead_price,value,2026-08-16T21:17:48Z
2026-08-16T21:11:07Z,2026-08-16T23:11:07+0200,bac882e5-42a3-48ea-b8e2-c8e889704767,2026-07-31T02:00:00Z,2026-07-31T04:00:00+0200,172.14,EUR/MWh,ES,ES,day_ahead_price,value,2026-08-16T21:17:48Z
2026-08-16T21:11:07Z,2026-08-16T23:11:07+0200,bac882e5-42a3-48ea-b8e2-c8e889704767,2026-07-31T02:15:00Z,2026-07-31T04:15:00+0200,172.0,EUR/MWh,ES,ES,day_ahead_price,value,2026-08-16T21:17:48Z
2026-08-16T21:11:07Z,2026-08-16T23:11:07+0200,bac882e5-42a3-48ea-b8e2-c8e889704767,2026-07-31T02:30:00Z,2026-07-31T04:30:00+0200,172.0,EUR/MWh,ES,ES,day_ahead_price,value,2026-08-16T21:17:48Z
2026-08-16T21:11:07Z,2026-08-16T23:11:07+0200,bac882e5-42a3-48ea-b8e2-c8e889704767,2026-07-31T02:45:00Z,2026-07-31T04:45:00+0200,172.14,EUR/MWh,ES,ES,day_ahead_price,value,2026-08-16T21:17:48Z
2026-08-16T21:11:07Z,2026-08-16T23:11:07+0200,bac882e5-42a3-48ea-b8e2-c8e889704767,2026-07-31T03:00:00Z,2026-07-31T05:00:00+0200,170.75,EUR/MWh,ES,ES,day_ahead_price,value,2026-08-16T21:17:48Z
2026-08-16T21:11:07Z,2026-08-16T23:11:07+0200,bac882e5-42a3-48ea-b8e2-c8e889704767,2026-07-31T03:15:00Z,2026-07-31T05:15:00+0200,171.75,EUR/MWh,ES,ES,day_ahead_price,value,2026-08-16T21:17:48Z
2026-08-16T21:11:07Z,2026-08-16T23:11:07+0200,bac882e5-42a3-48ea-b8e2-c8e889704767,2026-07-31T03:30:00Z,2026-07-31T05:30:00+0200,171.0,EUR/MWh,ES,ES,day_ahead_price,value,2026-08-16T21:17:48Z
2026-08-16T21:11:07Z,2026-08-16T23:11:07+0200,bac882e5-42a3-48ea-b8e2-c8e889704767,2026-07-31T03:45:00Z,2026-07-31T05:45:00+0200,170.75,EUR/MWh,ES,ES,day_ahead_price,value,2026-08-16T21:17:48Z
2026-08-16T21:11:07Z,2026-08-16T23:11:07+0200,bac882e5-42a3-48ea-b8e2-c8e889704767,2026-07-31T04:00:00Z,2026-07-31T06:00:00+0200,170.75,EUR/MWh,ES,ES,day_ahead_price,value,2026-08-16T21:17:48Z
2026-08-16T21:11:07Z,2026-08-16T23:11:07+0200,bac882e5-42a3-48ea-b8e2-c8e889704767,2026-07-31T04:15:00Z,2026-07-31T06:15:00+0200,172.75,EUR/MWh,ES,ES,day_ahead_price,value,2026-08-16T21:17:48Z
2026-08-16T21:11:07Z,2026-08-16T23:11:07+0200,bac882e5-42a3-48ea-b8e2-c8e889704767,2026-07-31T04:30:00Z,2026-07-31T06:30:00+0200,175.75,EUR/MWh,ES,ES,day_ahead_price,value,2026-08-16T21:17:48Z
2026-08-16T21:11:07Z,2026-08-16T23:11:07+0200,bac882e5-42a3-48ea-b8e2-c8e889704767,2026-07-31T04:45:00Z,2026-07-31T06:45:00+0200,177.75,EUR/MWh,ES,ES,day_ahead_price,value,2026-08-16T21:17:48Z
2026-08-16T21:11:07Z,2026-08-16T23:11:07+0200,bac882e5-42a3-48ea-b8e2-c8e889704767,2026-07-31T05:00:00Z,2026-07-31T07:00:00+0200,179.25,EUR/MWh,ES,ES,day_ahead_price,value,2026-08-16T21:17:48Z
2026-08-16T21:11:07Z,2026-08-16T23:11:07+0200,bac882e5-42a3-48ea-b8e2-c8e889704767,2026-07-31T05:15:00Z,2026-07-31T07:15:00+0200,180.03,EUR/MWh,ES,ES,day_ahead_price,value,2026-08-16T21:17:48Z
2026-08-16T21:11:07Z,2026-08-16T23:11:07+0200,bac882e5-42a3-48ea-b8e2-c8e889704767,2026-07-31T05:30:00Z,2026-07-31T07:30:00+0200,179.25,EUR/MWh,ES,ES,day_ahead_price,value,2026-08-16T21:17:48Z
2026-08-16T21:11:07Z,2026-08-16T23:11:07+0200,bac882e5-42a3-48ea-b8e2-c8e889704767,2026-07-31T05:45:00Z,2026-07-31T07:45:00+0200,177.36,EUR/MWh,ES,ES,day_ahead_price,value,2026-08-16T21:17:48Z
2026-08-16T21:11:07Z,2026-08-16T23:11:07+0200,bac882e5-42a3-48ea-b8e2-c8e889704767,2026-07-31T06:00:00Z,2026-07-31T08:00:00+0200,182.6,EUR/MWh,ES,ES,day_ahead_price,value,2026-08-16T21:17:48Z
2026-08-16T21:11:07Z,2026-08-16T23:11:07+0200,bac882e5-42a3-48ea-b8e2-c8e889704767,2026-07-31T06:15:00Z,2026-07-31T08:15:00+0200,177.75,EUR/MWh,ES,ES,day_ahead_price,value,2026-08-16T21:17:48Z
2026-08-16T21:11:07Z,2026-08-16T23:11:07+0200,bac882e5-42a3-48ea-b8e2-c8e889704767,2026-07-31T06:30:00Z,2026-07-31T08:30:00+0200,170.75,EUR/MWh,ES,ES,day_ahead_price,value,2026-08-16T21:17:48Z
2026-08-16T21:11:07Z,2026-08-16T23:11:07+0200,bac882e5-42a3-48ea-b8e2-c8e889704767,2026-07-31T06:45:00Z,2026-07-31T08:45:00+0200,162.0,EUR/MWh,ES,ES,day_ahead_price,value,2026-08-16T21:17:48Z
2026-08-16T21:11:07Z,2026-08-16T23:11:07+0200,bac882e5-42a3-48ea-b8e2-c8e889704767,2026-07-31T07:00:00Z,2026-07-31T09:00:00+0200,168.98,EUR/MWh,ES,ES,day_ahead_price,value,2026-08-16T21:17:48Z
2026-08-16T21:11:07Z,2026-08-16T23:11:07+0200,bac882e5-42a3-48ea-b8e2-c8e889704767,2026-07-31T07:15:00Z,2026-07-31T09:15:00+0200,150.0,EUR/MWh,ES,ES,day_ahead_price,value,2026-08-16T21:17:48Z
2026-08-16T21:11:07Z,2026-08-16T23:11:07+0200,bac882e5-42a3-48ea-b8e2-c8e889704767,2026-07-31T07:30:00Z,2026-07-31T09:30:00+0200,130.0,EUR/MWh,ES,ES,day_ahead_price,value,2026-08-16T21:17:48Z
2026-08-16T21:11:07Z,2026-08-16T23:11:07+0200,bac882e5-42a3-48ea-b8e2-c8e889704767,2026-07-31T07:45:00Z,2026-07-31T09:45:00+0200,123.75,EUR/MWh,ES,ES,day_ahead_price,value,2026-08-16T21:17:48Z
2026-08-16T21:11:07Z,2026-08-16T23:11:07+0200,bac882e5-42a3-48ea-b8e2-c8e889704767,2026-07-31T08:00:00Z,2026-07-31T10:00:00+0200,136.73,EUR/MWh,ES,ES,day_ahead_price,value,2026-08-16T21:17:48Z
2026-08-16T21:11:07Z,2026-08-16T23:11:07+0200,bac882e5-42a3-48ea-b8e2-c8e889704767,2026-07-31T08:15:00Z,2026-07-31T10:15:00+0200,117.15,EUR/MWh,ES,ES,day_ahead_price,value,2026-08-16T21:17:48Z
2026-08-16T21:11:07Z,2026-08-16T23:11:07+0200,bac882e5-42a3-48ea-b8e2-c8e889704767,2026-07-31T08:30:00Z,2026-07-31T10:30:00+0200,107.22,EUR/MWh,ES,ES,day_ahead_price,value,2026-08-16T21:17:48Z
2026-08-16T21:11:07Z,2026-08-16T23:11:07+0200,bac882e5-42a3-48ea-b8e2-c8e889704767,2026-07-31T08:45:00Z,2026-07-31T10:45:00+0200,97.0,EUR/MWh,ES,ES,day_ahead_price,value,2026-08-16T21:17:48Z
2026-08-16T21:11:07Z,2026-08-16T23:11:07+0200,bac882e5-42a3-48ea-b8e2-c8e889704767,2026-07-31T09:00:00Z,2026-07-31T11:00:00+0200,98.61,EUR/MWh,ES,ES,day_ahead_price,value,2026-08-16T21:17:48Z
2026-08-16T21:11:07Z,2026-08-16T23:11:07+0200,bac882e5-42a3-48ea-b8e2-c8e889704767,2026-07-31T09:15:00Z,2026-07-31T11:15:00+0200,95.59,EUR/MWh,ES,ES,day_ahead_price,value,2026-08-16T21:17:48Z
2026-08-16T21:11:07Z,2026-08-16T23:11:07+0200,bac882e5-42a3-48ea-b8e2-c8e889704767,2026-07-31T09:30:00Z,2026-07-31T11:30:00+0200,86.12,EUR/MWh,ES,ES,day_ahead_price,value,2026-08-16T21:17:48Z
2026-08-16T21:11:07Z,2026-08-16T23:11:07+0200,bac882e5-42a3-48ea-b8e2-c8e889704767,2026-07-31T09:45:00Z,2026-07-31T11:45:00+0200,85.2,EUR/MWh,ES,ES,day_ahead_price,value,2026-08-16T21:17:48Z
2026-08-16T21:11:07Z,2026-08-16T23:11:07+0200,bac882e5-42a3-48ea-b8e2-c8e889704767,2026-07-31T10:00:00Z,2026-07-31T12:00:00+0200,85.4,EUR/MWh,ES,ES,day_ahead_price,value,2026-08-16T21:17:48Z
2026-08-16T21:11:07Z,2026-08-16T23:11:07+0200,bac882e5-42a3-48ea-b8e2-c8e889704767,2026-07-31T10:15:00Z,2026-07-31T12:15:00+0200,85.27,EUR/MWh,ES,ES,day_ahead_price,value,2026-08-16T21:17:48Z
2026-08-16T21:11:07Z,2026-08-16T23:11:07+0200,bac882e5-42a3-48ea-b8e2-c8e889704767,2026-07-31T10:30:00Z,2026-07-31T12:30:00+0200,85.2,EUR/MWh,ES,ES,day_ahead_price,value,2026-08-16T21:17:48Z
2026-08-16T21:11:07Z,2026-08-16T23:11:07+0200,bac882e5-42a3-48ea-b8e2-c8e889704767,2026-07-31T10:45:00Z,2026-07-31T12:45:00+0200,85.2,EUR/MWh,ES,ES,day_ahead_price,value,2026-08-16T21:17:48Z
2026-08-16T21:11:07Z,2026-08-16T23:11:07+0200,bac882e5-42a3-48ea-b8e2-c8e889704767,2026-07-31T11:00:00Z,2026-07-31T13:00:00+0200,85.01,EUR/MWh,ES,ES,day_ahead_price,value,2026-08-16T21:17:48Z
2026-08-16T21:11:07Z,2026-08-16T23:11:07+0200,bac882e5-42a3-48ea-b8e2-c8e889704767,2026-07-31T11:15:00Z,2026-07-31T13:15:00+0200,84.46,EUR/MWh,ES,ES,day_ahead_price,value,2026-08-16T21:17:48Z
2026-08-16T21:11:07Z,2026-08-16T23:11:07+0200,bac882e5-42a3-48ea-b8e2-c8e889704767,2026-07-31T11:30:00Z,2026-07-31T13:30:00+0200,82.25,EUR/MWh,ES,ES,day_ahead_price,value,2026-08-16T21:17:48Z
2026-08-16T21:11:07Z,2026-08-16T23:11:07+0200,bac882e5-42a3-48ea-b8e2-c8e889704767,2026-07-31T11:45:00Z,2026-07-31T13:45:00+0200,81.35,EUR/MWh,ES,ES,day_ahead_price,value,2026-08-16T21:17:48Z
2026-08-16T21:11:07Z,2026-08-16T23:11:07+0200,bac882e5-42a3-48ea-b8e2-c8e889704767,2026-07-31T12:00:00Z,2026-07-31T14:00:00+0200,80.4,EUR/MWh,ES,ES,day_ahead_price,value,2026-08-16T21:17:48Z
2026-08-16T21:11:07Z,2026-08-16T23:11:07+0200,bac882e5-42a3-48ea-b8e2-c8e889704767,2026-07-31T12:15:00Z,2026-07-31T14:15:00+0200,81.99,EUR/MWh,ES,ES,day_ahead_price,value,2026-08-16T21:17:48Z
2026-08-16T21:11:07Z,2026-08-16T23:11:07+0200,bac882e5-42a3-48ea-b8e2-c8e889704767,2026-07-31T12:30:00Z,2026-07-31T14:30:00+0200,82.25,EUR/MWh,ES,ES,day_ahead_price,value,2026-08-16T21:17:48Z
2026-08-16T21:11:07Z,2026-08-16T23:11:07+0200,bac882e5-42a3-48ea-b8e2-c8e889704767,2026-07-31T12:45:00Z,2026-07-31T14:45:00+0200,80.68,EUR/MWh,ES,ES,day_ahead_price,value,2026-08-16T21:17:48Z
2026-08-16T21:11:07Z,2026-08-16T23:11:07+0200,bac882e5-42a3-48ea-b8e2-c8e889704767,2026-07-31T13:00:00Z,2026-07-31T15:00:00+0200,80.0,EUR/MWh,ES,ES,day_ahead_price,value,2026-08-16T21:17:48Z
2026-08-16T21:11:07Z,2026-08-16T23:11:07+0200,bac882e5-42a3-48ea-b8e2-c8e889704767,2026-07-31T13:15:00Z,2026-07-31T15:15:00+0200,79.73,EUR/MWh,ES,ES,day_ahead_price,value,2026-08-16T21:17:48Z
2026-08-16T21:11:07Z,2026-08-16T23:11:07+0200,bac882e5-42a3-48ea-b8e2-c8e889704767,2026-07-31T13:30:00Z,2026-07-31T15:30:00+0200,60.0,EUR/MWh,ES,ES,day_ahead_price,value,2026-08-16T21:17:48Z
2026-08-16T21:11:07Z,2026-08-16T23:11:07+0200,bac882e5-42a3-48ea-b8e2-c8e889704767,2026-07-31T13:45:00Z,2026-07-31T15:45:00+0200,60.0,EUR/MWh,ES,ES,day_ahead_price,value,2026-08-16T21:17:48Z
2026-08-16T21:11:07Z,2026-08-16T23:11:07+0200,bac882e5-42a3-48ea-b8e2-c8e889704767,2026-07-31T14:00:00Z,2026-07-31T16:00:00+0200,75.0,EUR/MWh,ES,ES,day_ahead_price,value,2026-08-16T21:17:48Z
2026-08-16T21:11:07Z,2026-08-16T23:11:07+0200,bac882e5-42a3-48ea-b8e2-c8e889704767,2026-07-31T14:15:00Z,2026-07-31T16:15:00+0200,80.2,EUR/MWh,ES,ES,day_ahead_price,value,2026-08-16T21:17:48Z
2026-08-16T21:11:07Z,2026-08-16T23:11:07+0200,bac882e5-42a3-48ea-b8e2-c8e889704767,2026-07-31T14:30:00Z,2026-07-31T16:30:00+0200,80.4,EUR/MWh,ES,ES,day_ahead_price,value,2026-08-16T21:17:48Z
2026-08-16T21:11:07Z,2026-08-16T23:11:07+0200,bac882e5-42a3-48ea-b8e2-c8e889704767,2026-07-31T14:45:00Z,2026-07-31T16:45:00+0200,82.4,EUR/MWh,ES,ES,day_ahead_price,value,2026-08-16T21:17:48Z
2026-08-16T21:11:07Z,2026-08-16T23:11:07+0200,bac882e5-42a3-48ea-b8e2-c8e889704767,2026-07-31T15:00:00Z,2026-07-31T17:00:00+0200,85.14,EUR/MWh,ES,ES,day_ahead_price,value,2026-08-16T21:17:48Z
2026-08-16T21:11:07Z,2026-08-16T23:11:07+0200,bac882e5-42a3-48ea-b8e2-c8e889704767,2026-07-31T15:15:00Z,2026-07-31T17:15:00+0200,85.27,EUR/MWh,ES,ES,day_ahead_price,value,2026-08-16T21:17:48Z
2026-08-16T21:11:07Z,2026-08-16T23:11:07+0200,bac882e5-42a3-48ea-b8e2-c8e889704767,2026-07-31T15:30:00Z,2026-07-31T17:30:00+0200,90.6,EUR/MWh,ES,ES,day_ahead_price,value,2026-08-16T21:17:48Z
2026-08-16T21:11:07Z,2026-08-16T23:11:07+0200,bac882e5-42a3-48ea-b8e2-c8e889704767,2026-07-31T15:45:00Z,2026-07-31T17:45:00+0200,100.0,EUR/MWh,ES,ES,day_ahead_price,value,2026-08-16T21:17:48Z
2026-08-16T21:11:07Z,2026-08-16T23:11:07+0200,bac882e5-42a3-48ea-b8e2-c8e889704767,2026-07-31T16:00:00Z,2026-07-31T18:00:00+0200,98.16,EUR/MWh,ES,ES,day_ahead_price,value,2026-08-16T21:17:48Z
2026-08-16T21:11:07Z,2026-08-16T23:11:07+0200,bac882e5-42a3-48ea-b8e2-c8e889704767,2026-07-31T16:15:00Z,2026-07-31T18:15:00+0200,100.0,EUR/MWh,ES,ES,day_ahead_price,value,2026-08-16T21:17:48Z
2026-08-16T21:11:07Z,2026-08-16T23:11:07+0200,bac882e5-42a3-48ea-b8e2-c8e889704767,2026-07-31T16:30:00Z,2026-07-31T18:30:00+0200,115.0,EUR/MWh,ES,ES,day_ahead_price,value,2026-08-16T21:17:48Z
2026-08-16T21:11:07Z,2026-08-16T23:11:07+0200,bac882e5-42a3-48ea-b8e2-c8e889704767,2026-07-31T16:45:00Z,2026-07-31T18:45:00+0200,134.54,EUR/MWh,ES,ES,day_ahead_price,value,2026-08-16T21:17:48Z
2026-08-16T21:11:07Z,2026-08-16T23:11:07+0200,bac882e5-42a3-48ea-b8e2-c8e889704767,2026-07-31T17:00:00Z,2026-07-31T19:00:00+0200,130.0,EUR/MWh,ES,ES,day_ahead_price,value,2026-08-16T21:17:48Z
2026-08-16T21:11:07Z,2026-08-16T23:11:07+0200,bac882e5-42a3-48ea-b8e2-c8e889704767,2026-07-31T17:15:00Z,2026-07-31T19:15:00+0200,144.65,EUR/MWh,ES,ES,day_ahead_price,value,2026-08-16T21:17:48Z
2026-08-16T21:11:07Z,2026-08-16T23:11:07+0200,bac882e5-42a3-48ea-b8e2-c8e889704767,2026-07-31T17:30:00Z,2026-07-31T19:30:00+0200,166.64,EUR/MWh,ES,ES,day_ahead_price,value,2026-08-16T21:17:48Z
2026-08-16T21:11:07Z,2026-08-16T23:11:07+0200,bac882e5-42a3-48ea-b8e2-c8e889704767,2026-07-31T17:45:00Z,2026-07-31T19:45:00+0200,171.75,EUR/MWh,ES,ES,day_ahead_price,value,2026-08-16T21:17:48Z
2026-08-16T21:11:07Z,2026-08-16T23:11:07+0200,bac882e5-42a3-48ea-b8e2-c8e889704767,2026-07-31T18:00:00Z,2026-07-31T20:00:00+0200,151.9,EUR/MWh,ES,ES,day_ahead_price,value,2026-08-16T21:17:48Z
2026-08-16T21:11:07Z,2026-08-16T23:11:07+0200,bac882e5-42a3-48ea-b8e2-c8e889704767,2026-07-31T18:15:00Z,2026-07-31T20:15:00+0200,167.36,EUR/MWh,ES,ES,day_ahead_price,value,2026-08-16T21:17:48Z
2026-08-16T21:11:07Z,2026-08-16T23:11:07+0200,bac882e5-42a3-48ea-b8e2-c8e889704767,2026-07-31T18:30:00Z,2026-07-31T20:30:00+0200,175.75,EUR/MWh,ES,ES,day_ahead_price,value,2026-08-16T21:17:48Z
2026-08-16T21:11:07Z,2026-08-16T23:11:07+0200,bac882e5-42a3-48ea-b8e2-c8e889704767,2026-07-31T18:45:00Z,2026-07-31T20:45:00+0200,175.75,EUR/MWh,ES,ES,day_ahead_price,value,2026-08-16T21:17:48Z
2026-08-16T21:11:07Z,2026-08-16T23:11:07+0200,bac882e5-42a3-48ea-b8e2-c8e889704767,2026-07-31T19:00:00Z,2026-07-31T21:00:00+0200,172.75,EUR/MWh,ES,ES,day_ahead_price,value,2026-08-16T21:17:48Z
2026-08-16T21:11:07Z,2026-08-16T23:11:07+0200,bac882e5-42a3-48ea-b8e2-c8e889704767,2026-07-31T19:15:00Z,2026-07-31T21:15:00+0200,176.75,EUR/MWh,ES,ES,day_ahead_price,value,2026-08-16T21:17:48Z
2026-08-16T21:11:07Z,2026-08-16T23:11:07+0200,bac882e5-42a3-48ea-b8e2-c8e889704767,2026-07-31T19:30:00Z,2026-07-31T21:30:00+0200,176.75,EUR/MWh,ES,ES,day_ahead_price,value,2026-08-16T21:17:48Z
2026-08-16T21:11:07Z,2026-08-16T23:11:07+0200,bac882e5-42a3-48ea-b8e2-c8e889704767,2026-07-31T19:45:00Z,2026-07-31T21:45:00+0200,175.52,EUR/MWh,ES,ES,day_ahead_price,value,2026-08-16T21:17:48Z
2026-08-16T21:11:07Z,2026-08-16T23:11:07+0200,bac882e5-42a3-48ea-b8e2-c8e889704767,2026-07-31T20:00:00Z,2026-07-31T22:00:00+0200,177.75,EUR/MWh,ES,ES,day_ahead_price,value,2026-08-16T21:17:48Z
2026-08-16T21:11:07Z,2026-08-16T23:11:07+0200,bac882e5-42a3-48ea-b8e2-c8e889704767,2026-07-31T20:15:00Z,2026-07-31T22:15:00+0200,176.75,EUR/MWh,ES,ES,day_ahead_price,value,2026-08-16T21:17:48Z
2026-08-16T21:11:07Z,2026-08-16T23:11:07+0200,bac882e5-42a3-48ea-b8e2-c8e889704767,2026-07-31T20:30:00Z,2026-07-31T22:30:00+0200,177.35,EUR/MWh,ES,ES,day_ahead_price,value,2026-08-16T21:17:48Z
2026-08-16T21:11:07Z,2026-08-16T23:11:07+0200,bac882e5-42a3-48ea-b8e2-c8e889704767,2026-07-31T20:45:00Z,2026-07-31T22:45:00+0200,172.2,EUR/MWh,ES,ES,day_ahead_price,value,2026-08-16T21:17:48Z
2026-08-16T21:11:07Z,2026-08-16T23:11:07+0200,bac882e5-42a3-48ea-b8e2-c8e889704767,2026-07-31T21:00:00Z,2026-07-31T23:00:00+0200,170.56,EUR/MWh,ES,ES,day_ahead_price,value,2026-08-16T21:17:48Z
2026-08-16T21:11:07Z,2026-08-16T23:11:07+0200,bac882e5-42a3-48ea-b8e2-c8e889704767,2026-07-31T21:15:00Z,2026-07-31T23:15:00+0200,167.58,EUR/MWh,ES,ES,day_ahead_price,value,2026-08-16T21:17:48Z
2026-08-16T21:11:07Z,2026-08-16T23:11:07+0200,bac882e5-42a3-48ea-b8e2-c8e889704767,2026-07-31T21:30:00Z,2026-07-31T23:30:00+0200,167.36,EUR/MWh,ES,ES,day_ahead_price,value,2026-08-16T21:17:48Z
2026-08-16T21:11:07Z,2026-08-16T23:11:07+0200,bac882e5-42a3-48ea-b8e2-c8e889704767,2026-07-31T21:45:00Z,2026-07-31T23:45:00+0200,165.13,EUR/MWh,ES,ES,day_ahead_price,value,2026-08-16T21:17:48Z
2026-08-16T21:11:07Z,2026-08-16T23:11:07+0200,bac882e5-42a3-48ea-b8e2-c8e889704767,2026-07-31T22:00:00Z,2026-08-01T00:00:00+0200,178.4,EUR/MWh,ES,ES,day_ahead_price,value,2026-08-16T21:17:48Z
2026-08-16T21:11:07Z,2026-08-16T23:11:07+0200,bac882e5-42a3-48ea-b8e2-c8e889704767,2026-07-31T22:15:00Z,2026-08-01T00:15:00+0200,173.12,EUR/MWh,ES,ES,day_ahead_price,value,2026-08-16T21:17:48Z
2026-08-16T21:11:07Z,2026-08-16T23:11:07+0200,bac882e5-42a3-48ea-b8e2-c8e889704767,2026-07-31T22:30:00Z,2026-08-01T00:30:00+0200,172.88,EUR/MWh,ES,ES,day_ahead_price,value,2026-08-16T21:17:48Z
2026-08-16T21:11:07Z,2026-08-16T23:11:07+0200,bac882e5-42a3-48ea-b8e2-c8e889704767,2026-07-31T22:45:00Z,2026-08-01T00:45:00+0200,172.64,EUR/MWh,ES,ES,day_ahead_price,value,2026-08-16T21:17:48Z
2026-08-16T21:11:07Z,2026-08-16T23:11:07+0200,bac882e5-42a3-48ea-b8e2-c8e889704767,2026-07-31T23:00:00Z,2026-08-01T01:00:00+0200,168.71,EUR/MWh,ES,ES,day_ahead_price,value,2026-08-16T21:17:48Z
2026-08-16T21:11:07Z,2026-08-16T23:11:07+0200,bac882e5-42a3-48ea-b8e2-c8e889704767,2026-07-31T23:15:00Z,2026-08-01T01:15:00+0200,163.69,EUR/MWh,ES,ES,day_ahead_price,value,2026-08-16T21:17:48Z
2026-08-16T21:11:07Z,2026-08-16T23:11:07+0200,bac882e5-42a3-48ea-b8e2-c8e889704767,2026-07-31T23:30:00Z,2026-08-01T01:30:00+0200,163.69,EUR/MWh,ES,ES,day_ahead_price,value,2026-08-16T21:17:48Z
2026-08-16T21:11:07Z,2026-08-16T23:11:07+0200,bac882e5-42a3-48ea-b8e2-c8e889704767,2026-07-31T23:45:00Z,2026-08-01T01:45:00+0200,157.78,EUR/MWh,ES,ES,day_ahead_price,value,2026-08-16T21:17:48Z
2026-08-16T21:11:07Z,2026-08-16T23:11:07+0200,bac882e5-42a3-48ea-b8e2-c8e889704767,2026-08-01T00:00:00Z,2026-08-01T02:00:00+0200,161.0,EUR/MWh,ES,ES,day_ahead_price,value,2026-08-16T21:17:48Z
2026-08-16T21:11:07Z,2026-08-16T23:11:07+0200,bac882e5-42a3-48ea-b8e2-c8e889704767,2026-08-01T00:15:00Z,2026-08-01T02:15:00+0200,158.46,EUR/MWh,ES,ES,day_ahead_price,value,2026-08-16T21:17:48Z
2026-08-16T21:11:07Z,2026-08-16T23:11:07+0200,bac882e5-42a3-48ea-b8e2-c8e889704767,2026-08-01T00:30:00Z,2026-08-01T02:30:00+0200,159.02,EUR/MWh,ES,ES,day_ahead_price,value,2026-08-16T21:17:48Z
2026-08-16T21:11:07Z,2026-08-16T23:11:07+0200,bac882e5-42a3-48ea-b8e2-c8e889704767,2026-08-01T00:45:00Z,2026-08-01T02:45:00+0200,162.15,EUR/MWh,ES,ES,day_ahead_price,value,2026-08-16T21:17:48Z
2026-08-16T21:11:07Z,2026-08-16T23:11:07+0200,bac882e5-42a3-48ea-b8e2-c8e889704767,2026-08-01T01:00:00Z,2026-08-01T03:00:00+0200,160.3,EUR/MWh,ES,ES,day_ahead_price,value,2026-08-16T21:17:48Z
2026-08-16T21:11:07Z,2026-08-16T23:11:07+0200,bac882e5-42a3-48ea-b8e2-c8e889704767,2026-08-01T01:15:00Z,2026-08-01T03:15:00+0200,159.02,EUR/MWh,ES,ES,day_ahead_price,value,2026-08-16T21:17:48Z
2026-08-16T21:11:07Z,2026-08-16T23:11:07+0200,bac882e5-42a3-48ea-b8e2-c8e889704767,2026-08-01T01:30:00Z,2026-08-01T03:30:00+0200,160.3,EUR/MWh,ES,ES,day_ahead_price,value,2026-08-16T21:17:48Z
2026-08-16T21:11:07Z,2026-08-16T23:11:07+0200,bac882e5-42a3-48ea-b8e2-c8e889704767,2026-08-01T01:45:00Z,2026-08-01T03:45:00+0200,167.55,EUR/MWh,ES,ES,day_ahead_price,value,2026-08-16T21:17:48Z
2026-08-16T21:11:07Z,2026-08-16T23:11:07+0200,bac882e5-42a3-48ea-b8e2-c8e889704767,2026-08-01T02:00:00Z,2026-08-01T04:00:00+0200,172.4,EUR/MWh,ES,ES,day_ahead_price,value,2026-08-16T21:17:48Z
2026-08-16T21:11:07Z,2026-08-16T23:11:07+0200,bac882e5-42a3-48ea-b8e2-c8e889704767,2026-08-01T02:15:00Z,2026-08-01T04:15:00+0200,172.4,EUR/MWh,ES,ES,day_ahead_price,value,2026-08-16T21:17:48Z
2026-08-16T21:11:07Z,2026-08-16T23:11:07+0200,bac882e5-42a3-48ea-b8e2-c8e889704767,2026-08-01T02:30:00Z,2026-08-01T04:30:00+0200,172.45,EUR/MWh,ES,ES,day_ahead_price,value,2026-08-16T21:17:48Z
2026-08-16T21:11:07Z,2026-08-16T23:11:07+0200,bac882e5-42a3-48ea-b8e2-c8e889704767,2026-08-01T02:45:00Z,2026-08-01T04:45:00+0200,172.64,EUR/MWh,ES,ES,day_ahead_price,value,2026-08-16T21:17:48Z
2026-08-16T21:11:07Z,2026-08-16T23:11:07+0200,bac882e5-42a3-48ea-b8e2-c8e889704767,2026-08-01T03:00:00Z,2026-08-01T05:00:00+0200,172.45,EUR/MWh,ES,ES,day_ahead_price,value,2026-08-16T21:17:48Z
2026-08-16T21:11:07Z,2026-08-16T23:11:07+0200,bac882e5-42a3-48ea-b8e2-c8e889704767,2026-08-01T03:15:00Z,2026-08-01T05:15:00+0200,172.64,EUR/MWh,ES,ES,day_ahead_price,value,2026-08-16T21:17:48Z
2026-08-16T21:11:07Z,2026-08-16T23:11:07+0200,bac882e5-42a3-48ea-b8e2-c8e889704767,2026-08-01T03:30:00Z,2026-08-01T05:30:00+0200,172.88,EUR/MWh,ES,ES,day_ahead_price,value,2026-08-16T21:17:48Z
2026-08-16T21:11:07Z,2026-08-16T23:11:07+0200,bac882e5-42a3-48ea-b8e2-c8e889704767,2026-08-01T03:45:00Z,2026-08-01T05:45:00+0200,173.12,EUR/MWh,ES,ES,day_ahead_price,value,2026-08-16T21:17:48Z
2026-08-16T21:11:07Z,2026-08-16T23:11:07+0200,bac882e5-42a3-48ea-b8e2-c8e889704767,2026-08-01T04:00:00Z,2026-08-01T06:00:00+0200,172.64,EUR/MWh,ES,ES,day_ahead_price,value,2026-08-16T21:17:48Z
2026-08-16T21:11:07Z,2026-08-16T23:11:07+0200,bac882e5-42a3-48ea-b8e2-c8e889704767,2026-08-01T04:15:00Z,2026-08-01T06:15:00+0200,172.64,EUR/MWh,ES,ES,day_ahead_price,value,2026-08-16T21:17:48Z
2026-08-16T21:11:07Z,2026-08-16T23:11:07+0200,bac882e5-42a3-48ea-b8e2-c8e889704767,2026-08-01T04:30:00Z,2026-08-01T06:30:00+0200,173.12,EUR/MWh,ES,ES,day_ahead_price,value,2026-08-16T21:17:48Z
2026-08-16T21:11:07Z,2026-08-16T23:11:07+0200,bac882e5-42a3-48ea-b8e2-c8e889704767,2026-08-01T04:45:00Z,2026-08-01T06:45:00+0200,173.6,EUR/MWh,ES,ES,day_ahead_price,value,2026-08-16T21:17:48Z
2026-08-16T21:11:07Z,2026-08-16T23:11:07+0200,bac882e5-42a3-48ea-b8e2-c8e889704767,2026-08-01T05:00:00Z,2026-08-01T07:00:00+0200,178.15,EUR/MWh,ES,ES,day_ahead_price,value,2026-08-16T21:17:48Z
2026-08-16T21:11:07Z,2026-08-16T23:11:07+0200,bac882e5-42a3-48ea-b8e2-c8e889704767,2026-08-01T05:15:00Z,2026-08-01T07:15:00+0200,173.36,EUR/MWh,ES,ES,day_ahead_price,value,2026-08-16T21:17:48Z
2026-08-16T21:11:07Z,2026-08-16T23:11:07+0200,bac882e5-42a3-48ea-b8e2-c8e889704767,2026-08-01T05:30:00Z,2026-08-01T07:30:00+0200,172.64,EUR/MWh,ES,ES,day_ahead_price,value,2026-08-16T21:17:48Z
2026-08-16T21:11:07Z,2026-08-16T23:11:07+0200,bac882e5-42a3-48ea-b8e2-c8e889704767,2026-08-01T05:45:00Z,2026-08-01T07:45:00+0200,173.6,EUR/MWh,ES,ES,day_ahead_price,value,2026-08-16T21:17:48Z
2026-08-16T21:11:07Z,2026-08-16T23:11:07+0200,bac882e5-42a3-48ea-b8e2-c8e889704767,2026-08-01T06:00:00Z,2026-08-01T08:00:00+0200,179.98,EUR/MWh,ES,ES,day_ahead_price,value,2026-08-16T21:17:48Z
2026-08-16T21:11:07Z,2026-08-16T23:11:07+0200,bac882e5-42a3-48ea-b8e2-c8e889704767,2026-08-01T06:15:00Z,2026-08-01T08:15:00+0200,178.15,EUR/MWh,ES,ES,day_ahead_price,value,2026-08-16T21:17:48Z
2026-08-16T21:11:07Z,2026-08-16T23:11:07+0200,bac882e5-42a3-48ea-b8e2-c8e889704767,2026-08-01T06:30:00Z,2026-08-01T08:30:00+0200,158.27,EUR/MWh,ES,ES,day_ahead_price,value,2026-08-16T21:17:48Z
2026-08-16T21:11:07Z,2026-08-16T23:11:07+0200,bac882e5-42a3-48ea-b8e2-c8e889704767,2026-08-01T06:45:00Z,2026-08-01T08:45:00+0200,127.45,EUR/MWh,ES,ES,day_ahead_price,value,2026-08-16T21:17:48Z
2026-08-16T21:11:07Z,2026-08-16T23:11:07+0200,bac882e5-42a3-48ea-b8e2-c8e889704767,2026-08-01T07:00:00Z,2026-08-01T09:00:00+0200,145.41,EUR/MWh,ES,ES,day_ahead_price,value,2026-08-16T21:17:48Z
2026-08-16T21:11:07Z,2026-08-16T23:11:07+0200,bac882e5-42a3-48ea-b8e2-c8e889704767,2026-08-01T07:15:00Z,2026-08-01T09:15:00+0200,114.75,EUR/MWh,ES,ES,day_ahead_price,value,2026-08-16T21:17:48Z
2026-08-16T21:11:07Z,2026-08-16T23:11:07+0200,bac882e5-42a3-48ea-b8e2-c8e889704767,2026-08-01T07:30:00Z,2026-08-01T09:30:00+0200,92.19,EUR/MWh,ES,ES,day_ahead_price,value,2026-08-16T21:17:48Z
2026-08-16T21:11:07Z,2026-08-16T23:11:07+0200,bac882e5-42a3-48ea-b8e2-c8e889704767,2026-08-01T07:45:00Z,2026-08-01T09:45:00+0200,62.74,EUR/MWh,ES,ES,day_ahead_price,value,2026-08-16T21:17:48Z
2026-08-16T21:11:07Z,2026-08-16T23:11:07+0200,bac882e5-42a3-48ea-b8e2-c8e889704767,2026-08-01T08:00:00Z,2026-08-01T10:00:00+0200,64.8,EUR/MWh,ES,ES,day_ahead_price,value,2026-08-16T21:17:48Z
2026-08-16T21:11:07Z,2026-08-16T23:11:07+0200,bac882e5-42a3-48ea-b8e2-c8e889704767,2026-08-01T08:15:00Z,2026-08-01T10:15:00+0200,37.69,EUR/MWh,ES,ES,day_ahead_price,value,2026-08-16T21:17:48Z
2026-08-16T21:11:07Z,2026-08-16T23:11:07+0200,bac882e5-42a3-48ea-b8e2-c8e889704767,2026-08-01T08:30:00Z,2026-08-01T10:30:00+0200,8.82,EUR/MWh,ES,ES,day_ahead_price,value,2026-08-16T21:17:48Z
2026-08-16T21:11:07Z,2026-08-16T23:11:07+0200,bac882e5-42a3-48ea-b8e2-c8e889704767,2026-08-01T08:45:00Z,2026-08-01T10:45:00+0200,4.0,EUR/MWh,ES,ES,day_ahead_price,value,2026-08-16T21:17:48Z
2026-08-16T21:11:07Z,2026-08-16T23:11:07+0200,bac882e5-42a3-48ea-b8e2-c8e889704767,2026-08-01T09:00:00Z,2026-08-01T11:00:00+0200,3.43,EUR/MWh,ES,ES,day_ahead_price,value,2026-08-16T21:17:48Z
2026-08-16T21:11:07Z,2026-08-16T23:11:07+0200,bac882e5-42a3-48ea-b8e2-c8e889704767,2026-08-01T09:15:00Z,2026-08-01T11:15:00+0200,1.85,EUR/MWh,ES,ES,day_ahead_price,value,2026-08-16T21:17:48Z
2026-08-16T21:11:07Z,2026-08-16T23:11:07+0200,bac882e5-42a3-48ea-b8e2-c8e889704767,2026-08-01T09:30:00Z,2026-08-01T11:30:00+0200,1.08,EUR/MWh,ES,ES,day_ahead_price,value,2026-08-16T21:17:48Z
2026-08-16T21:11:07Z,2026-08-16T23:11:07+0200,bac882e5-42a3-48ea-b8e2-c8e889704767,2026-08-01T09:45:00Z,2026-08-01T11:45:00+0200,1.08,EUR/MWh,ES,ES,day_ahead_price,value,2026-08-16T21:17:48Z
2026-08-16T21:11:07Z,2026-08-16T23:11:07+0200,bac882e5-42a3-48ea-b8e2-c8e889704767,2026-08-01T10:00:00Z,2026-08-01T12:00:00+0200,1.08,EUR/MWh,ES,ES,day_ahead_price,value,2026-08-16T21:17:48Z
2026-08-16T21:11:07Z,2026-08-16T23:11:07+0200,bac882e5-42a3-48ea-b8e2-c8e889704767,2026-08-01T10:15:00Z,2026-08-01T12:15:00+0200,1.08,EUR/MWh,ES,ES,day_ahead_price,value,2026-08-16T21:17:48Z
2026-08-16T21:11:07Z,2026-08-16T23:11:07+0200,bac882e5-42a3-48ea-b8e2-c8e889704767,2026-08-01T10:30:00Z,2026-08-01T12:30:00+0200,1.08,EUR/MWh,ES,ES,day_ahead_price,value,2026-08-16T21:17:48Z
2026-08-16T21:11:07Z,2026-08-16T23:11:07+0200,bac882e5-42a3-48ea-b8e2-c8e889704767,2026-08-01T10:45:00Z,2026-08-01T12:45:00+0200,0.66,EUR/MWh,ES,ES,day_ahead_price,value,2026-08-16T21:17:48Z
2026-08-16T21:11:07Z,2026-08-16T23:11:07+0200,bac882e5-42a3-48ea-b8e2-c8e889704767,2026-08-01T11:00:00Z,2026-08-01T13:00:00+0200,0.51,EUR/MWh,ES,ES,day_ahead_price,value,2026-08-16T21:17:48Z
2026-08-16T21:11:07Z,2026-08-16T23:11:07+0200,bac882e5-42a3-48ea-b8e2-c8e889704767,2026-08-01T11:15:00Z,2026-08-01T13:15:00+0200,0.5,EUR/MWh,ES,ES,day_ahead_price,value,2026-08-16T21:17:48Z
2026-08-16T21:11:07Z,2026-08-16T23:11:07+0200,bac882e5-42a3-48ea-b8e2-c8e889704767,2026-08-01T11:30:00Z,2026-08-01T13:30:00+0200,0.5,EUR/MWh,ES,ES,day_ahead_price,value,2026-08-16T21:17:48Z
2026-08-16T21:11:07Z,2026-08-16T23:11:07+0200,bac882e5-42a3-48ea-b8e2-c8e889704767,2026-08-01T11:45:00Z,2026-08-01T13:45:00+0200,0.5,EUR/MWh,ES,ES,day_ahead_price,value,2026-08-16T21:17:48Z
2026-08-16T21:11:07Z,2026-08-16T23:11:07+0200,bac882e5-42a3-48ea-b8e2-c8e889704767,2026-08-01T12:00:00Z,2026-08-01T14:00:00+0200,0.5,EUR/MWh,ES,ES,day_ahead_price,value,2026-08-16T21:17:48Z
2026-08-16T21:11:07Z,2026-08-16T23:11:07+0200,bac882e5-42a3-48ea-b8e2-c8e889704767,2026-08-01T12:15:00Z,2026-08-01T14:15:00+0200,0.5,EUR/MWh,ES,ES,day_ahead_price,value,2026-08-16T21:17:48Z
2026-08-16T21:11:07Z,2026-08-16T23:11:07+0200,bac882e5-42a3-48ea-b8e2-c8e889704767,2026-08-01T12:30:00Z,2026-08-01T14:30:00+0200,0.5,EUR/MWh,ES,ES,day_ahead_price,value,2026-08-16T21:17:48Z
2026-08-16T21:11:07Z,2026-08-16T23:11:07+0200,bac882e5-42a3-48ea-b8e2-c8e889704767,2026-08-01T12:45:00Z,2026-08-01T14:45:00+0200,0.29,EUR/MWh,ES,ES,day_ahead_price,value,2026-08-16T21:17:48Z
2026-08-16T21:11:07Z,2026-08-16T23:11:07+0200,bac882e5-42a3-48ea-b8e2-c8e889704767,2026-08-01T13:00:00Z,2026-08-01T15:00:00+0200,0.5,EUR/MWh,ES,ES,day_ahead_price,value,2026-08-16T21:17:48Z
2026-08-16T21:11:07Z,2026-08-16T23:11:07+0200,bac882e5-42a3-48ea-b8e2-c8e889704767,2026-08-01T13:15:00Z,2026-08-01T15:15:00+0200,0.3,EUR/MWh,ES,ES,day_ahead_price,value,2026-08-16T21:17:48Z
2026-08-16T21:11:07Z,2026-08-16T23:11:07+0200,bac882e5-42a3-48ea-b8e2-c8e889704767,2026-08-01T13:30:00Z,2026-08-01T15:30:00+0200,0.5,EUR/MWh,ES,ES,day_ahead_price,value,2026-08-16T21:17:48Z
2026-08-16T21:11:07Z,2026-08-16T23:11:07+0200,bac882e5-42a3-48ea-b8e2-c8e889704767,2026-08-01T13:45:00Z,2026-08-01T15:45:00+0200,0.45,EUR/MWh,ES,ES,day_ahead_price,value,2026-08-16T21:17:48Z
2026-08-16T21:11:07Z,2026-08-16T23:11:07+0200,bac882e5-42a3-48ea-b8e2-c8e889704767,2026-08-01T14:00:00Z,2026-08-01T16:00:00+0200,0.5,EUR/MWh,ES,ES,day_ahead_price,value,2026-08-16T21:17:48Z
2026-08-16T21:11:07Z,2026-08-16T23:11:07+0200,bac882e5-42a3-48ea-b8e2-c8e889704767,2026-08-01T14:15:00Z,2026-08-01T16:15:00+0200,0.51,EUR/MWh,ES,ES,day_ahead_price,value,2026-08-16T21:17:48Z
2026-08-16T21:11:07Z,2026-08-16T23:11:07+0200,bac882e5-42a3-48ea-b8e2-c8e889704767,2026-08-01T14:30:00Z,2026-08-01T16:30:00+0200,1.0,EUR/MWh,ES,ES,day_ahead_price,value,2026-08-16T21:17:48Z
2026-08-16T21:11:07Z,2026-08-16T23:11:07+0200,bac882e5-42a3-48ea-b8e2-c8e889704767,2026-08-01T14:45:00Z,2026-08-01T16:45:00+0200,1.08,EUR/MWh,ES,ES,day_ahead_price,value,2026-08-16T21:17:48Z
2026-08-16T21:11:07Z,2026-08-16T23:11:07+0200,bac882e5-42a3-48ea-b8e2-c8e889704767,2026-08-01T15:00:00Z,2026-08-01T17:00:00+0200,1.99,EUR/MWh,ES,ES,day_ahead_price,value,2026-08-16T21:17:48Z
2026-08-16T21:11:07Z,2026-08-16T23:11:07+0200,bac882e5-42a3-48ea-b8e2-c8e889704767,2026-08-01T15:15:00Z,2026-08-01T17:15:00+0200,5.5,EUR/MWh,ES,ES,day_ahead_price,value,2026-08-16T21:17:48Z
2026-08-16T21:11:07Z,2026-08-16T23:11:07+0200,bac882e5-42a3-48ea-b8e2-c8e889704767,2026-08-01T15:30:00Z,2026-08-01T17:30:00+0200,29.0,EUR/MWh,ES,ES,day_ahead_price,value,2026-08-16T21:17:48Z
2026-08-16T21:11:07Z,2026-08-16T23:11:07+0200,bac882e5-42a3-48ea-b8e2-c8e889704767,2026-08-01T15:45:00Z,2026-08-01T17:45:00+0200,68.56,EUR/MWh,ES,ES,day_ahead_price,value,2026-08-16T21:17:48Z
2026-08-16T21:11:07Z,2026-08-16T23:11:07+0200,bac882e5-42a3-48ea-b8e2-c8e889704767,2026-08-01T16:00:00Z,2026-08-01T18:00:00+0200,81.8,EUR/MWh,ES,ES,day_ahead_price,value,2026-08-16T21:17:48Z
2026-08-16T21:11:07Z,2026-08-16T23:11:07+0200,bac882e5-42a3-48ea-b8e2-c8e889704767,2026-08-01T16:15:00Z,2026-08-01T18:15:00+0200,91.98,EUR/MWh,ES,ES,day_ahead_price,value,2026-08-16T21:17:48Z
2026-08-16T21:11:07Z,2026-08-16T23:11:07+0200,bac882e5-42a3-48ea-b8e2-c8e889704767,2026-08-01T16:30:00Z,2026-08-01T18:30:00+0200,100.0,EUR/MWh,ES,ES,day_ahead_price,value,2026-08-16T21:17:48Z
2026-08-16T21:11:07Z,2026-08-16T23:11:07+0200,bac882e5-42a3-48ea-b8e2-c8e889704767,2026-08-01T16:45:00Z,2026-08-01T18:45:00+0200,115.27,EUR/MWh,ES,ES,day_ahead_price,value,2026-08-16T21:17:48Z
2026-08-16T21:11:07Z,2026-08-16T23:11:07+0200,bac882e5-42a3-48ea-b8e2-c8e889704767,2026-08-01T17:00:00Z,2026-08-01T19:00:00+0200,115.14,EUR/MWh,ES,ES,day_ahead_price,value,2026-08-16T21:17:48Z
2026-08-16T21:11:07Z,2026-08-16T23:11:07+0200,bac882e5-42a3-48ea-b8e2-c8e889704767,2026-08-01T17:15:00Z,2026-08-01T19:15:00+0200,146.79,EUR/MWh,ES,ES,day_ahead_price,value,2026-08-16T21:17:48Z
2026-08-16T21:11:07Z,2026-08-16T23:11:07+0200,bac882e5-42a3-48ea-b8e2-c8e889704767,2026-08-01T17:30:00Z,2026-08-01T19:30:00+0200,175.5,EUR/MWh,ES,ES,day_ahead_price,value,2026-08-16T21:17:48Z
2026-08-16T21:11:07Z,2026-08-16T23:11:07+0200,bac882e5-42a3-48ea-b8e2-c8e889704767,2026-08-01T17:45:00Z,2026-08-01T19:45:00+0200,181.65,EUR/MWh,ES,ES,day_ahead_price,value,2026-08-16T21:17:48Z
2026-08-16T21:11:07Z,2026-08-16T23:11:07+0200,bac882e5-42a3-48ea-b8e2-c8e889704767,2026-08-01T18:00:00Z,2026-08-01T20:00:00+0200,175.45,EUR/MWh,ES,ES,day_ahead_price,value,2026-08-16T21:17:48Z
2026-08-16T21:11:07Z,2026-08-16T23:11:07+0200,bac882e5-42a3-48ea-b8e2-c8e889704767,2026-08-01T18:15:00Z,2026-08-01T20:15:00+0200,181.65,EUR/MWh,ES,ES,day_ahead_price,value,2026-08-16T21:17:48Z
2026-08-16T21:11:07Z,2026-08-16T23:11:07+0200,bac882e5-42a3-48ea-b8e2-c8e889704767,2026-08-01T18:30:00Z,2026-08-01T20:30:00+0200,184.75,EUR/MWh,ES,ES,day_ahead_price,value,2026-08-16T21:17:48Z
2026-08-16T21:11:07Z,2026-08-16T23:11:07+0200,bac882e5-42a3-48ea-b8e2-c8e889704767,2026-08-01T18:45:00Z,2026-08-01T20:45:00+0200,187.6,EUR/MWh,ES,ES,day_ahead_price,value,2026-08-16T21:17:48Z
2026-08-16T21:11:07Z,2026-08-16T23:11:07+0200,bac882e5-42a3-48ea-b8e2-c8e889704767,2026-08-01T19:00:00Z,2026-08-01T21:00:00+0200,186.4,EUR/MWh,ES,ES,day_ahead_price,value,2026-08-16T21:17:48Z
2026-08-16T21:11:07Z,2026-08-16T23:11:07+0200,bac882e5-42a3-48ea-b8e2-c8e889704767,2026-08-01T19:15:00Z,2026-08-01T21:15:00+0200,195.52,EUR/MWh,ES,ES,day_ahead_price,value,2026-08-16T21:17:48Z
2026-08-16T21:11:07Z,2026-08-16T23:11:07+0200,bac882e5-42a3-48ea-b8e2-c8e889704767,2026-08-01T19:30:00Z,2026-08-01T21:30:00+0200,198.69,EUR/MWh,ES,ES,day_ahead_price,value,2026-08-16T21:17:48Z
2026-08-16T21:11:07Z,2026-08-16T23:11:07+0200,bac882e5-42a3-48ea-b8e2-c8e889704767,2026-08-01T19:45:00Z,2026-08-01T21:45:00+0200,197.5,EUR/MWh,ES,ES,day_ahead_price,value,2026-08-16T21:17:48Z
2026-08-16T21:11:07Z,2026-08-16T23:11:07+0200,bac882e5-42a3-48ea-b8e2-c8e889704767,2026-08-01T20:00:00Z,2026-08-01T22:00:00+0200,197.5,EUR/MWh,ES,ES,day_ahead_price,value,2026-08-16T21:17:48Z
2026-08-16T21:11:07Z,2026-08-16T23:11:07+0200,bac882e5-42a3-48ea-b8e2-c8e889704767,2026-08-01T20:15:00Z,2026-08-01T22:15:00+0200,195.63,EUR/MWh,ES,ES,day_ahead_price,value,2026-08-16T21:17:48Z
2026-08-16T21:11:07Z,2026-08-16T23:11:07+0200,bac882e5-42a3-48ea-b8e2-c8e889704767,2026-08-01T20:30:00Z,2026-08-01T22:30:00+0200,187.6,EUR/MWh,ES,ES,day_ahead_price,value,2026-08-16T21:17:48Z
2026-08-16T21:11:07Z,2026-08-16T23:11:07+0200,bac882e5-42a3-48ea-b8e2-c8e889704767,2026-08-01T20:45:00Z,2026-08-01T22:45:00+0200,185.4,EUR/MWh,ES,ES,day_ahead_price,value,2026-08-16T21:17:48Z
2026-08-16T21:11:07Z,2026-08-16T23:11:07+0200,bac882e5-42a3-48ea-b8e2-c8e889704767,2026-08-01T21:00:00Z,2026-08-01T23:00:00+0200,184.65,EUR/MWh,ES,ES,day_ahead_price,value,2026-08-16T21:17:48Z
2026-08-16T21:11:07Z,2026-08-16T23:11:07+0200,bac882e5-42a3-48ea-b8e2-c8e889704767,2026-08-01T21:15:00Z,2026-08-01T23:15:00+0200,183.14,EUR/MWh,ES,ES,day_ahead_price,value,2026-08-16T21:17:48Z
2026-08-16T21:11:07Z,2026-08-16T23:11:07+0200,bac882e5-42a3-48ea-b8e2-c8e889704767,2026-08-01T21:30:00Z,2026-08-01T23:30:00+0200,181.65,EUR/MWh,ES,ES,day_ahead_price,value,2026-08-16T21:17:48Z
2026-08-16T21:11:07Z,2026-08-16T23:11:07+0200,bac882e5-42a3-48ea-b8e2-c8e889704767,2026-08-01T21:45:00Z,2026-08-01T23:45:00+0200,181.65,EUR/MWh,ES,ES,day_ahead_price,value,2026-08-16T21:17:48Z
2026-08-16T21:11:07Z,2026-08-16T23:11:07+0200,bac882e5-42a3-48ea-b8e2-c8e889704767,2026-08-01T22:00:00Z,2026-08-02T00:00:00+0200,182.17,EUR/MWh,ES,ES,day_ahead_price,value,2026-08-16T21:17:48Z
2026-08-16T21:11:07Z,2026-08-16T23:11:07+0200,bac882e5-42a3-48ea-b8e2-c8e889704767,2026-08-01T22:15:00Z,2026-08-02T00:15:00+0200,177.15,EUR/MWh,ES,ES,day_ahead_price,value,2026-08-16T21:17:48Z
2026-08-16T21:11:07Z,2026-08-16T23:11:07+0200,bac882e5-42a3-48ea-b8e2-c8e889704767,2026-08-01T22:30:00Z,2026-08-02T00:30:00+0200,176.82,EUR/MWh,ES,ES,day_ahead_price,value,2026-08-16T21:17:48Z
2026-08-16T21:11:07Z,2026-08-16T23:11:07+0200,bac882e5-42a3-48ea-b8e2-c8e889704767,2026-08-01T22:45:00Z,2026-08-02T00:45:00+0200,174.6,EUR/MWh,ES,ES,day_ahead_price,value,2026-08-16T21:17:48Z
2026-08-16T21:11:07Z,2026-08-16T23:11:07+0200,bac882e5-42a3-48ea-b8e2-c8e889704767,2026-08-01T23:00:00Z,2026-08-02T01:00:00+0200,174.5,EUR/MWh,ES,ES,day_ahead_price,value,2026-08-16T21:17:48Z
2026-08-16T21:11:07Z,2026-08-16T23:11:07+0200,bac882e5-42a3-48ea-b8e2-c8e889704767,2026-08-01T23:15:00Z,2026-08-02T01:15:00+0200,174.12,EUR/MWh,ES,ES,day_ahead_price,value,2026-08-16T21:17:48Z
2026-08-16T21:11:07Z,2026-08-16T23:11:07+0200,bac882e5-42a3-48ea-b8e2-c8e889704767,2026-08-01T23:30:00Z,2026-08-02T01:30:00+0200,173.88,EUR/MWh,ES,ES,day_ahead_price,value,2026-08-16T21:17:48Z
2026-08-16T21:11:07Z,2026-08-16T23:11:07+0200,bac882e5-42a3-48ea-b8e2-c8e889704767,2026-08-01T23:45:00Z,2026-08-02T01:45:00+0200,171.66,EUR/MWh,ES,ES,day_ahead_price,value,2026-08-16T21:17:48Z
2026-08-16T21:11:07Z,2026-08-16T23:11:07+0200,bac882e5-42a3-48ea-b8e2-c8e889704767,2026-08-02T00:00:00Z,2026-08-02T02:00:00+0200,173.64,EUR/MWh,ES,ES,day_ahead_price,value,2026-08-16T21:17:48Z
2026-08-16T21:11:07Z,2026-08-16T23:11:07+0200,bac882e5-42a3-48ea-b8e2-c8e889704767,2026-08-02T00:15:00Z,2026-08-02T02:15:00+0200,173.64,EUR/MWh,ES,ES,day_ahead_price,value,2026-08-16T21:17:48Z
2026-08-16T21:11:07Z,2026-08-16T23:11:07+0200,bac882e5-42a3-48ea-b8e2-c8e889704767,2026-08-02T00:30:00Z,2026-08-02T02:30:00+0200,173.4,EUR/MWh,ES,ES,day_ahead_price,value,2026-08-16T21:17:48Z
2026-08-16T21:11:07Z,2026-08-16T23:11:07+0200,bac882e5-42a3-48ea-b8e2-c8e889704767,2026-08-02T00:45:00Z,2026-08-02T02:45:00+0200,171.07,EUR/MWh,ES,ES,day_ahead_price,value,2026-08-16T21:17:48Z
2026-08-16T21:11:07Z,2026-08-16T23:11:07+0200,bac882e5-42a3-48ea-b8e2-c8e889704767,2026-08-02T01:00:00Z,2026-08-02T03:00:00+0200,171.07,EUR/MWh,ES,ES,day_ahead_price,value,2026-08-16T21:17:48Z
2026-08-16T21:11:07Z,2026-08-16T23:11:07+0200,bac882e5-42a3-48ea-b8e2-c8e889704767,2026-08-02T01:15:00Z,2026-08-02T03:15:00+0200,171.0,EUR/MWh,ES,ES,day_ahead_price,value,2026-08-16T21:17:48Z
2026-08-16T21:11:07Z,2026-08-16T23:11:07+0200,bac882e5-42a3-48ea-b8e2-c8e889704767,2026-08-02T01:30:00Z,2026-08-02T03:30:00+0200,170.76,EUR/MWh,ES,ES,day_ahead_price,value,2026-08-16T21:17:48Z
2026-08-16T21:11:07Z,2026-08-16T23:11:07+0200,bac882e5-42a3-48ea-b8e2-c8e889704767,2026-08-02T01:45:00Z,2026-08-02T03:45:00+0200,170.76,EUR/MWh,ES,ES,day_ahead_price,value,2026-08-16T21:17:48Z
2026-08-16T21:11:07Z,2026-08-16T23:11:07+0200,bac882e5-42a3-48ea-b8e2-c8e889704767,2026-08-02T02:00:00Z,2026-08-02T04:00:00+0200,170.0,EUR/MWh,ES,ES,day_ahead_price,value,2026-08-16T21:17:48Z
2026-08-16T21:11:07Z,2026-08-16T23:11:07+0200,bac882e5-42a3-48ea-b8e2-c8e889704767,2026-08-02T02:15:00Z,2026-08-02T04:15:00+0200,167.2,EUR/MWh,ES,ES,day_ahead_price,value,2026-08-16T21:17:48Z
2026-08-16T21:11:07Z,2026-08-16T23:11:07+0200,bac882e5-42a3-48ea-b8e2-c8e889704767,2026-08-02T02:30:00Z,2026-08-02T04:30:00+0200,169.17,EUR/MWh,ES,ES,day_ahead_price,value,2026-08-16T21:17:48Z
2026-08-16T21:11:07Z,2026-08-16T23:11:07+0200,bac882e5-42a3-48ea-b8e2-c8e889704767,2026-08-02T02:45:00Z,2026-08-02T04:45:00+0200,165.67,EUR/MWh,ES,ES,day_ahead_price,value,2026-08-16T21:17:48Z
2026-08-16T21:11:07Z,2026-08-16T23:11:07+0200,bac882e5-42a3-48ea-b8e2-c8e889704767,2026-08-02T03:00:00Z,2026-08-02T05:00:00+0200,170.0,EUR/MWh,ES,ES,day_ahead_price,value,2026-08-16T21:17:48Z
2026-08-16T21:11:07Z,2026-08-16T23:11:07+0200,bac882e5-42a3-48ea-b8e2-c8e889704767,2026-08-02T03:15:00Z,2026-08-02T05:15:00+0200,170.0,EUR/MWh,ES,ES,day_ahead_price,value,2026-08-16T21:17:48Z
2026-08-16T21:11:07Z,2026-08-16T23:11:07+0200,bac882e5-42a3-48ea-b8e2-c8e889704767,2026-08-02T03:30:00Z,2026-08-02T05:30:00+0200,170.0,EUR/MWh,ES,ES,day_ahead_price,value,2026-08-16T21:17:48Z
2026-08-16T21:11:07Z,2026-08-16T23:11:07+0200,bac882e5-42a3-48ea-b8e2-c8e889704767,2026-08-02T03:45:00Z,2026-08-02T05:45:00+0200,170.76,EUR/MWh,ES,ES,day_ahead_price,value,2026-08-16T21:17:48Z
2026-08-16T21:11:07Z,2026-08-16T23:11:07+0200,bac882e5-42a3-48ea-b8e2-c8e889704767,2026-08-02T04:00:00Z,2026-08-02T06:00:00+0200,170.76,EUR/MWh,ES,ES,day_ahead_price,value,2026-08-16T21:17:48Z
2026-08-16T21:11:07Z,2026-08-16T23:11:07+0200,bac882e5-42a3-48ea-b8e2-c8e889704767,2026-08-02T04:15:00Z,2026-08-02T06:15:00+0200,171.07,EUR/MWh,ES,ES,day_ahead_price,value,2026-08-16T21:17:48Z
2026-08-16T21:11:07Z,2026-08-16T23:11:07+0200,bac882e5-42a3-48ea-b8e2-c8e889704767,2026-08-02T04:30:00Z,2026-08-02T06:30:00+0200,171.07,EUR/MWh,ES,ES,day_ahead_price,value,2026-08-16T21:17:48Z
2026-08-16T21:11:07Z,2026-08-16T23:11:07+0200,bac882e5-42a3-48ea-b8e2-c8e889704767,2026-08-02T04:45:00Z,2026-08-02T06:45:00+0200,171.07,EUR/MWh,ES,ES,day_ahead_price,value,2026-08-16T21:17:48Z
2026-08-16T21:11:07Z,2026-08-16T23:11:07+0200,bac882e5-42a3-48ea-b8e2-c8e889704767,2026-08-02T05:00:00Z,2026-08-02T07:00:00+0200,174.36,EUR/MWh,ES,ES,day_ahead_price,value,2026-08-16T21:17:48Z
2026-08-16T21:11:07Z,2026-08-16T23:11:07+0200,bac882e5-42a3-48ea-b8e2-c8e889704767,2026-08-02T05:15:00Z,2026-08-02T07:15:00+0200,182.01,EUR/MWh,ES,ES,day_ahead_price,value,2026-08-16T21:17:48Z
2026-08-16T21:11:07Z,2026-08-16T23:11:07+0200,bac882e5-42a3-48ea-b8e2-c8e889704767,2026-08-02T05:30:00Z,2026-08-02T07:30:00+0200,184.73,EUR/MWh,ES,ES,day_ahead_price,value,2026-08-16T21:17:48Z
2026-08-16T21:11:07Z,2026-08-16T23:11:07+0200,bac882e5-42a3-48ea-b8e2-c8e889704767,2026-08-02T05:45:00Z,2026-08-02T07:45:00+0200,182.73,EUR/MWh,ES,ES,day_ahead_price,value,2026-08-16T21:17:48Z
2026-08-16T21:11:07Z,2026-08-16T23:11:07+0200,bac882e5-42a3-48ea-b8e2-c8e889704767,2026-08-02T06:00:00Z,2026-08-02T08:00:00+0200,181.73,EUR/MWh,ES,ES,day_ahead_price,value,2026-08-16T21:17:48Z
2026-08-16T21:11:07Z,2026-08-16T23:11:07+0200,bac882e5-42a3-48ea-b8e2-c8e889704767,2026-08-02T06:15:00Z,2026-08-02T08:15:00+0200,161.33,EUR/MWh,ES,ES,day_ahead_price,value,2026-08-16T21:17:48Z
2026-08-16T21:11:07Z,2026-08-16T23:11:07+0200,bac882e5-42a3-48ea-b8e2-c8e889704767,2026-08-02T06:30:00Z,2026-08-02T08:30:00+0200,115.14,EUR/MWh,ES,ES,day_ahead_price,value,2026-08-16T21:17:48Z
2026-08-16T21:11:07Z,2026-08-16T23:11:07+0200,bac882e5-42a3-48ea-b8e2-c8e889704767,2026-08-02T06:45:00Z,2026-08-02T08:45:00+0200,93.22,EUR/MWh,ES,ES,day_ahead_price,value,2026-08-16T21:17:48Z
2026-08-16T21:11:07Z,2026-08-16T23:11:07+0200,bac882e5-42a3-48ea-b8e2-c8e889704767,2026-08-02T07:00:00Z,2026-08-02T09:00:00+0200,99.0,EUR/MWh,ES,ES,day_ahead_price,value,2026-08-16T21:17:48Z
2026-08-16T21:11:07Z,2026-08-16T23:11:07+0200,bac882e5-42a3-48ea-b8e2-c8e889704767,2026-08-02T07:15:00Z,2026-08-02T09:15:00+0200,80.0,EUR/MWh,ES,ES,day_ahead_price,value,2026-08-16T21:17:48Z
2026-08-16T21:11:07Z,2026-08-16T23:11:07+0200,bac882e5-42a3-48ea-b8e2-c8e889704767,2026-08-02T07:30:00Z,2026-08-02T09:30:00+0200,18.33,EUR/MWh,ES,ES,day_ahead_price,value,2026-08-16T21:17:48Z
2026-08-16T21:11:07Z,2026-08-16T23:11:07+0200,bac882e5-42a3-48ea-b8e2-c8e889704767,2026-08-02T07:45:00Z,2026-08-02T09:45:00+0200,1.75,EUR/MWh,ES,ES,day_ahead_price,value,2026-08-16T21:17:48Z
2026-08-16T21:11:07Z,2026-08-16T23:11:07+0200,bac882e5-42a3-48ea-b8e2-c8e889704767,2026-08-02T08:00:00Z,2026-08-02T10:00:00+0200,1.08,EUR/MWh,ES,ES,day_ahead_price,value,2026-08-16T21:17:48Z
2026-08-16T21:11:07Z,2026-08-16T23:11:07+0200,bac882e5-42a3-48ea-b8e2-c8e889704767,2026-08-02T08:15:00Z,2026-08-02T10:15:00+0200,0.51,EUR/MWh,ES,ES,day_ahead_price,value,2026-08-16T21:17:48Z
2026-08-16T21:11:07Z,2026-08-16T23:11:07+0200,bac882e5-42a3-48ea-b8e2-c8e889704767,2026-08-02T08:30:00Z,2026-08-02T10:30:00+0200,0.0,EUR/MWh,ES,ES,day_ahead_price,value,2026-08-16T21:17:48Z
2026-08-16T21:11:07Z,2026-08-16T23:11:07+0200,bac882e5-42a3-48ea-b8e2-c8e889704767,2026-08-02T08:45:00Z,2026-08-02T10:45:00+0200,0.0,EUR/MWh,ES,ES,day_ahead_price,value,2026-08-16T21:17:48Z
2026-08-16T21:11:07Z,2026-08-16T23:11:07+0200,bac882e5-42a3-48ea-b8e2-c8e889704767,2026-08-02T09:00:00Z,2026-08-02T11:00:00+0200,-0.01,EUR/MWh,ES,ES,day_ahead_price,value,2026-08-16T21:17:48Z
2026-08-16T21:11:07Z,2026-08-16T23:11:07+0200,bac882e5-42a3-48ea-b8e2-c8e889704767,2026-08-02T09:15:00Z,2026-08-02T11:15:00+0200,-0.01,EUR/MWh,ES,ES,day_ahead_price,value,2026-08-16T21:17:48Z
2026-08-16T21:11:07Z,2026-08-16T23:11:07+0200,bac882e5-42a3-48ea-b8e2-c8e889704767,2026-08-02T09:30:00Z,2026-08-02T11:30:00+0200,-0.02,EUR/MWh,ES,ES,day_ahead_price,value,2026-08-16T21:17:48Z
2026-08-16T21:11:07Z,2026-08-16T23:11:07+0200,bac882e5-42a3-48ea-b8e2-c8e889704767,2026-08-02T09:45:00Z,2026-08-02T11:45:00+0200,-0.07,EUR/MWh,ES,ES,day_ahead_price,value,2026-08-16T21:17:48Z
2026-08-16T21:11:07Z,2026-08-16T23:11:07+0200,bac882e5-42a3-48ea-b8e2-c8e889704767,2026-08-02T10:00:00Z,2026-08-02T12:00:00+0200,-0.1,EUR/MWh,ES,ES,day_ahead_price,value,2026-08-16T21:17:48Z
2026-08-16T21:11:07Z,2026-08-16T23:11:07+0200,bac882e5-42a3-48ea-b8e2-c8e889704767,2026-08-02T10:15:00Z,2026-08-02T12:15:00+0200,-0.11,EUR/MWh,ES,ES,day_ahead_price,value,2026-08-16T21:17:48Z
2026-08-16T21:11:07Z,2026-08-16T23:11:07+0200,bac882e5-42a3-48ea-b8e2-c8e889704767,2026-08-02T10:30:00Z,2026-08-02T12:30:00+0200,-0.11,EUR/MWh,ES,ES,day_ahead_price,value,2026-08-16T21:17:48Z
2026-08-16T21:11:07Z,2026-08-16T23:11:07+0200,bac882e5-42a3-48ea-b8e2-c8e889704767,2026-08-02T10:45:00Z,2026-08-02T12:45:00+0200,-0.11,EUR/MWh,ES,ES,day_ahead_price,value,2026-08-16T21:17:48Z
2026-08-16T21:11:07Z,2026-08-16T23:11:07+0200,bac882e5-42a3-48ea-b8e2-c8e889704767,2026-08-02T11:00:00Z,2026-08-02T13:00:00+0200,-0.3,EUR/MWh,ES,ES,day_ahead_price,value,2026-08-16T21:17:48Z
2026-08-16T21:11:07Z,2026-08-16T23:11:07+0200,bac882e5-42a3-48ea-b8e2-c8e889704767,2026-08-02T11:15:00Z,2026-08-02T13:15:00+0200,-0.29,EUR/MWh,ES,ES,day_ahead_price,value,2026-08-16T21:17:48Z
2026-08-16T21:11:07Z,2026-08-16T23:11:07+0200,bac882e5-42a3-48ea-b8e2-c8e889704767,2026-08-02T11:30:00Z,2026-08-02T13:30:00+0200,-0.16,EUR/MWh,ES,ES,day_ahead_price,value,2026-08-16T21:17:48Z
2026-08-16T21:11:07Z,2026-08-16T23:11:07+0200,bac882e5-42a3-48ea-b8e2-c8e889704767,2026-08-02T11:45:00Z,2026-08-02T13:45:00+0200,-0.12,EUR/MWh,ES,ES,day_ahead_price,value,2026-08-16T21:17:48Z
2026-08-16T21:11:07Z,2026-08-16T23:11:07+0200,bac882e5-42a3-48ea-b8e2-c8e889704767,2026-08-02T12:00:00Z,2026-08-02T14:00:00+0200,-0.1,EUR/MWh,ES,ES,day_ahead_price,value,2026-08-16T21:17:48Z
2026-08-16T21:11:07Z,2026-08-16T23:11:07+0200,bac882e5-42a3-48ea-b8e2-c8e889704767,2026-08-02T12:15:00Z,2026-08-02T14:15:00+0200,-0.1,EUR/MWh,ES,ES,day_ahead_price,value,2026-08-16T21:17:48Z
2026-08-16T21:11:07Z,2026-08-16T23:11:07+0200,bac882e5-42a3-48ea-b8e2-c8e889704767,2026-08-02T12:30:00Z,2026-08-02T14:30:00+0200,-0.07,EUR/MWh,ES,ES,day_ahead_price,value,2026-08-16T21:17:48Z
2026-08-16T21:11:07Z,2026-08-16T23:11:07+0200,bac882e5-42a3-48ea-b8e2-c8e889704767,2026-08-02T12:45:00Z,2026-08-02T14:45:00+0200,-0.07,EUR/MWh,ES,ES,day_ahead_price,value,2026-08-16T21:17:48Z
2026-08-16T21:11:07Z,2026-08-16T23:11:07+0200,bac882e5-42a3-48ea-b8e2-c8e889704767,2026-08-02T13:00:00Z,2026-08-02T15:00:00+0200,-0.02,EUR/MWh,ES,ES,day_ahead_price,value,2026-08-16T21:17:48Z
2026-08-16T21:11:07Z,2026-08-16T23:11:07+0200,bac882e5-42a3-48ea-b8e2-c8e889704767,2026-08-02T13:15:00Z,2026-08-02T15:15:00+0200,-0.01,EUR/MWh,ES,ES,day_ahead_price,value,2026-08-16T21:17:48Z
2026-08-16T21:11:07Z,2026-08-16T23:11:07+0200,bac882e5-42a3-48ea-b8e2-c8e889704767,2026-08-02T13:30:00Z,2026-08-02T15:30:00+0200,-0.01,EUR/MWh,ES,ES,day_ahead_price,value,2026-08-16T21:17:48Z
2026-08-16T21:11:07Z,2026-08-16T23:11:07+0200,bac882e5-42a3-48ea-b8e2-c8e889704767,2026-08-02T13:45:00Z,2026-08-02T15:45:00+0200,0.0,EUR/MWh,ES,ES,day_ahead_price,value,2026-08-16T21:17:48Z
2026-08-16T21:11:07Z,2026-08-16T23:11:07+0200,bac882e5-42a3-48ea-b8e2-c8e889704767,2026-08-02T14:00:00Z,2026-08-02T16:00:00+0200,0.0,EUR/MWh,ES,ES,day_ahead_price,value,2026-08-16T21:17:48Z
2026-08-16T21:11:07Z,2026-08-16T23:11:07+0200,bac882e5-42a3-48ea-b8e2-c8e889704767,2026-08-02T14:15:00Z,2026-08-02T16:15:00+0200,0.0,EUR/MWh,ES,ES,day_ahead_price,value,2026-08-16T21:17:48Z
2026-08-16T21:11:07Z,2026-08-16T23:11:07+0200,bac882e5-42a3-48ea-b8e2-c8e889704767,2026-08-02T14:30:00Z,2026-08-02T16:30:00+0200,0.0,EUR/MWh,ES,ES,day_ahead_price,value,2026-08-16T21:17:48Z
2026-08-16T21:11:07Z,2026-08-16T23:11:07+0200,bac882e5-42a3-48ea-b8e2-c8e889704767,2026-08-02T14:45:00Z,2026-08-02T16:45:00+0200,0.01,EUR/MWh,ES,ES,day_ahead_price,value,2026-08-16T21:17:48Z
2026-08-16T21:11:07Z,2026-08-16T23:11:07+0200,bac882e5-42a3-48ea-b8e2-c8e889704767,2026-08-02T15:00:00Z,2026-08-02T17:00:00+0200,1.0,EUR/MWh,ES,ES,day_ahead_price,value,2026-08-16T21:17:48Z
2026-08-16T21:11:07Z,2026-08-16T23:11:07+0200,bac882e5-42a3-48ea-b8e2-c8e889704767,2026-08-02T15:15:00Z,2026-08-02T17:15:00+0200,1.08,EUR/MWh,ES,ES,day_ahead_price,value,2026-08-16T21:17:48Z
2026-08-16T21:11:07Z,2026-08-16T23:11:07+0200,bac882e5-42a3-48ea-b8e2-c8e889704767,2026-08-02T15:30:00Z,2026-08-02T17:30:00+0200,2.76,EUR/MWh,ES,ES,day_ahead_price,value,2026-08-16T21:17:48Z
2026-08-16T21:11:07Z,2026-08-16T23:11:07+0200,bac882e5-42a3-48ea-b8e2-c8e889704767,2026-08-02T15:45:00Z,2026-08-02T17:45:00+0200,3.43,EUR/MWh,ES,ES,day_ahead_price,value,2026-08-16T21:17:48Z
2026-08-16T21:11:07Z,2026-08-16T23:11:07+0200,bac882e5-42a3-48ea-b8e2-c8e889704767,2026-08-02T16:00:00Z,2026-08-02T18:00:00+0200,7.57,EUR/MWh,ES,ES,day_ahead_price,value,2026-08-16T21:17:48Z
2026-08-16T21:11:07Z,2026-08-16T23:11:07+0200,bac882e5-42a3-48ea-b8e2-c8e889704767,2026-08-02T16:15:00Z,2026-08-02T18:15:00+0200,37.25,EUR/MWh,ES,ES,day_ahead_price,value,2026-08-16T21:17:48Z
2026-08-16T21:11:07Z,2026-08-16T23:11:07+0200,bac882e5-42a3-48ea-b8e2-c8e889704767,2026-08-02T16:30:00Z,2026-08-02T18:30:00+0200,70.24,EUR/MWh,ES,ES,day_ahead_price,value,2026-08-16T21:17:48Z
2026-08-16T21:11:07Z,2026-08-16T23:11:07+0200,bac882e5-42a3-48ea-b8e2-c8e889704767,2026-08-02T16:45:00Z,2026-08-02T18:45:00+0200,91.98,EUR/MWh,ES,ES,day_ahead_price,value,2026-08-16T21:17:48Z
2026-08-16T21:11:07Z,2026-08-16T23:11:07+0200,bac882e5-42a3-48ea-b8e2-c8e889704767,2026-08-02T17:00:00Z,2026-08-02T19:00:00+0200,93.49,EUR/MWh,ES,ES,day_ahead_price,value,2026-08-16T21:17:48Z
2026-08-16T21:11:07Z,2026-08-16T23:11:07+0200,bac882e5-42a3-48ea-b8e2-c8e889704767,2026-08-02T17:15:00Z,2026-08-02T19:15:00+0200,115.14,EUR/MWh,ES,ES,day_ahead_price,value,2026-08-16T21:17:48Z
2026-08-16T21:11:07Z,2026-08-16T23:11:07+0200,bac882e5-42a3-48ea-b8e2-c8e889704767,2026-08-02T17:30:00Z,2026-08-02T19:30:00+0200,158.69,EUR/MWh,ES,ES,day_ahead_price,value,2026-08-16T21:17:48Z
2026-08-16T21:11:07Z,2026-08-16T23:11:07+0200,bac882e5-42a3-48ea-b8e2-c8e889704767,2026-08-02T17:45:00Z,2026-08-02T19:45:00+0200,176.35,EUR/MWh,ES,ES,day_ahead_price,value,2026-08-16T21:17:48Z
2026-08-16T21:11:07Z,2026-08-16T23:11:07+0200,bac882e5-42a3-48ea-b8e2-c8e889704767,2026-08-02T18:00:00Z,2026-08-02T20:00:00+0200,173.4,EUR/MWh,ES,ES,day_ahead_price,value,2026-08-16T21:17:48Z
2026-08-16T21:11:07Z,2026-08-16T23:11:07+0200,bac882e5-42a3-48ea-b8e2-c8e889704767,2026-08-02T18:15:00Z,2026-08-02T20:15:00+0200,182.33,EUR/MWh,ES,ES,day_ahead_price,value,2026-08-16T21:17:48Z
2026-08-16T21:11:07Z,2026-08-16T23:11:07+0200,bac882e5-42a3-48ea-b8e2-c8e889704767,2026-08-02T18:30:00Z,2026-08-02T20:30:00+0200,186.79,EUR/MWh,ES,ES,day_ahead_price,value,2026-08-16T21:17:48Z
2026-08-16T21:11:07Z,2026-08-16T23:11:07+0200,bac882e5-42a3-48ea-b8e2-c8e889704767,2026-08-02T18:45:00Z,2026-08-02T20:45:00+0200,193.01,EUR/MWh,ES,ES,day_ahead_price,value,2026-08-16T21:17:48Z
2026-08-16T21:11:07Z,2026-08-16T23:11:07+0200,bac882e5-42a3-48ea-b8e2-c8e889704767,2026-08-02T19:00:00Z,2026-08-02T21:00:00+0200,191.54,EUR/MWh,ES,ES,day_ahead_price,value,2026-08-16T21:17:48Z
2026-08-16T21:11:07Z,2026-08-16T23:11:07+0200,bac882e5-42a3-48ea-b8e2-c8e889704767,2026-08-02T19:15:00Z,2026-08-02T21:15:00+0200,199.43,EUR/MWh,ES,ES,day_ahead_price,value,2026-08-16T21:17:48Z
2026-08-16T21:11:07Z,2026-08-16T23:11:07+0200,bac882e5-42a3-48ea-b8e2-c8e889704767,2026-08-02T19:30:00Z,2026-08-02T21:30:00+0200,201.7,EUR/MWh,ES,ES,day_ahead_price,value,2026-08-16T21:17:48Z
2026-08-16T21:11:07Z,2026-08-16T23:11:07+0200,bac882e5-42a3-48ea-b8e2-c8e889704767,2026-08-02T19:45:00Z,2026-08-02T21:45:00+0200,201.7,EUR/MWh,ES,ES,day_ahead_price,value,2026-08-16T21:17:48Z
2026-08-16T21:11:07Z,2026-08-16T23:11:07+0200,bac882e5-42a3-48ea-b8e2-c8e889704767,2026-08-02T20:00:00Z,2026-08-02T22:00:00+0200,203.37,EUR/MWh,ES,ES,day_ahead_price,value,2026-08-16T21:17:48Z
2026-08-16T21:11:07Z,2026-08-16T23:11:07+0200,bac882e5-42a3-48ea-b8e2-c8e889704767,2026-08-02T20:15:00Z,2026-08-02T22:15:00+0200,205.26,EUR/MWh,ES,ES,day_ahead_price,value,2026-08-16T21:17:48Z
2026-08-16T21:11:07Z,2026-08-16T23:11:07+0200,bac882e5-42a3-48ea-b8e2-c8e889704767,2026-08-02T20:30:00Z,2026-08-02T22:30:00+0200,210.3,EUR/MWh,ES,ES,day_ahead_price,value,2026-08-16T21:17:48Z
2026-08-16T21:11:07Z,2026-08-16T23:11:07+0200,bac882e5-42a3-48ea-b8e2-c8e889704767,2026-08-02T20:45:00Z,2026-08-02T22:45:00+0200,201.97,EUR/MWh,ES,ES,day_ahead_price,value,2026-08-16T21:17:48Z
2026-08-16T21:11:07Z,2026-08-16T23:11:07+0200,bac882e5-42a3-48ea-b8e2-c8e889704767,2026-08-02T21:00:00Z,2026-08-02T23:00:00+0200,200.0,EUR/MWh,ES,ES,day_ahead_price,value,2026-08-16T21:17:48Z
2026-08-16T21:11:07Z,2026-08-16T23:11:07+0200,bac882e5-42a3-48ea-b8e2-c8e889704767,2026-08-02T21:15:00Z,2026-08-02T23:15:00+0200,199.43,EUR/MWh,ES,ES,day_ahead_price,value,2026-08-16T21:17:48Z
2026-08-16T21:11:07Z,2026-08-16T23:11:07+0200,bac882e5-42a3-48ea-b8e2-c8e889704767,2026-08-02T21:30:00Z,2026-08-02T23:30:00+0200,198.29,EUR/MWh,ES,ES,day_ahead_price,value,2026-08-16T21:17:48Z
2026-08-16T21:11:07Z,2026-08-16T23:11:07+0200,bac882e5-42a3-48ea-b8e2-c8e889704767,2026-08-02T21:45:00Z,2026-08-02T23:45:00+0200,196.23,EUR/MWh,ES,ES,day_ahead_price,value,2026-08-16T21:17:48Z
2026-08-16T21:11:07Z,2026-08-16T23:11:07+0200,bac882e5-42a3-48ea-b8e2-c8e889704767,2026-08-02T22:00:00Z,2026-08-03T00:00:00+0200,182.92,EUR/MWh,ES,ES,day_ahead_price,value,2026-08-16T21:17:48Z
2026-08-16T21:11:07Z,2026-08-16T23:11:07+0200,bac882e5-42a3-48ea-b8e2-c8e889704767,2026-08-02T22:15:00Z,2026-08-03T00:15:00+0200,182.4,EUR/MWh,ES,ES,day_ahead_price,value,2026-08-16T21:17:48Z
2026-08-16T21:11:07Z,2026-08-16T23:11:07+0200,bac882e5-42a3-48ea-b8e2-c8e889704767,2026-08-02T22:30:00Z,2026-08-03T00:30:00+0200,181.92,EUR/MWh,ES,ES,day_ahead_price,value,2026-08-16T21:17:48Z
2026-08-16T21:11:07Z,2026-08-16T23:11:07+0200,bac882e5-42a3-48ea-b8e2-c8e889704767,2026-08-02T22:45:00Z,2026-08-03T00:45:00+0200,180.92,EUR/MWh,ES,ES,day_ahead_price,value,2026-08-16T21:17:48Z
2026-08-16T21:11:07Z,2026-08-16T23:11:07+0200,bac882e5-42a3-48ea-b8e2-c8e889704767,2026-08-02T23:00:00Z,2026-08-03T01:00:00+0200,179.92,EUR/MWh,ES,ES,day_ahead_price,value,2026-08-16T21:17:48Z
2026-08-16T21:11:07Z,2026-08-16T23:11:07+0200,bac882e5-42a3-48ea-b8e2-c8e889704767,2026-08-02T23:15:00Z,2026-08-03T01:15:00+0200,176.64,EUR/MWh,ES,ES,day_ahead_price,value,2026-08-16T21:17:48Z
2026-08-16T21:11:07Z,2026-08-16T23:11:07+0200,bac882e5-42a3-48ea-b8e2-c8e889704767,2026-08-02T23:30:00Z,2026-08-03T01:30:00+0200,178.23,EUR/MWh,ES,ES,day_ahead_price,value,2026-08-16T21:17:48Z
2026-08-16T21:11:07Z,2026-08-16T23:11:07+0200,bac882e5-42a3-48ea-b8e2-c8e889704767,2026-08-02T23:45:00Z,2026-08-03T01:45:00+0200,173.97,EUR/MWh,ES,ES,day_ahead_price,value,2026-08-16T21:17:48Z
2026-08-16T21:11:07Z,2026-08-16T23:11:07+0200,bac882e5-42a3-48ea-b8e2-c8e889704767,2026-08-03T00:00:00Z,2026-08-03T02:00:00+0200,173.97,EUR/MWh,ES,ES,day_ahead_price,value,2026-08-16T21:17:48Z
2026-08-16T21:11:07Z,2026-08-16T23:11:07+0200,bac882e5-42a3-48ea-b8e2-c8e889704767,2026-08-03T00:15:00Z,2026-08-03T02:15:00+0200,173.26,EUR/MWh,ES,ES,day_ahead_price,value,2026-08-16T21:17:48Z
2026-08-16T21:11:07Z,2026-08-16T23:11:07+0200,bac882e5-42a3-48ea-b8e2-c8e889704767,2026-08-03T00:30:00Z,2026-08-03T02:30:00+0200,173.85,EUR/MWh,ES,ES,day_ahead_price,value,2026-08-16T21:17:48Z
2026-08-16T21:11:07Z,2026-08-16T23:11:07+0200,bac882e5-42a3-48ea-b8e2-c8e889704767,2026-08-03T00:45:00Z,2026-08-03T02:45:00+0200,170.59,EUR/MWh,ES,ES,day_ahead_price,value,2026-08-16T21:17:48Z
2026-08-16T21:11:07Z,2026-08-16T23:11:07+0200,bac882e5-42a3-48ea-b8e2-c8e889704767,2026-08-03T01:00:00Z,2026-08-03T03:00:00+0200,165.99,EUR/MWh,ES,ES,day_ahead_price,value,2026-08-16T21:17:48Z
2026-08-16T21:11:07Z,2026-08-16T23:11:07+0200,bac882e5-42a3-48ea-b8e2-c8e889704767,2026-08-03T01:15:00Z,2026-08-03T03:15:00+0200,165.0,EUR/MWh,ES,ES,day_ahead_price,value,2026-08-16T21:17:48Z
2026-08-16T21:11:07Z,2026-08-16T23:11:07+0200,bac882e5-42a3-48ea-b8e2-c8e889704767,2026-08-03T01:30:00Z,2026-08-03T03:30:00+0200,165.0,EUR/MWh,ES,ES,day_ahead_price,value,2026-08-16T21:17:48Z
2026-08-16T21:11:07Z,2026-08-16T23:11:07+0200,bac882e5-42a3-48ea-b8e2-c8e889704767,2026-08-03T01:45:00Z,2026-08-03T03:45:00+0200,164.0,EUR/MWh,ES,ES,day_ahead_price,value,2026-08-16T21:17:48Z
2026-08-16T21:11:07Z,2026-08-16T23:11:07+0200,bac882e5-42a3-48ea-b8e2-c8e889704767,2026-08-03T02:00:00Z,2026-08-03T04:00:00+0200,162.24,EUR/MWh,ES,ES,day_ahead_price,value,2026-08-16T21:17:48Z
2026-08-16T21:11:07Z,2026-08-16T23:11:07+0200,bac882e5-42a3-48ea-b8e2-c8e889704767,2026-08-03T02:15:00Z,2026-08-03T04:15:00+0200,160.92,EUR/MWh,ES,ES,day_ahead_price,value,2026-08-16T21:17:48Z
2026-08-16T21:11:07Z,2026-08-16T23:11:07+0200,bac882e5-42a3-48ea-b8e2-c8e889704767,2026-08-03T02:30:00Z,2026-08-03T04:30:00+0200,164.0,EUR/MWh,ES,ES,day_ahead_price,value,2026-08-16T21:17:48Z
2026-08-16T21:11:07Z,2026-08-16T23:11:07+0200,bac882e5-42a3-48ea-b8e2-c8e889704767,2026-08-03T02:45:00Z,2026-08-03T04:45:00+0200,165.0,EUR/MWh,ES,ES,day_ahead_price,value,2026-08-16T21:17:48Z
2026-08-16T21:11:07Z,2026-08-16T23:11:07+0200,bac882e5-42a3-48ea-b8e2-c8e889704767,2026-08-03T03:00:00Z,2026-08-03T05:00:00+0200,166.1,EUR/MWh,ES,ES,day_ahead_price,value,2026-08-16T21:17:48Z
2026-08-16T21:11:07Z,2026-08-16T23:11:07+0200,bac882e5-42a3-48ea-b8e2-c8e889704767,2026-08-03T03:15:00Z,2026-08-03T05:15:00+0200,171.07,EUR/MWh,ES,ES,day_ahead_price,value,2026-08-16T21:17:48Z
2026-08-16T21:11:07Z,2026-08-16T23:11:07+0200,bac882e5-42a3-48ea-b8e2-c8e889704767,2026-08-03T03:30:00Z,2026-08-03T05:30:00+0200,173.85,EUR/MWh,ES,ES,day_ahead_price,value,2026-08-16T21:17:48Z
2026-08-16T21:11:07Z,2026-08-16T23:11:07+0200,bac882e5-42a3-48ea-b8e2-c8e889704767,2026-08-03T03:45:00Z,2026-08-03T05:45:00+0200,179.87,EUR/MWh,ES,ES,day_ahead_price,value,2026-08-16T21:17:48Z
2026-08-16T21:11:07Z,2026-08-16T23:11:07+0200,bac882e5-42a3-48ea-b8e2-c8e889704767,2026-08-03T04:00:00Z,2026-08-03T06:00:00+0200,181.92,EUR/MWh,ES,ES,day_ahead_price,value,2026-08-16T21:17:48Z
2026-08-16T21:11:07Z,2026-08-16T23:11:07+0200,bac882e5-42a3-48ea-b8e2-c8e889704767,2026-08-03T04:15:00Z,2026-08-03T06:15:00+0200,182.88,EUR/MWh,ES,ES,day_ahead_price,value,2026-08-16T21:17:48Z
2026-08-16T21:11:07Z,2026-08-16T23:11:07+0200,bac882e5-42a3-48ea-b8e2-c8e889704767,2026-08-03T04:30:00Z,2026-08-03T06:30:00+0200,183.36,EUR/MWh,ES,ES,day_ahead_price,value,2026-08-16T21:17:48Z
2026-08-16T21:11:07Z,2026-08-16T23:11:07+0200,bac882e5-42a3-48ea-b8e2-c8e889704767,2026-08-03T04:45:00Z,2026-08-03T06:45:00+0200,183.42,EUR/MWh,ES,ES,day_ahead_price,value,2026-08-16T21:17:48Z
2026-08-16T21:11:07Z,2026-08-16T23:11:07+0200,bac882e5-42a3-48ea-b8e2-c8e889704767,2026-08-03T05:00:00Z,2026-08-03T07:00:00+0200,183.6,EUR/MWh,ES,ES,day_ahead_price,value,2026-08-16T21:17:48Z
2026-08-16T21:11:07Z,2026-08-16T23:11:07+0200,bac882e5-42a3-48ea-b8e2-c8e889704767,2026-08-03T05:15:00Z,2026-08-03T07:15:00+0200,185.3,EUR/MWh,ES,ES,day_ahead_price,value,2026-08-16T21:17:48Z
2026-08-16T21:11:07Z,2026-08-16T23:11:07+0200,bac882e5-42a3-48ea-b8e2-c8e889704767,2026-08-03T05:30:00Z,2026-08-03T07:30:00+0200,185.3,EUR/MWh,ES,ES,day_ahead_price,value,2026-08-16T21:17:48Z
2026-08-16T21:11:07Z,2026-08-16T23:11:07+0200,bac882e5-42a3-48ea-b8e2-c8e889704767,2026-08-03T05:45:00Z,2026-08-03T07:45:00+0200,183.6,EUR/MWh,ES,ES,day_ahead_price,value,2026-08-16T21:17:48Z
2026-08-16T21:11:07Z,2026-08-16T23:11:07+0200,bac882e5-42a3-48ea-b8e2-c8e889704767,2026-08-03T06:00:00Z,2026-08-03T08:00:00+0200,183.42,EUR/MWh,ES,ES,day_ahead_price,value,2026-08-16T21:17:48Z
2026-08-16T21:11:07Z,2026-08-16T23:11:07+0200,bac882e5-42a3-48ea-b8e2-c8e889704767,2026-08-03T06:15:00Z,2026-08-03T08:15:00+0200,182.88,EUR/MWh,ES,ES,day_ahead_price,value,2026-08-16T21:17:48Z
2026-08-16T21:11:07Z,2026-08-16T23:11:07+0200,bac882e5-42a3-48ea-b8e2-c8e889704767,2026-08-03T06:30:00Z,2026-08-03T08:30:00+0200,178.23,EUR/MWh,ES,ES,day_ahead_price,value,2026-08-16T21:17:48Z
2026-08-16T21:11:07Z,2026-08-16T23:11:07+0200,bac882e5-42a3-48ea-b8e2-c8e889704767,2026-08-03T06:45:00Z,2026-08-03T08:45:00+0200,158.63,EUR/MWh,ES,ES,day_ahead_price,value,2026-08-16T21:17:48Z
2026-08-16T21:11:07Z,2026-08-16T23:11:07+0200,bac882e5-42a3-48ea-b8e2-c8e889704767,2026-08-03T07:00:00Z,2026-08-03T09:00:00+0200,171.66,EUR/MWh,ES,ES,day_ahead_price,value,2026-08-16T21:17:48Z
2026-08-16T21:11:07Z,2026-08-16T23:11:07+0200,bac882e5-42a3-48ea-b8e2-c8e889704767,2026-08-03T07:15:00Z,2026-08-03T09:15:00+0200,171.66,EUR/MWh,ES,ES,day_ahead_price,value,2026-08-16T21:17:48Z
2026-08-16T21:11:07Z,2026-08-16T23:11:07+0200,bac882e5-42a3-48ea-b8e2-c8e889704767,2026-08-03T07:30:00Z,2026-08-03T09:30:00+0200,179.92,EUR/MWh,ES,ES,day_ahead_price,value,2026-08-16T21:17:48Z
2026-08-16T21:11:07Z,2026-08-16T23:11:07+0200,bac882e5-42a3-48ea-b8e2-c8e889704767,2026-08-03T07:45:00Z,2026-08-03T09:45:00+0200,169.34,EUR/MWh,ES,ES,day_ahead_price,value,2026-08-16T21:17:48Z
2026-08-16T21:11:07Z,2026-08-16T23:11:07+0200,bac882e5-42a3-48ea-b8e2-c8e889704767,2026-08-03T08:00:00Z,2026-08-03T10:00:00+0200,173.85,EUR/MWh,ES,ES,day_ahead_price,value,2026-08-16T21:17:48Z
2026-08-16T21:11:07Z,2026-08-16T23:11:07+0200,bac882e5-42a3-48ea-b8e2-c8e889704767,2026-08-03T08:15:00Z,2026-08-03T10:15:00+0200,155.32,EUR/MWh,ES,ES,day_ahead_price,value,2026-08-16T21:17:48Z
2026-08-16T21:11:07Z,2026-08-16T23:11:07+0200,bac882e5-42a3-48ea-b8e2-c8e889704767,2026-08-03T08:30:00Z,2026-08-03T10:30:00+0200,140.0,EUR/MWh,ES,ES,day_ahead_price,value,2026-08-16T21:17:48Z
2026-08-16T21:11:07Z,2026-08-16T23:11:07+0200,bac882e5-42a3-48ea-b8e2-c8e889704767,2026-08-03T08:45:00Z,2026-08-03T10:45:00+0200,131.99,EUR/MWh,ES,ES,day_ahead_price,value,2026-08-16T21:17:48Z
2026-08-16T21:11:07Z,2026-08-16T23:11:07+0200,bac882e5-42a3-48ea-b8e2-c8e889704767,2026-08-03T09:00:00Z,2026-08-03T11:00:00+0200,115.4,EUR/MWh,ES,ES,day_ahead_price,value,2026-08-16T21:17:48Z
2026-08-16T21:11:07Z,2026-08-16T23:11:07+0200,bac882e5-42a3-48ea-b8e2-c8e889704767,2026-08-03T09:15:00Z,2026-08-03T11:15:00+0200,114.75,EUR/MWh,ES,ES,day_ahead_price,value,2026-08-16T21:17:48Z
2026-08-16T21:11:07Z,2026-08-16T23:11:07+0200,bac882e5-42a3-48ea-b8e2-c8e889704767,2026-08-03T09:30:00Z,2026-08-03T11:30:00+0200,99.88,EUR/MWh,ES,ES,day_ahead_price,value,2026-08-16T21:17:48Z
2026-08-16T21:11:07Z,2026-08-16T23:11:07+0200,bac882e5-42a3-48ea-b8e2-c8e889704767,2026-08-03T09:45:00Z,2026-08-03T11:45:00+0200,98.19,EUR/MWh,ES,ES,day_ahead_price,value,2026-08-16T21:17:48Z
2026-08-16T21:11:07Z,2026-08-16T23:11:07+0200,bac882e5-42a3-48ea-b8e2-c8e889704767,2026-08-03T10:00:00Z,2026-08-03T12:00:00+0200,98.19,EUR/MWh,ES,ES,day_ahead_price,value,2026-08-16T21:17:48Z
2026-08-16T21:11:07Z,2026-08-16T23:11:07+0200,bac882e5-42a3-48ea-b8e2-c8e889704767,2026-08-03T10:15:00Z,2026-08-03T12:15:00+0200,95.4,EUR/MWh,ES,ES,day_ahead_price,value,2026-08-16T21:17:48Z
2026-08-16T21:11:07Z,2026-08-16T23:11:07+0200,bac882e5-42a3-48ea-b8e2-c8e889704767,2026-08-03T10:30:00Z,2026-08-03T12:30:00+0200,90.0,EUR/MWh,ES,ES,day_ahead_price,value,2026-08-16T21:17:48Z
2026-08-16T21:11:07Z,2026-08-16T23:11:07+0200,bac882e5-42a3-48ea-b8e2-c8e889704767,2026-08-03T10:45:00Z,2026-08-03T12:45:00+0200,89.2,EUR/MWh,ES,ES,day_ahead_price,value,2026-08-16T21:17:48Z
2026-08-16T21:11:07Z,2026-08-16T23:11:07+0200,bac882e5-42a3-48ea-b8e2-c8e889704767,2026-08-03T11:00:00Z,2026-08-03T13:00:00+0200,85.2,EUR/MWh,ES,ES,day_ahead_price,value,2026-08-16T21:17:48Z
2026-08-16T21:11:07Z,2026-08-16T23:11:07+0200,bac882e5-42a3-48ea-b8e2-c8e889704767,2026-08-03T11:15:00Z,2026-08-03T13:15:00+0200,84.25,EUR/MWh,ES,ES,day_ahead_price,value,2026-08-16T21:17:48Z
2026-08-16T21:11:07Z,2026-08-16T23:11:07+0200,bac882e5-42a3-48ea-b8e2-c8e889704767,2026-08-03T11:30:00Z,2026-08-03T13:30:00+0200,83.55,EUR/MWh,ES,ES,day_ahead_price,value,2026-08-16T21:17:48Z
2026-08-16T21:11:07Z,2026-08-16T23:11:07+0200,bac882e5-42a3-48ea-b8e2-c8e889704767,2026-08-03T11:45:00Z,2026-08-03T13:45:00+0200,81.8,EUR/MWh,ES,ES,day_ahead_price,value,2026-08-16T21:17:48Z
2026-08-16T21:11:07Z,2026-08-16T23:11:07+0200,bac882e5-42a3-48ea-b8e2-c8e889704767,2026-08-03T12:00:00Z,2026-08-03T14:00:00+0200,82.25,EUR/MWh,ES,ES,day_ahead_price,value,2026-08-16T21:17:48Z
2026-08-16T21:11:07Z,2026-08-16T23:11:07+0200,bac882e5-42a3-48ea-b8e2-c8e889704767,2026-08-03T12:15:00Z,2026-08-03T14:15:00+0200,81.8,EUR/MWh,ES,ES,day_ahead_price,value,2026-08-16T21:17:48Z
2026-08-16T21:11:07Z,2026-08-16T23:11:07+0200,bac882e5-42a3-48ea-b8e2-c8e889704767,2026-08-03T12:30:00Z,2026-08-03T14:30:00+0200,81.35,EUR/MWh,ES,ES,day_ahead_price,value,2026-08-16T21:17:48Z
2026-08-16T21:11:07Z,2026-08-16T23:11:07+0200,bac882e5-42a3-48ea-b8e2-c8e889704767,2026-08-03T12:45:00Z,2026-08-03T14:45:00+0200,75.0,EUR/MWh,ES,ES,day_ahead_price,value,2026-08-16T21:17:48Z
2026-08-16T21:11:07Z,2026-08-16T23:11:07+0200,bac882e5-42a3-48ea-b8e2-c8e889704767,2026-08-03T13:00:00Z,2026-08-03T15:00:00+0200,80.2,EUR/MWh,ES,ES,day_ahead_price,value,2026-08-16T21:17:48Z
2026-08-16T21:11:07Z,2026-08-16T23:11:07+0200,bac882e5-42a3-48ea-b8e2-c8e889704767,2026-08-03T13:15:00Z,2026-08-03T15:15:00+0200,80.04,EUR/MWh,ES,ES,day_ahead_price,value,2026-08-16T21:17:48Z
2026-08-16T21:11:07Z,2026-08-16T23:11:07+0200,bac882e5-42a3-48ea-b8e2-c8e889704767,2026-08-03T13:30:00Z,2026-08-03T15:30:00+0200,82.4,EUR/MWh,ES,ES,day_ahead_price,value,2026-08-16T21:17:48Z
2026-08-16T21:11:07Z,2026-08-16T23:11:07+0200,bac882e5-42a3-48ea-b8e2-c8e889704767,2026-08-03T13:45:00Z,2026-08-03T15:45:00+0200,85.2,EUR/MWh,ES,ES,day_ahead_price,value,2026-08-16T21:17:48Z
2026-08-16T21:11:07Z,2026-08-16T23:11:07+0200,bac882e5-42a3-48ea-b8e2-c8e889704767,2026-08-03T14:00:00Z,2026-08-03T16:00:00+0200,88.22,EUR/MWh,ES,ES,day_ahead_price,value,2026-08-16T21:17:48Z
2026-08-16T21:11:07Z,2026-08-16T23:11:07+0200,bac882e5-42a3-48ea-b8e2-c8e889704767,2026-08-03T14:15:00Z,2026-08-03T16:15:00+0200,96.86,EUR/MWh,ES,ES,day_ahead_price,value,2026-08-16T21:17:48Z
2026-08-16T21:11:07Z,2026-08-16T23:11:07+0200,bac882e5-42a3-48ea-b8e2-c8e889704767,2026-08-03T14:30:00Z,2026-08-03T16:30:00+0200,98.19,EUR/MWh,ES,ES,day_ahead_price,value,2026-08-16T21:17:48Z
2026-08-16T21:11:07Z,2026-08-16T23:11:07+0200,bac882e5-42a3-48ea-b8e2-c8e889704767,2026-08-03T14:45:00Z,2026-08-03T16:45:00+0200,98.4,EUR/MWh,ES,ES,day_ahead_price,value,2026-08-16T21:17:48Z
2026-08-16T21:11:07Z,2026-08-16T23:11:07+0200,bac882e5-42a3-48ea-b8e2-c8e889704767,2026-08-03T15:00:00Z,2026-08-03T17:00:00+0200,100.0,EUR/MWh,ES,ES,day_ahead_price,value,2026-08-16T21:17:48Z
2026-08-16T21:11:07Z,2026-08-16T23:11:07+0200,bac882e5-42a3-48ea-b8e2-c8e889704767,2026-08-03T15:15:00Z,2026-08-03T17:15:00+0200,110.3,EUR/MWh,ES,ES,day_ahead_price,value,2026-08-16T21:17:48Z
2026-08-16T21:11:07Z,2026-08-16T23:11:07+0200,bac882e5-42a3-48ea-b8e2-c8e889704767,2026-08-03T15:30:00Z,2026-08-03T17:30:00+0200,115.01,EUR/MWh,ES,ES,day_ahead_price,value,2026-08-16T21:17:48Z
2026-08-16T21:11:07Z,2026-08-16T23:11:07+0200,bac882e5-42a3-48ea-b8e2-c8e889704767,2026-08-03T15:45:00Z,2026-08-03T17:45:00+0200,115.4,EUR/MWh,ES,ES,day_ahead_price,value,2026-08-16T21:17:48Z
2026-08-16T21:11:07Z,2026-08-16T23:11:07+0200,bac882e5-42a3-48ea-b8e2-c8e889704767,2026-08-03T16:00:00Z,2026-08-03T18:00:00+0200,115.27,EUR/MWh,ES,ES,day_ahead_price,value,2026-08-16T21:17:48Z
2026-08-16T21:11:07Z,2026-08-16T23:11:07+0200,bac882e5-42a3-48ea-b8e2-c8e889704767,2026-08-03T16:15:00Z,2026-08-03T18:15:00+0200,135.0,EUR/MWh,ES,ES,day_ahead_price,value,2026-08-16T21:17:48Z
2026-08-16T21:11:07Z,2026-08-16T23:11:07+0200,bac882e5-42a3-48ea-b8e2-c8e889704767,2026-08-03T16:30:00Z,2026-08-03T18:30:00+0200,145.0,EUR/MWh,ES,ES,day_ahead_price,value,2026-08-16T21:17:48Z
2026-08-16T21:11:07Z,2026-08-16T23:11:07+0200,bac882e5-42a3-48ea-b8e2-c8e889704767,2026-08-03T16:45:00Z,2026-08-03T18:45:00+0200,156.52,EUR/MWh,ES,ES,day_ahead_price,value,2026-08-16T21:17:48Z
2026-08-16T21:11:07Z,2026-08-16T23:11:07+0200,bac882e5-42a3-48ea-b8e2-c8e889704767,2026-08-03T17:00:00Z,2026-08-03T19:00:00+0200,139.45,EUR/MWh,ES,ES,day_ahead_price,value,2026-08-16T21:17:48Z
2026-08-16T21:11:07Z,2026-08-16T23:11:07+0200,bac882e5-42a3-48ea-b8e2-c8e889704767,2026-08-03T17:15:00Z,2026-08-03T19:15:00+0200,170.0,EUR/MWh,ES,ES,day_ahead_price,value,2026-08-16T21:17:48Z
2026-08-16T21:11:07Z,2026-08-16T23:11:07+0200,bac882e5-42a3-48ea-b8e2-c8e889704767,2026-08-03T17:30:00Z,2026-08-03T19:30:00+0200,182.4,EUR/MWh,ES,ES,day_ahead_price,value,2026-08-16T21:17:48Z
2026-08-16T21:11:07Z,2026-08-16T23:11:07+0200,bac882e5-42a3-48ea-b8e2-c8e889704767,2026-08-03T17:45:00Z,2026-08-03T19:45:00+0200,183.12,EUR/MWh,ES,ES,day_ahead_price,value,2026-08-16T21:17:48Z
2026-08-16T21:11:07Z,2026-08-16T23:11:07+0200,bac882e5-42a3-48ea-b8e2-c8e889704767,2026-08-03T18:00:00Z,2026-08-03T20:00:00+0200,173.15,EUR/MWh,ES,ES,day_ahead_price,value,2026-08-16T21:17:48Z
2026-08-16T21:11:07Z,2026-08-16T23:11:07+0200,bac882e5-42a3-48ea-b8e2-c8e889704767,2026-08-03T18:15:00Z,2026-08-03T20:15:00+0200,183.36,EUR/MWh,ES,ES,day_ahead_price,value,2026-08-16T21:17:48Z
2026-08-16T21:11:07Z,2026-08-16T23:11:07+0200,bac882e5-42a3-48ea-b8e2-c8e889704767,2026-08-03T18:30:00Z,2026-08-03T20:30:00+0200,190.6,EUR/MWh,ES,ES,day_ahead_price,value,2026-08-16T21:17:48Z
2026-08-16T21:11:07Z,2026-08-16T23:11:07+0200,bac882e5-42a3-48ea-b8e2-c8e889704767,2026-08-03T18:45:00Z,2026-08-03T20:45:00+0200,201.97,EUR/MWh,ES,ES,day_ahead_price,value,2026-08-16T21:17:48Z
2026-08-16T21:11:07Z,2026-08-16T23:11:07+0200,bac882e5-42a3-48ea-b8e2-c8e889704767,2026-08-03T19:00:00Z,2026-08-03T21:00:00+0200,201.97,EUR/MWh,ES,ES,day_ahead_price,value,2026-08-16T21:17:48Z
2026-08-16T21:11:07Z,2026-08-16T23:11:07+0200,bac882e5-42a3-48ea-b8e2-c8e889704767,2026-08-03T19:15:00Z,2026-08-03T21:15:00+0200,212.3,EUR/MWh,ES,ES,day_ahead_price,value,2026-08-16T21:17:48Z
2026-08-16T21:11:07Z,2026-08-16T23:11:07+0200,bac882e5-42a3-48ea-b8e2-c8e889704767,2026-08-03T19:30:00Z,2026-08-03T21:30:00+0200,222.69,EUR/MWh,ES,ES,day_ahead_price,value,2026-08-16T21:17:48Z
2026-08-16T21:11:07Z,2026-08-16T23:11:07+0200,bac882e5-42a3-48ea-b8e2-c8e889704767,2026-08-03T19:45:00Z,2026-08-03T21:45:00+0200,215.77,EUR/MWh,ES,ES,day_ahead_price,value,2026-08-16T21:17:48Z
2026-08-16T21:11:07Z,2026-08-16T23:11:07+0200,bac882e5-42a3-48ea-b8e2-c8e889704767,2026-08-03T20:00:00Z,2026-08-03T22:00:00+0200,203.01,EUR/MWh,ES,ES,day_ahead_price,value,2026-08-16T21:17:48Z
2026-08-16T21:11:07Z,2026-08-16T23:11:07+0200,bac882e5-42a3-48ea-b8e2-c8e889704767,2026-08-03T20:15:00Z,2026-08-03T22:15:00+0200,201.01,EUR/MWh,ES,ES,day_ahead_price,value,2026-08-16T21:17:48Z
2026-08-16T21:11:07Z,2026-08-16T23:11:07+0200,bac882e5-42a3-48ea-b8e2-c8e889704767,2026-08-03T20:30:00Z,2026-08-03T22:30:00+0200,196.42,EUR/MWh,ES,ES,day_ahead_price,value,2026-08-16T21:17:48Z
2026-08-16T21:11:07Z,2026-08-16T23:11:07+0200,bac882e5-42a3-48ea-b8e2-c8e889704767,2026-08-03T20:45:00Z,2026-08-03T22:45:00+0200,190.0,EUR/MWh,ES,ES,day_ahead_price,value,2026-08-16T21:17:48Z
2026-08-16T21:11:07Z,2026-08-16T23:11:07+0200,bac882e5-42a3-48ea-b8e2-c8e889704767,2026-08-03T21:00:00Z,2026-08-03T23:00:00+0200,194.42,EUR/MWh,ES,ES,day_ahead_price,value,2026-08-16T21:17:48Z
2026-08-16T21:11:07Z,2026-08-16T23:11:07+0200,bac882e5-42a3-48ea-b8e2-c8e889704767,2026-08-03T21:15:00Z,2026-08-03T23:15:00+0200,190.0,EUR/MWh,ES,ES,day_ahead_price,value,2026-08-16T21:17:48Z
2026-08-16T21:11:07Z,2026-08-16T23:11:07+0200,bac882e5-42a3-48ea-b8e2-c8e889704767,2026-08-03T21:30:00Z,2026-08-03T23:30:00+0200,187.05,EUR/MWh,ES,ES,day_ahead_price,value,2026-08-16T21:17:48Z
2026-08-16T21:11:07Z,2026-08-16T23:11:07+0200,bac882e5-42a3-48ea-b8e2-c8e889704767,2026-08-03T21:45:00Z,2026-08-03T23:45:00+0200,184.4,EUR/MWh,ES,ES,day_ahead_price,value,2026-08-16T21:17:48Z
2026-08-16T21:11:07Z,2026-08-16T23:11:07+0200,bac882e5-42a3-48ea-b8e2-c8e889704767,2026-08-03T22:00:00Z,2026-08-04T00:00:00+0200,185.71,EUR/MWh,ES,ES,day_ahead_price,value,2026-08-16T21:17:48Z
2026-08-16T21:11:07Z,2026-08-16T23:11:07+0200,bac882e5-42a3-48ea-b8e2-c8e889704767,2026-08-03T22:15:00Z,2026-08-04T00:15:00+0200,185.21,EUR/MWh,ES,ES,day_ahead_price,value,2026-08-16T21:17:48Z
2026-08-16T21:11:07Z,2026-08-16T23:11:07+0200,bac882e5-42a3-48ea-b8e2-c8e889704767,2026-08-03T22:30:00Z,2026-08-04T00:30:00+0200,184.47,EUR/MWh,ES,ES,day_ahead_price,value,2026-08-16T21:17:48Z
2026-08-16T21:11:07Z,2026-08-16T23:11:07+0200,bac882e5-42a3-48ea-b8e2-c8e889704767,2026-08-03T22:45:00Z,2026-08-04T00:45:00+0200,183.67,EUR/MWh,ES,ES,day_ahead_price,value,2026-08-16T21:17:48Z
2026-08-16T21:11:07Z,2026-08-16T23:11:07+0200,bac882e5-42a3-48ea-b8e2-c8e889704767,2026-08-03T23:00:00Z,2026-08-04T01:00:00+0200,183.67,EUR/MWh,ES,ES,day_ahead_price,value,2026-08-16T21:17:48Z
2026-08-16T21:11:07Z,2026-08-16T23:11:07+0200,bac882e5-42a3-48ea-b8e2-c8e889704767,2026-08-03T23:15:00Z,2026-08-04T01:15:00+0200,183.21,EUR/MWh,ES,ES,day_ahead_price,value,2026-08-16T21:17:48Z
2026-08-16T21:11:07Z,2026-08-16T23:11:07+0200,bac882e5-42a3-48ea-b8e2-c8e889704767,2026-08-03T23:30:00Z,2026-08-04T01:30:00+0200,182.95,EUR/MWh,ES,ES,day_ahead_price,value,2026-08-16T21:17:48Z
2026-08-16T21:11:07Z,2026-08-16T23:11:07+0200,bac882e5-42a3-48ea-b8e2-c8e889704767,2026-08-03T23:45:00Z,2026-08-04T01:45:00+0200,182.47,EUR/MWh,ES,ES,day_ahead_price,value,2026-08-16T21:17:48Z
2026-08-16T21:11:07Z,2026-08-16T23:11:07+0200,bac882e5-42a3-48ea-b8e2-c8e889704767,2026-08-04T00:00:00Z,2026-08-04T02:00:00+0200,182.21,EUR/MWh,ES,ES,day_ahead_price,value,2026-08-16T21:17:48Z
2026-08-16T21:11:07Z,2026-08-16T23:11:07+0200,bac882e5-42a3-48ea-b8e2-c8e889704767,2026-08-04T00:15:00Z,2026-08-04T02:15:00+0200,179.87,EUR/MWh,ES,ES,day_ahead_price,value,2026-08-16T21:17:48Z
2026-08-16T21:11:07Z,2026-08-16T23:11:07+0200,bac882e5-42a3-48ea-b8e2-c8e889704767,2026-08-04T00:30:00Z,2026-08-04T02:30:00+0200,180.01,EUR/MWh,ES,ES,day_ahead_price,value,2026-08-16T21:17:48Z
2026-08-16T21:11:07Z,2026-08-16T23:11:07+0200,bac882e5-42a3-48ea-b8e2-c8e889704767,2026-08-04T00:45:00Z,2026-08-04T02:45:00+0200,179.87,EUR/MWh,ES,ES,day_ahead_price,value,2026-08-16T21:17:48Z
2026-08-16T21:11:07Z,2026-08-16T23:11:07+0200,bac882e5-42a3-48ea-b8e2-c8e889704767,2026-08-04T01:00:00Z,2026-08-04T03:00:00+0200,170.0,EUR/MWh,ES,ES,day_ahead_price,value,2026-08-16T21:17:48Z
2026-08-16T21:11:07Z,2026-08-16T23:11:07+0200,bac882e5-42a3-48ea-b8e2-c8e889704767,2026-08-04T01:15:00Z,2026-08-04T03:15:00+0200,166.38,EUR/MWh,ES,ES,day_ahead_price,value,2026-08-16T21:17:48Z
2026-08-16T21:11:07Z,2026-08-16T23:11:07+0200,bac882e5-42a3-48ea-b8e2-c8e889704767,2026-08-04T01:30:00Z,2026-08-04T03:30:00+0200,165.3,EUR/MWh,ES,ES,day_ahead_price,value,2026-08-16T21:17:48Z
2026-08-16T21:11:07Z,2026-08-16T23:11:07+0200,bac882e5-42a3-48ea-b8e2-c8e889704767,2026-08-04T01:45:00Z,2026-08-04T03:45:00+0200,164.99,EUR/MWh,ES,ES,day_ahead_price,value,2026-08-16T21:17:48Z
2026-08-16T21:11:07Z,2026-08-16T23:11:07+0200,bac882e5-42a3-48ea-b8e2-c8e889704767,2026-08-04T02:00:00Z,2026-08-04T04:00:00+0200,165.3,EUR/MWh,ES,ES,day_ahead_price,value,2026-08-16T21:17:48Z
2026-08-16T21:11:07Z,2026-08-16T23:11:07+0200,bac882e5-42a3-48ea-b8e2-c8e889704767,2026-08-04T02:15:00Z,2026-08-04T04:15:00+0200,164.95,EUR/MWh,ES,ES,day_ahead_price,value,2026-08-16T21:17:48Z
2026-08-16T21:11:07Z,2026-08-16T23:11:07+0200,bac882e5-42a3-48ea-b8e2-c8e889704767,2026-08-04T02:30:00Z,2026-08-04T04:30:00+0200,165.0,EUR/MWh,ES,ES,day_ahead_price,value,2026-08-16T21:17:48Z
2026-08-16T21:11:07Z,2026-08-16T23:11:07+0200,bac882e5-42a3-48ea-b8e2-c8e889704767,2026-08-04T02:45:00Z,2026-08-04T04:45:00+0200,165.3,EUR/MWh,ES,ES,day_ahead_price,value,2026-08-16T21:17:48Z
2026-08-16T21:11:07Z,2026-08-16T23:11:07+0200,bac882e5-42a3-48ea-b8e2-c8e889704767,2026-08-04T03:00:00Z,2026-08-04T05:00:00+0200,164.68,EUR/MWh,ES,ES,day_ahead_price,value,2026-08-16T21:17:48Z
2026-08-16T21:11:07Z,2026-08-16T23:11:07+0200,bac882e5-42a3-48ea-b8e2-c8e889704767,2026-08-04T03:15:00Z,2026-08-04T05:15:00+0200,171.07,EUR/MWh,ES,ES,day_ahead_price,value,2026-08-16T21:17:48Z
2026-08-16T21:11:07Z,2026-08-16T23:11:07+0200,bac882e5-42a3-48ea-b8e2-c8e889704767,2026-08-04T03:30:00Z,2026-08-04T05:30:00+0200,174.02,EUR/MWh,ES,ES,day_ahead_price,value,2026-08-16T21:17:48Z
2026-08-16T21:11:07Z,2026-08-16T23:11:07+0200,bac882e5-42a3-48ea-b8e2-c8e889704767,2026-08-04T03:45:00Z,2026-08-04T05:45:00+0200,180.01,EUR/MWh,ES,ES,day_ahead_price,value,2026-08-16T21:17:48Z
2026-08-16T21:11:07Z,2026-08-16T23:11:07+0200,bac882e5-42a3-48ea-b8e2-c8e889704767,2026-08-04T04:00:00Z,2026-08-04T06:00:00+0200,182.47,EUR/MWh,ES,ES,day_ahead_price,value,2026-08-16T21:17:48Z
2026-08-16T21:11:07Z,2026-08-16T23:11:07+0200,bac882e5-42a3-48ea-b8e2-c8e889704767,2026-08-04T04:15:00Z,2026-08-04T06:15:00+0200,182.71,EUR/MWh,ES,ES,day_ahead_price,value,2026-08-16T21:17:48Z
2026-08-16T21:11:07Z,2026-08-16T23:11:07+0200,bac882e5-42a3-48ea-b8e2-c8e889704767,2026-08-04T04:30:00Z,2026-08-04T06:30:00+0200,183.43,EUR/MWh,ES,ES,day_ahead_price,value,2026-08-16T21:17:48Z
2026-08-16T21:11:07Z,2026-08-16T23:11:07+0200,bac882e5-42a3-48ea-b8e2-c8e889704767,2026-08-04T04:45:00Z,2026-08-04T06:45:00+0200,184.21,EUR/MWh,ES,ES,day_ahead_price,value,2026-08-16T21:17:48Z
2026-08-16T21:11:07Z,2026-08-16T23:11:07+0200,bac882e5-42a3-48ea-b8e2-c8e889704767,2026-08-04T05:00:00Z,2026-08-04T07:00:00+0200,185.21,EUR/MWh,ES,ES,day_ahead_price,value,2026-08-16T21:17:48Z
2026-08-16T21:11:07Z,2026-08-16T23:11:07+0200,bac882e5-42a3-48ea-b8e2-c8e889704767,2026-08-04T05:15:00Z,2026-08-04T07:15:00+0200,185.71,EUR/MWh,ES,ES,day_ahead_price,value,2026-08-16T21:17:48Z
2026-08-16T21:11:07Z,2026-08-16T23:11:07+0200,bac882e5-42a3-48ea-b8e2-c8e889704767,2026-08-04T05:30:00Z,2026-08-04T07:30:00+0200,185.29,EUR/MWh,ES,ES,day_ahead_price,value,2026-08-16T21:17:48Z
2026-08-16T21:11:07Z,2026-08-16T23:11:07+0200,bac882e5-42a3-48ea-b8e2-c8e889704767,2026-08-04T05:45:00Z,2026-08-04T07:45:00+0200,183.21,EUR/MWh,ES,ES,day_ahead_price,value,2026-08-16T21:17:48Z
2026-08-16T21:11:07Z,2026-08-16T23:11:07+0200,bac882e5-42a3-48ea-b8e2-c8e889704767,2026-08-04T06:00:00Z,2026-08-04T08:00:00+0200,184.21,EUR/MWh,ES,ES,day_ahead_price,value,2026-08-16T21:17:48Z
2026-08-16T21:11:07Z,2026-08-16T23:11:07+0200,bac882e5-42a3-48ea-b8e2-c8e889704767,2026-08-04T06:15:00Z,2026-08-04T08:15:00+0200,183.21,EUR/MWh,ES,ES,day_ahead_price,value,2026-08-16T21:17:48Z
2026-08-16T21:11:07Z,2026-08-16T23:11:07+0200,bac882e5-42a3-48ea-b8e2-c8e889704767,2026-08-04T06:30:00Z,2026-08-04T08:30:00+0200,179.51,EUR/MWh,ES,ES,day_ahead_price,value,2026-08-16T21:17:48Z
2026-08-16T21:11:07Z,2026-08-16T23:11:07+0200,bac882e5-42a3-48ea-b8e2-c8e889704767,2026-08-04T06:45:00Z,2026-08-04T08:45:00+0200,152.47,EUR/MWh,ES,ES,day_ahead_price,value,2026-08-16T21:17:48Z
2026-08-16T21:11:07Z,2026-08-16T23:11:07+0200,bac882e5-42a3-48ea-b8e2-c8e889704767,2026-08-04T07:00:00Z,2026-08-04T09:00:00+0200,174.24,EUR/MWh,ES,ES,day_ahead_price,value,2026-08-16T21:17:48Z
2026-08-16T21:11:07Z,2026-08-16T23:11:07+0200,bac882e5-42a3-48ea-b8e2-c8e889704767,2026-08-04T07:15:00Z,2026-08-04T09:15:00+0200,156.6,EUR/MWh,ES,ES,day_ahead_price,value,2026-08-16T21:17:48Z
2026-08-16T21:11:07Z,2026-08-16T23:11:07+0200,bac882e5-42a3-48ea-b8e2-c8e889704767,2026-08-04T07:30:00Z,2026-08-04T09:30:00+0200,134.08,EUR/MWh,ES,ES,day_ahead_price,value,2026-08-16T21:17:48Z
2026-08-16T21:11:07Z,2026-08-16T23:11:07+0200,bac882e5-42a3-48ea-b8e2-c8e889704767,2026-08-04T07:45:00Z,2026-08-04T09:45:00+0200,121.23,EUR/MWh,ES,ES,day_ahead_price,value,2026-08-16T21:17:48Z
2026-08-16T21:11:07Z,2026-08-16T23:11:07+0200,bac882e5-42a3-48ea-b8e2-c8e889704767,2026-08-04T08:00:00Z,2026-08-04T10:00:00+0200,130.1,EUR/MWh,ES,ES,day_ahead_price,value,2026-08-16T21:17:48Z
2026-08-16T21:11:07Z,2026-08-16T23:11:07+0200,bac882e5-42a3-48ea-b8e2-c8e889704767,2026-08-04T08:15:00Z,2026-08-04T10:15:00+0200,113.73,EUR/MWh,ES,ES,day_ahead_price,value,2026-08-16T21:17:48Z
2026-08-16T21:11:07Z,2026-08-16T23:11:07+0200,bac882e5-42a3-48ea-b8e2-c8e889704767,2026-08-04T08:30:00Z,2026-08-04T10:30:00+0200,98.26,EUR/MWh,ES,ES,day_ahead_price,value,2026-08-16T21:17:48Z
2026-08-16T21:11:07Z,2026-08-16T23:11:07+0200,bac882e5-42a3-48ea-b8e2-c8e889704767,2026-08-04T08:45:00Z,2026-08-04T10:45:00+0200,87.14,EUR/MWh,ES,ES,day_ahead_price,value,2026-08-16T21:17:48Z
2026-08-16T21:11:07Z,2026-08-16T23:11:07+0200,bac882e5-42a3-48ea-b8e2-c8e889704767,2026-08-04T09:00:00Z,2026-08-04T11:00:00+0200,98.26,EUR/MWh,ES,ES,day_ahead_price,value,2026-08-16T21:17:48Z
2026-08-16T21:11:07Z,2026-08-16T23:11:07+0200,bac882e5-42a3-48ea-b8e2-c8e889704767,2026-08-04T09:15:00Z,2026-08-04T11:15:00+0200,98.05,EUR/MWh,ES,ES,day_ahead_price,value,2026-08-16T21:17:48Z
2026-08-16T21:11:07Z,2026-08-16T23:11:07+0200,bac882e5-42a3-48ea-b8e2-c8e889704767,2026-08-04T09:30:00Z,2026-08-04T11:30:00+0200,98.05,EUR/MWh,ES,ES,day_ahead_price,value,2026-08-16T21:17:48Z
2026-08-16T21:11:07Z,2026-08-16T23:11:07+0200,bac882e5-42a3-48ea-b8e2-c8e889704767,2026-08-04T09:45:00Z,2026-08-04T11:45:00+0200,96.17,EUR/MWh,ES,ES,day_ahead_price,value,2026-08-16T21:17:48Z
2026-08-16T21:11:07Z,2026-08-16T23:11:07+0200,bac882e5-42a3-48ea-b8e2-c8e889704767,2026-08-04T10:00:00Z,2026-08-04T12:00:00+0200,94.99,EUR/MWh,ES,ES,day_ahead_price,value,2026-08-16T21:17:48Z
2026-08-16T21:11:07Z,2026-08-16T23:11:07+0200,bac882e5-42a3-48ea-b8e2-c8e889704767,2026-08-04T10:15:00Z,2026-08-04T12:15:00+0200,85.7,EUR/MWh,ES,ES,day_ahead_price,value,2026-08-16T21:17:48Z
2026-08-16T21:11:07Z,2026-08-16T23:11:07+0200,bac882e5-42a3-48ea-b8e2-c8e889704767,2026-08-04T10:30:00Z,2026-08-04T12:30:00+0200,85.01,EUR/MWh,ES,ES,day_ahead_price,value,2026-08-16T21:17:48Z
2026-08-16T21:11:07Z,2026-08-16T23:11:07+0200,bac882e5-42a3-48ea-b8e2-c8e889704767,2026-08-04T10:45:00Z,2026-08-04T12:45:00+0200,83.55,EUR/MWh,ES,ES,day_ahead_price,value,2026-08-16T21:17:48Z
2026-08-16T21:11:07Z,2026-08-16T23:11:07+0200,bac882e5-42a3-48ea-b8e2-c8e889704767,2026-08-04T11:00:00Z,2026-08-04T13:00:00+0200,81.95,EUR/MWh,ES,ES,day_ahead_price,value,2026-08-16T21:17:48Z
2026-08-16T21:11:07Z,2026-08-16T23:11:07+0200,bac882e5-42a3-48ea-b8e2-c8e889704767,2026-08-04T11:15:00Z,2026-08-04T13:15:00+0200,80.59,EUR/MWh,ES,ES,day_ahead_price,value,2026-08-16T21:17:48Z
2026-08-16T21:11:07Z,2026-08-16T23:11:07+0200,bac882e5-42a3-48ea-b8e2-c8e889704767,2026-08-04T11:30:00Z,2026-08-04T13:30:00+0200,72.34,EUR/MWh,ES,ES,day_ahead_price,value,2026-08-16T21:17:48Z
2026-08-16T21:11:07Z,2026-08-16T23:11:07+0200,bac882e5-42a3-48ea-b8e2-c8e889704767,2026-08-04T11:45:00Z,2026-08-04T13:45:00+0200,70.98,EUR/MWh,ES,ES,day_ahead_price,value,2026-08-16T21:17:48Z
2026-08-16T21:11:07Z,2026-08-16T23:11:07+0200,bac882e5-42a3-48ea-b8e2-c8e889704767,2026-08-04T12:00:00Z,2026-08-04T14:00:00+0200,81.65,EUR/MWh,ES,ES,day_ahead_price,value,2026-08-16T21:17:48Z
2026-08-16T21:11:07Z,2026-08-16T23:11:07+0200,bac882e5-42a3-48ea-b8e2-c8e889704767,2026-08-04T12:15:00Z,2026-08-04T14:15:00+0200,84.32,EUR/MWh,ES,ES,day_ahead_price,value,2026-08-16T21:17:48Z
2026-08-16T21:11:07Z,2026-08-16T23:11:07+0200,bac882e5-42a3-48ea-b8e2-c8e889704767,2026-08-04T12:30:00Z,2026-08-04T14:30:00+0200,85.01,EUR/MWh,ES,ES,day_ahead_price,value,2026-08-16T21:17:48Z
2026-08-16T21:11:07Z,2026-08-16T23:11:07+0200,bac882e5-42a3-48ea-b8e2-c8e889704767,2026-08-04T12:45:00Z,2026-08-04T14:45:00+0200,85.27,EUR/MWh,ES,ES,day_ahead_price,value,2026-08-16T21:17:48Z
2026-08-16T21:11:07Z,2026-08-16T23:11:07+0200,bac882e5-42a3-48ea-b8e2-c8e889704767,2026-08-04T13:00:00Z,2026-08-04T15:00:00+0200,85.0,EUR/MWh,ES,ES,day_ahead_price,value,2026-08-16T21:17:48Z
2026-08-16T21:11:07Z,2026-08-16T23:11:07+0200,bac882e5-42a3-48ea-b8e2-c8e889704767,2026-08-04T13:15:00Z,2026-08-04T15:15:00+0200,83.55,EUR/MWh,ES,ES,day_ahead_price,value,2026-08-16T21:17:48Z
2026-08-16T21:11:07Z,2026-08-16T23:11:07+0200,bac882e5-42a3-48ea-b8e2-c8e889704767,2026-08-04T13:30:00Z,2026-08-04T15:30:00+0200,82.0,EUR/MWh,ES,ES,day_ahead_price,value,2026-08-16T21:17:48Z
2026-08-16T21:11:07Z,2026-08-16T23:11:07+0200,bac882e5-42a3-48ea-b8e2-c8e889704767,2026-08-04T13:45:00Z,2026-08-04T15:45:00+0200,80.27,EUR/MWh,ES,ES,day_ahead_price,value,2026-08-16T21:17:48Z
2026-08-16T21:11:07Z,2026-08-16T23:11:07+0200,bac882e5-42a3-48ea-b8e2-c8e889704767,2026-08-04T14:00:00Z,2026-08-04T16:00:00+0200,69.0,EUR/MWh,ES,ES,day_ahead_price,value,2026-08-16T21:17:48Z
2026-08-16T21:11:07Z,2026-08-16T23:11:07+0200,bac882e5-42a3-48ea-b8e2-c8e889704767,2026-08-04T14:15:00Z,2026-08-04T16:15:00+0200,79.4,EUR/MWh,ES,ES,day_ahead_price,value,2026-08-16T21:17:48Z
2026-08-16T21:11:07Z,2026-08-16T23:11:07+0200,bac882e5-42a3-48ea-b8e2-c8e889704767,2026-08-04T14:30:00Z,2026-08-04T16:30:00+0200,81.35,EUR/MWh,ES,ES,day_ahead_price,value,2026-08-16T21:17:48Z
2026-08-16T21:11:07Z,2026-08-16T23:11:07+0200,bac882e5-42a3-48ea-b8e2-c8e889704767,2026-08-04T14:45:00Z,2026-08-04T16:45:00+0200,82.25,EUR/MWh,ES,ES,day_ahead_price,value,2026-08-16T21:17:48Z
2026-08-16T21:11:07Z,2026-08-16T23:11:07+0200,bac882e5-42a3-48ea-b8e2-c8e889704767,2026-08-04T15:00:00Z,2026-08-04T17:00:00+0200,85.27,EUR/MWh,ES,ES,day_ahead_price,value,2026-08-16T21:17:48Z
2026-08-16T21:11:07Z,2026-08-16T23:11:07+0200,bac882e5-42a3-48ea-b8e2-c8e889704767,2026-08-04T15:15:00Z,2026-08-04T17:15:00+0200,96.47,EUR/MWh,ES,ES,day_ahead_price,value,2026-08-16T21:17:48Z
2026-08-16T21:11:07Z,2026-08-16T23:11:07+0200,bac882e5-42a3-48ea-b8e2-c8e889704767,2026-08-04T15:30:00Z,2026-08-04T17:30:00+0200,99.75,EUR/MWh,ES,ES,day_ahead_price,value,2026-08-16T21:17:48Z
2026-08-16T21:11:07Z,2026-08-16T23:11:07+0200,bac882e5-42a3-48ea-b8e2-c8e889704767,2026-08-04T15:45:00Z,2026-08-04T17:45:00+0200,114.95,EUR/MWh,ES,ES,day_ahead_price,value,2026-08-16T21:17:48Z
2026-08-16T21:11:07Z,2026-08-16T23:11:07+0200,bac882e5-42a3-48ea-b8e2-c8e889704767,2026-08-04T16:00:00Z,2026-08-04T18:00:00+0200,103.33,EUR/MWh,ES,ES,day_ahead_price,value,2026-08-16T21:17:48Z
2026-08-16T21:11:07Z,2026-08-16T23:11:07+0200,bac882e5-42a3-48ea-b8e2-c8e889704767,2026-08-04T16:15:00Z,2026-08-04T18:15:00+0200,114.82,EUR/MWh,ES,ES,day_ahead_price,value,2026-08-16T21:17:48Z
2026-08-16T21:11:07Z,2026-08-16T23:11:07+0200,bac882e5-42a3-48ea-b8e2-c8e889704767,2026-08-04T16:30:00Z,2026-08-04T18:30:00+0200,123.97,EUR/MWh,ES,ES,day_ahead_price,value,2026-08-16T21:17:48Z
2026-08-16T21:11:07Z,2026-08-16T23:11:07+0200,bac882e5-42a3-48ea-b8e2-c8e889704767,2026-08-04T16:45:00Z,2026-08-04T18:45:00+0200,142.59,EUR/MWh,ES,ES,day_ahead_price,value,2026-08-16T21:17:48Z
2026-08-16T21:11:07Z,2026-08-16T23:11:07+0200,bac882e5-42a3-48ea-b8e2-c8e889704767,2026-08-04T17:00:00Z,2026-08-04T19:00:00+0200,122.99,EUR/MWh,ES,ES,day_ahead_price,value,2026-08-16T21:17:48Z
2026-08-16T21:11:07Z,2026-08-16T23:11:07+0200,bac882e5-42a3-48ea-b8e2-c8e889704767,2026-08-04T17:15:00Z,2026-08-04T19:15:00+0200,152.47,EUR/MWh,ES,ES,day_ahead_price,value,2026-08-16T21:17:48Z
2026-08-16T21:11:07Z,2026-08-16T23:11:07+0200,bac882e5-42a3-48ea-b8e2-c8e889704767,2026-08-04T17:30:00Z,2026-08-04T19:30:00+0200,172.03,EUR/MWh,ES,ES,day_ahead_price,value,2026-08-16T21:17:48Z
2026-08-16T21:11:07Z,2026-08-16T23:11:07+0200,bac882e5-42a3-48ea-b8e2-c8e889704767,2026-08-04T17:45:00Z,2026-08-04T19:45:00+0200,184.47,EUR/MWh,ES,ES,day_ahead_price,value,2026-08-16T21:17:48Z
2026-08-16T21:11:07Z,2026-08-16T23:11:07+0200,bac882e5-42a3-48ea-b8e2-c8e889704767,2026-08-04T18:00:00Z,2026-08-04T20:00:00+0200,167.58,EUR/MWh,ES,ES,day_ahead_price,value,2026-08-16T21:17:48Z
2026-08-16T21:11:07Z,2026-08-16T23:11:07+0200,bac882e5-42a3-48ea-b8e2-c8e889704767,2026-08-04T18:15:00Z,2026-08-04T20:15:00+0200,185.21,EUR/MWh,ES,ES,day_ahead_price,value,2026-08-16T21:17:48Z
2026-08-16T21:11:07Z,2026-08-16T23:11:07+0200,bac882e5-42a3-48ea-b8e2-c8e889704767,2026-08-04T18:30:00Z,2026-08-04T20:30:00+0200,196.71,EUR/MWh,ES,ES,day_ahead_price,value,2026-08-16T21:17:48Z
2026-08-16T21:11:07Z,2026-08-16T23:11:07+0200,bac882e5-42a3-48ea-b8e2-c8e889704767,2026-08-04T18:45:00Z,2026-08-04T20:45:00+0200,206.72,EUR/MWh,ES,ES,day_ahead_price,value,2026-08-16T21:17:48Z
2026-08-16T21:11:07Z,2026-08-16T23:11:07+0200,bac882e5-42a3-48ea-b8e2-c8e889704767,2026-08-04T19:00:00Z,2026-08-04T21:00:00+0200,201.82,EUR/MWh,ES,ES,day_ahead_price,value,2026-08-16T21:17:48Z
2026-08-16T21:11:07Z,2026-08-16T23:11:07+0200,bac882e5-42a3-48ea-b8e2-c8e889704767,2026-08-04T19:15:00Z,2026-08-04T21:15:00+0200,212.01,EUR/MWh,ES,ES,day_ahead_price,value,2026-08-16T21:17:48Z
2026-08-16T21:11:07Z,2026-08-16T23:11:07+0200,bac882e5-42a3-48ea-b8e2-c8e889704767,2026-08-04T19:30:00Z,2026-08-04T21:30:00+0200,212.52,EUR/MWh,ES,ES,day_ahead_price,value,2026-08-16T21:17:48Z
2026-08-16T21:11:07Z,2026-08-16T23:11:07+0200,bac882e5-42a3-48ea-b8e2-c8e889704767,2026-08-04T19:45:00Z,2026-08-04T21:45:00+0200,207.5,EUR/MWh,ES,ES,day_ahead_price,value,2026-08-16T21:17:48Z
2026-08-16T21:11:07Z,2026-08-16T23:11:07+0200,bac882e5-42a3-48ea-b8e2-c8e889704767,2026-08-04T20:00:00Z,2026-08-04T22:00:00+0200,200.0,EUR/MWh,ES,ES,day_ahead_price,value,2026-08-16T21:17:48Z
2026-08-16T21:11:07Z,2026-08-16T23:11:07+0200,bac882e5-42a3-48ea-b8e2-c8e889704767,2026-08-04T20:15:00Z,2026-08-04T22:15:00+0200,199.47,EUR/MWh,ES,ES,day_ahead_price,value,2026-08-16T21:17:48Z
2026-08-16T21:11:07Z,2026-08-16T23:11:07+0200,bac882e5-42a3-48ea-b8e2-c8e889704767,2026-08-04T20:30:00Z,2026-08-04T22:30:00+0200,195.71,EUR/MWh,ES,ES,day_ahead_price,value,2026-08-16T21:17:48Z
2026-08-16T21:11:07Z,2026-08-16T23:11:07+0200,bac882e5-42a3-48ea-b8e2-c8e889704767,2026-08-04T20:45:00Z,2026-08-04T22:45:00+0200,189.21,EUR/MWh,ES,ES,day_ahead_price,value,2026-08-16T21:17:48Z
2026-08-16T21:11:07Z,2026-08-16T23:11:07+0200,bac882e5-42a3-48ea-b8e2-c8e889704767,2026-08-04T21:00:00Z,2026-08-04T23:00:00+0200,187.63,EUR/MWh,ES,ES,day_ahead_price,value,2026-08-16T21:17:48Z
2026-08-16T21:11:07Z,2026-08-16T23:11:07+0200,bac882e5-42a3-48ea-b8e2-c8e889704767,2026-08-04T21:15:00Z,2026-08-04T23:15:00+0200,185.71,EUR/MWh,ES,ES,day_ahead_price,value,2026-08-16T21:17:48Z
2026-08-16T21:11:07Z,2026-08-16T23:11:07+0200,bac882e5-42a3-48ea-b8e2-c8e889704767,2026-08-04T21:30:00Z,2026-08-04T23:30:00+0200,185.21,EUR/MWh,ES,ES,day_ahead_price,value,2026-08-16T21:17:48Z
2026-08-16T21:11:07Z,2026-08-16T23:11:07+0200,bac882e5-42a3-48ea-b8e2-c8e889704767,2026-08-04T21:45:00Z,2026-08-04T23:45:00+0200,183.43,EUR/MWh,ES,ES,day_ahead_price,value,2026-08-16T21:17:48Z
2026-08-16T21:11:07Z,2026-08-16T23:11:07+0200,bac882e5-42a3-48ea-b8e2-c8e889704767,2026-08-04T22:00:00Z,2026-08-05T00:00:00+0200,184.99,EUR/MWh,ES,ES,day_ahead_price,value,2026-08-16T21:17:48Z
2026-08-16T21:11:07Z,2026-08-16T23:11:07+0200,bac882e5-42a3-48ea-b8e2-c8e889704767,2026-08-04T22:15:00Z,2026-08-05T00:15:00+0200,183.6,EUR/MWh,ES,ES,day_ahead_price,value,2026-08-16T21:17:48Z
2026-08-16T21:11:07Z,2026-08-16T23:11:07+0200,bac882e5-42a3-48ea-b8e2-c8e889704767,2026-08-04T22:30:00Z,2026-08-05T00:30:00+0200,183.12,EUR/MWh,ES,ES,day_ahead_price,value,2026-08-16T21:17:48Z
2026-08-16T21:11:07Z,2026-08-16T23:11:07+0200,bac882e5-42a3-48ea-b8e2-c8e889704767,2026-08-04T22:45:00Z,2026-08-05T00:45:00+0200,182.4,EUR/MWh,ES,ES,day_ahead_price,value,2026-08-16T21:17:48Z
2026-08-16T21:11:07Z,2026-08-16T23:11:07+0200,bac882e5-42a3-48ea-b8e2-c8e889704767,2026-08-04T23:00:00Z,2026-08-05T01:00:00+0200,181.36,EUR/MWh,ES,ES,day_ahead_price,value,2026-08-16T21:17:48Z
2026-08-16T21:11:07Z,2026-08-16T23:11:07+0200,bac882e5-42a3-48ea-b8e2-c8e889704767,2026-08-04T23:15:00Z,2026-08-05T01:15:00+0200,179.61,EUR/MWh,ES,ES,day_ahead_price,value,2026-08-16T21:17:48Z
2026-08-16T21:11:07Z,2026-08-16T23:11:07+0200,bac882e5-42a3-48ea-b8e2-c8e889704767,2026-08-04T23:30:00Z,2026-08-05T01:30:00+0200,169.52,EUR/MWh,ES,ES,day_ahead_price,value,2026-08-16T21:17:48Z
2026-08-16T21:11:07Z,2026-08-16T23:11:07+0200,bac882e5-42a3-48ea-b8e2-c8e889704767,2026-08-04T23:45:00Z,2026-08-05T01:45:00+0200,165.0,EUR/MWh,ES,ES,day_ahead_price,value,2026-08-16T21:17:48Z
2026-08-16T21:11:07Z,2026-08-16T23:11:07+0200,bac882e5-42a3-48ea-b8e2-c8e889704767,2026-08-05T00:00:00Z,2026-08-05T02:00:00+0200,164.57,EUR/MWh,ES,ES,day_ahead_price,value,2026-08-16T21:17:48Z
2026-08-16T21:11:07Z,2026-08-16T23:11:07+0200,bac882e5-42a3-48ea-b8e2-c8e889704767,2026-08-05T00:15:00Z,2026-08-05T02:15:00+0200,164.6,EUR/MWh,ES,ES,day_ahead_price,value,2026-08-16T21:17:48Z
2026-08-16T21:11:07Z,2026-08-16T23:11:07+0200,bac882e5-42a3-48ea-b8e2-c8e889704767,2026-08-05T00:30:00Z,2026-08-05T02:30:00+0200,165.3,EUR/MWh,ES,ES,day_ahead_price,value,2026-08-16T21:17:48Z
2026-08-16T21:11:07Z,2026-08-16T23:11:07+0200,bac882e5-42a3-48ea-b8e2-c8e889704767,2026-08-05T00:45:00Z,2026-08-05T02:45:00+0200,164.59,EUR/MWh,ES,ES,day_ahead_price,value,2026-08-16T21:17:48Z
2026-08-16T21:11:07Z,2026-08-16T23:11:07+0200,bac882e5-42a3-48ea-b8e2-c8e889704767,2026-08-05T01:00:00Z,2026-08-05T03:00:00+0200,165.3,EUR/MWh,ES,ES,day_ahead_price,value,2026-08-16T21:17:48Z
2026-08-16T21:11:07Z,2026-08-16T23:11:07+0200,bac882e5-42a3-48ea-b8e2-c8e889704767,2026-08-05T01:15:00Z,2026-08-05T03:15:00+0200,165.02,EUR/MWh,ES,ES,day_ahead_price,value,2026-08-16T21:17:48Z
2026-08-16T21:11:07Z,2026-08-16T23:11:07+0200,bac882e5-42a3-48ea-b8e2-c8e889704767,2026-08-05T01:30:00Z,2026-08-05T03:30:00+0200,165.0,EUR/MWh,ES,ES,day_ahead_price,value,2026-08-16T21:17:48Z
2026-08-16T21:11:07Z,2026-08-16T23:11:07+0200,bac882e5-42a3-48ea-b8e2-c8e889704767,2026-08-05T01:45:00Z,2026-08-05T03:45:00+0200,164.55,EUR/MWh,ES,ES,day_ahead_price,value,2026-08-16T21:17:48Z
2026-08-16T21:11:07Z,2026-08-16T23:11:07+0200,bac882e5-42a3-48ea-b8e2-c8e889704767,2026-08-05T02:00:00Z,2026-08-05T04:00:00+0200,165.3,EUR/MWh,ES,ES,day_ahead_price,value,2026-08-16T21:17:48Z
2026-08-16T21:11:07Z,2026-08-16T23:11:07+0200,bac882e5-42a3-48ea-b8e2-c8e889704767,2026-08-05T02:15:00Z,2026-08-05T04:15:00+0200,164.56,EUR/MWh,ES,ES,day_ahead_price,value,2026-08-16T21:17:48Z
2026-08-16T21:11:07Z,2026-08-16T23:11:07+0200,bac882e5-42a3-48ea-b8e2-c8e889704767,2026-08-05T02:30:00Z,2026-08-05T04:30:00+0200,165.0,EUR/MWh,ES,ES,day_ahead_price,value,2026-08-16T21:17:48Z
2026-08-16T21:11:07Z,2026-08-16T23:11:07+0200,bac882e5-42a3-48ea-b8e2-c8e889704767,2026-08-05T02:45:00Z,2026-08-05T04:45:00+0200,165.78,EUR/MWh,ES,ES,day_ahead_price,value,2026-08-16T21:17:48Z
2026-08-16T21:11:07Z,2026-08-16T23:11:07+0200,bac882e5-42a3-48ea-b8e2-c8e889704767,2026-08-05T03:00:00Z,2026-08-05T05:00:00+0200,169.44,EUR/MWh,ES,ES,day_ahead_price,value,2026-08-16T21:17:48Z
2026-08-16T21:11:07Z,2026-08-16T23:11:07+0200,bac882e5-42a3-48ea-b8e2-c8e889704767,2026-08-05T03:15:00Z,2026-08-05T05:15:00+0200,171.44,EUR/MWh,ES,ES,day_ahead_price,value,2026-08-16T21:17:48Z
2026-08-16T21:11:07Z,2026-08-16T23:11:07+0200,bac882e5-42a3-48ea-b8e2-c8e889704767,2026-08-05T03:30:00Z,2026-08-05T05:30:00+0200,171.44,EUR/MWh,ES,ES,day_ahead_price,value,2026-08-16T21:17:48Z
2026-08-16T21:11:07Z,2026-08-16T23:11:07+0200,bac882e5-42a3-48ea-b8e2-c8e889704767,2026-08-05T03:45:00Z,2026-08-05T05:45:00+0200,179.6,EUR/MWh,ES,ES,day_ahead_price,value,2026-08-16T21:17:48Z
2026-08-16T21:11:07Z,2026-08-16T23:11:07+0200,bac882e5-42a3-48ea-b8e2-c8e889704767,2026-08-05T04:00:00Z,2026-08-05T06:00:00+0200,171.73,EUR/MWh,ES,ES,day_ahead_price,value,2026-08-16T21:17:48Z
2026-08-16T21:11:07Z,2026-08-16T23:11:07+0200,bac882e5-42a3-48ea-b8e2-c8e889704767,2026-08-05T04:15:00Z,2026-08-05T06:15:00+0200,180.0,EUR/MWh,ES,ES,day_ahead_price,value,2026-08-16T21:17:48Z
2026-08-16T21:11:07Z,2026-08-16T23:11:07+0200,bac882e5-42a3-48ea-b8e2-c8e889704767,2026-08-05T04:30:00Z,2026-08-05T06:30:00+0200,182.4,EUR/MWh,ES,ES,day_ahead_price,value,2026-08-16T21:17:48Z
2026-08-16T21:11:07Z,2026-08-16T23:11:07+0200,bac882e5-42a3-48ea-b8e2-c8e889704767,2026-08-05T04:45:00Z,2026-08-05T06:45:00+0200,183.12,EUR/MWh,ES,ES,day_ahead_price,value,2026-08-16T21:17:48Z
2026-08-16T21:11:07Z,2026-08-16T23:11:07+0200,bac882e5-42a3-48ea-b8e2-c8e889704767,2026-08-05T05:00:00Z,2026-08-05T07:00:00+0200,186.27,EUR/MWh,ES,ES,day_ahead_price,value,2026-08-16T21:17:48Z
2026-08-16T21:11:07Z,2026-08-16T23:11:07+0200,bac882e5-42a3-48ea-b8e2-c8e889704767,2026-08-05T05:15:00Z,2026-08-05T07:15:00+0200,186.41,EUR/MWh,ES,ES,day_ahead_price,value,2026-08-16T21:17:48Z
2026-08-16T21:11:07Z,2026-08-16T23:11:07+0200,bac882e5-42a3-48ea-b8e2-c8e889704767,2026-08-05T05:30:00Z,2026-08-05T07:30:00+0200,186.27,EUR/MWh,ES,ES,day_ahead_price,value,2026-08-16T21:17:48Z
2026-08-16T21:11:07Z,2026-08-16T23:11:07+0200,bac882e5-42a3-48ea-b8e2-c8e889704767,2026-08-05T05:45:00Z,2026-08-05T07:45:00+0200,184.4,EUR/MWh,ES,ES,day_ahead_price,value,2026-08-16T21:17:48Z
2026-08-16T21:11:07Z,2026-08-16T23:11:07+0200,bac882e5-42a3-48ea-b8e2-c8e889704767,2026-08-05T06:00:00Z,2026-08-05T08:00:00+0200,183.6,EUR/MWh,ES,ES,day_ahead_price,value,2026-08-16T21:17:48Z
2026-08-16T21:11:07Z,2026-08-16T23:11:07+0200,bac882e5-42a3-48ea-b8e2-c8e889704767,2026-08-05T06:15:00Z,2026-08-05T08:15:00+0200,165.0,EUR/MWh,ES,ES,day_ahead_price,value,2026-08-16T21:17:48Z
2026-08-16T21:11:07Z,2026-08-16T23:11:07+0200,bac882e5-42a3-48ea-b8e2-c8e889704767,2026-08-05T06:30:00Z,2026-08-05T08:30:00+0200,159.24,EUR/MWh,ES,ES,day_ahead_price,value,2026-08-16T21:17:48Z
2026-08-16T21:11:07Z,2026-08-16T23:11:07+0200,bac882e5-42a3-48ea-b8e2-c8e889704767,2026-08-05T06:45:00Z,2026-08-05T08:45:00+0200,152.47,EUR/MWh,ES,ES,day_ahead_price,value,2026-08-16T21:17:48Z
2026-08-16T21:11:07Z,2026-08-16T23:11:07+0200,bac882e5-42a3-48ea-b8e2-c8e889704767,2026-08-05T07:00:00Z,2026-08-05T09:00:00+0200,159.45,EUR/MWh,ES,ES,day_ahead_price,value,2026-08-16T21:17:48Z
2026-08-16T21:11:07Z,2026-08-16T23:11:07+0200,bac882e5-42a3-48ea-b8e2-c8e889704767,2026-08-05T07:15:00Z,2026-08-05T09:15:00+0200,136.02,EUR/MWh,ES,ES,day_ahead_price,value,2026-08-16T21:17:48Z
2026-08-16T21:11:07Z,2026-08-16T23:11:07+0200,bac882e5-42a3-48ea-b8e2-c8e889704767,2026-08-05T07:30:00Z,2026-08-05T09:30:00+0200,115.01,EUR/MWh,ES,ES,day_ahead_price,value,2026-08-16T21:17:48Z
2026-08-16T21:11:07Z,2026-08-16T23:11:07+0200,bac882e5-42a3-48ea-b8e2-c8e889704767,2026-08-05T07:45:00Z,2026-08-05T09:45:00+0200,97.98,EUR/MWh,ES,ES,day_ahead_price,value,2026-08-16T21:17:48Z
2026-08-16T21:11:07Z,2026-08-16T23:11:07+0200,bac882e5-42a3-48ea-b8e2-c8e889704767,2026-08-05T08:00:00Z,2026-08-05T10:00:00+0200,100.0,EUR/MWh,ES,ES,day_ahead_price,value,2026-08-16T21:17:48Z
2026-08-16T21:11:07Z,2026-08-16T23:11:07+0200,bac882e5-42a3-48ea-b8e2-c8e889704767,2026-08-05T08:15:00Z,2026-08-05T10:15:00+0200,85.71,EUR/MWh,ES,ES,day_ahead_price,value,2026-08-16T21:17:48Z
2026-08-16T21:11:07Z,2026-08-16T23:11:07+0200,bac882e5-42a3-48ea-b8e2-c8e889704767,2026-08-05T08:30:00Z,2026-08-05T10:30:00+0200,54.99,EUR/MWh,ES,ES,day_ahead_price,value,2026-08-16T21:17:48Z
2026-08-16T21:11:07Z,2026-08-16T23:11:07+0200,bac882e5-42a3-48ea-b8e2-c8e889704767,2026-08-05T08:45:00Z,2026-08-05T10:45:00+0200,18.51,EUR/MWh,ES,ES,day_ahead_price,value,2026-08-16T21:17:48Z
2026-08-16T21:11:07Z,2026-08-16T23:11:07+0200,bac882e5-42a3-48ea-b8e2-c8e889704767,2026-08-05T09:00:00Z,2026-08-05T11:00:00+0200,47.55,EUR/MWh,ES,ES,day_ahead_price,value,2026-08-16T21:17:48Z
2026-08-16T21:11:07Z,2026-08-16T23:11:07+0200,bac882e5-42a3-48ea-b8e2-c8e889704767,2026-08-05T09:15:00Z,2026-08-05T11:15:00+0200,33.64,EUR/MWh,ES,ES,day_ahead_price,value,2026-08-16T21:17:48Z
2026-08-16T21:11:07Z,2026-08-16T23:11:07+0200,bac882e5-42a3-48ea-b8e2-c8e889704767,2026-08-05T09:30:00Z,2026-08-05T11:30:00+0200,30.0,EUR/MWh,ES,ES,day_ahead_price,value,2026-08-16T21:17:48Z
2026-08-16T21:11:07Z,2026-08-16T23:11:07+0200,bac882e5-42a3-48ea-b8e2-c8e889704767,2026-08-05T09:45:00Z,2026-08-05T11:45:00+0200,25.0,EUR/MWh,ES,ES,day_ahead_price,value,2026-08-16T21:17:48Z
2026-08-16T21:11:07Z,2026-08-16T23:11:07+0200,bac882e5-42a3-48ea-b8e2-c8e889704767,2026-08-05T10:00:00Z,2026-08-05T12:00:00+0200,15.0,EUR/MWh,ES,ES,day_ahead_price,value,2026-08-16T21:17:48Z
2026-08-16T21:11:07Z,2026-08-16T23:11:07+0200,bac882e5-42a3-48ea-b8e2-c8e889704767,2026-08-05T10:15:00Z,2026-08-05T12:15:00+0200,6.0,EUR/MWh,ES,ES,day_ahead_price,value,2026-08-16T21:17:48Z
2026-08-16T21:11:07Z,2026-08-16T23:11:07+0200,bac882e5-42a3-48ea-b8e2-c8e889704767,2026-08-05T10:30:00Z,2026-08-05T12:30:00+0200,5.88,EUR/MWh,ES,ES,day_ahead_price,value,2026-08-16T21:17:48Z
2026-08-16T21:11:07Z,2026-08-16T23:11:07+0200,bac882e5-42a3-48ea-b8e2-c8e889704767,2026-08-05T10:45:00Z,2026-08-05T12:45:00+0200,14.5,EUR/MWh,ES,ES,day_ahead_price,value,2026-08-16T21:17:48Z
2026-08-16T21:11:07Z,2026-08-16T23:11:07+0200,bac882e5-42a3-48ea-b8e2-c8e889704767,2026-08-05T11:00:00Z,2026-08-05T13:00:00+0200,11.0,EUR/MWh,ES,ES,day_ahead_price,value,2026-08-16T21:17:48Z
2026-08-16T21:11:07Z,2026-08-16T23:11:07+0200,bac882e5-42a3-48ea-b8e2-c8e889704767,2026-08-05T11:15:00Z,2026-08-05T13:15:00+0200,15.0,EUR/MWh,ES,ES,day_ahead_price,value,2026-08-16T21:17:48Z
2026-08-16T21:11:07Z,2026-08-16T23:11:07+0200,bac882e5-42a3-48ea-b8e2-c8e889704767,2026-08-05T11:30:00Z,2026-08-05T13:30:00+0200,15.0,EUR/MWh,ES,ES,day_ahead_price,value,2026-08-16T21:17:48Z
2026-08-16T21:11:07Z,2026-08-16T23:11:07+0200,bac882e5-42a3-48ea-b8e2-c8e889704767,2026-08-05T11:45:00Z,2026-08-05T13:45:00+0200,6.74,EUR/MWh,ES,ES,day_ahead_price,value,2026-08-16T21:17:48Z
2026-08-16T21:11:07Z,2026-08-16T23:11:07+0200,bac882e5-42a3-48ea-b8e2-c8e889704767,2026-08-05T12:00:00Z,2026-08-05T14:00:00+0200,10.77,EUR/MWh,ES,ES,day_ahead_price,value,2026-08-16T21:17:48Z
2026-08-16T21:11:07Z,2026-08-16T23:11:07+0200,bac882e5-42a3-48ea-b8e2-c8e889704767,2026-08-05T12:15:00Z,2026-08-05T14:15:00+0200,9.25,EUR/MWh,ES,ES,day_ahead_price,value,2026-08-16T21:17:48Z
2026-08-16T21:11:07Z,2026-08-16T23:11:07+0200,bac882e5-42a3-48ea-b8e2-c8e889704767,2026-08-05T12:30:00Z,2026-08-05T14:30:00+0200,5.88,EUR/MWh,ES,ES,day_ahead_price,value,2026-08-16T21:17:48Z
2026-08-16T21:11:07Z,2026-08-16T23:11:07+0200,bac882e5-42a3-48ea-b8e2-c8e889704767,2026-08-05T12:45:00Z,2026-08-05T14:45:00+0200,5.01,EUR/MWh,ES,ES,day_ahead_price,value,2026-08-16T21:17:48Z
2026-08-16T21:11:07Z,2026-08-16T23:11:07+0200,bac882e5-42a3-48ea-b8e2-c8e889704767,2026-08-05T13:00:00Z,2026-08-05T15:00:00+0200,5.01,EUR/MWh,ES,ES,day_ahead_price,value,2026-08-16T21:17:48Z
2026-08-16T21:11:07Z,2026-08-16T23:11:07+0200,bac882e5-42a3-48ea-b8e2-c8e889704767,2026-08-05T13:15:00Z,2026-08-05T15:15:00+0200,4.0,EUR/MWh,ES,ES,day_ahead_price,value,2026-08-16T21:17:48Z
2026-08-16T21:11:07Z,2026-08-16T23:11:07+0200,bac882e5-42a3-48ea-b8e2-c8e889704767,2026-08-05T13:30:00Z,2026-08-05T15:30:00+0200,4.0,EUR/MWh,ES,ES,day_ahead_price,value,2026-08-16T21:17:48Z
2026-08-16T21:11:07Z,2026-08-16T23:11:07+0200,bac882e5-42a3-48ea-b8e2-c8e889704767,2026-08-05T13:45:00Z,2026-08-05T15:45:00+0200,5.0,EUR/MWh,ES,ES,day_ahead_price,value,2026-08-16T21:17:48Z
2026-08-16T21:11:07Z,2026-08-16T23:11:07+0200,bac882e5-42a3-48ea-b8e2-c8e889704767,2026-08-05T14:00:00Z,2026-08-05T16:00:00+0200,4.0,EUR/MWh,ES,ES,day_ahead_price,value,2026-08-16T21:17:48Z
2026-08-16T21:11:07Z,2026-08-16T23:11:07+0200,bac882e5-42a3-48ea-b8e2-c8e889704767,2026-08-05T14:15:00Z,2026-08-05T16:15:00+0200,5.88,EUR/MWh,ES,ES,day_ahead_price,value,2026-08-16T21:17:48Z
2026-08-16T21:11:07Z,2026-08-16T23:11:07+0200,bac882e5-42a3-48ea-b8e2-c8e889704767,2026-08-05T14:30:00Z,2026-08-05T16:30:00+0200,10.0,EUR/MWh,ES,ES,day_ahead_price,value,2026-08-16T21:17:48Z
2026-08-16T21:11:07Z,2026-08-16T23:11:07+0200,bac882e5-42a3-48ea-b8e2-c8e889704767,2026-08-05T14:45:00Z,2026-08-05T16:45:00+0200,27.0,EUR/MWh,ES,ES,day_ahead_price,value,2026-08-16T21:17:48Z
2026-08-16T21:11:07Z,2026-08-16T23:11:07+0200,bac882e5-42a3-48ea-b8e2-c8e889704767,2026-08-05T15:00:00Z,2026-08-05T17:00:00+0200,31.55,EUR/MWh,ES,ES,day_ahead_price,value,2026-08-16T21:17:48Z
2026-08-16T21:11:07Z,2026-08-16T23:11:07+0200,bac882e5-42a3-48ea-b8e2-c8e889704767,2026-08-05T15:15:00Z,2026-08-05T17:15:00+0200,35.0,EUR/MWh,ES,ES,day_ahead_price,value,2026-08-16T21:17:48Z
2026-08-16T21:11:07Z,2026-08-16T23:11:07+0200,bac882e5-42a3-48ea-b8e2-c8e889704767,2026-08-05T15:30:00Z,2026-08-05T17:30:00+0200,74.95,EUR/MWh,ES,ES,day_ahead_price,value,2026-08-16T21:17:48Z
2026-08-16T21:11:07Z,2026-08-16T23:11:07+0200,bac882e5-42a3-48ea-b8e2-c8e889704767,2026-08-05T15:45:00Z,2026-08-05T17:45:00+0200,84.05,EUR/MWh,ES,ES,day_ahead_price,value,2026-08-16T21:17:48Z
2026-08-16T21:11:07Z,2026-08-16T23:11:07+0200,bac882e5-42a3-48ea-b8e2-c8e889704767,2026-08-05T16:00:00Z,2026-08-05T18:00:00+0200,81.65,EUR/MWh,ES,ES,day_ahead_price,value,2026-08-16T21:17:48Z
2026-08-16T21:11:07Z,2026-08-16T23:11:07+0200,bac882e5-42a3-48ea-b8e2-c8e889704767,2026-08-05T16:15:00Z,2026-08-05T18:15:00+0200,97.0,EUR/MWh,ES,ES,day_ahead_price,value,2026-08-16T21:17:48Z
2026-08-16T21:11:07Z,2026-08-16T23:11:07+0200,bac882e5-42a3-48ea-b8e2-c8e889704767,2026-08-05T16:30:00Z,2026-08-05T18:30:00+0200,99.7,EUR/MWh,ES,ES,day_ahead_price,value,2026-08-16T21:17:48Z
2026-08-16T21:11:07Z,2026-08-16T23:11:07+0200,bac882e5-42a3-48ea-b8e2-c8e889704767,2026-08-05T16:45:00Z,2026-08-05T18:45:00+0200,115.14,EUR/MWh,ES,ES,day_ahead_price,value,2026-08-16T21:17:48Z
2026-08-16T21:11:07Z,2026-08-16T23:11:07+0200,bac882e5-42a3-48ea-b8e2-c8e889704767,2026-08-05T17:00:00Z,2026-08-05T19:00:00+0200,110.0,EUR/MWh,ES,ES,day_ahead_price,value,2026-08-16T21:17:48Z
2026-08-16T21:11:07Z,2026-08-16T23:11:07+0200,bac882e5-42a3-48ea-b8e2-c8e889704767,2026-08-05T17:15:00Z,2026-08-05T19:15:00+0200,130.0,EUR/MWh,ES,ES,day_ahead_price,value,2026-08-16T21:17:48Z
2026-08-16T21:11:07Z,2026-08-16T23:11:07+0200,bac882e5-42a3-48ea-b8e2-c8e889704767,2026-08-05T17:30:00Z,2026-08-05T19:30:00+0200,152.47,EUR/MWh,ES,ES,day_ahead_price,value,2026-08-16T21:17:48Z
2026-08-16T21:11:07Z,2026-08-16T23:11:07+0200,bac882e5-42a3-48ea-b8e2-c8e889704767,2026-08-05T17:45:00Z,2026-08-05T19:45:00+0200,166.48,EUR/MWh,ES,ES,day_ahead_price,value,2026-08-16T21:17:48Z
2026-08-16T21:11:07Z,2026-08-16T23:11:07+0200,bac882e5-42a3-48ea-b8e2-c8e889704767,2026-08-05T18:00:00Z,2026-08-05T20:00:00+0200,145.0,EUR/MWh,ES,ES,day_ahead_price,value,2026-08-16T21:17:48Z
2026-08-16T21:11:07Z,2026-08-16T23:11:07+0200,bac882e5-42a3-48ea-b8e2-c8e889704767,2026-08-05T18:15:00Z,2026-08-05T20:15:00+0200,164.6,EUR/MWh,ES,ES,day_ahead_price,value,2026-08-16T21:17:48Z
2026-08-16T21:11:07Z,2026-08-16T23:11:07+0200,bac882e5-42a3-48ea-b8e2-c8e889704767,2026-08-05T18:30:00Z,2026-08-05T20:30:00+0200,183.36,EUR/MWh,ES,ES,day_ahead_price,value,2026-08-16T21:17:48Z
2026-08-16T21:11:07Z,2026-08-16T23:11:07+0200,bac882e5-42a3-48ea-b8e2-c8e889704767,2026-08-05T18:45:00Z,2026-08-05T20:45:00+0200,189.4,EUR/MWh,ES,ES,day_ahead_price,value,2026-08-16T21:17:48Z
2026-08-16T21:11:07Z,2026-08-16T23:11:07+0200,bac882e5-42a3-48ea-b8e2-c8e889704767,2026-08-05T19:00:00Z,2026-08-05T21:00:00+0200,189.91,EUR/MWh,ES,ES,day_ahead_price,value,2026-08-16T21:17:48Z
2026-08-16T21:11:07Z,2026-08-16T23:11:07+0200,bac882e5-42a3-48ea-b8e2-c8e889704767,2026-08-05T19:15:00Z,2026-08-05T21:15:00+0200,199.47,EUR/MWh,ES,ES,day_ahead_price,value,2026-08-16T21:17:48Z
2026-08-16T21:11:07Z,2026-08-16T23:11:07+0200,bac882e5-42a3-48ea-b8e2-c8e889704767,2026-08-05T19:30:00Z,2026-08-05T21:30:00+0200,199.47,EUR/MWh,ES,ES,day_ahead_price,value,2026-08-16T21:17:48Z
2026-08-16T21:11:07Z,2026-08-16T23:11:07+0200,bac882e5-42a3-48ea-b8e2-c8e889704767,2026-08-05T19:45:00Z,2026-08-05T21:45:00+0200,189.91,EUR/MWh,ES,ES,day_ahead_price,value,2026-08-16T21:17:48Z
2026-08-16T21:11:07Z,2026-08-16T23:11:07+0200,bac882e5-42a3-48ea-b8e2-c8e889704767,2026-08-05T20:00:00Z,2026-08-05T22:00:00+0200,189.14,EUR/MWh,ES,ES,day_ahead_price,value,2026-08-16T21:17:48Z
2026-08-16T21:11:07Z,2026-08-16T23:11:07+0200,bac882e5-42a3-48ea-b8e2-c8e889704767,2026-08-05T20:15:00Z,2026-08-05T22:15:00+0200,187.56,EUR/MWh,ES,ES,day_ahead_price,value,2026-08-16T21:17:48Z
2026-08-16T21:11:07Z,2026-08-16T23:11:07+0200,bac882e5-42a3-48ea-b8e2-c8e889704767,2026-08-05T20:30:00Z,2026-08-05T22:30:00+0200,186.41,EUR/MWh,ES,ES,day_ahead_price,value,2026-08-16T21:17:48Z
2026-08-16T21:11:07Z,2026-08-16T23:11:07+0200,bac882e5-42a3-48ea-b8e2-c8e889704767,2026-08-05T20:45:00Z,2026-08-05T22:45:00+0200,184.51,EUR/MWh,ES,ES,day_ahead_price,value,2026-08-16T21:17:48Z
2026-08-16T21:11:07Z,2026-08-16T23:11:07+0200,bac882e5-42a3-48ea-b8e2-c8e889704767,2026-08-05T21:00:00Z,2026-08-05T23:00:00+0200,183.6,EUR/MWh,ES,ES,day_ahead_price,value,2026-08-16T21:17:48Z
2026-08-16T21:11:07Z,2026-08-16T23:11:07+0200,bac882e5-42a3-48ea-b8e2-c8e889704767,2026-08-05T21:15:00Z,2026-08-05T23:15:00+0200,182.64,EUR/MWh,ES,ES,day_ahead_price,value,2026-08-16T21:17:48Z
2026-08-16T21:11:07Z,2026-08-16T23:11:07+0200,bac882e5-42a3-48ea-b8e2-c8e889704767,2026-08-05T21:30:00Z,2026-08-05T23:30:00+0200,180.01,EUR/MWh,ES,ES,day_ahead_price,value,2026-08-16T21:17:48Z
2026-08-16T21:11:07Z,2026-08-16T23:11:07+0200,bac882e5-42a3-48ea-b8e2-c8e889704767,2026-08-05T21:45:00Z,2026-08-05T23:45:00+0200,172.03,EUR/MWh,ES,ES,day_ahead_price,value,2026-08-16T21:17:48Z
2026-08-16T21:11:07Z,2026-08-16T23:11:07+0200,bac882e5-42a3-48ea-b8e2-c8e889704767,2026-08-05T22:00:00Z,2026-08-06T00:00:00+0200,170.21,EUR/MWh,ES,ES,day_ahead_price,value,2026-08-16T21:17:48Z
2026-08-16T21:11:07Z,2026-08-16T23:11:07+0200,bac882e5-42a3-48ea-b8e2-c8e889704767,2026-08-05T22:15:00Z,2026-08-06T00:15:00+0200,168.47,EUR/MWh,ES,ES,day_ahead_price,value,2026-08-16T21:17:48Z
2026-08-16T21:11:07Z,2026-08-16T23:11:07+0200,bac882e5-42a3-48ea-b8e2-c8e889704767,2026-08-05T22:30:00Z,2026-08-06T00:30:00+0200,166.05,EUR/MWh,ES,ES,day_ahead_price,value,2026-08-16T21:17:48Z
2026-08-16T21:11:07Z,2026-08-16T23:11:07+0200,bac882e5-42a3-48ea-b8e2-c8e889704767,2026-08-05T22:45:00Z,2026-08-06T00:45:00+0200,164.47,EUR/MWh,ES,ES,day_ahead_price,value,2026-08-16T21:17:48Z
2026-08-16T21:11:07Z,2026-08-16T23:11:07+0200,bac882e5-42a3-48ea-b8e2-c8e889704767,2026-08-05T23:00:00Z,2026-08-06T01:00:00+0200,167.63,EUR/MWh,ES,ES,day_ahead_price,value,2026-08-16T21:17:48Z
2026-08-16T21:11:07Z,2026-08-16T23:11:07+0200,bac882e5-42a3-48ea-b8e2-c8e889704767,2026-08-05T23:15:00Z,2026-08-06T01:15:00+0200,165.3,EUR/MWh,ES,ES,day_ahead_price,value,2026-08-16T21:17:48Z
2026-08-16T21:11:07Z,2026-08-16T23:11:07+0200,bac882e5-42a3-48ea-b8e2-c8e889704767,2026-08-05T23:30:00Z,2026-08-06T01:30:00+0200,162.07,EUR/MWh,ES,ES,day_ahead_price,value,2026-08-16T21:17:48Z
2026-08-16T21:11:07Z,2026-08-16T23:11:07+0200,bac882e5-42a3-48ea-b8e2-c8e889704767,2026-08-05T23:45:00Z,2026-08-06T01:45:00+0200,161.57,EUR/MWh,ES,ES,day_ahead_price,value,2026-08-16T21:17:48Z
2026-08-16T21:11:07Z,2026-08-16T23:11:07+0200,bac882e5-42a3-48ea-b8e2-c8e889704767,2026-08-06T00:00:00Z,2026-08-06T02:00:00+0200,160.45,EUR/MWh,ES,ES,day_ahead_price,value,2026-08-16T21:17:48Z
2026-08-16T21:11:07Z,2026-08-16T23:11:07+0200,bac882e5-42a3-48ea-b8e2-c8e889704767,2026-08-06T00:15:00Z,2026-08-06T02:15:00+0200,161.59,EUR/MWh,ES,ES,day_ahead_price,value,2026-08-16T21:17:48Z
2026-08-16T21:11:07Z,2026-08-16T23:11:07+0200,bac882e5-42a3-48ea-b8e2-c8e889704767,2026-08-06T00:30:00Z,2026-08-06T02:30:00+0200,161.59,EUR/MWh,ES,ES,day_ahead_price,value,2026-08-16T21:17:48Z
2026-08-16T21:11:07Z,2026-08-16T23:11:07+0200,bac882e5-42a3-48ea-b8e2-c8e889704767,2026-08-06T00:45:00Z,2026-08-06T02:45:00+0200,160.0,EUR/MWh,ES,ES,day_ahead_price,value,2026-08-16T21:17:48Z
2026-08-16T21:11:07Z,2026-08-16T23:11:07+0200,bac882e5-42a3-48ea-b8e2-c8e889704767,2026-08-06T01:00:00Z,2026-08-06T03:00:00+0200,157.82,EUR/MWh,ES,ES,day_ahead_price,value,2026-08-16T21:17:48Z
2026-08-16T21:11:07Z,2026-08-16T23:11:07+0200,bac882e5-42a3-48ea-b8e2-c8e889704767,2026-08-06T01:15:00Z,2026-08-06T03:15:00+0200,155.81,EUR/MWh,ES,ES,day_ahead_price,value,2026-08-16T21:17:48Z
2026-08-16T21:11:07Z,2026-08-16T23:11:07+0200,bac882e5-42a3-48ea-b8e2-c8e889704767,2026-08-06T01:30:00Z,2026-08-06T03:30:00+0200,155.09,EUR/MWh,ES,ES,day_ahead_price,value,2026-08-16T21:17:48Z
2026-08-16T21:11:07Z,2026-08-16T23:11:07+0200,bac882e5-42a3-48ea-b8e2-c8e889704767,2026-08-06T01:45:00Z,2026-08-06T03:45:00+0200,155.09,EUR/MWh,ES,ES,day_ahead_price,value,2026-08-16T21:17:48Z
2026-08-16T21:11:07Z,2026-08-16T23:11:07+0200,bac882e5-42a3-48ea-b8e2-c8e889704767,2026-08-06T02:00:00Z,2026-08-06T04:00:00+0200,155.06,EUR/MWh,ES,ES,day_ahead_price,value,2026-08-16T21:17:48Z
2026-08-16T21:11:07Z,2026-08-16T23:11:07+0200,bac882e5-42a3-48ea-b8e2-c8e889704767,2026-08-06T02:15:00Z,2026-08-06T04:15:00+0200,155.06,EUR/MWh,ES,ES,day_ahead_price,value,2026-08-16T21:17:48Z
2026-08-16T21:11:07Z,2026-08-16T23:11:07+0200,bac882e5-42a3-48ea-b8e2-c8e889704767,2026-08-06T02:30:00Z,2026-08-06T04:30:00+0200,155.06,EUR/MWh,ES,ES,day_ahead_price,value,2026-08-16T21:17:48Z
2026-08-16T21:11:07Z,2026-08-16T23:11:07+0200,bac882e5-42a3-48ea-b8e2-c8e889704767,2026-08-06T02:45:00Z,2026-08-06T04:45:00+0200,155.06,EUR/MWh,ES,ES,day_ahead_price,value,2026-08-16T21:17:48Z
2026-08-16T21:11:07Z,2026-08-16T23:11:07+0200,bac882e5-42a3-48ea-b8e2-c8e889704767,2026-08-06T03:00:00Z,2026-08-06T05:00:00+0200,155.03,EUR/MWh,ES,ES,day_ahead_price,value,2026-08-16T21:17:48Z
2026-08-16T21:11:07Z,2026-08-16T23:11:07+0200,bac882e5-42a3-48ea-b8e2-c8e889704767,2026-08-06T03:15:00Z,2026-08-06T05:15:00+0200,157.5,EUR/MWh,ES,ES,day_ahead_price,value,2026-08-16T21:17:48Z
2026-08-16T21:11:07Z,2026-08-16T23:11:07+0200,bac882e5-42a3-48ea-b8e2-c8e889704767,2026-08-06T03:30:00Z,2026-08-06T05:30:00+0200,160.29,EUR/MWh,ES,ES,day_ahead_price,value,2026-08-16T21:17:48Z
2026-08-16T21:11:07Z,2026-08-16T23:11:07+0200,bac882e5-42a3-48ea-b8e2-c8e889704767,2026-08-06T03:45:00Z,2026-08-06T05:45:00+0200,164.47,EUR/MWh,ES,ES,day_ahead_price,value,2026-08-16T21:17:48Z
2026-08-16T21:11:07Z,2026-08-16T23:11:07+0200,bac882e5-42a3-48ea-b8e2-c8e889704767,2026-08-06T04:00:00Z,2026-08-06T06:00:00+0200,160.45,EUR/MWh,ES,ES,day_ahead_price,value,2026-08-16T21:17:48Z
2026-08-16T21:11:07Z,2026-08-16T23:11:07+0200,bac882e5-42a3-48ea-b8e2-c8e889704767,2026-08-06T04:15:00Z,2026-08-06T06:15:00+0200,165.3,EUR/MWh,ES,ES,day_ahead_price,value,2026-08-16T21:17:48Z
2026-08-16T21:11:07Z,2026-08-16T23:11:07+0200,bac882e5-42a3-48ea-b8e2-c8e889704767,2026-08-06T04:30:00Z,2026-08-06T06:30:00+0200,166.05,EUR/MWh,ES,ES,day_ahead_price,value,2026-08-16T21:17:48Z
2026-08-16T21:11:07Z,2026-08-16T23:11:07+0200,bac882e5-42a3-48ea-b8e2-c8e889704767,2026-08-06T04:45:00Z,2026-08-06T06:45:00+0200,169.21,EUR/MWh,ES,ES,day_ahead_price,value,2026-08-16T21:17:48Z
2026-08-16T21:11:07Z,2026-08-16T23:11:07+0200,bac882e5-42a3-48ea-b8e2-c8e889704767,2026-08-06T05:00:00Z,2026-08-06T07:00:00+0200,170.21,EUR/MWh,ES,ES,day_ahead_price,value,2026-08-16T21:17:48Z
2026-08-16T21:11:07Z,2026-08-16T23:11:07+0200,bac882e5-42a3-48ea-b8e2-c8e889704767,2026-08-06T05:15:00Z,2026-08-06T07:15:00+0200,171.15,EUR/MWh,ES,ES,day_ahead_price,value,2026-08-16T21:17:48Z
2026-08-16T21:11:07Z,2026-08-16T23:11:07+0200,bac882e5-42a3-48ea-b8e2-c8e889704767,2026-08-06T05:30:00Z,2026-08-06T07:30:00+0200,171.15,EUR/MWh,ES,ES,day_ahead_price,value,2026-08-16T21:17:48Z
2026-08-16T21:11:07Z,2026-08-16T23:11:07+0200,bac882e5-42a3-48ea-b8e2-c8e889704767,2026-08-06T05:45:00Z,2026-08-06T07:45:00+0200,169.21,EUR/MWh,ES,ES,day_ahead_price,value,2026-08-16T21:17:48Z
2026-08-16T21:11:07Z,2026-08-16T23:11:07+0200,bac882e5-42a3-48ea-b8e2-c8e889704767,2026-08-06T06:00:00Z,2026-08-06T08:00:00+0200,172.09,EUR/MWh,ES,ES,day_ahead_price,value,2026-08-16T21:17:48Z
2026-08-16T21:11:07Z,2026-08-16T23:11:07+0200,bac882e5-42a3-48ea-b8e2-c8e889704767,2026-08-06T06:15:00Z,2026-08-06T08:15:00+0200,172.03,EUR/MWh,ES,ES,day_ahead_price,value,2026-08-16T21:17:48Z
2026-08-16T21:11:07Z,2026-08-16T23:11:07+0200,bac882e5-42a3-48ea-b8e2-c8e889704767,2026-08-06T06:30:00Z,2026-08-06T08:30:00+0200,160.45,EUR/MWh,ES,ES,day_ahead_price,value,2026-08-16T21:17:48Z
2026-08-16T21:11:07Z,2026-08-16T23:11:07+0200,bac882e5-42a3-48ea-b8e2-c8e889704767,2026-08-06T06:45:00Z,2026-08-06T08:45:00+0200,135.0,EUR/MWh,ES,ES,day_ahead_price,value,2026-08-16T21:17:48Z
2026-08-16T21:11:07Z,2026-08-16T23:11:07+0200,bac882e5-42a3-48ea-b8e2-c8e889704767,2026-08-06T07:00:00Z,2026-08-06T09:00:00+0200,139.63,EUR/MWh,ES,ES,day_ahead_price,value,2026-08-16T21:17:48Z
2026-08-16T21:11:07Z,2026-08-16T23:11:07+0200,bac882e5-42a3-48ea-b8e2-c8e889704767,2026-08-06T07:15:00Z,2026-08-06T09:15:00+0200,110.0,EUR/MWh,ES,ES,day_ahead_price,value,2026-08-16T21:17:48Z
2026-08-16T21:11:07Z,2026-08-16T23:11:07+0200,bac882e5-42a3-48ea-b8e2-c8e889704767,2026-08-06T07:30:00Z,2026-08-06T09:30:00+0200,90.2,EUR/MWh,ES,ES,day_ahead_price,value,2026-08-16T21:17:48Z
2026-08-16T21:11:07Z,2026-08-16T23:11:07+0200,bac882e5-42a3-48ea-b8e2-c8e889704767,2026-08-06T07:45:00Z,2026-08-06T09:45:00+0200,50.0,EUR/MWh,ES,ES,day_ahead_price,value,2026-08-16T21:17:48Z
2026-08-16T21:11:07Z,2026-08-16T23:11:07+0200,bac882e5-42a3-48ea-b8e2-c8e889704767,2026-08-06T08:00:00Z,2026-08-06T10:00:00+0200,73.8,EUR/MWh,ES,ES,day_ahead_price,value,2026-08-16T21:17:48Z
2026-08-16T21:11:07Z,2026-08-16T23:11:07+0200,bac882e5-42a3-48ea-b8e2-c8e889704767,2026-08-06T08:15:00Z,2026-08-06T10:15:00+0200,40.0,EUR/MWh,ES,ES,day_ahead_price,value,2026-08-16T21:17:48Z
2026-08-16T21:11:07Z,2026-08-16T23:11:07+0200,bac882e5-42a3-48ea-b8e2-c8e889704767,2026-08-06T08:30:00Z,2026-08-06T10:30:00+0200,13.51,EUR/MWh,ES,ES,day_ahead_price,value,2026-08-16T21:17:48Z
2026-08-16T21:11:07Z,2026-08-16T23:11:07+0200,bac882e5-42a3-48ea-b8e2-c8e889704767,2026-08-06T08:45:00Z,2026-08-06T10:45:00+0200,3.78,EUR/MWh,ES,ES,day_ahead_price,value,2026-08-16T21:17:48Z
2026-08-16T21:11:07Z,2026-08-16T23:11:07+0200,bac882e5-42a3-48ea-b8e2-c8e889704767,2026-08-06T09:00:00Z,2026-08-06T11:00:00+0200,5.99,EUR/MWh,ES,ES,day_ahead_price,value,2026-08-16T21:17:48Z
2026-08-16T21:11:07Z,2026-08-16T23:11:07+0200,bac882e5-42a3-48ea-b8e2-c8e889704767,2026-08-06T09:15:00Z,2026-08-06T11:15:00+0200,4.87,EUR/MWh,ES,ES,day_ahead_price,value,2026-08-16T21:17:48Z
2026-08-16T21:11:07Z,2026-08-16T23:11:07+0200,bac882e5-42a3-48ea-b8e2-c8e889704767,2026-08-06T09:30:00Z,2026-08-06T11:30:00+0200,4.17,EUR/MWh,ES,ES,day_ahead_price,value,2026-08-16T21:17:48Z
2026-08-16T21:11:07Z,2026-08-16T23:11:07+0200,bac882e5-42a3-48ea-b8e2-c8e889704767,2026-08-06T09:45:00Z,2026-08-06T11:45:00+0200,1.95,EUR/MWh,ES,ES,day_ahead_price,value,2026-08-16T21:17:48Z
2026-08-16T21:11:07Z,2026-08-16T23:11:07+0200,bac882e5-42a3-48ea-b8e2-c8e889704767,2026-08-06T10:00:00Z,2026-08-06T12:00:00+0200,4.91,EUR/MWh,ES,ES,day_ahead_price,value,2026-08-16T21:17:48Z
2026-08-16T21:11:07Z,2026-08-16T23:11:07+0200,bac882e5-42a3-48ea-b8e2-c8e889704767,2026-08-06T10:15:00Z,2026-08-06T12:15:00+0200,5.0,EUR/MWh,ES,ES,day_ahead_price,value,2026-08-16T21:17:48Z
2026-08-16T21:11:07Z,2026-08-16T23:11:07+0200,bac882e5-42a3-48ea-b8e2-c8e889704767,2026-08-06T10:30:00Z,2026-08-06T12:30:00+0200,5.62,EUR/MWh,ES,ES,day_ahead_price,value,2026-08-16T21:17:48Z
2026-08-16T21:11:07Z,2026-08-16T23:11:07+0200,bac882e5-42a3-48ea-b8e2-c8e889704767,2026-08-06T10:45:00Z,2026-08-06T12:45:00+0200,5.01,EUR/MWh,ES,ES,day_ahead_price,value,2026-08-16T21:17:48Z
2026-08-16T21:11:07Z,2026-08-16T23:11:07+0200,bac882e5-42a3-48ea-b8e2-c8e889704767,2026-08-06T11:00:00Z,2026-08-06T13:00:00+0200,2.0,EUR/MWh,ES,ES,day_ahead_price,value,2026-08-16T21:17:48Z
2026-08-16T21:11:07Z,2026-08-16T23:11:07+0200,bac882e5-42a3-48ea-b8e2-c8e889704767,2026-08-06T11:15:00Z,2026-08-06T13:15:00+0200,2.0,EUR/MWh,ES,ES,day_ahead_price,value,2026-08-16T21:17:48Z
2026-08-16T21:11:07Z,2026-08-16T23:11:07+0200,bac882e5-42a3-48ea-b8e2-c8e889704767,2026-08-06T11:30:00Z,2026-08-06T13:30:00+0200,1.82,EUR/MWh,ES,ES,day_ahead_price,value,2026-08-16T21:17:48Z
2026-08-16T21:11:07Z,2026-08-16T23:11:07+0200,bac882e5-42a3-48ea-b8e2-c8e889704767,2026-08-06T11:45:00Z,2026-08-06T13:45:00+0200,1.5,EUR/MWh,ES,ES,day_ahead_price,value,2026-08-16T21:17:48Z
2026-08-16T21:11:07Z,2026-08-16T23:11:07+0200,bac882e5-42a3-48ea-b8e2-c8e889704767,2026-08-06T12:00:00Z,2026-08-06T14:00:00+0200,3.36,EUR/MWh,ES,ES,day_ahead_price,value,2026-08-16T21:17:48Z
2026-08-16T21:11:07Z,2026-08-16T23:11:07+0200,bac882e5-42a3-48ea-b8e2-c8e889704767,2026-08-06T12:15:00Z,2026-08-06T14:15:00+0200,3.32,EUR/MWh,ES,ES,day_ahead_price,value,2026-08-16T21:17:48Z
2026-08-16T21:11:07Z,2026-08-16T23:11:07+0200,bac882e5-42a3-48ea-b8e2-c8e889704767,2026-08-06T12:30:00Z,2026-08-06T14:30:00+0200,3.36,EUR/MWh,ES,ES,day_ahead_price,value,2026-08-16T21:17:48Z
2026-08-16T21:11:07Z,2026-08-16T23:11:07+0200,bac882e5-42a3-48ea-b8e2-c8e889704767,2026-08-06T12:45:00Z,2026-08-06T14:45:00+0200,2.0,EUR/MWh,ES,ES,day_ahead_price,value,2026-08-16T21:17:48Z
2026-08-16T21:11:07Z,2026-08-16T23:11:07+0200,bac882e5-42a3-48ea-b8e2-c8e889704767,2026-08-06T13:00:00Z,2026-08-06T15:00:00+0200,2.86,EUR/MWh,ES,ES,day_ahead_price,value,2026-08-16T21:17:48Z
2026-08-16T21:11:07Z,2026-08-16T23:11:07+0200,bac882e5-42a3-48ea-b8e2-c8e889704767,2026-08-06T13:15:00Z,2026-08-06T15:15:00+0200,2.2,EUR/MWh,ES,ES,day_ahead_price,value,2026-08-16T21:17:48Z
2026-08-16T21:11:07Z,2026-08-16T23:11:07+0200,bac882e5-42a3-48ea-b8e2-c8e889704767,2026-08-06T13:30:00Z,2026-08-06T15:30:00+0200,1.82,EUR/MWh,ES,ES,day_ahead_price,value,2026-08-16T21:17:48Z
2026-08-16T21:11:07Z,2026-08-16T23:11:07+0200,bac882e5-42a3-48ea-b8e2-c8e889704767,2026-08-06T13:45:00Z,2026-08-06T15:45:00+0200,2.2,EUR/MWh,ES,ES,day_ahead_price,value,2026-08-16T21:17:48Z
2026-08-16T21:11:07Z,2026-08-16T23:11:07+0200,bac882e5-42a3-48ea-b8e2-c8e889704767,2026-08-06T14:00:00Z,2026-08-06T16:00:00+0200,1.95,EUR/MWh,ES,ES,day_ahead_price,value,2026-08-16T21:17:48Z
2026-08-16T21:11:07Z,2026-08-16T23:11:07+0200,bac882e5-42a3-48ea-b8e2-c8e889704767,2026-08-06T14:15:00Z,2026-08-06T16:15:00+0200,2.81,EUR/MWh,ES,ES,day_ahead_price,value,2026-08-16T21:17:48Z
2026-08-16T21:11:07Z,2026-08-16T23:11:07+0200,bac882e5-42a3-48ea-b8e2-c8e889704767,2026-08-06T14:30:00Z,2026-08-06T16:30:00+0200,2.81,EUR/MWh,ES,ES,day_ahead_price,value,2026-08-16T21:17:48Z
2026-08-16T21:11:07Z,2026-08-16T23:11:07+0200,bac882e5-42a3-48ea-b8e2-c8e889704767,2026-08-06T14:45:00Z,2026-08-06T16:45:00+0200,6.76,EUR/MWh,ES,ES,day_ahead_price,value,2026-08-16T21:17:48Z
2026-08-16T21:11:07Z,2026-08-16T23:11:07+0200,bac882e5-42a3-48ea-b8e2-c8e889704767,2026-08-06T15:00:00Z,2026-08-06T17:00:00+0200,9.58,EUR/MWh,ES,ES,day_ahead_price,value,2026-08-16T21:17:48Z
2026-08-16T21:11:07Z,2026-08-16T23:11:07+0200,bac882e5-42a3-48ea-b8e2-c8e889704767,2026-08-06T15:15:00Z,2026-08-06T17:15:00+0200,35.26,EUR/MWh,ES,ES,day_ahead_price,value,2026-08-16T21:17:48Z
2026-08-16T21:11:07Z,2026-08-16T23:11:07+0200,bac882e5-42a3-48ea-b8e2-c8e889704767,2026-08-06T15:30:00Z,2026-08-06T17:30:00+0200,59.2,EUR/MWh,ES,ES,day_ahead_price,value,2026-08-16T21:17:48Z
2026-08-16T21:11:07Z,2026-08-16T23:11:07+0200,bac882e5-42a3-48ea-b8e2-c8e889704767,2026-08-06T15:45:00Z,2026-08-06T17:45:00+0200,80.04,EUR/MWh,ES,ES,day_ahead_price,value,2026-08-16T21:17:48Z
2026-08-16T21:11:07Z,2026-08-16T23:11:07+0200,bac882e5-42a3-48ea-b8e2-c8e889704767,2026-08-06T16:00:00Z,2026-08-06T18:00:00+0200,82.09,EUR/MWh,ES,ES,day_ahead_price,value,2026-08-16T21:17:48Z
2026-08-16T21:11:07Z,2026-08-16T23:11:07+0200,bac882e5-42a3-48ea-b8e2-c8e889704767,2026-08-06T16:15:00Z,2026-08-06T18:15:00+0200,96.82,EUR/MWh,ES,ES,day_ahead_price,value,2026-08-16T21:17:48Z
2026-08-16T21:11:07Z,2026-08-16T23:11:07+0200,bac882e5-42a3-48ea-b8e2-c8e889704767,2026-08-06T16:30:00Z,2026-08-06T18:30:00+0200,97.21,EUR/MWh,ES,ES,day_ahead_price,value,2026-08-16T21:17:48Z
2026-08-16T21:11:07Z,2026-08-16T23:11:07+0200,bac882e5-42a3-48ea-b8e2-c8e889704767,2026-08-06T16:45:00Z,2026-08-06T18:45:00+0200,99.0,EUR/MWh,ES,ES,day_ahead_price,value,2026-08-16T21:17:48Z
2026-08-16T21:11:07Z,2026-08-16T23:11:07+0200,bac882e5-42a3-48ea-b8e2-c8e889704767,2026-08-06T17:00:00Z,2026-08-06T19:00:00+0200,98.47,EUR/MWh,ES,ES,day_ahead_price,value,2026-08-16T21:17:48Z
2026-08-16T21:11:07Z,2026-08-16T23:11:07+0200,bac882e5-42a3-48ea-b8e2-c8e889704767,2026-08-06T17:15:00Z,2026-08-06T19:15:00+0200,141.72,EUR/MWh,ES,ES,day_ahead_price,value,2026-08-16T21:17:48Z
2026-08-16T21:11:07Z,2026-08-16T23:11:07+0200,bac882e5-42a3-48ea-b8e2-c8e889704767,2026-08-06T17:30:00Z,2026-08-06T19:30:00+0200,160.29,EUR/MWh,ES,ES,day_ahead_price,value,2026-08-16T21:17:48Z
2026-08-16T21:11:07Z,2026-08-16T23:11:07+0200,bac882e5-42a3-48ea-b8e2-c8e889704767,2026-08-06T17:45:00Z,2026-08-06T19:45:00+0200,173.07,EUR/MWh,ES,ES,day_ahead_price,value,2026-08-16T21:17:48Z
2026-08-16T21:11:07Z,2026-08-16T23:11:07+0200,bac882e5-42a3-48ea-b8e2-c8e889704767,2026-08-06T18:00:00Z,2026-08-06T20:00:00+0200,152.47,EUR/MWh,ES,ES,day_ahead_price,value,2026-08-16T21:17:48Z
2026-08-16T21:11:07Z,2026-08-16T23:11:07+0200,bac882e5-42a3-48ea-b8e2-c8e889704767,2026-08-06T18:15:00Z,2026-08-06T20:15:00+0200,170.0,EUR/MWh,ES,ES,day_ahead_price,value,2026-08-16T21:17:48Z
2026-08-16T21:11:07Z,2026-08-16T23:11:07+0200,bac882e5-42a3-48ea-b8e2-c8e889704767,2026-08-06T18:30:00Z,2026-08-06T20:30:00+0200,178.47,EUR/MWh,ES,ES,day_ahead_price,value,2026-08-16T21:17:48Z
2026-08-16T21:11:07Z,2026-08-16T23:11:07+0200,bac882e5-42a3-48ea-b8e2-c8e889704767,2026-08-06T18:45:00Z,2026-08-06T20:45:00+0200,185.65,EUR/MWh,ES,ES,day_ahead_price,value,2026-08-16T21:17:48Z
2026-08-16T21:11:07Z,2026-08-16T23:11:07+0200,bac882e5-42a3-48ea-b8e2-c8e889704767,2026-08-06T19:00:00Z,2026-08-06T21:00:00+0200,199.18,EUR/MWh,ES,ES,day_ahead_price,value,2026-08-16T21:17:48Z
2026-08-16T21:11:07Z,2026-08-16T23:11:07+0200,bac882e5-42a3-48ea-b8e2-c8e889704767,2026-08-06T19:15:00Z,2026-08-06T21:15:00+0200,209.39,EUR/MWh,ES,ES,day_ahead_price,value,2026-08-16T21:17:48Z
2026-08-16T21:11:07Z,2026-08-16T23:11:07+0200,bac882e5-42a3-48ea-b8e2-c8e889704767,2026-08-06T19:30:00Z,2026-08-06T21:30:00+0200,209.61,EUR/MWh,ES,ES,day_ahead_price,value,2026-08-16T21:17:48Z
2026-08-16T21:11:07Z,2026-08-16T23:11:07+0200,bac882e5-42a3-48ea-b8e2-c8e889704767,2026-08-06T19:45:00Z,2026-08-06T21:45:00+0200,207.39,EUR/MWh,ES,ES,day_ahead_price,value,2026-08-16T21:17:48Z
2026-08-16T21:11:07Z,2026-08-16T23:11:07+0200,bac882e5-42a3-48ea-b8e2-c8e889704767,2026-08-06T20:00:00Z,2026-08-06T22:00:00+0200,192.67,EUR/MWh,ES,ES,day_ahead_price,value,2026-08-16T21:17:48Z
2026-08-16T21:11:07Z,2026-08-16T23:11:07+0200,bac882e5-42a3-48ea-b8e2-c8e889704767,2026-08-06T20:15:00Z,2026-08-06T22:15:00+0200,187.65,EUR/MWh,ES,ES,day_ahead_price,value,2026-08-16T21:17:48Z
2026-08-16T21:11:07Z,2026-08-16T23:11:07+0200,bac882e5-42a3-48ea-b8e2-c8e889704767,2026-08-06T20:30:00Z,2026-08-06T22:30:00+0200,185.65,EUR/MWh,ES,ES,day_ahead_price,value,2026-08-16T21:17:48Z
2026-08-16T21:11:07Z,2026-08-16T23:11:07+0200,bac882e5-42a3-48ea-b8e2-c8e889704767,2026-08-06T20:45:00Z,2026-08-06T22:45:00+0200,180.01,EUR/MWh,ES,ES,day_ahead_price,value,2026-08-16T21:17:48Z
2026-08-16T21:11:07Z,2026-08-16T23:11:07+0200,bac882e5-42a3-48ea-b8e2-c8e889704767,2026-08-06T21:00:00Z,2026-08-06T23:00:00+0200,175.36,EUR/MWh,ES,ES,day_ahead_price,value,2026-08-16T21:17:48Z
2026-08-16T21:11:07Z,2026-08-16T23:11:07+0200,bac882e5-42a3-48ea-b8e2-c8e889704767,2026-08-06T21:15:00Z,2026-08-06T23:15:00+0200,173.03,EUR/MWh,ES,ES,day_ahead_price,value,2026-08-16T21:17:48Z
2026-08-16T21:11:07Z,2026-08-16T23:11:07+0200,bac882e5-42a3-48ea-b8e2-c8e889704767,2026-08-06T21:30:00Z,2026-08-06T23:30:00+0200,170.21,EUR/MWh,ES,ES,day_ahead_price,value,2026-08-16T21:17:48Z
2026-08-16T21:11:07Z,2026-08-16T23:11:07+0200,bac882e5-42a3-48ea-b8e2-c8e889704767,2026-08-06T21:45:00Z,2026-08-06T23:45:00+0200,169.21,EUR/MWh,ES,ES,day_ahead_price,value,2026-08-16T21:17:48Z
2026-08-16T21:11:07Z,2026-08-16T23:11:07+0200,bac882e5-42a3-48ea-b8e2-c8e889704767,2026-08-06T22:00:00Z,2026-08-07T00:00:00+0200,165.76,EUR/MWh,ES,ES,day_ahead_price,value,2026-08-16T21:17:48Z
2026-08-16T21:11:07Z,2026-08-16T23:11:07+0200,bac882e5-42a3-48ea-b8e2-c8e889704767,2026-08-06T22:15:00Z,2026-08-07T00:15:00+0200,165.4,EUR/MWh,ES,ES,day_ahead_price,value,2026-08-16T21:17:48Z
2026-08-16T21:11:07Z,2026-08-16T23:11:07+0200,bac882e5-42a3-48ea-b8e2-c8e889704767,2026-08-06T22:30:00Z,2026-08-07T00:30:00+0200,161.81,EUR/MWh,ES,ES,day_ahead_price,value,2026-08-16T21:17:48Z
2026-08-16T21:11:07Z,2026-08-16T23:11:07+0200,bac882e5-42a3-48ea-b8e2-c8e889704767,2026-08-06T22:45:00Z,2026-08-07T00:45:00+0200,160.0,EUR/MWh,ES,ES,day_ahead_price,value,2026-08-16T21:17:48Z
2026-08-16T21:11:07Z,2026-08-16T23:11:07+0200,bac882e5-42a3-48ea-b8e2-c8e889704767,2026-08-06T23:00:00Z,2026-08-07T01:00:00+0200,159.14,EUR/MWh,ES,ES,day_ahead_price,value,2026-08-16T21:17:48Z
2026-08-16T21:11:07Z,2026-08-16T23:11:07+0200,bac882e5-42a3-48ea-b8e2-c8e889704767,2026-08-06T23:15:00Z,2026-08-07T01:15:00+0200,158.14,EUR/MWh,ES,ES,day_ahead_price,value,2026-08-16T21:17:48Z
2026-08-16T21:11:07Z,2026-08-16T23:11:07+0200,bac882e5-42a3-48ea-b8e2-c8e889704767,2026-08-06T23:30:00Z,2026-08-07T01:30:00+0200,157.56,EUR/MWh,ES,ES,day_ahead_price,value,2026-08-16T21:17:48Z
2026-08-16T21:11:07Z,2026-08-16T23:11:07+0200,bac882e5-42a3-48ea-b8e2-c8e889704767,2026-08-06T23:45:00Z,2026-08-07T01:45:00+0200,157.2,EUR/MWh,ES,ES,day_ahead_price,value,2026-08-16T21:17:48Z
2026-08-16T21:11:07Z,2026-08-16T23:11:07+0200,bac882e5-42a3-48ea-b8e2-c8e889704767,2026-08-07T00:00:00Z,2026-08-07T02:00:00+0200,157.65,EUR/MWh,ES,ES,day_ahead_price,value,2026-08-16T21:17:48Z
2026-08-16T21:11:07Z,2026-08-16T23:11:07+0200,bac882e5-42a3-48ea-b8e2-c8e889704767,2026-08-07T00:15:00Z,2026-08-07T02:15:00+0200,157.56,EUR/MWh,ES,ES,day_ahead_price,value,2026-08-16T21:17:48Z
2026-08-16T21:11:07Z,2026-08-16T23:11:07+0200,bac882e5-42a3-48ea-b8e2-c8e889704767,2026-08-07T00:30:00Z,2026-08-07T02:30:00+0200,157.56,EUR/MWh,ES,ES,day_ahead_price,value,2026-08-16T21:17:48Z
2026-08-16T21:11:07Z,2026-08-16T23:11:07+0200,bac882e5-42a3-48ea-b8e2-c8e889704767,2026-08-07T00:45:00Z,2026-08-07T02:45:00+0200,157.35,EUR/MWh,ES,ES,day_ahead_price,value,2026-08-16T21:17:48Z
2026-08-16T21:11:07Z,2026-08-16T23:11:07+0200,bac882e5-42a3-48ea-b8e2-c8e889704767,2026-08-07T01:00:00Z,2026-08-07T03:00:00+0200,157.56,EUR/MWh,ES,ES,day_ahead_price,value,2026-08-16T21:17:48Z
2026-08-16T21:11:07Z,2026-08-16T23:11:07+0200,bac882e5-42a3-48ea-b8e2-c8e889704767,2026-08-07T01:15:00Z,2026-08-07T03:15:00+0200,157.35,EUR/MWh,ES,ES,day_ahead_price,value,2026-08-16T21:17:48Z
2026-08-16T21:11:07Z,2026-08-16T23:11:07+0200,bac882e5-42a3-48ea-b8e2-c8e889704767,2026-08-07T01:30:00Z,2026-08-07T03:30:00+0200,157.2,EUR/MWh,ES,ES,day_ahead_price,value,2026-08-16T21:17:48Z
2026-08-16T21:11:07Z,2026-08-16T23:11:07+0200,bac882e5-42a3-48ea-b8e2-c8e889704767,2026-08-07T01:45:00Z,2026-08-07T03:45:00+0200,156.4,EUR/MWh,ES,ES,day_ahead_price,value,2026-08-16T21:17:48Z
2026-08-16T21:11:07Z,2026-08-16T23:11:07+0200,bac882e5-42a3-48ea-b8e2-c8e889704767,2026-08-07T02:00:00Z,2026-08-07T04:00:00+0200,156.4,EUR/MWh,ES,ES,day_ahead_price,value,2026-08-16T21:17:48Z
2026-08-16T21:11:07Z,2026-08-16T23:11:07+0200,bac882e5-42a3-48ea-b8e2-c8e889704767,2026-08-07T02:15:00Z,2026-08-07T04:15:00+0200,156.4,EUR/MWh,ES,ES,day_ahead_price,value,2026-08-16T21:17:48Z
2026-08-16T21:11:07Z,2026-08-16T23:11:07+0200,bac882e5-42a3-48ea-b8e2-c8e889704767,2026-08-07T02:30:00Z,2026-08-07T04:30:00+0200,156.4,EUR/MWh,ES,ES,day_ahead_price,value,2026-08-16T21:17:48Z
2026-08-16T21:11:07Z,2026-08-16T23:11:07+0200,bac882e5-42a3-48ea-b8e2-c8e889704767,2026-08-07T02:45:00Z,2026-08-07T04:45:00+0200,157.2,EUR/MWh,ES,ES,day_ahead_price,value,2026-08-16T21:17:48Z
2026-08-16T21:11:07Z,2026-08-16T23:11:07+0200,bac882e5-42a3-48ea-b8e2-c8e889704767,2026-08-07T03:00:00Z,2026-08-07T05:00:00+0200,156.4,EUR/MWh,ES,ES,day_ahead_price,value,2026-08-16T21:17:48Z
2026-08-16T21:11:07Z,2026-08-16T23:11:07+0200,bac882e5-42a3-48ea-b8e2-c8e889704767,2026-08-07T03:15:00Z,2026-08-07T05:15:00+0200,156.4,EUR/MWh,ES,ES,day_ahead_price,value,2026-08-16T21:17:48Z
2026-08-16T21:11:07Z,2026-08-16T23:11:07+0200,bac882e5-42a3-48ea-b8e2-c8e889704767,2026-08-07T03:30:00Z,2026-08-07T05:30:00+0200,157.56,EUR/MWh,ES,ES,day_ahead_price,value,2026-08-16T21:17:48Z
2026-08-16T21:11:07Z,2026-08-16T23:11:07+0200,bac882e5-42a3-48ea-b8e2-c8e889704767,2026-08-07T03:45:00Z,2026-08-07T05:45:00+0200,159.08,EUR/MWh,ES,ES,day_ahead_price,value,2026-08-16T21:17:48Z
2026-08-16T21:11:07Z,2026-08-16T23:11:07+0200,bac882e5-42a3-48ea-b8e2-c8e889704767,2026-08-07T04:00:00Z,2026-08-07T06:00:00+0200,158.14,EUR/MWh,ES,ES,day_ahead_price,value,2026-08-16T21:17:48Z
2026-08-16T21:11:07Z,2026-08-16T23:11:07+0200,bac882e5-42a3-48ea-b8e2-c8e889704767,2026-08-07T04:15:00Z,2026-08-07T06:15:00+0200,160.14,EUR/MWh,ES,ES,day_ahead_price,value,2026-08-16T21:17:48Z
2026-08-16T21:11:07Z,2026-08-16T23:11:07+0200,bac882e5-42a3-48ea-b8e2-c8e889704767,2026-08-07T04:30:00Z,2026-08-07T06:30:00+0200,165.76,EUR/MWh,ES,ES,day_ahead_price,value,2026-08-16T21:17:48Z
2026-08-16T21:11:07Z,2026-08-16T23:11:07+0200,bac882e5-42a3-48ea-b8e2-c8e889704767,2026-08-07T04:45:00Z,2026-08-07T06:45:00+0200,166.4,EUR/MWh,ES,ES,day_ahead_price,value,2026-08-16T21:17:48Z
2026-08-16T21:11:07Z,2026-08-16T23:11:07+0200,bac882e5-42a3-48ea-b8e2-c8e889704767,2026-08-07T05:00:00Z,2026-08-07T07:00:00+0200,176.71,EUR/MWh,ES,ES,day_ahead_price,value,2026-08-16T21:17:48Z
2026-08-16T21:11:07Z,2026-08-16T23:11:07+0200,bac882e5-42a3-48ea-b8e2-c8e889704767,2026-08-07T05:15:00Z,2026-08-07T07:15:00+0200,177.71,EUR/MWh,ES,ES,day_ahead_price,value,2026-08-16T21:17:48Z
2026-08-16T21:11:07Z,2026-08-16T23:11:07+0200,bac882e5-42a3-48ea-b8e2-c8e889704767,2026-08-07T05:30:00Z,2026-08-07T07:30:00+0200,177.71,EUR/MWh,ES,ES,day_ahead_price,value,2026-08-16T21:17:48Z
2026-08-16T21:11:07Z,2026-08-16T23:11:07+0200,bac882e5-42a3-48ea-b8e2-c8e889704767,2026-08-07T05:45:00Z,2026-08-07T07:45:00+0200,175.71,EUR/MWh,ES,ES,day_ahead_price,value,2026-08-16T21:17:48Z
2026-08-16T21:11:07Z,2026-08-16T23:11:07+0200,bac882e5-42a3-48ea-b8e2-c8e889704767,2026-08-07T06:00:00Z,2026-08-07T08:00:00+0200,166.93,EUR/MWh,ES,ES,day_ahead_price,value,2026-08-16T21:17:48Z
2026-08-16T21:11:07Z,2026-08-16T23:11:07+0200,bac882e5-42a3-48ea-b8e2-c8e889704767,2026-08-07T06:15:00Z,2026-08-07T08:15:00+0200,157.65,EUR/MWh,ES,ES,day_ahead_price,value,2026-08-16T21:17:48Z
2026-08-16T21:11:07Z,2026-08-16T23:11:07+0200,bac882e5-42a3-48ea-b8e2-c8e889704767,2026-08-07T06:30:00Z,2026-08-07T08:30:00+0200,150.0,EUR/MWh,ES,ES,day_ahead_price,value,2026-08-16T21:17:48Z
2026-08-16T21:11:07Z,2026-08-16T23:11:07+0200,bac882e5-42a3-48ea-b8e2-c8e889704767,2026-08-07T06:45:00Z,2026-08-07T08:45:00+0200,148.29,EUR/MWh,ES,ES,day_ahead_price,value,2026-08-16T21:17:48Z
2026-08-16T21:11:07Z,2026-08-16T23:11:07+0200,bac882e5-42a3-48ea-b8e2-c8e889704767,2026-08-07T07:00:00Z,2026-08-07T09:00:00+0200,154.4,EUR/MWh,ES,ES,day_ahead_price,value,2026-08-16T21:17:48Z
2026-08-16T21:11:07Z,2026-08-16T23:11:07+0200,bac882e5-42a3-48ea-b8e2-c8e889704767,2026-08-07T07:15:00Z,2026-08-07T09:15:00+0200,130.3,EUR/MWh,ES,ES,day_ahead_price,value,2026-08-16T21:17:48Z
2026-08-16T21:11:07Z,2026-08-16T23:11:07+0200,bac882e5-42a3-48ea-b8e2-c8e889704767,2026-08-07T07:30:00Z,2026-08-07T09:30:00+0200,110.0,EUR/MWh,ES,ES,day_ahead_price,value,2026-08-16T21:17:48Z
2026-08-16T21:11:07Z,2026-08-16T23:11:07+0200,bac882e5-42a3-48ea-b8e2-c8e889704767,2026-08-07T07:45:00Z,2026-08-07T09:45:00+0200,93.88,EUR/MWh,ES,ES,day_ahead_price,value,2026-08-16T21:17:48Z
2026-08-16T21:11:07Z,2026-08-16T23:11:07+0200,bac882e5-42a3-48ea-b8e2-c8e889704767,2026-08-07T08:00:00Z,2026-08-07T10:00:00+0200,93.88,EUR/MWh,ES,ES,day_ahead_price,value,2026-08-16T21:17:48Z
2026-08-16T21:11:07Z,2026-08-16T23:11:07+0200,bac882e5-42a3-48ea-b8e2-c8e889704767,2026-08-07T08:15:00Z,2026-08-07T10:15:00+0200,77.35,EUR/MWh,ES,ES,day_ahead_price,value,2026-08-16T21:17:48Z
2026-08-16T21:11:07Z,2026-08-16T23:11:07+0200,bac882e5-42a3-48ea-b8e2-c8e889704767,2026-08-07T08:30:00Z,2026-08-07T10:30:00+0200,54.99,EUR/MWh,ES,ES,day_ahead_price,value,2026-08-16T21:17:48Z
2026-08-16T21:11:07Z,2026-08-16T23:11:07+0200,bac882e5-42a3-48ea-b8e2-c8e889704767,2026-08-07T08:45:00Z,2026-08-07T10:45:00+0200,38.66,EUR/MWh,ES,ES,day_ahead_price,value,2026-08-16T21:17:48Z
2026-08-16T21:11:07Z,2026-08-16T23:11:07+0200,bac882e5-42a3-48ea-b8e2-c8e889704767,2026-08-07T09:00:00Z,2026-08-07T11:00:00+0200,40.95,EUR/MWh,ES,ES,day_ahead_price,value,2026-08-16T21:17:48Z
2026-08-16T21:11:07Z,2026-08-16T23:11:07+0200,bac882e5-42a3-48ea-b8e2-c8e889704767,2026-08-07T09:15:00Z,2026-08-07T11:15:00+0200,37.45,EUR/MWh,ES,ES,day_ahead_price,value,2026-08-16T21:17:48Z
2026-08-16T21:11:07Z,2026-08-16T23:11:07+0200,bac882e5-42a3-48ea-b8e2-c8e889704767,2026-08-07T09:30:00Z,2026-08-07T11:30:00+0200,25.01,EUR/MWh,ES,ES,day_ahead_price,value,2026-08-16T21:17:48Z
2026-08-16T21:11:07Z,2026-08-16T23:11:07+0200,bac882e5-42a3-48ea-b8e2-c8e889704767,2026-08-07T09:45:00Z,2026-08-07T11:45:00+0200,20.02,EUR/MWh,ES,ES,day_ahead_price,value,2026-08-16T21:17:48Z
2026-08-16T21:11:07Z,2026-08-16T23:11:07+0200,bac882e5-42a3-48ea-b8e2-c8e889704767,2026-08-07T10:00:00Z,2026-08-07T12:00:00+0200,25.01,EUR/MWh,ES,ES,day_ahead_price,value,2026-08-16T21:17:48Z
2026-08-16T21:11:07Z,2026-08-16T23:11:07+0200,bac882e5-42a3-48ea-b8e2-c8e889704767,2026-08-07T10:15:00Z,2026-08-07T12:15:00+0200,20.02,EUR/MWh,ES,ES,day_ahead_price,value,2026-08-16T21:17:48Z
2026-08-16T21:11:07Z,2026-08-16T23:11:07+0200,bac882e5-42a3-48ea-b8e2-c8e889704767,2026-08-07T10:30:00Z,2026-08-07T12:30:00+0200,16.75,EUR/MWh,ES,ES,day_ahead_price,value,2026-08-16T21:17:48Z
2026-08-16T21:11:07Z,2026-08-16T23:11:07+0200,bac882e5-42a3-48ea-b8e2-c8e889704767,2026-08-07T10:45:00Z,2026-08-07T12:45:00+0200,20.02,EUR/MWh,ES,ES,day_ahead_price,value,2026-08-16T21:17:48Z
2026-08-16T21:11:07Z,2026-08-16T23:11:07+0200,bac882e5-42a3-48ea-b8e2-c8e889704767,2026-08-07T11:00:00Z,2026-08-07T13:00:00+0200,15.0,EUR/MWh,ES,ES,day_ahead_price,value,2026-08-16T21:17:48Z
2026-08-16T21:11:07Z,2026-08-16T23:11:07+0200,bac882e5-42a3-48ea-b8e2-c8e889704767,2026-08-07T11:15:00Z,2026-08-07T13:15:00+0200,6.01,EUR/MWh,ES,ES,day_ahead_price,value,2026-08-16T21:17:48Z
2026-08-16T21:11:07Z,2026-08-16T23:11:07+0200,bac882e5-42a3-48ea-b8e2-c8e889704767,2026-08-07T11:30:00Z,2026-08-07T13:30:00+0200,5.01,EUR/MWh,ES,ES,day_ahead_price,value,2026-08-16T21:17:48Z
2026-08-16T21:11:07Z,2026-08-16T23:11:07+0200,bac882e5-42a3-48ea-b8e2-c8e889704767,2026-08-07T11:45:00Z,2026-08-07T13:45:00+0200,5.0,EUR/MWh,ES,ES,day_ahead_price,value,2026-08-16T21:17:48Z
2026-08-16T21:11:07Z,2026-08-16T23:11:07+0200,bac882e5-42a3-48ea-b8e2-c8e889704767,2026-08-07T12:00:00Z,2026-08-07T14:00:00+0200,9.79,EUR/MWh,ES,ES,day_ahead_price,value,2026-08-16T21:17:48Z
2026-08-16T21:11:07Z,2026-08-16T23:11:07+0200,bac882e5-42a3-48ea-b8e2-c8e889704767,2026-08-07T12:15:00Z,2026-08-07T14:15:00+0200,11.77,EUR/MWh,ES,ES,day_ahead_price,value,2026-08-16T21:17:48Z
2026-08-16T21:11:07Z,2026-08-16T23:11:07+0200,bac882e5-42a3-48ea-b8e2-c8e889704767,2026-08-07T12:30:00Z,2026-08-07T14:30:00+0200,16.48,EUR/MWh,ES,ES,day_ahead_price,value,2026-08-16T21:17:48Z
2026-08-16T21:11:07Z,2026-08-16T23:11:07+0200,bac882e5-42a3-48ea-b8e2-c8e889704767,2026-08-07T12:45:00Z,2026-08-07T14:45:00+0200,20.02,EUR/MWh,ES,ES,day_ahead_price,value,2026-08-16T21:17:48Z
2026-08-16T21:11:07Z,2026-08-16T23:11:07+0200,bac882e5-42a3-48ea-b8e2-c8e889704767,2026-08-07T13:00:00Z,2026-08-07T15:00:00+0200,20.52,EUR/MWh,ES,ES,day_ahead_price,value,2026-08-16T21:17:48Z
2026-08-16T21:11:07Z,2026-08-16T23:11:07+0200,bac882e5-42a3-48ea-b8e2-c8e889704767,2026-08-07T13:15:00Z,2026-08-07T15:15:00+0200,17.17,EUR/MWh,ES,ES,day_ahead_price,value,2026-08-16T21:17:48Z
2026-08-16T21:11:07Z,2026-08-16T23:11:07+0200,bac882e5-42a3-48ea-b8e2-c8e889704767,2026-08-07T13:30:00Z,2026-08-07T15:30:00+0200,14.26,EUR/MWh,ES,ES,day_ahead_price,value,2026-08-16T21:17:48Z
2026-08-16T21:11:07Z,2026-08-16T23:11:07+0200,bac882e5-42a3-48ea-b8e2-c8e889704767,2026-08-07T13:45:00Z,2026-08-07T15:45:00+0200,20.02,EUR/MWh,ES,ES,day_ahead_price,value,2026-08-16T21:17:48Z
2026-08-16T21:11:07Z,2026-08-16T23:11:07+0200,bac882e5-42a3-48ea-b8e2-c8e889704767,2026-08-07T14:00:00Z,2026-08-07T16:00:00+0200,11.29,EUR/MWh,ES,ES,day_ahead_price,value,2026-08-16T21:17:48Z
2026-08-16T21:11:07Z,2026-08-16T23:11:07+0200,bac882e5-42a3-48ea-b8e2-c8e889704767,2026-08-07T14:15:00Z,2026-08-07T16:15:00+0200,24.18,EUR/MWh,ES,ES,day_ahead_price,value,2026-08-16T21:17:48Z
2026-08-16T21:11:07Z,2026-08-16T23:11:07+0200,bac882e5-42a3-48ea-b8e2-c8e889704767,2026-08-07T14:30:00Z,2026-08-07T16:30:00+0200,36.82,EUR/MWh,ES,ES,day_ahead_price,value,2026-08-16T21:17:48Z
2026-08-16T21:11:07Z,2026-08-16T23:11:07+0200,bac882e5-42a3-48ea-b8e2-c8e889704767,2026-08-07T14:45:00Z,2026-08-07T16:45:00+0200,41.32,EUR/MWh,ES,ES,day_ahead_price,value,2026-08-16T21:17:48Z
2026-08-16T21:11:07Z,2026-08-16T23:11:07+0200,bac882e5-42a3-48ea-b8e2-c8e889704767,2026-08-07T15:00:00Z,2026-08-07T17:00:00+0200,62.9,EUR/MWh,ES,ES,day_ahead_price,value,2026-08-16T21:17:48Z
2026-08-16T21:11:07Z,2026-08-16T23:11:07+0200,bac882e5-42a3-48ea-b8e2-c8e889704767,2026-08-07T15:15:00Z,2026-08-07T17:15:00+0200,77.65,EUR/MWh,ES,ES,day_ahead_price,value,2026-08-16T21:17:48Z
2026-08-16T21:11:07Z,2026-08-16T23:11:07+0200,bac882e5-42a3-48ea-b8e2-c8e889704767,2026-08-07T15:30:00Z,2026-08-07T17:30:00+0200,90.04,EUR/MWh,ES,ES,day_ahead_price,value,2026-08-16T21:17:48Z
2026-08-16T21:11:07Z,2026-08-16T23:11:07+0200,bac882e5-42a3-48ea-b8e2-c8e889704767,2026-08-07T15:45:00Z,2026-08-07T17:45:00+0200,96.19,EUR/MWh,ES,ES,day_ahead_price,value,2026-08-16T21:17:48Z
2026-08-16T21:11:07Z,2026-08-16T23:11:07+0200,bac882e5-42a3-48ea-b8e2-c8e889704767,2026-08-07T16:00:00Z,2026-08-07T18:00:00+0200,96.19,EUR/MWh,ES,ES,day_ahead_price,value,2026-08-16T21:17:48Z
2026-08-16T21:11:07Z,2026-08-16T23:11:07+0200,bac882e5-42a3-48ea-b8e2-c8e889704767,2026-08-07T16:15:00Z,2026-08-07T18:15:00+0200,109.0,EUR/MWh,ES,ES,day_ahead_price,value,2026-08-16T21:17:48Z
2026-08-16T21:11:07Z,2026-08-16T23:11:07+0200,bac882e5-42a3-48ea-b8e2-c8e889704767,2026-08-07T16:30:00Z,2026-08-07T18:30:00+0200,130.0,EUR/MWh,ES,ES,day_ahead_price,value,2026-08-16T21:17:48Z
2026-08-16T21:11:07Z,2026-08-16T23:11:07+0200,bac882e5-42a3-48ea-b8e2-c8e889704767,2026-08-07T16:45:00Z,2026-08-07T18:45:00+0200,149.87,EUR/MWh,ES,ES,day_ahead_price,value,2026-08-16T21:17:48Z
2026-08-16T21:11:07Z,2026-08-16T23:11:07+0200,bac882e5-42a3-48ea-b8e2-c8e889704767,2026-08-07T17:00:00Z,2026-08-07T19:00:00+0200,125.0,EUR/MWh,ES,ES,day_ahead_price,value,2026-08-16T21:17:48Z
2026-08-16T21:11:07Z,2026-08-16T23:11:07+0200,bac882e5-42a3-48ea-b8e2-c8e889704767,2026-08-07T17:15:00Z,2026-08-07T19:15:00+0200,149.63,EUR/MWh,ES,ES,day_ahead_price,value,2026-08-16T21:17:48Z
2026-08-16T21:11:07Z,2026-08-16T23:11:07+0200,bac882e5-42a3-48ea-b8e2-c8e889704767,2026-08-07T17:30:00Z,2026-08-07T19:30:00+0200,159.08,EUR/MWh,ES,ES,day_ahead_price,value,2026-08-16T21:17:48Z
2026-08-16T21:11:07Z,2026-08-16T23:11:07+0200,bac882e5-42a3-48ea-b8e2-c8e889704767,2026-08-07T17:45:00Z,2026-08-07T19:45:00+0200,167.59,EUR/MWh,ES,ES,day_ahead_price,value,2026-08-16T21:17:48Z
2026-08-16T21:11:07Z,2026-08-16T23:11:07+0200,bac882e5-42a3-48ea-b8e2-c8e889704767,2026-08-07T18:00:00Z,2026-08-07T20:00:00+0200,154.27,EUR/MWh,ES,ES,day_ahead_price,value,2026-08-16T21:17:48Z
2026-08-16T21:11:07Z,2026-08-16T23:11:07+0200,bac882e5-42a3-48ea-b8e2-c8e889704767,2026-08-07T18:15:00Z,2026-08-07T20:15:00+0200,165.76,EUR/MWh,ES,ES,day_ahead_price,value,2026-08-16T21:17:48Z
2026-08-16T21:11:07Z,2026-08-16T23:11:07+0200,bac882e5-42a3-48ea-b8e2-c8e889704767,2026-08-07T18:30:00Z,2026-08-07T20:30:00+0200,178.71,EUR/MWh,ES,ES,day_ahead_price,value,2026-08-16T21:17:48Z
2026-08-16T21:11:07Z,2026-08-16T23:11:07+0200,bac882e5-42a3-48ea-b8e2-c8e889704767,2026-08-07T18:45:00Z,2026-08-07T20:45:00+0200,198.51,EUR/MWh,ES,ES,day_ahead_price,value,2026-08-16T21:17:48Z
2026-08-16T21:11:07Z,2026-08-16T23:11:07+0200,bac882e5-42a3-48ea-b8e2-c8e889704767,2026-08-07T19:00:00Z,2026-08-07T21:00:00+0200,212.01,EUR/MWh,ES,ES,day_ahead_price,value,2026-08-16T21:17:48Z
2026-08-16T21:11:07Z,2026-08-16T23:11:07+0200,bac882e5-42a3-48ea-b8e2-c8e889704767,2026-08-07T19:15:00Z,2026-08-07T21:15:00+0200,220.0,EUR/MWh,ES,ES,day_ahead_price,value,2026-08-16T21:17:48Z
2026-08-16T21:11:07Z,2026-08-16T23:11:07+0200,bac882e5-42a3-48ea-b8e2-c8e889704767,2026-08-07T19:30:00Z,2026-08-07T21:30:00+0200,216.01,EUR/MWh,ES,ES,day_ahead_price,value,2026-08-16T21:17:48Z
2026-08-16T21:11:07Z,2026-08-16T23:11:07+0200,bac882e5-42a3-48ea-b8e2-c8e889704767,2026-08-07T19:45:00Z,2026-08-07T21:45:00+0200,212.5,EUR/MWh,ES,ES,day_ahead_price,value,2026-08-16T21:17:48Z
2026-08-16T21:11:07Z,2026-08-16T23:11:07+0200,bac882e5-42a3-48ea-b8e2-c8e889704767,2026-08-07T20:00:00Z,2026-08-07T22:00:00+0200,193.02,EUR/MWh,ES,ES,day_ahead_price,value,2026-08-16T21:17:48Z
2026-08-16T21:11:07Z,2026-08-16T23:11:07+0200,bac882e5-42a3-48ea-b8e2-c8e889704767,2026-08-07T20:15:00Z,2026-08-07T22:15:00+0200,185.86,EUR/MWh,ES,ES,day_ahead_price,value,2026-08-16T21:17:48Z
2026-08-16T21:11:07Z,2026-08-16T23:11:07+0200,bac882e5-42a3-48ea-b8e2-c8e889704767,2026-08-07T20:30:00Z,2026-08-07T22:30:00+0200,182.45,EUR/MWh,ES,ES,day_ahead_price,value,2026-08-16T21:17:48Z
2026-08-16T21:11:07Z,2026-08-16T23:11:07+0200,bac882e5-42a3-48ea-b8e2-c8e889704767,2026-08-07T20:45:00Z,2026-08-07T22:45:00+0200,179.21,EUR/MWh,ES,ES,day_ahead_price,value,2026-08-16T21:17:48Z
2026-08-16T21:11:07Z,2026-08-16T23:11:07+0200,bac882e5-42a3-48ea-b8e2-c8e889704767,2026-08-07T21:00:00Z,2026-08-07T23:00:00+0200,177.78,EUR/MWh,ES,ES,day_ahead_price,value,2026-08-16T21:17:48Z
2026-08-16T21:11:07Z,2026-08-16T23:11:07+0200,bac882e5-42a3-48ea-b8e2-c8e889704767,2026-08-07T21:15:00Z,2026-08-07T23:15:00+0200,176.71,EUR/MWh,ES,ES,day_ahead_price,value,2026-08-16T21:17:48Z
2026-08-16T21:11:07Z,2026-08-16T23:11:07+0200,bac882e5-42a3-48ea-b8e2-c8e889704767,2026-08-07T21:30:00Z,2026-08-07T23:30:00+0200,175.0,EUR/MWh,ES,ES,day_ahead_price,value,2026-08-16T21:17:48Z
2026-08-16T21:11:07Z,2026-08-16T23:11:07+0200,bac882e5-42a3-48ea-b8e2-c8e889704767,2026-08-07T21:45:00Z,2026-08-07T23:45:00+0200,172.03,EUR/MWh,ES,ES,day_ahead_price,value,2026-08-16T21:17:48Z
2026-08-16T21:11:07Z,2026-08-16T23:11:07+0200,bac882e5-42a3-48ea-b8e2-c8e889704767,2026-08-07T22:00:00Z,2026-08-08T00:00:00+0200,182.68,EUR/MWh,ES,ES,day_ahead_price,value,2026-08-16T21:17:48Z
2026-08-16T21:11:07Z,2026-08-16T23:11:07+0200,bac882e5-42a3-48ea-b8e2-c8e889704767,2026-08-07T22:15:00Z,2026-08-08T00:15:00+0200,181.77,EUR/MWh,ES,ES,day_ahead_price,value,2026-08-16T21:17:48Z
2026-08-16T21:11:07Z,2026-08-16T23:11:07+0200,bac882e5-42a3-48ea-b8e2-c8e889704767,2026-08-07T22:30:00Z,2026-08-08T00:30:00+0200,181.27,EUR/MWh,ES,ES,day_ahead_price,value,2026-08-16T21:17:48Z
2026-08-16T21:11:07Z,2026-08-16T23:11:07+0200,bac882e5-42a3-48ea-b8e2-c8e889704767,2026-08-07T22:45:00Z,2026-08-08T00:45:00+0200,179.27,EUR/MWh,ES,ES,day_ahead_price,value,2026-08-16T21:17:48Z
2026-08-16T21:11:07Z,2026-08-16T23:11:07+0200,bac882e5-42a3-48ea-b8e2-c8e889704767,2026-08-07T23:00:00Z,2026-08-08T01:00:00+0200,178.22,EUR/MWh,ES,ES,day_ahead_price,value,2026-08-16T21:17:48Z
2026-08-16T21:11:07Z,2026-08-16T23:11:07+0200,bac882e5-42a3-48ea-b8e2-c8e889704767,2026-08-07T23:15:00Z,2026-08-08T01:15:00+0200,174.12,EUR/MWh,ES,ES,day_ahead_price,value,2026-08-16T21:17:48Z
2026-08-16T21:11:07Z,2026-08-16T23:11:07+0200,bac882e5-42a3-48ea-b8e2-c8e889704767,2026-08-07T23:30:00Z,2026-08-08T01:30:00+0200,174.12,EUR/MWh,ES,ES,day_ahead_price,value,2026-08-16T21:17:48Z
2026-08-16T21:11:07Z,2026-08-16T23:11:07+0200,bac882e5-42a3-48ea-b8e2-c8e889704767,2026-08-07T23:45:00Z,2026-08-08T01:45:00+0200,170.0,EUR/MWh,ES,ES,day_ahead_price,value,2026-08-16T21:17:48Z
2026-08-16T21:11:07Z,2026-08-16T23:11:07+0200,bac882e5-42a3-48ea-b8e2-c8e889704767,2026-08-08T00:00:00Z,2026-08-08T02:00:00+0200,174.12,EUR/MWh,ES,ES,day_ahead_price,value,2026-08-16T21:17:48Z
2026-08-16T21:11:07Z,2026-08-16T23:11:07+0200,bac882e5-42a3-48ea-b8e2-c8e889704767,2026-08-08T00:15:00Z,2026-08-08T02:15:00+0200,171.96,EUR/MWh,ES,ES,day_ahead_price,value,2026-08-16T21:17:48Z
2026-08-16T21:11:07Z,2026-08-16T23:11:07+0200,bac882e5-42a3-48ea-b8e2-c8e889704767,2026-08-08T00:30:00Z,2026-08-08T02:30:00+0200,170.0,EUR/MWh,ES,ES,day_ahead_price,value,2026-08-16T21:17:48Z
2026-08-16T21:11:07Z,2026-08-16T23:11:07+0200,bac882e5-42a3-48ea-b8e2-c8e889704767,2026-08-08T00:45:00Z,2026-08-08T02:45:00+0200,167.13,EUR/MWh,ES,ES,day_ahead_price,value,2026-08-16T21:17:48Z
2026-08-16T21:11:07Z,2026-08-16T23:11:07+0200,bac882e5-42a3-48ea-b8e2-c8e889704767,2026-08-08T01:00:00Z,2026-08-08T03:00:00+0200,167.42,EUR/MWh,ES,ES,day_ahead_price,value,2026-08-16T21:17:48Z
2026-08-16T21:11:07Z,2026-08-16T23:11:07+0200,bac882e5-42a3-48ea-b8e2-c8e889704767,2026-08-08T01:15:00Z,2026-08-08T03:15:00+0200,166.6,EUR/MWh,ES,ES,day_ahead_price,value,2026-08-16T21:17:48Z
2026-08-16T21:11:07Z,2026-08-16T23:11:07+0200,bac882e5-42a3-48ea-b8e2-c8e889704767,2026-08-08T01:30:00Z,2026-08-08T03:30:00+0200,166.4,EUR/MWh,ES,ES,day_ahead_price,value,2026-08-16T21:17:48Z
2026-08-16T21:11:07Z,2026-08-16T23:11:07+0200,bac882e5-42a3-48ea-b8e2-c8e889704767,2026-08-08T01:45:00Z,2026-08-08T03:45:00+0200,166.0,EUR/MWh,ES,ES,day_ahead_price,value,2026-08-16T21:17:48Z
2026-08-16T21:11:07Z,2026-08-16T23:11:07+0200,bac882e5-42a3-48ea-b8e2-c8e889704767,2026-08-08T02:00:00Z,2026-08-08T04:00:00+0200,165.14,EUR/MWh,ES,ES,day_ahead_price,value,2026-08-16T21:17:48Z
2026-08-16T21:11:07Z,2026-08-16T23:11:07+0200,bac882e5-42a3-48ea-b8e2-c8e889704767,2026-08-08T02:15:00Z,2026-08-08T04:15:00+0200,165.0,EUR/MWh,ES,ES,day_ahead_price,value,2026-08-16T21:17:48Z
2026-08-16T21:11:07Z,2026-08-16T23:11:07+0200,bac882e5-42a3-48ea-b8e2-c8e889704767,2026-08-08T02:30:00Z,2026-08-08T04:30:00+0200,165.0,EUR/MWh,ES,ES,day_ahead_price,value,2026-08-16T21:17:48Z
2026-08-16T21:11:07Z,2026-08-16T23:11:07+0200,bac882e5-42a3-48ea-b8e2-c8e889704767,2026-08-08T02:45:00Z,2026-08-08T04:45:00+0200,165.0,EUR/MWh,ES,ES,day_ahead_price,value,2026-08-16T21:17:48Z
2026-08-16T21:11:07Z,2026-08-16T23:11:07+0200,bac882e5-42a3-48ea-b8e2-c8e889704767,2026-08-08T03:00:00Z,2026-08-08T05:00:00+0200,163.9,EUR/MWh,ES,ES,day_ahead_price,value,2026-08-16T21:17:48Z
2026-08-16T21:11:07Z,2026-08-16T23:11:07+0200,bac882e5-42a3-48ea-b8e2-c8e889704767,2026-08-08T03:15:00Z,2026-08-08T05:15:00+0200,164.98,EUR/MWh,ES,ES,day_ahead_price,value,2026-08-16T21:17:48Z
2026-08-16T21:11:07Z,2026-08-16T23:11:07+0200,bac882e5-42a3-48ea-b8e2-c8e889704767,2026-08-08T03:30:00Z,2026-08-08T05:30:00+0200,165.0,EUR/MWh,ES,ES,day_ahead_price,value,2026-08-16T21:17:48Z
2026-08-16T21:11:07Z,2026-08-16T23:11:07+0200,bac882e5-42a3-48ea-b8e2-c8e889704767,2026-08-08T03:45:00Z,2026-08-08T05:45:00+0200,165.0,EUR/MWh,ES,ES,day_ahead_price,value,2026-08-16T21:17:48Z
2026-08-16T21:11:07Z,2026-08-16T23:11:07+0200,bac882e5-42a3-48ea-b8e2-c8e889704767,2026-08-08T04:00:00Z,2026-08-08T06:00:00+0200,169.14,EUR/MWh,ES,ES,day_ahead_price,value,2026-08-16T21:17:48Z
2026-08-16T21:11:07Z,2026-08-16T23:11:07+0200,bac882e5-42a3-48ea-b8e2-c8e889704767,2026-08-08T04:15:00Z,2026-08-08T06:15:00+0200,170.0,EUR/MWh,ES,ES,day_ahead_price,value,2026-08-16T21:17:48Z
2026-08-16T21:11:07Z,2026-08-16T23:11:07+0200,bac882e5-42a3-48ea-b8e2-c8e889704767,2026-08-08T04:30:00Z,2026-08-08T06:30:00+0200,174.12,EUR/MWh,ES,ES,day_ahead_price,value,2026-08-16T21:17:48Z
2026-08-16T21:11:07Z,2026-08-16T23:11:07+0200,bac882e5-42a3-48ea-b8e2-c8e889704767,2026-08-08T04:45:00Z,2026-08-08T06:45:00+0200,174.12,EUR/MWh,ES,ES,day_ahead_price,value,2026-08-16T21:17:48Z
2026-08-16T21:11:07Z,2026-08-16T23:11:07+0200,bac882e5-42a3-48ea-b8e2-c8e889704767,2026-08-08T05:00:00Z,2026-08-08T07:00:00+0200,177.12,EUR/MWh,ES,ES,day_ahead_price,value,2026-08-16T21:17:48Z
2026-08-16T21:11:07Z,2026-08-16T23:11:07+0200,bac882e5-42a3-48ea-b8e2-c8e889704767,2026-08-08T05:15:00Z,2026-08-08T07:15:00+0200,174.12,EUR/MWh,ES,ES,day_ahead_price,value,2026-08-16T21:17:48Z
2026-08-16T21:11:07Z,2026-08-16T23:11:07+0200,bac882e5-42a3-48ea-b8e2-c8e889704767,2026-08-08T05:30:00Z,2026-08-08T07:30:00+0200,174.12,EUR/MWh,ES,ES,day_ahead_price,value,2026-08-16T21:17:48Z
2026-08-16T21:11:07Z,2026-08-16T23:11:07+0200,bac882e5-42a3-48ea-b8e2-c8e889704767,2026-08-08T05:45:00Z,2026-08-08T07:45:00+0200,169.14,EUR/MWh,ES,ES,day_ahead_price,value,2026-08-16T21:17:48Z
2026-08-16T21:11:07Z,2026-08-16T23:11:07+0200,bac882e5-42a3-48ea-b8e2-c8e889704767,2026-08-08T06:00:00Z,2026-08-08T08:00:00+0200,174.12,EUR/MWh,ES,ES,day_ahead_price,value,2026-08-16T21:17:48Z
2026-08-16T21:11:07Z,2026-08-16T23:11:07+0200,bac882e5-42a3-48ea-b8e2-c8e889704767,2026-08-08T06:15:00Z,2026-08-08T08:15:00+0200,174.12,EUR/MWh,ES,ES,day_ahead_price,value,2026-08-16T21:17:48Z
2026-08-16T21:11:07Z,2026-08-16T23:11:07+0200,bac882e5-42a3-48ea-b8e2-c8e889704767,2026-08-08T06:30:00Z,2026-08-08T08:30:00+0200,162.25,EUR/MWh,ES,ES,day_ahead_price,value,2026-08-16T21:17:48Z
2026-08-16T21:11:07Z,2026-08-16T23:11:07+0200,bac882e5-42a3-48ea-b8e2-c8e889704767,2026-08-08T06:45:00Z,2026-08-08T08:45:00+0200,155.01,EUR/MWh,ES,ES,day_ahead_price,value,2026-08-16T21:17:48Z
2026-08-16T21:11:07Z,2026-08-16T23:11:07+0200,bac882e5-42a3-48ea-b8e2-c8e889704767,2026-08-08T07:00:00Z,2026-08-08T09:00:00+0200,137.23,EUR/MWh,ES,ES,day_ahead_price,value,2026-08-16T21:17:48Z
2026-08-16T21:11:07Z,2026-08-16T23:11:07+0200,bac882e5-42a3-48ea-b8e2-c8e889704767,2026-08-08T07:15:00Z,2026-08-08T09:15:00+0200,100.0,EUR/MWh,ES,ES,day_ahead_price,value,2026-08-16T21:17:48Z
2026-08-16T21:11:07Z,2026-08-16T23:11:07+0200,bac882e5-42a3-48ea-b8e2-c8e889704767,2026-08-08T07:30:00Z,2026-08-08T09:30:00+0200,75.16,EUR/MWh,ES,ES,day_ahead_price,value,2026-08-16T21:17:48Z
2026-08-16T21:11:07Z,2026-08-16T23:11:07+0200,bac882e5-42a3-48ea-b8e2-c8e889704767,2026-08-08T07:45:00Z,2026-08-08T09:45:00+0200,12.01,EUR/MWh,ES,ES,day_ahead_price,value,2026-08-16T21:17:48Z
2026-08-16T21:11:07Z,2026-08-16T23:11:07+0200,bac882e5-42a3-48ea-b8e2-c8e889704767,2026-08-08T08:00:00Z,2026-08-08T10:00:00+0200,12.32,EUR/MWh,ES,ES,day_ahead_price,value,2026-08-16T21:17:48Z
2026-08-16T21:11:07Z,2026-08-16T23:11:07+0200,bac882e5-42a3-48ea-b8e2-c8e889704767,2026-08-08T08:15:00Z,2026-08-08T10:15:00+0200,4.54,EUR/MWh,ES,ES,day_ahead_price,value,2026-08-16T21:17:48Z
2026-08-16T21:11:07Z,2026-08-16T23:11:07+0200,bac882e5-42a3-48ea-b8e2-c8e889704767,2026-08-08T08:30:00Z,2026-08-08T10:30:00+0200,1.08,EUR/MWh,ES,ES,day_ahead_price,value,2026-08-16T21:17:48Z
2026-08-16T21:11:07Z,2026-08-16T23:11:07+0200,bac882e5-42a3-48ea-b8e2-c8e889704767,2026-08-08T08:45:00Z,2026-08-08T10:45:00+0200,0.71,EUR/MWh,ES,ES,day_ahead_price,value,2026-08-16T21:17:48Z
2026-08-16T21:11:07Z,2026-08-16T23:11:07+0200,bac882e5-42a3-48ea-b8e2-c8e889704767,2026-08-08T09:00:00Z,2026-08-08T11:00:00+0200,0.51,EUR/MWh,ES,ES,day_ahead_price,value,2026-08-16T21:17:48Z
2026-08-16T21:11:07Z,2026-08-16T23:11:07+0200,bac882e5-42a3-48ea-b8e2-c8e889704767,2026-08-08T09:15:00Z,2026-08-08T11:15:00+0200,0.0,EUR/MWh,ES,ES,day_ahead_price,value,2026-08-16T21:17:48Z
2026-08-16T21:11:07Z,2026-08-16T23:11:07+0200,bac882e5-42a3-48ea-b8e2-c8e889704767,2026-08-08T09:30:00Z,2026-08-08T11:30:00+0200,0.0,EUR/MWh,ES,ES,day_ahead_price,value,2026-08-16T21:17:48Z
2026-08-16T21:11:07Z,2026-08-16T23:11:07+0200,bac882e5-42a3-48ea-b8e2-c8e889704767,2026-08-08T09:45:00Z,2026-08-08T11:45:00+0200,0.0,EUR/MWh,ES,ES,day_ahead_price,value,2026-08-16T21:17:48Z
2026-08-16T21:11:07Z,2026-08-16T23:11:07+0200,bac882e5-42a3-48ea-b8e2-c8e889704767,2026-08-08T10:00:00Z,2026-08-08T12:00:00+0200,0.0,EUR/MWh,ES,ES,day_ahead_price,value,2026-08-16T21:17:48Z
2026-08-16T21:11:07Z,2026-08-16T23:11:07+0200,bac882e5-42a3-48ea-b8e2-c8e889704767,2026-08-08T10:15:00Z,2026-08-08T12:15:00+0200,0.0,EUR/MWh,ES,ES,day_ahead_price,value,2026-08-16T21:17:48Z
2026-08-16T21:11:07Z,2026-08-16T23:11:07+0200,bac882e5-42a3-48ea-b8e2-c8e889704767,2026-08-08T10:30:00Z,2026-08-08T12:30:00+0200,0.0,EUR/MWh,ES,ES,day_ahead_price,value,2026-08-16T21:17:48Z
2026-08-16T21:11:07Z,2026-08-16T23:11:07+0200,bac882e5-42a3-48ea-b8e2-c8e889704767,2026-08-08T10:45:00Z,2026-08-08T12:45:00+0200,0.0,EUR/MWh,ES,ES,day_ahead_price,value,2026-08-16T21:17:48Z
2026-08-16T21:11:07Z,2026-08-16T23:11:07+0200,bac882e5-42a3-48ea-b8e2-c8e889704767,2026-08-08T11:00:00Z,2026-08-08T13:00:00+0200,0.0,EUR/MWh,ES,ES,day_ahead_price,value,2026-08-16T21:17:48Z
2026-08-16T21:11:07Z,2026-08-16T23:11:07+0200,bac882e5-42a3-48ea-b8e2-c8e889704767,2026-08-08T11:15:00Z,2026-08-08T13:15:00+0200,0.0,EUR/MWh,ES,ES,day_ahead_price,value,2026-08-16T21:17:48Z
2026-08-16T21:11:07Z,2026-08-16T23:11:07+0200,bac882e5-42a3-48ea-b8e2-c8e889704767,2026-08-08T11:30:00Z,2026-08-08T13:30:00+0200,0.0,EUR/MWh,ES,ES,day_ahead_price,value,2026-08-16T21:17:48Z
2026-08-16T21:11:07Z,2026-08-16T23:11:07+0200,bac882e5-42a3-48ea-b8e2-c8e889704767,2026-08-08T11:45:00Z,2026-08-08T13:45:00+0200,0.0,EUR/MWh,ES,ES,day_ahead_price,value,2026-08-16T21:17:48Z
2026-08-16T21:11:07Z,2026-08-16T23:11:07+0200,bac882e5-42a3-48ea-b8e2-c8e889704767,2026-08-08T12:00:00Z,2026-08-08T14:00:00+0200,0.0,EUR/MWh,ES,ES,day_ahead_price,value,2026-08-16T21:17:48Z
2026-08-16T21:11:07Z,2026-08-16T23:11:07+0200,bac882e5-42a3-48ea-b8e2-c8e889704767,2026-08-08T12:15:00Z,2026-08-08T14:15:00+0200,0.0,EUR/MWh,ES,ES,day_ahead_price,value,2026-08-16T21:17:48Z
2026-08-16T21:11:07Z,2026-08-16T23:11:07+0200,bac882e5-42a3-48ea-b8e2-c8e889704767,2026-08-08T12:30:00Z,2026-08-08T14:30:00+0200,0.0,EUR/MWh,ES,ES,day_ahead_price,value,2026-08-16T21:17:48Z
2026-08-16T21:11:07Z,2026-08-16T23:11:07+0200,bac882e5-42a3-48ea-b8e2-c8e889704767,2026-08-08T12:45:00Z,2026-08-08T14:45:00+0200,0.0,EUR/MWh,ES,ES,day_ahead_price,value,2026-08-16T21:17:48Z
2026-08-16T21:11:07Z,2026-08-16T23:11:07+0200,bac882e5-42a3-48ea-b8e2-c8e889704767,2026-08-08T13:00:00Z,2026-08-08T15:00:00+0200,0.0,EUR/MWh,ES,ES,day_ahead_price,value,2026-08-16T21:17:48Z
2026-08-16T21:11:07Z,2026-08-16T23:11:07+0200,bac882e5-42a3-48ea-b8e2-c8e889704767,2026-08-08T13:15:00Z,2026-08-08T15:15:00+0200,0.0,EUR/MWh,ES,ES,day_ahead_price,value,2026-08-16T21:17:48Z
2026-08-16T21:11:07Z,2026-08-16T23:11:07+0200,bac882e5-42a3-48ea-b8e2-c8e889704767,2026-08-08T13:30:00Z,2026-08-08T15:30:00+0200,0.0,EUR/MWh,ES,ES,day_ahead_price,value,2026-08-16T21:17:48Z
2026-08-16T21:11:07Z,2026-08-16T23:11:07+0200,bac882e5-42a3-48ea-b8e2-c8e889704767,2026-08-08T13:45:00Z,2026-08-08T15:45:00+0200,0.0,EUR/MWh,ES,ES,day_ahead_price,value,2026-08-16T21:17:48Z
2026-08-16T21:11:07Z,2026-08-16T23:11:07+0200,bac882e5-42a3-48ea-b8e2-c8e889704767,2026-08-08T14:00:00Z,2026-08-08T16:00:00+0200,0.0,EUR/MWh,ES,ES,day_ahead_price,value,2026-08-16T21:17:48Z
2026-08-16T21:11:07Z,2026-08-16T23:11:07+0200,bac882e5-42a3-48ea-b8e2-c8e889704767,2026-08-08T14:15:00Z,2026-08-08T16:15:00+0200,0.0,EUR/MWh,ES,ES,day_ahead_price,value,2026-08-16T21:17:48Z
2026-08-16T21:11:07Z,2026-08-16T23:11:07+0200,bac882e5-42a3-48ea-b8e2-c8e889704767,2026-08-08T14:30:00Z,2026-08-08T16:30:00+0200,0.0,EUR/MWh,ES,ES,day_ahead_price,value,2026-08-16T21:17:48Z
2026-08-16T21:11:07Z,2026-08-16T23:11:07+0200,bac882e5-42a3-48ea-b8e2-c8e889704767,2026-08-08T14:45:00Z,2026-08-08T16:45:00+0200,0.01,EUR/MWh,ES,ES,day_ahead_price,value,2026-08-16T21:17:48Z
2026-08-16T21:11:07Z,2026-08-16T23:11:07+0200,bac882e5-42a3-48ea-b8e2-c8e889704767,2026-08-08T15:00:00Z,2026-08-08T17:00:00+0200,2.29,EUR/MWh,ES,ES,day_ahead_price,value,2026-08-16T21:17:48Z
2026-08-16T21:11:07Z,2026-08-16T23:11:07+0200,bac882e5-42a3-48ea-b8e2-c8e889704767,2026-08-08T15:15:00Z,2026-08-08T17:15:00+0200,8.0,EUR/MWh,ES,ES,day_ahead_price,value,2026-08-16T21:17:48Z
2026-08-16T21:11:07Z,2026-08-16T23:11:07+0200,bac882e5-42a3-48ea-b8e2-c8e889704767,2026-08-08T15:30:00Z,2026-08-08T17:30:00+0200,28.04,EUR/MWh,ES,ES,day_ahead_price,value,2026-08-16T21:17:48Z
2026-08-16T21:11:07Z,2026-08-16T23:11:07+0200,bac882e5-42a3-48ea-b8e2-c8e889704767,2026-08-08T15:45:00Z,2026-08-08T17:45:00+0200,44.0,EUR/MWh,ES,ES,day_ahead_price,value,2026-08-16T21:17:48Z
2026-08-16T21:11:07Z,2026-08-16T23:11:07+0200,bac882e5-42a3-48ea-b8e2-c8e889704767,2026-08-08T16:00:00Z,2026-08-08T18:00:00+0200,68.81,EUR/MWh,ES,ES,day_ahead_price,value,2026-08-16T21:17:48Z
2026-08-16T21:11:07Z,2026-08-16T23:11:07+0200,bac882e5-42a3-48ea-b8e2-c8e889704767,2026-08-08T16:15:00Z,2026-08-08T18:15:00+0200,80.3,EUR/MWh,ES,ES,day_ahead_price,value,2026-08-16T21:17:48Z
2026-08-16T21:11:07Z,2026-08-16T23:11:07+0200,bac882e5-42a3-48ea-b8e2-c8e889704767,2026-08-08T16:30:00Z,2026-08-08T18:30:00+0200,99.0,EUR/MWh,ES,ES,day_ahead_price,value,2026-08-16T21:17:48Z
2026-08-16T21:11:07Z,2026-08-16T23:11:07+0200,bac882e5-42a3-48ea-b8e2-c8e889704767,2026-08-08T16:45:00Z,2026-08-08T18:45:00+0200,101.73,EUR/MWh,ES,ES,day_ahead_price,value,2026-08-16T21:17:48Z
2026-08-16T21:11:07Z,2026-08-16T23:11:07+0200,bac882e5-42a3-48ea-b8e2-c8e889704767,2026-08-08T17:00:00Z,2026-08-08T19:00:00+0200,101.73,EUR/MWh,ES,ES,day_ahead_price,value,2026-08-16T21:17:48Z
2026-08-16T21:11:07Z,2026-08-16T23:11:07+0200,bac882e5-42a3-48ea-b8e2-c8e889704767,2026-08-08T17:15:00Z,2026-08-08T19:15:00+0200,137.23,EUR/MWh,ES,ES,day_ahead_price,value,2026-08-16T21:17:48Z
2026-08-16T21:11:07Z,2026-08-16T23:11:07+0200,bac882e5-42a3-48ea-b8e2-c8e889704767,2026-08-08T17:30:00Z,2026-08-08T19:30:00+0200,159.2,EUR/MWh,ES,ES,day_ahead_price,value,2026-08-16T21:17:48Z
2026-08-16T21:11:07Z,2026-08-16T23:11:07+0200,bac882e5-42a3-48ea-b8e2-c8e889704767,2026-08-08T17:45:00Z,2026-08-08T19:45:00+0200,174.12,EUR/MWh,ES,ES,day_ahead_price,value,2026-08-16T21:17:48Z
2026-08-16T21:11:07Z,2026-08-16T23:11:07+0200,bac882e5-42a3-48ea-b8e2-c8e889704767,2026-08-08T18:00:00Z,2026-08-08T20:00:00+0200,161.98,EUR/MWh,ES,ES,day_ahead_price,value,2026-08-16T21:17:48Z
2026-08-16T21:11:07Z,2026-08-16T23:11:07+0200,bac882e5-42a3-48ea-b8e2-c8e889704767,2026-08-08T18:15:00Z,2026-08-08T20:15:00+0200,177.0,EUR/MWh,ES,ES,day_ahead_price,value,2026-08-16T21:17:48Z
2026-08-16T21:11:07Z,2026-08-16T23:11:07+0200,bac882e5-42a3-48ea-b8e2-c8e889704767,2026-08-08T18:30:00Z,2026-08-08T20:30:00+0200,181.62,EUR/MWh,ES,ES,day_ahead_price,value,2026-08-16T21:17:48Z
2026-08-16T21:11:07Z,2026-08-16T23:11:07+0200,bac882e5-42a3-48ea-b8e2-c8e889704767,2026-08-08T18:45:00Z,2026-08-08T20:45:00+0200,183.74,EUR/MWh,ES,ES,day_ahead_price,value,2026-08-16T21:17:48Z
2026-08-16T21:11:07Z,2026-08-16T23:11:07+0200,bac882e5-42a3-48ea-b8e2-c8e889704767,2026-08-08T19:00:00Z,2026-08-08T21:00:00+0200,182.92,EUR/MWh,ES,ES,day_ahead_price,value,2026-08-16T21:17:48Z
2026-08-16T21:11:07Z,2026-08-16T23:11:07+0200,bac882e5-42a3-48ea-b8e2-c8e889704767,2026-08-08T19:15:00Z,2026-08-08T21:15:00+0200,187.33,EUR/MWh,ES,ES,day_ahead_price,value,2026-08-16T21:17:48Z
2026-08-16T21:11:07Z,2026-08-16T23:11:07+0200,bac882e5-42a3-48ea-b8e2-c8e889704767,2026-08-08T19:30:00Z,2026-08-08T21:30:00+0200,190.88,EUR/MWh,ES,ES,day_ahead_price,value,2026-08-16T21:17:48Z
2026-08-16T21:11:07Z,2026-08-16T23:11:07+0200,bac882e5-42a3-48ea-b8e2-c8e889704767,2026-08-08T19:45:00Z,2026-08-08T21:45:00+0200,190.88,EUR/MWh,ES,ES,day_ahead_price,value,2026-08-16T21:17:48Z
2026-08-16T21:11:07Z,2026-08-16T23:11:07+0200,bac882e5-42a3-48ea-b8e2-c8e889704767,2026-08-08T20:00:00Z,2026-08-08T22:00:00+0200,191.01,EUR/MWh,ES,ES,day_ahead_price,value,2026-08-16T21:17:48Z
2026-08-16T21:11:07Z,2026-08-16T23:11:07+0200,bac882e5-42a3-48ea-b8e2-c8e889704767,2026-08-08T20:15:00Z,2026-08-08T22:15:00+0200,190.88,EUR/MWh,ES,ES,day_ahead_price,value,2026-08-16T21:17:48Z
2026-08-16T21:11:07Z,2026-08-16T23:11:07+0200,bac882e5-42a3-48ea-b8e2-c8e889704767,2026-08-08T20:30:00Z,2026-08-08T22:30:00+0200,186.03,EUR/MWh,ES,ES,day_ahead_price,value,2026-08-16T21:17:48Z
2026-08-16T21:11:07Z,2026-08-16T23:11:07+0200,bac882e5-42a3-48ea-b8e2-c8e889704767,2026-08-08T20:45:00Z,2026-08-08T22:45:00+0200,190.01,EUR/MWh,ES,ES,day_ahead_price,value,2026-08-16T21:17:48Z
2026-08-16T21:11:07Z,2026-08-16T23:11:07+0200,bac882e5-42a3-48ea-b8e2-c8e889704767,2026-08-08T21:00:00Z,2026-08-08T23:00:00+0200,183.42,EUR/MWh,ES,ES,day_ahead_price,value,2026-08-16T21:17:48Z
2026-08-16T21:11:07Z,2026-08-16T23:11:07+0200,bac882e5-42a3-48ea-b8e2-c8e889704767,2026-08-08T21:15:00Z,2026-08-08T23:15:00+0200,181.77,EUR/MWh,ES,ES,day_ahead_price,value,2026-08-16T21:17:48Z
2026-08-16T21:11:07Z,2026-08-16T23:11:07+0200,bac882e5-42a3-48ea-b8e2-c8e889704767,2026-08-08T21:30:00Z,2026-08-08T23:30:00+0200,181.27,EUR/MWh,ES,ES,day_ahead_price,value,2026-08-16T21:17:48Z
2026-08-16T21:11:07Z,2026-08-16T23:11:07+0200,bac882e5-42a3-48ea-b8e2-c8e889704767,2026-08-08T21:45:00Z,2026-08-08T23:45:00+0200,180.27,EUR/MWh,ES,ES,day_ahead_price,value,2026-08-16T21:17:48Z
2026-08-16T21:11:07Z,2026-08-16T23:11:07+0200,bac882e5-42a3-48ea-b8e2-c8e889704767,2026-08-08T22:00:00Z,2026-08-09T00:00:00+0200,173.23,EUR/MWh,ES,ES,day_ahead_price,value,2026-08-16T21:17:48Z
2026-08-16T21:11:07Z,2026-08-16T23:11:07+0200,bac882e5-42a3-48ea-b8e2-c8e889704767,2026-08-08T22:15:00Z,2026-08-09T00:15:00+0200,172.23,EUR/MWh,ES,ES,day_ahead_price,value,2026-08-16T21:17:48Z
2026-08-16T21:11:07Z,2026-08-16T23:11:07+0200,bac882e5-42a3-48ea-b8e2-c8e889704767,2026-08-08T22:30:00Z,2026-08-09T00:30:00+0200,168.97,EUR/MWh,ES,ES,day_ahead_price,value,2026-08-16T21:17:48Z
2026-08-16T21:11:07Z,2026-08-16T23:11:07+0200,bac882e5-42a3-48ea-b8e2-c8e889704767,2026-08-08T22:45:00Z,2026-08-09T00:45:00+0200,166.6,EUR/MWh,ES,ES,day_ahead_price,value,2026-08-16T21:17:48Z
2026-08-16T21:11:07Z,2026-08-16T23:11:07+0200,bac882e5-42a3-48ea-b8e2-c8e889704767,2026-08-08T23:00:00Z,2026-08-09T01:00:00+0200,164.14,EUR/MWh,ES,ES,day_ahead_price,value,2026-08-16T21:17:48Z
2026-08-16T21:11:07Z,2026-08-16T23:11:07+0200,bac882e5-42a3-48ea-b8e2-c8e889704767,2026-08-08T23:15:00Z,2026-08-09T01:15:00+0200,162.25,EUR/MWh,ES,ES,day_ahead_price,value,2026-08-16T21:17:48Z
2026-08-16T21:11:07Z,2026-08-16T23:11:07+0200,bac882e5-42a3-48ea-b8e2-c8e889704767,2026-08-08T23:30:00Z,2026-08-09T01:30:00+0200,161.02,EUR/MWh,ES,ES,day_ahead_price,value,2026-08-16T21:17:48Z
2026-08-16T21:11:07Z,2026-08-16T23:11:07+0200,bac882e5-42a3-48ea-b8e2-c8e889704767,2026-08-08T23:45:00Z,2026-08-09T01:45:00+0200,160.3,EUR/MWh,ES,ES,day_ahead_price,value,2026-08-16T21:17:48Z
2026-08-16T21:11:07Z,2026-08-16T23:11:07+0200,bac882e5-42a3-48ea-b8e2-c8e889704767,2026-08-09T00:00:00Z,2026-08-09T02:00:00+0200,161.05,EUR/MWh,ES,ES,day_ahead_price,value,2026-08-16T21:17:48Z
2026-08-16T21:11:07Z,2026-08-16T23:11:07+0200,bac882e5-42a3-48ea-b8e2-c8e889704767,2026-08-09T00:15:00Z,2026-08-09T02:15:00+0200,160.98,EUR/MWh,ES,ES,day_ahead_price,value,2026-08-16T21:17:48Z
2026-08-16T21:11:07Z,2026-08-16T23:11:07+0200,bac882e5-42a3-48ea-b8e2-c8e889704767,2026-08-09T00:30:00Z,2026-08-09T02:30:00+0200,160.0,EUR/MWh,ES,ES,day_ahead_price,value,2026-08-16T21:17:48Z
2026-08-16T21:11:07Z,2026-08-16T23:11:07+0200,bac882e5-42a3-48ea-b8e2-c8e889704767,2026-08-09T00:45:00Z,2026-08-09T02:45:00+0200,159.4,EUR/MWh,ES,ES,day_ahead_price,value,2026-08-16T21:17:48Z
2026-08-16T21:11:07Z,2026-08-16T23:11:07+0200,bac882e5-42a3-48ea-b8e2-c8e889704767,2026-08-09T01:00:00Z,2026-08-09T03:00:00+0200,159.4,EUR/MWh,ES,ES,day_ahead_price,value,2026-08-16T21:17:48Z
2026-08-16T21:11:07Z,2026-08-16T23:11:07+0200,bac882e5-42a3-48ea-b8e2-c8e889704767,2026-08-09T01:15:00Z,2026-08-09T03:15:00+0200,159.0,EUR/MWh,ES,ES,day_ahead_price,value,2026-08-16T21:17:48Z
2026-08-16T21:11:07Z,2026-08-16T23:11:07+0200,bac882e5-42a3-48ea-b8e2-c8e889704767,2026-08-09T01:30:00Z,2026-08-09T03:30:00+0200,158.58,EUR/MWh,ES,ES,day_ahead_price,value,2026-08-16T21:17:48Z
2026-08-16T21:11:07Z,2026-08-16T23:11:07+0200,bac882e5-42a3-48ea-b8e2-c8e889704767,2026-08-09T01:45:00Z,2026-08-09T03:45:00+0200,158.2,EUR/MWh,ES,ES,day_ahead_price,value,2026-08-16T21:17:48Z
2026-08-16T21:11:07Z,2026-08-16T23:11:07+0200,bac882e5-42a3-48ea-b8e2-c8e889704767,2026-08-09T02:00:00Z,2026-08-09T04:00:00+0200,156.99,EUR/MWh,ES,ES,day_ahead_price,value,2026-08-16T21:17:48Z
2026-08-16T21:11:07Z,2026-08-16T23:11:07+0200,bac882e5-42a3-48ea-b8e2-c8e889704767,2026-08-09T02:15:00Z,2026-08-09T04:15:00+0200,155.53,EUR/MWh,ES,ES,day_ahead_price,value,2026-08-16T21:17:48Z
2026-08-16T21:11:07Z,2026-08-16T23:11:07+0200,bac882e5-42a3-48ea-b8e2-c8e889704767,2026-08-09T02:30:00Z,2026-08-09T04:30:00+0200,155.4,EUR/MWh,ES,ES,day_ahead_price,value,2026-08-16T21:17:48Z
2026-08-16T21:11:07Z,2026-08-16T23:11:07+0200,bac882e5-42a3-48ea-b8e2-c8e889704767,2026-08-09T02:45:00Z,2026-08-09T04:45:00+0200,155.4,EUR/MWh,ES,ES,day_ahead_price,value,2026-08-16T21:17:48Z
2026-08-16T21:11:07Z,2026-08-16T23:11:07+0200,bac882e5-42a3-48ea-b8e2-c8e889704767,2026-08-09T03:00:00Z,2026-08-09T05:00:00+0200,155.4,EUR/MWh,ES,ES,day_ahead_price,value,2026-08-16T21:17:48Z
2026-08-16T21:11:07Z,2026-08-16T23:11:07+0200,bac882e5-42a3-48ea-b8e2-c8e889704767,2026-08-09T03:15:00Z,2026-08-09T05:15:00+0200,155.4,EUR/MWh,ES,ES,day_ahead_price,value,2026-08-16T21:17:48Z
2026-08-16T21:11:07Z,2026-08-16T23:11:07+0200,bac882e5-42a3-48ea-b8e2-c8e889704767,2026-08-09T03:30:00Z,2026-08-09T05:30:00+0200,157.04,EUR/MWh,ES,ES,day_ahead_price,value,2026-08-16T21:17:48Z
2026-08-16T21:11:07Z,2026-08-16T23:11:07+0200,bac882e5-42a3-48ea-b8e2-c8e889704767,2026-08-09T03:45:00Z,2026-08-09T05:45:00+0200,157.4,EUR/MWh,ES,ES,day_ahead_price,value,2026-08-16T21:17:48Z
2026-08-16T21:11:07Z,2026-08-16T23:11:07+0200,bac882e5-42a3-48ea-b8e2-c8e889704767,2026-08-09T04:00:00Z,2026-08-09T06:00:00+0200,156.0,EUR/MWh,ES,ES,day_ahead_price,value,2026-08-16T21:17:48Z
2026-08-16T21:11:07Z,2026-08-16T23:11:07+0200,bac882e5-42a3-48ea-b8e2-c8e889704767,2026-08-09T04:15:00Z,2026-08-09T06:15:00+0200,157.4,EUR/MWh,ES,ES,day_ahead_price,value,2026-08-16T21:17:48Z
2026-08-16T21:11:07Z,2026-08-16T23:11:07+0200,bac882e5-42a3-48ea-b8e2-c8e889704767,2026-08-09T04:30:00Z,2026-08-09T06:30:00+0200,158.2,EUR/MWh,ES,ES,day_ahead_price,value,2026-08-16T21:17:48Z
2026-08-16T21:11:07Z,2026-08-16T23:11:07+0200,bac882e5-42a3-48ea-b8e2-c8e889704767,2026-08-09T04:45:00Z,2026-08-09T06:45:00+0200,158.2,EUR/MWh,ES,ES,day_ahead_price,value,2026-08-16T21:17:48Z
2026-08-16T21:11:07Z,2026-08-16T23:11:07+0200,bac882e5-42a3-48ea-b8e2-c8e889704767,2026-08-09T05:00:00Z,2026-08-09T07:00:00+0200,159.0,EUR/MWh,ES,ES,day_ahead_price,value,2026-08-16T21:17:48Z
2026-08-16T21:11:07Z,2026-08-16T23:11:07+0200,bac882e5-42a3-48ea-b8e2-c8e889704767,2026-08-09T05:15:00Z,2026-08-09T07:15:00+0200,159.0,EUR/MWh,ES,ES,day_ahead_price,value,2026-08-16T21:17:48Z
2026-08-16T21:11:07Z,2026-08-16T23:11:07+0200,bac882e5-42a3-48ea-b8e2-c8e889704767,2026-08-09T05:30:00Z,2026-08-09T07:30:00+0200,159.0,EUR/MWh,ES,ES,day_ahead_price,value,2026-08-16T21:17:48Z
2026-08-16T21:11:07Z,2026-08-16T23:11:07+0200,bac882e5-42a3-48ea-b8e2-c8e889704767,2026-08-09T05:45:00Z,2026-08-09T07:45:00+0200,149.25,EUR/MWh,ES,ES,day_ahead_price,value,2026-08-16T21:17:48Z
2026-08-16T21:11:07Z,2026-08-16T23:11:07+0200,bac882e5-42a3-48ea-b8e2-c8e889704767,2026-08-09T06:00:00Z,2026-08-09T08:00:00+0200,154.29,EUR/MWh,ES,ES,day_ahead_price,value,2026-08-16T21:17:48Z
2026-08-16T21:11:07Z,2026-08-16T23:11:07+0200,bac882e5-42a3-48ea-b8e2-c8e889704767,2026-08-09T06:15:00Z,2026-08-09T08:15:00+0200,137.23,EUR/MWh,ES,ES,day_ahead_price,value,2026-08-16T21:17:48Z
2026-08-16T21:11:07Z,2026-08-16T23:11:07+0200,bac882e5-42a3-48ea-b8e2-c8e889704767,2026-08-09T06:30:00Z,2026-08-09T08:30:00+0200,101.98,EUR/MWh,ES,ES,day_ahead_price,value,2026-08-16T21:17:48Z
2026-08-16T21:11:07Z,2026-08-16T23:11:07+0200,bac882e5-42a3-48ea-b8e2-c8e889704767,2026-08-09T06:45:00Z,2026-08-09T08:45:00+0200,90.0,EUR/MWh,ES,ES,day_ahead_price,value,2026-08-16T21:17:48Z
2026-08-16T21:11:07Z,2026-08-16T23:11:07+0200,bac882e5-42a3-48ea-b8e2-c8e889704767,2026-08-09T07:00:00Z,2026-08-09T09:00:00+0200,71.97,EUR/MWh,ES,ES,day_ahead_price,value,2026-08-16T21:17:48Z
2026-08-16T21:11:07Z,2026-08-16T23:11:07+0200,bac882e5-42a3-48ea-b8e2-c8e889704767,2026-08-09T07:15:00Z,2026-08-09T09:15:00+0200,30.0,EUR/MWh,ES,ES,day_ahead_price,value,2026-08-16T21:17:48Z
2026-08-16T21:11:07Z,2026-08-16T23:11:07+0200,bac882e5-42a3-48ea-b8e2-c8e889704767,2026-08-09T07:30:00Z,2026-08-09T09:30:00+0200,4.99,EUR/MWh,ES,ES,day_ahead_price,value,2026-08-16T21:17:48Z
2026-08-16T21:11:07Z,2026-08-16T23:11:07+0200,bac882e5-42a3-48ea-b8e2-c8e889704767,2026-08-09T07:45:00Z,2026-08-09T09:45:00+0200,0.69,EUR/MWh,ES,ES,day_ahead_price,value,2026-08-16T21:17:48Z
2026-08-16T21:11:07Z,2026-08-16T23:11:07+0200,bac882e5-42a3-48ea-b8e2-c8e889704767,2026-08-09T08:00:00Z,2026-08-09T10:00:00+0200,1.13,EUR/MWh,ES,ES,day_ahead_price,value,2026-08-16T21:17:48Z
2026-08-16T21:11:07Z,2026-08-16T23:11:07+0200,bac882e5-42a3-48ea-b8e2-c8e889704767,2026-08-09T08:15:00Z,2026-08-09T10:15:00+0200,0.15,EUR/MWh,ES,ES,day_ahead_price,value,2026-08-16T21:17:48Z
2026-08-16T21:11:07Z,2026-08-16T23:11:07+0200,bac882e5-42a3-48ea-b8e2-c8e889704767,2026-08-09T08:30:00Z,2026-08-09T10:30:00+0200,0.01,EUR/MWh,ES,ES,day_ahead_price,value,2026-08-16T21:17:48Z
2026-08-16T21:11:07Z,2026-08-16T23:11:07+0200,bac882e5-42a3-48ea-b8e2-c8e889704767,2026-08-09T08:45:00Z,2026-08-09T10:45:00+0200,0.0,EUR/MWh,ES,ES,day_ahead_price,value,2026-08-16T21:17:48Z
2026-08-16T21:11:07Z,2026-08-16T23:11:07+0200,bac882e5-42a3-48ea-b8e2-c8e889704767,2026-08-09T09:00:00Z,2026-08-09T11:00:00+0200,0.0,EUR/MWh,ES,ES,day_ahead_price,value,2026-08-16T21:17:48Z
2026-08-16T21:11:07Z,2026-08-16T23:11:07+0200,bac882e5-42a3-48ea-b8e2-c8e889704767,2026-08-09T09:15:00Z,2026-08-09T11:15:00+0200,-0.01,EUR/MWh,ES,ES,day_ahead_price,value,2026-08-16T21:17:48Z
2026-08-16T21:11:07Z,2026-08-16T23:11:07+0200,bac882e5-42a3-48ea-b8e2-c8e889704767,2026-08-09T09:30:00Z,2026-08-09T11:30:00+0200,-0.02,EUR/MWh,ES,ES,day_ahead_price,value,2026-08-16T21:17:48Z
2026-08-16T21:11:07Z,2026-08-16T23:11:07+0200,bac882e5-42a3-48ea-b8e2-c8e889704767,2026-08-09T09:45:00Z,2026-08-09T11:45:00+0200,-0.03,EUR/MWh,ES,ES,day_ahead_price,value,2026-08-16T21:17:48Z
2026-08-16T21:11:07Z,2026-08-16T23:11:07+0200,bac882e5-42a3-48ea-b8e2-c8e889704767,2026-08-09T10:00:00Z,2026-08-09T12:00:00+0200,-0.02,EUR/MWh,ES,ES,day_ahead_price,value,2026-08-16T21:17:48Z
2026-08-16T21:11:07Z,2026-08-16T23:11:07+0200,bac882e5-42a3-48ea-b8e2-c8e889704767,2026-08-09T10:15:00Z,2026-08-09T12:15:00+0200,-0.03,EUR/MWh,ES,ES,day_ahead_price,value,2026-08-16T21:17:48Z
2026-08-16T21:11:07Z,2026-08-16T23:11:07+0200,bac882e5-42a3-48ea-b8e2-c8e889704767,2026-08-09T10:30:00Z,2026-08-09T12:30:00+0200,-0.05,EUR/MWh,ES,ES,day_ahead_price,value,2026-08-16T21:17:48Z
2026-08-16T21:11:07Z,2026-08-16T23:11:07+0200,bac882e5-42a3-48ea-b8e2-c8e889704767,2026-08-09T10:45:00Z,2026-08-09T12:45:00+0200,-0.07,EUR/MWh,ES,ES,day_ahead_price,value,2026-08-16T21:17:48Z
2026-08-16T21:11:07Z,2026-08-16T23:11:07+0200,bac882e5-42a3-48ea-b8e2-c8e889704767,2026-08-09T11:00:00Z,2026-08-09T13:00:00+0200,-0.1,EUR/MWh,ES,ES,day_ahead_price,value,2026-08-16T21:17:48Z
2026-08-16T21:11:07Z,2026-08-16T23:11:07+0200,bac882e5-42a3-48ea-b8e2-c8e889704767,2026-08-09T11:15:00Z,2026-08-09T13:15:00+0200,-0.1,EUR/MWh,ES,ES,day_ahead_price,value,2026-08-16T21:17:48Z
2026-08-16T21:11:07Z,2026-08-16T23:11:07+0200,bac882e5-42a3-48ea-b8e2-c8e889704767,2026-08-09T11:30:00Z,2026-08-09T13:30:00+0200,-0.11,EUR/MWh,ES,ES,day_ahead_price,value,2026-08-16T21:17:48Z
2026-08-16T21:11:07Z,2026-08-16T23:11:07+0200,bac882e5-42a3-48ea-b8e2-c8e889704767,2026-08-09T11:45:00Z,2026-08-09T13:45:00+0200,-0.11,EUR/MWh,ES,ES,day_ahead_price,value,2026-08-16T21:17:48Z
2026-08-16T21:11:07Z,2026-08-16T23:11:07+0200,bac882e5-42a3-48ea-b8e2-c8e889704767,2026-08-09T12:00:00Z,2026-08-09T14:00:00+0200,-0.1,EUR/MWh,ES,ES,day_ahead_price,value,2026-08-16T21:17:48Z
2026-08-16T21:11:07Z,2026-08-16T23:11:07+0200,bac882e5-42a3-48ea-b8e2-c8e889704767,2026-08-09T12:15:00Z,2026-08-09T14:15:00+0200,-0.1,EUR/MWh,ES,ES,day_ahead_price,value,2026-08-16T21:17:48Z
2026-08-16T21:11:07Z,2026-08-16T23:11:07+0200,bac882e5-42a3-48ea-b8e2-c8e889704767,2026-08-09T12:30:00Z,2026-08-09T14:30:00+0200,-0.09,EUR/MWh,ES,ES,day_ahead_price,value,2026-08-16T21:17:48Z
2026-08-16T21:11:07Z,2026-08-16T23:11:07+0200,bac882e5-42a3-48ea-b8e2-c8e889704767,2026-08-09T12:45:00Z,2026-08-09T14:45:00+0200,-0.1,EUR/MWh,ES,ES,day_ahead_price,value,2026-08-16T21:17:48Z
2026-08-16T21:11:07Z,2026-08-16T23:11:07+0200,bac882e5-42a3-48ea-b8e2-c8e889704767,2026-08-09T13:00:00Z,2026-08-09T15:00:00+0200,-0.02,EUR/MWh,ES,ES,day_ahead_price,value,2026-08-16T21:17:48Z
2026-08-16T21:11:07Z,2026-08-16T23:11:07+0200,bac882e5-42a3-48ea-b8e2-c8e889704767,2026-08-09T13:15:00Z,2026-08-09T15:15:00+0200,-0.01,EUR/MWh,ES,ES,day_ahead_price,value,2026-08-16T21:17:48Z
2026-08-16T21:11:07Z,2026-08-16T23:11:07+0200,bac882e5-42a3-48ea-b8e2-c8e889704767,2026-08-09T13:30:00Z,2026-08-09T15:30:00+0200,-0.01,EUR/MWh,ES,ES,day_ahead_price,value,2026-08-16T21:17:48Z
2026-08-16T21:11:07Z,2026-08-16T23:11:07+0200,bac882e5-42a3-48ea-b8e2-c8e889704767,2026-08-09T13:45:00Z,2026-08-09T15:45:00+0200,0.0,EUR/MWh,ES,ES,day_ahead_price,value,2026-08-16T21:17:48Z
2026-08-16T21:11:07Z,2026-08-16T23:11:07+0200,bac882e5-42a3-48ea-b8e2-c8e889704767,2026-08-09T14:00:00Z,2026-08-09T16:00:00+0200,0.0,EUR/MWh,ES,ES,day_ahead_price,value,2026-08-16T21:17:48Z
2026-08-16T21:11:07Z,2026-08-16T23:11:07+0200,bac882e5-42a3-48ea-b8e2-c8e889704767,2026-08-09T14:15:00Z,2026-08-09T16:15:00+0200,0.01,EUR/MWh,ES,ES,day_ahead_price,value,2026-08-16T21:17:48Z
2026-08-16T21:11:07Z,2026-08-16T23:11:07+0200,bac882e5-42a3-48ea-b8e2-c8e889704767,2026-08-09T14:30:00Z,2026-08-09T16:30:00+0200,0.3,EUR/MWh,ES,ES,day_ahead_price,value,2026-08-16T21:17:48Z
2026-08-16T21:11:07Z,2026-08-16T23:11:07+0200,bac882e5-42a3-48ea-b8e2-c8e889704767,2026-08-09T14:45:00Z,2026-08-09T16:45:00+0200,0.54,EUR/MWh,ES,ES,day_ahead_price,value,2026-08-16T21:17:48Z
2026-08-16T21:11:07Z,2026-08-16T23:11:07+0200,bac882e5-42a3-48ea-b8e2-c8e889704767,2026-08-09T15:00:00Z,2026-08-09T17:00:00+0200,1.08,EUR/MWh,ES,ES,day_ahead_price,value,2026-08-16T21:17:48Z
2026-08-16T21:11:07Z,2026-08-16T23:11:07+0200,bac882e5-42a3-48ea-b8e2-c8e889704767,2026-08-09T15:15:00Z,2026-08-09T17:15:00+0200,1.08,EUR/MWh,ES,ES,day_ahead_price,value,2026-08-16T21:17:48Z
2026-08-16T21:11:07Z,2026-08-16T23:11:07+0200,bac882e5-42a3-48ea-b8e2-c8e889704767,2026-08-09T15:30:00Z,2026-08-09T17:30:00+0200,2.32,EUR/MWh,ES,ES,day_ahead_price,value,2026-08-16T21:17:48Z
2026-08-16T21:11:07Z,2026-08-16T23:11:07+0200,bac882e5-42a3-48ea-b8e2-c8e889704767,2026-08-09T15:45:00Z,2026-08-09T17:45:00+0200,4.52,EUR/MWh,ES,ES,day_ahead_price,value,2026-08-16T21:17:48Z
2026-08-16T21:11:07Z,2026-08-16T23:11:07+0200,bac882e5-42a3-48ea-b8e2-c8e889704767,2026-08-09T16:00:00Z,2026-08-09T18:00:00+0200,5.88,EUR/MWh,ES,ES,day_ahead_price,value,2026-08-16T21:17:48Z
2026-08-16T21:11:07Z,2026-08-16T23:11:07+0200,bac882e5-42a3-48ea-b8e2-c8e889704767,2026-08-09T16:15:00Z,2026-08-09T18:15:00+0200,38.66,EUR/MWh,ES,ES,day_ahead_price,value,2026-08-16T21:17:48Z
2026-08-16T21:11:07Z,2026-08-16T23:11:07+0200,bac882e5-42a3-48ea-b8e2-c8e889704767,2026-08-09T16:30:00Z,2026-08-09T18:30:00+0200,50.3,EUR/MWh,ES,ES,day_ahead_price,value,2026-08-16T21:17:48Z
2026-08-16T21:11:07Z,2026-08-16T23:11:07+0200,bac882e5-42a3-48ea-b8e2-c8e889704767,2026-08-09T16:45:00Z,2026-08-09T18:45:00+0200,84.25,EUR/MWh,ES,ES,day_ahead_price,value,2026-08-16T21:17:48Z
2026-08-16T21:11:07Z,2026-08-16T23:11:07+0200,bac882e5-42a3-48ea-b8e2-c8e889704767,2026-08-09T17:00:00Z,2026-08-09T19:00:00+0200,80.0,EUR/MWh,ES,ES,day_ahead_price,value,2026-08-16T21:17:48Z
2026-08-16T21:11:07Z,2026-08-16T23:11:07+0200,bac882e5-42a3-48ea-b8e2-c8e889704767,2026-08-09T17:15:00Z,2026-08-09T19:15:00+0200,99.75,EUR/MWh,ES,ES,day_ahead_price,value,2026-08-16T21:17:48Z
2026-08-16T21:11:07Z,2026-08-16T23:11:07+0200,bac882e5-42a3-48ea-b8e2-c8e889704767,2026-08-09T17:30:00Z,2026-08-09T19:30:00+0200,111.37,EUR/MWh,ES,ES,day_ahead_price,value,2026-08-16T21:17:48Z
2026-08-16T21:11:07Z,2026-08-16T23:11:07+0200,bac882e5-42a3-48ea-b8e2-c8e889704767,2026-08-09T17:45:00Z,2026-08-09T19:45:00+0200,149.68,EUR/MWh,ES,ES,day_ahead_price,value,2026-08-16T21:17:48Z
2026-08-16T21:11:07Z,2026-08-16T23:11:07+0200,bac882e5-42a3-48ea-b8e2-c8e889704767,2026-08-09T18:00:00Z,2026-08-09T20:00:00+0200,144.47,EUR/MWh,ES,ES,day_ahead_price,value,2026-08-16T21:17:48Z
2026-08-16T21:11:07Z,2026-08-16T23:11:07+0200,bac882e5-42a3-48ea-b8e2-c8e889704767,2026-08-09T18:15:00Z,2026-08-09T20:15:00+0200,160.22,EUR/MWh,ES,ES,day_ahead_price,value,2026-08-16T21:17:48Z
2026-08-16T21:11:07Z,2026-08-16T23:11:07+0200,bac882e5-42a3-48ea-b8e2-c8e889704767,2026-08-09T18:30:00Z,2026-08-09T20:30:00+0200,171.62,EUR/MWh,ES,ES,day_ahead_price,value,2026-08-16T21:17:48Z
2026-08-16T21:11:07Z,2026-08-16T23:11:07+0200,bac882e5-42a3-48ea-b8e2-c8e889704767,2026-08-09T18:45:00Z,2026-08-09T20:45:00+0200,175.73,EUR/MWh,ES,ES,day_ahead_price,value,2026-08-16T21:17:48Z
2026-08-16T21:11:07Z,2026-08-16T23:11:07+0200,bac882e5-42a3-48ea-b8e2-c8e889704767,2026-08-09T19:00:00Z,2026-08-09T21:00:00+0200,175.23,EUR/MWh,ES,ES,day_ahead_price,value,2026-08-16T21:17:48Z
2026-08-16T21:11:07Z,2026-08-16T23:11:07+0200,bac882e5-42a3-48ea-b8e2-c8e889704767,2026-08-09T19:15:00Z,2026-08-09T21:15:00+0200,175.73,EUR/MWh,ES,ES,day_ahead_price,value,2026-08-16T21:17:48Z
2026-08-16T21:11:07Z,2026-08-16T23:11:07+0200,bac882e5-42a3-48ea-b8e2-c8e889704767,2026-08-09T19:30:00Z,2026-08-09T21:30:00+0200,175.73,EUR/MWh,ES,ES,day_ahead_price,value,2026-08-16T21:17:48Z
2026-08-16T21:11:07Z,2026-08-16T23:11:07+0200,bac882e5-42a3-48ea-b8e2-c8e889704767,2026-08-09T19:45:00Z,2026-08-09T21:45:00+0200,175.73,EUR/MWh,ES,ES,day_ahead_price,value,2026-08-16T21:17:48Z
2026-08-16T21:11:07Z,2026-08-16T23:11:07+0200,bac882e5-42a3-48ea-b8e2-c8e889704767,2026-08-09T20:00:00Z,2026-08-09T22:00:00+0200,175.73,EUR/MWh,ES,ES,day_ahead_price,value,2026-08-16T21:17:48Z
2026-08-16T21:11:07Z,2026-08-16T23:11:07+0200,bac882e5-42a3-48ea-b8e2-c8e889704767,2026-08-09T20:15:00Z,2026-08-09T22:15:00+0200,175.73,EUR/MWh,ES,ES,day_ahead_price,value,2026-08-16T21:17:48Z
2026-08-16T21:11:07Z,2026-08-16T23:11:07+0200,bac882e5-42a3-48ea-b8e2-c8e889704767,2026-08-09T20:30:00Z,2026-08-09T22:30:00+0200,175.23,EUR/MWh,ES,ES,day_ahead_price,value,2026-08-16T21:17:48Z
2026-08-16T21:11:07Z,2026-08-16T23:11:07+0200,bac882e5-42a3-48ea-b8e2-c8e889704767,2026-08-09T20:45:00Z,2026-08-09T22:45:00+0200,175.23,EUR/MWh,ES,ES,day_ahead_price,value,2026-08-16T21:17:48Z
2026-08-16T21:11:07Z,2026-08-16T23:11:07+0200,bac882e5-42a3-48ea-b8e2-c8e889704767,2026-08-09T21:00:00Z,2026-08-09T23:00:00+0200,173.23,EUR/MWh,ES,ES,day_ahead_price,value,2026-08-16T21:17:48Z
2026-08-16T21:11:07Z,2026-08-16T23:11:07+0200,bac882e5-42a3-48ea-b8e2-c8e889704767,2026-08-09T21:15:00Z,2026-08-09T23:15:00+0200,172.03,EUR/MWh,ES,ES,day_ahead_price,value,2026-08-16T21:17:48Z
2026-08-16T21:11:07Z,2026-08-16T23:11:07+0200,bac882e5-42a3-48ea-b8e2-c8e889704767,2026-08-09T21:30:00Z,2026-08-09T23:30:00+0200,166.0,EUR/MWh,ES,ES,day_ahead_price,value,2026-08-16T21:17:48Z
2026-08-16T21:11:07Z,2026-08-16T23:11:07+0200,bac882e5-42a3-48ea-b8e2-c8e889704767,2026-08-09T21:45:00Z,2026-08-09T23:45:00+0200,162.56,EUR/MWh,ES,ES,day_ahead_price,value,2026-08-16T21:17:48Z
2026-08-16T21:11:07Z,2026-08-16T23:11:07+0200,bac882e5-42a3-48ea-b8e2-c8e889704767,2026-08-09T22:00:00Z,2026-08-10T00:00:00+0200,165.14,EUR/MWh,ES,ES,day_ahead_price,value,2026-08-16T21:17:48Z
2026-08-16T21:11:07Z,2026-08-16T23:11:07+0200,bac882e5-42a3-48ea-b8e2-c8e889704767,2026-08-09T22:15:00Z,2026-08-10T00:15:00+0200,164.4,EUR/MWh,ES,ES,day_ahead_price,value,2026-08-16T21:17:48Z
2026-08-16T21:11:07Z,2026-08-16T23:11:07+0200,bac882e5-42a3-48ea-b8e2-c8e889704767,2026-08-09T22:30:00Z,2026-08-10T00:30:00+0200,161.98,EUR/MWh,ES,ES,day_ahead_price,value,2026-08-16T21:17:48Z
2026-08-16T21:11:07Z,2026-08-16T23:11:07+0200,bac882e5-42a3-48ea-b8e2-c8e889704767,2026-08-09T22:45:00Z,2026-08-10T00:45:00+0200,161.98,EUR/MWh,ES,ES,day_ahead_price,value,2026-08-16T21:17:48Z
2026-08-16T21:11:07Z,2026-08-16T23:11:07+0200,bac882e5-42a3-48ea-b8e2-c8e889704767,2026-08-09T23:00:00Z,2026-08-10T01:00:00+0200,162.25,EUR/MWh,ES,ES,day_ahead_price,value,2026-08-16T21:17:48Z
2026-08-16T21:11:07Z,2026-08-16T23:11:07+0200,bac882e5-42a3-48ea-b8e2-c8e889704767,2026-08-09T23:15:00Z,2026-08-10T01:15:00+0200,160.4,EUR/MWh,ES,ES,day_ahead_price,value,2026-08-16T21:17:48Z
2026-08-16T21:11:07Z,2026-08-16T23:11:07+0200,bac882e5-42a3-48ea-b8e2-c8e889704767,2026-08-09T23:30:00Z,2026-08-10T01:30:00+0200,160.99,EUR/MWh,ES,ES,day_ahead_price,value,2026-08-16T21:17:48Z
2026-08-16T21:11:07Z,2026-08-16T23:11:07+0200,bac882e5-42a3-48ea-b8e2-c8e889704767,2026-08-09T23:45:00Z,2026-08-10T01:45:00+0200,160.17,EUR/MWh,ES,ES,day_ahead_price,value,2026-08-16T21:17:48Z
2026-08-16T21:11:07Z,2026-08-16T23:11:07+0200,bac882e5-42a3-48ea-b8e2-c8e889704767,2026-08-10T00:00:00Z,2026-08-10T02:00:00+0200,162.25,EUR/MWh,ES,ES,day_ahead_price,value,2026-08-16T21:17:48Z
2026-08-16T21:11:07Z,2026-08-16T23:11:07+0200,bac882e5-42a3-48ea-b8e2-c8e889704767,2026-08-10T00:15:00Z,2026-08-10T02:15:00+0200,161.48,EUR/MWh,ES,ES,day_ahead_price,value,2026-08-16T21:17:48Z
2026-08-16T21:11:07Z,2026-08-16T23:11:07+0200,bac882e5-42a3-48ea-b8e2-c8e889704767,2026-08-10T00:30:00Z,2026-08-10T02:30:00+0200,160.4,EUR/MWh,ES,ES,day_ahead_price,value,2026-08-16T21:17:48Z
2026-08-16T21:11:07Z,2026-08-16T23:11:07+0200,bac882e5-42a3-48ea-b8e2-c8e889704767,2026-08-10T00:45:00Z,2026-08-10T02:45:00+0200,160.4,EUR/MWh,ES,ES,day_ahead_price,value,2026-08-16T21:17:48Z
2026-08-16T21:11:07Z,2026-08-16T23:11:07+0200,bac882e5-42a3-48ea-b8e2-c8e889704767,2026-08-10T01:00:00Z,2026-08-10T03:00:00+0200,160.4,EUR/MWh,ES,ES,day_ahead_price,value,2026-08-16T21:17:48Z
2026-08-16T21:11:07Z,2026-08-16T23:11:07+0200,bac882e5-42a3-48ea-b8e2-c8e889704767,2026-08-10T01:15:00Z,2026-08-10T03:15:00+0200,158.0,EUR/MWh,ES,ES,day_ahead_price,value,2026-08-16T21:17:48Z
2026-08-16T21:11:07Z,2026-08-16T23:11:07+0200,bac882e5-42a3-48ea-b8e2-c8e889704767,2026-08-10T01:30:00Z,2026-08-10T03:30:00+0200,157.41,EUR/MWh,ES,ES,day_ahead_price,value,2026-08-16T21:17:48Z
2026-08-16T21:11:07Z,2026-08-16T23:11:07+0200,bac882e5-42a3-48ea-b8e2-c8e889704767,2026-08-10T01:45:00Z,2026-08-10T03:45:00+0200,157.41,EUR/MWh,ES,ES,day_ahead_price,value,2026-08-16T21:17:48Z
2026-08-16T21:11:07Z,2026-08-16T23:11:07+0200,bac882e5-42a3-48ea-b8e2-c8e889704767,2026-08-10T02:00:00Z,2026-08-10T04:00:00+0200,151.0,EUR/MWh,ES,ES,day_ahead_price,value,2026-08-16T21:17:48Z
2026-08-16T21:11:07Z,2026-08-16T23:11:07+0200,bac882e5-42a3-48ea-b8e2-c8e889704767,2026-08-10T02:15:00Z,2026-08-10T04:15:00+0200,152.21,EUR/MWh,ES,ES,day_ahead_price,value,2026-08-16T21:17:48Z
2026-08-16T21:11:07Z,2026-08-16T23:11:07+0200,bac882e5-42a3-48ea-b8e2-c8e889704767,2026-08-10T02:30:00Z,2026-08-10T04:30:00+0200,153.53,EUR/MWh,ES,ES,day_ahead_price,value,2026-08-16T21:17:48Z
2026-08-16T21:11:07Z,2026-08-16T23:11:07+0200,bac882e5-42a3-48ea-b8e2-c8e889704767,2026-08-10T02:45:00Z,2026-08-10T04:45:00+0200,154.47,EUR/MWh,ES,ES,day_ahead_price,value,2026-08-16T21:17:48Z
2026-08-16T21:11:07Z,2026-08-16T23:11:07+0200,bac882e5-42a3-48ea-b8e2-c8e889704767,2026-08-10T03:00:00Z,2026-08-10T05:00:00+0200,153.99,EUR/MWh,ES,ES,day_ahead_price,value,2026-08-16T21:17:48Z
2026-08-16T21:11:07Z,2026-08-16T23:11:07+0200,bac882e5-42a3-48ea-b8e2-c8e889704767,2026-08-10T03:15:00Z,2026-08-10T05:15:00+0200,156.0,EUR/MWh,ES,ES,day_ahead_price,value,2026-08-16T21:17:48Z
2026-08-16T21:11:07Z,2026-08-16T23:11:07+0200,bac882e5-42a3-48ea-b8e2-c8e889704767,2026-08-10T03:30:00Z,2026-08-10T05:30:00+0200,159.0,EUR/MWh,ES,ES,day_ahead_price,value,2026-08-16T21:17:48Z
2026-08-16T21:11:07Z,2026-08-16T23:11:07+0200,bac882e5-42a3-48ea-b8e2-c8e889704767,2026-08-10T03:45:00Z,2026-08-10T05:45:00+0200,161.0,EUR/MWh,ES,ES,day_ahead_price,value,2026-08-16T21:17:48Z
2026-08-16T21:11:07Z,2026-08-16T23:11:07+0200,bac882e5-42a3-48ea-b8e2-c8e889704767,2026-08-10T04:00:00Z,2026-08-10T06:00:00+0200,164.0,EUR/MWh,ES,ES,day_ahead_price,value,2026-08-16T21:17:48Z
2026-08-16T21:11:07Z,2026-08-16T23:11:07+0200,bac882e5-42a3-48ea-b8e2-c8e889704767,2026-08-10T04:15:00Z,2026-08-10T06:15:00+0200,165.4,EUR/MWh,ES,ES,day_ahead_price,value,2026-08-16T21:17:48Z
2026-08-16T21:11:07Z,2026-08-16T23:11:07+0200,bac882e5-42a3-48ea-b8e2-c8e889704767,2026-08-10T04:30:00Z,2026-08-10T06:30:00+0200,168.02,EUR/MWh,ES,ES,day_ahead_price,value,2026-08-16T21:17:48Z
2026-08-16T21:11:07Z,2026-08-16T23:11:07+0200,bac882e5-42a3-48ea-b8e2-c8e889704767,2026-08-10T04:45:00Z,2026-08-10T06:45:00+0200,173.47,EUR/MWh,ES,ES,day_ahead_price,value,2026-08-16T21:17:48Z
2026-08-16T21:11:07Z,2026-08-16T23:11:07+0200,bac882e5-42a3-48ea-b8e2-c8e889704767,2026-08-10T05:00:00Z,2026-08-10T07:00:00+0200,176.97,EUR/MWh,ES,ES,day_ahead_price,value,2026-08-16T21:17:48Z
2026-08-16T21:11:07Z,2026-08-16T23:11:07+0200,bac882e5-42a3-48ea-b8e2-c8e889704767,2026-08-10T05:15:00Z,2026-08-10T07:15:00+0200,182.47,EUR/MWh,ES,ES,day_ahead_price,value,2026-08-16T21:17:48Z
2026-08-16T21:11:07Z,2026-08-16T23:11:07+0200,bac882e5-42a3-48ea-b8e2-c8e889704767,2026-08-10T05:30:00Z,2026-08-10T07:30:00+0200,182.68,EUR/MWh,ES,ES,day_ahead_price,value,2026-08-16T21:17:48Z
2026-08-16T21:11:07Z,2026-08-16T23:11:07+0200,bac882e5-42a3-48ea-b8e2-c8e889704767,2026-08-10T05:45:00Z,2026-08-10T07:45:00+0200,180.01,EUR/MWh,ES,ES,day_ahead_price,value,2026-08-16T21:17:48Z
2026-08-16T21:11:07Z,2026-08-16T23:11:07+0200,bac882e5-42a3-48ea-b8e2-c8e889704767,2026-08-10T06:00:00Z,2026-08-10T08:00:00+0200,182.63,EUR/MWh,ES,ES,day_ahead_price,value,2026-08-16T21:17:48Z
2026-08-16T21:11:07Z,2026-08-16T23:11:07+0200,bac882e5-42a3-48ea-b8e2-c8e889704767,2026-08-10T06:15:00Z,2026-08-10T08:15:00+0200,175.47,EUR/MWh,ES,ES,day_ahead_price,value,2026-08-16T21:17:48Z
2026-08-16T21:11:07Z,2026-08-16T23:11:07+0200,bac882e5-42a3-48ea-b8e2-c8e889704767,2026-08-10T06:30:00Z,2026-08-10T08:30:00+0200,164.5,EUR/MWh,ES,ES,day_ahead_price,value,2026-08-16T21:17:48Z
2026-08-16T21:11:07Z,2026-08-16T23:11:07+0200,bac882e5-42a3-48ea-b8e2-c8e889704767,2026-08-10T06:45:00Z,2026-08-10T08:45:00+0200,154.29,EUR/MWh,ES,ES,day_ahead_price,value,2026-08-16T21:17:48Z
2026-08-16T21:11:07Z,2026-08-16T23:11:07+0200,bac882e5-42a3-48ea-b8e2-c8e889704767,2026-08-10T07:00:00Z,2026-08-10T09:00:00+0200,163.56,EUR/MWh,ES,ES,day_ahead_price,value,2026-08-16T21:17:48Z
2026-08-16T21:11:07Z,2026-08-16T23:11:07+0200,bac882e5-42a3-48ea-b8e2-c8e889704767,2026-08-10T07:15:00Z,2026-08-10T09:15:00+0200,151.97,EUR/MWh,ES,ES,day_ahead_price,value,2026-08-16T21:17:48Z
2026-08-16T21:11:07Z,2026-08-16T23:11:07+0200,bac882e5-42a3-48ea-b8e2-c8e889704767,2026-08-10T07:30:00Z,2026-08-10T09:30:00+0200,125.53,EUR/MWh,ES,ES,day_ahead_price,value,2026-08-16T21:17:48Z
2026-08-16T21:11:07Z,2026-08-16T23:11:07+0200,bac882e5-42a3-48ea-b8e2-c8e889704767,2026-08-10T07:45:00Z,2026-08-10T09:45:00+0200,100.27,EUR/MWh,ES,ES,day_ahead_price,value,2026-08-16T21:17:48Z
2026-08-16T21:11:07Z,2026-08-16T23:11:07+0200,bac882e5-42a3-48ea-b8e2-c8e889704767,2026-08-10T08:00:00Z,2026-08-10T10:00:00+0200,100.14,EUR/MWh,ES,ES,day_ahead_price,value,2026-08-16T21:17:48Z
2026-08-16T21:11:07Z,2026-08-16T23:11:07+0200,bac882e5-42a3-48ea-b8e2-c8e889704767,2026-08-10T08:15:00Z,2026-08-10T10:15:00+0200,98.0,EUR/MWh,ES,ES,day_ahead_price,value,2026-08-16T21:17:48Z
2026-08-16T21:11:07Z,2026-08-16T23:11:07+0200,bac882e5-42a3-48ea-b8e2-c8e889704767,2026-08-10T08:30:00Z,2026-08-10T10:30:00+0200,86.76,EUR/MWh,ES,ES,day_ahead_price,value,2026-08-16T21:17:48Z
2026-08-16T21:11:07Z,2026-08-16T23:11:07+0200,bac882e5-42a3-48ea-b8e2-c8e889704767,2026-08-10T08:45:00Z,2026-08-10T10:45:00+0200,74.16,EUR/MWh,ES,ES,day_ahead_price,value,2026-08-16T21:17:48Z
2026-08-16T21:11:07Z,2026-08-16T23:11:07+0200,bac882e5-42a3-48ea-b8e2-c8e889704767,2026-08-10T09:00:00Z,2026-08-10T11:00:00+0200,74.54,EUR/MWh,ES,ES,day_ahead_price,value,2026-08-16T21:17:48Z
2026-08-16T21:11:07Z,2026-08-16T23:11:07+0200,bac882e5-42a3-48ea-b8e2-c8e889704767,2026-08-10T09:15:00Z,2026-08-10T11:15:00+0200,70.36,EUR/MWh,ES,ES,day_ahead_price,value,2026-08-16T21:17:48Z
2026-08-16T21:11:07Z,2026-08-16T23:11:07+0200,bac882e5-42a3-48ea-b8e2-c8e889704767,2026-08-10T09:30:00Z,2026-08-10T11:30:00+0200,63.1,EUR/MWh,ES,ES,day_ahead_price,value,2026-08-16T21:17:48Z
2026-08-16T21:11:07Z,2026-08-16T23:11:07+0200,bac882e5-42a3-48ea-b8e2-c8e889704767,2026-08-10T09:45:00Z,2026-08-10T11:45:00+0200,58.17,EUR/MWh,ES,ES,day_ahead_price,value,2026-08-16T21:17:48Z
2026-08-16T21:11:07Z,2026-08-16T23:11:07+0200,bac882e5-42a3-48ea-b8e2-c8e889704767,2026-08-10T10:00:00Z,2026-08-10T12:00:00+0200,38.66,EUR/MWh,ES,ES,day_ahead_price,value,2026-08-16T21:17:48Z
2026-08-16T21:11:07Z,2026-08-16T23:11:07+0200,bac882e5-42a3-48ea-b8e2-c8e889704767,2026-08-10T10:15:00Z,2026-08-10T12:15:00+0200,38.55,EUR/MWh,ES,ES,day_ahead_price,value,2026-08-16T21:17:48Z
2026-08-16T21:11:07Z,2026-08-16T23:11:07+0200,bac882e5-42a3-48ea-b8e2-c8e889704767,2026-08-10T10:30:00Z,2026-08-10T12:30:00+0200,35.0,EUR/MWh,ES,ES,day_ahead_price,value,2026-08-16T21:17:48Z
2026-08-16T21:11:07Z,2026-08-16T23:11:07+0200,bac882e5-42a3-48ea-b8e2-c8e889704767,2026-08-10T10:45:00Z,2026-08-10T12:45:00+0200,38.55,EUR/MWh,ES,ES,day_ahead_price,value,2026-08-16T21:17:48Z
2026-08-16T21:11:07Z,2026-08-16T23:11:07+0200,bac882e5-42a3-48ea-b8e2-c8e889704767,2026-08-10T11:00:00Z,2026-08-10T13:00:00+0200,36.75,EUR/MWh,ES,ES,day_ahead_price,value,2026-08-16T21:17:48Z
2026-08-16T21:11:07Z,2026-08-16T23:11:07+0200,bac882e5-42a3-48ea-b8e2-c8e889704767,2026-08-10T11:15:00Z,2026-08-10T13:15:00+0200,33.49,EUR/MWh,ES,ES,day_ahead_price,value,2026-08-16T21:17:48Z
2026-08-16T21:11:07Z,2026-08-16T23:11:07+0200,bac882e5-42a3-48ea-b8e2-c8e889704767,2026-08-10T11:30:00Z,2026-08-10T13:30:00+0200,25.0,EUR/MWh,ES,ES,day_ahead_price,value,2026-08-16T21:17:48Z
2026-08-16T21:11:07Z,2026-08-16T23:11:07+0200,bac882e5-42a3-48ea-b8e2-c8e889704767,2026-08-10T11:45:00Z,2026-08-10T13:45:00+0200,25.0,EUR/MWh,ES,ES,day_ahead_price,value,2026-08-16T21:17:48Z
2026-08-16T21:11:07Z,2026-08-16T23:11:07+0200,bac882e5-42a3-48ea-b8e2-c8e889704767,2026-08-10T12:00:00Z,2026-08-10T14:00:00+0200,34.24,EUR/MWh,ES,ES,day_ahead_price,value,2026-08-16T21:17:48Z
2026-08-16T21:11:07Z,2026-08-16T23:11:07+0200,bac882e5-42a3-48ea-b8e2-c8e889704767,2026-08-10T12:15:00Z,2026-08-10T14:15:00+0200,30.61,EUR/MWh,ES,ES,day_ahead_price,value,2026-08-16T21:17:48Z
2026-08-16T21:11:07Z,2026-08-16T23:11:07+0200,bac882e5-42a3-48ea-b8e2-c8e889704767,2026-08-10T12:30:00Z,2026-08-10T14:30:00+0200,36.33,EUR/MWh,ES,ES,day_ahead_price,value,2026-08-16T21:17:48Z
2026-08-16T21:11:07Z,2026-08-16T23:11:07+0200,bac882e5-42a3-48ea-b8e2-c8e889704767,2026-08-10T12:45:00Z,2026-08-10T14:45:00+0200,35.0,EUR/MWh,ES,ES,day_ahead_price,value,2026-08-16T21:17:48Z
2026-08-16T21:11:07Z,2026-08-16T23:11:07+0200,bac882e5-42a3-48ea-b8e2-c8e889704767,2026-08-10T13:00:00Z,2026-08-10T15:00:00+0200,25.0,EUR/MWh,ES,ES,day_ahead_price,value,2026-08-16T21:17:48Z
2026-08-16T21:11:07Z,2026-08-16T23:11:07+0200,bac882e5-42a3-48ea-b8e2-c8e889704767,2026-08-10T13:15:00Z,2026-08-10T15:15:00+0200,25.0,EUR/MWh,ES,ES,day_ahead_price,value,2026-08-16T21:17:48Z
2026-08-16T21:11:07Z,2026-08-16T23:11:07+0200,bac882e5-42a3-48ea-b8e2-c8e889704767,2026-08-10T13:30:00Z,2026-08-10T15:30:00+0200,21.0,EUR/MWh,ES,ES,day_ahead_price,value,2026-08-16T21:17:48Z
2026-08-16T21:11:07Z,2026-08-16T23:11:07+0200,bac882e5-42a3-48ea-b8e2-c8e889704767,2026-08-10T13:45:00Z,2026-08-10T15:45:00+0200,24.11,EUR/MWh,ES,ES,day_ahead_price,value,2026-08-16T21:17:48Z
2026-08-16T21:11:07Z,2026-08-16T23:11:07+0200,bac882e5-42a3-48ea-b8e2-c8e889704767,2026-08-10T14:00:00Z,2026-08-10T16:00:00+0200,25.0,EUR/MWh,ES,ES,day_ahead_price,value,2026-08-16T21:17:48Z
2026-08-16T21:11:07Z,2026-08-16T23:11:07+0200,bac882e5-42a3-48ea-b8e2-c8e889704767,2026-08-10T14:15:00Z,2026-08-10T16:15:00+0200,38.66,EUR/MWh,ES,ES,day_ahead_price,value,2026-08-16T21:17:48Z
2026-08-16T21:11:07Z,2026-08-16T23:11:07+0200,bac882e5-42a3-48ea-b8e2-c8e889704767,2026-08-10T14:30:00Z,2026-08-10T16:30:00+0200,38.99,EUR/MWh,ES,ES,day_ahead_price,value,2026-08-16T21:17:48Z
2026-08-16T21:11:07Z,2026-08-16T23:11:07+0200,bac882e5-42a3-48ea-b8e2-c8e889704767,2026-08-10T14:45:00Z,2026-08-10T16:45:00+0200,50.0,EUR/MWh,ES,ES,day_ahead_price,value,2026-08-16T21:17:48Z
2026-08-16T21:11:07Z,2026-08-16T23:11:07+0200,bac882e5-42a3-48ea-b8e2-c8e889704767,2026-08-10T15:00:00Z,2026-08-10T17:00:00+0200,74.16,EUR/MWh,ES,ES,day_ahead_price,value,2026-08-16T21:17:48Z
2026-08-16T21:11:07Z,2026-08-16T23:11:07+0200,bac882e5-42a3-48ea-b8e2-c8e889704767,2026-08-10T15:15:00Z,2026-08-10T17:15:00+0200,84.25,EUR/MWh,ES,ES,day_ahead_price,value,2026-08-16T21:17:48Z
2026-08-16T21:11:07Z,2026-08-16T23:11:07+0200,bac882e5-42a3-48ea-b8e2-c8e889704767,2026-08-10T15:30:00Z,2026-08-10T17:30:00+0200,85.22,EUR/MWh,ES,ES,day_ahead_price,value,2026-08-16T21:17:48Z
2026-08-16T21:11:07Z,2026-08-16T23:11:07+0200,bac882e5-42a3-48ea-b8e2-c8e889704767,2026-08-10T15:45:00Z,2026-08-10T17:45:00+0200,90.23,EUR/MWh,ES,ES,day_ahead_price,value,2026-08-16T21:17:48Z
2026-08-16T21:11:07Z,2026-08-16T23:11:07+0200,bac882e5-42a3-48ea-b8e2-c8e889704767,2026-08-10T16:00:00Z,2026-08-10T18:00:00+0200,94.39,EUR/MWh,ES,ES,day_ahead_price,value,2026-08-16T21:17:48Z
2026-08-16T21:11:07Z,2026-08-16T23:11:07+0200,bac882e5-42a3-48ea-b8e2-c8e889704767,2026-08-10T16:15:00Z,2026-08-10T18:15:00+0200,99.75,EUR/MWh,ES,ES,day_ahead_price,value,2026-08-16T21:17:48Z
2026-08-16T21:11:07Z,2026-08-16T23:11:07+0200,bac882e5-42a3-48ea-b8e2-c8e889704767,2026-08-10T16:30:00Z,2026-08-10T18:30:00+0200,100.14,EUR/MWh,ES,ES,day_ahead_price,value,2026-08-16T21:17:48Z
2026-08-16T21:11:07Z,2026-08-16T23:11:07+0200,bac882e5-42a3-48ea-b8e2-c8e889704767,2026-08-10T16:45:00Z,2026-08-10T18:45:00+0200,103.92,EUR/MWh,ES,ES,day_ahead_price,value,2026-08-16T21:17:48Z
2026-08-16T21:11:07Z,2026-08-16T23:11:07+0200,bac882e5-42a3-48ea-b8e2-c8e889704767,2026-08-10T17:00:00Z,2026-08-10T19:00:00+0200,101.73,EUR/MWh,ES,ES,day_ahead_price,value,2026-08-16T21:17:48Z
2026-08-16T21:11:07Z,2026-08-16T23:11:07+0200,bac882e5-42a3-48ea-b8e2-c8e889704767,2026-08-10T17:15:00Z,2026-08-10T19:15:00+0200,119.5,EUR/MWh,ES,ES,day_ahead_price,value,2026-08-16T21:17:48Z
2026-08-16T21:11:07Z,2026-08-16T23:11:07+0200,bac882e5-42a3-48ea-b8e2-c8e889704767,2026-08-10T17:30:00Z,2026-08-10T19:30:00+0200,150.63,EUR/MWh,ES,ES,day_ahead_price,value,2026-08-16T21:17:48Z
2026-08-16T21:11:07Z,2026-08-16T23:11:07+0200,bac882e5-42a3-48ea-b8e2-c8e889704767,2026-08-10T17:45:00Z,2026-08-10T19:45:00+0200,168.96,EUR/MWh,ES,ES,day_ahead_price,value,2026-08-16T21:17:48Z
2026-08-16T21:11:07Z,2026-08-16T23:11:07+0200,bac882e5-42a3-48ea-b8e2-c8e889704767,2026-08-10T18:00:00Z,2026-08-10T20:00:00+0200,176.0,EUR/MWh,ES,ES,day_ahead_price,value,2026-08-16T21:17:48Z
2026-08-16T21:11:07Z,2026-08-16T23:11:07+0200,bac882e5-42a3-48ea-b8e2-c8e889704767,2026-08-10T18:15:00Z,2026-08-10T20:15:00+0200,182.63,EUR/MWh,ES,ES,day_ahead_price,value,2026-08-16T21:17:48Z
2026-08-16T21:11:07Z,2026-08-16T23:11:07+0200,bac882e5-42a3-48ea-b8e2-c8e889704767,2026-08-10T18:30:00Z,2026-08-10T20:30:00+0200,192.25,EUR/MWh,ES,ES,day_ahead_price,value,2026-08-16T21:17:48Z
2026-08-16T21:11:07Z,2026-08-16T23:11:07+0200,bac882e5-42a3-48ea-b8e2-c8e889704767,2026-08-10T18:45:00Z,2026-08-10T20:45:00+0200,201.44,EUR/MWh,ES,ES,day_ahead_price,value,2026-08-16T21:17:48Z
2026-08-16T21:11:07Z,2026-08-16T23:11:07+0200,bac882e5-42a3-48ea-b8e2-c8e889704767,2026-08-10T19:00:00Z,2026-08-10T21:00:00+0200,207.58,EUR/MWh,ES,ES,day_ahead_price,value,2026-08-16T21:17:48Z
2026-08-16T21:11:07Z,2026-08-16T23:11:07+0200,bac882e5-42a3-48ea-b8e2-c8e889704767,2026-08-10T19:15:00Z,2026-08-10T21:15:00+0200,226.14,EUR/MWh,ES,ES,day_ahead_price,value,2026-08-16T21:17:48Z
2026-08-16T21:11:07Z,2026-08-16T23:11:07+0200,bac882e5-42a3-48ea-b8e2-c8e889704767,2026-08-10T19:30:00Z,2026-08-10T21:30:00+0200,233.76,EUR/MWh,ES,ES,day_ahead_price,value,2026-08-16T21:17:48Z
2026-08-16T21:11:07Z,2026-08-16T23:11:07+0200,bac882e5-42a3-48ea-b8e2-c8e889704767,2026-08-10T19:45:00Z,2026-08-10T21:45:00+0200,226.14,EUR/MWh,ES,ES,day_ahead_price,value,2026-08-16T21:17:48Z
2026-08-16T21:11:07Z,2026-08-16T23:11:07+0200,bac882e5-42a3-48ea-b8e2-c8e889704767,2026-08-10T20:00:00Z,2026-08-10T22:00:00+0200,211.62,EUR/MWh,ES,ES,day_ahead_price,value,2026-08-16T21:17:48Z
2026-08-16T21:11:07Z,2026-08-16T23:11:07+0200,bac882e5-42a3-48ea-b8e2-c8e889704767,2026-08-10T20:15:00Z,2026-08-10T22:15:00+0200,202.0,EUR/MWh,ES,ES,day_ahead_price,value,2026-08-16T21:17:48Z
2026-08-16T21:11:07Z,2026-08-16T23:11:07+0200,bac882e5-42a3-48ea-b8e2-c8e889704767,2026-08-10T20:30:00Z,2026-08-10T22:30:00+0200,197.74,EUR/MWh,ES,ES,day_ahead_price,value,2026-08-16T21:17:48Z
2026-08-16T21:11:07Z,2026-08-16T23:11:07+0200,bac882e5-42a3-48ea-b8e2-c8e889704767,2026-08-10T20:45:00Z,2026-08-10T22:45:00+0200,190.35,EUR/MWh,ES,ES,day_ahead_price,value,2026-08-16T21:17:48Z
2026-08-16T21:11:07Z,2026-08-16T23:11:07+0200,bac882e5-42a3-48ea-b8e2-c8e889704767,2026-08-10T21:00:00Z,2026-08-10T23:00:00+0200,190.0,EUR/MWh,ES,ES,day_ahead_price,value,2026-08-16T21:17:48Z
2026-08-16T21:11:07Z,2026-08-16T23:11:07+0200,bac882e5-42a3-48ea-b8e2-c8e889704767,2026-08-10T21:15:00Z,2026-08-10T23:15:00+0200,187.5,EUR/MWh,ES,ES,day_ahead_price,value,2026-08-16T21:17:48Z
2026-08-16T21:11:07Z,2026-08-16T23:11:07+0200,bac882e5-42a3-48ea-b8e2-c8e889704767,2026-08-10T21:30:00Z,2026-08-10T23:30:00+0200,182.8,EUR/MWh,ES,ES,day_ahead_price,value,2026-08-16T21:17:48Z
2026-08-16T21:11:07Z,2026-08-16T23:11:07+0200,bac882e5-42a3-48ea-b8e2-c8e889704767,2026-08-10T21:45:00Z,2026-08-10T23:45:00+0200,180.01,EUR/MWh,ES,ES,day_ahead_price,value,2026-08-16T21:17:48Z
2026-08-16T21:11:07Z,2026-08-16T23:11:07+0200,bac882e5-42a3-48ea-b8e2-c8e889704767,2026-08-10T22:00:00Z,2026-08-11T00:00:00+0200,180.01,EUR/MWh,ES,ES,day_ahead_price,value,2026-08-16T21:17:48Z
2026-08-16T21:11:07Z,2026-08-16T23:11:07+0200,bac882e5-42a3-48ea-b8e2-c8e889704767,2026-08-10T22:15:00Z,2026-08-11T00:15:00+0200,179.04,EUR/MWh,ES,ES,day_ahead_price,value,2026-08-16T21:17:48Z
2026-08-16T21:11:07Z,2026-08-16T23:11:07+0200,bac882e5-42a3-48ea-b8e2-c8e889704767,2026-08-10T22:30:00Z,2026-08-11T00:30:00+0200,178.04,EUR/MWh,ES,ES,day_ahead_price,value,2026-08-16T21:17:48Z
2026-08-16T21:11:07Z,2026-08-16T23:11:07+0200,bac882e5-42a3-48ea-b8e2-c8e889704767,2026-08-10T22:45:00Z,2026-08-11T00:45:00+0200,176.28,EUR/MWh,ES,ES,day_ahead_price,value,2026-08-16T21:17:48Z
2026-08-16T21:11:07Z,2026-08-16T23:11:07+0200,bac882e5-42a3-48ea-b8e2-c8e889704767,2026-08-10T23:00:00Z,2026-08-11T01:00:00+0200,171.14,EUR/MWh,ES,ES,day_ahead_price,value,2026-08-16T21:17:48Z
2026-08-16T21:11:07Z,2026-08-16T23:11:07+0200,bac882e5-42a3-48ea-b8e2-c8e889704767,2026-08-10T23:15:00Z,2026-08-11T01:15:00+0200,170.0,EUR/MWh,ES,ES,day_ahead_price,value,2026-08-16T21:17:48Z
2026-08-16T21:11:07Z,2026-08-16T23:11:07+0200,bac882e5-42a3-48ea-b8e2-c8e889704767,2026-08-10T23:30:00Z,2026-08-11T01:30:00+0200,168.02,EUR/MWh,ES,ES,day_ahead_price,value,2026-08-16T21:17:48Z
2026-08-16T21:11:07Z,2026-08-16T23:11:07+0200,bac882e5-42a3-48ea-b8e2-c8e889704767,2026-08-10T23:45:00Z,2026-08-11T01:45:00+0200,167.08,EUR/MWh,ES,ES,day_ahead_price,value,2026-08-16T21:17:48Z
2026-08-16T21:11:07Z,2026-08-16T23:11:07+0200,bac882e5-42a3-48ea-b8e2-c8e889704767,2026-08-11T00:00:00Z,2026-08-11T02:00:00+0200,170.0,EUR/MWh,ES,ES,day_ahead_price,value,2026-08-16T21:17:48Z
2026-08-16T21:11:07Z,2026-08-16T23:11:07+0200,bac882e5-42a3-48ea-b8e2-c8e889704767,2026-08-11T00:15:00Z,2026-08-11T02:15:00+0200,168.96,EUR/MWh,ES,ES,day_ahead_price,value,2026-08-16T21:17:48Z
2026-08-16T21:11:07Z,2026-08-16T23:11:07+0200,bac882e5-42a3-48ea-b8e2-c8e889704767,2026-08-11T00:30:00Z,2026-08-11T02:30:00+0200,168.02,EUR/MWh,ES,ES,day_ahead_price,value,2026-08-16T21:17:48Z
2026-08-16T21:11:07Z,2026-08-16T23:11:07+0200,bac882e5-42a3-48ea-b8e2-c8e889704767,2026-08-11T00:45:00Z,2026-08-11T02:45:00+0200,167.08,EUR/MWh,ES,ES,day_ahead_price,value,2026-08-16T21:17:48Z
2026-08-16T21:11:07Z,2026-08-16T23:11:07+0200,bac882e5-42a3-48ea-b8e2-c8e889704767,2026-08-11T01:00:00Z,2026-08-11T03:00:00+0200,168.96,EUR/MWh,ES,ES,day_ahead_price,value,2026-08-16T21:17:48Z
2026-08-16T21:11:07Z,2026-08-16T23:11:07+0200,bac882e5-42a3-48ea-b8e2-c8e889704767,2026-08-11T01:15:00Z,2026-08-11T03:15:00+0200,168.96,EUR/MWh,ES,ES,day_ahead_price,value,2026-08-16T21:17:48Z
2026-08-16T21:11:07Z,2026-08-16T23:11:07+0200,bac882e5-42a3-48ea-b8e2-c8e889704767,2026-08-11T01:30:00Z,2026-08-11T03:30:00+0200,168.02,EUR/MWh,ES,ES,day_ahead_price,value,2026-08-16T21:17:48Z
2026-08-16T21:11:07Z,2026-08-16T23:11:07+0200,bac882e5-42a3-48ea-b8e2-c8e889704767,2026-08-11T01:45:00Z,2026-08-11T03:45:00+0200,168.96,EUR/MWh,ES,ES,day_ahead_price,value,2026-08-16T21:17:48Z
2026-08-16T21:11:07Z,2026-08-16T23:11:07+0200,bac882e5-42a3-48ea-b8e2-c8e889704767,2026-08-11T02:00:00Z,2026-08-11T04:00:00+0200,168.02,EUR/MWh,ES,ES,day_ahead_price,value,2026-08-16T21:17:48Z
2026-08-16T21:11:07Z,2026-08-16T23:11:07+0200,bac882e5-42a3-48ea-b8e2-c8e889704767,2026-08-11T02:15:00Z,2026-08-11T04:15:00+0200,168.02,EUR/MWh,ES,ES,day_ahead_price,value,2026-08-16T21:17:48Z
2026-08-16T21:11:07Z,2026-08-16T23:11:07+0200,bac882e5-42a3-48ea-b8e2-c8e889704767,2026-08-11T02:30:00Z,2026-08-11T04:30:00+0200,168.02,EUR/MWh,ES,ES,day_ahead_price,value,2026-08-16T21:17:48Z
2026-08-16T21:11:07Z,2026-08-16T23:11:07+0200,bac882e5-42a3-48ea-b8e2-c8e889704767,2026-08-11T02:45:00Z,2026-08-11T04:45:00+0200,168.96,EUR/MWh,ES,ES,day_ahead_price,value,2026-08-16T21:17:48Z
2026-08-16T21:11:07Z,2026-08-16T23:11:07+0200,bac882e5-42a3-48ea-b8e2-c8e889704767,2026-08-11T03:00:00Z,2026-08-11T05:00:00+0200,167.0,EUR/MWh,ES,ES,day_ahead_price,value,2026-08-16T21:17:48Z
2026-08-16T21:11:07Z,2026-08-16T23:11:07+0200,bac882e5-42a3-48ea-b8e2-c8e889704767,2026-08-11T03:15:00Z,2026-08-11T05:15:00+0200,168.02,EUR/MWh,ES,ES,day_ahead_price,value,2026-08-16T21:17:48Z
2026-08-16T21:11:07Z,2026-08-16T23:11:07+0200,bac882e5-42a3-48ea-b8e2-c8e889704767,2026-08-11T03:30:00Z,2026-08-11T05:30:00+0200,170.3,EUR/MWh,ES,ES,day_ahead_price,value,2026-08-16T21:17:48Z
2026-08-16T21:11:07Z,2026-08-16T23:11:07+0200,bac882e5-42a3-48ea-b8e2-c8e889704767,2026-08-11T03:45:00Z,2026-08-11T05:45:00+0200,173.94,EUR/MWh,ES,ES,day_ahead_price,value,2026-08-16T21:17:48Z
2026-08-16T21:11:07Z,2026-08-16T23:11:07+0200,bac882e5-42a3-48ea-b8e2-c8e889704767,2026-08-11T04:00:00Z,2026-08-11T06:00:00+0200,170.0,EUR/MWh,ES,ES,day_ahead_price,value,2026-08-16T21:17:48Z
2026-08-16T21:11:07Z,2026-08-16T23:11:07+0200,bac882e5-42a3-48ea-b8e2-c8e889704767,2026-08-11T04:15:00Z,2026-08-11T06:15:00+0200,172.03,EUR/MWh,ES,ES,day_ahead_price,value,2026-08-16T21:17:48Z
2026-08-16T21:11:07Z,2026-08-16T23:11:07+0200,bac882e5-42a3-48ea-b8e2-c8e889704767,2026-08-11T04:30:00Z,2026-08-11T06:30:00+0200,175.73,EUR/MWh,ES,ES,day_ahead_price,value,2026-08-16T21:17:48Z
2026-08-16T21:11:07Z,2026-08-16T23:11:07+0200,bac882e5-42a3-48ea-b8e2-c8e889704767,2026-08-11T04:45:00Z,2026-08-11T06:45:00+0200,178.04,EUR/MWh,ES,ES,day_ahead_price,value,2026-08-16T21:17:48Z
2026-08-16T21:11:07Z,2026-08-16T23:11:07+0200,bac882e5-42a3-48ea-b8e2-c8e889704767,2026-08-11T05:00:00Z,2026-08-11T07:00:00+0200,180.04,EUR/MWh,ES,ES,day_ahead_price,value,2026-08-16T21:17:48Z
2026-08-16T21:11:07Z,2026-08-16T23:11:07+0200,bac882e5-42a3-48ea-b8e2-c8e889704767,2026-08-11T05:15:00Z,2026-08-11T07:15:00+0200,180.54,EUR/MWh,ES,ES,day_ahead_price,value,2026-08-16T21:17:48Z
2026-08-16T21:11:07Z,2026-08-16T23:11:07+0200,bac882e5-42a3-48ea-b8e2-c8e889704767,2026-08-11T05:30:00Z,2026-08-11T07:30:00+0200,180.54,EUR/MWh,ES,ES,day_ahead_price,value,2026-08-16T21:17:48Z
2026-08-16T21:11:07Z,2026-08-16T23:11:07+0200,bac882e5-42a3-48ea-b8e2-c8e889704767,2026-08-11T05:45:00Z,2026-08-11T07:45:00+0200,179.04,EUR/MWh,ES,ES,day_ahead_price,value,2026-08-16T21:17:48Z
2026-08-16T21:11:07Z,2026-08-16T23:11:07+0200,bac882e5-42a3-48ea-b8e2-c8e889704767,2026-08-11T06:00:00Z,2026-08-11T08:00:00+0200,178.04,EUR/MWh,ES,ES,day_ahead_price,value,2026-08-16T21:17:48Z
2026-08-16T21:11:07Z,2026-08-16T23:11:07+0200,bac882e5-42a3-48ea-b8e2-c8e889704767,2026-08-11T06:15:00Z,2026-08-11T08:15:00+0200,168.02,EUR/MWh,ES,ES,day_ahead_price,value,2026-08-16T21:17:48Z
2026-08-16T21:11:07Z,2026-08-16T23:11:07+0200,bac882e5-42a3-48ea-b8e2-c8e889704767,2026-08-11T06:30:00Z,2026-08-11T08:30:00+0200,157.0,EUR/MWh,ES,ES,day_ahead_price,value,2026-08-16T21:17:48Z
2026-08-16T21:11:07Z,2026-08-16T23:11:07+0200,bac882e5-42a3-48ea-b8e2-c8e889704767,2026-08-11T06:45:00Z,2026-08-11T08:45:00+0200,125.0,EUR/MWh,ES,ES,day_ahead_price,value,2026-08-16T21:17:48Z
2026-08-16T21:11:07Z,2026-08-16T23:11:07+0200,bac882e5-42a3-48ea-b8e2-c8e889704767,2026-08-11T07:00:00Z,2026-08-11T09:00:00+0200,158.37,EUR/MWh,ES,ES,day_ahead_price,value,2026-08-16T21:17:48Z
2026-08-16T21:11:07Z,2026-08-16T23:11:07+0200,bac882e5-42a3-48ea-b8e2-c8e889704767,2026-08-11T07:15:00Z,2026-08-11T09:15:00+0200,140.0,EUR/MWh,ES,ES,day_ahead_price,value,2026-08-16T21:17:48Z
2026-08-16T21:11:07Z,2026-08-16T23:11:07+0200,bac882e5-42a3-48ea-b8e2-c8e889704767,2026-08-11T07:30:00Z,2026-08-11T09:30:00+0200,106.21,EUR/MWh,ES,ES,day_ahead_price,value,2026-08-16T21:17:48Z
2026-08-16T21:11:07Z,2026-08-16T23:11:07+0200,bac882e5-42a3-48ea-b8e2-c8e889704767,2026-08-11T07:45:00Z,2026-08-11T09:45:00+0200,87.0,EUR/MWh,ES,ES,day_ahead_price,value,2026-08-16T21:17:48Z
2026-08-16T21:11:07Z,2026-08-16T23:11:07+0200,bac882e5-42a3-48ea-b8e2-c8e889704767,2026-08-11T08:00:00Z,2026-08-11T10:00:00+0200,99.42,EUR/MWh,ES,ES,day_ahead_price,value,2026-08-16T21:17:48Z
2026-08-16T21:11:07Z,2026-08-16T23:11:07+0200,bac882e5-42a3-48ea-b8e2-c8e889704767,2026-08-11T08:15:00Z,2026-08-11T10:15:00+0200,76.78,EUR/MWh,ES,ES,day_ahead_price,value,2026-08-16T21:17:48Z
2026-08-16T21:11:07Z,2026-08-16T23:11:07+0200,bac882e5-42a3-48ea-b8e2-c8e889704767,2026-08-11T08:30:00Z,2026-08-11T10:30:00+0200,41.28,EUR/MWh,ES,ES,day_ahead_price,value,2026-08-16T21:17:48Z
2026-08-16T21:11:07Z,2026-08-16T23:11:07+0200,bac882e5-42a3-48ea-b8e2-c8e889704767,2026-08-11T08:45:00Z,2026-08-11T10:45:00+0200,38.77,EUR/MWh,ES,ES,day_ahead_price,value,2026-08-16T21:17:48Z
2026-08-16T21:11:07Z,2026-08-16T23:11:07+0200,bac882e5-42a3-48ea-b8e2-c8e889704767,2026-08-11T09:00:00Z,2026-08-11T11:00:00+0200,39.1,EUR/MWh,ES,ES,day_ahead_price,value,2026-08-16T21:17:48Z
2026-08-16T21:11:07Z,2026-08-16T23:11:07+0200,bac882e5-42a3-48ea-b8e2-c8e889704767,2026-08-11T09:15:00Z,2026-08-11T11:15:00+0200,27.78,EUR/MWh,ES,ES,day_ahead_price,value,2026-08-16T21:17:48Z
2026-08-16T21:11:07Z,2026-08-16T23:11:07+0200,bac882e5-42a3-48ea-b8e2-c8e889704767,2026-08-11T09:30:00Z,2026-08-11T11:30:00+0200,24.0,EUR/MWh,ES,ES,day_ahead_price,value,2026-08-16T21:17:48Z
2026-08-16T21:11:07Z,2026-08-16T23:11:07+0200,bac882e5-42a3-48ea-b8e2-c8e889704767,2026-08-11T09:45:00Z,2026-08-11T11:45:00+0200,19.17,EUR/MWh,ES,ES,day_ahead_price,value,2026-08-16T21:17:48Z
2026-08-16T21:11:07Z,2026-08-16T23:11:07+0200,bac882e5-42a3-48ea-b8e2-c8e889704767,2026-08-11T10:00:00Z,2026-08-11T12:00:00+0200,19.76,EUR/MWh,ES,ES,day_ahead_price,value,2026-08-16T21:17:48Z
2026-08-16T21:11:07Z,2026-08-16T23:11:07+0200,bac882e5-42a3-48ea-b8e2-c8e889704767,2026-08-11T10:15:00Z,2026-08-11T12:15:00+0200,12.47,EUR/MWh,ES,ES,day_ahead_price,value,2026-08-16T21:17:48Z
2026-08-16T21:11:07Z,2026-08-16T23:11:07+0200,bac882e5-42a3-48ea-b8e2-c8e889704767,2026-08-11T10:30:00Z,2026-08-11T12:30:00+0200,12.14,EUR/MWh,ES,ES,day_ahead_price,value,2026-08-16T21:17:48Z
2026-08-16T21:11:07Z,2026-08-16T23:11:07+0200,bac882e5-42a3-48ea-b8e2-c8e889704767,2026-08-11T10:45:00Z,2026-08-11T12:45:00+0200,14.99,EUR/MWh,ES,ES,day_ahead_price,value,2026-08-16T21:17:48Z
2026-08-16T21:11:07Z,2026-08-16T23:11:07+0200,bac882e5-42a3-48ea-b8e2-c8e889704767,2026-08-11T11:00:00Z,2026-08-11T13:00:00+0200,14.69,EUR/MWh,ES,ES,day_ahead_price,value,2026-08-16T21:17:48Z
2026-08-16T21:11:07Z,2026-08-16T23:11:07+0200,bac882e5-42a3-48ea-b8e2-c8e889704767,2026-08-11T11:15:00Z,2026-08-11T13:15:00+0200,24.0,EUR/MWh,ES,ES,day_ahead_price,value,2026-08-16T21:17:48Z
2026-08-16T21:11:07Z,2026-08-16T23:11:07+0200,bac882e5-42a3-48ea-b8e2-c8e889704767,2026-08-11T11:30:00Z,2026-08-11T13:30:00+0200,25.0,EUR/MWh,ES,ES,day_ahead_price,value,2026-08-16T21:17:48Z
2026-08-16T21:11:07Z,2026-08-16T23:11:07+0200,bac882e5-42a3-48ea-b8e2-c8e889704767,2026-08-11T11:45:00Z,2026-08-11T13:45:00+0200,24.0,EUR/MWh,ES,ES,day_ahead_price,value,2026-08-16T21:17:48Z
2026-08-16T21:11:07Z,2026-08-16T23:11:07+0200,bac882e5-42a3-48ea-b8e2-c8e889704767,2026-08-11T12:00:00Z,2026-08-11T14:00:00+0200,38.66,EUR/MWh,ES,ES,day_ahead_price,value,2026-08-16T21:17:48Z
2026-08-16T21:11:07Z,2026-08-16T23:11:07+0200,bac882e5-42a3-48ea-b8e2-c8e889704767,2026-08-11T12:15:00Z,2026-08-11T14:15:00+0200,38.77,EUR/MWh,ES,ES,day_ahead_price,value,2026-08-16T21:17:48Z
2026-08-16T21:11:07Z,2026-08-16T23:11:07+0200,bac882e5-42a3-48ea-b8e2-c8e889704767,2026-08-11T12:30:00Z,2026-08-11T14:30:00+0200,38.77,EUR/MWh,ES,ES,day_ahead_price,value,2026-08-16T21:17:48Z
2026-08-16T21:11:07Z,2026-08-16T23:11:07+0200,bac882e5-42a3-48ea-b8e2-c8e889704767,2026-08-11T12:45:00Z,2026-08-11T14:45:00+0200,38.77,EUR/MWh,ES,ES,day_ahead_price,value,2026-08-16T21:17:48Z
2026-08-16T21:11:07Z,2026-08-16T23:11:07+0200,bac882e5-42a3-48ea-b8e2-c8e889704767,2026-08-11T13:00:00Z,2026-08-11T15:00:00+0200,38.55,EUR/MWh,ES,ES,day_ahead_price,value,2026-08-16T21:17:48Z
2026-08-16T21:11:07Z,2026-08-16T23:11:07+0200,bac882e5-42a3-48ea-b8e2-c8e889704767,2026-08-11T13:15:00Z,2026-08-11T15:15:00+0200,38.55,EUR/MWh,ES,ES,day_ahead_price,value,2026-08-16T21:17:48Z
2026-08-16T21:11:07Z,2026-08-16T23:11:07+0200,bac882e5-42a3-48ea-b8e2-c8e889704767,2026-08-11T13:30:00Z,2026-08-11T15:30:00+0200,36.0,EUR/MWh,ES,ES,day_ahead_price,value,2026-08-16T21:17:48Z
2026-08-16T21:11:07Z,2026-08-16T23:11:07+0200,bac882e5-42a3-48ea-b8e2-c8e889704767,2026-08-11T13:45:00Z,2026-08-11T15:45:00+0200,38.55,EUR/MWh,ES,ES,day_ahead_price,value,2026-08-16T21:17:48Z
2026-08-16T21:11:07Z,2026-08-16T23:11:07+0200,bac882e5-42a3-48ea-b8e2-c8e889704767,2026-08-11T14:00:00Z,2026-08-11T16:00:00+0200,38.99,EUR/MWh,ES,ES,day_ahead_price,value,2026-08-16T21:17:48Z
2026-08-16T21:11:07Z,2026-08-16T23:11:07+0200,bac882e5-42a3-48ea-b8e2-c8e889704767,2026-08-11T14:15:00Z,2026-08-11T16:15:00+0200,40.0,EUR/MWh,ES,ES,day_ahead_price,value,2026-08-16T21:17:48Z
2026-08-16T21:11:07Z,2026-08-16T23:11:07+0200,bac882e5-42a3-48ea-b8e2-c8e889704767,2026-08-11T14:30:00Z,2026-08-11T16:30:00+0200,69.94,EUR/MWh,ES,ES,day_ahead_price,value,2026-08-16T21:17:48Z
2026-08-16T21:11:07Z,2026-08-16T23:11:07+0200,bac882e5-42a3-48ea-b8e2-c8e889704767,2026-08-11T14:45:00Z,2026-08-11T16:45:00+0200,85.2,EUR/MWh,ES,ES,day_ahead_price,value,2026-08-16T21:17:48Z
2026-08-16T21:11:07Z,2026-08-16T23:11:07+0200,bac882e5-42a3-48ea-b8e2-c8e889704767,2026-08-11T15:00:00Z,2026-08-11T17:00:00+0200,84.25,EUR/MWh,ES,ES,day_ahead_price,value,2026-08-16T21:17:48Z
2026-08-16T21:11:07Z,2026-08-16T23:11:07+0200,bac882e5-42a3-48ea-b8e2-c8e889704767,2026-08-11T15:15:00Z,2026-08-11T17:15:00+0200,99.88,EUR/MWh,ES,ES,day_ahead_price,value,2026-08-16T21:17:48Z
2026-08-16T21:11:07Z,2026-08-16T23:11:07+0200,bac882e5-42a3-48ea-b8e2-c8e889704767,2026-08-11T15:30:00Z,2026-08-11T17:30:00+0200,100.27,EUR/MWh,ES,ES,day_ahead_price,value,2026-08-16T21:17:48Z
2026-08-16T21:11:07Z,2026-08-16T23:11:07+0200,bac882e5-42a3-48ea-b8e2-c8e889704767,2026-08-11T15:45:00Z,2026-08-11T17:45:00+0200,102.19,EUR/MWh,ES,ES,day_ahead_price,value,2026-08-16T21:17:48Z
2026-08-16T21:11:07Z,2026-08-16T23:11:07+0200,bac882e5-42a3-48ea-b8e2-c8e889704767,2026-08-11T16:00:00Z,2026-08-11T18:00:00+0200,102.79,EUR/MWh,ES,ES,day_ahead_price,value,2026-08-16T21:17:48Z
2026-08-16T21:11:07Z,2026-08-16T23:11:07+0200,bac882e5-42a3-48ea-b8e2-c8e889704767,2026-08-11T16:15:00Z,2026-08-11T18:15:00+0200,105.67,EUR/MWh,ES,ES,day_ahead_price,value,2026-08-16T21:17:48Z
2026-08-16T21:11:07Z,2026-08-16T23:11:07+0200,bac882e5-42a3-48ea-b8e2-c8e889704767,2026-08-11T16:30:00Z,2026-08-11T18:30:00+0200,120.98,EUR/MWh,ES,ES,day_ahead_price,value,2026-08-16T21:17:48Z
2026-08-16T21:11:07Z,2026-08-16T23:11:07+0200,bac882e5-42a3-48ea-b8e2-c8e889704767,2026-08-11T16:45:00Z,2026-08-11T18:45:00+0200,148.0,EUR/MWh,ES,ES,day_ahead_price,value,2026-08-16T21:17:48Z
2026-08-16T21:11:07Z,2026-08-16T23:11:07+0200,bac882e5-42a3-48ea-b8e2-c8e889704767,2026-08-11T17:00:00Z,2026-08-11T19:00:00+0200,120.98,EUR/MWh,ES,ES,day_ahead_price,value,2026-08-16T21:17:48Z
2026-08-16T21:11:07Z,2026-08-16T23:11:07+0200,bac882e5-42a3-48ea-b8e2-c8e889704767,2026-08-11T17:15:00Z,2026-08-11T19:15:00+0200,154.66,EUR/MWh,ES,ES,day_ahead_price,value,2026-08-16T21:17:48Z
2026-08-16T21:11:07Z,2026-08-16T23:11:07+0200,bac882e5-42a3-48ea-b8e2-c8e889704767,2026-08-11T17:30:00Z,2026-08-11T19:30:00+0200,167.08,EUR/MWh,ES,ES,day_ahead_price,value,2026-08-16T21:17:48Z
2026-08-16T21:11:07Z,2026-08-16T23:11:07+0200,bac882e5-42a3-48ea-b8e2-c8e889704767,2026-08-11T17:45:00Z,2026-08-11T19:45:00+0200,180.01,EUR/MWh,ES,ES,day_ahead_price,value,2026-08-16T21:17:48Z
2026-08-16T21:11:07Z,2026-08-16T23:11:07+0200,bac882e5-42a3-48ea-b8e2-c8e889704767,2026-08-11T18:00:00Z,2026-08-11T20:00:00+0200,171.51,EUR/MWh,ES,ES,day_ahead_price,value,2026-08-16T21:17:48Z
2026-08-16T21:11:07Z,2026-08-16T23:11:07+0200,bac882e5-42a3-48ea-b8e2-c8e889704767,2026-08-11T18:15:00Z,2026-08-11T20:15:00+0200,180.78,EUR/MWh,ES,ES,day_ahead_price,value,2026-08-16T21:17:48Z
2026-08-16T21:11:07Z,2026-08-16T23:11:07+0200,bac882e5-42a3-48ea-b8e2-c8e889704767,2026-08-11T18:30:00Z,2026-08-11T20:30:00+0200,197.82,EUR/MWh,ES,ES,day_ahead_price,value,2026-08-16T21:17:48Z
2026-08-16T21:11:07Z,2026-08-16T23:11:07+0200,bac882e5-42a3-48ea-b8e2-c8e889704767,2026-08-11T18:45:00Z,2026-08-11T20:45:00+0200,216.01,EUR/MWh,ES,ES,day_ahead_price,value,2026-08-16T21:17:48Z
2026-08-16T21:11:07Z,2026-08-16T23:11:07+0200,bac882e5-42a3-48ea-b8e2-c8e889704767,2026-08-11T19:00:00Z,2026-08-11T21:00:00+0200,226.0,EUR/MWh,ES,ES,day_ahead_price,value,2026-08-16T21:17:48Z
2026-08-16T21:11:07Z,2026-08-16T23:11:07+0200,bac882e5-42a3-48ea-b8e2-c8e889704767,2026-08-11T19:15:00Z,2026-08-11T21:15:00+0200,235.01,EUR/MWh,ES,ES,day_ahead_price,value,2026-08-16T21:17:48Z
2026-08-16T21:11:07Z,2026-08-16T23:11:07+0200,bac882e5-42a3-48ea-b8e2-c8e889704767,2026-08-11T19:30:00Z,2026-08-11T21:30:00+0200,235.51,EUR/MWh,ES,ES,day_ahead_price,value,2026-08-16T21:17:48Z
2026-08-16T21:11:07Z,2026-08-16T23:11:07+0200,bac882e5-42a3-48ea-b8e2-c8e889704767,2026-08-11T19:45:00Z,2026-08-11T21:45:00+0200,227.5,EUR/MWh,ES,ES,day_ahead_price,value,2026-08-16T21:17:48Z
2026-08-16T21:11:07Z,2026-08-16T23:11:07+0200,bac882e5-42a3-48ea-b8e2-c8e889704767,2026-08-11T20:00:00Z,2026-08-11T22:00:00+0200,205.52,EUR/MWh,ES,ES,day_ahead_price,value,2026-08-16T21:17:48Z
2026-08-16T21:11:07Z,2026-08-16T23:11:07+0200,bac882e5-42a3-48ea-b8e2-c8e889704767,2026-08-11T20:15:00Z,2026-08-11T22:15:00+0200,200.0,EUR/MWh,ES,ES,day_ahead_price,value,2026-08-16T21:17:48Z
2026-08-16T21:11:07Z,2026-08-16T23:11:07+0200,bac882e5-42a3-48ea-b8e2-c8e889704767,2026-08-11T20:30:00Z,2026-08-11T22:30:00+0200,190.88,EUR/MWh,ES,ES,day_ahead_price,value,2026-08-16T21:17:48Z
2026-08-16T21:11:07Z,2026-08-16T23:11:07+0200,bac882e5-42a3-48ea-b8e2-c8e889704767,2026-08-11T20:45:00Z,2026-08-11T22:45:00+0200,186.0,EUR/MWh,ES,ES,day_ahead_price,value,2026-08-16T21:17:48Z
2026-08-16T21:11:07Z,2026-08-16T23:11:07+0200,bac882e5-42a3-48ea-b8e2-c8e889704767,2026-08-11T21:00:00Z,2026-08-11T23:00:00+0200,189.0,EUR/MWh,ES,ES,day_ahead_price,value,2026-08-16T21:17:48Z
2026-08-16T21:11:07Z,2026-08-16T23:11:07+0200,bac882e5-42a3-48ea-b8e2-c8e889704767,2026-08-11T21:15:00Z,2026-08-11T23:15:00+0200,182.68,EUR/MWh,ES,ES,day_ahead_price,value,2026-08-16T21:17:48Z
2026-08-16T21:11:07Z,2026-08-16T23:11:07+0200,bac882e5-42a3-48ea-b8e2-c8e889704767,2026-08-11T21:30:00Z,2026-08-11T23:30:00+0200,180.04,EUR/MWh,ES,ES,day_ahead_price,value,2026-08-16T21:17:48Z
2026-08-16T21:11:07Z,2026-08-16T23:11:07+0200,bac882e5-42a3-48ea-b8e2-c8e889704767,2026-08-11T21:45:00Z,2026-08-11T23:45:00+0200,178.04,EUR/MWh,ES,ES,day_ahead_price,value,2026-08-16T21:17:48Z
2026-08-16T21:11:07Z,2026-08-16T23:11:07+0200,bac882e5-42a3-48ea-b8e2-c8e889704767,2026-08-11T22:00:00Z,2026-08-12T00:00:00+0200,185.79,EUR/MWh,ES,ES,day_ahead_price,value,2026-08-16T21:17:48Z
2026-08-16T21:11:07Z,2026-08-16T23:11:07+0200,bac882e5-42a3-48ea-b8e2-c8e889704767,2026-08-11T22:15:00Z,2026-08-12T00:15:00+0200,184.79,EUR/MWh,ES,ES,day_ahead_price,value,2026-08-16T21:17:48Z
2026-08-16T21:11:07Z,2026-08-16T23:11:07+0200,bac882e5-42a3-48ea-b8e2-c8e889704767,2026-08-11T22:30:00Z,2026-08-12T00:30:00+0200,182.68,EUR/MWh,ES,ES,day_ahead_price,value,2026-08-16T21:17:48Z
2026-08-16T21:11:07Z,2026-08-16T23:11:07+0200,bac882e5-42a3-48ea-b8e2-c8e889704767,2026-08-11T22:45:00Z,2026-08-12T00:45:00+0200,172.03,EUR/MWh,ES,ES,day_ahead_price,value,2026-08-16T21:17:48Z
2026-08-16T21:11:07Z,2026-08-16T23:11:07+0200,bac882e5-42a3-48ea-b8e2-c8e889704767,2026-08-11T23:00:00Z,2026-08-12T01:00:00+0200,171.96,EUR/MWh,ES,ES,day_ahead_price,value,2026-08-16T21:17:48Z
2026-08-16T21:11:07Z,2026-08-16T23:11:07+0200,bac882e5-42a3-48ea-b8e2-c8e889704767,2026-08-11T23:15:00Z,2026-08-12T01:15:00+0200,170.14,EUR/MWh,ES,ES,day_ahead_price,value,2026-08-16T21:17:48Z
2026-08-16T21:11:07Z,2026-08-16T23:11:07+0200,bac882e5-42a3-48ea-b8e2-c8e889704767,2026-08-11T23:30:00Z,2026-08-12T01:30:00+0200,169.96,EUR/MWh,ES,ES,day_ahead_price,value,2026-08-16T21:17:48Z
2026-08-16T21:11:07Z,2026-08-16T23:11:07+0200,bac882e5-42a3-48ea-b8e2-c8e889704767,2026-08-11T23:45:00Z,2026-08-12T01:45:00+0200,169.14,EUR/MWh,ES,ES,day_ahead_price,value,2026-08-16T21:17:48Z
2026-08-16T21:11:07Z,2026-08-16T23:11:07+0200,bac882e5-42a3-48ea-b8e2-c8e889704767,2026-08-12T00:00:00Z,2026-08-12T02:00:00+0200,179.98,EUR/MWh,ES,ES,day_ahead_price,value,2026-08-16T21:17:48Z
2026-08-16T21:11:07Z,2026-08-16T23:11:07+0200,bac882e5-42a3-48ea-b8e2-c8e889704767,2026-08-12T00:15:00Z,2026-08-12T02:15:00+0200,178.4,EUR/MWh,ES,ES,day_ahead_price,value,2026-08-16T21:17:48Z
2026-08-16T21:11:07Z,2026-08-16T23:11:07+0200,bac882e5-42a3-48ea-b8e2-c8e889704767,2026-08-12T00:30:00Z,2026-08-12T02:30:00+0200,177.38,EUR/MWh,ES,ES,day_ahead_price,value,2026-08-16T21:17:48Z
2026-08-16T21:11:07Z,2026-08-16T23:11:07+0200,bac882e5-42a3-48ea-b8e2-c8e889704767,2026-08-12T00:45:00Z,2026-08-12T02:45:00+0200,177.0,EUR/MWh,ES,ES,day_ahead_price,value,2026-08-16T21:17:48Z
2026-08-16T21:11:07Z,2026-08-16T23:11:07+0200,bac882e5-42a3-48ea-b8e2-c8e889704767,2026-08-12T01:00:00Z,2026-08-12T03:00:00+0200,179.98,EUR/MWh,ES,ES,day_ahead_price,value,2026-08-16T21:17:48Z
2026-08-16T21:11:07Z,2026-08-16T23:11:07+0200,bac882e5-42a3-48ea-b8e2-c8e889704767,2026-08-12T01:15:00Z,2026-08-12T03:15:00+0200,179.98,EUR/MWh,ES,ES,day_ahead_price,value,2026-08-16T21:17:48Z
2026-08-16T21:11:07Z,2026-08-16T23:11:07+0200,bac882e5-42a3-48ea-b8e2-c8e889704767,2026-08-12T01:30:00Z,2026-08-12T03:30:00+0200,178.64,EUR/MWh,ES,ES,day_ahead_price,value,2026-08-16T21:17:48Z
2026-08-16T21:11:07Z,2026-08-16T23:11:07+0200,bac882e5-42a3-48ea-b8e2-c8e889704767,2026-08-12T01:45:00Z,2026-08-12T03:45:00+0200,178.69,EUR/MWh,ES,ES,day_ahead_price,value,2026-08-16T21:17:48Z
2026-08-16T21:11:07Z,2026-08-16T23:11:07+0200,bac882e5-42a3-48ea-b8e2-c8e889704767,2026-08-12T02:00:00Z,2026-08-12T04:00:00+0200,179.98,EUR/MWh,ES,ES,day_ahead_price,value,2026-08-16T21:17:48Z
2026-08-16T21:11:07Z,2026-08-16T23:11:07+0200,bac882e5-42a3-48ea-b8e2-c8e889704767,2026-08-12T02:15:00Z,2026-08-12T04:15:00+0200,179.48,EUR/MWh,ES,ES,day_ahead_price,value,2026-08-16T21:17:48Z
2026-08-16T21:11:07Z,2026-08-16T23:11:07+0200,bac882e5-42a3-48ea-b8e2-c8e889704767,2026-08-12T02:30:00Z,2026-08-12T04:30:00+0200,179.98,EUR/MWh,ES,ES,day_ahead_price,value,2026-08-16T21:17:48Z
2026-08-16T21:11:07Z,2026-08-16T23:11:07+0200,bac882e5-42a3-48ea-b8e2-c8e889704767,2026-08-12T02:45:00Z,2026-08-12T04:45:00+0200,179.98,EUR/MWh,ES,ES,day_ahead_price,value,2026-08-16T21:17:48Z
2026-08-16T21:11:07Z,2026-08-16T23:11:07+0200,bac882e5-42a3-48ea-b8e2-c8e889704767,2026-08-12T03:00:00Z,2026-08-12T05:00:00+0200,168.56,EUR/MWh,ES,ES,day_ahead_price,value,2026-08-16T21:17:48Z
2026-08-16T21:11:07Z,2026-08-16T23:11:07+0200,bac882e5-42a3-48ea-b8e2-c8e889704767,2026-08-12T03:15:00Z,2026-08-12T05:15:00+0200,169.14,EUR/MWh,ES,ES,day_ahead_price,value,2026-08-16T21:17:48Z
2026-08-16T21:11:07Z,2026-08-16T23:11:07+0200,bac882e5-42a3-48ea-b8e2-c8e889704767,2026-08-12T03:30:00Z,2026-08-12T05:30:00+0200,169.96,EUR/MWh,ES,ES,day_ahead_price,value,2026-08-16T21:17:48Z
2026-08-16T21:11:07Z,2026-08-16T23:11:07+0200,bac882e5-42a3-48ea-b8e2-c8e889704767,2026-08-12T03:45:00Z,2026-08-12T05:45:00+0200,170.0,EUR/MWh,ES,ES,day_ahead_price,value,2026-08-16T21:17:48Z
2026-08-16T21:11:07Z,2026-08-16T23:11:07+0200,bac882e5-42a3-48ea-b8e2-c8e889704767,2026-08-12T04:00:00Z,2026-08-12T06:00:00+0200,170.0,EUR/MWh,ES,ES,day_ahead_price,value,2026-08-16T21:17:48Z
2026-08-16T21:11:07Z,2026-08-16T23:11:07+0200,bac882e5-42a3-48ea-b8e2-c8e889704767,2026-08-12T04:15:00Z,2026-08-12T06:15:00+0200,170.14,EUR/MWh,ES,ES,day_ahead_price,value,2026-08-16T21:17:48Z
2026-08-16T21:11:07Z,2026-08-16T23:11:07+0200,bac882e5-42a3-48ea-b8e2-c8e889704767,2026-08-12T04:30:00Z,2026-08-12T06:30:00+0200,171.96,EUR/MWh,ES,ES,day_ahead_price,value,2026-08-16T21:17:48Z
2026-08-16T21:11:07Z,2026-08-16T23:11:07+0200,bac882e5-42a3-48ea-b8e2-c8e889704767,2026-08-12T04:45:00Z,2026-08-12T06:45:00+0200,180.98,EUR/MWh,ES,ES,day_ahead_price,value,2026-08-16T21:17:48Z
2026-08-16T21:11:07Z,2026-08-16T23:11:07+0200,bac882e5-42a3-48ea-b8e2-c8e889704767,2026-08-12T05:00:00Z,2026-08-12T07:00:00+0200,185.79,EUR/MWh,ES,ES,day_ahead_price,value,2026-08-16T21:17:48Z
2026-08-16T21:11:07Z,2026-08-16T23:11:07+0200,bac882e5-42a3-48ea-b8e2-c8e889704767,2026-08-12T05:15:00Z,2026-08-12T07:15:00+0200,185.79,EUR/MWh,ES,ES,day_ahead_price,value,2026-08-16T21:17:48Z
2026-08-16T21:11:07Z,2026-08-16T23:11:07+0200,bac882e5-42a3-48ea-b8e2-c8e889704767,2026-08-12T05:30:00Z,2026-08-12T07:30:00+0200,186.0,EUR/MWh,ES,ES,day_ahead_price,value,2026-08-16T21:17:48Z
2026-08-16T21:11:07Z,2026-08-16T23:11:07+0200,bac882e5-42a3-48ea-b8e2-c8e889704767,2026-08-12T05:45:00Z,2026-08-12T07:45:00+0200,184.79,EUR/MWh,ES,ES,day_ahead_price,value,2026-08-16T21:17:48Z
2026-08-16T21:11:07Z,2026-08-16T23:11:07+0200,bac882e5-42a3-48ea-b8e2-c8e889704767,2026-08-12T06:00:00Z,2026-08-12T08:00:00+0200,187.79,EUR/MWh,ES,ES,day_ahead_price,value,2026-08-16T21:17:48Z
2026-08-16T21:11:07Z,2026-08-16T23:11:07+0200,bac882e5-42a3-48ea-b8e2-c8e889704767,2026-08-12T06:15:00Z,2026-08-12T08:15:00+0200,186.0,EUR/MWh,ES,ES,day_ahead_price,value,2026-08-16T21:17:48Z
2026-08-16T21:11:07Z,2026-08-16T23:11:07+0200,bac882e5-42a3-48ea-b8e2-c8e889704767,2026-08-12T06:30:00Z,2026-08-12T08:30:00+0200,185.79,EUR/MWh,ES,ES,day_ahead_price,value,2026-08-16T21:17:48Z
2026-08-16T21:11:07Z,2026-08-16T23:11:07+0200,bac882e5-42a3-48ea-b8e2-c8e889704767,2026-08-12T06:45:00Z,2026-08-12T08:45:00+0200,181.56,EUR/MWh,ES,ES,day_ahead_price,value,2026-08-16T21:17:48Z
2026-08-16T21:11:07Z,2026-08-16T23:11:07+0200,bac882e5-42a3-48ea-b8e2-c8e889704767,2026-08-12T07:00:00Z,2026-08-12T09:00:00+0200,180.01,EUR/MWh,ES,ES,day_ahead_price,value,2026-08-16T21:17:48Z
2026-08-16T21:11:07Z,2026-08-16T23:11:07+0200,bac882e5-42a3-48ea-b8e2-c8e889704767,2026-08-12T07:15:00Z,2026-08-12T09:15:00+0200,155.0,EUR/MWh,ES,ES,day_ahead_price,value,2026-08-16T21:17:48Z
2026-08-16T21:11:07Z,2026-08-16T23:11:07+0200,bac882e5-42a3-48ea-b8e2-c8e889704767,2026-08-12T07:30:00Z,2026-08-12T09:30:00+0200,116.26,EUR/MWh,ES,ES,day_ahead_price,value,2026-08-16T21:17:48Z
2026-08-16T21:11:07Z,2026-08-16T23:11:07+0200,bac882e5-42a3-48ea-b8e2-c8e889704767,2026-08-12T07:45:00Z,2026-08-12T09:45:00+0200,100.01,EUR/MWh,ES,ES,day_ahead_price,value,2026-08-16T21:17:48Z
2026-08-16T21:11:07Z,2026-08-16T23:11:07+0200,bac882e5-42a3-48ea-b8e2-c8e889704767,2026-08-12T08:00:00Z,2026-08-12T10:00:00+0200,100.27,EUR/MWh,ES,ES,day_ahead_price,value,2026-08-16T21:17:48Z
2026-08-16T21:11:07Z,2026-08-16T23:11:07+0200,bac882e5-42a3-48ea-b8e2-c8e889704767,2026-08-12T08:15:00Z,2026-08-12T10:15:00+0200,93.91,EUR/MWh,ES,ES,day_ahead_price,value,2026-08-16T21:17:48Z
2026-08-16T21:11:07Z,2026-08-16T23:11:07+0200,bac882e5-42a3-48ea-b8e2-c8e889704767,2026-08-12T08:30:00Z,2026-08-12T10:30:00+0200,81.58,EUR/MWh,ES,ES,day_ahead_price,value,2026-08-16T21:17:48Z
2026-08-16T21:11:07Z,2026-08-16T23:11:07+0200,bac882e5-42a3-48ea-b8e2-c8e889704767,2026-08-12T08:45:00Z,2026-08-12T10:45:00+0200,51.87,EUR/MWh,ES,ES,day_ahead_price,value,2026-08-16T21:17:48Z
2026-08-16T21:11:07Z,2026-08-16T23:11:07+0200,bac882e5-42a3-48ea-b8e2-c8e889704767,2026-08-12T09:00:00Z,2026-08-12T11:00:00+0200,40.95,EUR/MWh,ES,ES,day_ahead_price,value,2026-08-16T21:17:48Z
2026-08-16T21:11:07Z,2026-08-16T23:11:07+0200,bac882e5-42a3-48ea-b8e2-c8e889704767,2026-08-12T09:15:00Z,2026-08-12T11:15:00+0200,42.0,EUR/MWh,ES,ES,day_ahead_price,value,2026-08-16T21:17:48Z
2026-08-16T21:11:07Z,2026-08-16T23:11:07+0200,bac882e5-42a3-48ea-b8e2-c8e889704767,2026-08-12T09:30:00Z,2026-08-12T11:30:00+0200,38.53,EUR/MWh,ES,ES,day_ahead_price,value,2026-08-16T21:17:48Z
2026-08-16T21:11:07Z,2026-08-16T23:11:07+0200,bac882e5-42a3-48ea-b8e2-c8e889704767,2026-08-12T09:45:00Z,2026-08-12T11:45:00+0200,25.4,EUR/MWh,ES,ES,day_ahead_price,value,2026-08-16T21:17:48Z
2026-08-16T21:11:07Z,2026-08-16T23:11:07+0200,bac882e5-42a3-48ea-b8e2-c8e889704767,2026-08-12T10:00:00Z,2026-08-12T12:00:00+0200,38.54,EUR/MWh,ES,ES,day_ahead_price,value,2026-08-16T21:17:48Z
2026-08-16T21:11:07Z,2026-08-16T23:11:07+0200,bac882e5-42a3-48ea-b8e2-c8e889704767,2026-08-12T10:15:00Z,2026-08-12T12:15:00+0200,25.9,EUR/MWh,ES,ES,day_ahead_price,value,2026-08-16T21:17:48Z
2026-08-16T21:11:07Z,2026-08-16T23:11:07+0200,bac882e5-42a3-48ea-b8e2-c8e889704767,2026-08-12T10:30:00Z,2026-08-12T12:30:00+0200,21.17,EUR/MWh,ES,ES,day_ahead_price,value,2026-08-16T21:17:48Z
2026-08-16T21:11:07Z,2026-08-16T23:11:07+0200,bac882e5-42a3-48ea-b8e2-c8e889704767,2026-08-12T10:45:00Z,2026-08-12T12:45:00+0200,17.6,EUR/MWh,ES,ES,day_ahead_price,value,2026-08-16T21:17:48Z
2026-08-16T21:11:07Z,2026-08-16T23:11:07+0200,bac882e5-42a3-48ea-b8e2-c8e889704767,2026-08-12T11:00:00Z,2026-08-12T13:00:00+0200,20.8,EUR/MWh,ES,ES,day_ahead_price,value,2026-08-16T21:17:48Z
2026-08-16T21:11:07Z,2026-08-16T23:11:07+0200,bac882e5-42a3-48ea-b8e2-c8e889704767,2026-08-12T11:15:00Z,2026-08-12T13:15:00+0200,18.87,EUR/MWh,ES,ES,day_ahead_price,value,2026-08-16T21:17:48Z
2026-08-16T21:11:07Z,2026-08-16T23:11:07+0200,bac882e5-42a3-48ea-b8e2-c8e889704767,2026-08-12T11:30:00Z,2026-08-12T13:30:00+0200,13.8,EUR/MWh,ES,ES,day_ahead_price,value,2026-08-16T21:17:48Z
2026-08-16T21:11:07Z,2026-08-16T23:11:07+0200,bac882e5-42a3-48ea-b8e2-c8e889704767,2026-08-12T11:45:00Z,2026-08-12T13:45:00+0200,12.0,EUR/MWh,ES,ES,day_ahead_price,value,2026-08-16T21:17:48Z
2026-08-16T21:11:07Z,2026-08-16T23:11:07+0200,bac882e5-42a3-48ea-b8e2-c8e889704767,2026-08-12T12:00:00Z,2026-08-12T14:00:00+0200,34.6,EUR/MWh,ES,ES,day_ahead_price,value,2026-08-16T21:17:48Z
2026-08-16T21:11:07Z,2026-08-16T23:11:07+0200,bac882e5-42a3-48ea-b8e2-c8e889704767,2026-08-12T12:15:00Z,2026-08-12T14:15:00+0200,37.66,EUR/MWh,ES,ES,day_ahead_price,value,2026-08-16T21:17:48Z
2026-08-16T21:11:07Z,2026-08-16T23:11:07+0200,bac882e5-42a3-48ea-b8e2-c8e889704767,2026-08-12T12:30:00Z,2026-08-12T14:30:00+0200,34.77,EUR/MWh,ES,ES,day_ahead_price,value,2026-08-16T21:17:48Z
2026-08-16T21:11:07Z,2026-08-16T23:11:07+0200,bac882e5-42a3-48ea-b8e2-c8e889704767,2026-08-12T12:45:00Z,2026-08-12T14:45:00+0200,38.66,EUR/MWh,ES,ES,day_ahead_price,value,2026-08-16T21:17:48Z
2026-08-16T21:11:07Z,2026-08-16T23:11:07+0200,bac882e5-42a3-48ea-b8e2-c8e889704767,2026-08-12T13:00:00Z,2026-08-12T15:00:00+0200,38.95,EUR/MWh,ES,ES,day_ahead_price,value,2026-08-16T21:17:48Z
2026-08-16T21:11:07Z,2026-08-16T23:11:07+0200,bac882e5-42a3-48ea-b8e2-c8e889704767,2026-08-12T13:15:00Z,2026-08-12T15:15:00+0200,42.14,EUR/MWh,ES,ES,day_ahead_price,value,2026-08-16T21:17:48Z
2026-08-16T21:11:07Z,2026-08-16T23:11:07+0200,bac882e5-42a3-48ea-b8e2-c8e889704767,2026-08-12T13:30:00Z,2026-08-12T15:30:00+0200,45.0,EUR/MWh,ES,ES,day_ahead_price,value,2026-08-16T21:17:48Z
2026-08-16T21:11:07Z,2026-08-16T23:11:07+0200,bac882e5-42a3-48ea-b8e2-c8e889704767,2026-08-12T13:45:00Z,2026-08-12T15:45:00+0200,44.05,EUR/MWh,ES,ES,day_ahead_price,value,2026-08-16T21:17:48Z
2026-08-16T21:11:07Z,2026-08-16T23:11:07+0200,bac882e5-42a3-48ea-b8e2-c8e889704767,2026-08-12T14:00:00Z,2026-08-12T16:00:00+0200,48.3,EUR/MWh,ES,ES,day_ahead_price,value,2026-08-16T21:17:48Z
2026-08-16T21:11:07Z,2026-08-16T23:11:07+0200,bac882e5-42a3-48ea-b8e2-c8e889704767,2026-08-12T14:15:00Z,2026-08-12T16:15:00+0200,60.0,EUR/MWh,ES,ES,day_ahead_price,value,2026-08-16T21:17:48Z
2026-08-16T21:11:07Z,2026-08-16T23:11:07+0200,bac882e5-42a3-48ea-b8e2-c8e889704767,2026-08-12T14:30:00Z,2026-08-12T16:30:00+0200,81.68,EUR/MWh,ES,ES,day_ahead_price,value,2026-08-16T21:17:48Z
2026-08-16T21:11:07Z,2026-08-16T23:11:07+0200,bac882e5-42a3-48ea-b8e2-c8e889704767,2026-08-12T14:45:00Z,2026-08-12T16:45:00+0200,84.25,EUR/MWh,ES,ES,day_ahead_price,value,2026-08-16T21:17:48Z
2026-08-16T21:11:07Z,2026-08-16T23:11:07+0200,bac882e5-42a3-48ea-b8e2-c8e889704767,2026-08-12T15:00:00Z,2026-08-12T17:00:00+0200,85.2,EUR/MWh,ES,ES,day_ahead_price,value,2026-08-16T21:17:48Z
2026-08-16T21:11:07Z,2026-08-16T23:11:07+0200,bac882e5-42a3-48ea-b8e2-c8e889704767,2026-08-12T15:15:00Z,2026-08-12T17:15:00+0200,90.4,EUR/MWh,ES,ES,day_ahead_price,value,2026-08-16T21:17:48Z
2026-08-16T21:11:07Z,2026-08-16T23:11:07+0200,bac882e5-42a3-48ea-b8e2-c8e889704767,2026-08-12T15:30:00Z,2026-08-12T17:30:00+0200,99.88,EUR/MWh,ES,ES,day_ahead_price,value,2026-08-16T21:17:48Z
2026-08-16T21:11:07Z,2026-08-16T23:11:07+0200,bac882e5-42a3-48ea-b8e2-c8e889704767,2026-08-12T15:45:00Z,2026-08-12T17:45:00+0200,100.2,EUR/MWh,ES,ES,day_ahead_price,value,2026-08-16T21:17:48Z
2026-08-16T21:11:07Z,2026-08-16T23:11:07+0200,bac882e5-42a3-48ea-b8e2-c8e889704767,2026-08-12T16:00:00Z,2026-08-12T18:00:00+0200,99.75,EUR/MWh,ES,ES,day_ahead_price,value,2026-08-16T21:17:48Z
2026-08-16T21:11:07Z,2026-08-16T23:11:07+0200,bac882e5-42a3-48ea-b8e2-c8e889704767,2026-08-12T16:15:00Z,2026-08-12T18:15:00+0200,101.98,EUR/MWh,ES,ES,day_ahead_price,value,2026-08-16T21:17:48Z
2026-08-16T21:11:07Z,2026-08-16T23:11:07+0200,bac882e5-42a3-48ea-b8e2-c8e889704767,2026-08-12T16:30:00Z,2026-08-12T18:30:00+0200,119.0,EUR/MWh,ES,ES,day_ahead_price,value,2026-08-16T21:17:48Z
2026-08-16T21:11:07Z,2026-08-16T23:11:07+0200,bac882e5-42a3-48ea-b8e2-c8e889704767,2026-08-12T16:45:00Z,2026-08-12T18:45:00+0200,135.26,EUR/MWh,ES,ES,day_ahead_price,value,2026-08-16T21:17:48Z
2026-08-16T21:11:07Z,2026-08-16T23:11:07+0200,bac882e5-42a3-48ea-b8e2-c8e889704767,2026-08-12T17:00:00Z,2026-08-12T19:00:00+0200,126.18,EUR/MWh,ES,ES,day_ahead_price,value,2026-08-16T21:17:48Z
2026-08-16T21:11:07Z,2026-08-16T23:11:07+0200,bac882e5-42a3-48ea-b8e2-c8e889704767,2026-08-12T17:15:00Z,2026-08-12T19:15:00+0200,145.98,EUR/MWh,ES,ES,day_ahead_price,value,2026-08-16T21:17:48Z
2026-08-16T21:11:07Z,2026-08-16T23:11:07+0200,bac882e5-42a3-48ea-b8e2-c8e889704767,2026-08-12T17:30:00Z,2026-08-12T19:30:00+0200,178.4,EUR/MWh,ES,ES,day_ahead_price,value,2026-08-16T21:17:48Z
2026-08-16T21:11:07Z,2026-08-16T23:11:07+0200,bac882e5-42a3-48ea-b8e2-c8e889704767,2026-08-12T17:45:00Z,2026-08-12T19:45:00+0200,186.79,EUR/MWh,ES,ES,day_ahead_price,value,2026-08-16T21:17:48Z
2026-08-16T21:11:07Z,2026-08-16T23:11:07+0200,bac882e5-42a3-48ea-b8e2-c8e889704767,2026-08-12T18:00:00Z,2026-08-12T20:00:00+0200,188.29,EUR/MWh,ES,ES,day_ahead_price,value,2026-08-16T21:17:48Z
2026-08-16T21:11:07Z,2026-08-16T23:11:07+0200,bac882e5-42a3-48ea-b8e2-c8e889704767,2026-08-12T18:15:00Z,2026-08-12T20:15:00+0200,229.9,EUR/MWh,ES,ES,day_ahead_price,value,2026-08-16T21:17:48Z
2026-08-16T21:11:07Z,2026-08-16T23:11:07+0200,bac882e5-42a3-48ea-b8e2-c8e889704767,2026-08-12T18:30:00Z,2026-08-12T20:30:00+0200,250.0,EUR/MWh,ES,ES,day_ahead_price,value,2026-08-16T21:17:48Z
2026-08-16T21:11:07Z,2026-08-16T23:11:07+0200,bac882e5-42a3-48ea-b8e2-c8e889704767,2026-08-12T18:45:00Z,2026-08-12T20:45:00+0200,232.17,EUR/MWh,ES,ES,day_ahead_price,value,2026-08-16T21:17:48Z
2026-08-16T21:11:07Z,2026-08-16T23:11:07+0200,bac882e5-42a3-48ea-b8e2-c8e889704767,2026-08-12T19:00:00Z,2026-08-12T21:00:00+0200,250.0,EUR/MWh,ES,ES,day_ahead_price,value,2026-08-16T21:17:48Z
2026-08-16T21:11:07Z,2026-08-16T23:11:07+0200,bac882e5-42a3-48ea-b8e2-c8e889704767,2026-08-12T19:15:00Z,2026-08-12T21:15:00+0200,243.12,EUR/MWh,ES,ES,day_ahead_price,value,2026-08-16T21:17:48Z
2026-08-16T21:11:07Z,2026-08-16T23:11:07+0200,bac882e5-42a3-48ea-b8e2-c8e889704767,2026-08-12T19:30:00Z,2026-08-12T21:30:00+0200,223.39,EUR/MWh,ES,ES,day_ahead_price,value,2026-08-16T21:17:48Z
2026-08-16T21:11:07Z,2026-08-16T23:11:07+0200,bac882e5-42a3-48ea-b8e2-c8e889704767,2026-08-12T19:45:00Z,2026-08-12T21:45:00+0200,202.6,EUR/MWh,ES,ES,day_ahead_price,value,2026-08-16T21:17:48Z
2026-08-16T21:11:07Z,2026-08-16T23:11:07+0200,bac882e5-42a3-48ea-b8e2-c8e889704767,2026-08-12T20:00:00Z,2026-08-12T22:00:00+0200,205.64,EUR/MWh,ES,ES,day_ahead_price,value,2026-08-16T21:17:48Z
2026-08-16T21:11:07Z,2026-08-16T23:11:07+0200,bac882e5-42a3-48ea-b8e2-c8e889704767,2026-08-12T20:15:00Z,2026-08-12T22:15:00+0200,193.4,EUR/MWh,ES,ES,day_ahead_price,value,2026-08-16T21:17:48Z
2026-08-16T21:11:07Z,2026-08-16T23:11:07+0200,bac882e5-42a3-48ea-b8e2-c8e889704767,2026-08-12T20:30:00Z,2026-08-12T22:30:00+0200,188.49,EUR/MWh,ES,ES,day_ahead_price,value,2026-08-16T21:17:48Z
2026-08-16T21:11:07Z,2026-08-16T23:11:07+0200,bac882e5-42a3-48ea-b8e2-c8e889704767,2026-08-12T20:45:00Z,2026-08-12T22:45:00+0200,186.79,EUR/MWh,ES,ES,day_ahead_price,value,2026-08-16T21:17:48Z
2026-08-16T21:11:07Z,2026-08-16T23:11:07+0200,bac882e5-42a3-48ea-b8e2-c8e889704767,2026-08-12T21:00:00Z,2026-08-12T23:00:00+0200,184.96,EUR/MWh,ES,ES,day_ahead_price,value,2026-08-16T21:17:48Z
2026-08-16T21:11:07Z,2026-08-16T23:11:07+0200,bac882e5-42a3-48ea-b8e2-c8e889704767,2026-08-12T21:15:00Z,2026-08-12T23:15:00+0200,184.02,EUR/MWh,ES,ES,day_ahead_price,value,2026-08-16T21:17:48Z
2026-08-16T21:11:07Z,2026-08-16T23:11:07+0200,bac882e5-42a3-48ea-b8e2-c8e889704767,2026-08-12T21:30:00Z,2026-08-12T23:30:00+0200,182.68,EUR/MWh,ES,ES,day_ahead_price,value,2026-08-16T21:17:48Z
2026-08-16T21:11:07Z,2026-08-16T23:11:07+0200,bac882e5-42a3-48ea-b8e2-c8e889704767,2026-08-12T21:45:00Z,2026-08-12T23:45:00+0200,180.4,EUR/MWh,ES,ES,day_ahead_price,value,2026-08-16T21:17:48Z
2026-08-16T21:11:07Z,2026-08-16T23:11:07+0200,bac882e5-42a3-48ea-b8e2-c8e889704767,2026-08-12T22:00:00Z,2026-08-13T00:00:00+0200,188.16,EUR/MWh,ES,ES,day_ahead_price,value,2026-08-16T21:17:48Z
2026-08-16T21:11:07Z,2026-08-16T23:11:07+0200,bac882e5-42a3-48ea-b8e2-c8e889704767,2026-08-12T22:15:00Z,2026-08-13T00:15:00+0200,187.66,EUR/MWh,ES,ES,day_ahead_price,value,2026-08-16T21:17:48Z
2026-08-16T21:11:07Z,2026-08-16T23:11:07+0200,bac882e5-42a3-48ea-b8e2-c8e889704767,2026-08-12T22:30:00Z,2026-08-13T00:30:00+0200,186.66,EUR/MWh,ES,ES,day_ahead_price,value,2026-08-16T21:17:48Z
2026-08-16T21:11:07Z,2026-08-16T23:11:07+0200,bac882e5-42a3-48ea-b8e2-c8e889704767,2026-08-12T22:45:00Z,2026-08-13T00:45:00+0200,185.4,EUR/MWh,ES,ES,day_ahead_price,value,2026-08-16T21:17:48Z
2026-08-16T21:11:07Z,2026-08-16T23:11:07+0200,bac882e5-42a3-48ea-b8e2-c8e889704767,2026-08-12T23:00:00Z,2026-08-13T01:00:00+0200,184.56,EUR/MWh,ES,ES,day_ahead_price,value,2026-08-16T21:17:48Z
2026-08-16T21:11:07Z,2026-08-16T23:11:07+0200,bac882e5-42a3-48ea-b8e2-c8e889704767,2026-08-12T23:15:00Z,2026-08-13T01:15:00+0200,177.38,EUR/MWh,ES,ES,day_ahead_price,value,2026-08-16T21:17:48Z
2026-08-16T21:11:07Z,2026-08-16T23:11:07+0200,bac882e5-42a3-48ea-b8e2-c8e889704767,2026-08-12T23:30:00Z,2026-08-13T01:30:00+0200,172.14,EUR/MWh,ES,ES,day_ahead_price,value,2026-08-16T21:17:48Z
2026-08-16T21:11:07Z,2026-08-16T23:11:07+0200,bac882e5-42a3-48ea-b8e2-c8e889704767,2026-08-12T23:45:00Z,2026-08-13T01:45:00+0200,171.02,EUR/MWh,ES,ES,day_ahead_price,value,2026-08-16T21:17:48Z
2026-08-16T21:11:07Z,2026-08-16T23:11:07+0200,bac882e5-42a3-48ea-b8e2-c8e889704767,2026-08-13T00:00:00Z,2026-08-13T02:00:00+0200,185.0,EUR/MWh,ES,ES,day_ahead_price,value,2026-08-16T21:17:48Z
2026-08-16T21:11:07Z,2026-08-16T23:11:07+0200,bac882e5-42a3-48ea-b8e2-c8e889704767,2026-08-13T00:15:00Z,2026-08-13T02:15:00+0200,184.66,EUR/MWh,ES,ES,day_ahead_price,value,2026-08-16T21:17:48Z
2026-08-16T21:11:07Z,2026-08-16T23:11:07+0200,bac882e5-42a3-48ea-b8e2-c8e889704767,2026-08-13T00:30:00Z,2026-08-13T02:30:00+0200,183.56,EUR/MWh,ES,ES,day_ahead_price,value,2026-08-16T21:17:48Z
2026-08-16T21:11:07Z,2026-08-16T23:11:07+0200,bac882e5-42a3-48ea-b8e2-c8e889704767,2026-08-13T00:45:00Z,2026-08-13T02:45:00+0200,183.56,EUR/MWh,ES,ES,day_ahead_price,value,2026-08-16T21:17:48Z
2026-08-16T21:11:07Z,2026-08-16T23:11:07+0200,bac882e5-42a3-48ea-b8e2-c8e889704767,2026-08-13T01:00:00Z,2026-08-13T03:00:00+0200,183.56,EUR/MWh,ES,ES,day_ahead_price,value,2026-08-16T21:17:48Z
2026-08-16T21:11:07Z,2026-08-16T23:11:07+0200,bac882e5-42a3-48ea-b8e2-c8e889704767,2026-08-13T01:15:00Z,2026-08-13T03:15:00+0200,181.98,EUR/MWh,ES,ES,day_ahead_price,value,2026-08-16T21:17:48Z
2026-08-16T21:11:07Z,2026-08-16T23:11:07+0200,bac882e5-42a3-48ea-b8e2-c8e889704767,2026-08-13T01:30:00Z,2026-08-13T03:30:00+0200,181.98,EUR/MWh,ES,ES,day_ahead_price,value,2026-08-16T21:17:48Z
2026-08-16T21:11:07Z,2026-08-16T23:11:07+0200,bac882e5-42a3-48ea-b8e2-c8e889704767,2026-08-13T01:45:00Z,2026-08-13T03:45:00+0200,181.98,EUR/MWh,ES,ES,day_ahead_price,value,2026-08-16T21:17:48Z
2026-08-16T21:11:07Z,2026-08-16T23:11:07+0200,bac882e5-42a3-48ea-b8e2-c8e889704767,2026-08-13T02:00:00Z,2026-08-13T04:00:00+0200,183.56,EUR/MWh,ES,ES,day_ahead_price,value,2026-08-16T21:17:48Z
2026-08-16T21:11:07Z,2026-08-16T23:11:07+0200,bac882e5-42a3-48ea-b8e2-c8e889704767,2026-08-13T02:15:00Z,2026-08-13T04:15:00+0200,183.56,EUR/MWh,ES,ES,day_ahead_price,value,2026-08-16T21:17:48Z
2026-08-16T21:11:07Z,2026-08-16T23:11:07+0200,bac882e5-42a3-48ea-b8e2-c8e889704767,2026-08-13T02:30:00Z,2026-08-13T04:30:00+0200,183.56,EUR/MWh,ES,ES,day_ahead_price,value,2026-08-16T21:17:48Z
2026-08-16T21:11:07Z,2026-08-16T23:11:07+0200,bac882e5-42a3-48ea-b8e2-c8e889704767,2026-08-13T02:45:00Z,2026-08-13T04:45:00+0200,183.86,EUR/MWh,ES,ES,day_ahead_price,value,2026-08-16T21:17:48Z
2026-08-16T21:11:07Z,2026-08-16T23:11:07+0200,bac882e5-42a3-48ea-b8e2-c8e889704767,2026-08-13T03:00:00Z,2026-08-13T05:00:00+0200,171.02,EUR/MWh,ES,ES,day_ahead_price,value,2026-08-16T21:17:48Z
2026-08-16T21:11:07Z,2026-08-16T23:11:07+0200,bac882e5-42a3-48ea-b8e2-c8e889704767,2026-08-13T03:15:00Z,2026-08-13T05:15:00+0200,171.53,EUR/MWh,ES,ES,day_ahead_price,value,2026-08-16T21:17:48Z
2026-08-16T21:11:07Z,2026-08-16T23:11:07+0200,bac882e5-42a3-48ea-b8e2-c8e889704767,2026-08-13T03:30:00Z,2026-08-13T05:30:00+0200,172.14,EUR/MWh,ES,ES,day_ahead_price,value,2026-08-16T21:17:48Z
2026-08-16T21:11:07Z,2026-08-16T23:11:07+0200,bac882e5-42a3-48ea-b8e2-c8e889704767,2026-08-13T03:45:00Z,2026-08-13T05:45:00+0200,176.7,EUR/MWh,ES,ES,day_ahead_price,value,2026-08-16T21:17:48Z
2026-08-16T21:11:07Z,2026-08-16T23:11:07+0200,bac882e5-42a3-48ea-b8e2-c8e889704767,2026-08-13T04:00:00Z,2026-08-13T06:00:00+0200,185.66,EUR/MWh,ES,ES,day_ahead_price,value,2026-08-16T21:17:48Z
2026-08-16T21:11:07Z,2026-08-16T23:11:07+0200,bac882e5-42a3-48ea-b8e2-c8e889704767,2026-08-13T04:15:00Z,2026-08-13T06:15:00+0200,186.66,EUR/MWh,ES,ES,day_ahead_price,value,2026-08-16T21:17:48Z
2026-08-16T21:11:07Z,2026-08-16T23:11:07+0200,bac882e5-42a3-48ea-b8e2-c8e889704767,2026-08-13T04:30:00Z,2026-08-13T06:30:00+0200,186.66,EUR/MWh,ES,ES,day_ahead_price,value,2026-08-16T21:17:48Z
2026-08-16T21:11:07Z,2026-08-16T23:11:07+0200,bac882e5-42a3-48ea-b8e2-c8e889704767,2026-08-13T04:45:00Z,2026-08-13T06:45:00+0200,188.16,EUR/MWh,ES,ES,day_ahead_price,value,2026-08-16T21:17:48Z
2026-08-16T21:11:07Z,2026-08-16T23:11:07+0200,bac882e5-42a3-48ea-b8e2-c8e889704767,2026-08-13T05:00:00Z,2026-08-13T07:00:00+0200,189.67,EUR/MWh,ES,ES,day_ahead_price,value,2026-08-16T21:17:48Z
2026-08-16T21:11:07Z,2026-08-16T23:11:07+0200,bac882e5-42a3-48ea-b8e2-c8e889704767,2026-08-13T05:15:00Z,2026-08-13T07:15:00+0200,194.35,EUR/MWh,ES,ES,day_ahead_price,value,2026-08-16T21:17:48Z
2026-08-16T21:11:07Z,2026-08-16T23:11:07+0200,bac882e5-42a3-48ea-b8e2-c8e889704767,2026-08-13T05:30:00Z,2026-08-13T07:30:00+0200,194.92,EUR/MWh,ES,ES,day_ahead_price,value,2026-08-16T21:17:48Z
2026-08-16T21:11:07Z,2026-08-16T23:11:07+0200,bac882e5-42a3-48ea-b8e2-c8e889704767,2026-08-13T05:45:00Z,2026-08-13T07:45:00+0200,188.16,EUR/MWh,ES,ES,day_ahead_price,value,2026-08-16T21:17:48Z
2026-08-16T21:11:07Z,2026-08-16T23:11:07+0200,bac882e5-42a3-48ea-b8e2-c8e889704767,2026-08-13T06:00:00Z,2026-08-13T08:00:00+0200,186.66,EUR/MWh,ES,ES,day_ahead_price,value,2026-08-16T21:17:48Z
2026-08-16T21:11:07Z,2026-08-16T23:11:07+0200,bac882e5-42a3-48ea-b8e2-c8e889704767,2026-08-13T06:15:00Z,2026-08-13T08:15:00+0200,183.56,EUR/MWh,ES,ES,day_ahead_price,value,2026-08-16T21:17:48Z
2026-08-16T21:11:07Z,2026-08-16T23:11:07+0200,bac882e5-42a3-48ea-b8e2-c8e889704767,2026-08-13T06:30:00Z,2026-08-13T08:30:00+0200,177.0,EUR/MWh,ES,ES,day_ahead_price,value,2026-08-16T21:17:48Z
2026-08-16T21:11:07Z,2026-08-16T23:11:07+0200,bac882e5-42a3-48ea-b8e2-c8e889704767,2026-08-13T06:45:00Z,2026-08-13T08:45:00+0200,172.03,EUR/MWh,ES,ES,day_ahead_price,value,2026-08-16T21:17:48Z
2026-08-16T21:11:07Z,2026-08-16T23:11:07+0200,bac882e5-42a3-48ea-b8e2-c8e889704767,2026-08-13T07:00:00Z,2026-08-13T09:00:00+0200,160.53,EUR/MWh,ES,ES,day_ahead_price,value,2026-08-16T21:17:48Z
2026-08-16T21:11:07Z,2026-08-16T23:11:07+0200,bac882e5-42a3-48ea-b8e2-c8e889704767,2026-08-13T07:15:00Z,2026-08-13T09:15:00+0200,147.49,EUR/MWh,ES,ES,day_ahead_price,value,2026-08-16T21:17:48Z
2026-08-16T21:11:07Z,2026-08-16T23:11:07+0200,bac882e5-42a3-48ea-b8e2-c8e889704767,2026-08-13T07:30:00Z,2026-08-13T09:30:00+0200,130.0,EUR/MWh,ES,ES,day_ahead_price,value,2026-08-16T21:17:48Z
2026-08-16T21:11:07Z,2026-08-16T23:11:07+0200,bac882e5-42a3-48ea-b8e2-c8e889704767,2026-08-13T07:45:00Z,2026-08-13T09:45:00+0200,109.0,EUR/MWh,ES,ES,day_ahead_price,value,2026-08-16T21:17:48Z
2026-08-16T21:11:07Z,2026-08-16T23:11:07+0200,bac882e5-42a3-48ea-b8e2-c8e889704767,2026-08-13T08:00:00Z,2026-08-13T10:00:00+0200,107.15,EUR/MWh,ES,ES,day_ahead_price,value,2026-08-16T21:17:48Z
2026-08-16T21:11:07Z,2026-08-16T23:11:07+0200,bac882e5-42a3-48ea-b8e2-c8e889704767,2026-08-13T08:15:00Z,2026-08-13T10:15:00+0200,98.0,EUR/MWh,ES,ES,day_ahead_price,value,2026-08-16T21:17:48Z
2026-08-16T21:11:07Z,2026-08-16T23:11:07+0200,bac882e5-42a3-48ea-b8e2-c8e889704767,2026-08-13T08:30:00Z,2026-08-13T10:30:00+0200,84.25,EUR/MWh,ES,ES,day_ahead_price,value,2026-08-16T21:17:48Z
2026-08-16T21:11:07Z,2026-08-16T23:11:07+0200,bac882e5-42a3-48ea-b8e2-c8e889704767,2026-08-13T08:45:00Z,2026-08-13T10:45:00+0200,63.95,EUR/MWh,ES,ES,day_ahead_price,value,2026-08-16T21:17:48Z
2026-08-16T21:11:07Z,2026-08-16T23:11:07+0200,bac882e5-42a3-48ea-b8e2-c8e889704767,2026-08-13T09:00:00Z,2026-08-13T11:00:00+0200,38.99,EUR/MWh,ES,ES,day_ahead_price,value,2026-08-16T21:17:48Z
2026-08-16T21:11:07Z,2026-08-16T23:11:07+0200,bac882e5-42a3-48ea-b8e2-c8e889704767,2026-08-13T09:15:00Z,2026-08-13T11:15:00+0200,39.1,EUR/MWh,ES,ES,day_ahead_price,value,2026-08-16T21:17:48Z
2026-08-16T21:11:07Z,2026-08-16T23:11:07+0200,bac882e5-42a3-48ea-b8e2-c8e889704767,2026-08-13T09:30:00Z,2026-08-13T11:30:00+0200,38.66,EUR/MWh,ES,ES,day_ahead_price,value,2026-08-16T21:17:48Z
2026-08-16T21:11:07Z,2026-08-16T23:11:07+0200,bac882e5-42a3-48ea-b8e2-c8e889704767,2026-08-13T09:45:00Z,2026-08-13T11:45:00+0200,38.55,EUR/MWh,ES,ES,day_ahead_price,value,2026-08-16T21:17:48Z
2026-08-16T21:11:07Z,2026-08-16T23:11:07+0200,bac882e5-42a3-48ea-b8e2-c8e889704767,2026-08-13T10:00:00Z,2026-08-13T12:00:00+0200,37.15,EUR/MWh,ES,ES,day_ahead_price,value,2026-08-16T21:17:48Z
2026-08-16T21:11:07Z,2026-08-16T23:11:07+0200,bac882e5-42a3-48ea-b8e2-c8e889704767,2026-08-13T10:15:00Z,2026-08-13T12:15:00+0200,28.0,EUR/MWh,ES,ES,day_ahead_price,value,2026-08-16T21:17:48Z
2026-08-16T21:11:07Z,2026-08-16T23:11:07+0200,bac882e5-42a3-48ea-b8e2-c8e889704767,2026-08-13T10:30:00Z,2026-08-13T12:30:00+0200,21.0,EUR/MWh,ES,ES,day_ahead_price,value,2026-08-16T21:17:48Z
2026-08-16T21:11:07Z,2026-08-16T23:11:07+0200,bac882e5-42a3-48ea-b8e2-c8e889704767,2026-08-13T10:45:00Z,2026-08-13T12:45:00+0200,30.2,EUR/MWh,ES,ES,day_ahead_price,value,2026-08-16T21:17:48Z
2026-08-16T21:11:07Z,2026-08-16T23:11:07+0200,bac882e5-42a3-48ea-b8e2-c8e889704767,2026-08-13T11:00:00Z,2026-08-13T13:00:00+0200,35.0,EUR/MWh,ES,ES,day_ahead_price,value,2026-08-16T21:17:48Z
2026-08-16T21:11:07Z,2026-08-16T23:11:07+0200,bac882e5-42a3-48ea-b8e2-c8e889704767,2026-08-13T11:15:00Z,2026-08-13T13:15:00+0200,35.07,EUR/MWh,ES,ES,day_ahead_price,value,2026-08-16T21:17:48Z
2026-08-16T21:11:07Z,2026-08-16T23:11:07+0200,bac882e5-42a3-48ea-b8e2-c8e889704767,2026-08-13T11:30:00Z,2026-08-13T13:30:00+0200,31.29,EUR/MWh,ES,ES,day_ahead_price,value,2026-08-16T21:17:48Z
2026-08-16T21:11:07Z,2026-08-16T23:11:07+0200,bac882e5-42a3-48ea-b8e2-c8e889704767,2026-08-13T11:45:00Z,2026-08-13T13:45:00+0200,27.28,EUR/MWh,ES,ES,day_ahead_price,value,2026-08-16T21:17:48Z
2026-08-16T21:11:07Z,2026-08-16T23:11:07+0200,bac882e5-42a3-48ea-b8e2-c8e889704767,2026-08-13T12:00:00Z,2026-08-13T14:00:00+0200,38.77,EUR/MWh,ES,ES,day_ahead_price,value,2026-08-16T21:17:48Z
2026-08-16T21:11:07Z,2026-08-16T23:11:07+0200,bac882e5-42a3-48ea-b8e2-c8e889704767,2026-08-13T12:15:00Z,2026-08-13T14:15:00+0200,38.77,EUR/MWh,ES,ES,day_ahead_price,value,2026-08-16T21:17:48Z
2026-08-16T21:11:07Z,2026-08-16T23:11:07+0200,bac882e5-42a3-48ea-b8e2-c8e889704767,2026-08-13T12:30:00Z,2026-08-13T14:30:00+0200,38.99,EUR/MWh,ES,ES,day_ahead_price,value,2026-08-16T21:17:48Z
2026-08-16T21:11:07Z,2026-08-16T23:11:07+0200,bac882e5-42a3-48ea-b8e2-c8e889704767,2026-08-13T12:45:00Z,2026-08-13T14:45:00+0200,38.99,EUR/MWh,ES,ES,day_ahead_price,value,2026-08-16T21:17:48Z
2026-08-16T21:11:07Z,2026-08-16T23:11:07+0200,bac882e5-42a3-48ea-b8e2-c8e889704767,2026-08-13T13:00:00Z,2026-08-13T15:00:00+0200,38.66,EUR/MWh,ES,ES,day_ahead_price,value,2026-08-16T21:17:48Z
2026-08-16T21:11:07Z,2026-08-16T23:11:07+0200,bac882e5-42a3-48ea-b8e2-c8e889704767,2026-08-13T13:15:00Z,2026-08-13T15:15:00+0200,38.66,EUR/MWh,ES,ES,day_ahead_price,value,2026-08-16T21:17:48Z
2026-08-16T21:11:07Z,2026-08-16T23:11:07+0200,bac882e5-42a3-48ea-b8e2-c8e889704767,2026-08-13T13:30:00Z,2026-08-13T15:30:00+0200,38.99,EUR/MWh,ES,ES,day_ahead_price,value,2026-08-16T21:17:48Z
2026-08-16T21:11:07Z,2026-08-16T23:11:07+0200,bac882e5-42a3-48ea-b8e2-c8e889704767,2026-08-13T13:45:00Z,2026-08-13T15:45:00+0200,40.01,EUR/MWh,ES,ES,day_ahead_price,value,2026-08-16T21:17:48Z
2026-08-16T21:11:07Z,2026-08-16T23:11:07+0200,bac882e5-42a3-48ea-b8e2-c8e889704767,2026-08-13T14:00:00Z,2026-08-13T16:00:00+0200,40.01,EUR/MWh,ES,ES,day_ahead_price,value,2026-08-16T21:17:48Z
2026-08-16T21:11:07Z,2026-08-16T23:11:07+0200,bac882e5-42a3-48ea-b8e2-c8e889704767,2026-08-13T14:15:00Z,2026-08-13T16:15:00+0200,49.43,EUR/MWh,ES,ES,day_ahead_price,value,2026-08-16T21:17:48Z
2026-08-16T21:11:07Z,2026-08-16T23:11:07+0200,bac882e5-42a3-48ea-b8e2-c8e889704767,2026-08-13T14:30:00Z,2026-08-13T16:30:00+0200,80.0,EUR/MWh,ES,ES,day_ahead_price,value,2026-08-16T21:17:48Z
2026-08-16T21:11:07Z,2026-08-16T23:11:07+0200,bac882e5-42a3-48ea-b8e2-c8e889704767,2026-08-13T14:45:00Z,2026-08-13T16:45:00+0200,84.4,EUR/MWh,ES,ES,day_ahead_price,value,2026-08-16T21:17:48Z
2026-08-16T21:11:07Z,2026-08-16T23:11:07+0200,bac882e5-42a3-48ea-b8e2-c8e889704767,2026-08-13T15:00:00Z,2026-08-13T17:00:00+0200,86.0,EUR/MWh,ES,ES,day_ahead_price,value,2026-08-16T21:17:48Z
2026-08-16T21:11:07Z,2026-08-16T23:11:07+0200,bac882e5-42a3-48ea-b8e2-c8e889704767,2026-08-13T15:15:00Z,2026-08-13T17:15:00+0200,93.0,EUR/MWh,ES,ES,day_ahead_price,value,2026-08-16T21:17:48Z
2026-08-16T21:11:07Z,2026-08-16T23:11:07+0200,bac882e5-42a3-48ea-b8e2-c8e889704767,2026-08-13T15:30:00Z,2026-08-13T17:30:00+0200,100.0,EUR/MWh,ES,ES,day_ahead_price,value,2026-08-16T21:17:48Z
2026-08-16T21:11:07Z,2026-08-16T23:11:07+0200,bac882e5-42a3-48ea-b8e2-c8e889704767,2026-08-13T15:45:00Z,2026-08-13T17:45:00+0200,100.27,EUR/MWh,ES,ES,day_ahead_price,value,2026-08-16T21:17:48Z
2026-08-16T21:11:07Z,2026-08-16T23:11:07+0200,bac882e5-42a3-48ea-b8e2-c8e889704767,2026-08-13T16:00:00Z,2026-08-13T18:00:00+0200,100.01,EUR/MWh,ES,ES,day_ahead_price,value,2026-08-16T21:17:48Z
2026-08-16T21:11:07Z,2026-08-16T23:11:07+0200,bac882e5-42a3-48ea-b8e2-c8e889704767,2026-08-13T16:15:00Z,2026-08-13T18:15:00+0200,102.19,EUR/MWh,ES,ES,day_ahead_price,value,2026-08-16T21:17:48Z
2026-08-16T21:11:07Z,2026-08-16T23:11:07+0200,bac882e5-42a3-48ea-b8e2-c8e889704767,2026-08-13T16:30:00Z,2026-08-13T18:30:00+0200,113.6,EUR/MWh,ES,ES,day_ahead_price,value,2026-08-16T21:17:48Z
2026-08-16T21:11:07Z,2026-08-16T23:11:07+0200,bac882e5-42a3-48ea-b8e2-c8e889704767,2026-08-13T16:45:00Z,2026-08-13T18:45:00+0200,139.42,EUR/MWh,ES,ES,day_ahead_price,value,2026-08-16T21:17:48Z
2026-08-16T21:11:07Z,2026-08-16T23:11:07+0200,bac882e5-42a3-48ea-b8e2-c8e889704767,2026-08-13T17:00:00Z,2026-08-13T19:00:00+0200,139.54,EUR/MWh,ES,ES,day_ahead_price,value,2026-08-16T21:17:48Z
2026-08-16T21:11:07Z,2026-08-16T23:11:07+0200,bac882e5-42a3-48ea-b8e2-c8e889704767,2026-08-13T17:15:00Z,2026-08-13T19:15:00+0200,145.97,EUR/MWh,ES,ES,day_ahead_price,value,2026-08-16T21:17:48Z
2026-08-16T21:11:07Z,2026-08-16T23:11:07+0200,bac882e5-42a3-48ea-b8e2-c8e889704767,2026-08-13T17:30:00Z,2026-08-13T19:30:00+0200,165.4,EUR/MWh,ES,ES,day_ahead_price,value,2026-08-16T21:17:48Z
2026-08-16T21:11:07Z,2026-08-16T23:11:07+0200,bac882e5-42a3-48ea-b8e2-c8e889704767,2026-08-13T17:45:00Z,2026-08-13T19:45:00+0200,183.56,EUR/MWh,ES,ES,day_ahead_price,value,2026-08-16T21:17:48Z
2026-08-16T21:11:07Z,2026-08-16T23:11:07+0200,bac882e5-42a3-48ea-b8e2-c8e889704767,2026-08-13T18:00:00Z,2026-08-13T20:00:00+0200,183.56,EUR/MWh,ES,ES,day_ahead_price,value,2026-08-16T21:17:48Z
2026-08-16T21:11:07Z,2026-08-16T23:11:07+0200,bac882e5-42a3-48ea-b8e2-c8e889704767,2026-08-13T18:15:00Z,2026-08-13T20:15:00+0200,188.16,EUR/MWh,ES,ES,day_ahead_price,value,2026-08-16T21:17:48Z
2026-08-16T21:11:07Z,2026-08-16T23:11:07+0200,bac882e5-42a3-48ea-b8e2-c8e889704767,2026-08-13T18:30:00Z,2026-08-13T20:30:00+0200,215.0,EUR/MWh,ES,ES,day_ahead_price,value,2026-08-16T21:17:48Z
2026-08-16T21:11:07Z,2026-08-16T23:11:07+0200,bac882e5-42a3-48ea-b8e2-c8e889704767,2026-08-13T18:45:00Z,2026-08-13T20:45:00+0200,250.0,EUR/MWh,ES,ES,day_ahead_price,value,2026-08-16T21:17:48Z
2026-08-16T21:11:07Z,2026-08-16T23:11:07+0200,bac882e5-42a3-48ea-b8e2-c8e889704767,2026-08-13T19:00:00Z,2026-08-13T21:00:00+0200,250.0,EUR/MWh,ES,ES,day_ahead_price,value,2026-08-16T21:17:48Z
2026-08-16T21:11:07Z,2026-08-16T23:11:07+0200,bac882e5-42a3-48ea-b8e2-c8e889704767,2026-08-13T19:15:00Z,2026-08-13T21:15:00+0200,268.97,EUR/MWh,ES,ES,day_ahead_price,value,2026-08-16T21:17:48Z
2026-08-16T21:11:07Z,2026-08-16T23:11:07+0200,bac882e5-42a3-48ea-b8e2-c8e889704767,2026-08-13T19:30:00Z,2026-08-13T21:30:00+0200,240.0,EUR/MWh,ES,ES,day_ahead_price,value,2026-08-16T21:17:48Z
2026-08-16T21:11:07Z,2026-08-16T23:11:07+0200,bac882e5-42a3-48ea-b8e2-c8e889704767,2026-08-13T19:45:00Z,2026-08-13T21:45:00+0200,217.15,EUR/MWh,ES,ES,day_ahead_price,value,2026-08-16T21:17:48Z
2026-08-16T21:11:07Z,2026-08-16T23:11:07+0200,bac882e5-42a3-48ea-b8e2-c8e889704767,2026-08-13T20:00:00Z,2026-08-13T22:00:00+0200,233.38,EUR/MWh,ES,ES,day_ahead_price,value,2026-08-16T21:17:48Z
2026-08-16T21:11:07Z,2026-08-16T23:11:07+0200,bac882e5-42a3-48ea-b8e2-c8e889704767,2026-08-13T20:15:00Z,2026-08-13T22:15:00+0200,215.51,EUR/MWh,ES,ES,day_ahead_price,value,2026-08-16T21:17:48Z
2026-08-16T21:11:07Z,2026-08-16T23:11:07+0200,bac882e5-42a3-48ea-b8e2-c8e889704767,2026-08-13T20:30:00Z,2026-08-13T22:30:00+0200,212.01,EUR/MWh,ES,ES,day_ahead_price,value,2026-08-16T21:17:48Z
2026-08-16T21:11:07Z,2026-08-16T23:11:07+0200,bac882e5-42a3-48ea-b8e2-c8e889704767,2026-08-13T20:45:00Z,2026-08-13T22:45:00+0200,193.03,EUR/MWh,ES,ES,day_ahead_price,value,2026-08-16T21:17:48Z
2026-08-16T21:11:07Z,2026-08-16T23:11:07+0200,bac882e5-42a3-48ea-b8e2-c8e889704767,2026-08-13T21:00:00Z,2026-08-13T23:00:00+0200,194.0,EUR/MWh,ES,ES,day_ahead_price,value,2026-08-16T21:17:48Z
2026-08-16T21:11:07Z,2026-08-16T23:11:07+0200,bac882e5-42a3-48ea-b8e2-c8e889704767,2026-08-13T21:15:00Z,2026-08-13T23:15:00+0200,187.66,EUR/MWh,ES,ES,day_ahead_price,value,2026-08-16T21:17:48Z
2026-08-16T21:11:07Z,2026-08-16T23:11:07+0200,bac882e5-42a3-48ea-b8e2-c8e889704767,2026-08-13T21:30:00Z,2026-08-13T23:30:00+0200,186.66,EUR/MWh,ES,ES,day_ahead_price,value,2026-08-16T21:17:48Z
2026-08-16T21:11:07Z,2026-08-16T23:11:07+0200,bac882e5-42a3-48ea-b8e2-c8e889704767,2026-08-13T21:45:00Z,2026-08-13T23:45:00+0200,185.4,EUR/MWh,ES,ES,day_ahead_price,value,2026-08-16T21:17:48Z
2026-08-16T21:11:07Z,2026-08-16T23:11:07+0200,bac882e5-42a3-48ea-b8e2-c8e889704767,2026-08-13T22:00:00Z,2026-08-14T00:00:00+0200,184.02,EUR/MWh,ES,ES,day_ahead_price,value,2026-08-16T21:17:48Z
2026-08-16T21:11:07Z,2026-08-16T23:11:07+0200,bac882e5-42a3-48ea-b8e2-c8e889704767,2026-08-13T22:15:00Z,2026-08-14T00:15:00+0200,183.02,EUR/MWh,ES,ES,day_ahead_price,value,2026-08-16T21:17:48Z
2026-08-16T21:11:07Z,2026-08-16T23:11:07+0200,bac882e5-42a3-48ea-b8e2-c8e889704767,2026-08-13T22:30:00Z,2026-08-14T00:30:00+0200,181.26,EUR/MWh,ES,ES,day_ahead_price,value,2026-08-16T21:17:48Z
2026-08-16T21:11:07Z,2026-08-16T23:11:07+0200,bac882e5-42a3-48ea-b8e2-c8e889704767,2026-08-13T22:45:00Z,2026-08-14T00:45:00+0200,179.02,EUR/MWh,ES,ES,day_ahead_price,value,2026-08-16T21:17:48Z
2026-08-16T21:11:07Z,2026-08-16T23:11:07+0200,bac882e5-42a3-48ea-b8e2-c8e889704767,2026-08-13T23:00:00Z,2026-08-14T01:00:00+0200,182.02,EUR/MWh,ES,ES,day_ahead_price,value,2026-08-16T21:17:48Z
2026-08-16T21:11:07Z,2026-08-16T23:11:07+0200,bac882e5-42a3-48ea-b8e2-c8e889704767,2026-08-13T23:15:00Z,2026-08-14T01:15:00+0200,180.14,EUR/MWh,ES,ES,day_ahead_price,value,2026-08-16T21:17:48Z
2026-08-16T21:11:07Z,2026-08-16T23:11:07+0200,bac882e5-42a3-48ea-b8e2-c8e889704767,2026-08-13T23:30:00Z,2026-08-14T01:30:00+0200,178.56,EUR/MWh,ES,ES,day_ahead_price,value,2026-08-16T21:17:48Z
2026-08-16T21:11:07Z,2026-08-16T23:11:07+0200,bac882e5-42a3-48ea-b8e2-c8e889704767,2026-08-13T23:45:00Z,2026-08-14T01:45:00+0200,176.98,EUR/MWh,ES,ES,day_ahead_price,value,2026-08-16T21:17:48Z
2026-08-16T21:11:07Z,2026-08-16T23:11:07+0200,bac882e5-42a3-48ea-b8e2-c8e889704767,2026-08-14T00:00:00Z,2026-08-14T02:00:00+0200,183.02,EUR/MWh,ES,ES,day_ahead_price,value,2026-08-16T21:17:48Z
2026-08-16T21:11:07Z,2026-08-16T23:11:07+0200,bac882e5-42a3-48ea-b8e2-c8e889704767,2026-08-14T00:15:00Z,2026-08-14T02:15:00+0200,182.69,EUR/MWh,ES,ES,day_ahead_price,value,2026-08-16T21:17:48Z
2026-08-16T21:11:07Z,2026-08-16T23:11:07+0200,bac882e5-42a3-48ea-b8e2-c8e889704767,2026-08-14T00:30:00Z,2026-08-14T02:30:00+0200,182.02,EUR/MWh,ES,ES,day_ahead_price,value,2026-08-16T21:17:48Z
2026-08-16T21:11:07Z,2026-08-16T23:11:07+0200,bac882e5-42a3-48ea-b8e2-c8e889704767,2026-08-14T00:45:00Z,2026-08-14T02:45:00+0200,182.02,EUR/MWh,ES,ES,day_ahead_price,value,2026-08-16T21:17:48Z
2026-08-16T21:11:07Z,2026-08-16T23:11:07+0200,bac882e5-42a3-48ea-b8e2-c8e889704767,2026-08-14T01:00:00Z,2026-08-14T03:00:00+0200,175.0,EUR/MWh,ES,ES,day_ahead_price,value,2026-08-16T21:17:48Z
2026-08-16T21:11:07Z,2026-08-16T23:11:07+0200,bac882e5-42a3-48ea-b8e2-c8e889704767,2026-08-14T01:15:00Z,2026-08-14T03:15:00+0200,175.0,EUR/MWh,ES,ES,day_ahead_price,value,2026-08-16T21:17:48Z
2026-08-16T21:11:07Z,2026-08-16T23:11:07+0200,bac882e5-42a3-48ea-b8e2-c8e889704767,2026-08-14T01:30:00Z,2026-08-14T03:30:00+0200,175.0,EUR/MWh,ES,ES,day_ahead_price,value,2026-08-16T21:17:48Z
2026-08-16T21:11:07Z,2026-08-16T23:11:07+0200,bac882e5-42a3-48ea-b8e2-c8e889704767,2026-08-14T01:45:00Z,2026-08-14T03:45:00+0200,175.0,EUR/MWh,ES,ES,day_ahead_price,value,2026-08-16T21:17:48Z
2026-08-16T21:11:07Z,2026-08-16T23:11:07+0200,bac882e5-42a3-48ea-b8e2-c8e889704767,2026-08-14T02:00:00Z,2026-08-14T04:00:00+0200,173.16,EUR/MWh,ES,ES,day_ahead_price,value,2026-08-16T21:17:48Z
2026-08-16T21:11:07Z,2026-08-16T23:11:07+0200,bac882e5-42a3-48ea-b8e2-c8e889704767,2026-08-14T02:15:00Z,2026-08-14T04:15:00+0200,170.0,EUR/MWh,ES,ES,day_ahead_price,value,2026-08-16T21:17:48Z
2026-08-16T21:11:07Z,2026-08-16T23:11:07+0200,bac882e5-42a3-48ea-b8e2-c8e889704767,2026-08-14T02:30:00Z,2026-08-14T04:30:00+0200,170.0,EUR/MWh,ES,ES,day_ahead_price,value,2026-08-16T21:17:48Z
2026-08-16T21:11:07Z,2026-08-16T23:11:07+0200,bac882e5-42a3-48ea-b8e2-c8e889704767,2026-08-14T02:45:00Z,2026-08-14T04:45:00+0200,170.0,EUR/MWh,ES,ES,day_ahead_price,value,2026-08-16T21:17:48Z
2026-08-16T21:11:07Z,2026-08-16T23:11:07+0200,bac882e5-42a3-48ea-b8e2-c8e889704767,2026-08-14T03:00:00Z,2026-08-14T05:00:00+0200,165.96,EUR/MWh,ES,ES,day_ahead_price,value,2026-08-16T21:17:48Z
2026-08-16T21:11:07Z,2026-08-16T23:11:07+0200,bac882e5-42a3-48ea-b8e2-c8e889704767,2026-08-14T03:15:00Z,2026-08-14T05:15:00+0200,170.0,EUR/MWh,ES,ES,day_ahead_price,value,2026-08-16T21:17:48Z
2026-08-16T21:11:07Z,2026-08-16T23:11:07+0200,bac882e5-42a3-48ea-b8e2-c8e889704767,2026-08-14T03:30:00Z,2026-08-14T05:30:00+0200,175.0,EUR/MWh,ES,ES,day_ahead_price,value,2026-08-16T21:17:48Z
2026-08-16T21:11:07Z,2026-08-16T23:11:07+0200,bac882e5-42a3-48ea-b8e2-c8e889704767,2026-08-14T03:45:00Z,2026-08-14T05:45:00+0200,175.4,EUR/MWh,ES,ES,day_ahead_price,value,2026-08-16T21:17:48Z
2026-08-16T21:11:07Z,2026-08-16T23:11:07+0200,bac882e5-42a3-48ea-b8e2-c8e889704767,2026-08-14T04:00:00Z,2026-08-14T06:00:00+0200,168.9,EUR/MWh,ES,ES,day_ahead_price,value,2026-08-16T21:17:48Z
2026-08-16T21:11:07Z,2026-08-16T23:11:07+0200,bac882e5-42a3-48ea-b8e2-c8e889704767,2026-08-14T04:15:00Z,2026-08-14T06:15:00+0200,175.0,EUR/MWh,ES,ES,day_ahead_price,value,2026-08-16T21:17:48Z
2026-08-16T21:11:07Z,2026-08-16T23:11:07+0200,bac882e5-42a3-48ea-b8e2-c8e889704767,2026-08-14T04:30:00Z,2026-08-14T06:30:00+0200,175.4,EUR/MWh,ES,ES,day_ahead_price,value,2026-08-16T21:17:48Z
2026-08-16T21:11:07Z,2026-08-16T23:11:07+0200,bac882e5-42a3-48ea-b8e2-c8e889704767,2026-08-14T04:45:00Z,2026-08-14T06:45:00+0200,177.14,EUR/MWh,ES,ES,day_ahead_price,value,2026-08-16T21:17:48Z
2026-08-16T21:11:07Z,2026-08-16T23:11:07+0200,bac882e5-42a3-48ea-b8e2-c8e889704767,2026-08-14T05:00:00Z,2026-08-14T07:00:00+0200,180.14,EUR/MWh,ES,ES,day_ahead_price,value,2026-08-16T21:17:48Z
2026-08-16T21:11:07Z,2026-08-16T23:11:07+0200,bac882e5-42a3-48ea-b8e2-c8e889704767,2026-08-14T05:15:00Z,2026-08-14T07:15:00+0200,182.02,EUR/MWh,ES,ES,day_ahead_price,value,2026-08-16T21:17:48Z
2026-08-16T21:11:07Z,2026-08-16T23:11:07+0200,bac882e5-42a3-48ea-b8e2-c8e889704767,2026-08-14T05:30:00Z,2026-08-14T07:30:00+0200,182.02,EUR/MWh,ES,ES,day_ahead_price,value,2026-08-16T21:17:48Z
2026-08-16T21:11:07Z,2026-08-16T23:11:07+0200,bac882e5-42a3-48ea-b8e2-c8e889704767,2026-08-14T05:45:00Z,2026-08-14T07:45:00+0200,180.14,EUR/MWh,ES,ES,day_ahead_price,value,2026-08-16T21:17:48Z
2026-08-16T21:11:07Z,2026-08-16T23:11:07+0200,bac882e5-42a3-48ea-b8e2-c8e889704767,2026-08-14T06:00:00Z,2026-08-14T08:00:00+0200,184.02,EUR/MWh,ES,ES,day_ahead_price,value,2026-08-16T21:17:48Z
2026-08-16T21:11:07Z,2026-08-16T23:11:07+0200,bac882e5-42a3-48ea-b8e2-c8e889704767,2026-08-14T06:15:00Z,2026-08-14T08:15:00+0200,168.59,EUR/MWh,ES,ES,day_ahead_price,value,2026-08-16T21:17:48Z
2026-08-16T21:11:07Z,2026-08-16T23:11:07+0200,bac882e5-42a3-48ea-b8e2-c8e889704767,2026-08-14T06:30:00Z,2026-08-14T08:30:00+0200,145.6,EUR/MWh,ES,ES,day_ahead_price,value,2026-08-16T21:17:48Z
2026-08-16T21:11:07Z,2026-08-16T23:11:07+0200,bac882e5-42a3-48ea-b8e2-c8e889704767,2026-08-14T06:45:00Z,2026-08-14T08:45:00+0200,127.13,EUR/MWh,ES,ES,day_ahead_price,value,2026-08-16T21:17:48Z
2026-08-16T21:11:07Z,2026-08-16T23:11:07+0200,bac882e5-42a3-48ea-b8e2-c8e889704767,2026-08-14T07:00:00Z,2026-08-14T09:00:00+0200,163.18,EUR/MWh,ES,ES,day_ahead_price,value,2026-08-16T21:17:48Z
2026-08-16T21:11:07Z,2026-08-16T23:11:07+0200,bac882e5-42a3-48ea-b8e2-c8e889704767,2026-08-14T07:15:00Z,2026-08-14T09:15:00+0200,153.0,EUR/MWh,ES,ES,day_ahead_price,value,2026-08-16T21:17:48Z
2026-08-16T21:11:07Z,2026-08-16T23:11:07+0200,bac882e5-42a3-48ea-b8e2-c8e889704767,2026-08-14T07:30:00Z,2026-08-14T09:30:00+0200,135.46,EUR/MWh,ES,ES,day_ahead_price,value,2026-08-16T21:17:48Z
2026-08-16T21:11:07Z,2026-08-16T23:11:07+0200,bac882e5-42a3-48ea-b8e2-c8e889704767,2026-08-14T07:45:00Z,2026-08-14T09:45:00+0200,100.27,EUR/MWh,ES,ES,day_ahead_price,value,2026-08-16T21:17:48Z
2026-08-16T21:11:07Z,2026-08-16T23:11:07+0200,bac882e5-42a3-48ea-b8e2-c8e889704767,2026-08-14T08:00:00Z,2026-08-14T10:00:00+0200,119.0,EUR/MWh,ES,ES,day_ahead_price,value,2026-08-16T21:17:48Z
2026-08-16T21:11:07Z,2026-08-16T23:11:07+0200,bac882e5-42a3-48ea-b8e2-c8e889704767,2026-08-14T08:15:00Z,2026-08-14T10:15:00+0200,100.0,EUR/MWh,ES,ES,day_ahead_price,value,2026-08-16T21:17:48Z
2026-08-16T21:11:07Z,2026-08-16T23:11:07+0200,bac882e5-42a3-48ea-b8e2-c8e889704767,2026-08-14T08:30:00Z,2026-08-14T10:30:00+0200,95.23,EUR/MWh,ES,ES,day_ahead_price,value,2026-08-16T21:17:48Z
2026-08-16T21:11:07Z,2026-08-16T23:11:07+0200,bac882e5-42a3-48ea-b8e2-c8e889704767,2026-08-14T08:45:00Z,2026-08-14T10:45:00+0200,81.76,EUR/MWh,ES,ES,day_ahead_price,value,2026-08-16T21:17:48Z
2026-08-16T21:11:07Z,2026-08-16T23:11:07+0200,bac882e5-42a3-48ea-b8e2-c8e889704767,2026-08-14T09:00:00Z,2026-08-14T11:00:00+0200,78.91,EUR/MWh,ES,ES,day_ahead_price,value,2026-08-16T21:17:48Z
2026-08-16T21:11:07Z,2026-08-16T23:11:07+0200,bac882e5-42a3-48ea-b8e2-c8e889704767,2026-08-14T09:15:00Z,2026-08-14T11:15:00+0200,41.7,EUR/MWh,ES,ES,day_ahead_price,value,2026-08-16T21:17:48Z
2026-08-16T21:11:07Z,2026-08-16T23:11:07+0200,bac882e5-42a3-48ea-b8e2-c8e889704767,2026-08-14T09:30:00Z,2026-08-14T11:30:00+0200,38.77,EUR/MWh,ES,ES,day_ahead_price,value,2026-08-16T21:17:48Z
2026-08-16T21:11:07Z,2026-08-16T23:11:07+0200,bac882e5-42a3-48ea-b8e2-c8e889704767,2026-08-14T09:45:00Z,2026-08-14T11:45:00+0200,38.55,EUR/MWh,ES,ES,day_ahead_price,value,2026-08-16T21:17:48Z
2026-08-16T21:11:07Z,2026-08-16T23:11:07+0200,bac882e5-42a3-48ea-b8e2-c8e889704767,2026-08-14T10:00:00Z,2026-08-14T12:00:00+0200,50.0,EUR/MWh,ES,ES,day_ahead_price,value,2026-08-16T21:17:48Z
2026-08-16T21:11:07Z,2026-08-16T23:11:07+0200,bac882e5-42a3-48ea-b8e2-c8e889704767,2026-08-14T10:15:00Z,2026-08-14T12:15:00+0200,44.71,EUR/MWh,ES,ES,day_ahead_price,value,2026-08-16T21:17:48Z
2026-08-16T21:11:07Z,2026-08-16T23:11:07+0200,bac882e5-42a3-48ea-b8e2-c8e889704767,2026-08-14T10:30:00Z,2026-08-14T12:30:00+0200,38.77,EUR/MWh,ES,ES,day_ahead_price,value,2026-08-16T21:17:48Z
2026-08-16T21:11:07Z,2026-08-16T23:11:07+0200,bac882e5-42a3-48ea-b8e2-c8e889704767,2026-08-14T10:45:00Z,2026-08-14T12:45:00+0200,35.57,EUR/MWh,ES,ES,day_ahead_price,value,2026-08-16T21:17:48Z
2026-08-16T21:11:07Z,2026-08-16T23:11:07+0200,bac882e5-42a3-48ea-b8e2-c8e889704767,2026-08-14T11:00:00Z,2026-08-14T13:00:00+0200,37.1,EUR/MWh,ES,ES,day_ahead_price,value,2026-08-16T21:17:48Z
2026-08-16T21:11:07Z,2026-08-16T23:11:07+0200,bac882e5-42a3-48ea-b8e2-c8e889704767,2026-08-14T11:15:00Z,2026-08-14T13:15:00+0200,36.55,EUR/MWh,ES,ES,day_ahead_price,value,2026-08-16T21:17:48Z
2026-08-16T21:11:07Z,2026-08-16T23:11:07+0200,bac882e5-42a3-48ea-b8e2-c8e889704767,2026-08-14T11:30:00Z,2026-08-14T13:30:00+0200,30.0,EUR/MWh,ES,ES,day_ahead_price,value,2026-08-16T21:17:48Z
2026-08-16T21:11:07Z,2026-08-16T23:11:07+0200,bac882e5-42a3-48ea-b8e2-c8e889704767,2026-08-14T11:45:00Z,2026-08-14T13:45:00+0200,30.01,EUR/MWh,ES,ES,day_ahead_price,value,2026-08-16T21:17:48Z
2026-08-16T21:11:07Z,2026-08-16T23:11:07+0200,bac882e5-42a3-48ea-b8e2-c8e889704767,2026-08-14T12:00:00Z,2026-08-14T14:00:00+0200,44.14,EUR/MWh,ES,ES,day_ahead_price,value,2026-08-16T21:17:48Z
2026-08-16T21:11:07Z,2026-08-16T23:11:07+0200,bac882e5-42a3-48ea-b8e2-c8e889704767,2026-08-14T12:15:00Z,2026-08-14T14:15:00+0200,50.14,EUR/MWh,ES,ES,day_ahead_price,value,2026-08-16T21:17:48Z
2026-08-16T21:11:07Z,2026-08-16T23:11:07+0200,bac882e5-42a3-48ea-b8e2-c8e889704767,2026-08-14T12:30:00Z,2026-08-14T14:30:00+0200,50.0,EUR/MWh,ES,ES,day_ahead_price,value,2026-08-16T21:17:48Z
2026-08-16T21:11:07Z,2026-08-16T23:11:07+0200,bac882e5-42a3-48ea-b8e2-c8e889704767,2026-08-14T12:45:00Z,2026-08-14T14:45:00+0200,58.16,EUR/MWh,ES,ES,day_ahead_price,value,2026-08-16T21:17:48Z
2026-08-16T21:11:07Z,2026-08-16T23:11:07+0200,bac882e5-42a3-48ea-b8e2-c8e889704767,2026-08-14T13:00:00Z,2026-08-14T15:00:00+0200,59.56,EUR/MWh,ES,ES,day_ahead_price,value,2026-08-16T21:17:48Z
2026-08-16T21:11:07Z,2026-08-16T23:11:07+0200,bac882e5-42a3-48ea-b8e2-c8e889704767,2026-08-14T13:15:00Z,2026-08-14T15:15:00+0200,64.29,EUR/MWh,ES,ES,day_ahead_price,value,2026-08-16T21:17:48Z
2026-08-16T21:11:07Z,2026-08-16T23:11:07+0200,bac882e5-42a3-48ea-b8e2-c8e889704767,2026-08-14T13:30:00Z,2026-08-14T15:30:00+0200,80.0,EUR/MWh,ES,ES,day_ahead_price,value,2026-08-16T21:17:48Z
2026-08-16T21:11:07Z,2026-08-16T23:11:07+0200,bac882e5-42a3-48ea-b8e2-c8e889704767,2026-08-14T13:45:00Z,2026-08-14T15:45:00+0200,84.25,EUR/MWh,ES,ES,day_ahead_price,value,2026-08-16T21:17:48Z
2026-08-16T21:11:07Z,2026-08-16T23:11:07+0200,bac882e5-42a3-48ea-b8e2-c8e889704767,2026-08-14T14:00:00Z,2026-08-14T16:00:00+0200,84.25,EUR/MWh,ES,ES,day_ahead_price,value,2026-08-16T21:17:48Z
2026-08-16T21:11:07Z,2026-08-16T23:11:07+0200,bac882e5-42a3-48ea-b8e2-c8e889704767,2026-08-14T14:15:00Z,2026-08-14T16:15:00+0200,88.89,EUR/MWh,ES,ES,day_ahead_price,value,2026-08-16T21:17:48Z
2026-08-16T21:11:07Z,2026-08-16T23:11:07+0200,bac882e5-42a3-48ea-b8e2-c8e889704767,2026-08-14T14:30:00Z,2026-08-14T16:30:00+0200,92.96,EUR/MWh,ES,ES,day_ahead_price,value,2026-08-16T21:17:48Z
2026-08-16T21:11:07Z,2026-08-16T23:11:07+0200,bac882e5-42a3-48ea-b8e2-c8e889704767,2026-08-14T14:45:00Z,2026-08-14T16:45:00+0200,95.06,EUR/MWh,ES,ES,day_ahead_price,value,2026-08-16T21:17:48Z
2026-08-16T21:11:07Z,2026-08-16T23:11:07+0200,bac882e5-42a3-48ea-b8e2-c8e889704767,2026-08-14T15:00:00Z,2026-08-14T17:00:00+0200,100.27,EUR/MWh,ES,ES,day_ahead_price,value,2026-08-16T21:17:48Z
2026-08-16T21:11:07Z,2026-08-16T23:11:07+0200,bac882e5-42a3-48ea-b8e2-c8e889704767,2026-08-14T15:15:00Z,2026-08-14T17:15:00+0200,102.5,EUR/MWh,ES,ES,day_ahead_price,value,2026-08-16T21:17:48Z
2026-08-16T21:11:07Z,2026-08-16T23:11:07+0200,bac882e5-42a3-48ea-b8e2-c8e889704767,2026-08-14T15:30:00Z,2026-08-14T17:30:00+0200,114.0,EUR/MWh,ES,ES,day_ahead_price,value,2026-08-16T21:17:48Z
2026-08-16T21:11:07Z,2026-08-16T23:11:07+0200,bac882e5-42a3-48ea-b8e2-c8e889704767,2026-08-14T15:45:00Z,2026-08-14T17:45:00+0200,123.8,EUR/MWh,ES,ES,day_ahead_price,value,2026-08-16T21:17:48Z
2026-08-16T21:11:07Z,2026-08-16T23:11:07+0200,bac882e5-42a3-48ea-b8e2-c8e889704767,2026-08-14T16:00:00Z,2026-08-14T18:00:00+0200,112.0,EUR/MWh,ES,ES,day_ahead_price,value,2026-08-16T21:17:48Z
2026-08-16T21:11:07Z,2026-08-16T23:11:07+0200,bac882e5-42a3-48ea-b8e2-c8e889704767,2026-08-14T16:15:00Z,2026-08-14T18:15:00+0200,130.19,EUR/MWh,ES,ES,day_ahead_price,value,2026-08-16T21:17:48Z
2026-08-16T21:11:07Z,2026-08-16T23:11:07+0200,bac882e5-42a3-48ea-b8e2-c8e889704767,2026-08-14T16:30:00Z,2026-08-14T18:30:00+0200,130.19,EUR/MWh,ES,ES,day_ahead_price,value,2026-08-16T21:17:48Z
2026-08-16T21:11:07Z,2026-08-16T23:11:07+0200,bac882e5-42a3-48ea-b8e2-c8e889704767,2026-08-14T16:45:00Z,2026-08-14T18:45:00+0200,159.32,EUR/MWh,ES,ES,day_ahead_price,value,2026-08-16T21:17:48Z
2026-08-16T21:11:07Z,2026-08-16T23:11:07+0200,bac882e5-42a3-48ea-b8e2-c8e889704767,2026-08-14T17:00:00Z,2026-08-14T19:00:00+0200,132.42,EUR/MWh,ES,ES,day_ahead_price,value,2026-08-16T21:17:48Z
2026-08-16T21:11:07Z,2026-08-16T23:11:07+0200,bac882e5-42a3-48ea-b8e2-c8e889704767,2026-08-14T17:15:00Z,2026-08-14T19:15:00+0200,157.29,EUR/MWh,ES,ES,day_ahead_price,value,2026-08-16T21:17:48Z
2026-08-16T21:11:07Z,2026-08-16T23:11:07+0200,bac882e5-42a3-48ea-b8e2-c8e889704767,2026-08-14T17:30:00Z,2026-08-14T19:30:00+0200,173.56,EUR/MWh,ES,ES,day_ahead_price,value,2026-08-16T21:17:48Z
2026-08-16T21:11:07Z,2026-08-16T23:11:07+0200,bac882e5-42a3-48ea-b8e2-c8e889704767,2026-08-14T17:45:00Z,2026-08-14T19:45:00+0200,183.19,EUR/MWh,ES,ES,day_ahead_price,value,2026-08-16T21:17:48Z
2026-08-16T21:11:07Z,2026-08-16T23:11:07+0200,bac882e5-42a3-48ea-b8e2-c8e889704767,2026-08-14T18:00:00Z,2026-08-14T20:00:00+0200,176.0,EUR/MWh,ES,ES,day_ahead_price,value,2026-08-16T21:17:48Z
2026-08-16T21:11:07Z,2026-08-16T23:11:07+0200,bac882e5-42a3-48ea-b8e2-c8e889704767,2026-08-14T18:15:00Z,2026-08-14T20:15:00+0200,185.52,EUR/MWh,ES,ES,day_ahead_price,value,2026-08-16T21:17:48Z
2026-08-16T21:11:07Z,2026-08-16T23:11:07+0200,bac882e5-42a3-48ea-b8e2-c8e889704767,2026-08-14T18:30:00Z,2026-08-14T20:30:00+0200,216.01,EUR/MWh,ES,ES,day_ahead_price,value,2026-08-16T21:17:48Z
2026-08-16T21:11:07Z,2026-08-16T23:11:07+0200,bac882e5-42a3-48ea-b8e2-c8e889704767,2026-08-14T18:45:00Z,2026-08-14T20:45:00+0200,233.02,EUR/MWh,ES,ES,day_ahead_price,value,2026-08-16T21:17:48Z
2026-08-16T21:11:07Z,2026-08-16T23:11:07+0200,bac882e5-42a3-48ea-b8e2-c8e889704767,2026-08-14T19:00:00Z,2026-08-14T21:00:00+0200,252.5,EUR/MWh,ES,ES,day_ahead_price,value,2026-08-16T21:17:48Z
2026-08-16T21:11:07Z,2026-08-16T23:11:07+0200,bac882e5-42a3-48ea-b8e2-c8e889704767,2026-08-14T19:15:00Z,2026-08-14T21:15:00+0200,234.83,EUR/MWh,ES,ES,day_ahead_price,value,2026-08-16T21:17:48Z
2026-08-16T21:11:07Z,2026-08-16T23:11:07+0200,bac882e5-42a3-48ea-b8e2-c8e889704767,2026-08-14T19:30:00Z,2026-08-14T21:30:00+0200,229.0,EUR/MWh,ES,ES,day_ahead_price,value,2026-08-16T21:17:48Z
2026-08-16T21:11:07Z,2026-08-16T23:11:07+0200,bac882e5-42a3-48ea-b8e2-c8e889704767,2026-08-14T19:45:00Z,2026-08-14T21:45:00+0200,209.95,EUR/MWh,ES,ES,day_ahead_price,value,2026-08-16T21:17:48Z
2026-08-16T21:11:07Z,2026-08-16T23:11:07+0200,bac882e5-42a3-48ea-b8e2-c8e889704767,2026-08-14T20:00:00Z,2026-08-14T22:00:00+0200,212.33,EUR/MWh,ES,ES,day_ahead_price,value,2026-08-16T21:17:48Z
2026-08-16T21:11:07Z,2026-08-16T23:11:07+0200,bac882e5-42a3-48ea-b8e2-c8e889704767,2026-08-14T20:15:00Z,2026-08-14T22:15:00+0200,198.29,EUR/MWh,ES,ES,day_ahead_price,value,2026-08-16T21:17:48Z
2026-08-16T21:11:07Z,2026-08-16T23:11:07+0200,bac882e5-42a3-48ea-b8e2-c8e889704767,2026-08-14T20:30:00Z,2026-08-14T22:30:00+0200,194.0,EUR/MWh,ES,ES,day_ahead_price,value,2026-08-16T21:17:48Z
2026-08-16T21:11:07Z,2026-08-16T23:11:07+0200,bac882e5-42a3-48ea-b8e2-c8e889704767,2026-08-14T20:45:00Z,2026-08-14T22:45:00+0200,187.38,EUR/MWh,ES,ES,day_ahead_price,value,2026-08-16T21:17:48Z
2026-08-16T21:11:07Z,2026-08-16T23:11:07+0200,bac882e5-42a3-48ea-b8e2-c8e889704767,2026-08-14T21:00:00Z,2026-08-14T23:00:00+0200,186.06,EUR/MWh,ES,ES,day_ahead_price,value,2026-08-16T21:17:48Z
2026-08-16T21:11:07Z,2026-08-16T23:11:07+0200,bac882e5-42a3-48ea-b8e2-c8e889704767,2026-08-14T21:15:00Z,2026-08-14T23:15:00+0200,182.02,EUR/MWh,ES,ES,day_ahead_price,value,2026-08-16T21:17:48Z
2026-08-16T21:11:07Z,2026-08-16T23:11:07+0200,bac882e5-42a3-48ea-b8e2-c8e889704767,2026-08-14T21:30:00Z,2026-08-14T23:30:00+0200,175.0,EUR/MWh,ES,ES,day_ahead_price,value,2026-08-16T21:17:48Z
2026-08-16T21:11:07Z,2026-08-16T23:11:07+0200,bac882e5-42a3-48ea-b8e2-c8e889704767,2026-08-14T21:45:00Z,2026-08-14T23:45:00+0200,166.99,EUR/MWh,ES,ES,day_ahead_price,value,2026-08-16T21:17:48Z
2026-08-16T21:11:07Z,2026-08-16T23:11:07+0200,bac882e5-42a3-48ea-b8e2-c8e889704767,2026-08-14T22:00:00Z,2026-08-15T00:00:00+0200,186.49,EUR/MWh,ES,ES,day_ahead_price,value,2026-08-16T21:17:48Z
2026-08-16T21:11:07Z,2026-08-16T23:11:07+0200,bac882e5-42a3-48ea-b8e2-c8e889704767,2026-08-14T22:15:00Z,2026-08-15T00:15:00+0200,182.69,EUR/MWh,ES,ES,day_ahead_price,value,2026-08-16T21:17:48Z
2026-08-16T21:11:07Z,2026-08-16T23:11:07+0200,bac882e5-42a3-48ea-b8e2-c8e889704767,2026-08-14T22:30:00Z,2026-08-15T00:30:00+0200,176.82,EUR/MWh,ES,ES,day_ahead_price,value,2026-08-16T21:17:48Z
2026-08-16T21:11:07Z,2026-08-16T23:11:07+0200,bac882e5-42a3-48ea-b8e2-c8e889704767,2026-08-14T22:45:00Z,2026-08-15T00:45:00+0200,170.0,EUR/MWh,ES,ES,day_ahead_price,value,2026-08-16T21:17:48Z
2026-08-16T21:11:07Z,2026-08-16T23:11:07+0200,bac882e5-42a3-48ea-b8e2-c8e889704767,2026-08-14T23:00:00Z,2026-08-15T01:00:00+0200,180.0,EUR/MWh,ES,ES,day_ahead_price,value,2026-08-16T21:17:48Z
2026-08-16T21:11:07Z,2026-08-16T23:11:07+0200,bac882e5-42a3-48ea-b8e2-c8e889704767,2026-08-14T23:15:00Z,2026-08-15T01:15:00+0200,174.83,EUR/MWh,ES,ES,day_ahead_price,value,2026-08-16T21:17:48Z
2026-08-16T21:11:07Z,2026-08-16T23:11:07+0200,bac882e5-42a3-48ea-b8e2-c8e889704767,2026-08-14T23:30:00Z,2026-08-15T01:30:00+0200,170.13,EUR/MWh,ES,ES,day_ahead_price,value,2026-08-16T21:17:48Z
2026-08-16T21:11:07Z,2026-08-16T23:11:07+0200,bac882e5-42a3-48ea-b8e2-c8e889704767,2026-08-14T23:45:00Z,2026-08-15T01:45:00+0200,169.1,EUR/MWh,ES,ES,day_ahead_price,value,2026-08-16T21:17:48Z
2026-08-16T21:11:07Z,2026-08-16T23:11:07+0200,bac882e5-42a3-48ea-b8e2-c8e889704767,2026-08-15T00:00:00Z,2026-08-15T02:00:00+0200,185.0,EUR/MWh,ES,ES,day_ahead_price,value,2026-08-16T21:17:48Z
2026-08-16T21:11:07Z,2026-08-16T23:11:07+0200,bac882e5-42a3-48ea-b8e2-c8e889704767,2026-08-15T00:15:00Z,2026-08-15T02:15:00+0200,182.69,EUR/MWh,ES,ES,day_ahead_price,value,2026-08-16T21:17:48Z
2026-08-16T21:11:07Z,2026-08-16T23:11:07+0200,bac882e5-42a3-48ea-b8e2-c8e889704767,2026-08-15T00:30:00Z,2026-08-15T02:30:00+0200,176.0,EUR/MWh,ES,ES,day_ahead_price,value,2026-08-16T21:17:48Z
2026-08-16T21:11:07Z,2026-08-16T23:11:07+0200,bac882e5-42a3-48ea-b8e2-c8e889704767,2026-08-15T00:45:00Z,2026-08-15T02:45:00+0200,171.07,EUR/MWh,ES,ES,day_ahead_price,value,2026-08-16T21:17:48Z
2026-08-16T21:11:07Z,2026-08-16T23:11:07+0200,bac882e5-42a3-48ea-b8e2-c8e889704767,2026-08-15T01:00:00Z,2026-08-15T03:00:00+0200,169.1,EUR/MWh,ES,ES,day_ahead_price,value,2026-08-16T21:17:48Z
2026-08-16T21:11:07Z,2026-08-16T23:11:07+0200,bac882e5-42a3-48ea-b8e2-c8e889704767,2026-08-15T01:15:00Z,2026-08-15T03:15:00+0200,163.83,EUR/MWh,ES,ES,day_ahead_price,value,2026-08-16T21:17:48Z
2026-08-16T21:11:07Z,2026-08-16T23:11:07+0200,bac882e5-42a3-48ea-b8e2-c8e889704767,2026-08-15T01:30:00Z,2026-08-15T03:30:00+0200,160.4,EUR/MWh,ES,ES,day_ahead_price,value,2026-08-16T21:17:48Z
2026-08-16T21:11:07Z,2026-08-16T23:11:07+0200,bac882e5-42a3-48ea-b8e2-c8e889704767,2026-08-15T01:45:00Z,2026-08-15T03:45:00+0200,160.4,EUR/MWh,ES,ES,day_ahead_price,value,2026-08-16T21:17:48Z
2026-08-16T21:11:07Z,2026-08-16T23:11:07+0200,bac882e5-42a3-48ea-b8e2-c8e889704767,2026-08-15T02:00:00Z,2026-08-15T04:00:00+0200,155.37,EUR/MWh,ES,ES,day_ahead_price,value,2026-08-16T21:17:48Z
2026-08-16T21:11:07Z,2026-08-16T23:11:07+0200,bac882e5-42a3-48ea-b8e2-c8e889704767,2026-08-15T02:15:00Z,2026-08-15T04:15:00+0200,154.18,EUR/MWh,ES,ES,day_ahead_price,value,2026-08-16T21:17:48Z
2026-08-16T21:11:07Z,2026-08-16T23:11:07+0200,bac882e5-42a3-48ea-b8e2-c8e889704767,2026-08-15T02:30:00Z,2026-08-15T04:30:00+0200,154.37,EUR/MWh,ES,ES,day_ahead_price,value,2026-08-16T21:17:48Z
2026-08-16T21:11:07Z,2026-08-16T23:11:07+0200,bac882e5-42a3-48ea-b8e2-c8e889704767,2026-08-15T02:45:00Z,2026-08-15T04:45:00+0200,154.14,EUR/MWh,ES,ES,day_ahead_price,value,2026-08-16T21:17:48Z
2026-08-16T21:11:07Z,2026-08-16T23:11:07+0200,bac882e5-42a3-48ea-b8e2-c8e889704767,2026-08-15T03:00:00Z,2026-08-15T05:00:00+0200,149.49,EUR/MWh,ES,ES,day_ahead_price,value,2026-08-16T21:17:48Z
2026-08-16T21:11:07Z,2026-08-16T23:11:07+0200,bac882e5-42a3-48ea-b8e2-c8e889704767,2026-08-15T03:15:00Z,2026-08-15T05:15:00+0200,150.4,EUR/MWh,ES,ES,day_ahead_price,value,2026-08-16T21:17:48Z
2026-08-16T21:11:07Z,2026-08-16T23:11:07+0200,bac882e5-42a3-48ea-b8e2-c8e889704767,2026-08-15T03:30:00Z,2026-08-15T05:30:00+0200,155.12,EUR/MWh,ES,ES,day_ahead_price,value,2026-08-16T21:17:48Z
2026-08-16T21:11:07Z,2026-08-16T23:11:07+0200,bac882e5-42a3-48ea-b8e2-c8e889704767,2026-08-15T03:45:00Z,2026-08-15T05:45:00+0200,160.36,EUR/MWh,ES,ES,day_ahead_price,value,2026-08-16T21:17:48Z
2026-08-16T21:11:07Z,2026-08-16T23:11:07+0200,bac882e5-42a3-48ea-b8e2-c8e889704767,2026-08-15T04:00:00Z,2026-08-15T06:00:00+0200,182.0,EUR/MWh,ES,ES,day_ahead_price,value,2026-08-16T21:17:48Z
2026-08-16T21:11:07Z,2026-08-16T23:11:07+0200,bac882e5-42a3-48ea-b8e2-c8e889704767,2026-08-15T04:15:00Z,2026-08-15T06:15:00+0200,186.49,EUR/MWh,ES,ES,day_ahead_price,value,2026-08-16T21:17:48Z
2026-08-16T21:11:07Z,2026-08-16T23:11:07+0200,bac882e5-42a3-48ea-b8e2-c8e889704767,2026-08-15T04:30:00Z,2026-08-15T06:30:00+0200,186.49,EUR/MWh,ES,ES,day_ahead_price,value,2026-08-16T21:17:48Z
2026-08-16T21:11:07Z,2026-08-16T23:11:07+0200,bac882e5-42a3-48ea-b8e2-c8e889704767,2026-08-15T04:45:00Z,2026-08-15T06:45:00+0200,186.49,EUR/MWh,ES,ES,day_ahead_price,value,2026-08-16T21:17:48Z
2026-08-16T21:11:07Z,2026-08-16T23:11:07+0200,bac882e5-42a3-48ea-b8e2-c8e889704767,2026-08-15T05:00:00Z,2026-08-15T07:00:00+0200,186.49,EUR/MWh,ES,ES,day_ahead_price,value,2026-08-16T21:17:48Z
2026-08-16T21:11:07Z,2026-08-16T23:11:07+0200,bac882e5-42a3-48ea-b8e2-c8e889704767,2026-08-15T05:15:00Z,2026-08-15T07:15:00+0200,182.0,EUR/MWh,ES,ES,day_ahead_price,value,2026-08-16T21:17:48Z
2026-08-16T21:11:07Z,2026-08-16T23:11:07+0200,bac882e5-42a3-48ea-b8e2-c8e889704767,2026-08-15T05:30:00Z,2026-08-15T07:30:00+0200,175.0,EUR/MWh,ES,ES,day_ahead_price,value,2026-08-16T21:17:48Z
2026-08-16T21:11:07Z,2026-08-16T23:11:07+0200,bac882e5-42a3-48ea-b8e2-c8e889704767,2026-08-15T05:45:00Z,2026-08-15T07:45:00+0200,170.0,EUR/MWh,ES,ES,day_ahead_price,value,2026-08-16T21:17:48Z
2026-08-16T21:11:07Z,2026-08-16T23:11:07+0200,bac882e5-42a3-48ea-b8e2-c8e889704767,2026-08-15T06:00:00Z,2026-08-15T08:00:00+0200,170.43,EUR/MWh,ES,ES,day_ahead_price,value,2026-08-16T21:17:48Z
2026-08-16T21:11:07Z,2026-08-16T23:11:07+0200,bac882e5-42a3-48ea-b8e2-c8e889704767,2026-08-15T06:15:00Z,2026-08-15T08:15:00+0200,155.0,EUR/MWh,ES,ES,day_ahead_price,value,2026-08-16T21:17:48Z
2026-08-16T21:11:07Z,2026-08-16T23:11:07+0200,bac882e5-42a3-48ea-b8e2-c8e889704767,2026-08-15T06:30:00Z,2026-08-15T08:30:00+0200,135.46,EUR/MWh,ES,ES,day_ahead_price,value,2026-08-16T21:17:48Z
2026-08-16T21:11:07Z,2026-08-16T23:11:07+0200,bac882e5-42a3-48ea-b8e2-c8e889704767,2026-08-15T06:45:00Z,2026-08-15T08:45:00+0200,120.79,EUR/MWh,ES,ES,day_ahead_price,value,2026-08-16T21:17:48Z
2026-08-16T21:11:07Z,2026-08-16T23:11:07+0200,bac882e5-42a3-48ea-b8e2-c8e889704767,2026-08-15T07:00:00Z,2026-08-15T09:00:00+0200,140.28,EUR/MWh,ES,ES,day_ahead_price,value,2026-08-16T21:17:48Z
2026-08-16T21:11:07Z,2026-08-16T23:11:07+0200,bac882e5-42a3-48ea-b8e2-c8e889704767,2026-08-15T07:15:00Z,2026-08-15T09:15:00+0200,100.8,EUR/MWh,ES,ES,day_ahead_price,value,2026-08-16T21:17:48Z
2026-08-16T21:11:07Z,2026-08-16T23:11:07+0200,bac882e5-42a3-48ea-b8e2-c8e889704767,2026-08-15T07:30:00Z,2026-08-15T09:30:00+0200,89.98,EUR/MWh,ES,ES,day_ahead_price,value,2026-08-16T21:17:48Z
2026-08-16T21:11:07Z,2026-08-16T23:11:07+0200,bac882e5-42a3-48ea-b8e2-c8e889704767,2026-08-15T07:45:00Z,2026-08-15T09:45:00+0200,79.75,EUR/MWh,ES,ES,day_ahead_price,value,2026-08-16T21:17:48Z
2026-08-16T21:11:07Z,2026-08-16T23:11:07+0200,bac882e5-42a3-48ea-b8e2-c8e889704767,2026-08-15T08:00:00Z,2026-08-15T10:00:00+0200,64.0,EUR/MWh,ES,ES,day_ahead_price,value,2026-08-16T21:17:48Z
2026-08-16T21:11:07Z,2026-08-16T23:11:07+0200,bac882e5-42a3-48ea-b8e2-c8e889704767,2026-08-15T08:15:00Z,2026-08-15T10:15:00+0200,32.8,EUR/MWh,ES,ES,day_ahead_price,value,2026-08-16T21:17:48Z
2026-08-16T21:11:07Z,2026-08-16T23:11:07+0200,bac882e5-42a3-48ea-b8e2-c8e889704767,2026-08-15T08:30:00Z,2026-08-15T10:30:00+0200,10.5,EUR/MWh,ES,ES,day_ahead_price,value,2026-08-16T21:17:48Z
2026-08-16T21:11:07Z,2026-08-16T23:11:07+0200,bac882e5-42a3-48ea-b8e2-c8e889704767,2026-08-15T08:45:00Z,2026-08-15T10:45:00+0200,3.43,EUR/MWh,ES,ES,day_ahead_price,value,2026-08-16T21:17:48Z
2026-08-16T21:11:07Z,2026-08-16T23:11:07+0200,bac882e5-42a3-48ea-b8e2-c8e889704767,2026-08-15T09:00:00Z,2026-08-15T11:00:00+0200,2.0,EUR/MWh,ES,ES,day_ahead_price,value,2026-08-16T21:17:48Z
2026-08-16T21:11:07Z,2026-08-16T23:11:07+0200,bac882e5-42a3-48ea-b8e2-c8e889704767,2026-08-15T09:15:00Z,2026-08-15T11:15:00+0200,1.08,EUR/MWh,ES,ES,day_ahead_price,value,2026-08-16T21:17:48Z
2026-08-16T21:11:07Z,2026-08-16T23:11:07+0200,bac882e5-42a3-48ea-b8e2-c8e889704767,2026-08-15T09:30:00Z,2026-08-15T11:30:00+0200,1.08,EUR/MWh,ES,ES,day_ahead_price,value,2026-08-16T21:17:48Z
2026-08-16T21:11:07Z,2026-08-16T23:11:07+0200,bac882e5-42a3-48ea-b8e2-c8e889704767,2026-08-15T09:45:00Z,2026-08-15T11:45:00+0200,1.08,EUR/MWh,ES,ES,day_ahead_price,value,2026-08-16T21:17:48Z
2026-08-16T21:11:07Z,2026-08-16T23:11:07+0200,bac882e5-42a3-48ea-b8e2-c8e889704767,2026-08-15T10:00:00Z,2026-08-15T12:00:00+0200,0.54,EUR/MWh,ES,ES,day_ahead_price,value,2026-08-16T21:17:48Z
2026-08-16T21:11:07Z,2026-08-16T23:11:07+0200,bac882e5-42a3-48ea-b8e2-c8e889704767,2026-08-15T10:15:00Z,2026-08-15T12:15:00+0200,0.51,EUR/MWh,ES,ES,day_ahead_price,value,2026-08-16T21:17:48Z
2026-08-16T21:11:07Z,2026-08-16T23:11:07+0200,bac882e5-42a3-48ea-b8e2-c8e889704767,2026-08-15T10:30:00Z,2026-08-15T12:30:00+0200,0.51,EUR/MWh,ES,ES,day_ahead_price,value,2026-08-16T21:17:48Z
2026-08-16T21:11:07Z,2026-08-16T23:11:07+0200,bac882e5-42a3-48ea-b8e2-c8e889704767,2026-08-15T10:45:00Z,2026-08-15T12:45:00+0200,0.71,EUR/MWh,ES,ES,day_ahead_price,value,2026-08-16T21:17:48Z
2026-08-16T21:11:07Z,2026-08-16T23:11:07+0200,bac882e5-42a3-48ea-b8e2-c8e889704767,2026-08-15T11:00:00Z,2026-08-15T13:00:00+0200,0.77,EUR/MWh,ES,ES,day_ahead_price,value,2026-08-16T21:17:48Z
2026-08-16T21:11:07Z,2026-08-16T23:11:07+0200,bac882e5-42a3-48ea-b8e2-c8e889704767,2026-08-15T11:15:00Z,2026-08-15T13:15:00+0200,1.0,EUR/MWh,ES,ES,day_ahead_price,value,2026-08-16T21:17:48Z
2026-08-16T21:11:07Z,2026-08-16T23:11:07+0200,bac882e5-42a3-48ea-b8e2-c8e889704767,2026-08-15T11:30:00Z,2026-08-15T13:30:00+0200,1.08,EUR/MWh,ES,ES,day_ahead_price,value,2026-08-16T21:17:48Z
2026-08-16T21:11:07Z,2026-08-16T23:11:07+0200,bac882e5-42a3-48ea-b8e2-c8e889704767,2026-08-15T11:45:00Z,2026-08-15T13:45:00+0200,1.08,EUR/MWh,ES,ES,day_ahead_price,value,2026-08-16T21:17:48Z
2026-08-16T21:11:07Z,2026-08-16T23:11:07+0200,bac882e5-42a3-48ea-b8e2-c8e889704767,2026-08-15T12:00:00Z,2026-08-15T14:00:00+0200,1.08,EUR/MWh,ES,ES,day_ahead_price,value,2026-08-16T21:17:48Z
2026-08-16T21:11:07Z,2026-08-16T23:11:07+0200,bac882e5-42a3-48ea-b8e2-c8e889704767,2026-08-15T12:15:00Z,2026-08-15T14:15:00+0200,1.08,EUR/MWh,ES,ES,day_ahead_price,value,2026-08-16T21:17:48Z
2026-08-16T21:11:07Z,2026-08-16T23:11:07+0200,bac882e5-42a3-48ea-b8e2-c8e889704767,2026-08-15T12:30:00Z,2026-08-15T14:30:00+0200,1.08,EUR/MWh,ES,ES,day_ahead_price,value,2026-08-16T21:17:48Z
2026-08-16T21:11:07Z,2026-08-16T23:11:07+0200,bac882e5-42a3-48ea-b8e2-c8e889704767,2026-08-15T12:45:00Z,2026-08-15T14:45:00+0200,1.08,EUR/MWh,ES,ES,day_ahead_price,value,2026-08-16T21:17:48Z
2026-08-16T21:11:07Z,2026-08-16T23:11:07+0200,bac882e5-42a3-48ea-b8e2-c8e889704767,2026-08-15T13:00:00Z,2026-08-15T15:00:00+0200,1.08,EUR/MWh,ES,ES,day_ahead_price,value,2026-08-16T21:17:48Z
2026-08-16T21:11:07Z,2026-08-16T23:11:07+0200,bac882e5-42a3-48ea-b8e2-c8e889704767,2026-08-15T13:15:00Z,2026-08-15T15:15:00+0200,1.15,EUR/MWh,ES,ES,day_ahead_price,value,2026-08-16T21:17:48Z
2026-08-16T21:11:07Z,2026-08-16T23:11:07+0200,bac882e5-42a3-48ea-b8e2-c8e889704767,2026-08-15T13:30:00Z,2026-08-15T15:30:00+0200,1.51,EUR/MWh,ES,ES,day_ahead_price,value,2026-08-16T21:17:48Z
2026-08-16T21:11:07Z,2026-08-16T23:11:07+0200,bac882e5-42a3-48ea-b8e2-c8e889704767,2026-08-15T13:45:00Z,2026-08-15T15:45:00+0200,2.0,EUR/MWh,ES,ES,day_ahead_price,value,2026-08-16T21:17:48Z
2026-08-16T21:11:07Z,2026-08-16T23:11:07+0200,bac882e5-42a3-48ea-b8e2-c8e889704767,2026-08-15T14:00:00Z,2026-08-15T16:00:00+0200,2.16,EUR/MWh,ES,ES,day_ahead_price,value,2026-08-16T21:17:48Z
2026-08-16T21:11:07Z,2026-08-16T23:11:07+0200,bac882e5-42a3-48ea-b8e2-c8e889704767,2026-08-15T14:15:00Z,2026-08-15T16:15:00+0200,2.01,EUR/MWh,ES,ES,day_ahead_price,value,2026-08-16T21:17:48Z
2026-08-16T21:11:07Z,2026-08-16T23:11:07+0200,bac882e5-42a3-48ea-b8e2-c8e889704767,2026-08-15T14:30:00Z,2026-08-15T16:30:00+0200,2.99,EUR/MWh,ES,ES,day_ahead_price,value,2026-08-16T21:17:48Z
2026-08-16T21:11:07Z,2026-08-16T23:11:07+0200,bac882e5-42a3-48ea-b8e2-c8e889704767,2026-08-15T14:45:00Z,2026-08-15T16:45:00+0200,15.01,EUR/MWh,ES,ES,day_ahead_price,value,2026-08-16T21:17:48Z
2026-08-16T21:11:07Z,2026-08-16T23:11:07+0200,bac882e5-42a3-48ea-b8e2-c8e889704767,2026-08-15T15:00:00Z,2026-08-15T17:00:00+0200,39.2,EUR/MWh,ES,ES,day_ahead_price,value,2026-08-16T21:17:48Z
2026-08-16T21:11:07Z,2026-08-16T23:11:07+0200,bac882e5-42a3-48ea-b8e2-c8e889704767,2026-08-15T15:15:00Z,2026-08-15T17:15:00+0200,79.75,EUR/MWh,ES,ES,day_ahead_price,value,2026-08-16T21:17:48Z
2026-08-16T21:11:07Z,2026-08-16T23:11:07+0200,bac882e5-42a3-48ea-b8e2-c8e889704767,2026-08-15T15:30:00Z,2026-08-15T17:30:00+0200,80.4,EUR/MWh,ES,ES,day_ahead_price,value,2026-08-16T21:17:48Z
2026-08-16T21:11:07Z,2026-08-16T23:11:07+0200,bac882e5-42a3-48ea-b8e2-c8e889704767,2026-08-15T15:45:00Z,2026-08-15T17:45:00+0200,89.73,EUR/MWh,ES,ES,day_ahead_price,value,2026-08-16T21:17:48Z
2026-08-16T21:11:07Z,2026-08-16T23:11:07+0200,bac882e5-42a3-48ea-b8e2-c8e889704767,2026-08-15T16:00:00Z,2026-08-15T18:00:00+0200,91.23,EUR/MWh,ES,ES,day_ahead_price,value,2026-08-16T21:17:48Z
2026-08-16T21:11:07Z,2026-08-16T23:11:07+0200,bac882e5-42a3-48ea-b8e2-c8e889704767,2026-08-15T16:15:00Z,2026-08-15T18:15:00+0200,109.0,EUR/MWh,ES,ES,day_ahead_price,value,2026-08-16T21:17:48Z
2026-08-16T21:11:07Z,2026-08-16T23:11:07+0200,bac882e5-42a3-48ea-b8e2-c8e889704767,2026-08-15T16:30:00Z,2026-08-15T18:30:00+0200,129.5,EUR/MWh,ES,ES,day_ahead_price,value,2026-08-16T21:17:48Z
2026-08-16T21:11:07Z,2026-08-16T23:11:07+0200,bac882e5-42a3-48ea-b8e2-c8e889704767,2026-08-15T16:45:00Z,2026-08-15T18:45:00+0200,163.85,EUR/MWh,ES,ES,day_ahead_price,value,2026-08-16T21:17:48Z
2026-08-16T21:11:07Z,2026-08-16T23:11:07+0200,bac882e5-42a3-48ea-b8e2-c8e889704767,2026-08-15T17:00:00Z,2026-08-15T19:00:00+0200,150.0,EUR/MWh,ES,ES,day_ahead_price,value,2026-08-16T21:17:48Z
2026-08-16T21:11:07Z,2026-08-16T23:11:07+0200,bac882e5-42a3-48ea-b8e2-c8e889704767,2026-08-15T17:15:00Z,2026-08-15T19:15:00+0200,172.04,EUR/MWh,ES,ES,day_ahead_price,value,2026-08-16T21:17:48Z
2026-08-16T21:11:07Z,2026-08-16T23:11:07+0200,bac882e5-42a3-48ea-b8e2-c8e889704767,2026-08-15T17:30:00Z,2026-08-15T19:30:00+0200,185.73,EUR/MWh,ES,ES,day_ahead_price,value,2026-08-16T21:17:48Z
2026-08-16T21:11:07Z,2026-08-16T23:11:07+0200,bac882e5-42a3-48ea-b8e2-c8e889704767,2026-08-15T17:45:00Z,2026-08-15T19:45:00+0200,199.1,EUR/MWh,ES,ES,day_ahead_price,value,2026-08-16T21:17:48Z
2026-08-16T21:11:07Z,2026-08-16T23:11:07+0200,bac882e5-42a3-48ea-b8e2-c8e889704767,2026-08-15T18:00:00Z,2026-08-15T20:00:00+0200,173.38,EUR/MWh,ES,ES,day_ahead_price,value,2026-08-16T21:17:48Z
2026-08-16T21:11:07Z,2026-08-16T23:11:07+0200,bac882e5-42a3-48ea-b8e2-c8e889704767,2026-08-15T18:15:00Z,2026-08-15T20:15:00+0200,182.92,EUR/MWh,ES,ES,day_ahead_price,value,2026-08-16T21:17:48Z
2026-08-16T21:11:07Z,2026-08-16T23:11:07+0200,bac882e5-42a3-48ea-b8e2-c8e889704767,2026-08-15T18:30:00Z,2026-08-15T20:30:00+0200,189.49,EUR/MWh,ES,ES,day_ahead_price,value,2026-08-16T21:17:48Z
2026-08-16T21:11:07Z,2026-08-16T23:11:07+0200,bac882e5-42a3-48ea-b8e2-c8e889704767,2026-08-15T18:45:00Z,2026-08-15T20:45:00+0200,194.17,EUR/MWh,ES,ES,day_ahead_price,value,2026-08-16T21:17:48Z
2026-08-16T21:11:07Z,2026-08-16T23:11:07+0200,bac882e5-42a3-48ea-b8e2-c8e889704767,2026-08-15T19:00:00Z,2026-08-15T21:00:00+0200,190.79,EUR/MWh,ES,ES,day_ahead_price,value,2026-08-16T21:17:48Z
2026-08-16T21:11:07Z,2026-08-16T23:11:07+0200,bac882e5-42a3-48ea-b8e2-c8e889704767,2026-08-15T19:15:00Z,2026-08-15T21:15:00+0200,204.4,EUR/MWh,ES,ES,day_ahead_price,value,2026-08-16T21:17:48Z
2026-08-16T21:11:07Z,2026-08-16T23:11:07+0200,bac882e5-42a3-48ea-b8e2-c8e889704767,2026-08-15T19:30:00Z,2026-08-15T21:30:00+0200,209.95,EUR/MWh,ES,ES,day_ahead_price,value,2026-08-16T21:17:48Z
2026-08-16T21:11:07Z,2026-08-16T23:11:07+0200,bac882e5-42a3-48ea-b8e2-c8e889704767,2026-08-15T19:45:00Z,2026-08-15T21:45:00+0200,208.95,EUR/MWh,ES,ES,day_ahead_price,value,2026-08-16T21:17:48Z
2026-08-16T21:11:07Z,2026-08-16T23:11:07+0200,bac882e5-42a3-48ea-b8e2-c8e889704767,2026-08-15T20:00:00Z,2026-08-15T22:00:00+0200,204.4,EUR/MWh,ES,ES,day_ahead_price,value,2026-08-16T21:17:48Z
2026-08-16T21:11:07Z,2026-08-16T23:11:07+0200,bac882e5-42a3-48ea-b8e2-c8e889704767,2026-08-15T20:15:00Z,2026-08-15T22:15:00+0200,200.0,EUR/MWh,ES,ES,day_ahead_price,value,2026-08-16T21:17:48Z
2026-08-16T21:11:07Z,2026-08-16T23:11:07+0200,bac882e5-42a3-48ea-b8e2-c8e889704767,2026-08-15T20:30:00Z,2026-08-15T22:30:00+0200,189.99,EUR/MWh,ES,ES,day_ahead_price,value,2026-08-16T21:17:48Z
2026-08-16T21:11:07Z,2026-08-16T23:11:07+0200,bac882e5-42a3-48ea-b8e2-c8e889704767,2026-08-15T20:45:00Z,2026-08-15T22:45:00+0200,189.49,EUR/MWh,ES,ES,day_ahead_price,value,2026-08-16T21:17:48Z
2026-08-16T21:11:07Z,2026-08-16T23:11:07+0200,bac882e5-42a3-48ea-b8e2-c8e889704767,2026-08-15T21:00:00Z,2026-08-15T23:00:00+0200,189.49,EUR/MWh,ES,ES,day_ahead_price,value,2026-08-16T21:17:48Z
2026-08-16T21:11:07Z,2026-08-16T23:11:07+0200,bac882e5-42a3-48ea-b8e2-c8e889704767,2026-08-15T21:15:00Z,2026-08-15T23:15:00+0200,187.88,EUR/MWh,ES,ES,day_ahead_price,value,2026-08-16T21:17:48Z
2026-08-16T21:11:07Z,2026-08-16T23:11:07+0200,bac882e5-42a3-48ea-b8e2-c8e889704767,2026-08-15T21:30:00Z,2026-08-15T23:30:00+0200,186.49,EUR/MWh,ES,ES,day_ahead_price,value,2026-08-16T21:17:48Z
2026-08-16T21:11:07Z,2026-08-16T23:11:07+0200,bac882e5-42a3-48ea-b8e2-c8e889704767,2026-08-15T21:45:00Z,2026-08-15T23:45:00+0200,180.0,EUR/MWh,ES,ES,day_ahead_price,value,2026-08-16T21:17:48Z
2026-08-16T21:11:07Z,2026-08-16T23:11:07+0200,bac882e5-42a3-48ea-b8e2-c8e889704767,2026-08-15T22:00:00Z,2026-08-16T00:00:00+0200,198.42,EUR/MWh,ES,ES,day_ahead_price,value,2026-08-16T21:17:48Z
2026-08-16T21:11:07Z,2026-08-16T23:11:07+0200,bac882e5-42a3-48ea-b8e2-c8e889704767,2026-08-15T22:15:00Z,2026-08-16T00:15:00+0200,191.1,EUR/MWh,ES,ES,day_ahead_price,value,2026-08-16T21:17:48Z
2026-08-16T21:11:07Z,2026-08-16T23:11:07+0200,bac882e5-42a3-48ea-b8e2-c8e889704767,2026-08-15T22:30:00Z,2026-08-16T00:30:00+0200,188.27,EUR/MWh,ES,ES,day_ahead_price,value,2026-08-16T21:17:48Z
2026-08-16T21:11:07Z,2026-08-16T23:11:07+0200,bac882e5-42a3-48ea-b8e2-c8e889704767,2026-08-15T22:45:00Z,2026-08-16T00:45:00+0200,188.27,EUR/MWh,ES,ES,day_ahead_price,value,2026-08-16T21:17:48Z
2026-08-16T21:11:07Z,2026-08-16T23:11:07+0200,bac882e5-42a3-48ea-b8e2-c8e889704767,2026-08-15T23:00:00Z,2026-08-16T01:00:00+0200,185.77,EUR/MWh,ES,ES,day_ahead_price,value,2026-08-16T21:17:48Z
2026-08-16T21:11:07Z,2026-08-16T23:11:07+0200,bac882e5-42a3-48ea-b8e2-c8e889704767,2026-08-15T23:15:00Z,2026-08-16T01:15:00+0200,184.77,EUR/MWh,ES,ES,day_ahead_price,value,2026-08-16T21:17:48Z
2026-08-16T21:11:07Z,2026-08-16T23:11:07+0200,bac882e5-42a3-48ea-b8e2-c8e889704767,2026-08-15T23:30:00Z,2026-08-16T01:30:00+0200,180.4,EUR/MWh,ES,ES,day_ahead_price,value,2026-08-16T21:17:48Z
2026-08-16T21:11:07Z,2026-08-16T23:11:07+0200,bac882e5-42a3-48ea-b8e2-c8e889704767,2026-08-15T23:45:00Z,2026-08-16T01:45:00+0200,175.0,EUR/MWh,ES,ES,day_ahead_price,value,2026-08-16T21:17:48Z
2026-08-16T21:11:07Z,2026-08-16T23:11:07+0200,bac882e5-42a3-48ea-b8e2-c8e889704767,2026-08-16T00:00:00Z,2026-08-16T02:00:00+0200,182.69,EUR/MWh,ES,ES,day_ahead_price,value,2026-08-16T21:17:48Z
2026-08-16T21:11:07Z,2026-08-16T23:11:07+0200,bac882e5-42a3-48ea-b8e2-c8e889704767,2026-08-16T00:15:00Z,2026-08-16T02:15:00+0200,180.4,EUR/MWh,ES,ES,day_ahead_price,value,2026-08-16T21:17:48Z
2026-08-16T21:11:07Z,2026-08-16T23:11:07+0200,bac882e5-42a3-48ea-b8e2-c8e889704767,2026-08-16T00:30:00Z,2026-08-16T02:30:00+0200,176.8,EUR/MWh,ES,ES,day_ahead_price,value,2026-08-16T21:17:48Z
2026-08-16T21:11:07Z,2026-08-16T23:11:07+0200,bac882e5-42a3-48ea-b8e2-c8e889704767,2026-08-16T00:45:00Z,2026-08-16T02:45:00+0200,174.91,EUR/MWh,ES,ES,day_ahead_price,value,2026-08-16T21:17:48Z
2026-08-16T21:11:07Z,2026-08-16T23:11:07+0200,bac882e5-42a3-48ea-b8e2-c8e889704767,2026-08-16T01:00:00Z,2026-08-16T03:00:00+0200,184.77,EUR/MWh,ES,ES,day_ahead_price,value,2026-08-16T21:17:48Z
2026-08-16T21:11:07Z,2026-08-16T23:11:07+0200,bac882e5-42a3-48ea-b8e2-c8e889704767,2026-08-16T01:15:00Z,2026-08-16T03:15:00+0200,182.69,EUR/MWh,ES,ES,day_ahead_price,value,2026-08-16T21:17:48Z
2026-08-16T21:11:07Z,2026-08-16T23:11:07+0200,bac882e5-42a3-48ea-b8e2-c8e889704767,2026-08-16T01:30:00Z,2026-08-16T03:30:00+0200,180.4,EUR/MWh,ES,ES,day_ahead_price,value,2026-08-16T21:17:48Z
2026-08-16T21:11:07Z,2026-08-16T23:11:07+0200,bac882e5-42a3-48ea-b8e2-c8e889704767,2026-08-16T01:45:00Z,2026-08-16T03:45:00+0200,180.0,EUR/MWh,ES,ES,day_ahead_price,value,2026-08-16T21:17:48Z
2026-08-16T21:11:07Z,2026-08-16T23:11:07+0200,bac882e5-42a3-48ea-b8e2-c8e889704767,2026-08-16T02:00:00Z,2026-08-16T04:00:00+0200,171.44,EUR/MWh,ES,ES,day_ahead_price,value,2026-08-16T21:17:48Z
2026-08-16T21:11:07Z,2026-08-16T23:11:07+0200,bac882e5-42a3-48ea-b8e2-c8e889704767,2026-08-16T02:15:00Z,2026-08-16T04:15:00+0200,167.94,EUR/MWh,ES,ES,day_ahead_price,value,2026-08-16T21:17:48Z
2026-08-16T21:11:07Z,2026-08-16T23:11:07+0200,bac882e5-42a3-48ea-b8e2-c8e889704767,2026-08-16T02:30:00Z,2026-08-16T04:30:00+0200,165.02,EUR/MWh,ES,ES,day_ahead_price,value,2026-08-16T21:17:48Z
2026-08-16T21:11:07Z,2026-08-16T23:11:07+0200,bac882e5-42a3-48ea-b8e2-c8e889704767,2026-08-16T02:45:00Z,2026-08-16T04:45:00+0200,164.5,EUR/MWh,ES,ES,day_ahead_price,value,2026-08-16T21:17:48Z
2026-08-16T21:11:07Z,2026-08-16T23:11:07+0200,bac882e5-42a3-48ea-b8e2-c8e889704767,2026-08-16T03:00:00Z,2026-08-16T05:00:00+0200,161.32,EUR/MWh,ES,ES,day_ahead_price,value,2026-08-16T21:17:48Z
2026-08-16T21:11:07Z,2026-08-16T23:11:07+0200,bac882e5-42a3-48ea-b8e2-c8e889704767,2026-08-16T03:15:00Z,2026-08-16T05:15:00+0200,161.32,EUR/MWh,ES,ES,day_ahead_price,value,2026-08-16T21:17:48Z
2026-08-16T21:11:07Z,2026-08-16T23:11:07+0200,bac882e5-42a3-48ea-b8e2-c8e889704767,2026-08-16T03:30:00Z,2026-08-16T05:30:00+0200,164.58,EUR/MWh,ES,ES,day_ahead_price,value,2026-08-16T21:17:48Z
2026-08-16T21:11:07Z,2026-08-16T23:11:07+0200,bac882e5-42a3-48ea-b8e2-c8e889704767,2026-08-16T03:45:00Z,2026-08-16T05:45:00+0200,165.59,EUR/MWh,ES,ES,day_ahead_price,value,2026-08-16T21:17:48Z
2026-08-16T21:11:07Z,2026-08-16T23:11:07+0200,bac882e5-42a3-48ea-b8e2-c8e889704767,2026-08-16T04:00:00Z,2026-08-16T06:00:00+0200,161.2,EUR/MWh,ES,ES,day_ahead_price,value,2026-08-16T21:17:48Z
2026-08-16T21:11:07Z,2026-08-16T23:11:07+0200,bac882e5-42a3-48ea-b8e2-c8e889704767,2026-08-16T04:15:00Z,2026-08-16T06:15:00+0200,160.0,EUR/MWh,ES,ES,day_ahead_price,value,2026-08-16T21:17:48Z
2026-08-16T21:11:07Z,2026-08-16T23:11:07+0200,bac882e5-42a3-48ea-b8e2-c8e889704767,2026-08-16T04:30:00Z,2026-08-16T06:30:00+0200,157.41,EUR/MWh,ES,ES,day_ahead_price,value,2026-08-16T21:17:48Z
2026-08-16T21:11:07Z,2026-08-16T23:11:07+0200,bac882e5-42a3-48ea-b8e2-c8e889704767,2026-08-16T04:45:00Z,2026-08-16T06:45:00+0200,157.41,EUR/MWh,ES,ES,day_ahead_price,value,2026-08-16T21:17:48Z
2026-08-16T21:11:07Z,2026-08-16T23:11:07+0200,bac882e5-42a3-48ea-b8e2-c8e889704767,2026-08-16T05:00:00Z,2026-08-16T07:00:00+0200,160.0,EUR/MWh,ES,ES,day_ahead_price,value,2026-08-16T21:17:48Z
2026-08-16T21:11:07Z,2026-08-16T23:11:07+0200,bac882e5-42a3-48ea-b8e2-c8e889704767,2026-08-16T05:15:00Z,2026-08-16T07:15:00+0200,154.6,EUR/MWh,ES,ES,day_ahead_price,value,2026-08-16T21:17:48Z
2026-08-16T21:11:07Z,2026-08-16T23:11:07+0200,bac882e5-42a3-48ea-b8e2-c8e889704767,2026-08-16T05:30:00Z,2026-08-16T07:30:00+0200,156.2,EUR/MWh,ES,ES,day_ahead_price,value,2026-08-16T21:17:48Z
2026-08-16T21:11:07Z,2026-08-16T23:11:07+0200,bac882e5-42a3-48ea-b8e2-c8e889704767,2026-08-16T05:45:00Z,2026-08-16T07:45:00+0200,163.55,EUR/MWh,ES,ES,day_ahead_price,value,2026-08-16T21:17:48Z
2026-08-16T21:11:07Z,2026-08-16T23:11:07+0200,bac882e5-42a3-48ea-b8e2-c8e889704767,2026-08-16T06:00:00Z,2026-08-16T08:00:00+0200,185.77,EUR/MWh,ES,ES,day_ahead_price,value,2026-08-16T21:17:48Z
2026-08-16T21:11:07Z,2026-08-16T23:11:07+0200,bac882e5-42a3-48ea-b8e2-c8e889704767,2026-08-16T06:15:00Z,2026-08-16T08:15:00+0200,175.0,EUR/MWh,ES,ES,day_ahead_price,value,2026-08-16T21:17:48Z
2026-08-16T21:11:07Z,2026-08-16T23:11:07+0200,bac882e5-42a3-48ea-b8e2-c8e889704767,2026-08-16T06:30:00Z,2026-08-16T08:30:00+0200,139.38,EUR/MWh,ES,ES,day_ahead_price,value,2026-08-16T21:17:48Z
2026-08-16T21:11:07Z,2026-08-16T23:11:07+0200,bac882e5-42a3-48ea-b8e2-c8e889704767,2026-08-16T06:45:00Z,2026-08-16T08:45:00+0200,121.38,EUR/MWh,ES,ES,day_ahead_price,value,2026-08-16T21:17:48Z
2026-08-16T21:11:07Z,2026-08-16T23:11:07+0200,bac882e5-42a3-48ea-b8e2-c8e889704767,2026-08-16T07:00:00Z,2026-08-16T09:00:00+0200,148.0,EUR/MWh,ES,ES,day_ahead_price,value,2026-08-16T21:17:48Z
2026-08-16T21:11:07Z,2026-08-16T23:11:07+0200,bac882e5-42a3-48ea-b8e2-c8e889704767,2026-08-16T07:15:00Z,2026-08-16T09:15:00+0200,100.0,EUR/MWh,ES,ES,day_ahead_price,value,2026-08-16T21:17:48Z
2026-08-16T21:11:07Z,2026-08-16T23:11:07+0200,bac882e5-42a3-48ea-b8e2-c8e889704767,2026-08-16T07:30:00Z,2026-08-16T09:30:00+0200,89.4,EUR/MWh,ES,ES,day_ahead_price,value,2026-08-16T21:17:48Z
2026-08-16T21:11:07Z,2026-08-16T23:11:07+0200,bac882e5-42a3-48ea-b8e2-c8e889704767,2026-08-16T07:45:00Z,2026-08-16T09:45:00+0200,55.0,EUR/MWh,ES,ES,day_ahead_price,value,2026-08-16T21:17:48Z
2026-08-16T21:11:07Z,2026-08-16T23:11:07+0200,bac882e5-42a3-48ea-b8e2-c8e889704767,2026-08-16T08:00:00Z,2026-08-16T10:00:00+0200,38.77,EUR/MWh,ES,ES,day_ahead_price,value,2026-08-16T21:17:48Z
2026-08-16T21:11:07Z,2026-08-16T23:11:07+0200,bac882e5-42a3-48ea-b8e2-c8e889704767,2026-08-16T08:15:00Z,2026-08-16T10:15:00+0200,5.01,EUR/MWh,ES,ES,day_ahead_price,value,2026-08-16T21:17:48Z
2026-08-16T21:11:07Z,2026-08-16T23:11:07+0200,bac882e5-42a3-48ea-b8e2-c8e889704767,2026-08-16T08:30:00Z,2026-08-16T10:30:00+0200,1.5,EUR/MWh,ES,ES,day_ahead_price,value,2026-08-16T21:17:48Z
2026-08-16T21:11:07Z,2026-08-16T23:11:07+0200,bac882e5-42a3-48ea-b8e2-c8e889704767,2026-08-16T08:45:00Z,2026-08-16T10:45:00+0200,1.08,EUR/MWh,ES,ES,day_ahead_price,value,2026-08-16T21:17:48Z
2026-08-16T21:11:07Z,2026-08-16T23:11:07+0200,bac882e5-42a3-48ea-b8e2-c8e889704767,2026-08-16T09:00:00Z,2026-08-16T11:00:00+0200,0.51,EUR/MWh,ES,ES,day_ahead_price,value,2026-08-16T21:17:48Z
2026-08-16T21:11:07Z,2026-08-16T23:11:07+0200,bac882e5-42a3-48ea-b8e2-c8e889704767,2026-08-16T09:15:00Z,2026-08-16T11:15:00+0200,0.01,EUR/MWh,ES,ES,day_ahead_price,value,2026-08-16T21:17:48Z
2026-08-16T21:11:07Z,2026-08-16T23:11:07+0200,bac882e5-42a3-48ea-b8e2-c8e889704767,2026-08-16T09:30:00Z,2026-08-16T11:30:00+0200,0.0,EUR/MWh,ES,ES,day_ahead_price,value,2026-08-16T21:17:48Z
2026-08-16T21:11:07Z,2026-08-16T23:11:07+0200,bac882e5-42a3-48ea-b8e2-c8e889704767,2026-08-16T09:45:00Z,2026-08-16T11:45:00+0200,0.0,EUR/MWh,ES,ES,day_ahead_price,value,2026-08-16T21:17:48Z
2026-08-16T21:11:07Z,2026-08-16T23:11:07+0200,bac882e5-42a3-48ea-b8e2-c8e889704767,2026-08-16T10:00:00Z,2026-08-16T12:00:00+0200,0.0,EUR/MWh,ES,ES,day_ahead_price,value,2026-08-16T21:17:48Z
2026-08-16T21:11:07Z,2026-08-16T23:11:07+0200,bac882e5-42a3-48ea-b8e2-c8e889704767,2026-08-16T10:15:00Z,2026-08-16T12:15:00+0200,0.0,EUR/MWh,ES,ES,day_ahead_price,value,2026-08-16T21:17:48Z
2026-08-16T21:11:07Z,2026-08-16T23:11:07+0200,bac882e5-42a3-48ea-b8e2-c8e889704767,2026-08-16T10:30:00Z,2026-08-16T12:30:00+0200,0.0,EUR/MWh,ES,ES,day_ahead_price,value,2026-08-16T21:17:48Z
2026-08-16T21:11:07Z,2026-08-16T23:11:07+0200,bac882e5-42a3-48ea-b8e2-c8e889704767,2026-08-16T10:45:00Z,2026-08-16T12:45:00+0200,0.0,EUR/MWh,ES,ES,day_ahead_price,value,2026-08-16T21:17:48Z
2026-08-16T21:11:07Z,2026-08-16T23:11:07+0200,bac882e5-42a3-48ea-b8e2-c8e889704767,2026-08-16T11:00:00Z,2026-08-16T13:00:00+0200,0.0,EUR/MWh,ES,ES,day_ahead_price,value,2026-08-16T21:17:48Z
2026-08-16T21:11:07Z,2026-08-16T23:11:07+0200,bac882e5-42a3-48ea-b8e2-c8e889704767,2026-08-16T11:15:00Z,2026-08-16T13:15:00+0200,0.0,EUR/MWh,ES,ES,day_ahead_price,value,2026-08-16T21:17:48Z
2026-08-16T21:11:07Z,2026-08-16T23:11:07+0200,bac882e5-42a3-48ea-b8e2-c8e889704767,2026-08-16T11:30:00Z,2026-08-16T13:30:00+0200,0.0,EUR/MWh,ES,ES,day_ahead_price,value,2026-08-16T21:17:48Z
2026-08-16T21:11:07Z,2026-08-16T23:11:07+0200,bac882e5-42a3-48ea-b8e2-c8e889704767,2026-08-16T11:45:00Z,2026-08-16T13:45:00+0200,0.01,EUR/MWh,ES,ES,day_ahead_price,value,2026-08-16T21:17:48Z
2026-08-16T21:11:07Z,2026-08-16T23:11:07+0200,bac882e5-42a3-48ea-b8e2-c8e889704767,2026-08-16T12:00:00Z,2026-08-16T14:00:00+0200,0.44,EUR/MWh,ES,ES,day_ahead_price,value,2026-08-16T21:17:48Z
2026-08-16T21:11:07Z,2026-08-16T23:11:07+0200,bac882e5-42a3-48ea-b8e2-c8e889704767,2026-08-16T12:15:00Z,2026-08-16T14:15:00+0200,0.51,EUR/MWh,ES,ES,day_ahead_price,value,2026-08-16T21:17:48Z
2026-08-16T21:11:07Z,2026-08-16T23:11:07+0200,bac882e5-42a3-48ea-b8e2-c8e889704767,2026-08-16T12:30:00Z,2026-08-16T14:30:00+0200,0.51,EUR/MWh,ES,ES,day_ahead_price,value,2026-08-16T21:17:48Z
2026-08-16T21:11:07Z,2026-08-16T23:11:07+0200,bac882e5-42a3-48ea-b8e2-c8e889704767,2026-08-16T12:45:00Z,2026-08-16T14:45:00+0200,0.51,EUR/MWh,ES,ES,day_ahead_price,value,2026-08-16T21:17:48Z
2026-08-16T21:11:07Z,2026-08-16T23:11:07+0200,bac882e5-42a3-48ea-b8e2-c8e889704767,2026-08-16T13:00:00Z,2026-08-16T15:00:00+0200,0.66,EUR/MWh,ES,ES,day_ahead_price,value,2026-08-16T21:17:48Z
2026-08-16T21:11:07Z,2026-08-16T23:11:07+0200,bac882e5-42a3-48ea-b8e2-c8e889704767,2026-08-16T13:15:00Z,2026-08-16T15:15:00+0200,0.66,EUR/MWh,ES,ES,day_ahead_price,value,2026-08-16T21:17:48Z
2026-08-16T21:11:07Z,2026-08-16T23:11:07+0200,bac882e5-42a3-48ea-b8e2-c8e889704767,2026-08-16T13:30:00Z,2026-08-16T15:30:00+0200,1.01,EUR/MWh,ES,ES,day_ahead_price,value,2026-08-16T21:17:48Z
2026-08-16T21:11:07Z,2026-08-16T23:11:07+0200,bac882e5-42a3-48ea-b8e2-c8e889704767,2026-08-16T13:45:00Z,2026-08-16T15:45:00+0200,1.08,EUR/MWh,ES,ES,day_ahead_price,value,2026-08-16T21:17:48Z
2026-08-16T21:11:07Z,2026-08-16T23:11:07+0200,bac882e5-42a3-48ea-b8e2-c8e889704767,2026-08-16T14:00:00Z,2026-08-16T16:00:00+0200,1.08,EUR/MWh,ES,ES,day_ahead_price,value,2026-08-16T21:17:48Z
2026-08-16T21:11:07Z,2026-08-16T23:11:07+0200,bac882e5-42a3-48ea-b8e2-c8e889704767,2026-08-16T14:15:00Z,2026-08-16T16:15:00+0200,1.51,EUR/MWh,ES,ES,day_ahead_price,value,2026-08-16T21:17:48Z
2026-08-16T21:11:07Z,2026-08-16T23:11:07+0200,bac882e5-42a3-48ea-b8e2-c8e889704767,2026-08-16T14:30:00Z,2026-08-16T16:30:00+0200,2.76,EUR/MWh,ES,ES,day_ahead_price,value,2026-08-16T21:17:48Z
2026-08-16T21:11:07Z,2026-08-16T23:11:07+0200,bac882e5-42a3-48ea-b8e2-c8e889704767,2026-08-16T14:45:00Z,2026-08-16T16:45:00+0200,5.0,EUR/MWh,ES,ES,day_ahead_price,value,2026-08-16T21:17:48Z
2026-08-16T21:11:07Z,2026-08-16T23:11:07+0200,bac882e5-42a3-48ea-b8e2-c8e889704767,2026-08-16T15:00:00Z,2026-08-16T17:00:00+0200,16.57,EUR/MWh,ES,ES,day_ahead_price,value,2026-08-16T21:17:48Z
2026-08-16T21:11:07Z,2026-08-16T23:11:07+0200,bac882e5-42a3-48ea-b8e2-c8e889704767,2026-08-16T15:15:00Z,2026-08-16T17:15:00+0200,40.41,EUR/MWh,ES,ES,day_ahead_price,value,2026-08-16T21:17:48Z
2026-08-16T21:11:07Z,2026-08-16T23:11:07+0200,bac882e5-42a3-48ea-b8e2-c8e889704767,2026-08-16T15:30:00Z,2026-08-16T17:30:00+0200,58.5,EUR/MWh,ES,ES,day_ahead_price,value,2026-08-16T21:17:48Z
2026-08-16T21:11:07Z,2026-08-16T23:11:07+0200,bac882e5-42a3-48ea-b8e2-c8e889704767,2026-08-16T15:45:00Z,2026-08-16T17:45:00+0200,82.61,EUR/MWh,ES,ES,day_ahead_price,value,2026-08-16T21:17:48Z
2026-08-16T21:11:07Z,2026-08-16T23:11:07+0200,bac882e5-42a3-48ea-b8e2-c8e889704767,2026-08-16T16:00:00Z,2026-08-16T18:00:00+0200,90.0,EUR/MWh,ES,ES,day_ahead_price,value,2026-08-16T21:17:48Z
2026-08-16T21:11:07Z,2026-08-16T23:11:07+0200,bac882e5-42a3-48ea-b8e2-c8e889704767,2026-08-16T16:15:00Z,2026-08-16T18:15:00+0200,98.27,EUR/MWh,ES,ES,day_ahead_price,value,2026-08-16T21:17:48Z
2026-08-16T21:11:07Z,2026-08-16T23:11:07+0200,bac882e5-42a3-48ea-b8e2-c8e889704767,2026-08-16T16:30:00Z,2026-08-16T18:30:00+0200,100.4,EUR/MWh,ES,ES,day_ahead_price,value,2026-08-16T21:17:48Z
2026-08-16T21:11:07Z,2026-08-16T23:11:07+0200,bac882e5-42a3-48ea-b8e2-c8e889704767,2026-08-16T16:45:00Z,2026-08-16T18:45:00+0200,121.51,EUR/MWh,ES,ES,day_ahead_price,value,2026-08-16T21:17:48Z
2026-08-16T21:11:07Z,2026-08-16T23:11:07+0200,bac882e5-42a3-48ea-b8e2-c8e889704767,2026-08-16T17:00:00Z,2026-08-16T19:00:00+0200,121.51,EUR/MWh,ES,ES,day_ahead_price,value,2026-08-16T21:17:48Z
2026-08-16T21:11:07Z,2026-08-16T23:11:07+0200,bac882e5-42a3-48ea-b8e2-c8e889704767,2026-08-16T17:15:00Z,2026-08-16T19:15:00+0200,170.0,EUR/MWh,ES,ES,day_ahead_price,value,2026-08-16T21:17:48Z
2026-08-16T21:11:07Z,2026-08-16T23:11:07+0200,bac882e5-42a3-48ea-b8e2-c8e889704767,2026-08-16T17:30:00Z,2026-08-16T19:30:00+0200,188.27,EUR/MWh,ES,ES,day_ahead_price,value,2026-08-16T21:17:48Z
2026-08-16T21:11:07Z,2026-08-16T23:11:07+0200,bac882e5-42a3-48ea-b8e2-c8e889704767,2026-08-16T17:45:00Z,2026-08-16T19:45:00+0200,203.91,EUR/MWh,ES,ES,day_ahead_price,value,2026-08-16T21:17:48Z
2026-08-16T21:11:07Z,2026-08-16T23:11:07+0200,bac882e5-42a3-48ea-b8e2-c8e889704767,2026-08-16T18:00:00Z,2026-08-16T20:00:00+0200,188.0,EUR/MWh,ES,ES,day_ahead_price,value,2026-08-16T21:17:48Z
2026-08-16T21:11:07Z,2026-08-16T23:11:07+0200,bac882e5-42a3-48ea-b8e2-c8e889704767,2026-08-16T18:15:00Z,2026-08-16T20:15:00+0200,197.99,EUR/MWh,ES,ES,day_ahead_price,value,2026-08-16T21:17:48Z
2026-08-16T21:11:07Z,2026-08-16T23:11:07+0200,bac882e5-42a3-48ea-b8e2-c8e889704767,2026-08-16T18:30:00Z,2026-08-16T20:30:00+0200,202.8,EUR/MWh,ES,ES,day_ahead_price,value,2026-08-16T21:17:48Z
2026-08-16T21:11:07Z,2026-08-16T23:11:07+0200,bac882e5-42a3-48ea-b8e2-c8e889704767,2026-08-16T18:45:00Z,2026-08-16T20:45:00+0200,211.28,EUR/MWh,ES,ES,day_ahead_price,value,2026-08-16T21:17:48Z
2026-08-16T21:11:07Z,2026-08-16T23:11:07+0200,bac882e5-42a3-48ea-b8e2-c8e889704767,2026-08-16T19:00:00Z,2026-08-16T21:00:00+0200,212.4,EUR/MWh,ES,ES,day_ahead_price,value,2026-08-16T21:17:48Z
2026-08-16T21:11:07Z,2026-08-16T23:11:07+0200,bac882e5-42a3-48ea-b8e2-c8e889704767,2026-08-16T19:15:00Z,2026-08-16T21:15:00+0200,212.4,EUR/MWh,ES,ES,day_ahead_price,value,2026-08-16T21:17:48Z
2026-08-16T21:11:07Z,2026-08-16T23:11:07+0200,bac882e5-42a3-48ea-b8e2-c8e889704767,2026-08-16T19:30:00Z,2026-08-16T21:30:00+0200,212.4,EUR/MWh,ES,ES,day_ahead_price,value,2026-08-16T21:17:48Z
2026-08-16T21:11:07Z,2026-08-16T23:11:07+0200,bac882e5-42a3-48ea-b8e2-c8e889704767,2026-08-16T19:45:00Z,2026-08-16T21:45:00+0200,208.95,EUR/MWh,ES,ES,day_ahead_price,value,2026-08-16T21:17:48Z
2026-08-16T21:11:07Z,2026-08-16T23:11:07+0200,bac882e5-42a3-48ea-b8e2-c8e889704767,2026-08-16T20:00:00Z,2026-08-16T22:00:00+0200,215.04,EUR/MWh,ES,ES,day_ahead_price,value,2026-08-16T21:17:48Z
2026-08-16T21:11:07Z,2026-08-16T23:11:07+0200,bac882e5-42a3-48ea-b8e2-c8e889704767,2026-08-16T20:15:00Z,2026-08-16T22:15:00+0200,210.95,EUR/MWh,ES,ES,day_ahead_price,value,2026-08-16T21:17:48Z
2026-08-16T21:11:07Z,2026-08-16T23:11:07+0200,bac882e5-42a3-48ea-b8e2-c8e889704767,2026-08-16T20:30:00Z,2026-08-16T22:30:00+0200,202.8,EUR/MWh,ES,ES,day_ahead_price,value,2026-08-16T21:17:48Z
2026-08-16T21:11:07Z,2026-08-16T23:11:07+0200,bac882e5-42a3-48ea-b8e2-c8e889704767,2026-08-16T20:45:00Z,2026-08-16T22:45:00+0200,197.35,EUR/MWh,ES,ES,day_ahead_price,value,2026-08-16T21:17:48Z
2026-08-16T21:11:07Z,2026-08-16T23:11:07+0200,bac882e5-42a3-48ea-b8e2-c8e889704767,2026-08-16T21:00:00Z,2026-08-16T23:00:00+0200,203.55,EUR/MWh,ES,ES,day_ahead_price,value,2026-08-16T21:17:48Z
2026-08-16T21:11:07Z,2026-08-16T23:11:07+0200,bac882e5-42a3-48ea-b8e2-c8e889704767,2026-08-16T21:15:00Z,2026-08-16T23:15:00+0200,194.0,EUR/MWh,ES,ES,day_ahead_price,value,2026-08-16T21:17:48Z
2026-08-16T21:11:07Z,2026-08-16T23:11:07+0200,bac882e5-42a3-48ea-b8e2-c8e889704767,2026-08-16T21:30:00Z,2026-08-16T23:30:00+0200,188.27,EUR/MWh,ES,ES,day_ahead_price,value,2026-08-16T21:17:48Z
