collection_time_utc,collection_time_local,run_id,timestamp_utc,timestamp_local,value,unit,country,entsoe_area,variable,source,updated_at_utc
2026-08-11T10:26:43Z,2026-08-11T12:26:43+0200,e77a8f08-3545-4160-86f5-8c2dd4a3d7e1,2026-07-11T11:00:00Z,2026-07-11T13:00:00+0200,895.6,MW,PT,PT,actual_onshore_wind_generation,Wind Onshore,2026-08-11T10:35:35Z
2026-08-11T10:26:43Z,2026-08-11T12:26:43+0200,e77a8f08-3545-4160-86f5-8c2dd4a3d7e1,2026-07-11T12:00:00Z,2026-07-11T14:00:00+0200,1095.7,MW,PT,PT,actual_onshore_wind_generation,Wind Onshore,2026-08-11T10:35:35Z
2026-08-11T10:26:43Z,2026-08-11T12:26:43+0200,e77a8f08-3545-4160-86f5-8c2dd4a3d7e1,2026-07-11T13:00:00Z,2026-07-11T15:00:00+0200,1166.7,MW,PT,PT,actual_onshore_wind_generation,Wind Onshore,2026-08-11T10:35:35Z
2026-08-11T10:26:43Z,2026-08-11T12:26:43+0200,e77a8f08-3545-4160-86f5-8c2dd4a3d7e1,2026-07-11T14:00:00Z,2026-07-11T16:00:00+0200,1145.6,MW,PT,PT,actual_onshore_wind_generation,Wind Onshore,2026-08-11T10:35:35Z
2026-08-11T10:26:43Z,2026-08-11T12:26:43+0200,e77a8f08-3545-4160-86f5-8c2dd4a3d7e1,2026-07-11T15:00:00Z,2026-07-11T17:00:00+0200,1166.6,MW,PT,PT,actual_onshore_wind_generation,Wind Onshore,2026-08-11T10:35:35Z
2026-08-11T10:26:43Z,2026-08-11T12:26:43+0200,e77a8f08-3545-4160-86f5-8c2dd4a3d7e1,2026-07-11T16:00:00Z,2026-07-11T18:00:00+0200,1077.3,MW,PT,PT,actual_onshore_wind_generation,Wind Onshore,2026-08-11T10:35:35Z
2026-08-11T10:26:43Z,2026-08-11T12:26:43+0200,e77a8f08-3545-4160-86f5-8c2dd4a3d7e1,2026-07-11T17:00:00Z,2026-07-11T19:00:00+0200,921.5,MW,PT,PT,actual_onshore_wind_generation,Wind Onshore,2026-08-11T10:35:35Z
2026-08-11T10:26:43Z,2026-08-11T12:26:43+0200,e77a8f08-3545-4160-86f5-8c2dd4a3d7e1,2026-07-11T18:00:00Z,2026-07-11T20:00:00+0200,847.5,MW,PT,PT,actual_onshore_wind_generation,Wind Onshore,2026-08-11T10:35:35Z
2026-08-11T10:26:43Z,2026-08-11T12:26:43+0200,e77a8f08-3545-4160-86f5-8c2dd4a3d7e1,2026-07-11T19:00:00Z,2026-07-11T21:00:00+0200,894.6,MW,PT,PT,actual_onshore_wind_generation,Wind Onshore,2026-08-11T10:35:35Z
2026-08-11T10:26:43Z,2026-08-11T12:26:43+0200,e77a8f08-3545-4160-86f5-8c2dd4a3d7e1,2026-07-11T20:00:00Z,2026-07-11T22:00:00+0200,772.7,MW,PT,PT,actual_onshore_wind_generation,Wind Onshore,2026-08-11T10:35:35Z
2026-08-11T10:26:43Z,2026-08-11T12:26:43+0200,e77a8f08-3545-4160-86f5-8c2dd4a3d7e1,2026-07-11T21:00:00Z,2026-07-11T23:00:00+0200,715.0,MW,PT,PT,actual_onshore_wind_generation,Wind Onshore,2026-08-11T10:35:35Z
2026-08-11T10:26:43Z,2026-08-11T12:26:43+0200,e77a8f08-3545-4160-86f5-8c2dd4a3d7e1,2026-07-11T22:00:00Z,2026-07-12T00:00:00+0200,568.1,MW,PT,PT,actual_onshore_wind_generation,Wind Onshore,2026-08-11T10:35:35Z
2026-08-11T10:26:43Z,2026-08-11T12:26:43+0200,e77a8f08-3545-4160-86f5-8c2dd4a3d7e1,2026-07-11T23:00:00Z,2026-07-12T01:00:00+0200,362.6,MW,PT,PT,actual_onshore_wind_generation,Wind Onshore,2026-08-11T10:35:35Z
2026-08-11T10:26:43Z,2026-08-11T12:26:43+0200,e77a8f08-3545-4160-86f5-8c2dd4a3d7e1,2026-07-12T00:00:00Z,2026-07-12T02:00:00+0200,283.2,MW,PT,PT,actual_onshore_wind_generation,Wind Onshore,2026-08-11T10:35:35Z
2026-08-11T10:26:43Z,2026-08-11T12:26:43+0200,e77a8f08-3545-4160-86f5-8c2dd4a3d7e1,2026-07-12T01:00:00Z,2026-07-12T03:00:00+0200,366.1,MW,PT,PT,actual_onshore_wind_generation,Wind Onshore,2026-08-11T10:35:35Z
2026-08-11T10:26:43Z,2026-08-11T12:26:43+0200,e77a8f08-3545-4160-86f5-8c2dd4a3d7e1,2026-07-12T02:00:00Z,2026-07-12T04:00:00+0200,468.3,MW,PT,PT,actual_onshore_wind_generation,Wind Onshore,2026-08-11T10:35:35Z
2026-08-11T10:26:43Z,2026-08-11T12:26:43+0200,e77a8f08-3545-4160-86f5-8c2dd4a3d7e1,2026-07-12T03:00:00Z,2026-07-12T05:00:00+0200,474.7,MW,PT,PT,actual_onshore_wind_generation,Wind Onshore,2026-08-11T10:35:35Z
2026-08-11T10:26:43Z,2026-08-11T12:26:43+0200,e77a8f08-3545-4160-86f5-8c2dd4a3d7e1,2026-07-12T04:00:00Z,2026-07-12T06:00:00+0200,482.5,MW,PT,PT,actual_onshore_wind_generation,Wind Onshore,2026-08-11T10:35:35Z
2026-08-11T10:26:43Z,2026-08-11T12:26:43+0200,e77a8f08-3545-4160-86f5-8c2dd4a3d7e1,2026-07-12T05:00:00Z,2026-07-12T07:00:00+0200,418.6,MW,PT,PT,actual_onshore_wind_generation,Wind Onshore,2026-08-11T10:35:35Z
2026-08-11T10:26:43Z,2026-08-11T12:26:43+0200,e77a8f08-3545-4160-86f5-8c2dd4a3d7e1,2026-07-12T06:00:00Z,2026-07-12T08:00:00+0200,315.8,MW,PT,PT,actual_onshore_wind_generation,Wind Onshore,2026-08-11T10:35:35Z
2026-08-11T10:26:43Z,2026-08-11T12:26:43+0200,e77a8f08-3545-4160-86f5-8c2dd4a3d7e1,2026-07-12T07:00:00Z,2026-07-12T09:00:00+0200,294.0,MW,PT,PT,actual_onshore_wind_generation,Wind Onshore,2026-08-11T10:35:35Z
2026-08-11T10:26:43Z,2026-08-11T12:26:43+0200,e77a8f08-3545-4160-86f5-8c2dd4a3d7e1,2026-07-12T08:00:00Z,2026-07-12T10:00:00+0200,417.8,MW,PT,PT,actual_onshore_wind_generation,Wind Onshore,2026-08-11T10:35:35Z
2026-08-11T10:26:43Z,2026-08-11T12:26:43+0200,e77a8f08-3545-4160-86f5-8c2dd4a3d7e1,2026-07-12T09:00:00Z,2026-07-12T11:00:00+0200,547.8,MW,PT,PT,actual_onshore_wind_generation,Wind Onshore,2026-08-11T10:35:35Z
2026-08-11T10:26:43Z,2026-08-11T12:26:43+0200,e77a8f08-3545-4160-86f5-8c2dd4a3d7e1,2026-07-12T10:00:00Z,2026-07-12T12:00:00+0200,734.9,MW,PT,PT,actual_onshore_wind_generation,Wind Onshore,2026-08-11T10:35:35Z
2026-08-11T10:26:43Z,2026-08-11T12:26:43+0200,e77a8f08-3545-4160-86f5-8c2dd4a3d7e1,2026-07-12T11:00:00Z,2026-07-12T13:00:00+0200,892.7,MW,PT,PT,actual_onshore_wind_generation,Wind Onshore,2026-08-11T10:35:35Z
2026-08-11T10:26:43Z,2026-08-11T12:26:43+0200,e77a8f08-3545-4160-86f5-8c2dd4a3d7e1,2026-07-12T12:00:00Z,2026-07-12T14:00:00+0200,1037.0,MW,PT,PT,actual_onshore_wind_generation,Wind Onshore,2026-08-11T10:35:35Z
2026-08-11T10:26:43Z,2026-08-11T12:26:43+0200,e77a8f08-3545-4160-86f5-8c2dd4a3d7e1,2026-07-12T13:00:00Z,2026-07-12T15:00:00+0200,1110.3,MW,PT,PT,actual_onshore_wind_generation,Wind Onshore,2026-08-11T10:35:35Z
2026-08-11T10:26:43Z,2026-08-11T12:26:43+0200,e77a8f08-3545-4160-86f5-8c2dd4a3d7e1,2026-07-12T14:00:00Z,2026-07-12T16:00:00+0200,1221.0,MW,PT,PT,actual_onshore_wind_generation,Wind Onshore,2026-08-11T10:35:35Z
2026-08-11T10:26:43Z,2026-08-11T12:26:43+0200,e77a8f08-3545-4160-86f5-8c2dd4a3d7e1,2026-07-12T15:00:00Z,2026-07-12T17:00:00+0200,1174.2,MW,PT,PT,actual_onshore_wind_generation,Wind Onshore,2026-08-11T10:35:35Z
2026-08-11T10:26:43Z,2026-08-11T12:26:43+0200,e77a8f08-3545-4160-86f5-8c2dd4a3d7e1,2026-07-12T16:00:00Z,2026-07-12T18:00:00+0200,1102.6,MW,PT,PT,actual_onshore_wind_generation,Wind Onshore,2026-08-11T10:35:35Z
2026-08-11T10:26:43Z,2026-08-11T12:26:43+0200,e77a8f08-3545-4160-86f5-8c2dd4a3d7e1,2026-07-12T17:00:00Z,2026-07-12T19:00:00+0200,904.9,MW,PT,PT,actual_onshore_wind_generation,Wind Onshore,2026-08-11T10:35:35Z
2026-08-11T10:26:43Z,2026-08-11T12:26:43+0200,e77a8f08-3545-4160-86f5-8c2dd4a3d7e1,2026-07-12T18:00:00Z,2026-07-12T20:00:00+0200,691.9,MW,PT,PT,actual_onshore_wind_generation,Wind Onshore,2026-08-11T10:35:35Z
2026-08-11T10:26:43Z,2026-08-11T12:26:43+0200,e77a8f08-3545-4160-86f5-8c2dd4a3d7e1,2026-07-12T19:00:00Z,2026-07-12T21:00:00+0200,534.7,MW,PT,PT,actual_onshore_wind_generation,Wind Onshore,2026-08-11T10:35:35Z
2026-08-11T10:26:43Z,2026-08-11T12:26:43+0200,e77a8f08-3545-4160-86f5-8c2dd4a3d7e1,2026-07-12T20:00:00Z,2026-07-12T22:00:00+0200,630.6,MW,PT,PT,actual_onshore_wind_generation,Wind Onshore,2026-08-11T10:35:35Z
2026-08-11T10:26:43Z,2026-08-11T12:26:43+0200,e77a8f08-3545-4160-86f5-8c2dd4a3d7e1,2026-07-12T21:00:00Z,2026-07-12T23:00:00+0200,652.4,MW,PT,PT,actual_onshore_wind_generation,Wind Onshore,2026-08-11T10:35:35Z
2026-08-11T10:26:43Z,2026-08-11T12:26:43+0200,e77a8f08-3545-4160-86f5-8c2dd4a3d7e1,2026-07-12T22:00:00Z,2026-07-13T00:00:00+0200,691.3,MW,PT,PT,actual_onshore_wind_generation,Wind Onshore,2026-08-11T10:35:35Z
2026-08-11T10:26:43Z,2026-08-11T12:26:43+0200,e77a8f08-3545-4160-86f5-8c2dd4a3d7e1,2026-07-12T23:00:00Z,2026-07-13T01:00:00+0200,638.0,MW,PT,PT,actual_onshore_wind_generation,Wind Onshore,2026-08-11T10:35:35Z
2026-08-11T10:26:43Z,2026-08-11T12:26:43+0200,e77a8f08-3545-4160-86f5-8c2dd4a3d7e1,2026-07-13T00:00:00Z,2026-07-13T02:00:00+0200,507.3,MW,PT,PT,actual_onshore_wind_generation,Wind Onshore,2026-08-11T10:35:35Z
2026-08-11T10:26:43Z,2026-08-11T12:26:43+0200,e77a8f08-3545-4160-86f5-8c2dd4a3d7e1,2026-07-13T01:00:00Z,2026-07-13T03:00:00+0200,457.1,MW,PT,PT,actual_onshore_wind_generation,Wind Onshore,2026-08-11T10:35:35Z
2026-08-11T10:26:43Z,2026-08-11T12:26:43+0200,e77a8f08-3545-4160-86f5-8c2dd4a3d7e1,2026-07-13T02:00:00Z,2026-07-13T04:00:00+0200,403.2,MW,PT,PT,actual_onshore_wind_generation,Wind Onshore,2026-08-11T10:35:35Z
2026-08-11T10:26:43Z,2026-08-11T12:26:43+0200,e77a8f08-3545-4160-86f5-8c2dd4a3d7e1,2026-07-13T03:00:00Z,2026-07-13T05:00:00+0200,349.4,MW,PT,PT,actual_onshore_wind_generation,Wind Onshore,2026-08-11T10:35:35Z
2026-08-11T10:26:43Z,2026-08-11T12:26:43+0200,e77a8f08-3545-4160-86f5-8c2dd4a3d7e1,2026-07-13T04:00:00Z,2026-07-13T06:00:00+0200,350.2,MW,PT,PT,actual_onshore_wind_generation,Wind Onshore,2026-08-11T10:35:35Z
2026-08-11T10:26:43Z,2026-08-11T12:26:43+0200,e77a8f08-3545-4160-86f5-8c2dd4a3d7e1,2026-07-13T05:00:00Z,2026-07-13T07:00:00+0200,239.9,MW,PT,PT,actual_onshore_wind_generation,Wind Onshore,2026-08-11T10:35:35Z
2026-08-11T10:26:43Z,2026-08-11T12:26:43+0200,e77a8f08-3545-4160-86f5-8c2dd4a3d7e1,2026-07-13T06:00:00Z,2026-07-13T08:00:00+0200,226.0,MW,PT,PT,actual_onshore_wind_generation,Wind Onshore,2026-08-11T10:35:35Z
2026-08-11T10:26:43Z,2026-08-11T12:26:43+0200,e77a8f08-3545-4160-86f5-8c2dd4a3d7e1,2026-07-13T07:00:00Z,2026-07-13T09:00:00+0200,199.0,MW,PT,PT,actual_onshore_wind_generation,Wind Onshore,2026-08-11T10:35:35Z
2026-08-11T10:26:43Z,2026-08-11T12:26:43+0200,e77a8f08-3545-4160-86f5-8c2dd4a3d7e1,2026-07-13T08:00:00Z,2026-07-13T10:00:00+0200,178.2,MW,PT,PT,actual_onshore_wind_generation,Wind Onshore,2026-08-11T10:35:35Z
2026-08-11T10:26:43Z,2026-08-11T12:26:43+0200,e77a8f08-3545-4160-86f5-8c2dd4a3d7e1,2026-07-13T09:00:00Z,2026-07-13T11:00:00+0200,183.2,MW,PT,PT,actual_onshore_wind_generation,Wind Onshore,2026-08-11T10:35:35Z
2026-08-11T10:26:43Z,2026-08-11T12:26:43+0200,e77a8f08-3545-4160-86f5-8c2dd4a3d7e1,2026-07-13T10:00:00Z,2026-07-13T12:00:00+0200,177.5,MW,PT,PT,actual_onshore_wind_generation,Wind Onshore,2026-08-11T10:35:35Z
2026-08-11T10:26:43Z,2026-08-11T12:26:43+0200,e77a8f08-3545-4160-86f5-8c2dd4a3d7e1,2026-07-13T11:00:00Z,2026-07-13T13:00:00+0200,267.4,MW,PT,PT,actual_onshore_wind_generation,Wind Onshore,2026-08-11T10:35:35Z
2026-08-11T10:26:43Z,2026-08-11T12:26:43+0200,e77a8f08-3545-4160-86f5-8c2dd4a3d7e1,2026-07-13T12:00:00Z,2026-07-13T14:00:00+0200,409.6,MW,PT,PT,actual_onshore_wind_generation,Wind Onshore,2026-08-11T10:35:35Z
2026-08-11T10:26:43Z,2026-08-11T12:26:43+0200,e77a8f08-3545-4160-86f5-8c2dd4a3d7e1,2026-07-13T13:00:00Z,2026-07-13T15:00:00+0200,590.5,MW,PT,PT,actual_onshore_wind_generation,Wind Onshore,2026-08-11T10:35:35Z
2026-08-11T10:26:43Z,2026-08-11T12:26:43+0200,e77a8f08-3545-4160-86f5-8c2dd4a3d7e1,2026-07-13T14:00:00Z,2026-07-13T16:00:00+0200,755.7,MW,PT,PT,actual_onshore_wind_generation,Wind Onshore,2026-08-11T10:35:35Z
2026-08-11T10:26:43Z,2026-08-11T12:26:43+0200,e77a8f08-3545-4160-86f5-8c2dd4a3d7e1,2026-07-13T15:00:00Z,2026-07-13T17:00:00+0200,818.0,MW,PT,PT,actual_onshore_wind_generation,Wind Onshore,2026-08-11T10:35:35Z
2026-08-11T10:26:43Z,2026-08-11T12:26:43+0200,e77a8f08-3545-4160-86f5-8c2dd4a3d7e1,2026-07-13T16:00:00Z,2026-07-13T18:00:00+0200,760.9,MW,PT,PT,actual_onshore_wind_generation,Wind Onshore,2026-08-11T10:35:35Z
2026-08-11T10:26:43Z,2026-08-11T12:26:43+0200,e77a8f08-3545-4160-86f5-8c2dd4a3d7e1,2026-07-13T17:00:00Z,2026-07-13T19:00:00+0200,670.1,MW,PT,PT,actual_onshore_wind_generation,Wind Onshore,2026-08-11T10:35:35Z
2026-08-11T10:26:43Z,2026-08-11T12:26:43+0200,e77a8f08-3545-4160-86f5-8c2dd4a3d7e1,2026-07-13T18:00:00Z,2026-07-13T20:00:00+0200,632.2,MW,PT,PT,actual_onshore_wind_generation,Wind Onshore,2026-08-11T10:35:35Z
2026-08-11T10:26:43Z,2026-08-11T12:26:43+0200,e77a8f08-3545-4160-86f5-8c2dd4a3d7e1,2026-07-13T19:00:00Z,2026-07-13T21:00:00+0200,570.3,MW,PT,PT,actual_onshore_wind_generation,Wind Onshore,2026-08-11T10:35:35Z
2026-08-11T10:26:43Z,2026-08-11T12:26:43+0200,e77a8f08-3545-4160-86f5-8c2dd4a3d7e1,2026-07-13T20:00:00Z,2026-07-13T22:00:00+0200,538.0,MW,PT,PT,actual_onshore_wind_generation,Wind Onshore,2026-08-11T10:35:35Z
2026-08-11T10:26:43Z,2026-08-11T12:26:43+0200,e77a8f08-3545-4160-86f5-8c2dd4a3d7e1,2026-07-13T21:00:00Z,2026-07-13T23:00:00+0200,468.6,MW,PT,PT,actual_onshore_wind_generation,Wind Onshore,2026-08-11T10:35:35Z
2026-08-11T10:26:43Z,2026-08-11T12:26:43+0200,e77a8f08-3545-4160-86f5-8c2dd4a3d7e1,2026-07-13T22:00:00Z,2026-07-14T00:00:00+0200,421.8,MW,PT,PT,actual_onshore_wind_generation,Wind Onshore,2026-08-11T10:35:35Z
2026-08-11T10:26:43Z,2026-08-11T12:26:43+0200,e77a8f08-3545-4160-86f5-8c2dd4a3d7e1,2026-07-13T23:00:00Z,2026-07-14T01:00:00+0200,414.9,MW,PT,PT,actual_onshore_wind_generation,Wind Onshore,2026-08-11T10:35:35Z
2026-08-11T10:26:43Z,2026-08-11T12:26:43+0200,e77a8f08-3545-4160-86f5-8c2dd4a3d7e1,2026-07-14T00:00:00Z,2026-07-14T02:00:00+0200,388.9,MW,PT,PT,actual_onshore_wind_generation,Wind Onshore,2026-08-11T10:35:35Z
2026-08-11T10:26:43Z,2026-08-11T12:26:43+0200,e77a8f08-3545-4160-86f5-8c2dd4a3d7e1,2026-07-14T01:00:00Z,2026-07-14T03:00:00+0200,341.2,MW,PT,PT,actual_onshore_wind_generation,Wind Onshore,2026-08-11T10:35:35Z
2026-08-11T10:26:43Z,2026-08-11T12:26:43+0200,e77a8f08-3545-4160-86f5-8c2dd4a3d7e1,2026-07-14T02:00:00Z,2026-07-14T04:00:00+0200,256.4,MW,PT,PT,actual_onshore_wind_generation,Wind Onshore,2026-08-11T10:35:35Z
2026-08-11T10:26:43Z,2026-08-11T12:26:43+0200,e77a8f08-3545-4160-86f5-8c2dd4a3d7e1,2026-07-14T03:00:00Z,2026-07-14T05:00:00+0200,214.7,MW,PT,PT,actual_onshore_wind_generation,Wind Onshore,2026-08-11T10:35:35Z
2026-08-11T10:26:43Z,2026-08-11T12:26:43+0200,e77a8f08-3545-4160-86f5-8c2dd4a3d7e1,2026-07-14T04:00:00Z,2026-07-14T06:00:00+0200,233.6,MW,PT,PT,actual_onshore_wind_generation,Wind Onshore,2026-08-11T10:35:35Z
2026-08-11T10:26:43Z,2026-08-11T12:26:43+0200,e77a8f08-3545-4160-86f5-8c2dd4a3d7e1,2026-07-14T05:00:00Z,2026-07-14T07:00:00+0200,336.9,MW,PT,PT,actual_onshore_wind_generation,Wind Onshore,2026-08-11T10:35:35Z
2026-08-11T10:26:43Z,2026-08-11T12:26:43+0200,e77a8f08-3545-4160-86f5-8c2dd4a3d7e1,2026-07-14T06:00:00Z,2026-07-14T08:00:00+0200,314.6,MW,PT,PT,actual_onshore_wind_generation,Wind Onshore,2026-08-11T10:35:35Z
2026-08-11T10:26:43Z,2026-08-11T12:26:43+0200,e77a8f08-3545-4160-86f5-8c2dd4a3d7e1,2026-07-14T07:00:00Z,2026-07-14T09:00:00+0200,228.2,MW,PT,PT,actual_onshore_wind_generation,Wind Onshore,2026-08-11T10:35:35Z
2026-08-11T10:26:43Z,2026-08-11T12:26:43+0200,e77a8f08-3545-4160-86f5-8c2dd4a3d7e1,2026-07-14T08:00:00Z,2026-07-14T10:00:00+0200,91.1,MW,PT,PT,actual_onshore_wind_generation,Wind Onshore,2026-08-11T10:35:35Z
2026-08-11T10:26:43Z,2026-08-11T12:26:43+0200,e77a8f08-3545-4160-86f5-8c2dd4a3d7e1,2026-07-14T09:00:00Z,2026-07-14T11:00:00+0200,60.3,MW,PT,PT,actual_onshore_wind_generation,Wind Onshore,2026-08-11T10:35:35Z
2026-08-11T10:26:43Z,2026-08-11T12:26:43+0200,e77a8f08-3545-4160-86f5-8c2dd4a3d7e1,2026-07-14T10:00:00Z,2026-07-14T12:00:00+0200,91.9,MW,PT,PT,actual_onshore_wind_generation,Wind Onshore,2026-08-11T10:35:35Z
2026-08-11T10:26:43Z,2026-08-11T12:26:43+0200,e77a8f08-3545-4160-86f5-8c2dd4a3d7e1,2026-07-14T11:00:00Z,2026-07-14T13:00:00+0200,174.0,MW,PT,PT,actual_onshore_wind_generation,Wind Onshore,2026-08-11T10:35:35Z
2026-08-11T10:26:43Z,2026-08-11T12:26:43+0200,e77a8f08-3545-4160-86f5-8c2dd4a3d7e1,2026-07-14T12:00:00Z,2026-07-14T14:00:00+0200,304.5,MW,PT,PT,actual_onshore_wind_generation,Wind Onshore,2026-08-11T10:35:35Z
2026-08-11T10:26:43Z,2026-08-11T12:26:43+0200,e77a8f08-3545-4160-86f5-8c2dd4a3d7e1,2026-07-14T13:00:00Z,2026-07-14T15:00:00+0200,478.5,MW,PT,PT,actual_onshore_wind_generation,Wind Onshore,2026-08-11T10:35:35Z
2026-08-11T10:26:43Z,2026-08-11T12:26:43+0200,e77a8f08-3545-4160-86f5-8c2dd4a3d7e1,2026-07-14T14:00:00Z,2026-07-14T16:00:00+0200,591.4,MW,PT,PT,actual_onshore_wind_generation,Wind Onshore,2026-08-11T10:35:35Z
2026-08-11T10:26:43Z,2026-08-11T12:26:43+0200,e77a8f08-3545-4160-86f5-8c2dd4a3d7e1,2026-07-14T15:00:00Z,2026-07-14T17:00:00+0200,727.8,MW,PT,PT,actual_onshore_wind_generation,Wind Onshore,2026-08-11T10:35:35Z
2026-08-11T10:26:43Z,2026-08-11T12:26:43+0200,e77a8f08-3545-4160-86f5-8c2dd4a3d7e1,2026-07-14T16:00:00Z,2026-07-14T18:00:00+0200,929.3,MW,PT,PT,actual_onshore_wind_generation,Wind Onshore,2026-08-11T10:35:35Z
2026-08-11T10:26:43Z,2026-08-11T12:26:43+0200,e77a8f08-3545-4160-86f5-8c2dd4a3d7e1,2026-07-14T17:00:00Z,2026-07-14T19:00:00+0200,1132.1,MW,PT,PT,actual_onshore_wind_generation,Wind Onshore,2026-08-11T10:35:35Z
2026-08-11T10:26:43Z,2026-08-11T12:26:43+0200,e77a8f08-3545-4160-86f5-8c2dd4a3d7e1,2026-07-14T18:00:00Z,2026-07-14T20:00:00+0200,1258.9,MW,PT,PT,actual_onshore_wind_generation,Wind Onshore,2026-08-11T10:35:35Z
2026-08-11T10:26:43Z,2026-08-11T12:26:43+0200,e77a8f08-3545-4160-86f5-8c2dd4a3d7e1,2026-07-14T19:00:00Z,2026-07-14T21:00:00+0200,1189.5,MW,PT,PT,actual_onshore_wind_generation,Wind Onshore,2026-08-11T10:35:35Z
2026-08-11T10:26:43Z,2026-08-11T12:26:43+0200,e77a8f08-3545-4160-86f5-8c2dd4a3d7e1,2026-07-14T20:00:00Z,2026-07-14T22:00:00+0200,945.6,MW,PT,PT,actual_onshore_wind_generation,Wind Onshore,2026-08-11T10:35:35Z
2026-08-11T10:26:43Z,2026-08-11T12:26:43+0200,e77a8f08-3545-4160-86f5-8c2dd4a3d7e1,2026-07-14T21:00:00Z,2026-07-14T23:00:00+0200,662.5,MW,PT,PT,actual_onshore_wind_generation,Wind Onshore,2026-08-11T10:35:35Z
2026-08-11T10:26:43Z,2026-08-11T12:26:43+0200,e77a8f08-3545-4160-86f5-8c2dd4a3d7e1,2026-07-14T22:00:00Z,2026-07-15T00:00:00+0200,509.4,MW,PT,PT,actual_onshore_wind_generation,Wind Onshore,2026-08-11T10:35:35Z
2026-08-11T10:26:43Z,2026-08-11T12:26:43+0200,e77a8f08-3545-4160-86f5-8c2dd4a3d7e1,2026-07-14T23:00:00Z,2026-07-15T01:00:00+0200,443.0,MW,PT,PT,actual_onshore_wind_generation,Wind Onshore,2026-08-11T10:35:35Z
2026-08-11T10:26:43Z,2026-08-11T12:26:43+0200,e77a8f08-3545-4160-86f5-8c2dd4a3d7e1,2026-07-15T00:00:00Z,2026-07-15T02:00:00+0200,293.0,MW,PT,PT,actual_onshore_wind_generation,Wind Onshore,2026-08-11T10:35:35Z
2026-08-11T10:26:43Z,2026-08-11T12:26:43+0200,e77a8f08-3545-4160-86f5-8c2dd4a3d7e1,2026-07-15T01:00:00Z,2026-07-15T03:00:00+0200,205.5,MW,PT,PT,actual_onshore_wind_generation,Wind Onshore,2026-08-11T10:35:35Z
2026-08-11T10:26:43Z,2026-08-11T12:26:43+0200,e77a8f08-3545-4160-86f5-8c2dd4a3d7e1,2026-07-15T02:00:00Z,2026-07-15T04:00:00+0200,186.4,MW,PT,PT,actual_onshore_wind_generation,Wind Onshore,2026-08-11T10:35:35Z
2026-08-11T10:26:43Z,2026-08-11T12:26:43+0200,e77a8f08-3545-4160-86f5-8c2dd4a3d7e1,2026-07-15T03:00:00Z,2026-07-15T05:00:00+0200,130.6,MW,PT,PT,actual_onshore_wind_generation,Wind Onshore,2026-08-11T10:35:35Z
2026-08-11T10:26:43Z,2026-08-11T12:26:43+0200,e77a8f08-3545-4160-86f5-8c2dd4a3d7e1,2026-07-15T04:00:00Z,2026-07-15T06:00:00+0200,118.1,MW,PT,PT,actual_onshore_wind_generation,Wind Onshore,2026-08-11T10:35:35Z
2026-08-11T10:26:43Z,2026-08-11T12:26:43+0200,e77a8f08-3545-4160-86f5-8c2dd4a3d7e1,2026-07-15T05:00:00Z,2026-07-15T07:00:00+0200,139.1,MW,PT,PT,actual_onshore_wind_generation,Wind Onshore,2026-08-11T10:35:35Z
2026-08-11T10:26:43Z,2026-08-11T12:26:43+0200,e77a8f08-3545-4160-86f5-8c2dd4a3d7e1,2026-07-15T06:00:00Z,2026-07-15T08:00:00+0200,130.5,MW,PT,PT,actual_onshore_wind_generation,Wind Onshore,2026-08-11T10:35:35Z
2026-08-11T10:26:43Z,2026-08-11T12:26:43+0200,e77a8f08-3545-4160-86f5-8c2dd4a3d7e1,2026-07-15T07:00:00Z,2026-07-15T09:00:00+0200,83.6,MW,PT,PT,actual_onshore_wind_generation,Wind Onshore,2026-08-11T10:35:35Z
2026-08-11T10:26:43Z,2026-08-11T12:26:43+0200,e77a8f08-3545-4160-86f5-8c2dd4a3d7e1,2026-07-15T08:00:00Z,2026-07-15T10:00:00+0200,42.8,MW,PT,PT,actual_onshore_wind_generation,Wind Onshore,2026-08-11T10:35:35Z
2026-08-11T10:26:43Z,2026-08-11T12:26:43+0200,e77a8f08-3545-4160-86f5-8c2dd4a3d7e1,2026-07-15T09:00:00Z,2026-07-15T11:00:00+0200,27.7,MW,PT,PT,actual_onshore_wind_generation,Wind Onshore,2026-08-11T10:35:35Z
2026-08-11T10:26:43Z,2026-08-11T12:26:43+0200,e77a8f08-3545-4160-86f5-8c2dd4a3d7e1,2026-07-15T10:00:00Z,2026-07-15T12:00:00+0200,45.6,MW,PT,PT,actual_onshore_wind_generation,Wind Onshore,2026-08-11T10:35:35Z
2026-08-11T10:26:43Z,2026-08-11T12:26:43+0200,e77a8f08-3545-4160-86f5-8c2dd4a3d7e1,2026-07-15T11:00:00Z,2026-07-15T13:00:00+0200,124.6,MW,PT,PT,actual_onshore_wind_generation,Wind Onshore,2026-08-11T10:35:35Z
2026-08-11T10:26:43Z,2026-08-11T12:26:43+0200,e77a8f08-3545-4160-86f5-8c2dd4a3d7e1,2026-07-15T12:00:00Z,2026-07-15T14:00:00+0200,223.0,MW,PT,PT,actual_onshore_wind_generation,Wind Onshore,2026-08-11T10:35:35Z
2026-08-11T10:26:43Z,2026-08-11T12:26:43+0200,e77a8f08-3545-4160-86f5-8c2dd4a3d7e1,2026-07-15T13:00:00Z,2026-07-15T15:00:00+0200,379.3,MW,PT,PT,actual_onshore_wind_generation,Wind Onshore,2026-08-11T10:35:35Z
2026-08-11T10:26:43Z,2026-08-11T12:26:43+0200,e77a8f08-3545-4160-86f5-8c2dd4a3d7e1,2026-07-15T14:00:00Z,2026-07-15T16:00:00+0200,529.5,MW,PT,PT,actual_onshore_wind_generation,Wind Onshore,2026-08-11T10:35:35Z
2026-08-11T10:26:43Z,2026-08-11T12:26:43+0200,e77a8f08-3545-4160-86f5-8c2dd4a3d7e1,2026-07-15T15:00:00Z,2026-07-15T17:00:00+0200,687.5,MW,PT,PT,actual_onshore_wind_generation,Wind Onshore,2026-08-11T10:35:35Z
2026-08-11T10:26:43Z,2026-08-11T12:26:43+0200,e77a8f08-3545-4160-86f5-8c2dd4a3d7e1,2026-07-15T16:00:00Z,2026-07-15T18:00:00+0200,772.4,MW,PT,PT,actual_onshore_wind_generation,Wind Onshore,2026-08-11T10:35:35Z
2026-08-11T10:26:43Z,2026-08-11T12:26:43+0200,e77a8f08-3545-4160-86f5-8c2dd4a3d7e1,2026-07-15T17:00:00Z,2026-07-15T19:00:00+0200,861.7,MW,PT,PT,actual_onshore_wind_generation,Wind Onshore,2026-08-11T10:35:35Z
2026-08-11T10:26:43Z,2026-08-11T12:26:43+0200,e77a8f08-3545-4160-86f5-8c2dd4a3d7e1,2026-07-15T18:00:00Z,2026-07-15T20:00:00+0200,998.9,MW,PT,PT,actual_onshore_wind_generation,Wind Onshore,2026-08-11T10:35:35Z
2026-08-11T10:26:43Z,2026-08-11T12:26:43+0200,e77a8f08-3545-4160-86f5-8c2dd4a3d7e1,2026-07-15T19:00:00Z,2026-07-15T21:00:00+0200,1037.3,MW,PT,PT,actual_onshore_wind_generation,Wind Onshore,2026-08-11T10:35:35Z
2026-08-11T10:26:43Z,2026-08-11T12:26:43+0200,e77a8f08-3545-4160-86f5-8c2dd4a3d7e1,2026-07-15T20:00:00Z,2026-07-15T22:00:00+0200,888.3,MW,PT,PT,actual_onshore_wind_generation,Wind Onshore,2026-08-11T10:35:35Z
2026-08-11T10:26:43Z,2026-08-11T12:26:43+0200,e77a8f08-3545-4160-86f5-8c2dd4a3d7e1,2026-07-15T21:00:00Z,2026-07-15T23:00:00+0200,705.3,MW,PT,PT,actual_onshore_wind_generation,Wind Onshore,2026-08-11T10:35:35Z
2026-08-11T10:26:43Z,2026-08-11T12:26:43+0200,e77a8f08-3545-4160-86f5-8c2dd4a3d7e1,2026-07-15T22:00:00Z,2026-07-16T00:00:00+0200,629.0,MW,PT,PT,actual_onshore_wind_generation,Wind Onshore,2026-08-11T10:35:35Z
2026-08-11T10:26:43Z,2026-08-11T12:26:43+0200,e77a8f08-3545-4160-86f5-8c2dd4a3d7e1,2026-07-15T23:00:00Z,2026-07-16T01:00:00+0200,628.6,MW,PT,PT,actual_onshore_wind_generation,Wind Onshore,2026-08-11T10:35:35Z
2026-08-11T10:26:43Z,2026-08-11T12:26:43+0200,e77a8f08-3545-4160-86f5-8c2dd4a3d7e1,2026-07-16T00:00:00Z,2026-07-16T02:00:00+0200,561.7,MW,PT,PT,actual_onshore_wind_generation,Wind Onshore,2026-08-11T10:35:35Z
2026-08-11T10:26:43Z,2026-08-11T12:26:43+0200,e77a8f08-3545-4160-86f5-8c2dd4a3d7e1,2026-07-16T01:00:00Z,2026-07-16T03:00:00+0200,483.6,MW,PT,PT,actual_onshore_wind_generation,Wind Onshore,2026-08-11T10:35:35Z
2026-08-11T10:26:43Z,2026-08-11T12:26:43+0200,e77a8f08-3545-4160-86f5-8c2dd4a3d7e1,2026-07-16T02:00:00Z,2026-07-16T04:00:00+0200,488.0,MW,PT,PT,actual_onshore_wind_generation,Wind Onshore,2026-08-11T10:35:35Z
2026-08-11T10:26:43Z,2026-08-11T12:26:43+0200,e77a8f08-3545-4160-86f5-8c2dd4a3d7e1,2026-07-16T03:00:00Z,2026-07-16T05:00:00+0200,446.2,MW,PT,PT,actual_onshore_wind_generation,Wind Onshore,2026-08-11T10:35:35Z
2026-08-11T10:26:43Z,2026-08-11T12:26:43+0200,e77a8f08-3545-4160-86f5-8c2dd4a3d7e1,2026-07-16T04:00:00Z,2026-07-16T06:00:00+0200,351.4,MW,PT,PT,actual_onshore_wind_generation,Wind Onshore,2026-08-11T10:35:35Z
2026-08-11T10:26:43Z,2026-08-11T12:26:43+0200,e77a8f08-3545-4160-86f5-8c2dd4a3d7e1,2026-07-16T05:00:00Z,2026-07-16T07:00:00+0200,284.6,MW,PT,PT,actual_onshore_wind_generation,Wind Onshore,2026-08-11T10:35:35Z
2026-08-11T10:26:43Z,2026-08-11T12:26:43+0200,e77a8f08-3545-4160-86f5-8c2dd4a3d7e1,2026-07-16T06:00:00Z,2026-07-16T08:00:00+0200,240.7,MW,PT,PT,actual_onshore_wind_generation,Wind Onshore,2026-08-11T10:35:35Z
2026-08-11T10:26:43Z,2026-08-11T12:26:43+0200,e77a8f08-3545-4160-86f5-8c2dd4a3d7e1,2026-07-16T07:00:00Z,2026-07-16T09:00:00+0200,197.1,MW,PT,PT,actual_onshore_wind_generation,Wind Onshore,2026-08-11T10:35:35Z
2026-08-11T10:26:43Z,2026-08-11T12:26:43+0200,e77a8f08-3545-4160-86f5-8c2dd4a3d7e1,2026-07-16T08:00:00Z,2026-07-16T10:00:00+0200,117.3,MW,PT,PT,actual_onshore_wind_generation,Wind Onshore,2026-08-11T10:35:35Z
2026-08-11T10:26:43Z,2026-08-11T12:26:43+0200,e77a8f08-3545-4160-86f5-8c2dd4a3d7e1,2026-07-16T09:00:00Z,2026-07-16T11:00:00+0200,138.7,MW,PT,PT,actual_onshore_wind_generation,Wind Onshore,2026-08-11T10:35:35Z
2026-08-11T10:26:43Z,2026-08-11T12:26:43+0200,e77a8f08-3545-4160-86f5-8c2dd4a3d7e1,2026-07-16T10:00:00Z,2026-07-16T12:00:00+0200,289.7,MW,PT,PT,actual_onshore_wind_generation,Wind Onshore,2026-08-11T10:35:35Z
2026-08-11T10:26:43Z,2026-08-11T12:26:43+0200,e77a8f08-3545-4160-86f5-8c2dd4a3d7e1,2026-07-16T11:00:00Z,2026-07-16T13:00:00+0200,510.6,MW,PT,PT,actual_onshore_wind_generation,Wind Onshore,2026-08-11T10:35:35Z
2026-08-11T10:26:43Z,2026-08-11T12:26:43+0200,e77a8f08-3545-4160-86f5-8c2dd4a3d7e1,2026-07-16T12:00:00Z,2026-07-16T14:00:00+0200,795.2,MW,PT,PT,actual_onshore_wind_generation,Wind Onshore,2026-08-11T10:35:35Z
2026-08-11T10:26:43Z,2026-08-11T12:26:43+0200,e77a8f08-3545-4160-86f5-8c2dd4a3d7e1,2026-07-16T13:00:00Z,2026-07-16T15:00:00+0200,1052.2,MW,PT,PT,actual_onshore_wind_generation,Wind Onshore,2026-08-11T10:35:35Z
2026-08-11T10:26:43Z,2026-08-11T12:26:43+0200,e77a8f08-3545-4160-86f5-8c2dd4a3d7e1,2026-07-16T14:00:00Z,2026-07-16T16:00:00+0200,1287.1,MW,PT,PT,actual_onshore_wind_generation,Wind Onshore,2026-08-11T10:35:35Z
2026-08-11T10:26:43Z,2026-08-11T12:26:43+0200,e77a8f08-3545-4160-86f5-8c2dd4a3d7e1,2026-07-16T15:00:00Z,2026-07-16T17:00:00+0200,1494.2,MW,PT,PT,actual_onshore_wind_generation,Wind Onshore,2026-08-11T10:35:35Z
2026-08-11T10:26:43Z,2026-08-11T12:26:43+0200,e77a8f08-3545-4160-86f5-8c2dd4a3d7e1,2026-07-16T16:00:00Z,2026-07-16T18:00:00+0200,1608.4,MW,PT,PT,actual_onshore_wind_generation,Wind Onshore,2026-08-11T10:35:35Z
2026-08-11T10:26:43Z,2026-08-11T12:26:43+0200,e77a8f08-3545-4160-86f5-8c2dd4a3d7e1,2026-07-16T17:00:00Z,2026-07-16T19:00:00+0200,1551.6,MW,PT,PT,actual_onshore_wind_generation,Wind Onshore,2026-08-11T10:35:35Z
2026-08-11T10:26:43Z,2026-08-11T12:26:43+0200,e77a8f08-3545-4160-86f5-8c2dd4a3d7e1,2026-07-16T18:00:00Z,2026-07-16T20:00:00+0200,1366.9,MW,PT,PT,actual_onshore_wind_generation,Wind Onshore,2026-08-11T10:35:35Z
2026-08-11T10:26:43Z,2026-08-11T12:26:43+0200,e77a8f08-3545-4160-86f5-8c2dd4a3d7e1,2026-07-16T19:00:00Z,2026-07-16T21:00:00+0200,1243.8,MW,PT,PT,actual_onshore_wind_generation,Wind Onshore,2026-08-11T10:35:35Z
2026-08-11T10:26:43Z,2026-08-11T12:26:43+0200,e77a8f08-3545-4160-86f5-8c2dd4a3d7e1,2026-07-16T20:00:00Z,2026-07-16T22:00:00+0200,1017.8,MW,PT,PT,actual_onshore_wind_generation,Wind Onshore,2026-08-11T10:35:35Z
2026-08-11T10:26:43Z,2026-08-11T12:26:43+0200,e77a8f08-3545-4160-86f5-8c2dd4a3d7e1,2026-07-16T21:00:00Z,2026-07-16T23:00:00+0200,790.5,MW,PT,PT,actual_onshore_wind_generation,Wind Onshore,2026-08-11T10:35:35Z
2026-08-11T10:26:43Z,2026-08-11T12:26:43+0200,e77a8f08-3545-4160-86f5-8c2dd4a3d7e1,2026-07-16T22:00:00Z,2026-07-17T00:00:00+0200,666.1,MW,PT,PT,actual_onshore_wind_generation,Wind Onshore,2026-08-11T10:35:35Z
2026-08-11T10:26:43Z,2026-08-11T12:26:43+0200,e77a8f08-3545-4160-86f5-8c2dd4a3d7e1,2026-07-16T23:00:00Z,2026-07-17T01:00:00+0200,540.8,MW,PT,PT,actual_onshore_wind_generation,Wind Onshore,2026-08-11T10:35:35Z
2026-08-11T10:26:43Z,2026-08-11T12:26:43+0200,e77a8f08-3545-4160-86f5-8c2dd4a3d7e1,2026-07-17T00:00:00Z,2026-07-17T02:00:00+0200,415.5,MW,PT,PT,actual_onshore_wind_generation,Wind Onshore,2026-08-11T10:35:35Z
2026-08-11T10:26:43Z,2026-08-11T12:26:43+0200,e77a8f08-3545-4160-86f5-8c2dd4a3d7e1,2026-07-17T01:00:00Z,2026-07-17T03:00:00+0200,443.0,MW,PT,PT,actual_onshore_wind_generation,Wind Onshore,2026-08-11T10:35:35Z
2026-08-11T10:26:43Z,2026-08-11T12:26:43+0200,e77a8f08-3545-4160-86f5-8c2dd4a3d7e1,2026-07-17T02:00:00Z,2026-07-17T04:00:00+0200,406.5,MW,PT,PT,actual_onshore_wind_generation,Wind Onshore,2026-08-11T10:35:35Z
2026-08-11T10:26:43Z,2026-08-11T12:26:43+0200,e77a8f08-3545-4160-86f5-8c2dd4a3d7e1,2026-07-17T03:00:00Z,2026-07-17T05:00:00+0200,403.2,MW,PT,PT,actual_onshore_wind_generation,Wind Onshore,2026-08-11T10:35:35Z
2026-08-11T10:26:43Z,2026-08-11T12:26:43+0200,e77a8f08-3545-4160-86f5-8c2dd4a3d7e1,2026-07-17T04:00:00Z,2026-07-17T06:00:00+0200,448.6,MW,PT,PT,actual_onshore_wind_generation,Wind Onshore,2026-08-11T10:35:35Z
2026-08-11T10:26:43Z,2026-08-11T12:26:43+0200,e77a8f08-3545-4160-86f5-8c2dd4a3d7e1,2026-07-17T05:00:00Z,2026-07-17T07:00:00+0200,520.6,MW,PT,PT,actual_onshore_wind_generation,Wind Onshore,2026-08-11T10:35:35Z
2026-08-11T10:26:43Z,2026-08-11T12:26:43+0200,e77a8f08-3545-4160-86f5-8c2dd4a3d7e1,2026-07-17T06:00:00Z,2026-07-17T08:00:00+0200,485.3,MW,PT,PT,actual_onshore_wind_generation,Wind Onshore,2026-08-11T10:35:35Z
2026-08-11T10:26:43Z,2026-08-11T12:26:43+0200,e77a8f08-3545-4160-86f5-8c2dd4a3d7e1,2026-07-17T07:00:00Z,2026-07-17T09:00:00+0200,381.1,MW,PT,PT,actual_onshore_wind_generation,Wind Onshore,2026-08-11T10:35:35Z
2026-08-11T10:26:43Z,2026-08-11T12:26:43+0200,e77a8f08-3545-4160-86f5-8c2dd4a3d7e1,2026-07-17T08:00:00Z,2026-07-17T10:00:00+0200,361.4,MW,PT,PT,actual_onshore_wind_generation,Wind Onshore,2026-08-11T10:35:35Z
2026-08-11T10:26:43Z,2026-08-11T12:26:43+0200,e77a8f08-3545-4160-86f5-8c2dd4a3d7e1,2026-07-17T09:00:00Z,2026-07-17T11:00:00+0200,349.1,MW,PT,PT,actual_onshore_wind_generation,Wind Onshore,2026-08-11T10:35:35Z
2026-08-11T10:26:43Z,2026-08-11T12:26:43+0200,e77a8f08-3545-4160-86f5-8c2dd4a3d7e1,2026-07-17T10:00:00Z,2026-07-17T12:00:00+0200,349.0,MW,PT,PT,actual_onshore_wind_generation,Wind Onshore,2026-08-11T10:35:35Z
2026-08-11T10:26:43Z,2026-08-11T12:26:43+0200,e77a8f08-3545-4160-86f5-8c2dd4a3d7e1,2026-07-17T11:00:00Z,2026-07-17T13:00:00+0200,442.1,MW,PT,PT,actual_onshore_wind_generation,Wind Onshore,2026-08-11T10:35:35Z
2026-08-11T10:26:43Z,2026-08-11T12:26:43+0200,e77a8f08-3545-4160-86f5-8c2dd4a3d7e1,2026-07-17T12:00:00Z,2026-07-17T14:00:00+0200,562.0,MW,PT,PT,actual_onshore_wind_generation,Wind Onshore,2026-08-11T10:35:35Z
2026-08-11T10:26:43Z,2026-08-11T12:26:43+0200,e77a8f08-3545-4160-86f5-8c2dd4a3d7e1,2026-07-17T13:00:00Z,2026-07-17T15:00:00+0200,658.9,MW,PT,PT,actual_onshore_wind_generation,Wind Onshore,2026-08-11T10:35:35Z
2026-08-11T10:26:43Z,2026-08-11T12:26:43+0200,e77a8f08-3545-4160-86f5-8c2dd4a3d7e1,2026-07-17T14:00:00Z,2026-07-17T16:00:00+0200,811.8,MW,PT,PT,actual_onshore_wind_generation,Wind Onshore,2026-08-11T10:35:35Z
2026-08-11T10:26:43Z,2026-08-11T12:26:43+0200,e77a8f08-3545-4160-86f5-8c2dd4a3d7e1,2026-07-17T15:00:00Z,2026-07-17T17:00:00+0200,1068.1,MW,PT,PT,actual_onshore_wind_generation,Wind Onshore,2026-08-11T10:35:35Z
2026-08-11T10:26:43Z,2026-08-11T12:26:43+0200,e77a8f08-3545-4160-86f5-8c2dd4a3d7e1,2026-07-17T16:00:00Z,2026-07-17T18:00:00+0200,1268.2,MW,PT,PT,actual_onshore_wind_generation,Wind Onshore,2026-08-11T10:35:35Z
2026-08-11T10:26:43Z,2026-08-11T12:26:43+0200,e77a8f08-3545-4160-86f5-8c2dd4a3d7e1,2026-07-17T17:00:00Z,2026-07-17T19:00:00+0200,1410.1,MW,PT,PT,actual_onshore_wind_generation,Wind Onshore,2026-08-11T10:35:35Z
2026-08-11T10:26:43Z,2026-08-11T12:26:43+0200,e77a8f08-3545-4160-86f5-8c2dd4a3d7e1,2026-07-17T18:00:00Z,2026-07-17T20:00:00+0200,1424.3,MW,PT,PT,actual_onshore_wind_generation,Wind Onshore,2026-08-11T10:35:35Z
2026-08-11T10:26:43Z,2026-08-11T12:26:43+0200,e77a8f08-3545-4160-86f5-8c2dd4a3d7e1,2026-07-17T19:00:00Z,2026-07-17T21:00:00+0200,1331.1,MW,PT,PT,actual_onshore_wind_generation,Wind Onshore,2026-08-11T10:35:35Z
2026-08-11T10:26:43Z,2026-08-11T12:26:43+0200,e77a8f08-3545-4160-86f5-8c2dd4a3d7e1,2026-07-17T20:00:00Z,2026-07-17T22:00:00+0200,1214.3,MW,PT,PT,actual_onshore_wind_generation,Wind Onshore,2026-08-11T10:35:35Z
2026-08-11T10:26:43Z,2026-08-11T12:26:43+0200,e77a8f08-3545-4160-86f5-8c2dd4a3d7e1,2026-07-17T21:00:00Z,2026-07-17T23:00:00+0200,1230.4,MW,PT,PT,actual_onshore_wind_generation,Wind Onshore,2026-08-11T10:35:35Z
2026-08-11T10:26:43Z,2026-08-11T12:26:43+0200,e77a8f08-3545-4160-86f5-8c2dd4a3d7e1,2026-07-17T22:00:00Z,2026-07-18T00:00:00+0200,1205.7,MW,PT,PT,actual_onshore_wind_generation,Wind Onshore,2026-08-11T10:35:35Z
2026-08-11T10:26:43Z,2026-08-11T12:26:43+0200,e77a8f08-3545-4160-86f5-8c2dd4a3d7e1,2026-07-17T23:00:00Z,2026-07-18T01:00:00+0200,1089.4,MW,PT,PT,actual_onshore_wind_generation,Wind Onshore,2026-08-11T10:35:35Z
2026-08-11T10:26:43Z,2026-08-11T12:26:43+0200,e77a8f08-3545-4160-86f5-8c2dd4a3d7e1,2026-07-18T00:00:00Z,2026-07-18T02:00:00+0200,940.1,MW,PT,PT,actual_onshore_wind_generation,Wind Onshore,2026-08-11T10:35:35Z
2026-08-11T10:26:43Z,2026-08-11T12:26:43+0200,e77a8f08-3545-4160-86f5-8c2dd4a3d7e1,2026-07-18T01:00:00Z,2026-07-18T03:00:00+0200,947.3,MW,PT,PT,actual_onshore_wind_generation,Wind Onshore,2026-08-11T10:35:35Z
2026-08-11T10:26:43Z,2026-08-11T12:26:43+0200,e77a8f08-3545-4160-86f5-8c2dd4a3d7e1,2026-07-18T02:00:00Z,2026-07-18T04:00:00+0200,894.6,MW,PT,PT,actual_onshore_wind_generation,Wind Onshore,2026-08-11T10:35:35Z
2026-08-11T10:26:43Z,2026-08-11T12:26:43+0200,e77a8f08-3545-4160-86f5-8c2dd4a3d7e1,2026-07-18T03:00:00Z,2026-07-18T05:00:00+0200,842.1,MW,PT,PT,actual_onshore_wind_generation,Wind Onshore,2026-08-11T10:35:35Z
2026-08-11T10:26:43Z,2026-08-11T12:26:43+0200,e77a8f08-3545-4160-86f5-8c2dd4a3d7e1,2026-07-18T04:00:00Z,2026-07-18T06:00:00+0200,973.6,MW,PT,PT,actual_onshore_wind_generation,Wind Onshore,2026-08-11T10:35:35Z
2026-08-11T10:26:43Z,2026-08-11T12:26:43+0200,e77a8f08-3545-4160-86f5-8c2dd4a3d7e1,2026-07-18T05:00:00Z,2026-07-18T07:00:00+0200,1055.8,MW,PT,PT,actual_onshore_wind_generation,Wind Onshore,2026-08-11T10:35:35Z
2026-08-11T10:26:43Z,2026-08-11T12:26:43+0200,e77a8f08-3545-4160-86f5-8c2dd4a3d7e1,2026-07-18T06:00:00Z,2026-07-18T08:00:00+0200,986.2,MW,PT,PT,actual_onshore_wind_generation,Wind Onshore,2026-08-11T10:35:35Z
2026-08-11T10:26:43Z,2026-08-11T12:26:43+0200,e77a8f08-3545-4160-86f5-8c2dd4a3d7e1,2026-07-18T07:00:00Z,2026-07-18T09:00:00+0200,711.2,MW,PT,PT,actual_onshore_wind_generation,Wind Onshore,2026-08-11T10:35:35Z
2026-08-11T10:26:43Z,2026-08-11T12:26:43+0200,e77a8f08-3545-4160-86f5-8c2dd4a3d7e1,2026-07-18T08:00:00Z,2026-07-18T10:00:00+0200,547.0,MW,PT,PT,actual_onshore_wind_generation,Wind Onshore,2026-08-11T10:35:35Z
2026-08-11T10:26:43Z,2026-08-11T12:26:43+0200,e77a8f08-3545-4160-86f5-8c2dd4a3d7e1,2026-07-18T09:00:00Z,2026-07-18T11:00:00+0200,361.4,MW,PT,PT,actual_onshore_wind_generation,Wind Onshore,2026-08-11T10:35:35Z
2026-08-11T10:26:43Z,2026-08-11T12:26:43+0200,e77a8f08-3545-4160-86f5-8c2dd4a3d7e1,2026-07-18T10:00:00Z,2026-07-18T12:00:00+0200,302.3,MW,PT,PT,actual_onshore_wind_generation,Wind Onshore,2026-08-11T10:35:35Z
2026-08-11T10:26:43Z,2026-08-11T12:26:43+0200,e77a8f08-3545-4160-86f5-8c2dd4a3d7e1,2026-07-18T11:00:00Z,2026-07-18T13:00:00+0200,288.2,MW,PT,PT,actual_onshore_wind_generation,Wind Onshore,2026-08-11T10:35:35Z
2026-08-11T10:26:43Z,2026-08-11T12:26:43+0200,e77a8f08-3545-4160-86f5-8c2dd4a3d7e1,2026-07-18T12:00:00Z,2026-07-18T14:00:00+0200,395.3,MW,PT,PT,actual_onshore_wind_generation,Wind Onshore,2026-08-11T10:35:35Z
2026-08-11T10:26:43Z,2026-08-11T12:26:43+0200,e77a8f08-3545-4160-86f5-8c2dd4a3d7e1,2026-07-18T13:00:00Z,2026-07-18T15:00:00+0200,549.5,MW,PT,PT,actual_onshore_wind_generation,Wind Onshore,2026-08-11T10:35:35Z
2026-08-11T10:26:43Z,2026-08-11T12:26:43+0200,e77a8f08-3545-4160-86f5-8c2dd4a3d7e1,2026-07-18T14:00:00Z,2026-07-18T16:00:00+0200,768.3,MW,PT,PT,actual_onshore_wind_generation,Wind Onshore,2026-08-11T10:35:35Z
2026-08-11T10:26:43Z,2026-08-11T12:26:43+0200,e77a8f08-3545-4160-86f5-8c2dd4a3d7e1,2026-07-18T15:00:00Z,2026-07-18T17:00:00+0200,1014.5,MW,PT,PT,actual_onshore_wind_generation,Wind Onshore,2026-08-11T10:35:35Z
2026-08-11T10:26:43Z,2026-08-11T12:26:43+0200,e77a8f08-3545-4160-86f5-8c2dd4a3d7e1,2026-07-18T16:00:00Z,2026-07-18T18:00:00+0200,1162.6,MW,PT,PT,actual_onshore_wind_generation,Wind Onshore,2026-08-11T10:35:35Z
2026-08-11T10:26:43Z,2026-08-11T12:26:43+0200,e77a8f08-3545-4160-86f5-8c2dd4a3d7e1,2026-07-18T17:00:00Z,2026-07-18T19:00:00+0200,1132.2,MW,PT,PT,actual_onshore_wind_generation,Wind Onshore,2026-08-11T10:35:35Z
2026-08-11T10:26:43Z,2026-08-11T12:26:43+0200,e77a8f08-3545-4160-86f5-8c2dd4a3d7e1,2026-07-18T18:00:00Z,2026-07-18T20:00:00+0200,1032.5,MW,PT,PT,actual_onshore_wind_generation,Wind Onshore,2026-08-11T10:35:35Z
2026-08-11T10:26:43Z,2026-08-11T12:26:43+0200,e77a8f08-3545-4160-86f5-8c2dd4a3d7e1,2026-07-18T19:00:00Z,2026-07-18T21:00:00+0200,972.8,MW,PT,PT,actual_onshore_wind_generation,Wind Onshore,2026-08-11T10:35:35Z
2026-08-11T10:26:43Z,2026-08-11T12:26:43+0200,e77a8f08-3545-4160-86f5-8c2dd4a3d7e1,2026-07-18T20:00:00Z,2026-07-18T22:00:00+0200,1053.3,MW,PT,PT,actual_onshore_wind_generation,Wind Onshore,2026-08-11T10:35:35Z
2026-08-11T10:26:43Z,2026-08-11T12:26:43+0200,e77a8f08-3545-4160-86f5-8c2dd4a3d7e1,2026-07-18T21:00:00Z,2026-07-18T23:00:00+0200,1020.8,MW,PT,PT,actual_onshore_wind_generation,Wind Onshore,2026-08-11T10:35:35Z
2026-08-11T10:26:43Z,2026-08-11T12:26:43+0200,e77a8f08-3545-4160-86f5-8c2dd4a3d7e1,2026-07-18T22:00:00Z,2026-07-19T00:00:00+0200,924.9,MW,PT,PT,actual_onshore_wind_generation,Wind Onshore,2026-08-11T10:35:35Z
2026-08-11T10:26:43Z,2026-08-11T12:26:43+0200,e77a8f08-3545-4160-86f5-8c2dd4a3d7e1,2026-07-18T23:00:00Z,2026-07-19T01:00:00+0200,840.1,MW,PT,PT,actual_onshore_wind_generation,Wind Onshore,2026-08-11T10:35:35Z
2026-08-11T10:26:43Z,2026-08-11T12:26:43+0200,e77a8f08-3545-4160-86f5-8c2dd4a3d7e1,2026-07-19T00:00:00Z,2026-07-19T02:00:00+0200,708.4,MW,PT,PT,actual_onshore_wind_generation,Wind Onshore,2026-08-11T10:35:35Z
2026-08-11T10:26:43Z,2026-08-11T12:26:43+0200,e77a8f08-3545-4160-86f5-8c2dd4a3d7e1,2026-07-19T01:00:00Z,2026-07-19T03:00:00+0200,577.7,MW,PT,PT,actual_onshore_wind_generation,Wind Onshore,2026-08-11T10:35:35Z
2026-08-11T10:26:43Z,2026-08-11T12:26:43+0200,e77a8f08-3545-4160-86f5-8c2dd4a3d7e1,2026-07-19T02:00:00Z,2026-07-19T04:00:00+0200,592.1,MW,PT,PT,actual_onshore_wind_generation,Wind Onshore,2026-08-11T10:35:35Z
2026-08-11T10:26:43Z,2026-08-11T12:26:43+0200,e77a8f08-3545-4160-86f5-8c2dd4a3d7e1,2026-07-19T03:00:00Z,2026-07-19T05:00:00+0200,569.6,MW,PT,PT,actual_onshore_wind_generation,Wind Onshore,2026-08-11T10:35:35Z
2026-08-11T10:26:43Z,2026-08-11T12:26:43+0200,e77a8f08-3545-4160-86f5-8c2dd4a3d7e1,2026-07-19T04:00:00Z,2026-07-19T06:00:00+0200,602.4,MW,PT,PT,actual_onshore_wind_generation,Wind Onshore,2026-08-11T10:35:35Z
2026-08-11T10:26:43Z,2026-08-11T12:26:43+0200,e77a8f08-3545-4160-86f5-8c2dd4a3d7e1,2026-07-19T05:00:00Z,2026-07-19T07:00:00+0200,619.6,MW,PT,PT,actual_onshore_wind_generation,Wind Onshore,2026-08-11T10:35:35Z
2026-08-11T10:26:43Z,2026-08-11T12:26:43+0200,e77a8f08-3545-4160-86f5-8c2dd4a3d7e1,2026-07-19T06:00:00Z,2026-07-19T08:00:00+0200,597.2,MW,PT,PT,actual_onshore_wind_generation,Wind Onshore,2026-08-11T10:35:35Z
2026-08-11T10:26:43Z,2026-08-11T12:26:43+0200,e77a8f08-3545-4160-86f5-8c2dd4a3d7e1,2026-07-19T07:00:00Z,2026-07-19T09:00:00+0200,491.3,MW,PT,PT,actual_onshore_wind_generation,Wind Onshore,2026-08-11T10:35:35Z
2026-08-11T10:26:43Z,2026-08-11T12:26:43+0200,e77a8f08-3545-4160-86f5-8c2dd4a3d7e1,2026-07-19T08:00:00Z,2026-07-19T10:00:00+0200,383.8,MW,PT,PT,actual_onshore_wind_generation,Wind Onshore,2026-08-11T10:35:35Z
2026-08-11T10:26:43Z,2026-08-11T12:26:43+0200,e77a8f08-3545-4160-86f5-8c2dd4a3d7e1,2026-07-19T09:00:00Z,2026-07-19T11:00:00+0200,281.8,MW,PT,PT,actual_onshore_wind_generation,Wind Onshore,2026-08-11T10:35:35Z
2026-08-11T10:26:43Z,2026-08-11T12:26:43+0200,e77a8f08-3545-4160-86f5-8c2dd4a3d7e1,2026-07-19T10:00:00Z,2026-07-19T12:00:00+0200,237.0,MW,PT,PT,actual_onshore_wind_generation,Wind Onshore,2026-08-11T10:35:35Z
2026-08-11T10:26:43Z,2026-08-11T12:26:43+0200,e77a8f08-3545-4160-86f5-8c2dd4a3d7e1,2026-07-19T11:00:00Z,2026-07-19T13:00:00+0200,261.6,MW,PT,PT,actual_onshore_wind_generation,Wind Onshore,2026-08-11T10:35:35Z
2026-08-11T10:26:43Z,2026-08-11T12:26:43+0200,e77a8f08-3545-4160-86f5-8c2dd4a3d7e1,2026-07-19T12:00:00Z,2026-07-19T14:00:00+0200,364.1,MW,PT,PT,actual_onshore_wind_generation,Wind Onshore,2026-08-11T10:35:35Z
2026-08-11T10:26:43Z,2026-08-11T12:26:43+0200,e77a8f08-3545-4160-86f5-8c2dd4a3d7e1,2026-07-19T13:00:00Z,2026-07-19T15:00:00+0200,527.6,MW,PT,PT,actual_onshore_wind_generation,Wind Onshore,2026-08-11T10:35:35Z
2026-08-11T10:26:43Z,2026-08-11T12:26:43+0200,e77a8f08-3545-4160-86f5-8c2dd4a3d7e1,2026-07-19T14:00:00Z,2026-07-19T16:00:00+0200,689.6,MW,PT,PT,actual_onshore_wind_generation,Wind Onshore,2026-08-11T10:35:35Z
2026-08-11T10:26:43Z,2026-08-11T12:26:43+0200,e77a8f08-3545-4160-86f5-8c2dd4a3d7e1,2026-07-19T15:00:00Z,2026-07-19T17:00:00+0200,853.0,MW,PT,PT,actual_onshore_wind_generation,Wind Onshore,2026-08-11T10:35:35Z
2026-08-11T10:26:43Z,2026-08-11T12:26:43+0200,e77a8f08-3545-4160-86f5-8c2dd4a3d7e1,2026-07-19T16:00:00Z,2026-07-19T18:00:00+0200,984.1,MW,PT,PT,actual_onshore_wind_generation,Wind Onshore,2026-08-11T10:35:35Z
2026-08-11T10:26:43Z,2026-08-11T12:26:43+0200,e77a8f08-3545-4160-86f5-8c2dd4a3d7e1,2026-07-19T17:00:00Z,2026-07-19T19:00:00+0200,1044.7,MW,PT,PT,actual_onshore_wind_generation,Wind Onshore,2026-08-11T10:35:35Z
2026-08-11T10:26:43Z,2026-08-11T12:26:43+0200,e77a8f08-3545-4160-86f5-8c2dd4a3d7e1,2026-07-19T18:00:00Z,2026-07-19T20:00:00+0200,1002.3,MW,PT,PT,actual_onshore_wind_generation,Wind Onshore,2026-08-11T10:35:35Z
2026-08-11T10:26:43Z,2026-08-11T12:26:43+0200,e77a8f08-3545-4160-86f5-8c2dd4a3d7e1,2026-07-19T19:00:00Z,2026-07-19T21:00:00+0200,868.3,MW,PT,PT,actual_onshore_wind_generation,Wind Onshore,2026-08-11T10:35:35Z
2026-08-11T10:26:43Z,2026-08-11T12:26:43+0200,e77a8f08-3545-4160-86f5-8c2dd4a3d7e1,2026-07-19T20:00:00Z,2026-07-19T22:00:00+0200,763.0,MW,PT,PT,actual_onshore_wind_generation,Wind Onshore,2026-08-11T10:35:35Z
2026-08-11T10:26:43Z,2026-08-11T12:26:43+0200,e77a8f08-3545-4160-86f5-8c2dd4a3d7e1,2026-07-19T21:00:00Z,2026-07-19T23:00:00+0200,684.5,MW,PT,PT,actual_onshore_wind_generation,Wind Onshore,2026-08-11T10:35:35Z
2026-08-11T10:26:43Z,2026-08-11T12:26:43+0200,e77a8f08-3545-4160-86f5-8c2dd4a3d7e1,2026-07-19T22:00:00Z,2026-07-20T00:00:00+0200,535.2,MW,PT,PT,actual_onshore_wind_generation,Wind Onshore,2026-08-11T10:35:35Z
2026-08-11T10:26:43Z,2026-08-11T12:26:43+0200,e77a8f08-3545-4160-86f5-8c2dd4a3d7e1,2026-07-19T23:00:00Z,2026-07-20T01:00:00+0200,488.6,MW,PT,PT,actual_onshore_wind_generation,Wind Onshore,2026-08-11T10:35:35Z
2026-08-11T10:26:43Z,2026-08-11T12:26:43+0200,e77a8f08-3545-4160-86f5-8c2dd4a3d7e1,2026-07-20T00:00:00Z,2026-07-20T02:00:00+0200,416.3,MW,PT,PT,actual_onshore_wind_generation,Wind Onshore,2026-08-11T10:35:35Z
2026-08-11T10:26:43Z,2026-08-11T12:26:43+0200,e77a8f08-3545-4160-86f5-8c2dd4a3d7e1,2026-07-20T01:00:00Z,2026-07-20T03:00:00+0200,361.5,MW,PT,PT,actual_onshore_wind_generation,Wind Onshore,2026-08-11T10:35:35Z
2026-08-11T10:26:43Z,2026-08-11T12:26:43+0200,e77a8f08-3545-4160-86f5-8c2dd4a3d7e1,2026-07-20T02:00:00Z,2026-07-20T04:00:00+0200,313.1,MW,PT,PT,actual_onshore_wind_generation,Wind Onshore,2026-08-11T10:35:35Z
2026-08-11T10:26:43Z,2026-08-11T12:26:43+0200,e77a8f08-3545-4160-86f5-8c2dd4a3d7e1,2026-07-20T03:00:00Z,2026-07-20T05:00:00+0200,288.1,MW,PT,PT,actual_onshore_wind_generation,Wind Onshore,2026-08-11T10:35:35Z
2026-08-11T10:26:43Z,2026-08-11T12:26:43+0200,e77a8f08-3545-4160-86f5-8c2dd4a3d7e1,2026-07-20T04:00:00Z,2026-07-20T06:00:00+0200,218.7,MW,PT,PT,actual_onshore_wind_generation,Wind Onshore,2026-08-11T10:35:35Z
2026-08-11T10:26:43Z,2026-08-11T12:26:43+0200,e77a8f08-3545-4160-86f5-8c2dd4a3d7e1,2026-07-20T05:00:00Z,2026-07-20T07:00:00+0200,194.6,MW,PT,PT,actual_onshore_wind_generation,Wind Onshore,2026-08-11T10:35:35Z
2026-08-11T10:26:43Z,2026-08-11T12:26:43+0200,e77a8f08-3545-4160-86f5-8c2dd4a3d7e1,2026-07-20T06:00:00Z,2026-07-20T08:00:00+0200,189.7,MW,PT,PT,actual_onshore_wind_generation,Wind Onshore,2026-08-11T10:35:35Z
2026-08-11T10:26:43Z,2026-08-11T12:26:43+0200,e77a8f08-3545-4160-86f5-8c2dd4a3d7e1,2026-07-20T07:00:00Z,2026-07-20T09:00:00+0200,168.5,MW,PT,PT,actual_onshore_wind_generation,Wind Onshore,2026-08-11T10:35:35Z
2026-08-11T10:26:43Z,2026-08-11T12:26:43+0200,e77a8f08-3545-4160-86f5-8c2dd4a3d7e1,2026-07-20T08:00:00Z,2026-07-20T10:00:00+0200,189.2,MW,PT,PT,actual_onshore_wind_generation,Wind Onshore,2026-08-11T10:35:35Z
2026-08-11T10:26:43Z,2026-08-11T12:26:43+0200,e77a8f08-3545-4160-86f5-8c2dd4a3d7e1,2026-07-20T09:00:00Z,2026-07-20T11:00:00+0200,253.0,MW,PT,PT,actual_onshore_wind_generation,Wind Onshore,2026-08-11T10:35:35Z
2026-08-11T10:26:43Z,2026-08-11T12:26:43+0200,e77a8f08-3545-4160-86f5-8c2dd4a3d7e1,2026-07-20T10:00:00Z,2026-07-20T12:00:00+0200,242.1,MW,PT,PT,actual_onshore_wind_generation,Wind Onshore,2026-08-11T10:35:35Z
2026-08-11T10:26:43Z,2026-08-11T12:26:43+0200,e77a8f08-3545-4160-86f5-8c2dd4a3d7e1,2026-07-20T11:00:00Z,2026-07-20T13:00:00+0200,287.8,MW,PT,PT,actual_onshore_wind_generation,Wind Onshore,2026-08-11T10:35:35Z
2026-08-11T10:26:43Z,2026-08-11T12:26:43+0200,e77a8f08-3545-4160-86f5-8c2dd4a3d7e1,2026-07-20T12:00:00Z,2026-07-20T14:00:00+0200,358.7,MW,PT,PT,actual_onshore_wind_generation,Wind Onshore,2026-08-11T10:35:35Z
2026-08-11T10:26:43Z,2026-08-11T12:26:43+0200,e77a8f08-3545-4160-86f5-8c2dd4a3d7e1,2026-07-20T13:00:00Z,2026-07-20T15:00:00+0200,480.2,MW,PT,PT,actual_onshore_wind_generation,Wind Onshore,2026-08-11T10:35:35Z
2026-08-11T10:26:43Z,2026-08-11T12:26:43+0200,e77a8f08-3545-4160-86f5-8c2dd4a3d7e1,2026-07-20T14:00:00Z,2026-07-20T16:00:00+0200,648.9,MW,PT,PT,actual_onshore_wind_generation,Wind Onshore,2026-08-11T10:35:35Z
2026-08-11T10:26:43Z,2026-08-11T12:26:43+0200,e77a8f08-3545-4160-86f5-8c2dd4a3d7e1,2026-07-20T15:00:00Z,2026-07-20T17:00:00+0200,718.9,MW,PT,PT,actual_onshore_wind_generation,Wind Onshore,2026-08-11T10:35:35Z
2026-08-11T10:26:43Z,2026-08-11T12:26:43+0200,e77a8f08-3545-4160-86f5-8c2dd4a3d7e1,2026-07-20T16:00:00Z,2026-07-20T18:00:00+0200,803.0,MW,PT,PT,actual_onshore_wind_generation,Wind Onshore,2026-08-11T10:35:35Z
2026-08-11T10:26:43Z,2026-08-11T12:26:43+0200,e77a8f08-3545-4160-86f5-8c2dd4a3d7e1,2026-07-20T17:00:00Z,2026-07-20T19:00:00+0200,867.4,MW,PT,PT,actual_onshore_wind_generation,Wind Onshore,2026-08-11T10:35:35Z
2026-08-11T10:26:43Z,2026-08-11T12:26:43+0200,e77a8f08-3545-4160-86f5-8c2dd4a3d7e1,2026-07-20T18:00:00Z,2026-07-20T20:00:00+0200,875.3,MW,PT,PT,actual_onshore_wind_generation,Wind Onshore,2026-08-11T10:35:35Z
2026-08-11T10:26:43Z,2026-08-11T12:26:43+0200,e77a8f08-3545-4160-86f5-8c2dd4a3d7e1,2026-07-20T19:00:00Z,2026-07-20T21:00:00+0200,772.9,MW,PT,PT,actual_onshore_wind_generation,Wind Onshore,2026-08-11T10:35:35Z
2026-08-11T10:26:43Z,2026-08-11T12:26:43+0200,e77a8f08-3545-4160-86f5-8c2dd4a3d7e1,2026-07-20T20:00:00Z,2026-07-20T22:00:00+0200,613.5,MW,PT,PT,actual_onshore_wind_generation,Wind Onshore,2026-08-11T10:35:35Z
2026-08-11T10:26:43Z,2026-08-11T12:26:43+0200,e77a8f08-3545-4160-86f5-8c2dd4a3d7e1,2026-07-20T21:00:00Z,2026-07-20T23:00:00+0200,564.8,MW,PT,PT,actual_onshore_wind_generation,Wind Onshore,2026-08-11T10:35:35Z
2026-08-11T10:26:43Z,2026-08-11T12:26:43+0200,e77a8f08-3545-4160-86f5-8c2dd4a3d7e1,2026-07-20T22:00:00Z,2026-07-21T00:00:00+0200,451.4,MW,PT,PT,actual_onshore_wind_generation,Wind Onshore,2026-08-11T10:35:35Z
2026-08-11T10:26:43Z,2026-08-11T12:26:43+0200,e77a8f08-3545-4160-86f5-8c2dd4a3d7e1,2026-07-20T23:00:00Z,2026-07-21T01:00:00+0200,374.3,MW,PT,PT,actual_onshore_wind_generation,Wind Onshore,2026-08-11T10:35:35Z
2026-08-11T10:26:43Z,2026-08-11T12:26:43+0200,e77a8f08-3545-4160-86f5-8c2dd4a3d7e1,2026-07-21T00:00:00Z,2026-07-21T02:00:00+0200,303.3,MW,PT,PT,actual_onshore_wind_generation,Wind Onshore,2026-08-11T10:35:35Z
2026-08-11T10:26:43Z,2026-08-11T12:26:43+0200,e77a8f08-3545-4160-86f5-8c2dd4a3d7e1,2026-07-21T01:00:00Z,2026-07-21T03:00:00+0200,279.1,MW,PT,PT,actual_onshore_wind_generation,Wind Onshore,2026-08-11T10:35:35Z
2026-08-11T10:26:43Z,2026-08-11T12:26:43+0200,e77a8f08-3545-4160-86f5-8c2dd4a3d7e1,2026-07-21T02:00:00Z,2026-07-21T04:00:00+0200,270.4,MW,PT,PT,actual_onshore_wind_generation,Wind Onshore,2026-08-11T10:35:35Z
2026-08-11T10:26:43Z,2026-08-11T12:26:43+0200,e77a8f08-3545-4160-86f5-8c2dd4a3d7e1,2026-07-21T03:00:00Z,2026-07-21T05:00:00+0200,303.3,MW,PT,PT,actual_onshore_wind_generation,Wind Onshore,2026-08-11T10:35:35Z
2026-08-11T10:26:43Z,2026-08-11T12:26:43+0200,e77a8f08-3545-4160-86f5-8c2dd4a3d7e1,2026-07-21T04:00:00Z,2026-07-21T06:00:00+0200,365.5,MW,PT,PT,actual_onshore_wind_generation,Wind Onshore,2026-08-11T10:35:35Z
2026-08-11T10:26:43Z,2026-08-11T12:26:43+0200,e77a8f08-3545-4160-86f5-8c2dd4a3d7e1,2026-07-21T05:00:00Z,2026-07-21T07:00:00+0200,451.4,MW,PT,PT,actual_onshore_wind_generation,Wind Onshore,2026-08-11T10:35:35Z
2026-08-11T10:26:43Z,2026-08-11T12:26:43+0200,e77a8f08-3545-4160-86f5-8c2dd4a3d7e1,2026-07-21T06:00:00Z,2026-07-21T08:00:00+0200,499.8,MW,PT,PT,actual_onshore_wind_generation,Wind Onshore,2026-08-11T10:35:35Z
2026-08-11T10:26:43Z,2026-08-11T12:26:43+0200,e77a8f08-3545-4160-86f5-8c2dd4a3d7e1,2026-07-21T07:00:00Z,2026-07-21T09:00:00+0200,427.2,MW,PT,PT,actual_onshore_wind_generation,Wind Onshore,2026-08-11T10:35:35Z
2026-08-11T10:26:43Z,2026-08-11T12:26:43+0200,e77a8f08-3545-4160-86f5-8c2dd4a3d7e1,2026-07-21T08:00:00Z,2026-07-21T10:00:00+0200,325.9,MW,PT,PT,actual_onshore_wind_generation,Wind Onshore,2026-08-11T10:35:35Z
2026-08-11T10:26:43Z,2026-08-11T12:26:43+0200,e77a8f08-3545-4160-86f5-8c2dd4a3d7e1,2026-07-21T09:00:00Z,2026-07-21T11:00:00+0200,199.2,MW,PT,PT,actual_onshore_wind_generation,Wind Onshore,2026-08-11T10:35:35Z
2026-08-11T10:26:43Z,2026-08-11T12:26:43+0200,e77a8f08-3545-4160-86f5-8c2dd4a3d7e1,2026-07-21T10:00:00Z,2026-07-21T12:00:00+0200,172.4,MW,PT,PT,actual_onshore_wind_generation,Wind Onshore,2026-08-11T10:35:35Z
2026-08-11T10:26:43Z,2026-08-11T12:26:43+0200,e77a8f08-3545-4160-86f5-8c2dd4a3d7e1,2026-07-21T11:00:00Z,2026-07-21T13:00:00+0200,196.2,MW,PT,PT,actual_onshore_wind_generation,Wind Onshore,2026-08-11T10:35:35Z
2026-08-11T10:26:43Z,2026-08-11T12:26:43+0200,e77a8f08-3545-4160-86f5-8c2dd4a3d7e1,2026-07-21T12:00:00Z,2026-07-21T14:00:00+0200,244.8,MW,PT,PT,actual_onshore_wind_generation,Wind Onshore,2026-08-11T10:35:35Z
2026-08-11T10:26:43Z,2026-08-11T12:26:43+0200,e77a8f08-3545-4160-86f5-8c2dd4a3d7e1,2026-07-21T13:00:00Z,2026-07-21T15:00:00+0200,289.1,MW,PT,PT,actual_onshore_wind_generation,Wind Onshore,2026-08-11T10:35:35Z
2026-08-11T10:26:43Z,2026-08-11T12:26:43+0200,e77a8f08-3545-4160-86f5-8c2dd4a3d7e1,2026-07-21T14:00:00Z,2026-07-21T16:00:00+0200,389.4,MW,PT,PT,actual_onshore_wind_generation,Wind Onshore,2026-08-11T10:35:35Z
2026-08-11T10:26:43Z,2026-08-11T12:26:43+0200,e77a8f08-3545-4160-86f5-8c2dd4a3d7e1,2026-07-21T15:00:00Z,2026-07-21T17:00:00+0200,382.2,MW,PT,PT,actual_onshore_wind_generation,Wind Onshore,2026-08-11T10:35:35Z
2026-08-11T10:26:43Z,2026-08-11T12:26:43+0200,e77a8f08-3545-4160-86f5-8c2dd4a3d7e1,2026-07-21T16:00:00Z,2026-07-21T18:00:00+0200,381.2,MW,PT,PT,actual_onshore_wind_generation,Wind Onshore,2026-08-11T10:35:35Z
2026-08-11T10:26:43Z,2026-08-11T12:26:43+0200,e77a8f08-3545-4160-86f5-8c2dd4a3d7e1,2026-07-21T17:00:00Z,2026-07-21T19:00:00+0200,443.0,MW,PT,PT,actual_onshore_wind_generation,Wind Onshore,2026-08-11T10:35:35Z
2026-08-11T10:26:43Z,2026-08-11T12:26:43+0200,e77a8f08-3545-4160-86f5-8c2dd4a3d7e1,2026-07-21T18:00:00Z,2026-07-21T20:00:00+0200,460.7,MW,PT,PT,actual_onshore_wind_generation,Wind Onshore,2026-08-11T10:35:35Z
2026-08-11T10:26:43Z,2026-08-11T12:26:43+0200,e77a8f08-3545-4160-86f5-8c2dd4a3d7e1,2026-07-21T19:00:00Z,2026-07-21T21:00:00+0200,500.8,MW,PT,PT,actual_onshore_wind_generation,Wind Onshore,2026-08-11T10:35:35Z
2026-08-11T10:26:43Z,2026-08-11T12:26:43+0200,e77a8f08-3545-4160-86f5-8c2dd4a3d7e1,2026-07-21T20:00:00Z,2026-07-21T22:00:00+0200,486.6,MW,PT,PT,actual_onshore_wind_generation,Wind Onshore,2026-08-11T10:35:35Z
2026-08-11T10:26:43Z,2026-08-11T12:26:43+0200,e77a8f08-3545-4160-86f5-8c2dd4a3d7e1,2026-07-21T21:00:00Z,2026-07-21T23:00:00+0200,471.0,MW,PT,PT,actual_onshore_wind_generation,Wind Onshore,2026-08-11T10:35:35Z
2026-08-11T10:26:43Z,2026-08-11T12:26:43+0200,e77a8f08-3545-4160-86f5-8c2dd4a3d7e1,2026-07-21T22:00:00Z,2026-07-22T00:00:00+0200,460.5,MW,PT,PT,actual_onshore_wind_generation,Wind Onshore,2026-08-11T10:35:35Z
2026-08-11T10:26:43Z,2026-08-11T12:26:43+0200,e77a8f08-3545-4160-86f5-8c2dd4a3d7e1,2026-07-21T23:00:00Z,2026-07-22T01:00:00+0200,413.8,MW,PT,PT,actual_onshore_wind_generation,Wind Onshore,2026-08-11T10:35:35Z
2026-08-11T10:26:43Z,2026-08-11T12:26:43+0200,e77a8f08-3545-4160-86f5-8c2dd4a3d7e1,2026-07-22T00:00:00Z,2026-07-22T02:00:00+0200,385.0,MW,PT,PT,actual_onshore_wind_generation,Wind Onshore,2026-08-11T10:35:35Z
2026-08-11T10:26:43Z,2026-08-11T12:26:43+0200,e77a8f08-3545-4160-86f5-8c2dd4a3d7e1,2026-07-22T01:00:00Z,2026-07-22T03:00:00+0200,421.0,MW,PT,PT,actual_onshore_wind_generation,Wind Onshore,2026-08-11T10:35:35Z
2026-08-11T10:26:43Z,2026-08-11T12:26:43+0200,e77a8f08-3545-4160-86f5-8c2dd4a3d7e1,2026-07-22T02:00:00Z,2026-07-22T04:00:00+0200,405.7,MW,PT,PT,actual_onshore_wind_generation,Wind Onshore,2026-08-11T10:35:35Z
2026-08-11T10:26:43Z,2026-08-11T12:26:43+0200,e77a8f08-3545-4160-86f5-8c2dd4a3d7e1,2026-07-22T03:00:00Z,2026-07-22T05:00:00+0200,356.5,MW,PT,PT,actual_onshore_wind_generation,Wind Onshore,2026-08-11T10:35:35Z
2026-08-11T10:26:43Z,2026-08-11T12:26:43+0200,e77a8f08-3545-4160-86f5-8c2dd4a3d7e1,2026-07-22T04:00:00Z,2026-07-22T06:00:00+0200,301.1,MW,PT,PT,actual_onshore_wind_generation,Wind Onshore,2026-08-11T10:35:35Z
2026-08-11T10:26:43Z,2026-08-11T12:26:43+0200,e77a8f08-3545-4160-86f5-8c2dd4a3d7e1,2026-07-22T05:00:00Z,2026-07-22T07:00:00+0200,278.6,MW,PT,PT,actual_onshore_wind_generation,Wind Onshore,2026-08-11T10:35:35Z
2026-08-11T10:26:43Z,2026-08-11T12:26:43+0200,e77a8f08-3545-4160-86f5-8c2dd4a3d7e1,2026-07-22T06:00:00Z,2026-07-22T08:00:00+0200,269.0,MW,PT,PT,actual_onshore_wind_generation,Wind Onshore,2026-08-11T10:35:35Z
2026-08-11T10:26:43Z,2026-08-11T12:26:43+0200,e77a8f08-3545-4160-86f5-8c2dd4a3d7e1,2026-07-22T07:00:00Z,2026-07-22T09:00:00+0200,258.3,MW,PT,PT,actual_onshore_wind_generation,Wind Onshore,2026-08-11T10:35:35Z
2026-08-11T10:26:43Z,2026-08-11T12:26:43+0200,e77a8f08-3545-4160-86f5-8c2dd4a3d7e1,2026-07-22T08:00:00Z,2026-07-22T10:00:00+0200,209.6,MW,PT,PT,actual_onshore_wind_generation,Wind Onshore,2026-08-11T10:35:35Z
2026-08-11T10:26:43Z,2026-08-11T12:26:43+0200,e77a8f08-3545-4160-86f5-8c2dd4a3d7e1,2026-07-22T09:00:00Z,2026-07-22T11:00:00+0200,178.8,MW,PT,PT,actual_onshore_wind_generation,Wind Onshore,2026-08-11T10:35:35Z
2026-08-11T10:26:43Z,2026-08-11T12:26:43+0200,e77a8f08-3545-4160-86f5-8c2dd4a3d7e1,2026-07-22T10:00:00Z,2026-07-22T12:00:00+0200,187.8,MW,PT,PT,actual_onshore_wind_generation,Wind Onshore,2026-08-11T10:35:35Z
2026-08-11T10:26:43Z,2026-08-11T12:26:43+0200,e77a8f08-3545-4160-86f5-8c2dd4a3d7e1,2026-07-22T11:00:00Z,2026-07-22T13:00:00+0200,247.1,MW,PT,PT,actual_onshore_wind_generation,Wind Onshore,2026-08-11T10:35:35Z
2026-08-11T10:26:43Z,2026-08-11T12:26:43+0200,e77a8f08-3545-4160-86f5-8c2dd4a3d7e1,2026-07-22T12:00:00Z,2026-07-22T14:00:00+0200,358.6,MW,PT,PT,actual_onshore_wind_generation,Wind Onshore,2026-08-11T10:35:35Z
2026-08-11T10:26:43Z,2026-08-11T12:26:43+0200,e77a8f08-3545-4160-86f5-8c2dd4a3d7e1,2026-07-22T13:00:00Z,2026-07-22T15:00:00+0200,493.4,MW,PT,PT,actual_onshore_wind_generation,Wind Onshore,2026-08-11T10:35:35Z
2026-08-11T10:26:43Z,2026-08-11T12:26:43+0200,e77a8f08-3545-4160-86f5-8c2dd4a3d7e1,2026-07-22T14:00:00Z,2026-07-22T16:00:00+0200,616.1,MW,PT,PT,actual_onshore_wind_generation,Wind Onshore,2026-08-11T10:35:35Z
2026-08-11T10:26:43Z,2026-08-11T12:26:43+0200,e77a8f08-3545-4160-86f5-8c2dd4a3d7e1,2026-07-22T15:00:00Z,2026-07-22T17:00:00+0200,689.0,MW,PT,PT,actual_onshore_wind_generation,Wind Onshore,2026-08-11T10:35:35Z
2026-08-11T10:26:43Z,2026-08-11T12:26:43+0200,e77a8f08-3545-4160-86f5-8c2dd4a3d7e1,2026-07-22T16:00:00Z,2026-07-22T18:00:00+0200,759.8,MW,PT,PT,actual_onshore_wind_generation,Wind Onshore,2026-08-11T10:35:35Z
2026-08-11T10:26:43Z,2026-08-11T12:26:43+0200,e77a8f08-3545-4160-86f5-8c2dd4a3d7e1,2026-07-22T17:00:00Z,2026-07-22T19:00:00+0200,816.1,MW,PT,PT,actual_onshore_wind_generation,Wind Onshore,2026-08-11T10:35:35Z
2026-08-11T10:26:43Z,2026-08-11T12:26:43+0200,e77a8f08-3545-4160-86f5-8c2dd4a3d7e1,2026-07-22T18:00:00Z,2026-07-22T20:00:00+0200,794.4,MW,PT,PT,actual_onshore_wind_generation,Wind Onshore,2026-08-11T10:35:35Z
2026-08-11T10:26:43Z,2026-08-11T12:26:43+0200,e77a8f08-3545-4160-86f5-8c2dd4a3d7e1,2026-07-22T19:00:00Z,2026-07-22T21:00:00+0200,756.4,MW,PT,PT,actual_onshore_wind_generation,Wind Onshore,2026-08-11T10:35:35Z
2026-08-11T10:26:43Z,2026-08-11T12:26:43+0200,e77a8f08-3545-4160-86f5-8c2dd4a3d7e1,2026-07-22T20:00:00Z,2026-07-22T22:00:00+0200,727.7,MW,PT,PT,actual_onshore_wind_generation,Wind Onshore,2026-08-11T10:35:35Z
2026-08-11T10:26:43Z,2026-08-11T12:26:43+0200,e77a8f08-3545-4160-86f5-8c2dd4a3d7e1,2026-07-22T21:00:00Z,2026-07-22T23:00:00+0200,638.0,MW,PT,PT,actual_onshore_wind_generation,Wind Onshore,2026-08-11T10:35:35Z
2026-08-11T10:26:43Z,2026-08-11T12:26:43+0200,e77a8f08-3545-4160-86f5-8c2dd4a3d7e1,2026-07-22T22:00:00Z,2026-07-23T00:00:00+0200,642.9,MW,PT,PT,actual_onshore_wind_generation,Wind Onshore,2026-08-11T10:35:35Z
2026-08-11T10:26:43Z,2026-08-11T12:26:43+0200,e77a8f08-3545-4160-86f5-8c2dd4a3d7e1,2026-07-22T23:00:00Z,2026-07-23T01:00:00+0200,652.6,MW,PT,PT,actual_onshore_wind_generation,Wind Onshore,2026-08-11T10:35:35Z
2026-08-11T10:26:43Z,2026-08-11T12:26:43+0200,e77a8f08-3545-4160-86f5-8c2dd4a3d7e1,2026-07-23T00:00:00Z,2026-07-23T02:00:00+0200,573.9,MW,PT,PT,actual_onshore_wind_generation,Wind Onshore,2026-08-11T10:35:35Z
2026-08-11T10:26:43Z,2026-08-11T12:26:43+0200,e77a8f08-3545-4160-86f5-8c2dd4a3d7e1,2026-07-23T01:00:00Z,2026-07-23T03:00:00+0200,523.7,MW,PT,PT,actual_onshore_wind_generation,Wind Onshore,2026-08-11T10:35:35Z
2026-08-11T10:26:43Z,2026-08-11T12:26:43+0200,e77a8f08-3545-4160-86f5-8c2dd4a3d7e1,2026-07-23T02:00:00Z,2026-07-23T04:00:00+0200,496.7,MW,PT,PT,actual_onshore_wind_generation,Wind Onshore,2026-08-11T10:35:35Z
2026-08-11T10:26:43Z,2026-08-11T12:26:43+0200,e77a8f08-3545-4160-86f5-8c2dd4a3d7e1,2026-07-23T03:00:00Z,2026-07-23T05:00:00+0200,473.8,MW,PT,PT,actual_onshore_wind_generation,Wind Onshore,2026-08-11T10:35:35Z
2026-08-11T10:26:43Z,2026-08-11T12:26:43+0200,e77a8f08-3545-4160-86f5-8c2dd4a3d7e1,2026-07-23T04:00:00Z,2026-07-23T06:00:00+0200,446.4,MW,PT,PT,actual_onshore_wind_generation,Wind Onshore,2026-08-11T10:35:35Z
2026-08-11T10:26:43Z,2026-08-11T12:26:43+0200,e77a8f08-3545-4160-86f5-8c2dd4a3d7e1,2026-07-23T05:00:00Z,2026-07-23T07:00:00+0200,448.4,MW,PT,PT,actual_onshore_wind_generation,Wind Onshore,2026-08-11T10:35:35Z
2026-08-11T10:26:43Z,2026-08-11T12:26:43+0200,e77a8f08-3545-4160-86f5-8c2dd4a3d7e1,2026-07-23T06:00:00Z,2026-07-23T08:00:00+0200,450.2,MW,PT,PT,actual_onshore_wind_generation,Wind Onshore,2026-08-11T10:35:35Z
2026-08-11T10:26:43Z,2026-08-11T12:26:43+0200,e77a8f08-3545-4160-86f5-8c2dd4a3d7e1,2026-07-23T07:00:00Z,2026-07-23T09:00:00+0200,381.9,MW,PT,PT,actual_onshore_wind_generation,Wind Onshore,2026-08-11T10:35:35Z
2026-08-11T10:26:43Z,2026-08-11T12:26:43+0200,e77a8f08-3545-4160-86f5-8c2dd4a3d7e1,2026-07-23T08:00:00Z,2026-07-23T10:00:00+0200,308.5,MW,PT,PT,actual_onshore_wind_generation,Wind Onshore,2026-08-11T10:35:35Z
2026-08-11T10:26:43Z,2026-08-11T12:26:43+0200,e77a8f08-3545-4160-86f5-8c2dd4a3d7e1,2026-07-23T09:00:00Z,2026-07-23T11:00:00+0200,193.1,MW,PT,PT,actual_onshore_wind_generation,Wind Onshore,2026-08-11T10:35:35Z
2026-08-11T10:26:43Z,2026-08-11T12:26:43+0200,e77a8f08-3545-4160-86f5-8c2dd4a3d7e1,2026-07-23T10:00:00Z,2026-07-23T12:00:00+0200,198.7,MW,PT,PT,actual_onshore_wind_generation,Wind Onshore,2026-08-11T10:35:35Z
2026-08-11T10:26:43Z,2026-08-11T12:26:43+0200,e77a8f08-3545-4160-86f5-8c2dd4a3d7e1,2026-07-23T11:00:00Z,2026-07-23T13:00:00+0200,283.0,MW,PT,PT,actual_onshore_wind_generation,Wind Onshore,2026-08-11T10:35:35Z
2026-08-11T10:26:43Z,2026-08-11T12:26:43+0200,e77a8f08-3545-4160-86f5-8c2dd4a3d7e1,2026-07-23T12:00:00Z,2026-07-23T14:00:00+0200,444.5,MW,PT,PT,actual_onshore_wind_generation,Wind Onshore,2026-08-11T10:35:35Z
2026-08-11T10:26:43Z,2026-08-11T12:26:43+0200,e77a8f08-3545-4160-86f5-8c2dd4a3d7e1,2026-07-23T13:00:00Z,2026-07-23T15:00:00+0200,612.5,MW,PT,PT,actual_onshore_wind_generation,Wind Onshore,2026-08-11T10:35:35Z
2026-08-11T10:26:43Z,2026-08-11T12:26:43+0200,e77a8f08-3545-4160-86f5-8c2dd4a3d7e1,2026-07-23T14:00:00Z,2026-07-23T16:00:00+0200,739.5,MW,PT,PT,actual_onshore_wind_generation,Wind Onshore,2026-08-11T10:35:35Z
2026-08-11T10:26:43Z,2026-08-11T12:26:43+0200,e77a8f08-3545-4160-86f5-8c2dd4a3d7e1,2026-07-23T15:00:00Z,2026-07-23T17:00:00+0200,908.8,MW,PT,PT,actual_onshore_wind_generation,Wind Onshore,2026-08-11T10:35:35Z
2026-08-11T10:26:43Z,2026-08-11T12:26:43+0200,e77a8f08-3545-4160-86f5-8c2dd4a3d7e1,2026-07-23T16:00:00Z,2026-07-23T18:00:00+0200,1249.3,MW,PT,PT,actual_onshore_wind_generation,Wind Onshore,2026-08-11T10:35:35Z
2026-08-11T10:26:43Z,2026-08-11T12:26:43+0200,e77a8f08-3545-4160-86f5-8c2dd4a3d7e1,2026-07-23T17:00:00Z,2026-07-23T19:00:00+0200,1462.3,MW,PT,PT,actual_onshore_wind_generation,Wind Onshore,2026-08-11T10:35:35Z
2026-08-11T10:26:43Z,2026-08-11T12:26:43+0200,e77a8f08-3545-4160-86f5-8c2dd4a3d7e1,2026-07-23T18:00:00Z,2026-07-23T20:00:00+0200,1594.3,MW,PT,PT,actual_onshore_wind_generation,Wind Onshore,2026-08-11T10:35:35Z
2026-08-11T10:26:43Z,2026-08-11T12:26:43+0200,e77a8f08-3545-4160-86f5-8c2dd4a3d7e1,2026-07-23T19:00:00Z,2026-07-23T21:00:00+0200,1430.3,MW,PT,PT,actual_onshore_wind_generation,Wind Onshore,2026-08-11T10:35:35Z
2026-08-11T10:26:43Z,2026-08-11T12:26:43+0200,e77a8f08-3545-4160-86f5-8c2dd4a3d7e1,2026-07-23T20:00:00Z,2026-07-23T22:00:00+0200,1314.8,MW,PT,PT,actual_onshore_wind_generation,Wind Onshore,2026-08-11T10:35:35Z
2026-08-11T10:26:43Z,2026-08-11T12:26:43+0200,e77a8f08-3545-4160-86f5-8c2dd4a3d7e1,2026-07-23T21:00:00Z,2026-07-23T23:00:00+0200,1353.5,MW,PT,PT,actual_onshore_wind_generation,Wind Onshore,2026-08-11T10:35:35Z
2026-08-11T10:26:43Z,2026-08-11T12:26:43+0200,e77a8f08-3545-4160-86f5-8c2dd4a3d7e1,2026-07-23T22:00:00Z,2026-07-24T00:00:00+0200,1386.4,MW,PT,PT,actual_onshore_wind_generation,Wind Onshore,2026-08-11T10:35:35Z
2026-08-11T10:26:43Z,2026-08-11T12:26:43+0200,e77a8f08-3545-4160-86f5-8c2dd4a3d7e1,2026-07-23T23:00:00Z,2026-07-24T01:00:00+0200,1489.8,MW,PT,PT,actual_onshore_wind_generation,Wind Onshore,2026-08-11T10:35:35Z
2026-08-11T10:26:43Z,2026-08-11T12:26:43+0200,e77a8f08-3545-4160-86f5-8c2dd4a3d7e1,2026-07-24T00:00:00Z,2026-07-24T02:00:00+0200,1528.6,MW,PT,PT,actual_onshore_wind_generation,Wind Onshore,2026-08-11T10:35:35Z
2026-08-11T10:26:43Z,2026-08-11T12:26:43+0200,e77a8f08-3545-4160-86f5-8c2dd4a3d7e1,2026-07-24T01:00:00Z,2026-07-24T03:00:00+0200,1626.1,MW,PT,PT,actual_onshore_wind_generation,Wind Onshore,2026-08-11T10:35:35Z
2026-08-11T10:26:43Z,2026-08-11T12:26:43+0200,e77a8f08-3545-4160-86f5-8c2dd4a3d7e1,2026-07-24T02:00:00Z,2026-07-24T04:00:00+0200,1569.6,MW,PT,PT,actual_onshore_wind_generation,Wind Onshore,2026-08-11T10:35:35Z
2026-08-11T10:26:43Z,2026-08-11T12:26:43+0200,e77a8f08-3545-4160-86f5-8c2dd4a3d7e1,2026-07-24T03:00:00Z,2026-07-24T05:00:00+0200,1419.4,MW,PT,PT,actual_onshore_wind_generation,Wind Onshore,2026-08-11T10:35:35Z
2026-08-11T10:26:43Z,2026-08-11T12:26:43+0200,e77a8f08-3545-4160-86f5-8c2dd4a3d7e1,2026-07-24T04:00:00Z,2026-07-24T06:00:00+0200,1464.5,MW,PT,PT,actual_onshore_wind_generation,Wind Onshore,2026-08-11T10:35:35Z
2026-08-11T10:26:43Z,2026-08-11T12:26:43+0200,e77a8f08-3545-4160-86f5-8c2dd4a3d7e1,2026-07-24T05:00:00Z,2026-07-24T07:00:00+0200,1470.7,MW,PT,PT,actual_onshore_wind_generation,Wind Onshore,2026-08-11T10:35:35Z
2026-08-11T10:26:43Z,2026-08-11T12:26:43+0200,e77a8f08-3545-4160-86f5-8c2dd4a3d7e1,2026-07-24T06:00:00Z,2026-07-24T08:00:00+0200,1410.9,MW,PT,PT,actual_onshore_wind_generation,Wind Onshore,2026-08-11T10:35:35Z
2026-08-11T10:26:43Z,2026-08-11T12:26:43+0200,e77a8f08-3545-4160-86f5-8c2dd4a3d7e1,2026-07-24T07:00:00Z,2026-07-24T09:00:00+0200,1083.0,MW,PT,PT,actual_onshore_wind_generation,Wind Onshore,2026-08-11T10:35:35Z
2026-08-11T10:26:43Z,2026-08-11T12:26:43+0200,e77a8f08-3545-4160-86f5-8c2dd4a3d7e1,2026-07-24T08:00:00Z,2026-07-24T10:00:00+0200,1011.3,MW,PT,PT,actual_onshore_wind_generation,Wind Onshore,2026-08-11T10:35:35Z
2026-08-11T10:26:43Z,2026-08-11T12:26:43+0200,e77a8f08-3545-4160-86f5-8c2dd4a3d7e1,2026-07-24T09:00:00Z,2026-07-24T11:00:00+0200,1020.0,MW,PT,PT,actual_onshore_wind_generation,Wind Onshore,2026-08-11T10:35:35Z
2026-08-11T10:26:43Z,2026-08-11T12:26:43+0200,e77a8f08-3545-4160-86f5-8c2dd4a3d7e1,2026-07-24T10:00:00Z,2026-07-24T12:00:00+0200,1112.8,MW,PT,PT,actual_onshore_wind_generation,Wind Onshore,2026-08-11T10:35:35Z
2026-08-11T10:26:43Z,2026-08-11T12:26:43+0200,e77a8f08-3545-4160-86f5-8c2dd4a3d7e1,2026-07-24T11:00:00Z,2026-07-24T13:00:00+0200,1353.0,MW,PT,PT,actual_onshore_wind_generation,Wind Onshore,2026-08-11T10:35:35Z
2026-08-11T10:26:43Z,2026-08-11T12:26:43+0200,e77a8f08-3545-4160-86f5-8c2dd4a3d7e1,2026-07-24T12:00:00Z,2026-07-24T14:00:00+0200,1619.8,MW,PT,PT,actual_onshore_wind_generation,Wind Onshore,2026-08-11T10:35:35Z
2026-08-11T10:26:43Z,2026-08-11T12:26:43+0200,e77a8f08-3545-4160-86f5-8c2dd4a3d7e1,2026-07-24T13:00:00Z,2026-07-24T15:00:00+0200,2032.1,MW,PT,PT,actual_onshore_wind_generation,Wind Onshore,2026-08-11T10:35:35Z
2026-08-11T10:26:43Z,2026-08-11T12:26:43+0200,e77a8f08-3545-4160-86f5-8c2dd4a3d7e1,2026-07-24T14:00:00Z,2026-07-24T16:00:00+0200,2264.4,MW,PT,PT,actual_onshore_wind_generation,Wind Onshore,2026-08-11T10:35:35Z
2026-08-11T10:26:43Z,2026-08-11T12:26:43+0200,e77a8f08-3545-4160-86f5-8c2dd4a3d7e1,2026-07-24T15:00:00Z,2026-07-24T17:00:00+0200,2170.4,MW,PT,PT,actual_onshore_wind_generation,Wind Onshore,2026-08-11T10:35:35Z
2026-08-11T10:26:43Z,2026-08-11T12:26:43+0200,e77a8f08-3545-4160-86f5-8c2dd4a3d7e1,2026-07-24T16:00:00Z,2026-07-24T18:00:00+0200,2297.6,MW,PT,PT,actual_onshore_wind_generation,Wind Onshore,2026-08-11T10:35:35Z
2026-08-11T10:26:43Z,2026-08-11T12:26:43+0200,e77a8f08-3545-4160-86f5-8c2dd4a3d7e1,2026-07-24T17:00:00Z,2026-07-24T19:00:00+0200,2355.9,MW,PT,PT,actual_onshore_wind_generation,Wind Onshore,2026-08-11T10:35:35Z
2026-08-11T10:26:43Z,2026-08-11T12:26:43+0200,e77a8f08-3545-4160-86f5-8c2dd4a3d7e1,2026-07-24T18:00:00Z,2026-07-24T20:00:00+0200,2182.8,MW,PT,PT,actual_onshore_wind_generation,Wind Onshore,2026-08-11T10:35:35Z
2026-08-11T10:26:43Z,2026-08-11T12:26:43+0200,e77a8f08-3545-4160-86f5-8c2dd4a3d7e1,2026-07-24T19:00:00Z,2026-07-24T21:00:00+0200,2049.7,MW,PT,PT,actual_onshore_wind_generation,Wind Onshore,2026-08-11T10:35:35Z
2026-08-11T10:26:43Z,2026-08-11T12:26:43+0200,e77a8f08-3545-4160-86f5-8c2dd4a3d7e1,2026-07-24T20:00:00Z,2026-07-24T22:00:00+0200,1934.0,MW,PT,PT,actual_onshore_wind_generation,Wind Onshore,2026-08-11T10:35:35Z
2026-08-11T10:26:43Z,2026-08-11T12:26:43+0200,e77a8f08-3545-4160-86f5-8c2dd4a3d7e1,2026-07-24T21:00:00Z,2026-07-24T23:00:00+0200,1838.6,MW,PT,PT,actual_onshore_wind_generation,Wind Onshore,2026-08-11T10:35:35Z
2026-08-11T10:26:43Z,2026-08-11T12:26:43+0200,e77a8f08-3545-4160-86f5-8c2dd4a3d7e1,2026-07-24T22:00:00Z,2026-07-25T00:00:00+0200,1795.3,MW,PT,PT,actual_onshore_wind_generation,Wind Onshore,2026-08-11T10:35:35Z
2026-08-11T10:26:43Z,2026-08-11T12:26:43+0200,e77a8f08-3545-4160-86f5-8c2dd4a3d7e1,2026-07-24T23:00:00Z,2026-07-25T01:00:00+0200,1754.6,MW,PT,PT,actual_onshore_wind_generation,Wind Onshore,2026-08-11T10:35:35Z
2026-08-11T10:26:43Z,2026-08-11T12:26:43+0200,e77a8f08-3545-4160-86f5-8c2dd4a3d7e1,2026-07-25T00:00:00Z,2026-07-25T02:00:00+0200,1636.4,MW,PT,PT,actual_onshore_wind_generation,Wind Onshore,2026-08-11T10:35:35Z
2026-08-11T10:26:43Z,2026-08-11T12:26:43+0200,e77a8f08-3545-4160-86f5-8c2dd4a3d7e1,2026-07-25T01:00:00Z,2026-07-25T03:00:00+0200,1647.6,MW,PT,PT,actual_onshore_wind_generation,Wind Onshore,2026-08-11T10:35:35Z
2026-08-11T10:26:43Z,2026-08-11T12:26:43+0200,e77a8f08-3545-4160-86f5-8c2dd4a3d7e1,2026-07-25T02:00:00Z,2026-07-25T04:00:00+0200,1705.3,MW,PT,PT,actual_onshore_wind_generation,Wind Onshore,2026-08-11T10:35:35Z
2026-08-11T10:26:43Z,2026-08-11T12:26:43+0200,e77a8f08-3545-4160-86f5-8c2dd4a3d7e1,2026-07-25T03:00:00Z,2026-07-25T05:00:00+0200,1762.2,MW,PT,PT,actual_onshore_wind_generation,Wind Onshore,2026-08-11T10:35:35Z
2026-08-11T10:26:43Z,2026-08-11T12:26:43+0200,e77a8f08-3545-4160-86f5-8c2dd4a3d7e1,2026-07-25T04:00:00Z,2026-07-25T06:00:00+0200,1779.3,MW,PT,PT,actual_onshore_wind_generation,Wind Onshore,2026-08-11T10:35:35Z
2026-08-11T10:26:43Z,2026-08-11T12:26:43+0200,e77a8f08-3545-4160-86f5-8c2dd4a3d7e1,2026-07-25T05:00:00Z,2026-07-25T07:00:00+0200,1844.2,MW,PT,PT,actual_onshore_wind_generation,Wind Onshore,2026-08-11T10:35:35Z
2026-08-11T10:26:43Z,2026-08-11T12:26:43+0200,e77a8f08-3545-4160-86f5-8c2dd4a3d7e1,2026-07-25T06:00:00Z,2026-07-25T08:00:00+0200,1606.3,MW,PT,PT,actual_onshore_wind_generation,Wind Onshore,2026-08-11T10:35:35Z
2026-08-11T10:26:43Z,2026-08-11T12:26:43+0200,e77a8f08-3545-4160-86f5-8c2dd4a3d7e1,2026-07-25T07:00:00Z,2026-07-25T09:00:00+0200,1337.3,MW,PT,PT,actual_onshore_wind_generation,Wind Onshore,2026-08-11T10:35:35Z
2026-08-11T10:26:43Z,2026-08-11T12:26:43+0200,e77a8f08-3545-4160-86f5-8c2dd4a3d7e1,2026-07-25T08:00:00Z,2026-07-25T10:00:00+0200,1273.3,MW,PT,PT,actual_onshore_wind_generation,Wind Onshore,2026-08-11T10:35:35Z
2026-08-11T10:26:43Z,2026-08-11T12:26:43+0200,e77a8f08-3545-4160-86f5-8c2dd4a3d7e1,2026-07-25T09:00:00Z,2026-07-25T11:00:00+0200,1288.3,MW,PT,PT,actual_onshore_wind_generation,Wind Onshore,2026-08-11T10:35:35Z
2026-08-11T10:26:43Z,2026-08-11T12:26:43+0200,e77a8f08-3545-4160-86f5-8c2dd4a3d7e1,2026-07-25T10:00:00Z,2026-07-25T12:00:00+0200,1255.4,MW,PT,PT,actual_onshore_wind_generation,Wind Onshore,2026-08-11T10:35:35Z
2026-08-11T10:26:43Z,2026-08-11T12:26:43+0200,e77a8f08-3545-4160-86f5-8c2dd4a3d7e1,2026-07-25T11:00:00Z,2026-07-25T13:00:00+0200,1347.5,MW,PT,PT,actual_onshore_wind_generation,Wind Onshore,2026-08-11T10:35:35Z
2026-08-11T10:26:43Z,2026-08-11T12:26:43+0200,e77a8f08-3545-4160-86f5-8c2dd4a3d7e1,2026-07-25T12:00:00Z,2026-07-25T14:00:00+0200,1537.2,MW,PT,PT,actual_onshore_wind_generation,Wind Onshore,2026-08-11T10:35:35Z
2026-08-11T10:26:43Z,2026-08-11T12:26:43+0200,e77a8f08-3545-4160-86f5-8c2dd4a3d7e1,2026-07-25T13:00:00Z,2026-07-25T15:00:00+0200,1670.1,MW,PT,PT,actual_onshore_wind_generation,Wind Onshore,2026-08-11T10:35:35Z
2026-08-11T10:26:43Z,2026-08-11T12:26:43+0200,e77a8f08-3545-4160-86f5-8c2dd4a3d7e1,2026-07-25T14:00:00Z,2026-07-25T16:00:00+0200,1775.9,MW,PT,PT,actual_onshore_wind_generation,Wind Onshore,2026-08-11T10:35:35Z
2026-08-11T10:26:43Z,2026-08-11T12:26:43+0200,e77a8f08-3545-4160-86f5-8c2dd4a3d7e1,2026-07-25T15:00:00Z,2026-07-25T17:00:00+0200,1938.0,MW,PT,PT,actual_onshore_wind_generation,Wind Onshore,2026-08-11T10:35:35Z
2026-08-11T10:26:43Z,2026-08-11T12:26:43+0200,e77a8f08-3545-4160-86f5-8c2dd4a3d7e1,2026-07-25T16:00:00Z,2026-07-25T18:00:00+0200,2138.2,MW,PT,PT,actual_onshore_wind_generation,Wind Onshore,2026-08-11T10:35:35Z
2026-08-11T10:26:43Z,2026-08-11T12:26:43+0200,e77a8f08-3545-4160-86f5-8c2dd4a3d7e1,2026-07-25T17:00:00Z,2026-07-25T19:00:00+0200,2310.2,MW,PT,PT,actual_onshore_wind_generation,Wind Onshore,2026-08-11T10:35:35Z
2026-08-11T10:26:43Z,2026-08-11T12:26:43+0200,e77a8f08-3545-4160-86f5-8c2dd4a3d7e1,2026-07-25T18:00:00Z,2026-07-25T20:00:00+0200,2357.1,MW,PT,PT,actual_onshore_wind_generation,Wind Onshore,2026-08-11T10:35:35Z
2026-08-11T10:26:43Z,2026-08-11T12:26:43+0200,e77a8f08-3545-4160-86f5-8c2dd4a3d7e1,2026-07-25T19:00:00Z,2026-07-25T21:00:00+0200,2221.2,MW,PT,PT,actual_onshore_wind_generation,Wind Onshore,2026-08-11T10:35:35Z
2026-08-11T10:26:43Z,2026-08-11T12:26:43+0200,e77a8f08-3545-4160-86f5-8c2dd4a3d7e1,2026-07-25T20:00:00Z,2026-07-25T22:00:00+0200,2130.0,MW,PT,PT,actual_onshore_wind_generation,Wind Onshore,2026-08-11T10:35:35Z
2026-08-11T10:26:43Z,2026-08-11T12:26:43+0200,e77a8f08-3545-4160-86f5-8c2dd4a3d7e1,2026-07-25T21:00:00Z,2026-07-25T23:00:00+0200,1989.5,MW,PT,PT,actual_onshore_wind_generation,Wind Onshore,2026-08-11T10:35:35Z
2026-08-11T10:26:43Z,2026-08-11T12:26:43+0200,e77a8f08-3545-4160-86f5-8c2dd4a3d7e1,2026-07-25T22:00:00Z,2026-07-26T00:00:00+0200,1781.3,MW,PT,PT,actual_onshore_wind_generation,Wind Onshore,2026-08-11T10:35:35Z
2026-08-11T10:26:43Z,2026-08-11T12:26:43+0200,e77a8f08-3545-4160-86f5-8c2dd4a3d7e1,2026-07-25T23:00:00Z,2026-07-26T01:00:00+0200,1635.1,MW,PT,PT,actual_onshore_wind_generation,Wind Onshore,2026-08-11T10:35:35Z
2026-08-11T10:26:43Z,2026-08-11T12:26:43+0200,e77a8f08-3545-4160-86f5-8c2dd4a3d7e1,2026-07-26T00:00:00Z,2026-07-26T02:00:00+0200,1487.8,MW,PT,PT,actual_onshore_wind_generation,Wind Onshore,2026-08-11T10:35:35Z
2026-08-11T10:26:43Z,2026-08-11T12:26:43+0200,e77a8f08-3545-4160-86f5-8c2dd4a3d7e1,2026-07-26T01:00:00Z,2026-07-26T03:00:00+0200,1349.0,MW,PT,PT,actual_onshore_wind_generation,Wind Onshore,2026-08-11T10:35:35Z
2026-08-11T10:26:43Z,2026-08-11T12:26:43+0200,e77a8f08-3545-4160-86f5-8c2dd4a3d7e1,2026-07-26T02:00:00Z,2026-07-26T04:00:00+0200,1237.1,MW,PT,PT,actual_onshore_wind_generation,Wind Onshore,2026-08-11T10:35:35Z
2026-08-11T10:26:43Z,2026-08-11T12:26:43+0200,e77a8f08-3545-4160-86f5-8c2dd4a3d7e1,2026-07-26T03:00:00Z,2026-07-26T05:00:00+0200,1253.7,MW,PT,PT,actual_onshore_wind_generation,Wind Onshore,2026-08-11T10:35:35Z
2026-08-11T10:26:43Z,2026-08-11T12:26:43+0200,e77a8f08-3545-4160-86f5-8c2dd4a3d7e1,2026-07-26T04:00:00Z,2026-07-26T06:00:00+0200,1183.0,MW,PT,PT,actual_onshore_wind_generation,Wind Onshore,2026-08-11T10:35:35Z
2026-08-11T10:26:43Z,2026-08-11T12:26:43+0200,e77a8f08-3545-4160-86f5-8c2dd4a3d7e1,2026-07-26T05:00:00Z,2026-07-26T07:00:00+0200,1070.5,MW,PT,PT,actual_onshore_wind_generation,Wind Onshore,2026-08-11T10:35:35Z
2026-08-11T10:26:43Z,2026-08-11T12:26:43+0200,e77a8f08-3545-4160-86f5-8c2dd4a3d7e1,2026-07-26T06:00:00Z,2026-07-26T08:00:00+0200,909.1,MW,PT,PT,actual_onshore_wind_generation,Wind Onshore,2026-08-11T10:35:35Z
2026-08-11T10:26:43Z,2026-08-11T12:26:43+0200,e77a8f08-3545-4160-86f5-8c2dd4a3d7e1,2026-07-26T07:00:00Z,2026-07-26T09:00:00+0200,686.2,MW,PT,PT,actual_onshore_wind_generation,Wind Onshore,2026-08-11T10:35:35Z
2026-08-11T10:26:43Z,2026-08-11T12:26:43+0200,e77a8f08-3545-4160-86f5-8c2dd4a3d7e1,2026-07-26T08:00:00Z,2026-07-26T10:00:00+0200,446.0,MW,PT,PT,actual_onshore_wind_generation,Wind Onshore,2026-08-11T10:35:35Z
2026-08-11T10:26:43Z,2026-08-11T12:26:43+0200,e77a8f08-3545-4160-86f5-8c2dd4a3d7e1,2026-07-26T09:00:00Z,2026-07-26T11:00:00+0200,351.3,MW,PT,PT,actual_onshore_wind_generation,Wind Onshore,2026-08-11T10:35:35Z
2026-08-11T10:26:43Z,2026-08-11T12:26:43+0200,e77a8f08-3545-4160-86f5-8c2dd4a3d7e1,2026-07-26T10:00:00Z,2026-07-26T12:00:00+0200,300.8,MW,PT,PT,actual_onshore_wind_generation,Wind Onshore,2026-08-11T10:35:35Z
2026-08-11T10:26:43Z,2026-08-11T12:26:43+0200,e77a8f08-3545-4160-86f5-8c2dd4a3d7e1,2026-07-26T11:00:00Z,2026-07-26T13:00:00+0200,318.7,MW,PT,PT,actual_onshore_wind_generation,Wind Onshore,2026-08-11T10:35:35Z
2026-08-11T10:26:43Z,2026-08-11T12:26:43+0200,e77a8f08-3545-4160-86f5-8c2dd4a3d7e1,2026-07-26T12:00:00Z,2026-07-26T14:00:00+0200,380.3,MW,PT,PT,actual_onshore_wind_generation,Wind Onshore,2026-08-11T10:35:35Z
2026-08-11T10:26:43Z,2026-08-11T12:26:43+0200,e77a8f08-3545-4160-86f5-8c2dd4a3d7e1,2026-07-26T13:00:00Z,2026-07-26T15:00:00+0200,446.8,MW,PT,PT,actual_onshore_wind_generation,Wind Onshore,2026-08-11T10:35:35Z
2026-08-11T10:26:43Z,2026-08-11T12:26:43+0200,e77a8f08-3545-4160-86f5-8c2dd4a3d7e1,2026-07-26T14:00:00Z,2026-07-26T16:00:00+0200,562.0,MW,PT,PT,actual_onshore_wind_generation,Wind Onshore,2026-08-11T10:35:35Z
2026-08-11T10:26:43Z,2026-08-11T12:26:43+0200,e77a8f08-3545-4160-86f5-8c2dd4a3d7e1,2026-07-26T15:00:00Z,2026-07-26T17:00:00+0200,670.8,MW,PT,PT,actual_onshore_wind_generation,Wind Onshore,2026-08-11T10:35:35Z
2026-08-11T10:26:43Z,2026-08-11T12:26:43+0200,e77a8f08-3545-4160-86f5-8c2dd4a3d7e1,2026-07-26T16:00:00Z,2026-07-26T18:00:00+0200,736.6,MW,PT,PT,actual_onshore_wind_generation,Wind Onshore,2026-08-11T10:35:35Z
2026-08-11T10:26:43Z,2026-08-11T12:26:43+0200,e77a8f08-3545-4160-86f5-8c2dd4a3d7e1,2026-07-26T17:00:00Z,2026-07-26T19:00:00+0200,803.7,MW,PT,PT,actual_onshore_wind_generation,Wind Onshore,2026-08-11T10:35:35Z
2026-08-11T10:26:43Z,2026-08-11T12:26:43+0200,e77a8f08-3545-4160-86f5-8c2dd4a3d7e1,2026-07-26T18:00:00Z,2026-07-26T20:00:00+0200,841.2,MW,PT,PT,actual_onshore_wind_generation,Wind Onshore,2026-08-11T10:35:35Z
2026-08-11T10:26:43Z,2026-08-11T12:26:43+0200,e77a8f08-3545-4160-86f5-8c2dd4a3d7e1,2026-07-26T19:00:00Z,2026-07-26T21:00:00+0200,905.5,MW,PT,PT,actual_onshore_wind_generation,Wind Onshore,2026-08-11T10:35:35Z
2026-08-11T10:26:43Z,2026-08-11T12:26:43+0200,e77a8f08-3545-4160-86f5-8c2dd4a3d7e1,2026-07-26T20:00:00Z,2026-07-26T22:00:00+0200,1012.3,MW,PT,PT,actual_onshore_wind_generation,Wind Onshore,2026-08-11T10:35:35Z
2026-08-11T10:26:43Z,2026-08-11T12:26:43+0200,e77a8f08-3545-4160-86f5-8c2dd4a3d7e1,2026-07-26T21:00:00Z,2026-07-26T23:00:00+0200,1019.2,MW,PT,PT,actual_onshore_wind_generation,Wind Onshore,2026-08-11T10:35:35Z
2026-08-11T10:26:43Z,2026-08-11T12:26:43+0200,e77a8f08-3545-4160-86f5-8c2dd4a3d7e1,2026-07-26T22:00:00Z,2026-07-27T00:00:00+0200,997.7,MW,PT,PT,actual_onshore_wind_generation,Wind Onshore,2026-08-11T10:35:35Z
2026-08-11T10:26:43Z,2026-08-11T12:26:43+0200,e77a8f08-3545-4160-86f5-8c2dd4a3d7e1,2026-07-26T23:00:00Z,2026-07-27T01:00:00+0200,962.4,MW,PT,PT,actual_onshore_wind_generation,Wind Onshore,2026-08-11T10:35:35Z
2026-08-11T10:26:43Z,2026-08-11T12:26:43+0200,e77a8f08-3545-4160-86f5-8c2dd4a3d7e1,2026-07-27T00:00:00Z,2026-07-27T02:00:00+0200,972.8,MW,PT,PT,actual_onshore_wind_generation,Wind Onshore,2026-08-11T10:35:35Z
2026-08-11T10:26:43Z,2026-08-11T12:26:43+0200,e77a8f08-3545-4160-86f5-8c2dd4a3d7e1,2026-07-27T01:00:00Z,2026-07-27T03:00:00+0200,1012.9,MW,PT,PT,actual_onshore_wind_generation,Wind Onshore,2026-08-11T10:35:35Z
2026-08-11T10:26:43Z,2026-08-11T12:26:43+0200,e77a8f08-3545-4160-86f5-8c2dd4a3d7e1,2026-07-27T02:00:00Z,2026-07-27T04:00:00+0200,1013.4,MW,PT,PT,actual_onshore_wind_generation,Wind Onshore,2026-08-11T10:35:35Z
2026-08-11T10:26:43Z,2026-08-11T12:26:43+0200,e77a8f08-3545-4160-86f5-8c2dd4a3d7e1,2026-07-27T03:00:00Z,2026-07-27T05:00:00+0200,1013.2,MW,PT,PT,actual_onshore_wind_generation,Wind Onshore,2026-08-11T10:35:35Z
2026-08-11T10:26:43Z,2026-08-11T12:26:43+0200,e77a8f08-3545-4160-86f5-8c2dd4a3d7e1,2026-07-27T04:00:00Z,2026-07-27T06:00:00+0200,1133.5,MW,PT,PT,actual_onshore_wind_generation,Wind Onshore,2026-08-11T10:35:35Z
2026-08-11T10:26:43Z,2026-08-11T12:26:43+0200,e77a8f08-3545-4160-86f5-8c2dd4a3d7e1,2026-07-27T05:00:00Z,2026-07-27T07:00:00+0200,1376.5,MW,PT,PT,actual_onshore_wind_generation,Wind Onshore,2026-08-11T10:35:35Z
2026-08-11T10:26:43Z,2026-08-11T12:26:43+0200,e77a8f08-3545-4160-86f5-8c2dd4a3d7e1,2026-07-27T06:00:00Z,2026-07-27T08:00:00+0200,1439.0,MW,PT,PT,actual_onshore_wind_generation,Wind Onshore,2026-08-11T10:35:35Z
2026-08-11T10:26:43Z,2026-08-11T12:26:43+0200,e77a8f08-3545-4160-86f5-8c2dd4a3d7e1,2026-07-27T07:00:00Z,2026-07-27T09:00:00+0200,1257.6,MW,PT,PT,actual_onshore_wind_generation,Wind Onshore,2026-08-11T10:35:35Z
2026-08-11T10:26:43Z,2026-08-11T12:26:43+0200,e77a8f08-3545-4160-86f5-8c2dd4a3d7e1,2026-07-27T08:00:00Z,2026-07-27T10:00:00+0200,1021.8,MW,PT,PT,actual_onshore_wind_generation,Wind Onshore,2026-08-11T10:35:35Z
2026-08-11T10:26:43Z,2026-08-11T12:26:43+0200,e77a8f08-3545-4160-86f5-8c2dd4a3d7e1,2026-07-27T09:00:00Z,2026-07-27T11:00:00+0200,776.1,MW,PT,PT,actual_onshore_wind_generation,Wind Onshore,2026-08-11T10:35:35Z
2026-08-11T10:26:43Z,2026-08-11T12:26:43+0200,e77a8f08-3545-4160-86f5-8c2dd4a3d7e1,2026-07-27T10:00:00Z,2026-07-27T12:00:00+0200,653.6,MW,PT,PT,actual_onshore_wind_generation,Wind Onshore,2026-08-11T10:35:35Z
2026-08-11T10:26:43Z,2026-08-11T12:26:43+0200,e77a8f08-3545-4160-86f5-8c2dd4a3d7e1,2026-07-27T11:00:00Z,2026-07-27T13:00:00+0200,518.4,MW,PT,PT,actual_onshore_wind_generation,Wind Onshore,2026-08-11T10:35:35Z
2026-08-11T10:26:43Z,2026-08-11T12:26:43+0200,e77a8f08-3545-4160-86f5-8c2dd4a3d7e1,2026-07-27T12:00:00Z,2026-07-27T14:00:00+0200,293.0,MW,PT,PT,actual_onshore_wind_generation,Wind Onshore,2026-08-11T10:35:35Z
2026-08-11T10:26:43Z,2026-08-11T12:26:43+0200,e77a8f08-3545-4160-86f5-8c2dd4a3d7e1,2026-07-27T13:00:00Z,2026-07-27T15:00:00+0200,204.6,MW,PT,PT,actual_onshore_wind_generation,Wind Onshore,2026-08-11T10:35:35Z
2026-08-11T10:26:43Z,2026-08-11T12:26:43+0200,e77a8f08-3545-4160-86f5-8c2dd4a3d7e1,2026-07-27T14:00:00Z,2026-07-27T16:00:00+0200,196.3,MW,PT,PT,actual_onshore_wind_generation,Wind Onshore,2026-08-11T10:35:35Z
2026-08-11T10:26:43Z,2026-08-11T12:26:43+0200,e77a8f08-3545-4160-86f5-8c2dd4a3d7e1,2026-07-27T15:00:00Z,2026-07-27T17:00:00+0200,215.8,MW,PT,PT,actual_onshore_wind_generation,Wind Onshore,2026-08-11T10:35:35Z
2026-08-11T10:26:43Z,2026-08-11T12:26:43+0200,e77a8f08-3545-4160-86f5-8c2dd4a3d7e1,2026-07-27T16:00:00Z,2026-07-27T18:00:00+0200,314.6,MW,PT,PT,actual_onshore_wind_generation,Wind Onshore,2026-08-11T10:35:35Z
2026-08-11T10:26:43Z,2026-08-11T12:26:43+0200,e77a8f08-3545-4160-86f5-8c2dd4a3d7e1,2026-07-27T17:00:00Z,2026-07-27T19:00:00+0200,482.8,MW,PT,PT,actual_onshore_wind_generation,Wind Onshore,2026-08-11T10:35:35Z
2026-08-11T10:26:43Z,2026-08-11T12:26:43+0200,e77a8f08-3545-4160-86f5-8c2dd4a3d7e1,2026-07-27T18:00:00Z,2026-07-27T20:00:00+0200,567.2,MW,PT,PT,actual_onshore_wind_generation,Wind Onshore,2026-08-11T10:35:35Z
2026-08-11T10:26:43Z,2026-08-11T12:26:43+0200,e77a8f08-3545-4160-86f5-8c2dd4a3d7e1,2026-07-27T19:00:00Z,2026-07-27T21:00:00+0200,563.9,MW,PT,PT,actual_onshore_wind_generation,Wind Onshore,2026-08-11T10:35:35Z
2026-08-11T10:26:43Z,2026-08-11T12:26:43+0200,e77a8f08-3545-4160-86f5-8c2dd4a3d7e1,2026-07-27T20:00:00Z,2026-07-27T22:00:00+0200,563.8,MW,PT,PT,actual_onshore_wind_generation,Wind Onshore,2026-08-11T10:35:35Z
2026-08-11T10:26:43Z,2026-08-11T12:26:43+0200,e77a8f08-3545-4160-86f5-8c2dd4a3d7e1,2026-07-27T21:00:00Z,2026-07-27T23:00:00+0200,502.3,MW,PT,PT,actual_onshore_wind_generation,Wind Onshore,2026-08-11T10:35:35Z
2026-08-11T10:26:43Z,2026-08-11T12:26:43+0200,e77a8f08-3545-4160-86f5-8c2dd4a3d7e1,2026-07-27T22:00:00Z,2026-07-28T00:00:00+0200,409.5,MW,PT,PT,actual_onshore_wind_generation,Wind Onshore,2026-08-11T10:35:35Z
2026-08-11T10:26:43Z,2026-08-11T12:26:43+0200,e77a8f08-3545-4160-86f5-8c2dd4a3d7e1,2026-07-27T23:00:00Z,2026-07-28T01:00:00+0200,320.5,MW,PT,PT,actual_onshore_wind_generation,Wind Onshore,2026-08-11T10:35:35Z
2026-08-11T10:26:43Z,2026-08-11T12:26:43+0200,e77a8f08-3545-4160-86f5-8c2dd4a3d7e1,2026-07-28T00:00:00Z,2026-07-28T02:00:00+0200,262.5,MW,PT,PT,actual_onshore_wind_generation,Wind Onshore,2026-08-11T10:35:35Z
2026-08-11T10:26:43Z,2026-08-11T12:26:43+0200,e77a8f08-3545-4160-86f5-8c2dd4a3d7e1,2026-07-28T01:00:00Z,2026-07-28T03:00:00+0200,228.6,MW,PT,PT,actual_onshore_wind_generation,Wind Onshore,2026-08-11T10:35:35Z
2026-08-11T10:26:43Z,2026-08-11T12:26:43+0200,e77a8f08-3545-4160-86f5-8c2dd4a3d7e1,2026-07-28T02:00:00Z,2026-07-28T04:00:00+0200,243.2,MW,PT,PT,actual_onshore_wind_generation,Wind Onshore,2026-08-11T10:35:35Z
2026-08-11T10:26:43Z,2026-08-11T12:26:43+0200,e77a8f08-3545-4160-86f5-8c2dd4a3d7e1,2026-07-28T03:00:00Z,2026-07-28T05:00:00+0200,256.3,MW,PT,PT,actual_onshore_wind_generation,Wind Onshore,2026-08-11T10:35:35Z
2026-08-11T10:26:43Z,2026-08-11T12:26:43+0200,e77a8f08-3545-4160-86f5-8c2dd4a3d7e1,2026-07-28T04:00:00Z,2026-07-28T06:00:00+0200,216.1,MW,PT,PT,actual_onshore_wind_generation,Wind Onshore,2026-08-11T10:35:35Z
2026-08-11T10:26:43Z,2026-08-11T12:26:43+0200,e77a8f08-3545-4160-86f5-8c2dd4a3d7e1,2026-07-28T05:00:00Z,2026-07-28T07:00:00+0200,244.5,MW,PT,PT,actual_onshore_wind_generation,Wind Onshore,2026-08-11T10:35:35Z
2026-08-11T10:26:43Z,2026-08-11T12:26:43+0200,e77a8f08-3545-4160-86f5-8c2dd4a3d7e1,2026-07-28T06:00:00Z,2026-07-28T08:00:00+0200,297.1,MW,PT,PT,actual_onshore_wind_generation,Wind Onshore,2026-08-11T10:35:35Z
2026-08-11T10:26:43Z,2026-08-11T12:26:43+0200,e77a8f08-3545-4160-86f5-8c2dd4a3d7e1,2026-07-28T07:00:00Z,2026-07-28T09:00:00+0200,300.9,MW,PT,PT,actual_onshore_wind_generation,Wind Onshore,2026-08-11T10:35:35Z
2026-08-11T10:26:43Z,2026-08-11T12:26:43+0200,e77a8f08-3545-4160-86f5-8c2dd4a3d7e1,2026-07-28T08:00:00Z,2026-07-28T10:00:00+0200,226.6,MW,PT,PT,actual_onshore_wind_generation,Wind Onshore,2026-08-11T10:35:35Z
2026-08-11T10:26:43Z,2026-08-11T12:26:43+0200,e77a8f08-3545-4160-86f5-8c2dd4a3d7e1,2026-07-28T09:00:00Z,2026-07-28T11:00:00+0200,209.1,MW,PT,PT,actual_onshore_wind_generation,Wind Onshore,2026-08-11T10:35:35Z
2026-08-11T10:26:43Z,2026-08-11T12:26:43+0200,e77a8f08-3545-4160-86f5-8c2dd4a3d7e1,2026-07-28T10:00:00Z,2026-07-28T12:00:00+0200,268.5,MW,PT,PT,actual_onshore_wind_generation,Wind Onshore,2026-08-11T10:35:35Z
2026-08-11T10:26:43Z,2026-08-11T12:26:43+0200,e77a8f08-3545-4160-86f5-8c2dd4a3d7e1,2026-07-28T11:00:00Z,2026-07-28T13:00:00+0200,410.5,MW,PT,PT,actual_onshore_wind_generation,Wind Onshore,2026-08-11T10:35:35Z
2026-08-11T10:26:43Z,2026-08-11T12:26:43+0200,e77a8f08-3545-4160-86f5-8c2dd4a3d7e1,2026-07-28T12:00:00Z,2026-07-28T14:00:00+0200,571.6,MW,PT,PT,actual_onshore_wind_generation,Wind Onshore,2026-08-11T10:35:35Z
2026-08-11T10:26:43Z,2026-08-11T12:26:43+0200,e77a8f08-3545-4160-86f5-8c2dd4a3d7e1,2026-07-28T13:00:00Z,2026-07-28T15:00:00+0200,655.7,MW,PT,PT,actual_onshore_wind_generation,Wind Onshore,2026-08-11T10:35:35Z
2026-08-11T10:26:43Z,2026-08-11T12:26:43+0200,e77a8f08-3545-4160-86f5-8c2dd4a3d7e1,2026-07-28T14:00:00Z,2026-07-28T16:00:00+0200,622.6,MW,PT,PT,actual_onshore_wind_generation,Wind Onshore,2026-08-11T10:35:35Z
2026-08-11T10:26:43Z,2026-08-11T12:26:43+0200,e77a8f08-3545-4160-86f5-8c2dd4a3d7e1,2026-07-28T15:00:00Z,2026-07-28T17:00:00+0200,691.2,MW,PT,PT,actual_onshore_wind_generation,Wind Onshore,2026-08-11T10:35:35Z
2026-08-11T10:26:43Z,2026-08-11T12:26:43+0200,e77a8f08-3545-4160-86f5-8c2dd4a3d7e1,2026-07-28T16:00:00Z,2026-07-28T18:00:00+0200,787.2,MW,PT,PT,actual_onshore_wind_generation,Wind Onshore,2026-08-11T10:35:35Z
2026-08-11T10:26:43Z,2026-08-11T12:26:43+0200,e77a8f08-3545-4160-86f5-8c2dd4a3d7e1,2026-07-28T17:00:00Z,2026-07-28T19:00:00+0200,850.3,MW,PT,PT,actual_onshore_wind_generation,Wind Onshore,2026-08-11T10:35:35Z
2026-08-11T10:26:43Z,2026-08-11T12:26:43+0200,e77a8f08-3545-4160-86f5-8c2dd4a3d7e1,2026-07-28T18:00:00Z,2026-07-28T20:00:00+0200,893.4,MW,PT,PT,actual_onshore_wind_generation,Wind Onshore,2026-08-11T10:35:35Z
2026-08-11T10:26:43Z,2026-08-11T12:26:43+0200,e77a8f08-3545-4160-86f5-8c2dd4a3d7e1,2026-07-28T19:00:00Z,2026-07-28T21:00:00+0200,908.7,MW,PT,PT,actual_onshore_wind_generation,Wind Onshore,2026-08-11T10:35:35Z
2026-08-11T10:26:43Z,2026-08-11T12:26:43+0200,e77a8f08-3545-4160-86f5-8c2dd4a3d7e1,2026-07-28T20:00:00Z,2026-07-28T22:00:00+0200,840.6,MW,PT,PT,actual_onshore_wind_generation,Wind Onshore,2026-08-11T10:35:35Z
2026-08-11T10:26:43Z,2026-08-11T12:26:43+0200,e77a8f08-3545-4160-86f5-8c2dd4a3d7e1,2026-07-28T21:00:00Z,2026-07-28T23:00:00+0200,748.6,MW,PT,PT,actual_onshore_wind_generation,Wind Onshore,2026-08-11T10:35:35Z
2026-08-11T10:26:43Z,2026-08-11T12:26:43+0200,e77a8f08-3545-4160-86f5-8c2dd4a3d7e1,2026-07-28T22:00:00Z,2026-07-29T00:00:00+0200,557.2,MW,PT,PT,actual_onshore_wind_generation,Wind Onshore,2026-08-11T10:35:35Z
2026-08-11T10:26:43Z,2026-08-11T12:26:43+0200,e77a8f08-3545-4160-86f5-8c2dd4a3d7e1,2026-07-28T23:00:00Z,2026-07-29T01:00:00+0200,387.9,MW,PT,PT,actual_onshore_wind_generation,Wind Onshore,2026-08-11T10:35:35Z
2026-08-11T10:26:43Z,2026-08-11T12:26:43+0200,e77a8f08-3545-4160-86f5-8c2dd4a3d7e1,2026-07-29T00:00:00Z,2026-07-29T02:00:00+0200,278.3,MW,PT,PT,actual_onshore_wind_generation,Wind Onshore,2026-08-11T10:35:35Z
2026-08-11T10:26:43Z,2026-08-11T12:26:43+0200,e77a8f08-3545-4160-86f5-8c2dd4a3d7e1,2026-07-29T01:00:00Z,2026-07-29T03:00:00+0200,219.7,MW,PT,PT,actual_onshore_wind_generation,Wind Onshore,2026-08-11T10:35:35Z
2026-08-11T10:26:43Z,2026-08-11T12:26:43+0200,e77a8f08-3545-4160-86f5-8c2dd4a3d7e1,2026-07-29T02:00:00Z,2026-07-29T04:00:00+0200,184.4,MW,PT,PT,actual_onshore_wind_generation,Wind Onshore,2026-08-11T10:35:35Z
2026-08-11T10:26:43Z,2026-08-11T12:26:43+0200,e77a8f08-3545-4160-86f5-8c2dd4a3d7e1,2026-07-29T03:00:00Z,2026-07-29T05:00:00+0200,159.9,MW,PT,PT,actual_onshore_wind_generation,Wind Onshore,2026-08-11T10:35:35Z
2026-08-11T10:26:43Z,2026-08-11T12:26:43+0200,e77a8f08-3545-4160-86f5-8c2dd4a3d7e1,2026-07-29T04:00:00Z,2026-07-29T06:00:00+0200,141.0,MW,PT,PT,actual_onshore_wind_generation,Wind Onshore,2026-08-11T10:35:35Z
2026-08-11T10:26:43Z,2026-08-11T12:26:43+0200,e77a8f08-3545-4160-86f5-8c2dd4a3d7e1,2026-07-29T05:00:00Z,2026-07-29T07:00:00+0200,157.2,MW,PT,PT,actual_onshore_wind_generation,Wind Onshore,2026-08-11T10:35:35Z
2026-08-11T10:26:43Z,2026-08-11T12:26:43+0200,e77a8f08-3545-4160-86f5-8c2dd4a3d7e1,2026-07-29T06:00:00Z,2026-07-29T08:00:00+0200,197.1,MW,PT,PT,actual_onshore_wind_generation,Wind Onshore,2026-08-11T10:35:35Z
2026-08-11T10:26:43Z,2026-08-11T12:26:43+0200,e77a8f08-3545-4160-86f5-8c2dd4a3d7e1,2026-07-29T07:00:00Z,2026-07-29T09:00:00+0200,170.1,MW,PT,PT,actual_onshore_wind_generation,Wind Onshore,2026-08-11T10:35:35Z
2026-08-11T10:26:43Z,2026-08-11T12:26:43+0200,e77a8f08-3545-4160-86f5-8c2dd4a3d7e1,2026-07-29T08:00:00Z,2026-07-29T10:00:00+0200,130.4,MW,PT,PT,actual_onshore_wind_generation,Wind Onshore,2026-08-11T10:35:35Z
2026-08-11T10:26:43Z,2026-08-11T12:26:43+0200,e77a8f08-3545-4160-86f5-8c2dd4a3d7e1,2026-07-29T09:00:00Z,2026-07-29T11:00:00+0200,167.4,MW,PT,PT,actual_onshore_wind_generation,Wind Onshore,2026-08-11T10:35:35Z
2026-08-11T10:26:43Z,2026-08-11T12:26:43+0200,e77a8f08-3545-4160-86f5-8c2dd4a3d7e1,2026-07-29T10:00:00Z,2026-07-29T12:00:00+0200,256.5,MW,PT,PT,actual_onshore_wind_generation,Wind Onshore,2026-08-11T10:35:35Z
2026-08-11T10:26:43Z,2026-08-11T12:26:43+0200,e77a8f08-3545-4160-86f5-8c2dd4a3d7e1,2026-07-29T11:00:00Z,2026-07-29T13:00:00+0200,398.8,MW,PT,PT,actual_onshore_wind_generation,Wind Onshore,2026-08-11T10:35:35Z
2026-08-11T10:26:43Z,2026-08-11T12:26:43+0200,e77a8f08-3545-4160-86f5-8c2dd4a3d7e1,2026-07-29T12:00:00Z,2026-07-29T14:00:00+0200,521.5,MW,PT,PT,actual_onshore_wind_generation,Wind Onshore,2026-08-11T10:35:35Z
2026-08-11T10:26:43Z,2026-08-11T12:26:43+0200,e77a8f08-3545-4160-86f5-8c2dd4a3d7e1,2026-07-29T13:00:00Z,2026-07-29T15:00:00+0200,617.1,MW,PT,PT,actual_onshore_wind_generation,Wind Onshore,2026-08-11T10:35:35Z
2026-08-11T10:26:43Z,2026-08-11T12:26:43+0200,e77a8f08-3545-4160-86f5-8c2dd4a3d7e1,2026-07-29T14:00:00Z,2026-07-29T16:00:00+0200,686.2,MW,PT,PT,actual_onshore_wind_generation,Wind Onshore,2026-08-11T10:35:35Z
2026-08-11T10:26:43Z,2026-08-11T12:26:43+0200,e77a8f08-3545-4160-86f5-8c2dd4a3d7e1,2026-07-29T15:00:00Z,2026-07-29T17:00:00+0200,803.8,MW,PT,PT,actual_onshore_wind_generation,Wind Onshore,2026-08-11T10:35:35Z
2026-08-11T10:26:43Z,2026-08-11T12:26:43+0200,e77a8f08-3545-4160-86f5-8c2dd4a3d7e1,2026-07-29T16:00:00Z,2026-07-29T18:00:00+0200,885.3,MW,PT,PT,actual_onshore_wind_generation,Wind Onshore,2026-08-11T10:35:35Z
2026-08-11T10:26:43Z,2026-08-11T12:26:43+0200,e77a8f08-3545-4160-86f5-8c2dd4a3d7e1,2026-07-29T17:00:00Z,2026-07-29T19:00:00+0200,955.4,MW,PT,PT,actual_onshore_wind_generation,Wind Onshore,2026-08-11T10:35:35Z
2026-08-11T10:26:43Z,2026-08-11T12:26:43+0200,e77a8f08-3545-4160-86f5-8c2dd4a3d7e1,2026-07-29T18:00:00Z,2026-07-29T20:00:00+0200,811.4,MW,PT,PT,actual_onshore_wind_generation,Wind Onshore,2026-08-11T10:35:35Z
2026-08-11T10:26:43Z,2026-08-11T12:26:43+0200,e77a8f08-3545-4160-86f5-8c2dd4a3d7e1,2026-07-29T19:00:00Z,2026-07-29T21:00:00+0200,748.0,MW,PT,PT,actual_onshore_wind_generation,Wind Onshore,2026-08-11T10:35:35Z
2026-08-11T10:26:43Z,2026-08-11T12:26:43+0200,e77a8f08-3545-4160-86f5-8c2dd4a3d7e1,2026-07-29T20:00:00Z,2026-07-29T22:00:00+0200,788.3,MW,PT,PT,actual_onshore_wind_generation,Wind Onshore,2026-08-11T10:35:35Z
2026-08-11T10:26:43Z,2026-08-11T12:26:43+0200,e77a8f08-3545-4160-86f5-8c2dd4a3d7e1,2026-07-29T21:00:00Z,2026-07-29T23:00:00+0200,813.3,MW,PT,PT,actual_onshore_wind_generation,Wind Onshore,2026-08-11T10:35:35Z
2026-08-11T10:26:43Z,2026-08-11T12:26:43+0200,e77a8f08-3545-4160-86f5-8c2dd4a3d7e1,2026-07-29T22:00:00Z,2026-07-30T00:00:00+0200,737.8,MW,PT,PT,actual_onshore_wind_generation,Wind Onshore,2026-08-11T10:35:35Z
2026-08-11T10:26:43Z,2026-08-11T12:26:43+0200,e77a8f08-3545-4160-86f5-8c2dd4a3d7e1,2026-07-29T23:00:00Z,2026-07-30T01:00:00+0200,687.9,MW,PT,PT,actual_onshore_wind_generation,Wind Onshore,2026-08-11T10:35:35Z
2026-08-11T10:26:43Z,2026-08-11T12:26:43+0200,e77a8f08-3545-4160-86f5-8c2dd4a3d7e1,2026-07-30T00:00:00Z,2026-07-30T02:00:00+0200,649.6,MW,PT,PT,actual_onshore_wind_generation,Wind Onshore,2026-08-11T10:35:35Z
2026-08-11T10:26:43Z,2026-08-11T12:26:43+0200,e77a8f08-3545-4160-86f5-8c2dd4a3d7e1,2026-07-30T01:00:00Z,2026-07-30T03:00:00+0200,596.0,MW,PT,PT,actual_onshore_wind_generation,Wind Onshore,2026-08-11T10:35:35Z
2026-08-11T10:26:43Z,2026-08-11T12:26:43+0200,e77a8f08-3545-4160-86f5-8c2dd4a3d7e1,2026-07-30T02:00:00Z,2026-07-30T04:00:00+0200,497.9,MW,PT,PT,actual_onshore_wind_generation,Wind Onshore,2026-08-11T10:35:35Z
2026-08-11T10:26:43Z,2026-08-11T12:26:43+0200,e77a8f08-3545-4160-86f5-8c2dd4a3d7e1,2026-07-30T03:00:00Z,2026-07-30T05:00:00+0200,389.3,MW,PT,PT,actual_onshore_wind_generation,Wind Onshore,2026-08-11T10:35:35Z
2026-08-11T10:26:43Z,2026-08-11T12:26:43+0200,e77a8f08-3545-4160-86f5-8c2dd4a3d7e1,2026-07-30T04:00:00Z,2026-07-30T06:00:00+0200,327.0,MW,PT,PT,actual_onshore_wind_generation,Wind Onshore,2026-08-11T10:35:35Z
2026-08-11T10:26:43Z,2026-08-11T12:26:43+0200,e77a8f08-3545-4160-86f5-8c2dd4a3d7e1,2026-07-30T05:00:00Z,2026-07-30T07:00:00+0200,299.6,MW,PT,PT,actual_onshore_wind_generation,Wind Onshore,2026-08-11T10:35:35Z
2026-08-11T10:26:43Z,2026-08-11T12:26:43+0200,e77a8f08-3545-4160-86f5-8c2dd4a3d7e1,2026-07-30T06:00:00Z,2026-07-30T08:00:00+0200,299.9,MW,PT,PT,actual_onshore_wind_generation,Wind Onshore,2026-08-11T10:35:35Z
2026-08-11T10:26:43Z,2026-08-11T12:26:43+0200,e77a8f08-3545-4160-86f5-8c2dd4a3d7e1,2026-07-30T07:00:00Z,2026-07-30T09:00:00+0200,235.0,MW,PT,PT,actual_onshore_wind_generation,Wind Onshore,2026-08-11T10:35:35Z
2026-08-11T10:26:43Z,2026-08-11T12:26:43+0200,e77a8f08-3545-4160-86f5-8c2dd4a3d7e1,2026-07-30T08:00:00Z,2026-07-30T10:00:00+0200,178.9,MW,PT,PT,actual_onshore_wind_generation,Wind Onshore,2026-08-11T10:35:35Z
2026-08-11T10:26:43Z,2026-08-11T12:26:43+0200,e77a8f08-3545-4160-86f5-8c2dd4a3d7e1,2026-07-30T09:00:00Z,2026-07-30T11:00:00+0200,168.2,MW,PT,PT,actual_onshore_wind_generation,Wind Onshore,2026-08-11T10:35:35Z
2026-08-11T10:26:43Z,2026-08-11T12:26:43+0200,e77a8f08-3545-4160-86f5-8c2dd4a3d7e1,2026-07-30T10:00:00Z,2026-07-30T12:00:00+0200,222.4,MW,PT,PT,actual_onshore_wind_generation,Wind Onshore,2026-08-11T10:35:35Z
2026-08-11T10:26:43Z,2026-08-11T12:26:43+0200,e77a8f08-3545-4160-86f5-8c2dd4a3d7e1,2026-07-30T11:00:00Z,2026-07-30T13:00:00+0200,317.9,MW,PT,PT,actual_onshore_wind_generation,Wind Onshore,2026-08-11T10:35:35Z
2026-08-11T10:26:43Z,2026-08-11T12:26:43+0200,e77a8f08-3545-4160-86f5-8c2dd4a3d7e1,2026-07-30T12:00:00Z,2026-07-30T14:00:00+0200,385.7,MW,PT,PT,actual_onshore_wind_generation,Wind Onshore,2026-08-11T10:35:35Z
2026-08-11T10:26:43Z,2026-08-11T12:26:43+0200,e77a8f08-3545-4160-86f5-8c2dd4a3d7e1,2026-07-30T13:00:00Z,2026-07-30T15:00:00+0200,561.1,MW,PT,PT,actual_onshore_wind_generation,Wind Onshore,2026-08-11T10:35:35Z
2026-08-11T10:26:43Z,2026-08-11T12:26:43+0200,e77a8f08-3545-4160-86f5-8c2dd4a3d7e1,2026-07-30T14:00:00Z,2026-07-30T16:00:00+0200,721.5,MW,PT,PT,actual_onshore_wind_generation,Wind Onshore,2026-08-11T10:35:35Z
2026-08-11T10:26:43Z,2026-08-11T12:26:43+0200,e77a8f08-3545-4160-86f5-8c2dd4a3d7e1,2026-07-30T15:00:00Z,2026-07-30T17:00:00+0200,897.5,MW,PT,PT,actual_onshore_wind_generation,Wind Onshore,2026-08-11T10:35:35Z
2026-08-11T10:26:43Z,2026-08-11T12:26:43+0200,e77a8f08-3545-4160-86f5-8c2dd4a3d7e1,2026-07-30T16:00:00Z,2026-07-30T18:00:00+0200,1024.6,MW,PT,PT,actual_onshore_wind_generation,Wind Onshore,2026-08-11T10:35:35Z
2026-08-11T10:26:43Z,2026-08-11T12:26:43+0200,e77a8f08-3545-4160-86f5-8c2dd4a3d7e1,2026-07-30T17:00:00Z,2026-07-30T19:00:00+0200,1073.2,MW,PT,PT,actual_onshore_wind_generation,Wind Onshore,2026-08-11T10:35:35Z
2026-08-11T10:26:43Z,2026-08-11T12:26:43+0200,e77a8f08-3545-4160-86f5-8c2dd4a3d7e1,2026-07-30T18:00:00Z,2026-07-30T20:00:00+0200,1085.7,MW,PT,PT,actual_onshore_wind_generation,Wind Onshore,2026-08-11T10:35:35Z
2026-08-11T10:26:43Z,2026-08-11T12:26:43+0200,e77a8f08-3545-4160-86f5-8c2dd4a3d7e1,2026-07-30T19:00:00Z,2026-07-30T21:00:00+0200,1111.3,MW,PT,PT,actual_onshore_wind_generation,Wind Onshore,2026-08-11T10:35:35Z
2026-08-11T10:26:43Z,2026-08-11T12:26:43+0200,e77a8f08-3545-4160-86f5-8c2dd4a3d7e1,2026-07-30T20:00:00Z,2026-07-30T22:00:00+0200,1216.5,MW,PT,PT,actual_onshore_wind_generation,Wind Onshore,2026-08-11T10:35:35Z
2026-08-11T10:26:43Z,2026-08-11T12:26:43+0200,e77a8f08-3545-4160-86f5-8c2dd4a3d7e1,2026-07-30T21:00:00Z,2026-07-30T23:00:00+0200,1489.5,MW,PT,PT,actual_onshore_wind_generation,Wind Onshore,2026-08-11T10:35:35Z
2026-08-11T10:26:43Z,2026-08-11T12:26:43+0200,e77a8f08-3545-4160-86f5-8c2dd4a3d7e1,2026-07-30T22:00:00Z,2026-07-31T00:00:00+0200,1588.7,MW,PT,PT,actual_onshore_wind_generation,Wind Onshore,2026-08-11T10:35:35Z
2026-08-11T10:26:43Z,2026-08-11T12:26:43+0200,e77a8f08-3545-4160-86f5-8c2dd4a3d7e1,2026-07-30T23:00:00Z,2026-07-31T01:00:00+0200,1504.9,MW,PT,PT,actual_onshore_wind_generation,Wind Onshore,2026-08-11T10:35:35Z
2026-08-11T10:26:43Z,2026-08-11T12:26:43+0200,e77a8f08-3545-4160-86f5-8c2dd4a3d7e1,2026-07-31T00:00:00Z,2026-07-31T02:00:00+0200,1347.7,MW,PT,PT,actual_onshore_wind_generation,Wind Onshore,2026-08-11T10:35:35Z
2026-08-11T10:26:43Z,2026-08-11T12:26:43+0200,e77a8f08-3545-4160-86f5-8c2dd4a3d7e1,2026-07-31T01:00:00Z,2026-07-31T03:00:00+0200,1131.1,MW,PT,PT,actual_onshore_wind_generation,Wind Onshore,2026-08-11T10:35:35Z
2026-08-11T10:26:43Z,2026-08-11T12:26:43+0200,e77a8f08-3545-4160-86f5-8c2dd4a3d7e1,2026-07-31T02:00:00Z,2026-07-31T04:00:00+0200,909.6,MW,PT,PT,actual_onshore_wind_generation,Wind Onshore,2026-08-11T10:35:35Z
2026-08-11T10:26:43Z,2026-08-11T12:26:43+0200,e77a8f08-3545-4160-86f5-8c2dd4a3d7e1,2026-07-31T03:00:00Z,2026-07-31T05:00:00+0200,964.7,MW,PT,PT,actual_onshore_wind_generation,Wind Onshore,2026-08-11T10:35:35Z
2026-08-11T10:26:43Z,2026-08-11T12:26:43+0200,e77a8f08-3545-4160-86f5-8c2dd4a3d7e1,2026-07-31T04:00:00Z,2026-07-31T06:00:00+0200,954.2,MW,PT,PT,actual_onshore_wind_generation,Wind Onshore,2026-08-11T10:35:35Z
2026-08-11T10:26:43Z,2026-08-11T12:26:43+0200,e77a8f08-3545-4160-86f5-8c2dd4a3d7e1,2026-07-31T05:00:00Z,2026-07-31T07:00:00+0200,883.0,MW,PT,PT,actual_onshore_wind_generation,Wind Onshore,2026-08-11T10:35:35Z
2026-08-11T10:26:43Z,2026-08-11T12:26:43+0200,e77a8f08-3545-4160-86f5-8c2dd4a3d7e1,2026-07-31T06:00:00Z,2026-07-31T08:00:00+0200,908.5,MW,PT,PT,actual_onshore_wind_generation,Wind Onshore,2026-08-11T10:35:35Z
2026-08-11T10:26:43Z,2026-08-11T12:26:43+0200,e77a8f08-3545-4160-86f5-8c2dd4a3d7e1,2026-07-31T07:00:00Z,2026-07-31T09:00:00+0200,701.2,MW,PT,PT,actual_onshore_wind_generation,Wind Onshore,2026-08-11T10:35:35Z
2026-08-11T10:26:43Z,2026-08-11T12:26:43+0200,e77a8f08-3545-4160-86f5-8c2dd4a3d7e1,2026-07-31T08:00:00Z,2026-07-31T10:00:00+0200,422.0,MW,PT,PT,actual_onshore_wind_generation,Wind Onshore,2026-08-11T10:35:35Z
2026-08-11T10:26:43Z,2026-08-11T12:26:43+0200,e77a8f08-3545-4160-86f5-8c2dd4a3d7e1,2026-07-31T09:00:00Z,2026-07-31T11:00:00+0200,299.4,MW,PT,PT,actual_onshore_wind_generation,Wind Onshore,2026-08-11T10:35:35Z
2026-08-11T10:26:43Z,2026-08-11T12:26:43+0200,e77a8f08-3545-4160-86f5-8c2dd4a3d7e1,2026-07-31T10:00:00Z,2026-07-31T12:00:00+0200,190.1,MW,PT,PT,actual_onshore_wind_generation,Wind Onshore,2026-08-11T10:35:35Z
2026-08-11T10:26:43Z,2026-08-11T12:26:43+0200,e77a8f08-3545-4160-86f5-8c2dd4a3d7e1,2026-07-31T11:00:00Z,2026-07-31T13:00:00+0200,189.3,MW,PT,PT,actual_onshore_wind_generation,Wind Onshore,2026-08-11T10:35:35Z
2026-08-11T10:26:43Z,2026-08-11T12:26:43+0200,e77a8f08-3545-4160-86f5-8c2dd4a3d7e1,2026-07-31T12:00:00Z,2026-07-31T14:00:00+0200,266.0,MW,PT,PT,actual_onshore_wind_generation,Wind Onshore,2026-08-11T10:35:35Z
2026-08-11T10:26:43Z,2026-08-11T12:26:43+0200,e77a8f08-3545-4160-86f5-8c2dd4a3d7e1,2026-07-31T13:00:00Z,2026-07-31T15:00:00+0200,384.9,MW,PT,PT,actual_onshore_wind_generation,Wind Onshore,2026-08-11T10:35:35Z
2026-08-11T10:26:43Z,2026-08-11T12:26:43+0200,e77a8f08-3545-4160-86f5-8c2dd4a3d7e1,2026-07-31T14:00:00Z,2026-07-31T16:00:00+0200,485.9,MW,PT,PT,actual_onshore_wind_generation,Wind Onshore,2026-08-11T10:35:35Z
2026-08-11T10:26:43Z,2026-08-11T12:26:43+0200,e77a8f08-3545-4160-86f5-8c2dd4a3d7e1,2026-07-31T15:00:00Z,2026-07-31T17:00:00+0200,596.2,MW,PT,PT,actual_onshore_wind_generation,Wind Onshore,2026-08-11T10:35:35Z
2026-08-11T10:26:43Z,2026-08-11T12:26:43+0200,e77a8f08-3545-4160-86f5-8c2dd4a3d7e1,2026-07-31T16:00:00Z,2026-07-31T18:00:00+0200,661.0,MW,PT,PT,actual_onshore_wind_generation,Wind Onshore,2026-08-11T10:35:35Z
2026-08-11T10:26:43Z,2026-08-11T12:26:43+0200,e77a8f08-3545-4160-86f5-8c2dd4a3d7e1,2026-07-31T17:00:00Z,2026-07-31T19:00:00+0200,728.4,MW,PT,PT,actual_onshore_wind_generation,Wind Onshore,2026-08-11T10:35:35Z
2026-08-11T10:26:43Z,2026-08-11T12:26:43+0200,e77a8f08-3545-4160-86f5-8c2dd4a3d7e1,2026-07-31T18:00:00Z,2026-07-31T20:00:00+0200,662.1,MW,PT,PT,actual_onshore_wind_generation,Wind Onshore,2026-08-11T10:35:35Z
2026-08-11T10:26:43Z,2026-08-11T12:26:43+0200,e77a8f08-3545-4160-86f5-8c2dd4a3d7e1,2026-07-31T19:00:00Z,2026-07-31T21:00:00+0200,662.3,MW,PT,PT,actual_onshore_wind_generation,Wind Onshore,2026-08-11T10:35:35Z
2026-08-11T10:26:43Z,2026-08-11T12:26:43+0200,e77a8f08-3545-4160-86f5-8c2dd4a3d7e1,2026-07-31T20:00:00Z,2026-07-31T22:00:00+0200,656.2,MW,PT,PT,actual_onshore_wind_generation,Wind Onshore,2026-08-11T10:35:35Z
2026-08-11T10:26:43Z,2026-08-11T12:26:43+0200,e77a8f08-3545-4160-86f5-8c2dd4a3d7e1,2026-07-31T21:00:00Z,2026-07-31T23:00:00+0200,754.2,MW,PT,PT,actual_onshore_wind_generation,Wind Onshore,2026-08-11T10:35:35Z
2026-08-11T10:26:43Z,2026-08-11T12:26:43+0200,e77a8f08-3545-4160-86f5-8c2dd4a3d7e1,2026-07-31T22:00:00Z,2026-08-01T00:00:00+0200,801.1,MW,PT,PT,actual_onshore_wind_generation,Wind Onshore,2026-08-11T10:35:35Z
2026-08-11T10:26:43Z,2026-08-11T12:26:43+0200,e77a8f08-3545-4160-86f5-8c2dd4a3d7e1,2026-07-31T23:00:00Z,2026-08-01T01:00:00+0200,776.2,MW,PT,PT,actual_onshore_wind_generation,Wind Onshore,2026-08-11T10:35:35Z
2026-08-11T10:26:43Z,2026-08-11T12:26:43+0200,e77a8f08-3545-4160-86f5-8c2dd4a3d7e1,2026-08-01T00:00:00Z,2026-08-01T02:00:00+0200,626.1,MW,PT,PT,actual_onshore_wind_generation,Wind Onshore,2026-08-11T10:35:35Z
2026-08-11T10:26:43Z,2026-08-11T12:26:43+0200,e77a8f08-3545-4160-86f5-8c2dd4a3d7e1,2026-08-01T01:00:00Z,2026-08-01T03:00:00+0200,542.6,MW,PT,PT,actual_onshore_wind_generation,Wind Onshore,2026-08-11T10:35:35Z
2026-08-11T10:26:43Z,2026-08-11T12:26:43+0200,e77a8f08-3545-4160-86f5-8c2dd4a3d7e1,2026-08-01T02:00:00Z,2026-08-01T04:00:00+0200,492.4,MW,PT,PT,actual_onshore_wind_generation,Wind Onshore,2026-08-11T10:35:35Z
2026-08-11T10:26:43Z,2026-08-11T12:26:43+0200,e77a8f08-3545-4160-86f5-8c2dd4a3d7e1,2026-08-01T03:00:00Z,2026-08-01T05:00:00+0200,477.3,MW,PT,PT,actual_onshore_wind_generation,Wind Onshore,2026-08-11T10:35:35Z
2026-08-11T10:26:43Z,2026-08-11T12:26:43+0200,e77a8f08-3545-4160-86f5-8c2dd4a3d7e1,2026-08-01T04:00:00Z,2026-08-01T06:00:00+0200,457.4,MW,PT,PT,actual_onshore_wind_generation,Wind Onshore,2026-08-11T10:35:35Z
2026-08-11T10:26:43Z,2026-08-11T12:26:43+0200,e77a8f08-3545-4160-86f5-8c2dd4a3d7e1,2026-08-01T05:00:00Z,2026-08-01T07:00:00+0200,426.8,MW,PT,PT,actual_onshore_wind_generation,Wind Onshore,2026-08-11T10:35:35Z
2026-08-11T10:26:43Z,2026-08-11T12:26:43+0200,e77a8f08-3545-4160-86f5-8c2dd4a3d7e1,2026-08-01T06:00:00Z,2026-08-01T08:00:00+0200,399.1,MW,PT,PT,actual_onshore_wind_generation,Wind Onshore,2026-08-11T10:35:35Z
2026-08-11T10:26:43Z,2026-08-11T12:26:43+0200,e77a8f08-3545-4160-86f5-8c2dd4a3d7e1,2026-08-01T07:00:00Z,2026-08-01T09:00:00+0200,343.6,MW,PT,PT,actual_onshore_wind_generation,Wind Onshore,2026-08-11T10:35:35Z
2026-08-11T10:26:43Z,2026-08-11T12:26:43+0200,e77a8f08-3545-4160-86f5-8c2dd4a3d7e1,2026-08-01T08:00:00Z,2026-08-01T10:00:00+0200,202.2,MW,PT,PT,actual_onshore_wind_generation,Wind Onshore,2026-08-11T10:35:35Z
2026-08-11T10:26:43Z,2026-08-11T12:26:43+0200,e77a8f08-3545-4160-86f5-8c2dd4a3d7e1,2026-08-01T09:00:00Z,2026-08-01T11:00:00+0200,97.2,MW,PT,PT,actual_onshore_wind_generation,Wind Onshore,2026-08-11T10:35:35Z
2026-08-11T10:26:43Z,2026-08-11T12:26:43+0200,e77a8f08-3545-4160-86f5-8c2dd4a3d7e1,2026-08-01T10:00:00Z,2026-08-01T12:00:00+0200,94.5,MW,PT,PT,actual_onshore_wind_generation,Wind Onshore,2026-08-11T10:35:35Z
2026-08-11T10:26:43Z,2026-08-11T12:26:43+0200,e77a8f08-3545-4160-86f5-8c2dd4a3d7e1,2026-08-01T11:00:00Z,2026-08-01T13:00:00+0200,181.2,MW,PT,PT,actual_onshore_wind_generation,Wind Onshore,2026-08-11T10:35:35Z
2026-08-11T10:26:43Z,2026-08-11T12:26:43+0200,e77a8f08-3545-4160-86f5-8c2dd4a3d7e1,2026-08-01T12:00:00Z,2026-08-01T14:00:00+0200,310.5,MW,PT,PT,actual_onshore_wind_generation,Wind Onshore,2026-08-11T10:35:35Z
2026-08-11T10:26:43Z,2026-08-11T12:26:43+0200,e77a8f08-3545-4160-86f5-8c2dd4a3d7e1,2026-08-01T13:00:00Z,2026-08-01T15:00:00+0200,518.4,MW,PT,PT,actual_onshore_wind_generation,Wind Onshore,2026-08-11T10:35:35Z
2026-08-11T10:26:43Z,2026-08-11T12:26:43+0200,e77a8f08-3545-4160-86f5-8c2dd4a3d7e1,2026-08-01T14:00:00Z,2026-08-01T16:00:00+0200,819.5,MW,PT,PT,actual_onshore_wind_generation,Wind Onshore,2026-08-11T10:35:35Z
2026-08-11T10:26:43Z,2026-08-11T12:26:43+0200,e77a8f08-3545-4160-86f5-8c2dd4a3d7e1,2026-08-01T15:00:00Z,2026-08-01T17:00:00+0200,1116.1,MW,PT,PT,actual_onshore_wind_generation,Wind Onshore,2026-08-11T10:35:35Z
2026-08-11T10:26:43Z,2026-08-11T12:26:43+0200,e77a8f08-3545-4160-86f5-8c2dd4a3d7e1,2026-08-01T16:00:00Z,2026-08-01T18:00:00+0200,1325.4,MW,PT,PT,actual_onshore_wind_generation,Wind Onshore,2026-08-11T10:35:35Z
2026-08-11T10:26:43Z,2026-08-11T12:26:43+0200,e77a8f08-3545-4160-86f5-8c2dd4a3d7e1,2026-08-01T17:00:00Z,2026-08-01T19:00:00+0200,1489.1,MW,PT,PT,actual_onshore_wind_generation,Wind Onshore,2026-08-11T10:35:35Z
2026-08-11T10:26:43Z,2026-08-11T12:26:43+0200,e77a8f08-3545-4160-86f5-8c2dd4a3d7e1,2026-08-01T18:00:00Z,2026-08-01T20:00:00+0200,1584.2,MW,PT,PT,actual_onshore_wind_generation,Wind Onshore,2026-08-11T10:35:35Z
2026-08-11T10:26:43Z,2026-08-11T12:26:43+0200,e77a8f08-3545-4160-86f5-8c2dd4a3d7e1,2026-08-01T19:00:00Z,2026-08-01T21:00:00+0200,1719.6,MW,PT,PT,actual_onshore_wind_generation,Wind Onshore,2026-08-11T10:35:35Z
2026-08-11T10:26:43Z,2026-08-11T12:26:43+0200,e77a8f08-3545-4160-86f5-8c2dd4a3d7e1,2026-08-01T20:00:00Z,2026-08-01T22:00:00+0200,1930.7,MW,PT,PT,actual_onshore_wind_generation,Wind Onshore,2026-08-11T10:35:35Z
2026-08-11T10:26:43Z,2026-08-11T12:26:43+0200,e77a8f08-3545-4160-86f5-8c2dd4a3d7e1,2026-08-01T21:00:00Z,2026-08-01T23:00:00+0200,1862.8,MW,PT,PT,actual_onshore_wind_generation,Wind Onshore,2026-08-11T10:35:35Z
2026-08-11T10:26:43Z,2026-08-11T12:26:43+0200,e77a8f08-3545-4160-86f5-8c2dd4a3d7e1,2026-08-01T22:00:00Z,2026-08-02T00:00:00+0200,1694.7,MW,PT,PT,actual_onshore_wind_generation,Wind Onshore,2026-08-11T10:35:35Z
2026-08-11T10:26:43Z,2026-08-11T12:26:43+0200,e77a8f08-3545-4160-86f5-8c2dd4a3d7e1,2026-08-01T23:00:00Z,2026-08-02T01:00:00+0200,1549.6,MW,PT,PT,actual_onshore_wind_generation,Wind Onshore,2026-08-11T10:35:35Z
2026-08-11T10:26:43Z,2026-08-11T12:26:43+0200,e77a8f08-3545-4160-86f5-8c2dd4a3d7e1,2026-08-02T00:00:00Z,2026-08-02T02:00:00+0200,1355.2,MW,PT,PT,actual_onshore_wind_generation,Wind Onshore,2026-08-11T10:35:35Z
2026-08-11T10:26:43Z,2026-08-11T12:26:43+0200,e77a8f08-3545-4160-86f5-8c2dd4a3d7e1,2026-08-02T01:00:00Z,2026-08-02T03:00:00+0200,1266.0,MW,PT,PT,actual_onshore_wind_generation,Wind Onshore,2026-08-11T10:35:35Z
2026-08-11T10:26:43Z,2026-08-11T12:26:43+0200,e77a8f08-3545-4160-86f5-8c2dd4a3d7e1,2026-08-02T02:00:00Z,2026-08-02T04:00:00+0200,1148.0,MW,PT,PT,actual_onshore_wind_generation,Wind Onshore,2026-08-11T10:35:35Z
2026-08-11T10:26:43Z,2026-08-11T12:26:43+0200,e77a8f08-3545-4160-86f5-8c2dd4a3d7e1,2026-08-02T03:00:00Z,2026-08-02T05:00:00+0200,1117.6,MW,PT,PT,actual_onshore_wind_generation,Wind Onshore,2026-08-11T10:35:35Z
2026-08-11T10:26:43Z,2026-08-11T12:26:43+0200,e77a8f08-3545-4160-86f5-8c2dd4a3d7e1,2026-08-02T04:00:00Z,2026-08-02T06:00:00+0200,1016.3,MW,PT,PT,actual_onshore_wind_generation,Wind Onshore,2026-08-11T10:35:35Z
2026-08-11T10:26:43Z,2026-08-11T12:26:43+0200,e77a8f08-3545-4160-86f5-8c2dd4a3d7e1,2026-08-02T05:00:00Z,2026-08-02T07:00:00+0200,935.8,MW,PT,PT,actual_onshore_wind_generation,Wind Onshore,2026-08-11T10:35:35Z
2026-08-11T10:26:43Z,2026-08-11T12:26:43+0200,e77a8f08-3545-4160-86f5-8c2dd4a3d7e1,2026-08-02T06:00:00Z,2026-08-02T08:00:00+0200,871.6,MW,PT,PT,actual_onshore_wind_generation,Wind Onshore,2026-08-11T10:35:35Z
2026-08-11T10:26:43Z,2026-08-11T12:26:43+0200,e77a8f08-3545-4160-86f5-8c2dd4a3d7e1,2026-08-02T07:00:00Z,2026-08-02T09:00:00+0200,739.4,MW,PT,PT,actual_onshore_wind_generation,Wind Onshore,2026-08-11T10:35:35Z
2026-08-11T10:26:43Z,2026-08-11T12:26:43+0200,e77a8f08-3545-4160-86f5-8c2dd4a3d7e1,2026-08-02T08:00:00Z,2026-08-02T10:00:00+0200,585.0,MW,PT,PT,actual_onshore_wind_generation,Wind Onshore,2026-08-11T10:35:35Z
2026-08-11T10:26:43Z,2026-08-11T12:26:43+0200,e77a8f08-3545-4160-86f5-8c2dd4a3d7e1,2026-08-02T09:00:00Z,2026-08-02T11:00:00+0200,501.3,MW,PT,PT,actual_onshore_wind_generation,Wind Onshore,2026-08-11T10:35:35Z
2026-08-11T10:26:43Z,2026-08-11T12:26:43+0200,e77a8f08-3545-4160-86f5-8c2dd4a3d7e1,2026-08-02T10:00:00Z,2026-08-02T12:00:00+0200,494.6,MW,PT,PT,actual_onshore_wind_generation,Wind Onshore,2026-08-11T10:35:35Z
2026-08-11T10:26:43Z,2026-08-11T12:26:43+0200,e77a8f08-3545-4160-86f5-8c2dd4a3d7e1,2026-08-02T11:00:00Z,2026-08-02T13:00:00+0200,565.4,MW,PT,PT,actual_onshore_wind_generation,Wind Onshore,2026-08-11T10:35:35Z
2026-08-11T10:26:43Z,2026-08-11T12:26:43+0200,e77a8f08-3545-4160-86f5-8c2dd4a3d7e1,2026-08-02T12:00:00Z,2026-08-02T14:00:00+0200,724.0,MW,PT,PT,actual_onshore_wind_generation,Wind Onshore,2026-08-11T10:35:35Z
2026-08-11T10:26:43Z,2026-08-11T12:26:43+0200,e77a8f08-3545-4160-86f5-8c2dd4a3d7e1,2026-08-02T13:00:00Z,2026-08-02T15:00:00+0200,862.0,MW,PT,PT,actual_onshore_wind_generation,Wind Onshore,2026-08-11T10:35:35Z
2026-08-11T10:26:43Z,2026-08-11T12:26:43+0200,e77a8f08-3545-4160-86f5-8c2dd4a3d7e1,2026-08-02T14:00:00Z,2026-08-02T16:00:00+0200,1004.2,MW,PT,PT,actual_onshore_wind_generation,Wind Onshore,2026-08-11T10:35:35Z
2026-08-11T10:26:43Z,2026-08-11T12:26:43+0200,e77a8f08-3545-4160-86f5-8c2dd4a3d7e1,2026-08-02T15:00:00Z,2026-08-02T17:00:00+0200,1205.7,MW,PT,PT,actual_onshore_wind_generation,Wind Onshore,2026-08-11T10:35:35Z
2026-08-11T10:26:43Z,2026-08-11T12:26:43+0200,e77a8f08-3545-4160-86f5-8c2dd4a3d7e1,2026-08-02T16:00:00Z,2026-08-02T18:00:00+0200,1227.2,MW,PT,PT,actual_onshore_wind_generation,Wind Onshore,2026-08-11T10:35:35Z
2026-08-11T10:26:43Z,2026-08-11T12:26:43+0200,e77a8f08-3545-4160-86f5-8c2dd4a3d7e1,2026-08-02T17:00:00Z,2026-08-02T19:00:00+0200,1189.0,MW,PT,PT,actual_onshore_wind_generation,Wind Onshore,2026-08-11T10:35:35Z
2026-08-11T10:26:43Z,2026-08-11T12:26:43+0200,e77a8f08-3545-4160-86f5-8c2dd4a3d7e1,2026-08-02T18:00:00Z,2026-08-02T20:00:00+0200,1170.6,MW,PT,PT,actual_onshore_wind_generation,Wind Onshore,2026-08-11T10:35:35Z
2026-08-11T10:26:43Z,2026-08-11T12:26:43+0200,e77a8f08-3545-4160-86f5-8c2dd4a3d7e1,2026-08-02T19:00:00Z,2026-08-02T21:00:00+0200,1070.7,MW,PT,PT,actual_onshore_wind_generation,Wind Onshore,2026-08-11T10:35:35Z
2026-08-11T10:26:43Z,2026-08-11T12:26:43+0200,e77a8f08-3545-4160-86f5-8c2dd4a3d7e1,2026-08-02T20:00:00Z,2026-08-02T22:00:00+0200,1064.8,MW,PT,PT,actual_onshore_wind_generation,Wind Onshore,2026-08-11T10:35:35Z
2026-08-11T10:26:43Z,2026-08-11T12:26:43+0200,e77a8f08-3545-4160-86f5-8c2dd4a3d7e1,2026-08-02T21:00:00Z,2026-08-02T23:00:00+0200,1032.6,MW,PT,PT,actual_onshore_wind_generation,Wind Onshore,2026-08-11T10:35:35Z
2026-08-11T10:26:43Z,2026-08-11T12:26:43+0200,e77a8f08-3545-4160-86f5-8c2dd4a3d7e1,2026-08-02T22:00:00Z,2026-08-03T00:00:00+0200,853.8,MW,PT,PT,actual_onshore_wind_generation,Wind Onshore,2026-08-11T10:35:35Z
2026-08-11T10:26:43Z,2026-08-11T12:26:43+0200,e77a8f08-3545-4160-86f5-8c2dd4a3d7e1,2026-08-02T23:00:00Z,2026-08-03T01:00:00+0200,905.1,MW,PT,PT,actual_onshore_wind_generation,Wind Onshore,2026-08-11T10:35:35Z
2026-08-11T10:26:43Z,2026-08-11T12:26:43+0200,e77a8f08-3545-4160-86f5-8c2dd4a3d7e1,2026-08-03T00:00:00Z,2026-08-03T02:00:00+0200,988.1,MW,PT,PT,actual_onshore_wind_generation,Wind Onshore,2026-08-11T10:35:35Z
2026-08-11T10:26:43Z,2026-08-11T12:26:43+0200,e77a8f08-3545-4160-86f5-8c2dd4a3d7e1,2026-08-03T01:00:00Z,2026-08-03T03:00:00+0200,800.3,MW,PT,PT,actual_onshore_wind_generation,Wind Onshore,2026-08-11T10:35:35Z
2026-08-11T10:26:43Z,2026-08-11T12:26:43+0200,e77a8f08-3545-4160-86f5-8c2dd4a3d7e1,2026-08-03T02:00:00Z,2026-08-03T04:00:00+0200,820.5,MW,PT,PT,actual_onshore_wind_generation,Wind Onshore,2026-08-11T10:35:35Z
2026-08-11T10:26:43Z,2026-08-11T12:26:43+0200,e77a8f08-3545-4160-86f5-8c2dd4a3d7e1,2026-08-03T03:00:00Z,2026-08-03T05:00:00+0200,783.6,MW,PT,PT,actual_onshore_wind_generation,Wind Onshore,2026-08-11T10:35:35Z
2026-08-11T10:26:43Z,2026-08-11T12:26:43+0200,e77a8f08-3545-4160-86f5-8c2dd4a3d7e1,2026-08-03T04:00:00Z,2026-08-03T06:00:00+0200,616.0,MW,PT,PT,actual_onshore_wind_generation,Wind Onshore,2026-08-11T10:35:35Z
2026-08-11T10:26:43Z,2026-08-11T12:26:43+0200,e77a8f08-3545-4160-86f5-8c2dd4a3d7e1,2026-08-03T05:00:00Z,2026-08-03T07:00:00+0200,539.6,MW,PT,PT,actual_onshore_wind_generation,Wind Onshore,2026-08-11T10:35:35Z
2026-08-11T10:26:43Z,2026-08-11T12:26:43+0200,e77a8f08-3545-4160-86f5-8c2dd4a3d7e1,2026-08-03T06:00:00Z,2026-08-03T08:00:00+0200,517.0,MW,PT,PT,actual_onshore_wind_generation,Wind Onshore,2026-08-11T10:35:35Z
2026-08-11T10:26:43Z,2026-08-11T12:26:43+0200,e77a8f08-3545-4160-86f5-8c2dd4a3d7e1,2026-08-03T07:00:00Z,2026-08-03T09:00:00+0200,456.4,MW,PT,PT,actual_onshore_wind_generation,Wind Onshore,2026-08-11T10:35:35Z
2026-08-11T10:26:43Z,2026-08-11T12:26:43+0200,e77a8f08-3545-4160-86f5-8c2dd4a3d7e1,2026-08-03T08:00:00Z,2026-08-03T10:00:00+0200,231.2,MW,PT,PT,actual_onshore_wind_generation,Wind Onshore,2026-08-11T10:35:35Z
2026-08-11T10:26:43Z,2026-08-11T12:26:43+0200,e77a8f08-3545-4160-86f5-8c2dd4a3d7e1,2026-08-03T09:00:00Z,2026-08-03T11:00:00+0200,211.9,MW,PT,PT,actual_onshore_wind_generation,Wind Onshore,2026-08-11T10:35:35Z
2026-08-11T10:26:43Z,2026-08-11T12:26:43+0200,e77a8f08-3545-4160-86f5-8c2dd4a3d7e1,2026-08-03T10:00:00Z,2026-08-03T12:00:00+0200,313.2,MW,PT,PT,actual_onshore_wind_generation,Wind Onshore,2026-08-11T10:35:35Z
2026-08-11T10:26:43Z,2026-08-11T12:26:43+0200,e77a8f08-3545-4160-86f5-8c2dd4a3d7e1,2026-08-03T11:00:00Z,2026-08-03T13:00:00+0200,470.0,MW,PT,PT,actual_onshore_wind_generation,Wind Onshore,2026-08-11T10:35:35Z
2026-08-11T10:26:43Z,2026-08-11T12:26:43+0200,e77a8f08-3545-4160-86f5-8c2dd4a3d7e1,2026-08-03T12:00:00Z,2026-08-03T14:00:00+0200,667.8,MW,PT,PT,actual_onshore_wind_generation,Wind Onshore,2026-08-11T10:35:35Z
2026-08-11T10:26:43Z,2026-08-11T12:26:43+0200,e77a8f08-3545-4160-86f5-8c2dd4a3d7e1,2026-08-03T13:00:00Z,2026-08-03T15:00:00+0200,891.2,MW,PT,PT,actual_onshore_wind_generation,Wind Onshore,2026-08-11T10:35:35Z
2026-08-11T10:26:43Z,2026-08-11T12:26:43+0200,e77a8f08-3545-4160-86f5-8c2dd4a3d7e1,2026-08-03T14:00:00Z,2026-08-03T16:00:00+0200,1043.7,MW,PT,PT,actual_onshore_wind_generation,Wind Onshore,2026-08-11T10:35:35Z
2026-08-11T10:26:43Z,2026-08-11T12:26:43+0200,e77a8f08-3545-4160-86f5-8c2dd4a3d7e1,2026-08-03T15:00:00Z,2026-08-03T17:00:00+0200,1085.0,MW,PT,PT,actual_onshore_wind_generation,Wind Onshore,2026-08-11T10:35:35Z
2026-08-11T10:26:43Z,2026-08-11T12:26:43+0200,e77a8f08-3545-4160-86f5-8c2dd4a3d7e1,2026-08-03T16:00:00Z,2026-08-03T18:00:00+0200,1184.1,MW,PT,PT,actual_onshore_wind_generation,Wind Onshore,2026-08-11T10:35:35Z
2026-08-11T10:26:43Z,2026-08-11T12:26:43+0200,e77a8f08-3545-4160-86f5-8c2dd4a3d7e1,2026-08-03T17:00:00Z,2026-08-03T19:00:00+0200,1449.5,MW,PT,PT,actual_onshore_wind_generation,Wind Onshore,2026-08-11T10:35:35Z
2026-08-11T10:26:43Z,2026-08-11T12:26:43+0200,e77a8f08-3545-4160-86f5-8c2dd4a3d7e1,2026-08-03T18:00:00Z,2026-08-03T20:00:00+0200,1548.9,MW,PT,PT,actual_onshore_wind_generation,Wind Onshore,2026-08-11T10:35:35Z
2026-08-11T10:26:43Z,2026-08-11T12:26:43+0200,e77a8f08-3545-4160-86f5-8c2dd4a3d7e1,2026-08-03T19:00:00Z,2026-08-03T21:00:00+0200,1399.5,MW,PT,PT,actual_onshore_wind_generation,Wind Onshore,2026-08-11T10:35:35Z
2026-08-11T10:26:43Z,2026-08-11T12:26:43+0200,e77a8f08-3545-4160-86f5-8c2dd4a3d7e1,2026-08-03T20:00:00Z,2026-08-03T22:00:00+0200,1356.2,MW,PT,PT,actual_onshore_wind_generation,Wind Onshore,2026-08-11T10:35:35Z
2026-08-11T10:26:43Z,2026-08-11T12:26:43+0200,e77a8f08-3545-4160-86f5-8c2dd4a3d7e1,2026-08-03T21:00:00Z,2026-08-03T23:00:00+0200,1345.8,MW,PT,PT,actual_onshore_wind_generation,Wind Onshore,2026-08-11T10:35:35Z
2026-08-11T10:26:43Z,2026-08-11T12:26:43+0200,e77a8f08-3545-4160-86f5-8c2dd4a3d7e1,2026-08-03T22:00:00Z,2026-08-04T00:00:00+0200,1533.2,MW,PT,PT,actual_onshore_wind_generation,Wind Onshore,2026-08-11T10:35:35Z
2026-08-11T10:26:43Z,2026-08-11T12:26:43+0200,e77a8f08-3545-4160-86f5-8c2dd4a3d7e1,2026-08-03T23:00:00Z,2026-08-04T01:00:00+0200,1570.7,MW,PT,PT,actual_onshore_wind_generation,Wind Onshore,2026-08-11T10:35:35Z
2026-08-11T10:26:43Z,2026-08-11T12:26:43+0200,e77a8f08-3545-4160-86f5-8c2dd4a3d7e1,2026-08-04T00:00:00Z,2026-08-04T02:00:00+0200,1493.3,MW,PT,PT,actual_onshore_wind_generation,Wind Onshore,2026-08-11T10:35:35Z
2026-08-11T10:26:43Z,2026-08-11T12:26:43+0200,e77a8f08-3545-4160-86f5-8c2dd4a3d7e1,2026-08-04T01:00:00Z,2026-08-04T03:00:00+0200,1377.9,MW,PT,PT,actual_onshore_wind_generation,Wind Onshore,2026-08-11T10:35:35Z
2026-08-11T10:26:43Z,2026-08-11T12:26:43+0200,e77a8f08-3545-4160-86f5-8c2dd4a3d7e1,2026-08-04T02:00:00Z,2026-08-04T04:00:00+0200,1169.1,MW,PT,PT,actual_onshore_wind_generation,Wind Onshore,2026-08-11T10:35:35Z
2026-08-11T10:26:43Z,2026-08-11T12:26:43+0200,e77a8f08-3545-4160-86f5-8c2dd4a3d7e1,2026-08-04T03:00:00Z,2026-08-04T05:00:00+0200,1010.6,MW,PT,PT,actual_onshore_wind_generation,Wind Onshore,2026-08-11T10:35:35Z
2026-08-11T10:26:43Z,2026-08-11T12:26:43+0200,e77a8f08-3545-4160-86f5-8c2dd4a3d7e1,2026-08-04T04:00:00Z,2026-08-04T06:00:00+0200,849.9,MW,PT,PT,actual_onshore_wind_generation,Wind Onshore,2026-08-11T10:35:35Z
2026-08-11T10:26:43Z,2026-08-11T12:26:43+0200,e77a8f08-3545-4160-86f5-8c2dd4a3d7e1,2026-08-04T05:00:00Z,2026-08-04T07:00:00+0200,681.3,MW,PT,PT,actual_onshore_wind_generation,Wind Onshore,2026-08-11T10:35:35Z
2026-08-11T10:26:43Z,2026-08-11T12:26:43+0200,e77a8f08-3545-4160-86f5-8c2dd4a3d7e1,2026-08-04T06:00:00Z,2026-08-04T08:00:00+0200,510.6,MW,PT,PT,actual_onshore_wind_generation,Wind Onshore,2026-08-11T10:35:35Z
2026-08-11T10:26:43Z,2026-08-11T12:26:43+0200,e77a8f08-3545-4160-86f5-8c2dd4a3d7e1,2026-08-04T07:00:00Z,2026-08-04T09:00:00+0200,325.9,MW,PT,PT,actual_onshore_wind_generation,Wind Onshore,2026-08-11T10:35:35Z
2026-08-11T10:26:43Z,2026-08-11T12:26:43+0200,e77a8f08-3545-4160-86f5-8c2dd4a3d7e1,2026-08-04T08:00:00Z,2026-08-04T10:00:00+0200,254.6,MW,PT,PT,actual_onshore_wind_generation,Wind Onshore,2026-08-11T10:35:35Z
2026-08-11T10:26:43Z,2026-08-11T12:26:43+0200,e77a8f08-3545-4160-86f5-8c2dd4a3d7e1,2026-08-04T09:00:00Z,2026-08-04T11:00:00+0200,260.0,MW,PT,PT,actual_onshore_wind_generation,Wind Onshore,2026-08-11T10:35:35Z
2026-08-11T10:26:43Z,2026-08-11T12:26:43+0200,e77a8f08-3545-4160-86f5-8c2dd4a3d7e1,2026-08-04T10:00:00Z,2026-08-04T12:00:00+0200,404.9,MW,PT,PT,actual_onshore_wind_generation,Wind Onshore,2026-08-11T10:35:35Z
2026-08-11T10:26:43Z,2026-08-11T12:26:43+0200,e77a8f08-3545-4160-86f5-8c2dd4a3d7e1,2026-08-04T11:00:00Z,2026-08-04T13:00:00+0200,511.4,MW,PT,PT,actual_onshore_wind_generation,Wind Onshore,2026-08-11T10:35:35Z
2026-08-11T10:26:43Z,2026-08-11T12:26:43+0200,e77a8f08-3545-4160-86f5-8c2dd4a3d7e1,2026-08-04T12:00:00Z,2026-08-04T14:00:00+0200,655.0,MW,PT,PT,actual_onshore_wind_generation,Wind Onshore,2026-08-11T10:35:35Z
2026-08-11T10:26:43Z,2026-08-11T12:26:43+0200,e77a8f08-3545-4160-86f5-8c2dd4a3d7e1,2026-08-04T13:00:00Z,2026-08-04T15:00:00+0200,836.5,MW,PT,PT,actual_onshore_wind_generation,Wind Onshore,2026-08-11T10:35:35Z
2026-08-11T10:26:43Z,2026-08-11T12:26:43+0200,e77a8f08-3545-4160-86f5-8c2dd4a3d7e1,2026-08-04T14:00:00Z,2026-08-04T16:00:00+0200,969.1,MW,PT,PT,actual_onshore_wind_generation,Wind Onshore,2026-08-11T10:35:35Z
2026-08-11T10:26:43Z,2026-08-11T12:26:43+0200,e77a8f08-3545-4160-86f5-8c2dd4a3d7e1,2026-08-04T15:00:00Z,2026-08-04T17:00:00+0200,1174.6,MW,PT,PT,actual_onshore_wind_generation,Wind Onshore,2026-08-11T10:35:35Z
2026-08-11T10:26:43Z,2026-08-11T12:26:43+0200,e77a8f08-3545-4160-86f5-8c2dd4a3d7e1,2026-08-04T16:00:00Z,2026-08-04T18:00:00+0200,1283.0,MW,PT,PT,actual_onshore_wind_generation,Wind Onshore,2026-08-11T10:35:35Z
2026-08-11T10:26:43Z,2026-08-11T12:26:43+0200,e77a8f08-3545-4160-86f5-8c2dd4a3d7e1,2026-08-04T17:00:00Z,2026-08-04T19:00:00+0200,1386.7,MW,PT,PT,actual_onshore_wind_generation,Wind Onshore,2026-08-11T10:35:35Z
2026-08-11T10:26:43Z,2026-08-11T12:26:43+0200,e77a8f08-3545-4160-86f5-8c2dd4a3d7e1,2026-08-04T18:00:00Z,2026-08-04T20:00:00+0200,1407.5,MW,PT,PT,actual_onshore_wind_generation,Wind Onshore,2026-08-11T10:35:35Z
2026-08-11T10:26:43Z,2026-08-11T12:26:43+0200,e77a8f08-3545-4160-86f5-8c2dd4a3d7e1,2026-08-04T19:00:00Z,2026-08-04T21:00:00+0200,1341.5,MW,PT,PT,actual_onshore_wind_generation,Wind Onshore,2026-08-11T10:35:35Z
2026-08-11T10:26:43Z,2026-08-11T12:26:43+0200,e77a8f08-3545-4160-86f5-8c2dd4a3d7e1,2026-08-04T20:00:00Z,2026-08-04T22:00:00+0200,1150.9,MW,PT,PT,actual_onshore_wind_generation,Wind Onshore,2026-08-11T10:35:35Z
2026-08-11T10:26:43Z,2026-08-11T12:26:43+0200,e77a8f08-3545-4160-86f5-8c2dd4a3d7e1,2026-08-04T21:00:00Z,2026-08-04T23:00:00+0200,1055.5,MW,PT,PT,actual_onshore_wind_generation,Wind Onshore,2026-08-11T10:35:35Z
2026-08-11T10:26:43Z,2026-08-11T12:26:43+0200,e77a8f08-3545-4160-86f5-8c2dd4a3d7e1,2026-08-04T22:00:00Z,2026-08-05T00:00:00+0200,978.7,MW,PT,PT,actual_onshore_wind_generation,Wind Onshore,2026-08-11T10:35:35Z
2026-08-11T10:26:43Z,2026-08-11T12:26:43+0200,e77a8f08-3545-4160-86f5-8c2dd4a3d7e1,2026-08-04T23:00:00Z,2026-08-05T01:00:00+0200,920.0,MW,PT,PT,actual_onshore_wind_generation,Wind Onshore,2026-08-11T10:35:35Z
2026-08-11T10:26:43Z,2026-08-11T12:26:43+0200,e77a8f08-3545-4160-86f5-8c2dd4a3d7e1,2026-08-05T00:00:00Z,2026-08-05T02:00:00+0200,944.9,MW,PT,PT,actual_onshore_wind_generation,Wind Onshore,2026-08-11T10:35:35Z
2026-08-11T10:26:43Z,2026-08-11T12:26:43+0200,e77a8f08-3545-4160-86f5-8c2dd4a3d7e1,2026-08-05T01:00:00Z,2026-08-05T03:00:00+0200,951.1,MW,PT,PT,actual_onshore_wind_generation,Wind Onshore,2026-08-11T10:35:35Z
2026-08-11T10:26:43Z,2026-08-11T12:26:43+0200,e77a8f08-3545-4160-86f5-8c2dd4a3d7e1,2026-08-05T02:00:00Z,2026-08-05T04:00:00+0200,957.3,MW,PT,PT,actual_onshore_wind_generation,Wind Onshore,2026-08-11T10:35:35Z
2026-08-11T10:26:43Z,2026-08-11T12:26:43+0200,e77a8f08-3545-4160-86f5-8c2dd4a3d7e1,2026-08-05T03:00:00Z,2026-08-05T05:00:00+0200,941.9,MW,PT,PT,actual_onshore_wind_generation,Wind Onshore,2026-08-11T10:35:35Z
2026-08-11T10:26:43Z,2026-08-11T12:26:43+0200,e77a8f08-3545-4160-86f5-8c2dd4a3d7e1,2026-08-05T04:00:00Z,2026-08-05T06:00:00+0200,842.0,MW,PT,PT,actual_onshore_wind_generation,Wind Onshore,2026-08-11T10:35:35Z
2026-08-11T10:26:43Z,2026-08-11T12:26:43+0200,e77a8f08-3545-4160-86f5-8c2dd4a3d7e1,2026-08-05T05:00:00Z,2026-08-05T07:00:00+0200,704.4,MW,PT,PT,actual_onshore_wind_generation,Wind Onshore,2026-08-11T10:35:35Z
2026-08-11T10:26:43Z,2026-08-11T12:26:43+0200,e77a8f08-3545-4160-86f5-8c2dd4a3d7e1,2026-08-05T06:00:00Z,2026-08-05T08:00:00+0200,567.1,MW,PT,PT,actual_onshore_wind_generation,Wind Onshore,2026-08-11T10:35:35Z
2026-08-11T10:26:43Z,2026-08-11T12:26:43+0200,e77a8f08-3545-4160-86f5-8c2dd4a3d7e1,2026-08-05T07:00:00Z,2026-08-05T09:00:00+0200,422.5,MW,PT,PT,actual_onshore_wind_generation,Wind Onshore,2026-08-11T10:35:35Z
2026-08-11T10:26:43Z,2026-08-11T12:26:43+0200,e77a8f08-3545-4160-86f5-8c2dd4a3d7e1,2026-08-05T08:00:00Z,2026-08-05T10:00:00+0200,344.0,MW,PT,PT,actual_onshore_wind_generation,Wind Onshore,2026-08-11T10:35:35Z
2026-08-11T10:26:43Z,2026-08-11T12:26:43+0200,e77a8f08-3545-4160-86f5-8c2dd4a3d7e1,2026-08-05T09:00:00Z,2026-08-05T11:00:00+0200,299.1,MW,PT,PT,actual_onshore_wind_generation,Wind Onshore,2026-08-11T10:35:35Z
2026-08-11T10:26:43Z,2026-08-11T12:26:43+0200,e77a8f08-3545-4160-86f5-8c2dd4a3d7e1,2026-08-05T10:00:00Z,2026-08-05T12:00:00+0200,267.6,MW,PT,PT,actual_onshore_wind_generation,Wind Onshore,2026-08-11T10:35:35Z
2026-08-11T10:26:43Z,2026-08-11T12:26:43+0200,e77a8f08-3545-4160-86f5-8c2dd4a3d7e1,2026-08-05T11:00:00Z,2026-08-05T13:00:00+0200,388.3,MW,PT,PT,actual_onshore_wind_generation,Wind Onshore,2026-08-11T10:35:35Z
2026-08-11T10:26:43Z,2026-08-11T12:26:43+0200,e77a8f08-3545-4160-86f5-8c2dd4a3d7e1,2026-08-05T12:00:00Z,2026-08-05T14:00:00+0200,621.6,MW,PT,PT,actual_onshore_wind_generation,Wind Onshore,2026-08-11T10:35:35Z
2026-08-11T10:26:43Z,2026-08-11T12:26:43+0200,e77a8f08-3545-4160-86f5-8c2dd4a3d7e1,2026-08-05T13:00:00Z,2026-08-05T15:00:00+0200,914.3,MW,PT,PT,actual_onshore_wind_generation,Wind Onshore,2026-08-11T10:35:35Z
2026-08-11T10:26:43Z,2026-08-11T12:26:43+0200,e77a8f08-3545-4160-86f5-8c2dd4a3d7e1,2026-08-05T14:00:00Z,2026-08-05T16:00:00+0200,1226.5,MW,PT,PT,actual_onshore_wind_generation,Wind Onshore,2026-08-11T10:35:35Z
2026-08-11T10:26:43Z,2026-08-11T12:26:43+0200,e77a8f08-3545-4160-86f5-8c2dd4a3d7e1,2026-08-05T15:00:00Z,2026-08-05T17:00:00+0200,1385.9,MW,PT,PT,actual_onshore_wind_generation,Wind Onshore,2026-08-11T10:35:35Z
2026-08-11T10:26:43Z,2026-08-11T12:26:43+0200,e77a8f08-3545-4160-86f5-8c2dd4a3d7e1,2026-08-05T16:00:00Z,2026-08-05T18:00:00+0200,1267.6,MW,PT,PT,actual_onshore_wind_generation,Wind Onshore,2026-08-11T10:35:35Z
2026-08-11T10:26:43Z,2026-08-11T12:26:43+0200,e77a8f08-3545-4160-86f5-8c2dd4a3d7e1,2026-08-05T17:00:00Z,2026-08-05T19:00:00+0200,1314.4,MW,PT,PT,actual_onshore_wind_generation,Wind Onshore,2026-08-11T10:35:35Z
2026-08-11T10:26:43Z,2026-08-11T12:26:43+0200,e77a8f08-3545-4160-86f5-8c2dd4a3d7e1,2026-08-05T18:00:00Z,2026-08-05T20:00:00+0200,1469.5,MW,PT,PT,actual_onshore_wind_generation,Wind Onshore,2026-08-11T10:35:35Z
2026-08-11T10:26:43Z,2026-08-11T12:26:43+0200,e77a8f08-3545-4160-86f5-8c2dd4a3d7e1,2026-08-05T19:00:00Z,2026-08-05T21:00:00+0200,1488.2,MW,PT,PT,actual_onshore_wind_generation,Wind Onshore,2026-08-11T10:35:35Z
2026-08-11T10:26:43Z,2026-08-11T12:26:43+0200,e77a8f08-3545-4160-86f5-8c2dd4a3d7e1,2026-08-05T20:00:00Z,2026-08-05T22:00:00+0200,1433.7,MW,PT,PT,actual_onshore_wind_generation,Wind Onshore,2026-08-11T10:35:35Z
2026-08-11T10:26:43Z,2026-08-11T12:26:43+0200,e77a8f08-3545-4160-86f5-8c2dd4a3d7e1,2026-08-05T21:00:00Z,2026-08-05T23:00:00+0200,1449.9,MW,PT,PT,actual_onshore_wind_generation,Wind Onshore,2026-08-11T10:35:35Z
2026-08-11T10:26:43Z,2026-08-11T12:26:43+0200,e77a8f08-3545-4160-86f5-8c2dd4a3d7e1,2026-08-05T22:00:00Z,2026-08-06T00:00:00+0200,1485.8,MW,PT,PT,actual_onshore_wind_generation,Wind Onshore,2026-08-11T10:35:35Z
2026-08-11T10:26:43Z,2026-08-11T12:26:43+0200,e77a8f08-3545-4160-86f5-8c2dd4a3d7e1,2026-08-05T23:00:00Z,2026-08-06T01:00:00+0200,1330.7,MW,PT,PT,actual_onshore_wind_generation,Wind Onshore,2026-08-11T10:35:35Z
2026-08-11T10:26:43Z,2026-08-11T12:26:43+0200,e77a8f08-3545-4160-86f5-8c2dd4a3d7e1,2026-08-06T00:00:00Z,2026-08-06T02:00:00+0200,1222.2,MW,PT,PT,actual_onshore_wind_generation,Wind Onshore,2026-08-11T10:35:35Z
2026-08-11T10:26:43Z,2026-08-11T12:26:43+0200,e77a8f08-3545-4160-86f5-8c2dd4a3d7e1,2026-08-06T01:00:00Z,2026-08-06T03:00:00+0200,1158.6,MW,PT,PT,actual_onshore_wind_generation,Wind Onshore,2026-08-11T10:35:35Z
2026-08-11T10:26:43Z,2026-08-11T12:26:43+0200,e77a8f08-3545-4160-86f5-8c2dd4a3d7e1,2026-08-06T02:00:00Z,2026-08-06T04:00:00+0200,1165.7,MW,PT,PT,actual_onshore_wind_generation,Wind Onshore,2026-08-11T10:35:35Z
2026-08-11T10:26:43Z,2026-08-11T12:26:43+0200,e77a8f08-3545-4160-86f5-8c2dd4a3d7e1,2026-08-06T03:00:00Z,2026-08-06T05:00:00+0200,1235.4,MW,PT,PT,actual_onshore_wind_generation,Wind Onshore,2026-08-11T10:35:35Z
2026-08-11T10:26:43Z,2026-08-11T12:26:43+0200,e77a8f08-3545-4160-86f5-8c2dd4a3d7e1,2026-08-06T04:00:00Z,2026-08-06T06:00:00+0200,1246.0,MW,PT,PT,actual_onshore_wind_generation,Wind Onshore,2026-08-11T10:35:35Z
2026-08-11T10:26:43Z,2026-08-11T12:26:43+0200,e77a8f08-3545-4160-86f5-8c2dd4a3d7e1,2026-08-06T05:00:00Z,2026-08-06T07:00:00+0200,1216.0,MW,PT,PT,actual_onshore_wind_generation,Wind Onshore,2026-08-11T10:35:35Z
2026-08-11T10:26:43Z,2026-08-11T12:26:43+0200,e77a8f08-3545-4160-86f5-8c2dd4a3d7e1,2026-08-06T06:00:00Z,2026-08-06T08:00:00+0200,1150.5,MW,PT,PT,actual_onshore_wind_generation,Wind Onshore,2026-08-11T10:35:35Z
2026-08-11T10:26:43Z,2026-08-11T12:26:43+0200,e77a8f08-3545-4160-86f5-8c2dd4a3d7e1,2026-08-06T07:00:00Z,2026-08-06T09:00:00+0200,951.4,MW,PT,PT,actual_onshore_wind_generation,Wind Onshore,2026-08-11T10:35:35Z
2026-08-11T10:26:43Z,2026-08-11T12:26:43+0200,e77a8f08-3545-4160-86f5-8c2dd4a3d7e1,2026-08-06T08:00:00Z,2026-08-06T10:00:00+0200,716.7,MW,PT,PT,actual_onshore_wind_generation,Wind Onshore,2026-08-11T10:35:35Z
2026-08-11T10:26:43Z,2026-08-11T12:26:43+0200,e77a8f08-3545-4160-86f5-8c2dd4a3d7e1,2026-08-06T09:00:00Z,2026-08-06T11:00:00+0200,478.8,MW,PT,PT,actual_onshore_wind_generation,Wind Onshore,2026-08-11T10:35:35Z
2026-08-11T10:26:43Z,2026-08-11T12:26:43+0200,e77a8f08-3545-4160-86f5-8c2dd4a3d7e1,2026-08-06T10:00:00Z,2026-08-06T12:00:00+0200,376.9,MW,PT,PT,actual_onshore_wind_generation,Wind Onshore,2026-08-11T10:35:35Z
2026-08-11T10:26:43Z,2026-08-11T12:26:43+0200,e77a8f08-3545-4160-86f5-8c2dd4a3d7e1,2026-08-06T11:00:00Z,2026-08-06T13:00:00+0200,368.8,MW,PT,PT,actual_onshore_wind_generation,Wind Onshore,2026-08-11T10:35:35Z
2026-08-11T10:26:43Z,2026-08-11T12:26:43+0200,e77a8f08-3545-4160-86f5-8c2dd4a3d7e1,2026-08-06T12:00:00Z,2026-08-06T14:00:00+0200,400.6,MW,PT,PT,actual_onshore_wind_generation,Wind Onshore,2026-08-11T10:35:35Z
2026-08-11T10:26:43Z,2026-08-11T12:26:43+0200,e77a8f08-3545-4160-86f5-8c2dd4a3d7e1,2026-08-06T13:00:00Z,2026-08-06T15:00:00+0200,582.8,MW,PT,PT,actual_onshore_wind_generation,Wind Onshore,2026-08-11T10:35:35Z
2026-08-11T10:26:43Z,2026-08-11T12:26:43+0200,e77a8f08-3545-4160-86f5-8c2dd4a3d7e1,2026-08-06T14:00:00Z,2026-08-06T16:00:00+0200,840.3,MW,PT,PT,actual_onshore_wind_generation,Wind Onshore,2026-08-11T10:35:35Z
2026-08-11T10:26:43Z,2026-08-11T12:26:43+0200,e77a8f08-3545-4160-86f5-8c2dd4a3d7e1,2026-08-06T15:00:00Z,2026-08-06T17:00:00+0200,1164.3,MW,PT,PT,actual_onshore_wind_generation,Wind Onshore,2026-08-11T10:35:35Z
2026-08-11T10:26:43Z,2026-08-11T12:26:43+0200,e77a8f08-3545-4160-86f5-8c2dd4a3d7e1,2026-08-06T16:00:00Z,2026-08-06T18:00:00+0200,1438.5,MW,PT,PT,actual_onshore_wind_generation,Wind Onshore,2026-08-11T10:35:35Z
2026-08-11T10:26:43Z,2026-08-11T12:26:43+0200,e77a8f08-3545-4160-86f5-8c2dd4a3d7e1,2026-08-06T17:00:00Z,2026-08-06T19:00:00+0200,1653.1,MW,PT,PT,actual_onshore_wind_generation,Wind Onshore,2026-08-11T10:35:35Z
2026-08-11T10:26:43Z,2026-08-11T12:26:43+0200,e77a8f08-3545-4160-86f5-8c2dd4a3d7e1,2026-08-06T18:00:00Z,2026-08-06T20:00:00+0200,1932.2,MW,PT,PT,actual_onshore_wind_generation,Wind Onshore,2026-08-11T10:35:35Z
2026-08-11T10:26:43Z,2026-08-11T12:26:43+0200,e77a8f08-3545-4160-86f5-8c2dd4a3d7e1,2026-08-06T19:00:00Z,2026-08-06T21:00:00+0200,2019.5,MW,PT,PT,actual_onshore_wind_generation,Wind Onshore,2026-08-11T10:35:35Z
2026-08-11T10:26:43Z,2026-08-11T12:26:43+0200,e77a8f08-3545-4160-86f5-8c2dd4a3d7e1,2026-08-06T20:00:00Z,2026-08-06T22:00:00+0200,1933.7,MW,PT,PT,actual_onshore_wind_generation,Wind Onshore,2026-08-11T10:35:35Z
2026-08-11T10:26:43Z,2026-08-11T12:26:43+0200,e77a8f08-3545-4160-86f5-8c2dd4a3d7e1,2026-08-06T21:00:00Z,2026-08-06T23:00:00+0200,1531.2,MW,PT,PT,actual_onshore_wind_generation,Wind Onshore,2026-08-11T10:35:35Z
2026-08-11T10:26:43Z,2026-08-11T12:26:43+0200,e77a8f08-3545-4160-86f5-8c2dd4a3d7e1,2026-08-06T22:00:00Z,2026-08-07T00:00:00+0200,1325.8,MW,PT,PT,actual_onshore_wind_generation,Wind Onshore,2026-08-11T10:35:35Z
2026-08-11T10:26:43Z,2026-08-11T12:26:43+0200,e77a8f08-3545-4160-86f5-8c2dd4a3d7e1,2026-08-06T23:00:00Z,2026-08-07T01:00:00+0200,1093.8,MW,PT,PT,actual_onshore_wind_generation,Wind Onshore,2026-08-11T10:35:35Z
2026-08-11T10:26:43Z,2026-08-11T12:26:43+0200,e77a8f08-3545-4160-86f5-8c2dd4a3d7e1,2026-08-07T00:00:00Z,2026-08-07T02:00:00+0200,949.9,MW,PT,PT,actual_onshore_wind_generation,Wind Onshore,2026-08-11T10:35:35Z
2026-08-11T10:26:43Z,2026-08-11T12:26:43+0200,e77a8f08-3545-4160-86f5-8c2dd4a3d7e1,2026-08-07T01:00:00Z,2026-08-07T03:00:00+0200,886.5,MW,PT,PT,actual_onshore_wind_generation,Wind Onshore,2026-08-11T10:35:35Z
2026-08-11T10:26:43Z,2026-08-11T12:26:43+0200,e77a8f08-3545-4160-86f5-8c2dd4a3d7e1,2026-08-07T02:00:00Z,2026-08-07T04:00:00+0200,861.0,MW,PT,PT,actual_onshore_wind_generation,Wind Onshore,2026-08-11T10:35:35Z
2026-08-11T10:26:43Z,2026-08-11T12:26:43+0200,e77a8f08-3545-4160-86f5-8c2dd4a3d7e1,2026-08-07T03:00:00Z,2026-08-07T05:00:00+0200,720.4,MW,PT,PT,actual_onshore_wind_generation,Wind Onshore,2026-08-11T10:35:35Z
2026-08-11T10:26:43Z,2026-08-11T12:26:43+0200,e77a8f08-3545-4160-86f5-8c2dd4a3d7e1,2026-08-07T04:00:00Z,2026-08-07T06:00:00+0200,620.5,MW,PT,PT,actual_onshore_wind_generation,Wind Onshore,2026-08-11T10:35:35Z
2026-08-11T10:26:43Z,2026-08-11T12:26:43+0200,e77a8f08-3545-4160-86f5-8c2dd4a3d7e1,2026-08-07T05:00:00Z,2026-08-07T07:00:00+0200,588.5,MW,PT,PT,actual_onshore_wind_generation,Wind Onshore,2026-08-11T10:35:35Z
2026-08-11T10:26:43Z,2026-08-11T12:26:43+0200,e77a8f08-3545-4160-86f5-8c2dd4a3d7e1,2026-08-07T06:00:00Z,2026-08-07T08:00:00+0200,602.2,MW,PT,PT,actual_onshore_wind_generation,Wind Onshore,2026-08-11T10:35:35Z
2026-08-11T10:26:43Z,2026-08-11T12:26:43+0200,e77a8f08-3545-4160-86f5-8c2dd4a3d7e1,2026-08-07T07:00:00Z,2026-08-07T09:00:00+0200,578.7,MW,PT,PT,actual_onshore_wind_generation,Wind Onshore,2026-08-11T10:35:35Z
2026-08-11T10:26:43Z,2026-08-11T12:26:43+0200,e77a8f08-3545-4160-86f5-8c2dd4a3d7e1,2026-08-07T08:00:00Z,2026-08-07T10:00:00+0200,467.5,MW,PT,PT,actual_onshore_wind_generation,Wind Onshore,2026-08-11T10:35:35Z
2026-08-11T10:26:43Z,2026-08-11T12:26:43+0200,e77a8f08-3545-4160-86f5-8c2dd4a3d7e1,2026-08-07T09:00:00Z,2026-08-07T11:00:00+0200,341.5,MW,PT,PT,actual_onshore_wind_generation,Wind Onshore,2026-08-11T10:35:35Z
2026-08-11T10:26:43Z,2026-08-11T12:26:43+0200,e77a8f08-3545-4160-86f5-8c2dd4a3d7e1,2026-08-07T10:00:00Z,2026-08-07T12:00:00+0200,256.2,MW,PT,PT,actual_onshore_wind_generation,Wind Onshore,2026-08-11T10:35:35Z
2026-08-11T10:26:43Z,2026-08-11T12:26:43+0200,e77a8f08-3545-4160-86f5-8c2dd4a3d7e1,2026-08-07T11:00:00Z,2026-08-07T13:00:00+0200,407.1,MW,PT,PT,actual_onshore_wind_generation,Wind Onshore,2026-08-11T10:35:35Z
2026-08-11T10:26:43Z,2026-08-11T12:26:43+0200,e77a8f08-3545-4160-86f5-8c2dd4a3d7e1,2026-08-07T12:00:00Z,2026-08-07T14:00:00+0200,609.4,MW,PT,PT,actual_onshore_wind_generation,Wind Onshore,2026-08-11T10:35:35Z
2026-08-11T10:26:43Z,2026-08-11T12:26:43+0200,e77a8f08-3545-4160-86f5-8c2dd4a3d7e1,2026-08-07T13:00:00Z,2026-08-07T15:00:00+0200,945.8,MW,PT,PT,actual_onshore_wind_generation,Wind Onshore,2026-08-11T10:35:35Z
2026-08-11T10:26:43Z,2026-08-11T12:26:43+0200,e77a8f08-3545-4160-86f5-8c2dd4a3d7e1,2026-08-07T14:00:00Z,2026-08-07T16:00:00+0200,1492.2,MW,PT,PT,actual_onshore_wind_generation,Wind Onshore,2026-08-11T10:35:35Z
2026-08-11T10:26:43Z,2026-08-11T12:26:43+0200,e77a8f08-3545-4160-86f5-8c2dd4a3d7e1,2026-08-07T15:00:00Z,2026-08-07T17:00:00+0200,1723.7,MW,PT,PT,actual_onshore_wind_generation,Wind Onshore,2026-08-11T10:35:35Z
2026-08-11T10:26:43Z,2026-08-11T12:26:43+0200,e77a8f08-3545-4160-86f5-8c2dd4a3d7e1,2026-08-07T16:00:00Z,2026-08-07T18:00:00+0200,1706.0,MW,PT,PT,actual_onshore_wind_generation,Wind Onshore,2026-08-11T10:35:35Z
2026-08-11T10:26:43Z,2026-08-11T12:26:43+0200,e77a8f08-3545-4160-86f5-8c2dd4a3d7e1,2026-08-07T17:00:00Z,2026-08-07T19:00:00+0200,1697.0,MW,PT,PT,actual_onshore_wind_generation,Wind Onshore,2026-08-11T10:35:35Z
2026-08-11T10:26:43Z,2026-08-11T12:26:43+0200,e77a8f08-3545-4160-86f5-8c2dd4a3d7e1,2026-08-07T18:00:00Z,2026-08-07T20:00:00+0200,1542.2,MW,PT,PT,actual_onshore_wind_generation,Wind Onshore,2026-08-11T10:35:35Z
2026-08-11T10:26:43Z,2026-08-11T12:26:43+0200,e77a8f08-3545-4160-86f5-8c2dd4a3d7e1,2026-08-07T19:00:00Z,2026-08-07T21:00:00+0200,1479.4,MW,PT,PT,actual_onshore_wind_generation,Wind Onshore,2026-08-11T10:35:35Z
2026-08-11T10:26:43Z,2026-08-11T12:26:43+0200,e77a8f08-3545-4160-86f5-8c2dd4a3d7e1,2026-08-07T20:00:00Z,2026-08-07T22:00:00+0200,1556.1,MW,PT,PT,actual_onshore_wind_generation,Wind Onshore,2026-08-11T10:35:35Z
2026-08-11T10:26:43Z,2026-08-11T12:26:43+0200,e77a8f08-3545-4160-86f5-8c2dd4a3d7e1,2026-08-07T21:00:00Z,2026-08-07T23:00:00+0200,1537.8,MW,PT,PT,actual_onshore_wind_generation,Wind Onshore,2026-08-11T10:35:35Z
2026-08-11T10:26:43Z,2026-08-11T12:26:43+0200,e77a8f08-3545-4160-86f5-8c2dd4a3d7e1,2026-08-07T22:00:00Z,2026-08-08T00:00:00+0200,1280.2,MW,PT,PT,actual_onshore_wind_generation,Wind Onshore,2026-08-11T10:35:35Z
2026-08-11T10:26:43Z,2026-08-11T12:26:43+0200,e77a8f08-3545-4160-86f5-8c2dd4a3d7e1,2026-08-07T23:00:00Z,2026-08-08T01:00:00+0200,984.7,MW,PT,PT,actual_onshore_wind_generation,Wind Onshore,2026-08-11T10:35:35Z
2026-08-11T10:26:43Z,2026-08-11T12:26:43+0200,e77a8f08-3545-4160-86f5-8c2dd4a3d7e1,2026-08-08T00:00:00Z,2026-08-08T02:00:00+0200,726.0,MW,PT,PT,actual_onshore_wind_generation,Wind Onshore,2026-08-11T10:35:35Z
2026-08-11T10:26:43Z,2026-08-11T12:26:43+0200,e77a8f08-3545-4160-86f5-8c2dd4a3d7e1,2026-08-08T01:00:00Z,2026-08-08T03:00:00+0200,502.1,MW,PT,PT,actual_onshore_wind_generation,Wind Onshore,2026-08-11T10:35:35Z
2026-08-11T10:26:43Z,2026-08-11T12:26:43+0200,e77a8f08-3545-4160-86f5-8c2dd4a3d7e1,2026-08-08T02:00:00Z,2026-08-08T04:00:00+0200,417.6,MW,PT,PT,actual_onshore_wind_generation,Wind Onshore,2026-08-11T10:35:35Z
2026-08-11T10:26:43Z,2026-08-11T12:26:43+0200,e77a8f08-3545-4160-86f5-8c2dd4a3d7e1,2026-08-08T03:00:00Z,2026-08-08T05:00:00+0200,293.5,MW,PT,PT,actual_onshore_wind_generation,Wind Onshore,2026-08-11T10:35:35Z
2026-08-11T10:26:43Z,2026-08-11T12:26:43+0200,e77a8f08-3545-4160-86f5-8c2dd4a3d7e1,2026-08-08T04:00:00Z,2026-08-08T06:00:00+0200,226.0,MW,PT,PT,actual_onshore_wind_generation,Wind Onshore,2026-08-11T10:35:35Z
2026-08-11T10:26:43Z,2026-08-11T12:26:43+0200,e77a8f08-3545-4160-86f5-8c2dd4a3d7e1,2026-08-08T05:00:00Z,2026-08-08T07:00:00+0200,199.4,MW,PT,PT,actual_onshore_wind_generation,Wind Onshore,2026-08-11T10:35:35Z
2026-08-11T10:26:43Z,2026-08-11T12:26:43+0200,e77a8f08-3545-4160-86f5-8c2dd4a3d7e1,2026-08-08T06:00:00Z,2026-08-08T08:00:00+0200,184.4,MW,PT,PT,actual_onshore_wind_generation,Wind Onshore,2026-08-11T10:35:35Z
2026-08-11T10:26:43Z,2026-08-11T12:26:43+0200,e77a8f08-3545-4160-86f5-8c2dd4a3d7e1,2026-08-08T07:00:00Z,2026-08-08T09:00:00+0200,172.4,MW,PT,PT,actual_onshore_wind_generation,Wind Onshore,2026-08-11T10:35:35Z
2026-08-11T10:26:43Z,2026-08-11T12:26:43+0200,e77a8f08-3545-4160-86f5-8c2dd4a3d7e1,2026-08-08T08:00:00Z,2026-08-08T10:00:00+0200,154.1,MW,PT,PT,actual_onshore_wind_generation,Wind Onshore,2026-08-11T10:35:35Z
2026-08-11T10:26:43Z,2026-08-11T12:26:43+0200,e77a8f08-3545-4160-86f5-8c2dd4a3d7e1,2026-08-08T09:00:00Z,2026-08-08T11:00:00+0200,183.4,MW,PT,PT,actual_onshore_wind_generation,Wind Onshore,2026-08-11T10:35:35Z
2026-08-11T10:26:43Z,2026-08-11T12:26:43+0200,e77a8f08-3545-4160-86f5-8c2dd4a3d7e1,2026-08-08T10:00:00Z,2026-08-08T12:00:00+0200,223.1,MW,PT,PT,actual_onshore_wind_generation,Wind Onshore,2026-08-11T10:35:35Z
2026-08-11T10:26:43Z,2026-08-11T12:26:43+0200,e77a8f08-3545-4160-86f5-8c2dd4a3d7e1,2026-08-08T11:00:00Z,2026-08-08T13:00:00+0200,407.1,MW,PT,PT,actual_onshore_wind_generation,Wind Onshore,2026-08-11T10:35:35Z
2026-08-11T10:26:43Z,2026-08-11T12:26:43+0200,e77a8f08-3545-4160-86f5-8c2dd4a3d7e1,2026-08-08T12:00:00Z,2026-08-08T14:00:00+0200,699.4,MW,PT,PT,actual_onshore_wind_generation,Wind Onshore,2026-08-11T10:35:35Z
2026-08-11T10:26:43Z,2026-08-11T12:26:43+0200,e77a8f08-3545-4160-86f5-8c2dd4a3d7e1,2026-08-08T13:00:00Z,2026-08-08T15:00:00+0200,974.8,MW,PT,PT,actual_onshore_wind_generation,Wind Onshore,2026-08-11T10:35:35Z
2026-08-11T10:26:43Z,2026-08-11T12:26:43+0200,e77a8f08-3545-4160-86f5-8c2dd4a3d7e1,2026-08-08T14:00:00Z,2026-08-08T16:00:00+0200,1302.8,MW,PT,PT,actual_onshore_wind_generation,Wind Onshore,2026-08-11T10:35:35Z
2026-08-11T10:26:43Z,2026-08-11T12:26:43+0200,e77a8f08-3545-4160-86f5-8c2dd4a3d7e1,2026-08-08T15:00:00Z,2026-08-08T17:00:00+0200,1573.1,MW,PT,PT,actual_onshore_wind_generation,Wind Onshore,2026-08-11T10:35:35Z
2026-08-11T10:26:43Z,2026-08-11T12:26:43+0200,e77a8f08-3545-4160-86f5-8c2dd4a3d7e1,2026-08-08T16:00:00Z,2026-08-08T18:00:00+0200,1806.4,MW,PT,PT,actual_onshore_wind_generation,Wind Onshore,2026-08-11T10:35:35Z
2026-08-11T10:26:43Z,2026-08-11T12:26:43+0200,e77a8f08-3545-4160-86f5-8c2dd4a3d7e1,2026-08-08T17:00:00Z,2026-08-08T19:00:00+0200,1797.9,MW,PT,PT,actual_onshore_wind_generation,Wind Onshore,2026-08-11T10:35:35Z
2026-08-11T10:26:43Z,2026-08-11T12:26:43+0200,e77a8f08-3545-4160-86f5-8c2dd4a3d7e1,2026-08-08T18:00:00Z,2026-08-08T20:00:00+0200,1754.2,MW,PT,PT,actual_onshore_wind_generation,Wind Onshore,2026-08-11T10:35:35Z
2026-08-11T10:26:43Z,2026-08-11T12:26:43+0200,e77a8f08-3545-4160-86f5-8c2dd4a3d7e1,2026-08-08T19:00:00Z,2026-08-08T21:00:00+0200,1634.0,MW,PT,PT,actual_onshore_wind_generation,Wind Onshore,2026-08-11T10:35:35Z
2026-08-11T10:26:43Z,2026-08-11T12:26:43+0200,e77a8f08-3545-4160-86f5-8c2dd4a3d7e1,2026-08-08T20:00:00Z,2026-08-08T22:00:00+0200,1724.8,MW,PT,PT,actual_onshore_wind_generation,Wind Onshore,2026-08-11T10:35:35Z
2026-08-11T10:26:43Z,2026-08-11T12:26:43+0200,e77a8f08-3545-4160-86f5-8c2dd4a3d7e1,2026-08-08T21:00:00Z,2026-08-08T23:00:00+0200,1646.0,MW,PT,PT,actual_onshore_wind_generation,Wind Onshore,2026-08-11T10:35:35Z
2026-08-11T10:26:43Z,2026-08-11T12:26:43+0200,e77a8f08-3545-4160-86f5-8c2dd4a3d7e1,2026-08-08T22:00:00Z,2026-08-09T00:00:00+0200,1581.9,MW,PT,PT,actual_onshore_wind_generation,Wind Onshore,2026-08-11T10:35:35Z
2026-08-11T10:26:43Z,2026-08-11T12:26:43+0200,e77a8f08-3545-4160-86f5-8c2dd4a3d7e1,2026-08-08T23:00:00Z,2026-08-09T01:00:00+0200,1443.9,MW,PT,PT,actual_onshore_wind_generation,Wind Onshore,2026-08-11T10:35:35Z
2026-08-11T10:26:43Z,2026-08-11T12:26:43+0200,e77a8f08-3545-4160-86f5-8c2dd4a3d7e1,2026-08-09T00:00:00Z,2026-08-09T02:00:00+0200,1274.3,MW,PT,PT,actual_onshore_wind_generation,Wind Onshore,2026-08-11T10:35:35Z
2026-08-11T10:26:43Z,2026-08-11T12:26:43+0200,e77a8f08-3545-4160-86f5-8c2dd4a3d7e1,2026-08-09T01:00:00Z,2026-08-09T03:00:00+0200,1059.0,MW,PT,PT,actual_onshore_wind_generation,Wind Onshore,2026-08-11T10:35:35Z
2026-08-11T10:26:43Z,2026-08-11T12:26:43+0200,e77a8f08-3545-4160-86f5-8c2dd4a3d7e1,2026-08-09T02:00:00Z,2026-08-09T04:00:00+0200,843.5,MW,PT,PT,actual_onshore_wind_generation,Wind Onshore,2026-08-11T10:35:35Z
2026-08-11T10:26:43Z,2026-08-11T12:26:43+0200,e77a8f08-3545-4160-86f5-8c2dd4a3d7e1,2026-08-09T03:00:00Z,2026-08-09T05:00:00+0200,660.8,MW,PT,PT,actual_onshore_wind_generation,Wind Onshore,2026-08-11T10:35:35Z
2026-08-11T10:26:43Z,2026-08-11T12:26:43+0200,e77a8f08-3545-4160-86f5-8c2dd4a3d7e1,2026-08-09T04:00:00Z,2026-08-09T06:00:00+0200,469.2,MW,PT,PT,actual_onshore_wind_generation,Wind Onshore,2026-08-11T10:35:35Z
2026-08-11T10:26:43Z,2026-08-11T12:26:43+0200,e77a8f08-3545-4160-86f5-8c2dd4a3d7e1,2026-08-09T05:00:00Z,2026-08-09T07:00:00+0200,320.4,MW,PT,PT,actual_onshore_wind_generation,Wind Onshore,2026-08-11T10:35:35Z
2026-08-11T10:26:43Z,2026-08-11T12:26:43+0200,e77a8f08-3545-4160-86f5-8c2dd4a3d7e1,2026-08-09T06:00:00Z,2026-08-09T08:00:00+0200,304.0,MW,PT,PT,actual_onshore_wind_generation,Wind Onshore,2026-08-11T10:35:35Z
2026-08-11T10:26:43Z,2026-08-11T12:26:43+0200,e77a8f08-3545-4160-86f5-8c2dd4a3d7e1,2026-08-09T07:00:00Z,2026-08-09T09:00:00+0200,332.5,MW,PT,PT,actual_onshore_wind_generation,Wind Onshore,2026-08-11T10:35:35Z
2026-08-11T10:26:43Z,2026-08-11T12:26:43+0200,e77a8f08-3545-4160-86f5-8c2dd4a3d7e1,2026-08-09T08:00:00Z,2026-08-09T10:00:00+0200,316.6,MW,PT,PT,actual_onshore_wind_generation,Wind Onshore,2026-08-11T10:35:35Z
2026-08-11T10:26:43Z,2026-08-11T12:26:43+0200,e77a8f08-3545-4160-86f5-8c2dd4a3d7e1,2026-08-09T09:00:00Z,2026-08-09T11:00:00+0200,336.6,MW,PT,PT,actual_onshore_wind_generation,Wind Onshore,2026-08-11T10:35:35Z
2026-08-11T10:26:43Z,2026-08-11T12:26:43+0200,e77a8f08-3545-4160-86f5-8c2dd4a3d7e1,2026-08-09T10:00:00Z,2026-08-09T12:00:00+0200,333.5,MW,PT,PT,actual_onshore_wind_generation,Wind Onshore,2026-08-11T10:35:35Z
2026-08-11T10:26:43Z,2026-08-11T12:26:43+0200,e77a8f08-3545-4160-86f5-8c2dd4a3d7e1,2026-08-09T11:00:00Z,2026-08-09T13:00:00+0200,374.8,MW,PT,PT,actual_onshore_wind_generation,Wind Onshore,2026-08-11T10:35:35Z
2026-08-11T10:26:43Z,2026-08-11T12:26:43+0200,e77a8f08-3545-4160-86f5-8c2dd4a3d7e1,2026-08-09T12:00:00Z,2026-08-09T14:00:00+0200,556.9,MW,PT,PT,actual_onshore_wind_generation,Wind Onshore,2026-08-11T10:35:35Z
2026-08-11T10:26:43Z,2026-08-11T12:26:43+0200,e77a8f08-3545-4160-86f5-8c2dd4a3d7e1,2026-08-09T13:00:00Z,2026-08-09T15:00:00+0200,725.2,MW,PT,PT,actual_onshore_wind_generation,Wind Onshore,2026-08-11T10:35:35Z
2026-08-11T10:26:43Z,2026-08-11T12:26:43+0200,e77a8f08-3545-4160-86f5-8c2dd4a3d7e1,2026-08-09T14:00:00Z,2026-08-09T16:00:00+0200,858.8,MW,PT,PT,actual_onshore_wind_generation,Wind Onshore,2026-08-11T10:35:35Z
2026-08-11T10:26:43Z,2026-08-11T12:26:43+0200,e77a8f08-3545-4160-86f5-8c2dd4a3d7e1,2026-08-09T15:00:00Z,2026-08-09T17:00:00+0200,1042.8,MW,PT,PT,actual_onshore_wind_generation,Wind Onshore,2026-08-11T10:35:35Z
2026-08-11T10:26:43Z,2026-08-11T12:26:43+0200,e77a8f08-3545-4160-86f5-8c2dd4a3d7e1,2026-08-09T16:00:00Z,2026-08-09T18:00:00+0200,1287.1,MW,PT,PT,actual_onshore_wind_generation,Wind Onshore,2026-08-11T10:35:35Z
2026-08-11T10:26:43Z,2026-08-11T12:26:43+0200,e77a8f08-3545-4160-86f5-8c2dd4a3d7e1,2026-08-09T17:00:00Z,2026-08-09T19:00:00+0200,1499.4,MW,PT,PT,actual_onshore_wind_generation,Wind Onshore,2026-08-11T10:35:35Z
2026-08-11T10:26:43Z,2026-08-11T12:26:43+0200,e77a8f08-3545-4160-86f5-8c2dd4a3d7e1,2026-08-09T18:00:00Z,2026-08-09T20:00:00+0200,1649.4,MW,PT,PT,actual_onshore_wind_generation,Wind Onshore,2026-08-11T10:35:35Z
2026-08-11T10:26:43Z,2026-08-11T12:26:43+0200,e77a8f08-3545-4160-86f5-8c2dd4a3d7e1,2026-08-09T19:00:00Z,2026-08-09T21:00:00+0200,1487.1,MW,PT,PT,actual_onshore_wind_generation,Wind Onshore,2026-08-11T10:35:35Z
2026-08-11T10:26:43Z,2026-08-11T12:26:43+0200,e77a8f08-3545-4160-86f5-8c2dd4a3d7e1,2026-08-09T20:00:00Z,2026-08-09T22:00:00+0200,1324.4,MW,PT,PT,actual_onshore_wind_generation,Wind Onshore,2026-08-11T10:35:35Z
2026-08-11T10:26:43Z,2026-08-11T12:26:43+0200,e77a8f08-3545-4160-86f5-8c2dd4a3d7e1,2026-08-09T21:00:00Z,2026-08-09T23:00:00+0200,1190.3,MW,PT,PT,actual_onshore_wind_generation,Wind Onshore,2026-08-11T10:35:35Z
2026-08-11T10:26:43Z,2026-08-11T12:26:43+0200,e77a8f08-3545-4160-86f5-8c2dd4a3d7e1,2026-08-09T22:00:00Z,2026-08-10T00:00:00+0200,1005.6,MW,PT,PT,actual_onshore_wind_generation,Wind Onshore,2026-08-11T10:35:35Z
2026-08-11T10:26:43Z,2026-08-11T12:26:43+0200,e77a8f08-3545-4160-86f5-8c2dd4a3d7e1,2026-08-09T23:00:00Z,2026-08-10T01:00:00+0200,826.9,MW,PT,PT,actual_onshore_wind_generation,Wind Onshore,2026-08-11T10:35:35Z
2026-08-11T10:26:43Z,2026-08-11T12:26:43+0200,e77a8f08-3545-4160-86f5-8c2dd4a3d7e1,2026-08-10T00:00:00Z,2026-08-10T02:00:00+0200,716.6,MW,PT,PT,actual_onshore_wind_generation,Wind Onshore,2026-08-11T10:35:35Z
2026-08-11T10:26:43Z,2026-08-11T12:26:43+0200,e77a8f08-3545-4160-86f5-8c2dd4a3d7e1,2026-08-10T01:00:00Z,2026-08-10T03:00:00+0200,751.9,MW,PT,PT,actual_onshore_wind_generation,Wind Onshore,2026-08-11T10:35:35Z
2026-08-11T10:26:43Z,2026-08-11T12:26:43+0200,e77a8f08-3545-4160-86f5-8c2dd4a3d7e1,2026-08-10T02:00:00Z,2026-08-10T04:00:00+0200,736.1,MW,PT,PT,actual_onshore_wind_generation,Wind Onshore,2026-08-11T10:35:35Z
2026-08-11T10:26:43Z,2026-08-11T12:26:43+0200,e77a8f08-3545-4160-86f5-8c2dd4a3d7e1,2026-08-10T03:00:00Z,2026-08-10T05:00:00+0200,734.7,MW,PT,PT,actual_onshore_wind_generation,Wind Onshore,2026-08-11T10:35:35Z
2026-08-11T10:26:43Z,2026-08-11T12:26:43+0200,e77a8f08-3545-4160-86f5-8c2dd4a3d7e1,2026-08-10T04:00:00Z,2026-08-10T06:00:00+0200,837.1,MW,PT,PT,actual_onshore_wind_generation,Wind Onshore,2026-08-11T10:35:35Z
2026-08-11T10:26:43Z,2026-08-11T12:26:43+0200,e77a8f08-3545-4160-86f5-8c2dd4a3d7e1,2026-08-10T05:00:00Z,2026-08-10T07:00:00+0200,819.0,MW,PT,PT,actual_onshore_wind_generation,Wind Onshore,2026-08-11T10:35:35Z
2026-08-11T10:26:43Z,2026-08-11T12:26:43+0200,e77a8f08-3545-4160-86f5-8c2dd4a3d7e1,2026-08-10T06:00:00Z,2026-08-10T08:00:00+0200,861.3,MW,PT,PT,actual_onshore_wind_generation,Wind Onshore,2026-08-11T10:35:35Z
2026-08-11T10:26:43Z,2026-08-11T12:26:43+0200,e77a8f08-3545-4160-86f5-8c2dd4a3d7e1,2026-08-10T07:00:00Z,2026-08-10T09:00:00+0200,743.9,MW,PT,PT,actual_onshore_wind_generation,Wind Onshore,2026-08-11T10:35:35Z
2026-08-11T10:26:43Z,2026-08-11T12:26:43+0200,e77a8f08-3545-4160-86f5-8c2dd4a3d7e1,2026-08-10T08:00:00Z,2026-08-10T10:00:00+0200,525.1,MW,PT,PT,actual_onshore_wind_generation,Wind Onshore,2026-08-11T10:35:35Z
2026-08-11T10:26:43Z,2026-08-11T12:26:43+0200,e77a8f08-3545-4160-86f5-8c2dd4a3d7e1,2026-08-10T09:00:00Z,2026-08-10T11:00:00+0200,403.9,MW,PT,PT,actual_onshore_wind_generation,Wind Onshore,2026-08-11T10:35:35Z
2026-08-11T10:26:43Z,2026-08-11T12:26:43+0200,e77a8f08-3545-4160-86f5-8c2dd4a3d7e1,2026-08-10T10:00:00Z,2026-08-10T12:00:00+0200,325.8,MW,PT,PT,actual_onshore_wind_generation,Wind Onshore,2026-08-11T10:35:35Z
2026-08-11T10:26:43Z,2026-08-11T12:26:43+0200,e77a8f08-3545-4160-86f5-8c2dd4a3d7e1,2026-08-10T11:00:00Z,2026-08-10T13:00:00+0200,311.6,MW,PT,PT,actual_onshore_wind_generation,Wind Onshore,2026-08-11T10:35:35Z
2026-08-11T10:26:43Z,2026-08-11T12:26:43+0200,e77a8f08-3545-4160-86f5-8c2dd4a3d7e1,2026-08-10T12:00:00Z,2026-08-10T14:00:00+0200,401.8,MW,PT,PT,actual_onshore_wind_generation,Wind Onshore,2026-08-11T10:35:35Z
2026-08-11T10:26:43Z,2026-08-11T12:26:43+0200,e77a8f08-3545-4160-86f5-8c2dd4a3d7e1,2026-08-10T13:00:00Z,2026-08-10T15:00:00+0200,535.0,MW,PT,PT,actual_onshore_wind_generation,Wind Onshore,2026-08-11T10:35:35Z
2026-08-11T10:26:43Z,2026-08-11T12:26:43+0200,e77a8f08-3545-4160-86f5-8c2dd4a3d7e1,2026-08-10T14:00:00Z,2026-08-10T16:00:00+0200,794.9,MW,PT,PT,actual_onshore_wind_generation,Wind Onshore,2026-08-11T10:35:35Z
2026-08-11T10:26:43Z,2026-08-11T12:26:43+0200,e77a8f08-3545-4160-86f5-8c2dd4a3d7e1,2026-08-10T15:00:00Z,2026-08-10T17:00:00+0200,1109.8,MW,PT,PT,actual_onshore_wind_generation,Wind Onshore,2026-08-11T10:35:35Z
2026-08-11T10:26:43Z,2026-08-11T12:26:43+0200,e77a8f08-3545-4160-86f5-8c2dd4a3d7e1,2026-08-10T16:00:00Z,2026-08-10T18:00:00+0200,1498.7,MW,PT,PT,actual_onshore_wind_generation,Wind Onshore,2026-08-11T10:35:35Z
2026-08-11T10:26:43Z,2026-08-11T12:26:43+0200,e77a8f08-3545-4160-86f5-8c2dd4a3d7e1,2026-08-10T17:00:00Z,2026-08-10T19:00:00+0200,1756.6,MW,PT,PT,actual_onshore_wind_generation,Wind Onshore,2026-08-11T10:35:35Z
2026-08-11T10:26:43Z,2026-08-11T12:26:43+0200,e77a8f08-3545-4160-86f5-8c2dd4a3d7e1,2026-08-10T18:00:00Z,2026-08-10T20:00:00+0200,1626.7,MW,PT,PT,actual_onshore_wind_generation,Wind Onshore,2026-08-11T10:35:35Z
2026-08-11T10:26:43Z,2026-08-11T12:26:43+0200,e77a8f08-3545-4160-86f5-8c2dd4a3d7e1,2026-08-10T19:00:00Z,2026-08-10T21:00:00+0200,1421.2,MW,PT,PT,actual_onshore_wind_generation,Wind Onshore,2026-08-11T10:35:35Z
2026-08-11T10:26:43Z,2026-08-11T12:26:43+0200,e77a8f08-3545-4160-86f5-8c2dd4a3d7e1,2026-08-10T20:00:00Z,2026-08-10T22:00:00+0200,1312.6,MW,PT,PT,actual_onshore_wind_generation,Wind Onshore,2026-08-11T10:35:35Z
2026-08-11T10:26:43Z,2026-08-11T12:26:43+0200,e77a8f08-3545-4160-86f5-8c2dd4a3d7e1,2026-08-10T21:00:00Z,2026-08-10T23:00:00+0200,1187.0,MW,PT,PT,actual_onshore_wind_generation,Wind Onshore,2026-08-11T10:35:35Z
2026-08-11T10:26:43Z,2026-08-11T12:26:43+0200,e77a8f08-3545-4160-86f5-8c2dd4a3d7e1,2026-08-10T22:00:00Z,2026-08-11T00:00:00+0200,1022.8,MW,PT,PT,actual_onshore_wind_generation,Wind Onshore,2026-08-11T10:35:35Z
2026-08-11T10:26:43Z,2026-08-11T12:26:43+0200,e77a8f08-3545-4160-86f5-8c2dd4a3d7e1,2026-08-10T23:00:00Z,2026-08-11T01:00:00+0200,884.3,MW,PT,PT,actual_onshore_wind_generation,Wind Onshore,2026-08-11T10:35:35Z
2026-08-11T10:26:43Z,2026-08-11T12:26:43+0200,e77a8f08-3545-4160-86f5-8c2dd4a3d7e1,2026-08-11T00:00:00Z,2026-08-11T02:00:00+0200,761.0,MW,PT,PT,actual_onshore_wind_generation,Wind Onshore,2026-08-11T10:35:35Z
2026-08-11T10:26:43Z,2026-08-11T12:26:43+0200,e77a8f08-3545-4160-86f5-8c2dd4a3d7e1,2026-08-11T01:00:00Z,2026-08-11T03:00:00+0200,647.9,MW,PT,PT,actual_onshore_wind_generation,Wind Onshore,2026-08-11T10:35:35Z
2026-08-11T10:26:43Z,2026-08-11T12:26:43+0200,e77a8f08-3545-4160-86f5-8c2dd4a3d7e1,2026-08-11T02:00:00Z,2026-08-11T04:00:00+0200,616.5,MW,PT,PT,actual_onshore_wind_generation,Wind Onshore,2026-08-11T10:35:35Z
2026-08-11T10:26:43Z,2026-08-11T12:26:43+0200,e77a8f08-3545-4160-86f5-8c2dd4a3d7e1,2026-08-11T03:00:00Z,2026-08-11T05:00:00+0200,604.8,MW,PT,PT,actual_onshore_wind_generation,Wind Onshore,2026-08-11T10:35:35Z
2026-08-11T10:26:43Z,2026-08-11T12:26:43+0200,e77a8f08-3545-4160-86f5-8c2dd4a3d7e1,2026-08-11T04:00:00Z,2026-08-11T06:00:00+0200,554.4,MW,PT,PT,actual_onshore_wind_generation,Wind Onshore,2026-08-11T10:35:35Z
2026-08-11T10:26:43Z,2026-08-11T12:26:43+0200,e77a8f08-3545-4160-86f5-8c2dd4a3d7e1,2026-08-11T05:00:00Z,2026-08-11T07:00:00+0200,493.3,MW,PT,PT,actual_onshore_wind_generation,Wind Onshore,2026-08-11T10:35:35Z
2026-08-11T10:26:43Z,2026-08-11T12:26:43+0200,e77a8f08-3545-4160-86f5-8c2dd4a3d7e1,2026-08-11T06:00:00Z,2026-08-11T08:00:00+0200,435.1,MW,PT,PT,actual_onshore_wind_generation,Wind Onshore,2026-08-11T10:35:35Z
2026-08-11T10:26:43Z,2026-08-11T12:26:43+0200,e77a8f08-3545-4160-86f5-8c2dd4a3d7e1,2026-08-11T07:00:00Z,2026-08-11T09:00:00+0200,377.1,MW,PT,PT,actual_onshore_wind_generation,Wind Onshore,2026-08-11T10:35:35Z
2026-08-11T10:26:43Z,2026-08-11T12:26:43+0200,e77a8f08-3545-4160-86f5-8c2dd4a3d7e1,2026-08-11T08:00:00Z,2026-08-11T10:00:00+0200,304.7,MW,PT,PT,actual_onshore_wind_generation,Wind Onshore,2026-08-11T10:35:35Z
2026-08-11T10:26:43Z,2026-08-11T12:26:43+0200,e77a8f08-3545-4160-86f5-8c2dd4a3d7e1,2026-08-11T09:00:00Z,2026-08-11T11:00:00+0200,218.6,MW,PT,PT,actual_onshore_wind_generation,Wind Onshore,2026-08-11T10:35:35Z
