collection_time_utc,collection_time_local,run_id,timestamp_utc,timestamp_local,value,unit,country,entsoe_area,variable,source,updated_at_utc
2026-08-21T06:33:41Z,2026-08-21T08:33:41+0200,6801fa27-1585-43c5-af49-29c528898ba2,2026-07-21T07:00:00Z,2026-07-21T09:00:00+0200,355.259,MW,DK1,DK_1,actual_onshore_wind_generation,Wind Onshore,2026-08-21T06:40:18Z
2026-08-21T06:33:41Z,2026-08-21T08:33:41+0200,6801fa27-1585-43c5-af49-29c528898ba2,2026-07-21T07:15:00Z,2026-07-21T09:15:00+0200,352.999,MW,DK1,DK_1,actual_onshore_wind_generation,Wind Onshore,2026-08-21T06:40:18Z
2026-08-21T06:33:41Z,2026-08-21T08:33:41+0200,6801fa27-1585-43c5-af49-29c528898ba2,2026-07-21T07:30:00Z,2026-07-21T09:30:00+0200,364.335,MW,DK1,DK_1,actual_onshore_wind_generation,Wind Onshore,2026-08-21T06:40:18Z
2026-08-21T06:33:41Z,2026-08-21T08:33:41+0200,6801fa27-1585-43c5-af49-29c528898ba2,2026-07-21T07:45:00Z,2026-07-21T09:45:00+0200,380.269,MW,DK1,DK_1,actual_onshore_wind_generation,Wind Onshore,2026-08-21T06:40:18Z
2026-08-21T06:33:41Z,2026-08-21T08:33:41+0200,6801fa27-1585-43c5-af49-29c528898ba2,2026-07-21T08:00:00Z,2026-07-21T10:00:00+0200,394.469,MW,DK1,DK_1,actual_onshore_wind_generation,Wind Onshore,2026-08-21T06:40:18Z
2026-08-21T06:33:41Z,2026-08-21T08:33:41+0200,6801fa27-1585-43c5-af49-29c528898ba2,2026-07-21T08:15:00Z,2026-07-21T10:15:00+0200,396.784,MW,DK1,DK_1,actual_onshore_wind_generation,Wind Onshore,2026-08-21T06:40:18Z
2026-08-21T06:33:41Z,2026-08-21T08:33:41+0200,6801fa27-1585-43c5-af49-29c528898ba2,2026-07-21T08:30:00Z,2026-07-21T10:30:00+0200,394.428,MW,DK1,DK_1,actual_onshore_wind_generation,Wind Onshore,2026-08-21T06:40:18Z
2026-08-21T06:33:41Z,2026-08-21T08:33:41+0200,6801fa27-1585-43c5-af49-29c528898ba2,2026-07-21T08:45:00Z,2026-07-21T10:45:00+0200,399.246,MW,DK1,DK_1,actual_onshore_wind_generation,Wind Onshore,2026-08-21T06:40:18Z
2026-08-21T06:33:41Z,2026-08-21T08:33:41+0200,6801fa27-1585-43c5-af49-29c528898ba2,2026-07-21T09:00:00Z,2026-07-21T11:00:00+0200,405.35,MW,DK1,DK_1,actual_onshore_wind_generation,Wind Onshore,2026-08-21T06:40:18Z
2026-08-21T06:33:41Z,2026-08-21T08:33:41+0200,6801fa27-1585-43c5-af49-29c528898ba2,2026-07-21T09:15:00Z,2026-07-21T11:15:00+0200,423.63,MW,DK1,DK_1,actual_onshore_wind_generation,Wind Onshore,2026-08-21T06:40:18Z
2026-08-21T06:33:41Z,2026-08-21T08:33:41+0200,6801fa27-1585-43c5-af49-29c528898ba2,2026-07-21T09:30:00Z,2026-07-21T11:30:00+0200,435.68,MW,DK1,DK_1,actual_onshore_wind_generation,Wind Onshore,2026-08-21T06:40:18Z
2026-08-21T06:33:41Z,2026-08-21T08:33:41+0200,6801fa27-1585-43c5-af49-29c528898ba2,2026-07-21T09:45:00Z,2026-07-21T11:45:00+0200,462.154,MW,DK1,DK_1,actual_onshore_wind_generation,Wind Onshore,2026-08-21T06:40:18Z
2026-08-21T06:33:41Z,2026-08-21T08:33:41+0200,6801fa27-1585-43c5-af49-29c528898ba2,2026-07-21T10:00:00Z,2026-07-21T12:00:00+0200,502.431,MW,DK1,DK_1,actual_onshore_wind_generation,Wind Onshore,2026-08-21T06:40:18Z
2026-08-21T06:33:41Z,2026-08-21T08:33:41+0200,6801fa27-1585-43c5-af49-29c528898ba2,2026-07-21T10:15:00Z,2026-07-21T12:15:00+0200,549.013,MW,DK1,DK_1,actual_onshore_wind_generation,Wind Onshore,2026-08-21T06:40:18Z
2026-08-21T06:33:41Z,2026-08-21T08:33:41+0200,6801fa27-1585-43c5-af49-29c528898ba2,2026-07-21T10:30:00Z,2026-07-21T12:30:00+0200,576.274,MW,DK1,DK_1,actual_onshore_wind_generation,Wind Onshore,2026-08-21T06:40:18Z
2026-08-21T06:33:41Z,2026-08-21T08:33:41+0200,6801fa27-1585-43c5-af49-29c528898ba2,2026-07-21T10:45:00Z,2026-07-21T12:45:00+0200,591.876,MW,DK1,DK_1,actual_onshore_wind_generation,Wind Onshore,2026-08-21T06:40:18Z
2026-08-21T06:33:41Z,2026-08-21T08:33:41+0200,6801fa27-1585-43c5-af49-29c528898ba2,2026-07-21T11:00:00Z,2026-07-21T13:00:00+0200,632.526,MW,DK1,DK_1,actual_onshore_wind_generation,Wind Onshore,2026-08-21T06:40:18Z
2026-08-21T06:33:41Z,2026-08-21T08:33:41+0200,6801fa27-1585-43c5-af49-29c528898ba2,2026-07-21T11:15:00Z,2026-07-21T13:15:00+0200,640.957,MW,DK1,DK_1,actual_onshore_wind_generation,Wind Onshore,2026-08-21T06:40:18Z
2026-08-21T06:33:41Z,2026-08-21T08:33:41+0200,6801fa27-1585-43c5-af49-29c528898ba2,2026-07-21T11:30:00Z,2026-07-21T13:30:00+0200,686.977,MW,DK1,DK_1,actual_onshore_wind_generation,Wind Onshore,2026-08-21T06:40:18Z
2026-08-21T06:33:41Z,2026-08-21T08:33:41+0200,6801fa27-1585-43c5-af49-29c528898ba2,2026-07-21T11:45:00Z,2026-07-21T13:45:00+0200,706.386,MW,DK1,DK_1,actual_onshore_wind_generation,Wind Onshore,2026-08-21T06:40:18Z
2026-08-21T06:33:41Z,2026-08-21T08:33:41+0200,6801fa27-1585-43c5-af49-29c528898ba2,2026-07-21T12:00:00Z,2026-07-21T14:00:00+0200,723.147,MW,DK1,DK_1,actual_onshore_wind_generation,Wind Onshore,2026-08-21T06:40:18Z
2026-08-21T06:33:41Z,2026-08-21T08:33:41+0200,6801fa27-1585-43c5-af49-29c528898ba2,2026-07-21T12:15:00Z,2026-07-21T14:15:00+0200,773.053,MW,DK1,DK_1,actual_onshore_wind_generation,Wind Onshore,2026-08-21T06:40:18Z
2026-08-21T06:33:41Z,2026-08-21T08:33:41+0200,6801fa27-1585-43c5-af49-29c528898ba2,2026-07-21T12:30:00Z,2026-07-21T14:30:00+0200,827.372,MW,DK1,DK_1,actual_onshore_wind_generation,Wind Onshore,2026-08-21T06:40:18Z
2026-08-21T06:33:41Z,2026-08-21T08:33:41+0200,6801fa27-1585-43c5-af49-29c528898ba2,2026-07-21T12:45:00Z,2026-07-21T14:45:00+0200,944.734,MW,DK1,DK_1,actual_onshore_wind_generation,Wind Onshore,2026-08-21T06:40:18Z
2026-08-21T06:33:41Z,2026-08-21T08:33:41+0200,6801fa27-1585-43c5-af49-29c528898ba2,2026-07-21T13:00:00Z,2026-07-21T15:00:00+0200,956.24,MW,DK1,DK_1,actual_onshore_wind_generation,Wind Onshore,2026-08-21T06:40:18Z
2026-08-21T06:33:41Z,2026-08-21T08:33:41+0200,6801fa27-1585-43c5-af49-29c528898ba2,2026-07-21T13:15:00Z,2026-07-21T15:15:00+0200,1099.0,MW,DK1,DK_1,actual_onshore_wind_generation,Wind Onshore,2026-08-21T06:40:18Z
2026-08-21T06:33:41Z,2026-08-21T08:33:41+0200,6801fa27-1585-43c5-af49-29c528898ba2,2026-07-21T13:30:00Z,2026-07-21T15:30:00+0200,1220.82,MW,DK1,DK_1,actual_onshore_wind_generation,Wind Onshore,2026-08-21T06:40:18Z
2026-08-21T06:33:41Z,2026-08-21T08:33:41+0200,6801fa27-1585-43c5-af49-29c528898ba2,2026-07-21T13:45:00Z,2026-07-21T15:45:00+0200,1274.69,MW,DK1,DK_1,actual_onshore_wind_generation,Wind Onshore,2026-08-21T06:40:18Z
2026-08-21T06:33:41Z,2026-08-21T08:33:41+0200,6801fa27-1585-43c5-af49-29c528898ba2,2026-07-21T14:00:00Z,2026-07-21T16:00:00+0200,1366.52,MW,DK1,DK_1,actual_onshore_wind_generation,Wind Onshore,2026-08-21T06:40:18Z
2026-08-21T06:33:41Z,2026-08-21T08:33:41+0200,6801fa27-1585-43c5-af49-29c528898ba2,2026-07-21T14:15:00Z,2026-07-21T16:15:00+0200,1407.25,MW,DK1,DK_1,actual_onshore_wind_generation,Wind Onshore,2026-08-21T06:40:18Z
2026-08-21T06:33:41Z,2026-08-21T08:33:41+0200,6801fa27-1585-43c5-af49-29c528898ba2,2026-07-21T14:30:00Z,2026-07-21T16:30:00+0200,1473.83,MW,DK1,DK_1,actual_onshore_wind_generation,Wind Onshore,2026-08-21T06:40:18Z
2026-08-21T06:33:41Z,2026-08-21T08:33:41+0200,6801fa27-1585-43c5-af49-29c528898ba2,2026-07-21T14:45:00Z,2026-07-21T16:45:00+0200,1518.42,MW,DK1,DK_1,actual_onshore_wind_generation,Wind Onshore,2026-08-21T06:40:18Z
2026-08-21T06:33:41Z,2026-08-21T08:33:41+0200,6801fa27-1585-43c5-af49-29c528898ba2,2026-07-21T15:00:00Z,2026-07-21T17:00:00+0200,1533.34,MW,DK1,DK_1,actual_onshore_wind_generation,Wind Onshore,2026-08-21T06:40:18Z
2026-08-21T06:33:41Z,2026-08-21T08:33:41+0200,6801fa27-1585-43c5-af49-29c528898ba2,2026-07-21T15:15:00Z,2026-07-21T17:15:00+0200,1534.23,MW,DK1,DK_1,actual_onshore_wind_generation,Wind Onshore,2026-08-21T06:40:18Z
2026-08-21T06:33:41Z,2026-08-21T08:33:41+0200,6801fa27-1585-43c5-af49-29c528898ba2,2026-07-21T15:30:00Z,2026-07-21T17:30:00+0200,1585.63,MW,DK1,DK_1,actual_onshore_wind_generation,Wind Onshore,2026-08-21T06:40:18Z
2026-08-21T06:33:41Z,2026-08-21T08:33:41+0200,6801fa27-1585-43c5-af49-29c528898ba2,2026-07-21T15:45:00Z,2026-07-21T17:45:00+0200,1589.17,MW,DK1,DK_1,actual_onshore_wind_generation,Wind Onshore,2026-08-21T06:40:18Z
2026-08-21T06:33:41Z,2026-08-21T08:33:41+0200,6801fa27-1585-43c5-af49-29c528898ba2,2026-07-21T16:00:00Z,2026-07-21T18:00:00+0200,1610.01,MW,DK1,DK_1,actual_onshore_wind_generation,Wind Onshore,2026-08-21T06:40:18Z
2026-08-21T06:33:41Z,2026-08-21T08:33:41+0200,6801fa27-1585-43c5-af49-29c528898ba2,2026-07-21T16:15:00Z,2026-07-21T18:15:00+0200,1654.82,MW,DK1,DK_1,actual_onshore_wind_generation,Wind Onshore,2026-08-21T06:40:18Z
2026-08-21T06:33:41Z,2026-08-21T08:33:41+0200,6801fa27-1585-43c5-af49-29c528898ba2,2026-07-21T16:30:00Z,2026-07-21T18:30:00+0200,1675.58,MW,DK1,DK_1,actual_onshore_wind_generation,Wind Onshore,2026-08-21T06:40:18Z
2026-08-21T06:33:41Z,2026-08-21T08:33:41+0200,6801fa27-1585-43c5-af49-29c528898ba2,2026-07-21T16:45:00Z,2026-07-21T18:45:00+0200,1697.59,MW,DK1,DK_1,actual_onshore_wind_generation,Wind Onshore,2026-08-21T06:40:18Z
2026-08-21T06:33:41Z,2026-08-21T08:33:41+0200,6801fa27-1585-43c5-af49-29c528898ba2,2026-07-21T17:00:00Z,2026-07-21T19:00:00+0200,1740.79,MW,DK1,DK_1,actual_onshore_wind_generation,Wind Onshore,2026-08-21T06:40:18Z
2026-08-21T06:33:41Z,2026-08-21T08:33:41+0200,6801fa27-1585-43c5-af49-29c528898ba2,2026-07-21T17:15:00Z,2026-07-21T19:15:00+0200,1764.81,MW,DK1,DK_1,actual_onshore_wind_generation,Wind Onshore,2026-08-21T06:40:18Z
2026-08-21T06:33:41Z,2026-08-21T08:33:41+0200,6801fa27-1585-43c5-af49-29c528898ba2,2026-07-21T17:30:00Z,2026-07-21T19:30:00+0200,1777.92,MW,DK1,DK_1,actual_onshore_wind_generation,Wind Onshore,2026-08-21T06:40:18Z
2026-08-21T06:33:41Z,2026-08-21T08:33:41+0200,6801fa27-1585-43c5-af49-29c528898ba2,2026-07-21T17:45:00Z,2026-07-21T19:45:00+0200,1755.33,MW,DK1,DK_1,actual_onshore_wind_generation,Wind Onshore,2026-08-21T06:40:18Z
2026-08-21T06:33:41Z,2026-08-21T08:33:41+0200,6801fa27-1585-43c5-af49-29c528898ba2,2026-07-21T18:00:00Z,2026-07-21T20:00:00+0200,1783.46,MW,DK1,DK_1,actual_onshore_wind_generation,Wind Onshore,2026-08-21T06:40:18Z
2026-08-21T06:33:41Z,2026-08-21T08:33:41+0200,6801fa27-1585-43c5-af49-29c528898ba2,2026-07-21T18:15:00Z,2026-07-21T20:15:00+0200,1790.71,MW,DK1,DK_1,actual_onshore_wind_generation,Wind Onshore,2026-08-21T06:40:18Z
2026-08-21T06:33:41Z,2026-08-21T08:33:41+0200,6801fa27-1585-43c5-af49-29c528898ba2,2026-07-21T18:30:00Z,2026-07-21T20:30:00+0200,1741.32,MW,DK1,DK_1,actual_onshore_wind_generation,Wind Onshore,2026-08-21T06:40:18Z
2026-08-21T06:33:41Z,2026-08-21T08:33:41+0200,6801fa27-1585-43c5-af49-29c528898ba2,2026-07-21T18:45:00Z,2026-07-21T20:45:00+0200,1708.05,MW,DK1,DK_1,actual_onshore_wind_generation,Wind Onshore,2026-08-21T06:40:18Z
2026-08-21T06:33:41Z,2026-08-21T08:33:41+0200,6801fa27-1585-43c5-af49-29c528898ba2,2026-07-21T19:00:00Z,2026-07-21T21:00:00+0200,1741.24,MW,DK1,DK_1,actual_onshore_wind_generation,Wind Onshore,2026-08-21T06:40:18Z
2026-08-21T06:33:41Z,2026-08-21T08:33:41+0200,6801fa27-1585-43c5-af49-29c528898ba2,2026-07-21T19:15:00Z,2026-07-21T21:15:00+0200,1722.82,MW,DK1,DK_1,actual_onshore_wind_generation,Wind Onshore,2026-08-21T06:40:18Z
2026-08-21T06:33:41Z,2026-08-21T08:33:41+0200,6801fa27-1585-43c5-af49-29c528898ba2,2026-07-21T19:30:00Z,2026-07-21T21:30:00+0200,1730.47,MW,DK1,DK_1,actual_onshore_wind_generation,Wind Onshore,2026-08-21T06:40:18Z
2026-08-21T06:33:41Z,2026-08-21T08:33:41+0200,6801fa27-1585-43c5-af49-29c528898ba2,2026-07-21T19:45:00Z,2026-07-21T21:45:00+0200,1728.91,MW,DK1,DK_1,actual_onshore_wind_generation,Wind Onshore,2026-08-21T06:40:18Z
2026-08-21T06:33:41Z,2026-08-21T08:33:41+0200,6801fa27-1585-43c5-af49-29c528898ba2,2026-07-21T20:00:00Z,2026-07-21T22:00:00+0200,1706.8,MW,DK1,DK_1,actual_onshore_wind_generation,Wind Onshore,2026-08-21T06:40:18Z
2026-08-21T06:33:41Z,2026-08-21T08:33:41+0200,6801fa27-1585-43c5-af49-29c528898ba2,2026-07-21T20:15:00Z,2026-07-21T22:15:00+0200,1687.84,MW,DK1,DK_1,actual_onshore_wind_generation,Wind Onshore,2026-08-21T06:40:18Z
2026-08-21T06:33:41Z,2026-08-21T08:33:41+0200,6801fa27-1585-43c5-af49-29c528898ba2,2026-07-21T20:30:00Z,2026-07-21T22:30:00+0200,1680.74,MW,DK1,DK_1,actual_onshore_wind_generation,Wind Onshore,2026-08-21T06:40:18Z
2026-08-21T06:33:41Z,2026-08-21T08:33:41+0200,6801fa27-1585-43c5-af49-29c528898ba2,2026-07-21T20:45:00Z,2026-07-21T22:45:00+0200,1629.46,MW,DK1,DK_1,actual_onshore_wind_generation,Wind Onshore,2026-08-21T06:40:18Z
2026-08-21T06:33:41Z,2026-08-21T08:33:41+0200,6801fa27-1585-43c5-af49-29c528898ba2,2026-07-21T21:00:00Z,2026-07-21T23:00:00+0200,1649.49,MW,DK1,DK_1,actual_onshore_wind_generation,Wind Onshore,2026-08-21T06:40:18Z
2026-08-21T06:33:41Z,2026-08-21T08:33:41+0200,6801fa27-1585-43c5-af49-29c528898ba2,2026-07-21T21:15:00Z,2026-07-21T23:15:00+0200,1618.65,MW,DK1,DK_1,actual_onshore_wind_generation,Wind Onshore,2026-08-21T06:40:18Z
2026-08-21T06:33:41Z,2026-08-21T08:33:41+0200,6801fa27-1585-43c5-af49-29c528898ba2,2026-07-21T21:30:00Z,2026-07-21T23:30:00+0200,1646.25,MW,DK1,DK_1,actual_onshore_wind_generation,Wind Onshore,2026-08-21T06:40:18Z
2026-08-21T06:33:41Z,2026-08-21T08:33:41+0200,6801fa27-1585-43c5-af49-29c528898ba2,2026-07-21T21:45:00Z,2026-07-21T23:45:00+0200,1671.12,MW,DK1,DK_1,actual_onshore_wind_generation,Wind Onshore,2026-08-21T06:40:18Z
2026-08-21T06:33:41Z,2026-08-21T08:33:41+0200,6801fa27-1585-43c5-af49-29c528898ba2,2026-07-21T22:00:00Z,2026-07-22T00:00:00+0200,1733.81,MW,DK1,DK_1,actual_onshore_wind_generation,Wind Onshore,2026-08-21T06:40:18Z
2026-08-21T06:33:41Z,2026-08-21T08:33:41+0200,6801fa27-1585-43c5-af49-29c528898ba2,2026-07-21T22:15:00Z,2026-07-22T00:15:00+0200,1753.76,MW,DK1,DK_1,actual_onshore_wind_generation,Wind Onshore,2026-08-21T06:40:18Z
2026-08-21T06:33:41Z,2026-08-21T08:33:41+0200,6801fa27-1585-43c5-af49-29c528898ba2,2026-07-21T22:30:00Z,2026-07-22T00:30:00+0200,1785.97,MW,DK1,DK_1,actual_onshore_wind_generation,Wind Onshore,2026-08-21T06:40:18Z
2026-08-21T06:33:41Z,2026-08-21T08:33:41+0200,6801fa27-1585-43c5-af49-29c528898ba2,2026-07-21T22:45:00Z,2026-07-22T00:45:00+0200,1786.32,MW,DK1,DK_1,actual_onshore_wind_generation,Wind Onshore,2026-08-21T06:40:18Z
2026-08-21T06:33:41Z,2026-08-21T08:33:41+0200,6801fa27-1585-43c5-af49-29c528898ba2,2026-07-21T23:00:00Z,2026-07-22T01:00:00+0200,1771.85,MW,DK1,DK_1,actual_onshore_wind_generation,Wind Onshore,2026-08-21T06:40:18Z
2026-08-21T06:33:41Z,2026-08-21T08:33:41+0200,6801fa27-1585-43c5-af49-29c528898ba2,2026-07-21T23:15:00Z,2026-07-22T01:15:00+0200,1796.62,MW,DK1,DK_1,actual_onshore_wind_generation,Wind Onshore,2026-08-21T06:40:18Z
2026-08-21T06:33:41Z,2026-08-21T08:33:41+0200,6801fa27-1585-43c5-af49-29c528898ba2,2026-07-21T23:30:00Z,2026-07-22T01:30:00+0200,1811.65,MW,DK1,DK_1,actual_onshore_wind_generation,Wind Onshore,2026-08-21T06:40:18Z
2026-08-21T06:33:41Z,2026-08-21T08:33:41+0200,6801fa27-1585-43c5-af49-29c528898ba2,2026-07-21T23:45:00Z,2026-07-22T01:45:00+0200,1846.8,MW,DK1,DK_1,actual_onshore_wind_generation,Wind Onshore,2026-08-21T06:40:18Z
2026-08-21T06:33:41Z,2026-08-21T08:33:41+0200,6801fa27-1585-43c5-af49-29c528898ba2,2026-07-22T00:00:00Z,2026-07-22T02:00:00+0200,1917.81,MW,DK1,DK_1,actual_onshore_wind_generation,Wind Onshore,2026-08-21T06:40:18Z
2026-08-21T06:33:41Z,2026-08-21T08:33:41+0200,6801fa27-1585-43c5-af49-29c528898ba2,2026-07-22T00:15:00Z,2026-07-22T02:15:00+0200,1963.81,MW,DK1,DK_1,actual_onshore_wind_generation,Wind Onshore,2026-08-21T06:40:18Z
2026-08-21T06:33:41Z,2026-08-21T08:33:41+0200,6801fa27-1585-43c5-af49-29c528898ba2,2026-07-22T00:30:00Z,2026-07-22T02:30:00+0200,1997.11,MW,DK1,DK_1,actual_onshore_wind_generation,Wind Onshore,2026-08-21T06:40:18Z
2026-08-21T06:33:41Z,2026-08-21T08:33:41+0200,6801fa27-1585-43c5-af49-29c528898ba2,2026-07-22T00:45:00Z,2026-07-22T02:45:00+0200,2045.49,MW,DK1,DK_1,actual_onshore_wind_generation,Wind Onshore,2026-08-21T06:40:18Z
2026-08-21T06:33:41Z,2026-08-21T08:33:41+0200,6801fa27-1585-43c5-af49-29c528898ba2,2026-07-22T01:00:00Z,2026-07-22T03:00:00+0200,2053.7,MW,DK1,DK_1,actual_onshore_wind_generation,Wind Onshore,2026-08-21T06:40:18Z
2026-08-21T06:33:41Z,2026-08-21T08:33:41+0200,6801fa27-1585-43c5-af49-29c528898ba2,2026-07-22T01:15:00Z,2026-07-22T03:15:00+0200,2087.25,MW,DK1,DK_1,actual_onshore_wind_generation,Wind Onshore,2026-08-21T06:40:18Z
2026-08-21T06:33:41Z,2026-08-21T08:33:41+0200,6801fa27-1585-43c5-af49-29c528898ba2,2026-07-22T01:30:00Z,2026-07-22T03:30:00+0200,2105.78,MW,DK1,DK_1,actual_onshore_wind_generation,Wind Onshore,2026-08-21T06:40:18Z
2026-08-21T06:33:41Z,2026-08-21T08:33:41+0200,6801fa27-1585-43c5-af49-29c528898ba2,2026-07-22T01:45:00Z,2026-07-22T03:45:00+0200,2161.01,MW,DK1,DK_1,actual_onshore_wind_generation,Wind Onshore,2026-08-21T06:40:18Z
2026-08-21T06:33:41Z,2026-08-21T08:33:41+0200,6801fa27-1585-43c5-af49-29c528898ba2,2026-07-22T02:00:00Z,2026-07-22T04:00:00+0200,2131.5,MW,DK1,DK_1,actual_onshore_wind_generation,Wind Onshore,2026-08-21T06:40:18Z
2026-08-21T06:33:41Z,2026-08-21T08:33:41+0200,6801fa27-1585-43c5-af49-29c528898ba2,2026-07-22T02:15:00Z,2026-07-22T04:15:00+0200,2108.59,MW,DK1,DK_1,actual_onshore_wind_generation,Wind Onshore,2026-08-21T06:40:18Z
2026-08-21T06:33:41Z,2026-08-21T08:33:41+0200,6801fa27-1585-43c5-af49-29c528898ba2,2026-07-22T02:30:00Z,2026-07-22T04:30:00+0200,2131.44,MW,DK1,DK_1,actual_onshore_wind_generation,Wind Onshore,2026-08-21T06:40:18Z
2026-08-21T06:33:41Z,2026-08-21T08:33:41+0200,6801fa27-1585-43c5-af49-29c528898ba2,2026-07-22T02:45:00Z,2026-07-22T04:45:00+0200,2113.25,MW,DK1,DK_1,actual_onshore_wind_generation,Wind Onshore,2026-08-21T06:40:18Z
2026-08-21T06:33:41Z,2026-08-21T08:33:41+0200,6801fa27-1585-43c5-af49-29c528898ba2,2026-07-22T03:00:00Z,2026-07-22T05:00:00+0200,2086.23,MW,DK1,DK_1,actual_onshore_wind_generation,Wind Onshore,2026-08-21T06:40:18Z
2026-08-21T06:33:41Z,2026-08-21T08:33:41+0200,6801fa27-1585-43c5-af49-29c528898ba2,2026-07-22T03:15:00Z,2026-07-22T05:15:00+0200,2058.41,MW,DK1,DK_1,actual_onshore_wind_generation,Wind Onshore,2026-08-21T06:40:18Z
2026-08-21T06:33:41Z,2026-08-21T08:33:41+0200,6801fa27-1585-43c5-af49-29c528898ba2,2026-07-22T03:30:00Z,2026-07-22T05:30:00+0200,2057.1,MW,DK1,DK_1,actual_onshore_wind_generation,Wind Onshore,2026-08-21T06:40:18Z
2026-08-21T06:33:41Z,2026-08-21T08:33:41+0200,6801fa27-1585-43c5-af49-29c528898ba2,2026-07-22T03:45:00Z,2026-07-22T05:45:00+0200,2045.95,MW,DK1,DK_1,actual_onshore_wind_generation,Wind Onshore,2026-08-21T06:40:18Z
2026-08-21T06:33:41Z,2026-08-21T08:33:41+0200,6801fa27-1585-43c5-af49-29c528898ba2,2026-07-22T04:00:00Z,2026-07-22T06:00:00+0200,2002.43,MW,DK1,DK_1,actual_onshore_wind_generation,Wind Onshore,2026-08-21T06:40:18Z
2026-08-21T06:33:41Z,2026-08-21T08:33:41+0200,6801fa27-1585-43c5-af49-29c528898ba2,2026-07-22T04:15:00Z,2026-07-22T06:15:00+0200,1975.86,MW,DK1,DK_1,actual_onshore_wind_generation,Wind Onshore,2026-08-21T06:40:18Z
2026-08-21T06:33:41Z,2026-08-21T08:33:41+0200,6801fa27-1585-43c5-af49-29c528898ba2,2026-07-22T04:30:00Z,2026-07-22T06:30:00+0200,1959.95,MW,DK1,DK_1,actual_onshore_wind_generation,Wind Onshore,2026-08-21T06:40:18Z
2026-08-21T06:33:41Z,2026-08-21T08:33:41+0200,6801fa27-1585-43c5-af49-29c528898ba2,2026-07-22T04:45:00Z,2026-07-22T06:45:00+0200,1963.79,MW,DK1,DK_1,actual_onshore_wind_generation,Wind Onshore,2026-08-21T06:40:18Z
2026-08-21T06:33:41Z,2026-08-21T08:33:41+0200,6801fa27-1585-43c5-af49-29c528898ba2,2026-07-22T05:00:00Z,2026-07-22T07:00:00+0200,1911.88,MW,DK1,DK_1,actual_onshore_wind_generation,Wind Onshore,2026-08-21T06:40:18Z
2026-08-21T06:33:41Z,2026-08-21T08:33:41+0200,6801fa27-1585-43c5-af49-29c528898ba2,2026-07-22T05:15:00Z,2026-07-22T07:15:00+0200,1918.23,MW,DK1,DK_1,actual_onshore_wind_generation,Wind Onshore,2026-08-21T06:40:18Z
2026-08-21T06:33:41Z,2026-08-21T08:33:41+0200,6801fa27-1585-43c5-af49-29c528898ba2,2026-07-22T05:30:00Z,2026-07-22T07:30:00+0200,1913.4,MW,DK1,DK_1,actual_onshore_wind_generation,Wind Onshore,2026-08-21T06:40:18Z
2026-08-21T06:33:41Z,2026-08-21T08:33:41+0200,6801fa27-1585-43c5-af49-29c528898ba2,2026-07-22T05:45:00Z,2026-07-22T07:45:00+0200,1910.12,MW,DK1,DK_1,actual_onshore_wind_generation,Wind Onshore,2026-08-21T06:40:18Z
2026-08-21T06:33:41Z,2026-08-21T08:33:41+0200,6801fa27-1585-43c5-af49-29c528898ba2,2026-07-22T06:00:00Z,2026-07-22T08:00:00+0200,1935.46,MW,DK1,DK_1,actual_onshore_wind_generation,Wind Onshore,2026-08-21T06:40:18Z
2026-08-21T06:33:41Z,2026-08-21T08:33:41+0200,6801fa27-1585-43c5-af49-29c528898ba2,2026-07-22T06:15:00Z,2026-07-22T08:15:00+0200,1973.34,MW,DK1,DK_1,actual_onshore_wind_generation,Wind Onshore,2026-08-21T06:40:18Z
2026-08-21T06:33:41Z,2026-08-21T08:33:41+0200,6801fa27-1585-43c5-af49-29c528898ba2,2026-07-22T06:30:00Z,2026-07-22T08:30:00+0200,1979.92,MW,DK1,DK_1,actual_onshore_wind_generation,Wind Onshore,2026-08-21T06:40:18Z
2026-08-21T06:33:41Z,2026-08-21T08:33:41+0200,6801fa27-1585-43c5-af49-29c528898ba2,2026-07-22T06:45:00Z,2026-07-22T08:45:00+0200,1947.56,MW,DK1,DK_1,actual_onshore_wind_generation,Wind Onshore,2026-08-21T06:40:18Z
2026-08-21T06:33:41Z,2026-08-21T08:33:41+0200,6801fa27-1585-43c5-af49-29c528898ba2,2026-07-22T07:00:00Z,2026-07-22T09:00:00+0200,1990.69,MW,DK1,DK_1,actual_onshore_wind_generation,Wind Onshore,2026-08-21T06:40:18Z
2026-08-21T06:33:41Z,2026-08-21T08:33:41+0200,6801fa27-1585-43c5-af49-29c528898ba2,2026-07-22T07:15:00Z,2026-07-22T09:15:00+0200,2052.68,MW,DK1,DK_1,actual_onshore_wind_generation,Wind Onshore,2026-08-21T06:40:18Z
2026-08-21T06:33:41Z,2026-08-21T08:33:41+0200,6801fa27-1585-43c5-af49-29c528898ba2,2026-07-22T07:30:00Z,2026-07-22T09:30:00+0200,2107.49,MW,DK1,DK_1,actual_onshore_wind_generation,Wind Onshore,2026-08-21T06:40:18Z
2026-08-21T06:33:41Z,2026-08-21T08:33:41+0200,6801fa27-1585-43c5-af49-29c528898ba2,2026-07-22T07:45:00Z,2026-07-22T09:45:00+0200,2122.99,MW,DK1,DK_1,actual_onshore_wind_generation,Wind Onshore,2026-08-21T06:40:18Z
2026-08-21T06:33:41Z,2026-08-21T08:33:41+0200,6801fa27-1585-43c5-af49-29c528898ba2,2026-07-22T08:00:00Z,2026-07-22T10:00:00+0200,2097.0,MW,DK1,DK_1,actual_onshore_wind_generation,Wind Onshore,2026-08-21T06:40:18Z
2026-08-21T06:33:41Z,2026-08-21T08:33:41+0200,6801fa27-1585-43c5-af49-29c528898ba2,2026-07-22T08:15:00Z,2026-07-22T10:15:00+0200,2131.57,MW,DK1,DK_1,actual_onshore_wind_generation,Wind Onshore,2026-08-21T06:40:18Z
2026-08-21T06:33:41Z,2026-08-21T08:33:41+0200,6801fa27-1585-43c5-af49-29c528898ba2,2026-07-22T08:30:00Z,2026-07-22T10:30:00+0200,2175.78,MW,DK1,DK_1,actual_onshore_wind_generation,Wind Onshore,2026-08-21T06:40:18Z
2026-08-21T06:33:41Z,2026-08-21T08:33:41+0200,6801fa27-1585-43c5-af49-29c528898ba2,2026-07-22T08:45:00Z,2026-07-22T10:45:00+0200,2239.6,MW,DK1,DK_1,actual_onshore_wind_generation,Wind Onshore,2026-08-21T06:40:18Z
2026-08-21T06:33:41Z,2026-08-21T08:33:41+0200,6801fa27-1585-43c5-af49-29c528898ba2,2026-07-22T09:00:00Z,2026-07-22T11:00:00+0200,2279.48,MW,DK1,DK_1,actual_onshore_wind_generation,Wind Onshore,2026-08-21T06:40:18Z
2026-08-21T06:33:41Z,2026-08-21T08:33:41+0200,6801fa27-1585-43c5-af49-29c528898ba2,2026-07-22T09:15:00Z,2026-07-22T11:15:00+0200,2252.06,MW,DK1,DK_1,actual_onshore_wind_generation,Wind Onshore,2026-08-21T06:40:18Z
2026-08-21T06:33:41Z,2026-08-21T08:33:41+0200,6801fa27-1585-43c5-af49-29c528898ba2,2026-07-22T09:30:00Z,2026-07-22T11:30:00+0200,2266.83,MW,DK1,DK_1,actual_onshore_wind_generation,Wind Onshore,2026-08-21T06:40:18Z
2026-08-21T06:33:41Z,2026-08-21T08:33:41+0200,6801fa27-1585-43c5-af49-29c528898ba2,2026-07-22T09:45:00Z,2026-07-22T11:45:00+0200,2221.59,MW,DK1,DK_1,actual_onshore_wind_generation,Wind Onshore,2026-08-21T06:40:18Z
2026-08-21T06:33:41Z,2026-08-21T08:33:41+0200,6801fa27-1585-43c5-af49-29c528898ba2,2026-07-22T10:00:00Z,2026-07-22T12:00:00+0200,2234.33,MW,DK1,DK_1,actual_onshore_wind_generation,Wind Onshore,2026-08-21T06:40:18Z
2026-08-21T06:33:41Z,2026-08-21T08:33:41+0200,6801fa27-1585-43c5-af49-29c528898ba2,2026-07-22T10:15:00Z,2026-07-22T12:15:00+0200,2182.93,MW,DK1,DK_1,actual_onshore_wind_generation,Wind Onshore,2026-08-21T06:40:18Z
2026-08-21T06:33:41Z,2026-08-21T08:33:41+0200,6801fa27-1585-43c5-af49-29c528898ba2,2026-07-22T10:30:00Z,2026-07-22T12:30:00+0200,2100.11,MW,DK1,DK_1,actual_onshore_wind_generation,Wind Onshore,2026-08-21T06:40:18Z
2026-08-21T06:33:41Z,2026-08-21T08:33:41+0200,6801fa27-1585-43c5-af49-29c528898ba2,2026-07-22T10:45:00Z,2026-07-22T12:45:00+0200,1965.94,MW,DK1,DK_1,actual_onshore_wind_generation,Wind Onshore,2026-08-21T06:40:18Z
2026-08-21T06:33:41Z,2026-08-21T08:33:41+0200,6801fa27-1585-43c5-af49-29c528898ba2,2026-07-22T11:00:00Z,2026-07-22T13:00:00+0200,2016.21,MW,DK1,DK_1,actual_onshore_wind_generation,Wind Onshore,2026-08-21T06:40:18Z
2026-08-21T06:33:41Z,2026-08-21T08:33:41+0200,6801fa27-1585-43c5-af49-29c528898ba2,2026-07-22T11:15:00Z,2026-07-22T13:15:00+0200,1964.31,MW,DK1,DK_1,actual_onshore_wind_generation,Wind Onshore,2026-08-21T06:40:18Z
2026-08-21T06:33:41Z,2026-08-21T08:33:41+0200,6801fa27-1585-43c5-af49-29c528898ba2,2026-07-22T11:30:00Z,2026-07-22T13:30:00+0200,1759.35,MW,DK1,DK_1,actual_onshore_wind_generation,Wind Onshore,2026-08-21T06:40:18Z
2026-08-21T06:33:41Z,2026-08-21T08:33:41+0200,6801fa27-1585-43c5-af49-29c528898ba2,2026-07-22T11:45:00Z,2026-07-22T13:45:00+0200,1627.1,MW,DK1,DK_1,actual_onshore_wind_generation,Wind Onshore,2026-08-21T06:40:18Z
2026-08-21T06:33:41Z,2026-08-21T08:33:41+0200,6801fa27-1585-43c5-af49-29c528898ba2,2026-07-22T12:00:00Z,2026-07-22T14:00:00+0200,1606.33,MW,DK1,DK_1,actual_onshore_wind_generation,Wind Onshore,2026-08-21T06:40:18Z
2026-08-21T06:33:41Z,2026-08-21T08:33:41+0200,6801fa27-1585-43c5-af49-29c528898ba2,2026-07-22T12:15:00Z,2026-07-22T14:15:00+0200,1570.86,MW,DK1,DK_1,actual_onshore_wind_generation,Wind Onshore,2026-08-21T06:40:18Z
2026-08-21T06:33:41Z,2026-08-21T08:33:41+0200,6801fa27-1585-43c5-af49-29c528898ba2,2026-07-22T12:30:00Z,2026-07-22T14:30:00+0200,1538.47,MW,DK1,DK_1,actual_onshore_wind_generation,Wind Onshore,2026-08-21T06:40:18Z
2026-08-21T06:33:41Z,2026-08-21T08:33:41+0200,6801fa27-1585-43c5-af49-29c528898ba2,2026-07-22T12:45:00Z,2026-07-22T14:45:00+0200,1518.35,MW,DK1,DK_1,actual_onshore_wind_generation,Wind Onshore,2026-08-21T06:40:18Z
2026-08-21T06:33:41Z,2026-08-21T08:33:41+0200,6801fa27-1585-43c5-af49-29c528898ba2,2026-07-22T13:00:00Z,2026-07-22T15:00:00+0200,1467.37,MW,DK1,DK_1,actual_onshore_wind_generation,Wind Onshore,2026-08-21T06:40:18Z
2026-08-21T06:33:41Z,2026-08-21T08:33:41+0200,6801fa27-1585-43c5-af49-29c528898ba2,2026-07-22T13:15:00Z,2026-07-22T15:15:00+0200,1472.72,MW,DK1,DK_1,actual_onshore_wind_generation,Wind Onshore,2026-08-21T06:40:18Z
2026-08-21T06:33:41Z,2026-08-21T08:33:41+0200,6801fa27-1585-43c5-af49-29c528898ba2,2026-07-22T13:30:00Z,2026-07-22T15:30:00+0200,1420.01,MW,DK1,DK_1,actual_onshore_wind_generation,Wind Onshore,2026-08-21T06:40:18Z
2026-08-21T06:33:41Z,2026-08-21T08:33:41+0200,6801fa27-1585-43c5-af49-29c528898ba2,2026-07-22T13:45:00Z,2026-07-22T15:45:00+0200,1404.4,MW,DK1,DK_1,actual_onshore_wind_generation,Wind Onshore,2026-08-21T06:40:18Z
2026-08-21T06:33:41Z,2026-08-21T08:33:41+0200,6801fa27-1585-43c5-af49-29c528898ba2,2026-07-22T14:00:00Z,2026-07-22T16:00:00+0200,1380.42,MW,DK1,DK_1,actual_onshore_wind_generation,Wind Onshore,2026-08-21T06:40:18Z
2026-08-21T06:33:41Z,2026-08-21T08:33:41+0200,6801fa27-1585-43c5-af49-29c528898ba2,2026-07-22T14:15:00Z,2026-07-22T16:15:00+0200,1662.58,MW,DK1,DK_1,actual_onshore_wind_generation,Wind Onshore,2026-08-21T06:40:18Z
2026-08-21T06:33:41Z,2026-08-21T08:33:41+0200,6801fa27-1585-43c5-af49-29c528898ba2,2026-07-22T14:30:00Z,2026-07-22T16:30:00+0200,1743.86,MW,DK1,DK_1,actual_onshore_wind_generation,Wind Onshore,2026-08-21T06:40:18Z
2026-08-21T06:33:41Z,2026-08-21T08:33:41+0200,6801fa27-1585-43c5-af49-29c528898ba2,2026-07-22T14:45:00Z,2026-07-22T16:45:00+0200,1777.37,MW,DK1,DK_1,actual_onshore_wind_generation,Wind Onshore,2026-08-21T06:40:18Z
2026-08-21T06:33:41Z,2026-08-21T08:33:41+0200,6801fa27-1585-43c5-af49-29c528898ba2,2026-07-22T15:00:00Z,2026-07-22T17:00:00+0200,1878.08,MW,DK1,DK_1,actual_onshore_wind_generation,Wind Onshore,2026-08-21T06:40:18Z
2026-08-21T06:33:41Z,2026-08-21T08:33:41+0200,6801fa27-1585-43c5-af49-29c528898ba2,2026-07-22T15:15:00Z,2026-07-22T17:15:00+0200,1899.96,MW,DK1,DK_1,actual_onshore_wind_generation,Wind Onshore,2026-08-21T06:40:18Z
2026-08-21T06:33:41Z,2026-08-21T08:33:41+0200,6801fa27-1585-43c5-af49-29c528898ba2,2026-07-22T15:30:00Z,2026-07-22T17:30:00+0200,1872.05,MW,DK1,DK_1,actual_onshore_wind_generation,Wind Onshore,2026-08-21T06:40:18Z
2026-08-21T06:33:41Z,2026-08-21T08:33:41+0200,6801fa27-1585-43c5-af49-29c528898ba2,2026-07-22T15:45:00Z,2026-07-22T17:45:00+0200,1841.49,MW,DK1,DK_1,actual_onshore_wind_generation,Wind Onshore,2026-08-21T06:40:18Z
2026-08-21T06:33:41Z,2026-08-21T08:33:41+0200,6801fa27-1585-43c5-af49-29c528898ba2,2026-07-22T16:00:00Z,2026-07-22T18:00:00+0200,1723.7,MW,DK1,DK_1,actual_onshore_wind_generation,Wind Onshore,2026-08-21T06:40:18Z
2026-08-21T06:33:41Z,2026-08-21T08:33:41+0200,6801fa27-1585-43c5-af49-29c528898ba2,2026-07-22T16:15:00Z,2026-07-22T18:15:00+0200,1645.97,MW,DK1,DK_1,actual_onshore_wind_generation,Wind Onshore,2026-08-21T06:40:18Z
2026-08-21T06:33:41Z,2026-08-21T08:33:41+0200,6801fa27-1585-43c5-af49-29c528898ba2,2026-07-22T16:30:00Z,2026-07-22T18:30:00+0200,1587.83,MW,DK1,DK_1,actual_onshore_wind_generation,Wind Onshore,2026-08-21T06:40:18Z
2026-08-21T06:33:41Z,2026-08-21T08:33:41+0200,6801fa27-1585-43c5-af49-29c528898ba2,2026-07-22T16:45:00Z,2026-07-22T18:45:00+0200,1491.8,MW,DK1,DK_1,actual_onshore_wind_generation,Wind Onshore,2026-08-21T06:40:18Z
2026-08-21T06:33:41Z,2026-08-21T08:33:41+0200,6801fa27-1585-43c5-af49-29c528898ba2,2026-07-22T17:00:00Z,2026-07-22T19:00:00+0200,1399.85,MW,DK1,DK_1,actual_onshore_wind_generation,Wind Onshore,2026-08-21T06:40:18Z
2026-08-21T06:33:41Z,2026-08-21T08:33:41+0200,6801fa27-1585-43c5-af49-29c528898ba2,2026-07-22T17:15:00Z,2026-07-22T19:15:00+0200,1328.69,MW,DK1,DK_1,actual_onshore_wind_generation,Wind Onshore,2026-08-21T06:40:18Z
2026-08-21T06:33:41Z,2026-08-21T08:33:41+0200,6801fa27-1585-43c5-af49-29c528898ba2,2026-07-22T17:30:00Z,2026-07-22T19:30:00+0200,1274.37,MW,DK1,DK_1,actual_onshore_wind_generation,Wind Onshore,2026-08-21T06:40:18Z
2026-08-21T06:33:41Z,2026-08-21T08:33:41+0200,6801fa27-1585-43c5-af49-29c528898ba2,2026-07-22T17:45:00Z,2026-07-22T19:45:00+0200,1230.51,MW,DK1,DK_1,actual_onshore_wind_generation,Wind Onshore,2026-08-21T06:40:18Z
2026-08-21T06:33:41Z,2026-08-21T08:33:41+0200,6801fa27-1585-43c5-af49-29c528898ba2,2026-07-22T18:00:00Z,2026-07-22T20:00:00+0200,1161.81,MW,DK1,DK_1,actual_onshore_wind_generation,Wind Onshore,2026-08-21T06:40:18Z
2026-08-21T06:33:41Z,2026-08-21T08:33:41+0200,6801fa27-1585-43c5-af49-29c528898ba2,2026-07-22T18:15:00Z,2026-07-22T20:15:00+0200,1142.13,MW,DK1,DK_1,actual_onshore_wind_generation,Wind Onshore,2026-08-21T06:40:18Z
2026-08-21T06:33:41Z,2026-08-21T08:33:41+0200,6801fa27-1585-43c5-af49-29c528898ba2,2026-07-22T18:30:00Z,2026-07-22T20:30:00+0200,1102.19,MW,DK1,DK_1,actual_onshore_wind_generation,Wind Onshore,2026-08-21T06:40:18Z
2026-08-21T06:33:41Z,2026-08-21T08:33:41+0200,6801fa27-1585-43c5-af49-29c528898ba2,2026-07-22T18:45:00Z,2026-07-22T20:45:00+0200,1044.63,MW,DK1,DK_1,actual_onshore_wind_generation,Wind Onshore,2026-08-21T06:40:18Z
2026-08-21T06:33:41Z,2026-08-21T08:33:41+0200,6801fa27-1585-43c5-af49-29c528898ba2,2026-07-22T19:00:00Z,2026-07-22T21:00:00+0200,1051.59,MW,DK1,DK_1,actual_onshore_wind_generation,Wind Onshore,2026-08-21T06:40:18Z
2026-08-21T06:33:41Z,2026-08-21T08:33:41+0200,6801fa27-1585-43c5-af49-29c528898ba2,2026-07-22T19:15:00Z,2026-07-22T21:15:00+0200,1056.4,MW,DK1,DK_1,actual_onshore_wind_generation,Wind Onshore,2026-08-21T06:40:18Z
2026-08-21T06:33:41Z,2026-08-21T08:33:41+0200,6801fa27-1585-43c5-af49-29c528898ba2,2026-07-22T19:30:00Z,2026-07-22T21:30:00+0200,1062.46,MW,DK1,DK_1,actual_onshore_wind_generation,Wind Onshore,2026-08-21T06:40:18Z
2026-08-21T06:33:41Z,2026-08-21T08:33:41+0200,6801fa27-1585-43c5-af49-29c528898ba2,2026-07-22T19:45:00Z,2026-07-22T21:45:00+0200,1083.3,MW,DK1,DK_1,actual_onshore_wind_generation,Wind Onshore,2026-08-21T06:40:18Z
2026-08-21T06:33:41Z,2026-08-21T08:33:41+0200,6801fa27-1585-43c5-af49-29c528898ba2,2026-07-22T20:00:00Z,2026-07-22T22:00:00+0200,1072.25,MW,DK1,DK_1,actual_onshore_wind_generation,Wind Onshore,2026-08-21T06:40:18Z
2026-08-21T06:33:41Z,2026-08-21T08:33:41+0200,6801fa27-1585-43c5-af49-29c528898ba2,2026-07-22T20:15:00Z,2026-07-22T22:15:00+0200,1088.41,MW,DK1,DK_1,actual_onshore_wind_generation,Wind Onshore,2026-08-21T06:40:18Z
2026-08-21T06:33:41Z,2026-08-21T08:33:41+0200,6801fa27-1585-43c5-af49-29c528898ba2,2026-07-22T20:30:00Z,2026-07-22T22:30:00+0200,1099.39,MW,DK1,DK_1,actual_onshore_wind_generation,Wind Onshore,2026-08-21T06:40:18Z
2026-08-21T06:33:41Z,2026-08-21T08:33:41+0200,6801fa27-1585-43c5-af49-29c528898ba2,2026-07-22T20:45:00Z,2026-07-22T22:45:00+0200,1074.01,MW,DK1,DK_1,actual_onshore_wind_generation,Wind Onshore,2026-08-21T06:40:18Z
2026-08-21T06:33:41Z,2026-08-21T08:33:41+0200,6801fa27-1585-43c5-af49-29c528898ba2,2026-07-22T21:00:00Z,2026-07-22T23:00:00+0200,1058.72,MW,DK1,DK_1,actual_onshore_wind_generation,Wind Onshore,2026-08-21T06:40:18Z
2026-08-21T06:33:41Z,2026-08-21T08:33:41+0200,6801fa27-1585-43c5-af49-29c528898ba2,2026-07-22T21:15:00Z,2026-07-22T23:15:00+0200,1039.94,MW,DK1,DK_1,actual_onshore_wind_generation,Wind Onshore,2026-08-21T06:40:18Z
2026-08-21T06:33:41Z,2026-08-21T08:33:41+0200,6801fa27-1585-43c5-af49-29c528898ba2,2026-07-22T21:30:00Z,2026-07-22T23:30:00+0200,1001.51,MW,DK1,DK_1,actual_onshore_wind_generation,Wind Onshore,2026-08-21T06:40:18Z
2026-08-21T06:33:41Z,2026-08-21T08:33:41+0200,6801fa27-1585-43c5-af49-29c528898ba2,2026-07-22T21:45:00Z,2026-07-22T23:45:00+0200,972.547,MW,DK1,DK_1,actual_onshore_wind_generation,Wind Onshore,2026-08-21T06:40:18Z
2026-08-21T06:33:41Z,2026-08-21T08:33:41+0200,6801fa27-1585-43c5-af49-29c528898ba2,2026-07-22T22:00:00Z,2026-07-23T00:00:00+0200,911.393,MW,DK1,DK_1,actual_onshore_wind_generation,Wind Onshore,2026-08-21T06:40:18Z
2026-08-21T06:33:41Z,2026-08-21T08:33:41+0200,6801fa27-1585-43c5-af49-29c528898ba2,2026-07-22T22:15:00Z,2026-07-23T00:15:00+0200,879.385,MW,DK1,DK_1,actual_onshore_wind_generation,Wind Onshore,2026-08-21T06:40:18Z
2026-08-21T06:33:41Z,2026-08-21T08:33:41+0200,6801fa27-1585-43c5-af49-29c528898ba2,2026-07-22T22:30:00Z,2026-07-23T00:30:00+0200,874.258,MW,DK1,DK_1,actual_onshore_wind_generation,Wind Onshore,2026-08-21T06:40:18Z
2026-08-21T06:33:41Z,2026-08-21T08:33:41+0200,6801fa27-1585-43c5-af49-29c528898ba2,2026-07-22T22:45:00Z,2026-07-23T00:45:00+0200,853.706,MW,DK1,DK_1,actual_onshore_wind_generation,Wind Onshore,2026-08-21T06:40:18Z
2026-08-21T06:33:41Z,2026-08-21T08:33:41+0200,6801fa27-1585-43c5-af49-29c528898ba2,2026-07-22T23:00:00Z,2026-07-23T01:00:00+0200,824.819,MW,DK1,DK_1,actual_onshore_wind_generation,Wind Onshore,2026-08-21T06:40:18Z
2026-08-21T06:33:41Z,2026-08-21T08:33:41+0200,6801fa27-1585-43c5-af49-29c528898ba2,2026-07-22T23:15:00Z,2026-07-23T01:15:00+0200,771.314,MW,DK1,DK_1,actual_onshore_wind_generation,Wind Onshore,2026-08-21T06:40:18Z
2026-08-21T06:33:41Z,2026-08-21T08:33:41+0200,6801fa27-1585-43c5-af49-29c528898ba2,2026-07-22T23:30:00Z,2026-07-23T01:30:00+0200,719.818,MW,DK1,DK_1,actual_onshore_wind_generation,Wind Onshore,2026-08-21T06:40:18Z
2026-08-21T06:33:41Z,2026-08-21T08:33:41+0200,6801fa27-1585-43c5-af49-29c528898ba2,2026-07-22T23:45:00Z,2026-07-23T01:45:00+0200,684.795,MW,DK1,DK_1,actual_onshore_wind_generation,Wind Onshore,2026-08-21T06:40:18Z
2026-08-21T06:33:41Z,2026-08-21T08:33:41+0200,6801fa27-1585-43c5-af49-29c528898ba2,2026-07-23T00:00:00Z,2026-07-23T02:00:00+0200,654.174,MW,DK1,DK_1,actual_onshore_wind_generation,Wind Onshore,2026-08-21T06:40:18Z
2026-08-21T06:33:41Z,2026-08-21T08:33:41+0200,6801fa27-1585-43c5-af49-29c528898ba2,2026-07-23T00:15:00Z,2026-07-23T02:15:00+0200,616.166,MW,DK1,DK_1,actual_onshore_wind_generation,Wind Onshore,2026-08-21T06:40:18Z
2026-08-21T06:33:41Z,2026-08-21T08:33:41+0200,6801fa27-1585-43c5-af49-29c528898ba2,2026-07-23T00:30:00Z,2026-07-23T02:30:00+0200,581.12,MW,DK1,DK_1,actual_onshore_wind_generation,Wind Onshore,2026-08-21T06:40:18Z
2026-08-21T06:33:41Z,2026-08-21T08:33:41+0200,6801fa27-1585-43c5-af49-29c528898ba2,2026-07-23T00:45:00Z,2026-07-23T02:45:00+0200,572.863,MW,DK1,DK_1,actual_onshore_wind_generation,Wind Onshore,2026-08-21T06:40:18Z
2026-08-21T06:33:41Z,2026-08-21T08:33:41+0200,6801fa27-1585-43c5-af49-29c528898ba2,2026-07-23T01:00:00Z,2026-07-23T03:00:00+0200,553.917,MW,DK1,DK_1,actual_onshore_wind_generation,Wind Onshore,2026-08-21T06:40:18Z
2026-08-21T06:33:41Z,2026-08-21T08:33:41+0200,6801fa27-1585-43c5-af49-29c528898ba2,2026-07-23T01:15:00Z,2026-07-23T03:15:00+0200,516.989,MW,DK1,DK_1,actual_onshore_wind_generation,Wind Onshore,2026-08-21T06:40:18Z
2026-08-21T06:33:41Z,2026-08-21T08:33:41+0200,6801fa27-1585-43c5-af49-29c528898ba2,2026-07-23T01:30:00Z,2026-07-23T03:30:00+0200,510.465,MW,DK1,DK_1,actual_onshore_wind_generation,Wind Onshore,2026-08-21T06:40:18Z
2026-08-21T06:33:41Z,2026-08-21T08:33:41+0200,6801fa27-1585-43c5-af49-29c528898ba2,2026-07-23T01:45:00Z,2026-07-23T03:45:00+0200,500.423,MW,DK1,DK_1,actual_onshore_wind_generation,Wind Onshore,2026-08-21T06:40:18Z
2026-08-21T06:33:41Z,2026-08-21T08:33:41+0200,6801fa27-1585-43c5-af49-29c528898ba2,2026-07-23T02:00:00Z,2026-07-23T04:00:00+0200,485.976,MW,DK1,DK_1,actual_onshore_wind_generation,Wind Onshore,2026-08-21T06:40:18Z
2026-08-21T06:33:41Z,2026-08-21T08:33:41+0200,6801fa27-1585-43c5-af49-29c528898ba2,2026-07-23T02:15:00Z,2026-07-23T04:15:00+0200,471.233,MW,DK1,DK_1,actual_onshore_wind_generation,Wind Onshore,2026-08-21T06:40:18Z
2026-08-21T06:33:41Z,2026-08-21T08:33:41+0200,6801fa27-1585-43c5-af49-29c528898ba2,2026-07-23T02:30:00Z,2026-07-23T04:30:00+0200,449.66,MW,DK1,DK_1,actual_onshore_wind_generation,Wind Onshore,2026-08-21T06:40:18Z
2026-08-21T06:33:41Z,2026-08-21T08:33:41+0200,6801fa27-1585-43c5-af49-29c528898ba2,2026-07-23T02:45:00Z,2026-07-23T04:45:00+0200,440.332,MW,DK1,DK_1,actual_onshore_wind_generation,Wind Onshore,2026-08-21T06:40:18Z
2026-08-21T06:33:41Z,2026-08-21T08:33:41+0200,6801fa27-1585-43c5-af49-29c528898ba2,2026-07-23T03:00:00Z,2026-07-23T05:00:00+0200,418.276,MW,DK1,DK_1,actual_onshore_wind_generation,Wind Onshore,2026-08-21T06:40:18Z
2026-08-21T06:33:41Z,2026-08-21T08:33:41+0200,6801fa27-1585-43c5-af49-29c528898ba2,2026-07-23T03:15:00Z,2026-07-23T05:15:00+0200,402.139,MW,DK1,DK_1,actual_onshore_wind_generation,Wind Onshore,2026-08-21T06:40:18Z
2026-08-21T06:33:41Z,2026-08-21T08:33:41+0200,6801fa27-1585-43c5-af49-29c528898ba2,2026-07-23T03:30:00Z,2026-07-23T05:30:00+0200,391.191,MW,DK1,DK_1,actual_onshore_wind_generation,Wind Onshore,2026-08-21T06:40:18Z
2026-08-21T06:33:41Z,2026-08-21T08:33:41+0200,6801fa27-1585-43c5-af49-29c528898ba2,2026-07-23T03:45:00Z,2026-07-23T05:45:00+0200,380.315,MW,DK1,DK_1,actual_onshore_wind_generation,Wind Onshore,2026-08-21T06:40:18Z
2026-08-21T06:33:41Z,2026-08-21T08:33:41+0200,6801fa27-1585-43c5-af49-29c528898ba2,2026-07-23T04:00:00Z,2026-07-23T06:00:00+0200,365.466,MW,DK1,DK_1,actual_onshore_wind_generation,Wind Onshore,2026-08-21T06:40:18Z
2026-08-21T06:33:41Z,2026-08-21T08:33:41+0200,6801fa27-1585-43c5-af49-29c528898ba2,2026-07-23T04:15:00Z,2026-07-23T06:15:00+0200,341.56,MW,DK1,DK_1,actual_onshore_wind_generation,Wind Onshore,2026-08-21T06:40:18Z
2026-08-21T06:33:41Z,2026-08-21T08:33:41+0200,6801fa27-1585-43c5-af49-29c528898ba2,2026-07-23T04:30:00Z,2026-07-23T06:30:00+0200,308.716,MW,DK1,DK_1,actual_onshore_wind_generation,Wind Onshore,2026-08-21T06:40:18Z
2026-08-21T06:33:41Z,2026-08-21T08:33:41+0200,6801fa27-1585-43c5-af49-29c528898ba2,2026-07-23T04:45:00Z,2026-07-23T06:45:00+0200,247.92,MW,DK1,DK_1,actual_onshore_wind_generation,Wind Onshore,2026-08-21T06:40:18Z
2026-08-21T06:33:41Z,2026-08-21T08:33:41+0200,6801fa27-1585-43c5-af49-29c528898ba2,2026-07-23T05:00:00Z,2026-07-23T07:00:00+0200,250.244,MW,DK1,DK_1,actual_onshore_wind_generation,Wind Onshore,2026-08-21T06:40:18Z
2026-08-21T06:33:41Z,2026-08-21T08:33:41+0200,6801fa27-1585-43c5-af49-29c528898ba2,2026-07-23T05:15:00Z,2026-07-23T07:15:00+0200,218.218,MW,DK1,DK_1,actual_onshore_wind_generation,Wind Onshore,2026-08-21T06:40:18Z
2026-08-21T06:33:41Z,2026-08-21T08:33:41+0200,6801fa27-1585-43c5-af49-29c528898ba2,2026-07-23T05:30:00Z,2026-07-23T07:30:00+0200,175.416,MW,DK1,DK_1,actual_onshore_wind_generation,Wind Onshore,2026-08-21T06:40:18Z
2026-08-21T06:33:41Z,2026-08-21T08:33:41+0200,6801fa27-1585-43c5-af49-29c528898ba2,2026-07-23T05:45:00Z,2026-07-23T07:45:00+0200,167.328,MW,DK1,DK_1,actual_onshore_wind_generation,Wind Onshore,2026-08-21T06:40:18Z
2026-08-21T06:33:41Z,2026-08-21T08:33:41+0200,6801fa27-1585-43c5-af49-29c528898ba2,2026-07-23T06:00:00Z,2026-07-23T08:00:00+0200,200.218,MW,DK1,DK_1,actual_onshore_wind_generation,Wind Onshore,2026-08-21T06:40:18Z
2026-08-21T06:33:41Z,2026-08-21T08:33:41+0200,6801fa27-1585-43c5-af49-29c528898ba2,2026-07-23T06:15:00Z,2026-07-23T08:15:00+0200,182.583,MW,DK1,DK_1,actual_onshore_wind_generation,Wind Onshore,2026-08-21T06:40:18Z
2026-08-21T06:33:41Z,2026-08-21T08:33:41+0200,6801fa27-1585-43c5-af49-29c528898ba2,2026-07-23T06:30:00Z,2026-07-23T08:30:00+0200,198.7,MW,DK1,DK_1,actual_onshore_wind_generation,Wind Onshore,2026-08-21T06:40:18Z
2026-08-21T06:33:41Z,2026-08-21T08:33:41+0200,6801fa27-1585-43c5-af49-29c528898ba2,2026-07-23T06:45:00Z,2026-07-23T08:45:00+0200,187.355,MW,DK1,DK_1,actual_onshore_wind_generation,Wind Onshore,2026-08-21T06:40:18Z
2026-08-21T06:33:41Z,2026-08-21T08:33:41+0200,6801fa27-1585-43c5-af49-29c528898ba2,2026-07-23T07:00:00Z,2026-07-23T09:00:00+0200,180.876,MW,DK1,DK_1,actual_onshore_wind_generation,Wind Onshore,2026-08-21T06:40:18Z
2026-08-21T06:33:41Z,2026-08-21T08:33:41+0200,6801fa27-1585-43c5-af49-29c528898ba2,2026-07-23T07:15:00Z,2026-07-23T09:15:00+0200,185.466,MW,DK1,DK_1,actual_onshore_wind_generation,Wind Onshore,2026-08-21T06:40:18Z
2026-08-21T06:33:41Z,2026-08-21T08:33:41+0200,6801fa27-1585-43c5-af49-29c528898ba2,2026-07-23T07:30:00Z,2026-07-23T09:30:00+0200,171.45,MW,DK1,DK_1,actual_onshore_wind_generation,Wind Onshore,2026-08-21T06:40:18Z
2026-08-21T06:33:41Z,2026-08-21T08:33:41+0200,6801fa27-1585-43c5-af49-29c528898ba2,2026-07-23T07:45:00Z,2026-07-23T09:45:00+0200,176.02,MW,DK1,DK_1,actual_onshore_wind_generation,Wind Onshore,2026-08-21T06:40:18Z
2026-08-21T06:33:41Z,2026-08-21T08:33:41+0200,6801fa27-1585-43c5-af49-29c528898ba2,2026-07-23T08:00:00Z,2026-07-23T10:00:00+0200,179.311,MW,DK1,DK_1,actual_onshore_wind_generation,Wind Onshore,2026-08-21T06:40:18Z
2026-08-21T06:33:41Z,2026-08-21T08:33:41+0200,6801fa27-1585-43c5-af49-29c528898ba2,2026-07-23T08:15:00Z,2026-07-23T10:15:00+0200,178.348,MW,DK1,DK_1,actual_onshore_wind_generation,Wind Onshore,2026-08-21T06:40:18Z
2026-08-21T06:33:41Z,2026-08-21T08:33:41+0200,6801fa27-1585-43c5-af49-29c528898ba2,2026-07-23T08:30:00Z,2026-07-23T10:30:00+0200,184.993,MW,DK1,DK_1,actual_onshore_wind_generation,Wind Onshore,2026-08-21T06:40:18Z
2026-08-21T06:33:41Z,2026-08-21T08:33:41+0200,6801fa27-1585-43c5-af49-29c528898ba2,2026-07-23T08:45:00Z,2026-07-23T10:45:00+0200,180.675,MW,DK1,DK_1,actual_onshore_wind_generation,Wind Onshore,2026-08-21T06:40:18Z
2026-08-21T06:33:41Z,2026-08-21T08:33:41+0200,6801fa27-1585-43c5-af49-29c528898ba2,2026-07-23T09:00:00Z,2026-07-23T11:00:00+0200,194.259,MW,DK1,DK_1,actual_onshore_wind_generation,Wind Onshore,2026-08-21T06:40:18Z
2026-08-21T06:33:41Z,2026-08-21T08:33:41+0200,6801fa27-1585-43c5-af49-29c528898ba2,2026-07-23T09:15:00Z,2026-07-23T11:15:00+0200,212.436,MW,DK1,DK_1,actual_onshore_wind_generation,Wind Onshore,2026-08-21T06:40:18Z
2026-08-21T06:33:41Z,2026-08-21T08:33:41+0200,6801fa27-1585-43c5-af49-29c528898ba2,2026-07-23T09:30:00Z,2026-07-23T11:30:00+0200,224.373,MW,DK1,DK_1,actual_onshore_wind_generation,Wind Onshore,2026-08-21T06:40:18Z
2026-08-21T06:33:41Z,2026-08-21T08:33:41+0200,6801fa27-1585-43c5-af49-29c528898ba2,2026-07-23T09:45:00Z,2026-07-23T11:45:00+0200,235.987,MW,DK1,DK_1,actual_onshore_wind_generation,Wind Onshore,2026-08-21T06:40:18Z
2026-08-21T06:33:41Z,2026-08-21T08:33:41+0200,6801fa27-1585-43c5-af49-29c528898ba2,2026-07-23T10:00:00Z,2026-07-23T12:00:00+0200,251.883,MW,DK1,DK_1,actual_onshore_wind_generation,Wind Onshore,2026-08-21T06:40:18Z
2026-08-21T06:33:41Z,2026-08-21T08:33:41+0200,6801fa27-1585-43c5-af49-29c528898ba2,2026-07-23T10:15:00Z,2026-07-23T12:15:00+0200,258.595,MW,DK1,DK_1,actual_onshore_wind_generation,Wind Onshore,2026-08-21T06:40:18Z
2026-08-21T06:33:41Z,2026-08-21T08:33:41+0200,6801fa27-1585-43c5-af49-29c528898ba2,2026-07-23T10:30:00Z,2026-07-23T12:30:00+0200,281.112,MW,DK1,DK_1,actual_onshore_wind_generation,Wind Onshore,2026-08-21T06:40:18Z
2026-08-21T06:33:41Z,2026-08-21T08:33:41+0200,6801fa27-1585-43c5-af49-29c528898ba2,2026-07-23T10:45:00Z,2026-07-23T12:45:00+0200,295.053,MW,DK1,DK_1,actual_onshore_wind_generation,Wind Onshore,2026-08-21T06:40:18Z
2026-08-21T06:33:41Z,2026-08-21T08:33:41+0200,6801fa27-1585-43c5-af49-29c528898ba2,2026-07-23T11:00:00Z,2026-07-23T13:00:00+0200,325.511,MW,DK1,DK_1,actual_onshore_wind_generation,Wind Onshore,2026-08-21T06:40:18Z
2026-08-21T06:33:41Z,2026-08-21T08:33:41+0200,6801fa27-1585-43c5-af49-29c528898ba2,2026-07-23T11:15:00Z,2026-07-23T13:15:00+0200,356.376,MW,DK1,DK_1,actual_onshore_wind_generation,Wind Onshore,2026-08-21T06:40:18Z
2026-08-21T06:33:41Z,2026-08-21T08:33:41+0200,6801fa27-1585-43c5-af49-29c528898ba2,2026-07-23T11:30:00Z,2026-07-23T13:30:00+0200,361.143,MW,DK1,DK_1,actual_onshore_wind_generation,Wind Onshore,2026-08-21T06:40:18Z
2026-08-21T06:33:41Z,2026-08-21T08:33:41+0200,6801fa27-1585-43c5-af49-29c528898ba2,2026-07-23T11:45:00Z,2026-07-23T13:45:00+0200,400.825,MW,DK1,DK_1,actual_onshore_wind_generation,Wind Onshore,2026-08-21T06:40:18Z
2026-08-21T06:33:41Z,2026-08-21T08:33:41+0200,6801fa27-1585-43c5-af49-29c528898ba2,2026-07-23T12:00:00Z,2026-07-23T14:00:00+0200,384.918,MW,DK1,DK_1,actual_onshore_wind_generation,Wind Onshore,2026-08-21T06:40:18Z
2026-08-21T06:33:41Z,2026-08-21T08:33:41+0200,6801fa27-1585-43c5-af49-29c528898ba2,2026-07-23T12:15:00Z,2026-07-23T14:15:00+0200,390.943,MW,DK1,DK_1,actual_onshore_wind_generation,Wind Onshore,2026-08-21T06:40:18Z
2026-08-21T06:33:41Z,2026-08-21T08:33:41+0200,6801fa27-1585-43c5-af49-29c528898ba2,2026-07-23T12:30:00Z,2026-07-23T14:30:00+0200,419.94,MW,DK1,DK_1,actual_onshore_wind_generation,Wind Onshore,2026-08-21T06:40:18Z
2026-08-21T06:33:41Z,2026-08-21T08:33:41+0200,6801fa27-1585-43c5-af49-29c528898ba2,2026-07-23T12:45:00Z,2026-07-23T14:45:00+0200,433.695,MW,DK1,DK_1,actual_onshore_wind_generation,Wind Onshore,2026-08-21T06:40:18Z
2026-08-21T06:33:41Z,2026-08-21T08:33:41+0200,6801fa27-1585-43c5-af49-29c528898ba2,2026-07-23T13:00:00Z,2026-07-23T15:00:00+0200,446.187,MW,DK1,DK_1,actual_onshore_wind_generation,Wind Onshore,2026-08-21T06:40:18Z
2026-08-21T06:33:41Z,2026-08-21T08:33:41+0200,6801fa27-1585-43c5-af49-29c528898ba2,2026-07-23T13:15:00Z,2026-07-23T15:15:00+0200,516.841,MW,DK1,DK_1,actual_onshore_wind_generation,Wind Onshore,2026-08-21T06:40:18Z
2026-08-21T06:33:41Z,2026-08-21T08:33:41+0200,6801fa27-1585-43c5-af49-29c528898ba2,2026-07-23T13:30:00Z,2026-07-23T15:30:00+0200,531.163,MW,DK1,DK_1,actual_onshore_wind_generation,Wind Onshore,2026-08-21T06:40:18Z
2026-08-21T06:33:41Z,2026-08-21T08:33:41+0200,6801fa27-1585-43c5-af49-29c528898ba2,2026-07-23T13:45:00Z,2026-07-23T15:45:00+0200,594.434,MW,DK1,DK_1,actual_onshore_wind_generation,Wind Onshore,2026-08-21T06:40:18Z
2026-08-21T06:33:41Z,2026-08-21T08:33:41+0200,6801fa27-1585-43c5-af49-29c528898ba2,2026-07-23T14:00:00Z,2026-07-23T16:00:00+0200,550.632,MW,DK1,DK_1,actual_onshore_wind_generation,Wind Onshore,2026-08-21T06:40:18Z
2026-08-21T06:33:41Z,2026-08-21T08:33:41+0200,6801fa27-1585-43c5-af49-29c528898ba2,2026-07-23T14:15:00Z,2026-07-23T16:15:00+0200,639.431,MW,DK1,DK_1,actual_onshore_wind_generation,Wind Onshore,2026-08-21T06:40:18Z
2026-08-21T06:33:41Z,2026-08-21T08:33:41+0200,6801fa27-1585-43c5-af49-29c528898ba2,2026-07-23T14:30:00Z,2026-07-23T16:30:00+0200,670.103,MW,DK1,DK_1,actual_onshore_wind_generation,Wind Onshore,2026-08-21T06:40:18Z
2026-08-21T06:33:41Z,2026-08-21T08:33:41+0200,6801fa27-1585-43c5-af49-29c528898ba2,2026-07-23T14:45:00Z,2026-07-23T16:45:00+0200,693.212,MW,DK1,DK_1,actual_onshore_wind_generation,Wind Onshore,2026-08-21T06:40:18Z
2026-08-21T06:33:41Z,2026-08-21T08:33:41+0200,6801fa27-1585-43c5-af49-29c528898ba2,2026-07-23T15:00:00Z,2026-07-23T17:00:00+0200,707.517,MW,DK1,DK_1,actual_onshore_wind_generation,Wind Onshore,2026-08-21T06:40:18Z
2026-08-21T06:33:41Z,2026-08-21T08:33:41+0200,6801fa27-1585-43c5-af49-29c528898ba2,2026-07-23T15:15:00Z,2026-07-23T17:15:00+0200,756.592,MW,DK1,DK_1,actual_onshore_wind_generation,Wind Onshore,2026-08-21T06:40:18Z
2026-08-21T06:33:41Z,2026-08-21T08:33:41+0200,6801fa27-1585-43c5-af49-29c528898ba2,2026-07-23T15:30:00Z,2026-07-23T17:30:00+0200,733.868,MW,DK1,DK_1,actual_onshore_wind_generation,Wind Onshore,2026-08-21T06:40:18Z
2026-08-21T06:33:41Z,2026-08-21T08:33:41+0200,6801fa27-1585-43c5-af49-29c528898ba2,2026-07-23T15:45:00Z,2026-07-23T17:45:00+0200,709.625,MW,DK1,DK_1,actual_onshore_wind_generation,Wind Onshore,2026-08-21T06:40:18Z
2026-08-21T06:33:41Z,2026-08-21T08:33:41+0200,6801fa27-1585-43c5-af49-29c528898ba2,2026-07-23T16:00:00Z,2026-07-23T18:00:00+0200,682.559,MW,DK1,DK_1,actual_onshore_wind_generation,Wind Onshore,2026-08-21T06:40:18Z
2026-08-21T06:33:41Z,2026-08-21T08:33:41+0200,6801fa27-1585-43c5-af49-29c528898ba2,2026-07-23T16:15:00Z,2026-07-23T18:15:00+0200,651.859,MW,DK1,DK_1,actual_onshore_wind_generation,Wind Onshore,2026-08-21T06:40:18Z
2026-08-21T06:33:41Z,2026-08-21T08:33:41+0200,6801fa27-1585-43c5-af49-29c528898ba2,2026-07-23T16:30:00Z,2026-07-23T18:30:00+0200,657.74,MW,DK1,DK_1,actual_onshore_wind_generation,Wind Onshore,2026-08-21T06:40:18Z
2026-08-21T06:33:41Z,2026-08-21T08:33:41+0200,6801fa27-1585-43c5-af49-29c528898ba2,2026-07-23T16:45:00Z,2026-07-23T18:45:00+0200,694.147,MW,DK1,DK_1,actual_onshore_wind_generation,Wind Onshore,2026-08-21T06:40:18Z
2026-08-21T06:33:41Z,2026-08-21T08:33:41+0200,6801fa27-1585-43c5-af49-29c528898ba2,2026-07-23T17:00:00Z,2026-07-23T19:00:00+0200,738.93,MW,DK1,DK_1,actual_onshore_wind_generation,Wind Onshore,2026-08-21T06:40:18Z
2026-08-21T06:33:41Z,2026-08-21T08:33:41+0200,6801fa27-1585-43c5-af49-29c528898ba2,2026-07-23T17:15:00Z,2026-07-23T19:15:00+0200,744.153,MW,DK1,DK_1,actual_onshore_wind_generation,Wind Onshore,2026-08-21T06:40:18Z
2026-08-21T06:33:41Z,2026-08-21T08:33:41+0200,6801fa27-1585-43c5-af49-29c528898ba2,2026-07-23T17:30:00Z,2026-07-23T19:30:00+0200,749.548,MW,DK1,DK_1,actual_onshore_wind_generation,Wind Onshore,2026-08-21T06:40:18Z
2026-08-21T06:33:41Z,2026-08-21T08:33:41+0200,6801fa27-1585-43c5-af49-29c528898ba2,2026-07-23T17:45:00Z,2026-07-23T19:45:00+0200,750.41,MW,DK1,DK_1,actual_onshore_wind_generation,Wind Onshore,2026-08-21T06:40:18Z
2026-08-21T06:33:41Z,2026-08-21T08:33:41+0200,6801fa27-1585-43c5-af49-29c528898ba2,2026-07-23T18:00:00Z,2026-07-23T20:00:00+0200,732.184,MW,DK1,DK_1,actual_onshore_wind_generation,Wind Onshore,2026-08-21T06:40:18Z
2026-08-21T06:33:41Z,2026-08-21T08:33:41+0200,6801fa27-1585-43c5-af49-29c528898ba2,2026-07-23T18:15:00Z,2026-07-23T20:15:00+0200,761.724,MW,DK1,DK_1,actual_onshore_wind_generation,Wind Onshore,2026-08-21T06:40:18Z
2026-08-21T06:33:41Z,2026-08-21T08:33:41+0200,6801fa27-1585-43c5-af49-29c528898ba2,2026-07-23T18:30:00Z,2026-07-23T20:30:00+0200,789.264,MW,DK1,DK_1,actual_onshore_wind_generation,Wind Onshore,2026-08-21T06:40:18Z
2026-08-21T06:33:41Z,2026-08-21T08:33:41+0200,6801fa27-1585-43c5-af49-29c528898ba2,2026-07-23T18:45:00Z,2026-07-23T20:45:00+0200,837.715,MW,DK1,DK_1,actual_onshore_wind_generation,Wind Onshore,2026-08-21T06:40:18Z
2026-08-21T06:33:41Z,2026-08-21T08:33:41+0200,6801fa27-1585-43c5-af49-29c528898ba2,2026-07-23T19:00:00Z,2026-07-23T21:00:00+0200,830.561,MW,DK1,DK_1,actual_onshore_wind_generation,Wind Onshore,2026-08-21T06:40:18Z
2026-08-21T06:33:41Z,2026-08-21T08:33:41+0200,6801fa27-1585-43c5-af49-29c528898ba2,2026-07-23T19:15:00Z,2026-07-23T21:15:00+0200,822.625,MW,DK1,DK_1,actual_onshore_wind_generation,Wind Onshore,2026-08-21T06:40:18Z
2026-08-21T06:33:41Z,2026-08-21T08:33:41+0200,6801fa27-1585-43c5-af49-29c528898ba2,2026-07-23T19:30:00Z,2026-07-23T21:30:00+0200,788.034,MW,DK1,DK_1,actual_onshore_wind_generation,Wind Onshore,2026-08-21T06:40:18Z
2026-08-21T06:33:41Z,2026-08-21T08:33:41+0200,6801fa27-1585-43c5-af49-29c528898ba2,2026-07-23T19:45:00Z,2026-07-23T21:45:00+0200,784.787,MW,DK1,DK_1,actual_onshore_wind_generation,Wind Onshore,2026-08-21T06:40:18Z
2026-08-21T06:33:41Z,2026-08-21T08:33:41+0200,6801fa27-1585-43c5-af49-29c528898ba2,2026-07-23T20:00:00Z,2026-07-23T22:00:00+0200,796.812,MW,DK1,DK_1,actual_onshore_wind_generation,Wind Onshore,2026-08-21T06:40:18Z
2026-08-21T06:33:41Z,2026-08-21T08:33:41+0200,6801fa27-1585-43c5-af49-29c528898ba2,2026-07-23T20:15:00Z,2026-07-23T22:15:00+0200,866.626,MW,DK1,DK_1,actual_onshore_wind_generation,Wind Onshore,2026-08-21T06:40:18Z
2026-08-21T06:33:41Z,2026-08-21T08:33:41+0200,6801fa27-1585-43c5-af49-29c528898ba2,2026-07-23T20:30:00Z,2026-07-23T22:30:00+0200,889.676,MW,DK1,DK_1,actual_onshore_wind_generation,Wind Onshore,2026-08-21T06:40:18Z
2026-08-21T06:33:41Z,2026-08-21T08:33:41+0200,6801fa27-1585-43c5-af49-29c528898ba2,2026-07-23T20:45:00Z,2026-07-23T22:45:00+0200,927.654,MW,DK1,DK_1,actual_onshore_wind_generation,Wind Onshore,2026-08-21T06:40:18Z
2026-08-21T06:33:41Z,2026-08-21T08:33:41+0200,6801fa27-1585-43c5-af49-29c528898ba2,2026-07-23T21:00:00Z,2026-07-23T23:00:00+0200,945.25,MW,DK1,DK_1,actual_onshore_wind_generation,Wind Onshore,2026-08-21T06:40:18Z
2026-08-21T06:33:41Z,2026-08-21T08:33:41+0200,6801fa27-1585-43c5-af49-29c528898ba2,2026-07-23T21:15:00Z,2026-07-23T23:15:00+0200,920.885,MW,DK1,DK_1,actual_onshore_wind_generation,Wind Onshore,2026-08-21T06:40:18Z
2026-08-21T06:33:41Z,2026-08-21T08:33:41+0200,6801fa27-1585-43c5-af49-29c528898ba2,2026-07-23T21:30:00Z,2026-07-23T23:30:00+0200,887.962,MW,DK1,DK_1,actual_onshore_wind_generation,Wind Onshore,2026-08-21T06:40:18Z
2026-08-21T06:33:41Z,2026-08-21T08:33:41+0200,6801fa27-1585-43c5-af49-29c528898ba2,2026-07-23T21:45:00Z,2026-07-23T23:45:00+0200,855.249,MW,DK1,DK_1,actual_onshore_wind_generation,Wind Onshore,2026-08-21T06:40:18Z
2026-08-21T06:33:41Z,2026-08-21T08:33:41+0200,6801fa27-1585-43c5-af49-29c528898ba2,2026-07-23T22:00:00Z,2026-07-24T00:00:00+0200,840.48,MW,DK1,DK_1,actual_onshore_wind_generation,Wind Onshore,2026-08-21T06:40:18Z
2026-08-21T06:33:41Z,2026-08-21T08:33:41+0200,6801fa27-1585-43c5-af49-29c528898ba2,2026-07-23T22:15:00Z,2026-07-24T00:15:00+0200,829.346,MW,DK1,DK_1,actual_onshore_wind_generation,Wind Onshore,2026-08-21T06:40:18Z
2026-08-21T06:33:41Z,2026-08-21T08:33:41+0200,6801fa27-1585-43c5-af49-29c528898ba2,2026-07-23T22:30:00Z,2026-07-24T00:30:00+0200,868.391,MW,DK1,DK_1,actual_onshore_wind_generation,Wind Onshore,2026-08-21T06:40:18Z
2026-08-21T06:33:41Z,2026-08-21T08:33:41+0200,6801fa27-1585-43c5-af49-29c528898ba2,2026-07-23T22:45:00Z,2026-07-24T00:45:00+0200,893.917,MW,DK1,DK_1,actual_onshore_wind_generation,Wind Onshore,2026-08-21T06:40:18Z
2026-08-21T06:33:41Z,2026-08-21T08:33:41+0200,6801fa27-1585-43c5-af49-29c528898ba2,2026-07-23T23:00:00Z,2026-07-24T01:00:00+0200,930.993,MW,DK1,DK_1,actual_onshore_wind_generation,Wind Onshore,2026-08-21T06:40:18Z
2026-08-21T06:33:41Z,2026-08-21T08:33:41+0200,6801fa27-1585-43c5-af49-29c528898ba2,2026-07-23T23:15:00Z,2026-07-24T01:15:00+0200,1004.04,MW,DK1,DK_1,actual_onshore_wind_generation,Wind Onshore,2026-08-21T06:40:18Z
2026-08-21T06:33:41Z,2026-08-21T08:33:41+0200,6801fa27-1585-43c5-af49-29c528898ba2,2026-07-23T23:30:00Z,2026-07-24T01:30:00+0200,1065.32,MW,DK1,DK_1,actual_onshore_wind_generation,Wind Onshore,2026-08-21T06:40:18Z
2026-08-21T06:33:41Z,2026-08-21T08:33:41+0200,6801fa27-1585-43c5-af49-29c528898ba2,2026-07-23T23:45:00Z,2026-07-24T01:45:00+0200,1096.46,MW,DK1,DK_1,actual_onshore_wind_generation,Wind Onshore,2026-08-21T06:40:18Z
2026-08-21T06:33:41Z,2026-08-21T08:33:41+0200,6801fa27-1585-43c5-af49-29c528898ba2,2026-07-24T00:00:00Z,2026-07-24T02:00:00+0200,1144.71,MW,DK1,DK_1,actual_onshore_wind_generation,Wind Onshore,2026-08-21T06:40:18Z
2026-08-21T06:33:41Z,2026-08-21T08:33:41+0200,6801fa27-1585-43c5-af49-29c528898ba2,2026-07-24T00:15:00Z,2026-07-24T02:15:00+0200,1173.43,MW,DK1,DK_1,actual_onshore_wind_generation,Wind Onshore,2026-08-21T06:40:18Z
2026-08-21T06:33:41Z,2026-08-21T08:33:41+0200,6801fa27-1585-43c5-af49-29c528898ba2,2026-07-24T00:30:00Z,2026-07-24T02:30:00+0200,1225.75,MW,DK1,DK_1,actual_onshore_wind_generation,Wind Onshore,2026-08-21T06:40:18Z
2026-08-21T06:33:41Z,2026-08-21T08:33:41+0200,6801fa27-1585-43c5-af49-29c528898ba2,2026-07-24T00:45:00Z,2026-07-24T02:45:00+0200,1274.68,MW,DK1,DK_1,actual_onshore_wind_generation,Wind Onshore,2026-08-21T06:40:18Z
2026-08-21T06:33:41Z,2026-08-21T08:33:41+0200,6801fa27-1585-43c5-af49-29c528898ba2,2026-07-24T01:00:00Z,2026-07-24T03:00:00+0200,1295.1,MW,DK1,DK_1,actual_onshore_wind_generation,Wind Onshore,2026-08-21T06:40:18Z
2026-08-21T06:33:41Z,2026-08-21T08:33:41+0200,6801fa27-1585-43c5-af49-29c528898ba2,2026-07-24T01:15:00Z,2026-07-24T03:15:00+0200,1320.17,MW,DK1,DK_1,actual_onshore_wind_generation,Wind Onshore,2026-08-21T06:40:18Z
2026-08-21T06:33:41Z,2026-08-21T08:33:41+0200,6801fa27-1585-43c5-af49-29c528898ba2,2026-07-24T01:30:00Z,2026-07-24T03:30:00+0200,1359.71,MW,DK1,DK_1,actual_onshore_wind_generation,Wind Onshore,2026-08-21T06:40:18Z
2026-08-21T06:33:41Z,2026-08-21T08:33:41+0200,6801fa27-1585-43c5-af49-29c528898ba2,2026-07-24T01:45:00Z,2026-07-24T03:45:00+0200,1381.92,MW,DK1,DK_1,actual_onshore_wind_generation,Wind Onshore,2026-08-21T06:40:18Z
2026-08-21T06:33:41Z,2026-08-21T08:33:41+0200,6801fa27-1585-43c5-af49-29c528898ba2,2026-07-24T02:00:00Z,2026-07-24T04:00:00+0200,1446.27,MW,DK1,DK_1,actual_onshore_wind_generation,Wind Onshore,2026-08-21T06:40:18Z
2026-08-21T06:33:41Z,2026-08-21T08:33:41+0200,6801fa27-1585-43c5-af49-29c528898ba2,2026-07-24T02:15:00Z,2026-07-24T04:15:00+0200,1465.79,MW,DK1,DK_1,actual_onshore_wind_generation,Wind Onshore,2026-08-21T06:40:18Z
2026-08-21T06:33:41Z,2026-08-21T08:33:41+0200,6801fa27-1585-43c5-af49-29c528898ba2,2026-07-24T02:30:00Z,2026-07-24T04:30:00+0200,1421.25,MW,DK1,DK_1,actual_onshore_wind_generation,Wind Onshore,2026-08-21T06:40:18Z
2026-08-21T06:33:41Z,2026-08-21T08:33:41+0200,6801fa27-1585-43c5-af49-29c528898ba2,2026-07-24T02:45:00Z,2026-07-24T04:45:00+0200,1469.69,MW,DK1,DK_1,actual_onshore_wind_generation,Wind Onshore,2026-08-21T06:40:18Z
2026-08-21T06:33:41Z,2026-08-21T08:33:41+0200,6801fa27-1585-43c5-af49-29c528898ba2,2026-07-24T03:00:00Z,2026-07-24T05:00:00+0200,1459.08,MW,DK1,DK_1,actual_onshore_wind_generation,Wind Onshore,2026-08-21T06:40:18Z
2026-08-21T06:33:41Z,2026-08-21T08:33:41+0200,6801fa27-1585-43c5-af49-29c528898ba2,2026-07-24T03:15:00Z,2026-07-24T05:15:00+0200,1417.07,MW,DK1,DK_1,actual_onshore_wind_generation,Wind Onshore,2026-08-21T06:40:18Z
2026-08-21T06:33:41Z,2026-08-21T08:33:41+0200,6801fa27-1585-43c5-af49-29c528898ba2,2026-07-24T03:30:00Z,2026-07-24T05:30:00+0200,1408.51,MW,DK1,DK_1,actual_onshore_wind_generation,Wind Onshore,2026-08-21T06:40:18Z
2026-08-21T06:33:41Z,2026-08-21T08:33:41+0200,6801fa27-1585-43c5-af49-29c528898ba2,2026-07-24T03:45:00Z,2026-07-24T05:45:00+0200,1359.64,MW,DK1,DK_1,actual_onshore_wind_generation,Wind Onshore,2026-08-21T06:40:18Z
2026-08-21T06:33:41Z,2026-08-21T08:33:41+0200,6801fa27-1585-43c5-af49-29c528898ba2,2026-07-24T04:00:00Z,2026-07-24T06:00:00+0200,1302.35,MW,DK1,DK_1,actual_onshore_wind_generation,Wind Onshore,2026-08-21T06:40:18Z
2026-08-21T06:33:41Z,2026-08-21T08:33:41+0200,6801fa27-1585-43c5-af49-29c528898ba2,2026-07-24T04:15:00Z,2026-07-24T06:15:00+0200,1388.32,MW,DK1,DK_1,actual_onshore_wind_generation,Wind Onshore,2026-08-21T06:40:18Z
2026-08-21T06:33:41Z,2026-08-21T08:33:41+0200,6801fa27-1585-43c5-af49-29c528898ba2,2026-07-24T04:30:00Z,2026-07-24T06:30:00+0200,1374.11,MW,DK1,DK_1,actual_onshore_wind_generation,Wind Onshore,2026-08-21T06:40:18Z
2026-08-21T06:33:41Z,2026-08-21T08:33:41+0200,6801fa27-1585-43c5-af49-29c528898ba2,2026-07-24T04:45:00Z,2026-07-24T06:45:00+0200,1393.23,MW,DK1,DK_1,actual_onshore_wind_generation,Wind Onshore,2026-08-21T06:40:18Z
2026-08-21T06:33:41Z,2026-08-21T08:33:41+0200,6801fa27-1585-43c5-af49-29c528898ba2,2026-07-24T05:00:00Z,2026-07-24T07:00:00+0200,1426.9,MW,DK1,DK_1,actual_onshore_wind_generation,Wind Onshore,2026-08-21T06:40:18Z
2026-08-21T06:33:41Z,2026-08-21T08:33:41+0200,6801fa27-1585-43c5-af49-29c528898ba2,2026-07-24T05:15:00Z,2026-07-24T07:15:00+0200,1462.49,MW,DK1,DK_1,actual_onshore_wind_generation,Wind Onshore,2026-08-21T06:40:18Z
2026-08-21T06:33:41Z,2026-08-21T08:33:41+0200,6801fa27-1585-43c5-af49-29c528898ba2,2026-07-24T05:30:00Z,2026-07-24T07:30:00+0200,1456.55,MW,DK1,DK_1,actual_onshore_wind_generation,Wind Onshore,2026-08-21T06:40:18Z
2026-08-21T06:33:41Z,2026-08-21T08:33:41+0200,6801fa27-1585-43c5-af49-29c528898ba2,2026-07-24T05:45:00Z,2026-07-24T07:45:00+0200,1456.55,MW,DK1,DK_1,actual_onshore_wind_generation,Wind Onshore,2026-08-21T06:40:18Z
2026-08-21T06:33:41Z,2026-08-21T08:33:41+0200,6801fa27-1585-43c5-af49-29c528898ba2,2026-07-24T06:00:00Z,2026-07-24T08:00:00+0200,1494.24,MW,DK1,DK_1,actual_onshore_wind_generation,Wind Onshore,2026-08-21T06:40:18Z
2026-08-21T06:33:41Z,2026-08-21T08:33:41+0200,6801fa27-1585-43c5-af49-29c528898ba2,2026-07-24T06:15:00Z,2026-07-24T08:15:00+0200,1512.44,MW,DK1,DK_1,actual_onshore_wind_generation,Wind Onshore,2026-08-21T06:40:18Z
2026-08-21T06:33:41Z,2026-08-21T08:33:41+0200,6801fa27-1585-43c5-af49-29c528898ba2,2026-07-24T06:30:00Z,2026-07-24T08:30:00+0200,1560.34,MW,DK1,DK_1,actual_onshore_wind_generation,Wind Onshore,2026-08-21T06:40:18Z
2026-08-21T06:33:41Z,2026-08-21T08:33:41+0200,6801fa27-1585-43c5-af49-29c528898ba2,2026-07-24T06:45:00Z,2026-07-24T08:45:00+0200,1579.04,MW,DK1,DK_1,actual_onshore_wind_generation,Wind Onshore,2026-08-21T06:40:18Z
2026-08-21T06:33:41Z,2026-08-21T08:33:41+0200,6801fa27-1585-43c5-af49-29c528898ba2,2026-07-24T07:00:00Z,2026-07-24T09:00:00+0200,1625.9,MW,DK1,DK_1,actual_onshore_wind_generation,Wind Onshore,2026-08-21T06:40:18Z
2026-08-21T06:33:41Z,2026-08-21T08:33:41+0200,6801fa27-1585-43c5-af49-29c528898ba2,2026-07-24T07:15:00Z,2026-07-24T09:15:00+0200,1641.17,MW,DK1,DK_1,actual_onshore_wind_generation,Wind Onshore,2026-08-21T06:40:18Z
2026-08-21T06:33:41Z,2026-08-21T08:33:41+0200,6801fa27-1585-43c5-af49-29c528898ba2,2026-07-24T07:30:00Z,2026-07-24T09:30:00+0200,1687.41,MW,DK1,DK_1,actual_onshore_wind_generation,Wind Onshore,2026-08-21T06:40:18Z
2026-08-21T06:33:41Z,2026-08-21T08:33:41+0200,6801fa27-1585-43c5-af49-29c528898ba2,2026-07-24T07:45:00Z,2026-07-24T09:45:00+0200,1681.48,MW,DK1,DK_1,actual_onshore_wind_generation,Wind Onshore,2026-08-21T06:40:18Z
2026-08-21T06:33:41Z,2026-08-21T08:33:41+0200,6801fa27-1585-43c5-af49-29c528898ba2,2026-07-24T08:00:00Z,2026-07-24T10:00:00+0200,1721.33,MW,DK1,DK_1,actual_onshore_wind_generation,Wind Onshore,2026-08-21T06:40:18Z
2026-08-21T06:33:41Z,2026-08-21T08:33:41+0200,6801fa27-1585-43c5-af49-29c528898ba2,2026-07-24T08:15:00Z,2026-07-24T10:15:00+0200,1740.89,MW,DK1,DK_1,actual_onshore_wind_generation,Wind Onshore,2026-08-21T06:40:18Z
2026-08-21T06:33:41Z,2026-08-21T08:33:41+0200,6801fa27-1585-43c5-af49-29c528898ba2,2026-07-24T08:30:00Z,2026-07-24T10:30:00+0200,1743.14,MW,DK1,DK_1,actual_onshore_wind_generation,Wind Onshore,2026-08-21T06:40:18Z
2026-08-21T06:33:41Z,2026-08-21T08:33:41+0200,6801fa27-1585-43c5-af49-29c528898ba2,2026-07-24T08:45:00Z,2026-07-24T10:45:00+0200,1752.05,MW,DK1,DK_1,actual_onshore_wind_generation,Wind Onshore,2026-08-21T06:40:18Z
2026-08-21T06:33:41Z,2026-08-21T08:33:41+0200,6801fa27-1585-43c5-af49-29c528898ba2,2026-07-24T09:00:00Z,2026-07-24T11:00:00+0200,1706.23,MW,DK1,DK_1,actual_onshore_wind_generation,Wind Onshore,2026-08-21T06:40:18Z
2026-08-21T06:33:41Z,2026-08-21T08:33:41+0200,6801fa27-1585-43c5-af49-29c528898ba2,2026-07-24T09:15:00Z,2026-07-24T11:15:00+0200,1686.03,MW,DK1,DK_1,actual_onshore_wind_generation,Wind Onshore,2026-08-21T06:40:18Z
2026-08-21T06:33:41Z,2026-08-21T08:33:41+0200,6801fa27-1585-43c5-af49-29c528898ba2,2026-07-24T09:30:00Z,2026-07-24T11:30:00+0200,1664.19,MW,DK1,DK_1,actual_onshore_wind_generation,Wind Onshore,2026-08-21T06:40:18Z
2026-08-21T06:33:41Z,2026-08-21T08:33:41+0200,6801fa27-1585-43c5-af49-29c528898ba2,2026-07-24T09:45:00Z,2026-07-24T11:45:00+0200,1648.32,MW,DK1,DK_1,actual_onshore_wind_generation,Wind Onshore,2026-08-21T06:40:18Z
2026-08-21T06:33:41Z,2026-08-21T08:33:41+0200,6801fa27-1585-43c5-af49-29c528898ba2,2026-07-24T10:00:00Z,2026-07-24T12:00:00+0200,1670.32,MW,DK1,DK_1,actual_onshore_wind_generation,Wind Onshore,2026-08-21T06:40:18Z
2026-08-21T06:33:41Z,2026-08-21T08:33:41+0200,6801fa27-1585-43c5-af49-29c528898ba2,2026-07-24T10:15:00Z,2026-07-24T12:15:00+0200,1653.63,MW,DK1,DK_1,actual_onshore_wind_generation,Wind Onshore,2026-08-21T06:40:18Z
2026-08-21T06:33:41Z,2026-08-21T08:33:41+0200,6801fa27-1585-43c5-af49-29c528898ba2,2026-07-24T10:30:00Z,2026-07-24T12:30:00+0200,1589.78,MW,DK1,DK_1,actual_onshore_wind_generation,Wind Onshore,2026-08-21T06:40:18Z
2026-08-21T06:33:41Z,2026-08-21T08:33:41+0200,6801fa27-1585-43c5-af49-29c528898ba2,2026-07-24T10:45:00Z,2026-07-24T12:45:00+0200,1568.97,MW,DK1,DK_1,actual_onshore_wind_generation,Wind Onshore,2026-08-21T06:40:18Z
2026-08-21T06:33:41Z,2026-08-21T08:33:41+0200,6801fa27-1585-43c5-af49-29c528898ba2,2026-07-24T11:00:00Z,2026-07-24T13:00:00+0200,1593.03,MW,DK1,DK_1,actual_onshore_wind_generation,Wind Onshore,2026-08-21T06:40:18Z
2026-08-21T06:33:41Z,2026-08-21T08:33:41+0200,6801fa27-1585-43c5-af49-29c528898ba2,2026-07-24T11:15:00Z,2026-07-24T13:15:00+0200,1498.98,MW,DK1,DK_1,actual_onshore_wind_generation,Wind Onshore,2026-08-21T06:40:18Z
2026-08-21T06:33:41Z,2026-08-21T08:33:41+0200,6801fa27-1585-43c5-af49-29c528898ba2,2026-07-24T11:30:00Z,2026-07-24T13:30:00+0200,1422.28,MW,DK1,DK_1,actual_onshore_wind_generation,Wind Onshore,2026-08-21T06:40:18Z
2026-08-21T06:33:41Z,2026-08-21T08:33:41+0200,6801fa27-1585-43c5-af49-29c528898ba2,2026-07-24T11:45:00Z,2026-07-24T13:45:00+0200,1459.78,MW,DK1,DK_1,actual_onshore_wind_generation,Wind Onshore,2026-08-21T06:40:18Z
2026-08-21T06:33:41Z,2026-08-21T08:33:41+0200,6801fa27-1585-43c5-af49-29c528898ba2,2026-07-24T12:00:00Z,2026-07-24T14:00:00+0200,1452.68,MW,DK1,DK_1,actual_onshore_wind_generation,Wind Onshore,2026-08-21T06:40:18Z
2026-08-21T06:33:41Z,2026-08-21T08:33:41+0200,6801fa27-1585-43c5-af49-29c528898ba2,2026-07-24T12:15:00Z,2026-07-24T14:15:00+0200,1472.56,MW,DK1,DK_1,actual_onshore_wind_generation,Wind Onshore,2026-08-21T06:40:18Z
2026-08-21T06:33:41Z,2026-08-21T08:33:41+0200,6801fa27-1585-43c5-af49-29c528898ba2,2026-07-24T12:30:00Z,2026-07-24T14:30:00+0200,1532.14,MW,DK1,DK_1,actual_onshore_wind_generation,Wind Onshore,2026-08-21T06:40:18Z
2026-08-21T06:33:41Z,2026-08-21T08:33:41+0200,6801fa27-1585-43c5-af49-29c528898ba2,2026-07-24T12:45:00Z,2026-07-24T14:45:00+0200,1609.99,MW,DK1,DK_1,actual_onshore_wind_generation,Wind Onshore,2026-08-21T06:40:18Z
2026-08-21T06:33:41Z,2026-08-21T08:33:41+0200,6801fa27-1585-43c5-af49-29c528898ba2,2026-07-24T13:00:00Z,2026-07-24T15:00:00+0200,1566.62,MW,DK1,DK_1,actual_onshore_wind_generation,Wind Onshore,2026-08-21T06:40:18Z
2026-08-21T06:33:41Z,2026-08-21T08:33:41+0200,6801fa27-1585-43c5-af49-29c528898ba2,2026-07-24T13:15:00Z,2026-07-24T15:15:00+0200,1668.79,MW,DK1,DK_1,actual_onshore_wind_generation,Wind Onshore,2026-08-21T06:40:18Z
2026-08-21T06:33:41Z,2026-08-21T08:33:41+0200,6801fa27-1585-43c5-af49-29c528898ba2,2026-07-24T13:30:00Z,2026-07-24T15:30:00+0200,1802.38,MW,DK1,DK_1,actual_onshore_wind_generation,Wind Onshore,2026-08-21T06:40:18Z
2026-08-21T06:33:41Z,2026-08-21T08:33:41+0200,6801fa27-1585-43c5-af49-29c528898ba2,2026-07-24T13:45:00Z,2026-07-24T15:45:00+0200,1850.59,MW,DK1,DK_1,actual_onshore_wind_generation,Wind Onshore,2026-08-21T06:40:18Z
2026-08-21T06:33:41Z,2026-08-21T08:33:41+0200,6801fa27-1585-43c5-af49-29c528898ba2,2026-07-24T14:00:00Z,2026-07-24T16:00:00+0200,1929.28,MW,DK1,DK_1,actual_onshore_wind_generation,Wind Onshore,2026-08-21T06:40:18Z
2026-08-21T06:33:41Z,2026-08-21T08:33:41+0200,6801fa27-1585-43c5-af49-29c528898ba2,2026-07-24T14:15:00Z,2026-07-24T16:15:00+0200,1984.12,MW,DK1,DK_1,actual_onshore_wind_generation,Wind Onshore,2026-08-21T06:40:18Z
2026-08-21T06:33:41Z,2026-08-21T08:33:41+0200,6801fa27-1585-43c5-af49-29c528898ba2,2026-07-24T14:30:00Z,2026-07-24T16:30:00+0200,2069.08,MW,DK1,DK_1,actual_onshore_wind_generation,Wind Onshore,2026-08-21T06:40:18Z
2026-08-21T06:33:41Z,2026-08-21T08:33:41+0200,6801fa27-1585-43c5-af49-29c528898ba2,2026-07-24T14:45:00Z,2026-07-24T16:45:00+0200,2118.63,MW,DK1,DK_1,actual_onshore_wind_generation,Wind Onshore,2026-08-21T06:40:18Z
2026-08-21T06:33:41Z,2026-08-21T08:33:41+0200,6801fa27-1585-43c5-af49-29c528898ba2,2026-07-24T15:00:00Z,2026-07-24T17:00:00+0200,2184.19,MW,DK1,DK_1,actual_onshore_wind_generation,Wind Onshore,2026-08-21T06:40:18Z
2026-08-21T06:33:41Z,2026-08-21T08:33:41+0200,6801fa27-1585-43c5-af49-29c528898ba2,2026-07-24T15:15:00Z,2026-07-24T17:15:00+0200,2166.04,MW,DK1,DK_1,actual_onshore_wind_generation,Wind Onshore,2026-08-21T06:40:18Z
2026-08-21T06:33:41Z,2026-08-21T08:33:41+0200,6801fa27-1585-43c5-af49-29c528898ba2,2026-07-24T15:30:00Z,2026-07-24T17:30:00+0200,2160.77,MW,DK1,DK_1,actual_onshore_wind_generation,Wind Onshore,2026-08-21T06:40:18Z
2026-08-21T06:33:41Z,2026-08-21T08:33:41+0200,6801fa27-1585-43c5-af49-29c528898ba2,2026-07-24T15:45:00Z,2026-07-24T17:45:00+0200,2152.94,MW,DK1,DK_1,actual_onshore_wind_generation,Wind Onshore,2026-08-21T06:40:18Z
2026-08-21T06:33:41Z,2026-08-21T08:33:41+0200,6801fa27-1585-43c5-af49-29c528898ba2,2026-07-24T16:00:00Z,2026-07-24T18:00:00+0200,2169.59,MW,DK1,DK_1,actual_onshore_wind_generation,Wind Onshore,2026-08-21T06:40:18Z
2026-08-21T06:33:41Z,2026-08-21T08:33:41+0200,6801fa27-1585-43c5-af49-29c528898ba2,2026-07-24T16:15:00Z,2026-07-24T18:15:00+0200,2186.44,MW,DK1,DK_1,actual_onshore_wind_generation,Wind Onshore,2026-08-21T06:40:18Z
2026-08-21T06:33:41Z,2026-08-21T08:33:41+0200,6801fa27-1585-43c5-af49-29c528898ba2,2026-07-24T16:30:00Z,2026-07-24T18:30:00+0200,2189.31,MW,DK1,DK_1,actual_onshore_wind_generation,Wind Onshore,2026-08-21T06:40:18Z
2026-08-21T06:33:41Z,2026-08-21T08:33:41+0200,6801fa27-1585-43c5-af49-29c528898ba2,2026-07-24T16:45:00Z,2026-07-24T18:45:00+0200,2152.96,MW,DK1,DK_1,actual_onshore_wind_generation,Wind Onshore,2026-08-21T06:40:18Z
2026-08-21T06:33:41Z,2026-08-21T08:33:41+0200,6801fa27-1585-43c5-af49-29c528898ba2,2026-07-24T17:00:00Z,2026-07-24T19:00:00+0200,2116.58,MW,DK1,DK_1,actual_onshore_wind_generation,Wind Onshore,2026-08-21T06:40:18Z
2026-08-21T06:33:41Z,2026-08-21T08:33:41+0200,6801fa27-1585-43c5-af49-29c528898ba2,2026-07-24T17:15:00Z,2026-07-24T19:15:00+0200,1992.5,MW,DK1,DK_1,actual_onshore_wind_generation,Wind Onshore,2026-08-21T06:40:18Z
2026-08-21T06:33:41Z,2026-08-21T08:33:41+0200,6801fa27-1585-43c5-af49-29c528898ba2,2026-07-24T17:30:00Z,2026-07-24T19:30:00+0200,1925.83,MW,DK1,DK_1,actual_onshore_wind_generation,Wind Onshore,2026-08-21T06:40:18Z
2026-08-21T06:33:41Z,2026-08-21T08:33:41+0200,6801fa27-1585-43c5-af49-29c528898ba2,2026-07-24T17:45:00Z,2026-07-24T19:45:00+0200,1837.72,MW,DK1,DK_1,actual_onshore_wind_generation,Wind Onshore,2026-08-21T06:40:18Z
2026-08-21T06:33:41Z,2026-08-21T08:33:41+0200,6801fa27-1585-43c5-af49-29c528898ba2,2026-07-24T18:00:00Z,2026-07-24T20:00:00+0200,1756.88,MW,DK1,DK_1,actual_onshore_wind_generation,Wind Onshore,2026-08-21T06:40:18Z
2026-08-21T06:33:41Z,2026-08-21T08:33:41+0200,6801fa27-1585-43c5-af49-29c528898ba2,2026-07-24T18:15:00Z,2026-07-24T20:15:00+0200,1614.55,MW,DK1,DK_1,actual_onshore_wind_generation,Wind Onshore,2026-08-21T06:40:18Z
2026-08-21T06:33:41Z,2026-08-21T08:33:41+0200,6801fa27-1585-43c5-af49-29c528898ba2,2026-07-24T18:30:00Z,2026-07-24T20:30:00+0200,1512.95,MW,DK1,DK_1,actual_onshore_wind_generation,Wind Onshore,2026-08-21T06:40:18Z
2026-08-21T06:33:41Z,2026-08-21T08:33:41+0200,6801fa27-1585-43c5-af49-29c528898ba2,2026-07-24T18:45:00Z,2026-07-24T20:45:00+0200,1408.7,MW,DK1,DK_1,actual_onshore_wind_generation,Wind Onshore,2026-08-21T06:40:18Z
2026-08-21T06:33:41Z,2026-08-21T08:33:41+0200,6801fa27-1585-43c5-af49-29c528898ba2,2026-07-24T19:00:00Z,2026-07-24T21:00:00+0200,1319.74,MW,DK1,DK_1,actual_onshore_wind_generation,Wind Onshore,2026-08-21T06:40:18Z
2026-08-21T06:33:41Z,2026-08-21T08:33:41+0200,6801fa27-1585-43c5-af49-29c528898ba2,2026-07-24T19:15:00Z,2026-07-24T21:15:00+0200,1240.86,MW,DK1,DK_1,actual_onshore_wind_generation,Wind Onshore,2026-08-21T06:40:18Z
2026-08-21T06:33:41Z,2026-08-21T08:33:41+0200,6801fa27-1585-43c5-af49-29c528898ba2,2026-07-24T19:30:00Z,2026-07-24T21:30:00+0200,1188.51,MW,DK1,DK_1,actual_onshore_wind_generation,Wind Onshore,2026-08-21T06:40:18Z
2026-08-21T06:33:41Z,2026-08-21T08:33:41+0200,6801fa27-1585-43c5-af49-29c528898ba2,2026-07-24T19:45:00Z,2026-07-24T21:45:00+0200,1111.92,MW,DK1,DK_1,actual_onshore_wind_generation,Wind Onshore,2026-08-21T06:40:18Z
2026-08-21T06:33:41Z,2026-08-21T08:33:41+0200,6801fa27-1585-43c5-af49-29c528898ba2,2026-07-24T20:00:00Z,2026-07-24T22:00:00+0200,1015.78,MW,DK1,DK_1,actual_onshore_wind_generation,Wind Onshore,2026-08-21T06:40:18Z
2026-08-21T06:33:41Z,2026-08-21T08:33:41+0200,6801fa27-1585-43c5-af49-29c528898ba2,2026-07-24T20:15:00Z,2026-07-24T22:15:00+0200,973.139,MW,DK1,DK_1,actual_onshore_wind_generation,Wind Onshore,2026-08-21T06:40:18Z
2026-08-21T06:33:41Z,2026-08-21T08:33:41+0200,6801fa27-1585-43c5-af49-29c528898ba2,2026-07-24T20:30:00Z,2026-07-24T22:30:00+0200,912.163,MW,DK1,DK_1,actual_onshore_wind_generation,Wind Onshore,2026-08-21T06:40:18Z
2026-08-21T06:33:41Z,2026-08-21T08:33:41+0200,6801fa27-1585-43c5-af49-29c528898ba2,2026-07-24T20:45:00Z,2026-07-24T22:45:00+0200,876.038,MW,DK1,DK_1,actual_onshore_wind_generation,Wind Onshore,2026-08-21T06:40:18Z
2026-08-21T06:33:41Z,2026-08-21T08:33:41+0200,6801fa27-1585-43c5-af49-29c528898ba2,2026-07-24T21:00:00Z,2026-07-24T23:00:00+0200,834.763,MW,DK1,DK_1,actual_onshore_wind_generation,Wind Onshore,2026-08-21T06:40:18Z
2026-08-21T06:33:41Z,2026-08-21T08:33:41+0200,6801fa27-1585-43c5-af49-29c528898ba2,2026-07-24T21:15:00Z,2026-07-24T23:15:00+0200,779.812,MW,DK1,DK_1,actual_onshore_wind_generation,Wind Onshore,2026-08-21T06:40:18Z
2026-08-21T06:33:41Z,2026-08-21T08:33:41+0200,6801fa27-1585-43c5-af49-29c528898ba2,2026-07-24T21:30:00Z,2026-07-24T23:30:00+0200,739.038,MW,DK1,DK_1,actual_onshore_wind_generation,Wind Onshore,2026-08-21T06:40:18Z
2026-08-21T06:33:41Z,2026-08-21T08:33:41+0200,6801fa27-1585-43c5-af49-29c528898ba2,2026-07-24T21:45:00Z,2026-07-24T23:45:00+0200,713.195,MW,DK1,DK_1,actual_onshore_wind_generation,Wind Onshore,2026-08-21T06:40:18Z
2026-08-21T06:33:41Z,2026-08-21T08:33:41+0200,6801fa27-1585-43c5-af49-29c528898ba2,2026-07-24T22:00:00Z,2026-07-25T00:00:00+0200,709.725,MW,DK1,DK_1,actual_onshore_wind_generation,Wind Onshore,2026-08-21T06:40:18Z
2026-08-21T06:33:41Z,2026-08-21T08:33:41+0200,6801fa27-1585-43c5-af49-29c528898ba2,2026-07-24T22:15:00Z,2026-07-25T00:15:00+0200,691.274,MW,DK1,DK_1,actual_onshore_wind_generation,Wind Onshore,2026-08-21T06:40:18Z
2026-08-21T06:33:41Z,2026-08-21T08:33:41+0200,6801fa27-1585-43c5-af49-29c528898ba2,2026-07-24T22:30:00Z,2026-07-25T00:30:00+0200,718.183,MW,DK1,DK_1,actual_onshore_wind_generation,Wind Onshore,2026-08-21T06:40:18Z
2026-08-21T06:33:41Z,2026-08-21T08:33:41+0200,6801fa27-1585-43c5-af49-29c528898ba2,2026-07-24T22:45:00Z,2026-07-25T00:45:00+0200,700.063,MW,DK1,DK_1,actual_onshore_wind_generation,Wind Onshore,2026-08-21T06:40:18Z
2026-08-21T06:33:41Z,2026-08-21T08:33:41+0200,6801fa27-1585-43c5-af49-29c528898ba2,2026-07-24T23:00:00Z,2026-07-25T01:00:00+0200,663.971,MW,DK1,DK_1,actual_onshore_wind_generation,Wind Onshore,2026-08-21T06:40:18Z
2026-08-21T06:33:41Z,2026-08-21T08:33:41+0200,6801fa27-1585-43c5-af49-29c528898ba2,2026-07-24T23:15:00Z,2026-07-25T01:15:00+0200,676.966,MW,DK1,DK_1,actual_onshore_wind_generation,Wind Onshore,2026-08-21T06:40:18Z
2026-08-21T06:33:41Z,2026-08-21T08:33:41+0200,6801fa27-1585-43c5-af49-29c528898ba2,2026-07-24T23:30:00Z,2026-07-25T01:30:00+0200,716.215,MW,DK1,DK_1,actual_onshore_wind_generation,Wind Onshore,2026-08-21T06:40:18Z
2026-08-21T06:33:41Z,2026-08-21T08:33:41+0200,6801fa27-1585-43c5-af49-29c528898ba2,2026-07-24T23:45:00Z,2026-07-25T01:45:00+0200,700.653,MW,DK1,DK_1,actual_onshore_wind_generation,Wind Onshore,2026-08-21T06:40:18Z
2026-08-21T06:33:41Z,2026-08-21T08:33:41+0200,6801fa27-1585-43c5-af49-29c528898ba2,2026-07-25T00:00:00Z,2026-07-25T02:00:00+0200,679.34,MW,DK1,DK_1,actual_onshore_wind_generation,Wind Onshore,2026-08-21T06:40:18Z
2026-08-21T06:33:41Z,2026-08-21T08:33:41+0200,6801fa27-1585-43c5-af49-29c528898ba2,2026-07-25T00:15:00Z,2026-07-25T02:15:00+0200,677.653,MW,DK1,DK_1,actual_onshore_wind_generation,Wind Onshore,2026-08-21T06:40:18Z
2026-08-21T06:33:41Z,2026-08-21T08:33:41+0200,6801fa27-1585-43c5-af49-29c528898ba2,2026-07-25T00:30:00Z,2026-07-25T02:30:00+0200,717.156,MW,DK1,DK_1,actual_onshore_wind_generation,Wind Onshore,2026-08-21T06:40:18Z
2026-08-21T06:33:41Z,2026-08-21T08:33:41+0200,6801fa27-1585-43c5-af49-29c528898ba2,2026-07-25T00:45:00Z,2026-07-25T02:45:00+0200,732.765,MW,DK1,DK_1,actual_onshore_wind_generation,Wind Onshore,2026-08-21T06:40:18Z
2026-08-21T06:33:41Z,2026-08-21T08:33:41+0200,6801fa27-1585-43c5-af49-29c528898ba2,2026-07-25T01:00:00Z,2026-07-25T03:00:00+0200,772.334,MW,DK1,DK_1,actual_onshore_wind_generation,Wind Onshore,2026-08-21T06:40:18Z
2026-08-21T06:33:41Z,2026-08-21T08:33:41+0200,6801fa27-1585-43c5-af49-29c528898ba2,2026-07-25T01:15:00Z,2026-07-25T03:15:00+0200,841.554,MW,DK1,DK_1,actual_onshore_wind_generation,Wind Onshore,2026-08-21T06:40:18Z
2026-08-21T06:33:41Z,2026-08-21T08:33:41+0200,6801fa27-1585-43c5-af49-29c528898ba2,2026-07-25T01:30:00Z,2026-07-25T03:30:00+0200,866.241,MW,DK1,DK_1,actual_onshore_wind_generation,Wind Onshore,2026-08-21T06:40:18Z
2026-08-21T06:33:41Z,2026-08-21T08:33:41+0200,6801fa27-1585-43c5-af49-29c528898ba2,2026-07-25T01:45:00Z,2026-07-25T03:45:00+0200,864.743,MW,DK1,DK_1,actual_onshore_wind_generation,Wind Onshore,2026-08-21T06:40:18Z
2026-08-21T06:33:41Z,2026-08-21T08:33:41+0200,6801fa27-1585-43c5-af49-29c528898ba2,2026-07-25T02:00:00Z,2026-07-25T04:00:00+0200,865.112,MW,DK1,DK_1,actual_onshore_wind_generation,Wind Onshore,2026-08-21T06:40:18Z
2026-08-21T06:33:41Z,2026-08-21T08:33:41+0200,6801fa27-1585-43c5-af49-29c528898ba2,2026-07-25T02:15:00Z,2026-07-25T04:15:00+0200,891.109,MW,DK1,DK_1,actual_onshore_wind_generation,Wind Onshore,2026-08-21T06:40:18Z
2026-08-21T06:33:41Z,2026-08-21T08:33:41+0200,6801fa27-1585-43c5-af49-29c528898ba2,2026-07-25T02:30:00Z,2026-07-25T04:30:00+0200,858.604,MW,DK1,DK_1,actual_onshore_wind_generation,Wind Onshore,2026-08-21T06:40:18Z
2026-08-21T06:33:41Z,2026-08-21T08:33:41+0200,6801fa27-1585-43c5-af49-29c528898ba2,2026-07-25T02:45:00Z,2026-07-25T04:45:00+0200,846.174,MW,DK1,DK_1,actual_onshore_wind_generation,Wind Onshore,2026-08-21T06:40:18Z
2026-08-21T06:33:41Z,2026-08-21T08:33:41+0200,6801fa27-1585-43c5-af49-29c528898ba2,2026-07-25T03:00:00Z,2026-07-25T05:00:00+0200,858.109,MW,DK1,DK_1,actual_onshore_wind_generation,Wind Onshore,2026-08-21T06:40:18Z
2026-08-21T06:33:41Z,2026-08-21T08:33:41+0200,6801fa27-1585-43c5-af49-29c528898ba2,2026-07-25T03:15:00Z,2026-07-25T05:15:00+0200,878.029,MW,DK1,DK_1,actual_onshore_wind_generation,Wind Onshore,2026-08-21T06:40:18Z
2026-08-21T06:33:41Z,2026-08-21T08:33:41+0200,6801fa27-1585-43c5-af49-29c528898ba2,2026-07-25T03:30:00Z,2026-07-25T05:30:00+0200,892.325,MW,DK1,DK_1,actual_onshore_wind_generation,Wind Onshore,2026-08-21T06:40:18Z
2026-08-21T06:33:41Z,2026-08-21T08:33:41+0200,6801fa27-1585-43c5-af49-29c528898ba2,2026-07-25T03:45:00Z,2026-07-25T05:45:00+0200,888.658,MW,DK1,DK_1,actual_onshore_wind_generation,Wind Onshore,2026-08-21T06:40:18Z
2026-08-21T06:33:41Z,2026-08-21T08:33:41+0200,6801fa27-1585-43c5-af49-29c528898ba2,2026-07-25T04:00:00Z,2026-07-25T06:00:00+0200,849.492,MW,DK1,DK_1,actual_onshore_wind_generation,Wind Onshore,2026-08-21T06:40:18Z
2026-08-21T06:33:41Z,2026-08-21T08:33:41+0200,6801fa27-1585-43c5-af49-29c528898ba2,2026-07-25T04:15:00Z,2026-07-25T06:15:00+0200,828.163,MW,DK1,DK_1,actual_onshore_wind_generation,Wind Onshore,2026-08-21T06:40:18Z
2026-08-21T06:33:41Z,2026-08-21T08:33:41+0200,6801fa27-1585-43c5-af49-29c528898ba2,2026-07-25T04:30:00Z,2026-07-25T06:30:00+0200,789.533,MW,DK1,DK_1,actual_onshore_wind_generation,Wind Onshore,2026-08-21T06:40:18Z
2026-08-21T06:33:41Z,2026-08-21T08:33:41+0200,6801fa27-1585-43c5-af49-29c528898ba2,2026-07-25T04:45:00Z,2026-07-25T06:45:00+0200,767.101,MW,DK1,DK_1,actual_onshore_wind_generation,Wind Onshore,2026-08-21T06:40:18Z
2026-08-21T06:33:41Z,2026-08-21T08:33:41+0200,6801fa27-1585-43c5-af49-29c528898ba2,2026-07-25T05:00:00Z,2026-07-25T07:00:00+0200,760.734,MW,DK1,DK_1,actual_onshore_wind_generation,Wind Onshore,2026-08-21T06:40:18Z
2026-08-21T06:33:41Z,2026-08-21T08:33:41+0200,6801fa27-1585-43c5-af49-29c528898ba2,2026-07-25T05:15:00Z,2026-07-25T07:15:00+0200,774.908,MW,DK1,DK_1,actual_onshore_wind_generation,Wind Onshore,2026-08-21T06:40:18Z
2026-08-21T06:33:41Z,2026-08-21T08:33:41+0200,6801fa27-1585-43c5-af49-29c528898ba2,2026-07-25T05:30:00Z,2026-07-25T07:30:00+0200,822.811,MW,DK1,DK_1,actual_onshore_wind_generation,Wind Onshore,2026-08-21T06:40:18Z
2026-08-21T06:33:41Z,2026-08-21T08:33:41+0200,6801fa27-1585-43c5-af49-29c528898ba2,2026-07-25T05:45:00Z,2026-07-25T07:45:00+0200,897.399,MW,DK1,DK_1,actual_onshore_wind_generation,Wind Onshore,2026-08-21T06:40:18Z
2026-08-21T06:33:41Z,2026-08-21T08:33:41+0200,6801fa27-1585-43c5-af49-29c528898ba2,2026-07-25T06:00:00Z,2026-07-25T08:00:00+0200,967.401,MW,DK1,DK_1,actual_onshore_wind_generation,Wind Onshore,2026-08-21T06:40:18Z
2026-08-21T06:33:41Z,2026-08-21T08:33:41+0200,6801fa27-1585-43c5-af49-29c528898ba2,2026-07-25T06:15:00Z,2026-07-25T08:15:00+0200,1039.09,MW,DK1,DK_1,actual_onshore_wind_generation,Wind Onshore,2026-08-21T06:40:18Z
2026-08-21T06:33:41Z,2026-08-21T08:33:41+0200,6801fa27-1585-43c5-af49-29c528898ba2,2026-07-25T06:30:00Z,2026-07-25T08:30:00+0200,1051.62,MW,DK1,DK_1,actual_onshore_wind_generation,Wind Onshore,2026-08-21T06:40:18Z
2026-08-21T06:33:41Z,2026-08-21T08:33:41+0200,6801fa27-1585-43c5-af49-29c528898ba2,2026-07-25T06:45:00Z,2026-07-25T08:45:00+0200,1083.71,MW,DK1,DK_1,actual_onshore_wind_generation,Wind Onshore,2026-08-21T06:40:18Z
2026-08-21T06:33:41Z,2026-08-21T08:33:41+0200,6801fa27-1585-43c5-af49-29c528898ba2,2026-07-25T07:00:00Z,2026-07-25T09:00:00+0200,1077.66,MW,DK1,DK_1,actual_onshore_wind_generation,Wind Onshore,2026-08-21T06:40:18Z
2026-08-21T06:33:41Z,2026-08-21T08:33:41+0200,6801fa27-1585-43c5-af49-29c528898ba2,2026-07-25T07:15:00Z,2026-07-25T09:15:00+0200,945.248,MW,DK1,DK_1,actual_onshore_wind_generation,Wind Onshore,2026-08-21T06:40:18Z
2026-08-21T06:33:41Z,2026-08-21T08:33:41+0200,6801fa27-1585-43c5-af49-29c528898ba2,2026-07-25T07:30:00Z,2026-07-25T09:30:00+0200,834.504,MW,DK1,DK_1,actual_onshore_wind_generation,Wind Onshore,2026-08-21T06:40:18Z
2026-08-21T06:33:41Z,2026-08-21T08:33:41+0200,6801fa27-1585-43c5-af49-29c528898ba2,2026-07-25T07:45:00Z,2026-07-25T09:45:00+0200,907.076,MW,DK1,DK_1,actual_onshore_wind_generation,Wind Onshore,2026-08-21T06:40:18Z
2026-08-21T06:33:41Z,2026-08-21T08:33:41+0200,6801fa27-1585-43c5-af49-29c528898ba2,2026-07-25T08:00:00Z,2026-07-25T10:00:00+0200,916.751,MW,DK1,DK_1,actual_onshore_wind_generation,Wind Onshore,2026-08-21T06:40:18Z
2026-08-21T06:33:41Z,2026-08-21T08:33:41+0200,6801fa27-1585-43c5-af49-29c528898ba2,2026-07-25T08:15:00Z,2026-07-25T10:15:00+0200,900.0,MW,DK1,DK_1,actual_onshore_wind_generation,Wind Onshore,2026-08-21T06:40:18Z
2026-08-21T06:33:41Z,2026-08-21T08:33:41+0200,6801fa27-1585-43c5-af49-29c528898ba2,2026-07-25T08:30:00Z,2026-07-25T10:30:00+0200,972.309,MW,DK1,DK_1,actual_onshore_wind_generation,Wind Onshore,2026-08-21T06:40:18Z
2026-08-21T06:33:41Z,2026-08-21T08:33:41+0200,6801fa27-1585-43c5-af49-29c528898ba2,2026-07-25T08:45:00Z,2026-07-25T10:45:00+0200,1088.93,MW,DK1,DK_1,actual_onshore_wind_generation,Wind Onshore,2026-08-21T06:40:18Z
2026-08-21T06:33:41Z,2026-08-21T08:33:41+0200,6801fa27-1585-43c5-af49-29c528898ba2,2026-07-25T09:00:00Z,2026-07-25T11:00:00+0200,1208.19,MW,DK1,DK_1,actual_onshore_wind_generation,Wind Onshore,2026-08-21T06:40:18Z
2026-08-21T06:33:41Z,2026-08-21T08:33:41+0200,6801fa27-1585-43c5-af49-29c528898ba2,2026-07-25T09:15:00Z,2026-07-25T11:15:00+0200,1197.17,MW,DK1,DK_1,actual_onshore_wind_generation,Wind Onshore,2026-08-21T06:40:18Z
2026-08-21T06:33:41Z,2026-08-21T08:33:41+0200,6801fa27-1585-43c5-af49-29c528898ba2,2026-07-25T09:30:00Z,2026-07-25T11:30:00+0200,1136.36,MW,DK1,DK_1,actual_onshore_wind_generation,Wind Onshore,2026-08-21T06:40:18Z
2026-08-21T06:33:41Z,2026-08-21T08:33:41+0200,6801fa27-1585-43c5-af49-29c528898ba2,2026-07-25T09:45:00Z,2026-07-25T11:45:00+0200,1138.47,MW,DK1,DK_1,actual_onshore_wind_generation,Wind Onshore,2026-08-21T06:40:18Z
2026-08-21T06:33:41Z,2026-08-21T08:33:41+0200,6801fa27-1585-43c5-af49-29c528898ba2,2026-07-25T10:00:00Z,2026-07-25T12:00:00+0200,1204.25,MW,DK1,DK_1,actual_onshore_wind_generation,Wind Onshore,2026-08-21T06:40:18Z
2026-08-21T06:33:41Z,2026-08-21T08:33:41+0200,6801fa27-1585-43c5-af49-29c528898ba2,2026-07-25T10:15:00Z,2026-07-25T12:15:00+0200,1185.82,MW,DK1,DK_1,actual_onshore_wind_generation,Wind Onshore,2026-08-21T06:40:18Z
2026-08-21T06:33:41Z,2026-08-21T08:33:41+0200,6801fa27-1585-43c5-af49-29c528898ba2,2026-07-25T10:30:00Z,2026-07-25T12:30:00+0200,1295.82,MW,DK1,DK_1,actual_onshore_wind_generation,Wind Onshore,2026-08-21T06:40:18Z
2026-08-21T06:33:41Z,2026-08-21T08:33:41+0200,6801fa27-1585-43c5-af49-29c528898ba2,2026-07-25T10:45:00Z,2026-07-25T12:45:00+0200,1159.95,MW,DK1,DK_1,actual_onshore_wind_generation,Wind Onshore,2026-08-21T06:40:18Z
2026-08-21T06:33:41Z,2026-08-21T08:33:41+0200,6801fa27-1585-43c5-af49-29c528898ba2,2026-07-25T11:00:00Z,2026-07-25T13:00:00+0200,1170.36,MW,DK1,DK_1,actual_onshore_wind_generation,Wind Onshore,2026-08-21T06:40:18Z
2026-08-21T06:33:41Z,2026-08-21T08:33:41+0200,6801fa27-1585-43c5-af49-29c528898ba2,2026-07-25T11:15:00Z,2026-07-25T13:15:00+0200,1257.73,MW,DK1,DK_1,actual_onshore_wind_generation,Wind Onshore,2026-08-21T06:40:18Z
2026-08-21T06:33:41Z,2026-08-21T08:33:41+0200,6801fa27-1585-43c5-af49-29c528898ba2,2026-07-25T11:30:00Z,2026-07-25T13:30:00+0200,1393.51,MW,DK1,DK_1,actual_onshore_wind_generation,Wind Onshore,2026-08-21T06:40:18Z
2026-08-21T06:33:41Z,2026-08-21T08:33:41+0200,6801fa27-1585-43c5-af49-29c528898ba2,2026-07-25T11:45:00Z,2026-07-25T13:45:00+0200,1387.01,MW,DK1,DK_1,actual_onshore_wind_generation,Wind Onshore,2026-08-21T06:40:18Z
2026-08-21T06:33:41Z,2026-08-21T08:33:41+0200,6801fa27-1585-43c5-af49-29c528898ba2,2026-07-25T12:00:00Z,2026-07-25T14:00:00+0200,1423.13,MW,DK1,DK_1,actual_onshore_wind_generation,Wind Onshore,2026-08-21T06:40:18Z
2026-08-21T06:33:41Z,2026-08-21T08:33:41+0200,6801fa27-1585-43c5-af49-29c528898ba2,2026-07-25T12:15:00Z,2026-07-25T14:15:00+0200,1336.77,MW,DK1,DK_1,actual_onshore_wind_generation,Wind Onshore,2026-08-21T06:40:18Z
2026-08-21T06:33:41Z,2026-08-21T08:33:41+0200,6801fa27-1585-43c5-af49-29c528898ba2,2026-07-25T12:30:00Z,2026-07-25T14:30:00+0200,1460.47,MW,DK1,DK_1,actual_onshore_wind_generation,Wind Onshore,2026-08-21T06:40:18Z
2026-08-21T06:33:41Z,2026-08-21T08:33:41+0200,6801fa27-1585-43c5-af49-29c528898ba2,2026-07-25T12:45:00Z,2026-07-25T14:45:00+0200,1409.63,MW,DK1,DK_1,actual_onshore_wind_generation,Wind Onshore,2026-08-21T06:40:18Z
2026-08-21T06:33:41Z,2026-08-21T08:33:41+0200,6801fa27-1585-43c5-af49-29c528898ba2,2026-07-25T13:00:00Z,2026-07-25T15:00:00+0200,1445.03,MW,DK1,DK_1,actual_onshore_wind_generation,Wind Onshore,2026-08-21T06:40:18Z
2026-08-21T06:33:41Z,2026-08-21T08:33:41+0200,6801fa27-1585-43c5-af49-29c528898ba2,2026-07-25T13:15:00Z,2026-07-25T15:15:00+0200,1679.41,MW,DK1,DK_1,actual_onshore_wind_generation,Wind Onshore,2026-08-21T06:40:18Z
2026-08-21T06:33:41Z,2026-08-21T08:33:41+0200,6801fa27-1585-43c5-af49-29c528898ba2,2026-07-25T13:30:00Z,2026-07-25T15:30:00+0200,1653.7,MW,DK1,DK_1,actual_onshore_wind_generation,Wind Onshore,2026-08-21T06:40:18Z
2026-08-21T06:33:41Z,2026-08-21T08:33:41+0200,6801fa27-1585-43c5-af49-29c528898ba2,2026-07-25T13:45:00Z,2026-07-25T15:45:00+0200,1567.07,MW,DK1,DK_1,actual_onshore_wind_generation,Wind Onshore,2026-08-21T06:40:18Z
2026-08-21T06:33:41Z,2026-08-21T08:33:41+0200,6801fa27-1585-43c5-af49-29c528898ba2,2026-07-25T14:00:00Z,2026-07-25T16:00:00+0200,1494.99,MW,DK1,DK_1,actual_onshore_wind_generation,Wind Onshore,2026-08-21T06:40:18Z
2026-08-21T06:33:41Z,2026-08-21T08:33:41+0200,6801fa27-1585-43c5-af49-29c528898ba2,2026-07-25T14:15:00Z,2026-07-25T16:15:00+0200,1465.17,MW,DK1,DK_1,actual_onshore_wind_generation,Wind Onshore,2026-08-21T06:40:18Z
2026-08-21T06:33:41Z,2026-08-21T08:33:41+0200,6801fa27-1585-43c5-af49-29c528898ba2,2026-07-25T14:30:00Z,2026-07-25T16:30:00+0200,1635.69,MW,DK1,DK_1,actual_onshore_wind_generation,Wind Onshore,2026-08-21T06:40:18Z
2026-08-21T06:33:41Z,2026-08-21T08:33:41+0200,6801fa27-1585-43c5-af49-29c528898ba2,2026-07-25T14:45:00Z,2026-07-25T16:45:00+0200,1686.27,MW,DK1,DK_1,actual_onshore_wind_generation,Wind Onshore,2026-08-21T06:40:18Z
2026-08-21T06:33:41Z,2026-08-21T08:33:41+0200,6801fa27-1585-43c5-af49-29c528898ba2,2026-07-25T15:00:00Z,2026-07-25T17:00:00+0200,1732.89,MW,DK1,DK_1,actual_onshore_wind_generation,Wind Onshore,2026-08-21T06:40:18Z
2026-08-21T06:33:41Z,2026-08-21T08:33:41+0200,6801fa27-1585-43c5-af49-29c528898ba2,2026-07-25T15:15:00Z,2026-07-25T17:15:00+0200,1931.84,MW,DK1,DK_1,actual_onshore_wind_generation,Wind Onshore,2026-08-21T06:40:18Z
2026-08-21T06:33:41Z,2026-08-21T08:33:41+0200,6801fa27-1585-43c5-af49-29c528898ba2,2026-07-25T15:30:00Z,2026-07-25T17:30:00+0200,2030.96,MW,DK1,DK_1,actual_onshore_wind_generation,Wind Onshore,2026-08-21T06:40:18Z
2026-08-21T06:33:41Z,2026-08-21T08:33:41+0200,6801fa27-1585-43c5-af49-29c528898ba2,2026-07-25T15:45:00Z,2026-07-25T17:45:00+0200,2352.17,MW,DK1,DK_1,actual_onshore_wind_generation,Wind Onshore,2026-08-21T06:40:18Z
2026-08-21T06:33:41Z,2026-08-21T08:33:41+0200,6801fa27-1585-43c5-af49-29c528898ba2,2026-07-25T16:00:00Z,2026-07-25T18:00:00+0200,2401.86,MW,DK1,DK_1,actual_onshore_wind_generation,Wind Onshore,2026-08-21T06:40:18Z
2026-08-21T06:33:41Z,2026-08-21T08:33:41+0200,6801fa27-1585-43c5-af49-29c528898ba2,2026-07-25T16:15:00Z,2026-07-25T18:15:00+0200,2403.98,MW,DK1,DK_1,actual_onshore_wind_generation,Wind Onshore,2026-08-21T06:40:18Z
2026-08-21T06:33:41Z,2026-08-21T08:33:41+0200,6801fa27-1585-43c5-af49-29c528898ba2,2026-07-25T16:30:00Z,2026-07-25T18:30:00+0200,2380.74,MW,DK1,DK_1,actual_onshore_wind_generation,Wind Onshore,2026-08-21T06:40:18Z
2026-08-21T06:33:41Z,2026-08-21T08:33:41+0200,6801fa27-1585-43c5-af49-29c528898ba2,2026-07-25T16:45:00Z,2026-07-25T18:45:00+0200,2327.92,MW,DK1,DK_1,actual_onshore_wind_generation,Wind Onshore,2026-08-21T06:40:18Z
2026-08-21T06:33:41Z,2026-08-21T08:33:41+0200,6801fa27-1585-43c5-af49-29c528898ba2,2026-07-25T17:00:00Z,2026-07-25T19:00:00+0200,2284.63,MW,DK1,DK_1,actual_onshore_wind_generation,Wind Onshore,2026-08-21T06:40:18Z
2026-08-21T06:33:41Z,2026-08-21T08:33:41+0200,6801fa27-1585-43c5-af49-29c528898ba2,2026-07-25T17:15:00Z,2026-07-25T19:15:00+0200,2279.44,MW,DK1,DK_1,actual_onshore_wind_generation,Wind Onshore,2026-08-21T06:40:18Z
2026-08-21T06:33:41Z,2026-08-21T08:33:41+0200,6801fa27-1585-43c5-af49-29c528898ba2,2026-07-25T17:30:00Z,2026-07-25T19:30:00+0200,2214.33,MW,DK1,DK_1,actual_onshore_wind_generation,Wind Onshore,2026-08-21T06:40:18Z
2026-08-21T06:33:41Z,2026-08-21T08:33:41+0200,6801fa27-1585-43c5-af49-29c528898ba2,2026-07-25T17:45:00Z,2026-07-25T19:45:00+0200,2157.19,MW,DK1,DK_1,actual_onshore_wind_generation,Wind Onshore,2026-08-21T06:40:18Z
2026-08-21T06:33:41Z,2026-08-21T08:33:41+0200,6801fa27-1585-43c5-af49-29c528898ba2,2026-07-25T18:00:00Z,2026-07-25T20:00:00+0200,2048.85,MW,DK1,DK_1,actual_onshore_wind_generation,Wind Onshore,2026-08-21T06:40:18Z
2026-08-21T06:33:41Z,2026-08-21T08:33:41+0200,6801fa27-1585-43c5-af49-29c528898ba2,2026-07-25T18:15:00Z,2026-07-25T20:15:00+0200,1894.43,MW,DK1,DK_1,actual_onshore_wind_generation,Wind Onshore,2026-08-21T06:40:18Z
2026-08-21T06:33:41Z,2026-08-21T08:33:41+0200,6801fa27-1585-43c5-af49-29c528898ba2,2026-07-25T18:30:00Z,2026-07-25T20:30:00+0200,1768.4,MW,DK1,DK_1,actual_onshore_wind_generation,Wind Onshore,2026-08-21T06:40:18Z
2026-08-21T06:33:41Z,2026-08-21T08:33:41+0200,6801fa27-1585-43c5-af49-29c528898ba2,2026-07-25T18:45:00Z,2026-07-25T20:45:00+0200,1585.64,MW,DK1,DK_1,actual_onshore_wind_generation,Wind Onshore,2026-08-21T06:40:18Z
2026-08-21T06:33:41Z,2026-08-21T08:33:41+0200,6801fa27-1585-43c5-af49-29c528898ba2,2026-07-25T19:00:00Z,2026-07-25T21:00:00+0200,1472.82,MW,DK1,DK_1,actual_onshore_wind_generation,Wind Onshore,2026-08-21T06:40:18Z
2026-08-21T06:33:41Z,2026-08-21T08:33:41+0200,6801fa27-1585-43c5-af49-29c528898ba2,2026-07-25T19:15:00Z,2026-07-25T21:15:00+0200,1387.59,MW,DK1,DK_1,actual_onshore_wind_generation,Wind Onshore,2026-08-21T06:40:18Z
2026-08-21T06:33:41Z,2026-08-21T08:33:41+0200,6801fa27-1585-43c5-af49-29c528898ba2,2026-07-25T19:30:00Z,2026-07-25T21:30:00+0200,1348.33,MW,DK1,DK_1,actual_onshore_wind_generation,Wind Onshore,2026-08-21T06:40:18Z
2026-08-21T06:33:41Z,2026-08-21T08:33:41+0200,6801fa27-1585-43c5-af49-29c528898ba2,2026-07-25T19:45:00Z,2026-07-25T21:45:00+0200,1292.54,MW,DK1,DK_1,actual_onshore_wind_generation,Wind Onshore,2026-08-21T06:40:18Z
2026-08-21T06:33:41Z,2026-08-21T08:33:41+0200,6801fa27-1585-43c5-af49-29c528898ba2,2026-07-25T20:00:00Z,2026-07-25T22:00:00+0200,1245.03,MW,DK1,DK_1,actual_onshore_wind_generation,Wind Onshore,2026-08-21T06:40:18Z
2026-08-21T06:33:41Z,2026-08-21T08:33:41+0200,6801fa27-1585-43c5-af49-29c528898ba2,2026-07-25T20:15:00Z,2026-07-25T22:15:00+0200,1171.44,MW,DK1,DK_1,actual_onshore_wind_generation,Wind Onshore,2026-08-21T06:40:18Z
2026-08-21T06:33:41Z,2026-08-21T08:33:41+0200,6801fa27-1585-43c5-af49-29c528898ba2,2026-07-25T20:30:00Z,2026-07-25T22:30:00+0200,1145.08,MW,DK1,DK_1,actual_onshore_wind_generation,Wind Onshore,2026-08-21T06:40:18Z
2026-08-21T06:33:41Z,2026-08-21T08:33:41+0200,6801fa27-1585-43c5-af49-29c528898ba2,2026-07-25T20:45:00Z,2026-07-25T22:45:00+0200,1054.09,MW,DK1,DK_1,actual_onshore_wind_generation,Wind Onshore,2026-08-21T06:40:18Z
2026-08-21T06:33:41Z,2026-08-21T08:33:41+0200,6801fa27-1585-43c5-af49-29c528898ba2,2026-07-25T21:00:00Z,2026-07-25T23:00:00+0200,1009.85,MW,DK1,DK_1,actual_onshore_wind_generation,Wind Onshore,2026-08-21T06:40:18Z
2026-08-21T06:33:41Z,2026-08-21T08:33:41+0200,6801fa27-1585-43c5-af49-29c528898ba2,2026-07-25T21:15:00Z,2026-07-25T23:15:00+0200,1004.37,MW,DK1,DK_1,actual_onshore_wind_generation,Wind Onshore,2026-08-21T06:40:18Z
2026-08-21T06:33:41Z,2026-08-21T08:33:41+0200,6801fa27-1585-43c5-af49-29c528898ba2,2026-07-25T21:30:00Z,2026-07-25T23:30:00+0200,956.307,MW,DK1,DK_1,actual_onshore_wind_generation,Wind Onshore,2026-08-21T06:40:18Z
2026-08-21T06:33:41Z,2026-08-21T08:33:41+0200,6801fa27-1585-43c5-af49-29c528898ba2,2026-07-25T21:45:00Z,2026-07-25T23:45:00+0200,927.509,MW,DK1,DK_1,actual_onshore_wind_generation,Wind Onshore,2026-08-21T06:40:18Z
2026-08-21T06:33:41Z,2026-08-21T08:33:41+0200,6801fa27-1585-43c5-af49-29c528898ba2,2026-07-25T22:00:00Z,2026-07-26T00:00:00+0200,899.944,MW,DK1,DK_1,actual_onshore_wind_generation,Wind Onshore,2026-08-21T06:40:18Z
2026-08-21T06:33:41Z,2026-08-21T08:33:41+0200,6801fa27-1585-43c5-af49-29c528898ba2,2026-07-25T22:15:00Z,2026-07-26T00:15:00+0200,882.6,MW,DK1,DK_1,actual_onshore_wind_generation,Wind Onshore,2026-08-21T06:40:18Z
2026-08-21T06:33:41Z,2026-08-21T08:33:41+0200,6801fa27-1585-43c5-af49-29c528898ba2,2026-07-25T22:30:00Z,2026-07-26T00:30:00+0200,856.101,MW,DK1,DK_1,actual_onshore_wind_generation,Wind Onshore,2026-08-21T06:40:18Z
2026-08-21T06:33:41Z,2026-08-21T08:33:41+0200,6801fa27-1585-43c5-af49-29c528898ba2,2026-07-25T22:45:00Z,2026-07-26T00:45:00+0200,819.387,MW,DK1,DK_1,actual_onshore_wind_generation,Wind Onshore,2026-08-21T06:40:18Z
2026-08-21T06:33:41Z,2026-08-21T08:33:41+0200,6801fa27-1585-43c5-af49-29c528898ba2,2026-07-25T23:00:00Z,2026-07-26T01:00:00+0200,792.902,MW,DK1,DK_1,actual_onshore_wind_generation,Wind Onshore,2026-08-21T06:40:18Z
2026-08-21T06:33:41Z,2026-08-21T08:33:41+0200,6801fa27-1585-43c5-af49-29c528898ba2,2026-07-25T23:15:00Z,2026-07-26T01:15:00+0200,813.443,MW,DK1,DK_1,actual_onshore_wind_generation,Wind Onshore,2026-08-21T06:40:18Z
2026-08-21T06:33:41Z,2026-08-21T08:33:41+0200,6801fa27-1585-43c5-af49-29c528898ba2,2026-07-25T23:30:00Z,2026-07-26T01:30:00+0200,805.239,MW,DK1,DK_1,actual_onshore_wind_generation,Wind Onshore,2026-08-21T06:40:18Z
2026-08-21T06:33:41Z,2026-08-21T08:33:41+0200,6801fa27-1585-43c5-af49-29c528898ba2,2026-07-25T23:45:00Z,2026-07-26T01:45:00+0200,795.18,MW,DK1,DK_1,actual_onshore_wind_generation,Wind Onshore,2026-08-21T06:40:18Z
2026-08-21T06:33:41Z,2026-08-21T08:33:41+0200,6801fa27-1585-43c5-af49-29c528898ba2,2026-07-26T00:00:00Z,2026-07-26T02:00:00+0200,753.183,MW,DK1,DK_1,actual_onshore_wind_generation,Wind Onshore,2026-08-21T06:40:18Z
2026-08-21T06:33:41Z,2026-08-21T08:33:41+0200,6801fa27-1585-43c5-af49-29c528898ba2,2026-07-26T00:15:00Z,2026-07-26T02:15:00+0200,764.337,MW,DK1,DK_1,actual_onshore_wind_generation,Wind Onshore,2026-08-21T06:40:18Z
2026-08-21T06:33:41Z,2026-08-21T08:33:41+0200,6801fa27-1585-43c5-af49-29c528898ba2,2026-07-26T00:30:00Z,2026-07-26T02:30:00+0200,768.776,MW,DK1,DK_1,actual_onshore_wind_generation,Wind Onshore,2026-08-21T06:40:18Z
2026-08-21T06:33:41Z,2026-08-21T08:33:41+0200,6801fa27-1585-43c5-af49-29c528898ba2,2026-07-26T00:45:00Z,2026-07-26T02:45:00+0200,753.483,MW,DK1,DK_1,actual_onshore_wind_generation,Wind Onshore,2026-08-21T06:40:18Z
2026-08-21T06:33:41Z,2026-08-21T08:33:41+0200,6801fa27-1585-43c5-af49-29c528898ba2,2026-07-26T01:00:00Z,2026-07-26T03:00:00+0200,794.166,MW,DK1,DK_1,actual_onshore_wind_generation,Wind Onshore,2026-08-21T06:40:18Z
2026-08-21T06:33:41Z,2026-08-21T08:33:41+0200,6801fa27-1585-43c5-af49-29c528898ba2,2026-07-26T01:15:00Z,2026-07-26T03:15:00+0200,828.639,MW,DK1,DK_1,actual_onshore_wind_generation,Wind Onshore,2026-08-21T06:40:18Z
2026-08-21T06:33:41Z,2026-08-21T08:33:41+0200,6801fa27-1585-43c5-af49-29c528898ba2,2026-07-26T01:30:00Z,2026-07-26T03:30:00+0200,771.65,MW,DK1,DK_1,actual_onshore_wind_generation,Wind Onshore,2026-08-21T06:40:18Z
2026-08-21T06:33:41Z,2026-08-21T08:33:41+0200,6801fa27-1585-43c5-af49-29c528898ba2,2026-07-26T01:45:00Z,2026-07-26T03:45:00+0200,752.86,MW,DK1,DK_1,actual_onshore_wind_generation,Wind Onshore,2026-08-21T06:40:18Z
2026-08-21T06:33:41Z,2026-08-21T08:33:41+0200,6801fa27-1585-43c5-af49-29c528898ba2,2026-07-26T02:00:00Z,2026-07-26T04:00:00+0200,784.517,MW,DK1,DK_1,actual_onshore_wind_generation,Wind Onshore,2026-08-21T06:40:18Z
2026-08-21T06:33:41Z,2026-08-21T08:33:41+0200,6801fa27-1585-43c5-af49-29c528898ba2,2026-07-26T02:15:00Z,2026-07-26T04:15:00+0200,831.049,MW,DK1,DK_1,actual_onshore_wind_generation,Wind Onshore,2026-08-21T06:40:18Z
2026-08-21T06:33:41Z,2026-08-21T08:33:41+0200,6801fa27-1585-43c5-af49-29c528898ba2,2026-07-26T02:30:00Z,2026-07-26T04:30:00+0200,815.831,MW,DK1,DK_1,actual_onshore_wind_generation,Wind Onshore,2026-08-21T06:40:18Z
2026-08-21T06:33:41Z,2026-08-21T08:33:41+0200,6801fa27-1585-43c5-af49-29c528898ba2,2026-07-26T02:45:00Z,2026-07-26T04:45:00+0200,802.948,MW,DK1,DK_1,actual_onshore_wind_generation,Wind Onshore,2026-08-21T06:40:18Z
2026-08-21T06:33:41Z,2026-08-21T08:33:41+0200,6801fa27-1585-43c5-af49-29c528898ba2,2026-07-26T03:00:00Z,2026-07-26T05:00:00+0200,798.045,MW,DK1,DK_1,actual_onshore_wind_generation,Wind Onshore,2026-08-21T06:40:18Z
2026-08-21T06:33:41Z,2026-08-21T08:33:41+0200,6801fa27-1585-43c5-af49-29c528898ba2,2026-07-26T03:15:00Z,2026-07-26T05:15:00+0200,752.672,MW,DK1,DK_1,actual_onshore_wind_generation,Wind Onshore,2026-08-21T06:40:18Z
2026-08-21T06:33:41Z,2026-08-21T08:33:41+0200,6801fa27-1585-43c5-af49-29c528898ba2,2026-07-26T03:30:00Z,2026-07-26T05:30:00+0200,695.099,MW,DK1,DK_1,actual_onshore_wind_generation,Wind Onshore,2026-08-21T06:40:18Z
2026-08-21T06:33:41Z,2026-08-21T08:33:41+0200,6801fa27-1585-43c5-af49-29c528898ba2,2026-07-26T03:45:00Z,2026-07-26T05:45:00+0200,643.684,MW,DK1,DK_1,actual_onshore_wind_generation,Wind Onshore,2026-08-21T06:40:18Z
2026-08-21T06:33:41Z,2026-08-21T08:33:41+0200,6801fa27-1585-43c5-af49-29c528898ba2,2026-07-26T04:00:00Z,2026-07-26T06:00:00+0200,610.956,MW,DK1,DK_1,actual_onshore_wind_generation,Wind Onshore,2026-08-21T06:40:18Z
2026-08-21T06:33:41Z,2026-08-21T08:33:41+0200,6801fa27-1585-43c5-af49-29c528898ba2,2026-07-26T04:15:00Z,2026-07-26T06:15:00+0200,585.877,MW,DK1,DK_1,actual_onshore_wind_generation,Wind Onshore,2026-08-21T06:40:18Z
2026-08-21T06:33:41Z,2026-08-21T08:33:41+0200,6801fa27-1585-43c5-af49-29c528898ba2,2026-07-26T04:30:00Z,2026-07-26T06:30:00+0200,563.712,MW,DK1,DK_1,actual_onshore_wind_generation,Wind Onshore,2026-08-21T06:40:18Z
2026-08-21T06:33:41Z,2026-08-21T08:33:41+0200,6801fa27-1585-43c5-af49-29c528898ba2,2026-07-26T04:45:00Z,2026-07-26T06:45:00+0200,529.534,MW,DK1,DK_1,actual_onshore_wind_generation,Wind Onshore,2026-08-21T06:40:18Z
2026-08-21T06:33:41Z,2026-08-21T08:33:41+0200,6801fa27-1585-43c5-af49-29c528898ba2,2026-07-26T05:00:00Z,2026-07-26T07:00:00+0200,512.563,MW,DK1,DK_1,actual_onshore_wind_generation,Wind Onshore,2026-08-21T06:40:18Z
2026-08-21T06:33:41Z,2026-08-21T08:33:41+0200,6801fa27-1585-43c5-af49-29c528898ba2,2026-07-26T05:15:00Z,2026-07-26T07:15:00+0200,478.531,MW,DK1,DK_1,actual_onshore_wind_generation,Wind Onshore,2026-08-21T06:40:18Z
2026-08-21T06:33:41Z,2026-08-21T08:33:41+0200,6801fa27-1585-43c5-af49-29c528898ba2,2026-07-26T05:30:00Z,2026-07-26T07:30:00+0200,439.675,MW,DK1,DK_1,actual_onshore_wind_generation,Wind Onshore,2026-08-21T06:40:18Z
2026-08-21T06:33:41Z,2026-08-21T08:33:41+0200,6801fa27-1585-43c5-af49-29c528898ba2,2026-07-26T05:45:00Z,2026-07-26T07:45:00+0200,423.817,MW,DK1,DK_1,actual_onshore_wind_generation,Wind Onshore,2026-08-21T06:40:18Z
2026-08-21T06:33:41Z,2026-08-21T08:33:41+0200,6801fa27-1585-43c5-af49-29c528898ba2,2026-07-26T06:00:00Z,2026-07-26T08:00:00+0200,405.93,MW,DK1,DK_1,actual_onshore_wind_generation,Wind Onshore,2026-08-21T06:40:18Z
2026-08-21T06:33:41Z,2026-08-21T08:33:41+0200,6801fa27-1585-43c5-af49-29c528898ba2,2026-07-26T06:15:00Z,2026-07-26T08:15:00+0200,413.938,MW,DK1,DK_1,actual_onshore_wind_generation,Wind Onshore,2026-08-21T06:40:18Z
2026-08-21T06:33:41Z,2026-08-21T08:33:41+0200,6801fa27-1585-43c5-af49-29c528898ba2,2026-07-26T06:30:00Z,2026-07-26T08:30:00+0200,420.247,MW,DK1,DK_1,actual_onshore_wind_generation,Wind Onshore,2026-08-21T06:40:18Z
2026-08-21T06:33:41Z,2026-08-21T08:33:41+0200,6801fa27-1585-43c5-af49-29c528898ba2,2026-07-26T06:45:00Z,2026-07-26T08:45:00+0200,427.916,MW,DK1,DK_1,actual_onshore_wind_generation,Wind Onshore,2026-08-21T06:40:18Z
2026-08-21T06:33:41Z,2026-08-21T08:33:41+0200,6801fa27-1585-43c5-af49-29c528898ba2,2026-07-26T07:00:00Z,2026-07-26T09:00:00+0200,445.513,MW,DK1,DK_1,actual_onshore_wind_generation,Wind Onshore,2026-08-21T06:40:18Z
2026-08-21T06:33:41Z,2026-08-21T08:33:41+0200,6801fa27-1585-43c5-af49-29c528898ba2,2026-07-26T07:15:00Z,2026-07-26T09:15:00+0200,437.474,MW,DK1,DK_1,actual_onshore_wind_generation,Wind Onshore,2026-08-21T06:40:18Z
2026-08-21T06:33:41Z,2026-08-21T08:33:41+0200,6801fa27-1585-43c5-af49-29c528898ba2,2026-07-26T07:30:00Z,2026-07-26T09:30:00+0200,458.69,MW,DK1,DK_1,actual_onshore_wind_generation,Wind Onshore,2026-08-21T06:40:18Z
2026-08-21T06:33:41Z,2026-08-21T08:33:41+0200,6801fa27-1585-43c5-af49-29c528898ba2,2026-07-26T07:45:00Z,2026-07-26T09:45:00+0200,494.506,MW,DK1,DK_1,actual_onshore_wind_generation,Wind Onshore,2026-08-21T06:40:18Z
2026-08-21T06:33:41Z,2026-08-21T08:33:41+0200,6801fa27-1585-43c5-af49-29c528898ba2,2026-07-26T08:00:00Z,2026-07-26T10:00:00+0200,503.785,MW,DK1,DK_1,actual_onshore_wind_generation,Wind Onshore,2026-08-21T06:40:18Z
2026-08-21T06:33:41Z,2026-08-21T08:33:41+0200,6801fa27-1585-43c5-af49-29c528898ba2,2026-07-26T08:15:00Z,2026-07-26T10:15:00+0200,497.108,MW,DK1,DK_1,actual_onshore_wind_generation,Wind Onshore,2026-08-21T06:40:18Z
2026-08-21T06:33:41Z,2026-08-21T08:33:41+0200,6801fa27-1585-43c5-af49-29c528898ba2,2026-07-26T08:30:00Z,2026-07-26T10:30:00+0200,455.001,MW,DK1,DK_1,actual_onshore_wind_generation,Wind Onshore,2026-08-21T06:40:18Z
2026-08-21T06:33:41Z,2026-08-21T08:33:41+0200,6801fa27-1585-43c5-af49-29c528898ba2,2026-07-26T08:45:00Z,2026-07-26T10:45:00+0200,441.572,MW,DK1,DK_1,actual_onshore_wind_generation,Wind Onshore,2026-08-21T06:40:18Z
2026-08-21T06:33:41Z,2026-08-21T08:33:41+0200,6801fa27-1585-43c5-af49-29c528898ba2,2026-07-26T09:00:00Z,2026-07-26T11:00:00+0200,435.246,MW,DK1,DK_1,actual_onshore_wind_generation,Wind Onshore,2026-08-21T06:40:18Z
2026-08-21T06:33:41Z,2026-08-21T08:33:41+0200,6801fa27-1585-43c5-af49-29c528898ba2,2026-07-26T09:15:00Z,2026-07-26T11:15:00+0200,406.598,MW,DK1,DK_1,actual_onshore_wind_generation,Wind Onshore,2026-08-21T06:40:18Z
2026-08-21T06:33:41Z,2026-08-21T08:33:41+0200,6801fa27-1585-43c5-af49-29c528898ba2,2026-07-26T09:30:00Z,2026-07-26T11:30:00+0200,334.018,MW,DK1,DK_1,actual_onshore_wind_generation,Wind Onshore,2026-08-21T06:40:18Z
2026-08-21T06:33:41Z,2026-08-21T08:33:41+0200,6801fa27-1585-43c5-af49-29c528898ba2,2026-07-26T09:45:00Z,2026-07-26T11:45:00+0200,313.818,MW,DK1,DK_1,actual_onshore_wind_generation,Wind Onshore,2026-08-21T06:40:18Z
2026-08-21T06:33:41Z,2026-08-21T08:33:41+0200,6801fa27-1585-43c5-af49-29c528898ba2,2026-07-26T10:00:00Z,2026-07-26T12:00:00+0200,258.771,MW,DK1,DK_1,actual_onshore_wind_generation,Wind Onshore,2026-08-21T06:40:18Z
2026-08-21T06:33:41Z,2026-08-21T08:33:41+0200,6801fa27-1585-43c5-af49-29c528898ba2,2026-07-26T10:15:00Z,2026-07-26T12:15:00+0200,237.228,MW,DK1,DK_1,actual_onshore_wind_generation,Wind Onshore,2026-08-21T06:40:18Z
2026-08-21T06:33:41Z,2026-08-21T08:33:41+0200,6801fa27-1585-43c5-af49-29c528898ba2,2026-07-26T10:30:00Z,2026-07-26T12:30:00+0200,220.079,MW,DK1,DK_1,actual_onshore_wind_generation,Wind Onshore,2026-08-21T06:40:18Z
2026-08-21T06:33:41Z,2026-08-21T08:33:41+0200,6801fa27-1585-43c5-af49-29c528898ba2,2026-07-26T10:45:00Z,2026-07-26T12:45:00+0200,219.749,MW,DK1,DK_1,actual_onshore_wind_generation,Wind Onshore,2026-08-21T06:40:18Z
2026-08-21T06:33:41Z,2026-08-21T08:33:41+0200,6801fa27-1585-43c5-af49-29c528898ba2,2026-07-26T11:00:00Z,2026-07-26T13:00:00+0200,212.952,MW,DK1,DK_1,actual_onshore_wind_generation,Wind Onshore,2026-08-21T06:40:18Z
2026-08-21T06:33:41Z,2026-08-21T08:33:41+0200,6801fa27-1585-43c5-af49-29c528898ba2,2026-07-26T11:15:00Z,2026-07-26T13:15:00+0200,203.156,MW,DK1,DK_1,actual_onshore_wind_generation,Wind Onshore,2026-08-21T06:40:18Z
2026-08-21T06:33:41Z,2026-08-21T08:33:41+0200,6801fa27-1585-43c5-af49-29c528898ba2,2026-07-26T11:30:00Z,2026-07-26T13:30:00+0200,197.291,MW,DK1,DK_1,actual_onshore_wind_generation,Wind Onshore,2026-08-21T06:40:18Z
2026-08-21T06:33:41Z,2026-08-21T08:33:41+0200,6801fa27-1585-43c5-af49-29c528898ba2,2026-07-26T11:45:00Z,2026-07-26T13:45:00+0200,211.028,MW,DK1,DK_1,actual_onshore_wind_generation,Wind Onshore,2026-08-21T06:40:18Z
2026-08-21T06:33:41Z,2026-08-21T08:33:41+0200,6801fa27-1585-43c5-af49-29c528898ba2,2026-07-26T12:00:00Z,2026-07-26T14:00:00+0200,221.089,MW,DK1,DK_1,actual_onshore_wind_generation,Wind Onshore,2026-08-21T06:40:18Z
2026-08-21T06:33:41Z,2026-08-21T08:33:41+0200,6801fa27-1585-43c5-af49-29c528898ba2,2026-07-26T12:15:00Z,2026-07-26T14:15:00+0200,209.985,MW,DK1,DK_1,actual_onshore_wind_generation,Wind Onshore,2026-08-21T06:40:18Z
2026-08-21T06:33:41Z,2026-08-21T08:33:41+0200,6801fa27-1585-43c5-af49-29c528898ba2,2026-07-26T12:30:00Z,2026-07-26T14:30:00+0200,203.333,MW,DK1,DK_1,actual_onshore_wind_generation,Wind Onshore,2026-08-21T06:40:18Z
2026-08-21T06:33:41Z,2026-08-21T08:33:41+0200,6801fa27-1585-43c5-af49-29c528898ba2,2026-07-26T12:45:00Z,2026-07-26T14:45:00+0200,199.108,MW,DK1,DK_1,actual_onshore_wind_generation,Wind Onshore,2026-08-21T06:40:18Z
2026-08-21T06:33:41Z,2026-08-21T08:33:41+0200,6801fa27-1585-43c5-af49-29c528898ba2,2026-07-26T13:00:00Z,2026-07-26T15:00:00+0200,179.98,MW,DK1,DK_1,actual_onshore_wind_generation,Wind Onshore,2026-08-21T06:40:18Z
2026-08-21T06:33:41Z,2026-08-21T08:33:41+0200,6801fa27-1585-43c5-af49-29c528898ba2,2026-07-26T13:15:00Z,2026-07-26T15:15:00+0200,162.39,MW,DK1,DK_1,actual_onshore_wind_generation,Wind Onshore,2026-08-21T06:40:18Z
2026-08-21T06:33:41Z,2026-08-21T08:33:41+0200,6801fa27-1585-43c5-af49-29c528898ba2,2026-07-26T13:30:00Z,2026-07-26T15:30:00+0200,157.01,MW,DK1,DK_1,actual_onshore_wind_generation,Wind Onshore,2026-08-21T06:40:18Z
2026-08-21T06:33:41Z,2026-08-21T08:33:41+0200,6801fa27-1585-43c5-af49-29c528898ba2,2026-07-26T13:45:00Z,2026-07-26T15:45:00+0200,155.872,MW,DK1,DK_1,actual_onshore_wind_generation,Wind Onshore,2026-08-21T06:40:18Z
2026-08-21T06:33:41Z,2026-08-21T08:33:41+0200,6801fa27-1585-43c5-af49-29c528898ba2,2026-07-26T14:00:00Z,2026-07-26T16:00:00+0200,144.095,MW,DK1,DK_1,actual_onshore_wind_generation,Wind Onshore,2026-08-21T06:40:18Z
2026-08-21T06:33:41Z,2026-08-21T08:33:41+0200,6801fa27-1585-43c5-af49-29c528898ba2,2026-07-26T14:15:00Z,2026-07-26T16:15:00+0200,134.032,MW,DK1,DK_1,actual_onshore_wind_generation,Wind Onshore,2026-08-21T06:40:18Z
2026-08-21T06:33:41Z,2026-08-21T08:33:41+0200,6801fa27-1585-43c5-af49-29c528898ba2,2026-07-26T14:30:00Z,2026-07-26T16:30:00+0200,133.438,MW,DK1,DK_1,actual_onshore_wind_generation,Wind Onshore,2026-08-21T06:40:18Z
2026-08-21T06:33:41Z,2026-08-21T08:33:41+0200,6801fa27-1585-43c5-af49-29c528898ba2,2026-07-26T14:45:00Z,2026-07-26T16:45:00+0200,140.813,MW,DK1,DK_1,actual_onshore_wind_generation,Wind Onshore,2026-08-21T06:40:18Z
2026-08-21T06:33:41Z,2026-08-21T08:33:41+0200,6801fa27-1585-43c5-af49-29c528898ba2,2026-07-26T15:00:00Z,2026-07-26T17:00:00+0200,132.56,MW,DK1,DK_1,actual_onshore_wind_generation,Wind Onshore,2026-08-21T06:40:18Z
2026-08-21T06:33:41Z,2026-08-21T08:33:41+0200,6801fa27-1585-43c5-af49-29c528898ba2,2026-07-26T15:15:00Z,2026-07-26T17:15:00+0200,144.691,MW,DK1,DK_1,actual_onshore_wind_generation,Wind Onshore,2026-08-21T06:40:18Z
2026-08-21T06:33:41Z,2026-08-21T08:33:41+0200,6801fa27-1585-43c5-af49-29c528898ba2,2026-07-26T15:30:00Z,2026-07-26T17:30:00+0200,141.878,MW,DK1,DK_1,actual_onshore_wind_generation,Wind Onshore,2026-08-21T06:40:18Z
2026-08-21T06:33:41Z,2026-08-21T08:33:41+0200,6801fa27-1585-43c5-af49-29c528898ba2,2026-07-26T15:45:00Z,2026-07-26T17:45:00+0200,145.158,MW,DK1,DK_1,actual_onshore_wind_generation,Wind Onshore,2026-08-21T06:40:18Z
2026-08-21T06:33:41Z,2026-08-21T08:33:41+0200,6801fa27-1585-43c5-af49-29c528898ba2,2026-07-26T16:00:00Z,2026-07-26T18:00:00+0200,181.583,MW,DK1,DK_1,actual_onshore_wind_generation,Wind Onshore,2026-08-21T06:40:18Z
2026-08-21T06:33:41Z,2026-08-21T08:33:41+0200,6801fa27-1585-43c5-af49-29c528898ba2,2026-07-26T16:15:00Z,2026-07-26T18:15:00+0200,171.617,MW,DK1,DK_1,actual_onshore_wind_generation,Wind Onshore,2026-08-21T06:40:18Z
2026-08-21T06:33:41Z,2026-08-21T08:33:41+0200,6801fa27-1585-43c5-af49-29c528898ba2,2026-07-26T16:30:00Z,2026-07-26T18:30:00+0200,182.739,MW,DK1,DK_1,actual_onshore_wind_generation,Wind Onshore,2026-08-21T06:40:18Z
2026-08-21T06:33:41Z,2026-08-21T08:33:41+0200,6801fa27-1585-43c5-af49-29c528898ba2,2026-07-26T16:45:00Z,2026-07-26T18:45:00+0200,186.26,MW,DK1,DK_1,actual_onshore_wind_generation,Wind Onshore,2026-08-21T06:40:18Z
2026-08-21T06:33:41Z,2026-08-21T08:33:41+0200,6801fa27-1585-43c5-af49-29c528898ba2,2026-07-26T17:00:00Z,2026-07-26T19:00:00+0200,189.686,MW,DK1,DK_1,actual_onshore_wind_generation,Wind Onshore,2026-08-21T06:40:18Z
2026-08-21T06:33:41Z,2026-08-21T08:33:41+0200,6801fa27-1585-43c5-af49-29c528898ba2,2026-07-26T17:15:00Z,2026-07-26T19:15:00+0200,189.107,MW,DK1,DK_1,actual_onshore_wind_generation,Wind Onshore,2026-08-21T06:40:18Z
2026-08-21T06:33:41Z,2026-08-21T08:33:41+0200,6801fa27-1585-43c5-af49-29c528898ba2,2026-07-26T17:30:00Z,2026-07-26T19:30:00+0200,194.184,MW,DK1,DK_1,actual_onshore_wind_generation,Wind Onshore,2026-08-21T06:40:18Z
2026-08-21T06:33:41Z,2026-08-21T08:33:41+0200,6801fa27-1585-43c5-af49-29c528898ba2,2026-07-26T17:45:00Z,2026-07-26T19:45:00+0200,215.883,MW,DK1,DK_1,actual_onshore_wind_generation,Wind Onshore,2026-08-21T06:40:18Z
2026-08-21T06:33:41Z,2026-08-21T08:33:41+0200,6801fa27-1585-43c5-af49-29c528898ba2,2026-07-26T18:00:00Z,2026-07-26T20:00:00+0200,227.706,MW,DK1,DK_1,actual_onshore_wind_generation,Wind Onshore,2026-08-21T06:40:18Z
2026-08-21T06:33:41Z,2026-08-21T08:33:41+0200,6801fa27-1585-43c5-af49-29c528898ba2,2026-07-26T18:15:00Z,2026-07-26T20:15:00+0200,236.203,MW,DK1,DK_1,actual_onshore_wind_generation,Wind Onshore,2026-08-21T06:40:18Z
2026-08-21T06:33:41Z,2026-08-21T08:33:41+0200,6801fa27-1585-43c5-af49-29c528898ba2,2026-07-26T18:30:00Z,2026-07-26T20:30:00+0200,236.446,MW,DK1,DK_1,actual_onshore_wind_generation,Wind Onshore,2026-08-21T06:40:18Z
2026-08-21T06:33:41Z,2026-08-21T08:33:41+0200,6801fa27-1585-43c5-af49-29c528898ba2,2026-07-26T18:45:00Z,2026-07-26T20:45:00+0200,264.721,MW,DK1,DK_1,actual_onshore_wind_generation,Wind Onshore,2026-08-21T06:40:18Z
2026-08-21T06:33:41Z,2026-08-21T08:33:41+0200,6801fa27-1585-43c5-af49-29c528898ba2,2026-07-26T19:00:00Z,2026-07-26T21:00:00+0200,300.386,MW,DK1,DK_1,actual_onshore_wind_generation,Wind Onshore,2026-08-21T06:40:18Z
2026-08-21T06:33:41Z,2026-08-21T08:33:41+0200,6801fa27-1585-43c5-af49-29c528898ba2,2026-07-26T19:15:00Z,2026-07-26T21:15:00+0200,309.299,MW,DK1,DK_1,actual_onshore_wind_generation,Wind Onshore,2026-08-21T06:40:18Z
2026-08-21T06:33:41Z,2026-08-21T08:33:41+0200,6801fa27-1585-43c5-af49-29c528898ba2,2026-07-26T19:30:00Z,2026-07-26T21:30:00+0200,346.113,MW,DK1,DK_1,actual_onshore_wind_generation,Wind Onshore,2026-08-21T06:40:18Z
2026-08-21T06:33:41Z,2026-08-21T08:33:41+0200,6801fa27-1585-43c5-af49-29c528898ba2,2026-07-26T19:45:00Z,2026-07-26T21:45:00+0200,390.859,MW,DK1,DK_1,actual_onshore_wind_generation,Wind Onshore,2026-08-21T06:40:18Z
2026-08-21T06:33:41Z,2026-08-21T08:33:41+0200,6801fa27-1585-43c5-af49-29c528898ba2,2026-07-26T20:00:00Z,2026-07-26T22:00:00+0200,444.153,MW,DK1,DK_1,actual_onshore_wind_generation,Wind Onshore,2026-08-21T06:40:18Z
2026-08-21T06:33:41Z,2026-08-21T08:33:41+0200,6801fa27-1585-43c5-af49-29c528898ba2,2026-07-26T20:15:00Z,2026-07-26T22:15:00+0200,484.763,MW,DK1,DK_1,actual_onshore_wind_generation,Wind Onshore,2026-08-21T06:40:18Z
2026-08-21T06:33:41Z,2026-08-21T08:33:41+0200,6801fa27-1585-43c5-af49-29c528898ba2,2026-07-26T20:30:00Z,2026-07-26T22:30:00+0200,535.619,MW,DK1,DK_1,actual_onshore_wind_generation,Wind Onshore,2026-08-21T06:40:18Z
2026-08-21T06:33:41Z,2026-08-21T08:33:41+0200,6801fa27-1585-43c5-af49-29c528898ba2,2026-07-26T20:45:00Z,2026-07-26T22:45:00+0200,587.608,MW,DK1,DK_1,actual_onshore_wind_generation,Wind Onshore,2026-08-21T06:40:18Z
2026-08-21T06:33:41Z,2026-08-21T08:33:41+0200,6801fa27-1585-43c5-af49-29c528898ba2,2026-07-26T21:00:00Z,2026-07-26T23:00:00+0200,632.742,MW,DK1,DK_1,actual_onshore_wind_generation,Wind Onshore,2026-08-21T06:40:18Z
2026-08-21T06:33:41Z,2026-08-21T08:33:41+0200,6801fa27-1585-43c5-af49-29c528898ba2,2026-07-26T21:15:00Z,2026-07-26T23:15:00+0200,650.356,MW,DK1,DK_1,actual_onshore_wind_generation,Wind Onshore,2026-08-21T06:40:18Z
2026-08-21T06:33:41Z,2026-08-21T08:33:41+0200,6801fa27-1585-43c5-af49-29c528898ba2,2026-07-26T21:30:00Z,2026-07-26T23:30:00+0200,700.678,MW,DK1,DK_1,actual_onshore_wind_generation,Wind Onshore,2026-08-21T06:40:18Z
2026-08-21T06:33:41Z,2026-08-21T08:33:41+0200,6801fa27-1585-43c5-af49-29c528898ba2,2026-07-26T21:45:00Z,2026-07-26T23:45:00+0200,726.327,MW,DK1,DK_1,actual_onshore_wind_generation,Wind Onshore,2026-08-21T06:40:18Z
2026-08-21T06:33:41Z,2026-08-21T08:33:41+0200,6801fa27-1585-43c5-af49-29c528898ba2,2026-07-26T22:00:00Z,2026-07-27T00:00:00+0200,728.314,MW,DK1,DK_1,actual_onshore_wind_generation,Wind Onshore,2026-08-21T06:40:18Z
2026-08-21T06:33:41Z,2026-08-21T08:33:41+0200,6801fa27-1585-43c5-af49-29c528898ba2,2026-07-26T22:15:00Z,2026-07-27T00:15:00+0200,754.825,MW,DK1,DK_1,actual_onshore_wind_generation,Wind Onshore,2026-08-21T06:40:18Z
2026-08-21T06:33:41Z,2026-08-21T08:33:41+0200,6801fa27-1585-43c5-af49-29c528898ba2,2026-07-26T22:30:00Z,2026-07-27T00:30:00+0200,855.03,MW,DK1,DK_1,actual_onshore_wind_generation,Wind Onshore,2026-08-21T06:40:18Z
2026-08-21T06:33:41Z,2026-08-21T08:33:41+0200,6801fa27-1585-43c5-af49-29c528898ba2,2026-07-26T22:45:00Z,2026-07-27T00:45:00+0200,922.864,MW,DK1,DK_1,actual_onshore_wind_generation,Wind Onshore,2026-08-21T06:40:18Z
2026-08-21T06:33:41Z,2026-08-21T08:33:41+0200,6801fa27-1585-43c5-af49-29c528898ba2,2026-07-26T23:00:00Z,2026-07-27T01:00:00+0200,993.863,MW,DK1,DK_1,actual_onshore_wind_generation,Wind Onshore,2026-08-21T06:40:18Z
2026-08-21T06:33:41Z,2026-08-21T08:33:41+0200,6801fa27-1585-43c5-af49-29c528898ba2,2026-07-26T23:15:00Z,2026-07-27T01:15:00+0200,1048.22,MW,DK1,DK_1,actual_onshore_wind_generation,Wind Onshore,2026-08-21T06:40:18Z
2026-08-21T06:33:41Z,2026-08-21T08:33:41+0200,6801fa27-1585-43c5-af49-29c528898ba2,2026-07-26T23:30:00Z,2026-07-27T01:30:00+0200,1079.1,MW,DK1,DK_1,actual_onshore_wind_generation,Wind Onshore,2026-08-21T06:40:18Z
2026-08-21T06:33:41Z,2026-08-21T08:33:41+0200,6801fa27-1585-43c5-af49-29c528898ba2,2026-07-26T23:45:00Z,2026-07-27T01:45:00+0200,1076.9,MW,DK1,DK_1,actual_onshore_wind_generation,Wind Onshore,2026-08-21T06:40:18Z
2026-08-21T06:33:41Z,2026-08-21T08:33:41+0200,6801fa27-1585-43c5-af49-29c528898ba2,2026-07-27T00:00:00Z,2026-07-27T02:00:00+0200,1086.74,MW,DK1,DK_1,actual_onshore_wind_generation,Wind Onshore,2026-08-21T06:40:18Z
2026-08-21T06:33:41Z,2026-08-21T08:33:41+0200,6801fa27-1585-43c5-af49-29c528898ba2,2026-07-27T00:15:00Z,2026-07-27T02:15:00+0200,1159.87,MW,DK1,DK_1,actual_onshore_wind_generation,Wind Onshore,2026-08-21T06:40:18Z
2026-08-21T06:33:41Z,2026-08-21T08:33:41+0200,6801fa27-1585-43c5-af49-29c528898ba2,2026-07-27T00:30:00Z,2026-07-27T02:30:00+0200,1192.72,MW,DK1,DK_1,actual_onshore_wind_generation,Wind Onshore,2026-08-21T06:40:18Z
2026-08-21T06:33:41Z,2026-08-21T08:33:41+0200,6801fa27-1585-43c5-af49-29c528898ba2,2026-07-27T00:45:00Z,2026-07-27T02:45:00+0200,1274.54,MW,DK1,DK_1,actual_onshore_wind_generation,Wind Onshore,2026-08-21T06:40:18Z
2026-08-21T06:33:41Z,2026-08-21T08:33:41+0200,6801fa27-1585-43c5-af49-29c528898ba2,2026-07-27T01:00:00Z,2026-07-27T03:00:00+0200,1328.81,MW,DK1,DK_1,actual_onshore_wind_generation,Wind Onshore,2026-08-21T06:40:18Z
2026-08-21T06:33:41Z,2026-08-21T08:33:41+0200,6801fa27-1585-43c5-af49-29c528898ba2,2026-07-27T01:15:00Z,2026-07-27T03:15:00+0200,1355.5,MW,DK1,DK_1,actual_onshore_wind_generation,Wind Onshore,2026-08-21T06:40:18Z
2026-08-21T06:33:41Z,2026-08-21T08:33:41+0200,6801fa27-1585-43c5-af49-29c528898ba2,2026-07-27T01:30:00Z,2026-07-27T03:30:00+0200,1365.8,MW,DK1,DK_1,actual_onshore_wind_generation,Wind Onshore,2026-08-21T06:40:18Z
2026-08-21T06:33:41Z,2026-08-21T08:33:41+0200,6801fa27-1585-43c5-af49-29c528898ba2,2026-07-27T01:45:00Z,2026-07-27T03:45:00+0200,1386.92,MW,DK1,DK_1,actual_onshore_wind_generation,Wind Onshore,2026-08-21T06:40:18Z
2026-08-21T06:33:41Z,2026-08-21T08:33:41+0200,6801fa27-1585-43c5-af49-29c528898ba2,2026-07-27T02:00:00Z,2026-07-27T04:00:00+0200,1410.65,MW,DK1,DK_1,actual_onshore_wind_generation,Wind Onshore,2026-08-21T06:40:18Z
2026-08-21T06:33:41Z,2026-08-21T08:33:41+0200,6801fa27-1585-43c5-af49-29c528898ba2,2026-07-27T02:15:00Z,2026-07-27T04:15:00+0200,1445.93,MW,DK1,DK_1,actual_onshore_wind_generation,Wind Onshore,2026-08-21T06:40:18Z
2026-08-21T06:33:41Z,2026-08-21T08:33:41+0200,6801fa27-1585-43c5-af49-29c528898ba2,2026-07-27T02:30:00Z,2026-07-27T04:30:00+0200,1504.69,MW,DK1,DK_1,actual_onshore_wind_generation,Wind Onshore,2026-08-21T06:40:18Z
2026-08-21T06:33:41Z,2026-08-21T08:33:41+0200,6801fa27-1585-43c5-af49-29c528898ba2,2026-07-27T02:45:00Z,2026-07-27T04:45:00+0200,1544.94,MW,DK1,DK_1,actual_onshore_wind_generation,Wind Onshore,2026-08-21T06:40:18Z
2026-08-21T06:33:41Z,2026-08-21T08:33:41+0200,6801fa27-1585-43c5-af49-29c528898ba2,2026-07-27T03:00:00Z,2026-07-27T05:00:00+0200,1524.05,MW,DK1,DK_1,actual_onshore_wind_generation,Wind Onshore,2026-08-21T06:40:18Z
2026-08-21T06:33:41Z,2026-08-21T08:33:41+0200,6801fa27-1585-43c5-af49-29c528898ba2,2026-07-27T03:15:00Z,2026-07-27T05:15:00+0200,1517.13,MW,DK1,DK_1,actual_onshore_wind_generation,Wind Onshore,2026-08-21T06:40:18Z
2026-08-21T06:33:41Z,2026-08-21T08:33:41+0200,6801fa27-1585-43c5-af49-29c528898ba2,2026-07-27T03:30:00Z,2026-07-27T05:30:00+0200,1556.64,MW,DK1,DK_1,actual_onshore_wind_generation,Wind Onshore,2026-08-21T06:40:18Z
2026-08-21T06:33:41Z,2026-08-21T08:33:41+0200,6801fa27-1585-43c5-af49-29c528898ba2,2026-07-27T03:45:00Z,2026-07-27T05:45:00+0200,1578.94,MW,DK1,DK_1,actual_onshore_wind_generation,Wind Onshore,2026-08-21T06:40:18Z
2026-08-21T06:33:41Z,2026-08-21T08:33:41+0200,6801fa27-1585-43c5-af49-29c528898ba2,2026-07-27T04:00:00Z,2026-07-27T06:00:00+0200,1564.15,MW,DK1,DK_1,actual_onshore_wind_generation,Wind Onshore,2026-08-21T06:40:18Z
2026-08-21T06:33:41Z,2026-08-21T08:33:41+0200,6801fa27-1585-43c5-af49-29c528898ba2,2026-07-27T04:15:00Z,2026-07-27T06:15:00+0200,1534.28,MW,DK1,DK_1,actual_onshore_wind_generation,Wind Onshore,2026-08-21T06:40:18Z
2026-08-21T06:33:41Z,2026-08-21T08:33:41+0200,6801fa27-1585-43c5-af49-29c528898ba2,2026-07-27T04:30:00Z,2026-07-27T06:30:00+0200,1570.79,MW,DK1,DK_1,actual_onshore_wind_generation,Wind Onshore,2026-08-21T06:40:18Z
2026-08-21T06:33:41Z,2026-08-21T08:33:41+0200,6801fa27-1585-43c5-af49-29c528898ba2,2026-07-27T04:45:00Z,2026-07-27T06:45:00+0200,1573.42,MW,DK1,DK_1,actual_onshore_wind_generation,Wind Onshore,2026-08-21T06:40:18Z
2026-08-21T06:33:41Z,2026-08-21T08:33:41+0200,6801fa27-1585-43c5-af49-29c528898ba2,2026-07-27T05:00:00Z,2026-07-27T07:00:00+0200,1614.54,MW,DK1,DK_1,actual_onshore_wind_generation,Wind Onshore,2026-08-21T06:40:18Z
2026-08-21T06:33:41Z,2026-08-21T08:33:41+0200,6801fa27-1585-43c5-af49-29c528898ba2,2026-07-27T05:15:00Z,2026-07-27T07:15:00+0200,1669.15,MW,DK1,DK_1,actual_onshore_wind_generation,Wind Onshore,2026-08-21T06:40:18Z
2026-08-21T06:33:41Z,2026-08-21T08:33:41+0200,6801fa27-1585-43c5-af49-29c528898ba2,2026-07-27T05:30:00Z,2026-07-27T07:30:00+0200,1693.58,MW,DK1,DK_1,actual_onshore_wind_generation,Wind Onshore,2026-08-21T06:40:18Z
2026-08-21T06:33:41Z,2026-08-21T08:33:41+0200,6801fa27-1585-43c5-af49-29c528898ba2,2026-07-27T05:45:00Z,2026-07-27T07:45:00+0200,1772.37,MW,DK1,DK_1,actual_onshore_wind_generation,Wind Onshore,2026-08-21T06:40:18Z
2026-08-21T06:33:41Z,2026-08-21T08:33:41+0200,6801fa27-1585-43c5-af49-29c528898ba2,2026-07-27T06:00:00Z,2026-07-27T08:00:00+0200,1902.87,MW,DK1,DK_1,actual_onshore_wind_generation,Wind Onshore,2026-08-21T06:40:18Z
2026-08-21T06:33:41Z,2026-08-21T08:33:41+0200,6801fa27-1585-43c5-af49-29c528898ba2,2026-07-27T06:15:00Z,2026-07-27T08:15:00+0200,1951.05,MW,DK1,DK_1,actual_onshore_wind_generation,Wind Onshore,2026-08-21T06:40:18Z
2026-08-21T06:33:41Z,2026-08-21T08:33:41+0200,6801fa27-1585-43c5-af49-29c528898ba2,2026-07-27T06:30:00Z,2026-07-27T08:30:00+0200,2052.94,MW,DK1,DK_1,actual_onshore_wind_generation,Wind Onshore,2026-08-21T06:40:18Z
2026-08-21T06:33:41Z,2026-08-21T08:33:41+0200,6801fa27-1585-43c5-af49-29c528898ba2,2026-07-27T06:45:00Z,2026-07-27T08:45:00+0200,2100.19,MW,DK1,DK_1,actual_onshore_wind_generation,Wind Onshore,2026-08-21T06:40:18Z
2026-08-21T06:33:41Z,2026-08-21T08:33:41+0200,6801fa27-1585-43c5-af49-29c528898ba2,2026-07-27T07:00:00Z,2026-07-27T09:00:00+0200,2189.75,MW,DK1,DK_1,actual_onshore_wind_generation,Wind Onshore,2026-08-21T06:40:18Z
2026-08-21T06:33:41Z,2026-08-21T08:33:41+0200,6801fa27-1585-43c5-af49-29c528898ba2,2026-07-27T07:15:00Z,2026-07-27T09:15:00+0200,2278.94,MW,DK1,DK_1,actual_onshore_wind_generation,Wind Onshore,2026-08-21T06:40:18Z
2026-08-21T06:33:41Z,2026-08-21T08:33:41+0200,6801fa27-1585-43c5-af49-29c528898ba2,2026-07-27T07:30:00Z,2026-07-27T09:30:00+0200,2373.29,MW,DK1,DK_1,actual_onshore_wind_generation,Wind Onshore,2026-08-21T06:40:18Z
2026-08-21T06:33:41Z,2026-08-21T08:33:41+0200,6801fa27-1585-43c5-af49-29c528898ba2,2026-07-27T07:45:00Z,2026-07-27T09:45:00+0200,2430.57,MW,DK1,DK_1,actual_onshore_wind_generation,Wind Onshore,2026-08-21T06:40:18Z
2026-08-21T06:33:41Z,2026-08-21T08:33:41+0200,6801fa27-1585-43c5-af49-29c528898ba2,2026-07-27T08:00:00Z,2026-07-27T10:00:00+0200,2478.25,MW,DK1,DK_1,actual_onshore_wind_generation,Wind Onshore,2026-08-21T06:40:18Z
2026-08-21T06:33:41Z,2026-08-21T08:33:41+0200,6801fa27-1585-43c5-af49-29c528898ba2,2026-07-27T08:15:00Z,2026-07-27T10:15:00+0200,2559.25,MW,DK1,DK_1,actual_onshore_wind_generation,Wind Onshore,2026-08-21T06:40:18Z
2026-08-21T06:33:41Z,2026-08-21T08:33:41+0200,6801fa27-1585-43c5-af49-29c528898ba2,2026-07-27T08:30:00Z,2026-07-27T10:30:00+0200,2579.23,MW,DK1,DK_1,actual_onshore_wind_generation,Wind Onshore,2026-08-21T06:40:18Z
2026-08-21T06:33:41Z,2026-08-21T08:33:41+0200,6801fa27-1585-43c5-af49-29c528898ba2,2026-07-27T08:45:00Z,2026-07-27T10:45:00+0200,2626.32,MW,DK1,DK_1,actual_onshore_wind_generation,Wind Onshore,2026-08-21T06:40:18Z
2026-08-21T06:33:41Z,2026-08-21T08:33:41+0200,6801fa27-1585-43c5-af49-29c528898ba2,2026-07-27T09:00:00Z,2026-07-27T11:00:00+0200,2674.08,MW,DK1,DK_1,actual_onshore_wind_generation,Wind Onshore,2026-08-21T06:40:18Z
2026-08-21T06:33:41Z,2026-08-21T08:33:41+0200,6801fa27-1585-43c5-af49-29c528898ba2,2026-07-27T09:15:00Z,2026-07-27T11:15:00+0200,2658.09,MW,DK1,DK_1,actual_onshore_wind_generation,Wind Onshore,2026-08-21T06:40:18Z
2026-08-21T06:33:41Z,2026-08-21T08:33:41+0200,6801fa27-1585-43c5-af49-29c528898ba2,2026-07-27T09:30:00Z,2026-07-27T11:30:00+0200,2373.89,MW,DK1,DK_1,actual_onshore_wind_generation,Wind Onshore,2026-08-21T06:40:18Z
2026-08-21T06:33:41Z,2026-08-21T08:33:41+0200,6801fa27-1585-43c5-af49-29c528898ba2,2026-07-27T09:45:00Z,2026-07-27T11:45:00+0200,2618.81,MW,DK1,DK_1,actual_onshore_wind_generation,Wind Onshore,2026-08-21T06:40:18Z
2026-08-21T06:33:41Z,2026-08-21T08:33:41+0200,6801fa27-1585-43c5-af49-29c528898ba2,2026-07-27T10:00:00Z,2026-07-27T12:00:00+0200,2505.28,MW,DK1,DK_1,actual_onshore_wind_generation,Wind Onshore,2026-08-21T06:40:18Z
2026-08-21T06:33:41Z,2026-08-21T08:33:41+0200,6801fa27-1585-43c5-af49-29c528898ba2,2026-07-27T10:15:00Z,2026-07-27T12:15:00+0200,2572.17,MW,DK1,DK_1,actual_onshore_wind_generation,Wind Onshore,2026-08-21T06:40:18Z
2026-08-21T06:33:41Z,2026-08-21T08:33:41+0200,6801fa27-1585-43c5-af49-29c528898ba2,2026-07-27T10:30:00Z,2026-07-27T12:30:00+0200,2420.84,MW,DK1,DK_1,actual_onshore_wind_generation,Wind Onshore,2026-08-21T06:40:18Z
2026-08-21T06:33:41Z,2026-08-21T08:33:41+0200,6801fa27-1585-43c5-af49-29c528898ba2,2026-07-27T10:45:00Z,2026-07-27T12:45:00+0200,2564.16,MW,DK1,DK_1,actual_onshore_wind_generation,Wind Onshore,2026-08-21T06:40:18Z
2026-08-21T06:33:41Z,2026-08-21T08:33:41+0200,6801fa27-1585-43c5-af49-29c528898ba2,2026-07-27T11:00:00Z,2026-07-27T13:00:00+0200,2431.87,MW,DK1,DK_1,actual_onshore_wind_generation,Wind Onshore,2026-08-21T06:40:18Z
2026-08-21T06:33:41Z,2026-08-21T08:33:41+0200,6801fa27-1585-43c5-af49-29c528898ba2,2026-07-27T11:15:00Z,2026-07-27T13:15:00+0200,2497.45,MW,DK1,DK_1,actual_onshore_wind_generation,Wind Onshore,2026-08-21T06:40:18Z
2026-08-21T06:33:41Z,2026-08-21T08:33:41+0200,6801fa27-1585-43c5-af49-29c528898ba2,2026-07-27T11:30:00Z,2026-07-27T13:30:00+0200,2496.32,MW,DK1,DK_1,actual_onshore_wind_generation,Wind Onshore,2026-08-21T06:40:18Z
2026-08-21T06:33:41Z,2026-08-21T08:33:41+0200,6801fa27-1585-43c5-af49-29c528898ba2,2026-07-27T11:45:00Z,2026-07-27T13:45:00+0200,2625.17,MW,DK1,DK_1,actual_onshore_wind_generation,Wind Onshore,2026-08-21T06:40:18Z
2026-08-21T06:33:41Z,2026-08-21T08:33:41+0200,6801fa27-1585-43c5-af49-29c528898ba2,2026-07-27T12:00:00Z,2026-07-27T14:00:00+0200,2370.27,MW,DK1,DK_1,actual_onshore_wind_generation,Wind Onshore,2026-08-21T06:40:18Z
2026-08-21T06:33:41Z,2026-08-21T08:33:41+0200,6801fa27-1585-43c5-af49-29c528898ba2,2026-07-27T12:15:00Z,2026-07-27T14:15:00+0200,2515.16,MW,DK1,DK_1,actual_onshore_wind_generation,Wind Onshore,2026-08-21T06:40:18Z
2026-08-21T06:33:41Z,2026-08-21T08:33:41+0200,6801fa27-1585-43c5-af49-29c528898ba2,2026-07-27T12:30:00Z,2026-07-27T14:30:00+0200,2903.11,MW,DK1,DK_1,actual_onshore_wind_generation,Wind Onshore,2026-08-21T06:40:18Z
2026-08-21T06:33:41Z,2026-08-21T08:33:41+0200,6801fa27-1585-43c5-af49-29c528898ba2,2026-07-27T12:45:00Z,2026-07-27T14:45:00+0200,2632.75,MW,DK1,DK_1,actual_onshore_wind_generation,Wind Onshore,2026-08-21T06:40:18Z
2026-08-21T06:33:41Z,2026-08-21T08:33:41+0200,6801fa27-1585-43c5-af49-29c528898ba2,2026-07-27T13:00:00Z,2026-07-27T15:00:00+0200,2618.74,MW,DK1,DK_1,actual_onshore_wind_generation,Wind Onshore,2026-08-21T06:40:18Z
2026-08-21T06:33:41Z,2026-08-21T08:33:41+0200,6801fa27-1585-43c5-af49-29c528898ba2,2026-07-27T13:15:00Z,2026-07-27T15:15:00+0200,2424.54,MW,DK1,DK_1,actual_onshore_wind_generation,Wind Onshore,2026-08-21T06:40:18Z
2026-08-21T06:33:41Z,2026-08-21T08:33:41+0200,6801fa27-1585-43c5-af49-29c528898ba2,2026-07-27T13:30:00Z,2026-07-27T15:30:00+0200,2498.58,MW,DK1,DK_1,actual_onshore_wind_generation,Wind Onshore,2026-08-21T06:40:18Z
2026-08-21T06:33:41Z,2026-08-21T08:33:41+0200,6801fa27-1585-43c5-af49-29c528898ba2,2026-07-27T13:45:00Z,2026-07-27T15:45:00+0200,2675.71,MW,DK1,DK_1,actual_onshore_wind_generation,Wind Onshore,2026-08-21T06:40:18Z
2026-08-21T06:33:41Z,2026-08-21T08:33:41+0200,6801fa27-1585-43c5-af49-29c528898ba2,2026-07-27T14:00:00Z,2026-07-27T16:00:00+0200,2511.39,MW,DK1,DK_1,actual_onshore_wind_generation,Wind Onshore,2026-08-21T06:40:18Z
2026-08-21T06:33:41Z,2026-08-21T08:33:41+0200,6801fa27-1585-43c5-af49-29c528898ba2,2026-07-27T14:15:00Z,2026-07-27T16:15:00+0200,2450.06,MW,DK1,DK_1,actual_onshore_wind_generation,Wind Onshore,2026-08-21T06:40:18Z
2026-08-21T06:33:41Z,2026-08-21T08:33:41+0200,6801fa27-1585-43c5-af49-29c528898ba2,2026-07-27T14:30:00Z,2026-07-27T16:30:00+0200,2607.01,MW,DK1,DK_1,actual_onshore_wind_generation,Wind Onshore,2026-08-21T06:40:18Z
2026-08-21T06:33:41Z,2026-08-21T08:33:41+0200,6801fa27-1585-43c5-af49-29c528898ba2,2026-07-27T14:45:00Z,2026-07-27T16:45:00+0200,2614.61,MW,DK1,DK_1,actual_onshore_wind_generation,Wind Onshore,2026-08-21T06:40:18Z
2026-08-21T06:33:41Z,2026-08-21T08:33:41+0200,6801fa27-1585-43c5-af49-29c528898ba2,2026-07-27T15:00:00Z,2026-07-27T17:00:00+0200,2585.67,MW,DK1,DK_1,actual_onshore_wind_generation,Wind Onshore,2026-08-21T06:40:18Z
2026-08-21T06:33:41Z,2026-08-21T08:33:41+0200,6801fa27-1585-43c5-af49-29c528898ba2,2026-07-27T15:15:00Z,2026-07-27T17:15:00+0200,2727.24,MW,DK1,DK_1,actual_onshore_wind_generation,Wind Onshore,2026-08-21T06:40:18Z
2026-08-21T06:33:41Z,2026-08-21T08:33:41+0200,6801fa27-1585-43c5-af49-29c528898ba2,2026-07-27T15:30:00Z,2026-07-27T17:30:00+0200,2926.75,MW,DK1,DK_1,actual_onshore_wind_generation,Wind Onshore,2026-08-21T06:40:18Z
2026-08-21T06:33:41Z,2026-08-21T08:33:41+0200,6801fa27-1585-43c5-af49-29c528898ba2,2026-07-27T15:45:00Z,2026-07-27T17:45:00+0200,2989.06,MW,DK1,DK_1,actual_onshore_wind_generation,Wind Onshore,2026-08-21T06:40:18Z
2026-08-21T06:33:41Z,2026-08-21T08:33:41+0200,6801fa27-1585-43c5-af49-29c528898ba2,2026-07-27T16:00:00Z,2026-07-27T18:00:00+0200,2951.84,MW,DK1,DK_1,actual_onshore_wind_generation,Wind Onshore,2026-08-21T06:40:18Z
2026-08-21T06:33:41Z,2026-08-21T08:33:41+0200,6801fa27-1585-43c5-af49-29c528898ba2,2026-07-27T16:15:00Z,2026-07-27T18:15:00+0200,2910.78,MW,DK1,DK_1,actual_onshore_wind_generation,Wind Onshore,2026-08-21T06:40:18Z
2026-08-21T06:33:41Z,2026-08-21T08:33:41+0200,6801fa27-1585-43c5-af49-29c528898ba2,2026-07-27T16:30:00Z,2026-07-27T18:30:00+0200,2934.9,MW,DK1,DK_1,actual_onshore_wind_generation,Wind Onshore,2026-08-21T06:40:18Z
2026-08-21T06:33:41Z,2026-08-21T08:33:41+0200,6801fa27-1585-43c5-af49-29c528898ba2,2026-07-27T16:45:00Z,2026-07-27T18:45:00+0200,2855.51,MW,DK1,DK_1,actual_onshore_wind_generation,Wind Onshore,2026-08-21T06:40:18Z
2026-08-21T06:33:41Z,2026-08-21T08:33:41+0200,6801fa27-1585-43c5-af49-29c528898ba2,2026-07-27T17:00:00Z,2026-07-27T19:00:00+0200,2815.45,MW,DK1,DK_1,actual_onshore_wind_generation,Wind Onshore,2026-08-21T06:40:18Z
2026-08-21T06:33:41Z,2026-08-21T08:33:41+0200,6801fa27-1585-43c5-af49-29c528898ba2,2026-07-27T17:15:00Z,2026-07-27T19:15:00+0200,2774.44,MW,DK1,DK_1,actual_onshore_wind_generation,Wind Onshore,2026-08-21T06:40:18Z
2026-08-21T06:33:41Z,2026-08-21T08:33:41+0200,6801fa27-1585-43c5-af49-29c528898ba2,2026-07-27T17:30:00Z,2026-07-27T19:30:00+0200,2674.62,MW,DK1,DK_1,actual_onshore_wind_generation,Wind Onshore,2026-08-21T06:40:18Z
2026-08-21T06:33:41Z,2026-08-21T08:33:41+0200,6801fa27-1585-43c5-af49-29c528898ba2,2026-07-27T17:45:00Z,2026-07-27T19:45:00+0200,2620.73,MW,DK1,DK_1,actual_onshore_wind_generation,Wind Onshore,2026-08-21T06:40:18Z
2026-08-21T06:33:41Z,2026-08-21T08:33:41+0200,6801fa27-1585-43c5-af49-29c528898ba2,2026-07-27T18:00:00Z,2026-07-27T20:00:00+0200,2513.59,MW,DK1,DK_1,actual_onshore_wind_generation,Wind Onshore,2026-08-21T06:40:18Z
2026-08-21T06:33:41Z,2026-08-21T08:33:41+0200,6801fa27-1585-43c5-af49-29c528898ba2,2026-07-27T18:15:00Z,2026-07-27T20:15:00+0200,2418.52,MW,DK1,DK_1,actual_onshore_wind_generation,Wind Onshore,2026-08-21T06:40:18Z
2026-08-21T06:33:41Z,2026-08-21T08:33:41+0200,6801fa27-1585-43c5-af49-29c528898ba2,2026-07-27T18:30:00Z,2026-07-27T20:30:00+0200,2361.52,MW,DK1,DK_1,actual_onshore_wind_generation,Wind Onshore,2026-08-21T06:40:18Z
2026-08-21T06:33:41Z,2026-08-21T08:33:41+0200,6801fa27-1585-43c5-af49-29c528898ba2,2026-07-27T18:45:00Z,2026-07-27T20:45:00+0200,2231.73,MW,DK1,DK_1,actual_onshore_wind_generation,Wind Onshore,2026-08-21T06:40:18Z
2026-08-21T06:33:41Z,2026-08-21T08:33:41+0200,6801fa27-1585-43c5-af49-29c528898ba2,2026-07-27T19:00:00Z,2026-07-27T21:00:00+0200,2103.93,MW,DK1,DK_1,actual_onshore_wind_generation,Wind Onshore,2026-08-21T06:40:18Z
2026-08-21T06:33:41Z,2026-08-21T08:33:41+0200,6801fa27-1585-43c5-af49-29c528898ba2,2026-07-27T19:15:00Z,2026-07-27T21:15:00+0200,2041.45,MW,DK1,DK_1,actual_onshore_wind_generation,Wind Onshore,2026-08-21T06:40:18Z
2026-08-21T06:33:41Z,2026-08-21T08:33:41+0200,6801fa27-1585-43c5-af49-29c528898ba2,2026-07-27T19:30:00Z,2026-07-27T21:30:00+0200,1946.85,MW,DK1,DK_1,actual_onshore_wind_generation,Wind Onshore,2026-08-21T06:40:18Z
2026-08-21T06:33:41Z,2026-08-21T08:33:41+0200,6801fa27-1585-43c5-af49-29c528898ba2,2026-07-27T19:45:00Z,2026-07-27T21:45:00+0200,1936.71,MW,DK1,DK_1,actual_onshore_wind_generation,Wind Onshore,2026-08-21T06:40:18Z
2026-08-21T06:33:41Z,2026-08-21T08:33:41+0200,6801fa27-1585-43c5-af49-29c528898ba2,2026-07-27T20:00:00Z,2026-07-27T22:00:00+0200,1877.8,MW,DK1,DK_1,actual_onshore_wind_generation,Wind Onshore,2026-08-21T06:40:18Z
2026-08-21T06:33:41Z,2026-08-21T08:33:41+0200,6801fa27-1585-43c5-af49-29c528898ba2,2026-07-27T20:15:00Z,2026-07-27T22:15:00+0200,1859.04,MW,DK1,DK_1,actual_onshore_wind_generation,Wind Onshore,2026-08-21T06:40:18Z
2026-08-21T06:33:41Z,2026-08-21T08:33:41+0200,6801fa27-1585-43c5-af49-29c528898ba2,2026-07-27T20:30:00Z,2026-07-27T22:30:00+0200,1813.98,MW,DK1,DK_1,actual_onshore_wind_generation,Wind Onshore,2026-08-21T06:40:18Z
2026-08-21T06:33:41Z,2026-08-21T08:33:41+0200,6801fa27-1585-43c5-af49-29c528898ba2,2026-07-27T20:45:00Z,2026-07-27T22:45:00+0200,1790.44,MW,DK1,DK_1,actual_onshore_wind_generation,Wind Onshore,2026-08-21T06:40:18Z
2026-08-21T06:33:41Z,2026-08-21T08:33:41+0200,6801fa27-1585-43c5-af49-29c528898ba2,2026-07-27T21:00:00Z,2026-07-27T23:00:00+0200,1819.14,MW,DK1,DK_1,actual_onshore_wind_generation,Wind Onshore,2026-08-21T06:40:18Z
2026-08-21T06:33:41Z,2026-08-21T08:33:41+0200,6801fa27-1585-43c5-af49-29c528898ba2,2026-07-27T21:15:00Z,2026-07-27T23:15:00+0200,1821.92,MW,DK1,DK_1,actual_onshore_wind_generation,Wind Onshore,2026-08-21T06:40:18Z
2026-08-21T06:33:41Z,2026-08-21T08:33:41+0200,6801fa27-1585-43c5-af49-29c528898ba2,2026-07-27T21:30:00Z,2026-07-27T23:30:00+0200,1835.32,MW,DK1,DK_1,actual_onshore_wind_generation,Wind Onshore,2026-08-21T06:40:18Z
2026-08-21T06:33:41Z,2026-08-21T08:33:41+0200,6801fa27-1585-43c5-af49-29c528898ba2,2026-07-27T21:45:00Z,2026-07-27T23:45:00+0200,1806.57,MW,DK1,DK_1,actual_onshore_wind_generation,Wind Onshore,2026-08-21T06:40:18Z
2026-08-21T06:33:41Z,2026-08-21T08:33:41+0200,6801fa27-1585-43c5-af49-29c528898ba2,2026-07-27T22:00:00Z,2026-07-28T00:00:00+0200,1766.45,MW,DK1,DK_1,actual_onshore_wind_generation,Wind Onshore,2026-08-21T06:40:18Z
2026-08-21T06:33:41Z,2026-08-21T08:33:41+0200,6801fa27-1585-43c5-af49-29c528898ba2,2026-07-27T22:15:00Z,2026-07-28T00:15:00+0200,1733.72,MW,DK1,DK_1,actual_onshore_wind_generation,Wind Onshore,2026-08-21T06:40:18Z
2026-08-21T06:33:41Z,2026-08-21T08:33:41+0200,6801fa27-1585-43c5-af49-29c528898ba2,2026-07-27T22:30:00Z,2026-07-28T00:30:00+0200,1734.85,MW,DK1,DK_1,actual_onshore_wind_generation,Wind Onshore,2026-08-21T06:40:18Z
2026-08-21T06:33:41Z,2026-08-21T08:33:41+0200,6801fa27-1585-43c5-af49-29c528898ba2,2026-07-27T22:45:00Z,2026-07-28T00:45:00+0200,1725.09,MW,DK1,DK_1,actual_onshore_wind_generation,Wind Onshore,2026-08-21T06:40:18Z
2026-08-21T06:33:41Z,2026-08-21T08:33:41+0200,6801fa27-1585-43c5-af49-29c528898ba2,2026-07-27T23:00:00Z,2026-07-28T01:00:00+0200,1742.49,MW,DK1,DK_1,actual_onshore_wind_generation,Wind Onshore,2026-08-21T06:40:18Z
2026-08-21T06:33:41Z,2026-08-21T08:33:41+0200,6801fa27-1585-43c5-af49-29c528898ba2,2026-07-27T23:15:00Z,2026-07-28T01:15:00+0200,1749.46,MW,DK1,DK_1,actual_onshore_wind_generation,Wind Onshore,2026-08-21T06:40:18Z
2026-08-21T06:33:41Z,2026-08-21T08:33:41+0200,6801fa27-1585-43c5-af49-29c528898ba2,2026-07-27T23:30:00Z,2026-07-28T01:30:00+0200,1706.17,MW,DK1,DK_1,actual_onshore_wind_generation,Wind Onshore,2026-08-21T06:40:18Z
2026-08-21T06:33:41Z,2026-08-21T08:33:41+0200,6801fa27-1585-43c5-af49-29c528898ba2,2026-07-27T23:45:00Z,2026-07-28T01:45:00+0200,1643.87,MW,DK1,DK_1,actual_onshore_wind_generation,Wind Onshore,2026-08-21T06:40:18Z
2026-08-21T06:33:41Z,2026-08-21T08:33:41+0200,6801fa27-1585-43c5-af49-29c528898ba2,2026-07-28T00:00:00Z,2026-07-28T02:00:00+0200,1652.51,MW,DK1,DK_1,actual_onshore_wind_generation,Wind Onshore,2026-08-21T06:40:18Z
2026-08-21T06:33:41Z,2026-08-21T08:33:41+0200,6801fa27-1585-43c5-af49-29c528898ba2,2026-07-28T00:15:00Z,2026-07-28T02:15:00+0200,1624.53,MW,DK1,DK_1,actual_onshore_wind_generation,Wind Onshore,2026-08-21T06:40:18Z
2026-08-21T06:33:41Z,2026-08-21T08:33:41+0200,6801fa27-1585-43c5-af49-29c528898ba2,2026-07-28T00:30:00Z,2026-07-28T02:30:00+0200,1610.68,MW,DK1,DK_1,actual_onshore_wind_generation,Wind Onshore,2026-08-21T06:40:18Z
2026-08-21T06:33:41Z,2026-08-21T08:33:41+0200,6801fa27-1585-43c5-af49-29c528898ba2,2026-07-28T00:45:00Z,2026-07-28T02:45:00+0200,1606.33,MW,DK1,DK_1,actual_onshore_wind_generation,Wind Onshore,2026-08-21T06:40:18Z
2026-08-21T06:33:41Z,2026-08-21T08:33:41+0200,6801fa27-1585-43c5-af49-29c528898ba2,2026-07-28T01:00:00Z,2026-07-28T03:00:00+0200,1536.37,MW,DK1,DK_1,actual_onshore_wind_generation,Wind Onshore,2026-08-21T06:40:18Z
2026-08-21T06:33:41Z,2026-08-21T08:33:41+0200,6801fa27-1585-43c5-af49-29c528898ba2,2026-07-28T01:15:00Z,2026-07-28T03:15:00+0200,1461.16,MW,DK1,DK_1,actual_onshore_wind_generation,Wind Onshore,2026-08-21T06:40:18Z
2026-08-21T06:33:41Z,2026-08-21T08:33:41+0200,6801fa27-1585-43c5-af49-29c528898ba2,2026-07-28T01:30:00Z,2026-07-28T03:30:00+0200,1419.75,MW,DK1,DK_1,actual_onshore_wind_generation,Wind Onshore,2026-08-21T06:40:18Z
2026-08-21T06:33:41Z,2026-08-21T08:33:41+0200,6801fa27-1585-43c5-af49-29c528898ba2,2026-07-28T01:45:00Z,2026-07-28T03:45:00+0200,1387.27,MW,DK1,DK_1,actual_onshore_wind_generation,Wind Onshore,2026-08-21T06:40:18Z
2026-08-21T06:33:41Z,2026-08-21T08:33:41+0200,6801fa27-1585-43c5-af49-29c528898ba2,2026-07-28T02:00:00Z,2026-07-28T04:00:00+0200,1345.96,MW,DK1,DK_1,actual_onshore_wind_generation,Wind Onshore,2026-08-21T06:40:18Z
2026-08-21T06:33:41Z,2026-08-21T08:33:41+0200,6801fa27-1585-43c5-af49-29c528898ba2,2026-07-28T02:15:00Z,2026-07-28T04:15:00+0200,1309.14,MW,DK1,DK_1,actual_onshore_wind_generation,Wind Onshore,2026-08-21T06:40:18Z
2026-08-21T06:33:41Z,2026-08-21T08:33:41+0200,6801fa27-1585-43c5-af49-29c528898ba2,2026-07-28T02:30:00Z,2026-07-28T04:30:00+0200,1271.34,MW,DK1,DK_1,actual_onshore_wind_generation,Wind Onshore,2026-08-21T06:40:18Z
2026-08-21T06:33:41Z,2026-08-21T08:33:41+0200,6801fa27-1585-43c5-af49-29c528898ba2,2026-07-28T02:45:00Z,2026-07-28T04:45:00+0200,1223.21,MW,DK1,DK_1,actual_onshore_wind_generation,Wind Onshore,2026-08-21T06:40:18Z
2026-08-21T06:33:41Z,2026-08-21T08:33:41+0200,6801fa27-1585-43c5-af49-29c528898ba2,2026-07-28T03:00:00Z,2026-07-28T05:00:00+0200,1206.01,MW,DK1,DK_1,actual_onshore_wind_generation,Wind Onshore,2026-08-21T06:40:18Z
2026-08-21T06:33:41Z,2026-08-21T08:33:41+0200,6801fa27-1585-43c5-af49-29c528898ba2,2026-07-28T03:15:00Z,2026-07-28T05:15:00+0200,1253.96,MW,DK1,DK_1,actual_onshore_wind_generation,Wind Onshore,2026-08-21T06:40:18Z
2026-08-21T06:33:41Z,2026-08-21T08:33:41+0200,6801fa27-1585-43c5-af49-29c528898ba2,2026-07-28T03:30:00Z,2026-07-28T05:30:00+0200,1250.87,MW,DK1,DK_1,actual_onshore_wind_generation,Wind Onshore,2026-08-21T06:40:18Z
2026-08-21T06:33:41Z,2026-08-21T08:33:41+0200,6801fa27-1585-43c5-af49-29c528898ba2,2026-07-28T03:45:00Z,2026-07-28T05:45:00+0200,1215.72,MW,DK1,DK_1,actual_onshore_wind_generation,Wind Onshore,2026-08-21T06:40:18Z
2026-08-21T06:33:41Z,2026-08-21T08:33:41+0200,6801fa27-1585-43c5-af49-29c528898ba2,2026-07-28T04:00:00Z,2026-07-28T06:00:00+0200,1149.34,MW,DK1,DK_1,actual_onshore_wind_generation,Wind Onshore,2026-08-21T06:40:18Z
2026-08-21T06:33:41Z,2026-08-21T08:33:41+0200,6801fa27-1585-43c5-af49-29c528898ba2,2026-07-28T04:15:00Z,2026-07-28T06:15:00+0200,1088.52,MW,DK1,DK_1,actual_onshore_wind_generation,Wind Onshore,2026-08-21T06:40:18Z
2026-08-21T06:33:41Z,2026-08-21T08:33:41+0200,6801fa27-1585-43c5-af49-29c528898ba2,2026-07-28T04:30:00Z,2026-07-28T06:30:00+0200,1030.45,MW,DK1,DK_1,actual_onshore_wind_generation,Wind Onshore,2026-08-21T06:40:18Z
2026-08-21T06:33:41Z,2026-08-21T08:33:41+0200,6801fa27-1585-43c5-af49-29c528898ba2,2026-07-28T04:45:00Z,2026-07-28T06:45:00+0200,986.738,MW,DK1,DK_1,actual_onshore_wind_generation,Wind Onshore,2026-08-21T06:40:18Z
2026-08-21T06:33:41Z,2026-08-21T08:33:41+0200,6801fa27-1585-43c5-af49-29c528898ba2,2026-07-28T05:00:00Z,2026-07-28T07:00:00+0200,941.313,MW,DK1,DK_1,actual_onshore_wind_generation,Wind Onshore,2026-08-21T06:40:18Z
2026-08-21T06:33:41Z,2026-08-21T08:33:41+0200,6801fa27-1585-43c5-af49-29c528898ba2,2026-07-28T05:15:00Z,2026-07-28T07:15:00+0200,906.681,MW,DK1,DK_1,actual_onshore_wind_generation,Wind Onshore,2026-08-21T06:40:18Z
2026-08-21T06:33:41Z,2026-08-21T08:33:41+0200,6801fa27-1585-43c5-af49-29c528898ba2,2026-07-28T05:30:00Z,2026-07-28T07:30:00+0200,934.315,MW,DK1,DK_1,actual_onshore_wind_generation,Wind Onshore,2026-08-21T06:40:18Z
2026-08-21T06:33:41Z,2026-08-21T08:33:41+0200,6801fa27-1585-43c5-af49-29c528898ba2,2026-07-28T05:45:00Z,2026-07-28T07:45:00+0200,969.83,MW,DK1,DK_1,actual_onshore_wind_generation,Wind Onshore,2026-08-21T06:40:18Z
2026-08-21T06:33:41Z,2026-08-21T08:33:41+0200,6801fa27-1585-43c5-af49-29c528898ba2,2026-07-28T06:00:00Z,2026-07-28T08:00:00+0200,1005.64,MW,DK1,DK_1,actual_onshore_wind_generation,Wind Onshore,2026-08-21T06:40:18Z
2026-08-21T06:33:41Z,2026-08-21T08:33:41+0200,6801fa27-1585-43c5-af49-29c528898ba2,2026-07-28T06:15:00Z,2026-07-28T08:15:00+0200,1066.7,MW,DK1,DK_1,actual_onshore_wind_generation,Wind Onshore,2026-08-21T06:40:18Z
2026-08-21T06:33:41Z,2026-08-21T08:33:41+0200,6801fa27-1585-43c5-af49-29c528898ba2,2026-07-28T06:30:00Z,2026-07-28T08:30:00+0200,1137.1,MW,DK1,DK_1,actual_onshore_wind_generation,Wind Onshore,2026-08-21T06:40:18Z
2026-08-21T06:33:41Z,2026-08-21T08:33:41+0200,6801fa27-1585-43c5-af49-29c528898ba2,2026-07-28T06:45:00Z,2026-07-28T08:45:00+0200,1222.51,MW,DK1,DK_1,actual_onshore_wind_generation,Wind Onshore,2026-08-21T06:40:18Z
2026-08-21T06:33:41Z,2026-08-21T08:33:41+0200,6801fa27-1585-43c5-af49-29c528898ba2,2026-07-28T07:00:00Z,2026-07-28T09:00:00+0200,1228.06,MW,DK1,DK_1,actual_onshore_wind_generation,Wind Onshore,2026-08-21T06:40:18Z
2026-08-21T06:33:41Z,2026-08-21T08:33:41+0200,6801fa27-1585-43c5-af49-29c528898ba2,2026-07-28T07:15:00Z,2026-07-28T09:15:00+0200,1265.39,MW,DK1,DK_1,actual_onshore_wind_generation,Wind Onshore,2026-08-21T06:40:18Z
2026-08-21T06:33:41Z,2026-08-21T08:33:41+0200,6801fa27-1585-43c5-af49-29c528898ba2,2026-07-28T07:30:00Z,2026-07-28T09:30:00+0200,1306.51,MW,DK1,DK_1,actual_onshore_wind_generation,Wind Onshore,2026-08-21T06:40:18Z
2026-08-21T06:33:41Z,2026-08-21T08:33:41+0200,6801fa27-1585-43c5-af49-29c528898ba2,2026-07-28T07:45:00Z,2026-07-28T09:45:00+0200,1286.49,MW,DK1,DK_1,actual_onshore_wind_generation,Wind Onshore,2026-08-21T06:40:18Z
2026-08-21T06:33:41Z,2026-08-21T08:33:41+0200,6801fa27-1585-43c5-af49-29c528898ba2,2026-07-28T08:00:00Z,2026-07-28T10:00:00+0200,1281.82,MW,DK1,DK_1,actual_onshore_wind_generation,Wind Onshore,2026-08-21T06:40:18Z
2026-08-21T06:33:41Z,2026-08-21T08:33:41+0200,6801fa27-1585-43c5-af49-29c528898ba2,2026-07-28T08:15:00Z,2026-07-28T10:15:00+0200,1254.55,MW,DK1,DK_1,actual_onshore_wind_generation,Wind Onshore,2026-08-21T06:40:18Z
2026-08-21T06:33:41Z,2026-08-21T08:33:41+0200,6801fa27-1585-43c5-af49-29c528898ba2,2026-07-28T08:30:00Z,2026-07-28T10:30:00+0200,1262.83,MW,DK1,DK_1,actual_onshore_wind_generation,Wind Onshore,2026-08-21T06:40:18Z
2026-08-21T06:33:41Z,2026-08-21T08:33:41+0200,6801fa27-1585-43c5-af49-29c528898ba2,2026-07-28T08:45:00Z,2026-07-28T10:45:00+0200,1159.24,MW,DK1,DK_1,actual_onshore_wind_generation,Wind Onshore,2026-08-21T06:40:18Z
2026-08-21T06:33:41Z,2026-08-21T08:33:41+0200,6801fa27-1585-43c5-af49-29c528898ba2,2026-07-28T09:00:00Z,2026-07-28T11:00:00+0200,1206.77,MW,DK1,DK_1,actual_onshore_wind_generation,Wind Onshore,2026-08-21T06:40:18Z
2026-08-21T06:33:41Z,2026-08-21T08:33:41+0200,6801fa27-1585-43c5-af49-29c528898ba2,2026-07-28T09:15:00Z,2026-07-28T11:15:00+0200,1132.4,MW,DK1,DK_1,actual_onshore_wind_generation,Wind Onshore,2026-08-21T06:40:18Z
2026-08-21T06:33:41Z,2026-08-21T08:33:41+0200,6801fa27-1585-43c5-af49-29c528898ba2,2026-07-28T09:30:00Z,2026-07-28T11:30:00+0200,1054.64,MW,DK1,DK_1,actual_onshore_wind_generation,Wind Onshore,2026-08-21T06:40:18Z
2026-08-21T06:33:41Z,2026-08-21T08:33:41+0200,6801fa27-1585-43c5-af49-29c528898ba2,2026-07-28T09:45:00Z,2026-07-28T11:45:00+0200,1044.51,MW,DK1,DK_1,actual_onshore_wind_generation,Wind Onshore,2026-08-21T06:40:18Z
2026-08-21T06:33:41Z,2026-08-21T08:33:41+0200,6801fa27-1585-43c5-af49-29c528898ba2,2026-07-28T10:00:00Z,2026-07-28T12:00:00+0200,1074.1,MW,DK1,DK_1,actual_onshore_wind_generation,Wind Onshore,2026-08-21T06:40:18Z
2026-08-21T06:33:41Z,2026-08-21T08:33:41+0200,6801fa27-1585-43c5-af49-29c528898ba2,2026-07-28T10:15:00Z,2026-07-28T12:15:00+0200,1061.81,MW,DK1,DK_1,actual_onshore_wind_generation,Wind Onshore,2026-08-21T06:40:18Z
2026-08-21T06:33:41Z,2026-08-21T08:33:41+0200,6801fa27-1585-43c5-af49-29c528898ba2,2026-07-28T10:30:00Z,2026-07-28T12:30:00+0200,1073.39,MW,DK1,DK_1,actual_onshore_wind_generation,Wind Onshore,2026-08-21T06:40:18Z
2026-08-21T06:33:41Z,2026-08-21T08:33:41+0200,6801fa27-1585-43c5-af49-29c528898ba2,2026-07-28T10:45:00Z,2026-07-28T12:45:00+0200,1093.68,MW,DK1,DK_1,actual_onshore_wind_generation,Wind Onshore,2026-08-21T06:40:18Z
2026-08-21T06:33:41Z,2026-08-21T08:33:41+0200,6801fa27-1585-43c5-af49-29c528898ba2,2026-07-28T11:00:00Z,2026-07-28T13:00:00+0200,1112.98,MW,DK1,DK_1,actual_onshore_wind_generation,Wind Onshore,2026-08-21T06:40:18Z
2026-08-21T06:33:41Z,2026-08-21T08:33:41+0200,6801fa27-1585-43c5-af49-29c528898ba2,2026-07-28T11:15:00Z,2026-07-28T13:15:00+0200,1118.36,MW,DK1,DK_1,actual_onshore_wind_generation,Wind Onshore,2026-08-21T06:40:18Z
2026-08-21T06:33:41Z,2026-08-21T08:33:41+0200,6801fa27-1585-43c5-af49-29c528898ba2,2026-07-28T11:30:00Z,2026-07-28T13:30:00+0200,1088.73,MW,DK1,DK_1,actual_onshore_wind_generation,Wind Onshore,2026-08-21T06:40:18Z
2026-08-21T06:33:41Z,2026-08-21T08:33:41+0200,6801fa27-1585-43c5-af49-29c528898ba2,2026-07-28T11:45:00Z,2026-07-28T13:45:00+0200,1105.36,MW,DK1,DK_1,actual_onshore_wind_generation,Wind Onshore,2026-08-21T06:40:18Z
2026-08-21T06:33:41Z,2026-08-21T08:33:41+0200,6801fa27-1585-43c5-af49-29c528898ba2,2026-07-28T12:00:00Z,2026-07-28T14:00:00+0200,1111.87,MW,DK1,DK_1,actual_onshore_wind_generation,Wind Onshore,2026-08-21T06:40:18Z
2026-08-21T06:33:41Z,2026-08-21T08:33:41+0200,6801fa27-1585-43c5-af49-29c528898ba2,2026-07-28T12:15:00Z,2026-07-28T14:15:00+0200,1116.02,MW,DK1,DK_1,actual_onshore_wind_generation,Wind Onshore,2026-08-21T06:40:18Z
2026-08-21T06:33:41Z,2026-08-21T08:33:41+0200,6801fa27-1585-43c5-af49-29c528898ba2,2026-07-28T12:30:00Z,2026-07-28T14:30:00+0200,1120.23,MW,DK1,DK_1,actual_onshore_wind_generation,Wind Onshore,2026-08-21T06:40:18Z
2026-08-21T06:33:41Z,2026-08-21T08:33:41+0200,6801fa27-1585-43c5-af49-29c528898ba2,2026-07-28T12:45:00Z,2026-07-28T14:45:00+0200,1107.15,MW,DK1,DK_1,actual_onshore_wind_generation,Wind Onshore,2026-08-21T06:40:18Z
2026-08-21T06:33:41Z,2026-08-21T08:33:41+0200,6801fa27-1585-43c5-af49-29c528898ba2,2026-07-28T13:00:00Z,2026-07-28T15:00:00+0200,1172.33,MW,DK1,DK_1,actual_onshore_wind_generation,Wind Onshore,2026-08-21T06:40:18Z
2026-08-21T06:33:41Z,2026-08-21T08:33:41+0200,6801fa27-1585-43c5-af49-29c528898ba2,2026-07-28T13:15:00Z,2026-07-28T15:15:00+0200,1241.77,MW,DK1,DK_1,actual_onshore_wind_generation,Wind Onshore,2026-08-21T06:40:18Z
2026-08-21T06:33:41Z,2026-08-21T08:33:41+0200,6801fa27-1585-43c5-af49-29c528898ba2,2026-07-28T13:30:00Z,2026-07-28T15:30:00+0200,1243.94,MW,DK1,DK_1,actual_onshore_wind_generation,Wind Onshore,2026-08-21T06:40:18Z
2026-08-21T06:33:41Z,2026-08-21T08:33:41+0200,6801fa27-1585-43c5-af49-29c528898ba2,2026-07-28T13:45:00Z,2026-07-28T15:45:00+0200,1377.89,MW,DK1,DK_1,actual_onshore_wind_generation,Wind Onshore,2026-08-21T06:40:18Z
2026-08-21T06:33:41Z,2026-08-21T08:33:41+0200,6801fa27-1585-43c5-af49-29c528898ba2,2026-07-28T14:00:00Z,2026-07-28T16:00:00+0200,1284.31,MW,DK1,DK_1,actual_onshore_wind_generation,Wind Onshore,2026-08-21T06:40:18Z
2026-08-21T06:33:41Z,2026-08-21T08:33:41+0200,6801fa27-1585-43c5-af49-29c528898ba2,2026-07-28T14:15:00Z,2026-07-28T16:15:00+0200,1403.49,MW,DK1,DK_1,actual_onshore_wind_generation,Wind Onshore,2026-08-21T06:40:18Z
2026-08-21T06:33:41Z,2026-08-21T08:33:41+0200,6801fa27-1585-43c5-af49-29c528898ba2,2026-07-28T14:30:00Z,2026-07-28T16:30:00+0200,1361.26,MW,DK1,DK_1,actual_onshore_wind_generation,Wind Onshore,2026-08-21T06:40:18Z
2026-08-21T06:33:41Z,2026-08-21T08:33:41+0200,6801fa27-1585-43c5-af49-29c528898ba2,2026-07-28T14:45:00Z,2026-07-28T16:45:00+0200,1308.76,MW,DK1,DK_1,actual_onshore_wind_generation,Wind Onshore,2026-08-21T06:40:18Z
2026-08-21T06:33:41Z,2026-08-21T08:33:41+0200,6801fa27-1585-43c5-af49-29c528898ba2,2026-07-28T15:00:00Z,2026-07-28T17:00:00+0200,1202.74,MW,DK1,DK_1,actual_onshore_wind_generation,Wind Onshore,2026-08-21T06:40:18Z
2026-08-21T06:33:41Z,2026-08-21T08:33:41+0200,6801fa27-1585-43c5-af49-29c528898ba2,2026-07-28T15:15:00Z,2026-07-28T17:15:00+0200,1073.78,MW,DK1,DK_1,actual_onshore_wind_generation,Wind Onshore,2026-08-21T06:40:18Z
2026-08-21T06:33:41Z,2026-08-21T08:33:41+0200,6801fa27-1585-43c5-af49-29c528898ba2,2026-07-28T15:30:00Z,2026-07-28T17:30:00+0200,1097.05,MW,DK1,DK_1,actual_onshore_wind_generation,Wind Onshore,2026-08-21T06:40:18Z
2026-08-21T06:33:41Z,2026-08-21T08:33:41+0200,6801fa27-1585-43c5-af49-29c528898ba2,2026-07-28T15:45:00Z,2026-07-28T17:45:00+0200,1211.49,MW,DK1,DK_1,actual_onshore_wind_generation,Wind Onshore,2026-08-21T06:40:18Z
2026-08-21T06:33:41Z,2026-08-21T08:33:41+0200,6801fa27-1585-43c5-af49-29c528898ba2,2026-07-28T16:00:00Z,2026-07-28T18:00:00+0200,1174.43,MW,DK1,DK_1,actual_onshore_wind_generation,Wind Onshore,2026-08-21T06:40:18Z
2026-08-21T06:33:41Z,2026-08-21T08:33:41+0200,6801fa27-1585-43c5-af49-29c528898ba2,2026-07-28T16:15:00Z,2026-07-28T18:15:00+0200,1089.98,MW,DK1,DK_1,actual_onshore_wind_generation,Wind Onshore,2026-08-21T06:40:18Z
2026-08-21T06:33:41Z,2026-08-21T08:33:41+0200,6801fa27-1585-43c5-af49-29c528898ba2,2026-07-28T16:30:00Z,2026-07-28T18:30:00+0200,1136.77,MW,DK1,DK_1,actual_onshore_wind_generation,Wind Onshore,2026-08-21T06:40:18Z
2026-08-21T06:33:41Z,2026-08-21T08:33:41+0200,6801fa27-1585-43c5-af49-29c528898ba2,2026-07-28T16:45:00Z,2026-07-28T18:45:00+0200,1225.3,MW,DK1,DK_1,actual_onshore_wind_generation,Wind Onshore,2026-08-21T06:40:18Z
2026-08-21T06:33:41Z,2026-08-21T08:33:41+0200,6801fa27-1585-43c5-af49-29c528898ba2,2026-07-28T17:00:00Z,2026-07-28T19:00:00+0200,1256.84,MW,DK1,DK_1,actual_onshore_wind_generation,Wind Onshore,2026-08-21T06:40:18Z
2026-08-21T06:33:41Z,2026-08-21T08:33:41+0200,6801fa27-1585-43c5-af49-29c528898ba2,2026-07-28T17:15:00Z,2026-07-28T19:15:00+0200,1301.37,MW,DK1,DK_1,actual_onshore_wind_generation,Wind Onshore,2026-08-21T06:40:18Z
2026-08-21T06:33:41Z,2026-08-21T08:33:41+0200,6801fa27-1585-43c5-af49-29c528898ba2,2026-07-28T17:30:00Z,2026-07-28T19:30:00+0200,1315.83,MW,DK1,DK_1,actual_onshore_wind_generation,Wind Onshore,2026-08-21T06:40:18Z
2026-08-21T06:33:41Z,2026-08-21T08:33:41+0200,6801fa27-1585-43c5-af49-29c528898ba2,2026-07-28T17:45:00Z,2026-07-28T19:45:00+0200,1328.63,MW,DK1,DK_1,actual_onshore_wind_generation,Wind Onshore,2026-08-21T06:40:18Z
2026-08-21T06:33:41Z,2026-08-21T08:33:41+0200,6801fa27-1585-43c5-af49-29c528898ba2,2026-07-28T18:00:00Z,2026-07-28T20:00:00+0200,1357.97,MW,DK1,DK_1,actual_onshore_wind_generation,Wind Onshore,2026-08-21T06:40:18Z
2026-08-21T06:33:41Z,2026-08-21T08:33:41+0200,6801fa27-1585-43c5-af49-29c528898ba2,2026-07-28T18:15:00Z,2026-07-28T20:15:00+0200,1409.69,MW,DK1,DK_1,actual_onshore_wind_generation,Wind Onshore,2026-08-21T06:40:18Z
2026-08-21T06:33:41Z,2026-08-21T08:33:41+0200,6801fa27-1585-43c5-af49-29c528898ba2,2026-07-28T18:30:00Z,2026-07-28T20:30:00+0200,1415.97,MW,DK1,DK_1,actual_onshore_wind_generation,Wind Onshore,2026-08-21T06:40:18Z
2026-08-21T06:33:41Z,2026-08-21T08:33:41+0200,6801fa27-1585-43c5-af49-29c528898ba2,2026-07-28T18:45:00Z,2026-07-28T20:45:00+0200,1351.4,MW,DK1,DK_1,actual_onshore_wind_generation,Wind Onshore,2026-08-21T06:40:18Z
2026-08-21T06:33:41Z,2026-08-21T08:33:41+0200,6801fa27-1585-43c5-af49-29c528898ba2,2026-07-28T19:00:00Z,2026-07-28T21:00:00+0200,1353.45,MW,DK1,DK_1,actual_onshore_wind_generation,Wind Onshore,2026-08-21T06:40:18Z
2026-08-21T06:33:41Z,2026-08-21T08:33:41+0200,6801fa27-1585-43c5-af49-29c528898ba2,2026-07-28T19:15:00Z,2026-07-28T21:15:00+0200,1362.75,MW,DK1,DK_1,actual_onshore_wind_generation,Wind Onshore,2026-08-21T06:40:18Z
2026-08-21T06:33:41Z,2026-08-21T08:33:41+0200,6801fa27-1585-43c5-af49-29c528898ba2,2026-07-28T19:30:00Z,2026-07-28T21:30:00+0200,1368.39,MW,DK1,DK_1,actual_onshore_wind_generation,Wind Onshore,2026-08-21T06:40:18Z
2026-08-21T06:33:41Z,2026-08-21T08:33:41+0200,6801fa27-1585-43c5-af49-29c528898ba2,2026-07-28T19:45:00Z,2026-07-28T21:45:00+0200,1368.49,MW,DK1,DK_1,actual_onshore_wind_generation,Wind Onshore,2026-08-21T06:40:18Z
2026-08-21T06:33:41Z,2026-08-21T08:33:41+0200,6801fa27-1585-43c5-af49-29c528898ba2,2026-07-28T20:00:00Z,2026-07-28T22:00:00+0200,1345.61,MW,DK1,DK_1,actual_onshore_wind_generation,Wind Onshore,2026-08-21T06:40:18Z
2026-08-21T06:33:41Z,2026-08-21T08:33:41+0200,6801fa27-1585-43c5-af49-29c528898ba2,2026-07-28T20:15:00Z,2026-07-28T22:15:00+0200,1342.09,MW,DK1,DK_1,actual_onshore_wind_generation,Wind Onshore,2026-08-21T06:40:18Z
2026-08-21T06:33:41Z,2026-08-21T08:33:41+0200,6801fa27-1585-43c5-af49-29c528898ba2,2026-07-28T20:30:00Z,2026-07-28T22:30:00+0200,1330.14,MW,DK1,DK_1,actual_onshore_wind_generation,Wind Onshore,2026-08-21T06:40:18Z
2026-08-21T06:33:41Z,2026-08-21T08:33:41+0200,6801fa27-1585-43c5-af49-29c528898ba2,2026-07-28T20:45:00Z,2026-07-28T22:45:00+0200,1317.02,MW,DK1,DK_1,actual_onshore_wind_generation,Wind Onshore,2026-08-21T06:40:18Z
2026-08-21T06:33:41Z,2026-08-21T08:33:41+0200,6801fa27-1585-43c5-af49-29c528898ba2,2026-07-28T21:00:00Z,2026-07-28T23:00:00+0200,1302.36,MW,DK1,DK_1,actual_onshore_wind_generation,Wind Onshore,2026-08-21T06:40:18Z
2026-08-21T06:33:41Z,2026-08-21T08:33:41+0200,6801fa27-1585-43c5-af49-29c528898ba2,2026-07-28T21:15:00Z,2026-07-28T23:15:00+0200,1269.2,MW,DK1,DK_1,actual_onshore_wind_generation,Wind Onshore,2026-08-21T06:40:18Z
2026-08-21T06:33:41Z,2026-08-21T08:33:41+0200,6801fa27-1585-43c5-af49-29c528898ba2,2026-07-28T21:30:00Z,2026-07-28T23:30:00+0200,1222.71,MW,DK1,DK_1,actual_onshore_wind_generation,Wind Onshore,2026-08-21T06:40:18Z
2026-08-21T06:33:41Z,2026-08-21T08:33:41+0200,6801fa27-1585-43c5-af49-29c528898ba2,2026-07-28T21:45:00Z,2026-07-28T23:45:00+0200,1185.63,MW,DK1,DK_1,actual_onshore_wind_generation,Wind Onshore,2026-08-21T06:40:18Z
2026-08-21T06:33:41Z,2026-08-21T08:33:41+0200,6801fa27-1585-43c5-af49-29c528898ba2,2026-07-28T22:00:00Z,2026-07-29T00:00:00+0200,1139.96,MW,DK1,DK_1,actual_onshore_wind_generation,Wind Onshore,2026-08-21T06:40:18Z
2026-08-21T06:33:41Z,2026-08-21T08:33:41+0200,6801fa27-1585-43c5-af49-29c528898ba2,2026-07-28T22:15:00Z,2026-07-29T00:15:00+0200,1109.11,MW,DK1,DK_1,actual_onshore_wind_generation,Wind Onshore,2026-08-21T06:40:18Z
2026-08-21T06:33:41Z,2026-08-21T08:33:41+0200,6801fa27-1585-43c5-af49-29c528898ba2,2026-07-28T22:30:00Z,2026-07-29T00:30:00+0200,1067.23,MW,DK1,DK_1,actual_onshore_wind_generation,Wind Onshore,2026-08-21T06:40:18Z
2026-08-21T06:33:41Z,2026-08-21T08:33:41+0200,6801fa27-1585-43c5-af49-29c528898ba2,2026-07-28T22:45:00Z,2026-07-29T00:45:00+0200,1050.27,MW,DK1,DK_1,actual_onshore_wind_generation,Wind Onshore,2026-08-21T06:40:18Z
2026-08-21T06:33:41Z,2026-08-21T08:33:41+0200,6801fa27-1585-43c5-af49-29c528898ba2,2026-07-28T23:00:00Z,2026-07-29T01:00:00+0200,1026.41,MW,DK1,DK_1,actual_onshore_wind_generation,Wind Onshore,2026-08-21T06:40:18Z
2026-08-21T06:33:41Z,2026-08-21T08:33:41+0200,6801fa27-1585-43c5-af49-29c528898ba2,2026-07-28T23:15:00Z,2026-07-29T01:15:00+0200,996.202,MW,DK1,DK_1,actual_onshore_wind_generation,Wind Onshore,2026-08-21T06:40:18Z
2026-08-21T06:33:41Z,2026-08-21T08:33:41+0200,6801fa27-1585-43c5-af49-29c528898ba2,2026-07-28T23:30:00Z,2026-07-29T01:30:00+0200,953.585,MW,DK1,DK_1,actual_onshore_wind_generation,Wind Onshore,2026-08-21T06:40:18Z
2026-08-21T06:33:41Z,2026-08-21T08:33:41+0200,6801fa27-1585-43c5-af49-29c528898ba2,2026-07-28T23:45:00Z,2026-07-29T01:45:00+0200,910.621,MW,DK1,DK_1,actual_onshore_wind_generation,Wind Onshore,2026-08-21T06:40:18Z
2026-08-21T06:33:41Z,2026-08-21T08:33:41+0200,6801fa27-1585-43c5-af49-29c528898ba2,2026-07-29T00:00:00Z,2026-07-29T02:00:00+0200,871.423,MW,DK1,DK_1,actual_onshore_wind_generation,Wind Onshore,2026-08-21T06:40:18Z
2026-08-21T06:33:41Z,2026-08-21T08:33:41+0200,6801fa27-1585-43c5-af49-29c528898ba2,2026-07-29T00:15:00Z,2026-07-29T02:15:00+0200,848.716,MW,DK1,DK_1,actual_onshore_wind_generation,Wind Onshore,2026-08-21T06:40:18Z
2026-08-21T06:33:41Z,2026-08-21T08:33:41+0200,6801fa27-1585-43c5-af49-29c528898ba2,2026-07-29T00:30:00Z,2026-07-29T02:30:00+0200,835.375,MW,DK1,DK_1,actual_onshore_wind_generation,Wind Onshore,2026-08-21T06:40:18Z
2026-08-21T06:33:41Z,2026-08-21T08:33:41+0200,6801fa27-1585-43c5-af49-29c528898ba2,2026-07-29T00:45:00Z,2026-07-29T02:45:00+0200,816.595,MW,DK1,DK_1,actual_onshore_wind_generation,Wind Onshore,2026-08-21T06:40:18Z
2026-08-21T06:33:41Z,2026-08-21T08:33:41+0200,6801fa27-1585-43c5-af49-29c528898ba2,2026-07-29T01:00:00Z,2026-07-29T03:00:00+0200,782.94,MW,DK1,DK_1,actual_onshore_wind_generation,Wind Onshore,2026-08-21T06:40:18Z
2026-08-21T06:33:41Z,2026-08-21T08:33:41+0200,6801fa27-1585-43c5-af49-29c528898ba2,2026-07-29T01:15:00Z,2026-07-29T03:15:00+0200,752.077,MW,DK1,DK_1,actual_onshore_wind_generation,Wind Onshore,2026-08-21T06:40:18Z
2026-08-21T06:33:41Z,2026-08-21T08:33:41+0200,6801fa27-1585-43c5-af49-29c528898ba2,2026-07-29T01:30:00Z,2026-07-29T03:30:00+0200,714.808,MW,DK1,DK_1,actual_onshore_wind_generation,Wind Onshore,2026-08-21T06:40:18Z
2026-08-21T06:33:41Z,2026-08-21T08:33:41+0200,6801fa27-1585-43c5-af49-29c528898ba2,2026-07-29T01:45:00Z,2026-07-29T03:45:00+0200,699.952,MW,DK1,DK_1,actual_onshore_wind_generation,Wind Onshore,2026-08-21T06:40:18Z
2026-08-21T06:33:41Z,2026-08-21T08:33:41+0200,6801fa27-1585-43c5-af49-29c528898ba2,2026-07-29T02:00:00Z,2026-07-29T04:00:00+0200,678.352,MW,DK1,DK_1,actual_onshore_wind_generation,Wind Onshore,2026-08-21T06:40:18Z
2026-08-21T06:33:41Z,2026-08-21T08:33:41+0200,6801fa27-1585-43c5-af49-29c528898ba2,2026-07-29T02:15:00Z,2026-07-29T04:15:00+0200,662.759,MW,DK1,DK_1,actual_onshore_wind_generation,Wind Onshore,2026-08-21T06:40:18Z
2026-08-21T06:33:41Z,2026-08-21T08:33:41+0200,6801fa27-1585-43c5-af49-29c528898ba2,2026-07-29T02:30:00Z,2026-07-29T04:30:00+0200,610.365,MW,DK1,DK_1,actual_onshore_wind_generation,Wind Onshore,2026-08-21T06:40:18Z
2026-08-21T06:33:41Z,2026-08-21T08:33:41+0200,6801fa27-1585-43c5-af49-29c528898ba2,2026-07-29T02:45:00Z,2026-07-29T04:45:00+0200,606.133,MW,DK1,DK_1,actual_onshore_wind_generation,Wind Onshore,2026-08-21T06:40:18Z
2026-08-21T06:33:41Z,2026-08-21T08:33:41+0200,6801fa27-1585-43c5-af49-29c528898ba2,2026-07-29T03:00:00Z,2026-07-29T05:00:00+0200,608.009,MW,DK1,DK_1,actual_onshore_wind_generation,Wind Onshore,2026-08-21T06:40:18Z
2026-08-21T06:33:41Z,2026-08-21T08:33:41+0200,6801fa27-1585-43c5-af49-29c528898ba2,2026-07-29T03:15:00Z,2026-07-29T05:15:00+0200,595.054,MW,DK1,DK_1,actual_onshore_wind_generation,Wind Onshore,2026-08-21T06:40:18Z
2026-08-21T06:33:41Z,2026-08-21T08:33:41+0200,6801fa27-1585-43c5-af49-29c528898ba2,2026-07-29T03:30:00Z,2026-07-29T05:30:00+0200,554.16,MW,DK1,DK_1,actual_onshore_wind_generation,Wind Onshore,2026-08-21T06:40:18Z
2026-08-21T06:33:41Z,2026-08-21T08:33:41+0200,6801fa27-1585-43c5-af49-29c528898ba2,2026-07-29T03:45:00Z,2026-07-29T05:45:00+0200,524.829,MW,DK1,DK_1,actual_onshore_wind_generation,Wind Onshore,2026-08-21T06:40:18Z
2026-08-21T06:33:41Z,2026-08-21T08:33:41+0200,6801fa27-1585-43c5-af49-29c528898ba2,2026-07-29T04:00:00Z,2026-07-29T06:00:00+0200,504.734,MW,DK1,DK_1,actual_onshore_wind_generation,Wind Onshore,2026-08-21T06:40:18Z
2026-08-21T06:33:41Z,2026-08-21T08:33:41+0200,6801fa27-1585-43c5-af49-29c528898ba2,2026-07-29T04:15:00Z,2026-07-29T06:15:00+0200,513.079,MW,DK1,DK_1,actual_onshore_wind_generation,Wind Onshore,2026-08-21T06:40:18Z
2026-08-21T06:33:41Z,2026-08-21T08:33:41+0200,6801fa27-1585-43c5-af49-29c528898ba2,2026-07-29T04:30:00Z,2026-07-29T06:30:00+0200,498.978,MW,DK1,DK_1,actual_onshore_wind_generation,Wind Onshore,2026-08-21T06:40:18Z
2026-08-21T06:33:41Z,2026-08-21T08:33:41+0200,6801fa27-1585-43c5-af49-29c528898ba2,2026-07-29T04:45:00Z,2026-07-29T06:45:00+0200,506.443,MW,DK1,DK_1,actual_onshore_wind_generation,Wind Onshore,2026-08-21T06:40:18Z
2026-08-21T06:33:41Z,2026-08-21T08:33:41+0200,6801fa27-1585-43c5-af49-29c528898ba2,2026-07-29T05:00:00Z,2026-07-29T07:00:00+0200,503.336,MW,DK1,DK_1,actual_onshore_wind_generation,Wind Onshore,2026-08-21T06:40:18Z
2026-08-21T06:33:41Z,2026-08-21T08:33:41+0200,6801fa27-1585-43c5-af49-29c528898ba2,2026-07-29T05:15:00Z,2026-07-29T07:15:00+0200,506.527,MW,DK1,DK_1,actual_onshore_wind_generation,Wind Onshore,2026-08-21T06:40:18Z
2026-08-21T06:33:41Z,2026-08-21T08:33:41+0200,6801fa27-1585-43c5-af49-29c528898ba2,2026-07-29T05:30:00Z,2026-07-29T07:30:00+0200,483.593,MW,DK1,DK_1,actual_onshore_wind_generation,Wind Onshore,2026-08-21T06:40:18Z
2026-08-21T06:33:41Z,2026-08-21T08:33:41+0200,6801fa27-1585-43c5-af49-29c528898ba2,2026-07-29T05:45:00Z,2026-07-29T07:45:00+0200,467.632,MW,DK1,DK_1,actual_onshore_wind_generation,Wind Onshore,2026-08-21T06:40:18Z
2026-08-21T06:33:41Z,2026-08-21T08:33:41+0200,6801fa27-1585-43c5-af49-29c528898ba2,2026-07-29T06:00:00Z,2026-07-29T08:00:00+0200,446.476,MW,DK1,DK_1,actual_onshore_wind_generation,Wind Onshore,2026-08-21T06:40:18Z
2026-08-21T06:33:41Z,2026-08-21T08:33:41+0200,6801fa27-1585-43c5-af49-29c528898ba2,2026-07-29T06:15:00Z,2026-07-29T08:15:00+0200,430.872,MW,DK1,DK_1,actual_onshore_wind_generation,Wind Onshore,2026-08-21T06:40:18Z
2026-08-21T06:33:41Z,2026-08-21T08:33:41+0200,6801fa27-1585-43c5-af49-29c528898ba2,2026-07-29T06:30:00Z,2026-07-29T08:30:00+0200,433.226,MW,DK1,DK_1,actual_onshore_wind_generation,Wind Onshore,2026-08-21T06:40:18Z
2026-08-21T06:33:41Z,2026-08-21T08:33:41+0200,6801fa27-1585-43c5-af49-29c528898ba2,2026-07-29T06:45:00Z,2026-07-29T08:45:00+0200,423.027,MW,DK1,DK_1,actual_onshore_wind_generation,Wind Onshore,2026-08-21T06:40:18Z
2026-08-21T06:33:41Z,2026-08-21T08:33:41+0200,6801fa27-1585-43c5-af49-29c528898ba2,2026-07-29T07:00:00Z,2026-07-29T09:00:00+0200,396.07,MW,DK1,DK_1,actual_onshore_wind_generation,Wind Onshore,2026-08-21T06:40:18Z
2026-08-21T06:33:41Z,2026-08-21T08:33:41+0200,6801fa27-1585-43c5-af49-29c528898ba2,2026-07-29T07:15:00Z,2026-07-29T09:15:00+0200,388.014,MW,DK1,DK_1,actual_onshore_wind_generation,Wind Onshore,2026-08-21T06:40:18Z
2026-08-21T06:33:41Z,2026-08-21T08:33:41+0200,6801fa27-1585-43c5-af49-29c528898ba2,2026-07-29T07:30:00Z,2026-07-29T09:30:00+0200,414.604,MW,DK1,DK_1,actual_onshore_wind_generation,Wind Onshore,2026-08-21T06:40:18Z
2026-08-21T06:33:41Z,2026-08-21T08:33:41+0200,6801fa27-1585-43c5-af49-29c528898ba2,2026-07-29T07:45:00Z,2026-07-29T09:45:00+0200,416.346,MW,DK1,DK_1,actual_onshore_wind_generation,Wind Onshore,2026-08-21T06:40:18Z
2026-08-21T06:33:41Z,2026-08-21T08:33:41+0200,6801fa27-1585-43c5-af49-29c528898ba2,2026-07-29T08:00:00Z,2026-07-29T10:00:00+0200,427.524,MW,DK1,DK_1,actual_onshore_wind_generation,Wind Onshore,2026-08-21T06:40:18Z
2026-08-21T06:33:41Z,2026-08-21T08:33:41+0200,6801fa27-1585-43c5-af49-29c528898ba2,2026-07-29T08:15:00Z,2026-07-29T10:15:00+0200,446.737,MW,DK1,DK_1,actual_onshore_wind_generation,Wind Onshore,2026-08-21T06:40:18Z
2026-08-21T06:33:41Z,2026-08-21T08:33:41+0200,6801fa27-1585-43c5-af49-29c528898ba2,2026-07-29T08:30:00Z,2026-07-29T10:30:00+0200,510.279,MW,DK1,DK_1,actual_onshore_wind_generation,Wind Onshore,2026-08-21T06:40:18Z
2026-08-21T06:33:41Z,2026-08-21T08:33:41+0200,6801fa27-1585-43c5-af49-29c528898ba2,2026-07-29T08:45:00Z,2026-07-29T10:45:00+0200,585.107,MW,DK1,DK_1,actual_onshore_wind_generation,Wind Onshore,2026-08-21T06:40:18Z
2026-08-21T06:33:41Z,2026-08-21T08:33:41+0200,6801fa27-1585-43c5-af49-29c528898ba2,2026-07-29T09:00:00Z,2026-07-29T11:00:00+0200,629.772,MW,DK1,DK_1,actual_onshore_wind_generation,Wind Onshore,2026-08-21T06:40:18Z
2026-08-21T06:33:41Z,2026-08-21T08:33:41+0200,6801fa27-1585-43c5-af49-29c528898ba2,2026-07-29T09:15:00Z,2026-07-29T11:15:00+0200,650.225,MW,DK1,DK_1,actual_onshore_wind_generation,Wind Onshore,2026-08-21T06:40:18Z
2026-08-21T06:33:41Z,2026-08-21T08:33:41+0200,6801fa27-1585-43c5-af49-29c528898ba2,2026-07-29T09:30:00Z,2026-07-29T11:30:00+0200,664.735,MW,DK1,DK_1,actual_onshore_wind_generation,Wind Onshore,2026-08-21T06:40:18Z
2026-08-21T06:33:41Z,2026-08-21T08:33:41+0200,6801fa27-1585-43c5-af49-29c528898ba2,2026-07-29T09:45:00Z,2026-07-29T11:45:00+0200,693.146,MW,DK1,DK_1,actual_onshore_wind_generation,Wind Onshore,2026-08-21T06:40:18Z
2026-08-21T06:33:41Z,2026-08-21T08:33:41+0200,6801fa27-1585-43c5-af49-29c528898ba2,2026-07-29T10:00:00Z,2026-07-29T12:00:00+0200,686.244,MW,DK1,DK_1,actual_onshore_wind_generation,Wind Onshore,2026-08-21T06:40:18Z
2026-08-21T06:33:41Z,2026-08-21T08:33:41+0200,6801fa27-1585-43c5-af49-29c528898ba2,2026-07-29T10:15:00Z,2026-07-29T12:15:00+0200,624.43,MW,DK1,DK_1,actual_onshore_wind_generation,Wind Onshore,2026-08-21T06:40:18Z
2026-08-21T06:33:41Z,2026-08-21T08:33:41+0200,6801fa27-1585-43c5-af49-29c528898ba2,2026-07-29T10:30:00Z,2026-07-29T12:30:00+0200,681.431,MW,DK1,DK_1,actual_onshore_wind_generation,Wind Onshore,2026-08-21T06:40:18Z
2026-08-21T06:33:41Z,2026-08-21T08:33:41+0200,6801fa27-1585-43c5-af49-29c528898ba2,2026-07-29T10:45:00Z,2026-07-29T12:45:00+0200,726.192,MW,DK1,DK_1,actual_onshore_wind_generation,Wind Onshore,2026-08-21T06:40:18Z
2026-08-21T06:33:41Z,2026-08-21T08:33:41+0200,6801fa27-1585-43c5-af49-29c528898ba2,2026-07-29T11:00:00Z,2026-07-29T13:00:00+0200,766.569,MW,DK1,DK_1,actual_onshore_wind_generation,Wind Onshore,2026-08-21T06:40:18Z
2026-08-21T06:33:41Z,2026-08-21T08:33:41+0200,6801fa27-1585-43c5-af49-29c528898ba2,2026-07-29T11:15:00Z,2026-07-29T13:15:00+0200,767.455,MW,DK1,DK_1,actual_onshore_wind_generation,Wind Onshore,2026-08-21T06:40:18Z
2026-08-21T06:33:41Z,2026-08-21T08:33:41+0200,6801fa27-1585-43c5-af49-29c528898ba2,2026-07-29T11:30:00Z,2026-07-29T13:30:00+0200,790.149,MW,DK1,DK_1,actual_onshore_wind_generation,Wind Onshore,2026-08-21T06:40:18Z
2026-08-21T06:33:41Z,2026-08-21T08:33:41+0200,6801fa27-1585-43c5-af49-29c528898ba2,2026-07-29T11:45:00Z,2026-07-29T13:45:00+0200,804.411,MW,DK1,DK_1,actual_onshore_wind_generation,Wind Onshore,2026-08-21T06:40:18Z
2026-08-21T06:33:41Z,2026-08-21T08:33:41+0200,6801fa27-1585-43c5-af49-29c528898ba2,2026-07-29T12:00:00Z,2026-07-29T14:00:00+0200,815.857,MW,DK1,DK_1,actual_onshore_wind_generation,Wind Onshore,2026-08-21T06:40:18Z
2026-08-21T06:33:41Z,2026-08-21T08:33:41+0200,6801fa27-1585-43c5-af49-29c528898ba2,2026-07-29T12:15:00Z,2026-07-29T14:15:00+0200,827.405,MW,DK1,DK_1,actual_onshore_wind_generation,Wind Onshore,2026-08-21T06:40:18Z
2026-08-21T06:33:41Z,2026-08-21T08:33:41+0200,6801fa27-1585-43c5-af49-29c528898ba2,2026-07-29T12:30:00Z,2026-07-29T14:30:00+0200,822.708,MW,DK1,DK_1,actual_onshore_wind_generation,Wind Onshore,2026-08-21T06:40:18Z
2026-08-21T06:33:41Z,2026-08-21T08:33:41+0200,6801fa27-1585-43c5-af49-29c528898ba2,2026-07-29T12:45:00Z,2026-07-29T14:45:00+0200,793.193,MW,DK1,DK_1,actual_onshore_wind_generation,Wind Onshore,2026-08-21T06:40:18Z
2026-08-21T06:33:41Z,2026-08-21T08:33:41+0200,6801fa27-1585-43c5-af49-29c528898ba2,2026-07-29T13:00:00Z,2026-07-29T15:00:00+0200,797.841,MW,DK1,DK_1,actual_onshore_wind_generation,Wind Onshore,2026-08-21T06:40:18Z
2026-08-21T06:33:41Z,2026-08-21T08:33:41+0200,6801fa27-1585-43c5-af49-29c528898ba2,2026-07-29T13:15:00Z,2026-07-29T15:15:00+0200,791.642,MW,DK1,DK_1,actual_onshore_wind_generation,Wind Onshore,2026-08-21T06:40:18Z
2026-08-21T06:33:41Z,2026-08-21T08:33:41+0200,6801fa27-1585-43c5-af49-29c528898ba2,2026-07-29T13:30:00Z,2026-07-29T15:30:00+0200,894.889,MW,DK1,DK_1,actual_onshore_wind_generation,Wind Onshore,2026-08-21T06:40:18Z
2026-08-21T06:33:41Z,2026-08-21T08:33:41+0200,6801fa27-1585-43c5-af49-29c528898ba2,2026-07-29T13:45:00Z,2026-07-29T15:45:00+0200,903.662,MW,DK1,DK_1,actual_onshore_wind_generation,Wind Onshore,2026-08-21T06:40:18Z
2026-08-21T06:33:41Z,2026-08-21T08:33:41+0200,6801fa27-1585-43c5-af49-29c528898ba2,2026-07-29T14:00:00Z,2026-07-29T16:00:00+0200,899.756,MW,DK1,DK_1,actual_onshore_wind_generation,Wind Onshore,2026-08-21T06:40:18Z
2026-08-21T06:33:41Z,2026-08-21T08:33:41+0200,6801fa27-1585-43c5-af49-29c528898ba2,2026-07-29T14:15:00Z,2026-07-29T16:15:00+0200,878.232,MW,DK1,DK_1,actual_onshore_wind_generation,Wind Onshore,2026-08-21T06:40:18Z
2026-08-21T06:33:41Z,2026-08-21T08:33:41+0200,6801fa27-1585-43c5-af49-29c528898ba2,2026-07-29T14:30:00Z,2026-07-29T16:30:00+0200,841.589,MW,DK1,DK_1,actual_onshore_wind_generation,Wind Onshore,2026-08-21T06:40:18Z
2026-08-21T06:33:41Z,2026-08-21T08:33:41+0200,6801fa27-1585-43c5-af49-29c528898ba2,2026-07-29T14:45:00Z,2026-07-29T16:45:00+0200,817.211,MW,DK1,DK_1,actual_onshore_wind_generation,Wind Onshore,2026-08-21T06:40:18Z
2026-08-21T06:33:41Z,2026-08-21T08:33:41+0200,6801fa27-1585-43c5-af49-29c528898ba2,2026-07-29T15:00:00Z,2026-07-29T17:00:00+0200,840.794,MW,DK1,DK_1,actual_onshore_wind_generation,Wind Onshore,2026-08-21T06:40:18Z
2026-08-21T06:33:41Z,2026-08-21T08:33:41+0200,6801fa27-1585-43c5-af49-29c528898ba2,2026-07-29T15:15:00Z,2026-07-29T17:15:00+0200,821.038,MW,DK1,DK_1,actual_onshore_wind_generation,Wind Onshore,2026-08-21T06:40:18Z
2026-08-21T06:33:41Z,2026-08-21T08:33:41+0200,6801fa27-1585-43c5-af49-29c528898ba2,2026-07-29T15:30:00Z,2026-07-29T17:30:00+0200,794.885,MW,DK1,DK_1,actual_onshore_wind_generation,Wind Onshore,2026-08-21T06:40:18Z
2026-08-21T06:33:41Z,2026-08-21T08:33:41+0200,6801fa27-1585-43c5-af49-29c528898ba2,2026-07-29T15:45:00Z,2026-07-29T17:45:00+0200,738.604,MW,DK1,DK_1,actual_onshore_wind_generation,Wind Onshore,2026-08-21T06:40:18Z
2026-08-21T06:33:41Z,2026-08-21T08:33:41+0200,6801fa27-1585-43c5-af49-29c528898ba2,2026-07-29T16:00:00Z,2026-07-29T18:00:00+0200,741.729,MW,DK1,DK_1,actual_onshore_wind_generation,Wind Onshore,2026-08-21T06:40:18Z
2026-08-21T06:33:41Z,2026-08-21T08:33:41+0200,6801fa27-1585-43c5-af49-29c528898ba2,2026-07-29T16:15:00Z,2026-07-29T18:15:00+0200,727.765,MW,DK1,DK_1,actual_onshore_wind_generation,Wind Onshore,2026-08-21T06:40:18Z
2026-08-21T06:33:41Z,2026-08-21T08:33:41+0200,6801fa27-1585-43c5-af49-29c528898ba2,2026-07-29T16:30:00Z,2026-07-29T18:30:00+0200,752.501,MW,DK1,DK_1,actual_onshore_wind_generation,Wind Onshore,2026-08-21T06:40:18Z
2026-08-21T06:33:41Z,2026-08-21T08:33:41+0200,6801fa27-1585-43c5-af49-29c528898ba2,2026-07-29T16:45:00Z,2026-07-29T18:45:00+0200,692.24,MW,DK1,DK_1,actual_onshore_wind_generation,Wind Onshore,2026-08-21T06:40:18Z
2026-08-21T06:33:41Z,2026-08-21T08:33:41+0200,6801fa27-1585-43c5-af49-29c528898ba2,2026-07-29T17:00:00Z,2026-07-29T19:00:00+0200,608.795,MW,DK1,DK_1,actual_onshore_wind_generation,Wind Onshore,2026-08-21T06:40:18Z
2026-08-21T06:33:41Z,2026-08-21T08:33:41+0200,6801fa27-1585-43c5-af49-29c528898ba2,2026-07-29T17:15:00Z,2026-07-29T19:15:00+0200,543.77,MW,DK1,DK_1,actual_onshore_wind_generation,Wind Onshore,2026-08-21T06:40:18Z
2026-08-21T06:33:41Z,2026-08-21T08:33:41+0200,6801fa27-1585-43c5-af49-29c528898ba2,2026-07-29T17:30:00Z,2026-07-29T19:30:00+0200,488.513,MW,DK1,DK_1,actual_onshore_wind_generation,Wind Onshore,2026-08-21T06:40:18Z
2026-08-21T06:33:41Z,2026-08-21T08:33:41+0200,6801fa27-1585-43c5-af49-29c528898ba2,2026-07-29T17:45:00Z,2026-07-29T19:45:00+0200,444.901,MW,DK1,DK_1,actual_onshore_wind_generation,Wind Onshore,2026-08-21T06:40:18Z
2026-08-21T06:33:41Z,2026-08-21T08:33:41+0200,6801fa27-1585-43c5-af49-29c528898ba2,2026-07-29T18:00:00Z,2026-07-29T20:00:00+0200,395.049,MW,DK1,DK_1,actual_onshore_wind_generation,Wind Onshore,2026-08-21T06:40:18Z
2026-08-21T06:33:41Z,2026-08-21T08:33:41+0200,6801fa27-1585-43c5-af49-29c528898ba2,2026-07-29T18:15:00Z,2026-07-29T20:15:00+0200,353.367,MW,DK1,DK_1,actual_onshore_wind_generation,Wind Onshore,2026-08-21T06:40:18Z
2026-08-21T06:33:41Z,2026-08-21T08:33:41+0200,6801fa27-1585-43c5-af49-29c528898ba2,2026-07-29T18:30:00Z,2026-07-29T20:30:00+0200,312.851,MW,DK1,DK_1,actual_onshore_wind_generation,Wind Onshore,2026-08-21T06:40:18Z
2026-08-21T06:33:41Z,2026-08-21T08:33:41+0200,6801fa27-1585-43c5-af49-29c528898ba2,2026-07-29T18:45:00Z,2026-07-29T20:45:00+0200,297.568,MW,DK1,DK_1,actual_onshore_wind_generation,Wind Onshore,2026-08-21T06:40:18Z
2026-08-21T06:33:41Z,2026-08-21T08:33:41+0200,6801fa27-1585-43c5-af49-29c528898ba2,2026-07-29T19:00:00Z,2026-07-29T21:00:00+0200,296.131,MW,DK1,DK_1,actual_onshore_wind_generation,Wind Onshore,2026-08-21T06:40:18Z
2026-08-21T06:33:41Z,2026-08-21T08:33:41+0200,6801fa27-1585-43c5-af49-29c528898ba2,2026-07-29T19:15:00Z,2026-07-29T21:15:00+0200,331.616,MW,DK1,DK_1,actual_onshore_wind_generation,Wind Onshore,2026-08-21T06:40:18Z
2026-08-21T06:33:41Z,2026-08-21T08:33:41+0200,6801fa27-1585-43c5-af49-29c528898ba2,2026-07-29T19:30:00Z,2026-07-29T21:30:00+0200,350.282,MW,DK1,DK_1,actual_onshore_wind_generation,Wind Onshore,2026-08-21T06:40:18Z
2026-08-21T06:33:41Z,2026-08-21T08:33:41+0200,6801fa27-1585-43c5-af49-29c528898ba2,2026-07-29T19:45:00Z,2026-07-29T21:45:00+0200,374.045,MW,DK1,DK_1,actual_onshore_wind_generation,Wind Onshore,2026-08-21T06:40:18Z
2026-08-21T06:33:41Z,2026-08-21T08:33:41+0200,6801fa27-1585-43c5-af49-29c528898ba2,2026-07-29T20:00:00Z,2026-07-29T22:00:00+0200,387.483,MW,DK1,DK_1,actual_onshore_wind_generation,Wind Onshore,2026-08-21T06:40:18Z
2026-08-21T06:33:41Z,2026-08-21T08:33:41+0200,6801fa27-1585-43c5-af49-29c528898ba2,2026-07-29T20:15:00Z,2026-07-29T22:15:00+0200,382.009,MW,DK1,DK_1,actual_onshore_wind_generation,Wind Onshore,2026-08-21T06:40:18Z
2026-08-21T06:33:41Z,2026-08-21T08:33:41+0200,6801fa27-1585-43c5-af49-29c528898ba2,2026-07-29T20:30:00Z,2026-07-29T22:30:00+0200,382.864,MW,DK1,DK_1,actual_onshore_wind_generation,Wind Onshore,2026-08-21T06:40:18Z
2026-08-21T06:33:41Z,2026-08-21T08:33:41+0200,6801fa27-1585-43c5-af49-29c528898ba2,2026-07-29T20:45:00Z,2026-07-29T22:45:00+0200,389.58,MW,DK1,DK_1,actual_onshore_wind_generation,Wind Onshore,2026-08-21T06:40:18Z
2026-08-21T06:33:41Z,2026-08-21T08:33:41+0200,6801fa27-1585-43c5-af49-29c528898ba2,2026-07-29T21:00:00Z,2026-07-29T23:00:00+0200,395.884,MW,DK1,DK_1,actual_onshore_wind_generation,Wind Onshore,2026-08-21T06:40:18Z
2026-08-21T06:33:41Z,2026-08-21T08:33:41+0200,6801fa27-1585-43c5-af49-29c528898ba2,2026-07-29T21:15:00Z,2026-07-29T23:15:00+0200,424.96,MW,DK1,DK_1,actual_onshore_wind_generation,Wind Onshore,2026-08-21T06:40:18Z
2026-08-21T06:33:41Z,2026-08-21T08:33:41+0200,6801fa27-1585-43c5-af49-29c528898ba2,2026-07-29T21:30:00Z,2026-07-29T23:30:00+0200,443.609,MW,DK1,DK_1,actual_onshore_wind_generation,Wind Onshore,2026-08-21T06:40:18Z
2026-08-21T06:33:41Z,2026-08-21T08:33:41+0200,6801fa27-1585-43c5-af49-29c528898ba2,2026-07-29T21:45:00Z,2026-07-29T23:45:00+0200,459.542,MW,DK1,DK_1,actual_onshore_wind_generation,Wind Onshore,2026-08-21T06:40:18Z
2026-08-21T06:33:41Z,2026-08-21T08:33:41+0200,6801fa27-1585-43c5-af49-29c528898ba2,2026-07-29T22:00:00Z,2026-07-30T00:00:00+0200,471.444,MW,DK1,DK_1,actual_onshore_wind_generation,Wind Onshore,2026-08-21T06:40:18Z
2026-08-21T06:33:41Z,2026-08-21T08:33:41+0200,6801fa27-1585-43c5-af49-29c528898ba2,2026-07-29T22:15:00Z,2026-07-30T00:15:00+0200,477.458,MW,DK1,DK_1,actual_onshore_wind_generation,Wind Onshore,2026-08-21T06:40:18Z
2026-08-21T06:33:41Z,2026-08-21T08:33:41+0200,6801fa27-1585-43c5-af49-29c528898ba2,2026-07-29T22:30:00Z,2026-07-30T00:30:00+0200,479.753,MW,DK1,DK_1,actual_onshore_wind_generation,Wind Onshore,2026-08-21T06:40:18Z
2026-08-21T06:33:41Z,2026-08-21T08:33:41+0200,6801fa27-1585-43c5-af49-29c528898ba2,2026-07-29T22:45:00Z,2026-07-30T00:45:00+0200,490.57,MW,DK1,DK_1,actual_onshore_wind_generation,Wind Onshore,2026-08-21T06:40:18Z
2026-08-21T06:33:41Z,2026-08-21T08:33:41+0200,6801fa27-1585-43c5-af49-29c528898ba2,2026-07-29T23:00:00Z,2026-07-30T01:00:00+0200,501.207,MW,DK1,DK_1,actual_onshore_wind_generation,Wind Onshore,2026-08-21T06:40:18Z
2026-08-21T06:33:41Z,2026-08-21T08:33:41+0200,6801fa27-1585-43c5-af49-29c528898ba2,2026-07-29T23:15:00Z,2026-07-30T01:15:00+0200,490.038,MW,DK1,DK_1,actual_onshore_wind_generation,Wind Onshore,2026-08-21T06:40:18Z
2026-08-21T06:33:41Z,2026-08-21T08:33:41+0200,6801fa27-1585-43c5-af49-29c528898ba2,2026-07-29T23:30:00Z,2026-07-30T01:30:00+0200,469.787,MW,DK1,DK_1,actual_onshore_wind_generation,Wind Onshore,2026-08-21T06:40:18Z
2026-08-21T06:33:41Z,2026-08-21T08:33:41+0200,6801fa27-1585-43c5-af49-29c528898ba2,2026-07-29T23:45:00Z,2026-07-30T01:45:00+0200,445.381,MW,DK1,DK_1,actual_onshore_wind_generation,Wind Onshore,2026-08-21T06:40:18Z
2026-08-21T06:33:41Z,2026-08-21T08:33:41+0200,6801fa27-1585-43c5-af49-29c528898ba2,2026-07-30T00:00:00Z,2026-07-30T02:00:00+0200,415.003,MW,DK1,DK_1,actual_onshore_wind_generation,Wind Onshore,2026-08-21T06:40:18Z
2026-08-21T06:33:41Z,2026-08-21T08:33:41+0200,6801fa27-1585-43c5-af49-29c528898ba2,2026-07-30T00:15:00Z,2026-07-30T02:15:00+0200,383.418,MW,DK1,DK_1,actual_onshore_wind_generation,Wind Onshore,2026-08-21T06:40:18Z
2026-08-21T06:33:41Z,2026-08-21T08:33:41+0200,6801fa27-1585-43c5-af49-29c528898ba2,2026-07-30T00:30:00Z,2026-07-30T02:30:00+0200,373.018,MW,DK1,DK_1,actual_onshore_wind_generation,Wind Onshore,2026-08-21T06:40:18Z
2026-08-21T06:33:41Z,2026-08-21T08:33:41+0200,6801fa27-1585-43c5-af49-29c528898ba2,2026-07-30T00:45:00Z,2026-07-30T02:45:00+0200,351.676,MW,DK1,DK_1,actual_onshore_wind_generation,Wind Onshore,2026-08-21T06:40:18Z
2026-08-21T06:33:41Z,2026-08-21T08:33:41+0200,6801fa27-1585-43c5-af49-29c528898ba2,2026-07-30T01:00:00Z,2026-07-30T03:00:00+0200,331.0,MW,DK1,DK_1,actual_onshore_wind_generation,Wind Onshore,2026-08-21T06:40:18Z
2026-08-21T06:33:41Z,2026-08-21T08:33:41+0200,6801fa27-1585-43c5-af49-29c528898ba2,2026-07-30T01:15:00Z,2026-07-30T03:15:00+0200,312.311,MW,DK1,DK_1,actual_onshore_wind_generation,Wind Onshore,2026-08-21T06:40:18Z
2026-08-21T06:33:41Z,2026-08-21T08:33:41+0200,6801fa27-1585-43c5-af49-29c528898ba2,2026-07-30T01:30:00Z,2026-07-30T03:30:00+0200,271.76,MW,DK1,DK_1,actual_onshore_wind_generation,Wind Onshore,2026-08-21T06:40:18Z
2026-08-21T06:33:41Z,2026-08-21T08:33:41+0200,6801fa27-1585-43c5-af49-29c528898ba2,2026-07-30T01:45:00Z,2026-07-30T03:45:00+0200,279.035,MW,DK1,DK_1,actual_onshore_wind_generation,Wind Onshore,2026-08-21T06:40:18Z
2026-08-21T06:33:41Z,2026-08-21T08:33:41+0200,6801fa27-1585-43c5-af49-29c528898ba2,2026-07-30T02:00:00Z,2026-07-30T04:00:00+0200,305.298,MW,DK1,DK_1,actual_onshore_wind_generation,Wind Onshore,2026-08-21T06:40:18Z
2026-08-21T06:33:41Z,2026-08-21T08:33:41+0200,6801fa27-1585-43c5-af49-29c528898ba2,2026-07-30T02:15:00Z,2026-07-30T04:15:00+0200,298.11,MW,DK1,DK_1,actual_onshore_wind_generation,Wind Onshore,2026-08-21T06:40:18Z
2026-08-21T06:33:41Z,2026-08-21T08:33:41+0200,6801fa27-1585-43c5-af49-29c528898ba2,2026-07-30T02:30:00Z,2026-07-30T04:30:00+0200,283.909,MW,DK1,DK_1,actual_onshore_wind_generation,Wind Onshore,2026-08-21T06:40:18Z
2026-08-21T06:33:41Z,2026-08-21T08:33:41+0200,6801fa27-1585-43c5-af49-29c528898ba2,2026-07-30T02:45:00Z,2026-07-30T04:45:00+0200,251.476,MW,DK1,DK_1,actual_onshore_wind_generation,Wind Onshore,2026-08-21T06:40:18Z
2026-08-21T06:33:41Z,2026-08-21T08:33:41+0200,6801fa27-1585-43c5-af49-29c528898ba2,2026-07-30T03:00:00Z,2026-07-30T05:00:00+0200,235.56,MW,DK1,DK_1,actual_onshore_wind_generation,Wind Onshore,2026-08-21T06:40:18Z
2026-08-21T06:33:41Z,2026-08-21T08:33:41+0200,6801fa27-1585-43c5-af49-29c528898ba2,2026-07-30T03:15:00Z,2026-07-30T05:15:00+0200,221.238,MW,DK1,DK_1,actual_onshore_wind_generation,Wind Onshore,2026-08-21T06:40:18Z
2026-08-21T06:33:41Z,2026-08-21T08:33:41+0200,6801fa27-1585-43c5-af49-29c528898ba2,2026-07-30T03:30:00Z,2026-07-30T05:30:00+0200,233.996,MW,DK1,DK_1,actual_onshore_wind_generation,Wind Onshore,2026-08-21T06:40:18Z
2026-08-21T06:33:41Z,2026-08-21T08:33:41+0200,6801fa27-1585-43c5-af49-29c528898ba2,2026-07-30T03:45:00Z,2026-07-30T05:45:00+0200,226.655,MW,DK1,DK_1,actual_onshore_wind_generation,Wind Onshore,2026-08-21T06:40:18Z
2026-08-21T06:33:41Z,2026-08-21T08:33:41+0200,6801fa27-1585-43c5-af49-29c528898ba2,2026-07-30T04:00:00Z,2026-07-30T06:00:00+0200,225.949,MW,DK1,DK_1,actual_onshore_wind_generation,Wind Onshore,2026-08-21T06:40:18Z
2026-08-21T06:33:41Z,2026-08-21T08:33:41+0200,6801fa27-1585-43c5-af49-29c528898ba2,2026-07-30T04:15:00Z,2026-07-30T06:15:00+0200,210.227,MW,DK1,DK_1,actual_onshore_wind_generation,Wind Onshore,2026-08-21T06:40:18Z
2026-08-21T06:33:41Z,2026-08-21T08:33:41+0200,6801fa27-1585-43c5-af49-29c528898ba2,2026-07-30T04:30:00Z,2026-07-30T06:30:00+0200,203.675,MW,DK1,DK_1,actual_onshore_wind_generation,Wind Onshore,2026-08-21T06:40:18Z
2026-08-21T06:33:41Z,2026-08-21T08:33:41+0200,6801fa27-1585-43c5-af49-29c528898ba2,2026-07-30T04:45:00Z,2026-07-30T06:45:00+0200,214.031,MW,DK1,DK_1,actual_onshore_wind_generation,Wind Onshore,2026-08-21T06:40:18Z
2026-08-21T06:33:41Z,2026-08-21T08:33:41+0200,6801fa27-1585-43c5-af49-29c528898ba2,2026-07-30T05:00:00Z,2026-07-30T07:00:00+0200,222.975,MW,DK1,DK_1,actual_onshore_wind_generation,Wind Onshore,2026-08-21T06:40:18Z
2026-08-21T06:33:41Z,2026-08-21T08:33:41+0200,6801fa27-1585-43c5-af49-29c528898ba2,2026-07-30T05:15:00Z,2026-07-30T07:15:00+0200,218.338,MW,DK1,DK_1,actual_onshore_wind_generation,Wind Onshore,2026-08-21T06:40:18Z
2026-08-21T06:33:41Z,2026-08-21T08:33:41+0200,6801fa27-1585-43c5-af49-29c528898ba2,2026-07-30T05:30:00Z,2026-07-30T07:30:00+0200,199.531,MW,DK1,DK_1,actual_onshore_wind_generation,Wind Onshore,2026-08-21T06:40:18Z
2026-08-21T06:33:41Z,2026-08-21T08:33:41+0200,6801fa27-1585-43c5-af49-29c528898ba2,2026-07-30T05:45:00Z,2026-07-30T07:45:00+0200,176.454,MW,DK1,DK_1,actual_onshore_wind_generation,Wind Onshore,2026-08-21T06:40:18Z
2026-08-21T06:33:41Z,2026-08-21T08:33:41+0200,6801fa27-1585-43c5-af49-29c528898ba2,2026-07-30T06:00:00Z,2026-07-30T08:00:00+0200,146.839,MW,DK1,DK_1,actual_onshore_wind_generation,Wind Onshore,2026-08-21T06:40:18Z
2026-08-21T06:33:41Z,2026-08-21T08:33:41+0200,6801fa27-1585-43c5-af49-29c528898ba2,2026-07-30T06:15:00Z,2026-07-30T08:15:00+0200,118.808,MW,DK1,DK_1,actual_onshore_wind_generation,Wind Onshore,2026-08-21T06:40:18Z
2026-08-21T06:33:41Z,2026-08-21T08:33:41+0200,6801fa27-1585-43c5-af49-29c528898ba2,2026-07-30T06:30:00Z,2026-07-30T08:30:00+0200,103.517,MW,DK1,DK_1,actual_onshore_wind_generation,Wind Onshore,2026-08-21T06:40:18Z
2026-08-21T06:33:41Z,2026-08-21T08:33:41+0200,6801fa27-1585-43c5-af49-29c528898ba2,2026-07-30T06:45:00Z,2026-07-30T08:45:00+0200,100.691,MW,DK1,DK_1,actual_onshore_wind_generation,Wind Onshore,2026-08-21T06:40:18Z
2026-08-21T06:33:41Z,2026-08-21T08:33:41+0200,6801fa27-1585-43c5-af49-29c528898ba2,2026-07-30T07:00:00Z,2026-07-30T09:00:00+0200,89.7087,MW,DK1,DK_1,actual_onshore_wind_generation,Wind Onshore,2026-08-21T06:40:18Z
2026-08-21T06:33:41Z,2026-08-21T08:33:41+0200,6801fa27-1585-43c5-af49-29c528898ba2,2026-07-30T07:15:00Z,2026-07-30T09:15:00+0200,83.7253,MW,DK1,DK_1,actual_onshore_wind_generation,Wind Onshore,2026-08-21T06:40:18Z
2026-08-21T06:33:41Z,2026-08-21T08:33:41+0200,6801fa27-1585-43c5-af49-29c528898ba2,2026-07-30T07:30:00Z,2026-07-30T09:30:00+0200,90.4057,MW,DK1,DK_1,actual_onshore_wind_generation,Wind Onshore,2026-08-21T06:40:18Z
2026-08-21T06:33:41Z,2026-08-21T08:33:41+0200,6801fa27-1585-43c5-af49-29c528898ba2,2026-07-30T07:45:00Z,2026-07-30T09:45:00+0200,113.96,MW,DK1,DK_1,actual_onshore_wind_generation,Wind Onshore,2026-08-21T06:40:18Z
2026-08-21T06:33:41Z,2026-08-21T08:33:41+0200,6801fa27-1585-43c5-af49-29c528898ba2,2026-07-30T08:00:00Z,2026-07-30T10:00:00+0200,136.104,MW,DK1,DK_1,actual_onshore_wind_generation,Wind Onshore,2026-08-21T06:40:18Z
2026-08-21T06:33:41Z,2026-08-21T08:33:41+0200,6801fa27-1585-43c5-af49-29c528898ba2,2026-07-30T08:15:00Z,2026-07-30T10:15:00+0200,165.741,MW,DK1,DK_1,actual_onshore_wind_generation,Wind Onshore,2026-08-21T06:40:18Z
2026-08-21T06:33:41Z,2026-08-21T08:33:41+0200,6801fa27-1585-43c5-af49-29c528898ba2,2026-07-30T08:30:00Z,2026-07-30T10:30:00+0200,198.869,MW,DK1,DK_1,actual_onshore_wind_generation,Wind Onshore,2026-08-21T06:40:18Z
2026-08-21T06:33:41Z,2026-08-21T08:33:41+0200,6801fa27-1585-43c5-af49-29c528898ba2,2026-07-30T08:45:00Z,2026-07-30T10:45:00+0200,274.111,MW,DK1,DK_1,actual_onshore_wind_generation,Wind Onshore,2026-08-21T06:40:18Z
2026-08-21T06:33:41Z,2026-08-21T08:33:41+0200,6801fa27-1585-43c5-af49-29c528898ba2,2026-07-30T09:00:00Z,2026-07-30T11:00:00+0200,334.529,MW,DK1,DK_1,actual_onshore_wind_generation,Wind Onshore,2026-08-21T06:40:18Z
2026-08-21T06:33:41Z,2026-08-21T08:33:41+0200,6801fa27-1585-43c5-af49-29c528898ba2,2026-07-30T09:15:00Z,2026-07-30T11:15:00+0200,455.055,MW,DK1,DK_1,actual_onshore_wind_generation,Wind Onshore,2026-08-21T06:40:18Z
2026-08-21T06:33:41Z,2026-08-21T08:33:41+0200,6801fa27-1585-43c5-af49-29c528898ba2,2026-07-30T09:30:00Z,2026-07-30T11:30:00+0200,550.759,MW,DK1,DK_1,actual_onshore_wind_generation,Wind Onshore,2026-08-21T06:40:18Z
2026-08-21T06:33:41Z,2026-08-21T08:33:41+0200,6801fa27-1585-43c5-af49-29c528898ba2,2026-07-30T09:45:00Z,2026-07-30T11:45:00+0200,692.578,MW,DK1,DK_1,actual_onshore_wind_generation,Wind Onshore,2026-08-21T06:40:18Z
2026-08-21T06:33:41Z,2026-08-21T08:33:41+0200,6801fa27-1585-43c5-af49-29c528898ba2,2026-07-30T10:00:00Z,2026-07-30T12:00:00+0200,783.599,MW,DK1,DK_1,actual_onshore_wind_generation,Wind Onshore,2026-08-21T06:40:18Z
2026-08-21T06:33:41Z,2026-08-21T08:33:41+0200,6801fa27-1585-43c5-af49-29c528898ba2,2026-07-30T10:15:00Z,2026-07-30T12:15:00+0200,889.545,MW,DK1,DK_1,actual_onshore_wind_generation,Wind Onshore,2026-08-21T06:40:18Z
2026-08-21T06:33:41Z,2026-08-21T08:33:41+0200,6801fa27-1585-43c5-af49-29c528898ba2,2026-07-30T10:30:00Z,2026-07-30T12:30:00+0200,936.844,MW,DK1,DK_1,actual_onshore_wind_generation,Wind Onshore,2026-08-21T06:40:18Z
2026-08-21T06:33:41Z,2026-08-21T08:33:41+0200,6801fa27-1585-43c5-af49-29c528898ba2,2026-07-30T10:45:00Z,2026-07-30T12:45:00+0200,936.605,MW,DK1,DK_1,actual_onshore_wind_generation,Wind Onshore,2026-08-21T06:40:18Z
2026-08-21T06:33:41Z,2026-08-21T08:33:41+0200,6801fa27-1585-43c5-af49-29c528898ba2,2026-07-30T11:00:00Z,2026-07-30T13:00:00+0200,1051.61,MW,DK1,DK_1,actual_onshore_wind_generation,Wind Onshore,2026-08-21T06:40:18Z
2026-08-21T06:33:41Z,2026-08-21T08:33:41+0200,6801fa27-1585-43c5-af49-29c528898ba2,2026-07-30T11:15:00Z,2026-07-30T13:15:00+0200,1135.46,MW,DK1,DK_1,actual_onshore_wind_generation,Wind Onshore,2026-08-21T06:40:18Z
2026-08-21T06:33:41Z,2026-08-21T08:33:41+0200,6801fa27-1585-43c5-af49-29c528898ba2,2026-07-30T11:30:00Z,2026-07-30T13:30:00+0200,1228.73,MW,DK1,DK_1,actual_onshore_wind_generation,Wind Onshore,2026-08-21T06:40:18Z
2026-08-21T06:33:41Z,2026-08-21T08:33:41+0200,6801fa27-1585-43c5-af49-29c528898ba2,2026-07-30T11:45:00Z,2026-07-30T13:45:00+0200,1357.79,MW,DK1,DK_1,actual_onshore_wind_generation,Wind Onshore,2026-08-21T06:40:18Z
2026-08-21T06:33:41Z,2026-08-21T08:33:41+0200,6801fa27-1585-43c5-af49-29c528898ba2,2026-07-30T12:00:00Z,2026-07-30T14:00:00+0200,1319.06,MW,DK1,DK_1,actual_onshore_wind_generation,Wind Onshore,2026-08-21T06:40:18Z
2026-08-21T06:33:41Z,2026-08-21T08:33:41+0200,6801fa27-1585-43c5-af49-29c528898ba2,2026-07-30T12:15:00Z,2026-07-30T14:15:00+0200,1494.3,MW,DK1,DK_1,actual_onshore_wind_generation,Wind Onshore,2026-08-21T06:40:18Z
2026-08-21T06:33:41Z,2026-08-21T08:33:41+0200,6801fa27-1585-43c5-af49-29c528898ba2,2026-07-30T12:30:00Z,2026-07-30T14:30:00+0200,1556.12,MW,DK1,DK_1,actual_onshore_wind_generation,Wind Onshore,2026-08-21T06:40:18Z
2026-08-21T06:33:41Z,2026-08-21T08:33:41+0200,6801fa27-1585-43c5-af49-29c528898ba2,2026-07-30T12:45:00Z,2026-07-30T14:45:00+0200,1605.29,MW,DK1,DK_1,actual_onshore_wind_generation,Wind Onshore,2026-08-21T06:40:18Z
2026-08-21T06:33:41Z,2026-08-21T08:33:41+0200,6801fa27-1585-43c5-af49-29c528898ba2,2026-07-30T13:00:00Z,2026-07-30T15:00:00+0200,1599.35,MW,DK1,DK_1,actual_onshore_wind_generation,Wind Onshore,2026-08-21T06:40:18Z
2026-08-21T06:33:41Z,2026-08-21T08:33:41+0200,6801fa27-1585-43c5-af49-29c528898ba2,2026-07-30T13:15:00Z,2026-07-30T15:15:00+0200,1625.75,MW,DK1,DK_1,actual_onshore_wind_generation,Wind Onshore,2026-08-21T06:40:18Z
2026-08-21T06:33:41Z,2026-08-21T08:33:41+0200,6801fa27-1585-43c5-af49-29c528898ba2,2026-07-30T13:30:00Z,2026-07-30T15:30:00+0200,1671.91,MW,DK1,DK_1,actual_onshore_wind_generation,Wind Onshore,2026-08-21T06:40:18Z
2026-08-21T06:33:41Z,2026-08-21T08:33:41+0200,6801fa27-1585-43c5-af49-29c528898ba2,2026-07-30T13:45:00Z,2026-07-30T15:45:00+0200,1567.78,MW,DK1,DK_1,actual_onshore_wind_generation,Wind Onshore,2026-08-21T06:40:18Z
2026-08-21T06:33:41Z,2026-08-21T08:33:41+0200,6801fa27-1585-43c5-af49-29c528898ba2,2026-07-30T14:00:00Z,2026-07-30T16:00:00+0200,1600.26,MW,DK1,DK_1,actual_onshore_wind_generation,Wind Onshore,2026-08-21T06:40:18Z
2026-08-21T06:33:41Z,2026-08-21T08:33:41+0200,6801fa27-1585-43c5-af49-29c528898ba2,2026-07-30T14:15:00Z,2026-07-30T16:15:00+0200,1530.29,MW,DK1,DK_1,actual_onshore_wind_generation,Wind Onshore,2026-08-21T06:40:18Z
2026-08-21T06:33:41Z,2026-08-21T08:33:41+0200,6801fa27-1585-43c5-af49-29c528898ba2,2026-07-30T14:30:00Z,2026-07-30T16:30:00+0200,1492.59,MW,DK1,DK_1,actual_onshore_wind_generation,Wind Onshore,2026-08-21T06:40:18Z
2026-08-21T06:33:41Z,2026-08-21T08:33:41+0200,6801fa27-1585-43c5-af49-29c528898ba2,2026-07-30T14:45:00Z,2026-07-30T16:45:00+0200,1525.59,MW,DK1,DK_1,actual_onshore_wind_generation,Wind Onshore,2026-08-21T06:40:18Z
2026-08-21T06:33:41Z,2026-08-21T08:33:41+0200,6801fa27-1585-43c5-af49-29c528898ba2,2026-07-30T15:00:00Z,2026-07-30T17:00:00+0200,1509.2,MW,DK1,DK_1,actual_onshore_wind_generation,Wind Onshore,2026-08-21T06:40:18Z
2026-08-21T06:33:41Z,2026-08-21T08:33:41+0200,6801fa27-1585-43c5-af49-29c528898ba2,2026-07-30T15:15:00Z,2026-07-30T17:15:00+0200,1473.48,MW,DK1,DK_1,actual_onshore_wind_generation,Wind Onshore,2026-08-21T06:40:18Z
2026-08-21T06:33:41Z,2026-08-21T08:33:41+0200,6801fa27-1585-43c5-af49-29c528898ba2,2026-07-30T15:30:00Z,2026-07-30T17:30:00+0200,1499.26,MW,DK1,DK_1,actual_onshore_wind_generation,Wind Onshore,2026-08-21T06:40:18Z
2026-08-21T06:33:41Z,2026-08-21T08:33:41+0200,6801fa27-1585-43c5-af49-29c528898ba2,2026-07-30T15:45:00Z,2026-07-30T17:45:00+0200,1587.51,MW,DK1,DK_1,actual_onshore_wind_generation,Wind Onshore,2026-08-21T06:40:18Z
2026-08-21T06:33:41Z,2026-08-21T08:33:41+0200,6801fa27-1585-43c5-af49-29c528898ba2,2026-07-30T16:00:00Z,2026-07-30T18:00:00+0200,1610.12,MW,DK1,DK_1,actual_onshore_wind_generation,Wind Onshore,2026-08-21T06:40:18Z
2026-08-21T06:33:41Z,2026-08-21T08:33:41+0200,6801fa27-1585-43c5-af49-29c528898ba2,2026-07-30T16:15:00Z,2026-07-30T18:15:00+0200,1638.97,MW,DK1,DK_1,actual_onshore_wind_generation,Wind Onshore,2026-08-21T06:40:18Z
2026-08-21T06:33:41Z,2026-08-21T08:33:41+0200,6801fa27-1585-43c5-af49-29c528898ba2,2026-07-30T16:30:00Z,2026-07-30T18:30:00+0200,1626.06,MW,DK1,DK_1,actual_onshore_wind_generation,Wind Onshore,2026-08-21T06:40:18Z
2026-08-21T06:33:41Z,2026-08-21T08:33:41+0200,6801fa27-1585-43c5-af49-29c528898ba2,2026-07-30T16:45:00Z,2026-07-30T18:45:00+0200,1564.57,MW,DK1,DK_1,actual_onshore_wind_generation,Wind Onshore,2026-08-21T06:40:18Z
2026-08-21T06:33:41Z,2026-08-21T08:33:41+0200,6801fa27-1585-43c5-af49-29c528898ba2,2026-07-30T17:00:00Z,2026-07-30T19:00:00+0200,1495.84,MW,DK1,DK_1,actual_onshore_wind_generation,Wind Onshore,2026-08-21T06:40:18Z
2026-08-21T06:33:41Z,2026-08-21T08:33:41+0200,6801fa27-1585-43c5-af49-29c528898ba2,2026-07-30T17:15:00Z,2026-07-30T19:15:00+0200,1526.28,MW,DK1,DK_1,actual_onshore_wind_generation,Wind Onshore,2026-08-21T06:40:18Z
2026-08-21T06:33:41Z,2026-08-21T08:33:41+0200,6801fa27-1585-43c5-af49-29c528898ba2,2026-07-30T17:30:00Z,2026-07-30T19:30:00+0200,1496.39,MW,DK1,DK_1,actual_onshore_wind_generation,Wind Onshore,2026-08-21T06:40:18Z
2026-08-21T06:33:41Z,2026-08-21T08:33:41+0200,6801fa27-1585-43c5-af49-29c528898ba2,2026-07-30T17:45:00Z,2026-07-30T19:45:00+0200,1418.04,MW,DK1,DK_1,actual_onshore_wind_generation,Wind Onshore,2026-08-21T06:40:18Z
2026-08-21T06:33:41Z,2026-08-21T08:33:41+0200,6801fa27-1585-43c5-af49-29c528898ba2,2026-07-30T18:00:00Z,2026-07-30T20:00:00+0200,1333.42,MW,DK1,DK_1,actual_onshore_wind_generation,Wind Onshore,2026-08-21T06:40:18Z
2026-08-21T06:33:41Z,2026-08-21T08:33:41+0200,6801fa27-1585-43c5-af49-29c528898ba2,2026-07-30T18:15:00Z,2026-07-30T20:15:00+0200,1296.57,MW,DK1,DK_1,actual_onshore_wind_generation,Wind Onshore,2026-08-21T06:40:18Z
2026-08-21T06:33:41Z,2026-08-21T08:33:41+0200,6801fa27-1585-43c5-af49-29c528898ba2,2026-07-30T18:30:00Z,2026-07-30T20:30:00+0200,1232.59,MW,DK1,DK_1,actual_onshore_wind_generation,Wind Onshore,2026-08-21T06:40:18Z
2026-08-21T06:33:41Z,2026-08-21T08:33:41+0200,6801fa27-1585-43c5-af49-29c528898ba2,2026-07-30T18:45:00Z,2026-07-30T20:45:00+0200,1144.71,MW,DK1,DK_1,actual_onshore_wind_generation,Wind Onshore,2026-08-21T06:40:18Z
2026-08-21T06:33:41Z,2026-08-21T08:33:41+0200,6801fa27-1585-43c5-af49-29c528898ba2,2026-07-30T19:00:00Z,2026-07-30T21:00:00+0200,1155.09,MW,DK1,DK_1,actual_onshore_wind_generation,Wind Onshore,2026-08-21T06:40:18Z
2026-08-21T06:33:41Z,2026-08-21T08:33:41+0200,6801fa27-1585-43c5-af49-29c528898ba2,2026-07-30T19:15:00Z,2026-07-30T21:15:00+0200,1145.83,MW,DK1,DK_1,actual_onshore_wind_generation,Wind Onshore,2026-08-21T06:40:18Z
2026-08-21T06:33:41Z,2026-08-21T08:33:41+0200,6801fa27-1585-43c5-af49-29c528898ba2,2026-07-30T19:30:00Z,2026-07-30T21:30:00+0200,1090.6,MW,DK1,DK_1,actual_onshore_wind_generation,Wind Onshore,2026-08-21T06:40:18Z
2026-08-21T06:33:41Z,2026-08-21T08:33:41+0200,6801fa27-1585-43c5-af49-29c528898ba2,2026-07-30T19:45:00Z,2026-07-30T21:45:00+0200,1126.0,MW,DK1,DK_1,actual_onshore_wind_generation,Wind Onshore,2026-08-21T06:40:18Z
2026-08-21T06:33:41Z,2026-08-21T08:33:41+0200,6801fa27-1585-43c5-af49-29c528898ba2,2026-07-30T20:00:00Z,2026-07-30T22:00:00+0200,1166.72,MW,DK1,DK_1,actual_onshore_wind_generation,Wind Onshore,2026-08-21T06:40:18Z
2026-08-21T06:33:41Z,2026-08-21T08:33:41+0200,6801fa27-1585-43c5-af49-29c528898ba2,2026-07-30T20:15:00Z,2026-07-30T22:15:00+0200,1148.45,MW,DK1,DK_1,actual_onshore_wind_generation,Wind Onshore,2026-08-21T06:40:18Z
2026-08-21T06:33:41Z,2026-08-21T08:33:41+0200,6801fa27-1585-43c5-af49-29c528898ba2,2026-07-30T20:30:00Z,2026-07-30T22:30:00+0200,1172.86,MW,DK1,DK_1,actual_onshore_wind_generation,Wind Onshore,2026-08-21T06:40:18Z
2026-08-21T06:33:41Z,2026-08-21T08:33:41+0200,6801fa27-1585-43c5-af49-29c528898ba2,2026-07-30T20:45:00Z,2026-07-30T22:45:00+0200,1137.0,MW,DK1,DK_1,actual_onshore_wind_generation,Wind Onshore,2026-08-21T06:40:18Z
2026-08-21T06:33:41Z,2026-08-21T08:33:41+0200,6801fa27-1585-43c5-af49-29c528898ba2,2026-07-30T21:00:00Z,2026-07-30T23:00:00+0200,1150.05,MW,DK1,DK_1,actual_onshore_wind_generation,Wind Onshore,2026-08-21T06:40:18Z
2026-08-21T06:33:41Z,2026-08-21T08:33:41+0200,6801fa27-1585-43c5-af49-29c528898ba2,2026-07-30T21:15:00Z,2026-07-30T23:15:00+0200,1156.37,MW,DK1,DK_1,actual_onshore_wind_generation,Wind Onshore,2026-08-21T06:40:18Z
2026-08-21T06:33:41Z,2026-08-21T08:33:41+0200,6801fa27-1585-43c5-af49-29c528898ba2,2026-07-30T21:30:00Z,2026-07-30T23:30:00+0200,1110.71,MW,DK1,DK_1,actual_onshore_wind_generation,Wind Onshore,2026-08-21T06:40:18Z
2026-08-21T06:33:41Z,2026-08-21T08:33:41+0200,6801fa27-1585-43c5-af49-29c528898ba2,2026-07-30T21:45:00Z,2026-07-30T23:45:00+0200,1062.87,MW,DK1,DK_1,actual_onshore_wind_generation,Wind Onshore,2026-08-21T06:40:18Z
2026-08-21T06:33:41Z,2026-08-21T08:33:41+0200,6801fa27-1585-43c5-af49-29c528898ba2,2026-07-30T22:00:00Z,2026-07-31T00:00:00+0200,969.369,MW,DK1,DK_1,actual_onshore_wind_generation,Wind Onshore,2026-08-21T06:40:18Z
2026-08-21T06:33:41Z,2026-08-21T08:33:41+0200,6801fa27-1585-43c5-af49-29c528898ba2,2026-07-30T22:15:00Z,2026-07-31T00:15:00+0200,917.941,MW,DK1,DK_1,actual_onshore_wind_generation,Wind Onshore,2026-08-21T06:40:18Z
2026-08-21T06:33:41Z,2026-08-21T08:33:41+0200,6801fa27-1585-43c5-af49-29c528898ba2,2026-07-30T22:30:00Z,2026-07-31T00:30:00+0200,889.632,MW,DK1,DK_1,actual_onshore_wind_generation,Wind Onshore,2026-08-21T06:40:18Z
2026-08-21T06:33:41Z,2026-08-21T08:33:41+0200,6801fa27-1585-43c5-af49-29c528898ba2,2026-07-30T22:45:00Z,2026-07-31T00:45:00+0200,865.757,MW,DK1,DK_1,actual_onshore_wind_generation,Wind Onshore,2026-08-21T06:40:18Z
2026-08-21T06:33:41Z,2026-08-21T08:33:41+0200,6801fa27-1585-43c5-af49-29c528898ba2,2026-07-30T23:00:00Z,2026-07-31T01:00:00+0200,808.271,MW,DK1,DK_1,actual_onshore_wind_generation,Wind Onshore,2026-08-21T06:40:18Z
2026-08-21T06:33:41Z,2026-08-21T08:33:41+0200,6801fa27-1585-43c5-af49-29c528898ba2,2026-07-30T23:15:00Z,2026-07-31T01:15:00+0200,756.44,MW,DK1,DK_1,actual_onshore_wind_generation,Wind Onshore,2026-08-21T06:40:18Z
2026-08-21T06:33:41Z,2026-08-21T08:33:41+0200,6801fa27-1585-43c5-af49-29c528898ba2,2026-07-30T23:30:00Z,2026-07-31T01:30:00+0200,750.387,MW,DK1,DK_1,actual_onshore_wind_generation,Wind Onshore,2026-08-21T06:40:18Z
2026-08-21T06:33:41Z,2026-08-21T08:33:41+0200,6801fa27-1585-43c5-af49-29c528898ba2,2026-07-30T23:45:00Z,2026-07-31T01:45:00+0200,709.517,MW,DK1,DK_1,actual_onshore_wind_generation,Wind Onshore,2026-08-21T06:40:18Z
2026-08-21T06:33:41Z,2026-08-21T08:33:41+0200,6801fa27-1585-43c5-af49-29c528898ba2,2026-07-31T00:00:00Z,2026-07-31T02:00:00+0200,693.497,MW,DK1,DK_1,actual_onshore_wind_generation,Wind Onshore,2026-08-21T06:40:18Z
2026-08-21T06:33:41Z,2026-08-21T08:33:41+0200,6801fa27-1585-43c5-af49-29c528898ba2,2026-07-31T00:15:00Z,2026-07-31T02:15:00+0200,687.906,MW,DK1,DK_1,actual_onshore_wind_generation,Wind Onshore,2026-08-21T06:40:18Z
2026-08-21T06:33:41Z,2026-08-21T08:33:41+0200,6801fa27-1585-43c5-af49-29c528898ba2,2026-07-31T00:30:00Z,2026-07-31T02:30:00+0200,660.061,MW,DK1,DK_1,actual_onshore_wind_generation,Wind Onshore,2026-08-21T06:40:18Z
2026-08-21T06:33:41Z,2026-08-21T08:33:41+0200,6801fa27-1585-43c5-af49-29c528898ba2,2026-07-31T00:45:00Z,2026-07-31T02:45:00+0200,635.158,MW,DK1,DK_1,actual_onshore_wind_generation,Wind Onshore,2026-08-21T06:40:18Z
2026-08-21T06:33:41Z,2026-08-21T08:33:41+0200,6801fa27-1585-43c5-af49-29c528898ba2,2026-07-31T01:00:00Z,2026-07-31T03:00:00+0200,656.81,MW,DK1,DK_1,actual_onshore_wind_generation,Wind Onshore,2026-08-21T06:40:18Z
2026-08-21T06:33:41Z,2026-08-21T08:33:41+0200,6801fa27-1585-43c5-af49-29c528898ba2,2026-07-31T01:15:00Z,2026-07-31T03:15:00+0200,640.863,MW,DK1,DK_1,actual_onshore_wind_generation,Wind Onshore,2026-08-21T06:40:18Z
2026-08-21T06:33:41Z,2026-08-21T08:33:41+0200,6801fa27-1585-43c5-af49-29c528898ba2,2026-07-31T01:30:00Z,2026-07-31T03:30:00+0200,638.064,MW,DK1,DK_1,actual_onshore_wind_generation,Wind Onshore,2026-08-21T06:40:18Z
2026-08-21T06:33:41Z,2026-08-21T08:33:41+0200,6801fa27-1585-43c5-af49-29c528898ba2,2026-07-31T01:45:00Z,2026-07-31T03:45:00+0200,604.093,MW,DK1,DK_1,actual_onshore_wind_generation,Wind Onshore,2026-08-21T06:40:18Z
2026-08-21T06:33:41Z,2026-08-21T08:33:41+0200,6801fa27-1585-43c5-af49-29c528898ba2,2026-07-31T02:00:00Z,2026-07-31T04:00:00+0200,590.676,MW,DK1,DK_1,actual_onshore_wind_generation,Wind Onshore,2026-08-21T06:40:18Z
2026-08-21T06:33:41Z,2026-08-21T08:33:41+0200,6801fa27-1585-43c5-af49-29c528898ba2,2026-07-31T02:15:00Z,2026-07-31T04:15:00+0200,602.198,MW,DK1,DK_1,actual_onshore_wind_generation,Wind Onshore,2026-08-21T06:40:18Z
2026-08-21T06:33:41Z,2026-08-21T08:33:41+0200,6801fa27-1585-43c5-af49-29c528898ba2,2026-07-31T02:30:00Z,2026-07-31T04:30:00+0200,576.165,MW,DK1,DK_1,actual_onshore_wind_generation,Wind Onshore,2026-08-21T06:40:18Z
2026-08-21T06:33:41Z,2026-08-21T08:33:41+0200,6801fa27-1585-43c5-af49-29c528898ba2,2026-07-31T02:45:00Z,2026-07-31T04:45:00+0200,547.982,MW,DK1,DK_1,actual_onshore_wind_generation,Wind Onshore,2026-08-21T06:40:18Z
2026-08-21T06:33:41Z,2026-08-21T08:33:41+0200,6801fa27-1585-43c5-af49-29c528898ba2,2026-07-31T03:00:00Z,2026-07-31T05:00:00+0200,531.682,MW,DK1,DK_1,actual_onshore_wind_generation,Wind Onshore,2026-08-21T06:40:18Z
2026-08-21T06:33:41Z,2026-08-21T08:33:41+0200,6801fa27-1585-43c5-af49-29c528898ba2,2026-07-31T03:15:00Z,2026-07-31T05:15:00+0200,509.59,MW,DK1,DK_1,actual_onshore_wind_generation,Wind Onshore,2026-08-21T06:40:18Z
2026-08-21T06:33:41Z,2026-08-21T08:33:41+0200,6801fa27-1585-43c5-af49-29c528898ba2,2026-07-31T03:30:00Z,2026-07-31T05:30:00+0200,500.444,MW,DK1,DK_1,actual_onshore_wind_generation,Wind Onshore,2026-08-21T06:40:18Z
2026-08-21T06:33:41Z,2026-08-21T08:33:41+0200,6801fa27-1585-43c5-af49-29c528898ba2,2026-07-31T03:45:00Z,2026-07-31T05:45:00+0200,483.74,MW,DK1,DK_1,actual_onshore_wind_generation,Wind Onshore,2026-08-21T06:40:18Z
2026-08-21T06:33:41Z,2026-08-21T08:33:41+0200,6801fa27-1585-43c5-af49-29c528898ba2,2026-07-31T04:00:00Z,2026-07-31T06:00:00+0200,452.005,MW,DK1,DK_1,actual_onshore_wind_generation,Wind Onshore,2026-08-21T06:40:18Z
2026-08-21T06:33:41Z,2026-08-21T08:33:41+0200,6801fa27-1585-43c5-af49-29c528898ba2,2026-07-31T04:15:00Z,2026-07-31T06:15:00+0200,424.707,MW,DK1,DK_1,actual_onshore_wind_generation,Wind Onshore,2026-08-21T06:40:18Z
2026-08-21T06:33:41Z,2026-08-21T08:33:41+0200,6801fa27-1585-43c5-af49-29c528898ba2,2026-07-31T04:30:00Z,2026-07-31T06:30:00+0200,397.628,MW,DK1,DK_1,actual_onshore_wind_generation,Wind Onshore,2026-08-21T06:40:18Z
2026-08-21T06:33:41Z,2026-08-21T08:33:41+0200,6801fa27-1585-43c5-af49-29c528898ba2,2026-07-31T04:45:00Z,2026-07-31T06:45:00+0200,408.907,MW,DK1,DK_1,actual_onshore_wind_generation,Wind Onshore,2026-08-21T06:40:18Z
2026-08-21T06:33:41Z,2026-08-21T08:33:41+0200,6801fa27-1585-43c5-af49-29c528898ba2,2026-07-31T05:00:00Z,2026-07-31T07:00:00+0200,422.044,MW,DK1,DK_1,actual_onshore_wind_generation,Wind Onshore,2026-08-21T06:40:18Z
2026-08-21T06:33:41Z,2026-08-21T08:33:41+0200,6801fa27-1585-43c5-af49-29c528898ba2,2026-07-31T05:15:00Z,2026-07-31T07:15:00+0200,432.945,MW,DK1,DK_1,actual_onshore_wind_generation,Wind Onshore,2026-08-21T06:40:18Z
2026-08-21T06:33:41Z,2026-08-21T08:33:41+0200,6801fa27-1585-43c5-af49-29c528898ba2,2026-07-31T05:30:00Z,2026-07-31T07:30:00+0200,434.578,MW,DK1,DK_1,actual_onshore_wind_generation,Wind Onshore,2026-08-21T06:40:18Z
2026-08-21T06:33:41Z,2026-08-21T08:33:41+0200,6801fa27-1585-43c5-af49-29c528898ba2,2026-07-31T05:45:00Z,2026-07-31T07:45:00+0200,484.363,MW,DK1,DK_1,actual_onshore_wind_generation,Wind Onshore,2026-08-21T06:40:18Z
2026-08-21T06:33:41Z,2026-08-21T08:33:41+0200,6801fa27-1585-43c5-af49-29c528898ba2,2026-07-31T06:00:00Z,2026-07-31T08:00:00+0200,567.614,MW,DK1,DK_1,actual_onshore_wind_generation,Wind Onshore,2026-08-21T06:40:18Z
2026-08-21T06:33:41Z,2026-08-21T08:33:41+0200,6801fa27-1585-43c5-af49-29c528898ba2,2026-07-31T06:15:00Z,2026-07-31T08:15:00+0200,635.737,MW,DK1,DK_1,actual_onshore_wind_generation,Wind Onshore,2026-08-21T06:40:18Z
2026-08-21T06:33:41Z,2026-08-21T08:33:41+0200,6801fa27-1585-43c5-af49-29c528898ba2,2026-07-31T06:30:00Z,2026-07-31T08:30:00+0200,691.235,MW,DK1,DK_1,actual_onshore_wind_generation,Wind Onshore,2026-08-21T06:40:18Z
2026-08-21T06:33:41Z,2026-08-21T08:33:41+0200,6801fa27-1585-43c5-af49-29c528898ba2,2026-07-31T06:45:00Z,2026-07-31T08:45:00+0200,690.406,MW,DK1,DK_1,actual_onshore_wind_generation,Wind Onshore,2026-08-21T06:40:18Z
2026-08-21T06:33:41Z,2026-08-21T08:33:41+0200,6801fa27-1585-43c5-af49-29c528898ba2,2026-07-31T07:00:00Z,2026-07-31T09:00:00+0200,712.707,MW,DK1,DK_1,actual_onshore_wind_generation,Wind Onshore,2026-08-21T06:40:18Z
2026-08-21T06:33:41Z,2026-08-21T08:33:41+0200,6801fa27-1585-43c5-af49-29c528898ba2,2026-07-31T07:15:00Z,2026-07-31T09:15:00+0200,796.853,MW,DK1,DK_1,actual_onshore_wind_generation,Wind Onshore,2026-08-21T06:40:18Z
2026-08-21T06:33:41Z,2026-08-21T08:33:41+0200,6801fa27-1585-43c5-af49-29c528898ba2,2026-07-31T07:30:00Z,2026-07-31T09:30:00+0200,849.65,MW,DK1,DK_1,actual_onshore_wind_generation,Wind Onshore,2026-08-21T06:40:18Z
2026-08-21T06:33:41Z,2026-08-21T08:33:41+0200,6801fa27-1585-43c5-af49-29c528898ba2,2026-07-31T07:45:00Z,2026-07-31T09:45:00+0200,891.993,MW,DK1,DK_1,actual_onshore_wind_generation,Wind Onshore,2026-08-21T06:40:18Z
2026-08-21T06:33:41Z,2026-08-21T08:33:41+0200,6801fa27-1585-43c5-af49-29c528898ba2,2026-07-31T08:00:00Z,2026-07-31T10:00:00+0200,922.112,MW,DK1,DK_1,actual_onshore_wind_generation,Wind Onshore,2026-08-21T06:40:18Z
2026-08-21T06:33:41Z,2026-08-21T08:33:41+0200,6801fa27-1585-43c5-af49-29c528898ba2,2026-07-31T08:15:00Z,2026-07-31T10:15:00+0200,948.553,MW,DK1,DK_1,actual_onshore_wind_generation,Wind Onshore,2026-08-21T06:40:18Z
2026-08-21T06:33:41Z,2026-08-21T08:33:41+0200,6801fa27-1585-43c5-af49-29c528898ba2,2026-07-31T08:30:00Z,2026-07-31T10:30:00+0200,920.691,MW,DK1,DK_1,actual_onshore_wind_generation,Wind Onshore,2026-08-21T06:40:18Z
2026-08-21T06:33:41Z,2026-08-21T08:33:41+0200,6801fa27-1585-43c5-af49-29c528898ba2,2026-07-31T08:45:00Z,2026-07-31T10:45:00+0200,905.264,MW,DK1,DK_1,actual_onshore_wind_generation,Wind Onshore,2026-08-21T06:40:18Z
2026-08-21T06:33:41Z,2026-08-21T08:33:41+0200,6801fa27-1585-43c5-af49-29c528898ba2,2026-07-31T09:00:00Z,2026-07-31T11:00:00+0200,857.097,MW,DK1,DK_1,actual_onshore_wind_generation,Wind Onshore,2026-08-21T06:40:18Z
2026-08-21T06:33:41Z,2026-08-21T08:33:41+0200,6801fa27-1585-43c5-af49-29c528898ba2,2026-07-31T09:15:00Z,2026-07-31T11:15:00+0200,820.282,MW,DK1,DK_1,actual_onshore_wind_generation,Wind Onshore,2026-08-21T06:40:18Z
2026-08-21T06:33:41Z,2026-08-21T08:33:41+0200,6801fa27-1585-43c5-af49-29c528898ba2,2026-07-31T09:30:00Z,2026-07-31T11:30:00+0200,810.15,MW,DK1,DK_1,actual_onshore_wind_generation,Wind Onshore,2026-08-21T06:40:18Z
2026-08-21T06:33:41Z,2026-08-21T08:33:41+0200,6801fa27-1585-43c5-af49-29c528898ba2,2026-07-31T09:45:00Z,2026-07-31T11:45:00+0200,754.599,MW,DK1,DK_1,actual_onshore_wind_generation,Wind Onshore,2026-08-21T06:40:18Z
2026-08-21T06:33:41Z,2026-08-21T08:33:41+0200,6801fa27-1585-43c5-af49-29c528898ba2,2026-07-31T10:00:00Z,2026-07-31T12:00:00+0200,708.703,MW,DK1,DK_1,actual_onshore_wind_generation,Wind Onshore,2026-08-21T06:40:18Z
2026-08-21T06:33:41Z,2026-08-21T08:33:41+0200,6801fa27-1585-43c5-af49-29c528898ba2,2026-07-31T10:15:00Z,2026-07-31T12:15:00+0200,665.923,MW,DK1,DK_1,actual_onshore_wind_generation,Wind Onshore,2026-08-21T06:40:18Z
2026-08-21T06:33:41Z,2026-08-21T08:33:41+0200,6801fa27-1585-43c5-af49-29c528898ba2,2026-07-31T10:30:00Z,2026-07-31T12:30:00+0200,638.078,MW,DK1,DK_1,actual_onshore_wind_generation,Wind Onshore,2026-08-21T06:40:18Z
2026-08-21T06:33:41Z,2026-08-21T08:33:41+0200,6801fa27-1585-43c5-af49-29c528898ba2,2026-07-31T10:45:00Z,2026-07-31T12:45:00+0200,602.12,MW,DK1,DK_1,actual_onshore_wind_generation,Wind Onshore,2026-08-21T06:40:18Z
2026-08-21T06:33:41Z,2026-08-21T08:33:41+0200,6801fa27-1585-43c5-af49-29c528898ba2,2026-07-31T11:00:00Z,2026-07-31T13:00:00+0200,617.543,MW,DK1,DK_1,actual_onshore_wind_generation,Wind Onshore,2026-08-21T06:40:18Z
2026-08-21T06:33:41Z,2026-08-21T08:33:41+0200,6801fa27-1585-43c5-af49-29c528898ba2,2026-07-31T11:15:00Z,2026-07-31T13:15:00+0200,584.916,MW,DK1,DK_1,actual_onshore_wind_generation,Wind Onshore,2026-08-21T06:40:18Z
2026-08-21T06:33:41Z,2026-08-21T08:33:41+0200,6801fa27-1585-43c5-af49-29c528898ba2,2026-07-31T11:30:00Z,2026-07-31T13:30:00+0200,559.764,MW,DK1,DK_1,actual_onshore_wind_generation,Wind Onshore,2026-08-21T06:40:18Z
2026-08-21T06:33:41Z,2026-08-21T08:33:41+0200,6801fa27-1585-43c5-af49-29c528898ba2,2026-07-31T11:45:00Z,2026-07-31T13:45:00+0200,565.018,MW,DK1,DK_1,actual_onshore_wind_generation,Wind Onshore,2026-08-21T06:40:18Z
2026-08-21T06:33:41Z,2026-08-21T08:33:41+0200,6801fa27-1585-43c5-af49-29c528898ba2,2026-07-31T12:00:00Z,2026-07-31T14:00:00+0200,560.98,MW,DK1,DK_1,actual_onshore_wind_generation,Wind Onshore,2026-08-21T06:40:18Z
2026-08-21T06:33:41Z,2026-08-21T08:33:41+0200,6801fa27-1585-43c5-af49-29c528898ba2,2026-07-31T12:15:00Z,2026-07-31T14:15:00+0200,558.669,MW,DK1,DK_1,actual_onshore_wind_generation,Wind Onshore,2026-08-21T06:40:18Z
2026-08-21T06:33:41Z,2026-08-21T08:33:41+0200,6801fa27-1585-43c5-af49-29c528898ba2,2026-07-31T12:30:00Z,2026-07-31T14:30:00+0200,541.211,MW,DK1,DK_1,actual_onshore_wind_generation,Wind Onshore,2026-08-21T06:40:18Z
2026-08-21T06:33:41Z,2026-08-21T08:33:41+0200,6801fa27-1585-43c5-af49-29c528898ba2,2026-07-31T12:45:00Z,2026-07-31T14:45:00+0200,535.964,MW,DK1,DK_1,actual_onshore_wind_generation,Wind Onshore,2026-08-21T06:40:18Z
2026-08-21T06:33:41Z,2026-08-21T08:33:41+0200,6801fa27-1585-43c5-af49-29c528898ba2,2026-07-31T13:00:00Z,2026-07-31T15:00:00+0200,531.975,MW,DK1,DK_1,actual_onshore_wind_generation,Wind Onshore,2026-08-21T06:40:18Z
2026-08-21T06:33:41Z,2026-08-21T08:33:41+0200,6801fa27-1585-43c5-af49-29c528898ba2,2026-07-31T13:15:00Z,2026-07-31T15:15:00+0200,552.642,MW,DK1,DK_1,actual_onshore_wind_generation,Wind Onshore,2026-08-21T06:40:18Z
2026-08-21T06:33:41Z,2026-08-21T08:33:41+0200,6801fa27-1585-43c5-af49-29c528898ba2,2026-07-31T13:30:00Z,2026-07-31T15:30:00+0200,591.302,MW,DK1,DK_1,actual_onshore_wind_generation,Wind Onshore,2026-08-21T06:40:18Z
2026-08-21T06:33:41Z,2026-08-21T08:33:41+0200,6801fa27-1585-43c5-af49-29c528898ba2,2026-07-31T13:45:00Z,2026-07-31T15:45:00+0200,603.572,MW,DK1,DK_1,actual_onshore_wind_generation,Wind Onshore,2026-08-21T06:40:18Z
2026-08-21T06:33:41Z,2026-08-21T08:33:41+0200,6801fa27-1585-43c5-af49-29c528898ba2,2026-07-31T14:00:00Z,2026-07-31T16:00:00+0200,601.445,MW,DK1,DK_1,actual_onshore_wind_generation,Wind Onshore,2026-08-21T06:40:18Z
2026-08-21T06:33:41Z,2026-08-21T08:33:41+0200,6801fa27-1585-43c5-af49-29c528898ba2,2026-07-31T14:15:00Z,2026-07-31T16:15:00+0200,618.821,MW,DK1,DK_1,actual_onshore_wind_generation,Wind Onshore,2026-08-21T06:40:18Z
2026-08-21T06:33:41Z,2026-08-21T08:33:41+0200,6801fa27-1585-43c5-af49-29c528898ba2,2026-07-31T14:30:00Z,2026-07-31T16:30:00+0200,638.781,MW,DK1,DK_1,actual_onshore_wind_generation,Wind Onshore,2026-08-21T06:40:18Z
2026-08-21T06:33:41Z,2026-08-21T08:33:41+0200,6801fa27-1585-43c5-af49-29c528898ba2,2026-07-31T14:45:00Z,2026-07-31T16:45:00+0200,631.068,MW,DK1,DK_1,actual_onshore_wind_generation,Wind Onshore,2026-08-21T06:40:18Z
2026-08-21T06:33:41Z,2026-08-21T08:33:41+0200,6801fa27-1585-43c5-af49-29c528898ba2,2026-07-31T15:00:00Z,2026-07-31T17:00:00+0200,611.008,MW,DK1,DK_1,actual_onshore_wind_generation,Wind Onshore,2026-08-21T06:40:18Z
2026-08-21T06:33:41Z,2026-08-21T08:33:41+0200,6801fa27-1585-43c5-af49-29c528898ba2,2026-07-31T15:15:00Z,2026-07-31T17:15:00+0200,613.32,MW,DK1,DK_1,actual_onshore_wind_generation,Wind Onshore,2026-08-21T06:40:18Z
2026-08-21T06:33:41Z,2026-08-21T08:33:41+0200,6801fa27-1585-43c5-af49-29c528898ba2,2026-07-31T15:30:00Z,2026-07-31T17:30:00+0200,600.824,MW,DK1,DK_1,actual_onshore_wind_generation,Wind Onshore,2026-08-21T06:40:18Z
2026-08-21T06:33:41Z,2026-08-21T08:33:41+0200,6801fa27-1585-43c5-af49-29c528898ba2,2026-07-31T15:45:00Z,2026-07-31T17:45:00+0200,616.825,MW,DK1,DK_1,actual_onshore_wind_generation,Wind Onshore,2026-08-21T06:40:18Z
2026-08-21T06:33:41Z,2026-08-21T08:33:41+0200,6801fa27-1585-43c5-af49-29c528898ba2,2026-07-31T16:00:00Z,2026-07-31T18:00:00+0200,612.214,MW,DK1,DK_1,actual_onshore_wind_generation,Wind Onshore,2026-08-21T06:40:18Z
2026-08-21T06:33:41Z,2026-08-21T08:33:41+0200,6801fa27-1585-43c5-af49-29c528898ba2,2026-07-31T16:15:00Z,2026-07-31T18:15:00+0200,611.559,MW,DK1,DK_1,actual_onshore_wind_generation,Wind Onshore,2026-08-21T06:40:18Z
2026-08-21T06:33:41Z,2026-08-21T08:33:41+0200,6801fa27-1585-43c5-af49-29c528898ba2,2026-07-31T16:30:00Z,2026-07-31T18:30:00+0200,621.926,MW,DK1,DK_1,actual_onshore_wind_generation,Wind Onshore,2026-08-21T06:40:18Z
2026-08-21T06:33:41Z,2026-08-21T08:33:41+0200,6801fa27-1585-43c5-af49-29c528898ba2,2026-07-31T16:45:00Z,2026-07-31T18:45:00+0200,603.747,MW,DK1,DK_1,actual_onshore_wind_generation,Wind Onshore,2026-08-21T06:40:18Z
2026-08-21T06:33:41Z,2026-08-21T08:33:41+0200,6801fa27-1585-43c5-af49-29c528898ba2,2026-07-31T17:00:00Z,2026-07-31T19:00:00+0200,598.266,MW,DK1,DK_1,actual_onshore_wind_generation,Wind Onshore,2026-08-21T06:40:18Z
2026-08-21T06:33:41Z,2026-08-21T08:33:41+0200,6801fa27-1585-43c5-af49-29c528898ba2,2026-07-31T17:15:00Z,2026-07-31T19:15:00+0200,573.219,MW,DK1,DK_1,actual_onshore_wind_generation,Wind Onshore,2026-08-21T06:40:18Z
2026-08-21T06:33:41Z,2026-08-21T08:33:41+0200,6801fa27-1585-43c5-af49-29c528898ba2,2026-07-31T17:30:00Z,2026-07-31T19:30:00+0200,524.179,MW,DK1,DK_1,actual_onshore_wind_generation,Wind Onshore,2026-08-21T06:40:18Z
2026-08-21T06:33:41Z,2026-08-21T08:33:41+0200,6801fa27-1585-43c5-af49-29c528898ba2,2026-07-31T17:45:00Z,2026-07-31T19:45:00+0200,495.974,MW,DK1,DK_1,actual_onshore_wind_generation,Wind Onshore,2026-08-21T06:40:18Z
2026-08-21T06:33:41Z,2026-08-21T08:33:41+0200,6801fa27-1585-43c5-af49-29c528898ba2,2026-07-31T18:00:00Z,2026-07-31T20:00:00+0200,463.303,MW,DK1,DK_1,actual_onshore_wind_generation,Wind Onshore,2026-08-21T06:40:18Z
2026-08-21T06:33:41Z,2026-08-21T08:33:41+0200,6801fa27-1585-43c5-af49-29c528898ba2,2026-07-31T18:15:00Z,2026-07-31T20:15:00+0200,406.151,MW,DK1,DK_1,actual_onshore_wind_generation,Wind Onshore,2026-08-21T06:40:18Z
2026-08-21T06:33:41Z,2026-08-21T08:33:41+0200,6801fa27-1585-43c5-af49-29c528898ba2,2026-07-31T18:30:00Z,2026-07-31T20:30:00+0200,358.448,MW,DK1,DK_1,actual_onshore_wind_generation,Wind Onshore,2026-08-21T06:40:18Z
2026-08-21T06:33:41Z,2026-08-21T08:33:41+0200,6801fa27-1585-43c5-af49-29c528898ba2,2026-07-31T18:45:00Z,2026-07-31T20:45:00+0200,326.045,MW,DK1,DK_1,actual_onshore_wind_generation,Wind Onshore,2026-08-21T06:40:18Z
2026-08-21T06:33:41Z,2026-08-21T08:33:41+0200,6801fa27-1585-43c5-af49-29c528898ba2,2026-07-31T19:00:00Z,2026-07-31T21:00:00+0200,297.992,MW,DK1,DK_1,actual_onshore_wind_generation,Wind Onshore,2026-08-21T06:40:18Z
2026-08-21T06:33:41Z,2026-08-21T08:33:41+0200,6801fa27-1585-43c5-af49-29c528898ba2,2026-07-31T19:15:00Z,2026-07-31T21:15:00+0200,270.151,MW,DK1,DK_1,actual_onshore_wind_generation,Wind Onshore,2026-08-21T06:40:18Z
2026-08-21T06:33:41Z,2026-08-21T08:33:41+0200,6801fa27-1585-43c5-af49-29c528898ba2,2026-07-31T19:30:00Z,2026-07-31T21:30:00+0200,265.194,MW,DK1,DK_1,actual_onshore_wind_generation,Wind Onshore,2026-08-21T06:40:18Z
2026-08-21T06:33:41Z,2026-08-21T08:33:41+0200,6801fa27-1585-43c5-af49-29c528898ba2,2026-07-31T19:45:00Z,2026-07-31T21:45:00+0200,260.167,MW,DK1,DK_1,actual_onshore_wind_generation,Wind Onshore,2026-08-21T06:40:18Z
2026-08-21T06:33:41Z,2026-08-21T08:33:41+0200,6801fa27-1585-43c5-af49-29c528898ba2,2026-07-31T20:00:00Z,2026-07-31T22:00:00+0200,251.656,MW,DK1,DK_1,actual_onshore_wind_generation,Wind Onshore,2026-08-21T06:40:18Z
2026-08-21T06:33:41Z,2026-08-21T08:33:41+0200,6801fa27-1585-43c5-af49-29c528898ba2,2026-07-31T20:15:00Z,2026-07-31T22:15:00+0200,250.724,MW,DK1,DK_1,actual_onshore_wind_generation,Wind Onshore,2026-08-21T06:40:18Z
2026-08-21T06:33:41Z,2026-08-21T08:33:41+0200,6801fa27-1585-43c5-af49-29c528898ba2,2026-07-31T20:30:00Z,2026-07-31T22:30:00+0200,254.488,MW,DK1,DK_1,actual_onshore_wind_generation,Wind Onshore,2026-08-21T06:40:18Z
2026-08-21T06:33:41Z,2026-08-21T08:33:41+0200,6801fa27-1585-43c5-af49-29c528898ba2,2026-07-31T20:45:00Z,2026-07-31T22:45:00+0200,271.53,MW,DK1,DK_1,actual_onshore_wind_generation,Wind Onshore,2026-08-21T06:40:18Z
2026-08-21T06:33:41Z,2026-08-21T08:33:41+0200,6801fa27-1585-43c5-af49-29c528898ba2,2026-07-31T21:00:00Z,2026-07-31T23:00:00+0200,269.639,MW,DK1,DK_1,actual_onshore_wind_generation,Wind Onshore,2026-08-21T06:40:18Z
2026-08-21T06:33:41Z,2026-08-21T08:33:41+0200,6801fa27-1585-43c5-af49-29c528898ba2,2026-07-31T21:15:00Z,2026-07-31T23:15:00+0200,272.227,MW,DK1,DK_1,actual_onshore_wind_generation,Wind Onshore,2026-08-21T06:40:18Z
2026-08-21T06:33:41Z,2026-08-21T08:33:41+0200,6801fa27-1585-43c5-af49-29c528898ba2,2026-07-31T21:30:00Z,2026-07-31T23:30:00+0200,277.428,MW,DK1,DK_1,actual_onshore_wind_generation,Wind Onshore,2026-08-21T06:40:18Z
2026-08-21T06:33:41Z,2026-08-21T08:33:41+0200,6801fa27-1585-43c5-af49-29c528898ba2,2026-07-31T21:45:00Z,2026-07-31T23:45:00+0200,272.598,MW,DK1,DK_1,actual_onshore_wind_generation,Wind Onshore,2026-08-21T06:40:18Z
2026-08-21T06:33:41Z,2026-08-21T08:33:41+0200,6801fa27-1585-43c5-af49-29c528898ba2,2026-07-31T22:00:00Z,2026-08-01T00:00:00+0200,272.412,MW,DK1,DK_1,actual_onshore_wind_generation,Wind Onshore,2026-08-21T06:40:18Z
2026-08-21T06:33:41Z,2026-08-21T08:33:41+0200,6801fa27-1585-43c5-af49-29c528898ba2,2026-07-31T22:15:00Z,2026-08-01T00:15:00+0200,267.42,MW,DK1,DK_1,actual_onshore_wind_generation,Wind Onshore,2026-08-21T06:40:18Z
2026-08-21T06:33:41Z,2026-08-21T08:33:41+0200,6801fa27-1585-43c5-af49-29c528898ba2,2026-07-31T22:30:00Z,2026-08-01T00:30:00+0200,280.398,MW,DK1,DK_1,actual_onshore_wind_generation,Wind Onshore,2026-08-21T06:40:18Z
2026-08-21T06:33:41Z,2026-08-21T08:33:41+0200,6801fa27-1585-43c5-af49-29c528898ba2,2026-07-31T22:45:00Z,2026-08-01T00:45:00+0200,285.355,MW,DK1,DK_1,actual_onshore_wind_generation,Wind Onshore,2026-08-21T06:40:18Z
2026-08-21T06:33:41Z,2026-08-21T08:33:41+0200,6801fa27-1585-43c5-af49-29c528898ba2,2026-07-31T23:00:00Z,2026-08-01T01:00:00+0200,308.355,MW,DK1,DK_1,actual_onshore_wind_generation,Wind Onshore,2026-08-21T06:40:18Z
2026-08-21T06:33:41Z,2026-08-21T08:33:41+0200,6801fa27-1585-43c5-af49-29c528898ba2,2026-07-31T23:15:00Z,2026-08-01T01:15:00+0200,310.64,MW,DK1,DK_1,actual_onshore_wind_generation,Wind Onshore,2026-08-21T06:40:18Z
2026-08-21T06:33:41Z,2026-08-21T08:33:41+0200,6801fa27-1585-43c5-af49-29c528898ba2,2026-07-31T23:30:00Z,2026-08-01T01:30:00+0200,331.185,MW,DK1,DK_1,actual_onshore_wind_generation,Wind Onshore,2026-08-21T06:40:18Z
2026-08-21T06:33:41Z,2026-08-21T08:33:41+0200,6801fa27-1585-43c5-af49-29c528898ba2,2026-07-31T23:45:00Z,2026-08-01T01:45:00+0200,327.127,MW,DK1,DK_1,actual_onshore_wind_generation,Wind Onshore,2026-08-21T06:40:18Z
2026-08-21T06:33:41Z,2026-08-21T08:33:41+0200,6801fa27-1585-43c5-af49-29c528898ba2,2026-08-01T00:00:00Z,2026-08-01T02:00:00+0200,333.485,MW,DK1,DK_1,actual_onshore_wind_generation,Wind Onshore,2026-08-21T06:40:18Z
2026-08-21T06:33:41Z,2026-08-21T08:33:41+0200,6801fa27-1585-43c5-af49-29c528898ba2,2026-08-01T00:15:00Z,2026-08-01T02:15:00+0200,342.424,MW,DK1,DK_1,actual_onshore_wind_generation,Wind Onshore,2026-08-21T06:40:18Z
2026-08-21T06:33:41Z,2026-08-21T08:33:41+0200,6801fa27-1585-43c5-af49-29c528898ba2,2026-08-01T00:30:00Z,2026-08-01T02:30:00+0200,353.484,MW,DK1,DK_1,actual_onshore_wind_generation,Wind Onshore,2026-08-21T06:40:18Z
2026-08-21T06:33:41Z,2026-08-21T08:33:41+0200,6801fa27-1585-43c5-af49-29c528898ba2,2026-08-01T00:45:00Z,2026-08-01T02:45:00+0200,385.338,MW,DK1,DK_1,actual_onshore_wind_generation,Wind Onshore,2026-08-21T06:40:18Z
2026-08-21T06:33:41Z,2026-08-21T08:33:41+0200,6801fa27-1585-43c5-af49-29c528898ba2,2026-08-01T01:00:00Z,2026-08-01T03:00:00+0200,408.277,MW,DK1,DK_1,actual_onshore_wind_generation,Wind Onshore,2026-08-21T06:40:18Z
2026-08-21T06:33:41Z,2026-08-21T08:33:41+0200,6801fa27-1585-43c5-af49-29c528898ba2,2026-08-01T01:15:00Z,2026-08-01T03:15:00+0200,427.165,MW,DK1,DK_1,actual_onshore_wind_generation,Wind Onshore,2026-08-21T06:40:18Z
2026-08-21T06:33:41Z,2026-08-21T08:33:41+0200,6801fa27-1585-43c5-af49-29c528898ba2,2026-08-01T01:30:00Z,2026-08-01T03:30:00+0200,428.061,MW,DK1,DK_1,actual_onshore_wind_generation,Wind Onshore,2026-08-21T06:40:18Z
2026-08-21T06:33:41Z,2026-08-21T08:33:41+0200,6801fa27-1585-43c5-af49-29c528898ba2,2026-08-01T01:45:00Z,2026-08-01T03:45:00+0200,420.622,MW,DK1,DK_1,actual_onshore_wind_generation,Wind Onshore,2026-08-21T06:40:18Z
2026-08-21T06:33:41Z,2026-08-21T08:33:41+0200,6801fa27-1585-43c5-af49-29c528898ba2,2026-08-01T02:00:00Z,2026-08-01T04:00:00+0200,410.799,MW,DK1,DK_1,actual_onshore_wind_generation,Wind Onshore,2026-08-21T06:40:18Z
2026-08-21T06:33:41Z,2026-08-21T08:33:41+0200,6801fa27-1585-43c5-af49-29c528898ba2,2026-08-01T02:15:00Z,2026-08-01T04:15:00+0200,405.16,MW,DK1,DK_1,actual_onshore_wind_generation,Wind Onshore,2026-08-21T06:40:18Z
2026-08-21T06:33:41Z,2026-08-21T08:33:41+0200,6801fa27-1585-43c5-af49-29c528898ba2,2026-08-01T02:30:00Z,2026-08-01T04:30:00+0200,402.44,MW,DK1,DK_1,actual_onshore_wind_generation,Wind Onshore,2026-08-21T06:40:18Z
2026-08-21T06:33:41Z,2026-08-21T08:33:41+0200,6801fa27-1585-43c5-af49-29c528898ba2,2026-08-01T02:45:00Z,2026-08-01T04:45:00+0200,398.557,MW,DK1,DK_1,actual_onshore_wind_generation,Wind Onshore,2026-08-21T06:40:18Z
2026-08-21T06:33:41Z,2026-08-21T08:33:41+0200,6801fa27-1585-43c5-af49-29c528898ba2,2026-08-01T03:00:00Z,2026-08-01T05:00:00+0200,402.284,MW,DK1,DK_1,actual_onshore_wind_generation,Wind Onshore,2026-08-21T06:40:18Z
2026-08-21T06:33:41Z,2026-08-21T08:33:41+0200,6801fa27-1585-43c5-af49-29c528898ba2,2026-08-01T03:15:00Z,2026-08-01T05:15:00+0200,401.283,MW,DK1,DK_1,actual_onshore_wind_generation,Wind Onshore,2026-08-21T06:40:18Z
2026-08-21T06:33:41Z,2026-08-21T08:33:41+0200,6801fa27-1585-43c5-af49-29c528898ba2,2026-08-01T03:30:00Z,2026-08-01T05:30:00+0200,389.055,MW,DK1,DK_1,actual_onshore_wind_generation,Wind Onshore,2026-08-21T06:40:18Z
2026-08-21T06:33:41Z,2026-08-21T08:33:41+0200,6801fa27-1585-43c5-af49-29c528898ba2,2026-08-01T03:45:00Z,2026-08-01T05:45:00+0200,388.535,MW,DK1,DK_1,actual_onshore_wind_generation,Wind Onshore,2026-08-21T06:40:18Z
2026-08-21T06:33:41Z,2026-08-21T08:33:41+0200,6801fa27-1585-43c5-af49-29c528898ba2,2026-08-01T04:00:00Z,2026-08-01T06:00:00+0200,383.135,MW,DK1,DK_1,actual_onshore_wind_generation,Wind Onshore,2026-08-21T06:40:18Z
2026-08-21T06:33:41Z,2026-08-21T08:33:41+0200,6801fa27-1585-43c5-af49-29c528898ba2,2026-08-01T04:15:00Z,2026-08-01T06:15:00+0200,333.654,MW,DK1,DK_1,actual_onshore_wind_generation,Wind Onshore,2026-08-21T06:40:18Z
2026-08-21T06:33:41Z,2026-08-21T08:33:41+0200,6801fa27-1585-43c5-af49-29c528898ba2,2026-08-01T04:30:00Z,2026-08-01T06:30:00+0200,304.604,MW,DK1,DK_1,actual_onshore_wind_generation,Wind Onshore,2026-08-21T06:40:18Z
2026-08-21T06:33:41Z,2026-08-21T08:33:41+0200,6801fa27-1585-43c5-af49-29c528898ba2,2026-08-01T04:45:00Z,2026-08-01T06:45:00+0200,275.758,MW,DK1,DK_1,actual_onshore_wind_generation,Wind Onshore,2026-08-21T06:40:18Z
2026-08-21T06:33:41Z,2026-08-21T08:33:41+0200,6801fa27-1585-43c5-af49-29c528898ba2,2026-08-01T05:00:00Z,2026-08-01T07:00:00+0200,250.445,MW,DK1,DK_1,actual_onshore_wind_generation,Wind Onshore,2026-08-21T06:40:18Z
2026-08-21T06:33:41Z,2026-08-21T08:33:41+0200,6801fa27-1585-43c5-af49-29c528898ba2,2026-08-01T05:15:00Z,2026-08-01T07:15:00+0200,213.466,MW,DK1,DK_1,actual_onshore_wind_generation,Wind Onshore,2026-08-21T06:40:18Z
2026-08-21T06:33:41Z,2026-08-21T08:33:41+0200,6801fa27-1585-43c5-af49-29c528898ba2,2026-08-01T05:30:00Z,2026-08-01T07:30:00+0200,187.548,MW,DK1,DK_1,actual_onshore_wind_generation,Wind Onshore,2026-08-21T06:40:18Z
2026-08-21T06:33:41Z,2026-08-21T08:33:41+0200,6801fa27-1585-43c5-af49-29c528898ba2,2026-08-01T05:45:00Z,2026-08-01T07:45:00+0200,171.769,MW,DK1,DK_1,actual_onshore_wind_generation,Wind Onshore,2026-08-21T06:40:18Z
2026-08-21T06:33:41Z,2026-08-21T08:33:41+0200,6801fa27-1585-43c5-af49-29c528898ba2,2026-08-01T06:00:00Z,2026-08-01T08:00:00+0200,180.134,MW,DK1,DK_1,actual_onshore_wind_generation,Wind Onshore,2026-08-21T06:40:18Z
2026-08-21T06:33:41Z,2026-08-21T08:33:41+0200,6801fa27-1585-43c5-af49-29c528898ba2,2026-08-01T06:15:00Z,2026-08-01T08:15:00+0200,193.581,MW,DK1,DK_1,actual_onshore_wind_generation,Wind Onshore,2026-08-21T06:40:18Z
2026-08-21T06:33:41Z,2026-08-21T08:33:41+0200,6801fa27-1585-43c5-af49-29c528898ba2,2026-08-01T06:30:00Z,2026-08-01T08:30:00+0200,220.888,MW,DK1,DK_1,actual_onshore_wind_generation,Wind Onshore,2026-08-21T06:40:18Z
2026-08-21T06:33:41Z,2026-08-21T08:33:41+0200,6801fa27-1585-43c5-af49-29c528898ba2,2026-08-01T06:45:00Z,2026-08-01T08:45:00+0200,251.51,MW,DK1,DK_1,actual_onshore_wind_generation,Wind Onshore,2026-08-21T06:40:18Z
2026-08-21T06:33:41Z,2026-08-21T08:33:41+0200,6801fa27-1585-43c5-af49-29c528898ba2,2026-08-01T07:00:00Z,2026-08-01T09:00:00+0200,289.884,MW,DK1,DK_1,actual_onshore_wind_generation,Wind Onshore,2026-08-21T06:40:18Z
2026-08-21T06:33:41Z,2026-08-21T08:33:41+0200,6801fa27-1585-43c5-af49-29c528898ba2,2026-08-01T07:15:00Z,2026-08-01T09:15:00+0200,293.332,MW,DK1,DK_1,actual_onshore_wind_generation,Wind Onshore,2026-08-21T06:40:18Z
2026-08-21T06:33:41Z,2026-08-21T08:33:41+0200,6801fa27-1585-43c5-af49-29c528898ba2,2026-08-01T07:30:00Z,2026-08-01T09:30:00+0200,306.758,MW,DK1,DK_1,actual_onshore_wind_generation,Wind Onshore,2026-08-21T06:40:18Z
2026-08-21T06:33:41Z,2026-08-21T08:33:41+0200,6801fa27-1585-43c5-af49-29c528898ba2,2026-08-01T07:45:00Z,2026-08-01T09:45:00+0200,328.276,MW,DK1,DK_1,actual_onshore_wind_generation,Wind Onshore,2026-08-21T06:40:18Z
2026-08-21T06:33:41Z,2026-08-21T08:33:41+0200,6801fa27-1585-43c5-af49-29c528898ba2,2026-08-01T08:00:00Z,2026-08-01T10:00:00+0200,340.428,MW,DK1,DK_1,actual_onshore_wind_generation,Wind Onshore,2026-08-21T06:40:18Z
2026-08-21T06:33:41Z,2026-08-21T08:33:41+0200,6801fa27-1585-43c5-af49-29c528898ba2,2026-08-01T08:15:00Z,2026-08-01T10:15:00+0200,360.788,MW,DK1,DK_1,actual_onshore_wind_generation,Wind Onshore,2026-08-21T06:40:18Z
2026-08-21T06:33:41Z,2026-08-21T08:33:41+0200,6801fa27-1585-43c5-af49-29c528898ba2,2026-08-01T08:30:00Z,2026-08-01T10:30:00+0200,382.616,MW,DK1,DK_1,actual_onshore_wind_generation,Wind Onshore,2026-08-21T06:40:18Z
2026-08-21T06:33:41Z,2026-08-21T08:33:41+0200,6801fa27-1585-43c5-af49-29c528898ba2,2026-08-01T08:45:00Z,2026-08-01T10:45:00+0200,415.735,MW,DK1,DK_1,actual_onshore_wind_generation,Wind Onshore,2026-08-21T06:40:18Z
2026-08-21T06:33:41Z,2026-08-21T08:33:41+0200,6801fa27-1585-43c5-af49-29c528898ba2,2026-08-01T09:00:00Z,2026-08-01T11:00:00+0200,431.377,MW,DK1,DK_1,actual_onshore_wind_generation,Wind Onshore,2026-08-21T06:40:18Z
2026-08-21T06:33:41Z,2026-08-21T08:33:41+0200,6801fa27-1585-43c5-af49-29c528898ba2,2026-08-01T09:15:00Z,2026-08-01T11:15:00+0200,456.241,MW,DK1,DK_1,actual_onshore_wind_generation,Wind Onshore,2026-08-21T06:40:18Z
2026-08-21T06:33:41Z,2026-08-21T08:33:41+0200,6801fa27-1585-43c5-af49-29c528898ba2,2026-08-01T09:30:00Z,2026-08-01T11:30:00+0200,488.39,MW,DK1,DK_1,actual_onshore_wind_generation,Wind Onshore,2026-08-21T06:40:18Z
2026-08-21T06:33:41Z,2026-08-21T08:33:41+0200,6801fa27-1585-43c5-af49-29c528898ba2,2026-08-01T09:45:00Z,2026-08-01T11:45:00+0200,504.247,MW,DK1,DK_1,actual_onshore_wind_generation,Wind Onshore,2026-08-21T06:40:18Z
2026-08-21T06:33:41Z,2026-08-21T08:33:41+0200,6801fa27-1585-43c5-af49-29c528898ba2,2026-08-01T10:00:00Z,2026-08-01T12:00:00+0200,511.576,MW,DK1,DK_1,actual_onshore_wind_generation,Wind Onshore,2026-08-21T06:40:18Z
2026-08-21T06:33:41Z,2026-08-21T08:33:41+0200,6801fa27-1585-43c5-af49-29c528898ba2,2026-08-01T10:15:00Z,2026-08-01T12:15:00+0200,526.769,MW,DK1,DK_1,actual_onshore_wind_generation,Wind Onshore,2026-08-21T06:40:18Z
2026-08-21T06:33:41Z,2026-08-21T08:33:41+0200,6801fa27-1585-43c5-af49-29c528898ba2,2026-08-01T10:30:00Z,2026-08-01T12:30:00+0200,569.834,MW,DK1,DK_1,actual_onshore_wind_generation,Wind Onshore,2026-08-21T06:40:18Z
2026-08-21T06:33:41Z,2026-08-21T08:33:41+0200,6801fa27-1585-43c5-af49-29c528898ba2,2026-08-01T10:45:00Z,2026-08-01T12:45:00+0200,545.313,MW,DK1,DK_1,actual_onshore_wind_generation,Wind Onshore,2026-08-21T06:40:18Z
2026-08-21T06:33:41Z,2026-08-21T08:33:41+0200,6801fa27-1585-43c5-af49-29c528898ba2,2026-08-01T11:00:00Z,2026-08-01T13:00:00+0200,604.48,MW,DK1,DK_1,actual_onshore_wind_generation,Wind Onshore,2026-08-21T06:40:18Z
2026-08-21T06:33:41Z,2026-08-21T08:33:41+0200,6801fa27-1585-43c5-af49-29c528898ba2,2026-08-01T11:15:00Z,2026-08-01T13:15:00+0200,652.565,MW,DK1,DK_1,actual_onshore_wind_generation,Wind Onshore,2026-08-21T06:40:18Z
2026-08-21T06:33:41Z,2026-08-21T08:33:41+0200,6801fa27-1585-43c5-af49-29c528898ba2,2026-08-01T11:30:00Z,2026-08-01T13:30:00+0200,688.078,MW,DK1,DK_1,actual_onshore_wind_generation,Wind Onshore,2026-08-21T06:40:18Z
2026-08-21T06:33:41Z,2026-08-21T08:33:41+0200,6801fa27-1585-43c5-af49-29c528898ba2,2026-08-01T11:45:00Z,2026-08-01T13:45:00+0200,729.979,MW,DK1,DK_1,actual_onshore_wind_generation,Wind Onshore,2026-08-21T06:40:18Z
2026-08-21T06:33:41Z,2026-08-21T08:33:41+0200,6801fa27-1585-43c5-af49-29c528898ba2,2026-08-01T12:00:00Z,2026-08-01T14:00:00+0200,749.982,MW,DK1,DK_1,actual_onshore_wind_generation,Wind Onshore,2026-08-21T06:40:18Z
2026-08-21T06:33:41Z,2026-08-21T08:33:41+0200,6801fa27-1585-43c5-af49-29c528898ba2,2026-08-01T12:15:00Z,2026-08-01T14:15:00+0200,743.455,MW,DK1,DK_1,actual_onshore_wind_generation,Wind Onshore,2026-08-21T06:40:18Z
2026-08-21T06:33:41Z,2026-08-21T08:33:41+0200,6801fa27-1585-43c5-af49-29c528898ba2,2026-08-01T12:30:00Z,2026-08-01T14:30:00+0200,733.569,MW,DK1,DK_1,actual_onshore_wind_generation,Wind Onshore,2026-08-21T06:40:18Z
2026-08-21T06:33:41Z,2026-08-21T08:33:41+0200,6801fa27-1585-43c5-af49-29c528898ba2,2026-08-01T12:45:00Z,2026-08-01T14:45:00+0200,795.747,MW,DK1,DK_1,actual_onshore_wind_generation,Wind Onshore,2026-08-21T06:40:18Z
2026-08-21T06:33:41Z,2026-08-21T08:33:41+0200,6801fa27-1585-43c5-af49-29c528898ba2,2026-08-01T13:00:00Z,2026-08-01T15:00:00+0200,778.255,MW,DK1,DK_1,actual_onshore_wind_generation,Wind Onshore,2026-08-21T06:40:18Z
2026-08-21T06:33:41Z,2026-08-21T08:33:41+0200,6801fa27-1585-43c5-af49-29c528898ba2,2026-08-01T13:15:00Z,2026-08-01T15:15:00+0200,829.41,MW,DK1,DK_1,actual_onshore_wind_generation,Wind Onshore,2026-08-21T06:40:18Z
2026-08-21T06:33:41Z,2026-08-21T08:33:41+0200,6801fa27-1585-43c5-af49-29c528898ba2,2026-08-01T13:30:00Z,2026-08-01T15:30:00+0200,858.63,MW,DK1,DK_1,actual_onshore_wind_generation,Wind Onshore,2026-08-21T06:40:18Z
2026-08-21T06:33:41Z,2026-08-21T08:33:41+0200,6801fa27-1585-43c5-af49-29c528898ba2,2026-08-01T13:45:00Z,2026-08-01T15:45:00+0200,1023.13,MW,DK1,DK_1,actual_onshore_wind_generation,Wind Onshore,2026-08-21T06:40:18Z
2026-08-21T06:33:41Z,2026-08-21T08:33:41+0200,6801fa27-1585-43c5-af49-29c528898ba2,2026-08-01T14:00:00Z,2026-08-01T16:00:00+0200,989.698,MW,DK1,DK_1,actual_onshore_wind_generation,Wind Onshore,2026-08-21T06:40:18Z
2026-08-21T06:33:41Z,2026-08-21T08:33:41+0200,6801fa27-1585-43c5-af49-29c528898ba2,2026-08-01T14:15:00Z,2026-08-01T16:15:00+0200,1027.08,MW,DK1,DK_1,actual_onshore_wind_generation,Wind Onshore,2026-08-21T06:40:18Z
2026-08-21T06:33:41Z,2026-08-21T08:33:41+0200,6801fa27-1585-43c5-af49-29c528898ba2,2026-08-01T14:30:00Z,2026-08-01T16:30:00+0200,1058.88,MW,DK1,DK_1,actual_onshore_wind_generation,Wind Onshore,2026-08-21T06:40:18Z
2026-08-21T06:33:41Z,2026-08-21T08:33:41+0200,6801fa27-1585-43c5-af49-29c528898ba2,2026-08-01T14:45:00Z,2026-08-01T16:45:00+0200,1049.78,MW,DK1,DK_1,actual_onshore_wind_generation,Wind Onshore,2026-08-21T06:40:18Z
2026-08-21T06:33:41Z,2026-08-21T08:33:41+0200,6801fa27-1585-43c5-af49-29c528898ba2,2026-08-01T15:00:00Z,2026-08-01T17:00:00+0200,1098.91,MW,DK1,DK_1,actual_onshore_wind_generation,Wind Onshore,2026-08-21T06:40:18Z
2026-08-21T06:33:41Z,2026-08-21T08:33:41+0200,6801fa27-1585-43c5-af49-29c528898ba2,2026-08-01T15:15:00Z,2026-08-01T17:15:00+0200,1116.64,MW,DK1,DK_1,actual_onshore_wind_generation,Wind Onshore,2026-08-21T06:40:18Z
2026-08-21T06:33:41Z,2026-08-21T08:33:41+0200,6801fa27-1585-43c5-af49-29c528898ba2,2026-08-01T15:30:00Z,2026-08-01T17:30:00+0200,1118.7,MW,DK1,DK_1,actual_onshore_wind_generation,Wind Onshore,2026-08-21T06:40:18Z
2026-08-21T06:33:41Z,2026-08-21T08:33:41+0200,6801fa27-1585-43c5-af49-29c528898ba2,2026-08-01T15:45:00Z,2026-08-01T17:45:00+0200,1126.75,MW,DK1,DK_1,actual_onshore_wind_generation,Wind Onshore,2026-08-21T06:40:18Z
2026-08-21T06:33:41Z,2026-08-21T08:33:41+0200,6801fa27-1585-43c5-af49-29c528898ba2,2026-08-01T16:00:00Z,2026-08-01T18:00:00+0200,1135.98,MW,DK1,DK_1,actual_onshore_wind_generation,Wind Onshore,2026-08-21T06:40:18Z
2026-08-21T06:33:41Z,2026-08-21T08:33:41+0200,6801fa27-1585-43c5-af49-29c528898ba2,2026-08-01T16:15:00Z,2026-08-01T18:15:00+0200,1097.98,MW,DK1,DK_1,actual_onshore_wind_generation,Wind Onshore,2026-08-21T06:40:18Z
2026-08-21T06:33:41Z,2026-08-21T08:33:41+0200,6801fa27-1585-43c5-af49-29c528898ba2,2026-08-01T16:30:00Z,2026-08-01T18:30:00+0200,1058.84,MW,DK1,DK_1,actual_onshore_wind_generation,Wind Onshore,2026-08-21T06:40:18Z
2026-08-21T06:33:41Z,2026-08-21T08:33:41+0200,6801fa27-1585-43c5-af49-29c528898ba2,2026-08-01T16:45:00Z,2026-08-01T18:45:00+0200,1039.02,MW,DK1,DK_1,actual_onshore_wind_generation,Wind Onshore,2026-08-21T06:40:18Z
2026-08-21T06:33:41Z,2026-08-21T08:33:41+0200,6801fa27-1585-43c5-af49-29c528898ba2,2026-08-01T17:00:00Z,2026-08-01T19:00:00+0200,1009.88,MW,DK1,DK_1,actual_onshore_wind_generation,Wind Onshore,2026-08-21T06:40:18Z
2026-08-21T06:33:41Z,2026-08-21T08:33:41+0200,6801fa27-1585-43c5-af49-29c528898ba2,2026-08-01T17:15:00Z,2026-08-01T19:15:00+0200,982.353,MW,DK1,DK_1,actual_onshore_wind_generation,Wind Onshore,2026-08-21T06:40:18Z
2026-08-21T06:33:41Z,2026-08-21T08:33:41+0200,6801fa27-1585-43c5-af49-29c528898ba2,2026-08-01T17:30:00Z,2026-08-01T19:30:00+0200,893.055,MW,DK1,DK_1,actual_onshore_wind_generation,Wind Onshore,2026-08-21T06:40:18Z
2026-08-21T06:33:41Z,2026-08-21T08:33:41+0200,6801fa27-1585-43c5-af49-29c528898ba2,2026-08-01T17:45:00Z,2026-08-01T19:45:00+0200,807.165,MW,DK1,DK_1,actual_onshore_wind_generation,Wind Onshore,2026-08-21T06:40:18Z
2026-08-21T06:33:41Z,2026-08-21T08:33:41+0200,6801fa27-1585-43c5-af49-29c528898ba2,2026-08-01T18:00:00Z,2026-08-01T20:00:00+0200,858.367,MW,DK1,DK_1,actual_onshore_wind_generation,Wind Onshore,2026-08-21T06:40:18Z
2026-08-21T06:33:41Z,2026-08-21T08:33:41+0200,6801fa27-1585-43c5-af49-29c528898ba2,2026-08-01T18:15:00Z,2026-08-01T20:15:00+0200,828.557,MW,DK1,DK_1,actual_onshore_wind_generation,Wind Onshore,2026-08-21T06:40:18Z
2026-08-21T06:33:41Z,2026-08-21T08:33:41+0200,6801fa27-1585-43c5-af49-29c528898ba2,2026-08-01T18:30:00Z,2026-08-01T20:30:00+0200,749.131,MW,DK1,DK_1,actual_onshore_wind_generation,Wind Onshore,2026-08-21T06:40:18Z
2026-08-21T06:33:41Z,2026-08-21T08:33:41+0200,6801fa27-1585-43c5-af49-29c528898ba2,2026-08-01T18:45:00Z,2026-08-01T20:45:00+0200,669.931,MW,DK1,DK_1,actual_onshore_wind_generation,Wind Onshore,2026-08-21T06:40:18Z
2026-08-21T06:33:41Z,2026-08-21T08:33:41+0200,6801fa27-1585-43c5-af49-29c528898ba2,2026-08-01T19:00:00Z,2026-08-01T21:00:00+0200,598.467,MW,DK1,DK_1,actual_onshore_wind_generation,Wind Onshore,2026-08-21T06:40:18Z
2026-08-21T06:33:41Z,2026-08-21T08:33:41+0200,6801fa27-1585-43c5-af49-29c528898ba2,2026-08-01T19:15:00Z,2026-08-01T21:15:00+0200,574.269,MW,DK1,DK_1,actual_onshore_wind_generation,Wind Onshore,2026-08-21T06:40:18Z
2026-08-21T06:33:41Z,2026-08-21T08:33:41+0200,6801fa27-1585-43c5-af49-29c528898ba2,2026-08-01T19:30:00Z,2026-08-01T21:30:00+0200,554.739,MW,DK1,DK_1,actual_onshore_wind_generation,Wind Onshore,2026-08-21T06:40:18Z
2026-08-21T06:33:41Z,2026-08-21T08:33:41+0200,6801fa27-1585-43c5-af49-29c528898ba2,2026-08-01T19:45:00Z,2026-08-01T21:45:00+0200,570.271,MW,DK1,DK_1,actual_onshore_wind_generation,Wind Onshore,2026-08-21T06:40:18Z
2026-08-21T06:33:41Z,2026-08-21T08:33:41+0200,6801fa27-1585-43c5-af49-29c528898ba2,2026-08-01T20:00:00Z,2026-08-01T22:00:00+0200,595.778,MW,DK1,DK_1,actual_onshore_wind_generation,Wind Onshore,2026-08-21T06:40:18Z
2026-08-21T06:33:41Z,2026-08-21T08:33:41+0200,6801fa27-1585-43c5-af49-29c528898ba2,2026-08-01T20:15:00Z,2026-08-01T22:15:00+0200,634.689,MW,DK1,DK_1,actual_onshore_wind_generation,Wind Onshore,2026-08-21T06:40:18Z
2026-08-21T06:33:41Z,2026-08-21T08:33:41+0200,6801fa27-1585-43c5-af49-29c528898ba2,2026-08-01T20:30:00Z,2026-08-01T22:30:00+0200,650.717,MW,DK1,DK_1,actual_onshore_wind_generation,Wind Onshore,2026-08-21T06:40:18Z
2026-08-21T06:33:41Z,2026-08-21T08:33:41+0200,6801fa27-1585-43c5-af49-29c528898ba2,2026-08-01T20:45:00Z,2026-08-01T22:45:00+0200,660.776,MW,DK1,DK_1,actual_onshore_wind_generation,Wind Onshore,2026-08-21T06:40:18Z
2026-08-21T06:33:41Z,2026-08-21T08:33:41+0200,6801fa27-1585-43c5-af49-29c528898ba2,2026-08-01T21:00:00Z,2026-08-01T23:00:00+0200,674.066,MW,DK1,DK_1,actual_onshore_wind_generation,Wind Onshore,2026-08-21T06:40:18Z
2026-08-21T06:33:41Z,2026-08-21T08:33:41+0200,6801fa27-1585-43c5-af49-29c528898ba2,2026-08-01T21:15:00Z,2026-08-01T23:15:00+0200,656.4,MW,DK1,DK_1,actual_onshore_wind_generation,Wind Onshore,2026-08-21T06:40:18Z
2026-08-21T06:33:41Z,2026-08-21T08:33:41+0200,6801fa27-1585-43c5-af49-29c528898ba2,2026-08-01T21:30:00Z,2026-08-01T23:30:00+0200,645.98,MW,DK1,DK_1,actual_onshore_wind_generation,Wind Onshore,2026-08-21T06:40:18Z
2026-08-21T06:33:41Z,2026-08-21T08:33:41+0200,6801fa27-1585-43c5-af49-29c528898ba2,2026-08-01T21:45:00Z,2026-08-01T23:45:00+0200,629.169,MW,DK1,DK_1,actual_onshore_wind_generation,Wind Onshore,2026-08-21T06:40:18Z
2026-08-21T06:33:41Z,2026-08-21T08:33:41+0200,6801fa27-1585-43c5-af49-29c528898ba2,2026-08-01T22:00:00Z,2026-08-02T00:00:00+0200,620.011,MW,DK1,DK_1,actual_onshore_wind_generation,Wind Onshore,2026-08-21T06:40:18Z
2026-08-21T06:33:41Z,2026-08-21T08:33:41+0200,6801fa27-1585-43c5-af49-29c528898ba2,2026-08-01T22:15:00Z,2026-08-02T00:15:00+0200,609.968,MW,DK1,DK_1,actual_onshore_wind_generation,Wind Onshore,2026-08-21T06:40:18Z
2026-08-21T06:33:41Z,2026-08-21T08:33:41+0200,6801fa27-1585-43c5-af49-29c528898ba2,2026-08-01T22:30:00Z,2026-08-02T00:30:00+0200,587.2,MW,DK1,DK_1,actual_onshore_wind_generation,Wind Onshore,2026-08-21T06:40:18Z
2026-08-21T06:33:41Z,2026-08-21T08:33:41+0200,6801fa27-1585-43c5-af49-29c528898ba2,2026-08-01T22:45:00Z,2026-08-02T00:45:00+0200,634.393,MW,DK1,DK_1,actual_onshore_wind_generation,Wind Onshore,2026-08-21T06:40:18Z
2026-08-21T06:33:41Z,2026-08-21T08:33:41+0200,6801fa27-1585-43c5-af49-29c528898ba2,2026-08-01T23:00:00Z,2026-08-02T01:00:00+0200,687.425,MW,DK1,DK_1,actual_onshore_wind_generation,Wind Onshore,2026-08-21T06:40:18Z
2026-08-21T06:33:41Z,2026-08-21T08:33:41+0200,6801fa27-1585-43c5-af49-29c528898ba2,2026-08-01T23:15:00Z,2026-08-02T01:15:00+0200,679.299,MW,DK1,DK_1,actual_onshore_wind_generation,Wind Onshore,2026-08-21T06:40:18Z
2026-08-21T06:33:41Z,2026-08-21T08:33:41+0200,6801fa27-1585-43c5-af49-29c528898ba2,2026-08-01T23:30:00Z,2026-08-02T01:30:00+0200,656.084,MW,DK1,DK_1,actual_onshore_wind_generation,Wind Onshore,2026-08-21T06:40:18Z
2026-08-21T06:33:41Z,2026-08-21T08:33:41+0200,6801fa27-1585-43c5-af49-29c528898ba2,2026-08-01T23:45:00Z,2026-08-02T01:45:00+0200,649.657,MW,DK1,DK_1,actual_onshore_wind_generation,Wind Onshore,2026-08-21T06:40:18Z
2026-08-21T06:33:41Z,2026-08-21T08:33:41+0200,6801fa27-1585-43c5-af49-29c528898ba2,2026-08-02T00:00:00Z,2026-08-02T02:00:00+0200,665.438,MW,DK1,DK_1,actual_onshore_wind_generation,Wind Onshore,2026-08-21T06:40:18Z
2026-08-21T06:33:41Z,2026-08-21T08:33:41+0200,6801fa27-1585-43c5-af49-29c528898ba2,2026-08-02T00:15:00Z,2026-08-02T02:15:00+0200,639.38,MW,DK1,DK_1,actual_onshore_wind_generation,Wind Onshore,2026-08-21T06:40:18Z
2026-08-21T06:33:41Z,2026-08-21T08:33:41+0200,6801fa27-1585-43c5-af49-29c528898ba2,2026-08-02T00:30:00Z,2026-08-02T02:30:00+0200,634.774,MW,DK1,DK_1,actual_onshore_wind_generation,Wind Onshore,2026-08-21T06:40:18Z
2026-08-21T06:33:41Z,2026-08-21T08:33:41+0200,6801fa27-1585-43c5-af49-29c528898ba2,2026-08-02T00:45:00Z,2026-08-02T02:45:00+0200,675.22,MW,DK1,DK_1,actual_onshore_wind_generation,Wind Onshore,2026-08-21T06:40:18Z
2026-08-21T06:33:41Z,2026-08-21T08:33:41+0200,6801fa27-1585-43c5-af49-29c528898ba2,2026-08-02T01:00:00Z,2026-08-02T03:00:00+0200,691.099,MW,DK1,DK_1,actual_onshore_wind_generation,Wind Onshore,2026-08-21T06:40:18Z
2026-08-21T06:33:41Z,2026-08-21T08:33:41+0200,6801fa27-1585-43c5-af49-29c528898ba2,2026-08-02T01:15:00Z,2026-08-02T03:15:00+0200,681.276,MW,DK1,DK_1,actual_onshore_wind_generation,Wind Onshore,2026-08-21T06:40:18Z
2026-08-21T06:33:41Z,2026-08-21T08:33:41+0200,6801fa27-1585-43c5-af49-29c528898ba2,2026-08-02T01:30:00Z,2026-08-02T03:30:00+0200,702.014,MW,DK1,DK_1,actual_onshore_wind_generation,Wind Onshore,2026-08-21T06:40:18Z
2026-08-21T06:33:41Z,2026-08-21T08:33:41+0200,6801fa27-1585-43c5-af49-29c528898ba2,2026-08-02T01:45:00Z,2026-08-02T03:45:00+0200,688.296,MW,DK1,DK_1,actual_onshore_wind_generation,Wind Onshore,2026-08-21T06:40:18Z
2026-08-21T06:33:41Z,2026-08-21T08:33:41+0200,6801fa27-1585-43c5-af49-29c528898ba2,2026-08-02T02:00:00Z,2026-08-02T04:00:00+0200,714.923,MW,DK1,DK_1,actual_onshore_wind_generation,Wind Onshore,2026-08-21T06:40:18Z
2026-08-21T06:33:41Z,2026-08-21T08:33:41+0200,6801fa27-1585-43c5-af49-29c528898ba2,2026-08-02T02:15:00Z,2026-08-02T04:15:00+0200,760.01,MW,DK1,DK_1,actual_onshore_wind_generation,Wind Onshore,2026-08-21T06:40:18Z
2026-08-21T06:33:41Z,2026-08-21T08:33:41+0200,6801fa27-1585-43c5-af49-29c528898ba2,2026-08-02T02:30:00Z,2026-08-02T04:30:00+0200,791.563,MW,DK1,DK_1,actual_onshore_wind_generation,Wind Onshore,2026-08-21T06:40:18Z
2026-08-21T06:33:41Z,2026-08-21T08:33:41+0200,6801fa27-1585-43c5-af49-29c528898ba2,2026-08-02T02:45:00Z,2026-08-02T04:45:00+0200,797.513,MW,DK1,DK_1,actual_onshore_wind_generation,Wind Onshore,2026-08-21T06:40:18Z
2026-08-21T06:33:41Z,2026-08-21T08:33:41+0200,6801fa27-1585-43c5-af49-29c528898ba2,2026-08-02T03:00:00Z,2026-08-02T05:00:00+0200,830.3,MW,DK1,DK_1,actual_onshore_wind_generation,Wind Onshore,2026-08-21T06:40:18Z
2026-08-21T06:33:41Z,2026-08-21T08:33:41+0200,6801fa27-1585-43c5-af49-29c528898ba2,2026-08-02T03:15:00Z,2026-08-02T05:15:00+0200,845.248,MW,DK1,DK_1,actual_onshore_wind_generation,Wind Onshore,2026-08-21T06:40:18Z
2026-08-21T06:33:41Z,2026-08-21T08:33:41+0200,6801fa27-1585-43c5-af49-29c528898ba2,2026-08-02T03:30:00Z,2026-08-02T05:30:00+0200,858.017,MW,DK1,DK_1,actual_onshore_wind_generation,Wind Onshore,2026-08-21T06:40:18Z
2026-08-21T06:33:41Z,2026-08-21T08:33:41+0200,6801fa27-1585-43c5-af49-29c528898ba2,2026-08-02T03:45:00Z,2026-08-02T05:45:00+0200,895.834,MW,DK1,DK_1,actual_onshore_wind_generation,Wind Onshore,2026-08-21T06:40:18Z
2026-08-21T06:33:41Z,2026-08-21T08:33:41+0200,6801fa27-1585-43c5-af49-29c528898ba2,2026-08-02T04:00:00Z,2026-08-02T06:00:00+0200,918.261,MW,DK1,DK_1,actual_onshore_wind_generation,Wind Onshore,2026-08-21T06:40:18Z
2026-08-21T06:33:41Z,2026-08-21T08:33:41+0200,6801fa27-1585-43c5-af49-29c528898ba2,2026-08-02T04:15:00Z,2026-08-02T06:15:00+0200,837.228,MW,DK1,DK_1,actual_onshore_wind_generation,Wind Onshore,2026-08-21T06:40:18Z
2026-08-21T06:33:41Z,2026-08-21T08:33:41+0200,6801fa27-1585-43c5-af49-29c528898ba2,2026-08-02T04:30:00Z,2026-08-02T06:30:00+0200,790.56,MW,DK1,DK_1,actual_onshore_wind_generation,Wind Onshore,2026-08-21T06:40:18Z
2026-08-21T06:33:41Z,2026-08-21T08:33:41+0200,6801fa27-1585-43c5-af49-29c528898ba2,2026-08-02T04:45:00Z,2026-08-02T06:45:00+0200,753.675,MW,DK1,DK_1,actual_onshore_wind_generation,Wind Onshore,2026-08-21T06:40:18Z
2026-08-21T06:33:41Z,2026-08-21T08:33:41+0200,6801fa27-1585-43c5-af49-29c528898ba2,2026-08-02T05:00:00Z,2026-08-02T07:00:00+0200,795.945,MW,DK1,DK_1,actual_onshore_wind_generation,Wind Onshore,2026-08-21T06:40:18Z
2026-08-21T06:33:41Z,2026-08-21T08:33:41+0200,6801fa27-1585-43c5-af49-29c528898ba2,2026-08-02T05:15:00Z,2026-08-02T07:15:00+0200,822.842,MW,DK1,DK_1,actual_onshore_wind_generation,Wind Onshore,2026-08-21T06:40:18Z
2026-08-21T06:33:41Z,2026-08-21T08:33:41+0200,6801fa27-1585-43c5-af49-29c528898ba2,2026-08-02T05:30:00Z,2026-08-02T07:30:00+0200,786.638,MW,DK1,DK_1,actual_onshore_wind_generation,Wind Onshore,2026-08-21T06:40:18Z
2026-08-21T06:33:41Z,2026-08-21T08:33:41+0200,6801fa27-1585-43c5-af49-29c528898ba2,2026-08-02T05:45:00Z,2026-08-02T07:45:00+0200,748.148,MW,DK1,DK_1,actual_onshore_wind_generation,Wind Onshore,2026-08-21T06:40:18Z
2026-08-21T06:33:41Z,2026-08-21T08:33:41+0200,6801fa27-1585-43c5-af49-29c528898ba2,2026-08-02T06:00:00Z,2026-08-02T08:00:00+0200,742.595,MW,DK1,DK_1,actual_onshore_wind_generation,Wind Onshore,2026-08-21T06:40:18Z
2026-08-21T06:33:41Z,2026-08-21T08:33:41+0200,6801fa27-1585-43c5-af49-29c528898ba2,2026-08-02T06:15:00Z,2026-08-02T08:15:00+0200,708.744,MW,DK1,DK_1,actual_onshore_wind_generation,Wind Onshore,2026-08-21T06:40:18Z
2026-08-21T06:33:41Z,2026-08-21T08:33:41+0200,6801fa27-1585-43c5-af49-29c528898ba2,2026-08-02T06:30:00Z,2026-08-02T08:30:00+0200,741.427,MW,DK1,DK_1,actual_onshore_wind_generation,Wind Onshore,2026-08-21T06:40:18Z
2026-08-21T06:33:41Z,2026-08-21T08:33:41+0200,6801fa27-1585-43c5-af49-29c528898ba2,2026-08-02T06:45:00Z,2026-08-02T08:45:00+0200,818.392,MW,DK1,DK_1,actual_onshore_wind_generation,Wind Onshore,2026-08-21T06:40:18Z
2026-08-21T06:33:41Z,2026-08-21T08:33:41+0200,6801fa27-1585-43c5-af49-29c528898ba2,2026-08-02T07:00:00Z,2026-08-02T09:00:00+0200,914.641,MW,DK1,DK_1,actual_onshore_wind_generation,Wind Onshore,2026-08-21T06:40:18Z
2026-08-21T06:33:41Z,2026-08-21T08:33:41+0200,6801fa27-1585-43c5-af49-29c528898ba2,2026-08-02T07:15:00Z,2026-08-02T09:15:00+0200,1017.18,MW,DK1,DK_1,actual_onshore_wind_generation,Wind Onshore,2026-08-21T06:40:18Z
2026-08-21T06:33:41Z,2026-08-21T08:33:41+0200,6801fa27-1585-43c5-af49-29c528898ba2,2026-08-02T07:30:00Z,2026-08-02T09:30:00+0200,1046.71,MW,DK1,DK_1,actual_onshore_wind_generation,Wind Onshore,2026-08-21T06:40:18Z
2026-08-21T06:33:41Z,2026-08-21T08:33:41+0200,6801fa27-1585-43c5-af49-29c528898ba2,2026-08-02T07:45:00Z,2026-08-02T09:45:00+0200,997.298,MW,DK1,DK_1,actual_onshore_wind_generation,Wind Onshore,2026-08-21T06:40:18Z
2026-08-21T06:33:41Z,2026-08-21T08:33:41+0200,6801fa27-1585-43c5-af49-29c528898ba2,2026-08-02T08:00:00Z,2026-08-02T10:00:00+0200,1012.07,MW,DK1,DK_1,actual_onshore_wind_generation,Wind Onshore,2026-08-21T06:40:18Z
2026-08-21T06:33:41Z,2026-08-21T08:33:41+0200,6801fa27-1585-43c5-af49-29c528898ba2,2026-08-02T08:15:00Z,2026-08-02T10:15:00+0200,934.746,MW,DK1,DK_1,actual_onshore_wind_generation,Wind Onshore,2026-08-21T06:40:18Z
2026-08-21T06:33:41Z,2026-08-21T08:33:41+0200,6801fa27-1585-43c5-af49-29c528898ba2,2026-08-02T08:30:00Z,2026-08-02T10:30:00+0200,948.882,MW,DK1,DK_1,actual_onshore_wind_generation,Wind Onshore,2026-08-21T06:40:18Z
2026-08-21T06:33:41Z,2026-08-21T08:33:41+0200,6801fa27-1585-43c5-af49-29c528898ba2,2026-08-02T08:45:00Z,2026-08-02T10:45:00+0200,830.756,MW,DK1,DK_1,actual_onshore_wind_generation,Wind Onshore,2026-08-21T06:40:18Z
2026-08-21T06:33:41Z,2026-08-21T08:33:41+0200,6801fa27-1585-43c5-af49-29c528898ba2,2026-08-02T09:00:00Z,2026-08-02T11:00:00+0200,874.212,MW,DK1,DK_1,actual_onshore_wind_generation,Wind Onshore,2026-08-21T06:40:18Z
2026-08-21T06:33:41Z,2026-08-21T08:33:41+0200,6801fa27-1585-43c5-af49-29c528898ba2,2026-08-02T09:15:00Z,2026-08-02T11:15:00+0200,828.207,MW,DK1,DK_1,actual_onshore_wind_generation,Wind Onshore,2026-08-21T06:40:18Z
2026-08-21T06:33:41Z,2026-08-21T08:33:41+0200,6801fa27-1585-43c5-af49-29c528898ba2,2026-08-02T09:30:00Z,2026-08-02T11:30:00+0200,839.777,MW,DK1,DK_1,actual_onshore_wind_generation,Wind Onshore,2026-08-21T06:40:18Z
2026-08-21T06:33:41Z,2026-08-21T08:33:41+0200,6801fa27-1585-43c5-af49-29c528898ba2,2026-08-02T09:45:00Z,2026-08-02T11:45:00+0200,824.857,MW,DK1,DK_1,actual_onshore_wind_generation,Wind Onshore,2026-08-21T06:40:18Z
2026-08-21T06:33:41Z,2026-08-21T08:33:41+0200,6801fa27-1585-43c5-af49-29c528898ba2,2026-08-02T10:00:00Z,2026-08-02T12:00:00+0200,806.019,MW,DK1,DK_1,actual_onshore_wind_generation,Wind Onshore,2026-08-21T06:40:18Z
2026-08-21T06:33:41Z,2026-08-21T08:33:41+0200,6801fa27-1585-43c5-af49-29c528898ba2,2026-08-02T10:15:00Z,2026-08-02T12:15:00+0200,807.7,MW,DK1,DK_1,actual_onshore_wind_generation,Wind Onshore,2026-08-21T06:40:18Z
2026-08-21T06:33:41Z,2026-08-21T08:33:41+0200,6801fa27-1585-43c5-af49-29c528898ba2,2026-08-02T10:30:00Z,2026-08-02T12:30:00+0200,813.473,MW,DK1,DK_1,actual_onshore_wind_generation,Wind Onshore,2026-08-21T06:40:18Z
2026-08-21T06:33:41Z,2026-08-21T08:33:41+0200,6801fa27-1585-43c5-af49-29c528898ba2,2026-08-02T10:45:00Z,2026-08-02T12:45:00+0200,813.354,MW,DK1,DK_1,actual_onshore_wind_generation,Wind Onshore,2026-08-21T06:40:18Z
2026-08-21T06:33:41Z,2026-08-21T08:33:41+0200,6801fa27-1585-43c5-af49-29c528898ba2,2026-08-02T11:00:00Z,2026-08-02T13:00:00+0200,831.413,MW,DK1,DK_1,actual_onshore_wind_generation,Wind Onshore,2026-08-21T06:40:18Z
2026-08-21T06:33:41Z,2026-08-21T08:33:41+0200,6801fa27-1585-43c5-af49-29c528898ba2,2026-08-02T11:15:00Z,2026-08-02T13:15:00+0200,827.233,MW,DK1,DK_1,actual_onshore_wind_generation,Wind Onshore,2026-08-21T06:40:18Z
2026-08-21T06:33:41Z,2026-08-21T08:33:41+0200,6801fa27-1585-43c5-af49-29c528898ba2,2026-08-02T11:30:00Z,2026-08-02T13:30:00+0200,829.678,MW,DK1,DK_1,actual_onshore_wind_generation,Wind Onshore,2026-08-21T06:40:18Z
2026-08-21T06:33:41Z,2026-08-21T08:33:41+0200,6801fa27-1585-43c5-af49-29c528898ba2,2026-08-02T11:45:00Z,2026-08-02T13:45:00+0200,816.343,MW,DK1,DK_1,actual_onshore_wind_generation,Wind Onshore,2026-08-21T06:40:18Z
2026-08-21T06:33:41Z,2026-08-21T08:33:41+0200,6801fa27-1585-43c5-af49-29c528898ba2,2026-08-02T12:00:00Z,2026-08-02T14:00:00+0200,778.784,MW,DK1,DK_1,actual_onshore_wind_generation,Wind Onshore,2026-08-21T06:40:18Z
2026-08-21T06:33:41Z,2026-08-21T08:33:41+0200,6801fa27-1585-43c5-af49-29c528898ba2,2026-08-02T12:15:00Z,2026-08-02T14:15:00+0200,786.593,MW,DK1,DK_1,actual_onshore_wind_generation,Wind Onshore,2026-08-21T06:40:18Z
2026-08-21T06:33:41Z,2026-08-21T08:33:41+0200,6801fa27-1585-43c5-af49-29c528898ba2,2026-08-02T12:30:00Z,2026-08-02T14:30:00+0200,725.886,MW,DK1,DK_1,actual_onshore_wind_generation,Wind Onshore,2026-08-21T06:40:18Z
2026-08-21T06:33:41Z,2026-08-21T08:33:41+0200,6801fa27-1585-43c5-af49-29c528898ba2,2026-08-02T12:45:00Z,2026-08-02T14:45:00+0200,706.875,MW,DK1,DK_1,actual_onshore_wind_generation,Wind Onshore,2026-08-21T06:40:18Z
2026-08-21T06:33:41Z,2026-08-21T08:33:41+0200,6801fa27-1585-43c5-af49-29c528898ba2,2026-08-02T13:00:00Z,2026-08-02T15:00:00+0200,734.098,MW,DK1,DK_1,actual_onshore_wind_generation,Wind Onshore,2026-08-21T06:40:18Z
2026-08-21T06:33:41Z,2026-08-21T08:33:41+0200,6801fa27-1585-43c5-af49-29c528898ba2,2026-08-02T13:15:00Z,2026-08-02T15:15:00+0200,723.7,MW,DK1,DK_1,actual_onshore_wind_generation,Wind Onshore,2026-08-21T06:40:18Z
2026-08-21T06:33:41Z,2026-08-21T08:33:41+0200,6801fa27-1585-43c5-af49-29c528898ba2,2026-08-02T13:30:00Z,2026-08-02T15:30:00+0200,718.218,MW,DK1,DK_1,actual_onshore_wind_generation,Wind Onshore,2026-08-21T06:40:18Z
2026-08-21T06:33:41Z,2026-08-21T08:33:41+0200,6801fa27-1585-43c5-af49-29c528898ba2,2026-08-02T13:45:00Z,2026-08-02T15:45:00+0200,738.166,MW,DK1,DK_1,actual_onshore_wind_generation,Wind Onshore,2026-08-21T06:40:18Z
2026-08-21T06:33:41Z,2026-08-21T08:33:41+0200,6801fa27-1585-43c5-af49-29c528898ba2,2026-08-02T14:00:00Z,2026-08-02T16:00:00+0200,689.332,MW,DK1,DK_1,actual_onshore_wind_generation,Wind Onshore,2026-08-21T06:40:18Z
2026-08-21T06:33:41Z,2026-08-21T08:33:41+0200,6801fa27-1585-43c5-af49-29c528898ba2,2026-08-02T14:15:00Z,2026-08-02T16:15:00+0200,668.506,MW,DK1,DK_1,actual_onshore_wind_generation,Wind Onshore,2026-08-21T06:40:18Z
2026-08-21T06:33:41Z,2026-08-21T08:33:41+0200,6801fa27-1585-43c5-af49-29c528898ba2,2026-08-02T14:30:00Z,2026-08-02T16:30:00+0200,726.829,MW,DK1,DK_1,actual_onshore_wind_generation,Wind Onshore,2026-08-21T06:40:18Z
2026-08-21T06:33:41Z,2026-08-21T08:33:41+0200,6801fa27-1585-43c5-af49-29c528898ba2,2026-08-02T14:45:00Z,2026-08-02T16:45:00+0200,695.474,MW,DK1,DK_1,actual_onshore_wind_generation,Wind Onshore,2026-08-21T06:40:18Z
2026-08-21T06:33:41Z,2026-08-21T08:33:41+0200,6801fa27-1585-43c5-af49-29c528898ba2,2026-08-02T15:00:00Z,2026-08-02T17:00:00+0200,672.979,MW,DK1,DK_1,actual_onshore_wind_generation,Wind Onshore,2026-08-21T06:40:18Z
2026-08-21T06:33:41Z,2026-08-21T08:33:41+0200,6801fa27-1585-43c5-af49-29c528898ba2,2026-08-02T15:15:00Z,2026-08-02T17:15:00+0200,630.889,MW,DK1,DK_1,actual_onshore_wind_generation,Wind Onshore,2026-08-21T06:40:18Z
2026-08-21T06:33:41Z,2026-08-21T08:33:41+0200,6801fa27-1585-43c5-af49-29c528898ba2,2026-08-02T15:30:00Z,2026-08-02T17:30:00+0200,669.27,MW,DK1,DK_1,actual_onshore_wind_generation,Wind Onshore,2026-08-21T06:40:18Z
2026-08-21T06:33:41Z,2026-08-21T08:33:41+0200,6801fa27-1585-43c5-af49-29c528898ba2,2026-08-02T15:45:00Z,2026-08-02T17:45:00+0200,592.783,MW,DK1,DK_1,actual_onshore_wind_generation,Wind Onshore,2026-08-21T06:40:18Z
2026-08-21T06:33:41Z,2026-08-21T08:33:41+0200,6801fa27-1585-43c5-af49-29c528898ba2,2026-08-02T16:00:00Z,2026-08-02T18:00:00+0200,570.174,MW,DK1,DK_1,actual_onshore_wind_generation,Wind Onshore,2026-08-21T06:40:18Z
2026-08-21T06:33:41Z,2026-08-21T08:33:41+0200,6801fa27-1585-43c5-af49-29c528898ba2,2026-08-02T16:15:00Z,2026-08-02T18:15:00+0200,544.331,MW,DK1,DK_1,actual_onshore_wind_generation,Wind Onshore,2026-08-21T06:40:18Z
2026-08-21T06:33:41Z,2026-08-21T08:33:41+0200,6801fa27-1585-43c5-af49-29c528898ba2,2026-08-02T16:30:00Z,2026-08-02T18:30:00+0200,504.851,MW,DK1,DK_1,actual_onshore_wind_generation,Wind Onshore,2026-08-21T06:40:18Z
2026-08-21T06:33:41Z,2026-08-21T08:33:41+0200,6801fa27-1585-43c5-af49-29c528898ba2,2026-08-02T16:45:00Z,2026-08-02T18:45:00+0200,468.91,MW,DK1,DK_1,actual_onshore_wind_generation,Wind Onshore,2026-08-21T06:40:18Z
2026-08-21T06:33:41Z,2026-08-21T08:33:41+0200,6801fa27-1585-43c5-af49-29c528898ba2,2026-08-02T17:00:00Z,2026-08-02T19:00:00+0200,418.511,MW,DK1,DK_1,actual_onshore_wind_generation,Wind Onshore,2026-08-21T06:40:18Z
2026-08-21T06:33:41Z,2026-08-21T08:33:41+0200,6801fa27-1585-43c5-af49-29c528898ba2,2026-08-02T17:15:00Z,2026-08-02T19:15:00+0200,384.104,MW,DK1,DK_1,actual_onshore_wind_generation,Wind Onshore,2026-08-21T06:40:18Z
2026-08-21T06:33:41Z,2026-08-21T08:33:41+0200,6801fa27-1585-43c5-af49-29c528898ba2,2026-08-02T17:30:00Z,2026-08-02T19:30:00+0200,354.603,MW,DK1,DK_1,actual_onshore_wind_generation,Wind Onshore,2026-08-21T06:40:18Z
2026-08-21T06:33:41Z,2026-08-21T08:33:41+0200,6801fa27-1585-43c5-af49-29c528898ba2,2026-08-02T17:45:00Z,2026-08-02T19:45:00+0200,330.895,MW,DK1,DK_1,actual_onshore_wind_generation,Wind Onshore,2026-08-21T06:40:18Z
2026-08-21T06:33:41Z,2026-08-21T08:33:41+0200,6801fa27-1585-43c5-af49-29c528898ba2,2026-08-02T18:00:00Z,2026-08-02T20:00:00+0200,310.722,MW,DK1,DK_1,actual_onshore_wind_generation,Wind Onshore,2026-08-21T06:40:18Z
2026-08-21T06:33:41Z,2026-08-21T08:33:41+0200,6801fa27-1585-43c5-af49-29c528898ba2,2026-08-02T18:15:00Z,2026-08-02T20:15:00+0200,280.501,MW,DK1,DK_1,actual_onshore_wind_generation,Wind Onshore,2026-08-21T06:40:18Z
2026-08-21T06:33:41Z,2026-08-21T08:33:41+0200,6801fa27-1585-43c5-af49-29c528898ba2,2026-08-02T18:30:00Z,2026-08-02T20:30:00+0200,254.651,MW,DK1,DK_1,actual_onshore_wind_generation,Wind Onshore,2026-08-21T06:40:18Z
2026-08-21T06:33:41Z,2026-08-21T08:33:41+0200,6801fa27-1585-43c5-af49-29c528898ba2,2026-08-02T18:45:00Z,2026-08-02T20:45:00+0200,232.338,MW,DK1,DK_1,actual_onshore_wind_generation,Wind Onshore,2026-08-21T06:40:18Z
2026-08-21T06:33:41Z,2026-08-21T08:33:41+0200,6801fa27-1585-43c5-af49-29c528898ba2,2026-08-02T19:00:00Z,2026-08-02T21:00:00+0200,212.1,MW,DK1,DK_1,actual_onshore_wind_generation,Wind Onshore,2026-08-21T06:40:18Z
2026-08-21T06:33:41Z,2026-08-21T08:33:41+0200,6801fa27-1585-43c5-af49-29c528898ba2,2026-08-02T19:15:00Z,2026-08-02T21:15:00+0200,209.355,MW,DK1,DK_1,actual_onshore_wind_generation,Wind Onshore,2026-08-21T06:40:18Z
2026-08-21T06:33:41Z,2026-08-21T08:33:41+0200,6801fa27-1585-43c5-af49-29c528898ba2,2026-08-02T19:30:00Z,2026-08-02T21:30:00+0200,210.766,MW,DK1,DK_1,actual_onshore_wind_generation,Wind Onshore,2026-08-21T06:40:18Z
2026-08-21T06:33:41Z,2026-08-21T08:33:41+0200,6801fa27-1585-43c5-af49-29c528898ba2,2026-08-02T19:45:00Z,2026-08-02T21:45:00+0200,208.181,MW,DK1,DK_1,actual_onshore_wind_generation,Wind Onshore,2026-08-21T06:40:18Z
2026-08-21T06:33:41Z,2026-08-21T08:33:41+0200,6801fa27-1585-43c5-af49-29c528898ba2,2026-08-02T20:00:00Z,2026-08-02T22:00:00+0200,219.027,MW,DK1,DK_1,actual_onshore_wind_generation,Wind Onshore,2026-08-21T06:40:18Z
2026-08-21T06:33:41Z,2026-08-21T08:33:41+0200,6801fa27-1585-43c5-af49-29c528898ba2,2026-08-02T20:15:00Z,2026-08-02T22:15:00+0200,204.596,MW,DK1,DK_1,actual_onshore_wind_generation,Wind Onshore,2026-08-21T06:40:18Z
2026-08-21T06:33:41Z,2026-08-21T08:33:41+0200,6801fa27-1585-43c5-af49-29c528898ba2,2026-08-02T20:30:00Z,2026-08-02T22:30:00+0200,189.896,MW,DK1,DK_1,actual_onshore_wind_generation,Wind Onshore,2026-08-21T06:40:18Z
2026-08-21T06:33:41Z,2026-08-21T08:33:41+0200,6801fa27-1585-43c5-af49-29c528898ba2,2026-08-02T20:45:00Z,2026-08-02T22:45:00+0200,182.919,MW,DK1,DK_1,actual_onshore_wind_generation,Wind Onshore,2026-08-21T06:40:18Z
2026-08-21T06:33:41Z,2026-08-21T08:33:41+0200,6801fa27-1585-43c5-af49-29c528898ba2,2026-08-02T21:00:00Z,2026-08-02T23:00:00+0200,177.181,MW,DK1,DK_1,actual_onshore_wind_generation,Wind Onshore,2026-08-21T06:40:18Z
2026-08-21T06:33:41Z,2026-08-21T08:33:41+0200,6801fa27-1585-43c5-af49-29c528898ba2,2026-08-02T21:15:00Z,2026-08-02T23:15:00+0200,174.107,MW,DK1,DK_1,actual_onshore_wind_generation,Wind Onshore,2026-08-21T06:40:18Z
2026-08-21T06:33:41Z,2026-08-21T08:33:41+0200,6801fa27-1585-43c5-af49-29c528898ba2,2026-08-02T21:30:00Z,2026-08-02T23:30:00+0200,166.369,MW,DK1,DK_1,actual_onshore_wind_generation,Wind Onshore,2026-08-21T06:40:18Z
2026-08-21T06:33:41Z,2026-08-21T08:33:41+0200,6801fa27-1585-43c5-af49-29c528898ba2,2026-08-02T21:45:00Z,2026-08-02T23:45:00+0200,155.495,MW,DK1,DK_1,actual_onshore_wind_generation,Wind Onshore,2026-08-21T06:40:18Z
2026-08-21T06:33:41Z,2026-08-21T08:33:41+0200,6801fa27-1585-43c5-af49-29c528898ba2,2026-08-02T22:00:00Z,2026-08-03T00:00:00+0200,149.994,MW,DK1,DK_1,actual_onshore_wind_generation,Wind Onshore,2026-08-21T06:40:18Z
2026-08-21T06:33:41Z,2026-08-21T08:33:41+0200,6801fa27-1585-43c5-af49-29c528898ba2,2026-08-02T22:15:00Z,2026-08-03T00:15:00+0200,143.246,MW,DK1,DK_1,actual_onshore_wind_generation,Wind Onshore,2026-08-21T06:40:18Z
2026-08-21T06:33:41Z,2026-08-21T08:33:41+0200,6801fa27-1585-43c5-af49-29c528898ba2,2026-08-02T22:30:00Z,2026-08-03T00:30:00+0200,143.715,MW,DK1,DK_1,actual_onshore_wind_generation,Wind Onshore,2026-08-21T06:40:18Z
2026-08-21T06:33:41Z,2026-08-21T08:33:41+0200,6801fa27-1585-43c5-af49-29c528898ba2,2026-08-02T22:45:00Z,2026-08-03T00:45:00+0200,137.354,MW,DK1,DK_1,actual_onshore_wind_generation,Wind Onshore,2026-08-21T06:40:18Z
2026-08-21T06:33:41Z,2026-08-21T08:33:41+0200,6801fa27-1585-43c5-af49-29c528898ba2,2026-08-02T23:00:00Z,2026-08-03T01:00:00+0200,128.194,MW,DK1,DK_1,actual_onshore_wind_generation,Wind Onshore,2026-08-21T06:40:18Z
2026-08-21T06:33:41Z,2026-08-21T08:33:41+0200,6801fa27-1585-43c5-af49-29c528898ba2,2026-08-02T23:15:00Z,2026-08-03T01:15:00+0200,118.875,MW,DK1,DK_1,actual_onshore_wind_generation,Wind Onshore,2026-08-21T06:40:18Z
2026-08-21T06:33:41Z,2026-08-21T08:33:41+0200,6801fa27-1585-43c5-af49-29c528898ba2,2026-08-02T23:30:00Z,2026-08-03T01:30:00+0200,118.174,MW,DK1,DK_1,actual_onshore_wind_generation,Wind Onshore,2026-08-21T06:40:18Z
2026-08-21T06:33:41Z,2026-08-21T08:33:41+0200,6801fa27-1585-43c5-af49-29c528898ba2,2026-08-02T23:45:00Z,2026-08-03T01:45:00+0200,113.052,MW,DK1,DK_1,actual_onshore_wind_generation,Wind Onshore,2026-08-21T06:40:18Z
2026-08-21T06:33:41Z,2026-08-21T08:33:41+0200,6801fa27-1585-43c5-af49-29c528898ba2,2026-08-03T00:00:00Z,2026-08-03T02:00:00+0200,102.773,MW,DK1,DK_1,actual_onshore_wind_generation,Wind Onshore,2026-08-21T06:40:18Z
2026-08-21T06:33:41Z,2026-08-21T08:33:41+0200,6801fa27-1585-43c5-af49-29c528898ba2,2026-08-03T00:15:00Z,2026-08-03T02:15:00+0200,95.2915,MW,DK1,DK_1,actual_onshore_wind_generation,Wind Onshore,2026-08-21T06:40:18Z
2026-08-21T06:33:41Z,2026-08-21T08:33:41+0200,6801fa27-1585-43c5-af49-29c528898ba2,2026-08-03T00:30:00Z,2026-08-03T02:30:00+0200,93.883,MW,DK1,DK_1,actual_onshore_wind_generation,Wind Onshore,2026-08-21T06:40:18Z
2026-08-21T06:33:41Z,2026-08-21T08:33:41+0200,6801fa27-1585-43c5-af49-29c528898ba2,2026-08-03T00:45:00Z,2026-08-03T02:45:00+0200,90.1364,MW,DK1,DK_1,actual_onshore_wind_generation,Wind Onshore,2026-08-21T06:40:18Z
2026-08-21T06:33:41Z,2026-08-21T08:33:41+0200,6801fa27-1585-43c5-af49-29c528898ba2,2026-08-03T01:00:00Z,2026-08-03T03:00:00+0200,85.534,MW,DK1,DK_1,actual_onshore_wind_generation,Wind Onshore,2026-08-21T06:40:18Z
2026-08-21T06:33:41Z,2026-08-21T08:33:41+0200,6801fa27-1585-43c5-af49-29c528898ba2,2026-08-03T01:15:00Z,2026-08-03T03:15:00+0200,84.3599,MW,DK1,DK_1,actual_onshore_wind_generation,Wind Onshore,2026-08-21T06:40:18Z
2026-08-21T06:33:41Z,2026-08-21T08:33:41+0200,6801fa27-1585-43c5-af49-29c528898ba2,2026-08-03T01:30:00Z,2026-08-03T03:30:00+0200,87.8913,MW,DK1,DK_1,actual_onshore_wind_generation,Wind Onshore,2026-08-21T06:40:18Z
2026-08-21T06:33:41Z,2026-08-21T08:33:41+0200,6801fa27-1585-43c5-af49-29c528898ba2,2026-08-03T01:45:00Z,2026-08-03T03:45:00+0200,89.5512,MW,DK1,DK_1,actual_onshore_wind_generation,Wind Onshore,2026-08-21T06:40:18Z
2026-08-21T06:33:41Z,2026-08-21T08:33:41+0200,6801fa27-1585-43c5-af49-29c528898ba2,2026-08-03T02:00:00Z,2026-08-03T04:00:00+0200,91.9116,MW,DK1,DK_1,actual_onshore_wind_generation,Wind Onshore,2026-08-21T06:40:18Z
2026-08-21T06:33:41Z,2026-08-21T08:33:41+0200,6801fa27-1585-43c5-af49-29c528898ba2,2026-08-03T02:15:00Z,2026-08-03T04:15:00+0200,92.4899,MW,DK1,DK_1,actual_onshore_wind_generation,Wind Onshore,2026-08-21T06:40:18Z
2026-08-21T06:33:41Z,2026-08-21T08:33:41+0200,6801fa27-1585-43c5-af49-29c528898ba2,2026-08-03T02:30:00Z,2026-08-03T04:30:00+0200,92.5363,MW,DK1,DK_1,actual_onshore_wind_generation,Wind Onshore,2026-08-21T06:40:18Z
2026-08-21T06:33:41Z,2026-08-21T08:33:41+0200,6801fa27-1585-43c5-af49-29c528898ba2,2026-08-03T02:45:00Z,2026-08-03T04:45:00+0200,92.3875,MW,DK1,DK_1,actual_onshore_wind_generation,Wind Onshore,2026-08-21T06:40:18Z
2026-08-21T06:33:41Z,2026-08-21T08:33:41+0200,6801fa27-1585-43c5-af49-29c528898ba2,2026-08-03T03:00:00Z,2026-08-03T05:00:00+0200,93.1297,MW,DK1,DK_1,actual_onshore_wind_generation,Wind Onshore,2026-08-21T06:40:18Z
2026-08-21T06:33:41Z,2026-08-21T08:33:41+0200,6801fa27-1585-43c5-af49-29c528898ba2,2026-08-03T03:15:00Z,2026-08-03T05:15:00+0200,94.5393,MW,DK1,DK_1,actual_onshore_wind_generation,Wind Onshore,2026-08-21T06:40:18Z
2026-08-21T06:33:41Z,2026-08-21T08:33:41+0200,6801fa27-1585-43c5-af49-29c528898ba2,2026-08-03T03:30:00Z,2026-08-03T05:30:00+0200,102.116,MW,DK1,DK_1,actual_onshore_wind_generation,Wind Onshore,2026-08-21T06:40:18Z
2026-08-21T06:33:41Z,2026-08-21T08:33:41+0200,6801fa27-1585-43c5-af49-29c528898ba2,2026-08-03T03:45:00Z,2026-08-03T05:45:00+0200,106.472,MW,DK1,DK_1,actual_onshore_wind_generation,Wind Onshore,2026-08-21T06:40:18Z
2026-08-21T06:33:41Z,2026-08-21T08:33:41+0200,6801fa27-1585-43c5-af49-29c528898ba2,2026-08-03T04:00:00Z,2026-08-03T06:00:00+0200,113.136,MW,DK1,DK_1,actual_onshore_wind_generation,Wind Onshore,2026-08-21T06:40:18Z
2026-08-21T06:33:41Z,2026-08-21T08:33:41+0200,6801fa27-1585-43c5-af49-29c528898ba2,2026-08-03T04:15:00Z,2026-08-03T06:15:00+0200,118.297,MW,DK1,DK_1,actual_onshore_wind_generation,Wind Onshore,2026-08-21T06:40:18Z
2026-08-21T06:33:41Z,2026-08-21T08:33:41+0200,6801fa27-1585-43c5-af49-29c528898ba2,2026-08-03T04:30:00Z,2026-08-03T06:30:00+0200,130.116,MW,DK1,DK_1,actual_onshore_wind_generation,Wind Onshore,2026-08-21T06:40:18Z
2026-08-21T06:33:41Z,2026-08-21T08:33:41+0200,6801fa27-1585-43c5-af49-29c528898ba2,2026-08-03T04:45:00Z,2026-08-03T06:45:00+0200,139.765,MW,DK1,DK_1,actual_onshore_wind_generation,Wind Onshore,2026-08-21T06:40:18Z
2026-08-21T06:33:41Z,2026-08-21T08:33:41+0200,6801fa27-1585-43c5-af49-29c528898ba2,2026-08-03T05:00:00Z,2026-08-03T07:00:00+0200,145.212,MW,DK1,DK_1,actual_onshore_wind_generation,Wind Onshore,2026-08-21T06:40:18Z
2026-08-21T06:33:41Z,2026-08-21T08:33:41+0200,6801fa27-1585-43c5-af49-29c528898ba2,2026-08-03T05:15:00Z,2026-08-03T07:15:00+0200,145.697,MW,DK1,DK_1,actual_onshore_wind_generation,Wind Onshore,2026-08-21T06:40:18Z
2026-08-21T06:33:41Z,2026-08-21T08:33:41+0200,6801fa27-1585-43c5-af49-29c528898ba2,2026-08-03T05:30:00Z,2026-08-03T07:30:00+0200,138.423,MW,DK1,DK_1,actual_onshore_wind_generation,Wind Onshore,2026-08-21T06:40:18Z
2026-08-21T06:33:41Z,2026-08-21T08:33:41+0200,6801fa27-1585-43c5-af49-29c528898ba2,2026-08-03T05:45:00Z,2026-08-03T07:45:00+0200,128.084,MW,DK1,DK_1,actual_onshore_wind_generation,Wind Onshore,2026-08-21T06:40:18Z
2026-08-21T06:33:41Z,2026-08-21T08:33:41+0200,6801fa27-1585-43c5-af49-29c528898ba2,2026-08-03T06:00:00Z,2026-08-03T08:00:00+0200,122.911,MW,DK1,DK_1,actual_onshore_wind_generation,Wind Onshore,2026-08-21T06:40:18Z
2026-08-21T06:33:41Z,2026-08-21T08:33:41+0200,6801fa27-1585-43c5-af49-29c528898ba2,2026-08-03T06:15:00Z,2026-08-03T08:15:00+0200,115.211,MW,DK1,DK_1,actual_onshore_wind_generation,Wind Onshore,2026-08-21T06:40:18Z
2026-08-21T06:33:41Z,2026-08-21T08:33:41+0200,6801fa27-1585-43c5-af49-29c528898ba2,2026-08-03T06:30:00Z,2026-08-03T08:30:00+0200,107.686,MW,DK1,DK_1,actual_onshore_wind_generation,Wind Onshore,2026-08-21T06:40:18Z
2026-08-21T06:33:41Z,2026-08-21T08:33:41+0200,6801fa27-1585-43c5-af49-29c528898ba2,2026-08-03T06:45:00Z,2026-08-03T08:45:00+0200,97.7846,MW,DK1,DK_1,actual_onshore_wind_generation,Wind Onshore,2026-08-21T06:40:18Z
2026-08-21T06:33:41Z,2026-08-21T08:33:41+0200,6801fa27-1585-43c5-af49-29c528898ba2,2026-08-03T07:00:00Z,2026-08-03T09:00:00+0200,86.9207,MW,DK1,DK_1,actual_onshore_wind_generation,Wind Onshore,2026-08-21T06:40:18Z
2026-08-21T06:33:41Z,2026-08-21T08:33:41+0200,6801fa27-1585-43c5-af49-29c528898ba2,2026-08-03T07:15:00Z,2026-08-03T09:15:00+0200,84.5424,MW,DK1,DK_1,actual_onshore_wind_generation,Wind Onshore,2026-08-21T06:40:18Z
2026-08-21T06:33:41Z,2026-08-21T08:33:41+0200,6801fa27-1585-43c5-af49-29c528898ba2,2026-08-03T07:30:00Z,2026-08-03T09:30:00+0200,87.1684,MW,DK1,DK_1,actual_onshore_wind_generation,Wind Onshore,2026-08-21T06:40:18Z
2026-08-21T06:33:41Z,2026-08-21T08:33:41+0200,6801fa27-1585-43c5-af49-29c528898ba2,2026-08-03T07:45:00Z,2026-08-03T09:45:00+0200,82.6054,MW,DK1,DK_1,actual_onshore_wind_generation,Wind Onshore,2026-08-21T06:40:18Z
2026-08-21T06:33:41Z,2026-08-21T08:33:41+0200,6801fa27-1585-43c5-af49-29c528898ba2,2026-08-03T08:00:00Z,2026-08-03T10:00:00+0200,84.198,MW,DK1,DK_1,actual_onshore_wind_generation,Wind Onshore,2026-08-21T06:40:18Z
2026-08-21T06:33:41Z,2026-08-21T08:33:41+0200,6801fa27-1585-43c5-af49-29c528898ba2,2026-08-03T08:15:00Z,2026-08-03T10:15:00+0200,78.2494,MW,DK1,DK_1,actual_onshore_wind_generation,Wind Onshore,2026-08-21T06:40:18Z
2026-08-21T06:33:41Z,2026-08-21T08:33:41+0200,6801fa27-1585-43c5-af49-29c528898ba2,2026-08-03T08:30:00Z,2026-08-03T10:30:00+0200,76.4557,MW,DK1,DK_1,actual_onshore_wind_generation,Wind Onshore,2026-08-21T06:40:18Z
2026-08-21T06:33:41Z,2026-08-21T08:33:41+0200,6801fa27-1585-43c5-af49-29c528898ba2,2026-08-03T08:45:00Z,2026-08-03T10:45:00+0200,70.7362,MW,DK1,DK_1,actual_onshore_wind_generation,Wind Onshore,2026-08-21T06:40:18Z
2026-08-21T06:33:41Z,2026-08-21T08:33:41+0200,6801fa27-1585-43c5-af49-29c528898ba2,2026-08-03T09:00:00Z,2026-08-03T11:00:00+0200,68.3365,MW,DK1,DK_1,actual_onshore_wind_generation,Wind Onshore,2026-08-21T06:40:18Z
2026-08-21T06:33:41Z,2026-08-21T08:33:41+0200,6801fa27-1585-43c5-af49-29c528898ba2,2026-08-03T09:15:00Z,2026-08-03T11:15:00+0200,69.4669,MW,DK1,DK_1,actual_onshore_wind_generation,Wind Onshore,2026-08-21T06:40:18Z
2026-08-21T06:33:41Z,2026-08-21T08:33:41+0200,6801fa27-1585-43c5-af49-29c528898ba2,2026-08-03T09:30:00Z,2026-08-03T11:30:00+0200,63.9862,MW,DK1,DK_1,actual_onshore_wind_generation,Wind Onshore,2026-08-21T06:40:18Z
2026-08-21T06:33:41Z,2026-08-21T08:33:41+0200,6801fa27-1585-43c5-af49-29c528898ba2,2026-08-03T09:45:00Z,2026-08-03T11:45:00+0200,61.9433,MW,DK1,DK_1,actual_onshore_wind_generation,Wind Onshore,2026-08-21T06:40:18Z
2026-08-21T06:33:41Z,2026-08-21T08:33:41+0200,6801fa27-1585-43c5-af49-29c528898ba2,2026-08-03T10:00:00Z,2026-08-03T12:00:00+0200,74.2238,MW,DK1,DK_1,actual_onshore_wind_generation,Wind Onshore,2026-08-21T06:40:18Z
2026-08-21T06:33:41Z,2026-08-21T08:33:41+0200,6801fa27-1585-43c5-af49-29c528898ba2,2026-08-03T10:15:00Z,2026-08-03T12:15:00+0200,76.4998,MW,DK1,DK_1,actual_onshore_wind_generation,Wind Onshore,2026-08-21T06:40:18Z
2026-08-21T06:33:41Z,2026-08-21T08:33:41+0200,6801fa27-1585-43c5-af49-29c528898ba2,2026-08-03T10:30:00Z,2026-08-03T12:30:00+0200,78.6994,MW,DK1,DK_1,actual_onshore_wind_generation,Wind Onshore,2026-08-21T06:40:18Z
2026-08-21T06:33:41Z,2026-08-21T08:33:41+0200,6801fa27-1585-43c5-af49-29c528898ba2,2026-08-03T10:45:00Z,2026-08-03T12:45:00+0200,76.8356,MW,DK1,DK_1,actual_onshore_wind_generation,Wind Onshore,2026-08-21T06:40:18Z
2026-08-21T06:33:41Z,2026-08-21T08:33:41+0200,6801fa27-1585-43c5-af49-29c528898ba2,2026-08-03T11:00:00Z,2026-08-03T13:00:00+0200,77.4786,MW,DK1,DK_1,actual_onshore_wind_generation,Wind Onshore,2026-08-21T06:40:18Z
2026-08-21T06:33:41Z,2026-08-21T08:33:41+0200,6801fa27-1585-43c5-af49-29c528898ba2,2026-08-03T11:15:00Z,2026-08-03T13:15:00+0200,82.9969,MW,DK1,DK_1,actual_onshore_wind_generation,Wind Onshore,2026-08-21T06:40:18Z
2026-08-21T06:33:41Z,2026-08-21T08:33:41+0200,6801fa27-1585-43c5-af49-29c528898ba2,2026-08-03T11:30:00Z,2026-08-03T13:30:00+0200,87.2078,MW,DK1,DK_1,actual_onshore_wind_generation,Wind Onshore,2026-08-21T06:40:18Z
2026-08-21T06:33:41Z,2026-08-21T08:33:41+0200,6801fa27-1585-43c5-af49-29c528898ba2,2026-08-03T11:45:00Z,2026-08-03T13:45:00+0200,92.5546,MW,DK1,DK_1,actual_onshore_wind_generation,Wind Onshore,2026-08-21T06:40:18Z
2026-08-21T06:33:41Z,2026-08-21T08:33:41+0200,6801fa27-1585-43c5-af49-29c528898ba2,2026-08-03T12:00:00Z,2026-08-03T14:00:00+0200,94.72,MW,DK1,DK_1,actual_onshore_wind_generation,Wind Onshore,2026-08-21T06:40:18Z
2026-08-21T06:33:41Z,2026-08-21T08:33:41+0200,6801fa27-1585-43c5-af49-29c528898ba2,2026-08-03T12:15:00Z,2026-08-03T14:15:00+0200,98.0364,MW,DK1,DK_1,actual_onshore_wind_generation,Wind Onshore,2026-08-21T06:40:18Z
2026-08-21T06:33:41Z,2026-08-21T08:33:41+0200,6801fa27-1585-43c5-af49-29c528898ba2,2026-08-03T12:30:00Z,2026-08-03T14:30:00+0200,104.303,MW,DK1,DK_1,actual_onshore_wind_generation,Wind Onshore,2026-08-21T06:40:18Z
2026-08-21T06:33:41Z,2026-08-21T08:33:41+0200,6801fa27-1585-43c5-af49-29c528898ba2,2026-08-03T12:45:00Z,2026-08-03T14:45:00+0200,106.66,MW,DK1,DK_1,actual_onshore_wind_generation,Wind Onshore,2026-08-21T06:40:18Z
2026-08-21T06:33:41Z,2026-08-21T08:33:41+0200,6801fa27-1585-43c5-af49-29c528898ba2,2026-08-03T13:00:00Z,2026-08-03T15:00:00+0200,107.285,MW,DK1,DK_1,actual_onshore_wind_generation,Wind Onshore,2026-08-21T06:40:18Z
2026-08-21T06:33:41Z,2026-08-21T08:33:41+0200,6801fa27-1585-43c5-af49-29c528898ba2,2026-08-03T13:15:00Z,2026-08-03T15:15:00+0200,117.34,MW,DK1,DK_1,actual_onshore_wind_generation,Wind Onshore,2026-08-21T06:40:18Z
2026-08-21T06:33:41Z,2026-08-21T08:33:41+0200,6801fa27-1585-43c5-af49-29c528898ba2,2026-08-03T13:30:00Z,2026-08-03T15:30:00+0200,117.809,MW,DK1,DK_1,actual_onshore_wind_generation,Wind Onshore,2026-08-21T06:40:18Z
2026-08-21T06:33:41Z,2026-08-21T08:33:41+0200,6801fa27-1585-43c5-af49-29c528898ba2,2026-08-03T13:45:00Z,2026-08-03T15:45:00+0200,132.686,MW,DK1,DK_1,actual_onshore_wind_generation,Wind Onshore,2026-08-21T06:40:18Z
2026-08-21T06:33:41Z,2026-08-21T08:33:41+0200,6801fa27-1585-43c5-af49-29c528898ba2,2026-08-03T14:00:00Z,2026-08-03T16:00:00+0200,135.842,MW,DK1,DK_1,actual_onshore_wind_generation,Wind Onshore,2026-08-21T06:40:18Z
2026-08-21T06:33:41Z,2026-08-21T08:33:41+0200,6801fa27-1585-43c5-af49-29c528898ba2,2026-08-03T14:15:00Z,2026-08-03T16:15:00+0200,147.37,MW,DK1,DK_1,actual_onshore_wind_generation,Wind Onshore,2026-08-21T06:40:18Z
2026-08-21T06:33:41Z,2026-08-21T08:33:41+0200,6801fa27-1585-43c5-af49-29c528898ba2,2026-08-03T14:30:00Z,2026-08-03T16:30:00+0200,148.108,MW,DK1,DK_1,actual_onshore_wind_generation,Wind Onshore,2026-08-21T06:40:18Z
2026-08-21T06:33:41Z,2026-08-21T08:33:41+0200,6801fa27-1585-43c5-af49-29c528898ba2,2026-08-03T14:45:00Z,2026-08-03T16:45:00+0200,167.912,MW,DK1,DK_1,actual_onshore_wind_generation,Wind Onshore,2026-08-21T06:40:18Z
2026-08-21T06:33:41Z,2026-08-21T08:33:41+0200,6801fa27-1585-43c5-af49-29c528898ba2,2026-08-03T15:00:00Z,2026-08-03T17:00:00+0200,170.884,MW,DK1,DK_1,actual_onshore_wind_generation,Wind Onshore,2026-08-21T06:40:18Z
2026-08-21T06:33:41Z,2026-08-21T08:33:41+0200,6801fa27-1585-43c5-af49-29c528898ba2,2026-08-03T15:15:00Z,2026-08-03T17:15:00+0200,182.011,MW,DK1,DK_1,actual_onshore_wind_generation,Wind Onshore,2026-08-21T06:40:18Z
2026-08-21T06:33:41Z,2026-08-21T08:33:41+0200,6801fa27-1585-43c5-af49-29c528898ba2,2026-08-03T15:30:00Z,2026-08-03T17:30:00+0200,216.593,MW,DK1,DK_1,actual_onshore_wind_generation,Wind Onshore,2026-08-21T06:40:18Z
2026-08-21T06:33:41Z,2026-08-21T08:33:41+0200,6801fa27-1585-43c5-af49-29c528898ba2,2026-08-03T15:45:00Z,2026-08-03T17:45:00+0200,238.312,MW,DK1,DK_1,actual_onshore_wind_generation,Wind Onshore,2026-08-21T06:40:18Z
2026-08-21T06:33:41Z,2026-08-21T08:33:41+0200,6801fa27-1585-43c5-af49-29c528898ba2,2026-08-03T16:00:00Z,2026-08-03T18:00:00+0200,246.638,MW,DK1,DK_1,actual_onshore_wind_generation,Wind Onshore,2026-08-21T06:40:18Z
2026-08-21T06:33:41Z,2026-08-21T08:33:41+0200,6801fa27-1585-43c5-af49-29c528898ba2,2026-08-03T16:15:00Z,2026-08-03T18:15:00+0200,261.022,MW,DK1,DK_1,actual_onshore_wind_generation,Wind Onshore,2026-08-21T06:40:18Z
2026-08-21T06:33:41Z,2026-08-21T08:33:41+0200,6801fa27-1585-43c5-af49-29c528898ba2,2026-08-03T16:30:00Z,2026-08-03T18:30:00+0200,277.152,MW,DK1,DK_1,actual_onshore_wind_generation,Wind Onshore,2026-08-21T06:40:18Z
2026-08-21T06:33:41Z,2026-08-21T08:33:41+0200,6801fa27-1585-43c5-af49-29c528898ba2,2026-08-03T16:45:00Z,2026-08-03T18:45:00+0200,282.127,MW,DK1,DK_1,actual_onshore_wind_generation,Wind Onshore,2026-08-21T06:40:18Z
2026-08-21T06:33:41Z,2026-08-21T08:33:41+0200,6801fa27-1585-43c5-af49-29c528898ba2,2026-08-03T17:00:00Z,2026-08-03T19:00:00+0200,283.846,MW,DK1,DK_1,actual_onshore_wind_generation,Wind Onshore,2026-08-21T06:40:18Z
2026-08-21T06:33:41Z,2026-08-21T08:33:41+0200,6801fa27-1585-43c5-af49-29c528898ba2,2026-08-03T17:15:00Z,2026-08-03T19:15:00+0200,274.248,MW,DK1,DK_1,actual_onshore_wind_generation,Wind Onshore,2026-08-21T06:40:18Z
2026-08-21T06:33:41Z,2026-08-21T08:33:41+0200,6801fa27-1585-43c5-af49-29c528898ba2,2026-08-03T17:30:00Z,2026-08-03T19:30:00+0200,275.611,MW,DK1,DK_1,actual_onshore_wind_generation,Wind Onshore,2026-08-21T06:40:18Z
2026-08-21T06:33:41Z,2026-08-21T08:33:41+0200,6801fa27-1585-43c5-af49-29c528898ba2,2026-08-03T17:45:00Z,2026-08-03T19:45:00+0200,251.852,MW,DK1,DK_1,actual_onshore_wind_generation,Wind Onshore,2026-08-21T06:40:18Z
2026-08-21T06:33:41Z,2026-08-21T08:33:41+0200,6801fa27-1585-43c5-af49-29c528898ba2,2026-08-03T18:00:00Z,2026-08-03T20:00:00+0200,250.976,MW,DK1,DK_1,actual_onshore_wind_generation,Wind Onshore,2026-08-21T06:40:18Z
2026-08-21T06:33:41Z,2026-08-21T08:33:41+0200,6801fa27-1585-43c5-af49-29c528898ba2,2026-08-03T18:15:00Z,2026-08-03T20:15:00+0200,252.892,MW,DK1,DK_1,actual_onshore_wind_generation,Wind Onshore,2026-08-21T06:40:18Z
2026-08-21T06:33:41Z,2026-08-21T08:33:41+0200,6801fa27-1585-43c5-af49-29c528898ba2,2026-08-03T18:30:00Z,2026-08-03T20:30:00+0200,260.109,MW,DK1,DK_1,actual_onshore_wind_generation,Wind Onshore,2026-08-21T06:40:18Z
2026-08-21T06:33:41Z,2026-08-21T08:33:41+0200,6801fa27-1585-43c5-af49-29c528898ba2,2026-08-03T18:45:00Z,2026-08-03T20:45:00+0200,270.449,MW,DK1,DK_1,actual_onshore_wind_generation,Wind Onshore,2026-08-21T06:40:18Z
2026-08-21T06:33:41Z,2026-08-21T08:33:41+0200,6801fa27-1585-43c5-af49-29c528898ba2,2026-08-03T19:00:00Z,2026-08-03T21:00:00+0200,286.648,MW,DK1,DK_1,actual_onshore_wind_generation,Wind Onshore,2026-08-21T06:40:18Z
2026-08-21T06:33:41Z,2026-08-21T08:33:41+0200,6801fa27-1585-43c5-af49-29c528898ba2,2026-08-03T19:15:00Z,2026-08-03T21:15:00+0200,313.815,MW,DK1,DK_1,actual_onshore_wind_generation,Wind Onshore,2026-08-21T06:40:18Z
2026-08-21T06:33:41Z,2026-08-21T08:33:41+0200,6801fa27-1585-43c5-af49-29c528898ba2,2026-08-03T19:30:00Z,2026-08-03T21:30:00+0200,326.572,MW,DK1,DK_1,actual_onshore_wind_generation,Wind Onshore,2026-08-21T06:40:18Z
2026-08-21T06:33:41Z,2026-08-21T08:33:41+0200,6801fa27-1585-43c5-af49-29c528898ba2,2026-08-03T19:45:00Z,2026-08-03T21:45:00+0200,321.325,MW,DK1,DK_1,actual_onshore_wind_generation,Wind Onshore,2026-08-21T06:40:18Z
2026-08-21T06:33:41Z,2026-08-21T08:33:41+0200,6801fa27-1585-43c5-af49-29c528898ba2,2026-08-03T20:00:00Z,2026-08-03T22:00:00+0200,339.819,MW,DK1,DK_1,actual_onshore_wind_generation,Wind Onshore,2026-08-21T06:40:18Z
2026-08-21T06:33:41Z,2026-08-21T08:33:41+0200,6801fa27-1585-43c5-af49-29c528898ba2,2026-08-03T20:15:00Z,2026-08-03T22:15:00+0200,300.9,MW,DK1,DK_1,actual_onshore_wind_generation,Wind Onshore,2026-08-21T06:40:18Z
2026-08-21T06:33:41Z,2026-08-21T08:33:41+0200,6801fa27-1585-43c5-af49-29c528898ba2,2026-08-03T20:30:00Z,2026-08-03T22:30:00+0200,299.832,MW,DK1,DK_1,actual_onshore_wind_generation,Wind Onshore,2026-08-21T06:40:18Z
2026-08-21T06:33:41Z,2026-08-21T08:33:41+0200,6801fa27-1585-43c5-af49-29c528898ba2,2026-08-03T20:45:00Z,2026-08-03T22:45:00+0200,300.798,MW,DK1,DK_1,actual_onshore_wind_generation,Wind Onshore,2026-08-21T06:40:18Z
2026-08-21T06:33:41Z,2026-08-21T08:33:41+0200,6801fa27-1585-43c5-af49-29c528898ba2,2026-08-03T21:00:00Z,2026-08-03T23:00:00+0200,285.453,MW,DK1,DK_1,actual_onshore_wind_generation,Wind Onshore,2026-08-21T06:40:18Z
2026-08-21T06:33:41Z,2026-08-21T08:33:41+0200,6801fa27-1585-43c5-af49-29c528898ba2,2026-08-03T21:15:00Z,2026-08-03T23:15:00+0200,267.755,MW,DK1,DK_1,actual_onshore_wind_generation,Wind Onshore,2026-08-21T06:40:18Z
2026-08-21T06:33:41Z,2026-08-21T08:33:41+0200,6801fa27-1585-43c5-af49-29c528898ba2,2026-08-03T21:30:00Z,2026-08-03T23:30:00+0200,264.449,MW,DK1,DK_1,actual_onshore_wind_generation,Wind Onshore,2026-08-21T06:40:18Z
2026-08-21T06:33:41Z,2026-08-21T08:33:41+0200,6801fa27-1585-43c5-af49-29c528898ba2,2026-08-03T21:45:00Z,2026-08-03T23:45:00+0200,269.337,MW,DK1,DK_1,actual_onshore_wind_generation,Wind Onshore,2026-08-21T06:40:18Z
2026-08-21T06:33:41Z,2026-08-21T08:33:41+0200,6801fa27-1585-43c5-af49-29c528898ba2,2026-08-03T22:00:00Z,2026-08-04T00:00:00+0200,272.38,MW,DK1,DK_1,actual_onshore_wind_generation,Wind Onshore,2026-08-21T06:40:18Z
2026-08-21T06:33:41Z,2026-08-21T08:33:41+0200,6801fa27-1585-43c5-af49-29c528898ba2,2026-08-03T22:15:00Z,2026-08-04T00:15:00+0200,273.969,MW,DK1,DK_1,actual_onshore_wind_generation,Wind Onshore,2026-08-21T06:40:18Z
2026-08-21T06:33:41Z,2026-08-21T08:33:41+0200,6801fa27-1585-43c5-af49-29c528898ba2,2026-08-03T22:30:00Z,2026-08-04T00:30:00+0200,301.629,MW,DK1,DK_1,actual_onshore_wind_generation,Wind Onshore,2026-08-21T06:40:18Z
2026-08-21T06:33:41Z,2026-08-21T08:33:41+0200,6801fa27-1585-43c5-af49-29c528898ba2,2026-08-03T22:45:00Z,2026-08-04T00:45:00+0200,307.491,MW,DK1,DK_1,actual_onshore_wind_generation,Wind Onshore,2026-08-21T06:40:18Z
2026-08-21T06:33:41Z,2026-08-21T08:33:41+0200,6801fa27-1585-43c5-af49-29c528898ba2,2026-08-03T23:00:00Z,2026-08-04T01:00:00+0200,304.895,MW,DK1,DK_1,actual_onshore_wind_generation,Wind Onshore,2026-08-21T06:40:18Z
2026-08-21T06:33:41Z,2026-08-21T08:33:41+0200,6801fa27-1585-43c5-af49-29c528898ba2,2026-08-03T23:15:00Z,2026-08-04T01:15:00+0200,296.359,MW,DK1,DK_1,actual_onshore_wind_generation,Wind Onshore,2026-08-21T06:40:18Z
2026-08-21T06:33:41Z,2026-08-21T08:33:41+0200,6801fa27-1585-43c5-af49-29c528898ba2,2026-08-03T23:30:00Z,2026-08-04T01:30:00+0200,298.321,MW,DK1,DK_1,actual_onshore_wind_generation,Wind Onshore,2026-08-21T06:40:18Z
2026-08-21T06:33:41Z,2026-08-21T08:33:41+0200,6801fa27-1585-43c5-af49-29c528898ba2,2026-08-03T23:45:00Z,2026-08-04T01:45:00+0200,301.356,MW,DK1,DK_1,actual_onshore_wind_generation,Wind Onshore,2026-08-21T06:40:18Z
2026-08-21T06:33:41Z,2026-08-21T08:33:41+0200,6801fa27-1585-43c5-af49-29c528898ba2,2026-08-04T00:00:00Z,2026-08-04T02:00:00+0200,299.221,MW,DK1,DK_1,actual_onshore_wind_generation,Wind Onshore,2026-08-21T06:40:18Z
2026-08-21T06:33:41Z,2026-08-21T08:33:41+0200,6801fa27-1585-43c5-af49-29c528898ba2,2026-08-04T00:15:00Z,2026-08-04T02:15:00+0200,297.058,MW,DK1,DK_1,actual_onshore_wind_generation,Wind Onshore,2026-08-21T06:40:18Z
2026-08-21T06:33:41Z,2026-08-21T08:33:41+0200,6801fa27-1585-43c5-af49-29c528898ba2,2026-08-04T00:30:00Z,2026-08-04T02:30:00+0200,310.517,MW,DK1,DK_1,actual_onshore_wind_generation,Wind Onshore,2026-08-21T06:40:18Z
2026-08-21T06:33:41Z,2026-08-21T08:33:41+0200,6801fa27-1585-43c5-af49-29c528898ba2,2026-08-04T00:45:00Z,2026-08-04T02:45:00+0200,326.895,MW,DK1,DK_1,actual_onshore_wind_generation,Wind Onshore,2026-08-21T06:40:18Z
2026-08-21T06:33:41Z,2026-08-21T08:33:41+0200,6801fa27-1585-43c5-af49-29c528898ba2,2026-08-04T01:00:00Z,2026-08-04T03:00:00+0200,358.035,MW,DK1,DK_1,actual_onshore_wind_generation,Wind Onshore,2026-08-21T06:40:18Z
2026-08-21T06:33:41Z,2026-08-21T08:33:41+0200,6801fa27-1585-43c5-af49-29c528898ba2,2026-08-04T01:15:00Z,2026-08-04T03:15:00+0200,372.663,MW,DK1,DK_1,actual_onshore_wind_generation,Wind Onshore,2026-08-21T06:40:18Z
2026-08-21T06:33:41Z,2026-08-21T08:33:41+0200,6801fa27-1585-43c5-af49-29c528898ba2,2026-08-04T01:30:00Z,2026-08-04T03:30:00+0200,382.869,MW,DK1,DK_1,actual_onshore_wind_generation,Wind Onshore,2026-08-21T06:40:18Z
2026-08-21T06:33:41Z,2026-08-21T08:33:41+0200,6801fa27-1585-43c5-af49-29c528898ba2,2026-08-04T01:45:00Z,2026-08-04T03:45:00+0200,409.834,MW,DK1,DK_1,actual_onshore_wind_generation,Wind Onshore,2026-08-21T06:40:18Z
2026-08-21T06:33:41Z,2026-08-21T08:33:41+0200,6801fa27-1585-43c5-af49-29c528898ba2,2026-08-04T02:00:00Z,2026-08-04T04:00:00+0200,428.68,MW,DK1,DK_1,actual_onshore_wind_generation,Wind Onshore,2026-08-21T06:40:18Z
2026-08-21T06:33:41Z,2026-08-21T08:33:41+0200,6801fa27-1585-43c5-af49-29c528898ba2,2026-08-04T02:15:00Z,2026-08-04T04:15:00+0200,443.352,MW,DK1,DK_1,actual_onshore_wind_generation,Wind Onshore,2026-08-21T06:40:18Z
2026-08-21T06:33:41Z,2026-08-21T08:33:41+0200,6801fa27-1585-43c5-af49-29c528898ba2,2026-08-04T02:30:00Z,2026-08-04T04:30:00+0200,470.786,MW,DK1,DK_1,actual_onshore_wind_generation,Wind Onshore,2026-08-21T06:40:18Z
2026-08-21T06:33:41Z,2026-08-21T08:33:41+0200,6801fa27-1585-43c5-af49-29c528898ba2,2026-08-04T02:45:00Z,2026-08-04T04:45:00+0200,498.921,MW,DK1,DK_1,actual_onshore_wind_generation,Wind Onshore,2026-08-21T06:40:18Z
2026-08-21T06:33:41Z,2026-08-21T08:33:41+0200,6801fa27-1585-43c5-af49-29c528898ba2,2026-08-04T03:00:00Z,2026-08-04T05:00:00+0200,538.466,MW,DK1,DK_1,actual_onshore_wind_generation,Wind Onshore,2026-08-21T06:40:18Z
2026-08-21T06:33:41Z,2026-08-21T08:33:41+0200,6801fa27-1585-43c5-af49-29c528898ba2,2026-08-04T03:15:00Z,2026-08-04T05:15:00+0200,577.452,MW,DK1,DK_1,actual_onshore_wind_generation,Wind Onshore,2026-08-21T06:40:18Z
2026-08-21T06:33:41Z,2026-08-21T08:33:41+0200,6801fa27-1585-43c5-af49-29c528898ba2,2026-08-04T03:30:00Z,2026-08-04T05:30:00+0200,609.539,MW,DK1,DK_1,actual_onshore_wind_generation,Wind Onshore,2026-08-21T06:40:18Z
2026-08-21T06:33:41Z,2026-08-21T08:33:41+0200,6801fa27-1585-43c5-af49-29c528898ba2,2026-08-04T03:45:00Z,2026-08-04T05:45:00+0200,631.409,MW,DK1,DK_1,actual_onshore_wind_generation,Wind Onshore,2026-08-21T06:40:18Z
2026-08-21T06:33:41Z,2026-08-21T08:33:41+0200,6801fa27-1585-43c5-af49-29c528898ba2,2026-08-04T04:00:00Z,2026-08-04T06:00:00+0200,663.798,MW,DK1,DK_1,actual_onshore_wind_generation,Wind Onshore,2026-08-21T06:40:18Z
2026-08-21T06:33:41Z,2026-08-21T08:33:41+0200,6801fa27-1585-43c5-af49-29c528898ba2,2026-08-04T04:15:00Z,2026-08-04T06:15:00+0200,665.061,MW,DK1,DK_1,actual_onshore_wind_generation,Wind Onshore,2026-08-21T06:40:18Z
2026-08-21T06:33:41Z,2026-08-21T08:33:41+0200,6801fa27-1585-43c5-af49-29c528898ba2,2026-08-04T04:30:00Z,2026-08-04T06:30:00+0200,684.536,MW,DK1,DK_1,actual_onshore_wind_generation,Wind Onshore,2026-08-21T06:40:18Z
2026-08-21T06:33:41Z,2026-08-21T08:33:41+0200,6801fa27-1585-43c5-af49-29c528898ba2,2026-08-04T04:45:00Z,2026-08-04T06:45:00+0200,667.171,MW,DK1,DK_1,actual_onshore_wind_generation,Wind Onshore,2026-08-21T06:40:18Z
2026-08-21T06:33:41Z,2026-08-21T08:33:41+0200,6801fa27-1585-43c5-af49-29c528898ba2,2026-08-04T05:00:00Z,2026-08-04T07:00:00+0200,644.958,MW,DK1,DK_1,actual_onshore_wind_generation,Wind Onshore,2026-08-21T06:40:18Z
2026-08-21T06:33:41Z,2026-08-21T08:33:41+0200,6801fa27-1585-43c5-af49-29c528898ba2,2026-08-04T05:15:00Z,2026-08-04T07:15:00+0200,628.869,MW,DK1,DK_1,actual_onshore_wind_generation,Wind Onshore,2026-08-21T06:40:18Z
2026-08-21T06:33:41Z,2026-08-21T08:33:41+0200,6801fa27-1585-43c5-af49-29c528898ba2,2026-08-04T05:30:00Z,2026-08-04T07:30:00+0200,643.762,MW,DK1,DK_1,actual_onshore_wind_generation,Wind Onshore,2026-08-21T06:40:18Z
2026-08-21T06:33:41Z,2026-08-21T08:33:41+0200,6801fa27-1585-43c5-af49-29c528898ba2,2026-08-04T05:45:00Z,2026-08-04T07:45:00+0200,645.299,MW,DK1,DK_1,actual_onshore_wind_generation,Wind Onshore,2026-08-21T06:40:18Z
2026-08-21T06:33:41Z,2026-08-21T08:33:41+0200,6801fa27-1585-43c5-af49-29c528898ba2,2026-08-04T06:00:00Z,2026-08-04T08:00:00+0200,666.947,MW,DK1,DK_1,actual_onshore_wind_generation,Wind Onshore,2026-08-21T06:40:18Z
2026-08-21T06:33:41Z,2026-08-21T08:33:41+0200,6801fa27-1585-43c5-af49-29c528898ba2,2026-08-04T06:15:00Z,2026-08-04T08:15:00+0200,709.91,MW,DK1,DK_1,actual_onshore_wind_generation,Wind Onshore,2026-08-21T06:40:18Z
2026-08-21T06:33:41Z,2026-08-21T08:33:41+0200,6801fa27-1585-43c5-af49-29c528898ba2,2026-08-04T06:30:00Z,2026-08-04T08:30:00+0200,880.879,MW,DK1,DK_1,actual_onshore_wind_generation,Wind Onshore,2026-08-21T06:40:18Z
2026-08-21T06:33:41Z,2026-08-21T08:33:41+0200,6801fa27-1585-43c5-af49-29c528898ba2,2026-08-04T06:45:00Z,2026-08-04T08:45:00+0200,1008.87,MW,DK1,DK_1,actual_onshore_wind_generation,Wind Onshore,2026-08-21T06:40:18Z
2026-08-21T06:33:41Z,2026-08-21T08:33:41+0200,6801fa27-1585-43c5-af49-29c528898ba2,2026-08-04T07:00:00Z,2026-08-04T09:00:00+0200,1089.13,MW,DK1,DK_1,actual_onshore_wind_generation,Wind Onshore,2026-08-21T06:40:18Z
2026-08-21T06:33:41Z,2026-08-21T08:33:41+0200,6801fa27-1585-43c5-af49-29c528898ba2,2026-08-04T07:15:00Z,2026-08-04T09:15:00+0200,1154.13,MW,DK1,DK_1,actual_onshore_wind_generation,Wind Onshore,2026-08-21T06:40:18Z
2026-08-21T06:33:41Z,2026-08-21T08:33:41+0200,6801fa27-1585-43c5-af49-29c528898ba2,2026-08-04T07:30:00Z,2026-08-04T09:30:00+0200,1252.16,MW,DK1,DK_1,actual_onshore_wind_generation,Wind Onshore,2026-08-21T06:40:18Z
2026-08-21T06:33:41Z,2026-08-21T08:33:41+0200,6801fa27-1585-43c5-af49-29c528898ba2,2026-08-04T07:45:00Z,2026-08-04T09:45:00+0200,1371.32,MW,DK1,DK_1,actual_onshore_wind_generation,Wind Onshore,2026-08-21T06:40:18Z
2026-08-21T06:33:41Z,2026-08-21T08:33:41+0200,6801fa27-1585-43c5-af49-29c528898ba2,2026-08-04T08:00:00Z,2026-08-04T10:00:00+0200,1484.0,MW,DK1,DK_1,actual_onshore_wind_generation,Wind Onshore,2026-08-21T06:40:18Z
2026-08-21T06:33:41Z,2026-08-21T08:33:41+0200,6801fa27-1585-43c5-af49-29c528898ba2,2026-08-04T08:15:00Z,2026-08-04T10:15:00+0200,1575.63,MW,DK1,DK_1,actual_onshore_wind_generation,Wind Onshore,2026-08-21T06:40:18Z
2026-08-21T06:33:41Z,2026-08-21T08:33:41+0200,6801fa27-1585-43c5-af49-29c528898ba2,2026-08-04T08:30:00Z,2026-08-04T10:30:00+0200,1692.56,MW,DK1,DK_1,actual_onshore_wind_generation,Wind Onshore,2026-08-21T06:40:18Z
2026-08-21T06:33:41Z,2026-08-21T08:33:41+0200,6801fa27-1585-43c5-af49-29c528898ba2,2026-08-04T08:45:00Z,2026-08-04T10:45:00+0200,1801.0,MW,DK1,DK_1,actual_onshore_wind_generation,Wind Onshore,2026-08-21T06:40:18Z
2026-08-21T06:33:41Z,2026-08-21T08:33:41+0200,6801fa27-1585-43c5-af49-29c528898ba2,2026-08-04T09:00:00Z,2026-08-04T11:00:00+0200,1831.24,MW,DK1,DK_1,actual_onshore_wind_generation,Wind Onshore,2026-08-21T06:40:18Z
2026-08-21T06:33:41Z,2026-08-21T08:33:41+0200,6801fa27-1585-43c5-af49-29c528898ba2,2026-08-04T09:15:00Z,2026-08-04T11:15:00+0200,1870.76,MW,DK1,DK_1,actual_onshore_wind_generation,Wind Onshore,2026-08-21T06:40:18Z
2026-08-21T06:33:41Z,2026-08-21T08:33:41+0200,6801fa27-1585-43c5-af49-29c528898ba2,2026-08-04T09:30:00Z,2026-08-04T11:30:00+0200,1872.73,MW,DK1,DK_1,actual_onshore_wind_generation,Wind Onshore,2026-08-21T06:40:18Z
2026-08-21T06:33:41Z,2026-08-21T08:33:41+0200,6801fa27-1585-43c5-af49-29c528898ba2,2026-08-04T09:45:00Z,2026-08-04T11:45:00+0200,1839.55,MW,DK1,DK_1,actual_onshore_wind_generation,Wind Onshore,2026-08-21T06:40:18Z
2026-08-21T06:33:41Z,2026-08-21T08:33:41+0200,6801fa27-1585-43c5-af49-29c528898ba2,2026-08-04T10:00:00Z,2026-08-04T12:00:00+0200,1848.79,MW,DK1,DK_1,actual_onshore_wind_generation,Wind Onshore,2026-08-21T06:40:18Z
2026-08-21T06:33:41Z,2026-08-21T08:33:41+0200,6801fa27-1585-43c5-af49-29c528898ba2,2026-08-04T10:15:00Z,2026-08-04T12:15:00+0200,1881.83,MW,DK1,DK_1,actual_onshore_wind_generation,Wind Onshore,2026-08-21T06:40:18Z
2026-08-21T06:33:41Z,2026-08-21T08:33:41+0200,6801fa27-1585-43c5-af49-29c528898ba2,2026-08-04T10:30:00Z,2026-08-04T12:30:00+0200,1867.93,MW,DK1,DK_1,actual_onshore_wind_generation,Wind Onshore,2026-08-21T06:40:18Z
2026-08-21T06:33:41Z,2026-08-21T08:33:41+0200,6801fa27-1585-43c5-af49-29c528898ba2,2026-08-04T10:45:00Z,2026-08-04T12:45:00+0200,1827.73,MW,DK1,DK_1,actual_onshore_wind_generation,Wind Onshore,2026-08-21T06:40:18Z
2026-08-21T06:33:41Z,2026-08-21T08:33:41+0200,6801fa27-1585-43c5-af49-29c528898ba2,2026-08-04T11:00:00Z,2026-08-04T13:00:00+0200,1850.12,MW,DK1,DK_1,actual_onshore_wind_generation,Wind Onshore,2026-08-21T06:40:18Z
2026-08-21T06:33:41Z,2026-08-21T08:33:41+0200,6801fa27-1585-43c5-af49-29c528898ba2,2026-08-04T11:15:00Z,2026-08-04T13:15:00+0200,1848.22,MW,DK1,DK_1,actual_onshore_wind_generation,Wind Onshore,2026-08-21T06:40:18Z
2026-08-21T06:33:41Z,2026-08-21T08:33:41+0200,6801fa27-1585-43c5-af49-29c528898ba2,2026-08-04T11:30:00Z,2026-08-04T13:30:00+0200,1820.79,MW,DK1,DK_1,actual_onshore_wind_generation,Wind Onshore,2026-08-21T06:40:18Z
2026-08-21T06:33:41Z,2026-08-21T08:33:41+0200,6801fa27-1585-43c5-af49-29c528898ba2,2026-08-04T11:45:00Z,2026-08-04T13:45:00+0200,1773.28,MW,DK1,DK_1,actual_onshore_wind_generation,Wind Onshore,2026-08-21T06:40:18Z
2026-08-21T06:33:41Z,2026-08-21T08:33:41+0200,6801fa27-1585-43c5-af49-29c528898ba2,2026-08-04T12:00:00Z,2026-08-04T14:00:00+0200,1700.17,MW,DK1,DK_1,actual_onshore_wind_generation,Wind Onshore,2026-08-21T06:40:18Z
2026-08-21T06:33:41Z,2026-08-21T08:33:41+0200,6801fa27-1585-43c5-af49-29c528898ba2,2026-08-04T12:15:00Z,2026-08-04T14:15:00+0200,1669.37,MW,DK1,DK_1,actual_onshore_wind_generation,Wind Onshore,2026-08-21T06:40:18Z
2026-08-21T06:33:41Z,2026-08-21T08:33:41+0200,6801fa27-1585-43c5-af49-29c528898ba2,2026-08-04T12:30:00Z,2026-08-04T14:30:00+0200,1662.89,MW,DK1,DK_1,actual_onshore_wind_generation,Wind Onshore,2026-08-21T06:40:18Z
2026-08-21T06:33:41Z,2026-08-21T08:33:41+0200,6801fa27-1585-43c5-af49-29c528898ba2,2026-08-04T12:45:00Z,2026-08-04T14:45:00+0200,1703.92,MW,DK1,DK_1,actual_onshore_wind_generation,Wind Onshore,2026-08-21T06:40:18Z
2026-08-21T06:33:41Z,2026-08-21T08:33:41+0200,6801fa27-1585-43c5-af49-29c528898ba2,2026-08-04T13:00:00Z,2026-08-04T15:00:00+0200,1750.35,MW,DK1,DK_1,actual_onshore_wind_generation,Wind Onshore,2026-08-21T06:40:18Z
2026-08-21T06:33:41Z,2026-08-21T08:33:41+0200,6801fa27-1585-43c5-af49-29c528898ba2,2026-08-04T13:15:00Z,2026-08-04T15:15:00+0200,1722.71,MW,DK1,DK_1,actual_onshore_wind_generation,Wind Onshore,2026-08-21T06:40:18Z
2026-08-21T06:33:41Z,2026-08-21T08:33:41+0200,6801fa27-1585-43c5-af49-29c528898ba2,2026-08-04T13:30:00Z,2026-08-04T15:30:00+0200,1719.01,MW,DK1,DK_1,actual_onshore_wind_generation,Wind Onshore,2026-08-21T06:40:18Z
2026-08-21T06:33:41Z,2026-08-21T08:33:41+0200,6801fa27-1585-43c5-af49-29c528898ba2,2026-08-04T13:45:00Z,2026-08-04T15:45:00+0200,1735.84,MW,DK1,DK_1,actual_onshore_wind_generation,Wind Onshore,2026-08-21T06:40:18Z
2026-08-21T06:33:41Z,2026-08-21T08:33:41+0200,6801fa27-1585-43c5-af49-29c528898ba2,2026-08-04T14:00:00Z,2026-08-04T16:00:00+0200,1749.17,MW,DK1,DK_1,actual_onshore_wind_generation,Wind Onshore,2026-08-21T06:40:18Z
2026-08-21T06:33:41Z,2026-08-21T08:33:41+0200,6801fa27-1585-43c5-af49-29c528898ba2,2026-08-04T14:15:00Z,2026-08-04T16:15:00+0200,1707.03,MW,DK1,DK_1,actual_onshore_wind_generation,Wind Onshore,2026-08-21T06:40:18Z
2026-08-21T06:33:41Z,2026-08-21T08:33:41+0200,6801fa27-1585-43c5-af49-29c528898ba2,2026-08-04T14:30:00Z,2026-08-04T16:30:00+0200,1659.24,MW,DK1,DK_1,actual_onshore_wind_generation,Wind Onshore,2026-08-21T06:40:18Z
2026-08-21T06:33:41Z,2026-08-21T08:33:41+0200,6801fa27-1585-43c5-af49-29c528898ba2,2026-08-04T14:45:00Z,2026-08-04T16:45:00+0200,1636.13,MW,DK1,DK_1,actual_onshore_wind_generation,Wind Onshore,2026-08-21T06:40:18Z
2026-08-21T06:33:41Z,2026-08-21T08:33:41+0200,6801fa27-1585-43c5-af49-29c528898ba2,2026-08-04T15:00:00Z,2026-08-04T17:00:00+0200,1575.78,MW,DK1,DK_1,actual_onshore_wind_generation,Wind Onshore,2026-08-21T06:40:18Z
2026-08-21T06:33:41Z,2026-08-21T08:33:41+0200,6801fa27-1585-43c5-af49-29c528898ba2,2026-08-04T15:15:00Z,2026-08-04T17:15:00+0200,1576.3,MW,DK1,DK_1,actual_onshore_wind_generation,Wind Onshore,2026-08-21T06:40:18Z
2026-08-21T06:33:41Z,2026-08-21T08:33:41+0200,6801fa27-1585-43c5-af49-29c528898ba2,2026-08-04T15:30:00Z,2026-08-04T17:30:00+0200,1583.33,MW,DK1,DK_1,actual_onshore_wind_generation,Wind Onshore,2026-08-21T06:40:18Z
2026-08-21T06:33:41Z,2026-08-21T08:33:41+0200,6801fa27-1585-43c5-af49-29c528898ba2,2026-08-04T15:45:00Z,2026-08-04T17:45:00+0200,1581.66,MW,DK1,DK_1,actual_onshore_wind_generation,Wind Onshore,2026-08-21T06:40:18Z
2026-08-21T06:33:41Z,2026-08-21T08:33:41+0200,6801fa27-1585-43c5-af49-29c528898ba2,2026-08-04T16:00:00Z,2026-08-04T18:00:00+0200,1527.48,MW,DK1,DK_1,actual_onshore_wind_generation,Wind Onshore,2026-08-21T06:40:18Z
2026-08-21T06:33:41Z,2026-08-21T08:33:41+0200,6801fa27-1585-43c5-af49-29c528898ba2,2026-08-04T16:15:00Z,2026-08-04T18:15:00+0200,1556.04,MW,DK1,DK_1,actual_onshore_wind_generation,Wind Onshore,2026-08-21T06:40:18Z
2026-08-21T06:33:41Z,2026-08-21T08:33:41+0200,6801fa27-1585-43c5-af49-29c528898ba2,2026-08-04T16:30:00Z,2026-08-04T18:30:00+0200,1558.01,MW,DK1,DK_1,actual_onshore_wind_generation,Wind Onshore,2026-08-21T06:40:18Z
2026-08-21T06:33:41Z,2026-08-21T08:33:41+0200,6801fa27-1585-43c5-af49-29c528898ba2,2026-08-04T16:45:00Z,2026-08-04T18:45:00+0200,1497.76,MW,DK1,DK_1,actual_onshore_wind_generation,Wind Onshore,2026-08-21T06:40:18Z
2026-08-21T06:33:41Z,2026-08-21T08:33:41+0200,6801fa27-1585-43c5-af49-29c528898ba2,2026-08-04T17:00:00Z,2026-08-04T19:00:00+0200,1454.98,MW,DK1,DK_1,actual_onshore_wind_generation,Wind Onshore,2026-08-21T06:40:18Z
2026-08-21T06:33:41Z,2026-08-21T08:33:41+0200,6801fa27-1585-43c5-af49-29c528898ba2,2026-08-04T17:15:00Z,2026-08-04T19:15:00+0200,1392.02,MW,DK1,DK_1,actual_onshore_wind_generation,Wind Onshore,2026-08-21T06:40:18Z
2026-08-21T06:33:41Z,2026-08-21T08:33:41+0200,6801fa27-1585-43c5-af49-29c528898ba2,2026-08-04T17:30:00Z,2026-08-04T19:30:00+0200,1300.78,MW,DK1,DK_1,actual_onshore_wind_generation,Wind Onshore,2026-08-21T06:40:18Z
2026-08-21T06:33:41Z,2026-08-21T08:33:41+0200,6801fa27-1585-43c5-af49-29c528898ba2,2026-08-04T17:45:00Z,2026-08-04T19:45:00+0200,1186.91,MW,DK1,DK_1,actual_onshore_wind_generation,Wind Onshore,2026-08-21T06:40:18Z
2026-08-21T06:33:41Z,2026-08-21T08:33:41+0200,6801fa27-1585-43c5-af49-29c528898ba2,2026-08-04T18:00:00Z,2026-08-04T20:00:00+0200,1082.91,MW,DK1,DK_1,actual_onshore_wind_generation,Wind Onshore,2026-08-21T06:40:18Z
2026-08-21T06:33:41Z,2026-08-21T08:33:41+0200,6801fa27-1585-43c5-af49-29c528898ba2,2026-08-04T18:15:00Z,2026-08-04T20:15:00+0200,993.77,MW,DK1,DK_1,actual_onshore_wind_generation,Wind Onshore,2026-08-21T06:40:18Z
2026-08-21T06:33:41Z,2026-08-21T08:33:41+0200,6801fa27-1585-43c5-af49-29c528898ba2,2026-08-04T18:30:00Z,2026-08-04T20:30:00+0200,954.812,MW,DK1,DK_1,actual_onshore_wind_generation,Wind Onshore,2026-08-21T06:40:18Z
2026-08-21T06:33:41Z,2026-08-21T08:33:41+0200,6801fa27-1585-43c5-af49-29c528898ba2,2026-08-04T18:45:00Z,2026-08-04T20:45:00+0200,898.488,MW,DK1,DK_1,actual_onshore_wind_generation,Wind Onshore,2026-08-21T06:40:18Z
2026-08-21T06:33:41Z,2026-08-21T08:33:41+0200,6801fa27-1585-43c5-af49-29c528898ba2,2026-08-04T19:00:00Z,2026-08-04T21:00:00+0200,885.946,MW,DK1,DK_1,actual_onshore_wind_generation,Wind Onshore,2026-08-21T06:40:18Z
2026-08-21T06:33:41Z,2026-08-21T08:33:41+0200,6801fa27-1585-43c5-af49-29c528898ba2,2026-08-04T19:15:00Z,2026-08-04T21:15:00+0200,879.81,MW,DK1,DK_1,actual_onshore_wind_generation,Wind Onshore,2026-08-21T06:40:18Z
2026-08-21T06:33:41Z,2026-08-21T08:33:41+0200,6801fa27-1585-43c5-af49-29c528898ba2,2026-08-04T19:30:00Z,2026-08-04T21:30:00+0200,870.633,MW,DK1,DK_1,actual_onshore_wind_generation,Wind Onshore,2026-08-21T06:40:18Z
2026-08-21T06:33:41Z,2026-08-21T08:33:41+0200,6801fa27-1585-43c5-af49-29c528898ba2,2026-08-04T19:45:00Z,2026-08-04T21:45:00+0200,889.231,MW,DK1,DK_1,actual_onshore_wind_generation,Wind Onshore,2026-08-21T06:40:18Z
2026-08-21T06:33:41Z,2026-08-21T08:33:41+0200,6801fa27-1585-43c5-af49-29c528898ba2,2026-08-04T20:00:00Z,2026-08-04T22:00:00+0200,933.947,MW,DK1,DK_1,actual_onshore_wind_generation,Wind Onshore,2026-08-21T06:40:18Z
2026-08-21T06:33:41Z,2026-08-21T08:33:41+0200,6801fa27-1585-43c5-af49-29c528898ba2,2026-08-04T20:15:00Z,2026-08-04T22:15:00+0200,939.8,MW,DK1,DK_1,actual_onshore_wind_generation,Wind Onshore,2026-08-21T06:40:18Z
2026-08-21T06:33:41Z,2026-08-21T08:33:41+0200,6801fa27-1585-43c5-af49-29c528898ba2,2026-08-04T20:30:00Z,2026-08-04T22:30:00+0200,934.077,MW,DK1,DK_1,actual_onshore_wind_generation,Wind Onshore,2026-08-21T06:40:18Z
2026-08-21T06:33:41Z,2026-08-21T08:33:41+0200,6801fa27-1585-43c5-af49-29c528898ba2,2026-08-04T20:45:00Z,2026-08-04T22:45:00+0200,941.823,MW,DK1,DK_1,actual_onshore_wind_generation,Wind Onshore,2026-08-21T06:40:18Z
2026-08-21T06:33:41Z,2026-08-21T08:33:41+0200,6801fa27-1585-43c5-af49-29c528898ba2,2026-08-04T21:00:00Z,2026-08-04T23:00:00+0200,955.367,MW,DK1,DK_1,actual_onshore_wind_generation,Wind Onshore,2026-08-21T06:40:18Z
2026-08-21T06:33:41Z,2026-08-21T08:33:41+0200,6801fa27-1585-43c5-af49-29c528898ba2,2026-08-04T21:15:00Z,2026-08-04T23:15:00+0200,953.987,MW,DK1,DK_1,actual_onshore_wind_generation,Wind Onshore,2026-08-21T06:40:18Z
2026-08-21T06:33:41Z,2026-08-21T08:33:41+0200,6801fa27-1585-43c5-af49-29c528898ba2,2026-08-04T21:30:00Z,2026-08-04T23:30:00+0200,988.072,MW,DK1,DK_1,actual_onshore_wind_generation,Wind Onshore,2026-08-21T06:40:18Z
2026-08-21T06:33:41Z,2026-08-21T08:33:41+0200,6801fa27-1585-43c5-af49-29c528898ba2,2026-08-04T21:45:00Z,2026-08-04T23:45:00+0200,1022.61,MW,DK1,DK_1,actual_onshore_wind_generation,Wind Onshore,2026-08-21T06:40:18Z
2026-08-21T06:33:41Z,2026-08-21T08:33:41+0200,6801fa27-1585-43c5-af49-29c528898ba2,2026-08-04T22:00:00Z,2026-08-05T00:00:00+0200,1040.45,MW,DK1,DK_1,actual_onshore_wind_generation,Wind Onshore,2026-08-21T06:40:18Z
2026-08-21T06:33:41Z,2026-08-21T08:33:41+0200,6801fa27-1585-43c5-af49-29c528898ba2,2026-08-04T22:15:00Z,2026-08-05T00:15:00+0200,987.55,MW,DK1,DK_1,actual_onshore_wind_generation,Wind Onshore,2026-08-21T06:40:18Z
2026-08-21T06:33:41Z,2026-08-21T08:33:41+0200,6801fa27-1585-43c5-af49-29c528898ba2,2026-08-04T22:30:00Z,2026-08-05T00:30:00+0200,951.293,MW,DK1,DK_1,actual_onshore_wind_generation,Wind Onshore,2026-08-21T06:40:18Z
2026-08-21T06:33:41Z,2026-08-21T08:33:41+0200,6801fa27-1585-43c5-af49-29c528898ba2,2026-08-04T22:45:00Z,2026-08-05T00:45:00+0200,890.835,MW,DK1,DK_1,actual_onshore_wind_generation,Wind Onshore,2026-08-21T06:40:18Z
2026-08-21T06:33:41Z,2026-08-21T08:33:41+0200,6801fa27-1585-43c5-af49-29c528898ba2,2026-08-04T23:00:00Z,2026-08-05T01:00:00+0200,884.811,MW,DK1,DK_1,actual_onshore_wind_generation,Wind Onshore,2026-08-21T06:40:18Z
2026-08-21T06:33:41Z,2026-08-21T08:33:41+0200,6801fa27-1585-43c5-af49-29c528898ba2,2026-08-04T23:15:00Z,2026-08-05T01:15:00+0200,901.386,MW,DK1,DK_1,actual_onshore_wind_generation,Wind Onshore,2026-08-21T06:40:18Z
2026-08-21T06:33:41Z,2026-08-21T08:33:41+0200,6801fa27-1585-43c5-af49-29c528898ba2,2026-08-04T23:30:00Z,2026-08-05T01:30:00+0200,902.747,MW,DK1,DK_1,actual_onshore_wind_generation,Wind Onshore,2026-08-21T06:40:18Z
2026-08-21T06:33:41Z,2026-08-21T08:33:41+0200,6801fa27-1585-43c5-af49-29c528898ba2,2026-08-04T23:45:00Z,2026-08-05T01:45:00+0200,963.269,MW,DK1,DK_1,actual_onshore_wind_generation,Wind Onshore,2026-08-21T06:40:18Z
2026-08-21T06:33:41Z,2026-08-21T08:33:41+0200,6801fa27-1585-43c5-af49-29c528898ba2,2026-08-05T00:00:00Z,2026-08-05T02:00:00+0200,887.158,MW,DK1,DK_1,actual_onshore_wind_generation,Wind Onshore,2026-08-21T06:40:18Z
2026-08-21T06:33:41Z,2026-08-21T08:33:41+0200,6801fa27-1585-43c5-af49-29c528898ba2,2026-08-05T00:15:00Z,2026-08-05T02:15:00+0200,785.04,MW,DK1,DK_1,actual_onshore_wind_generation,Wind Onshore,2026-08-21T06:40:18Z
2026-08-21T06:33:41Z,2026-08-21T08:33:41+0200,6801fa27-1585-43c5-af49-29c528898ba2,2026-08-05T00:30:00Z,2026-08-05T02:30:00+0200,715.359,MW,DK1,DK_1,actual_onshore_wind_generation,Wind Onshore,2026-08-21T06:40:18Z
2026-08-21T06:33:41Z,2026-08-21T08:33:41+0200,6801fa27-1585-43c5-af49-29c528898ba2,2026-08-05T00:45:00Z,2026-08-05T02:45:00+0200,667.93,MW,DK1,DK_1,actual_onshore_wind_generation,Wind Onshore,2026-08-21T06:40:18Z
2026-08-21T06:33:41Z,2026-08-21T08:33:41+0200,6801fa27-1585-43c5-af49-29c528898ba2,2026-08-05T01:00:00Z,2026-08-05T03:00:00+0200,636.444,MW,DK1,DK_1,actual_onshore_wind_generation,Wind Onshore,2026-08-21T06:40:18Z
2026-08-21T06:33:41Z,2026-08-21T08:33:41+0200,6801fa27-1585-43c5-af49-29c528898ba2,2026-08-05T01:15:00Z,2026-08-05T03:15:00+0200,637.577,MW,DK1,DK_1,actual_onshore_wind_generation,Wind Onshore,2026-08-21T06:40:18Z
2026-08-21T06:33:41Z,2026-08-21T08:33:41+0200,6801fa27-1585-43c5-af49-29c528898ba2,2026-08-05T01:30:00Z,2026-08-05T03:30:00+0200,695.437,MW,DK1,DK_1,actual_onshore_wind_generation,Wind Onshore,2026-08-21T06:40:18Z
2026-08-21T06:33:41Z,2026-08-21T08:33:41+0200,6801fa27-1585-43c5-af49-29c528898ba2,2026-08-05T01:45:00Z,2026-08-05T03:45:00+0200,711.245,MW,DK1,DK_1,actual_onshore_wind_generation,Wind Onshore,2026-08-21T06:40:18Z
2026-08-21T06:33:41Z,2026-08-21T08:33:41+0200,6801fa27-1585-43c5-af49-29c528898ba2,2026-08-05T02:00:00Z,2026-08-05T04:00:00+0200,737.081,MW,DK1,DK_1,actual_onshore_wind_generation,Wind Onshore,2026-08-21T06:40:18Z
2026-08-21T06:33:41Z,2026-08-21T08:33:41+0200,6801fa27-1585-43c5-af49-29c528898ba2,2026-08-05T02:15:00Z,2026-08-05T04:15:00+0200,756.582,MW,DK1,DK_1,actual_onshore_wind_generation,Wind Onshore,2026-08-21T06:40:18Z
2026-08-21T06:33:41Z,2026-08-21T08:33:41+0200,6801fa27-1585-43c5-af49-29c528898ba2,2026-08-05T02:30:00Z,2026-08-05T04:30:00+0200,758.866,MW,DK1,DK_1,actual_onshore_wind_generation,Wind Onshore,2026-08-21T06:40:18Z
2026-08-21T06:33:41Z,2026-08-21T08:33:41+0200,6801fa27-1585-43c5-af49-29c528898ba2,2026-08-05T02:45:00Z,2026-08-05T04:45:00+0200,807.228,MW,DK1,DK_1,actual_onshore_wind_generation,Wind Onshore,2026-08-21T06:40:18Z
2026-08-21T06:33:41Z,2026-08-21T08:33:41+0200,6801fa27-1585-43c5-af49-29c528898ba2,2026-08-05T03:00:00Z,2026-08-05T05:00:00+0200,826.588,MW,DK1,DK_1,actual_onshore_wind_generation,Wind Onshore,2026-08-21T06:40:18Z
2026-08-21T06:33:41Z,2026-08-21T08:33:41+0200,6801fa27-1585-43c5-af49-29c528898ba2,2026-08-05T03:15:00Z,2026-08-05T05:15:00+0200,813.347,MW,DK1,DK_1,actual_onshore_wind_generation,Wind Onshore,2026-08-21T06:40:18Z
2026-08-21T06:33:41Z,2026-08-21T08:33:41+0200,6801fa27-1585-43c5-af49-29c528898ba2,2026-08-05T03:30:00Z,2026-08-05T05:30:00+0200,756.516,MW,DK1,DK_1,actual_onshore_wind_generation,Wind Onshore,2026-08-21T06:40:18Z
2026-08-21T06:33:41Z,2026-08-21T08:33:41+0200,6801fa27-1585-43c5-af49-29c528898ba2,2026-08-05T03:45:00Z,2026-08-05T05:45:00+0200,713.162,MW,DK1,DK_1,actual_onshore_wind_generation,Wind Onshore,2026-08-21T06:40:18Z
2026-08-21T06:33:41Z,2026-08-21T08:33:41+0200,6801fa27-1585-43c5-af49-29c528898ba2,2026-08-05T04:00:00Z,2026-08-05T06:00:00+0200,650.913,MW,DK1,DK_1,actual_onshore_wind_generation,Wind Onshore,2026-08-21T06:40:18Z
2026-08-21T06:33:41Z,2026-08-21T08:33:41+0200,6801fa27-1585-43c5-af49-29c528898ba2,2026-08-05T04:15:00Z,2026-08-05T06:15:00+0200,647.082,MW,DK1,DK_1,actual_onshore_wind_generation,Wind Onshore,2026-08-21T06:40:18Z
2026-08-21T06:33:41Z,2026-08-21T08:33:41+0200,6801fa27-1585-43c5-af49-29c528898ba2,2026-08-05T04:30:00Z,2026-08-05T06:30:00+0200,641.907,MW,DK1,DK_1,actual_onshore_wind_generation,Wind Onshore,2026-08-21T06:40:18Z
2026-08-21T06:33:41Z,2026-08-21T08:33:41+0200,6801fa27-1585-43c5-af49-29c528898ba2,2026-08-05T04:45:00Z,2026-08-05T06:45:00+0200,625.947,MW,DK1,DK_1,actual_onshore_wind_generation,Wind Onshore,2026-08-21T06:40:18Z
2026-08-21T06:33:41Z,2026-08-21T08:33:41+0200,6801fa27-1585-43c5-af49-29c528898ba2,2026-08-05T05:00:00Z,2026-08-05T07:00:00+0200,612.774,MW,DK1,DK_1,actual_onshore_wind_generation,Wind Onshore,2026-08-21T06:40:18Z
2026-08-21T06:33:41Z,2026-08-21T08:33:41+0200,6801fa27-1585-43c5-af49-29c528898ba2,2026-08-05T05:15:00Z,2026-08-05T07:15:00+0200,600.587,MW,DK1,DK_1,actual_onshore_wind_generation,Wind Onshore,2026-08-21T06:40:18Z
2026-08-21T06:33:41Z,2026-08-21T08:33:41+0200,6801fa27-1585-43c5-af49-29c528898ba2,2026-08-05T05:30:00Z,2026-08-05T07:30:00+0200,598.352,MW,DK1,DK_1,actual_onshore_wind_generation,Wind Onshore,2026-08-21T06:40:18Z
2026-08-21T06:33:41Z,2026-08-21T08:33:41+0200,6801fa27-1585-43c5-af49-29c528898ba2,2026-08-05T05:45:00Z,2026-08-05T07:45:00+0200,608.457,MW,DK1,DK_1,actual_onshore_wind_generation,Wind Onshore,2026-08-21T06:40:18Z
2026-08-21T06:33:41Z,2026-08-21T08:33:41+0200,6801fa27-1585-43c5-af49-29c528898ba2,2026-08-05T06:00:00Z,2026-08-05T08:00:00+0200,697.527,MW,DK1,DK_1,actual_onshore_wind_generation,Wind Onshore,2026-08-21T06:40:18Z
2026-08-21T06:33:41Z,2026-08-21T08:33:41+0200,6801fa27-1585-43c5-af49-29c528898ba2,2026-08-05T06:15:00Z,2026-08-05T08:15:00+0200,764.773,MW,DK1,DK_1,actual_onshore_wind_generation,Wind Onshore,2026-08-21T06:40:18Z
2026-08-21T06:33:41Z,2026-08-21T08:33:41+0200,6801fa27-1585-43c5-af49-29c528898ba2,2026-08-05T06:30:00Z,2026-08-05T08:30:00+0200,789.788,MW,DK1,DK_1,actual_onshore_wind_generation,Wind Onshore,2026-08-21T06:40:18Z
2026-08-21T06:33:41Z,2026-08-21T08:33:41+0200,6801fa27-1585-43c5-af49-29c528898ba2,2026-08-05T06:45:00Z,2026-08-05T08:45:00+0200,790.316,MW,DK1,DK_1,actual_onshore_wind_generation,Wind Onshore,2026-08-21T06:40:18Z
2026-08-21T06:33:41Z,2026-08-21T08:33:41+0200,6801fa27-1585-43c5-af49-29c528898ba2,2026-08-05T07:00:00Z,2026-08-05T09:00:00+0200,814.742,MW,DK1,DK_1,actual_onshore_wind_generation,Wind Onshore,2026-08-21T06:40:18Z
2026-08-21T06:33:41Z,2026-08-21T08:33:41+0200,6801fa27-1585-43c5-af49-29c528898ba2,2026-08-05T07:15:00Z,2026-08-05T09:15:00+0200,869.756,MW,DK1,DK_1,actual_onshore_wind_generation,Wind Onshore,2026-08-21T06:40:18Z
2026-08-21T06:33:41Z,2026-08-21T08:33:41+0200,6801fa27-1585-43c5-af49-29c528898ba2,2026-08-05T07:30:00Z,2026-08-05T09:30:00+0200,927.522,MW,DK1,DK_1,actual_onshore_wind_generation,Wind Onshore,2026-08-21T06:40:18Z
2026-08-21T06:33:41Z,2026-08-21T08:33:41+0200,6801fa27-1585-43c5-af49-29c528898ba2,2026-08-05T07:45:00Z,2026-08-05T09:45:00+0200,971.301,MW,DK1,DK_1,actual_onshore_wind_generation,Wind Onshore,2026-08-21T06:40:18Z
2026-08-21T06:33:41Z,2026-08-21T08:33:41+0200,6801fa27-1585-43c5-af49-29c528898ba2,2026-08-05T08:00:00Z,2026-08-05T10:00:00+0200,1054.92,MW,DK1,DK_1,actual_onshore_wind_generation,Wind Onshore,2026-08-21T06:40:18Z
2026-08-21T06:33:41Z,2026-08-21T08:33:41+0200,6801fa27-1585-43c5-af49-29c528898ba2,2026-08-05T08:15:00Z,2026-08-05T10:15:00+0200,1128.33,MW,DK1,DK_1,actual_onshore_wind_generation,Wind Onshore,2026-08-21T06:40:18Z
2026-08-21T06:33:41Z,2026-08-21T08:33:41+0200,6801fa27-1585-43c5-af49-29c528898ba2,2026-08-05T08:30:00Z,2026-08-05T10:30:00+0200,1182.36,MW,DK1,DK_1,actual_onshore_wind_generation,Wind Onshore,2026-08-21T06:40:18Z
2026-08-21T06:33:41Z,2026-08-21T08:33:41+0200,6801fa27-1585-43c5-af49-29c528898ba2,2026-08-05T08:45:00Z,2026-08-05T10:45:00+0200,1258.41,MW,DK1,DK_1,actual_onshore_wind_generation,Wind Onshore,2026-08-21T06:40:18Z
2026-08-21T06:33:41Z,2026-08-21T08:33:41+0200,6801fa27-1585-43c5-af49-29c528898ba2,2026-08-05T09:00:00Z,2026-08-05T11:00:00+0200,1366.44,MW,DK1,DK_1,actual_onshore_wind_generation,Wind Onshore,2026-08-21T06:40:18Z
2026-08-21T06:33:41Z,2026-08-21T08:33:41+0200,6801fa27-1585-43c5-af49-29c528898ba2,2026-08-05T09:15:00Z,2026-08-05T11:15:00+0200,1444.14,MW,DK1,DK_1,actual_onshore_wind_generation,Wind Onshore,2026-08-21T06:40:18Z
2026-08-21T06:33:41Z,2026-08-21T08:33:41+0200,6801fa27-1585-43c5-af49-29c528898ba2,2026-08-05T09:30:00Z,2026-08-05T11:30:00+0200,1409.93,MW,DK1,DK_1,actual_onshore_wind_generation,Wind Onshore,2026-08-21T06:40:18Z
2026-08-21T06:33:41Z,2026-08-21T08:33:41+0200,6801fa27-1585-43c5-af49-29c528898ba2,2026-08-05T09:45:00Z,2026-08-05T11:45:00+0200,1496.62,MW,DK1,DK_1,actual_onshore_wind_generation,Wind Onshore,2026-08-21T06:40:18Z
2026-08-21T06:33:41Z,2026-08-21T08:33:41+0200,6801fa27-1585-43c5-af49-29c528898ba2,2026-08-05T10:00:00Z,2026-08-05T12:00:00+0200,1629.16,MW,DK1,DK_1,actual_onshore_wind_generation,Wind Onshore,2026-08-21T06:40:18Z
2026-08-21T06:33:41Z,2026-08-21T08:33:41+0200,6801fa27-1585-43c5-af49-29c528898ba2,2026-08-05T10:15:00Z,2026-08-05T12:15:00+0200,1689.11,MW,DK1,DK_1,actual_onshore_wind_generation,Wind Onshore,2026-08-21T06:40:18Z
2026-08-21T06:33:41Z,2026-08-21T08:33:41+0200,6801fa27-1585-43c5-af49-29c528898ba2,2026-08-05T10:30:00Z,2026-08-05T12:30:00+0200,1789.81,MW,DK1,DK_1,actual_onshore_wind_generation,Wind Onshore,2026-08-21T06:40:18Z
2026-08-21T06:33:41Z,2026-08-21T08:33:41+0200,6801fa27-1585-43c5-af49-29c528898ba2,2026-08-05T10:45:00Z,2026-08-05T12:45:00+0200,1859.95,MW,DK1,DK_1,actual_onshore_wind_generation,Wind Onshore,2026-08-21T06:40:18Z
2026-08-21T06:33:41Z,2026-08-21T08:33:41+0200,6801fa27-1585-43c5-af49-29c528898ba2,2026-08-05T11:00:00Z,2026-08-05T13:00:00+0200,2010.56,MW,DK1,DK_1,actual_onshore_wind_generation,Wind Onshore,2026-08-21T06:40:18Z
2026-08-21T06:33:41Z,2026-08-21T08:33:41+0200,6801fa27-1585-43c5-af49-29c528898ba2,2026-08-05T11:15:00Z,2026-08-05T13:15:00+0200,2004.64,MW,DK1,DK_1,actual_onshore_wind_generation,Wind Onshore,2026-08-21T06:40:18Z
2026-08-21T06:33:41Z,2026-08-21T08:33:41+0200,6801fa27-1585-43c5-af49-29c528898ba2,2026-08-05T11:30:00Z,2026-08-05T13:30:00+0200,1815.24,MW,DK1,DK_1,actual_onshore_wind_generation,Wind Onshore,2026-08-21T06:40:18Z
2026-08-21T06:33:41Z,2026-08-21T08:33:41+0200,6801fa27-1585-43c5-af49-29c528898ba2,2026-08-05T11:45:00Z,2026-08-05T13:45:00+0200,1849.53,MW,DK1,DK_1,actual_onshore_wind_generation,Wind Onshore,2026-08-21T06:40:18Z
2026-08-21T06:33:41Z,2026-08-21T08:33:41+0200,6801fa27-1585-43c5-af49-29c528898ba2,2026-08-05T12:00:00Z,2026-08-05T14:00:00+0200,1869.82,MW,DK1,DK_1,actual_onshore_wind_generation,Wind Onshore,2026-08-21T06:40:18Z
2026-08-21T06:33:41Z,2026-08-21T08:33:41+0200,6801fa27-1585-43c5-af49-29c528898ba2,2026-08-05T12:15:00Z,2026-08-05T14:15:00+0200,1850.32,MW,DK1,DK_1,actual_onshore_wind_generation,Wind Onshore,2026-08-21T06:40:18Z
2026-08-21T06:33:41Z,2026-08-21T08:33:41+0200,6801fa27-1585-43c5-af49-29c528898ba2,2026-08-05T12:30:00Z,2026-08-05T14:30:00+0200,1860.0,MW,DK1,DK_1,actual_onshore_wind_generation,Wind Onshore,2026-08-21T06:40:18Z
2026-08-21T06:33:41Z,2026-08-21T08:33:41+0200,6801fa27-1585-43c5-af49-29c528898ba2,2026-08-05T12:45:00Z,2026-08-05T14:45:00+0200,1882.81,MW,DK1,DK_1,actual_onshore_wind_generation,Wind Onshore,2026-08-21T06:40:18Z
2026-08-21T06:33:41Z,2026-08-21T08:33:41+0200,6801fa27-1585-43c5-af49-29c528898ba2,2026-08-05T13:00:00Z,2026-08-05T15:00:00+0200,1868.99,MW,DK1,DK_1,actual_onshore_wind_generation,Wind Onshore,2026-08-21T06:40:18Z
2026-08-21T06:33:41Z,2026-08-21T08:33:41+0200,6801fa27-1585-43c5-af49-29c528898ba2,2026-08-05T13:15:00Z,2026-08-05T15:15:00+0200,1859.91,MW,DK1,DK_1,actual_onshore_wind_generation,Wind Onshore,2026-08-21T06:40:18Z
2026-08-21T06:33:41Z,2026-08-21T08:33:41+0200,6801fa27-1585-43c5-af49-29c528898ba2,2026-08-05T13:30:00Z,2026-08-05T15:30:00+0200,1852.31,MW,DK1,DK_1,actual_onshore_wind_generation,Wind Onshore,2026-08-21T06:40:18Z
2026-08-21T06:33:41Z,2026-08-21T08:33:41+0200,6801fa27-1585-43c5-af49-29c528898ba2,2026-08-05T13:45:00Z,2026-08-05T15:45:00+0200,1855.21,MW,DK1,DK_1,actual_onshore_wind_generation,Wind Onshore,2026-08-21T06:40:18Z
2026-08-21T06:33:41Z,2026-08-21T08:33:41+0200,6801fa27-1585-43c5-af49-29c528898ba2,2026-08-05T14:00:00Z,2026-08-05T16:00:00+0200,1847.66,MW,DK1,DK_1,actual_onshore_wind_generation,Wind Onshore,2026-08-21T06:40:18Z
2026-08-21T06:33:41Z,2026-08-21T08:33:41+0200,6801fa27-1585-43c5-af49-29c528898ba2,2026-08-05T14:15:00Z,2026-08-05T16:15:00+0200,1871.22,MW,DK1,DK_1,actual_onshore_wind_generation,Wind Onshore,2026-08-21T06:40:18Z
2026-08-21T06:33:41Z,2026-08-21T08:33:41+0200,6801fa27-1585-43c5-af49-29c528898ba2,2026-08-05T14:30:00Z,2026-08-05T16:30:00+0200,2055.65,MW,DK1,DK_1,actual_onshore_wind_generation,Wind Onshore,2026-08-21T06:40:18Z
2026-08-21T06:33:41Z,2026-08-21T08:33:41+0200,6801fa27-1585-43c5-af49-29c528898ba2,2026-08-05T14:45:00Z,2026-08-05T16:45:00+0200,2281.64,MW,DK1,DK_1,actual_onshore_wind_generation,Wind Onshore,2026-08-21T06:40:18Z
2026-08-21T06:33:41Z,2026-08-21T08:33:41+0200,6801fa27-1585-43c5-af49-29c528898ba2,2026-08-05T15:00:00Z,2026-08-05T17:00:00+0200,2181.94,MW,DK1,DK_1,actual_onshore_wind_generation,Wind Onshore,2026-08-21T06:40:18Z
2026-08-21T06:33:41Z,2026-08-21T08:33:41+0200,6801fa27-1585-43c5-af49-29c528898ba2,2026-08-05T15:15:00Z,2026-08-05T17:15:00+0200,2130.02,MW,DK1,DK_1,actual_onshore_wind_generation,Wind Onshore,2026-08-21T06:40:18Z
2026-08-21T06:33:41Z,2026-08-21T08:33:41+0200,6801fa27-1585-43c5-af49-29c528898ba2,2026-08-05T15:30:00Z,2026-08-05T17:30:00+0200,2261.52,MW,DK1,DK_1,actual_onshore_wind_generation,Wind Onshore,2026-08-21T06:40:18Z
2026-08-21T06:33:41Z,2026-08-21T08:33:41+0200,6801fa27-1585-43c5-af49-29c528898ba2,2026-08-05T15:45:00Z,2026-08-05T17:45:00+0200,2228.81,MW,DK1,DK_1,actual_onshore_wind_generation,Wind Onshore,2026-08-21T06:40:18Z
2026-08-21T06:33:41Z,2026-08-21T08:33:41+0200,6801fa27-1585-43c5-af49-29c528898ba2,2026-08-05T16:00:00Z,2026-08-05T18:00:00+0200,2182.85,MW,DK1,DK_1,actual_onshore_wind_generation,Wind Onshore,2026-08-21T06:40:18Z
2026-08-21T06:33:41Z,2026-08-21T08:33:41+0200,6801fa27-1585-43c5-af49-29c528898ba2,2026-08-05T16:15:00Z,2026-08-05T18:15:00+0200,2072.58,MW,DK1,DK_1,actual_onshore_wind_generation,Wind Onshore,2026-08-21T06:40:18Z
2026-08-21T06:33:41Z,2026-08-21T08:33:41+0200,6801fa27-1585-43c5-af49-29c528898ba2,2026-08-05T16:30:00Z,2026-08-05T18:30:00+0200,1999.8,MW,DK1,DK_1,actual_onshore_wind_generation,Wind Onshore,2026-08-21T06:40:18Z
2026-08-21T06:33:41Z,2026-08-21T08:33:41+0200,6801fa27-1585-43c5-af49-29c528898ba2,2026-08-05T16:45:00Z,2026-08-05T18:45:00+0200,1920.46,MW,DK1,DK_1,actual_onshore_wind_generation,Wind Onshore,2026-08-21T06:40:18Z
2026-08-21T06:33:41Z,2026-08-21T08:33:41+0200,6801fa27-1585-43c5-af49-29c528898ba2,2026-08-05T17:00:00Z,2026-08-05T19:00:00+0200,1818.13,MW,DK1,DK_1,actual_onshore_wind_generation,Wind Onshore,2026-08-21T06:40:18Z
2026-08-21T06:33:41Z,2026-08-21T08:33:41+0200,6801fa27-1585-43c5-af49-29c528898ba2,2026-08-05T17:15:00Z,2026-08-05T19:15:00+0200,1714.95,MW,DK1,DK_1,actual_onshore_wind_generation,Wind Onshore,2026-08-21T06:40:18Z
2026-08-21T06:33:41Z,2026-08-21T08:33:41+0200,6801fa27-1585-43c5-af49-29c528898ba2,2026-08-05T17:30:00Z,2026-08-05T19:30:00+0200,1601.12,MW,DK1,DK_1,actual_onshore_wind_generation,Wind Onshore,2026-08-21T06:40:18Z
2026-08-21T06:33:41Z,2026-08-21T08:33:41+0200,6801fa27-1585-43c5-af49-29c528898ba2,2026-08-05T17:45:00Z,2026-08-05T19:45:00+0200,1494.15,MW,DK1,DK_1,actual_onshore_wind_generation,Wind Onshore,2026-08-21T06:40:18Z
2026-08-21T06:33:41Z,2026-08-21T08:33:41+0200,6801fa27-1585-43c5-af49-29c528898ba2,2026-08-05T18:00:00Z,2026-08-05T20:00:00+0200,1394.25,MW,DK1,DK_1,actual_onshore_wind_generation,Wind Onshore,2026-08-21T06:40:18Z
2026-08-21T06:33:41Z,2026-08-21T08:33:41+0200,6801fa27-1585-43c5-af49-29c528898ba2,2026-08-05T18:15:00Z,2026-08-05T20:15:00+0200,1298.95,MW,DK1,DK_1,actual_onshore_wind_generation,Wind Onshore,2026-08-21T06:40:18Z
2026-08-21T06:33:41Z,2026-08-21T08:33:41+0200,6801fa27-1585-43c5-af49-29c528898ba2,2026-08-05T18:30:00Z,2026-08-05T20:30:00+0200,1199.73,MW,DK1,DK_1,actual_onshore_wind_generation,Wind Onshore,2026-08-21T06:40:18Z
2026-08-21T06:33:41Z,2026-08-21T08:33:41+0200,6801fa27-1585-43c5-af49-29c528898ba2,2026-08-05T18:45:00Z,2026-08-05T20:45:00+0200,1109.13,MW,DK1,DK_1,actual_onshore_wind_generation,Wind Onshore,2026-08-21T06:40:18Z
2026-08-21T06:33:41Z,2026-08-21T08:33:41+0200,6801fa27-1585-43c5-af49-29c528898ba2,2026-08-05T19:00:00Z,2026-08-05T21:00:00+0200,1030.72,MW,DK1,DK_1,actual_onshore_wind_generation,Wind Onshore,2026-08-21T06:40:18Z
2026-08-21T06:33:41Z,2026-08-21T08:33:41+0200,6801fa27-1585-43c5-af49-29c528898ba2,2026-08-05T19:15:00Z,2026-08-05T21:15:00+0200,971.624,MW,DK1,DK_1,actual_onshore_wind_generation,Wind Onshore,2026-08-21T06:40:18Z
2026-08-21T06:33:41Z,2026-08-21T08:33:41+0200,6801fa27-1585-43c5-af49-29c528898ba2,2026-08-05T19:30:00Z,2026-08-05T21:30:00+0200,893.501,MW,DK1,DK_1,actual_onshore_wind_generation,Wind Onshore,2026-08-21T06:40:18Z
2026-08-21T06:33:41Z,2026-08-21T08:33:41+0200,6801fa27-1585-43c5-af49-29c528898ba2,2026-08-05T19:45:00Z,2026-08-05T21:45:00+0200,811.769,MW,DK1,DK_1,actual_onshore_wind_generation,Wind Onshore,2026-08-21T06:40:18Z
2026-08-21T06:33:41Z,2026-08-21T08:33:41+0200,6801fa27-1585-43c5-af49-29c528898ba2,2026-08-05T20:00:00Z,2026-08-05T22:00:00+0200,788.628,MW,DK1,DK_1,actual_onshore_wind_generation,Wind Onshore,2026-08-21T06:40:18Z
2026-08-21T06:33:41Z,2026-08-21T08:33:41+0200,6801fa27-1585-43c5-af49-29c528898ba2,2026-08-05T20:15:00Z,2026-08-05T22:15:00+0200,761.106,MW,DK1,DK_1,actual_onshore_wind_generation,Wind Onshore,2026-08-21T06:40:18Z
2026-08-21T06:33:41Z,2026-08-21T08:33:41+0200,6801fa27-1585-43c5-af49-29c528898ba2,2026-08-05T20:30:00Z,2026-08-05T22:30:00+0200,744.235,MW,DK1,DK_1,actual_onshore_wind_generation,Wind Onshore,2026-08-21T06:40:18Z
2026-08-21T06:33:41Z,2026-08-21T08:33:41+0200,6801fa27-1585-43c5-af49-29c528898ba2,2026-08-05T20:45:00Z,2026-08-05T22:45:00+0200,701.5,MW,DK1,DK_1,actual_onshore_wind_generation,Wind Onshore,2026-08-21T06:40:18Z
2026-08-21T06:33:41Z,2026-08-21T08:33:41+0200,6801fa27-1585-43c5-af49-29c528898ba2,2026-08-05T21:00:00Z,2026-08-05T23:00:00+0200,658.581,MW,DK1,DK_1,actual_onshore_wind_generation,Wind Onshore,2026-08-21T06:40:18Z
2026-08-21T06:33:41Z,2026-08-21T08:33:41+0200,6801fa27-1585-43c5-af49-29c528898ba2,2026-08-05T21:15:00Z,2026-08-05T23:15:00+0200,650.735,MW,DK1,DK_1,actual_onshore_wind_generation,Wind Onshore,2026-08-21T06:40:18Z
2026-08-21T06:33:41Z,2026-08-21T08:33:41+0200,6801fa27-1585-43c5-af49-29c528898ba2,2026-08-05T21:30:00Z,2026-08-05T23:30:00+0200,659.772,MW,DK1,DK_1,actual_onshore_wind_generation,Wind Onshore,2026-08-21T06:40:18Z
2026-08-21T06:33:41Z,2026-08-21T08:33:41+0200,6801fa27-1585-43c5-af49-29c528898ba2,2026-08-05T21:45:00Z,2026-08-05T23:45:00+0200,650.108,MW,DK1,DK_1,actual_onshore_wind_generation,Wind Onshore,2026-08-21T06:40:18Z
2026-08-21T06:33:41Z,2026-08-21T08:33:41+0200,6801fa27-1585-43c5-af49-29c528898ba2,2026-08-05T22:00:00Z,2026-08-06T00:00:00+0200,655.3,MW,DK1,DK_1,actual_onshore_wind_generation,Wind Onshore,2026-08-21T06:40:18Z
2026-08-21T06:33:41Z,2026-08-21T08:33:41+0200,6801fa27-1585-43c5-af49-29c528898ba2,2026-08-05T22:15:00Z,2026-08-06T00:15:00+0200,638.823,MW,DK1,DK_1,actual_onshore_wind_generation,Wind Onshore,2026-08-21T06:40:18Z
2026-08-21T06:33:41Z,2026-08-21T08:33:41+0200,6801fa27-1585-43c5-af49-29c528898ba2,2026-08-05T22:30:00Z,2026-08-06T00:30:00+0200,663.703,MW,DK1,DK_1,actual_onshore_wind_generation,Wind Onshore,2026-08-21T06:40:18Z
2026-08-21T06:33:41Z,2026-08-21T08:33:41+0200,6801fa27-1585-43c5-af49-29c528898ba2,2026-08-05T22:45:00Z,2026-08-06T00:45:00+0200,698.739,MW,DK1,DK_1,actual_onshore_wind_generation,Wind Onshore,2026-08-21T06:40:18Z
2026-08-21T06:33:41Z,2026-08-21T08:33:41+0200,6801fa27-1585-43c5-af49-29c528898ba2,2026-08-05T23:00:00Z,2026-08-06T01:00:00+0200,715.687,MW,DK1,DK_1,actual_onshore_wind_generation,Wind Onshore,2026-08-21T06:40:18Z
2026-08-21T06:33:41Z,2026-08-21T08:33:41+0200,6801fa27-1585-43c5-af49-29c528898ba2,2026-08-05T23:15:00Z,2026-08-06T01:15:00+0200,756.373,MW,DK1,DK_1,actual_onshore_wind_generation,Wind Onshore,2026-08-21T06:40:18Z
2026-08-21T06:33:41Z,2026-08-21T08:33:41+0200,6801fa27-1585-43c5-af49-29c528898ba2,2026-08-05T23:30:00Z,2026-08-06T01:30:00+0200,803.918,MW,DK1,DK_1,actual_onshore_wind_generation,Wind Onshore,2026-08-21T06:40:18Z
2026-08-21T06:33:41Z,2026-08-21T08:33:41+0200,6801fa27-1585-43c5-af49-29c528898ba2,2026-08-05T23:45:00Z,2026-08-06T01:45:00+0200,830.798,MW,DK1,DK_1,actual_onshore_wind_generation,Wind Onshore,2026-08-21T06:40:18Z
2026-08-21T06:33:41Z,2026-08-21T08:33:41+0200,6801fa27-1585-43c5-af49-29c528898ba2,2026-08-06T00:00:00Z,2026-08-06T02:00:00+0200,853.444,MW,DK1,DK_1,actual_onshore_wind_generation,Wind Onshore,2026-08-21T06:40:18Z
2026-08-21T06:33:41Z,2026-08-21T08:33:41+0200,6801fa27-1585-43c5-af49-29c528898ba2,2026-08-06T00:15:00Z,2026-08-06T02:15:00+0200,876.888,MW,DK1,DK_1,actual_onshore_wind_generation,Wind Onshore,2026-08-21T06:40:18Z
2026-08-21T06:33:41Z,2026-08-21T08:33:41+0200,6801fa27-1585-43c5-af49-29c528898ba2,2026-08-06T00:30:00Z,2026-08-06T02:30:00+0200,901.668,MW,DK1,DK_1,actual_onshore_wind_generation,Wind Onshore,2026-08-21T06:40:18Z
2026-08-21T06:33:41Z,2026-08-21T08:33:41+0200,6801fa27-1585-43c5-af49-29c528898ba2,2026-08-06T00:45:00Z,2026-08-06T02:45:00+0200,935.322,MW,DK1,DK_1,actual_onshore_wind_generation,Wind Onshore,2026-08-21T06:40:18Z
2026-08-21T06:33:41Z,2026-08-21T08:33:41+0200,6801fa27-1585-43c5-af49-29c528898ba2,2026-08-06T01:00:00Z,2026-08-06T03:00:00+0200,967.424,MW,DK1,DK_1,actual_onshore_wind_generation,Wind Onshore,2026-08-21T06:40:18Z
2026-08-21T06:33:41Z,2026-08-21T08:33:41+0200,6801fa27-1585-43c5-af49-29c528898ba2,2026-08-06T01:15:00Z,2026-08-06T03:15:00+0200,975.166,MW,DK1,DK_1,actual_onshore_wind_generation,Wind Onshore,2026-08-21T06:40:18Z
2026-08-21T06:33:41Z,2026-08-21T08:33:41+0200,6801fa27-1585-43c5-af49-29c528898ba2,2026-08-06T01:30:00Z,2026-08-06T03:30:00+0200,1033.68,MW,DK1,DK_1,actual_onshore_wind_generation,Wind Onshore,2026-08-21T06:40:18Z
2026-08-21T06:33:41Z,2026-08-21T08:33:41+0200,6801fa27-1585-43c5-af49-29c528898ba2,2026-08-06T01:45:00Z,2026-08-06T03:45:00+0200,1101.88,MW,DK1,DK_1,actual_onshore_wind_generation,Wind Onshore,2026-08-21T06:40:18Z
2026-08-21T06:33:41Z,2026-08-21T08:33:41+0200,6801fa27-1585-43c5-af49-29c528898ba2,2026-08-06T02:00:00Z,2026-08-06T04:00:00+0200,1150.32,MW,DK1,DK_1,actual_onshore_wind_generation,Wind Onshore,2026-08-21T06:40:18Z
2026-08-21T06:33:41Z,2026-08-21T08:33:41+0200,6801fa27-1585-43c5-af49-29c528898ba2,2026-08-06T02:15:00Z,2026-08-06T04:15:00+0200,1201.58,MW,DK1,DK_1,actual_onshore_wind_generation,Wind Onshore,2026-08-21T06:40:18Z
2026-08-21T06:33:41Z,2026-08-21T08:33:41+0200,6801fa27-1585-43c5-af49-29c528898ba2,2026-08-06T02:30:00Z,2026-08-06T04:30:00+0200,1187.62,MW,DK1,DK_1,actual_onshore_wind_generation,Wind Onshore,2026-08-21T06:40:18Z
2026-08-21T06:33:41Z,2026-08-21T08:33:41+0200,6801fa27-1585-43c5-af49-29c528898ba2,2026-08-06T02:45:00Z,2026-08-06T04:45:00+0200,1178.73,MW,DK1,DK_1,actual_onshore_wind_generation,Wind Onshore,2026-08-21T06:40:18Z
2026-08-21T06:33:41Z,2026-08-21T08:33:41+0200,6801fa27-1585-43c5-af49-29c528898ba2,2026-08-06T03:00:00Z,2026-08-06T05:00:00+0200,1182.4,MW,DK1,DK_1,actual_onshore_wind_generation,Wind Onshore,2026-08-21T06:40:18Z
2026-08-21T06:33:41Z,2026-08-21T08:33:41+0200,6801fa27-1585-43c5-af49-29c528898ba2,2026-08-06T03:15:00Z,2026-08-06T05:15:00+0200,1190.83,MW,DK1,DK_1,actual_onshore_wind_generation,Wind Onshore,2026-08-21T06:40:18Z
2026-08-21T06:33:41Z,2026-08-21T08:33:41+0200,6801fa27-1585-43c5-af49-29c528898ba2,2026-08-06T03:30:00Z,2026-08-06T05:30:00+0200,1204.16,MW,DK1,DK_1,actual_onshore_wind_generation,Wind Onshore,2026-08-21T06:40:18Z
2026-08-21T06:33:41Z,2026-08-21T08:33:41+0200,6801fa27-1585-43c5-af49-29c528898ba2,2026-08-06T03:45:00Z,2026-08-06T05:45:00+0200,1222.12,MW,DK1,DK_1,actual_onshore_wind_generation,Wind Onshore,2026-08-21T06:40:18Z
2026-08-21T06:33:41Z,2026-08-21T08:33:41+0200,6801fa27-1585-43c5-af49-29c528898ba2,2026-08-06T04:00:00Z,2026-08-06T06:00:00+0200,1227.28,MW,DK1,DK_1,actual_onshore_wind_generation,Wind Onshore,2026-08-21T06:40:18Z
2026-08-21T06:33:41Z,2026-08-21T08:33:41+0200,6801fa27-1585-43c5-af49-29c528898ba2,2026-08-06T04:15:00Z,2026-08-06T06:15:00+0200,1236.78,MW,DK1,DK_1,actual_onshore_wind_generation,Wind Onshore,2026-08-21T06:40:18Z
2026-08-21T06:33:41Z,2026-08-21T08:33:41+0200,6801fa27-1585-43c5-af49-29c528898ba2,2026-08-06T04:30:00Z,2026-08-06T06:30:00+0200,1219.67,MW,DK1,DK_1,actual_onshore_wind_generation,Wind Onshore,2026-08-21T06:40:18Z
2026-08-21T06:33:41Z,2026-08-21T08:33:41+0200,6801fa27-1585-43c5-af49-29c528898ba2,2026-08-06T04:45:00Z,2026-08-06T06:45:00+0200,1265.7,MW,DK1,DK_1,actual_onshore_wind_generation,Wind Onshore,2026-08-21T06:40:18Z
2026-08-21T06:33:41Z,2026-08-21T08:33:41+0200,6801fa27-1585-43c5-af49-29c528898ba2,2026-08-06T05:00:00Z,2026-08-06T07:00:00+0200,1307.35,MW,DK1,DK_1,actual_onshore_wind_generation,Wind Onshore,2026-08-21T06:40:18Z
2026-08-21T06:33:41Z,2026-08-21T08:33:41+0200,6801fa27-1585-43c5-af49-29c528898ba2,2026-08-06T05:15:00Z,2026-08-06T07:15:00+0200,1387.51,MW,DK1,DK_1,actual_onshore_wind_generation,Wind Onshore,2026-08-21T06:40:18Z
2026-08-21T06:33:41Z,2026-08-21T08:33:41+0200,6801fa27-1585-43c5-af49-29c528898ba2,2026-08-06T05:30:00Z,2026-08-06T07:30:00+0200,1503.19,MW,DK1,DK_1,actual_onshore_wind_generation,Wind Onshore,2026-08-21T06:40:18Z
2026-08-21T06:33:41Z,2026-08-21T08:33:41+0200,6801fa27-1585-43c5-af49-29c528898ba2,2026-08-06T05:45:00Z,2026-08-06T07:45:00+0200,1668.27,MW,DK1,DK_1,actual_onshore_wind_generation,Wind Onshore,2026-08-21T06:40:18Z
2026-08-21T06:33:41Z,2026-08-21T08:33:41+0200,6801fa27-1585-43c5-af49-29c528898ba2,2026-08-06T06:00:00Z,2026-08-06T08:00:00+0200,1740.61,MW,DK1,DK_1,actual_onshore_wind_generation,Wind Onshore,2026-08-21T06:40:18Z
2026-08-21T06:33:41Z,2026-08-21T08:33:41+0200,6801fa27-1585-43c5-af49-29c528898ba2,2026-08-06T06:15:00Z,2026-08-06T08:15:00+0200,1912.39,MW,DK1,DK_1,actual_onshore_wind_generation,Wind Onshore,2026-08-21T06:40:18Z
2026-08-21T06:33:41Z,2026-08-21T08:33:41+0200,6801fa27-1585-43c5-af49-29c528898ba2,2026-08-06T06:30:00Z,2026-08-06T08:30:00+0200,2041.06,MW,DK1,DK_1,actual_onshore_wind_generation,Wind Onshore,2026-08-21T06:40:18Z
2026-08-21T06:33:41Z,2026-08-21T08:33:41+0200,6801fa27-1585-43c5-af49-29c528898ba2,2026-08-06T06:45:00Z,2026-08-06T08:45:00+0200,2156.76,MW,DK1,DK_1,actual_onshore_wind_generation,Wind Onshore,2026-08-21T06:40:18Z
2026-08-21T06:33:41Z,2026-08-21T08:33:41+0200,6801fa27-1585-43c5-af49-29c528898ba2,2026-08-06T07:00:00Z,2026-08-06T09:00:00+0200,2264.55,MW,DK1,DK_1,actual_onshore_wind_generation,Wind Onshore,2026-08-21T06:40:18Z
2026-08-21T06:33:41Z,2026-08-21T08:33:41+0200,6801fa27-1585-43c5-af49-29c528898ba2,2026-08-06T07:15:00Z,2026-08-06T09:15:00+0200,2292.38,MW,DK1,DK_1,actual_onshore_wind_generation,Wind Onshore,2026-08-21T06:40:18Z
2026-08-21T06:33:41Z,2026-08-21T08:33:41+0200,6801fa27-1585-43c5-af49-29c528898ba2,2026-08-06T07:30:00Z,2026-08-06T09:30:00+0200,2330.3,MW,DK1,DK_1,actual_onshore_wind_generation,Wind Onshore,2026-08-21T06:40:18Z
2026-08-21T06:33:41Z,2026-08-21T08:33:41+0200,6801fa27-1585-43c5-af49-29c528898ba2,2026-08-06T07:45:00Z,2026-08-06T09:45:00+0200,2390.24,MW,DK1,DK_1,actual_onshore_wind_generation,Wind Onshore,2026-08-21T06:40:18Z
2026-08-21T06:33:41Z,2026-08-21T08:33:41+0200,6801fa27-1585-43c5-af49-29c528898ba2,2026-08-06T08:00:00Z,2026-08-06T10:00:00+0200,2318.52,MW,DK1,DK_1,actual_onshore_wind_generation,Wind Onshore,2026-08-21T06:40:18Z
2026-08-21T06:33:41Z,2026-08-21T08:33:41+0200,6801fa27-1585-43c5-af49-29c528898ba2,2026-08-06T08:15:00Z,2026-08-06T10:15:00+0200,2373.79,MW,DK1,DK_1,actual_onshore_wind_generation,Wind Onshore,2026-08-21T06:40:18Z
2026-08-21T06:33:41Z,2026-08-21T08:33:41+0200,6801fa27-1585-43c5-af49-29c528898ba2,2026-08-06T08:30:00Z,2026-08-06T10:30:00+0200,2202.6,MW,DK1,DK_1,actual_onshore_wind_generation,Wind Onshore,2026-08-21T06:40:18Z
2026-08-21T06:33:41Z,2026-08-21T08:33:41+0200,6801fa27-1585-43c5-af49-29c528898ba2,2026-08-06T08:45:00Z,2026-08-06T10:45:00+0200,2022.89,MW,DK1,DK_1,actual_onshore_wind_generation,Wind Onshore,2026-08-21T06:40:18Z
2026-08-21T06:33:41Z,2026-08-21T08:33:41+0200,6801fa27-1585-43c5-af49-29c528898ba2,2026-08-06T09:00:00Z,2026-08-06T11:00:00+0200,1996.78,MW,DK1,DK_1,actual_onshore_wind_generation,Wind Onshore,2026-08-21T06:40:18Z
2026-08-21T06:33:41Z,2026-08-21T08:33:41+0200,6801fa27-1585-43c5-af49-29c528898ba2,2026-08-06T09:15:00Z,2026-08-06T11:15:00+0200,2024.83,MW,DK1,DK_1,actual_onshore_wind_generation,Wind Onshore,2026-08-21T06:40:18Z
2026-08-21T06:33:41Z,2026-08-21T08:33:41+0200,6801fa27-1585-43c5-af49-29c528898ba2,2026-08-06T09:30:00Z,2026-08-06T11:30:00+0200,2043.8,MW,DK1,DK_1,actual_onshore_wind_generation,Wind Onshore,2026-08-21T06:40:18Z
2026-08-21T06:33:41Z,2026-08-21T08:33:41+0200,6801fa27-1585-43c5-af49-29c528898ba2,2026-08-06T09:45:00Z,2026-08-06T11:45:00+0200,1988.07,MW,DK1,DK_1,actual_onshore_wind_generation,Wind Onshore,2026-08-21T06:40:18Z
2026-08-21T06:33:41Z,2026-08-21T08:33:41+0200,6801fa27-1585-43c5-af49-29c528898ba2,2026-08-06T10:00:00Z,2026-08-06T12:00:00+0200,1996.94,MW,DK1,DK_1,actual_onshore_wind_generation,Wind Onshore,2026-08-21T06:40:18Z
2026-08-21T06:33:41Z,2026-08-21T08:33:41+0200,6801fa27-1585-43c5-af49-29c528898ba2,2026-08-06T10:15:00Z,2026-08-06T12:15:00+0200,2016.43,MW,DK1,DK_1,actual_onshore_wind_generation,Wind Onshore,2026-08-21T06:40:18Z
2026-08-21T06:33:41Z,2026-08-21T08:33:41+0200,6801fa27-1585-43c5-af49-29c528898ba2,2026-08-06T10:30:00Z,2026-08-06T12:30:00+0200,1990.69,MW,DK1,DK_1,actual_onshore_wind_generation,Wind Onshore,2026-08-21T06:40:18Z
2026-08-21T06:33:41Z,2026-08-21T08:33:41+0200,6801fa27-1585-43c5-af49-29c528898ba2,2026-08-06T10:45:00Z,2026-08-06T12:45:00+0200,1980.48,MW,DK1,DK_1,actual_onshore_wind_generation,Wind Onshore,2026-08-21T06:40:18Z
2026-08-21T06:33:41Z,2026-08-21T08:33:41+0200,6801fa27-1585-43c5-af49-29c528898ba2,2026-08-06T11:00:00Z,2026-08-06T13:00:00+0200,1999.06,MW,DK1,DK_1,actual_onshore_wind_generation,Wind Onshore,2026-08-21T06:40:18Z
2026-08-21T06:33:41Z,2026-08-21T08:33:41+0200,6801fa27-1585-43c5-af49-29c528898ba2,2026-08-06T11:15:00Z,2026-08-06T13:15:00+0200,2027.2,MW,DK1,DK_1,actual_onshore_wind_generation,Wind Onshore,2026-08-21T06:40:18Z
2026-08-21T06:33:41Z,2026-08-21T08:33:41+0200,6801fa27-1585-43c5-af49-29c528898ba2,2026-08-06T11:30:00Z,2026-08-06T13:30:00+0200,2034.71,MW,DK1,DK_1,actual_onshore_wind_generation,Wind Onshore,2026-08-21T06:40:18Z
2026-08-21T06:33:41Z,2026-08-21T08:33:41+0200,6801fa27-1585-43c5-af49-29c528898ba2,2026-08-06T11:45:00Z,2026-08-06T13:45:00+0200,2012.57,MW,DK1,DK_1,actual_onshore_wind_generation,Wind Onshore,2026-08-21T06:40:18Z
2026-08-21T06:33:41Z,2026-08-21T08:33:41+0200,6801fa27-1585-43c5-af49-29c528898ba2,2026-08-06T12:00:00Z,2026-08-06T14:00:00+0200,1983.53,MW,DK1,DK_1,actual_onshore_wind_generation,Wind Onshore,2026-08-21T06:40:18Z
2026-08-21T06:33:41Z,2026-08-21T08:33:41+0200,6801fa27-1585-43c5-af49-29c528898ba2,2026-08-06T12:15:00Z,2026-08-06T14:15:00+0200,1927.99,MW,DK1,DK_1,actual_onshore_wind_generation,Wind Onshore,2026-08-21T06:40:18Z
2026-08-21T06:33:41Z,2026-08-21T08:33:41+0200,6801fa27-1585-43c5-af49-29c528898ba2,2026-08-06T12:30:00Z,2026-08-06T14:30:00+0200,1907.14,MW,DK1,DK_1,actual_onshore_wind_generation,Wind Onshore,2026-08-21T06:40:18Z
2026-08-21T06:33:41Z,2026-08-21T08:33:41+0200,6801fa27-1585-43c5-af49-29c528898ba2,2026-08-06T12:45:00Z,2026-08-06T14:45:00+0200,1877.8,MW,DK1,DK_1,actual_onshore_wind_generation,Wind Onshore,2026-08-21T06:40:18Z
2026-08-21T06:33:41Z,2026-08-21T08:33:41+0200,6801fa27-1585-43c5-af49-29c528898ba2,2026-08-06T13:00:00Z,2026-08-06T15:00:00+0200,1900.62,MW,DK1,DK_1,actual_onshore_wind_generation,Wind Onshore,2026-08-21T06:40:18Z
2026-08-21T06:33:41Z,2026-08-21T08:33:41+0200,6801fa27-1585-43c5-af49-29c528898ba2,2026-08-06T13:15:00Z,2026-08-06T15:15:00+0200,1909.91,MW,DK1,DK_1,actual_onshore_wind_generation,Wind Onshore,2026-08-21T06:40:18Z
2026-08-21T06:33:41Z,2026-08-21T08:33:41+0200,6801fa27-1585-43c5-af49-29c528898ba2,2026-08-06T13:30:00Z,2026-08-06T15:30:00+0200,1897.36,MW,DK1,DK_1,actual_onshore_wind_generation,Wind Onshore,2026-08-21T06:40:18Z
2026-08-21T06:33:41Z,2026-08-21T08:33:41+0200,6801fa27-1585-43c5-af49-29c528898ba2,2026-08-06T13:45:00Z,2026-08-06T15:45:00+0200,1862.0,MW,DK1,DK_1,actual_onshore_wind_generation,Wind Onshore,2026-08-21T06:40:18Z
2026-08-21T06:33:41Z,2026-08-21T08:33:41+0200,6801fa27-1585-43c5-af49-29c528898ba2,2026-08-06T14:00:00Z,2026-08-06T16:00:00+0200,1836.81,MW,DK1,DK_1,actual_onshore_wind_generation,Wind Onshore,2026-08-21T06:40:18Z
2026-08-21T06:33:41Z,2026-08-21T08:33:41+0200,6801fa27-1585-43c5-af49-29c528898ba2,2026-08-06T14:15:00Z,2026-08-06T16:15:00+0200,1867.97,MW,DK1,DK_1,actual_onshore_wind_generation,Wind Onshore,2026-08-21T06:40:18Z
2026-08-21T06:33:41Z,2026-08-21T08:33:41+0200,6801fa27-1585-43c5-af49-29c528898ba2,2026-08-06T14:30:00Z,2026-08-06T16:30:00+0200,1914.25,MW,DK1,DK_1,actual_onshore_wind_generation,Wind Onshore,2026-08-21T06:40:18Z
2026-08-21T06:33:41Z,2026-08-21T08:33:41+0200,6801fa27-1585-43c5-af49-29c528898ba2,2026-08-06T14:45:00Z,2026-08-06T16:45:00+0200,1990.8,MW,DK1,DK_1,actual_onshore_wind_generation,Wind Onshore,2026-08-21T06:40:18Z
2026-08-21T06:33:41Z,2026-08-21T08:33:41+0200,6801fa27-1585-43c5-af49-29c528898ba2,2026-08-06T15:00:00Z,2026-08-06T17:00:00+0200,2028.25,MW,DK1,DK_1,actual_onshore_wind_generation,Wind Onshore,2026-08-21T06:40:18Z
2026-08-21T06:33:41Z,2026-08-21T08:33:41+0200,6801fa27-1585-43c5-af49-29c528898ba2,2026-08-06T15:15:00Z,2026-08-06T17:15:00+0200,2227.52,MW,DK1,DK_1,actual_onshore_wind_generation,Wind Onshore,2026-08-21T06:40:18Z
2026-08-21T06:33:41Z,2026-08-21T08:33:41+0200,6801fa27-1585-43c5-af49-29c528898ba2,2026-08-06T15:30:00Z,2026-08-06T17:30:00+0200,2201.26,MW,DK1,DK_1,actual_onshore_wind_generation,Wind Onshore,2026-08-21T06:40:18Z
2026-08-21T06:33:41Z,2026-08-21T08:33:41+0200,6801fa27-1585-43c5-af49-29c528898ba2,2026-08-06T15:45:00Z,2026-08-06T17:45:00+0200,2194.6,MW,DK1,DK_1,actual_onshore_wind_generation,Wind Onshore,2026-08-21T06:40:18Z
2026-08-21T06:33:41Z,2026-08-21T08:33:41+0200,6801fa27-1585-43c5-af49-29c528898ba2,2026-08-06T16:00:00Z,2026-08-06T18:00:00+0200,2001.03,MW,DK1,DK_1,actual_onshore_wind_generation,Wind Onshore,2026-08-21T06:40:18Z
2026-08-21T06:33:41Z,2026-08-21T08:33:41+0200,6801fa27-1585-43c5-af49-29c528898ba2,2026-08-06T16:15:00Z,2026-08-06T18:15:00+0200,2011.47,MW,DK1,DK_1,actual_onshore_wind_generation,Wind Onshore,2026-08-21T06:40:18Z
2026-08-21T06:33:41Z,2026-08-21T08:33:41+0200,6801fa27-1585-43c5-af49-29c528898ba2,2026-08-06T16:30:00Z,2026-08-06T18:30:00+0200,1968.47,MW,DK1,DK_1,actual_onshore_wind_generation,Wind Onshore,2026-08-21T06:40:18Z
2026-08-21T06:33:41Z,2026-08-21T08:33:41+0200,6801fa27-1585-43c5-af49-29c528898ba2,2026-08-06T16:45:00Z,2026-08-06T18:45:00+0200,1929.78,MW,DK1,DK_1,actual_onshore_wind_generation,Wind Onshore,2026-08-21T06:40:18Z
2026-08-21T06:33:41Z,2026-08-21T08:33:41+0200,6801fa27-1585-43c5-af49-29c528898ba2,2026-08-06T17:00:00Z,2026-08-06T19:00:00+0200,1887.75,MW,DK1,DK_1,actual_onshore_wind_generation,Wind Onshore,2026-08-21T06:40:18Z
2026-08-21T06:33:41Z,2026-08-21T08:33:41+0200,6801fa27-1585-43c5-af49-29c528898ba2,2026-08-06T17:15:00Z,2026-08-06T19:15:00+0200,1926.39,MW,DK1,DK_1,actual_onshore_wind_generation,Wind Onshore,2026-08-21T06:40:18Z
2026-08-21T06:33:41Z,2026-08-21T08:33:41+0200,6801fa27-1585-43c5-af49-29c528898ba2,2026-08-06T17:30:00Z,2026-08-06T19:30:00+0200,1894.34,MW,DK1,DK_1,actual_onshore_wind_generation,Wind Onshore,2026-08-21T06:40:18Z
2026-08-21T06:33:41Z,2026-08-21T08:33:41+0200,6801fa27-1585-43c5-af49-29c528898ba2,2026-08-06T17:45:00Z,2026-08-06T19:45:00+0200,1870.06,MW,DK1,DK_1,actual_onshore_wind_generation,Wind Onshore,2026-08-21T06:40:18Z
2026-08-21T06:33:41Z,2026-08-21T08:33:41+0200,6801fa27-1585-43c5-af49-29c528898ba2,2026-08-06T18:00:00Z,2026-08-06T20:00:00+0200,1856.39,MW,DK1,DK_1,actual_onshore_wind_generation,Wind Onshore,2026-08-21T06:40:18Z
2026-08-21T06:33:41Z,2026-08-21T08:33:41+0200,6801fa27-1585-43c5-af49-29c528898ba2,2026-08-06T18:15:00Z,2026-08-06T20:15:00+0200,1814.21,MW,DK1,DK_1,actual_onshore_wind_generation,Wind Onshore,2026-08-21T06:40:18Z
2026-08-21T06:33:41Z,2026-08-21T08:33:41+0200,6801fa27-1585-43c5-af49-29c528898ba2,2026-08-06T18:30:00Z,2026-08-06T20:30:00+0200,1796.04,MW,DK1,DK_1,actual_onshore_wind_generation,Wind Onshore,2026-08-21T06:40:18Z
2026-08-21T06:33:41Z,2026-08-21T08:33:41+0200,6801fa27-1585-43c5-af49-29c528898ba2,2026-08-06T18:45:00Z,2026-08-06T20:45:00+0200,1817.61,MW,DK1,DK_1,actual_onshore_wind_generation,Wind Onshore,2026-08-21T06:40:18Z
2026-08-21T06:33:41Z,2026-08-21T08:33:41+0200,6801fa27-1585-43c5-af49-29c528898ba2,2026-08-06T19:00:00Z,2026-08-06T21:00:00+0200,1791.89,MW,DK1,DK_1,actual_onshore_wind_generation,Wind Onshore,2026-08-21T06:40:18Z
2026-08-21T06:33:41Z,2026-08-21T08:33:41+0200,6801fa27-1585-43c5-af49-29c528898ba2,2026-08-06T19:15:00Z,2026-08-06T21:15:00+0200,1773.87,MW,DK1,DK_1,actual_onshore_wind_generation,Wind Onshore,2026-08-21T06:40:18Z
2026-08-21T06:33:41Z,2026-08-21T08:33:41+0200,6801fa27-1585-43c5-af49-29c528898ba2,2026-08-06T19:30:00Z,2026-08-06T21:30:00+0200,1809.31,MW,DK1,DK_1,actual_onshore_wind_generation,Wind Onshore,2026-08-21T06:40:18Z
2026-08-21T06:33:41Z,2026-08-21T08:33:41+0200,6801fa27-1585-43c5-af49-29c528898ba2,2026-08-06T19:45:00Z,2026-08-06T21:45:00+0200,1759.56,MW,DK1,DK_1,actual_onshore_wind_generation,Wind Onshore,2026-08-21T06:40:18Z
2026-08-21T06:33:41Z,2026-08-21T08:33:41+0200,6801fa27-1585-43c5-af49-29c528898ba2,2026-08-06T20:00:00Z,2026-08-06T22:00:00+0200,1742.18,MW,DK1,DK_1,actual_onshore_wind_generation,Wind Onshore,2026-08-21T06:40:18Z
2026-08-21T06:33:41Z,2026-08-21T08:33:41+0200,6801fa27-1585-43c5-af49-29c528898ba2,2026-08-06T20:15:00Z,2026-08-06T22:15:00+0200,1717.15,MW,DK1,DK_1,actual_onshore_wind_generation,Wind Onshore,2026-08-21T06:40:18Z
2026-08-21T06:33:41Z,2026-08-21T08:33:41+0200,6801fa27-1585-43c5-af49-29c528898ba2,2026-08-06T20:30:00Z,2026-08-06T22:30:00+0200,1710.66,MW,DK1,DK_1,actual_onshore_wind_generation,Wind Onshore,2026-08-21T06:40:18Z
2026-08-21T06:33:41Z,2026-08-21T08:33:41+0200,6801fa27-1585-43c5-af49-29c528898ba2,2026-08-06T20:45:00Z,2026-08-06T22:45:00+0200,1714.85,MW,DK1,DK_1,actual_onshore_wind_generation,Wind Onshore,2026-08-21T06:40:18Z
2026-08-21T06:33:41Z,2026-08-21T08:33:41+0200,6801fa27-1585-43c5-af49-29c528898ba2,2026-08-06T21:00:00Z,2026-08-06T23:00:00+0200,1708.95,MW,DK1,DK_1,actual_onshore_wind_generation,Wind Onshore,2026-08-21T06:40:18Z
2026-08-21T06:33:41Z,2026-08-21T08:33:41+0200,6801fa27-1585-43c5-af49-29c528898ba2,2026-08-06T21:15:00Z,2026-08-06T23:15:00+0200,1697.48,MW,DK1,DK_1,actual_onshore_wind_generation,Wind Onshore,2026-08-21T06:40:18Z
2026-08-21T06:33:41Z,2026-08-21T08:33:41+0200,6801fa27-1585-43c5-af49-29c528898ba2,2026-08-06T21:30:00Z,2026-08-06T23:30:00+0200,1687.67,MW,DK1,DK_1,actual_onshore_wind_generation,Wind Onshore,2026-08-21T06:40:18Z
2026-08-21T06:33:41Z,2026-08-21T08:33:41+0200,6801fa27-1585-43c5-af49-29c528898ba2,2026-08-06T21:45:00Z,2026-08-06T23:45:00+0200,1690.63,MW,DK1,DK_1,actual_onshore_wind_generation,Wind Onshore,2026-08-21T06:40:18Z
2026-08-21T06:33:41Z,2026-08-21T08:33:41+0200,6801fa27-1585-43c5-af49-29c528898ba2,2026-08-06T22:00:00Z,2026-08-07T00:00:00+0200,1652.05,MW,DK1,DK_1,actual_onshore_wind_generation,Wind Onshore,2026-08-21T06:40:18Z
2026-08-21T06:33:41Z,2026-08-21T08:33:41+0200,6801fa27-1585-43c5-af49-29c528898ba2,2026-08-06T22:15:00Z,2026-08-07T00:15:00+0200,1646.32,MW,DK1,DK_1,actual_onshore_wind_generation,Wind Onshore,2026-08-21T06:40:18Z
2026-08-21T06:33:41Z,2026-08-21T08:33:41+0200,6801fa27-1585-43c5-af49-29c528898ba2,2026-08-06T22:30:00Z,2026-08-07T00:30:00+0200,1642.77,MW,DK1,DK_1,actual_onshore_wind_generation,Wind Onshore,2026-08-21T06:40:18Z
2026-08-21T06:33:41Z,2026-08-21T08:33:41+0200,6801fa27-1585-43c5-af49-29c528898ba2,2026-08-06T22:45:00Z,2026-08-07T00:45:00+0200,1626.35,MW,DK1,DK_1,actual_onshore_wind_generation,Wind Onshore,2026-08-21T06:40:18Z
2026-08-21T06:33:41Z,2026-08-21T08:33:41+0200,6801fa27-1585-43c5-af49-29c528898ba2,2026-08-06T23:00:00Z,2026-08-07T01:00:00+0200,1671.12,MW,DK1,DK_1,actual_onshore_wind_generation,Wind Onshore,2026-08-21T06:40:18Z
2026-08-21T06:33:41Z,2026-08-21T08:33:41+0200,6801fa27-1585-43c5-af49-29c528898ba2,2026-08-06T23:15:00Z,2026-08-07T01:15:00+0200,1692.02,MW,DK1,DK_1,actual_onshore_wind_generation,Wind Onshore,2026-08-21T06:40:18Z
2026-08-21T06:33:41Z,2026-08-21T08:33:41+0200,6801fa27-1585-43c5-af49-29c528898ba2,2026-08-06T23:30:00Z,2026-08-07T01:30:00+0200,1691.18,MW,DK1,DK_1,actual_onshore_wind_generation,Wind Onshore,2026-08-21T06:40:18Z
2026-08-21T06:33:41Z,2026-08-21T08:33:41+0200,6801fa27-1585-43c5-af49-29c528898ba2,2026-08-06T23:45:00Z,2026-08-07T01:45:00+0200,1693.17,MW,DK1,DK_1,actual_onshore_wind_generation,Wind Onshore,2026-08-21T06:40:18Z
2026-08-21T06:33:41Z,2026-08-21T08:33:41+0200,6801fa27-1585-43c5-af49-29c528898ba2,2026-08-07T00:00:00Z,2026-08-07T02:00:00+0200,1710.17,MW,DK1,DK_1,actual_onshore_wind_generation,Wind Onshore,2026-08-21T06:40:18Z
2026-08-21T06:33:41Z,2026-08-21T08:33:41+0200,6801fa27-1585-43c5-af49-29c528898ba2,2026-08-07T00:15:00Z,2026-08-07T02:15:00+0200,1679.07,MW,DK1,DK_1,actual_onshore_wind_generation,Wind Onshore,2026-08-21T06:40:18Z
2026-08-21T06:33:41Z,2026-08-21T08:33:41+0200,6801fa27-1585-43c5-af49-29c528898ba2,2026-08-07T00:30:00Z,2026-08-07T02:30:00+0200,1668.53,MW,DK1,DK_1,actual_onshore_wind_generation,Wind Onshore,2026-08-21T06:40:18Z
2026-08-21T06:33:41Z,2026-08-21T08:33:41+0200,6801fa27-1585-43c5-af49-29c528898ba2,2026-08-07T00:45:00Z,2026-08-07T02:45:00+0200,1644.16,MW,DK1,DK_1,actual_onshore_wind_generation,Wind Onshore,2026-08-21T06:40:18Z
2026-08-21T06:33:41Z,2026-08-21T08:33:41+0200,6801fa27-1585-43c5-af49-29c528898ba2,2026-08-07T01:00:00Z,2026-08-07T03:00:00+0200,1613.0,MW,DK1,DK_1,actual_onshore_wind_generation,Wind Onshore,2026-08-21T06:40:18Z
2026-08-21T06:33:41Z,2026-08-21T08:33:41+0200,6801fa27-1585-43c5-af49-29c528898ba2,2026-08-07T01:15:00Z,2026-08-07T03:15:00+0200,1597.73,MW,DK1,DK_1,actual_onshore_wind_generation,Wind Onshore,2026-08-21T06:40:18Z
2026-08-21T06:33:41Z,2026-08-21T08:33:41+0200,6801fa27-1585-43c5-af49-29c528898ba2,2026-08-07T01:30:00Z,2026-08-07T03:30:00+0200,1594.07,MW,DK1,DK_1,actual_onshore_wind_generation,Wind Onshore,2026-08-21T06:40:18Z
2026-08-21T06:33:41Z,2026-08-21T08:33:41+0200,6801fa27-1585-43c5-af49-29c528898ba2,2026-08-07T01:45:00Z,2026-08-07T03:45:00+0200,1565.01,MW,DK1,DK_1,actual_onshore_wind_generation,Wind Onshore,2026-08-21T06:40:18Z
2026-08-21T06:33:41Z,2026-08-21T08:33:41+0200,6801fa27-1585-43c5-af49-29c528898ba2,2026-08-07T02:00:00Z,2026-08-07T04:00:00+0200,1481.26,MW,DK1,DK_1,actual_onshore_wind_generation,Wind Onshore,2026-08-21T06:40:18Z
2026-08-21T06:33:41Z,2026-08-21T08:33:41+0200,6801fa27-1585-43c5-af49-29c528898ba2,2026-08-07T02:15:00Z,2026-08-07T04:15:00+0200,1555.08,MW,DK1,DK_1,actual_onshore_wind_generation,Wind Onshore,2026-08-21T06:40:18Z
2026-08-21T06:33:41Z,2026-08-21T08:33:41+0200,6801fa27-1585-43c5-af49-29c528898ba2,2026-08-07T02:30:00Z,2026-08-07T04:30:00+0200,1570.46,MW,DK1,DK_1,actual_onshore_wind_generation,Wind Onshore,2026-08-21T06:40:18Z
2026-08-21T06:33:41Z,2026-08-21T08:33:41+0200,6801fa27-1585-43c5-af49-29c528898ba2,2026-08-07T02:45:00Z,2026-08-07T04:45:00+0200,1559.44,MW,DK1,DK_1,actual_onshore_wind_generation,Wind Onshore,2026-08-21T06:40:18Z
2026-08-21T06:33:41Z,2026-08-21T08:33:41+0200,6801fa27-1585-43c5-af49-29c528898ba2,2026-08-07T03:00:00Z,2026-08-07T05:00:00+0200,1567.15,MW,DK1,DK_1,actual_onshore_wind_generation,Wind Onshore,2026-08-21T06:40:18Z
2026-08-21T06:33:41Z,2026-08-21T08:33:41+0200,6801fa27-1585-43c5-af49-29c528898ba2,2026-08-07T03:15:00Z,2026-08-07T05:15:00+0200,1577.44,MW,DK1,DK_1,actual_onshore_wind_generation,Wind Onshore,2026-08-21T06:40:18Z
2026-08-21T06:33:41Z,2026-08-21T08:33:41+0200,6801fa27-1585-43c5-af49-29c528898ba2,2026-08-07T03:30:00Z,2026-08-07T05:30:00+0200,1577.04,MW,DK1,DK_1,actual_onshore_wind_generation,Wind Onshore,2026-08-21T06:40:18Z
2026-08-21T06:33:41Z,2026-08-21T08:33:41+0200,6801fa27-1585-43c5-af49-29c528898ba2,2026-08-07T03:45:00Z,2026-08-07T05:45:00+0200,1548.62,MW,DK1,DK_1,actual_onshore_wind_generation,Wind Onshore,2026-08-21T06:40:18Z
2026-08-21T06:33:41Z,2026-08-21T08:33:41+0200,6801fa27-1585-43c5-af49-29c528898ba2,2026-08-07T04:00:00Z,2026-08-07T06:00:00+0200,1506.48,MW,DK1,DK_1,actual_onshore_wind_generation,Wind Onshore,2026-08-21T06:40:18Z
2026-08-21T06:33:41Z,2026-08-21T08:33:41+0200,6801fa27-1585-43c5-af49-29c528898ba2,2026-08-07T04:15:00Z,2026-08-07T06:15:00+0200,1503.76,MW,DK1,DK_1,actual_onshore_wind_generation,Wind Onshore,2026-08-21T06:40:18Z
2026-08-21T06:33:41Z,2026-08-21T08:33:41+0200,6801fa27-1585-43c5-af49-29c528898ba2,2026-08-07T04:30:00Z,2026-08-07T06:30:00+0200,1474.18,MW,DK1,DK_1,actual_onshore_wind_generation,Wind Onshore,2026-08-21T06:40:18Z
2026-08-21T06:33:41Z,2026-08-21T08:33:41+0200,6801fa27-1585-43c5-af49-29c528898ba2,2026-08-07T04:45:00Z,2026-08-07T06:45:00+0200,1422.61,MW,DK1,DK_1,actual_onshore_wind_generation,Wind Onshore,2026-08-21T06:40:18Z
2026-08-21T06:33:41Z,2026-08-21T08:33:41+0200,6801fa27-1585-43c5-af49-29c528898ba2,2026-08-07T05:00:00Z,2026-08-07T07:00:00+0200,1470.44,MW,DK1,DK_1,actual_onshore_wind_generation,Wind Onshore,2026-08-21T06:40:18Z
2026-08-21T06:33:41Z,2026-08-21T08:33:41+0200,6801fa27-1585-43c5-af49-29c528898ba2,2026-08-07T05:15:00Z,2026-08-07T07:15:00+0200,1549.91,MW,DK1,DK_1,actual_onshore_wind_generation,Wind Onshore,2026-08-21T06:40:18Z
2026-08-21T06:33:41Z,2026-08-21T08:33:41+0200,6801fa27-1585-43c5-af49-29c528898ba2,2026-08-07T05:30:00Z,2026-08-07T07:30:00+0200,1578.15,MW,DK1,DK_1,actual_onshore_wind_generation,Wind Onshore,2026-08-21T06:40:18Z
2026-08-21T06:33:41Z,2026-08-21T08:33:41+0200,6801fa27-1585-43c5-af49-29c528898ba2,2026-08-07T05:45:00Z,2026-08-07T07:45:00+0200,1553.43,MW,DK1,DK_1,actual_onshore_wind_generation,Wind Onshore,2026-08-21T06:40:18Z
2026-08-21T06:33:41Z,2026-08-21T08:33:41+0200,6801fa27-1585-43c5-af49-29c528898ba2,2026-08-07T06:00:00Z,2026-08-07T08:00:00+0200,1544.98,MW,DK1,DK_1,actual_onshore_wind_generation,Wind Onshore,2026-08-21T06:40:18Z
2026-08-21T06:33:41Z,2026-08-21T08:33:41+0200,6801fa27-1585-43c5-af49-29c528898ba2,2026-08-07T06:15:00Z,2026-08-07T08:15:00+0200,1557.77,MW,DK1,DK_1,actual_onshore_wind_generation,Wind Onshore,2026-08-21T06:40:18Z
2026-08-21T06:33:41Z,2026-08-21T08:33:41+0200,6801fa27-1585-43c5-af49-29c528898ba2,2026-08-07T06:30:00Z,2026-08-07T08:30:00+0200,1604.52,MW,DK1,DK_1,actual_onshore_wind_generation,Wind Onshore,2026-08-21T06:40:18Z
2026-08-21T06:33:41Z,2026-08-21T08:33:41+0200,6801fa27-1585-43c5-af49-29c528898ba2,2026-08-07T06:45:00Z,2026-08-07T08:45:00+0200,1589.65,MW,DK1,DK_1,actual_onshore_wind_generation,Wind Onshore,2026-08-21T06:40:18Z
2026-08-21T06:33:41Z,2026-08-21T08:33:41+0200,6801fa27-1585-43c5-af49-29c528898ba2,2026-08-07T07:00:00Z,2026-08-07T09:00:00+0200,1585.21,MW,DK1,DK_1,actual_onshore_wind_generation,Wind Onshore,2026-08-21T06:40:18Z
2026-08-21T06:33:41Z,2026-08-21T08:33:41+0200,6801fa27-1585-43c5-af49-29c528898ba2,2026-08-07T07:15:00Z,2026-08-07T09:15:00+0200,1661.69,MW,DK1,DK_1,actual_onshore_wind_generation,Wind Onshore,2026-08-21T06:40:18Z
2026-08-21T06:33:41Z,2026-08-21T08:33:41+0200,6801fa27-1585-43c5-af49-29c528898ba2,2026-08-07T07:30:00Z,2026-08-07T09:30:00+0200,1678.86,MW,DK1,DK_1,actual_onshore_wind_generation,Wind Onshore,2026-08-21T06:40:18Z
2026-08-21T06:33:41Z,2026-08-21T08:33:41+0200,6801fa27-1585-43c5-af49-29c528898ba2,2026-08-07T07:45:00Z,2026-08-07T09:45:00+0200,1694.38,MW,DK1,DK_1,actual_onshore_wind_generation,Wind Onshore,2026-08-21T06:40:18Z
2026-08-21T06:33:41Z,2026-08-21T08:33:41+0200,6801fa27-1585-43c5-af49-29c528898ba2,2026-08-07T08:00:00Z,2026-08-07T10:00:00+0200,1704.54,MW,DK1,DK_1,actual_onshore_wind_generation,Wind Onshore,2026-08-21T06:40:18Z
2026-08-21T06:33:41Z,2026-08-21T08:33:41+0200,6801fa27-1585-43c5-af49-29c528898ba2,2026-08-07T08:15:00Z,2026-08-07T10:15:00+0200,1779.2,MW,DK1,DK_1,actual_onshore_wind_generation,Wind Onshore,2026-08-21T06:40:18Z
2026-08-21T06:33:41Z,2026-08-21T08:33:41+0200,6801fa27-1585-43c5-af49-29c528898ba2,2026-08-07T08:30:00Z,2026-08-07T10:30:00+0200,1777.68,MW,DK1,DK_1,actual_onshore_wind_generation,Wind Onshore,2026-08-21T06:40:18Z
2026-08-21T06:33:41Z,2026-08-21T08:33:41+0200,6801fa27-1585-43c5-af49-29c528898ba2,2026-08-07T08:45:00Z,2026-08-07T10:45:00+0200,1748.47,MW,DK1,DK_1,actual_onshore_wind_generation,Wind Onshore,2026-08-21T06:40:18Z
2026-08-21T06:33:41Z,2026-08-21T08:33:41+0200,6801fa27-1585-43c5-af49-29c528898ba2,2026-08-07T09:00:00Z,2026-08-07T11:00:00+0200,1793.05,MW,DK1,DK_1,actual_onshore_wind_generation,Wind Onshore,2026-08-21T06:40:18Z
2026-08-21T06:33:41Z,2026-08-21T08:33:41+0200,6801fa27-1585-43c5-af49-29c528898ba2,2026-08-07T09:15:00Z,2026-08-07T11:15:00+0200,1831.58,MW,DK1,DK_1,actual_onshore_wind_generation,Wind Onshore,2026-08-21T06:40:18Z
2026-08-21T06:33:41Z,2026-08-21T08:33:41+0200,6801fa27-1585-43c5-af49-29c528898ba2,2026-08-07T09:30:00Z,2026-08-07T11:30:00+0200,1766.25,MW,DK1,DK_1,actual_onshore_wind_generation,Wind Onshore,2026-08-21T06:40:18Z
2026-08-21T06:33:41Z,2026-08-21T08:33:41+0200,6801fa27-1585-43c5-af49-29c528898ba2,2026-08-07T09:45:00Z,2026-08-07T11:45:00+0200,1781.44,MW,DK1,DK_1,actual_onshore_wind_generation,Wind Onshore,2026-08-21T06:40:18Z
2026-08-21T06:33:41Z,2026-08-21T08:33:41+0200,6801fa27-1585-43c5-af49-29c528898ba2,2026-08-07T10:00:00Z,2026-08-07T12:00:00+0200,1754.61,MW,DK1,DK_1,actual_onshore_wind_generation,Wind Onshore,2026-08-21T06:40:18Z
2026-08-21T06:33:41Z,2026-08-21T08:33:41+0200,6801fa27-1585-43c5-af49-29c528898ba2,2026-08-07T10:15:00Z,2026-08-07T12:15:00+0200,1773.6,MW,DK1,DK_1,actual_onshore_wind_generation,Wind Onshore,2026-08-21T06:40:18Z
2026-08-21T06:33:41Z,2026-08-21T08:33:41+0200,6801fa27-1585-43c5-af49-29c528898ba2,2026-08-07T10:30:00Z,2026-08-07T12:30:00+0200,1765.72,MW,DK1,DK_1,actual_onshore_wind_generation,Wind Onshore,2026-08-21T06:40:18Z
2026-08-21T06:33:41Z,2026-08-21T08:33:41+0200,6801fa27-1585-43c5-af49-29c528898ba2,2026-08-07T10:45:00Z,2026-08-07T12:45:00+0200,1799.29,MW,DK1,DK_1,actual_onshore_wind_generation,Wind Onshore,2026-08-21T06:40:18Z
2026-08-21T06:33:41Z,2026-08-21T08:33:41+0200,6801fa27-1585-43c5-af49-29c528898ba2,2026-08-07T11:00:00Z,2026-08-07T13:00:00+0200,1845.65,MW,DK1,DK_1,actual_onshore_wind_generation,Wind Onshore,2026-08-21T06:40:18Z
2026-08-21T06:33:41Z,2026-08-21T08:33:41+0200,6801fa27-1585-43c5-af49-29c528898ba2,2026-08-07T11:15:00Z,2026-08-07T13:15:00+0200,1844.72,MW,DK1,DK_1,actual_onshore_wind_generation,Wind Onshore,2026-08-21T06:40:18Z
2026-08-21T06:33:41Z,2026-08-21T08:33:41+0200,6801fa27-1585-43c5-af49-29c528898ba2,2026-08-07T11:30:00Z,2026-08-07T13:30:00+0200,1829.08,MW,DK1,DK_1,actual_onshore_wind_generation,Wind Onshore,2026-08-21T06:40:18Z
2026-08-21T06:33:41Z,2026-08-21T08:33:41+0200,6801fa27-1585-43c5-af49-29c528898ba2,2026-08-07T11:45:00Z,2026-08-07T13:45:00+0200,1845.03,MW,DK1,DK_1,actual_onshore_wind_generation,Wind Onshore,2026-08-21T06:40:18Z
2026-08-21T06:33:41Z,2026-08-21T08:33:41+0200,6801fa27-1585-43c5-af49-29c528898ba2,2026-08-07T12:00:00Z,2026-08-07T14:00:00+0200,1816.65,MW,DK1,DK_1,actual_onshore_wind_generation,Wind Onshore,2026-08-21T06:40:18Z
2026-08-21T06:33:41Z,2026-08-21T08:33:41+0200,6801fa27-1585-43c5-af49-29c528898ba2,2026-08-07T12:15:00Z,2026-08-07T14:15:00+0200,1841.89,MW,DK1,DK_1,actual_onshore_wind_generation,Wind Onshore,2026-08-21T06:40:18Z
2026-08-21T06:33:41Z,2026-08-21T08:33:41+0200,6801fa27-1585-43c5-af49-29c528898ba2,2026-08-07T12:30:00Z,2026-08-07T14:30:00+0200,1811.43,MW,DK1,DK_1,actual_onshore_wind_generation,Wind Onshore,2026-08-21T06:40:18Z
2026-08-21T06:33:41Z,2026-08-21T08:33:41+0200,6801fa27-1585-43c5-af49-29c528898ba2,2026-08-07T12:45:00Z,2026-08-07T14:45:00+0200,1869.16,MW,DK1,DK_1,actual_onshore_wind_generation,Wind Onshore,2026-08-21T06:40:18Z
2026-08-21T06:33:41Z,2026-08-21T08:33:41+0200,6801fa27-1585-43c5-af49-29c528898ba2,2026-08-07T13:00:00Z,2026-08-07T15:00:00+0200,2290.94,MW,DK1,DK_1,actual_onshore_wind_generation,Wind Onshore,2026-08-21T06:40:18Z
2026-08-21T06:33:41Z,2026-08-21T08:33:41+0200,6801fa27-1585-43c5-af49-29c528898ba2,2026-08-07T13:15:00Z,2026-08-07T15:15:00+0200,2294.49,MW,DK1,DK_1,actual_onshore_wind_generation,Wind Onshore,2026-08-21T06:40:18Z
2026-08-21T06:33:41Z,2026-08-21T08:33:41+0200,6801fa27-1585-43c5-af49-29c528898ba2,2026-08-07T13:30:00Z,2026-08-07T15:30:00+0200,2276.82,MW,DK1,DK_1,actual_onshore_wind_generation,Wind Onshore,2026-08-21T06:40:18Z
2026-08-21T06:33:41Z,2026-08-21T08:33:41+0200,6801fa27-1585-43c5-af49-29c528898ba2,2026-08-07T13:45:00Z,2026-08-07T15:45:00+0200,2295.23,MW,DK1,DK_1,actual_onshore_wind_generation,Wind Onshore,2026-08-21T06:40:18Z
2026-08-21T06:33:41Z,2026-08-21T08:33:41+0200,6801fa27-1585-43c5-af49-29c528898ba2,2026-08-07T14:00:00Z,2026-08-07T16:00:00+0200,2233.42,MW,DK1,DK_1,actual_onshore_wind_generation,Wind Onshore,2026-08-21T06:40:18Z
2026-08-21T06:33:41Z,2026-08-21T08:33:41+0200,6801fa27-1585-43c5-af49-29c528898ba2,2026-08-07T14:15:00Z,2026-08-07T16:15:00+0200,2221.29,MW,DK1,DK_1,actual_onshore_wind_generation,Wind Onshore,2026-08-21T06:40:18Z
2026-08-21T06:33:41Z,2026-08-21T08:33:41+0200,6801fa27-1585-43c5-af49-29c528898ba2,2026-08-07T14:30:00Z,2026-08-07T16:30:00+0200,2186.72,MW,DK1,DK_1,actual_onshore_wind_generation,Wind Onshore,2026-08-21T06:40:18Z
2026-08-21T06:33:41Z,2026-08-21T08:33:41+0200,6801fa27-1585-43c5-af49-29c528898ba2,2026-08-07T14:45:00Z,2026-08-07T16:45:00+0200,2146.15,MW,DK1,DK_1,actual_onshore_wind_generation,Wind Onshore,2026-08-21T06:40:18Z
2026-08-21T06:33:41Z,2026-08-21T08:33:41+0200,6801fa27-1585-43c5-af49-29c528898ba2,2026-08-07T15:00:00Z,2026-08-07T17:00:00+0200,2098.63,MW,DK1,DK_1,actual_onshore_wind_generation,Wind Onshore,2026-08-21T06:40:18Z
2026-08-21T06:33:41Z,2026-08-21T08:33:41+0200,6801fa27-1585-43c5-af49-29c528898ba2,2026-08-07T15:15:00Z,2026-08-07T17:15:00+0200,2057.45,MW,DK1,DK_1,actual_onshore_wind_generation,Wind Onshore,2026-08-21T06:40:18Z
2026-08-21T06:33:41Z,2026-08-21T08:33:41+0200,6801fa27-1585-43c5-af49-29c528898ba2,2026-08-07T15:30:00Z,2026-08-07T17:30:00+0200,2054.37,MW,DK1,DK_1,actual_onshore_wind_generation,Wind Onshore,2026-08-21T06:40:18Z
2026-08-21T06:33:41Z,2026-08-21T08:33:41+0200,6801fa27-1585-43c5-af49-29c528898ba2,2026-08-07T15:45:00Z,2026-08-07T17:45:00+0200,2031.54,MW,DK1,DK_1,actual_onshore_wind_generation,Wind Onshore,2026-08-21T06:40:18Z
2026-08-21T06:33:41Z,2026-08-21T08:33:41+0200,6801fa27-1585-43c5-af49-29c528898ba2,2026-08-07T16:00:00Z,2026-08-07T18:00:00+0200,1978.85,MW,DK1,DK_1,actual_onshore_wind_generation,Wind Onshore,2026-08-21T06:40:18Z
2026-08-21T06:33:41Z,2026-08-21T08:33:41+0200,6801fa27-1585-43c5-af49-29c528898ba2,2026-08-07T16:15:00Z,2026-08-07T18:15:00+0200,1929.23,MW,DK1,DK_1,actual_onshore_wind_generation,Wind Onshore,2026-08-21T06:40:18Z
2026-08-21T06:33:41Z,2026-08-21T08:33:41+0200,6801fa27-1585-43c5-af49-29c528898ba2,2026-08-07T16:30:00Z,2026-08-07T18:30:00+0200,1858.39,MW,DK1,DK_1,actual_onshore_wind_generation,Wind Onshore,2026-08-21T06:40:18Z
2026-08-21T06:33:41Z,2026-08-21T08:33:41+0200,6801fa27-1585-43c5-af49-29c528898ba2,2026-08-07T16:45:00Z,2026-08-07T18:45:00+0200,1830.14,MW,DK1,DK_1,actual_onshore_wind_generation,Wind Onshore,2026-08-21T06:40:18Z
2026-08-21T06:33:41Z,2026-08-21T08:33:41+0200,6801fa27-1585-43c5-af49-29c528898ba2,2026-08-07T17:00:00Z,2026-08-07T19:00:00+0200,1747.76,MW,DK1,DK_1,actual_onshore_wind_generation,Wind Onshore,2026-08-21T06:40:18Z
2026-08-21T06:33:41Z,2026-08-21T08:33:41+0200,6801fa27-1585-43c5-af49-29c528898ba2,2026-08-07T17:15:00Z,2026-08-07T19:15:00+0200,1669.45,MW,DK1,DK_1,actual_onshore_wind_generation,Wind Onshore,2026-08-21T06:40:18Z
2026-08-21T06:33:41Z,2026-08-21T08:33:41+0200,6801fa27-1585-43c5-af49-29c528898ba2,2026-08-07T17:30:00Z,2026-08-07T19:30:00+0200,1598.59,MW,DK1,DK_1,actual_onshore_wind_generation,Wind Onshore,2026-08-21T06:40:18Z
2026-08-21T06:33:41Z,2026-08-21T08:33:41+0200,6801fa27-1585-43c5-af49-29c528898ba2,2026-08-07T17:45:00Z,2026-08-07T19:45:00+0200,1447.65,MW,DK1,DK_1,actual_onshore_wind_generation,Wind Onshore,2026-08-21T06:40:18Z
2026-08-21T06:33:41Z,2026-08-21T08:33:41+0200,6801fa27-1585-43c5-af49-29c528898ba2,2026-08-07T18:00:00Z,2026-08-07T20:00:00+0200,1287.23,MW,DK1,DK_1,actual_onshore_wind_generation,Wind Onshore,2026-08-21T06:40:18Z
2026-08-21T06:33:41Z,2026-08-21T08:33:41+0200,6801fa27-1585-43c5-af49-29c528898ba2,2026-08-07T18:15:00Z,2026-08-07T20:15:00+0200,1107.61,MW,DK1,DK_1,actual_onshore_wind_generation,Wind Onshore,2026-08-21T06:40:18Z
2026-08-21T06:33:41Z,2026-08-21T08:33:41+0200,6801fa27-1585-43c5-af49-29c528898ba2,2026-08-07T18:30:00Z,2026-08-07T20:30:00+0200,998.797,MW,DK1,DK_1,actual_onshore_wind_generation,Wind Onshore,2026-08-21T06:40:18Z
2026-08-21T06:33:41Z,2026-08-21T08:33:41+0200,6801fa27-1585-43c5-af49-29c528898ba2,2026-08-07T18:45:00Z,2026-08-07T20:45:00+0200,888.167,MW,DK1,DK_1,actual_onshore_wind_generation,Wind Onshore,2026-08-21T06:40:18Z
2026-08-21T06:33:41Z,2026-08-21T08:33:41+0200,6801fa27-1585-43c5-af49-29c528898ba2,2026-08-07T19:00:00Z,2026-08-07T21:00:00+0200,773.056,MW,DK1,DK_1,actual_onshore_wind_generation,Wind Onshore,2026-08-21T06:40:18Z
2026-08-21T06:33:41Z,2026-08-21T08:33:41+0200,6801fa27-1585-43c5-af49-29c528898ba2,2026-08-07T19:15:00Z,2026-08-07T21:15:00+0200,711.886,MW,DK1,DK_1,actual_onshore_wind_generation,Wind Onshore,2026-08-21T06:40:18Z
2026-08-21T06:33:41Z,2026-08-21T08:33:41+0200,6801fa27-1585-43c5-af49-29c528898ba2,2026-08-07T19:30:00Z,2026-08-07T21:30:00+0200,697.25,MW,DK1,DK_1,actual_onshore_wind_generation,Wind Onshore,2026-08-21T06:40:18Z
2026-08-21T06:33:41Z,2026-08-21T08:33:41+0200,6801fa27-1585-43c5-af49-29c528898ba2,2026-08-07T19:45:00Z,2026-08-07T21:45:00+0200,673.446,MW,DK1,DK_1,actual_onshore_wind_generation,Wind Onshore,2026-08-21T06:40:18Z
2026-08-21T06:33:41Z,2026-08-21T08:33:41+0200,6801fa27-1585-43c5-af49-29c528898ba2,2026-08-07T20:00:00Z,2026-08-07T22:00:00+0200,695.372,MW,DK1,DK_1,actual_onshore_wind_generation,Wind Onshore,2026-08-21T06:40:18Z
2026-08-21T06:33:41Z,2026-08-21T08:33:41+0200,6801fa27-1585-43c5-af49-29c528898ba2,2026-08-07T20:15:00Z,2026-08-07T22:15:00+0200,706.261,MW,DK1,DK_1,actual_onshore_wind_generation,Wind Onshore,2026-08-21T06:40:18Z
2026-08-21T06:33:41Z,2026-08-21T08:33:41+0200,6801fa27-1585-43c5-af49-29c528898ba2,2026-08-07T20:30:00Z,2026-08-07T22:30:00+0200,720.678,MW,DK1,DK_1,actual_onshore_wind_generation,Wind Onshore,2026-08-21T06:40:18Z
2026-08-21T06:33:41Z,2026-08-21T08:33:41+0200,6801fa27-1585-43c5-af49-29c528898ba2,2026-08-07T20:45:00Z,2026-08-07T22:45:00+0200,727.756,MW,DK1,DK_1,actual_onshore_wind_generation,Wind Onshore,2026-08-21T06:40:18Z
2026-08-21T06:33:41Z,2026-08-21T08:33:41+0200,6801fa27-1585-43c5-af49-29c528898ba2,2026-08-07T21:00:00Z,2026-08-07T23:00:00+0200,743.63,MW,DK1,DK_1,actual_onshore_wind_generation,Wind Onshore,2026-08-21T06:40:18Z
2026-08-21T06:33:41Z,2026-08-21T08:33:41+0200,6801fa27-1585-43c5-af49-29c528898ba2,2026-08-07T21:15:00Z,2026-08-07T23:15:00+0200,738.406,MW,DK1,DK_1,actual_onshore_wind_generation,Wind Onshore,2026-08-21T06:40:18Z
2026-08-21T06:33:41Z,2026-08-21T08:33:41+0200,6801fa27-1585-43c5-af49-29c528898ba2,2026-08-07T21:30:00Z,2026-08-07T23:30:00+0200,718.201,MW,DK1,DK_1,actual_onshore_wind_generation,Wind Onshore,2026-08-21T06:40:18Z
2026-08-21T06:33:41Z,2026-08-21T08:33:41+0200,6801fa27-1585-43c5-af49-29c528898ba2,2026-08-07T21:45:00Z,2026-08-07T23:45:00+0200,715.007,MW,DK1,DK_1,actual_onshore_wind_generation,Wind Onshore,2026-08-21T06:40:18Z
2026-08-21T06:33:41Z,2026-08-21T08:33:41+0200,6801fa27-1585-43c5-af49-29c528898ba2,2026-08-07T22:00:00Z,2026-08-08T00:00:00+0200,742.082,MW,DK1,DK_1,actual_onshore_wind_generation,Wind Onshore,2026-08-21T06:40:18Z
2026-08-21T06:33:41Z,2026-08-21T08:33:41+0200,6801fa27-1585-43c5-af49-29c528898ba2,2026-08-07T22:15:00Z,2026-08-08T00:15:00+0200,744.398,MW,DK1,DK_1,actual_onshore_wind_generation,Wind Onshore,2026-08-21T06:40:18Z
2026-08-21T06:33:41Z,2026-08-21T08:33:41+0200,6801fa27-1585-43c5-af49-29c528898ba2,2026-08-07T22:30:00Z,2026-08-08T00:30:00+0200,755.405,MW,DK1,DK_1,actual_onshore_wind_generation,Wind Onshore,2026-08-21T06:40:18Z
2026-08-21T06:33:41Z,2026-08-21T08:33:41+0200,6801fa27-1585-43c5-af49-29c528898ba2,2026-08-07T22:45:00Z,2026-08-08T00:45:00+0200,769.575,MW,DK1,DK_1,actual_onshore_wind_generation,Wind Onshore,2026-08-21T06:40:18Z
2026-08-21T06:33:41Z,2026-08-21T08:33:41+0200,6801fa27-1585-43c5-af49-29c528898ba2,2026-08-07T23:00:00Z,2026-08-08T01:00:00+0200,777.641,MW,DK1,DK_1,actual_onshore_wind_generation,Wind Onshore,2026-08-21T06:40:18Z
2026-08-21T06:33:41Z,2026-08-21T08:33:41+0200,6801fa27-1585-43c5-af49-29c528898ba2,2026-08-07T23:15:00Z,2026-08-08T01:15:00+0200,790.133,MW,DK1,DK_1,actual_onshore_wind_generation,Wind Onshore,2026-08-21T06:40:18Z
2026-08-21T06:33:41Z,2026-08-21T08:33:41+0200,6801fa27-1585-43c5-af49-29c528898ba2,2026-08-07T23:30:00Z,2026-08-08T01:30:00+0200,796.692,MW,DK1,DK_1,actual_onshore_wind_generation,Wind Onshore,2026-08-21T06:40:18Z
2026-08-21T06:33:41Z,2026-08-21T08:33:41+0200,6801fa27-1585-43c5-af49-29c528898ba2,2026-08-07T23:45:00Z,2026-08-08T01:45:00+0200,803.303,MW,DK1,DK_1,actual_onshore_wind_generation,Wind Onshore,2026-08-21T06:40:18Z
2026-08-21T06:33:41Z,2026-08-21T08:33:41+0200,6801fa27-1585-43c5-af49-29c528898ba2,2026-08-08T00:00:00Z,2026-08-08T02:00:00+0200,785.613,MW,DK1,DK_1,actual_onshore_wind_generation,Wind Onshore,2026-08-21T06:40:18Z
2026-08-21T06:33:41Z,2026-08-21T08:33:41+0200,6801fa27-1585-43c5-af49-29c528898ba2,2026-08-08T00:15:00Z,2026-08-08T02:15:00+0200,757.657,MW,DK1,DK_1,actual_onshore_wind_generation,Wind Onshore,2026-08-21T06:40:18Z
2026-08-21T06:33:41Z,2026-08-21T08:33:41+0200,6801fa27-1585-43c5-af49-29c528898ba2,2026-08-08T00:30:00Z,2026-08-08T02:30:00+0200,734.968,MW,DK1,DK_1,actual_onshore_wind_generation,Wind Onshore,2026-08-21T06:40:18Z
2026-08-21T06:33:41Z,2026-08-21T08:33:41+0200,6801fa27-1585-43c5-af49-29c528898ba2,2026-08-08T00:45:00Z,2026-08-08T02:45:00+0200,726.581,MW,DK1,DK_1,actual_onshore_wind_generation,Wind Onshore,2026-08-21T06:40:18Z
2026-08-21T06:33:41Z,2026-08-21T08:33:41+0200,6801fa27-1585-43c5-af49-29c528898ba2,2026-08-08T01:00:00Z,2026-08-08T03:00:00+0200,707.664,MW,DK1,DK_1,actual_onshore_wind_generation,Wind Onshore,2026-08-21T06:40:18Z
2026-08-21T06:33:41Z,2026-08-21T08:33:41+0200,6801fa27-1585-43c5-af49-29c528898ba2,2026-08-08T01:15:00Z,2026-08-08T03:15:00+0200,694.272,MW,DK1,DK_1,actual_onshore_wind_generation,Wind Onshore,2026-08-21T06:40:18Z
2026-08-21T06:33:41Z,2026-08-21T08:33:41+0200,6801fa27-1585-43c5-af49-29c528898ba2,2026-08-08T01:30:00Z,2026-08-08T03:30:00+0200,674.274,MW,DK1,DK_1,actual_onshore_wind_generation,Wind Onshore,2026-08-21T06:40:18Z
2026-08-21T06:33:41Z,2026-08-21T08:33:41+0200,6801fa27-1585-43c5-af49-29c528898ba2,2026-08-08T01:45:00Z,2026-08-08T03:45:00+0200,666.574,MW,DK1,DK_1,actual_onshore_wind_generation,Wind Onshore,2026-08-21T06:40:18Z
2026-08-21T06:33:41Z,2026-08-21T08:33:41+0200,6801fa27-1585-43c5-af49-29c528898ba2,2026-08-08T02:00:00Z,2026-08-08T04:00:00+0200,638.558,MW,DK1,DK_1,actual_onshore_wind_generation,Wind Onshore,2026-08-21T06:40:18Z
2026-08-21T06:33:41Z,2026-08-21T08:33:41+0200,6801fa27-1585-43c5-af49-29c528898ba2,2026-08-08T02:15:00Z,2026-08-08T04:15:00+0200,621.728,MW,DK1,DK_1,actual_onshore_wind_generation,Wind Onshore,2026-08-21T06:40:18Z
2026-08-21T06:33:41Z,2026-08-21T08:33:41+0200,6801fa27-1585-43c5-af49-29c528898ba2,2026-08-08T02:30:00Z,2026-08-08T04:30:00+0200,617.96,MW,DK1,DK_1,actual_onshore_wind_generation,Wind Onshore,2026-08-21T06:40:18Z
2026-08-21T06:33:41Z,2026-08-21T08:33:41+0200,6801fa27-1585-43c5-af49-29c528898ba2,2026-08-08T02:45:00Z,2026-08-08T04:45:00+0200,618.075,MW,DK1,DK_1,actual_onshore_wind_generation,Wind Onshore,2026-08-21T06:40:18Z
2026-08-21T06:33:41Z,2026-08-21T08:33:41+0200,6801fa27-1585-43c5-af49-29c528898ba2,2026-08-08T03:00:00Z,2026-08-08T05:00:00+0200,635.956,MW,DK1,DK_1,actual_onshore_wind_generation,Wind Onshore,2026-08-21T06:40:18Z
2026-08-21T06:33:41Z,2026-08-21T08:33:41+0200,6801fa27-1585-43c5-af49-29c528898ba2,2026-08-08T03:15:00Z,2026-08-08T05:15:00+0200,653.52,MW,DK1,DK_1,actual_onshore_wind_generation,Wind Onshore,2026-08-21T06:40:18Z
2026-08-21T06:33:41Z,2026-08-21T08:33:41+0200,6801fa27-1585-43c5-af49-29c528898ba2,2026-08-08T03:30:00Z,2026-08-08T05:30:00+0200,668.632,MW,DK1,DK_1,actual_onshore_wind_generation,Wind Onshore,2026-08-21T06:40:18Z
2026-08-21T06:33:41Z,2026-08-21T08:33:41+0200,6801fa27-1585-43c5-af49-29c528898ba2,2026-08-08T03:45:00Z,2026-08-08T05:45:00+0200,698.508,MW,DK1,DK_1,actual_onshore_wind_generation,Wind Onshore,2026-08-21T06:40:18Z
2026-08-21T06:33:41Z,2026-08-21T08:33:41+0200,6801fa27-1585-43c5-af49-29c528898ba2,2026-08-08T04:00:00Z,2026-08-08T06:00:00+0200,662.461,MW,DK1,DK_1,actual_onshore_wind_generation,Wind Onshore,2026-08-21T06:40:18Z
2026-08-21T06:33:41Z,2026-08-21T08:33:41+0200,6801fa27-1585-43c5-af49-29c528898ba2,2026-08-08T04:15:00Z,2026-08-08T06:15:00+0200,634.093,MW,DK1,DK_1,actual_onshore_wind_generation,Wind Onshore,2026-08-21T06:40:18Z
2026-08-21T06:33:41Z,2026-08-21T08:33:41+0200,6801fa27-1585-43c5-af49-29c528898ba2,2026-08-08T04:30:00Z,2026-08-08T06:30:00+0200,619.981,MW,DK1,DK_1,actual_onshore_wind_generation,Wind Onshore,2026-08-21T06:40:18Z
2026-08-21T06:33:41Z,2026-08-21T08:33:41+0200,6801fa27-1585-43c5-af49-29c528898ba2,2026-08-08T04:45:00Z,2026-08-08T06:45:00+0200,617.336,MW,DK1,DK_1,actual_onshore_wind_generation,Wind Onshore,2026-08-21T06:40:18Z
2026-08-21T06:33:41Z,2026-08-21T08:33:41+0200,6801fa27-1585-43c5-af49-29c528898ba2,2026-08-08T05:00:00Z,2026-08-08T07:00:00+0200,607.069,MW,DK1,DK_1,actual_onshore_wind_generation,Wind Onshore,2026-08-21T06:40:18Z
2026-08-21T06:33:41Z,2026-08-21T08:33:41+0200,6801fa27-1585-43c5-af49-29c528898ba2,2026-08-08T05:15:00Z,2026-08-08T07:15:00+0200,593.829,MW,DK1,DK_1,actual_onshore_wind_generation,Wind Onshore,2026-08-21T06:40:18Z
2026-08-21T06:33:41Z,2026-08-21T08:33:41+0200,6801fa27-1585-43c5-af49-29c528898ba2,2026-08-08T05:30:00Z,2026-08-08T07:30:00+0200,577.893,MW,DK1,DK_1,actual_onshore_wind_generation,Wind Onshore,2026-08-21T06:40:18Z
2026-08-21T06:33:41Z,2026-08-21T08:33:41+0200,6801fa27-1585-43c5-af49-29c528898ba2,2026-08-08T05:45:00Z,2026-08-08T07:45:00+0200,562.96,MW,DK1,DK_1,actual_onshore_wind_generation,Wind Onshore,2026-08-21T06:40:18Z
2026-08-21T06:33:41Z,2026-08-21T08:33:41+0200,6801fa27-1585-43c5-af49-29c528898ba2,2026-08-08T06:00:00Z,2026-08-08T08:00:00+0200,600.686,MW,DK1,DK_1,actual_onshore_wind_generation,Wind Onshore,2026-08-21T06:40:18Z
2026-08-21T06:33:41Z,2026-08-21T08:33:41+0200,6801fa27-1585-43c5-af49-29c528898ba2,2026-08-08T06:15:00Z,2026-08-08T08:15:00+0200,647.422,MW,DK1,DK_1,actual_onshore_wind_generation,Wind Onshore,2026-08-21T06:40:18Z
2026-08-21T06:33:41Z,2026-08-21T08:33:41+0200,6801fa27-1585-43c5-af49-29c528898ba2,2026-08-08T06:30:00Z,2026-08-08T08:30:00+0200,765.917,MW,DK1,DK_1,actual_onshore_wind_generation,Wind Onshore,2026-08-21T06:40:18Z
2026-08-21T06:33:41Z,2026-08-21T08:33:41+0200,6801fa27-1585-43c5-af49-29c528898ba2,2026-08-08T06:45:00Z,2026-08-08T08:45:00+0200,884.096,MW,DK1,DK_1,actual_onshore_wind_generation,Wind Onshore,2026-08-21T06:40:18Z
2026-08-21T06:33:41Z,2026-08-21T08:33:41+0200,6801fa27-1585-43c5-af49-29c528898ba2,2026-08-08T07:00:00Z,2026-08-08T09:00:00+0200,1016.28,MW,DK1,DK_1,actual_onshore_wind_generation,Wind Onshore,2026-08-21T06:40:18Z
2026-08-21T06:33:41Z,2026-08-21T08:33:41+0200,6801fa27-1585-43c5-af49-29c528898ba2,2026-08-08T07:15:00Z,2026-08-08T09:15:00+0200,1139.48,MW,DK1,DK_1,actual_onshore_wind_generation,Wind Onshore,2026-08-21T06:40:18Z
2026-08-21T06:33:41Z,2026-08-21T08:33:41+0200,6801fa27-1585-43c5-af49-29c528898ba2,2026-08-08T07:30:00Z,2026-08-08T09:30:00+0200,1189.24,MW,DK1,DK_1,actual_onshore_wind_generation,Wind Onshore,2026-08-21T06:40:18Z
2026-08-21T06:33:41Z,2026-08-21T08:33:41+0200,6801fa27-1585-43c5-af49-29c528898ba2,2026-08-08T07:45:00Z,2026-08-08T09:45:00+0200,1188.2,MW,DK1,DK_1,actual_onshore_wind_generation,Wind Onshore,2026-08-21T06:40:18Z
2026-08-21T06:33:41Z,2026-08-21T08:33:41+0200,6801fa27-1585-43c5-af49-29c528898ba2,2026-08-08T08:00:00Z,2026-08-08T10:00:00+0200,1208.73,MW,DK1,DK_1,actual_onshore_wind_generation,Wind Onshore,2026-08-21T06:40:18Z
2026-08-21T06:33:41Z,2026-08-21T08:33:41+0200,6801fa27-1585-43c5-af49-29c528898ba2,2026-08-08T08:15:00Z,2026-08-08T10:15:00+0200,1049.01,MW,DK1,DK_1,actual_onshore_wind_generation,Wind Onshore,2026-08-21T06:40:18Z
2026-08-21T06:33:41Z,2026-08-21T08:33:41+0200,6801fa27-1585-43c5-af49-29c528898ba2,2026-08-08T08:30:00Z,2026-08-08T10:30:00+0200,1010.66,MW,DK1,DK_1,actual_onshore_wind_generation,Wind Onshore,2026-08-21T06:40:18Z
2026-08-21T06:33:41Z,2026-08-21T08:33:41+0200,6801fa27-1585-43c5-af49-29c528898ba2,2026-08-08T08:45:00Z,2026-08-08T10:45:00+0200,1051.08,MW,DK1,DK_1,actual_onshore_wind_generation,Wind Onshore,2026-08-21T06:40:18Z
2026-08-21T06:33:41Z,2026-08-21T08:33:41+0200,6801fa27-1585-43c5-af49-29c528898ba2,2026-08-08T09:00:00Z,2026-08-08T11:00:00+0200,1087.91,MW,DK1,DK_1,actual_onshore_wind_generation,Wind Onshore,2026-08-21T06:40:18Z
2026-08-21T06:33:41Z,2026-08-21T08:33:41+0200,6801fa27-1585-43c5-af49-29c528898ba2,2026-08-08T09:15:00Z,2026-08-08T11:15:00+0200,1080.11,MW,DK1,DK_1,actual_onshore_wind_generation,Wind Onshore,2026-08-21T06:40:18Z
2026-08-21T06:33:41Z,2026-08-21T08:33:41+0200,6801fa27-1585-43c5-af49-29c528898ba2,2026-08-08T09:30:00Z,2026-08-08T11:30:00+0200,1087.35,MW,DK1,DK_1,actual_onshore_wind_generation,Wind Onshore,2026-08-21T06:40:18Z
2026-08-21T06:33:41Z,2026-08-21T08:33:41+0200,6801fa27-1585-43c5-af49-29c528898ba2,2026-08-08T09:45:00Z,2026-08-08T11:45:00+0200,1102.21,MW,DK1,DK_1,actual_onshore_wind_generation,Wind Onshore,2026-08-21T06:40:18Z
2026-08-21T06:33:41Z,2026-08-21T08:33:41+0200,6801fa27-1585-43c5-af49-29c528898ba2,2026-08-08T10:00:00Z,2026-08-08T12:00:00+0200,1111.48,MW,DK1,DK_1,actual_onshore_wind_generation,Wind Onshore,2026-08-21T06:40:18Z
2026-08-21T06:33:41Z,2026-08-21T08:33:41+0200,6801fa27-1585-43c5-af49-29c528898ba2,2026-08-08T10:15:00Z,2026-08-08T12:15:00+0200,1088.28,MW,DK1,DK_1,actual_onshore_wind_generation,Wind Onshore,2026-08-21T06:40:18Z
2026-08-21T06:33:41Z,2026-08-21T08:33:41+0200,6801fa27-1585-43c5-af49-29c528898ba2,2026-08-08T10:30:00Z,2026-08-08T12:30:00+0200,1068.43,MW,DK1,DK_1,actual_onshore_wind_generation,Wind Onshore,2026-08-21T06:40:18Z
2026-08-21T06:33:41Z,2026-08-21T08:33:41+0200,6801fa27-1585-43c5-af49-29c528898ba2,2026-08-08T10:45:00Z,2026-08-08T12:45:00+0200,1018.49,MW,DK1,DK_1,actual_onshore_wind_generation,Wind Onshore,2026-08-21T06:40:18Z
2026-08-21T06:33:41Z,2026-08-21T08:33:41+0200,6801fa27-1585-43c5-af49-29c528898ba2,2026-08-08T11:00:00Z,2026-08-08T13:00:00+0200,1039.89,MW,DK1,DK_1,actual_onshore_wind_generation,Wind Onshore,2026-08-21T06:40:18Z
2026-08-21T06:33:41Z,2026-08-21T08:33:41+0200,6801fa27-1585-43c5-af49-29c528898ba2,2026-08-08T11:15:00Z,2026-08-08T13:15:00+0200,1053.23,MW,DK1,DK_1,actual_onshore_wind_generation,Wind Onshore,2026-08-21T06:40:18Z
2026-08-21T06:33:41Z,2026-08-21T08:33:41+0200,6801fa27-1585-43c5-af49-29c528898ba2,2026-08-08T11:30:00Z,2026-08-08T13:30:00+0200,1093.78,MW,DK1,DK_1,actual_onshore_wind_generation,Wind Onshore,2026-08-21T06:40:18Z
2026-08-21T06:33:41Z,2026-08-21T08:33:41+0200,6801fa27-1585-43c5-af49-29c528898ba2,2026-08-08T11:45:00Z,2026-08-08T13:45:00+0200,1125.91,MW,DK1,DK_1,actual_onshore_wind_generation,Wind Onshore,2026-08-21T06:40:18Z
2026-08-21T06:33:41Z,2026-08-21T08:33:41+0200,6801fa27-1585-43c5-af49-29c528898ba2,2026-08-08T12:00:00Z,2026-08-08T14:00:00+0200,1147.79,MW,DK1,DK_1,actual_onshore_wind_generation,Wind Onshore,2026-08-21T06:40:18Z
2026-08-21T06:33:41Z,2026-08-21T08:33:41+0200,6801fa27-1585-43c5-af49-29c528898ba2,2026-08-08T12:15:00Z,2026-08-08T14:15:00+0200,1124.48,MW,DK1,DK_1,actual_onshore_wind_generation,Wind Onshore,2026-08-21T06:40:18Z
2026-08-21T06:33:41Z,2026-08-21T08:33:41+0200,6801fa27-1585-43c5-af49-29c528898ba2,2026-08-08T12:30:00Z,2026-08-08T14:30:00+0200,1115.71,MW,DK1,DK_1,actual_onshore_wind_generation,Wind Onshore,2026-08-21T06:40:18Z
2026-08-21T06:33:41Z,2026-08-21T08:33:41+0200,6801fa27-1585-43c5-af49-29c528898ba2,2026-08-08T12:45:00Z,2026-08-08T14:45:00+0200,1105.77,MW,DK1,DK_1,actual_onshore_wind_generation,Wind Onshore,2026-08-21T06:40:18Z
2026-08-21T06:33:41Z,2026-08-21T08:33:41+0200,6801fa27-1585-43c5-af49-29c528898ba2,2026-08-08T13:00:00Z,2026-08-08T15:00:00+0200,1096.62,MW,DK1,DK_1,actual_onshore_wind_generation,Wind Onshore,2026-08-21T06:40:18Z
2026-08-21T06:33:41Z,2026-08-21T08:33:41+0200,6801fa27-1585-43c5-af49-29c528898ba2,2026-08-08T13:15:00Z,2026-08-08T15:15:00+0200,1091.39,MW,DK1,DK_1,actual_onshore_wind_generation,Wind Onshore,2026-08-21T06:40:18Z
2026-08-21T06:33:41Z,2026-08-21T08:33:41+0200,6801fa27-1585-43c5-af49-29c528898ba2,2026-08-08T13:30:00Z,2026-08-08T15:30:00+0200,1092.6,MW,DK1,DK_1,actual_onshore_wind_generation,Wind Onshore,2026-08-21T06:40:18Z
2026-08-21T06:33:41Z,2026-08-21T08:33:41+0200,6801fa27-1585-43c5-af49-29c528898ba2,2026-08-08T13:45:00Z,2026-08-08T15:45:00+0200,1058.78,MW,DK1,DK_1,actual_onshore_wind_generation,Wind Onshore,2026-08-21T06:40:18Z
2026-08-21T06:33:41Z,2026-08-21T08:33:41+0200,6801fa27-1585-43c5-af49-29c528898ba2,2026-08-08T14:00:00Z,2026-08-08T16:00:00+0200,950.876,MW,DK1,DK_1,actual_onshore_wind_generation,Wind Onshore,2026-08-21T06:40:18Z
2026-08-21T06:33:41Z,2026-08-21T08:33:41+0200,6801fa27-1585-43c5-af49-29c528898ba2,2026-08-08T14:15:00Z,2026-08-08T16:15:00+0200,995.324,MW,DK1,DK_1,actual_onshore_wind_generation,Wind Onshore,2026-08-21T06:40:18Z
2026-08-21T06:33:41Z,2026-08-21T08:33:41+0200,6801fa27-1585-43c5-af49-29c528898ba2,2026-08-08T14:30:00Z,2026-08-08T16:30:00+0200,1033.41,MW,DK1,DK_1,actual_onshore_wind_generation,Wind Onshore,2026-08-21T06:40:18Z
2026-08-21T06:33:41Z,2026-08-21T08:33:41+0200,6801fa27-1585-43c5-af49-29c528898ba2,2026-08-08T14:45:00Z,2026-08-08T16:45:00+0200,1043.34,MW,DK1,DK_1,actual_onshore_wind_generation,Wind Onshore,2026-08-21T06:40:18Z
2026-08-21T06:33:41Z,2026-08-21T08:33:41+0200,6801fa27-1585-43c5-af49-29c528898ba2,2026-08-08T15:00:00Z,2026-08-08T17:00:00+0200,1004.57,MW,DK1,DK_1,actual_onshore_wind_generation,Wind Onshore,2026-08-21T06:40:18Z
2026-08-21T06:33:41Z,2026-08-21T08:33:41+0200,6801fa27-1585-43c5-af49-29c528898ba2,2026-08-08T15:15:00Z,2026-08-08T17:15:00+0200,1131.15,MW,DK1,DK_1,actual_onshore_wind_generation,Wind Onshore,2026-08-21T06:40:18Z
2026-08-21T06:33:41Z,2026-08-21T08:33:41+0200,6801fa27-1585-43c5-af49-29c528898ba2,2026-08-08T15:30:00Z,2026-08-08T17:30:00+0200,1132.97,MW,DK1,DK_1,actual_onshore_wind_generation,Wind Onshore,2026-08-21T06:40:18Z
2026-08-21T06:33:41Z,2026-08-21T08:33:41+0200,6801fa27-1585-43c5-af49-29c528898ba2,2026-08-08T15:45:00Z,2026-08-08T17:45:00+0200,1108.21,MW,DK1,DK_1,actual_onshore_wind_generation,Wind Onshore,2026-08-21T06:40:18Z
2026-08-21T06:33:41Z,2026-08-21T08:33:41+0200,6801fa27-1585-43c5-af49-29c528898ba2,2026-08-08T16:00:00Z,2026-08-08T18:00:00+0200,1111.8,MW,DK1,DK_1,actual_onshore_wind_generation,Wind Onshore,2026-08-21T06:40:18Z
2026-08-21T06:33:41Z,2026-08-21T08:33:41+0200,6801fa27-1585-43c5-af49-29c528898ba2,2026-08-08T16:15:00Z,2026-08-08T18:15:00+0200,1093.97,MW,DK1,DK_1,actual_onshore_wind_generation,Wind Onshore,2026-08-21T06:40:18Z
2026-08-21T06:33:41Z,2026-08-21T08:33:41+0200,6801fa27-1585-43c5-af49-29c528898ba2,2026-08-08T16:30:00Z,2026-08-08T18:30:00+0200,1066.33,MW,DK1,DK_1,actual_onshore_wind_generation,Wind Onshore,2026-08-21T06:40:18Z
2026-08-21T06:33:41Z,2026-08-21T08:33:41+0200,6801fa27-1585-43c5-af49-29c528898ba2,2026-08-08T16:45:00Z,2026-08-08T18:45:00+0200,1015.67,MW,DK1,DK_1,actual_onshore_wind_generation,Wind Onshore,2026-08-21T06:40:18Z
2026-08-21T06:33:41Z,2026-08-21T08:33:41+0200,6801fa27-1585-43c5-af49-29c528898ba2,2026-08-08T17:00:00Z,2026-08-08T19:00:00+0200,961.725,MW,DK1,DK_1,actual_onshore_wind_generation,Wind Onshore,2026-08-21T06:40:18Z
2026-08-21T06:33:41Z,2026-08-21T08:33:41+0200,6801fa27-1585-43c5-af49-29c528898ba2,2026-08-08T17:15:00Z,2026-08-08T19:15:00+0200,925.024,MW,DK1,DK_1,actual_onshore_wind_generation,Wind Onshore,2026-08-21T06:40:18Z
2026-08-21T06:33:41Z,2026-08-21T08:33:41+0200,6801fa27-1585-43c5-af49-29c528898ba2,2026-08-08T17:30:00Z,2026-08-08T19:30:00+0200,837.57,MW,DK1,DK_1,actual_onshore_wind_generation,Wind Onshore,2026-08-21T06:40:18Z
2026-08-21T06:33:41Z,2026-08-21T08:33:41+0200,6801fa27-1585-43c5-af49-29c528898ba2,2026-08-08T17:45:00Z,2026-08-08T19:45:00+0200,753.524,MW,DK1,DK_1,actual_onshore_wind_generation,Wind Onshore,2026-08-21T06:40:18Z
2026-08-21T06:33:41Z,2026-08-21T08:33:41+0200,6801fa27-1585-43c5-af49-29c528898ba2,2026-08-08T18:00:00Z,2026-08-08T20:00:00+0200,642.159,MW,DK1,DK_1,actual_onshore_wind_generation,Wind Onshore,2026-08-21T06:40:18Z
2026-08-21T06:33:41Z,2026-08-21T08:33:41+0200,6801fa27-1585-43c5-af49-29c528898ba2,2026-08-08T18:15:00Z,2026-08-08T20:15:00+0200,570.667,MW,DK1,DK_1,actual_onshore_wind_generation,Wind Onshore,2026-08-21T06:40:18Z
2026-08-21T06:33:41Z,2026-08-21T08:33:41+0200,6801fa27-1585-43c5-af49-29c528898ba2,2026-08-08T18:30:00Z,2026-08-08T20:30:00+0200,515.269,MW,DK1,DK_1,actual_onshore_wind_generation,Wind Onshore,2026-08-21T06:40:18Z
2026-08-21T06:33:41Z,2026-08-21T08:33:41+0200,6801fa27-1585-43c5-af49-29c528898ba2,2026-08-08T18:45:00Z,2026-08-08T20:45:00+0200,483.482,MW,DK1,DK_1,actual_onshore_wind_generation,Wind Onshore,2026-08-21T06:40:18Z
2026-08-21T06:33:41Z,2026-08-21T08:33:41+0200,6801fa27-1585-43c5-af49-29c528898ba2,2026-08-08T19:00:00Z,2026-08-08T21:00:00+0200,459.954,MW,DK1,DK_1,actual_onshore_wind_generation,Wind Onshore,2026-08-21T06:40:18Z
2026-08-21T06:33:41Z,2026-08-21T08:33:41+0200,6801fa27-1585-43c5-af49-29c528898ba2,2026-08-08T19:15:00Z,2026-08-08T21:15:00+0200,441.384,MW,DK1,DK_1,actual_onshore_wind_generation,Wind Onshore,2026-08-21T06:40:18Z
2026-08-21T06:33:41Z,2026-08-21T08:33:41+0200,6801fa27-1585-43c5-af49-29c528898ba2,2026-08-08T19:30:00Z,2026-08-08T21:30:00+0200,456.287,MW,DK1,DK_1,actual_onshore_wind_generation,Wind Onshore,2026-08-21T06:40:18Z
2026-08-21T06:33:41Z,2026-08-21T08:33:41+0200,6801fa27-1585-43c5-af49-29c528898ba2,2026-08-08T19:45:00Z,2026-08-08T21:45:00+0200,467.808,MW,DK1,DK_1,actual_onshore_wind_generation,Wind Onshore,2026-08-21T06:40:18Z
2026-08-21T06:33:41Z,2026-08-21T08:33:41+0200,6801fa27-1585-43c5-af49-29c528898ba2,2026-08-08T20:00:00Z,2026-08-08T22:00:00+0200,487.303,MW,DK1,DK_1,actual_onshore_wind_generation,Wind Onshore,2026-08-21T06:40:18Z
2026-08-21T06:33:41Z,2026-08-21T08:33:41+0200,6801fa27-1585-43c5-af49-29c528898ba2,2026-08-08T20:15:00Z,2026-08-08T22:15:00+0200,504.906,MW,DK1,DK_1,actual_onshore_wind_generation,Wind Onshore,2026-08-21T06:40:18Z
2026-08-21T06:33:41Z,2026-08-21T08:33:41+0200,6801fa27-1585-43c5-af49-29c528898ba2,2026-08-08T20:30:00Z,2026-08-08T22:30:00+0200,506.647,MW,DK1,DK_1,actual_onshore_wind_generation,Wind Onshore,2026-08-21T06:40:18Z
2026-08-21T06:33:41Z,2026-08-21T08:33:41+0200,6801fa27-1585-43c5-af49-29c528898ba2,2026-08-08T20:45:00Z,2026-08-08T22:45:00+0200,492.312,MW,DK1,DK_1,actual_onshore_wind_generation,Wind Onshore,2026-08-21T06:40:18Z
2026-08-21T06:33:41Z,2026-08-21T08:33:41+0200,6801fa27-1585-43c5-af49-29c528898ba2,2026-08-08T21:00:00Z,2026-08-08T23:00:00+0200,463.996,MW,DK1,DK_1,actual_onshore_wind_generation,Wind Onshore,2026-08-21T06:40:18Z
2026-08-21T06:33:41Z,2026-08-21T08:33:41+0200,6801fa27-1585-43c5-af49-29c528898ba2,2026-08-08T21:15:00Z,2026-08-08T23:15:00+0200,452.721,MW,DK1,DK_1,actual_onshore_wind_generation,Wind Onshore,2026-08-21T06:40:18Z
2026-08-21T06:33:41Z,2026-08-21T08:33:41+0200,6801fa27-1585-43c5-af49-29c528898ba2,2026-08-08T21:30:00Z,2026-08-08T23:30:00+0200,447.217,MW,DK1,DK_1,actual_onshore_wind_generation,Wind Onshore,2026-08-21T06:40:18Z
2026-08-21T06:33:41Z,2026-08-21T08:33:41+0200,6801fa27-1585-43c5-af49-29c528898ba2,2026-08-08T21:45:00Z,2026-08-08T23:45:00+0200,443.812,MW,DK1,DK_1,actual_onshore_wind_generation,Wind Onshore,2026-08-21T06:40:18Z
2026-08-21T06:33:41Z,2026-08-21T08:33:41+0200,6801fa27-1585-43c5-af49-29c528898ba2,2026-08-08T22:00:00Z,2026-08-09T00:00:00+0200,432.129,MW,DK1,DK_1,actual_onshore_wind_generation,Wind Onshore,2026-08-21T06:40:18Z
2026-08-21T06:33:41Z,2026-08-21T08:33:41+0200,6801fa27-1585-43c5-af49-29c528898ba2,2026-08-08T22:15:00Z,2026-08-09T00:15:00+0200,416.343,MW,DK1,DK_1,actual_onshore_wind_generation,Wind Onshore,2026-08-21T06:40:18Z
2026-08-21T06:33:41Z,2026-08-21T08:33:41+0200,6801fa27-1585-43c5-af49-29c528898ba2,2026-08-08T22:30:00Z,2026-08-09T00:30:00+0200,398.563,MW,DK1,DK_1,actual_onshore_wind_generation,Wind Onshore,2026-08-21T06:40:18Z
2026-08-21T06:33:41Z,2026-08-21T08:33:41+0200,6801fa27-1585-43c5-af49-29c528898ba2,2026-08-08T22:45:00Z,2026-08-09T00:45:00+0200,402.1,MW,DK1,DK_1,actual_onshore_wind_generation,Wind Onshore,2026-08-21T06:40:18Z
2026-08-21T06:33:41Z,2026-08-21T08:33:41+0200,6801fa27-1585-43c5-af49-29c528898ba2,2026-08-08T23:00:00Z,2026-08-09T01:00:00+0200,408.053,MW,DK1,DK_1,actual_onshore_wind_generation,Wind Onshore,2026-08-21T06:40:18Z
2026-08-21T06:33:41Z,2026-08-21T08:33:41+0200,6801fa27-1585-43c5-af49-29c528898ba2,2026-08-08T23:15:00Z,2026-08-09T01:15:00+0200,413.56,MW,DK1,DK_1,actual_onshore_wind_generation,Wind Onshore,2026-08-21T06:40:18Z
2026-08-21T06:33:41Z,2026-08-21T08:33:41+0200,6801fa27-1585-43c5-af49-29c528898ba2,2026-08-08T23:30:00Z,2026-08-09T01:30:00+0200,432.599,MW,DK1,DK_1,actual_onshore_wind_generation,Wind Onshore,2026-08-21T06:40:18Z
2026-08-21T06:33:41Z,2026-08-21T08:33:41+0200,6801fa27-1585-43c5-af49-29c528898ba2,2026-08-08T23:45:00Z,2026-08-09T01:45:00+0200,461.685,MW,DK1,DK_1,actual_onshore_wind_generation,Wind Onshore,2026-08-21T06:40:18Z
2026-08-21T06:33:41Z,2026-08-21T08:33:41+0200,6801fa27-1585-43c5-af49-29c528898ba2,2026-08-09T00:00:00Z,2026-08-09T02:00:00+0200,496.168,MW,DK1,DK_1,actual_onshore_wind_generation,Wind Onshore,2026-08-21T06:40:18Z
2026-08-21T06:33:41Z,2026-08-21T08:33:41+0200,6801fa27-1585-43c5-af49-29c528898ba2,2026-08-09T00:15:00Z,2026-08-09T02:15:00+0200,517.439,MW,DK1,DK_1,actual_onshore_wind_generation,Wind Onshore,2026-08-21T06:40:18Z
2026-08-21T06:33:41Z,2026-08-21T08:33:41+0200,6801fa27-1585-43c5-af49-29c528898ba2,2026-08-09T00:30:00Z,2026-08-09T02:30:00+0200,548.637,MW,DK1,DK_1,actual_onshore_wind_generation,Wind Onshore,2026-08-21T06:40:18Z
2026-08-21T06:33:41Z,2026-08-21T08:33:41+0200,6801fa27-1585-43c5-af49-29c528898ba2,2026-08-09T00:45:00Z,2026-08-09T02:45:00+0200,567.467,MW,DK1,DK_1,actual_onshore_wind_generation,Wind Onshore,2026-08-21T06:40:18Z
2026-08-21T06:33:41Z,2026-08-21T08:33:41+0200,6801fa27-1585-43c5-af49-29c528898ba2,2026-08-09T01:00:00Z,2026-08-09T03:00:00+0200,590.761,MW,DK1,DK_1,actual_onshore_wind_generation,Wind Onshore,2026-08-21T06:40:18Z
2026-08-21T06:33:41Z,2026-08-21T08:33:41+0200,6801fa27-1585-43c5-af49-29c528898ba2,2026-08-09T01:15:00Z,2026-08-09T03:15:00+0200,613.119,MW,DK1,DK_1,actual_onshore_wind_generation,Wind Onshore,2026-08-21T06:40:18Z
2026-08-21T06:33:41Z,2026-08-21T08:33:41+0200,6801fa27-1585-43c5-af49-29c528898ba2,2026-08-09T01:30:00Z,2026-08-09T03:30:00+0200,632.699,MW,DK1,DK_1,actual_onshore_wind_generation,Wind Onshore,2026-08-21T06:40:18Z
2026-08-21T06:33:41Z,2026-08-21T08:33:41+0200,6801fa27-1585-43c5-af49-29c528898ba2,2026-08-09T01:45:00Z,2026-08-09T03:45:00+0200,641.624,MW,DK1,DK_1,actual_onshore_wind_generation,Wind Onshore,2026-08-21T06:40:18Z
2026-08-21T06:33:41Z,2026-08-21T08:33:41+0200,6801fa27-1585-43c5-af49-29c528898ba2,2026-08-09T02:00:00Z,2026-08-09T04:00:00+0200,641.132,MW,DK1,DK_1,actual_onshore_wind_generation,Wind Onshore,2026-08-21T06:40:18Z
2026-08-21T06:33:41Z,2026-08-21T08:33:41+0200,6801fa27-1585-43c5-af49-29c528898ba2,2026-08-09T02:15:00Z,2026-08-09T04:15:00+0200,668.284,MW,DK1,DK_1,actual_onshore_wind_generation,Wind Onshore,2026-08-21T06:40:18Z
2026-08-21T06:33:41Z,2026-08-21T08:33:41+0200,6801fa27-1585-43c5-af49-29c528898ba2,2026-08-09T02:30:00Z,2026-08-09T04:30:00+0200,675.774,MW,DK1,DK_1,actual_onshore_wind_generation,Wind Onshore,2026-08-21T06:40:18Z
2026-08-21T06:33:41Z,2026-08-21T08:33:41+0200,6801fa27-1585-43c5-af49-29c528898ba2,2026-08-09T02:45:00Z,2026-08-09T04:45:00+0200,679.679,MW,DK1,DK_1,actual_onshore_wind_generation,Wind Onshore,2026-08-21T06:40:18Z
2026-08-21T06:33:41Z,2026-08-21T08:33:41+0200,6801fa27-1585-43c5-af49-29c528898ba2,2026-08-09T03:00:00Z,2026-08-09T05:00:00+0200,707.136,MW,DK1,DK_1,actual_onshore_wind_generation,Wind Onshore,2026-08-21T06:40:18Z
2026-08-21T06:33:41Z,2026-08-21T08:33:41+0200,6801fa27-1585-43c5-af49-29c528898ba2,2026-08-09T03:15:00Z,2026-08-09T05:15:00+0200,714.491,MW,DK1,DK_1,actual_onshore_wind_generation,Wind Onshore,2026-08-21T06:40:18Z
2026-08-21T06:33:41Z,2026-08-21T08:33:41+0200,6801fa27-1585-43c5-af49-29c528898ba2,2026-08-09T03:30:00Z,2026-08-09T05:30:00+0200,756.796,MW,DK1,DK_1,actual_onshore_wind_generation,Wind Onshore,2026-08-21T06:40:18Z
2026-08-21T06:33:41Z,2026-08-21T08:33:41+0200,6801fa27-1585-43c5-af49-29c528898ba2,2026-08-09T03:45:00Z,2026-08-09T05:45:00+0200,767.626,MW,DK1,DK_1,actual_onshore_wind_generation,Wind Onshore,2026-08-21T06:40:18Z
2026-08-21T06:33:41Z,2026-08-21T08:33:41+0200,6801fa27-1585-43c5-af49-29c528898ba2,2026-08-09T04:00:00Z,2026-08-09T06:00:00+0200,787.927,MW,DK1,DK_1,actual_onshore_wind_generation,Wind Onshore,2026-08-21T06:40:18Z
2026-08-21T06:33:41Z,2026-08-21T08:33:41+0200,6801fa27-1585-43c5-af49-29c528898ba2,2026-08-09T04:15:00Z,2026-08-09T06:15:00+0200,781.046,MW,DK1,DK_1,actual_onshore_wind_generation,Wind Onshore,2026-08-21T06:40:18Z
2026-08-21T06:33:41Z,2026-08-21T08:33:41+0200,6801fa27-1585-43c5-af49-29c528898ba2,2026-08-09T04:30:00Z,2026-08-09T06:30:00+0200,751.936,MW,DK1,DK_1,actual_onshore_wind_generation,Wind Onshore,2026-08-21T06:40:18Z
2026-08-21T06:33:41Z,2026-08-21T08:33:41+0200,6801fa27-1585-43c5-af49-29c528898ba2,2026-08-09T04:45:00Z,2026-08-09T06:45:00+0200,749.468,MW,DK1,DK_1,actual_onshore_wind_generation,Wind Onshore,2026-08-21T06:40:18Z
2026-08-21T06:33:41Z,2026-08-21T08:33:41+0200,6801fa27-1585-43c5-af49-29c528898ba2,2026-08-09T05:00:00Z,2026-08-09T07:00:00+0200,713.948,MW,DK1,DK_1,actual_onshore_wind_generation,Wind Onshore,2026-08-21T06:40:18Z
2026-08-21T06:33:41Z,2026-08-21T08:33:41+0200,6801fa27-1585-43c5-af49-29c528898ba2,2026-08-09T05:15:00Z,2026-08-09T07:15:00+0200,657.97,MW,DK1,DK_1,actual_onshore_wind_generation,Wind Onshore,2026-08-21T06:40:18Z
2026-08-21T06:33:41Z,2026-08-21T08:33:41+0200,6801fa27-1585-43c5-af49-29c528898ba2,2026-08-09T05:30:00Z,2026-08-09T07:30:00+0200,605.708,MW,DK1,DK_1,actual_onshore_wind_generation,Wind Onshore,2026-08-21T06:40:18Z
2026-08-21T06:33:41Z,2026-08-21T08:33:41+0200,6801fa27-1585-43c5-af49-29c528898ba2,2026-08-09T05:45:00Z,2026-08-09T07:45:00+0200,554.425,MW,DK1,DK_1,actual_onshore_wind_generation,Wind Onshore,2026-08-21T06:40:18Z
2026-08-21T06:33:41Z,2026-08-21T08:33:41+0200,6801fa27-1585-43c5-af49-29c528898ba2,2026-08-09T06:00:00Z,2026-08-09T08:00:00+0200,480.091,MW,DK1,DK_1,actual_onshore_wind_generation,Wind Onshore,2026-08-21T06:40:18Z
2026-08-21T06:33:41Z,2026-08-21T08:33:41+0200,6801fa27-1585-43c5-af49-29c528898ba2,2026-08-09T06:15:00Z,2026-08-09T08:15:00+0200,428.195,MW,DK1,DK_1,actual_onshore_wind_generation,Wind Onshore,2026-08-21T06:40:18Z
2026-08-21T06:33:41Z,2026-08-21T08:33:41+0200,6801fa27-1585-43c5-af49-29c528898ba2,2026-08-09T06:30:00Z,2026-08-09T08:30:00+0200,390.745,MW,DK1,DK_1,actual_onshore_wind_generation,Wind Onshore,2026-08-21T06:40:18Z
2026-08-21T06:33:41Z,2026-08-21T08:33:41+0200,6801fa27-1585-43c5-af49-29c528898ba2,2026-08-09T06:45:00Z,2026-08-09T08:45:00+0200,358.573,MW,DK1,DK_1,actual_onshore_wind_generation,Wind Onshore,2026-08-21T06:40:18Z
2026-08-21T06:33:41Z,2026-08-21T08:33:41+0200,6801fa27-1585-43c5-af49-29c528898ba2,2026-08-09T07:00:00Z,2026-08-09T09:00:00+0200,389.634,MW,DK1,DK_1,actual_onshore_wind_generation,Wind Onshore,2026-08-21T06:40:18Z
2026-08-21T06:33:41Z,2026-08-21T08:33:41+0200,6801fa27-1585-43c5-af49-29c528898ba2,2026-08-09T07:15:00Z,2026-08-09T09:15:00+0200,399.707,MW,DK1,DK_1,actual_onshore_wind_generation,Wind Onshore,2026-08-21T06:40:18Z
2026-08-21T06:33:41Z,2026-08-21T08:33:41+0200,6801fa27-1585-43c5-af49-29c528898ba2,2026-08-09T07:30:00Z,2026-08-09T09:30:00+0200,383.112,MW,DK1,DK_1,actual_onshore_wind_generation,Wind Onshore,2026-08-21T06:40:18Z
2026-08-21T06:33:41Z,2026-08-21T08:33:41+0200,6801fa27-1585-43c5-af49-29c528898ba2,2026-08-09T07:45:00Z,2026-08-09T09:45:00+0200,331.833,MW,DK1,DK_1,actual_onshore_wind_generation,Wind Onshore,2026-08-21T06:40:18Z
2026-08-21T06:33:41Z,2026-08-21T08:33:41+0200,6801fa27-1585-43c5-af49-29c528898ba2,2026-08-09T08:00:00Z,2026-08-09T10:00:00+0200,349.575,MW,DK1,DK_1,actual_onshore_wind_generation,Wind Onshore,2026-08-21T06:40:18Z
2026-08-21T06:33:41Z,2026-08-21T08:33:41+0200,6801fa27-1585-43c5-af49-29c528898ba2,2026-08-09T08:15:00Z,2026-08-09T10:15:00+0200,320.373,MW,DK1,DK_1,actual_onshore_wind_generation,Wind Onshore,2026-08-21T06:40:18Z
2026-08-21T06:33:41Z,2026-08-21T08:33:41+0200,6801fa27-1585-43c5-af49-29c528898ba2,2026-08-09T08:30:00Z,2026-08-09T10:30:00+0200,356.429,MW,DK1,DK_1,actual_onshore_wind_generation,Wind Onshore,2026-08-21T06:40:18Z
2026-08-21T06:33:41Z,2026-08-21T08:33:41+0200,6801fa27-1585-43c5-af49-29c528898ba2,2026-08-09T08:45:00Z,2026-08-09T10:45:00+0200,366.362,MW,DK1,DK_1,actual_onshore_wind_generation,Wind Onshore,2026-08-21T06:40:18Z
2026-08-21T06:33:41Z,2026-08-21T08:33:41+0200,6801fa27-1585-43c5-af49-29c528898ba2,2026-08-09T09:00:00Z,2026-08-09T11:00:00+0200,377.809,MW,DK1,DK_1,actual_onshore_wind_generation,Wind Onshore,2026-08-21T06:40:18Z
2026-08-21T06:33:41Z,2026-08-21T08:33:41+0200,6801fa27-1585-43c5-af49-29c528898ba2,2026-08-09T09:15:00Z,2026-08-09T11:15:00+0200,406.792,MW,DK1,DK_1,actual_onshore_wind_generation,Wind Onshore,2026-08-21T06:40:18Z
2026-08-21T06:33:41Z,2026-08-21T08:33:41+0200,6801fa27-1585-43c5-af49-29c528898ba2,2026-08-09T09:30:00Z,2026-08-09T11:30:00+0200,443.359,MW,DK1,DK_1,actual_onshore_wind_generation,Wind Onshore,2026-08-21T06:40:18Z
2026-08-21T06:33:41Z,2026-08-21T08:33:41+0200,6801fa27-1585-43c5-af49-29c528898ba2,2026-08-09T09:45:00Z,2026-08-09T11:45:00+0200,485.555,MW,DK1,DK_1,actual_onshore_wind_generation,Wind Onshore,2026-08-21T06:40:18Z
2026-08-21T06:33:41Z,2026-08-21T08:33:41+0200,6801fa27-1585-43c5-af49-29c528898ba2,2026-08-09T10:00:00Z,2026-08-09T12:00:00+0200,542.005,MW,DK1,DK_1,actual_onshore_wind_generation,Wind Onshore,2026-08-21T06:40:18Z
2026-08-21T06:33:41Z,2026-08-21T08:33:41+0200,6801fa27-1585-43c5-af49-29c528898ba2,2026-08-09T10:15:00Z,2026-08-09T12:15:00+0200,604.492,MW,DK1,DK_1,actual_onshore_wind_generation,Wind Onshore,2026-08-21T06:40:18Z
2026-08-21T06:33:41Z,2026-08-21T08:33:41+0200,6801fa27-1585-43c5-af49-29c528898ba2,2026-08-09T10:30:00Z,2026-08-09T12:30:00+0200,632.657,MW,DK1,DK_1,actual_onshore_wind_generation,Wind Onshore,2026-08-21T06:40:18Z
2026-08-21T06:33:41Z,2026-08-21T08:33:41+0200,6801fa27-1585-43c5-af49-29c528898ba2,2026-08-09T10:45:00Z,2026-08-09T12:45:00+0200,658.664,MW,DK1,DK_1,actual_onshore_wind_generation,Wind Onshore,2026-08-21T06:40:18Z
2026-08-21T06:33:41Z,2026-08-21T08:33:41+0200,6801fa27-1585-43c5-af49-29c528898ba2,2026-08-09T11:00:00Z,2026-08-09T13:00:00+0200,661.985,MW,DK1,DK_1,actual_onshore_wind_generation,Wind Onshore,2026-08-21T06:40:18Z
2026-08-21T06:33:41Z,2026-08-21T08:33:41+0200,6801fa27-1585-43c5-af49-29c528898ba2,2026-08-09T11:15:00Z,2026-08-09T13:15:00+0200,682.157,MW,DK1,DK_1,actual_onshore_wind_generation,Wind Onshore,2026-08-21T06:40:18Z
2026-08-21T06:33:41Z,2026-08-21T08:33:41+0200,6801fa27-1585-43c5-af49-29c528898ba2,2026-08-09T11:30:00Z,2026-08-09T13:30:00+0200,664.134,MW,DK1,DK_1,actual_onshore_wind_generation,Wind Onshore,2026-08-21T06:40:18Z
2026-08-21T06:33:41Z,2026-08-21T08:33:41+0200,6801fa27-1585-43c5-af49-29c528898ba2,2026-08-09T11:45:00Z,2026-08-09T13:45:00+0200,650.195,MW,DK1,DK_1,actual_onshore_wind_generation,Wind Onshore,2026-08-21T06:40:18Z
2026-08-21T06:33:41Z,2026-08-21T08:33:41+0200,6801fa27-1585-43c5-af49-29c528898ba2,2026-08-09T12:00:00Z,2026-08-09T14:00:00+0200,637.053,MW,DK1,DK_1,actual_onshore_wind_generation,Wind Onshore,2026-08-21T06:40:18Z
2026-08-21T06:33:41Z,2026-08-21T08:33:41+0200,6801fa27-1585-43c5-af49-29c528898ba2,2026-08-09T12:15:00Z,2026-08-09T14:15:00+0200,679.415,MW,DK1,DK_1,actual_onshore_wind_generation,Wind Onshore,2026-08-21T06:40:18Z
2026-08-21T06:33:41Z,2026-08-21T08:33:41+0200,6801fa27-1585-43c5-af49-29c528898ba2,2026-08-09T12:30:00Z,2026-08-09T14:30:00+0200,695.144,MW,DK1,DK_1,actual_onshore_wind_generation,Wind Onshore,2026-08-21T06:40:18Z
2026-08-21T06:33:41Z,2026-08-21T08:33:41+0200,6801fa27-1585-43c5-af49-29c528898ba2,2026-08-09T12:45:00Z,2026-08-09T14:45:00+0200,749.761,MW,DK1,DK_1,actual_onshore_wind_generation,Wind Onshore,2026-08-21T06:40:18Z
2026-08-21T06:33:41Z,2026-08-21T08:33:41+0200,6801fa27-1585-43c5-af49-29c528898ba2,2026-08-09T13:00:00Z,2026-08-09T15:00:00+0200,776.525,MW,DK1,DK_1,actual_onshore_wind_generation,Wind Onshore,2026-08-21T06:40:18Z
2026-08-21T06:33:41Z,2026-08-21T08:33:41+0200,6801fa27-1585-43c5-af49-29c528898ba2,2026-08-09T13:15:00Z,2026-08-09T15:15:00+0200,788.145,MW,DK1,DK_1,actual_onshore_wind_generation,Wind Onshore,2026-08-21T06:40:18Z
2026-08-21T06:33:41Z,2026-08-21T08:33:41+0200,6801fa27-1585-43c5-af49-29c528898ba2,2026-08-09T13:30:00Z,2026-08-09T15:30:00+0200,871.732,MW,DK1,DK_1,actual_onshore_wind_generation,Wind Onshore,2026-08-21T06:40:18Z
2026-08-21T06:33:41Z,2026-08-21T08:33:41+0200,6801fa27-1585-43c5-af49-29c528898ba2,2026-08-09T13:45:00Z,2026-08-09T15:45:00+0200,905.062,MW,DK1,DK_1,actual_onshore_wind_generation,Wind Onshore,2026-08-21T06:40:18Z
2026-08-21T06:33:41Z,2026-08-21T08:33:41+0200,6801fa27-1585-43c5-af49-29c528898ba2,2026-08-09T14:00:00Z,2026-08-09T16:00:00+0200,978.362,MW,DK1,DK_1,actual_onshore_wind_generation,Wind Onshore,2026-08-21T06:40:18Z
2026-08-21T06:33:41Z,2026-08-21T08:33:41+0200,6801fa27-1585-43c5-af49-29c528898ba2,2026-08-09T14:15:00Z,2026-08-09T16:15:00+0200,1053.66,MW,DK1,DK_1,actual_onshore_wind_generation,Wind Onshore,2026-08-21T06:40:18Z
2026-08-21T06:33:41Z,2026-08-21T08:33:41+0200,6801fa27-1585-43c5-af49-29c528898ba2,2026-08-09T14:30:00Z,2026-08-09T16:30:00+0200,1114.53,MW,DK1,DK_1,actual_onshore_wind_generation,Wind Onshore,2026-08-21T06:40:18Z
2026-08-21T06:33:41Z,2026-08-21T08:33:41+0200,6801fa27-1585-43c5-af49-29c528898ba2,2026-08-09T14:45:00Z,2026-08-09T16:45:00+0200,1301.33,MW,DK1,DK_1,actual_onshore_wind_generation,Wind Onshore,2026-08-21T06:40:18Z
2026-08-21T06:33:41Z,2026-08-21T08:33:41+0200,6801fa27-1585-43c5-af49-29c528898ba2,2026-08-09T15:00:00Z,2026-08-09T17:00:00+0200,1297.6,MW,DK1,DK_1,actual_onshore_wind_generation,Wind Onshore,2026-08-21T06:40:18Z
2026-08-21T06:33:41Z,2026-08-21T08:33:41+0200,6801fa27-1585-43c5-af49-29c528898ba2,2026-08-09T15:15:00Z,2026-08-09T17:15:00+0200,1343.32,MW,DK1,DK_1,actual_onshore_wind_generation,Wind Onshore,2026-08-21T06:40:18Z
2026-08-21T06:33:41Z,2026-08-21T08:33:41+0200,6801fa27-1585-43c5-af49-29c528898ba2,2026-08-09T15:30:00Z,2026-08-09T17:30:00+0200,1328.66,MW,DK1,DK_1,actual_onshore_wind_generation,Wind Onshore,2026-08-21T06:40:18Z
2026-08-21T06:33:41Z,2026-08-21T08:33:41+0200,6801fa27-1585-43c5-af49-29c528898ba2,2026-08-09T15:45:00Z,2026-08-09T17:45:00+0200,1321.79,MW,DK1,DK_1,actual_onshore_wind_generation,Wind Onshore,2026-08-21T06:40:18Z
2026-08-21T06:33:41Z,2026-08-21T08:33:41+0200,6801fa27-1585-43c5-af49-29c528898ba2,2026-08-09T16:00:00Z,2026-08-09T18:00:00+0200,1343.59,MW,DK1,DK_1,actual_onshore_wind_generation,Wind Onshore,2026-08-21T06:40:18Z
2026-08-21T06:33:41Z,2026-08-21T08:33:41+0200,6801fa27-1585-43c5-af49-29c528898ba2,2026-08-09T16:15:00Z,2026-08-09T18:15:00+0200,1309.37,MW,DK1,DK_1,actual_onshore_wind_generation,Wind Onshore,2026-08-21T06:40:18Z
2026-08-21T06:33:41Z,2026-08-21T08:33:41+0200,6801fa27-1585-43c5-af49-29c528898ba2,2026-08-09T16:30:00Z,2026-08-09T18:30:00+0200,1268.51,MW,DK1,DK_1,actual_onshore_wind_generation,Wind Onshore,2026-08-21T06:40:18Z
2026-08-21T06:33:41Z,2026-08-21T08:33:41+0200,6801fa27-1585-43c5-af49-29c528898ba2,2026-08-09T16:45:00Z,2026-08-09T18:45:00+0200,1202.82,MW,DK1,DK_1,actual_onshore_wind_generation,Wind Onshore,2026-08-21T06:40:18Z
2026-08-21T06:33:41Z,2026-08-21T08:33:41+0200,6801fa27-1585-43c5-af49-29c528898ba2,2026-08-09T17:00:00Z,2026-08-09T19:00:00+0200,1140.9,MW,DK1,DK_1,actual_onshore_wind_generation,Wind Onshore,2026-08-21T06:40:18Z
2026-08-21T06:33:41Z,2026-08-21T08:33:41+0200,6801fa27-1585-43c5-af49-29c528898ba2,2026-08-09T17:15:00Z,2026-08-09T19:15:00+0200,1079.88,MW,DK1,DK_1,actual_onshore_wind_generation,Wind Onshore,2026-08-21T06:40:18Z
2026-08-21T06:33:41Z,2026-08-21T08:33:41+0200,6801fa27-1585-43c5-af49-29c528898ba2,2026-08-09T17:30:00Z,2026-08-09T19:30:00+0200,1058.52,MW,DK1,DK_1,actual_onshore_wind_generation,Wind Onshore,2026-08-21T06:40:18Z
2026-08-21T06:33:41Z,2026-08-21T08:33:41+0200,6801fa27-1585-43c5-af49-29c528898ba2,2026-08-09T17:45:00Z,2026-08-09T19:45:00+0200,998.166,MW,DK1,DK_1,actual_onshore_wind_generation,Wind Onshore,2026-08-21T06:40:18Z
2026-08-21T06:33:41Z,2026-08-21T08:33:41+0200,6801fa27-1585-43c5-af49-29c528898ba2,2026-08-09T18:00:00Z,2026-08-09T20:00:00+0200,889.986,MW,DK1,DK_1,actual_onshore_wind_generation,Wind Onshore,2026-08-21T06:40:18Z
2026-08-21T06:33:41Z,2026-08-21T08:33:41+0200,6801fa27-1585-43c5-af49-29c528898ba2,2026-08-09T18:15:00Z,2026-08-09T20:15:00+0200,858.884,MW,DK1,DK_1,actual_onshore_wind_generation,Wind Onshore,2026-08-21T06:40:18Z
2026-08-21T06:33:41Z,2026-08-21T08:33:41+0200,6801fa27-1585-43c5-af49-29c528898ba2,2026-08-09T18:30:00Z,2026-08-09T20:30:00+0200,794.927,MW,DK1,DK_1,actual_onshore_wind_generation,Wind Onshore,2026-08-21T06:40:18Z
2026-08-21T06:33:41Z,2026-08-21T08:33:41+0200,6801fa27-1585-43c5-af49-29c528898ba2,2026-08-09T18:45:00Z,2026-08-09T20:45:00+0200,752.715,MW,DK1,DK_1,actual_onshore_wind_generation,Wind Onshore,2026-08-21T06:40:18Z
2026-08-21T06:33:41Z,2026-08-21T08:33:41+0200,6801fa27-1585-43c5-af49-29c528898ba2,2026-08-09T19:00:00Z,2026-08-09T21:00:00+0200,685.126,MW,DK1,DK_1,actual_onshore_wind_generation,Wind Onshore,2026-08-21T06:40:18Z
2026-08-21T06:33:41Z,2026-08-21T08:33:41+0200,6801fa27-1585-43c5-af49-29c528898ba2,2026-08-09T19:15:00Z,2026-08-09T21:15:00+0200,638.523,MW,DK1,DK_1,actual_onshore_wind_generation,Wind Onshore,2026-08-21T06:40:18Z
2026-08-21T06:33:41Z,2026-08-21T08:33:41+0200,6801fa27-1585-43c5-af49-29c528898ba2,2026-08-09T19:30:00Z,2026-08-09T21:30:00+0200,616.944,MW,DK1,DK_1,actual_onshore_wind_generation,Wind Onshore,2026-08-21T06:40:18Z
2026-08-21T06:33:41Z,2026-08-21T08:33:41+0200,6801fa27-1585-43c5-af49-29c528898ba2,2026-08-09T19:45:00Z,2026-08-09T21:45:00+0200,617.121,MW,DK1,DK_1,actual_onshore_wind_generation,Wind Onshore,2026-08-21T06:40:18Z
2026-08-21T06:33:41Z,2026-08-21T08:33:41+0200,6801fa27-1585-43c5-af49-29c528898ba2,2026-08-09T20:00:00Z,2026-08-09T22:00:00+0200,610.845,MW,DK1,DK_1,actual_onshore_wind_generation,Wind Onshore,2026-08-21T06:40:18Z
2026-08-21T06:33:41Z,2026-08-21T08:33:41+0200,6801fa27-1585-43c5-af49-29c528898ba2,2026-08-09T20:15:00Z,2026-08-09T22:15:00+0200,609.438,MW,DK1,DK_1,actual_onshore_wind_generation,Wind Onshore,2026-08-21T06:40:18Z
2026-08-21T06:33:41Z,2026-08-21T08:33:41+0200,6801fa27-1585-43c5-af49-29c528898ba2,2026-08-09T20:30:00Z,2026-08-09T22:30:00+0200,641.387,MW,DK1,DK_1,actual_onshore_wind_generation,Wind Onshore,2026-08-21T06:40:18Z
2026-08-21T06:33:41Z,2026-08-21T08:33:41+0200,6801fa27-1585-43c5-af49-29c528898ba2,2026-08-09T20:45:00Z,2026-08-09T22:45:00+0200,657.467,MW,DK1,DK_1,actual_onshore_wind_generation,Wind Onshore,2026-08-21T06:40:18Z
2026-08-21T06:33:41Z,2026-08-21T08:33:41+0200,6801fa27-1585-43c5-af49-29c528898ba2,2026-08-09T21:00:00Z,2026-08-09T23:00:00+0200,670.72,MW,DK1,DK_1,actual_onshore_wind_generation,Wind Onshore,2026-08-21T06:40:18Z
2026-08-21T06:33:41Z,2026-08-21T08:33:41+0200,6801fa27-1585-43c5-af49-29c528898ba2,2026-08-09T21:15:00Z,2026-08-09T23:15:00+0200,695.451,MW,DK1,DK_1,actual_onshore_wind_generation,Wind Onshore,2026-08-21T06:40:18Z
2026-08-21T06:33:41Z,2026-08-21T08:33:41+0200,6801fa27-1585-43c5-af49-29c528898ba2,2026-08-09T21:30:00Z,2026-08-09T23:30:00+0200,727.663,MW,DK1,DK_1,actual_onshore_wind_generation,Wind Onshore,2026-08-21T06:40:18Z
2026-08-21T06:33:41Z,2026-08-21T08:33:41+0200,6801fa27-1585-43c5-af49-29c528898ba2,2026-08-09T21:45:00Z,2026-08-09T23:45:00+0200,737.191,MW,DK1,DK_1,actual_onshore_wind_generation,Wind Onshore,2026-08-21T06:40:18Z
2026-08-21T06:33:41Z,2026-08-21T08:33:41+0200,6801fa27-1585-43c5-af49-29c528898ba2,2026-08-09T22:00:00Z,2026-08-10T00:00:00+0200,758.409,MW,DK1,DK_1,actual_onshore_wind_generation,Wind Onshore,2026-08-21T06:40:18Z
2026-08-21T06:33:41Z,2026-08-21T08:33:41+0200,6801fa27-1585-43c5-af49-29c528898ba2,2026-08-09T22:15:00Z,2026-08-10T00:15:00+0200,710.876,MW,DK1,DK_1,actual_onshore_wind_generation,Wind Onshore,2026-08-21T06:40:18Z
2026-08-21T06:33:41Z,2026-08-21T08:33:41+0200,6801fa27-1585-43c5-af49-29c528898ba2,2026-08-09T22:30:00Z,2026-08-10T00:30:00+0200,764.298,MW,DK1,DK_1,actual_onshore_wind_generation,Wind Onshore,2026-08-21T06:40:18Z
2026-08-21T06:33:41Z,2026-08-21T08:33:41+0200,6801fa27-1585-43c5-af49-29c528898ba2,2026-08-09T22:45:00Z,2026-08-10T00:45:00+0200,785.918,MW,DK1,DK_1,actual_onshore_wind_generation,Wind Onshore,2026-08-21T06:40:18Z
2026-08-21T06:33:41Z,2026-08-21T08:33:41+0200,6801fa27-1585-43c5-af49-29c528898ba2,2026-08-09T23:00:00Z,2026-08-10T01:00:00+0200,763.512,MW,DK1,DK_1,actual_onshore_wind_generation,Wind Onshore,2026-08-21T06:40:18Z
2026-08-21T06:33:41Z,2026-08-21T08:33:41+0200,6801fa27-1585-43c5-af49-29c528898ba2,2026-08-09T23:15:00Z,2026-08-10T01:15:00+0200,757.271,MW,DK1,DK_1,actual_onshore_wind_generation,Wind Onshore,2026-08-21T06:40:18Z
2026-08-21T06:33:41Z,2026-08-21T08:33:41+0200,6801fa27-1585-43c5-af49-29c528898ba2,2026-08-09T23:30:00Z,2026-08-10T01:30:00+0200,744.224,MW,DK1,DK_1,actual_onshore_wind_generation,Wind Onshore,2026-08-21T06:40:18Z
2026-08-21T06:33:41Z,2026-08-21T08:33:41+0200,6801fa27-1585-43c5-af49-29c528898ba2,2026-08-09T23:45:00Z,2026-08-10T01:45:00+0200,792.63,MW,DK1,DK_1,actual_onshore_wind_generation,Wind Onshore,2026-08-21T06:40:18Z
2026-08-21T06:33:41Z,2026-08-21T08:33:41+0200,6801fa27-1585-43c5-af49-29c528898ba2,2026-08-10T00:00:00Z,2026-08-10T02:00:00+0200,824.719,MW,DK1,DK_1,actual_onshore_wind_generation,Wind Onshore,2026-08-21T06:40:18Z
2026-08-21T06:33:41Z,2026-08-21T08:33:41+0200,6801fa27-1585-43c5-af49-29c528898ba2,2026-08-10T00:15:00Z,2026-08-10T02:15:00+0200,844.627,MW,DK1,DK_1,actual_onshore_wind_generation,Wind Onshore,2026-08-21T06:40:18Z
2026-08-21T06:33:41Z,2026-08-21T08:33:41+0200,6801fa27-1585-43c5-af49-29c528898ba2,2026-08-10T00:30:00Z,2026-08-10T02:30:00+0200,889.517,MW,DK1,DK_1,actual_onshore_wind_generation,Wind Onshore,2026-08-21T06:40:18Z
2026-08-21T06:33:41Z,2026-08-21T08:33:41+0200,6801fa27-1585-43c5-af49-29c528898ba2,2026-08-10T00:45:00Z,2026-08-10T02:45:00+0200,925.074,MW,DK1,DK_1,actual_onshore_wind_generation,Wind Onshore,2026-08-21T06:40:18Z
2026-08-21T06:33:41Z,2026-08-21T08:33:41+0200,6801fa27-1585-43c5-af49-29c528898ba2,2026-08-10T01:00:00Z,2026-08-10T03:00:00+0200,947.313,MW,DK1,DK_1,actual_onshore_wind_generation,Wind Onshore,2026-08-21T06:40:18Z
2026-08-21T06:33:41Z,2026-08-21T08:33:41+0200,6801fa27-1585-43c5-af49-29c528898ba2,2026-08-10T01:15:00Z,2026-08-10T03:15:00+0200,938.215,MW,DK1,DK_1,actual_onshore_wind_generation,Wind Onshore,2026-08-21T06:40:18Z
2026-08-21T06:33:41Z,2026-08-21T08:33:41+0200,6801fa27-1585-43c5-af49-29c528898ba2,2026-08-10T01:30:00Z,2026-08-10T03:30:00+0200,915.088,MW,DK1,DK_1,actual_onshore_wind_generation,Wind Onshore,2026-08-21T06:40:18Z
2026-08-21T06:33:41Z,2026-08-21T08:33:41+0200,6801fa27-1585-43c5-af49-29c528898ba2,2026-08-10T01:45:00Z,2026-08-10T03:45:00+0200,918.916,MW,DK1,DK_1,actual_onshore_wind_generation,Wind Onshore,2026-08-21T06:40:18Z
2026-08-21T06:33:41Z,2026-08-21T08:33:41+0200,6801fa27-1585-43c5-af49-29c528898ba2,2026-08-10T02:00:00Z,2026-08-10T04:00:00+0200,907.285,MW,DK1,DK_1,actual_onshore_wind_generation,Wind Onshore,2026-08-21T06:40:18Z
2026-08-21T06:33:41Z,2026-08-21T08:33:41+0200,6801fa27-1585-43c5-af49-29c528898ba2,2026-08-10T02:15:00Z,2026-08-10T04:15:00+0200,828.01,MW,DK1,DK_1,actual_onshore_wind_generation,Wind Onshore,2026-08-21T06:40:18Z
2026-08-21T06:33:41Z,2026-08-21T08:33:41+0200,6801fa27-1585-43c5-af49-29c528898ba2,2026-08-10T02:30:00Z,2026-08-10T04:30:00+0200,836.967,MW,DK1,DK_1,actual_onshore_wind_generation,Wind Onshore,2026-08-21T06:40:18Z
2026-08-21T06:33:41Z,2026-08-21T08:33:41+0200,6801fa27-1585-43c5-af49-29c528898ba2,2026-08-10T02:45:00Z,2026-08-10T04:45:00+0200,870.878,MW,DK1,DK_1,actual_onshore_wind_generation,Wind Onshore,2026-08-21T06:40:18Z
2026-08-21T06:33:41Z,2026-08-21T08:33:41+0200,6801fa27-1585-43c5-af49-29c528898ba2,2026-08-10T03:00:00Z,2026-08-10T05:00:00+0200,892.948,MW,DK1,DK_1,actual_onshore_wind_generation,Wind Onshore,2026-08-21T06:40:18Z
2026-08-21T06:33:41Z,2026-08-21T08:33:41+0200,6801fa27-1585-43c5-af49-29c528898ba2,2026-08-10T03:15:00Z,2026-08-10T05:15:00+0200,846.091,MW,DK1,DK_1,actual_onshore_wind_generation,Wind Onshore,2026-08-21T06:40:18Z
2026-08-21T06:33:41Z,2026-08-21T08:33:41+0200,6801fa27-1585-43c5-af49-29c528898ba2,2026-08-10T03:30:00Z,2026-08-10T05:30:00+0200,755.343,MW,DK1,DK_1,actual_onshore_wind_generation,Wind Onshore,2026-08-21T06:40:18Z
2026-08-21T06:33:41Z,2026-08-21T08:33:41+0200,6801fa27-1585-43c5-af49-29c528898ba2,2026-08-10T03:45:00Z,2026-08-10T05:45:00+0200,749.908,MW,DK1,DK_1,actual_onshore_wind_generation,Wind Onshore,2026-08-21T06:40:18Z
2026-08-21T06:33:41Z,2026-08-21T08:33:41+0200,6801fa27-1585-43c5-af49-29c528898ba2,2026-08-10T04:00:00Z,2026-08-10T06:00:00+0200,730.387,MW,DK1,DK_1,actual_onshore_wind_generation,Wind Onshore,2026-08-21T06:40:18Z
2026-08-21T06:33:41Z,2026-08-21T08:33:41+0200,6801fa27-1585-43c5-af49-29c528898ba2,2026-08-10T04:15:00Z,2026-08-10T06:15:00+0200,710.905,MW,DK1,DK_1,actual_onshore_wind_generation,Wind Onshore,2026-08-21T06:40:18Z
2026-08-21T06:33:41Z,2026-08-21T08:33:41+0200,6801fa27-1585-43c5-af49-29c528898ba2,2026-08-10T04:30:00Z,2026-08-10T06:30:00+0200,696.326,MW,DK1,DK_1,actual_onshore_wind_generation,Wind Onshore,2026-08-21T06:40:18Z
2026-08-21T06:33:41Z,2026-08-21T08:33:41+0200,6801fa27-1585-43c5-af49-29c528898ba2,2026-08-10T04:45:00Z,2026-08-10T06:45:00+0200,629.18,MW,DK1,DK_1,actual_onshore_wind_generation,Wind Onshore,2026-08-21T06:40:18Z
2026-08-21T06:33:41Z,2026-08-21T08:33:41+0200,6801fa27-1585-43c5-af49-29c528898ba2,2026-08-10T05:00:00Z,2026-08-10T07:00:00+0200,586.466,MW,DK1,DK_1,actual_onshore_wind_generation,Wind Onshore,2026-08-21T06:40:18Z
2026-08-21T06:33:41Z,2026-08-21T08:33:41+0200,6801fa27-1585-43c5-af49-29c528898ba2,2026-08-10T05:15:00Z,2026-08-10T07:15:00+0200,523.96,MW,DK1,DK_1,actual_onshore_wind_generation,Wind Onshore,2026-08-21T06:40:18Z
2026-08-21T06:33:41Z,2026-08-21T08:33:41+0200,6801fa27-1585-43c5-af49-29c528898ba2,2026-08-10T05:30:00Z,2026-08-10T07:30:00+0200,475.674,MW,DK1,DK_1,actual_onshore_wind_generation,Wind Onshore,2026-08-21T06:40:18Z
2026-08-21T06:33:41Z,2026-08-21T08:33:41+0200,6801fa27-1585-43c5-af49-29c528898ba2,2026-08-10T05:45:00Z,2026-08-10T07:45:00+0200,466.517,MW,DK1,DK_1,actual_onshore_wind_generation,Wind Onshore,2026-08-21T06:40:18Z
2026-08-21T06:33:41Z,2026-08-21T08:33:41+0200,6801fa27-1585-43c5-af49-29c528898ba2,2026-08-10T06:00:00Z,2026-08-10T08:00:00+0200,495.665,MW,DK1,DK_1,actual_onshore_wind_generation,Wind Onshore,2026-08-21T06:40:18Z
2026-08-21T06:33:41Z,2026-08-21T08:33:41+0200,6801fa27-1585-43c5-af49-29c528898ba2,2026-08-10T06:15:00Z,2026-08-10T08:15:00+0200,541.302,MW,DK1,DK_1,actual_onshore_wind_generation,Wind Onshore,2026-08-21T06:40:18Z
2026-08-21T06:33:41Z,2026-08-21T08:33:41+0200,6801fa27-1585-43c5-af49-29c528898ba2,2026-08-10T06:30:00Z,2026-08-10T08:30:00+0200,605.392,MW,DK1,DK_1,actual_onshore_wind_generation,Wind Onshore,2026-08-21T06:40:18Z
2026-08-21T06:33:41Z,2026-08-21T08:33:41+0200,6801fa27-1585-43c5-af49-29c528898ba2,2026-08-10T06:45:00Z,2026-08-10T08:45:00+0200,695.453,MW,DK1,DK_1,actual_onshore_wind_generation,Wind Onshore,2026-08-21T06:40:18Z
2026-08-21T06:33:41Z,2026-08-21T08:33:41+0200,6801fa27-1585-43c5-af49-29c528898ba2,2026-08-10T07:00:00Z,2026-08-10T09:00:00+0200,805.234,MW,DK1,DK_1,actual_onshore_wind_generation,Wind Onshore,2026-08-21T06:40:18Z
2026-08-21T06:33:41Z,2026-08-21T08:33:41+0200,6801fa27-1585-43c5-af49-29c528898ba2,2026-08-10T07:15:00Z,2026-08-10T09:15:00+0200,892.223,MW,DK1,DK_1,actual_onshore_wind_generation,Wind Onshore,2026-08-21T06:40:18Z
2026-08-21T06:33:41Z,2026-08-21T08:33:41+0200,6801fa27-1585-43c5-af49-29c528898ba2,2026-08-10T07:30:00Z,2026-08-10T09:30:00+0200,957.352,MW,DK1,DK_1,actual_onshore_wind_generation,Wind Onshore,2026-08-21T06:40:18Z
2026-08-21T06:33:41Z,2026-08-21T08:33:41+0200,6801fa27-1585-43c5-af49-29c528898ba2,2026-08-10T07:45:00Z,2026-08-10T09:45:00+0200,985.568,MW,DK1,DK_1,actual_onshore_wind_generation,Wind Onshore,2026-08-21T06:40:18Z
2026-08-21T06:33:41Z,2026-08-21T08:33:41+0200,6801fa27-1585-43c5-af49-29c528898ba2,2026-08-10T08:00:00Z,2026-08-10T10:00:00+0200,1082.84,MW,DK1,DK_1,actual_onshore_wind_generation,Wind Onshore,2026-08-21T06:40:18Z
2026-08-21T06:33:41Z,2026-08-21T08:33:41+0200,6801fa27-1585-43c5-af49-29c528898ba2,2026-08-10T08:15:00Z,2026-08-10T10:15:00+0200,1159.82,MW,DK1,DK_1,actual_onshore_wind_generation,Wind Onshore,2026-08-21T06:40:18Z
2026-08-21T06:33:41Z,2026-08-21T08:33:41+0200,6801fa27-1585-43c5-af49-29c528898ba2,2026-08-10T08:30:00Z,2026-08-10T10:30:00+0200,1222.45,MW,DK1,DK_1,actual_onshore_wind_generation,Wind Onshore,2026-08-21T06:40:18Z
2026-08-21T06:33:41Z,2026-08-21T08:33:41+0200,6801fa27-1585-43c5-af49-29c528898ba2,2026-08-10T08:45:00Z,2026-08-10T10:45:00+0200,1257.91,MW,DK1,DK_1,actual_onshore_wind_generation,Wind Onshore,2026-08-21T06:40:18Z
2026-08-21T06:33:41Z,2026-08-21T08:33:41+0200,6801fa27-1585-43c5-af49-29c528898ba2,2026-08-10T09:00:00Z,2026-08-10T11:00:00+0200,1396.43,MW,DK1,DK_1,actual_onshore_wind_generation,Wind Onshore,2026-08-21T06:40:18Z
2026-08-21T06:33:41Z,2026-08-21T08:33:41+0200,6801fa27-1585-43c5-af49-29c528898ba2,2026-08-10T09:15:00Z,2026-08-10T11:15:00+0200,1546.14,MW,DK1,DK_1,actual_onshore_wind_generation,Wind Onshore,2026-08-21T06:40:18Z
2026-08-21T06:33:41Z,2026-08-21T08:33:41+0200,6801fa27-1585-43c5-af49-29c528898ba2,2026-08-10T09:30:00Z,2026-08-10T11:30:00+0200,1660.48,MW,DK1,DK_1,actual_onshore_wind_generation,Wind Onshore,2026-08-21T06:40:18Z
2026-08-21T06:33:41Z,2026-08-21T08:33:41+0200,6801fa27-1585-43c5-af49-29c528898ba2,2026-08-10T09:45:00Z,2026-08-10T11:45:00+0200,1759.95,MW,DK1,DK_1,actual_onshore_wind_generation,Wind Onshore,2026-08-21T06:40:18Z
2026-08-21T06:33:41Z,2026-08-21T08:33:41+0200,6801fa27-1585-43c5-af49-29c528898ba2,2026-08-10T10:00:00Z,2026-08-10T12:00:00+0200,1885.67,MW,DK1,DK_1,actual_onshore_wind_generation,Wind Onshore,2026-08-21T06:40:18Z
2026-08-21T06:33:41Z,2026-08-21T08:33:41+0200,6801fa27-1585-43c5-af49-29c528898ba2,2026-08-10T10:15:00Z,2026-08-10T12:15:00+0200,1999.56,MW,DK1,DK_1,actual_onshore_wind_generation,Wind Onshore,2026-08-21T06:40:18Z
2026-08-21T06:33:41Z,2026-08-21T08:33:41+0200,6801fa27-1585-43c5-af49-29c528898ba2,2026-08-10T10:30:00Z,2026-08-10T12:30:00+0200,2089.93,MW,DK1,DK_1,actual_onshore_wind_generation,Wind Onshore,2026-08-21T06:40:18Z
2026-08-21T06:33:41Z,2026-08-21T08:33:41+0200,6801fa27-1585-43c5-af49-29c528898ba2,2026-08-10T10:45:00Z,2026-08-10T12:45:00+0200,2144.58,MW,DK1,DK_1,actual_onshore_wind_generation,Wind Onshore,2026-08-21T06:40:18Z
2026-08-21T06:33:41Z,2026-08-21T08:33:41+0200,6801fa27-1585-43c5-af49-29c528898ba2,2026-08-10T11:00:00Z,2026-08-10T13:00:00+0200,2259.32,MW,DK1,DK_1,actual_onshore_wind_generation,Wind Onshore,2026-08-21T06:40:18Z
2026-08-21T06:33:41Z,2026-08-21T08:33:41+0200,6801fa27-1585-43c5-af49-29c528898ba2,2026-08-10T11:15:00Z,2026-08-10T13:15:00+0200,2324.81,MW,DK1,DK_1,actual_onshore_wind_generation,Wind Onshore,2026-08-21T06:40:18Z
2026-08-21T06:33:41Z,2026-08-21T08:33:41+0200,6801fa27-1585-43c5-af49-29c528898ba2,2026-08-10T11:30:00Z,2026-08-10T13:30:00+0200,2348.05,MW,DK1,DK_1,actual_onshore_wind_generation,Wind Onshore,2026-08-21T06:40:18Z
2026-08-21T06:33:41Z,2026-08-21T08:33:41+0200,6801fa27-1585-43c5-af49-29c528898ba2,2026-08-10T11:45:00Z,2026-08-10T13:45:00+0200,2297.06,MW,DK1,DK_1,actual_onshore_wind_generation,Wind Onshore,2026-08-21T06:40:18Z
2026-08-21T06:33:41Z,2026-08-21T08:33:41+0200,6801fa27-1585-43c5-af49-29c528898ba2,2026-08-10T12:00:00Z,2026-08-10T14:00:00+0200,2383.58,MW,DK1,DK_1,actual_onshore_wind_generation,Wind Onshore,2026-08-21T06:40:18Z
2026-08-21T06:33:41Z,2026-08-21T08:33:41+0200,6801fa27-1585-43c5-af49-29c528898ba2,2026-08-10T12:15:00Z,2026-08-10T14:15:00+0200,2436.26,MW,DK1,DK_1,actual_onshore_wind_generation,Wind Onshore,2026-08-21T06:40:18Z
2026-08-21T06:33:41Z,2026-08-21T08:33:41+0200,6801fa27-1585-43c5-af49-29c528898ba2,2026-08-10T12:30:00Z,2026-08-10T14:30:00+0200,2551.61,MW,DK1,DK_1,actual_onshore_wind_generation,Wind Onshore,2026-08-21T06:40:18Z
2026-08-21T06:33:41Z,2026-08-21T08:33:41+0200,6801fa27-1585-43c5-af49-29c528898ba2,2026-08-10T12:45:00Z,2026-08-10T14:45:00+0200,2549.96,MW,DK1,DK_1,actual_onshore_wind_generation,Wind Onshore,2026-08-21T06:40:18Z
2026-08-21T06:33:41Z,2026-08-21T08:33:41+0200,6801fa27-1585-43c5-af49-29c528898ba2,2026-08-10T13:00:00Z,2026-08-10T15:00:00+0200,2405.71,MW,DK1,DK_1,actual_onshore_wind_generation,Wind Onshore,2026-08-21T06:40:18Z
2026-08-21T06:33:41Z,2026-08-21T08:33:41+0200,6801fa27-1585-43c5-af49-29c528898ba2,2026-08-10T13:15:00Z,2026-08-10T15:15:00+0200,2596.84,MW,DK1,DK_1,actual_onshore_wind_generation,Wind Onshore,2026-08-21T06:40:18Z
2026-08-21T06:33:41Z,2026-08-21T08:33:41+0200,6801fa27-1585-43c5-af49-29c528898ba2,2026-08-10T13:30:00Z,2026-08-10T15:30:00+0200,2743.84,MW,DK1,DK_1,actual_onshore_wind_generation,Wind Onshore,2026-08-21T06:40:18Z
2026-08-21T06:33:41Z,2026-08-21T08:33:41+0200,6801fa27-1585-43c5-af49-29c528898ba2,2026-08-10T13:45:00Z,2026-08-10T15:45:00+0200,2781.32,MW,DK1,DK_1,actual_onshore_wind_generation,Wind Onshore,2026-08-21T06:40:18Z
2026-08-21T06:33:41Z,2026-08-21T08:33:41+0200,6801fa27-1585-43c5-af49-29c528898ba2,2026-08-10T14:00:00Z,2026-08-10T16:00:00+0200,2718.85,MW,DK1,DK_1,actual_onshore_wind_generation,Wind Onshore,2026-08-21T06:40:18Z
2026-08-21T06:33:41Z,2026-08-21T08:33:41+0200,6801fa27-1585-43c5-af49-29c528898ba2,2026-08-10T14:15:00Z,2026-08-10T16:15:00+0200,2777.22,MW,DK1,DK_1,actual_onshore_wind_generation,Wind Onshore,2026-08-21T06:40:18Z
2026-08-21T06:33:41Z,2026-08-21T08:33:41+0200,6801fa27-1585-43c5-af49-29c528898ba2,2026-08-10T14:30:00Z,2026-08-10T16:30:00+0200,2907.03,MW,DK1,DK_1,actual_onshore_wind_generation,Wind Onshore,2026-08-21T06:40:18Z
2026-08-21T06:33:41Z,2026-08-21T08:33:41+0200,6801fa27-1585-43c5-af49-29c528898ba2,2026-08-10T14:45:00Z,2026-08-10T16:45:00+0200,2908.89,MW,DK1,DK_1,actual_onshore_wind_generation,Wind Onshore,2026-08-21T06:40:18Z
2026-08-21T06:33:41Z,2026-08-21T08:33:41+0200,6801fa27-1585-43c5-af49-29c528898ba2,2026-08-10T15:00:00Z,2026-08-10T17:00:00+0200,2752.5,MW,DK1,DK_1,actual_onshore_wind_generation,Wind Onshore,2026-08-21T06:40:18Z
2026-08-21T06:33:41Z,2026-08-21T08:33:41+0200,6801fa27-1585-43c5-af49-29c528898ba2,2026-08-10T15:15:00Z,2026-08-10T17:15:00+0200,2797.58,MW,DK1,DK_1,actual_onshore_wind_generation,Wind Onshore,2026-08-21T06:40:18Z
2026-08-21T06:33:41Z,2026-08-21T08:33:41+0200,6801fa27-1585-43c5-af49-29c528898ba2,2026-08-10T15:30:00Z,2026-08-10T17:30:00+0200,2757.23,MW,DK1,DK_1,actual_onshore_wind_generation,Wind Onshore,2026-08-21T06:40:18Z
2026-08-21T06:33:41Z,2026-08-21T08:33:41+0200,6801fa27-1585-43c5-af49-29c528898ba2,2026-08-10T15:45:00Z,2026-08-10T17:45:00+0200,2843.57,MW,DK1,DK_1,actual_onshore_wind_generation,Wind Onshore,2026-08-21T06:40:18Z
2026-08-21T06:33:41Z,2026-08-21T08:33:41+0200,6801fa27-1585-43c5-af49-29c528898ba2,2026-08-10T16:00:00Z,2026-08-10T18:00:00+0200,2818.3,MW,DK1,DK_1,actual_onshore_wind_generation,Wind Onshore,2026-08-21T06:40:18Z
2026-08-21T06:33:41Z,2026-08-21T08:33:41+0200,6801fa27-1585-43c5-af49-29c528898ba2,2026-08-10T16:15:00Z,2026-08-10T18:15:00+0200,2835.82,MW,DK1,DK_1,actual_onshore_wind_generation,Wind Onshore,2026-08-21T06:40:18Z
2026-08-21T06:33:41Z,2026-08-21T08:33:41+0200,6801fa27-1585-43c5-af49-29c528898ba2,2026-08-10T16:30:00Z,2026-08-10T18:30:00+0200,2753.59,MW,DK1,DK_1,actual_onshore_wind_generation,Wind Onshore,2026-08-21T06:40:18Z
2026-08-21T06:33:41Z,2026-08-21T08:33:41+0200,6801fa27-1585-43c5-af49-29c528898ba2,2026-08-10T16:45:00Z,2026-08-10T18:45:00+0200,2741.63,MW,DK1,DK_1,actual_onshore_wind_generation,Wind Onshore,2026-08-21T06:40:18Z
2026-08-21T06:33:41Z,2026-08-21T08:33:41+0200,6801fa27-1585-43c5-af49-29c528898ba2,2026-08-10T17:00:00Z,2026-08-10T19:00:00+0200,2718.95,MW,DK1,DK_1,actual_onshore_wind_generation,Wind Onshore,2026-08-21T06:40:18Z
2026-08-21T06:33:41Z,2026-08-21T08:33:41+0200,6801fa27-1585-43c5-af49-29c528898ba2,2026-08-10T17:15:00Z,2026-08-10T19:15:00+0200,2680.01,MW,DK1,DK_1,actual_onshore_wind_generation,Wind Onshore,2026-08-21T06:40:18Z
2026-08-21T06:33:41Z,2026-08-21T08:33:41+0200,6801fa27-1585-43c5-af49-29c528898ba2,2026-08-10T17:30:00Z,2026-08-10T19:30:00+0200,2606.12,MW,DK1,DK_1,actual_onshore_wind_generation,Wind Onshore,2026-08-21T06:40:18Z
2026-08-21T06:33:41Z,2026-08-21T08:33:41+0200,6801fa27-1585-43c5-af49-29c528898ba2,2026-08-10T17:45:00Z,2026-08-10T19:45:00+0200,2580.83,MW,DK1,DK_1,actual_onshore_wind_generation,Wind Onshore,2026-08-21T06:40:18Z
2026-08-21T06:33:41Z,2026-08-21T08:33:41+0200,6801fa27-1585-43c5-af49-29c528898ba2,2026-08-10T18:00:00Z,2026-08-10T20:00:00+0200,2498.14,MW,DK1,DK_1,actual_onshore_wind_generation,Wind Onshore,2026-08-21T06:40:18Z
2026-08-21T06:33:41Z,2026-08-21T08:33:41+0200,6801fa27-1585-43c5-af49-29c528898ba2,2026-08-10T18:15:00Z,2026-08-10T20:15:00+0200,2412.55,MW,DK1,DK_1,actual_onshore_wind_generation,Wind Onshore,2026-08-21T06:40:18Z
2026-08-21T06:33:41Z,2026-08-21T08:33:41+0200,6801fa27-1585-43c5-af49-29c528898ba2,2026-08-10T18:30:00Z,2026-08-10T20:30:00+0200,2371.23,MW,DK1,DK_1,actual_onshore_wind_generation,Wind Onshore,2026-08-21T06:40:18Z
2026-08-21T06:33:41Z,2026-08-21T08:33:41+0200,6801fa27-1585-43c5-af49-29c528898ba2,2026-08-10T18:45:00Z,2026-08-10T20:45:00+0200,2320.31,MW,DK1,DK_1,actual_onshore_wind_generation,Wind Onshore,2026-08-21T06:40:18Z
2026-08-21T06:33:41Z,2026-08-21T08:33:41+0200,6801fa27-1585-43c5-af49-29c528898ba2,2026-08-10T19:00:00Z,2026-08-10T21:00:00+0200,2341.98,MW,DK1,DK_1,actual_onshore_wind_generation,Wind Onshore,2026-08-21T06:40:18Z
2026-08-21T06:33:41Z,2026-08-21T08:33:41+0200,6801fa27-1585-43c5-af49-29c528898ba2,2026-08-10T19:15:00Z,2026-08-10T21:15:00+0200,2294.7,MW,DK1,DK_1,actual_onshore_wind_generation,Wind Onshore,2026-08-21T06:40:18Z
2026-08-21T06:33:41Z,2026-08-21T08:33:41+0200,6801fa27-1585-43c5-af49-29c528898ba2,2026-08-10T19:30:00Z,2026-08-10T21:30:00+0200,2232.28,MW,DK1,DK_1,actual_onshore_wind_generation,Wind Onshore,2026-08-21T06:40:18Z
2026-08-21T06:33:41Z,2026-08-21T08:33:41+0200,6801fa27-1585-43c5-af49-29c528898ba2,2026-08-10T19:45:00Z,2026-08-10T21:45:00+0200,2148.77,MW,DK1,DK_1,actual_onshore_wind_generation,Wind Onshore,2026-08-21T06:40:18Z
2026-08-21T06:33:41Z,2026-08-21T08:33:41+0200,6801fa27-1585-43c5-af49-29c528898ba2,2026-08-10T20:00:00Z,2026-08-10T22:00:00+0200,2139.9,MW,DK1,DK_1,actual_onshore_wind_generation,Wind Onshore,2026-08-21T06:40:18Z
2026-08-21T06:33:41Z,2026-08-21T08:33:41+0200,6801fa27-1585-43c5-af49-29c528898ba2,2026-08-10T20:15:00Z,2026-08-10T22:15:00+0200,2131.83,MW,DK1,DK_1,actual_onshore_wind_generation,Wind Onshore,2026-08-21T06:40:18Z
2026-08-21T06:33:41Z,2026-08-21T08:33:41+0200,6801fa27-1585-43c5-af49-29c528898ba2,2026-08-10T20:30:00Z,2026-08-10T22:30:00+0200,2093.9,MW,DK1,DK_1,actual_onshore_wind_generation,Wind Onshore,2026-08-21T06:40:18Z
2026-08-21T06:33:41Z,2026-08-21T08:33:41+0200,6801fa27-1585-43c5-af49-29c528898ba2,2026-08-10T20:45:00Z,2026-08-10T22:45:00+0200,2135.86,MW,DK1,DK_1,actual_onshore_wind_generation,Wind Onshore,2026-08-21T06:40:18Z
2026-08-21T06:33:41Z,2026-08-21T08:33:41+0200,6801fa27-1585-43c5-af49-29c528898ba2,2026-08-10T21:00:00Z,2026-08-10T23:00:00+0200,2063.03,MW,DK1,DK_1,actual_onshore_wind_generation,Wind Onshore,2026-08-21T06:40:18Z
2026-08-21T06:33:41Z,2026-08-21T08:33:41+0200,6801fa27-1585-43c5-af49-29c528898ba2,2026-08-10T21:15:00Z,2026-08-10T23:15:00+0200,2070.44,MW,DK1,DK_1,actual_onshore_wind_generation,Wind Onshore,2026-08-21T06:40:18Z
2026-08-21T06:33:41Z,2026-08-21T08:33:41+0200,6801fa27-1585-43c5-af49-29c528898ba2,2026-08-10T21:30:00Z,2026-08-10T23:30:00+0200,2121.32,MW,DK1,DK_1,actual_onshore_wind_generation,Wind Onshore,2026-08-21T06:40:18Z
2026-08-21T06:33:41Z,2026-08-21T08:33:41+0200,6801fa27-1585-43c5-af49-29c528898ba2,2026-08-10T21:45:00Z,2026-08-10T23:45:00+0200,2109.15,MW,DK1,DK_1,actual_onshore_wind_generation,Wind Onshore,2026-08-21T06:40:18Z
2026-08-21T06:33:41Z,2026-08-21T08:33:41+0200,6801fa27-1585-43c5-af49-29c528898ba2,2026-08-10T22:00:00Z,2026-08-11T00:00:00+0200,2108.02,MW,DK1,DK_1,actual_onshore_wind_generation,Wind Onshore,2026-08-21T06:40:18Z
2026-08-21T06:33:41Z,2026-08-21T08:33:41+0200,6801fa27-1585-43c5-af49-29c528898ba2,2026-08-10T22:15:00Z,2026-08-11T00:15:00+0200,2122.63,MW,DK1,DK_1,actual_onshore_wind_generation,Wind Onshore,2026-08-21T06:40:18Z
2026-08-21T06:33:41Z,2026-08-21T08:33:41+0200,6801fa27-1585-43c5-af49-29c528898ba2,2026-08-10T22:30:00Z,2026-08-11T00:30:00+0200,2134.7,MW,DK1,DK_1,actual_onshore_wind_generation,Wind Onshore,2026-08-21T06:40:18Z
2026-08-21T06:33:41Z,2026-08-21T08:33:41+0200,6801fa27-1585-43c5-af49-29c528898ba2,2026-08-10T22:45:00Z,2026-08-11T00:45:00+0200,2128.73,MW,DK1,DK_1,actual_onshore_wind_generation,Wind Onshore,2026-08-21T06:40:18Z
2026-08-21T06:33:41Z,2026-08-21T08:33:41+0200,6801fa27-1585-43c5-af49-29c528898ba2,2026-08-10T23:00:00Z,2026-08-11T01:00:00+0200,2139.1,MW,DK1,DK_1,actual_onshore_wind_generation,Wind Onshore,2026-08-21T06:40:18Z
2026-08-21T06:33:41Z,2026-08-21T08:33:41+0200,6801fa27-1585-43c5-af49-29c528898ba2,2026-08-10T23:15:00Z,2026-08-11T01:15:00+0200,2156.23,MW,DK1,DK_1,actual_onshore_wind_generation,Wind Onshore,2026-08-21T06:40:18Z
2026-08-21T06:33:41Z,2026-08-21T08:33:41+0200,6801fa27-1585-43c5-af49-29c528898ba2,2026-08-10T23:30:00Z,2026-08-11T01:30:00+0200,2161.25,MW,DK1,DK_1,actual_onshore_wind_generation,Wind Onshore,2026-08-21T06:40:18Z
2026-08-21T06:33:41Z,2026-08-21T08:33:41+0200,6801fa27-1585-43c5-af49-29c528898ba2,2026-08-10T23:45:00Z,2026-08-11T01:45:00+0200,2125.9,MW,DK1,DK_1,actual_onshore_wind_generation,Wind Onshore,2026-08-21T06:40:18Z
2026-08-21T06:33:41Z,2026-08-21T08:33:41+0200,6801fa27-1585-43c5-af49-29c528898ba2,2026-08-11T00:00:00Z,2026-08-11T02:00:00+0200,2106.93,MW,DK1,DK_1,actual_onshore_wind_generation,Wind Onshore,2026-08-21T06:40:18Z
2026-08-21T06:33:41Z,2026-08-21T08:33:41+0200,6801fa27-1585-43c5-af49-29c528898ba2,2026-08-11T00:15:00Z,2026-08-11T02:15:00+0200,2086.9,MW,DK1,DK_1,actual_onshore_wind_generation,Wind Onshore,2026-08-21T06:40:18Z
2026-08-21T06:33:41Z,2026-08-21T08:33:41+0200,6801fa27-1585-43c5-af49-29c528898ba2,2026-08-11T00:30:00Z,2026-08-11T02:30:00+0200,2089.76,MW,DK1,DK_1,actual_onshore_wind_generation,Wind Onshore,2026-08-21T06:40:18Z
2026-08-21T06:33:41Z,2026-08-21T08:33:41+0200,6801fa27-1585-43c5-af49-29c528898ba2,2026-08-11T00:45:00Z,2026-08-11T02:45:00+0200,2081.68,MW,DK1,DK_1,actual_onshore_wind_generation,Wind Onshore,2026-08-21T06:40:18Z
2026-08-21T06:33:41Z,2026-08-21T08:33:41+0200,6801fa27-1585-43c5-af49-29c528898ba2,2026-08-11T01:00:00Z,2026-08-11T03:00:00+0200,2084.3,MW,DK1,DK_1,actual_onshore_wind_generation,Wind Onshore,2026-08-21T06:40:18Z
2026-08-21T06:33:41Z,2026-08-21T08:33:41+0200,6801fa27-1585-43c5-af49-29c528898ba2,2026-08-11T01:15:00Z,2026-08-11T03:15:00+0200,2093.35,MW,DK1,DK_1,actual_onshore_wind_generation,Wind Onshore,2026-08-21T06:40:18Z
2026-08-21T06:33:41Z,2026-08-21T08:33:41+0200,6801fa27-1585-43c5-af49-29c528898ba2,2026-08-11T01:30:00Z,2026-08-11T03:30:00+0200,2057.07,MW,DK1,DK_1,actual_onshore_wind_generation,Wind Onshore,2026-08-21T06:40:18Z
2026-08-21T06:33:41Z,2026-08-21T08:33:41+0200,6801fa27-1585-43c5-af49-29c528898ba2,2026-08-11T01:45:00Z,2026-08-11T03:45:00+0200,2096.64,MW,DK1,DK_1,actual_onshore_wind_generation,Wind Onshore,2026-08-21T06:40:18Z
2026-08-21T06:33:41Z,2026-08-21T08:33:41+0200,6801fa27-1585-43c5-af49-29c528898ba2,2026-08-11T02:00:00Z,2026-08-11T04:00:00+0200,2075.66,MW,DK1,DK_1,actual_onshore_wind_generation,Wind Onshore,2026-08-21T06:40:18Z
2026-08-21T06:33:41Z,2026-08-21T08:33:41+0200,6801fa27-1585-43c5-af49-29c528898ba2,2026-08-11T02:15:00Z,2026-08-11T04:15:00+0200,2038.1,MW,DK1,DK_1,actual_onshore_wind_generation,Wind Onshore,2026-08-21T06:40:18Z
2026-08-21T06:33:41Z,2026-08-21T08:33:41+0200,6801fa27-1585-43c5-af49-29c528898ba2,2026-08-11T02:30:00Z,2026-08-11T04:30:00+0200,2046.72,MW,DK1,DK_1,actual_onshore_wind_generation,Wind Onshore,2026-08-21T06:40:18Z
2026-08-21T06:33:41Z,2026-08-21T08:33:41+0200,6801fa27-1585-43c5-af49-29c528898ba2,2026-08-11T02:45:00Z,2026-08-11T04:45:00+0200,1961.12,MW,DK1,DK_1,actual_onshore_wind_generation,Wind Onshore,2026-08-21T06:40:18Z
2026-08-21T06:33:41Z,2026-08-21T08:33:41+0200,6801fa27-1585-43c5-af49-29c528898ba2,2026-08-11T03:00:00Z,2026-08-11T05:00:00+0200,1943.69,MW,DK1,DK_1,actual_onshore_wind_generation,Wind Onshore,2026-08-21T06:40:18Z
2026-08-21T06:33:41Z,2026-08-21T08:33:41+0200,6801fa27-1585-43c5-af49-29c528898ba2,2026-08-11T03:15:00Z,2026-08-11T05:15:00+0200,1936.31,MW,DK1,DK_1,actual_onshore_wind_generation,Wind Onshore,2026-08-21T06:40:18Z
2026-08-21T06:33:41Z,2026-08-21T08:33:41+0200,6801fa27-1585-43c5-af49-29c528898ba2,2026-08-11T03:30:00Z,2026-08-11T05:30:00+0200,1905.16,MW,DK1,DK_1,actual_onshore_wind_generation,Wind Onshore,2026-08-21T06:40:18Z
2026-08-21T06:33:41Z,2026-08-21T08:33:41+0200,6801fa27-1585-43c5-af49-29c528898ba2,2026-08-11T03:45:00Z,2026-08-11T05:45:00+0200,1859.9,MW,DK1,DK_1,actual_onshore_wind_generation,Wind Onshore,2026-08-21T06:40:18Z
2026-08-21T06:33:41Z,2026-08-21T08:33:41+0200,6801fa27-1585-43c5-af49-29c528898ba2,2026-08-11T04:00:00Z,2026-08-11T06:00:00+0200,1796.57,MW,DK1,DK_1,actual_onshore_wind_generation,Wind Onshore,2026-08-21T06:40:18Z
2026-08-21T06:33:41Z,2026-08-21T08:33:41+0200,6801fa27-1585-43c5-af49-29c528898ba2,2026-08-11T04:15:00Z,2026-08-11T06:15:00+0200,1727.36,MW,DK1,DK_1,actual_onshore_wind_generation,Wind Onshore,2026-08-21T06:40:18Z
2026-08-21T06:33:41Z,2026-08-21T08:33:41+0200,6801fa27-1585-43c5-af49-29c528898ba2,2026-08-11T04:30:00Z,2026-08-11T06:30:00+0200,1686.51,MW,DK1,DK_1,actual_onshore_wind_generation,Wind Onshore,2026-08-21T06:40:18Z
2026-08-21T06:33:41Z,2026-08-21T08:33:41+0200,6801fa27-1585-43c5-af49-29c528898ba2,2026-08-11T04:45:00Z,2026-08-11T06:45:00+0200,1666.84,MW,DK1,DK_1,actual_onshore_wind_generation,Wind Onshore,2026-08-21T06:40:18Z
2026-08-21T06:33:41Z,2026-08-21T08:33:41+0200,6801fa27-1585-43c5-af49-29c528898ba2,2026-08-11T05:00:00Z,2026-08-11T07:00:00+0200,1640.4,MW,DK1,DK_1,actual_onshore_wind_generation,Wind Onshore,2026-08-21T06:40:18Z
2026-08-21T06:33:41Z,2026-08-21T08:33:41+0200,6801fa27-1585-43c5-af49-29c528898ba2,2026-08-11T05:15:00Z,2026-08-11T07:15:00+0200,1637.02,MW,DK1,DK_1,actual_onshore_wind_generation,Wind Onshore,2026-08-21T06:40:18Z
2026-08-21T06:33:41Z,2026-08-21T08:33:41+0200,6801fa27-1585-43c5-af49-29c528898ba2,2026-08-11T05:30:00Z,2026-08-11T07:30:00+0200,1678.89,MW,DK1,DK_1,actual_onshore_wind_generation,Wind Onshore,2026-08-21T06:40:18Z
2026-08-21T06:33:41Z,2026-08-21T08:33:41+0200,6801fa27-1585-43c5-af49-29c528898ba2,2026-08-11T05:45:00Z,2026-08-11T07:45:00+0200,1739.94,MW,DK1,DK_1,actual_onshore_wind_generation,Wind Onshore,2026-08-21T06:40:18Z
2026-08-21T06:33:41Z,2026-08-21T08:33:41+0200,6801fa27-1585-43c5-af49-29c528898ba2,2026-08-11T06:00:00Z,2026-08-11T08:00:00+0200,1831.76,MW,DK1,DK_1,actual_onshore_wind_generation,Wind Onshore,2026-08-21T06:40:18Z
2026-08-21T06:33:41Z,2026-08-21T08:33:41+0200,6801fa27-1585-43c5-af49-29c528898ba2,2026-08-11T06:15:00Z,2026-08-11T08:15:00+0200,1953.83,MW,DK1,DK_1,actual_onshore_wind_generation,Wind Onshore,2026-08-21T06:40:18Z
2026-08-21T06:33:41Z,2026-08-21T08:33:41+0200,6801fa27-1585-43c5-af49-29c528898ba2,2026-08-11T06:30:00Z,2026-08-11T08:30:00+0200,1996.26,MW,DK1,DK_1,actual_onshore_wind_generation,Wind Onshore,2026-08-21T06:40:18Z
2026-08-21T06:33:41Z,2026-08-21T08:33:41+0200,6801fa27-1585-43c5-af49-29c528898ba2,2026-08-11T06:45:00Z,2026-08-11T08:45:00+0200,1989.93,MW,DK1,DK_1,actual_onshore_wind_generation,Wind Onshore,2026-08-21T06:40:18Z
2026-08-21T06:33:41Z,2026-08-21T08:33:41+0200,6801fa27-1585-43c5-af49-29c528898ba2,2026-08-11T07:00:00Z,2026-08-11T09:00:00+0200,2056.21,MW,DK1,DK_1,actual_onshore_wind_generation,Wind Onshore,2026-08-21T06:40:18Z
2026-08-21T06:33:41Z,2026-08-21T08:33:41+0200,6801fa27-1585-43c5-af49-29c528898ba2,2026-08-11T07:15:00Z,2026-08-11T09:15:00+0200,2138.51,MW,DK1,DK_1,actual_onshore_wind_generation,Wind Onshore,2026-08-21T06:40:18Z
2026-08-21T06:33:41Z,2026-08-21T08:33:41+0200,6801fa27-1585-43c5-af49-29c528898ba2,2026-08-11T07:30:00Z,2026-08-11T09:30:00+0200,2097.45,MW,DK1,DK_1,actual_onshore_wind_generation,Wind Onshore,2026-08-21T06:40:18Z
2026-08-21T06:33:41Z,2026-08-21T08:33:41+0200,6801fa27-1585-43c5-af49-29c528898ba2,2026-08-11T07:45:00Z,2026-08-11T09:45:00+0200,2053.6,MW,DK1,DK_1,actual_onshore_wind_generation,Wind Onshore,2026-08-21T06:40:18Z
2026-08-21T06:33:41Z,2026-08-21T08:33:41+0200,6801fa27-1585-43c5-af49-29c528898ba2,2026-08-11T08:00:00Z,2026-08-11T10:00:00+0200,2077.57,MW,DK1,DK_1,actual_onshore_wind_generation,Wind Onshore,2026-08-21T06:40:18Z
2026-08-21T06:33:41Z,2026-08-21T08:33:41+0200,6801fa27-1585-43c5-af49-29c528898ba2,2026-08-11T08:15:00Z,2026-08-11T10:15:00+0200,2026.92,MW,DK1,DK_1,actual_onshore_wind_generation,Wind Onshore,2026-08-21T06:40:18Z
2026-08-21T06:33:41Z,2026-08-21T08:33:41+0200,6801fa27-1585-43c5-af49-29c528898ba2,2026-08-11T08:30:00Z,2026-08-11T10:30:00+0200,2031.3,MW,DK1,DK_1,actual_onshore_wind_generation,Wind Onshore,2026-08-21T06:40:18Z
2026-08-21T06:33:41Z,2026-08-21T08:33:41+0200,6801fa27-1585-43c5-af49-29c528898ba2,2026-08-11T08:45:00Z,2026-08-11T10:45:00+0200,1945.98,MW,DK1,DK_1,actual_onshore_wind_generation,Wind Onshore,2026-08-21T06:40:18Z
2026-08-21T06:33:41Z,2026-08-21T08:33:41+0200,6801fa27-1585-43c5-af49-29c528898ba2,2026-08-11T09:00:00Z,2026-08-11T11:00:00+0200,1958.11,MW,DK1,DK_1,actual_onshore_wind_generation,Wind Onshore,2026-08-21T06:40:18Z
2026-08-21T06:33:41Z,2026-08-21T08:33:41+0200,6801fa27-1585-43c5-af49-29c528898ba2,2026-08-11T09:15:00Z,2026-08-11T11:15:00+0200,1920.34,MW,DK1,DK_1,actual_onshore_wind_generation,Wind Onshore,2026-08-21T06:40:18Z
2026-08-21T06:33:41Z,2026-08-21T08:33:41+0200,6801fa27-1585-43c5-af49-29c528898ba2,2026-08-11T09:30:00Z,2026-08-11T11:30:00+0200,1619.51,MW,DK1,DK_1,actual_onshore_wind_generation,Wind Onshore,2026-08-21T06:40:18Z
2026-08-21T06:33:41Z,2026-08-21T08:33:41+0200,6801fa27-1585-43c5-af49-29c528898ba2,2026-08-11T09:45:00Z,2026-08-11T11:45:00+0200,1513.94,MW,DK1,DK_1,actual_onshore_wind_generation,Wind Onshore,2026-08-21T06:40:18Z
2026-08-21T06:33:41Z,2026-08-21T08:33:41+0200,6801fa27-1585-43c5-af49-29c528898ba2,2026-08-11T10:00:00Z,2026-08-11T12:00:00+0200,1425.86,MW,DK1,DK_1,actual_onshore_wind_generation,Wind Onshore,2026-08-21T06:40:18Z
2026-08-21T06:33:41Z,2026-08-21T08:33:41+0200,6801fa27-1585-43c5-af49-29c528898ba2,2026-08-11T10:15:00Z,2026-08-11T12:15:00+0200,1443.29,MW,DK1,DK_1,actual_onshore_wind_generation,Wind Onshore,2026-08-21T06:40:18Z
2026-08-21T06:33:41Z,2026-08-21T08:33:41+0200,6801fa27-1585-43c5-af49-29c528898ba2,2026-08-11T10:30:00Z,2026-08-11T12:30:00+0200,1409.38,MW,DK1,DK_1,actual_onshore_wind_generation,Wind Onshore,2026-08-21T06:40:18Z
2026-08-21T06:33:41Z,2026-08-21T08:33:41+0200,6801fa27-1585-43c5-af49-29c528898ba2,2026-08-11T10:45:00Z,2026-08-11T12:45:00+0200,1364.71,MW,DK1,DK_1,actual_onshore_wind_generation,Wind Onshore,2026-08-21T06:40:18Z
2026-08-21T06:33:41Z,2026-08-21T08:33:41+0200,6801fa27-1585-43c5-af49-29c528898ba2,2026-08-11T11:00:00Z,2026-08-11T13:00:00+0200,1326.65,MW,DK1,DK_1,actual_onshore_wind_generation,Wind Onshore,2026-08-21T06:40:18Z
2026-08-21T06:33:41Z,2026-08-21T08:33:41+0200,6801fa27-1585-43c5-af49-29c528898ba2,2026-08-11T11:15:00Z,2026-08-11T13:15:00+0200,1311.87,MW,DK1,DK_1,actual_onshore_wind_generation,Wind Onshore,2026-08-21T06:40:18Z
2026-08-21T06:33:41Z,2026-08-21T08:33:41+0200,6801fa27-1585-43c5-af49-29c528898ba2,2026-08-11T11:30:00Z,2026-08-11T13:30:00+0200,1319.62,MW,DK1,DK_1,actual_onshore_wind_generation,Wind Onshore,2026-08-21T06:40:18Z
2026-08-21T06:33:41Z,2026-08-21T08:33:41+0200,6801fa27-1585-43c5-af49-29c528898ba2,2026-08-11T11:45:00Z,2026-08-11T13:45:00+0200,1306.11,MW,DK1,DK_1,actual_onshore_wind_generation,Wind Onshore,2026-08-21T06:40:18Z
2026-08-21T06:33:41Z,2026-08-21T08:33:41+0200,6801fa27-1585-43c5-af49-29c528898ba2,2026-08-11T12:00:00Z,2026-08-11T14:00:00+0200,1277.26,MW,DK1,DK_1,actual_onshore_wind_generation,Wind Onshore,2026-08-21T06:40:18Z
2026-08-21T06:33:41Z,2026-08-21T08:33:41+0200,6801fa27-1585-43c5-af49-29c528898ba2,2026-08-11T12:15:00Z,2026-08-11T14:15:00+0200,1261.27,MW,DK1,DK_1,actual_onshore_wind_generation,Wind Onshore,2026-08-21T06:40:18Z
2026-08-21T06:33:41Z,2026-08-21T08:33:41+0200,6801fa27-1585-43c5-af49-29c528898ba2,2026-08-11T12:30:00Z,2026-08-11T14:30:00+0200,1247.75,MW,DK1,DK_1,actual_onshore_wind_generation,Wind Onshore,2026-08-21T06:40:18Z
2026-08-21T06:33:41Z,2026-08-21T08:33:41+0200,6801fa27-1585-43c5-af49-29c528898ba2,2026-08-11T12:45:00Z,2026-08-11T14:45:00+0200,1294.68,MW,DK1,DK_1,actual_onshore_wind_generation,Wind Onshore,2026-08-21T06:40:18Z
2026-08-21T06:33:41Z,2026-08-21T08:33:41+0200,6801fa27-1585-43c5-af49-29c528898ba2,2026-08-11T13:00:00Z,2026-08-11T15:00:00+0200,1273.2,MW,DK1,DK_1,actual_onshore_wind_generation,Wind Onshore,2026-08-21T06:40:18Z
2026-08-21T06:33:41Z,2026-08-21T08:33:41+0200,6801fa27-1585-43c5-af49-29c528898ba2,2026-08-11T13:15:00Z,2026-08-11T15:15:00+0200,1225.23,MW,DK1,DK_1,actual_onshore_wind_generation,Wind Onshore,2026-08-21T06:40:18Z
2026-08-21T06:33:41Z,2026-08-21T08:33:41+0200,6801fa27-1585-43c5-af49-29c528898ba2,2026-08-11T13:30:00Z,2026-08-11T15:30:00+0200,1308.38,MW,DK1,DK_1,actual_onshore_wind_generation,Wind Onshore,2026-08-21T06:40:18Z
2026-08-21T06:33:41Z,2026-08-21T08:33:41+0200,6801fa27-1585-43c5-af49-29c528898ba2,2026-08-11T13:45:00Z,2026-08-11T15:45:00+0200,1487.95,MW,DK1,DK_1,actual_onshore_wind_generation,Wind Onshore,2026-08-21T06:40:18Z
2026-08-21T06:33:41Z,2026-08-21T08:33:41+0200,6801fa27-1585-43c5-af49-29c528898ba2,2026-08-11T14:00:00Z,2026-08-11T16:00:00+0200,1534.63,MW,DK1,DK_1,actual_onshore_wind_generation,Wind Onshore,2026-08-21T06:40:18Z
2026-08-21T06:33:41Z,2026-08-21T08:33:41+0200,6801fa27-1585-43c5-af49-29c528898ba2,2026-08-11T14:15:00Z,2026-08-11T16:15:00+0200,1594.48,MW,DK1,DK_1,actual_onshore_wind_generation,Wind Onshore,2026-08-21T06:40:18Z
2026-08-21T06:33:41Z,2026-08-21T08:33:41+0200,6801fa27-1585-43c5-af49-29c528898ba2,2026-08-11T14:30:00Z,2026-08-11T16:30:00+0200,1654.14,MW,DK1,DK_1,actual_onshore_wind_generation,Wind Onshore,2026-08-21T06:40:18Z
2026-08-21T06:33:41Z,2026-08-21T08:33:41+0200,6801fa27-1585-43c5-af49-29c528898ba2,2026-08-11T14:45:00Z,2026-08-11T16:45:00+0200,1611.35,MW,DK1,DK_1,actual_onshore_wind_generation,Wind Onshore,2026-08-21T06:40:18Z
2026-08-21T06:33:41Z,2026-08-21T08:33:41+0200,6801fa27-1585-43c5-af49-29c528898ba2,2026-08-11T15:00:00Z,2026-08-11T17:00:00+0200,1565.67,MW,DK1,DK_1,actual_onshore_wind_generation,Wind Onshore,2026-08-21T06:40:18Z
2026-08-21T06:33:41Z,2026-08-21T08:33:41+0200,6801fa27-1585-43c5-af49-29c528898ba2,2026-08-11T15:15:00Z,2026-08-11T17:15:00+0200,1477.62,MW,DK1,DK_1,actual_onshore_wind_generation,Wind Onshore,2026-08-21T06:40:18Z
2026-08-21T06:33:41Z,2026-08-21T08:33:41+0200,6801fa27-1585-43c5-af49-29c528898ba2,2026-08-11T15:30:00Z,2026-08-11T17:30:00+0200,1454.03,MW,DK1,DK_1,actual_onshore_wind_generation,Wind Onshore,2026-08-21T06:40:18Z
2026-08-21T06:33:41Z,2026-08-21T08:33:41+0200,6801fa27-1585-43c5-af49-29c528898ba2,2026-08-11T15:45:00Z,2026-08-11T17:45:00+0200,1383.08,MW,DK1,DK_1,actual_onshore_wind_generation,Wind Onshore,2026-08-21T06:40:18Z
2026-08-21T06:33:41Z,2026-08-21T08:33:41+0200,6801fa27-1585-43c5-af49-29c528898ba2,2026-08-11T16:00:00Z,2026-08-11T18:00:00+0200,1322.53,MW,DK1,DK_1,actual_onshore_wind_generation,Wind Onshore,2026-08-21T06:40:18Z
2026-08-21T06:33:41Z,2026-08-21T08:33:41+0200,6801fa27-1585-43c5-af49-29c528898ba2,2026-08-11T16:15:00Z,2026-08-11T18:15:00+0200,1305.38,MW,DK1,DK_1,actual_onshore_wind_generation,Wind Onshore,2026-08-21T06:40:18Z
2026-08-21T06:33:41Z,2026-08-21T08:33:41+0200,6801fa27-1585-43c5-af49-29c528898ba2,2026-08-11T16:30:00Z,2026-08-11T18:30:00+0200,1232.22,MW,DK1,DK_1,actual_onshore_wind_generation,Wind Onshore,2026-08-21T06:40:18Z
2026-08-21T06:33:41Z,2026-08-21T08:33:41+0200,6801fa27-1585-43c5-af49-29c528898ba2,2026-08-11T16:45:00Z,2026-08-11T18:45:00+0200,1164.65,MW,DK1,DK_1,actual_onshore_wind_generation,Wind Onshore,2026-08-21T06:40:18Z
2026-08-21T06:33:41Z,2026-08-21T08:33:41+0200,6801fa27-1585-43c5-af49-29c528898ba2,2026-08-11T17:00:00Z,2026-08-11T19:00:00+0200,1100.14,MW,DK1,DK_1,actual_onshore_wind_generation,Wind Onshore,2026-08-21T06:40:18Z
2026-08-21T06:33:41Z,2026-08-21T08:33:41+0200,6801fa27-1585-43c5-af49-29c528898ba2,2026-08-11T17:15:00Z,2026-08-11T19:15:00+0200,1044.38,MW,DK1,DK_1,actual_onshore_wind_generation,Wind Onshore,2026-08-21T06:40:18Z
2026-08-21T06:33:41Z,2026-08-21T08:33:41+0200,6801fa27-1585-43c5-af49-29c528898ba2,2026-08-11T17:30:00Z,2026-08-11T19:30:00+0200,953.134,MW,DK1,DK_1,actual_onshore_wind_generation,Wind Onshore,2026-08-21T06:40:18Z
2026-08-21T06:33:41Z,2026-08-21T08:33:41+0200,6801fa27-1585-43c5-af49-29c528898ba2,2026-08-11T17:45:00Z,2026-08-11T19:45:00+0200,867.662,MW,DK1,DK_1,actual_onshore_wind_generation,Wind Onshore,2026-08-21T06:40:18Z
2026-08-21T06:33:41Z,2026-08-21T08:33:41+0200,6801fa27-1585-43c5-af49-29c528898ba2,2026-08-11T18:00:00Z,2026-08-11T20:00:00+0200,799.217,MW,DK1,DK_1,actual_onshore_wind_generation,Wind Onshore,2026-08-21T06:40:18Z
2026-08-21T06:33:41Z,2026-08-21T08:33:41+0200,6801fa27-1585-43c5-af49-29c528898ba2,2026-08-11T18:15:00Z,2026-08-11T20:15:00+0200,731.48,MW,DK1,DK_1,actual_onshore_wind_generation,Wind Onshore,2026-08-21T06:40:18Z
2026-08-21T06:33:41Z,2026-08-21T08:33:41+0200,6801fa27-1585-43c5-af49-29c528898ba2,2026-08-11T18:30:00Z,2026-08-11T20:30:00+0200,653.027,MW,DK1,DK_1,actual_onshore_wind_generation,Wind Onshore,2026-08-21T06:40:18Z
2026-08-21T06:33:41Z,2026-08-21T08:33:41+0200,6801fa27-1585-43c5-af49-29c528898ba2,2026-08-11T18:45:00Z,2026-08-11T20:45:00+0200,623.516,MW,DK1,DK_1,actual_onshore_wind_generation,Wind Onshore,2026-08-21T06:40:18Z
2026-08-21T06:33:41Z,2026-08-21T08:33:41+0200,6801fa27-1585-43c5-af49-29c528898ba2,2026-08-11T19:00:00Z,2026-08-11T21:00:00+0200,591.244,MW,DK1,DK_1,actual_onshore_wind_generation,Wind Onshore,2026-08-21T06:40:18Z
2026-08-21T06:33:41Z,2026-08-21T08:33:41+0200,6801fa27-1585-43c5-af49-29c528898ba2,2026-08-11T19:15:00Z,2026-08-11T21:15:00+0200,577.401,MW,DK1,DK_1,actual_onshore_wind_generation,Wind Onshore,2026-08-21T06:40:18Z
2026-08-21T06:33:41Z,2026-08-21T08:33:41+0200,6801fa27-1585-43c5-af49-29c528898ba2,2026-08-11T19:30:00Z,2026-08-11T21:30:00+0200,598.084,MW,DK1,DK_1,actual_onshore_wind_generation,Wind Onshore,2026-08-21T06:40:18Z
2026-08-21T06:33:41Z,2026-08-21T08:33:41+0200,6801fa27-1585-43c5-af49-29c528898ba2,2026-08-11T19:45:00Z,2026-08-11T21:45:00+0200,625.444,MW,DK1,DK_1,actual_onshore_wind_generation,Wind Onshore,2026-08-21T06:40:18Z
2026-08-21T06:33:41Z,2026-08-21T08:33:41+0200,6801fa27-1585-43c5-af49-29c528898ba2,2026-08-11T20:00:00Z,2026-08-11T22:00:00+0200,629.226,MW,DK1,DK_1,actual_onshore_wind_generation,Wind Onshore,2026-08-21T06:40:18Z
2026-08-21T06:33:41Z,2026-08-21T08:33:41+0200,6801fa27-1585-43c5-af49-29c528898ba2,2026-08-11T20:15:00Z,2026-08-11T22:15:00+0200,629.873,MW,DK1,DK_1,actual_onshore_wind_generation,Wind Onshore,2026-08-21T06:40:18Z
2026-08-21T06:33:41Z,2026-08-21T08:33:41+0200,6801fa27-1585-43c5-af49-29c528898ba2,2026-08-11T20:30:00Z,2026-08-11T22:30:00+0200,638.012,MW,DK1,DK_1,actual_onshore_wind_generation,Wind Onshore,2026-08-21T06:40:18Z
2026-08-21T06:33:41Z,2026-08-21T08:33:41+0200,6801fa27-1585-43c5-af49-29c528898ba2,2026-08-11T20:45:00Z,2026-08-11T22:45:00+0200,641.304,MW,DK1,DK_1,actual_onshore_wind_generation,Wind Onshore,2026-08-21T06:40:18Z
2026-08-21T06:33:41Z,2026-08-21T08:33:41+0200,6801fa27-1585-43c5-af49-29c528898ba2,2026-08-11T21:00:00Z,2026-08-11T23:00:00+0200,627.337,MW,DK1,DK_1,actual_onshore_wind_generation,Wind Onshore,2026-08-21T06:40:18Z
2026-08-21T06:33:41Z,2026-08-21T08:33:41+0200,6801fa27-1585-43c5-af49-29c528898ba2,2026-08-11T21:15:00Z,2026-08-11T23:15:00+0200,640.977,MW,DK1,DK_1,actual_onshore_wind_generation,Wind Onshore,2026-08-21T06:40:18Z
2026-08-21T06:33:41Z,2026-08-21T08:33:41+0200,6801fa27-1585-43c5-af49-29c528898ba2,2026-08-11T21:30:00Z,2026-08-11T23:30:00+0200,606.488,MW,DK1,DK_1,actual_onshore_wind_generation,Wind Onshore,2026-08-21T06:40:18Z
2026-08-21T06:33:41Z,2026-08-21T08:33:41+0200,6801fa27-1585-43c5-af49-29c528898ba2,2026-08-11T21:45:00Z,2026-08-11T23:45:00+0200,601.689,MW,DK1,DK_1,actual_onshore_wind_generation,Wind Onshore,2026-08-21T06:40:18Z
2026-08-21T06:33:41Z,2026-08-21T08:33:41+0200,6801fa27-1585-43c5-af49-29c528898ba2,2026-08-11T22:00:00Z,2026-08-12T00:00:00+0200,594.453,MW,DK1,DK_1,actual_onshore_wind_generation,Wind Onshore,2026-08-21T06:40:18Z
2026-08-21T06:33:41Z,2026-08-21T08:33:41+0200,6801fa27-1585-43c5-af49-29c528898ba2,2026-08-11T22:15:00Z,2026-08-12T00:15:00+0200,584.321,MW,DK1,DK_1,actual_onshore_wind_generation,Wind Onshore,2026-08-21T06:40:18Z
2026-08-21T06:33:41Z,2026-08-21T08:33:41+0200,6801fa27-1585-43c5-af49-29c528898ba2,2026-08-11T22:30:00Z,2026-08-12T00:30:00+0200,550.488,MW,DK1,DK_1,actual_onshore_wind_generation,Wind Onshore,2026-08-21T06:40:18Z
2026-08-21T06:33:41Z,2026-08-21T08:33:41+0200,6801fa27-1585-43c5-af49-29c528898ba2,2026-08-11T22:45:00Z,2026-08-12T00:45:00+0200,528.767,MW,DK1,DK_1,actual_onshore_wind_generation,Wind Onshore,2026-08-21T06:40:18Z
2026-08-21T06:33:41Z,2026-08-21T08:33:41+0200,6801fa27-1585-43c5-af49-29c528898ba2,2026-08-11T23:00:00Z,2026-08-12T01:00:00+0200,508.728,MW,DK1,DK_1,actual_onshore_wind_generation,Wind Onshore,2026-08-21T06:40:18Z
2026-08-21T06:33:41Z,2026-08-21T08:33:41+0200,6801fa27-1585-43c5-af49-29c528898ba2,2026-08-11T23:15:00Z,2026-08-12T01:15:00+0200,481.988,MW,DK1,DK_1,actual_onshore_wind_generation,Wind Onshore,2026-08-21T06:40:18Z
2026-08-21T06:33:41Z,2026-08-21T08:33:41+0200,6801fa27-1585-43c5-af49-29c528898ba2,2026-08-11T23:30:00Z,2026-08-12T01:30:00+0200,453.555,MW,DK1,DK_1,actual_onshore_wind_generation,Wind Onshore,2026-08-21T06:40:18Z
2026-08-21T06:33:41Z,2026-08-21T08:33:41+0200,6801fa27-1585-43c5-af49-29c528898ba2,2026-08-11T23:45:00Z,2026-08-12T01:45:00+0200,420.885,MW,DK1,DK_1,actual_onshore_wind_generation,Wind Onshore,2026-08-21T06:40:18Z
2026-08-21T06:33:41Z,2026-08-21T08:33:41+0200,6801fa27-1585-43c5-af49-29c528898ba2,2026-08-12T00:00:00Z,2026-08-12T02:00:00+0200,403.663,MW,DK1,DK_1,actual_onshore_wind_generation,Wind Onshore,2026-08-21T06:40:18Z
2026-08-21T06:33:41Z,2026-08-21T08:33:41+0200,6801fa27-1585-43c5-af49-29c528898ba2,2026-08-12T00:15:00Z,2026-08-12T02:15:00+0200,397.87,MW,DK1,DK_1,actual_onshore_wind_generation,Wind Onshore,2026-08-21T06:40:18Z
2026-08-21T06:33:41Z,2026-08-21T08:33:41+0200,6801fa27-1585-43c5-af49-29c528898ba2,2026-08-12T00:30:00Z,2026-08-12T02:30:00+0200,392.301,MW,DK1,DK_1,actual_onshore_wind_generation,Wind Onshore,2026-08-21T06:40:18Z
2026-08-21T06:33:41Z,2026-08-21T08:33:41+0200,6801fa27-1585-43c5-af49-29c528898ba2,2026-08-12T00:45:00Z,2026-08-12T02:45:00+0200,383.207,MW,DK1,DK_1,actual_onshore_wind_generation,Wind Onshore,2026-08-21T06:40:18Z
2026-08-21T06:33:41Z,2026-08-21T08:33:41+0200,6801fa27-1585-43c5-af49-29c528898ba2,2026-08-12T01:00:00Z,2026-08-12T03:00:00+0200,372.274,MW,DK1,DK_1,actual_onshore_wind_generation,Wind Onshore,2026-08-21T06:40:18Z
2026-08-21T06:33:41Z,2026-08-21T08:33:41+0200,6801fa27-1585-43c5-af49-29c528898ba2,2026-08-12T01:15:00Z,2026-08-12T03:15:00+0200,366.848,MW,DK1,DK_1,actual_onshore_wind_generation,Wind Onshore,2026-08-21T06:40:18Z
2026-08-21T06:33:41Z,2026-08-21T08:33:41+0200,6801fa27-1585-43c5-af49-29c528898ba2,2026-08-12T01:30:00Z,2026-08-12T03:30:00+0200,363.118,MW,DK1,DK_1,actual_onshore_wind_generation,Wind Onshore,2026-08-21T06:40:18Z
2026-08-21T06:33:41Z,2026-08-21T08:33:41+0200,6801fa27-1585-43c5-af49-29c528898ba2,2026-08-12T01:45:00Z,2026-08-12T03:45:00+0200,353.26,MW,DK1,DK_1,actual_onshore_wind_generation,Wind Onshore,2026-08-21T06:40:18Z
2026-08-21T06:33:41Z,2026-08-21T08:33:41+0200,6801fa27-1585-43c5-af49-29c528898ba2,2026-08-12T02:00:00Z,2026-08-12T04:00:00+0200,374.605,MW,DK1,DK_1,actual_onshore_wind_generation,Wind Onshore,2026-08-21T06:40:18Z
2026-08-21T06:33:41Z,2026-08-21T08:33:41+0200,6801fa27-1585-43c5-af49-29c528898ba2,2026-08-12T02:15:00Z,2026-08-12T04:15:00+0200,363.854,MW,DK1,DK_1,actual_onshore_wind_generation,Wind Onshore,2026-08-21T06:40:18Z
2026-08-21T06:33:41Z,2026-08-21T08:33:41+0200,6801fa27-1585-43c5-af49-29c528898ba2,2026-08-12T02:30:00Z,2026-08-12T04:30:00+0200,342.334,MW,DK1,DK_1,actual_onshore_wind_generation,Wind Onshore,2026-08-21T06:40:18Z
2026-08-21T06:33:41Z,2026-08-21T08:33:41+0200,6801fa27-1585-43c5-af49-29c528898ba2,2026-08-12T02:45:00Z,2026-08-12T04:45:00+0200,331.345,MW,DK1,DK_1,actual_onshore_wind_generation,Wind Onshore,2026-08-21T06:40:18Z
2026-08-21T06:33:41Z,2026-08-21T08:33:41+0200,6801fa27-1585-43c5-af49-29c528898ba2,2026-08-12T03:00:00Z,2026-08-12T05:00:00+0200,327.578,MW,DK1,DK_1,actual_onshore_wind_generation,Wind Onshore,2026-08-21T06:40:18Z
2026-08-21T06:33:41Z,2026-08-21T08:33:41+0200,6801fa27-1585-43c5-af49-29c528898ba2,2026-08-12T03:15:00Z,2026-08-12T05:15:00+0200,311.851,MW,DK1,DK_1,actual_onshore_wind_generation,Wind Onshore,2026-08-21T06:40:18Z
2026-08-21T06:33:41Z,2026-08-21T08:33:41+0200,6801fa27-1585-43c5-af49-29c528898ba2,2026-08-12T03:30:00Z,2026-08-12T05:30:00+0200,291.108,MW,DK1,DK_1,actual_onshore_wind_generation,Wind Onshore,2026-08-21T06:40:18Z
2026-08-21T06:33:41Z,2026-08-21T08:33:41+0200,6801fa27-1585-43c5-af49-29c528898ba2,2026-08-12T03:45:00Z,2026-08-12T05:45:00+0200,272.497,MW,DK1,DK_1,actual_onshore_wind_generation,Wind Onshore,2026-08-21T06:40:18Z
2026-08-21T06:33:41Z,2026-08-21T08:33:41+0200,6801fa27-1585-43c5-af49-29c528898ba2,2026-08-12T04:00:00Z,2026-08-12T06:00:00+0200,265.147,MW,DK1,DK_1,actual_onshore_wind_generation,Wind Onshore,2026-08-21T06:40:18Z
2026-08-21T06:33:41Z,2026-08-21T08:33:41+0200,6801fa27-1585-43c5-af49-29c528898ba2,2026-08-12T04:15:00Z,2026-08-12T06:15:00+0200,240.328,MW,DK1,DK_1,actual_onshore_wind_generation,Wind Onshore,2026-08-21T06:40:18Z
2026-08-21T06:33:41Z,2026-08-21T08:33:41+0200,6801fa27-1585-43c5-af49-29c528898ba2,2026-08-12T04:30:00Z,2026-08-12T06:30:00+0200,225.24,MW,DK1,DK_1,actual_onshore_wind_generation,Wind Onshore,2026-08-21T06:40:18Z
2026-08-21T06:33:41Z,2026-08-21T08:33:41+0200,6801fa27-1585-43c5-af49-29c528898ba2,2026-08-12T04:45:00Z,2026-08-12T06:45:00+0200,221.79,MW,DK1,DK_1,actual_onshore_wind_generation,Wind Onshore,2026-08-21T06:40:18Z
2026-08-21T06:33:41Z,2026-08-21T08:33:41+0200,6801fa27-1585-43c5-af49-29c528898ba2,2026-08-12T05:00:00Z,2026-08-12T07:00:00+0200,216.871,MW,DK1,DK_1,actual_onshore_wind_generation,Wind Onshore,2026-08-21T06:40:18Z
2026-08-21T06:33:41Z,2026-08-21T08:33:41+0200,6801fa27-1585-43c5-af49-29c528898ba2,2026-08-12T05:15:00Z,2026-08-12T07:15:00+0200,193.275,MW,DK1,DK_1,actual_onshore_wind_generation,Wind Onshore,2026-08-21T06:40:18Z
2026-08-21T06:33:41Z,2026-08-21T08:33:41+0200,6801fa27-1585-43c5-af49-29c528898ba2,2026-08-12T05:30:00Z,2026-08-12T07:30:00+0200,172.55,MW,DK1,DK_1,actual_onshore_wind_generation,Wind Onshore,2026-08-21T06:40:18Z
2026-08-21T06:33:41Z,2026-08-21T08:33:41+0200,6801fa27-1585-43c5-af49-29c528898ba2,2026-08-12T05:45:00Z,2026-08-12T07:45:00+0200,149.748,MW,DK1,DK_1,actual_onshore_wind_generation,Wind Onshore,2026-08-21T06:40:18Z
2026-08-21T06:33:41Z,2026-08-21T08:33:41+0200,6801fa27-1585-43c5-af49-29c528898ba2,2026-08-12T06:00:00Z,2026-08-12T08:00:00+0200,142.229,MW,DK1,DK_1,actual_onshore_wind_generation,Wind Onshore,2026-08-21T06:40:18Z
2026-08-21T06:33:41Z,2026-08-21T08:33:41+0200,6801fa27-1585-43c5-af49-29c528898ba2,2026-08-12T06:15:00Z,2026-08-12T08:15:00+0200,140.404,MW,DK1,DK_1,actual_onshore_wind_generation,Wind Onshore,2026-08-21T06:40:18Z
2026-08-21T06:33:41Z,2026-08-21T08:33:41+0200,6801fa27-1585-43c5-af49-29c528898ba2,2026-08-12T06:30:00Z,2026-08-12T08:30:00+0200,139.362,MW,DK1,DK_1,actual_onshore_wind_generation,Wind Onshore,2026-08-21T06:40:18Z
2026-08-21T06:33:41Z,2026-08-21T08:33:41+0200,6801fa27-1585-43c5-af49-29c528898ba2,2026-08-12T06:45:00Z,2026-08-12T08:45:00+0200,146.031,MW,DK1,DK_1,actual_onshore_wind_generation,Wind Onshore,2026-08-21T06:40:18Z
2026-08-21T06:33:41Z,2026-08-21T08:33:41+0200,6801fa27-1585-43c5-af49-29c528898ba2,2026-08-12T07:00:00Z,2026-08-12T09:00:00+0200,166.79,MW,DK1,DK_1,actual_onshore_wind_generation,Wind Onshore,2026-08-21T06:40:18Z
2026-08-21T06:33:41Z,2026-08-21T08:33:41+0200,6801fa27-1585-43c5-af49-29c528898ba2,2026-08-12T07:15:00Z,2026-08-12T09:15:00+0200,166.107,MW,DK1,DK_1,actual_onshore_wind_generation,Wind Onshore,2026-08-21T06:40:18Z
2026-08-21T06:33:41Z,2026-08-21T08:33:41+0200,6801fa27-1585-43c5-af49-29c528898ba2,2026-08-12T07:30:00Z,2026-08-12T09:30:00+0200,158.258,MW,DK1,DK_1,actual_onshore_wind_generation,Wind Onshore,2026-08-21T06:40:18Z
2026-08-21T06:33:41Z,2026-08-21T08:33:41+0200,6801fa27-1585-43c5-af49-29c528898ba2,2026-08-12T07:45:00Z,2026-08-12T09:45:00+0200,144.391,MW,DK1,DK_1,actual_onshore_wind_generation,Wind Onshore,2026-08-21T06:40:18Z
2026-08-21T06:33:41Z,2026-08-21T08:33:41+0200,6801fa27-1585-43c5-af49-29c528898ba2,2026-08-12T08:00:00Z,2026-08-12T10:00:00+0200,133.366,MW,DK1,DK_1,actual_onshore_wind_generation,Wind Onshore,2026-08-21T06:40:18Z
2026-08-21T06:33:41Z,2026-08-21T08:33:41+0200,6801fa27-1585-43c5-af49-29c528898ba2,2026-08-12T08:15:00Z,2026-08-12T10:15:00+0200,132.937,MW,DK1,DK_1,actual_onshore_wind_generation,Wind Onshore,2026-08-21T06:40:18Z
2026-08-21T06:33:41Z,2026-08-21T08:33:41+0200,6801fa27-1585-43c5-af49-29c528898ba2,2026-08-12T08:30:00Z,2026-08-12T10:30:00+0200,138.897,MW,DK1,DK_1,actual_onshore_wind_generation,Wind Onshore,2026-08-21T06:40:18Z
2026-08-21T06:33:41Z,2026-08-21T08:33:41+0200,6801fa27-1585-43c5-af49-29c528898ba2,2026-08-12T08:45:00Z,2026-08-12T10:45:00+0200,148.06,MW,DK1,DK_1,actual_onshore_wind_generation,Wind Onshore,2026-08-21T06:40:18Z
2026-08-21T06:33:41Z,2026-08-21T08:33:41+0200,6801fa27-1585-43c5-af49-29c528898ba2,2026-08-12T09:00:00Z,2026-08-12T11:00:00+0200,155.271,MW,DK1,DK_1,actual_onshore_wind_generation,Wind Onshore,2026-08-21T06:40:18Z
2026-08-21T06:33:41Z,2026-08-21T08:33:41+0200,6801fa27-1585-43c5-af49-29c528898ba2,2026-08-12T09:15:00Z,2026-08-12T11:15:00+0200,168.787,MW,DK1,DK_1,actual_onshore_wind_generation,Wind Onshore,2026-08-21T06:40:18Z
2026-08-21T06:33:41Z,2026-08-21T08:33:41+0200,6801fa27-1585-43c5-af49-29c528898ba2,2026-08-12T09:30:00Z,2026-08-12T11:30:00+0200,172.727,MW,DK1,DK_1,actual_onshore_wind_generation,Wind Onshore,2026-08-21T06:40:18Z
2026-08-21T06:33:41Z,2026-08-21T08:33:41+0200,6801fa27-1585-43c5-af49-29c528898ba2,2026-08-12T09:45:00Z,2026-08-12T11:45:00+0200,180.457,MW,DK1,DK_1,actual_onshore_wind_generation,Wind Onshore,2026-08-21T06:40:18Z
2026-08-21T06:33:41Z,2026-08-21T08:33:41+0200,6801fa27-1585-43c5-af49-29c528898ba2,2026-08-12T10:00:00Z,2026-08-12T12:00:00+0200,193.585,MW,DK1,DK_1,actual_onshore_wind_generation,Wind Onshore,2026-08-21T06:40:18Z
2026-08-21T06:33:41Z,2026-08-21T08:33:41+0200,6801fa27-1585-43c5-af49-29c528898ba2,2026-08-12T10:15:00Z,2026-08-12T12:15:00+0200,176.897,MW,DK1,DK_1,actual_onshore_wind_generation,Wind Onshore,2026-08-21T06:40:18Z
2026-08-21T06:33:41Z,2026-08-21T08:33:41+0200,6801fa27-1585-43c5-af49-29c528898ba2,2026-08-12T10:30:00Z,2026-08-12T12:30:00+0200,166.518,MW,DK1,DK_1,actual_onshore_wind_generation,Wind Onshore,2026-08-21T06:40:18Z
2026-08-21T06:33:41Z,2026-08-21T08:33:41+0200,6801fa27-1585-43c5-af49-29c528898ba2,2026-08-12T10:45:00Z,2026-08-12T12:45:00+0200,150.055,MW,DK1,DK_1,actual_onshore_wind_generation,Wind Onshore,2026-08-21T06:40:18Z
2026-08-21T06:33:41Z,2026-08-21T08:33:41+0200,6801fa27-1585-43c5-af49-29c528898ba2,2026-08-12T11:00:00Z,2026-08-12T13:00:00+0200,155.849,MW,DK1,DK_1,actual_onshore_wind_generation,Wind Onshore,2026-08-21T06:40:18Z
2026-08-21T06:33:41Z,2026-08-21T08:33:41+0200,6801fa27-1585-43c5-af49-29c528898ba2,2026-08-12T11:15:00Z,2026-08-12T13:15:00+0200,155.971,MW,DK1,DK_1,actual_onshore_wind_generation,Wind Onshore,2026-08-21T06:40:18Z
2026-08-21T06:33:41Z,2026-08-21T08:33:41+0200,6801fa27-1585-43c5-af49-29c528898ba2,2026-08-12T11:30:00Z,2026-08-12T13:30:00+0200,152.749,MW,DK1,DK_1,actual_onshore_wind_generation,Wind Onshore,2026-08-21T06:40:18Z
2026-08-21T06:33:41Z,2026-08-21T08:33:41+0200,6801fa27-1585-43c5-af49-29c528898ba2,2026-08-12T11:45:00Z,2026-08-12T13:45:00+0200,147.522,MW,DK1,DK_1,actual_onshore_wind_generation,Wind Onshore,2026-08-21T06:40:18Z
2026-08-21T06:33:41Z,2026-08-21T08:33:41+0200,6801fa27-1585-43c5-af49-29c528898ba2,2026-08-12T12:00:00Z,2026-08-12T14:00:00+0200,158.287,MW,DK1,DK_1,actual_onshore_wind_generation,Wind Onshore,2026-08-21T06:40:18Z
2026-08-21T06:33:41Z,2026-08-21T08:33:41+0200,6801fa27-1585-43c5-af49-29c528898ba2,2026-08-12T12:15:00Z,2026-08-12T14:15:00+0200,164.791,MW,DK1,DK_1,actual_onshore_wind_generation,Wind Onshore,2026-08-21T06:40:18Z
2026-08-21T06:33:41Z,2026-08-21T08:33:41+0200,6801fa27-1585-43c5-af49-29c528898ba2,2026-08-12T12:30:00Z,2026-08-12T14:30:00+0200,168.456,MW,DK1,DK_1,actual_onshore_wind_generation,Wind Onshore,2026-08-21T06:40:18Z
2026-08-21T06:33:41Z,2026-08-21T08:33:41+0200,6801fa27-1585-43c5-af49-29c528898ba2,2026-08-12T12:45:00Z,2026-08-12T14:45:00+0200,175.578,MW,DK1,DK_1,actual_onshore_wind_generation,Wind Onshore,2026-08-21T06:40:18Z
2026-08-21T06:33:41Z,2026-08-21T08:33:41+0200,6801fa27-1585-43c5-af49-29c528898ba2,2026-08-12T13:00:00Z,2026-08-12T15:00:00+0200,185.831,MW,DK1,DK_1,actual_onshore_wind_generation,Wind Onshore,2026-08-21T06:40:18Z
2026-08-21T06:33:41Z,2026-08-21T08:33:41+0200,6801fa27-1585-43c5-af49-29c528898ba2,2026-08-12T13:15:00Z,2026-08-12T15:15:00+0200,193.181,MW,DK1,DK_1,actual_onshore_wind_generation,Wind Onshore,2026-08-21T06:40:18Z
2026-08-21T06:33:41Z,2026-08-21T08:33:41+0200,6801fa27-1585-43c5-af49-29c528898ba2,2026-08-12T13:30:00Z,2026-08-12T15:30:00+0200,185.339,MW,DK1,DK_1,actual_onshore_wind_generation,Wind Onshore,2026-08-21T06:40:18Z
2026-08-21T06:33:41Z,2026-08-21T08:33:41+0200,6801fa27-1585-43c5-af49-29c528898ba2,2026-08-12T13:45:00Z,2026-08-12T15:45:00+0200,168.022,MW,DK1,DK_1,actual_onshore_wind_generation,Wind Onshore,2026-08-21T06:40:18Z
2026-08-21T06:33:41Z,2026-08-21T08:33:41+0200,6801fa27-1585-43c5-af49-29c528898ba2,2026-08-12T14:00:00Z,2026-08-12T16:00:00+0200,151.559,MW,DK1,DK_1,actual_onshore_wind_generation,Wind Onshore,2026-08-21T06:40:18Z
2026-08-21T06:33:41Z,2026-08-21T08:33:41+0200,6801fa27-1585-43c5-af49-29c528898ba2,2026-08-12T14:15:00Z,2026-08-12T16:15:00+0200,140.13,MW,DK1,DK_1,actual_onshore_wind_generation,Wind Onshore,2026-08-21T06:40:18Z
2026-08-21T06:33:41Z,2026-08-21T08:33:41+0200,6801fa27-1585-43c5-af49-29c528898ba2,2026-08-12T14:30:00Z,2026-08-12T16:30:00+0200,117.966,MW,DK1,DK_1,actual_onshore_wind_generation,Wind Onshore,2026-08-21T06:40:18Z
2026-08-21T06:33:41Z,2026-08-21T08:33:41+0200,6801fa27-1585-43c5-af49-29c528898ba2,2026-08-12T14:45:00Z,2026-08-12T16:45:00+0200,95.9695,MW,DK1,DK_1,actual_onshore_wind_generation,Wind Onshore,2026-08-21T06:40:18Z
2026-08-21T06:33:41Z,2026-08-21T08:33:41+0200,6801fa27-1585-43c5-af49-29c528898ba2,2026-08-12T15:00:00Z,2026-08-12T17:00:00+0200,92.8814,MW,DK1,DK_1,actual_onshore_wind_generation,Wind Onshore,2026-08-21T06:40:18Z
2026-08-21T06:33:41Z,2026-08-21T08:33:41+0200,6801fa27-1585-43c5-af49-29c528898ba2,2026-08-12T15:15:00Z,2026-08-12T17:15:00+0200,82.3903,MW,DK1,DK_1,actual_onshore_wind_generation,Wind Onshore,2026-08-21T06:40:18Z
2026-08-21T06:33:41Z,2026-08-21T08:33:41+0200,6801fa27-1585-43c5-af49-29c528898ba2,2026-08-12T15:30:00Z,2026-08-12T17:30:00+0200,75.8123,MW,DK1,DK_1,actual_onshore_wind_generation,Wind Onshore,2026-08-21T06:40:18Z
2026-08-21T06:33:41Z,2026-08-21T08:33:41+0200,6801fa27-1585-43c5-af49-29c528898ba2,2026-08-12T15:45:00Z,2026-08-12T17:45:00+0200,73.266,MW,DK1,DK_1,actual_onshore_wind_generation,Wind Onshore,2026-08-21T06:40:18Z
2026-08-21T06:33:41Z,2026-08-21T08:33:41+0200,6801fa27-1585-43c5-af49-29c528898ba2,2026-08-12T16:00:00Z,2026-08-12T18:00:00+0200,68.8783,MW,DK1,DK_1,actual_onshore_wind_generation,Wind Onshore,2026-08-21T06:40:18Z
2026-08-21T06:33:41Z,2026-08-21T08:33:41+0200,6801fa27-1585-43c5-af49-29c528898ba2,2026-08-12T16:15:00Z,2026-08-12T18:15:00+0200,64.3642,MW,DK1,DK_1,actual_onshore_wind_generation,Wind Onshore,2026-08-21T06:40:18Z
2026-08-21T06:33:41Z,2026-08-21T08:33:41+0200,6801fa27-1585-43c5-af49-29c528898ba2,2026-08-12T16:30:00Z,2026-08-12T18:30:00+0200,61.8666,MW,DK1,DK_1,actual_onshore_wind_generation,Wind Onshore,2026-08-21T06:40:18Z
2026-08-21T06:33:41Z,2026-08-21T08:33:41+0200,6801fa27-1585-43c5-af49-29c528898ba2,2026-08-12T16:45:00Z,2026-08-12T18:45:00+0200,61.9018,MW,DK1,DK_1,actual_onshore_wind_generation,Wind Onshore,2026-08-21T06:40:18Z
2026-08-21T06:33:41Z,2026-08-21T08:33:41+0200,6801fa27-1585-43c5-af49-29c528898ba2,2026-08-12T17:00:00Z,2026-08-12T19:00:00+0200,65.417,MW,DK1,DK_1,actual_onshore_wind_generation,Wind Onshore,2026-08-21T06:40:18Z
2026-08-21T06:33:41Z,2026-08-21T08:33:41+0200,6801fa27-1585-43c5-af49-29c528898ba2,2026-08-12T17:15:00Z,2026-08-12T19:15:00+0200,67.2328,MW,DK1,DK_1,actual_onshore_wind_generation,Wind Onshore,2026-08-21T06:40:18Z
2026-08-21T06:33:41Z,2026-08-21T08:33:41+0200,6801fa27-1585-43c5-af49-29c528898ba2,2026-08-12T17:30:00Z,2026-08-12T19:30:00+0200,62.4873,MW,DK1,DK_1,actual_onshore_wind_generation,Wind Onshore,2026-08-21T06:40:18Z
2026-08-21T06:33:41Z,2026-08-21T08:33:41+0200,6801fa27-1585-43c5-af49-29c528898ba2,2026-08-12T17:45:00Z,2026-08-12T19:45:00+0200,63.2715,MW,DK1,DK_1,actual_onshore_wind_generation,Wind Onshore,2026-08-21T06:40:18Z
2026-08-21T06:33:41Z,2026-08-21T08:33:41+0200,6801fa27-1585-43c5-af49-29c528898ba2,2026-08-12T18:00:00Z,2026-08-12T20:00:00+0200,61.4687,MW,DK1,DK_1,actual_onshore_wind_generation,Wind Onshore,2026-08-21T06:40:18Z
2026-08-21T06:33:41Z,2026-08-21T08:33:41+0200,6801fa27-1585-43c5-af49-29c528898ba2,2026-08-12T18:15:00Z,2026-08-12T20:15:00+0200,63.0433,MW,DK1,DK_1,actual_onshore_wind_generation,Wind Onshore,2026-08-21T06:40:18Z
2026-08-21T06:33:41Z,2026-08-21T08:33:41+0200,6801fa27-1585-43c5-af49-29c528898ba2,2026-08-12T18:30:00Z,2026-08-12T20:30:00+0200,67.3748,MW,DK1,DK_1,actual_onshore_wind_generation,Wind Onshore,2026-08-21T06:40:18Z
2026-08-21T06:33:41Z,2026-08-21T08:33:41+0200,6801fa27-1585-43c5-af49-29c528898ba2,2026-08-12T18:45:00Z,2026-08-12T20:45:00+0200,66.2998,MW,DK1,DK_1,actual_onshore_wind_generation,Wind Onshore,2026-08-21T06:40:18Z
2026-08-21T06:33:41Z,2026-08-21T08:33:41+0200,6801fa27-1585-43c5-af49-29c528898ba2,2026-08-12T19:00:00Z,2026-08-12T21:00:00+0200,66.276,MW,DK1,DK_1,actual_onshore_wind_generation,Wind Onshore,2026-08-21T06:40:18Z
2026-08-21T06:33:41Z,2026-08-21T08:33:41+0200,6801fa27-1585-43c5-af49-29c528898ba2,2026-08-12T19:15:00Z,2026-08-12T21:15:00+0200,65.4052,MW,DK1,DK_1,actual_onshore_wind_generation,Wind Onshore,2026-08-21T06:40:18Z
2026-08-21T06:33:41Z,2026-08-21T08:33:41+0200,6801fa27-1585-43c5-af49-29c528898ba2,2026-08-12T19:30:00Z,2026-08-12T21:30:00+0200,61.1143,MW,DK1,DK_1,actual_onshore_wind_generation,Wind Onshore,2026-08-21T06:40:18Z
2026-08-21T06:33:41Z,2026-08-21T08:33:41+0200,6801fa27-1585-43c5-af49-29c528898ba2,2026-08-12T19:45:00Z,2026-08-12T21:45:00+0200,66.5074,MW,DK1,DK_1,actual_onshore_wind_generation,Wind Onshore,2026-08-21T06:40:18Z
2026-08-21T06:33:41Z,2026-08-21T08:33:41+0200,6801fa27-1585-43c5-af49-29c528898ba2,2026-08-12T20:00:00Z,2026-08-12T22:00:00+0200,64.1346,MW,DK1,DK_1,actual_onshore_wind_generation,Wind Onshore,2026-08-21T06:40:18Z
2026-08-21T06:33:41Z,2026-08-21T08:33:41+0200,6801fa27-1585-43c5-af49-29c528898ba2,2026-08-12T20:15:00Z,2026-08-12T22:15:00+0200,65.4338,MW,DK1,DK_1,actual_onshore_wind_generation,Wind Onshore,2026-08-21T06:40:18Z
2026-08-21T06:33:41Z,2026-08-21T08:33:41+0200,6801fa27-1585-43c5-af49-29c528898ba2,2026-08-12T20:30:00Z,2026-08-12T22:30:00+0200,61.0764,MW,DK1,DK_1,actual_onshore_wind_generation,Wind Onshore,2026-08-21T06:40:18Z
2026-08-21T06:33:41Z,2026-08-21T08:33:41+0200,6801fa27-1585-43c5-af49-29c528898ba2,2026-08-12T20:45:00Z,2026-08-12T22:45:00+0200,55.3837,MW,DK1,DK_1,actual_onshore_wind_generation,Wind Onshore,2026-08-21T06:40:18Z
2026-08-21T06:33:41Z,2026-08-21T08:33:41+0200,6801fa27-1585-43c5-af49-29c528898ba2,2026-08-12T21:00:00Z,2026-08-12T23:00:00+0200,56.9341,MW,DK1,DK_1,actual_onshore_wind_generation,Wind Onshore,2026-08-21T06:40:18Z
2026-08-21T06:33:41Z,2026-08-21T08:33:41+0200,6801fa27-1585-43c5-af49-29c528898ba2,2026-08-12T21:15:00Z,2026-08-12T23:15:00+0200,55.9138,MW,DK1,DK_1,actual_onshore_wind_generation,Wind Onshore,2026-08-21T06:40:18Z
2026-08-21T06:33:41Z,2026-08-21T08:33:41+0200,6801fa27-1585-43c5-af49-29c528898ba2,2026-08-12T21:30:00Z,2026-08-12T23:30:00+0200,60.0671,MW,DK1,DK_1,actual_onshore_wind_generation,Wind Onshore,2026-08-21T06:40:18Z
2026-08-21T06:33:41Z,2026-08-21T08:33:41+0200,6801fa27-1585-43c5-af49-29c528898ba2,2026-08-12T21:45:00Z,2026-08-12T23:45:00+0200,60.3511,MW,DK1,DK_1,actual_onshore_wind_generation,Wind Onshore,2026-08-21T06:40:18Z
2026-08-21T06:33:41Z,2026-08-21T08:33:41+0200,6801fa27-1585-43c5-af49-29c528898ba2,2026-08-12T22:00:00Z,2026-08-13T00:00:00+0200,66.5095,MW,DK1,DK_1,actual_onshore_wind_generation,Wind Onshore,2026-08-21T06:40:18Z
2026-08-21T06:33:41Z,2026-08-21T08:33:41+0200,6801fa27-1585-43c5-af49-29c528898ba2,2026-08-12T22:15:00Z,2026-08-13T00:15:00+0200,69.6617,MW,DK1,DK_1,actual_onshore_wind_generation,Wind Onshore,2026-08-21T06:40:18Z
2026-08-21T06:33:41Z,2026-08-21T08:33:41+0200,6801fa27-1585-43c5-af49-29c528898ba2,2026-08-12T22:30:00Z,2026-08-13T00:30:00+0200,74.1678,MW,DK1,DK_1,actual_onshore_wind_generation,Wind Onshore,2026-08-21T06:40:18Z
2026-08-21T06:33:41Z,2026-08-21T08:33:41+0200,6801fa27-1585-43c5-af49-29c528898ba2,2026-08-12T22:45:00Z,2026-08-13T00:45:00+0200,74.8285,MW,DK1,DK_1,actual_onshore_wind_generation,Wind Onshore,2026-08-21T06:40:18Z
2026-08-21T06:33:41Z,2026-08-21T08:33:41+0200,6801fa27-1585-43c5-af49-29c528898ba2,2026-08-12T23:00:00Z,2026-08-13T01:00:00+0200,76.9528,MW,DK1,DK_1,actual_onshore_wind_generation,Wind Onshore,2026-08-21T06:40:18Z
2026-08-21T06:33:41Z,2026-08-21T08:33:41+0200,6801fa27-1585-43c5-af49-29c528898ba2,2026-08-12T23:15:00Z,2026-08-13T01:15:00+0200,85.3539,MW,DK1,DK_1,actual_onshore_wind_generation,Wind Onshore,2026-08-21T06:40:18Z
2026-08-21T06:33:41Z,2026-08-21T08:33:41+0200,6801fa27-1585-43c5-af49-29c528898ba2,2026-08-12T23:30:00Z,2026-08-13T01:30:00+0200,97.2583,MW,DK1,DK_1,actual_onshore_wind_generation,Wind Onshore,2026-08-21T06:40:18Z
2026-08-21T06:33:41Z,2026-08-21T08:33:41+0200,6801fa27-1585-43c5-af49-29c528898ba2,2026-08-12T23:45:00Z,2026-08-13T01:45:00+0200,108.95,MW,DK1,DK_1,actual_onshore_wind_generation,Wind Onshore,2026-08-21T06:40:18Z
2026-08-21T06:33:41Z,2026-08-21T08:33:41+0200,6801fa27-1585-43c5-af49-29c528898ba2,2026-08-13T00:00:00Z,2026-08-13T02:00:00+0200,117.759,MW,DK1,DK_1,actual_onshore_wind_generation,Wind Onshore,2026-08-21T06:40:18Z
2026-08-21T06:33:41Z,2026-08-21T08:33:41+0200,6801fa27-1585-43c5-af49-29c528898ba2,2026-08-13T00:15:00Z,2026-08-13T02:15:00+0200,128.362,MW,DK1,DK_1,actual_onshore_wind_generation,Wind Onshore,2026-08-21T06:40:18Z
2026-08-21T06:33:41Z,2026-08-21T08:33:41+0200,6801fa27-1585-43c5-af49-29c528898ba2,2026-08-13T00:30:00Z,2026-08-13T02:30:00+0200,141.825,MW,DK1,DK_1,actual_onshore_wind_generation,Wind Onshore,2026-08-21T06:40:18Z
2026-08-21T06:33:41Z,2026-08-21T08:33:41+0200,6801fa27-1585-43c5-af49-29c528898ba2,2026-08-13T00:45:00Z,2026-08-13T02:45:00+0200,151.414,MW,DK1,DK_1,actual_onshore_wind_generation,Wind Onshore,2026-08-21T06:40:18Z
2026-08-21T06:33:41Z,2026-08-21T08:33:41+0200,6801fa27-1585-43c5-af49-29c528898ba2,2026-08-13T01:00:00Z,2026-08-13T03:00:00+0200,158.24,MW,DK1,DK_1,actual_onshore_wind_generation,Wind Onshore,2026-08-21T06:40:18Z
2026-08-21T06:33:41Z,2026-08-21T08:33:41+0200,6801fa27-1585-43c5-af49-29c528898ba2,2026-08-13T01:15:00Z,2026-08-13T03:15:00+0200,168.433,MW,DK1,DK_1,actual_onshore_wind_generation,Wind Onshore,2026-08-21T06:40:18Z
2026-08-21T06:33:41Z,2026-08-21T08:33:41+0200,6801fa27-1585-43c5-af49-29c528898ba2,2026-08-13T01:30:00Z,2026-08-13T03:30:00+0200,174.17,MW,DK1,DK_1,actual_onshore_wind_generation,Wind Onshore,2026-08-21T06:40:18Z
2026-08-21T06:33:41Z,2026-08-21T08:33:41+0200,6801fa27-1585-43c5-af49-29c528898ba2,2026-08-13T01:45:00Z,2026-08-13T03:45:00+0200,189.552,MW,DK1,DK_1,actual_onshore_wind_generation,Wind Onshore,2026-08-21T06:40:18Z
2026-08-21T06:33:41Z,2026-08-21T08:33:41+0200,6801fa27-1585-43c5-af49-29c528898ba2,2026-08-13T02:00:00Z,2026-08-13T04:00:00+0200,187.343,MW,DK1,DK_1,actual_onshore_wind_generation,Wind Onshore,2026-08-21T06:40:18Z
2026-08-21T06:33:41Z,2026-08-21T08:33:41+0200,6801fa27-1585-43c5-af49-29c528898ba2,2026-08-13T02:15:00Z,2026-08-13T04:15:00+0200,188.311,MW,DK1,DK_1,actual_onshore_wind_generation,Wind Onshore,2026-08-21T06:40:18Z
2026-08-21T06:33:41Z,2026-08-21T08:33:41+0200,6801fa27-1585-43c5-af49-29c528898ba2,2026-08-13T02:30:00Z,2026-08-13T04:30:00+0200,186.886,MW,DK1,DK_1,actual_onshore_wind_generation,Wind Onshore,2026-08-21T06:40:18Z
2026-08-21T06:33:41Z,2026-08-21T08:33:41+0200,6801fa27-1585-43c5-af49-29c528898ba2,2026-08-13T02:45:00Z,2026-08-13T04:45:00+0200,191.03,MW,DK1,DK_1,actual_onshore_wind_generation,Wind Onshore,2026-08-21T06:40:18Z
2026-08-21T06:33:41Z,2026-08-21T08:33:41+0200,6801fa27-1585-43c5-af49-29c528898ba2,2026-08-13T03:00:00Z,2026-08-13T05:00:00+0200,199.986,MW,DK1,DK_1,actual_onshore_wind_generation,Wind Onshore,2026-08-21T06:40:18Z
2026-08-21T06:33:41Z,2026-08-21T08:33:41+0200,6801fa27-1585-43c5-af49-29c528898ba2,2026-08-13T03:15:00Z,2026-08-13T05:15:00+0200,219.724,MW,DK1,DK_1,actual_onshore_wind_generation,Wind Onshore,2026-08-21T06:40:18Z
2026-08-21T06:33:41Z,2026-08-21T08:33:41+0200,6801fa27-1585-43c5-af49-29c528898ba2,2026-08-13T03:30:00Z,2026-08-13T05:30:00+0200,230.558,MW,DK1,DK_1,actual_onshore_wind_generation,Wind Onshore,2026-08-21T06:40:18Z
2026-08-21T06:33:41Z,2026-08-21T08:33:41+0200,6801fa27-1585-43c5-af49-29c528898ba2,2026-08-13T03:45:00Z,2026-08-13T05:45:00+0200,237.945,MW,DK1,DK_1,actual_onshore_wind_generation,Wind Onshore,2026-08-21T06:40:18Z
2026-08-21T06:33:41Z,2026-08-21T08:33:41+0200,6801fa27-1585-43c5-af49-29c528898ba2,2026-08-13T04:00:00Z,2026-08-13T06:00:00+0200,255.674,MW,DK1,DK_1,actual_onshore_wind_generation,Wind Onshore,2026-08-21T06:40:18Z
2026-08-21T06:33:41Z,2026-08-21T08:33:41+0200,6801fa27-1585-43c5-af49-29c528898ba2,2026-08-13T04:15:00Z,2026-08-13T06:15:00+0200,274.557,MW,DK1,DK_1,actual_onshore_wind_generation,Wind Onshore,2026-08-21T06:40:18Z
2026-08-21T06:33:41Z,2026-08-21T08:33:41+0200,6801fa27-1585-43c5-af49-29c528898ba2,2026-08-13T04:30:00Z,2026-08-13T06:30:00+0200,277.253,MW,DK1,DK_1,actual_onshore_wind_generation,Wind Onshore,2026-08-21T06:40:18Z
2026-08-21T06:33:41Z,2026-08-21T08:33:41+0200,6801fa27-1585-43c5-af49-29c528898ba2,2026-08-13T04:45:00Z,2026-08-13T06:45:00+0200,290.421,MW,DK1,DK_1,actual_onshore_wind_generation,Wind Onshore,2026-08-21T06:40:18Z
2026-08-21T06:33:41Z,2026-08-21T08:33:41+0200,6801fa27-1585-43c5-af49-29c528898ba2,2026-08-13T05:00:00Z,2026-08-13T07:00:00+0200,307.263,MW,DK1,DK_1,actual_onshore_wind_generation,Wind Onshore,2026-08-21T06:40:18Z
2026-08-21T06:33:41Z,2026-08-21T08:33:41+0200,6801fa27-1585-43c5-af49-29c528898ba2,2026-08-13T05:15:00Z,2026-08-13T07:15:00+0200,317.831,MW,DK1,DK_1,actual_onshore_wind_generation,Wind Onshore,2026-08-21T06:40:18Z
2026-08-21T06:33:41Z,2026-08-21T08:33:41+0200,6801fa27-1585-43c5-af49-29c528898ba2,2026-08-13T05:30:00Z,2026-08-13T07:30:00+0200,309.869,MW,DK1,DK_1,actual_onshore_wind_generation,Wind Onshore,2026-08-21T06:40:18Z
2026-08-21T06:33:41Z,2026-08-21T08:33:41+0200,6801fa27-1585-43c5-af49-29c528898ba2,2026-08-13T05:45:00Z,2026-08-13T07:45:00+0200,297.722,MW,DK1,DK_1,actual_onshore_wind_generation,Wind Onshore,2026-08-21T06:40:18Z
2026-08-21T06:33:41Z,2026-08-21T08:33:41+0200,6801fa27-1585-43c5-af49-29c528898ba2,2026-08-13T06:00:00Z,2026-08-13T08:00:00+0200,264.065,MW,DK1,DK_1,actual_onshore_wind_generation,Wind Onshore,2026-08-21T06:40:18Z
2026-08-21T06:33:41Z,2026-08-21T08:33:41+0200,6801fa27-1585-43c5-af49-29c528898ba2,2026-08-13T06:15:00Z,2026-08-13T08:15:00+0200,218.568,MW,DK1,DK_1,actual_onshore_wind_generation,Wind Onshore,2026-08-21T06:40:18Z
2026-08-21T06:33:41Z,2026-08-21T08:33:41+0200,6801fa27-1585-43c5-af49-29c528898ba2,2026-08-13T06:30:00Z,2026-08-13T08:30:00+0200,164.804,MW,DK1,DK_1,actual_onshore_wind_generation,Wind Onshore,2026-08-21T06:40:18Z
2026-08-21T06:33:41Z,2026-08-21T08:33:41+0200,6801fa27-1585-43c5-af49-29c528898ba2,2026-08-13T06:45:00Z,2026-08-13T08:45:00+0200,133.974,MW,DK1,DK_1,actual_onshore_wind_generation,Wind Onshore,2026-08-21T06:40:18Z
2026-08-21T06:33:41Z,2026-08-21T08:33:41+0200,6801fa27-1585-43c5-af49-29c528898ba2,2026-08-13T07:00:00Z,2026-08-13T09:00:00+0200,113.722,MW,DK1,DK_1,actual_onshore_wind_generation,Wind Onshore,2026-08-21T06:40:18Z
2026-08-21T06:33:41Z,2026-08-21T08:33:41+0200,6801fa27-1585-43c5-af49-29c528898ba2,2026-08-13T07:15:00Z,2026-08-13T09:15:00+0200,116.426,MW,DK1,DK_1,actual_onshore_wind_generation,Wind Onshore,2026-08-21T06:40:18Z
2026-08-21T06:33:41Z,2026-08-21T08:33:41+0200,6801fa27-1585-43c5-af49-29c528898ba2,2026-08-13T07:30:00Z,2026-08-13T09:30:00+0200,113.44,MW,DK1,DK_1,actual_onshore_wind_generation,Wind Onshore,2026-08-21T06:40:18Z
2026-08-21T06:33:41Z,2026-08-21T08:33:41+0200,6801fa27-1585-43c5-af49-29c528898ba2,2026-08-13T07:45:00Z,2026-08-13T09:45:00+0200,102.173,MW,DK1,DK_1,actual_onshore_wind_generation,Wind Onshore,2026-08-21T06:40:18Z
2026-08-21T06:33:41Z,2026-08-21T08:33:41+0200,6801fa27-1585-43c5-af49-29c528898ba2,2026-08-13T08:00:00Z,2026-08-13T10:00:00+0200,107.693,MW,DK1,DK_1,actual_onshore_wind_generation,Wind Onshore,2026-08-21T06:40:18Z
2026-08-21T06:33:41Z,2026-08-21T08:33:41+0200,6801fa27-1585-43c5-af49-29c528898ba2,2026-08-13T08:15:00Z,2026-08-13T10:15:00+0200,111.587,MW,DK1,DK_1,actual_onshore_wind_generation,Wind Onshore,2026-08-21T06:40:18Z
2026-08-21T06:33:41Z,2026-08-21T08:33:41+0200,6801fa27-1585-43c5-af49-29c528898ba2,2026-08-13T08:30:00Z,2026-08-13T10:30:00+0200,114.693,MW,DK1,DK_1,actual_onshore_wind_generation,Wind Onshore,2026-08-21T06:40:18Z
2026-08-21T06:33:41Z,2026-08-21T08:33:41+0200,6801fa27-1585-43c5-af49-29c528898ba2,2026-08-13T08:45:00Z,2026-08-13T10:45:00+0200,129.574,MW,DK1,DK_1,actual_onshore_wind_generation,Wind Onshore,2026-08-21T06:40:18Z
2026-08-21T06:33:41Z,2026-08-21T08:33:41+0200,6801fa27-1585-43c5-af49-29c528898ba2,2026-08-13T09:00:00Z,2026-08-13T11:00:00+0200,136.371,MW,DK1,DK_1,actual_onshore_wind_generation,Wind Onshore,2026-08-21T06:40:18Z
2026-08-21T06:33:41Z,2026-08-21T08:33:41+0200,6801fa27-1585-43c5-af49-29c528898ba2,2026-08-13T09:15:00Z,2026-08-13T11:15:00+0200,138.396,MW,DK1,DK_1,actual_onshore_wind_generation,Wind Onshore,2026-08-21T06:40:18Z
2026-08-21T06:33:41Z,2026-08-21T08:33:41+0200,6801fa27-1585-43c5-af49-29c528898ba2,2026-08-13T09:30:00Z,2026-08-13T11:30:00+0200,148.449,MW,DK1,DK_1,actual_onshore_wind_generation,Wind Onshore,2026-08-21T06:40:18Z
2026-08-21T06:33:41Z,2026-08-21T08:33:41+0200,6801fa27-1585-43c5-af49-29c528898ba2,2026-08-13T09:45:00Z,2026-08-13T11:45:00+0200,159.203,MW,DK1,DK_1,actual_onshore_wind_generation,Wind Onshore,2026-08-21T06:40:18Z
2026-08-21T06:33:41Z,2026-08-21T08:33:41+0200,6801fa27-1585-43c5-af49-29c528898ba2,2026-08-13T10:00:00Z,2026-08-13T12:00:00+0200,185.898,MW,DK1,DK_1,actual_onshore_wind_generation,Wind Onshore,2026-08-21T06:40:18Z
2026-08-21T06:33:41Z,2026-08-21T08:33:41+0200,6801fa27-1585-43c5-af49-29c528898ba2,2026-08-13T10:15:00Z,2026-08-13T12:15:00+0200,203.606,MW,DK1,DK_1,actual_onshore_wind_generation,Wind Onshore,2026-08-21T06:40:18Z
2026-08-21T06:33:41Z,2026-08-21T08:33:41+0200,6801fa27-1585-43c5-af49-29c528898ba2,2026-08-13T10:30:00Z,2026-08-13T12:30:00+0200,198.297,MW,DK1,DK_1,actual_onshore_wind_generation,Wind Onshore,2026-08-21T06:40:18Z
2026-08-21T06:33:41Z,2026-08-21T08:33:41+0200,6801fa27-1585-43c5-af49-29c528898ba2,2026-08-13T10:45:00Z,2026-08-13T12:45:00+0200,204.246,MW,DK1,DK_1,actual_onshore_wind_generation,Wind Onshore,2026-08-21T06:40:18Z
2026-08-21T06:33:41Z,2026-08-21T08:33:41+0200,6801fa27-1585-43c5-af49-29c528898ba2,2026-08-13T11:00:00Z,2026-08-13T13:00:00+0200,196.527,MW,DK1,DK_1,actual_onshore_wind_generation,Wind Onshore,2026-08-21T06:40:18Z
2026-08-21T06:33:41Z,2026-08-21T08:33:41+0200,6801fa27-1585-43c5-af49-29c528898ba2,2026-08-13T11:15:00Z,2026-08-13T13:15:00+0200,209.635,MW,DK1,DK_1,actual_onshore_wind_generation,Wind Onshore,2026-08-21T06:40:18Z
2026-08-21T06:33:41Z,2026-08-21T08:33:41+0200,6801fa27-1585-43c5-af49-29c528898ba2,2026-08-13T11:30:00Z,2026-08-13T13:30:00+0200,203.828,MW,DK1,DK_1,actual_onshore_wind_generation,Wind Onshore,2026-08-21T06:40:18Z
2026-08-21T06:33:41Z,2026-08-21T08:33:41+0200,6801fa27-1585-43c5-af49-29c528898ba2,2026-08-13T11:45:00Z,2026-08-13T13:45:00+0200,197.587,MW,DK1,DK_1,actual_onshore_wind_generation,Wind Onshore,2026-08-21T06:40:18Z
2026-08-21T06:33:41Z,2026-08-21T08:33:41+0200,6801fa27-1585-43c5-af49-29c528898ba2,2026-08-13T12:00:00Z,2026-08-13T14:00:00+0200,183.106,MW,DK1,DK_1,actual_onshore_wind_generation,Wind Onshore,2026-08-21T06:40:18Z
2026-08-21T06:33:41Z,2026-08-21T08:33:41+0200,6801fa27-1585-43c5-af49-29c528898ba2,2026-08-13T12:15:00Z,2026-08-13T14:15:00+0200,180.083,MW,DK1,DK_1,actual_onshore_wind_generation,Wind Onshore,2026-08-21T06:40:18Z
2026-08-21T06:33:41Z,2026-08-21T08:33:41+0200,6801fa27-1585-43c5-af49-29c528898ba2,2026-08-13T12:30:00Z,2026-08-13T14:30:00+0200,182.716,MW,DK1,DK_1,actual_onshore_wind_generation,Wind Onshore,2026-08-21T06:40:18Z
2026-08-21T06:33:41Z,2026-08-21T08:33:41+0200,6801fa27-1585-43c5-af49-29c528898ba2,2026-08-13T12:45:00Z,2026-08-13T14:45:00+0200,184.913,MW,DK1,DK_1,actual_onshore_wind_generation,Wind Onshore,2026-08-21T06:40:18Z
2026-08-21T06:33:41Z,2026-08-21T08:33:41+0200,6801fa27-1585-43c5-af49-29c528898ba2,2026-08-13T13:00:00Z,2026-08-13T15:00:00+0200,186.345,MW,DK1,DK_1,actual_onshore_wind_generation,Wind Onshore,2026-08-21T06:40:18Z
2026-08-21T06:33:41Z,2026-08-21T08:33:41+0200,6801fa27-1585-43c5-af49-29c528898ba2,2026-08-13T13:15:00Z,2026-08-13T15:15:00+0200,188.396,MW,DK1,DK_1,actual_onshore_wind_generation,Wind Onshore,2026-08-21T06:40:18Z
2026-08-21T06:33:41Z,2026-08-21T08:33:41+0200,6801fa27-1585-43c5-af49-29c528898ba2,2026-08-13T13:30:00Z,2026-08-13T15:30:00+0200,192.075,MW,DK1,DK_1,actual_onshore_wind_generation,Wind Onshore,2026-08-21T06:40:18Z
2026-08-21T06:33:41Z,2026-08-21T08:33:41+0200,6801fa27-1585-43c5-af49-29c528898ba2,2026-08-13T13:45:00Z,2026-08-13T15:45:00+0200,182.295,MW,DK1,DK_1,actual_onshore_wind_generation,Wind Onshore,2026-08-21T06:40:18Z
2026-08-21T06:33:41Z,2026-08-21T08:33:41+0200,6801fa27-1585-43c5-af49-29c528898ba2,2026-08-13T14:00:00Z,2026-08-13T16:00:00+0200,180.092,MW,DK1,DK_1,actual_onshore_wind_generation,Wind Onshore,2026-08-21T06:40:18Z
2026-08-21T06:33:41Z,2026-08-21T08:33:41+0200,6801fa27-1585-43c5-af49-29c528898ba2,2026-08-13T14:15:00Z,2026-08-13T16:15:00+0200,164.616,MW,DK1,DK_1,actual_onshore_wind_generation,Wind Onshore,2026-08-21T06:40:18Z
2026-08-21T06:33:41Z,2026-08-21T08:33:41+0200,6801fa27-1585-43c5-af49-29c528898ba2,2026-08-13T14:30:00Z,2026-08-13T16:30:00+0200,159.64,MW,DK1,DK_1,actual_onshore_wind_generation,Wind Onshore,2026-08-21T06:40:18Z
2026-08-21T06:33:41Z,2026-08-21T08:33:41+0200,6801fa27-1585-43c5-af49-29c528898ba2,2026-08-13T14:45:00Z,2026-08-13T16:45:00+0200,152.402,MW,DK1,DK_1,actual_onshore_wind_generation,Wind Onshore,2026-08-21T06:40:18Z
2026-08-21T06:33:41Z,2026-08-21T08:33:41+0200,6801fa27-1585-43c5-af49-29c528898ba2,2026-08-13T15:00:00Z,2026-08-13T17:00:00+0200,155.059,MW,DK1,DK_1,actual_onshore_wind_generation,Wind Onshore,2026-08-21T06:40:18Z
2026-08-21T06:33:41Z,2026-08-21T08:33:41+0200,6801fa27-1585-43c5-af49-29c528898ba2,2026-08-13T15:15:00Z,2026-08-13T17:15:00+0200,149.172,MW,DK1,DK_1,actual_onshore_wind_generation,Wind Onshore,2026-08-21T06:40:18Z
2026-08-21T06:33:41Z,2026-08-21T08:33:41+0200,6801fa27-1585-43c5-af49-29c528898ba2,2026-08-13T15:30:00Z,2026-08-13T17:30:00+0200,152.449,MW,DK1,DK_1,actual_onshore_wind_generation,Wind Onshore,2026-08-21T06:40:18Z
2026-08-21T06:33:41Z,2026-08-21T08:33:41+0200,6801fa27-1585-43c5-af49-29c528898ba2,2026-08-13T15:45:00Z,2026-08-13T17:45:00+0200,146.543,MW,DK1,DK_1,actual_onshore_wind_generation,Wind Onshore,2026-08-21T06:40:18Z
2026-08-21T06:33:41Z,2026-08-21T08:33:41+0200,6801fa27-1585-43c5-af49-29c528898ba2,2026-08-13T16:00:00Z,2026-08-13T18:00:00+0200,145.875,MW,DK1,DK_1,actual_onshore_wind_generation,Wind Onshore,2026-08-21T06:40:18Z
2026-08-21T06:33:41Z,2026-08-21T08:33:41+0200,6801fa27-1585-43c5-af49-29c528898ba2,2026-08-13T16:15:00Z,2026-08-13T18:15:00+0200,140.893,MW,DK1,DK_1,actual_onshore_wind_generation,Wind Onshore,2026-08-21T06:40:18Z
2026-08-21T06:33:41Z,2026-08-21T08:33:41+0200,6801fa27-1585-43c5-af49-29c528898ba2,2026-08-13T16:30:00Z,2026-08-13T18:30:00+0200,137.759,MW,DK1,DK_1,actual_onshore_wind_generation,Wind Onshore,2026-08-21T06:40:18Z
2026-08-21T06:33:41Z,2026-08-21T08:33:41+0200,6801fa27-1585-43c5-af49-29c528898ba2,2026-08-13T16:45:00Z,2026-08-13T18:45:00+0200,130.488,MW,DK1,DK_1,actual_onshore_wind_generation,Wind Onshore,2026-08-21T06:40:18Z
2026-08-21T06:33:41Z,2026-08-21T08:33:41+0200,6801fa27-1585-43c5-af49-29c528898ba2,2026-08-13T17:00:00Z,2026-08-13T19:00:00+0200,134.856,MW,DK1,DK_1,actual_onshore_wind_generation,Wind Onshore,2026-08-21T06:40:18Z
2026-08-21T06:33:41Z,2026-08-21T08:33:41+0200,6801fa27-1585-43c5-af49-29c528898ba2,2026-08-13T17:15:00Z,2026-08-13T19:15:00+0200,131.851,MW,DK1,DK_1,actual_onshore_wind_generation,Wind Onshore,2026-08-21T06:40:18Z
2026-08-21T06:33:41Z,2026-08-21T08:33:41+0200,6801fa27-1585-43c5-af49-29c528898ba2,2026-08-13T17:30:00Z,2026-08-13T19:30:00+0200,119.425,MW,DK1,DK_1,actual_onshore_wind_generation,Wind Onshore,2026-08-21T06:40:18Z
2026-08-21T06:33:41Z,2026-08-21T08:33:41+0200,6801fa27-1585-43c5-af49-29c528898ba2,2026-08-13T17:45:00Z,2026-08-13T19:45:00+0200,110.439,MW,DK1,DK_1,actual_onshore_wind_generation,Wind Onshore,2026-08-21T06:40:18Z
2026-08-21T06:33:41Z,2026-08-21T08:33:41+0200,6801fa27-1585-43c5-af49-29c528898ba2,2026-08-13T18:00:00Z,2026-08-13T20:00:00+0200,114.561,MW,DK1,DK_1,actual_onshore_wind_generation,Wind Onshore,2026-08-21T06:40:18Z
2026-08-21T06:33:41Z,2026-08-21T08:33:41+0200,6801fa27-1585-43c5-af49-29c528898ba2,2026-08-13T18:15:00Z,2026-08-13T20:15:00+0200,118.34,MW,DK1,DK_1,actual_onshore_wind_generation,Wind Onshore,2026-08-21T06:40:18Z
2026-08-21T06:33:41Z,2026-08-21T08:33:41+0200,6801fa27-1585-43c5-af49-29c528898ba2,2026-08-13T18:30:00Z,2026-08-13T20:30:00+0200,117.894,MW,DK1,DK_1,actual_onshore_wind_generation,Wind Onshore,2026-08-21T06:40:18Z
2026-08-21T06:33:41Z,2026-08-21T08:33:41+0200,6801fa27-1585-43c5-af49-29c528898ba2,2026-08-13T18:45:00Z,2026-08-13T20:45:00+0200,127.46,MW,DK1,DK_1,actual_onshore_wind_generation,Wind Onshore,2026-08-21T06:40:18Z
2026-08-21T06:33:41Z,2026-08-21T08:33:41+0200,6801fa27-1585-43c5-af49-29c528898ba2,2026-08-13T19:00:00Z,2026-08-13T21:00:00+0200,128.998,MW,DK1,DK_1,actual_onshore_wind_generation,Wind Onshore,2026-08-21T06:40:18Z
2026-08-21T06:33:41Z,2026-08-21T08:33:41+0200,6801fa27-1585-43c5-af49-29c528898ba2,2026-08-13T19:15:00Z,2026-08-13T21:15:00+0200,138.048,MW,DK1,DK_1,actual_onshore_wind_generation,Wind Onshore,2026-08-21T06:40:18Z
2026-08-21T06:33:41Z,2026-08-21T08:33:41+0200,6801fa27-1585-43c5-af49-29c528898ba2,2026-08-13T19:30:00Z,2026-08-13T21:30:00+0200,145.387,MW,DK1,DK_1,actual_onshore_wind_generation,Wind Onshore,2026-08-21T06:40:18Z
2026-08-21T06:33:41Z,2026-08-21T08:33:41+0200,6801fa27-1585-43c5-af49-29c528898ba2,2026-08-13T19:45:00Z,2026-08-13T21:45:00+0200,161.512,MW,DK1,DK_1,actual_onshore_wind_generation,Wind Onshore,2026-08-21T06:40:18Z
2026-08-21T06:33:41Z,2026-08-21T08:33:41+0200,6801fa27-1585-43c5-af49-29c528898ba2,2026-08-13T20:00:00Z,2026-08-13T22:00:00+0200,182.226,MW,DK1,DK_1,actual_onshore_wind_generation,Wind Onshore,2026-08-21T06:40:18Z
2026-08-21T06:33:41Z,2026-08-21T08:33:41+0200,6801fa27-1585-43c5-af49-29c528898ba2,2026-08-13T20:15:00Z,2026-08-13T22:15:00+0200,206.051,MW,DK1,DK_1,actual_onshore_wind_generation,Wind Onshore,2026-08-21T06:40:18Z
2026-08-21T06:33:41Z,2026-08-21T08:33:41+0200,6801fa27-1585-43c5-af49-29c528898ba2,2026-08-13T20:30:00Z,2026-08-13T22:30:00+0200,235.327,MW,DK1,DK_1,actual_onshore_wind_generation,Wind Onshore,2026-08-21T06:40:18Z
2026-08-21T06:33:41Z,2026-08-21T08:33:41+0200,6801fa27-1585-43c5-af49-29c528898ba2,2026-08-13T20:45:00Z,2026-08-13T22:45:00+0200,259.54,MW,DK1,DK_1,actual_onshore_wind_generation,Wind Onshore,2026-08-21T06:40:18Z
2026-08-21T06:33:41Z,2026-08-21T08:33:41+0200,6801fa27-1585-43c5-af49-29c528898ba2,2026-08-13T21:00:00Z,2026-08-13T23:00:00+0200,274.826,MW,DK1,DK_1,actual_onshore_wind_generation,Wind Onshore,2026-08-21T06:40:18Z
2026-08-21T06:33:41Z,2026-08-21T08:33:41+0200,6801fa27-1585-43c5-af49-29c528898ba2,2026-08-13T21:15:00Z,2026-08-13T23:15:00+0200,312.875,MW,DK1,DK_1,actual_onshore_wind_generation,Wind Onshore,2026-08-21T06:40:18Z
2026-08-21T06:33:41Z,2026-08-21T08:33:41+0200,6801fa27-1585-43c5-af49-29c528898ba2,2026-08-13T21:30:00Z,2026-08-13T23:30:00+0200,349.978,MW,DK1,DK_1,actual_onshore_wind_generation,Wind Onshore,2026-08-21T06:40:18Z
2026-08-21T06:33:41Z,2026-08-21T08:33:41+0200,6801fa27-1585-43c5-af49-29c528898ba2,2026-08-13T21:45:00Z,2026-08-13T23:45:00+0200,384.077,MW,DK1,DK_1,actual_onshore_wind_generation,Wind Onshore,2026-08-21T06:40:18Z
2026-08-21T06:33:41Z,2026-08-21T08:33:41+0200,6801fa27-1585-43c5-af49-29c528898ba2,2026-08-13T22:00:00Z,2026-08-14T00:00:00+0200,416.454,MW,DK1,DK_1,actual_onshore_wind_generation,Wind Onshore,2026-08-21T06:40:18Z
2026-08-21T06:33:41Z,2026-08-21T08:33:41+0200,6801fa27-1585-43c5-af49-29c528898ba2,2026-08-13T22:15:00Z,2026-08-14T00:15:00+0200,446.41,MW,DK1,DK_1,actual_onshore_wind_generation,Wind Onshore,2026-08-21T06:40:18Z
2026-08-21T06:33:41Z,2026-08-21T08:33:41+0200,6801fa27-1585-43c5-af49-29c528898ba2,2026-08-13T22:30:00Z,2026-08-14T00:30:00+0200,483.731,MW,DK1,DK_1,actual_onshore_wind_generation,Wind Onshore,2026-08-21T06:40:18Z
2026-08-21T06:33:41Z,2026-08-21T08:33:41+0200,6801fa27-1585-43c5-af49-29c528898ba2,2026-08-13T22:45:00Z,2026-08-14T00:45:00+0200,511.466,MW,DK1,DK_1,actual_onshore_wind_generation,Wind Onshore,2026-08-21T06:40:18Z
2026-08-21T06:33:41Z,2026-08-21T08:33:41+0200,6801fa27-1585-43c5-af49-29c528898ba2,2026-08-13T23:00:00Z,2026-08-14T01:00:00+0200,537.442,MW,DK1,DK_1,actual_onshore_wind_generation,Wind Onshore,2026-08-21T06:40:18Z
2026-08-21T06:33:41Z,2026-08-21T08:33:41+0200,6801fa27-1585-43c5-af49-29c528898ba2,2026-08-13T23:15:00Z,2026-08-14T01:15:00+0200,559.755,MW,DK1,DK_1,actual_onshore_wind_generation,Wind Onshore,2026-08-21T06:40:18Z
2026-08-21T06:33:41Z,2026-08-21T08:33:41+0200,6801fa27-1585-43c5-af49-29c528898ba2,2026-08-13T23:30:00Z,2026-08-14T01:30:00+0200,590.663,MW,DK1,DK_1,actual_onshore_wind_generation,Wind Onshore,2026-08-21T06:40:18Z
2026-08-21T06:33:41Z,2026-08-21T08:33:41+0200,6801fa27-1585-43c5-af49-29c528898ba2,2026-08-13T23:45:00Z,2026-08-14T01:45:00+0200,613.447,MW,DK1,DK_1,actual_onshore_wind_generation,Wind Onshore,2026-08-21T06:40:18Z
2026-08-21T06:33:41Z,2026-08-21T08:33:41+0200,6801fa27-1585-43c5-af49-29c528898ba2,2026-08-14T00:00:00Z,2026-08-14T02:00:00+0200,611.085,MW,DK1,DK_1,actual_onshore_wind_generation,Wind Onshore,2026-08-21T06:40:18Z
2026-08-21T06:33:41Z,2026-08-21T08:33:41+0200,6801fa27-1585-43c5-af49-29c528898ba2,2026-08-14T00:15:00Z,2026-08-14T02:15:00+0200,632.047,MW,DK1,DK_1,actual_onshore_wind_generation,Wind Onshore,2026-08-21T06:40:18Z
2026-08-21T06:33:41Z,2026-08-21T08:33:41+0200,6801fa27-1585-43c5-af49-29c528898ba2,2026-08-14T00:30:00Z,2026-08-14T02:30:00+0200,655.617,MW,DK1,DK_1,actual_onshore_wind_generation,Wind Onshore,2026-08-21T06:40:18Z
2026-08-21T06:33:41Z,2026-08-21T08:33:41+0200,6801fa27-1585-43c5-af49-29c528898ba2,2026-08-14T00:45:00Z,2026-08-14T02:45:00+0200,677.892,MW,DK1,DK_1,actual_onshore_wind_generation,Wind Onshore,2026-08-21T06:40:18Z
2026-08-21T06:33:41Z,2026-08-21T08:33:41+0200,6801fa27-1585-43c5-af49-29c528898ba2,2026-08-14T01:00:00Z,2026-08-14T03:00:00+0200,684.096,MW,DK1,DK_1,actual_onshore_wind_generation,Wind Onshore,2026-08-21T06:40:18Z
2026-08-21T06:33:41Z,2026-08-21T08:33:41+0200,6801fa27-1585-43c5-af49-29c528898ba2,2026-08-14T01:15:00Z,2026-08-14T03:15:00+0200,694.463,MW,DK1,DK_1,actual_onshore_wind_generation,Wind Onshore,2026-08-21T06:40:18Z
2026-08-21T06:33:41Z,2026-08-21T08:33:41+0200,6801fa27-1585-43c5-af49-29c528898ba2,2026-08-14T01:30:00Z,2026-08-14T03:30:00+0200,691.494,MW,DK1,DK_1,actual_onshore_wind_generation,Wind Onshore,2026-08-21T06:40:18Z
2026-08-21T06:33:41Z,2026-08-21T08:33:41+0200,6801fa27-1585-43c5-af49-29c528898ba2,2026-08-14T01:45:00Z,2026-08-14T03:45:00+0200,675.97,MW,DK1,DK_1,actual_onshore_wind_generation,Wind Onshore,2026-08-21T06:40:18Z
2026-08-21T06:33:41Z,2026-08-21T08:33:41+0200,6801fa27-1585-43c5-af49-29c528898ba2,2026-08-14T02:00:00Z,2026-08-14T04:00:00+0200,648.56,MW,DK1,DK_1,actual_onshore_wind_generation,Wind Onshore,2026-08-21T06:40:18Z
2026-08-21T06:33:41Z,2026-08-21T08:33:41+0200,6801fa27-1585-43c5-af49-29c528898ba2,2026-08-14T02:15:00Z,2026-08-14T04:15:00+0200,639.388,MW,DK1,DK_1,actual_onshore_wind_generation,Wind Onshore,2026-08-21T06:40:18Z
2026-08-21T06:33:41Z,2026-08-21T08:33:41+0200,6801fa27-1585-43c5-af49-29c528898ba2,2026-08-14T02:30:00Z,2026-08-14T04:30:00+0200,650.031,MW,DK1,DK_1,actual_onshore_wind_generation,Wind Onshore,2026-08-21T06:40:18Z
2026-08-21T06:33:41Z,2026-08-21T08:33:41+0200,6801fa27-1585-43c5-af49-29c528898ba2,2026-08-14T02:45:00Z,2026-08-14T04:45:00+0200,599.918,MW,DK1,DK_1,actual_onshore_wind_generation,Wind Onshore,2026-08-21T06:40:18Z
2026-08-21T06:33:41Z,2026-08-21T08:33:41+0200,6801fa27-1585-43c5-af49-29c528898ba2,2026-08-14T03:00:00Z,2026-08-14T05:00:00+0200,617.692,MW,DK1,DK_1,actual_onshore_wind_generation,Wind Onshore,2026-08-21T06:40:18Z
2026-08-21T06:33:41Z,2026-08-21T08:33:41+0200,6801fa27-1585-43c5-af49-29c528898ba2,2026-08-14T03:15:00Z,2026-08-14T05:15:00+0200,614.47,MW,DK1,DK_1,actual_onshore_wind_generation,Wind Onshore,2026-08-21T06:40:18Z
2026-08-21T06:33:41Z,2026-08-21T08:33:41+0200,6801fa27-1585-43c5-af49-29c528898ba2,2026-08-14T03:30:00Z,2026-08-14T05:30:00+0200,607.268,MW,DK1,DK_1,actual_onshore_wind_generation,Wind Onshore,2026-08-21T06:40:18Z
2026-08-21T06:33:41Z,2026-08-21T08:33:41+0200,6801fa27-1585-43c5-af49-29c528898ba2,2026-08-14T03:45:00Z,2026-08-14T05:45:00+0200,597.19,MW,DK1,DK_1,actual_onshore_wind_generation,Wind Onshore,2026-08-21T06:40:18Z
2026-08-21T06:33:41Z,2026-08-21T08:33:41+0200,6801fa27-1585-43c5-af49-29c528898ba2,2026-08-14T04:00:00Z,2026-08-14T06:00:00+0200,562.689,MW,DK1,DK_1,actual_onshore_wind_generation,Wind Onshore,2026-08-21T06:40:18Z
2026-08-21T06:33:41Z,2026-08-21T08:33:41+0200,6801fa27-1585-43c5-af49-29c528898ba2,2026-08-14T04:15:00Z,2026-08-14T06:15:00+0200,546.089,MW,DK1,DK_1,actual_onshore_wind_generation,Wind Onshore,2026-08-21T06:40:18Z
2026-08-21T06:33:41Z,2026-08-21T08:33:41+0200,6801fa27-1585-43c5-af49-29c528898ba2,2026-08-14T04:30:00Z,2026-08-14T06:30:00+0200,550.92,MW,DK1,DK_1,actual_onshore_wind_generation,Wind Onshore,2026-08-21T06:40:18Z
2026-08-21T06:33:41Z,2026-08-21T08:33:41+0200,6801fa27-1585-43c5-af49-29c528898ba2,2026-08-14T04:45:00Z,2026-08-14T06:45:00+0200,537.434,MW,DK1,DK_1,actual_onshore_wind_generation,Wind Onshore,2026-08-21T06:40:18Z
2026-08-21T06:33:41Z,2026-08-21T08:33:41+0200,6801fa27-1585-43c5-af49-29c528898ba2,2026-08-14T05:00:00Z,2026-08-14T07:00:00+0200,529.625,MW,DK1,DK_1,actual_onshore_wind_generation,Wind Onshore,2026-08-21T06:40:18Z
2026-08-21T06:33:41Z,2026-08-21T08:33:41+0200,6801fa27-1585-43c5-af49-29c528898ba2,2026-08-14T05:15:00Z,2026-08-14T07:15:00+0200,510.501,MW,DK1,DK_1,actual_onshore_wind_generation,Wind Onshore,2026-08-21T06:40:18Z
2026-08-21T06:33:41Z,2026-08-21T08:33:41+0200,6801fa27-1585-43c5-af49-29c528898ba2,2026-08-14T05:30:00Z,2026-08-14T07:30:00+0200,469.1,MW,DK1,DK_1,actual_onshore_wind_generation,Wind Onshore,2026-08-21T06:40:18Z
2026-08-21T06:33:41Z,2026-08-21T08:33:41+0200,6801fa27-1585-43c5-af49-29c528898ba2,2026-08-14T05:45:00Z,2026-08-14T07:45:00+0200,398.898,MW,DK1,DK_1,actual_onshore_wind_generation,Wind Onshore,2026-08-21T06:40:18Z
2026-08-21T06:33:41Z,2026-08-21T08:33:41+0200,6801fa27-1585-43c5-af49-29c528898ba2,2026-08-14T06:00:00Z,2026-08-14T08:00:00+0200,345.707,MW,DK1,DK_1,actual_onshore_wind_generation,Wind Onshore,2026-08-21T06:40:18Z
2026-08-21T06:33:41Z,2026-08-21T08:33:41+0200,6801fa27-1585-43c5-af49-29c528898ba2,2026-08-14T06:15:00Z,2026-08-14T08:15:00+0200,295.824,MW,DK1,DK_1,actual_onshore_wind_generation,Wind Onshore,2026-08-21T06:40:18Z
2026-08-21T06:33:41Z,2026-08-21T08:33:41+0200,6801fa27-1585-43c5-af49-29c528898ba2,2026-08-14T06:30:00Z,2026-08-14T08:30:00+0200,249.129,MW,DK1,DK_1,actual_onshore_wind_generation,Wind Onshore,2026-08-21T06:40:18Z
2026-08-21T06:33:41Z,2026-08-21T08:33:41+0200,6801fa27-1585-43c5-af49-29c528898ba2,2026-08-14T06:45:00Z,2026-08-14T08:45:00+0200,237.043,MW,DK1,DK_1,actual_onshore_wind_generation,Wind Onshore,2026-08-21T06:40:18Z
2026-08-21T06:33:41Z,2026-08-21T08:33:41+0200,6801fa27-1585-43c5-af49-29c528898ba2,2026-08-14T07:00:00Z,2026-08-14T09:00:00+0200,206.694,MW,DK1,DK_1,actual_onshore_wind_generation,Wind Onshore,2026-08-21T06:40:18Z
2026-08-21T06:33:41Z,2026-08-21T08:33:41+0200,6801fa27-1585-43c5-af49-29c528898ba2,2026-08-14T07:15:00Z,2026-08-14T09:15:00+0200,185.574,MW,DK1,DK_1,actual_onshore_wind_generation,Wind Onshore,2026-08-21T06:40:18Z
2026-08-21T06:33:41Z,2026-08-21T08:33:41+0200,6801fa27-1585-43c5-af49-29c528898ba2,2026-08-14T07:30:00Z,2026-08-14T09:30:00+0200,178.619,MW,DK1,DK_1,actual_onshore_wind_generation,Wind Onshore,2026-08-21T06:40:18Z
2026-08-21T06:33:41Z,2026-08-21T08:33:41+0200,6801fa27-1585-43c5-af49-29c528898ba2,2026-08-14T07:45:00Z,2026-08-14T09:45:00+0200,144.488,MW,DK1,DK_1,actual_onshore_wind_generation,Wind Onshore,2026-08-21T06:40:18Z
2026-08-21T06:33:41Z,2026-08-21T08:33:41+0200,6801fa27-1585-43c5-af49-29c528898ba2,2026-08-14T08:00:00Z,2026-08-14T10:00:00+0200,175.834,MW,DK1,DK_1,actual_onshore_wind_generation,Wind Onshore,2026-08-21T06:40:18Z
2026-08-21T06:33:41Z,2026-08-21T08:33:41+0200,6801fa27-1585-43c5-af49-29c528898ba2,2026-08-14T08:15:00Z,2026-08-14T10:15:00+0200,183.293,MW,DK1,DK_1,actual_onshore_wind_generation,Wind Onshore,2026-08-21T06:40:18Z
2026-08-21T06:33:41Z,2026-08-21T08:33:41+0200,6801fa27-1585-43c5-af49-29c528898ba2,2026-08-14T08:30:00Z,2026-08-14T10:30:00+0200,184.012,MW,DK1,DK_1,actual_onshore_wind_generation,Wind Onshore,2026-08-21T06:40:18Z
2026-08-21T06:33:41Z,2026-08-21T08:33:41+0200,6801fa27-1585-43c5-af49-29c528898ba2,2026-08-14T08:45:00Z,2026-08-14T10:45:00+0200,181.738,MW,DK1,DK_1,actual_onshore_wind_generation,Wind Onshore,2026-08-21T06:40:18Z
2026-08-21T06:33:41Z,2026-08-21T08:33:41+0200,6801fa27-1585-43c5-af49-29c528898ba2,2026-08-14T09:00:00Z,2026-08-14T11:00:00+0200,185.376,MW,DK1,DK_1,actual_onshore_wind_generation,Wind Onshore,2026-08-21T06:40:18Z
2026-08-21T06:33:41Z,2026-08-21T08:33:41+0200,6801fa27-1585-43c5-af49-29c528898ba2,2026-08-14T09:15:00Z,2026-08-14T11:15:00+0200,195.896,MW,DK1,DK_1,actual_onshore_wind_generation,Wind Onshore,2026-08-21T06:40:18Z
2026-08-21T06:33:41Z,2026-08-21T08:33:41+0200,6801fa27-1585-43c5-af49-29c528898ba2,2026-08-14T09:30:00Z,2026-08-14T11:30:00+0200,222.413,MW,DK1,DK_1,actual_onshore_wind_generation,Wind Onshore,2026-08-21T06:40:18Z
2026-08-21T06:33:41Z,2026-08-21T08:33:41+0200,6801fa27-1585-43c5-af49-29c528898ba2,2026-08-14T09:45:00Z,2026-08-14T11:45:00+0200,254.676,MW,DK1,DK_1,actual_onshore_wind_generation,Wind Onshore,2026-08-21T06:40:18Z
2026-08-21T06:33:41Z,2026-08-21T08:33:41+0200,6801fa27-1585-43c5-af49-29c528898ba2,2026-08-14T10:00:00Z,2026-08-14T12:00:00+0200,294.026,MW,DK1,DK_1,actual_onshore_wind_generation,Wind Onshore,2026-08-21T06:40:18Z
2026-08-21T06:33:41Z,2026-08-21T08:33:41+0200,6801fa27-1585-43c5-af49-29c528898ba2,2026-08-14T10:15:00Z,2026-08-14T12:15:00+0200,330.503,MW,DK1,DK_1,actual_onshore_wind_generation,Wind Onshore,2026-08-21T06:40:18Z
2026-08-21T06:33:41Z,2026-08-21T08:33:41+0200,6801fa27-1585-43c5-af49-29c528898ba2,2026-08-14T10:30:00Z,2026-08-14T12:30:00+0200,384.485,MW,DK1,DK_1,actual_onshore_wind_generation,Wind Onshore,2026-08-21T06:40:18Z
2026-08-21T06:33:41Z,2026-08-21T08:33:41+0200,6801fa27-1585-43c5-af49-29c528898ba2,2026-08-14T10:45:00Z,2026-08-14T12:45:00+0200,416.019,MW,DK1,DK_1,actual_onshore_wind_generation,Wind Onshore,2026-08-21T06:40:18Z
2026-08-21T06:33:41Z,2026-08-21T08:33:41+0200,6801fa27-1585-43c5-af49-29c528898ba2,2026-08-14T11:00:00Z,2026-08-14T13:00:00+0200,453.564,MW,DK1,DK_1,actual_onshore_wind_generation,Wind Onshore,2026-08-21T06:40:18Z
2026-08-21T06:33:41Z,2026-08-21T08:33:41+0200,6801fa27-1585-43c5-af49-29c528898ba2,2026-08-14T11:15:00Z,2026-08-14T13:15:00+0200,497.171,MW,DK1,DK_1,actual_onshore_wind_generation,Wind Onshore,2026-08-21T06:40:18Z
2026-08-21T06:33:41Z,2026-08-21T08:33:41+0200,6801fa27-1585-43c5-af49-29c528898ba2,2026-08-14T11:30:00Z,2026-08-14T13:30:00+0200,535.394,MW,DK1,DK_1,actual_onshore_wind_generation,Wind Onshore,2026-08-21T06:40:18Z
2026-08-21T06:33:41Z,2026-08-21T08:33:41+0200,6801fa27-1585-43c5-af49-29c528898ba2,2026-08-14T11:45:00Z,2026-08-14T13:45:00+0200,534.381,MW,DK1,DK_1,actual_onshore_wind_generation,Wind Onshore,2026-08-21T06:40:18Z
2026-08-21T06:33:41Z,2026-08-21T08:33:41+0200,6801fa27-1585-43c5-af49-29c528898ba2,2026-08-14T12:00:00Z,2026-08-14T14:00:00+0200,559.839,MW,DK1,DK_1,actual_onshore_wind_generation,Wind Onshore,2026-08-21T06:40:18Z
2026-08-21T06:33:41Z,2026-08-21T08:33:41+0200,6801fa27-1585-43c5-af49-29c528898ba2,2026-08-14T12:15:00Z,2026-08-14T14:15:00+0200,577.379,MW,DK1,DK_1,actual_onshore_wind_generation,Wind Onshore,2026-08-21T06:40:18Z
2026-08-21T06:33:41Z,2026-08-21T08:33:41+0200,6801fa27-1585-43c5-af49-29c528898ba2,2026-08-14T12:30:00Z,2026-08-14T14:30:00+0200,543.769,MW,DK1,DK_1,actual_onshore_wind_generation,Wind Onshore,2026-08-21T06:40:18Z
2026-08-21T06:33:41Z,2026-08-21T08:33:41+0200,6801fa27-1585-43c5-af49-29c528898ba2,2026-08-14T12:45:00Z,2026-08-14T14:45:00+0200,539.112,MW,DK1,DK_1,actual_onshore_wind_generation,Wind Onshore,2026-08-21T06:40:18Z
2026-08-21T06:33:41Z,2026-08-21T08:33:41+0200,6801fa27-1585-43c5-af49-29c528898ba2,2026-08-14T13:00:00Z,2026-08-14T15:00:00+0200,539.291,MW,DK1,DK_1,actual_onshore_wind_generation,Wind Onshore,2026-08-21T06:40:18Z
2026-08-21T06:33:41Z,2026-08-21T08:33:41+0200,6801fa27-1585-43c5-af49-29c528898ba2,2026-08-14T13:15:00Z,2026-08-14T15:15:00+0200,518.571,MW,DK1,DK_1,actual_onshore_wind_generation,Wind Onshore,2026-08-21T06:40:18Z
2026-08-21T06:33:41Z,2026-08-21T08:33:41+0200,6801fa27-1585-43c5-af49-29c528898ba2,2026-08-14T13:30:00Z,2026-08-14T15:30:00+0200,504.885,MW,DK1,DK_1,actual_onshore_wind_generation,Wind Onshore,2026-08-21T06:40:18Z
2026-08-21T06:33:41Z,2026-08-21T08:33:41+0200,6801fa27-1585-43c5-af49-29c528898ba2,2026-08-14T13:45:00Z,2026-08-14T15:45:00+0200,500.736,MW,DK1,DK_1,actual_onshore_wind_generation,Wind Onshore,2026-08-21T06:40:18Z
2026-08-21T06:33:41Z,2026-08-21T08:33:41+0200,6801fa27-1585-43c5-af49-29c528898ba2,2026-08-14T14:00:00Z,2026-08-14T16:00:00+0200,506.35,MW,DK1,DK_1,actual_onshore_wind_generation,Wind Onshore,2026-08-21T06:40:18Z
2026-08-21T06:33:41Z,2026-08-21T08:33:41+0200,6801fa27-1585-43c5-af49-29c528898ba2,2026-08-14T14:15:00Z,2026-08-14T16:15:00+0200,502.404,MW,DK1,DK_1,actual_onshore_wind_generation,Wind Onshore,2026-08-21T06:40:18Z
2026-08-21T06:33:41Z,2026-08-21T08:33:41+0200,6801fa27-1585-43c5-af49-29c528898ba2,2026-08-14T14:30:00Z,2026-08-14T16:30:00+0200,506.743,MW,DK1,DK_1,actual_onshore_wind_generation,Wind Onshore,2026-08-21T06:40:18Z
2026-08-21T06:33:41Z,2026-08-21T08:33:41+0200,6801fa27-1585-43c5-af49-29c528898ba2,2026-08-14T14:45:00Z,2026-08-14T16:45:00+0200,503.738,MW,DK1,DK_1,actual_onshore_wind_generation,Wind Onshore,2026-08-21T06:40:18Z
2026-08-21T06:33:41Z,2026-08-21T08:33:41+0200,6801fa27-1585-43c5-af49-29c528898ba2,2026-08-14T15:00:00Z,2026-08-14T17:00:00+0200,493.777,MW,DK1,DK_1,actual_onshore_wind_generation,Wind Onshore,2026-08-21T06:40:18Z
2026-08-21T06:33:41Z,2026-08-21T08:33:41+0200,6801fa27-1585-43c5-af49-29c528898ba2,2026-08-14T15:15:00Z,2026-08-14T17:15:00+0200,480.404,MW,DK1,DK_1,actual_onshore_wind_generation,Wind Onshore,2026-08-21T06:40:18Z
2026-08-21T06:33:41Z,2026-08-21T08:33:41+0200,6801fa27-1585-43c5-af49-29c528898ba2,2026-08-14T15:30:00Z,2026-08-14T17:30:00+0200,479.086,MW,DK1,DK_1,actual_onshore_wind_generation,Wind Onshore,2026-08-21T06:40:18Z
2026-08-21T06:33:41Z,2026-08-21T08:33:41+0200,6801fa27-1585-43c5-af49-29c528898ba2,2026-08-14T15:45:00Z,2026-08-14T17:45:00+0200,477.722,MW,DK1,DK_1,actual_onshore_wind_generation,Wind Onshore,2026-08-21T06:40:18Z
2026-08-21T06:33:41Z,2026-08-21T08:33:41+0200,6801fa27-1585-43c5-af49-29c528898ba2,2026-08-14T16:00:00Z,2026-08-14T18:00:00+0200,454.74,MW,DK1,DK_1,actual_onshore_wind_generation,Wind Onshore,2026-08-21T06:40:18Z
2026-08-21T06:33:41Z,2026-08-21T08:33:41+0200,6801fa27-1585-43c5-af49-29c528898ba2,2026-08-14T16:15:00Z,2026-08-14T18:15:00+0200,433.582,MW,DK1,DK_1,actual_onshore_wind_generation,Wind Onshore,2026-08-21T06:40:18Z
2026-08-21T06:33:41Z,2026-08-21T08:33:41+0200,6801fa27-1585-43c5-af49-29c528898ba2,2026-08-14T16:30:00Z,2026-08-14T18:30:00+0200,416.991,MW,DK1,DK_1,actual_onshore_wind_generation,Wind Onshore,2026-08-21T06:40:18Z
2026-08-21T06:33:41Z,2026-08-21T08:33:41+0200,6801fa27-1585-43c5-af49-29c528898ba2,2026-08-14T16:45:00Z,2026-08-14T18:45:00+0200,384.964,MW,DK1,DK_1,actual_onshore_wind_generation,Wind Onshore,2026-08-21T06:40:18Z
2026-08-21T06:33:41Z,2026-08-21T08:33:41+0200,6801fa27-1585-43c5-af49-29c528898ba2,2026-08-14T17:00:00Z,2026-08-14T19:00:00+0200,350.336,MW,DK1,DK_1,actual_onshore_wind_generation,Wind Onshore,2026-08-21T06:40:18Z
2026-08-21T06:33:41Z,2026-08-21T08:33:41+0200,6801fa27-1585-43c5-af49-29c528898ba2,2026-08-14T17:15:00Z,2026-08-14T19:15:00+0200,337.531,MW,DK1,DK_1,actual_onshore_wind_generation,Wind Onshore,2026-08-21T06:40:18Z
2026-08-21T06:33:41Z,2026-08-21T08:33:41+0200,6801fa27-1585-43c5-af49-29c528898ba2,2026-08-14T17:30:00Z,2026-08-14T19:30:00+0200,316.53,MW,DK1,DK_1,actual_onshore_wind_generation,Wind Onshore,2026-08-21T06:40:18Z
2026-08-21T06:33:41Z,2026-08-21T08:33:41+0200,6801fa27-1585-43c5-af49-29c528898ba2,2026-08-14T17:45:00Z,2026-08-14T19:45:00+0200,300.182,MW,DK1,DK_1,actual_onshore_wind_generation,Wind Onshore,2026-08-21T06:40:18Z
2026-08-21T06:33:41Z,2026-08-21T08:33:41+0200,6801fa27-1585-43c5-af49-29c528898ba2,2026-08-14T18:00:00Z,2026-08-14T20:00:00+0200,287.208,MW,DK1,DK_1,actual_onshore_wind_generation,Wind Onshore,2026-08-21T06:40:18Z
2026-08-21T06:33:41Z,2026-08-21T08:33:41+0200,6801fa27-1585-43c5-af49-29c528898ba2,2026-08-14T18:15:00Z,2026-08-14T20:15:00+0200,298.532,MW,DK1,DK_1,actual_onshore_wind_generation,Wind Onshore,2026-08-21T06:40:18Z
2026-08-21T06:33:41Z,2026-08-21T08:33:41+0200,6801fa27-1585-43c5-af49-29c528898ba2,2026-08-14T18:30:00Z,2026-08-14T20:30:00+0200,325.47,MW,DK1,DK_1,actual_onshore_wind_generation,Wind Onshore,2026-08-21T06:40:18Z
2026-08-21T06:33:41Z,2026-08-21T08:33:41+0200,6801fa27-1585-43c5-af49-29c528898ba2,2026-08-14T18:45:00Z,2026-08-14T20:45:00+0200,357.354,MW,DK1,DK_1,actual_onshore_wind_generation,Wind Onshore,2026-08-21T06:40:18Z
2026-08-21T06:33:41Z,2026-08-21T08:33:41+0200,6801fa27-1585-43c5-af49-29c528898ba2,2026-08-14T19:00:00Z,2026-08-14T21:00:00+0200,385.076,MW,DK1,DK_1,actual_onshore_wind_generation,Wind Onshore,2026-08-21T06:40:18Z
2026-08-21T06:33:41Z,2026-08-21T08:33:41+0200,6801fa27-1585-43c5-af49-29c528898ba2,2026-08-14T19:15:00Z,2026-08-14T21:15:00+0200,393.183,MW,DK1,DK_1,actual_onshore_wind_generation,Wind Onshore,2026-08-21T06:40:18Z
2026-08-21T06:33:41Z,2026-08-21T08:33:41+0200,6801fa27-1585-43c5-af49-29c528898ba2,2026-08-14T19:30:00Z,2026-08-14T21:30:00+0200,398.25,MW,DK1,DK_1,actual_onshore_wind_generation,Wind Onshore,2026-08-21T06:40:18Z
2026-08-21T06:33:41Z,2026-08-21T08:33:41+0200,6801fa27-1585-43c5-af49-29c528898ba2,2026-08-14T19:45:00Z,2026-08-14T21:45:00+0200,400.46,MW,DK1,DK_1,actual_onshore_wind_generation,Wind Onshore,2026-08-21T06:40:18Z
2026-08-21T06:33:41Z,2026-08-21T08:33:41+0200,6801fa27-1585-43c5-af49-29c528898ba2,2026-08-14T20:00:00Z,2026-08-14T22:00:00+0200,406.738,MW,DK1,DK_1,actual_onshore_wind_generation,Wind Onshore,2026-08-21T06:40:18Z
2026-08-21T06:33:41Z,2026-08-21T08:33:41+0200,6801fa27-1585-43c5-af49-29c528898ba2,2026-08-14T20:15:00Z,2026-08-14T22:15:00+0200,436.548,MW,DK1,DK_1,actual_onshore_wind_generation,Wind Onshore,2026-08-21T06:40:18Z
2026-08-21T06:33:41Z,2026-08-21T08:33:41+0200,6801fa27-1585-43c5-af49-29c528898ba2,2026-08-14T20:30:00Z,2026-08-14T22:30:00+0200,477.354,MW,DK1,DK_1,actual_onshore_wind_generation,Wind Onshore,2026-08-21T06:40:18Z
2026-08-21T06:33:41Z,2026-08-21T08:33:41+0200,6801fa27-1585-43c5-af49-29c528898ba2,2026-08-14T20:45:00Z,2026-08-14T22:45:00+0200,513.489,MW,DK1,DK_1,actual_onshore_wind_generation,Wind Onshore,2026-08-21T06:40:18Z
2026-08-21T06:33:41Z,2026-08-21T08:33:41+0200,6801fa27-1585-43c5-af49-29c528898ba2,2026-08-14T21:00:00Z,2026-08-14T23:00:00+0200,539.261,MW,DK1,DK_1,actual_onshore_wind_generation,Wind Onshore,2026-08-21T06:40:18Z
2026-08-21T06:33:41Z,2026-08-21T08:33:41+0200,6801fa27-1585-43c5-af49-29c528898ba2,2026-08-14T21:15:00Z,2026-08-14T23:15:00+0200,550.797,MW,DK1,DK_1,actual_onshore_wind_generation,Wind Onshore,2026-08-21T06:40:18Z
2026-08-21T06:33:41Z,2026-08-21T08:33:41+0200,6801fa27-1585-43c5-af49-29c528898ba2,2026-08-14T21:30:00Z,2026-08-14T23:30:00+0200,603.153,MW,DK1,DK_1,actual_onshore_wind_generation,Wind Onshore,2026-08-21T06:40:18Z
2026-08-21T06:33:41Z,2026-08-21T08:33:41+0200,6801fa27-1585-43c5-af49-29c528898ba2,2026-08-14T21:45:00Z,2026-08-14T23:45:00+0200,608.401,MW,DK1,DK_1,actual_onshore_wind_generation,Wind Onshore,2026-08-21T06:40:18Z
2026-08-21T06:33:41Z,2026-08-21T08:33:41+0200,6801fa27-1585-43c5-af49-29c528898ba2,2026-08-14T22:00:00Z,2026-08-15T00:00:00+0200,564.432,MW,DK1,DK_1,actual_onshore_wind_generation,Wind Onshore,2026-08-21T06:40:18Z
2026-08-21T06:33:41Z,2026-08-21T08:33:41+0200,6801fa27-1585-43c5-af49-29c528898ba2,2026-08-14T22:15:00Z,2026-08-15T00:15:00+0200,535.557,MW,DK1,DK_1,actual_onshore_wind_generation,Wind Onshore,2026-08-21T06:40:18Z
2026-08-21T06:33:41Z,2026-08-21T08:33:41+0200,6801fa27-1585-43c5-af49-29c528898ba2,2026-08-14T22:30:00Z,2026-08-15T00:30:00+0200,529.856,MW,DK1,DK_1,actual_onshore_wind_generation,Wind Onshore,2026-08-21T06:40:18Z
2026-08-21T06:33:41Z,2026-08-21T08:33:41+0200,6801fa27-1585-43c5-af49-29c528898ba2,2026-08-14T22:45:00Z,2026-08-15T00:45:00+0200,537.223,MW,DK1,DK_1,actual_onshore_wind_generation,Wind Onshore,2026-08-21T06:40:18Z
2026-08-21T06:33:41Z,2026-08-21T08:33:41+0200,6801fa27-1585-43c5-af49-29c528898ba2,2026-08-14T23:00:00Z,2026-08-15T01:00:00+0200,545.898,MW,DK1,DK_1,actual_onshore_wind_generation,Wind Onshore,2026-08-21T06:40:18Z
2026-08-21T06:33:41Z,2026-08-21T08:33:41+0200,6801fa27-1585-43c5-af49-29c528898ba2,2026-08-14T23:15:00Z,2026-08-15T01:15:00+0200,503.831,MW,DK1,DK_1,actual_onshore_wind_generation,Wind Onshore,2026-08-21T06:40:18Z
2026-08-21T06:33:41Z,2026-08-21T08:33:41+0200,6801fa27-1585-43c5-af49-29c528898ba2,2026-08-14T23:30:00Z,2026-08-15T01:30:00+0200,494.321,MW,DK1,DK_1,actual_onshore_wind_generation,Wind Onshore,2026-08-21T06:40:18Z
2026-08-21T06:33:41Z,2026-08-21T08:33:41+0200,6801fa27-1585-43c5-af49-29c528898ba2,2026-08-14T23:45:00Z,2026-08-15T01:45:00+0200,489.097,MW,DK1,DK_1,actual_onshore_wind_generation,Wind Onshore,2026-08-21T06:40:18Z
2026-08-21T06:33:41Z,2026-08-21T08:33:41+0200,6801fa27-1585-43c5-af49-29c528898ba2,2026-08-15T00:00:00Z,2026-08-15T02:00:00+0200,503.355,MW,DK1,DK_1,actual_onshore_wind_generation,Wind Onshore,2026-08-21T06:40:18Z
2026-08-21T06:33:41Z,2026-08-21T08:33:41+0200,6801fa27-1585-43c5-af49-29c528898ba2,2026-08-15T00:15:00Z,2026-08-15T02:15:00+0200,538.253,MW,DK1,DK_1,actual_onshore_wind_generation,Wind Onshore,2026-08-21T06:40:18Z
2026-08-21T06:33:41Z,2026-08-21T08:33:41+0200,6801fa27-1585-43c5-af49-29c528898ba2,2026-08-15T00:30:00Z,2026-08-15T02:30:00+0200,623.756,MW,DK1,DK_1,actual_onshore_wind_generation,Wind Onshore,2026-08-21T06:40:18Z
2026-08-21T06:33:41Z,2026-08-21T08:33:41+0200,6801fa27-1585-43c5-af49-29c528898ba2,2026-08-15T00:45:00Z,2026-08-15T02:45:00+0200,690.897,MW,DK1,DK_1,actual_onshore_wind_generation,Wind Onshore,2026-08-21T06:40:18Z
2026-08-21T06:33:41Z,2026-08-21T08:33:41+0200,6801fa27-1585-43c5-af49-29c528898ba2,2026-08-15T01:00:00Z,2026-08-15T03:00:00+0200,695.459,MW,DK1,DK_1,actual_onshore_wind_generation,Wind Onshore,2026-08-21T06:40:18Z
2026-08-21T06:33:41Z,2026-08-21T08:33:41+0200,6801fa27-1585-43c5-af49-29c528898ba2,2026-08-15T01:15:00Z,2026-08-15T03:15:00+0200,723.287,MW,DK1,DK_1,actual_onshore_wind_generation,Wind Onshore,2026-08-21T06:40:18Z
2026-08-21T06:33:41Z,2026-08-21T08:33:41+0200,6801fa27-1585-43c5-af49-29c528898ba2,2026-08-15T01:30:00Z,2026-08-15T03:30:00+0200,781.15,MW,DK1,DK_1,actual_onshore_wind_generation,Wind Onshore,2026-08-21T06:40:18Z
2026-08-21T06:33:41Z,2026-08-21T08:33:41+0200,6801fa27-1585-43c5-af49-29c528898ba2,2026-08-15T01:45:00Z,2026-08-15T03:45:00+0200,833.725,MW,DK1,DK_1,actual_onshore_wind_generation,Wind Onshore,2026-08-21T06:40:18Z
2026-08-21T06:33:41Z,2026-08-21T08:33:41+0200,6801fa27-1585-43c5-af49-29c528898ba2,2026-08-15T02:00:00Z,2026-08-15T04:00:00+0200,921.41,MW,DK1,DK_1,actual_onshore_wind_generation,Wind Onshore,2026-08-21T06:40:18Z
2026-08-21T06:33:41Z,2026-08-21T08:33:41+0200,6801fa27-1585-43c5-af49-29c528898ba2,2026-08-15T02:15:00Z,2026-08-15T04:15:00+0200,941.722,MW,DK1,DK_1,actual_onshore_wind_generation,Wind Onshore,2026-08-21T06:40:18Z
2026-08-21T06:33:41Z,2026-08-21T08:33:41+0200,6801fa27-1585-43c5-af49-29c528898ba2,2026-08-15T02:30:00Z,2026-08-15T04:30:00+0200,963.324,MW,DK1,DK_1,actual_onshore_wind_generation,Wind Onshore,2026-08-21T06:40:18Z
2026-08-21T06:33:41Z,2026-08-21T08:33:41+0200,6801fa27-1585-43c5-af49-29c528898ba2,2026-08-15T02:45:00Z,2026-08-15T04:45:00+0200,935.125,MW,DK1,DK_1,actual_onshore_wind_generation,Wind Onshore,2026-08-21T06:40:18Z
2026-08-21T06:33:41Z,2026-08-21T08:33:41+0200,6801fa27-1585-43c5-af49-29c528898ba2,2026-08-15T03:00:00Z,2026-08-15T05:00:00+0200,926.319,MW,DK1,DK_1,actual_onshore_wind_generation,Wind Onshore,2026-08-21T06:40:18Z
2026-08-21T06:33:41Z,2026-08-21T08:33:41+0200,6801fa27-1585-43c5-af49-29c528898ba2,2026-08-15T03:15:00Z,2026-08-15T05:15:00+0200,976.429,MW,DK1,DK_1,actual_onshore_wind_generation,Wind Onshore,2026-08-21T06:40:18Z
2026-08-21T06:33:41Z,2026-08-21T08:33:41+0200,6801fa27-1585-43c5-af49-29c528898ba2,2026-08-15T03:30:00Z,2026-08-15T05:30:00+0200,1004.8,MW,DK1,DK_1,actual_onshore_wind_generation,Wind Onshore,2026-08-21T06:40:18Z
2026-08-21T06:33:41Z,2026-08-21T08:33:41+0200,6801fa27-1585-43c5-af49-29c528898ba2,2026-08-15T03:45:00Z,2026-08-15T05:45:00+0200,1052.93,MW,DK1,DK_1,actual_onshore_wind_generation,Wind Onshore,2026-08-21T06:40:18Z
2026-08-21T06:33:41Z,2026-08-21T08:33:41+0200,6801fa27-1585-43c5-af49-29c528898ba2,2026-08-15T04:00:00Z,2026-08-15T06:00:00+0200,1062.42,MW,DK1,DK_1,actual_onshore_wind_generation,Wind Onshore,2026-08-21T06:40:18Z
2026-08-21T06:33:41Z,2026-08-21T08:33:41+0200,6801fa27-1585-43c5-af49-29c528898ba2,2026-08-15T04:15:00Z,2026-08-15T06:15:00+0200,1095.19,MW,DK1,DK_1,actual_onshore_wind_generation,Wind Onshore,2026-08-21T06:40:18Z
2026-08-21T06:33:41Z,2026-08-21T08:33:41+0200,6801fa27-1585-43c5-af49-29c528898ba2,2026-08-15T04:30:00Z,2026-08-15T06:30:00+0200,1143.57,MW,DK1,DK_1,actual_onshore_wind_generation,Wind Onshore,2026-08-21T06:40:18Z
2026-08-21T06:33:41Z,2026-08-21T08:33:41+0200,6801fa27-1585-43c5-af49-29c528898ba2,2026-08-15T04:45:00Z,2026-08-15T06:45:00+0200,1171.12,MW,DK1,DK_1,actual_onshore_wind_generation,Wind Onshore,2026-08-21T06:40:18Z
2026-08-21T06:33:41Z,2026-08-21T08:33:41+0200,6801fa27-1585-43c5-af49-29c528898ba2,2026-08-15T05:00:00Z,2026-08-15T07:00:00+0200,1181.58,MW,DK1,DK_1,actual_onshore_wind_generation,Wind Onshore,2026-08-21T06:40:18Z
2026-08-21T06:33:41Z,2026-08-21T08:33:41+0200,6801fa27-1585-43c5-af49-29c528898ba2,2026-08-15T05:15:00Z,2026-08-15T07:15:00+0200,1245.8,MW,DK1,DK_1,actual_onshore_wind_generation,Wind Onshore,2026-08-21T06:40:18Z
2026-08-21T06:33:41Z,2026-08-21T08:33:41+0200,6801fa27-1585-43c5-af49-29c528898ba2,2026-08-15T05:30:00Z,2026-08-15T07:30:00+0200,1308.04,MW,DK1,DK_1,actual_onshore_wind_generation,Wind Onshore,2026-08-21T06:40:18Z
2026-08-21T06:33:41Z,2026-08-21T08:33:41+0200,6801fa27-1585-43c5-af49-29c528898ba2,2026-08-15T05:45:00Z,2026-08-15T07:45:00+0200,1259.89,MW,DK1,DK_1,actual_onshore_wind_generation,Wind Onshore,2026-08-21T06:40:18Z
2026-08-21T06:33:41Z,2026-08-21T08:33:41+0200,6801fa27-1585-43c5-af49-29c528898ba2,2026-08-15T06:00:00Z,2026-08-15T08:00:00+0200,1294.93,MW,DK1,DK_1,actual_onshore_wind_generation,Wind Onshore,2026-08-21T06:40:18Z
2026-08-21T06:33:41Z,2026-08-21T08:33:41+0200,6801fa27-1585-43c5-af49-29c528898ba2,2026-08-15T06:15:00Z,2026-08-15T08:15:00+0200,1206.54,MW,DK1,DK_1,actual_onshore_wind_generation,Wind Onshore,2026-08-21T06:40:18Z
2026-08-21T06:33:41Z,2026-08-21T08:33:41+0200,6801fa27-1585-43c5-af49-29c528898ba2,2026-08-15T06:30:00Z,2026-08-15T08:30:00+0200,1243.22,MW,DK1,DK_1,actual_onshore_wind_generation,Wind Onshore,2026-08-21T06:40:18Z
2026-08-21T06:33:41Z,2026-08-21T08:33:41+0200,6801fa27-1585-43c5-af49-29c528898ba2,2026-08-15T06:45:00Z,2026-08-15T08:45:00+0200,1223.04,MW,DK1,DK_1,actual_onshore_wind_generation,Wind Onshore,2026-08-21T06:40:18Z
2026-08-21T06:33:41Z,2026-08-21T08:33:41+0200,6801fa27-1585-43c5-af49-29c528898ba2,2026-08-15T07:00:00Z,2026-08-15T09:00:00+0200,1261.23,MW,DK1,DK_1,actual_onshore_wind_generation,Wind Onshore,2026-08-21T06:40:18Z
2026-08-21T06:33:41Z,2026-08-21T08:33:41+0200,6801fa27-1585-43c5-af49-29c528898ba2,2026-08-15T07:15:00Z,2026-08-15T09:15:00+0200,1254.12,MW,DK1,DK_1,actual_onshore_wind_generation,Wind Onshore,2026-08-21T06:40:18Z
2026-08-21T06:33:41Z,2026-08-21T08:33:41+0200,6801fa27-1585-43c5-af49-29c528898ba2,2026-08-15T07:30:00Z,2026-08-15T09:30:00+0200,1325.69,MW,DK1,DK_1,actual_onshore_wind_generation,Wind Onshore,2026-08-21T06:40:18Z
2026-08-21T06:33:41Z,2026-08-21T08:33:41+0200,6801fa27-1585-43c5-af49-29c528898ba2,2026-08-15T07:45:00Z,2026-08-15T09:45:00+0200,1422.11,MW,DK1,DK_1,actual_onshore_wind_generation,Wind Onshore,2026-08-21T06:40:18Z
2026-08-21T06:33:41Z,2026-08-21T08:33:41+0200,6801fa27-1585-43c5-af49-29c528898ba2,2026-08-15T08:00:00Z,2026-08-15T10:00:00+0200,1519.2,MW,DK1,DK_1,actual_onshore_wind_generation,Wind Onshore,2026-08-21T06:40:18Z
2026-08-21T06:33:41Z,2026-08-21T08:33:41+0200,6801fa27-1585-43c5-af49-29c528898ba2,2026-08-15T08:15:00Z,2026-08-15T10:15:00+0200,1655.96,MW,DK1,DK_1,actual_onshore_wind_generation,Wind Onshore,2026-08-21T06:40:18Z
2026-08-21T06:33:41Z,2026-08-21T08:33:41+0200,6801fa27-1585-43c5-af49-29c528898ba2,2026-08-15T08:30:00Z,2026-08-15T10:30:00+0200,1779.11,MW,DK1,DK_1,actual_onshore_wind_generation,Wind Onshore,2026-08-21T06:40:18Z
2026-08-21T06:33:41Z,2026-08-21T08:33:41+0200,6801fa27-1585-43c5-af49-29c528898ba2,2026-08-15T08:45:00Z,2026-08-15T10:45:00+0200,1844.76,MW,DK1,DK_1,actual_onshore_wind_generation,Wind Onshore,2026-08-21T06:40:18Z
2026-08-21T06:33:41Z,2026-08-21T08:33:41+0200,6801fa27-1585-43c5-af49-29c528898ba2,2026-08-15T09:00:00Z,2026-08-15T11:00:00+0200,1911.36,MW,DK1,DK_1,actual_onshore_wind_generation,Wind Onshore,2026-08-21T06:40:18Z
2026-08-21T06:33:41Z,2026-08-21T08:33:41+0200,6801fa27-1585-43c5-af49-29c528898ba2,2026-08-15T09:15:00Z,2026-08-15T11:15:00+0200,1997.95,MW,DK1,DK_1,actual_onshore_wind_generation,Wind Onshore,2026-08-21T06:40:18Z
2026-08-21T06:33:41Z,2026-08-21T08:33:41+0200,6801fa27-1585-43c5-af49-29c528898ba2,2026-08-15T09:30:00Z,2026-08-15T11:30:00+0200,2040.42,MW,DK1,DK_1,actual_onshore_wind_generation,Wind Onshore,2026-08-21T06:40:18Z
2026-08-21T06:33:41Z,2026-08-21T08:33:41+0200,6801fa27-1585-43c5-af49-29c528898ba2,2026-08-15T09:45:00Z,2026-08-15T11:45:00+0200,2109.83,MW,DK1,DK_1,actual_onshore_wind_generation,Wind Onshore,2026-08-21T06:40:18Z
2026-08-21T06:33:41Z,2026-08-21T08:33:41+0200,6801fa27-1585-43c5-af49-29c528898ba2,2026-08-15T10:00:00Z,2026-08-15T12:00:00+0200,2130.1,MW,DK1,DK_1,actual_onshore_wind_generation,Wind Onshore,2026-08-21T06:40:18Z
2026-08-21T06:33:41Z,2026-08-21T08:33:41+0200,6801fa27-1585-43c5-af49-29c528898ba2,2026-08-15T10:15:00Z,2026-08-15T12:15:00+0200,2151.11,MW,DK1,DK_1,actual_onshore_wind_generation,Wind Onshore,2026-08-21T06:40:18Z
2026-08-21T06:33:41Z,2026-08-21T08:33:41+0200,6801fa27-1585-43c5-af49-29c528898ba2,2026-08-15T10:30:00Z,2026-08-15T12:30:00+0200,2218.24,MW,DK1,DK_1,actual_onshore_wind_generation,Wind Onshore,2026-08-21T06:40:18Z
2026-08-21T06:33:41Z,2026-08-21T08:33:41+0200,6801fa27-1585-43c5-af49-29c528898ba2,2026-08-15T10:45:00Z,2026-08-15T12:45:00+0200,2159.14,MW,DK1,DK_1,actual_onshore_wind_generation,Wind Onshore,2026-08-21T06:40:18Z
2026-08-21T06:33:41Z,2026-08-21T08:33:41+0200,6801fa27-1585-43c5-af49-29c528898ba2,2026-08-15T11:00:00Z,2026-08-15T13:00:00+0200,2172.21,MW,DK1,DK_1,actual_onshore_wind_generation,Wind Onshore,2026-08-21T06:40:18Z
2026-08-21T06:33:41Z,2026-08-21T08:33:41+0200,6801fa27-1585-43c5-af49-29c528898ba2,2026-08-15T11:15:00Z,2026-08-15T13:15:00+0200,2265.98,MW,DK1,DK_1,actual_onshore_wind_generation,Wind Onshore,2026-08-21T06:40:18Z
2026-08-21T06:33:41Z,2026-08-21T08:33:41+0200,6801fa27-1585-43c5-af49-29c528898ba2,2026-08-15T11:30:00Z,2026-08-15T13:30:00+0200,2271.78,MW,DK1,DK_1,actual_onshore_wind_generation,Wind Onshore,2026-08-21T06:40:18Z
2026-08-21T06:33:41Z,2026-08-21T08:33:41+0200,6801fa27-1585-43c5-af49-29c528898ba2,2026-08-15T11:45:00Z,2026-08-15T13:45:00+0200,2228.45,MW,DK1,DK_1,actual_onshore_wind_generation,Wind Onshore,2026-08-21T06:40:18Z
2026-08-21T06:33:41Z,2026-08-21T08:33:41+0200,6801fa27-1585-43c5-af49-29c528898ba2,2026-08-15T12:00:00Z,2026-08-15T14:00:00+0200,2215.92,MW,DK1,DK_1,actual_onshore_wind_generation,Wind Onshore,2026-08-21T06:40:18Z
2026-08-21T06:33:41Z,2026-08-21T08:33:41+0200,6801fa27-1585-43c5-af49-29c528898ba2,2026-08-15T12:15:00Z,2026-08-15T14:15:00+0200,2280.98,MW,DK1,DK_1,actual_onshore_wind_generation,Wind Onshore,2026-08-21T06:40:18Z
2026-08-21T06:33:41Z,2026-08-21T08:33:41+0200,6801fa27-1585-43c5-af49-29c528898ba2,2026-08-15T12:30:00Z,2026-08-15T14:30:00+0200,2273.14,MW,DK1,DK_1,actual_onshore_wind_generation,Wind Onshore,2026-08-21T06:40:18Z
2026-08-21T06:33:41Z,2026-08-21T08:33:41+0200,6801fa27-1585-43c5-af49-29c528898ba2,2026-08-15T12:45:00Z,2026-08-15T14:45:00+0200,2431.91,MW,DK1,DK_1,actual_onshore_wind_generation,Wind Onshore,2026-08-21T06:40:18Z
2026-08-21T06:33:41Z,2026-08-21T08:33:41+0200,6801fa27-1585-43c5-af49-29c528898ba2,2026-08-15T13:00:00Z,2026-08-15T15:00:00+0200,2462.27,MW,DK1,DK_1,actual_onshore_wind_generation,Wind Onshore,2026-08-21T06:40:18Z
2026-08-21T06:33:41Z,2026-08-21T08:33:41+0200,6801fa27-1585-43c5-af49-29c528898ba2,2026-08-15T13:15:00Z,2026-08-15T15:15:00+0200,2487.46,MW,DK1,DK_1,actual_onshore_wind_generation,Wind Onshore,2026-08-21T06:40:18Z
2026-08-21T06:33:41Z,2026-08-21T08:33:41+0200,6801fa27-1585-43c5-af49-29c528898ba2,2026-08-15T13:30:00Z,2026-08-15T15:30:00+0200,2495.95,MW,DK1,DK_1,actual_onshore_wind_generation,Wind Onshore,2026-08-21T06:40:18Z
2026-08-21T06:33:41Z,2026-08-21T08:33:41+0200,6801fa27-1585-43c5-af49-29c528898ba2,2026-08-15T13:45:00Z,2026-08-15T15:45:00+0200,2499.86,MW,DK1,DK_1,actual_onshore_wind_generation,Wind Onshore,2026-08-21T06:40:18Z
2026-08-21T06:33:41Z,2026-08-21T08:33:41+0200,6801fa27-1585-43c5-af49-29c528898ba2,2026-08-15T14:00:00Z,2026-08-15T16:00:00+0200,2499.17,MW,DK1,DK_1,actual_onshore_wind_generation,Wind Onshore,2026-08-21T06:40:18Z
2026-08-21T06:33:41Z,2026-08-21T08:33:41+0200,6801fa27-1585-43c5-af49-29c528898ba2,2026-08-15T14:15:00Z,2026-08-15T16:15:00+0200,2479.25,MW,DK1,DK_1,actual_onshore_wind_generation,Wind Onshore,2026-08-21T06:40:18Z
2026-08-21T06:33:41Z,2026-08-21T08:33:41+0200,6801fa27-1585-43c5-af49-29c528898ba2,2026-08-15T14:30:00Z,2026-08-15T16:30:00+0200,2507.94,MW,DK1,DK_1,actual_onshore_wind_generation,Wind Onshore,2026-08-21T06:40:18Z
2026-08-21T06:33:41Z,2026-08-21T08:33:41+0200,6801fa27-1585-43c5-af49-29c528898ba2,2026-08-15T14:45:00Z,2026-08-15T16:45:00+0200,2535.26,MW,DK1,DK_1,actual_onshore_wind_generation,Wind Onshore,2026-08-21T06:40:18Z
2026-08-21T06:33:41Z,2026-08-21T08:33:41+0200,6801fa27-1585-43c5-af49-29c528898ba2,2026-08-15T15:00:00Z,2026-08-15T17:00:00+0200,2512.53,MW,DK1,DK_1,actual_onshore_wind_generation,Wind Onshore,2026-08-21T06:40:18Z
2026-08-21T06:33:41Z,2026-08-21T08:33:41+0200,6801fa27-1585-43c5-af49-29c528898ba2,2026-08-15T15:15:00Z,2026-08-15T17:15:00+0200,2478.3,MW,DK1,DK_1,actual_onshore_wind_generation,Wind Onshore,2026-08-21T06:40:18Z
2026-08-21T06:33:41Z,2026-08-21T08:33:41+0200,6801fa27-1585-43c5-af49-29c528898ba2,2026-08-15T15:30:00Z,2026-08-15T17:30:00+0200,2405.47,MW,DK1,DK_1,actual_onshore_wind_generation,Wind Onshore,2026-08-21T06:40:18Z
2026-08-21T06:33:41Z,2026-08-21T08:33:41+0200,6801fa27-1585-43c5-af49-29c528898ba2,2026-08-15T15:45:00Z,2026-08-15T17:45:00+0200,2373.38,MW,DK1,DK_1,actual_onshore_wind_generation,Wind Onshore,2026-08-21T06:40:18Z
2026-08-21T06:33:41Z,2026-08-21T08:33:41+0200,6801fa27-1585-43c5-af49-29c528898ba2,2026-08-15T16:00:00Z,2026-08-15T18:00:00+0200,2362.93,MW,DK1,DK_1,actual_onshore_wind_generation,Wind Onshore,2026-08-21T06:40:18Z
2026-08-21T06:33:41Z,2026-08-21T08:33:41+0200,6801fa27-1585-43c5-af49-29c528898ba2,2026-08-15T16:15:00Z,2026-08-15T18:15:00+0200,2335.39,MW,DK1,DK_1,actual_onshore_wind_generation,Wind Onshore,2026-08-21T06:40:18Z
2026-08-21T06:33:41Z,2026-08-21T08:33:41+0200,6801fa27-1585-43c5-af49-29c528898ba2,2026-08-15T16:30:00Z,2026-08-15T18:30:00+0200,2298.44,MW,DK1,DK_1,actual_onshore_wind_generation,Wind Onshore,2026-08-21T06:40:18Z
2026-08-21T06:33:41Z,2026-08-21T08:33:41+0200,6801fa27-1585-43c5-af49-29c528898ba2,2026-08-15T16:45:00Z,2026-08-15T18:45:00+0200,2233.27,MW,DK1,DK_1,actual_onshore_wind_generation,Wind Onshore,2026-08-21T06:40:18Z
2026-08-21T06:33:41Z,2026-08-21T08:33:41+0200,6801fa27-1585-43c5-af49-29c528898ba2,2026-08-15T17:00:00Z,2026-08-15T19:00:00+0200,2183.59,MW,DK1,DK_1,actual_onshore_wind_generation,Wind Onshore,2026-08-21T06:40:18Z
2026-08-21T06:33:41Z,2026-08-21T08:33:41+0200,6801fa27-1585-43c5-af49-29c528898ba2,2026-08-15T17:15:00Z,2026-08-15T19:15:00+0200,2130.59,MW,DK1,DK_1,actual_onshore_wind_generation,Wind Onshore,2026-08-21T06:40:18Z
2026-08-21T06:33:41Z,2026-08-21T08:33:41+0200,6801fa27-1585-43c5-af49-29c528898ba2,2026-08-15T17:30:00Z,2026-08-15T19:30:00+0200,2121.56,MW,DK1,DK_1,actual_onshore_wind_generation,Wind Onshore,2026-08-21T06:40:18Z
2026-08-21T06:33:41Z,2026-08-21T08:33:41+0200,6801fa27-1585-43c5-af49-29c528898ba2,2026-08-15T17:45:00Z,2026-08-15T19:45:00+0200,2055.79,MW,DK1,DK_1,actual_onshore_wind_generation,Wind Onshore,2026-08-21T06:40:18Z
2026-08-21T06:33:41Z,2026-08-21T08:33:41+0200,6801fa27-1585-43c5-af49-29c528898ba2,2026-08-15T18:00:00Z,2026-08-15T20:00:00+0200,2020.23,MW,DK1,DK_1,actual_onshore_wind_generation,Wind Onshore,2026-08-21T06:40:18Z
2026-08-21T06:33:41Z,2026-08-21T08:33:41+0200,6801fa27-1585-43c5-af49-29c528898ba2,2026-08-15T18:15:00Z,2026-08-15T20:15:00+0200,1949.4,MW,DK1,DK_1,actual_onshore_wind_generation,Wind Onshore,2026-08-21T06:40:18Z
2026-08-21T06:33:41Z,2026-08-21T08:33:41+0200,6801fa27-1585-43c5-af49-29c528898ba2,2026-08-15T18:30:00Z,2026-08-15T20:30:00+0200,1912.5,MW,DK1,DK_1,actual_onshore_wind_generation,Wind Onshore,2026-08-21T06:40:18Z
2026-08-21T06:33:41Z,2026-08-21T08:33:41+0200,6801fa27-1585-43c5-af49-29c528898ba2,2026-08-15T18:45:00Z,2026-08-15T20:45:00+0200,1901.5,MW,DK1,DK_1,actual_onshore_wind_generation,Wind Onshore,2026-08-21T06:40:18Z
2026-08-21T06:33:41Z,2026-08-21T08:33:41+0200,6801fa27-1585-43c5-af49-29c528898ba2,2026-08-15T19:00:00Z,2026-08-15T21:00:00+0200,1827.38,MW,DK1,DK_1,actual_onshore_wind_generation,Wind Onshore,2026-08-21T06:40:18Z
2026-08-21T06:33:41Z,2026-08-21T08:33:41+0200,6801fa27-1585-43c5-af49-29c528898ba2,2026-08-15T19:15:00Z,2026-08-15T21:15:00+0200,1798.74,MW,DK1,DK_1,actual_onshore_wind_generation,Wind Onshore,2026-08-21T06:40:18Z
2026-08-21T06:33:41Z,2026-08-21T08:33:41+0200,6801fa27-1585-43c5-af49-29c528898ba2,2026-08-15T19:30:00Z,2026-08-15T21:30:00+0200,1804.88,MW,DK1,DK_1,actual_onshore_wind_generation,Wind Onshore,2026-08-21T06:40:18Z
2026-08-21T06:33:41Z,2026-08-21T08:33:41+0200,6801fa27-1585-43c5-af49-29c528898ba2,2026-08-15T19:45:00Z,2026-08-15T21:45:00+0200,1795.7,MW,DK1,DK_1,actual_onshore_wind_generation,Wind Onshore,2026-08-21T06:40:18Z
2026-08-21T06:33:41Z,2026-08-21T08:33:41+0200,6801fa27-1585-43c5-af49-29c528898ba2,2026-08-15T20:00:00Z,2026-08-15T22:00:00+0200,1854.54,MW,DK1,DK_1,actual_onshore_wind_generation,Wind Onshore,2026-08-21T06:40:18Z
2026-08-21T06:33:41Z,2026-08-21T08:33:41+0200,6801fa27-1585-43c5-af49-29c528898ba2,2026-08-15T20:15:00Z,2026-08-15T22:15:00+0200,1863.03,MW,DK1,DK_1,actual_onshore_wind_generation,Wind Onshore,2026-08-21T06:40:18Z
2026-08-21T06:33:41Z,2026-08-21T08:33:41+0200,6801fa27-1585-43c5-af49-29c528898ba2,2026-08-15T20:30:00Z,2026-08-15T22:30:00+0200,1851.23,MW,DK1,DK_1,actual_onshore_wind_generation,Wind Onshore,2026-08-21T06:40:18Z
2026-08-21T06:33:41Z,2026-08-21T08:33:41+0200,6801fa27-1585-43c5-af49-29c528898ba2,2026-08-15T20:45:00Z,2026-08-15T22:45:00+0200,1837.28,MW,DK1,DK_1,actual_onshore_wind_generation,Wind Onshore,2026-08-21T06:40:18Z
2026-08-21T06:33:41Z,2026-08-21T08:33:41+0200,6801fa27-1585-43c5-af49-29c528898ba2,2026-08-15T21:00:00Z,2026-08-15T23:00:00+0200,1843.15,MW,DK1,DK_1,actual_onshore_wind_generation,Wind Onshore,2026-08-21T06:40:18Z
2026-08-21T06:33:41Z,2026-08-21T08:33:41+0200,6801fa27-1585-43c5-af49-29c528898ba2,2026-08-15T21:15:00Z,2026-08-15T23:15:00+0200,1852.02,MW,DK1,DK_1,actual_onshore_wind_generation,Wind Onshore,2026-08-21T06:40:18Z
2026-08-21T06:33:41Z,2026-08-21T08:33:41+0200,6801fa27-1585-43c5-af49-29c528898ba2,2026-08-15T21:30:00Z,2026-08-15T23:30:00+0200,1827.02,MW,DK1,DK_1,actual_onshore_wind_generation,Wind Onshore,2026-08-21T06:40:18Z
2026-08-21T06:33:41Z,2026-08-21T08:33:41+0200,6801fa27-1585-43c5-af49-29c528898ba2,2026-08-15T21:45:00Z,2026-08-15T23:45:00+0200,1830.83,MW,DK1,DK_1,actual_onshore_wind_generation,Wind Onshore,2026-08-21T06:40:18Z
2026-08-21T06:33:41Z,2026-08-21T08:33:41+0200,6801fa27-1585-43c5-af49-29c528898ba2,2026-08-15T22:00:00Z,2026-08-16T00:00:00+0200,1815.12,MW,DK1,DK_1,actual_onshore_wind_generation,Wind Onshore,2026-08-21T06:40:18Z
2026-08-21T06:33:41Z,2026-08-21T08:33:41+0200,6801fa27-1585-43c5-af49-29c528898ba2,2026-08-15T22:15:00Z,2026-08-16T00:15:00+0200,1821.71,MW,DK1,DK_1,actual_onshore_wind_generation,Wind Onshore,2026-08-21T06:40:18Z
2026-08-21T06:33:41Z,2026-08-21T08:33:41+0200,6801fa27-1585-43c5-af49-29c528898ba2,2026-08-15T22:30:00Z,2026-08-16T00:30:00+0200,1785.53,MW,DK1,DK_1,actual_onshore_wind_generation,Wind Onshore,2026-08-21T06:40:18Z
2026-08-21T06:33:41Z,2026-08-21T08:33:41+0200,6801fa27-1585-43c5-af49-29c528898ba2,2026-08-15T22:45:00Z,2026-08-16T00:45:00+0200,1763.42,MW,DK1,DK_1,actual_onshore_wind_generation,Wind Onshore,2026-08-21T06:40:18Z
2026-08-21T06:33:41Z,2026-08-21T08:33:41+0200,6801fa27-1585-43c5-af49-29c528898ba2,2026-08-15T23:00:00Z,2026-08-16T01:00:00+0200,1734.8,MW,DK1,DK_1,actual_onshore_wind_generation,Wind Onshore,2026-08-21T06:40:18Z
2026-08-21T06:33:41Z,2026-08-21T08:33:41+0200,6801fa27-1585-43c5-af49-29c528898ba2,2026-08-15T23:15:00Z,2026-08-16T01:15:00+0200,1700.0,MW,DK1,DK_1,actual_onshore_wind_generation,Wind Onshore,2026-08-21T06:40:18Z
2026-08-21T06:33:41Z,2026-08-21T08:33:41+0200,6801fa27-1585-43c5-af49-29c528898ba2,2026-08-15T23:30:00Z,2026-08-16T01:30:00+0200,1664.84,MW,DK1,DK_1,actual_onshore_wind_generation,Wind Onshore,2026-08-21T06:40:18Z
2026-08-21T06:33:41Z,2026-08-21T08:33:41+0200,6801fa27-1585-43c5-af49-29c528898ba2,2026-08-15T23:45:00Z,2026-08-16T01:45:00+0200,1643.15,MW,DK1,DK_1,actual_onshore_wind_generation,Wind Onshore,2026-08-21T06:40:18Z
2026-08-21T06:33:41Z,2026-08-21T08:33:41+0200,6801fa27-1585-43c5-af49-29c528898ba2,2026-08-16T00:00:00Z,2026-08-16T02:00:00+0200,1602.67,MW,DK1,DK_1,actual_onshore_wind_generation,Wind Onshore,2026-08-21T06:40:18Z
2026-08-21T06:33:41Z,2026-08-21T08:33:41+0200,6801fa27-1585-43c5-af49-29c528898ba2,2026-08-16T00:15:00Z,2026-08-16T02:15:00+0200,1597.19,MW,DK1,DK_1,actual_onshore_wind_generation,Wind Onshore,2026-08-21T06:40:18Z
2026-08-21T06:33:41Z,2026-08-21T08:33:41+0200,6801fa27-1585-43c5-af49-29c528898ba2,2026-08-16T00:30:00Z,2026-08-16T02:30:00+0200,1575.23,MW,DK1,DK_1,actual_onshore_wind_generation,Wind Onshore,2026-08-21T06:40:18Z
2026-08-21T06:33:41Z,2026-08-21T08:33:41+0200,6801fa27-1585-43c5-af49-29c528898ba2,2026-08-16T00:45:00Z,2026-08-16T02:45:00+0200,1544.19,MW,DK1,DK_1,actual_onshore_wind_generation,Wind Onshore,2026-08-21T06:40:18Z
2026-08-21T06:33:41Z,2026-08-21T08:33:41+0200,6801fa27-1585-43c5-af49-29c528898ba2,2026-08-16T01:00:00Z,2026-08-16T03:00:00+0200,1544.59,MW,DK1,DK_1,actual_onshore_wind_generation,Wind Onshore,2026-08-21T06:40:18Z
2026-08-21T06:33:41Z,2026-08-21T08:33:41+0200,6801fa27-1585-43c5-af49-29c528898ba2,2026-08-16T01:15:00Z,2026-08-16T03:15:00+0200,1527.14,MW,DK1,DK_1,actual_onshore_wind_generation,Wind Onshore,2026-08-21T06:40:18Z
2026-08-21T06:33:41Z,2026-08-21T08:33:41+0200,6801fa27-1585-43c5-af49-29c528898ba2,2026-08-16T01:30:00Z,2026-08-16T03:30:00+0200,1535.59,MW,DK1,DK_1,actual_onshore_wind_generation,Wind Onshore,2026-08-21T06:40:18Z
2026-08-21T06:33:41Z,2026-08-21T08:33:41+0200,6801fa27-1585-43c5-af49-29c528898ba2,2026-08-16T01:45:00Z,2026-08-16T03:45:00+0200,1520.68,MW,DK1,DK_1,actual_onshore_wind_generation,Wind Onshore,2026-08-21T06:40:18Z
2026-08-21T06:33:41Z,2026-08-21T08:33:41+0200,6801fa27-1585-43c5-af49-29c528898ba2,2026-08-16T02:00:00Z,2026-08-16T04:00:00+0200,1520.26,MW,DK1,DK_1,actual_onshore_wind_generation,Wind Onshore,2026-08-21T06:40:18Z
2026-08-21T06:33:41Z,2026-08-21T08:33:41+0200,6801fa27-1585-43c5-af49-29c528898ba2,2026-08-16T02:15:00Z,2026-08-16T04:15:00+0200,1528.79,MW,DK1,DK_1,actual_onshore_wind_generation,Wind Onshore,2026-08-21T06:40:18Z
2026-08-21T06:33:41Z,2026-08-21T08:33:41+0200,6801fa27-1585-43c5-af49-29c528898ba2,2026-08-16T02:30:00Z,2026-08-16T04:30:00+0200,1529.52,MW,DK1,DK_1,actual_onshore_wind_generation,Wind Onshore,2026-08-21T06:40:18Z
2026-08-21T06:33:41Z,2026-08-21T08:33:41+0200,6801fa27-1585-43c5-af49-29c528898ba2,2026-08-16T02:45:00Z,2026-08-16T04:45:00+0200,1499.13,MW,DK1,DK_1,actual_onshore_wind_generation,Wind Onshore,2026-08-21T06:40:18Z
2026-08-21T06:33:41Z,2026-08-21T08:33:41+0200,6801fa27-1585-43c5-af49-29c528898ba2,2026-08-16T03:00:00Z,2026-08-16T05:00:00+0200,1456.94,MW,DK1,DK_1,actual_onshore_wind_generation,Wind Onshore,2026-08-21T06:40:18Z
2026-08-21T06:33:41Z,2026-08-21T08:33:41+0200,6801fa27-1585-43c5-af49-29c528898ba2,2026-08-16T03:15:00Z,2026-08-16T05:15:00+0200,1400.62,MW,DK1,DK_1,actual_onshore_wind_generation,Wind Onshore,2026-08-21T06:40:18Z
2026-08-21T06:33:41Z,2026-08-21T08:33:41+0200,6801fa27-1585-43c5-af49-29c528898ba2,2026-08-16T03:30:00Z,2026-08-16T05:30:00+0200,1382.87,MW,DK1,DK_1,actual_onshore_wind_generation,Wind Onshore,2026-08-21T06:40:18Z
2026-08-21T06:33:41Z,2026-08-21T08:33:41+0200,6801fa27-1585-43c5-af49-29c528898ba2,2026-08-16T03:45:00Z,2026-08-16T05:45:00+0200,1345.4,MW,DK1,DK_1,actual_onshore_wind_generation,Wind Onshore,2026-08-21T06:40:18Z
2026-08-21T06:33:41Z,2026-08-21T08:33:41+0200,6801fa27-1585-43c5-af49-29c528898ba2,2026-08-16T04:00:00Z,2026-08-16T06:00:00+0200,1298.84,MW,DK1,DK_1,actual_onshore_wind_generation,Wind Onshore,2026-08-21T06:40:18Z
2026-08-21T06:33:41Z,2026-08-21T08:33:41+0200,6801fa27-1585-43c5-af49-29c528898ba2,2026-08-16T04:15:00Z,2026-08-16T06:15:00+0200,1275.78,MW,DK1,DK_1,actual_onshore_wind_generation,Wind Onshore,2026-08-21T06:40:18Z
2026-08-21T06:33:41Z,2026-08-21T08:33:41+0200,6801fa27-1585-43c5-af49-29c528898ba2,2026-08-16T04:30:00Z,2026-08-16T06:30:00+0200,1276.44,MW,DK1,DK_1,actual_onshore_wind_generation,Wind Onshore,2026-08-21T06:40:18Z
2026-08-21T06:33:41Z,2026-08-21T08:33:41+0200,6801fa27-1585-43c5-af49-29c528898ba2,2026-08-16T04:45:00Z,2026-08-16T06:45:00+0200,1272.16,MW,DK1,DK_1,actual_onshore_wind_generation,Wind Onshore,2026-08-21T06:40:18Z
2026-08-21T06:33:41Z,2026-08-21T08:33:41+0200,6801fa27-1585-43c5-af49-29c528898ba2,2026-08-16T05:00:00Z,2026-08-16T07:00:00+0200,1283.33,MW,DK1,DK_1,actual_onshore_wind_generation,Wind Onshore,2026-08-21T06:40:18Z
2026-08-21T06:33:41Z,2026-08-21T08:33:41+0200,6801fa27-1585-43c5-af49-29c528898ba2,2026-08-16T05:15:00Z,2026-08-16T07:15:00+0200,1265.43,MW,DK1,DK_1,actual_onshore_wind_generation,Wind Onshore,2026-08-21T06:40:18Z
2026-08-21T06:33:41Z,2026-08-21T08:33:41+0200,6801fa27-1585-43c5-af49-29c528898ba2,2026-08-16T05:30:00Z,2026-08-16T07:30:00+0200,1322.68,MW,DK1,DK_1,actual_onshore_wind_generation,Wind Onshore,2026-08-21T06:40:18Z
2026-08-21T06:33:41Z,2026-08-21T08:33:41+0200,6801fa27-1585-43c5-af49-29c528898ba2,2026-08-16T05:45:00Z,2026-08-16T07:45:00+0200,1382.6,MW,DK1,DK_1,actual_onshore_wind_generation,Wind Onshore,2026-08-21T06:40:18Z
2026-08-21T06:33:41Z,2026-08-21T08:33:41+0200,6801fa27-1585-43c5-af49-29c528898ba2,2026-08-16T06:00:00Z,2026-08-16T08:00:00+0200,1377.93,MW,DK1,DK_1,actual_onshore_wind_generation,Wind Onshore,2026-08-21T06:40:18Z
2026-08-21T06:33:41Z,2026-08-21T08:33:41+0200,6801fa27-1585-43c5-af49-29c528898ba2,2026-08-16T06:15:00Z,2026-08-16T08:15:00+0200,1470.58,MW,DK1,DK_1,actual_onshore_wind_generation,Wind Onshore,2026-08-21T06:40:18Z
2026-08-21T06:33:41Z,2026-08-21T08:33:41+0200,6801fa27-1585-43c5-af49-29c528898ba2,2026-08-16T06:30:00Z,2026-08-16T08:30:00+0200,1522.3,MW,DK1,DK_1,actual_onshore_wind_generation,Wind Onshore,2026-08-21T06:40:18Z
2026-08-21T06:33:41Z,2026-08-21T08:33:41+0200,6801fa27-1585-43c5-af49-29c528898ba2,2026-08-16T06:45:00Z,2026-08-16T08:45:00+0200,1588.76,MW,DK1,DK_1,actual_onshore_wind_generation,Wind Onshore,2026-08-21T06:40:18Z
2026-08-21T06:33:41Z,2026-08-21T08:33:41+0200,6801fa27-1585-43c5-af49-29c528898ba2,2026-08-16T07:00:00Z,2026-08-16T09:00:00+0200,1688.99,MW,DK1,DK_1,actual_onshore_wind_generation,Wind Onshore,2026-08-21T06:40:18Z
2026-08-21T06:33:41Z,2026-08-21T08:33:41+0200,6801fa27-1585-43c5-af49-29c528898ba2,2026-08-16T07:15:00Z,2026-08-16T09:15:00+0200,1749.91,MW,DK1,DK_1,actual_onshore_wind_generation,Wind Onshore,2026-08-21T06:40:18Z
2026-08-21T06:33:41Z,2026-08-21T08:33:41+0200,6801fa27-1585-43c5-af49-29c528898ba2,2026-08-16T07:30:00Z,2026-08-16T09:30:00+0200,1830.65,MW,DK1,DK_1,actual_onshore_wind_generation,Wind Onshore,2026-08-21T06:40:18Z
2026-08-21T06:33:41Z,2026-08-21T08:33:41+0200,6801fa27-1585-43c5-af49-29c528898ba2,2026-08-16T07:45:00Z,2026-08-16T09:45:00+0200,1864.5,MW,DK1,DK_1,actual_onshore_wind_generation,Wind Onshore,2026-08-21T06:40:18Z
2026-08-21T06:33:41Z,2026-08-21T08:33:41+0200,6801fa27-1585-43c5-af49-29c528898ba2,2026-08-16T08:00:00Z,2026-08-16T10:00:00+0200,1823.41,MW,DK1,DK_1,actual_onshore_wind_generation,Wind Onshore,2026-08-21T06:40:18Z
2026-08-21T06:33:41Z,2026-08-21T08:33:41+0200,6801fa27-1585-43c5-af49-29c528898ba2,2026-08-16T08:15:00Z,2026-08-16T10:15:00+0200,1899.55,MW,DK1,DK_1,actual_onshore_wind_generation,Wind Onshore,2026-08-21T06:40:18Z
2026-08-21T06:33:41Z,2026-08-21T08:33:41+0200,6801fa27-1585-43c5-af49-29c528898ba2,2026-08-16T08:30:00Z,2026-08-16T10:30:00+0200,1867.59,MW,DK1,DK_1,actual_onshore_wind_generation,Wind Onshore,2026-08-21T06:40:18Z
2026-08-21T06:33:41Z,2026-08-21T08:33:41+0200,6801fa27-1585-43c5-af49-29c528898ba2,2026-08-16T08:45:00Z,2026-08-16T10:45:00+0200,1851.2,MW,DK1,DK_1,actual_onshore_wind_generation,Wind Onshore,2026-08-21T06:40:18Z
2026-08-21T06:33:41Z,2026-08-21T08:33:41+0200,6801fa27-1585-43c5-af49-29c528898ba2,2026-08-16T09:00:00Z,2026-08-16T11:00:00+0200,1822.22,MW,DK1,DK_1,actual_onshore_wind_generation,Wind Onshore,2026-08-21T06:40:18Z
2026-08-21T06:33:41Z,2026-08-21T08:33:41+0200,6801fa27-1585-43c5-af49-29c528898ba2,2026-08-16T09:15:00Z,2026-08-16T11:15:00+0200,1916.65,MW,DK1,DK_1,actual_onshore_wind_generation,Wind Onshore,2026-08-21T06:40:18Z
2026-08-21T06:33:41Z,2026-08-21T08:33:41+0200,6801fa27-1585-43c5-af49-29c528898ba2,2026-08-16T09:30:00Z,2026-08-16T11:30:00+0200,1956.07,MW,DK1,DK_1,actual_onshore_wind_generation,Wind Onshore,2026-08-21T06:40:18Z
2026-08-21T06:33:41Z,2026-08-21T08:33:41+0200,6801fa27-1585-43c5-af49-29c528898ba2,2026-08-16T09:45:00Z,2026-08-16T11:45:00+0200,1937.98,MW,DK1,DK_1,actual_onshore_wind_generation,Wind Onshore,2026-08-21T06:40:18Z
2026-08-21T06:33:41Z,2026-08-21T08:33:41+0200,6801fa27-1585-43c5-af49-29c528898ba2,2026-08-16T10:00:00Z,2026-08-16T12:00:00+0200,1979.5,MW,DK1,DK_1,actual_onshore_wind_generation,Wind Onshore,2026-08-21T06:40:18Z
2026-08-21T06:33:41Z,2026-08-21T08:33:41+0200,6801fa27-1585-43c5-af49-29c528898ba2,2026-08-16T10:15:00Z,2026-08-16T12:15:00+0200,1960.06,MW,DK1,DK_1,actual_onshore_wind_generation,Wind Onshore,2026-08-21T06:40:18Z
2026-08-21T06:33:41Z,2026-08-21T08:33:41+0200,6801fa27-1585-43c5-af49-29c528898ba2,2026-08-16T10:30:00Z,2026-08-16T12:30:00+0200,1900.79,MW,DK1,DK_1,actual_onshore_wind_generation,Wind Onshore,2026-08-21T06:40:18Z
2026-08-21T06:33:41Z,2026-08-21T08:33:41+0200,6801fa27-1585-43c5-af49-29c528898ba2,2026-08-16T10:45:00Z,2026-08-16T12:45:00+0200,1923.56,MW,DK1,DK_1,actual_onshore_wind_generation,Wind Onshore,2026-08-21T06:40:18Z
2026-08-21T06:33:41Z,2026-08-21T08:33:41+0200,6801fa27-1585-43c5-af49-29c528898ba2,2026-08-16T11:00:00Z,2026-08-16T13:00:00+0200,1931.46,MW,DK1,DK_1,actual_onshore_wind_generation,Wind Onshore,2026-08-21T06:40:18Z
2026-08-21T06:33:41Z,2026-08-21T08:33:41+0200,6801fa27-1585-43c5-af49-29c528898ba2,2026-08-16T11:15:00Z,2026-08-16T13:15:00+0200,1876.78,MW,DK1,DK_1,actual_onshore_wind_generation,Wind Onshore,2026-08-21T06:40:18Z
2026-08-21T06:33:41Z,2026-08-21T08:33:41+0200,6801fa27-1585-43c5-af49-29c528898ba2,2026-08-16T11:30:00Z,2026-08-16T13:30:00+0200,1935.64,MW,DK1,DK_1,actual_onshore_wind_generation,Wind Onshore,2026-08-21T06:40:18Z
2026-08-21T06:33:41Z,2026-08-21T08:33:41+0200,6801fa27-1585-43c5-af49-29c528898ba2,2026-08-16T11:45:00Z,2026-08-16T13:45:00+0200,2012.09,MW,DK1,DK_1,actual_onshore_wind_generation,Wind Onshore,2026-08-21T06:40:18Z
2026-08-21T06:33:41Z,2026-08-21T08:33:41+0200,6801fa27-1585-43c5-af49-29c528898ba2,2026-08-16T12:00:00Z,2026-08-16T14:00:00+0200,1962.62,MW,DK1,DK_1,actual_onshore_wind_generation,Wind Onshore,2026-08-21T06:40:18Z
2026-08-21T06:33:41Z,2026-08-21T08:33:41+0200,6801fa27-1585-43c5-af49-29c528898ba2,2026-08-16T12:15:00Z,2026-08-16T14:15:00+0200,1931.2,MW,DK1,DK_1,actual_onshore_wind_generation,Wind Onshore,2026-08-21T06:40:18Z
2026-08-21T06:33:41Z,2026-08-21T08:33:41+0200,6801fa27-1585-43c5-af49-29c528898ba2,2026-08-16T12:30:00Z,2026-08-16T14:30:00+0200,2009.96,MW,DK1,DK_1,actual_onshore_wind_generation,Wind Onshore,2026-08-21T06:40:18Z
2026-08-21T06:33:41Z,2026-08-21T08:33:41+0200,6801fa27-1585-43c5-af49-29c528898ba2,2026-08-16T12:45:00Z,2026-08-16T14:45:00+0200,1977.55,MW,DK1,DK_1,actual_onshore_wind_generation,Wind Onshore,2026-08-21T06:40:18Z
2026-08-21T06:33:41Z,2026-08-21T08:33:41+0200,6801fa27-1585-43c5-af49-29c528898ba2,2026-08-16T13:00:00Z,2026-08-16T15:00:00+0200,2078.1,MW,DK1,DK_1,actual_onshore_wind_generation,Wind Onshore,2026-08-21T06:40:18Z
2026-08-21T06:33:41Z,2026-08-21T08:33:41+0200,6801fa27-1585-43c5-af49-29c528898ba2,2026-08-16T13:15:00Z,2026-08-16T15:15:00+0200,2032.57,MW,DK1,DK_1,actual_onshore_wind_generation,Wind Onshore,2026-08-21T06:40:18Z
2026-08-21T06:33:41Z,2026-08-21T08:33:41+0200,6801fa27-1585-43c5-af49-29c528898ba2,2026-08-16T13:30:00Z,2026-08-16T15:30:00+0200,1935.05,MW,DK1,DK_1,actual_onshore_wind_generation,Wind Onshore,2026-08-21T06:40:18Z
2026-08-21T06:33:41Z,2026-08-21T08:33:41+0200,6801fa27-1585-43c5-af49-29c528898ba2,2026-08-16T13:45:00Z,2026-08-16T15:45:00+0200,1932.81,MW,DK1,DK_1,actual_onshore_wind_generation,Wind Onshore,2026-08-21T06:40:18Z
2026-08-21T06:33:41Z,2026-08-21T08:33:41+0200,6801fa27-1585-43c5-af49-29c528898ba2,2026-08-16T14:00:00Z,2026-08-16T16:00:00+0200,1900.61,MW,DK1,DK_1,actual_onshore_wind_generation,Wind Onshore,2026-08-21T06:40:18Z
2026-08-21T06:33:41Z,2026-08-21T08:33:41+0200,6801fa27-1585-43c5-af49-29c528898ba2,2026-08-16T14:15:00Z,2026-08-16T16:15:00+0200,1813.36,MW,DK1,DK_1,actual_onshore_wind_generation,Wind Onshore,2026-08-21T06:40:18Z
2026-08-21T06:33:41Z,2026-08-21T08:33:41+0200,6801fa27-1585-43c5-af49-29c528898ba2,2026-08-16T14:30:00Z,2026-08-16T16:30:00+0200,1793.9,MW,DK1,DK_1,actual_onshore_wind_generation,Wind Onshore,2026-08-21T06:40:18Z
2026-08-21T06:33:41Z,2026-08-21T08:33:41+0200,6801fa27-1585-43c5-af49-29c528898ba2,2026-08-16T14:45:00Z,2026-08-16T16:45:00+0200,1846.84,MW,DK1,DK_1,actual_onshore_wind_generation,Wind Onshore,2026-08-21T06:40:18Z
2026-08-21T06:33:41Z,2026-08-21T08:33:41+0200,6801fa27-1585-43c5-af49-29c528898ba2,2026-08-16T15:00:00Z,2026-08-16T17:00:00+0200,1795.37,MW,DK1,DK_1,actual_onshore_wind_generation,Wind Onshore,2026-08-21T06:40:18Z
2026-08-21T06:33:41Z,2026-08-21T08:33:41+0200,6801fa27-1585-43c5-af49-29c528898ba2,2026-08-16T15:15:00Z,2026-08-16T17:15:00+0200,1791.71,MW,DK1,DK_1,actual_onshore_wind_generation,Wind Onshore,2026-08-21T06:40:18Z
2026-08-21T06:33:41Z,2026-08-21T08:33:41+0200,6801fa27-1585-43c5-af49-29c528898ba2,2026-08-16T15:30:00Z,2026-08-16T17:30:00+0200,1805.33,MW,DK1,DK_1,actual_onshore_wind_generation,Wind Onshore,2026-08-21T06:40:18Z
2026-08-21T06:33:41Z,2026-08-21T08:33:41+0200,6801fa27-1585-43c5-af49-29c528898ba2,2026-08-16T15:45:00Z,2026-08-16T17:45:00+0200,1758.32,MW,DK1,DK_1,actual_onshore_wind_generation,Wind Onshore,2026-08-21T06:40:18Z
2026-08-21T06:33:41Z,2026-08-21T08:33:41+0200,6801fa27-1585-43c5-af49-29c528898ba2,2026-08-16T16:00:00Z,2026-08-16T18:00:00+0200,1750.06,MW,DK1,DK_1,actual_onshore_wind_generation,Wind Onshore,2026-08-21T06:40:18Z
2026-08-21T06:33:41Z,2026-08-21T08:33:41+0200,6801fa27-1585-43c5-af49-29c528898ba2,2026-08-16T16:15:00Z,2026-08-16T18:15:00+0200,1657.69,MW,DK1,DK_1,actual_onshore_wind_generation,Wind Onshore,2026-08-21T06:40:18Z
2026-08-21T06:33:41Z,2026-08-21T08:33:41+0200,6801fa27-1585-43c5-af49-29c528898ba2,2026-08-16T16:30:00Z,2026-08-16T18:30:00+0200,1517.83,MW,DK1,DK_1,actual_onshore_wind_generation,Wind Onshore,2026-08-21T06:40:18Z
2026-08-21T06:33:41Z,2026-08-21T08:33:41+0200,6801fa27-1585-43c5-af49-29c528898ba2,2026-08-16T16:45:00Z,2026-08-16T18:45:00+0200,1445.3,MW,DK1,DK_1,actual_onshore_wind_generation,Wind Onshore,2026-08-21T06:40:18Z
2026-08-21T06:33:41Z,2026-08-21T08:33:41+0200,6801fa27-1585-43c5-af49-29c528898ba2,2026-08-16T17:00:00Z,2026-08-16T19:00:00+0200,1336.97,MW,DK1,DK_1,actual_onshore_wind_generation,Wind Onshore,2026-08-21T06:40:18Z
2026-08-21T06:33:41Z,2026-08-21T08:33:41+0200,6801fa27-1585-43c5-af49-29c528898ba2,2026-08-16T17:15:00Z,2026-08-16T19:15:00+0200,1318.15,MW,DK1,DK_1,actual_onshore_wind_generation,Wind Onshore,2026-08-21T06:40:18Z
2026-08-21T06:33:41Z,2026-08-21T08:33:41+0200,6801fa27-1585-43c5-af49-29c528898ba2,2026-08-16T17:30:00Z,2026-08-16T19:30:00+0200,1238.55,MW,DK1,DK_1,actual_onshore_wind_generation,Wind Onshore,2026-08-21T06:40:18Z
2026-08-21T06:33:41Z,2026-08-21T08:33:41+0200,6801fa27-1585-43c5-af49-29c528898ba2,2026-08-16T17:45:00Z,2026-08-16T19:45:00+0200,1220.53,MW,DK1,DK_1,actual_onshore_wind_generation,Wind Onshore,2026-08-21T06:40:18Z
2026-08-21T06:33:41Z,2026-08-21T08:33:41+0200,6801fa27-1585-43c5-af49-29c528898ba2,2026-08-16T18:00:00Z,2026-08-16T20:00:00+0200,1121.71,MW,DK1,DK_1,actual_onshore_wind_generation,Wind Onshore,2026-08-21T06:40:18Z
2026-08-21T06:33:41Z,2026-08-21T08:33:41+0200,6801fa27-1585-43c5-af49-29c528898ba2,2026-08-16T18:15:00Z,2026-08-16T20:15:00+0200,1078.6,MW,DK1,DK_1,actual_onshore_wind_generation,Wind Onshore,2026-08-21T06:40:18Z
2026-08-21T06:33:41Z,2026-08-21T08:33:41+0200,6801fa27-1585-43c5-af49-29c528898ba2,2026-08-16T18:30:00Z,2026-08-16T20:30:00+0200,1032.87,MW,DK1,DK_1,actual_onshore_wind_generation,Wind Onshore,2026-08-21T06:40:18Z
2026-08-21T06:33:41Z,2026-08-21T08:33:41+0200,6801fa27-1585-43c5-af49-29c528898ba2,2026-08-16T18:45:00Z,2026-08-16T20:45:00+0200,1016.48,MW,DK1,DK_1,actual_onshore_wind_generation,Wind Onshore,2026-08-21T06:40:18Z
2026-08-21T06:33:41Z,2026-08-21T08:33:41+0200,6801fa27-1585-43c5-af49-29c528898ba2,2026-08-16T19:00:00Z,2026-08-16T21:00:00+0200,1014.86,MW,DK1,DK_1,actual_onshore_wind_generation,Wind Onshore,2026-08-21T06:40:18Z
2026-08-21T06:33:41Z,2026-08-21T08:33:41+0200,6801fa27-1585-43c5-af49-29c528898ba2,2026-08-16T19:15:00Z,2026-08-16T21:15:00+0200,976.586,MW,DK1,DK_1,actual_onshore_wind_generation,Wind Onshore,2026-08-21T06:40:18Z
2026-08-21T06:33:41Z,2026-08-21T08:33:41+0200,6801fa27-1585-43c5-af49-29c528898ba2,2026-08-16T19:30:00Z,2026-08-16T21:30:00+0200,975.291,MW,DK1,DK_1,actual_onshore_wind_generation,Wind Onshore,2026-08-21T06:40:18Z
2026-08-21T06:33:41Z,2026-08-21T08:33:41+0200,6801fa27-1585-43c5-af49-29c528898ba2,2026-08-16T19:45:00Z,2026-08-16T21:45:00+0200,988.257,MW,DK1,DK_1,actual_onshore_wind_generation,Wind Onshore,2026-08-21T06:40:18Z
2026-08-21T06:33:41Z,2026-08-21T08:33:41+0200,6801fa27-1585-43c5-af49-29c528898ba2,2026-08-16T20:00:00Z,2026-08-16T22:00:00+0200,995.09,MW,DK1,DK_1,actual_onshore_wind_generation,Wind Onshore,2026-08-21T06:40:18Z
2026-08-21T06:33:41Z,2026-08-21T08:33:41+0200,6801fa27-1585-43c5-af49-29c528898ba2,2026-08-16T20:15:00Z,2026-08-16T22:15:00+0200,1004.87,MW,DK1,DK_1,actual_onshore_wind_generation,Wind Onshore,2026-08-21T06:40:18Z
2026-08-21T06:33:41Z,2026-08-21T08:33:41+0200,6801fa27-1585-43c5-af49-29c528898ba2,2026-08-16T20:30:00Z,2026-08-16T22:30:00+0200,1082.67,MW,DK1,DK_1,actual_onshore_wind_generation,Wind Onshore,2026-08-21T06:40:18Z
2026-08-21T06:33:41Z,2026-08-21T08:33:41+0200,6801fa27-1585-43c5-af49-29c528898ba2,2026-08-16T20:45:00Z,2026-08-16T22:45:00+0200,1146.82,MW,DK1,DK_1,actual_onshore_wind_generation,Wind Onshore,2026-08-21T06:40:18Z
2026-08-21T06:33:41Z,2026-08-21T08:33:41+0200,6801fa27-1585-43c5-af49-29c528898ba2,2026-08-16T21:00:00Z,2026-08-16T23:00:00+0200,1119.85,MW,DK1,DK_1,actual_onshore_wind_generation,Wind Onshore,2026-08-21T06:40:18Z
2026-08-21T06:33:41Z,2026-08-21T08:33:41+0200,6801fa27-1585-43c5-af49-29c528898ba2,2026-08-16T21:15:00Z,2026-08-16T23:15:00+0200,1144.07,MW,DK1,DK_1,actual_onshore_wind_generation,Wind Onshore,2026-08-21T06:40:18Z
2026-08-21T06:33:41Z,2026-08-21T08:33:41+0200,6801fa27-1585-43c5-af49-29c528898ba2,2026-08-16T21:30:00Z,2026-08-16T23:30:00+0200,1204.36,MW,DK1,DK_1,actual_onshore_wind_generation,Wind Onshore,2026-08-21T06:40:18Z
2026-08-21T06:33:41Z,2026-08-21T08:33:41+0200,6801fa27-1585-43c5-af49-29c528898ba2,2026-08-16T21:45:00Z,2026-08-16T23:45:00+0200,1211.29,MW,DK1,DK_1,actual_onshore_wind_generation,Wind Onshore,2026-08-21T06:40:18Z
2026-08-21T06:33:41Z,2026-08-21T08:33:41+0200,6801fa27-1585-43c5-af49-29c528898ba2,2026-08-16T22:00:00Z,2026-08-17T00:00:00+0200,1194.29,MW,DK1,DK_1,actual_onshore_wind_generation,Wind Onshore,2026-08-21T06:40:18Z
2026-08-21T06:33:41Z,2026-08-21T08:33:41+0200,6801fa27-1585-43c5-af49-29c528898ba2,2026-08-16T22:15:00Z,2026-08-17T00:15:00+0200,1237.46,MW,DK1,DK_1,actual_onshore_wind_generation,Wind Onshore,2026-08-21T06:40:18Z
2026-08-21T06:33:41Z,2026-08-21T08:33:41+0200,6801fa27-1585-43c5-af49-29c528898ba2,2026-08-16T22:30:00Z,2026-08-17T00:30:00+0200,1236.58,MW,DK1,DK_1,actual_onshore_wind_generation,Wind Onshore,2026-08-21T06:40:18Z
2026-08-21T06:33:41Z,2026-08-21T08:33:41+0200,6801fa27-1585-43c5-af49-29c528898ba2,2026-08-16T22:45:00Z,2026-08-17T00:45:00+0200,1229.12,MW,DK1,DK_1,actual_onshore_wind_generation,Wind Onshore,2026-08-21T06:40:18Z
2026-08-21T06:33:41Z,2026-08-21T08:33:41+0200,6801fa27-1585-43c5-af49-29c528898ba2,2026-08-16T23:00:00Z,2026-08-17T01:00:00+0200,1242.91,MW,DK1,DK_1,actual_onshore_wind_generation,Wind Onshore,2026-08-21T06:40:18Z
2026-08-21T06:33:41Z,2026-08-21T08:33:41+0200,6801fa27-1585-43c5-af49-29c528898ba2,2026-08-16T23:15:00Z,2026-08-17T01:15:00+0200,1221.32,MW,DK1,DK_1,actual_onshore_wind_generation,Wind Onshore,2026-08-21T06:40:18Z
2026-08-21T06:33:41Z,2026-08-21T08:33:41+0200,6801fa27-1585-43c5-af49-29c528898ba2,2026-08-16T23:30:00Z,2026-08-17T01:30:00+0200,1200.03,MW,DK1,DK_1,actual_onshore_wind_generation,Wind Onshore,2026-08-21T06:40:18Z
2026-08-21T06:33:41Z,2026-08-21T08:33:41+0200,6801fa27-1585-43c5-af49-29c528898ba2,2026-08-16T23:45:00Z,2026-08-17T01:45:00+0200,1185.07,MW,DK1,DK_1,actual_onshore_wind_generation,Wind Onshore,2026-08-21T06:40:18Z
2026-08-21T06:33:41Z,2026-08-21T08:33:41+0200,6801fa27-1585-43c5-af49-29c528898ba2,2026-08-17T00:00:00Z,2026-08-17T02:00:00+0200,1227.11,MW,DK1,DK_1,actual_onshore_wind_generation,Wind Onshore,2026-08-21T06:40:18Z
2026-08-21T06:33:41Z,2026-08-21T08:33:41+0200,6801fa27-1585-43c5-af49-29c528898ba2,2026-08-17T00:15:00Z,2026-08-17T02:15:00+0200,1215.28,MW,DK1,DK_1,actual_onshore_wind_generation,Wind Onshore,2026-08-21T06:40:18Z
2026-08-21T06:33:41Z,2026-08-21T08:33:41+0200,6801fa27-1585-43c5-af49-29c528898ba2,2026-08-17T00:30:00Z,2026-08-17T02:30:00+0200,1216.65,MW,DK1,DK_1,actual_onshore_wind_generation,Wind Onshore,2026-08-21T06:40:18Z
2026-08-21T06:33:41Z,2026-08-21T08:33:41+0200,6801fa27-1585-43c5-af49-29c528898ba2,2026-08-17T00:45:00Z,2026-08-17T02:45:00+0200,1225.42,MW,DK1,DK_1,actual_onshore_wind_generation,Wind Onshore,2026-08-21T06:40:18Z
2026-08-21T06:33:41Z,2026-08-21T08:33:41+0200,6801fa27-1585-43c5-af49-29c528898ba2,2026-08-17T01:00:00Z,2026-08-17T03:00:00+0200,1203.08,MW,DK1,DK_1,actual_onshore_wind_generation,Wind Onshore,2026-08-21T06:40:18Z
2026-08-21T06:33:41Z,2026-08-21T08:33:41+0200,6801fa27-1585-43c5-af49-29c528898ba2,2026-08-17T01:15:00Z,2026-08-17T03:15:00+0200,1195.28,MW,DK1,DK_1,actual_onshore_wind_generation,Wind Onshore,2026-08-21T06:40:18Z
2026-08-21T06:33:41Z,2026-08-21T08:33:41+0200,6801fa27-1585-43c5-af49-29c528898ba2,2026-08-17T01:30:00Z,2026-08-17T03:30:00+0200,1152.19,MW,DK1,DK_1,actual_onshore_wind_generation,Wind Onshore,2026-08-21T06:40:18Z
2026-08-21T06:33:41Z,2026-08-21T08:33:41+0200,6801fa27-1585-43c5-af49-29c528898ba2,2026-08-17T01:45:00Z,2026-08-17T03:45:00+0200,1130.55,MW,DK1,DK_1,actual_onshore_wind_generation,Wind Onshore,2026-08-21T06:40:18Z
2026-08-21T06:33:41Z,2026-08-21T08:33:41+0200,6801fa27-1585-43c5-af49-29c528898ba2,2026-08-17T02:00:00Z,2026-08-17T04:00:00+0200,1122.72,MW,DK1,DK_1,actual_onshore_wind_generation,Wind Onshore,2026-08-21T06:40:18Z
2026-08-21T06:33:41Z,2026-08-21T08:33:41+0200,6801fa27-1585-43c5-af49-29c528898ba2,2026-08-17T02:15:00Z,2026-08-17T04:15:00+0200,1126.09,MW,DK1,DK_1,actual_onshore_wind_generation,Wind Onshore,2026-08-21T06:40:18Z
2026-08-21T06:33:41Z,2026-08-21T08:33:41+0200,6801fa27-1585-43c5-af49-29c528898ba2,2026-08-17T02:30:00Z,2026-08-17T04:30:00+0200,1099.85,MW,DK1,DK_1,actual_onshore_wind_generation,Wind Onshore,2026-08-21T06:40:18Z
2026-08-21T06:33:41Z,2026-08-21T08:33:41+0200,6801fa27-1585-43c5-af49-29c528898ba2,2026-08-17T02:45:00Z,2026-08-17T04:45:00+0200,1082.99,MW,DK1,DK_1,actual_onshore_wind_generation,Wind Onshore,2026-08-21T06:40:18Z
2026-08-21T06:33:41Z,2026-08-21T08:33:41+0200,6801fa27-1585-43c5-af49-29c528898ba2,2026-08-17T03:00:00Z,2026-08-17T05:00:00+0200,1075.14,MW,DK1,DK_1,actual_onshore_wind_generation,Wind Onshore,2026-08-21T06:40:18Z
2026-08-21T06:33:41Z,2026-08-21T08:33:41+0200,6801fa27-1585-43c5-af49-29c528898ba2,2026-08-17T03:15:00Z,2026-08-17T05:15:00+0200,1061.21,MW,DK1,DK_1,actual_onshore_wind_generation,Wind Onshore,2026-08-21T06:40:18Z
2026-08-21T06:33:41Z,2026-08-21T08:33:41+0200,6801fa27-1585-43c5-af49-29c528898ba2,2026-08-17T03:30:00Z,2026-08-17T05:30:00+0200,1062.14,MW,DK1,DK_1,actual_onshore_wind_generation,Wind Onshore,2026-08-21T06:40:18Z
2026-08-21T06:33:41Z,2026-08-21T08:33:41+0200,6801fa27-1585-43c5-af49-29c528898ba2,2026-08-17T03:45:00Z,2026-08-17T05:45:00+0200,1084.9,MW,DK1,DK_1,actual_onshore_wind_generation,Wind Onshore,2026-08-21T06:40:18Z
2026-08-21T06:33:41Z,2026-08-21T08:33:41+0200,6801fa27-1585-43c5-af49-29c528898ba2,2026-08-17T04:00:00Z,2026-08-17T06:00:00+0200,1104.42,MW,DK1,DK_1,actual_onshore_wind_generation,Wind Onshore,2026-08-21T06:40:18Z
2026-08-21T06:33:41Z,2026-08-21T08:33:41+0200,6801fa27-1585-43c5-af49-29c528898ba2,2026-08-17T04:15:00Z,2026-08-17T06:15:00+0200,1101.08,MW,DK1,DK_1,actual_onshore_wind_generation,Wind Onshore,2026-08-21T06:40:18Z
2026-08-21T06:33:41Z,2026-08-21T08:33:41+0200,6801fa27-1585-43c5-af49-29c528898ba2,2026-08-17T04:30:00Z,2026-08-17T06:30:00+0200,1126.95,MW,DK1,DK_1,actual_onshore_wind_generation,Wind Onshore,2026-08-21T06:40:18Z
2026-08-21T06:33:41Z,2026-08-21T08:33:41+0200,6801fa27-1585-43c5-af49-29c528898ba2,2026-08-17T04:45:00Z,2026-08-17T06:45:00+0200,1152.84,MW,DK1,DK_1,actual_onshore_wind_generation,Wind Onshore,2026-08-21T06:40:18Z
2026-08-21T06:33:41Z,2026-08-21T08:33:41+0200,6801fa27-1585-43c5-af49-29c528898ba2,2026-08-17T05:00:00Z,2026-08-17T07:00:00+0200,1176.42,MW,DK1,DK_1,actual_onshore_wind_generation,Wind Onshore,2026-08-21T06:40:18Z
2026-08-21T06:33:41Z,2026-08-21T08:33:41+0200,6801fa27-1585-43c5-af49-29c528898ba2,2026-08-17T05:15:00Z,2026-08-17T07:15:00+0200,1190.16,MW,DK1,DK_1,actual_onshore_wind_generation,Wind Onshore,2026-08-21T06:40:18Z
2026-08-21T06:33:41Z,2026-08-21T08:33:41+0200,6801fa27-1585-43c5-af49-29c528898ba2,2026-08-17T05:30:00Z,2026-08-17T07:30:00+0200,1198.28,MW,DK1,DK_1,actual_onshore_wind_generation,Wind Onshore,2026-08-21T06:40:18Z
2026-08-21T06:33:41Z,2026-08-21T08:33:41+0200,6801fa27-1585-43c5-af49-29c528898ba2,2026-08-17T05:45:00Z,2026-08-17T07:45:00+0200,1234.98,MW,DK1,DK_1,actual_onshore_wind_generation,Wind Onshore,2026-08-21T06:40:18Z
2026-08-21T06:33:41Z,2026-08-21T08:33:41+0200,6801fa27-1585-43c5-af49-29c528898ba2,2026-08-17T06:00:00Z,2026-08-17T08:00:00+0200,1301.29,MW,DK1,DK_1,actual_onshore_wind_generation,Wind Onshore,2026-08-21T06:40:18Z
2026-08-21T06:33:41Z,2026-08-21T08:33:41+0200,6801fa27-1585-43c5-af49-29c528898ba2,2026-08-17T06:15:00Z,2026-08-17T08:15:00+0200,1376.39,MW,DK1,DK_1,actual_onshore_wind_generation,Wind Onshore,2026-08-21T06:40:18Z
2026-08-21T06:33:41Z,2026-08-21T08:33:41+0200,6801fa27-1585-43c5-af49-29c528898ba2,2026-08-17T06:30:00Z,2026-08-17T08:30:00+0200,1459.56,MW,DK1,DK_1,actual_onshore_wind_generation,Wind Onshore,2026-08-21T06:40:18Z
2026-08-21T06:33:41Z,2026-08-21T08:33:41+0200,6801fa27-1585-43c5-af49-29c528898ba2,2026-08-17T06:45:00Z,2026-08-17T08:45:00+0200,1554.48,MW,DK1,DK_1,actual_onshore_wind_generation,Wind Onshore,2026-08-21T06:40:18Z
2026-08-21T06:33:41Z,2026-08-21T08:33:41+0200,6801fa27-1585-43c5-af49-29c528898ba2,2026-08-17T07:00:00Z,2026-08-17T09:00:00+0200,1580.57,MW,DK1,DK_1,actual_onshore_wind_generation,Wind Onshore,2026-08-21T06:40:18Z
2026-08-21T06:33:41Z,2026-08-21T08:33:41+0200,6801fa27-1585-43c5-af49-29c528898ba2,2026-08-17T07:15:00Z,2026-08-17T09:15:00+0200,1606.48,MW,DK1,DK_1,actual_onshore_wind_generation,Wind Onshore,2026-08-21T06:40:18Z
2026-08-21T06:33:41Z,2026-08-21T08:33:41+0200,6801fa27-1585-43c5-af49-29c528898ba2,2026-08-17T07:30:00Z,2026-08-17T09:30:00+0200,1620.58,MW,DK1,DK_1,actual_onshore_wind_generation,Wind Onshore,2026-08-21T06:40:18Z
2026-08-21T06:33:41Z,2026-08-21T08:33:41+0200,6801fa27-1585-43c5-af49-29c528898ba2,2026-08-17T07:45:00Z,2026-08-17T09:45:00+0200,1614.63,MW,DK1,DK_1,actual_onshore_wind_generation,Wind Onshore,2026-08-21T06:40:18Z
2026-08-21T06:33:41Z,2026-08-21T08:33:41+0200,6801fa27-1585-43c5-af49-29c528898ba2,2026-08-17T08:00:00Z,2026-08-17T10:00:00+0200,1608.19,MW,DK1,DK_1,actual_onshore_wind_generation,Wind Onshore,2026-08-21T06:40:18Z
2026-08-21T06:33:41Z,2026-08-21T08:33:41+0200,6801fa27-1585-43c5-af49-29c528898ba2,2026-08-17T08:15:00Z,2026-08-17T10:15:00+0200,1601.08,MW,DK1,DK_1,actual_onshore_wind_generation,Wind Onshore,2026-08-21T06:40:18Z
2026-08-21T06:33:41Z,2026-08-21T08:33:41+0200,6801fa27-1585-43c5-af49-29c528898ba2,2026-08-17T08:30:00Z,2026-08-17T10:30:00+0200,1600.43,MW,DK1,DK_1,actual_onshore_wind_generation,Wind Onshore,2026-08-21T06:40:18Z
2026-08-21T06:33:41Z,2026-08-21T08:33:41+0200,6801fa27-1585-43c5-af49-29c528898ba2,2026-08-17T08:45:00Z,2026-08-17T10:45:00+0200,1576.66,MW,DK1,DK_1,actual_onshore_wind_generation,Wind Onshore,2026-08-21T06:40:18Z
2026-08-21T06:33:41Z,2026-08-21T08:33:41+0200,6801fa27-1585-43c5-af49-29c528898ba2,2026-08-17T09:00:00Z,2026-08-17T11:00:00+0200,1548.57,MW,DK1,DK_1,actual_onshore_wind_generation,Wind Onshore,2026-08-21T06:40:18Z
2026-08-21T06:33:41Z,2026-08-21T08:33:41+0200,6801fa27-1585-43c5-af49-29c528898ba2,2026-08-17T09:15:00Z,2026-08-17T11:15:00+0200,1513.25,MW,DK1,DK_1,actual_onshore_wind_generation,Wind Onshore,2026-08-21T06:40:18Z
2026-08-21T06:33:41Z,2026-08-21T08:33:41+0200,6801fa27-1585-43c5-af49-29c528898ba2,2026-08-17T09:30:00Z,2026-08-17T11:30:00+0200,1465.22,MW,DK1,DK_1,actual_onshore_wind_generation,Wind Onshore,2026-08-21T06:40:18Z
2026-08-21T06:33:41Z,2026-08-21T08:33:41+0200,6801fa27-1585-43c5-af49-29c528898ba2,2026-08-17T09:45:00Z,2026-08-17T11:45:00+0200,1442.29,MW,DK1,DK_1,actual_onshore_wind_generation,Wind Onshore,2026-08-21T06:40:18Z
2026-08-21T06:33:41Z,2026-08-21T08:33:41+0200,6801fa27-1585-43c5-af49-29c528898ba2,2026-08-17T10:00:00Z,2026-08-17T12:00:00+0200,1448.77,MW,DK1,DK_1,actual_onshore_wind_generation,Wind Onshore,2026-08-21T06:40:18Z
2026-08-21T06:33:41Z,2026-08-21T08:33:41+0200,6801fa27-1585-43c5-af49-29c528898ba2,2026-08-17T10:15:00Z,2026-08-17T12:15:00+0200,1481.49,MW,DK1,DK_1,actual_onshore_wind_generation,Wind Onshore,2026-08-21T06:40:18Z
2026-08-21T06:33:41Z,2026-08-21T08:33:41+0200,6801fa27-1585-43c5-af49-29c528898ba2,2026-08-17T10:30:00Z,2026-08-17T12:30:00+0200,1502.1,MW,DK1,DK_1,actual_onshore_wind_generation,Wind Onshore,2026-08-21T06:40:18Z
2026-08-21T06:33:41Z,2026-08-21T08:33:41+0200,6801fa27-1585-43c5-af49-29c528898ba2,2026-08-17T10:45:00Z,2026-08-17T12:45:00+0200,1522.3,MW,DK1,DK_1,actual_onshore_wind_generation,Wind Onshore,2026-08-21T06:40:18Z
2026-08-21T06:33:41Z,2026-08-21T08:33:41+0200,6801fa27-1585-43c5-af49-29c528898ba2,2026-08-17T11:00:00Z,2026-08-17T13:00:00+0200,1573.94,MW,DK1,DK_1,actual_onshore_wind_generation,Wind Onshore,2026-08-21T06:40:18Z
2026-08-21T06:33:41Z,2026-08-21T08:33:41+0200,6801fa27-1585-43c5-af49-29c528898ba2,2026-08-17T11:15:00Z,2026-08-17T13:15:00+0200,1603.08,MW,DK1,DK_1,actual_onshore_wind_generation,Wind Onshore,2026-08-21T06:40:18Z
2026-08-21T06:33:41Z,2026-08-21T08:33:41+0200,6801fa27-1585-43c5-af49-29c528898ba2,2026-08-17T11:30:00Z,2026-08-17T13:30:00+0200,1628.14,MW,DK1,DK_1,actual_onshore_wind_generation,Wind Onshore,2026-08-21T06:40:18Z
2026-08-21T06:33:41Z,2026-08-21T08:33:41+0200,6801fa27-1585-43c5-af49-29c528898ba2,2026-08-17T11:45:00Z,2026-08-17T13:45:00+0200,1641.2,MW,DK1,DK_1,actual_onshore_wind_generation,Wind Onshore,2026-08-21T06:40:18Z
2026-08-21T06:33:41Z,2026-08-21T08:33:41+0200,6801fa27-1585-43c5-af49-29c528898ba2,2026-08-17T12:00:00Z,2026-08-17T14:00:00+0200,1707.71,MW,DK1,DK_1,actual_onshore_wind_generation,Wind Onshore,2026-08-21T06:40:18Z
2026-08-21T06:33:41Z,2026-08-21T08:33:41+0200,6801fa27-1585-43c5-af49-29c528898ba2,2026-08-17T12:15:00Z,2026-08-17T14:15:00+0200,1734.22,MW,DK1,DK_1,actual_onshore_wind_generation,Wind Onshore,2026-08-21T06:40:18Z
2026-08-21T06:33:41Z,2026-08-21T08:33:41+0200,6801fa27-1585-43c5-af49-29c528898ba2,2026-08-17T12:30:00Z,2026-08-17T14:30:00+0200,1777.1,MW,DK1,DK_1,actual_onshore_wind_generation,Wind Onshore,2026-08-21T06:40:18Z
2026-08-21T06:33:41Z,2026-08-21T08:33:41+0200,6801fa27-1585-43c5-af49-29c528898ba2,2026-08-17T12:45:00Z,2026-08-17T14:45:00+0200,1812.28,MW,DK1,DK_1,actual_onshore_wind_generation,Wind Onshore,2026-08-21T06:40:18Z
2026-08-21T06:33:41Z,2026-08-21T08:33:41+0200,6801fa27-1585-43c5-af49-29c528898ba2,2026-08-17T13:00:00Z,2026-08-17T15:00:00+0200,1858.49,MW,DK1,DK_1,actual_onshore_wind_generation,Wind Onshore,2026-08-21T06:40:18Z
2026-08-21T06:33:41Z,2026-08-21T08:33:41+0200,6801fa27-1585-43c5-af49-29c528898ba2,2026-08-17T13:15:00Z,2026-08-17T15:15:00+0200,1895.21,MW,DK1,DK_1,actual_onshore_wind_generation,Wind Onshore,2026-08-21T06:40:18Z
2026-08-21T06:33:41Z,2026-08-21T08:33:41+0200,6801fa27-1585-43c5-af49-29c528898ba2,2026-08-17T13:30:00Z,2026-08-17T15:30:00+0200,1924.76,MW,DK1,DK_1,actual_onshore_wind_generation,Wind Onshore,2026-08-21T06:40:18Z
2026-08-21T06:33:41Z,2026-08-21T08:33:41+0200,6801fa27-1585-43c5-af49-29c528898ba2,2026-08-17T13:45:00Z,2026-08-17T15:45:00+0200,1988.56,MW,DK1,DK_1,actual_onshore_wind_generation,Wind Onshore,2026-08-21T06:40:18Z
2026-08-21T06:33:41Z,2026-08-21T08:33:41+0200,6801fa27-1585-43c5-af49-29c528898ba2,2026-08-17T14:00:00Z,2026-08-17T16:00:00+0200,1993.52,MW,DK1,DK_1,actual_onshore_wind_generation,Wind Onshore,2026-08-21T06:40:18Z
2026-08-21T06:33:41Z,2026-08-21T08:33:41+0200,6801fa27-1585-43c5-af49-29c528898ba2,2026-08-17T14:15:00Z,2026-08-17T16:15:00+0200,1994.28,MW,DK1,DK_1,actual_onshore_wind_generation,Wind Onshore,2026-08-21T06:40:18Z
2026-08-21T06:33:41Z,2026-08-21T08:33:41+0200,6801fa27-1585-43c5-af49-29c528898ba2,2026-08-17T14:30:00Z,2026-08-17T16:30:00+0200,2000.9,MW,DK1,DK_1,actual_onshore_wind_generation,Wind Onshore,2026-08-21T06:40:18Z
2026-08-21T06:33:41Z,2026-08-21T08:33:41+0200,6801fa27-1585-43c5-af49-29c528898ba2,2026-08-17T14:45:00Z,2026-08-17T16:45:00+0200,1988.76,MW,DK1,DK_1,actual_onshore_wind_generation,Wind Onshore,2026-08-21T06:40:18Z
2026-08-21T06:33:41Z,2026-08-21T08:33:41+0200,6801fa27-1585-43c5-af49-29c528898ba2,2026-08-17T15:00:00Z,2026-08-17T17:00:00+0200,1982.04,MW,DK1,DK_1,actual_onshore_wind_generation,Wind Onshore,2026-08-21T06:40:18Z
2026-08-21T06:33:41Z,2026-08-21T08:33:41+0200,6801fa27-1585-43c5-af49-29c528898ba2,2026-08-17T15:15:00Z,2026-08-17T17:15:00+0200,1977.46,MW,DK1,DK_1,actual_onshore_wind_generation,Wind Onshore,2026-08-21T06:40:18Z
2026-08-21T06:33:41Z,2026-08-21T08:33:41+0200,6801fa27-1585-43c5-af49-29c528898ba2,2026-08-17T15:30:00Z,2026-08-17T17:30:00+0200,1993.24,MW,DK1,DK_1,actual_onshore_wind_generation,Wind Onshore,2026-08-21T06:40:18Z
2026-08-21T06:33:41Z,2026-08-21T08:33:41+0200,6801fa27-1585-43c5-af49-29c528898ba2,2026-08-17T15:45:00Z,2026-08-17T17:45:00+0200,1932.88,MW,DK1,DK_1,actual_onshore_wind_generation,Wind Onshore,2026-08-21T06:40:18Z
2026-08-21T06:33:41Z,2026-08-21T08:33:41+0200,6801fa27-1585-43c5-af49-29c528898ba2,2026-08-17T16:00:00Z,2026-08-17T18:00:00+0200,1884.93,MW,DK1,DK_1,actual_onshore_wind_generation,Wind Onshore,2026-08-21T06:40:18Z
2026-08-21T06:33:41Z,2026-08-21T08:33:41+0200,6801fa27-1585-43c5-af49-29c528898ba2,2026-08-17T16:15:00Z,2026-08-17T18:15:00+0200,1892.67,MW,DK1,DK_1,actual_onshore_wind_generation,Wind Onshore,2026-08-21T06:40:18Z
2026-08-21T06:33:41Z,2026-08-21T08:33:41+0200,6801fa27-1585-43c5-af49-29c528898ba2,2026-08-17T16:30:00Z,2026-08-17T18:30:00+0200,1873.09,MW,DK1,DK_1,actual_onshore_wind_generation,Wind Onshore,2026-08-21T06:40:18Z
2026-08-21T06:33:41Z,2026-08-21T08:33:41+0200,6801fa27-1585-43c5-af49-29c528898ba2,2026-08-17T16:45:00Z,2026-08-17T18:45:00+0200,1810.45,MW,DK1,DK_1,actual_onshore_wind_generation,Wind Onshore,2026-08-21T06:40:18Z
2026-08-21T06:33:41Z,2026-08-21T08:33:41+0200,6801fa27-1585-43c5-af49-29c528898ba2,2026-08-17T17:00:00Z,2026-08-17T19:00:00+0200,1700.12,MW,DK1,DK_1,actual_onshore_wind_generation,Wind Onshore,2026-08-21T06:40:18Z
2026-08-21T06:33:41Z,2026-08-21T08:33:41+0200,6801fa27-1585-43c5-af49-29c528898ba2,2026-08-17T17:15:00Z,2026-08-17T19:15:00+0200,1711.68,MW,DK1,DK_1,actual_onshore_wind_generation,Wind Onshore,2026-08-21T06:40:18Z
2026-08-21T06:33:41Z,2026-08-21T08:33:41+0200,6801fa27-1585-43c5-af49-29c528898ba2,2026-08-17T17:30:00Z,2026-08-17T19:30:00+0200,1634.6,MW,DK1,DK_1,actual_onshore_wind_generation,Wind Onshore,2026-08-21T06:40:18Z
2026-08-21T06:33:41Z,2026-08-21T08:33:41+0200,6801fa27-1585-43c5-af49-29c528898ba2,2026-08-17T17:45:00Z,2026-08-17T19:45:00+0200,1523.21,MW,DK1,DK_1,actual_onshore_wind_generation,Wind Onshore,2026-08-21T06:40:18Z
2026-08-21T06:33:41Z,2026-08-21T08:33:41+0200,6801fa27-1585-43c5-af49-29c528898ba2,2026-08-17T18:00:00Z,2026-08-17T20:00:00+0200,1375.08,MW,DK1,DK_1,actual_onshore_wind_generation,Wind Onshore,2026-08-21T06:40:18Z
2026-08-21T06:33:41Z,2026-08-21T08:33:41+0200,6801fa27-1585-43c5-af49-29c528898ba2,2026-08-17T18:15:00Z,2026-08-17T20:15:00+0200,1261.36,MW,DK1,DK_1,actual_onshore_wind_generation,Wind Onshore,2026-08-21T06:40:18Z
2026-08-21T06:33:41Z,2026-08-21T08:33:41+0200,6801fa27-1585-43c5-af49-29c528898ba2,2026-08-17T18:30:00Z,2026-08-17T20:30:00+0200,1197.68,MW,DK1,DK_1,actual_onshore_wind_generation,Wind Onshore,2026-08-21T06:40:18Z
2026-08-21T06:33:41Z,2026-08-21T08:33:41+0200,6801fa27-1585-43c5-af49-29c528898ba2,2026-08-17T18:45:00Z,2026-08-17T20:45:00+0200,1085.73,MW,DK1,DK_1,actual_onshore_wind_generation,Wind Onshore,2026-08-21T06:40:18Z
2026-08-21T06:33:41Z,2026-08-21T08:33:41+0200,6801fa27-1585-43c5-af49-29c528898ba2,2026-08-17T19:00:00Z,2026-08-17T21:00:00+0200,995.126,MW,DK1,DK_1,actual_onshore_wind_generation,Wind Onshore,2026-08-21T06:40:18Z
2026-08-21T06:33:41Z,2026-08-21T08:33:41+0200,6801fa27-1585-43c5-af49-29c528898ba2,2026-08-17T19:15:00Z,2026-08-17T21:15:00+0200,949.531,MW,DK1,DK_1,actual_onshore_wind_generation,Wind Onshore,2026-08-21T06:40:18Z
2026-08-21T06:33:41Z,2026-08-21T08:33:41+0200,6801fa27-1585-43c5-af49-29c528898ba2,2026-08-17T19:30:00Z,2026-08-17T21:30:00+0200,911.719,MW,DK1,DK_1,actual_onshore_wind_generation,Wind Onshore,2026-08-21T06:40:18Z
2026-08-21T06:33:41Z,2026-08-21T08:33:41+0200,6801fa27-1585-43c5-af49-29c528898ba2,2026-08-17T19:45:00Z,2026-08-17T21:45:00+0200,899.855,MW,DK1,DK_1,actual_onshore_wind_generation,Wind Onshore,2026-08-21T06:40:18Z
2026-08-21T06:33:41Z,2026-08-21T08:33:41+0200,6801fa27-1585-43c5-af49-29c528898ba2,2026-08-17T20:00:00Z,2026-08-17T22:00:00+0200,898.947,MW,DK1,DK_1,actual_onshore_wind_generation,Wind Onshore,2026-08-21T06:40:18Z
2026-08-21T06:33:41Z,2026-08-21T08:33:41+0200,6801fa27-1585-43c5-af49-29c528898ba2,2026-08-17T20:15:00Z,2026-08-17T22:15:00+0200,912.496,MW,DK1,DK_1,actual_onshore_wind_generation,Wind Onshore,2026-08-21T06:40:18Z
2026-08-21T06:33:41Z,2026-08-21T08:33:41+0200,6801fa27-1585-43c5-af49-29c528898ba2,2026-08-17T20:30:00Z,2026-08-17T22:30:00+0200,922.015,MW,DK1,DK_1,actual_onshore_wind_generation,Wind Onshore,2026-08-21T06:40:18Z
2026-08-21T06:33:41Z,2026-08-21T08:33:41+0200,6801fa27-1585-43c5-af49-29c528898ba2,2026-08-17T20:45:00Z,2026-08-17T22:45:00+0200,917.259,MW,DK1,DK_1,actual_onshore_wind_generation,Wind Onshore,2026-08-21T06:40:18Z
2026-08-21T06:33:41Z,2026-08-21T08:33:41+0200,6801fa27-1585-43c5-af49-29c528898ba2,2026-08-17T21:00:00Z,2026-08-17T23:00:00+0200,915.456,MW,DK1,DK_1,actual_onshore_wind_generation,Wind Onshore,2026-08-21T06:40:18Z
2026-08-21T06:33:41Z,2026-08-21T08:33:41+0200,6801fa27-1585-43c5-af49-29c528898ba2,2026-08-17T21:15:00Z,2026-08-17T23:15:00+0200,914.82,MW,DK1,DK_1,actual_onshore_wind_generation,Wind Onshore,2026-08-21T06:40:18Z
2026-08-21T06:33:41Z,2026-08-21T08:33:41+0200,6801fa27-1585-43c5-af49-29c528898ba2,2026-08-17T21:30:00Z,2026-08-17T23:30:00+0200,913.386,MW,DK1,DK_1,actual_onshore_wind_generation,Wind Onshore,2026-08-21T06:40:18Z
2026-08-21T06:33:41Z,2026-08-21T08:33:41+0200,6801fa27-1585-43c5-af49-29c528898ba2,2026-08-17T21:45:00Z,2026-08-17T23:45:00+0200,879.718,MW,DK1,DK_1,actual_onshore_wind_generation,Wind Onshore,2026-08-21T06:40:18Z
2026-08-21T06:33:41Z,2026-08-21T08:33:41+0200,6801fa27-1585-43c5-af49-29c528898ba2,2026-08-17T22:00:00Z,2026-08-18T00:00:00+0200,893.033,MW,DK1,DK_1,actual_onshore_wind_generation,Wind Onshore,2026-08-21T06:40:18Z
2026-08-21T06:33:41Z,2026-08-21T08:33:41+0200,6801fa27-1585-43c5-af49-29c528898ba2,2026-08-17T22:15:00Z,2026-08-18T00:15:00+0200,884.719,MW,DK1,DK_1,actual_onshore_wind_generation,Wind Onshore,2026-08-21T06:40:18Z
2026-08-21T06:33:41Z,2026-08-21T08:33:41+0200,6801fa27-1585-43c5-af49-29c528898ba2,2026-08-17T22:30:00Z,2026-08-18T00:30:00+0200,846.137,MW,DK1,DK_1,actual_onshore_wind_generation,Wind Onshore,2026-08-21T06:40:18Z
2026-08-21T06:33:41Z,2026-08-21T08:33:41+0200,6801fa27-1585-43c5-af49-29c528898ba2,2026-08-17T22:45:00Z,2026-08-18T00:45:00+0200,848.045,MW,DK1,DK_1,actual_onshore_wind_generation,Wind Onshore,2026-08-21T06:40:18Z
2026-08-21T06:33:41Z,2026-08-21T08:33:41+0200,6801fa27-1585-43c5-af49-29c528898ba2,2026-08-17T23:00:00Z,2026-08-18T01:00:00+0200,869.672,MW,DK1,DK_1,actual_onshore_wind_generation,Wind Onshore,2026-08-21T06:40:18Z
2026-08-21T06:33:41Z,2026-08-21T08:33:41+0200,6801fa27-1585-43c5-af49-29c528898ba2,2026-08-17T23:15:00Z,2026-08-18T01:15:00+0200,847.287,MW,DK1,DK_1,actual_onshore_wind_generation,Wind Onshore,2026-08-21T06:40:18Z
2026-08-21T06:33:41Z,2026-08-21T08:33:41+0200,6801fa27-1585-43c5-af49-29c528898ba2,2026-08-17T23:30:00Z,2026-08-18T01:30:00+0200,846.81,MW,DK1,DK_1,actual_onshore_wind_generation,Wind Onshore,2026-08-21T06:40:18Z
2026-08-21T06:33:41Z,2026-08-21T08:33:41+0200,6801fa27-1585-43c5-af49-29c528898ba2,2026-08-17T23:45:00Z,2026-08-18T01:45:00+0200,857.822,MW,DK1,DK_1,actual_onshore_wind_generation,Wind Onshore,2026-08-21T06:40:18Z
2026-08-21T06:33:41Z,2026-08-21T08:33:41+0200,6801fa27-1585-43c5-af49-29c528898ba2,2026-08-18T00:00:00Z,2026-08-18T02:00:00+0200,838.199,MW,DK1,DK_1,actual_onshore_wind_generation,Wind Onshore,2026-08-21T06:40:18Z
2026-08-21T06:33:41Z,2026-08-21T08:33:41+0200,6801fa27-1585-43c5-af49-29c528898ba2,2026-08-18T00:15:00Z,2026-08-18T02:15:00+0200,770.998,MW,DK1,DK_1,actual_onshore_wind_generation,Wind Onshore,2026-08-21T06:40:18Z
2026-08-21T06:33:41Z,2026-08-21T08:33:41+0200,6801fa27-1585-43c5-af49-29c528898ba2,2026-08-18T00:30:00Z,2026-08-18T02:30:00+0200,741.584,MW,DK1,DK_1,actual_onshore_wind_generation,Wind Onshore,2026-08-21T06:40:18Z
2026-08-21T06:33:41Z,2026-08-21T08:33:41+0200,6801fa27-1585-43c5-af49-29c528898ba2,2026-08-18T00:45:00Z,2026-08-18T02:45:00+0200,740.153,MW,DK1,DK_1,actual_onshore_wind_generation,Wind Onshore,2026-08-21T06:40:18Z
2026-08-21T06:33:41Z,2026-08-21T08:33:41+0200,6801fa27-1585-43c5-af49-29c528898ba2,2026-08-18T01:00:00Z,2026-08-18T03:00:00+0200,723.818,MW,DK1,DK_1,actual_onshore_wind_generation,Wind Onshore,2026-08-21T06:40:18Z
2026-08-21T06:33:41Z,2026-08-21T08:33:41+0200,6801fa27-1585-43c5-af49-29c528898ba2,2026-08-18T01:15:00Z,2026-08-18T03:15:00+0200,672.083,MW,DK1,DK_1,actual_onshore_wind_generation,Wind Onshore,2026-08-21T06:40:18Z
2026-08-21T06:33:41Z,2026-08-21T08:33:41+0200,6801fa27-1585-43c5-af49-29c528898ba2,2026-08-18T01:30:00Z,2026-08-18T03:30:00+0200,658.934,MW,DK1,DK_1,actual_onshore_wind_generation,Wind Onshore,2026-08-21T06:40:18Z
2026-08-21T06:33:41Z,2026-08-21T08:33:41+0200,6801fa27-1585-43c5-af49-29c528898ba2,2026-08-18T01:45:00Z,2026-08-18T03:45:00+0200,627.078,MW,DK1,DK_1,actual_onshore_wind_generation,Wind Onshore,2026-08-21T06:40:18Z
2026-08-21T06:33:41Z,2026-08-21T08:33:41+0200,6801fa27-1585-43c5-af49-29c528898ba2,2026-08-18T02:00:00Z,2026-08-18T04:00:00+0200,609.997,MW,DK1,DK_1,actual_onshore_wind_generation,Wind Onshore,2026-08-21T06:40:18Z
2026-08-21T06:33:41Z,2026-08-21T08:33:41+0200,6801fa27-1585-43c5-af49-29c528898ba2,2026-08-18T02:15:00Z,2026-08-18T04:15:00+0200,558.053,MW,DK1,DK_1,actual_onshore_wind_generation,Wind Onshore,2026-08-21T06:40:18Z
2026-08-21T06:33:41Z,2026-08-21T08:33:41+0200,6801fa27-1585-43c5-af49-29c528898ba2,2026-08-18T02:30:00Z,2026-08-18T04:30:00+0200,499.391,MW,DK1,DK_1,actual_onshore_wind_generation,Wind Onshore,2026-08-21T06:40:18Z
2026-08-21T06:33:41Z,2026-08-21T08:33:41+0200,6801fa27-1585-43c5-af49-29c528898ba2,2026-08-18T02:45:00Z,2026-08-18T04:45:00+0200,479.372,MW,DK1,DK_1,actual_onshore_wind_generation,Wind Onshore,2026-08-21T06:40:18Z
2026-08-21T06:33:41Z,2026-08-21T08:33:41+0200,6801fa27-1585-43c5-af49-29c528898ba2,2026-08-18T03:00:00Z,2026-08-18T05:00:00+0200,452.721,MW,DK1,DK_1,actual_onshore_wind_generation,Wind Onshore,2026-08-21T06:40:18Z
2026-08-21T06:33:41Z,2026-08-21T08:33:41+0200,6801fa27-1585-43c5-af49-29c528898ba2,2026-08-18T03:15:00Z,2026-08-18T05:15:00+0200,429.609,MW,DK1,DK_1,actual_onshore_wind_generation,Wind Onshore,2026-08-21T06:40:18Z
2026-08-21T06:33:41Z,2026-08-21T08:33:41+0200,6801fa27-1585-43c5-af49-29c528898ba2,2026-08-18T03:30:00Z,2026-08-18T05:30:00+0200,411.761,MW,DK1,DK_1,actual_onshore_wind_generation,Wind Onshore,2026-08-21T06:40:18Z
2026-08-21T06:33:41Z,2026-08-21T08:33:41+0200,6801fa27-1585-43c5-af49-29c528898ba2,2026-08-18T03:45:00Z,2026-08-18T05:45:00+0200,382.857,MW,DK1,DK_1,actual_onshore_wind_generation,Wind Onshore,2026-08-21T06:40:18Z
2026-08-21T06:33:41Z,2026-08-21T08:33:41+0200,6801fa27-1585-43c5-af49-29c528898ba2,2026-08-18T04:00:00Z,2026-08-18T06:00:00+0200,363.045,MW,DK1,DK_1,actual_onshore_wind_generation,Wind Onshore,2026-08-21T06:40:18Z
2026-08-21T06:33:41Z,2026-08-21T08:33:41+0200,6801fa27-1585-43c5-af49-29c528898ba2,2026-08-18T04:15:00Z,2026-08-18T06:15:00+0200,349.329,MW,DK1,DK_1,actual_onshore_wind_generation,Wind Onshore,2026-08-21T06:40:18Z
2026-08-21T06:33:41Z,2026-08-21T08:33:41+0200,6801fa27-1585-43c5-af49-29c528898ba2,2026-08-18T04:30:00Z,2026-08-18T06:30:00+0200,319.653,MW,DK1,DK_1,actual_onshore_wind_generation,Wind Onshore,2026-08-21T06:40:18Z
2026-08-21T06:33:41Z,2026-08-21T08:33:41+0200,6801fa27-1585-43c5-af49-29c528898ba2,2026-08-18T04:45:00Z,2026-08-18T06:45:00+0200,292.838,MW,DK1,DK_1,actual_onshore_wind_generation,Wind Onshore,2026-08-21T06:40:18Z
2026-08-21T06:33:41Z,2026-08-21T08:33:41+0200,6801fa27-1585-43c5-af49-29c528898ba2,2026-08-18T05:00:00Z,2026-08-18T07:00:00+0200,260.439,MW,DK1,DK_1,actual_onshore_wind_generation,Wind Onshore,2026-08-21T06:40:18Z
2026-08-21T06:33:41Z,2026-08-21T08:33:41+0200,6801fa27-1585-43c5-af49-29c528898ba2,2026-08-18T05:15:00Z,2026-08-18T07:15:00+0200,247.423,MW,DK1,DK_1,actual_onshore_wind_generation,Wind Onshore,2026-08-21T06:40:18Z
2026-08-21T06:33:41Z,2026-08-21T08:33:41+0200,6801fa27-1585-43c5-af49-29c528898ba2,2026-08-18T05:30:00Z,2026-08-18T07:30:00+0200,235.943,MW,DK1,DK_1,actual_onshore_wind_generation,Wind Onshore,2026-08-21T06:40:18Z
2026-08-21T06:33:41Z,2026-08-21T08:33:41+0200,6801fa27-1585-43c5-af49-29c528898ba2,2026-08-18T05:45:00Z,2026-08-18T07:45:00+0200,221.296,MW,DK1,DK_1,actual_onshore_wind_generation,Wind Onshore,2026-08-21T06:40:18Z
2026-08-21T06:33:41Z,2026-08-21T08:33:41+0200,6801fa27-1585-43c5-af49-29c528898ba2,2026-08-18T06:00:00Z,2026-08-18T08:00:00+0200,219.536,MW,DK1,DK_1,actual_onshore_wind_generation,Wind Onshore,2026-08-21T06:40:18Z
2026-08-21T06:33:41Z,2026-08-21T08:33:41+0200,6801fa27-1585-43c5-af49-29c528898ba2,2026-08-18T06:15:00Z,2026-08-18T08:15:00+0200,219.566,MW,DK1,DK_1,actual_onshore_wind_generation,Wind Onshore,2026-08-21T06:40:18Z
2026-08-21T06:33:41Z,2026-08-21T08:33:41+0200,6801fa27-1585-43c5-af49-29c528898ba2,2026-08-18T06:30:00Z,2026-08-18T08:30:00+0200,225.048,MW,DK1,DK_1,actual_onshore_wind_generation,Wind Onshore,2026-08-21T06:40:18Z
2026-08-21T06:33:41Z,2026-08-21T08:33:41+0200,6801fa27-1585-43c5-af49-29c528898ba2,2026-08-18T06:45:00Z,2026-08-18T08:45:00+0200,230.229,MW,DK1,DK_1,actual_onshore_wind_generation,Wind Onshore,2026-08-21T06:40:18Z
2026-08-21T06:33:41Z,2026-08-21T08:33:41+0200,6801fa27-1585-43c5-af49-29c528898ba2,2026-08-18T07:00:00Z,2026-08-18T09:00:00+0200,238.066,MW,DK1,DK_1,actual_onshore_wind_generation,Wind Onshore,2026-08-21T06:40:18Z
2026-08-21T06:33:41Z,2026-08-21T08:33:41+0200,6801fa27-1585-43c5-af49-29c528898ba2,2026-08-18T07:15:00Z,2026-08-18T09:15:00+0200,246.228,MW,DK1,DK_1,actual_onshore_wind_generation,Wind Onshore,2026-08-21T06:40:18Z
2026-08-21T06:33:41Z,2026-08-21T08:33:41+0200,6801fa27-1585-43c5-af49-29c528898ba2,2026-08-18T07:30:00Z,2026-08-18T09:30:00+0200,221.002,MW,DK1,DK_1,actual_onshore_wind_generation,Wind Onshore,2026-08-21T06:40:18Z
2026-08-21T06:33:41Z,2026-08-21T08:33:41+0200,6801fa27-1585-43c5-af49-29c528898ba2,2026-08-18T07:45:00Z,2026-08-18T09:45:00+0200,215.705,MW,DK1,DK_1,actual_onshore_wind_generation,Wind Onshore,2026-08-21T06:40:18Z
2026-08-21T06:33:41Z,2026-08-21T08:33:41+0200,6801fa27-1585-43c5-af49-29c528898ba2,2026-08-18T08:00:00Z,2026-08-18T10:00:00+0200,207.065,MW,DK1,DK_1,actual_onshore_wind_generation,Wind Onshore,2026-08-21T06:40:18Z
2026-08-21T06:33:41Z,2026-08-21T08:33:41+0200,6801fa27-1585-43c5-af49-29c528898ba2,2026-08-18T08:15:00Z,2026-08-18T10:15:00+0200,207.473,MW,DK1,DK_1,actual_onshore_wind_generation,Wind Onshore,2026-08-21T06:40:18Z
2026-08-21T06:33:41Z,2026-08-21T08:33:41+0200,6801fa27-1585-43c5-af49-29c528898ba2,2026-08-18T08:30:00Z,2026-08-18T10:30:00+0200,223.616,MW,DK1,DK_1,actual_onshore_wind_generation,Wind Onshore,2026-08-21T06:40:18Z
2026-08-21T06:33:41Z,2026-08-21T08:33:41+0200,6801fa27-1585-43c5-af49-29c528898ba2,2026-08-18T08:45:00Z,2026-08-18T10:45:00+0200,212.449,MW,DK1,DK_1,actual_onshore_wind_generation,Wind Onshore,2026-08-21T06:40:18Z
2026-08-21T06:33:41Z,2026-08-21T08:33:41+0200,6801fa27-1585-43c5-af49-29c528898ba2,2026-08-18T09:00:00Z,2026-08-18T11:00:00+0200,199.612,MW,DK1,DK_1,actual_onshore_wind_generation,Wind Onshore,2026-08-21T06:40:18Z
2026-08-21T06:33:41Z,2026-08-21T08:33:41+0200,6801fa27-1585-43c5-af49-29c528898ba2,2026-08-18T09:15:00Z,2026-08-18T11:15:00+0200,192.215,MW,DK1,DK_1,actual_onshore_wind_generation,Wind Onshore,2026-08-21T06:40:18Z
2026-08-21T06:33:41Z,2026-08-21T08:33:41+0200,6801fa27-1585-43c5-af49-29c528898ba2,2026-08-18T09:30:00Z,2026-08-18T11:30:00+0200,197.254,MW,DK1,DK_1,actual_onshore_wind_generation,Wind Onshore,2026-08-21T06:40:18Z
2026-08-21T06:33:41Z,2026-08-21T08:33:41+0200,6801fa27-1585-43c5-af49-29c528898ba2,2026-08-18T09:45:00Z,2026-08-18T11:45:00+0200,210.21,MW,DK1,DK_1,actual_onshore_wind_generation,Wind Onshore,2026-08-21T06:40:18Z
2026-08-21T06:33:41Z,2026-08-21T08:33:41+0200,6801fa27-1585-43c5-af49-29c528898ba2,2026-08-18T10:00:00Z,2026-08-18T12:00:00+0200,224.941,MW,DK1,DK_1,actual_onshore_wind_generation,Wind Onshore,2026-08-21T06:40:18Z
2026-08-21T06:33:41Z,2026-08-21T08:33:41+0200,6801fa27-1585-43c5-af49-29c528898ba2,2026-08-18T10:15:00Z,2026-08-18T12:15:00+0200,227.479,MW,DK1,DK_1,actual_onshore_wind_generation,Wind Onshore,2026-08-21T06:40:18Z
2026-08-21T06:33:41Z,2026-08-21T08:33:41+0200,6801fa27-1585-43c5-af49-29c528898ba2,2026-08-18T10:30:00Z,2026-08-18T12:30:00+0200,226.542,MW,DK1,DK_1,actual_onshore_wind_generation,Wind Onshore,2026-08-21T06:40:18Z
2026-08-21T06:33:41Z,2026-08-21T08:33:41+0200,6801fa27-1585-43c5-af49-29c528898ba2,2026-08-18T10:45:00Z,2026-08-18T12:45:00+0200,256.835,MW,DK1,DK_1,actual_onshore_wind_generation,Wind Onshore,2026-08-21T06:40:18Z
2026-08-21T06:33:41Z,2026-08-21T08:33:41+0200,6801fa27-1585-43c5-af49-29c528898ba2,2026-08-18T11:00:00Z,2026-08-18T13:00:00+0200,262.179,MW,DK1,DK_1,actual_onshore_wind_generation,Wind Onshore,2026-08-21T06:40:18Z
2026-08-21T06:33:41Z,2026-08-21T08:33:41+0200,6801fa27-1585-43c5-af49-29c528898ba2,2026-08-18T11:15:00Z,2026-08-18T13:15:00+0200,272.608,MW,DK1,DK_1,actual_onshore_wind_generation,Wind Onshore,2026-08-21T06:40:18Z
2026-08-21T06:33:41Z,2026-08-21T08:33:41+0200,6801fa27-1585-43c5-af49-29c528898ba2,2026-08-18T11:30:00Z,2026-08-18T13:30:00+0200,273.688,MW,DK1,DK_1,actual_onshore_wind_generation,Wind Onshore,2026-08-21T06:40:18Z
2026-08-21T06:33:41Z,2026-08-21T08:33:41+0200,6801fa27-1585-43c5-af49-29c528898ba2,2026-08-18T11:45:00Z,2026-08-18T13:45:00+0200,266.729,MW,DK1,DK_1,actual_onshore_wind_generation,Wind Onshore,2026-08-21T06:40:18Z
2026-08-21T06:33:41Z,2026-08-21T08:33:41+0200,6801fa27-1585-43c5-af49-29c528898ba2,2026-08-18T12:00:00Z,2026-08-18T14:00:00+0200,261.612,MW,DK1,DK_1,actual_onshore_wind_generation,Wind Onshore,2026-08-21T06:40:18Z
2026-08-21T06:33:41Z,2026-08-21T08:33:41+0200,6801fa27-1585-43c5-af49-29c528898ba2,2026-08-18T12:15:00Z,2026-08-18T14:15:00+0200,249.668,MW,DK1,DK_1,actual_onshore_wind_generation,Wind Onshore,2026-08-21T06:40:18Z
2026-08-21T06:33:41Z,2026-08-21T08:33:41+0200,6801fa27-1585-43c5-af49-29c528898ba2,2026-08-18T12:30:00Z,2026-08-18T14:30:00+0200,248.632,MW,DK1,DK_1,actual_onshore_wind_generation,Wind Onshore,2026-08-21T06:40:18Z
2026-08-21T06:33:41Z,2026-08-21T08:33:41+0200,6801fa27-1585-43c5-af49-29c528898ba2,2026-08-18T12:45:00Z,2026-08-18T14:45:00+0200,254.747,MW,DK1,DK_1,actual_onshore_wind_generation,Wind Onshore,2026-08-21T06:40:18Z
2026-08-21T06:33:41Z,2026-08-21T08:33:41+0200,6801fa27-1585-43c5-af49-29c528898ba2,2026-08-18T13:00:00Z,2026-08-18T15:00:00+0200,256.437,MW,DK1,DK_1,actual_onshore_wind_generation,Wind Onshore,2026-08-21T06:40:18Z
2026-08-21T06:33:41Z,2026-08-21T08:33:41+0200,6801fa27-1585-43c5-af49-29c528898ba2,2026-08-18T13:15:00Z,2026-08-18T15:15:00+0200,244.065,MW,DK1,DK_1,actual_onshore_wind_generation,Wind Onshore,2026-08-21T06:40:18Z
2026-08-21T06:33:41Z,2026-08-21T08:33:41+0200,6801fa27-1585-43c5-af49-29c528898ba2,2026-08-18T13:30:00Z,2026-08-18T15:30:00+0200,251.088,MW,DK1,DK_1,actual_onshore_wind_generation,Wind Onshore,2026-08-21T06:40:18Z
2026-08-21T06:33:41Z,2026-08-21T08:33:41+0200,6801fa27-1585-43c5-af49-29c528898ba2,2026-08-18T13:45:00Z,2026-08-18T15:45:00+0200,247.371,MW,DK1,DK_1,actual_onshore_wind_generation,Wind Onshore,2026-08-21T06:40:18Z
2026-08-21T06:33:41Z,2026-08-21T08:33:41+0200,6801fa27-1585-43c5-af49-29c528898ba2,2026-08-18T14:00:00Z,2026-08-18T16:00:00+0200,243.703,MW,DK1,DK_1,actual_onshore_wind_generation,Wind Onshore,2026-08-21T06:40:18Z
2026-08-21T06:33:41Z,2026-08-21T08:33:41+0200,6801fa27-1585-43c5-af49-29c528898ba2,2026-08-18T14:15:00Z,2026-08-18T16:15:00+0200,245.639,MW,DK1,DK_1,actual_onshore_wind_generation,Wind Onshore,2026-08-21T06:40:18Z
2026-08-21T06:33:41Z,2026-08-21T08:33:41+0200,6801fa27-1585-43c5-af49-29c528898ba2,2026-08-18T14:30:00Z,2026-08-18T16:30:00+0200,232.229,MW,DK1,DK_1,actual_onshore_wind_generation,Wind Onshore,2026-08-21T06:40:18Z
2026-08-21T06:33:41Z,2026-08-21T08:33:41+0200,6801fa27-1585-43c5-af49-29c528898ba2,2026-08-18T14:45:00Z,2026-08-18T16:45:00+0200,234.948,MW,DK1,DK_1,actual_onshore_wind_generation,Wind Onshore,2026-08-21T06:40:18Z
2026-08-21T06:33:41Z,2026-08-21T08:33:41+0200,6801fa27-1585-43c5-af49-29c528898ba2,2026-08-18T15:00:00Z,2026-08-18T17:00:00+0200,240.733,MW,DK1,DK_1,actual_onshore_wind_generation,Wind Onshore,2026-08-21T06:40:18Z
2026-08-21T06:33:41Z,2026-08-21T08:33:41+0200,6801fa27-1585-43c5-af49-29c528898ba2,2026-08-18T15:15:00Z,2026-08-18T17:15:00+0200,233.308,MW,DK1,DK_1,actual_onshore_wind_generation,Wind Onshore,2026-08-21T06:40:18Z
2026-08-21T06:33:41Z,2026-08-21T08:33:41+0200,6801fa27-1585-43c5-af49-29c528898ba2,2026-08-18T15:30:00Z,2026-08-18T17:30:00+0200,221.295,MW,DK1,DK_1,actual_onshore_wind_generation,Wind Onshore,2026-08-21T06:40:18Z
2026-08-21T06:33:41Z,2026-08-21T08:33:41+0200,6801fa27-1585-43c5-af49-29c528898ba2,2026-08-18T15:45:00Z,2026-08-18T17:45:00+0200,207.551,MW,DK1,DK_1,actual_onshore_wind_generation,Wind Onshore,2026-08-21T06:40:18Z
2026-08-21T06:33:41Z,2026-08-21T08:33:41+0200,6801fa27-1585-43c5-af49-29c528898ba2,2026-08-18T16:00:00Z,2026-08-18T18:00:00+0200,196.126,MW,DK1,DK_1,actual_onshore_wind_generation,Wind Onshore,2026-08-21T06:40:18Z
2026-08-21T06:33:41Z,2026-08-21T08:33:41+0200,6801fa27-1585-43c5-af49-29c528898ba2,2026-08-18T16:15:00Z,2026-08-18T18:15:00+0200,177.32,MW,DK1,DK_1,actual_onshore_wind_generation,Wind Onshore,2026-08-21T06:40:18Z
2026-08-21T06:33:41Z,2026-08-21T08:33:41+0200,6801fa27-1585-43c5-af49-29c528898ba2,2026-08-18T16:30:00Z,2026-08-18T18:30:00+0200,159.902,MW,DK1,DK_1,actual_onshore_wind_generation,Wind Onshore,2026-08-21T06:40:18Z
2026-08-21T06:33:41Z,2026-08-21T08:33:41+0200,6801fa27-1585-43c5-af49-29c528898ba2,2026-08-18T16:45:00Z,2026-08-18T18:45:00+0200,158.397,MW,DK1,DK_1,actual_onshore_wind_generation,Wind Onshore,2026-08-21T06:40:18Z
2026-08-21T06:33:41Z,2026-08-21T08:33:41+0200,6801fa27-1585-43c5-af49-29c528898ba2,2026-08-18T17:00:00Z,2026-08-18T19:00:00+0200,146.951,MW,DK1,DK_1,actual_onshore_wind_generation,Wind Onshore,2026-08-21T06:40:18Z
2026-08-21T06:33:41Z,2026-08-21T08:33:41+0200,6801fa27-1585-43c5-af49-29c528898ba2,2026-08-18T17:15:00Z,2026-08-18T19:15:00+0200,128.831,MW,DK1,DK_1,actual_onshore_wind_generation,Wind Onshore,2026-08-21T06:40:18Z
2026-08-21T06:33:41Z,2026-08-21T08:33:41+0200,6801fa27-1585-43c5-af49-29c528898ba2,2026-08-18T17:30:00Z,2026-08-18T19:30:00+0200,114.567,MW,DK1,DK_1,actual_onshore_wind_generation,Wind Onshore,2026-08-21T06:40:18Z
2026-08-21T06:33:41Z,2026-08-21T08:33:41+0200,6801fa27-1585-43c5-af49-29c528898ba2,2026-08-18T17:45:00Z,2026-08-18T19:45:00+0200,103.581,MW,DK1,DK_1,actual_onshore_wind_generation,Wind Onshore,2026-08-21T06:40:18Z
2026-08-21T06:33:41Z,2026-08-21T08:33:41+0200,6801fa27-1585-43c5-af49-29c528898ba2,2026-08-18T18:00:00Z,2026-08-18T20:00:00+0200,99.6404,MW,DK1,DK_1,actual_onshore_wind_generation,Wind Onshore,2026-08-21T06:40:18Z
2026-08-21T06:33:41Z,2026-08-21T08:33:41+0200,6801fa27-1585-43c5-af49-29c528898ba2,2026-08-18T18:15:00Z,2026-08-18T20:15:00+0200,93.974,MW,DK1,DK_1,actual_onshore_wind_generation,Wind Onshore,2026-08-21T06:40:18Z
2026-08-21T06:33:41Z,2026-08-21T08:33:41+0200,6801fa27-1585-43c5-af49-29c528898ba2,2026-08-18T18:30:00Z,2026-08-18T20:30:00+0200,88.6898,MW,DK1,DK_1,actual_onshore_wind_generation,Wind Onshore,2026-08-21T06:40:18Z
2026-08-21T06:33:41Z,2026-08-21T08:33:41+0200,6801fa27-1585-43c5-af49-29c528898ba2,2026-08-18T18:45:00Z,2026-08-18T20:45:00+0200,83.4992,MW,DK1,DK_1,actual_onshore_wind_generation,Wind Onshore,2026-08-21T06:40:18Z
2026-08-21T06:33:41Z,2026-08-21T08:33:41+0200,6801fa27-1585-43c5-af49-29c528898ba2,2026-08-18T19:00:00Z,2026-08-18T21:00:00+0200,77.206,MW,DK1,DK_1,actual_onshore_wind_generation,Wind Onshore,2026-08-21T06:40:18Z
2026-08-21T06:33:41Z,2026-08-21T08:33:41+0200,6801fa27-1585-43c5-af49-29c528898ba2,2026-08-18T19:15:00Z,2026-08-18T21:15:00+0200,71.1521,MW,DK1,DK_1,actual_onshore_wind_generation,Wind Onshore,2026-08-21T06:40:18Z
2026-08-21T06:33:41Z,2026-08-21T08:33:41+0200,6801fa27-1585-43c5-af49-29c528898ba2,2026-08-18T19:30:00Z,2026-08-18T21:30:00+0200,70.3916,MW,DK1,DK_1,actual_onshore_wind_generation,Wind Onshore,2026-08-21T06:40:18Z
2026-08-21T06:33:41Z,2026-08-21T08:33:41+0200,6801fa27-1585-43c5-af49-29c528898ba2,2026-08-18T19:45:00Z,2026-08-18T21:45:00+0200,67.7386,MW,DK1,DK_1,actual_onshore_wind_generation,Wind Onshore,2026-08-21T06:40:18Z
2026-08-21T06:33:41Z,2026-08-21T08:33:41+0200,6801fa27-1585-43c5-af49-29c528898ba2,2026-08-18T20:00:00Z,2026-08-18T22:00:00+0200,65.7315,MW,DK1,DK_1,actual_onshore_wind_generation,Wind Onshore,2026-08-21T06:40:18Z
2026-08-21T06:33:41Z,2026-08-21T08:33:41+0200,6801fa27-1585-43c5-af49-29c528898ba2,2026-08-18T20:15:00Z,2026-08-18T22:15:00+0200,64.7655,MW,DK1,DK_1,actual_onshore_wind_generation,Wind Onshore,2026-08-21T06:40:18Z
2026-08-21T06:33:41Z,2026-08-21T08:33:41+0200,6801fa27-1585-43c5-af49-29c528898ba2,2026-08-18T20:30:00Z,2026-08-18T22:30:00+0200,59.0698,MW,DK1,DK_1,actual_onshore_wind_generation,Wind Onshore,2026-08-21T06:40:18Z
2026-08-21T06:33:41Z,2026-08-21T08:33:41+0200,6801fa27-1585-43c5-af49-29c528898ba2,2026-08-18T20:45:00Z,2026-08-18T22:45:00+0200,58.1625,MW,DK1,DK_1,actual_onshore_wind_generation,Wind Onshore,2026-08-21T06:40:18Z
2026-08-21T06:33:41Z,2026-08-21T08:33:41+0200,6801fa27-1585-43c5-af49-29c528898ba2,2026-08-18T21:00:00Z,2026-08-18T23:00:00+0200,50.2803,MW,DK1,DK_1,actual_onshore_wind_generation,Wind Onshore,2026-08-21T06:40:18Z
2026-08-21T06:33:41Z,2026-08-21T08:33:41+0200,6801fa27-1585-43c5-af49-29c528898ba2,2026-08-18T21:15:00Z,2026-08-18T23:15:00+0200,57.9524,MW,DK1,DK_1,actual_onshore_wind_generation,Wind Onshore,2026-08-21T06:40:18Z
2026-08-21T06:33:41Z,2026-08-21T08:33:41+0200,6801fa27-1585-43c5-af49-29c528898ba2,2026-08-18T21:30:00Z,2026-08-18T23:30:00+0200,61.3617,MW,DK1,DK_1,actual_onshore_wind_generation,Wind Onshore,2026-08-21T06:40:18Z
2026-08-21T06:33:41Z,2026-08-21T08:33:41+0200,6801fa27-1585-43c5-af49-29c528898ba2,2026-08-18T21:45:00Z,2026-08-18T23:45:00+0200,62.1116,MW,DK1,DK_1,actual_onshore_wind_generation,Wind Onshore,2026-08-21T06:40:18Z
2026-08-21T06:33:41Z,2026-08-21T08:33:41+0200,6801fa27-1585-43c5-af49-29c528898ba2,2026-08-18T22:00:00Z,2026-08-19T00:00:00+0200,69.3152,MW,DK1,DK_1,actual_onshore_wind_generation,Wind Onshore,2026-08-21T06:40:18Z
2026-08-21T06:33:41Z,2026-08-21T08:33:41+0200,6801fa27-1585-43c5-af49-29c528898ba2,2026-08-18T22:15:00Z,2026-08-19T00:15:00+0200,80.2265,MW,DK1,DK_1,actual_onshore_wind_generation,Wind Onshore,2026-08-21T06:40:18Z
2026-08-21T06:33:41Z,2026-08-21T08:33:41+0200,6801fa27-1585-43c5-af49-29c528898ba2,2026-08-18T22:30:00Z,2026-08-19T00:30:00+0200,95.6644,MW,DK1,DK_1,actual_onshore_wind_generation,Wind Onshore,2026-08-21T06:40:18Z
2026-08-21T06:33:41Z,2026-08-21T08:33:41+0200,6801fa27-1585-43c5-af49-29c528898ba2,2026-08-18T22:45:00Z,2026-08-19T00:45:00+0200,108.611,MW,DK1,DK_1,actual_onshore_wind_generation,Wind Onshore,2026-08-21T06:40:18Z
2026-08-21T06:33:41Z,2026-08-21T08:33:41+0200,6801fa27-1585-43c5-af49-29c528898ba2,2026-08-18T23:00:00Z,2026-08-19T01:00:00+0200,118.371,MW,DK1,DK_1,actual_onshore_wind_generation,Wind Onshore,2026-08-21T06:40:18Z
2026-08-21T06:33:41Z,2026-08-21T08:33:41+0200,6801fa27-1585-43c5-af49-29c528898ba2,2026-08-18T23:15:00Z,2026-08-19T01:15:00+0200,134.567,MW,DK1,DK_1,actual_onshore_wind_generation,Wind Onshore,2026-08-21T06:40:18Z
2026-08-21T06:33:41Z,2026-08-21T08:33:41+0200,6801fa27-1585-43c5-af49-29c528898ba2,2026-08-18T23:30:00Z,2026-08-19T01:30:00+0200,152.274,MW,DK1,DK_1,actual_onshore_wind_generation,Wind Onshore,2026-08-21T06:40:18Z
2026-08-21T06:33:41Z,2026-08-21T08:33:41+0200,6801fa27-1585-43c5-af49-29c528898ba2,2026-08-18T23:45:00Z,2026-08-19T01:45:00+0200,164.711,MW,DK1,DK_1,actual_onshore_wind_generation,Wind Onshore,2026-08-21T06:40:18Z
2026-08-21T06:33:41Z,2026-08-21T08:33:41+0200,6801fa27-1585-43c5-af49-29c528898ba2,2026-08-19T00:00:00Z,2026-08-19T02:00:00+0200,178.356,MW,DK1,DK_1,actual_onshore_wind_generation,Wind Onshore,2026-08-21T06:40:18Z
2026-08-21T06:33:41Z,2026-08-21T08:33:41+0200,6801fa27-1585-43c5-af49-29c528898ba2,2026-08-19T00:15:00Z,2026-08-19T02:15:00+0200,197.627,MW,DK1,DK_1,actual_onshore_wind_generation,Wind Onshore,2026-08-21T06:40:18Z
2026-08-21T06:33:41Z,2026-08-21T08:33:41+0200,6801fa27-1585-43c5-af49-29c528898ba2,2026-08-19T00:30:00Z,2026-08-19T02:30:00+0200,205.203,MW,DK1,DK_1,actual_onshore_wind_generation,Wind Onshore,2026-08-21T06:40:18Z
2026-08-21T06:33:41Z,2026-08-21T08:33:41+0200,6801fa27-1585-43c5-af49-29c528898ba2,2026-08-19T00:45:00Z,2026-08-19T02:45:00+0200,197.814,MW,DK1,DK_1,actual_onshore_wind_generation,Wind Onshore,2026-08-21T06:40:18Z
2026-08-21T06:33:41Z,2026-08-21T08:33:41+0200,6801fa27-1585-43c5-af49-29c528898ba2,2026-08-19T01:00:00Z,2026-08-19T03:00:00+0200,196.757,MW,DK1,DK_1,actual_onshore_wind_generation,Wind Onshore,2026-08-21T06:40:18Z
2026-08-21T06:33:41Z,2026-08-21T08:33:41+0200,6801fa27-1585-43c5-af49-29c528898ba2,2026-08-19T01:15:00Z,2026-08-19T03:15:00+0200,219.001,MW,DK1,DK_1,actual_onshore_wind_generation,Wind Onshore,2026-08-21T06:40:18Z
2026-08-21T06:33:41Z,2026-08-21T08:33:41+0200,6801fa27-1585-43c5-af49-29c528898ba2,2026-08-19T01:30:00Z,2026-08-19T03:30:00+0200,230.732,MW,DK1,DK_1,actual_onshore_wind_generation,Wind Onshore,2026-08-21T06:40:18Z
2026-08-21T06:33:41Z,2026-08-21T08:33:41+0200,6801fa27-1585-43c5-af49-29c528898ba2,2026-08-19T01:45:00Z,2026-08-19T03:45:00+0200,242.232,MW,DK1,DK_1,actual_onshore_wind_generation,Wind Onshore,2026-08-21T06:40:18Z
2026-08-21T06:33:41Z,2026-08-21T08:33:41+0200,6801fa27-1585-43c5-af49-29c528898ba2,2026-08-19T02:00:00Z,2026-08-19T04:00:00+0200,263.729,MW,DK1,DK_1,actual_onshore_wind_generation,Wind Onshore,2026-08-21T06:40:18Z
2026-08-21T06:33:41Z,2026-08-21T08:33:41+0200,6801fa27-1585-43c5-af49-29c528898ba2,2026-08-19T02:15:00Z,2026-08-19T04:15:00+0200,279.5,MW,DK1,DK_1,actual_onshore_wind_generation,Wind Onshore,2026-08-21T06:40:18Z
2026-08-21T06:33:41Z,2026-08-21T08:33:41+0200,6801fa27-1585-43c5-af49-29c528898ba2,2026-08-19T02:30:00Z,2026-08-19T04:30:00+0200,289.755,MW,DK1,DK_1,actual_onshore_wind_generation,Wind Onshore,2026-08-21T06:40:18Z
2026-08-21T06:33:41Z,2026-08-21T08:33:41+0200,6801fa27-1585-43c5-af49-29c528898ba2,2026-08-19T02:45:00Z,2026-08-19T04:45:00+0200,274.863,MW,DK1,DK_1,actual_onshore_wind_generation,Wind Onshore,2026-08-21T06:40:18Z
2026-08-21T06:33:41Z,2026-08-21T08:33:41+0200,6801fa27-1585-43c5-af49-29c528898ba2,2026-08-19T03:00:00Z,2026-08-19T05:00:00+0200,299.556,MW,DK1,DK_1,actual_onshore_wind_generation,Wind Onshore,2026-08-21T06:40:18Z
2026-08-21T06:33:41Z,2026-08-21T08:33:41+0200,6801fa27-1585-43c5-af49-29c528898ba2,2026-08-19T03:15:00Z,2026-08-19T05:15:00+0200,308.775,MW,DK1,DK_1,actual_onshore_wind_generation,Wind Onshore,2026-08-21T06:40:18Z
2026-08-21T06:33:41Z,2026-08-21T08:33:41+0200,6801fa27-1585-43c5-af49-29c528898ba2,2026-08-19T03:30:00Z,2026-08-19T05:30:00+0200,301.053,MW,DK1,DK_1,actual_onshore_wind_generation,Wind Onshore,2026-08-21T06:40:18Z
2026-08-21T06:33:41Z,2026-08-21T08:33:41+0200,6801fa27-1585-43c5-af49-29c528898ba2,2026-08-19T03:45:00Z,2026-08-19T05:45:00+0200,290.029,MW,DK1,DK_1,actual_onshore_wind_generation,Wind Onshore,2026-08-21T06:40:18Z
2026-08-21T06:33:41Z,2026-08-21T08:33:41+0200,6801fa27-1585-43c5-af49-29c528898ba2,2026-08-19T04:00:00Z,2026-08-19T06:00:00+0200,280.552,MW,DK1,DK_1,actual_onshore_wind_generation,Wind Onshore,2026-08-21T06:40:18Z
2026-08-21T06:33:41Z,2026-08-21T08:33:41+0200,6801fa27-1585-43c5-af49-29c528898ba2,2026-08-19T04:15:00Z,2026-08-19T06:15:00+0200,297.928,MW,DK1,DK_1,actual_onshore_wind_generation,Wind Onshore,2026-08-21T06:40:18Z
2026-08-21T06:33:41Z,2026-08-21T08:33:41+0200,6801fa27-1585-43c5-af49-29c528898ba2,2026-08-19T04:30:00Z,2026-08-19T06:30:00+0200,335.72,MW,DK1,DK_1,actual_onshore_wind_generation,Wind Onshore,2026-08-21T06:40:18Z
2026-08-21T06:33:41Z,2026-08-21T08:33:41+0200,6801fa27-1585-43c5-af49-29c528898ba2,2026-08-19T04:45:00Z,2026-08-19T06:45:00+0200,364.888,MW,DK1,DK_1,actual_onshore_wind_generation,Wind Onshore,2026-08-21T06:40:18Z
2026-08-21T06:33:41Z,2026-08-21T08:33:41+0200,6801fa27-1585-43c5-af49-29c528898ba2,2026-08-19T05:00:00Z,2026-08-19T07:00:00+0200,332.917,MW,DK1,DK_1,actual_onshore_wind_generation,Wind Onshore,2026-08-21T06:40:18Z
2026-08-21T06:33:41Z,2026-08-21T08:33:41+0200,6801fa27-1585-43c5-af49-29c528898ba2,2026-08-19T05:15:00Z,2026-08-19T07:15:00+0200,305.003,MW,DK1,DK_1,actual_onshore_wind_generation,Wind Onshore,2026-08-21T06:40:18Z
2026-08-21T06:33:41Z,2026-08-21T08:33:41+0200,6801fa27-1585-43c5-af49-29c528898ba2,2026-08-19T05:30:00Z,2026-08-19T07:30:00+0200,278.508,MW,DK1,DK_1,actual_onshore_wind_generation,Wind Onshore,2026-08-21T06:40:18Z
2026-08-21T06:33:41Z,2026-08-21T08:33:41+0200,6801fa27-1585-43c5-af49-29c528898ba2,2026-08-19T05:45:00Z,2026-08-19T07:45:00+0200,273.533,MW,DK1,DK_1,actual_onshore_wind_generation,Wind Onshore,2026-08-21T06:40:18Z
2026-08-21T06:33:41Z,2026-08-21T08:33:41+0200,6801fa27-1585-43c5-af49-29c528898ba2,2026-08-19T06:00:00Z,2026-08-19T08:00:00+0200,308.406,MW,DK1,DK_1,actual_onshore_wind_generation,Wind Onshore,2026-08-21T06:40:18Z
2026-08-21T06:33:41Z,2026-08-21T08:33:41+0200,6801fa27-1585-43c5-af49-29c528898ba2,2026-08-19T06:15:00Z,2026-08-19T08:15:00+0200,318.076,MW,DK1,DK_1,actual_onshore_wind_generation,Wind Onshore,2026-08-21T06:40:18Z
2026-08-21T06:33:41Z,2026-08-21T08:33:41+0200,6801fa27-1585-43c5-af49-29c528898ba2,2026-08-19T06:30:00Z,2026-08-19T08:30:00+0200,328.296,MW,DK1,DK_1,actual_onshore_wind_generation,Wind Onshore,2026-08-21T06:40:18Z
2026-08-21T06:33:41Z,2026-08-21T08:33:41+0200,6801fa27-1585-43c5-af49-29c528898ba2,2026-08-19T06:45:00Z,2026-08-19T08:45:00+0200,307.92,MW,DK1,DK_1,actual_onshore_wind_generation,Wind Onshore,2026-08-21T06:40:18Z
2026-08-21T06:33:41Z,2026-08-21T08:33:41+0200,6801fa27-1585-43c5-af49-29c528898ba2,2026-08-19T07:00:00Z,2026-08-19T09:00:00+0200,290.451,MW,DK1,DK_1,actual_onshore_wind_generation,Wind Onshore,2026-08-21T06:40:18Z
2026-08-21T06:33:41Z,2026-08-21T08:33:41+0200,6801fa27-1585-43c5-af49-29c528898ba2,2026-08-19T07:15:00Z,2026-08-19T09:15:00+0200,287.542,MW,DK1,DK_1,actual_onshore_wind_generation,Wind Onshore,2026-08-21T06:40:18Z
2026-08-21T06:33:41Z,2026-08-21T08:33:41+0200,6801fa27-1585-43c5-af49-29c528898ba2,2026-08-19T07:30:00Z,2026-08-19T09:30:00+0200,294.62,MW,DK1,DK_1,actual_onshore_wind_generation,Wind Onshore,2026-08-21T06:40:18Z
2026-08-21T06:33:41Z,2026-08-21T08:33:41+0200,6801fa27-1585-43c5-af49-29c528898ba2,2026-08-19T07:45:00Z,2026-08-19T09:45:00+0200,334.65,MW,DK1,DK_1,actual_onshore_wind_generation,Wind Onshore,2026-08-21T06:40:18Z
2026-08-21T06:33:41Z,2026-08-21T08:33:41+0200,6801fa27-1585-43c5-af49-29c528898ba2,2026-08-19T08:00:00Z,2026-08-19T10:00:00+0200,386.009,MW,DK1,DK_1,actual_onshore_wind_generation,Wind Onshore,2026-08-21T06:40:18Z
2026-08-21T06:33:41Z,2026-08-21T08:33:41+0200,6801fa27-1585-43c5-af49-29c528898ba2,2026-08-19T08:15:00Z,2026-08-19T10:15:00+0200,421.491,MW,DK1,DK_1,actual_onshore_wind_generation,Wind Onshore,2026-08-21T06:40:18Z
2026-08-21T06:33:41Z,2026-08-21T08:33:41+0200,6801fa27-1585-43c5-af49-29c528898ba2,2026-08-19T08:30:00Z,2026-08-19T10:30:00+0200,473.546,MW,DK1,DK_1,actual_onshore_wind_generation,Wind Onshore,2026-08-21T06:40:18Z
2026-08-21T06:33:41Z,2026-08-21T08:33:41+0200,6801fa27-1585-43c5-af49-29c528898ba2,2026-08-19T08:45:00Z,2026-08-19T10:45:00+0200,569.449,MW,DK1,DK_1,actual_onshore_wind_generation,Wind Onshore,2026-08-21T06:40:18Z
2026-08-21T06:33:41Z,2026-08-21T08:33:41+0200,6801fa27-1585-43c5-af49-29c528898ba2,2026-08-19T09:00:00Z,2026-08-19T11:00:00+0200,596.99,MW,DK1,DK_1,actual_onshore_wind_generation,Wind Onshore,2026-08-21T06:40:18Z
2026-08-21T06:33:41Z,2026-08-21T08:33:41+0200,6801fa27-1585-43c5-af49-29c528898ba2,2026-08-19T09:15:00Z,2026-08-19T11:15:00+0200,650.267,MW,DK1,DK_1,actual_onshore_wind_generation,Wind Onshore,2026-08-21T06:40:18Z
2026-08-21T06:33:41Z,2026-08-21T08:33:41+0200,6801fa27-1585-43c5-af49-29c528898ba2,2026-08-19T09:30:00Z,2026-08-19T11:30:00+0200,677.058,MW,DK1,DK_1,actual_onshore_wind_generation,Wind Onshore,2026-08-21T06:40:18Z
2026-08-21T06:33:41Z,2026-08-21T08:33:41+0200,6801fa27-1585-43c5-af49-29c528898ba2,2026-08-19T09:45:00Z,2026-08-19T11:45:00+0200,734.613,MW,DK1,DK_1,actual_onshore_wind_generation,Wind Onshore,2026-08-21T06:40:18Z
2026-08-21T06:33:41Z,2026-08-21T08:33:41+0200,6801fa27-1585-43c5-af49-29c528898ba2,2026-08-19T10:00:00Z,2026-08-19T12:00:00+0200,751.804,MW,DK1,DK_1,actual_onshore_wind_generation,Wind Onshore,2026-08-21T06:40:18Z
2026-08-21T06:33:41Z,2026-08-21T08:33:41+0200,6801fa27-1585-43c5-af49-29c528898ba2,2026-08-19T10:15:00Z,2026-08-19T12:15:00+0200,815.283,MW,DK1,DK_1,actual_onshore_wind_generation,Wind Onshore,2026-08-21T06:40:18Z
2026-08-21T06:33:41Z,2026-08-21T08:33:41+0200,6801fa27-1585-43c5-af49-29c528898ba2,2026-08-19T10:30:00Z,2026-08-19T12:30:00+0200,875.033,MW,DK1,DK_1,actual_onshore_wind_generation,Wind Onshore,2026-08-21T06:40:18Z
2026-08-21T06:33:41Z,2026-08-21T08:33:41+0200,6801fa27-1585-43c5-af49-29c528898ba2,2026-08-19T10:45:00Z,2026-08-19T12:45:00+0200,891.928,MW,DK1,DK_1,actual_onshore_wind_generation,Wind Onshore,2026-08-21T06:40:18Z
2026-08-21T06:33:41Z,2026-08-21T08:33:41+0200,6801fa27-1585-43c5-af49-29c528898ba2,2026-08-19T11:00:00Z,2026-08-19T13:00:00+0200,914.504,MW,DK1,DK_1,actual_onshore_wind_generation,Wind Onshore,2026-08-21T06:40:18Z
2026-08-21T06:33:41Z,2026-08-21T08:33:41+0200,6801fa27-1585-43c5-af49-29c528898ba2,2026-08-19T11:15:00Z,2026-08-19T13:15:00+0200,919.339,MW,DK1,DK_1,actual_onshore_wind_generation,Wind Onshore,2026-08-21T06:40:18Z
2026-08-21T06:33:41Z,2026-08-21T08:33:41+0200,6801fa27-1585-43c5-af49-29c528898ba2,2026-08-19T11:30:00Z,2026-08-19T13:30:00+0200,914.44,MW,DK1,DK_1,actual_onshore_wind_generation,Wind Onshore,2026-08-21T06:40:18Z
2026-08-21T06:33:41Z,2026-08-21T08:33:41+0200,6801fa27-1585-43c5-af49-29c528898ba2,2026-08-19T11:45:00Z,2026-08-19T13:45:00+0200,958.455,MW,DK1,DK_1,actual_onshore_wind_generation,Wind Onshore,2026-08-21T06:40:18Z
2026-08-21T06:33:41Z,2026-08-21T08:33:41+0200,6801fa27-1585-43c5-af49-29c528898ba2,2026-08-19T12:00:00Z,2026-08-19T14:00:00+0200,1023.58,MW,DK1,DK_1,actual_onshore_wind_generation,Wind Onshore,2026-08-21T06:40:18Z
2026-08-21T06:33:41Z,2026-08-21T08:33:41+0200,6801fa27-1585-43c5-af49-29c528898ba2,2026-08-19T12:15:00Z,2026-08-19T14:15:00+0200,1088.5,MW,DK1,DK_1,actual_onshore_wind_generation,Wind Onshore,2026-08-21T06:40:18Z
2026-08-21T06:33:41Z,2026-08-21T08:33:41+0200,6801fa27-1585-43c5-af49-29c528898ba2,2026-08-19T12:30:00Z,2026-08-19T14:30:00+0200,1039.79,MW,DK1,DK_1,actual_onshore_wind_generation,Wind Onshore,2026-08-21T06:40:18Z
2026-08-21T06:33:41Z,2026-08-21T08:33:41+0200,6801fa27-1585-43c5-af49-29c528898ba2,2026-08-19T12:45:00Z,2026-08-19T14:45:00+0200,1010.39,MW,DK1,DK_1,actual_onshore_wind_generation,Wind Onshore,2026-08-21T06:40:18Z
2026-08-21T06:33:41Z,2026-08-21T08:33:41+0200,6801fa27-1585-43c5-af49-29c528898ba2,2026-08-19T13:00:00Z,2026-08-19T15:00:00+0200,1034.01,MW,DK1,DK_1,actual_onshore_wind_generation,Wind Onshore,2026-08-21T06:40:18Z
2026-08-21T06:33:41Z,2026-08-21T08:33:41+0200,6801fa27-1585-43c5-af49-29c528898ba2,2026-08-19T13:15:00Z,2026-08-19T15:15:00+0200,1071.81,MW,DK1,DK_1,actual_onshore_wind_generation,Wind Onshore,2026-08-21T06:40:18Z
2026-08-21T06:33:41Z,2026-08-21T08:33:41+0200,6801fa27-1585-43c5-af49-29c528898ba2,2026-08-19T13:30:00Z,2026-08-19T15:30:00+0200,1047.43,MW,DK1,DK_1,actual_onshore_wind_generation,Wind Onshore,2026-08-21T06:40:18Z
2026-08-21T06:33:41Z,2026-08-21T08:33:41+0200,6801fa27-1585-43c5-af49-29c528898ba2,2026-08-19T13:45:00Z,2026-08-19T15:45:00+0200,1044.79,MW,DK1,DK_1,actual_onshore_wind_generation,Wind Onshore,2026-08-21T06:40:18Z
2026-08-21T06:33:41Z,2026-08-21T08:33:41+0200,6801fa27-1585-43c5-af49-29c528898ba2,2026-08-19T14:00:00Z,2026-08-19T16:00:00+0200,1008.18,MW,DK1,DK_1,actual_onshore_wind_generation,Wind Onshore,2026-08-21T06:40:18Z
2026-08-21T06:33:41Z,2026-08-21T08:33:41+0200,6801fa27-1585-43c5-af49-29c528898ba2,2026-08-19T14:15:00Z,2026-08-19T16:15:00+0200,1010.06,MW,DK1,DK_1,actual_onshore_wind_generation,Wind Onshore,2026-08-21T06:40:18Z
2026-08-21T06:33:41Z,2026-08-21T08:33:41+0200,6801fa27-1585-43c5-af49-29c528898ba2,2026-08-19T14:30:00Z,2026-08-19T16:30:00+0200,1020.01,MW,DK1,DK_1,actual_onshore_wind_generation,Wind Onshore,2026-08-21T06:40:18Z
2026-08-21T06:33:41Z,2026-08-21T08:33:41+0200,6801fa27-1585-43c5-af49-29c528898ba2,2026-08-19T14:45:00Z,2026-08-19T16:45:00+0200,973.313,MW,DK1,DK_1,actual_onshore_wind_generation,Wind Onshore,2026-08-21T06:40:18Z
2026-08-21T06:33:41Z,2026-08-21T08:33:41+0200,6801fa27-1585-43c5-af49-29c528898ba2,2026-08-19T15:00:00Z,2026-08-19T17:00:00+0200,966.28,MW,DK1,DK_1,actual_onshore_wind_generation,Wind Onshore,2026-08-21T06:40:18Z
2026-08-21T06:33:41Z,2026-08-21T08:33:41+0200,6801fa27-1585-43c5-af49-29c528898ba2,2026-08-19T15:15:00Z,2026-08-19T17:15:00+0200,1032.63,MW,DK1,DK_1,actual_onshore_wind_generation,Wind Onshore,2026-08-21T06:40:18Z
2026-08-21T06:33:41Z,2026-08-21T08:33:41+0200,6801fa27-1585-43c5-af49-29c528898ba2,2026-08-19T15:30:00Z,2026-08-19T17:30:00+0200,993.002,MW,DK1,DK_1,actual_onshore_wind_generation,Wind Onshore,2026-08-21T06:40:18Z
2026-08-21T06:33:41Z,2026-08-21T08:33:41+0200,6801fa27-1585-43c5-af49-29c528898ba2,2026-08-19T15:45:00Z,2026-08-19T17:45:00+0200,959.726,MW,DK1,DK_1,actual_onshore_wind_generation,Wind Onshore,2026-08-21T06:40:18Z
2026-08-21T06:33:41Z,2026-08-21T08:33:41+0200,6801fa27-1585-43c5-af49-29c528898ba2,2026-08-19T16:00:00Z,2026-08-19T18:00:00+0200,955.992,MW,DK1,DK_1,actual_onshore_wind_generation,Wind Onshore,2026-08-21T06:40:18Z
2026-08-21T06:33:41Z,2026-08-21T08:33:41+0200,6801fa27-1585-43c5-af49-29c528898ba2,2026-08-19T16:15:00Z,2026-08-19T18:15:00+0200,981.166,MW,DK1,DK_1,actual_onshore_wind_generation,Wind Onshore,2026-08-21T06:40:18Z
2026-08-21T06:33:41Z,2026-08-21T08:33:41+0200,6801fa27-1585-43c5-af49-29c528898ba2,2026-08-19T16:30:00Z,2026-08-19T18:30:00+0200,1023.33,MW,DK1,DK_1,actual_onshore_wind_generation,Wind Onshore,2026-08-21T06:40:18Z
2026-08-21T06:33:41Z,2026-08-21T08:33:41+0200,6801fa27-1585-43c5-af49-29c528898ba2,2026-08-19T16:45:00Z,2026-08-19T18:45:00+0200,1017.33,MW,DK1,DK_1,actual_onshore_wind_generation,Wind Onshore,2026-08-21T06:40:18Z
2026-08-21T06:33:41Z,2026-08-21T08:33:41+0200,6801fa27-1585-43c5-af49-29c528898ba2,2026-08-19T17:00:00Z,2026-08-19T19:00:00+0200,955.44,MW,DK1,DK_1,actual_onshore_wind_generation,Wind Onshore,2026-08-21T06:40:18Z
2026-08-21T06:33:41Z,2026-08-21T08:33:41+0200,6801fa27-1585-43c5-af49-29c528898ba2,2026-08-19T17:15:00Z,2026-08-19T19:15:00+0200,876.737,MW,DK1,DK_1,actual_onshore_wind_generation,Wind Onshore,2026-08-21T06:40:18Z
2026-08-21T06:33:41Z,2026-08-21T08:33:41+0200,6801fa27-1585-43c5-af49-29c528898ba2,2026-08-19T17:30:00Z,2026-08-19T19:30:00+0200,801.753,MW,DK1,DK_1,actual_onshore_wind_generation,Wind Onshore,2026-08-21T06:40:18Z
2026-08-21T06:33:41Z,2026-08-21T08:33:41+0200,6801fa27-1585-43c5-af49-29c528898ba2,2026-08-19T17:45:00Z,2026-08-19T19:45:00+0200,723.275,MW,DK1,DK_1,actual_onshore_wind_generation,Wind Onshore,2026-08-21T06:40:18Z
2026-08-21T06:33:41Z,2026-08-21T08:33:41+0200,6801fa27-1585-43c5-af49-29c528898ba2,2026-08-19T18:00:00Z,2026-08-19T20:00:00+0200,665.352,MW,DK1,DK_1,actual_onshore_wind_generation,Wind Onshore,2026-08-21T06:40:18Z
2026-08-21T06:33:41Z,2026-08-21T08:33:41+0200,6801fa27-1585-43c5-af49-29c528898ba2,2026-08-19T18:15:00Z,2026-08-19T20:15:00+0200,583.804,MW,DK1,DK_1,actual_onshore_wind_generation,Wind Onshore,2026-08-21T06:40:18Z
2026-08-21T06:33:41Z,2026-08-21T08:33:41+0200,6801fa27-1585-43c5-af49-29c528898ba2,2026-08-19T18:30:00Z,2026-08-19T20:30:00+0200,522.581,MW,DK1,DK_1,actual_onshore_wind_generation,Wind Onshore,2026-08-21T06:40:18Z
2026-08-21T06:33:41Z,2026-08-21T08:33:41+0200,6801fa27-1585-43c5-af49-29c528898ba2,2026-08-19T18:45:00Z,2026-08-19T20:45:00+0200,492.066,MW,DK1,DK_1,actual_onshore_wind_generation,Wind Onshore,2026-08-21T06:40:18Z
2026-08-21T06:33:41Z,2026-08-21T08:33:41+0200,6801fa27-1585-43c5-af49-29c528898ba2,2026-08-19T19:00:00Z,2026-08-19T21:00:00+0200,477.963,MW,DK1,DK_1,actual_onshore_wind_generation,Wind Onshore,2026-08-21T06:40:18Z
2026-08-21T06:33:41Z,2026-08-21T08:33:41+0200,6801fa27-1585-43c5-af49-29c528898ba2,2026-08-19T19:15:00Z,2026-08-19T21:15:00+0200,475.425,MW,DK1,DK_1,actual_onshore_wind_generation,Wind Onshore,2026-08-21T06:40:18Z
2026-08-21T06:33:41Z,2026-08-21T08:33:41+0200,6801fa27-1585-43c5-af49-29c528898ba2,2026-08-19T19:30:00Z,2026-08-19T21:30:00+0200,468.504,MW,DK1,DK_1,actual_onshore_wind_generation,Wind Onshore,2026-08-21T06:40:18Z
2026-08-21T06:33:41Z,2026-08-21T08:33:41+0200,6801fa27-1585-43c5-af49-29c528898ba2,2026-08-19T19:45:00Z,2026-08-19T21:45:00+0200,458.694,MW,DK1,DK_1,actual_onshore_wind_generation,Wind Onshore,2026-08-21T06:40:18Z
2026-08-21T06:33:41Z,2026-08-21T08:33:41+0200,6801fa27-1585-43c5-af49-29c528898ba2,2026-08-19T20:00:00Z,2026-08-19T22:00:00+0200,458.322,MW,DK1,DK_1,actual_onshore_wind_generation,Wind Onshore,2026-08-21T06:40:18Z
2026-08-21T06:33:41Z,2026-08-21T08:33:41+0200,6801fa27-1585-43c5-af49-29c528898ba2,2026-08-19T20:15:00Z,2026-08-19T22:15:00+0200,476.988,MW,DK1,DK_1,actual_onshore_wind_generation,Wind Onshore,2026-08-21T06:40:18Z
2026-08-21T06:33:41Z,2026-08-21T08:33:41+0200,6801fa27-1585-43c5-af49-29c528898ba2,2026-08-19T20:30:00Z,2026-08-19T22:30:00+0200,460.847,MW,DK1,DK_1,actual_onshore_wind_generation,Wind Onshore,2026-08-21T06:40:18Z
2026-08-21T06:33:41Z,2026-08-21T08:33:41+0200,6801fa27-1585-43c5-af49-29c528898ba2,2026-08-19T20:45:00Z,2026-08-19T22:45:00+0200,445.193,MW,DK1,DK_1,actual_onshore_wind_generation,Wind Onshore,2026-08-21T06:40:18Z
2026-08-21T06:33:41Z,2026-08-21T08:33:41+0200,6801fa27-1585-43c5-af49-29c528898ba2,2026-08-19T21:00:00Z,2026-08-19T23:00:00+0200,451.128,MW,DK1,DK_1,actual_onshore_wind_generation,Wind Onshore,2026-08-21T06:40:18Z
2026-08-21T06:33:41Z,2026-08-21T08:33:41+0200,6801fa27-1585-43c5-af49-29c528898ba2,2026-08-19T21:15:00Z,2026-08-19T23:15:00+0200,455.352,MW,DK1,DK_1,actual_onshore_wind_generation,Wind Onshore,2026-08-21T06:40:18Z
2026-08-21T06:33:41Z,2026-08-21T08:33:41+0200,6801fa27-1585-43c5-af49-29c528898ba2,2026-08-19T21:30:00Z,2026-08-19T23:30:00+0200,452.536,MW,DK1,DK_1,actual_onshore_wind_generation,Wind Onshore,2026-08-21T06:40:18Z
2026-08-21T06:33:41Z,2026-08-21T08:33:41+0200,6801fa27-1585-43c5-af49-29c528898ba2,2026-08-19T21:45:00Z,2026-08-19T23:45:00+0200,442.143,MW,DK1,DK_1,actual_onshore_wind_generation,Wind Onshore,2026-08-21T06:40:18Z
2026-08-21T06:33:41Z,2026-08-21T08:33:41+0200,6801fa27-1585-43c5-af49-29c528898ba2,2026-08-19T22:00:00Z,2026-08-20T00:00:00+0200,433.691,MW,DK1,DK_1,actual_onshore_wind_generation,Wind Onshore,2026-08-21T06:40:18Z
2026-08-21T06:33:41Z,2026-08-21T08:33:41+0200,6801fa27-1585-43c5-af49-29c528898ba2,2026-08-19T22:15:00Z,2026-08-20T00:15:00+0200,423.981,MW,DK1,DK_1,actual_onshore_wind_generation,Wind Onshore,2026-08-21T06:40:18Z
2026-08-21T06:33:41Z,2026-08-21T08:33:41+0200,6801fa27-1585-43c5-af49-29c528898ba2,2026-08-19T22:30:00Z,2026-08-20T00:30:00+0200,419.452,MW,DK1,DK_1,actual_onshore_wind_generation,Wind Onshore,2026-08-21T06:40:18Z
2026-08-21T06:33:41Z,2026-08-21T08:33:41+0200,6801fa27-1585-43c5-af49-29c528898ba2,2026-08-19T22:45:00Z,2026-08-20T00:45:00+0200,425.711,MW,DK1,DK_1,actual_onshore_wind_generation,Wind Onshore,2026-08-21T06:40:18Z
2026-08-21T06:33:41Z,2026-08-21T08:33:41+0200,6801fa27-1585-43c5-af49-29c528898ba2,2026-08-19T23:00:00Z,2026-08-20T01:00:00+0200,415.724,MW,DK1,DK_1,actual_onshore_wind_generation,Wind Onshore,2026-08-21T06:40:18Z
2026-08-21T06:33:41Z,2026-08-21T08:33:41+0200,6801fa27-1585-43c5-af49-29c528898ba2,2026-08-19T23:15:00Z,2026-08-20T01:15:00+0200,402.803,MW,DK1,DK_1,actual_onshore_wind_generation,Wind Onshore,2026-08-21T06:40:18Z
2026-08-21T06:33:41Z,2026-08-21T08:33:41+0200,6801fa27-1585-43c5-af49-29c528898ba2,2026-08-19T23:30:00Z,2026-08-20T01:30:00+0200,406.029,MW,DK1,DK_1,actual_onshore_wind_generation,Wind Onshore,2026-08-21T06:40:18Z
2026-08-21T06:33:41Z,2026-08-21T08:33:41+0200,6801fa27-1585-43c5-af49-29c528898ba2,2026-08-19T23:45:00Z,2026-08-20T01:45:00+0200,400.832,MW,DK1,DK_1,actual_onshore_wind_generation,Wind Onshore,2026-08-21T06:40:18Z
2026-08-21T06:33:41Z,2026-08-21T08:33:41+0200,6801fa27-1585-43c5-af49-29c528898ba2,2026-08-20T00:00:00Z,2026-08-20T02:00:00+0200,386.089,MW,DK1,DK_1,actual_onshore_wind_generation,Wind Onshore,2026-08-21T06:40:18Z
2026-08-21T06:33:41Z,2026-08-21T08:33:41+0200,6801fa27-1585-43c5-af49-29c528898ba2,2026-08-20T00:15:00Z,2026-08-20T02:15:00+0200,396.799,MW,DK1,DK_1,actual_onshore_wind_generation,Wind Onshore,2026-08-21T06:40:18Z
2026-08-21T06:33:41Z,2026-08-21T08:33:41+0200,6801fa27-1585-43c5-af49-29c528898ba2,2026-08-20T00:30:00Z,2026-08-20T02:30:00+0200,398.389,MW,DK1,DK_1,actual_onshore_wind_generation,Wind Onshore,2026-08-21T06:40:18Z
2026-08-21T06:33:41Z,2026-08-21T08:33:41+0200,6801fa27-1585-43c5-af49-29c528898ba2,2026-08-20T00:45:00Z,2026-08-20T02:45:00+0200,392.906,MW,DK1,DK_1,actual_onshore_wind_generation,Wind Onshore,2026-08-21T06:40:18Z
2026-08-21T06:33:41Z,2026-08-21T08:33:41+0200,6801fa27-1585-43c5-af49-29c528898ba2,2026-08-20T01:00:00Z,2026-08-20T03:00:00+0200,383.965,MW,DK1,DK_1,actual_onshore_wind_generation,Wind Onshore,2026-08-21T06:40:18Z
2026-08-21T06:33:41Z,2026-08-21T08:33:41+0200,6801fa27-1585-43c5-af49-29c528898ba2,2026-08-20T01:15:00Z,2026-08-20T03:15:00+0200,387.637,MW,DK1,DK_1,actual_onshore_wind_generation,Wind Onshore,2026-08-21T06:40:18Z
2026-08-21T06:33:41Z,2026-08-21T08:33:41+0200,6801fa27-1585-43c5-af49-29c528898ba2,2026-08-20T01:30:00Z,2026-08-20T03:30:00+0200,418.099,MW,DK1,DK_1,actual_onshore_wind_generation,Wind Onshore,2026-08-21T06:40:18Z
2026-08-21T06:33:41Z,2026-08-21T08:33:41+0200,6801fa27-1585-43c5-af49-29c528898ba2,2026-08-20T01:45:00Z,2026-08-20T03:45:00+0200,396.765,MW,DK1,DK_1,actual_onshore_wind_generation,Wind Onshore,2026-08-21T06:40:18Z
2026-08-21T06:33:41Z,2026-08-21T08:33:41+0200,6801fa27-1585-43c5-af49-29c528898ba2,2026-08-20T02:00:00Z,2026-08-20T04:00:00+0200,364.367,MW,DK1,DK_1,actual_onshore_wind_generation,Wind Onshore,2026-08-21T06:40:18Z
2026-08-21T06:33:41Z,2026-08-21T08:33:41+0200,6801fa27-1585-43c5-af49-29c528898ba2,2026-08-20T02:15:00Z,2026-08-20T04:15:00+0200,318.769,MW,DK1,DK_1,actual_onshore_wind_generation,Wind Onshore,2026-08-21T06:40:18Z
2026-08-21T06:33:41Z,2026-08-21T08:33:41+0200,6801fa27-1585-43c5-af49-29c528898ba2,2026-08-20T02:30:00Z,2026-08-20T04:30:00+0200,319.335,MW,DK1,DK_1,actual_onshore_wind_generation,Wind Onshore,2026-08-21T06:40:18Z
2026-08-21T06:33:41Z,2026-08-21T08:33:41+0200,6801fa27-1585-43c5-af49-29c528898ba2,2026-08-20T02:45:00Z,2026-08-20T04:45:00+0200,316.623,MW,DK1,DK_1,actual_onshore_wind_generation,Wind Onshore,2026-08-21T06:40:18Z
2026-08-21T06:33:41Z,2026-08-21T08:33:41+0200,6801fa27-1585-43c5-af49-29c528898ba2,2026-08-20T03:00:00Z,2026-08-20T05:00:00+0200,282.811,MW,DK1,DK_1,actual_onshore_wind_generation,Wind Onshore,2026-08-21T06:40:18Z
2026-08-21T06:33:41Z,2026-08-21T08:33:41+0200,6801fa27-1585-43c5-af49-29c528898ba2,2026-08-20T03:15:00Z,2026-08-20T05:15:00+0200,277.448,MW,DK1,DK_1,actual_onshore_wind_generation,Wind Onshore,2026-08-21T06:40:18Z
2026-08-21T06:33:41Z,2026-08-21T08:33:41+0200,6801fa27-1585-43c5-af49-29c528898ba2,2026-08-20T03:30:00Z,2026-08-20T05:30:00+0200,275.594,MW,DK1,DK_1,actual_onshore_wind_generation,Wind Onshore,2026-08-21T06:40:18Z
2026-08-21T06:33:41Z,2026-08-21T08:33:41+0200,6801fa27-1585-43c5-af49-29c528898ba2,2026-08-20T03:45:00Z,2026-08-20T05:45:00+0200,262.196,MW,DK1,DK_1,actual_onshore_wind_generation,Wind Onshore,2026-08-21T06:40:18Z
2026-08-21T06:33:41Z,2026-08-21T08:33:41+0200,6801fa27-1585-43c5-af49-29c528898ba2,2026-08-20T04:00:00Z,2026-08-20T06:00:00+0200,248.199,MW,DK1,DK_1,actual_onshore_wind_generation,Wind Onshore,2026-08-21T06:40:18Z
2026-08-21T06:33:41Z,2026-08-21T08:33:41+0200,6801fa27-1585-43c5-af49-29c528898ba2,2026-08-20T04:15:00Z,2026-08-20T06:15:00+0200,242.035,MW,DK1,DK_1,actual_onshore_wind_generation,Wind Onshore,2026-08-21T06:40:18Z
2026-08-21T06:33:41Z,2026-08-21T08:33:41+0200,6801fa27-1585-43c5-af49-29c528898ba2,2026-08-20T04:30:00Z,2026-08-20T06:30:00+0200,235.604,MW,DK1,DK_1,actual_onshore_wind_generation,Wind Onshore,2026-08-21T06:40:18Z
2026-08-21T06:33:41Z,2026-08-21T08:33:41+0200,6801fa27-1585-43c5-af49-29c528898ba2,2026-08-20T04:45:00Z,2026-08-20T06:45:00+0200,236.321,MW,DK1,DK_1,actual_onshore_wind_generation,Wind Onshore,2026-08-21T06:40:18Z
2026-08-21T06:33:41Z,2026-08-21T08:33:41+0200,6801fa27-1585-43c5-af49-29c528898ba2,2026-08-20T05:00:00Z,2026-08-20T07:00:00+0200,233.098,MW,DK1,DK_1,actual_onshore_wind_generation,Wind Onshore,2026-08-21T06:40:18Z
2026-08-21T06:33:41Z,2026-08-21T08:33:41+0200,6801fa27-1585-43c5-af49-29c528898ba2,2026-08-20T05:15:00Z,2026-08-20T07:15:00+0200,216.252,MW,DK1,DK_1,actual_onshore_wind_generation,Wind Onshore,2026-08-21T06:40:18Z
2026-08-21T06:33:41Z,2026-08-21T08:33:41+0200,6801fa27-1585-43c5-af49-29c528898ba2,2026-08-20T05:30:00Z,2026-08-20T07:30:00+0200,202.627,MW,DK1,DK_1,actual_onshore_wind_generation,Wind Onshore,2026-08-21T06:40:18Z
2026-08-21T06:33:41Z,2026-08-21T08:33:41+0200,6801fa27-1585-43c5-af49-29c528898ba2,2026-08-20T05:45:00Z,2026-08-20T07:45:00+0200,180.738,MW,DK1,DK_1,actual_onshore_wind_generation,Wind Onshore,2026-08-21T06:40:18Z
2026-08-21T06:33:41Z,2026-08-21T08:33:41+0200,6801fa27-1585-43c5-af49-29c528898ba2,2026-08-20T06:00:00Z,2026-08-20T08:00:00+0200,163.244,MW,DK1,DK_1,actual_onshore_wind_generation,Wind Onshore,2026-08-21T06:40:18Z
2026-08-21T06:33:41Z,2026-08-21T08:33:41+0200,6801fa27-1585-43c5-af49-29c528898ba2,2026-08-20T06:15:00Z,2026-08-20T08:15:00+0200,152.683,MW,DK1,DK_1,actual_onshore_wind_generation,Wind Onshore,2026-08-21T06:40:18Z
2026-08-21T06:33:41Z,2026-08-21T08:33:41+0200,6801fa27-1585-43c5-af49-29c528898ba2,2026-08-20T06:30:00Z,2026-08-20T08:30:00+0200,150.447,MW,DK1,DK_1,actual_onshore_wind_generation,Wind Onshore,2026-08-21T06:40:18Z
2026-08-21T06:33:41Z,2026-08-21T08:33:41+0200,6801fa27-1585-43c5-af49-29c528898ba2,2026-08-20T06:45:00Z,2026-08-20T08:45:00+0200,170.196,MW,DK1,DK_1,actual_onshore_wind_generation,Wind Onshore,2026-08-21T06:40:18Z
2026-08-21T06:33:41Z,2026-08-21T08:33:41+0200,6801fa27-1585-43c5-af49-29c528898ba2,2026-08-20T07:00:00Z,2026-08-20T09:00:00+0200,201.673,MW,DK1,DK_1,actual_onshore_wind_generation,Wind Onshore,2026-08-21T06:40:18Z
2026-08-21T06:33:41Z,2026-08-21T08:33:41+0200,6801fa27-1585-43c5-af49-29c528898ba2,2026-08-20T07:15:00Z,2026-08-20T09:15:00+0200,224.306,MW,DK1,DK_1,actual_onshore_wind_generation,Wind Onshore,2026-08-21T06:40:18Z
2026-08-21T06:33:41Z,2026-08-21T08:33:41+0200,6801fa27-1585-43c5-af49-29c528898ba2,2026-08-20T07:30:00Z,2026-08-20T09:30:00+0200,254.832,MW,DK1,DK_1,actual_onshore_wind_generation,Wind Onshore,2026-08-21T06:40:18Z
2026-08-21T06:33:41Z,2026-08-21T08:33:41+0200,6801fa27-1585-43c5-af49-29c528898ba2,2026-08-20T07:45:00Z,2026-08-20T09:45:00+0200,271.115,MW,DK1,DK_1,actual_onshore_wind_generation,Wind Onshore,2026-08-21T06:40:18Z
2026-08-21T06:33:41Z,2026-08-21T08:33:41+0200,6801fa27-1585-43c5-af49-29c528898ba2,2026-08-20T08:00:00Z,2026-08-20T10:00:00+0200,275.695,MW,DK1,DK_1,actual_onshore_wind_generation,Wind Onshore,2026-08-21T06:40:18Z
2026-08-21T06:33:41Z,2026-08-21T08:33:41+0200,6801fa27-1585-43c5-af49-29c528898ba2,2026-08-20T08:15:00Z,2026-08-20T10:15:00+0200,284.88,MW,DK1,DK_1,actual_onshore_wind_generation,Wind Onshore,2026-08-21T06:40:18Z
2026-08-21T06:33:41Z,2026-08-21T08:33:41+0200,6801fa27-1585-43c5-af49-29c528898ba2,2026-08-20T08:30:00Z,2026-08-20T10:30:00+0200,281.647,MW,DK1,DK_1,actual_onshore_wind_generation,Wind Onshore,2026-08-21T06:40:18Z
2026-08-21T06:33:41Z,2026-08-21T08:33:41+0200,6801fa27-1585-43c5-af49-29c528898ba2,2026-08-20T08:45:00Z,2026-08-20T10:45:00+0200,286.492,MW,DK1,DK_1,actual_onshore_wind_generation,Wind Onshore,2026-08-21T06:40:18Z
2026-08-21T06:33:41Z,2026-08-21T08:33:41+0200,6801fa27-1585-43c5-af49-29c528898ba2,2026-08-20T09:00:00Z,2026-08-20T11:00:00+0200,288.607,MW,DK1,DK_1,actual_onshore_wind_generation,Wind Onshore,2026-08-21T06:40:18Z
2026-08-21T06:33:41Z,2026-08-21T08:33:41+0200,6801fa27-1585-43c5-af49-29c528898ba2,2026-08-20T09:15:00Z,2026-08-20T11:15:00+0200,306.411,MW,DK1,DK_1,actual_onshore_wind_generation,Wind Onshore,2026-08-21T06:40:18Z
2026-08-21T06:33:41Z,2026-08-21T08:33:41+0200,6801fa27-1585-43c5-af49-29c528898ba2,2026-08-20T09:30:00Z,2026-08-20T11:30:00+0200,318.05,MW,DK1,DK_1,actual_onshore_wind_generation,Wind Onshore,2026-08-21T06:40:18Z
2026-08-21T06:33:41Z,2026-08-21T08:33:41+0200,6801fa27-1585-43c5-af49-29c528898ba2,2026-08-20T09:45:00Z,2026-08-20T11:45:00+0200,355.975,MW,DK1,DK_1,actual_onshore_wind_generation,Wind Onshore,2026-08-21T06:40:18Z
2026-08-21T06:33:41Z,2026-08-21T08:33:41+0200,6801fa27-1585-43c5-af49-29c528898ba2,2026-08-20T10:00:00Z,2026-08-20T12:00:00+0200,380.622,MW,DK1,DK_1,actual_onshore_wind_generation,Wind Onshore,2026-08-21T06:40:18Z
2026-08-21T06:33:41Z,2026-08-21T08:33:41+0200,6801fa27-1585-43c5-af49-29c528898ba2,2026-08-20T10:15:00Z,2026-08-20T12:15:00+0200,360.105,MW,DK1,DK_1,actual_onshore_wind_generation,Wind Onshore,2026-08-21T06:40:18Z
2026-08-21T06:33:41Z,2026-08-21T08:33:41+0200,6801fa27-1585-43c5-af49-29c528898ba2,2026-08-20T10:30:00Z,2026-08-20T12:30:00+0200,354.259,MW,DK1,DK_1,actual_onshore_wind_generation,Wind Onshore,2026-08-21T06:40:18Z
2026-08-21T06:33:41Z,2026-08-21T08:33:41+0200,6801fa27-1585-43c5-af49-29c528898ba2,2026-08-20T10:45:00Z,2026-08-20T12:45:00+0200,365.084,MW,DK1,DK_1,actual_onshore_wind_generation,Wind Onshore,2026-08-21T06:40:18Z
2026-08-21T06:33:41Z,2026-08-21T08:33:41+0200,6801fa27-1585-43c5-af49-29c528898ba2,2026-08-20T11:00:00Z,2026-08-20T13:00:00+0200,391.729,MW,DK1,DK_1,actual_onshore_wind_generation,Wind Onshore,2026-08-21T06:40:18Z
2026-08-21T06:33:41Z,2026-08-21T08:33:41+0200,6801fa27-1585-43c5-af49-29c528898ba2,2026-08-20T11:15:00Z,2026-08-20T13:15:00+0200,390.595,MW,DK1,DK_1,actual_onshore_wind_generation,Wind Onshore,2026-08-21T06:40:18Z
2026-08-21T06:33:41Z,2026-08-21T08:33:41+0200,6801fa27-1585-43c5-af49-29c528898ba2,2026-08-20T11:30:00Z,2026-08-20T13:30:00+0200,384.339,MW,DK1,DK_1,actual_onshore_wind_generation,Wind Onshore,2026-08-21T06:40:18Z
2026-08-21T06:33:41Z,2026-08-21T08:33:41+0200,6801fa27-1585-43c5-af49-29c528898ba2,2026-08-20T11:45:00Z,2026-08-20T13:45:00+0200,370.568,MW,DK1,DK_1,actual_onshore_wind_generation,Wind Onshore,2026-08-21T06:40:18Z
2026-08-21T06:33:41Z,2026-08-21T08:33:41+0200,6801fa27-1585-43c5-af49-29c528898ba2,2026-08-20T12:00:00Z,2026-08-20T14:00:00+0200,353.008,MW,DK1,DK_1,actual_onshore_wind_generation,Wind Onshore,2026-08-21T06:40:18Z
2026-08-21T06:33:41Z,2026-08-21T08:33:41+0200,6801fa27-1585-43c5-af49-29c528898ba2,2026-08-20T12:15:00Z,2026-08-20T14:15:00+0200,350.302,MW,DK1,DK_1,actual_onshore_wind_generation,Wind Onshore,2026-08-21T06:40:18Z
2026-08-21T06:33:41Z,2026-08-21T08:33:41+0200,6801fa27-1585-43c5-af49-29c528898ba2,2026-08-20T12:30:00Z,2026-08-20T14:30:00+0200,373.518,MW,DK1,DK_1,actual_onshore_wind_generation,Wind Onshore,2026-08-21T06:40:18Z
2026-08-21T06:33:41Z,2026-08-21T08:33:41+0200,6801fa27-1585-43c5-af49-29c528898ba2,2026-08-20T12:45:00Z,2026-08-20T14:45:00+0200,364.575,MW,DK1,DK_1,actual_onshore_wind_generation,Wind Onshore,2026-08-21T06:40:18Z
2026-08-21T06:33:41Z,2026-08-21T08:33:41+0200,6801fa27-1585-43c5-af49-29c528898ba2,2026-08-20T13:00:00Z,2026-08-20T15:00:00+0200,362.417,MW,DK1,DK_1,actual_onshore_wind_generation,Wind Onshore,2026-08-21T06:40:18Z
2026-08-21T06:33:41Z,2026-08-21T08:33:41+0200,6801fa27-1585-43c5-af49-29c528898ba2,2026-08-20T13:15:00Z,2026-08-20T15:15:00+0200,340.756,MW,DK1,DK_1,actual_onshore_wind_generation,Wind Onshore,2026-08-21T06:40:18Z
2026-08-21T06:33:41Z,2026-08-21T08:33:41+0200,6801fa27-1585-43c5-af49-29c528898ba2,2026-08-20T13:30:00Z,2026-08-20T15:30:00+0200,338.355,MW,DK1,DK_1,actual_onshore_wind_generation,Wind Onshore,2026-08-21T06:40:18Z
2026-08-21T06:33:41Z,2026-08-21T08:33:41+0200,6801fa27-1585-43c5-af49-29c528898ba2,2026-08-20T13:45:00Z,2026-08-20T15:45:00+0200,335.204,MW,DK1,DK_1,actual_onshore_wind_generation,Wind Onshore,2026-08-21T06:40:18Z
2026-08-21T06:33:41Z,2026-08-21T08:33:41+0200,6801fa27-1585-43c5-af49-29c528898ba2,2026-08-20T14:00:00Z,2026-08-20T16:00:00+0200,326.123,MW,DK1,DK_1,actual_onshore_wind_generation,Wind Onshore,2026-08-21T06:40:18Z
2026-08-21T06:33:41Z,2026-08-21T08:33:41+0200,6801fa27-1585-43c5-af49-29c528898ba2,2026-08-20T14:15:00Z,2026-08-20T16:15:00+0200,326.737,MW,DK1,DK_1,actual_onshore_wind_generation,Wind Onshore,2026-08-21T06:40:18Z
2026-08-21T06:33:41Z,2026-08-21T08:33:41+0200,6801fa27-1585-43c5-af49-29c528898ba2,2026-08-20T14:30:00Z,2026-08-20T16:30:00+0200,321.872,MW,DK1,DK_1,actual_onshore_wind_generation,Wind Onshore,2026-08-21T06:40:18Z
2026-08-21T06:33:41Z,2026-08-21T08:33:41+0200,6801fa27-1585-43c5-af49-29c528898ba2,2026-08-20T14:45:00Z,2026-08-20T16:45:00+0200,305.096,MW,DK1,DK_1,actual_onshore_wind_generation,Wind Onshore,2026-08-21T06:40:18Z
2026-08-21T06:33:41Z,2026-08-21T08:33:41+0200,6801fa27-1585-43c5-af49-29c528898ba2,2026-08-20T15:00:00Z,2026-08-20T17:00:00+0200,274.818,MW,DK1,DK_1,actual_onshore_wind_generation,Wind Onshore,2026-08-21T06:40:18Z
2026-08-21T06:33:41Z,2026-08-21T08:33:41+0200,6801fa27-1585-43c5-af49-29c528898ba2,2026-08-20T15:15:00Z,2026-08-20T17:15:00+0200,282.53,MW,DK1,DK_1,actual_onshore_wind_generation,Wind Onshore,2026-08-21T06:40:18Z
2026-08-21T06:33:41Z,2026-08-21T08:33:41+0200,6801fa27-1585-43c5-af49-29c528898ba2,2026-08-20T15:30:00Z,2026-08-20T17:30:00+0200,265.083,MW,DK1,DK_1,actual_onshore_wind_generation,Wind Onshore,2026-08-21T06:40:18Z
2026-08-21T06:33:41Z,2026-08-21T08:33:41+0200,6801fa27-1585-43c5-af49-29c528898ba2,2026-08-20T15:45:00Z,2026-08-20T17:45:00+0200,262.897,MW,DK1,DK_1,actual_onshore_wind_generation,Wind Onshore,2026-08-21T06:40:18Z
2026-08-21T06:33:41Z,2026-08-21T08:33:41+0200,6801fa27-1585-43c5-af49-29c528898ba2,2026-08-20T16:00:00Z,2026-08-20T18:00:00+0200,246.405,MW,DK1,DK_1,actual_onshore_wind_generation,Wind Onshore,2026-08-21T06:40:18Z
2026-08-21T06:33:41Z,2026-08-21T08:33:41+0200,6801fa27-1585-43c5-af49-29c528898ba2,2026-08-20T16:15:00Z,2026-08-20T18:15:00+0200,219.265,MW,DK1,DK_1,actual_onshore_wind_generation,Wind Onshore,2026-08-21T06:40:18Z
2026-08-21T06:33:41Z,2026-08-21T08:33:41+0200,6801fa27-1585-43c5-af49-29c528898ba2,2026-08-20T16:30:00Z,2026-08-20T18:30:00+0200,192.637,MW,DK1,DK_1,actual_onshore_wind_generation,Wind Onshore,2026-08-21T06:40:18Z
2026-08-21T06:33:41Z,2026-08-21T08:33:41+0200,6801fa27-1585-43c5-af49-29c528898ba2,2026-08-20T16:45:00Z,2026-08-20T18:45:00+0200,163.189,MW,DK1,DK_1,actual_onshore_wind_generation,Wind Onshore,2026-08-21T06:40:18Z
2026-08-21T06:33:41Z,2026-08-21T08:33:41+0200,6801fa27-1585-43c5-af49-29c528898ba2,2026-08-20T17:00:00Z,2026-08-20T19:00:00+0200,154.861,MW,DK1,DK_1,actual_onshore_wind_generation,Wind Onshore,2026-08-21T06:40:18Z
2026-08-21T06:33:41Z,2026-08-21T08:33:41+0200,6801fa27-1585-43c5-af49-29c528898ba2,2026-08-20T17:15:00Z,2026-08-20T19:15:00+0200,157.997,MW,DK1,DK_1,actual_onshore_wind_generation,Wind Onshore,2026-08-21T06:40:18Z
2026-08-21T06:33:41Z,2026-08-21T08:33:41+0200,6801fa27-1585-43c5-af49-29c528898ba2,2026-08-20T17:30:00Z,2026-08-20T19:30:00+0200,140.854,MW,DK1,DK_1,actual_onshore_wind_generation,Wind Onshore,2026-08-21T06:40:18Z
2026-08-21T06:33:41Z,2026-08-21T08:33:41+0200,6801fa27-1585-43c5-af49-29c528898ba2,2026-08-20T17:45:00Z,2026-08-20T19:45:00+0200,128.59,MW,DK1,DK_1,actual_onshore_wind_generation,Wind Onshore,2026-08-21T06:40:18Z
2026-08-21T06:33:41Z,2026-08-21T08:33:41+0200,6801fa27-1585-43c5-af49-29c528898ba2,2026-08-20T18:00:00Z,2026-08-20T20:00:00+0200,115.754,MW,DK1,DK_1,actual_onshore_wind_generation,Wind Onshore,2026-08-21T06:40:18Z
2026-08-21T06:33:41Z,2026-08-21T08:33:41+0200,6801fa27-1585-43c5-af49-29c528898ba2,2026-08-20T18:15:00Z,2026-08-20T20:15:00+0200,109.243,MW,DK1,DK_1,actual_onshore_wind_generation,Wind Onshore,2026-08-21T06:40:18Z
2026-08-21T06:33:41Z,2026-08-21T08:33:41+0200,6801fa27-1585-43c5-af49-29c528898ba2,2026-08-20T18:30:00Z,2026-08-20T20:30:00+0200,109.063,MW,DK1,DK_1,actual_onshore_wind_generation,Wind Onshore,2026-08-21T06:40:18Z
2026-08-21T06:33:41Z,2026-08-21T08:33:41+0200,6801fa27-1585-43c5-af49-29c528898ba2,2026-08-20T18:45:00Z,2026-08-20T20:45:00+0200,109.567,MW,DK1,DK_1,actual_onshore_wind_generation,Wind Onshore,2026-08-21T06:40:18Z
2026-08-21T06:33:41Z,2026-08-21T08:33:41+0200,6801fa27-1585-43c5-af49-29c528898ba2,2026-08-20T19:00:00Z,2026-08-20T21:00:00+0200,104.334,MW,DK1,DK_1,actual_onshore_wind_generation,Wind Onshore,2026-08-21T06:40:18Z
2026-08-21T06:33:41Z,2026-08-21T08:33:41+0200,6801fa27-1585-43c5-af49-29c528898ba2,2026-08-20T19:15:00Z,2026-08-20T21:15:00+0200,104.071,MW,DK1,DK_1,actual_onshore_wind_generation,Wind Onshore,2026-08-21T06:40:18Z
2026-08-21T06:33:41Z,2026-08-21T08:33:41+0200,6801fa27-1585-43c5-af49-29c528898ba2,2026-08-20T19:30:00Z,2026-08-20T21:30:00+0200,108.901,MW,DK1,DK_1,actual_onshore_wind_generation,Wind Onshore,2026-08-21T06:40:18Z
2026-08-21T06:33:41Z,2026-08-21T08:33:41+0200,6801fa27-1585-43c5-af49-29c528898ba2,2026-08-20T19:45:00Z,2026-08-20T21:45:00+0200,95.4416,MW,DK1,DK_1,actual_onshore_wind_generation,Wind Onshore,2026-08-21T06:40:18Z
2026-08-21T06:33:41Z,2026-08-21T08:33:41+0200,6801fa27-1585-43c5-af49-29c528898ba2,2026-08-20T20:00:00Z,2026-08-20T22:00:00+0200,81.8275,MW,DK1,DK_1,actual_onshore_wind_generation,Wind Onshore,2026-08-21T06:40:18Z
2026-08-21T06:33:41Z,2026-08-21T08:33:41+0200,6801fa27-1585-43c5-af49-29c528898ba2,2026-08-20T20:15:00Z,2026-08-20T22:15:00+0200,76.1779,MW,DK1,DK_1,actual_onshore_wind_generation,Wind Onshore,2026-08-21T06:40:18Z
2026-08-21T06:33:41Z,2026-08-21T08:33:41+0200,6801fa27-1585-43c5-af49-29c528898ba2,2026-08-20T20:30:00Z,2026-08-20T22:30:00+0200,80.5929,MW,DK1,DK_1,actual_onshore_wind_generation,Wind Onshore,2026-08-21T06:40:18Z
2026-08-21T06:33:41Z,2026-08-21T08:33:41+0200,6801fa27-1585-43c5-af49-29c528898ba2,2026-08-20T20:45:00Z,2026-08-20T22:45:00+0200,89.295,MW,DK1,DK_1,actual_onshore_wind_generation,Wind Onshore,2026-08-21T06:40:18Z
2026-08-21T06:33:41Z,2026-08-21T08:33:41+0200,6801fa27-1585-43c5-af49-29c528898ba2,2026-08-20T21:00:00Z,2026-08-20T23:00:00+0200,118.299,MW,DK1,DK_1,actual_onshore_wind_generation,Wind Onshore,2026-08-21T06:40:18Z
2026-08-21T06:33:41Z,2026-08-21T08:33:41+0200,6801fa27-1585-43c5-af49-29c528898ba2,2026-08-20T21:15:00Z,2026-08-20T23:15:00+0200,127.252,MW,DK1,DK_1,actual_onshore_wind_generation,Wind Onshore,2026-08-21T06:40:18Z
2026-08-21T06:33:41Z,2026-08-21T08:33:41+0200,6801fa27-1585-43c5-af49-29c528898ba2,2026-08-20T21:30:00Z,2026-08-20T23:30:00+0200,132.284,MW,DK1,DK_1,actual_onshore_wind_generation,Wind Onshore,2026-08-21T06:40:18Z
2026-08-21T06:33:41Z,2026-08-21T08:33:41+0200,6801fa27-1585-43c5-af49-29c528898ba2,2026-08-20T21:45:00Z,2026-08-20T23:45:00+0200,138.817,MW,DK1,DK_1,actual_onshore_wind_generation,Wind Onshore,2026-08-21T06:40:18Z
2026-08-21T06:33:41Z,2026-08-21T08:33:41+0200,6801fa27-1585-43c5-af49-29c528898ba2,2026-08-20T22:00:00Z,2026-08-21T00:00:00+0200,119.129,MW,DK1,DK_1,actual_onshore_wind_generation,Wind Onshore,2026-08-21T06:40:18Z
2026-08-21T06:33:41Z,2026-08-21T08:33:41+0200,6801fa27-1585-43c5-af49-29c528898ba2,2026-08-20T22:15:00Z,2026-08-21T00:15:00+0200,125.266,MW,DK1,DK_1,actual_onshore_wind_generation,Wind Onshore,2026-08-21T06:40:18Z
2026-08-21T06:33:41Z,2026-08-21T08:33:41+0200,6801fa27-1585-43c5-af49-29c528898ba2,2026-08-20T22:30:00Z,2026-08-21T00:30:00+0200,134.989,MW,DK1,DK_1,actual_onshore_wind_generation,Wind Onshore,2026-08-21T06:40:18Z
2026-08-21T06:33:41Z,2026-08-21T08:33:41+0200,6801fa27-1585-43c5-af49-29c528898ba2,2026-08-20T22:45:00Z,2026-08-21T00:45:00+0200,138.897,MW,DK1,DK_1,actual_onshore_wind_generation,Wind Onshore,2026-08-21T06:40:18Z
2026-08-21T06:33:41Z,2026-08-21T08:33:41+0200,6801fa27-1585-43c5-af49-29c528898ba2,2026-08-20T23:00:00Z,2026-08-21T01:00:00+0200,144.557,MW,DK1,DK_1,actual_onshore_wind_generation,Wind Onshore,2026-08-21T06:40:18Z
2026-08-21T06:33:41Z,2026-08-21T08:33:41+0200,6801fa27-1585-43c5-af49-29c528898ba2,2026-08-20T23:15:00Z,2026-08-21T01:15:00+0200,155.873,MW,DK1,DK_1,actual_onshore_wind_generation,Wind Onshore,2026-08-21T06:40:18Z
2026-08-21T06:33:41Z,2026-08-21T08:33:41+0200,6801fa27-1585-43c5-af49-29c528898ba2,2026-08-20T23:30:00Z,2026-08-21T01:30:00+0200,176.824,MW,DK1,DK_1,actual_onshore_wind_generation,Wind Onshore,2026-08-21T06:40:18Z
2026-08-21T06:33:41Z,2026-08-21T08:33:41+0200,6801fa27-1585-43c5-af49-29c528898ba2,2026-08-20T23:45:00Z,2026-08-21T01:45:00+0200,190.42,MW,DK1,DK_1,actual_onshore_wind_generation,Wind Onshore,2026-08-21T06:40:18Z
2026-08-21T06:33:41Z,2026-08-21T08:33:41+0200,6801fa27-1585-43c5-af49-29c528898ba2,2026-08-21T00:00:00Z,2026-08-21T02:00:00+0200,208.927,MW,DK1,DK_1,actual_onshore_wind_generation,Wind Onshore,2026-08-21T06:40:18Z
2026-08-21T06:33:41Z,2026-08-21T08:33:41+0200,6801fa27-1585-43c5-af49-29c528898ba2,2026-08-21T00:15:00Z,2026-08-21T02:15:00+0200,229.748,MW,DK1,DK_1,actual_onshore_wind_generation,Wind Onshore,2026-08-21T06:40:18Z
2026-08-21T06:33:41Z,2026-08-21T08:33:41+0200,6801fa27-1585-43c5-af49-29c528898ba2,2026-08-21T00:30:00Z,2026-08-21T02:30:00+0200,239.773,MW,DK1,DK_1,actual_onshore_wind_generation,Wind Onshore,2026-08-21T06:40:18Z
2026-08-21T06:33:41Z,2026-08-21T08:33:41+0200,6801fa27-1585-43c5-af49-29c528898ba2,2026-08-21T00:45:00Z,2026-08-21T02:45:00+0200,248.204,MW,DK1,DK_1,actual_onshore_wind_generation,Wind Onshore,2026-08-21T06:40:18Z
2026-08-21T06:33:41Z,2026-08-21T08:33:41+0200,6801fa27-1585-43c5-af49-29c528898ba2,2026-08-21T01:00:00Z,2026-08-21T03:00:00+0200,258.911,MW,DK1,DK_1,actual_onshore_wind_generation,Wind Onshore,2026-08-21T06:40:18Z
2026-08-21T06:33:41Z,2026-08-21T08:33:41+0200,6801fa27-1585-43c5-af49-29c528898ba2,2026-08-21T01:15:00Z,2026-08-21T03:15:00+0200,275.131,MW,DK1,DK_1,actual_onshore_wind_generation,Wind Onshore,2026-08-21T06:40:18Z
2026-08-21T06:33:41Z,2026-08-21T08:33:41+0200,6801fa27-1585-43c5-af49-29c528898ba2,2026-08-21T01:30:00Z,2026-08-21T03:30:00+0200,281.408,MW,DK1,DK_1,actual_onshore_wind_generation,Wind Onshore,2026-08-21T06:40:18Z
2026-08-21T06:33:41Z,2026-08-21T08:33:41+0200,6801fa27-1585-43c5-af49-29c528898ba2,2026-08-21T01:45:00Z,2026-08-21T03:45:00+0200,299.147,MW,DK1,DK_1,actual_onshore_wind_generation,Wind Onshore,2026-08-21T06:40:18Z
2026-08-21T06:33:41Z,2026-08-21T08:33:41+0200,6801fa27-1585-43c5-af49-29c528898ba2,2026-08-21T02:00:00Z,2026-08-21T04:00:00+0200,293.008,MW,DK1,DK_1,actual_onshore_wind_generation,Wind Onshore,2026-08-21T06:40:18Z
2026-08-21T06:33:41Z,2026-08-21T08:33:41+0200,6801fa27-1585-43c5-af49-29c528898ba2,2026-08-21T02:15:00Z,2026-08-21T04:15:00+0200,299.23,MW,DK1,DK_1,actual_onshore_wind_generation,Wind Onshore,2026-08-21T06:40:18Z
2026-08-21T06:33:41Z,2026-08-21T08:33:41+0200,6801fa27-1585-43c5-af49-29c528898ba2,2026-08-21T02:30:00Z,2026-08-21T04:30:00+0200,313.044,MW,DK1,DK_1,actual_onshore_wind_generation,Wind Onshore,2026-08-21T06:40:18Z
2026-08-21T06:33:41Z,2026-08-21T08:33:41+0200,6801fa27-1585-43c5-af49-29c528898ba2,2026-08-21T02:45:00Z,2026-08-21T04:45:00+0200,322.962,MW,DK1,DK_1,actual_onshore_wind_generation,Wind Onshore,2026-08-21T06:40:18Z
2026-08-21T06:33:41Z,2026-08-21T08:33:41+0200,6801fa27-1585-43c5-af49-29c528898ba2,2026-08-21T03:00:00Z,2026-08-21T05:00:00+0200,346.72,MW,DK1,DK_1,actual_onshore_wind_generation,Wind Onshore,2026-08-21T06:40:18Z
2026-08-21T06:33:41Z,2026-08-21T08:33:41+0200,6801fa27-1585-43c5-af49-29c528898ba2,2026-08-21T03:15:00Z,2026-08-21T05:15:00+0200,358.804,MW,DK1,DK_1,actual_onshore_wind_generation,Wind Onshore,2026-08-21T06:40:18Z
2026-08-21T06:33:41Z,2026-08-21T08:33:41+0200,6801fa27-1585-43c5-af49-29c528898ba2,2026-08-21T03:30:00Z,2026-08-21T05:30:00+0200,371.642,MW,DK1,DK_1,actual_onshore_wind_generation,Wind Onshore,2026-08-21T06:40:18Z
2026-08-21T06:33:41Z,2026-08-21T08:33:41+0200,6801fa27-1585-43c5-af49-29c528898ba2,2026-08-21T03:45:00Z,2026-08-21T05:45:00+0200,394.431,MW,DK1,DK_1,actual_onshore_wind_generation,Wind Onshore,2026-08-21T06:40:18Z
2026-08-21T06:33:41Z,2026-08-21T08:33:41+0200,6801fa27-1585-43c5-af49-29c528898ba2,2026-08-21T04:00:00Z,2026-08-21T06:00:00+0200,418.03,MW,DK1,DK_1,actual_onshore_wind_generation,Wind Onshore,2026-08-21T06:40:18Z
2026-08-21T06:33:41Z,2026-08-21T08:33:41+0200,6801fa27-1585-43c5-af49-29c528898ba2,2026-08-21T04:15:00Z,2026-08-21T06:15:00+0200,454.061,MW,DK1,DK_1,actual_onshore_wind_generation,Wind Onshore,2026-08-21T06:40:18Z
2026-08-21T06:33:41Z,2026-08-21T08:33:41+0200,6801fa27-1585-43c5-af49-29c528898ba2,2026-08-21T04:30:00Z,2026-08-21T06:30:00+0200,459.573,MW,DK1,DK_1,actual_onshore_wind_generation,Wind Onshore,2026-08-21T06:40:18Z
2026-08-21T06:33:41Z,2026-08-21T08:33:41+0200,6801fa27-1585-43c5-af49-29c528898ba2,2026-08-21T04:45:00Z,2026-08-21T06:45:00+0200,475.251,MW,DK1,DK_1,actual_onshore_wind_generation,Wind Onshore,2026-08-21T06:40:18Z
2026-08-21T06:33:41Z,2026-08-21T08:33:41+0200,6801fa27-1585-43c5-af49-29c528898ba2,2026-08-21T05:00:00Z,2026-08-21T07:00:00+0200,464.786,MW,DK1,DK_1,actual_onshore_wind_generation,Wind Onshore,2026-08-21T06:40:18Z
2026-08-21T06:33:41Z,2026-08-21T08:33:41+0200,6801fa27-1585-43c5-af49-29c528898ba2,2026-08-21T05:15:00Z,2026-08-21T07:15:00+0200,455.452,MW,DK1,DK_1,actual_onshore_wind_generation,Wind Onshore,2026-08-21T06:40:18Z
