collection_time_utc,collection_time_local,run_id,timestamp_utc,timestamp_local,value,unit,country,entsoe_area,variable,source,updated_at_utc
2026-09-12T21:33:00Z,2026-09-12T23:33:00+0200,e073c37d-e2b9-4fd7-95a5-f5e10fe92511,2026-09-05T22:00:00Z,2026-09-06T00:00:00+0200,486.05,MW,FR,FR,actual_offshore_wind_generation,Wind Offshore,2026-09-12T21:35:14Z
2026-09-12T21:33:00Z,2026-09-12T23:33:00+0200,e073c37d-e2b9-4fd7-95a5-f5e10fe92511,2026-09-05T22:15:00Z,2026-09-06T00:15:00+0200,454.04,MW,FR,FR,actual_offshore_wind_generation,Wind Offshore,2026-09-12T21:35:14Z
2026-09-12T21:33:00Z,2026-09-12T23:33:00+0200,e073c37d-e2b9-4fd7-95a5-f5e10fe92511,2026-09-05T22:30:00Z,2026-09-06T00:30:00+0200,416.31,MW,FR,FR,actual_offshore_wind_generation,Wind Offshore,2026-09-12T21:35:14Z
2026-09-12T21:33:00Z,2026-09-12T23:33:00+0200,e073c37d-e2b9-4fd7-95a5-f5e10fe92511,2026-09-05T22:45:00Z,2026-09-06T00:45:00+0200,424.77,MW,FR,FR,actual_offshore_wind_generation,Wind Offshore,2026-09-12T21:35:14Z
2026-09-12T21:33:00Z,2026-09-12T23:33:00+0200,e073c37d-e2b9-4fd7-95a5-f5e10fe92511,2026-09-05T23:00:00Z,2026-09-06T01:00:00+0200,454.87,MW,FR,FR,actual_offshore_wind_generation,Wind Offshore,2026-09-12T21:35:14Z
2026-09-12T21:33:00Z,2026-09-12T23:33:00+0200,e073c37d-e2b9-4fd7-95a5-f5e10fe92511,2026-09-05T23:15:00Z,2026-09-06T01:15:00+0200,473.8,MW,FR,FR,actual_offshore_wind_generation,Wind Offshore,2026-09-12T21:35:14Z
2026-09-12T21:33:00Z,2026-09-12T23:33:00+0200,e073c37d-e2b9-4fd7-95a5-f5e10fe92511,2026-09-05T23:30:00Z,2026-09-06T01:30:00+0200,521.15,MW,FR,FR,actual_offshore_wind_generation,Wind Offshore,2026-09-12T21:35:14Z
2026-09-12T21:33:00Z,2026-09-12T23:33:00+0200,e073c37d-e2b9-4fd7-95a5-f5e10fe92511,2026-09-05T23:45:00Z,2026-09-06T01:45:00+0200,523.58,MW,FR,FR,actual_offshore_wind_generation,Wind Offshore,2026-09-12T21:35:14Z
2026-09-12T21:33:00Z,2026-09-12T23:33:00+0200,e073c37d-e2b9-4fd7-95a5-f5e10fe92511,2026-09-06T00:00:00Z,2026-09-06T02:00:00+0200,512.1,MW,FR,FR,actual_offshore_wind_generation,Wind Offshore,2026-09-12T21:35:14Z
2026-09-12T21:33:00Z,2026-09-12T23:33:00+0200,e073c37d-e2b9-4fd7-95a5-f5e10fe92511,2026-09-06T00:15:00Z,2026-09-06T02:15:00+0200,503.24,MW,FR,FR,actual_offshore_wind_generation,Wind Offshore,2026-09-12T21:35:14Z
2026-09-12T21:33:00Z,2026-09-12T23:33:00+0200,e073c37d-e2b9-4fd7-95a5-f5e10fe92511,2026-09-06T00:30:00Z,2026-09-06T02:30:00+0200,545.41,MW,FR,FR,actual_offshore_wind_generation,Wind Offshore,2026-09-12T21:35:14Z
2026-09-12T21:33:00Z,2026-09-12T23:33:00+0200,e073c37d-e2b9-4fd7-95a5-f5e10fe92511,2026-09-06T00:45:00Z,2026-09-06T02:45:00+0200,621.38,MW,FR,FR,actual_offshore_wind_generation,Wind Offshore,2026-09-12T21:35:14Z
2026-09-12T21:33:00Z,2026-09-12T23:33:00+0200,e073c37d-e2b9-4fd7-95a5-f5e10fe92511,2026-09-06T01:00:00Z,2026-09-06T03:00:00+0200,662.57,MW,FR,FR,actual_offshore_wind_generation,Wind Offshore,2026-09-12T21:35:14Z
2026-09-12T21:33:00Z,2026-09-12T23:33:00+0200,e073c37d-e2b9-4fd7-95a5-f5e10fe92511,2026-09-06T01:15:00Z,2026-09-06T03:15:00+0200,694.65,MW,FR,FR,actual_offshore_wind_generation,Wind Offshore,2026-09-12T21:35:14Z
2026-09-12T21:33:00Z,2026-09-12T23:33:00+0200,e073c37d-e2b9-4fd7-95a5-f5e10fe92511,2026-09-06T01:30:00Z,2026-09-06T03:30:00+0200,666.73,MW,FR,FR,actual_offshore_wind_generation,Wind Offshore,2026-09-12T21:35:14Z
2026-09-12T21:33:00Z,2026-09-12T23:33:00+0200,e073c37d-e2b9-4fd7-95a5-f5e10fe92511,2026-09-06T01:45:00Z,2026-09-06T03:45:00+0200,622.03,MW,FR,FR,actual_offshore_wind_generation,Wind Offshore,2026-09-12T21:35:14Z
2026-09-12T21:33:00Z,2026-09-12T23:33:00+0200,e073c37d-e2b9-4fd7-95a5-f5e10fe92511,2026-09-06T02:00:00Z,2026-09-06T04:00:00+0200,711.5,MW,FR,FR,actual_offshore_wind_generation,Wind Offshore,2026-09-12T21:35:14Z
2026-09-12T21:33:00Z,2026-09-12T23:33:00+0200,e073c37d-e2b9-4fd7-95a5-f5e10fe92511,2026-09-06T02:15:00Z,2026-09-06T04:15:00+0200,715.66,MW,FR,FR,actual_offshore_wind_generation,Wind Offshore,2026-09-12T21:35:14Z
2026-09-12T21:33:00Z,2026-09-12T23:33:00+0200,e073c37d-e2b9-4fd7-95a5-f5e10fe92511,2026-09-06T02:30:00Z,2026-09-06T04:30:00+0200,602.0,MW,FR,FR,actual_offshore_wind_generation,Wind Offshore,2026-09-12T21:35:14Z
2026-09-12T21:33:00Z,2026-09-12T23:33:00+0200,e073c37d-e2b9-4fd7-95a5-f5e10fe92511,2026-09-06T02:45:00Z,2026-09-06T04:45:00+0200,583.82,MW,FR,FR,actual_offshore_wind_generation,Wind Offshore,2026-09-12T21:35:14Z
2026-09-12T21:33:00Z,2026-09-12T23:33:00+0200,e073c37d-e2b9-4fd7-95a5-f5e10fe92511,2026-09-06T03:00:00Z,2026-09-06T05:00:00+0200,663.27,MW,FR,FR,actual_offshore_wind_generation,Wind Offshore,2026-09-12T21:35:14Z
2026-09-12T21:33:00Z,2026-09-12T23:33:00+0200,e073c37d-e2b9-4fd7-95a5-f5e10fe92511,2026-09-06T03:15:00Z,2026-09-06T05:15:00+0200,751.32,MW,FR,FR,actual_offshore_wind_generation,Wind Offshore,2026-09-12T21:35:14Z
2026-09-12T21:33:00Z,2026-09-12T23:33:00+0200,e073c37d-e2b9-4fd7-95a5-f5e10fe92511,2026-09-06T03:30:00Z,2026-09-06T05:30:00+0200,660.7,MW,FR,FR,actual_offshore_wind_generation,Wind Offshore,2026-09-12T21:35:14Z
2026-09-12T21:33:00Z,2026-09-12T23:33:00+0200,e073c37d-e2b9-4fd7-95a5-f5e10fe92511,2026-09-06T03:45:00Z,2026-09-06T05:45:00+0200,587.82,MW,FR,FR,actual_offshore_wind_generation,Wind Offshore,2026-09-12T21:35:14Z
2026-09-12T21:33:00Z,2026-09-12T23:33:00+0200,e073c37d-e2b9-4fd7-95a5-f5e10fe92511,2026-09-06T04:00:00Z,2026-09-06T06:00:00+0200,521.21,MW,FR,FR,actual_offshore_wind_generation,Wind Offshore,2026-09-12T21:35:14Z
2026-09-12T21:33:00Z,2026-09-12T23:33:00+0200,e073c37d-e2b9-4fd7-95a5-f5e10fe92511,2026-09-06T04:15:00Z,2026-09-06T06:15:00+0200,446.61,MW,FR,FR,actual_offshore_wind_generation,Wind Offshore,2026-09-12T21:35:14Z
2026-09-12T21:33:00Z,2026-09-12T23:33:00+0200,e073c37d-e2b9-4fd7-95a5-f5e10fe92511,2026-09-06T04:30:00Z,2026-09-06T06:30:00+0200,369.36,MW,FR,FR,actual_offshore_wind_generation,Wind Offshore,2026-09-12T21:35:14Z
2026-09-12T21:33:00Z,2026-09-12T23:33:00+0200,e073c37d-e2b9-4fd7-95a5-f5e10fe92511,2026-09-06T04:45:00Z,2026-09-06T06:45:00+0200,319.42,MW,FR,FR,actual_offshore_wind_generation,Wind Offshore,2026-09-12T21:35:14Z
2026-09-12T21:33:00Z,2026-09-12T23:33:00+0200,e073c37d-e2b9-4fd7-95a5-f5e10fe92511,2026-09-06T05:00:00Z,2026-09-06T07:00:00+0200,309.0,MW,FR,FR,actual_offshore_wind_generation,Wind Offshore,2026-09-12T21:35:14Z
2026-09-12T21:33:00Z,2026-09-12T23:33:00+0200,e073c37d-e2b9-4fd7-95a5-f5e10fe92511,2026-09-06T05:15:00Z,2026-09-06T07:15:00+0200,374.47,MW,FR,FR,actual_offshore_wind_generation,Wind Offshore,2026-09-12T21:35:14Z
2026-09-12T21:33:00Z,2026-09-12T23:33:00+0200,e073c37d-e2b9-4fd7-95a5-f5e10fe92511,2026-09-06T05:30:00Z,2026-09-06T07:30:00+0200,465.23,MW,FR,FR,actual_offshore_wind_generation,Wind Offshore,2026-09-12T21:35:14Z
2026-09-12T21:33:00Z,2026-09-12T23:33:00+0200,e073c37d-e2b9-4fd7-95a5-f5e10fe92511,2026-09-06T05:45:00Z,2026-09-06T07:45:00+0200,487.42,MW,FR,FR,actual_offshore_wind_generation,Wind Offshore,2026-09-12T21:35:14Z
2026-09-12T21:33:00Z,2026-09-12T23:33:00+0200,e073c37d-e2b9-4fd7-95a5-f5e10fe92511,2026-09-06T06:00:00Z,2026-09-06T08:00:00+0200,516.41,MW,FR,FR,actual_offshore_wind_generation,Wind Offshore,2026-09-12T21:35:14Z
2026-09-12T21:33:00Z,2026-09-12T23:33:00+0200,e073c37d-e2b9-4fd7-95a5-f5e10fe92511,2026-09-06T06:15:00Z,2026-09-06T08:15:00+0200,524.81,MW,FR,FR,actual_offshore_wind_generation,Wind Offshore,2026-09-12T21:35:14Z
2026-09-12T21:33:00Z,2026-09-12T23:33:00+0200,e073c37d-e2b9-4fd7-95a5-f5e10fe92511,2026-09-06T06:30:00Z,2026-09-06T08:30:00+0200,524.0,MW,FR,FR,actual_offshore_wind_generation,Wind Offshore,2026-09-12T21:35:14Z
2026-09-12T21:33:00Z,2026-09-12T23:33:00+0200,e073c37d-e2b9-4fd7-95a5-f5e10fe92511,2026-09-06T06:45:00Z,2026-09-06T08:45:00+0200,554.31,MW,FR,FR,actual_offshore_wind_generation,Wind Offshore,2026-09-12T21:35:14Z
2026-09-12T21:33:00Z,2026-09-12T23:33:00+0200,e073c37d-e2b9-4fd7-95a5-f5e10fe92511,2026-09-06T07:00:00Z,2026-09-06T09:00:00+0200,547.19,MW,FR,FR,actual_offshore_wind_generation,Wind Offshore,2026-09-12T21:35:14Z
2026-09-12T21:33:00Z,2026-09-12T23:33:00+0200,e073c37d-e2b9-4fd7-95a5-f5e10fe92511,2026-09-06T07:15:00Z,2026-09-06T09:15:00+0200,570.54,MW,FR,FR,actual_offshore_wind_generation,Wind Offshore,2026-09-12T21:35:14Z
2026-09-12T21:33:00Z,2026-09-12T23:33:00+0200,e073c37d-e2b9-4fd7-95a5-f5e10fe92511,2026-09-06T07:30:00Z,2026-09-06T09:30:00+0200,659.08,MW,FR,FR,actual_offshore_wind_generation,Wind Offshore,2026-09-12T21:35:14Z
2026-09-12T21:33:00Z,2026-09-12T23:33:00+0200,e073c37d-e2b9-4fd7-95a5-f5e10fe92511,2026-09-06T07:45:00Z,2026-09-06T09:45:00+0200,683.48,MW,FR,FR,actual_offshore_wind_generation,Wind Offshore,2026-09-12T21:35:14Z
2026-09-12T21:33:00Z,2026-09-12T23:33:00+0200,e073c37d-e2b9-4fd7-95a5-f5e10fe92511,2026-09-06T08:00:00Z,2026-09-06T10:00:00+0200,661.63,MW,FR,FR,actual_offshore_wind_generation,Wind Offshore,2026-09-12T21:35:14Z
2026-09-12T21:33:00Z,2026-09-12T23:33:00+0200,e073c37d-e2b9-4fd7-95a5-f5e10fe92511,2026-09-06T08:15:00Z,2026-09-06T10:15:00+0200,584.14,MW,FR,FR,actual_offshore_wind_generation,Wind Offshore,2026-09-12T21:35:14Z
2026-09-12T21:33:00Z,2026-09-12T23:33:00+0200,e073c37d-e2b9-4fd7-95a5-f5e10fe92511,2026-09-06T08:30:00Z,2026-09-06T10:30:00+0200,517.61,MW,FR,FR,actual_offshore_wind_generation,Wind Offshore,2026-09-12T21:35:14Z
2026-09-12T21:33:00Z,2026-09-12T23:33:00+0200,e073c37d-e2b9-4fd7-95a5-f5e10fe92511,2026-09-06T08:45:00Z,2026-09-06T10:45:00+0200,486.31,MW,FR,FR,actual_offshore_wind_generation,Wind Offshore,2026-09-12T21:35:14Z
2026-09-12T21:33:00Z,2026-09-12T23:33:00+0200,e073c37d-e2b9-4fd7-95a5-f5e10fe92511,2026-09-06T09:00:00Z,2026-09-06T11:00:00+0200,419.64,MW,FR,FR,actual_offshore_wind_generation,Wind Offshore,2026-09-12T21:35:14Z
2026-09-12T21:33:00Z,2026-09-12T23:33:00+0200,e073c37d-e2b9-4fd7-95a5-f5e10fe92511,2026-09-06T09:15:00Z,2026-09-06T11:15:00+0200,397.12,MW,FR,FR,actual_offshore_wind_generation,Wind Offshore,2026-09-12T21:35:14Z
2026-09-12T21:33:00Z,2026-09-12T23:33:00+0200,e073c37d-e2b9-4fd7-95a5-f5e10fe92511,2026-09-06T09:30:00Z,2026-09-06T11:30:00+0200,425.09,MW,FR,FR,actual_offshore_wind_generation,Wind Offshore,2026-09-12T21:35:14Z
2026-09-12T21:33:00Z,2026-09-12T23:33:00+0200,e073c37d-e2b9-4fd7-95a5-f5e10fe92511,2026-09-06T09:45:00Z,2026-09-06T11:45:00+0200,424.66,MW,FR,FR,actual_offshore_wind_generation,Wind Offshore,2026-09-12T21:35:14Z
2026-09-12T21:33:00Z,2026-09-12T23:33:00+0200,e073c37d-e2b9-4fd7-95a5-f5e10fe92511,2026-09-06T10:00:00Z,2026-09-06T12:00:00+0200,419.57,MW,FR,FR,actual_offshore_wind_generation,Wind Offshore,2026-09-12T21:35:14Z
2026-09-12T21:33:00Z,2026-09-12T23:33:00+0200,e073c37d-e2b9-4fd7-95a5-f5e10fe92511,2026-09-06T10:15:00Z,2026-09-06T12:15:00+0200,417.22,MW,FR,FR,actual_offshore_wind_generation,Wind Offshore,2026-09-12T21:35:14Z
2026-09-12T21:33:00Z,2026-09-12T23:33:00+0200,e073c37d-e2b9-4fd7-95a5-f5e10fe92511,2026-09-06T10:30:00Z,2026-09-06T12:30:00+0200,380.93,MW,FR,FR,actual_offshore_wind_generation,Wind Offshore,2026-09-12T21:35:14Z
2026-09-12T21:33:00Z,2026-09-12T23:33:00+0200,e073c37d-e2b9-4fd7-95a5-f5e10fe92511,2026-09-06T10:45:00Z,2026-09-06T12:45:00+0200,339.81,MW,FR,FR,actual_offshore_wind_generation,Wind Offshore,2026-09-12T21:35:14Z
2026-09-12T21:33:00Z,2026-09-12T23:33:00+0200,e073c37d-e2b9-4fd7-95a5-f5e10fe92511,2026-09-06T11:00:00Z,2026-09-06T13:00:00+0200,382.45,MW,FR,FR,actual_offshore_wind_generation,Wind Offshore,2026-09-12T21:35:14Z
2026-09-12T21:33:00Z,2026-09-12T23:33:00+0200,e073c37d-e2b9-4fd7-95a5-f5e10fe92511,2026-09-06T11:15:00Z,2026-09-06T13:15:00+0200,404.31,MW,FR,FR,actual_offshore_wind_generation,Wind Offshore,2026-09-12T21:35:14Z
2026-09-12T21:33:00Z,2026-09-12T23:33:00+0200,e073c37d-e2b9-4fd7-95a5-f5e10fe92511,2026-09-06T11:30:00Z,2026-09-06T13:30:00+0200,388.36,MW,FR,FR,actual_offshore_wind_generation,Wind Offshore,2026-09-12T21:35:14Z
2026-09-12T21:33:00Z,2026-09-12T23:33:00+0200,e073c37d-e2b9-4fd7-95a5-f5e10fe92511,2026-09-06T11:45:00Z,2026-09-06T13:45:00+0200,295.03,MW,FR,FR,actual_offshore_wind_generation,Wind Offshore,2026-09-12T21:35:14Z
2026-09-12T21:33:00Z,2026-09-12T23:33:00+0200,e073c37d-e2b9-4fd7-95a5-f5e10fe92511,2026-09-06T12:00:00Z,2026-09-06T14:00:00+0200,168.15,MW,FR,FR,actual_offshore_wind_generation,Wind Offshore,2026-09-12T21:35:14Z
2026-09-12T21:33:00Z,2026-09-12T23:33:00+0200,e073c37d-e2b9-4fd7-95a5-f5e10fe92511,2026-09-06T12:15:00Z,2026-09-06T14:15:00+0200,114.02,MW,FR,FR,actual_offshore_wind_generation,Wind Offshore,2026-09-12T21:35:14Z
2026-09-12T21:33:00Z,2026-09-12T23:33:00+0200,e073c37d-e2b9-4fd7-95a5-f5e10fe92511,2026-09-06T12:30:00Z,2026-09-06T14:30:00+0200,103.99,MW,FR,FR,actual_offshore_wind_generation,Wind Offshore,2026-09-12T21:35:14Z
2026-09-12T21:33:00Z,2026-09-12T23:33:00+0200,e073c37d-e2b9-4fd7-95a5-f5e10fe92511,2026-09-06T12:45:00Z,2026-09-06T14:45:00+0200,67.47,MW,FR,FR,actual_offshore_wind_generation,Wind Offshore,2026-09-12T21:35:14Z
2026-09-12T21:33:00Z,2026-09-12T23:33:00+0200,e073c37d-e2b9-4fd7-95a5-f5e10fe92511,2026-09-06T13:00:00Z,2026-09-06T15:00:00+0200,63.02,MW,FR,FR,actual_offshore_wind_generation,Wind Offshore,2026-09-12T21:35:14Z
2026-09-12T21:33:00Z,2026-09-12T23:33:00+0200,e073c37d-e2b9-4fd7-95a5-f5e10fe92511,2026-09-06T13:15:00Z,2026-09-06T15:15:00+0200,61.28,MW,FR,FR,actual_offshore_wind_generation,Wind Offshore,2026-09-12T21:35:14Z
2026-09-12T21:33:00Z,2026-09-12T23:33:00+0200,e073c37d-e2b9-4fd7-95a5-f5e10fe92511,2026-09-06T13:30:00Z,2026-09-06T15:30:00+0200,86.7,MW,FR,FR,actual_offshore_wind_generation,Wind Offshore,2026-09-12T21:35:14Z
2026-09-12T21:33:00Z,2026-09-12T23:33:00+0200,e073c37d-e2b9-4fd7-95a5-f5e10fe92511,2026-09-06T13:45:00Z,2026-09-06T15:45:00+0200,79.07,MW,FR,FR,actual_offshore_wind_generation,Wind Offshore,2026-09-12T21:35:14Z
2026-09-12T21:33:00Z,2026-09-12T23:33:00+0200,e073c37d-e2b9-4fd7-95a5-f5e10fe92511,2026-09-06T14:00:00Z,2026-09-06T16:00:00+0200,63.32,MW,FR,FR,actual_offshore_wind_generation,Wind Offshore,2026-09-12T21:35:14Z
2026-09-12T21:33:00Z,2026-09-12T23:33:00+0200,e073c37d-e2b9-4fd7-95a5-f5e10fe92511,2026-09-06T14:15:00Z,2026-09-06T16:15:00+0200,32.33,MW,FR,FR,actual_offshore_wind_generation,Wind Offshore,2026-09-12T21:35:14Z
2026-09-12T21:33:00Z,2026-09-12T23:33:00+0200,e073c37d-e2b9-4fd7-95a5-f5e10fe92511,2026-09-06T14:30:00Z,2026-09-06T16:30:00+0200,45.71,MW,FR,FR,actual_offshore_wind_generation,Wind Offshore,2026-09-12T21:35:14Z
2026-09-12T21:33:00Z,2026-09-12T23:33:00+0200,e073c37d-e2b9-4fd7-95a5-f5e10fe92511,2026-09-06T14:45:00Z,2026-09-06T16:45:00+0200,108.21,MW,FR,FR,actual_offshore_wind_generation,Wind Offshore,2026-09-12T21:35:14Z
2026-09-12T21:33:00Z,2026-09-12T23:33:00+0200,e073c37d-e2b9-4fd7-95a5-f5e10fe92511,2026-09-06T15:00:00Z,2026-09-06T17:00:00+0200,81.67,MW,FR,FR,actual_offshore_wind_generation,Wind Offshore,2026-09-12T21:35:14Z
2026-09-12T21:33:00Z,2026-09-12T23:33:00+0200,e073c37d-e2b9-4fd7-95a5-f5e10fe92511,2026-09-06T15:15:00Z,2026-09-06T17:15:00+0200,126.33,MW,FR,FR,actual_offshore_wind_generation,Wind Offshore,2026-09-12T21:35:14Z
2026-09-12T21:33:00Z,2026-09-12T23:33:00+0200,e073c37d-e2b9-4fd7-95a5-f5e10fe92511,2026-09-06T15:30:00Z,2026-09-06T17:30:00+0200,160.81,MW,FR,FR,actual_offshore_wind_generation,Wind Offshore,2026-09-12T21:35:14Z
2026-09-12T21:33:00Z,2026-09-12T23:33:00+0200,e073c37d-e2b9-4fd7-95a5-f5e10fe92511,2026-09-06T15:45:00Z,2026-09-06T17:45:00+0200,258.47,MW,FR,FR,actual_offshore_wind_generation,Wind Offshore,2026-09-12T21:35:14Z
2026-09-12T21:33:00Z,2026-09-12T23:33:00+0200,e073c37d-e2b9-4fd7-95a5-f5e10fe92511,2026-09-06T16:00:00Z,2026-09-06T18:00:00+0200,272.83,MW,FR,FR,actual_offshore_wind_generation,Wind Offshore,2026-09-12T21:35:14Z
2026-09-12T21:33:00Z,2026-09-12T23:33:00+0200,e073c37d-e2b9-4fd7-95a5-f5e10fe92511,2026-09-06T16:15:00Z,2026-09-06T18:15:00+0200,190.52,MW,FR,FR,actual_offshore_wind_generation,Wind Offshore,2026-09-12T21:35:14Z
2026-09-12T21:33:00Z,2026-09-12T23:33:00+0200,e073c37d-e2b9-4fd7-95a5-f5e10fe92511,2026-09-06T16:30:00Z,2026-09-06T18:30:00+0200,114.73,MW,FR,FR,actual_offshore_wind_generation,Wind Offshore,2026-09-12T21:35:14Z
2026-09-12T21:33:00Z,2026-09-12T23:33:00+0200,e073c37d-e2b9-4fd7-95a5-f5e10fe92511,2026-09-06T16:45:00Z,2026-09-06T18:45:00+0200,124.19,MW,FR,FR,actual_offshore_wind_generation,Wind Offshore,2026-09-12T21:35:14Z
2026-09-12T21:33:00Z,2026-09-12T23:33:00+0200,e073c37d-e2b9-4fd7-95a5-f5e10fe92511,2026-09-06T17:00:00Z,2026-09-06T19:00:00+0200,227.29,MW,FR,FR,actual_offshore_wind_generation,Wind Offshore,2026-09-12T21:35:14Z
2026-09-12T21:33:00Z,2026-09-12T23:33:00+0200,e073c37d-e2b9-4fd7-95a5-f5e10fe92511,2026-09-06T17:15:00Z,2026-09-06T19:15:00+0200,231.92,MW,FR,FR,actual_offshore_wind_generation,Wind Offshore,2026-09-12T21:35:14Z
2026-09-12T21:33:00Z,2026-09-12T23:33:00+0200,e073c37d-e2b9-4fd7-95a5-f5e10fe92511,2026-09-06T17:30:00Z,2026-09-06T19:30:00+0200,106.08,MW,FR,FR,actual_offshore_wind_generation,Wind Offshore,2026-09-12T21:35:14Z
2026-09-12T21:33:00Z,2026-09-12T23:33:00+0200,e073c37d-e2b9-4fd7-95a5-f5e10fe92511,2026-09-06T17:45:00Z,2026-09-06T19:45:00+0200,90.36,MW,FR,FR,actual_offshore_wind_generation,Wind Offshore,2026-09-12T21:35:14Z
2026-09-12T21:33:00Z,2026-09-12T23:33:00+0200,e073c37d-e2b9-4fd7-95a5-f5e10fe92511,2026-09-06T18:00:00Z,2026-09-06T20:00:00+0200,84.62,MW,FR,FR,actual_offshore_wind_generation,Wind Offshore,2026-09-12T21:35:14Z
2026-09-12T21:33:00Z,2026-09-12T23:33:00+0200,e073c37d-e2b9-4fd7-95a5-f5e10fe92511,2026-09-06T18:15:00Z,2026-09-06T20:15:00+0200,127.47,MW,FR,FR,actual_offshore_wind_generation,Wind Offshore,2026-09-12T21:35:14Z
2026-09-12T21:33:00Z,2026-09-12T23:33:00+0200,e073c37d-e2b9-4fd7-95a5-f5e10fe92511,2026-09-06T18:30:00Z,2026-09-06T20:30:00+0200,149.93,MW,FR,FR,actual_offshore_wind_generation,Wind Offshore,2026-09-12T21:35:14Z
2026-09-12T21:33:00Z,2026-09-12T23:33:00+0200,e073c37d-e2b9-4fd7-95a5-f5e10fe92511,2026-09-06T18:45:00Z,2026-09-06T20:45:00+0200,134.84,MW,FR,FR,actual_offshore_wind_generation,Wind Offshore,2026-09-12T21:35:14Z
2026-09-12T21:33:00Z,2026-09-12T23:33:00+0200,e073c37d-e2b9-4fd7-95a5-f5e10fe92511,2026-09-06T19:00:00Z,2026-09-06T21:00:00+0200,175.04,MW,FR,FR,actual_offshore_wind_generation,Wind Offshore,2026-09-12T21:35:14Z
2026-09-12T21:33:00Z,2026-09-12T23:33:00+0200,e073c37d-e2b9-4fd7-95a5-f5e10fe92511,2026-09-06T19:15:00Z,2026-09-06T21:15:00+0200,199.09,MW,FR,FR,actual_offshore_wind_generation,Wind Offshore,2026-09-12T21:35:14Z
2026-09-12T21:33:00Z,2026-09-12T23:33:00+0200,e073c37d-e2b9-4fd7-95a5-f5e10fe92511,2026-09-06T19:30:00Z,2026-09-06T21:30:00+0200,230.01,MW,FR,FR,actual_offshore_wind_generation,Wind Offshore,2026-09-12T21:35:14Z
2026-09-12T21:33:00Z,2026-09-12T23:33:00+0200,e073c37d-e2b9-4fd7-95a5-f5e10fe92511,2026-09-06T19:45:00Z,2026-09-06T21:45:00+0200,377.74,MW,FR,FR,actual_offshore_wind_generation,Wind Offshore,2026-09-12T21:35:14Z
2026-09-12T21:33:00Z,2026-09-12T23:33:00+0200,e073c37d-e2b9-4fd7-95a5-f5e10fe92511,2026-09-06T20:00:00Z,2026-09-06T22:00:00+0200,671.28,MW,FR,FR,actual_offshore_wind_generation,Wind Offshore,2026-09-12T21:35:14Z
2026-09-12T21:33:00Z,2026-09-12T23:33:00+0200,e073c37d-e2b9-4fd7-95a5-f5e10fe92511,2026-09-06T20:15:00Z,2026-09-06T22:15:00+0200,716.59,MW,FR,FR,actual_offshore_wind_generation,Wind Offshore,2026-09-12T21:35:14Z
2026-09-12T21:33:00Z,2026-09-12T23:33:00+0200,e073c37d-e2b9-4fd7-95a5-f5e10fe92511,2026-09-06T20:30:00Z,2026-09-06T22:30:00+0200,774.78,MW,FR,FR,actual_offshore_wind_generation,Wind Offshore,2026-09-12T21:35:14Z
2026-09-12T21:33:00Z,2026-09-12T23:33:00+0200,e073c37d-e2b9-4fd7-95a5-f5e10fe92511,2026-09-06T20:45:00Z,2026-09-06T22:45:00+0200,941.16,MW,FR,FR,actual_offshore_wind_generation,Wind Offshore,2026-09-12T21:35:14Z
2026-09-12T21:33:00Z,2026-09-12T23:33:00+0200,e073c37d-e2b9-4fd7-95a5-f5e10fe92511,2026-09-06T21:00:00Z,2026-09-06T23:00:00+0200,1008.63,MW,FR,FR,actual_offshore_wind_generation,Wind Offshore,2026-09-12T21:35:14Z
2026-09-12T21:33:00Z,2026-09-12T23:33:00+0200,e073c37d-e2b9-4fd7-95a5-f5e10fe92511,2026-09-06T21:15:00Z,2026-09-06T23:15:00+0200,1032.05,MW,FR,FR,actual_offshore_wind_generation,Wind Offshore,2026-09-12T21:35:14Z
2026-09-12T21:33:00Z,2026-09-12T23:33:00+0200,e073c37d-e2b9-4fd7-95a5-f5e10fe92511,2026-09-06T21:30:00Z,2026-09-06T23:30:00+0200,1027.59,MW,FR,FR,actual_offshore_wind_generation,Wind Offshore,2026-09-12T21:35:14Z
2026-09-12T21:33:00Z,2026-09-12T23:33:00+0200,e073c37d-e2b9-4fd7-95a5-f5e10fe92511,2026-09-06T21:45:00Z,2026-09-06T23:45:00+0200,1058.97,MW,FR,FR,actual_offshore_wind_generation,Wind Offshore,2026-09-12T21:35:14Z
2026-09-12T21:33:00Z,2026-09-12T23:33:00+0200,e073c37d-e2b9-4fd7-95a5-f5e10fe92511,2026-09-06T22:00:00Z,2026-09-07T00:00:00+0200,1080.95,MW,FR,FR,actual_offshore_wind_generation,Wind Offshore,2026-09-12T21:35:14Z
2026-09-12T21:33:00Z,2026-09-12T23:33:00+0200,e073c37d-e2b9-4fd7-95a5-f5e10fe92511,2026-09-06T22:15:00Z,2026-09-07T00:15:00+0200,974.89,MW,FR,FR,actual_offshore_wind_generation,Wind Offshore,2026-09-12T21:35:14Z
2026-09-12T21:33:00Z,2026-09-12T23:33:00+0200,e073c37d-e2b9-4fd7-95a5-f5e10fe92511,2026-09-06T22:30:00Z,2026-09-07T00:30:00+0200,795.96,MW,FR,FR,actual_offshore_wind_generation,Wind Offshore,2026-09-12T21:35:14Z
2026-09-12T21:33:00Z,2026-09-12T23:33:00+0200,e073c37d-e2b9-4fd7-95a5-f5e10fe92511,2026-09-06T22:45:00Z,2026-09-07T00:45:00+0200,688.66,MW,FR,FR,actual_offshore_wind_generation,Wind Offshore,2026-09-12T21:35:14Z
2026-09-12T21:33:00Z,2026-09-12T23:33:00+0200,e073c37d-e2b9-4fd7-95a5-f5e10fe92511,2026-09-06T23:00:00Z,2026-09-07T01:00:00+0200,684.13,MW,FR,FR,actual_offshore_wind_generation,Wind Offshore,2026-09-12T21:35:14Z
2026-09-12T21:33:00Z,2026-09-12T23:33:00+0200,e073c37d-e2b9-4fd7-95a5-f5e10fe92511,2026-09-06T23:15:00Z,2026-09-07T01:15:00+0200,679.18,MW,FR,FR,actual_offshore_wind_generation,Wind Offshore,2026-09-12T21:35:14Z
2026-09-12T21:33:00Z,2026-09-12T23:33:00+0200,e073c37d-e2b9-4fd7-95a5-f5e10fe92511,2026-09-06T23:30:00Z,2026-09-07T01:30:00+0200,622.98,MW,FR,FR,actual_offshore_wind_generation,Wind Offshore,2026-09-12T21:35:14Z
2026-09-12T21:33:00Z,2026-09-12T23:33:00+0200,e073c37d-e2b9-4fd7-95a5-f5e10fe92511,2026-09-06T23:45:00Z,2026-09-07T01:45:00+0200,550.37,MW,FR,FR,actual_offshore_wind_generation,Wind Offshore,2026-09-12T21:35:14Z
2026-09-12T21:33:00Z,2026-09-12T23:33:00+0200,e073c37d-e2b9-4fd7-95a5-f5e10fe92511,2026-09-07T00:00:00Z,2026-09-07T02:00:00+0200,534.88,MW,FR,FR,actual_offshore_wind_generation,Wind Offshore,2026-09-12T21:35:14Z
2026-09-12T21:33:00Z,2026-09-12T23:33:00+0200,e073c37d-e2b9-4fd7-95a5-f5e10fe92511,2026-09-07T00:15:00Z,2026-09-07T02:15:00+0200,588.13,MW,FR,FR,actual_offshore_wind_generation,Wind Offshore,2026-09-12T21:35:14Z
2026-09-12T21:33:00Z,2026-09-12T23:33:00+0200,e073c37d-e2b9-4fd7-95a5-f5e10fe92511,2026-09-07T00:30:00Z,2026-09-07T02:30:00+0200,702.98,MW,FR,FR,actual_offshore_wind_generation,Wind Offshore,2026-09-12T21:35:14Z
2026-09-12T21:33:00Z,2026-09-12T23:33:00+0200,e073c37d-e2b9-4fd7-95a5-f5e10fe92511,2026-09-07T00:45:00Z,2026-09-07T02:45:00+0200,739.53,MW,FR,FR,actual_offshore_wind_generation,Wind Offshore,2026-09-12T21:35:14Z
2026-09-12T21:33:00Z,2026-09-12T23:33:00+0200,e073c37d-e2b9-4fd7-95a5-f5e10fe92511,2026-09-07T01:00:00Z,2026-09-07T03:00:00+0200,737.93,MW,FR,FR,actual_offshore_wind_generation,Wind Offshore,2026-09-12T21:35:14Z
2026-09-12T21:33:00Z,2026-09-12T23:33:00+0200,e073c37d-e2b9-4fd7-95a5-f5e10fe92511,2026-09-07T01:15:00Z,2026-09-07T03:15:00+0200,728.44,MW,FR,FR,actual_offshore_wind_generation,Wind Offshore,2026-09-12T21:35:14Z
2026-09-12T21:33:00Z,2026-09-12T23:33:00+0200,e073c37d-e2b9-4fd7-95a5-f5e10fe92511,2026-09-07T01:30:00Z,2026-09-07T03:30:00+0200,715.74,MW,FR,FR,actual_offshore_wind_generation,Wind Offshore,2026-09-12T21:35:14Z
2026-09-12T21:33:00Z,2026-09-12T23:33:00+0200,e073c37d-e2b9-4fd7-95a5-f5e10fe92511,2026-09-07T01:45:00Z,2026-09-07T03:45:00+0200,599.91,MW,FR,FR,actual_offshore_wind_generation,Wind Offshore,2026-09-12T21:35:14Z
2026-09-12T21:33:00Z,2026-09-12T23:33:00+0200,e073c37d-e2b9-4fd7-95a5-f5e10fe92511,2026-09-07T02:00:00Z,2026-09-07T04:00:00+0200,496.7,MW,FR,FR,actual_offshore_wind_generation,Wind Offshore,2026-09-12T21:35:14Z
2026-09-12T21:33:00Z,2026-09-12T23:33:00+0200,e073c37d-e2b9-4fd7-95a5-f5e10fe92511,2026-09-07T02:15:00Z,2026-09-07T04:15:00+0200,411.95,MW,FR,FR,actual_offshore_wind_generation,Wind Offshore,2026-09-12T21:35:14Z
2026-09-12T21:33:00Z,2026-09-12T23:33:00+0200,e073c37d-e2b9-4fd7-95a5-f5e10fe92511,2026-09-07T02:30:00Z,2026-09-07T04:30:00+0200,384.97,MW,FR,FR,actual_offshore_wind_generation,Wind Offshore,2026-09-12T21:35:14Z
2026-09-12T21:33:00Z,2026-09-12T23:33:00+0200,e073c37d-e2b9-4fd7-95a5-f5e10fe92511,2026-09-07T02:45:00Z,2026-09-07T04:45:00+0200,413.78,MW,FR,FR,actual_offshore_wind_generation,Wind Offshore,2026-09-12T21:35:14Z
2026-09-12T21:33:00Z,2026-09-12T23:33:00+0200,e073c37d-e2b9-4fd7-95a5-f5e10fe92511,2026-09-07T03:00:00Z,2026-09-07T05:00:00+0200,455.55,MW,FR,FR,actual_offshore_wind_generation,Wind Offshore,2026-09-12T21:35:14Z
2026-09-12T21:33:00Z,2026-09-12T23:33:00+0200,e073c37d-e2b9-4fd7-95a5-f5e10fe92511,2026-09-07T03:15:00Z,2026-09-07T05:15:00+0200,475.02,MW,FR,FR,actual_offshore_wind_generation,Wind Offshore,2026-09-12T21:35:14Z
2026-09-12T21:33:00Z,2026-09-12T23:33:00+0200,e073c37d-e2b9-4fd7-95a5-f5e10fe92511,2026-09-07T03:30:00Z,2026-09-07T05:30:00+0200,463.1,MW,FR,FR,actual_offshore_wind_generation,Wind Offshore,2026-09-12T21:35:14Z
2026-09-12T21:33:00Z,2026-09-12T23:33:00+0200,e073c37d-e2b9-4fd7-95a5-f5e10fe92511,2026-09-07T03:45:00Z,2026-09-07T05:45:00+0200,503.47,MW,FR,FR,actual_offshore_wind_generation,Wind Offshore,2026-09-12T21:35:14Z
2026-09-12T21:33:00Z,2026-09-12T23:33:00+0200,e073c37d-e2b9-4fd7-95a5-f5e10fe92511,2026-09-07T04:00:00Z,2026-09-07T06:00:00+0200,505.86,MW,FR,FR,actual_offshore_wind_generation,Wind Offshore,2026-09-12T21:35:14Z
2026-09-12T21:33:00Z,2026-09-12T23:33:00+0200,e073c37d-e2b9-4fd7-95a5-f5e10fe92511,2026-09-07T04:15:00Z,2026-09-07T06:15:00+0200,568.35,MW,FR,FR,actual_offshore_wind_generation,Wind Offshore,2026-09-12T21:35:14Z
2026-09-12T21:33:00Z,2026-09-12T23:33:00+0200,e073c37d-e2b9-4fd7-95a5-f5e10fe92511,2026-09-07T04:30:00Z,2026-09-07T06:30:00+0200,595.13,MW,FR,FR,actual_offshore_wind_generation,Wind Offshore,2026-09-12T21:35:14Z
2026-09-12T21:33:00Z,2026-09-12T23:33:00+0200,e073c37d-e2b9-4fd7-95a5-f5e10fe92511,2026-09-07T04:45:00Z,2026-09-07T06:45:00+0200,582.61,MW,FR,FR,actual_offshore_wind_generation,Wind Offshore,2026-09-12T21:35:14Z
2026-09-12T21:33:00Z,2026-09-12T23:33:00+0200,e073c37d-e2b9-4fd7-95a5-f5e10fe92511,2026-09-07T05:00:00Z,2026-09-07T07:00:00+0200,541.48,MW,FR,FR,actual_offshore_wind_generation,Wind Offshore,2026-09-12T21:35:14Z
2026-09-12T21:33:00Z,2026-09-12T23:33:00+0200,e073c37d-e2b9-4fd7-95a5-f5e10fe92511,2026-09-07T05:15:00Z,2026-09-07T07:15:00+0200,569.26,MW,FR,FR,actual_offshore_wind_generation,Wind Offshore,2026-09-12T21:35:14Z
2026-09-12T21:33:00Z,2026-09-12T23:33:00+0200,e073c37d-e2b9-4fd7-95a5-f5e10fe92511,2026-09-07T05:30:00Z,2026-09-07T07:30:00+0200,618.34,MW,FR,FR,actual_offshore_wind_generation,Wind Offshore,2026-09-12T21:35:14Z
2026-09-12T21:33:00Z,2026-09-12T23:33:00+0200,e073c37d-e2b9-4fd7-95a5-f5e10fe92511,2026-09-07T05:45:00Z,2026-09-07T07:45:00+0200,580.03,MW,FR,FR,actual_offshore_wind_generation,Wind Offshore,2026-09-12T21:35:14Z
2026-09-12T21:33:00Z,2026-09-12T23:33:00+0200,e073c37d-e2b9-4fd7-95a5-f5e10fe92511,2026-09-07T06:00:00Z,2026-09-07T08:00:00+0200,530.81,MW,FR,FR,actual_offshore_wind_generation,Wind Offshore,2026-09-12T21:35:14Z
2026-09-12T21:33:00Z,2026-09-12T23:33:00+0200,e073c37d-e2b9-4fd7-95a5-f5e10fe92511,2026-09-07T06:15:00Z,2026-09-07T08:15:00+0200,501.87,MW,FR,FR,actual_offshore_wind_generation,Wind Offshore,2026-09-12T21:35:14Z
2026-09-12T21:33:00Z,2026-09-12T23:33:00+0200,e073c37d-e2b9-4fd7-95a5-f5e10fe92511,2026-09-07T06:30:00Z,2026-09-07T08:30:00+0200,553.68,MW,FR,FR,actual_offshore_wind_generation,Wind Offshore,2026-09-12T21:35:14Z
2026-09-12T21:33:00Z,2026-09-12T23:33:00+0200,e073c37d-e2b9-4fd7-95a5-f5e10fe92511,2026-09-07T06:45:00Z,2026-09-07T08:45:00+0200,640.19,MW,FR,FR,actual_offshore_wind_generation,Wind Offshore,2026-09-12T21:35:14Z
2026-09-12T21:33:00Z,2026-09-12T23:33:00+0200,e073c37d-e2b9-4fd7-95a5-f5e10fe92511,2026-09-07T07:00:00Z,2026-09-07T09:00:00+0200,593.87,MW,FR,FR,actual_offshore_wind_generation,Wind Offshore,2026-09-12T21:35:14Z
2026-09-12T21:33:00Z,2026-09-12T23:33:00+0200,e073c37d-e2b9-4fd7-95a5-f5e10fe92511,2026-09-07T07:15:00Z,2026-09-07T09:15:00+0200,470.89,MW,FR,FR,actual_offshore_wind_generation,Wind Offshore,2026-09-12T21:35:14Z
2026-09-12T21:33:00Z,2026-09-12T23:33:00+0200,e073c37d-e2b9-4fd7-95a5-f5e10fe92511,2026-09-07T07:30:00Z,2026-09-07T09:30:00+0200,421.48,MW,FR,FR,actual_offshore_wind_generation,Wind Offshore,2026-09-12T21:35:14Z
2026-09-12T21:33:00Z,2026-09-12T23:33:00+0200,e073c37d-e2b9-4fd7-95a5-f5e10fe92511,2026-09-07T07:45:00Z,2026-09-07T09:45:00+0200,420.89,MW,FR,FR,actual_offshore_wind_generation,Wind Offshore,2026-09-12T21:35:14Z
2026-09-12T21:33:00Z,2026-09-12T23:33:00+0200,e073c37d-e2b9-4fd7-95a5-f5e10fe92511,2026-09-07T08:00:00Z,2026-09-07T10:00:00+0200,460.47,MW,FR,FR,actual_offshore_wind_generation,Wind Offshore,2026-09-12T21:35:14Z
2026-09-12T21:33:00Z,2026-09-12T23:33:00+0200,e073c37d-e2b9-4fd7-95a5-f5e10fe92511,2026-09-07T08:15:00Z,2026-09-07T10:15:00+0200,457.29,MW,FR,FR,actual_offshore_wind_generation,Wind Offshore,2026-09-12T21:35:14Z
2026-09-12T21:33:00Z,2026-09-12T23:33:00+0200,e073c37d-e2b9-4fd7-95a5-f5e10fe92511,2026-09-07T08:30:00Z,2026-09-07T10:30:00+0200,462.79,MW,FR,FR,actual_offshore_wind_generation,Wind Offshore,2026-09-12T21:35:14Z
2026-09-12T21:33:00Z,2026-09-12T23:33:00+0200,e073c37d-e2b9-4fd7-95a5-f5e10fe92511,2026-09-07T08:45:00Z,2026-09-07T10:45:00+0200,488.16,MW,FR,FR,actual_offshore_wind_generation,Wind Offshore,2026-09-12T21:35:14Z
2026-09-12T21:33:00Z,2026-09-12T23:33:00+0200,e073c37d-e2b9-4fd7-95a5-f5e10fe92511,2026-09-07T09:00:00Z,2026-09-07T11:00:00+0200,504.55,MW,FR,FR,actual_offshore_wind_generation,Wind Offshore,2026-09-12T21:35:14Z
2026-09-12T21:33:00Z,2026-09-12T23:33:00+0200,e073c37d-e2b9-4fd7-95a5-f5e10fe92511,2026-09-07T09:15:00Z,2026-09-07T11:15:00+0200,515.39,MW,FR,FR,actual_offshore_wind_generation,Wind Offshore,2026-09-12T21:35:14Z
2026-09-12T21:33:00Z,2026-09-12T23:33:00+0200,e073c37d-e2b9-4fd7-95a5-f5e10fe92511,2026-09-07T09:30:00Z,2026-09-07T11:30:00+0200,507.74,MW,FR,FR,actual_offshore_wind_generation,Wind Offshore,2026-09-12T21:35:14Z
2026-09-12T21:33:00Z,2026-09-12T23:33:00+0200,e073c37d-e2b9-4fd7-95a5-f5e10fe92511,2026-09-07T09:45:00Z,2026-09-07T11:45:00+0200,474.97,MW,FR,FR,actual_offshore_wind_generation,Wind Offshore,2026-09-12T21:35:14Z
2026-09-12T21:33:00Z,2026-09-12T23:33:00+0200,e073c37d-e2b9-4fd7-95a5-f5e10fe92511,2026-09-07T10:00:00Z,2026-09-07T12:00:00+0200,456.52,MW,FR,FR,actual_offshore_wind_generation,Wind Offshore,2026-09-12T21:35:14Z
2026-09-12T21:33:00Z,2026-09-12T23:33:00+0200,e073c37d-e2b9-4fd7-95a5-f5e10fe92511,2026-09-07T10:15:00Z,2026-09-07T12:15:00+0200,424.1,MW,FR,FR,actual_offshore_wind_generation,Wind Offshore,2026-09-12T21:35:14Z
2026-09-12T21:33:00Z,2026-09-12T23:33:00+0200,e073c37d-e2b9-4fd7-95a5-f5e10fe92511,2026-09-07T10:30:00Z,2026-09-07T12:30:00+0200,416.29,MW,FR,FR,actual_offshore_wind_generation,Wind Offshore,2026-09-12T21:35:14Z
2026-09-12T21:33:00Z,2026-09-12T23:33:00+0200,e073c37d-e2b9-4fd7-95a5-f5e10fe92511,2026-09-07T10:45:00Z,2026-09-07T12:45:00+0200,449.74,MW,FR,FR,actual_offshore_wind_generation,Wind Offshore,2026-09-12T21:35:14Z
2026-09-12T21:33:00Z,2026-09-12T23:33:00+0200,e073c37d-e2b9-4fd7-95a5-f5e10fe92511,2026-09-07T11:00:00Z,2026-09-07T13:00:00+0200,441.35,MW,FR,FR,actual_offshore_wind_generation,Wind Offshore,2026-09-12T21:35:14Z
2026-09-12T21:33:00Z,2026-09-12T23:33:00+0200,e073c37d-e2b9-4fd7-95a5-f5e10fe92511,2026-09-07T11:15:00Z,2026-09-07T13:15:00+0200,466.43,MW,FR,FR,actual_offshore_wind_generation,Wind Offshore,2026-09-12T21:35:14Z
2026-09-12T21:33:00Z,2026-09-12T23:33:00+0200,e073c37d-e2b9-4fd7-95a5-f5e10fe92511,2026-09-07T11:30:00Z,2026-09-07T13:30:00+0200,401.89,MW,FR,FR,actual_offshore_wind_generation,Wind Offshore,2026-09-12T21:35:14Z
2026-09-12T21:33:00Z,2026-09-12T23:33:00+0200,e073c37d-e2b9-4fd7-95a5-f5e10fe92511,2026-09-07T11:45:00Z,2026-09-07T13:45:00+0200,411.99,MW,FR,FR,actual_offshore_wind_generation,Wind Offshore,2026-09-12T21:35:14Z
2026-09-12T21:33:00Z,2026-09-12T23:33:00+0200,e073c37d-e2b9-4fd7-95a5-f5e10fe92511,2026-09-07T12:00:00Z,2026-09-07T14:00:00+0200,404.92,MW,FR,FR,actual_offshore_wind_generation,Wind Offshore,2026-09-12T21:35:14Z
2026-09-12T21:33:00Z,2026-09-12T23:33:00+0200,e073c37d-e2b9-4fd7-95a5-f5e10fe92511,2026-09-07T12:15:00Z,2026-09-07T14:15:00+0200,443.94,MW,FR,FR,actual_offshore_wind_generation,Wind Offshore,2026-09-12T21:35:14Z
2026-09-12T21:33:00Z,2026-09-12T23:33:00+0200,e073c37d-e2b9-4fd7-95a5-f5e10fe92511,2026-09-07T12:30:00Z,2026-09-07T14:30:00+0200,448.71,MW,FR,FR,actual_offshore_wind_generation,Wind Offshore,2026-09-12T21:35:14Z
2026-09-12T21:33:00Z,2026-09-12T23:33:00+0200,e073c37d-e2b9-4fd7-95a5-f5e10fe92511,2026-09-07T12:45:00Z,2026-09-07T14:45:00+0200,470.16,MW,FR,FR,actual_offshore_wind_generation,Wind Offshore,2026-09-12T21:35:14Z
2026-09-12T21:33:00Z,2026-09-12T23:33:00+0200,e073c37d-e2b9-4fd7-95a5-f5e10fe92511,2026-09-07T13:00:00Z,2026-09-07T15:00:00+0200,518.45,MW,FR,FR,actual_offshore_wind_generation,Wind Offshore,2026-09-12T21:35:14Z
2026-09-12T21:33:00Z,2026-09-12T23:33:00+0200,e073c37d-e2b9-4fd7-95a5-f5e10fe92511,2026-09-07T13:15:00Z,2026-09-07T15:15:00+0200,584.6,MW,FR,FR,actual_offshore_wind_generation,Wind Offshore,2026-09-12T21:35:14Z
2026-09-12T21:33:00Z,2026-09-12T23:33:00+0200,e073c37d-e2b9-4fd7-95a5-f5e10fe92511,2026-09-07T13:30:00Z,2026-09-07T15:30:00+0200,521.5,MW,FR,FR,actual_offshore_wind_generation,Wind Offshore,2026-09-12T21:35:14Z
2026-09-12T21:33:00Z,2026-09-12T23:33:00+0200,e073c37d-e2b9-4fd7-95a5-f5e10fe92511,2026-09-07T13:45:00Z,2026-09-07T15:45:00+0200,443.09,MW,FR,FR,actual_offshore_wind_generation,Wind Offshore,2026-09-12T21:35:14Z
2026-09-12T21:33:00Z,2026-09-12T23:33:00+0200,e073c37d-e2b9-4fd7-95a5-f5e10fe92511,2026-09-07T14:00:00Z,2026-09-07T16:00:00+0200,393.59,MW,FR,FR,actual_offshore_wind_generation,Wind Offshore,2026-09-12T21:35:14Z
2026-09-12T21:33:00Z,2026-09-12T23:33:00+0200,e073c37d-e2b9-4fd7-95a5-f5e10fe92511,2026-09-07T14:15:00Z,2026-09-07T16:15:00+0200,318.23,MW,FR,FR,actual_offshore_wind_generation,Wind Offshore,2026-09-12T21:35:14Z
2026-09-12T21:33:00Z,2026-09-12T23:33:00+0200,e073c37d-e2b9-4fd7-95a5-f5e10fe92511,2026-09-07T14:30:00Z,2026-09-07T16:30:00+0200,332.24,MW,FR,FR,actual_offshore_wind_generation,Wind Offshore,2026-09-12T21:35:14Z
2026-09-12T21:33:00Z,2026-09-12T23:33:00+0200,e073c37d-e2b9-4fd7-95a5-f5e10fe92511,2026-09-07T14:45:00Z,2026-09-07T16:45:00+0200,312.59,MW,FR,FR,actual_offshore_wind_generation,Wind Offshore,2026-09-12T21:35:14Z
2026-09-12T21:33:00Z,2026-09-12T23:33:00+0200,e073c37d-e2b9-4fd7-95a5-f5e10fe92511,2026-09-07T15:00:00Z,2026-09-07T17:00:00+0200,324.12,MW,FR,FR,actual_offshore_wind_generation,Wind Offshore,2026-09-12T21:35:14Z
2026-09-12T21:33:00Z,2026-09-12T23:33:00+0200,e073c37d-e2b9-4fd7-95a5-f5e10fe92511,2026-09-07T15:15:00Z,2026-09-07T17:15:00+0200,334.19,MW,FR,FR,actual_offshore_wind_generation,Wind Offshore,2026-09-12T21:35:14Z
2026-09-12T21:33:00Z,2026-09-12T23:33:00+0200,e073c37d-e2b9-4fd7-95a5-f5e10fe92511,2026-09-07T15:30:00Z,2026-09-07T17:30:00+0200,338.29,MW,FR,FR,actual_offshore_wind_generation,Wind Offshore,2026-09-12T21:35:14Z
2026-09-12T21:33:00Z,2026-09-12T23:33:00+0200,e073c37d-e2b9-4fd7-95a5-f5e10fe92511,2026-09-07T15:45:00Z,2026-09-07T17:45:00+0200,303.37,MW,FR,FR,actual_offshore_wind_generation,Wind Offshore,2026-09-12T21:35:14Z
2026-09-12T21:33:00Z,2026-09-12T23:33:00+0200,e073c37d-e2b9-4fd7-95a5-f5e10fe92511,2026-09-07T16:00:00Z,2026-09-07T18:00:00+0200,250.13,MW,FR,FR,actual_offshore_wind_generation,Wind Offshore,2026-09-12T21:35:14Z
2026-09-12T21:33:00Z,2026-09-12T23:33:00+0200,e073c37d-e2b9-4fd7-95a5-f5e10fe92511,2026-09-07T16:15:00Z,2026-09-07T18:15:00+0200,224.27,MW,FR,FR,actual_offshore_wind_generation,Wind Offshore,2026-09-12T21:35:14Z
2026-09-12T21:33:00Z,2026-09-12T23:33:00+0200,e073c37d-e2b9-4fd7-95a5-f5e10fe92511,2026-09-07T16:30:00Z,2026-09-07T18:30:00+0200,195.62,MW,FR,FR,actual_offshore_wind_generation,Wind Offshore,2026-09-12T21:35:14Z
2026-09-12T21:33:00Z,2026-09-12T23:33:00+0200,e073c37d-e2b9-4fd7-95a5-f5e10fe92511,2026-09-07T16:45:00Z,2026-09-07T18:45:00+0200,181.56,MW,FR,FR,actual_offshore_wind_generation,Wind Offshore,2026-09-12T21:35:14Z
2026-09-12T21:33:00Z,2026-09-12T23:33:00+0200,e073c37d-e2b9-4fd7-95a5-f5e10fe92511,2026-09-07T17:00:00Z,2026-09-07T19:00:00+0200,187.87,MW,FR,FR,actual_offshore_wind_generation,Wind Offshore,2026-09-12T21:35:14Z
2026-09-12T21:33:00Z,2026-09-12T23:33:00+0200,e073c37d-e2b9-4fd7-95a5-f5e10fe92511,2026-09-07T17:15:00Z,2026-09-07T19:15:00+0200,258.41,MW,FR,FR,actual_offshore_wind_generation,Wind Offshore,2026-09-12T21:35:14Z
2026-09-12T21:33:00Z,2026-09-12T23:33:00+0200,e073c37d-e2b9-4fd7-95a5-f5e10fe92511,2026-09-07T17:30:00Z,2026-09-07T19:30:00+0200,280.85,MW,FR,FR,actual_offshore_wind_generation,Wind Offshore,2026-09-12T21:35:14Z
2026-09-12T21:33:00Z,2026-09-12T23:33:00+0200,e073c37d-e2b9-4fd7-95a5-f5e10fe92511,2026-09-07T17:45:00Z,2026-09-07T19:45:00+0200,291.9,MW,FR,FR,actual_offshore_wind_generation,Wind Offshore,2026-09-12T21:35:14Z
2026-09-12T21:33:00Z,2026-09-12T23:33:00+0200,e073c37d-e2b9-4fd7-95a5-f5e10fe92511,2026-09-07T18:00:00Z,2026-09-07T20:00:00+0200,350.53,MW,FR,FR,actual_offshore_wind_generation,Wind Offshore,2026-09-12T21:35:14Z
2026-09-12T21:33:00Z,2026-09-12T23:33:00+0200,e073c37d-e2b9-4fd7-95a5-f5e10fe92511,2026-09-07T18:15:00Z,2026-09-07T20:15:00+0200,418.64,MW,FR,FR,actual_offshore_wind_generation,Wind Offshore,2026-09-12T21:35:14Z
2026-09-12T21:33:00Z,2026-09-12T23:33:00+0200,e073c37d-e2b9-4fd7-95a5-f5e10fe92511,2026-09-07T18:30:00Z,2026-09-07T20:30:00+0200,494.15,MW,FR,FR,actual_offshore_wind_generation,Wind Offshore,2026-09-12T21:35:14Z
2026-09-12T21:33:00Z,2026-09-12T23:33:00+0200,e073c37d-e2b9-4fd7-95a5-f5e10fe92511,2026-09-07T18:45:00Z,2026-09-07T20:45:00+0200,568.18,MW,FR,FR,actual_offshore_wind_generation,Wind Offshore,2026-09-12T21:35:14Z
2026-09-12T21:33:00Z,2026-09-12T23:33:00+0200,e073c37d-e2b9-4fd7-95a5-f5e10fe92511,2026-09-07T19:00:00Z,2026-09-07T21:00:00+0200,656.1,MW,FR,FR,actual_offshore_wind_generation,Wind Offshore,2026-09-12T21:35:14Z
2026-09-12T21:33:00Z,2026-09-12T23:33:00+0200,e073c37d-e2b9-4fd7-95a5-f5e10fe92511,2026-09-07T19:15:00Z,2026-09-07T21:15:00+0200,658.5,MW,FR,FR,actual_offshore_wind_generation,Wind Offshore,2026-09-12T21:35:14Z
2026-09-12T21:33:00Z,2026-09-12T23:33:00+0200,e073c37d-e2b9-4fd7-95a5-f5e10fe92511,2026-09-07T19:30:00Z,2026-09-07T21:30:00+0200,639.51,MW,FR,FR,actual_offshore_wind_generation,Wind Offshore,2026-09-12T21:35:14Z
2026-09-12T21:33:00Z,2026-09-12T23:33:00+0200,e073c37d-e2b9-4fd7-95a5-f5e10fe92511,2026-09-07T19:45:00Z,2026-09-07T21:45:00+0200,657.57,MW,FR,FR,actual_offshore_wind_generation,Wind Offshore,2026-09-12T21:35:14Z
2026-09-12T21:33:00Z,2026-09-12T23:33:00+0200,e073c37d-e2b9-4fd7-95a5-f5e10fe92511,2026-09-07T20:00:00Z,2026-09-07T22:00:00+0200,551.0,MW,FR,FR,actual_offshore_wind_generation,Wind Offshore,2026-09-12T21:35:14Z
2026-09-12T21:33:00Z,2026-09-12T23:33:00+0200,e073c37d-e2b9-4fd7-95a5-f5e10fe92511,2026-09-07T20:15:00Z,2026-09-07T22:15:00+0200,530.41,MW,FR,FR,actual_offshore_wind_generation,Wind Offshore,2026-09-12T21:35:14Z
2026-09-12T21:33:00Z,2026-09-12T23:33:00+0200,e073c37d-e2b9-4fd7-95a5-f5e10fe92511,2026-09-07T20:30:00Z,2026-09-07T22:30:00+0200,559.73,MW,FR,FR,actual_offshore_wind_generation,Wind Offshore,2026-09-12T21:35:14Z
2026-09-12T21:33:00Z,2026-09-12T23:33:00+0200,e073c37d-e2b9-4fd7-95a5-f5e10fe92511,2026-09-07T20:45:00Z,2026-09-07T22:45:00+0200,509.63,MW,FR,FR,actual_offshore_wind_generation,Wind Offshore,2026-09-12T21:35:14Z
2026-09-12T21:33:00Z,2026-09-12T23:33:00+0200,e073c37d-e2b9-4fd7-95a5-f5e10fe92511,2026-09-07T21:00:00Z,2026-09-07T23:00:00+0200,489.07,MW,FR,FR,actual_offshore_wind_generation,Wind Offshore,2026-09-12T21:35:14Z
2026-09-12T21:33:00Z,2026-09-12T23:33:00+0200,e073c37d-e2b9-4fd7-95a5-f5e10fe92511,2026-09-07T21:15:00Z,2026-09-07T23:15:00+0200,481.95,MW,FR,FR,actual_offshore_wind_generation,Wind Offshore,2026-09-12T21:35:14Z
2026-09-12T21:33:00Z,2026-09-12T23:33:00+0200,e073c37d-e2b9-4fd7-95a5-f5e10fe92511,2026-09-07T21:30:00Z,2026-09-07T23:30:00+0200,443.52,MW,FR,FR,actual_offshore_wind_generation,Wind Offshore,2026-09-12T21:35:14Z
2026-09-12T21:33:00Z,2026-09-12T23:33:00+0200,e073c37d-e2b9-4fd7-95a5-f5e10fe92511,2026-09-07T21:45:00Z,2026-09-07T23:45:00+0200,437.79,MW,FR,FR,actual_offshore_wind_generation,Wind Offshore,2026-09-12T21:35:14Z
2026-09-12T21:33:00Z,2026-09-12T23:33:00+0200,e073c37d-e2b9-4fd7-95a5-f5e10fe92511,2026-09-07T22:00:00Z,2026-09-08T00:00:00+0200,426.41,MW,FR,FR,actual_offshore_wind_generation,Wind Offshore,2026-09-12T21:35:14Z
2026-09-12T21:33:00Z,2026-09-12T23:33:00+0200,e073c37d-e2b9-4fd7-95a5-f5e10fe92511,2026-09-07T22:15:00Z,2026-09-08T00:15:00+0200,510.31,MW,FR,FR,actual_offshore_wind_generation,Wind Offshore,2026-09-12T21:35:14Z
2026-09-12T21:33:00Z,2026-09-12T23:33:00+0200,e073c37d-e2b9-4fd7-95a5-f5e10fe92511,2026-09-07T22:30:00Z,2026-09-08T00:30:00+0200,581.34,MW,FR,FR,actual_offshore_wind_generation,Wind Offshore,2026-09-12T21:35:14Z
2026-09-12T21:33:00Z,2026-09-12T23:33:00+0200,e073c37d-e2b9-4fd7-95a5-f5e10fe92511,2026-09-07T22:45:00Z,2026-09-08T00:45:00+0200,681.87,MW,FR,FR,actual_offshore_wind_generation,Wind Offshore,2026-09-12T21:35:14Z
2026-09-12T21:33:00Z,2026-09-12T23:33:00+0200,e073c37d-e2b9-4fd7-95a5-f5e10fe92511,2026-09-07T23:00:00Z,2026-09-08T01:00:00+0200,739.48,MW,FR,FR,actual_offshore_wind_generation,Wind Offshore,2026-09-12T21:35:14Z
2026-09-12T21:33:00Z,2026-09-12T23:33:00+0200,e073c37d-e2b9-4fd7-95a5-f5e10fe92511,2026-09-07T23:15:00Z,2026-09-08T01:15:00+0200,815.91,MW,FR,FR,actual_offshore_wind_generation,Wind Offshore,2026-09-12T21:35:14Z
2026-09-12T21:33:00Z,2026-09-12T23:33:00+0200,e073c37d-e2b9-4fd7-95a5-f5e10fe92511,2026-09-07T23:30:00Z,2026-09-08T01:30:00+0200,779.11,MW,FR,FR,actual_offshore_wind_generation,Wind Offshore,2026-09-12T21:35:14Z
2026-09-12T21:33:00Z,2026-09-12T23:33:00+0200,e073c37d-e2b9-4fd7-95a5-f5e10fe92511,2026-09-07T23:45:00Z,2026-09-08T01:45:00+0200,732.98,MW,FR,FR,actual_offshore_wind_generation,Wind Offshore,2026-09-12T21:35:14Z
2026-09-12T21:33:00Z,2026-09-12T23:33:00+0200,e073c37d-e2b9-4fd7-95a5-f5e10fe92511,2026-09-08T00:00:00Z,2026-09-08T02:00:00+0200,810.02,MW,FR,FR,actual_offshore_wind_generation,Wind Offshore,2026-09-12T21:35:14Z
2026-09-12T21:33:00Z,2026-09-12T23:33:00+0200,e073c37d-e2b9-4fd7-95a5-f5e10fe92511,2026-09-08T00:15:00Z,2026-09-08T02:15:00+0200,885.43,MW,FR,FR,actual_offshore_wind_generation,Wind Offshore,2026-09-12T21:35:14Z
2026-09-12T21:33:00Z,2026-09-12T23:33:00+0200,e073c37d-e2b9-4fd7-95a5-f5e10fe92511,2026-09-08T00:30:00Z,2026-09-08T02:30:00+0200,829.24,MW,FR,FR,actual_offshore_wind_generation,Wind Offshore,2026-09-12T21:35:14Z
2026-09-12T21:33:00Z,2026-09-12T23:33:00+0200,e073c37d-e2b9-4fd7-95a5-f5e10fe92511,2026-09-08T00:45:00Z,2026-09-08T02:45:00+0200,708.26,MW,FR,FR,actual_offshore_wind_generation,Wind Offshore,2026-09-12T21:35:14Z
2026-09-12T21:33:00Z,2026-09-12T23:33:00+0200,e073c37d-e2b9-4fd7-95a5-f5e10fe92511,2026-09-08T01:00:00Z,2026-09-08T03:00:00+0200,702.4,MW,FR,FR,actual_offshore_wind_generation,Wind Offshore,2026-09-12T21:35:14Z
2026-09-12T21:33:00Z,2026-09-12T23:33:00+0200,e073c37d-e2b9-4fd7-95a5-f5e10fe92511,2026-09-08T01:15:00Z,2026-09-08T03:15:00+0200,823.13,MW,FR,FR,actual_offshore_wind_generation,Wind Offshore,2026-09-12T21:35:14Z
2026-09-12T21:33:00Z,2026-09-12T23:33:00+0200,e073c37d-e2b9-4fd7-95a5-f5e10fe92511,2026-09-08T01:30:00Z,2026-09-08T03:30:00+0200,784.09,MW,FR,FR,actual_offshore_wind_generation,Wind Offshore,2026-09-12T21:35:14Z
2026-09-12T21:33:00Z,2026-09-12T23:33:00+0200,e073c37d-e2b9-4fd7-95a5-f5e10fe92511,2026-09-08T01:45:00Z,2026-09-08T03:45:00+0200,724.49,MW,FR,FR,actual_offshore_wind_generation,Wind Offshore,2026-09-12T21:35:14Z
2026-09-12T21:33:00Z,2026-09-12T23:33:00+0200,e073c37d-e2b9-4fd7-95a5-f5e10fe92511,2026-09-08T02:00:00Z,2026-09-08T04:00:00+0200,655.48,MW,FR,FR,actual_offshore_wind_generation,Wind Offshore,2026-09-12T21:35:14Z
2026-09-12T21:33:00Z,2026-09-12T23:33:00+0200,e073c37d-e2b9-4fd7-95a5-f5e10fe92511,2026-09-08T02:15:00Z,2026-09-08T04:15:00+0200,658.16,MW,FR,FR,actual_offshore_wind_generation,Wind Offshore,2026-09-12T21:35:14Z
2026-09-12T21:33:00Z,2026-09-12T23:33:00+0200,e073c37d-e2b9-4fd7-95a5-f5e10fe92511,2026-09-08T02:30:00Z,2026-09-08T04:30:00+0200,658.62,MW,FR,FR,actual_offshore_wind_generation,Wind Offshore,2026-09-12T21:35:14Z
2026-09-12T21:33:00Z,2026-09-12T23:33:00+0200,e073c37d-e2b9-4fd7-95a5-f5e10fe92511,2026-09-08T02:45:00Z,2026-09-08T04:45:00+0200,664.96,MW,FR,FR,actual_offshore_wind_generation,Wind Offshore,2026-09-12T21:35:14Z
2026-09-12T21:33:00Z,2026-09-12T23:33:00+0200,e073c37d-e2b9-4fd7-95a5-f5e10fe92511,2026-09-08T03:00:00Z,2026-09-08T05:00:00+0200,673.54,MW,FR,FR,actual_offshore_wind_generation,Wind Offshore,2026-09-12T21:35:14Z
2026-09-12T21:33:00Z,2026-09-12T23:33:00+0200,e073c37d-e2b9-4fd7-95a5-f5e10fe92511,2026-09-08T03:15:00Z,2026-09-08T05:15:00+0200,665.76,MW,FR,FR,actual_offshore_wind_generation,Wind Offshore,2026-09-12T21:35:14Z
2026-09-12T21:33:00Z,2026-09-12T23:33:00+0200,e073c37d-e2b9-4fd7-95a5-f5e10fe92511,2026-09-08T03:30:00Z,2026-09-08T05:30:00+0200,700.09,MW,FR,FR,actual_offshore_wind_generation,Wind Offshore,2026-09-12T21:35:14Z
2026-09-12T21:33:00Z,2026-09-12T23:33:00+0200,e073c37d-e2b9-4fd7-95a5-f5e10fe92511,2026-09-08T03:45:00Z,2026-09-08T05:45:00+0200,712.2,MW,FR,FR,actual_offshore_wind_generation,Wind Offshore,2026-09-12T21:35:14Z
2026-09-12T21:33:00Z,2026-09-12T23:33:00+0200,e073c37d-e2b9-4fd7-95a5-f5e10fe92511,2026-09-08T04:00:00Z,2026-09-08T06:00:00+0200,774.19,MW,FR,FR,actual_offshore_wind_generation,Wind Offshore,2026-09-12T21:35:14Z
2026-09-12T21:33:00Z,2026-09-12T23:33:00+0200,e073c37d-e2b9-4fd7-95a5-f5e10fe92511,2026-09-08T04:15:00Z,2026-09-08T06:15:00+0200,781.83,MW,FR,FR,actual_offshore_wind_generation,Wind Offshore,2026-09-12T21:35:14Z
2026-09-12T21:33:00Z,2026-09-12T23:33:00+0200,e073c37d-e2b9-4fd7-95a5-f5e10fe92511,2026-09-08T04:30:00Z,2026-09-08T06:30:00+0200,733.42,MW,FR,FR,actual_offshore_wind_generation,Wind Offshore,2026-09-12T21:35:14Z
2026-09-12T21:33:00Z,2026-09-12T23:33:00+0200,e073c37d-e2b9-4fd7-95a5-f5e10fe92511,2026-09-08T04:45:00Z,2026-09-08T06:45:00+0200,734.62,MW,FR,FR,actual_offshore_wind_generation,Wind Offshore,2026-09-12T21:35:14Z
2026-09-12T21:33:00Z,2026-09-12T23:33:00+0200,e073c37d-e2b9-4fd7-95a5-f5e10fe92511,2026-09-08T05:00:00Z,2026-09-08T07:00:00+0200,792.72,MW,FR,FR,actual_offshore_wind_generation,Wind Offshore,2026-09-12T21:35:14Z
2026-09-12T21:33:00Z,2026-09-12T23:33:00+0200,e073c37d-e2b9-4fd7-95a5-f5e10fe92511,2026-09-08T05:15:00Z,2026-09-08T07:15:00+0200,919.53,MW,FR,FR,actual_offshore_wind_generation,Wind Offshore,2026-09-12T21:35:14Z
2026-09-12T21:33:00Z,2026-09-12T23:33:00+0200,e073c37d-e2b9-4fd7-95a5-f5e10fe92511,2026-09-08T05:30:00Z,2026-09-08T07:30:00+0200,1075.82,MW,FR,FR,actual_offshore_wind_generation,Wind Offshore,2026-09-12T21:35:14Z
2026-09-12T21:33:00Z,2026-09-12T23:33:00+0200,e073c37d-e2b9-4fd7-95a5-f5e10fe92511,2026-09-08T05:45:00Z,2026-09-08T07:45:00+0200,1117.72,MW,FR,FR,actual_offshore_wind_generation,Wind Offshore,2026-09-12T21:35:14Z
2026-09-12T21:33:00Z,2026-09-12T23:33:00+0200,e073c37d-e2b9-4fd7-95a5-f5e10fe92511,2026-09-08T06:00:00Z,2026-09-08T08:00:00+0200,1169.84,MW,FR,FR,actual_offshore_wind_generation,Wind Offshore,2026-09-12T21:35:14Z
2026-09-12T21:33:00Z,2026-09-12T23:33:00+0200,e073c37d-e2b9-4fd7-95a5-f5e10fe92511,2026-09-08T06:15:00Z,2026-09-08T08:15:00+0200,1296.27,MW,FR,FR,actual_offshore_wind_generation,Wind Offshore,2026-09-12T21:35:14Z
2026-09-12T21:33:00Z,2026-09-12T23:33:00+0200,e073c37d-e2b9-4fd7-95a5-f5e10fe92511,2026-09-08T06:30:00Z,2026-09-08T08:30:00+0200,1380.51,MW,FR,FR,actual_offshore_wind_generation,Wind Offshore,2026-09-12T21:35:14Z
2026-09-12T21:33:00Z,2026-09-12T23:33:00+0200,e073c37d-e2b9-4fd7-95a5-f5e10fe92511,2026-09-08T06:45:00Z,2026-09-08T08:45:00+0200,1436.86,MW,FR,FR,actual_offshore_wind_generation,Wind Offshore,2026-09-12T21:35:14Z
2026-09-12T21:33:00Z,2026-09-12T23:33:00+0200,e073c37d-e2b9-4fd7-95a5-f5e10fe92511,2026-09-08T07:00:00Z,2026-09-08T09:00:00+0200,1439.58,MW,FR,FR,actual_offshore_wind_generation,Wind Offshore,2026-09-12T21:35:14Z
2026-09-12T21:33:00Z,2026-09-12T23:33:00+0200,e073c37d-e2b9-4fd7-95a5-f5e10fe92511,2026-09-08T07:15:00Z,2026-09-08T09:15:00+0200,1455.84,MW,FR,FR,actual_offshore_wind_generation,Wind Offshore,2026-09-12T21:35:14Z
2026-09-12T21:33:00Z,2026-09-12T23:33:00+0200,e073c37d-e2b9-4fd7-95a5-f5e10fe92511,2026-09-08T07:30:00Z,2026-09-08T09:30:00+0200,1487.56,MW,FR,FR,actual_offshore_wind_generation,Wind Offshore,2026-09-12T21:35:14Z
2026-09-12T21:33:00Z,2026-09-12T23:33:00+0200,e073c37d-e2b9-4fd7-95a5-f5e10fe92511,2026-09-08T07:45:00Z,2026-09-08T09:45:00+0200,1526.17,MW,FR,FR,actual_offshore_wind_generation,Wind Offshore,2026-09-12T21:35:14Z
2026-09-12T21:33:00Z,2026-09-12T23:33:00+0200,e073c37d-e2b9-4fd7-95a5-f5e10fe92511,2026-09-08T08:00:00Z,2026-09-08T10:00:00+0200,1503.79,MW,FR,FR,actual_offshore_wind_generation,Wind Offshore,2026-09-12T21:35:14Z
2026-09-12T21:33:00Z,2026-09-12T23:33:00+0200,e073c37d-e2b9-4fd7-95a5-f5e10fe92511,2026-09-08T08:15:00Z,2026-09-08T10:15:00+0200,1499.18,MW,FR,FR,actual_offshore_wind_generation,Wind Offshore,2026-09-12T21:35:14Z
2026-09-12T21:33:00Z,2026-09-12T23:33:00+0200,e073c37d-e2b9-4fd7-95a5-f5e10fe92511,2026-09-08T08:30:00Z,2026-09-08T10:30:00+0200,1546.77,MW,FR,FR,actual_offshore_wind_generation,Wind Offshore,2026-09-12T21:35:14Z
2026-09-12T21:33:00Z,2026-09-12T23:33:00+0200,e073c37d-e2b9-4fd7-95a5-f5e10fe92511,2026-09-08T08:45:00Z,2026-09-08T10:45:00+0200,1603.22,MW,FR,FR,actual_offshore_wind_generation,Wind Offshore,2026-09-12T21:35:14Z
2026-09-12T21:33:00Z,2026-09-12T23:33:00+0200,e073c37d-e2b9-4fd7-95a5-f5e10fe92511,2026-09-08T09:00:00Z,2026-09-08T11:00:00+0200,1645.98,MW,FR,FR,actual_offshore_wind_generation,Wind Offshore,2026-09-12T21:35:14Z
2026-09-12T21:33:00Z,2026-09-12T23:33:00+0200,e073c37d-e2b9-4fd7-95a5-f5e10fe92511,2026-09-08T09:15:00Z,2026-09-08T11:15:00+0200,1577.3,MW,FR,FR,actual_offshore_wind_generation,Wind Offshore,2026-09-12T21:35:14Z
2026-09-12T21:33:00Z,2026-09-12T23:33:00+0200,e073c37d-e2b9-4fd7-95a5-f5e10fe92511,2026-09-08T09:30:00Z,2026-09-08T11:30:00+0200,1573.5,MW,FR,FR,actual_offshore_wind_generation,Wind Offshore,2026-09-12T21:35:14Z
2026-09-12T21:33:00Z,2026-09-12T23:33:00+0200,e073c37d-e2b9-4fd7-95a5-f5e10fe92511,2026-09-08T09:45:00Z,2026-09-08T11:45:00+0200,1652.86,MW,FR,FR,actual_offshore_wind_generation,Wind Offshore,2026-09-12T21:35:14Z
2026-09-12T21:33:00Z,2026-09-12T23:33:00+0200,e073c37d-e2b9-4fd7-95a5-f5e10fe92511,2026-09-08T10:00:00Z,2026-09-08T12:00:00+0200,1628.01,MW,FR,FR,actual_offshore_wind_generation,Wind Offshore,2026-09-12T21:35:14Z
2026-09-12T21:33:00Z,2026-09-12T23:33:00+0200,e073c37d-e2b9-4fd7-95a5-f5e10fe92511,2026-09-08T10:15:00Z,2026-09-08T12:15:00+0200,1543.54,MW,FR,FR,actual_offshore_wind_generation,Wind Offshore,2026-09-12T21:35:14Z
2026-09-12T21:33:00Z,2026-09-12T23:33:00+0200,e073c37d-e2b9-4fd7-95a5-f5e10fe92511,2026-09-08T10:30:00Z,2026-09-08T12:30:00+0200,1700.28,MW,FR,FR,actual_offshore_wind_generation,Wind Offshore,2026-09-12T21:35:14Z
2026-09-12T21:33:00Z,2026-09-12T23:33:00+0200,e073c37d-e2b9-4fd7-95a5-f5e10fe92511,2026-09-08T10:45:00Z,2026-09-08T12:45:00+0200,1685.22,MW,FR,FR,actual_offshore_wind_generation,Wind Offshore,2026-09-12T21:35:14Z
2026-09-12T21:33:00Z,2026-09-12T23:33:00+0200,e073c37d-e2b9-4fd7-95a5-f5e10fe92511,2026-09-08T11:00:00Z,2026-09-08T13:00:00+0200,1584.16,MW,FR,FR,actual_offshore_wind_generation,Wind Offshore,2026-09-12T21:35:14Z
2026-09-12T21:33:00Z,2026-09-12T23:33:00+0200,e073c37d-e2b9-4fd7-95a5-f5e10fe92511,2026-09-08T11:15:00Z,2026-09-08T13:15:00+0200,1579.29,MW,FR,FR,actual_offshore_wind_generation,Wind Offshore,2026-09-12T21:35:14Z
2026-09-12T21:33:00Z,2026-09-12T23:33:00+0200,e073c37d-e2b9-4fd7-95a5-f5e10fe92511,2026-09-08T11:30:00Z,2026-09-08T13:30:00+0200,1585.81,MW,FR,FR,actual_offshore_wind_generation,Wind Offshore,2026-09-12T21:35:14Z
2026-09-12T21:33:00Z,2026-09-12T23:33:00+0200,e073c37d-e2b9-4fd7-95a5-f5e10fe92511,2026-09-08T11:45:00Z,2026-09-08T13:45:00+0200,1761.8,MW,FR,FR,actual_offshore_wind_generation,Wind Offshore,2026-09-12T21:35:14Z
2026-09-12T21:33:00Z,2026-09-12T23:33:00+0200,e073c37d-e2b9-4fd7-95a5-f5e10fe92511,2026-09-08T12:00:00Z,2026-09-08T14:00:00+0200,1860.2,MW,FR,FR,actual_offshore_wind_generation,Wind Offshore,2026-09-12T21:35:14Z
2026-09-12T21:33:00Z,2026-09-12T23:33:00+0200,e073c37d-e2b9-4fd7-95a5-f5e10fe92511,2026-09-08T12:15:00Z,2026-09-08T14:15:00+0200,1855.66,MW,FR,FR,actual_offshore_wind_generation,Wind Offshore,2026-09-12T21:35:14Z
2026-09-12T21:33:00Z,2026-09-12T23:33:00+0200,e073c37d-e2b9-4fd7-95a5-f5e10fe92511,2026-09-08T12:30:00Z,2026-09-08T14:30:00+0200,1869.29,MW,FR,FR,actual_offshore_wind_generation,Wind Offshore,2026-09-12T21:35:14Z
2026-09-12T21:33:00Z,2026-09-12T23:33:00+0200,e073c37d-e2b9-4fd7-95a5-f5e10fe92511,2026-09-08T12:45:00Z,2026-09-08T14:45:00+0200,1880.71,MW,FR,FR,actual_offshore_wind_generation,Wind Offshore,2026-09-12T21:35:14Z
2026-09-12T21:33:00Z,2026-09-12T23:33:00+0200,e073c37d-e2b9-4fd7-95a5-f5e10fe92511,2026-09-08T13:00:00Z,2026-09-08T15:00:00+0200,1887.24,MW,FR,FR,actual_offshore_wind_generation,Wind Offshore,2026-09-12T21:35:14Z
2026-09-12T21:33:00Z,2026-09-12T23:33:00+0200,e073c37d-e2b9-4fd7-95a5-f5e10fe92511,2026-09-08T13:15:00Z,2026-09-08T15:15:00+0200,1907.24,MW,FR,FR,actual_offshore_wind_generation,Wind Offshore,2026-09-12T21:35:14Z
2026-09-12T21:33:00Z,2026-09-12T23:33:00+0200,e073c37d-e2b9-4fd7-95a5-f5e10fe92511,2026-09-08T13:30:00Z,2026-09-08T15:30:00+0200,1899.3,MW,FR,FR,actual_offshore_wind_generation,Wind Offshore,2026-09-12T21:35:14Z
2026-09-12T21:33:00Z,2026-09-12T23:33:00+0200,e073c37d-e2b9-4fd7-95a5-f5e10fe92511,2026-09-08T13:45:00Z,2026-09-08T15:45:00+0200,1692.62,MW,FR,FR,actual_offshore_wind_generation,Wind Offshore,2026-09-12T21:35:14Z
2026-09-12T21:33:00Z,2026-09-12T23:33:00+0200,e073c37d-e2b9-4fd7-95a5-f5e10fe92511,2026-09-08T14:00:00Z,2026-09-08T16:00:00+0200,1772.27,MW,FR,FR,actual_offshore_wind_generation,Wind Offshore,2026-09-12T21:35:14Z
2026-09-12T21:33:00Z,2026-09-12T23:33:00+0200,e073c37d-e2b9-4fd7-95a5-f5e10fe92511,2026-09-08T14:15:00Z,2026-09-08T16:15:00+0200,1803.09,MW,FR,FR,actual_offshore_wind_generation,Wind Offshore,2026-09-12T21:35:14Z
2026-09-12T21:33:00Z,2026-09-12T23:33:00+0200,e073c37d-e2b9-4fd7-95a5-f5e10fe92511,2026-09-08T14:30:00Z,2026-09-08T16:30:00+0200,1792.33,MW,FR,FR,actual_offshore_wind_generation,Wind Offshore,2026-09-12T21:35:14Z
2026-09-12T21:33:00Z,2026-09-12T23:33:00+0200,e073c37d-e2b9-4fd7-95a5-f5e10fe92511,2026-09-08T14:45:00Z,2026-09-08T16:45:00+0200,1828.21,MW,FR,FR,actual_offshore_wind_generation,Wind Offshore,2026-09-12T21:35:14Z
2026-09-12T21:33:00Z,2026-09-12T23:33:00+0200,e073c37d-e2b9-4fd7-95a5-f5e10fe92511,2026-09-08T15:00:00Z,2026-09-08T17:00:00+0200,1859.45,MW,FR,FR,actual_offshore_wind_generation,Wind Offshore,2026-09-12T21:35:14Z
2026-09-12T21:33:00Z,2026-09-12T23:33:00+0200,e073c37d-e2b9-4fd7-95a5-f5e10fe92511,2026-09-08T15:15:00Z,2026-09-08T17:15:00+0200,1843.4,MW,FR,FR,actual_offshore_wind_generation,Wind Offshore,2026-09-12T21:35:14Z
2026-09-12T21:33:00Z,2026-09-12T23:33:00+0200,e073c37d-e2b9-4fd7-95a5-f5e10fe92511,2026-09-08T15:30:00Z,2026-09-08T17:30:00+0200,1843.94,MW,FR,FR,actual_offshore_wind_generation,Wind Offshore,2026-09-12T21:35:14Z
2026-09-12T21:33:00Z,2026-09-12T23:33:00+0200,e073c37d-e2b9-4fd7-95a5-f5e10fe92511,2026-09-08T15:45:00Z,2026-09-08T17:45:00+0200,1892.42,MW,FR,FR,actual_offshore_wind_generation,Wind Offshore,2026-09-12T21:35:14Z
2026-09-12T21:33:00Z,2026-09-12T23:33:00+0200,e073c37d-e2b9-4fd7-95a5-f5e10fe92511,2026-09-08T16:00:00Z,2026-09-08T18:00:00+0200,1902.53,MW,FR,FR,actual_offshore_wind_generation,Wind Offshore,2026-09-12T21:35:14Z
2026-09-12T21:33:00Z,2026-09-12T23:33:00+0200,e073c37d-e2b9-4fd7-95a5-f5e10fe92511,2026-09-08T16:15:00Z,2026-09-08T18:15:00+0200,1897.13,MW,FR,FR,actual_offshore_wind_generation,Wind Offshore,2026-09-12T21:35:14Z
2026-09-12T21:33:00Z,2026-09-12T23:33:00+0200,e073c37d-e2b9-4fd7-95a5-f5e10fe92511,2026-09-08T16:30:00Z,2026-09-08T18:30:00+0200,1908.02,MW,FR,FR,actual_offshore_wind_generation,Wind Offshore,2026-09-12T21:35:14Z
2026-09-12T21:33:00Z,2026-09-12T23:33:00+0200,e073c37d-e2b9-4fd7-95a5-f5e10fe92511,2026-09-08T16:45:00Z,2026-09-08T18:45:00+0200,1915.96,MW,FR,FR,actual_offshore_wind_generation,Wind Offshore,2026-09-12T21:35:14Z
2026-09-12T21:33:00Z,2026-09-12T23:33:00+0200,e073c37d-e2b9-4fd7-95a5-f5e10fe92511,2026-09-08T17:00:00Z,2026-09-08T19:00:00+0200,1903.99,MW,FR,FR,actual_offshore_wind_generation,Wind Offshore,2026-09-12T21:35:14Z
2026-09-12T21:33:00Z,2026-09-12T23:33:00+0200,e073c37d-e2b9-4fd7-95a5-f5e10fe92511,2026-09-08T17:15:00Z,2026-09-08T19:15:00+0200,1851.47,MW,FR,FR,actual_offshore_wind_generation,Wind Offshore,2026-09-12T21:35:14Z
2026-09-12T21:33:00Z,2026-09-12T23:33:00+0200,e073c37d-e2b9-4fd7-95a5-f5e10fe92511,2026-09-08T17:30:00Z,2026-09-08T19:30:00+0200,1858.73,MW,FR,FR,actual_offshore_wind_generation,Wind Offshore,2026-09-12T21:35:14Z
2026-09-12T21:33:00Z,2026-09-12T23:33:00+0200,e073c37d-e2b9-4fd7-95a5-f5e10fe92511,2026-09-08T17:45:00Z,2026-09-08T19:45:00+0200,1835.88,MW,FR,FR,actual_offshore_wind_generation,Wind Offshore,2026-09-12T21:35:14Z
2026-09-12T21:33:00Z,2026-09-12T23:33:00+0200,e073c37d-e2b9-4fd7-95a5-f5e10fe92511,2026-09-08T18:00:00Z,2026-09-08T20:00:00+0200,1797.91,MW,FR,FR,actual_offshore_wind_generation,Wind Offshore,2026-09-12T21:35:14Z
2026-09-12T21:33:00Z,2026-09-12T23:33:00+0200,e073c37d-e2b9-4fd7-95a5-f5e10fe92511,2026-09-08T18:15:00Z,2026-09-08T20:15:00+0200,1773.09,MW,FR,FR,actual_offshore_wind_generation,Wind Offshore,2026-09-12T21:35:14Z
2026-09-12T21:33:00Z,2026-09-12T23:33:00+0200,e073c37d-e2b9-4fd7-95a5-f5e10fe92511,2026-09-08T18:30:00Z,2026-09-08T20:30:00+0200,1829.91,MW,FR,FR,actual_offshore_wind_generation,Wind Offshore,2026-09-12T21:35:14Z
2026-09-12T21:33:00Z,2026-09-12T23:33:00+0200,e073c37d-e2b9-4fd7-95a5-f5e10fe92511,2026-09-08T18:45:00Z,2026-09-08T20:45:00+0200,1872.88,MW,FR,FR,actual_offshore_wind_generation,Wind Offshore,2026-09-12T21:35:14Z
2026-09-12T21:33:00Z,2026-09-12T23:33:00+0200,e073c37d-e2b9-4fd7-95a5-f5e10fe92511,2026-09-08T19:00:00Z,2026-09-08T21:00:00+0200,1925.49,MW,FR,FR,actual_offshore_wind_generation,Wind Offshore,2026-09-12T21:35:14Z
2026-09-12T21:33:00Z,2026-09-12T23:33:00+0200,e073c37d-e2b9-4fd7-95a5-f5e10fe92511,2026-09-08T19:15:00Z,2026-09-08T21:15:00+0200,1921.8,MW,FR,FR,actual_offshore_wind_generation,Wind Offshore,2026-09-12T21:35:14Z
2026-09-12T21:33:00Z,2026-09-12T23:33:00+0200,e073c37d-e2b9-4fd7-95a5-f5e10fe92511,2026-09-08T19:30:00Z,2026-09-08T21:30:00+0200,1871.81,MW,FR,FR,actual_offshore_wind_generation,Wind Offshore,2026-09-12T21:35:14Z
2026-09-12T21:33:00Z,2026-09-12T23:33:00+0200,e073c37d-e2b9-4fd7-95a5-f5e10fe92511,2026-09-08T19:45:00Z,2026-09-08T21:45:00+0200,1766.99,MW,FR,FR,actual_offshore_wind_generation,Wind Offshore,2026-09-12T21:35:14Z
2026-09-12T21:33:00Z,2026-09-12T23:33:00+0200,e073c37d-e2b9-4fd7-95a5-f5e10fe92511,2026-09-08T20:00:00Z,2026-09-08T22:00:00+0200,1673.6,MW,FR,FR,actual_offshore_wind_generation,Wind Offshore,2026-09-12T21:35:14Z
2026-09-12T21:33:00Z,2026-09-12T23:33:00+0200,e073c37d-e2b9-4fd7-95a5-f5e10fe92511,2026-09-08T20:15:00Z,2026-09-08T22:15:00+0200,1631.45,MW,FR,FR,actual_offshore_wind_generation,Wind Offshore,2026-09-12T21:35:14Z
2026-09-12T21:33:00Z,2026-09-12T23:33:00+0200,e073c37d-e2b9-4fd7-95a5-f5e10fe92511,2026-09-08T20:30:00Z,2026-09-08T22:30:00+0200,1521.76,MW,FR,FR,actual_offshore_wind_generation,Wind Offshore,2026-09-12T21:35:14Z
2026-09-12T21:33:00Z,2026-09-12T23:33:00+0200,e073c37d-e2b9-4fd7-95a5-f5e10fe92511,2026-09-08T20:45:00Z,2026-09-08T22:45:00+0200,1359.28,MW,FR,FR,actual_offshore_wind_generation,Wind Offshore,2026-09-12T21:35:14Z
2026-09-12T21:33:00Z,2026-09-12T23:33:00+0200,e073c37d-e2b9-4fd7-95a5-f5e10fe92511,2026-09-08T21:00:00Z,2026-09-08T23:00:00+0200,1288.36,MW,FR,FR,actual_offshore_wind_generation,Wind Offshore,2026-09-12T21:35:14Z
2026-09-12T21:33:00Z,2026-09-12T23:33:00+0200,e073c37d-e2b9-4fd7-95a5-f5e10fe92511,2026-09-08T21:15:00Z,2026-09-08T23:15:00+0200,1274.58,MW,FR,FR,actual_offshore_wind_generation,Wind Offshore,2026-09-12T21:35:14Z
2026-09-12T21:33:00Z,2026-09-12T23:33:00+0200,e073c37d-e2b9-4fd7-95a5-f5e10fe92511,2026-09-08T21:30:00Z,2026-09-08T23:30:00+0200,1186.28,MW,FR,FR,actual_offshore_wind_generation,Wind Offshore,2026-09-12T21:35:14Z
2026-09-12T21:33:00Z,2026-09-12T23:33:00+0200,e073c37d-e2b9-4fd7-95a5-f5e10fe92511,2026-09-08T21:45:00Z,2026-09-08T23:45:00+0200,1277.56,MW,FR,FR,actual_offshore_wind_generation,Wind Offshore,2026-09-12T21:35:14Z
2026-09-12T21:33:00Z,2026-09-12T23:33:00+0200,e073c37d-e2b9-4fd7-95a5-f5e10fe92511,2026-09-08T22:00:00Z,2026-09-09T00:00:00+0200,1411.42,MW,FR,FR,actual_offshore_wind_generation,Wind Offshore,2026-09-12T21:35:14Z
2026-09-12T21:33:00Z,2026-09-12T23:33:00+0200,e073c37d-e2b9-4fd7-95a5-f5e10fe92511,2026-09-08T22:15:00Z,2026-09-09T00:15:00+0200,1375.12,MW,FR,FR,actual_offshore_wind_generation,Wind Offshore,2026-09-12T21:35:14Z
2026-09-12T21:33:00Z,2026-09-12T23:33:00+0200,e073c37d-e2b9-4fd7-95a5-f5e10fe92511,2026-09-08T22:30:00Z,2026-09-09T00:30:00+0200,1211.88,MW,FR,FR,actual_offshore_wind_generation,Wind Offshore,2026-09-12T21:35:14Z
2026-09-12T21:33:00Z,2026-09-12T23:33:00+0200,e073c37d-e2b9-4fd7-95a5-f5e10fe92511,2026-09-08T22:45:00Z,2026-09-09T00:45:00+0200,1046.27,MW,FR,FR,actual_offshore_wind_generation,Wind Offshore,2026-09-12T21:35:14Z
2026-09-12T21:33:00Z,2026-09-12T23:33:00+0200,e073c37d-e2b9-4fd7-95a5-f5e10fe92511,2026-09-08T23:00:00Z,2026-09-09T01:00:00+0200,1080.9,MW,FR,FR,actual_offshore_wind_generation,Wind Offshore,2026-09-12T21:35:14Z
2026-09-12T21:33:00Z,2026-09-12T23:33:00+0200,e073c37d-e2b9-4fd7-95a5-f5e10fe92511,2026-09-08T23:15:00Z,2026-09-09T01:15:00+0200,1139.23,MW,FR,FR,actual_offshore_wind_generation,Wind Offshore,2026-09-12T21:35:14Z
2026-09-12T21:33:00Z,2026-09-12T23:33:00+0200,e073c37d-e2b9-4fd7-95a5-f5e10fe92511,2026-09-08T23:30:00Z,2026-09-09T01:30:00+0200,1197.94,MW,FR,FR,actual_offshore_wind_generation,Wind Offshore,2026-09-12T21:35:14Z
2026-09-12T21:33:00Z,2026-09-12T23:33:00+0200,e073c37d-e2b9-4fd7-95a5-f5e10fe92511,2026-09-08T23:45:00Z,2026-09-09T01:45:00+0200,1254.67,MW,FR,FR,actual_offshore_wind_generation,Wind Offshore,2026-09-12T21:35:14Z
2026-09-12T21:33:00Z,2026-09-12T23:33:00+0200,e073c37d-e2b9-4fd7-95a5-f5e10fe92511,2026-09-09T00:00:00Z,2026-09-09T02:00:00+0200,1181.12,MW,FR,FR,actual_offshore_wind_generation,Wind Offshore,2026-09-12T21:35:14Z
2026-09-12T21:33:00Z,2026-09-12T23:33:00+0200,e073c37d-e2b9-4fd7-95a5-f5e10fe92511,2026-09-09T00:15:00Z,2026-09-09T02:15:00+0200,1033.77,MW,FR,FR,actual_offshore_wind_generation,Wind Offshore,2026-09-12T21:35:14Z
2026-09-12T21:33:00Z,2026-09-12T23:33:00+0200,e073c37d-e2b9-4fd7-95a5-f5e10fe92511,2026-09-09T00:30:00Z,2026-09-09T02:30:00+0200,1054.15,MW,FR,FR,actual_offshore_wind_generation,Wind Offshore,2026-09-12T21:35:14Z
2026-09-12T21:33:00Z,2026-09-12T23:33:00+0200,e073c37d-e2b9-4fd7-95a5-f5e10fe92511,2026-09-09T00:45:00Z,2026-09-09T02:45:00+0200,1050.72,MW,FR,FR,actual_offshore_wind_generation,Wind Offshore,2026-09-12T21:35:14Z
2026-09-12T21:33:00Z,2026-09-12T23:33:00+0200,e073c37d-e2b9-4fd7-95a5-f5e10fe92511,2026-09-09T01:00:00Z,2026-09-09T03:00:00+0200,1055.51,MW,FR,FR,actual_offshore_wind_generation,Wind Offshore,2026-09-12T21:35:14Z
2026-09-12T21:33:00Z,2026-09-12T23:33:00+0200,e073c37d-e2b9-4fd7-95a5-f5e10fe92511,2026-09-09T01:15:00Z,2026-09-09T03:15:00+0200,1031.98,MW,FR,FR,actual_offshore_wind_generation,Wind Offshore,2026-09-12T21:35:14Z
2026-09-12T21:33:00Z,2026-09-12T23:33:00+0200,e073c37d-e2b9-4fd7-95a5-f5e10fe92511,2026-09-09T01:30:00Z,2026-09-09T03:30:00+0200,1063.47,MW,FR,FR,actual_offshore_wind_generation,Wind Offshore,2026-09-12T21:35:14Z
2026-09-12T21:33:00Z,2026-09-12T23:33:00+0200,e073c37d-e2b9-4fd7-95a5-f5e10fe92511,2026-09-09T01:45:00Z,2026-09-09T03:45:00+0200,1022.77,MW,FR,FR,actual_offshore_wind_generation,Wind Offshore,2026-09-12T21:35:14Z
2026-09-12T21:33:00Z,2026-09-12T23:33:00+0200,e073c37d-e2b9-4fd7-95a5-f5e10fe92511,2026-09-09T02:00:00Z,2026-09-09T04:00:00+0200,1031.38,MW,FR,FR,actual_offshore_wind_generation,Wind Offshore,2026-09-12T21:35:14Z
2026-09-12T21:33:00Z,2026-09-12T23:33:00+0200,e073c37d-e2b9-4fd7-95a5-f5e10fe92511,2026-09-09T02:15:00Z,2026-09-09T04:15:00+0200,1035.55,MW,FR,FR,actual_offshore_wind_generation,Wind Offshore,2026-09-12T21:35:14Z
2026-09-12T21:33:00Z,2026-09-12T23:33:00+0200,e073c37d-e2b9-4fd7-95a5-f5e10fe92511,2026-09-09T02:30:00Z,2026-09-09T04:30:00+0200,1024.98,MW,FR,FR,actual_offshore_wind_generation,Wind Offshore,2026-09-12T21:35:14Z
2026-09-12T21:33:00Z,2026-09-12T23:33:00+0200,e073c37d-e2b9-4fd7-95a5-f5e10fe92511,2026-09-09T02:45:00Z,2026-09-09T04:45:00+0200,979.8,MW,FR,FR,actual_offshore_wind_generation,Wind Offshore,2026-09-12T21:35:14Z
2026-09-12T21:33:00Z,2026-09-12T23:33:00+0200,e073c37d-e2b9-4fd7-95a5-f5e10fe92511,2026-09-09T03:00:00Z,2026-09-09T05:00:00+0200,922.59,MW,FR,FR,actual_offshore_wind_generation,Wind Offshore,2026-09-12T21:35:14Z
2026-09-12T21:33:00Z,2026-09-12T23:33:00+0200,e073c37d-e2b9-4fd7-95a5-f5e10fe92511,2026-09-09T03:15:00Z,2026-09-09T05:15:00+0200,885.91,MW,FR,FR,actual_offshore_wind_generation,Wind Offshore,2026-09-12T21:35:14Z
2026-09-12T21:33:00Z,2026-09-12T23:33:00+0200,e073c37d-e2b9-4fd7-95a5-f5e10fe92511,2026-09-09T03:30:00Z,2026-09-09T05:30:00+0200,894.56,MW,FR,FR,actual_offshore_wind_generation,Wind Offshore,2026-09-12T21:35:14Z
2026-09-12T21:33:00Z,2026-09-12T23:33:00+0200,e073c37d-e2b9-4fd7-95a5-f5e10fe92511,2026-09-09T03:45:00Z,2026-09-09T05:45:00+0200,897.79,MW,FR,FR,actual_offshore_wind_generation,Wind Offshore,2026-09-12T21:35:14Z
2026-09-12T21:33:00Z,2026-09-12T23:33:00+0200,e073c37d-e2b9-4fd7-95a5-f5e10fe92511,2026-09-09T04:00:00Z,2026-09-09T06:00:00+0200,819.88,MW,FR,FR,actual_offshore_wind_generation,Wind Offshore,2026-09-12T21:35:14Z
2026-09-12T21:33:00Z,2026-09-12T23:33:00+0200,e073c37d-e2b9-4fd7-95a5-f5e10fe92511,2026-09-09T04:15:00Z,2026-09-09T06:15:00+0200,760.85,MW,FR,FR,actual_offshore_wind_generation,Wind Offshore,2026-09-12T21:35:14Z
2026-09-12T21:33:00Z,2026-09-12T23:33:00+0200,e073c37d-e2b9-4fd7-95a5-f5e10fe92511,2026-09-09T04:30:00Z,2026-09-09T06:30:00+0200,758.67,MW,FR,FR,actual_offshore_wind_generation,Wind Offshore,2026-09-12T21:35:14Z
2026-09-12T21:33:00Z,2026-09-12T23:33:00+0200,e073c37d-e2b9-4fd7-95a5-f5e10fe92511,2026-09-09T04:45:00Z,2026-09-09T06:45:00+0200,724.03,MW,FR,FR,actual_offshore_wind_generation,Wind Offshore,2026-09-12T21:35:14Z
2026-09-12T21:33:00Z,2026-09-12T23:33:00+0200,e073c37d-e2b9-4fd7-95a5-f5e10fe92511,2026-09-09T05:00:00Z,2026-09-09T07:00:00+0200,720.24,MW,FR,FR,actual_offshore_wind_generation,Wind Offshore,2026-09-12T21:35:14Z
2026-09-12T21:33:00Z,2026-09-12T23:33:00+0200,e073c37d-e2b9-4fd7-95a5-f5e10fe92511,2026-09-09T05:15:00Z,2026-09-09T07:15:00+0200,699.42,MW,FR,FR,actual_offshore_wind_generation,Wind Offshore,2026-09-12T21:35:14Z
2026-09-12T21:33:00Z,2026-09-12T23:33:00+0200,e073c37d-e2b9-4fd7-95a5-f5e10fe92511,2026-09-09T05:30:00Z,2026-09-09T07:30:00+0200,663.84,MW,FR,FR,actual_offshore_wind_generation,Wind Offshore,2026-09-12T21:35:14Z
2026-09-12T21:33:00Z,2026-09-12T23:33:00+0200,e073c37d-e2b9-4fd7-95a5-f5e10fe92511,2026-09-09T05:45:00Z,2026-09-09T07:45:00+0200,663.15,MW,FR,FR,actual_offshore_wind_generation,Wind Offshore,2026-09-12T21:35:14Z
2026-09-12T21:33:00Z,2026-09-12T23:33:00+0200,e073c37d-e2b9-4fd7-95a5-f5e10fe92511,2026-09-09T06:00:00Z,2026-09-09T08:00:00+0200,591.49,MW,FR,FR,actual_offshore_wind_generation,Wind Offshore,2026-09-12T21:35:14Z
2026-09-12T21:33:00Z,2026-09-12T23:33:00+0200,e073c37d-e2b9-4fd7-95a5-f5e10fe92511,2026-09-09T06:15:00Z,2026-09-09T08:15:00+0200,533.04,MW,FR,FR,actual_offshore_wind_generation,Wind Offshore,2026-09-12T21:35:14Z
2026-09-12T21:33:00Z,2026-09-12T23:33:00+0200,e073c37d-e2b9-4fd7-95a5-f5e10fe92511,2026-09-09T06:30:00Z,2026-09-09T08:30:00+0200,511.3,MW,FR,FR,actual_offshore_wind_generation,Wind Offshore,2026-09-12T21:35:14Z
2026-09-12T21:33:00Z,2026-09-12T23:33:00+0200,e073c37d-e2b9-4fd7-95a5-f5e10fe92511,2026-09-09T06:45:00Z,2026-09-09T08:45:00+0200,526.13,MW,FR,FR,actual_offshore_wind_generation,Wind Offshore,2026-09-12T21:35:14Z
2026-09-12T21:33:00Z,2026-09-12T23:33:00+0200,e073c37d-e2b9-4fd7-95a5-f5e10fe92511,2026-09-09T07:00:00Z,2026-09-09T09:00:00+0200,553.88,MW,FR,FR,actual_offshore_wind_generation,Wind Offshore,2026-09-12T21:35:14Z
2026-09-12T21:33:00Z,2026-09-12T23:33:00+0200,e073c37d-e2b9-4fd7-95a5-f5e10fe92511,2026-09-09T07:15:00Z,2026-09-09T09:15:00+0200,575.61,MW,FR,FR,actual_offshore_wind_generation,Wind Offshore,2026-09-12T21:35:14Z
2026-09-12T21:33:00Z,2026-09-12T23:33:00+0200,e073c37d-e2b9-4fd7-95a5-f5e10fe92511,2026-09-09T07:30:00Z,2026-09-09T09:30:00+0200,668.51,MW,FR,FR,actual_offshore_wind_generation,Wind Offshore,2026-09-12T21:35:14Z
2026-09-12T21:33:00Z,2026-09-12T23:33:00+0200,e073c37d-e2b9-4fd7-95a5-f5e10fe92511,2026-09-09T07:45:00Z,2026-09-09T09:45:00+0200,623.59,MW,FR,FR,actual_offshore_wind_generation,Wind Offshore,2026-09-12T21:35:14Z
2026-09-12T21:33:00Z,2026-09-12T23:33:00+0200,e073c37d-e2b9-4fd7-95a5-f5e10fe92511,2026-09-09T08:00:00Z,2026-09-09T10:00:00+0200,592.44,MW,FR,FR,actual_offshore_wind_generation,Wind Offshore,2026-09-12T21:35:14Z
2026-09-12T21:33:00Z,2026-09-12T23:33:00+0200,e073c37d-e2b9-4fd7-95a5-f5e10fe92511,2026-09-09T08:15:00Z,2026-09-09T10:15:00+0200,524.84,MW,FR,FR,actual_offshore_wind_generation,Wind Offshore,2026-09-12T21:35:14Z
2026-09-12T21:33:00Z,2026-09-12T23:33:00+0200,e073c37d-e2b9-4fd7-95a5-f5e10fe92511,2026-09-09T08:30:00Z,2026-09-09T10:30:00+0200,463.08,MW,FR,FR,actual_offshore_wind_generation,Wind Offshore,2026-09-12T21:35:14Z
2026-09-12T21:33:00Z,2026-09-12T23:33:00+0200,e073c37d-e2b9-4fd7-95a5-f5e10fe92511,2026-09-09T08:45:00Z,2026-09-09T10:45:00+0200,425.34,MW,FR,FR,actual_offshore_wind_generation,Wind Offshore,2026-09-12T21:35:14Z
2026-09-12T21:33:00Z,2026-09-12T23:33:00+0200,e073c37d-e2b9-4fd7-95a5-f5e10fe92511,2026-09-09T09:00:00Z,2026-09-09T11:00:00+0200,386.62,MW,FR,FR,actual_offshore_wind_generation,Wind Offshore,2026-09-12T21:35:14Z
2026-09-12T21:33:00Z,2026-09-12T23:33:00+0200,e073c37d-e2b9-4fd7-95a5-f5e10fe92511,2026-09-09T09:15:00Z,2026-09-09T11:15:00+0200,410.45,MW,FR,FR,actual_offshore_wind_generation,Wind Offshore,2026-09-12T21:35:14Z
2026-09-12T21:33:00Z,2026-09-12T23:33:00+0200,e073c37d-e2b9-4fd7-95a5-f5e10fe92511,2026-09-09T09:30:00Z,2026-09-09T11:30:00+0200,393.14,MW,FR,FR,actual_offshore_wind_generation,Wind Offshore,2026-09-12T21:35:14Z
2026-09-12T21:33:00Z,2026-09-12T23:33:00+0200,e073c37d-e2b9-4fd7-95a5-f5e10fe92511,2026-09-09T09:45:00Z,2026-09-09T11:45:00+0200,379.79,MW,FR,FR,actual_offshore_wind_generation,Wind Offshore,2026-09-12T21:35:14Z
2026-09-12T21:33:00Z,2026-09-12T23:33:00+0200,e073c37d-e2b9-4fd7-95a5-f5e10fe92511,2026-09-09T10:00:00Z,2026-09-09T12:00:00+0200,374.37,MW,FR,FR,actual_offshore_wind_generation,Wind Offshore,2026-09-12T21:35:14Z
2026-09-12T21:33:00Z,2026-09-12T23:33:00+0200,e073c37d-e2b9-4fd7-95a5-f5e10fe92511,2026-09-09T10:15:00Z,2026-09-09T12:15:00+0200,359.43,MW,FR,FR,actual_offshore_wind_generation,Wind Offshore,2026-09-12T21:35:14Z
2026-09-12T21:33:00Z,2026-09-12T23:33:00+0200,e073c37d-e2b9-4fd7-95a5-f5e10fe92511,2026-09-09T10:30:00Z,2026-09-09T12:30:00+0200,352.68,MW,FR,FR,actual_offshore_wind_generation,Wind Offshore,2026-09-12T21:35:14Z
2026-09-12T21:33:00Z,2026-09-12T23:33:00+0200,e073c37d-e2b9-4fd7-95a5-f5e10fe92511,2026-09-09T10:45:00Z,2026-09-09T12:45:00+0200,342.88,MW,FR,FR,actual_offshore_wind_generation,Wind Offshore,2026-09-12T21:35:14Z
2026-09-12T21:33:00Z,2026-09-12T23:33:00+0200,e073c37d-e2b9-4fd7-95a5-f5e10fe92511,2026-09-09T11:00:00Z,2026-09-09T13:00:00+0200,357.5,MW,FR,FR,actual_offshore_wind_generation,Wind Offshore,2026-09-12T21:35:14Z
2026-09-12T21:33:00Z,2026-09-12T23:33:00+0200,e073c37d-e2b9-4fd7-95a5-f5e10fe92511,2026-09-09T11:15:00Z,2026-09-09T13:15:00+0200,377.05,MW,FR,FR,actual_offshore_wind_generation,Wind Offshore,2026-09-12T21:35:14Z
2026-09-12T21:33:00Z,2026-09-12T23:33:00+0200,e073c37d-e2b9-4fd7-95a5-f5e10fe92511,2026-09-09T11:30:00Z,2026-09-09T13:30:00+0200,357.42,MW,FR,FR,actual_offshore_wind_generation,Wind Offshore,2026-09-12T21:35:14Z
2026-09-12T21:33:00Z,2026-09-12T23:33:00+0200,e073c37d-e2b9-4fd7-95a5-f5e10fe92511,2026-09-09T11:45:00Z,2026-09-09T13:45:00+0200,403.92,MW,FR,FR,actual_offshore_wind_generation,Wind Offshore,2026-09-12T21:35:14Z
2026-09-12T21:33:00Z,2026-09-12T23:33:00+0200,e073c37d-e2b9-4fd7-95a5-f5e10fe92511,2026-09-09T12:00:00Z,2026-09-09T14:00:00+0200,399.75,MW,FR,FR,actual_offshore_wind_generation,Wind Offshore,2026-09-12T21:35:14Z
2026-09-12T21:33:00Z,2026-09-12T23:33:00+0200,e073c37d-e2b9-4fd7-95a5-f5e10fe92511,2026-09-09T12:15:00Z,2026-09-09T14:15:00+0200,332.79,MW,FR,FR,actual_offshore_wind_generation,Wind Offshore,2026-09-12T21:35:14Z
2026-09-12T21:33:00Z,2026-09-12T23:33:00+0200,e073c37d-e2b9-4fd7-95a5-f5e10fe92511,2026-09-09T12:30:00Z,2026-09-09T14:30:00+0200,279.68,MW,FR,FR,actual_offshore_wind_generation,Wind Offshore,2026-09-12T21:35:14Z
2026-09-12T21:33:00Z,2026-09-12T23:33:00+0200,e073c37d-e2b9-4fd7-95a5-f5e10fe92511,2026-09-09T12:45:00Z,2026-09-09T14:45:00+0200,262.46,MW,FR,FR,actual_offshore_wind_generation,Wind Offshore,2026-09-12T21:35:14Z
2026-09-12T21:33:00Z,2026-09-12T23:33:00+0200,e073c37d-e2b9-4fd7-95a5-f5e10fe92511,2026-09-09T13:00:00Z,2026-09-09T15:00:00+0200,274.53,MW,FR,FR,actual_offshore_wind_generation,Wind Offshore,2026-09-12T21:35:14Z
2026-09-12T21:33:00Z,2026-09-12T23:33:00+0200,e073c37d-e2b9-4fd7-95a5-f5e10fe92511,2026-09-09T13:15:00Z,2026-09-09T15:15:00+0200,279.07,MW,FR,FR,actual_offshore_wind_generation,Wind Offshore,2026-09-12T21:35:14Z
2026-09-12T21:33:00Z,2026-09-12T23:33:00+0200,e073c37d-e2b9-4fd7-95a5-f5e10fe92511,2026-09-09T13:30:00Z,2026-09-09T15:30:00+0200,257.63,MW,FR,FR,actual_offshore_wind_generation,Wind Offshore,2026-09-12T21:35:14Z
2026-09-12T21:33:00Z,2026-09-12T23:33:00+0200,e073c37d-e2b9-4fd7-95a5-f5e10fe92511,2026-09-09T13:45:00Z,2026-09-09T15:45:00+0200,244.85,MW,FR,FR,actual_offshore_wind_generation,Wind Offshore,2026-09-12T21:35:14Z
2026-09-12T21:33:00Z,2026-09-12T23:33:00+0200,e073c37d-e2b9-4fd7-95a5-f5e10fe92511,2026-09-09T14:00:00Z,2026-09-09T16:00:00+0200,231.55,MW,FR,FR,actual_offshore_wind_generation,Wind Offshore,2026-09-12T21:35:14Z
2026-09-12T21:33:00Z,2026-09-12T23:33:00+0200,e073c37d-e2b9-4fd7-95a5-f5e10fe92511,2026-09-09T14:15:00Z,2026-09-09T16:15:00+0200,215.96,MW,FR,FR,actual_offshore_wind_generation,Wind Offshore,2026-09-12T21:35:14Z
2026-09-12T21:33:00Z,2026-09-12T23:33:00+0200,e073c37d-e2b9-4fd7-95a5-f5e10fe92511,2026-09-09T14:30:00Z,2026-09-09T16:30:00+0200,252.18,MW,FR,FR,actual_offshore_wind_generation,Wind Offshore,2026-09-12T21:35:14Z
2026-09-12T21:33:00Z,2026-09-12T23:33:00+0200,e073c37d-e2b9-4fd7-95a5-f5e10fe92511,2026-09-09T14:45:00Z,2026-09-09T16:45:00+0200,235.84,MW,FR,FR,actual_offshore_wind_generation,Wind Offshore,2026-09-12T21:35:14Z
2026-09-12T21:33:00Z,2026-09-12T23:33:00+0200,e073c37d-e2b9-4fd7-95a5-f5e10fe92511,2026-09-09T15:00:00Z,2026-09-09T17:00:00+0200,207.88,MW,FR,FR,actual_offshore_wind_generation,Wind Offshore,2026-09-12T21:35:14Z
2026-09-12T21:33:00Z,2026-09-12T23:33:00+0200,e073c37d-e2b9-4fd7-95a5-f5e10fe92511,2026-09-09T15:15:00Z,2026-09-09T17:15:00+0200,192.9,MW,FR,FR,actual_offshore_wind_generation,Wind Offshore,2026-09-12T21:35:14Z
2026-09-12T21:33:00Z,2026-09-12T23:33:00+0200,e073c37d-e2b9-4fd7-95a5-f5e10fe92511,2026-09-09T15:30:00Z,2026-09-09T17:30:00+0200,186.76,MW,FR,FR,actual_offshore_wind_generation,Wind Offshore,2026-09-12T21:35:14Z
2026-09-12T21:33:00Z,2026-09-12T23:33:00+0200,e073c37d-e2b9-4fd7-95a5-f5e10fe92511,2026-09-09T15:45:00Z,2026-09-09T17:45:00+0200,158.85,MW,FR,FR,actual_offshore_wind_generation,Wind Offshore,2026-09-12T21:35:14Z
2026-09-12T21:33:00Z,2026-09-12T23:33:00+0200,e073c37d-e2b9-4fd7-95a5-f5e10fe92511,2026-09-09T16:00:00Z,2026-09-09T18:00:00+0200,152.49,MW,FR,FR,actual_offshore_wind_generation,Wind Offshore,2026-09-12T21:35:14Z
2026-09-12T21:33:00Z,2026-09-12T23:33:00+0200,e073c37d-e2b9-4fd7-95a5-f5e10fe92511,2026-09-09T16:15:00Z,2026-09-09T18:15:00+0200,156.73,MW,FR,FR,actual_offshore_wind_generation,Wind Offshore,2026-09-12T21:35:14Z
2026-09-12T21:33:00Z,2026-09-12T23:33:00+0200,e073c37d-e2b9-4fd7-95a5-f5e10fe92511,2026-09-09T16:30:00Z,2026-09-09T18:30:00+0200,154.6,MW,FR,FR,actual_offshore_wind_generation,Wind Offshore,2026-09-12T21:35:14Z
2026-09-12T21:33:00Z,2026-09-12T23:33:00+0200,e073c37d-e2b9-4fd7-95a5-f5e10fe92511,2026-09-09T16:45:00Z,2026-09-09T18:45:00+0200,153.52,MW,FR,FR,actual_offshore_wind_generation,Wind Offshore,2026-09-12T21:35:14Z
2026-09-12T21:33:00Z,2026-09-12T23:33:00+0200,e073c37d-e2b9-4fd7-95a5-f5e10fe92511,2026-09-09T17:00:00Z,2026-09-09T19:00:00+0200,148.28,MW,FR,FR,actual_offshore_wind_generation,Wind Offshore,2026-09-12T21:35:14Z
2026-09-12T21:33:00Z,2026-09-12T23:33:00+0200,e073c37d-e2b9-4fd7-95a5-f5e10fe92511,2026-09-09T17:15:00Z,2026-09-09T19:15:00+0200,167.72,MW,FR,FR,actual_offshore_wind_generation,Wind Offshore,2026-09-12T21:35:14Z
2026-09-12T21:33:00Z,2026-09-12T23:33:00+0200,e073c37d-e2b9-4fd7-95a5-f5e10fe92511,2026-09-09T17:30:00Z,2026-09-09T19:30:00+0200,169.93,MW,FR,FR,actual_offshore_wind_generation,Wind Offshore,2026-09-12T21:35:14Z
2026-09-12T21:33:00Z,2026-09-12T23:33:00+0200,e073c37d-e2b9-4fd7-95a5-f5e10fe92511,2026-09-09T17:45:00Z,2026-09-09T19:45:00+0200,154.15,MW,FR,FR,actual_offshore_wind_generation,Wind Offshore,2026-09-12T21:35:14Z
2026-09-12T21:33:00Z,2026-09-12T23:33:00+0200,e073c37d-e2b9-4fd7-95a5-f5e10fe92511,2026-09-09T18:00:00Z,2026-09-09T20:00:00+0200,169.31,MW,FR,FR,actual_offshore_wind_generation,Wind Offshore,2026-09-12T21:35:14Z
2026-09-12T21:33:00Z,2026-09-12T23:33:00+0200,e073c37d-e2b9-4fd7-95a5-f5e10fe92511,2026-09-09T18:15:00Z,2026-09-09T20:15:00+0200,180.21,MW,FR,FR,actual_offshore_wind_generation,Wind Offshore,2026-09-12T21:35:14Z
2026-09-12T21:33:00Z,2026-09-12T23:33:00+0200,e073c37d-e2b9-4fd7-95a5-f5e10fe92511,2026-09-09T18:30:00Z,2026-09-09T20:30:00+0200,161.68,MW,FR,FR,actual_offshore_wind_generation,Wind Offshore,2026-09-12T21:35:14Z
2026-09-12T21:33:00Z,2026-09-12T23:33:00+0200,e073c37d-e2b9-4fd7-95a5-f5e10fe92511,2026-09-09T18:45:00Z,2026-09-09T20:45:00+0200,149.97,MW,FR,FR,actual_offshore_wind_generation,Wind Offshore,2026-09-12T21:35:14Z
2026-09-12T21:33:00Z,2026-09-12T23:33:00+0200,e073c37d-e2b9-4fd7-95a5-f5e10fe92511,2026-09-09T19:00:00Z,2026-09-09T21:00:00+0200,137.01,MW,FR,FR,actual_offshore_wind_generation,Wind Offshore,2026-09-12T21:35:14Z
2026-09-12T21:33:00Z,2026-09-12T23:33:00+0200,e073c37d-e2b9-4fd7-95a5-f5e10fe92511,2026-09-09T19:15:00Z,2026-09-09T21:15:00+0200,149.73,MW,FR,FR,actual_offshore_wind_generation,Wind Offshore,2026-09-12T21:35:14Z
2026-09-12T21:33:00Z,2026-09-12T23:33:00+0200,e073c37d-e2b9-4fd7-95a5-f5e10fe92511,2026-09-09T19:30:00Z,2026-09-09T21:30:00+0200,173.69,MW,FR,FR,actual_offshore_wind_generation,Wind Offshore,2026-09-12T21:35:14Z
2026-09-12T21:33:00Z,2026-09-12T23:33:00+0200,e073c37d-e2b9-4fd7-95a5-f5e10fe92511,2026-09-09T19:45:00Z,2026-09-09T21:45:00+0200,201.57,MW,FR,FR,actual_offshore_wind_generation,Wind Offshore,2026-09-12T21:35:14Z
2026-09-12T21:33:00Z,2026-09-12T23:33:00+0200,e073c37d-e2b9-4fd7-95a5-f5e10fe92511,2026-09-09T20:00:00Z,2026-09-09T22:00:00+0200,211.94,MW,FR,FR,actual_offshore_wind_generation,Wind Offshore,2026-09-12T21:35:14Z
2026-09-12T21:33:00Z,2026-09-12T23:33:00+0200,e073c37d-e2b9-4fd7-95a5-f5e10fe92511,2026-09-09T20:15:00Z,2026-09-09T22:15:00+0200,209.93,MW,FR,FR,actual_offshore_wind_generation,Wind Offshore,2026-09-12T21:35:14Z
2026-09-12T21:33:00Z,2026-09-12T23:33:00+0200,e073c37d-e2b9-4fd7-95a5-f5e10fe92511,2026-09-09T20:30:00Z,2026-09-09T22:30:00+0200,194.67,MW,FR,FR,actual_offshore_wind_generation,Wind Offshore,2026-09-12T21:35:14Z
2026-09-12T21:33:00Z,2026-09-12T23:33:00+0200,e073c37d-e2b9-4fd7-95a5-f5e10fe92511,2026-09-09T20:45:00Z,2026-09-09T22:45:00+0200,165.63,MW,FR,FR,actual_offshore_wind_generation,Wind Offshore,2026-09-12T21:35:14Z
2026-09-12T21:33:00Z,2026-09-12T23:33:00+0200,e073c37d-e2b9-4fd7-95a5-f5e10fe92511,2026-09-09T21:00:00Z,2026-09-09T23:00:00+0200,171.77,MW,FR,FR,actual_offshore_wind_generation,Wind Offshore,2026-09-12T21:35:14Z
2026-09-12T21:33:00Z,2026-09-12T23:33:00+0200,e073c37d-e2b9-4fd7-95a5-f5e10fe92511,2026-09-09T21:15:00Z,2026-09-09T23:15:00+0200,163.26,MW,FR,FR,actual_offshore_wind_generation,Wind Offshore,2026-09-12T21:35:14Z
2026-09-12T21:33:00Z,2026-09-12T23:33:00+0200,e073c37d-e2b9-4fd7-95a5-f5e10fe92511,2026-09-09T21:30:00Z,2026-09-09T23:30:00+0200,161.87,MW,FR,FR,actual_offshore_wind_generation,Wind Offshore,2026-09-12T21:35:14Z
2026-09-12T21:33:00Z,2026-09-12T23:33:00+0200,e073c37d-e2b9-4fd7-95a5-f5e10fe92511,2026-09-09T21:45:00Z,2026-09-09T23:45:00+0200,158.71,MW,FR,FR,actual_offshore_wind_generation,Wind Offshore,2026-09-12T21:35:14Z
2026-09-12T21:33:00Z,2026-09-12T23:33:00+0200,e073c37d-e2b9-4fd7-95a5-f5e10fe92511,2026-09-09T22:00:00Z,2026-09-10T00:00:00+0200,156.62,MW,FR,FR,actual_offshore_wind_generation,Wind Offshore,2026-09-12T21:35:14Z
2026-09-12T21:33:00Z,2026-09-12T23:33:00+0200,e073c37d-e2b9-4fd7-95a5-f5e10fe92511,2026-09-09T22:15:00Z,2026-09-10T00:15:00+0200,155.84,MW,FR,FR,actual_offshore_wind_generation,Wind Offshore,2026-09-12T21:35:14Z
2026-09-12T21:33:00Z,2026-09-12T23:33:00+0200,e073c37d-e2b9-4fd7-95a5-f5e10fe92511,2026-09-09T22:30:00Z,2026-09-10T00:30:00+0200,137.23,MW,FR,FR,actual_offshore_wind_generation,Wind Offshore,2026-09-12T21:35:14Z
2026-09-12T21:33:00Z,2026-09-12T23:33:00+0200,e073c37d-e2b9-4fd7-95a5-f5e10fe92511,2026-09-09T22:45:00Z,2026-09-10T00:45:00+0200,121.94,MW,FR,FR,actual_offshore_wind_generation,Wind Offshore,2026-09-12T21:35:14Z
2026-09-12T21:33:00Z,2026-09-12T23:33:00+0200,e073c37d-e2b9-4fd7-95a5-f5e10fe92511,2026-09-09T23:00:00Z,2026-09-10T01:00:00+0200,123.3,MW,FR,FR,actual_offshore_wind_generation,Wind Offshore,2026-09-12T21:35:14Z
2026-09-12T21:33:00Z,2026-09-12T23:33:00+0200,e073c37d-e2b9-4fd7-95a5-f5e10fe92511,2026-09-09T23:15:00Z,2026-09-10T01:15:00+0200,128.69,MW,FR,FR,actual_offshore_wind_generation,Wind Offshore,2026-09-12T21:35:14Z
2026-09-12T21:33:00Z,2026-09-12T23:33:00+0200,e073c37d-e2b9-4fd7-95a5-f5e10fe92511,2026-09-09T23:30:00Z,2026-09-10T01:30:00+0200,135.26,MW,FR,FR,actual_offshore_wind_generation,Wind Offshore,2026-09-12T21:35:14Z
2026-09-12T21:33:00Z,2026-09-12T23:33:00+0200,e073c37d-e2b9-4fd7-95a5-f5e10fe92511,2026-09-09T23:45:00Z,2026-09-10T01:45:00+0200,131.35,MW,FR,FR,actual_offshore_wind_generation,Wind Offshore,2026-09-12T21:35:14Z
2026-09-12T21:33:00Z,2026-09-12T23:33:00+0200,e073c37d-e2b9-4fd7-95a5-f5e10fe92511,2026-09-10T00:00:00Z,2026-09-10T02:00:00+0200,138.52,MW,FR,FR,actual_offshore_wind_generation,Wind Offshore,2026-09-12T21:35:14Z
2026-09-12T21:33:00Z,2026-09-12T23:33:00+0200,e073c37d-e2b9-4fd7-95a5-f5e10fe92511,2026-09-10T00:15:00Z,2026-09-10T02:15:00+0200,131.95,MW,FR,FR,actual_offshore_wind_generation,Wind Offshore,2026-09-12T21:35:14Z
2026-09-12T21:33:00Z,2026-09-12T23:33:00+0200,e073c37d-e2b9-4fd7-95a5-f5e10fe92511,2026-09-10T00:30:00Z,2026-09-10T02:30:00+0200,112.86,MW,FR,FR,actual_offshore_wind_generation,Wind Offshore,2026-09-12T21:35:14Z
2026-09-12T21:33:00Z,2026-09-12T23:33:00+0200,e073c37d-e2b9-4fd7-95a5-f5e10fe92511,2026-09-10T00:45:00Z,2026-09-10T02:45:00+0200,89.49,MW,FR,FR,actual_offshore_wind_generation,Wind Offshore,2026-09-12T21:35:14Z
2026-09-12T21:33:00Z,2026-09-12T23:33:00+0200,e073c37d-e2b9-4fd7-95a5-f5e10fe92511,2026-09-10T01:00:00Z,2026-09-10T03:00:00+0200,85.65,MW,FR,FR,actual_offshore_wind_generation,Wind Offshore,2026-09-12T21:35:14Z
2026-09-12T21:33:00Z,2026-09-12T23:33:00+0200,e073c37d-e2b9-4fd7-95a5-f5e10fe92511,2026-09-10T01:15:00Z,2026-09-10T03:15:00+0200,84.25,MW,FR,FR,actual_offshore_wind_generation,Wind Offshore,2026-09-12T21:35:14Z
2026-09-12T21:33:00Z,2026-09-12T23:33:00+0200,e073c37d-e2b9-4fd7-95a5-f5e10fe92511,2026-09-10T01:30:00Z,2026-09-10T03:30:00+0200,81.41,MW,FR,FR,actual_offshore_wind_generation,Wind Offshore,2026-09-12T21:35:14Z
2026-09-12T21:33:00Z,2026-09-12T23:33:00+0200,e073c37d-e2b9-4fd7-95a5-f5e10fe92511,2026-09-10T01:45:00Z,2026-09-10T03:45:00+0200,70.68,MW,FR,FR,actual_offshore_wind_generation,Wind Offshore,2026-09-12T21:35:14Z
2026-09-12T21:33:00Z,2026-09-12T23:33:00+0200,e073c37d-e2b9-4fd7-95a5-f5e10fe92511,2026-09-10T02:00:00Z,2026-09-10T04:00:00+0200,66.21,MW,FR,FR,actual_offshore_wind_generation,Wind Offshore,2026-09-12T21:35:14Z
2026-09-12T21:33:00Z,2026-09-12T23:33:00+0200,e073c37d-e2b9-4fd7-95a5-f5e10fe92511,2026-09-10T02:15:00Z,2026-09-10T04:15:00+0200,75.45,MW,FR,FR,actual_offshore_wind_generation,Wind Offshore,2026-09-12T21:35:14Z
2026-09-12T21:33:00Z,2026-09-12T23:33:00+0200,e073c37d-e2b9-4fd7-95a5-f5e10fe92511,2026-09-10T02:30:00Z,2026-09-10T04:30:00+0200,83.39,MW,FR,FR,actual_offshore_wind_generation,Wind Offshore,2026-09-12T21:35:14Z
2026-09-12T21:33:00Z,2026-09-12T23:33:00+0200,e073c37d-e2b9-4fd7-95a5-f5e10fe92511,2026-09-10T02:45:00Z,2026-09-10T04:45:00+0200,90.33,MW,FR,FR,actual_offshore_wind_generation,Wind Offshore,2026-09-12T21:35:14Z
2026-09-12T21:33:00Z,2026-09-12T23:33:00+0200,e073c37d-e2b9-4fd7-95a5-f5e10fe92511,2026-09-10T03:00:00Z,2026-09-10T05:00:00+0200,94.46,MW,FR,FR,actual_offshore_wind_generation,Wind Offshore,2026-09-12T21:35:14Z
2026-09-12T21:33:00Z,2026-09-12T23:33:00+0200,e073c37d-e2b9-4fd7-95a5-f5e10fe92511,2026-09-10T03:15:00Z,2026-09-10T05:15:00+0200,92.39,MW,FR,FR,actual_offshore_wind_generation,Wind Offshore,2026-09-12T21:35:14Z
2026-09-12T21:33:00Z,2026-09-12T23:33:00+0200,e073c37d-e2b9-4fd7-95a5-f5e10fe92511,2026-09-10T03:30:00Z,2026-09-10T05:30:00+0200,88.9,MW,FR,FR,actual_offshore_wind_generation,Wind Offshore,2026-09-12T21:35:14Z
2026-09-12T21:33:00Z,2026-09-12T23:33:00+0200,e073c37d-e2b9-4fd7-95a5-f5e10fe92511,2026-09-10T03:45:00Z,2026-09-10T05:45:00+0200,89.5,MW,FR,FR,actual_offshore_wind_generation,Wind Offshore,2026-09-12T21:35:14Z
2026-09-12T21:33:00Z,2026-09-12T23:33:00+0200,e073c37d-e2b9-4fd7-95a5-f5e10fe92511,2026-09-10T04:00:00Z,2026-09-10T06:00:00+0200,88.42,MW,FR,FR,actual_offshore_wind_generation,Wind Offshore,2026-09-12T21:35:14Z
2026-09-12T21:33:00Z,2026-09-12T23:33:00+0200,e073c37d-e2b9-4fd7-95a5-f5e10fe92511,2026-09-10T04:15:00Z,2026-09-10T06:15:00+0200,81.95,MW,FR,FR,actual_offshore_wind_generation,Wind Offshore,2026-09-12T21:35:14Z
2026-09-12T21:33:00Z,2026-09-12T23:33:00+0200,e073c37d-e2b9-4fd7-95a5-f5e10fe92511,2026-09-10T04:30:00Z,2026-09-10T06:30:00+0200,89.27,MW,FR,FR,actual_offshore_wind_generation,Wind Offshore,2026-09-12T21:35:14Z
2026-09-12T21:33:00Z,2026-09-12T23:33:00+0200,e073c37d-e2b9-4fd7-95a5-f5e10fe92511,2026-09-10T04:45:00Z,2026-09-10T06:45:00+0200,83.42,MW,FR,FR,actual_offshore_wind_generation,Wind Offshore,2026-09-12T21:35:14Z
2026-09-12T21:33:00Z,2026-09-12T23:33:00+0200,e073c37d-e2b9-4fd7-95a5-f5e10fe92511,2026-09-10T05:00:00Z,2026-09-10T07:00:00+0200,96.4,MW,FR,FR,actual_offshore_wind_generation,Wind Offshore,2026-09-12T21:35:14Z
2026-09-12T21:33:00Z,2026-09-12T23:33:00+0200,e073c37d-e2b9-4fd7-95a5-f5e10fe92511,2026-09-10T05:15:00Z,2026-09-10T07:15:00+0200,125.6,MW,FR,FR,actual_offshore_wind_generation,Wind Offshore,2026-09-12T21:35:14Z
2026-09-12T21:33:00Z,2026-09-12T23:33:00+0200,e073c37d-e2b9-4fd7-95a5-f5e10fe92511,2026-09-10T05:30:00Z,2026-09-10T07:30:00+0200,150.21,MW,FR,FR,actual_offshore_wind_generation,Wind Offshore,2026-09-12T21:35:14Z
2026-09-12T21:33:00Z,2026-09-12T23:33:00+0200,e073c37d-e2b9-4fd7-95a5-f5e10fe92511,2026-09-10T05:45:00Z,2026-09-10T07:45:00+0200,156.81,MW,FR,FR,actual_offshore_wind_generation,Wind Offshore,2026-09-12T21:35:14Z
2026-09-12T21:33:00Z,2026-09-12T23:33:00+0200,e073c37d-e2b9-4fd7-95a5-f5e10fe92511,2026-09-10T06:00:00Z,2026-09-10T08:00:00+0200,146.33,MW,FR,FR,actual_offshore_wind_generation,Wind Offshore,2026-09-12T21:35:14Z
2026-09-12T21:33:00Z,2026-09-12T23:33:00+0200,e073c37d-e2b9-4fd7-95a5-f5e10fe92511,2026-09-10T06:15:00Z,2026-09-10T08:15:00+0200,145.67,MW,FR,FR,actual_offshore_wind_generation,Wind Offshore,2026-09-12T21:35:14Z
2026-09-12T21:33:00Z,2026-09-12T23:33:00+0200,e073c37d-e2b9-4fd7-95a5-f5e10fe92511,2026-09-10T06:30:00Z,2026-09-10T08:30:00+0200,146.94,MW,FR,FR,actual_offshore_wind_generation,Wind Offshore,2026-09-12T21:35:14Z
2026-09-12T21:33:00Z,2026-09-12T23:33:00+0200,e073c37d-e2b9-4fd7-95a5-f5e10fe92511,2026-09-10T06:45:00Z,2026-09-10T08:45:00+0200,159.13,MW,FR,FR,actual_offshore_wind_generation,Wind Offshore,2026-09-12T21:35:14Z
2026-09-12T21:33:00Z,2026-09-12T23:33:00+0200,e073c37d-e2b9-4fd7-95a5-f5e10fe92511,2026-09-10T07:00:00Z,2026-09-10T09:00:00+0200,186.88,MW,FR,FR,actual_offshore_wind_generation,Wind Offshore,2026-09-12T21:35:14Z
2026-09-12T21:33:00Z,2026-09-12T23:33:00+0200,e073c37d-e2b9-4fd7-95a5-f5e10fe92511,2026-09-10T07:15:00Z,2026-09-10T09:15:00+0200,184.7,MW,FR,FR,actual_offshore_wind_generation,Wind Offshore,2026-09-12T21:35:14Z
2026-09-12T21:33:00Z,2026-09-12T23:33:00+0200,e073c37d-e2b9-4fd7-95a5-f5e10fe92511,2026-09-10T07:30:00Z,2026-09-10T09:30:00+0200,197.46,MW,FR,FR,actual_offshore_wind_generation,Wind Offshore,2026-09-12T21:35:14Z
2026-09-12T21:33:00Z,2026-09-12T23:33:00+0200,e073c37d-e2b9-4fd7-95a5-f5e10fe92511,2026-09-10T07:45:00Z,2026-09-10T09:45:00+0200,221.31,MW,FR,FR,actual_offshore_wind_generation,Wind Offshore,2026-09-12T21:35:14Z
2026-09-12T21:33:00Z,2026-09-12T23:33:00+0200,e073c37d-e2b9-4fd7-95a5-f5e10fe92511,2026-09-10T08:00:00Z,2026-09-10T10:00:00+0200,219.74,MW,FR,FR,actual_offshore_wind_generation,Wind Offshore,2026-09-12T21:35:14Z
2026-09-12T21:33:00Z,2026-09-12T23:33:00+0200,e073c37d-e2b9-4fd7-95a5-f5e10fe92511,2026-09-10T08:15:00Z,2026-09-10T10:15:00+0200,222.24,MW,FR,FR,actual_offshore_wind_generation,Wind Offshore,2026-09-12T21:35:14Z
2026-09-12T21:33:00Z,2026-09-12T23:33:00+0200,e073c37d-e2b9-4fd7-95a5-f5e10fe92511,2026-09-10T08:30:00Z,2026-09-10T10:30:00+0200,226.91,MW,FR,FR,actual_offshore_wind_generation,Wind Offshore,2026-09-12T21:35:14Z
2026-09-12T21:33:00Z,2026-09-12T23:33:00+0200,e073c37d-e2b9-4fd7-95a5-f5e10fe92511,2026-09-10T08:45:00Z,2026-09-10T10:45:00+0200,236.21,MW,FR,FR,actual_offshore_wind_generation,Wind Offshore,2026-09-12T21:35:14Z
2026-09-12T21:33:00Z,2026-09-12T23:33:00+0200,e073c37d-e2b9-4fd7-95a5-f5e10fe92511,2026-09-10T09:00:00Z,2026-09-10T11:00:00+0200,242.36,MW,FR,FR,actual_offshore_wind_generation,Wind Offshore,2026-09-12T21:35:14Z
2026-09-12T21:33:00Z,2026-09-12T23:33:00+0200,e073c37d-e2b9-4fd7-95a5-f5e10fe92511,2026-09-10T09:15:00Z,2026-09-10T11:15:00+0200,232.85,MW,FR,FR,actual_offshore_wind_generation,Wind Offshore,2026-09-12T21:35:14Z
2026-09-12T21:33:00Z,2026-09-12T23:33:00+0200,e073c37d-e2b9-4fd7-95a5-f5e10fe92511,2026-09-10T09:30:00Z,2026-09-10T11:30:00+0200,228.32,MW,FR,FR,actual_offshore_wind_generation,Wind Offshore,2026-09-12T21:35:14Z
2026-09-12T21:33:00Z,2026-09-12T23:33:00+0200,e073c37d-e2b9-4fd7-95a5-f5e10fe92511,2026-09-10T09:45:00Z,2026-09-10T11:45:00+0200,220.35,MW,FR,FR,actual_offshore_wind_generation,Wind Offshore,2026-09-12T21:35:14Z
2026-09-12T21:33:00Z,2026-09-12T23:33:00+0200,e073c37d-e2b9-4fd7-95a5-f5e10fe92511,2026-09-10T10:00:00Z,2026-09-10T12:00:00+0200,220.26,MW,FR,FR,actual_offshore_wind_generation,Wind Offshore,2026-09-12T21:35:14Z
2026-09-12T21:33:00Z,2026-09-12T23:33:00+0200,e073c37d-e2b9-4fd7-95a5-f5e10fe92511,2026-09-10T10:15:00Z,2026-09-10T12:15:00+0200,212.75,MW,FR,FR,actual_offshore_wind_generation,Wind Offshore,2026-09-12T21:35:14Z
2026-09-12T21:33:00Z,2026-09-12T23:33:00+0200,e073c37d-e2b9-4fd7-95a5-f5e10fe92511,2026-09-10T10:30:00Z,2026-09-10T12:30:00+0200,192.2,MW,FR,FR,actual_offshore_wind_generation,Wind Offshore,2026-09-12T21:35:14Z
2026-09-12T21:33:00Z,2026-09-12T23:33:00+0200,e073c37d-e2b9-4fd7-95a5-f5e10fe92511,2026-09-10T10:45:00Z,2026-09-10T12:45:00+0200,178.82,MW,FR,FR,actual_offshore_wind_generation,Wind Offshore,2026-09-12T21:35:14Z
2026-09-12T21:33:00Z,2026-09-12T23:33:00+0200,e073c37d-e2b9-4fd7-95a5-f5e10fe92511,2026-09-10T11:00:00Z,2026-09-10T13:00:00+0200,195.41,MW,FR,FR,actual_offshore_wind_generation,Wind Offshore,2026-09-12T21:35:14Z
2026-09-12T21:33:00Z,2026-09-12T23:33:00+0200,e073c37d-e2b9-4fd7-95a5-f5e10fe92511,2026-09-10T11:15:00Z,2026-09-10T13:15:00+0200,202.87,MW,FR,FR,actual_offshore_wind_generation,Wind Offshore,2026-09-12T21:35:14Z
2026-09-12T21:33:00Z,2026-09-12T23:33:00+0200,e073c37d-e2b9-4fd7-95a5-f5e10fe92511,2026-09-10T11:30:00Z,2026-09-10T13:30:00+0200,185.84,MW,FR,FR,actual_offshore_wind_generation,Wind Offshore,2026-09-12T21:35:14Z
2026-09-12T21:33:00Z,2026-09-12T23:33:00+0200,e073c37d-e2b9-4fd7-95a5-f5e10fe92511,2026-09-10T11:45:00Z,2026-09-10T13:45:00+0200,159.23,MW,FR,FR,actual_offshore_wind_generation,Wind Offshore,2026-09-12T21:35:14Z
2026-09-12T21:33:00Z,2026-09-12T23:33:00+0200,e073c37d-e2b9-4fd7-95a5-f5e10fe92511,2026-09-10T12:00:00Z,2026-09-10T14:00:00+0200,144.06,MW,FR,FR,actual_offshore_wind_generation,Wind Offshore,2026-09-12T21:35:14Z
2026-09-12T21:33:00Z,2026-09-12T23:33:00+0200,e073c37d-e2b9-4fd7-95a5-f5e10fe92511,2026-09-10T12:15:00Z,2026-09-10T14:15:00+0200,140.03,MW,FR,FR,actual_offshore_wind_generation,Wind Offshore,2026-09-12T21:35:14Z
2026-09-12T21:33:00Z,2026-09-12T23:33:00+0200,e073c37d-e2b9-4fd7-95a5-f5e10fe92511,2026-09-10T12:30:00Z,2026-09-10T14:30:00+0200,143.41,MW,FR,FR,actual_offshore_wind_generation,Wind Offshore,2026-09-12T21:35:14Z
2026-09-12T21:33:00Z,2026-09-12T23:33:00+0200,e073c37d-e2b9-4fd7-95a5-f5e10fe92511,2026-09-10T12:45:00Z,2026-09-10T14:45:00+0200,135.66,MW,FR,FR,actual_offshore_wind_generation,Wind Offshore,2026-09-12T21:35:14Z
2026-09-12T21:33:00Z,2026-09-12T23:33:00+0200,e073c37d-e2b9-4fd7-95a5-f5e10fe92511,2026-09-10T13:00:00Z,2026-09-10T15:00:00+0200,147.06,MW,FR,FR,actual_offshore_wind_generation,Wind Offshore,2026-09-12T21:35:14Z
2026-09-12T21:33:00Z,2026-09-12T23:33:00+0200,e073c37d-e2b9-4fd7-95a5-f5e10fe92511,2026-09-10T13:15:00Z,2026-09-10T15:15:00+0200,163.06,MW,FR,FR,actual_offshore_wind_generation,Wind Offshore,2026-09-12T21:35:14Z
2026-09-12T21:33:00Z,2026-09-12T23:33:00+0200,e073c37d-e2b9-4fd7-95a5-f5e10fe92511,2026-09-10T13:30:00Z,2026-09-10T15:30:00+0200,155.93,MW,FR,FR,actual_offshore_wind_generation,Wind Offshore,2026-09-12T21:35:14Z
2026-09-12T21:33:00Z,2026-09-12T23:33:00+0200,e073c37d-e2b9-4fd7-95a5-f5e10fe92511,2026-09-10T13:45:00Z,2026-09-10T15:45:00+0200,144.03,MW,FR,FR,actual_offshore_wind_generation,Wind Offshore,2026-09-12T21:35:14Z
2026-09-12T21:33:00Z,2026-09-12T23:33:00+0200,e073c37d-e2b9-4fd7-95a5-f5e10fe92511,2026-09-10T14:00:00Z,2026-09-10T16:00:00+0200,136.48,MW,FR,FR,actual_offshore_wind_generation,Wind Offshore,2026-09-12T21:35:14Z
2026-09-12T21:33:00Z,2026-09-12T23:33:00+0200,e073c37d-e2b9-4fd7-95a5-f5e10fe92511,2026-09-10T14:15:00Z,2026-09-10T16:15:00+0200,145.8,MW,FR,FR,actual_offshore_wind_generation,Wind Offshore,2026-09-12T21:35:14Z
2026-09-12T21:33:00Z,2026-09-12T23:33:00+0200,e073c37d-e2b9-4fd7-95a5-f5e10fe92511,2026-09-10T14:30:00Z,2026-09-10T16:30:00+0200,142.58,MW,FR,FR,actual_offshore_wind_generation,Wind Offshore,2026-09-12T21:35:14Z
2026-09-12T21:33:00Z,2026-09-12T23:33:00+0200,e073c37d-e2b9-4fd7-95a5-f5e10fe92511,2026-09-10T14:45:00Z,2026-09-10T16:45:00+0200,134.07,MW,FR,FR,actual_offshore_wind_generation,Wind Offshore,2026-09-12T21:35:14Z
2026-09-12T21:33:00Z,2026-09-12T23:33:00+0200,e073c37d-e2b9-4fd7-95a5-f5e10fe92511,2026-09-10T15:00:00Z,2026-09-10T17:00:00+0200,131.69,MW,FR,FR,actual_offshore_wind_generation,Wind Offshore,2026-09-12T21:35:14Z
2026-09-12T21:33:00Z,2026-09-12T23:33:00+0200,e073c37d-e2b9-4fd7-95a5-f5e10fe92511,2026-09-10T15:15:00Z,2026-09-10T17:15:00+0200,136.03,MW,FR,FR,actual_offshore_wind_generation,Wind Offshore,2026-09-12T21:35:14Z
2026-09-12T21:33:00Z,2026-09-12T23:33:00+0200,e073c37d-e2b9-4fd7-95a5-f5e10fe92511,2026-09-10T15:30:00Z,2026-09-10T17:30:00+0200,138.77,MW,FR,FR,actual_offshore_wind_generation,Wind Offshore,2026-09-12T21:35:14Z
2026-09-12T21:33:00Z,2026-09-12T23:33:00+0200,e073c37d-e2b9-4fd7-95a5-f5e10fe92511,2026-09-10T15:45:00Z,2026-09-10T17:45:00+0200,149.79,MW,FR,FR,actual_offshore_wind_generation,Wind Offshore,2026-09-12T21:35:14Z
2026-09-12T21:33:00Z,2026-09-12T23:33:00+0200,e073c37d-e2b9-4fd7-95a5-f5e10fe92511,2026-09-10T16:00:00Z,2026-09-10T18:00:00+0200,148.99,MW,FR,FR,actual_offshore_wind_generation,Wind Offshore,2026-09-12T21:35:14Z
2026-09-12T21:33:00Z,2026-09-12T23:33:00+0200,e073c37d-e2b9-4fd7-95a5-f5e10fe92511,2026-09-10T16:15:00Z,2026-09-10T18:15:00+0200,147.21,MW,FR,FR,actual_offshore_wind_generation,Wind Offshore,2026-09-12T21:35:14Z
2026-09-12T21:33:00Z,2026-09-12T23:33:00+0200,e073c37d-e2b9-4fd7-95a5-f5e10fe92511,2026-09-10T16:30:00Z,2026-09-10T18:30:00+0200,145.85,MW,FR,FR,actual_offshore_wind_generation,Wind Offshore,2026-09-12T21:35:14Z
2026-09-12T21:33:00Z,2026-09-12T23:33:00+0200,e073c37d-e2b9-4fd7-95a5-f5e10fe92511,2026-09-10T16:45:00Z,2026-09-10T18:45:00+0200,145.42,MW,FR,FR,actual_offshore_wind_generation,Wind Offshore,2026-09-12T21:35:14Z
2026-09-12T21:33:00Z,2026-09-12T23:33:00+0200,e073c37d-e2b9-4fd7-95a5-f5e10fe92511,2026-09-10T17:00:00Z,2026-09-10T19:00:00+0200,147.33,MW,FR,FR,actual_offshore_wind_generation,Wind Offshore,2026-09-12T21:35:14Z
2026-09-12T21:33:00Z,2026-09-12T23:33:00+0200,e073c37d-e2b9-4fd7-95a5-f5e10fe92511,2026-09-10T17:15:00Z,2026-09-10T19:15:00+0200,146.36,MW,FR,FR,actual_offshore_wind_generation,Wind Offshore,2026-09-12T21:35:14Z
2026-09-12T21:33:00Z,2026-09-12T23:33:00+0200,e073c37d-e2b9-4fd7-95a5-f5e10fe92511,2026-09-10T17:30:00Z,2026-09-10T19:30:00+0200,141.35,MW,FR,FR,actual_offshore_wind_generation,Wind Offshore,2026-09-12T21:35:14Z
2026-09-12T21:33:00Z,2026-09-12T23:33:00+0200,e073c37d-e2b9-4fd7-95a5-f5e10fe92511,2026-09-10T17:45:00Z,2026-09-10T19:45:00+0200,128.7,MW,FR,FR,actual_offshore_wind_generation,Wind Offshore,2026-09-12T21:35:14Z
2026-09-12T21:33:00Z,2026-09-12T23:33:00+0200,e073c37d-e2b9-4fd7-95a5-f5e10fe92511,2026-09-10T18:00:00Z,2026-09-10T20:00:00+0200,125.44,MW,FR,FR,actual_offshore_wind_generation,Wind Offshore,2026-09-12T21:35:14Z
2026-09-12T21:33:00Z,2026-09-12T23:33:00+0200,e073c37d-e2b9-4fd7-95a5-f5e10fe92511,2026-09-10T18:15:00Z,2026-09-10T20:15:00+0200,119.11,MW,FR,FR,actual_offshore_wind_generation,Wind Offshore,2026-09-12T21:35:14Z
2026-09-12T21:33:00Z,2026-09-12T23:33:00+0200,e073c37d-e2b9-4fd7-95a5-f5e10fe92511,2026-09-10T18:30:00Z,2026-09-10T20:30:00+0200,120.41,MW,FR,FR,actual_offshore_wind_generation,Wind Offshore,2026-09-12T21:35:14Z
2026-09-12T21:33:00Z,2026-09-12T23:33:00+0200,e073c37d-e2b9-4fd7-95a5-f5e10fe92511,2026-09-10T18:45:00Z,2026-09-10T20:45:00+0200,132.88,MW,FR,FR,actual_offshore_wind_generation,Wind Offshore,2026-09-12T21:35:14Z
2026-09-12T21:33:00Z,2026-09-12T23:33:00+0200,e073c37d-e2b9-4fd7-95a5-f5e10fe92511,2026-09-10T19:00:00Z,2026-09-10T21:00:00+0200,158.02,MW,FR,FR,actual_offshore_wind_generation,Wind Offshore,2026-09-12T21:35:14Z
2026-09-12T21:33:00Z,2026-09-12T23:33:00+0200,e073c37d-e2b9-4fd7-95a5-f5e10fe92511,2026-09-10T19:15:00Z,2026-09-10T21:15:00+0200,194.01,MW,FR,FR,actual_offshore_wind_generation,Wind Offshore,2026-09-12T21:35:14Z
2026-09-12T21:33:00Z,2026-09-12T23:33:00+0200,e073c37d-e2b9-4fd7-95a5-f5e10fe92511,2026-09-10T19:30:00Z,2026-09-10T21:30:00+0200,200.43,MW,FR,FR,actual_offshore_wind_generation,Wind Offshore,2026-09-12T21:35:14Z
2026-09-12T21:33:00Z,2026-09-12T23:33:00+0200,e073c37d-e2b9-4fd7-95a5-f5e10fe92511,2026-09-10T19:45:00Z,2026-09-10T21:45:00+0200,183.93,MW,FR,FR,actual_offshore_wind_generation,Wind Offshore,2026-09-12T21:35:14Z
2026-09-12T21:33:00Z,2026-09-12T23:33:00+0200,e073c37d-e2b9-4fd7-95a5-f5e10fe92511,2026-09-10T20:00:00Z,2026-09-10T22:00:00+0200,162.78,MW,FR,FR,actual_offshore_wind_generation,Wind Offshore,2026-09-12T21:35:14Z
2026-09-12T21:33:00Z,2026-09-12T23:33:00+0200,e073c37d-e2b9-4fd7-95a5-f5e10fe92511,2026-09-10T20:15:00Z,2026-09-10T22:15:00+0200,138.46,MW,FR,FR,actual_offshore_wind_generation,Wind Offshore,2026-09-12T21:35:14Z
2026-09-12T21:33:00Z,2026-09-12T23:33:00+0200,e073c37d-e2b9-4fd7-95a5-f5e10fe92511,2026-09-10T20:30:00Z,2026-09-10T22:30:00+0200,124.42,MW,FR,FR,actual_offshore_wind_generation,Wind Offshore,2026-09-12T21:35:14Z
2026-09-12T21:33:00Z,2026-09-12T23:33:00+0200,e073c37d-e2b9-4fd7-95a5-f5e10fe92511,2026-09-10T20:45:00Z,2026-09-10T22:45:00+0200,118.99,MW,FR,FR,actual_offshore_wind_generation,Wind Offshore,2026-09-12T21:35:14Z
2026-09-12T21:33:00Z,2026-09-12T23:33:00+0200,e073c37d-e2b9-4fd7-95a5-f5e10fe92511,2026-09-10T21:00:00Z,2026-09-10T23:00:00+0200,101.98,MW,FR,FR,actual_offshore_wind_generation,Wind Offshore,2026-09-12T21:35:14Z
2026-09-12T21:33:00Z,2026-09-12T23:33:00+0200,e073c37d-e2b9-4fd7-95a5-f5e10fe92511,2026-09-10T21:15:00Z,2026-09-10T23:15:00+0200,119.88,MW,FR,FR,actual_offshore_wind_generation,Wind Offshore,2026-09-12T21:35:14Z
2026-09-12T21:33:00Z,2026-09-12T23:33:00+0200,e073c37d-e2b9-4fd7-95a5-f5e10fe92511,2026-09-10T21:30:00Z,2026-09-10T23:30:00+0200,168.67,MW,FR,FR,actual_offshore_wind_generation,Wind Offshore,2026-09-12T21:35:14Z
2026-09-12T21:33:00Z,2026-09-12T23:33:00+0200,e073c37d-e2b9-4fd7-95a5-f5e10fe92511,2026-09-10T21:45:00Z,2026-09-10T23:45:00+0200,207.62,MW,FR,FR,actual_offshore_wind_generation,Wind Offshore,2026-09-12T21:35:14Z
2026-09-12T21:33:00Z,2026-09-12T23:33:00+0200,e073c37d-e2b9-4fd7-95a5-f5e10fe92511,2026-09-10T22:00:00Z,2026-09-11T00:00:00+0200,225.45,MW,FR,FR,actual_offshore_wind_generation,Wind Offshore,2026-09-12T21:35:14Z
2026-09-12T21:33:00Z,2026-09-12T23:33:00+0200,e073c37d-e2b9-4fd7-95a5-f5e10fe92511,2026-09-10T22:15:00Z,2026-09-11T00:15:00+0200,231.75,MW,FR,FR,actual_offshore_wind_generation,Wind Offshore,2026-09-12T21:35:14Z
2026-09-12T21:33:00Z,2026-09-12T23:33:00+0200,e073c37d-e2b9-4fd7-95a5-f5e10fe92511,2026-09-10T22:30:00Z,2026-09-11T00:30:00+0200,248.47,MW,FR,FR,actual_offshore_wind_generation,Wind Offshore,2026-09-12T21:35:14Z
2026-09-12T21:33:00Z,2026-09-12T23:33:00+0200,e073c37d-e2b9-4fd7-95a5-f5e10fe92511,2026-09-10T22:45:00Z,2026-09-11T00:45:00+0200,276.12,MW,FR,FR,actual_offshore_wind_generation,Wind Offshore,2026-09-12T21:35:14Z
2026-09-12T21:33:00Z,2026-09-12T23:33:00+0200,e073c37d-e2b9-4fd7-95a5-f5e10fe92511,2026-09-10T23:00:00Z,2026-09-11T01:00:00+0200,305.91,MW,FR,FR,actual_offshore_wind_generation,Wind Offshore,2026-09-12T21:35:14Z
2026-09-12T21:33:00Z,2026-09-12T23:33:00+0200,e073c37d-e2b9-4fd7-95a5-f5e10fe92511,2026-09-10T23:15:00Z,2026-09-11T01:15:00+0200,293.33,MW,FR,FR,actual_offshore_wind_generation,Wind Offshore,2026-09-12T21:35:14Z
2026-09-12T21:33:00Z,2026-09-12T23:33:00+0200,e073c37d-e2b9-4fd7-95a5-f5e10fe92511,2026-09-10T23:30:00Z,2026-09-11T01:30:00+0200,298.35,MW,FR,FR,actual_offshore_wind_generation,Wind Offshore,2026-09-12T21:35:14Z
2026-09-12T21:33:00Z,2026-09-12T23:33:00+0200,e073c37d-e2b9-4fd7-95a5-f5e10fe92511,2026-09-10T23:45:00Z,2026-09-11T01:45:00+0200,335.55,MW,FR,FR,actual_offshore_wind_generation,Wind Offshore,2026-09-12T21:35:14Z
2026-09-12T21:33:00Z,2026-09-12T23:33:00+0200,e073c37d-e2b9-4fd7-95a5-f5e10fe92511,2026-09-11T00:00:00Z,2026-09-11T02:00:00+0200,359.9,MW,FR,FR,actual_offshore_wind_generation,Wind Offshore,2026-09-12T21:35:14Z
2026-09-12T21:33:00Z,2026-09-12T23:33:00+0200,e073c37d-e2b9-4fd7-95a5-f5e10fe92511,2026-09-11T00:15:00Z,2026-09-11T02:15:00+0200,383.82,MW,FR,FR,actual_offshore_wind_generation,Wind Offshore,2026-09-12T21:35:14Z
2026-09-12T21:33:00Z,2026-09-12T23:33:00+0200,e073c37d-e2b9-4fd7-95a5-f5e10fe92511,2026-09-11T00:30:00Z,2026-09-11T02:30:00+0200,488.6,MW,FR,FR,actual_offshore_wind_generation,Wind Offshore,2026-09-12T21:35:14Z
2026-09-12T21:33:00Z,2026-09-12T23:33:00+0200,e073c37d-e2b9-4fd7-95a5-f5e10fe92511,2026-09-11T00:45:00Z,2026-09-11T02:45:00+0200,523.46,MW,FR,FR,actual_offshore_wind_generation,Wind Offshore,2026-09-12T21:35:14Z
2026-09-12T21:33:00Z,2026-09-12T23:33:00+0200,e073c37d-e2b9-4fd7-95a5-f5e10fe92511,2026-09-11T01:00:00Z,2026-09-11T03:00:00+0200,500.38,MW,FR,FR,actual_offshore_wind_generation,Wind Offshore,2026-09-12T21:35:14Z
2026-09-12T21:33:00Z,2026-09-12T23:33:00+0200,e073c37d-e2b9-4fd7-95a5-f5e10fe92511,2026-09-11T01:15:00Z,2026-09-11T03:15:00+0200,496.8,MW,FR,FR,actual_offshore_wind_generation,Wind Offshore,2026-09-12T21:35:14Z
2026-09-12T21:33:00Z,2026-09-12T23:33:00+0200,e073c37d-e2b9-4fd7-95a5-f5e10fe92511,2026-09-11T01:30:00Z,2026-09-11T03:30:00+0200,458.92,MW,FR,FR,actual_offshore_wind_generation,Wind Offshore,2026-09-12T21:35:14Z
2026-09-12T21:33:00Z,2026-09-12T23:33:00+0200,e073c37d-e2b9-4fd7-95a5-f5e10fe92511,2026-09-11T01:45:00Z,2026-09-11T03:45:00+0200,456.44,MW,FR,FR,actual_offshore_wind_generation,Wind Offshore,2026-09-12T21:35:14Z
2026-09-12T21:33:00Z,2026-09-12T23:33:00+0200,e073c37d-e2b9-4fd7-95a5-f5e10fe92511,2026-09-11T02:00:00Z,2026-09-11T04:00:00+0200,474.16,MW,FR,FR,actual_offshore_wind_generation,Wind Offshore,2026-09-12T21:35:14Z
2026-09-12T21:33:00Z,2026-09-12T23:33:00+0200,e073c37d-e2b9-4fd7-95a5-f5e10fe92511,2026-09-11T02:15:00Z,2026-09-11T04:15:00+0200,453.97,MW,FR,FR,actual_offshore_wind_generation,Wind Offshore,2026-09-12T21:35:14Z
2026-09-12T21:33:00Z,2026-09-12T23:33:00+0200,e073c37d-e2b9-4fd7-95a5-f5e10fe92511,2026-09-11T02:30:00Z,2026-09-11T04:30:00+0200,461.65,MW,FR,FR,actual_offshore_wind_generation,Wind Offshore,2026-09-12T21:35:14Z
2026-09-12T21:33:00Z,2026-09-12T23:33:00+0200,e073c37d-e2b9-4fd7-95a5-f5e10fe92511,2026-09-11T02:45:00Z,2026-09-11T04:45:00+0200,487.06,MW,FR,FR,actual_offshore_wind_generation,Wind Offshore,2026-09-12T21:35:14Z
2026-09-12T21:33:00Z,2026-09-12T23:33:00+0200,e073c37d-e2b9-4fd7-95a5-f5e10fe92511,2026-09-11T03:00:00Z,2026-09-11T05:00:00+0200,490.74,MW,FR,FR,actual_offshore_wind_generation,Wind Offshore,2026-09-12T21:35:14Z
2026-09-12T21:33:00Z,2026-09-12T23:33:00+0200,e073c37d-e2b9-4fd7-95a5-f5e10fe92511,2026-09-11T03:15:00Z,2026-09-11T05:15:00+0200,507.05,MW,FR,FR,actual_offshore_wind_generation,Wind Offshore,2026-09-12T21:35:14Z
2026-09-12T21:33:00Z,2026-09-12T23:33:00+0200,e073c37d-e2b9-4fd7-95a5-f5e10fe92511,2026-09-11T03:30:00Z,2026-09-11T05:30:00+0200,440.57,MW,FR,FR,actual_offshore_wind_generation,Wind Offshore,2026-09-12T21:35:14Z
2026-09-12T21:33:00Z,2026-09-12T23:33:00+0200,e073c37d-e2b9-4fd7-95a5-f5e10fe92511,2026-09-11T03:45:00Z,2026-09-11T05:45:00+0200,509.77,MW,FR,FR,actual_offshore_wind_generation,Wind Offshore,2026-09-12T21:35:14Z
2026-09-12T21:33:00Z,2026-09-12T23:33:00+0200,e073c37d-e2b9-4fd7-95a5-f5e10fe92511,2026-09-11T04:00:00Z,2026-09-11T06:00:00+0200,516.67,MW,FR,FR,actual_offshore_wind_generation,Wind Offshore,2026-09-12T21:35:14Z
2026-09-12T21:33:00Z,2026-09-12T23:33:00+0200,e073c37d-e2b9-4fd7-95a5-f5e10fe92511,2026-09-11T04:15:00Z,2026-09-11T06:15:00+0200,504.63,MW,FR,FR,actual_offshore_wind_generation,Wind Offshore,2026-09-12T21:35:14Z
2026-09-12T21:33:00Z,2026-09-12T23:33:00+0200,e073c37d-e2b9-4fd7-95a5-f5e10fe92511,2026-09-11T04:30:00Z,2026-09-11T06:30:00+0200,476.31,MW,FR,FR,actual_offshore_wind_generation,Wind Offshore,2026-09-12T21:35:14Z
2026-09-12T21:33:00Z,2026-09-12T23:33:00+0200,e073c37d-e2b9-4fd7-95a5-f5e10fe92511,2026-09-11T04:45:00Z,2026-09-11T06:45:00+0200,415.12,MW,FR,FR,actual_offshore_wind_generation,Wind Offshore,2026-09-12T21:35:14Z
2026-09-12T21:33:00Z,2026-09-12T23:33:00+0200,e073c37d-e2b9-4fd7-95a5-f5e10fe92511,2026-09-11T05:00:00Z,2026-09-11T07:00:00+0200,385.19,MW,FR,FR,actual_offshore_wind_generation,Wind Offshore,2026-09-12T21:35:14Z
2026-09-12T21:33:00Z,2026-09-12T23:33:00+0200,e073c37d-e2b9-4fd7-95a5-f5e10fe92511,2026-09-11T05:15:00Z,2026-09-11T07:15:00+0200,381.39,MW,FR,FR,actual_offshore_wind_generation,Wind Offshore,2026-09-12T21:35:14Z
2026-09-12T21:33:00Z,2026-09-12T23:33:00+0200,e073c37d-e2b9-4fd7-95a5-f5e10fe92511,2026-09-11T05:30:00Z,2026-09-11T07:30:00+0200,342.14,MW,FR,FR,actual_offshore_wind_generation,Wind Offshore,2026-09-12T21:35:14Z
2026-09-12T21:33:00Z,2026-09-12T23:33:00+0200,e073c37d-e2b9-4fd7-95a5-f5e10fe92511,2026-09-11T05:45:00Z,2026-09-11T07:45:00+0200,288.22,MW,FR,FR,actual_offshore_wind_generation,Wind Offshore,2026-09-12T21:35:14Z
2026-09-12T21:33:00Z,2026-09-12T23:33:00+0200,e073c37d-e2b9-4fd7-95a5-f5e10fe92511,2026-09-11T06:00:00Z,2026-09-11T08:00:00+0200,282.87,MW,FR,FR,actual_offshore_wind_generation,Wind Offshore,2026-09-12T21:35:14Z
2026-09-12T21:33:00Z,2026-09-12T23:33:00+0200,e073c37d-e2b9-4fd7-95a5-f5e10fe92511,2026-09-11T06:15:00Z,2026-09-11T08:15:00+0200,308.1,MW,FR,FR,actual_offshore_wind_generation,Wind Offshore,2026-09-12T21:35:14Z
2026-09-12T21:33:00Z,2026-09-12T23:33:00+0200,e073c37d-e2b9-4fd7-95a5-f5e10fe92511,2026-09-11T06:30:00Z,2026-09-11T08:30:00+0200,299.06,MW,FR,FR,actual_offshore_wind_generation,Wind Offshore,2026-09-12T21:35:14Z
2026-09-12T21:33:00Z,2026-09-12T23:33:00+0200,e073c37d-e2b9-4fd7-95a5-f5e10fe92511,2026-09-11T06:45:00Z,2026-09-11T08:45:00+0200,317.18,MW,FR,FR,actual_offshore_wind_generation,Wind Offshore,2026-09-12T21:35:14Z
2026-09-12T21:33:00Z,2026-09-12T23:33:00+0200,e073c37d-e2b9-4fd7-95a5-f5e10fe92511,2026-09-11T07:00:00Z,2026-09-11T09:00:00+0200,347.2,MW,FR,FR,actual_offshore_wind_generation,Wind Offshore,2026-09-12T21:35:14Z
2026-09-12T21:33:00Z,2026-09-12T23:33:00+0200,e073c37d-e2b9-4fd7-95a5-f5e10fe92511,2026-09-11T07:15:00Z,2026-09-11T09:15:00+0200,375.36,MW,FR,FR,actual_offshore_wind_generation,Wind Offshore,2026-09-12T21:35:14Z
2026-09-12T21:33:00Z,2026-09-12T23:33:00+0200,e073c37d-e2b9-4fd7-95a5-f5e10fe92511,2026-09-11T07:30:00Z,2026-09-11T09:30:00+0200,405.58,MW,FR,FR,actual_offshore_wind_generation,Wind Offshore,2026-09-12T21:35:14Z
2026-09-12T21:33:00Z,2026-09-12T23:33:00+0200,e073c37d-e2b9-4fd7-95a5-f5e10fe92511,2026-09-11T07:45:00Z,2026-09-11T09:45:00+0200,442.5,MW,FR,FR,actual_offshore_wind_generation,Wind Offshore,2026-09-12T21:35:14Z
2026-09-12T21:33:00Z,2026-09-12T23:33:00+0200,e073c37d-e2b9-4fd7-95a5-f5e10fe92511,2026-09-11T08:00:00Z,2026-09-11T10:00:00+0200,436.98,MW,FR,FR,actual_offshore_wind_generation,Wind Offshore,2026-09-12T21:35:14Z
2026-09-12T21:33:00Z,2026-09-12T23:33:00+0200,e073c37d-e2b9-4fd7-95a5-f5e10fe92511,2026-09-11T08:15:00Z,2026-09-11T10:15:00+0200,465.42,MW,FR,FR,actual_offshore_wind_generation,Wind Offshore,2026-09-12T21:35:14Z
2026-09-12T21:33:00Z,2026-09-12T23:33:00+0200,e073c37d-e2b9-4fd7-95a5-f5e10fe92511,2026-09-11T08:30:00Z,2026-09-11T10:30:00+0200,494.3,MW,FR,FR,actual_offshore_wind_generation,Wind Offshore,2026-09-12T21:35:14Z
2026-09-12T21:33:00Z,2026-09-12T23:33:00+0200,e073c37d-e2b9-4fd7-95a5-f5e10fe92511,2026-09-11T08:45:00Z,2026-09-11T10:45:00+0200,471.54,MW,FR,FR,actual_offshore_wind_generation,Wind Offshore,2026-09-12T21:35:14Z
2026-09-12T21:33:00Z,2026-09-12T23:33:00+0200,e073c37d-e2b9-4fd7-95a5-f5e10fe92511,2026-09-11T09:00:00Z,2026-09-11T11:00:00+0200,335.45,MW,FR,FR,actual_offshore_wind_generation,Wind Offshore,2026-09-12T21:35:14Z
2026-09-12T21:33:00Z,2026-09-12T23:33:00+0200,e073c37d-e2b9-4fd7-95a5-f5e10fe92511,2026-09-11T09:15:00Z,2026-09-11T11:15:00+0200,254.02,MW,FR,FR,actual_offshore_wind_generation,Wind Offshore,2026-09-12T21:35:14Z
2026-09-12T21:33:00Z,2026-09-12T23:33:00+0200,e073c37d-e2b9-4fd7-95a5-f5e10fe92511,2026-09-11T09:30:00Z,2026-09-11T11:30:00+0200,233.1,MW,FR,FR,actual_offshore_wind_generation,Wind Offshore,2026-09-12T21:35:14Z
2026-09-12T21:33:00Z,2026-09-12T23:33:00+0200,e073c37d-e2b9-4fd7-95a5-f5e10fe92511,2026-09-11T09:45:00Z,2026-09-11T11:45:00+0200,207.15,MW,FR,FR,actual_offshore_wind_generation,Wind Offshore,2026-09-12T21:35:14Z
2026-09-12T21:33:00Z,2026-09-12T23:33:00+0200,e073c37d-e2b9-4fd7-95a5-f5e10fe92511,2026-09-11T10:00:00Z,2026-09-11T12:00:00+0200,188.09,MW,FR,FR,actual_offshore_wind_generation,Wind Offshore,2026-09-12T21:35:14Z
2026-09-12T21:33:00Z,2026-09-12T23:33:00+0200,e073c37d-e2b9-4fd7-95a5-f5e10fe92511,2026-09-11T10:15:00Z,2026-09-11T12:15:00+0200,156.71,MW,FR,FR,actual_offshore_wind_generation,Wind Offshore,2026-09-12T21:35:14Z
2026-09-12T21:33:00Z,2026-09-12T23:33:00+0200,e073c37d-e2b9-4fd7-95a5-f5e10fe92511,2026-09-11T10:30:00Z,2026-09-11T12:30:00+0200,153.74,MW,FR,FR,actual_offshore_wind_generation,Wind Offshore,2026-09-12T21:35:14Z
2026-09-12T21:33:00Z,2026-09-12T23:33:00+0200,e073c37d-e2b9-4fd7-95a5-f5e10fe92511,2026-09-11T10:45:00Z,2026-09-11T12:45:00+0200,182.7,MW,FR,FR,actual_offshore_wind_generation,Wind Offshore,2026-09-12T21:35:14Z
2026-09-12T21:33:00Z,2026-09-12T23:33:00+0200,e073c37d-e2b9-4fd7-95a5-f5e10fe92511,2026-09-11T11:00:00Z,2026-09-11T13:00:00+0200,179.13,MW,FR,FR,actual_offshore_wind_generation,Wind Offshore,2026-09-12T21:35:14Z
2026-09-12T21:33:00Z,2026-09-12T23:33:00+0200,e073c37d-e2b9-4fd7-95a5-f5e10fe92511,2026-09-11T11:15:00Z,2026-09-11T13:15:00+0200,174.11,MW,FR,FR,actual_offshore_wind_generation,Wind Offshore,2026-09-12T21:35:14Z
2026-09-12T21:33:00Z,2026-09-12T23:33:00+0200,e073c37d-e2b9-4fd7-95a5-f5e10fe92511,2026-09-11T11:30:00Z,2026-09-11T13:30:00+0200,160.15,MW,FR,FR,actual_offshore_wind_generation,Wind Offshore,2026-09-12T21:35:14Z
2026-09-12T21:33:00Z,2026-09-12T23:33:00+0200,e073c37d-e2b9-4fd7-95a5-f5e10fe92511,2026-09-11T11:45:00Z,2026-09-11T13:45:00+0200,185.46,MW,FR,FR,actual_offshore_wind_generation,Wind Offshore,2026-09-12T21:35:14Z
2026-09-12T21:33:00Z,2026-09-12T23:33:00+0200,e073c37d-e2b9-4fd7-95a5-f5e10fe92511,2026-09-11T12:00:00Z,2026-09-11T14:00:00+0200,188.6,MW,FR,FR,actual_offshore_wind_generation,Wind Offshore,2026-09-12T21:35:14Z
2026-09-12T21:33:00Z,2026-09-12T23:33:00+0200,e073c37d-e2b9-4fd7-95a5-f5e10fe92511,2026-09-11T12:15:00Z,2026-09-11T14:15:00+0200,153.49,MW,FR,FR,actual_offshore_wind_generation,Wind Offshore,2026-09-12T21:35:14Z
2026-09-12T21:33:00Z,2026-09-12T23:33:00+0200,e073c37d-e2b9-4fd7-95a5-f5e10fe92511,2026-09-11T12:30:00Z,2026-09-11T14:30:00+0200,162.81,MW,FR,FR,actual_offshore_wind_generation,Wind Offshore,2026-09-12T21:35:14Z
2026-09-12T21:33:00Z,2026-09-12T23:33:00+0200,e073c37d-e2b9-4fd7-95a5-f5e10fe92511,2026-09-11T12:45:00Z,2026-09-11T14:45:00+0200,176.49,MW,FR,FR,actual_offshore_wind_generation,Wind Offshore,2026-09-12T21:35:14Z
2026-09-12T21:33:00Z,2026-09-12T23:33:00+0200,e073c37d-e2b9-4fd7-95a5-f5e10fe92511,2026-09-11T13:00:00Z,2026-09-11T15:00:00+0200,169.88,MW,FR,FR,actual_offshore_wind_generation,Wind Offshore,2026-09-12T21:35:14Z
2026-09-12T21:33:00Z,2026-09-12T23:33:00+0200,e073c37d-e2b9-4fd7-95a5-f5e10fe92511,2026-09-11T13:15:00Z,2026-09-11T15:15:00+0200,142.49,MW,FR,FR,actual_offshore_wind_generation,Wind Offshore,2026-09-12T21:35:14Z
2026-09-12T21:33:00Z,2026-09-12T23:33:00+0200,e073c37d-e2b9-4fd7-95a5-f5e10fe92511,2026-09-11T13:30:00Z,2026-09-11T15:30:00+0200,146.63,MW,FR,FR,actual_offshore_wind_generation,Wind Offshore,2026-09-12T21:35:14Z
2026-09-12T21:33:00Z,2026-09-12T23:33:00+0200,e073c37d-e2b9-4fd7-95a5-f5e10fe92511,2026-09-11T13:45:00Z,2026-09-11T15:45:00+0200,153.39,MW,FR,FR,actual_offshore_wind_generation,Wind Offshore,2026-09-12T21:35:14Z
2026-09-12T21:33:00Z,2026-09-12T23:33:00+0200,e073c37d-e2b9-4fd7-95a5-f5e10fe92511,2026-09-11T14:00:00Z,2026-09-11T16:00:00+0200,153.08,MW,FR,FR,actual_offshore_wind_generation,Wind Offshore,2026-09-12T21:35:14Z
2026-09-12T21:33:00Z,2026-09-12T23:33:00+0200,e073c37d-e2b9-4fd7-95a5-f5e10fe92511,2026-09-11T14:15:00Z,2026-09-11T16:15:00+0200,168.0,MW,FR,FR,actual_offshore_wind_generation,Wind Offshore,2026-09-12T21:35:14Z
2026-09-12T21:33:00Z,2026-09-12T23:33:00+0200,e073c37d-e2b9-4fd7-95a5-f5e10fe92511,2026-09-11T14:30:00Z,2026-09-11T16:30:00+0200,192.25,MW,FR,FR,actual_offshore_wind_generation,Wind Offshore,2026-09-12T21:35:14Z
2026-09-12T21:33:00Z,2026-09-12T23:33:00+0200,e073c37d-e2b9-4fd7-95a5-f5e10fe92511,2026-09-11T14:45:00Z,2026-09-11T16:45:00+0200,206.95,MW,FR,FR,actual_offshore_wind_generation,Wind Offshore,2026-09-12T21:35:14Z
2026-09-12T21:33:00Z,2026-09-12T23:33:00+0200,e073c37d-e2b9-4fd7-95a5-f5e10fe92511,2026-09-11T15:00:00Z,2026-09-11T17:00:00+0200,219.09,MW,FR,FR,actual_offshore_wind_generation,Wind Offshore,2026-09-12T21:35:14Z
2026-09-12T21:33:00Z,2026-09-12T23:33:00+0200,e073c37d-e2b9-4fd7-95a5-f5e10fe92511,2026-09-11T15:15:00Z,2026-09-11T17:15:00+0200,221.99,MW,FR,FR,actual_offshore_wind_generation,Wind Offshore,2026-09-12T21:35:14Z
2026-09-12T21:33:00Z,2026-09-12T23:33:00+0200,e073c37d-e2b9-4fd7-95a5-f5e10fe92511,2026-09-11T15:30:00Z,2026-09-11T17:30:00+0200,211.79,MW,FR,FR,actual_offshore_wind_generation,Wind Offshore,2026-09-12T21:35:14Z
2026-09-12T21:33:00Z,2026-09-12T23:33:00+0200,e073c37d-e2b9-4fd7-95a5-f5e10fe92511,2026-09-11T15:45:00Z,2026-09-11T17:45:00+0200,223.19,MW,FR,FR,actual_offshore_wind_generation,Wind Offshore,2026-09-12T21:35:14Z
2026-09-12T21:33:00Z,2026-09-12T23:33:00+0200,e073c37d-e2b9-4fd7-95a5-f5e10fe92511,2026-09-11T16:00:00Z,2026-09-11T18:00:00+0200,221.13,MW,FR,FR,actual_offshore_wind_generation,Wind Offshore,2026-09-12T21:35:14Z
2026-09-12T21:33:00Z,2026-09-12T23:33:00+0200,e073c37d-e2b9-4fd7-95a5-f5e10fe92511,2026-09-11T16:15:00Z,2026-09-11T18:15:00+0200,222.39,MW,FR,FR,actual_offshore_wind_generation,Wind Offshore,2026-09-12T21:35:14Z
2026-09-12T21:33:00Z,2026-09-12T23:33:00+0200,e073c37d-e2b9-4fd7-95a5-f5e10fe92511,2026-09-11T16:30:00Z,2026-09-11T18:30:00+0200,213.18,MW,FR,FR,actual_offshore_wind_generation,Wind Offshore,2026-09-12T21:35:14Z
2026-09-12T21:33:00Z,2026-09-12T23:33:00+0200,e073c37d-e2b9-4fd7-95a5-f5e10fe92511,2026-09-11T16:45:00Z,2026-09-11T18:45:00+0200,190.57,MW,FR,FR,actual_offshore_wind_generation,Wind Offshore,2026-09-12T21:35:14Z
2026-09-12T21:33:00Z,2026-09-12T23:33:00+0200,e073c37d-e2b9-4fd7-95a5-f5e10fe92511,2026-09-11T17:00:00Z,2026-09-11T19:00:00+0200,182.59,MW,FR,FR,actual_offshore_wind_generation,Wind Offshore,2026-09-12T21:35:14Z
2026-09-12T21:33:00Z,2026-09-12T23:33:00+0200,e073c37d-e2b9-4fd7-95a5-f5e10fe92511,2026-09-11T17:15:00Z,2026-09-11T19:15:00+0200,188.75,MW,FR,FR,actual_offshore_wind_generation,Wind Offshore,2026-09-12T21:35:14Z
2026-09-12T21:33:00Z,2026-09-12T23:33:00+0200,e073c37d-e2b9-4fd7-95a5-f5e10fe92511,2026-09-11T17:30:00Z,2026-09-11T19:30:00+0200,168.57,MW,FR,FR,actual_offshore_wind_generation,Wind Offshore,2026-09-12T21:35:14Z
2026-09-12T21:33:00Z,2026-09-12T23:33:00+0200,e073c37d-e2b9-4fd7-95a5-f5e10fe92511,2026-09-11T17:45:00Z,2026-09-11T19:45:00+0200,146.58,MW,FR,FR,actual_offshore_wind_generation,Wind Offshore,2026-09-12T21:35:14Z
2026-09-12T21:33:00Z,2026-09-12T23:33:00+0200,e073c37d-e2b9-4fd7-95a5-f5e10fe92511,2026-09-11T18:00:00Z,2026-09-11T20:00:00+0200,133.72,MW,FR,FR,actual_offshore_wind_generation,Wind Offshore,2026-09-12T21:35:14Z
2026-09-12T21:33:00Z,2026-09-12T23:33:00+0200,e073c37d-e2b9-4fd7-95a5-f5e10fe92511,2026-09-11T18:15:00Z,2026-09-11T20:15:00+0200,143.01,MW,FR,FR,actual_offshore_wind_generation,Wind Offshore,2026-09-12T21:35:14Z
2026-09-12T21:33:00Z,2026-09-12T23:33:00+0200,e073c37d-e2b9-4fd7-95a5-f5e10fe92511,2026-09-11T18:30:00Z,2026-09-11T20:30:00+0200,144.18,MW,FR,FR,actual_offshore_wind_generation,Wind Offshore,2026-09-12T21:35:14Z
2026-09-12T21:33:00Z,2026-09-12T23:33:00+0200,e073c37d-e2b9-4fd7-95a5-f5e10fe92511,2026-09-11T18:45:00Z,2026-09-11T20:45:00+0200,138.22,MW,FR,FR,actual_offshore_wind_generation,Wind Offshore,2026-09-12T21:35:14Z
2026-09-12T21:33:00Z,2026-09-12T23:33:00+0200,e073c37d-e2b9-4fd7-95a5-f5e10fe92511,2026-09-11T19:00:00Z,2026-09-11T21:00:00+0200,138.74,MW,FR,FR,actual_offshore_wind_generation,Wind Offshore,2026-09-12T21:35:14Z
2026-09-12T21:33:00Z,2026-09-12T23:33:00+0200,e073c37d-e2b9-4fd7-95a5-f5e10fe92511,2026-09-11T19:15:00Z,2026-09-11T21:15:00+0200,144.17,MW,FR,FR,actual_offshore_wind_generation,Wind Offshore,2026-09-12T21:35:14Z
2026-09-12T21:33:00Z,2026-09-12T23:33:00+0200,e073c37d-e2b9-4fd7-95a5-f5e10fe92511,2026-09-11T19:30:00Z,2026-09-11T21:30:00+0200,123.27,MW,FR,FR,actual_offshore_wind_generation,Wind Offshore,2026-09-12T21:35:14Z
2026-09-12T21:33:00Z,2026-09-12T23:33:00+0200,e073c37d-e2b9-4fd7-95a5-f5e10fe92511,2026-09-11T19:45:00Z,2026-09-11T21:45:00+0200,130.12,MW,FR,FR,actual_offshore_wind_generation,Wind Offshore,2026-09-12T21:35:14Z
2026-09-12T21:33:00Z,2026-09-12T23:33:00+0200,e073c37d-e2b9-4fd7-95a5-f5e10fe92511,2026-09-11T20:00:00Z,2026-09-11T22:00:00+0200,151.74,MW,FR,FR,actual_offshore_wind_generation,Wind Offshore,2026-09-12T21:35:14Z
2026-09-12T21:33:00Z,2026-09-12T23:33:00+0200,e073c37d-e2b9-4fd7-95a5-f5e10fe92511,2026-09-11T20:15:00Z,2026-09-11T22:15:00+0200,180.65,MW,FR,FR,actual_offshore_wind_generation,Wind Offshore,2026-09-12T21:35:14Z
2026-09-12T21:33:00Z,2026-09-12T23:33:00+0200,e073c37d-e2b9-4fd7-95a5-f5e10fe92511,2026-09-11T20:30:00Z,2026-09-11T22:30:00+0200,186.77,MW,FR,FR,actual_offshore_wind_generation,Wind Offshore,2026-09-12T21:35:14Z
2026-09-12T21:33:00Z,2026-09-12T23:33:00+0200,e073c37d-e2b9-4fd7-95a5-f5e10fe92511,2026-09-11T20:45:00Z,2026-09-11T22:45:00+0200,174.11,MW,FR,FR,actual_offshore_wind_generation,Wind Offshore,2026-09-12T21:35:14Z
2026-09-12T21:33:00Z,2026-09-12T23:33:00+0200,e073c37d-e2b9-4fd7-95a5-f5e10fe92511,2026-09-11T21:00:00Z,2026-09-11T23:00:00+0200,161.88,MW,FR,FR,actual_offshore_wind_generation,Wind Offshore,2026-09-12T21:35:14Z
2026-09-12T21:33:00Z,2026-09-12T23:33:00+0200,e073c37d-e2b9-4fd7-95a5-f5e10fe92511,2026-09-11T21:15:00Z,2026-09-11T23:15:00+0200,157.52,MW,FR,FR,actual_offshore_wind_generation,Wind Offshore,2026-09-12T21:35:14Z
2026-09-12T21:33:00Z,2026-09-12T23:33:00+0200,e073c37d-e2b9-4fd7-95a5-f5e10fe92511,2026-09-11T21:30:00Z,2026-09-11T23:30:00+0200,149.73,MW,FR,FR,actual_offshore_wind_generation,Wind Offshore,2026-09-12T21:35:14Z
2026-09-12T21:33:00Z,2026-09-12T23:33:00+0200,e073c37d-e2b9-4fd7-95a5-f5e10fe92511,2026-09-11T21:45:00Z,2026-09-11T23:45:00+0200,127.58,MW,FR,FR,actual_offshore_wind_generation,Wind Offshore,2026-09-12T21:35:14Z
2026-09-12T21:33:00Z,2026-09-12T23:33:00+0200,e073c37d-e2b9-4fd7-95a5-f5e10fe92511,2026-09-11T22:00:00Z,2026-09-12T00:00:00+0200,118.76,MW,FR,FR,actual_offshore_wind_generation,Wind Offshore,2026-09-12T21:35:14Z
2026-09-12T21:33:00Z,2026-09-12T23:33:00+0200,e073c37d-e2b9-4fd7-95a5-f5e10fe92511,2026-09-11T22:15:00Z,2026-09-12T00:15:00+0200,126.42,MW,FR,FR,actual_offshore_wind_generation,Wind Offshore,2026-09-12T21:35:14Z
2026-09-12T21:33:00Z,2026-09-12T23:33:00+0200,e073c37d-e2b9-4fd7-95a5-f5e10fe92511,2026-09-11T22:30:00Z,2026-09-12T00:30:00+0200,145.97,MW,FR,FR,actual_offshore_wind_generation,Wind Offshore,2026-09-12T21:35:14Z
2026-09-12T21:33:00Z,2026-09-12T23:33:00+0200,e073c37d-e2b9-4fd7-95a5-f5e10fe92511,2026-09-11T22:45:00Z,2026-09-12T00:45:00+0200,160.07,MW,FR,FR,actual_offshore_wind_generation,Wind Offshore,2026-09-12T21:35:14Z
2026-09-12T21:33:00Z,2026-09-12T23:33:00+0200,e073c37d-e2b9-4fd7-95a5-f5e10fe92511,2026-09-11T23:00:00Z,2026-09-12T01:00:00+0200,161.04,MW,FR,FR,actual_offshore_wind_generation,Wind Offshore,2026-09-12T21:35:14Z
2026-09-12T21:33:00Z,2026-09-12T23:33:00+0200,e073c37d-e2b9-4fd7-95a5-f5e10fe92511,2026-09-11T23:15:00Z,2026-09-12T01:15:00+0200,161.99,MW,FR,FR,actual_offshore_wind_generation,Wind Offshore,2026-09-12T21:35:14Z
2026-09-12T21:33:00Z,2026-09-12T23:33:00+0200,e073c37d-e2b9-4fd7-95a5-f5e10fe92511,2026-09-11T23:30:00Z,2026-09-12T01:30:00+0200,157.98,MW,FR,FR,actual_offshore_wind_generation,Wind Offshore,2026-09-12T21:35:14Z
2026-09-12T21:33:00Z,2026-09-12T23:33:00+0200,e073c37d-e2b9-4fd7-95a5-f5e10fe92511,2026-09-11T23:45:00Z,2026-09-12T01:45:00+0200,149.38,MW,FR,FR,actual_offshore_wind_generation,Wind Offshore,2026-09-12T21:35:14Z
2026-09-12T21:33:00Z,2026-09-12T23:33:00+0200,e073c37d-e2b9-4fd7-95a5-f5e10fe92511,2026-09-12T00:00:00Z,2026-09-12T02:00:00+0200,143.56,MW,FR,FR,actual_offshore_wind_generation,Wind Offshore,2026-09-12T21:35:14Z
2026-09-12T21:33:00Z,2026-09-12T23:33:00+0200,e073c37d-e2b9-4fd7-95a5-f5e10fe92511,2026-09-12T00:15:00Z,2026-09-12T02:15:00+0200,133.97,MW,FR,FR,actual_offshore_wind_generation,Wind Offshore,2026-09-12T21:35:14Z
2026-09-12T21:33:00Z,2026-09-12T23:33:00+0200,e073c37d-e2b9-4fd7-95a5-f5e10fe92511,2026-09-12T00:30:00Z,2026-09-12T02:30:00+0200,128.5,MW,FR,FR,actual_offshore_wind_generation,Wind Offshore,2026-09-12T21:35:14Z
2026-09-12T21:33:00Z,2026-09-12T23:33:00+0200,e073c37d-e2b9-4fd7-95a5-f5e10fe92511,2026-09-12T00:45:00Z,2026-09-12T02:45:00+0200,131.81,MW,FR,FR,actual_offshore_wind_generation,Wind Offshore,2026-09-12T21:35:14Z
2026-09-12T21:33:00Z,2026-09-12T23:33:00+0200,e073c37d-e2b9-4fd7-95a5-f5e10fe92511,2026-09-12T01:00:00Z,2026-09-12T03:00:00+0200,141.97,MW,FR,FR,actual_offshore_wind_generation,Wind Offshore,2026-09-12T21:35:14Z
2026-09-12T21:33:00Z,2026-09-12T23:33:00+0200,e073c37d-e2b9-4fd7-95a5-f5e10fe92511,2026-09-12T01:15:00Z,2026-09-12T03:15:00+0200,134.27,MW,FR,FR,actual_offshore_wind_generation,Wind Offshore,2026-09-12T21:35:14Z
2026-09-12T21:33:00Z,2026-09-12T23:33:00+0200,e073c37d-e2b9-4fd7-95a5-f5e10fe92511,2026-09-12T01:30:00Z,2026-09-12T03:30:00+0200,127.17,MW,FR,FR,actual_offshore_wind_generation,Wind Offshore,2026-09-12T21:35:14Z
2026-09-12T21:33:00Z,2026-09-12T23:33:00+0200,e073c37d-e2b9-4fd7-95a5-f5e10fe92511,2026-09-12T01:45:00Z,2026-09-12T03:45:00+0200,122.7,MW,FR,FR,actual_offshore_wind_generation,Wind Offshore,2026-09-12T21:35:14Z
2026-09-12T21:33:00Z,2026-09-12T23:33:00+0200,e073c37d-e2b9-4fd7-95a5-f5e10fe92511,2026-09-12T02:00:00Z,2026-09-12T04:00:00+0200,124.1,MW,FR,FR,actual_offshore_wind_generation,Wind Offshore,2026-09-12T21:35:14Z
2026-09-12T21:33:00Z,2026-09-12T23:33:00+0200,e073c37d-e2b9-4fd7-95a5-f5e10fe92511,2026-09-12T02:15:00Z,2026-09-12T04:15:00+0200,139.03,MW,FR,FR,actual_offshore_wind_generation,Wind Offshore,2026-09-12T21:35:14Z
2026-09-12T21:33:00Z,2026-09-12T23:33:00+0200,e073c37d-e2b9-4fd7-95a5-f5e10fe92511,2026-09-12T02:30:00Z,2026-09-12T04:30:00+0200,129.5,MW,FR,FR,actual_offshore_wind_generation,Wind Offshore,2026-09-12T21:35:14Z
2026-09-12T21:33:00Z,2026-09-12T23:33:00+0200,e073c37d-e2b9-4fd7-95a5-f5e10fe92511,2026-09-12T02:45:00Z,2026-09-12T04:45:00+0200,123.45,MW,FR,FR,actual_offshore_wind_generation,Wind Offshore,2026-09-12T21:35:14Z
2026-09-12T21:33:00Z,2026-09-12T23:33:00+0200,e073c37d-e2b9-4fd7-95a5-f5e10fe92511,2026-09-12T03:00:00Z,2026-09-12T05:00:00+0200,115.97,MW,FR,FR,actual_offshore_wind_generation,Wind Offshore,2026-09-12T21:35:14Z
2026-09-12T21:33:00Z,2026-09-12T23:33:00+0200,e073c37d-e2b9-4fd7-95a5-f5e10fe92511,2026-09-12T03:15:00Z,2026-09-12T05:15:00+0200,101.19,MW,FR,FR,actual_offshore_wind_generation,Wind Offshore,2026-09-12T21:35:14Z
2026-09-12T21:33:00Z,2026-09-12T23:33:00+0200,e073c37d-e2b9-4fd7-95a5-f5e10fe92511,2026-09-12T03:30:00Z,2026-09-12T05:30:00+0200,104.95,MW,FR,FR,actual_offshore_wind_generation,Wind Offshore,2026-09-12T21:35:14Z
2026-09-12T21:33:00Z,2026-09-12T23:33:00+0200,e073c37d-e2b9-4fd7-95a5-f5e10fe92511,2026-09-12T03:45:00Z,2026-09-12T05:45:00+0200,118.67,MW,FR,FR,actual_offshore_wind_generation,Wind Offshore,2026-09-12T21:35:14Z
2026-09-12T21:33:00Z,2026-09-12T23:33:00+0200,e073c37d-e2b9-4fd7-95a5-f5e10fe92511,2026-09-12T04:00:00Z,2026-09-12T06:00:00+0200,122.59,MW,FR,FR,actual_offshore_wind_generation,Wind Offshore,2026-09-12T21:35:14Z
2026-09-12T21:33:00Z,2026-09-12T23:33:00+0200,e073c37d-e2b9-4fd7-95a5-f5e10fe92511,2026-09-12T04:15:00Z,2026-09-12T06:15:00+0200,125.7,MW,FR,FR,actual_offshore_wind_generation,Wind Offshore,2026-09-12T21:35:14Z
2026-09-12T21:33:00Z,2026-09-12T23:33:00+0200,e073c37d-e2b9-4fd7-95a5-f5e10fe92511,2026-09-12T04:30:00Z,2026-09-12T06:30:00+0200,133.23,MW,FR,FR,actual_offshore_wind_generation,Wind Offshore,2026-09-12T21:35:14Z
2026-09-12T21:33:00Z,2026-09-12T23:33:00+0200,e073c37d-e2b9-4fd7-95a5-f5e10fe92511,2026-09-12T04:45:00Z,2026-09-12T06:45:00+0200,149.43,MW,FR,FR,actual_offshore_wind_generation,Wind Offshore,2026-09-12T21:35:14Z
2026-09-12T21:33:00Z,2026-09-12T23:33:00+0200,e073c37d-e2b9-4fd7-95a5-f5e10fe92511,2026-09-12T05:00:00Z,2026-09-12T07:00:00+0200,152.05,MW,FR,FR,actual_offshore_wind_generation,Wind Offshore,2026-09-12T21:35:14Z
2026-09-12T21:33:00Z,2026-09-12T23:33:00+0200,e073c37d-e2b9-4fd7-95a5-f5e10fe92511,2026-09-12T05:15:00Z,2026-09-12T07:15:00+0200,161.71,MW,FR,FR,actual_offshore_wind_generation,Wind Offshore,2026-09-12T21:35:14Z
2026-09-12T21:33:00Z,2026-09-12T23:33:00+0200,e073c37d-e2b9-4fd7-95a5-f5e10fe92511,2026-09-12T05:30:00Z,2026-09-12T07:30:00+0200,161.72,MW,FR,FR,actual_offshore_wind_generation,Wind Offshore,2026-09-12T21:35:14Z
2026-09-12T21:33:00Z,2026-09-12T23:33:00+0200,e073c37d-e2b9-4fd7-95a5-f5e10fe92511,2026-09-12T05:45:00Z,2026-09-12T07:45:00+0200,167.47,MW,FR,FR,actual_offshore_wind_generation,Wind Offshore,2026-09-12T21:35:14Z
2026-09-12T21:33:00Z,2026-09-12T23:33:00+0200,e073c37d-e2b9-4fd7-95a5-f5e10fe92511,2026-09-12T06:00:00Z,2026-09-12T08:00:00+0200,186.93,MW,FR,FR,actual_offshore_wind_generation,Wind Offshore,2026-09-12T21:35:14Z
2026-09-12T21:33:00Z,2026-09-12T23:33:00+0200,e073c37d-e2b9-4fd7-95a5-f5e10fe92511,2026-09-12T06:15:00Z,2026-09-12T08:15:00+0200,180.4,MW,FR,FR,actual_offshore_wind_generation,Wind Offshore,2026-09-12T21:35:14Z
2026-09-12T21:33:00Z,2026-09-12T23:33:00+0200,e073c37d-e2b9-4fd7-95a5-f5e10fe92511,2026-09-12T06:30:00Z,2026-09-12T08:30:00+0200,177.57,MW,FR,FR,actual_offshore_wind_generation,Wind Offshore,2026-09-12T21:35:14Z
2026-09-12T21:33:00Z,2026-09-12T23:33:00+0200,e073c37d-e2b9-4fd7-95a5-f5e10fe92511,2026-09-12T06:45:00Z,2026-09-12T08:45:00+0200,191.68,MW,FR,FR,actual_offshore_wind_generation,Wind Offshore,2026-09-12T21:35:14Z
2026-09-12T21:33:00Z,2026-09-12T23:33:00+0200,e073c37d-e2b9-4fd7-95a5-f5e10fe92511,2026-09-12T07:00:00Z,2026-09-12T09:00:00+0200,185.52,MW,FR,FR,actual_offshore_wind_generation,Wind Offshore,2026-09-12T21:35:14Z
2026-09-12T21:33:00Z,2026-09-12T23:33:00+0200,e073c37d-e2b9-4fd7-95a5-f5e10fe92511,2026-09-12T07:15:00Z,2026-09-12T09:15:00+0200,189.01,MW,FR,FR,actual_offshore_wind_generation,Wind Offshore,2026-09-12T21:35:14Z
2026-09-12T21:33:00Z,2026-09-12T23:33:00+0200,e073c37d-e2b9-4fd7-95a5-f5e10fe92511,2026-09-12T07:30:00Z,2026-09-12T09:30:00+0200,212.09,MW,FR,FR,actual_offshore_wind_generation,Wind Offshore,2026-09-12T21:35:14Z
2026-09-12T21:33:00Z,2026-09-12T23:33:00+0200,e073c37d-e2b9-4fd7-95a5-f5e10fe92511,2026-09-12T07:45:00Z,2026-09-12T09:45:00+0200,213.78,MW,FR,FR,actual_offshore_wind_generation,Wind Offshore,2026-09-12T21:35:14Z
2026-09-12T21:33:00Z,2026-09-12T23:33:00+0200,e073c37d-e2b9-4fd7-95a5-f5e10fe92511,2026-09-12T08:00:00Z,2026-09-12T10:00:00+0200,218.48,MW,FR,FR,actual_offshore_wind_generation,Wind Offshore,2026-09-12T21:35:14Z
2026-09-12T21:33:00Z,2026-09-12T23:33:00+0200,e073c37d-e2b9-4fd7-95a5-f5e10fe92511,2026-09-12T08:15:00Z,2026-09-12T10:15:00+0200,204.79,MW,FR,FR,actual_offshore_wind_generation,Wind Offshore,2026-09-12T21:35:14Z
2026-09-12T21:33:00Z,2026-09-12T23:33:00+0200,e073c37d-e2b9-4fd7-95a5-f5e10fe92511,2026-09-12T08:30:00Z,2026-09-12T10:30:00+0200,210.37,MW,FR,FR,actual_offshore_wind_generation,Wind Offshore,2026-09-12T21:35:14Z
2026-09-12T21:33:00Z,2026-09-12T23:33:00+0200,e073c37d-e2b9-4fd7-95a5-f5e10fe92511,2026-09-12T08:45:00Z,2026-09-12T10:45:00+0200,194.55,MW,FR,FR,actual_offshore_wind_generation,Wind Offshore,2026-09-12T21:35:14Z
2026-09-12T21:33:00Z,2026-09-12T23:33:00+0200,e073c37d-e2b9-4fd7-95a5-f5e10fe92511,2026-09-12T09:00:00Z,2026-09-12T11:00:00+0200,175.51,MW,FR,FR,actual_offshore_wind_generation,Wind Offshore,2026-09-12T21:35:14Z
2026-09-12T21:33:00Z,2026-09-12T23:33:00+0200,e073c37d-e2b9-4fd7-95a5-f5e10fe92511,2026-09-12T09:15:00Z,2026-09-12T11:15:00+0200,159.92,MW,FR,FR,actual_offshore_wind_generation,Wind Offshore,2026-09-12T21:35:14Z
2026-09-12T21:33:00Z,2026-09-12T23:33:00+0200,e073c37d-e2b9-4fd7-95a5-f5e10fe92511,2026-09-12T09:30:00Z,2026-09-12T11:30:00+0200,152.7,MW,FR,FR,actual_offshore_wind_generation,Wind Offshore,2026-09-12T21:35:14Z
2026-09-12T21:33:00Z,2026-09-12T23:33:00+0200,e073c37d-e2b9-4fd7-95a5-f5e10fe92511,2026-09-12T09:45:00Z,2026-09-12T11:45:00+0200,140.18,MW,FR,FR,actual_offshore_wind_generation,Wind Offshore,2026-09-12T21:35:14Z
2026-09-12T21:33:00Z,2026-09-12T23:33:00+0200,e073c37d-e2b9-4fd7-95a5-f5e10fe92511,2026-09-12T10:00:00Z,2026-09-12T12:00:00+0200,141.62,MW,FR,FR,actual_offshore_wind_generation,Wind Offshore,2026-09-12T21:35:14Z
2026-09-12T21:33:00Z,2026-09-12T23:33:00+0200,e073c37d-e2b9-4fd7-95a5-f5e10fe92511,2026-09-12T10:15:00Z,2026-09-12T12:15:00+0200,150.62,MW,FR,FR,actual_offshore_wind_generation,Wind Offshore,2026-09-12T21:35:14Z
2026-09-12T21:33:00Z,2026-09-12T23:33:00+0200,e073c37d-e2b9-4fd7-95a5-f5e10fe92511,2026-09-12T10:30:00Z,2026-09-12T12:30:00+0200,138.85,MW,FR,FR,actual_offshore_wind_generation,Wind Offshore,2026-09-12T21:35:14Z
2026-09-12T21:33:00Z,2026-09-12T23:33:00+0200,e073c37d-e2b9-4fd7-95a5-f5e10fe92511,2026-09-12T10:45:00Z,2026-09-12T12:45:00+0200,148.21,MW,FR,FR,actual_offshore_wind_generation,Wind Offshore,2026-09-12T21:35:14Z
2026-09-12T21:33:00Z,2026-09-12T23:33:00+0200,e073c37d-e2b9-4fd7-95a5-f5e10fe92511,2026-09-12T11:00:00Z,2026-09-12T13:00:00+0200,145.94,MW,FR,FR,actual_offshore_wind_generation,Wind Offshore,2026-09-12T21:35:14Z
2026-09-12T21:33:00Z,2026-09-12T23:33:00+0200,e073c37d-e2b9-4fd7-95a5-f5e10fe92511,2026-09-12T11:15:00Z,2026-09-12T13:15:00+0200,144.99,MW,FR,FR,actual_offshore_wind_generation,Wind Offshore,2026-09-12T21:35:14Z
2026-09-12T21:33:00Z,2026-09-12T23:33:00+0200,e073c37d-e2b9-4fd7-95a5-f5e10fe92511,2026-09-12T11:30:00Z,2026-09-12T13:30:00+0200,139.22,MW,FR,FR,actual_offshore_wind_generation,Wind Offshore,2026-09-12T21:35:14Z
2026-09-12T21:33:00Z,2026-09-12T23:33:00+0200,e073c37d-e2b9-4fd7-95a5-f5e10fe92511,2026-09-12T11:45:00Z,2026-09-12T13:45:00+0200,134.59,MW,FR,FR,actual_offshore_wind_generation,Wind Offshore,2026-09-12T21:35:14Z
2026-09-12T21:33:00Z,2026-09-12T23:33:00+0200,e073c37d-e2b9-4fd7-95a5-f5e10fe92511,2026-09-12T12:00:00Z,2026-09-12T14:00:00+0200,124.19,MW,FR,FR,actual_offshore_wind_generation,Wind Offshore,2026-09-12T21:35:14Z
2026-09-12T21:33:00Z,2026-09-12T23:33:00+0200,e073c37d-e2b9-4fd7-95a5-f5e10fe92511,2026-09-12T12:15:00Z,2026-09-12T14:15:00+0200,126.78,MW,FR,FR,actual_offshore_wind_generation,Wind Offshore,2026-09-12T21:35:14Z
2026-09-12T21:33:00Z,2026-09-12T23:33:00+0200,e073c37d-e2b9-4fd7-95a5-f5e10fe92511,2026-09-12T12:30:00Z,2026-09-12T14:30:00+0200,112.99,MW,FR,FR,actual_offshore_wind_generation,Wind Offshore,2026-09-12T21:35:14Z
2026-09-12T21:33:00Z,2026-09-12T23:33:00+0200,e073c37d-e2b9-4fd7-95a5-f5e10fe92511,2026-09-12T12:45:00Z,2026-09-12T14:45:00+0200,93.65,MW,FR,FR,actual_offshore_wind_generation,Wind Offshore,2026-09-12T21:35:14Z
2026-09-12T21:33:00Z,2026-09-12T23:33:00+0200,e073c37d-e2b9-4fd7-95a5-f5e10fe92511,2026-09-12T13:00:00Z,2026-09-12T15:00:00+0200,85.72,MW,FR,FR,actual_offshore_wind_generation,Wind Offshore,2026-09-12T21:35:14Z
2026-09-12T21:33:00Z,2026-09-12T23:33:00+0200,e073c37d-e2b9-4fd7-95a5-f5e10fe92511,2026-09-12T13:15:00Z,2026-09-12T15:15:00+0200,84.07,MW,FR,FR,actual_offshore_wind_generation,Wind Offshore,2026-09-12T21:35:14Z
2026-09-12T21:33:00Z,2026-09-12T23:33:00+0200,e073c37d-e2b9-4fd7-95a5-f5e10fe92511,2026-09-12T13:30:00Z,2026-09-12T15:30:00+0200,80.33,MW,FR,FR,actual_offshore_wind_generation,Wind Offshore,2026-09-12T21:35:14Z
2026-09-12T21:33:00Z,2026-09-12T23:33:00+0200,e073c37d-e2b9-4fd7-95a5-f5e10fe92511,2026-09-12T13:45:00Z,2026-09-12T15:45:00+0200,74.1,MW,FR,FR,actual_offshore_wind_generation,Wind Offshore,2026-09-12T21:35:14Z
2026-09-12T21:33:00Z,2026-09-12T23:33:00+0200,e073c37d-e2b9-4fd7-95a5-f5e10fe92511,2026-09-12T14:00:00Z,2026-09-12T16:00:00+0200,86.19,MW,FR,FR,actual_offshore_wind_generation,Wind Offshore,2026-09-12T21:35:14Z
2026-09-12T21:33:00Z,2026-09-12T23:33:00+0200,e073c37d-e2b9-4fd7-95a5-f5e10fe92511,2026-09-12T14:15:00Z,2026-09-12T16:15:00+0200,86.47,MW,FR,FR,actual_offshore_wind_generation,Wind Offshore,2026-09-12T21:35:14Z
2026-09-12T21:33:00Z,2026-09-12T23:33:00+0200,e073c37d-e2b9-4fd7-95a5-f5e10fe92511,2026-09-12T14:30:00Z,2026-09-12T16:30:00+0200,86.87,MW,FR,FR,actual_offshore_wind_generation,Wind Offshore,2026-09-12T21:35:14Z
2026-09-12T21:33:00Z,2026-09-12T23:33:00+0200,e073c37d-e2b9-4fd7-95a5-f5e10fe92511,2026-09-12T14:45:00Z,2026-09-12T16:45:00+0200,100.23,MW,FR,FR,actual_offshore_wind_generation,Wind Offshore,2026-09-12T21:35:14Z
2026-09-12T21:33:00Z,2026-09-12T23:33:00+0200,e073c37d-e2b9-4fd7-95a5-f5e10fe92511,2026-09-12T15:00:00Z,2026-09-12T17:00:00+0200,98.94,MW,FR,FR,actual_offshore_wind_generation,Wind Offshore,2026-09-12T21:35:14Z
2026-09-12T21:33:00Z,2026-09-12T23:33:00+0200,e073c37d-e2b9-4fd7-95a5-f5e10fe92511,2026-09-12T15:15:00Z,2026-09-12T17:15:00+0200,75.63,MW,FR,FR,actual_offshore_wind_generation,Wind Offshore,2026-09-12T21:35:14Z
2026-09-12T21:33:00Z,2026-09-12T23:33:00+0200,e073c37d-e2b9-4fd7-95a5-f5e10fe92511,2026-09-12T15:30:00Z,2026-09-12T17:30:00+0200,50.0,MW,FR,FR,actual_offshore_wind_generation,Wind Offshore,2026-09-12T21:35:14Z
2026-09-12T21:33:00Z,2026-09-12T23:33:00+0200,e073c37d-e2b9-4fd7-95a5-f5e10fe92511,2026-09-12T15:45:00Z,2026-09-12T17:45:00+0200,50.08,MW,FR,FR,actual_offshore_wind_generation,Wind Offshore,2026-09-12T21:35:14Z
2026-09-12T21:33:00Z,2026-09-12T23:33:00+0200,e073c37d-e2b9-4fd7-95a5-f5e10fe92511,2026-09-12T16:00:00Z,2026-09-12T18:00:00+0200,67.54,MW,FR,FR,actual_offshore_wind_generation,Wind Offshore,2026-09-12T21:35:14Z
2026-09-12T21:33:00Z,2026-09-12T23:33:00+0200,e073c37d-e2b9-4fd7-95a5-f5e10fe92511,2026-09-12T16:15:00Z,2026-09-12T18:15:00+0200,71.71,MW,FR,FR,actual_offshore_wind_generation,Wind Offshore,2026-09-12T21:35:14Z
2026-09-12T21:33:00Z,2026-09-12T23:33:00+0200,e073c37d-e2b9-4fd7-95a5-f5e10fe92511,2026-09-12T16:30:00Z,2026-09-12T18:30:00+0200,52.53,MW,FR,FR,actual_offshore_wind_generation,Wind Offshore,2026-09-12T21:35:14Z
2026-09-12T21:33:00Z,2026-09-12T23:33:00+0200,e073c37d-e2b9-4fd7-95a5-f5e10fe92511,2026-09-12T16:45:00Z,2026-09-12T18:45:00+0200,46.7,MW,FR,FR,actual_offshore_wind_generation,Wind Offshore,2026-09-12T21:35:14Z
2026-09-12T21:33:00Z,2026-09-12T23:33:00+0200,e073c37d-e2b9-4fd7-95a5-f5e10fe92511,2026-09-12T17:00:00Z,2026-09-12T19:00:00+0200,49.26,MW,FR,FR,actual_offshore_wind_generation,Wind Offshore,2026-09-12T21:35:14Z
2026-09-12T21:33:00Z,2026-09-12T23:33:00+0200,e073c37d-e2b9-4fd7-95a5-f5e10fe92511,2026-09-12T17:15:00Z,2026-09-12T19:15:00+0200,69.28,MW,FR,FR,actual_offshore_wind_generation,Wind Offshore,2026-09-12T21:35:14Z
2026-09-12T21:33:00Z,2026-09-12T23:33:00+0200,e073c37d-e2b9-4fd7-95a5-f5e10fe92511,2026-09-12T17:30:00Z,2026-09-12T19:30:00+0200,91.99,MW,FR,FR,actual_offshore_wind_generation,Wind Offshore,2026-09-12T21:35:14Z
2026-09-12T21:33:00Z,2026-09-12T23:33:00+0200,e073c37d-e2b9-4fd7-95a5-f5e10fe92511,2026-09-12T17:45:00Z,2026-09-12T19:45:00+0200,99.03,MW,FR,FR,actual_offshore_wind_generation,Wind Offshore,2026-09-12T21:35:14Z
2026-09-12T21:33:00Z,2026-09-12T23:33:00+0200,e073c37d-e2b9-4fd7-95a5-f5e10fe92511,2026-09-12T18:00:00Z,2026-09-12T20:00:00+0200,113.78,MW,FR,FR,actual_offshore_wind_generation,Wind Offshore,2026-09-12T21:35:14Z
2026-09-12T21:33:00Z,2026-09-12T23:33:00+0200,e073c37d-e2b9-4fd7-95a5-f5e10fe92511,2026-09-12T18:15:00Z,2026-09-12T20:15:00+0200,136.02,MW,FR,FR,actual_offshore_wind_generation,Wind Offshore,2026-09-12T21:35:14Z
2026-09-12T21:33:00Z,2026-09-12T23:33:00+0200,e073c37d-e2b9-4fd7-95a5-f5e10fe92511,2026-09-12T18:30:00Z,2026-09-12T20:30:00+0200,140.55,MW,FR,FR,actual_offshore_wind_generation,Wind Offshore,2026-09-12T21:35:14Z
2026-09-12T21:33:00Z,2026-09-12T23:33:00+0200,e073c37d-e2b9-4fd7-95a5-f5e10fe92511,2026-09-12T18:45:00Z,2026-09-12T20:45:00+0200,146.42,MW,FR,FR,actual_offshore_wind_generation,Wind Offshore,2026-09-12T21:35:14Z
2026-09-12T21:33:00Z,2026-09-12T23:33:00+0200,e073c37d-e2b9-4fd7-95a5-f5e10fe92511,2026-09-12T19:00:00Z,2026-09-12T21:00:00+0200,148.08,MW,FR,FR,actual_offshore_wind_generation,Wind Offshore,2026-09-12T21:35:14Z
2026-09-12T21:33:00Z,2026-09-12T23:33:00+0200,e073c37d-e2b9-4fd7-95a5-f5e10fe92511,2026-09-12T19:15:00Z,2026-09-12T21:15:00+0200,153.8,MW,FR,FR,actual_offshore_wind_generation,Wind Offshore,2026-09-12T21:35:14Z
2026-09-12T21:33:00Z,2026-09-12T23:33:00+0200,e073c37d-e2b9-4fd7-95a5-f5e10fe92511,2026-09-12T19:30:00Z,2026-09-12T21:30:00+0200,179.53,MW,FR,FR,actual_offshore_wind_generation,Wind Offshore,2026-09-12T21:35:14Z
2026-09-12T21:33:00Z,2026-09-12T23:33:00+0200,e073c37d-e2b9-4fd7-95a5-f5e10fe92511,2026-09-12T19:45:00Z,2026-09-12T21:45:00+0200,195.53,MW,FR,FR,actual_offshore_wind_generation,Wind Offshore,2026-09-12T21:35:14Z
2026-09-12T21:33:00Z,2026-09-12T23:33:00+0200,e073c37d-e2b9-4fd7-95a5-f5e10fe92511,2026-09-12T20:00:00Z,2026-09-12T22:00:00+0200,226.89,MW,FR,FR,actual_offshore_wind_generation,Wind Offshore,2026-09-12T21:35:14Z
2026-09-12T21:33:00Z,2026-09-12T23:33:00+0200,e073c37d-e2b9-4fd7-95a5-f5e10fe92511,2026-09-12T20:15:00Z,2026-09-12T22:15:00+0200,253.09,MW,FR,FR,actual_offshore_wind_generation,Wind Offshore,2026-09-12T21:35:14Z
2026-09-12T21:33:00Z,2026-09-12T23:33:00+0200,e073c37d-e2b9-4fd7-95a5-f5e10fe92511,2026-09-12T20:30:00Z,2026-09-12T22:30:00+0200,231.42,MW,FR,FR,actual_offshore_wind_generation,Wind Offshore,2026-09-12T21:35:14Z
2026-09-12T21:33:00Z,2026-09-12T23:33:00+0200,e073c37d-e2b9-4fd7-95a5-f5e10fe92511,2026-09-12T20:45:00Z,2026-09-12T22:45:00+0200,226.13,MW,FR,FR,actual_offshore_wind_generation,Wind Offshore,2026-09-12T21:35:14Z
