collection_time_utc,collection_time_local,run_id,timestamp_utc,timestamp_local,value,unit,country,entsoe_area,variable,source,updated_at_utc
2026-08-02T11:05:08Z,2026-08-02T13:05:08+0200,b3181029-81fc-491a-b750-6dc59ef155aa,2026-07-02T11:15:00Z,2026-07-02T13:15:00+0200,2.01,EUR/MWh,DK1,DK_1,day_ahead_price,value,2026-08-02T11:09:27Z
2026-08-02T11:05:08Z,2026-08-02T13:05:08+0200,b3181029-81fc-491a-b750-6dc59ef155aa,2026-07-02T11:30:00Z,2026-07-02T13:30:00+0200,1.89,EUR/MWh,DK1,DK_1,day_ahead_price,value,2026-08-02T11:09:27Z
2026-08-02T11:05:08Z,2026-08-02T13:05:08+0200,b3181029-81fc-491a-b750-6dc59ef155aa,2026-07-02T11:45:00Z,2026-07-02T13:45:00+0200,2.0,EUR/MWh,DK1,DK_1,day_ahead_price,value,2026-08-02T11:09:27Z
2026-08-02T11:05:08Z,2026-08-02T13:05:08+0200,b3181029-81fc-491a-b750-6dc59ef155aa,2026-07-02T12:00:00Z,2026-07-02T14:00:00+0200,1.0,EUR/MWh,DK1,DK_1,day_ahead_price,value,2026-08-02T11:09:27Z
2026-08-02T11:05:08Z,2026-08-02T13:05:08+0200,b3181029-81fc-491a-b750-6dc59ef155aa,2026-07-02T12:15:00Z,2026-07-02T14:15:00+0200,1.04,EUR/MWh,DK1,DK_1,day_ahead_price,value,2026-08-02T11:09:27Z
2026-08-02T11:05:08Z,2026-08-02T13:05:08+0200,b3181029-81fc-491a-b750-6dc59ef155aa,2026-07-02T12:30:00Z,2026-07-02T14:30:00+0200,0.59,EUR/MWh,DK1,DK_1,day_ahead_price,value,2026-08-02T11:09:27Z
2026-08-02T11:05:08Z,2026-08-02T13:05:08+0200,b3181029-81fc-491a-b750-6dc59ef155aa,2026-07-02T12:45:00Z,2026-07-02T14:45:00+0200,-0.03,EUR/MWh,DK1,DK_1,day_ahead_price,value,2026-08-02T11:09:27Z
2026-08-02T11:05:08Z,2026-08-02T13:05:08+0200,b3181029-81fc-491a-b750-6dc59ef155aa,2026-07-02T13:00:00Z,2026-07-02T15:00:00+0200,-0.08,EUR/MWh,DK1,DK_1,day_ahead_price,value,2026-08-02T11:09:27Z
2026-08-02T11:05:08Z,2026-08-02T13:05:08+0200,b3181029-81fc-491a-b750-6dc59ef155aa,2026-07-02T13:15:00Z,2026-07-02T15:15:00+0200,-0.1,EUR/MWh,DK1,DK_1,day_ahead_price,value,2026-08-02T11:09:27Z
2026-08-02T11:05:08Z,2026-08-02T13:05:08+0200,b3181029-81fc-491a-b750-6dc59ef155aa,2026-07-02T13:30:00Z,2026-07-02T15:30:00+0200,-0.1,EUR/MWh,DK1,DK_1,day_ahead_price,value,2026-08-02T11:09:27Z
2026-08-02T11:05:08Z,2026-08-02T13:05:08+0200,b3181029-81fc-491a-b750-6dc59ef155aa,2026-07-02T13:45:00Z,2026-07-02T15:45:00+0200,-0.14,EUR/MWh,DK1,DK_1,day_ahead_price,value,2026-08-02T11:09:27Z
2026-08-02T11:05:08Z,2026-08-02T13:05:08+0200,b3181029-81fc-491a-b750-6dc59ef155aa,2026-07-02T14:00:00Z,2026-07-02T16:00:00+0200,-0.09,EUR/MWh,DK1,DK_1,day_ahead_price,value,2026-08-02T11:09:27Z
2026-08-02T11:05:08Z,2026-08-02T13:05:08+0200,b3181029-81fc-491a-b750-6dc59ef155aa,2026-07-02T14:15:00Z,2026-07-02T16:15:00+0200,-0.02,EUR/MWh,DK1,DK_1,day_ahead_price,value,2026-08-02T11:09:27Z
2026-08-02T11:05:08Z,2026-08-02T13:05:08+0200,b3181029-81fc-491a-b750-6dc59ef155aa,2026-07-02T14:30:00Z,2026-07-02T16:30:00+0200,0.1,EUR/MWh,DK1,DK_1,day_ahead_price,value,2026-08-02T11:09:27Z
2026-08-02T11:05:08Z,2026-08-02T13:05:08+0200,b3181029-81fc-491a-b750-6dc59ef155aa,2026-07-02T14:45:00Z,2026-07-02T16:45:00+0200,0.0,EUR/MWh,DK1,DK_1,day_ahead_price,value,2026-08-02T11:09:27Z
2026-08-02T11:05:08Z,2026-08-02T13:05:08+0200,b3181029-81fc-491a-b750-6dc59ef155aa,2026-07-02T15:00:00Z,2026-07-02T17:00:00+0200,0.0,EUR/MWh,DK1,DK_1,day_ahead_price,value,2026-08-02T11:09:27Z
2026-08-02T11:05:08Z,2026-08-02T13:05:08+0200,b3181029-81fc-491a-b750-6dc59ef155aa,2026-07-02T15:15:00Z,2026-07-02T17:15:00+0200,-0.04,EUR/MWh,DK1,DK_1,day_ahead_price,value,2026-08-02T11:09:27Z
2026-08-02T11:05:08Z,2026-08-02T13:05:08+0200,b3181029-81fc-491a-b750-6dc59ef155aa,2026-07-02T15:30:00Z,2026-07-02T17:30:00+0200,-0.01,EUR/MWh,DK1,DK_1,day_ahead_price,value,2026-08-02T11:09:27Z
2026-08-02T11:05:08Z,2026-08-02T13:05:08+0200,b3181029-81fc-491a-b750-6dc59ef155aa,2026-07-02T15:45:00Z,2026-07-02T17:45:00+0200,-0.01,EUR/MWh,DK1,DK_1,day_ahead_price,value,2026-08-02T11:09:27Z
2026-08-02T11:05:08Z,2026-08-02T13:05:08+0200,b3181029-81fc-491a-b750-6dc59ef155aa,2026-07-02T16:00:00Z,2026-07-02T18:00:00+0200,1.33,EUR/MWh,DK1,DK_1,day_ahead_price,value,2026-08-02T11:09:27Z
2026-08-02T11:05:08Z,2026-08-02T13:05:08+0200,b3181029-81fc-491a-b750-6dc59ef155aa,2026-07-02T16:15:00Z,2026-07-02T18:15:00+0200,10.36,EUR/MWh,DK1,DK_1,day_ahead_price,value,2026-08-02T11:09:27Z
2026-08-02T11:05:08Z,2026-08-02T13:05:08+0200,b3181029-81fc-491a-b750-6dc59ef155aa,2026-07-02T16:30:00Z,2026-07-02T18:30:00+0200,49.380001,EUR/MWh,DK1,DK_1,day_ahead_price,value,2026-08-02T11:09:27Z
2026-08-02T11:05:08Z,2026-08-02T13:05:08+0200,b3181029-81fc-491a-b750-6dc59ef155aa,2026-07-02T16:45:00Z,2026-07-02T18:45:00+0200,70.169998,EUR/MWh,DK1,DK_1,day_ahead_price,value,2026-08-02T11:09:27Z
2026-08-02T11:05:08Z,2026-08-02T13:05:08+0200,b3181029-81fc-491a-b750-6dc59ef155aa,2026-07-02T17:00:00Z,2026-07-02T19:00:00+0200,38.02,EUR/MWh,DK1,DK_1,day_ahead_price,value,2026-08-02T11:09:27Z
2026-08-02T11:05:08Z,2026-08-02T13:05:08+0200,b3181029-81fc-491a-b750-6dc59ef155aa,2026-07-02T17:15:00Z,2026-07-02T19:15:00+0200,51.1,EUR/MWh,DK1,DK_1,day_ahead_price,value,2026-08-02T11:09:27Z
2026-08-02T11:05:08Z,2026-08-02T13:05:08+0200,b3181029-81fc-491a-b750-6dc59ef155aa,2026-07-02T17:30:00Z,2026-07-02T19:30:00+0200,56.85,EUR/MWh,DK1,DK_1,day_ahead_price,value,2026-08-02T11:09:27Z
2026-08-02T11:05:08Z,2026-08-02T13:05:08+0200,b3181029-81fc-491a-b750-6dc59ef155aa,2026-07-02T17:45:00Z,2026-07-02T19:45:00+0200,57.310001,EUR/MWh,DK1,DK_1,day_ahead_price,value,2026-08-02T11:09:27Z
2026-08-02T11:05:08Z,2026-08-02T13:05:08+0200,b3181029-81fc-491a-b750-6dc59ef155aa,2026-07-02T18:00:00Z,2026-07-02T20:00:00+0200,72.879997,EUR/MWh,DK1,DK_1,day_ahead_price,value,2026-08-02T11:09:27Z
2026-08-02T11:05:08Z,2026-08-02T13:05:08+0200,b3181029-81fc-491a-b750-6dc59ef155aa,2026-07-02T18:15:00Z,2026-07-02T20:15:00+0200,55.01,EUR/MWh,DK1,DK_1,day_ahead_price,value,2026-08-02T11:09:27Z
2026-08-02T11:05:08Z,2026-08-02T13:05:08+0200,b3181029-81fc-491a-b750-6dc59ef155aa,2026-07-02T18:30:00Z,2026-07-02T20:30:00+0200,38.53,EUR/MWh,DK1,DK_1,day_ahead_price,value,2026-08-02T11:09:27Z
2026-08-02T11:05:08Z,2026-08-02T13:05:08+0200,b3181029-81fc-491a-b750-6dc59ef155aa,2026-07-02T18:45:00Z,2026-07-02T20:45:00+0200,20.07,EUR/MWh,DK1,DK_1,day_ahead_price,value,2026-08-02T11:09:27Z
2026-08-02T11:05:08Z,2026-08-02T13:05:08+0200,b3181029-81fc-491a-b750-6dc59ef155aa,2026-07-02T19:00:00Z,2026-07-02T21:00:00+0200,70.010002,EUR/MWh,DK1,DK_1,day_ahead_price,value,2026-08-02T11:09:27Z
2026-08-02T11:05:08Z,2026-08-02T13:05:08+0200,b3181029-81fc-491a-b750-6dc59ef155aa,2026-07-02T19:15:00Z,2026-07-02T21:15:00+0200,59.09,EUR/MWh,DK1,DK_1,day_ahead_price,value,2026-08-02T11:09:27Z
2026-08-02T11:05:08Z,2026-08-02T13:05:08+0200,b3181029-81fc-491a-b750-6dc59ef155aa,2026-07-02T19:30:00Z,2026-07-02T21:30:00+0200,44.97,EUR/MWh,DK1,DK_1,day_ahead_price,value,2026-08-02T11:09:27Z
2026-08-02T11:05:08Z,2026-08-02T13:05:08+0200,b3181029-81fc-491a-b750-6dc59ef155aa,2026-07-02T19:45:00Z,2026-07-02T21:45:00+0200,32.790001,EUR/MWh,DK1,DK_1,day_ahead_price,value,2026-08-02T11:09:27Z
2026-08-02T11:05:08Z,2026-08-02T13:05:08+0200,b3181029-81fc-491a-b750-6dc59ef155aa,2026-07-02T20:00:00Z,2026-07-02T22:00:00+0200,44.98,EUR/MWh,DK1,DK_1,day_ahead_price,value,2026-08-02T11:09:27Z
2026-08-02T11:05:08Z,2026-08-02T13:05:08+0200,b3181029-81fc-491a-b750-6dc59ef155aa,2026-07-02T20:15:00Z,2026-07-02T22:15:00+0200,40.93,EUR/MWh,DK1,DK_1,day_ahead_price,value,2026-08-02T11:09:27Z
2026-08-02T11:05:08Z,2026-08-02T13:05:08+0200,b3181029-81fc-491a-b750-6dc59ef155aa,2026-07-02T20:30:00Z,2026-07-02T22:30:00+0200,31.29,EUR/MWh,DK1,DK_1,day_ahead_price,value,2026-08-02T11:09:27Z
2026-08-02T11:05:08Z,2026-08-02T13:05:08+0200,b3181029-81fc-491a-b750-6dc59ef155aa,2026-07-02T20:45:00Z,2026-07-02T22:45:00+0200,27.02,EUR/MWh,DK1,DK_1,day_ahead_price,value,2026-08-02T11:09:27Z
2026-08-02T11:05:08Z,2026-08-02T13:05:08+0200,b3181029-81fc-491a-b750-6dc59ef155aa,2026-07-02T21:00:00Z,2026-07-02T23:00:00+0200,32.43,EUR/MWh,DK1,DK_1,day_ahead_price,value,2026-08-02T11:09:27Z
2026-08-02T11:05:08Z,2026-08-02T13:05:08+0200,b3181029-81fc-491a-b750-6dc59ef155aa,2026-07-02T21:15:00Z,2026-07-02T23:15:00+0200,40.5,EUR/MWh,DK1,DK_1,day_ahead_price,value,2026-08-02T11:09:27Z
2026-08-02T11:05:08Z,2026-08-02T13:05:08+0200,b3181029-81fc-491a-b750-6dc59ef155aa,2026-07-02T21:30:00Z,2026-07-02T23:30:00+0200,16.73,EUR/MWh,DK1,DK_1,day_ahead_price,value,2026-08-02T11:09:27Z
2026-08-02T11:05:08Z,2026-08-02T13:05:08+0200,b3181029-81fc-491a-b750-6dc59ef155aa,2026-07-02T21:45:00Z,2026-07-02T23:45:00+0200,10.0,EUR/MWh,DK1,DK_1,day_ahead_price,value,2026-08-02T11:09:27Z
2026-08-02T11:05:08Z,2026-08-02T13:05:08+0200,b3181029-81fc-491a-b750-6dc59ef155aa,2026-07-02T22:00:00Z,2026-07-03T00:00:00+0200,59.99,EUR/MWh,DK1,DK_1,day_ahead_price,value,2026-08-02T11:09:27Z
2026-08-02T11:05:08Z,2026-08-02T13:05:08+0200,b3181029-81fc-491a-b750-6dc59ef155aa,2026-07-02T22:15:00Z,2026-07-03T00:15:00+0200,83.02,EUR/MWh,DK1,DK_1,day_ahead_price,value,2026-08-02T11:09:27Z
2026-08-02T11:05:08Z,2026-08-02T13:05:08+0200,b3181029-81fc-491a-b750-6dc59ef155aa,2026-07-02T22:30:00Z,2026-07-03T00:30:00+0200,82.95,EUR/MWh,DK1,DK_1,day_ahead_price,value,2026-08-02T11:09:27Z
2026-08-02T11:05:08Z,2026-08-02T13:05:08+0200,b3181029-81fc-491a-b750-6dc59ef155aa,2026-07-02T22:45:00Z,2026-07-03T00:45:00+0200,73.71,EUR/MWh,DK1,DK_1,day_ahead_price,value,2026-08-02T11:09:27Z
2026-08-02T11:05:08Z,2026-08-02T13:05:08+0200,b3181029-81fc-491a-b750-6dc59ef155aa,2026-07-02T23:00:00Z,2026-07-03T01:00:00+0200,77.4,EUR/MWh,DK1,DK_1,day_ahead_price,value,2026-08-02T11:09:27Z
2026-08-02T11:05:08Z,2026-08-02T13:05:08+0200,b3181029-81fc-491a-b750-6dc59ef155aa,2026-07-02T23:15:00Z,2026-07-03T01:15:00+0200,64.96,EUR/MWh,DK1,DK_1,day_ahead_price,value,2026-08-02T11:09:27Z
2026-08-02T11:05:08Z,2026-08-02T13:05:08+0200,b3181029-81fc-491a-b750-6dc59ef155aa,2026-07-02T23:30:00Z,2026-07-03T01:30:00+0200,58.96,EUR/MWh,DK1,DK_1,day_ahead_price,value,2026-08-02T11:09:27Z
2026-08-02T11:05:08Z,2026-08-02T13:05:08+0200,b3181029-81fc-491a-b750-6dc59ef155aa,2026-07-02T23:45:00Z,2026-07-03T01:45:00+0200,52.51,EUR/MWh,DK1,DK_1,day_ahead_price,value,2026-08-02T11:09:27Z
2026-08-02T11:05:08Z,2026-08-02T13:05:08+0200,b3181029-81fc-491a-b750-6dc59ef155aa,2026-07-03T00:00:00Z,2026-07-03T02:00:00+0200,67.1,EUR/MWh,DK1,DK_1,day_ahead_price,value,2026-08-02T11:09:27Z
2026-08-02T11:05:08Z,2026-08-02T13:05:08+0200,b3181029-81fc-491a-b750-6dc59ef155aa,2026-07-03T00:15:00Z,2026-07-03T02:15:00+0200,55.63,EUR/MWh,DK1,DK_1,day_ahead_price,value,2026-08-02T11:09:27Z
2026-08-02T11:05:08Z,2026-08-02T13:05:08+0200,b3181029-81fc-491a-b750-6dc59ef155aa,2026-07-03T00:30:00Z,2026-07-03T02:30:00+0200,52.41,EUR/MWh,DK1,DK_1,day_ahead_price,value,2026-08-02T11:09:27Z
2026-08-02T11:05:08Z,2026-08-02T13:05:08+0200,b3181029-81fc-491a-b750-6dc59ef155aa,2026-07-03T00:45:00Z,2026-07-03T02:45:00+0200,44.91,EUR/MWh,DK1,DK_1,day_ahead_price,value,2026-08-02T11:09:27Z
2026-08-02T11:05:08Z,2026-08-02T13:05:08+0200,b3181029-81fc-491a-b750-6dc59ef155aa,2026-07-03T01:00:00Z,2026-07-03T03:00:00+0200,49.59,EUR/MWh,DK1,DK_1,day_ahead_price,value,2026-08-02T11:09:27Z
2026-08-02T11:05:08Z,2026-08-02T13:05:08+0200,b3181029-81fc-491a-b750-6dc59ef155aa,2026-07-03T01:15:00Z,2026-07-03T03:15:00+0200,42.81,EUR/MWh,DK1,DK_1,day_ahead_price,value,2026-08-02T11:09:27Z
2026-08-02T11:05:08Z,2026-08-02T13:05:08+0200,b3181029-81fc-491a-b750-6dc59ef155aa,2026-07-03T01:30:00Z,2026-07-03T03:30:00+0200,40.6,EUR/MWh,DK1,DK_1,day_ahead_price,value,2026-08-02T11:09:27Z
2026-08-02T11:05:08Z,2026-08-02T13:05:08+0200,b3181029-81fc-491a-b750-6dc59ef155aa,2026-07-03T01:45:00Z,2026-07-03T03:45:00+0200,39.08,EUR/MWh,DK1,DK_1,day_ahead_price,value,2026-08-02T11:09:27Z
2026-08-02T11:05:08Z,2026-08-02T13:05:08+0200,b3181029-81fc-491a-b750-6dc59ef155aa,2026-07-03T02:00:00Z,2026-07-03T04:00:00+0200,41.56,EUR/MWh,DK1,DK_1,day_ahead_price,value,2026-08-02T11:09:27Z
2026-08-02T11:05:08Z,2026-08-02T13:05:08+0200,b3181029-81fc-491a-b750-6dc59ef155aa,2026-07-03T02:15:00Z,2026-07-03T04:15:00+0200,41.78,EUR/MWh,DK1,DK_1,day_ahead_price,value,2026-08-02T11:09:27Z
2026-08-02T11:05:08Z,2026-08-02T13:05:08+0200,b3181029-81fc-491a-b750-6dc59ef155aa,2026-07-03T02:30:00Z,2026-07-03T04:30:00+0200,39.3,EUR/MWh,DK1,DK_1,day_ahead_price,value,2026-08-02T11:09:27Z
2026-08-02T11:05:08Z,2026-08-02T13:05:08+0200,b3181029-81fc-491a-b750-6dc59ef155aa,2026-07-03T02:45:00Z,2026-07-03T04:45:00+0200,38.89,EUR/MWh,DK1,DK_1,day_ahead_price,value,2026-08-02T11:09:27Z
2026-08-02T11:05:08Z,2026-08-02T13:05:08+0200,b3181029-81fc-491a-b750-6dc59ef155aa,2026-07-03T03:00:00Z,2026-07-03T05:00:00+0200,42.4,EUR/MWh,DK1,DK_1,day_ahead_price,value,2026-08-02T11:09:27Z
2026-08-02T11:05:08Z,2026-08-02T13:05:08+0200,b3181029-81fc-491a-b750-6dc59ef155aa,2026-07-03T03:15:00Z,2026-07-03T05:15:00+0200,43.03,EUR/MWh,DK1,DK_1,day_ahead_price,value,2026-08-02T11:09:27Z
2026-08-02T11:05:08Z,2026-08-02T13:05:08+0200,b3181029-81fc-491a-b750-6dc59ef155aa,2026-07-03T03:30:00Z,2026-07-03T05:30:00+0200,44.9,EUR/MWh,DK1,DK_1,day_ahead_price,value,2026-08-02T11:09:27Z
2026-08-02T11:05:08Z,2026-08-02T13:05:08+0200,b3181029-81fc-491a-b750-6dc59ef155aa,2026-07-03T03:45:00Z,2026-07-03T05:45:00+0200,39.95,EUR/MWh,DK1,DK_1,day_ahead_price,value,2026-08-02T11:09:27Z
2026-08-02T11:05:08Z,2026-08-02T13:05:08+0200,b3181029-81fc-491a-b750-6dc59ef155aa,2026-07-03T04:00:00Z,2026-07-03T06:00:00+0200,55.21,EUR/MWh,DK1,DK_1,day_ahead_price,value,2026-08-02T11:09:27Z
2026-08-02T11:05:08Z,2026-08-02T13:05:08+0200,b3181029-81fc-491a-b750-6dc59ef155aa,2026-07-03T04:15:00Z,2026-07-03T06:15:00+0200,53.19,EUR/MWh,DK1,DK_1,day_ahead_price,value,2026-08-02T11:09:27Z
2026-08-02T11:05:08Z,2026-08-02T13:05:08+0200,b3181029-81fc-491a-b750-6dc59ef155aa,2026-07-03T04:30:00Z,2026-07-03T06:30:00+0200,68.81,EUR/MWh,DK1,DK_1,day_ahead_price,value,2026-08-02T11:09:27Z
2026-08-02T11:05:08Z,2026-08-02T13:05:08+0200,b3181029-81fc-491a-b750-6dc59ef155aa,2026-07-03T04:45:00Z,2026-07-03T06:45:00+0200,58.53,EUR/MWh,DK1,DK_1,day_ahead_price,value,2026-08-02T11:09:27Z
2026-08-02T11:05:08Z,2026-08-02T13:05:08+0200,b3181029-81fc-491a-b750-6dc59ef155aa,2026-07-03T05:00:00Z,2026-07-03T07:00:00+0200,40.86,EUR/MWh,DK1,DK_1,day_ahead_price,value,2026-08-02T11:09:27Z
2026-08-02T11:05:08Z,2026-08-02T13:05:08+0200,b3181029-81fc-491a-b750-6dc59ef155aa,2026-07-03T05:15:00Z,2026-07-03T07:15:00+0200,44.95,EUR/MWh,DK1,DK_1,day_ahead_price,value,2026-08-02T11:09:27Z
2026-08-02T11:05:08Z,2026-08-02T13:05:08+0200,b3181029-81fc-491a-b750-6dc59ef155aa,2026-07-03T05:30:00Z,2026-07-03T07:30:00+0200,32.0,EUR/MWh,DK1,DK_1,day_ahead_price,value,2026-08-02T11:09:27Z
2026-08-02T11:05:08Z,2026-08-02T13:05:08+0200,b3181029-81fc-491a-b750-6dc59ef155aa,2026-07-03T05:45:00Z,2026-07-03T07:45:00+0200,36.01,EUR/MWh,DK1,DK_1,day_ahead_price,value,2026-08-02T11:09:27Z
2026-08-02T11:05:08Z,2026-08-02T13:05:08+0200,b3181029-81fc-491a-b750-6dc59ef155aa,2026-07-03T06:00:00Z,2026-07-03T08:00:00+0200,63.46,EUR/MWh,DK1,DK_1,day_ahead_price,value,2026-08-02T11:09:27Z
2026-08-02T11:05:08Z,2026-08-02T13:05:08+0200,b3181029-81fc-491a-b750-6dc59ef155aa,2026-07-03T06:15:00Z,2026-07-03T08:15:00+0200,51.3,EUR/MWh,DK1,DK_1,day_ahead_price,value,2026-08-02T11:09:27Z
2026-08-02T11:05:08Z,2026-08-02T13:05:08+0200,b3181029-81fc-491a-b750-6dc59ef155aa,2026-07-03T06:30:00Z,2026-07-03T08:30:00+0200,55.79,EUR/MWh,DK1,DK_1,day_ahead_price,value,2026-08-02T11:09:27Z
2026-08-02T11:05:08Z,2026-08-02T13:05:08+0200,b3181029-81fc-491a-b750-6dc59ef155aa,2026-07-03T06:45:00Z,2026-07-03T08:45:00+0200,16.43,EUR/MWh,DK1,DK_1,day_ahead_price,value,2026-08-02T11:09:27Z
2026-08-02T11:05:08Z,2026-08-02T13:05:08+0200,b3181029-81fc-491a-b750-6dc59ef155aa,2026-07-03T07:00:00Z,2026-07-03T09:00:00+0200,31.79,EUR/MWh,DK1,DK_1,day_ahead_price,value,2026-08-02T11:09:27Z
2026-08-02T11:05:08Z,2026-08-02T13:05:08+0200,b3181029-81fc-491a-b750-6dc59ef155aa,2026-07-03T07:15:00Z,2026-07-03T09:15:00+0200,4.36,EUR/MWh,DK1,DK_1,day_ahead_price,value,2026-08-02T11:09:27Z
2026-08-02T11:05:08Z,2026-08-02T13:05:08+0200,b3181029-81fc-491a-b750-6dc59ef155aa,2026-07-03T07:30:00Z,2026-07-03T09:30:00+0200,-0.01,EUR/MWh,DK1,DK_1,day_ahead_price,value,2026-08-02T11:09:27Z
2026-08-02T11:05:08Z,2026-08-02T13:05:08+0200,b3181029-81fc-491a-b750-6dc59ef155aa,2026-07-03T07:45:00Z,2026-07-03T09:45:00+0200,-0.01,EUR/MWh,DK1,DK_1,day_ahead_price,value,2026-08-02T11:09:27Z
2026-08-02T11:05:08Z,2026-08-02T13:05:08+0200,b3181029-81fc-491a-b750-6dc59ef155aa,2026-07-03T08:00:00Z,2026-07-03T10:00:00+0200,0.1,EUR/MWh,DK1,DK_1,day_ahead_price,value,2026-08-02T11:09:27Z
2026-08-02T11:05:08Z,2026-08-02T13:05:08+0200,b3181029-81fc-491a-b750-6dc59ef155aa,2026-07-03T08:15:00Z,2026-07-03T10:15:00+0200,0.1,EUR/MWh,DK1,DK_1,day_ahead_price,value,2026-08-02T11:09:27Z
2026-08-02T11:05:08Z,2026-08-02T13:05:08+0200,b3181029-81fc-491a-b750-6dc59ef155aa,2026-07-03T08:30:00Z,2026-07-03T10:30:00+0200,0.0,EUR/MWh,DK1,DK_1,day_ahead_price,value,2026-08-02T11:09:27Z
2026-08-02T11:05:08Z,2026-08-02T13:05:08+0200,b3181029-81fc-491a-b750-6dc59ef155aa,2026-07-03T08:45:00Z,2026-07-03T10:45:00+0200,-0.01,EUR/MWh,DK1,DK_1,day_ahead_price,value,2026-08-02T11:09:27Z
2026-08-02T11:05:08Z,2026-08-02T13:05:08+0200,b3181029-81fc-491a-b750-6dc59ef155aa,2026-07-03T09:00:00Z,2026-07-03T11:00:00+0200,-0.02,EUR/MWh,DK1,DK_1,day_ahead_price,value,2026-08-02T11:09:27Z
2026-08-02T11:05:08Z,2026-08-02T13:05:08+0200,b3181029-81fc-491a-b750-6dc59ef155aa,2026-07-03T09:15:00Z,2026-07-03T11:15:00+0200,-0.04,EUR/MWh,DK1,DK_1,day_ahead_price,value,2026-08-02T11:09:27Z
2026-08-02T11:05:08Z,2026-08-02T13:05:08+0200,b3181029-81fc-491a-b750-6dc59ef155aa,2026-07-03T09:30:00Z,2026-07-03T11:30:00+0200,-0.04,EUR/MWh,DK1,DK_1,day_ahead_price,value,2026-08-02T11:09:27Z
2026-08-02T11:05:08Z,2026-08-02T13:05:08+0200,b3181029-81fc-491a-b750-6dc59ef155aa,2026-07-03T09:45:00Z,2026-07-03T11:45:00+0200,-0.05,EUR/MWh,DK1,DK_1,day_ahead_price,value,2026-08-02T11:09:27Z
2026-08-02T11:05:08Z,2026-08-02T13:05:08+0200,b3181029-81fc-491a-b750-6dc59ef155aa,2026-07-03T10:00:00Z,2026-07-03T12:00:00+0200,-0.09,EUR/MWh,DK1,DK_1,day_ahead_price,value,2026-08-02T11:09:27Z
2026-08-02T11:05:08Z,2026-08-02T13:05:08+0200,b3181029-81fc-491a-b750-6dc59ef155aa,2026-07-03T10:15:00Z,2026-07-03T12:15:00+0200,-0.1,EUR/MWh,DK1,DK_1,day_ahead_price,value,2026-08-02T11:09:27Z
2026-08-02T11:05:08Z,2026-08-02T13:05:08+0200,b3181029-81fc-491a-b750-6dc59ef155aa,2026-07-03T10:30:00Z,2026-07-03T12:30:00+0200,-0.1,EUR/MWh,DK1,DK_1,day_ahead_price,value,2026-08-02T11:09:27Z
2026-08-02T11:05:08Z,2026-08-02T13:05:08+0200,b3181029-81fc-491a-b750-6dc59ef155aa,2026-07-03T10:45:00Z,2026-07-03T12:45:00+0200,-0.13,EUR/MWh,DK1,DK_1,day_ahead_price,value,2026-08-02T11:09:27Z
2026-08-02T11:05:08Z,2026-08-02T13:05:08+0200,b3181029-81fc-491a-b750-6dc59ef155aa,2026-07-03T11:00:00Z,2026-07-03T13:00:00+0200,-0.08,EUR/MWh,DK1,DK_1,day_ahead_price,value,2026-08-02T11:09:27Z
2026-08-02T11:05:08Z,2026-08-02T13:05:08+0200,b3181029-81fc-491a-b750-6dc59ef155aa,2026-07-03T11:15:00Z,2026-07-03T13:15:00+0200,-0.09,EUR/MWh,DK1,DK_1,day_ahead_price,value,2026-08-02T11:09:27Z
2026-08-02T11:05:08Z,2026-08-02T13:05:08+0200,b3181029-81fc-491a-b750-6dc59ef155aa,2026-07-03T11:30:00Z,2026-07-03T13:30:00+0200,-0.09,EUR/MWh,DK1,DK_1,day_ahead_price,value,2026-08-02T11:09:27Z
2026-08-02T11:05:08Z,2026-08-02T13:05:08+0200,b3181029-81fc-491a-b750-6dc59ef155aa,2026-07-03T11:45:00Z,2026-07-03T13:45:00+0200,-0.09,EUR/MWh,DK1,DK_1,day_ahead_price,value,2026-08-02T11:09:27Z
2026-08-02T11:05:08Z,2026-08-02T13:05:08+0200,b3181029-81fc-491a-b750-6dc59ef155aa,2026-07-03T12:00:00Z,2026-07-03T14:00:00+0200,-0.09,EUR/MWh,DK1,DK_1,day_ahead_price,value,2026-08-02T11:09:27Z
2026-08-02T11:05:08Z,2026-08-02T13:05:08+0200,b3181029-81fc-491a-b750-6dc59ef155aa,2026-07-03T12:15:00Z,2026-07-03T14:15:00+0200,-0.09,EUR/MWh,DK1,DK_1,day_ahead_price,value,2026-08-02T11:09:27Z
2026-08-02T11:05:08Z,2026-08-02T13:05:08+0200,b3181029-81fc-491a-b750-6dc59ef155aa,2026-07-03T12:30:00Z,2026-07-03T14:30:00+0200,-0.09,EUR/MWh,DK1,DK_1,day_ahead_price,value,2026-08-02T11:09:27Z
2026-08-02T11:05:08Z,2026-08-02T13:05:08+0200,b3181029-81fc-491a-b750-6dc59ef155aa,2026-07-03T12:45:00Z,2026-07-03T14:45:00+0200,-0.09,EUR/MWh,DK1,DK_1,day_ahead_price,value,2026-08-02T11:09:27Z
2026-08-02T11:05:08Z,2026-08-02T13:05:08+0200,b3181029-81fc-491a-b750-6dc59ef155aa,2026-07-03T13:00:00Z,2026-07-03T15:00:00+0200,-0.1,EUR/MWh,DK1,DK_1,day_ahead_price,value,2026-08-02T11:09:27Z
2026-08-02T11:05:08Z,2026-08-02T13:05:08+0200,b3181029-81fc-491a-b750-6dc59ef155aa,2026-07-03T13:15:00Z,2026-07-03T15:15:00+0200,-0.1,EUR/MWh,DK1,DK_1,day_ahead_price,value,2026-08-02T11:09:27Z
2026-08-02T11:05:08Z,2026-08-02T13:05:08+0200,b3181029-81fc-491a-b750-6dc59ef155aa,2026-07-03T13:30:00Z,2026-07-03T15:30:00+0200,-0.1,EUR/MWh,DK1,DK_1,day_ahead_price,value,2026-08-02T11:09:27Z
2026-08-02T11:05:08Z,2026-08-02T13:05:08+0200,b3181029-81fc-491a-b750-6dc59ef155aa,2026-07-03T13:45:00Z,2026-07-03T15:45:00+0200,-0.09,EUR/MWh,DK1,DK_1,day_ahead_price,value,2026-08-02T11:09:27Z
2026-08-02T11:05:08Z,2026-08-02T13:05:08+0200,b3181029-81fc-491a-b750-6dc59ef155aa,2026-07-03T14:00:00Z,2026-07-03T16:00:00+0200,-0.1,EUR/MWh,DK1,DK_1,day_ahead_price,value,2026-08-02T11:09:27Z
2026-08-02T11:05:08Z,2026-08-02T13:05:08+0200,b3181029-81fc-491a-b750-6dc59ef155aa,2026-07-03T14:15:00Z,2026-07-03T16:15:00+0200,-0.09,EUR/MWh,DK1,DK_1,day_ahead_price,value,2026-08-02T11:09:27Z
2026-08-02T11:05:08Z,2026-08-02T13:05:08+0200,b3181029-81fc-491a-b750-6dc59ef155aa,2026-07-03T14:30:00Z,2026-07-03T16:30:00+0200,-0.09,EUR/MWh,DK1,DK_1,day_ahead_price,value,2026-08-02T11:09:27Z
2026-08-02T11:05:08Z,2026-08-02T13:05:08+0200,b3181029-81fc-491a-b750-6dc59ef155aa,2026-07-03T14:45:00Z,2026-07-03T16:45:00+0200,-0.02,EUR/MWh,DK1,DK_1,day_ahead_price,value,2026-08-02T11:09:27Z
2026-08-02T11:05:08Z,2026-08-02T13:05:08+0200,b3181029-81fc-491a-b750-6dc59ef155aa,2026-07-03T15:00:00Z,2026-07-03T17:00:00+0200,-0.01,EUR/MWh,DK1,DK_1,day_ahead_price,value,2026-08-02T11:09:27Z
2026-08-02T11:05:08Z,2026-08-02T13:05:08+0200,b3181029-81fc-491a-b750-6dc59ef155aa,2026-07-03T15:15:00Z,2026-07-03T17:15:00+0200,-0.01,EUR/MWh,DK1,DK_1,day_ahead_price,value,2026-08-02T11:09:27Z
2026-08-02T11:05:08Z,2026-08-02T13:05:08+0200,b3181029-81fc-491a-b750-6dc59ef155aa,2026-07-03T15:30:00Z,2026-07-03T17:30:00+0200,-0.01,EUR/MWh,DK1,DK_1,day_ahead_price,value,2026-08-02T11:09:27Z
2026-08-02T11:05:08Z,2026-08-02T13:05:08+0200,b3181029-81fc-491a-b750-6dc59ef155aa,2026-07-03T15:45:00Z,2026-07-03T17:45:00+0200,-0.01,EUR/MWh,DK1,DK_1,day_ahead_price,value,2026-08-02T11:09:27Z
2026-08-02T11:05:08Z,2026-08-02T13:05:08+0200,b3181029-81fc-491a-b750-6dc59ef155aa,2026-07-03T16:00:00Z,2026-07-03T18:00:00+0200,0.0,EUR/MWh,DK1,DK_1,day_ahead_price,value,2026-08-02T11:09:27Z
2026-08-02T11:05:08Z,2026-08-02T13:05:08+0200,b3181029-81fc-491a-b750-6dc59ef155aa,2026-07-03T16:15:00Z,2026-07-03T18:15:00+0200,5.0,EUR/MWh,DK1,DK_1,day_ahead_price,value,2026-08-02T11:09:27Z
2026-08-02T11:05:08Z,2026-08-02T13:05:08+0200,b3181029-81fc-491a-b750-6dc59ef155aa,2026-07-03T16:30:00Z,2026-07-03T18:30:00+0200,32.31,EUR/MWh,DK1,DK_1,day_ahead_price,value,2026-08-02T11:09:27Z
2026-08-02T11:05:08Z,2026-08-02T13:05:08+0200,b3181029-81fc-491a-b750-6dc59ef155aa,2026-07-03T16:45:00Z,2026-07-03T18:45:00+0200,41.98,EUR/MWh,DK1,DK_1,day_ahead_price,value,2026-08-02T11:09:27Z
2026-08-02T11:05:08Z,2026-08-02T13:05:08+0200,b3181029-81fc-491a-b750-6dc59ef155aa,2026-07-03T17:00:00Z,2026-07-03T19:00:00+0200,39.6,EUR/MWh,DK1,DK_1,day_ahead_price,value,2026-08-02T11:09:27Z
2026-08-02T11:05:08Z,2026-08-02T13:05:08+0200,b3181029-81fc-491a-b750-6dc59ef155aa,2026-07-03T17:15:00Z,2026-07-03T19:15:00+0200,40.54,EUR/MWh,DK1,DK_1,day_ahead_price,value,2026-08-02T11:09:27Z
2026-08-02T11:05:08Z,2026-08-02T13:05:08+0200,b3181029-81fc-491a-b750-6dc59ef155aa,2026-07-03T17:30:00Z,2026-07-03T19:30:00+0200,47.62,EUR/MWh,DK1,DK_1,day_ahead_price,value,2026-08-02T11:09:27Z
2026-08-02T11:05:08Z,2026-08-02T13:05:08+0200,b3181029-81fc-491a-b750-6dc59ef155aa,2026-07-03T17:45:00Z,2026-07-03T19:45:00+0200,53.99,EUR/MWh,DK1,DK_1,day_ahead_price,value,2026-08-02T11:09:27Z
2026-08-02T11:05:08Z,2026-08-02T13:05:08+0200,b3181029-81fc-491a-b750-6dc59ef155aa,2026-07-03T18:00:00Z,2026-07-03T20:00:00+0200,55.01,EUR/MWh,DK1,DK_1,day_ahead_price,value,2026-08-02T11:09:27Z
2026-08-02T11:05:08Z,2026-08-02T13:05:08+0200,b3181029-81fc-491a-b750-6dc59ef155aa,2026-07-03T18:15:00Z,2026-07-03T20:15:00+0200,59.94,EUR/MWh,DK1,DK_1,day_ahead_price,value,2026-08-02T11:09:27Z
2026-08-02T11:05:08Z,2026-08-02T13:05:08+0200,b3181029-81fc-491a-b750-6dc59ef155aa,2026-07-03T18:30:00Z,2026-07-03T20:30:00+0200,62.01,EUR/MWh,DK1,DK_1,day_ahead_price,value,2026-08-02T11:09:27Z
2026-08-02T11:05:08Z,2026-08-02T13:05:08+0200,b3181029-81fc-491a-b750-6dc59ef155aa,2026-07-03T18:45:00Z,2026-07-03T20:45:00+0200,59.02,EUR/MWh,DK1,DK_1,day_ahead_price,value,2026-08-02T11:09:27Z
2026-08-02T11:05:08Z,2026-08-02T13:05:08+0200,b3181029-81fc-491a-b750-6dc59ef155aa,2026-07-03T19:00:00Z,2026-07-03T21:00:00+0200,60.01,EUR/MWh,DK1,DK_1,day_ahead_price,value,2026-08-02T11:09:27Z
2026-08-02T11:05:08Z,2026-08-02T13:05:08+0200,b3181029-81fc-491a-b750-6dc59ef155aa,2026-07-03T19:15:00Z,2026-07-03T21:15:00+0200,58.91,EUR/MWh,DK1,DK_1,day_ahead_price,value,2026-08-02T11:09:27Z
2026-08-02T11:05:08Z,2026-08-02T13:05:08+0200,b3181029-81fc-491a-b750-6dc59ef155aa,2026-07-03T19:30:00Z,2026-07-03T21:30:00+0200,62.0,EUR/MWh,DK1,DK_1,day_ahead_price,value,2026-08-02T11:09:27Z
2026-08-02T11:05:08Z,2026-08-02T13:05:08+0200,b3181029-81fc-491a-b750-6dc59ef155aa,2026-07-03T19:45:00Z,2026-07-03T21:45:00+0200,67.6,EUR/MWh,DK1,DK_1,day_ahead_price,value,2026-08-02T11:09:27Z
2026-08-02T11:05:08Z,2026-08-02T13:05:08+0200,b3181029-81fc-491a-b750-6dc59ef155aa,2026-07-03T20:00:00Z,2026-07-03T22:00:00+0200,53.6,EUR/MWh,DK1,DK_1,day_ahead_price,value,2026-08-02T11:09:27Z
2026-08-02T11:05:08Z,2026-08-02T13:05:08+0200,b3181029-81fc-491a-b750-6dc59ef155aa,2026-07-03T20:15:00Z,2026-07-03T22:15:00+0200,60.59,EUR/MWh,DK1,DK_1,day_ahead_price,value,2026-08-02T11:09:27Z
2026-08-02T11:05:08Z,2026-08-02T13:05:08+0200,b3181029-81fc-491a-b750-6dc59ef155aa,2026-07-03T20:30:00Z,2026-07-03T22:30:00+0200,70.02,EUR/MWh,DK1,DK_1,day_ahead_price,value,2026-08-02T11:09:27Z
2026-08-02T11:05:08Z,2026-08-02T13:05:08+0200,b3181029-81fc-491a-b750-6dc59ef155aa,2026-07-03T20:45:00Z,2026-07-03T22:45:00+0200,73.01,EUR/MWh,DK1,DK_1,day_ahead_price,value,2026-08-02T11:09:27Z
2026-08-02T11:05:08Z,2026-08-02T13:05:08+0200,b3181029-81fc-491a-b750-6dc59ef155aa,2026-07-03T21:00:00Z,2026-07-03T23:00:00+0200,89.32,EUR/MWh,DK1,DK_1,day_ahead_price,value,2026-08-02T11:09:27Z
2026-08-02T11:05:08Z,2026-08-02T13:05:08+0200,b3181029-81fc-491a-b750-6dc59ef155aa,2026-07-03T21:15:00Z,2026-07-03T23:15:00+0200,90.49,EUR/MWh,DK1,DK_1,day_ahead_price,value,2026-08-02T11:09:27Z
2026-08-02T11:05:08Z,2026-08-02T13:05:08+0200,b3181029-81fc-491a-b750-6dc59ef155aa,2026-07-03T21:30:00Z,2026-07-03T23:30:00+0200,90.36,EUR/MWh,DK1,DK_1,day_ahead_price,value,2026-08-02T11:09:27Z
2026-08-02T11:05:08Z,2026-08-02T13:05:08+0200,b3181029-81fc-491a-b750-6dc59ef155aa,2026-07-03T21:45:00Z,2026-07-03T23:45:00+0200,94.01,EUR/MWh,DK1,DK_1,day_ahead_price,value,2026-08-02T11:09:27Z
2026-08-02T11:05:08Z,2026-08-02T13:05:08+0200,b3181029-81fc-491a-b750-6dc59ef155aa,2026-07-03T22:00:00Z,2026-07-04T00:00:00+0200,50.49,EUR/MWh,DK1,DK_1,day_ahead_price,value,2026-08-02T11:09:27Z
2026-08-02T11:05:08Z,2026-08-02T13:05:08+0200,b3181029-81fc-491a-b750-6dc59ef155aa,2026-07-03T22:15:00Z,2026-07-04T00:15:00+0200,70.36,EUR/MWh,DK1,DK_1,day_ahead_price,value,2026-08-02T11:09:27Z
2026-08-02T11:05:08Z,2026-08-02T13:05:08+0200,b3181029-81fc-491a-b750-6dc59ef155aa,2026-07-03T22:30:00Z,2026-07-04T00:30:00+0200,86.45,EUR/MWh,DK1,DK_1,day_ahead_price,value,2026-08-02T11:09:27Z
2026-08-02T11:05:08Z,2026-08-02T13:05:08+0200,b3181029-81fc-491a-b750-6dc59ef155aa,2026-07-03T22:45:00Z,2026-07-04T00:45:00+0200,109.57,EUR/MWh,DK1,DK_1,day_ahead_price,value,2026-08-02T11:09:27Z
2026-08-02T11:05:08Z,2026-08-02T13:05:08+0200,b3181029-81fc-491a-b750-6dc59ef155aa,2026-07-03T23:00:00Z,2026-07-04T01:00:00+0200,70.72,EUR/MWh,DK1,DK_1,day_ahead_price,value,2026-08-02T11:09:27Z
2026-08-02T11:05:08Z,2026-08-02T13:05:08+0200,b3181029-81fc-491a-b750-6dc59ef155aa,2026-07-03T23:15:00Z,2026-07-04T01:15:00+0200,90.6,EUR/MWh,DK1,DK_1,day_ahead_price,value,2026-08-02T11:09:27Z
2026-08-02T11:05:08Z,2026-08-02T13:05:08+0200,b3181029-81fc-491a-b750-6dc59ef155aa,2026-07-03T23:30:00Z,2026-07-04T01:30:00+0200,94.7,EUR/MWh,DK1,DK_1,day_ahead_price,value,2026-08-02T11:09:27Z
2026-08-02T11:05:08Z,2026-08-02T13:05:08+0200,b3181029-81fc-491a-b750-6dc59ef155aa,2026-07-03T23:45:00Z,2026-07-04T01:45:00+0200,94.9,EUR/MWh,DK1,DK_1,day_ahead_price,value,2026-08-02T11:09:27Z
2026-08-02T11:05:08Z,2026-08-02T13:05:08+0200,b3181029-81fc-491a-b750-6dc59ef155aa,2026-07-04T00:00:00Z,2026-07-04T02:00:00+0200,81.97,EUR/MWh,DK1,DK_1,day_ahead_price,value,2026-08-02T11:09:27Z
2026-08-02T11:05:08Z,2026-08-02T13:05:08+0200,b3181029-81fc-491a-b750-6dc59ef155aa,2026-07-04T00:15:00Z,2026-07-04T02:15:00+0200,83.58,EUR/MWh,DK1,DK_1,day_ahead_price,value,2026-08-02T11:09:27Z
2026-08-02T11:05:08Z,2026-08-02T13:05:08+0200,b3181029-81fc-491a-b750-6dc59ef155aa,2026-07-04T00:30:00Z,2026-07-04T02:30:00+0200,92.98,EUR/MWh,DK1,DK_1,day_ahead_price,value,2026-08-02T11:09:27Z
2026-08-02T11:05:08Z,2026-08-02T13:05:08+0200,b3181029-81fc-491a-b750-6dc59ef155aa,2026-07-04T00:45:00Z,2026-07-04T02:45:00+0200,93.28,EUR/MWh,DK1,DK_1,day_ahead_price,value,2026-08-02T11:09:27Z
2026-08-02T11:05:08Z,2026-08-02T13:05:08+0200,b3181029-81fc-491a-b750-6dc59ef155aa,2026-07-04T01:00:00Z,2026-07-04T03:00:00+0200,79.99,EUR/MWh,DK1,DK_1,day_ahead_price,value,2026-08-02T11:09:27Z
2026-08-02T11:05:08Z,2026-08-02T13:05:08+0200,b3181029-81fc-491a-b750-6dc59ef155aa,2026-07-04T01:15:00Z,2026-07-04T03:15:00+0200,83.03,EUR/MWh,DK1,DK_1,day_ahead_price,value,2026-08-02T11:09:27Z
2026-08-02T11:05:08Z,2026-08-02T13:05:08+0200,b3181029-81fc-491a-b750-6dc59ef155aa,2026-07-04T01:30:00Z,2026-07-04T03:30:00+0200,89.04,EUR/MWh,DK1,DK_1,day_ahead_price,value,2026-08-02T11:09:27Z
2026-08-02T11:05:08Z,2026-08-02T13:05:08+0200,b3181029-81fc-491a-b750-6dc59ef155aa,2026-07-04T01:45:00Z,2026-07-04T03:45:00+0200,87.26,EUR/MWh,DK1,DK_1,day_ahead_price,value,2026-08-02T11:09:27Z
2026-08-02T11:05:08Z,2026-08-02T13:05:08+0200,b3181029-81fc-491a-b750-6dc59ef155aa,2026-07-04T02:00:00Z,2026-07-04T04:00:00+0200,82.2,EUR/MWh,DK1,DK_1,day_ahead_price,value,2026-08-02T11:09:27Z
2026-08-02T11:05:08Z,2026-08-02T13:05:08+0200,b3181029-81fc-491a-b750-6dc59ef155aa,2026-07-04T02:15:00Z,2026-07-04T04:15:00+0200,85.17,EUR/MWh,DK1,DK_1,day_ahead_price,value,2026-08-02T11:09:27Z
2026-08-02T11:05:08Z,2026-08-02T13:05:08+0200,b3181029-81fc-491a-b750-6dc59ef155aa,2026-07-04T02:30:00Z,2026-07-04T04:30:00+0200,83.32,EUR/MWh,DK1,DK_1,day_ahead_price,value,2026-08-02T11:09:27Z
2026-08-02T11:05:08Z,2026-08-02T13:05:08+0200,b3181029-81fc-491a-b750-6dc59ef155aa,2026-07-04T02:45:00Z,2026-07-04T04:45:00+0200,79.59,EUR/MWh,DK1,DK_1,day_ahead_price,value,2026-08-02T11:09:27Z
2026-08-02T11:05:08Z,2026-08-02T13:05:08+0200,b3181029-81fc-491a-b750-6dc59ef155aa,2026-07-04T03:00:00Z,2026-07-04T05:00:00+0200,73.99,EUR/MWh,DK1,DK_1,day_ahead_price,value,2026-08-02T11:09:27Z
2026-08-02T11:05:08Z,2026-08-02T13:05:08+0200,b3181029-81fc-491a-b750-6dc59ef155aa,2026-07-04T03:15:00Z,2026-07-04T05:15:00+0200,72.71,EUR/MWh,DK1,DK_1,day_ahead_price,value,2026-08-02T11:09:27Z
2026-08-02T11:05:08Z,2026-08-02T13:05:08+0200,b3181029-81fc-491a-b750-6dc59ef155aa,2026-07-04T03:30:00Z,2026-07-04T05:30:00+0200,77.26,EUR/MWh,DK1,DK_1,day_ahead_price,value,2026-08-02T11:09:27Z
2026-08-02T11:05:08Z,2026-08-02T13:05:08+0200,b3181029-81fc-491a-b750-6dc59ef155aa,2026-07-04T03:45:00Z,2026-07-04T05:45:00+0200,79.8,EUR/MWh,DK1,DK_1,day_ahead_price,value,2026-08-02T11:09:27Z
2026-08-02T11:05:08Z,2026-08-02T13:05:08+0200,b3181029-81fc-491a-b750-6dc59ef155aa,2026-07-04T04:00:00Z,2026-07-04T06:00:00+0200,70.07,EUR/MWh,DK1,DK_1,day_ahead_price,value,2026-08-02T11:09:27Z
2026-08-02T11:05:08Z,2026-08-02T13:05:08+0200,b3181029-81fc-491a-b750-6dc59ef155aa,2026-07-04T04:15:00Z,2026-07-04T06:15:00+0200,72.57,EUR/MWh,DK1,DK_1,day_ahead_price,value,2026-08-02T11:09:27Z
2026-08-02T11:05:08Z,2026-08-02T13:05:08+0200,b3181029-81fc-491a-b750-6dc59ef155aa,2026-07-04T04:30:00Z,2026-07-04T06:30:00+0200,82.98,EUR/MWh,DK1,DK_1,day_ahead_price,value,2026-08-02T11:09:27Z
2026-08-02T11:05:08Z,2026-08-02T13:05:08+0200,b3181029-81fc-491a-b750-6dc59ef155aa,2026-07-04T04:45:00Z,2026-07-04T06:45:00+0200,72.74,EUR/MWh,DK1,DK_1,day_ahead_price,value,2026-08-02T11:09:27Z
2026-08-02T11:05:08Z,2026-08-02T13:05:08+0200,b3181029-81fc-491a-b750-6dc59ef155aa,2026-07-04T05:00:00Z,2026-07-04T07:00:00+0200,79.96,EUR/MWh,DK1,DK_1,day_ahead_price,value,2026-08-02T11:09:27Z
2026-08-02T11:05:08Z,2026-08-02T13:05:08+0200,b3181029-81fc-491a-b750-6dc59ef155aa,2026-07-04T05:15:00Z,2026-07-04T07:15:00+0200,79.82,EUR/MWh,DK1,DK_1,day_ahead_price,value,2026-08-02T11:09:27Z
2026-08-02T11:05:08Z,2026-08-02T13:05:08+0200,b3181029-81fc-491a-b750-6dc59ef155aa,2026-07-04T05:30:00Z,2026-07-04T07:30:00+0200,59.56,EUR/MWh,DK1,DK_1,day_ahead_price,value,2026-08-02T11:09:27Z
2026-08-02T11:05:08Z,2026-08-02T13:05:08+0200,b3181029-81fc-491a-b750-6dc59ef155aa,2026-07-04T05:45:00Z,2026-07-04T07:45:00+0200,44.07,EUR/MWh,DK1,DK_1,day_ahead_price,value,2026-08-02T11:09:27Z
2026-08-02T11:05:08Z,2026-08-02T13:05:08+0200,b3181029-81fc-491a-b750-6dc59ef155aa,2026-07-04T06:00:00Z,2026-07-04T08:00:00+0200,63.08,EUR/MWh,DK1,DK_1,day_ahead_price,value,2026-08-02T11:09:27Z
2026-08-02T11:05:08Z,2026-08-02T13:05:08+0200,b3181029-81fc-491a-b750-6dc59ef155aa,2026-07-04T06:15:00Z,2026-07-04T08:15:00+0200,32.83,EUR/MWh,DK1,DK_1,day_ahead_price,value,2026-08-02T11:09:27Z
2026-08-02T11:05:08Z,2026-08-02T13:05:08+0200,b3181029-81fc-491a-b750-6dc59ef155aa,2026-07-04T06:30:00Z,2026-07-04T08:30:00+0200,14.47,EUR/MWh,DK1,DK_1,day_ahead_price,value,2026-08-02T11:09:27Z
2026-08-02T11:05:08Z,2026-08-02T13:05:08+0200,b3181029-81fc-491a-b750-6dc59ef155aa,2026-07-04T06:45:00Z,2026-07-04T08:45:00+0200,4.73,EUR/MWh,DK1,DK_1,day_ahead_price,value,2026-08-02T11:09:27Z
2026-08-02T11:05:08Z,2026-08-02T13:05:08+0200,b3181029-81fc-491a-b750-6dc59ef155aa,2026-07-04T07:00:00Z,2026-07-04T09:00:00+0200,3.84,EUR/MWh,DK1,DK_1,day_ahead_price,value,2026-08-02T11:09:27Z
2026-08-02T11:05:08Z,2026-08-02T13:05:08+0200,b3181029-81fc-491a-b750-6dc59ef155aa,2026-07-04T07:15:00Z,2026-07-04T09:15:00+0200,0.05,EUR/MWh,DK1,DK_1,day_ahead_price,value,2026-08-02T11:09:27Z
2026-08-02T11:05:08Z,2026-08-02T13:05:08+0200,b3181029-81fc-491a-b750-6dc59ef155aa,2026-07-04T07:30:00Z,2026-07-04T09:30:00+0200,0.0,EUR/MWh,DK1,DK_1,day_ahead_price,value,2026-08-02T11:09:27Z
2026-08-02T11:05:08Z,2026-08-02T13:05:08+0200,b3181029-81fc-491a-b750-6dc59ef155aa,2026-07-04T07:45:00Z,2026-07-04T09:45:00+0200,0.0,EUR/MWh,DK1,DK_1,day_ahead_price,value,2026-08-02T11:09:27Z
2026-08-02T11:05:08Z,2026-08-02T13:05:08+0200,b3181029-81fc-491a-b750-6dc59ef155aa,2026-07-04T08:00:00Z,2026-07-04T10:00:00+0200,0.0,EUR/MWh,DK1,DK_1,day_ahead_price,value,2026-08-02T11:09:27Z
2026-08-02T11:05:08Z,2026-08-02T13:05:08+0200,b3181029-81fc-491a-b750-6dc59ef155aa,2026-07-04T08:15:00Z,2026-07-04T10:15:00+0200,0.0,EUR/MWh,DK1,DK_1,day_ahead_price,value,2026-08-02T11:09:27Z
2026-08-02T11:05:08Z,2026-08-02T13:05:08+0200,b3181029-81fc-491a-b750-6dc59ef155aa,2026-07-04T08:30:00Z,2026-07-04T10:30:00+0200,0.0,EUR/MWh,DK1,DK_1,day_ahead_price,value,2026-08-02T11:09:27Z
2026-08-02T11:05:08Z,2026-08-02T13:05:08+0200,b3181029-81fc-491a-b750-6dc59ef155aa,2026-07-04T08:45:00Z,2026-07-04T10:45:00+0200,0.0,EUR/MWh,DK1,DK_1,day_ahead_price,value,2026-08-02T11:09:27Z
2026-08-02T11:05:08Z,2026-08-02T13:05:08+0200,b3181029-81fc-491a-b750-6dc59ef155aa,2026-07-04T09:00:00Z,2026-07-04T11:00:00+0200,-0.01,EUR/MWh,DK1,DK_1,day_ahead_price,value,2026-08-02T11:09:27Z
2026-08-02T11:05:08Z,2026-08-02T13:05:08+0200,b3181029-81fc-491a-b750-6dc59ef155aa,2026-07-04T09:15:00Z,2026-07-04T11:15:00+0200,-0.01,EUR/MWh,DK1,DK_1,day_ahead_price,value,2026-08-02T11:09:27Z
2026-08-02T11:05:08Z,2026-08-02T13:05:08+0200,b3181029-81fc-491a-b750-6dc59ef155aa,2026-07-04T09:30:00Z,2026-07-04T11:30:00+0200,-0.01,EUR/MWh,DK1,DK_1,day_ahead_price,value,2026-08-02T11:09:27Z
2026-08-02T11:05:08Z,2026-08-02T13:05:08+0200,b3181029-81fc-491a-b750-6dc59ef155aa,2026-07-04T09:45:00Z,2026-07-04T11:45:00+0200,-0.48,EUR/MWh,DK1,DK_1,day_ahead_price,value,2026-08-02T11:09:27Z
2026-08-02T11:05:08Z,2026-08-02T13:05:08+0200,b3181029-81fc-491a-b750-6dc59ef155aa,2026-07-04T10:00:00Z,2026-07-04T12:00:00+0200,-0.01,EUR/MWh,DK1,DK_1,day_ahead_price,value,2026-08-02T11:09:27Z
2026-08-02T11:05:08Z,2026-08-02T13:05:08+0200,b3181029-81fc-491a-b750-6dc59ef155aa,2026-07-04T10:15:00Z,2026-07-04T12:15:00+0200,-0.04,EUR/MWh,DK1,DK_1,day_ahead_price,value,2026-08-02T11:09:27Z
2026-08-02T11:05:08Z,2026-08-02T13:05:08+0200,b3181029-81fc-491a-b750-6dc59ef155aa,2026-07-04T10:30:00Z,2026-07-04T12:30:00+0200,-0.45,EUR/MWh,DK1,DK_1,day_ahead_price,value,2026-08-02T11:09:27Z
2026-08-02T11:05:08Z,2026-08-02T13:05:08+0200,b3181029-81fc-491a-b750-6dc59ef155aa,2026-07-04T10:45:00Z,2026-07-04T12:45:00+0200,-1.08,EUR/MWh,DK1,DK_1,day_ahead_price,value,2026-08-02T11:09:27Z
2026-08-02T11:05:08Z,2026-08-02T13:05:08+0200,b3181029-81fc-491a-b750-6dc59ef155aa,2026-07-04T11:00:00Z,2026-07-04T13:00:00+0200,-4.01,EUR/MWh,DK1,DK_1,day_ahead_price,value,2026-08-02T11:09:27Z
2026-08-02T11:05:08Z,2026-08-02T13:05:08+0200,b3181029-81fc-491a-b750-6dc59ef155aa,2026-07-04T11:15:00Z,2026-07-04T13:15:00+0200,-5.0,EUR/MWh,DK1,DK_1,day_ahead_price,value,2026-08-02T11:09:27Z
2026-08-02T11:05:08Z,2026-08-02T13:05:08+0200,b3181029-81fc-491a-b750-6dc59ef155aa,2026-07-04T11:30:00Z,2026-07-04T13:30:00+0200,-6.2,EUR/MWh,DK1,DK_1,day_ahead_price,value,2026-08-02T11:09:27Z
2026-08-02T11:05:08Z,2026-08-02T13:05:08+0200,b3181029-81fc-491a-b750-6dc59ef155aa,2026-07-04T11:45:00Z,2026-07-04T13:45:00+0200,-4.0,EUR/MWh,DK1,DK_1,day_ahead_price,value,2026-08-02T11:09:27Z
2026-08-02T11:05:08Z,2026-08-02T13:05:08+0200,b3181029-81fc-491a-b750-6dc59ef155aa,2026-07-04T12:00:00Z,2026-07-04T14:00:00+0200,-5.84,EUR/MWh,DK1,DK_1,day_ahead_price,value,2026-08-02T11:09:27Z
2026-08-02T11:05:08Z,2026-08-02T13:05:08+0200,b3181029-81fc-491a-b750-6dc59ef155aa,2026-07-04T12:15:00Z,2026-07-04T14:15:00+0200,-5.4,EUR/MWh,DK1,DK_1,day_ahead_price,value,2026-08-02T11:09:27Z
2026-08-02T11:05:08Z,2026-08-02T13:05:08+0200,b3181029-81fc-491a-b750-6dc59ef155aa,2026-07-04T12:30:00Z,2026-07-04T14:30:00+0200,-5.06,EUR/MWh,DK1,DK_1,day_ahead_price,value,2026-08-02T11:09:27Z
2026-08-02T11:05:08Z,2026-08-02T13:05:08+0200,b3181029-81fc-491a-b750-6dc59ef155aa,2026-07-04T12:45:00Z,2026-07-04T14:45:00+0200,-4.09,EUR/MWh,DK1,DK_1,day_ahead_price,value,2026-08-02T11:09:27Z
2026-08-02T11:05:08Z,2026-08-02T13:05:08+0200,b3181029-81fc-491a-b750-6dc59ef155aa,2026-07-04T13:00:00Z,2026-07-04T15:00:00+0200,-4.01,EUR/MWh,DK1,DK_1,day_ahead_price,value,2026-08-02T11:09:27Z
2026-08-02T11:05:08Z,2026-08-02T13:05:08+0200,b3181029-81fc-491a-b750-6dc59ef155aa,2026-07-04T13:15:00Z,2026-07-04T15:15:00+0200,-3.33,EUR/MWh,DK1,DK_1,day_ahead_price,value,2026-08-02T11:09:27Z
2026-08-02T11:05:08Z,2026-08-02T13:05:08+0200,b3181029-81fc-491a-b750-6dc59ef155aa,2026-07-04T13:30:00Z,2026-07-04T15:30:00+0200,-2.08,EUR/MWh,DK1,DK_1,day_ahead_price,value,2026-08-02T11:09:27Z
2026-08-02T11:05:08Z,2026-08-02T13:05:08+0200,b3181029-81fc-491a-b750-6dc59ef155aa,2026-07-04T13:45:00Z,2026-07-04T15:45:00+0200,-0.53,EUR/MWh,DK1,DK_1,day_ahead_price,value,2026-08-02T11:09:27Z
2026-08-02T11:05:08Z,2026-08-02T13:05:08+0200,b3181029-81fc-491a-b750-6dc59ef155aa,2026-07-04T14:00:00Z,2026-07-04T16:00:00+0200,-0.93,EUR/MWh,DK1,DK_1,day_ahead_price,value,2026-08-02T11:09:27Z
2026-08-02T11:05:08Z,2026-08-02T13:05:08+0200,b3181029-81fc-491a-b750-6dc59ef155aa,2026-07-04T14:15:00Z,2026-07-04T16:15:00+0200,-0.13,EUR/MWh,DK1,DK_1,day_ahead_price,value,2026-08-02T11:09:27Z
2026-08-02T11:05:08Z,2026-08-02T13:05:08+0200,b3181029-81fc-491a-b750-6dc59ef155aa,2026-07-04T14:30:00Z,2026-07-04T16:30:00+0200,-0.11,EUR/MWh,DK1,DK_1,day_ahead_price,value,2026-08-02T11:09:27Z
2026-08-02T11:05:08Z,2026-08-02T13:05:08+0200,b3181029-81fc-491a-b750-6dc59ef155aa,2026-07-04T14:45:00Z,2026-07-04T16:45:00+0200,-0.01,EUR/MWh,DK1,DK_1,day_ahead_price,value,2026-08-02T11:09:27Z
2026-08-02T11:05:08Z,2026-08-02T13:05:08+0200,b3181029-81fc-491a-b750-6dc59ef155aa,2026-07-04T15:00:00Z,2026-07-04T17:00:00+0200,-0.01,EUR/MWh,DK1,DK_1,day_ahead_price,value,2026-08-02T11:09:27Z
2026-08-02T11:05:08Z,2026-08-02T13:05:08+0200,b3181029-81fc-491a-b750-6dc59ef155aa,2026-07-04T15:15:00Z,2026-07-04T17:15:00+0200,0.23,EUR/MWh,DK1,DK_1,day_ahead_price,value,2026-08-02T11:09:27Z
2026-08-02T11:05:08Z,2026-08-02T13:05:08+0200,b3181029-81fc-491a-b750-6dc59ef155aa,2026-07-04T15:30:00Z,2026-07-04T17:30:00+0200,1.14,EUR/MWh,DK1,DK_1,day_ahead_price,value,2026-08-02T11:09:27Z
2026-08-02T11:05:08Z,2026-08-02T13:05:08+0200,b3181029-81fc-491a-b750-6dc59ef155aa,2026-07-04T15:45:00Z,2026-07-04T17:45:00+0200,18.39,EUR/MWh,DK1,DK_1,day_ahead_price,value,2026-08-02T11:09:27Z
2026-08-02T11:05:08Z,2026-08-02T13:05:08+0200,b3181029-81fc-491a-b750-6dc59ef155aa,2026-07-04T16:00:00Z,2026-07-04T18:00:00+0200,11.48,EUR/MWh,DK1,DK_1,day_ahead_price,value,2026-08-02T11:09:27Z
2026-08-02T11:05:08Z,2026-08-02T13:05:08+0200,b3181029-81fc-491a-b750-6dc59ef155aa,2026-07-04T16:15:00Z,2026-07-04T18:15:00+0200,49.42,EUR/MWh,DK1,DK_1,day_ahead_price,value,2026-08-02T11:09:27Z
2026-08-02T11:05:08Z,2026-08-02T13:05:08+0200,b3181029-81fc-491a-b750-6dc59ef155aa,2026-07-04T16:30:00Z,2026-07-04T18:30:00+0200,73.75,EUR/MWh,DK1,DK_1,day_ahead_price,value,2026-08-02T11:09:27Z
2026-08-02T11:05:08Z,2026-08-02T13:05:08+0200,b3181029-81fc-491a-b750-6dc59ef155aa,2026-07-04T16:45:00Z,2026-07-04T18:45:00+0200,93.67,EUR/MWh,DK1,DK_1,day_ahead_price,value,2026-08-02T11:09:27Z
2026-08-02T11:05:08Z,2026-08-02T13:05:08+0200,b3181029-81fc-491a-b750-6dc59ef155aa,2026-07-04T17:00:00Z,2026-07-04T19:00:00+0200,81.12,EUR/MWh,DK1,DK_1,day_ahead_price,value,2026-08-02T11:09:27Z
2026-08-02T11:05:08Z,2026-08-02T13:05:08+0200,b3181029-81fc-491a-b750-6dc59ef155aa,2026-07-04T17:15:00Z,2026-07-04T19:15:00+0200,95.63,EUR/MWh,DK1,DK_1,day_ahead_price,value,2026-08-02T11:09:27Z
2026-08-02T11:05:08Z,2026-08-02T13:05:08+0200,b3181029-81fc-491a-b750-6dc59ef155aa,2026-07-04T17:30:00Z,2026-07-04T19:30:00+0200,117.56,EUR/MWh,DK1,DK_1,day_ahead_price,value,2026-08-02T11:09:27Z
2026-08-02T11:05:08Z,2026-08-02T13:05:08+0200,b3181029-81fc-491a-b750-6dc59ef155aa,2026-07-04T17:45:00Z,2026-07-04T19:45:00+0200,108.1,EUR/MWh,DK1,DK_1,day_ahead_price,value,2026-08-02T11:09:27Z
2026-08-02T11:05:08Z,2026-08-02T13:05:08+0200,b3181029-81fc-491a-b750-6dc59ef155aa,2026-07-04T18:00:00Z,2026-07-04T20:00:00+0200,112.99,EUR/MWh,DK1,DK_1,day_ahead_price,value,2026-08-02T11:09:27Z
2026-08-02T11:05:08Z,2026-08-02T13:05:08+0200,b3181029-81fc-491a-b750-6dc59ef155aa,2026-07-04T18:15:00Z,2026-07-04T20:15:00+0200,115.4,EUR/MWh,DK1,DK_1,day_ahead_price,value,2026-08-02T11:09:27Z
2026-08-02T11:05:08Z,2026-08-02T13:05:08+0200,b3181029-81fc-491a-b750-6dc59ef155aa,2026-07-04T18:30:00Z,2026-07-04T20:30:00+0200,117.62,EUR/MWh,DK1,DK_1,day_ahead_price,value,2026-08-02T11:09:27Z
2026-08-02T11:05:08Z,2026-08-02T13:05:08+0200,b3181029-81fc-491a-b750-6dc59ef155aa,2026-07-04T18:45:00Z,2026-07-04T20:45:00+0200,117.99,EUR/MWh,DK1,DK_1,day_ahead_price,value,2026-08-02T11:09:27Z
2026-08-02T11:05:08Z,2026-08-02T13:05:08+0200,b3181029-81fc-491a-b750-6dc59ef155aa,2026-07-04T19:00:00Z,2026-07-04T21:00:00+0200,120.47,EUR/MWh,DK1,DK_1,day_ahead_price,value,2026-08-02T11:09:27Z
2026-08-02T11:05:08Z,2026-08-02T13:05:08+0200,b3181029-81fc-491a-b750-6dc59ef155aa,2026-07-04T19:15:00Z,2026-07-04T21:15:00+0200,121.22,EUR/MWh,DK1,DK_1,day_ahead_price,value,2026-08-02T11:09:27Z
2026-08-02T11:05:08Z,2026-08-02T13:05:08+0200,b3181029-81fc-491a-b750-6dc59ef155aa,2026-07-04T19:30:00Z,2026-07-04T21:30:00+0200,120.47,EUR/MWh,DK1,DK_1,day_ahead_price,value,2026-08-02T11:09:27Z
2026-08-02T11:05:08Z,2026-08-02T13:05:08+0200,b3181029-81fc-491a-b750-6dc59ef155aa,2026-07-04T19:45:00Z,2026-07-04T21:45:00+0200,115.49,EUR/MWh,DK1,DK_1,day_ahead_price,value,2026-08-02T11:09:27Z
2026-08-02T11:05:08Z,2026-08-02T13:05:08+0200,b3181029-81fc-491a-b750-6dc59ef155aa,2026-07-04T20:00:00Z,2026-07-04T22:00:00+0200,122.71,EUR/MWh,DK1,DK_1,day_ahead_price,value,2026-08-02T11:09:27Z
2026-08-02T11:05:08Z,2026-08-02T13:05:08+0200,b3181029-81fc-491a-b750-6dc59ef155aa,2026-07-04T20:15:00Z,2026-07-04T22:15:00+0200,121.76,EUR/MWh,DK1,DK_1,day_ahead_price,value,2026-08-02T11:09:27Z
2026-08-02T11:05:08Z,2026-08-02T13:05:08+0200,b3181029-81fc-491a-b750-6dc59ef155aa,2026-07-04T20:30:00Z,2026-07-04T22:30:00+0200,120.18,EUR/MWh,DK1,DK_1,day_ahead_price,value,2026-08-02T11:09:27Z
2026-08-02T11:05:08Z,2026-08-02T13:05:08+0200,b3181029-81fc-491a-b750-6dc59ef155aa,2026-07-04T20:45:00Z,2026-07-04T22:45:00+0200,116.74,EUR/MWh,DK1,DK_1,day_ahead_price,value,2026-08-02T11:09:27Z
2026-08-02T11:05:08Z,2026-08-02T13:05:08+0200,b3181029-81fc-491a-b750-6dc59ef155aa,2026-07-04T21:00:00Z,2026-07-04T23:00:00+0200,122.68,EUR/MWh,DK1,DK_1,day_ahead_price,value,2026-08-02T11:09:27Z
2026-08-02T11:05:08Z,2026-08-02T13:05:08+0200,b3181029-81fc-491a-b750-6dc59ef155aa,2026-07-04T21:15:00Z,2026-07-04T23:15:00+0200,118.59,EUR/MWh,DK1,DK_1,day_ahead_price,value,2026-08-02T11:09:27Z
2026-08-02T11:05:08Z,2026-08-02T13:05:08+0200,b3181029-81fc-491a-b750-6dc59ef155aa,2026-07-04T21:30:00Z,2026-07-04T23:30:00+0200,114.61,EUR/MWh,DK1,DK_1,day_ahead_price,value,2026-08-02T11:09:27Z
2026-08-02T11:05:08Z,2026-08-02T13:05:08+0200,b3181029-81fc-491a-b750-6dc59ef155aa,2026-07-04T21:45:00Z,2026-07-04T23:45:00+0200,112.87,EUR/MWh,DK1,DK_1,day_ahead_price,value,2026-08-02T11:09:27Z
2026-08-02T11:05:08Z,2026-08-02T13:05:08+0200,b3181029-81fc-491a-b750-6dc59ef155aa,2026-07-04T22:00:00Z,2026-07-05T00:00:00+0200,112.0,EUR/MWh,DK1,DK_1,day_ahead_price,value,2026-08-02T11:09:27Z
2026-08-02T11:05:08Z,2026-08-02T13:05:08+0200,b3181029-81fc-491a-b750-6dc59ef155aa,2026-07-04T22:15:00Z,2026-07-05T00:15:00+0200,110.2,EUR/MWh,DK1,DK_1,day_ahead_price,value,2026-08-02T11:09:27Z
2026-08-02T11:05:08Z,2026-08-02T13:05:08+0200,b3181029-81fc-491a-b750-6dc59ef155aa,2026-07-04T22:30:00Z,2026-07-05T00:30:00+0200,107.74,EUR/MWh,DK1,DK_1,day_ahead_price,value,2026-08-02T11:09:27Z
2026-08-02T11:05:08Z,2026-08-02T13:05:08+0200,b3181029-81fc-491a-b750-6dc59ef155aa,2026-07-04T22:45:00Z,2026-07-05T00:45:00+0200,105.21,EUR/MWh,DK1,DK_1,day_ahead_price,value,2026-08-02T11:09:27Z
2026-08-02T11:05:08Z,2026-08-02T13:05:08+0200,b3181029-81fc-491a-b750-6dc59ef155aa,2026-07-04T23:00:00Z,2026-07-05T01:00:00+0200,103.0,EUR/MWh,DK1,DK_1,day_ahead_price,value,2026-08-02T11:09:27Z
2026-08-02T11:05:08Z,2026-08-02T13:05:08+0200,b3181029-81fc-491a-b750-6dc59ef155aa,2026-07-04T23:15:00Z,2026-07-05T01:15:00+0200,94.72,EUR/MWh,DK1,DK_1,day_ahead_price,value,2026-08-02T11:09:27Z
2026-08-02T11:05:08Z,2026-08-02T13:05:08+0200,b3181029-81fc-491a-b750-6dc59ef155aa,2026-07-04T23:30:00Z,2026-07-05T01:30:00+0200,90.0,EUR/MWh,DK1,DK_1,day_ahead_price,value,2026-08-02T11:09:27Z
2026-08-02T11:05:08Z,2026-08-02T13:05:08+0200,b3181029-81fc-491a-b750-6dc59ef155aa,2026-07-04T23:45:00Z,2026-07-05T01:45:00+0200,91.78,EUR/MWh,DK1,DK_1,day_ahead_price,value,2026-08-02T11:09:27Z
2026-08-02T11:05:08Z,2026-08-02T13:05:08+0200,b3181029-81fc-491a-b750-6dc59ef155aa,2026-07-05T00:00:00Z,2026-07-05T02:00:00+0200,89.67,EUR/MWh,DK1,DK_1,day_ahead_price,value,2026-08-02T11:09:27Z
2026-08-02T11:05:08Z,2026-08-02T13:05:08+0200,b3181029-81fc-491a-b750-6dc59ef155aa,2026-07-05T00:15:00Z,2026-07-05T02:15:00+0200,87.84,EUR/MWh,DK1,DK_1,day_ahead_price,value,2026-08-02T11:09:27Z
2026-08-02T11:05:08Z,2026-08-02T13:05:08+0200,b3181029-81fc-491a-b750-6dc59ef155aa,2026-07-05T00:30:00Z,2026-07-05T02:30:00+0200,80.36,EUR/MWh,DK1,DK_1,day_ahead_price,value,2026-08-02T11:09:27Z
2026-08-02T11:05:08Z,2026-08-02T13:05:08+0200,b3181029-81fc-491a-b750-6dc59ef155aa,2026-07-05T00:45:00Z,2026-07-05T02:45:00+0200,78.29,EUR/MWh,DK1,DK_1,day_ahead_price,value,2026-08-02T11:09:27Z
2026-08-02T11:05:08Z,2026-08-02T13:05:08+0200,b3181029-81fc-491a-b750-6dc59ef155aa,2026-07-05T01:00:00Z,2026-07-05T03:00:00+0200,83.37,EUR/MWh,DK1,DK_1,day_ahead_price,value,2026-08-02T11:09:27Z
2026-08-02T11:05:08Z,2026-08-02T13:05:08+0200,b3181029-81fc-491a-b750-6dc59ef155aa,2026-07-05T01:15:00Z,2026-07-05T03:15:00+0200,79.11,EUR/MWh,DK1,DK_1,day_ahead_price,value,2026-08-02T11:09:27Z
2026-08-02T11:05:08Z,2026-08-02T13:05:08+0200,b3181029-81fc-491a-b750-6dc59ef155aa,2026-07-05T01:30:00Z,2026-07-05T03:30:00+0200,70.04,EUR/MWh,DK1,DK_1,day_ahead_price,value,2026-08-02T11:09:27Z
2026-08-02T11:05:08Z,2026-08-02T13:05:08+0200,b3181029-81fc-491a-b750-6dc59ef155aa,2026-07-05T01:45:00Z,2026-07-05T03:45:00+0200,63.47,EUR/MWh,DK1,DK_1,day_ahead_price,value,2026-08-02T11:09:27Z
2026-08-02T11:05:08Z,2026-08-02T13:05:08+0200,b3181029-81fc-491a-b750-6dc59ef155aa,2026-07-05T02:00:00Z,2026-07-05T04:00:00+0200,82.01,EUR/MWh,DK1,DK_1,day_ahead_price,value,2026-08-02T11:09:27Z
2026-08-02T11:05:08Z,2026-08-02T13:05:08+0200,b3181029-81fc-491a-b750-6dc59ef155aa,2026-07-05T02:15:00Z,2026-07-05T04:15:00+0200,62.56,EUR/MWh,DK1,DK_1,day_ahead_price,value,2026-08-02T11:09:27Z
2026-08-02T11:05:08Z,2026-08-02T13:05:08+0200,b3181029-81fc-491a-b750-6dc59ef155aa,2026-07-05T02:30:00Z,2026-07-05T04:30:00+0200,58.01,EUR/MWh,DK1,DK_1,day_ahead_price,value,2026-08-02T11:09:27Z
2026-08-02T11:05:08Z,2026-08-02T13:05:08+0200,b3181029-81fc-491a-b750-6dc59ef155aa,2026-07-05T02:45:00Z,2026-07-05T04:45:00+0200,53.6,EUR/MWh,DK1,DK_1,day_ahead_price,value,2026-08-02T11:09:27Z
2026-08-02T11:05:08Z,2026-08-02T13:05:08+0200,b3181029-81fc-491a-b750-6dc59ef155aa,2026-07-05T03:00:00Z,2026-07-05T05:00:00+0200,65.98,EUR/MWh,DK1,DK_1,day_ahead_price,value,2026-08-02T11:09:27Z
2026-08-02T11:05:08Z,2026-08-02T13:05:08+0200,b3181029-81fc-491a-b750-6dc59ef155aa,2026-07-05T03:15:00Z,2026-07-05T05:15:00+0200,63.94,EUR/MWh,DK1,DK_1,day_ahead_price,value,2026-08-02T11:09:27Z
2026-08-02T11:05:08Z,2026-08-02T13:05:08+0200,b3181029-81fc-491a-b750-6dc59ef155aa,2026-07-05T03:30:00Z,2026-07-05T05:30:00+0200,54.44,EUR/MWh,DK1,DK_1,day_ahead_price,value,2026-08-02T11:09:27Z
2026-08-02T11:05:08Z,2026-08-02T13:05:08+0200,b3181029-81fc-491a-b750-6dc59ef155aa,2026-07-05T03:45:00Z,2026-07-05T05:45:00+0200,50.73,EUR/MWh,DK1,DK_1,day_ahead_price,value,2026-08-02T11:09:27Z
2026-08-02T11:05:08Z,2026-08-02T13:05:08+0200,b3181029-81fc-491a-b750-6dc59ef155aa,2026-07-05T04:00:00Z,2026-07-05T06:00:00+0200,45.18,EUR/MWh,DK1,DK_1,day_ahead_price,value,2026-08-02T11:09:27Z
2026-08-02T11:05:08Z,2026-08-02T13:05:08+0200,b3181029-81fc-491a-b750-6dc59ef155aa,2026-07-05T04:15:00Z,2026-07-05T06:15:00+0200,41.76,EUR/MWh,DK1,DK_1,day_ahead_price,value,2026-08-02T11:09:27Z
2026-08-02T11:05:08Z,2026-08-02T13:05:08+0200,b3181029-81fc-491a-b750-6dc59ef155aa,2026-07-05T04:30:00Z,2026-07-05T06:30:00+0200,30.44,EUR/MWh,DK1,DK_1,day_ahead_price,value,2026-08-02T11:09:27Z
2026-08-02T11:05:08Z,2026-08-02T13:05:08+0200,b3181029-81fc-491a-b750-6dc59ef155aa,2026-07-05T04:45:00Z,2026-07-05T06:45:00+0200,23.87,EUR/MWh,DK1,DK_1,day_ahead_price,value,2026-08-02T11:09:27Z
2026-08-02T11:05:08Z,2026-08-02T13:05:08+0200,b3181029-81fc-491a-b750-6dc59ef155aa,2026-07-05T05:00:00Z,2026-07-05T07:00:00+0200,27.67,EUR/MWh,DK1,DK_1,day_ahead_price,value,2026-08-02T11:09:27Z
2026-08-02T11:05:08Z,2026-08-02T13:05:08+0200,b3181029-81fc-491a-b750-6dc59ef155aa,2026-07-05T05:15:00Z,2026-07-05T07:15:00+0200,24.39,EUR/MWh,DK1,DK_1,day_ahead_price,value,2026-08-02T11:09:27Z
2026-08-02T11:05:08Z,2026-08-02T13:05:08+0200,b3181029-81fc-491a-b750-6dc59ef155aa,2026-07-05T05:30:00Z,2026-07-05T07:30:00+0200,20.99,EUR/MWh,DK1,DK_1,day_ahead_price,value,2026-08-02T11:09:27Z
2026-08-02T11:05:08Z,2026-08-02T13:05:08+0200,b3181029-81fc-491a-b750-6dc59ef155aa,2026-07-05T05:45:00Z,2026-07-05T07:45:00+0200,10.95,EUR/MWh,DK1,DK_1,day_ahead_price,value,2026-08-02T11:09:27Z
2026-08-02T11:05:08Z,2026-08-02T13:05:08+0200,b3181029-81fc-491a-b750-6dc59ef155aa,2026-07-05T06:00:00Z,2026-07-05T08:00:00+0200,33.27,EUR/MWh,DK1,DK_1,day_ahead_price,value,2026-08-02T11:09:27Z
2026-08-02T11:05:08Z,2026-08-02T13:05:08+0200,b3181029-81fc-491a-b750-6dc59ef155aa,2026-07-05T06:15:00Z,2026-07-05T08:15:00+0200,17.67,EUR/MWh,DK1,DK_1,day_ahead_price,value,2026-08-02T11:09:27Z
2026-08-02T11:05:08Z,2026-08-02T13:05:08+0200,b3181029-81fc-491a-b750-6dc59ef155aa,2026-07-05T06:30:00Z,2026-07-05T08:30:00+0200,7.73,EUR/MWh,DK1,DK_1,day_ahead_price,value,2026-08-02T11:09:27Z
2026-08-02T11:05:08Z,2026-08-02T13:05:08+0200,b3181029-81fc-491a-b750-6dc59ef155aa,2026-07-05T06:45:00Z,2026-07-05T08:45:00+0200,4.51,EUR/MWh,DK1,DK_1,day_ahead_price,value,2026-08-02T11:09:27Z
2026-08-02T11:05:08Z,2026-08-02T13:05:08+0200,b3181029-81fc-491a-b750-6dc59ef155aa,2026-07-05T07:00:00Z,2026-07-05T09:00:00+0200,4.6,EUR/MWh,DK1,DK_1,day_ahead_price,value,2026-08-02T11:09:27Z
2026-08-02T11:05:08Z,2026-08-02T13:05:08+0200,b3181029-81fc-491a-b750-6dc59ef155aa,2026-07-05T07:15:00Z,2026-07-05T09:15:00+0200,1.36,EUR/MWh,DK1,DK_1,day_ahead_price,value,2026-08-02T11:09:27Z
2026-08-02T11:05:08Z,2026-08-02T13:05:08+0200,b3181029-81fc-491a-b750-6dc59ef155aa,2026-07-05T07:30:00Z,2026-07-05T09:30:00+0200,0.02,EUR/MWh,DK1,DK_1,day_ahead_price,value,2026-08-02T11:09:27Z
2026-08-02T11:05:08Z,2026-08-02T13:05:08+0200,b3181029-81fc-491a-b750-6dc59ef155aa,2026-07-05T07:45:00Z,2026-07-05T09:45:00+0200,0.0,EUR/MWh,DK1,DK_1,day_ahead_price,value,2026-08-02T11:09:27Z
2026-08-02T11:05:08Z,2026-08-02T13:05:08+0200,b3181029-81fc-491a-b750-6dc59ef155aa,2026-07-05T08:00:00Z,2026-07-05T10:00:00+0200,0.0,EUR/MWh,DK1,DK_1,day_ahead_price,value,2026-08-02T11:09:27Z
2026-08-02T11:05:08Z,2026-08-02T13:05:08+0200,b3181029-81fc-491a-b750-6dc59ef155aa,2026-07-05T08:15:00Z,2026-07-05T10:15:00+0200,0.0,EUR/MWh,DK1,DK_1,day_ahead_price,value,2026-08-02T11:09:27Z
2026-08-02T11:05:08Z,2026-08-02T13:05:08+0200,b3181029-81fc-491a-b750-6dc59ef155aa,2026-07-05T08:30:00Z,2026-07-05T10:30:00+0200,0.0,EUR/MWh,DK1,DK_1,day_ahead_price,value,2026-08-02T11:09:27Z
2026-08-02T11:05:08Z,2026-08-02T13:05:08+0200,b3181029-81fc-491a-b750-6dc59ef155aa,2026-07-05T08:45:00Z,2026-07-05T10:45:00+0200,-0.01,EUR/MWh,DK1,DK_1,day_ahead_price,value,2026-08-02T11:09:27Z
2026-08-02T11:05:08Z,2026-08-02T13:05:08+0200,b3181029-81fc-491a-b750-6dc59ef155aa,2026-07-05T09:00:00Z,2026-07-05T11:00:00+0200,-0.01,EUR/MWh,DK1,DK_1,day_ahead_price,value,2026-08-02T11:09:27Z
2026-08-02T11:05:08Z,2026-08-02T13:05:08+0200,b3181029-81fc-491a-b750-6dc59ef155aa,2026-07-05T09:15:00Z,2026-07-05T11:15:00+0200,-0.01,EUR/MWh,DK1,DK_1,day_ahead_price,value,2026-08-02T11:09:27Z
2026-08-02T11:05:08Z,2026-08-02T13:05:08+0200,b3181029-81fc-491a-b750-6dc59ef155aa,2026-07-05T09:30:00Z,2026-07-05T11:30:00+0200,-0.01,EUR/MWh,DK1,DK_1,day_ahead_price,value,2026-08-02T11:09:27Z
2026-08-02T11:05:08Z,2026-08-02T13:05:08+0200,b3181029-81fc-491a-b750-6dc59ef155aa,2026-07-05T09:45:00Z,2026-07-05T11:45:00+0200,-0.02,EUR/MWh,DK1,DK_1,day_ahead_price,value,2026-08-02T11:09:27Z
2026-08-02T11:05:08Z,2026-08-02T13:05:08+0200,b3181029-81fc-491a-b750-6dc59ef155aa,2026-07-05T10:00:00Z,2026-07-05T12:00:00+0200,-0.08,EUR/MWh,DK1,DK_1,day_ahead_price,value,2026-08-02T11:09:27Z
2026-08-02T11:05:08Z,2026-08-02T13:05:08+0200,b3181029-81fc-491a-b750-6dc59ef155aa,2026-07-05T10:15:00Z,2026-07-05T12:15:00+0200,-0.09,EUR/MWh,DK1,DK_1,day_ahead_price,value,2026-08-02T11:09:27Z
2026-08-02T11:05:08Z,2026-08-02T13:05:08+0200,b3181029-81fc-491a-b750-6dc59ef155aa,2026-07-05T10:30:00Z,2026-07-05T12:30:00+0200,-0.11,EUR/MWh,DK1,DK_1,day_ahead_price,value,2026-08-02T11:09:27Z
2026-08-02T11:05:08Z,2026-08-02T13:05:08+0200,b3181029-81fc-491a-b750-6dc59ef155aa,2026-07-05T10:45:00Z,2026-07-05T12:45:00+0200,-0.12,EUR/MWh,DK1,DK_1,day_ahead_price,value,2026-08-02T11:09:27Z
2026-08-02T11:05:08Z,2026-08-02T13:05:08+0200,b3181029-81fc-491a-b750-6dc59ef155aa,2026-07-05T11:00:00Z,2026-07-05T13:00:00+0200,-0.17,EUR/MWh,DK1,DK_1,day_ahead_price,value,2026-08-02T11:09:27Z
2026-08-02T11:05:08Z,2026-08-02T13:05:08+0200,b3181029-81fc-491a-b750-6dc59ef155aa,2026-07-05T11:15:00Z,2026-07-05T13:15:00+0200,-0.21,EUR/MWh,DK1,DK_1,day_ahead_price,value,2026-08-02T11:09:27Z
2026-08-02T11:05:08Z,2026-08-02T13:05:08+0200,b3181029-81fc-491a-b750-6dc59ef155aa,2026-07-05T11:30:00Z,2026-07-05T13:30:00+0200,-0.98,EUR/MWh,DK1,DK_1,day_ahead_price,value,2026-08-02T11:09:27Z
2026-08-02T11:05:08Z,2026-08-02T13:05:08+0200,b3181029-81fc-491a-b750-6dc59ef155aa,2026-07-05T11:45:00Z,2026-07-05T13:45:00+0200,-1.05,EUR/MWh,DK1,DK_1,day_ahead_price,value,2026-08-02T11:09:27Z
2026-08-02T11:05:08Z,2026-08-02T13:05:08+0200,b3181029-81fc-491a-b750-6dc59ef155aa,2026-07-05T12:00:00Z,2026-07-05T14:00:00+0200,-1.29,EUR/MWh,DK1,DK_1,day_ahead_price,value,2026-08-02T11:09:27Z
2026-08-02T11:05:08Z,2026-08-02T13:05:08+0200,b3181029-81fc-491a-b750-6dc59ef155aa,2026-07-05T12:15:00Z,2026-07-05T14:15:00+0200,-1.18,EUR/MWh,DK1,DK_1,day_ahead_price,value,2026-08-02T11:09:27Z
2026-08-02T11:05:08Z,2026-08-02T13:05:08+0200,b3181029-81fc-491a-b750-6dc59ef155aa,2026-07-05T12:30:00Z,2026-07-05T14:30:00+0200,-1.08,EUR/MWh,DK1,DK_1,day_ahead_price,value,2026-08-02T11:09:27Z
2026-08-02T11:05:08Z,2026-08-02T13:05:08+0200,b3181029-81fc-491a-b750-6dc59ef155aa,2026-07-05T12:45:00Z,2026-07-05T14:45:00+0200,-1.03,EUR/MWh,DK1,DK_1,day_ahead_price,value,2026-08-02T11:09:27Z
2026-08-02T11:05:08Z,2026-08-02T13:05:08+0200,b3181029-81fc-491a-b750-6dc59ef155aa,2026-07-05T13:00:00Z,2026-07-05T15:00:00+0200,-1.0,EUR/MWh,DK1,DK_1,day_ahead_price,value,2026-08-02T11:09:27Z
2026-08-02T11:05:08Z,2026-08-02T13:05:08+0200,b3181029-81fc-491a-b750-6dc59ef155aa,2026-07-05T13:15:00Z,2026-07-05T15:15:00+0200,-1.03,EUR/MWh,DK1,DK_1,day_ahead_price,value,2026-08-02T11:09:27Z
2026-08-02T11:05:08Z,2026-08-02T13:05:08+0200,b3181029-81fc-491a-b750-6dc59ef155aa,2026-07-05T13:30:00Z,2026-07-05T15:30:00+0200,-1.0,EUR/MWh,DK1,DK_1,day_ahead_price,value,2026-08-02T11:09:27Z
2026-08-02T11:05:08Z,2026-08-02T13:05:08+0200,b3181029-81fc-491a-b750-6dc59ef155aa,2026-07-05T13:45:00Z,2026-07-05T15:45:00+0200,-0.98,EUR/MWh,DK1,DK_1,day_ahead_price,value,2026-08-02T11:09:27Z
2026-08-02T11:05:08Z,2026-08-02T13:05:08+0200,b3181029-81fc-491a-b750-6dc59ef155aa,2026-07-05T14:00:00Z,2026-07-05T16:00:00+0200,-0.08,EUR/MWh,DK1,DK_1,day_ahead_price,value,2026-08-02T11:09:27Z
2026-08-02T11:05:08Z,2026-08-02T13:05:08+0200,b3181029-81fc-491a-b750-6dc59ef155aa,2026-07-05T14:15:00Z,2026-07-05T16:15:00+0200,-0.01,EUR/MWh,DK1,DK_1,day_ahead_price,value,2026-08-02T11:09:27Z
2026-08-02T11:05:08Z,2026-08-02T13:05:08+0200,b3181029-81fc-491a-b750-6dc59ef155aa,2026-07-05T14:30:00Z,2026-07-05T16:30:00+0200,0.01,EUR/MWh,DK1,DK_1,day_ahead_price,value,2026-08-02T11:09:27Z
2026-08-02T11:05:08Z,2026-08-02T13:05:08+0200,b3181029-81fc-491a-b750-6dc59ef155aa,2026-07-05T14:45:00Z,2026-07-05T16:45:00+0200,-0.04,EUR/MWh,DK1,DK_1,day_ahead_price,value,2026-08-02T11:09:27Z
2026-08-02T11:05:08Z,2026-08-02T13:05:08+0200,b3181029-81fc-491a-b750-6dc59ef155aa,2026-07-05T15:00:00Z,2026-07-05T17:00:00+0200,-0.01,EUR/MWh,DK1,DK_1,day_ahead_price,value,2026-08-02T11:09:27Z
2026-08-02T11:05:08Z,2026-08-02T13:05:08+0200,b3181029-81fc-491a-b750-6dc59ef155aa,2026-07-05T15:15:00Z,2026-07-05T17:15:00+0200,-0.03,EUR/MWh,DK1,DK_1,day_ahead_price,value,2026-08-02T11:09:27Z
2026-08-02T11:05:08Z,2026-08-02T13:05:08+0200,b3181029-81fc-491a-b750-6dc59ef155aa,2026-07-05T15:30:00Z,2026-07-05T17:30:00+0200,2.1,EUR/MWh,DK1,DK_1,day_ahead_price,value,2026-08-02T11:09:27Z
2026-08-02T11:05:08Z,2026-08-02T13:05:08+0200,b3181029-81fc-491a-b750-6dc59ef155aa,2026-07-05T15:45:00Z,2026-07-05T17:45:00+0200,6.64,EUR/MWh,DK1,DK_1,day_ahead_price,value,2026-08-02T11:09:27Z
2026-08-02T11:05:08Z,2026-08-02T13:05:08+0200,b3181029-81fc-491a-b750-6dc59ef155aa,2026-07-05T16:00:00Z,2026-07-05T18:00:00+0200,6.02,EUR/MWh,DK1,DK_1,day_ahead_price,value,2026-08-02T11:09:27Z
2026-08-02T11:05:08Z,2026-08-02T13:05:08+0200,b3181029-81fc-491a-b750-6dc59ef155aa,2026-07-05T16:15:00Z,2026-07-05T18:15:00+0200,9.49,EUR/MWh,DK1,DK_1,day_ahead_price,value,2026-08-02T11:09:27Z
2026-08-02T11:05:08Z,2026-08-02T13:05:08+0200,b3181029-81fc-491a-b750-6dc59ef155aa,2026-07-05T16:30:00Z,2026-07-05T18:30:00+0200,15.0,EUR/MWh,DK1,DK_1,day_ahead_price,value,2026-08-02T11:09:27Z
2026-08-02T11:05:08Z,2026-08-02T13:05:08+0200,b3181029-81fc-491a-b750-6dc59ef155aa,2026-07-05T16:45:00Z,2026-07-05T18:45:00+0200,18.45,EUR/MWh,DK1,DK_1,day_ahead_price,value,2026-08-02T11:09:27Z
2026-08-02T11:05:08Z,2026-08-02T13:05:08+0200,b3181029-81fc-491a-b750-6dc59ef155aa,2026-07-05T17:00:00Z,2026-07-05T19:00:00+0200,9.1,EUR/MWh,DK1,DK_1,day_ahead_price,value,2026-08-02T11:09:27Z
2026-08-02T11:05:08Z,2026-08-02T13:05:08+0200,b3181029-81fc-491a-b750-6dc59ef155aa,2026-07-05T17:15:00Z,2026-07-05T19:15:00+0200,21.37,EUR/MWh,DK1,DK_1,day_ahead_price,value,2026-08-02T11:09:27Z
2026-08-02T11:05:08Z,2026-08-02T13:05:08+0200,b3181029-81fc-491a-b750-6dc59ef155aa,2026-07-05T17:30:00Z,2026-07-05T19:30:00+0200,43.4,EUR/MWh,DK1,DK_1,day_ahead_price,value,2026-08-02T11:09:27Z
2026-08-02T11:05:08Z,2026-08-02T13:05:08+0200,b3181029-81fc-491a-b750-6dc59ef155aa,2026-07-05T17:45:00Z,2026-07-05T19:45:00+0200,63.42,EUR/MWh,DK1,DK_1,day_ahead_price,value,2026-08-02T11:09:27Z
2026-08-02T11:05:08Z,2026-08-02T13:05:08+0200,b3181029-81fc-491a-b750-6dc59ef155aa,2026-07-05T18:00:00Z,2026-07-05T20:00:00+0200,77.0,EUR/MWh,DK1,DK_1,day_ahead_price,value,2026-08-02T11:09:27Z
2026-08-02T11:05:08Z,2026-08-02T13:05:08+0200,b3181029-81fc-491a-b750-6dc59ef155aa,2026-07-05T18:15:00Z,2026-07-05T20:15:00+0200,76.39,EUR/MWh,DK1,DK_1,day_ahead_price,value,2026-08-02T11:09:27Z
2026-08-02T11:05:08Z,2026-08-02T13:05:08+0200,b3181029-81fc-491a-b750-6dc59ef155aa,2026-07-05T18:30:00Z,2026-07-05T20:30:00+0200,82.92,EUR/MWh,DK1,DK_1,day_ahead_price,value,2026-08-02T11:09:27Z
2026-08-02T11:05:08Z,2026-08-02T13:05:08+0200,b3181029-81fc-491a-b750-6dc59ef155aa,2026-07-05T18:45:00Z,2026-07-05T20:45:00+0200,80.28,EUR/MWh,DK1,DK_1,day_ahead_price,value,2026-08-02T11:09:27Z
2026-08-02T11:05:08Z,2026-08-02T13:05:08+0200,b3181029-81fc-491a-b750-6dc59ef155aa,2026-07-05T19:00:00Z,2026-07-05T21:00:00+0200,106.32,EUR/MWh,DK1,DK_1,day_ahead_price,value,2026-08-02T11:09:27Z
2026-08-02T11:05:08Z,2026-08-02T13:05:08+0200,b3181029-81fc-491a-b750-6dc59ef155aa,2026-07-05T19:15:00Z,2026-07-05T21:15:00+0200,102.32,EUR/MWh,DK1,DK_1,day_ahead_price,value,2026-08-02T11:09:27Z
2026-08-02T11:05:08Z,2026-08-02T13:05:08+0200,b3181029-81fc-491a-b750-6dc59ef155aa,2026-07-05T19:30:00Z,2026-07-05T21:30:00+0200,89.17,EUR/MWh,DK1,DK_1,day_ahead_price,value,2026-08-02T11:09:27Z
2026-08-02T11:05:08Z,2026-08-02T13:05:08+0200,b3181029-81fc-491a-b750-6dc59ef155aa,2026-07-05T19:45:00Z,2026-07-05T21:45:00+0200,82.19,EUR/MWh,DK1,DK_1,day_ahead_price,value,2026-08-02T11:09:27Z
2026-08-02T11:05:08Z,2026-08-02T13:05:08+0200,b3181029-81fc-491a-b750-6dc59ef155aa,2026-07-05T20:00:00Z,2026-07-05T22:00:00+0200,101.6,EUR/MWh,DK1,DK_1,day_ahead_price,value,2026-08-02T11:09:27Z
2026-08-02T11:05:08Z,2026-08-02T13:05:08+0200,b3181029-81fc-491a-b750-6dc59ef155aa,2026-07-05T20:15:00Z,2026-07-05T22:15:00+0200,96.84,EUR/MWh,DK1,DK_1,day_ahead_price,value,2026-08-02T11:09:27Z
2026-08-02T11:05:08Z,2026-08-02T13:05:08+0200,b3181029-81fc-491a-b750-6dc59ef155aa,2026-07-05T20:30:00Z,2026-07-05T22:30:00+0200,103.93,EUR/MWh,DK1,DK_1,day_ahead_price,value,2026-08-02T11:09:27Z
2026-08-02T11:05:08Z,2026-08-02T13:05:08+0200,b3181029-81fc-491a-b750-6dc59ef155aa,2026-07-05T20:45:00Z,2026-07-05T22:45:00+0200,101.2,EUR/MWh,DK1,DK_1,day_ahead_price,value,2026-08-02T11:09:27Z
2026-08-02T11:05:08Z,2026-08-02T13:05:08+0200,b3181029-81fc-491a-b750-6dc59ef155aa,2026-07-05T21:00:00Z,2026-07-05T23:00:00+0200,102.4,EUR/MWh,DK1,DK_1,day_ahead_price,value,2026-08-02T11:09:27Z
2026-08-02T11:05:08Z,2026-08-02T13:05:08+0200,b3181029-81fc-491a-b750-6dc59ef155aa,2026-07-05T21:15:00Z,2026-07-05T23:15:00+0200,107.21,EUR/MWh,DK1,DK_1,day_ahead_price,value,2026-08-02T11:09:27Z
2026-08-02T11:05:08Z,2026-08-02T13:05:08+0200,b3181029-81fc-491a-b750-6dc59ef155aa,2026-07-05T21:30:00Z,2026-07-05T23:30:00+0200,97.45,EUR/MWh,DK1,DK_1,day_ahead_price,value,2026-08-02T11:09:27Z
2026-08-02T11:05:08Z,2026-08-02T13:05:08+0200,b3181029-81fc-491a-b750-6dc59ef155aa,2026-07-05T21:45:00Z,2026-07-05T23:45:00+0200,101.62,EUR/MWh,DK1,DK_1,day_ahead_price,value,2026-08-02T11:09:27Z
2026-08-02T11:05:08Z,2026-08-02T13:05:08+0200,b3181029-81fc-491a-b750-6dc59ef155aa,2026-07-05T22:00:00Z,2026-07-06T00:00:00+0200,148.8,EUR/MWh,DK1,DK_1,day_ahead_price,value,2026-08-02T11:09:27Z
2026-08-02T11:05:08Z,2026-08-02T13:05:08+0200,b3181029-81fc-491a-b750-6dc59ef155aa,2026-07-05T22:15:00Z,2026-07-06T00:15:00+0200,129.179993,EUR/MWh,DK1,DK_1,day_ahead_price,value,2026-08-02T11:09:27Z
2026-08-02T11:05:08Z,2026-08-02T13:05:08+0200,b3181029-81fc-491a-b750-6dc59ef155aa,2026-07-05T22:30:00Z,2026-07-06T00:30:00+0200,128.990005,EUR/MWh,DK1,DK_1,day_ahead_price,value,2026-08-02T11:09:27Z
2026-08-02T11:05:08Z,2026-08-02T13:05:08+0200,b3181029-81fc-491a-b750-6dc59ef155aa,2026-07-05T22:45:00Z,2026-07-06T00:45:00+0200,123.9,EUR/MWh,DK1,DK_1,day_ahead_price,value,2026-08-02T11:09:27Z
2026-08-02T11:05:08Z,2026-08-02T13:05:08+0200,b3181029-81fc-491a-b750-6dc59ef155aa,2026-07-05T23:00:00Z,2026-07-06T01:00:00+0200,127.459999,EUR/MWh,DK1,DK_1,day_ahead_price,value,2026-08-02T11:09:27Z
2026-08-02T11:05:08Z,2026-08-02T13:05:08+0200,b3181029-81fc-491a-b750-6dc59ef155aa,2026-07-05T23:15:00Z,2026-07-06T01:15:00+0200,124.87,EUR/MWh,DK1,DK_1,day_ahead_price,value,2026-08-02T11:09:27Z
2026-08-02T11:05:08Z,2026-08-02T13:05:08+0200,b3181029-81fc-491a-b750-6dc59ef155aa,2026-07-05T23:30:00Z,2026-07-06T01:30:00+0200,122.900002,EUR/MWh,DK1,DK_1,day_ahead_price,value,2026-08-02T11:09:27Z
2026-08-02T11:05:08Z,2026-08-02T13:05:08+0200,b3181029-81fc-491a-b750-6dc59ef155aa,2026-07-05T23:45:00Z,2026-07-06T01:45:00+0200,119.93,EUR/MWh,DK1,DK_1,day_ahead_price,value,2026-08-02T11:09:27Z
2026-08-02T11:05:08Z,2026-08-02T13:05:08+0200,b3181029-81fc-491a-b750-6dc59ef155aa,2026-07-06T00:00:00Z,2026-07-06T02:00:00+0200,124.660004,EUR/MWh,DK1,DK_1,day_ahead_price,value,2026-08-02T11:09:27Z
2026-08-02T11:05:08Z,2026-08-02T13:05:08+0200,b3181029-81fc-491a-b750-6dc59ef155aa,2026-07-06T00:15:00Z,2026-07-06T02:15:00+0200,119.059998,EUR/MWh,DK1,DK_1,day_ahead_price,value,2026-08-02T11:09:27Z
2026-08-02T11:05:08Z,2026-08-02T13:05:08+0200,b3181029-81fc-491a-b750-6dc59ef155aa,2026-07-06T00:30:00Z,2026-07-06T02:30:00+0200,117.28,EUR/MWh,DK1,DK_1,day_ahead_price,value,2026-08-02T11:09:27Z
2026-08-02T11:05:08Z,2026-08-02T13:05:08+0200,b3181029-81fc-491a-b750-6dc59ef155aa,2026-07-06T00:45:00Z,2026-07-06T02:45:00+0200,113.81,EUR/MWh,DK1,DK_1,day_ahead_price,value,2026-08-02T11:09:27Z
2026-08-02T11:05:08Z,2026-08-02T13:05:08+0200,b3181029-81fc-491a-b750-6dc59ef155aa,2026-07-06T01:00:00Z,2026-07-06T03:00:00+0200,114.239998,EUR/MWh,DK1,DK_1,day_ahead_price,value,2026-08-02T11:09:27Z
2026-08-02T11:05:08Z,2026-08-02T13:05:08+0200,b3181029-81fc-491a-b750-6dc59ef155aa,2026-07-06T01:15:00Z,2026-07-06T03:15:00+0200,113.1,EUR/MWh,DK1,DK_1,day_ahead_price,value,2026-08-02T11:09:27Z
2026-08-02T11:05:08Z,2026-08-02T13:05:08+0200,b3181029-81fc-491a-b750-6dc59ef155aa,2026-07-06T01:30:00Z,2026-07-06T03:30:00+0200,114.47,EUR/MWh,DK1,DK_1,day_ahead_price,value,2026-08-02T11:09:27Z
2026-08-02T11:05:08Z,2026-08-02T13:05:08+0200,b3181029-81fc-491a-b750-6dc59ef155aa,2026-07-06T01:45:00Z,2026-07-06T03:45:00+0200,114.56,EUR/MWh,DK1,DK_1,day_ahead_price,value,2026-08-02T11:09:27Z
2026-08-02T11:05:08Z,2026-08-02T13:05:08+0200,b3181029-81fc-491a-b750-6dc59ef155aa,2026-07-06T02:00:00Z,2026-07-06T04:00:00+0200,112.73,EUR/MWh,DK1,DK_1,day_ahead_price,value,2026-08-02T11:09:27Z
2026-08-02T11:05:08Z,2026-08-02T13:05:08+0200,b3181029-81fc-491a-b750-6dc59ef155aa,2026-07-06T02:15:00Z,2026-07-06T04:15:00+0200,112.86,EUR/MWh,DK1,DK_1,day_ahead_price,value,2026-08-02T11:09:27Z
2026-08-02T11:05:08Z,2026-08-02T13:05:08+0200,b3181029-81fc-491a-b750-6dc59ef155aa,2026-07-06T02:30:00Z,2026-07-06T04:30:00+0200,115.56,EUR/MWh,DK1,DK_1,day_ahead_price,value,2026-08-02T11:09:27Z
2026-08-02T11:05:08Z,2026-08-02T13:05:08+0200,b3181029-81fc-491a-b750-6dc59ef155aa,2026-07-06T02:45:00Z,2026-07-06T04:45:00+0200,115.85,EUR/MWh,DK1,DK_1,day_ahead_price,value,2026-08-02T11:09:27Z
2026-08-02T11:05:08Z,2026-08-02T13:05:08+0200,b3181029-81fc-491a-b750-6dc59ef155aa,2026-07-06T03:00:00Z,2026-07-06T05:00:00+0200,115.08,EUR/MWh,DK1,DK_1,day_ahead_price,value,2026-08-02T11:09:27Z
2026-08-02T11:05:08Z,2026-08-02T13:05:08+0200,b3181029-81fc-491a-b750-6dc59ef155aa,2026-07-06T03:15:00Z,2026-07-06T05:15:00+0200,116.2,EUR/MWh,DK1,DK_1,day_ahead_price,value,2026-08-02T11:09:27Z
2026-08-02T11:05:08Z,2026-08-02T13:05:08+0200,b3181029-81fc-491a-b750-6dc59ef155aa,2026-07-06T03:30:00Z,2026-07-06T05:30:00+0200,119.43,EUR/MWh,DK1,DK_1,day_ahead_price,value,2026-08-02T11:09:27Z
2026-08-02T11:05:08Z,2026-08-02T13:05:08+0200,b3181029-81fc-491a-b750-6dc59ef155aa,2026-07-06T03:45:00Z,2026-07-06T05:45:00+0200,129.470001,EUR/MWh,DK1,DK_1,day_ahead_price,value,2026-08-02T11:09:27Z
2026-08-02T11:05:08Z,2026-08-02T13:05:08+0200,b3181029-81fc-491a-b750-6dc59ef155aa,2026-07-06T04:00:00Z,2026-07-06T06:00:00+0200,129.14,EUR/MWh,DK1,DK_1,day_ahead_price,value,2026-08-02T11:09:27Z
2026-08-02T11:05:08Z,2026-08-02T13:05:08+0200,b3181029-81fc-491a-b750-6dc59ef155aa,2026-07-06T04:15:00Z,2026-07-06T06:15:00+0200,138.490005,EUR/MWh,DK1,DK_1,day_ahead_price,value,2026-08-02T11:09:27Z
2026-08-02T11:05:08Z,2026-08-02T13:05:08+0200,b3181029-81fc-491a-b750-6dc59ef155aa,2026-07-06T04:30:00Z,2026-07-06T06:30:00+0200,138.929993,EUR/MWh,DK1,DK_1,day_ahead_price,value,2026-08-02T11:09:27Z
2026-08-02T11:05:08Z,2026-08-02T13:05:08+0200,b3181029-81fc-491a-b750-6dc59ef155aa,2026-07-06T04:45:00Z,2026-07-06T06:45:00+0200,136.630005,EUR/MWh,DK1,DK_1,day_ahead_price,value,2026-08-02T11:09:27Z
2026-08-02T11:05:08Z,2026-08-02T13:05:08+0200,b3181029-81fc-491a-b750-6dc59ef155aa,2026-07-06T05:00:00Z,2026-07-06T07:00:00+0200,148.929993,EUR/MWh,DK1,DK_1,day_ahead_price,value,2026-08-02T11:09:27Z
2026-08-02T11:05:08Z,2026-08-02T13:05:08+0200,b3181029-81fc-491a-b750-6dc59ef155aa,2026-07-06T05:15:00Z,2026-07-06T07:15:00+0200,144.43,EUR/MWh,DK1,DK_1,day_ahead_price,value,2026-08-02T11:09:27Z
2026-08-02T11:05:08Z,2026-08-02T13:05:08+0200,b3181029-81fc-491a-b750-6dc59ef155aa,2026-07-06T05:30:00Z,2026-07-06T07:30:00+0200,134.289993,EUR/MWh,DK1,DK_1,day_ahead_price,value,2026-08-02T11:09:27Z
2026-08-02T11:05:08Z,2026-08-02T13:05:08+0200,b3181029-81fc-491a-b750-6dc59ef155aa,2026-07-06T05:45:00Z,2026-07-06T07:45:00+0200,133.929993,EUR/MWh,DK1,DK_1,day_ahead_price,value,2026-08-02T11:09:27Z
2026-08-02T11:05:08Z,2026-08-02T13:05:08+0200,b3181029-81fc-491a-b750-6dc59ef155aa,2026-07-06T06:00:00Z,2026-07-06T08:00:00+0200,157.6,EUR/MWh,DK1,DK_1,day_ahead_price,value,2026-08-02T11:09:27Z
2026-08-02T11:05:08Z,2026-08-02T13:05:08+0200,b3181029-81fc-491a-b750-6dc59ef155aa,2026-07-06T06:15:00Z,2026-07-06T08:15:00+0200,136.759995,EUR/MWh,DK1,DK_1,day_ahead_price,value,2026-08-02T11:09:27Z
2026-08-02T11:05:08Z,2026-08-02T13:05:08+0200,b3181029-81fc-491a-b750-6dc59ef155aa,2026-07-06T06:30:00Z,2026-07-06T08:30:00+0200,129.56,EUR/MWh,DK1,DK_1,day_ahead_price,value,2026-08-02T11:09:27Z
2026-08-02T11:05:08Z,2026-08-02T13:05:08+0200,b3181029-81fc-491a-b750-6dc59ef155aa,2026-07-06T06:45:00Z,2026-07-06T08:45:00+0200,119.74,EUR/MWh,DK1,DK_1,day_ahead_price,value,2026-08-02T11:09:27Z
2026-08-02T11:05:08Z,2026-08-02T13:05:08+0200,b3181029-81fc-491a-b750-6dc59ef155aa,2026-07-06T07:00:00Z,2026-07-06T09:00:00+0200,129.240005,EUR/MWh,DK1,DK_1,day_ahead_price,value,2026-08-02T11:09:27Z
2026-08-02T11:05:08Z,2026-08-02T13:05:08+0200,b3181029-81fc-491a-b750-6dc59ef155aa,2026-07-06T07:15:00Z,2026-07-06T09:15:00+0200,117.779999,EUR/MWh,DK1,DK_1,day_ahead_price,value,2026-08-02T11:09:27Z
2026-08-02T11:05:08Z,2026-08-02T13:05:08+0200,b3181029-81fc-491a-b750-6dc59ef155aa,2026-07-06T07:30:00Z,2026-07-06T09:30:00+0200,107.05,EUR/MWh,DK1,DK_1,day_ahead_price,value,2026-08-02T11:09:27Z
2026-08-02T11:05:08Z,2026-08-02T13:05:08+0200,b3181029-81fc-491a-b750-6dc59ef155aa,2026-07-06T07:45:00Z,2026-07-06T09:45:00+0200,95.889999,EUR/MWh,DK1,DK_1,day_ahead_price,value,2026-08-02T11:09:27Z
2026-08-02T11:05:08Z,2026-08-02T13:05:08+0200,b3181029-81fc-491a-b750-6dc59ef155aa,2026-07-06T08:00:00Z,2026-07-06T10:00:00+0200,118.22,EUR/MWh,DK1,DK_1,day_ahead_price,value,2026-08-02T11:09:27Z
2026-08-02T11:05:08Z,2026-08-02T13:05:08+0200,b3181029-81fc-491a-b750-6dc59ef155aa,2026-07-06T08:15:00Z,2026-07-06T10:15:00+0200,97.339996,EUR/MWh,DK1,DK_1,day_ahead_price,value,2026-08-02T11:09:27Z
2026-08-02T11:05:08Z,2026-08-02T13:05:08+0200,b3181029-81fc-491a-b750-6dc59ef155aa,2026-07-06T08:30:00Z,2026-07-06T10:30:00+0200,84.02,EUR/MWh,DK1,DK_1,day_ahead_price,value,2026-08-02T11:09:27Z
2026-08-02T11:05:08Z,2026-08-02T13:05:08+0200,b3181029-81fc-491a-b750-6dc59ef155aa,2026-07-06T08:45:00Z,2026-07-06T10:45:00+0200,72.36,EUR/MWh,DK1,DK_1,day_ahead_price,value,2026-08-02T11:09:27Z
2026-08-02T11:05:08Z,2026-08-02T13:05:08+0200,b3181029-81fc-491a-b750-6dc59ef155aa,2026-07-06T09:00:00Z,2026-07-06T11:00:00+0200,90.709999,EUR/MWh,DK1,DK_1,day_ahead_price,value,2026-08-02T11:09:27Z
2026-08-02T11:05:08Z,2026-08-02T13:05:08+0200,b3181029-81fc-491a-b750-6dc59ef155aa,2026-07-06T09:15:00Z,2026-07-06T11:15:00+0200,82.24,EUR/MWh,DK1,DK_1,day_ahead_price,value,2026-08-02T11:09:27Z
2026-08-02T11:05:08Z,2026-08-02T13:05:08+0200,b3181029-81fc-491a-b750-6dc59ef155aa,2026-07-06T09:30:00Z,2026-07-06T11:30:00+0200,64.71,EUR/MWh,DK1,DK_1,day_ahead_price,value,2026-08-02T11:09:27Z
2026-08-02T11:05:08Z,2026-08-02T13:05:08+0200,b3181029-81fc-491a-b750-6dc59ef155aa,2026-07-06T09:45:00Z,2026-07-06T11:45:00+0200,58.49,EUR/MWh,DK1,DK_1,day_ahead_price,value,2026-08-02T11:09:27Z
2026-08-02T11:05:08Z,2026-08-02T13:05:08+0200,b3181029-81fc-491a-b750-6dc59ef155aa,2026-07-06T10:00:00Z,2026-07-06T12:00:00+0200,61.990002,EUR/MWh,DK1,DK_1,day_ahead_price,value,2026-08-02T11:09:27Z
2026-08-02T11:05:08Z,2026-08-02T13:05:08+0200,b3181029-81fc-491a-b750-6dc59ef155aa,2026-07-06T10:15:00Z,2026-07-06T12:15:00+0200,46.799999,EUR/MWh,DK1,DK_1,day_ahead_price,value,2026-08-02T11:09:27Z
2026-08-02T11:05:08Z,2026-08-02T13:05:08+0200,b3181029-81fc-491a-b750-6dc59ef155aa,2026-07-06T10:30:00Z,2026-07-06T12:30:00+0200,38.099998,EUR/MWh,DK1,DK_1,day_ahead_price,value,2026-08-02T11:09:27Z
2026-08-02T11:05:08Z,2026-08-02T13:05:08+0200,b3181029-81fc-491a-b750-6dc59ef155aa,2026-07-06T10:45:00Z,2026-07-06T12:45:00+0200,26.67,EUR/MWh,DK1,DK_1,day_ahead_price,value,2026-08-02T11:09:27Z
2026-08-02T11:05:08Z,2026-08-02T13:05:08+0200,b3181029-81fc-491a-b750-6dc59ef155aa,2026-07-06T11:00:00Z,2026-07-06T13:00:00+0200,40.28,EUR/MWh,DK1,DK_1,day_ahead_price,value,2026-08-02T11:09:27Z
2026-08-02T11:05:08Z,2026-08-02T13:05:08+0200,b3181029-81fc-491a-b750-6dc59ef155aa,2026-07-06T11:15:00Z,2026-07-06T13:15:00+0200,28.2,EUR/MWh,DK1,DK_1,day_ahead_price,value,2026-08-02T11:09:27Z
2026-08-02T11:05:08Z,2026-08-02T13:05:08+0200,b3181029-81fc-491a-b750-6dc59ef155aa,2026-07-06T11:30:00Z,2026-07-06T13:30:00+0200,24.39,EUR/MWh,DK1,DK_1,day_ahead_price,value,2026-08-02T11:09:27Z
2026-08-02T11:05:08Z,2026-08-02T13:05:08+0200,b3181029-81fc-491a-b750-6dc59ef155aa,2026-07-06T11:45:00Z,2026-07-06T13:45:00+0200,19.25,EUR/MWh,DK1,DK_1,day_ahead_price,value,2026-08-02T11:09:27Z
2026-08-02T11:05:08Z,2026-08-02T13:05:08+0200,b3181029-81fc-491a-b750-6dc59ef155aa,2026-07-06T12:00:00Z,2026-07-06T14:00:00+0200,19.36,EUR/MWh,DK1,DK_1,day_ahead_price,value,2026-08-02T11:09:27Z
2026-08-02T11:05:08Z,2026-08-02T13:05:08+0200,b3181029-81fc-491a-b750-6dc59ef155aa,2026-07-06T12:15:00Z,2026-07-06T14:15:00+0200,19.44,EUR/MWh,DK1,DK_1,day_ahead_price,value,2026-08-02T11:09:27Z
2026-08-02T11:05:08Z,2026-08-02T13:05:08+0200,b3181029-81fc-491a-b750-6dc59ef155aa,2026-07-06T12:30:00Z,2026-07-06T14:30:00+0200,24.8,EUR/MWh,DK1,DK_1,day_ahead_price,value,2026-08-02T11:09:27Z
2026-08-02T11:05:08Z,2026-08-02T13:05:08+0200,b3181029-81fc-491a-b750-6dc59ef155aa,2026-07-06T12:45:00Z,2026-07-06T14:45:00+0200,25.4,EUR/MWh,DK1,DK_1,day_ahead_price,value,2026-08-02T11:09:27Z
2026-08-02T11:05:08Z,2026-08-02T13:05:08+0200,b3181029-81fc-491a-b750-6dc59ef155aa,2026-07-06T13:00:00Z,2026-07-06T15:00:00+0200,9.49,EUR/MWh,DK1,DK_1,day_ahead_price,value,2026-08-02T11:09:27Z
2026-08-02T11:05:08Z,2026-08-02T13:05:08+0200,b3181029-81fc-491a-b750-6dc59ef155aa,2026-07-06T13:15:00Z,2026-07-06T15:15:00+0200,15.81,EUR/MWh,DK1,DK_1,day_ahead_price,value,2026-08-02T11:09:27Z
2026-08-02T11:05:08Z,2026-08-02T13:05:08+0200,b3181029-81fc-491a-b750-6dc59ef155aa,2026-07-06T13:30:00Z,2026-07-06T15:30:00+0200,11.15,EUR/MWh,DK1,DK_1,day_ahead_price,value,2026-08-02T11:09:27Z
2026-08-02T11:05:08Z,2026-08-02T13:05:08+0200,b3181029-81fc-491a-b750-6dc59ef155aa,2026-07-06T13:45:00Z,2026-07-06T15:45:00+0200,29.139999,EUR/MWh,DK1,DK_1,day_ahead_price,value,2026-08-02T11:09:27Z
2026-08-02T11:05:08Z,2026-08-02T13:05:08+0200,b3181029-81fc-491a-b750-6dc59ef155aa,2026-07-06T14:00:00Z,2026-07-06T16:00:00+0200,9.1,EUR/MWh,DK1,DK_1,day_ahead_price,value,2026-08-02T11:09:27Z
2026-08-02T11:05:08Z,2026-08-02T13:05:08+0200,b3181029-81fc-491a-b750-6dc59ef155aa,2026-07-06T14:15:00Z,2026-07-06T16:15:00+0200,28.99,EUR/MWh,DK1,DK_1,day_ahead_price,value,2026-08-02T11:09:27Z
2026-08-02T11:05:08Z,2026-08-02T13:05:08+0200,b3181029-81fc-491a-b750-6dc59ef155aa,2026-07-06T14:30:00Z,2026-07-06T16:30:00+0200,38.95,EUR/MWh,DK1,DK_1,day_ahead_price,value,2026-08-02T11:09:27Z
2026-08-02T11:05:08Z,2026-08-02T13:05:08+0200,b3181029-81fc-491a-b750-6dc59ef155aa,2026-07-06T14:45:00Z,2026-07-06T16:45:00+0200,51.880001,EUR/MWh,DK1,DK_1,day_ahead_price,value,2026-08-02T11:09:27Z
2026-08-02T11:05:08Z,2026-08-02T13:05:08+0200,b3181029-81fc-491a-b750-6dc59ef155aa,2026-07-06T15:00:00Z,2026-07-06T17:00:00+0200,30.67,EUR/MWh,DK1,DK_1,day_ahead_price,value,2026-08-02T11:09:27Z
2026-08-02T11:05:08Z,2026-08-02T13:05:08+0200,b3181029-81fc-491a-b750-6dc59ef155aa,2026-07-06T15:15:00Z,2026-07-06T17:15:00+0200,65.55,EUR/MWh,DK1,DK_1,day_ahead_price,value,2026-08-02T11:09:27Z
2026-08-02T11:05:08Z,2026-08-02T13:05:08+0200,b3181029-81fc-491a-b750-6dc59ef155aa,2026-07-06T15:30:00Z,2026-07-06T17:30:00+0200,82.650002,EUR/MWh,DK1,DK_1,day_ahead_price,value,2026-08-02T11:09:27Z
2026-08-02T11:05:08Z,2026-08-02T13:05:08+0200,b3181029-81fc-491a-b750-6dc59ef155aa,2026-07-06T15:45:00Z,2026-07-06T17:45:00+0200,94.57,EUR/MWh,DK1,DK_1,day_ahead_price,value,2026-08-02T11:09:27Z
2026-08-02T11:05:08Z,2026-08-02T13:05:08+0200,b3181029-81fc-491a-b750-6dc59ef155aa,2026-07-06T16:00:00Z,2026-07-06T18:00:00+0200,80.87,EUR/MWh,DK1,DK_1,day_ahead_price,value,2026-08-02T11:09:27Z
2026-08-02T11:05:08Z,2026-08-02T13:05:08+0200,b3181029-81fc-491a-b750-6dc59ef155aa,2026-07-06T16:15:00Z,2026-07-06T18:15:00+0200,94.78,EUR/MWh,DK1,DK_1,day_ahead_price,value,2026-08-02T11:09:27Z
2026-08-02T11:05:08Z,2026-08-02T13:05:08+0200,b3181029-81fc-491a-b750-6dc59ef155aa,2026-07-06T16:30:00Z,2026-07-06T18:30:00+0200,110.809998,EUR/MWh,DK1,DK_1,day_ahead_price,value,2026-08-02T11:09:27Z
2026-08-02T11:05:08Z,2026-08-02T13:05:08+0200,b3181029-81fc-491a-b750-6dc59ef155aa,2026-07-06T16:45:00Z,2026-07-06T18:45:00+0200,118.56,EUR/MWh,DK1,DK_1,day_ahead_price,value,2026-08-02T11:09:27Z
2026-08-02T11:05:08Z,2026-08-02T13:05:08+0200,b3181029-81fc-491a-b750-6dc59ef155aa,2026-07-06T17:00:00Z,2026-07-06T19:00:00+0200,101.690002,EUR/MWh,DK1,DK_1,day_ahead_price,value,2026-08-02T11:09:27Z
2026-08-02T11:05:08Z,2026-08-02T13:05:08+0200,b3181029-81fc-491a-b750-6dc59ef155aa,2026-07-06T17:15:00Z,2026-07-06T19:15:00+0200,110.38,EUR/MWh,DK1,DK_1,day_ahead_price,value,2026-08-02T11:09:27Z
2026-08-02T11:05:08Z,2026-08-02T13:05:08+0200,b3181029-81fc-491a-b750-6dc59ef155aa,2026-07-06T17:30:00Z,2026-07-06T19:30:00+0200,126.139999,EUR/MWh,DK1,DK_1,day_ahead_price,value,2026-08-02T11:09:27Z
2026-08-02T11:05:08Z,2026-08-02T13:05:08+0200,b3181029-81fc-491a-b750-6dc59ef155aa,2026-07-06T17:45:00Z,2026-07-06T19:45:00+0200,128.509995,EUR/MWh,DK1,DK_1,day_ahead_price,value,2026-08-02T11:09:27Z
2026-08-02T11:05:08Z,2026-08-02T13:05:08+0200,b3181029-81fc-491a-b750-6dc59ef155aa,2026-07-06T18:00:00Z,2026-07-06T20:00:00+0200,124.050003,EUR/MWh,DK1,DK_1,day_ahead_price,value,2026-08-02T11:09:27Z
2026-08-02T11:05:08Z,2026-08-02T13:05:08+0200,b3181029-81fc-491a-b750-6dc59ef155aa,2026-07-06T18:15:00Z,2026-07-06T20:15:00+0200,132.11,EUR/MWh,DK1,DK_1,day_ahead_price,value,2026-08-02T11:09:27Z
2026-08-02T11:05:08Z,2026-08-02T13:05:08+0200,b3181029-81fc-491a-b750-6dc59ef155aa,2026-07-06T18:30:00Z,2026-07-06T20:30:00+0200,135.1,EUR/MWh,DK1,DK_1,day_ahead_price,value,2026-08-02T11:09:27Z
2026-08-02T11:05:08Z,2026-08-02T13:05:08+0200,b3181029-81fc-491a-b750-6dc59ef155aa,2026-07-06T18:45:00Z,2026-07-06T20:45:00+0200,137.08,EUR/MWh,DK1,DK_1,day_ahead_price,value,2026-08-02T11:09:27Z
2026-08-02T11:05:08Z,2026-08-02T13:05:08+0200,b3181029-81fc-491a-b750-6dc59ef155aa,2026-07-06T19:00:00Z,2026-07-06T21:00:00+0200,134.429993,EUR/MWh,DK1,DK_1,day_ahead_price,value,2026-08-02T11:09:27Z
2026-08-02T11:05:08Z,2026-08-02T13:05:08+0200,b3181029-81fc-491a-b750-6dc59ef155aa,2026-07-06T19:15:00Z,2026-07-06T21:15:00+0200,132.2,EUR/MWh,DK1,DK_1,day_ahead_price,value,2026-08-02T11:09:27Z
2026-08-02T11:05:08Z,2026-08-02T13:05:08+0200,b3181029-81fc-491a-b750-6dc59ef155aa,2026-07-06T19:30:00Z,2026-07-06T21:30:00+0200,132.179993,EUR/MWh,DK1,DK_1,day_ahead_price,value,2026-08-02T11:09:27Z
2026-08-02T11:05:08Z,2026-08-02T13:05:08+0200,b3181029-81fc-491a-b750-6dc59ef155aa,2026-07-06T19:45:00Z,2026-07-06T21:45:00+0200,132.059998,EUR/MWh,DK1,DK_1,day_ahead_price,value,2026-08-02T11:09:27Z
2026-08-02T11:05:08Z,2026-08-02T13:05:08+0200,b3181029-81fc-491a-b750-6dc59ef155aa,2026-07-06T20:00:00Z,2026-07-06T22:00:00+0200,132.16,EUR/MWh,DK1,DK_1,day_ahead_price,value,2026-08-02T11:09:27Z
2026-08-02T11:05:08Z,2026-08-02T13:05:08+0200,b3181029-81fc-491a-b750-6dc59ef155aa,2026-07-06T20:15:00Z,2026-07-06T22:15:00+0200,130.039993,EUR/MWh,DK1,DK_1,day_ahead_price,value,2026-08-02T11:09:27Z
2026-08-02T11:05:08Z,2026-08-02T13:05:08+0200,b3181029-81fc-491a-b750-6dc59ef155aa,2026-07-06T20:30:00Z,2026-07-06T22:30:00+0200,129.679993,EUR/MWh,DK1,DK_1,day_ahead_price,value,2026-08-02T11:09:27Z
2026-08-02T11:05:08Z,2026-08-02T13:05:08+0200,b3181029-81fc-491a-b750-6dc59ef155aa,2026-07-06T20:45:00Z,2026-07-06T22:45:00+0200,125.12,EUR/MWh,DK1,DK_1,day_ahead_price,value,2026-08-02T11:09:27Z
2026-08-02T11:05:08Z,2026-08-02T13:05:08+0200,b3181029-81fc-491a-b750-6dc59ef155aa,2026-07-06T21:00:00Z,2026-07-06T23:00:00+0200,124.660004,EUR/MWh,DK1,DK_1,day_ahead_price,value,2026-08-02T11:09:27Z
2026-08-02T11:05:08Z,2026-08-02T13:05:08+0200,b3181029-81fc-491a-b750-6dc59ef155aa,2026-07-06T21:15:00Z,2026-07-06T23:15:00+0200,122.68,EUR/MWh,DK1,DK_1,day_ahead_price,value,2026-08-02T11:09:27Z
2026-08-02T11:05:08Z,2026-08-02T13:05:08+0200,b3181029-81fc-491a-b750-6dc59ef155aa,2026-07-06T21:30:00Z,2026-07-06T23:30:00+0200,119.88,EUR/MWh,DK1,DK_1,day_ahead_price,value,2026-08-02T11:09:27Z
2026-08-02T11:05:08Z,2026-08-02T13:05:08+0200,b3181029-81fc-491a-b750-6dc59ef155aa,2026-07-06T21:45:00Z,2026-07-06T23:45:00+0200,119.25,EUR/MWh,DK1,DK_1,day_ahead_price,value,2026-08-02T11:09:27Z
2026-08-02T11:05:08Z,2026-08-02T13:05:08+0200,b3181029-81fc-491a-b750-6dc59ef155aa,2026-07-06T22:00:00Z,2026-07-07T00:00:00+0200,99.67,EUR/MWh,DK1,DK_1,day_ahead_price,value,2026-08-02T11:09:27Z
2026-08-02T11:05:08Z,2026-08-02T13:05:08+0200,b3181029-81fc-491a-b750-6dc59ef155aa,2026-07-06T22:15:00Z,2026-07-07T00:15:00+0200,103.05,EUR/MWh,DK1,DK_1,day_ahead_price,value,2026-08-02T11:09:27Z
2026-08-02T11:05:08Z,2026-08-02T13:05:08+0200,b3181029-81fc-491a-b750-6dc59ef155aa,2026-07-06T22:30:00Z,2026-07-07T00:30:00+0200,110.27,EUR/MWh,DK1,DK_1,day_ahead_price,value,2026-08-02T11:09:27Z
2026-08-02T11:05:08Z,2026-08-02T13:05:08+0200,b3181029-81fc-491a-b750-6dc59ef155aa,2026-07-06T22:45:00Z,2026-07-07T00:45:00+0200,107.01,EUR/MWh,DK1,DK_1,day_ahead_price,value,2026-08-02T11:09:27Z
2026-08-02T11:05:08Z,2026-08-02T13:05:08+0200,b3181029-81fc-491a-b750-6dc59ef155aa,2026-07-06T23:00:00Z,2026-07-07T01:00:00+0200,109.68,EUR/MWh,DK1,DK_1,day_ahead_price,value,2026-08-02T11:09:27Z
2026-08-02T11:05:08Z,2026-08-02T13:05:08+0200,b3181029-81fc-491a-b750-6dc59ef155aa,2026-07-06T23:15:00Z,2026-07-07T01:15:00+0200,108.28,EUR/MWh,DK1,DK_1,day_ahead_price,value,2026-08-02T11:09:27Z
2026-08-02T11:05:08Z,2026-08-02T13:05:08+0200,b3181029-81fc-491a-b750-6dc59ef155aa,2026-07-06T23:30:00Z,2026-07-07T01:30:00+0200,107.06,EUR/MWh,DK1,DK_1,day_ahead_price,value,2026-08-02T11:09:27Z
2026-08-02T11:05:08Z,2026-08-02T13:05:08+0200,b3181029-81fc-491a-b750-6dc59ef155aa,2026-07-06T23:45:00Z,2026-07-07T01:45:00+0200,106.75,EUR/MWh,DK1,DK_1,day_ahead_price,value,2026-08-02T11:09:27Z
2026-08-02T11:05:08Z,2026-08-02T13:05:08+0200,b3181029-81fc-491a-b750-6dc59ef155aa,2026-07-07T00:00:00Z,2026-07-07T02:00:00+0200,105.2,EUR/MWh,DK1,DK_1,day_ahead_price,value,2026-08-02T11:09:27Z
2026-08-02T11:05:08Z,2026-08-02T13:05:08+0200,b3181029-81fc-491a-b750-6dc59ef155aa,2026-07-07T00:15:00Z,2026-07-07T02:15:00+0200,105.31,EUR/MWh,DK1,DK_1,day_ahead_price,value,2026-08-02T11:09:27Z
2026-08-02T11:05:08Z,2026-08-02T13:05:08+0200,b3181029-81fc-491a-b750-6dc59ef155aa,2026-07-07T00:30:00Z,2026-07-07T02:30:00+0200,101.94,EUR/MWh,DK1,DK_1,day_ahead_price,value,2026-08-02T11:09:27Z
2026-08-02T11:05:08Z,2026-08-02T13:05:08+0200,b3181029-81fc-491a-b750-6dc59ef155aa,2026-07-07T00:45:00Z,2026-07-07T02:45:00+0200,95.22,EUR/MWh,DK1,DK_1,day_ahead_price,value,2026-08-02T11:09:27Z
2026-08-02T11:05:08Z,2026-08-02T13:05:08+0200,b3181029-81fc-491a-b750-6dc59ef155aa,2026-07-07T01:00:00Z,2026-07-07T03:00:00+0200,97.52,EUR/MWh,DK1,DK_1,day_ahead_price,value,2026-08-02T11:09:27Z
2026-08-02T11:05:08Z,2026-08-02T13:05:08+0200,b3181029-81fc-491a-b750-6dc59ef155aa,2026-07-07T01:15:00Z,2026-07-07T03:15:00+0200,98.41,EUR/MWh,DK1,DK_1,day_ahead_price,value,2026-08-02T11:09:27Z
2026-08-02T11:05:08Z,2026-08-02T13:05:08+0200,b3181029-81fc-491a-b750-6dc59ef155aa,2026-07-07T01:30:00Z,2026-07-07T03:30:00+0200,98.6,EUR/MWh,DK1,DK_1,day_ahead_price,value,2026-08-02T11:09:27Z
2026-08-02T11:05:08Z,2026-08-02T13:05:08+0200,b3181029-81fc-491a-b750-6dc59ef155aa,2026-07-07T01:45:00Z,2026-07-07T03:45:00+0200,97.44,EUR/MWh,DK1,DK_1,day_ahead_price,value,2026-08-02T11:09:27Z
2026-08-02T11:05:08Z,2026-08-02T13:05:08+0200,b3181029-81fc-491a-b750-6dc59ef155aa,2026-07-07T02:00:00Z,2026-07-07T04:00:00+0200,96.74,EUR/MWh,DK1,DK_1,day_ahead_price,value,2026-08-02T11:09:27Z
2026-08-02T11:05:08Z,2026-08-02T13:05:08+0200,b3181029-81fc-491a-b750-6dc59ef155aa,2026-07-07T02:15:00Z,2026-07-07T04:15:00+0200,94.68,EUR/MWh,DK1,DK_1,day_ahead_price,value,2026-08-02T11:09:27Z
2026-08-02T11:05:08Z,2026-08-02T13:05:08+0200,b3181029-81fc-491a-b750-6dc59ef155aa,2026-07-07T02:30:00Z,2026-07-07T04:30:00+0200,94.28,EUR/MWh,DK1,DK_1,day_ahead_price,value,2026-08-02T11:09:27Z
2026-08-02T11:05:08Z,2026-08-02T13:05:08+0200,b3181029-81fc-491a-b750-6dc59ef155aa,2026-07-07T02:45:00Z,2026-07-07T04:45:00+0200,92.28,EUR/MWh,DK1,DK_1,day_ahead_price,value,2026-08-02T11:09:27Z
2026-08-02T11:05:08Z,2026-08-02T13:05:08+0200,b3181029-81fc-491a-b750-6dc59ef155aa,2026-07-07T03:00:00Z,2026-07-07T05:00:00+0200,98.07,EUR/MWh,DK1,DK_1,day_ahead_price,value,2026-08-02T11:09:27Z
2026-08-02T11:05:08Z,2026-08-02T13:05:08+0200,b3181029-81fc-491a-b750-6dc59ef155aa,2026-07-07T03:15:00Z,2026-07-07T05:15:00+0200,96.69,EUR/MWh,DK1,DK_1,day_ahead_price,value,2026-08-02T11:09:27Z
2026-08-02T11:05:08Z,2026-08-02T13:05:08+0200,b3181029-81fc-491a-b750-6dc59ef155aa,2026-07-07T03:30:00Z,2026-07-07T05:30:00+0200,95.73,EUR/MWh,DK1,DK_1,day_ahead_price,value,2026-08-02T11:09:27Z
2026-08-02T11:05:08Z,2026-08-02T13:05:08+0200,b3181029-81fc-491a-b750-6dc59ef155aa,2026-07-07T03:45:00Z,2026-07-07T05:45:00+0200,94.98,EUR/MWh,DK1,DK_1,day_ahead_price,value,2026-08-02T11:09:27Z
2026-08-02T11:05:08Z,2026-08-02T13:05:08+0200,b3181029-81fc-491a-b750-6dc59ef155aa,2026-07-07T04:00:00Z,2026-07-07T06:00:00+0200,98.56,EUR/MWh,DK1,DK_1,day_ahead_price,value,2026-08-02T11:09:27Z
2026-08-02T11:05:08Z,2026-08-02T13:05:08+0200,b3181029-81fc-491a-b750-6dc59ef155aa,2026-07-07T04:15:00Z,2026-07-07T06:15:00+0200,99.43,EUR/MWh,DK1,DK_1,day_ahead_price,value,2026-08-02T11:09:27Z
2026-08-02T11:05:08Z,2026-08-02T13:05:08+0200,b3181029-81fc-491a-b750-6dc59ef155aa,2026-07-07T04:30:00Z,2026-07-07T06:30:00+0200,104.09,EUR/MWh,DK1,DK_1,day_ahead_price,value,2026-08-02T11:09:27Z
2026-08-02T11:05:08Z,2026-08-02T13:05:08+0200,b3181029-81fc-491a-b750-6dc59ef155aa,2026-07-07T04:45:00Z,2026-07-07T06:45:00+0200,103.53,EUR/MWh,DK1,DK_1,day_ahead_price,value,2026-08-02T11:09:27Z
2026-08-02T11:05:08Z,2026-08-02T13:05:08+0200,b3181029-81fc-491a-b750-6dc59ef155aa,2026-07-07T05:00:00Z,2026-07-07T07:00:00+0200,111.01,EUR/MWh,DK1,DK_1,day_ahead_price,value,2026-08-02T11:09:27Z
2026-08-02T11:05:08Z,2026-08-02T13:05:08+0200,b3181029-81fc-491a-b750-6dc59ef155aa,2026-07-07T05:15:00Z,2026-07-07T07:15:00+0200,110.87,EUR/MWh,DK1,DK_1,day_ahead_price,value,2026-08-02T11:09:27Z
2026-08-02T11:05:08Z,2026-08-02T13:05:08+0200,b3181029-81fc-491a-b750-6dc59ef155aa,2026-07-07T05:30:00Z,2026-07-07T07:30:00+0200,111.58,EUR/MWh,DK1,DK_1,day_ahead_price,value,2026-08-02T11:09:27Z
2026-08-02T11:05:08Z,2026-08-02T13:05:08+0200,b3181029-81fc-491a-b750-6dc59ef155aa,2026-07-07T05:45:00Z,2026-07-07T07:45:00+0200,107.7,EUR/MWh,DK1,DK_1,day_ahead_price,value,2026-08-02T11:09:27Z
2026-08-02T11:05:08Z,2026-08-02T13:05:08+0200,b3181029-81fc-491a-b750-6dc59ef155aa,2026-07-07T06:00:00Z,2026-07-07T08:00:00+0200,99.29,EUR/MWh,DK1,DK_1,day_ahead_price,value,2026-08-02T11:09:27Z
2026-08-02T11:05:08Z,2026-08-02T13:05:08+0200,b3181029-81fc-491a-b750-6dc59ef155aa,2026-07-07T06:15:00Z,2026-07-07T08:15:00+0200,102.16,EUR/MWh,DK1,DK_1,day_ahead_price,value,2026-08-02T11:09:27Z
2026-08-02T11:05:08Z,2026-08-02T13:05:08+0200,b3181029-81fc-491a-b750-6dc59ef155aa,2026-07-07T06:30:00Z,2026-07-07T08:30:00+0200,98.57,EUR/MWh,DK1,DK_1,day_ahead_price,value,2026-08-02T11:09:27Z
2026-08-02T11:05:08Z,2026-08-02T13:05:08+0200,b3181029-81fc-491a-b750-6dc59ef155aa,2026-07-07T06:45:00Z,2026-07-07T08:45:00+0200,95.21,EUR/MWh,DK1,DK_1,day_ahead_price,value,2026-08-02T11:09:27Z
2026-08-02T11:05:08Z,2026-08-02T13:05:08+0200,b3181029-81fc-491a-b750-6dc59ef155aa,2026-07-07T07:00:00Z,2026-07-07T09:00:00+0200,121.99,EUR/MWh,DK1,DK_1,day_ahead_price,value,2026-08-02T11:09:27Z
2026-08-02T11:05:08Z,2026-08-02T13:05:08+0200,b3181029-81fc-491a-b750-6dc59ef155aa,2026-07-07T07:15:00Z,2026-07-07T09:15:00+0200,107.71,EUR/MWh,DK1,DK_1,day_ahead_price,value,2026-08-02T11:09:27Z
2026-08-02T11:05:08Z,2026-08-02T13:05:08+0200,b3181029-81fc-491a-b750-6dc59ef155aa,2026-07-07T07:30:00Z,2026-07-07T09:30:00+0200,94.3,EUR/MWh,DK1,DK_1,day_ahead_price,value,2026-08-02T11:09:27Z
2026-08-02T11:05:08Z,2026-08-02T13:05:08+0200,b3181029-81fc-491a-b750-6dc59ef155aa,2026-07-07T07:45:00Z,2026-07-07T09:45:00+0200,63.27,EUR/MWh,DK1,DK_1,day_ahead_price,value,2026-08-02T11:09:27Z
2026-08-02T11:05:08Z,2026-08-02T13:05:08+0200,b3181029-81fc-491a-b750-6dc59ef155aa,2026-07-07T08:00:00Z,2026-07-07T10:00:00+0200,86.37,EUR/MWh,DK1,DK_1,day_ahead_price,value,2026-08-02T11:09:27Z
2026-08-02T11:05:08Z,2026-08-02T13:05:08+0200,b3181029-81fc-491a-b750-6dc59ef155aa,2026-07-07T08:15:00Z,2026-07-07T10:15:00+0200,57.93,EUR/MWh,DK1,DK_1,day_ahead_price,value,2026-08-02T11:09:27Z
2026-08-02T11:05:08Z,2026-08-02T13:05:08+0200,b3181029-81fc-491a-b750-6dc59ef155aa,2026-07-07T08:30:00Z,2026-07-07T10:30:00+0200,35.17,EUR/MWh,DK1,DK_1,day_ahead_price,value,2026-08-02T11:09:27Z
2026-08-02T11:05:08Z,2026-08-02T13:05:08+0200,b3181029-81fc-491a-b750-6dc59ef155aa,2026-07-07T08:45:00Z,2026-07-07T10:45:00+0200,5.14,EUR/MWh,DK1,DK_1,day_ahead_price,value,2026-08-02T11:09:27Z
2026-08-02T11:05:08Z,2026-08-02T13:05:08+0200,b3181029-81fc-491a-b750-6dc59ef155aa,2026-07-07T09:00:00Z,2026-07-07T11:00:00+0200,20.74,EUR/MWh,DK1,DK_1,day_ahead_price,value,2026-08-02T11:09:27Z
2026-08-02T11:05:08Z,2026-08-02T13:05:08+0200,b3181029-81fc-491a-b750-6dc59ef155aa,2026-07-07T09:15:00Z,2026-07-07T11:15:00+0200,2.48,EUR/MWh,DK1,DK_1,day_ahead_price,value,2026-08-02T11:09:27Z
2026-08-02T11:05:08Z,2026-08-02T13:05:08+0200,b3181029-81fc-491a-b750-6dc59ef155aa,2026-07-07T09:30:00Z,2026-07-07T11:30:00+0200,1.34,EUR/MWh,DK1,DK_1,day_ahead_price,value,2026-08-02T11:09:27Z
2026-08-02T11:05:08Z,2026-08-02T13:05:08+0200,b3181029-81fc-491a-b750-6dc59ef155aa,2026-07-07T09:45:00Z,2026-07-07T11:45:00+0200,1.3,EUR/MWh,DK1,DK_1,day_ahead_price,value,2026-08-02T11:09:27Z
2026-08-02T11:05:08Z,2026-08-02T13:05:08+0200,b3181029-81fc-491a-b750-6dc59ef155aa,2026-07-07T10:00:00Z,2026-07-07T12:00:00+0200,1.71,EUR/MWh,DK1,DK_1,day_ahead_price,value,2026-08-02T11:09:27Z
2026-08-02T11:05:08Z,2026-08-02T13:05:08+0200,b3181029-81fc-491a-b750-6dc59ef155aa,2026-07-07T10:15:00Z,2026-07-07T12:15:00+0200,1.32,EUR/MWh,DK1,DK_1,day_ahead_price,value,2026-08-02T11:09:27Z
2026-08-02T11:05:08Z,2026-08-02T13:05:08+0200,b3181029-81fc-491a-b750-6dc59ef155aa,2026-07-07T10:30:00Z,2026-07-07T12:30:00+0200,1.25,EUR/MWh,DK1,DK_1,day_ahead_price,value,2026-08-02T11:09:27Z
2026-08-02T11:05:08Z,2026-08-02T13:05:08+0200,b3181029-81fc-491a-b750-6dc59ef155aa,2026-07-07T10:45:00Z,2026-07-07T12:45:00+0200,0.0,EUR/MWh,DK1,DK_1,day_ahead_price,value,2026-08-02T11:09:27Z
2026-08-02T11:05:08Z,2026-08-02T13:05:08+0200,b3181029-81fc-491a-b750-6dc59ef155aa,2026-07-07T11:00:00Z,2026-07-07T13:00:00+0200,1.36,EUR/MWh,DK1,DK_1,day_ahead_price,value,2026-08-02T11:09:27Z
2026-08-02T11:05:08Z,2026-08-02T13:05:08+0200,b3181029-81fc-491a-b750-6dc59ef155aa,2026-07-07T11:15:00Z,2026-07-07T13:15:00+0200,1.34,EUR/MWh,DK1,DK_1,day_ahead_price,value,2026-08-02T11:09:27Z
2026-08-02T11:05:08Z,2026-08-02T13:05:08+0200,b3181029-81fc-491a-b750-6dc59ef155aa,2026-07-07T11:30:00Z,2026-07-07T13:30:00+0200,1.33,EUR/MWh,DK1,DK_1,day_ahead_price,value,2026-08-02T11:09:27Z
2026-08-02T11:05:08Z,2026-08-02T13:05:08+0200,b3181029-81fc-491a-b750-6dc59ef155aa,2026-07-07T11:45:00Z,2026-07-07T13:45:00+0200,0.0,EUR/MWh,DK1,DK_1,day_ahead_price,value,2026-08-02T11:09:27Z
2026-08-02T11:05:08Z,2026-08-02T13:05:08+0200,b3181029-81fc-491a-b750-6dc59ef155aa,2026-07-07T12:00:00Z,2026-07-07T14:00:00+0200,-0.01,EUR/MWh,DK1,DK_1,day_ahead_price,value,2026-08-02T11:09:27Z
2026-08-02T11:05:08Z,2026-08-02T13:05:08+0200,b3181029-81fc-491a-b750-6dc59ef155aa,2026-07-07T12:15:00Z,2026-07-07T14:15:00+0200,-0.01,EUR/MWh,DK1,DK_1,day_ahead_price,value,2026-08-02T11:09:27Z
2026-08-02T11:05:08Z,2026-08-02T13:05:08+0200,b3181029-81fc-491a-b750-6dc59ef155aa,2026-07-07T12:30:00Z,2026-07-07T14:30:00+0200,-0.01,EUR/MWh,DK1,DK_1,day_ahead_price,value,2026-08-02T11:09:27Z
2026-08-02T11:05:08Z,2026-08-02T13:05:08+0200,b3181029-81fc-491a-b750-6dc59ef155aa,2026-07-07T12:45:00Z,2026-07-07T14:45:00+0200,-0.02,EUR/MWh,DK1,DK_1,day_ahead_price,value,2026-08-02T11:09:27Z
2026-08-02T11:05:08Z,2026-08-02T13:05:08+0200,b3181029-81fc-491a-b750-6dc59ef155aa,2026-07-07T13:00:00Z,2026-07-07T15:00:00+0200,-0.02,EUR/MWh,DK1,DK_1,day_ahead_price,value,2026-08-02T11:09:27Z
2026-08-02T11:05:08Z,2026-08-02T13:05:08+0200,b3181029-81fc-491a-b750-6dc59ef155aa,2026-07-07T13:15:00Z,2026-07-07T15:15:00+0200,-0.01,EUR/MWh,DK1,DK_1,day_ahead_price,value,2026-08-02T11:09:27Z
2026-08-02T11:05:08Z,2026-08-02T13:05:08+0200,b3181029-81fc-491a-b750-6dc59ef155aa,2026-07-07T13:30:00Z,2026-07-07T15:30:00+0200,0.66,EUR/MWh,DK1,DK_1,day_ahead_price,value,2026-08-02T11:09:27Z
2026-08-02T11:05:08Z,2026-08-02T13:05:08+0200,b3181029-81fc-491a-b750-6dc59ef155aa,2026-07-07T13:45:00Z,2026-07-07T15:45:00+0200,2.14,EUR/MWh,DK1,DK_1,day_ahead_price,value,2026-08-02T11:09:27Z
2026-08-02T11:05:08Z,2026-08-02T13:05:08+0200,b3181029-81fc-491a-b750-6dc59ef155aa,2026-07-07T14:00:00Z,2026-07-07T16:00:00+0200,1.67,EUR/MWh,DK1,DK_1,day_ahead_price,value,2026-08-02T11:09:27Z
2026-08-02T11:05:08Z,2026-08-02T13:05:08+0200,b3181029-81fc-491a-b750-6dc59ef155aa,2026-07-07T14:15:00Z,2026-07-07T16:15:00+0200,2.93,EUR/MWh,DK1,DK_1,day_ahead_price,value,2026-08-02T11:09:27Z
2026-08-02T11:05:08Z,2026-08-02T13:05:08+0200,b3181029-81fc-491a-b750-6dc59ef155aa,2026-07-07T14:30:00Z,2026-07-07T16:30:00+0200,4.09,EUR/MWh,DK1,DK_1,day_ahead_price,value,2026-08-02T11:09:27Z
2026-08-02T11:05:08Z,2026-08-02T13:05:08+0200,b3181029-81fc-491a-b750-6dc59ef155aa,2026-07-07T14:45:00Z,2026-07-07T16:45:00+0200,5.12,EUR/MWh,DK1,DK_1,day_ahead_price,value,2026-08-02T11:09:27Z
2026-08-02T11:05:08Z,2026-08-02T13:05:08+0200,b3181029-81fc-491a-b750-6dc59ef155aa,2026-07-07T15:00:00Z,2026-07-07T17:00:00+0200,2.1,EUR/MWh,DK1,DK_1,day_ahead_price,value,2026-08-02T11:09:27Z
2026-08-02T11:05:08Z,2026-08-02T13:05:08+0200,b3181029-81fc-491a-b750-6dc59ef155aa,2026-07-07T15:15:00Z,2026-07-07T17:15:00+0200,1.61,EUR/MWh,DK1,DK_1,day_ahead_price,value,2026-08-02T11:09:27Z
2026-08-02T11:05:08Z,2026-08-02T13:05:08+0200,b3181029-81fc-491a-b750-6dc59ef155aa,2026-07-07T15:30:00Z,2026-07-07T17:30:00+0200,3.44,EUR/MWh,DK1,DK_1,day_ahead_price,value,2026-08-02T11:09:27Z
2026-08-02T11:05:08Z,2026-08-02T13:05:08+0200,b3181029-81fc-491a-b750-6dc59ef155aa,2026-07-07T15:45:00Z,2026-07-07T17:45:00+0200,6.32,EUR/MWh,DK1,DK_1,day_ahead_price,value,2026-08-02T11:09:27Z
2026-08-02T11:05:08Z,2026-08-02T13:05:08+0200,b3181029-81fc-491a-b750-6dc59ef155aa,2026-07-07T16:00:00Z,2026-07-07T18:00:00+0200,15.0,EUR/MWh,DK1,DK_1,day_ahead_price,value,2026-08-02T11:09:27Z
2026-08-02T11:05:08Z,2026-08-02T13:05:08+0200,b3181029-81fc-491a-b750-6dc59ef155aa,2026-07-07T16:15:00Z,2026-07-07T18:15:00+0200,46.6,EUR/MWh,DK1,DK_1,day_ahead_price,value,2026-08-02T11:09:27Z
2026-08-02T11:05:08Z,2026-08-02T13:05:08+0200,b3181029-81fc-491a-b750-6dc59ef155aa,2026-07-07T16:30:00Z,2026-07-07T18:30:00+0200,60.59,EUR/MWh,DK1,DK_1,day_ahead_price,value,2026-08-02T11:09:27Z
2026-08-02T11:05:08Z,2026-08-02T13:05:08+0200,b3181029-81fc-491a-b750-6dc59ef155aa,2026-07-07T16:45:00Z,2026-07-07T18:45:00+0200,75.93,EUR/MWh,DK1,DK_1,day_ahead_price,value,2026-08-02T11:09:27Z
2026-08-02T11:05:08Z,2026-08-02T13:05:08+0200,b3181029-81fc-491a-b750-6dc59ef155aa,2026-07-07T17:00:00Z,2026-07-07T19:00:00+0200,67.06,EUR/MWh,DK1,DK_1,day_ahead_price,value,2026-08-02T11:09:27Z
2026-08-02T11:05:08Z,2026-08-02T13:05:08+0200,b3181029-81fc-491a-b750-6dc59ef155aa,2026-07-07T17:15:00Z,2026-07-07T19:15:00+0200,80.79,EUR/MWh,DK1,DK_1,day_ahead_price,value,2026-08-02T11:09:27Z
2026-08-02T11:05:08Z,2026-08-02T13:05:08+0200,b3181029-81fc-491a-b750-6dc59ef155aa,2026-07-07T17:30:00Z,2026-07-07T19:30:00+0200,85.75,EUR/MWh,DK1,DK_1,day_ahead_price,value,2026-08-02T11:09:27Z
2026-08-02T11:05:08Z,2026-08-02T13:05:08+0200,b3181029-81fc-491a-b750-6dc59ef155aa,2026-07-07T17:45:00Z,2026-07-07T19:45:00+0200,95.18,EUR/MWh,DK1,DK_1,day_ahead_price,value,2026-08-02T11:09:27Z
2026-08-02T11:05:08Z,2026-08-02T13:05:08+0200,b3181029-81fc-491a-b750-6dc59ef155aa,2026-07-07T18:00:00Z,2026-07-07T20:00:00+0200,73.72,EUR/MWh,DK1,DK_1,day_ahead_price,value,2026-08-02T11:09:27Z
2026-08-02T11:05:08Z,2026-08-02T13:05:08+0200,b3181029-81fc-491a-b750-6dc59ef155aa,2026-07-07T18:15:00Z,2026-07-07T20:15:00+0200,83.83,EUR/MWh,DK1,DK_1,day_ahead_price,value,2026-08-02T11:09:27Z
2026-08-02T11:05:08Z,2026-08-02T13:05:08+0200,b3181029-81fc-491a-b750-6dc59ef155aa,2026-07-07T18:30:00Z,2026-07-07T20:30:00+0200,91.6,EUR/MWh,DK1,DK_1,day_ahead_price,value,2026-08-02T11:09:27Z
2026-08-02T11:05:08Z,2026-08-02T13:05:08+0200,b3181029-81fc-491a-b750-6dc59ef155aa,2026-07-07T18:45:00Z,2026-07-07T20:45:00+0200,88.6,EUR/MWh,DK1,DK_1,day_ahead_price,value,2026-08-02T11:09:27Z
2026-08-02T11:05:08Z,2026-08-02T13:05:08+0200,b3181029-81fc-491a-b750-6dc59ef155aa,2026-07-07T19:00:00Z,2026-07-07T21:00:00+0200,85.73,EUR/MWh,DK1,DK_1,day_ahead_price,value,2026-08-02T11:09:27Z
2026-08-02T11:05:08Z,2026-08-02T13:05:08+0200,b3181029-81fc-491a-b750-6dc59ef155aa,2026-07-07T19:15:00Z,2026-07-07T21:15:00+0200,86.12,EUR/MWh,DK1,DK_1,day_ahead_price,value,2026-08-02T11:09:27Z
2026-08-02T11:05:08Z,2026-08-02T13:05:08+0200,b3181029-81fc-491a-b750-6dc59ef155aa,2026-07-07T19:30:00Z,2026-07-07T21:30:00+0200,86.59,EUR/MWh,DK1,DK_1,day_ahead_price,value,2026-08-02T11:09:27Z
2026-08-02T11:05:08Z,2026-08-02T13:05:08+0200,b3181029-81fc-491a-b750-6dc59ef155aa,2026-07-07T19:45:00Z,2026-07-07T21:45:00+0200,97.0,EUR/MWh,DK1,DK_1,day_ahead_price,value,2026-08-02T11:09:27Z
2026-08-02T11:05:08Z,2026-08-02T13:05:08+0200,b3181029-81fc-491a-b750-6dc59ef155aa,2026-07-07T20:00:00Z,2026-07-07T22:00:00+0200,93.05,EUR/MWh,DK1,DK_1,day_ahead_price,value,2026-08-02T11:09:27Z
2026-08-02T11:05:08Z,2026-08-02T13:05:08+0200,b3181029-81fc-491a-b750-6dc59ef155aa,2026-07-07T20:15:00Z,2026-07-07T22:15:00+0200,89.18,EUR/MWh,DK1,DK_1,day_ahead_price,value,2026-08-02T11:09:27Z
2026-08-02T11:05:08Z,2026-08-02T13:05:08+0200,b3181029-81fc-491a-b750-6dc59ef155aa,2026-07-07T20:30:00Z,2026-07-07T22:30:00+0200,81.56,EUR/MWh,DK1,DK_1,day_ahead_price,value,2026-08-02T11:09:27Z
2026-08-02T11:05:08Z,2026-08-02T13:05:08+0200,b3181029-81fc-491a-b750-6dc59ef155aa,2026-07-07T20:45:00Z,2026-07-07T22:45:00+0200,80.0,EUR/MWh,DK1,DK_1,day_ahead_price,value,2026-08-02T11:09:27Z
2026-08-02T11:05:08Z,2026-08-02T13:05:08+0200,b3181029-81fc-491a-b750-6dc59ef155aa,2026-07-07T21:00:00Z,2026-07-07T23:00:00+0200,81.34,EUR/MWh,DK1,DK_1,day_ahead_price,value,2026-08-02T11:09:27Z
2026-08-02T11:05:08Z,2026-08-02T13:05:08+0200,b3181029-81fc-491a-b750-6dc59ef155aa,2026-07-07T21:15:00Z,2026-07-07T23:15:00+0200,79.29,EUR/MWh,DK1,DK_1,day_ahead_price,value,2026-08-02T11:09:27Z
2026-08-02T11:05:08Z,2026-08-02T13:05:08+0200,b3181029-81fc-491a-b750-6dc59ef155aa,2026-07-07T21:30:00Z,2026-07-07T23:30:00+0200,79.41,EUR/MWh,DK1,DK_1,day_ahead_price,value,2026-08-02T11:09:27Z
2026-08-02T11:05:08Z,2026-08-02T13:05:08+0200,b3181029-81fc-491a-b750-6dc59ef155aa,2026-07-07T21:45:00Z,2026-07-07T23:45:00+0200,79.99,EUR/MWh,DK1,DK_1,day_ahead_price,value,2026-08-02T11:09:27Z
2026-08-02T11:05:08Z,2026-08-02T13:05:08+0200,b3181029-81fc-491a-b750-6dc59ef155aa,2026-07-07T22:00:00Z,2026-07-08T00:00:00+0200,96.19,EUR/MWh,DK1,DK_1,day_ahead_price,value,2026-08-02T11:09:27Z
2026-08-02T11:05:08Z,2026-08-02T13:05:08+0200,b3181029-81fc-491a-b750-6dc59ef155aa,2026-07-07T22:15:00Z,2026-07-08T00:15:00+0200,100.6,EUR/MWh,DK1,DK_1,day_ahead_price,value,2026-08-02T11:09:27Z
2026-08-02T11:05:08Z,2026-08-02T13:05:08+0200,b3181029-81fc-491a-b750-6dc59ef155aa,2026-07-07T22:30:00Z,2026-07-08T00:30:00+0200,102.63,EUR/MWh,DK1,DK_1,day_ahead_price,value,2026-08-02T11:09:27Z
2026-08-02T11:05:08Z,2026-08-02T13:05:08+0200,b3181029-81fc-491a-b750-6dc59ef155aa,2026-07-07T22:45:00Z,2026-07-08T00:45:00+0200,102.89,EUR/MWh,DK1,DK_1,day_ahead_price,value,2026-08-02T11:09:27Z
2026-08-02T11:05:08Z,2026-08-02T13:05:08+0200,b3181029-81fc-491a-b750-6dc59ef155aa,2026-07-07T23:00:00Z,2026-07-08T01:00:00+0200,98.69,EUR/MWh,DK1,DK_1,day_ahead_price,value,2026-08-02T11:09:27Z
2026-08-02T11:05:08Z,2026-08-02T13:05:08+0200,b3181029-81fc-491a-b750-6dc59ef155aa,2026-07-07T23:15:00Z,2026-07-08T01:15:00+0200,99.48,EUR/MWh,DK1,DK_1,day_ahead_price,value,2026-08-02T11:09:27Z
2026-08-02T11:05:08Z,2026-08-02T13:05:08+0200,b3181029-81fc-491a-b750-6dc59ef155aa,2026-07-07T23:30:00Z,2026-07-08T01:30:00+0200,97.96,EUR/MWh,DK1,DK_1,day_ahead_price,value,2026-08-02T11:09:27Z
2026-08-02T11:05:08Z,2026-08-02T13:05:08+0200,b3181029-81fc-491a-b750-6dc59ef155aa,2026-07-07T23:45:00Z,2026-07-08T01:45:00+0200,103.88,EUR/MWh,DK1,DK_1,day_ahead_price,value,2026-08-02T11:09:27Z
2026-08-02T11:05:08Z,2026-08-02T13:05:08+0200,b3181029-81fc-491a-b750-6dc59ef155aa,2026-07-08T00:00:00Z,2026-07-08T02:00:00+0200,98.5,EUR/MWh,DK1,DK_1,day_ahead_price,value,2026-08-02T11:09:27Z
2026-08-02T11:05:08Z,2026-08-02T13:05:08+0200,b3181029-81fc-491a-b750-6dc59ef155aa,2026-07-08T00:15:00Z,2026-07-08T02:15:00+0200,99.47,EUR/MWh,DK1,DK_1,day_ahead_price,value,2026-08-02T11:09:27Z
2026-08-02T11:05:08Z,2026-08-02T13:05:08+0200,b3181029-81fc-491a-b750-6dc59ef155aa,2026-07-08T00:30:00Z,2026-07-08T02:30:00+0200,99.68,EUR/MWh,DK1,DK_1,day_ahead_price,value,2026-08-02T11:09:27Z
2026-08-02T11:05:08Z,2026-08-02T13:05:08+0200,b3181029-81fc-491a-b750-6dc59ef155aa,2026-07-08T00:45:00Z,2026-07-08T02:45:00+0200,102.35,EUR/MWh,DK1,DK_1,day_ahead_price,value,2026-08-02T11:09:27Z
2026-08-02T11:05:08Z,2026-08-02T13:05:08+0200,b3181029-81fc-491a-b750-6dc59ef155aa,2026-07-08T01:00:00Z,2026-07-08T03:00:00+0200,102.7,EUR/MWh,DK1,DK_1,day_ahead_price,value,2026-08-02T11:09:27Z
2026-08-02T11:05:08Z,2026-08-02T13:05:08+0200,b3181029-81fc-491a-b750-6dc59ef155aa,2026-07-08T01:15:00Z,2026-07-08T03:15:00+0200,102.2,EUR/MWh,DK1,DK_1,day_ahead_price,value,2026-08-02T11:09:27Z
2026-08-02T11:05:08Z,2026-08-02T13:05:08+0200,b3181029-81fc-491a-b750-6dc59ef155aa,2026-07-08T01:30:00Z,2026-07-08T03:30:00+0200,101.08,EUR/MWh,DK1,DK_1,day_ahead_price,value,2026-08-02T11:09:27Z
2026-08-02T11:05:08Z,2026-08-02T13:05:08+0200,b3181029-81fc-491a-b750-6dc59ef155aa,2026-07-08T01:45:00Z,2026-07-08T03:45:00+0200,106.03,EUR/MWh,DK1,DK_1,day_ahead_price,value,2026-08-02T11:09:27Z
2026-08-02T11:05:08Z,2026-08-02T13:05:08+0200,b3181029-81fc-491a-b750-6dc59ef155aa,2026-07-08T02:00:00Z,2026-07-08T04:00:00+0200,107.43,EUR/MWh,DK1,DK_1,day_ahead_price,value,2026-08-02T11:09:27Z
2026-08-02T11:05:08Z,2026-08-02T13:05:08+0200,b3181029-81fc-491a-b750-6dc59ef155aa,2026-07-08T02:15:00Z,2026-07-08T04:15:00+0200,107.28,EUR/MWh,DK1,DK_1,day_ahead_price,value,2026-08-02T11:09:27Z
2026-08-02T11:05:08Z,2026-08-02T13:05:08+0200,b3181029-81fc-491a-b750-6dc59ef155aa,2026-07-08T02:30:00Z,2026-07-08T04:30:00+0200,108.39,EUR/MWh,DK1,DK_1,day_ahead_price,value,2026-08-02T11:09:27Z
2026-08-02T11:05:08Z,2026-08-02T13:05:08+0200,b3181029-81fc-491a-b750-6dc59ef155aa,2026-07-08T02:45:00Z,2026-07-08T04:45:00+0200,104.9,EUR/MWh,DK1,DK_1,day_ahead_price,value,2026-08-02T11:09:27Z
2026-08-02T11:05:08Z,2026-08-02T13:05:08+0200,b3181029-81fc-491a-b750-6dc59ef155aa,2026-07-08T03:00:00Z,2026-07-08T05:00:00+0200,104.76,EUR/MWh,DK1,DK_1,day_ahead_price,value,2026-08-02T11:09:27Z
2026-08-02T11:05:08Z,2026-08-02T13:05:08+0200,b3181029-81fc-491a-b750-6dc59ef155aa,2026-07-08T03:15:00Z,2026-07-08T05:15:00+0200,109.44,EUR/MWh,DK1,DK_1,day_ahead_price,value,2026-08-02T11:09:27Z
2026-08-02T11:05:08Z,2026-08-02T13:05:08+0200,b3181029-81fc-491a-b750-6dc59ef155aa,2026-07-08T03:30:00Z,2026-07-08T05:30:00+0200,105.47,EUR/MWh,DK1,DK_1,day_ahead_price,value,2026-08-02T11:09:27Z
2026-08-02T11:05:08Z,2026-08-02T13:05:08+0200,b3181029-81fc-491a-b750-6dc59ef155aa,2026-07-08T03:45:00Z,2026-07-08T05:45:00+0200,99.64,EUR/MWh,DK1,DK_1,day_ahead_price,value,2026-08-02T11:09:27Z
2026-08-02T11:05:08Z,2026-08-02T13:05:08+0200,b3181029-81fc-491a-b750-6dc59ef155aa,2026-07-08T04:00:00Z,2026-07-08T06:00:00+0200,117.59,EUR/MWh,DK1,DK_1,day_ahead_price,value,2026-08-02T11:09:27Z
2026-08-02T11:05:08Z,2026-08-02T13:05:08+0200,b3181029-81fc-491a-b750-6dc59ef155aa,2026-07-08T04:15:00Z,2026-07-08T06:15:00+0200,113.33,EUR/MWh,DK1,DK_1,day_ahead_price,value,2026-08-02T11:09:27Z
2026-08-02T11:05:08Z,2026-08-02T13:05:08+0200,b3181029-81fc-491a-b750-6dc59ef155aa,2026-07-08T04:30:00Z,2026-07-08T06:30:00+0200,111.64,EUR/MWh,DK1,DK_1,day_ahead_price,value,2026-08-02T11:09:27Z
2026-08-02T11:05:08Z,2026-08-02T13:05:08+0200,b3181029-81fc-491a-b750-6dc59ef155aa,2026-07-08T04:45:00Z,2026-07-08T06:45:00+0200,95.83,EUR/MWh,DK1,DK_1,day_ahead_price,value,2026-08-02T11:09:27Z
2026-08-02T11:05:08Z,2026-08-02T13:05:08+0200,b3181029-81fc-491a-b750-6dc59ef155aa,2026-07-08T05:00:00Z,2026-07-08T07:00:00+0200,116.01,EUR/MWh,DK1,DK_1,day_ahead_price,value,2026-08-02T11:09:27Z
2026-08-02T11:05:08Z,2026-08-02T13:05:08+0200,b3181029-81fc-491a-b750-6dc59ef155aa,2026-07-08T05:15:00Z,2026-07-08T07:15:00+0200,116.18,EUR/MWh,DK1,DK_1,day_ahead_price,value,2026-08-02T11:09:27Z
2026-08-02T11:05:08Z,2026-08-02T13:05:08+0200,b3181029-81fc-491a-b750-6dc59ef155aa,2026-07-08T05:30:00Z,2026-07-08T07:30:00+0200,106.58,EUR/MWh,DK1,DK_1,day_ahead_price,value,2026-08-02T11:09:27Z
2026-08-02T11:05:08Z,2026-08-02T13:05:08+0200,b3181029-81fc-491a-b750-6dc59ef155aa,2026-07-08T05:45:00Z,2026-07-08T07:45:00+0200,103.47,EUR/MWh,DK1,DK_1,day_ahead_price,value,2026-08-02T11:09:27Z
2026-08-02T11:05:08Z,2026-08-02T13:05:08+0200,b3181029-81fc-491a-b750-6dc59ef155aa,2026-07-08T06:00:00Z,2026-07-08T08:00:00+0200,109.92,EUR/MWh,DK1,DK_1,day_ahead_price,value,2026-08-02T11:09:27Z
2026-08-02T11:05:08Z,2026-08-02T13:05:08+0200,b3181029-81fc-491a-b750-6dc59ef155aa,2026-07-08T06:15:00Z,2026-07-08T08:15:00+0200,103.25,EUR/MWh,DK1,DK_1,day_ahead_price,value,2026-08-02T11:09:27Z
2026-08-02T11:05:08Z,2026-08-02T13:05:08+0200,b3181029-81fc-491a-b750-6dc59ef155aa,2026-07-08T06:30:00Z,2026-07-08T08:30:00+0200,93.86,EUR/MWh,DK1,DK_1,day_ahead_price,value,2026-08-02T11:09:27Z
2026-08-02T11:05:08Z,2026-08-02T13:05:08+0200,b3181029-81fc-491a-b750-6dc59ef155aa,2026-07-08T06:45:00Z,2026-07-08T08:45:00+0200,85.02,EUR/MWh,DK1,DK_1,day_ahead_price,value,2026-08-02T11:09:27Z
2026-08-02T11:05:08Z,2026-08-02T13:05:08+0200,b3181029-81fc-491a-b750-6dc59ef155aa,2026-07-08T07:00:00Z,2026-07-08T09:00:00+0200,101.35,EUR/MWh,DK1,DK_1,day_ahead_price,value,2026-08-02T11:09:27Z
2026-08-02T11:05:08Z,2026-08-02T13:05:08+0200,b3181029-81fc-491a-b750-6dc59ef155aa,2026-07-08T07:15:00Z,2026-07-08T09:15:00+0200,84.28,EUR/MWh,DK1,DK_1,day_ahead_price,value,2026-08-02T11:09:27Z
2026-08-02T11:05:08Z,2026-08-02T13:05:08+0200,b3181029-81fc-491a-b750-6dc59ef155aa,2026-07-08T07:30:00Z,2026-07-08T09:30:00+0200,75.34,EUR/MWh,DK1,DK_1,day_ahead_price,value,2026-08-02T11:09:27Z
2026-08-02T11:05:08Z,2026-08-02T13:05:08+0200,b3181029-81fc-491a-b750-6dc59ef155aa,2026-07-08T07:45:00Z,2026-07-08T09:45:00+0200,59.02,EUR/MWh,DK1,DK_1,day_ahead_price,value,2026-08-02T11:09:27Z
2026-08-02T11:05:08Z,2026-08-02T13:05:08+0200,b3181029-81fc-491a-b750-6dc59ef155aa,2026-07-08T08:00:00Z,2026-07-08T10:00:00+0200,80.96,EUR/MWh,DK1,DK_1,day_ahead_price,value,2026-08-02T11:09:27Z
2026-08-02T11:05:08Z,2026-08-02T13:05:08+0200,b3181029-81fc-491a-b750-6dc59ef155aa,2026-07-08T08:15:00Z,2026-07-08T10:15:00+0200,74.54,EUR/MWh,DK1,DK_1,day_ahead_price,value,2026-08-02T11:09:27Z
2026-08-02T11:05:08Z,2026-08-02T13:05:08+0200,b3181029-81fc-491a-b750-6dc59ef155aa,2026-07-08T08:30:00Z,2026-07-08T10:30:00+0200,75.43,EUR/MWh,DK1,DK_1,day_ahead_price,value,2026-08-02T11:09:27Z
2026-08-02T11:05:08Z,2026-08-02T13:05:08+0200,b3181029-81fc-491a-b750-6dc59ef155aa,2026-07-08T08:45:00Z,2026-07-08T10:45:00+0200,67.61,EUR/MWh,DK1,DK_1,day_ahead_price,value,2026-08-02T11:09:27Z
2026-08-02T11:05:08Z,2026-08-02T13:05:08+0200,b3181029-81fc-491a-b750-6dc59ef155aa,2026-07-08T09:00:00Z,2026-07-08T11:00:00+0200,80.72,EUR/MWh,DK1,DK_1,day_ahead_price,value,2026-08-02T11:09:27Z
2026-08-02T11:05:08Z,2026-08-02T13:05:08+0200,b3181029-81fc-491a-b750-6dc59ef155aa,2026-07-08T09:15:00Z,2026-07-08T11:15:00+0200,71.01,EUR/MWh,DK1,DK_1,day_ahead_price,value,2026-08-02T11:09:27Z
2026-08-02T11:05:08Z,2026-08-02T13:05:08+0200,b3181029-81fc-491a-b750-6dc59ef155aa,2026-07-08T09:30:00Z,2026-07-08T11:30:00+0200,67.81,EUR/MWh,DK1,DK_1,day_ahead_price,value,2026-08-02T11:09:27Z
2026-08-02T11:05:08Z,2026-08-02T13:05:08+0200,b3181029-81fc-491a-b750-6dc59ef155aa,2026-07-08T09:45:00Z,2026-07-08T11:45:00+0200,52.85,EUR/MWh,DK1,DK_1,day_ahead_price,value,2026-08-02T11:09:27Z
2026-08-02T11:05:08Z,2026-08-02T13:05:08+0200,b3181029-81fc-491a-b750-6dc59ef155aa,2026-07-08T10:00:00Z,2026-07-08T12:00:00+0200,54.26,EUR/MWh,DK1,DK_1,day_ahead_price,value,2026-08-02T11:09:27Z
2026-08-02T11:05:08Z,2026-08-02T13:05:08+0200,b3181029-81fc-491a-b750-6dc59ef155aa,2026-07-08T10:15:00Z,2026-07-08T12:15:00+0200,55.41,EUR/MWh,DK1,DK_1,day_ahead_price,value,2026-08-02T11:09:27Z
2026-08-02T11:05:08Z,2026-08-02T13:05:08+0200,b3181029-81fc-491a-b750-6dc59ef155aa,2026-07-08T10:30:00Z,2026-07-08T12:30:00+0200,46.18,EUR/MWh,DK1,DK_1,day_ahead_price,value,2026-08-02T11:09:27Z
2026-08-02T11:05:08Z,2026-08-02T13:05:08+0200,b3181029-81fc-491a-b750-6dc59ef155aa,2026-07-08T10:45:00Z,2026-07-08T12:45:00+0200,35.78,EUR/MWh,DK1,DK_1,day_ahead_price,value,2026-08-02T11:09:27Z
2026-08-02T11:05:08Z,2026-08-02T13:05:08+0200,b3181029-81fc-491a-b750-6dc59ef155aa,2026-07-08T11:00:00Z,2026-07-08T13:00:00+0200,35.56,EUR/MWh,DK1,DK_1,day_ahead_price,value,2026-08-02T11:09:27Z
2026-08-02T11:05:08Z,2026-08-02T13:05:08+0200,b3181029-81fc-491a-b750-6dc59ef155aa,2026-07-08T11:15:00Z,2026-07-08T13:15:00+0200,24.06,EUR/MWh,DK1,DK_1,day_ahead_price,value,2026-08-02T11:09:27Z
2026-08-02T11:05:08Z,2026-08-02T13:05:08+0200,b3181029-81fc-491a-b750-6dc59ef155aa,2026-07-08T11:30:00Z,2026-07-08T13:30:00+0200,14.54,EUR/MWh,DK1,DK_1,day_ahead_price,value,2026-08-02T11:09:27Z
2026-08-02T11:05:08Z,2026-08-02T13:05:08+0200,b3181029-81fc-491a-b750-6dc59ef155aa,2026-07-08T11:45:00Z,2026-07-08T13:45:00+0200,12.32,EUR/MWh,DK1,DK_1,day_ahead_price,value,2026-08-02T11:09:27Z
2026-08-02T11:05:08Z,2026-08-02T13:05:08+0200,b3181029-81fc-491a-b750-6dc59ef155aa,2026-07-08T12:00:00Z,2026-07-08T14:00:00+0200,11.91,EUR/MWh,DK1,DK_1,day_ahead_price,value,2026-08-02T11:09:27Z
2026-08-02T11:05:08Z,2026-08-02T13:05:08+0200,b3181029-81fc-491a-b750-6dc59ef155aa,2026-07-08T12:15:00Z,2026-07-08T14:15:00+0200,13.11,EUR/MWh,DK1,DK_1,day_ahead_price,value,2026-08-02T11:09:27Z
2026-08-02T11:05:08Z,2026-08-02T13:05:08+0200,b3181029-81fc-491a-b750-6dc59ef155aa,2026-07-08T12:30:00Z,2026-07-08T14:30:00+0200,13.5,EUR/MWh,DK1,DK_1,day_ahead_price,value,2026-08-02T11:09:27Z
2026-08-02T11:05:08Z,2026-08-02T13:05:08+0200,b3181029-81fc-491a-b750-6dc59ef155aa,2026-07-08T12:45:00Z,2026-07-08T14:45:00+0200,12.33,EUR/MWh,DK1,DK_1,day_ahead_price,value,2026-08-02T11:09:27Z
2026-08-02T11:05:08Z,2026-08-02T13:05:08+0200,b3181029-81fc-491a-b750-6dc59ef155aa,2026-07-08T13:00:00Z,2026-07-08T15:00:00+0200,9.05,EUR/MWh,DK1,DK_1,day_ahead_price,value,2026-08-02T11:09:27Z
2026-08-02T11:05:08Z,2026-08-02T13:05:08+0200,b3181029-81fc-491a-b750-6dc59ef155aa,2026-07-08T13:15:00Z,2026-07-08T15:15:00+0200,9.14,EUR/MWh,DK1,DK_1,day_ahead_price,value,2026-08-02T11:09:27Z
2026-08-02T11:05:08Z,2026-08-02T13:05:08+0200,b3181029-81fc-491a-b750-6dc59ef155aa,2026-07-08T13:30:00Z,2026-07-08T15:30:00+0200,15.07,EUR/MWh,DK1,DK_1,day_ahead_price,value,2026-08-02T11:09:27Z
2026-08-02T11:05:08Z,2026-08-02T13:05:08+0200,b3181029-81fc-491a-b750-6dc59ef155aa,2026-07-08T13:45:00Z,2026-07-08T15:45:00+0200,23.91,EUR/MWh,DK1,DK_1,day_ahead_price,value,2026-08-02T11:09:27Z
2026-08-02T11:05:08Z,2026-08-02T13:05:08+0200,b3181029-81fc-491a-b750-6dc59ef155aa,2026-07-08T14:00:00Z,2026-07-08T16:00:00+0200,13.15,EUR/MWh,DK1,DK_1,day_ahead_price,value,2026-08-02T11:09:27Z
2026-08-02T11:05:08Z,2026-08-02T13:05:08+0200,b3181029-81fc-491a-b750-6dc59ef155aa,2026-07-08T14:15:00Z,2026-07-08T16:15:00+0200,20.89,EUR/MWh,DK1,DK_1,day_ahead_price,value,2026-08-02T11:09:27Z
2026-08-02T11:05:08Z,2026-08-02T13:05:08+0200,b3181029-81fc-491a-b750-6dc59ef155aa,2026-07-08T14:30:00Z,2026-07-08T16:30:00+0200,52.53,EUR/MWh,DK1,DK_1,day_ahead_price,value,2026-08-02T11:09:27Z
2026-08-02T11:05:08Z,2026-08-02T13:05:08+0200,b3181029-81fc-491a-b750-6dc59ef155aa,2026-07-08T14:45:00Z,2026-07-08T16:45:00+0200,72.62,EUR/MWh,DK1,DK_1,day_ahead_price,value,2026-08-02T11:09:27Z
2026-08-02T11:05:08Z,2026-08-02T13:05:08+0200,b3181029-81fc-491a-b750-6dc59ef155aa,2026-07-08T15:00:00Z,2026-07-08T17:00:00+0200,61.15,EUR/MWh,DK1,DK_1,day_ahead_price,value,2026-08-02T11:09:27Z
2026-08-02T11:05:08Z,2026-08-02T13:05:08+0200,b3181029-81fc-491a-b750-6dc59ef155aa,2026-07-08T15:15:00Z,2026-07-08T17:15:00+0200,80.14,EUR/MWh,DK1,DK_1,day_ahead_price,value,2026-08-02T11:09:27Z
2026-08-02T11:05:08Z,2026-08-02T13:05:08+0200,b3181029-81fc-491a-b750-6dc59ef155aa,2026-07-08T15:30:00Z,2026-07-08T17:30:00+0200,83.2,EUR/MWh,DK1,DK_1,day_ahead_price,value,2026-08-02T11:09:27Z
2026-08-02T11:05:08Z,2026-08-02T13:05:08+0200,b3181029-81fc-491a-b750-6dc59ef155aa,2026-07-08T15:45:00Z,2026-07-08T17:45:00+0200,87.74,EUR/MWh,DK1,DK_1,day_ahead_price,value,2026-08-02T11:09:27Z
2026-08-02T11:05:08Z,2026-08-02T13:05:08+0200,b3181029-81fc-491a-b750-6dc59ef155aa,2026-07-08T16:00:00Z,2026-07-08T18:00:00+0200,79.36,EUR/MWh,DK1,DK_1,day_ahead_price,value,2026-08-02T11:09:27Z
2026-08-02T11:05:08Z,2026-08-02T13:05:08+0200,b3181029-81fc-491a-b750-6dc59ef155aa,2026-07-08T16:15:00Z,2026-07-08T18:15:00+0200,88.01,EUR/MWh,DK1,DK_1,day_ahead_price,value,2026-08-02T11:09:27Z
2026-08-02T11:05:08Z,2026-08-02T13:05:08+0200,b3181029-81fc-491a-b750-6dc59ef155aa,2026-07-08T16:30:00Z,2026-07-08T18:30:00+0200,110.27,EUR/MWh,DK1,DK_1,day_ahead_price,value,2026-08-02T11:09:27Z
2026-08-02T11:05:08Z,2026-08-02T13:05:08+0200,b3181029-81fc-491a-b750-6dc59ef155aa,2026-07-08T16:45:00Z,2026-07-08T18:45:00+0200,107.93,EUR/MWh,DK1,DK_1,day_ahead_price,value,2026-08-02T11:09:27Z
2026-08-02T11:05:08Z,2026-08-02T13:05:08+0200,b3181029-81fc-491a-b750-6dc59ef155aa,2026-07-08T17:00:00Z,2026-07-08T19:00:00+0200,120.13,EUR/MWh,DK1,DK_1,day_ahead_price,value,2026-08-02T11:09:27Z
2026-08-02T11:05:08Z,2026-08-02T13:05:08+0200,b3181029-81fc-491a-b750-6dc59ef155aa,2026-07-08T17:15:00Z,2026-07-08T19:15:00+0200,121.52,EUR/MWh,DK1,DK_1,day_ahead_price,value,2026-08-02T11:09:27Z
2026-08-02T11:05:08Z,2026-08-02T13:05:08+0200,b3181029-81fc-491a-b750-6dc59ef155aa,2026-07-08T17:30:00Z,2026-07-08T19:30:00+0200,125.94,EUR/MWh,DK1,DK_1,day_ahead_price,value,2026-08-02T11:09:27Z
2026-08-02T11:05:08Z,2026-08-02T13:05:08+0200,b3181029-81fc-491a-b750-6dc59ef155aa,2026-07-08T17:45:00Z,2026-07-08T19:45:00+0200,132.41,EUR/MWh,DK1,DK_1,day_ahead_price,value,2026-08-02T11:09:27Z
2026-08-02T11:05:08Z,2026-08-02T13:05:08+0200,b3181029-81fc-491a-b750-6dc59ef155aa,2026-07-08T18:00:00Z,2026-07-08T20:00:00+0200,130.42,EUR/MWh,DK1,DK_1,day_ahead_price,value,2026-08-02T11:09:27Z
2026-08-02T11:05:08Z,2026-08-02T13:05:08+0200,b3181029-81fc-491a-b750-6dc59ef155aa,2026-07-08T18:15:00Z,2026-07-08T20:15:00+0200,143.19,EUR/MWh,DK1,DK_1,day_ahead_price,value,2026-08-02T11:09:27Z
2026-08-02T11:05:08Z,2026-08-02T13:05:08+0200,b3181029-81fc-491a-b750-6dc59ef155aa,2026-07-08T18:30:00Z,2026-07-08T20:30:00+0200,151.98,EUR/MWh,DK1,DK_1,day_ahead_price,value,2026-08-02T11:09:27Z
2026-08-02T11:05:08Z,2026-08-02T13:05:08+0200,b3181029-81fc-491a-b750-6dc59ef155aa,2026-07-08T18:45:00Z,2026-07-08T20:45:00+0200,165.75,EUR/MWh,DK1,DK_1,day_ahead_price,value,2026-08-02T11:09:27Z
2026-08-02T11:05:08Z,2026-08-02T13:05:08+0200,b3181029-81fc-491a-b750-6dc59ef155aa,2026-07-08T19:00:00Z,2026-07-08T21:00:00+0200,158.22,EUR/MWh,DK1,DK_1,day_ahead_price,value,2026-08-02T11:09:27Z
2026-08-02T11:05:08Z,2026-08-02T13:05:08+0200,b3181029-81fc-491a-b750-6dc59ef155aa,2026-07-08T19:15:00Z,2026-07-08T21:15:00+0200,160.98,EUR/MWh,DK1,DK_1,day_ahead_price,value,2026-08-02T11:09:27Z
2026-08-02T11:05:08Z,2026-08-02T13:05:08+0200,b3181029-81fc-491a-b750-6dc59ef155aa,2026-07-08T19:30:00Z,2026-07-08T21:30:00+0200,163.0,EUR/MWh,DK1,DK_1,day_ahead_price,value,2026-08-02T11:09:27Z
2026-08-02T11:05:08Z,2026-08-02T13:05:08+0200,b3181029-81fc-491a-b750-6dc59ef155aa,2026-07-08T19:45:00Z,2026-07-08T21:45:00+0200,157.8,EUR/MWh,DK1,DK_1,day_ahead_price,value,2026-08-02T11:09:27Z
2026-08-02T11:05:08Z,2026-08-02T13:05:08+0200,b3181029-81fc-491a-b750-6dc59ef155aa,2026-07-08T20:00:00Z,2026-07-08T22:00:00+0200,167.11,EUR/MWh,DK1,DK_1,day_ahead_price,value,2026-08-02T11:09:27Z
2026-08-02T11:05:08Z,2026-08-02T13:05:08+0200,b3181029-81fc-491a-b750-6dc59ef155aa,2026-07-08T20:15:00Z,2026-07-08T22:15:00+0200,163.15,EUR/MWh,DK1,DK_1,day_ahead_price,value,2026-08-02T11:09:27Z
2026-08-02T11:05:08Z,2026-08-02T13:05:08+0200,b3181029-81fc-491a-b750-6dc59ef155aa,2026-07-08T20:30:00Z,2026-07-08T22:30:00+0200,158.11,EUR/MWh,DK1,DK_1,day_ahead_price,value,2026-08-02T11:09:27Z
2026-08-02T11:05:08Z,2026-08-02T13:05:08+0200,b3181029-81fc-491a-b750-6dc59ef155aa,2026-07-08T20:45:00Z,2026-07-08T22:45:00+0200,147.1,EUR/MWh,DK1,DK_1,day_ahead_price,value,2026-08-02T11:09:27Z
2026-08-02T11:05:08Z,2026-08-02T13:05:08+0200,b3181029-81fc-491a-b750-6dc59ef155aa,2026-07-08T21:00:00Z,2026-07-08T23:00:00+0200,150.19,EUR/MWh,DK1,DK_1,day_ahead_price,value,2026-08-02T11:09:27Z
2026-08-02T11:05:08Z,2026-08-02T13:05:08+0200,b3181029-81fc-491a-b750-6dc59ef155aa,2026-07-08T21:15:00Z,2026-07-08T23:15:00+0200,141.73,EUR/MWh,DK1,DK_1,day_ahead_price,value,2026-08-02T11:09:27Z
2026-08-02T11:05:08Z,2026-08-02T13:05:08+0200,b3181029-81fc-491a-b750-6dc59ef155aa,2026-07-08T21:30:00Z,2026-07-08T23:30:00+0200,140.77,EUR/MWh,DK1,DK_1,day_ahead_price,value,2026-08-02T11:09:27Z
2026-08-02T11:05:08Z,2026-08-02T13:05:08+0200,b3181029-81fc-491a-b750-6dc59ef155aa,2026-07-08T21:45:00Z,2026-07-08T23:45:00+0200,135.32,EUR/MWh,DK1,DK_1,day_ahead_price,value,2026-08-02T11:09:27Z
2026-08-02T11:05:08Z,2026-08-02T13:05:08+0200,b3181029-81fc-491a-b750-6dc59ef155aa,2026-07-08T22:00:00Z,2026-07-09T00:00:00+0200,137.68,EUR/MWh,DK1,DK_1,day_ahead_price,value,2026-08-02T11:09:27Z
2026-08-02T11:05:08Z,2026-08-02T13:05:08+0200,b3181029-81fc-491a-b750-6dc59ef155aa,2026-07-08T22:15:00Z,2026-07-09T00:15:00+0200,138.23,EUR/MWh,DK1,DK_1,day_ahead_price,value,2026-08-02T11:09:27Z
2026-08-02T11:05:08Z,2026-08-02T13:05:08+0200,b3181029-81fc-491a-b750-6dc59ef155aa,2026-07-08T22:30:00Z,2026-07-09T00:30:00+0200,136.75,EUR/MWh,DK1,DK_1,day_ahead_price,value,2026-08-02T11:09:27Z
2026-08-02T11:05:08Z,2026-08-02T13:05:08+0200,b3181029-81fc-491a-b750-6dc59ef155aa,2026-07-08T22:45:00Z,2026-07-09T00:45:00+0200,130.47,EUR/MWh,DK1,DK_1,day_ahead_price,value,2026-08-02T11:09:27Z
2026-08-02T11:05:08Z,2026-08-02T13:05:08+0200,b3181029-81fc-491a-b750-6dc59ef155aa,2026-07-08T23:00:00Z,2026-07-09T01:00:00+0200,136.08,EUR/MWh,DK1,DK_1,day_ahead_price,value,2026-08-02T11:09:27Z
2026-08-02T11:05:08Z,2026-08-02T13:05:08+0200,b3181029-81fc-491a-b750-6dc59ef155aa,2026-07-08T23:15:00Z,2026-07-09T01:15:00+0200,133.25,EUR/MWh,DK1,DK_1,day_ahead_price,value,2026-08-02T11:09:27Z
2026-08-02T11:05:08Z,2026-08-02T13:05:08+0200,b3181029-81fc-491a-b750-6dc59ef155aa,2026-07-08T23:30:00Z,2026-07-09T01:30:00+0200,130.79,EUR/MWh,DK1,DK_1,day_ahead_price,value,2026-08-02T11:09:27Z
2026-08-02T11:05:08Z,2026-08-02T13:05:08+0200,b3181029-81fc-491a-b750-6dc59ef155aa,2026-07-08T23:45:00Z,2026-07-09T01:45:00+0200,128.47,EUR/MWh,DK1,DK_1,day_ahead_price,value,2026-08-02T11:09:27Z
2026-08-02T11:05:08Z,2026-08-02T13:05:08+0200,b3181029-81fc-491a-b750-6dc59ef155aa,2026-07-09T00:00:00Z,2026-07-09T02:00:00+0200,128.34,EUR/MWh,DK1,DK_1,day_ahead_price,value,2026-08-02T11:09:27Z
2026-08-02T11:05:08Z,2026-08-02T13:05:08+0200,b3181029-81fc-491a-b750-6dc59ef155aa,2026-07-09T00:15:00Z,2026-07-09T02:15:00+0200,127.39,EUR/MWh,DK1,DK_1,day_ahead_price,value,2026-08-02T11:09:27Z
2026-08-02T11:05:08Z,2026-08-02T13:05:08+0200,b3181029-81fc-491a-b750-6dc59ef155aa,2026-07-09T00:30:00Z,2026-07-09T02:30:00+0200,126.93,EUR/MWh,DK1,DK_1,day_ahead_price,value,2026-08-02T11:09:27Z
2026-08-02T11:05:08Z,2026-08-02T13:05:08+0200,b3181029-81fc-491a-b750-6dc59ef155aa,2026-07-09T00:45:00Z,2026-07-09T02:45:00+0200,126.61,EUR/MWh,DK1,DK_1,day_ahead_price,value,2026-08-02T11:09:27Z
2026-08-02T11:05:08Z,2026-08-02T13:05:08+0200,b3181029-81fc-491a-b750-6dc59ef155aa,2026-07-09T01:00:00Z,2026-07-09T03:00:00+0200,124.65,EUR/MWh,DK1,DK_1,day_ahead_price,value,2026-08-02T11:09:27Z
2026-08-02T11:05:08Z,2026-08-02T13:05:08+0200,b3181029-81fc-491a-b750-6dc59ef155aa,2026-07-09T01:15:00Z,2026-07-09T03:15:00+0200,124.0,EUR/MWh,DK1,DK_1,day_ahead_price,value,2026-08-02T11:09:27Z
2026-08-02T11:05:08Z,2026-08-02T13:05:08+0200,b3181029-81fc-491a-b750-6dc59ef155aa,2026-07-09T01:30:00Z,2026-07-09T03:30:00+0200,124.61,EUR/MWh,DK1,DK_1,day_ahead_price,value,2026-08-02T11:09:27Z
2026-08-02T11:05:08Z,2026-08-02T13:05:08+0200,b3181029-81fc-491a-b750-6dc59ef155aa,2026-07-09T01:45:00Z,2026-07-09T03:45:00+0200,124.97,EUR/MWh,DK1,DK_1,day_ahead_price,value,2026-08-02T11:09:27Z
2026-08-02T11:05:08Z,2026-08-02T13:05:08+0200,b3181029-81fc-491a-b750-6dc59ef155aa,2026-07-09T02:00:00Z,2026-07-09T04:00:00+0200,120.12,EUR/MWh,DK1,DK_1,day_ahead_price,value,2026-08-02T11:09:27Z
2026-08-02T11:05:08Z,2026-08-02T13:05:08+0200,b3181029-81fc-491a-b750-6dc59ef155aa,2026-07-09T02:15:00Z,2026-07-09T04:15:00+0200,123.64,EUR/MWh,DK1,DK_1,day_ahead_price,value,2026-08-02T11:09:27Z
2026-08-02T11:05:08Z,2026-08-02T13:05:08+0200,b3181029-81fc-491a-b750-6dc59ef155aa,2026-07-09T02:30:00Z,2026-07-09T04:30:00+0200,126.2,EUR/MWh,DK1,DK_1,day_ahead_price,value,2026-08-02T11:09:27Z
2026-08-02T11:05:08Z,2026-08-02T13:05:08+0200,b3181029-81fc-491a-b750-6dc59ef155aa,2026-07-09T02:45:00Z,2026-07-09T04:45:00+0200,129.77,EUR/MWh,DK1,DK_1,day_ahead_price,value,2026-08-02T11:09:27Z
2026-08-02T11:05:08Z,2026-08-02T13:05:08+0200,b3181029-81fc-491a-b750-6dc59ef155aa,2026-07-09T03:00:00Z,2026-07-09T05:00:00+0200,127.6,EUR/MWh,DK1,DK_1,day_ahead_price,value,2026-08-02T11:09:27Z
2026-08-02T11:05:08Z,2026-08-02T13:05:08+0200,b3181029-81fc-491a-b750-6dc59ef155aa,2026-07-09T03:15:00Z,2026-07-09T05:15:00+0200,131.66,EUR/MWh,DK1,DK_1,day_ahead_price,value,2026-08-02T11:09:27Z
2026-08-02T11:05:08Z,2026-08-02T13:05:08+0200,b3181029-81fc-491a-b750-6dc59ef155aa,2026-07-09T03:30:00Z,2026-07-09T05:30:00+0200,135.0,EUR/MWh,DK1,DK_1,day_ahead_price,value,2026-08-02T11:09:27Z
2026-08-02T11:05:08Z,2026-08-02T13:05:08+0200,b3181029-81fc-491a-b750-6dc59ef155aa,2026-07-09T03:45:00Z,2026-07-09T05:45:00+0200,141.3,EUR/MWh,DK1,DK_1,day_ahead_price,value,2026-08-02T11:09:27Z
2026-08-02T11:05:08Z,2026-08-02T13:05:08+0200,b3181029-81fc-491a-b750-6dc59ef155aa,2026-07-09T04:00:00Z,2026-07-09T06:00:00+0200,139.5,EUR/MWh,DK1,DK_1,day_ahead_price,value,2026-08-02T11:09:27Z
2026-08-02T11:05:08Z,2026-08-02T13:05:08+0200,b3181029-81fc-491a-b750-6dc59ef155aa,2026-07-09T04:15:00Z,2026-07-09T06:15:00+0200,145.66,EUR/MWh,DK1,DK_1,day_ahead_price,value,2026-08-02T11:09:27Z
2026-08-02T11:05:08Z,2026-08-02T13:05:08+0200,b3181029-81fc-491a-b750-6dc59ef155aa,2026-07-09T04:30:00Z,2026-07-09T06:30:00+0200,150.55,EUR/MWh,DK1,DK_1,day_ahead_price,value,2026-08-02T11:09:27Z
2026-08-02T11:05:08Z,2026-08-02T13:05:08+0200,b3181029-81fc-491a-b750-6dc59ef155aa,2026-07-09T04:45:00Z,2026-07-09T06:45:00+0200,144.72,EUR/MWh,DK1,DK_1,day_ahead_price,value,2026-08-02T11:09:27Z
2026-08-02T11:05:08Z,2026-08-02T13:05:08+0200,b3181029-81fc-491a-b750-6dc59ef155aa,2026-07-09T05:00:00Z,2026-07-09T07:00:00+0200,163.0,EUR/MWh,DK1,DK_1,day_ahead_price,value,2026-08-02T11:09:27Z
2026-08-02T11:05:08Z,2026-08-02T13:05:08+0200,b3181029-81fc-491a-b750-6dc59ef155aa,2026-07-09T05:15:00Z,2026-07-09T07:15:00+0200,151.17,EUR/MWh,DK1,DK_1,day_ahead_price,value,2026-08-02T11:09:27Z
2026-08-02T11:05:08Z,2026-08-02T13:05:08+0200,b3181029-81fc-491a-b750-6dc59ef155aa,2026-07-09T05:30:00Z,2026-07-09T07:30:00+0200,143.06,EUR/MWh,DK1,DK_1,day_ahead_price,value,2026-08-02T11:09:27Z
2026-08-02T11:05:08Z,2026-08-02T13:05:08+0200,b3181029-81fc-491a-b750-6dc59ef155aa,2026-07-09T05:45:00Z,2026-07-09T07:45:00+0200,131.82,EUR/MWh,DK1,DK_1,day_ahead_price,value,2026-08-02T11:09:27Z
2026-08-02T11:05:08Z,2026-08-02T13:05:08+0200,b3181029-81fc-491a-b750-6dc59ef155aa,2026-07-09T06:00:00Z,2026-07-09T08:00:00+0200,154.08,EUR/MWh,DK1,DK_1,day_ahead_price,value,2026-08-02T11:09:27Z
2026-08-02T11:05:08Z,2026-08-02T13:05:08+0200,b3181029-81fc-491a-b750-6dc59ef155aa,2026-07-09T06:15:00Z,2026-07-09T08:15:00+0200,139.96,EUR/MWh,DK1,DK_1,day_ahead_price,value,2026-08-02T11:09:27Z
2026-08-02T11:05:08Z,2026-08-02T13:05:08+0200,b3181029-81fc-491a-b750-6dc59ef155aa,2026-07-09T06:30:00Z,2026-07-09T08:30:00+0200,134.93,EUR/MWh,DK1,DK_1,day_ahead_price,value,2026-08-02T11:09:27Z
2026-08-02T11:05:08Z,2026-08-02T13:05:08+0200,b3181029-81fc-491a-b750-6dc59ef155aa,2026-07-09T06:45:00Z,2026-07-09T08:45:00+0200,124.48,EUR/MWh,DK1,DK_1,day_ahead_price,value,2026-08-02T11:09:27Z
2026-08-02T11:05:08Z,2026-08-02T13:05:08+0200,b3181029-81fc-491a-b750-6dc59ef155aa,2026-07-09T07:00:00Z,2026-07-09T09:00:00+0200,132.6,EUR/MWh,DK1,DK_1,day_ahead_price,value,2026-08-02T11:09:27Z
2026-08-02T11:05:08Z,2026-08-02T13:05:08+0200,b3181029-81fc-491a-b750-6dc59ef155aa,2026-07-09T07:15:00Z,2026-07-09T09:15:00+0200,120.82,EUR/MWh,DK1,DK_1,day_ahead_price,value,2026-08-02T11:09:27Z
2026-08-02T11:05:08Z,2026-08-02T13:05:08+0200,b3181029-81fc-491a-b750-6dc59ef155aa,2026-07-09T07:30:00Z,2026-07-09T09:30:00+0200,114.77,EUR/MWh,DK1,DK_1,day_ahead_price,value,2026-08-02T11:09:27Z
2026-08-02T11:05:08Z,2026-08-02T13:05:08+0200,b3181029-81fc-491a-b750-6dc59ef155aa,2026-07-09T07:45:00Z,2026-07-09T09:45:00+0200,107.81,EUR/MWh,DK1,DK_1,day_ahead_price,value,2026-08-02T11:09:27Z
2026-08-02T11:05:08Z,2026-08-02T13:05:08+0200,b3181029-81fc-491a-b750-6dc59ef155aa,2026-07-09T08:00:00Z,2026-07-09T10:00:00+0200,111.35,EUR/MWh,DK1,DK_1,day_ahead_price,value,2026-08-02T11:09:27Z
2026-08-02T11:05:08Z,2026-08-02T13:05:08+0200,b3181029-81fc-491a-b750-6dc59ef155aa,2026-07-09T08:15:00Z,2026-07-09T10:15:00+0200,106.3,EUR/MWh,DK1,DK_1,day_ahead_price,value,2026-08-02T11:09:27Z
2026-08-02T11:05:08Z,2026-08-02T13:05:08+0200,b3181029-81fc-491a-b750-6dc59ef155aa,2026-07-09T08:30:00Z,2026-07-09T10:30:00+0200,100.82,EUR/MWh,DK1,DK_1,day_ahead_price,value,2026-08-02T11:09:27Z
2026-08-02T11:05:08Z,2026-08-02T13:05:08+0200,b3181029-81fc-491a-b750-6dc59ef155aa,2026-07-09T08:45:00Z,2026-07-09T10:45:00+0200,89.86,EUR/MWh,DK1,DK_1,day_ahead_price,value,2026-08-02T11:09:27Z
2026-08-02T11:05:08Z,2026-08-02T13:05:08+0200,b3181029-81fc-491a-b750-6dc59ef155aa,2026-07-09T09:00:00Z,2026-07-09T11:00:00+0200,104.93,EUR/MWh,DK1,DK_1,day_ahead_price,value,2026-08-02T11:09:27Z
2026-08-02T11:05:08Z,2026-08-02T13:05:08+0200,b3181029-81fc-491a-b750-6dc59ef155aa,2026-07-09T09:15:00Z,2026-07-09T11:15:00+0200,92.19,EUR/MWh,DK1,DK_1,day_ahead_price,value,2026-08-02T11:09:27Z
2026-08-02T11:05:08Z,2026-08-02T13:05:08+0200,b3181029-81fc-491a-b750-6dc59ef155aa,2026-07-09T09:30:00Z,2026-07-09T11:30:00+0200,84.78,EUR/MWh,DK1,DK_1,day_ahead_price,value,2026-08-02T11:09:27Z
2026-08-02T11:05:08Z,2026-08-02T13:05:08+0200,b3181029-81fc-491a-b750-6dc59ef155aa,2026-07-09T09:45:00Z,2026-07-09T11:45:00+0200,79.66,EUR/MWh,DK1,DK_1,day_ahead_price,value,2026-08-02T11:09:27Z
2026-08-02T11:05:08Z,2026-08-02T13:05:08+0200,b3181029-81fc-491a-b750-6dc59ef155aa,2026-07-09T10:00:00Z,2026-07-09T12:00:00+0200,87.17,EUR/MWh,DK1,DK_1,day_ahead_price,value,2026-08-02T11:09:27Z
2026-08-02T11:05:08Z,2026-08-02T13:05:08+0200,b3181029-81fc-491a-b750-6dc59ef155aa,2026-07-09T10:15:00Z,2026-07-09T12:15:00+0200,72.5,EUR/MWh,DK1,DK_1,day_ahead_price,value,2026-08-02T11:09:27Z
2026-08-02T11:05:08Z,2026-08-02T13:05:08+0200,b3181029-81fc-491a-b750-6dc59ef155aa,2026-07-09T10:30:00Z,2026-07-09T12:30:00+0200,63.51,EUR/MWh,DK1,DK_1,day_ahead_price,value,2026-08-02T11:09:27Z
2026-08-02T11:05:08Z,2026-08-02T13:05:08+0200,b3181029-81fc-491a-b750-6dc59ef155aa,2026-07-09T10:45:00Z,2026-07-09T12:45:00+0200,57.11,EUR/MWh,DK1,DK_1,day_ahead_price,value,2026-08-02T11:09:27Z
2026-08-02T11:05:08Z,2026-08-02T13:05:08+0200,b3181029-81fc-491a-b750-6dc59ef155aa,2026-07-09T11:00:00Z,2026-07-09T13:00:00+0200,61.61,EUR/MWh,DK1,DK_1,day_ahead_price,value,2026-08-02T11:09:27Z
2026-08-02T11:05:08Z,2026-08-02T13:05:08+0200,b3181029-81fc-491a-b750-6dc59ef155aa,2026-07-09T11:15:00Z,2026-07-09T13:15:00+0200,54.48,EUR/MWh,DK1,DK_1,day_ahead_price,value,2026-08-02T11:09:27Z
2026-08-02T11:05:08Z,2026-08-02T13:05:08+0200,b3181029-81fc-491a-b750-6dc59ef155aa,2026-07-09T11:30:00Z,2026-07-09T13:30:00+0200,41.28,EUR/MWh,DK1,DK_1,day_ahead_price,value,2026-08-02T11:09:27Z
2026-08-02T11:05:08Z,2026-08-02T13:05:08+0200,b3181029-81fc-491a-b750-6dc59ef155aa,2026-07-09T11:45:00Z,2026-07-09T13:45:00+0200,26.15,EUR/MWh,DK1,DK_1,day_ahead_price,value,2026-08-02T11:09:27Z
2026-08-02T11:05:08Z,2026-08-02T13:05:08+0200,b3181029-81fc-491a-b750-6dc59ef155aa,2026-07-09T12:00:00Z,2026-07-09T14:00:00+0200,34.52,EUR/MWh,DK1,DK_1,day_ahead_price,value,2026-08-02T11:09:27Z
2026-08-02T11:05:08Z,2026-08-02T13:05:08+0200,b3181029-81fc-491a-b750-6dc59ef155aa,2026-07-09T12:15:00Z,2026-07-09T14:15:00+0200,36.83,EUR/MWh,DK1,DK_1,day_ahead_price,value,2026-08-02T11:09:27Z
2026-08-02T11:05:08Z,2026-08-02T13:05:08+0200,b3181029-81fc-491a-b750-6dc59ef155aa,2026-07-09T12:30:00Z,2026-07-09T14:30:00+0200,38.94,EUR/MWh,DK1,DK_1,day_ahead_price,value,2026-08-02T11:09:27Z
2026-08-02T11:05:08Z,2026-08-02T13:05:08+0200,b3181029-81fc-491a-b750-6dc59ef155aa,2026-07-09T12:45:00Z,2026-07-09T14:45:00+0200,44.59,EUR/MWh,DK1,DK_1,day_ahead_price,value,2026-08-02T11:09:27Z
2026-08-02T11:05:08Z,2026-08-02T13:05:08+0200,b3181029-81fc-491a-b750-6dc59ef155aa,2026-07-09T13:00:00Z,2026-07-09T15:00:00+0200,34.01,EUR/MWh,DK1,DK_1,day_ahead_price,value,2026-08-02T11:09:27Z
2026-08-02T11:05:08Z,2026-08-02T13:05:08+0200,b3181029-81fc-491a-b750-6dc59ef155aa,2026-07-09T13:15:00Z,2026-07-09T15:15:00+0200,44.93,EUR/MWh,DK1,DK_1,day_ahead_price,value,2026-08-02T11:09:27Z
2026-08-02T11:05:08Z,2026-08-02T13:05:08+0200,b3181029-81fc-491a-b750-6dc59ef155aa,2026-07-09T13:30:00Z,2026-07-09T15:30:00+0200,58.2,EUR/MWh,DK1,DK_1,day_ahead_price,value,2026-08-02T11:09:27Z
2026-08-02T11:05:08Z,2026-08-02T13:05:08+0200,b3181029-81fc-491a-b750-6dc59ef155aa,2026-07-09T13:45:00Z,2026-07-09T15:45:00+0200,77.03,EUR/MWh,DK1,DK_1,day_ahead_price,value,2026-08-02T11:09:27Z
2026-08-02T11:05:08Z,2026-08-02T13:05:08+0200,b3181029-81fc-491a-b750-6dc59ef155aa,2026-07-09T14:00:00Z,2026-07-09T16:00:00+0200,64.82,EUR/MWh,DK1,DK_1,day_ahead_price,value,2026-08-02T11:09:27Z
2026-08-02T11:05:08Z,2026-08-02T13:05:08+0200,b3181029-81fc-491a-b750-6dc59ef155aa,2026-07-09T14:15:00Z,2026-07-09T16:15:00+0200,80.48,EUR/MWh,DK1,DK_1,day_ahead_price,value,2026-08-02T11:09:27Z
2026-08-02T11:05:08Z,2026-08-02T13:05:08+0200,b3181029-81fc-491a-b750-6dc59ef155aa,2026-07-09T14:30:00Z,2026-07-09T16:30:00+0200,89.56,EUR/MWh,DK1,DK_1,day_ahead_price,value,2026-08-02T11:09:27Z
2026-08-02T11:05:08Z,2026-08-02T13:05:08+0200,b3181029-81fc-491a-b750-6dc59ef155aa,2026-07-09T14:45:00Z,2026-07-09T16:45:00+0200,101.05,EUR/MWh,DK1,DK_1,day_ahead_price,value,2026-08-02T11:09:27Z
2026-08-02T11:05:08Z,2026-08-02T13:05:08+0200,b3181029-81fc-491a-b750-6dc59ef155aa,2026-07-09T15:00:00Z,2026-07-09T17:00:00+0200,86.19,EUR/MWh,DK1,DK_1,day_ahead_price,value,2026-08-02T11:09:27Z
2026-08-02T11:05:08Z,2026-08-02T13:05:08+0200,b3181029-81fc-491a-b750-6dc59ef155aa,2026-07-09T15:15:00Z,2026-07-09T17:15:00+0200,105.39,EUR/MWh,DK1,DK_1,day_ahead_price,value,2026-08-02T11:09:27Z
2026-08-02T11:05:08Z,2026-08-02T13:05:08+0200,b3181029-81fc-491a-b750-6dc59ef155aa,2026-07-09T15:30:00Z,2026-07-09T17:30:00+0200,114.41,EUR/MWh,DK1,DK_1,day_ahead_price,value,2026-08-02T11:09:27Z
2026-08-02T11:05:08Z,2026-08-02T13:05:08+0200,b3181029-81fc-491a-b750-6dc59ef155aa,2026-07-09T15:45:00Z,2026-07-09T17:45:00+0200,129.95,EUR/MWh,DK1,DK_1,day_ahead_price,value,2026-08-02T11:09:27Z
2026-08-02T11:05:08Z,2026-08-02T13:05:08+0200,b3181029-81fc-491a-b750-6dc59ef155aa,2026-07-09T16:00:00Z,2026-07-09T18:00:00+0200,116.38,EUR/MWh,DK1,DK_1,day_ahead_price,value,2026-08-02T11:09:27Z
2026-08-02T11:05:08Z,2026-08-02T13:05:08+0200,b3181029-81fc-491a-b750-6dc59ef155aa,2026-07-09T16:15:00Z,2026-07-09T18:15:00+0200,123.52,EUR/MWh,DK1,DK_1,day_ahead_price,value,2026-08-02T11:09:27Z
2026-08-02T11:05:08Z,2026-08-02T13:05:08+0200,b3181029-81fc-491a-b750-6dc59ef155aa,2026-07-09T16:30:00Z,2026-07-09T18:30:00+0200,136.54,EUR/MWh,DK1,DK_1,day_ahead_price,value,2026-08-02T11:09:27Z
2026-08-02T11:05:08Z,2026-08-02T13:05:08+0200,b3181029-81fc-491a-b750-6dc59ef155aa,2026-07-09T16:45:00Z,2026-07-09T18:45:00+0200,147.85,EUR/MWh,DK1,DK_1,day_ahead_price,value,2026-08-02T11:09:27Z
2026-08-02T11:05:08Z,2026-08-02T13:05:08+0200,b3181029-81fc-491a-b750-6dc59ef155aa,2026-07-09T17:00:00Z,2026-07-09T19:00:00+0200,143.45,EUR/MWh,DK1,DK_1,day_ahead_price,value,2026-08-02T11:09:27Z
2026-08-02T11:05:08Z,2026-08-02T13:05:08+0200,b3181029-81fc-491a-b750-6dc59ef155aa,2026-07-09T17:15:00Z,2026-07-09T19:15:00+0200,153.2,EUR/MWh,DK1,DK_1,day_ahead_price,value,2026-08-02T11:09:27Z
2026-08-02T11:05:08Z,2026-08-02T13:05:08+0200,b3181029-81fc-491a-b750-6dc59ef155aa,2026-07-09T17:30:00Z,2026-07-09T19:30:00+0200,171.12,EUR/MWh,DK1,DK_1,day_ahead_price,value,2026-08-02T11:09:27Z
2026-08-02T11:05:08Z,2026-08-02T13:05:08+0200,b3181029-81fc-491a-b750-6dc59ef155aa,2026-07-09T17:45:00Z,2026-07-09T19:45:00+0200,200.92,EUR/MWh,DK1,DK_1,day_ahead_price,value,2026-08-02T11:09:27Z
2026-08-02T11:05:08Z,2026-08-02T13:05:08+0200,b3181029-81fc-491a-b750-6dc59ef155aa,2026-07-09T18:00:00Z,2026-07-09T20:00:00+0200,186.65,EUR/MWh,DK1,DK_1,day_ahead_price,value,2026-08-02T11:09:27Z
2026-08-02T11:05:08Z,2026-08-02T13:05:08+0200,b3181029-81fc-491a-b750-6dc59ef155aa,2026-07-09T18:15:00Z,2026-07-09T20:15:00+0200,202.89,EUR/MWh,DK1,DK_1,day_ahead_price,value,2026-08-02T11:09:27Z
2026-08-02T11:05:08Z,2026-08-02T13:05:08+0200,b3181029-81fc-491a-b750-6dc59ef155aa,2026-07-09T18:30:00Z,2026-07-09T20:30:00+0200,227.67,EUR/MWh,DK1,DK_1,day_ahead_price,value,2026-08-02T11:09:27Z
2026-08-02T11:05:08Z,2026-08-02T13:05:08+0200,b3181029-81fc-491a-b750-6dc59ef155aa,2026-07-09T18:45:00Z,2026-07-09T20:45:00+0200,241.94,EUR/MWh,DK1,DK_1,day_ahead_price,value,2026-08-02T11:09:27Z
2026-08-02T11:05:08Z,2026-08-02T13:05:08+0200,b3181029-81fc-491a-b750-6dc59ef155aa,2026-07-09T19:00:00Z,2026-07-09T21:00:00+0200,238.29,EUR/MWh,DK1,DK_1,day_ahead_price,value,2026-08-02T11:09:27Z
2026-08-02T11:05:08Z,2026-08-02T13:05:08+0200,b3181029-81fc-491a-b750-6dc59ef155aa,2026-07-09T19:15:00Z,2026-07-09T21:15:00+0200,229.31,EUR/MWh,DK1,DK_1,day_ahead_price,value,2026-08-02T11:09:27Z
2026-08-02T11:05:08Z,2026-08-02T13:05:08+0200,b3181029-81fc-491a-b750-6dc59ef155aa,2026-07-09T19:30:00Z,2026-07-09T21:30:00+0200,210.51,EUR/MWh,DK1,DK_1,day_ahead_price,value,2026-08-02T11:09:27Z
2026-08-02T11:05:08Z,2026-08-02T13:05:08+0200,b3181029-81fc-491a-b750-6dc59ef155aa,2026-07-09T19:45:00Z,2026-07-09T21:45:00+0200,193.42,EUR/MWh,DK1,DK_1,day_ahead_price,value,2026-08-02T11:09:27Z
2026-08-02T11:05:08Z,2026-08-02T13:05:08+0200,b3181029-81fc-491a-b750-6dc59ef155aa,2026-07-09T20:00:00Z,2026-07-09T22:00:00+0200,211.48,EUR/MWh,DK1,DK_1,day_ahead_price,value,2026-08-02T11:09:27Z
2026-08-02T11:05:08Z,2026-08-02T13:05:08+0200,b3181029-81fc-491a-b750-6dc59ef155aa,2026-07-09T20:15:00Z,2026-07-09T22:15:00+0200,189.73,EUR/MWh,DK1,DK_1,day_ahead_price,value,2026-08-02T11:09:27Z
2026-08-02T11:05:08Z,2026-08-02T13:05:08+0200,b3181029-81fc-491a-b750-6dc59ef155aa,2026-07-09T20:30:00Z,2026-07-09T22:30:00+0200,174.8,EUR/MWh,DK1,DK_1,day_ahead_price,value,2026-08-02T11:09:27Z
2026-08-02T11:05:08Z,2026-08-02T13:05:08+0200,b3181029-81fc-491a-b750-6dc59ef155aa,2026-07-09T20:45:00Z,2026-07-09T22:45:00+0200,164.71,EUR/MWh,DK1,DK_1,day_ahead_price,value,2026-08-02T11:09:27Z
2026-08-02T11:05:08Z,2026-08-02T13:05:08+0200,b3181029-81fc-491a-b750-6dc59ef155aa,2026-07-09T21:00:00Z,2026-07-09T23:00:00+0200,173.38,EUR/MWh,DK1,DK_1,day_ahead_price,value,2026-08-02T11:09:27Z
2026-08-02T11:05:08Z,2026-08-02T13:05:08+0200,b3181029-81fc-491a-b750-6dc59ef155aa,2026-07-09T21:15:00Z,2026-07-09T23:15:00+0200,166.26,EUR/MWh,DK1,DK_1,day_ahead_price,value,2026-08-02T11:09:27Z
2026-08-02T11:05:08Z,2026-08-02T13:05:08+0200,b3181029-81fc-491a-b750-6dc59ef155aa,2026-07-09T21:30:00Z,2026-07-09T23:30:00+0200,156.46,EUR/MWh,DK1,DK_1,day_ahead_price,value,2026-08-02T11:09:27Z
2026-08-02T11:05:08Z,2026-08-02T13:05:08+0200,b3181029-81fc-491a-b750-6dc59ef155aa,2026-07-09T21:45:00Z,2026-07-09T23:45:00+0200,157.77,EUR/MWh,DK1,DK_1,day_ahead_price,value,2026-08-02T11:09:27Z
2026-08-02T11:05:08Z,2026-08-02T13:05:08+0200,b3181029-81fc-491a-b750-6dc59ef155aa,2026-07-09T22:00:00Z,2026-07-10T00:00:00+0200,168.460007,EUR/MWh,DK1,DK_1,day_ahead_price,value,2026-08-02T11:09:27Z
2026-08-02T11:05:08Z,2026-08-02T13:05:08+0200,b3181029-81fc-491a-b750-6dc59ef155aa,2026-07-09T22:15:00Z,2026-07-10T00:15:00+0200,154.649994,EUR/MWh,DK1,DK_1,day_ahead_price,value,2026-08-02T11:09:27Z
2026-08-02T11:05:08Z,2026-08-02T13:05:08+0200,b3181029-81fc-491a-b750-6dc59ef155aa,2026-07-09T22:30:00Z,2026-07-10T00:30:00+0200,149.6,EUR/MWh,DK1,DK_1,day_ahead_price,value,2026-08-02T11:09:27Z
2026-08-02T11:05:08Z,2026-08-02T13:05:08+0200,b3181029-81fc-491a-b750-6dc59ef155aa,2026-07-09T22:45:00Z,2026-07-10T00:45:00+0200,143.49,EUR/MWh,DK1,DK_1,day_ahead_price,value,2026-08-02T11:09:27Z
2026-08-02T11:05:08Z,2026-08-02T13:05:08+0200,b3181029-81fc-491a-b750-6dc59ef155aa,2026-07-09T23:00:00Z,2026-07-10T01:00:00+0200,149.61,EUR/MWh,DK1,DK_1,day_ahead_price,value,2026-08-02T11:09:27Z
2026-08-02T11:05:08Z,2026-08-02T13:05:08+0200,b3181029-81fc-491a-b750-6dc59ef155aa,2026-07-09T23:15:00Z,2026-07-10T01:15:00+0200,143.91,EUR/MWh,DK1,DK_1,day_ahead_price,value,2026-08-02T11:09:27Z
2026-08-02T11:05:08Z,2026-08-02T13:05:08+0200,b3181029-81fc-491a-b750-6dc59ef155aa,2026-07-09T23:30:00Z,2026-07-10T01:30:00+0200,142.300003,EUR/MWh,DK1,DK_1,day_ahead_price,value,2026-08-02T11:09:27Z
2026-08-02T11:05:08Z,2026-08-02T13:05:08+0200,b3181029-81fc-491a-b750-6dc59ef155aa,2026-07-09T23:45:00Z,2026-07-10T01:45:00+0200,138.389999,EUR/MWh,DK1,DK_1,day_ahead_price,value,2026-08-02T11:09:27Z
2026-08-02T11:05:08Z,2026-08-02T13:05:08+0200,b3181029-81fc-491a-b750-6dc59ef155aa,2026-07-10T00:00:00Z,2026-07-10T02:00:00+0200,141.979996,EUR/MWh,DK1,DK_1,day_ahead_price,value,2026-08-02T11:09:27Z
2026-08-02T11:05:08Z,2026-08-02T13:05:08+0200,b3181029-81fc-491a-b750-6dc59ef155aa,2026-07-10T00:15:00Z,2026-07-10T02:15:00+0200,141.160004,EUR/MWh,DK1,DK_1,day_ahead_price,value,2026-08-02T11:09:27Z
2026-08-02T11:05:08Z,2026-08-02T13:05:08+0200,b3181029-81fc-491a-b750-6dc59ef155aa,2026-07-10T00:30:00Z,2026-07-10T02:30:00+0200,137.83,EUR/MWh,DK1,DK_1,day_ahead_price,value,2026-08-02T11:09:27Z
2026-08-02T11:05:08Z,2026-08-02T13:05:08+0200,b3181029-81fc-491a-b750-6dc59ef155aa,2026-07-10T00:45:00Z,2026-07-10T02:45:00+0200,138.679993,EUR/MWh,DK1,DK_1,day_ahead_price,value,2026-08-02T11:09:27Z
2026-08-02T11:05:08Z,2026-08-02T13:05:08+0200,b3181029-81fc-491a-b750-6dc59ef155aa,2026-07-10T01:00:00Z,2026-07-10T03:00:00+0200,138.550003,EUR/MWh,DK1,DK_1,day_ahead_price,value,2026-08-02T11:09:27Z
2026-08-02T11:05:08Z,2026-08-02T13:05:08+0200,b3181029-81fc-491a-b750-6dc59ef155aa,2026-07-10T01:15:00Z,2026-07-10T03:15:00+0200,137.98,EUR/MWh,DK1,DK_1,day_ahead_price,value,2026-08-02T11:09:27Z
2026-08-02T11:05:08Z,2026-08-02T13:05:08+0200,b3181029-81fc-491a-b750-6dc59ef155aa,2026-07-10T01:30:00Z,2026-07-10T03:30:00+0200,137.7,EUR/MWh,DK1,DK_1,day_ahead_price,value,2026-08-02T11:09:27Z
2026-08-02T11:05:08Z,2026-08-02T13:05:08+0200,b3181029-81fc-491a-b750-6dc59ef155aa,2026-07-10T01:45:00Z,2026-07-10T03:45:00+0200,137.84,EUR/MWh,DK1,DK_1,day_ahead_price,value,2026-08-02T11:09:27Z
2026-08-02T11:05:08Z,2026-08-02T13:05:08+0200,b3181029-81fc-491a-b750-6dc59ef155aa,2026-07-10T02:00:00Z,2026-07-10T04:00:00+0200,137.28,EUR/MWh,DK1,DK_1,day_ahead_price,value,2026-08-02T11:09:27Z
2026-08-02T11:05:08Z,2026-08-02T13:05:08+0200,b3181029-81fc-491a-b750-6dc59ef155aa,2026-07-10T02:15:00Z,2026-07-10T04:15:00+0200,137.800003,EUR/MWh,DK1,DK_1,day_ahead_price,value,2026-08-02T11:09:27Z
2026-08-02T11:05:08Z,2026-08-02T13:05:08+0200,b3181029-81fc-491a-b750-6dc59ef155aa,2026-07-10T02:30:00Z,2026-07-10T04:30:00+0200,137.520004,EUR/MWh,DK1,DK_1,day_ahead_price,value,2026-08-02T11:09:27Z
2026-08-02T11:05:08Z,2026-08-02T13:05:08+0200,b3181029-81fc-491a-b750-6dc59ef155aa,2026-07-10T02:45:00Z,2026-07-10T04:45:00+0200,139.889999,EUR/MWh,DK1,DK_1,day_ahead_price,value,2026-08-02T11:09:27Z
2026-08-02T11:05:08Z,2026-08-02T13:05:08+0200,b3181029-81fc-491a-b750-6dc59ef155aa,2026-07-10T03:00:00Z,2026-07-10T05:00:00+0200,140.32,EUR/MWh,DK1,DK_1,day_ahead_price,value,2026-08-02T11:09:27Z
2026-08-02T11:05:08Z,2026-08-02T13:05:08+0200,b3181029-81fc-491a-b750-6dc59ef155aa,2026-07-10T03:15:00Z,2026-07-10T05:15:00+0200,141.559998,EUR/MWh,DK1,DK_1,day_ahead_price,value,2026-08-02T11:09:27Z
2026-08-02T11:05:08Z,2026-08-02T13:05:08+0200,b3181029-81fc-491a-b750-6dc59ef155aa,2026-07-10T03:30:00Z,2026-07-10T05:30:00+0200,142.429993,EUR/MWh,DK1,DK_1,day_ahead_price,value,2026-08-02T11:09:27Z
2026-08-02T11:05:08Z,2026-08-02T13:05:08+0200,b3181029-81fc-491a-b750-6dc59ef155aa,2026-07-10T03:45:00Z,2026-07-10T05:45:00+0200,145.820007,EUR/MWh,DK1,DK_1,day_ahead_price,value,2026-08-02T11:09:27Z
2026-08-02T11:05:08Z,2026-08-02T13:05:08+0200,b3181029-81fc-491a-b750-6dc59ef155aa,2026-07-10T04:00:00Z,2026-07-10T06:00:00+0200,146.949997,EUR/MWh,DK1,DK_1,day_ahead_price,value,2026-08-02T11:09:27Z
2026-08-02T11:05:08Z,2026-08-02T13:05:08+0200,b3181029-81fc-491a-b750-6dc59ef155aa,2026-07-10T04:15:00Z,2026-07-10T06:15:00+0200,155.83,EUR/MWh,DK1,DK_1,day_ahead_price,value,2026-08-02T11:09:27Z
2026-08-02T11:05:08Z,2026-08-02T13:05:08+0200,b3181029-81fc-491a-b750-6dc59ef155aa,2026-07-10T04:30:00Z,2026-07-10T06:30:00+0200,152.300003,EUR/MWh,DK1,DK_1,day_ahead_price,value,2026-08-02T11:09:27Z
2026-08-02T11:05:08Z,2026-08-02T13:05:08+0200,b3181029-81fc-491a-b750-6dc59ef155aa,2026-07-10T04:45:00Z,2026-07-10T06:45:00+0200,150.080002,EUR/MWh,DK1,DK_1,day_ahead_price,value,2026-08-02T11:09:27Z
2026-08-02T11:05:08Z,2026-08-02T13:05:08+0200,b3181029-81fc-491a-b750-6dc59ef155aa,2026-07-10T05:00:00Z,2026-07-10T07:00:00+0200,161.18,EUR/MWh,DK1,DK_1,day_ahead_price,value,2026-08-02T11:09:27Z
2026-08-02T11:05:08Z,2026-08-02T13:05:08+0200,b3181029-81fc-491a-b750-6dc59ef155aa,2026-07-10T05:15:00Z,2026-07-10T07:15:00+0200,153.35,EUR/MWh,DK1,DK_1,day_ahead_price,value,2026-08-02T11:09:27Z
2026-08-02T11:05:08Z,2026-08-02T13:05:08+0200,b3181029-81fc-491a-b750-6dc59ef155aa,2026-07-10T05:30:00Z,2026-07-10T07:30:00+0200,144.960007,EUR/MWh,DK1,DK_1,day_ahead_price,value,2026-08-02T11:09:27Z
2026-08-02T11:05:08Z,2026-08-02T13:05:08+0200,b3181029-81fc-491a-b750-6dc59ef155aa,2026-07-10T05:45:00Z,2026-07-10T07:45:00+0200,131.92,EUR/MWh,DK1,DK_1,day_ahead_price,value,2026-08-02T11:09:27Z
2026-08-02T11:05:08Z,2026-08-02T13:05:08+0200,b3181029-81fc-491a-b750-6dc59ef155aa,2026-07-10T06:00:00Z,2026-07-10T08:00:00+0200,154.669998,EUR/MWh,DK1,DK_1,day_ahead_price,value,2026-08-02T11:09:27Z
2026-08-02T11:05:08Z,2026-08-02T13:05:08+0200,b3181029-81fc-491a-b750-6dc59ef155aa,2026-07-10T06:15:00Z,2026-07-10T08:15:00+0200,140.690002,EUR/MWh,DK1,DK_1,day_ahead_price,value,2026-08-02T11:09:27Z
2026-08-02T11:05:08Z,2026-08-02T13:05:08+0200,b3181029-81fc-491a-b750-6dc59ef155aa,2026-07-10T06:30:00Z,2026-07-10T08:30:00+0200,131.0,EUR/MWh,DK1,DK_1,day_ahead_price,value,2026-08-02T11:09:27Z
2026-08-02T11:05:08Z,2026-08-02T13:05:08+0200,b3181029-81fc-491a-b750-6dc59ef155aa,2026-07-10T06:45:00Z,2026-07-10T08:45:00+0200,112.0,EUR/MWh,DK1,DK_1,day_ahead_price,value,2026-08-02T11:09:27Z
2026-08-02T11:05:08Z,2026-08-02T13:05:08+0200,b3181029-81fc-491a-b750-6dc59ef155aa,2026-07-10T07:00:00Z,2026-07-10T09:00:00+0200,138.12,EUR/MWh,DK1,DK_1,day_ahead_price,value,2026-08-02T11:09:27Z
2026-08-02T11:05:08Z,2026-08-02T13:05:08+0200,b3181029-81fc-491a-b750-6dc59ef155aa,2026-07-10T07:15:00Z,2026-07-10T09:15:00+0200,130.789993,EUR/MWh,DK1,DK_1,day_ahead_price,value,2026-08-02T11:09:27Z
2026-08-02T11:05:08Z,2026-08-02T13:05:08+0200,b3181029-81fc-491a-b750-6dc59ef155aa,2026-07-10T07:30:00Z,2026-07-10T09:30:00+0200,115.25,EUR/MWh,DK1,DK_1,day_ahead_price,value,2026-08-02T11:09:27Z
2026-08-02T11:05:08Z,2026-08-02T13:05:08+0200,b3181029-81fc-491a-b750-6dc59ef155aa,2026-07-10T07:45:00Z,2026-07-10T09:45:00+0200,104.65,EUR/MWh,DK1,DK_1,day_ahead_price,value,2026-08-02T11:09:27Z
2026-08-02T11:05:08Z,2026-08-02T13:05:08+0200,b3181029-81fc-491a-b750-6dc59ef155aa,2026-07-10T08:00:00Z,2026-07-10T10:00:00+0200,113.629997,EUR/MWh,DK1,DK_1,day_ahead_price,value,2026-08-02T11:09:27Z
2026-08-02T11:05:08Z,2026-08-02T13:05:08+0200,b3181029-81fc-491a-b750-6dc59ef155aa,2026-07-10T08:15:00Z,2026-07-10T10:15:00+0200,109.61,EUR/MWh,DK1,DK_1,day_ahead_price,value,2026-08-02T11:09:27Z
2026-08-02T11:05:08Z,2026-08-02T13:05:08+0200,b3181029-81fc-491a-b750-6dc59ef155aa,2026-07-10T08:30:00Z,2026-07-10T10:30:00+0200,94.35,EUR/MWh,DK1,DK_1,day_ahead_price,value,2026-08-02T11:09:27Z
2026-08-02T11:05:08Z,2026-08-02T13:05:08+0200,b3181029-81fc-491a-b750-6dc59ef155aa,2026-07-10T08:45:00Z,2026-07-10T10:45:00+0200,84.61,EUR/MWh,DK1,DK_1,day_ahead_price,value,2026-08-02T11:09:27Z
2026-08-02T11:05:08Z,2026-08-02T13:05:08+0200,b3181029-81fc-491a-b750-6dc59ef155aa,2026-07-10T09:00:00Z,2026-07-10T11:00:00+0200,89.7,EUR/MWh,DK1,DK_1,day_ahead_price,value,2026-08-02T11:09:27Z
2026-08-02T11:05:08Z,2026-08-02T13:05:08+0200,b3181029-81fc-491a-b750-6dc59ef155aa,2026-07-10T09:15:00Z,2026-07-10T11:15:00+0200,82.55,EUR/MWh,DK1,DK_1,day_ahead_price,value,2026-08-02T11:09:27Z
2026-08-02T11:05:08Z,2026-08-02T13:05:08+0200,b3181029-81fc-491a-b750-6dc59ef155aa,2026-07-10T09:30:00Z,2026-07-10T11:30:00+0200,75.0,EUR/MWh,DK1,DK_1,day_ahead_price,value,2026-08-02T11:09:27Z
2026-08-02T11:05:08Z,2026-08-02T13:05:08+0200,b3181029-81fc-491a-b750-6dc59ef155aa,2026-07-10T09:45:00Z,2026-07-10T11:45:00+0200,65.709999,EUR/MWh,DK1,DK_1,day_ahead_price,value,2026-08-02T11:09:27Z
2026-08-02T11:05:08Z,2026-08-02T13:05:08+0200,b3181029-81fc-491a-b750-6dc59ef155aa,2026-07-10T10:00:00Z,2026-07-10T12:00:00+0200,78.199997,EUR/MWh,DK1,DK_1,day_ahead_price,value,2026-08-02T11:09:27Z
2026-08-02T11:05:08Z,2026-08-02T13:05:08+0200,b3181029-81fc-491a-b750-6dc59ef155aa,2026-07-10T10:15:00Z,2026-07-10T12:15:00+0200,66.879997,EUR/MWh,DK1,DK_1,day_ahead_price,value,2026-08-02T11:09:27Z
2026-08-02T11:05:08Z,2026-08-02T13:05:08+0200,b3181029-81fc-491a-b750-6dc59ef155aa,2026-07-10T10:30:00Z,2026-07-10T12:30:00+0200,52.740002,EUR/MWh,DK1,DK_1,day_ahead_price,value,2026-08-02T11:09:27Z
2026-08-02T11:05:08Z,2026-08-02T13:05:08+0200,b3181029-81fc-491a-b750-6dc59ef155aa,2026-07-10T10:45:00Z,2026-07-10T12:45:00+0200,40.02,EUR/MWh,DK1,DK_1,day_ahead_price,value,2026-08-02T11:09:27Z
2026-08-02T11:05:08Z,2026-08-02T13:05:08+0200,b3181029-81fc-491a-b750-6dc59ef155aa,2026-07-10T11:00:00Z,2026-07-10T13:00:00+0200,43.439999,EUR/MWh,DK1,DK_1,day_ahead_price,value,2026-08-02T11:09:27Z
2026-08-02T11:05:08Z,2026-08-02T13:05:08+0200,b3181029-81fc-491a-b750-6dc59ef155aa,2026-07-10T11:15:00Z,2026-07-10T13:15:00+0200,39.0,EUR/MWh,DK1,DK_1,day_ahead_price,value,2026-08-02T11:09:27Z
2026-08-02T11:05:08Z,2026-08-02T13:05:08+0200,b3181029-81fc-491a-b750-6dc59ef155aa,2026-07-10T11:30:00Z,2026-07-10T13:30:00+0200,37.0,EUR/MWh,DK1,DK_1,day_ahead_price,value,2026-08-02T11:09:27Z
2026-08-02T11:05:08Z,2026-08-02T13:05:08+0200,b3181029-81fc-491a-b750-6dc59ef155aa,2026-07-10T11:45:00Z,2026-07-10T13:45:00+0200,30.0,EUR/MWh,DK1,DK_1,day_ahead_price,value,2026-08-02T11:09:27Z
2026-08-02T11:05:08Z,2026-08-02T13:05:08+0200,b3181029-81fc-491a-b750-6dc59ef155aa,2026-07-10T12:00:00Z,2026-07-10T14:00:00+0200,38.9,EUR/MWh,DK1,DK_1,day_ahead_price,value,2026-08-02T11:09:27Z
2026-08-02T11:05:08Z,2026-08-02T13:05:08+0200,b3181029-81fc-491a-b750-6dc59ef155aa,2026-07-10T12:15:00Z,2026-07-10T14:15:00+0200,40.0,EUR/MWh,DK1,DK_1,day_ahead_price,value,2026-08-02T11:09:27Z
2026-08-02T11:05:08Z,2026-08-02T13:05:08+0200,b3181029-81fc-491a-b750-6dc59ef155aa,2026-07-10T12:30:00Z,2026-07-10T14:30:00+0200,42.91,EUR/MWh,DK1,DK_1,day_ahead_price,value,2026-08-02T11:09:27Z
2026-08-02T11:05:08Z,2026-08-02T13:05:08+0200,b3181029-81fc-491a-b750-6dc59ef155aa,2026-07-10T12:45:00Z,2026-07-10T14:45:00+0200,41.990002,EUR/MWh,DK1,DK_1,day_ahead_price,value,2026-08-02T11:09:27Z
2026-08-02T11:05:08Z,2026-08-02T13:05:08+0200,b3181029-81fc-491a-b750-6dc59ef155aa,2026-07-10T13:00:00Z,2026-07-10T15:00:00+0200,46.23,EUR/MWh,DK1,DK_1,day_ahead_price,value,2026-08-02T11:09:27Z
2026-08-02T11:05:08Z,2026-08-02T13:05:08+0200,b3181029-81fc-491a-b750-6dc59ef155aa,2026-07-10T13:15:00Z,2026-07-10T15:15:00+0200,55.830002,EUR/MWh,DK1,DK_1,day_ahead_price,value,2026-08-02T11:09:27Z
2026-08-02T11:05:08Z,2026-08-02T13:05:08+0200,b3181029-81fc-491a-b750-6dc59ef155aa,2026-07-10T13:30:00Z,2026-07-10T15:30:00+0200,65.81,EUR/MWh,DK1,DK_1,day_ahead_price,value,2026-08-02T11:09:27Z
2026-08-02T11:05:08Z,2026-08-02T13:05:08+0200,b3181029-81fc-491a-b750-6dc59ef155aa,2026-07-10T13:45:00Z,2026-07-10T15:45:00+0200,80.53,EUR/MWh,DK1,DK_1,day_ahead_price,value,2026-08-02T11:09:27Z
2026-08-02T11:05:08Z,2026-08-02T13:05:08+0200,b3181029-81fc-491a-b750-6dc59ef155aa,2026-07-10T14:00:00Z,2026-07-10T16:00:00+0200,61.200001,EUR/MWh,DK1,DK_1,day_ahead_price,value,2026-08-02T11:09:27Z
2026-08-02T11:05:08Z,2026-08-02T13:05:08+0200,b3181029-81fc-491a-b750-6dc59ef155aa,2026-07-10T14:15:00Z,2026-07-10T16:15:00+0200,83.11,EUR/MWh,DK1,DK_1,day_ahead_price,value,2026-08-02T11:09:27Z
2026-08-02T11:05:08Z,2026-08-02T13:05:08+0200,b3181029-81fc-491a-b750-6dc59ef155aa,2026-07-10T14:30:00Z,2026-07-10T16:30:00+0200,97.099998,EUR/MWh,DK1,DK_1,day_ahead_price,value,2026-08-02T11:09:27Z
2026-08-02T11:05:08Z,2026-08-02T13:05:08+0200,b3181029-81fc-491a-b750-6dc59ef155aa,2026-07-10T14:45:00Z,2026-07-10T16:45:00+0200,112.14,EUR/MWh,DK1,DK_1,day_ahead_price,value,2026-08-02T11:09:27Z
2026-08-02T11:05:08Z,2026-08-02T13:05:08+0200,b3181029-81fc-491a-b750-6dc59ef155aa,2026-07-10T15:00:00Z,2026-07-10T17:00:00+0200,103.63,EUR/MWh,DK1,DK_1,day_ahead_price,value,2026-08-02T11:09:27Z
2026-08-02T11:05:08Z,2026-08-02T13:05:08+0200,b3181029-81fc-491a-b750-6dc59ef155aa,2026-07-10T15:15:00Z,2026-07-10T17:15:00+0200,106.550003,EUR/MWh,DK1,DK_1,day_ahead_price,value,2026-08-02T11:09:27Z
2026-08-02T11:05:08Z,2026-08-02T13:05:08+0200,b3181029-81fc-491a-b750-6dc59ef155aa,2026-07-10T15:30:00Z,2026-07-10T17:30:00+0200,117.589996,EUR/MWh,DK1,DK_1,day_ahead_price,value,2026-08-02T11:09:27Z
2026-08-02T11:05:08Z,2026-08-02T13:05:08+0200,b3181029-81fc-491a-b750-6dc59ef155aa,2026-07-10T15:45:00Z,2026-07-10T17:45:00+0200,128.600006,EUR/MWh,DK1,DK_1,day_ahead_price,value,2026-08-02T11:09:27Z
2026-08-02T11:05:08Z,2026-08-02T13:05:08+0200,b3181029-81fc-491a-b750-6dc59ef155aa,2026-07-10T16:00:00Z,2026-07-10T18:00:00+0200,109.37,EUR/MWh,DK1,DK_1,day_ahead_price,value,2026-08-02T11:09:27Z
2026-08-02T11:05:08Z,2026-08-02T13:05:08+0200,b3181029-81fc-491a-b750-6dc59ef155aa,2026-07-10T16:15:00Z,2026-07-10T18:15:00+0200,121.18,EUR/MWh,DK1,DK_1,day_ahead_price,value,2026-08-02T11:09:27Z
2026-08-02T11:05:08Z,2026-08-02T13:05:08+0200,b3181029-81fc-491a-b750-6dc59ef155aa,2026-07-10T16:30:00Z,2026-07-10T18:30:00+0200,138.759995,EUR/MWh,DK1,DK_1,day_ahead_price,value,2026-08-02T11:09:27Z
2026-08-02T11:05:08Z,2026-08-02T13:05:08+0200,b3181029-81fc-491a-b750-6dc59ef155aa,2026-07-10T16:45:00Z,2026-07-10T18:45:00+0200,145.490005,EUR/MWh,DK1,DK_1,day_ahead_price,value,2026-08-02T11:09:27Z
2026-08-02T11:05:08Z,2026-08-02T13:05:08+0200,b3181029-81fc-491a-b750-6dc59ef155aa,2026-07-10T17:00:00Z,2026-07-10T19:00:00+0200,143.289993,EUR/MWh,DK1,DK_1,day_ahead_price,value,2026-08-02T11:09:27Z
2026-08-02T11:05:08Z,2026-08-02T13:05:08+0200,b3181029-81fc-491a-b750-6dc59ef155aa,2026-07-10T17:15:00Z,2026-07-10T19:15:00+0200,151.05,EUR/MWh,DK1,DK_1,day_ahead_price,value,2026-08-02T11:09:27Z
2026-08-02T11:05:08Z,2026-08-02T13:05:08+0200,b3181029-81fc-491a-b750-6dc59ef155aa,2026-07-10T17:30:00Z,2026-07-10T19:30:00+0200,175.0,EUR/MWh,DK1,DK_1,day_ahead_price,value,2026-08-02T11:09:27Z
2026-08-02T11:05:08Z,2026-08-02T13:05:08+0200,b3181029-81fc-491a-b750-6dc59ef155aa,2026-07-10T17:45:00Z,2026-07-10T19:45:00+0200,192.01,EUR/MWh,DK1,DK_1,day_ahead_price,value,2026-08-02T11:09:27Z
2026-08-02T11:05:08Z,2026-08-02T13:05:08+0200,b3181029-81fc-491a-b750-6dc59ef155aa,2026-07-10T18:00:00Z,2026-07-10T20:00:00+0200,176.81,EUR/MWh,DK1,DK_1,day_ahead_price,value,2026-08-02T11:09:27Z
2026-08-02T11:05:08Z,2026-08-02T13:05:08+0200,b3181029-81fc-491a-b750-6dc59ef155aa,2026-07-10T18:15:00Z,2026-07-10T20:15:00+0200,184.24,EUR/MWh,DK1,DK_1,day_ahead_price,value,2026-08-02T11:09:27Z
2026-08-02T11:05:08Z,2026-08-02T13:05:08+0200,b3181029-81fc-491a-b750-6dc59ef155aa,2026-07-10T18:30:00Z,2026-07-10T20:30:00+0200,193.29,EUR/MWh,DK1,DK_1,day_ahead_price,value,2026-08-02T11:09:27Z
2026-08-02T11:05:08Z,2026-08-02T13:05:08+0200,b3181029-81fc-491a-b750-6dc59ef155aa,2026-07-10T18:45:00Z,2026-07-10T20:45:00+0200,195.220001,EUR/MWh,DK1,DK_1,day_ahead_price,value,2026-08-02T11:09:27Z
2026-08-02T11:05:08Z,2026-08-02T13:05:08+0200,b3181029-81fc-491a-b750-6dc59ef155aa,2026-07-10T19:00:00Z,2026-07-10T21:00:00+0200,190.149994,EUR/MWh,DK1,DK_1,day_ahead_price,value,2026-08-02T11:09:27Z
2026-08-02T11:05:08Z,2026-08-02T13:05:08+0200,b3181029-81fc-491a-b750-6dc59ef155aa,2026-07-10T19:15:00Z,2026-07-10T21:15:00+0200,179.229996,EUR/MWh,DK1,DK_1,day_ahead_price,value,2026-08-02T11:09:27Z
2026-08-02T11:05:08Z,2026-08-02T13:05:08+0200,b3181029-81fc-491a-b750-6dc59ef155aa,2026-07-10T19:30:00Z,2026-07-10T21:30:00+0200,170.0,EUR/MWh,DK1,DK_1,day_ahead_price,value,2026-08-02T11:09:27Z
2026-08-02T11:05:08Z,2026-08-02T13:05:08+0200,b3181029-81fc-491a-b750-6dc59ef155aa,2026-07-10T19:45:00Z,2026-07-10T21:45:00+0200,168.559998,EUR/MWh,DK1,DK_1,day_ahead_price,value,2026-08-02T11:09:27Z
2026-08-02T11:05:08Z,2026-08-02T13:05:08+0200,b3181029-81fc-491a-b750-6dc59ef155aa,2026-07-10T20:00:00Z,2026-07-10T22:00:00+0200,172.699997,EUR/MWh,DK1,DK_1,day_ahead_price,value,2026-08-02T11:09:27Z
2026-08-02T11:05:08Z,2026-08-02T13:05:08+0200,b3181029-81fc-491a-b750-6dc59ef155aa,2026-07-10T20:15:00Z,2026-07-10T22:15:00+0200,169.160004,EUR/MWh,DK1,DK_1,day_ahead_price,value,2026-08-02T11:09:27Z
2026-08-02T11:05:08Z,2026-08-02T13:05:08+0200,b3181029-81fc-491a-b750-6dc59ef155aa,2026-07-10T20:30:00Z,2026-07-10T22:30:00+0200,168.55,EUR/MWh,DK1,DK_1,day_ahead_price,value,2026-08-02T11:09:27Z
2026-08-02T11:05:08Z,2026-08-02T13:05:08+0200,b3181029-81fc-491a-b750-6dc59ef155aa,2026-07-10T20:45:00Z,2026-07-10T22:45:00+0200,161.59,EUR/MWh,DK1,DK_1,day_ahead_price,value,2026-08-02T11:09:27Z
2026-08-02T11:05:08Z,2026-08-02T13:05:08+0200,b3181029-81fc-491a-b750-6dc59ef155aa,2026-07-10T21:00:00Z,2026-07-10T23:00:00+0200,162.26,EUR/MWh,DK1,DK_1,day_ahead_price,value,2026-08-02T11:09:27Z
2026-08-02T11:05:08Z,2026-08-02T13:05:08+0200,b3181029-81fc-491a-b750-6dc59ef155aa,2026-07-10T21:15:00Z,2026-07-10T23:15:00+0200,156.32,EUR/MWh,DK1,DK_1,day_ahead_price,value,2026-08-02T11:09:27Z
2026-08-02T11:05:08Z,2026-08-02T13:05:08+0200,b3181029-81fc-491a-b750-6dc59ef155aa,2026-07-10T21:30:00Z,2026-07-10T23:30:00+0200,153.37,EUR/MWh,DK1,DK_1,day_ahead_price,value,2026-08-02T11:09:27Z
2026-08-02T11:05:08Z,2026-08-02T13:05:08+0200,b3181029-81fc-491a-b750-6dc59ef155aa,2026-07-10T21:45:00Z,2026-07-10T23:45:00+0200,145.9,EUR/MWh,DK1,DK_1,day_ahead_price,value,2026-08-02T11:09:27Z
2026-08-02T11:05:08Z,2026-08-02T13:05:08+0200,b3181029-81fc-491a-b750-6dc59ef155aa,2026-07-10T22:00:00Z,2026-07-11T00:00:00+0200,160.31,EUR/MWh,DK1,DK_1,day_ahead_price,value,2026-08-02T11:09:27Z
2026-08-02T11:05:08Z,2026-08-02T13:05:08+0200,b3181029-81fc-491a-b750-6dc59ef155aa,2026-07-10T22:15:00Z,2026-07-11T00:15:00+0200,153.69,EUR/MWh,DK1,DK_1,day_ahead_price,value,2026-08-02T11:09:27Z
2026-08-02T11:05:08Z,2026-08-02T13:05:08+0200,b3181029-81fc-491a-b750-6dc59ef155aa,2026-07-10T22:30:00Z,2026-07-11T00:30:00+0200,146.08,EUR/MWh,DK1,DK_1,day_ahead_price,value,2026-08-02T11:09:27Z
2026-08-02T11:05:08Z,2026-08-02T13:05:08+0200,b3181029-81fc-491a-b750-6dc59ef155aa,2026-07-10T22:45:00Z,2026-07-11T00:45:00+0200,141.51,EUR/MWh,DK1,DK_1,day_ahead_price,value,2026-08-02T11:09:27Z
2026-08-02T11:05:08Z,2026-08-02T13:05:08+0200,b3181029-81fc-491a-b750-6dc59ef155aa,2026-07-10T23:00:00Z,2026-07-11T01:00:00+0200,145.23,EUR/MWh,DK1,DK_1,day_ahead_price,value,2026-08-02T11:09:27Z
2026-08-02T11:05:08Z,2026-08-02T13:05:08+0200,b3181029-81fc-491a-b750-6dc59ef155aa,2026-07-10T23:15:00Z,2026-07-11T01:15:00+0200,145.0,EUR/MWh,DK1,DK_1,day_ahead_price,value,2026-08-02T11:09:27Z
2026-08-02T11:05:08Z,2026-08-02T13:05:08+0200,b3181029-81fc-491a-b750-6dc59ef155aa,2026-07-10T23:30:00Z,2026-07-11T01:30:00+0200,144.98,EUR/MWh,DK1,DK_1,day_ahead_price,value,2026-08-02T11:09:27Z
2026-08-02T11:05:08Z,2026-08-02T13:05:08+0200,b3181029-81fc-491a-b750-6dc59ef155aa,2026-07-10T23:45:00Z,2026-07-11T01:45:00+0200,140.41,EUR/MWh,DK1,DK_1,day_ahead_price,value,2026-08-02T11:09:27Z
2026-08-02T11:05:08Z,2026-08-02T13:05:08+0200,b3181029-81fc-491a-b750-6dc59ef155aa,2026-07-11T00:00:00Z,2026-07-11T02:00:00+0200,143.35,EUR/MWh,DK1,DK_1,day_ahead_price,value,2026-08-02T11:09:27Z
2026-08-02T11:05:08Z,2026-08-02T13:05:08+0200,b3181029-81fc-491a-b750-6dc59ef155aa,2026-07-11T00:15:00Z,2026-07-11T02:15:00+0200,140.71,EUR/MWh,DK1,DK_1,day_ahead_price,value,2026-08-02T11:09:27Z
2026-08-02T11:05:08Z,2026-08-02T13:05:08+0200,b3181029-81fc-491a-b750-6dc59ef155aa,2026-07-11T00:30:00Z,2026-07-11T02:30:00+0200,139.99,EUR/MWh,DK1,DK_1,day_ahead_price,value,2026-08-02T11:09:27Z
2026-08-02T11:05:08Z,2026-08-02T13:05:08+0200,b3181029-81fc-491a-b750-6dc59ef155aa,2026-07-11T00:45:00Z,2026-07-11T02:45:00+0200,140.28,EUR/MWh,DK1,DK_1,day_ahead_price,value,2026-08-02T11:09:27Z
2026-08-02T11:05:08Z,2026-08-02T13:05:08+0200,b3181029-81fc-491a-b750-6dc59ef155aa,2026-07-11T01:00:00Z,2026-07-11T03:00:00+0200,141.1,EUR/MWh,DK1,DK_1,day_ahead_price,value,2026-08-02T11:09:27Z
2026-08-02T11:05:08Z,2026-08-02T13:05:08+0200,b3181029-81fc-491a-b750-6dc59ef155aa,2026-07-11T01:15:00Z,2026-07-11T03:15:00+0200,141.78,EUR/MWh,DK1,DK_1,day_ahead_price,value,2026-08-02T11:09:27Z
2026-08-02T11:05:08Z,2026-08-02T13:05:08+0200,b3181029-81fc-491a-b750-6dc59ef155aa,2026-07-11T01:30:00Z,2026-07-11T03:30:00+0200,140.71,EUR/MWh,DK1,DK_1,day_ahead_price,value,2026-08-02T11:09:27Z
2026-08-02T11:05:08Z,2026-08-02T13:05:08+0200,b3181029-81fc-491a-b750-6dc59ef155aa,2026-07-11T01:45:00Z,2026-07-11T03:45:00+0200,138.83,EUR/MWh,DK1,DK_1,day_ahead_price,value,2026-08-02T11:09:27Z
2026-08-02T11:05:08Z,2026-08-02T13:05:08+0200,b3181029-81fc-491a-b750-6dc59ef155aa,2026-07-11T02:00:00Z,2026-07-11T04:00:00+0200,142.43,EUR/MWh,DK1,DK_1,day_ahead_price,value,2026-08-02T11:09:27Z
2026-08-02T11:05:08Z,2026-08-02T13:05:08+0200,b3181029-81fc-491a-b750-6dc59ef155aa,2026-07-11T02:15:00Z,2026-07-11T04:15:00+0200,144.57,EUR/MWh,DK1,DK_1,day_ahead_price,value,2026-08-02T11:09:27Z
2026-08-02T11:05:08Z,2026-08-02T13:05:08+0200,b3181029-81fc-491a-b750-6dc59ef155aa,2026-07-11T02:30:00Z,2026-07-11T04:30:00+0200,137.51,EUR/MWh,DK1,DK_1,day_ahead_price,value,2026-08-02T11:09:27Z
2026-08-02T11:05:08Z,2026-08-02T13:05:08+0200,b3181029-81fc-491a-b750-6dc59ef155aa,2026-07-11T02:45:00Z,2026-07-11T04:45:00+0200,137.06,EUR/MWh,DK1,DK_1,day_ahead_price,value,2026-08-02T11:09:27Z
2026-08-02T11:05:08Z,2026-08-02T13:05:08+0200,b3181029-81fc-491a-b750-6dc59ef155aa,2026-07-11T03:00:00Z,2026-07-11T05:00:00+0200,141.44,EUR/MWh,DK1,DK_1,day_ahead_price,value,2026-08-02T11:09:27Z
2026-08-02T11:05:08Z,2026-08-02T13:05:08+0200,b3181029-81fc-491a-b750-6dc59ef155aa,2026-07-11T03:15:00Z,2026-07-11T05:15:00+0200,138.63,EUR/MWh,DK1,DK_1,day_ahead_price,value,2026-08-02T11:09:27Z
2026-08-02T11:05:08Z,2026-08-02T13:05:08+0200,b3181029-81fc-491a-b750-6dc59ef155aa,2026-07-11T03:30:00Z,2026-07-11T05:30:00+0200,139.83,EUR/MWh,DK1,DK_1,day_ahead_price,value,2026-08-02T11:09:27Z
2026-08-02T11:05:08Z,2026-08-02T13:05:08+0200,b3181029-81fc-491a-b750-6dc59ef155aa,2026-07-11T03:45:00Z,2026-07-11T05:45:00+0200,135.67,EUR/MWh,DK1,DK_1,day_ahead_price,value,2026-08-02T11:09:27Z
2026-08-02T11:05:08Z,2026-08-02T13:05:08+0200,b3181029-81fc-491a-b750-6dc59ef155aa,2026-07-11T04:00:00Z,2026-07-11T06:00:00+0200,146.52,EUR/MWh,DK1,DK_1,day_ahead_price,value,2026-08-02T11:09:27Z
2026-08-02T11:05:08Z,2026-08-02T13:05:08+0200,b3181029-81fc-491a-b750-6dc59ef155aa,2026-07-11T04:15:00Z,2026-07-11T06:15:00+0200,141.16,EUR/MWh,DK1,DK_1,day_ahead_price,value,2026-08-02T11:09:27Z
2026-08-02T11:05:08Z,2026-08-02T13:05:08+0200,b3181029-81fc-491a-b750-6dc59ef155aa,2026-07-11T04:30:00Z,2026-07-11T06:30:00+0200,131.6,EUR/MWh,DK1,DK_1,day_ahead_price,value,2026-08-02T11:09:27Z
2026-08-02T11:05:08Z,2026-08-02T13:05:08+0200,b3181029-81fc-491a-b750-6dc59ef155aa,2026-07-11T04:45:00Z,2026-07-11T06:45:00+0200,126.34,EUR/MWh,DK1,DK_1,day_ahead_price,value,2026-08-02T11:09:27Z
2026-08-02T11:05:08Z,2026-08-02T13:05:08+0200,b3181029-81fc-491a-b750-6dc59ef155aa,2026-07-11T05:00:00Z,2026-07-11T07:00:00+0200,131.66,EUR/MWh,DK1,DK_1,day_ahead_price,value,2026-08-02T11:09:27Z
2026-08-02T11:05:08Z,2026-08-02T13:05:08+0200,b3181029-81fc-491a-b750-6dc59ef155aa,2026-07-11T05:15:00Z,2026-07-11T07:15:00+0200,126.89,EUR/MWh,DK1,DK_1,day_ahead_price,value,2026-08-02T11:09:27Z
2026-08-02T11:05:08Z,2026-08-02T13:05:08+0200,b3181029-81fc-491a-b750-6dc59ef155aa,2026-07-11T05:30:00Z,2026-07-11T07:30:00+0200,122.01,EUR/MWh,DK1,DK_1,day_ahead_price,value,2026-08-02T11:09:27Z
2026-08-02T11:05:08Z,2026-08-02T13:05:08+0200,b3181029-81fc-491a-b750-6dc59ef155aa,2026-07-11T05:45:00Z,2026-07-11T07:45:00+0200,115.63,EUR/MWh,DK1,DK_1,day_ahead_price,value,2026-08-02T11:09:27Z
2026-08-02T11:05:08Z,2026-08-02T13:05:08+0200,b3181029-81fc-491a-b750-6dc59ef155aa,2026-07-11T06:00:00Z,2026-07-11T08:00:00+0200,142.16,EUR/MWh,DK1,DK_1,day_ahead_price,value,2026-08-02T11:09:27Z
2026-08-02T11:05:08Z,2026-08-02T13:05:08+0200,b3181029-81fc-491a-b750-6dc59ef155aa,2026-07-11T06:15:00Z,2026-07-11T08:15:00+0200,123.95,EUR/MWh,DK1,DK_1,day_ahead_price,value,2026-08-02T11:09:27Z
2026-08-02T11:05:08Z,2026-08-02T13:05:08+0200,b3181029-81fc-491a-b750-6dc59ef155aa,2026-07-11T06:30:00Z,2026-07-11T08:30:00+0200,105.79,EUR/MWh,DK1,DK_1,day_ahead_price,value,2026-08-02T11:09:27Z
2026-08-02T11:05:08Z,2026-08-02T13:05:08+0200,b3181029-81fc-491a-b750-6dc59ef155aa,2026-07-11T06:45:00Z,2026-07-11T08:45:00+0200,89.91,EUR/MWh,DK1,DK_1,day_ahead_price,value,2026-08-02T11:09:27Z
2026-08-02T11:05:08Z,2026-08-02T13:05:08+0200,b3181029-81fc-491a-b750-6dc59ef155aa,2026-07-11T07:00:00Z,2026-07-11T09:00:00+0200,107.07,EUR/MWh,DK1,DK_1,day_ahead_price,value,2026-08-02T11:09:27Z
2026-08-02T11:05:08Z,2026-08-02T13:05:08+0200,b3181029-81fc-491a-b750-6dc59ef155aa,2026-07-11T07:15:00Z,2026-07-11T09:15:00+0200,92.28,EUR/MWh,DK1,DK_1,day_ahead_price,value,2026-08-02T11:09:27Z
2026-08-02T11:05:08Z,2026-08-02T13:05:08+0200,b3181029-81fc-491a-b750-6dc59ef155aa,2026-07-11T07:30:00Z,2026-07-11T09:30:00+0200,67.55,EUR/MWh,DK1,DK_1,day_ahead_price,value,2026-08-02T11:09:27Z
2026-08-02T11:05:08Z,2026-08-02T13:05:08+0200,b3181029-81fc-491a-b750-6dc59ef155aa,2026-07-11T07:45:00Z,2026-07-11T09:45:00+0200,29.52,EUR/MWh,DK1,DK_1,day_ahead_price,value,2026-08-02T11:09:27Z
2026-08-02T11:05:08Z,2026-08-02T13:05:08+0200,b3181029-81fc-491a-b750-6dc59ef155aa,2026-07-11T08:00:00Z,2026-07-11T10:00:00+0200,40.0,EUR/MWh,DK1,DK_1,day_ahead_price,value,2026-08-02T11:09:27Z
2026-08-02T11:05:08Z,2026-08-02T13:05:08+0200,b3181029-81fc-491a-b750-6dc59ef155aa,2026-07-11T08:15:00Z,2026-07-11T10:15:00+0200,18.09,EUR/MWh,DK1,DK_1,day_ahead_price,value,2026-08-02T11:09:27Z
2026-08-02T11:05:08Z,2026-08-02T13:05:08+0200,b3181029-81fc-491a-b750-6dc59ef155aa,2026-07-11T08:30:00Z,2026-07-11T10:30:00+0200,5.31,EUR/MWh,DK1,DK_1,day_ahead_price,value,2026-08-02T11:09:27Z
2026-08-02T11:05:08Z,2026-08-02T13:05:08+0200,b3181029-81fc-491a-b750-6dc59ef155aa,2026-07-11T08:45:00Z,2026-07-11T10:45:00+0200,4.1,EUR/MWh,DK1,DK_1,day_ahead_price,value,2026-08-02T11:09:27Z
2026-08-02T11:05:08Z,2026-08-02T13:05:08+0200,b3181029-81fc-491a-b750-6dc59ef155aa,2026-07-11T09:00:00Z,2026-07-11T11:00:00+0200,8.0,EUR/MWh,DK1,DK_1,day_ahead_price,value,2026-08-02T11:09:27Z
2026-08-02T11:05:08Z,2026-08-02T13:05:08+0200,b3181029-81fc-491a-b750-6dc59ef155aa,2026-07-11T09:15:00Z,2026-07-11T11:15:00+0200,7.99,EUR/MWh,DK1,DK_1,day_ahead_price,value,2026-08-02T11:09:27Z
2026-08-02T11:05:08Z,2026-08-02T13:05:08+0200,b3181029-81fc-491a-b750-6dc59ef155aa,2026-07-11T09:30:00Z,2026-07-11T11:30:00+0200,6.32,EUR/MWh,DK1,DK_1,day_ahead_price,value,2026-08-02T11:09:27Z
2026-08-02T11:05:08Z,2026-08-02T13:05:08+0200,b3181029-81fc-491a-b750-6dc59ef155aa,2026-07-11T09:45:00Z,2026-07-11T11:45:00+0200,6.31,EUR/MWh,DK1,DK_1,day_ahead_price,value,2026-08-02T11:09:27Z
2026-08-02T11:05:08Z,2026-08-02T13:05:08+0200,b3181029-81fc-491a-b750-6dc59ef155aa,2026-07-11T10:00:00Z,2026-07-11T12:00:00+0200,7.5,EUR/MWh,DK1,DK_1,day_ahead_price,value,2026-08-02T11:09:27Z
2026-08-02T11:05:08Z,2026-08-02T13:05:08+0200,b3181029-81fc-491a-b750-6dc59ef155aa,2026-07-11T10:15:00Z,2026-07-11T12:15:00+0200,6.68,EUR/MWh,DK1,DK_1,day_ahead_price,value,2026-08-02T11:09:27Z
2026-08-02T11:05:08Z,2026-08-02T13:05:08+0200,b3181029-81fc-491a-b750-6dc59ef155aa,2026-07-11T10:30:00Z,2026-07-11T12:30:00+0200,6.31,EUR/MWh,DK1,DK_1,day_ahead_price,value,2026-08-02T11:09:27Z
2026-08-02T11:05:08Z,2026-08-02T13:05:08+0200,b3181029-81fc-491a-b750-6dc59ef155aa,2026-07-11T10:45:00Z,2026-07-11T12:45:00+0200,6.31,EUR/MWh,DK1,DK_1,day_ahead_price,value,2026-08-02T11:09:27Z
2026-08-02T11:05:08Z,2026-08-02T13:05:08+0200,b3181029-81fc-491a-b750-6dc59ef155aa,2026-07-11T11:00:00Z,2026-07-11T13:00:00+0200,6.31,EUR/MWh,DK1,DK_1,day_ahead_price,value,2026-08-02T11:09:27Z
2026-08-02T11:05:08Z,2026-08-02T13:05:08+0200,b3181029-81fc-491a-b750-6dc59ef155aa,2026-07-11T11:15:00Z,2026-07-11T13:15:00+0200,6.31,EUR/MWh,DK1,DK_1,day_ahead_price,value,2026-08-02T11:09:27Z
2026-08-02T11:05:08Z,2026-08-02T13:05:08+0200,b3181029-81fc-491a-b750-6dc59ef155aa,2026-07-11T11:30:00Z,2026-07-11T13:30:00+0200,5.58,EUR/MWh,DK1,DK_1,day_ahead_price,value,2026-08-02T11:09:27Z
2026-08-02T11:05:08Z,2026-08-02T13:05:08+0200,b3181029-81fc-491a-b750-6dc59ef155aa,2026-07-11T11:45:00Z,2026-07-11T13:45:00+0200,5.0,EUR/MWh,DK1,DK_1,day_ahead_price,value,2026-08-02T11:09:27Z
2026-08-02T11:05:08Z,2026-08-02T13:05:08+0200,b3181029-81fc-491a-b750-6dc59ef155aa,2026-07-11T12:00:00Z,2026-07-11T14:00:00+0200,6.31,EUR/MWh,DK1,DK_1,day_ahead_price,value,2026-08-02T11:09:27Z
2026-08-02T11:05:08Z,2026-08-02T13:05:08+0200,b3181029-81fc-491a-b750-6dc59ef155aa,2026-07-11T12:15:00Z,2026-07-11T14:15:00+0200,4.99,EUR/MWh,DK1,DK_1,day_ahead_price,value,2026-08-02T11:09:27Z
2026-08-02T11:05:08Z,2026-08-02T13:05:08+0200,b3181029-81fc-491a-b750-6dc59ef155aa,2026-07-11T12:30:00Z,2026-07-11T14:30:00+0200,4.99,EUR/MWh,DK1,DK_1,day_ahead_price,value,2026-08-02T11:09:27Z
2026-08-02T11:05:08Z,2026-08-02T13:05:08+0200,b3181029-81fc-491a-b750-6dc59ef155aa,2026-07-11T12:45:00Z,2026-07-11T14:45:00+0200,4.1,EUR/MWh,DK1,DK_1,day_ahead_price,value,2026-08-02T11:09:27Z
2026-08-02T11:05:08Z,2026-08-02T13:05:08+0200,b3181029-81fc-491a-b750-6dc59ef155aa,2026-07-11T13:00:00Z,2026-07-11T15:00:00+0200,4.28,EUR/MWh,DK1,DK_1,day_ahead_price,value,2026-08-02T11:09:27Z
2026-08-02T11:05:08Z,2026-08-02T13:05:08+0200,b3181029-81fc-491a-b750-6dc59ef155aa,2026-07-11T13:15:00Z,2026-07-11T15:15:00+0200,4.49,EUR/MWh,DK1,DK_1,day_ahead_price,value,2026-08-02T11:09:27Z
2026-08-02T11:05:08Z,2026-08-02T13:05:08+0200,b3181029-81fc-491a-b750-6dc59ef155aa,2026-07-11T13:30:00Z,2026-07-11T15:30:00+0200,5.14,EUR/MWh,DK1,DK_1,day_ahead_price,value,2026-08-02T11:09:27Z
2026-08-02T11:05:08Z,2026-08-02T13:05:08+0200,b3181029-81fc-491a-b750-6dc59ef155aa,2026-07-11T13:45:00Z,2026-07-11T15:45:00+0200,6.31,EUR/MWh,DK1,DK_1,day_ahead_price,value,2026-08-02T11:09:27Z
2026-08-02T11:05:08Z,2026-08-02T13:05:08+0200,b3181029-81fc-491a-b750-6dc59ef155aa,2026-07-11T14:00:00Z,2026-07-11T16:00:00+0200,3.4,EUR/MWh,DK1,DK_1,day_ahead_price,value,2026-08-02T11:09:27Z
2026-08-02T11:05:08Z,2026-08-02T13:05:08+0200,b3181029-81fc-491a-b750-6dc59ef155aa,2026-07-11T14:15:00Z,2026-07-11T16:15:00+0200,4.1,EUR/MWh,DK1,DK_1,day_ahead_price,value,2026-08-02T11:09:27Z
2026-08-02T11:05:08Z,2026-08-02T13:05:08+0200,b3181029-81fc-491a-b750-6dc59ef155aa,2026-07-11T14:30:00Z,2026-07-11T16:30:00+0200,5.3,EUR/MWh,DK1,DK_1,day_ahead_price,value,2026-08-02T11:09:27Z
2026-08-02T11:05:08Z,2026-08-02T13:05:08+0200,b3181029-81fc-491a-b750-6dc59ef155aa,2026-07-11T14:45:00Z,2026-07-11T16:45:00+0200,25.23,EUR/MWh,DK1,DK_1,day_ahead_price,value,2026-08-02T11:09:27Z
2026-08-02T11:05:08Z,2026-08-02T13:05:08+0200,b3181029-81fc-491a-b750-6dc59ef155aa,2026-07-11T15:00:00Z,2026-07-11T17:00:00+0200,14.58,EUR/MWh,DK1,DK_1,day_ahead_price,value,2026-08-02T11:09:27Z
2026-08-02T11:05:08Z,2026-08-02T13:05:08+0200,b3181029-81fc-491a-b750-6dc59ef155aa,2026-07-11T15:15:00Z,2026-07-11T17:15:00+0200,67.19,EUR/MWh,DK1,DK_1,day_ahead_price,value,2026-08-02T11:09:27Z
2026-08-02T11:05:08Z,2026-08-02T13:05:08+0200,b3181029-81fc-491a-b750-6dc59ef155aa,2026-07-11T15:30:00Z,2026-07-11T17:30:00+0200,95.06,EUR/MWh,DK1,DK_1,day_ahead_price,value,2026-08-02T11:09:27Z
2026-08-02T11:05:08Z,2026-08-02T13:05:08+0200,b3181029-81fc-491a-b750-6dc59ef155aa,2026-07-11T15:45:00Z,2026-07-11T17:45:00+0200,123.9,EUR/MWh,DK1,DK_1,day_ahead_price,value,2026-08-02T11:09:27Z
2026-08-02T11:05:08Z,2026-08-02T13:05:08+0200,b3181029-81fc-491a-b750-6dc59ef155aa,2026-07-11T16:00:00Z,2026-07-11T18:00:00+0200,98.1,EUR/MWh,DK1,DK_1,day_ahead_price,value,2026-08-02T11:09:27Z
2026-08-02T11:05:08Z,2026-08-02T13:05:08+0200,b3181029-81fc-491a-b750-6dc59ef155aa,2026-07-11T16:15:00Z,2026-07-11T18:15:00+0200,113.79,EUR/MWh,DK1,DK_1,day_ahead_price,value,2026-08-02T11:09:27Z
2026-08-02T11:05:08Z,2026-08-02T13:05:08+0200,b3181029-81fc-491a-b750-6dc59ef155aa,2026-07-11T16:30:00Z,2026-07-11T18:30:00+0200,131.3,EUR/MWh,DK1,DK_1,day_ahead_price,value,2026-08-02T11:09:27Z
2026-08-02T11:05:08Z,2026-08-02T13:05:08+0200,b3181029-81fc-491a-b750-6dc59ef155aa,2026-07-11T16:45:00Z,2026-07-11T18:45:00+0200,139.95,EUR/MWh,DK1,DK_1,day_ahead_price,value,2026-08-02T11:09:27Z
2026-08-02T11:05:08Z,2026-08-02T13:05:08+0200,b3181029-81fc-491a-b750-6dc59ef155aa,2026-07-11T17:00:00Z,2026-07-11T19:00:00+0200,130.24,EUR/MWh,DK1,DK_1,day_ahead_price,value,2026-08-02T11:09:27Z
2026-08-02T11:05:08Z,2026-08-02T13:05:08+0200,b3181029-81fc-491a-b750-6dc59ef155aa,2026-07-11T17:15:00Z,2026-07-11T19:15:00+0200,141.06,EUR/MWh,DK1,DK_1,day_ahead_price,value,2026-08-02T11:09:27Z
2026-08-02T11:05:08Z,2026-08-02T13:05:08+0200,b3181029-81fc-491a-b750-6dc59ef155aa,2026-07-11T17:30:00Z,2026-07-11T19:30:00+0200,144.32,EUR/MWh,DK1,DK_1,day_ahead_price,value,2026-08-02T11:09:27Z
2026-08-02T11:05:08Z,2026-08-02T13:05:08+0200,b3181029-81fc-491a-b750-6dc59ef155aa,2026-07-11T17:45:00Z,2026-07-11T19:45:00+0200,149.06,EUR/MWh,DK1,DK_1,day_ahead_price,value,2026-08-02T11:09:27Z
2026-08-02T11:05:08Z,2026-08-02T13:05:08+0200,b3181029-81fc-491a-b750-6dc59ef155aa,2026-07-11T18:00:00Z,2026-07-11T20:00:00+0200,148.18,EUR/MWh,DK1,DK_1,day_ahead_price,value,2026-08-02T11:09:27Z
2026-08-02T11:05:08Z,2026-08-02T13:05:08+0200,b3181029-81fc-491a-b750-6dc59ef155aa,2026-07-11T18:15:00Z,2026-07-11T20:15:00+0200,151.28,EUR/MWh,DK1,DK_1,day_ahead_price,value,2026-08-02T11:09:27Z
2026-08-02T11:05:08Z,2026-08-02T13:05:08+0200,b3181029-81fc-491a-b750-6dc59ef155aa,2026-07-11T18:30:00Z,2026-07-11T20:30:00+0200,153.52,EUR/MWh,DK1,DK_1,day_ahead_price,value,2026-08-02T11:09:27Z
2026-08-02T11:05:08Z,2026-08-02T13:05:08+0200,b3181029-81fc-491a-b750-6dc59ef155aa,2026-07-11T18:45:00Z,2026-07-11T20:45:00+0200,154.59,EUR/MWh,DK1,DK_1,day_ahead_price,value,2026-08-02T11:09:27Z
2026-08-02T11:05:08Z,2026-08-02T13:05:08+0200,b3181029-81fc-491a-b750-6dc59ef155aa,2026-07-11T19:00:00Z,2026-07-11T21:00:00+0200,156.51,EUR/MWh,DK1,DK_1,day_ahead_price,value,2026-08-02T11:09:27Z
2026-08-02T11:05:08Z,2026-08-02T13:05:08+0200,b3181029-81fc-491a-b750-6dc59ef155aa,2026-07-11T19:15:00Z,2026-07-11T21:15:00+0200,154.63,EUR/MWh,DK1,DK_1,day_ahead_price,value,2026-08-02T11:09:27Z
2026-08-02T11:05:08Z,2026-08-02T13:05:08+0200,b3181029-81fc-491a-b750-6dc59ef155aa,2026-07-11T19:30:00Z,2026-07-11T21:30:00+0200,157.95,EUR/MWh,DK1,DK_1,day_ahead_price,value,2026-08-02T11:09:27Z
2026-08-02T11:05:08Z,2026-08-02T13:05:08+0200,b3181029-81fc-491a-b750-6dc59ef155aa,2026-07-11T19:45:00Z,2026-07-11T21:45:00+0200,156.54,EUR/MWh,DK1,DK_1,day_ahead_price,value,2026-08-02T11:09:27Z
2026-08-02T11:05:08Z,2026-08-02T13:05:08+0200,b3181029-81fc-491a-b750-6dc59ef155aa,2026-07-11T20:00:00Z,2026-07-11T22:00:00+0200,160.01,EUR/MWh,DK1,DK_1,day_ahead_price,value,2026-08-02T11:09:27Z
2026-08-02T11:05:08Z,2026-08-02T13:05:08+0200,b3181029-81fc-491a-b750-6dc59ef155aa,2026-07-11T20:15:00Z,2026-07-11T22:15:00+0200,155.31,EUR/MWh,DK1,DK_1,day_ahead_price,value,2026-08-02T11:09:27Z
2026-08-02T11:05:08Z,2026-08-02T13:05:08+0200,b3181029-81fc-491a-b750-6dc59ef155aa,2026-07-11T20:30:00Z,2026-07-11T22:30:00+0200,155.28,EUR/MWh,DK1,DK_1,day_ahead_price,value,2026-08-02T11:09:27Z
2026-08-02T11:05:08Z,2026-08-02T13:05:08+0200,b3181029-81fc-491a-b750-6dc59ef155aa,2026-07-11T20:45:00Z,2026-07-11T22:45:00+0200,148.95,EUR/MWh,DK1,DK_1,day_ahead_price,value,2026-08-02T11:09:27Z
2026-08-02T11:05:08Z,2026-08-02T13:05:08+0200,b3181029-81fc-491a-b750-6dc59ef155aa,2026-07-11T21:00:00Z,2026-07-11T23:00:00+0200,151.38,EUR/MWh,DK1,DK_1,day_ahead_price,value,2026-08-02T11:09:27Z
2026-08-02T11:05:08Z,2026-08-02T13:05:08+0200,b3181029-81fc-491a-b750-6dc59ef155aa,2026-07-11T21:15:00Z,2026-07-11T23:15:00+0200,145.24,EUR/MWh,DK1,DK_1,day_ahead_price,value,2026-08-02T11:09:27Z
2026-08-02T11:05:08Z,2026-08-02T13:05:08+0200,b3181029-81fc-491a-b750-6dc59ef155aa,2026-07-11T21:30:00Z,2026-07-11T23:30:00+0200,145.0,EUR/MWh,DK1,DK_1,day_ahead_price,value,2026-08-02T11:09:27Z
2026-08-02T11:05:08Z,2026-08-02T13:05:08+0200,b3181029-81fc-491a-b750-6dc59ef155aa,2026-07-11T21:45:00Z,2026-07-11T23:45:00+0200,140.78,EUR/MWh,DK1,DK_1,day_ahead_price,value,2026-08-02T11:09:27Z
2026-08-02T11:05:08Z,2026-08-02T13:05:08+0200,b3181029-81fc-491a-b750-6dc59ef155aa,2026-07-11T22:00:00Z,2026-07-12T00:00:00+0200,140.51,EUR/MWh,DK1,DK_1,day_ahead_price,value,2026-08-02T11:09:27Z
2026-08-02T11:05:08Z,2026-08-02T13:05:08+0200,b3181029-81fc-491a-b750-6dc59ef155aa,2026-07-11T22:15:00Z,2026-07-12T00:15:00+0200,140.0,EUR/MWh,DK1,DK_1,day_ahead_price,value,2026-08-02T11:09:27Z
2026-08-02T11:05:08Z,2026-08-02T13:05:08+0200,b3181029-81fc-491a-b750-6dc59ef155aa,2026-07-11T22:30:00Z,2026-07-12T00:30:00+0200,138.76,EUR/MWh,DK1,DK_1,day_ahead_price,value,2026-08-02T11:09:27Z
2026-08-02T11:05:08Z,2026-08-02T13:05:08+0200,b3181029-81fc-491a-b750-6dc59ef155aa,2026-07-11T22:45:00Z,2026-07-12T00:45:00+0200,130.5,EUR/MWh,DK1,DK_1,day_ahead_price,value,2026-08-02T11:09:27Z
2026-08-02T11:05:08Z,2026-08-02T13:05:08+0200,b3181029-81fc-491a-b750-6dc59ef155aa,2026-07-11T23:00:00Z,2026-07-12T01:00:00+0200,135.2,EUR/MWh,DK1,DK_1,day_ahead_price,value,2026-08-02T11:09:27Z
2026-08-02T11:05:08Z,2026-08-02T13:05:08+0200,b3181029-81fc-491a-b750-6dc59ef155aa,2026-07-11T23:15:00Z,2026-07-12T01:15:00+0200,135.0,EUR/MWh,DK1,DK_1,day_ahead_price,value,2026-08-02T11:09:27Z
2026-08-02T11:05:08Z,2026-08-02T13:05:08+0200,b3181029-81fc-491a-b750-6dc59ef155aa,2026-07-11T23:30:00Z,2026-07-12T01:30:00+0200,131.34,EUR/MWh,DK1,DK_1,day_ahead_price,value,2026-08-02T11:09:27Z
2026-08-02T11:05:08Z,2026-08-02T13:05:08+0200,b3181029-81fc-491a-b750-6dc59ef155aa,2026-07-11T23:45:00Z,2026-07-12T01:45:00+0200,126.0,EUR/MWh,DK1,DK_1,day_ahead_price,value,2026-08-02T11:09:27Z
2026-08-02T11:05:08Z,2026-08-02T13:05:08+0200,b3181029-81fc-491a-b750-6dc59ef155aa,2026-07-12T00:00:00Z,2026-07-12T02:00:00+0200,127.94,EUR/MWh,DK1,DK_1,day_ahead_price,value,2026-08-02T11:09:27Z
2026-08-02T11:05:08Z,2026-08-02T13:05:08+0200,b3181029-81fc-491a-b750-6dc59ef155aa,2026-07-12T00:15:00Z,2026-07-12T02:15:00+0200,126.04,EUR/MWh,DK1,DK_1,day_ahead_price,value,2026-08-02T11:09:27Z
2026-08-02T11:05:08Z,2026-08-02T13:05:08+0200,b3181029-81fc-491a-b750-6dc59ef155aa,2026-07-12T00:30:00Z,2026-07-12T02:30:00+0200,124.8,EUR/MWh,DK1,DK_1,day_ahead_price,value,2026-08-02T11:09:27Z
2026-08-02T11:05:08Z,2026-08-02T13:05:08+0200,b3181029-81fc-491a-b750-6dc59ef155aa,2026-07-12T00:45:00Z,2026-07-12T02:45:00+0200,123.5,EUR/MWh,DK1,DK_1,day_ahead_price,value,2026-08-02T11:09:27Z
2026-08-02T11:05:08Z,2026-08-02T13:05:08+0200,b3181029-81fc-491a-b750-6dc59ef155aa,2026-07-12T01:00:00Z,2026-07-12T03:00:00+0200,127.93,EUR/MWh,DK1,DK_1,day_ahead_price,value,2026-08-02T11:09:27Z
2026-08-02T11:05:08Z,2026-08-02T13:05:08+0200,b3181029-81fc-491a-b750-6dc59ef155aa,2026-07-12T01:15:00Z,2026-07-12T03:15:00+0200,127.92,EUR/MWh,DK1,DK_1,day_ahead_price,value,2026-08-02T11:09:27Z
2026-08-02T11:05:08Z,2026-08-02T13:05:08+0200,b3181029-81fc-491a-b750-6dc59ef155aa,2026-07-12T01:30:00Z,2026-07-12T03:30:00+0200,122.85,EUR/MWh,DK1,DK_1,day_ahead_price,value,2026-08-02T11:09:27Z
2026-08-02T11:05:08Z,2026-08-02T13:05:08+0200,b3181029-81fc-491a-b750-6dc59ef155aa,2026-07-12T01:45:00Z,2026-07-12T03:45:00+0200,121.7,EUR/MWh,DK1,DK_1,day_ahead_price,value,2026-08-02T11:09:27Z
2026-08-02T11:05:08Z,2026-08-02T13:05:08+0200,b3181029-81fc-491a-b750-6dc59ef155aa,2026-07-12T02:00:00Z,2026-07-12T04:00:00+0200,127.0,EUR/MWh,DK1,DK_1,day_ahead_price,value,2026-08-02T11:09:27Z
2026-08-02T11:05:08Z,2026-08-02T13:05:08+0200,b3181029-81fc-491a-b750-6dc59ef155aa,2026-07-12T02:15:00Z,2026-07-12T04:15:00+0200,123.23,EUR/MWh,DK1,DK_1,day_ahead_price,value,2026-08-02T11:09:27Z
2026-08-02T11:05:08Z,2026-08-02T13:05:08+0200,b3181029-81fc-491a-b750-6dc59ef155aa,2026-07-12T02:30:00Z,2026-07-12T04:30:00+0200,121.11,EUR/MWh,DK1,DK_1,day_ahead_price,value,2026-08-02T11:09:27Z
2026-08-02T11:05:08Z,2026-08-02T13:05:08+0200,b3181029-81fc-491a-b750-6dc59ef155aa,2026-07-12T02:45:00Z,2026-07-12T04:45:00+0200,120.19,EUR/MWh,DK1,DK_1,day_ahead_price,value,2026-08-02T11:09:27Z
2026-08-02T11:05:08Z,2026-08-02T13:05:08+0200,b3181029-81fc-491a-b750-6dc59ef155aa,2026-07-12T03:00:00Z,2026-07-12T05:00:00+0200,124.0,EUR/MWh,DK1,DK_1,day_ahead_price,value,2026-08-02T11:09:27Z
2026-08-02T11:05:08Z,2026-08-02T13:05:08+0200,b3181029-81fc-491a-b750-6dc59ef155aa,2026-07-12T03:15:00Z,2026-07-12T05:15:00+0200,122.18,EUR/MWh,DK1,DK_1,day_ahead_price,value,2026-08-02T11:09:27Z
2026-08-02T11:05:08Z,2026-08-02T13:05:08+0200,b3181029-81fc-491a-b750-6dc59ef155aa,2026-07-12T03:30:00Z,2026-07-12T05:30:00+0200,120.54,EUR/MWh,DK1,DK_1,day_ahead_price,value,2026-08-02T11:09:27Z
2026-08-02T11:05:08Z,2026-08-02T13:05:08+0200,b3181029-81fc-491a-b750-6dc59ef155aa,2026-07-12T03:45:00Z,2026-07-12T05:45:00+0200,113.2,EUR/MWh,DK1,DK_1,day_ahead_price,value,2026-08-02T11:09:27Z
2026-08-02T11:05:08Z,2026-08-02T13:05:08+0200,b3181029-81fc-491a-b750-6dc59ef155aa,2026-07-12T04:00:00Z,2026-07-12T06:00:00+0200,118.64,EUR/MWh,DK1,DK_1,day_ahead_price,value,2026-08-02T11:09:27Z
2026-08-02T11:05:08Z,2026-08-02T13:05:08+0200,b3181029-81fc-491a-b750-6dc59ef155aa,2026-07-12T04:15:00Z,2026-07-12T06:15:00+0200,112.33,EUR/MWh,DK1,DK_1,day_ahead_price,value,2026-08-02T11:09:27Z
2026-08-02T11:05:08Z,2026-08-02T13:05:08+0200,b3181029-81fc-491a-b750-6dc59ef155aa,2026-07-12T04:30:00Z,2026-07-12T06:30:00+0200,110.0,EUR/MWh,DK1,DK_1,day_ahead_price,value,2026-08-02T11:09:27Z
2026-08-02T11:05:08Z,2026-08-02T13:05:08+0200,b3181029-81fc-491a-b750-6dc59ef155aa,2026-07-12T04:45:00Z,2026-07-12T06:45:00+0200,105.48,EUR/MWh,DK1,DK_1,day_ahead_price,value,2026-08-02T11:09:27Z
2026-08-02T11:05:08Z,2026-08-02T13:05:08+0200,b3181029-81fc-491a-b750-6dc59ef155aa,2026-07-12T05:00:00Z,2026-07-12T07:00:00+0200,112.31,EUR/MWh,DK1,DK_1,day_ahead_price,value,2026-08-02T11:09:27Z
2026-08-02T11:05:08Z,2026-08-02T13:05:08+0200,b3181029-81fc-491a-b750-6dc59ef155aa,2026-07-12T05:15:00Z,2026-07-12T07:15:00+0200,108.3,EUR/MWh,DK1,DK_1,day_ahead_price,value,2026-08-02T11:09:27Z
2026-08-02T11:05:08Z,2026-08-02T13:05:08+0200,b3181029-81fc-491a-b750-6dc59ef155aa,2026-07-12T05:30:00Z,2026-07-12T07:30:00+0200,101.21,EUR/MWh,DK1,DK_1,day_ahead_price,value,2026-08-02T11:09:27Z
2026-08-02T11:05:08Z,2026-08-02T13:05:08+0200,b3181029-81fc-491a-b750-6dc59ef155aa,2026-07-12T05:45:00Z,2026-07-12T07:45:00+0200,77.28,EUR/MWh,DK1,DK_1,day_ahead_price,value,2026-08-02T11:09:27Z
2026-08-02T11:05:08Z,2026-08-02T13:05:08+0200,b3181029-81fc-491a-b750-6dc59ef155aa,2026-07-12T06:00:00Z,2026-07-12T08:00:00+0200,103.56,EUR/MWh,DK1,DK_1,day_ahead_price,value,2026-08-02T11:09:27Z
2026-08-02T11:05:08Z,2026-08-02T13:05:08+0200,b3181029-81fc-491a-b750-6dc59ef155aa,2026-07-12T06:15:00Z,2026-07-12T08:15:00+0200,79.49,EUR/MWh,DK1,DK_1,day_ahead_price,value,2026-08-02T11:09:27Z
2026-08-02T11:05:08Z,2026-08-02T13:05:08+0200,b3181029-81fc-491a-b750-6dc59ef155aa,2026-07-12T06:30:00Z,2026-07-12T08:30:00+0200,52.36,EUR/MWh,DK1,DK_1,day_ahead_price,value,2026-08-02T11:09:27Z
2026-08-02T11:05:08Z,2026-08-02T13:05:08+0200,b3181029-81fc-491a-b750-6dc59ef155aa,2026-07-12T06:45:00Z,2026-07-12T08:45:00+0200,13.2,EUR/MWh,DK1,DK_1,day_ahead_price,value,2026-08-02T11:09:27Z
2026-08-02T11:05:08Z,2026-08-02T13:05:08+0200,b3181029-81fc-491a-b750-6dc59ef155aa,2026-07-12T07:00:00Z,2026-07-12T09:00:00+0200,20.0,EUR/MWh,DK1,DK_1,day_ahead_price,value,2026-08-02T11:09:27Z
2026-08-02T11:05:08Z,2026-08-02T13:05:08+0200,b3181029-81fc-491a-b750-6dc59ef155aa,2026-07-12T07:15:00Z,2026-07-12T09:15:00+0200,1.54,EUR/MWh,DK1,DK_1,day_ahead_price,value,2026-08-02T11:09:27Z
2026-08-02T11:05:08Z,2026-08-02T13:05:08+0200,b3181029-81fc-491a-b750-6dc59ef155aa,2026-07-12T07:30:00Z,2026-07-12T09:30:00+0200,1.0,EUR/MWh,DK1,DK_1,day_ahead_price,value,2026-08-02T11:09:27Z
2026-08-02T11:05:08Z,2026-08-02T13:05:08+0200,b3181029-81fc-491a-b750-6dc59ef155aa,2026-07-12T07:45:00Z,2026-07-12T09:45:00+0200,1.31,EUR/MWh,DK1,DK_1,day_ahead_price,value,2026-08-02T11:09:27Z
2026-08-02T11:05:08Z,2026-08-02T13:05:08+0200,b3181029-81fc-491a-b750-6dc59ef155aa,2026-07-12T08:00:00Z,2026-07-12T10:00:00+0200,2.0,EUR/MWh,DK1,DK_1,day_ahead_price,value,2026-08-02T11:09:27Z
2026-08-02T11:05:08Z,2026-08-02T13:05:08+0200,b3181029-81fc-491a-b750-6dc59ef155aa,2026-07-12T08:15:00Z,2026-07-12T10:15:00+0200,2.0,EUR/MWh,DK1,DK_1,day_ahead_price,value,2026-08-02T11:09:27Z
2026-08-02T11:05:08Z,2026-08-02T13:05:08+0200,b3181029-81fc-491a-b750-6dc59ef155aa,2026-07-12T08:30:00Z,2026-07-12T10:30:00+0200,1.39,EUR/MWh,DK1,DK_1,day_ahead_price,value,2026-08-02T11:09:27Z
2026-08-02T11:05:08Z,2026-08-02T13:05:08+0200,b3181029-81fc-491a-b750-6dc59ef155aa,2026-07-12T08:45:00Z,2026-07-12T10:45:00+0200,1.37,EUR/MWh,DK1,DK_1,day_ahead_price,value,2026-08-02T11:09:27Z
2026-08-02T11:05:08Z,2026-08-02T13:05:08+0200,b3181029-81fc-491a-b750-6dc59ef155aa,2026-07-12T09:00:00Z,2026-07-12T11:00:00+0200,0.5,EUR/MWh,DK1,DK_1,day_ahead_price,value,2026-08-02T11:09:27Z
2026-08-02T11:05:08Z,2026-08-02T13:05:08+0200,b3181029-81fc-491a-b750-6dc59ef155aa,2026-07-12T09:15:00Z,2026-07-12T11:15:00+0200,0.0,EUR/MWh,DK1,DK_1,day_ahead_price,value,2026-08-02T11:09:27Z
2026-08-02T11:05:08Z,2026-08-02T13:05:08+0200,b3181029-81fc-491a-b750-6dc59ef155aa,2026-07-12T09:30:00Z,2026-07-12T11:30:00+0200,0.0,EUR/MWh,DK1,DK_1,day_ahead_price,value,2026-08-02T11:09:27Z
2026-08-02T11:05:08Z,2026-08-02T13:05:08+0200,b3181029-81fc-491a-b750-6dc59ef155aa,2026-07-12T09:45:00Z,2026-07-12T11:45:00+0200,-0.01,EUR/MWh,DK1,DK_1,day_ahead_price,value,2026-08-02T11:09:27Z
2026-08-02T11:05:08Z,2026-08-02T13:05:08+0200,b3181029-81fc-491a-b750-6dc59ef155aa,2026-07-12T10:00:00Z,2026-07-12T12:00:00+0200,-0.05,EUR/MWh,DK1,DK_1,day_ahead_price,value,2026-08-02T11:09:27Z
2026-08-02T11:05:08Z,2026-08-02T13:05:08+0200,b3181029-81fc-491a-b750-6dc59ef155aa,2026-07-12T10:15:00Z,2026-07-12T12:15:00+0200,-0.14,EUR/MWh,DK1,DK_1,day_ahead_price,value,2026-08-02T11:09:27Z
2026-08-02T11:05:08Z,2026-08-02T13:05:08+0200,b3181029-81fc-491a-b750-6dc59ef155aa,2026-07-12T10:30:00Z,2026-07-12T12:30:00+0200,-4.0,EUR/MWh,DK1,DK_1,day_ahead_price,value,2026-08-02T11:09:27Z
2026-08-02T11:05:08Z,2026-08-02T13:05:08+0200,b3181029-81fc-491a-b750-6dc59ef155aa,2026-07-12T10:45:00Z,2026-07-12T12:45:00+0200,-2.86,EUR/MWh,DK1,DK_1,day_ahead_price,value,2026-08-02T11:09:27Z
2026-08-02T11:05:08Z,2026-08-02T13:05:08+0200,b3181029-81fc-491a-b750-6dc59ef155aa,2026-07-12T11:00:00Z,2026-07-12T13:00:00+0200,-0.09,EUR/MWh,DK1,DK_1,day_ahead_price,value,2026-08-02T11:09:27Z
2026-08-02T11:05:08Z,2026-08-02T13:05:08+0200,b3181029-81fc-491a-b750-6dc59ef155aa,2026-07-12T11:15:00Z,2026-07-12T13:15:00+0200,-0.08,EUR/MWh,DK1,DK_1,day_ahead_price,value,2026-08-02T11:09:27Z
2026-08-02T11:05:08Z,2026-08-02T13:05:08+0200,b3181029-81fc-491a-b750-6dc59ef155aa,2026-07-12T11:30:00Z,2026-07-12T13:30:00+0200,-0.09,EUR/MWh,DK1,DK_1,day_ahead_price,value,2026-08-02T11:09:27Z
2026-08-02T11:05:08Z,2026-08-02T13:05:08+0200,b3181029-81fc-491a-b750-6dc59ef155aa,2026-07-12T11:45:00Z,2026-07-12T13:45:00+0200,-0.09,EUR/MWh,DK1,DK_1,day_ahead_price,value,2026-08-02T11:09:27Z
2026-08-02T11:05:08Z,2026-08-02T13:05:08+0200,b3181029-81fc-491a-b750-6dc59ef155aa,2026-07-12T12:00:00Z,2026-07-12T14:00:00+0200,-0.09,EUR/MWh,DK1,DK_1,day_ahead_price,value,2026-08-02T11:09:27Z
2026-08-02T11:05:08Z,2026-08-02T13:05:08+0200,b3181029-81fc-491a-b750-6dc59ef155aa,2026-07-12T12:15:00Z,2026-07-12T14:15:00+0200,-0.08,EUR/MWh,DK1,DK_1,day_ahead_price,value,2026-08-02T11:09:27Z
2026-08-02T11:05:08Z,2026-08-02T13:05:08+0200,b3181029-81fc-491a-b750-6dc59ef155aa,2026-07-12T12:30:00Z,2026-07-12T14:30:00+0200,-0.08,EUR/MWh,DK1,DK_1,day_ahead_price,value,2026-08-02T11:09:27Z
2026-08-02T11:05:08Z,2026-08-02T13:05:08+0200,b3181029-81fc-491a-b750-6dc59ef155aa,2026-07-12T12:45:00Z,2026-07-12T14:45:00+0200,-0.08,EUR/MWh,DK1,DK_1,day_ahead_price,value,2026-08-02T11:09:27Z
2026-08-02T11:05:08Z,2026-08-02T13:05:08+0200,b3181029-81fc-491a-b750-6dc59ef155aa,2026-07-12T13:00:00Z,2026-07-12T15:00:00+0200,-0.14,EUR/MWh,DK1,DK_1,day_ahead_price,value,2026-08-02T11:09:27Z
2026-08-02T11:05:08Z,2026-08-02T13:05:08+0200,b3181029-81fc-491a-b750-6dc59ef155aa,2026-07-12T13:15:00Z,2026-07-12T15:15:00+0200,-2.86,EUR/MWh,DK1,DK_1,day_ahead_price,value,2026-08-02T11:09:27Z
2026-08-02T11:05:08Z,2026-08-02T13:05:08+0200,b3181029-81fc-491a-b750-6dc59ef155aa,2026-07-12T13:30:00Z,2026-07-12T15:30:00+0200,-0.13,EUR/MWh,DK1,DK_1,day_ahead_price,value,2026-08-02T11:09:27Z
2026-08-02T11:05:08Z,2026-08-02T13:05:08+0200,b3181029-81fc-491a-b750-6dc59ef155aa,2026-07-12T13:45:00Z,2026-07-12T15:45:00+0200,-0.06,EUR/MWh,DK1,DK_1,day_ahead_price,value,2026-08-02T11:09:27Z
2026-08-02T11:05:08Z,2026-08-02T13:05:08+0200,b3181029-81fc-491a-b750-6dc59ef155aa,2026-07-12T14:00:00Z,2026-07-12T16:00:00+0200,-0.02,EUR/MWh,DK1,DK_1,day_ahead_price,value,2026-08-02T11:09:27Z
2026-08-02T11:05:08Z,2026-08-02T13:05:08+0200,b3181029-81fc-491a-b750-6dc59ef155aa,2026-07-12T14:15:00Z,2026-07-12T16:15:00+0200,0.0,EUR/MWh,DK1,DK_1,day_ahead_price,value,2026-08-02T11:09:27Z
2026-08-02T11:05:08Z,2026-08-02T13:05:08+0200,b3181029-81fc-491a-b750-6dc59ef155aa,2026-07-12T14:30:00Z,2026-07-12T16:30:00+0200,0.99,EUR/MWh,DK1,DK_1,day_ahead_price,value,2026-08-02T11:09:27Z
2026-08-02T11:05:08Z,2026-08-02T13:05:08+0200,b3181029-81fc-491a-b750-6dc59ef155aa,2026-07-12T14:45:00Z,2026-07-12T16:45:00+0200,0.1,EUR/MWh,DK1,DK_1,day_ahead_price,value,2026-08-02T11:09:27Z
2026-08-02T11:05:08Z,2026-08-02T13:05:08+0200,b3181029-81fc-491a-b750-6dc59ef155aa,2026-07-12T15:00:00Z,2026-07-12T17:00:00+0200,2.0,EUR/MWh,DK1,DK_1,day_ahead_price,value,2026-08-02T11:09:27Z
2026-08-02T11:05:08Z,2026-08-02T13:05:08+0200,b3181029-81fc-491a-b750-6dc59ef155aa,2026-07-12T15:15:00Z,2026-07-12T17:15:00+0200,2.82,EUR/MWh,DK1,DK_1,day_ahead_price,value,2026-08-02T11:09:27Z
2026-08-02T11:05:08Z,2026-08-02T13:05:08+0200,b3181029-81fc-491a-b750-6dc59ef155aa,2026-07-12T15:30:00Z,2026-07-12T17:30:00+0200,7.49,EUR/MWh,DK1,DK_1,day_ahead_price,value,2026-08-02T11:09:27Z
2026-08-02T11:05:08Z,2026-08-02T13:05:08+0200,b3181029-81fc-491a-b750-6dc59ef155aa,2026-07-12T15:45:00Z,2026-07-12T17:45:00+0200,34.66,EUR/MWh,DK1,DK_1,day_ahead_price,value,2026-08-02T11:09:27Z
2026-08-02T11:05:08Z,2026-08-02T13:05:08+0200,b3181029-81fc-491a-b750-6dc59ef155aa,2026-07-12T16:00:00Z,2026-07-12T18:00:00+0200,26.2,EUR/MWh,DK1,DK_1,day_ahead_price,value,2026-08-02T11:09:27Z
2026-08-02T11:05:08Z,2026-08-02T13:05:08+0200,b3181029-81fc-491a-b750-6dc59ef155aa,2026-07-12T16:15:00Z,2026-07-12T18:15:00+0200,98.31,EUR/MWh,DK1,DK_1,day_ahead_price,value,2026-08-02T11:09:27Z
2026-08-02T11:05:08Z,2026-08-02T13:05:08+0200,b3181029-81fc-491a-b750-6dc59ef155aa,2026-07-12T16:30:00Z,2026-07-12T18:30:00+0200,116.36,EUR/MWh,DK1,DK_1,day_ahead_price,value,2026-08-02T11:09:27Z
2026-08-02T11:05:08Z,2026-08-02T13:05:08+0200,b3181029-81fc-491a-b750-6dc59ef155aa,2026-07-12T16:45:00Z,2026-07-12T18:45:00+0200,132.52,EUR/MWh,DK1,DK_1,day_ahead_price,value,2026-08-02T11:09:27Z
2026-08-02T11:05:08Z,2026-08-02T13:05:08+0200,b3181029-81fc-491a-b750-6dc59ef155aa,2026-07-12T17:00:00Z,2026-07-12T19:00:00+0200,111.69,EUR/MWh,DK1,DK_1,day_ahead_price,value,2026-08-02T11:09:27Z
2026-08-02T11:05:08Z,2026-08-02T13:05:08+0200,b3181029-81fc-491a-b750-6dc59ef155aa,2026-07-12T17:15:00Z,2026-07-12T19:15:00+0200,133.77,EUR/MWh,DK1,DK_1,day_ahead_price,value,2026-08-02T11:09:27Z
2026-08-02T11:05:08Z,2026-08-02T13:05:08+0200,b3181029-81fc-491a-b750-6dc59ef155aa,2026-07-12T17:30:00Z,2026-07-12T19:30:00+0200,136.85,EUR/MWh,DK1,DK_1,day_ahead_price,value,2026-08-02T11:09:27Z
2026-08-02T11:05:08Z,2026-08-02T13:05:08+0200,b3181029-81fc-491a-b750-6dc59ef155aa,2026-07-12T17:45:00Z,2026-07-12T19:45:00+0200,145.0,EUR/MWh,DK1,DK_1,day_ahead_price,value,2026-08-02T11:09:27Z
2026-08-02T11:05:08Z,2026-08-02T13:05:08+0200,b3181029-81fc-491a-b750-6dc59ef155aa,2026-07-12T18:00:00Z,2026-07-12T20:00:00+0200,137.25,EUR/MWh,DK1,DK_1,day_ahead_price,value,2026-08-02T11:09:27Z
2026-08-02T11:05:08Z,2026-08-02T13:05:08+0200,b3181029-81fc-491a-b750-6dc59ef155aa,2026-07-12T18:15:00Z,2026-07-12T20:15:00+0200,140.34,EUR/MWh,DK1,DK_1,day_ahead_price,value,2026-08-02T11:09:27Z
2026-08-02T11:05:08Z,2026-08-02T13:05:08+0200,b3181029-81fc-491a-b750-6dc59ef155aa,2026-07-12T18:30:00Z,2026-07-12T20:30:00+0200,141.29,EUR/MWh,DK1,DK_1,day_ahead_price,value,2026-08-02T11:09:27Z
2026-08-02T11:05:08Z,2026-08-02T13:05:08+0200,b3181029-81fc-491a-b750-6dc59ef155aa,2026-07-12T18:45:00Z,2026-07-12T20:45:00+0200,144.12,EUR/MWh,DK1,DK_1,day_ahead_price,value,2026-08-02T11:09:27Z
2026-08-02T11:05:08Z,2026-08-02T13:05:08+0200,b3181029-81fc-491a-b750-6dc59ef155aa,2026-07-12T19:00:00Z,2026-07-12T21:00:00+0200,140.1,EUR/MWh,DK1,DK_1,day_ahead_price,value,2026-08-02T11:09:27Z
2026-08-02T11:05:08Z,2026-08-02T13:05:08+0200,b3181029-81fc-491a-b750-6dc59ef155aa,2026-07-12T19:15:00Z,2026-07-12T21:15:00+0200,144.94,EUR/MWh,DK1,DK_1,day_ahead_price,value,2026-08-02T11:09:27Z
2026-08-02T11:05:08Z,2026-08-02T13:05:08+0200,b3181029-81fc-491a-b750-6dc59ef155aa,2026-07-12T19:30:00Z,2026-07-12T21:30:00+0200,145.93,EUR/MWh,DK1,DK_1,day_ahead_price,value,2026-08-02T11:09:27Z
2026-08-02T11:05:08Z,2026-08-02T13:05:08+0200,b3181029-81fc-491a-b750-6dc59ef155aa,2026-07-12T19:45:00Z,2026-07-12T21:45:00+0200,146.98,EUR/MWh,DK1,DK_1,day_ahead_price,value,2026-08-02T11:09:27Z
2026-08-02T11:05:08Z,2026-08-02T13:05:08+0200,b3181029-81fc-491a-b750-6dc59ef155aa,2026-07-12T20:00:00Z,2026-07-12T22:00:00+0200,149.7,EUR/MWh,DK1,DK_1,day_ahead_price,value,2026-08-02T11:09:27Z
2026-08-02T11:05:08Z,2026-08-02T13:05:08+0200,b3181029-81fc-491a-b750-6dc59ef155aa,2026-07-12T20:15:00Z,2026-07-12T22:15:00+0200,145.0,EUR/MWh,DK1,DK_1,day_ahead_price,value,2026-08-02T11:09:27Z
2026-08-02T11:05:08Z,2026-08-02T13:05:08+0200,b3181029-81fc-491a-b750-6dc59ef155aa,2026-07-12T20:30:00Z,2026-07-12T22:30:00+0200,144.94,EUR/MWh,DK1,DK_1,day_ahead_price,value,2026-08-02T11:09:27Z
2026-08-02T11:05:08Z,2026-08-02T13:05:08+0200,b3181029-81fc-491a-b750-6dc59ef155aa,2026-07-12T20:45:00Z,2026-07-12T22:45:00+0200,140.08,EUR/MWh,DK1,DK_1,day_ahead_price,value,2026-08-02T11:09:27Z
2026-08-02T11:05:08Z,2026-08-02T13:05:08+0200,b3181029-81fc-491a-b750-6dc59ef155aa,2026-07-12T21:00:00Z,2026-07-12T23:00:00+0200,144.97,EUR/MWh,DK1,DK_1,day_ahead_price,value,2026-08-02T11:09:27Z
2026-08-02T11:05:08Z,2026-08-02T13:05:08+0200,b3181029-81fc-491a-b750-6dc59ef155aa,2026-07-12T21:15:00Z,2026-07-12T23:15:00+0200,137.9,EUR/MWh,DK1,DK_1,day_ahead_price,value,2026-08-02T11:09:27Z
2026-08-02T11:05:08Z,2026-08-02T13:05:08+0200,b3181029-81fc-491a-b750-6dc59ef155aa,2026-07-12T21:30:00Z,2026-07-12T23:30:00+0200,138.47,EUR/MWh,DK1,DK_1,day_ahead_price,value,2026-08-02T11:09:27Z
2026-08-02T11:05:08Z,2026-08-02T13:05:08+0200,b3181029-81fc-491a-b750-6dc59ef155aa,2026-07-12T21:45:00Z,2026-07-12T23:45:00+0200,135.93,EUR/MWh,DK1,DK_1,day_ahead_price,value,2026-08-02T11:09:27Z
2026-08-02T11:05:08Z,2026-08-02T13:05:08+0200,b3181029-81fc-491a-b750-6dc59ef155aa,2026-07-12T22:00:00Z,2026-07-13T00:00:00+0200,131.94,EUR/MWh,DK1,DK_1,day_ahead_price,value,2026-08-02T11:09:27Z
2026-08-02T11:05:08Z,2026-08-02T13:05:08+0200,b3181029-81fc-491a-b750-6dc59ef155aa,2026-07-12T22:15:00Z,2026-07-13T00:15:00+0200,130.0,EUR/MWh,DK1,DK_1,day_ahead_price,value,2026-08-02T11:09:27Z
2026-08-02T11:05:08Z,2026-08-02T13:05:08+0200,b3181029-81fc-491a-b750-6dc59ef155aa,2026-07-12T22:30:00Z,2026-07-13T00:30:00+0200,129.41,EUR/MWh,DK1,DK_1,day_ahead_price,value,2026-08-02T11:09:27Z
2026-08-02T11:05:08Z,2026-08-02T13:05:08+0200,b3181029-81fc-491a-b750-6dc59ef155aa,2026-07-12T22:45:00Z,2026-07-13T00:45:00+0200,127.57,EUR/MWh,DK1,DK_1,day_ahead_price,value,2026-08-02T11:09:27Z
2026-08-02T11:05:08Z,2026-08-02T13:05:08+0200,b3181029-81fc-491a-b750-6dc59ef155aa,2026-07-12T23:00:00Z,2026-07-13T01:00:00+0200,128.42,EUR/MWh,DK1,DK_1,day_ahead_price,value,2026-08-02T11:09:27Z
2026-08-02T11:05:08Z,2026-08-02T13:05:08+0200,b3181029-81fc-491a-b750-6dc59ef155aa,2026-07-12T23:15:00Z,2026-07-13T01:15:00+0200,124.17,EUR/MWh,DK1,DK_1,day_ahead_price,value,2026-08-02T11:09:27Z
2026-08-02T11:05:08Z,2026-08-02T13:05:08+0200,b3181029-81fc-491a-b750-6dc59ef155aa,2026-07-12T23:30:00Z,2026-07-13T01:30:00+0200,123.7,EUR/MWh,DK1,DK_1,day_ahead_price,value,2026-08-02T11:09:27Z
2026-08-02T11:05:08Z,2026-08-02T13:05:08+0200,b3181029-81fc-491a-b750-6dc59ef155aa,2026-07-12T23:45:00Z,2026-07-13T01:45:00+0200,121.59,EUR/MWh,DK1,DK_1,day_ahead_price,value,2026-08-02T11:09:27Z
2026-08-02T11:05:08Z,2026-08-02T13:05:08+0200,b3181029-81fc-491a-b750-6dc59ef155aa,2026-07-13T00:00:00Z,2026-07-13T02:00:00+0200,122.93,EUR/MWh,DK1,DK_1,day_ahead_price,value,2026-08-02T11:09:27Z
2026-08-02T11:05:08Z,2026-08-02T13:05:08+0200,b3181029-81fc-491a-b750-6dc59ef155aa,2026-07-13T00:15:00Z,2026-07-13T02:15:00+0200,119.25,EUR/MWh,DK1,DK_1,day_ahead_price,value,2026-08-02T11:09:27Z
2026-08-02T11:05:08Z,2026-08-02T13:05:08+0200,b3181029-81fc-491a-b750-6dc59ef155aa,2026-07-13T00:30:00Z,2026-07-13T02:30:00+0200,118.96,EUR/MWh,DK1,DK_1,day_ahead_price,value,2026-08-02T11:09:27Z
2026-08-02T11:05:08Z,2026-08-02T13:05:08+0200,b3181029-81fc-491a-b750-6dc59ef155aa,2026-07-13T00:45:00Z,2026-07-13T02:45:00+0200,120.5,EUR/MWh,DK1,DK_1,day_ahead_price,value,2026-08-02T11:09:27Z
2026-08-02T11:05:08Z,2026-08-02T13:05:08+0200,b3181029-81fc-491a-b750-6dc59ef155aa,2026-07-13T01:00:00Z,2026-07-13T03:00:00+0200,119.7,EUR/MWh,DK1,DK_1,day_ahead_price,value,2026-08-02T11:09:27Z
2026-08-02T11:05:08Z,2026-08-02T13:05:08+0200,b3181029-81fc-491a-b750-6dc59ef155aa,2026-07-13T01:15:00Z,2026-07-13T03:15:00+0200,120.0,EUR/MWh,DK1,DK_1,day_ahead_price,value,2026-08-02T11:09:27Z
2026-08-02T11:05:08Z,2026-08-02T13:05:08+0200,b3181029-81fc-491a-b750-6dc59ef155aa,2026-07-13T01:30:00Z,2026-07-13T03:30:00+0200,121.92,EUR/MWh,DK1,DK_1,day_ahead_price,value,2026-08-02T11:09:27Z
2026-08-02T11:05:08Z,2026-08-02T13:05:08+0200,b3181029-81fc-491a-b750-6dc59ef155aa,2026-07-13T01:45:00Z,2026-07-13T03:45:00+0200,123.48,EUR/MWh,DK1,DK_1,day_ahead_price,value,2026-08-02T11:09:27Z
2026-08-02T11:05:08Z,2026-08-02T13:05:08+0200,b3181029-81fc-491a-b750-6dc59ef155aa,2026-07-13T02:00:00Z,2026-07-13T04:00:00+0200,118.68,EUR/MWh,DK1,DK_1,day_ahead_price,value,2026-08-02T11:09:27Z
2026-08-02T11:05:08Z,2026-08-02T13:05:08+0200,b3181029-81fc-491a-b750-6dc59ef155aa,2026-07-13T02:15:00Z,2026-07-13T04:15:00+0200,122.74,EUR/MWh,DK1,DK_1,day_ahead_price,value,2026-08-02T11:09:27Z
2026-08-02T11:05:08Z,2026-08-02T13:05:08+0200,b3181029-81fc-491a-b750-6dc59ef155aa,2026-07-13T02:30:00Z,2026-07-13T04:30:00+0200,125.75,EUR/MWh,DK1,DK_1,day_ahead_price,value,2026-08-02T11:09:27Z
2026-08-02T11:05:08Z,2026-08-02T13:05:08+0200,b3181029-81fc-491a-b750-6dc59ef155aa,2026-07-13T02:45:00Z,2026-07-13T04:45:00+0200,126.84,EUR/MWh,DK1,DK_1,day_ahead_price,value,2026-08-02T11:09:27Z
2026-08-02T11:05:08Z,2026-08-02T13:05:08+0200,b3181029-81fc-491a-b750-6dc59ef155aa,2026-07-13T03:00:00Z,2026-07-13T05:00:00+0200,126.2,EUR/MWh,DK1,DK_1,day_ahead_price,value,2026-08-02T11:09:27Z
2026-08-02T11:05:08Z,2026-08-02T13:05:08+0200,b3181029-81fc-491a-b750-6dc59ef155aa,2026-07-13T03:15:00Z,2026-07-13T05:15:00+0200,130.09,EUR/MWh,DK1,DK_1,day_ahead_price,value,2026-08-02T11:09:27Z
2026-08-02T11:05:08Z,2026-08-02T13:05:08+0200,b3181029-81fc-491a-b750-6dc59ef155aa,2026-07-13T03:30:00Z,2026-07-13T05:30:00+0200,136.74,EUR/MWh,DK1,DK_1,day_ahead_price,value,2026-08-02T11:09:27Z
2026-08-02T11:05:08Z,2026-08-02T13:05:08+0200,b3181029-81fc-491a-b750-6dc59ef155aa,2026-07-13T03:45:00Z,2026-07-13T05:45:00+0200,142.51,EUR/MWh,DK1,DK_1,day_ahead_price,value,2026-08-02T11:09:27Z
2026-08-02T11:05:08Z,2026-08-02T13:05:08+0200,b3181029-81fc-491a-b750-6dc59ef155aa,2026-07-13T04:00:00Z,2026-07-13T06:00:00+0200,144.35,EUR/MWh,DK1,DK_1,day_ahead_price,value,2026-08-02T11:09:27Z
2026-08-02T11:05:08Z,2026-08-02T13:05:08+0200,b3181029-81fc-491a-b750-6dc59ef155aa,2026-07-13T04:15:00Z,2026-07-13T06:15:00+0200,151.6,EUR/MWh,DK1,DK_1,day_ahead_price,value,2026-08-02T11:09:27Z
2026-08-02T11:05:08Z,2026-08-02T13:05:08+0200,b3181029-81fc-491a-b750-6dc59ef155aa,2026-07-13T04:30:00Z,2026-07-13T06:30:00+0200,150.31,EUR/MWh,DK1,DK_1,day_ahead_price,value,2026-08-02T11:09:27Z
2026-08-02T11:05:08Z,2026-08-02T13:05:08+0200,b3181029-81fc-491a-b750-6dc59ef155aa,2026-07-13T04:45:00Z,2026-07-13T06:45:00+0200,150.52,EUR/MWh,DK1,DK_1,day_ahead_price,value,2026-08-02T11:09:27Z
2026-08-02T11:05:08Z,2026-08-02T13:05:08+0200,b3181029-81fc-491a-b750-6dc59ef155aa,2026-07-13T05:00:00Z,2026-07-13T07:00:00+0200,167.44,EUR/MWh,DK1,DK_1,day_ahead_price,value,2026-08-02T11:09:27Z
2026-08-02T11:05:08Z,2026-08-02T13:05:08+0200,b3181029-81fc-491a-b750-6dc59ef155aa,2026-07-13T05:15:00Z,2026-07-13T07:15:00+0200,163.3,EUR/MWh,DK1,DK_1,day_ahead_price,value,2026-08-02T11:09:27Z
2026-08-02T11:05:08Z,2026-08-02T13:05:08+0200,b3181029-81fc-491a-b750-6dc59ef155aa,2026-07-13T05:30:00Z,2026-07-13T07:30:00+0200,152.48,EUR/MWh,DK1,DK_1,day_ahead_price,value,2026-08-02T11:09:27Z
2026-08-02T11:05:08Z,2026-08-02T13:05:08+0200,b3181029-81fc-491a-b750-6dc59ef155aa,2026-07-13T05:45:00Z,2026-07-13T07:45:00+0200,143.51,EUR/MWh,DK1,DK_1,day_ahead_price,value,2026-08-02T11:09:27Z
2026-08-02T11:05:08Z,2026-08-02T13:05:08+0200,b3181029-81fc-491a-b750-6dc59ef155aa,2026-07-13T06:00:00Z,2026-07-13T08:00:00+0200,151.44,EUR/MWh,DK1,DK_1,day_ahead_price,value,2026-08-02T11:09:27Z
2026-08-02T11:05:08Z,2026-08-02T13:05:08+0200,b3181029-81fc-491a-b750-6dc59ef155aa,2026-07-13T06:15:00Z,2026-07-13T08:15:00+0200,146.29,EUR/MWh,DK1,DK_1,day_ahead_price,value,2026-08-02T11:09:27Z
2026-08-02T11:05:08Z,2026-08-02T13:05:08+0200,b3181029-81fc-491a-b750-6dc59ef155aa,2026-07-13T06:30:00Z,2026-07-13T08:30:00+0200,131.01,EUR/MWh,DK1,DK_1,day_ahead_price,value,2026-08-02T11:09:27Z
2026-08-02T11:05:08Z,2026-08-02T13:05:08+0200,b3181029-81fc-491a-b750-6dc59ef155aa,2026-07-13T06:45:00Z,2026-07-13T08:45:00+0200,127.21,EUR/MWh,DK1,DK_1,day_ahead_price,value,2026-08-02T11:09:27Z
2026-08-02T11:05:08Z,2026-08-02T13:05:08+0200,b3181029-81fc-491a-b750-6dc59ef155aa,2026-07-13T07:00:00Z,2026-07-13T09:00:00+0200,142.95,EUR/MWh,DK1,DK_1,day_ahead_price,value,2026-08-02T11:09:27Z
2026-08-02T11:05:08Z,2026-08-02T13:05:08+0200,b3181029-81fc-491a-b750-6dc59ef155aa,2026-07-13T07:15:00Z,2026-07-13T09:15:00+0200,130.13,EUR/MWh,DK1,DK_1,day_ahead_price,value,2026-08-02T11:09:27Z
2026-08-02T11:05:08Z,2026-08-02T13:05:08+0200,b3181029-81fc-491a-b750-6dc59ef155aa,2026-07-13T07:30:00Z,2026-07-13T09:30:00+0200,114.52,EUR/MWh,DK1,DK_1,day_ahead_price,value,2026-08-02T11:09:27Z
2026-08-02T11:05:08Z,2026-08-02T13:05:08+0200,b3181029-81fc-491a-b750-6dc59ef155aa,2026-07-13T07:45:00Z,2026-07-13T09:45:00+0200,102.88,EUR/MWh,DK1,DK_1,day_ahead_price,value,2026-08-02T11:09:27Z
2026-08-02T11:05:08Z,2026-08-02T13:05:08+0200,b3181029-81fc-491a-b750-6dc59ef155aa,2026-07-13T08:00:00Z,2026-07-13T10:00:00+0200,118.99,EUR/MWh,DK1,DK_1,day_ahead_price,value,2026-08-02T11:09:27Z
2026-08-02T11:05:08Z,2026-08-02T13:05:08+0200,b3181029-81fc-491a-b750-6dc59ef155aa,2026-07-13T08:15:00Z,2026-07-13T10:15:00+0200,103.64,EUR/MWh,DK1,DK_1,day_ahead_price,value,2026-08-02T11:09:27Z
2026-08-02T11:05:08Z,2026-08-02T13:05:08+0200,b3181029-81fc-491a-b750-6dc59ef155aa,2026-07-13T08:30:00Z,2026-07-13T10:30:00+0200,95.66,EUR/MWh,DK1,DK_1,day_ahead_price,value,2026-08-02T11:09:27Z
2026-08-02T11:05:08Z,2026-08-02T13:05:08+0200,b3181029-81fc-491a-b750-6dc59ef155aa,2026-07-13T08:45:00Z,2026-07-13T10:45:00+0200,81.37,EUR/MWh,DK1,DK_1,day_ahead_price,value,2026-08-02T11:09:27Z
2026-08-02T11:05:08Z,2026-08-02T13:05:08+0200,b3181029-81fc-491a-b750-6dc59ef155aa,2026-07-13T09:00:00Z,2026-07-13T11:00:00+0200,87.41,EUR/MWh,DK1,DK_1,day_ahead_price,value,2026-08-02T11:09:27Z
2026-08-02T11:05:08Z,2026-08-02T13:05:08+0200,b3181029-81fc-491a-b750-6dc59ef155aa,2026-07-13T09:15:00Z,2026-07-13T11:15:00+0200,78.66,EUR/MWh,DK1,DK_1,day_ahead_price,value,2026-08-02T11:09:27Z
2026-08-02T11:05:08Z,2026-08-02T13:05:08+0200,b3181029-81fc-491a-b750-6dc59ef155aa,2026-07-13T09:30:00Z,2026-07-13T11:30:00+0200,70.0,EUR/MWh,DK1,DK_1,day_ahead_price,value,2026-08-02T11:09:27Z
2026-08-02T11:05:08Z,2026-08-02T13:05:08+0200,b3181029-81fc-491a-b750-6dc59ef155aa,2026-07-13T09:45:00Z,2026-07-13T11:45:00+0200,59.93,EUR/MWh,DK1,DK_1,day_ahead_price,value,2026-08-02T11:09:27Z
2026-08-02T11:05:08Z,2026-08-02T13:05:08+0200,b3181029-81fc-491a-b750-6dc59ef155aa,2026-07-13T10:00:00Z,2026-07-13T12:00:00+0200,63.83,EUR/MWh,DK1,DK_1,day_ahead_price,value,2026-08-02T11:09:27Z
2026-08-02T11:05:08Z,2026-08-02T13:05:08+0200,b3181029-81fc-491a-b750-6dc59ef155aa,2026-07-13T10:15:00Z,2026-07-13T12:15:00+0200,51.74,EUR/MWh,DK1,DK_1,day_ahead_price,value,2026-08-02T11:09:27Z
2026-08-02T11:05:08Z,2026-08-02T13:05:08+0200,b3181029-81fc-491a-b750-6dc59ef155aa,2026-07-13T10:30:00Z,2026-07-13T12:30:00+0200,44.24,EUR/MWh,DK1,DK_1,day_ahead_price,value,2026-08-02T11:09:27Z
2026-08-02T11:05:08Z,2026-08-02T13:05:08+0200,b3181029-81fc-491a-b750-6dc59ef155aa,2026-07-13T10:45:00Z,2026-07-13T12:45:00+0200,41.49,EUR/MWh,DK1,DK_1,day_ahead_price,value,2026-08-02T11:09:27Z
2026-08-02T11:05:08Z,2026-08-02T13:05:08+0200,b3181029-81fc-491a-b750-6dc59ef155aa,2026-07-13T11:00:00Z,2026-07-13T13:00:00+0200,56.56,EUR/MWh,DK1,DK_1,day_ahead_price,value,2026-08-02T11:09:27Z
2026-08-02T11:05:08Z,2026-08-02T13:05:08+0200,b3181029-81fc-491a-b750-6dc59ef155aa,2026-07-13T11:15:00Z,2026-07-13T13:15:00+0200,60.17,EUR/MWh,DK1,DK_1,day_ahead_price,value,2026-08-02T11:09:27Z
2026-08-02T11:05:08Z,2026-08-02T13:05:08+0200,b3181029-81fc-491a-b750-6dc59ef155aa,2026-07-13T11:30:00Z,2026-07-13T13:30:00+0200,51.47,EUR/MWh,DK1,DK_1,day_ahead_price,value,2026-08-02T11:09:27Z
2026-08-02T11:05:08Z,2026-08-02T13:05:08+0200,b3181029-81fc-491a-b750-6dc59ef155aa,2026-07-13T11:45:00Z,2026-07-13T13:45:00+0200,55.62,EUR/MWh,DK1,DK_1,day_ahead_price,value,2026-08-02T11:09:27Z
2026-08-02T11:05:08Z,2026-08-02T13:05:08+0200,b3181029-81fc-491a-b750-6dc59ef155aa,2026-07-13T12:00:00Z,2026-07-13T14:00:00+0200,47.08,EUR/MWh,DK1,DK_1,day_ahead_price,value,2026-08-02T11:09:27Z
2026-08-02T11:05:08Z,2026-08-02T13:05:08+0200,b3181029-81fc-491a-b750-6dc59ef155aa,2026-07-13T12:15:00Z,2026-07-13T14:15:00+0200,59.1,EUR/MWh,DK1,DK_1,day_ahead_price,value,2026-08-02T11:09:27Z
2026-08-02T11:05:08Z,2026-08-02T13:05:08+0200,b3181029-81fc-491a-b750-6dc59ef155aa,2026-07-13T12:30:00Z,2026-07-13T14:30:00+0200,54.06,EUR/MWh,DK1,DK_1,day_ahead_price,value,2026-08-02T11:09:27Z
2026-08-02T11:05:08Z,2026-08-02T13:05:08+0200,b3181029-81fc-491a-b750-6dc59ef155aa,2026-07-13T12:45:00Z,2026-07-13T14:45:00+0200,60.11,EUR/MWh,DK1,DK_1,day_ahead_price,value,2026-08-02T11:09:27Z
2026-08-02T11:05:08Z,2026-08-02T13:05:08+0200,b3181029-81fc-491a-b750-6dc59ef155aa,2026-07-13T13:00:00Z,2026-07-13T15:00:00+0200,42.89,EUR/MWh,DK1,DK_1,day_ahead_price,value,2026-08-02T11:09:27Z
2026-08-02T11:05:08Z,2026-08-02T13:05:08+0200,b3181029-81fc-491a-b750-6dc59ef155aa,2026-07-13T13:15:00Z,2026-07-13T15:15:00+0200,56.1,EUR/MWh,DK1,DK_1,day_ahead_price,value,2026-08-02T11:09:27Z
2026-08-02T11:05:08Z,2026-08-02T13:05:08+0200,b3181029-81fc-491a-b750-6dc59ef155aa,2026-07-13T13:30:00Z,2026-07-13T15:30:00+0200,67.14,EUR/MWh,DK1,DK_1,day_ahead_price,value,2026-08-02T11:09:27Z
2026-08-02T11:05:08Z,2026-08-02T13:05:08+0200,b3181029-81fc-491a-b750-6dc59ef155aa,2026-07-13T13:45:00Z,2026-07-13T15:45:00+0200,83.11,EUR/MWh,DK1,DK_1,day_ahead_price,value,2026-08-02T11:09:27Z
2026-08-02T11:05:08Z,2026-08-02T13:05:08+0200,b3181029-81fc-491a-b750-6dc59ef155aa,2026-07-13T14:00:00Z,2026-07-13T16:00:00+0200,68.67,EUR/MWh,DK1,DK_1,day_ahead_price,value,2026-08-02T11:09:27Z
2026-08-02T11:05:08Z,2026-08-02T13:05:08+0200,b3181029-81fc-491a-b750-6dc59ef155aa,2026-07-13T14:15:00Z,2026-07-13T16:15:00+0200,91.46,EUR/MWh,DK1,DK_1,day_ahead_price,value,2026-08-02T11:09:27Z
2026-08-02T11:05:08Z,2026-08-02T13:05:08+0200,b3181029-81fc-491a-b750-6dc59ef155aa,2026-07-13T14:30:00Z,2026-07-13T16:30:00+0200,94.97,EUR/MWh,DK1,DK_1,day_ahead_price,value,2026-08-02T11:09:27Z
2026-08-02T11:05:08Z,2026-08-02T13:05:08+0200,b3181029-81fc-491a-b750-6dc59ef155aa,2026-07-13T14:45:00Z,2026-07-13T16:45:00+0200,106.25,EUR/MWh,DK1,DK_1,day_ahead_price,value,2026-08-02T11:09:27Z
2026-08-02T11:05:08Z,2026-08-02T13:05:08+0200,b3181029-81fc-491a-b750-6dc59ef155aa,2026-07-13T15:00:00Z,2026-07-13T17:00:00+0200,97.52,EUR/MWh,DK1,DK_1,day_ahead_price,value,2026-08-02T11:09:27Z
2026-08-02T11:05:08Z,2026-08-02T13:05:08+0200,b3181029-81fc-491a-b750-6dc59ef155aa,2026-07-13T15:15:00Z,2026-07-13T17:15:00+0200,114.65,EUR/MWh,DK1,DK_1,day_ahead_price,value,2026-08-02T11:09:27Z
2026-08-02T11:05:08Z,2026-08-02T13:05:08+0200,b3181029-81fc-491a-b750-6dc59ef155aa,2026-07-13T15:30:00Z,2026-07-13T17:30:00+0200,131.11,EUR/MWh,DK1,DK_1,day_ahead_price,value,2026-08-02T11:09:27Z
2026-08-02T11:05:08Z,2026-08-02T13:05:08+0200,b3181029-81fc-491a-b750-6dc59ef155aa,2026-07-13T15:45:00Z,2026-07-13T17:45:00+0200,138.32,EUR/MWh,DK1,DK_1,day_ahead_price,value,2026-08-02T11:09:27Z
2026-08-02T11:05:08Z,2026-08-02T13:05:08+0200,b3181029-81fc-491a-b750-6dc59ef155aa,2026-07-13T16:00:00Z,2026-07-13T18:00:00+0200,124.55,EUR/MWh,DK1,DK_1,day_ahead_price,value,2026-08-02T11:09:27Z
2026-08-02T11:05:08Z,2026-08-02T13:05:08+0200,b3181029-81fc-491a-b750-6dc59ef155aa,2026-07-13T16:15:00Z,2026-07-13T18:15:00+0200,136.09,EUR/MWh,DK1,DK_1,day_ahead_price,value,2026-08-02T11:09:27Z
2026-08-02T11:05:08Z,2026-08-02T13:05:08+0200,b3181029-81fc-491a-b750-6dc59ef155aa,2026-07-13T16:30:00Z,2026-07-13T18:30:00+0200,142.29,EUR/MWh,DK1,DK_1,day_ahead_price,value,2026-08-02T11:09:27Z
2026-08-02T11:05:08Z,2026-08-02T13:05:08+0200,b3181029-81fc-491a-b750-6dc59ef155aa,2026-07-13T16:45:00Z,2026-07-13T18:45:00+0200,150.73,EUR/MWh,DK1,DK_1,day_ahead_price,value,2026-08-02T11:09:27Z
2026-08-02T11:05:08Z,2026-08-02T13:05:08+0200,b3181029-81fc-491a-b750-6dc59ef155aa,2026-07-13T17:00:00Z,2026-07-13T19:00:00+0200,148.84,EUR/MWh,DK1,DK_1,day_ahead_price,value,2026-08-02T11:09:27Z
2026-08-02T11:05:08Z,2026-08-02T13:05:08+0200,b3181029-81fc-491a-b750-6dc59ef155aa,2026-07-13T17:15:00Z,2026-07-13T19:15:00+0200,153.0,EUR/MWh,DK1,DK_1,day_ahead_price,value,2026-08-02T11:09:27Z
2026-08-02T11:05:08Z,2026-08-02T13:05:08+0200,b3181029-81fc-491a-b750-6dc59ef155aa,2026-07-13T17:30:00Z,2026-07-13T19:30:00+0200,165.94,EUR/MWh,DK1,DK_1,day_ahead_price,value,2026-08-02T11:09:27Z
2026-08-02T11:05:08Z,2026-08-02T13:05:08+0200,b3181029-81fc-491a-b750-6dc59ef155aa,2026-07-13T17:45:00Z,2026-07-13T19:45:00+0200,194.29,EUR/MWh,DK1,DK_1,day_ahead_price,value,2026-08-02T11:09:27Z
2026-08-02T11:05:08Z,2026-08-02T13:05:08+0200,b3181029-81fc-491a-b750-6dc59ef155aa,2026-07-13T18:00:00Z,2026-07-13T20:00:00+0200,183.68,EUR/MWh,DK1,DK_1,day_ahead_price,value,2026-08-02T11:09:27Z
2026-08-02T11:05:08Z,2026-08-02T13:05:08+0200,b3181029-81fc-491a-b750-6dc59ef155aa,2026-07-13T18:15:00Z,2026-07-13T20:15:00+0200,184.47,EUR/MWh,DK1,DK_1,day_ahead_price,value,2026-08-02T11:09:27Z
2026-08-02T11:05:08Z,2026-08-02T13:05:08+0200,b3181029-81fc-491a-b750-6dc59ef155aa,2026-07-13T18:30:00Z,2026-07-13T20:30:00+0200,181.89,EUR/MWh,DK1,DK_1,day_ahead_price,value,2026-08-02T11:09:27Z
2026-08-02T11:05:08Z,2026-08-02T13:05:08+0200,b3181029-81fc-491a-b750-6dc59ef155aa,2026-07-13T18:45:00Z,2026-07-13T20:45:00+0200,180.2,EUR/MWh,DK1,DK_1,day_ahead_price,value,2026-08-02T11:09:27Z
2026-08-02T11:05:08Z,2026-08-02T13:05:08+0200,b3181029-81fc-491a-b750-6dc59ef155aa,2026-07-13T19:00:00Z,2026-07-13T21:00:00+0200,181.31,EUR/MWh,DK1,DK_1,day_ahead_price,value,2026-08-02T11:09:27Z
2026-08-02T11:05:08Z,2026-08-02T13:05:08+0200,b3181029-81fc-491a-b750-6dc59ef155aa,2026-07-13T19:15:00Z,2026-07-13T21:15:00+0200,177.39,EUR/MWh,DK1,DK_1,day_ahead_price,value,2026-08-02T11:09:27Z
2026-08-02T11:05:08Z,2026-08-02T13:05:08+0200,b3181029-81fc-491a-b750-6dc59ef155aa,2026-07-13T19:30:00Z,2026-07-13T21:30:00+0200,163.0,EUR/MWh,DK1,DK_1,day_ahead_price,value,2026-08-02T11:09:27Z
2026-08-02T11:05:08Z,2026-08-02T13:05:08+0200,b3181029-81fc-491a-b750-6dc59ef155aa,2026-07-13T19:45:00Z,2026-07-13T21:45:00+0200,153.31,EUR/MWh,DK1,DK_1,day_ahead_price,value,2026-08-02T11:09:27Z
2026-08-02T11:05:08Z,2026-08-02T13:05:08+0200,b3181029-81fc-491a-b750-6dc59ef155aa,2026-07-13T20:00:00Z,2026-07-13T22:00:00+0200,172.84,EUR/MWh,DK1,DK_1,day_ahead_price,value,2026-08-02T11:09:27Z
2026-08-02T11:05:08Z,2026-08-02T13:05:08+0200,b3181029-81fc-491a-b750-6dc59ef155aa,2026-07-13T20:15:00Z,2026-07-13T22:15:00+0200,155.98,EUR/MWh,DK1,DK_1,day_ahead_price,value,2026-08-02T11:09:27Z
2026-08-02T11:05:08Z,2026-08-02T13:05:08+0200,b3181029-81fc-491a-b750-6dc59ef155aa,2026-07-13T20:30:00Z,2026-07-13T22:30:00+0200,157.0,EUR/MWh,DK1,DK_1,day_ahead_price,value,2026-08-02T11:09:27Z
2026-08-02T11:05:08Z,2026-08-02T13:05:08+0200,b3181029-81fc-491a-b750-6dc59ef155aa,2026-07-13T20:45:00Z,2026-07-13T22:45:00+0200,150.47,EUR/MWh,DK1,DK_1,day_ahead_price,value,2026-08-02T11:09:27Z
2026-08-02T11:05:08Z,2026-08-02T13:05:08+0200,b3181029-81fc-491a-b750-6dc59ef155aa,2026-07-13T21:00:00Z,2026-07-13T23:00:00+0200,149.85,EUR/MWh,DK1,DK_1,day_ahead_price,value,2026-08-02T11:09:27Z
2026-08-02T11:05:08Z,2026-08-02T13:05:08+0200,b3181029-81fc-491a-b750-6dc59ef155aa,2026-07-13T21:15:00Z,2026-07-13T23:15:00+0200,144.55,EUR/MWh,DK1,DK_1,day_ahead_price,value,2026-08-02T11:09:27Z
2026-08-02T11:05:08Z,2026-08-02T13:05:08+0200,b3181029-81fc-491a-b750-6dc59ef155aa,2026-07-13T21:30:00Z,2026-07-13T23:30:00+0200,142.79,EUR/MWh,DK1,DK_1,day_ahead_price,value,2026-08-02T11:09:27Z
2026-08-02T11:05:08Z,2026-08-02T13:05:08+0200,b3181029-81fc-491a-b750-6dc59ef155aa,2026-07-13T21:45:00Z,2026-07-13T23:45:00+0200,138.99,EUR/MWh,DK1,DK_1,day_ahead_price,value,2026-08-02T11:09:27Z
2026-08-02T11:05:08Z,2026-08-02T13:05:08+0200,b3181029-81fc-491a-b750-6dc59ef155aa,2026-07-13T22:00:00Z,2026-07-14T00:00:00+0200,148.28,EUR/MWh,DK1,DK_1,day_ahead_price,value,2026-08-02T11:09:27Z
2026-08-02T11:05:08Z,2026-08-02T13:05:08+0200,b3181029-81fc-491a-b750-6dc59ef155aa,2026-07-13T22:15:00Z,2026-07-14T00:15:00+0200,141.12,EUR/MWh,DK1,DK_1,day_ahead_price,value,2026-08-02T11:09:27Z
2026-08-02T11:05:08Z,2026-08-02T13:05:08+0200,b3181029-81fc-491a-b750-6dc59ef155aa,2026-07-13T22:30:00Z,2026-07-14T00:30:00+0200,137.03,EUR/MWh,DK1,DK_1,day_ahead_price,value,2026-08-02T11:09:27Z
2026-08-02T11:05:08Z,2026-08-02T13:05:08+0200,b3181029-81fc-491a-b750-6dc59ef155aa,2026-07-13T22:45:00Z,2026-07-14T00:45:00+0200,131.91,EUR/MWh,DK1,DK_1,day_ahead_price,value,2026-08-02T11:09:27Z
2026-08-02T11:05:08Z,2026-08-02T13:05:08+0200,b3181029-81fc-491a-b750-6dc59ef155aa,2026-07-13T23:00:00Z,2026-07-14T01:00:00+0200,138.79,EUR/MWh,DK1,DK_1,day_ahead_price,value,2026-08-02T11:09:27Z
2026-08-02T11:05:08Z,2026-08-02T13:05:08+0200,b3181029-81fc-491a-b750-6dc59ef155aa,2026-07-13T23:15:00Z,2026-07-14T01:15:00+0200,134.5,EUR/MWh,DK1,DK_1,day_ahead_price,value,2026-08-02T11:09:27Z
2026-08-02T11:05:08Z,2026-08-02T13:05:08+0200,b3181029-81fc-491a-b750-6dc59ef155aa,2026-07-13T23:30:00Z,2026-07-14T01:30:00+0200,132.99,EUR/MWh,DK1,DK_1,day_ahead_price,value,2026-08-02T11:09:27Z
2026-08-02T11:05:08Z,2026-08-02T13:05:08+0200,b3181029-81fc-491a-b750-6dc59ef155aa,2026-07-13T23:45:00Z,2026-07-14T01:45:00+0200,129.27,EUR/MWh,DK1,DK_1,day_ahead_price,value,2026-08-02T11:09:27Z
2026-08-02T11:05:08Z,2026-08-02T13:05:08+0200,b3181029-81fc-491a-b750-6dc59ef155aa,2026-07-14T00:00:00Z,2026-07-14T02:00:00+0200,129.55,EUR/MWh,DK1,DK_1,day_ahead_price,value,2026-08-02T11:09:27Z
2026-08-02T11:05:08Z,2026-08-02T13:05:08+0200,b3181029-81fc-491a-b750-6dc59ef155aa,2026-07-14T00:15:00Z,2026-07-14T02:15:00+0200,126.71,EUR/MWh,DK1,DK_1,day_ahead_price,value,2026-08-02T11:09:27Z
2026-08-02T11:05:08Z,2026-08-02T13:05:08+0200,b3181029-81fc-491a-b750-6dc59ef155aa,2026-07-14T00:30:00Z,2026-07-14T02:30:00+0200,127.44,EUR/MWh,DK1,DK_1,day_ahead_price,value,2026-08-02T11:09:27Z
2026-08-02T11:05:08Z,2026-08-02T13:05:08+0200,b3181029-81fc-491a-b750-6dc59ef155aa,2026-07-14T00:45:00Z,2026-07-14T02:45:00+0200,125.7,EUR/MWh,DK1,DK_1,day_ahead_price,value,2026-08-02T11:09:27Z
2026-08-02T11:05:08Z,2026-08-02T13:05:08+0200,b3181029-81fc-491a-b750-6dc59ef155aa,2026-07-14T01:00:00Z,2026-07-14T03:00:00+0200,128.0,EUR/MWh,DK1,DK_1,day_ahead_price,value,2026-08-02T11:09:27Z
2026-08-02T11:05:08Z,2026-08-02T13:05:08+0200,b3181029-81fc-491a-b750-6dc59ef155aa,2026-07-14T01:15:00Z,2026-07-14T03:15:00+0200,127.28,EUR/MWh,DK1,DK_1,day_ahead_price,value,2026-08-02T11:09:27Z
2026-08-02T11:05:08Z,2026-08-02T13:05:08+0200,b3181029-81fc-491a-b750-6dc59ef155aa,2026-07-14T01:30:00Z,2026-07-14T03:30:00+0200,127.09,EUR/MWh,DK1,DK_1,day_ahead_price,value,2026-08-02T11:09:27Z
2026-08-02T11:05:08Z,2026-08-02T13:05:08+0200,b3181029-81fc-491a-b750-6dc59ef155aa,2026-07-14T01:45:00Z,2026-07-14T03:45:00+0200,126.5,EUR/MWh,DK1,DK_1,day_ahead_price,value,2026-08-02T11:09:27Z
2026-08-02T11:05:08Z,2026-08-02T13:05:08+0200,b3181029-81fc-491a-b750-6dc59ef155aa,2026-07-14T02:00:00Z,2026-07-14T04:00:00+0200,125.62,EUR/MWh,DK1,DK_1,day_ahead_price,value,2026-08-02T11:09:27Z
2026-08-02T11:05:08Z,2026-08-02T13:05:08+0200,b3181029-81fc-491a-b750-6dc59ef155aa,2026-07-14T02:15:00Z,2026-07-14T04:15:00+0200,125.87,EUR/MWh,DK1,DK_1,day_ahead_price,value,2026-08-02T11:09:27Z
2026-08-02T11:05:08Z,2026-08-02T13:05:08+0200,b3181029-81fc-491a-b750-6dc59ef155aa,2026-07-14T02:30:00Z,2026-07-14T04:30:00+0200,128.23,EUR/MWh,DK1,DK_1,day_ahead_price,value,2026-08-02T11:09:27Z
2026-08-02T11:05:08Z,2026-08-02T13:05:08+0200,b3181029-81fc-491a-b750-6dc59ef155aa,2026-07-14T02:45:00Z,2026-07-14T04:45:00+0200,130.88,EUR/MWh,DK1,DK_1,day_ahead_price,value,2026-08-02T11:09:27Z
2026-08-02T11:05:08Z,2026-08-02T13:05:08+0200,b3181029-81fc-491a-b750-6dc59ef155aa,2026-07-14T03:00:00Z,2026-07-14T05:00:00+0200,130.27,EUR/MWh,DK1,DK_1,day_ahead_price,value,2026-08-02T11:09:27Z
2026-08-02T11:05:08Z,2026-08-02T13:05:08+0200,b3181029-81fc-491a-b750-6dc59ef155aa,2026-07-14T03:15:00Z,2026-07-14T05:15:00+0200,133.28,EUR/MWh,DK1,DK_1,day_ahead_price,value,2026-08-02T11:09:27Z
2026-08-02T11:05:08Z,2026-08-02T13:05:08+0200,b3181029-81fc-491a-b750-6dc59ef155aa,2026-07-14T03:30:00Z,2026-07-14T05:30:00+0200,136.93,EUR/MWh,DK1,DK_1,day_ahead_price,value,2026-08-02T11:09:27Z
2026-08-02T11:05:08Z,2026-08-02T13:05:08+0200,b3181029-81fc-491a-b750-6dc59ef155aa,2026-07-14T03:45:00Z,2026-07-14T05:45:00+0200,139.6,EUR/MWh,DK1,DK_1,day_ahead_price,value,2026-08-02T11:09:27Z
2026-08-02T11:05:08Z,2026-08-02T13:05:08+0200,b3181029-81fc-491a-b750-6dc59ef155aa,2026-07-14T04:00:00Z,2026-07-14T06:00:00+0200,145.03,EUR/MWh,DK1,DK_1,day_ahead_price,value,2026-08-02T11:09:27Z
2026-08-02T11:05:08Z,2026-08-02T13:05:08+0200,b3181029-81fc-491a-b750-6dc59ef155aa,2026-07-14T04:15:00Z,2026-07-14T06:15:00+0200,143.25,EUR/MWh,DK1,DK_1,day_ahead_price,value,2026-08-02T11:09:27Z
2026-08-02T11:05:08Z,2026-08-02T13:05:08+0200,b3181029-81fc-491a-b750-6dc59ef155aa,2026-07-14T04:30:00Z,2026-07-14T06:30:00+0200,148.8,EUR/MWh,DK1,DK_1,day_ahead_price,value,2026-08-02T11:09:27Z
2026-08-02T11:05:08Z,2026-08-02T13:05:08+0200,b3181029-81fc-491a-b750-6dc59ef155aa,2026-07-14T04:45:00Z,2026-07-14T06:45:00+0200,147.25,EUR/MWh,DK1,DK_1,day_ahead_price,value,2026-08-02T11:09:27Z
2026-08-02T11:05:08Z,2026-08-02T13:05:08+0200,b3181029-81fc-491a-b750-6dc59ef155aa,2026-07-14T05:00:00Z,2026-07-14T07:00:00+0200,154.09,EUR/MWh,DK1,DK_1,day_ahead_price,value,2026-08-02T11:09:27Z
2026-08-02T11:05:08Z,2026-08-02T13:05:08+0200,b3181029-81fc-491a-b750-6dc59ef155aa,2026-07-14T05:15:00Z,2026-07-14T07:15:00+0200,151.92,EUR/MWh,DK1,DK_1,day_ahead_price,value,2026-08-02T11:09:27Z
2026-08-02T11:05:08Z,2026-08-02T13:05:08+0200,b3181029-81fc-491a-b750-6dc59ef155aa,2026-07-14T05:30:00Z,2026-07-14T07:30:00+0200,150.54,EUR/MWh,DK1,DK_1,day_ahead_price,value,2026-08-02T11:09:27Z
2026-08-02T11:05:08Z,2026-08-02T13:05:08+0200,b3181029-81fc-491a-b750-6dc59ef155aa,2026-07-14T05:45:00Z,2026-07-14T07:45:00+0200,143.55,EUR/MWh,DK1,DK_1,day_ahead_price,value,2026-08-02T11:09:27Z
2026-08-02T11:05:08Z,2026-08-02T13:05:08+0200,b3181029-81fc-491a-b750-6dc59ef155aa,2026-07-14T06:00:00Z,2026-07-14T08:00:00+0200,148.37,EUR/MWh,DK1,DK_1,day_ahead_price,value,2026-08-02T11:09:27Z
2026-08-02T11:05:08Z,2026-08-02T13:05:08+0200,b3181029-81fc-491a-b750-6dc59ef155aa,2026-07-14T06:15:00Z,2026-07-14T08:15:00+0200,140.31,EUR/MWh,DK1,DK_1,day_ahead_price,value,2026-08-02T11:09:27Z
2026-08-02T11:05:08Z,2026-08-02T13:05:08+0200,b3181029-81fc-491a-b750-6dc59ef155aa,2026-07-14T06:30:00Z,2026-07-14T08:30:00+0200,132.08,EUR/MWh,DK1,DK_1,day_ahead_price,value,2026-08-02T11:09:27Z
2026-08-02T11:05:08Z,2026-08-02T13:05:08+0200,b3181029-81fc-491a-b750-6dc59ef155aa,2026-07-14T06:45:00Z,2026-07-14T08:45:00+0200,121.59,EUR/MWh,DK1,DK_1,day_ahead_price,value,2026-08-02T11:09:27Z
2026-08-02T11:05:08Z,2026-08-02T13:05:08+0200,b3181029-81fc-491a-b750-6dc59ef155aa,2026-07-14T07:00:00Z,2026-07-14T09:00:00+0200,135.25,EUR/MWh,DK1,DK_1,day_ahead_price,value,2026-08-02T11:09:27Z
2026-08-02T11:05:08Z,2026-08-02T13:05:08+0200,b3181029-81fc-491a-b750-6dc59ef155aa,2026-07-14T07:15:00Z,2026-07-14T09:15:00+0200,125.04,EUR/MWh,DK1,DK_1,day_ahead_price,value,2026-08-02T11:09:27Z
2026-08-02T11:05:08Z,2026-08-02T13:05:08+0200,b3181029-81fc-491a-b750-6dc59ef155aa,2026-07-14T07:30:00Z,2026-07-14T09:30:00+0200,116.26,EUR/MWh,DK1,DK_1,day_ahead_price,value,2026-08-02T11:09:27Z
2026-08-02T11:05:08Z,2026-08-02T13:05:08+0200,b3181029-81fc-491a-b750-6dc59ef155aa,2026-07-14T07:45:00Z,2026-07-14T09:45:00+0200,110.37,EUR/MWh,DK1,DK_1,day_ahead_price,value,2026-08-02T11:09:27Z
2026-08-02T11:05:08Z,2026-08-02T13:05:08+0200,b3181029-81fc-491a-b750-6dc59ef155aa,2026-07-14T08:00:00Z,2026-07-14T10:00:00+0200,122.59,EUR/MWh,DK1,DK_1,day_ahead_price,value,2026-08-02T11:09:27Z
2026-08-02T11:05:08Z,2026-08-02T13:05:08+0200,b3181029-81fc-491a-b750-6dc59ef155aa,2026-07-14T08:15:00Z,2026-07-14T10:15:00+0200,106.95,EUR/MWh,DK1,DK_1,day_ahead_price,value,2026-08-02T11:09:27Z
2026-08-02T11:05:08Z,2026-08-02T13:05:08+0200,b3181029-81fc-491a-b750-6dc59ef155aa,2026-07-14T08:30:00Z,2026-07-14T10:30:00+0200,102.73,EUR/MWh,DK1,DK_1,day_ahead_price,value,2026-08-02T11:09:27Z
2026-08-02T11:05:08Z,2026-08-02T13:05:08+0200,b3181029-81fc-491a-b750-6dc59ef155aa,2026-07-14T08:45:00Z,2026-07-14T10:45:00+0200,95.13,EUR/MWh,DK1,DK_1,day_ahead_price,value,2026-08-02T11:09:27Z
2026-08-02T11:05:08Z,2026-08-02T13:05:08+0200,b3181029-81fc-491a-b750-6dc59ef155aa,2026-07-14T09:00:00Z,2026-07-14T11:00:00+0200,100.65,EUR/MWh,DK1,DK_1,day_ahead_price,value,2026-08-02T11:09:27Z
2026-08-02T11:05:08Z,2026-08-02T13:05:08+0200,b3181029-81fc-491a-b750-6dc59ef155aa,2026-07-14T09:15:00Z,2026-07-14T11:15:00+0200,95.91,EUR/MWh,DK1,DK_1,day_ahead_price,value,2026-08-02T11:09:27Z
2026-08-02T11:05:08Z,2026-08-02T13:05:08+0200,b3181029-81fc-491a-b750-6dc59ef155aa,2026-07-14T09:30:00Z,2026-07-14T11:30:00+0200,89.68,EUR/MWh,DK1,DK_1,day_ahead_price,value,2026-08-02T11:09:27Z
2026-08-02T11:05:08Z,2026-08-02T13:05:08+0200,b3181029-81fc-491a-b750-6dc59ef155aa,2026-07-14T09:45:00Z,2026-07-14T11:45:00+0200,66.33,EUR/MWh,DK1,DK_1,day_ahead_price,value,2026-08-02T11:09:27Z
2026-08-02T11:05:08Z,2026-08-02T13:05:08+0200,b3181029-81fc-491a-b750-6dc59ef155aa,2026-07-14T10:00:00Z,2026-07-14T12:00:00+0200,77.78,EUR/MWh,DK1,DK_1,day_ahead_price,value,2026-08-02T11:09:27Z
2026-08-02T11:05:08Z,2026-08-02T13:05:08+0200,b3181029-81fc-491a-b750-6dc59ef155aa,2026-07-14T10:15:00Z,2026-07-14T12:15:00+0200,61.26,EUR/MWh,DK1,DK_1,day_ahead_price,value,2026-08-02T11:09:27Z
2026-08-02T11:05:08Z,2026-08-02T13:05:08+0200,b3181029-81fc-491a-b750-6dc59ef155aa,2026-07-14T10:30:00Z,2026-07-14T12:30:00+0200,54.47,EUR/MWh,DK1,DK_1,day_ahead_price,value,2026-08-02T11:09:27Z
2026-08-02T11:05:08Z,2026-08-02T13:05:08+0200,b3181029-81fc-491a-b750-6dc59ef155aa,2026-07-14T10:45:00Z,2026-07-14T12:45:00+0200,46.25,EUR/MWh,DK1,DK_1,day_ahead_price,value,2026-08-02T11:09:27Z
2026-08-02T11:05:08Z,2026-08-02T13:05:08+0200,b3181029-81fc-491a-b750-6dc59ef155aa,2026-07-14T11:00:00Z,2026-07-14T13:00:00+0200,50.38,EUR/MWh,DK1,DK_1,day_ahead_price,value,2026-08-02T11:09:27Z
2026-08-02T11:05:08Z,2026-08-02T13:05:08+0200,b3181029-81fc-491a-b750-6dc59ef155aa,2026-07-14T11:15:00Z,2026-07-14T13:15:00+0200,48.82,EUR/MWh,DK1,DK_1,day_ahead_price,value,2026-08-02T11:09:27Z
2026-08-02T11:05:08Z,2026-08-02T13:05:08+0200,b3181029-81fc-491a-b750-6dc59ef155aa,2026-07-14T11:30:00Z,2026-07-14T13:30:00+0200,47.41,EUR/MWh,DK1,DK_1,day_ahead_price,value,2026-08-02T11:09:27Z
2026-08-02T11:05:08Z,2026-08-02T13:05:08+0200,b3181029-81fc-491a-b750-6dc59ef155aa,2026-07-14T11:45:00Z,2026-07-14T13:45:00+0200,41.06,EUR/MWh,DK1,DK_1,day_ahead_price,value,2026-08-02T11:09:27Z
2026-08-02T11:05:08Z,2026-08-02T13:05:08+0200,b3181029-81fc-491a-b750-6dc59ef155aa,2026-07-14T12:00:00Z,2026-07-14T14:00:00+0200,43.55,EUR/MWh,DK1,DK_1,day_ahead_price,value,2026-08-02T11:09:27Z
2026-08-02T11:05:08Z,2026-08-02T13:05:08+0200,b3181029-81fc-491a-b750-6dc59ef155aa,2026-07-14T12:15:00Z,2026-07-14T14:15:00+0200,49.62,EUR/MWh,DK1,DK_1,day_ahead_price,value,2026-08-02T11:09:27Z
2026-08-02T11:05:08Z,2026-08-02T13:05:08+0200,b3181029-81fc-491a-b750-6dc59ef155aa,2026-07-14T12:30:00Z,2026-07-14T14:30:00+0200,53.93,EUR/MWh,DK1,DK_1,day_ahead_price,value,2026-08-02T11:09:27Z
2026-08-02T11:05:08Z,2026-08-02T13:05:08+0200,b3181029-81fc-491a-b750-6dc59ef155aa,2026-07-14T12:45:00Z,2026-07-14T14:45:00+0200,61.08,EUR/MWh,DK1,DK_1,day_ahead_price,value,2026-08-02T11:09:27Z
2026-08-02T11:05:08Z,2026-08-02T13:05:08+0200,b3181029-81fc-491a-b750-6dc59ef155aa,2026-07-14T13:00:00Z,2026-07-14T15:00:00+0200,48.81,EUR/MWh,DK1,DK_1,day_ahead_price,value,2026-08-02T11:09:27Z
2026-08-02T11:05:08Z,2026-08-02T13:05:08+0200,b3181029-81fc-491a-b750-6dc59ef155aa,2026-07-14T13:15:00Z,2026-07-14T15:15:00+0200,60.05,EUR/MWh,DK1,DK_1,day_ahead_price,value,2026-08-02T11:09:27Z
2026-08-02T11:05:08Z,2026-08-02T13:05:08+0200,b3181029-81fc-491a-b750-6dc59ef155aa,2026-07-14T13:30:00Z,2026-07-14T15:30:00+0200,70.02,EUR/MWh,DK1,DK_1,day_ahead_price,value,2026-08-02T11:09:27Z
2026-08-02T11:05:08Z,2026-08-02T13:05:08+0200,b3181029-81fc-491a-b750-6dc59ef155aa,2026-07-14T13:45:00Z,2026-07-14T15:45:00+0200,80.52,EUR/MWh,DK1,DK_1,day_ahead_price,value,2026-08-02T11:09:27Z
2026-08-02T11:05:08Z,2026-08-02T13:05:08+0200,b3181029-81fc-491a-b750-6dc59ef155aa,2026-07-14T14:00:00Z,2026-07-14T16:00:00+0200,67.85,EUR/MWh,DK1,DK_1,day_ahead_price,value,2026-08-02T11:09:27Z
2026-08-02T11:05:08Z,2026-08-02T13:05:08+0200,b3181029-81fc-491a-b750-6dc59ef155aa,2026-07-14T14:15:00Z,2026-07-14T16:15:00+0200,89.13,EUR/MWh,DK1,DK_1,day_ahead_price,value,2026-08-02T11:09:27Z
2026-08-02T11:05:08Z,2026-08-02T13:05:08+0200,b3181029-81fc-491a-b750-6dc59ef155aa,2026-07-14T14:30:00Z,2026-07-14T16:30:00+0200,102.05,EUR/MWh,DK1,DK_1,day_ahead_price,value,2026-08-02T11:09:27Z
2026-08-02T11:05:08Z,2026-08-02T13:05:08+0200,b3181029-81fc-491a-b750-6dc59ef155aa,2026-07-14T14:45:00Z,2026-07-14T16:45:00+0200,104.95,EUR/MWh,DK1,DK_1,day_ahead_price,value,2026-08-02T11:09:27Z
2026-08-02T11:05:08Z,2026-08-02T13:05:08+0200,b3181029-81fc-491a-b750-6dc59ef155aa,2026-07-14T15:00:00Z,2026-07-14T17:00:00+0200,104.31,EUR/MWh,DK1,DK_1,day_ahead_price,value,2026-08-02T11:09:27Z
2026-08-02T11:05:08Z,2026-08-02T13:05:08+0200,b3181029-81fc-491a-b750-6dc59ef155aa,2026-07-14T15:15:00Z,2026-07-14T17:15:00+0200,108.65,EUR/MWh,DK1,DK_1,day_ahead_price,value,2026-08-02T11:09:27Z
2026-08-02T11:05:08Z,2026-08-02T13:05:08+0200,b3181029-81fc-491a-b750-6dc59ef155aa,2026-07-14T15:30:00Z,2026-07-14T17:30:00+0200,121.86,EUR/MWh,DK1,DK_1,day_ahead_price,value,2026-08-02T11:09:27Z
2026-08-02T11:05:08Z,2026-08-02T13:05:08+0200,b3181029-81fc-491a-b750-6dc59ef155aa,2026-07-14T15:45:00Z,2026-07-14T17:45:00+0200,127.92,EUR/MWh,DK1,DK_1,day_ahead_price,value,2026-08-02T11:09:27Z
2026-08-02T11:05:08Z,2026-08-02T13:05:08+0200,b3181029-81fc-491a-b750-6dc59ef155aa,2026-07-14T16:00:00Z,2026-07-14T18:00:00+0200,123.41,EUR/MWh,DK1,DK_1,day_ahead_price,value,2026-08-02T11:09:27Z
2026-08-02T11:05:08Z,2026-08-02T13:05:08+0200,b3181029-81fc-491a-b750-6dc59ef155aa,2026-07-14T16:15:00Z,2026-07-14T18:15:00+0200,129.47,EUR/MWh,DK1,DK_1,day_ahead_price,value,2026-08-02T11:09:27Z
2026-08-02T11:05:08Z,2026-08-02T13:05:08+0200,b3181029-81fc-491a-b750-6dc59ef155aa,2026-07-14T16:30:00Z,2026-07-14T18:30:00+0200,139.44,EUR/MWh,DK1,DK_1,day_ahead_price,value,2026-08-02T11:09:27Z
2026-08-02T11:05:08Z,2026-08-02T13:05:08+0200,b3181029-81fc-491a-b750-6dc59ef155aa,2026-07-14T16:45:00Z,2026-07-14T18:45:00+0200,153.77,EUR/MWh,DK1,DK_1,day_ahead_price,value,2026-08-02T11:09:27Z
2026-08-02T11:05:08Z,2026-08-02T13:05:08+0200,b3181029-81fc-491a-b750-6dc59ef155aa,2026-07-14T17:00:00Z,2026-07-14T19:00:00+0200,141.72,EUR/MWh,DK1,DK_1,day_ahead_price,value,2026-08-02T11:09:27Z
2026-08-02T11:05:08Z,2026-08-02T13:05:08+0200,b3181029-81fc-491a-b750-6dc59ef155aa,2026-07-14T17:15:00Z,2026-07-14T19:15:00+0200,150.7,EUR/MWh,DK1,DK_1,day_ahead_price,value,2026-08-02T11:09:27Z
2026-08-02T11:05:08Z,2026-08-02T13:05:08+0200,b3181029-81fc-491a-b750-6dc59ef155aa,2026-07-14T17:30:00Z,2026-07-14T19:30:00+0200,161.91,EUR/MWh,DK1,DK_1,day_ahead_price,value,2026-08-02T11:09:27Z
2026-08-02T11:05:08Z,2026-08-02T13:05:08+0200,b3181029-81fc-491a-b750-6dc59ef155aa,2026-07-14T17:45:00Z,2026-07-14T19:45:00+0200,177.75,EUR/MWh,DK1,DK_1,day_ahead_price,value,2026-08-02T11:09:27Z
2026-08-02T11:05:08Z,2026-08-02T13:05:08+0200,b3181029-81fc-491a-b750-6dc59ef155aa,2026-07-14T18:00:00Z,2026-07-14T20:00:00+0200,174.5,EUR/MWh,DK1,DK_1,day_ahead_price,value,2026-08-02T11:09:27Z
2026-08-02T11:05:08Z,2026-08-02T13:05:08+0200,b3181029-81fc-491a-b750-6dc59ef155aa,2026-07-14T18:15:00Z,2026-07-14T20:15:00+0200,180.83,EUR/MWh,DK1,DK_1,day_ahead_price,value,2026-08-02T11:09:27Z
2026-08-02T11:05:08Z,2026-08-02T13:05:08+0200,b3181029-81fc-491a-b750-6dc59ef155aa,2026-07-14T18:30:00Z,2026-07-14T20:30:00+0200,184.48,EUR/MWh,DK1,DK_1,day_ahead_price,value,2026-08-02T11:09:27Z
2026-08-02T11:05:08Z,2026-08-02T13:05:08+0200,b3181029-81fc-491a-b750-6dc59ef155aa,2026-07-14T18:45:00Z,2026-07-14T20:45:00+0200,185.43,EUR/MWh,DK1,DK_1,day_ahead_price,value,2026-08-02T11:09:27Z
2026-08-02T11:05:08Z,2026-08-02T13:05:08+0200,b3181029-81fc-491a-b750-6dc59ef155aa,2026-07-14T19:00:00Z,2026-07-14T21:00:00+0200,180.85,EUR/MWh,DK1,DK_1,day_ahead_price,value,2026-08-02T11:09:27Z
2026-08-02T11:05:08Z,2026-08-02T13:05:08+0200,b3181029-81fc-491a-b750-6dc59ef155aa,2026-07-14T19:15:00Z,2026-07-14T21:15:00+0200,174.32,EUR/MWh,DK1,DK_1,day_ahead_price,value,2026-08-02T11:09:27Z
2026-08-02T11:05:08Z,2026-08-02T13:05:08+0200,b3181029-81fc-491a-b750-6dc59ef155aa,2026-07-14T19:30:00Z,2026-07-14T21:30:00+0200,174.02,EUR/MWh,DK1,DK_1,day_ahead_price,value,2026-08-02T11:09:27Z
2026-08-02T11:05:08Z,2026-08-02T13:05:08+0200,b3181029-81fc-491a-b750-6dc59ef155aa,2026-07-14T19:45:00Z,2026-07-14T21:45:00+0200,171.96,EUR/MWh,DK1,DK_1,day_ahead_price,value,2026-08-02T11:09:27Z
2026-08-02T11:05:08Z,2026-08-02T13:05:08+0200,b3181029-81fc-491a-b750-6dc59ef155aa,2026-07-14T20:00:00Z,2026-07-14T22:00:00+0200,178.44,EUR/MWh,DK1,DK_1,day_ahead_price,value,2026-08-02T11:09:27Z
2026-08-02T11:05:08Z,2026-08-02T13:05:08+0200,b3181029-81fc-491a-b750-6dc59ef155aa,2026-07-14T20:15:00Z,2026-07-14T22:15:00+0200,170.58,EUR/MWh,DK1,DK_1,day_ahead_price,value,2026-08-02T11:09:27Z
2026-08-02T11:05:08Z,2026-08-02T13:05:08+0200,b3181029-81fc-491a-b750-6dc59ef155aa,2026-07-14T20:30:00Z,2026-07-14T22:30:00+0200,167.11,EUR/MWh,DK1,DK_1,day_ahead_price,value,2026-08-02T11:09:27Z
2026-08-02T11:05:08Z,2026-08-02T13:05:08+0200,b3181029-81fc-491a-b750-6dc59ef155aa,2026-07-14T20:45:00Z,2026-07-14T22:45:00+0200,158.93,EUR/MWh,DK1,DK_1,day_ahead_price,value,2026-08-02T11:09:27Z
2026-08-02T11:05:08Z,2026-08-02T13:05:08+0200,b3181029-81fc-491a-b750-6dc59ef155aa,2026-07-14T21:00:00Z,2026-07-14T23:00:00+0200,158.51,EUR/MWh,DK1,DK_1,day_ahead_price,value,2026-08-02T11:09:27Z
2026-08-02T11:05:08Z,2026-08-02T13:05:08+0200,b3181029-81fc-491a-b750-6dc59ef155aa,2026-07-14T21:15:00Z,2026-07-14T23:15:00+0200,153.0,EUR/MWh,DK1,DK_1,day_ahead_price,value,2026-08-02T11:09:27Z
2026-08-02T11:05:08Z,2026-08-02T13:05:08+0200,b3181029-81fc-491a-b750-6dc59ef155aa,2026-07-14T21:30:00Z,2026-07-14T23:30:00+0200,150.31,EUR/MWh,DK1,DK_1,day_ahead_price,value,2026-08-02T11:09:27Z
2026-08-02T11:05:08Z,2026-08-02T13:05:08+0200,b3181029-81fc-491a-b750-6dc59ef155aa,2026-07-14T21:45:00Z,2026-07-14T23:45:00+0200,144.26,EUR/MWh,DK1,DK_1,day_ahead_price,value,2026-08-02T11:09:27Z
2026-08-02T11:05:08Z,2026-08-02T13:05:08+0200,b3181029-81fc-491a-b750-6dc59ef155aa,2026-07-14T22:00:00Z,2026-07-15T00:00:00+0200,158.34,EUR/MWh,DK1,DK_1,day_ahead_price,value,2026-08-02T11:09:27Z
2026-08-02T11:05:08Z,2026-08-02T13:05:08+0200,b3181029-81fc-491a-b750-6dc59ef155aa,2026-07-14T22:15:00Z,2026-07-15T00:15:00+0200,154.5,EUR/MWh,DK1,DK_1,day_ahead_price,value,2026-08-02T11:09:27Z
2026-08-02T11:05:08Z,2026-08-02T13:05:08+0200,b3181029-81fc-491a-b750-6dc59ef155aa,2026-07-14T22:30:00Z,2026-07-15T00:30:00+0200,154.19,EUR/MWh,DK1,DK_1,day_ahead_price,value,2026-08-02T11:09:27Z
2026-08-02T11:05:08Z,2026-08-02T13:05:08+0200,b3181029-81fc-491a-b750-6dc59ef155aa,2026-07-14T22:45:00Z,2026-07-15T00:45:00+0200,146.62,EUR/MWh,DK1,DK_1,day_ahead_price,value,2026-08-02T11:09:27Z
2026-08-02T11:05:08Z,2026-08-02T13:05:08+0200,b3181029-81fc-491a-b750-6dc59ef155aa,2026-07-14T23:00:00Z,2026-07-15T01:00:00+0200,150.45,EUR/MWh,DK1,DK_1,day_ahead_price,value,2026-08-02T11:09:27Z
2026-08-02T11:05:08Z,2026-08-02T13:05:08+0200,b3181029-81fc-491a-b750-6dc59ef155aa,2026-07-14T23:15:00Z,2026-07-15T01:15:00+0200,145.0,EUR/MWh,DK1,DK_1,day_ahead_price,value,2026-08-02T11:09:27Z
2026-08-02T11:05:08Z,2026-08-02T13:05:08+0200,b3181029-81fc-491a-b750-6dc59ef155aa,2026-07-14T23:30:00Z,2026-07-15T01:30:00+0200,142.9,EUR/MWh,DK1,DK_1,day_ahead_price,value,2026-08-02T11:09:27Z
2026-08-02T11:05:08Z,2026-08-02T13:05:08+0200,b3181029-81fc-491a-b750-6dc59ef155aa,2026-07-14T23:45:00Z,2026-07-15T01:45:00+0200,139.44,EUR/MWh,DK1,DK_1,day_ahead_price,value,2026-08-02T11:09:27Z
2026-08-02T11:05:08Z,2026-08-02T13:05:08+0200,b3181029-81fc-491a-b750-6dc59ef155aa,2026-07-15T00:00:00Z,2026-07-15T02:00:00+0200,141.39,EUR/MWh,DK1,DK_1,day_ahead_price,value,2026-08-02T11:09:27Z
2026-08-02T11:05:08Z,2026-08-02T13:05:08+0200,b3181029-81fc-491a-b750-6dc59ef155aa,2026-07-15T00:15:00Z,2026-07-15T02:15:00+0200,138.28,EUR/MWh,DK1,DK_1,day_ahead_price,value,2026-08-02T11:09:27Z
2026-08-02T11:05:08Z,2026-08-02T13:05:08+0200,b3181029-81fc-491a-b750-6dc59ef155aa,2026-07-15T00:30:00Z,2026-07-15T02:30:00+0200,138.73,EUR/MWh,DK1,DK_1,day_ahead_price,value,2026-08-02T11:09:27Z
2026-08-02T11:05:08Z,2026-08-02T13:05:08+0200,b3181029-81fc-491a-b750-6dc59ef155aa,2026-07-15T00:45:00Z,2026-07-15T02:45:00+0200,137.38,EUR/MWh,DK1,DK_1,day_ahead_price,value,2026-08-02T11:09:27Z
2026-08-02T11:05:08Z,2026-08-02T13:05:08+0200,b3181029-81fc-491a-b750-6dc59ef155aa,2026-07-15T01:00:00Z,2026-07-15T03:00:00+0200,136.5,EUR/MWh,DK1,DK_1,day_ahead_price,value,2026-08-02T11:09:27Z
2026-08-02T11:05:08Z,2026-08-02T13:05:08+0200,b3181029-81fc-491a-b750-6dc59ef155aa,2026-07-15T01:15:00Z,2026-07-15T03:15:00+0200,134.65,EUR/MWh,DK1,DK_1,day_ahead_price,value,2026-08-02T11:09:27Z
2026-08-02T11:05:08Z,2026-08-02T13:05:08+0200,b3181029-81fc-491a-b750-6dc59ef155aa,2026-07-15T01:30:00Z,2026-07-15T03:30:00+0200,135.74,EUR/MWh,DK1,DK_1,day_ahead_price,value,2026-08-02T11:09:27Z
2026-08-02T11:05:08Z,2026-08-02T13:05:08+0200,b3181029-81fc-491a-b750-6dc59ef155aa,2026-07-15T01:45:00Z,2026-07-15T03:45:00+0200,135.26,EUR/MWh,DK1,DK_1,day_ahead_price,value,2026-08-02T11:09:27Z
2026-08-02T11:05:08Z,2026-08-02T13:05:08+0200,b3181029-81fc-491a-b750-6dc59ef155aa,2026-07-15T02:00:00Z,2026-07-15T04:00:00+0200,136.5,EUR/MWh,DK1,DK_1,day_ahead_price,value,2026-08-02T11:09:27Z
2026-08-02T11:05:08Z,2026-08-02T13:05:08+0200,b3181029-81fc-491a-b750-6dc59ef155aa,2026-07-15T02:15:00Z,2026-07-15T04:15:00+0200,137.83,EUR/MWh,DK1,DK_1,day_ahead_price,value,2026-08-02T11:09:27Z
2026-08-02T11:05:08Z,2026-08-02T13:05:08+0200,b3181029-81fc-491a-b750-6dc59ef155aa,2026-07-15T02:30:00Z,2026-07-15T04:30:00+0200,139.79,EUR/MWh,DK1,DK_1,day_ahead_price,value,2026-08-02T11:09:27Z
2026-08-02T11:05:08Z,2026-08-02T13:05:08+0200,b3181029-81fc-491a-b750-6dc59ef155aa,2026-07-15T02:45:00Z,2026-07-15T04:45:00+0200,144.05,EUR/MWh,DK1,DK_1,day_ahead_price,value,2026-08-02T11:09:27Z
2026-08-02T11:05:08Z,2026-08-02T13:05:08+0200,b3181029-81fc-491a-b750-6dc59ef155aa,2026-07-15T03:00:00Z,2026-07-15T05:00:00+0200,140.04,EUR/MWh,DK1,DK_1,day_ahead_price,value,2026-08-02T11:09:27Z
2026-08-02T11:05:08Z,2026-08-02T13:05:08+0200,b3181029-81fc-491a-b750-6dc59ef155aa,2026-07-15T03:15:00Z,2026-07-15T05:15:00+0200,146.67,EUR/MWh,DK1,DK_1,day_ahead_price,value,2026-08-02T11:09:27Z
2026-08-02T11:05:08Z,2026-08-02T13:05:08+0200,b3181029-81fc-491a-b750-6dc59ef155aa,2026-07-15T03:30:00Z,2026-07-15T05:30:00+0200,150.27,EUR/MWh,DK1,DK_1,day_ahead_price,value,2026-08-02T11:09:27Z
2026-08-02T11:05:08Z,2026-08-02T13:05:08+0200,b3181029-81fc-491a-b750-6dc59ef155aa,2026-07-15T03:45:00Z,2026-07-15T05:45:00+0200,158.57,EUR/MWh,DK1,DK_1,day_ahead_price,value,2026-08-02T11:09:27Z
2026-08-02T11:05:08Z,2026-08-02T13:05:08+0200,b3181029-81fc-491a-b750-6dc59ef155aa,2026-07-15T04:00:00Z,2026-07-15T06:00:00+0200,163.12,EUR/MWh,DK1,DK_1,day_ahead_price,value,2026-08-02T11:09:27Z
2026-08-02T11:05:08Z,2026-08-02T13:05:08+0200,b3181029-81fc-491a-b750-6dc59ef155aa,2026-07-15T04:15:00Z,2026-07-15T06:15:00+0200,170.08,EUR/MWh,DK1,DK_1,day_ahead_price,value,2026-08-02T11:09:27Z
2026-08-02T11:05:08Z,2026-08-02T13:05:08+0200,b3181029-81fc-491a-b750-6dc59ef155aa,2026-07-15T04:30:00Z,2026-07-15T06:30:00+0200,165.41,EUR/MWh,DK1,DK_1,day_ahead_price,value,2026-08-02T11:09:27Z
2026-08-02T11:05:08Z,2026-08-02T13:05:08+0200,b3181029-81fc-491a-b750-6dc59ef155aa,2026-07-15T04:45:00Z,2026-07-15T06:45:00+0200,163.1,EUR/MWh,DK1,DK_1,day_ahead_price,value,2026-08-02T11:09:27Z
2026-08-02T11:05:08Z,2026-08-02T13:05:08+0200,b3181029-81fc-491a-b750-6dc59ef155aa,2026-07-15T05:00:00Z,2026-07-15T07:00:00+0200,172.8,EUR/MWh,DK1,DK_1,day_ahead_price,value,2026-08-02T11:09:27Z
2026-08-02T11:05:08Z,2026-08-02T13:05:08+0200,b3181029-81fc-491a-b750-6dc59ef155aa,2026-07-15T05:15:00Z,2026-07-15T07:15:00+0200,166.91,EUR/MWh,DK1,DK_1,day_ahead_price,value,2026-08-02T11:09:27Z
2026-08-02T11:05:08Z,2026-08-02T13:05:08+0200,b3181029-81fc-491a-b750-6dc59ef155aa,2026-07-15T05:30:00Z,2026-07-15T07:30:00+0200,164.39,EUR/MWh,DK1,DK_1,day_ahead_price,value,2026-08-02T11:09:27Z
2026-08-02T11:05:08Z,2026-08-02T13:05:08+0200,b3181029-81fc-491a-b750-6dc59ef155aa,2026-07-15T05:45:00Z,2026-07-15T07:45:00+0200,159.04,EUR/MWh,DK1,DK_1,day_ahead_price,value,2026-08-02T11:09:27Z
2026-08-02T11:05:08Z,2026-08-02T13:05:08+0200,b3181029-81fc-491a-b750-6dc59ef155aa,2026-07-15T06:00:00Z,2026-07-15T08:00:00+0200,167.28,EUR/MWh,DK1,DK_1,day_ahead_price,value,2026-08-02T11:09:27Z
2026-08-02T11:05:08Z,2026-08-02T13:05:08+0200,b3181029-81fc-491a-b750-6dc59ef155aa,2026-07-15T06:15:00Z,2026-07-15T08:15:00+0200,162.92,EUR/MWh,DK1,DK_1,day_ahead_price,value,2026-08-02T11:09:27Z
2026-08-02T11:05:08Z,2026-08-02T13:05:08+0200,b3181029-81fc-491a-b750-6dc59ef155aa,2026-07-15T06:30:00Z,2026-07-15T08:30:00+0200,152.92,EUR/MWh,DK1,DK_1,day_ahead_price,value,2026-08-02T11:09:27Z
2026-08-02T11:05:08Z,2026-08-02T13:05:08+0200,b3181029-81fc-491a-b750-6dc59ef155aa,2026-07-15T06:45:00Z,2026-07-15T08:45:00+0200,140.03,EUR/MWh,DK1,DK_1,day_ahead_price,value,2026-08-02T11:09:27Z
2026-08-02T11:05:08Z,2026-08-02T13:05:08+0200,b3181029-81fc-491a-b750-6dc59ef155aa,2026-07-15T07:00:00Z,2026-07-15T09:00:00+0200,150.0,EUR/MWh,DK1,DK_1,day_ahead_price,value,2026-08-02T11:09:27Z
2026-08-02T11:05:08Z,2026-08-02T13:05:08+0200,b3181029-81fc-491a-b750-6dc59ef155aa,2026-07-15T07:15:00Z,2026-07-15T09:15:00+0200,139.63,EUR/MWh,DK1,DK_1,day_ahead_price,value,2026-08-02T11:09:27Z
2026-08-02T11:05:08Z,2026-08-02T13:05:08+0200,b3181029-81fc-491a-b750-6dc59ef155aa,2026-07-15T07:30:00Z,2026-07-15T09:30:00+0200,130.36,EUR/MWh,DK1,DK_1,day_ahead_price,value,2026-08-02T11:09:27Z
2026-08-02T11:05:08Z,2026-08-02T13:05:08+0200,b3181029-81fc-491a-b750-6dc59ef155aa,2026-07-15T07:45:00Z,2026-07-15T09:45:00+0200,120.43,EUR/MWh,DK1,DK_1,day_ahead_price,value,2026-08-02T11:09:27Z
2026-08-02T11:05:08Z,2026-08-02T13:05:08+0200,b3181029-81fc-491a-b750-6dc59ef155aa,2026-07-15T08:00:00Z,2026-07-15T10:00:00+0200,128.84,EUR/MWh,DK1,DK_1,day_ahead_price,value,2026-08-02T11:09:27Z
2026-08-02T11:05:08Z,2026-08-02T13:05:08+0200,b3181029-81fc-491a-b750-6dc59ef155aa,2026-07-15T08:15:00Z,2026-07-15T10:15:00+0200,114.23,EUR/MWh,DK1,DK_1,day_ahead_price,value,2026-08-02T11:09:27Z
2026-08-02T11:05:08Z,2026-08-02T13:05:08+0200,b3181029-81fc-491a-b750-6dc59ef155aa,2026-07-15T08:30:00Z,2026-07-15T10:30:00+0200,102.0,EUR/MWh,DK1,DK_1,day_ahead_price,value,2026-08-02T11:09:27Z
2026-08-02T11:05:08Z,2026-08-02T13:05:08+0200,b3181029-81fc-491a-b750-6dc59ef155aa,2026-07-15T08:45:00Z,2026-07-15T10:45:00+0200,98.08,EUR/MWh,DK1,DK_1,day_ahead_price,value,2026-08-02T11:09:27Z
2026-08-02T11:05:08Z,2026-08-02T13:05:08+0200,b3181029-81fc-491a-b750-6dc59ef155aa,2026-07-15T09:00:00Z,2026-07-15T11:00:00+0200,103.36,EUR/MWh,DK1,DK_1,day_ahead_price,value,2026-08-02T11:09:27Z
2026-08-02T11:05:08Z,2026-08-02T13:05:08+0200,b3181029-81fc-491a-b750-6dc59ef155aa,2026-07-15T09:15:00Z,2026-07-15T11:15:00+0200,99.73,EUR/MWh,DK1,DK_1,day_ahead_price,value,2026-08-02T11:09:27Z
2026-08-02T11:05:08Z,2026-08-02T13:05:08+0200,b3181029-81fc-491a-b750-6dc59ef155aa,2026-07-15T09:30:00Z,2026-07-15T11:30:00+0200,96.69,EUR/MWh,DK1,DK_1,day_ahead_price,value,2026-08-02T11:09:27Z
2026-08-02T11:05:08Z,2026-08-02T13:05:08+0200,b3181029-81fc-491a-b750-6dc59ef155aa,2026-07-15T09:45:00Z,2026-07-15T11:45:00+0200,80.06,EUR/MWh,DK1,DK_1,day_ahead_price,value,2026-08-02T11:09:27Z
2026-08-02T11:05:08Z,2026-08-02T13:05:08+0200,b3181029-81fc-491a-b750-6dc59ef155aa,2026-07-15T10:00:00Z,2026-07-15T12:00:00+0200,87.14,EUR/MWh,DK1,DK_1,day_ahead_price,value,2026-08-02T11:09:27Z
2026-08-02T11:05:08Z,2026-08-02T13:05:08+0200,b3181029-81fc-491a-b750-6dc59ef155aa,2026-07-15T10:15:00Z,2026-07-15T12:15:00+0200,72.62,EUR/MWh,DK1,DK_1,day_ahead_price,value,2026-08-02T11:09:27Z
2026-08-02T11:05:08Z,2026-08-02T13:05:08+0200,b3181029-81fc-491a-b750-6dc59ef155aa,2026-07-15T10:30:00Z,2026-07-15T12:30:00+0200,64.91,EUR/MWh,DK1,DK_1,day_ahead_price,value,2026-08-02T11:09:27Z
2026-08-02T11:05:08Z,2026-08-02T13:05:08+0200,b3181029-81fc-491a-b750-6dc59ef155aa,2026-07-15T10:45:00Z,2026-07-15T12:45:00+0200,61.12,EUR/MWh,DK1,DK_1,day_ahead_price,value,2026-08-02T11:09:27Z
2026-08-02T11:05:08Z,2026-08-02T13:05:08+0200,b3181029-81fc-491a-b750-6dc59ef155aa,2026-07-15T11:00:00Z,2026-07-15T13:00:00+0200,64.47,EUR/MWh,DK1,DK_1,day_ahead_price,value,2026-08-02T11:09:27Z
2026-08-02T11:05:08Z,2026-08-02T13:05:08+0200,b3181029-81fc-491a-b750-6dc59ef155aa,2026-07-15T11:15:00Z,2026-07-15T13:15:00+0200,64.41,EUR/MWh,DK1,DK_1,day_ahead_price,value,2026-08-02T11:09:27Z
2026-08-02T11:05:08Z,2026-08-02T13:05:08+0200,b3181029-81fc-491a-b750-6dc59ef155aa,2026-07-15T11:30:00Z,2026-07-15T13:30:00+0200,57.78,EUR/MWh,DK1,DK_1,day_ahead_price,value,2026-08-02T11:09:27Z
2026-08-02T11:05:08Z,2026-08-02T13:05:08+0200,b3181029-81fc-491a-b750-6dc59ef155aa,2026-07-15T11:45:00Z,2026-07-15T13:45:00+0200,55.87,EUR/MWh,DK1,DK_1,day_ahead_price,value,2026-08-02T11:09:27Z
2026-08-02T11:05:08Z,2026-08-02T13:05:08+0200,b3181029-81fc-491a-b750-6dc59ef155aa,2026-07-15T12:00:00Z,2026-07-15T14:00:00+0200,57.26,EUR/MWh,DK1,DK_1,day_ahead_price,value,2026-08-02T11:09:27Z
2026-08-02T11:05:08Z,2026-08-02T13:05:08+0200,b3181029-81fc-491a-b750-6dc59ef155aa,2026-07-15T12:15:00Z,2026-07-15T14:15:00+0200,57.29,EUR/MWh,DK1,DK_1,day_ahead_price,value,2026-08-02T11:09:27Z
2026-08-02T11:05:08Z,2026-08-02T13:05:08+0200,b3181029-81fc-491a-b750-6dc59ef155aa,2026-07-15T12:30:00Z,2026-07-15T14:30:00+0200,61.69,EUR/MWh,DK1,DK_1,day_ahead_price,value,2026-08-02T11:09:27Z
2026-08-02T11:05:08Z,2026-08-02T13:05:08+0200,b3181029-81fc-491a-b750-6dc59ef155aa,2026-07-15T12:45:00Z,2026-07-15T14:45:00+0200,65.67,EUR/MWh,DK1,DK_1,day_ahead_price,value,2026-08-02T11:09:27Z
2026-08-02T11:05:08Z,2026-08-02T13:05:08+0200,b3181029-81fc-491a-b750-6dc59ef155aa,2026-07-15T13:00:00Z,2026-07-15T15:00:00+0200,56.64,EUR/MWh,DK1,DK_1,day_ahead_price,value,2026-08-02T11:09:27Z
2026-08-02T11:05:08Z,2026-08-02T13:05:08+0200,b3181029-81fc-491a-b750-6dc59ef155aa,2026-07-15T13:15:00Z,2026-07-15T15:15:00+0200,63.67,EUR/MWh,DK1,DK_1,day_ahead_price,value,2026-08-02T11:09:27Z
2026-08-02T11:05:08Z,2026-08-02T13:05:08+0200,b3181029-81fc-491a-b750-6dc59ef155aa,2026-07-15T13:30:00Z,2026-07-15T15:30:00+0200,75.09,EUR/MWh,DK1,DK_1,day_ahead_price,value,2026-08-02T11:09:27Z
2026-08-02T11:05:08Z,2026-08-02T13:05:08+0200,b3181029-81fc-491a-b750-6dc59ef155aa,2026-07-15T13:45:00Z,2026-07-15T15:45:00+0200,84.9,EUR/MWh,DK1,DK_1,day_ahead_price,value,2026-08-02T11:09:27Z
2026-08-02T11:05:08Z,2026-08-02T13:05:08+0200,b3181029-81fc-491a-b750-6dc59ef155aa,2026-07-15T14:00:00Z,2026-07-15T16:00:00+0200,79.87,EUR/MWh,DK1,DK_1,day_ahead_price,value,2026-08-02T11:09:27Z
2026-08-02T11:05:08Z,2026-08-02T13:05:08+0200,b3181029-81fc-491a-b750-6dc59ef155aa,2026-07-15T14:15:00Z,2026-07-15T16:15:00+0200,89.06,EUR/MWh,DK1,DK_1,day_ahead_price,value,2026-08-02T11:09:27Z
2026-08-02T11:05:08Z,2026-08-02T13:05:08+0200,b3181029-81fc-491a-b750-6dc59ef155aa,2026-07-15T14:30:00Z,2026-07-15T16:30:00+0200,105.29,EUR/MWh,DK1,DK_1,day_ahead_price,value,2026-08-02T11:09:27Z
2026-08-02T11:05:08Z,2026-08-02T13:05:08+0200,b3181029-81fc-491a-b750-6dc59ef155aa,2026-07-15T14:45:00Z,2026-07-15T16:45:00+0200,111.73,EUR/MWh,DK1,DK_1,day_ahead_price,value,2026-08-02T11:09:27Z
2026-08-02T11:05:08Z,2026-08-02T13:05:08+0200,b3181029-81fc-491a-b750-6dc59ef155aa,2026-07-15T15:00:00Z,2026-07-15T17:00:00+0200,101.79,EUR/MWh,DK1,DK_1,day_ahead_price,value,2026-08-02T11:09:27Z
2026-08-02T11:05:08Z,2026-08-02T13:05:08+0200,b3181029-81fc-491a-b750-6dc59ef155aa,2026-07-15T15:15:00Z,2026-07-15T17:15:00+0200,109.41,EUR/MWh,DK1,DK_1,day_ahead_price,value,2026-08-02T11:09:27Z
2026-08-02T11:05:08Z,2026-08-02T13:05:08+0200,b3181029-81fc-491a-b750-6dc59ef155aa,2026-07-15T15:30:00Z,2026-07-15T17:30:00+0200,124.71,EUR/MWh,DK1,DK_1,day_ahead_price,value,2026-08-02T11:09:27Z
2026-08-02T11:05:08Z,2026-08-02T13:05:08+0200,b3181029-81fc-491a-b750-6dc59ef155aa,2026-07-15T15:45:00Z,2026-07-15T17:45:00+0200,140.09,EUR/MWh,DK1,DK_1,day_ahead_price,value,2026-08-02T11:09:27Z
2026-08-02T11:05:08Z,2026-08-02T13:05:08+0200,b3181029-81fc-491a-b750-6dc59ef155aa,2026-07-15T16:00:00Z,2026-07-15T18:00:00+0200,128.64,EUR/MWh,DK1,DK_1,day_ahead_price,value,2026-08-02T11:09:27Z
2026-08-02T11:05:08Z,2026-08-02T13:05:08+0200,b3181029-81fc-491a-b750-6dc59ef155aa,2026-07-15T16:15:00Z,2026-07-15T18:15:00+0200,140.7,EUR/MWh,DK1,DK_1,day_ahead_price,value,2026-08-02T11:09:27Z
2026-08-02T11:05:08Z,2026-08-02T13:05:08+0200,b3181029-81fc-491a-b750-6dc59ef155aa,2026-07-15T16:30:00Z,2026-07-15T18:30:00+0200,147.08,EUR/MWh,DK1,DK_1,day_ahead_price,value,2026-08-02T11:09:27Z
2026-08-02T11:05:08Z,2026-08-02T13:05:08+0200,b3181029-81fc-491a-b750-6dc59ef155aa,2026-07-15T16:45:00Z,2026-07-15T18:45:00+0200,162.39,EUR/MWh,DK1,DK_1,day_ahead_price,value,2026-08-02T11:09:27Z
2026-08-02T11:05:08Z,2026-08-02T13:05:08+0200,b3181029-81fc-491a-b750-6dc59ef155aa,2026-07-15T17:00:00Z,2026-07-15T19:00:00+0200,152.38,EUR/MWh,DK1,DK_1,day_ahead_price,value,2026-08-02T11:09:27Z
2026-08-02T11:05:08Z,2026-08-02T13:05:08+0200,b3181029-81fc-491a-b750-6dc59ef155aa,2026-07-15T17:15:00Z,2026-07-15T19:15:00+0200,168.01,EUR/MWh,DK1,DK_1,day_ahead_price,value,2026-08-02T11:09:27Z
2026-08-02T11:05:08Z,2026-08-02T13:05:08+0200,b3181029-81fc-491a-b750-6dc59ef155aa,2026-07-15T17:30:00Z,2026-07-15T19:30:00+0200,186.41,EUR/MWh,DK1,DK_1,day_ahead_price,value,2026-08-02T11:09:27Z
2026-08-02T11:05:08Z,2026-08-02T13:05:08+0200,b3181029-81fc-491a-b750-6dc59ef155aa,2026-07-15T17:45:00Z,2026-07-15T19:45:00+0200,210.1,EUR/MWh,DK1,DK_1,day_ahead_price,value,2026-08-02T11:09:27Z
2026-08-02T11:05:08Z,2026-08-02T13:05:08+0200,b3181029-81fc-491a-b750-6dc59ef155aa,2026-07-15T18:00:00Z,2026-07-15T20:00:00+0200,197.5,EUR/MWh,DK1,DK_1,day_ahead_price,value,2026-08-02T11:09:27Z
2026-08-02T11:05:08Z,2026-08-02T13:05:08+0200,b3181029-81fc-491a-b750-6dc59ef155aa,2026-07-15T18:15:00Z,2026-07-15T20:15:00+0200,200.21,EUR/MWh,DK1,DK_1,day_ahead_price,value,2026-08-02T11:09:27Z
2026-08-02T11:05:08Z,2026-08-02T13:05:08+0200,b3181029-81fc-491a-b750-6dc59ef155aa,2026-07-15T18:30:00Z,2026-07-15T20:30:00+0200,208.2,EUR/MWh,DK1,DK_1,day_ahead_price,value,2026-08-02T11:09:27Z
2026-08-02T11:05:08Z,2026-08-02T13:05:08+0200,b3181029-81fc-491a-b750-6dc59ef155aa,2026-07-15T18:45:00Z,2026-07-15T20:45:00+0200,217.42,EUR/MWh,DK1,DK_1,day_ahead_price,value,2026-08-02T11:09:27Z
2026-08-02T11:05:08Z,2026-08-02T13:05:08+0200,b3181029-81fc-491a-b750-6dc59ef155aa,2026-07-15T19:00:00Z,2026-07-15T21:00:00+0200,220.08,EUR/MWh,DK1,DK_1,day_ahead_price,value,2026-08-02T11:09:27Z
2026-08-02T11:05:08Z,2026-08-02T13:05:08+0200,b3181029-81fc-491a-b750-6dc59ef155aa,2026-07-15T19:15:00Z,2026-07-15T21:15:00+0200,196.12,EUR/MWh,DK1,DK_1,day_ahead_price,value,2026-08-02T11:09:27Z
2026-08-02T11:05:08Z,2026-08-02T13:05:08+0200,b3181029-81fc-491a-b750-6dc59ef155aa,2026-07-15T19:30:00Z,2026-07-15T21:30:00+0200,197.13,EUR/MWh,DK1,DK_1,day_ahead_price,value,2026-08-02T11:09:27Z
2026-08-02T11:05:08Z,2026-08-02T13:05:08+0200,b3181029-81fc-491a-b750-6dc59ef155aa,2026-07-15T19:45:00Z,2026-07-15T21:45:00+0200,192.31,EUR/MWh,DK1,DK_1,day_ahead_price,value,2026-08-02T11:09:27Z
2026-08-02T11:05:08Z,2026-08-02T13:05:08+0200,b3181029-81fc-491a-b750-6dc59ef155aa,2026-07-15T20:00:00Z,2026-07-15T22:00:00+0200,199.99,EUR/MWh,DK1,DK_1,day_ahead_price,value,2026-08-02T11:09:27Z
2026-08-02T11:05:08Z,2026-08-02T13:05:08+0200,b3181029-81fc-491a-b750-6dc59ef155aa,2026-07-15T20:15:00Z,2026-07-15T22:15:00+0200,190.0,EUR/MWh,DK1,DK_1,day_ahead_price,value,2026-08-02T11:09:27Z
2026-08-02T11:05:08Z,2026-08-02T13:05:08+0200,b3181029-81fc-491a-b750-6dc59ef155aa,2026-07-15T20:30:00Z,2026-07-15T22:30:00+0200,187.9,EUR/MWh,DK1,DK_1,day_ahead_price,value,2026-08-02T11:09:27Z
2026-08-02T11:05:08Z,2026-08-02T13:05:08+0200,b3181029-81fc-491a-b750-6dc59ef155aa,2026-07-15T20:45:00Z,2026-07-15T22:45:00+0200,175.63,EUR/MWh,DK1,DK_1,day_ahead_price,value,2026-08-02T11:09:27Z
2026-08-02T11:05:08Z,2026-08-02T13:05:08+0200,b3181029-81fc-491a-b750-6dc59ef155aa,2026-07-15T21:00:00Z,2026-07-15T23:00:00+0200,179.14,EUR/MWh,DK1,DK_1,day_ahead_price,value,2026-08-02T11:09:27Z
2026-08-02T11:05:08Z,2026-08-02T13:05:08+0200,b3181029-81fc-491a-b750-6dc59ef155aa,2026-07-15T21:15:00Z,2026-07-15T23:15:00+0200,171.94,EUR/MWh,DK1,DK_1,day_ahead_price,value,2026-08-02T11:09:27Z
2026-08-02T11:05:08Z,2026-08-02T13:05:08+0200,b3181029-81fc-491a-b750-6dc59ef155aa,2026-07-15T21:30:00Z,2026-07-15T23:30:00+0200,169.62,EUR/MWh,DK1,DK_1,day_ahead_price,value,2026-08-02T11:09:27Z
2026-08-02T11:05:08Z,2026-08-02T13:05:08+0200,b3181029-81fc-491a-b750-6dc59ef155aa,2026-07-15T21:45:00Z,2026-07-15T23:45:00+0200,164.96,EUR/MWh,DK1,DK_1,day_ahead_price,value,2026-08-02T11:09:27Z
2026-08-02T11:05:08Z,2026-08-02T13:05:08+0200,b3181029-81fc-491a-b750-6dc59ef155aa,2026-07-15T22:00:00Z,2026-07-16T00:00:00+0200,173.58,EUR/MWh,DK1,DK_1,day_ahead_price,value,2026-08-02T11:09:27Z
2026-08-02T11:05:08Z,2026-08-02T13:05:08+0200,b3181029-81fc-491a-b750-6dc59ef155aa,2026-07-15T22:15:00Z,2026-07-16T00:15:00+0200,169.04,EUR/MWh,DK1,DK_1,day_ahead_price,value,2026-08-02T11:09:27Z
2026-08-02T11:05:08Z,2026-08-02T13:05:08+0200,b3181029-81fc-491a-b750-6dc59ef155aa,2026-07-15T22:30:00Z,2026-07-16T00:30:00+0200,163.51,EUR/MWh,DK1,DK_1,day_ahead_price,value,2026-08-02T11:09:27Z
2026-08-02T11:05:08Z,2026-08-02T13:05:08+0200,b3181029-81fc-491a-b750-6dc59ef155aa,2026-07-15T22:45:00Z,2026-07-16T00:45:00+0200,158.0,EUR/MWh,DK1,DK_1,day_ahead_price,value,2026-08-02T11:09:27Z
2026-08-02T11:05:08Z,2026-08-02T13:05:08+0200,b3181029-81fc-491a-b750-6dc59ef155aa,2026-07-15T23:00:00Z,2026-07-16T01:00:00+0200,162.03,EUR/MWh,DK1,DK_1,day_ahead_price,value,2026-08-02T11:09:27Z
2026-08-02T11:05:08Z,2026-08-02T13:05:08+0200,b3181029-81fc-491a-b750-6dc59ef155aa,2026-07-15T23:15:00Z,2026-07-16T01:15:00+0200,158.0,EUR/MWh,DK1,DK_1,day_ahead_price,value,2026-08-02T11:09:27Z
2026-08-02T11:05:08Z,2026-08-02T13:05:08+0200,b3181029-81fc-491a-b750-6dc59ef155aa,2026-07-15T23:30:00Z,2026-07-16T01:30:00+0200,158.97,EUR/MWh,DK1,DK_1,day_ahead_price,value,2026-08-02T11:09:27Z
2026-08-02T11:05:08Z,2026-08-02T13:05:08+0200,b3181029-81fc-491a-b750-6dc59ef155aa,2026-07-15T23:45:00Z,2026-07-16T01:45:00+0200,157.8,EUR/MWh,DK1,DK_1,day_ahead_price,value,2026-08-02T11:09:27Z
2026-08-02T11:05:08Z,2026-08-02T13:05:08+0200,b3181029-81fc-491a-b750-6dc59ef155aa,2026-07-16T00:00:00Z,2026-07-16T02:00:00+0200,157.62,EUR/MWh,DK1,DK_1,day_ahead_price,value,2026-08-02T11:09:27Z
2026-08-02T11:05:08Z,2026-08-02T13:05:08+0200,b3181029-81fc-491a-b750-6dc59ef155aa,2026-07-16T00:15:00Z,2026-07-16T02:15:00+0200,154.67,EUR/MWh,DK1,DK_1,day_ahead_price,value,2026-08-02T11:09:27Z
2026-08-02T11:05:08Z,2026-08-02T13:05:08+0200,b3181029-81fc-491a-b750-6dc59ef155aa,2026-07-16T00:30:00Z,2026-07-16T02:30:00+0200,150.89,EUR/MWh,DK1,DK_1,day_ahead_price,value,2026-08-02T11:09:27Z
2026-08-02T11:05:08Z,2026-08-02T13:05:08+0200,b3181029-81fc-491a-b750-6dc59ef155aa,2026-07-16T00:45:00Z,2026-07-16T02:45:00+0200,148.37,EUR/MWh,DK1,DK_1,day_ahead_price,value,2026-08-02T11:09:27Z
2026-08-02T11:05:08Z,2026-08-02T13:05:08+0200,b3181029-81fc-491a-b750-6dc59ef155aa,2026-07-16T01:00:00Z,2026-07-16T03:00:00+0200,152.02,EUR/MWh,DK1,DK_1,day_ahead_price,value,2026-08-02T11:09:27Z
2026-08-02T11:05:08Z,2026-08-02T13:05:08+0200,b3181029-81fc-491a-b750-6dc59ef155aa,2026-07-16T01:15:00Z,2026-07-16T03:15:00+0200,147.55,EUR/MWh,DK1,DK_1,day_ahead_price,value,2026-08-02T11:09:27Z
2026-08-02T11:05:08Z,2026-08-02T13:05:08+0200,b3181029-81fc-491a-b750-6dc59ef155aa,2026-07-16T01:30:00Z,2026-07-16T03:30:00+0200,148.08,EUR/MWh,DK1,DK_1,day_ahead_price,value,2026-08-02T11:09:27Z
2026-08-02T11:05:08Z,2026-08-02T13:05:08+0200,b3181029-81fc-491a-b750-6dc59ef155aa,2026-07-16T01:45:00Z,2026-07-16T03:45:00+0200,148.17,EUR/MWh,DK1,DK_1,day_ahead_price,value,2026-08-02T11:09:27Z
2026-08-02T11:05:08Z,2026-08-02T13:05:08+0200,b3181029-81fc-491a-b750-6dc59ef155aa,2026-07-16T02:00:00Z,2026-07-16T04:00:00+0200,148.48,EUR/MWh,DK1,DK_1,day_ahead_price,value,2026-08-02T11:09:27Z
2026-08-02T11:05:08Z,2026-08-02T13:05:08+0200,b3181029-81fc-491a-b750-6dc59ef155aa,2026-07-16T02:15:00Z,2026-07-16T04:15:00+0200,150.13,EUR/MWh,DK1,DK_1,day_ahead_price,value,2026-08-02T11:09:27Z
2026-08-02T11:05:08Z,2026-08-02T13:05:08+0200,b3181029-81fc-491a-b750-6dc59ef155aa,2026-07-16T02:30:00Z,2026-07-16T04:30:00+0200,153.82,EUR/MWh,DK1,DK_1,day_ahead_price,value,2026-08-02T11:09:27Z
2026-08-02T11:05:08Z,2026-08-02T13:05:08+0200,b3181029-81fc-491a-b750-6dc59ef155aa,2026-07-16T02:45:00Z,2026-07-16T04:45:00+0200,154.96,EUR/MWh,DK1,DK_1,day_ahead_price,value,2026-08-02T11:09:27Z
2026-08-02T11:05:08Z,2026-08-02T13:05:08+0200,b3181029-81fc-491a-b750-6dc59ef155aa,2026-07-16T03:00:00Z,2026-07-16T05:00:00+0200,155.3,EUR/MWh,DK1,DK_1,day_ahead_price,value,2026-08-02T11:09:27Z
2026-08-02T11:05:08Z,2026-08-02T13:05:08+0200,b3181029-81fc-491a-b750-6dc59ef155aa,2026-07-16T03:15:00Z,2026-07-16T05:15:00+0200,158.9,EUR/MWh,DK1,DK_1,day_ahead_price,value,2026-08-02T11:09:27Z
2026-08-02T11:05:08Z,2026-08-02T13:05:08+0200,b3181029-81fc-491a-b750-6dc59ef155aa,2026-07-16T03:30:00Z,2026-07-16T05:30:00+0200,160.29,EUR/MWh,DK1,DK_1,day_ahead_price,value,2026-08-02T11:09:27Z
2026-08-02T11:05:08Z,2026-08-02T13:05:08+0200,b3181029-81fc-491a-b750-6dc59ef155aa,2026-07-16T03:45:00Z,2026-07-16T05:45:00+0200,163.28,EUR/MWh,DK1,DK_1,day_ahead_price,value,2026-08-02T11:09:27Z
2026-08-02T11:05:08Z,2026-08-02T13:05:08+0200,b3181029-81fc-491a-b750-6dc59ef155aa,2026-07-16T04:00:00Z,2026-07-16T06:00:00+0200,174.03,EUR/MWh,DK1,DK_1,day_ahead_price,value,2026-08-02T11:09:27Z
2026-08-02T11:05:08Z,2026-08-02T13:05:08+0200,b3181029-81fc-491a-b750-6dc59ef155aa,2026-07-16T04:15:00Z,2026-07-16T06:15:00+0200,175.21,EUR/MWh,DK1,DK_1,day_ahead_price,value,2026-08-02T11:09:27Z
2026-08-02T11:05:08Z,2026-08-02T13:05:08+0200,b3181029-81fc-491a-b750-6dc59ef155aa,2026-07-16T04:30:00Z,2026-07-16T06:30:00+0200,175.88,EUR/MWh,DK1,DK_1,day_ahead_price,value,2026-08-02T11:09:27Z
2026-08-02T11:05:08Z,2026-08-02T13:05:08+0200,b3181029-81fc-491a-b750-6dc59ef155aa,2026-07-16T04:45:00Z,2026-07-16T06:45:00+0200,174.43,EUR/MWh,DK1,DK_1,day_ahead_price,value,2026-08-02T11:09:27Z
2026-08-02T11:05:08Z,2026-08-02T13:05:08+0200,b3181029-81fc-491a-b750-6dc59ef155aa,2026-07-16T05:00:00Z,2026-07-16T07:00:00+0200,180.01,EUR/MWh,DK1,DK_1,day_ahead_price,value,2026-08-02T11:09:27Z
2026-08-02T11:05:08Z,2026-08-02T13:05:08+0200,b3181029-81fc-491a-b750-6dc59ef155aa,2026-07-16T05:15:00Z,2026-07-16T07:15:00+0200,177.49,EUR/MWh,DK1,DK_1,day_ahead_price,value,2026-08-02T11:09:27Z
2026-08-02T11:05:08Z,2026-08-02T13:05:08+0200,b3181029-81fc-491a-b750-6dc59ef155aa,2026-07-16T05:30:00Z,2026-07-16T07:30:00+0200,171.34,EUR/MWh,DK1,DK_1,day_ahead_price,value,2026-08-02T11:09:27Z
2026-08-02T11:05:08Z,2026-08-02T13:05:08+0200,b3181029-81fc-491a-b750-6dc59ef155aa,2026-07-16T05:45:00Z,2026-07-16T07:45:00+0200,161.15,EUR/MWh,DK1,DK_1,day_ahead_price,value,2026-08-02T11:09:27Z
2026-08-02T11:05:08Z,2026-08-02T13:05:08+0200,b3181029-81fc-491a-b750-6dc59ef155aa,2026-07-16T06:00:00Z,2026-07-16T08:00:00+0200,169.53,EUR/MWh,DK1,DK_1,day_ahead_price,value,2026-08-02T11:09:27Z
2026-08-02T11:05:08Z,2026-08-02T13:05:08+0200,b3181029-81fc-491a-b750-6dc59ef155aa,2026-07-16T06:15:00Z,2026-07-16T08:15:00+0200,165.99,EUR/MWh,DK1,DK_1,day_ahead_price,value,2026-08-02T11:09:27Z
2026-08-02T11:05:08Z,2026-08-02T13:05:08+0200,b3181029-81fc-491a-b750-6dc59ef155aa,2026-07-16T06:30:00Z,2026-07-16T08:30:00+0200,158.88,EUR/MWh,DK1,DK_1,day_ahead_price,value,2026-08-02T11:09:27Z
2026-08-02T11:05:08Z,2026-08-02T13:05:08+0200,b3181029-81fc-491a-b750-6dc59ef155aa,2026-07-16T06:45:00Z,2026-07-16T08:45:00+0200,136.86,EUR/MWh,DK1,DK_1,day_ahead_price,value,2026-08-02T11:09:27Z
2026-08-02T11:05:08Z,2026-08-02T13:05:08+0200,b3181029-81fc-491a-b750-6dc59ef155aa,2026-07-16T07:00:00Z,2026-07-16T09:00:00+0200,152.98,EUR/MWh,DK1,DK_1,day_ahead_price,value,2026-08-02T11:09:27Z
2026-08-02T11:05:08Z,2026-08-02T13:05:08+0200,b3181029-81fc-491a-b750-6dc59ef155aa,2026-07-16T07:15:00Z,2026-07-16T09:15:00+0200,138.3,EUR/MWh,DK1,DK_1,day_ahead_price,value,2026-08-02T11:09:27Z
2026-08-02T11:05:08Z,2026-08-02T13:05:08+0200,b3181029-81fc-491a-b750-6dc59ef155aa,2026-07-16T07:30:00Z,2026-07-16T09:30:00+0200,133.16,EUR/MWh,DK1,DK_1,day_ahead_price,value,2026-08-02T11:09:27Z
2026-08-02T11:05:08Z,2026-08-02T13:05:08+0200,b3181029-81fc-491a-b750-6dc59ef155aa,2026-07-16T07:45:00Z,2026-07-16T09:45:00+0200,124.33,EUR/MWh,DK1,DK_1,day_ahead_price,value,2026-08-02T11:09:27Z
2026-08-02T11:05:08Z,2026-08-02T13:05:08+0200,b3181029-81fc-491a-b750-6dc59ef155aa,2026-07-16T08:00:00Z,2026-07-16T10:00:00+0200,139.38,EUR/MWh,DK1,DK_1,day_ahead_price,value,2026-08-02T11:09:27Z
2026-08-02T11:05:08Z,2026-08-02T13:05:08+0200,b3181029-81fc-491a-b750-6dc59ef155aa,2026-07-16T08:15:00Z,2026-07-16T10:15:00+0200,123.98,EUR/MWh,DK1,DK_1,day_ahead_price,value,2026-08-02T11:09:27Z
2026-08-02T11:05:08Z,2026-08-02T13:05:08+0200,b3181029-81fc-491a-b750-6dc59ef155aa,2026-07-16T08:30:00Z,2026-07-16T10:30:00+0200,110.66,EUR/MWh,DK1,DK_1,day_ahead_price,value,2026-08-02T11:09:27Z
2026-08-02T11:05:08Z,2026-08-02T13:05:08+0200,b3181029-81fc-491a-b750-6dc59ef155aa,2026-07-16T08:45:00Z,2026-07-16T10:45:00+0200,100.21,EUR/MWh,DK1,DK_1,day_ahead_price,value,2026-08-02T11:09:27Z
2026-08-02T11:05:08Z,2026-08-02T13:05:08+0200,b3181029-81fc-491a-b750-6dc59ef155aa,2026-07-16T09:00:00Z,2026-07-16T11:00:00+0200,113.37,EUR/MWh,DK1,DK_1,day_ahead_price,value,2026-08-02T11:09:27Z
2026-08-02T11:05:08Z,2026-08-02T13:05:08+0200,b3181029-81fc-491a-b750-6dc59ef155aa,2026-07-16T09:15:00Z,2026-07-16T11:15:00+0200,109.27,EUR/MWh,DK1,DK_1,day_ahead_price,value,2026-08-02T11:09:27Z
2026-08-02T11:05:08Z,2026-08-02T13:05:08+0200,b3181029-81fc-491a-b750-6dc59ef155aa,2026-07-16T09:30:00Z,2026-07-16T11:30:00+0200,105.98,EUR/MWh,DK1,DK_1,day_ahead_price,value,2026-08-02T11:09:27Z
2026-08-02T11:05:08Z,2026-08-02T13:05:08+0200,b3181029-81fc-491a-b750-6dc59ef155aa,2026-07-16T09:45:00Z,2026-07-16T11:45:00+0200,100.36,EUR/MWh,DK1,DK_1,day_ahead_price,value,2026-08-02T11:09:27Z
2026-08-02T11:05:08Z,2026-08-02T13:05:08+0200,b3181029-81fc-491a-b750-6dc59ef155aa,2026-07-16T10:00:00Z,2026-07-16T12:00:00+0200,100.35,EUR/MWh,DK1,DK_1,day_ahead_price,value,2026-08-02T11:09:27Z
2026-08-02T11:05:08Z,2026-08-02T13:05:08+0200,b3181029-81fc-491a-b750-6dc59ef155aa,2026-07-16T10:15:00Z,2026-07-16T12:15:00+0200,93.74,EUR/MWh,DK1,DK_1,day_ahead_price,value,2026-08-02T11:09:27Z
2026-08-02T11:05:08Z,2026-08-02T13:05:08+0200,b3181029-81fc-491a-b750-6dc59ef155aa,2026-07-16T10:30:00Z,2026-07-16T12:30:00+0200,92.9,EUR/MWh,DK1,DK_1,day_ahead_price,value,2026-08-02T11:09:27Z
2026-08-02T11:05:08Z,2026-08-02T13:05:08+0200,b3181029-81fc-491a-b750-6dc59ef155aa,2026-07-16T10:45:00Z,2026-07-16T12:45:00+0200,91.41,EUR/MWh,DK1,DK_1,day_ahead_price,value,2026-08-02T11:09:27Z
2026-08-02T11:05:08Z,2026-08-02T13:05:08+0200,b3181029-81fc-491a-b750-6dc59ef155aa,2026-07-16T11:00:00Z,2026-07-16T13:00:00+0200,92.17,EUR/MWh,DK1,DK_1,day_ahead_price,value,2026-08-02T11:09:27Z
2026-08-02T11:05:08Z,2026-08-02T13:05:08+0200,b3181029-81fc-491a-b750-6dc59ef155aa,2026-07-16T11:15:00Z,2026-07-16T13:15:00+0200,91.6,EUR/MWh,DK1,DK_1,day_ahead_price,value,2026-08-02T11:09:27Z
2026-08-02T11:05:08Z,2026-08-02T13:05:08+0200,b3181029-81fc-491a-b750-6dc59ef155aa,2026-07-16T11:30:00Z,2026-07-16T13:30:00+0200,83.57,EUR/MWh,DK1,DK_1,day_ahead_price,value,2026-08-02T11:09:27Z
2026-08-02T11:05:08Z,2026-08-02T13:05:08+0200,b3181029-81fc-491a-b750-6dc59ef155aa,2026-07-16T11:45:00Z,2026-07-16T13:45:00+0200,81.77,EUR/MWh,DK1,DK_1,day_ahead_price,value,2026-08-02T11:09:27Z
2026-08-02T11:05:08Z,2026-08-02T13:05:08+0200,b3181029-81fc-491a-b750-6dc59ef155aa,2026-07-16T12:00:00Z,2026-07-16T14:00:00+0200,91.72,EUR/MWh,DK1,DK_1,day_ahead_price,value,2026-08-02T11:09:27Z
2026-08-02T11:05:08Z,2026-08-02T13:05:08+0200,b3181029-81fc-491a-b750-6dc59ef155aa,2026-07-16T12:15:00Z,2026-07-16T14:15:00+0200,93.89,EUR/MWh,DK1,DK_1,day_ahead_price,value,2026-08-02T11:09:27Z
2026-08-02T11:05:08Z,2026-08-02T13:05:08+0200,b3181029-81fc-491a-b750-6dc59ef155aa,2026-07-16T12:30:00Z,2026-07-16T14:30:00+0200,96.87,EUR/MWh,DK1,DK_1,day_ahead_price,value,2026-08-02T11:09:27Z
2026-08-02T11:05:08Z,2026-08-02T13:05:08+0200,b3181029-81fc-491a-b750-6dc59ef155aa,2026-07-16T12:45:00Z,2026-07-16T14:45:00+0200,102.83,EUR/MWh,DK1,DK_1,day_ahead_price,value,2026-08-02T11:09:27Z
2026-08-02T11:05:08Z,2026-08-02T13:05:08+0200,b3181029-81fc-491a-b750-6dc59ef155aa,2026-07-16T13:00:00Z,2026-07-16T15:00:00+0200,105.42,EUR/MWh,DK1,DK_1,day_ahead_price,value,2026-08-02T11:09:27Z
2026-08-02T11:05:08Z,2026-08-02T13:05:08+0200,b3181029-81fc-491a-b750-6dc59ef155aa,2026-07-16T13:15:00Z,2026-07-16T15:15:00+0200,108.61,EUR/MWh,DK1,DK_1,day_ahead_price,value,2026-08-02T11:09:27Z
2026-08-02T11:05:08Z,2026-08-02T13:05:08+0200,b3181029-81fc-491a-b750-6dc59ef155aa,2026-07-16T13:30:00Z,2026-07-16T15:30:00+0200,109.36,EUR/MWh,DK1,DK_1,day_ahead_price,value,2026-08-02T11:09:27Z
2026-08-02T11:05:08Z,2026-08-02T13:05:08+0200,b3181029-81fc-491a-b750-6dc59ef155aa,2026-07-16T13:45:00Z,2026-07-16T15:45:00+0200,114.71,EUR/MWh,DK1,DK_1,day_ahead_price,value,2026-08-02T11:09:27Z
2026-08-02T11:05:08Z,2026-08-02T13:05:08+0200,b3181029-81fc-491a-b750-6dc59ef155aa,2026-07-16T14:00:00Z,2026-07-16T16:00:00+0200,105.78,EUR/MWh,DK1,DK_1,day_ahead_price,value,2026-08-02T11:09:27Z
2026-08-02T11:05:08Z,2026-08-02T13:05:08+0200,b3181029-81fc-491a-b750-6dc59ef155aa,2026-07-16T14:15:00Z,2026-07-16T16:15:00+0200,112.67,EUR/MWh,DK1,DK_1,day_ahead_price,value,2026-08-02T11:09:27Z
2026-08-02T11:05:08Z,2026-08-02T13:05:08+0200,b3181029-81fc-491a-b750-6dc59ef155aa,2026-07-16T14:30:00Z,2026-07-16T16:30:00+0200,127.74,EUR/MWh,DK1,DK_1,day_ahead_price,value,2026-08-02T11:09:27Z
2026-08-02T11:05:08Z,2026-08-02T13:05:08+0200,b3181029-81fc-491a-b750-6dc59ef155aa,2026-07-16T14:45:00Z,2026-07-16T16:45:00+0200,132.25,EUR/MWh,DK1,DK_1,day_ahead_price,value,2026-08-02T11:09:27Z
2026-08-02T11:05:08Z,2026-08-02T13:05:08+0200,b3181029-81fc-491a-b750-6dc59ef155aa,2026-07-16T15:00:00Z,2026-07-16T17:00:00+0200,124.51,EUR/MWh,DK1,DK_1,day_ahead_price,value,2026-08-02T11:09:27Z
2026-08-02T11:05:08Z,2026-08-02T13:05:08+0200,b3181029-81fc-491a-b750-6dc59ef155aa,2026-07-16T15:15:00Z,2026-07-16T17:15:00+0200,135.25,EUR/MWh,DK1,DK_1,day_ahead_price,value,2026-08-02T11:09:27Z
2026-08-02T11:05:08Z,2026-08-02T13:05:08+0200,b3181029-81fc-491a-b750-6dc59ef155aa,2026-07-16T15:30:00Z,2026-07-16T17:30:00+0200,143.56,EUR/MWh,DK1,DK_1,day_ahead_price,value,2026-08-02T11:09:27Z
2026-08-02T11:05:08Z,2026-08-02T13:05:08+0200,b3181029-81fc-491a-b750-6dc59ef155aa,2026-07-16T15:45:00Z,2026-07-16T17:45:00+0200,157.47,EUR/MWh,DK1,DK_1,day_ahead_price,value,2026-08-02T11:09:27Z
2026-08-02T11:05:08Z,2026-08-02T13:05:08+0200,b3181029-81fc-491a-b750-6dc59ef155aa,2026-07-16T16:00:00Z,2026-07-16T18:00:00+0200,147.22,EUR/MWh,DK1,DK_1,day_ahead_price,value,2026-08-02T11:09:27Z
2026-08-02T11:05:08Z,2026-08-02T13:05:08+0200,b3181029-81fc-491a-b750-6dc59ef155aa,2026-07-16T16:15:00Z,2026-07-16T18:15:00+0200,177.18,EUR/MWh,DK1,DK_1,day_ahead_price,value,2026-08-02T11:09:27Z
2026-08-02T11:05:08Z,2026-08-02T13:05:08+0200,b3181029-81fc-491a-b750-6dc59ef155aa,2026-07-16T16:30:00Z,2026-07-16T18:30:00+0200,182.8,EUR/MWh,DK1,DK_1,day_ahead_price,value,2026-08-02T11:09:27Z
2026-08-02T11:05:08Z,2026-08-02T13:05:08+0200,b3181029-81fc-491a-b750-6dc59ef155aa,2026-07-16T16:45:00Z,2026-07-16T18:45:00+0200,208.68,EUR/MWh,DK1,DK_1,day_ahead_price,value,2026-08-02T11:09:27Z
2026-08-02T11:05:08Z,2026-08-02T13:05:08+0200,b3181029-81fc-491a-b750-6dc59ef155aa,2026-07-16T17:00:00Z,2026-07-16T19:00:00+0200,181.41,EUR/MWh,DK1,DK_1,day_ahead_price,value,2026-08-02T11:09:27Z
2026-08-02T11:05:08Z,2026-08-02T13:05:08+0200,b3181029-81fc-491a-b750-6dc59ef155aa,2026-07-16T17:15:00Z,2026-07-16T19:15:00+0200,214.92,EUR/MWh,DK1,DK_1,day_ahead_price,value,2026-08-02T11:09:27Z
2026-08-02T11:05:08Z,2026-08-02T13:05:08+0200,b3181029-81fc-491a-b750-6dc59ef155aa,2026-07-16T17:30:00Z,2026-07-16T19:30:00+0200,256.02,EUR/MWh,DK1,DK_1,day_ahead_price,value,2026-08-02T11:09:27Z
2026-08-02T11:05:08Z,2026-08-02T13:05:08+0200,b3181029-81fc-491a-b750-6dc59ef155aa,2026-07-16T17:45:00Z,2026-07-16T19:45:00+0200,301.35,EUR/MWh,DK1,DK_1,day_ahead_price,value,2026-08-02T11:09:27Z
2026-08-02T11:05:08Z,2026-08-02T13:05:08+0200,b3181029-81fc-491a-b750-6dc59ef155aa,2026-07-16T18:00:00Z,2026-07-16T20:00:00+0200,280.83,EUR/MWh,DK1,DK_1,day_ahead_price,value,2026-08-02T11:09:27Z
2026-08-02T11:05:08Z,2026-08-02T13:05:08+0200,b3181029-81fc-491a-b750-6dc59ef155aa,2026-07-16T18:15:00Z,2026-07-16T20:15:00+0200,299.95,EUR/MWh,DK1,DK_1,day_ahead_price,value,2026-08-02T11:09:27Z
2026-08-02T11:05:08Z,2026-08-02T13:05:08+0200,b3181029-81fc-491a-b750-6dc59ef155aa,2026-07-16T18:30:00Z,2026-07-16T20:30:00+0200,322.29,EUR/MWh,DK1,DK_1,day_ahead_price,value,2026-08-02T11:09:27Z
2026-08-02T11:05:08Z,2026-08-02T13:05:08+0200,b3181029-81fc-491a-b750-6dc59ef155aa,2026-07-16T18:45:00Z,2026-07-16T20:45:00+0200,323.69,EUR/MWh,DK1,DK_1,day_ahead_price,value,2026-08-02T11:09:27Z
2026-08-02T11:05:08Z,2026-08-02T13:05:08+0200,b3181029-81fc-491a-b750-6dc59ef155aa,2026-07-16T19:00:00Z,2026-07-16T21:00:00+0200,331.57,EUR/MWh,DK1,DK_1,day_ahead_price,value,2026-08-02T11:09:27Z
2026-08-02T11:05:08Z,2026-08-02T13:05:08+0200,b3181029-81fc-491a-b750-6dc59ef155aa,2026-07-16T19:15:00Z,2026-07-16T21:15:00+0200,273.78,EUR/MWh,DK1,DK_1,day_ahead_price,value,2026-08-02T11:09:27Z
2026-08-02T11:05:08Z,2026-08-02T13:05:08+0200,b3181029-81fc-491a-b750-6dc59ef155aa,2026-07-16T19:30:00Z,2026-07-16T21:30:00+0200,227.65,EUR/MWh,DK1,DK_1,day_ahead_price,value,2026-08-02T11:09:27Z
2026-08-02T11:05:08Z,2026-08-02T13:05:08+0200,b3181029-81fc-491a-b750-6dc59ef155aa,2026-07-16T19:45:00Z,2026-07-16T21:45:00+0200,203.75,EUR/MWh,DK1,DK_1,day_ahead_price,value,2026-08-02T11:09:27Z
2026-08-02T11:05:08Z,2026-08-02T13:05:08+0200,b3181029-81fc-491a-b750-6dc59ef155aa,2026-07-16T20:00:00Z,2026-07-16T22:00:00+0200,228.77,EUR/MWh,DK1,DK_1,day_ahead_price,value,2026-08-02T11:09:27Z
2026-08-02T11:05:08Z,2026-08-02T13:05:08+0200,b3181029-81fc-491a-b750-6dc59ef155aa,2026-07-16T20:15:00Z,2026-07-16T22:15:00+0200,203.75,EUR/MWh,DK1,DK_1,day_ahead_price,value,2026-08-02T11:09:27Z
2026-08-02T11:05:08Z,2026-08-02T13:05:08+0200,b3181029-81fc-491a-b750-6dc59ef155aa,2026-07-16T20:30:00Z,2026-07-16T22:30:00+0200,205.0,EUR/MWh,DK1,DK_1,day_ahead_price,value,2026-08-02T11:09:27Z
2026-08-02T11:05:08Z,2026-08-02T13:05:08+0200,b3181029-81fc-491a-b750-6dc59ef155aa,2026-07-16T20:45:00Z,2026-07-16T22:45:00+0200,189.84,EUR/MWh,DK1,DK_1,day_ahead_price,value,2026-08-02T11:09:27Z
2026-08-02T11:05:08Z,2026-08-02T13:05:08+0200,b3181029-81fc-491a-b750-6dc59ef155aa,2026-07-16T21:00:00Z,2026-07-16T23:00:00+0200,196.03,EUR/MWh,DK1,DK_1,day_ahead_price,value,2026-08-02T11:09:27Z
2026-08-02T11:05:08Z,2026-08-02T13:05:08+0200,b3181029-81fc-491a-b750-6dc59ef155aa,2026-07-16T21:15:00Z,2026-07-16T23:15:00+0200,180.6,EUR/MWh,DK1,DK_1,day_ahead_price,value,2026-08-02T11:09:27Z
2026-08-02T11:05:08Z,2026-08-02T13:05:08+0200,b3181029-81fc-491a-b750-6dc59ef155aa,2026-07-16T21:30:00Z,2026-07-16T23:30:00+0200,175.1,EUR/MWh,DK1,DK_1,day_ahead_price,value,2026-08-02T11:09:27Z
2026-08-02T11:05:08Z,2026-08-02T13:05:08+0200,b3181029-81fc-491a-b750-6dc59ef155aa,2026-07-16T21:45:00Z,2026-07-16T23:45:00+0200,169.52,EUR/MWh,DK1,DK_1,day_ahead_price,value,2026-08-02T11:09:27Z
2026-08-02T11:05:08Z,2026-08-02T13:05:08+0200,b3181029-81fc-491a-b750-6dc59ef155aa,2026-07-16T22:00:00Z,2026-07-17T00:00:00+0200,175.0,EUR/MWh,DK1,DK_1,day_ahead_price,value,2026-08-02T11:09:27Z
2026-08-02T11:05:08Z,2026-08-02T13:05:08+0200,b3181029-81fc-491a-b750-6dc59ef155aa,2026-07-16T22:15:00Z,2026-07-17T00:15:00+0200,171.31,EUR/MWh,DK1,DK_1,day_ahead_price,value,2026-08-02T11:09:27Z
2026-08-02T11:05:08Z,2026-08-02T13:05:08+0200,b3181029-81fc-491a-b750-6dc59ef155aa,2026-07-16T22:30:00Z,2026-07-17T00:30:00+0200,169.45,EUR/MWh,DK1,DK_1,day_ahead_price,value,2026-08-02T11:09:27Z
2026-08-02T11:05:08Z,2026-08-02T13:05:08+0200,b3181029-81fc-491a-b750-6dc59ef155aa,2026-07-16T22:45:00Z,2026-07-17T00:45:00+0200,166.5,EUR/MWh,DK1,DK_1,day_ahead_price,value,2026-08-02T11:09:27Z
2026-08-02T11:05:08Z,2026-08-02T13:05:08+0200,b3181029-81fc-491a-b750-6dc59ef155aa,2026-07-16T23:00:00Z,2026-07-17T01:00:00+0200,167.0,EUR/MWh,DK1,DK_1,day_ahead_price,value,2026-08-02T11:09:27Z
2026-08-02T11:05:08Z,2026-08-02T13:05:08+0200,b3181029-81fc-491a-b750-6dc59ef155aa,2026-07-16T23:15:00Z,2026-07-17T01:15:00+0200,162.88,EUR/MWh,DK1,DK_1,day_ahead_price,value,2026-08-02T11:09:27Z
2026-08-02T11:05:08Z,2026-08-02T13:05:08+0200,b3181029-81fc-491a-b750-6dc59ef155aa,2026-07-16T23:30:00Z,2026-07-17T01:30:00+0200,160.64,EUR/MWh,DK1,DK_1,day_ahead_price,value,2026-08-02T11:09:27Z
2026-08-02T11:05:08Z,2026-08-02T13:05:08+0200,b3181029-81fc-491a-b750-6dc59ef155aa,2026-07-16T23:45:00Z,2026-07-17T01:45:00+0200,155.28,EUR/MWh,DK1,DK_1,day_ahead_price,value,2026-08-02T11:09:27Z
2026-08-02T11:05:08Z,2026-08-02T13:05:08+0200,b3181029-81fc-491a-b750-6dc59ef155aa,2026-07-17T00:00:00Z,2026-07-17T02:00:00+0200,156.97,EUR/MWh,DK1,DK_1,day_ahead_price,value,2026-08-02T11:09:27Z
2026-08-02T11:05:08Z,2026-08-02T13:05:08+0200,b3181029-81fc-491a-b750-6dc59ef155aa,2026-07-17T00:15:00Z,2026-07-17T02:15:00+0200,153.0,EUR/MWh,DK1,DK_1,day_ahead_price,value,2026-08-02T11:09:27Z
2026-08-02T11:05:08Z,2026-08-02T13:05:08+0200,b3181029-81fc-491a-b750-6dc59ef155aa,2026-07-17T00:30:00Z,2026-07-17T02:30:00+0200,151.91,EUR/MWh,DK1,DK_1,day_ahead_price,value,2026-08-02T11:09:27Z
2026-08-02T11:05:08Z,2026-08-02T13:05:08+0200,b3181029-81fc-491a-b750-6dc59ef155aa,2026-07-17T00:45:00Z,2026-07-17T02:45:00+0200,146.02,EUR/MWh,DK1,DK_1,day_ahead_price,value,2026-08-02T11:09:27Z
2026-08-02T11:05:08Z,2026-08-02T13:05:08+0200,b3181029-81fc-491a-b750-6dc59ef155aa,2026-07-17T01:00:00Z,2026-07-17T03:00:00+0200,148.0,EUR/MWh,DK1,DK_1,day_ahead_price,value,2026-08-02T11:09:27Z
2026-08-02T11:05:08Z,2026-08-02T13:05:08+0200,b3181029-81fc-491a-b750-6dc59ef155aa,2026-07-17T01:15:00Z,2026-07-17T03:15:00+0200,145.0,EUR/MWh,DK1,DK_1,day_ahead_price,value,2026-08-02T11:09:27Z
2026-08-02T11:05:08Z,2026-08-02T13:05:08+0200,b3181029-81fc-491a-b750-6dc59ef155aa,2026-07-17T01:30:00Z,2026-07-17T03:30:00+0200,142.0,EUR/MWh,DK1,DK_1,day_ahead_price,value,2026-08-02T11:09:27Z
2026-08-02T11:05:08Z,2026-08-02T13:05:08+0200,b3181029-81fc-491a-b750-6dc59ef155aa,2026-07-17T01:45:00Z,2026-07-17T03:45:00+0200,140.76,EUR/MWh,DK1,DK_1,day_ahead_price,value,2026-08-02T11:09:27Z
2026-08-02T11:05:08Z,2026-08-02T13:05:08+0200,b3181029-81fc-491a-b750-6dc59ef155aa,2026-07-17T02:00:00Z,2026-07-17T04:00:00+0200,141.04,EUR/MWh,DK1,DK_1,day_ahead_price,value,2026-08-02T11:09:27Z
2026-08-02T11:05:08Z,2026-08-02T13:05:08+0200,b3181029-81fc-491a-b750-6dc59ef155aa,2026-07-17T02:15:00Z,2026-07-17T04:15:00+0200,142.2,EUR/MWh,DK1,DK_1,day_ahead_price,value,2026-08-02T11:09:27Z
2026-08-02T11:05:08Z,2026-08-02T13:05:08+0200,b3181029-81fc-491a-b750-6dc59ef155aa,2026-07-17T02:30:00Z,2026-07-17T04:30:00+0200,142.35,EUR/MWh,DK1,DK_1,day_ahead_price,value,2026-08-02T11:09:27Z
2026-08-02T11:05:08Z,2026-08-02T13:05:08+0200,b3181029-81fc-491a-b750-6dc59ef155aa,2026-07-17T02:45:00Z,2026-07-17T04:45:00+0200,146.01,EUR/MWh,DK1,DK_1,day_ahead_price,value,2026-08-02T11:09:27Z
2026-08-02T11:05:08Z,2026-08-02T13:05:08+0200,b3181029-81fc-491a-b750-6dc59ef155aa,2026-07-17T03:00:00Z,2026-07-17T05:00:00+0200,150.17,EUR/MWh,DK1,DK_1,day_ahead_price,value,2026-08-02T11:09:27Z
2026-08-02T11:05:08Z,2026-08-02T13:05:08+0200,b3181029-81fc-491a-b750-6dc59ef155aa,2026-07-17T03:15:00Z,2026-07-17T05:15:00+0200,150.1,EUR/MWh,DK1,DK_1,day_ahead_price,value,2026-08-02T11:09:27Z
2026-08-02T11:05:08Z,2026-08-02T13:05:08+0200,b3181029-81fc-491a-b750-6dc59ef155aa,2026-07-17T03:30:00Z,2026-07-17T05:30:00+0200,152.54,EUR/MWh,DK1,DK_1,day_ahead_price,value,2026-08-02T11:09:27Z
2026-08-02T11:05:08Z,2026-08-02T13:05:08+0200,b3181029-81fc-491a-b750-6dc59ef155aa,2026-07-17T03:45:00Z,2026-07-17T05:45:00+0200,158.76,EUR/MWh,DK1,DK_1,day_ahead_price,value,2026-08-02T11:09:27Z
2026-08-02T11:05:08Z,2026-08-02T13:05:08+0200,b3181029-81fc-491a-b750-6dc59ef155aa,2026-07-17T04:00:00Z,2026-07-17T06:00:00+0200,162.24,EUR/MWh,DK1,DK_1,day_ahead_price,value,2026-08-02T11:09:27Z
2026-08-02T11:05:08Z,2026-08-02T13:05:08+0200,b3181029-81fc-491a-b750-6dc59ef155aa,2026-07-17T04:15:00Z,2026-07-17T06:15:00+0200,167.94,EUR/MWh,DK1,DK_1,day_ahead_price,value,2026-08-02T11:09:27Z
2026-08-02T11:05:08Z,2026-08-02T13:05:08+0200,b3181029-81fc-491a-b750-6dc59ef155aa,2026-07-17T04:30:00Z,2026-07-17T06:30:00+0200,167.36,EUR/MWh,DK1,DK_1,day_ahead_price,value,2026-08-02T11:09:27Z
2026-08-02T11:05:08Z,2026-08-02T13:05:08+0200,b3181029-81fc-491a-b750-6dc59ef155aa,2026-07-17T04:45:00Z,2026-07-17T06:45:00+0200,161.13,EUR/MWh,DK1,DK_1,day_ahead_price,value,2026-08-02T11:09:27Z
2026-08-02T11:05:08Z,2026-08-02T13:05:08+0200,b3181029-81fc-491a-b750-6dc59ef155aa,2026-07-17T05:00:00Z,2026-07-17T07:00:00+0200,176.26,EUR/MWh,DK1,DK_1,day_ahead_price,value,2026-08-02T11:09:27Z
2026-08-02T11:05:08Z,2026-08-02T13:05:08+0200,b3181029-81fc-491a-b750-6dc59ef155aa,2026-07-17T05:15:00Z,2026-07-17T07:15:00+0200,170.83,EUR/MWh,DK1,DK_1,day_ahead_price,value,2026-08-02T11:09:27Z
2026-08-02T11:05:08Z,2026-08-02T13:05:08+0200,b3181029-81fc-491a-b750-6dc59ef155aa,2026-07-17T05:30:00Z,2026-07-17T07:30:00+0200,163.58,EUR/MWh,DK1,DK_1,day_ahead_price,value,2026-08-02T11:09:27Z
2026-08-02T11:05:08Z,2026-08-02T13:05:08+0200,b3181029-81fc-491a-b750-6dc59ef155aa,2026-07-17T05:45:00Z,2026-07-17T07:45:00+0200,150.96,EUR/MWh,DK1,DK_1,day_ahead_price,value,2026-08-02T11:09:27Z
2026-08-02T11:05:08Z,2026-08-02T13:05:08+0200,b3181029-81fc-491a-b750-6dc59ef155aa,2026-07-17T06:00:00Z,2026-07-17T08:00:00+0200,175.9,EUR/MWh,DK1,DK_1,day_ahead_price,value,2026-08-02T11:09:27Z
2026-08-02T11:05:08Z,2026-08-02T13:05:08+0200,b3181029-81fc-491a-b750-6dc59ef155aa,2026-07-17T06:15:00Z,2026-07-17T08:15:00+0200,165.24,EUR/MWh,DK1,DK_1,day_ahead_price,value,2026-08-02T11:09:27Z
2026-08-02T11:05:08Z,2026-08-02T13:05:08+0200,b3181029-81fc-491a-b750-6dc59ef155aa,2026-07-17T06:30:00Z,2026-07-17T08:30:00+0200,154.48,EUR/MWh,DK1,DK_1,day_ahead_price,value,2026-08-02T11:09:27Z
2026-08-02T11:05:08Z,2026-08-02T13:05:08+0200,b3181029-81fc-491a-b750-6dc59ef155aa,2026-07-17T06:45:00Z,2026-07-17T08:45:00+0200,133.83,EUR/MWh,DK1,DK_1,day_ahead_price,value,2026-08-02T11:09:27Z
2026-08-02T11:05:08Z,2026-08-02T13:05:08+0200,b3181029-81fc-491a-b750-6dc59ef155aa,2026-07-17T07:00:00Z,2026-07-17T09:00:00+0200,150.0,EUR/MWh,DK1,DK_1,day_ahead_price,value,2026-08-02T11:09:27Z
2026-08-02T11:05:08Z,2026-08-02T13:05:08+0200,b3181029-81fc-491a-b750-6dc59ef155aa,2026-07-17T07:15:00Z,2026-07-17T09:15:00+0200,138.62,EUR/MWh,DK1,DK_1,day_ahead_price,value,2026-08-02T11:09:27Z
2026-08-02T11:05:08Z,2026-08-02T13:05:08+0200,b3181029-81fc-491a-b750-6dc59ef155aa,2026-07-17T07:30:00Z,2026-07-17T09:30:00+0200,134.25,EUR/MWh,DK1,DK_1,day_ahead_price,value,2026-08-02T11:09:27Z
2026-08-02T11:05:08Z,2026-08-02T13:05:08+0200,b3181029-81fc-491a-b750-6dc59ef155aa,2026-07-17T07:45:00Z,2026-07-17T09:45:00+0200,118.81,EUR/MWh,DK1,DK_1,day_ahead_price,value,2026-08-02T11:09:27Z
2026-08-02T11:05:08Z,2026-08-02T13:05:08+0200,b3181029-81fc-491a-b750-6dc59ef155aa,2026-07-17T08:00:00Z,2026-07-17T10:00:00+0200,148.62,EUR/MWh,DK1,DK_1,day_ahead_price,value,2026-08-02T11:09:27Z
2026-08-02T11:05:08Z,2026-08-02T13:05:08+0200,b3181029-81fc-491a-b750-6dc59ef155aa,2026-07-17T08:15:00Z,2026-07-17T10:15:00+0200,130.95,EUR/MWh,DK1,DK_1,day_ahead_price,value,2026-08-02T11:09:27Z
2026-08-02T11:05:08Z,2026-08-02T13:05:08+0200,b3181029-81fc-491a-b750-6dc59ef155aa,2026-07-17T08:30:00Z,2026-07-17T10:30:00+0200,122.04,EUR/MWh,DK1,DK_1,day_ahead_price,value,2026-08-02T11:09:27Z
2026-08-02T11:05:08Z,2026-08-02T13:05:08+0200,b3181029-81fc-491a-b750-6dc59ef155aa,2026-07-17T08:45:00Z,2026-07-17T10:45:00+0200,112.81,EUR/MWh,DK1,DK_1,day_ahead_price,value,2026-08-02T11:09:27Z
2026-08-02T11:05:08Z,2026-08-02T13:05:08+0200,b3181029-81fc-491a-b750-6dc59ef155aa,2026-07-17T09:00:00Z,2026-07-17T11:00:00+0200,120.05,EUR/MWh,DK1,DK_1,day_ahead_price,value,2026-08-02T11:09:27Z
2026-08-02T11:05:08Z,2026-08-02T13:05:08+0200,b3181029-81fc-491a-b750-6dc59ef155aa,2026-07-17T09:15:00Z,2026-07-17T11:15:00+0200,112.45,EUR/MWh,DK1,DK_1,day_ahead_price,value,2026-08-02T11:09:27Z
2026-08-02T11:05:08Z,2026-08-02T13:05:08+0200,b3181029-81fc-491a-b750-6dc59ef155aa,2026-07-17T09:30:00Z,2026-07-17T11:30:00+0200,111.92,EUR/MWh,DK1,DK_1,day_ahead_price,value,2026-08-02T11:09:27Z
2026-08-02T11:05:08Z,2026-08-02T13:05:08+0200,b3181029-81fc-491a-b750-6dc59ef155aa,2026-07-17T09:45:00Z,2026-07-17T11:45:00+0200,110.9,EUR/MWh,DK1,DK_1,day_ahead_price,value,2026-08-02T11:09:27Z
2026-08-02T11:05:08Z,2026-08-02T13:05:08+0200,b3181029-81fc-491a-b750-6dc59ef155aa,2026-07-17T10:00:00Z,2026-07-17T12:00:00+0200,111.85,EUR/MWh,DK1,DK_1,day_ahead_price,value,2026-08-02T11:09:27Z
2026-08-02T11:05:08Z,2026-08-02T13:05:08+0200,b3181029-81fc-491a-b750-6dc59ef155aa,2026-07-17T10:15:00Z,2026-07-17T12:15:00+0200,105.0,EUR/MWh,DK1,DK_1,day_ahead_price,value,2026-08-02T11:09:27Z
2026-08-02T11:05:08Z,2026-08-02T13:05:08+0200,b3181029-81fc-491a-b750-6dc59ef155aa,2026-07-17T10:30:00Z,2026-07-17T12:30:00+0200,100.0,EUR/MWh,DK1,DK_1,day_ahead_price,value,2026-08-02T11:09:27Z
2026-08-02T11:05:08Z,2026-08-02T13:05:08+0200,b3181029-81fc-491a-b750-6dc59ef155aa,2026-07-17T10:45:00Z,2026-07-17T12:45:00+0200,98.3,EUR/MWh,DK1,DK_1,day_ahead_price,value,2026-08-02T11:09:27Z
2026-08-02T11:05:08Z,2026-08-02T13:05:08+0200,b3181029-81fc-491a-b750-6dc59ef155aa,2026-07-17T11:00:00Z,2026-07-17T13:00:00+0200,98.96,EUR/MWh,DK1,DK_1,day_ahead_price,value,2026-08-02T11:09:27Z
2026-08-02T11:05:08Z,2026-08-02T13:05:08+0200,b3181029-81fc-491a-b750-6dc59ef155aa,2026-07-17T11:15:00Z,2026-07-17T13:15:00+0200,98.35,EUR/MWh,DK1,DK_1,day_ahead_price,value,2026-08-02T11:09:27Z
2026-08-02T11:05:08Z,2026-08-02T13:05:08+0200,b3181029-81fc-491a-b750-6dc59ef155aa,2026-07-17T11:30:00Z,2026-07-17T13:30:00+0200,97.81,EUR/MWh,DK1,DK_1,day_ahead_price,value,2026-08-02T11:09:27Z
2026-08-02T11:05:08Z,2026-08-02T13:05:08+0200,b3181029-81fc-491a-b750-6dc59ef155aa,2026-07-17T11:45:00Z,2026-07-17T13:45:00+0200,97.68,EUR/MWh,DK1,DK_1,day_ahead_price,value,2026-08-02T11:09:27Z
2026-08-02T11:05:08Z,2026-08-02T13:05:08+0200,b3181029-81fc-491a-b750-6dc59ef155aa,2026-07-17T12:00:00Z,2026-07-17T14:00:00+0200,97.94,EUR/MWh,DK1,DK_1,day_ahead_price,value,2026-08-02T11:09:27Z
2026-08-02T11:05:08Z,2026-08-02T13:05:08+0200,b3181029-81fc-491a-b750-6dc59ef155aa,2026-07-17T12:15:00Z,2026-07-17T14:15:00+0200,98.09,EUR/MWh,DK1,DK_1,day_ahead_price,value,2026-08-02T11:09:27Z
2026-08-02T11:05:08Z,2026-08-02T13:05:08+0200,b3181029-81fc-491a-b750-6dc59ef155aa,2026-07-17T12:30:00Z,2026-07-17T14:30:00+0200,98.41,EUR/MWh,DK1,DK_1,day_ahead_price,value,2026-08-02T11:09:27Z
2026-08-02T11:05:08Z,2026-08-02T13:05:08+0200,b3181029-81fc-491a-b750-6dc59ef155aa,2026-07-17T12:45:00Z,2026-07-17T14:45:00+0200,99.36,EUR/MWh,DK1,DK_1,day_ahead_price,value,2026-08-02T11:09:27Z
2026-08-02T11:05:08Z,2026-08-02T13:05:08+0200,b3181029-81fc-491a-b750-6dc59ef155aa,2026-07-17T13:00:00Z,2026-07-17T15:00:00+0200,99.7,EUR/MWh,DK1,DK_1,day_ahead_price,value,2026-08-02T11:09:27Z
2026-08-02T11:05:08Z,2026-08-02T13:05:08+0200,b3181029-81fc-491a-b750-6dc59ef155aa,2026-07-17T13:15:00Z,2026-07-17T15:15:00+0200,105.3,EUR/MWh,DK1,DK_1,day_ahead_price,value,2026-08-02T11:09:27Z
2026-08-02T11:05:08Z,2026-08-02T13:05:08+0200,b3181029-81fc-491a-b750-6dc59ef155aa,2026-07-17T13:30:00Z,2026-07-17T15:30:00+0200,108.69,EUR/MWh,DK1,DK_1,day_ahead_price,value,2026-08-02T11:09:27Z
2026-08-02T11:05:08Z,2026-08-02T13:05:08+0200,b3181029-81fc-491a-b750-6dc59ef155aa,2026-07-17T13:45:00Z,2026-07-17T15:45:00+0200,109.53,EUR/MWh,DK1,DK_1,day_ahead_price,value,2026-08-02T11:09:27Z
2026-08-02T11:05:08Z,2026-08-02T13:05:08+0200,b3181029-81fc-491a-b750-6dc59ef155aa,2026-07-17T14:00:00Z,2026-07-17T16:00:00+0200,105.0,EUR/MWh,DK1,DK_1,day_ahead_price,value,2026-08-02T11:09:27Z
2026-08-02T11:05:08Z,2026-08-02T13:05:08+0200,b3181029-81fc-491a-b750-6dc59ef155aa,2026-07-17T14:15:00Z,2026-07-17T16:15:00+0200,111.55,EUR/MWh,DK1,DK_1,day_ahead_price,value,2026-08-02T11:09:27Z
2026-08-02T11:05:08Z,2026-08-02T13:05:08+0200,b3181029-81fc-491a-b750-6dc59ef155aa,2026-07-17T14:30:00Z,2026-07-17T16:30:00+0200,117.06,EUR/MWh,DK1,DK_1,day_ahead_price,value,2026-08-02T11:09:27Z
2026-08-02T11:05:08Z,2026-08-02T13:05:08+0200,b3181029-81fc-491a-b750-6dc59ef155aa,2026-07-17T14:45:00Z,2026-07-17T16:45:00+0200,125.83,EUR/MWh,DK1,DK_1,day_ahead_price,value,2026-08-02T11:09:27Z
2026-08-02T11:05:08Z,2026-08-02T13:05:08+0200,b3181029-81fc-491a-b750-6dc59ef155aa,2026-07-17T15:00:00Z,2026-07-17T17:00:00+0200,114.76,EUR/MWh,DK1,DK_1,day_ahead_price,value,2026-08-02T11:09:27Z
2026-08-02T11:05:08Z,2026-08-02T13:05:08+0200,b3181029-81fc-491a-b750-6dc59ef155aa,2026-07-17T15:15:00Z,2026-07-17T17:15:00+0200,122.82,EUR/MWh,DK1,DK_1,day_ahead_price,value,2026-08-02T11:09:27Z
2026-08-02T11:05:08Z,2026-08-02T13:05:08+0200,b3181029-81fc-491a-b750-6dc59ef155aa,2026-07-17T15:30:00Z,2026-07-17T17:30:00+0200,130.81,EUR/MWh,DK1,DK_1,day_ahead_price,value,2026-08-02T11:09:27Z
2026-08-02T11:05:08Z,2026-08-02T13:05:08+0200,b3181029-81fc-491a-b750-6dc59ef155aa,2026-07-17T15:45:00Z,2026-07-17T17:45:00+0200,142.58,EUR/MWh,DK1,DK_1,day_ahead_price,value,2026-08-02T11:09:27Z
2026-08-02T11:05:08Z,2026-08-02T13:05:08+0200,b3181029-81fc-491a-b750-6dc59ef155aa,2026-07-17T16:00:00Z,2026-07-17T18:00:00+0200,123.43,EUR/MWh,DK1,DK_1,day_ahead_price,value,2026-08-02T11:09:27Z
2026-08-02T11:05:08Z,2026-08-02T13:05:08+0200,b3181029-81fc-491a-b750-6dc59ef155aa,2026-07-17T16:15:00Z,2026-07-17T18:15:00+0200,138.58,EUR/MWh,DK1,DK_1,day_ahead_price,value,2026-08-02T11:09:27Z
2026-08-02T11:05:08Z,2026-08-02T13:05:08+0200,b3181029-81fc-491a-b750-6dc59ef155aa,2026-07-17T16:30:00Z,2026-07-17T18:30:00+0200,142.3,EUR/MWh,DK1,DK_1,day_ahead_price,value,2026-08-02T11:09:27Z
2026-08-02T11:05:08Z,2026-08-02T13:05:08+0200,b3181029-81fc-491a-b750-6dc59ef155aa,2026-07-17T16:45:00Z,2026-07-17T18:45:00+0200,149.67,EUR/MWh,DK1,DK_1,day_ahead_price,value,2026-08-02T11:09:27Z
2026-08-02T11:05:08Z,2026-08-02T13:05:08+0200,b3181029-81fc-491a-b750-6dc59ef155aa,2026-07-17T17:00:00Z,2026-07-17T19:00:00+0200,145.44,EUR/MWh,DK1,DK_1,day_ahead_price,value,2026-08-02T11:09:27Z
2026-08-02T11:05:08Z,2026-08-02T13:05:08+0200,b3181029-81fc-491a-b750-6dc59ef155aa,2026-07-17T17:15:00Z,2026-07-17T19:15:00+0200,153.79,EUR/MWh,DK1,DK_1,day_ahead_price,value,2026-08-02T11:09:27Z
2026-08-02T11:05:08Z,2026-08-02T13:05:08+0200,b3181029-81fc-491a-b750-6dc59ef155aa,2026-07-17T17:30:00Z,2026-07-17T19:30:00+0200,152.94,EUR/MWh,DK1,DK_1,day_ahead_price,value,2026-08-02T11:09:27Z
2026-08-02T11:05:08Z,2026-08-02T13:05:08+0200,b3181029-81fc-491a-b750-6dc59ef155aa,2026-07-17T17:45:00Z,2026-07-17T19:45:00+0200,156.08,EUR/MWh,DK1,DK_1,day_ahead_price,value,2026-08-02T11:09:27Z
2026-08-02T11:05:08Z,2026-08-02T13:05:08+0200,b3181029-81fc-491a-b750-6dc59ef155aa,2026-07-17T18:00:00Z,2026-07-17T20:00:00+0200,149.69,EUR/MWh,DK1,DK_1,day_ahead_price,value,2026-08-02T11:09:27Z
2026-08-02T11:05:08Z,2026-08-02T13:05:08+0200,b3181029-81fc-491a-b750-6dc59ef155aa,2026-07-17T18:15:00Z,2026-07-17T20:15:00+0200,156.89,EUR/MWh,DK1,DK_1,day_ahead_price,value,2026-08-02T11:09:27Z
2026-08-02T11:05:08Z,2026-08-02T13:05:08+0200,b3181029-81fc-491a-b750-6dc59ef155aa,2026-07-17T18:30:00Z,2026-07-17T20:30:00+0200,162.89,EUR/MWh,DK1,DK_1,day_ahead_price,value,2026-08-02T11:09:27Z
2026-08-02T11:05:08Z,2026-08-02T13:05:08+0200,b3181029-81fc-491a-b750-6dc59ef155aa,2026-07-17T18:45:00Z,2026-07-17T20:45:00+0200,170.94,EUR/MWh,DK1,DK_1,day_ahead_price,value,2026-08-02T11:09:27Z
2026-08-02T11:05:08Z,2026-08-02T13:05:08+0200,b3181029-81fc-491a-b750-6dc59ef155aa,2026-07-17T19:00:00Z,2026-07-17T21:00:00+0200,165.81,EUR/MWh,DK1,DK_1,day_ahead_price,value,2026-08-02T11:09:27Z
2026-08-02T11:05:08Z,2026-08-02T13:05:08+0200,b3181029-81fc-491a-b750-6dc59ef155aa,2026-07-17T19:15:00Z,2026-07-17T21:15:00+0200,166.12,EUR/MWh,DK1,DK_1,day_ahead_price,value,2026-08-02T11:09:27Z
2026-08-02T11:05:08Z,2026-08-02T13:05:08+0200,b3181029-81fc-491a-b750-6dc59ef155aa,2026-07-17T19:30:00Z,2026-07-17T21:30:00+0200,169.26,EUR/MWh,DK1,DK_1,day_ahead_price,value,2026-08-02T11:09:27Z
2026-08-02T11:05:08Z,2026-08-02T13:05:08+0200,b3181029-81fc-491a-b750-6dc59ef155aa,2026-07-17T19:45:00Z,2026-07-17T21:45:00+0200,168.49,EUR/MWh,DK1,DK_1,day_ahead_price,value,2026-08-02T11:09:27Z
2026-08-02T11:05:08Z,2026-08-02T13:05:08+0200,b3181029-81fc-491a-b750-6dc59ef155aa,2026-07-17T20:00:00Z,2026-07-17T22:00:00+0200,169.18,EUR/MWh,DK1,DK_1,day_ahead_price,value,2026-08-02T11:09:27Z
2026-08-02T11:05:08Z,2026-08-02T13:05:08+0200,b3181029-81fc-491a-b750-6dc59ef155aa,2026-07-17T20:15:00Z,2026-07-17T22:15:00+0200,165.71,EUR/MWh,DK1,DK_1,day_ahead_price,value,2026-08-02T11:09:27Z
2026-08-02T11:05:08Z,2026-08-02T13:05:08+0200,b3181029-81fc-491a-b750-6dc59ef155aa,2026-07-17T20:30:00Z,2026-07-17T22:30:00+0200,164.66,EUR/MWh,DK1,DK_1,day_ahead_price,value,2026-08-02T11:09:27Z
2026-08-02T11:05:08Z,2026-08-02T13:05:08+0200,b3181029-81fc-491a-b750-6dc59ef155aa,2026-07-17T20:45:00Z,2026-07-17T22:45:00+0200,160.08,EUR/MWh,DK1,DK_1,day_ahead_price,value,2026-08-02T11:09:27Z
2026-08-02T11:05:08Z,2026-08-02T13:05:08+0200,b3181029-81fc-491a-b750-6dc59ef155aa,2026-07-17T21:00:00Z,2026-07-17T23:00:00+0200,162.83,EUR/MWh,DK1,DK_1,day_ahead_price,value,2026-08-02T11:09:27Z
2026-08-02T11:05:08Z,2026-08-02T13:05:08+0200,b3181029-81fc-491a-b750-6dc59ef155aa,2026-07-17T21:15:00Z,2026-07-17T23:15:00+0200,160.66,EUR/MWh,DK1,DK_1,day_ahead_price,value,2026-08-02T11:09:27Z
2026-08-02T11:05:08Z,2026-08-02T13:05:08+0200,b3181029-81fc-491a-b750-6dc59ef155aa,2026-07-17T21:30:00Z,2026-07-17T23:30:00+0200,159.04,EUR/MWh,DK1,DK_1,day_ahead_price,value,2026-08-02T11:09:27Z
2026-08-02T11:05:08Z,2026-08-02T13:05:08+0200,b3181029-81fc-491a-b750-6dc59ef155aa,2026-07-17T21:45:00Z,2026-07-17T23:45:00+0200,150.48,EUR/MWh,DK1,DK_1,day_ahead_price,value,2026-08-02T11:09:27Z
2026-08-02T11:05:08Z,2026-08-02T13:05:08+0200,b3181029-81fc-491a-b750-6dc59ef155aa,2026-07-17T22:00:00Z,2026-07-18T00:00:00+0200,168.41,EUR/MWh,DK1,DK_1,day_ahead_price,value,2026-08-02T11:09:27Z
2026-08-02T11:05:08Z,2026-08-02T13:05:08+0200,b3181029-81fc-491a-b750-6dc59ef155aa,2026-07-17T22:15:00Z,2026-07-18T00:15:00+0200,160.110001,EUR/MWh,DK1,DK_1,day_ahead_price,value,2026-08-02T11:09:27Z
2026-08-02T11:05:08Z,2026-08-02T13:05:08+0200,b3181029-81fc-491a-b750-6dc59ef155aa,2026-07-17T22:30:00Z,2026-07-18T00:30:00+0200,151.24,EUR/MWh,DK1,DK_1,day_ahead_price,value,2026-08-02T11:09:27Z
2026-08-02T11:05:08Z,2026-08-02T13:05:08+0200,b3181029-81fc-491a-b750-6dc59ef155aa,2026-07-17T22:45:00Z,2026-07-18T00:45:00+0200,145.0,EUR/MWh,DK1,DK_1,day_ahead_price,value,2026-08-02T11:09:27Z
2026-08-02T11:05:08Z,2026-08-02T13:05:08+0200,b3181029-81fc-491a-b750-6dc59ef155aa,2026-07-17T23:00:00Z,2026-07-18T01:00:00+0200,152.94,EUR/MWh,DK1,DK_1,day_ahead_price,value,2026-08-02T11:09:27Z
2026-08-02T11:05:08Z,2026-08-02T13:05:08+0200,b3181029-81fc-491a-b750-6dc59ef155aa,2026-07-17T23:15:00Z,2026-07-18T01:15:00+0200,146.81,EUR/MWh,DK1,DK_1,day_ahead_price,value,2026-08-02T11:09:27Z
2026-08-02T11:05:08Z,2026-08-02T13:05:08+0200,b3181029-81fc-491a-b750-6dc59ef155aa,2026-07-17T23:30:00Z,2026-07-18T01:30:00+0200,143.33,EUR/MWh,DK1,DK_1,day_ahead_price,value,2026-08-02T11:09:27Z
2026-08-02T11:05:08Z,2026-08-02T13:05:08+0200,b3181029-81fc-491a-b750-6dc59ef155aa,2026-07-17T23:45:00Z,2026-07-18T01:45:00+0200,138.39,EUR/MWh,DK1,DK_1,day_ahead_price,value,2026-08-02T11:09:27Z
2026-08-02T11:05:08Z,2026-08-02T13:05:08+0200,b3181029-81fc-491a-b750-6dc59ef155aa,2026-07-18T00:00:00Z,2026-07-18T02:00:00+0200,146.13,EUR/MWh,DK1,DK_1,day_ahead_price,value,2026-08-02T11:09:27Z
2026-08-02T11:05:08Z,2026-08-02T13:05:08+0200,b3181029-81fc-491a-b750-6dc59ef155aa,2026-07-18T00:15:00Z,2026-07-18T02:15:00+0200,142.61,EUR/MWh,DK1,DK_1,day_ahead_price,value,2026-08-02T11:09:27Z
2026-08-02T11:05:08Z,2026-08-02T13:05:08+0200,b3181029-81fc-491a-b750-6dc59ef155aa,2026-07-18T00:30:00Z,2026-07-18T02:30:00+0200,139.09,EUR/MWh,DK1,DK_1,day_ahead_price,value,2026-08-02T11:09:27Z
2026-08-02T11:05:08Z,2026-08-02T13:05:08+0200,b3181029-81fc-491a-b750-6dc59ef155aa,2026-07-18T00:45:00Z,2026-07-18T02:45:00+0200,140.17,EUR/MWh,DK1,DK_1,day_ahead_price,value,2026-08-02T11:09:27Z
2026-08-02T11:05:08Z,2026-08-02T13:05:08+0200,b3181029-81fc-491a-b750-6dc59ef155aa,2026-07-18T01:00:00Z,2026-07-18T03:00:00+0200,137.210007,EUR/MWh,DK1,DK_1,day_ahead_price,value,2026-08-02T11:09:27Z
2026-08-02T11:05:08Z,2026-08-02T13:05:08+0200,b3181029-81fc-491a-b750-6dc59ef155aa,2026-07-18T01:15:00Z,2026-07-18T03:15:00+0200,135.550003,EUR/MWh,DK1,DK_1,day_ahead_price,value,2026-08-02T11:09:27Z
2026-08-02T11:05:08Z,2026-08-02T13:05:08+0200,b3181029-81fc-491a-b750-6dc59ef155aa,2026-07-18T01:30:00Z,2026-07-18T03:30:00+0200,135.0,EUR/MWh,DK1,DK_1,day_ahead_price,value,2026-08-02T11:09:27Z
2026-08-02T11:05:08Z,2026-08-02T13:05:08+0200,b3181029-81fc-491a-b750-6dc59ef155aa,2026-07-18T01:45:00Z,2026-07-18T03:45:00+0200,133.44,EUR/MWh,DK1,DK_1,day_ahead_price,value,2026-08-02T11:09:27Z
2026-08-02T11:05:08Z,2026-08-02T13:05:08+0200,b3181029-81fc-491a-b750-6dc59ef155aa,2026-07-18T02:00:00Z,2026-07-18T04:00:00+0200,134.43,EUR/MWh,DK1,DK_1,day_ahead_price,value,2026-08-02T11:09:27Z
2026-08-02T11:05:08Z,2026-08-02T13:05:08+0200,b3181029-81fc-491a-b750-6dc59ef155aa,2026-07-18T02:15:00Z,2026-07-18T04:15:00+0200,133.42,EUR/MWh,DK1,DK_1,day_ahead_price,value,2026-08-02T11:09:27Z
2026-08-02T11:05:08Z,2026-08-02T13:05:08+0200,b3181029-81fc-491a-b750-6dc59ef155aa,2026-07-18T02:30:00Z,2026-07-18T04:30:00+0200,132.35,EUR/MWh,DK1,DK_1,day_ahead_price,value,2026-08-02T11:09:27Z
2026-08-02T11:05:08Z,2026-08-02T13:05:08+0200,b3181029-81fc-491a-b750-6dc59ef155aa,2026-07-18T02:45:00Z,2026-07-18T04:45:00+0200,130.279999,EUR/MWh,DK1,DK_1,day_ahead_price,value,2026-08-02T11:09:27Z
2026-08-02T11:05:08Z,2026-08-02T13:05:08+0200,b3181029-81fc-491a-b750-6dc59ef155aa,2026-07-18T03:00:00Z,2026-07-18T05:00:00+0200,127.28,EUR/MWh,DK1,DK_1,day_ahead_price,value,2026-08-02T11:09:27Z
2026-08-02T11:05:08Z,2026-08-02T13:05:08+0200,b3181029-81fc-491a-b750-6dc59ef155aa,2026-07-18T03:15:00Z,2026-07-18T05:15:00+0200,125.99,EUR/MWh,DK1,DK_1,day_ahead_price,value,2026-08-02T11:09:27Z
2026-08-02T11:05:08Z,2026-08-02T13:05:08+0200,b3181029-81fc-491a-b750-6dc59ef155aa,2026-07-18T03:30:00Z,2026-07-18T05:30:00+0200,124.25,EUR/MWh,DK1,DK_1,day_ahead_price,value,2026-08-02T11:09:27Z
2026-08-02T11:05:08Z,2026-08-02T13:05:08+0200,b3181029-81fc-491a-b750-6dc59ef155aa,2026-07-18T03:45:00Z,2026-07-18T05:45:00+0200,122.400002,EUR/MWh,DK1,DK_1,day_ahead_price,value,2026-08-02T11:09:27Z
2026-08-02T11:05:08Z,2026-08-02T13:05:08+0200,b3181029-81fc-491a-b750-6dc59ef155aa,2026-07-18T04:00:00Z,2026-07-18T06:00:00+0200,122.330002,EUR/MWh,DK1,DK_1,day_ahead_price,value,2026-08-02T11:09:27Z
2026-08-02T11:05:08Z,2026-08-02T13:05:08+0200,b3181029-81fc-491a-b750-6dc59ef155aa,2026-07-18T04:15:00Z,2026-07-18T06:15:00+0200,121.540001,EUR/MWh,DK1,DK_1,day_ahead_price,value,2026-08-02T11:09:27Z
2026-08-02T11:05:08Z,2026-08-02T13:05:08+0200,b3181029-81fc-491a-b750-6dc59ef155aa,2026-07-18T04:30:00Z,2026-07-18T06:30:00+0200,121.32,EUR/MWh,DK1,DK_1,day_ahead_price,value,2026-08-02T11:09:27Z
2026-08-02T11:05:08Z,2026-08-02T13:05:08+0200,b3181029-81fc-491a-b750-6dc59ef155aa,2026-07-18T04:45:00Z,2026-07-18T06:45:00+0200,118.010002,EUR/MWh,DK1,DK_1,day_ahead_price,value,2026-08-02T11:09:27Z
2026-08-02T11:05:08Z,2026-08-02T13:05:08+0200,b3181029-81fc-491a-b750-6dc59ef155aa,2026-07-18T05:00:00Z,2026-07-18T07:00:00+0200,122.410004,EUR/MWh,DK1,DK_1,day_ahead_price,value,2026-08-02T11:09:27Z
2026-08-02T11:05:08Z,2026-08-02T13:05:08+0200,b3181029-81fc-491a-b750-6dc59ef155aa,2026-07-18T05:15:00Z,2026-07-18T07:15:00+0200,119.779999,EUR/MWh,DK1,DK_1,day_ahead_price,value,2026-08-02T11:09:27Z
2026-08-02T11:05:08Z,2026-08-02T13:05:08+0200,b3181029-81fc-491a-b750-6dc59ef155aa,2026-07-18T05:30:00Z,2026-07-18T07:30:00+0200,109.519997,EUR/MWh,DK1,DK_1,day_ahead_price,value,2026-08-02T11:09:27Z
2026-08-02T11:05:08Z,2026-08-02T13:05:08+0200,b3181029-81fc-491a-b750-6dc59ef155aa,2026-07-18T05:45:00Z,2026-07-18T07:45:00+0200,96.879997,EUR/MWh,DK1,DK_1,day_ahead_price,value,2026-08-02T11:09:27Z
2026-08-02T11:05:08Z,2026-08-02T13:05:08+0200,b3181029-81fc-491a-b750-6dc59ef155aa,2026-07-18T06:00:00Z,2026-07-18T08:00:00+0200,119.080002,EUR/MWh,DK1,DK_1,day_ahead_price,value,2026-08-02T11:09:27Z
2026-08-02T11:05:08Z,2026-08-02T13:05:08+0200,b3181029-81fc-491a-b750-6dc59ef155aa,2026-07-18T06:15:00Z,2026-07-18T08:15:00+0200,106.87,EUR/MWh,DK1,DK_1,day_ahead_price,value,2026-08-02T11:09:27Z
2026-08-02T11:05:08Z,2026-08-02T13:05:08+0200,b3181029-81fc-491a-b750-6dc59ef155aa,2026-07-18T06:30:00Z,2026-07-18T08:30:00+0200,91.03,EUR/MWh,DK1,DK_1,day_ahead_price,value,2026-08-02T11:09:27Z
2026-08-02T11:05:08Z,2026-08-02T13:05:08+0200,b3181029-81fc-491a-b750-6dc59ef155aa,2026-07-18T06:45:00Z,2026-07-18T08:45:00+0200,72.46,EUR/MWh,DK1,DK_1,day_ahead_price,value,2026-08-02T11:09:27Z
2026-08-02T11:05:08Z,2026-08-02T13:05:08+0200,b3181029-81fc-491a-b750-6dc59ef155aa,2026-07-18T07:00:00Z,2026-07-18T09:00:00+0200,82.67,EUR/MWh,DK1,DK_1,day_ahead_price,value,2026-08-02T11:09:27Z
2026-08-02T11:05:08Z,2026-08-02T13:05:08+0200,b3181029-81fc-491a-b750-6dc59ef155aa,2026-07-18T07:15:00Z,2026-07-18T09:15:00+0200,57.650002,EUR/MWh,DK1,DK_1,day_ahead_price,value,2026-08-02T11:09:27Z
2026-08-02T11:05:08Z,2026-08-02T13:05:08+0200,b3181029-81fc-491a-b750-6dc59ef155aa,2026-07-18T07:30:00Z,2026-07-18T09:30:00+0200,27.969999,EUR/MWh,DK1,DK_1,day_ahead_price,value,2026-08-02T11:09:27Z
2026-08-02T11:05:08Z,2026-08-02T13:05:08+0200,b3181029-81fc-491a-b750-6dc59ef155aa,2026-07-18T07:45:00Z,2026-07-18T09:45:00+0200,11.0,EUR/MWh,DK1,DK_1,day_ahead_price,value,2026-08-02T11:09:27Z
2026-08-02T11:05:08Z,2026-08-02T13:05:08+0200,b3181029-81fc-491a-b750-6dc59ef155aa,2026-07-18T08:00:00Z,2026-07-18T10:00:00+0200,21.82,EUR/MWh,DK1,DK_1,day_ahead_price,value,2026-08-02T11:09:27Z
2026-08-02T11:05:08Z,2026-08-02T13:05:08+0200,b3181029-81fc-491a-b750-6dc59ef155aa,2026-07-18T08:15:00Z,2026-07-18T10:15:00+0200,11.96,EUR/MWh,DK1,DK_1,day_ahead_price,value,2026-08-02T11:09:27Z
2026-08-02T11:05:08Z,2026-08-02T13:05:08+0200,b3181029-81fc-491a-b750-6dc59ef155aa,2026-07-18T08:30:00Z,2026-07-18T10:30:00+0200,4.99,EUR/MWh,DK1,DK_1,day_ahead_price,value,2026-08-02T11:09:27Z
2026-08-02T11:05:08Z,2026-08-02T13:05:08+0200,b3181029-81fc-491a-b750-6dc59ef155aa,2026-07-18T08:45:00Z,2026-07-18T10:45:00+0200,1.31,EUR/MWh,DK1,DK_1,day_ahead_price,value,2026-08-02T11:09:27Z
2026-08-02T11:05:08Z,2026-08-02T13:05:08+0200,b3181029-81fc-491a-b750-6dc59ef155aa,2026-07-18T09:00:00Z,2026-07-18T11:00:00+0200,0.59,EUR/MWh,DK1,DK_1,day_ahead_price,value,2026-08-02T11:09:27Z
2026-08-02T11:05:08Z,2026-08-02T13:05:08+0200,b3181029-81fc-491a-b750-6dc59ef155aa,2026-07-18T09:15:00Z,2026-07-18T11:15:00+0200,0.46,EUR/MWh,DK1,DK_1,day_ahead_price,value,2026-08-02T11:09:27Z
2026-08-02T11:05:08Z,2026-08-02T13:05:08+0200,b3181029-81fc-491a-b750-6dc59ef155aa,2026-07-18T09:30:00Z,2026-07-18T11:30:00+0200,0.13,EUR/MWh,DK1,DK_1,day_ahead_price,value,2026-08-02T11:09:27Z
2026-08-02T11:05:08Z,2026-08-02T13:05:08+0200,b3181029-81fc-491a-b750-6dc59ef155aa,2026-07-18T09:45:00Z,2026-07-18T11:45:00+0200,0.08,EUR/MWh,DK1,DK_1,day_ahead_price,value,2026-08-02T11:09:27Z
2026-08-02T11:05:08Z,2026-08-02T13:05:08+0200,b3181029-81fc-491a-b750-6dc59ef155aa,2026-07-18T10:00:00Z,2026-07-18T12:00:00+0200,-0.01,EUR/MWh,DK1,DK_1,day_ahead_price,value,2026-08-02T11:09:27Z
2026-08-02T11:05:08Z,2026-08-02T13:05:08+0200,b3181029-81fc-491a-b750-6dc59ef155aa,2026-07-18T10:15:00Z,2026-07-18T12:15:00+0200,-0.04,EUR/MWh,DK1,DK_1,day_ahead_price,value,2026-08-02T11:09:27Z
2026-08-02T11:05:08Z,2026-08-02T13:05:08+0200,b3181029-81fc-491a-b750-6dc59ef155aa,2026-07-18T10:30:00Z,2026-07-18T12:30:00+0200,-0.04,EUR/MWh,DK1,DK_1,day_ahead_price,value,2026-08-02T11:09:27Z
2026-08-02T11:05:08Z,2026-08-02T13:05:08+0200,b3181029-81fc-491a-b750-6dc59ef155aa,2026-07-18T10:45:00Z,2026-07-18T12:45:00+0200,-0.05,EUR/MWh,DK1,DK_1,day_ahead_price,value,2026-08-02T11:09:27Z
2026-08-02T11:05:08Z,2026-08-02T13:05:08+0200,b3181029-81fc-491a-b750-6dc59ef155aa,2026-07-18T11:00:00Z,2026-07-18T13:00:00+0200,-0.55,EUR/MWh,DK1,DK_1,day_ahead_price,value,2026-08-02T11:09:27Z
2026-08-02T11:05:08Z,2026-08-02T13:05:08+0200,b3181029-81fc-491a-b750-6dc59ef155aa,2026-07-18T11:15:00Z,2026-07-18T13:15:00+0200,-0.61,EUR/MWh,DK1,DK_1,day_ahead_price,value,2026-08-02T11:09:27Z
2026-08-02T11:05:08Z,2026-08-02T13:05:08+0200,b3181029-81fc-491a-b750-6dc59ef155aa,2026-07-18T11:30:00Z,2026-07-18T13:30:00+0200,-0.69,EUR/MWh,DK1,DK_1,day_ahead_price,value,2026-08-02T11:09:27Z
2026-08-02T11:05:08Z,2026-08-02T13:05:08+0200,b3181029-81fc-491a-b750-6dc59ef155aa,2026-07-18T11:45:00Z,2026-07-18T13:45:00+0200,-1.18,EUR/MWh,DK1,DK_1,day_ahead_price,value,2026-08-02T11:09:27Z
2026-08-02T11:05:08Z,2026-08-02T13:05:08+0200,b3181029-81fc-491a-b750-6dc59ef155aa,2026-07-18T12:00:00Z,2026-07-18T14:00:00+0200,-1.32,EUR/MWh,DK1,DK_1,day_ahead_price,value,2026-08-02T11:09:27Z
2026-08-02T11:05:08Z,2026-08-02T13:05:08+0200,b3181029-81fc-491a-b750-6dc59ef155aa,2026-07-18T12:15:00Z,2026-07-18T14:15:00+0200,-1.44,EUR/MWh,DK1,DK_1,day_ahead_price,value,2026-08-02T11:09:27Z
2026-08-02T11:05:08Z,2026-08-02T13:05:08+0200,b3181029-81fc-491a-b750-6dc59ef155aa,2026-07-18T12:30:00Z,2026-07-18T14:30:00+0200,-1.29,EUR/MWh,DK1,DK_1,day_ahead_price,value,2026-08-02T11:09:27Z
2026-08-02T11:05:08Z,2026-08-02T13:05:08+0200,b3181029-81fc-491a-b750-6dc59ef155aa,2026-07-18T12:45:00Z,2026-07-18T14:45:00+0200,-1.33,EUR/MWh,DK1,DK_1,day_ahead_price,value,2026-08-02T11:09:27Z
2026-08-02T11:05:08Z,2026-08-02T13:05:08+0200,b3181029-81fc-491a-b750-6dc59ef155aa,2026-07-18T13:00:00Z,2026-07-18T15:00:00+0200,-1.26,EUR/MWh,DK1,DK_1,day_ahead_price,value,2026-08-02T11:09:27Z
2026-08-02T11:05:08Z,2026-08-02T13:05:08+0200,b3181029-81fc-491a-b750-6dc59ef155aa,2026-07-18T13:15:00Z,2026-07-18T15:15:00+0200,-1.38,EUR/MWh,DK1,DK_1,day_ahead_price,value,2026-08-02T11:09:27Z
2026-08-02T11:05:08Z,2026-08-02T13:05:08+0200,b3181029-81fc-491a-b750-6dc59ef155aa,2026-07-18T13:30:00Z,2026-07-18T15:30:00+0200,-1.47,EUR/MWh,DK1,DK_1,day_ahead_price,value,2026-08-02T11:09:27Z
2026-08-02T11:05:08Z,2026-08-02T13:05:08+0200,b3181029-81fc-491a-b750-6dc59ef155aa,2026-07-18T13:45:00Z,2026-07-18T15:45:00+0200,-2.91,EUR/MWh,DK1,DK_1,day_ahead_price,value,2026-08-02T11:09:27Z
2026-08-02T11:05:08Z,2026-08-02T13:05:08+0200,b3181029-81fc-491a-b750-6dc59ef155aa,2026-07-18T14:00:00Z,2026-07-18T16:00:00+0200,-1.04,EUR/MWh,DK1,DK_1,day_ahead_price,value,2026-08-02T11:09:27Z
2026-08-02T11:05:08Z,2026-08-02T13:05:08+0200,b3181029-81fc-491a-b750-6dc59ef155aa,2026-07-18T14:15:00Z,2026-07-18T16:15:00+0200,-0.39,EUR/MWh,DK1,DK_1,day_ahead_price,value,2026-08-02T11:09:27Z
2026-08-02T11:05:08Z,2026-08-02T13:05:08+0200,b3181029-81fc-491a-b750-6dc59ef155aa,2026-07-18T14:30:00Z,2026-07-18T16:30:00+0200,-0.03,EUR/MWh,DK1,DK_1,day_ahead_price,value,2026-08-02T11:09:27Z
2026-08-02T11:05:08Z,2026-08-02T13:05:08+0200,b3181029-81fc-491a-b750-6dc59ef155aa,2026-07-18T14:45:00Z,2026-07-18T16:45:00+0200,0.98,EUR/MWh,DK1,DK_1,day_ahead_price,value,2026-08-02T11:09:27Z
2026-08-02T11:05:08Z,2026-08-02T13:05:08+0200,b3181029-81fc-491a-b750-6dc59ef155aa,2026-07-18T15:00:00Z,2026-07-18T17:00:00+0200,-0.01,EUR/MWh,DK1,DK_1,day_ahead_price,value,2026-08-02T11:09:27Z
2026-08-02T11:05:08Z,2026-08-02T13:05:08+0200,b3181029-81fc-491a-b750-6dc59ef155aa,2026-07-18T15:15:00Z,2026-07-18T17:15:00+0200,0.47,EUR/MWh,DK1,DK_1,day_ahead_price,value,2026-08-02T11:09:27Z
2026-08-02T11:05:08Z,2026-08-02T13:05:08+0200,b3181029-81fc-491a-b750-6dc59ef155aa,2026-07-18T15:30:00Z,2026-07-18T17:30:00+0200,0.5,EUR/MWh,DK1,DK_1,day_ahead_price,value,2026-08-02T11:09:27Z
2026-08-02T11:05:08Z,2026-08-02T13:05:08+0200,b3181029-81fc-491a-b750-6dc59ef155aa,2026-07-18T15:45:00Z,2026-07-18T17:45:00+0200,2.93,EUR/MWh,DK1,DK_1,day_ahead_price,value,2026-08-02T11:09:27Z
2026-08-02T11:05:08Z,2026-08-02T13:05:08+0200,b3181029-81fc-491a-b750-6dc59ef155aa,2026-07-18T16:00:00Z,2026-07-18T18:00:00+0200,2.61,EUR/MWh,DK1,DK_1,day_ahead_price,value,2026-08-02T11:09:27Z
2026-08-02T11:05:08Z,2026-08-02T13:05:08+0200,b3181029-81fc-491a-b750-6dc59ef155aa,2026-07-18T16:15:00Z,2026-07-18T18:15:00+0200,41.119999,EUR/MWh,DK1,DK_1,day_ahead_price,value,2026-08-02T11:09:27Z
2026-08-02T11:05:08Z,2026-08-02T13:05:08+0200,b3181029-81fc-491a-b750-6dc59ef155aa,2026-07-18T16:30:00Z,2026-07-18T18:30:00+0200,83.709999,EUR/MWh,DK1,DK_1,day_ahead_price,value,2026-08-02T11:09:27Z
2026-08-02T11:05:08Z,2026-08-02T13:05:08+0200,b3181029-81fc-491a-b750-6dc59ef155aa,2026-07-18T16:45:00Z,2026-07-18T18:45:00+0200,101.199997,EUR/MWh,DK1,DK_1,day_ahead_price,value,2026-08-02T11:09:27Z
2026-08-02T11:05:08Z,2026-08-02T13:05:08+0200,b3181029-81fc-491a-b750-6dc59ef155aa,2026-07-18T17:00:00Z,2026-07-18T19:00:00+0200,87.559998,EUR/MWh,DK1,DK_1,day_ahead_price,value,2026-08-02T11:09:27Z
2026-08-02T11:05:08Z,2026-08-02T13:05:08+0200,b3181029-81fc-491a-b750-6dc59ef155aa,2026-07-18T17:15:00Z,2026-07-18T19:15:00+0200,104.720001,EUR/MWh,DK1,DK_1,day_ahead_price,value,2026-08-02T11:09:27Z
2026-08-02T11:05:08Z,2026-08-02T13:05:08+0200,b3181029-81fc-491a-b750-6dc59ef155aa,2026-07-18T17:30:00Z,2026-07-18T19:30:00+0200,112.669998,EUR/MWh,DK1,DK_1,day_ahead_price,value,2026-08-02T11:09:27Z
2026-08-02T11:05:08Z,2026-08-02T13:05:08+0200,b3181029-81fc-491a-b750-6dc59ef155aa,2026-07-18T17:45:00Z,2026-07-18T19:45:00+0200,116.260002,EUR/MWh,DK1,DK_1,day_ahead_price,value,2026-08-02T11:09:27Z
2026-08-02T11:05:08Z,2026-08-02T13:05:08+0200,b3181029-81fc-491a-b750-6dc59ef155aa,2026-07-18T18:00:00Z,2026-07-18T20:00:00+0200,118.74,EUR/MWh,DK1,DK_1,day_ahead_price,value,2026-08-02T11:09:27Z
2026-08-02T11:05:08Z,2026-08-02T13:05:08+0200,b3181029-81fc-491a-b750-6dc59ef155aa,2026-07-18T18:15:00Z,2026-07-18T20:15:00+0200,125.84,EUR/MWh,DK1,DK_1,day_ahead_price,value,2026-08-02T11:09:27Z
2026-08-02T11:05:08Z,2026-08-02T13:05:08+0200,b3181029-81fc-491a-b750-6dc59ef155aa,2026-07-18T18:30:00Z,2026-07-18T20:30:00+0200,128.33,EUR/MWh,DK1,DK_1,day_ahead_price,value,2026-08-02T11:09:27Z
2026-08-02T11:05:08Z,2026-08-02T13:05:08+0200,b3181029-81fc-491a-b750-6dc59ef155aa,2026-07-18T18:45:00Z,2026-07-18T20:45:00+0200,134.47,EUR/MWh,DK1,DK_1,day_ahead_price,value,2026-08-02T11:09:27Z
2026-08-02T11:05:08Z,2026-08-02T13:05:08+0200,b3181029-81fc-491a-b750-6dc59ef155aa,2026-07-18T19:00:00Z,2026-07-18T21:00:00+0200,135.149994,EUR/MWh,DK1,DK_1,day_ahead_price,value,2026-08-02T11:09:27Z
2026-08-02T11:05:08Z,2026-08-02T13:05:08+0200,b3181029-81fc-491a-b750-6dc59ef155aa,2026-07-18T19:15:00Z,2026-07-18T21:15:00+0200,135.61,EUR/MWh,DK1,DK_1,day_ahead_price,value,2026-08-02T11:09:27Z
2026-08-02T11:05:08Z,2026-08-02T13:05:08+0200,b3181029-81fc-491a-b750-6dc59ef155aa,2026-07-18T19:30:00Z,2026-07-18T21:30:00+0200,136.86,EUR/MWh,DK1,DK_1,day_ahead_price,value,2026-08-02T11:09:27Z
2026-08-02T11:05:08Z,2026-08-02T13:05:08+0200,b3181029-81fc-491a-b750-6dc59ef155aa,2026-07-18T19:45:00Z,2026-07-18T21:45:00+0200,136.39,EUR/MWh,DK1,DK_1,day_ahead_price,value,2026-08-02T11:09:27Z
2026-08-02T11:05:08Z,2026-08-02T13:05:08+0200,b3181029-81fc-491a-b750-6dc59ef155aa,2026-07-18T20:00:00Z,2026-07-18T22:00:00+0200,141.41,EUR/MWh,DK1,DK_1,day_ahead_price,value,2026-08-02T11:09:27Z
2026-08-02T11:05:08Z,2026-08-02T13:05:08+0200,b3181029-81fc-491a-b750-6dc59ef155aa,2026-07-18T20:15:00Z,2026-07-18T22:15:00+0200,139.990005,EUR/MWh,DK1,DK_1,day_ahead_price,value,2026-08-02T11:09:27Z
2026-08-02T11:05:08Z,2026-08-02T13:05:08+0200,b3181029-81fc-491a-b750-6dc59ef155aa,2026-07-18T20:30:00Z,2026-07-18T22:30:00+0200,140.309998,EUR/MWh,DK1,DK_1,day_ahead_price,value,2026-08-02T11:09:27Z
2026-08-02T11:05:08Z,2026-08-02T13:05:08+0200,b3181029-81fc-491a-b750-6dc59ef155aa,2026-07-18T20:45:00Z,2026-07-18T22:45:00+0200,139.83,EUR/MWh,DK1,DK_1,day_ahead_price,value,2026-08-02T11:09:27Z
2026-08-02T11:05:08Z,2026-08-02T13:05:08+0200,b3181029-81fc-491a-b750-6dc59ef155aa,2026-07-18T21:00:00Z,2026-07-18T23:00:00+0200,139.809998,EUR/MWh,DK1,DK_1,day_ahead_price,value,2026-08-02T11:09:27Z
2026-08-02T11:05:08Z,2026-08-02T13:05:08+0200,b3181029-81fc-491a-b750-6dc59ef155aa,2026-07-18T21:15:00Z,2026-07-18T23:15:00+0200,139.070007,EUR/MWh,DK1,DK_1,day_ahead_price,value,2026-08-02T11:09:27Z
2026-08-02T11:05:08Z,2026-08-02T13:05:08+0200,b3181029-81fc-491a-b750-6dc59ef155aa,2026-07-18T21:30:00Z,2026-07-18T23:30:00+0200,139.54,EUR/MWh,DK1,DK_1,day_ahead_price,value,2026-08-02T11:09:27Z
2026-08-02T11:05:08Z,2026-08-02T13:05:08+0200,b3181029-81fc-491a-b750-6dc59ef155aa,2026-07-18T21:45:00Z,2026-07-18T23:45:00+0200,137.059998,EUR/MWh,DK1,DK_1,day_ahead_price,value,2026-08-02T11:09:27Z
2026-08-02T11:05:08Z,2026-08-02T13:05:08+0200,b3181029-81fc-491a-b750-6dc59ef155aa,2026-07-18T22:00:00Z,2026-07-19T00:00:00+0200,145.59,EUR/MWh,DK1,DK_1,day_ahead_price,value,2026-08-02T11:09:27Z
2026-08-02T11:05:08Z,2026-08-02T13:05:08+0200,b3181029-81fc-491a-b750-6dc59ef155aa,2026-07-18T22:15:00Z,2026-07-19T00:15:00+0200,142.6,EUR/MWh,DK1,DK_1,day_ahead_price,value,2026-08-02T11:09:27Z
2026-08-02T11:05:08Z,2026-08-02T13:05:08+0200,b3181029-81fc-491a-b750-6dc59ef155aa,2026-07-18T22:30:00Z,2026-07-19T00:30:00+0200,135.63,EUR/MWh,DK1,DK_1,day_ahead_price,value,2026-08-02T11:09:27Z
2026-08-02T11:05:08Z,2026-08-02T13:05:08+0200,b3181029-81fc-491a-b750-6dc59ef155aa,2026-07-18T22:45:00Z,2026-07-19T00:45:00+0200,130.97,EUR/MWh,DK1,DK_1,day_ahead_price,value,2026-08-02T11:09:27Z
2026-08-02T11:05:08Z,2026-08-02T13:05:08+0200,b3181029-81fc-491a-b750-6dc59ef155aa,2026-07-18T23:00:00Z,2026-07-19T01:00:00+0200,135.0,EUR/MWh,DK1,DK_1,day_ahead_price,value,2026-08-02T11:09:27Z
2026-08-02T11:05:08Z,2026-08-02T13:05:08+0200,b3181029-81fc-491a-b750-6dc59ef155aa,2026-07-18T23:15:00Z,2026-07-19T01:15:00+0200,132.23,EUR/MWh,DK1,DK_1,day_ahead_price,value,2026-08-02T11:09:27Z
2026-08-02T11:05:08Z,2026-08-02T13:05:08+0200,b3181029-81fc-491a-b750-6dc59ef155aa,2026-07-18T23:30:00Z,2026-07-19T01:30:00+0200,130.06,EUR/MWh,DK1,DK_1,day_ahead_price,value,2026-08-02T11:09:27Z
2026-08-02T11:05:08Z,2026-08-02T13:05:08+0200,b3181029-81fc-491a-b750-6dc59ef155aa,2026-07-18T23:45:00Z,2026-07-19T01:45:00+0200,125.68,EUR/MWh,DK1,DK_1,day_ahead_price,value,2026-08-02T11:09:27Z
2026-08-02T11:05:08Z,2026-08-02T13:05:08+0200,b3181029-81fc-491a-b750-6dc59ef155aa,2026-07-19T00:00:00Z,2026-07-19T02:00:00+0200,127.55,EUR/MWh,DK1,DK_1,day_ahead_price,value,2026-08-02T11:09:27Z
2026-08-02T11:05:08Z,2026-08-02T13:05:08+0200,b3181029-81fc-491a-b750-6dc59ef155aa,2026-07-19T00:15:00Z,2026-07-19T02:15:00+0200,122.31,EUR/MWh,DK1,DK_1,day_ahead_price,value,2026-08-02T11:09:27Z
2026-08-02T11:05:08Z,2026-08-02T13:05:08+0200,b3181029-81fc-491a-b750-6dc59ef155aa,2026-07-19T00:30:00Z,2026-07-19T02:30:00+0200,120.85,EUR/MWh,DK1,DK_1,day_ahead_price,value,2026-08-02T11:09:27Z
2026-08-02T11:05:08Z,2026-08-02T13:05:08+0200,b3181029-81fc-491a-b750-6dc59ef155aa,2026-07-19T00:45:00Z,2026-07-19T02:45:00+0200,116.89,EUR/MWh,DK1,DK_1,day_ahead_price,value,2026-08-02T11:09:27Z
2026-08-02T11:05:08Z,2026-08-02T13:05:08+0200,b3181029-81fc-491a-b750-6dc59ef155aa,2026-07-19T01:00:00Z,2026-07-19T03:00:00+0200,121.07,EUR/MWh,DK1,DK_1,day_ahead_price,value,2026-08-02T11:09:27Z
2026-08-02T11:05:08Z,2026-08-02T13:05:08+0200,b3181029-81fc-491a-b750-6dc59ef155aa,2026-07-19T01:15:00Z,2026-07-19T03:15:00+0200,120.09,EUR/MWh,DK1,DK_1,day_ahead_price,value,2026-08-02T11:09:27Z
2026-08-02T11:05:08Z,2026-08-02T13:05:08+0200,b3181029-81fc-491a-b750-6dc59ef155aa,2026-07-19T01:30:00Z,2026-07-19T03:30:00+0200,118.93,EUR/MWh,DK1,DK_1,day_ahead_price,value,2026-08-02T11:09:27Z
2026-08-02T11:05:08Z,2026-08-02T13:05:08+0200,b3181029-81fc-491a-b750-6dc59ef155aa,2026-07-19T01:45:00Z,2026-07-19T03:45:00+0200,115.43,EUR/MWh,DK1,DK_1,day_ahead_price,value,2026-08-02T11:09:27Z
2026-08-02T11:05:08Z,2026-08-02T13:05:08+0200,b3181029-81fc-491a-b750-6dc59ef155aa,2026-07-19T02:00:00Z,2026-07-19T04:00:00+0200,119.23,EUR/MWh,DK1,DK_1,day_ahead_price,value,2026-08-02T11:09:27Z
2026-08-02T11:05:08Z,2026-08-02T13:05:08+0200,b3181029-81fc-491a-b750-6dc59ef155aa,2026-07-19T02:15:00Z,2026-07-19T04:15:00+0200,115.72,EUR/MWh,DK1,DK_1,day_ahead_price,value,2026-08-02T11:09:27Z
2026-08-02T11:05:08Z,2026-08-02T13:05:08+0200,b3181029-81fc-491a-b750-6dc59ef155aa,2026-07-19T02:30:00Z,2026-07-19T04:30:00+0200,113.7,EUR/MWh,DK1,DK_1,day_ahead_price,value,2026-08-02T11:09:27Z
2026-08-02T11:05:08Z,2026-08-02T13:05:08+0200,b3181029-81fc-491a-b750-6dc59ef155aa,2026-07-19T02:45:00Z,2026-07-19T04:45:00+0200,111.56,EUR/MWh,DK1,DK_1,day_ahead_price,value,2026-08-02T11:09:27Z
2026-08-02T11:05:08Z,2026-08-02T13:05:08+0200,b3181029-81fc-491a-b750-6dc59ef155aa,2026-07-19T03:00:00Z,2026-07-19T05:00:00+0200,112.42,EUR/MWh,DK1,DK_1,day_ahead_price,value,2026-08-02T11:09:27Z
2026-08-02T11:05:08Z,2026-08-02T13:05:08+0200,b3181029-81fc-491a-b750-6dc59ef155aa,2026-07-19T03:15:00Z,2026-07-19T05:15:00+0200,109.53,EUR/MWh,DK1,DK_1,day_ahead_price,value,2026-08-02T11:09:27Z
2026-08-02T11:05:08Z,2026-08-02T13:05:08+0200,b3181029-81fc-491a-b750-6dc59ef155aa,2026-07-19T03:30:00Z,2026-07-19T05:30:00+0200,108.66,EUR/MWh,DK1,DK_1,day_ahead_price,value,2026-08-02T11:09:27Z
2026-08-02T11:05:08Z,2026-08-02T13:05:08+0200,b3181029-81fc-491a-b750-6dc59ef155aa,2026-07-19T03:45:00Z,2026-07-19T05:45:00+0200,105.38,EUR/MWh,DK1,DK_1,day_ahead_price,value,2026-08-02T11:09:27Z
2026-08-02T11:05:08Z,2026-08-02T13:05:08+0200,b3181029-81fc-491a-b750-6dc59ef155aa,2026-07-19T04:00:00Z,2026-07-19T06:00:00+0200,108.99,EUR/MWh,DK1,DK_1,day_ahead_price,value,2026-08-02T11:09:27Z
2026-08-02T11:05:08Z,2026-08-02T13:05:08+0200,b3181029-81fc-491a-b750-6dc59ef155aa,2026-07-19T04:15:00Z,2026-07-19T06:15:00+0200,102.96,EUR/MWh,DK1,DK_1,day_ahead_price,value,2026-08-02T11:09:27Z
2026-08-02T11:05:08Z,2026-08-02T13:05:08+0200,b3181029-81fc-491a-b750-6dc59ef155aa,2026-07-19T04:30:00Z,2026-07-19T06:30:00+0200,100.31,EUR/MWh,DK1,DK_1,day_ahead_price,value,2026-08-02T11:09:27Z
2026-08-02T11:05:08Z,2026-08-02T13:05:08+0200,b3181029-81fc-491a-b750-6dc59ef155aa,2026-07-19T04:45:00Z,2026-07-19T06:45:00+0200,91.55,EUR/MWh,DK1,DK_1,day_ahead_price,value,2026-08-02T11:09:27Z
2026-08-02T11:05:08Z,2026-08-02T13:05:08+0200,b3181029-81fc-491a-b750-6dc59ef155aa,2026-07-19T05:00:00Z,2026-07-19T07:00:00+0200,98.97,EUR/MWh,DK1,DK_1,day_ahead_price,value,2026-08-02T11:09:27Z
2026-08-02T11:05:08Z,2026-08-02T13:05:08+0200,b3181029-81fc-491a-b750-6dc59ef155aa,2026-07-19T05:15:00Z,2026-07-19T07:15:00+0200,90.54,EUR/MWh,DK1,DK_1,day_ahead_price,value,2026-08-02T11:09:27Z
2026-08-02T11:05:08Z,2026-08-02T13:05:08+0200,b3181029-81fc-491a-b750-6dc59ef155aa,2026-07-19T05:30:00Z,2026-07-19T07:30:00+0200,86.62,EUR/MWh,DK1,DK_1,day_ahead_price,value,2026-08-02T11:09:27Z
2026-08-02T11:05:08Z,2026-08-02T13:05:08+0200,b3181029-81fc-491a-b750-6dc59ef155aa,2026-07-19T05:45:00Z,2026-07-19T07:45:00+0200,71.49,EUR/MWh,DK1,DK_1,day_ahead_price,value,2026-08-02T11:09:27Z
2026-08-02T11:05:08Z,2026-08-02T13:05:08+0200,b3181029-81fc-491a-b750-6dc59ef155aa,2026-07-19T06:00:00Z,2026-07-19T08:00:00+0200,73.02,EUR/MWh,DK1,DK_1,day_ahead_price,value,2026-08-02T11:09:27Z
2026-08-02T11:05:08Z,2026-08-02T13:05:08+0200,b3181029-81fc-491a-b750-6dc59ef155aa,2026-07-19T06:15:00Z,2026-07-19T08:15:00+0200,56.4,EUR/MWh,DK1,DK_1,day_ahead_price,value,2026-08-02T11:09:27Z
2026-08-02T11:05:08Z,2026-08-02T13:05:08+0200,b3181029-81fc-491a-b750-6dc59ef155aa,2026-07-19T06:30:00Z,2026-07-19T08:30:00+0200,29.76,EUR/MWh,DK1,DK_1,day_ahead_price,value,2026-08-02T11:09:27Z
2026-08-02T11:05:08Z,2026-08-02T13:05:08+0200,b3181029-81fc-491a-b750-6dc59ef155aa,2026-07-19T06:45:00Z,2026-07-19T08:45:00+0200,10.28,EUR/MWh,DK1,DK_1,day_ahead_price,value,2026-08-02T11:09:27Z
2026-08-02T11:05:08Z,2026-08-02T13:05:08+0200,b3181029-81fc-491a-b750-6dc59ef155aa,2026-07-19T07:00:00Z,2026-07-19T09:00:00+0200,10.22,EUR/MWh,DK1,DK_1,day_ahead_price,value,2026-08-02T11:09:27Z
2026-08-02T11:05:08Z,2026-08-02T13:05:08+0200,b3181029-81fc-491a-b750-6dc59ef155aa,2026-07-19T07:15:00Z,2026-07-19T09:15:00+0200,4.31,EUR/MWh,DK1,DK_1,day_ahead_price,value,2026-08-02T11:09:27Z
2026-08-02T11:05:08Z,2026-08-02T13:05:08+0200,b3181029-81fc-491a-b750-6dc59ef155aa,2026-07-19T07:30:00Z,2026-07-19T09:30:00+0200,1.41,EUR/MWh,DK1,DK_1,day_ahead_price,value,2026-08-02T11:09:27Z
2026-08-02T11:05:08Z,2026-08-02T13:05:08+0200,b3181029-81fc-491a-b750-6dc59ef155aa,2026-07-19T07:45:00Z,2026-07-19T09:45:00+0200,0.26,EUR/MWh,DK1,DK_1,day_ahead_price,value,2026-08-02T11:09:27Z
2026-08-02T11:05:08Z,2026-08-02T13:05:08+0200,b3181029-81fc-491a-b750-6dc59ef155aa,2026-07-19T08:00:00Z,2026-07-19T10:00:00+0200,0.05,EUR/MWh,DK1,DK_1,day_ahead_price,value,2026-08-02T11:09:27Z
2026-08-02T11:05:08Z,2026-08-02T13:05:08+0200,b3181029-81fc-491a-b750-6dc59ef155aa,2026-07-19T08:15:00Z,2026-07-19T10:15:00+0200,0.0,EUR/MWh,DK1,DK_1,day_ahead_price,value,2026-08-02T11:09:27Z
2026-08-02T11:05:08Z,2026-08-02T13:05:08+0200,b3181029-81fc-491a-b750-6dc59ef155aa,2026-07-19T08:30:00Z,2026-07-19T10:30:00+0200,0.0,EUR/MWh,DK1,DK_1,day_ahead_price,value,2026-08-02T11:09:27Z
2026-08-02T11:05:08Z,2026-08-02T13:05:08+0200,b3181029-81fc-491a-b750-6dc59ef155aa,2026-07-19T08:45:00Z,2026-07-19T10:45:00+0200,0.0,EUR/MWh,DK1,DK_1,day_ahead_price,value,2026-08-02T11:09:27Z
2026-08-02T11:05:08Z,2026-08-02T13:05:08+0200,b3181029-81fc-491a-b750-6dc59ef155aa,2026-07-19T09:00:00Z,2026-07-19T11:00:00+0200,-0.01,EUR/MWh,DK1,DK_1,day_ahead_price,value,2026-08-02T11:09:27Z
2026-08-02T11:05:08Z,2026-08-02T13:05:08+0200,b3181029-81fc-491a-b750-6dc59ef155aa,2026-07-19T09:15:00Z,2026-07-19T11:15:00+0200,-0.02,EUR/MWh,DK1,DK_1,day_ahead_price,value,2026-08-02T11:09:27Z
2026-08-02T11:05:08Z,2026-08-02T13:05:08+0200,b3181029-81fc-491a-b750-6dc59ef155aa,2026-07-19T09:30:00Z,2026-07-19T11:30:00+0200,-0.04,EUR/MWh,DK1,DK_1,day_ahead_price,value,2026-08-02T11:09:27Z
2026-08-02T11:05:08Z,2026-08-02T13:05:08+0200,b3181029-81fc-491a-b750-6dc59ef155aa,2026-07-19T09:45:00Z,2026-07-19T11:45:00+0200,-0.1,EUR/MWh,DK1,DK_1,day_ahead_price,value,2026-08-02T11:09:27Z
2026-08-02T11:05:08Z,2026-08-02T13:05:08+0200,b3181029-81fc-491a-b750-6dc59ef155aa,2026-07-19T10:00:00Z,2026-07-19T12:00:00+0200,-0.05,EUR/MWh,DK1,DK_1,day_ahead_price,value,2026-08-02T11:09:27Z
2026-08-02T11:05:08Z,2026-08-02T13:05:08+0200,b3181029-81fc-491a-b750-6dc59ef155aa,2026-07-19T10:15:00Z,2026-07-19T12:15:00+0200,-0.07,EUR/MWh,DK1,DK_1,day_ahead_price,value,2026-08-02T11:09:27Z
2026-08-02T11:05:08Z,2026-08-02T13:05:08+0200,b3181029-81fc-491a-b750-6dc59ef155aa,2026-07-19T10:30:00Z,2026-07-19T12:30:00+0200,-0.07,EUR/MWh,DK1,DK_1,day_ahead_price,value,2026-08-02T11:09:27Z
2026-08-02T11:05:08Z,2026-08-02T13:05:08+0200,b3181029-81fc-491a-b750-6dc59ef155aa,2026-07-19T10:45:00Z,2026-07-19T12:45:00+0200,-0.08,EUR/MWh,DK1,DK_1,day_ahead_price,value,2026-08-02T11:09:27Z
2026-08-02T11:05:08Z,2026-08-02T13:05:08+0200,b3181029-81fc-491a-b750-6dc59ef155aa,2026-07-19T11:00:00Z,2026-07-19T13:00:00+0200,-0.01,EUR/MWh,DK1,DK_1,day_ahead_price,value,2026-08-02T11:09:27Z
2026-08-02T11:05:08Z,2026-08-02T13:05:08+0200,b3181029-81fc-491a-b750-6dc59ef155aa,2026-07-19T11:15:00Z,2026-07-19T13:15:00+0200,-0.01,EUR/MWh,DK1,DK_1,day_ahead_price,value,2026-08-02T11:09:27Z
2026-08-02T11:05:08Z,2026-08-02T13:05:08+0200,b3181029-81fc-491a-b750-6dc59ef155aa,2026-07-19T11:30:00Z,2026-07-19T13:30:00+0200,-0.01,EUR/MWh,DK1,DK_1,day_ahead_price,value,2026-08-02T11:09:27Z
2026-08-02T11:05:08Z,2026-08-02T13:05:08+0200,b3181029-81fc-491a-b750-6dc59ef155aa,2026-07-19T11:45:00Z,2026-07-19T13:45:00+0200,-0.01,EUR/MWh,DK1,DK_1,day_ahead_price,value,2026-08-02T11:09:27Z
2026-08-02T11:05:08Z,2026-08-02T13:05:08+0200,b3181029-81fc-491a-b750-6dc59ef155aa,2026-07-19T12:00:00Z,2026-07-19T14:00:00+0200,-0.03,EUR/MWh,DK1,DK_1,day_ahead_price,value,2026-08-02T11:09:27Z
2026-08-02T11:05:08Z,2026-08-02T13:05:08+0200,b3181029-81fc-491a-b750-6dc59ef155aa,2026-07-19T12:15:00Z,2026-07-19T14:15:00+0200,-0.04,EUR/MWh,DK1,DK_1,day_ahead_price,value,2026-08-02T11:09:27Z
2026-08-02T11:05:08Z,2026-08-02T13:05:08+0200,b3181029-81fc-491a-b750-6dc59ef155aa,2026-07-19T12:30:00Z,2026-07-19T14:30:00+0200,-0.03,EUR/MWh,DK1,DK_1,day_ahead_price,value,2026-08-02T11:09:27Z
2026-08-02T11:05:08Z,2026-08-02T13:05:08+0200,b3181029-81fc-491a-b750-6dc59ef155aa,2026-07-19T12:45:00Z,2026-07-19T14:45:00+0200,-0.05,EUR/MWh,DK1,DK_1,day_ahead_price,value,2026-08-02T11:09:27Z
2026-08-02T11:05:08Z,2026-08-02T13:05:08+0200,b3181029-81fc-491a-b750-6dc59ef155aa,2026-07-19T13:00:00Z,2026-07-19T15:00:00+0200,1.0,EUR/MWh,DK1,DK_1,day_ahead_price,value,2026-08-02T11:09:27Z
2026-08-02T11:05:08Z,2026-08-02T13:05:08+0200,b3181029-81fc-491a-b750-6dc59ef155aa,2026-07-19T13:15:00Z,2026-07-19T15:15:00+0200,0.0,EUR/MWh,DK1,DK_1,day_ahead_price,value,2026-08-02T11:09:27Z
2026-08-02T11:05:08Z,2026-08-02T13:05:08+0200,b3181029-81fc-491a-b750-6dc59ef155aa,2026-07-19T13:30:00Z,2026-07-19T15:30:00+0200,0.01,EUR/MWh,DK1,DK_1,day_ahead_price,value,2026-08-02T11:09:27Z
2026-08-02T11:05:08Z,2026-08-02T13:05:08+0200,b3181029-81fc-491a-b750-6dc59ef155aa,2026-07-19T13:45:00Z,2026-07-19T15:45:00+0200,0.0,EUR/MWh,DK1,DK_1,day_ahead_price,value,2026-08-02T11:09:27Z
2026-08-02T11:05:08Z,2026-08-02T13:05:08+0200,b3181029-81fc-491a-b750-6dc59ef155aa,2026-07-19T14:00:00Z,2026-07-19T16:00:00+0200,0.1,EUR/MWh,DK1,DK_1,day_ahead_price,value,2026-08-02T11:09:27Z
2026-08-02T11:05:08Z,2026-08-02T13:05:08+0200,b3181029-81fc-491a-b750-6dc59ef155aa,2026-07-19T14:15:00Z,2026-07-19T16:15:00+0200,0.0,EUR/MWh,DK1,DK_1,day_ahead_price,value,2026-08-02T11:09:27Z
2026-08-02T11:05:08Z,2026-08-02T13:05:08+0200,b3181029-81fc-491a-b750-6dc59ef155aa,2026-07-19T14:30:00Z,2026-07-19T16:30:00+0200,0.59,EUR/MWh,DK1,DK_1,day_ahead_price,value,2026-08-02T11:09:27Z
2026-08-02T11:05:08Z,2026-08-02T13:05:08+0200,b3181029-81fc-491a-b750-6dc59ef155aa,2026-07-19T14:45:00Z,2026-07-19T16:45:00+0200,2.48,EUR/MWh,DK1,DK_1,day_ahead_price,value,2026-08-02T11:09:27Z
2026-08-02T11:05:08Z,2026-08-02T13:05:08+0200,b3181029-81fc-491a-b750-6dc59ef155aa,2026-07-19T15:00:00Z,2026-07-19T17:00:00+0200,1.36,EUR/MWh,DK1,DK_1,day_ahead_price,value,2026-08-02T11:09:27Z
2026-08-02T11:05:08Z,2026-08-02T13:05:08+0200,b3181029-81fc-491a-b750-6dc59ef155aa,2026-07-19T15:15:00Z,2026-07-19T17:15:00+0200,2.49,EUR/MWh,DK1,DK_1,day_ahead_price,value,2026-08-02T11:09:27Z
2026-08-02T11:05:08Z,2026-08-02T13:05:08+0200,b3181029-81fc-491a-b750-6dc59ef155aa,2026-07-19T15:30:00Z,2026-07-19T17:30:00+0200,3.4,EUR/MWh,DK1,DK_1,day_ahead_price,value,2026-08-02T11:09:27Z
2026-08-02T11:05:08Z,2026-08-02T13:05:08+0200,b3181029-81fc-491a-b750-6dc59ef155aa,2026-07-19T15:45:00Z,2026-07-19T17:45:00+0200,4.27,EUR/MWh,DK1,DK_1,day_ahead_price,value,2026-08-02T11:09:27Z
2026-08-02T11:05:08Z,2026-08-02T13:05:08+0200,b3181029-81fc-491a-b750-6dc59ef155aa,2026-07-19T16:00:00Z,2026-07-19T18:00:00+0200,2.0,EUR/MWh,DK1,DK_1,day_ahead_price,value,2026-08-02T11:09:27Z
2026-08-02T11:05:08Z,2026-08-02T13:05:08+0200,b3181029-81fc-491a-b750-6dc59ef155aa,2026-07-19T16:15:00Z,2026-07-19T18:15:00+0200,30.29,EUR/MWh,DK1,DK_1,day_ahead_price,value,2026-08-02T11:09:27Z
2026-08-02T11:05:08Z,2026-08-02T13:05:08+0200,b3181029-81fc-491a-b750-6dc59ef155aa,2026-07-19T16:30:00Z,2026-07-19T18:30:00+0200,62.95,EUR/MWh,DK1,DK_1,day_ahead_price,value,2026-08-02T11:09:27Z
2026-08-02T11:05:08Z,2026-08-02T13:05:08+0200,b3181029-81fc-491a-b750-6dc59ef155aa,2026-07-19T16:45:00Z,2026-07-19T18:45:00+0200,98.48,EUR/MWh,DK1,DK_1,day_ahead_price,value,2026-08-02T11:09:27Z
2026-08-02T11:05:08Z,2026-08-02T13:05:08+0200,b3181029-81fc-491a-b750-6dc59ef155aa,2026-07-19T17:00:00Z,2026-07-19T19:00:00+0200,88.09,EUR/MWh,DK1,DK_1,day_ahead_price,value,2026-08-02T11:09:27Z
2026-08-02T11:05:08Z,2026-08-02T13:05:08+0200,b3181029-81fc-491a-b750-6dc59ef155aa,2026-07-19T17:15:00Z,2026-07-19T19:15:00+0200,109.7,EUR/MWh,DK1,DK_1,day_ahead_price,value,2026-08-02T11:09:27Z
2026-08-02T11:05:08Z,2026-08-02T13:05:08+0200,b3181029-81fc-491a-b750-6dc59ef155aa,2026-07-19T17:30:00Z,2026-07-19T19:30:00+0200,131.49,EUR/MWh,DK1,DK_1,day_ahead_price,value,2026-08-02T11:09:27Z
2026-08-02T11:05:08Z,2026-08-02T13:05:08+0200,b3181029-81fc-491a-b750-6dc59ef155aa,2026-07-19T17:45:00Z,2026-07-19T19:45:00+0200,139.47,EUR/MWh,DK1,DK_1,day_ahead_price,value,2026-08-02T11:09:27Z
2026-08-02T11:05:08Z,2026-08-02T13:05:08+0200,b3181029-81fc-491a-b750-6dc59ef155aa,2026-07-19T18:00:00Z,2026-07-19T20:00:00+0200,129.25,EUR/MWh,DK1,DK_1,day_ahead_price,value,2026-08-02T11:09:27Z
2026-08-02T11:05:08Z,2026-08-02T13:05:08+0200,b3181029-81fc-491a-b750-6dc59ef155aa,2026-07-19T18:15:00Z,2026-07-19T20:15:00+0200,140.11,EUR/MWh,DK1,DK_1,day_ahead_price,value,2026-08-02T11:09:27Z
2026-08-02T11:05:08Z,2026-08-02T13:05:08+0200,b3181029-81fc-491a-b750-6dc59ef155aa,2026-07-19T18:30:00Z,2026-07-19T20:30:00+0200,145.0,EUR/MWh,DK1,DK_1,day_ahead_price,value,2026-08-02T11:09:27Z
2026-08-02T11:05:08Z,2026-08-02T13:05:08+0200,b3181029-81fc-491a-b750-6dc59ef155aa,2026-07-19T18:45:00Z,2026-07-19T20:45:00+0200,148.11,EUR/MWh,DK1,DK_1,day_ahead_price,value,2026-08-02T11:09:27Z
2026-08-02T11:05:08Z,2026-08-02T13:05:08+0200,b3181029-81fc-491a-b750-6dc59ef155aa,2026-07-19T19:00:00Z,2026-07-19T21:00:00+0200,146.52,EUR/MWh,DK1,DK_1,day_ahead_price,value,2026-08-02T11:09:27Z
2026-08-02T11:05:08Z,2026-08-02T13:05:08+0200,b3181029-81fc-491a-b750-6dc59ef155aa,2026-07-19T19:15:00Z,2026-07-19T21:15:00+0200,145.74,EUR/MWh,DK1,DK_1,day_ahead_price,value,2026-08-02T11:09:27Z
2026-08-02T11:05:08Z,2026-08-02T13:05:08+0200,b3181029-81fc-491a-b750-6dc59ef155aa,2026-07-19T19:30:00Z,2026-07-19T21:30:00+0200,146.04,EUR/MWh,DK1,DK_1,day_ahead_price,value,2026-08-02T11:09:27Z
2026-08-02T11:05:08Z,2026-08-02T13:05:08+0200,b3181029-81fc-491a-b750-6dc59ef155aa,2026-07-19T19:45:00Z,2026-07-19T21:45:00+0200,143.18,EUR/MWh,DK1,DK_1,day_ahead_price,value,2026-08-02T11:09:27Z
2026-08-02T11:05:08Z,2026-08-02T13:05:08+0200,b3181029-81fc-491a-b750-6dc59ef155aa,2026-07-19T20:00:00Z,2026-07-19T22:00:00+0200,148.7,EUR/MWh,DK1,DK_1,day_ahead_price,value,2026-08-02T11:09:27Z
2026-08-02T11:05:08Z,2026-08-02T13:05:08+0200,b3181029-81fc-491a-b750-6dc59ef155aa,2026-07-19T20:15:00Z,2026-07-19T22:15:00+0200,144.57,EUR/MWh,DK1,DK_1,day_ahead_price,value,2026-08-02T11:09:27Z
2026-08-02T11:05:08Z,2026-08-02T13:05:08+0200,b3181029-81fc-491a-b750-6dc59ef155aa,2026-07-19T20:30:00Z,2026-07-19T22:30:00+0200,143.07,EUR/MWh,DK1,DK_1,day_ahead_price,value,2026-08-02T11:09:27Z
2026-08-02T11:05:08Z,2026-08-02T13:05:08+0200,b3181029-81fc-491a-b750-6dc59ef155aa,2026-07-19T20:45:00Z,2026-07-19T22:45:00+0200,139.54,EUR/MWh,DK1,DK_1,day_ahead_price,value,2026-08-02T11:09:27Z
2026-08-02T11:05:08Z,2026-08-02T13:05:08+0200,b3181029-81fc-491a-b750-6dc59ef155aa,2026-07-19T21:00:00Z,2026-07-19T23:00:00+0200,145.83,EUR/MWh,DK1,DK_1,day_ahead_price,value,2026-08-02T11:09:27Z
2026-08-02T11:05:08Z,2026-08-02T13:05:08+0200,b3181029-81fc-491a-b750-6dc59ef155aa,2026-07-19T21:15:00Z,2026-07-19T23:15:00+0200,137.02,EUR/MWh,DK1,DK_1,day_ahead_price,value,2026-08-02T11:09:27Z
2026-08-02T11:05:08Z,2026-08-02T13:05:08+0200,b3181029-81fc-491a-b750-6dc59ef155aa,2026-07-19T21:30:00Z,2026-07-19T23:30:00+0200,135.65,EUR/MWh,DK1,DK_1,day_ahead_price,value,2026-08-02T11:09:27Z
2026-08-02T11:05:08Z,2026-08-02T13:05:08+0200,b3181029-81fc-491a-b750-6dc59ef155aa,2026-07-19T21:45:00Z,2026-07-19T23:45:00+0200,128.43,EUR/MWh,DK1,DK_1,day_ahead_price,value,2026-08-02T11:09:27Z
2026-08-02T11:05:08Z,2026-08-02T13:05:08+0200,b3181029-81fc-491a-b750-6dc59ef155aa,2026-07-19T22:00:00Z,2026-07-20T00:00:00+0200,167.33,EUR/MWh,DK1,DK_1,day_ahead_price,value,2026-08-02T11:09:27Z
2026-08-02T11:05:08Z,2026-08-02T13:05:08+0200,b3181029-81fc-491a-b750-6dc59ef155aa,2026-07-19T22:15:00Z,2026-07-20T00:15:00+0200,150.110001,EUR/MWh,DK1,DK_1,day_ahead_price,value,2026-08-02T11:09:27Z
2026-08-02T11:05:08Z,2026-08-02T13:05:08+0200,b3181029-81fc-491a-b750-6dc59ef155aa,2026-07-19T22:30:00Z,2026-07-20T00:30:00+0200,140.740005,EUR/MWh,DK1,DK_1,day_ahead_price,value,2026-08-02T11:09:27Z
2026-08-02T11:05:08Z,2026-08-02T13:05:08+0200,b3181029-81fc-491a-b750-6dc59ef155aa,2026-07-19T22:45:00Z,2026-07-20T00:45:00+0200,131.630005,EUR/MWh,DK1,DK_1,day_ahead_price,value,2026-08-02T11:09:27Z
2026-08-02T11:05:08Z,2026-08-02T13:05:08+0200,b3181029-81fc-491a-b750-6dc59ef155aa,2026-07-19T23:00:00Z,2026-07-20T01:00:00+0200,148.25,EUR/MWh,DK1,DK_1,day_ahead_price,value,2026-08-02T11:09:27Z
2026-08-02T11:05:08Z,2026-08-02T13:05:08+0200,b3181029-81fc-491a-b750-6dc59ef155aa,2026-07-19T23:15:00Z,2026-07-20T01:15:00+0200,140.01,EUR/MWh,DK1,DK_1,day_ahead_price,value,2026-08-02T11:09:27Z
2026-08-02T11:05:08Z,2026-08-02T13:05:08+0200,b3181029-81fc-491a-b750-6dc59ef155aa,2026-07-19T23:30:00Z,2026-07-20T01:30:00+0200,135.68,EUR/MWh,DK1,DK_1,day_ahead_price,value,2026-08-02T11:09:27Z
2026-08-02T11:05:08Z,2026-08-02T13:05:08+0200,b3181029-81fc-491a-b750-6dc59ef155aa,2026-07-19T23:45:00Z,2026-07-20T01:45:00+0200,129.99,EUR/MWh,DK1,DK_1,day_ahead_price,value,2026-08-02T11:09:27Z
2026-08-02T11:05:08Z,2026-08-02T13:05:08+0200,b3181029-81fc-491a-b750-6dc59ef155aa,2026-07-20T00:00:00Z,2026-07-20T02:00:00+0200,132.32,EUR/MWh,DK1,DK_1,day_ahead_price,value,2026-08-02T11:09:27Z
2026-08-02T11:05:08Z,2026-08-02T13:05:08+0200,b3181029-81fc-491a-b750-6dc59ef155aa,2026-07-20T00:15:00Z,2026-07-20T02:15:00+0200,128.69,EUR/MWh,DK1,DK_1,day_ahead_price,value,2026-08-02T11:09:27Z
2026-08-02T11:05:08Z,2026-08-02T13:05:08+0200,b3181029-81fc-491a-b750-6dc59ef155aa,2026-07-20T00:30:00Z,2026-07-20T02:30:00+0200,128.62,EUR/MWh,DK1,DK_1,day_ahead_price,value,2026-08-02T11:09:27Z
2026-08-02T11:05:08Z,2026-08-02T13:05:08+0200,b3181029-81fc-491a-b750-6dc59ef155aa,2026-07-20T00:45:00Z,2026-07-20T02:45:00+0200,127.23,EUR/MWh,DK1,DK_1,day_ahead_price,value,2026-08-02T11:09:27Z
2026-08-02T11:05:08Z,2026-08-02T13:05:08+0200,b3181029-81fc-491a-b750-6dc59ef155aa,2026-07-20T01:00:00Z,2026-07-20T03:00:00+0200,127.17,EUR/MWh,DK1,DK_1,day_ahead_price,value,2026-08-02T11:09:27Z
2026-08-02T11:05:08Z,2026-08-02T13:05:08+0200,b3181029-81fc-491a-b750-6dc59ef155aa,2026-07-20T01:15:00Z,2026-07-20T03:15:00+0200,123.17,EUR/MWh,DK1,DK_1,day_ahead_price,value,2026-08-02T11:09:27Z
2026-08-02T11:05:08Z,2026-08-02T13:05:08+0200,b3181029-81fc-491a-b750-6dc59ef155aa,2026-07-20T01:30:00Z,2026-07-20T03:30:00+0200,122.98,EUR/MWh,DK1,DK_1,day_ahead_price,value,2026-08-02T11:09:27Z
2026-08-02T11:05:08Z,2026-08-02T13:05:08+0200,b3181029-81fc-491a-b750-6dc59ef155aa,2026-07-20T01:45:00Z,2026-07-20T03:45:00+0200,122.260002,EUR/MWh,DK1,DK_1,day_ahead_price,value,2026-08-02T11:09:27Z
2026-08-02T11:05:08Z,2026-08-02T13:05:08+0200,b3181029-81fc-491a-b750-6dc59ef155aa,2026-07-20T02:00:00Z,2026-07-20T04:00:00+0200,124.7,EUR/MWh,DK1,DK_1,day_ahead_price,value,2026-08-02T11:09:27Z
2026-08-02T11:05:08Z,2026-08-02T13:05:08+0200,b3181029-81fc-491a-b750-6dc59ef155aa,2026-07-20T02:15:00Z,2026-07-20T04:15:00+0200,129.38,EUR/MWh,DK1,DK_1,day_ahead_price,value,2026-08-02T11:09:27Z
2026-08-02T11:05:08Z,2026-08-02T13:05:08+0200,b3181029-81fc-491a-b750-6dc59ef155aa,2026-07-20T02:30:00Z,2026-07-20T04:30:00+0200,132.31,EUR/MWh,DK1,DK_1,day_ahead_price,value,2026-08-02T11:09:27Z
2026-08-02T11:05:08Z,2026-08-02T13:05:08+0200,b3181029-81fc-491a-b750-6dc59ef155aa,2026-07-20T02:45:00Z,2026-07-20T04:45:00+0200,134.979996,EUR/MWh,DK1,DK_1,day_ahead_price,value,2026-08-02T11:09:27Z
2026-08-02T11:05:08Z,2026-08-02T13:05:08+0200,b3181029-81fc-491a-b750-6dc59ef155aa,2026-07-20T03:00:00Z,2026-07-20T05:00:00+0200,133.029999,EUR/MWh,DK1,DK_1,day_ahead_price,value,2026-08-02T11:09:27Z
2026-08-02T11:05:08Z,2026-08-02T13:05:08+0200,b3181029-81fc-491a-b750-6dc59ef155aa,2026-07-20T03:15:00Z,2026-07-20T05:15:00+0200,137.399994,EUR/MWh,DK1,DK_1,day_ahead_price,value,2026-08-02T11:09:27Z
2026-08-02T11:05:08Z,2026-08-02T13:05:08+0200,b3181029-81fc-491a-b750-6dc59ef155aa,2026-07-20T03:30:00Z,2026-07-20T05:30:00+0200,138.84,EUR/MWh,DK1,DK_1,day_ahead_price,value,2026-08-02T11:09:27Z
2026-08-02T11:05:08Z,2026-08-02T13:05:08+0200,b3181029-81fc-491a-b750-6dc59ef155aa,2026-07-20T03:45:00Z,2026-07-20T05:45:00+0200,144.19,EUR/MWh,DK1,DK_1,day_ahead_price,value,2026-08-02T11:09:27Z
2026-08-02T11:05:08Z,2026-08-02T13:05:08+0200,b3181029-81fc-491a-b750-6dc59ef155aa,2026-07-20T04:00:00Z,2026-07-20T06:00:00+0200,147.690002,EUR/MWh,DK1,DK_1,day_ahead_price,value,2026-08-02T11:09:27Z
2026-08-02T11:05:08Z,2026-08-02T13:05:08+0200,b3181029-81fc-491a-b750-6dc59ef155aa,2026-07-20T04:15:00Z,2026-07-20T06:15:00+0200,150.02,EUR/MWh,DK1,DK_1,day_ahead_price,value,2026-08-02T11:09:27Z
2026-08-02T11:05:08Z,2026-08-02T13:05:08+0200,b3181029-81fc-491a-b750-6dc59ef155aa,2026-07-20T04:30:00Z,2026-07-20T06:30:00+0200,150.440002,EUR/MWh,DK1,DK_1,day_ahead_price,value,2026-08-02T11:09:27Z
2026-08-02T11:05:08Z,2026-08-02T13:05:08+0200,b3181029-81fc-491a-b750-6dc59ef155aa,2026-07-20T04:45:00Z,2026-07-20T06:45:00+0200,149.190002,EUR/MWh,DK1,DK_1,day_ahead_price,value,2026-08-02T11:09:27Z
2026-08-02T11:05:08Z,2026-08-02T13:05:08+0200,b3181029-81fc-491a-b750-6dc59ef155aa,2026-07-20T05:00:00Z,2026-07-20T07:00:00+0200,159.92,EUR/MWh,DK1,DK_1,day_ahead_price,value,2026-08-02T11:09:27Z
2026-08-02T11:05:08Z,2026-08-02T13:05:08+0200,b3181029-81fc-491a-b750-6dc59ef155aa,2026-07-20T05:15:00Z,2026-07-20T07:15:00+0200,152.960007,EUR/MWh,DK1,DK_1,day_ahead_price,value,2026-08-02T11:09:27Z
2026-08-02T11:05:08Z,2026-08-02T13:05:08+0200,b3181029-81fc-491a-b750-6dc59ef155aa,2026-07-20T05:30:00Z,2026-07-20T07:30:00+0200,148.990005,EUR/MWh,DK1,DK_1,day_ahead_price,value,2026-08-02T11:09:27Z
2026-08-02T11:05:08Z,2026-08-02T13:05:08+0200,b3181029-81fc-491a-b750-6dc59ef155aa,2026-07-20T05:45:00Z,2026-07-20T07:45:00+0200,140.600006,EUR/MWh,DK1,DK_1,day_ahead_price,value,2026-08-02T11:09:27Z
2026-08-02T11:05:08Z,2026-08-02T13:05:08+0200,b3181029-81fc-491a-b750-6dc59ef155aa,2026-07-20T06:00:00Z,2026-07-20T08:00:00+0200,159.0,EUR/MWh,DK1,DK_1,day_ahead_price,value,2026-08-02T11:09:27Z
2026-08-02T11:05:08Z,2026-08-02T13:05:08+0200,b3181029-81fc-491a-b750-6dc59ef155aa,2026-07-20T06:15:00Z,2026-07-20T08:15:00+0200,140.0,EUR/MWh,DK1,DK_1,day_ahead_price,value,2026-08-02T11:09:27Z
2026-08-02T11:05:08Z,2026-08-02T13:05:08+0200,b3181029-81fc-491a-b750-6dc59ef155aa,2026-07-20T06:30:00Z,2026-07-20T08:30:00+0200,120.699997,EUR/MWh,DK1,DK_1,day_ahead_price,value,2026-08-02T11:09:27Z
2026-08-02T11:05:08Z,2026-08-02T13:05:08+0200,b3181029-81fc-491a-b750-6dc59ef155aa,2026-07-20T06:45:00Z,2026-07-20T08:45:00+0200,104.290001,EUR/MWh,DK1,DK_1,day_ahead_price,value,2026-08-02T11:09:27Z
2026-08-02T11:05:08Z,2026-08-02T13:05:08+0200,b3181029-81fc-491a-b750-6dc59ef155aa,2026-07-20T07:00:00Z,2026-07-20T09:00:00+0200,113.720001,EUR/MWh,DK1,DK_1,day_ahead_price,value,2026-08-02T11:09:27Z
2026-08-02T11:05:08Z,2026-08-02T13:05:08+0200,b3181029-81fc-491a-b750-6dc59ef155aa,2026-07-20T07:15:00Z,2026-07-20T09:15:00+0200,102.0,EUR/MWh,DK1,DK_1,day_ahead_price,value,2026-08-02T11:09:27Z
2026-08-02T11:05:08Z,2026-08-02T13:05:08+0200,b3181029-81fc-491a-b750-6dc59ef155aa,2026-07-20T07:30:00Z,2026-07-20T09:30:00+0200,89.330002,EUR/MWh,DK1,DK_1,day_ahead_price,value,2026-08-02T11:09:27Z
2026-08-02T11:05:08Z,2026-08-02T13:05:08+0200,b3181029-81fc-491a-b750-6dc59ef155aa,2026-07-20T07:45:00Z,2026-07-20T09:45:00+0200,65.82,EUR/MWh,DK1,DK_1,day_ahead_price,value,2026-08-02T11:09:27Z
2026-08-02T11:05:08Z,2026-08-02T13:05:08+0200,b3181029-81fc-491a-b750-6dc59ef155aa,2026-07-20T08:00:00Z,2026-07-20T10:00:00+0200,83.099998,EUR/MWh,DK1,DK_1,day_ahead_price,value,2026-08-02T11:09:27Z
2026-08-02T11:05:08Z,2026-08-02T13:05:08+0200,b3181029-81fc-491a-b750-6dc59ef155aa,2026-07-20T08:15:00Z,2026-07-20T10:15:00+0200,73.360001,EUR/MWh,DK1,DK_1,day_ahead_price,value,2026-08-02T11:09:27Z
2026-08-02T11:05:08Z,2026-08-02T13:05:08+0200,b3181029-81fc-491a-b750-6dc59ef155aa,2026-07-20T08:30:00Z,2026-07-20T10:30:00+0200,58.71,EUR/MWh,DK1,DK_1,day_ahead_price,value,2026-08-02T11:09:27Z
2026-08-02T11:05:08Z,2026-08-02T13:05:08+0200,b3181029-81fc-491a-b750-6dc59ef155aa,2026-07-20T08:45:00Z,2026-07-20T10:45:00+0200,27.77,EUR/MWh,DK1,DK_1,day_ahead_price,value,2026-08-02T11:09:27Z
2026-08-02T11:05:08Z,2026-08-02T13:05:08+0200,b3181029-81fc-491a-b750-6dc59ef155aa,2026-07-20T09:00:00Z,2026-07-20T11:00:00+0200,33.369999,EUR/MWh,DK1,DK_1,day_ahead_price,value,2026-08-02T11:09:27Z
2026-08-02T11:05:08Z,2026-08-02T13:05:08+0200,b3181029-81fc-491a-b750-6dc59ef155aa,2026-07-20T09:15:00Z,2026-07-20T11:15:00+0200,23.16,EUR/MWh,DK1,DK_1,day_ahead_price,value,2026-08-02T11:09:27Z
2026-08-02T11:05:08Z,2026-08-02T13:05:08+0200,b3181029-81fc-491a-b750-6dc59ef155aa,2026-07-20T09:30:00Z,2026-07-20T11:30:00+0200,12.05,EUR/MWh,DK1,DK_1,day_ahead_price,value,2026-08-02T11:09:27Z
2026-08-02T11:05:08Z,2026-08-02T13:05:08+0200,b3181029-81fc-491a-b750-6dc59ef155aa,2026-07-20T09:45:00Z,2026-07-20T11:45:00+0200,5.95,EUR/MWh,DK1,DK_1,day_ahead_price,value,2026-08-02T11:09:27Z
2026-08-02T11:05:08Z,2026-08-02T13:05:08+0200,b3181029-81fc-491a-b750-6dc59ef155aa,2026-07-20T10:00:00Z,2026-07-20T12:00:00+0200,23.540001,EUR/MWh,DK1,DK_1,day_ahead_price,value,2026-08-02T11:09:27Z
2026-08-02T11:05:08Z,2026-08-02T13:05:08+0200,b3181029-81fc-491a-b750-6dc59ef155aa,2026-07-20T10:15:00Z,2026-07-20T12:15:00+0200,10.8,EUR/MWh,DK1,DK_1,day_ahead_price,value,2026-08-02T11:09:27Z
2026-08-02T11:05:08Z,2026-08-02T13:05:08+0200,b3181029-81fc-491a-b750-6dc59ef155aa,2026-07-20T10:30:00Z,2026-07-20T12:30:00+0200,13.75,EUR/MWh,DK1,DK_1,day_ahead_price,value,2026-08-02T11:09:27Z
2026-08-02T11:05:08Z,2026-08-02T13:05:08+0200,b3181029-81fc-491a-b750-6dc59ef155aa,2026-07-20T10:45:00Z,2026-07-20T12:45:00+0200,10.0,EUR/MWh,DK1,DK_1,day_ahead_price,value,2026-08-02T11:09:27Z
2026-08-02T11:05:08Z,2026-08-02T13:05:08+0200,b3181029-81fc-491a-b750-6dc59ef155aa,2026-07-20T11:00:00Z,2026-07-20T13:00:00+0200,4.55,EUR/MWh,DK1,DK_1,day_ahead_price,value,2026-08-02T11:09:27Z
2026-08-02T11:05:08Z,2026-08-02T13:05:08+0200,b3181029-81fc-491a-b750-6dc59ef155aa,2026-07-20T11:15:00Z,2026-07-20T13:15:00+0200,4.52,EUR/MWh,DK1,DK_1,day_ahead_price,value,2026-08-02T11:09:27Z
2026-08-02T11:05:08Z,2026-08-02T13:05:08+0200,b3181029-81fc-491a-b750-6dc59ef155aa,2026-07-20T11:30:00Z,2026-07-20T13:30:00+0200,3.05,EUR/MWh,DK1,DK_1,day_ahead_price,value,2026-08-02T11:09:27Z
2026-08-02T11:05:08Z,2026-08-02T13:05:08+0200,b3181029-81fc-491a-b750-6dc59ef155aa,2026-07-20T11:45:00Z,2026-07-20T13:45:00+0200,2.89,EUR/MWh,DK1,DK_1,day_ahead_price,value,2026-08-02T11:09:27Z
2026-08-02T11:05:08Z,2026-08-02T13:05:08+0200,b3181029-81fc-491a-b750-6dc59ef155aa,2026-07-20T12:00:00Z,2026-07-20T14:00:00+0200,5.29,EUR/MWh,DK1,DK_1,day_ahead_price,value,2026-08-02T11:09:27Z
2026-08-02T11:05:08Z,2026-08-02T13:05:08+0200,b3181029-81fc-491a-b750-6dc59ef155aa,2026-07-20T12:15:00Z,2026-07-20T14:15:00+0200,5.66,EUR/MWh,DK1,DK_1,day_ahead_price,value,2026-08-02T11:09:27Z
2026-08-02T11:05:08Z,2026-08-02T13:05:08+0200,b3181029-81fc-491a-b750-6dc59ef155aa,2026-07-20T12:30:00Z,2026-07-20T14:30:00+0200,6.42,EUR/MWh,DK1,DK_1,day_ahead_price,value,2026-08-02T11:09:27Z
2026-08-02T11:05:08Z,2026-08-02T13:05:08+0200,b3181029-81fc-491a-b750-6dc59ef155aa,2026-07-20T12:45:00Z,2026-07-20T14:45:00+0200,7.58,EUR/MWh,DK1,DK_1,day_ahead_price,value,2026-08-02T11:09:27Z
2026-08-02T11:05:08Z,2026-08-02T13:05:08+0200,b3181029-81fc-491a-b750-6dc59ef155aa,2026-07-20T13:00:00Z,2026-07-20T15:00:00+0200,3.5,EUR/MWh,DK1,DK_1,day_ahead_price,value,2026-08-02T11:09:27Z
2026-08-02T11:05:08Z,2026-08-02T13:05:08+0200,b3181029-81fc-491a-b750-6dc59ef155aa,2026-07-20T13:15:00Z,2026-07-20T15:15:00+0200,4.52,EUR/MWh,DK1,DK_1,day_ahead_price,value,2026-08-02T11:09:27Z
2026-08-02T11:05:08Z,2026-08-02T13:05:08+0200,b3181029-81fc-491a-b750-6dc59ef155aa,2026-07-20T13:30:00Z,2026-07-20T15:30:00+0200,9.06,EUR/MWh,DK1,DK_1,day_ahead_price,value,2026-08-02T11:09:27Z
2026-08-02T11:05:08Z,2026-08-02T13:05:08+0200,b3181029-81fc-491a-b750-6dc59ef155aa,2026-07-20T13:45:00Z,2026-07-20T15:45:00+0200,9.68,EUR/MWh,DK1,DK_1,day_ahead_price,value,2026-08-02T11:09:27Z
2026-08-02T11:05:08Z,2026-08-02T13:05:08+0200,b3181029-81fc-491a-b750-6dc59ef155aa,2026-07-20T14:00:00Z,2026-07-20T16:00:00+0200,5.2,EUR/MWh,DK1,DK_1,day_ahead_price,value,2026-08-02T11:09:27Z
2026-08-02T11:05:08Z,2026-08-02T13:05:08+0200,b3181029-81fc-491a-b750-6dc59ef155aa,2026-07-20T14:15:00Z,2026-07-20T16:15:00+0200,5.34,EUR/MWh,DK1,DK_1,day_ahead_price,value,2026-08-02T11:09:27Z
2026-08-02T11:05:08Z,2026-08-02T13:05:08+0200,b3181029-81fc-491a-b750-6dc59ef155aa,2026-07-20T14:30:00Z,2026-07-20T16:30:00+0200,21.040001,EUR/MWh,DK1,DK_1,day_ahead_price,value,2026-08-02T11:09:27Z
2026-08-02T11:05:08Z,2026-08-02T13:05:08+0200,b3181029-81fc-491a-b750-6dc59ef155aa,2026-07-20T14:45:00Z,2026-07-20T16:45:00+0200,53.259998,EUR/MWh,DK1,DK_1,day_ahead_price,value,2026-08-02T11:09:27Z
2026-08-02T11:05:08Z,2026-08-02T13:05:08+0200,b3181029-81fc-491a-b750-6dc59ef155aa,2026-07-20T15:00:00Z,2026-07-20T17:00:00+0200,25.05,EUR/MWh,DK1,DK_1,day_ahead_price,value,2026-08-02T11:09:27Z
2026-08-02T11:05:08Z,2026-08-02T13:05:08+0200,b3181029-81fc-491a-b750-6dc59ef155aa,2026-07-20T15:15:00Z,2026-07-20T17:15:00+0200,80.44,EUR/MWh,DK1,DK_1,day_ahead_price,value,2026-08-02T11:09:27Z
2026-08-02T11:05:08Z,2026-08-02T13:05:08+0200,b3181029-81fc-491a-b750-6dc59ef155aa,2026-07-20T15:30:00Z,2026-07-20T17:30:00+0200,91.61,EUR/MWh,DK1,DK_1,day_ahead_price,value,2026-08-02T11:09:27Z
2026-08-02T11:05:08Z,2026-08-02T13:05:08+0200,b3181029-81fc-491a-b750-6dc59ef155aa,2026-07-20T15:45:00Z,2026-07-20T17:45:00+0200,107.56,EUR/MWh,DK1,DK_1,day_ahead_price,value,2026-08-02T11:09:27Z
2026-08-02T11:05:08Z,2026-08-02T13:05:08+0200,b3181029-81fc-491a-b750-6dc59ef155aa,2026-07-20T16:00:00Z,2026-07-20T18:00:00+0200,97.599998,EUR/MWh,DK1,DK_1,day_ahead_price,value,2026-08-02T11:09:27Z
2026-08-02T11:05:08Z,2026-08-02T13:05:08+0200,b3181029-81fc-491a-b750-6dc59ef155aa,2026-07-20T16:15:00Z,2026-07-20T18:15:00+0200,108.739998,EUR/MWh,DK1,DK_1,day_ahead_price,value,2026-08-02T11:09:27Z
2026-08-02T11:05:08Z,2026-08-02T13:05:08+0200,b3181029-81fc-491a-b750-6dc59ef155aa,2026-07-20T16:30:00Z,2026-07-20T18:30:00+0200,129.18,EUR/MWh,DK1,DK_1,day_ahead_price,value,2026-08-02T11:09:27Z
2026-08-02T11:05:08Z,2026-08-02T13:05:08+0200,b3181029-81fc-491a-b750-6dc59ef155aa,2026-07-20T16:45:00Z,2026-07-20T18:45:00+0200,144.929993,EUR/MWh,DK1,DK_1,day_ahead_price,value,2026-08-02T11:09:27Z
2026-08-02T11:05:08Z,2026-08-02T13:05:08+0200,b3181029-81fc-491a-b750-6dc59ef155aa,2026-07-20T17:00:00Z,2026-07-20T19:00:00+0200,142.64,EUR/MWh,DK1,DK_1,day_ahead_price,value,2026-08-02T11:09:27Z
2026-08-02T11:05:08Z,2026-08-02T13:05:08+0200,b3181029-81fc-491a-b750-6dc59ef155aa,2026-07-20T17:15:00Z,2026-07-20T19:15:00+0200,153.22,EUR/MWh,DK1,DK_1,day_ahead_price,value,2026-08-02T11:09:27Z
2026-08-02T11:05:08Z,2026-08-02T13:05:08+0200,b3181029-81fc-491a-b750-6dc59ef155aa,2026-07-20T17:30:00Z,2026-07-20T19:30:00+0200,162.240005,EUR/MWh,DK1,DK_1,day_ahead_price,value,2026-08-02T11:09:27Z
2026-08-02T11:05:08Z,2026-08-02T13:05:08+0200,b3181029-81fc-491a-b750-6dc59ef155aa,2026-07-20T17:45:00Z,2026-07-20T19:45:00+0200,177.910004,EUR/MWh,DK1,DK_1,day_ahead_price,value,2026-08-02T11:09:27Z
2026-08-02T11:05:08Z,2026-08-02T13:05:08+0200,b3181029-81fc-491a-b750-6dc59ef155aa,2026-07-20T18:00:00Z,2026-07-20T20:00:00+0200,165.4,EUR/MWh,DK1,DK_1,day_ahead_price,value,2026-08-02T11:09:27Z
2026-08-02T11:05:08Z,2026-08-02T13:05:08+0200,b3181029-81fc-491a-b750-6dc59ef155aa,2026-07-20T18:15:00Z,2026-07-20T20:15:00+0200,171.48,EUR/MWh,DK1,DK_1,day_ahead_price,value,2026-08-02T11:09:27Z
2026-08-02T11:05:08Z,2026-08-02T13:05:08+0200,b3181029-81fc-491a-b750-6dc59ef155aa,2026-07-20T18:30:00Z,2026-07-20T20:30:00+0200,181.77,EUR/MWh,DK1,DK_1,day_ahead_price,value,2026-08-02T11:09:27Z
2026-08-02T11:05:08Z,2026-08-02T13:05:08+0200,b3181029-81fc-491a-b750-6dc59ef155aa,2026-07-20T18:45:00Z,2026-07-20T20:45:00+0200,194.770004,EUR/MWh,DK1,DK_1,day_ahead_price,value,2026-08-02T11:09:27Z
2026-08-02T11:05:08Z,2026-08-02T13:05:08+0200,b3181029-81fc-491a-b750-6dc59ef155aa,2026-07-20T19:00:00Z,2026-07-20T21:00:00+0200,181.03,EUR/MWh,DK1,DK_1,day_ahead_price,value,2026-08-02T11:09:27Z
2026-08-02T11:05:08Z,2026-08-02T13:05:08+0200,b3181029-81fc-491a-b750-6dc59ef155aa,2026-07-20T19:15:00Z,2026-07-20T21:15:00+0200,180.47,EUR/MWh,DK1,DK_1,day_ahead_price,value,2026-08-02T11:09:27Z
2026-08-02T11:05:08Z,2026-08-02T13:05:08+0200,b3181029-81fc-491a-b750-6dc59ef155aa,2026-07-20T19:30:00Z,2026-07-20T21:30:00+0200,179.92,EUR/MWh,DK1,DK_1,day_ahead_price,value,2026-08-02T11:09:27Z
2026-08-02T11:05:08Z,2026-08-02T13:05:08+0200,b3181029-81fc-491a-b750-6dc59ef155aa,2026-07-20T19:45:00Z,2026-07-20T21:45:00+0200,178.0,EUR/MWh,DK1,DK_1,day_ahead_price,value,2026-08-02T11:09:27Z
2026-08-02T11:05:08Z,2026-08-02T13:05:08+0200,b3181029-81fc-491a-b750-6dc59ef155aa,2026-07-20T20:00:00Z,2026-07-20T22:00:00+0200,186.339996,EUR/MWh,DK1,DK_1,day_ahead_price,value,2026-08-02T11:09:27Z
2026-08-02T11:05:08Z,2026-08-02T13:05:08+0200,b3181029-81fc-491a-b750-6dc59ef155aa,2026-07-20T20:15:00Z,2026-07-20T22:15:00+0200,175.98,EUR/MWh,DK1,DK_1,day_ahead_price,value,2026-08-02T11:09:27Z
2026-08-02T11:05:08Z,2026-08-02T13:05:08+0200,b3181029-81fc-491a-b750-6dc59ef155aa,2026-07-20T20:30:00Z,2026-07-20T22:30:00+0200,171.940002,EUR/MWh,DK1,DK_1,day_ahead_price,value,2026-08-02T11:09:27Z
2026-08-02T11:05:08Z,2026-08-02T13:05:08+0200,b3181029-81fc-491a-b750-6dc59ef155aa,2026-07-20T20:45:00Z,2026-07-20T22:45:00+0200,165.0,EUR/MWh,DK1,DK_1,day_ahead_price,value,2026-08-02T11:09:27Z
2026-08-02T11:05:08Z,2026-08-02T13:05:08+0200,b3181029-81fc-491a-b750-6dc59ef155aa,2026-07-20T21:00:00Z,2026-07-20T23:00:00+0200,168.17,EUR/MWh,DK1,DK_1,day_ahead_price,value,2026-08-02T11:09:27Z
2026-08-02T11:05:08Z,2026-08-02T13:05:08+0200,b3181029-81fc-491a-b750-6dc59ef155aa,2026-07-20T21:15:00Z,2026-07-20T23:15:00+0200,161.800003,EUR/MWh,DK1,DK_1,day_ahead_price,value,2026-08-02T11:09:27Z
2026-08-02T11:05:08Z,2026-08-02T13:05:08+0200,b3181029-81fc-491a-b750-6dc59ef155aa,2026-07-20T21:30:00Z,2026-07-20T23:30:00+0200,157.960007,EUR/MWh,DK1,DK_1,day_ahead_price,value,2026-08-02T11:09:27Z
2026-08-02T11:05:08Z,2026-08-02T13:05:08+0200,b3181029-81fc-491a-b750-6dc59ef155aa,2026-07-20T21:45:00Z,2026-07-20T23:45:00+0200,149.039993,EUR/MWh,DK1,DK_1,day_ahead_price,value,2026-08-02T11:09:27Z
2026-08-02T11:05:08Z,2026-08-02T13:05:08+0200,b3181029-81fc-491a-b750-6dc59ef155aa,2026-07-20T22:00:00Z,2026-07-21T00:00:00+0200,153.18,EUR/MWh,DK1,DK_1,day_ahead_price,value,2026-08-02T11:09:27Z
2026-08-02T11:05:08Z,2026-08-02T13:05:08+0200,b3181029-81fc-491a-b750-6dc59ef155aa,2026-07-20T22:15:00Z,2026-07-21T00:15:00+0200,149.45,EUR/MWh,DK1,DK_1,day_ahead_price,value,2026-08-02T11:09:27Z
2026-08-02T11:05:08Z,2026-08-02T13:05:08+0200,b3181029-81fc-491a-b750-6dc59ef155aa,2026-07-20T22:30:00Z,2026-07-21T00:30:00+0200,145.79,EUR/MWh,DK1,DK_1,day_ahead_price,value,2026-08-02T11:09:27Z
2026-08-02T11:05:08Z,2026-08-02T13:05:08+0200,b3181029-81fc-491a-b750-6dc59ef155aa,2026-07-20T22:45:00Z,2026-07-21T00:45:00+0200,144.55,EUR/MWh,DK1,DK_1,day_ahead_price,value,2026-08-02T11:09:27Z
2026-08-02T11:05:08Z,2026-08-02T13:05:08+0200,b3181029-81fc-491a-b750-6dc59ef155aa,2026-07-20T23:00:00Z,2026-07-21T01:00:00+0200,151.53,EUR/MWh,DK1,DK_1,day_ahead_price,value,2026-08-02T11:09:27Z
2026-08-02T11:05:08Z,2026-08-02T13:05:08+0200,b3181029-81fc-491a-b750-6dc59ef155aa,2026-07-20T23:15:00Z,2026-07-21T01:15:00+0200,150.26,EUR/MWh,DK1,DK_1,day_ahead_price,value,2026-08-02T11:09:27Z
2026-08-02T11:05:08Z,2026-08-02T13:05:08+0200,b3181029-81fc-491a-b750-6dc59ef155aa,2026-07-20T23:30:00Z,2026-07-21T01:30:00+0200,148.78,EUR/MWh,DK1,DK_1,day_ahead_price,value,2026-08-02T11:09:27Z
2026-08-02T11:05:08Z,2026-08-02T13:05:08+0200,b3181029-81fc-491a-b750-6dc59ef155aa,2026-07-20T23:45:00Z,2026-07-21T01:45:00+0200,145.95,EUR/MWh,DK1,DK_1,day_ahead_price,value,2026-08-02T11:09:27Z
2026-08-02T11:05:08Z,2026-08-02T13:05:08+0200,b3181029-81fc-491a-b750-6dc59ef155aa,2026-07-21T00:00:00Z,2026-07-21T02:00:00+0200,146.09,EUR/MWh,DK1,DK_1,day_ahead_price,value,2026-08-02T11:09:27Z
2026-08-02T11:05:08Z,2026-08-02T13:05:08+0200,b3181029-81fc-491a-b750-6dc59ef155aa,2026-07-21T00:15:00Z,2026-07-21T02:15:00+0200,143.43,EUR/MWh,DK1,DK_1,day_ahead_price,value,2026-08-02T11:09:27Z
2026-08-02T11:05:08Z,2026-08-02T13:05:08+0200,b3181029-81fc-491a-b750-6dc59ef155aa,2026-07-21T00:30:00Z,2026-07-21T02:30:00+0200,142.31,EUR/MWh,DK1,DK_1,day_ahead_price,value,2026-08-02T11:09:27Z
2026-08-02T11:05:08Z,2026-08-02T13:05:08+0200,b3181029-81fc-491a-b750-6dc59ef155aa,2026-07-21T00:45:00Z,2026-07-21T02:45:00+0200,139.5,EUR/MWh,DK1,DK_1,day_ahead_price,value,2026-08-02T11:09:27Z
2026-08-02T11:05:08Z,2026-08-02T13:05:08+0200,b3181029-81fc-491a-b750-6dc59ef155aa,2026-07-21T01:00:00Z,2026-07-21T03:00:00+0200,139.92,EUR/MWh,DK1,DK_1,day_ahead_price,value,2026-08-02T11:09:27Z
2026-08-02T11:05:08Z,2026-08-02T13:05:08+0200,b3181029-81fc-491a-b750-6dc59ef155aa,2026-07-21T01:15:00Z,2026-07-21T03:15:00+0200,137.73,EUR/MWh,DK1,DK_1,day_ahead_price,value,2026-08-02T11:09:27Z
2026-08-02T11:05:08Z,2026-08-02T13:05:08+0200,b3181029-81fc-491a-b750-6dc59ef155aa,2026-07-21T01:30:00Z,2026-07-21T03:30:00+0200,137.81,EUR/MWh,DK1,DK_1,day_ahead_price,value,2026-08-02T11:09:27Z
2026-08-02T11:05:08Z,2026-08-02T13:05:08+0200,b3181029-81fc-491a-b750-6dc59ef155aa,2026-07-21T01:45:00Z,2026-07-21T03:45:00+0200,138.54,EUR/MWh,DK1,DK_1,day_ahead_price,value,2026-08-02T11:09:27Z
2026-08-02T11:05:08Z,2026-08-02T13:05:08+0200,b3181029-81fc-491a-b750-6dc59ef155aa,2026-07-21T02:00:00Z,2026-07-21T04:00:00+0200,135.03,EUR/MWh,DK1,DK_1,day_ahead_price,value,2026-08-02T11:09:27Z
2026-08-02T11:05:08Z,2026-08-02T13:05:08+0200,b3181029-81fc-491a-b750-6dc59ef155aa,2026-07-21T02:15:00Z,2026-07-21T04:15:00+0200,137.07,EUR/MWh,DK1,DK_1,day_ahead_price,value,2026-08-02T11:09:27Z
2026-08-02T11:05:08Z,2026-08-02T13:05:08+0200,b3181029-81fc-491a-b750-6dc59ef155aa,2026-07-21T02:30:00Z,2026-07-21T04:30:00+0200,140.47,EUR/MWh,DK1,DK_1,day_ahead_price,value,2026-08-02T11:09:27Z
2026-08-02T11:05:08Z,2026-08-02T13:05:08+0200,b3181029-81fc-491a-b750-6dc59ef155aa,2026-07-21T02:45:00Z,2026-07-21T04:45:00+0200,143.27,EUR/MWh,DK1,DK_1,day_ahead_price,value,2026-08-02T11:09:27Z
2026-08-02T11:05:08Z,2026-08-02T13:05:08+0200,b3181029-81fc-491a-b750-6dc59ef155aa,2026-07-21T03:00:00Z,2026-07-21T05:00:00+0200,139.35,EUR/MWh,DK1,DK_1,day_ahead_price,value,2026-08-02T11:09:27Z
2026-08-02T11:05:08Z,2026-08-02T13:05:08+0200,b3181029-81fc-491a-b750-6dc59ef155aa,2026-07-21T03:15:00Z,2026-07-21T05:15:00+0200,142.24,EUR/MWh,DK1,DK_1,day_ahead_price,value,2026-08-02T11:09:27Z
2026-08-02T11:05:08Z,2026-08-02T13:05:08+0200,b3181029-81fc-491a-b750-6dc59ef155aa,2026-07-21T03:30:00Z,2026-07-21T05:30:00+0200,146.35,EUR/MWh,DK1,DK_1,day_ahead_price,value,2026-08-02T11:09:27Z
2026-08-02T11:05:08Z,2026-08-02T13:05:08+0200,b3181029-81fc-491a-b750-6dc59ef155aa,2026-07-21T03:45:00Z,2026-07-21T05:45:00+0200,148.7,EUR/MWh,DK1,DK_1,day_ahead_price,value,2026-08-02T11:09:27Z
2026-08-02T11:05:08Z,2026-08-02T13:05:08+0200,b3181029-81fc-491a-b750-6dc59ef155aa,2026-07-21T04:00:00Z,2026-07-21T06:00:00+0200,154.97,EUR/MWh,DK1,DK_1,day_ahead_price,value,2026-08-02T11:09:27Z
2026-08-02T11:05:08Z,2026-08-02T13:05:08+0200,b3181029-81fc-491a-b750-6dc59ef155aa,2026-07-21T04:15:00Z,2026-07-21T06:15:00+0200,158.82,EUR/MWh,DK1,DK_1,day_ahead_price,value,2026-08-02T11:09:27Z
2026-08-02T11:05:08Z,2026-08-02T13:05:08+0200,b3181029-81fc-491a-b750-6dc59ef155aa,2026-07-21T04:30:00Z,2026-07-21T06:30:00+0200,159.69,EUR/MWh,DK1,DK_1,day_ahead_price,value,2026-08-02T11:09:27Z
2026-08-02T11:05:08Z,2026-08-02T13:05:08+0200,b3181029-81fc-491a-b750-6dc59ef155aa,2026-07-21T04:45:00Z,2026-07-21T06:45:00+0200,156.43,EUR/MWh,DK1,DK_1,day_ahead_price,value,2026-08-02T11:09:27Z
2026-08-02T11:05:08Z,2026-08-02T13:05:08+0200,b3181029-81fc-491a-b750-6dc59ef155aa,2026-07-21T05:00:00Z,2026-07-21T07:00:00+0200,167.0,EUR/MWh,DK1,DK_1,day_ahead_price,value,2026-08-02T11:09:27Z
2026-08-02T11:05:08Z,2026-08-02T13:05:08+0200,b3181029-81fc-491a-b750-6dc59ef155aa,2026-07-21T05:15:00Z,2026-07-21T07:15:00+0200,159.35,EUR/MWh,DK1,DK_1,day_ahead_price,value,2026-08-02T11:09:27Z
2026-08-02T11:05:08Z,2026-08-02T13:05:08+0200,b3181029-81fc-491a-b750-6dc59ef155aa,2026-07-21T05:30:00Z,2026-07-21T07:30:00+0200,155.01,EUR/MWh,DK1,DK_1,day_ahead_price,value,2026-08-02T11:09:27Z
2026-08-02T11:05:08Z,2026-08-02T13:05:08+0200,b3181029-81fc-491a-b750-6dc59ef155aa,2026-07-21T05:45:00Z,2026-07-21T07:45:00+0200,136.35,EUR/MWh,DK1,DK_1,day_ahead_price,value,2026-08-02T11:09:27Z
2026-08-02T11:05:08Z,2026-08-02T13:05:08+0200,b3181029-81fc-491a-b750-6dc59ef155aa,2026-07-21T06:00:00Z,2026-07-21T08:00:00+0200,164.78,EUR/MWh,DK1,DK_1,day_ahead_price,value,2026-08-02T11:09:27Z
2026-08-02T11:05:08Z,2026-08-02T13:05:08+0200,b3181029-81fc-491a-b750-6dc59ef155aa,2026-07-21T06:15:00Z,2026-07-21T08:15:00+0200,149.0,EUR/MWh,DK1,DK_1,day_ahead_price,value,2026-08-02T11:09:27Z
2026-08-02T11:05:08Z,2026-08-02T13:05:08+0200,b3181029-81fc-491a-b750-6dc59ef155aa,2026-07-21T06:30:00Z,2026-07-21T08:30:00+0200,142.16,EUR/MWh,DK1,DK_1,day_ahead_price,value,2026-08-02T11:09:27Z
2026-08-02T11:05:08Z,2026-08-02T13:05:08+0200,b3181029-81fc-491a-b750-6dc59ef155aa,2026-07-21T06:45:00Z,2026-07-21T08:45:00+0200,125.57,EUR/MWh,DK1,DK_1,day_ahead_price,value,2026-08-02T11:09:27Z
2026-08-02T11:05:08Z,2026-08-02T13:05:08+0200,b3181029-81fc-491a-b750-6dc59ef155aa,2026-07-21T07:00:00Z,2026-07-21T09:00:00+0200,153.01,EUR/MWh,DK1,DK_1,day_ahead_price,value,2026-08-02T11:09:27Z
2026-08-02T11:05:08Z,2026-08-02T13:05:08+0200,b3181029-81fc-491a-b750-6dc59ef155aa,2026-07-21T07:15:00Z,2026-07-21T09:15:00+0200,120.17,EUR/MWh,DK1,DK_1,day_ahead_price,value,2026-08-02T11:09:27Z
2026-08-02T11:05:08Z,2026-08-02T13:05:08+0200,b3181029-81fc-491a-b750-6dc59ef155aa,2026-07-21T07:30:00Z,2026-07-21T09:30:00+0200,107.37,EUR/MWh,DK1,DK_1,day_ahead_price,value,2026-08-02T11:09:27Z
2026-08-02T11:05:08Z,2026-08-02T13:05:08+0200,b3181029-81fc-491a-b750-6dc59ef155aa,2026-07-21T07:45:00Z,2026-07-21T09:45:00+0200,78.98,EUR/MWh,DK1,DK_1,day_ahead_price,value,2026-08-02T11:09:27Z
2026-08-02T11:05:08Z,2026-08-02T13:05:08+0200,b3181029-81fc-491a-b750-6dc59ef155aa,2026-07-21T08:00:00Z,2026-07-21T10:00:00+0200,101.7,EUR/MWh,DK1,DK_1,day_ahead_price,value,2026-08-02T11:09:27Z
2026-08-02T11:05:08Z,2026-08-02T13:05:08+0200,b3181029-81fc-491a-b750-6dc59ef155aa,2026-07-21T08:15:00Z,2026-07-21T10:15:00+0200,85.42,EUR/MWh,DK1,DK_1,day_ahead_price,value,2026-08-02T11:09:27Z
2026-08-02T11:05:08Z,2026-08-02T13:05:08+0200,b3181029-81fc-491a-b750-6dc59ef155aa,2026-07-21T08:30:00Z,2026-07-21T10:30:00+0200,77.68,EUR/MWh,DK1,DK_1,day_ahead_price,value,2026-08-02T11:09:27Z
2026-08-02T11:05:08Z,2026-08-02T13:05:08+0200,b3181029-81fc-491a-b750-6dc59ef155aa,2026-07-21T08:45:00Z,2026-07-21T10:45:00+0200,64.14,EUR/MWh,DK1,DK_1,day_ahead_price,value,2026-08-02T11:09:27Z
2026-08-02T11:05:08Z,2026-08-02T13:05:08+0200,b3181029-81fc-491a-b750-6dc59ef155aa,2026-07-21T09:00:00Z,2026-07-21T11:00:00+0200,63.56,EUR/MWh,DK1,DK_1,day_ahead_price,value,2026-08-02T11:09:27Z
2026-08-02T11:05:08Z,2026-08-02T13:05:08+0200,b3181029-81fc-491a-b750-6dc59ef155aa,2026-07-21T09:15:00Z,2026-07-21T11:15:00+0200,57.45,EUR/MWh,DK1,DK_1,day_ahead_price,value,2026-08-02T11:09:27Z
2026-08-02T11:05:08Z,2026-08-02T13:05:08+0200,b3181029-81fc-491a-b750-6dc59ef155aa,2026-07-21T09:30:00Z,2026-07-21T11:30:00+0200,37.84,EUR/MWh,DK1,DK_1,day_ahead_price,value,2026-08-02T11:09:27Z
2026-08-02T11:05:08Z,2026-08-02T13:05:08+0200,b3181029-81fc-491a-b750-6dc59ef155aa,2026-07-21T09:45:00Z,2026-07-21T11:45:00+0200,16.05,EUR/MWh,DK1,DK_1,day_ahead_price,value,2026-08-02T11:09:27Z
2026-08-02T11:05:08Z,2026-08-02T13:05:08+0200,b3181029-81fc-491a-b750-6dc59ef155aa,2026-07-21T10:00:00Z,2026-07-21T12:00:00+0200,18.93,EUR/MWh,DK1,DK_1,day_ahead_price,value,2026-08-02T11:09:27Z
2026-08-02T11:05:08Z,2026-08-02T13:05:08+0200,b3181029-81fc-491a-b750-6dc59ef155aa,2026-07-21T10:15:00Z,2026-07-21T12:15:00+0200,9.33,EUR/MWh,DK1,DK_1,day_ahead_price,value,2026-08-02T11:09:27Z
2026-08-02T11:05:08Z,2026-08-02T13:05:08+0200,b3181029-81fc-491a-b750-6dc59ef155aa,2026-07-21T10:30:00Z,2026-07-21T12:30:00+0200,7.53,EUR/MWh,DK1,DK_1,day_ahead_price,value,2026-08-02T11:09:27Z
2026-08-02T11:05:08Z,2026-08-02T13:05:08+0200,b3181029-81fc-491a-b750-6dc59ef155aa,2026-07-21T10:45:00Z,2026-07-21T12:45:00+0200,6.31,EUR/MWh,DK1,DK_1,day_ahead_price,value,2026-08-02T11:09:27Z
2026-08-02T11:05:08Z,2026-08-02T13:05:08+0200,b3181029-81fc-491a-b750-6dc59ef155aa,2026-07-21T11:00:00Z,2026-07-21T13:00:00+0200,4.97,EUR/MWh,DK1,DK_1,day_ahead_price,value,2026-08-02T11:09:27Z
2026-08-02T11:05:08Z,2026-08-02T13:05:08+0200,b3181029-81fc-491a-b750-6dc59ef155aa,2026-07-21T11:15:00Z,2026-07-21T13:15:00+0200,4.23,EUR/MWh,DK1,DK_1,day_ahead_price,value,2026-08-02T11:09:27Z
2026-08-02T11:05:08Z,2026-08-02T13:05:08+0200,b3181029-81fc-491a-b750-6dc59ef155aa,2026-07-21T11:30:00Z,2026-07-21T13:30:00+0200,4.01,EUR/MWh,DK1,DK_1,day_ahead_price,value,2026-08-02T11:09:27Z
2026-08-02T11:05:08Z,2026-08-02T13:05:08+0200,b3181029-81fc-491a-b750-6dc59ef155aa,2026-07-21T11:45:00Z,2026-07-21T13:45:00+0200,3.1,EUR/MWh,DK1,DK_1,day_ahead_price,value,2026-08-02T11:09:27Z
2026-08-02T11:05:08Z,2026-08-02T13:05:08+0200,b3181029-81fc-491a-b750-6dc59ef155aa,2026-07-21T12:00:00Z,2026-07-21T14:00:00+0200,2.6,EUR/MWh,DK1,DK_1,day_ahead_price,value,2026-08-02T11:09:27Z
2026-08-02T11:05:08Z,2026-08-02T13:05:08+0200,b3181029-81fc-491a-b750-6dc59ef155aa,2026-07-21T12:15:00Z,2026-07-21T14:15:00+0200,3.39,EUR/MWh,DK1,DK_1,day_ahead_price,value,2026-08-02T11:09:27Z
2026-08-02T11:05:08Z,2026-08-02T13:05:08+0200,b3181029-81fc-491a-b750-6dc59ef155aa,2026-07-21T12:30:00Z,2026-07-21T14:30:00+0200,3.72,EUR/MWh,DK1,DK_1,day_ahead_price,value,2026-08-02T11:09:27Z
2026-08-02T11:05:08Z,2026-08-02T13:05:08+0200,b3181029-81fc-491a-b750-6dc59ef155aa,2026-07-21T12:45:00Z,2026-07-21T14:45:00+0200,5.64,EUR/MWh,DK1,DK_1,day_ahead_price,value,2026-08-02T11:09:27Z
2026-08-02T11:05:08Z,2026-08-02T13:05:08+0200,b3181029-81fc-491a-b750-6dc59ef155aa,2026-07-21T13:00:00Z,2026-07-21T15:00:00+0200,4.0,EUR/MWh,DK1,DK_1,day_ahead_price,value,2026-08-02T11:09:27Z
2026-08-02T11:05:08Z,2026-08-02T13:05:08+0200,b3181029-81fc-491a-b750-6dc59ef155aa,2026-07-21T13:15:00Z,2026-07-21T15:15:00+0200,7.3,EUR/MWh,DK1,DK_1,day_ahead_price,value,2026-08-02T11:09:27Z
2026-08-02T11:05:08Z,2026-08-02T13:05:08+0200,b3181029-81fc-491a-b750-6dc59ef155aa,2026-07-21T13:30:00Z,2026-07-21T15:30:00+0200,12.34,EUR/MWh,DK1,DK_1,day_ahead_price,value,2026-08-02T11:09:27Z
2026-08-02T11:05:08Z,2026-08-02T13:05:08+0200,b3181029-81fc-491a-b750-6dc59ef155aa,2026-07-21T13:45:00Z,2026-07-21T15:45:00+0200,33.73,EUR/MWh,DK1,DK_1,day_ahead_price,value,2026-08-02T11:09:27Z
2026-08-02T11:05:08Z,2026-08-02T13:05:08+0200,b3181029-81fc-491a-b750-6dc59ef155aa,2026-07-21T14:00:00Z,2026-07-21T16:00:00+0200,29.66,EUR/MWh,DK1,DK_1,day_ahead_price,value,2026-08-02T11:09:27Z
2026-08-02T11:05:08Z,2026-08-02T13:05:08+0200,b3181029-81fc-491a-b750-6dc59ef155aa,2026-07-21T14:15:00Z,2026-07-21T16:15:00+0200,62.15,EUR/MWh,DK1,DK_1,day_ahead_price,value,2026-08-02T11:09:27Z
2026-08-02T11:05:08Z,2026-08-02T13:05:08+0200,b3181029-81fc-491a-b750-6dc59ef155aa,2026-07-21T14:30:00Z,2026-07-21T16:30:00+0200,69.38,EUR/MWh,DK1,DK_1,day_ahead_price,value,2026-08-02T11:09:27Z
2026-08-02T11:05:08Z,2026-08-02T13:05:08+0200,b3181029-81fc-491a-b750-6dc59ef155aa,2026-07-21T14:45:00Z,2026-07-21T16:45:00+0200,80.6,EUR/MWh,DK1,DK_1,day_ahead_price,value,2026-08-02T11:09:27Z
2026-08-02T11:05:08Z,2026-08-02T13:05:08+0200,b3181029-81fc-491a-b750-6dc59ef155aa,2026-07-21T15:00:00Z,2026-07-21T17:00:00+0200,75.39,EUR/MWh,DK1,DK_1,day_ahead_price,value,2026-08-02T11:09:27Z
2026-08-02T11:05:08Z,2026-08-02T13:05:08+0200,b3181029-81fc-491a-b750-6dc59ef155aa,2026-07-21T15:15:00Z,2026-07-21T17:15:00+0200,92.5,EUR/MWh,DK1,DK_1,day_ahead_price,value,2026-08-02T11:09:27Z
2026-08-02T11:05:08Z,2026-08-02T13:05:08+0200,b3181029-81fc-491a-b750-6dc59ef155aa,2026-07-21T15:30:00Z,2026-07-21T17:30:00+0200,110.93,EUR/MWh,DK1,DK_1,day_ahead_price,value,2026-08-02T11:09:27Z
2026-08-02T11:05:08Z,2026-08-02T13:05:08+0200,b3181029-81fc-491a-b750-6dc59ef155aa,2026-07-21T15:45:00Z,2026-07-21T17:45:00+0200,126.38,EUR/MWh,DK1,DK_1,day_ahead_price,value,2026-08-02T11:09:27Z
2026-08-02T11:05:08Z,2026-08-02T13:05:08+0200,b3181029-81fc-491a-b750-6dc59ef155aa,2026-07-21T16:00:00Z,2026-07-21T18:00:00+0200,113.75,EUR/MWh,DK1,DK_1,day_ahead_price,value,2026-08-02T11:09:27Z
2026-08-02T11:05:08Z,2026-08-02T13:05:08+0200,b3181029-81fc-491a-b750-6dc59ef155aa,2026-07-21T16:15:00Z,2026-07-21T18:15:00+0200,130.53,EUR/MWh,DK1,DK_1,day_ahead_price,value,2026-08-02T11:09:27Z
2026-08-02T11:05:08Z,2026-08-02T13:05:08+0200,b3181029-81fc-491a-b750-6dc59ef155aa,2026-07-21T16:30:00Z,2026-07-21T18:30:00+0200,142.95,EUR/MWh,DK1,DK_1,day_ahead_price,value,2026-08-02T11:09:27Z
2026-08-02T11:05:08Z,2026-08-02T13:05:08+0200,b3181029-81fc-491a-b750-6dc59ef155aa,2026-07-21T16:45:00Z,2026-07-21T18:45:00+0200,153.82,EUR/MWh,DK1,DK_1,day_ahead_price,value,2026-08-02T11:09:27Z
2026-08-02T11:05:08Z,2026-08-02T13:05:08+0200,b3181029-81fc-491a-b750-6dc59ef155aa,2026-07-21T17:00:00Z,2026-07-21T19:00:00+0200,141.3,EUR/MWh,DK1,DK_1,day_ahead_price,value,2026-08-02T11:09:27Z
2026-08-02T11:05:08Z,2026-08-02T13:05:08+0200,b3181029-81fc-491a-b750-6dc59ef155aa,2026-07-21T17:15:00Z,2026-07-21T19:15:00+0200,150.86,EUR/MWh,DK1,DK_1,day_ahead_price,value,2026-08-02T11:09:27Z
2026-08-02T11:05:08Z,2026-08-02T13:05:08+0200,b3181029-81fc-491a-b750-6dc59ef155aa,2026-07-21T17:30:00Z,2026-07-21T19:30:00+0200,158.13,EUR/MWh,DK1,DK_1,day_ahead_price,value,2026-08-02T11:09:27Z
2026-08-02T11:05:08Z,2026-08-02T13:05:08+0200,b3181029-81fc-491a-b750-6dc59ef155aa,2026-07-21T17:45:00Z,2026-07-21T19:45:00+0200,164.53,EUR/MWh,DK1,DK_1,day_ahead_price,value,2026-08-02T11:09:27Z
2026-08-02T11:05:08Z,2026-08-02T13:05:08+0200,b3181029-81fc-491a-b750-6dc59ef155aa,2026-07-21T18:00:00Z,2026-07-21T20:00:00+0200,165.96,EUR/MWh,DK1,DK_1,day_ahead_price,value,2026-08-02T11:09:27Z
2026-08-02T11:05:08Z,2026-08-02T13:05:08+0200,b3181029-81fc-491a-b750-6dc59ef155aa,2026-07-21T18:15:00Z,2026-07-21T20:15:00+0200,171.68,EUR/MWh,DK1,DK_1,day_ahead_price,value,2026-08-02T11:09:27Z
2026-08-02T11:05:08Z,2026-08-02T13:05:08+0200,b3181029-81fc-491a-b750-6dc59ef155aa,2026-07-21T18:30:00Z,2026-07-21T20:30:00+0200,174.45,EUR/MWh,DK1,DK_1,day_ahead_price,value,2026-08-02T11:09:27Z
2026-08-02T11:05:08Z,2026-08-02T13:05:08+0200,b3181029-81fc-491a-b750-6dc59ef155aa,2026-07-21T18:45:00Z,2026-07-21T20:45:00+0200,174.87,EUR/MWh,DK1,DK_1,day_ahead_price,value,2026-08-02T11:09:27Z
2026-08-02T11:05:08Z,2026-08-02T13:05:08+0200,b3181029-81fc-491a-b750-6dc59ef155aa,2026-07-21T19:00:00Z,2026-07-21T21:00:00+0200,177.0,EUR/MWh,DK1,DK_1,day_ahead_price,value,2026-08-02T11:09:27Z
2026-08-02T11:05:08Z,2026-08-02T13:05:08+0200,b3181029-81fc-491a-b750-6dc59ef155aa,2026-07-21T19:15:00Z,2026-07-21T21:15:00+0200,173.45,EUR/MWh,DK1,DK_1,day_ahead_price,value,2026-08-02T11:09:27Z
2026-08-02T11:05:08Z,2026-08-02T13:05:08+0200,b3181029-81fc-491a-b750-6dc59ef155aa,2026-07-21T19:30:00Z,2026-07-21T21:30:00+0200,168.73,EUR/MWh,DK1,DK_1,day_ahead_price,value,2026-08-02T11:09:27Z
2026-08-02T11:05:08Z,2026-08-02T13:05:08+0200,b3181029-81fc-491a-b750-6dc59ef155aa,2026-07-21T19:45:00Z,2026-07-21T21:45:00+0200,162.41,EUR/MWh,DK1,DK_1,day_ahead_price,value,2026-08-02T11:09:27Z
2026-08-02T11:05:08Z,2026-08-02T13:05:08+0200,b3181029-81fc-491a-b750-6dc59ef155aa,2026-07-21T20:00:00Z,2026-07-21T22:00:00+0200,174.01,EUR/MWh,DK1,DK_1,day_ahead_price,value,2026-08-02T11:09:27Z
2026-08-02T11:05:08Z,2026-08-02T13:05:08+0200,b3181029-81fc-491a-b750-6dc59ef155aa,2026-07-21T20:15:00Z,2026-07-21T22:15:00+0200,166.05,EUR/MWh,DK1,DK_1,day_ahead_price,value,2026-08-02T11:09:27Z
2026-08-02T11:05:08Z,2026-08-02T13:05:08+0200,b3181029-81fc-491a-b750-6dc59ef155aa,2026-07-21T20:30:00Z,2026-07-21T22:30:00+0200,158.08,EUR/MWh,DK1,DK_1,day_ahead_price,value,2026-08-02T11:09:27Z
2026-08-02T11:05:08Z,2026-08-02T13:05:08+0200,b3181029-81fc-491a-b750-6dc59ef155aa,2026-07-21T20:45:00Z,2026-07-21T22:45:00+0200,154.93,EUR/MWh,DK1,DK_1,day_ahead_price,value,2026-08-02T11:09:27Z
2026-08-02T11:05:08Z,2026-08-02T13:05:08+0200,b3181029-81fc-491a-b750-6dc59ef155aa,2026-07-21T21:00:00Z,2026-07-21T23:00:00+0200,158.3,EUR/MWh,DK1,DK_1,day_ahead_price,value,2026-08-02T11:09:27Z
2026-08-02T11:05:08Z,2026-08-02T13:05:08+0200,b3181029-81fc-491a-b750-6dc59ef155aa,2026-07-21T21:15:00Z,2026-07-21T23:15:00+0200,155.31,EUR/MWh,DK1,DK_1,day_ahead_price,value,2026-08-02T11:09:27Z
2026-08-02T11:05:08Z,2026-08-02T13:05:08+0200,b3181029-81fc-491a-b750-6dc59ef155aa,2026-07-21T21:30:00Z,2026-07-21T23:30:00+0200,148.24,EUR/MWh,DK1,DK_1,day_ahead_price,value,2026-08-02T11:09:27Z
2026-08-02T11:05:08Z,2026-08-02T13:05:08+0200,b3181029-81fc-491a-b750-6dc59ef155aa,2026-07-21T21:45:00Z,2026-07-21T23:45:00+0200,143.9,EUR/MWh,DK1,DK_1,day_ahead_price,value,2026-08-02T11:09:27Z
2026-08-02T11:05:08Z,2026-08-02T13:05:08+0200,b3181029-81fc-491a-b750-6dc59ef155aa,2026-07-21T22:00:00Z,2026-07-22T00:00:00+0200,140.23,EUR/MWh,DK1,DK_1,day_ahead_price,value,2026-08-02T11:09:27Z
2026-08-02T11:05:08Z,2026-08-02T13:05:08+0200,b3181029-81fc-491a-b750-6dc59ef155aa,2026-07-21T22:15:00Z,2026-07-22T00:15:00+0200,138.03,EUR/MWh,DK1,DK_1,day_ahead_price,value,2026-08-02T11:09:27Z
2026-08-02T11:05:08Z,2026-08-02T13:05:08+0200,b3181029-81fc-491a-b750-6dc59ef155aa,2026-07-21T22:30:00Z,2026-07-22T00:30:00+0200,136.51,EUR/MWh,DK1,DK_1,day_ahead_price,value,2026-08-02T11:09:27Z
2026-08-02T11:05:08Z,2026-08-02T13:05:08+0200,b3181029-81fc-491a-b750-6dc59ef155aa,2026-07-21T22:45:00Z,2026-07-22T00:45:00+0200,134.2,EUR/MWh,DK1,DK_1,day_ahead_price,value,2026-08-02T11:09:27Z
2026-08-02T11:05:08Z,2026-08-02T13:05:08+0200,b3181029-81fc-491a-b750-6dc59ef155aa,2026-07-21T23:00:00Z,2026-07-22T01:00:00+0200,129.76,EUR/MWh,DK1,DK_1,day_ahead_price,value,2026-08-02T11:09:27Z
2026-08-02T11:05:08Z,2026-08-02T13:05:08+0200,b3181029-81fc-491a-b750-6dc59ef155aa,2026-07-21T23:15:00Z,2026-07-22T01:15:00+0200,128.14,EUR/MWh,DK1,DK_1,day_ahead_price,value,2026-08-02T11:09:27Z
2026-08-02T11:05:08Z,2026-08-02T13:05:08+0200,b3181029-81fc-491a-b750-6dc59ef155aa,2026-07-21T23:30:00Z,2026-07-22T01:30:00+0200,127.83,EUR/MWh,DK1,DK_1,day_ahead_price,value,2026-08-02T11:09:27Z
2026-08-02T11:05:08Z,2026-08-02T13:05:08+0200,b3181029-81fc-491a-b750-6dc59ef155aa,2026-07-21T23:45:00Z,2026-07-22T01:45:00+0200,127.75,EUR/MWh,DK1,DK_1,day_ahead_price,value,2026-08-02T11:09:27Z
2026-08-02T11:05:08Z,2026-08-02T13:05:08+0200,b3181029-81fc-491a-b750-6dc59ef155aa,2026-07-22T00:00:00Z,2026-07-22T02:00:00+0200,124.31,EUR/MWh,DK1,DK_1,day_ahead_price,value,2026-08-02T11:09:27Z
2026-08-02T11:05:08Z,2026-08-02T13:05:08+0200,b3181029-81fc-491a-b750-6dc59ef155aa,2026-07-22T00:15:00Z,2026-07-22T02:15:00+0200,123.61,EUR/MWh,DK1,DK_1,day_ahead_price,value,2026-08-02T11:09:27Z
2026-08-02T11:05:08Z,2026-08-02T13:05:08+0200,b3181029-81fc-491a-b750-6dc59ef155aa,2026-07-22T00:30:00Z,2026-07-22T02:30:00+0200,123.66,EUR/MWh,DK1,DK_1,day_ahead_price,value,2026-08-02T11:09:27Z
2026-08-02T11:05:08Z,2026-08-02T13:05:08+0200,b3181029-81fc-491a-b750-6dc59ef155aa,2026-07-22T00:45:00Z,2026-07-22T02:45:00+0200,124.51,EUR/MWh,DK1,DK_1,day_ahead_price,value,2026-08-02T11:09:27Z
2026-08-02T11:05:08Z,2026-08-02T13:05:08+0200,b3181029-81fc-491a-b750-6dc59ef155aa,2026-07-22T01:00:00Z,2026-07-22T03:00:00+0200,119.94,EUR/MWh,DK1,DK_1,day_ahead_price,value,2026-08-02T11:09:27Z
2026-08-02T11:05:08Z,2026-08-02T13:05:08+0200,b3181029-81fc-491a-b750-6dc59ef155aa,2026-07-22T01:15:00Z,2026-07-22T03:15:00+0200,119.81,EUR/MWh,DK1,DK_1,day_ahead_price,value,2026-08-02T11:09:27Z
2026-08-02T11:05:08Z,2026-08-02T13:05:08+0200,b3181029-81fc-491a-b750-6dc59ef155aa,2026-07-22T01:30:00Z,2026-07-22T03:30:00+0200,119.69,EUR/MWh,DK1,DK_1,day_ahead_price,value,2026-08-02T11:09:27Z
2026-08-02T11:05:08Z,2026-08-02T13:05:08+0200,b3181029-81fc-491a-b750-6dc59ef155aa,2026-07-22T01:45:00Z,2026-07-22T03:45:00+0200,119.43,EUR/MWh,DK1,DK_1,day_ahead_price,value,2026-08-02T11:09:27Z
2026-08-02T11:05:08Z,2026-08-02T13:05:08+0200,b3181029-81fc-491a-b750-6dc59ef155aa,2026-07-22T02:00:00Z,2026-07-22T04:00:00+0200,115.74,EUR/MWh,DK1,DK_1,day_ahead_price,value,2026-08-02T11:09:27Z
2026-08-02T11:05:08Z,2026-08-02T13:05:08+0200,b3181029-81fc-491a-b750-6dc59ef155aa,2026-07-22T02:15:00Z,2026-07-22T04:15:00+0200,117.18,EUR/MWh,DK1,DK_1,day_ahead_price,value,2026-08-02T11:09:27Z
2026-08-02T11:05:08Z,2026-08-02T13:05:08+0200,b3181029-81fc-491a-b750-6dc59ef155aa,2026-07-22T02:30:00Z,2026-07-22T04:30:00+0200,116.87,EUR/MWh,DK1,DK_1,day_ahead_price,value,2026-08-02T11:09:27Z
2026-08-02T11:05:08Z,2026-08-02T13:05:08+0200,b3181029-81fc-491a-b750-6dc59ef155aa,2026-07-22T02:45:00Z,2026-07-22T04:45:00+0200,116.93,EUR/MWh,DK1,DK_1,day_ahead_price,value,2026-08-02T11:09:27Z
2026-08-02T11:05:08Z,2026-08-02T13:05:08+0200,b3181029-81fc-491a-b750-6dc59ef155aa,2026-07-22T03:00:00Z,2026-07-22T05:00:00+0200,111.32,EUR/MWh,DK1,DK_1,day_ahead_price,value,2026-08-02T11:09:27Z
2026-08-02T11:05:08Z,2026-08-02T13:05:08+0200,b3181029-81fc-491a-b750-6dc59ef155aa,2026-07-22T03:15:00Z,2026-07-22T05:15:00+0200,111.34,EUR/MWh,DK1,DK_1,day_ahead_price,value,2026-08-02T11:09:27Z
2026-08-02T11:05:08Z,2026-08-02T13:05:08+0200,b3181029-81fc-491a-b750-6dc59ef155aa,2026-07-22T03:30:00Z,2026-07-22T05:30:00+0200,111.36,EUR/MWh,DK1,DK_1,day_ahead_price,value,2026-08-02T11:09:27Z
2026-08-02T11:05:08Z,2026-08-02T13:05:08+0200,b3181029-81fc-491a-b750-6dc59ef155aa,2026-07-22T03:45:00Z,2026-07-22T05:45:00+0200,115.71,EUR/MWh,DK1,DK_1,day_ahead_price,value,2026-08-02T11:09:27Z
2026-08-02T11:05:08Z,2026-08-02T13:05:08+0200,b3181029-81fc-491a-b750-6dc59ef155aa,2026-07-22T04:00:00Z,2026-07-22T06:00:00+0200,115.7,EUR/MWh,DK1,DK_1,day_ahead_price,value,2026-08-02T11:09:27Z
2026-08-02T11:05:08Z,2026-08-02T13:05:08+0200,b3181029-81fc-491a-b750-6dc59ef155aa,2026-07-22T04:15:00Z,2026-07-22T06:15:00+0200,115.71,EUR/MWh,DK1,DK_1,day_ahead_price,value,2026-08-02T11:09:27Z
2026-08-02T11:05:08Z,2026-08-02T13:05:08+0200,b3181029-81fc-491a-b750-6dc59ef155aa,2026-07-22T04:30:00Z,2026-07-22T06:30:00+0200,122.99,EUR/MWh,DK1,DK_1,day_ahead_price,value,2026-08-02T11:09:27Z
2026-08-02T11:05:08Z,2026-08-02T13:05:08+0200,b3181029-81fc-491a-b750-6dc59ef155aa,2026-07-22T04:45:00Z,2026-07-22T06:45:00+0200,122.81,EUR/MWh,DK1,DK_1,day_ahead_price,value,2026-08-02T11:09:27Z
2026-08-02T11:05:08Z,2026-08-02T13:05:08+0200,b3181029-81fc-491a-b750-6dc59ef155aa,2026-07-22T05:00:00Z,2026-07-22T07:00:00+0200,125.22,EUR/MWh,DK1,DK_1,day_ahead_price,value,2026-08-02T11:09:27Z
2026-08-02T11:05:08Z,2026-08-02T13:05:08+0200,b3181029-81fc-491a-b750-6dc59ef155aa,2026-07-22T05:15:00Z,2026-07-22T07:15:00+0200,124.55,EUR/MWh,DK1,DK_1,day_ahead_price,value,2026-08-02T11:09:27Z
2026-08-02T11:05:08Z,2026-08-02T13:05:08+0200,b3181029-81fc-491a-b750-6dc59ef155aa,2026-07-22T05:30:00Z,2026-07-22T07:30:00+0200,123.16,EUR/MWh,DK1,DK_1,day_ahead_price,value,2026-08-02T11:09:27Z
2026-08-02T11:05:08Z,2026-08-02T13:05:08+0200,b3181029-81fc-491a-b750-6dc59ef155aa,2026-07-22T05:45:00Z,2026-07-22T07:45:00+0200,121.63,EUR/MWh,DK1,DK_1,day_ahead_price,value,2026-08-02T11:09:27Z
2026-08-02T11:05:08Z,2026-08-02T13:05:08+0200,b3181029-81fc-491a-b750-6dc59ef155aa,2026-07-22T06:00:00Z,2026-07-22T08:00:00+0200,113.41,EUR/MWh,DK1,DK_1,day_ahead_price,value,2026-08-02T11:09:27Z
2026-08-02T11:05:08Z,2026-08-02T13:05:08+0200,b3181029-81fc-491a-b750-6dc59ef155aa,2026-07-22T06:15:00Z,2026-07-22T08:15:00+0200,113.76,EUR/MWh,DK1,DK_1,day_ahead_price,value,2026-08-02T11:09:27Z
2026-08-02T11:05:08Z,2026-08-02T13:05:08+0200,b3181029-81fc-491a-b750-6dc59ef155aa,2026-07-22T06:30:00Z,2026-07-22T08:30:00+0200,113.47,EUR/MWh,DK1,DK_1,day_ahead_price,value,2026-08-02T11:09:27Z
2026-08-02T11:05:08Z,2026-08-02T13:05:08+0200,b3181029-81fc-491a-b750-6dc59ef155aa,2026-07-22T06:45:00Z,2026-07-22T08:45:00+0200,106.48,EUR/MWh,DK1,DK_1,day_ahead_price,value,2026-08-02T11:09:27Z
2026-08-02T11:05:08Z,2026-08-02T13:05:08+0200,b3181029-81fc-491a-b750-6dc59ef155aa,2026-07-22T07:00:00Z,2026-07-22T09:00:00+0200,113.89,EUR/MWh,DK1,DK_1,day_ahead_price,value,2026-08-02T11:09:27Z
2026-08-02T11:05:08Z,2026-08-02T13:05:08+0200,b3181029-81fc-491a-b750-6dc59ef155aa,2026-07-22T07:15:00Z,2026-07-22T09:15:00+0200,102.35,EUR/MWh,DK1,DK_1,day_ahead_price,value,2026-08-02T11:09:27Z
2026-08-02T11:05:08Z,2026-08-02T13:05:08+0200,b3181029-81fc-491a-b750-6dc59ef155aa,2026-07-22T07:30:00Z,2026-07-22T09:30:00+0200,86.25,EUR/MWh,DK1,DK_1,day_ahead_price,value,2026-08-02T11:09:27Z
2026-08-02T11:05:08Z,2026-08-02T13:05:08+0200,b3181029-81fc-491a-b750-6dc59ef155aa,2026-07-22T07:45:00Z,2026-07-22T09:45:00+0200,59.0,EUR/MWh,DK1,DK_1,day_ahead_price,value,2026-08-02T11:09:27Z
2026-08-02T11:05:08Z,2026-08-02T13:05:08+0200,b3181029-81fc-491a-b750-6dc59ef155aa,2026-07-22T08:00:00Z,2026-07-22T10:00:00+0200,91.98,EUR/MWh,DK1,DK_1,day_ahead_price,value,2026-08-02T11:09:27Z
2026-08-02T11:05:08Z,2026-08-02T13:05:08+0200,b3181029-81fc-491a-b750-6dc59ef155aa,2026-07-22T08:15:00Z,2026-07-22T10:15:00+0200,69.54,EUR/MWh,DK1,DK_1,day_ahead_price,value,2026-08-02T11:09:27Z
2026-08-02T11:05:08Z,2026-08-02T13:05:08+0200,b3181029-81fc-491a-b750-6dc59ef155aa,2026-07-22T08:30:00Z,2026-07-22T10:30:00+0200,59.4,EUR/MWh,DK1,DK_1,day_ahead_price,value,2026-08-02T11:09:27Z
2026-08-02T11:05:08Z,2026-08-02T13:05:08+0200,b3181029-81fc-491a-b750-6dc59ef155aa,2026-07-22T08:45:00Z,2026-07-22T10:45:00+0200,47.49,EUR/MWh,DK1,DK_1,day_ahead_price,value,2026-08-02T11:09:27Z
2026-08-02T11:05:08Z,2026-08-02T13:05:08+0200,b3181029-81fc-491a-b750-6dc59ef155aa,2026-07-22T09:00:00Z,2026-07-22T11:00:00+0200,50.1,EUR/MWh,DK1,DK_1,day_ahead_price,value,2026-08-02T11:09:27Z
2026-08-02T11:05:08Z,2026-08-02T13:05:08+0200,b3181029-81fc-491a-b750-6dc59ef155aa,2026-07-22T09:15:00Z,2026-07-22T11:15:00+0200,39.17,EUR/MWh,DK1,DK_1,day_ahead_price,value,2026-08-02T11:09:27Z
2026-08-02T11:05:08Z,2026-08-02T13:05:08+0200,b3181029-81fc-491a-b750-6dc59ef155aa,2026-07-22T09:30:00Z,2026-07-22T11:30:00+0200,24.73,EUR/MWh,DK1,DK_1,day_ahead_price,value,2026-08-02T11:09:27Z
2026-08-02T11:05:08Z,2026-08-02T13:05:08+0200,b3181029-81fc-491a-b750-6dc59ef155aa,2026-07-22T09:45:00Z,2026-07-22T11:45:00+0200,18.0,EUR/MWh,DK1,DK_1,day_ahead_price,value,2026-08-02T11:09:27Z
2026-08-02T11:05:08Z,2026-08-02T13:05:08+0200,b3181029-81fc-491a-b750-6dc59ef155aa,2026-07-22T10:00:00Z,2026-07-22T12:00:00+0200,22.34,EUR/MWh,DK1,DK_1,day_ahead_price,value,2026-08-02T11:09:27Z
2026-08-02T11:05:08Z,2026-08-02T13:05:08+0200,b3181029-81fc-491a-b750-6dc59ef155aa,2026-07-22T10:15:00Z,2026-07-22T12:15:00+0200,12.39,EUR/MWh,DK1,DK_1,day_ahead_price,value,2026-08-02T11:09:27Z
2026-08-02T11:05:08Z,2026-08-02T13:05:08+0200,b3181029-81fc-491a-b750-6dc59ef155aa,2026-07-22T10:30:00Z,2026-07-22T12:30:00+0200,9.09,EUR/MWh,DK1,DK_1,day_ahead_price,value,2026-08-02T11:09:27Z
2026-08-02T11:05:08Z,2026-08-02T13:05:08+0200,b3181029-81fc-491a-b750-6dc59ef155aa,2026-07-22T10:45:00Z,2026-07-22T12:45:00+0200,5.47,EUR/MWh,DK1,DK_1,day_ahead_price,value,2026-08-02T11:09:27Z
2026-08-02T11:05:08Z,2026-08-02T13:05:08+0200,b3181029-81fc-491a-b750-6dc59ef155aa,2026-07-22T11:00:00Z,2026-07-22T13:00:00+0200,5.74,EUR/MWh,DK1,DK_1,day_ahead_price,value,2026-08-02T11:09:27Z
2026-08-02T11:05:08Z,2026-08-02T13:05:08+0200,b3181029-81fc-491a-b750-6dc59ef155aa,2026-07-22T11:15:00Z,2026-07-22T13:15:00+0200,2.48,EUR/MWh,DK1,DK_1,day_ahead_price,value,2026-08-02T11:09:27Z
2026-08-02T11:05:08Z,2026-08-02T13:05:08+0200,b3181029-81fc-491a-b750-6dc59ef155aa,2026-07-22T11:30:00Z,2026-07-22T13:30:00+0200,1.54,EUR/MWh,DK1,DK_1,day_ahead_price,value,2026-08-02T11:09:27Z
2026-08-02T11:05:08Z,2026-08-02T13:05:08+0200,b3181029-81fc-491a-b750-6dc59ef155aa,2026-07-22T11:45:00Z,2026-07-22T13:45:00+0200,1.34,EUR/MWh,DK1,DK_1,day_ahead_price,value,2026-08-02T11:09:27Z
2026-08-02T11:05:08Z,2026-08-02T13:05:08+0200,b3181029-81fc-491a-b750-6dc59ef155aa,2026-07-22T12:00:00Z,2026-07-22T14:00:00+0200,1.39,EUR/MWh,DK1,DK_1,day_ahead_price,value,2026-08-02T11:09:27Z
2026-08-02T11:05:08Z,2026-08-02T13:05:08+0200,b3181029-81fc-491a-b750-6dc59ef155aa,2026-07-22T12:15:00Z,2026-07-22T14:15:00+0200,1.75,EUR/MWh,DK1,DK_1,day_ahead_price,value,2026-08-02T11:09:27Z
2026-08-02T11:05:08Z,2026-08-02T13:05:08+0200,b3181029-81fc-491a-b750-6dc59ef155aa,2026-07-22T12:30:00Z,2026-07-22T14:30:00+0200,2.04,EUR/MWh,DK1,DK_1,day_ahead_price,value,2026-08-02T11:09:27Z
2026-08-02T11:05:08Z,2026-08-02T13:05:08+0200,b3181029-81fc-491a-b750-6dc59ef155aa,2026-07-22T12:45:00Z,2026-07-22T14:45:00+0200,2.06,EUR/MWh,DK1,DK_1,day_ahead_price,value,2026-08-02T11:09:27Z
2026-08-02T11:05:08Z,2026-08-02T13:05:08+0200,b3181029-81fc-491a-b750-6dc59ef155aa,2026-07-22T13:00:00Z,2026-07-22T15:00:00+0200,1.66,EUR/MWh,DK1,DK_1,day_ahead_price,value,2026-08-02T11:09:27Z
2026-08-02T11:05:08Z,2026-08-02T13:05:08+0200,b3181029-81fc-491a-b750-6dc59ef155aa,2026-07-22T13:15:00Z,2026-07-22T15:15:00+0200,1.99,EUR/MWh,DK1,DK_1,day_ahead_price,value,2026-08-02T11:09:27Z
2026-08-02T11:05:08Z,2026-08-02T13:05:08+0200,b3181029-81fc-491a-b750-6dc59ef155aa,2026-07-22T13:30:00Z,2026-07-22T15:30:00+0200,2.36,EUR/MWh,DK1,DK_1,day_ahead_price,value,2026-08-02T11:09:27Z
2026-08-02T11:05:08Z,2026-08-02T13:05:08+0200,b3181029-81fc-491a-b750-6dc59ef155aa,2026-07-22T13:45:00Z,2026-07-22T15:45:00+0200,2.72,EUR/MWh,DK1,DK_1,day_ahead_price,value,2026-08-02T11:09:27Z
2026-08-02T11:05:08Z,2026-08-02T13:05:08+0200,b3181029-81fc-491a-b750-6dc59ef155aa,2026-07-22T14:00:00Z,2026-07-22T16:00:00+0200,2.43,EUR/MWh,DK1,DK_1,day_ahead_price,value,2026-08-02T11:09:27Z
2026-08-02T11:05:08Z,2026-08-02T13:05:08+0200,b3181029-81fc-491a-b750-6dc59ef155aa,2026-07-22T14:15:00Z,2026-07-22T16:15:00+0200,6.23,EUR/MWh,DK1,DK_1,day_ahead_price,value,2026-08-02T11:09:27Z
2026-08-02T11:05:08Z,2026-08-02T13:05:08+0200,b3181029-81fc-491a-b750-6dc59ef155aa,2026-07-22T14:30:00Z,2026-07-22T16:30:00+0200,7.88,EUR/MWh,DK1,DK_1,day_ahead_price,value,2026-08-02T11:09:27Z
2026-08-02T11:05:08Z,2026-08-02T13:05:08+0200,b3181029-81fc-491a-b750-6dc59ef155aa,2026-07-22T14:45:00Z,2026-07-22T16:45:00+0200,23.11,EUR/MWh,DK1,DK_1,day_ahead_price,value,2026-08-02T11:09:27Z
2026-08-02T11:05:08Z,2026-08-02T13:05:08+0200,b3181029-81fc-491a-b750-6dc59ef155aa,2026-07-22T15:00:00Z,2026-07-22T17:00:00+0200,24.99,EUR/MWh,DK1,DK_1,day_ahead_price,value,2026-08-02T11:09:27Z
2026-08-02T11:05:08Z,2026-08-02T13:05:08+0200,b3181029-81fc-491a-b750-6dc59ef155aa,2026-07-22T15:15:00Z,2026-07-22T17:15:00+0200,60.15,EUR/MWh,DK1,DK_1,day_ahead_price,value,2026-08-02T11:09:27Z
2026-08-02T11:05:08Z,2026-08-02T13:05:08+0200,b3181029-81fc-491a-b750-6dc59ef155aa,2026-07-22T15:30:00Z,2026-07-22T17:30:00+0200,68.23,EUR/MWh,DK1,DK_1,day_ahead_price,value,2026-08-02T11:09:27Z
2026-08-02T11:05:08Z,2026-08-02T13:05:08+0200,b3181029-81fc-491a-b750-6dc59ef155aa,2026-07-22T15:45:00Z,2026-07-22T17:45:00+0200,99.88,EUR/MWh,DK1,DK_1,day_ahead_price,value,2026-08-02T11:09:27Z
2026-08-02T11:05:08Z,2026-08-02T13:05:08+0200,b3181029-81fc-491a-b750-6dc59ef155aa,2026-07-22T16:00:00Z,2026-07-22T18:00:00+0200,81.49,EUR/MWh,DK1,DK_1,day_ahead_price,value,2026-08-02T11:09:27Z
2026-08-02T11:05:08Z,2026-08-02T13:05:08+0200,b3181029-81fc-491a-b750-6dc59ef155aa,2026-07-22T16:15:00Z,2026-07-22T18:15:00+0200,102.1,EUR/MWh,DK1,DK_1,day_ahead_price,value,2026-08-02T11:09:27Z
2026-08-02T11:05:08Z,2026-08-02T13:05:08+0200,b3181029-81fc-491a-b750-6dc59ef155aa,2026-07-22T16:30:00Z,2026-07-22T18:30:00+0200,114.53,EUR/MWh,DK1,DK_1,day_ahead_price,value,2026-08-02T11:09:27Z
2026-08-02T11:05:08Z,2026-08-02T13:05:08+0200,b3181029-81fc-491a-b750-6dc59ef155aa,2026-07-22T16:45:00Z,2026-07-22T18:45:00+0200,131.25,EUR/MWh,DK1,DK_1,day_ahead_price,value,2026-08-02T11:09:27Z
2026-08-02T11:05:08Z,2026-08-02T13:05:08+0200,b3181029-81fc-491a-b750-6dc59ef155aa,2026-07-22T17:00:00Z,2026-07-22T19:00:00+0200,121.85,EUR/MWh,DK1,DK_1,day_ahead_price,value,2026-08-02T11:09:27Z
2026-08-02T11:05:08Z,2026-08-02T13:05:08+0200,b3181029-81fc-491a-b750-6dc59ef155aa,2026-07-22T17:15:00Z,2026-07-22T19:15:00+0200,124.8,EUR/MWh,DK1,DK_1,day_ahead_price,value,2026-08-02T11:09:27Z
2026-08-02T11:05:08Z,2026-08-02T13:05:08+0200,b3181029-81fc-491a-b750-6dc59ef155aa,2026-07-22T17:30:00Z,2026-07-22T19:30:00+0200,129.67,EUR/MWh,DK1,DK_1,day_ahead_price,value,2026-08-02T11:09:27Z
2026-08-02T11:05:08Z,2026-08-02T13:05:08+0200,b3181029-81fc-491a-b750-6dc59ef155aa,2026-07-22T17:45:00Z,2026-07-22T19:45:00+0200,135.01,EUR/MWh,DK1,DK_1,day_ahead_price,value,2026-08-02T11:09:27Z
2026-08-02T11:05:08Z,2026-08-02T13:05:08+0200,b3181029-81fc-491a-b750-6dc59ef155aa,2026-07-22T18:00:00Z,2026-07-22T20:00:00+0200,135.85,EUR/MWh,DK1,DK_1,day_ahead_price,value,2026-08-02T11:09:27Z
2026-08-02T11:05:08Z,2026-08-02T13:05:08+0200,b3181029-81fc-491a-b750-6dc59ef155aa,2026-07-22T18:15:00Z,2026-07-22T20:15:00+0200,138.06,EUR/MWh,DK1,DK_1,day_ahead_price,value,2026-08-02T11:09:27Z
2026-08-02T11:05:08Z,2026-08-02T13:05:08+0200,b3181029-81fc-491a-b750-6dc59ef155aa,2026-07-22T18:30:00Z,2026-07-22T20:30:00+0200,138.78,EUR/MWh,DK1,DK_1,day_ahead_price,value,2026-08-02T11:09:27Z
2026-08-02T11:05:08Z,2026-08-02T13:05:08+0200,b3181029-81fc-491a-b750-6dc59ef155aa,2026-07-22T18:45:00Z,2026-07-22T20:45:00+0200,137.43,EUR/MWh,DK1,DK_1,day_ahead_price,value,2026-08-02T11:09:27Z
2026-08-02T11:05:08Z,2026-08-02T13:05:08+0200,b3181029-81fc-491a-b750-6dc59ef155aa,2026-07-22T19:00:00Z,2026-07-22T21:00:00+0200,143.67,EUR/MWh,DK1,DK_1,day_ahead_price,value,2026-08-02T11:09:27Z
2026-08-02T11:05:08Z,2026-08-02T13:05:08+0200,b3181029-81fc-491a-b750-6dc59ef155aa,2026-07-22T19:15:00Z,2026-07-22T21:15:00+0200,142.91,EUR/MWh,DK1,DK_1,day_ahead_price,value,2026-08-02T11:09:27Z
2026-08-02T11:05:08Z,2026-08-02T13:05:08+0200,b3181029-81fc-491a-b750-6dc59ef155aa,2026-07-22T19:30:00Z,2026-07-22T21:30:00+0200,142.15,EUR/MWh,DK1,DK_1,day_ahead_price,value,2026-08-02T11:09:27Z
2026-08-02T11:05:08Z,2026-08-02T13:05:08+0200,b3181029-81fc-491a-b750-6dc59ef155aa,2026-07-22T19:45:00Z,2026-07-22T21:45:00+0200,140.77,EUR/MWh,DK1,DK_1,day_ahead_price,value,2026-08-02T11:09:27Z
2026-08-02T11:05:08Z,2026-08-02T13:05:08+0200,b3181029-81fc-491a-b750-6dc59ef155aa,2026-07-22T20:00:00Z,2026-07-22T22:00:00+0200,144.08,EUR/MWh,DK1,DK_1,day_ahead_price,value,2026-08-02T11:09:27Z
2026-08-02T11:05:08Z,2026-08-02T13:05:08+0200,b3181029-81fc-491a-b750-6dc59ef155aa,2026-07-22T20:15:00Z,2026-07-22T22:15:00+0200,142.0,EUR/MWh,DK1,DK_1,day_ahead_price,value,2026-08-02T11:09:27Z
2026-08-02T11:05:08Z,2026-08-02T13:05:08+0200,b3181029-81fc-491a-b750-6dc59ef155aa,2026-07-22T20:30:00Z,2026-07-22T22:30:00+0200,141.02,EUR/MWh,DK1,DK_1,day_ahead_price,value,2026-08-02T11:09:27Z
2026-08-02T11:05:08Z,2026-08-02T13:05:08+0200,b3181029-81fc-491a-b750-6dc59ef155aa,2026-07-22T20:45:00Z,2026-07-22T22:45:00+0200,137.73,EUR/MWh,DK1,DK_1,day_ahead_price,value,2026-08-02T11:09:27Z
2026-08-02T11:05:08Z,2026-08-02T13:05:08+0200,b3181029-81fc-491a-b750-6dc59ef155aa,2026-07-22T21:00:00Z,2026-07-22T23:00:00+0200,134.64,EUR/MWh,DK1,DK_1,day_ahead_price,value,2026-08-02T11:09:27Z
2026-08-02T11:05:08Z,2026-08-02T13:05:08+0200,b3181029-81fc-491a-b750-6dc59ef155aa,2026-07-22T21:15:00Z,2026-07-22T23:15:00+0200,133.0,EUR/MWh,DK1,DK_1,day_ahead_price,value,2026-08-02T11:09:27Z
2026-08-02T11:05:08Z,2026-08-02T13:05:08+0200,b3181029-81fc-491a-b750-6dc59ef155aa,2026-07-22T21:30:00Z,2026-07-22T23:30:00+0200,133.09,EUR/MWh,DK1,DK_1,day_ahead_price,value,2026-08-02T11:09:27Z
2026-08-02T11:05:08Z,2026-08-02T13:05:08+0200,b3181029-81fc-491a-b750-6dc59ef155aa,2026-07-22T21:45:00Z,2026-07-22T23:45:00+0200,132.36,EUR/MWh,DK1,DK_1,day_ahead_price,value,2026-08-02T11:09:27Z
2026-08-02T11:05:08Z,2026-08-02T13:05:08+0200,b3181029-81fc-491a-b750-6dc59ef155aa,2026-07-22T22:00:00Z,2026-07-23T00:00:00+0200,137.0,EUR/MWh,DK1,DK_1,day_ahead_price,value,2026-08-02T11:09:27Z
2026-08-02T11:05:08Z,2026-08-02T13:05:08+0200,b3181029-81fc-491a-b750-6dc59ef155aa,2026-07-22T22:15:00Z,2026-07-23T00:15:00+0200,136.0,EUR/MWh,DK1,DK_1,day_ahead_price,value,2026-08-02T11:09:27Z
2026-08-02T11:05:08Z,2026-08-02T13:05:08+0200,b3181029-81fc-491a-b750-6dc59ef155aa,2026-07-22T22:30:00Z,2026-07-23T00:30:00+0200,134.53,EUR/MWh,DK1,DK_1,day_ahead_price,value,2026-08-02T11:09:27Z
2026-08-02T11:05:08Z,2026-08-02T13:05:08+0200,b3181029-81fc-491a-b750-6dc59ef155aa,2026-07-22T22:45:00Z,2026-07-23T00:45:00+0200,130.41,EUR/MWh,DK1,DK_1,day_ahead_price,value,2026-08-02T11:09:27Z
2026-08-02T11:05:08Z,2026-08-02T13:05:08+0200,b3181029-81fc-491a-b750-6dc59ef155aa,2026-07-22T23:00:00Z,2026-07-23T01:00:00+0200,138.45,EUR/MWh,DK1,DK_1,day_ahead_price,value,2026-08-02T11:09:27Z
2026-08-02T11:05:08Z,2026-08-02T13:05:08+0200,b3181029-81fc-491a-b750-6dc59ef155aa,2026-07-22T23:15:00Z,2026-07-23T01:15:00+0200,137.34,EUR/MWh,DK1,DK_1,day_ahead_price,value,2026-08-02T11:09:27Z
2026-08-02T11:05:08Z,2026-08-02T13:05:08+0200,b3181029-81fc-491a-b750-6dc59ef155aa,2026-07-22T23:30:00Z,2026-07-23T01:30:00+0200,135.82,EUR/MWh,DK1,DK_1,day_ahead_price,value,2026-08-02T11:09:27Z
2026-08-02T11:05:08Z,2026-08-02T13:05:08+0200,b3181029-81fc-491a-b750-6dc59ef155aa,2026-07-22T23:45:00Z,2026-07-23T01:45:00+0200,132.47,EUR/MWh,DK1,DK_1,day_ahead_price,value,2026-08-02T11:09:27Z
2026-08-02T11:05:08Z,2026-08-02T13:05:08+0200,b3181029-81fc-491a-b750-6dc59ef155aa,2026-07-23T00:00:00Z,2026-07-23T02:00:00+0200,134.45,EUR/MWh,DK1,DK_1,day_ahead_price,value,2026-08-02T11:09:27Z
2026-08-02T11:05:08Z,2026-08-02T13:05:08+0200,b3181029-81fc-491a-b750-6dc59ef155aa,2026-07-23T00:15:00Z,2026-07-23T02:15:00+0200,132.61,EUR/MWh,DK1,DK_1,day_ahead_price,value,2026-08-02T11:09:27Z
2026-08-02T11:05:08Z,2026-08-02T13:05:08+0200,b3181029-81fc-491a-b750-6dc59ef155aa,2026-07-23T00:30:00Z,2026-07-23T02:30:00+0200,133.26,EUR/MWh,DK1,DK_1,day_ahead_price,value,2026-08-02T11:09:27Z
2026-08-02T11:05:08Z,2026-08-02T13:05:08+0200,b3181029-81fc-491a-b750-6dc59ef155aa,2026-07-23T00:45:00Z,2026-07-23T02:45:00+0200,132.24,EUR/MWh,DK1,DK_1,day_ahead_price,value,2026-08-02T11:09:27Z
2026-08-02T11:05:08Z,2026-08-02T13:05:08+0200,b3181029-81fc-491a-b750-6dc59ef155aa,2026-07-23T01:00:00Z,2026-07-23T03:00:00+0200,132.01,EUR/MWh,DK1,DK_1,day_ahead_price,value,2026-08-02T11:09:27Z
2026-08-02T11:05:08Z,2026-08-02T13:05:08+0200,b3181029-81fc-491a-b750-6dc59ef155aa,2026-07-23T01:15:00Z,2026-07-23T03:15:00+0200,134.06,EUR/MWh,DK1,DK_1,day_ahead_price,value,2026-08-02T11:09:27Z
2026-08-02T11:05:08Z,2026-08-02T13:05:08+0200,b3181029-81fc-491a-b750-6dc59ef155aa,2026-07-23T01:30:00Z,2026-07-23T03:30:00+0200,131.77,EUR/MWh,DK1,DK_1,day_ahead_price,value,2026-08-02T11:09:27Z
2026-08-02T11:05:08Z,2026-08-02T13:05:08+0200,b3181029-81fc-491a-b750-6dc59ef155aa,2026-07-23T01:45:00Z,2026-07-23T03:45:00+0200,131.78,EUR/MWh,DK1,DK_1,day_ahead_price,value,2026-08-02T11:09:27Z
2026-08-02T11:05:08Z,2026-08-02T13:05:08+0200,b3181029-81fc-491a-b750-6dc59ef155aa,2026-07-23T02:00:00Z,2026-07-23T04:00:00+0200,132.56,EUR/MWh,DK1,DK_1,day_ahead_price,value,2026-08-02T11:09:27Z
2026-08-02T11:05:08Z,2026-08-02T13:05:08+0200,b3181029-81fc-491a-b750-6dc59ef155aa,2026-07-23T02:15:00Z,2026-07-23T04:15:00+0200,132.72,EUR/MWh,DK1,DK_1,day_ahead_price,value,2026-08-02T11:09:27Z
2026-08-02T11:05:08Z,2026-08-02T13:05:08+0200,b3181029-81fc-491a-b750-6dc59ef155aa,2026-07-23T02:30:00Z,2026-07-23T04:30:00+0200,136.72,EUR/MWh,DK1,DK_1,day_ahead_price,value,2026-08-02T11:09:27Z
2026-08-02T11:05:08Z,2026-08-02T13:05:08+0200,b3181029-81fc-491a-b750-6dc59ef155aa,2026-07-23T02:45:00Z,2026-07-23T04:45:00+0200,140.47,EUR/MWh,DK1,DK_1,day_ahead_price,value,2026-08-02T11:09:27Z
2026-08-02T11:05:08Z,2026-08-02T13:05:08+0200,b3181029-81fc-491a-b750-6dc59ef155aa,2026-07-23T03:00:00Z,2026-07-23T05:00:00+0200,131.21,EUR/MWh,DK1,DK_1,day_ahead_price,value,2026-08-02T11:09:27Z
2026-08-02T11:05:08Z,2026-08-02T13:05:08+0200,b3181029-81fc-491a-b750-6dc59ef155aa,2026-07-23T03:15:00Z,2026-07-23T05:15:00+0200,137.21,EUR/MWh,DK1,DK_1,day_ahead_price,value,2026-08-02T11:09:27Z
2026-08-02T11:05:08Z,2026-08-02T13:05:08+0200,b3181029-81fc-491a-b750-6dc59ef155aa,2026-07-23T03:30:00Z,2026-07-23T05:30:00+0200,140.28,EUR/MWh,DK1,DK_1,day_ahead_price,value,2026-08-02T11:09:27Z
2026-08-02T11:05:08Z,2026-08-02T13:05:08+0200,b3181029-81fc-491a-b750-6dc59ef155aa,2026-07-23T03:45:00Z,2026-07-23T05:45:00+0200,142.1,EUR/MWh,DK1,DK_1,day_ahead_price,value,2026-08-02T11:09:27Z
2026-08-02T11:05:08Z,2026-08-02T13:05:08+0200,b3181029-81fc-491a-b750-6dc59ef155aa,2026-07-23T04:00:00Z,2026-07-23T06:00:00+0200,148.03,EUR/MWh,DK1,DK_1,day_ahead_price,value,2026-08-02T11:09:27Z
2026-08-02T11:05:08Z,2026-08-02T13:05:08+0200,b3181029-81fc-491a-b750-6dc59ef155aa,2026-07-23T04:15:00Z,2026-07-23T06:15:00+0200,161.88,EUR/MWh,DK1,DK_1,day_ahead_price,value,2026-08-02T11:09:27Z
2026-08-02T11:05:08Z,2026-08-02T13:05:08+0200,b3181029-81fc-491a-b750-6dc59ef155aa,2026-07-23T04:30:00Z,2026-07-23T06:30:00+0200,161.55,EUR/MWh,DK1,DK_1,day_ahead_price,value,2026-08-02T11:09:27Z
2026-08-02T11:05:08Z,2026-08-02T13:05:08+0200,b3181029-81fc-491a-b750-6dc59ef155aa,2026-07-23T04:45:00Z,2026-07-23T06:45:00+0200,164.01,EUR/MWh,DK1,DK_1,day_ahead_price,value,2026-08-02T11:09:27Z
2026-08-02T11:05:08Z,2026-08-02T13:05:08+0200,b3181029-81fc-491a-b750-6dc59ef155aa,2026-07-23T05:00:00Z,2026-07-23T07:00:00+0200,172.75,EUR/MWh,DK1,DK_1,day_ahead_price,value,2026-08-02T11:09:27Z
2026-08-02T11:05:08Z,2026-08-02T13:05:08+0200,b3181029-81fc-491a-b750-6dc59ef155aa,2026-07-23T05:15:00Z,2026-07-23T07:15:00+0200,173.72,EUR/MWh,DK1,DK_1,day_ahead_price,value,2026-08-02T11:09:27Z
2026-08-02T11:05:08Z,2026-08-02T13:05:08+0200,b3181029-81fc-491a-b750-6dc59ef155aa,2026-07-23T05:30:00Z,2026-07-23T07:30:00+0200,163.73,EUR/MWh,DK1,DK_1,day_ahead_price,value,2026-08-02T11:09:27Z
2026-08-02T11:05:08Z,2026-08-02T13:05:08+0200,b3181029-81fc-491a-b750-6dc59ef155aa,2026-07-23T05:45:00Z,2026-07-23T07:45:00+0200,160.78,EUR/MWh,DK1,DK_1,day_ahead_price,value,2026-08-02T11:09:27Z
2026-08-02T11:05:08Z,2026-08-02T13:05:08+0200,b3181029-81fc-491a-b750-6dc59ef155aa,2026-07-23T06:00:00Z,2026-07-23T08:00:00+0200,174.01,EUR/MWh,DK1,DK_1,day_ahead_price,value,2026-08-02T11:09:27Z
2026-08-02T11:05:08Z,2026-08-02T13:05:08+0200,b3181029-81fc-491a-b750-6dc59ef155aa,2026-07-23T06:15:00Z,2026-07-23T08:15:00+0200,162.8,EUR/MWh,DK1,DK_1,day_ahead_price,value,2026-08-02T11:09:27Z
2026-08-02T11:05:08Z,2026-08-02T13:05:08+0200,b3181029-81fc-491a-b750-6dc59ef155aa,2026-07-23T06:30:00Z,2026-07-23T08:30:00+0200,160.02,EUR/MWh,DK1,DK_1,day_ahead_price,value,2026-08-02T11:09:27Z
2026-08-02T11:05:08Z,2026-08-02T13:05:08+0200,b3181029-81fc-491a-b750-6dc59ef155aa,2026-07-23T06:45:00Z,2026-07-23T08:45:00+0200,143.2,EUR/MWh,DK1,DK_1,day_ahead_price,value,2026-08-02T11:09:27Z
2026-08-02T11:05:08Z,2026-08-02T13:05:08+0200,b3181029-81fc-491a-b750-6dc59ef155aa,2026-07-23T07:00:00Z,2026-07-23T09:00:00+0200,162.81,EUR/MWh,DK1,DK_1,day_ahead_price,value,2026-08-02T11:09:27Z
2026-08-02T11:05:08Z,2026-08-02T13:05:08+0200,b3181029-81fc-491a-b750-6dc59ef155aa,2026-07-23T07:15:00Z,2026-07-23T09:15:00+0200,144.77,EUR/MWh,DK1,DK_1,day_ahead_price,value,2026-08-02T11:09:27Z
2026-08-02T11:05:08Z,2026-08-02T13:05:08+0200,b3181029-81fc-491a-b750-6dc59ef155aa,2026-07-23T07:30:00Z,2026-07-23T09:30:00+0200,119.11,EUR/MWh,DK1,DK_1,day_ahead_price,value,2026-08-02T11:09:27Z
2026-08-02T11:05:08Z,2026-08-02T13:05:08+0200,b3181029-81fc-491a-b750-6dc59ef155aa,2026-07-23T07:45:00Z,2026-07-23T09:45:00+0200,111.31,EUR/MWh,DK1,DK_1,day_ahead_price,value,2026-08-02T11:09:27Z
2026-08-02T11:05:08Z,2026-08-02T13:05:08+0200,b3181029-81fc-491a-b750-6dc59ef155aa,2026-07-23T08:00:00Z,2026-07-23T10:00:00+0200,117.45,EUR/MWh,DK1,DK_1,day_ahead_price,value,2026-08-02T11:09:27Z
2026-08-02T11:05:08Z,2026-08-02T13:05:08+0200,b3181029-81fc-491a-b750-6dc59ef155aa,2026-07-23T08:15:00Z,2026-07-23T10:15:00+0200,108.82,EUR/MWh,DK1,DK_1,day_ahead_price,value,2026-08-02T11:09:27Z
2026-08-02T11:05:08Z,2026-08-02T13:05:08+0200,b3181029-81fc-491a-b750-6dc59ef155aa,2026-07-23T08:30:00Z,2026-07-23T10:30:00+0200,101.97,EUR/MWh,DK1,DK_1,day_ahead_price,value,2026-08-02T11:09:27Z
2026-08-02T11:05:08Z,2026-08-02T13:05:08+0200,b3181029-81fc-491a-b750-6dc59ef155aa,2026-07-23T08:45:00Z,2026-07-23T10:45:00+0200,86.11,EUR/MWh,DK1,DK_1,day_ahead_price,value,2026-08-02T11:09:27Z
2026-08-02T11:05:08Z,2026-08-02T13:05:08+0200,b3181029-81fc-491a-b750-6dc59ef155aa,2026-07-23T09:00:00Z,2026-07-23T11:00:00+0200,99.84,EUR/MWh,DK1,DK_1,day_ahead_price,value,2026-08-02T11:09:27Z
2026-08-02T11:05:08Z,2026-08-02T13:05:08+0200,b3181029-81fc-491a-b750-6dc59ef155aa,2026-07-23T09:15:00Z,2026-07-23T11:15:00+0200,85.69,EUR/MWh,DK1,DK_1,day_ahead_price,value,2026-08-02T11:09:27Z
2026-08-02T11:05:08Z,2026-08-02T13:05:08+0200,b3181029-81fc-491a-b750-6dc59ef155aa,2026-07-23T09:30:00Z,2026-07-23T11:30:00+0200,78.05,EUR/MWh,DK1,DK_1,day_ahead_price,value,2026-08-02T11:09:27Z
2026-08-02T11:05:08Z,2026-08-02T13:05:08+0200,b3181029-81fc-491a-b750-6dc59ef155aa,2026-07-23T09:45:00Z,2026-07-23T11:45:00+0200,65.02,EUR/MWh,DK1,DK_1,day_ahead_price,value,2026-08-02T11:09:27Z
2026-08-02T11:05:08Z,2026-08-02T13:05:08+0200,b3181029-81fc-491a-b750-6dc59ef155aa,2026-07-23T10:00:00Z,2026-07-23T12:00:00+0200,65.55,EUR/MWh,DK1,DK_1,day_ahead_price,value,2026-08-02T11:09:27Z
2026-08-02T11:05:08Z,2026-08-02T13:05:08+0200,b3181029-81fc-491a-b750-6dc59ef155aa,2026-07-23T10:15:00Z,2026-07-23T12:15:00+0200,38.02,EUR/MWh,DK1,DK_1,day_ahead_price,value,2026-08-02T11:09:27Z
2026-08-02T11:05:08Z,2026-08-02T13:05:08+0200,b3181029-81fc-491a-b750-6dc59ef155aa,2026-07-23T10:30:00Z,2026-07-23T12:30:00+0200,21.9,EUR/MWh,DK1,DK_1,day_ahead_price,value,2026-08-02T11:09:27Z
2026-08-02T11:05:08Z,2026-08-02T13:05:08+0200,b3181029-81fc-491a-b750-6dc59ef155aa,2026-07-23T10:45:00Z,2026-07-23T12:45:00+0200,8.65,EUR/MWh,DK1,DK_1,day_ahead_price,value,2026-08-02T11:09:27Z
2026-08-02T11:05:08Z,2026-08-02T13:05:08+0200,b3181029-81fc-491a-b750-6dc59ef155aa,2026-07-23T11:00:00Z,2026-07-23T13:00:00+0200,18.03,EUR/MWh,DK1,DK_1,day_ahead_price,value,2026-08-02T11:09:27Z
2026-08-02T11:05:08Z,2026-08-02T13:05:08+0200,b3181029-81fc-491a-b750-6dc59ef155aa,2026-07-23T11:15:00Z,2026-07-23T13:15:00+0200,8.93,EUR/MWh,DK1,DK_1,day_ahead_price,value,2026-08-02T11:09:27Z
2026-08-02T11:05:08Z,2026-08-02T13:05:08+0200,b3181029-81fc-491a-b750-6dc59ef155aa,2026-07-23T11:30:00Z,2026-07-23T13:30:00+0200,4.0,EUR/MWh,DK1,DK_1,day_ahead_price,value,2026-08-02T11:09:27Z
2026-08-02T11:05:08Z,2026-08-02T13:05:08+0200,b3181029-81fc-491a-b750-6dc59ef155aa,2026-07-23T11:45:00Z,2026-07-23T13:45:00+0200,2.84,EUR/MWh,DK1,DK_1,day_ahead_price,value,2026-08-02T11:09:27Z
2026-08-02T11:05:08Z,2026-08-02T13:05:08+0200,b3181029-81fc-491a-b750-6dc59ef155aa,2026-07-23T12:00:00Z,2026-07-23T14:00:00+0200,4.99,EUR/MWh,DK1,DK_1,day_ahead_price,value,2026-08-02T11:09:27Z
2026-08-02T11:05:08Z,2026-08-02T13:05:08+0200,b3181029-81fc-491a-b750-6dc59ef155aa,2026-07-23T12:15:00Z,2026-07-23T14:15:00+0200,5.14,EUR/MWh,DK1,DK_1,day_ahead_price,value,2026-08-02T11:09:27Z
2026-08-02T11:05:08Z,2026-08-02T13:05:08+0200,b3181029-81fc-491a-b750-6dc59ef155aa,2026-07-23T12:30:00Z,2026-07-23T14:30:00+0200,5.14,EUR/MWh,DK1,DK_1,day_ahead_price,value,2026-08-02T11:09:27Z
2026-08-02T11:05:08Z,2026-08-02T13:05:08+0200,b3181029-81fc-491a-b750-6dc59ef155aa,2026-07-23T12:45:00Z,2026-07-23T14:45:00+0200,4.5,EUR/MWh,DK1,DK_1,day_ahead_price,value,2026-08-02T11:09:27Z
2026-08-02T11:05:08Z,2026-08-02T13:05:08+0200,b3181029-81fc-491a-b750-6dc59ef155aa,2026-07-23T13:00:00Z,2026-07-23T15:00:00+0200,4.1,EUR/MWh,DK1,DK_1,day_ahead_price,value,2026-08-02T11:09:27Z
2026-08-02T11:05:08Z,2026-08-02T13:05:08+0200,b3181029-81fc-491a-b750-6dc59ef155aa,2026-07-23T13:15:00Z,2026-07-23T15:15:00+0200,7.01,EUR/MWh,DK1,DK_1,day_ahead_price,value,2026-08-02T11:09:27Z
2026-08-02T11:05:08Z,2026-08-02T13:05:08+0200,b3181029-81fc-491a-b750-6dc59ef155aa,2026-07-23T13:30:00Z,2026-07-23T15:30:00+0200,6.69,EUR/MWh,DK1,DK_1,day_ahead_price,value,2026-08-02T11:09:27Z
2026-08-02T11:05:08Z,2026-08-02T13:05:08+0200,b3181029-81fc-491a-b750-6dc59ef155aa,2026-07-23T13:45:00Z,2026-07-23T15:45:00+0200,10.2,EUR/MWh,DK1,DK_1,day_ahead_price,value,2026-08-02T11:09:27Z
2026-08-02T11:05:08Z,2026-08-02T13:05:08+0200,b3181029-81fc-491a-b750-6dc59ef155aa,2026-07-23T14:00:00Z,2026-07-23T16:00:00+0200,3.73,EUR/MWh,DK1,DK_1,day_ahead_price,value,2026-08-02T11:09:27Z
2026-08-02T11:05:08Z,2026-08-02T13:05:08+0200,b3181029-81fc-491a-b750-6dc59ef155aa,2026-07-23T14:15:00Z,2026-07-23T16:15:00+0200,13.34,EUR/MWh,DK1,DK_1,day_ahead_price,value,2026-08-02T11:09:27Z
2026-08-02T11:05:08Z,2026-08-02T13:05:08+0200,b3181029-81fc-491a-b750-6dc59ef155aa,2026-07-23T14:30:00Z,2026-07-23T16:30:00+0200,28.22,EUR/MWh,DK1,DK_1,day_ahead_price,value,2026-08-02T11:09:27Z
2026-08-02T11:05:08Z,2026-08-02T13:05:08+0200,b3181029-81fc-491a-b750-6dc59ef155aa,2026-07-23T14:45:00Z,2026-07-23T16:45:00+0200,62.96,EUR/MWh,DK1,DK_1,day_ahead_price,value,2026-08-02T11:09:27Z
2026-08-02T11:05:08Z,2026-08-02T13:05:08+0200,b3181029-81fc-491a-b750-6dc59ef155aa,2026-07-23T15:00:00Z,2026-07-23T17:00:00+0200,52.99,EUR/MWh,DK1,DK_1,day_ahead_price,value,2026-08-02T11:09:27Z
2026-08-02T11:05:08Z,2026-08-02T13:05:08+0200,b3181029-81fc-491a-b750-6dc59ef155aa,2026-07-23T15:15:00Z,2026-07-23T17:15:00+0200,94.78,EUR/MWh,DK1,DK_1,day_ahead_price,value,2026-08-02T11:09:27Z
2026-08-02T11:05:08Z,2026-08-02T13:05:08+0200,b3181029-81fc-491a-b750-6dc59ef155aa,2026-07-23T15:30:00Z,2026-07-23T17:30:00+0200,113.36,EUR/MWh,DK1,DK_1,day_ahead_price,value,2026-08-02T11:09:27Z
2026-08-02T11:05:08Z,2026-08-02T13:05:08+0200,b3181029-81fc-491a-b750-6dc59ef155aa,2026-07-23T15:45:00Z,2026-07-23T17:45:00+0200,125.4,EUR/MWh,DK1,DK_1,day_ahead_price,value,2026-08-02T11:09:27Z
2026-08-02T11:05:08Z,2026-08-02T13:05:08+0200,b3181029-81fc-491a-b750-6dc59ef155aa,2026-07-23T16:00:00Z,2026-07-23T18:00:00+0200,111.48,EUR/MWh,DK1,DK_1,day_ahead_price,value,2026-08-02T11:09:27Z
2026-08-02T11:05:08Z,2026-08-02T13:05:08+0200,b3181029-81fc-491a-b750-6dc59ef155aa,2026-07-23T16:15:00Z,2026-07-23T18:15:00+0200,139.08,EUR/MWh,DK1,DK_1,day_ahead_price,value,2026-08-02T11:09:27Z
2026-08-02T11:05:08Z,2026-08-02T13:05:08+0200,b3181029-81fc-491a-b750-6dc59ef155aa,2026-07-23T16:30:00Z,2026-07-23T18:30:00+0200,154.72,EUR/MWh,DK1,DK_1,day_ahead_price,value,2026-08-02T11:09:27Z
2026-08-02T11:05:08Z,2026-08-02T13:05:08+0200,b3181029-81fc-491a-b750-6dc59ef155aa,2026-07-23T16:45:00Z,2026-07-23T18:45:00+0200,165.04,EUR/MWh,DK1,DK_1,day_ahead_price,value,2026-08-02T11:09:27Z
2026-08-02T11:05:08Z,2026-08-02T13:05:08+0200,b3181029-81fc-491a-b750-6dc59ef155aa,2026-07-23T17:00:00Z,2026-07-23T19:00:00+0200,152.77,EUR/MWh,DK1,DK_1,day_ahead_price,value,2026-08-02T11:09:27Z
2026-08-02T11:05:08Z,2026-08-02T13:05:08+0200,b3181029-81fc-491a-b750-6dc59ef155aa,2026-07-23T17:15:00Z,2026-07-23T19:15:00+0200,164.67,EUR/MWh,DK1,DK_1,day_ahead_price,value,2026-08-02T11:09:27Z
2026-08-02T11:05:08Z,2026-08-02T13:05:08+0200,b3181029-81fc-491a-b750-6dc59ef155aa,2026-07-23T17:30:00Z,2026-07-23T19:30:00+0200,168.27,EUR/MWh,DK1,DK_1,day_ahead_price,value,2026-08-02T11:09:27Z
2026-08-02T11:05:08Z,2026-08-02T13:05:08+0200,b3181029-81fc-491a-b750-6dc59ef155aa,2026-07-23T17:45:00Z,2026-07-23T19:45:00+0200,178.69,EUR/MWh,DK1,DK_1,day_ahead_price,value,2026-08-02T11:09:27Z
2026-08-02T11:05:08Z,2026-08-02T13:05:08+0200,b3181029-81fc-491a-b750-6dc59ef155aa,2026-07-23T18:00:00Z,2026-07-23T20:00:00+0200,172.79,EUR/MWh,DK1,DK_1,day_ahead_price,value,2026-08-02T11:09:27Z
2026-08-02T11:05:08Z,2026-08-02T13:05:08+0200,b3181029-81fc-491a-b750-6dc59ef155aa,2026-07-23T18:15:00Z,2026-07-23T20:15:00+0200,184.05,EUR/MWh,DK1,DK_1,day_ahead_price,value,2026-08-02T11:09:27Z
2026-08-02T11:05:08Z,2026-08-02T13:05:08+0200,b3181029-81fc-491a-b750-6dc59ef155aa,2026-07-23T18:30:00Z,2026-07-23T20:30:00+0200,184.97,EUR/MWh,DK1,DK_1,day_ahead_price,value,2026-08-02T11:09:27Z
2026-08-02T11:05:08Z,2026-08-02T13:05:08+0200,b3181029-81fc-491a-b750-6dc59ef155aa,2026-07-23T18:45:00Z,2026-07-23T20:45:00+0200,197.5,EUR/MWh,DK1,DK_1,day_ahead_price,value,2026-08-02T11:09:27Z
2026-08-02T11:05:08Z,2026-08-02T13:05:08+0200,b3181029-81fc-491a-b750-6dc59ef155aa,2026-07-23T19:00:00Z,2026-07-23T21:00:00+0200,192.84,EUR/MWh,DK1,DK_1,day_ahead_price,value,2026-08-02T11:09:27Z
2026-08-02T11:05:08Z,2026-08-02T13:05:08+0200,b3181029-81fc-491a-b750-6dc59ef155aa,2026-07-23T19:15:00Z,2026-07-23T21:15:00+0200,191.79,EUR/MWh,DK1,DK_1,day_ahead_price,value,2026-08-02T11:09:27Z
2026-08-02T11:05:08Z,2026-08-02T13:05:08+0200,b3181029-81fc-491a-b750-6dc59ef155aa,2026-07-23T19:30:00Z,2026-07-23T21:30:00+0200,189.7,EUR/MWh,DK1,DK_1,day_ahead_price,value,2026-08-02T11:09:27Z
2026-08-02T11:05:08Z,2026-08-02T13:05:08+0200,b3181029-81fc-491a-b750-6dc59ef155aa,2026-07-23T19:45:00Z,2026-07-23T21:45:00+0200,185.67,EUR/MWh,DK1,DK_1,day_ahead_price,value,2026-08-02T11:09:27Z
2026-08-02T11:05:08Z,2026-08-02T13:05:08+0200,b3181029-81fc-491a-b750-6dc59ef155aa,2026-07-23T20:00:00Z,2026-07-23T22:00:00+0200,195.92,EUR/MWh,DK1,DK_1,day_ahead_price,value,2026-08-02T11:09:27Z
2026-08-02T11:05:08Z,2026-08-02T13:05:08+0200,b3181029-81fc-491a-b750-6dc59ef155aa,2026-07-23T20:15:00Z,2026-07-23T22:15:00+0200,188.96,EUR/MWh,DK1,DK_1,day_ahead_price,value,2026-08-02T11:09:27Z
2026-08-02T11:05:08Z,2026-08-02T13:05:08+0200,b3181029-81fc-491a-b750-6dc59ef155aa,2026-07-23T20:30:00Z,2026-07-23T22:30:00+0200,184.29,EUR/MWh,DK1,DK_1,day_ahead_price,value,2026-08-02T11:09:27Z
2026-08-02T11:05:08Z,2026-08-02T13:05:08+0200,b3181029-81fc-491a-b750-6dc59ef155aa,2026-07-23T20:45:00Z,2026-07-23T22:45:00+0200,177.0,EUR/MWh,DK1,DK_1,day_ahead_price,value,2026-08-02T11:09:27Z
2026-08-02T11:05:08Z,2026-08-02T13:05:08+0200,b3181029-81fc-491a-b750-6dc59ef155aa,2026-07-23T21:00:00Z,2026-07-23T23:00:00+0200,181.68,EUR/MWh,DK1,DK_1,day_ahead_price,value,2026-08-02T11:09:27Z
2026-08-02T11:05:08Z,2026-08-02T13:05:08+0200,b3181029-81fc-491a-b750-6dc59ef155aa,2026-07-23T21:15:00Z,2026-07-23T23:15:00+0200,170.66,EUR/MWh,DK1,DK_1,day_ahead_price,value,2026-08-02T11:09:27Z
2026-08-02T11:05:08Z,2026-08-02T13:05:08+0200,b3181029-81fc-491a-b750-6dc59ef155aa,2026-07-23T21:30:00Z,2026-07-23T23:30:00+0200,166.94,EUR/MWh,DK1,DK_1,day_ahead_price,value,2026-08-02T11:09:27Z
2026-08-02T11:05:08Z,2026-08-02T13:05:08+0200,b3181029-81fc-491a-b750-6dc59ef155aa,2026-07-23T21:45:00Z,2026-07-23T23:45:00+0200,162.4,EUR/MWh,DK1,DK_1,day_ahead_price,value,2026-08-02T11:09:27Z
2026-08-02T11:05:08Z,2026-08-02T13:05:08+0200,b3181029-81fc-491a-b750-6dc59ef155aa,2026-07-23T22:00:00Z,2026-07-24T00:00:00+0200,168.22,EUR/MWh,DK1,DK_1,day_ahead_price,value,2026-08-02T11:09:27Z
2026-08-02T11:05:08Z,2026-08-02T13:05:08+0200,b3181029-81fc-491a-b750-6dc59ef155aa,2026-07-23T22:15:00Z,2026-07-24T00:15:00+0200,163.649994,EUR/MWh,DK1,DK_1,day_ahead_price,value,2026-08-02T11:09:27Z
2026-08-02T11:05:08Z,2026-08-02T13:05:08+0200,b3181029-81fc-491a-b750-6dc59ef155aa,2026-07-23T22:30:00Z,2026-07-24T00:30:00+0200,160.580002,EUR/MWh,DK1,DK_1,day_ahead_price,value,2026-08-02T11:09:27Z
2026-08-02T11:05:08Z,2026-08-02T13:05:08+0200,b3181029-81fc-491a-b750-6dc59ef155aa,2026-07-23T22:45:00Z,2026-07-24T00:45:00+0200,151.559998,EUR/MWh,DK1,DK_1,day_ahead_price,value,2026-08-02T11:09:27Z
2026-08-02T11:05:08Z,2026-08-02T13:05:08+0200,b3181029-81fc-491a-b750-6dc59ef155aa,2026-07-23T23:00:00Z,2026-07-24T01:00:00+0200,162.589996,EUR/MWh,DK1,DK_1,day_ahead_price,value,2026-08-02T11:09:27Z
2026-08-02T11:05:08Z,2026-08-02T13:05:08+0200,b3181029-81fc-491a-b750-6dc59ef155aa,2026-07-23T23:15:00Z,2026-07-24T01:15:00+0200,157.97,EUR/MWh,DK1,DK_1,day_ahead_price,value,2026-08-02T11:09:27Z
2026-08-02T11:05:08Z,2026-08-02T13:05:08+0200,b3181029-81fc-491a-b750-6dc59ef155aa,2026-07-23T23:30:00Z,2026-07-24T01:30:00+0200,155.89,EUR/MWh,DK1,DK_1,day_ahead_price,value,2026-08-02T11:09:27Z
2026-08-02T11:05:08Z,2026-08-02T13:05:08+0200,b3181029-81fc-491a-b750-6dc59ef155aa,2026-07-23T23:45:00Z,2026-07-24T01:45:00+0200,151.94,EUR/MWh,DK1,DK_1,day_ahead_price,value,2026-08-02T11:09:27Z
2026-08-02T11:05:08Z,2026-08-02T13:05:08+0200,b3181029-81fc-491a-b750-6dc59ef155aa,2026-07-24T00:00:00Z,2026-07-24T02:00:00+0200,155.26,EUR/MWh,DK1,DK_1,day_ahead_price,value,2026-08-02T11:09:27Z
2026-08-02T11:05:08Z,2026-08-02T13:05:08+0200,b3181029-81fc-491a-b750-6dc59ef155aa,2026-07-24T00:15:00Z,2026-07-24T02:15:00+0200,151.69,EUR/MWh,DK1,DK_1,day_ahead_price,value,2026-08-02T11:09:27Z
2026-08-02T11:05:08Z,2026-08-02T13:05:08+0200,b3181029-81fc-491a-b750-6dc59ef155aa,2026-07-24T00:30:00Z,2026-07-24T02:30:00+0200,149.22,EUR/MWh,DK1,DK_1,day_ahead_price,value,2026-08-02T11:09:27Z
2026-08-02T11:05:08Z,2026-08-02T13:05:08+0200,b3181029-81fc-491a-b750-6dc59ef155aa,2026-07-24T00:45:00Z,2026-07-24T02:45:00+0200,147.1,EUR/MWh,DK1,DK_1,day_ahead_price,value,2026-08-02T11:09:27Z
2026-08-02T11:05:08Z,2026-08-02T13:05:08+0200,b3181029-81fc-491a-b750-6dc59ef155aa,2026-07-24T01:00:00Z,2026-07-24T03:00:00+0200,150.78,EUR/MWh,DK1,DK_1,day_ahead_price,value,2026-08-02T11:09:27Z
2026-08-02T11:05:08Z,2026-08-02T13:05:08+0200,b3181029-81fc-491a-b750-6dc59ef155aa,2026-07-24T01:15:00Z,2026-07-24T03:15:00+0200,142.07,EUR/MWh,DK1,DK_1,day_ahead_price,value,2026-08-02T11:09:27Z
2026-08-02T11:05:08Z,2026-08-02T13:05:08+0200,b3181029-81fc-491a-b750-6dc59ef155aa,2026-07-24T01:30:00Z,2026-07-24T03:30:00+0200,141.36,EUR/MWh,DK1,DK_1,day_ahead_price,value,2026-08-02T11:09:27Z
2026-08-02T11:05:08Z,2026-08-02T13:05:08+0200,b3181029-81fc-491a-b750-6dc59ef155aa,2026-07-24T01:45:00Z,2026-07-24T03:45:00+0200,141.020004,EUR/MWh,DK1,DK_1,day_ahead_price,value,2026-08-02T11:09:27Z
2026-08-02T11:05:08Z,2026-08-02T13:05:08+0200,b3181029-81fc-491a-b750-6dc59ef155aa,2026-07-24T02:00:00Z,2026-07-24T04:00:00+0200,142.07,EUR/MWh,DK1,DK_1,day_ahead_price,value,2026-08-02T11:09:27Z
2026-08-02T11:05:08Z,2026-08-02T13:05:08+0200,b3181029-81fc-491a-b750-6dc59ef155aa,2026-07-24T02:15:00Z,2026-07-24T04:15:00+0200,141.69,EUR/MWh,DK1,DK_1,day_ahead_price,value,2026-08-02T11:09:27Z
2026-08-02T11:05:08Z,2026-08-02T13:05:08+0200,b3181029-81fc-491a-b750-6dc59ef155aa,2026-07-24T02:30:00Z,2026-07-24T04:30:00+0200,142.21,EUR/MWh,DK1,DK_1,day_ahead_price,value,2026-08-02T11:09:27Z
2026-08-02T11:05:08Z,2026-08-02T13:05:08+0200,b3181029-81fc-491a-b750-6dc59ef155aa,2026-07-24T02:45:00Z,2026-07-24T04:45:00+0200,150.850006,EUR/MWh,DK1,DK_1,day_ahead_price,value,2026-08-02T11:09:27Z
2026-08-02T11:05:08Z,2026-08-02T13:05:08+0200,b3181029-81fc-491a-b750-6dc59ef155aa,2026-07-24T03:00:00Z,2026-07-24T05:00:00+0200,149.669998,EUR/MWh,DK1,DK_1,day_ahead_price,value,2026-08-02T11:09:27Z
2026-08-02T11:05:08Z,2026-08-02T13:05:08+0200,b3181029-81fc-491a-b750-6dc59ef155aa,2026-07-24T03:15:00Z,2026-07-24T05:15:00+0200,155.080002,EUR/MWh,DK1,DK_1,day_ahead_price,value,2026-08-02T11:09:27Z
2026-08-02T11:05:08Z,2026-08-02T13:05:08+0200,b3181029-81fc-491a-b750-6dc59ef155aa,2026-07-24T03:30:00Z,2026-07-24T05:30:00+0200,148.19,EUR/MWh,DK1,DK_1,day_ahead_price,value,2026-08-02T11:09:27Z
2026-08-02T11:05:08Z,2026-08-02T13:05:08+0200,b3181029-81fc-491a-b750-6dc59ef155aa,2026-07-24T03:45:00Z,2026-07-24T05:45:00+0200,149.94,EUR/MWh,DK1,DK_1,day_ahead_price,value,2026-08-02T11:09:27Z
2026-08-02T11:05:08Z,2026-08-02T13:05:08+0200,b3181029-81fc-491a-b750-6dc59ef155aa,2026-07-24T04:00:00Z,2026-07-24T06:00:00+0200,157.320007,EUR/MWh,DK1,DK_1,day_ahead_price,value,2026-08-02T11:09:27Z
2026-08-02T11:05:08Z,2026-08-02T13:05:08+0200,b3181029-81fc-491a-b750-6dc59ef155aa,2026-07-24T04:15:00Z,2026-07-24T06:15:00+0200,156.47,EUR/MWh,DK1,DK_1,day_ahead_price,value,2026-08-02T11:09:27Z
2026-08-02T11:05:08Z,2026-08-02T13:05:08+0200,b3181029-81fc-491a-b750-6dc59ef155aa,2026-07-24T04:30:00Z,2026-07-24T06:30:00+0200,165.080002,EUR/MWh,DK1,DK_1,day_ahead_price,value,2026-08-02T11:09:27Z
2026-08-02T11:05:08Z,2026-08-02T13:05:08+0200,b3181029-81fc-491a-b750-6dc59ef155aa,2026-07-24T04:45:00Z,2026-07-24T06:45:00+0200,159.649994,EUR/MWh,DK1,DK_1,day_ahead_price,value,2026-08-02T11:09:27Z
2026-08-02T11:05:08Z,2026-08-02T13:05:08+0200,b3181029-81fc-491a-b750-6dc59ef155aa,2026-07-24T05:00:00Z,2026-07-24T07:00:00+0200,172.39,EUR/MWh,DK1,DK_1,day_ahead_price,value,2026-08-02T11:09:27Z
2026-08-02T11:05:08Z,2026-08-02T13:05:08+0200,b3181029-81fc-491a-b750-6dc59ef155aa,2026-07-24T05:15:00Z,2026-07-24T07:15:00+0200,167.229996,EUR/MWh,DK1,DK_1,day_ahead_price,value,2026-08-02T11:09:27Z
2026-08-02T11:05:08Z,2026-08-02T13:05:08+0200,b3181029-81fc-491a-b750-6dc59ef155aa,2026-07-24T05:30:00Z,2026-07-24T07:30:00+0200,160.119995,EUR/MWh,DK1,DK_1,day_ahead_price,value,2026-08-02T11:09:27Z
2026-08-02T11:05:08Z,2026-08-02T13:05:08+0200,b3181029-81fc-491a-b750-6dc59ef155aa,2026-07-24T05:45:00Z,2026-07-24T07:45:00+0200,149.259995,EUR/MWh,DK1,DK_1,day_ahead_price,value,2026-08-02T11:09:27Z
2026-08-02T11:05:08Z,2026-08-02T13:05:08+0200,b3181029-81fc-491a-b750-6dc59ef155aa,2026-07-24T06:00:00Z,2026-07-24T08:00:00+0200,173.990005,EUR/MWh,DK1,DK_1,day_ahead_price,value,2026-08-02T11:09:27Z
2026-08-02T11:05:08Z,2026-08-02T13:05:08+0200,b3181029-81fc-491a-b750-6dc59ef155aa,2026-07-24T06:15:00Z,2026-07-24T08:15:00+0200,166.759995,EUR/MWh,DK1,DK_1,day_ahead_price,value,2026-08-02T11:09:27Z
2026-08-02T11:05:08Z,2026-08-02T13:05:08+0200,b3181029-81fc-491a-b750-6dc59ef155aa,2026-07-24T06:30:00Z,2026-07-24T08:30:00+0200,159.169998,EUR/MWh,DK1,DK_1,day_ahead_price,value,2026-08-02T11:09:27Z
2026-08-02T11:05:08Z,2026-08-02T13:05:08+0200,b3181029-81fc-491a-b750-6dc59ef155aa,2026-07-24T06:45:00Z,2026-07-24T08:45:00+0200,139.919998,EUR/MWh,DK1,DK_1,day_ahead_price,value,2026-08-02T11:09:27Z
2026-08-02T11:05:08Z,2026-08-02T13:05:08+0200,b3181029-81fc-491a-b750-6dc59ef155aa,2026-07-24T07:00:00Z,2026-07-24T09:00:00+0200,169.270004,EUR/MWh,DK1,DK_1,day_ahead_price,value,2026-08-02T11:09:27Z
2026-08-02T11:05:08Z,2026-08-02T13:05:08+0200,b3181029-81fc-491a-b750-6dc59ef155aa,2026-07-24T07:15:00Z,2026-07-24T09:15:00+0200,132.86,EUR/MWh,DK1,DK_1,day_ahead_price,value,2026-08-02T11:09:27Z
2026-08-02T11:05:08Z,2026-08-02T13:05:08+0200,b3181029-81fc-491a-b750-6dc59ef155aa,2026-07-24T07:30:00Z,2026-07-24T09:30:00+0200,116.449997,EUR/MWh,DK1,DK_1,day_ahead_price,value,2026-08-02T11:09:27Z
2026-08-02T11:05:08Z,2026-08-02T13:05:08+0200,b3181029-81fc-491a-b750-6dc59ef155aa,2026-07-24T07:45:00Z,2026-07-24T09:45:00+0200,112.87,EUR/MWh,DK1,DK_1,day_ahead_price,value,2026-08-02T11:09:27Z
2026-08-02T11:05:08Z,2026-08-02T13:05:08+0200,b3181029-81fc-491a-b750-6dc59ef155aa,2026-07-24T08:00:00Z,2026-07-24T10:00:00+0200,118.449997,EUR/MWh,DK1,DK_1,day_ahead_price,value,2026-08-02T11:09:27Z
2026-08-02T11:05:08Z,2026-08-02T13:05:08+0200,b3181029-81fc-491a-b750-6dc59ef155aa,2026-07-24T08:15:00Z,2026-07-24T10:15:00+0200,108.459999,EUR/MWh,DK1,DK_1,day_ahead_price,value,2026-08-02T11:09:27Z
2026-08-02T11:05:08Z,2026-08-02T13:05:08+0200,b3181029-81fc-491a-b750-6dc59ef155aa,2026-07-24T08:30:00Z,2026-07-24T10:30:00+0200,101.4,EUR/MWh,DK1,DK_1,day_ahead_price,value,2026-08-02T11:09:27Z
2026-08-02T11:05:08Z,2026-08-02T13:05:08+0200,b3181029-81fc-491a-b750-6dc59ef155aa,2026-07-24T08:45:00Z,2026-07-24T10:45:00+0200,91.919998,EUR/MWh,DK1,DK_1,day_ahead_price,value,2026-08-02T11:09:27Z
2026-08-02T11:05:08Z,2026-08-02T13:05:08+0200,b3181029-81fc-491a-b750-6dc59ef155aa,2026-07-24T09:00:00Z,2026-07-24T11:00:00+0200,91.269997,EUR/MWh,DK1,DK_1,day_ahead_price,value,2026-08-02T11:09:27Z
2026-08-02T11:05:08Z,2026-08-02T13:05:08+0200,b3181029-81fc-491a-b750-6dc59ef155aa,2026-07-24T09:15:00Z,2026-07-24T11:15:00+0200,82.72,EUR/MWh,DK1,DK_1,day_ahead_price,value,2026-08-02T11:09:27Z
2026-08-02T11:05:08Z,2026-08-02T13:05:08+0200,b3181029-81fc-491a-b750-6dc59ef155aa,2026-07-24T09:30:00Z,2026-07-24T11:30:00+0200,75.99,EUR/MWh,DK1,DK_1,day_ahead_price,value,2026-08-02T11:09:27Z
2026-08-02T11:05:08Z,2026-08-02T13:05:08+0200,b3181029-81fc-491a-b750-6dc59ef155aa,2026-07-24T09:45:00Z,2026-07-24T11:45:00+0200,65.19,EUR/MWh,DK1,DK_1,day_ahead_price,value,2026-08-02T11:09:27Z
2026-08-02T11:05:08Z,2026-08-02T13:05:08+0200,b3181029-81fc-491a-b750-6dc59ef155aa,2026-07-24T10:00:00Z,2026-07-24T12:00:00+0200,66.699997,EUR/MWh,DK1,DK_1,day_ahead_price,value,2026-08-02T11:09:27Z
2026-08-02T11:05:08Z,2026-08-02T13:05:08+0200,b3181029-81fc-491a-b750-6dc59ef155aa,2026-07-24T10:15:00Z,2026-07-24T12:15:00+0200,57.56,EUR/MWh,DK1,DK_1,day_ahead_price,value,2026-08-02T11:09:27Z
2026-08-02T11:05:08Z,2026-08-02T13:05:08+0200,b3181029-81fc-491a-b750-6dc59ef155aa,2026-07-24T10:30:00Z,2026-07-24T12:30:00+0200,42.68,EUR/MWh,DK1,DK_1,day_ahead_price,value,2026-08-02T11:09:27Z
2026-08-02T11:05:08Z,2026-08-02T13:05:08+0200,b3181029-81fc-491a-b750-6dc59ef155aa,2026-07-24T10:45:00Z,2026-07-24T12:45:00+0200,28.24,EUR/MWh,DK1,DK_1,day_ahead_price,value,2026-08-02T11:09:27Z
2026-08-02T11:05:08Z,2026-08-02T13:05:08+0200,b3181029-81fc-491a-b750-6dc59ef155aa,2026-07-24T11:00:00Z,2026-07-24T13:00:00+0200,41.130001,EUR/MWh,DK1,DK_1,day_ahead_price,value,2026-08-02T11:09:27Z
2026-08-02T11:05:08Z,2026-08-02T13:05:08+0200,b3181029-81fc-491a-b750-6dc59ef155aa,2026-07-24T11:15:00Z,2026-07-24T13:15:00+0200,26.1,EUR/MWh,DK1,DK_1,day_ahead_price,value,2026-08-02T11:09:27Z
2026-08-02T11:05:08Z,2026-08-02T13:05:08+0200,b3181029-81fc-491a-b750-6dc59ef155aa,2026-07-24T11:30:00Z,2026-07-24T13:30:00+0200,19.25,EUR/MWh,DK1,DK_1,day_ahead_price,value,2026-08-02T11:09:27Z
2026-08-02T11:05:08Z,2026-08-02T13:05:08+0200,b3181029-81fc-491a-b750-6dc59ef155aa,2026-07-24T11:45:00Z,2026-07-24T13:45:00+0200,9.46,EUR/MWh,DK1,DK_1,day_ahead_price,value,2026-08-02T11:09:27Z
2026-08-02T11:05:08Z,2026-08-02T13:05:08+0200,b3181029-81fc-491a-b750-6dc59ef155aa,2026-07-24T12:00:00Z,2026-07-24T14:00:00+0200,7.07,EUR/MWh,DK1,DK_1,day_ahead_price,value,2026-08-02T11:09:27Z
2026-08-02T11:05:08Z,2026-08-02T13:05:08+0200,b3181029-81fc-491a-b750-6dc59ef155aa,2026-07-24T12:15:00Z,2026-07-24T14:15:00+0200,6.58,EUR/MWh,DK1,DK_1,day_ahead_price,value,2026-08-02T11:09:27Z
2026-08-02T11:05:08Z,2026-08-02T13:05:08+0200,b3181029-81fc-491a-b750-6dc59ef155aa,2026-07-24T12:30:00Z,2026-07-24T14:30:00+0200,7.27,EUR/MWh,DK1,DK_1,day_ahead_price,value,2026-08-02T11:09:27Z
2026-08-02T11:05:08Z,2026-08-02T13:05:08+0200,b3181029-81fc-491a-b750-6dc59ef155aa,2026-07-24T12:45:00Z,2026-07-24T14:45:00+0200,11.08,EUR/MWh,DK1,DK_1,day_ahead_price,value,2026-08-02T11:09:27Z
2026-08-02T11:05:08Z,2026-08-02T13:05:08+0200,b3181029-81fc-491a-b750-6dc59ef155aa,2026-07-24T13:00:00Z,2026-07-24T15:00:00+0200,4.31,EUR/MWh,DK1,DK_1,day_ahead_price,value,2026-08-02T11:09:27Z
2026-08-02T11:05:08Z,2026-08-02T13:05:08+0200,b3181029-81fc-491a-b750-6dc59ef155aa,2026-07-24T13:15:00Z,2026-07-24T15:15:00+0200,6.69,EUR/MWh,DK1,DK_1,day_ahead_price,value,2026-08-02T11:09:27Z
2026-08-02T11:05:08Z,2026-08-02T13:05:08+0200,b3181029-81fc-491a-b750-6dc59ef155aa,2026-07-24T13:30:00Z,2026-07-24T15:30:00+0200,19.6,EUR/MWh,DK1,DK_1,day_ahead_price,value,2026-08-02T11:09:27Z
2026-08-02T11:05:08Z,2026-08-02T13:05:08+0200,b3181029-81fc-491a-b750-6dc59ef155aa,2026-07-24T13:45:00Z,2026-07-24T15:45:00+0200,36.56,EUR/MWh,DK1,DK_1,day_ahead_price,value,2026-08-02T11:09:27Z
2026-08-02T11:05:08Z,2026-08-02T13:05:08+0200,b3181029-81fc-491a-b750-6dc59ef155aa,2026-07-24T14:00:00Z,2026-07-24T16:00:00+0200,32.360001,EUR/MWh,DK1,DK_1,day_ahead_price,value,2026-08-02T11:09:27Z
2026-08-02T11:05:08Z,2026-08-02T13:05:08+0200,b3181029-81fc-491a-b750-6dc59ef155aa,2026-07-24T14:15:00Z,2026-07-24T16:15:00+0200,59.900002,EUR/MWh,DK1,DK_1,day_ahead_price,value,2026-08-02T11:09:27Z
2026-08-02T11:05:08Z,2026-08-02T13:05:08+0200,b3181029-81fc-491a-b750-6dc59ef155aa,2026-07-24T14:30:00Z,2026-07-24T16:30:00+0200,80.419998,EUR/MWh,DK1,DK_1,day_ahead_price,value,2026-08-02T11:09:27Z
2026-08-02T11:05:08Z,2026-08-02T13:05:08+0200,b3181029-81fc-491a-b750-6dc59ef155aa,2026-07-24T14:45:00Z,2026-07-24T16:45:00+0200,100.290001,EUR/MWh,DK1,DK_1,day_ahead_price,value,2026-08-02T11:09:27Z
2026-08-02T11:05:08Z,2026-08-02T13:05:08+0200,b3181029-81fc-491a-b750-6dc59ef155aa,2026-07-24T15:00:00Z,2026-07-24T17:00:00+0200,75.43,EUR/MWh,DK1,DK_1,day_ahead_price,value,2026-08-02T11:09:27Z
2026-08-02T11:05:08Z,2026-08-02T13:05:08+0200,b3181029-81fc-491a-b750-6dc59ef155aa,2026-07-24T15:15:00Z,2026-07-24T17:15:00+0200,109.96,EUR/MWh,DK1,DK_1,day_ahead_price,value,2026-08-02T11:09:27Z
2026-08-02T11:05:08Z,2026-08-02T13:05:08+0200,b3181029-81fc-491a-b750-6dc59ef155aa,2026-07-24T15:30:00Z,2026-07-24T17:30:00+0200,123.95,EUR/MWh,DK1,DK_1,day_ahead_price,value,2026-08-02T11:09:27Z
2026-08-02T11:05:08Z,2026-08-02T13:05:08+0200,b3181029-81fc-491a-b750-6dc59ef155aa,2026-07-24T15:45:00Z,2026-07-24T17:45:00+0200,141.44,EUR/MWh,DK1,DK_1,day_ahead_price,value,2026-08-02T11:09:27Z
2026-08-02T11:05:08Z,2026-08-02T13:05:08+0200,b3181029-81fc-491a-b750-6dc59ef155aa,2026-07-24T16:00:00Z,2026-07-24T18:00:00+0200,124.75,EUR/MWh,DK1,DK_1,day_ahead_price,value,2026-08-02T11:09:27Z
2026-08-02T11:05:08Z,2026-08-02T13:05:08+0200,b3181029-81fc-491a-b750-6dc59ef155aa,2026-07-24T16:15:00Z,2026-07-24T18:15:00+0200,146.100006,EUR/MWh,DK1,DK_1,day_ahead_price,value,2026-08-02T11:09:27Z
2026-08-02T11:05:08Z,2026-08-02T13:05:08+0200,b3181029-81fc-491a-b750-6dc59ef155aa,2026-07-24T16:30:00Z,2026-07-24T18:30:00+0200,158.14,EUR/MWh,DK1,DK_1,day_ahead_price,value,2026-08-02T11:09:27Z
2026-08-02T11:05:08Z,2026-08-02T13:05:08+0200,b3181029-81fc-491a-b750-6dc59ef155aa,2026-07-24T16:45:00Z,2026-07-24T18:45:00+0200,171.009995,EUR/MWh,DK1,DK_1,day_ahead_price,value,2026-08-02T11:09:27Z
2026-08-02T11:05:08Z,2026-08-02T13:05:08+0200,b3181029-81fc-491a-b750-6dc59ef155aa,2026-07-24T17:00:00Z,2026-07-24T19:00:00+0200,146.09,EUR/MWh,DK1,DK_1,day_ahead_price,value,2026-08-02T11:09:27Z
2026-08-02T11:05:08Z,2026-08-02T13:05:08+0200,b3181029-81fc-491a-b750-6dc59ef155aa,2026-07-24T17:15:00Z,2026-07-24T19:15:00+0200,172.75,EUR/MWh,DK1,DK_1,day_ahead_price,value,2026-08-02T11:09:27Z
2026-08-02T11:05:08Z,2026-08-02T13:05:08+0200,b3181029-81fc-491a-b750-6dc59ef155aa,2026-07-24T17:30:00Z,2026-07-24T19:30:00+0200,186.809998,EUR/MWh,DK1,DK_1,day_ahead_price,value,2026-08-02T11:09:27Z
2026-08-02T11:05:08Z,2026-08-02T13:05:08+0200,b3181029-81fc-491a-b750-6dc59ef155aa,2026-07-24T17:45:00Z,2026-07-24T19:45:00+0200,201.259995,EUR/MWh,DK1,DK_1,day_ahead_price,value,2026-08-02T11:09:27Z
2026-08-02T11:05:08Z,2026-08-02T13:05:08+0200,b3181029-81fc-491a-b750-6dc59ef155aa,2026-07-24T18:00:00Z,2026-07-24T20:00:00+0200,188.61,EUR/MWh,DK1,DK_1,day_ahead_price,value,2026-08-02T11:09:27Z
2026-08-02T11:05:08Z,2026-08-02T13:05:08+0200,b3181029-81fc-491a-b750-6dc59ef155aa,2026-07-24T18:15:00Z,2026-07-24T20:15:00+0200,194.72,EUR/MWh,DK1,DK_1,day_ahead_price,value,2026-08-02T11:09:27Z
2026-08-02T11:05:08Z,2026-08-02T13:05:08+0200,b3181029-81fc-491a-b750-6dc59ef155aa,2026-07-24T18:30:00Z,2026-07-24T20:30:00+0200,207.53,EUR/MWh,DK1,DK_1,day_ahead_price,value,2026-08-02T11:09:27Z
2026-08-02T11:05:08Z,2026-08-02T13:05:08+0200,b3181029-81fc-491a-b750-6dc59ef155aa,2026-07-24T18:45:00Z,2026-07-24T20:45:00+0200,213.729996,EUR/MWh,DK1,DK_1,day_ahead_price,value,2026-08-02T11:09:27Z
2026-08-02T11:05:08Z,2026-08-02T13:05:08+0200,b3181029-81fc-491a-b750-6dc59ef155aa,2026-07-24T19:00:00Z,2026-07-24T21:00:00+0200,210.86,EUR/MWh,DK1,DK_1,day_ahead_price,value,2026-08-02T11:09:27Z
2026-08-02T11:05:08Z,2026-08-02T13:05:08+0200,b3181029-81fc-491a-b750-6dc59ef155aa,2026-07-24T19:15:00Z,2026-07-24T21:15:00+0200,208.06,EUR/MWh,DK1,DK_1,day_ahead_price,value,2026-08-02T11:09:27Z
2026-08-02T11:05:08Z,2026-08-02T13:05:08+0200,b3181029-81fc-491a-b750-6dc59ef155aa,2026-07-24T19:30:00Z,2026-07-24T21:30:00+0200,202.05,EUR/MWh,DK1,DK_1,day_ahead_price,value,2026-08-02T11:09:27Z
2026-08-02T11:05:08Z,2026-08-02T13:05:08+0200,b3181029-81fc-491a-b750-6dc59ef155aa,2026-07-24T19:45:00Z,2026-07-24T21:45:00+0200,195.83,EUR/MWh,DK1,DK_1,day_ahead_price,value,2026-08-02T11:09:27Z
2026-08-02T11:05:08Z,2026-08-02T13:05:08+0200,b3181029-81fc-491a-b750-6dc59ef155aa,2026-07-24T20:00:00Z,2026-07-24T22:00:00+0200,208.460007,EUR/MWh,DK1,DK_1,day_ahead_price,value,2026-08-02T11:09:27Z
2026-08-02T11:05:08Z,2026-08-02T13:05:08+0200,b3181029-81fc-491a-b750-6dc59ef155aa,2026-07-24T20:15:00Z,2026-07-24T22:15:00+0200,198.01,EUR/MWh,DK1,DK_1,day_ahead_price,value,2026-08-02T11:09:27Z
2026-08-02T11:05:08Z,2026-08-02T13:05:08+0200,b3181029-81fc-491a-b750-6dc59ef155aa,2026-07-24T20:30:00Z,2026-07-24T22:30:00+0200,188.639999,EUR/MWh,DK1,DK_1,day_ahead_price,value,2026-08-02T11:09:27Z
2026-08-02T11:05:08Z,2026-08-02T13:05:08+0200,b3181029-81fc-491a-b750-6dc59ef155aa,2026-07-24T20:45:00Z,2026-07-24T22:45:00+0200,184.5,EUR/MWh,DK1,DK_1,day_ahead_price,value,2026-08-02T11:09:27Z
2026-08-02T11:05:08Z,2026-08-02T13:05:08+0200,b3181029-81fc-491a-b750-6dc59ef155aa,2026-07-24T21:00:00Z,2026-07-24T23:00:00+0200,185.48,EUR/MWh,DK1,DK_1,day_ahead_price,value,2026-08-02T11:09:27Z
2026-08-02T11:05:08Z,2026-08-02T13:05:08+0200,b3181029-81fc-491a-b750-6dc59ef155aa,2026-07-24T21:15:00Z,2026-07-24T23:15:00+0200,183.0,EUR/MWh,DK1,DK_1,day_ahead_price,value,2026-08-02T11:09:27Z
2026-08-02T11:05:08Z,2026-08-02T13:05:08+0200,b3181029-81fc-491a-b750-6dc59ef155aa,2026-07-24T21:30:00Z,2026-07-24T23:30:00+0200,181.309998,EUR/MWh,DK1,DK_1,day_ahead_price,value,2026-08-02T11:09:27Z
2026-08-02T11:05:08Z,2026-08-02T13:05:08+0200,b3181029-81fc-491a-b750-6dc59ef155aa,2026-07-24T21:45:00Z,2026-07-24T23:45:00+0200,170.669998,EUR/MWh,DK1,DK_1,day_ahead_price,value,2026-08-02T11:09:27Z
2026-08-02T11:05:08Z,2026-08-02T13:05:08+0200,b3181029-81fc-491a-b750-6dc59ef155aa,2026-07-24T22:00:00Z,2026-07-25T00:00:00+0200,175.92,EUR/MWh,DK1,DK_1,day_ahead_price,value,2026-08-02T11:09:27Z
2026-08-02T11:05:08Z,2026-08-02T13:05:08+0200,b3181029-81fc-491a-b750-6dc59ef155aa,2026-07-24T22:15:00Z,2026-07-25T00:15:00+0200,168.63,EUR/MWh,DK1,DK_1,day_ahead_price,value,2026-08-02T11:09:27Z
2026-08-02T11:05:08Z,2026-08-02T13:05:08+0200,b3181029-81fc-491a-b750-6dc59ef155aa,2026-07-24T22:30:00Z,2026-07-25T00:30:00+0200,165.12,EUR/MWh,DK1,DK_1,day_ahead_price,value,2026-08-02T11:09:27Z
2026-08-02T11:05:08Z,2026-08-02T13:05:08+0200,b3181029-81fc-491a-b750-6dc59ef155aa,2026-07-24T22:45:00Z,2026-07-25T00:45:00+0200,155.51,EUR/MWh,DK1,DK_1,day_ahead_price,value,2026-08-02T11:09:27Z
2026-08-02T11:05:08Z,2026-08-02T13:05:08+0200,b3181029-81fc-491a-b750-6dc59ef155aa,2026-07-24T23:00:00Z,2026-07-25T01:00:00+0200,170.01,EUR/MWh,DK1,DK_1,day_ahead_price,value,2026-08-02T11:09:27Z
2026-08-02T11:05:08Z,2026-08-02T13:05:08+0200,b3181029-81fc-491a-b750-6dc59ef155aa,2026-07-24T23:15:00Z,2026-07-25T01:15:00+0200,156.71,EUR/MWh,DK1,DK_1,day_ahead_price,value,2026-08-02T11:09:27Z
2026-08-02T11:05:08Z,2026-08-02T13:05:08+0200,b3181029-81fc-491a-b750-6dc59ef155aa,2026-07-24T23:30:00Z,2026-07-25T01:30:00+0200,160.93,EUR/MWh,DK1,DK_1,day_ahead_price,value,2026-08-02T11:09:27Z
2026-08-02T11:05:08Z,2026-08-02T13:05:08+0200,b3181029-81fc-491a-b750-6dc59ef155aa,2026-07-24T23:45:00Z,2026-07-25T01:45:00+0200,157.63,EUR/MWh,DK1,DK_1,day_ahead_price,value,2026-08-02T11:09:27Z
2026-08-02T11:05:08Z,2026-08-02T13:05:08+0200,b3181029-81fc-491a-b750-6dc59ef155aa,2026-07-25T00:00:00Z,2026-07-25T02:00:00+0200,162.0,EUR/MWh,DK1,DK_1,day_ahead_price,value,2026-08-02T11:09:27Z
2026-08-02T11:05:08Z,2026-08-02T13:05:08+0200,b3181029-81fc-491a-b750-6dc59ef155aa,2026-07-25T00:15:00Z,2026-07-25T02:15:00+0200,158.15,EUR/MWh,DK1,DK_1,day_ahead_price,value,2026-08-02T11:09:27Z
2026-08-02T11:05:08Z,2026-08-02T13:05:08+0200,b3181029-81fc-491a-b750-6dc59ef155aa,2026-07-25T00:30:00Z,2026-07-25T02:30:00+0200,160.22,EUR/MWh,DK1,DK_1,day_ahead_price,value,2026-08-02T11:09:27Z
2026-08-02T11:05:08Z,2026-08-02T13:05:08+0200,b3181029-81fc-491a-b750-6dc59ef155aa,2026-07-25T00:45:00Z,2026-07-25T02:45:00+0200,156.03,EUR/MWh,DK1,DK_1,day_ahead_price,value,2026-08-02T11:09:27Z
2026-08-02T11:05:08Z,2026-08-02T13:05:08+0200,b3181029-81fc-491a-b750-6dc59ef155aa,2026-07-25T01:00:00Z,2026-07-25T03:00:00+0200,158.47,EUR/MWh,DK1,DK_1,day_ahead_price,value,2026-08-02T11:09:27Z
2026-08-02T11:05:08Z,2026-08-02T13:05:08+0200,b3181029-81fc-491a-b750-6dc59ef155aa,2026-07-25T01:15:00Z,2026-07-25T03:15:00+0200,158.45,EUR/MWh,DK1,DK_1,day_ahead_price,value,2026-08-02T11:09:27Z
2026-08-02T11:05:08Z,2026-08-02T13:05:08+0200,b3181029-81fc-491a-b750-6dc59ef155aa,2026-07-25T01:30:00Z,2026-07-25T03:30:00+0200,157.93,EUR/MWh,DK1,DK_1,day_ahead_price,value,2026-08-02T11:09:27Z
2026-08-02T11:05:08Z,2026-08-02T13:05:08+0200,b3181029-81fc-491a-b750-6dc59ef155aa,2026-07-25T01:45:00Z,2026-07-25T03:45:00+0200,153.07,EUR/MWh,DK1,DK_1,day_ahead_price,value,2026-08-02T11:09:27Z
2026-08-02T11:05:08Z,2026-08-02T13:05:08+0200,b3181029-81fc-491a-b750-6dc59ef155aa,2026-07-25T02:00:00Z,2026-07-25T04:00:00+0200,152.09,EUR/MWh,DK1,DK_1,day_ahead_price,value,2026-08-02T11:09:27Z
2026-08-02T11:05:08Z,2026-08-02T13:05:08+0200,b3181029-81fc-491a-b750-6dc59ef155aa,2026-07-25T02:15:00Z,2026-07-25T04:15:00+0200,148.76,EUR/MWh,DK1,DK_1,day_ahead_price,value,2026-08-02T11:09:27Z
2026-08-02T11:05:08Z,2026-08-02T13:05:08+0200,b3181029-81fc-491a-b750-6dc59ef155aa,2026-07-25T02:30:00Z,2026-07-25T04:30:00+0200,144.53,EUR/MWh,DK1,DK_1,day_ahead_price,value,2026-08-02T11:09:27Z
2026-08-02T11:05:08Z,2026-08-02T13:05:08+0200,b3181029-81fc-491a-b750-6dc59ef155aa,2026-07-25T02:45:00Z,2026-07-25T04:45:00+0200,135.06,EUR/MWh,DK1,DK_1,day_ahead_price,value,2026-08-02T11:09:27Z
2026-08-02T11:05:08Z,2026-08-02T13:05:08+0200,b3181029-81fc-491a-b750-6dc59ef155aa,2026-07-25T03:00:00Z,2026-07-25T05:00:00+0200,135.02,EUR/MWh,DK1,DK_1,day_ahead_price,value,2026-08-02T11:09:27Z
2026-08-02T11:05:08Z,2026-08-02T13:05:08+0200,b3181029-81fc-491a-b750-6dc59ef155aa,2026-07-25T03:15:00Z,2026-07-25T05:15:00+0200,134.38,EUR/MWh,DK1,DK_1,day_ahead_price,value,2026-08-02T11:09:27Z
2026-08-02T11:05:08Z,2026-08-02T13:05:08+0200,b3181029-81fc-491a-b750-6dc59ef155aa,2026-07-25T03:30:00Z,2026-07-25T05:30:00+0200,133.75,EUR/MWh,DK1,DK_1,day_ahead_price,value,2026-08-02T11:09:27Z
2026-08-02T11:05:08Z,2026-08-02T13:05:08+0200,b3181029-81fc-491a-b750-6dc59ef155aa,2026-07-25T03:45:00Z,2026-07-25T05:45:00+0200,132.88,EUR/MWh,DK1,DK_1,day_ahead_price,value,2026-08-02T11:09:27Z
2026-08-02T11:05:08Z,2026-08-02T13:05:08+0200,b3181029-81fc-491a-b750-6dc59ef155aa,2026-07-25T04:00:00Z,2026-07-25T06:00:00+0200,132.06,EUR/MWh,DK1,DK_1,day_ahead_price,value,2026-08-02T11:09:27Z
2026-08-02T11:05:08Z,2026-08-02T13:05:08+0200,b3181029-81fc-491a-b750-6dc59ef155aa,2026-07-25T04:15:00Z,2026-07-25T06:15:00+0200,131.43,EUR/MWh,DK1,DK_1,day_ahead_price,value,2026-08-02T11:09:27Z
2026-08-02T11:05:08Z,2026-08-02T13:05:08+0200,b3181029-81fc-491a-b750-6dc59ef155aa,2026-07-25T04:30:00Z,2026-07-25T06:30:00+0200,129.45,EUR/MWh,DK1,DK_1,day_ahead_price,value,2026-08-02T11:09:27Z
2026-08-02T11:05:08Z,2026-08-02T13:05:08+0200,b3181029-81fc-491a-b750-6dc59ef155aa,2026-07-25T04:45:00Z,2026-07-25T06:45:00+0200,117.54,EUR/MWh,DK1,DK_1,day_ahead_price,value,2026-08-02T11:09:27Z
2026-08-02T11:05:08Z,2026-08-02T13:05:08+0200,b3181029-81fc-491a-b750-6dc59ef155aa,2026-07-25T05:00:00Z,2026-07-25T07:00:00+0200,135.88,EUR/MWh,DK1,DK_1,day_ahead_price,value,2026-08-02T11:09:27Z
2026-08-02T11:05:08Z,2026-08-02T13:05:08+0200,b3181029-81fc-491a-b750-6dc59ef155aa,2026-07-25T05:15:00Z,2026-07-25T07:15:00+0200,119.91,EUR/MWh,DK1,DK_1,day_ahead_price,value,2026-08-02T11:09:27Z
2026-08-02T11:05:08Z,2026-08-02T13:05:08+0200,b3181029-81fc-491a-b750-6dc59ef155aa,2026-07-25T05:30:00Z,2026-07-25T07:30:00+0200,107.52,EUR/MWh,DK1,DK_1,day_ahead_price,value,2026-08-02T11:09:27Z
2026-08-02T11:05:08Z,2026-08-02T13:05:08+0200,b3181029-81fc-491a-b750-6dc59ef155aa,2026-07-25T05:45:00Z,2026-07-25T07:45:00+0200,97.33,EUR/MWh,DK1,DK_1,day_ahead_price,value,2026-08-02T11:09:27Z
2026-08-02T11:05:08Z,2026-08-02T13:05:08+0200,b3181029-81fc-491a-b750-6dc59ef155aa,2026-07-25T06:00:00Z,2026-07-25T08:00:00+0200,122.44,EUR/MWh,DK1,DK_1,day_ahead_price,value,2026-08-02T11:09:27Z
2026-08-02T11:05:08Z,2026-08-02T13:05:08+0200,b3181029-81fc-491a-b750-6dc59ef155aa,2026-07-25T06:15:00Z,2026-07-25T08:15:00+0200,102.51,EUR/MWh,DK1,DK_1,day_ahead_price,value,2026-08-02T11:09:27Z
2026-08-02T11:05:08Z,2026-08-02T13:05:08+0200,b3181029-81fc-491a-b750-6dc59ef155aa,2026-07-25T06:30:00Z,2026-07-25T08:30:00+0200,79.8,EUR/MWh,DK1,DK_1,day_ahead_price,value,2026-08-02T11:09:27Z
2026-08-02T11:05:08Z,2026-08-02T13:05:08+0200,b3181029-81fc-491a-b750-6dc59ef155aa,2026-07-25T06:45:00Z,2026-07-25T08:45:00+0200,28.61,EUR/MWh,DK1,DK_1,day_ahead_price,value,2026-08-02T11:09:27Z
2026-08-02T11:05:08Z,2026-08-02T13:05:08+0200,b3181029-81fc-491a-b750-6dc59ef155aa,2026-07-25T07:00:00Z,2026-07-25T09:00:00+0200,39.62,EUR/MWh,DK1,DK_1,day_ahead_price,value,2026-08-02T11:09:27Z
2026-08-02T11:05:08Z,2026-08-02T13:05:08+0200,b3181029-81fc-491a-b750-6dc59ef155aa,2026-07-25T07:15:00Z,2026-07-25T09:15:00+0200,5.05,EUR/MWh,DK1,DK_1,day_ahead_price,value,2026-08-02T11:09:27Z
2026-08-02T11:05:08Z,2026-08-02T13:05:08+0200,b3181029-81fc-491a-b750-6dc59ef155aa,2026-07-25T07:30:00Z,2026-07-25T09:30:00+0200,0.01,EUR/MWh,DK1,DK_1,day_ahead_price,value,2026-08-02T11:09:27Z
2026-08-02T11:05:08Z,2026-08-02T13:05:08+0200,b3181029-81fc-491a-b750-6dc59ef155aa,2026-07-25T07:45:00Z,2026-07-25T09:45:00+0200,0.0,EUR/MWh,DK1,DK_1,day_ahead_price,value,2026-08-02T11:09:27Z
2026-08-02T11:05:08Z,2026-08-02T13:05:08+0200,b3181029-81fc-491a-b750-6dc59ef155aa,2026-07-25T08:00:00Z,2026-07-25T10:00:00+0200,0.0,EUR/MWh,DK1,DK_1,day_ahead_price,value,2026-08-02T11:09:27Z
2026-08-02T11:05:08Z,2026-08-02T13:05:08+0200,b3181029-81fc-491a-b750-6dc59ef155aa,2026-07-25T08:15:00Z,2026-07-25T10:15:00+0200,-0.01,EUR/MWh,DK1,DK_1,day_ahead_price,value,2026-08-02T11:09:27Z
2026-08-02T11:05:08Z,2026-08-02T13:05:08+0200,b3181029-81fc-491a-b750-6dc59ef155aa,2026-07-25T08:30:00Z,2026-07-25T10:30:00+0200,-0.07,EUR/MWh,DK1,DK_1,day_ahead_price,value,2026-08-02T11:09:27Z
2026-08-02T11:05:08Z,2026-08-02T13:05:08+0200,b3181029-81fc-491a-b750-6dc59ef155aa,2026-07-25T08:45:00Z,2026-07-25T10:45:00+0200,-0.39,EUR/MWh,DK1,DK_1,day_ahead_price,value,2026-08-02T11:09:27Z
2026-08-02T11:05:08Z,2026-08-02T13:05:08+0200,b3181029-81fc-491a-b750-6dc59ef155aa,2026-07-25T09:00:00Z,2026-07-25T11:00:00+0200,-0.82,EUR/MWh,DK1,DK_1,day_ahead_price,value,2026-08-02T11:09:27Z
2026-08-02T11:05:08Z,2026-08-02T13:05:08+0200,b3181029-81fc-491a-b750-6dc59ef155aa,2026-07-25T09:15:00Z,2026-07-25T11:15:00+0200,-1.19,EUR/MWh,DK1,DK_1,day_ahead_price,value,2026-08-02T11:09:27Z
2026-08-02T11:05:08Z,2026-08-02T13:05:08+0200,b3181029-81fc-491a-b750-6dc59ef155aa,2026-07-25T09:30:00Z,2026-07-25T11:30:00+0200,-3.41,EUR/MWh,DK1,DK_1,day_ahead_price,value,2026-08-02T11:09:27Z
2026-08-02T11:05:08Z,2026-08-02T13:05:08+0200,b3181029-81fc-491a-b750-6dc59ef155aa,2026-07-25T09:45:00Z,2026-07-25T11:45:00+0200,-5.01,EUR/MWh,DK1,DK_1,day_ahead_price,value,2026-08-02T11:09:27Z
2026-08-02T11:05:08Z,2026-08-02T13:05:08+0200,b3181029-81fc-491a-b750-6dc59ef155aa,2026-07-25T10:00:00Z,2026-07-25T12:00:00+0200,-4.41,EUR/MWh,DK1,DK_1,day_ahead_price,value,2026-08-02T11:09:27Z
2026-08-02T11:05:08Z,2026-08-02T13:05:08+0200,b3181029-81fc-491a-b750-6dc59ef155aa,2026-07-25T10:15:00Z,2026-07-25T12:15:00+0200,-4.6,EUR/MWh,DK1,DK_1,day_ahead_price,value,2026-08-02T11:09:27Z
2026-08-02T11:05:08Z,2026-08-02T13:05:08+0200,b3181029-81fc-491a-b750-6dc59ef155aa,2026-07-25T10:30:00Z,2026-07-25T12:30:00+0200,-5.12,EUR/MWh,DK1,DK_1,day_ahead_price,value,2026-08-02T11:09:27Z
2026-08-02T11:05:08Z,2026-08-02T13:05:08+0200,b3181029-81fc-491a-b750-6dc59ef155aa,2026-07-25T10:45:00Z,2026-07-25T12:45:00+0200,-7.89,EUR/MWh,DK1,DK_1,day_ahead_price,value,2026-08-02T11:09:27Z
2026-08-02T11:05:08Z,2026-08-02T13:05:08+0200,b3181029-81fc-491a-b750-6dc59ef155aa,2026-07-25T11:00:00Z,2026-07-25T13:00:00+0200,-6.68,EUR/MWh,DK1,DK_1,day_ahead_price,value,2026-08-02T11:09:27Z
2026-08-02T11:05:08Z,2026-08-02T13:05:08+0200,b3181029-81fc-491a-b750-6dc59ef155aa,2026-07-25T11:15:00Z,2026-07-25T13:15:00+0200,-7.03,EUR/MWh,DK1,DK_1,day_ahead_price,value,2026-08-02T11:09:27Z
2026-08-02T11:05:08Z,2026-08-02T13:05:08+0200,b3181029-81fc-491a-b750-6dc59ef155aa,2026-07-25T11:30:00Z,2026-07-25T13:30:00+0200,-7.54,EUR/MWh,DK1,DK_1,day_ahead_price,value,2026-08-02T11:09:27Z
2026-08-02T11:05:08Z,2026-08-02T13:05:08+0200,b3181029-81fc-491a-b750-6dc59ef155aa,2026-07-25T11:45:00Z,2026-07-25T13:45:00+0200,-10.75,EUR/MWh,DK1,DK_1,day_ahead_price,value,2026-08-02T11:09:27Z
2026-08-02T11:05:08Z,2026-08-02T13:05:08+0200,b3181029-81fc-491a-b750-6dc59ef155aa,2026-07-25T12:00:00Z,2026-07-25T14:00:00+0200,-15.49,EUR/MWh,DK1,DK_1,day_ahead_price,value,2026-08-02T11:09:27Z
2026-08-02T11:05:08Z,2026-08-02T13:05:08+0200,b3181029-81fc-491a-b750-6dc59ef155aa,2026-07-25T12:15:00Z,2026-07-25T14:15:00+0200,-14.85,EUR/MWh,DK1,DK_1,day_ahead_price,value,2026-08-02T11:09:27Z
2026-08-02T11:05:08Z,2026-08-02T13:05:08+0200,b3181029-81fc-491a-b750-6dc59ef155aa,2026-07-25T12:30:00Z,2026-07-25T14:30:00+0200,-12.33,EUR/MWh,DK1,DK_1,day_ahead_price,value,2026-08-02T11:09:27Z
2026-08-02T11:05:08Z,2026-08-02T13:05:08+0200,b3181029-81fc-491a-b750-6dc59ef155aa,2026-07-25T12:45:00Z,2026-07-25T14:45:00+0200,-8.01,EUR/MWh,DK1,DK_1,day_ahead_price,value,2026-08-02T11:09:27Z
2026-08-02T11:05:08Z,2026-08-02T13:05:08+0200,b3181029-81fc-491a-b750-6dc59ef155aa,2026-07-25T13:00:00Z,2026-07-25T15:00:00+0200,-6.42,EUR/MWh,DK1,DK_1,day_ahead_price,value,2026-08-02T11:09:27Z
2026-08-02T11:05:08Z,2026-08-02T13:05:08+0200,b3181029-81fc-491a-b750-6dc59ef155aa,2026-07-25T13:15:00Z,2026-07-25T15:15:00+0200,-3.67,EUR/MWh,DK1,DK_1,day_ahead_price,value,2026-08-02T11:09:27Z
2026-08-02T11:05:08Z,2026-08-02T13:05:08+0200,b3181029-81fc-491a-b750-6dc59ef155aa,2026-07-25T13:30:00Z,2026-07-25T15:30:00+0200,-2.02,EUR/MWh,DK1,DK_1,day_ahead_price,value,2026-08-02T11:09:27Z
2026-08-02T11:05:08Z,2026-08-02T13:05:08+0200,b3181029-81fc-491a-b750-6dc59ef155aa,2026-07-25T13:45:00Z,2026-07-25T15:45:00+0200,-1.2,EUR/MWh,DK1,DK_1,day_ahead_price,value,2026-08-02T11:09:27Z
2026-08-02T11:05:08Z,2026-08-02T13:05:08+0200,b3181029-81fc-491a-b750-6dc59ef155aa,2026-07-25T14:00:00Z,2026-07-25T16:00:00+0200,-1.07,EUR/MWh,DK1,DK_1,day_ahead_price,value,2026-08-02T11:09:27Z
2026-08-02T11:05:08Z,2026-08-02T13:05:08+0200,b3181029-81fc-491a-b750-6dc59ef155aa,2026-07-25T14:15:00Z,2026-07-25T16:15:00+0200,-0.12,EUR/MWh,DK1,DK_1,day_ahead_price,value,2026-08-02T11:09:27Z
2026-08-02T11:05:08Z,2026-08-02T13:05:08+0200,b3181029-81fc-491a-b750-6dc59ef155aa,2026-07-25T14:30:00Z,2026-07-25T16:30:00+0200,-0.09,EUR/MWh,DK1,DK_1,day_ahead_price,value,2026-08-02T11:09:27Z
2026-08-02T11:05:08Z,2026-08-02T13:05:08+0200,b3181029-81fc-491a-b750-6dc59ef155aa,2026-07-25T14:45:00Z,2026-07-25T16:45:00+0200,-0.01,EUR/MWh,DK1,DK_1,day_ahead_price,value,2026-08-02T11:09:27Z
2026-08-02T11:05:08Z,2026-08-02T13:05:08+0200,b3181029-81fc-491a-b750-6dc59ef155aa,2026-07-25T15:00:00Z,2026-07-25T17:00:00+0200,-0.01,EUR/MWh,DK1,DK_1,day_ahead_price,value,2026-08-02T11:09:27Z
2026-08-02T11:05:08Z,2026-08-02T13:05:08+0200,b3181029-81fc-491a-b750-6dc59ef155aa,2026-07-25T15:15:00Z,2026-07-25T17:15:00+0200,0.01,EUR/MWh,DK1,DK_1,day_ahead_price,value,2026-08-02T11:09:27Z
2026-08-02T11:05:08Z,2026-08-02T13:05:08+0200,b3181029-81fc-491a-b750-6dc59ef155aa,2026-07-25T15:30:00Z,2026-07-25T17:30:00+0200,3.06,EUR/MWh,DK1,DK_1,day_ahead_price,value,2026-08-02T11:09:27Z
2026-08-02T11:05:08Z,2026-08-02T13:05:08+0200,b3181029-81fc-491a-b750-6dc59ef155aa,2026-07-25T15:45:00Z,2026-07-25T17:45:00+0200,42.42,EUR/MWh,DK1,DK_1,day_ahead_price,value,2026-08-02T11:09:27Z
2026-08-02T11:05:08Z,2026-08-02T13:05:08+0200,b3181029-81fc-491a-b750-6dc59ef155aa,2026-07-25T16:00:00Z,2026-07-25T18:00:00+0200,22.24,EUR/MWh,DK1,DK_1,day_ahead_price,value,2026-08-02T11:09:27Z
2026-08-02T11:05:08Z,2026-08-02T13:05:08+0200,b3181029-81fc-491a-b750-6dc59ef155aa,2026-07-25T16:15:00Z,2026-07-25T18:15:00+0200,98.16,EUR/MWh,DK1,DK_1,day_ahead_price,value,2026-08-02T11:09:27Z
2026-08-02T11:05:08Z,2026-08-02T13:05:08+0200,b3181029-81fc-491a-b750-6dc59ef155aa,2026-07-25T16:30:00Z,2026-07-25T18:30:00+0200,118.02,EUR/MWh,DK1,DK_1,day_ahead_price,value,2026-08-02T11:09:27Z
2026-08-02T11:05:08Z,2026-08-02T13:05:08+0200,b3181029-81fc-491a-b750-6dc59ef155aa,2026-07-25T16:45:00Z,2026-07-25T18:45:00+0200,125.05,EUR/MWh,DK1,DK_1,day_ahead_price,value,2026-08-02T11:09:27Z
2026-08-02T11:05:08Z,2026-08-02T13:05:08+0200,b3181029-81fc-491a-b750-6dc59ef155aa,2026-07-25T17:00:00Z,2026-07-25T19:00:00+0200,138.92,EUR/MWh,DK1,DK_1,day_ahead_price,value,2026-08-02T11:09:27Z
2026-08-02T11:05:08Z,2026-08-02T13:05:08+0200,b3181029-81fc-491a-b750-6dc59ef155aa,2026-07-25T17:15:00Z,2026-07-25T19:15:00+0200,138.17,EUR/MWh,DK1,DK_1,day_ahead_price,value,2026-08-02T11:09:27Z
2026-08-02T11:05:08Z,2026-08-02T13:05:08+0200,b3181029-81fc-491a-b750-6dc59ef155aa,2026-07-25T17:30:00Z,2026-07-25T19:30:00+0200,139.6,EUR/MWh,DK1,DK_1,day_ahead_price,value,2026-08-02T11:09:27Z
2026-08-02T11:05:08Z,2026-08-02T13:05:08+0200,b3181029-81fc-491a-b750-6dc59ef155aa,2026-07-25T17:45:00Z,2026-07-25T19:45:00+0200,147.5,EUR/MWh,DK1,DK_1,day_ahead_price,value,2026-08-02T11:09:27Z
2026-08-02T11:05:08Z,2026-08-02T13:05:08+0200,b3181029-81fc-491a-b750-6dc59ef155aa,2026-07-25T18:00:00Z,2026-07-25T20:00:00+0200,159.63,EUR/MWh,DK1,DK_1,day_ahead_price,value,2026-08-02T11:09:27Z
2026-08-02T11:05:08Z,2026-08-02T13:05:08+0200,b3181029-81fc-491a-b750-6dc59ef155aa,2026-07-25T18:15:00Z,2026-07-25T20:15:00+0200,155.81,EUR/MWh,DK1,DK_1,day_ahead_price,value,2026-08-02T11:09:27Z
2026-08-02T11:05:08Z,2026-08-02T13:05:08+0200,b3181029-81fc-491a-b750-6dc59ef155aa,2026-07-25T18:30:00Z,2026-07-25T20:30:00+0200,153.31,EUR/MWh,DK1,DK_1,day_ahead_price,value,2026-08-02T11:09:27Z
2026-08-02T11:05:08Z,2026-08-02T13:05:08+0200,b3181029-81fc-491a-b750-6dc59ef155aa,2026-07-25T18:45:00Z,2026-07-25T20:45:00+0200,156.78,EUR/MWh,DK1,DK_1,day_ahead_price,value,2026-08-02T11:09:27Z
2026-08-02T11:05:08Z,2026-08-02T13:05:08+0200,b3181029-81fc-491a-b750-6dc59ef155aa,2026-07-25T19:00:00Z,2026-07-25T21:00:00+0200,175.53,EUR/MWh,DK1,DK_1,day_ahead_price,value,2026-08-02T11:09:27Z
2026-08-02T11:05:08Z,2026-08-02T13:05:08+0200,b3181029-81fc-491a-b750-6dc59ef155aa,2026-07-25T19:15:00Z,2026-07-25T21:15:00+0200,169.99,EUR/MWh,DK1,DK_1,day_ahead_price,value,2026-08-02T11:09:27Z
2026-08-02T11:05:08Z,2026-08-02T13:05:08+0200,b3181029-81fc-491a-b750-6dc59ef155aa,2026-07-25T19:30:00Z,2026-07-25T21:30:00+0200,165.5,EUR/MWh,DK1,DK_1,day_ahead_price,value,2026-08-02T11:09:27Z
2026-08-02T11:05:08Z,2026-08-02T13:05:08+0200,b3181029-81fc-491a-b750-6dc59ef155aa,2026-07-25T19:45:00Z,2026-07-25T21:45:00+0200,164.78,EUR/MWh,DK1,DK_1,day_ahead_price,value,2026-08-02T11:09:27Z
2026-08-02T11:05:08Z,2026-08-02T13:05:08+0200,b3181029-81fc-491a-b750-6dc59ef155aa,2026-07-25T20:00:00Z,2026-07-25T22:00:00+0200,173.22,EUR/MWh,DK1,DK_1,day_ahead_price,value,2026-08-02T11:09:27Z
2026-08-02T11:05:08Z,2026-08-02T13:05:08+0200,b3181029-81fc-491a-b750-6dc59ef155aa,2026-07-25T20:15:00Z,2026-07-25T22:15:00+0200,165.16,EUR/MWh,DK1,DK_1,day_ahead_price,value,2026-08-02T11:09:27Z
2026-08-02T11:05:08Z,2026-08-02T13:05:08+0200,b3181029-81fc-491a-b750-6dc59ef155aa,2026-07-25T20:30:00Z,2026-07-25T22:30:00+0200,164.99,EUR/MWh,DK1,DK_1,day_ahead_price,value,2026-08-02T11:09:27Z
2026-08-02T11:05:08Z,2026-08-02T13:05:08+0200,b3181029-81fc-491a-b750-6dc59ef155aa,2026-07-25T20:45:00Z,2026-07-25T22:45:00+0200,158.56,EUR/MWh,DK1,DK_1,day_ahead_price,value,2026-08-02T11:09:27Z
2026-08-02T11:05:08Z,2026-08-02T13:05:08+0200,b3181029-81fc-491a-b750-6dc59ef155aa,2026-07-25T21:00:00Z,2026-07-25T23:00:00+0200,166.84,EUR/MWh,DK1,DK_1,day_ahead_price,value,2026-08-02T11:09:27Z
2026-08-02T11:05:08Z,2026-08-02T13:05:08+0200,b3181029-81fc-491a-b750-6dc59ef155aa,2026-07-25T21:15:00Z,2026-07-25T23:15:00+0200,160.33,EUR/MWh,DK1,DK_1,day_ahead_price,value,2026-08-02T11:09:27Z
2026-08-02T11:05:08Z,2026-08-02T13:05:08+0200,b3181029-81fc-491a-b750-6dc59ef155aa,2026-07-25T21:30:00Z,2026-07-25T23:30:00+0200,160.64,EUR/MWh,DK1,DK_1,day_ahead_price,value,2026-08-02T11:09:27Z
2026-08-02T11:05:08Z,2026-08-02T13:05:08+0200,b3181029-81fc-491a-b750-6dc59ef155aa,2026-07-25T21:45:00Z,2026-07-25T23:45:00+0200,152.19,EUR/MWh,DK1,DK_1,day_ahead_price,value,2026-08-02T11:09:27Z
2026-08-02T11:05:08Z,2026-08-02T13:05:08+0200,b3181029-81fc-491a-b750-6dc59ef155aa,2026-07-25T22:00:00Z,2026-07-26T00:00:00+0200,148.26,EUR/MWh,DK1,DK_1,day_ahead_price,value,2026-08-02T11:09:27Z
2026-08-02T11:05:08Z,2026-08-02T13:05:08+0200,b3181029-81fc-491a-b750-6dc59ef155aa,2026-07-25T22:15:00Z,2026-07-26T00:15:00+0200,154.27,EUR/MWh,DK1,DK_1,day_ahead_price,value,2026-08-02T11:09:27Z
2026-08-02T11:05:08Z,2026-08-02T13:05:08+0200,b3181029-81fc-491a-b750-6dc59ef155aa,2026-07-25T22:30:00Z,2026-07-26T00:30:00+0200,154.69,EUR/MWh,DK1,DK_1,day_ahead_price,value,2026-08-02T11:09:27Z
2026-08-02T11:05:08Z,2026-08-02T13:05:08+0200,b3181029-81fc-491a-b750-6dc59ef155aa,2026-07-25T22:45:00Z,2026-07-26T00:45:00+0200,153.64,EUR/MWh,DK1,DK_1,day_ahead_price,value,2026-08-02T11:09:27Z
2026-08-02T11:05:08Z,2026-08-02T13:05:08+0200,b3181029-81fc-491a-b750-6dc59ef155aa,2026-07-25T23:00:00Z,2026-07-26T01:00:00+0200,151.43,EUR/MWh,DK1,DK_1,day_ahead_price,value,2026-08-02T11:09:27Z
2026-08-02T11:05:08Z,2026-08-02T13:05:08+0200,b3181029-81fc-491a-b750-6dc59ef155aa,2026-07-25T23:15:00Z,2026-07-26T01:15:00+0200,150.36,EUR/MWh,DK1,DK_1,day_ahead_price,value,2026-08-02T11:09:27Z
2026-08-02T11:05:08Z,2026-08-02T13:05:08+0200,b3181029-81fc-491a-b750-6dc59ef155aa,2026-07-25T23:30:00Z,2026-07-26T01:30:00+0200,144.81,EUR/MWh,DK1,DK_1,day_ahead_price,value,2026-08-02T11:09:27Z
2026-08-02T11:05:08Z,2026-08-02T13:05:08+0200,b3181029-81fc-491a-b750-6dc59ef155aa,2026-07-25T23:45:00Z,2026-07-26T01:45:00+0200,144.52,EUR/MWh,DK1,DK_1,day_ahead_price,value,2026-08-02T11:09:27Z
2026-08-02T11:05:08Z,2026-08-02T13:05:08+0200,b3181029-81fc-491a-b750-6dc59ef155aa,2026-07-26T00:00:00Z,2026-07-26T02:00:00+0200,144.84,EUR/MWh,DK1,DK_1,day_ahead_price,value,2026-08-02T11:09:27Z
2026-08-02T11:05:08Z,2026-08-02T13:05:08+0200,b3181029-81fc-491a-b750-6dc59ef155aa,2026-07-26T00:15:00Z,2026-07-26T02:15:00+0200,144.93,EUR/MWh,DK1,DK_1,day_ahead_price,value,2026-08-02T11:09:27Z
2026-08-02T11:05:08Z,2026-08-02T13:05:08+0200,b3181029-81fc-491a-b750-6dc59ef155aa,2026-07-26T00:30:00Z,2026-07-26T02:30:00+0200,147.84,EUR/MWh,DK1,DK_1,day_ahead_price,value,2026-08-02T11:09:27Z
2026-08-02T11:05:08Z,2026-08-02T13:05:08+0200,b3181029-81fc-491a-b750-6dc59ef155aa,2026-07-26T00:45:00Z,2026-07-26T02:45:00+0200,150.39,EUR/MWh,DK1,DK_1,day_ahead_price,value,2026-08-02T11:09:27Z
2026-08-02T11:05:08Z,2026-08-02T13:05:08+0200,b3181029-81fc-491a-b750-6dc59ef155aa,2026-07-26T01:00:00Z,2026-07-26T03:00:00+0200,147.06,EUR/MWh,DK1,DK_1,day_ahead_price,value,2026-08-02T11:09:27Z
2026-08-02T11:05:08Z,2026-08-02T13:05:08+0200,b3181029-81fc-491a-b750-6dc59ef155aa,2026-07-26T01:15:00Z,2026-07-26T03:15:00+0200,153.28,EUR/MWh,DK1,DK_1,day_ahead_price,value,2026-08-02T11:09:27Z
2026-08-02T11:05:08Z,2026-08-02T13:05:08+0200,b3181029-81fc-491a-b750-6dc59ef155aa,2026-07-26T01:30:00Z,2026-07-26T03:30:00+0200,151.32,EUR/MWh,DK1,DK_1,day_ahead_price,value,2026-08-02T11:09:27Z
2026-08-02T11:05:08Z,2026-08-02T13:05:08+0200,b3181029-81fc-491a-b750-6dc59ef155aa,2026-07-26T01:45:00Z,2026-07-26T03:45:00+0200,149.0,EUR/MWh,DK1,DK_1,day_ahead_price,value,2026-08-02T11:09:27Z
2026-08-02T11:05:08Z,2026-08-02T13:05:08+0200,b3181029-81fc-491a-b750-6dc59ef155aa,2026-07-26T02:00:00Z,2026-07-26T04:00:00+0200,152.31,EUR/MWh,DK1,DK_1,day_ahead_price,value,2026-08-02T11:09:27Z
2026-08-02T11:05:08Z,2026-08-02T13:05:08+0200,b3181029-81fc-491a-b750-6dc59ef155aa,2026-07-26T02:15:00Z,2026-07-26T04:15:00+0200,143.99,EUR/MWh,DK1,DK_1,day_ahead_price,value,2026-08-02T11:09:27Z
2026-08-02T11:05:08Z,2026-08-02T13:05:08+0200,b3181029-81fc-491a-b750-6dc59ef155aa,2026-07-26T02:30:00Z,2026-07-26T04:30:00+0200,142.27,EUR/MWh,DK1,DK_1,day_ahead_price,value,2026-08-02T11:09:27Z
2026-08-02T11:05:08Z,2026-08-02T13:05:08+0200,b3181029-81fc-491a-b750-6dc59ef155aa,2026-07-26T02:45:00Z,2026-07-26T04:45:00+0200,140.15,EUR/MWh,DK1,DK_1,day_ahead_price,value,2026-08-02T11:09:27Z
2026-08-02T11:05:08Z,2026-08-02T13:05:08+0200,b3181029-81fc-491a-b750-6dc59ef155aa,2026-07-26T03:00:00Z,2026-07-26T05:00:00+0200,138.04,EUR/MWh,DK1,DK_1,day_ahead_price,value,2026-08-02T11:09:27Z
2026-08-02T11:05:08Z,2026-08-02T13:05:08+0200,b3181029-81fc-491a-b750-6dc59ef155aa,2026-07-26T03:15:00Z,2026-07-26T05:15:00+0200,137.28,EUR/MWh,DK1,DK_1,day_ahead_price,value,2026-08-02T11:09:27Z
2026-08-02T11:05:08Z,2026-08-02T13:05:08+0200,b3181029-81fc-491a-b750-6dc59ef155aa,2026-07-26T03:30:00Z,2026-07-26T05:30:00+0200,135.85,EUR/MWh,DK1,DK_1,day_ahead_price,value,2026-08-02T11:09:27Z
2026-08-02T11:05:08Z,2026-08-02T13:05:08+0200,b3181029-81fc-491a-b750-6dc59ef155aa,2026-07-26T03:45:00Z,2026-07-26T05:45:00+0200,134.0,EUR/MWh,DK1,DK_1,day_ahead_price,value,2026-08-02T11:09:27Z
2026-08-02T11:05:08Z,2026-08-02T13:05:08+0200,b3181029-81fc-491a-b750-6dc59ef155aa,2026-07-26T04:00:00Z,2026-07-26T06:00:00+0200,133.51,EUR/MWh,DK1,DK_1,day_ahead_price,value,2026-08-02T11:09:27Z
2026-08-02T11:05:08Z,2026-08-02T13:05:08+0200,b3181029-81fc-491a-b750-6dc59ef155aa,2026-07-26T04:15:00Z,2026-07-26T06:15:00+0200,126.61,EUR/MWh,DK1,DK_1,day_ahead_price,value,2026-08-02T11:09:27Z
2026-08-02T11:05:08Z,2026-08-02T13:05:08+0200,b3181029-81fc-491a-b750-6dc59ef155aa,2026-07-26T04:30:00Z,2026-07-26T06:30:00+0200,121.42,EUR/MWh,DK1,DK_1,day_ahead_price,value,2026-08-02T11:09:27Z
2026-08-02T11:05:08Z,2026-08-02T13:05:08+0200,b3181029-81fc-491a-b750-6dc59ef155aa,2026-07-26T04:45:00Z,2026-07-26T06:45:00+0200,113.92,EUR/MWh,DK1,DK_1,day_ahead_price,value,2026-08-02T11:09:27Z
2026-08-02T11:05:08Z,2026-08-02T13:05:08+0200,b3181029-81fc-491a-b750-6dc59ef155aa,2026-07-26T05:00:00Z,2026-07-26T07:00:00+0200,118.93,EUR/MWh,DK1,DK_1,day_ahead_price,value,2026-08-02T11:09:27Z
2026-08-02T11:05:08Z,2026-08-02T13:05:08+0200,b3181029-81fc-491a-b750-6dc59ef155aa,2026-07-26T05:15:00Z,2026-07-26T07:15:00+0200,112.82,EUR/MWh,DK1,DK_1,day_ahead_price,value,2026-08-02T11:09:27Z
2026-08-02T11:05:08Z,2026-08-02T13:05:08+0200,b3181029-81fc-491a-b750-6dc59ef155aa,2026-07-26T05:30:00Z,2026-07-26T07:30:00+0200,107.01,EUR/MWh,DK1,DK_1,day_ahead_price,value,2026-08-02T11:09:27Z
2026-08-02T11:05:08Z,2026-08-02T13:05:08+0200,b3181029-81fc-491a-b750-6dc59ef155aa,2026-07-26T05:45:00Z,2026-07-26T07:45:00+0200,101.53,EUR/MWh,DK1,DK_1,day_ahead_price,value,2026-08-02T11:09:27Z
2026-08-02T11:05:08Z,2026-08-02T13:05:08+0200,b3181029-81fc-491a-b750-6dc59ef155aa,2026-07-26T06:00:00Z,2026-07-26T08:00:00+0200,111.66,EUR/MWh,DK1,DK_1,day_ahead_price,value,2026-08-02T11:09:27Z
2026-08-02T11:05:08Z,2026-08-02T13:05:08+0200,b3181029-81fc-491a-b750-6dc59ef155aa,2026-07-26T06:15:00Z,2026-07-26T08:15:00+0200,112.96,EUR/MWh,DK1,DK_1,day_ahead_price,value,2026-08-02T11:09:27Z
2026-08-02T11:05:08Z,2026-08-02T13:05:08+0200,b3181029-81fc-491a-b750-6dc59ef155aa,2026-07-26T06:30:00Z,2026-07-26T08:30:00+0200,113.33,EUR/MWh,DK1,DK_1,day_ahead_price,value,2026-08-02T11:09:27Z
2026-08-02T11:05:08Z,2026-08-02T13:05:08+0200,b3181029-81fc-491a-b750-6dc59ef155aa,2026-07-26T06:45:00Z,2026-07-26T08:45:00+0200,95.89,EUR/MWh,DK1,DK_1,day_ahead_price,value,2026-08-02T11:09:27Z
2026-08-02T11:05:08Z,2026-08-02T13:05:08+0200,b3181029-81fc-491a-b750-6dc59ef155aa,2026-07-26T07:00:00Z,2026-07-26T09:00:00+0200,122.74,EUR/MWh,DK1,DK_1,day_ahead_price,value,2026-08-02T11:09:27Z
2026-08-02T11:05:08Z,2026-08-02T13:05:08+0200,b3181029-81fc-491a-b750-6dc59ef155aa,2026-07-26T07:15:00Z,2026-07-26T09:15:00+0200,99.81,EUR/MWh,DK1,DK_1,day_ahead_price,value,2026-08-02T11:09:27Z
2026-08-02T11:05:08Z,2026-08-02T13:05:08+0200,b3181029-81fc-491a-b750-6dc59ef155aa,2026-07-26T07:30:00Z,2026-07-26T09:30:00+0200,66.92,EUR/MWh,DK1,DK_1,day_ahead_price,value,2026-08-02T11:09:27Z
2026-08-02T11:05:08Z,2026-08-02T13:05:08+0200,b3181029-81fc-491a-b750-6dc59ef155aa,2026-07-26T07:45:00Z,2026-07-26T09:45:00+0200,16.2,EUR/MWh,DK1,DK_1,day_ahead_price,value,2026-08-02T11:09:27Z
2026-08-02T11:05:08Z,2026-08-02T13:05:08+0200,b3181029-81fc-491a-b750-6dc59ef155aa,2026-07-26T08:00:00Z,2026-07-26T10:00:00+0200,36.88,EUR/MWh,DK1,DK_1,day_ahead_price,value,2026-08-02T11:09:27Z
2026-08-02T11:05:08Z,2026-08-02T13:05:08+0200,b3181029-81fc-491a-b750-6dc59ef155aa,2026-07-26T08:15:00Z,2026-07-26T10:15:00+0200,9.1,EUR/MWh,DK1,DK_1,day_ahead_price,value,2026-08-02T11:09:27Z
2026-08-02T11:05:08Z,2026-08-02T13:05:08+0200,b3181029-81fc-491a-b750-6dc59ef155aa,2026-07-26T08:30:00Z,2026-07-26T10:30:00+0200,0.14,EUR/MWh,DK1,DK_1,day_ahead_price,value,2026-08-02T11:09:27Z
2026-08-02T11:05:08Z,2026-08-02T13:05:08+0200,b3181029-81fc-491a-b750-6dc59ef155aa,2026-07-26T08:45:00Z,2026-07-26T10:45:00+0200,0.0,EUR/MWh,DK1,DK_1,day_ahead_price,value,2026-08-02T11:09:27Z
2026-08-02T11:05:08Z,2026-08-02T13:05:08+0200,b3181029-81fc-491a-b750-6dc59ef155aa,2026-07-26T09:00:00Z,2026-07-26T11:00:00+0200,0.0,EUR/MWh,DK1,DK_1,day_ahead_price,value,2026-08-02T11:09:27Z
2026-08-02T11:05:08Z,2026-08-02T13:05:08+0200,b3181029-81fc-491a-b750-6dc59ef155aa,2026-07-26T09:15:00Z,2026-07-26T11:15:00+0200,0.0,EUR/MWh,DK1,DK_1,day_ahead_price,value,2026-08-02T11:09:27Z
2026-08-02T11:05:08Z,2026-08-02T13:05:08+0200,b3181029-81fc-491a-b750-6dc59ef155aa,2026-07-26T09:30:00Z,2026-07-26T11:30:00+0200,-0.01,EUR/MWh,DK1,DK_1,day_ahead_price,value,2026-08-02T11:09:27Z
2026-08-02T11:05:08Z,2026-08-02T13:05:08+0200,b3181029-81fc-491a-b750-6dc59ef155aa,2026-07-26T09:45:00Z,2026-07-26T11:45:00+0200,0.0,EUR/MWh,DK1,DK_1,day_ahead_price,value,2026-08-02T11:09:27Z
2026-08-02T11:05:08Z,2026-08-02T13:05:08+0200,b3181029-81fc-491a-b750-6dc59ef155aa,2026-07-26T10:00:00Z,2026-07-26T12:00:00+0200,-0.03,EUR/MWh,DK1,DK_1,day_ahead_price,value,2026-08-02T11:09:27Z
2026-08-02T11:05:08Z,2026-08-02T13:05:08+0200,b3181029-81fc-491a-b750-6dc59ef155aa,2026-07-26T10:15:00Z,2026-07-26T12:15:00+0200,-0.03,EUR/MWh,DK1,DK_1,day_ahead_price,value,2026-08-02T11:09:27Z
2026-08-02T11:05:08Z,2026-08-02T13:05:08+0200,b3181029-81fc-491a-b750-6dc59ef155aa,2026-07-26T10:30:00Z,2026-07-26T12:30:00+0200,-0.01,EUR/MWh,DK1,DK_1,day_ahead_price,value,2026-08-02T11:09:27Z
2026-08-02T11:05:08Z,2026-08-02T13:05:08+0200,b3181029-81fc-491a-b750-6dc59ef155aa,2026-07-26T10:45:00Z,2026-07-26T12:45:00+0200,-0.01,EUR/MWh,DK1,DK_1,day_ahead_price,value,2026-08-02T11:09:27Z
2026-08-02T11:05:08Z,2026-08-02T13:05:08+0200,b3181029-81fc-491a-b750-6dc59ef155aa,2026-07-26T11:00:00Z,2026-07-26T13:00:00+0200,-0.01,EUR/MWh,DK1,DK_1,day_ahead_price,value,2026-08-02T11:09:27Z
2026-08-02T11:05:08Z,2026-08-02T13:05:08+0200,b3181029-81fc-491a-b750-6dc59ef155aa,2026-07-26T11:15:00Z,2026-07-26T13:15:00+0200,-0.01,EUR/MWh,DK1,DK_1,day_ahead_price,value,2026-08-02T11:09:27Z
2026-08-02T11:05:08Z,2026-08-02T13:05:08+0200,b3181029-81fc-491a-b750-6dc59ef155aa,2026-07-26T11:30:00Z,2026-07-26T13:30:00+0200,0.0,EUR/MWh,DK1,DK_1,day_ahead_price,value,2026-08-02T11:09:27Z
2026-08-02T11:05:08Z,2026-08-02T13:05:08+0200,b3181029-81fc-491a-b750-6dc59ef155aa,2026-07-26T11:45:00Z,2026-07-26T13:45:00+0200,0.0,EUR/MWh,DK1,DK_1,day_ahead_price,value,2026-08-02T11:09:27Z
2026-08-02T11:05:08Z,2026-08-02T13:05:08+0200,b3181029-81fc-491a-b750-6dc59ef155aa,2026-07-26T12:00:00Z,2026-07-26T14:00:00+0200,0.24,EUR/MWh,DK1,DK_1,day_ahead_price,value,2026-08-02T11:09:27Z
2026-08-02T11:05:08Z,2026-08-02T13:05:08+0200,b3181029-81fc-491a-b750-6dc59ef155aa,2026-07-26T12:15:00Z,2026-07-26T14:15:00+0200,0.23,EUR/MWh,DK1,DK_1,day_ahead_price,value,2026-08-02T11:09:27Z
2026-08-02T11:05:08Z,2026-08-02T13:05:08+0200,b3181029-81fc-491a-b750-6dc59ef155aa,2026-07-26T12:30:00Z,2026-07-26T14:30:00+0200,0.24,EUR/MWh,DK1,DK_1,day_ahead_price,value,2026-08-02T11:09:27Z
2026-08-02T11:05:08Z,2026-08-02T13:05:08+0200,b3181029-81fc-491a-b750-6dc59ef155aa,2026-07-26T12:45:00Z,2026-07-26T14:45:00+0200,0.25,EUR/MWh,DK1,DK_1,day_ahead_price,value,2026-08-02T11:09:27Z
2026-08-02T11:05:08Z,2026-08-02T13:05:08+0200,b3181029-81fc-491a-b750-6dc59ef155aa,2026-07-26T13:00:00Z,2026-07-26T15:00:00+0200,0.39,EUR/MWh,DK1,DK_1,day_ahead_price,value,2026-08-02T11:09:27Z
2026-08-02T11:05:08Z,2026-08-02T13:05:08+0200,b3181029-81fc-491a-b750-6dc59ef155aa,2026-07-26T13:15:00Z,2026-07-26T15:15:00+0200,0.42,EUR/MWh,DK1,DK_1,day_ahead_price,value,2026-08-02T11:09:27Z
2026-08-02T11:05:08Z,2026-08-02T13:05:08+0200,b3181029-81fc-491a-b750-6dc59ef155aa,2026-07-26T13:30:00Z,2026-07-26T15:30:00+0200,0.5,EUR/MWh,DK1,DK_1,day_ahead_price,value,2026-08-02T11:09:27Z
2026-08-02T11:05:08Z,2026-08-02T13:05:08+0200,b3181029-81fc-491a-b750-6dc59ef155aa,2026-07-26T13:45:00Z,2026-07-26T15:45:00+0200,1.2,EUR/MWh,DK1,DK_1,day_ahead_price,value,2026-08-02T11:09:27Z
2026-08-02T11:05:08Z,2026-08-02T13:05:08+0200,b3181029-81fc-491a-b750-6dc59ef155aa,2026-07-26T14:00:00Z,2026-07-26T16:00:00+0200,0.1,EUR/MWh,DK1,DK_1,day_ahead_price,value,2026-08-02T11:09:27Z
2026-08-02T11:05:08Z,2026-08-02T13:05:08+0200,b3181029-81fc-491a-b750-6dc59ef155aa,2026-07-26T14:15:00Z,2026-07-26T16:15:00+0200,2.0,EUR/MWh,DK1,DK_1,day_ahead_price,value,2026-08-02T11:09:27Z
2026-08-02T11:05:08Z,2026-08-02T13:05:08+0200,b3181029-81fc-491a-b750-6dc59ef155aa,2026-07-26T14:30:00Z,2026-07-26T16:30:00+0200,5.74,EUR/MWh,DK1,DK_1,day_ahead_price,value,2026-08-02T11:09:27Z
2026-08-02T11:05:08Z,2026-08-02T13:05:08+0200,b3181029-81fc-491a-b750-6dc59ef155aa,2026-07-26T14:45:00Z,2026-07-26T16:45:00+0200,29.03,EUR/MWh,DK1,DK_1,day_ahead_price,value,2026-08-02T11:09:27Z
2026-08-02T11:05:08Z,2026-08-02T13:05:08+0200,b3181029-81fc-491a-b750-6dc59ef155aa,2026-07-26T15:00:00Z,2026-07-26T17:00:00+0200,5.41,EUR/MWh,DK1,DK_1,day_ahead_price,value,2026-08-02T11:09:27Z
2026-08-02T11:05:08Z,2026-08-02T13:05:08+0200,b3181029-81fc-491a-b750-6dc59ef155aa,2026-07-26T15:15:00Z,2026-07-26T17:15:00+0200,37.33,EUR/MWh,DK1,DK_1,day_ahead_price,value,2026-08-02T11:09:27Z
2026-08-02T11:05:08Z,2026-08-02T13:05:08+0200,b3181029-81fc-491a-b750-6dc59ef155aa,2026-07-26T15:30:00Z,2026-07-26T17:30:00+0200,79.44,EUR/MWh,DK1,DK_1,day_ahead_price,value,2026-08-02T11:09:27Z
2026-08-02T11:05:08Z,2026-08-02T13:05:08+0200,b3181029-81fc-491a-b750-6dc59ef155aa,2026-07-26T15:45:00Z,2026-07-26T17:45:00+0200,112.98,EUR/MWh,DK1,DK_1,day_ahead_price,value,2026-08-02T11:09:27Z
2026-08-02T11:05:08Z,2026-08-02T13:05:08+0200,b3181029-81fc-491a-b750-6dc59ef155aa,2026-07-26T16:00:00Z,2026-07-26T18:00:00+0200,77.98,EUR/MWh,DK1,DK_1,day_ahead_price,value,2026-08-02T11:09:27Z
2026-08-02T11:05:08Z,2026-08-02T13:05:08+0200,b3181029-81fc-491a-b750-6dc59ef155aa,2026-07-26T16:15:00Z,2026-07-26T18:15:00+0200,108.06,EUR/MWh,DK1,DK_1,day_ahead_price,value,2026-08-02T11:09:27Z
2026-08-02T11:05:08Z,2026-08-02T13:05:08+0200,b3181029-81fc-491a-b750-6dc59ef155aa,2026-07-26T16:30:00Z,2026-07-26T18:30:00+0200,118.73,EUR/MWh,DK1,DK_1,day_ahead_price,value,2026-08-02T11:09:27Z
2026-08-02T11:05:08Z,2026-08-02T13:05:08+0200,b3181029-81fc-491a-b750-6dc59ef155aa,2026-07-26T16:45:00Z,2026-07-26T18:45:00+0200,125.7,EUR/MWh,DK1,DK_1,day_ahead_price,value,2026-08-02T11:09:27Z
2026-08-02T11:05:08Z,2026-08-02T13:05:08+0200,b3181029-81fc-491a-b750-6dc59ef155aa,2026-07-26T17:00:00Z,2026-07-26T19:00:00+0200,128.28,EUR/MWh,DK1,DK_1,day_ahead_price,value,2026-08-02T11:09:27Z
2026-08-02T11:05:08Z,2026-08-02T13:05:08+0200,b3181029-81fc-491a-b750-6dc59ef155aa,2026-07-26T17:15:00Z,2026-07-26T19:15:00+0200,136.35,EUR/MWh,DK1,DK_1,day_ahead_price,value,2026-08-02T11:09:27Z
2026-08-02T11:05:08Z,2026-08-02T13:05:08+0200,b3181029-81fc-491a-b750-6dc59ef155aa,2026-07-26T17:30:00Z,2026-07-26T19:30:00+0200,140.49,EUR/MWh,DK1,DK_1,day_ahead_price,value,2026-08-02T11:09:27Z
2026-08-02T11:05:08Z,2026-08-02T13:05:08+0200,b3181029-81fc-491a-b750-6dc59ef155aa,2026-07-26T17:45:00Z,2026-07-26T19:45:00+0200,145.45,EUR/MWh,DK1,DK_1,day_ahead_price,value,2026-08-02T11:09:27Z
2026-08-02T11:05:08Z,2026-08-02T13:05:08+0200,b3181029-81fc-491a-b750-6dc59ef155aa,2026-07-26T18:00:00Z,2026-07-26T20:00:00+0200,150.09,EUR/MWh,DK1,DK_1,day_ahead_price,value,2026-08-02T11:09:27Z
2026-08-02T11:05:08Z,2026-08-02T13:05:08+0200,b3181029-81fc-491a-b750-6dc59ef155aa,2026-07-26T18:15:00Z,2026-07-26T20:15:00+0200,157.28,EUR/MWh,DK1,DK_1,day_ahead_price,value,2026-08-02T11:09:27Z
2026-08-02T11:05:08Z,2026-08-02T13:05:08+0200,b3181029-81fc-491a-b750-6dc59ef155aa,2026-07-26T18:30:00Z,2026-07-26T20:30:00+0200,156.08,EUR/MWh,DK1,DK_1,day_ahead_price,value,2026-08-02T11:09:27Z
2026-08-02T11:05:08Z,2026-08-02T13:05:08+0200,b3181029-81fc-491a-b750-6dc59ef155aa,2026-07-26T18:45:00Z,2026-07-26T20:45:00+0200,157.11,EUR/MWh,DK1,DK_1,day_ahead_price,value,2026-08-02T11:09:27Z
2026-08-02T11:05:08Z,2026-08-02T13:05:08+0200,b3181029-81fc-491a-b750-6dc59ef155aa,2026-07-26T19:00:00Z,2026-07-26T21:00:00+0200,159.86,EUR/MWh,DK1,DK_1,day_ahead_price,value,2026-08-02T11:09:27Z
2026-08-02T11:05:08Z,2026-08-02T13:05:08+0200,b3181029-81fc-491a-b750-6dc59ef155aa,2026-07-26T19:15:00Z,2026-07-26T21:15:00+0200,154.47,EUR/MWh,DK1,DK_1,day_ahead_price,value,2026-08-02T11:09:27Z
2026-08-02T11:05:08Z,2026-08-02T13:05:08+0200,b3181029-81fc-491a-b750-6dc59ef155aa,2026-07-26T19:30:00Z,2026-07-26T21:30:00+0200,149.51,EUR/MWh,DK1,DK_1,day_ahead_price,value,2026-08-02T11:09:27Z
2026-08-02T11:05:08Z,2026-08-02T13:05:08+0200,b3181029-81fc-491a-b750-6dc59ef155aa,2026-07-26T19:45:00Z,2026-07-26T21:45:00+0200,147.71,EUR/MWh,DK1,DK_1,day_ahead_price,value,2026-08-02T11:09:27Z
2026-08-02T11:05:08Z,2026-08-02T13:05:08+0200,b3181029-81fc-491a-b750-6dc59ef155aa,2026-07-26T20:00:00Z,2026-07-26T22:00:00+0200,156.28,EUR/MWh,DK1,DK_1,day_ahead_price,value,2026-08-02T11:09:27Z
2026-08-02T11:05:08Z,2026-08-02T13:05:08+0200,b3181029-81fc-491a-b750-6dc59ef155aa,2026-07-26T20:15:00Z,2026-07-26T22:15:00+0200,149.48,EUR/MWh,DK1,DK_1,day_ahead_price,value,2026-08-02T11:09:27Z
2026-08-02T11:05:08Z,2026-08-02T13:05:08+0200,b3181029-81fc-491a-b750-6dc59ef155aa,2026-07-26T20:30:00Z,2026-07-26T22:30:00+0200,147.98,EUR/MWh,DK1,DK_1,day_ahead_price,value,2026-08-02T11:09:27Z
2026-08-02T11:05:08Z,2026-08-02T13:05:08+0200,b3181029-81fc-491a-b750-6dc59ef155aa,2026-07-26T20:45:00Z,2026-07-26T22:45:00+0200,139.84,EUR/MWh,DK1,DK_1,day_ahead_price,value,2026-08-02T11:09:27Z
2026-08-02T11:05:08Z,2026-08-02T13:05:08+0200,b3181029-81fc-491a-b750-6dc59ef155aa,2026-07-26T21:00:00Z,2026-07-26T23:00:00+0200,145.35,EUR/MWh,DK1,DK_1,day_ahead_price,value,2026-08-02T11:09:27Z
2026-08-02T11:05:08Z,2026-08-02T13:05:08+0200,b3181029-81fc-491a-b750-6dc59ef155aa,2026-07-26T21:15:00Z,2026-07-26T23:15:00+0200,138.09,EUR/MWh,DK1,DK_1,day_ahead_price,value,2026-08-02T11:09:27Z
2026-08-02T11:05:08Z,2026-08-02T13:05:08+0200,b3181029-81fc-491a-b750-6dc59ef155aa,2026-07-26T21:30:00Z,2026-07-26T23:30:00+0200,136.73,EUR/MWh,DK1,DK_1,day_ahead_price,value,2026-08-02T11:09:27Z
2026-08-02T11:05:08Z,2026-08-02T13:05:08+0200,b3181029-81fc-491a-b750-6dc59ef155aa,2026-07-26T21:45:00Z,2026-07-26T23:45:00+0200,127.01,EUR/MWh,DK1,DK_1,day_ahead_price,value,2026-08-02T11:09:27Z
2026-08-02T11:05:08Z,2026-08-02T13:05:08+0200,b3181029-81fc-491a-b750-6dc59ef155aa,2026-07-26T22:00:00Z,2026-07-27T00:00:00+0200,81.91,EUR/MWh,DK1,DK_1,day_ahead_price,value,2026-08-02T11:09:27Z
2026-08-02T11:05:08Z,2026-08-02T13:05:08+0200,b3181029-81fc-491a-b750-6dc59ef155aa,2026-07-26T22:15:00Z,2026-07-27T00:15:00+0200,87.14,EUR/MWh,DK1,DK_1,day_ahead_price,value,2026-08-02T11:09:27Z
2026-08-02T11:05:08Z,2026-08-02T13:05:08+0200,b3181029-81fc-491a-b750-6dc59ef155aa,2026-07-26T22:30:00Z,2026-07-27T00:30:00+0200,84.93,EUR/MWh,DK1,DK_1,day_ahead_price,value,2026-08-02T11:09:27Z
2026-08-02T11:05:08Z,2026-08-02T13:05:08+0200,b3181029-81fc-491a-b750-6dc59ef155aa,2026-07-26T22:45:00Z,2026-07-27T00:45:00+0200,82.41,EUR/MWh,DK1,DK_1,day_ahead_price,value,2026-08-02T11:09:27Z
2026-08-02T11:05:08Z,2026-08-02T13:05:08+0200,b3181029-81fc-491a-b750-6dc59ef155aa,2026-07-26T23:00:00Z,2026-07-27T01:00:00+0200,80.77,EUR/MWh,DK1,DK_1,day_ahead_price,value,2026-08-02T11:09:27Z
2026-08-02T11:05:08Z,2026-08-02T13:05:08+0200,b3181029-81fc-491a-b750-6dc59ef155aa,2026-07-26T23:15:00Z,2026-07-27T01:15:00+0200,74.01,EUR/MWh,DK1,DK_1,day_ahead_price,value,2026-08-02T11:09:27Z
2026-08-02T11:05:08Z,2026-08-02T13:05:08+0200,b3181029-81fc-491a-b750-6dc59ef155aa,2026-07-26T23:30:00Z,2026-07-27T01:30:00+0200,68.55,EUR/MWh,DK1,DK_1,day_ahead_price,value,2026-08-02T11:09:27Z
2026-08-02T11:05:08Z,2026-08-02T13:05:08+0200,b3181029-81fc-491a-b750-6dc59ef155aa,2026-07-26T23:45:00Z,2026-07-27T01:45:00+0200,55.65,EUR/MWh,DK1,DK_1,day_ahead_price,value,2026-08-02T11:09:27Z
2026-08-02T11:05:08Z,2026-08-02T13:05:08+0200,b3181029-81fc-491a-b750-6dc59ef155aa,2026-07-27T00:00:00Z,2026-07-27T02:00:00+0200,60.36,EUR/MWh,DK1,DK_1,day_ahead_price,value,2026-08-02T11:09:27Z
2026-08-02T11:05:08Z,2026-08-02T13:05:08+0200,b3181029-81fc-491a-b750-6dc59ef155aa,2026-07-27T00:15:00Z,2026-07-27T02:15:00+0200,50.37,EUR/MWh,DK1,DK_1,day_ahead_price,value,2026-08-02T11:09:27Z
2026-08-02T11:05:08Z,2026-08-02T13:05:08+0200,b3181029-81fc-491a-b750-6dc59ef155aa,2026-07-27T00:30:00Z,2026-07-27T02:30:00+0200,71.39,EUR/MWh,DK1,DK_1,day_ahead_price,value,2026-08-02T11:09:27Z
2026-08-02T11:05:08Z,2026-08-02T13:05:08+0200,b3181029-81fc-491a-b750-6dc59ef155aa,2026-07-27T00:45:00Z,2026-07-27T02:45:00+0200,62.24,EUR/MWh,DK1,DK_1,day_ahead_price,value,2026-08-02T11:09:27Z
2026-08-02T11:05:08Z,2026-08-02T13:05:08+0200,b3181029-81fc-491a-b750-6dc59ef155aa,2026-07-27T01:00:00Z,2026-07-27T03:00:00+0200,67.88,EUR/MWh,DK1,DK_1,day_ahead_price,value,2026-08-02T11:09:27Z
2026-08-02T11:05:08Z,2026-08-02T13:05:08+0200,b3181029-81fc-491a-b750-6dc59ef155aa,2026-07-27T01:15:00Z,2026-07-27T03:15:00+0200,59.3,EUR/MWh,DK1,DK_1,day_ahead_price,value,2026-08-02T11:09:27Z
2026-08-02T11:05:08Z,2026-08-02T13:05:08+0200,b3181029-81fc-491a-b750-6dc59ef155aa,2026-07-27T01:30:00Z,2026-07-27T03:30:00+0200,58.27,EUR/MWh,DK1,DK_1,day_ahead_price,value,2026-08-02T11:09:27Z
2026-08-02T11:05:08Z,2026-08-02T13:05:08+0200,b3181029-81fc-491a-b750-6dc59ef155aa,2026-07-27T01:45:00Z,2026-07-27T03:45:00+0200,60.0,EUR/MWh,DK1,DK_1,day_ahead_price,value,2026-08-02T11:09:27Z
2026-08-02T11:05:08Z,2026-08-02T13:05:08+0200,b3181029-81fc-491a-b750-6dc59ef155aa,2026-07-27T02:00:00Z,2026-07-27T04:00:00+0200,65.69,EUR/MWh,DK1,DK_1,day_ahead_price,value,2026-08-02T11:09:27Z
2026-08-02T11:05:08Z,2026-08-02T13:05:08+0200,b3181029-81fc-491a-b750-6dc59ef155aa,2026-07-27T02:15:00Z,2026-07-27T04:15:00+0200,65.56,EUR/MWh,DK1,DK_1,day_ahead_price,value,2026-08-02T11:09:27Z
2026-08-02T11:05:08Z,2026-08-02T13:05:08+0200,b3181029-81fc-491a-b750-6dc59ef155aa,2026-07-27T02:30:00Z,2026-07-27T04:30:00+0200,65.57,EUR/MWh,DK1,DK_1,day_ahead_price,value,2026-08-02T11:09:27Z
2026-08-02T11:05:08Z,2026-08-02T13:05:08+0200,b3181029-81fc-491a-b750-6dc59ef155aa,2026-07-27T02:45:00Z,2026-07-27T04:45:00+0200,83.44,EUR/MWh,DK1,DK_1,day_ahead_price,value,2026-08-02T11:09:27Z
2026-08-02T11:05:08Z,2026-08-02T13:05:08+0200,b3181029-81fc-491a-b750-6dc59ef155aa,2026-07-27T03:00:00Z,2026-07-27T05:00:00+0200,58.69,EUR/MWh,DK1,DK_1,day_ahead_price,value,2026-08-02T11:09:27Z
2026-08-02T11:05:08Z,2026-08-02T13:05:08+0200,b3181029-81fc-491a-b750-6dc59ef155aa,2026-07-27T03:15:00Z,2026-07-27T05:15:00+0200,85.34,EUR/MWh,DK1,DK_1,day_ahead_price,value,2026-08-02T11:09:27Z
2026-08-02T11:05:08Z,2026-08-02T13:05:08+0200,b3181029-81fc-491a-b750-6dc59ef155aa,2026-07-27T03:30:00Z,2026-07-27T05:30:00+0200,99.16,EUR/MWh,DK1,DK_1,day_ahead_price,value,2026-08-02T11:09:27Z
2026-08-02T11:05:08Z,2026-08-02T13:05:08+0200,b3181029-81fc-491a-b750-6dc59ef155aa,2026-07-27T03:45:00Z,2026-07-27T05:45:00+0200,102.41,EUR/MWh,DK1,DK_1,day_ahead_price,value,2026-08-02T11:09:27Z
2026-08-02T11:05:08Z,2026-08-02T13:05:08+0200,b3181029-81fc-491a-b750-6dc59ef155aa,2026-07-27T04:00:00Z,2026-07-27T06:00:00+0200,101.82,EUR/MWh,DK1,DK_1,day_ahead_price,value,2026-08-02T11:09:27Z
2026-08-02T11:05:08Z,2026-08-02T13:05:08+0200,b3181029-81fc-491a-b750-6dc59ef155aa,2026-07-27T04:15:00Z,2026-07-27T06:15:00+0200,116.24,EUR/MWh,DK1,DK_1,day_ahead_price,value,2026-08-02T11:09:27Z
2026-08-02T11:05:08Z,2026-08-02T13:05:08+0200,b3181029-81fc-491a-b750-6dc59ef155aa,2026-07-27T04:30:00Z,2026-07-27T06:30:00+0200,117.74,EUR/MWh,DK1,DK_1,day_ahead_price,value,2026-08-02T11:09:27Z
2026-08-02T11:05:08Z,2026-08-02T13:05:08+0200,b3181029-81fc-491a-b750-6dc59ef155aa,2026-07-27T04:45:00Z,2026-07-27T06:45:00+0200,116.85,EUR/MWh,DK1,DK_1,day_ahead_price,value,2026-08-02T11:09:27Z
2026-08-02T11:05:08Z,2026-08-02T13:05:08+0200,b3181029-81fc-491a-b750-6dc59ef155aa,2026-07-27T05:00:00Z,2026-07-27T07:00:00+0200,114.98,EUR/MWh,DK1,DK_1,day_ahead_price,value,2026-08-02T11:09:27Z
2026-08-02T11:05:08Z,2026-08-02T13:05:08+0200,b3181029-81fc-491a-b750-6dc59ef155aa,2026-07-27T05:15:00Z,2026-07-27T07:15:00+0200,114.85,EUR/MWh,DK1,DK_1,day_ahead_price,value,2026-08-02T11:09:27Z
2026-08-02T11:05:08Z,2026-08-02T13:05:08+0200,b3181029-81fc-491a-b750-6dc59ef155aa,2026-07-27T05:30:00Z,2026-07-27T07:30:00+0200,117.09,EUR/MWh,DK1,DK_1,day_ahead_price,value,2026-08-02T11:09:27Z
2026-08-02T11:05:08Z,2026-08-02T13:05:08+0200,b3181029-81fc-491a-b750-6dc59ef155aa,2026-07-27T05:45:00Z,2026-07-27T07:45:00+0200,106.37,EUR/MWh,DK1,DK_1,day_ahead_price,value,2026-08-02T11:09:27Z
2026-08-02T11:05:08Z,2026-08-02T13:05:08+0200,b3181029-81fc-491a-b750-6dc59ef155aa,2026-07-27T06:00:00Z,2026-07-27T08:00:00+0200,114.45,EUR/MWh,DK1,DK_1,day_ahead_price,value,2026-08-02T11:09:27Z
2026-08-02T11:05:08Z,2026-08-02T13:05:08+0200,b3181029-81fc-491a-b750-6dc59ef155aa,2026-07-27T06:15:00Z,2026-07-27T08:15:00+0200,108.1,EUR/MWh,DK1,DK_1,day_ahead_price,value,2026-08-02T11:09:27Z
2026-08-02T11:05:08Z,2026-08-02T13:05:08+0200,b3181029-81fc-491a-b750-6dc59ef155aa,2026-07-27T06:30:00Z,2026-07-27T08:30:00+0200,109.24,EUR/MWh,DK1,DK_1,day_ahead_price,value,2026-08-02T11:09:27Z
2026-08-02T11:05:08Z,2026-08-02T13:05:08+0200,b3181029-81fc-491a-b750-6dc59ef155aa,2026-07-27T06:45:00Z,2026-07-27T08:45:00+0200,91.88,EUR/MWh,DK1,DK_1,day_ahead_price,value,2026-08-02T11:09:27Z
2026-08-02T11:05:08Z,2026-08-02T13:05:08+0200,b3181029-81fc-491a-b750-6dc59ef155aa,2026-07-27T07:00:00Z,2026-07-27T09:00:00+0200,107.62,EUR/MWh,DK1,DK_1,day_ahead_price,value,2026-08-02T11:09:27Z
2026-08-02T11:05:08Z,2026-08-02T13:05:08+0200,b3181029-81fc-491a-b750-6dc59ef155aa,2026-07-27T07:15:00Z,2026-07-27T09:15:00+0200,84.63,EUR/MWh,DK1,DK_1,day_ahead_price,value,2026-08-02T11:09:27Z
2026-08-02T11:05:08Z,2026-08-02T13:05:08+0200,b3181029-81fc-491a-b750-6dc59ef155aa,2026-07-27T07:30:00Z,2026-07-27T09:30:00+0200,72.2,EUR/MWh,DK1,DK_1,day_ahead_price,value,2026-08-02T11:09:27Z
2026-08-02T11:05:08Z,2026-08-02T13:05:08+0200,b3181029-81fc-491a-b750-6dc59ef155aa,2026-07-27T07:45:00Z,2026-07-27T09:45:00+0200,32.26,EUR/MWh,DK1,DK_1,day_ahead_price,value,2026-08-02T11:09:27Z
2026-08-02T11:05:08Z,2026-08-02T13:05:08+0200,b3181029-81fc-491a-b750-6dc59ef155aa,2026-07-27T08:00:00Z,2026-07-27T10:00:00+0200,55.12,EUR/MWh,DK1,DK_1,day_ahead_price,value,2026-08-02T11:09:27Z
2026-08-02T11:05:08Z,2026-08-02T13:05:08+0200,b3181029-81fc-491a-b750-6dc59ef155aa,2026-07-27T08:15:00Z,2026-07-27T10:15:00+0200,19.44,EUR/MWh,DK1,DK_1,day_ahead_price,value,2026-08-02T11:09:27Z
2026-08-02T11:05:08Z,2026-08-02T13:05:08+0200,b3181029-81fc-491a-b750-6dc59ef155aa,2026-07-27T08:30:00Z,2026-07-27T10:30:00+0200,14.91,EUR/MWh,DK1,DK_1,day_ahead_price,value,2026-08-02T11:09:27Z
2026-08-02T11:05:08Z,2026-08-02T13:05:08+0200,b3181029-81fc-491a-b750-6dc59ef155aa,2026-07-27T08:45:00Z,2026-07-27T10:45:00+0200,5.14,EUR/MWh,DK1,DK_1,day_ahead_price,value,2026-08-02T11:09:27Z
2026-08-02T11:05:08Z,2026-08-02T13:05:08+0200,b3181029-81fc-491a-b750-6dc59ef155aa,2026-07-27T09:00:00Z,2026-07-27T11:00:00+0200,4.32,EUR/MWh,DK1,DK_1,day_ahead_price,value,2026-08-02T11:09:27Z
2026-08-02T11:05:08Z,2026-08-02T13:05:08+0200,b3181029-81fc-491a-b750-6dc59ef155aa,2026-07-27T09:15:00Z,2026-07-27T11:15:00+0200,1.54,EUR/MWh,DK1,DK_1,day_ahead_price,value,2026-08-02T11:09:27Z
2026-08-02T11:05:08Z,2026-08-02T13:05:08+0200,b3181029-81fc-491a-b750-6dc59ef155aa,2026-07-27T09:30:00Z,2026-07-27T11:30:00+0200,0.52,EUR/MWh,DK1,DK_1,day_ahead_price,value,2026-08-02T11:09:27Z
2026-08-02T11:05:08Z,2026-08-02T13:05:08+0200,b3181029-81fc-491a-b750-6dc59ef155aa,2026-07-27T09:45:00Z,2026-07-27T11:45:00+0200,0.24,EUR/MWh,DK1,DK_1,day_ahead_price,value,2026-08-02T11:09:27Z
2026-08-02T11:05:08Z,2026-08-02T13:05:08+0200,b3181029-81fc-491a-b750-6dc59ef155aa,2026-07-27T10:00:00Z,2026-07-27T12:00:00+0200,0.52,EUR/MWh,DK1,DK_1,day_ahead_price,value,2026-08-02T11:09:27Z
2026-08-02T11:05:08Z,2026-08-02T13:05:08+0200,b3181029-81fc-491a-b750-6dc59ef155aa,2026-07-27T10:15:00Z,2026-07-27T12:15:00+0200,0.49,EUR/MWh,DK1,DK_1,day_ahead_price,value,2026-08-02T11:09:27Z
2026-08-02T11:05:08Z,2026-08-02T13:05:08+0200,b3181029-81fc-491a-b750-6dc59ef155aa,2026-07-27T10:30:00Z,2026-07-27T12:30:00+0200,0.46,EUR/MWh,DK1,DK_1,day_ahead_price,value,2026-08-02T11:09:27Z
2026-08-02T11:05:08Z,2026-08-02T13:05:08+0200,b3181029-81fc-491a-b750-6dc59ef155aa,2026-07-27T10:45:00Z,2026-07-27T12:45:00+0200,0.4,EUR/MWh,DK1,DK_1,day_ahead_price,value,2026-08-02T11:09:27Z
2026-08-02T11:05:08Z,2026-08-02T13:05:08+0200,b3181029-81fc-491a-b750-6dc59ef155aa,2026-07-27T11:00:00Z,2026-07-27T13:00:00+0200,1.35,EUR/MWh,DK1,DK_1,day_ahead_price,value,2026-08-02T11:09:27Z
2026-08-02T11:05:08Z,2026-08-02T13:05:08+0200,b3181029-81fc-491a-b750-6dc59ef155aa,2026-07-27T11:15:00Z,2026-07-27T13:15:00+0200,1.34,EUR/MWh,DK1,DK_1,day_ahead_price,value,2026-08-02T11:09:27Z
2026-08-02T11:05:08Z,2026-08-02T13:05:08+0200,b3181029-81fc-491a-b750-6dc59ef155aa,2026-07-27T11:30:00Z,2026-07-27T13:30:00+0200,0.98,EUR/MWh,DK1,DK_1,day_ahead_price,value,2026-08-02T11:09:27Z
2026-08-02T11:05:08Z,2026-08-02T13:05:08+0200,b3181029-81fc-491a-b750-6dc59ef155aa,2026-07-27T11:45:00Z,2026-07-27T13:45:00+0200,0.08,EUR/MWh,DK1,DK_1,day_ahead_price,value,2026-08-02T11:09:27Z
2026-08-02T11:05:08Z,2026-08-02T13:05:08+0200,b3181029-81fc-491a-b750-6dc59ef155aa,2026-07-27T12:00:00Z,2026-07-27T14:00:00+0200,-0.01,EUR/MWh,DK1,DK_1,day_ahead_price,value,2026-08-02T11:09:27Z
2026-08-02T11:05:08Z,2026-08-02T13:05:08+0200,b3181029-81fc-491a-b750-6dc59ef155aa,2026-07-27T12:15:00Z,2026-07-27T14:15:00+0200,-0.01,EUR/MWh,DK1,DK_1,day_ahead_price,value,2026-08-02T11:09:27Z
2026-08-02T11:05:08Z,2026-08-02T13:05:08+0200,b3181029-81fc-491a-b750-6dc59ef155aa,2026-07-27T12:30:00Z,2026-07-27T14:30:00+0200,-0.01,EUR/MWh,DK1,DK_1,day_ahead_price,value,2026-08-02T11:09:27Z
2026-08-02T11:05:08Z,2026-08-02T13:05:08+0200,b3181029-81fc-491a-b750-6dc59ef155aa,2026-07-27T12:45:00Z,2026-07-27T14:45:00+0200,-0.01,EUR/MWh,DK1,DK_1,day_ahead_price,value,2026-08-02T11:09:27Z
2026-08-02T11:05:08Z,2026-08-02T13:05:08+0200,b3181029-81fc-491a-b750-6dc59ef155aa,2026-07-27T13:00:00Z,2026-07-27T15:00:00+0200,-0.05,EUR/MWh,DK1,DK_1,day_ahead_price,value,2026-08-02T11:09:27Z
2026-08-02T11:05:08Z,2026-08-02T13:05:08+0200,b3181029-81fc-491a-b750-6dc59ef155aa,2026-07-27T13:15:00Z,2026-07-27T15:15:00+0200,-0.05,EUR/MWh,DK1,DK_1,day_ahead_price,value,2026-08-02T11:09:27Z
2026-08-02T11:05:08Z,2026-08-02T13:05:08+0200,b3181029-81fc-491a-b750-6dc59ef155aa,2026-07-27T13:30:00Z,2026-07-27T15:30:00+0200,-0.03,EUR/MWh,DK1,DK_1,day_ahead_price,value,2026-08-02T11:09:27Z
2026-08-02T11:05:08Z,2026-08-02T13:05:08+0200,b3181029-81fc-491a-b750-6dc59ef155aa,2026-07-27T13:45:00Z,2026-07-27T15:45:00+0200,0.0,EUR/MWh,DK1,DK_1,day_ahead_price,value,2026-08-02T11:09:27Z
2026-08-02T11:05:08Z,2026-08-02T13:05:08+0200,b3181029-81fc-491a-b750-6dc59ef155aa,2026-07-27T14:00:00Z,2026-07-27T16:00:00+0200,-0.01,EUR/MWh,DK1,DK_1,day_ahead_price,value,2026-08-02T11:09:27Z
2026-08-02T11:05:08Z,2026-08-02T13:05:08+0200,b3181029-81fc-491a-b750-6dc59ef155aa,2026-07-27T14:15:00Z,2026-07-27T16:15:00+0200,0.0,EUR/MWh,DK1,DK_1,day_ahead_price,value,2026-08-02T11:09:27Z
2026-08-02T11:05:08Z,2026-08-02T13:05:08+0200,b3181029-81fc-491a-b750-6dc59ef155aa,2026-07-27T14:30:00Z,2026-07-27T16:30:00+0200,0.09,EUR/MWh,DK1,DK_1,day_ahead_price,value,2026-08-02T11:09:27Z
2026-08-02T11:05:08Z,2026-08-02T13:05:08+0200,b3181029-81fc-491a-b750-6dc59ef155aa,2026-07-27T14:45:00Z,2026-07-27T16:45:00+0200,0.03,EUR/MWh,DK1,DK_1,day_ahead_price,value,2026-08-02T11:09:27Z
2026-08-02T11:05:08Z,2026-08-02T13:05:08+0200,b3181029-81fc-491a-b750-6dc59ef155aa,2026-07-27T15:00:00Z,2026-07-27T17:00:00+0200,0.0,EUR/MWh,DK1,DK_1,day_ahead_price,value,2026-08-02T11:09:27Z
2026-08-02T11:05:08Z,2026-08-02T13:05:08+0200,b3181029-81fc-491a-b750-6dc59ef155aa,2026-07-27T15:15:00Z,2026-07-27T17:15:00+0200,2.48,EUR/MWh,DK1,DK_1,day_ahead_price,value,2026-08-02T11:09:27Z
2026-08-02T11:05:08Z,2026-08-02T13:05:08+0200,b3181029-81fc-491a-b750-6dc59ef155aa,2026-07-27T15:30:00Z,2026-07-27T17:30:00+0200,9.8,EUR/MWh,DK1,DK_1,day_ahead_price,value,2026-08-02T11:09:27Z
2026-08-02T11:05:08Z,2026-08-02T13:05:08+0200,b3181029-81fc-491a-b750-6dc59ef155aa,2026-07-27T15:45:00Z,2026-07-27T17:45:00+0200,44.07,EUR/MWh,DK1,DK_1,day_ahead_price,value,2026-08-02T11:09:27Z
2026-08-02T11:05:08Z,2026-08-02T13:05:08+0200,b3181029-81fc-491a-b750-6dc59ef155aa,2026-07-27T16:00:00Z,2026-07-27T18:00:00+0200,29.65,EUR/MWh,DK1,DK_1,day_ahead_price,value,2026-08-02T11:09:27Z
2026-08-02T11:05:08Z,2026-08-02T13:05:08+0200,b3181029-81fc-491a-b750-6dc59ef155aa,2026-07-27T16:15:00Z,2026-07-27T18:15:00+0200,81.46,EUR/MWh,DK1,DK_1,day_ahead_price,value,2026-08-02T11:09:27Z
2026-08-02T11:05:08Z,2026-08-02T13:05:08+0200,b3181029-81fc-491a-b750-6dc59ef155aa,2026-07-27T16:30:00Z,2026-07-27T18:30:00+0200,107.98,EUR/MWh,DK1,DK_1,day_ahead_price,value,2026-08-02T11:09:27Z
2026-08-02T11:05:08Z,2026-08-02T13:05:08+0200,b3181029-81fc-491a-b750-6dc59ef155aa,2026-07-27T16:45:00Z,2026-07-27T18:45:00+0200,116.48,EUR/MWh,DK1,DK_1,day_ahead_price,value,2026-08-02T11:09:27Z
2026-08-02T11:05:08Z,2026-08-02T13:05:08+0200,b3181029-81fc-491a-b750-6dc59ef155aa,2026-07-27T17:00:00Z,2026-07-27T19:00:00+0200,116.44,EUR/MWh,DK1,DK_1,day_ahead_price,value,2026-08-02T11:09:27Z
2026-08-02T11:05:08Z,2026-08-02T13:05:08+0200,b3181029-81fc-491a-b750-6dc59ef155aa,2026-07-27T17:15:00Z,2026-07-27T19:15:00+0200,118.1,EUR/MWh,DK1,DK_1,day_ahead_price,value,2026-08-02T11:09:27Z
2026-08-02T11:05:08Z,2026-08-02T13:05:08+0200,b3181029-81fc-491a-b750-6dc59ef155aa,2026-07-27T17:30:00Z,2026-07-27T19:30:00+0200,130.19,EUR/MWh,DK1,DK_1,day_ahead_price,value,2026-08-02T11:09:27Z
2026-08-02T11:05:08Z,2026-08-02T13:05:08+0200,b3181029-81fc-491a-b750-6dc59ef155aa,2026-07-27T17:45:00Z,2026-07-27T19:45:00+0200,132.81,EUR/MWh,DK1,DK_1,day_ahead_price,value,2026-08-02T11:09:27Z
2026-08-02T11:05:08Z,2026-08-02T13:05:08+0200,b3181029-81fc-491a-b750-6dc59ef155aa,2026-07-27T18:00:00Z,2026-07-27T20:00:00+0200,134.82,EUR/MWh,DK1,DK_1,day_ahead_price,value,2026-08-02T11:09:27Z
2026-08-02T11:05:08Z,2026-08-02T13:05:08+0200,b3181029-81fc-491a-b750-6dc59ef155aa,2026-07-27T18:15:00Z,2026-07-27T20:15:00+0200,136.26,EUR/MWh,DK1,DK_1,day_ahead_price,value,2026-08-02T11:09:27Z
2026-08-02T11:05:08Z,2026-08-02T13:05:08+0200,b3181029-81fc-491a-b750-6dc59ef155aa,2026-07-27T18:30:00Z,2026-07-27T20:30:00+0200,136.73,EUR/MWh,DK1,DK_1,day_ahead_price,value,2026-08-02T11:09:27Z
2026-08-02T11:05:08Z,2026-08-02T13:05:08+0200,b3181029-81fc-491a-b750-6dc59ef155aa,2026-07-27T18:45:00Z,2026-07-27T20:45:00+0200,125.57,EUR/MWh,DK1,DK_1,day_ahead_price,value,2026-08-02T11:09:27Z
2026-08-02T11:05:08Z,2026-08-02T13:05:08+0200,b3181029-81fc-491a-b750-6dc59ef155aa,2026-07-27T19:00:00Z,2026-07-27T21:00:00+0200,157.2,EUR/MWh,DK1,DK_1,day_ahead_price,value,2026-08-02T11:09:27Z
2026-08-02T11:05:08Z,2026-08-02T13:05:08+0200,b3181029-81fc-491a-b750-6dc59ef155aa,2026-07-27T19:15:00Z,2026-07-27T21:15:00+0200,142.64,EUR/MWh,DK1,DK_1,day_ahead_price,value,2026-08-02T11:09:27Z
2026-08-02T11:05:08Z,2026-08-02T13:05:08+0200,b3181029-81fc-491a-b750-6dc59ef155aa,2026-07-27T19:30:00Z,2026-07-27T21:30:00+0200,142.7,EUR/MWh,DK1,DK_1,day_ahead_price,value,2026-08-02T11:09:27Z
2026-08-02T11:05:08Z,2026-08-02T13:05:08+0200,b3181029-81fc-491a-b750-6dc59ef155aa,2026-07-27T19:45:00Z,2026-07-27T21:45:00+0200,147.81,EUR/MWh,DK1,DK_1,day_ahead_price,value,2026-08-02T11:09:27Z
2026-08-02T11:05:08Z,2026-08-02T13:05:08+0200,b3181029-81fc-491a-b750-6dc59ef155aa,2026-07-27T20:00:00Z,2026-07-27T22:00:00+0200,142.89,EUR/MWh,DK1,DK_1,day_ahead_price,value,2026-08-02T11:09:27Z
2026-08-02T11:05:08Z,2026-08-02T13:05:08+0200,b3181029-81fc-491a-b750-6dc59ef155aa,2026-07-27T20:15:00Z,2026-07-27T22:15:00+0200,148.18,EUR/MWh,DK1,DK_1,day_ahead_price,value,2026-08-02T11:09:27Z
2026-08-02T11:05:08Z,2026-08-02T13:05:08+0200,b3181029-81fc-491a-b750-6dc59ef155aa,2026-07-27T20:30:00Z,2026-07-27T22:30:00+0200,151.15,EUR/MWh,DK1,DK_1,day_ahead_price,value,2026-08-02T11:09:27Z
2026-08-02T11:05:08Z,2026-08-02T13:05:08+0200,b3181029-81fc-491a-b750-6dc59ef155aa,2026-07-27T20:45:00Z,2026-07-27T22:45:00+0200,151.02,EUR/MWh,DK1,DK_1,day_ahead_price,value,2026-08-02T11:09:27Z
2026-08-02T11:05:08Z,2026-08-02T13:05:08+0200,b3181029-81fc-491a-b750-6dc59ef155aa,2026-07-27T21:00:00Z,2026-07-27T23:00:00+0200,150.42,EUR/MWh,DK1,DK_1,day_ahead_price,value,2026-08-02T11:09:27Z
2026-08-02T11:05:08Z,2026-08-02T13:05:08+0200,b3181029-81fc-491a-b750-6dc59ef155aa,2026-07-27T21:15:00Z,2026-07-27T23:15:00+0200,146.9,EUR/MWh,DK1,DK_1,day_ahead_price,value,2026-08-02T11:09:27Z
2026-08-02T11:05:08Z,2026-08-02T13:05:08+0200,b3181029-81fc-491a-b750-6dc59ef155aa,2026-07-27T21:30:00Z,2026-07-27T23:30:00+0200,144.92,EUR/MWh,DK1,DK_1,day_ahead_price,value,2026-08-02T11:09:27Z
2026-08-02T11:05:08Z,2026-08-02T13:05:08+0200,b3181029-81fc-491a-b750-6dc59ef155aa,2026-07-27T21:45:00Z,2026-07-27T23:45:00+0200,139.75,EUR/MWh,DK1,DK_1,day_ahead_price,value,2026-08-02T11:09:27Z
2026-08-02T11:05:08Z,2026-08-02T13:05:08+0200,b3181029-81fc-491a-b750-6dc59ef155aa,2026-07-27T22:00:00Z,2026-07-28T00:00:00+0200,170.32,EUR/MWh,DK1,DK_1,day_ahead_price,value,2026-08-02T11:09:27Z
2026-08-02T11:05:08Z,2026-08-02T13:05:08+0200,b3181029-81fc-491a-b750-6dc59ef155aa,2026-07-27T22:15:00Z,2026-07-28T00:15:00+0200,167.61,EUR/MWh,DK1,DK_1,day_ahead_price,value,2026-08-02T11:09:27Z
2026-08-02T11:05:08Z,2026-08-02T13:05:08+0200,b3181029-81fc-491a-b750-6dc59ef155aa,2026-07-27T22:30:00Z,2026-07-28T00:30:00+0200,151.99,EUR/MWh,DK1,DK_1,day_ahead_price,value,2026-08-02T11:09:27Z
2026-08-02T11:05:08Z,2026-08-02T13:05:08+0200,b3181029-81fc-491a-b750-6dc59ef155aa,2026-07-27T22:45:00Z,2026-07-28T00:45:00+0200,143.26,EUR/MWh,DK1,DK_1,day_ahead_price,value,2026-08-02T11:09:27Z
2026-08-02T11:05:08Z,2026-08-02T13:05:08+0200,b3181029-81fc-491a-b750-6dc59ef155aa,2026-07-27T23:00:00Z,2026-07-28T01:00:00+0200,154.34,EUR/MWh,DK1,DK_1,day_ahead_price,value,2026-08-02T11:09:27Z
2026-08-02T11:05:08Z,2026-08-02T13:05:08+0200,b3181029-81fc-491a-b750-6dc59ef155aa,2026-07-27T23:15:00Z,2026-07-28T01:15:00+0200,148.97,EUR/MWh,DK1,DK_1,day_ahead_price,value,2026-08-02T11:09:27Z
2026-08-02T11:05:08Z,2026-08-02T13:05:08+0200,b3181029-81fc-491a-b750-6dc59ef155aa,2026-07-27T23:30:00Z,2026-07-28T01:30:00+0200,144.8,EUR/MWh,DK1,DK_1,day_ahead_price,value,2026-08-02T11:09:27Z
2026-08-02T11:05:08Z,2026-08-02T13:05:08+0200,b3181029-81fc-491a-b750-6dc59ef155aa,2026-07-27T23:45:00Z,2026-07-28T01:45:00+0200,143.02,EUR/MWh,DK1,DK_1,day_ahead_price,value,2026-08-02T11:09:27Z
2026-08-02T11:05:08Z,2026-08-02T13:05:08+0200,b3181029-81fc-491a-b750-6dc59ef155aa,2026-07-28T00:00:00Z,2026-07-28T02:00:00+0200,146.67,EUR/MWh,DK1,DK_1,day_ahead_price,value,2026-08-02T11:09:27Z
2026-08-02T11:05:08Z,2026-08-02T13:05:08+0200,b3181029-81fc-491a-b750-6dc59ef155aa,2026-07-28T00:15:00Z,2026-07-28T02:15:00+0200,140.8,EUR/MWh,DK1,DK_1,day_ahead_price,value,2026-08-02T11:09:27Z
2026-08-02T11:05:08Z,2026-08-02T13:05:08+0200,b3181029-81fc-491a-b750-6dc59ef155aa,2026-07-28T00:30:00Z,2026-07-28T02:30:00+0200,138.33,EUR/MWh,DK1,DK_1,day_ahead_price,value,2026-08-02T11:09:27Z
2026-08-02T11:05:08Z,2026-08-02T13:05:08+0200,b3181029-81fc-491a-b750-6dc59ef155aa,2026-07-28T00:45:00Z,2026-07-28T02:45:00+0200,137.39,EUR/MWh,DK1,DK_1,day_ahead_price,value,2026-08-02T11:09:27Z
2026-08-02T11:05:08Z,2026-08-02T13:05:08+0200,b3181029-81fc-491a-b750-6dc59ef155aa,2026-07-28T01:00:00Z,2026-07-28T03:00:00+0200,136.5,EUR/MWh,DK1,DK_1,day_ahead_price,value,2026-08-02T11:09:27Z
2026-08-02T11:05:08Z,2026-08-02T13:05:08+0200,b3181029-81fc-491a-b750-6dc59ef155aa,2026-07-28T01:15:00Z,2026-07-28T03:15:00+0200,135.33,EUR/MWh,DK1,DK_1,day_ahead_price,value,2026-08-02T11:09:27Z
2026-08-02T11:05:08Z,2026-08-02T13:05:08+0200,b3181029-81fc-491a-b750-6dc59ef155aa,2026-07-28T01:30:00Z,2026-07-28T03:30:00+0200,134.05,EUR/MWh,DK1,DK_1,day_ahead_price,value,2026-08-02T11:09:27Z
2026-08-02T11:05:08Z,2026-08-02T13:05:08+0200,b3181029-81fc-491a-b750-6dc59ef155aa,2026-07-28T01:45:00Z,2026-07-28T03:45:00+0200,134.55,EUR/MWh,DK1,DK_1,day_ahead_price,value,2026-08-02T11:09:27Z
2026-08-02T11:05:08Z,2026-08-02T13:05:08+0200,b3181029-81fc-491a-b750-6dc59ef155aa,2026-07-28T02:00:00Z,2026-07-28T04:00:00+0200,132.03,EUR/MWh,DK1,DK_1,day_ahead_price,value,2026-08-02T11:09:27Z
2026-08-02T11:05:08Z,2026-08-02T13:05:08+0200,b3181029-81fc-491a-b750-6dc59ef155aa,2026-07-28T02:15:00Z,2026-07-28T04:15:00+0200,134.2,EUR/MWh,DK1,DK_1,day_ahead_price,value,2026-08-02T11:09:27Z
2026-08-02T11:05:08Z,2026-08-02T13:05:08+0200,b3181029-81fc-491a-b750-6dc59ef155aa,2026-07-28T02:30:00Z,2026-07-28T04:30:00+0200,136.14,EUR/MWh,DK1,DK_1,day_ahead_price,value,2026-08-02T11:09:27Z
2026-08-02T11:05:08Z,2026-08-02T13:05:08+0200,b3181029-81fc-491a-b750-6dc59ef155aa,2026-07-28T02:45:00Z,2026-07-28T04:45:00+0200,136.88,EUR/MWh,DK1,DK_1,day_ahead_price,value,2026-08-02T11:09:27Z
2026-08-02T11:05:08Z,2026-08-02T13:05:08+0200,b3181029-81fc-491a-b750-6dc59ef155aa,2026-07-28T03:00:00Z,2026-07-28T05:00:00+0200,132.37,EUR/MWh,DK1,DK_1,day_ahead_price,value,2026-08-02T11:09:27Z
2026-08-02T11:05:08Z,2026-08-02T13:05:08+0200,b3181029-81fc-491a-b750-6dc59ef155aa,2026-07-28T03:15:00Z,2026-07-28T05:15:00+0200,133.72,EUR/MWh,DK1,DK_1,day_ahead_price,value,2026-08-02T11:09:27Z
2026-08-02T11:05:08Z,2026-08-02T13:05:08+0200,b3181029-81fc-491a-b750-6dc59ef155aa,2026-07-28T03:30:00Z,2026-07-28T05:30:00+0200,137.7,EUR/MWh,DK1,DK_1,day_ahead_price,value,2026-08-02T11:09:27Z
2026-08-02T11:05:08Z,2026-08-02T13:05:08+0200,b3181029-81fc-491a-b750-6dc59ef155aa,2026-07-28T03:45:00Z,2026-07-28T05:45:00+0200,146.65,EUR/MWh,DK1,DK_1,day_ahead_price,value,2026-08-02T11:09:27Z
2026-08-02T11:05:08Z,2026-08-02T13:05:08+0200,b3181029-81fc-491a-b750-6dc59ef155aa,2026-07-28T04:00:00Z,2026-07-28T06:00:00+0200,141.68,EUR/MWh,DK1,DK_1,day_ahead_price,value,2026-08-02T11:09:27Z
2026-08-02T11:05:08Z,2026-08-02T13:05:08+0200,b3181029-81fc-491a-b750-6dc59ef155aa,2026-07-28T04:15:00Z,2026-07-28T06:15:00+0200,149.0,EUR/MWh,DK1,DK_1,day_ahead_price,value,2026-08-02T11:09:27Z
2026-08-02T11:05:08Z,2026-08-02T13:05:08+0200,b3181029-81fc-491a-b750-6dc59ef155aa,2026-07-28T04:30:00Z,2026-07-28T06:30:00+0200,159.7,EUR/MWh,DK1,DK_1,day_ahead_price,value,2026-08-02T11:09:27Z
2026-08-02T11:05:08Z,2026-08-02T13:05:08+0200,b3181029-81fc-491a-b750-6dc59ef155aa,2026-07-28T04:45:00Z,2026-07-28T06:45:00+0200,159.74,EUR/MWh,DK1,DK_1,day_ahead_price,value,2026-08-02T11:09:27Z
2026-08-02T11:05:08Z,2026-08-02T13:05:08+0200,b3181029-81fc-491a-b750-6dc59ef155aa,2026-07-28T05:00:00Z,2026-07-28T07:00:00+0200,150.49,EUR/MWh,DK1,DK_1,day_ahead_price,value,2026-08-02T11:09:27Z
2026-08-02T11:05:08Z,2026-08-02T13:05:08+0200,b3181029-81fc-491a-b750-6dc59ef155aa,2026-07-28T05:15:00Z,2026-07-28T07:15:00+0200,150.55,EUR/MWh,DK1,DK_1,day_ahead_price,value,2026-08-02T11:09:27Z
2026-08-02T11:05:08Z,2026-08-02T13:05:08+0200,b3181029-81fc-491a-b750-6dc59ef155aa,2026-07-28T05:30:00Z,2026-07-28T07:30:00+0200,154.8,EUR/MWh,DK1,DK_1,day_ahead_price,value,2026-08-02T11:09:27Z
2026-08-02T11:05:08Z,2026-08-02T13:05:08+0200,b3181029-81fc-491a-b750-6dc59ef155aa,2026-07-28T05:45:00Z,2026-07-28T07:45:00+0200,147.76,EUR/MWh,DK1,DK_1,day_ahead_price,value,2026-08-02T11:09:27Z
2026-08-02T11:05:08Z,2026-08-02T13:05:08+0200,b3181029-81fc-491a-b750-6dc59ef155aa,2026-07-28T06:00:00Z,2026-07-28T08:00:00+0200,164.2,EUR/MWh,DK1,DK_1,day_ahead_price,value,2026-08-02T11:09:27Z
2026-08-02T11:05:08Z,2026-08-02T13:05:08+0200,b3181029-81fc-491a-b750-6dc59ef155aa,2026-07-28T06:15:00Z,2026-07-28T08:15:00+0200,150.29,EUR/MWh,DK1,DK_1,day_ahead_price,value,2026-08-02T11:09:27Z
2026-08-02T11:05:08Z,2026-08-02T13:05:08+0200,b3181029-81fc-491a-b750-6dc59ef155aa,2026-07-28T06:30:00Z,2026-07-28T08:30:00+0200,141.57,EUR/MWh,DK1,DK_1,day_ahead_price,value,2026-08-02T11:09:27Z
2026-08-02T11:05:08Z,2026-08-02T13:05:08+0200,b3181029-81fc-491a-b750-6dc59ef155aa,2026-07-28T06:45:00Z,2026-07-28T08:45:00+0200,116.72,EUR/MWh,DK1,DK_1,day_ahead_price,value,2026-08-02T11:09:27Z
2026-08-02T11:05:08Z,2026-08-02T13:05:08+0200,b3181029-81fc-491a-b750-6dc59ef155aa,2026-07-28T07:00:00Z,2026-07-28T09:00:00+0200,158.44,EUR/MWh,DK1,DK_1,day_ahead_price,value,2026-08-02T11:09:27Z
2026-08-02T11:05:08Z,2026-08-02T13:05:08+0200,b3181029-81fc-491a-b750-6dc59ef155aa,2026-07-28T07:15:00Z,2026-07-28T09:15:00+0200,118.44,EUR/MWh,DK1,DK_1,day_ahead_price,value,2026-08-02T11:09:27Z
2026-08-02T11:05:08Z,2026-08-02T13:05:08+0200,b3181029-81fc-491a-b750-6dc59ef155aa,2026-07-28T07:30:00Z,2026-07-28T09:30:00+0200,103.63,EUR/MWh,DK1,DK_1,day_ahead_price,value,2026-08-02T11:09:27Z
2026-08-02T11:05:08Z,2026-08-02T13:05:08+0200,b3181029-81fc-491a-b750-6dc59ef155aa,2026-07-28T07:45:00Z,2026-07-28T09:45:00+0200,81.16,EUR/MWh,DK1,DK_1,day_ahead_price,value,2026-08-02T11:09:27Z
2026-08-02T11:05:08Z,2026-08-02T13:05:08+0200,b3181029-81fc-491a-b750-6dc59ef155aa,2026-07-28T08:00:00Z,2026-07-28T10:00:00+0200,94.06,EUR/MWh,DK1,DK_1,day_ahead_price,value,2026-08-02T11:09:27Z
2026-08-02T11:05:08Z,2026-08-02T13:05:08+0200,b3181029-81fc-491a-b750-6dc59ef155aa,2026-07-28T08:15:00Z,2026-07-28T10:15:00+0200,45.68,EUR/MWh,DK1,DK_1,day_ahead_price,value,2026-08-02T11:09:27Z
2026-08-02T11:05:08Z,2026-08-02T13:05:08+0200,b3181029-81fc-491a-b750-6dc59ef155aa,2026-07-28T08:30:00Z,2026-07-28T10:30:00+0200,16.48,EUR/MWh,DK1,DK_1,day_ahead_price,value,2026-08-02T11:09:27Z
2026-08-02T11:05:08Z,2026-08-02T13:05:08+0200,b3181029-81fc-491a-b750-6dc59ef155aa,2026-07-28T08:45:00Z,2026-07-28T10:45:00+0200,4.46,EUR/MWh,DK1,DK_1,day_ahead_price,value,2026-08-02T11:09:27Z
2026-08-02T11:05:08Z,2026-08-02T13:05:08+0200,b3181029-81fc-491a-b750-6dc59ef155aa,2026-07-28T09:00:00Z,2026-07-28T11:00:00+0200,7.17,EUR/MWh,DK1,DK_1,day_ahead_price,value,2026-08-02T11:09:27Z
2026-08-02T11:05:08Z,2026-08-02T13:05:08+0200,b3181029-81fc-491a-b750-6dc59ef155aa,2026-07-28T09:15:00Z,2026-07-28T11:15:00+0200,4.68,EUR/MWh,DK1,DK_1,day_ahead_price,value,2026-08-02T11:09:27Z
2026-08-02T11:05:08Z,2026-08-02T13:05:08+0200,b3181029-81fc-491a-b750-6dc59ef155aa,2026-07-28T09:30:00Z,2026-07-28T11:30:00+0200,2.0,EUR/MWh,DK1,DK_1,day_ahead_price,value,2026-08-02T11:09:27Z
2026-08-02T11:05:08Z,2026-08-02T13:05:08+0200,b3181029-81fc-491a-b750-6dc59ef155aa,2026-07-28T09:45:00Z,2026-07-28T11:45:00+0200,0.44,EUR/MWh,DK1,DK_1,day_ahead_price,value,2026-08-02T11:09:27Z
2026-08-02T11:05:08Z,2026-08-02T13:05:08+0200,b3181029-81fc-491a-b750-6dc59ef155aa,2026-07-28T10:00:00Z,2026-07-28T12:00:00+0200,0.14,EUR/MWh,DK1,DK_1,day_ahead_price,value,2026-08-02T11:09:27Z
2026-08-02T11:05:08Z,2026-08-02T13:05:08+0200,b3181029-81fc-491a-b750-6dc59ef155aa,2026-07-28T10:15:00Z,2026-07-28T12:15:00+0200,0.2,EUR/MWh,DK1,DK_1,day_ahead_price,value,2026-08-02T11:09:27Z
2026-08-02T11:05:08Z,2026-08-02T13:05:08+0200,b3181029-81fc-491a-b750-6dc59ef155aa,2026-07-28T10:30:00Z,2026-07-28T12:30:00+0200,0.19,EUR/MWh,DK1,DK_1,day_ahead_price,value,2026-08-02T11:09:27Z
2026-08-02T11:05:08Z,2026-08-02T13:05:08+0200,b3181029-81fc-491a-b750-6dc59ef155aa,2026-07-28T10:45:00Z,2026-07-28T12:45:00+0200,0.17,EUR/MWh,DK1,DK_1,day_ahead_price,value,2026-08-02T11:09:27Z
2026-08-02T11:05:08Z,2026-08-02T13:05:08+0200,b3181029-81fc-491a-b750-6dc59ef155aa,2026-07-28T11:00:00Z,2026-07-28T13:00:00+0200,1.24,EUR/MWh,DK1,DK_1,day_ahead_price,value,2026-08-02T11:09:27Z
2026-08-02T11:05:08Z,2026-08-02T13:05:08+0200,b3181029-81fc-491a-b750-6dc59ef155aa,2026-07-28T11:15:00Z,2026-07-28T13:15:00+0200,1.23,EUR/MWh,DK1,DK_1,day_ahead_price,value,2026-08-02T11:09:27Z
2026-08-02T11:05:08Z,2026-08-02T13:05:08+0200,b3181029-81fc-491a-b750-6dc59ef155aa,2026-07-28T11:30:00Z,2026-07-28T13:30:00+0200,1.15,EUR/MWh,DK1,DK_1,day_ahead_price,value,2026-08-02T11:09:27Z
2026-08-02T11:05:08Z,2026-08-02T13:05:08+0200,b3181029-81fc-491a-b750-6dc59ef155aa,2026-07-28T11:45:00Z,2026-07-28T13:45:00+0200,1.29,EUR/MWh,DK1,DK_1,day_ahead_price,value,2026-08-02T11:09:27Z
2026-08-02T11:05:08Z,2026-08-02T13:05:08+0200,b3181029-81fc-491a-b750-6dc59ef155aa,2026-07-28T12:00:00Z,2026-07-28T14:00:00+0200,1.27,EUR/MWh,DK1,DK_1,day_ahead_price,value,2026-08-02T11:09:27Z
2026-08-02T11:05:08Z,2026-08-02T13:05:08+0200,b3181029-81fc-491a-b750-6dc59ef155aa,2026-07-28T12:15:00Z,2026-07-28T14:15:00+0200,1.25,EUR/MWh,DK1,DK_1,day_ahead_price,value,2026-08-02T11:09:27Z
2026-08-02T11:05:08Z,2026-08-02T13:05:08+0200,b3181029-81fc-491a-b750-6dc59ef155aa,2026-07-28T12:30:00Z,2026-07-28T14:30:00+0200,1.23,EUR/MWh,DK1,DK_1,day_ahead_price,value,2026-08-02T11:09:27Z
2026-08-02T11:05:08Z,2026-08-02T13:05:08+0200,b3181029-81fc-491a-b750-6dc59ef155aa,2026-07-28T12:45:00Z,2026-07-28T14:45:00+0200,1.26,EUR/MWh,DK1,DK_1,day_ahead_price,value,2026-08-02T11:09:27Z
2026-08-02T11:05:08Z,2026-08-02T13:05:08+0200,b3181029-81fc-491a-b750-6dc59ef155aa,2026-07-28T13:00:00Z,2026-07-28T15:00:00+0200,0.23,EUR/MWh,DK1,DK_1,day_ahead_price,value,2026-08-02T11:09:27Z
2026-08-02T11:05:08Z,2026-08-02T13:05:08+0200,b3181029-81fc-491a-b750-6dc59ef155aa,2026-07-28T13:15:00Z,2026-07-28T15:15:00+0200,1.34,EUR/MWh,DK1,DK_1,day_ahead_price,value,2026-08-02T11:09:27Z
2026-08-02T11:05:08Z,2026-08-02T13:05:08+0200,b3181029-81fc-491a-b750-6dc59ef155aa,2026-07-28T13:30:00Z,2026-07-28T15:30:00+0200,2.66,EUR/MWh,DK1,DK_1,day_ahead_price,value,2026-08-02T11:09:27Z
2026-08-02T11:05:08Z,2026-08-02T13:05:08+0200,b3181029-81fc-491a-b750-6dc59ef155aa,2026-07-28T13:45:00Z,2026-07-28T15:45:00+0200,9.6,EUR/MWh,DK1,DK_1,day_ahead_price,value,2026-08-02T11:09:27Z
2026-08-02T11:05:08Z,2026-08-02T13:05:08+0200,b3181029-81fc-491a-b750-6dc59ef155aa,2026-07-28T14:00:00Z,2026-07-28T16:00:00+0200,4.32,EUR/MWh,DK1,DK_1,day_ahead_price,value,2026-08-02T11:09:27Z
2026-08-02T11:05:08Z,2026-08-02T13:05:08+0200,b3181029-81fc-491a-b750-6dc59ef155aa,2026-07-28T14:15:00Z,2026-07-28T16:15:00+0200,15.7,EUR/MWh,DK1,DK_1,day_ahead_price,value,2026-08-02T11:09:27Z
2026-08-02T11:05:08Z,2026-08-02T13:05:08+0200,b3181029-81fc-491a-b750-6dc59ef155aa,2026-07-28T14:30:00Z,2026-07-28T16:30:00+0200,60.94,EUR/MWh,DK1,DK_1,day_ahead_price,value,2026-08-02T11:09:27Z
2026-08-02T11:05:08Z,2026-08-02T13:05:08+0200,b3181029-81fc-491a-b750-6dc59ef155aa,2026-07-28T14:45:00Z,2026-07-28T16:45:00+0200,95.98,EUR/MWh,DK1,DK_1,day_ahead_price,value,2026-08-02T11:09:27Z
2026-08-02T11:05:08Z,2026-08-02T13:05:08+0200,b3181029-81fc-491a-b750-6dc59ef155aa,2026-07-28T15:00:00Z,2026-07-28T17:00:00+0200,60.14,EUR/MWh,DK1,DK_1,day_ahead_price,value,2026-08-02T11:09:27Z
2026-08-02T11:05:08Z,2026-08-02T13:05:08+0200,b3181029-81fc-491a-b750-6dc59ef155aa,2026-07-28T15:15:00Z,2026-07-28T17:15:00+0200,101.39,EUR/MWh,DK1,DK_1,day_ahead_price,value,2026-08-02T11:09:27Z
2026-08-02T11:05:08Z,2026-08-02T13:05:08+0200,b3181029-81fc-491a-b750-6dc59ef155aa,2026-07-28T15:30:00Z,2026-07-28T17:30:00+0200,119.12,EUR/MWh,DK1,DK_1,day_ahead_price,value,2026-08-02T11:09:27Z
2026-08-02T11:05:08Z,2026-08-02T13:05:08+0200,b3181029-81fc-491a-b750-6dc59ef155aa,2026-07-28T15:45:00Z,2026-07-28T17:45:00+0200,146.91,EUR/MWh,DK1,DK_1,day_ahead_price,value,2026-08-02T11:09:27Z
2026-08-02T11:05:08Z,2026-08-02T13:05:08+0200,b3181029-81fc-491a-b750-6dc59ef155aa,2026-07-28T16:00:00Z,2026-07-28T18:00:00+0200,123.98,EUR/MWh,DK1,DK_1,day_ahead_price,value,2026-08-02T11:09:27Z
2026-08-02T11:05:08Z,2026-08-02T13:05:08+0200,b3181029-81fc-491a-b750-6dc59ef155aa,2026-07-28T16:15:00Z,2026-07-28T18:15:00+0200,155.59,EUR/MWh,DK1,DK_1,day_ahead_price,value,2026-08-02T11:09:27Z
2026-08-02T11:05:08Z,2026-08-02T13:05:08+0200,b3181029-81fc-491a-b750-6dc59ef155aa,2026-07-28T16:30:00Z,2026-07-28T18:30:00+0200,165.43,EUR/MWh,DK1,DK_1,day_ahead_price,value,2026-08-02T11:09:27Z
2026-08-02T11:05:08Z,2026-08-02T13:05:08+0200,b3181029-81fc-491a-b750-6dc59ef155aa,2026-07-28T16:45:00Z,2026-07-28T18:45:00+0200,176.85,EUR/MWh,DK1,DK_1,day_ahead_price,value,2026-08-02T11:09:27Z
2026-08-02T11:05:08Z,2026-08-02T13:05:08+0200,b3181029-81fc-491a-b750-6dc59ef155aa,2026-07-28T17:00:00Z,2026-07-28T19:00:00+0200,171.78,EUR/MWh,DK1,DK_1,day_ahead_price,value,2026-08-02T11:09:27Z
2026-08-02T11:05:08Z,2026-08-02T13:05:08+0200,b3181029-81fc-491a-b750-6dc59ef155aa,2026-07-28T17:15:00Z,2026-07-28T19:15:00+0200,184.6,EUR/MWh,DK1,DK_1,day_ahead_price,value,2026-08-02T11:09:27Z
2026-08-02T11:05:08Z,2026-08-02T13:05:08+0200,b3181029-81fc-491a-b750-6dc59ef155aa,2026-07-28T17:30:00Z,2026-07-28T19:30:00+0200,199.61,EUR/MWh,DK1,DK_1,day_ahead_price,value,2026-08-02T11:09:27Z
2026-08-02T11:05:08Z,2026-08-02T13:05:08+0200,b3181029-81fc-491a-b750-6dc59ef155aa,2026-07-28T17:45:00Z,2026-07-28T19:45:00+0200,225.77,EUR/MWh,DK1,DK_1,day_ahead_price,value,2026-08-02T11:09:27Z
2026-08-02T11:05:08Z,2026-08-02T13:05:08+0200,b3181029-81fc-491a-b750-6dc59ef155aa,2026-07-28T18:00:00Z,2026-07-28T20:00:00+0200,198.89,EUR/MWh,DK1,DK_1,day_ahead_price,value,2026-08-02T11:09:27Z
2026-08-02T11:05:08Z,2026-08-02T13:05:08+0200,b3181029-81fc-491a-b750-6dc59ef155aa,2026-07-28T18:15:00Z,2026-07-28T20:15:00+0200,206.77,EUR/MWh,DK1,DK_1,day_ahead_price,value,2026-08-02T11:09:27Z
2026-08-02T11:05:08Z,2026-08-02T13:05:08+0200,b3181029-81fc-491a-b750-6dc59ef155aa,2026-07-28T18:30:00Z,2026-07-28T20:30:00+0200,219.14,EUR/MWh,DK1,DK_1,day_ahead_price,value,2026-08-02T11:09:27Z
2026-08-02T11:05:08Z,2026-08-02T13:05:08+0200,b3181029-81fc-491a-b750-6dc59ef155aa,2026-07-28T18:45:00Z,2026-07-28T20:45:00+0200,237.45,EUR/MWh,DK1,DK_1,day_ahead_price,value,2026-08-02T11:09:27Z
2026-08-02T11:05:08Z,2026-08-02T13:05:08+0200,b3181029-81fc-491a-b750-6dc59ef155aa,2026-07-28T19:00:00Z,2026-07-28T21:00:00+0200,219.99,EUR/MWh,DK1,DK_1,day_ahead_price,value,2026-08-02T11:09:27Z
2026-08-02T11:05:08Z,2026-08-02T13:05:08+0200,b3181029-81fc-491a-b750-6dc59ef155aa,2026-07-28T19:15:00Z,2026-07-28T21:15:00+0200,213.91,EUR/MWh,DK1,DK_1,day_ahead_price,value,2026-08-02T11:09:27Z
2026-08-02T11:05:08Z,2026-08-02T13:05:08+0200,b3181029-81fc-491a-b750-6dc59ef155aa,2026-07-28T19:30:00Z,2026-07-28T21:30:00+0200,205.71,EUR/MWh,DK1,DK_1,day_ahead_price,value,2026-08-02T11:09:27Z
2026-08-02T11:05:08Z,2026-08-02T13:05:08+0200,b3181029-81fc-491a-b750-6dc59ef155aa,2026-07-28T19:45:00Z,2026-07-28T21:45:00+0200,200.1,EUR/MWh,DK1,DK_1,day_ahead_price,value,2026-08-02T11:09:27Z
2026-08-02T11:05:08Z,2026-08-02T13:05:08+0200,b3181029-81fc-491a-b750-6dc59ef155aa,2026-07-28T20:00:00Z,2026-07-28T22:00:00+0200,210.79,EUR/MWh,DK1,DK_1,day_ahead_price,value,2026-08-02T11:09:27Z
2026-08-02T11:05:08Z,2026-08-02T13:05:08+0200,b3181029-81fc-491a-b750-6dc59ef155aa,2026-07-28T20:15:00Z,2026-07-28T22:15:00+0200,197.06,EUR/MWh,DK1,DK_1,day_ahead_price,value,2026-08-02T11:09:27Z
2026-08-02T11:05:08Z,2026-08-02T13:05:08+0200,b3181029-81fc-491a-b750-6dc59ef155aa,2026-07-28T20:30:00Z,2026-07-28T22:30:00+0200,187.55,EUR/MWh,DK1,DK_1,day_ahead_price,value,2026-08-02T11:09:27Z
2026-08-02T11:05:08Z,2026-08-02T13:05:08+0200,b3181029-81fc-491a-b750-6dc59ef155aa,2026-07-28T20:45:00Z,2026-07-28T22:45:00+0200,180.43,EUR/MWh,DK1,DK_1,day_ahead_price,value,2026-08-02T11:09:27Z
2026-08-02T11:05:08Z,2026-08-02T13:05:08+0200,b3181029-81fc-491a-b750-6dc59ef155aa,2026-07-28T21:00:00Z,2026-07-28T23:00:00+0200,187.95,EUR/MWh,DK1,DK_1,day_ahead_price,value,2026-08-02T11:09:27Z
2026-08-02T11:05:08Z,2026-08-02T13:05:08+0200,b3181029-81fc-491a-b750-6dc59ef155aa,2026-07-28T21:15:00Z,2026-07-28T23:15:00+0200,171.86,EUR/MWh,DK1,DK_1,day_ahead_price,value,2026-08-02T11:09:27Z
2026-08-02T11:05:08Z,2026-08-02T13:05:08+0200,b3181029-81fc-491a-b750-6dc59ef155aa,2026-07-28T21:30:00Z,2026-07-28T23:30:00+0200,165.95,EUR/MWh,DK1,DK_1,day_ahead_price,value,2026-08-02T11:09:27Z
2026-08-02T11:05:08Z,2026-08-02T13:05:08+0200,b3181029-81fc-491a-b750-6dc59ef155aa,2026-07-28T21:45:00Z,2026-07-28T23:45:00+0200,160.78,EUR/MWh,DK1,DK_1,day_ahead_price,value,2026-08-02T11:09:27Z
2026-08-02T11:05:08Z,2026-08-02T13:05:08+0200,b3181029-81fc-491a-b750-6dc59ef155aa,2026-07-28T22:00:00Z,2026-07-29T00:00:00+0200,164.35,EUR/MWh,DK1,DK_1,day_ahead_price,value,2026-08-02T11:09:27Z
2026-08-02T11:05:08Z,2026-08-02T13:05:08+0200,b3181029-81fc-491a-b750-6dc59ef155aa,2026-07-28T22:15:00Z,2026-07-29T00:15:00+0200,148.41,EUR/MWh,DK1,DK_1,day_ahead_price,value,2026-08-02T11:09:27Z
2026-08-02T11:05:08Z,2026-08-02T13:05:08+0200,b3181029-81fc-491a-b750-6dc59ef155aa,2026-07-28T22:30:00Z,2026-07-29T00:30:00+0200,152.83,EUR/MWh,DK1,DK_1,day_ahead_price,value,2026-08-02T11:09:27Z
2026-08-02T11:05:08Z,2026-08-02T13:05:08+0200,b3181029-81fc-491a-b750-6dc59ef155aa,2026-07-28T22:45:00Z,2026-07-29T00:45:00+0200,144.1,EUR/MWh,DK1,DK_1,day_ahead_price,value,2026-08-02T11:09:27Z
2026-08-02T11:05:08Z,2026-08-02T13:05:08+0200,b3181029-81fc-491a-b750-6dc59ef155aa,2026-07-28T23:00:00Z,2026-07-29T01:00:00+0200,155.48,EUR/MWh,DK1,DK_1,day_ahead_price,value,2026-08-02T11:09:27Z
2026-08-02T11:05:08Z,2026-08-02T13:05:08+0200,b3181029-81fc-491a-b750-6dc59ef155aa,2026-07-28T23:15:00Z,2026-07-29T01:15:00+0200,148.13,EUR/MWh,DK1,DK_1,day_ahead_price,value,2026-08-02T11:09:27Z
2026-08-02T11:05:08Z,2026-08-02T13:05:08+0200,b3181029-81fc-491a-b750-6dc59ef155aa,2026-07-28T23:30:00Z,2026-07-29T01:30:00+0200,145.63,EUR/MWh,DK1,DK_1,day_ahead_price,value,2026-08-02T11:09:27Z
2026-08-02T11:05:08Z,2026-08-02T13:05:08+0200,b3181029-81fc-491a-b750-6dc59ef155aa,2026-07-28T23:45:00Z,2026-07-29T01:45:00+0200,139.72,EUR/MWh,DK1,DK_1,day_ahead_price,value,2026-08-02T11:09:27Z
2026-08-02T11:05:08Z,2026-08-02T13:05:08+0200,b3181029-81fc-491a-b750-6dc59ef155aa,2026-07-29T00:00:00Z,2026-07-29T02:00:00+0200,140.9,EUR/MWh,DK1,DK_1,day_ahead_price,value,2026-08-02T11:09:27Z
2026-08-02T11:05:08Z,2026-08-02T13:05:08+0200,b3181029-81fc-491a-b750-6dc59ef155aa,2026-07-29T00:15:00Z,2026-07-29T02:15:00+0200,138.32,EUR/MWh,DK1,DK_1,day_ahead_price,value,2026-08-02T11:09:27Z
2026-08-02T11:05:08Z,2026-08-02T13:05:08+0200,b3181029-81fc-491a-b750-6dc59ef155aa,2026-07-29T00:30:00Z,2026-07-29T02:30:00+0200,134.34,EUR/MWh,DK1,DK_1,day_ahead_price,value,2026-08-02T11:09:27Z
2026-08-02T11:05:08Z,2026-08-02T13:05:08+0200,b3181029-81fc-491a-b750-6dc59ef155aa,2026-07-29T00:45:00Z,2026-07-29T02:45:00+0200,133.32,EUR/MWh,DK1,DK_1,day_ahead_price,value,2026-08-02T11:09:27Z
2026-08-02T11:05:08Z,2026-08-02T13:05:08+0200,b3181029-81fc-491a-b750-6dc59ef155aa,2026-07-29T01:00:00Z,2026-07-29T03:00:00+0200,135.01,EUR/MWh,DK1,DK_1,day_ahead_price,value,2026-08-02T11:09:27Z
2026-08-02T11:05:08Z,2026-08-02T13:05:08+0200,b3181029-81fc-491a-b750-6dc59ef155aa,2026-07-29T01:15:00Z,2026-07-29T03:15:00+0200,135.15,EUR/MWh,DK1,DK_1,day_ahead_price,value,2026-08-02T11:09:27Z
2026-08-02T11:05:08Z,2026-08-02T13:05:08+0200,b3181029-81fc-491a-b750-6dc59ef155aa,2026-07-29T01:30:00Z,2026-07-29T03:30:00+0200,135.03,EUR/MWh,DK1,DK_1,day_ahead_price,value,2026-08-02T11:09:27Z
2026-08-02T11:05:08Z,2026-08-02T13:05:08+0200,b3181029-81fc-491a-b750-6dc59ef155aa,2026-07-29T01:45:00Z,2026-07-29T03:45:00+0200,134.82,EUR/MWh,DK1,DK_1,day_ahead_price,value,2026-08-02T11:09:27Z
2026-08-02T11:05:08Z,2026-08-02T13:05:08+0200,b3181029-81fc-491a-b750-6dc59ef155aa,2026-07-29T02:00:00Z,2026-07-29T04:00:00+0200,134.22,EUR/MWh,DK1,DK_1,day_ahead_price,value,2026-08-02T11:09:27Z
2026-08-02T11:05:08Z,2026-08-02T13:05:08+0200,b3181029-81fc-491a-b750-6dc59ef155aa,2026-07-29T02:15:00Z,2026-07-29T04:15:00+0200,138.06,EUR/MWh,DK1,DK_1,day_ahead_price,value,2026-08-02T11:09:27Z
2026-08-02T11:05:08Z,2026-08-02T13:05:08+0200,b3181029-81fc-491a-b750-6dc59ef155aa,2026-07-29T02:30:00Z,2026-07-29T04:30:00+0200,139.8,EUR/MWh,DK1,DK_1,day_ahead_price,value,2026-08-02T11:09:27Z
2026-08-02T11:05:08Z,2026-08-02T13:05:08+0200,b3181029-81fc-491a-b750-6dc59ef155aa,2026-07-29T02:45:00Z,2026-07-29T04:45:00+0200,146.39,EUR/MWh,DK1,DK_1,day_ahead_price,value,2026-08-02T11:09:27Z
2026-08-02T11:05:08Z,2026-08-02T13:05:08+0200,b3181029-81fc-491a-b750-6dc59ef155aa,2026-07-29T03:00:00Z,2026-07-29T05:00:00+0200,136.45,EUR/MWh,DK1,DK_1,day_ahead_price,value,2026-08-02T11:09:27Z
2026-08-02T11:05:08Z,2026-08-02T13:05:08+0200,b3181029-81fc-491a-b750-6dc59ef155aa,2026-07-29T03:15:00Z,2026-07-29T05:15:00+0200,140.23,EUR/MWh,DK1,DK_1,day_ahead_price,value,2026-08-02T11:09:27Z
2026-08-02T11:05:08Z,2026-08-02T13:05:08+0200,b3181029-81fc-491a-b750-6dc59ef155aa,2026-07-29T03:30:00Z,2026-07-29T05:30:00+0200,150.04,EUR/MWh,DK1,DK_1,day_ahead_price,value,2026-08-02T11:09:27Z
2026-08-02T11:05:08Z,2026-08-02T13:05:08+0200,b3181029-81fc-491a-b750-6dc59ef155aa,2026-07-29T03:45:00Z,2026-07-29T05:45:00+0200,161.86,EUR/MWh,DK1,DK_1,day_ahead_price,value,2026-08-02T11:09:27Z
2026-08-02T11:05:08Z,2026-08-02T13:05:08+0200,b3181029-81fc-491a-b750-6dc59ef155aa,2026-07-29T04:00:00Z,2026-07-29T06:00:00+0200,159.77,EUR/MWh,DK1,DK_1,day_ahead_price,value,2026-08-02T11:09:27Z
2026-08-02T11:05:08Z,2026-08-02T13:05:08+0200,b3181029-81fc-491a-b750-6dc59ef155aa,2026-07-29T04:15:00Z,2026-07-29T06:15:00+0200,169.31,EUR/MWh,DK1,DK_1,day_ahead_price,value,2026-08-02T11:09:27Z
2026-08-02T11:05:08Z,2026-08-02T13:05:08+0200,b3181029-81fc-491a-b750-6dc59ef155aa,2026-07-29T04:30:00Z,2026-07-29T06:30:00+0200,168.84,EUR/MWh,DK1,DK_1,day_ahead_price,value,2026-08-02T11:09:27Z
2026-08-02T11:05:08Z,2026-08-02T13:05:08+0200,b3181029-81fc-491a-b750-6dc59ef155aa,2026-07-29T04:45:00Z,2026-07-29T06:45:00+0200,168.41,EUR/MWh,DK1,DK_1,day_ahead_price,value,2026-08-02T11:09:27Z
2026-08-02T11:05:08Z,2026-08-02T13:05:08+0200,b3181029-81fc-491a-b750-6dc59ef155aa,2026-07-29T05:00:00Z,2026-07-29T07:00:00+0200,170.82,EUR/MWh,DK1,DK_1,day_ahead_price,value,2026-08-02T11:09:27Z
2026-08-02T11:05:08Z,2026-08-02T13:05:08+0200,b3181029-81fc-491a-b750-6dc59ef155aa,2026-07-29T05:15:00Z,2026-07-29T07:15:00+0200,168.94,EUR/MWh,DK1,DK_1,day_ahead_price,value,2026-08-02T11:09:27Z
2026-08-02T11:05:08Z,2026-08-02T13:05:08+0200,b3181029-81fc-491a-b750-6dc59ef155aa,2026-07-29T05:30:00Z,2026-07-29T07:30:00+0200,158.21,EUR/MWh,DK1,DK_1,day_ahead_price,value,2026-08-02T11:09:27Z
2026-08-02T11:05:08Z,2026-08-02T13:05:08+0200,b3181029-81fc-491a-b750-6dc59ef155aa,2026-07-29T05:45:00Z,2026-07-29T07:45:00+0200,141.17,EUR/MWh,DK1,DK_1,day_ahead_price,value,2026-08-02T11:09:27Z
2026-08-02T11:05:08Z,2026-08-02T13:05:08+0200,b3181029-81fc-491a-b750-6dc59ef155aa,2026-07-29T06:00:00Z,2026-07-29T08:00:00+0200,166.54,EUR/MWh,DK1,DK_1,day_ahead_price,value,2026-08-02T11:09:27Z
2026-08-02T11:05:08Z,2026-08-02T13:05:08+0200,b3181029-81fc-491a-b750-6dc59ef155aa,2026-07-29T06:15:00Z,2026-07-29T08:15:00+0200,150.26,EUR/MWh,DK1,DK_1,day_ahead_price,value,2026-08-02T11:09:27Z
2026-08-02T11:05:08Z,2026-08-02T13:05:08+0200,b3181029-81fc-491a-b750-6dc59ef155aa,2026-07-29T06:30:00Z,2026-07-29T08:30:00+0200,142.53,EUR/MWh,DK1,DK_1,day_ahead_price,value,2026-08-02T11:09:27Z
2026-08-02T11:05:08Z,2026-08-02T13:05:08+0200,b3181029-81fc-491a-b750-6dc59ef155aa,2026-07-29T06:45:00Z,2026-07-29T08:45:00+0200,122.3,EUR/MWh,DK1,DK_1,day_ahead_price,value,2026-08-02T11:09:27Z
2026-08-02T11:05:08Z,2026-08-02T13:05:08+0200,b3181029-81fc-491a-b750-6dc59ef155aa,2026-07-29T07:00:00Z,2026-07-29T09:00:00+0200,152.96,EUR/MWh,DK1,DK_1,day_ahead_price,value,2026-08-02T11:09:27Z
2026-08-02T11:05:08Z,2026-08-02T13:05:08+0200,b3181029-81fc-491a-b750-6dc59ef155aa,2026-07-29T07:15:00Z,2026-07-29T09:15:00+0200,125.86,EUR/MWh,DK1,DK_1,day_ahead_price,value,2026-08-02T11:09:27Z
2026-08-02T11:05:08Z,2026-08-02T13:05:08+0200,b3181029-81fc-491a-b750-6dc59ef155aa,2026-07-29T07:30:00Z,2026-07-29T09:30:00+0200,108.84,EUR/MWh,DK1,DK_1,day_ahead_price,value,2026-08-02T11:09:27Z
2026-08-02T11:05:08Z,2026-08-02T13:05:08+0200,b3181029-81fc-491a-b750-6dc59ef155aa,2026-07-29T07:45:00Z,2026-07-29T09:45:00+0200,100.45,EUR/MWh,DK1,DK_1,day_ahead_price,value,2026-08-02T11:09:27Z
2026-08-02T11:05:08Z,2026-08-02T13:05:08+0200,b3181029-81fc-491a-b750-6dc59ef155aa,2026-07-29T08:00:00Z,2026-07-29T10:00:00+0200,109.01,EUR/MWh,DK1,DK_1,day_ahead_price,value,2026-08-02T11:09:27Z
2026-08-02T11:05:08Z,2026-08-02T13:05:08+0200,b3181029-81fc-491a-b750-6dc59ef155aa,2026-07-29T08:15:00Z,2026-07-29T10:15:00+0200,100.51,EUR/MWh,DK1,DK_1,day_ahead_price,value,2026-08-02T11:09:27Z
2026-08-02T11:05:08Z,2026-08-02T13:05:08+0200,b3181029-81fc-491a-b750-6dc59ef155aa,2026-07-29T08:30:00Z,2026-07-29T10:30:00+0200,78.94,EUR/MWh,DK1,DK_1,day_ahead_price,value,2026-08-02T11:09:27Z
2026-08-02T11:05:08Z,2026-08-02T13:05:08+0200,b3181029-81fc-491a-b750-6dc59ef155aa,2026-07-29T08:45:00Z,2026-07-29T10:45:00+0200,50.1,EUR/MWh,DK1,DK_1,day_ahead_price,value,2026-08-02T11:09:27Z
2026-08-02T11:05:08Z,2026-08-02T13:05:08+0200,b3181029-81fc-491a-b750-6dc59ef155aa,2026-07-29T09:00:00Z,2026-07-29T11:00:00+0200,62.23,EUR/MWh,DK1,DK_1,day_ahead_price,value,2026-08-02T11:09:27Z
2026-08-02T11:05:08Z,2026-08-02T13:05:08+0200,b3181029-81fc-491a-b750-6dc59ef155aa,2026-07-29T09:15:00Z,2026-07-29T11:15:00+0200,32.8,EUR/MWh,DK1,DK_1,day_ahead_price,value,2026-08-02T11:09:27Z
2026-08-02T11:05:08Z,2026-08-02T13:05:08+0200,b3181029-81fc-491a-b750-6dc59ef155aa,2026-07-29T09:30:00Z,2026-07-29T11:30:00+0200,12.68,EUR/MWh,DK1,DK_1,day_ahead_price,value,2026-08-02T11:09:27Z
2026-08-02T11:05:08Z,2026-08-02T13:05:08+0200,b3181029-81fc-491a-b750-6dc59ef155aa,2026-07-29T09:45:00Z,2026-07-29T11:45:00+0200,8.43,EUR/MWh,DK1,DK_1,day_ahead_price,value,2026-08-02T11:09:27Z
2026-08-02T11:05:08Z,2026-08-02T13:05:08+0200,b3181029-81fc-491a-b750-6dc59ef155aa,2026-07-29T10:00:00Z,2026-07-29T12:00:00+0200,5.43,EUR/MWh,DK1,DK_1,day_ahead_price,value,2026-08-02T11:09:27Z
2026-08-02T11:05:08Z,2026-08-02T13:05:08+0200,b3181029-81fc-491a-b750-6dc59ef155aa,2026-07-29T10:15:00Z,2026-07-29T12:15:00+0200,2.0,EUR/MWh,DK1,DK_1,day_ahead_price,value,2026-08-02T11:09:27Z
2026-08-02T11:05:08Z,2026-08-02T13:05:08+0200,b3181029-81fc-491a-b750-6dc59ef155aa,2026-07-29T10:30:00Z,2026-07-29T12:30:00+0200,2.0,EUR/MWh,DK1,DK_1,day_ahead_price,value,2026-08-02T11:09:27Z
2026-08-02T11:05:08Z,2026-08-02T13:05:08+0200,b3181029-81fc-491a-b750-6dc59ef155aa,2026-07-29T10:45:00Z,2026-07-29T12:45:00+0200,2.0,EUR/MWh,DK1,DK_1,day_ahead_price,value,2026-08-02T11:09:27Z
2026-08-02T11:05:08Z,2026-08-02T13:05:08+0200,b3181029-81fc-491a-b750-6dc59ef155aa,2026-07-29T11:00:00Z,2026-07-29T13:00:00+0200,2.07,EUR/MWh,DK1,DK_1,day_ahead_price,value,2026-08-02T11:09:27Z
2026-08-02T11:05:08Z,2026-08-02T13:05:08+0200,b3181029-81fc-491a-b750-6dc59ef155aa,2026-07-29T11:15:00Z,2026-07-29T13:15:00+0200,2.06,EUR/MWh,DK1,DK_1,day_ahead_price,value,2026-08-02T11:09:27Z
2026-08-02T11:05:08Z,2026-08-02T13:05:08+0200,b3181029-81fc-491a-b750-6dc59ef155aa,2026-07-29T11:30:00Z,2026-07-29T13:30:00+0200,2.0,EUR/MWh,DK1,DK_1,day_ahead_price,value,2026-08-02T11:09:27Z
2026-08-02T11:05:08Z,2026-08-02T13:05:08+0200,b3181029-81fc-491a-b750-6dc59ef155aa,2026-07-29T11:45:00Z,2026-07-29T13:45:00+0200,2.0,EUR/MWh,DK1,DK_1,day_ahead_price,value,2026-08-02T11:09:27Z
2026-08-02T11:05:08Z,2026-08-02T13:05:08+0200,b3181029-81fc-491a-b750-6dc59ef155aa,2026-07-29T12:00:00Z,2026-07-29T14:00:00+0200,1.33,EUR/MWh,DK1,DK_1,day_ahead_price,value,2026-08-02T11:09:27Z
2026-08-02T11:05:08Z,2026-08-02T13:05:08+0200,b3181029-81fc-491a-b750-6dc59ef155aa,2026-07-29T12:15:00Z,2026-07-29T14:15:00+0200,1.34,EUR/MWh,DK1,DK_1,day_ahead_price,value,2026-08-02T11:09:27Z
2026-08-02T11:05:08Z,2026-08-02T13:05:08+0200,b3181029-81fc-491a-b750-6dc59ef155aa,2026-07-29T12:30:00Z,2026-07-29T14:30:00+0200,1.33,EUR/MWh,DK1,DK_1,day_ahead_price,value,2026-08-02T11:09:27Z
2026-08-02T11:05:08Z,2026-08-02T13:05:08+0200,b3181029-81fc-491a-b750-6dc59ef155aa,2026-07-29T12:45:00Z,2026-07-29T14:45:00+0200,1.91,EUR/MWh,DK1,DK_1,day_ahead_price,value,2026-08-02T11:09:27Z
2026-08-02T11:05:08Z,2026-08-02T13:05:08+0200,b3181029-81fc-491a-b750-6dc59ef155aa,2026-07-29T13:00:00Z,2026-07-29T15:00:00+0200,1.33,EUR/MWh,DK1,DK_1,day_ahead_price,value,2026-08-02T11:09:27Z
2026-08-02T11:05:08Z,2026-08-02T13:05:08+0200,b3181029-81fc-491a-b750-6dc59ef155aa,2026-07-29T13:15:00Z,2026-07-29T15:15:00+0200,2.13,EUR/MWh,DK1,DK_1,day_ahead_price,value,2026-08-02T11:09:27Z
2026-08-02T11:05:08Z,2026-08-02T13:05:08+0200,b3181029-81fc-491a-b750-6dc59ef155aa,2026-07-29T13:30:00Z,2026-07-29T15:30:00+0200,7.26,EUR/MWh,DK1,DK_1,day_ahead_price,value,2026-08-02T11:09:27Z
2026-08-02T11:05:08Z,2026-08-02T13:05:08+0200,b3181029-81fc-491a-b750-6dc59ef155aa,2026-07-29T13:45:00Z,2026-07-29T15:45:00+0200,23.54,EUR/MWh,DK1,DK_1,day_ahead_price,value,2026-08-02T11:09:27Z
2026-08-02T11:05:08Z,2026-08-02T13:05:08+0200,b3181029-81fc-491a-b750-6dc59ef155aa,2026-07-29T14:00:00Z,2026-07-29T16:00:00+0200,25.39,EUR/MWh,DK1,DK_1,day_ahead_price,value,2026-08-02T11:09:27Z
2026-08-02T11:05:08Z,2026-08-02T13:05:08+0200,b3181029-81fc-491a-b750-6dc59ef155aa,2026-07-29T14:15:00Z,2026-07-29T16:15:00+0200,73.79,EUR/MWh,DK1,DK_1,day_ahead_price,value,2026-08-02T11:09:27Z
2026-08-02T11:05:08Z,2026-08-02T13:05:08+0200,b3181029-81fc-491a-b750-6dc59ef155aa,2026-07-29T14:30:00Z,2026-07-29T16:30:00+0200,95.7,EUR/MWh,DK1,DK_1,day_ahead_price,value,2026-08-02T11:09:27Z
2026-08-02T11:05:08Z,2026-08-02T13:05:08+0200,b3181029-81fc-491a-b750-6dc59ef155aa,2026-07-29T14:45:00Z,2026-07-29T16:45:00+0200,109.48,EUR/MWh,DK1,DK_1,day_ahead_price,value,2026-08-02T11:09:27Z
2026-08-02T11:05:08Z,2026-08-02T13:05:08+0200,b3181029-81fc-491a-b750-6dc59ef155aa,2026-07-29T15:00:00Z,2026-07-29T17:00:00+0200,99.42,EUR/MWh,DK1,DK_1,day_ahead_price,value,2026-08-02T11:09:27Z
2026-08-02T11:05:08Z,2026-08-02T13:05:08+0200,b3181029-81fc-491a-b750-6dc59ef155aa,2026-07-29T15:15:00Z,2026-07-29T17:15:00+0200,114.61,EUR/MWh,DK1,DK_1,day_ahead_price,value,2026-08-02T11:09:27Z
2026-08-02T11:05:08Z,2026-08-02T13:05:08+0200,b3181029-81fc-491a-b750-6dc59ef155aa,2026-07-29T15:30:00Z,2026-07-29T17:30:00+0200,135.04,EUR/MWh,DK1,DK_1,day_ahead_price,value,2026-08-02T11:09:27Z
2026-08-02T11:05:08Z,2026-08-02T13:05:08+0200,b3181029-81fc-491a-b750-6dc59ef155aa,2026-07-29T15:45:00Z,2026-07-29T17:45:00+0200,150.97,EUR/MWh,DK1,DK_1,day_ahead_price,value,2026-08-02T11:09:27Z
2026-08-02T11:05:08Z,2026-08-02T13:05:08+0200,b3181029-81fc-491a-b750-6dc59ef155aa,2026-07-29T16:00:00Z,2026-07-29T18:00:00+0200,127.94,EUR/MWh,DK1,DK_1,day_ahead_price,value,2026-08-02T11:09:27Z
2026-08-02T11:05:08Z,2026-08-02T13:05:08+0200,b3181029-81fc-491a-b750-6dc59ef155aa,2026-07-29T16:15:00Z,2026-07-29T18:15:00+0200,148.96,EUR/MWh,DK1,DK_1,day_ahead_price,value,2026-08-02T11:09:27Z
2026-08-02T11:05:08Z,2026-08-02T13:05:08+0200,b3181029-81fc-491a-b750-6dc59ef155aa,2026-07-29T16:30:00Z,2026-07-29T18:30:00+0200,169.21,EUR/MWh,DK1,DK_1,day_ahead_price,value,2026-08-02T11:09:27Z
2026-08-02T11:05:08Z,2026-08-02T13:05:08+0200,b3181029-81fc-491a-b750-6dc59ef155aa,2026-07-29T16:45:00Z,2026-07-29T18:45:00+0200,202.56,EUR/MWh,DK1,DK_1,day_ahead_price,value,2026-08-02T11:09:27Z
2026-08-02T11:05:08Z,2026-08-02T13:05:08+0200,b3181029-81fc-491a-b750-6dc59ef155aa,2026-07-29T17:00:00Z,2026-07-29T19:00:00+0200,172.81,EUR/MWh,DK1,DK_1,day_ahead_price,value,2026-08-02T11:09:27Z
2026-08-02T11:05:08Z,2026-08-02T13:05:08+0200,b3181029-81fc-491a-b750-6dc59ef155aa,2026-07-29T17:15:00Z,2026-07-29T19:15:00+0200,202.58,EUR/MWh,DK1,DK_1,day_ahead_price,value,2026-08-02T11:09:27Z
2026-08-02T11:05:08Z,2026-08-02T13:05:08+0200,b3181029-81fc-491a-b750-6dc59ef155aa,2026-07-29T17:30:00Z,2026-07-29T19:30:00+0200,246.85,EUR/MWh,DK1,DK_1,day_ahead_price,value,2026-08-02T11:09:27Z
2026-08-02T11:05:08Z,2026-08-02T13:05:08+0200,b3181029-81fc-491a-b750-6dc59ef155aa,2026-07-29T17:45:00Z,2026-07-29T19:45:00+0200,348.95,EUR/MWh,DK1,DK_1,day_ahead_price,value,2026-08-02T11:09:27Z
2026-08-02T11:05:08Z,2026-08-02T13:05:08+0200,b3181029-81fc-491a-b750-6dc59ef155aa,2026-07-29T18:00:00Z,2026-07-29T20:00:00+0200,249.77,EUR/MWh,DK1,DK_1,day_ahead_price,value,2026-08-02T11:09:27Z
2026-08-02T11:05:08Z,2026-08-02T13:05:08+0200,b3181029-81fc-491a-b750-6dc59ef155aa,2026-07-29T18:15:00Z,2026-07-29T20:15:00+0200,263.73,EUR/MWh,DK1,DK_1,day_ahead_price,value,2026-08-02T11:09:27Z
2026-08-02T11:05:08Z,2026-08-02T13:05:08+0200,b3181029-81fc-491a-b750-6dc59ef155aa,2026-07-29T18:30:00Z,2026-07-29T20:30:00+0200,274.2,EUR/MWh,DK1,DK_1,day_ahead_price,value,2026-08-02T11:09:27Z
2026-08-02T11:05:08Z,2026-08-02T13:05:08+0200,b3181029-81fc-491a-b750-6dc59ef155aa,2026-07-29T18:45:00Z,2026-07-29T20:45:00+0200,259.48,EUR/MWh,DK1,DK_1,day_ahead_price,value,2026-08-02T11:09:27Z
2026-08-02T11:05:08Z,2026-08-02T13:05:08+0200,b3181029-81fc-491a-b750-6dc59ef155aa,2026-07-29T19:00:00Z,2026-07-29T21:00:00+0200,253.2,EUR/MWh,DK1,DK_1,day_ahead_price,value,2026-08-02T11:09:27Z
2026-08-02T11:05:08Z,2026-08-02T13:05:08+0200,b3181029-81fc-491a-b750-6dc59ef155aa,2026-07-29T19:15:00Z,2026-07-29T21:15:00+0200,225.09,EUR/MWh,DK1,DK_1,day_ahead_price,value,2026-08-02T11:09:27Z
2026-08-02T11:05:08Z,2026-08-02T13:05:08+0200,b3181029-81fc-491a-b750-6dc59ef155aa,2026-07-29T19:30:00Z,2026-07-29T21:30:00+0200,217.3,EUR/MWh,DK1,DK_1,day_ahead_price,value,2026-08-02T11:09:27Z
2026-08-02T11:05:08Z,2026-08-02T13:05:08+0200,b3181029-81fc-491a-b750-6dc59ef155aa,2026-07-29T19:45:00Z,2026-07-29T21:45:00+0200,202.0,EUR/MWh,DK1,DK_1,day_ahead_price,value,2026-08-02T11:09:27Z
2026-08-02T11:05:08Z,2026-08-02T13:05:08+0200,b3181029-81fc-491a-b750-6dc59ef155aa,2026-07-29T20:00:00Z,2026-07-29T22:00:00+0200,206.99,EUR/MWh,DK1,DK_1,day_ahead_price,value,2026-08-02T11:09:27Z
2026-08-02T11:05:08Z,2026-08-02T13:05:08+0200,b3181029-81fc-491a-b750-6dc59ef155aa,2026-07-29T20:15:00Z,2026-07-29T22:15:00+0200,198.3,EUR/MWh,DK1,DK_1,day_ahead_price,value,2026-08-02T11:09:27Z
2026-08-02T11:05:08Z,2026-08-02T13:05:08+0200,b3181029-81fc-491a-b750-6dc59ef155aa,2026-07-29T20:30:00Z,2026-07-29T22:30:00+0200,190.39,EUR/MWh,DK1,DK_1,day_ahead_price,value,2026-08-02T11:09:27Z
2026-08-02T11:05:08Z,2026-08-02T13:05:08+0200,b3181029-81fc-491a-b750-6dc59ef155aa,2026-07-29T20:45:00Z,2026-07-29T22:45:00+0200,176.02,EUR/MWh,DK1,DK_1,day_ahead_price,value,2026-08-02T11:09:27Z
2026-08-02T11:05:08Z,2026-08-02T13:05:08+0200,b3181029-81fc-491a-b750-6dc59ef155aa,2026-07-29T21:00:00Z,2026-07-29T23:00:00+0200,178.83,EUR/MWh,DK1,DK_1,day_ahead_price,value,2026-08-02T11:09:27Z
2026-08-02T11:05:08Z,2026-08-02T13:05:08+0200,b3181029-81fc-491a-b750-6dc59ef155aa,2026-07-29T21:15:00Z,2026-07-29T23:15:00+0200,173.62,EUR/MWh,DK1,DK_1,day_ahead_price,value,2026-08-02T11:09:27Z
2026-08-02T11:05:08Z,2026-08-02T13:05:08+0200,b3181029-81fc-491a-b750-6dc59ef155aa,2026-07-29T21:30:00Z,2026-07-29T23:30:00+0200,170.38,EUR/MWh,DK1,DK_1,day_ahead_price,value,2026-08-02T11:09:27Z
2026-08-02T11:05:08Z,2026-08-02T13:05:08+0200,b3181029-81fc-491a-b750-6dc59ef155aa,2026-07-29T21:45:00Z,2026-07-29T23:45:00+0200,146.1,EUR/MWh,DK1,DK_1,day_ahead_price,value,2026-08-02T11:09:27Z
2026-08-02T11:05:08Z,2026-08-02T13:05:08+0200,b3181029-81fc-491a-b750-6dc59ef155aa,2026-07-29T22:00:00Z,2026-07-30T00:00:00+0200,162.16,EUR/MWh,DK1,DK_1,day_ahead_price,value,2026-08-02T11:09:27Z
2026-08-02T11:05:08Z,2026-08-02T13:05:08+0200,b3181029-81fc-491a-b750-6dc59ef155aa,2026-07-29T22:15:00Z,2026-07-30T00:15:00+0200,152.0,EUR/MWh,DK1,DK_1,day_ahead_price,value,2026-08-02T11:09:27Z
2026-08-02T11:05:08Z,2026-08-02T13:05:08+0200,b3181029-81fc-491a-b750-6dc59ef155aa,2026-07-29T22:30:00Z,2026-07-30T00:30:00+0200,142.66,EUR/MWh,DK1,DK_1,day_ahead_price,value,2026-08-02T11:09:27Z
2026-08-02T11:05:08Z,2026-08-02T13:05:08+0200,b3181029-81fc-491a-b750-6dc59ef155aa,2026-07-29T22:45:00Z,2026-07-30T00:45:00+0200,142.2,EUR/MWh,DK1,DK_1,day_ahead_price,value,2026-08-02T11:09:27Z
2026-08-02T11:05:08Z,2026-08-02T13:05:08+0200,b3181029-81fc-491a-b750-6dc59ef155aa,2026-07-29T23:00:00Z,2026-07-30T01:00:00+0200,144.05,EUR/MWh,DK1,DK_1,day_ahead_price,value,2026-08-02T11:09:27Z
2026-08-02T11:05:08Z,2026-08-02T13:05:08+0200,b3181029-81fc-491a-b750-6dc59ef155aa,2026-07-29T23:15:00Z,2026-07-30T01:15:00+0200,141.88,EUR/MWh,DK1,DK_1,day_ahead_price,value,2026-08-02T11:09:27Z
2026-08-02T11:05:08Z,2026-08-02T13:05:08+0200,b3181029-81fc-491a-b750-6dc59ef155aa,2026-07-29T23:30:00Z,2026-07-30T01:30:00+0200,145.61,EUR/MWh,DK1,DK_1,day_ahead_price,value,2026-08-02T11:09:27Z
2026-08-02T11:05:08Z,2026-08-02T13:05:08+0200,b3181029-81fc-491a-b750-6dc59ef155aa,2026-07-29T23:45:00Z,2026-07-30T01:45:00+0200,138.0,EUR/MWh,DK1,DK_1,day_ahead_price,value,2026-08-02T11:09:27Z
2026-08-02T11:05:08Z,2026-08-02T13:05:08+0200,b3181029-81fc-491a-b750-6dc59ef155aa,2026-07-30T00:00:00Z,2026-07-30T02:00:00+0200,143.0,EUR/MWh,DK1,DK_1,day_ahead_price,value,2026-08-02T11:09:27Z
2026-08-02T11:05:08Z,2026-08-02T13:05:08+0200,b3181029-81fc-491a-b750-6dc59ef155aa,2026-07-30T00:15:00Z,2026-07-30T02:15:00+0200,142.63,EUR/MWh,DK1,DK_1,day_ahead_price,value,2026-08-02T11:09:27Z
2026-08-02T11:05:08Z,2026-08-02T13:05:08+0200,b3181029-81fc-491a-b750-6dc59ef155aa,2026-07-30T00:30:00Z,2026-07-30T02:30:00+0200,137.99,EUR/MWh,DK1,DK_1,day_ahead_price,value,2026-08-02T11:09:27Z
2026-08-02T11:05:08Z,2026-08-02T13:05:08+0200,b3181029-81fc-491a-b750-6dc59ef155aa,2026-07-30T00:45:00Z,2026-07-30T02:45:00+0200,136.37,EUR/MWh,DK1,DK_1,day_ahead_price,value,2026-08-02T11:09:27Z
2026-08-02T11:05:08Z,2026-08-02T13:05:08+0200,b3181029-81fc-491a-b750-6dc59ef155aa,2026-07-30T01:00:00Z,2026-07-30T03:00:00+0200,135.94,EUR/MWh,DK1,DK_1,day_ahead_price,value,2026-08-02T11:09:27Z
2026-08-02T11:05:08Z,2026-08-02T13:05:08+0200,b3181029-81fc-491a-b750-6dc59ef155aa,2026-07-30T01:15:00Z,2026-07-30T03:15:00+0200,134.83,EUR/MWh,DK1,DK_1,day_ahead_price,value,2026-08-02T11:09:27Z
2026-08-02T11:05:08Z,2026-08-02T13:05:08+0200,b3181029-81fc-491a-b750-6dc59ef155aa,2026-07-30T01:30:00Z,2026-07-30T03:30:00+0200,134.16,EUR/MWh,DK1,DK_1,day_ahead_price,value,2026-08-02T11:09:27Z
2026-08-02T11:05:08Z,2026-08-02T13:05:08+0200,b3181029-81fc-491a-b750-6dc59ef155aa,2026-07-30T01:45:00Z,2026-07-30T03:45:00+0200,135.91,EUR/MWh,DK1,DK_1,day_ahead_price,value,2026-08-02T11:09:27Z
2026-08-02T11:05:08Z,2026-08-02T13:05:08+0200,b3181029-81fc-491a-b750-6dc59ef155aa,2026-07-30T02:00:00Z,2026-07-30T04:00:00+0200,132.03,EUR/MWh,DK1,DK_1,day_ahead_price,value,2026-08-02T11:09:27Z
2026-08-02T11:05:08Z,2026-08-02T13:05:08+0200,b3181029-81fc-491a-b750-6dc59ef155aa,2026-07-30T02:15:00Z,2026-07-30T04:15:00+0200,132.26,EUR/MWh,DK1,DK_1,day_ahead_price,value,2026-08-02T11:09:27Z
2026-08-02T11:05:08Z,2026-08-02T13:05:08+0200,b3181029-81fc-491a-b750-6dc59ef155aa,2026-07-30T02:30:00Z,2026-07-30T04:30:00+0200,132.8,EUR/MWh,DK1,DK_1,day_ahead_price,value,2026-08-02T11:09:27Z
2026-08-02T11:05:08Z,2026-08-02T13:05:08+0200,b3181029-81fc-491a-b750-6dc59ef155aa,2026-07-30T02:45:00Z,2026-07-30T04:45:00+0200,132.88,EUR/MWh,DK1,DK_1,day_ahead_price,value,2026-08-02T11:09:27Z
2026-08-02T11:05:08Z,2026-08-02T13:05:08+0200,b3181029-81fc-491a-b750-6dc59ef155aa,2026-07-30T03:00:00Z,2026-07-30T05:00:00+0200,132.49,EUR/MWh,DK1,DK_1,day_ahead_price,value,2026-08-02T11:09:27Z
2026-08-02T11:05:08Z,2026-08-02T13:05:08+0200,b3181029-81fc-491a-b750-6dc59ef155aa,2026-07-30T03:15:00Z,2026-07-30T05:15:00+0200,132.23,EUR/MWh,DK1,DK_1,day_ahead_price,value,2026-08-02T11:09:27Z
2026-08-02T11:05:08Z,2026-08-02T13:05:08+0200,b3181029-81fc-491a-b750-6dc59ef155aa,2026-07-30T03:30:00Z,2026-07-30T05:30:00+0200,138.22,EUR/MWh,DK1,DK_1,day_ahead_price,value,2026-08-02T11:09:27Z
2026-08-02T11:05:08Z,2026-08-02T13:05:08+0200,b3181029-81fc-491a-b750-6dc59ef155aa,2026-07-30T03:45:00Z,2026-07-30T05:45:00+0200,142.75,EUR/MWh,DK1,DK_1,day_ahead_price,value,2026-08-02T11:09:27Z
2026-08-02T11:05:08Z,2026-08-02T13:05:08+0200,b3181029-81fc-491a-b750-6dc59ef155aa,2026-07-30T04:00:00Z,2026-07-30T06:00:00+0200,141.41,EUR/MWh,DK1,DK_1,day_ahead_price,value,2026-08-02T11:09:27Z
2026-08-02T11:05:08Z,2026-08-02T13:05:08+0200,b3181029-81fc-491a-b750-6dc59ef155aa,2026-07-30T04:15:00Z,2026-07-30T06:15:00+0200,149.43,EUR/MWh,DK1,DK_1,day_ahead_price,value,2026-08-02T11:09:27Z
2026-08-02T11:05:08Z,2026-08-02T13:05:08+0200,b3181029-81fc-491a-b750-6dc59ef155aa,2026-07-30T04:30:00Z,2026-07-30T06:30:00+0200,149.88,EUR/MWh,DK1,DK_1,day_ahead_price,value,2026-08-02T11:09:27Z
2026-08-02T11:05:08Z,2026-08-02T13:05:08+0200,b3181029-81fc-491a-b750-6dc59ef155aa,2026-07-30T04:45:00Z,2026-07-30T06:45:00+0200,147.84,EUR/MWh,DK1,DK_1,day_ahead_price,value,2026-08-02T11:09:27Z
2026-08-02T11:05:08Z,2026-08-02T13:05:08+0200,b3181029-81fc-491a-b750-6dc59ef155aa,2026-07-30T05:00:00Z,2026-07-30T07:00:00+0200,164.44,EUR/MWh,DK1,DK_1,day_ahead_price,value,2026-08-02T11:09:27Z
2026-08-02T11:05:08Z,2026-08-02T13:05:08+0200,b3181029-81fc-491a-b750-6dc59ef155aa,2026-07-30T05:15:00Z,2026-07-30T07:15:00+0200,153.88,EUR/MWh,DK1,DK_1,day_ahead_price,value,2026-08-02T11:09:27Z
2026-08-02T11:05:08Z,2026-08-02T13:05:08+0200,b3181029-81fc-491a-b750-6dc59ef155aa,2026-07-30T05:30:00Z,2026-07-30T07:30:00+0200,141.9,EUR/MWh,DK1,DK_1,day_ahead_price,value,2026-08-02T11:09:27Z
2026-08-02T11:05:08Z,2026-08-02T13:05:08+0200,b3181029-81fc-491a-b750-6dc59ef155aa,2026-07-30T05:45:00Z,2026-07-30T07:45:00+0200,126.54,EUR/MWh,DK1,DK_1,day_ahead_price,value,2026-08-02T11:09:27Z
2026-08-02T11:05:08Z,2026-08-02T13:05:08+0200,b3181029-81fc-491a-b750-6dc59ef155aa,2026-07-30T06:00:00Z,2026-07-30T08:00:00+0200,162.01,EUR/MWh,DK1,DK_1,day_ahead_price,value,2026-08-02T11:09:27Z
2026-08-02T11:05:08Z,2026-08-02T13:05:08+0200,b3181029-81fc-491a-b750-6dc59ef155aa,2026-07-30T06:15:00Z,2026-07-30T08:15:00+0200,144.48,EUR/MWh,DK1,DK_1,day_ahead_price,value,2026-08-02T11:09:27Z
2026-08-02T11:05:08Z,2026-08-02T13:05:08+0200,b3181029-81fc-491a-b750-6dc59ef155aa,2026-07-30T06:30:00Z,2026-07-30T08:30:00+0200,130.33,EUR/MWh,DK1,DK_1,day_ahead_price,value,2026-08-02T11:09:27Z
2026-08-02T11:05:08Z,2026-08-02T13:05:08+0200,b3181029-81fc-491a-b750-6dc59ef155aa,2026-07-30T06:45:00Z,2026-07-30T08:45:00+0200,116.55,EUR/MWh,DK1,DK_1,day_ahead_price,value,2026-08-02T11:09:27Z
2026-08-02T11:05:08Z,2026-08-02T13:05:08+0200,b3181029-81fc-491a-b750-6dc59ef155aa,2026-07-30T07:00:00Z,2026-07-30T09:00:00+0200,138.61,EUR/MWh,DK1,DK_1,day_ahead_price,value,2026-08-02T11:09:27Z
2026-08-02T11:05:08Z,2026-08-02T13:05:08+0200,b3181029-81fc-491a-b750-6dc59ef155aa,2026-07-30T07:15:00Z,2026-07-30T09:15:00+0200,122.32,EUR/MWh,DK1,DK_1,day_ahead_price,value,2026-08-02T11:09:27Z
2026-08-02T11:05:08Z,2026-08-02T13:05:08+0200,b3181029-81fc-491a-b750-6dc59ef155aa,2026-07-30T07:30:00Z,2026-07-30T09:30:00+0200,111.04,EUR/MWh,DK1,DK_1,day_ahead_price,value,2026-08-02T11:09:27Z
2026-08-02T11:05:08Z,2026-08-02T13:05:08+0200,b3181029-81fc-491a-b750-6dc59ef155aa,2026-07-30T07:45:00Z,2026-07-30T09:45:00+0200,102.2,EUR/MWh,DK1,DK_1,day_ahead_price,value,2026-08-02T11:09:27Z
2026-08-02T11:05:08Z,2026-08-02T13:05:08+0200,b3181029-81fc-491a-b750-6dc59ef155aa,2026-07-30T08:00:00Z,2026-07-30T10:00:00+0200,108.97,EUR/MWh,DK1,DK_1,day_ahead_price,value,2026-08-02T11:09:27Z
2026-08-02T11:05:08Z,2026-08-02T13:05:08+0200,b3181029-81fc-491a-b750-6dc59ef155aa,2026-07-30T08:15:00Z,2026-07-30T10:15:00+0200,93.64,EUR/MWh,DK1,DK_1,day_ahead_price,value,2026-08-02T11:09:27Z
2026-08-02T11:05:08Z,2026-08-02T13:05:08+0200,b3181029-81fc-491a-b750-6dc59ef155aa,2026-07-30T08:30:00Z,2026-07-30T10:30:00+0200,80.63,EUR/MWh,DK1,DK_1,day_ahead_price,value,2026-08-02T11:09:27Z
2026-08-02T11:05:08Z,2026-08-02T13:05:08+0200,b3181029-81fc-491a-b750-6dc59ef155aa,2026-07-30T08:45:00Z,2026-07-30T10:45:00+0200,56.46,EUR/MWh,DK1,DK_1,day_ahead_price,value,2026-08-02T11:09:27Z
2026-08-02T11:05:08Z,2026-08-02T13:05:08+0200,b3181029-81fc-491a-b750-6dc59ef155aa,2026-07-30T09:00:00Z,2026-07-30T11:00:00+0200,71.37,EUR/MWh,DK1,DK_1,day_ahead_price,value,2026-08-02T11:09:27Z
2026-08-02T11:05:08Z,2026-08-02T13:05:08+0200,b3181029-81fc-491a-b750-6dc59ef155aa,2026-07-30T09:15:00Z,2026-07-30T11:15:00+0200,36.9,EUR/MWh,DK1,DK_1,day_ahead_price,value,2026-08-02T11:09:27Z
2026-08-02T11:05:08Z,2026-08-02T13:05:08+0200,b3181029-81fc-491a-b750-6dc59ef155aa,2026-07-30T09:30:00Z,2026-07-30T11:30:00+0200,20.67,EUR/MWh,DK1,DK_1,day_ahead_price,value,2026-08-02T11:09:27Z
2026-08-02T11:05:08Z,2026-08-02T13:05:08+0200,b3181029-81fc-491a-b750-6dc59ef155aa,2026-07-30T09:45:00Z,2026-07-30T11:45:00+0200,12.9,EUR/MWh,DK1,DK_1,day_ahead_price,value,2026-08-02T11:09:27Z
2026-08-02T11:05:08Z,2026-08-02T13:05:08+0200,b3181029-81fc-491a-b750-6dc59ef155aa,2026-07-30T10:00:00Z,2026-07-30T12:00:00+0200,7.67,EUR/MWh,DK1,DK_1,day_ahead_price,value,2026-08-02T11:09:27Z
2026-08-02T11:05:08Z,2026-08-02T13:05:08+0200,b3181029-81fc-491a-b750-6dc59ef155aa,2026-07-30T10:15:00Z,2026-07-30T12:15:00+0200,7.41,EUR/MWh,DK1,DK_1,day_ahead_price,value,2026-08-02T11:09:27Z
2026-08-02T11:05:08Z,2026-08-02T13:05:08+0200,b3181029-81fc-491a-b750-6dc59ef155aa,2026-07-30T10:30:00Z,2026-07-30T12:30:00+0200,4.61,EUR/MWh,DK1,DK_1,day_ahead_price,value,2026-08-02T11:09:27Z
2026-08-02T11:05:08Z,2026-08-02T13:05:08+0200,b3181029-81fc-491a-b750-6dc59ef155aa,2026-07-30T10:45:00Z,2026-07-30T12:45:00+0200,4.58,EUR/MWh,DK1,DK_1,day_ahead_price,value,2026-08-02T11:09:27Z
2026-08-02T11:05:08Z,2026-08-02T13:05:08+0200,b3181029-81fc-491a-b750-6dc59ef155aa,2026-07-30T11:00:00Z,2026-07-30T13:00:00+0200,4.84,EUR/MWh,DK1,DK_1,day_ahead_price,value,2026-08-02T11:09:27Z
2026-08-02T11:05:08Z,2026-08-02T13:05:08+0200,b3181029-81fc-491a-b750-6dc59ef155aa,2026-07-30T11:15:00Z,2026-07-30T13:15:00+0200,4.75,EUR/MWh,DK1,DK_1,day_ahead_price,value,2026-08-02T11:09:27Z
2026-08-02T11:05:08Z,2026-08-02T13:05:08+0200,b3181029-81fc-491a-b750-6dc59ef155aa,2026-07-30T11:30:00Z,2026-07-30T13:30:00+0200,4.59,EUR/MWh,DK1,DK_1,day_ahead_price,value,2026-08-02T11:09:27Z
2026-08-02T11:05:08Z,2026-08-02T13:05:08+0200,b3181029-81fc-491a-b750-6dc59ef155aa,2026-07-30T11:45:00Z,2026-07-30T13:45:00+0200,5.47,EUR/MWh,DK1,DK_1,day_ahead_price,value,2026-08-02T11:09:27Z
2026-08-02T11:05:08Z,2026-08-02T13:05:08+0200,b3181029-81fc-491a-b750-6dc59ef155aa,2026-07-30T12:00:00Z,2026-07-30T14:00:00+0200,3.8,EUR/MWh,DK1,DK_1,day_ahead_price,value,2026-08-02T11:09:27Z
2026-08-02T11:05:08Z,2026-08-02T13:05:08+0200,b3181029-81fc-491a-b750-6dc59ef155aa,2026-07-30T12:15:00Z,2026-07-30T14:15:00+0200,6.69,EUR/MWh,DK1,DK_1,day_ahead_price,value,2026-08-02T11:09:27Z
2026-08-02T11:05:08Z,2026-08-02T13:05:08+0200,b3181029-81fc-491a-b750-6dc59ef155aa,2026-07-30T12:30:00Z,2026-07-30T14:30:00+0200,18.62,EUR/MWh,DK1,DK_1,day_ahead_price,value,2026-08-02T11:09:27Z
2026-08-02T11:05:08Z,2026-08-02T13:05:08+0200,b3181029-81fc-491a-b750-6dc59ef155aa,2026-07-30T12:45:00Z,2026-07-30T14:45:00+0200,40.08,EUR/MWh,DK1,DK_1,day_ahead_price,value,2026-08-02T11:09:27Z
2026-08-02T11:05:08Z,2026-08-02T13:05:08+0200,b3181029-81fc-491a-b750-6dc59ef155aa,2026-07-30T13:00:00Z,2026-07-30T15:00:00+0200,42.93,EUR/MWh,DK1,DK_1,day_ahead_price,value,2026-08-02T11:09:27Z
2026-08-02T11:05:08Z,2026-08-02T13:05:08+0200,b3181029-81fc-491a-b750-6dc59ef155aa,2026-07-30T13:15:00Z,2026-07-30T15:15:00+0200,61.26,EUR/MWh,DK1,DK_1,day_ahead_price,value,2026-08-02T11:09:27Z
2026-08-02T11:05:08Z,2026-08-02T13:05:08+0200,b3181029-81fc-491a-b750-6dc59ef155aa,2026-07-30T13:30:00Z,2026-07-30T15:30:00+0200,74.46,EUR/MWh,DK1,DK_1,day_ahead_price,value,2026-08-02T11:09:27Z
2026-08-02T11:05:08Z,2026-08-02T13:05:08+0200,b3181029-81fc-491a-b750-6dc59ef155aa,2026-07-30T13:45:00Z,2026-07-30T15:45:00+0200,89.44,EUR/MWh,DK1,DK_1,day_ahead_price,value,2026-08-02T11:09:27Z
2026-08-02T11:05:08Z,2026-08-02T13:05:08+0200,b3181029-81fc-491a-b750-6dc59ef155aa,2026-07-30T14:00:00Z,2026-07-30T16:00:00+0200,76.54,EUR/MWh,DK1,DK_1,day_ahead_price,value,2026-08-02T11:09:27Z
2026-08-02T11:05:08Z,2026-08-02T13:05:08+0200,b3181029-81fc-491a-b750-6dc59ef155aa,2026-07-30T14:15:00Z,2026-07-30T16:15:00+0200,89.69,EUR/MWh,DK1,DK_1,day_ahead_price,value,2026-08-02T11:09:27Z
2026-08-02T11:05:08Z,2026-08-02T13:05:08+0200,b3181029-81fc-491a-b750-6dc59ef155aa,2026-07-30T14:30:00Z,2026-07-30T16:30:00+0200,106.88,EUR/MWh,DK1,DK_1,day_ahead_price,value,2026-08-02T11:09:27Z
2026-08-02T11:05:08Z,2026-08-02T13:05:08+0200,b3181029-81fc-491a-b750-6dc59ef155aa,2026-07-30T14:45:00Z,2026-07-30T16:45:00+0200,125.68,EUR/MWh,DK1,DK_1,day_ahead_price,value,2026-08-02T11:09:27Z
2026-08-02T11:05:08Z,2026-08-02T13:05:08+0200,b3181029-81fc-491a-b750-6dc59ef155aa,2026-07-30T15:00:00Z,2026-07-30T17:00:00+0200,108.61,EUR/MWh,DK1,DK_1,day_ahead_price,value,2026-08-02T11:09:27Z
2026-08-02T11:05:08Z,2026-08-02T13:05:08+0200,b3181029-81fc-491a-b750-6dc59ef155aa,2026-07-30T15:15:00Z,2026-07-30T17:15:00+0200,115.25,EUR/MWh,DK1,DK_1,day_ahead_price,value,2026-08-02T11:09:27Z
2026-08-02T11:05:08Z,2026-08-02T13:05:08+0200,b3181029-81fc-491a-b750-6dc59ef155aa,2026-07-30T15:30:00Z,2026-07-30T17:30:00+0200,130.52,EUR/MWh,DK1,DK_1,day_ahead_price,value,2026-08-02T11:09:27Z
2026-08-02T11:05:08Z,2026-08-02T13:05:08+0200,b3181029-81fc-491a-b750-6dc59ef155aa,2026-07-30T15:45:00Z,2026-07-30T17:45:00+0200,151.94,EUR/MWh,DK1,DK_1,day_ahead_price,value,2026-08-02T11:09:27Z
2026-08-02T11:05:08Z,2026-08-02T13:05:08+0200,b3181029-81fc-491a-b750-6dc59ef155aa,2026-07-30T16:00:00Z,2026-07-30T18:00:00+0200,130.04,EUR/MWh,DK1,DK_1,day_ahead_price,value,2026-08-02T11:09:27Z
2026-08-02T11:05:08Z,2026-08-02T13:05:08+0200,b3181029-81fc-491a-b750-6dc59ef155aa,2026-07-30T16:15:00Z,2026-07-30T18:15:00+0200,144.65,EUR/MWh,DK1,DK_1,day_ahead_price,value,2026-08-02T11:09:27Z
2026-08-02T11:05:08Z,2026-08-02T13:05:08+0200,b3181029-81fc-491a-b750-6dc59ef155aa,2026-07-30T16:30:00Z,2026-07-30T18:30:00+0200,159.52,EUR/MWh,DK1,DK_1,day_ahead_price,value,2026-08-02T11:09:27Z
2026-08-02T11:05:08Z,2026-08-02T13:05:08+0200,b3181029-81fc-491a-b750-6dc59ef155aa,2026-07-30T16:45:00Z,2026-07-30T18:45:00+0200,161.54,EUR/MWh,DK1,DK_1,day_ahead_price,value,2026-08-02T11:09:27Z
2026-08-02T11:05:08Z,2026-08-02T13:05:08+0200,b3181029-81fc-491a-b750-6dc59ef155aa,2026-07-30T17:00:00Z,2026-07-30T19:00:00+0200,150.67,EUR/MWh,DK1,DK_1,day_ahead_price,value,2026-08-02T11:09:27Z
2026-08-02T11:05:08Z,2026-08-02T13:05:08+0200,b3181029-81fc-491a-b750-6dc59ef155aa,2026-07-30T17:15:00Z,2026-07-30T19:15:00+0200,173.74,EUR/MWh,DK1,DK_1,day_ahead_price,value,2026-08-02T11:09:27Z
2026-08-02T11:05:08Z,2026-08-02T13:05:08+0200,b3181029-81fc-491a-b750-6dc59ef155aa,2026-07-30T17:30:00Z,2026-07-30T19:30:00+0200,182.8,EUR/MWh,DK1,DK_1,day_ahead_price,value,2026-08-02T11:09:27Z
2026-08-02T11:05:08Z,2026-08-02T13:05:08+0200,b3181029-81fc-491a-b750-6dc59ef155aa,2026-07-30T17:45:00Z,2026-07-30T19:45:00+0200,192.47,EUR/MWh,DK1,DK_1,day_ahead_price,value,2026-08-02T11:09:27Z
2026-08-02T11:05:08Z,2026-08-02T13:05:08+0200,b3181029-81fc-491a-b750-6dc59ef155aa,2026-07-30T18:00:00Z,2026-07-30T20:00:00+0200,184.02,EUR/MWh,DK1,DK_1,day_ahead_price,value,2026-08-02T11:09:27Z
2026-08-02T11:05:08Z,2026-08-02T13:05:08+0200,b3181029-81fc-491a-b750-6dc59ef155aa,2026-07-30T18:15:00Z,2026-07-30T20:15:00+0200,188.8,EUR/MWh,DK1,DK_1,day_ahead_price,value,2026-08-02T11:09:27Z
2026-08-02T11:05:08Z,2026-08-02T13:05:08+0200,b3181029-81fc-491a-b750-6dc59ef155aa,2026-07-30T18:30:00Z,2026-07-30T20:30:00+0200,199.5,EUR/MWh,DK1,DK_1,day_ahead_price,value,2026-08-02T11:09:27Z
2026-08-02T11:05:08Z,2026-08-02T13:05:08+0200,b3181029-81fc-491a-b750-6dc59ef155aa,2026-07-30T18:45:00Z,2026-07-30T20:45:00+0200,218.82,EUR/MWh,DK1,DK_1,day_ahead_price,value,2026-08-02T11:09:27Z
2026-08-02T11:05:08Z,2026-08-02T13:05:08+0200,b3181029-81fc-491a-b750-6dc59ef155aa,2026-07-30T19:00:00Z,2026-07-30T21:00:00+0200,217.21,EUR/MWh,DK1,DK_1,day_ahead_price,value,2026-08-02T11:09:27Z
2026-08-02T11:05:08Z,2026-08-02T13:05:08+0200,b3181029-81fc-491a-b750-6dc59ef155aa,2026-07-30T19:15:00Z,2026-07-30T21:15:00+0200,211.75,EUR/MWh,DK1,DK_1,day_ahead_price,value,2026-08-02T11:09:27Z
2026-08-02T11:05:08Z,2026-08-02T13:05:08+0200,b3181029-81fc-491a-b750-6dc59ef155aa,2026-07-30T19:30:00Z,2026-07-30T21:30:00+0200,203.97,EUR/MWh,DK1,DK_1,day_ahead_price,value,2026-08-02T11:09:27Z
2026-08-02T11:05:08Z,2026-08-02T13:05:08+0200,b3181029-81fc-491a-b750-6dc59ef155aa,2026-07-30T19:45:00Z,2026-07-30T21:45:00+0200,194.09,EUR/MWh,DK1,DK_1,day_ahead_price,value,2026-08-02T11:09:27Z
2026-08-02T11:05:08Z,2026-08-02T13:05:08+0200,b3181029-81fc-491a-b750-6dc59ef155aa,2026-07-30T20:00:00Z,2026-07-30T22:00:00+0200,201.3,EUR/MWh,DK1,DK_1,day_ahead_price,value,2026-08-02T11:09:27Z
2026-08-02T11:05:08Z,2026-08-02T13:05:08+0200,b3181029-81fc-491a-b750-6dc59ef155aa,2026-07-30T20:15:00Z,2026-07-30T22:15:00+0200,194.09,EUR/MWh,DK1,DK_1,day_ahead_price,value,2026-08-02T11:09:27Z
2026-08-02T11:05:08Z,2026-08-02T13:05:08+0200,b3181029-81fc-491a-b750-6dc59ef155aa,2026-07-30T20:30:00Z,2026-07-30T22:30:00+0200,187.25,EUR/MWh,DK1,DK_1,day_ahead_price,value,2026-08-02T11:09:27Z
2026-08-02T11:05:08Z,2026-08-02T13:05:08+0200,b3181029-81fc-491a-b750-6dc59ef155aa,2026-07-30T20:45:00Z,2026-07-30T22:45:00+0200,178.55,EUR/MWh,DK1,DK_1,day_ahead_price,value,2026-08-02T11:09:27Z
2026-08-02T11:05:08Z,2026-08-02T13:05:08+0200,b3181029-81fc-491a-b750-6dc59ef155aa,2026-07-30T21:00:00Z,2026-07-30T23:00:00+0200,181.29,EUR/MWh,DK1,DK_1,day_ahead_price,value,2026-08-02T11:09:27Z
2026-08-02T11:05:08Z,2026-08-02T13:05:08+0200,b3181029-81fc-491a-b750-6dc59ef155aa,2026-07-30T21:15:00Z,2026-07-30T23:15:00+0200,172.65,EUR/MWh,DK1,DK_1,day_ahead_price,value,2026-08-02T11:09:27Z
2026-08-02T11:05:08Z,2026-08-02T13:05:08+0200,b3181029-81fc-491a-b750-6dc59ef155aa,2026-07-30T21:30:00Z,2026-07-30T23:30:00+0200,169.78,EUR/MWh,DK1,DK_1,day_ahead_price,value,2026-08-02T11:09:27Z
2026-08-02T11:05:08Z,2026-08-02T13:05:08+0200,b3181029-81fc-491a-b750-6dc59ef155aa,2026-07-30T21:45:00Z,2026-07-30T23:45:00+0200,159.6,EUR/MWh,DK1,DK_1,day_ahead_price,value,2026-08-02T11:09:27Z
2026-08-02T11:05:08Z,2026-08-02T13:05:08+0200,b3181029-81fc-491a-b750-6dc59ef155aa,2026-07-30T22:00:00Z,2026-07-31T00:00:00+0200,177.279999,EUR/MWh,DK1,DK_1,day_ahead_price,value,2026-08-02T11:09:27Z
2026-08-02T11:05:08Z,2026-08-02T13:05:08+0200,b3181029-81fc-491a-b750-6dc59ef155aa,2026-07-30T22:15:00Z,2026-07-31T00:15:00+0200,170.09,EUR/MWh,DK1,DK_1,day_ahead_price,value,2026-08-02T11:09:27Z
2026-08-02T11:05:08Z,2026-08-02T13:05:08+0200,b3181029-81fc-491a-b750-6dc59ef155aa,2026-07-30T22:30:00Z,2026-07-31T00:30:00+0200,164.600006,EUR/MWh,DK1,DK_1,day_ahead_price,value,2026-08-02T11:09:27Z
2026-08-02T11:05:08Z,2026-08-02T13:05:08+0200,b3181029-81fc-491a-b750-6dc59ef155aa,2026-07-30T22:45:00Z,2026-07-31T00:45:00+0200,160.690002,EUR/MWh,DK1,DK_1,day_ahead_price,value,2026-08-02T11:09:27Z
2026-08-02T11:05:08Z,2026-08-02T13:05:08+0200,b3181029-81fc-491a-b750-6dc59ef155aa,2026-07-30T23:00:00Z,2026-07-31T01:00:00+0200,172.65,EUR/MWh,DK1,DK_1,day_ahead_price,value,2026-08-02T11:09:27Z
2026-08-02T11:05:08Z,2026-08-02T13:05:08+0200,b3181029-81fc-491a-b750-6dc59ef155aa,2026-07-30T23:15:00Z,2026-07-31T01:15:00+0200,166.58,EUR/MWh,DK1,DK_1,day_ahead_price,value,2026-08-02T11:09:27Z
2026-08-02T11:05:08Z,2026-08-02T13:05:08+0200,b3181029-81fc-491a-b750-6dc59ef155aa,2026-07-30T23:30:00Z,2026-07-31T01:30:00+0200,157.610001,EUR/MWh,DK1,DK_1,day_ahead_price,value,2026-08-02T11:09:27Z
2026-08-02T11:05:08Z,2026-08-02T13:05:08+0200,b3181029-81fc-491a-b750-6dc59ef155aa,2026-07-30T23:45:00Z,2026-07-31T01:45:00+0200,154.04,EUR/MWh,DK1,DK_1,day_ahead_price,value,2026-08-02T11:09:27Z
2026-08-02T11:05:08Z,2026-08-02T13:05:08+0200,b3181029-81fc-491a-b750-6dc59ef155aa,2026-07-31T00:00:00Z,2026-07-31T02:00:00+0200,157.15,EUR/MWh,DK1,DK_1,day_ahead_price,value,2026-08-02T11:09:27Z
2026-08-02T11:05:08Z,2026-08-02T13:05:08+0200,b3181029-81fc-491a-b750-6dc59ef155aa,2026-07-31T00:15:00Z,2026-07-31T02:15:00+0200,154.5,EUR/MWh,DK1,DK_1,day_ahead_price,value,2026-08-02T11:09:27Z
2026-08-02T11:05:08Z,2026-08-02T13:05:08+0200,b3181029-81fc-491a-b750-6dc59ef155aa,2026-07-31T00:30:00Z,2026-07-31T02:30:00+0200,153.789993,EUR/MWh,DK1,DK_1,day_ahead_price,value,2026-08-02T11:09:27Z
2026-08-02T11:05:08Z,2026-08-02T13:05:08+0200,b3181029-81fc-491a-b750-6dc59ef155aa,2026-07-31T00:45:00Z,2026-07-31T02:45:00+0200,153.88,EUR/MWh,DK1,DK_1,day_ahead_price,value,2026-08-02T11:09:27Z
2026-08-02T11:05:08Z,2026-08-02T13:05:08+0200,b3181029-81fc-491a-b750-6dc59ef155aa,2026-07-31T01:00:00Z,2026-07-31T03:00:00+0200,153.15,EUR/MWh,DK1,DK_1,day_ahead_price,value,2026-08-02T11:09:27Z
2026-08-02T11:05:08Z,2026-08-02T13:05:08+0200,b3181029-81fc-491a-b750-6dc59ef155aa,2026-07-31T01:15:00Z,2026-07-31T03:15:00+0200,154.130005,EUR/MWh,DK1,DK_1,day_ahead_price,value,2026-08-02T11:09:27Z
2026-08-02T11:05:08Z,2026-08-02T13:05:08+0200,b3181029-81fc-491a-b750-6dc59ef155aa,2026-07-31T01:30:00Z,2026-07-31T03:30:00+0200,153.360001,EUR/MWh,DK1,DK_1,day_ahead_price,value,2026-08-02T11:09:27Z
2026-08-02T11:05:08Z,2026-08-02T13:05:08+0200,b3181029-81fc-491a-b750-6dc59ef155aa,2026-07-31T01:45:00Z,2026-07-31T03:45:00+0200,153.279999,EUR/MWh,DK1,DK_1,day_ahead_price,value,2026-08-02T11:09:27Z
2026-08-02T11:05:08Z,2026-08-02T13:05:08+0200,b3181029-81fc-491a-b750-6dc59ef155aa,2026-07-31T02:00:00Z,2026-07-31T04:00:00+0200,152.179993,EUR/MWh,DK1,DK_1,day_ahead_price,value,2026-08-02T11:09:27Z
2026-08-02T11:05:08Z,2026-08-02T13:05:08+0200,b3181029-81fc-491a-b750-6dc59ef155aa,2026-07-31T02:15:00Z,2026-07-31T04:15:00+0200,150.09,EUR/MWh,DK1,DK_1,day_ahead_price,value,2026-08-02T11:09:27Z
2026-08-02T11:05:08Z,2026-08-02T13:05:08+0200,b3181029-81fc-491a-b750-6dc59ef155aa,2026-07-31T02:30:00Z,2026-07-31T04:30:00+0200,154.16,EUR/MWh,DK1,DK_1,day_ahead_price,value,2026-08-02T11:09:27Z
2026-08-02T11:05:08Z,2026-08-02T13:05:08+0200,b3181029-81fc-491a-b750-6dc59ef155aa,2026-07-31T02:45:00Z,2026-07-31T04:45:00+0200,161.389999,EUR/MWh,DK1,DK_1,day_ahead_price,value,2026-08-02T11:09:27Z
2026-08-02T11:05:08Z,2026-08-02T13:05:08+0200,b3181029-81fc-491a-b750-6dc59ef155aa,2026-07-31T03:00:00Z,2026-07-31T05:00:00+0200,151.62,EUR/MWh,DK1,DK_1,day_ahead_price,value,2026-08-02T11:09:27Z
2026-08-02T11:05:08Z,2026-08-02T13:05:08+0200,b3181029-81fc-491a-b750-6dc59ef155aa,2026-07-31T03:15:00Z,2026-07-31T05:15:00+0200,157.259995,EUR/MWh,DK1,DK_1,day_ahead_price,value,2026-08-02T11:09:27Z
2026-08-02T11:05:08Z,2026-08-02T13:05:08+0200,b3181029-81fc-491a-b750-6dc59ef155aa,2026-07-31T03:30:00Z,2026-07-31T05:30:00+0200,172.38,EUR/MWh,DK1,DK_1,day_ahead_price,value,2026-08-02T11:09:27Z
2026-08-02T11:05:08Z,2026-08-02T13:05:08+0200,b3181029-81fc-491a-b750-6dc59ef155aa,2026-07-31T03:45:00Z,2026-07-31T05:45:00+0200,171.12,EUR/MWh,DK1,DK_1,day_ahead_price,value,2026-08-02T11:09:27Z
2026-08-02T11:05:08Z,2026-08-02T13:05:08+0200,b3181029-81fc-491a-b750-6dc59ef155aa,2026-07-31T04:00:00Z,2026-07-31T06:00:00+0200,170.5,EUR/MWh,DK1,DK_1,day_ahead_price,value,2026-08-02T11:09:27Z
2026-08-02T11:05:08Z,2026-08-02T13:05:08+0200,b3181029-81fc-491a-b750-6dc59ef155aa,2026-07-31T04:15:00Z,2026-07-31T06:15:00+0200,179.61,EUR/MWh,DK1,DK_1,day_ahead_price,value,2026-08-02T11:09:27Z
2026-08-02T11:05:08Z,2026-08-02T13:05:08+0200,b3181029-81fc-491a-b750-6dc59ef155aa,2026-07-31T04:30:00Z,2026-07-31T06:30:00+0200,182.009995,EUR/MWh,DK1,DK_1,day_ahead_price,value,2026-08-02T11:09:27Z
2026-08-02T11:05:08Z,2026-08-02T13:05:08+0200,b3181029-81fc-491a-b750-6dc59ef155aa,2026-07-31T04:45:00Z,2026-07-31T06:45:00+0200,178.320007,EUR/MWh,DK1,DK_1,day_ahead_price,value,2026-08-02T11:09:27Z
2026-08-02T11:05:08Z,2026-08-02T13:05:08+0200,b3181029-81fc-491a-b750-6dc59ef155aa,2026-07-31T05:00:00Z,2026-07-31T07:00:00+0200,186.65,EUR/MWh,DK1,DK_1,day_ahead_price,value,2026-08-02T11:09:27Z
2026-08-02T11:05:08Z,2026-08-02T13:05:08+0200,b3181029-81fc-491a-b750-6dc59ef155aa,2026-07-31T05:15:00Z,2026-07-31T07:15:00+0200,180.0,EUR/MWh,DK1,DK_1,day_ahead_price,value,2026-08-02T11:09:27Z
2026-08-02T11:05:08Z,2026-08-02T13:05:08+0200,b3181029-81fc-491a-b750-6dc59ef155aa,2026-07-31T05:30:00Z,2026-07-31T07:30:00+0200,172.61,EUR/MWh,DK1,DK_1,day_ahead_price,value,2026-08-02T11:09:27Z
2026-08-02T11:05:08Z,2026-08-02T13:05:08+0200,b3181029-81fc-491a-b750-6dc59ef155aa,2026-07-31T05:45:00Z,2026-07-31T07:45:00+0200,150.2,EUR/MWh,DK1,DK_1,day_ahead_price,value,2026-08-02T11:09:27Z
2026-08-02T11:05:08Z,2026-08-02T13:05:08+0200,b3181029-81fc-491a-b750-6dc59ef155aa,2026-07-31T06:00:00Z,2026-07-31T08:00:00+0200,182.6,EUR/MWh,DK1,DK_1,day_ahead_price,value,2026-08-02T11:09:27Z
2026-08-02T11:05:08Z,2026-08-02T13:05:08+0200,b3181029-81fc-491a-b750-6dc59ef155aa,2026-07-31T06:15:00Z,2026-07-31T08:15:00+0200,170.72,EUR/MWh,DK1,DK_1,day_ahead_price,value,2026-08-02T11:09:27Z
2026-08-02T11:05:08Z,2026-08-02T13:05:08+0200,b3181029-81fc-491a-b750-6dc59ef155aa,2026-07-31T06:30:00Z,2026-07-31T08:30:00+0200,153.29,EUR/MWh,DK1,DK_1,day_ahead_price,value,2026-08-02T11:09:27Z
2026-08-02T11:05:08Z,2026-08-02T13:05:08+0200,b3181029-81fc-491a-b750-6dc59ef155aa,2026-07-31T06:45:00Z,2026-07-31T08:45:00+0200,129.92,EUR/MWh,DK1,DK_1,day_ahead_price,value,2026-08-02T11:09:27Z
2026-08-02T11:05:08Z,2026-08-02T13:05:08+0200,b3181029-81fc-491a-b750-6dc59ef155aa,2026-07-31T07:00:00Z,2026-07-31T09:00:00+0200,159.5,EUR/MWh,DK1,DK_1,day_ahead_price,value,2026-08-02T11:09:27Z
2026-08-02T11:05:08Z,2026-08-02T13:05:08+0200,b3181029-81fc-491a-b750-6dc59ef155aa,2026-07-31T07:15:00Z,2026-07-31T09:15:00+0200,144.300003,EUR/MWh,DK1,DK_1,day_ahead_price,value,2026-08-02T11:09:27Z
2026-08-02T11:05:08Z,2026-08-02T13:05:08+0200,b3181029-81fc-491a-b750-6dc59ef155aa,2026-07-31T07:30:00Z,2026-07-31T09:30:00+0200,132.78,EUR/MWh,DK1,DK_1,day_ahead_price,value,2026-08-02T11:09:27Z
2026-08-02T11:05:08Z,2026-08-02T13:05:08+0200,b3181029-81fc-491a-b750-6dc59ef155aa,2026-07-31T07:45:00Z,2026-07-31T09:45:00+0200,132.429993,EUR/MWh,DK1,DK_1,day_ahead_price,value,2026-08-02T11:09:27Z
2026-08-02T11:05:08Z,2026-08-02T13:05:08+0200,b3181029-81fc-491a-b750-6dc59ef155aa,2026-07-31T08:00:00Z,2026-07-31T10:00:00+0200,136.139999,EUR/MWh,DK1,DK_1,day_ahead_price,value,2026-08-02T11:09:27Z
2026-08-02T11:05:08Z,2026-08-02T13:05:08+0200,b3181029-81fc-491a-b750-6dc59ef155aa,2026-07-31T08:15:00Z,2026-07-31T10:15:00+0200,137.539993,EUR/MWh,DK1,DK_1,day_ahead_price,value,2026-08-02T11:09:27Z
2026-08-02T11:05:08Z,2026-08-02T13:05:08+0200,b3181029-81fc-491a-b750-6dc59ef155aa,2026-07-31T08:30:00Z,2026-07-31T10:30:00+0200,116.360001,EUR/MWh,DK1,DK_1,day_ahead_price,value,2026-08-02T11:09:27Z
2026-08-02T11:05:08Z,2026-08-02T13:05:08+0200,b3181029-81fc-491a-b750-6dc59ef155aa,2026-07-31T08:45:00Z,2026-07-31T10:45:00+0200,102.769997,EUR/MWh,DK1,DK_1,day_ahead_price,value,2026-08-02T11:09:27Z
2026-08-02T11:05:08Z,2026-08-02T13:05:08+0200,b3181029-81fc-491a-b750-6dc59ef155aa,2026-07-31T09:00:00Z,2026-07-31T11:00:00+0200,115.07,EUR/MWh,DK1,DK_1,day_ahead_price,value,2026-08-02T11:09:27Z
2026-08-02T11:05:08Z,2026-08-02T13:05:08+0200,b3181029-81fc-491a-b750-6dc59ef155aa,2026-07-31T09:15:00Z,2026-07-31T11:15:00+0200,100.519997,EUR/MWh,DK1,DK_1,day_ahead_price,value,2026-08-02T11:09:27Z
2026-08-02T11:05:08Z,2026-08-02T13:05:08+0200,b3181029-81fc-491a-b750-6dc59ef155aa,2026-07-31T09:30:00Z,2026-07-31T11:30:00+0200,100.440002,EUR/MWh,DK1,DK_1,day_ahead_price,value,2026-08-02T11:09:27Z
2026-08-02T11:05:08Z,2026-08-02T13:05:08+0200,b3181029-81fc-491a-b750-6dc59ef155aa,2026-07-31T09:45:00Z,2026-07-31T11:45:00+0200,93.12,EUR/MWh,DK1,DK_1,day_ahead_price,value,2026-08-02T11:09:27Z
2026-08-02T11:05:08Z,2026-08-02T13:05:08+0200,b3181029-81fc-491a-b750-6dc59ef155aa,2026-07-31T10:00:00Z,2026-07-31T12:00:00+0200,97.690002,EUR/MWh,DK1,DK_1,day_ahead_price,value,2026-08-02T11:09:27Z
2026-08-02T11:05:08Z,2026-08-02T13:05:08+0200,b3181029-81fc-491a-b750-6dc59ef155aa,2026-07-31T10:15:00Z,2026-07-31T12:15:00+0200,95.739998,EUR/MWh,DK1,DK_1,day_ahead_price,value,2026-08-02T11:09:27Z
2026-08-02T11:05:08Z,2026-08-02T13:05:08+0200,b3181029-81fc-491a-b750-6dc59ef155aa,2026-07-31T10:30:00Z,2026-07-31T12:30:00+0200,96.029999,EUR/MWh,DK1,DK_1,day_ahead_price,value,2026-08-02T11:09:27Z
2026-08-02T11:05:08Z,2026-08-02T13:05:08+0200,b3181029-81fc-491a-b750-6dc59ef155aa,2026-07-31T10:45:00Z,2026-07-31T12:45:00+0200,86.989998,EUR/MWh,DK1,DK_1,day_ahead_price,value,2026-08-02T11:09:27Z
2026-08-02T11:05:08Z,2026-08-02T13:05:08+0200,b3181029-81fc-491a-b750-6dc59ef155aa,2026-07-31T11:00:00Z,2026-07-31T13:00:00+0200,85.01,EUR/MWh,DK1,DK_1,day_ahead_price,value,2026-08-02T11:09:27Z
2026-08-02T11:05:08Z,2026-08-02T13:05:08+0200,b3181029-81fc-491a-b750-6dc59ef155aa,2026-07-31T11:15:00Z,2026-07-31T13:15:00+0200,84.459999,EUR/MWh,DK1,DK_1,day_ahead_price,value,2026-08-02T11:09:27Z
2026-08-02T11:05:08Z,2026-08-02T13:05:08+0200,b3181029-81fc-491a-b750-6dc59ef155aa,2026-07-31T11:30:00Z,2026-07-31T13:30:00+0200,82.25,EUR/MWh,DK1,DK_1,day_ahead_price,value,2026-08-02T11:09:27Z
2026-08-02T11:05:08Z,2026-08-02T13:05:08+0200,b3181029-81fc-491a-b750-6dc59ef155aa,2026-07-31T11:45:00Z,2026-07-31T13:45:00+0200,81.349998,EUR/MWh,DK1,DK_1,day_ahead_price,value,2026-08-02T11:09:27Z
2026-08-02T11:05:08Z,2026-08-02T13:05:08+0200,b3181029-81fc-491a-b750-6dc59ef155aa,2026-07-31T12:00:00Z,2026-07-31T14:00:00+0200,80.400002,EUR/MWh,DK1,DK_1,day_ahead_price,value,2026-08-02T11:09:27Z
2026-08-02T11:05:08Z,2026-08-02T13:05:08+0200,b3181029-81fc-491a-b750-6dc59ef155aa,2026-07-31T12:15:00Z,2026-07-31T14:15:00+0200,81.989998,EUR/MWh,DK1,DK_1,day_ahead_price,value,2026-08-02T11:09:27Z
2026-08-02T11:05:08Z,2026-08-02T13:05:08+0200,b3181029-81fc-491a-b750-6dc59ef155aa,2026-07-31T12:30:00Z,2026-07-31T14:30:00+0200,87.809998,EUR/MWh,DK1,DK_1,day_ahead_price,value,2026-08-02T11:09:27Z
2026-08-02T11:05:08Z,2026-08-02T13:05:08+0200,b3181029-81fc-491a-b750-6dc59ef155aa,2026-07-31T12:45:00Z,2026-07-31T14:45:00+0200,94.94,EUR/MWh,DK1,DK_1,day_ahead_price,value,2026-08-02T11:09:27Z
2026-08-02T11:05:08Z,2026-08-02T13:05:08+0200,b3181029-81fc-491a-b750-6dc59ef155aa,2026-07-31T13:00:00Z,2026-07-31T15:00:00+0200,89.720001,EUR/MWh,DK1,DK_1,day_ahead_price,value,2026-08-02T11:09:27Z
2026-08-02T11:05:08Z,2026-08-02T13:05:08+0200,b3181029-81fc-491a-b750-6dc59ef155aa,2026-07-31T13:15:00Z,2026-07-31T15:15:00+0200,98.040001,EUR/MWh,DK1,DK_1,day_ahead_price,value,2026-08-02T11:09:27Z
2026-08-02T11:05:08Z,2026-08-02T13:05:08+0200,b3181029-81fc-491a-b750-6dc59ef155aa,2026-07-31T13:30:00Z,2026-07-31T15:30:00+0200,103.0,EUR/MWh,DK1,DK_1,day_ahead_price,value,2026-08-02T11:09:27Z
2026-08-02T11:05:08Z,2026-08-02T13:05:08+0200,b3181029-81fc-491a-b750-6dc59ef155aa,2026-07-31T13:45:00Z,2026-07-31T15:45:00+0200,116.339996,EUR/MWh,DK1,DK_1,day_ahead_price,value,2026-08-02T11:09:27Z
2026-08-02T11:05:08Z,2026-08-02T13:05:08+0200,b3181029-81fc-491a-b750-6dc59ef155aa,2026-07-31T14:00:00Z,2026-07-31T16:00:00+0200,108.72,EUR/MWh,DK1,DK_1,day_ahead_price,value,2026-08-02T11:09:27Z
2026-08-02T11:05:08Z,2026-08-02T13:05:08+0200,b3181029-81fc-491a-b750-6dc59ef155aa,2026-07-31T14:15:00Z,2026-07-31T16:15:00+0200,112.449997,EUR/MWh,DK1,DK_1,day_ahead_price,value,2026-08-02T11:09:27Z
2026-08-02T11:05:08Z,2026-08-02T13:05:08+0200,b3181029-81fc-491a-b750-6dc59ef155aa,2026-07-31T14:30:00Z,2026-07-31T16:30:00+0200,121.989998,EUR/MWh,DK1,DK_1,day_ahead_price,value,2026-08-02T11:09:27Z
2026-08-02T11:05:08Z,2026-08-02T13:05:08+0200,b3181029-81fc-491a-b750-6dc59ef155aa,2026-07-31T14:45:00Z,2026-07-31T16:45:00+0200,133.7,EUR/MWh,DK1,DK_1,day_ahead_price,value,2026-08-02T11:09:27Z
2026-08-02T11:05:08Z,2026-08-02T13:05:08+0200,b3181029-81fc-491a-b750-6dc59ef155aa,2026-07-31T15:00:00Z,2026-07-31T17:00:00+0200,122.910004,EUR/MWh,DK1,DK_1,day_ahead_price,value,2026-08-02T11:09:27Z
2026-08-02T11:05:08Z,2026-08-02T13:05:08+0200,b3181029-81fc-491a-b750-6dc59ef155aa,2026-07-31T15:15:00Z,2026-07-31T17:15:00+0200,133.440002,EUR/MWh,DK1,DK_1,day_ahead_price,value,2026-08-02T11:09:27Z
2026-08-02T11:05:08Z,2026-08-02T13:05:08+0200,b3181029-81fc-491a-b750-6dc59ef155aa,2026-07-31T15:30:00Z,2026-07-31T17:30:00+0200,160.130005,EUR/MWh,DK1,DK_1,day_ahead_price,value,2026-08-02T11:09:27Z
2026-08-02T11:05:08Z,2026-08-02T13:05:08+0200,b3181029-81fc-491a-b750-6dc59ef155aa,2026-07-31T15:45:00Z,2026-07-31T17:45:00+0200,161.61,EUR/MWh,DK1,DK_1,day_ahead_price,value,2026-08-02T11:09:27Z
2026-08-02T11:05:08Z,2026-08-02T13:05:08+0200,b3181029-81fc-491a-b750-6dc59ef155aa,2026-07-31T16:00:00Z,2026-07-31T18:00:00+0200,140.320007,EUR/MWh,DK1,DK_1,day_ahead_price,value,2026-08-02T11:09:27Z
2026-08-02T11:05:08Z,2026-08-02T13:05:08+0200,b3181029-81fc-491a-b750-6dc59ef155aa,2026-07-31T16:15:00Z,2026-07-31T18:15:00+0200,159.850006,EUR/MWh,DK1,DK_1,day_ahead_price,value,2026-08-02T11:09:27Z
2026-08-02T11:05:08Z,2026-08-02T13:05:08+0200,b3181029-81fc-491a-b750-6dc59ef155aa,2026-07-31T16:30:00Z,2026-07-31T18:30:00+0200,167.869995,EUR/MWh,DK1,DK_1,day_ahead_price,value,2026-08-02T11:09:27Z
2026-08-02T11:05:08Z,2026-08-02T13:05:08+0200,b3181029-81fc-491a-b750-6dc59ef155aa,2026-07-31T16:45:00Z,2026-07-31T18:45:00+0200,179.97,EUR/MWh,DK1,DK_1,day_ahead_price,value,2026-08-02T11:09:27Z
2026-08-02T11:05:08Z,2026-08-02T13:05:08+0200,b3181029-81fc-491a-b750-6dc59ef155aa,2026-07-31T17:00:00Z,2026-07-31T19:00:00+0200,166.820007,EUR/MWh,DK1,DK_1,day_ahead_price,value,2026-08-02T11:09:27Z
2026-08-02T11:05:08Z,2026-08-02T13:05:08+0200,b3181029-81fc-491a-b750-6dc59ef155aa,2026-07-31T17:15:00Z,2026-07-31T19:15:00+0200,180.23,EUR/MWh,DK1,DK_1,day_ahead_price,value,2026-08-02T11:09:27Z
2026-08-02T11:05:08Z,2026-08-02T13:05:08+0200,b3181029-81fc-491a-b750-6dc59ef155aa,2026-07-31T17:30:00Z,2026-07-31T19:30:00+0200,195.630005,EUR/MWh,DK1,DK_1,day_ahead_price,value,2026-08-02T11:09:27Z
2026-08-02T11:05:08Z,2026-08-02T13:05:08+0200,b3181029-81fc-491a-b750-6dc59ef155aa,2026-07-31T17:45:00Z,2026-07-31T19:45:00+0200,207.070007,EUR/MWh,DK1,DK_1,day_ahead_price,value,2026-08-02T11:09:27Z
2026-08-02T11:05:08Z,2026-08-02T13:05:08+0200,b3181029-81fc-491a-b750-6dc59ef155aa,2026-07-31T18:00:00Z,2026-07-31T20:00:00+0200,187.699997,EUR/MWh,DK1,DK_1,day_ahead_price,value,2026-08-02T11:09:27Z
2026-08-02T11:05:08Z,2026-08-02T13:05:08+0200,b3181029-81fc-491a-b750-6dc59ef155aa,2026-07-31T18:15:00Z,2026-07-31T20:15:00+0200,193.12,EUR/MWh,DK1,DK_1,day_ahead_price,value,2026-08-02T11:09:27Z
2026-08-02T11:05:08Z,2026-08-02T13:05:08+0200,b3181029-81fc-491a-b750-6dc59ef155aa,2026-07-31T18:30:00Z,2026-07-31T20:30:00+0200,197.990005,EUR/MWh,DK1,DK_1,day_ahead_price,value,2026-08-02T11:09:27Z
2026-08-02T11:05:08Z,2026-08-02T13:05:08+0200,b3181029-81fc-491a-b750-6dc59ef155aa,2026-07-31T18:45:00Z,2026-07-31T20:45:00+0200,200.43,EUR/MWh,DK1,DK_1,day_ahead_price,value,2026-08-02T11:09:27Z
2026-08-02T11:05:08Z,2026-08-02T13:05:08+0200,b3181029-81fc-491a-b750-6dc59ef155aa,2026-07-31T19:00:00Z,2026-07-31T21:00:00+0200,193.76,EUR/MWh,DK1,DK_1,day_ahead_price,value,2026-08-02T11:09:27Z
2026-08-02T11:05:08Z,2026-08-02T13:05:08+0200,b3181029-81fc-491a-b750-6dc59ef155aa,2026-07-31T19:15:00Z,2026-07-31T21:15:00+0200,194.84,EUR/MWh,DK1,DK_1,day_ahead_price,value,2026-08-02T11:09:27Z
2026-08-02T11:05:08Z,2026-08-02T13:05:08+0200,b3181029-81fc-491a-b750-6dc59ef155aa,2026-07-31T19:30:00Z,2026-07-31T21:30:00+0200,197.820007,EUR/MWh,DK1,DK_1,day_ahead_price,value,2026-08-02T11:09:27Z
2026-08-02T11:05:08Z,2026-08-02T13:05:08+0200,b3181029-81fc-491a-b750-6dc59ef155aa,2026-07-31T19:45:00Z,2026-07-31T21:45:00+0200,199.76,EUR/MWh,DK1,DK_1,day_ahead_price,value,2026-08-02T11:09:27Z
2026-08-02T11:05:08Z,2026-08-02T13:05:08+0200,b3181029-81fc-491a-b750-6dc59ef155aa,2026-07-31T20:00:00Z,2026-07-31T22:00:00+0200,204.399994,EUR/MWh,DK1,DK_1,day_ahead_price,value,2026-08-02T11:09:27Z
2026-08-02T11:05:08Z,2026-08-02T13:05:08+0200,b3181029-81fc-491a-b750-6dc59ef155aa,2026-07-31T20:15:00Z,2026-07-31T22:15:00+0200,201.67,EUR/MWh,DK1,DK_1,day_ahead_price,value,2026-08-02T11:09:27Z
2026-08-02T11:05:08Z,2026-08-02T13:05:08+0200,b3181029-81fc-491a-b750-6dc59ef155aa,2026-07-31T20:30:00Z,2026-07-31T22:30:00+0200,184.21,EUR/MWh,DK1,DK_1,day_ahead_price,value,2026-08-02T11:09:27Z
2026-08-02T11:05:08Z,2026-08-02T13:05:08+0200,b3181029-81fc-491a-b750-6dc59ef155aa,2026-07-31T20:45:00Z,2026-07-31T22:45:00+0200,175.04,EUR/MWh,DK1,DK_1,day_ahead_price,value,2026-08-02T11:09:27Z
2026-08-02T11:05:08Z,2026-08-02T13:05:08+0200,b3181029-81fc-491a-b750-6dc59ef155aa,2026-07-31T21:00:00Z,2026-07-31T23:00:00+0200,177.929993,EUR/MWh,DK1,DK_1,day_ahead_price,value,2026-08-02T11:09:27Z
2026-08-02T11:05:08Z,2026-08-02T13:05:08+0200,b3181029-81fc-491a-b750-6dc59ef155aa,2026-07-31T21:15:00Z,2026-07-31T23:15:00+0200,169.789993,EUR/MWh,DK1,DK_1,day_ahead_price,value,2026-08-02T11:09:27Z
2026-08-02T11:05:08Z,2026-08-02T13:05:08+0200,b3181029-81fc-491a-b750-6dc59ef155aa,2026-07-31T21:30:00Z,2026-07-31T23:30:00+0200,167.36,EUR/MWh,DK1,DK_1,day_ahead_price,value,2026-08-02T11:09:27Z
2026-08-02T11:05:08Z,2026-08-02T13:05:08+0200,b3181029-81fc-491a-b750-6dc59ef155aa,2026-07-31T21:45:00Z,2026-07-31T23:45:00+0200,165.130005,EUR/MWh,DK1,DK_1,day_ahead_price,value,2026-08-02T11:09:27Z
2026-08-02T11:05:08Z,2026-08-02T13:05:08+0200,b3181029-81fc-491a-b750-6dc59ef155aa,2026-07-31T22:00:00Z,2026-08-01T00:00:00+0200,183.57,EUR/MWh,DK1,DK_1,day_ahead_price,value,2026-08-02T11:09:27Z
2026-08-02T11:05:08Z,2026-08-02T13:05:08+0200,b3181029-81fc-491a-b750-6dc59ef155aa,2026-07-31T22:15:00Z,2026-08-01T00:15:00+0200,173.36,EUR/MWh,DK1,DK_1,day_ahead_price,value,2026-08-02T11:09:27Z
2026-08-02T11:05:08Z,2026-08-02T13:05:08+0200,b3181029-81fc-491a-b750-6dc59ef155aa,2026-07-31T22:30:00Z,2026-08-01T00:30:00+0200,164.18,EUR/MWh,DK1,DK_1,day_ahead_price,value,2026-08-02T11:09:27Z
2026-08-02T11:05:08Z,2026-08-02T13:05:08+0200,b3181029-81fc-491a-b750-6dc59ef155aa,2026-07-31T22:45:00Z,2026-08-01T00:45:00+0200,155.63,EUR/MWh,DK1,DK_1,day_ahead_price,value,2026-08-02T11:09:27Z
2026-08-02T11:05:08Z,2026-08-02T13:05:08+0200,b3181029-81fc-491a-b750-6dc59ef155aa,2026-07-31T23:00:00Z,2026-08-01T01:00:00+0200,169.15,EUR/MWh,DK1,DK_1,day_ahead_price,value,2026-08-02T11:09:27Z
2026-08-02T11:05:08Z,2026-08-02T13:05:08+0200,b3181029-81fc-491a-b750-6dc59ef155aa,2026-07-31T23:15:00Z,2026-08-01T01:15:00+0200,165.87,EUR/MWh,DK1,DK_1,day_ahead_price,value,2026-08-02T11:09:27Z
2026-08-02T11:05:08Z,2026-08-02T13:05:08+0200,b3181029-81fc-491a-b750-6dc59ef155aa,2026-07-31T23:30:00Z,2026-08-01T01:30:00+0200,157.55,EUR/MWh,DK1,DK_1,day_ahead_price,value,2026-08-02T11:09:27Z
2026-08-02T11:05:08Z,2026-08-02T13:05:08+0200,b3181029-81fc-491a-b750-6dc59ef155aa,2026-07-31T23:45:00Z,2026-08-01T01:45:00+0200,156.91,EUR/MWh,DK1,DK_1,day_ahead_price,value,2026-08-02T11:09:27Z
2026-08-02T11:05:08Z,2026-08-02T13:05:08+0200,b3181029-81fc-491a-b750-6dc59ef155aa,2026-08-01T00:00:00Z,2026-08-01T02:00:00+0200,160.59,EUR/MWh,DK1,DK_1,day_ahead_price,value,2026-08-02T11:09:27Z
2026-08-02T11:05:08Z,2026-08-02T13:05:08+0200,b3181029-81fc-491a-b750-6dc59ef155aa,2026-08-01T00:15:00Z,2026-08-01T02:15:00+0200,158.62,EUR/MWh,DK1,DK_1,day_ahead_price,value,2026-08-02T11:09:27Z
2026-08-02T11:05:08Z,2026-08-02T13:05:08+0200,b3181029-81fc-491a-b750-6dc59ef155aa,2026-08-01T00:30:00Z,2026-08-01T02:30:00+0200,155.61,EUR/MWh,DK1,DK_1,day_ahead_price,value,2026-08-02T11:09:27Z
2026-08-02T11:05:08Z,2026-08-02T13:05:08+0200,b3181029-81fc-491a-b750-6dc59ef155aa,2026-08-01T00:45:00Z,2026-08-01T02:45:00+0200,151.75,EUR/MWh,DK1,DK_1,day_ahead_price,value,2026-08-02T11:09:27Z
2026-08-02T11:05:08Z,2026-08-02T13:05:08+0200,b3181029-81fc-491a-b750-6dc59ef155aa,2026-08-01T01:00:00Z,2026-08-01T03:00:00+0200,156.6,EUR/MWh,DK1,DK_1,day_ahead_price,value,2026-08-02T11:09:27Z
2026-08-02T11:05:08Z,2026-08-02T13:05:08+0200,b3181029-81fc-491a-b750-6dc59ef155aa,2026-08-01T01:15:00Z,2026-08-01T03:15:00+0200,153.09,EUR/MWh,DK1,DK_1,day_ahead_price,value,2026-08-02T11:09:27Z
2026-08-02T11:05:08Z,2026-08-02T13:05:08+0200,b3181029-81fc-491a-b750-6dc59ef155aa,2026-08-01T01:30:00Z,2026-08-01T03:30:00+0200,154.66,EUR/MWh,DK1,DK_1,day_ahead_price,value,2026-08-02T11:09:27Z
2026-08-02T11:05:08Z,2026-08-02T13:05:08+0200,b3181029-81fc-491a-b750-6dc59ef155aa,2026-08-01T01:45:00Z,2026-08-01T03:45:00+0200,152.63,EUR/MWh,DK1,DK_1,day_ahead_price,value,2026-08-02T11:09:27Z
2026-08-02T11:05:08Z,2026-08-02T13:05:08+0200,b3181029-81fc-491a-b750-6dc59ef155aa,2026-08-01T02:00:00Z,2026-08-01T04:00:00+0200,154.33,EUR/MWh,DK1,DK_1,day_ahead_price,value,2026-08-02T11:09:27Z
2026-08-02T11:05:08Z,2026-08-02T13:05:08+0200,b3181029-81fc-491a-b750-6dc59ef155aa,2026-08-01T02:15:00Z,2026-08-01T04:15:00+0200,157.51,EUR/MWh,DK1,DK_1,day_ahead_price,value,2026-08-02T11:09:27Z
2026-08-02T11:05:08Z,2026-08-02T13:05:08+0200,b3181029-81fc-491a-b750-6dc59ef155aa,2026-08-01T02:30:00Z,2026-08-01T04:30:00+0200,153.19,EUR/MWh,DK1,DK_1,day_ahead_price,value,2026-08-02T11:09:27Z
2026-08-02T11:05:08Z,2026-08-02T13:05:08+0200,b3181029-81fc-491a-b750-6dc59ef155aa,2026-08-01T02:45:00Z,2026-08-01T04:45:00+0200,151.14,EUR/MWh,DK1,DK_1,day_ahead_price,value,2026-08-02T11:09:27Z
2026-08-02T11:05:08Z,2026-08-02T13:05:08+0200,b3181029-81fc-491a-b750-6dc59ef155aa,2026-08-01T03:00:00Z,2026-08-01T05:00:00+0200,152.42,EUR/MWh,DK1,DK_1,day_ahead_price,value,2026-08-02T11:09:27Z
2026-08-02T11:05:08Z,2026-08-02T13:05:08+0200,b3181029-81fc-491a-b750-6dc59ef155aa,2026-08-01T03:15:00Z,2026-08-01T05:15:00+0200,155.96,EUR/MWh,DK1,DK_1,day_ahead_price,value,2026-08-02T11:09:27Z
2026-08-02T11:05:08Z,2026-08-02T13:05:08+0200,b3181029-81fc-491a-b750-6dc59ef155aa,2026-08-01T03:30:00Z,2026-08-01T05:30:00+0200,155.07,EUR/MWh,DK1,DK_1,day_ahead_price,value,2026-08-02T11:09:27Z
2026-08-02T11:05:08Z,2026-08-02T13:05:08+0200,b3181029-81fc-491a-b750-6dc59ef155aa,2026-08-01T03:45:00Z,2026-08-01T05:45:00+0200,156.56,EUR/MWh,DK1,DK_1,day_ahead_price,value,2026-08-02T11:09:27Z
2026-08-02T11:05:08Z,2026-08-02T13:05:08+0200,b3181029-81fc-491a-b750-6dc59ef155aa,2026-08-01T04:00:00Z,2026-08-01T06:00:00+0200,159.68,EUR/MWh,DK1,DK_1,day_ahead_price,value,2026-08-02T11:09:27Z
2026-08-02T11:05:08Z,2026-08-02T13:05:08+0200,b3181029-81fc-491a-b750-6dc59ef155aa,2026-08-01T04:15:00Z,2026-08-01T06:15:00+0200,155.92,EUR/MWh,DK1,DK_1,day_ahead_price,value,2026-08-02T11:09:27Z
2026-08-02T11:05:08Z,2026-08-02T13:05:08+0200,b3181029-81fc-491a-b750-6dc59ef155aa,2026-08-01T04:30:00Z,2026-08-01T06:30:00+0200,151.87,EUR/MWh,DK1,DK_1,day_ahead_price,value,2026-08-02T11:09:27Z
2026-08-02T11:05:08Z,2026-08-02T13:05:08+0200,b3181029-81fc-491a-b750-6dc59ef155aa,2026-08-01T04:45:00Z,2026-08-01T06:45:00+0200,149.8,EUR/MWh,DK1,DK_1,day_ahead_price,value,2026-08-02T11:09:27Z
2026-08-02T11:05:08Z,2026-08-02T13:05:08+0200,b3181029-81fc-491a-b750-6dc59ef155aa,2026-08-01T05:00:00Z,2026-08-01T07:00:00+0200,162.96,EUR/MWh,DK1,DK_1,day_ahead_price,value,2026-08-02T11:09:27Z
2026-08-02T11:05:08Z,2026-08-02T13:05:08+0200,b3181029-81fc-491a-b750-6dc59ef155aa,2026-08-01T05:15:00Z,2026-08-01T07:15:00+0200,147.0,EUR/MWh,DK1,DK_1,day_ahead_price,value,2026-08-02T11:09:27Z
2026-08-02T11:05:08Z,2026-08-02T13:05:08+0200,b3181029-81fc-491a-b750-6dc59ef155aa,2026-08-01T05:30:00Z,2026-08-01T07:30:00+0200,141.73,EUR/MWh,DK1,DK_1,day_ahead_price,value,2026-08-02T11:09:27Z
2026-08-02T11:05:08Z,2026-08-02T13:05:08+0200,b3181029-81fc-491a-b750-6dc59ef155aa,2026-08-01T05:45:00Z,2026-08-01T07:45:00+0200,134.0,EUR/MWh,DK1,DK_1,day_ahead_price,value,2026-08-02T11:09:27Z
2026-08-02T11:05:08Z,2026-08-02T13:05:08+0200,b3181029-81fc-491a-b750-6dc59ef155aa,2026-08-01T06:00:00Z,2026-08-01T08:00:00+0200,160.86,EUR/MWh,DK1,DK_1,day_ahead_price,value,2026-08-02T11:09:27Z
2026-08-02T11:05:08Z,2026-08-02T13:05:08+0200,b3181029-81fc-491a-b750-6dc59ef155aa,2026-08-01T06:15:00Z,2026-08-01T08:15:00+0200,143.7,EUR/MWh,DK1,DK_1,day_ahead_price,value,2026-08-02T11:09:27Z
2026-08-02T11:05:08Z,2026-08-02T13:05:08+0200,b3181029-81fc-491a-b750-6dc59ef155aa,2026-08-01T06:30:00Z,2026-08-01T08:30:00+0200,133.18,EUR/MWh,DK1,DK_1,day_ahead_price,value,2026-08-02T11:09:27Z
2026-08-02T11:05:08Z,2026-08-02T13:05:08+0200,b3181029-81fc-491a-b750-6dc59ef155aa,2026-08-01T06:45:00Z,2026-08-01T08:45:00+0200,124.17,EUR/MWh,DK1,DK_1,day_ahead_price,value,2026-08-02T11:09:27Z
2026-08-02T11:05:08Z,2026-08-02T13:05:08+0200,b3181029-81fc-491a-b750-6dc59ef155aa,2026-08-01T07:00:00Z,2026-08-01T09:00:00+0200,145.41,EUR/MWh,DK1,DK_1,day_ahead_price,value,2026-08-02T11:09:27Z
2026-08-02T11:05:08Z,2026-08-02T13:05:08+0200,b3181029-81fc-491a-b750-6dc59ef155aa,2026-08-01T07:15:00Z,2026-08-01T09:15:00+0200,122.35,EUR/MWh,DK1,DK_1,day_ahead_price,value,2026-08-02T11:09:27Z
2026-08-02T11:05:08Z,2026-08-02T13:05:08+0200,b3181029-81fc-491a-b750-6dc59ef155aa,2026-08-01T07:30:00Z,2026-08-01T09:30:00+0200,117.07,EUR/MWh,DK1,DK_1,day_ahead_price,value,2026-08-02T11:09:27Z
2026-08-02T11:05:08Z,2026-08-02T13:05:08+0200,b3181029-81fc-491a-b750-6dc59ef155aa,2026-08-01T07:45:00Z,2026-08-01T09:45:00+0200,106.24,EUR/MWh,DK1,DK_1,day_ahead_price,value,2026-08-02T11:09:27Z
2026-08-02T11:05:08Z,2026-08-02T13:05:08+0200,b3181029-81fc-491a-b750-6dc59ef155aa,2026-08-01T08:00:00Z,2026-08-01T10:00:00+0200,113.88,EUR/MWh,DK1,DK_1,day_ahead_price,value,2026-08-02T11:09:27Z
2026-08-02T11:05:08Z,2026-08-02T13:05:08+0200,b3181029-81fc-491a-b750-6dc59ef155aa,2026-08-01T08:15:00Z,2026-08-01T10:15:00+0200,101.32,EUR/MWh,DK1,DK_1,day_ahead_price,value,2026-08-02T11:09:27Z
2026-08-02T11:05:08Z,2026-08-02T13:05:08+0200,b3181029-81fc-491a-b750-6dc59ef155aa,2026-08-01T08:30:00Z,2026-08-01T10:30:00+0200,97.27,EUR/MWh,DK1,DK_1,day_ahead_price,value,2026-08-02T11:09:27Z
2026-08-02T11:05:08Z,2026-08-02T13:05:08+0200,b3181029-81fc-491a-b750-6dc59ef155aa,2026-08-01T08:45:00Z,2026-08-01T10:45:00+0200,77.61,EUR/MWh,DK1,DK_1,day_ahead_price,value,2026-08-02T11:09:27Z
2026-08-02T11:05:08Z,2026-08-02T13:05:08+0200,b3181029-81fc-491a-b750-6dc59ef155aa,2026-08-01T09:00:00Z,2026-08-01T11:00:00+0200,79.26,EUR/MWh,DK1,DK_1,day_ahead_price,value,2026-08-02T11:09:27Z
2026-08-02T11:05:08Z,2026-08-02T13:05:08+0200,b3181029-81fc-491a-b750-6dc59ef155aa,2026-08-01T09:15:00Z,2026-08-01T11:15:00+0200,64.87,EUR/MWh,DK1,DK_1,day_ahead_price,value,2026-08-02T11:09:27Z
2026-08-02T11:05:08Z,2026-08-02T13:05:08+0200,b3181029-81fc-491a-b750-6dc59ef155aa,2026-08-01T09:30:00Z,2026-08-01T11:30:00+0200,48.81,EUR/MWh,DK1,DK_1,day_ahead_price,value,2026-08-02T11:09:27Z
2026-08-02T11:05:08Z,2026-08-02T13:05:08+0200,b3181029-81fc-491a-b750-6dc59ef155aa,2026-08-01T09:45:00Z,2026-08-01T11:45:00+0200,25.28,EUR/MWh,DK1,DK_1,day_ahead_price,value,2026-08-02T11:09:27Z
2026-08-02T11:05:08Z,2026-08-02T13:05:08+0200,b3181029-81fc-491a-b750-6dc59ef155aa,2026-08-01T10:00:00Z,2026-08-01T12:00:00+0200,30.18,EUR/MWh,DK1,DK_1,day_ahead_price,value,2026-08-02T11:09:27Z
2026-08-02T11:05:08Z,2026-08-02T13:05:08+0200,b3181029-81fc-491a-b750-6dc59ef155aa,2026-08-01T10:15:00Z,2026-08-01T12:15:00+0200,18.76,EUR/MWh,DK1,DK_1,day_ahead_price,value,2026-08-02T11:09:27Z
2026-08-02T11:05:08Z,2026-08-02T13:05:08+0200,b3181029-81fc-491a-b750-6dc59ef155aa,2026-08-01T10:30:00Z,2026-08-01T12:30:00+0200,11.25,EUR/MWh,DK1,DK_1,day_ahead_price,value,2026-08-02T11:09:27Z
2026-08-02T11:05:08Z,2026-08-02T13:05:08+0200,b3181029-81fc-491a-b750-6dc59ef155aa,2026-08-01T10:45:00Z,2026-08-01T12:45:00+0200,4.0,EUR/MWh,DK1,DK_1,day_ahead_price,value,2026-08-02T11:09:27Z
2026-08-02T11:05:08Z,2026-08-02T13:05:08+0200,b3181029-81fc-491a-b750-6dc59ef155aa,2026-08-01T11:00:00Z,2026-08-01T13:00:00+0200,5.96,EUR/MWh,DK1,DK_1,day_ahead_price,value,2026-08-02T11:09:27Z
2026-08-02T11:05:08Z,2026-08-02T13:05:08+0200,b3181029-81fc-491a-b750-6dc59ef155aa,2026-08-01T11:15:00Z,2026-08-01T13:15:00+0200,4.89,EUR/MWh,DK1,DK_1,day_ahead_price,value,2026-08-02T11:09:27Z
2026-08-02T11:05:08Z,2026-08-02T13:05:08+0200,b3181029-81fc-491a-b750-6dc59ef155aa,2026-08-01T11:30:00Z,2026-08-01T13:30:00+0200,4.66,EUR/MWh,DK1,DK_1,day_ahead_price,value,2026-08-02T11:09:27Z
2026-08-02T11:05:08Z,2026-08-02T13:05:08+0200,b3181029-81fc-491a-b750-6dc59ef155aa,2026-08-01T11:45:00Z,2026-08-01T13:45:00+0200,4.49,EUR/MWh,DK1,DK_1,day_ahead_price,value,2026-08-02T11:09:27Z
2026-08-02T11:05:08Z,2026-08-02T13:05:08+0200,b3181029-81fc-491a-b750-6dc59ef155aa,2026-08-01T12:00:00Z,2026-08-01T14:00:00+0200,3.4,EUR/MWh,DK1,DK_1,day_ahead_price,value,2026-08-02T11:09:27Z
2026-08-02T11:05:08Z,2026-08-02T13:05:08+0200,b3181029-81fc-491a-b750-6dc59ef155aa,2026-08-01T12:15:00Z,2026-08-01T14:15:00+0200,3.4,EUR/MWh,DK1,DK_1,day_ahead_price,value,2026-08-02T11:09:27Z
2026-08-02T11:05:08Z,2026-08-02T13:05:08+0200,b3181029-81fc-491a-b750-6dc59ef155aa,2026-08-01T12:30:00Z,2026-08-01T14:30:00+0200,3.4,EUR/MWh,DK1,DK_1,day_ahead_price,value,2026-08-02T11:09:27Z
2026-08-02T11:05:08Z,2026-08-02T13:05:08+0200,b3181029-81fc-491a-b750-6dc59ef155aa,2026-08-01T12:45:00Z,2026-08-01T14:45:00+0200,4.11,EUR/MWh,DK1,DK_1,day_ahead_price,value,2026-08-02T11:09:27Z
2026-08-02T11:05:08Z,2026-08-02T13:05:08+0200,b3181029-81fc-491a-b750-6dc59ef155aa,2026-08-01T13:00:00Z,2026-08-01T15:00:00+0200,3.04,EUR/MWh,DK1,DK_1,day_ahead_price,value,2026-08-02T11:09:27Z
2026-08-02T11:05:08Z,2026-08-02T13:05:08+0200,b3181029-81fc-491a-b750-6dc59ef155aa,2026-08-01T13:15:00Z,2026-08-01T15:15:00+0200,3.39,EUR/MWh,DK1,DK_1,day_ahead_price,value,2026-08-02T11:09:27Z
2026-08-02T11:05:08Z,2026-08-02T13:05:08+0200,b3181029-81fc-491a-b750-6dc59ef155aa,2026-08-01T13:30:00Z,2026-08-01T15:30:00+0200,4.12,EUR/MWh,DK1,DK_1,day_ahead_price,value,2026-08-02T11:09:27Z
2026-08-02T11:05:08Z,2026-08-02T13:05:08+0200,b3181029-81fc-491a-b750-6dc59ef155aa,2026-08-01T13:45:00Z,2026-08-01T15:45:00+0200,9.44,EUR/MWh,DK1,DK_1,day_ahead_price,value,2026-08-02T11:09:27Z
2026-08-02T11:05:08Z,2026-08-02T13:05:08+0200,b3181029-81fc-491a-b750-6dc59ef155aa,2026-08-01T14:00:00Z,2026-08-01T16:00:00+0200,6.32,EUR/MWh,DK1,DK_1,day_ahead_price,value,2026-08-02T11:09:27Z
2026-08-02T11:05:08Z,2026-08-02T13:05:08+0200,b3181029-81fc-491a-b750-6dc59ef155aa,2026-08-01T14:15:00Z,2026-08-01T16:15:00+0200,23.28,EUR/MWh,DK1,DK_1,day_ahead_price,value,2026-08-02T11:09:27Z
2026-08-02T11:05:08Z,2026-08-02T13:05:08+0200,b3181029-81fc-491a-b750-6dc59ef155aa,2026-08-01T14:30:00Z,2026-08-01T16:30:00+0200,61.52,EUR/MWh,DK1,DK_1,day_ahead_price,value,2026-08-02T11:09:27Z
2026-08-02T11:05:08Z,2026-08-02T13:05:08+0200,b3181029-81fc-491a-b750-6dc59ef155aa,2026-08-01T14:45:00Z,2026-08-01T16:45:00+0200,83.46,EUR/MWh,DK1,DK_1,day_ahead_price,value,2026-08-02T11:09:27Z
2026-08-02T11:05:08Z,2026-08-02T13:05:08+0200,b3181029-81fc-491a-b750-6dc59ef155aa,2026-08-01T15:00:00Z,2026-08-01T17:00:00+0200,84.25,EUR/MWh,DK1,DK_1,day_ahead_price,value,2026-08-02T11:09:27Z
2026-08-02T11:05:08Z,2026-08-02T13:05:08+0200,b3181029-81fc-491a-b750-6dc59ef155aa,2026-08-01T15:15:00Z,2026-08-01T17:15:00+0200,97.95,EUR/MWh,DK1,DK_1,day_ahead_price,value,2026-08-02T11:09:27Z
2026-08-02T11:05:08Z,2026-08-02T13:05:08+0200,b3181029-81fc-491a-b750-6dc59ef155aa,2026-08-01T15:30:00Z,2026-08-01T17:30:00+0200,116.31,EUR/MWh,DK1,DK_1,day_ahead_price,value,2026-08-02T11:09:27Z
2026-08-02T11:05:08Z,2026-08-02T13:05:08+0200,b3181029-81fc-491a-b750-6dc59ef155aa,2026-08-01T15:45:00Z,2026-08-01T17:45:00+0200,121.13,EUR/MWh,DK1,DK_1,day_ahead_price,value,2026-08-02T11:09:27Z
2026-08-02T11:05:08Z,2026-08-02T13:05:08+0200,b3181029-81fc-491a-b750-6dc59ef155aa,2026-08-01T16:00:00Z,2026-08-01T18:00:00+0200,117.98,EUR/MWh,DK1,DK_1,day_ahead_price,value,2026-08-02T11:09:27Z
2026-08-02T11:05:08Z,2026-08-02T13:05:08+0200,b3181029-81fc-491a-b750-6dc59ef155aa,2026-08-01T16:15:00Z,2026-08-01T18:15:00+0200,131.39,EUR/MWh,DK1,DK_1,day_ahead_price,value,2026-08-02T11:09:27Z
2026-08-02T11:05:08Z,2026-08-02T13:05:08+0200,b3181029-81fc-491a-b750-6dc59ef155aa,2026-08-01T16:30:00Z,2026-08-01T18:30:00+0200,156.94,EUR/MWh,DK1,DK_1,day_ahead_price,value,2026-08-02T11:09:27Z
2026-08-02T11:05:08Z,2026-08-02T13:05:08+0200,b3181029-81fc-491a-b750-6dc59ef155aa,2026-08-01T16:45:00Z,2026-08-01T18:45:00+0200,164.5,EUR/MWh,DK1,DK_1,day_ahead_price,value,2026-08-02T11:09:27Z
2026-08-02T11:05:08Z,2026-08-02T13:05:08+0200,b3181029-81fc-491a-b750-6dc59ef155aa,2026-08-01T17:00:00Z,2026-08-01T19:00:00+0200,148.78,EUR/MWh,DK1,DK_1,day_ahead_price,value,2026-08-02T11:09:27Z
2026-08-02T11:05:08Z,2026-08-02T13:05:08+0200,b3181029-81fc-491a-b750-6dc59ef155aa,2026-08-01T17:15:00Z,2026-08-01T19:15:00+0200,158.85,EUR/MWh,DK1,DK_1,day_ahead_price,value,2026-08-02T11:09:27Z
2026-08-02T11:05:08Z,2026-08-02T13:05:08+0200,b3181029-81fc-491a-b750-6dc59ef155aa,2026-08-01T17:30:00Z,2026-08-01T19:30:00+0200,175.28,EUR/MWh,DK1,DK_1,day_ahead_price,value,2026-08-02T11:09:27Z
2026-08-02T11:05:08Z,2026-08-02T13:05:08+0200,b3181029-81fc-491a-b750-6dc59ef155aa,2026-08-01T17:45:00Z,2026-08-01T19:45:00+0200,186.89,EUR/MWh,DK1,DK_1,day_ahead_price,value,2026-08-02T11:09:27Z
2026-08-02T11:05:08Z,2026-08-02T13:05:08+0200,b3181029-81fc-491a-b750-6dc59ef155aa,2026-08-01T18:00:00Z,2026-08-01T20:00:00+0200,174.1,EUR/MWh,DK1,DK_1,day_ahead_price,value,2026-08-02T11:09:27Z
2026-08-02T11:05:08Z,2026-08-02T13:05:08+0200,b3181029-81fc-491a-b750-6dc59ef155aa,2026-08-01T18:15:00Z,2026-08-01T20:15:00+0200,179.98,EUR/MWh,DK1,DK_1,day_ahead_price,value,2026-08-02T11:09:27Z
2026-08-02T11:05:08Z,2026-08-02T13:05:08+0200,b3181029-81fc-491a-b750-6dc59ef155aa,2026-08-01T18:30:00Z,2026-08-01T20:30:00+0200,183.08,EUR/MWh,DK1,DK_1,day_ahead_price,value,2026-08-02T11:09:27Z
2026-08-02T11:05:08Z,2026-08-02T13:05:08+0200,b3181029-81fc-491a-b750-6dc59ef155aa,2026-08-01T18:45:00Z,2026-08-01T20:45:00+0200,185.53,EUR/MWh,DK1,DK_1,day_ahead_price,value,2026-08-02T11:09:27Z
2026-08-02T11:05:08Z,2026-08-02T13:05:08+0200,b3181029-81fc-491a-b750-6dc59ef155aa,2026-08-01T19:00:00Z,2026-08-01T21:00:00+0200,184.43,EUR/MWh,DK1,DK_1,day_ahead_price,value,2026-08-02T11:09:27Z
2026-08-02T11:05:08Z,2026-08-02T13:05:08+0200,b3181029-81fc-491a-b750-6dc59ef155aa,2026-08-01T19:15:00Z,2026-08-01T21:15:00+0200,181.18,EUR/MWh,DK1,DK_1,day_ahead_price,value,2026-08-02T11:09:27Z
2026-08-02T11:05:08Z,2026-08-02T13:05:08+0200,b3181029-81fc-491a-b750-6dc59ef155aa,2026-08-01T19:30:00Z,2026-08-01T21:30:00+0200,182.41,EUR/MWh,DK1,DK_1,day_ahead_price,value,2026-08-02T11:09:27Z
2026-08-02T11:05:08Z,2026-08-02T13:05:08+0200,b3181029-81fc-491a-b750-6dc59ef155aa,2026-08-01T19:45:00Z,2026-08-01T21:45:00+0200,173.85,EUR/MWh,DK1,DK_1,day_ahead_price,value,2026-08-02T11:09:27Z
2026-08-02T11:05:08Z,2026-08-02T13:05:08+0200,b3181029-81fc-491a-b750-6dc59ef155aa,2026-08-01T20:00:00Z,2026-08-01T22:00:00+0200,190.2,EUR/MWh,DK1,DK_1,day_ahead_price,value,2026-08-02T11:09:27Z
2026-08-02T11:05:08Z,2026-08-02T13:05:08+0200,b3181029-81fc-491a-b750-6dc59ef155aa,2026-08-01T20:15:00Z,2026-08-01T22:15:00+0200,179.69,EUR/MWh,DK1,DK_1,day_ahead_price,value,2026-08-02T11:09:27Z
2026-08-02T11:05:08Z,2026-08-02T13:05:08+0200,b3181029-81fc-491a-b750-6dc59ef155aa,2026-08-01T20:30:00Z,2026-08-01T22:30:00+0200,175.2,EUR/MWh,DK1,DK_1,day_ahead_price,value,2026-08-02T11:09:27Z
2026-08-02T11:05:08Z,2026-08-02T13:05:08+0200,b3181029-81fc-491a-b750-6dc59ef155aa,2026-08-01T20:45:00Z,2026-08-01T22:45:00+0200,169.1,EUR/MWh,DK1,DK_1,day_ahead_price,value,2026-08-02T11:09:27Z
2026-08-02T11:05:08Z,2026-08-02T13:05:08+0200,b3181029-81fc-491a-b750-6dc59ef155aa,2026-08-01T21:00:00Z,2026-08-01T23:00:00+0200,172.11,EUR/MWh,DK1,DK_1,day_ahead_price,value,2026-08-02T11:09:27Z
2026-08-02T11:05:08Z,2026-08-02T13:05:08+0200,b3181029-81fc-491a-b750-6dc59ef155aa,2026-08-01T21:15:00Z,2026-08-01T23:15:00+0200,171.94,EUR/MWh,DK1,DK_1,day_ahead_price,value,2026-08-02T11:09:27Z
2026-08-02T11:05:08Z,2026-08-02T13:05:08+0200,b3181029-81fc-491a-b750-6dc59ef155aa,2026-08-01T21:30:00Z,2026-08-01T23:30:00+0200,171.23,EUR/MWh,DK1,DK_1,day_ahead_price,value,2026-08-02T11:09:27Z
2026-08-02T11:05:08Z,2026-08-02T13:05:08+0200,b3181029-81fc-491a-b750-6dc59ef155aa,2026-08-01T21:45:00Z,2026-08-01T23:45:00+0200,164.72,EUR/MWh,DK1,DK_1,day_ahead_price,value,2026-08-02T11:09:27Z
2026-08-02T11:05:08Z,2026-08-02T13:05:08+0200,b3181029-81fc-491a-b750-6dc59ef155aa,2026-08-01T22:00:00Z,2026-08-02T00:00:00+0200,188.18,EUR/MWh,DK1,DK_1,day_ahead_price,value,2026-08-02T11:09:27Z
2026-08-02T11:05:08Z,2026-08-02T13:05:08+0200,b3181029-81fc-491a-b750-6dc59ef155aa,2026-08-01T22:15:00Z,2026-08-02T00:15:00+0200,170.88,EUR/MWh,DK1,DK_1,day_ahead_price,value,2026-08-02T11:09:27Z
2026-08-02T11:05:08Z,2026-08-02T13:05:08+0200,b3181029-81fc-491a-b750-6dc59ef155aa,2026-08-01T22:30:00Z,2026-08-02T00:30:00+0200,161.1,EUR/MWh,DK1,DK_1,day_ahead_price,value,2026-08-02T11:09:27Z
2026-08-02T11:05:08Z,2026-08-02T13:05:08+0200,b3181029-81fc-491a-b750-6dc59ef155aa,2026-08-01T22:45:00Z,2026-08-02T00:45:00+0200,157.13,EUR/MWh,DK1,DK_1,day_ahead_price,value,2026-08-02T11:09:27Z
2026-08-02T11:05:08Z,2026-08-02T13:05:08+0200,b3181029-81fc-491a-b750-6dc59ef155aa,2026-08-01T23:00:00Z,2026-08-02T01:00:00+0200,160.86,EUR/MWh,DK1,DK_1,day_ahead_price,value,2026-08-02T11:09:27Z
2026-08-02T11:05:08Z,2026-08-02T13:05:08+0200,b3181029-81fc-491a-b750-6dc59ef155aa,2026-08-01T23:15:00Z,2026-08-02T01:15:00+0200,156.81,EUR/MWh,DK1,DK_1,day_ahead_price,value,2026-08-02T11:09:27Z
2026-08-02T11:05:08Z,2026-08-02T13:05:08+0200,b3181029-81fc-491a-b750-6dc59ef155aa,2026-08-01T23:30:00Z,2026-08-02T01:30:00+0200,162.01,EUR/MWh,DK1,DK_1,day_ahead_price,value,2026-08-02T11:09:27Z
2026-08-02T11:05:08Z,2026-08-02T13:05:08+0200,b3181029-81fc-491a-b750-6dc59ef155aa,2026-08-01T23:45:00Z,2026-08-02T01:45:00+0200,159.8,EUR/MWh,DK1,DK_1,day_ahead_price,value,2026-08-02T11:09:27Z
2026-08-02T11:05:08Z,2026-08-02T13:05:08+0200,b3181029-81fc-491a-b750-6dc59ef155aa,2026-08-02T00:00:00Z,2026-08-02T02:00:00+0200,158.61,EUR/MWh,DK1,DK_1,day_ahead_price,value,2026-08-02T11:09:27Z
2026-08-02T11:05:08Z,2026-08-02T13:05:08+0200,b3181029-81fc-491a-b750-6dc59ef155aa,2026-08-02T00:15:00Z,2026-08-02T02:15:00+0200,156.37,EUR/MWh,DK1,DK_1,day_ahead_price,value,2026-08-02T11:09:27Z
2026-08-02T11:05:08Z,2026-08-02T13:05:08+0200,b3181029-81fc-491a-b750-6dc59ef155aa,2026-08-02T00:30:00Z,2026-08-02T02:30:00+0200,157.31,EUR/MWh,DK1,DK_1,day_ahead_price,value,2026-08-02T11:09:27Z
2026-08-02T11:05:08Z,2026-08-02T13:05:08+0200,b3181029-81fc-491a-b750-6dc59ef155aa,2026-08-02T00:45:00Z,2026-08-02T02:45:00+0200,154.8,EUR/MWh,DK1,DK_1,day_ahead_price,value,2026-08-02T11:09:27Z
2026-08-02T11:05:08Z,2026-08-02T13:05:08+0200,b3181029-81fc-491a-b750-6dc59ef155aa,2026-08-02T01:00:00Z,2026-08-02T03:00:00+0200,154.77,EUR/MWh,DK1,DK_1,day_ahead_price,value,2026-08-02T11:09:27Z
2026-08-02T11:05:08Z,2026-08-02T13:05:08+0200,b3181029-81fc-491a-b750-6dc59ef155aa,2026-08-02T01:15:00Z,2026-08-02T03:15:00+0200,153.68,EUR/MWh,DK1,DK_1,day_ahead_price,value,2026-08-02T11:09:27Z
2026-08-02T11:05:08Z,2026-08-02T13:05:08+0200,b3181029-81fc-491a-b750-6dc59ef155aa,2026-08-02T01:30:00Z,2026-08-02T03:30:00+0200,153.62,EUR/MWh,DK1,DK_1,day_ahead_price,value,2026-08-02T11:09:27Z
2026-08-02T11:05:08Z,2026-08-02T13:05:08+0200,b3181029-81fc-491a-b750-6dc59ef155aa,2026-08-02T01:45:00Z,2026-08-02T03:45:00+0200,154.78,EUR/MWh,DK1,DK_1,day_ahead_price,value,2026-08-02T11:09:27Z
2026-08-02T11:05:08Z,2026-08-02T13:05:08+0200,b3181029-81fc-491a-b750-6dc59ef155aa,2026-08-02T02:00:00Z,2026-08-02T04:00:00+0200,154.32,EUR/MWh,DK1,DK_1,day_ahead_price,value,2026-08-02T11:09:27Z
2026-08-02T11:05:08Z,2026-08-02T13:05:08+0200,b3181029-81fc-491a-b750-6dc59ef155aa,2026-08-02T02:15:00Z,2026-08-02T04:15:00+0200,152.97,EUR/MWh,DK1,DK_1,day_ahead_price,value,2026-08-02T11:09:27Z
2026-08-02T11:05:08Z,2026-08-02T13:05:08+0200,b3181029-81fc-491a-b750-6dc59ef155aa,2026-08-02T02:30:00Z,2026-08-02T04:30:00+0200,152.59,EUR/MWh,DK1,DK_1,day_ahead_price,value,2026-08-02T11:09:27Z
2026-08-02T11:05:08Z,2026-08-02T13:05:08+0200,b3181029-81fc-491a-b750-6dc59ef155aa,2026-08-02T02:45:00Z,2026-08-02T04:45:00+0200,153.26,EUR/MWh,DK1,DK_1,day_ahead_price,value,2026-08-02T11:09:27Z
2026-08-02T11:05:08Z,2026-08-02T13:05:08+0200,b3181029-81fc-491a-b750-6dc59ef155aa,2026-08-02T03:00:00Z,2026-08-02T05:00:00+0200,158.62,EUR/MWh,DK1,DK_1,day_ahead_price,value,2026-08-02T11:09:27Z
2026-08-02T11:05:08Z,2026-08-02T13:05:08+0200,b3181029-81fc-491a-b750-6dc59ef155aa,2026-08-02T03:15:00Z,2026-08-02T05:15:00+0200,160.11,EUR/MWh,DK1,DK_1,day_ahead_price,value,2026-08-02T11:09:27Z
2026-08-02T11:05:08Z,2026-08-02T13:05:08+0200,b3181029-81fc-491a-b750-6dc59ef155aa,2026-08-02T03:30:00Z,2026-08-02T05:30:00+0200,159.24,EUR/MWh,DK1,DK_1,day_ahead_price,value,2026-08-02T11:09:27Z
2026-08-02T11:05:08Z,2026-08-02T13:05:08+0200,b3181029-81fc-491a-b750-6dc59ef155aa,2026-08-02T03:45:00Z,2026-08-02T05:45:00+0200,157.34,EUR/MWh,DK1,DK_1,day_ahead_price,value,2026-08-02T11:09:27Z
2026-08-02T11:05:08Z,2026-08-02T13:05:08+0200,b3181029-81fc-491a-b750-6dc59ef155aa,2026-08-02T04:00:00Z,2026-08-02T06:00:00+0200,160.86,EUR/MWh,DK1,DK_1,day_ahead_price,value,2026-08-02T11:09:27Z
2026-08-02T11:05:08Z,2026-08-02T13:05:08+0200,b3181029-81fc-491a-b750-6dc59ef155aa,2026-08-02T04:15:00Z,2026-08-02T06:15:00+0200,153.43,EUR/MWh,DK1,DK_1,day_ahead_price,value,2026-08-02T11:09:27Z
2026-08-02T11:05:08Z,2026-08-02T13:05:08+0200,b3181029-81fc-491a-b750-6dc59ef155aa,2026-08-02T04:30:00Z,2026-08-02T06:30:00+0200,151.21,EUR/MWh,DK1,DK_1,day_ahead_price,value,2026-08-02T11:09:27Z
2026-08-02T11:05:08Z,2026-08-02T13:05:08+0200,b3181029-81fc-491a-b750-6dc59ef155aa,2026-08-02T04:45:00Z,2026-08-02T06:45:00+0200,138.93,EUR/MWh,DK1,DK_1,day_ahead_price,value,2026-08-02T11:09:27Z
2026-08-02T11:05:08Z,2026-08-02T13:05:08+0200,b3181029-81fc-491a-b750-6dc59ef155aa,2026-08-02T05:00:00Z,2026-08-02T07:00:00+0200,153.68,EUR/MWh,DK1,DK_1,day_ahead_price,value,2026-08-02T11:09:27Z
2026-08-02T11:05:08Z,2026-08-02T13:05:08+0200,b3181029-81fc-491a-b750-6dc59ef155aa,2026-08-02T05:15:00Z,2026-08-02T07:15:00+0200,142.6,EUR/MWh,DK1,DK_1,day_ahead_price,value,2026-08-02T11:09:27Z
2026-08-02T11:05:08Z,2026-08-02T13:05:08+0200,b3181029-81fc-491a-b750-6dc59ef155aa,2026-08-02T05:30:00Z,2026-08-02T07:30:00+0200,136.11,EUR/MWh,DK1,DK_1,day_ahead_price,value,2026-08-02T11:09:27Z
2026-08-02T11:05:08Z,2026-08-02T13:05:08+0200,b3181029-81fc-491a-b750-6dc59ef155aa,2026-08-02T05:45:00Z,2026-08-02T07:45:00+0200,122.32,EUR/MWh,DK1,DK_1,day_ahead_price,value,2026-08-02T11:09:27Z
2026-08-02T11:05:08Z,2026-08-02T13:05:08+0200,b3181029-81fc-491a-b750-6dc59ef155aa,2026-08-02T06:00:00Z,2026-08-02T08:00:00+0200,152.74,EUR/MWh,DK1,DK_1,day_ahead_price,value,2026-08-02T11:09:27Z
2026-08-02T11:05:08Z,2026-08-02T13:05:08+0200,b3181029-81fc-491a-b750-6dc59ef155aa,2026-08-02T06:15:00Z,2026-08-02T08:15:00+0200,130.33,EUR/MWh,DK1,DK_1,day_ahead_price,value,2026-08-02T11:09:27Z
2026-08-02T11:05:08Z,2026-08-02T13:05:08+0200,b3181029-81fc-491a-b750-6dc59ef155aa,2026-08-02T06:30:00Z,2026-08-02T08:30:00+0200,112.43,EUR/MWh,DK1,DK_1,day_ahead_price,value,2026-08-02T11:09:27Z
2026-08-02T11:05:08Z,2026-08-02T13:05:08+0200,b3181029-81fc-491a-b750-6dc59ef155aa,2026-08-02T06:45:00Z,2026-08-02T08:45:00+0200,93.22,EUR/MWh,DK1,DK_1,day_ahead_price,value,2026-08-02T11:09:27Z
2026-08-02T11:05:08Z,2026-08-02T13:05:08+0200,b3181029-81fc-491a-b750-6dc59ef155aa,2026-08-02T07:00:00Z,2026-08-02T09:00:00+0200,104.24,EUR/MWh,DK1,DK_1,day_ahead_price,value,2026-08-02T11:09:27Z
2026-08-02T11:05:08Z,2026-08-02T13:05:08+0200,b3181029-81fc-491a-b750-6dc59ef155aa,2026-08-02T07:15:00Z,2026-08-02T09:15:00+0200,83.99,EUR/MWh,DK1,DK_1,day_ahead_price,value,2026-08-02T11:09:27Z
2026-08-02T11:05:08Z,2026-08-02T13:05:08+0200,b3181029-81fc-491a-b750-6dc59ef155aa,2026-08-02T07:30:00Z,2026-08-02T09:30:00+0200,50.07,EUR/MWh,DK1,DK_1,day_ahead_price,value,2026-08-02T11:09:27Z
2026-08-02T11:05:08Z,2026-08-02T13:05:08+0200,b3181029-81fc-491a-b750-6dc59ef155aa,2026-08-02T07:45:00Z,2026-08-02T09:45:00+0200,10.04,EUR/MWh,DK1,DK_1,day_ahead_price,value,2026-08-02T11:09:27Z
2026-08-02T11:05:08Z,2026-08-02T13:05:08+0200,b3181029-81fc-491a-b750-6dc59ef155aa,2026-08-02T08:00:00Z,2026-08-02T10:00:00+0200,9.79,EUR/MWh,DK1,DK_1,day_ahead_price,value,2026-08-02T11:09:27Z
2026-08-02T11:05:08Z,2026-08-02T13:05:08+0200,b3181029-81fc-491a-b750-6dc59ef155aa,2026-08-02T08:15:00Z,2026-08-02T10:15:00+0200,2.41,EUR/MWh,DK1,DK_1,day_ahead_price,value,2026-08-02T11:09:27Z
2026-08-02T11:05:08Z,2026-08-02T13:05:08+0200,b3181029-81fc-491a-b750-6dc59ef155aa,2026-08-02T08:30:00Z,2026-08-02T10:30:00+0200,0.05,EUR/MWh,DK1,DK_1,day_ahead_price,value,2026-08-02T11:09:27Z
2026-08-02T11:05:08Z,2026-08-02T13:05:08+0200,b3181029-81fc-491a-b750-6dc59ef155aa,2026-08-02T08:45:00Z,2026-08-02T10:45:00+0200,-0.01,EUR/MWh,DK1,DK_1,day_ahead_price,value,2026-08-02T11:09:27Z
2026-08-02T11:05:08Z,2026-08-02T13:05:08+0200,b3181029-81fc-491a-b750-6dc59ef155aa,2026-08-02T09:00:00Z,2026-08-02T11:00:00+0200,0.0,EUR/MWh,DK1,DK_1,day_ahead_price,value,2026-08-02T11:09:27Z
2026-08-02T11:05:08Z,2026-08-02T13:05:08+0200,b3181029-81fc-491a-b750-6dc59ef155aa,2026-08-02T09:15:00Z,2026-08-02T11:15:00+0200,0.0,EUR/MWh,DK1,DK_1,day_ahead_price,value,2026-08-02T11:09:27Z
2026-08-02T11:05:08Z,2026-08-02T13:05:08+0200,b3181029-81fc-491a-b750-6dc59ef155aa,2026-08-02T09:30:00Z,2026-08-02T11:30:00+0200,0.1,EUR/MWh,DK1,DK_1,day_ahead_price,value,2026-08-02T11:09:27Z
2026-08-02T11:05:08Z,2026-08-02T13:05:08+0200,b3181029-81fc-491a-b750-6dc59ef155aa,2026-08-02T09:45:00Z,2026-08-02T11:45:00+0200,0.99,EUR/MWh,DK1,DK_1,day_ahead_price,value,2026-08-02T11:09:27Z
2026-08-02T11:05:08Z,2026-08-02T13:05:08+0200,b3181029-81fc-491a-b750-6dc59ef155aa,2026-08-02T10:00:00Z,2026-08-02T12:00:00+0200,2.1,EUR/MWh,DK1,DK_1,day_ahead_price,value,2026-08-02T11:09:27Z
2026-08-02T11:05:08Z,2026-08-02T13:05:08+0200,b3181029-81fc-491a-b750-6dc59ef155aa,2026-08-02T10:15:00Z,2026-08-02T12:15:00+0200,2.0,EUR/MWh,DK1,DK_1,day_ahead_price,value,2026-08-02T11:09:27Z
2026-08-02T11:05:08Z,2026-08-02T13:05:08+0200,b3181029-81fc-491a-b750-6dc59ef155aa,2026-08-02T10:30:00Z,2026-08-02T12:30:00+0200,2.0,EUR/MWh,DK1,DK_1,day_ahead_price,value,2026-08-02T11:09:27Z
2026-08-02T11:05:08Z,2026-08-02T13:05:08+0200,b3181029-81fc-491a-b750-6dc59ef155aa,2026-08-02T10:45:00Z,2026-08-02T12:45:00+0200,2.0,EUR/MWh,DK1,DK_1,day_ahead_price,value,2026-08-02T11:09:27Z
2026-08-02T11:05:08Z,2026-08-02T13:05:08+0200,b3181029-81fc-491a-b750-6dc59ef155aa,2026-08-02T11:00:00Z,2026-08-02T13:00:00+0200,2.39,EUR/MWh,DK1,DK_1,day_ahead_price,value,2026-08-02T11:09:27Z
2026-08-02T11:05:08Z,2026-08-02T13:05:08+0200,b3181029-81fc-491a-b750-6dc59ef155aa,2026-08-02T11:15:00Z,2026-08-02T13:15:00+0200,2.23,EUR/MWh,DK1,DK_1,day_ahead_price,value,2026-08-02T11:09:27Z
