collection_time_utc,collection_time_local,run_id,timestamp_utc,timestamp_local,value,unit,country,entsoe_area,variable,source,updated_at_utc
2026-08-03T21:57:27Z,2026-08-03T23:57:27+0200,d07b3b2b-e83a-4999-877d-e2466ad53d7b,2026-07-03T22:00:00Z,2026-07-04T00:00:00+0200,140.99,EUR/MWh,BE,BE,day_ahead_price,value,2026-08-03T21:57:58Z
2026-08-03T21:57:27Z,2026-08-03T23:57:27+0200,d07b3b2b-e83a-4999-877d-e2466ad53d7b,2026-07-03T22:15:00Z,2026-07-04T00:15:00+0200,128.79,EUR/MWh,BE,BE,day_ahead_price,value,2026-08-03T21:57:58Z
2026-08-03T21:57:27Z,2026-08-03T23:57:27+0200,d07b3b2b-e83a-4999-877d-e2466ad53d7b,2026-07-03T22:30:00Z,2026-07-04T00:30:00+0200,123.43,EUR/MWh,BE,BE,day_ahead_price,value,2026-08-03T21:57:58Z
2026-08-03T21:57:27Z,2026-08-03T23:57:27+0200,d07b3b2b-e83a-4999-877d-e2466ad53d7b,2026-07-03T22:45:00Z,2026-07-04T00:45:00+0200,115.01,EUR/MWh,BE,BE,day_ahead_price,value,2026-08-03T21:57:58Z
2026-08-03T21:57:27Z,2026-08-03T23:57:27+0200,d07b3b2b-e83a-4999-877d-e2466ad53d7b,2026-07-03T23:00:00Z,2026-07-04T01:00:00+0200,127.74,EUR/MWh,BE,BE,day_ahead_price,value,2026-08-03T21:57:58Z
2026-08-03T21:57:27Z,2026-08-03T23:57:27+0200,d07b3b2b-e83a-4999-877d-e2466ad53d7b,2026-07-03T23:15:00Z,2026-07-04T01:15:00+0200,118.65,EUR/MWh,BE,BE,day_ahead_price,value,2026-08-03T21:57:58Z
2026-08-03T21:57:27Z,2026-08-03T23:57:27+0200,d07b3b2b-e83a-4999-877d-e2466ad53d7b,2026-07-03T23:30:00Z,2026-07-04T01:30:00+0200,115.47,EUR/MWh,BE,BE,day_ahead_price,value,2026-08-03T21:57:58Z
2026-08-03T21:57:27Z,2026-08-03T23:57:27+0200,d07b3b2b-e83a-4999-877d-e2466ad53d7b,2026-07-03T23:45:00Z,2026-07-04T01:45:00+0200,113.62,EUR/MWh,BE,BE,day_ahead_price,value,2026-08-03T21:57:58Z
2026-08-03T21:57:27Z,2026-08-03T23:57:27+0200,d07b3b2b-e83a-4999-877d-e2466ad53d7b,2026-07-04T00:00:00Z,2026-07-04T02:00:00+0200,113.78,EUR/MWh,BE,BE,day_ahead_price,value,2026-08-03T21:57:58Z
2026-08-03T21:57:27Z,2026-08-03T23:57:27+0200,d07b3b2b-e83a-4999-877d-e2466ad53d7b,2026-07-04T00:15:00Z,2026-07-04T02:15:00+0200,112.07,EUR/MWh,BE,BE,day_ahead_price,value,2026-08-03T21:57:58Z
2026-08-03T21:57:27Z,2026-08-03T23:57:27+0200,d07b3b2b-e83a-4999-877d-e2466ad53d7b,2026-07-04T00:30:00Z,2026-07-04T02:30:00+0200,111.82,EUR/MWh,BE,BE,day_ahead_price,value,2026-08-03T21:57:58Z
2026-08-03T21:57:27Z,2026-08-03T23:57:27+0200,d07b3b2b-e83a-4999-877d-e2466ad53d7b,2026-07-04T00:45:00Z,2026-07-04T02:45:00+0200,110.0,EUR/MWh,BE,BE,day_ahead_price,value,2026-08-03T21:57:58Z
2026-08-03T21:57:27Z,2026-08-03T23:57:27+0200,d07b3b2b-e83a-4999-877d-e2466ad53d7b,2026-07-04T01:00:00Z,2026-07-04T03:00:00+0200,111.34,EUR/MWh,BE,BE,day_ahead_price,value,2026-08-03T21:57:58Z
2026-08-03T21:57:27Z,2026-08-03T23:57:27+0200,d07b3b2b-e83a-4999-877d-e2466ad53d7b,2026-07-04T01:15:00Z,2026-07-04T03:15:00+0200,106.7,EUR/MWh,BE,BE,day_ahead_price,value,2026-08-03T21:57:58Z
2026-08-03T21:57:27Z,2026-08-03T23:57:27+0200,d07b3b2b-e83a-4999-877d-e2466ad53d7b,2026-07-04T01:30:00Z,2026-07-04T03:30:00+0200,100.91,EUR/MWh,BE,BE,day_ahead_price,value,2026-08-03T21:57:58Z
2026-08-03T21:57:27Z,2026-08-03T23:57:27+0200,d07b3b2b-e83a-4999-877d-e2466ad53d7b,2026-07-04T01:45:00Z,2026-07-04T03:45:00+0200,98.16,EUR/MWh,BE,BE,day_ahead_price,value,2026-08-03T21:57:58Z
2026-08-03T21:57:27Z,2026-08-03T23:57:27+0200,d07b3b2b-e83a-4999-877d-e2466ad53d7b,2026-07-04T02:00:00Z,2026-07-04T04:00:00+0200,95.9,EUR/MWh,BE,BE,day_ahead_price,value,2026-08-03T21:57:58Z
2026-08-03T21:57:27Z,2026-08-03T23:57:27+0200,d07b3b2b-e83a-4999-877d-e2466ad53d7b,2026-07-04T02:15:00Z,2026-07-04T04:15:00+0200,99.4,EUR/MWh,BE,BE,day_ahead_price,value,2026-08-03T21:57:58Z
2026-08-03T21:57:27Z,2026-08-03T23:57:27+0200,d07b3b2b-e83a-4999-877d-e2466ad53d7b,2026-07-04T02:30:00Z,2026-07-04T04:30:00+0200,95.4,EUR/MWh,BE,BE,day_ahead_price,value,2026-08-03T21:57:58Z
2026-08-03T21:57:27Z,2026-08-03T23:57:27+0200,d07b3b2b-e83a-4999-877d-e2466ad53d7b,2026-07-04T02:45:00Z,2026-07-04T04:45:00+0200,96.67,EUR/MWh,BE,BE,day_ahead_price,value,2026-08-03T21:57:58Z
2026-08-03T21:57:27Z,2026-08-03T23:57:27+0200,d07b3b2b-e83a-4999-877d-e2466ad53d7b,2026-07-04T03:00:00Z,2026-07-04T05:00:00+0200,96.93,EUR/MWh,BE,BE,day_ahead_price,value,2026-08-03T21:57:58Z
2026-08-03T21:57:27Z,2026-08-03T23:57:27+0200,d07b3b2b-e83a-4999-877d-e2466ad53d7b,2026-07-04T03:15:00Z,2026-07-04T05:15:00+0200,97.69,EUR/MWh,BE,BE,day_ahead_price,value,2026-08-03T21:57:58Z
2026-08-03T21:57:27Z,2026-08-03T23:57:27+0200,d07b3b2b-e83a-4999-877d-e2466ad53d7b,2026-07-04T03:30:00Z,2026-07-04T05:30:00+0200,93.82,EUR/MWh,BE,BE,day_ahead_price,value,2026-08-03T21:57:58Z
2026-08-03T21:57:27Z,2026-08-03T23:57:27+0200,d07b3b2b-e83a-4999-877d-e2466ad53d7b,2026-07-04T03:45:00Z,2026-07-04T05:45:00+0200,89.62,EUR/MWh,BE,BE,day_ahead_price,value,2026-08-03T21:57:58Z
2026-08-03T21:57:27Z,2026-08-03T23:57:27+0200,d07b3b2b-e83a-4999-877d-e2466ad53d7b,2026-07-04T04:00:00Z,2026-07-04T06:00:00+0200,99.55,EUR/MWh,BE,BE,day_ahead_price,value,2026-08-03T21:57:58Z
2026-08-03T21:57:27Z,2026-08-03T23:57:27+0200,d07b3b2b-e83a-4999-877d-e2466ad53d7b,2026-07-04T04:15:00Z,2026-07-04T06:15:00+0200,95.4,EUR/MWh,BE,BE,day_ahead_price,value,2026-08-03T21:57:58Z
2026-08-03T21:57:27Z,2026-08-03T23:57:27+0200,d07b3b2b-e83a-4999-877d-e2466ad53d7b,2026-07-04T04:30:00Z,2026-07-04T06:30:00+0200,86.5,EUR/MWh,BE,BE,day_ahead_price,value,2026-08-03T21:57:58Z
2026-08-03T21:57:27Z,2026-08-03T23:57:27+0200,d07b3b2b-e83a-4999-877d-e2466ad53d7b,2026-07-04T04:45:00Z,2026-07-04T06:45:00+0200,72.26,EUR/MWh,BE,BE,day_ahead_price,value,2026-08-03T21:57:58Z
2026-08-03T21:57:27Z,2026-08-03T23:57:27+0200,d07b3b2b-e83a-4999-877d-e2466ad53d7b,2026-07-04T05:00:00Z,2026-07-04T07:00:00+0200,92.74,EUR/MWh,BE,BE,day_ahead_price,value,2026-08-03T21:57:58Z
2026-08-03T21:57:27Z,2026-08-03T23:57:27+0200,d07b3b2b-e83a-4999-877d-e2466ad53d7b,2026-07-04T05:15:00Z,2026-07-04T07:15:00+0200,74.15,EUR/MWh,BE,BE,day_ahead_price,value,2026-08-03T21:57:58Z
2026-08-03T21:57:27Z,2026-08-03T23:57:27+0200,d07b3b2b-e83a-4999-877d-e2466ad53d7b,2026-07-04T05:30:00Z,2026-07-04T07:30:00+0200,57.37,EUR/MWh,BE,BE,day_ahead_price,value,2026-08-03T21:57:58Z
2026-08-03T21:57:27Z,2026-08-03T23:57:27+0200,d07b3b2b-e83a-4999-877d-e2466ad53d7b,2026-07-04T05:45:00Z,2026-07-04T07:45:00+0200,44.76,EUR/MWh,BE,BE,day_ahead_price,value,2026-08-03T21:57:58Z
2026-08-03T21:57:27Z,2026-08-03T23:57:27+0200,d07b3b2b-e83a-4999-877d-e2466ad53d7b,2026-07-04T06:00:00Z,2026-07-04T08:00:00+0200,61.06,EUR/MWh,BE,BE,day_ahead_price,value,2026-08-03T21:57:58Z
2026-08-03T21:57:27Z,2026-08-03T23:57:27+0200,d07b3b2b-e83a-4999-877d-e2466ad53d7b,2026-07-04T06:15:00Z,2026-07-04T08:15:00+0200,32.36,EUR/MWh,BE,BE,day_ahead_price,value,2026-08-03T21:57:58Z
2026-08-03T21:57:27Z,2026-08-03T23:57:27+0200,d07b3b2b-e83a-4999-877d-e2466ad53d7b,2026-07-04T06:30:00Z,2026-07-04T08:30:00+0200,13.54,EUR/MWh,BE,BE,day_ahead_price,value,2026-08-03T21:57:58Z
2026-08-03T21:57:27Z,2026-08-03T23:57:27+0200,d07b3b2b-e83a-4999-877d-e2466ad53d7b,2026-07-04T06:45:00Z,2026-07-04T08:45:00+0200,4.32,EUR/MWh,BE,BE,day_ahead_price,value,2026-08-03T21:57:58Z
2026-08-03T21:57:27Z,2026-08-03T23:57:27+0200,d07b3b2b-e83a-4999-877d-e2466ad53d7b,2026-07-04T07:00:00Z,2026-07-04T09:00:00+0200,3.33,EUR/MWh,BE,BE,day_ahead_price,value,2026-08-03T21:57:58Z
2026-08-03T21:57:27Z,2026-08-03T23:57:27+0200,d07b3b2b-e83a-4999-877d-e2466ad53d7b,2026-07-04T07:15:00Z,2026-07-04T09:15:00+0200,0.05,EUR/MWh,BE,BE,day_ahead_price,value,2026-08-03T21:57:58Z
2026-08-03T21:57:27Z,2026-08-03T23:57:27+0200,d07b3b2b-e83a-4999-877d-e2466ad53d7b,2026-07-04T07:30:00Z,2026-07-04T09:30:00+0200,0.0,EUR/MWh,BE,BE,day_ahead_price,value,2026-08-03T21:57:58Z
2026-08-03T21:57:27Z,2026-08-03T23:57:27+0200,d07b3b2b-e83a-4999-877d-e2466ad53d7b,2026-07-04T07:45:00Z,2026-07-04T09:45:00+0200,0.0,EUR/MWh,BE,BE,day_ahead_price,value,2026-08-03T21:57:58Z
2026-08-03T21:57:27Z,2026-08-03T23:57:27+0200,d07b3b2b-e83a-4999-877d-e2466ad53d7b,2026-07-04T08:00:00Z,2026-07-04T10:00:00+0200,0.0,EUR/MWh,BE,BE,day_ahead_price,value,2026-08-03T21:57:58Z
2026-08-03T21:57:27Z,2026-08-03T23:57:27+0200,d07b3b2b-e83a-4999-877d-e2466ad53d7b,2026-07-04T08:15:00Z,2026-07-04T10:15:00+0200,0.0,EUR/MWh,BE,BE,day_ahead_price,value,2026-08-03T21:57:58Z
2026-08-03T21:57:27Z,2026-08-03T23:57:27+0200,d07b3b2b-e83a-4999-877d-e2466ad53d7b,2026-07-04T08:30:00Z,2026-07-04T10:30:00+0200,-0.01,EUR/MWh,BE,BE,day_ahead_price,value,2026-08-03T21:57:58Z
2026-08-03T21:57:27Z,2026-08-03T23:57:27+0200,d07b3b2b-e83a-4999-877d-e2466ad53d7b,2026-07-04T08:45:00Z,2026-07-04T10:45:00+0200,-0.04,EUR/MWh,BE,BE,day_ahead_price,value,2026-08-03T21:57:58Z
2026-08-03T21:57:27Z,2026-08-03T23:57:27+0200,d07b3b2b-e83a-4999-877d-e2466ad53d7b,2026-07-04T09:00:00Z,2026-07-04T11:00:00+0200,-0.11,EUR/MWh,BE,BE,day_ahead_price,value,2026-08-03T21:57:58Z
2026-08-03T21:57:27Z,2026-08-03T23:57:27+0200,d07b3b2b-e83a-4999-877d-e2466ad53d7b,2026-07-04T09:15:00Z,2026-07-04T11:15:00+0200,-0.12,EUR/MWh,BE,BE,day_ahead_price,value,2026-08-03T21:57:58Z
2026-08-03T21:57:27Z,2026-08-03T23:57:27+0200,d07b3b2b-e83a-4999-877d-e2466ad53d7b,2026-07-04T09:30:00Z,2026-07-04T11:30:00+0200,-0.91,EUR/MWh,BE,BE,day_ahead_price,value,2026-08-03T21:57:58Z
2026-08-03T21:57:27Z,2026-08-03T23:57:27+0200,d07b3b2b-e83a-4999-877d-e2466ad53d7b,2026-07-04T09:45:00Z,2026-07-04T11:45:00+0200,-1.74,EUR/MWh,BE,BE,day_ahead_price,value,2026-08-03T21:57:58Z
2026-08-03T21:57:27Z,2026-08-03T23:57:27+0200,d07b3b2b-e83a-4999-877d-e2466ad53d7b,2026-07-04T10:00:00Z,2026-07-04T12:00:00+0200,-1.47,EUR/MWh,BE,BE,day_ahead_price,value,2026-08-03T21:57:58Z
2026-08-03T21:57:27Z,2026-08-03T23:57:27+0200,d07b3b2b-e83a-4999-877d-e2466ad53d7b,2026-07-04T10:15:00Z,2026-07-04T12:15:00+0200,-2.1,EUR/MWh,BE,BE,day_ahead_price,value,2026-08-03T21:57:58Z
2026-08-03T21:57:27Z,2026-08-03T23:57:27+0200,d07b3b2b-e83a-4999-877d-e2466ad53d7b,2026-07-04T10:30:00Z,2026-07-04T12:30:00+0200,-3.06,EUR/MWh,BE,BE,day_ahead_price,value,2026-08-03T21:57:58Z
2026-08-03T21:57:27Z,2026-08-03T23:57:27+0200,d07b3b2b-e83a-4999-877d-e2466ad53d7b,2026-07-04T10:45:00Z,2026-07-04T12:45:00+0200,-4.47,EUR/MWh,BE,BE,day_ahead_price,value,2026-08-03T21:57:58Z
2026-08-03T21:57:27Z,2026-08-03T23:57:27+0200,d07b3b2b-e83a-4999-877d-e2466ad53d7b,2026-07-04T11:00:00Z,2026-07-04T13:00:00+0200,-5.76,EUR/MWh,BE,BE,day_ahead_price,value,2026-08-03T21:57:58Z
2026-08-03T21:57:27Z,2026-08-03T23:57:27+0200,d07b3b2b-e83a-4999-877d-e2466ad53d7b,2026-07-04T11:15:00Z,2026-07-04T13:15:00+0200,-7.11,EUR/MWh,BE,BE,day_ahead_price,value,2026-08-03T21:57:58Z
2026-08-03T21:57:27Z,2026-08-03T23:57:27+0200,d07b3b2b-e83a-4999-877d-e2466ad53d7b,2026-07-04T11:30:00Z,2026-07-04T13:30:00+0200,-7.79,EUR/MWh,BE,BE,day_ahead_price,value,2026-08-03T21:57:58Z
2026-08-03T21:57:27Z,2026-08-03T23:57:27+0200,d07b3b2b-e83a-4999-877d-e2466ad53d7b,2026-07-04T11:45:00Z,2026-07-04T13:45:00+0200,-8.99,EUR/MWh,BE,BE,day_ahead_price,value,2026-08-03T21:57:58Z
2026-08-03T21:57:27Z,2026-08-03T23:57:27+0200,d07b3b2b-e83a-4999-877d-e2466ad53d7b,2026-07-04T12:00:00Z,2026-07-04T14:00:00+0200,-10.68,EUR/MWh,BE,BE,day_ahead_price,value,2026-08-03T21:57:58Z
2026-08-03T21:57:27Z,2026-08-03T23:57:27+0200,d07b3b2b-e83a-4999-877d-e2466ad53d7b,2026-07-04T12:15:00Z,2026-07-04T14:15:00+0200,-9.77,EUR/MWh,BE,BE,day_ahead_price,value,2026-08-03T21:57:58Z
2026-08-03T21:57:27Z,2026-08-03T23:57:27+0200,d07b3b2b-e83a-4999-877d-e2466ad53d7b,2026-07-04T12:30:00Z,2026-07-04T14:30:00+0200,-9.03,EUR/MWh,BE,BE,day_ahead_price,value,2026-08-03T21:57:58Z
2026-08-03T21:57:27Z,2026-08-03T23:57:27+0200,d07b3b2b-e83a-4999-877d-e2466ad53d7b,2026-07-04T12:45:00Z,2026-07-04T14:45:00+0200,-7.79,EUR/MWh,BE,BE,day_ahead_price,value,2026-08-03T21:57:58Z
2026-08-03T21:57:27Z,2026-08-03T23:57:27+0200,d07b3b2b-e83a-4999-877d-e2466ad53d7b,2026-07-04T13:00:00Z,2026-07-04T15:00:00+0200,-5.43,EUR/MWh,BE,BE,day_ahead_price,value,2026-08-03T21:57:58Z
2026-08-03T21:57:27Z,2026-08-03T23:57:27+0200,d07b3b2b-e83a-4999-877d-e2466ad53d7b,2026-07-04T13:15:00Z,2026-07-04T15:15:00+0200,-4.52,EUR/MWh,BE,BE,day_ahead_price,value,2026-08-03T21:57:58Z
2026-08-03T21:57:27Z,2026-08-03T23:57:27+0200,d07b3b2b-e83a-4999-877d-e2466ad53d7b,2026-07-04T13:30:00Z,2026-07-04T15:30:00+0200,-3.34,EUR/MWh,BE,BE,day_ahead_price,value,2026-08-03T21:57:58Z
2026-08-03T21:57:27Z,2026-08-03T23:57:27+0200,d07b3b2b-e83a-4999-877d-e2466ad53d7b,2026-07-04T13:45:00Z,2026-07-04T15:45:00+0200,-2.17,EUR/MWh,BE,BE,day_ahead_price,value,2026-08-03T21:57:58Z
2026-08-03T21:57:27Z,2026-08-03T23:57:27+0200,d07b3b2b-e83a-4999-877d-e2466ad53d7b,2026-07-04T14:00:00Z,2026-07-04T16:00:00+0200,-0.92,EUR/MWh,BE,BE,day_ahead_price,value,2026-08-03T21:57:58Z
2026-08-03T21:57:27Z,2026-08-03T23:57:27+0200,d07b3b2b-e83a-4999-877d-e2466ad53d7b,2026-07-04T14:15:00Z,2026-07-04T16:15:00+0200,-0.13,EUR/MWh,BE,BE,day_ahead_price,value,2026-08-03T21:57:58Z
2026-08-03T21:57:27Z,2026-08-03T23:57:27+0200,d07b3b2b-e83a-4999-877d-e2466ad53d7b,2026-07-04T14:30:00Z,2026-07-04T16:30:00+0200,-0.11,EUR/MWh,BE,BE,day_ahead_price,value,2026-08-03T21:57:58Z
2026-08-03T21:57:27Z,2026-08-03T23:57:27+0200,d07b3b2b-e83a-4999-877d-e2466ad53d7b,2026-07-04T14:45:00Z,2026-07-04T16:45:00+0200,-0.01,EUR/MWh,BE,BE,day_ahead_price,value,2026-08-03T21:57:58Z
2026-08-03T21:57:27Z,2026-08-03T23:57:27+0200,d07b3b2b-e83a-4999-877d-e2466ad53d7b,2026-07-04T15:00:00Z,2026-07-04T17:00:00+0200,0.03,EUR/MWh,BE,BE,day_ahead_price,value,2026-08-03T21:57:58Z
2026-08-03T21:57:27Z,2026-08-03T23:57:27+0200,d07b3b2b-e83a-4999-877d-e2466ad53d7b,2026-07-04T15:15:00Z,2026-07-04T17:15:00+0200,0.3,EUR/MWh,BE,BE,day_ahead_price,value,2026-08-03T21:57:58Z
2026-08-03T21:57:27Z,2026-08-03T23:57:27+0200,d07b3b2b-e83a-4999-877d-e2466ad53d7b,2026-07-04T15:30:00Z,2026-07-04T17:30:00+0200,1.57,EUR/MWh,BE,BE,day_ahead_price,value,2026-08-03T21:57:58Z
2026-08-03T21:57:27Z,2026-08-03T23:57:27+0200,d07b3b2b-e83a-4999-877d-e2466ad53d7b,2026-07-04T15:45:00Z,2026-07-04T17:45:00+0200,15.29,EUR/MWh,BE,BE,day_ahead_price,value,2026-08-03T21:57:58Z
2026-08-03T21:57:27Z,2026-08-03T23:57:27+0200,d07b3b2b-e83a-4999-877d-e2466ad53d7b,2026-07-04T16:00:00Z,2026-07-04T18:00:00+0200,9.76,EUR/MWh,BE,BE,day_ahead_price,value,2026-08-03T21:57:58Z
2026-08-03T21:57:27Z,2026-08-03T23:57:27+0200,d07b3b2b-e83a-4999-877d-e2466ad53d7b,2026-07-04T16:15:00Z,2026-07-04T18:15:00+0200,38.56,EUR/MWh,BE,BE,day_ahead_price,value,2026-08-03T21:57:58Z
2026-08-03T21:57:27Z,2026-08-03T23:57:27+0200,d07b3b2b-e83a-4999-877d-e2466ad53d7b,2026-07-04T16:30:00Z,2026-07-04T18:30:00+0200,60.82,EUR/MWh,BE,BE,day_ahead_price,value,2026-08-03T21:57:58Z
2026-08-03T21:57:27Z,2026-08-03T23:57:27+0200,d07b3b2b-e83a-4999-877d-e2466ad53d7b,2026-07-04T16:45:00Z,2026-07-04T18:45:00+0200,78.38,EUR/MWh,BE,BE,day_ahead_price,value,2026-08-03T21:57:58Z
2026-08-03T21:57:27Z,2026-08-03T23:57:27+0200,d07b3b2b-e83a-4999-877d-e2466ad53d7b,2026-07-04T17:00:00Z,2026-07-04T19:00:00+0200,74.34,EUR/MWh,BE,BE,day_ahead_price,value,2026-08-03T21:57:58Z
2026-08-03T21:57:27Z,2026-08-03T23:57:27+0200,d07b3b2b-e83a-4999-877d-e2466ad53d7b,2026-07-04T17:15:00Z,2026-07-04T19:15:00+0200,90.54,EUR/MWh,BE,BE,day_ahead_price,value,2026-08-03T21:57:58Z
2026-08-03T21:57:27Z,2026-08-03T23:57:27+0200,d07b3b2b-e83a-4999-877d-e2466ad53d7b,2026-07-04T17:30:00Z,2026-07-04T19:30:00+0200,111.84,EUR/MWh,BE,BE,day_ahead_price,value,2026-08-03T21:57:58Z
2026-08-03T21:57:27Z,2026-08-03T23:57:27+0200,d07b3b2b-e83a-4999-877d-e2466ad53d7b,2026-07-04T17:45:00Z,2026-07-04T19:45:00+0200,122.5,EUR/MWh,BE,BE,day_ahead_price,value,2026-08-03T21:57:58Z
2026-08-03T21:57:27Z,2026-08-03T23:57:27+0200,d07b3b2b-e83a-4999-877d-e2466ad53d7b,2026-07-04T18:00:00Z,2026-07-04T20:00:00+0200,106.46,EUR/MWh,BE,BE,day_ahead_price,value,2026-08-03T21:57:58Z
2026-08-03T21:57:27Z,2026-08-03T23:57:27+0200,d07b3b2b-e83a-4999-877d-e2466ad53d7b,2026-07-04T18:15:00Z,2026-07-04T20:15:00+0200,114.99,EUR/MWh,BE,BE,day_ahead_price,value,2026-08-03T21:57:58Z
2026-08-03T21:57:27Z,2026-08-03T23:57:27+0200,d07b3b2b-e83a-4999-877d-e2466ad53d7b,2026-07-04T18:30:00Z,2026-07-04T20:30:00+0200,123.35,EUR/MWh,BE,BE,day_ahead_price,value,2026-08-03T21:57:58Z
2026-08-03T21:57:27Z,2026-08-03T23:57:27+0200,d07b3b2b-e83a-4999-877d-e2466ad53d7b,2026-07-04T18:45:00Z,2026-07-04T20:45:00+0200,135.0,EUR/MWh,BE,BE,day_ahead_price,value,2026-08-03T21:57:58Z
2026-08-03T21:57:27Z,2026-08-03T23:57:27+0200,d07b3b2b-e83a-4999-877d-e2466ad53d7b,2026-07-04T19:00:00Z,2026-07-04T21:00:00+0200,127.34,EUR/MWh,BE,BE,day_ahead_price,value,2026-08-03T21:57:58Z
2026-08-03T21:57:27Z,2026-08-03T23:57:27+0200,d07b3b2b-e83a-4999-877d-e2466ad53d7b,2026-07-04T19:15:00Z,2026-07-04T21:15:00+0200,129.29,EUR/MWh,BE,BE,day_ahead_price,value,2026-08-03T21:57:58Z
2026-08-03T21:57:27Z,2026-08-03T23:57:27+0200,d07b3b2b-e83a-4999-877d-e2466ad53d7b,2026-07-04T19:30:00Z,2026-07-04T21:30:00+0200,132.54,EUR/MWh,BE,BE,day_ahead_price,value,2026-08-03T21:57:58Z
2026-08-03T21:57:27Z,2026-08-03T23:57:27+0200,d07b3b2b-e83a-4999-877d-e2466ad53d7b,2026-07-04T19:45:00Z,2026-07-04T21:45:00+0200,130.54,EUR/MWh,BE,BE,day_ahead_price,value,2026-08-03T21:57:58Z
2026-08-03T21:57:27Z,2026-08-03T23:57:27+0200,d07b3b2b-e83a-4999-877d-e2466ad53d7b,2026-07-04T20:00:00Z,2026-07-04T22:00:00+0200,137.15,EUR/MWh,BE,BE,day_ahead_price,value,2026-08-03T21:57:58Z
2026-08-03T21:57:27Z,2026-08-03T23:57:27+0200,d07b3b2b-e83a-4999-877d-e2466ad53d7b,2026-07-04T20:15:00Z,2026-07-04T22:15:00+0200,129.07,EUR/MWh,BE,BE,day_ahead_price,value,2026-08-03T21:57:58Z
2026-08-03T21:57:27Z,2026-08-03T23:57:27+0200,d07b3b2b-e83a-4999-877d-e2466ad53d7b,2026-07-04T20:30:00Z,2026-07-04T22:30:00+0200,129.72,EUR/MWh,BE,BE,day_ahead_price,value,2026-08-03T21:57:58Z
2026-08-03T21:57:27Z,2026-08-03T23:57:27+0200,d07b3b2b-e83a-4999-877d-e2466ad53d7b,2026-07-04T20:45:00Z,2026-07-04T22:45:00+0200,119.1,EUR/MWh,BE,BE,day_ahead_price,value,2026-08-03T21:57:58Z
2026-08-03T21:57:27Z,2026-08-03T23:57:27+0200,d07b3b2b-e83a-4999-877d-e2466ad53d7b,2026-07-04T21:00:00Z,2026-07-04T23:00:00+0200,140.51,EUR/MWh,BE,BE,day_ahead_price,value,2026-08-03T21:57:58Z
2026-08-03T21:57:27Z,2026-08-03T23:57:27+0200,d07b3b2b-e83a-4999-877d-e2466ad53d7b,2026-07-04T21:15:00Z,2026-07-04T23:15:00+0200,125.19,EUR/MWh,BE,BE,day_ahead_price,value,2026-08-03T21:57:58Z
2026-08-03T21:57:27Z,2026-08-03T23:57:27+0200,d07b3b2b-e83a-4999-877d-e2466ad53d7b,2026-07-04T21:30:00Z,2026-07-04T23:30:00+0200,121.24,EUR/MWh,BE,BE,day_ahead_price,value,2026-08-03T21:57:58Z
2026-08-03T21:57:27Z,2026-08-03T23:57:27+0200,d07b3b2b-e83a-4999-877d-e2466ad53d7b,2026-07-04T21:45:00Z,2026-07-04T23:45:00+0200,133.06,EUR/MWh,BE,BE,day_ahead_price,value,2026-08-03T21:57:58Z
2026-08-03T21:57:27Z,2026-08-03T23:57:27+0200,d07b3b2b-e83a-4999-877d-e2466ad53d7b,2026-07-04T22:00:00Z,2026-07-05T00:00:00+0200,155.88,EUR/MWh,BE,BE,day_ahead_price,value,2026-08-03T21:57:58Z
2026-08-03T21:57:27Z,2026-08-03T23:57:27+0200,d07b3b2b-e83a-4999-877d-e2466ad53d7b,2026-07-04T22:15:00Z,2026-07-05T00:15:00+0200,156.7,EUR/MWh,BE,BE,day_ahead_price,value,2026-08-03T21:57:58Z
2026-08-03T21:57:27Z,2026-08-03T23:57:27+0200,d07b3b2b-e83a-4999-877d-e2466ad53d7b,2026-07-04T22:30:00Z,2026-07-05T00:30:00+0200,137.87,EUR/MWh,BE,BE,day_ahead_price,value,2026-08-03T21:57:58Z
2026-08-03T21:57:27Z,2026-08-03T23:57:27+0200,d07b3b2b-e83a-4999-877d-e2466ad53d7b,2026-07-04T22:45:00Z,2026-07-05T00:45:00+0200,121.22,EUR/MWh,BE,BE,day_ahead_price,value,2026-08-03T21:57:58Z
2026-08-03T21:57:27Z,2026-08-03T23:57:27+0200,d07b3b2b-e83a-4999-877d-e2466ad53d7b,2026-07-04T23:00:00Z,2026-07-05T01:00:00+0200,136.05,EUR/MWh,BE,BE,day_ahead_price,value,2026-08-03T21:57:58Z
2026-08-03T21:57:27Z,2026-08-03T23:57:27+0200,d07b3b2b-e83a-4999-877d-e2466ad53d7b,2026-07-04T23:15:00Z,2026-07-05T01:15:00+0200,115.89,EUR/MWh,BE,BE,day_ahead_price,value,2026-08-03T21:57:58Z
2026-08-03T21:57:27Z,2026-08-03T23:57:27+0200,d07b3b2b-e83a-4999-877d-e2466ad53d7b,2026-07-04T23:30:00Z,2026-07-05T01:30:00+0200,110.0,EUR/MWh,BE,BE,day_ahead_price,value,2026-08-03T21:57:58Z
2026-08-03T21:57:27Z,2026-08-03T23:57:27+0200,d07b3b2b-e83a-4999-877d-e2466ad53d7b,2026-07-04T23:45:00Z,2026-07-05T01:45:00+0200,100.41,EUR/MWh,BE,BE,day_ahead_price,value,2026-08-03T21:57:58Z
2026-08-03T21:57:27Z,2026-08-03T23:57:27+0200,d07b3b2b-e83a-4999-877d-e2466ad53d7b,2026-07-05T00:00:00Z,2026-07-05T02:00:00+0200,114.45,EUR/MWh,BE,BE,day_ahead_price,value,2026-08-03T21:57:58Z
2026-08-03T21:57:27Z,2026-08-03T23:57:27+0200,d07b3b2b-e83a-4999-877d-e2466ad53d7b,2026-07-05T00:15:00Z,2026-07-05T02:15:00+0200,150.23,EUR/MWh,BE,BE,day_ahead_price,value,2026-08-03T21:57:58Z
2026-08-03T21:57:27Z,2026-08-03T23:57:27+0200,d07b3b2b-e83a-4999-877d-e2466ad53d7b,2026-07-05T00:30:00Z,2026-07-05T02:30:00+0200,131.4,EUR/MWh,BE,BE,day_ahead_price,value,2026-08-03T21:57:58Z
2026-08-03T21:57:27Z,2026-08-03T23:57:27+0200,d07b3b2b-e83a-4999-877d-e2466ad53d7b,2026-07-05T00:45:00Z,2026-07-05T02:45:00+0200,110.0,EUR/MWh,BE,BE,day_ahead_price,value,2026-08-03T21:57:58Z
2026-08-03T21:57:27Z,2026-08-03T23:57:27+0200,d07b3b2b-e83a-4999-877d-e2466ad53d7b,2026-07-05T01:00:00Z,2026-07-05T03:00:00+0200,131.97,EUR/MWh,BE,BE,day_ahead_price,value,2026-08-03T21:57:58Z
2026-08-03T21:57:27Z,2026-08-03T23:57:27+0200,d07b3b2b-e83a-4999-877d-e2466ad53d7b,2026-07-05T01:15:00Z,2026-07-05T03:15:00+0200,114.62,EUR/MWh,BE,BE,day_ahead_price,value,2026-08-03T21:57:58Z
2026-08-03T21:57:27Z,2026-08-03T23:57:27+0200,d07b3b2b-e83a-4999-877d-e2466ad53d7b,2026-07-05T01:30:00Z,2026-07-05T03:30:00+0200,109.47,EUR/MWh,BE,BE,day_ahead_price,value,2026-08-03T21:57:58Z
2026-08-03T21:57:27Z,2026-08-03T23:57:27+0200,d07b3b2b-e83a-4999-877d-e2466ad53d7b,2026-07-05T01:45:00Z,2026-07-05T03:45:00+0200,91.94,EUR/MWh,BE,BE,day_ahead_price,value,2026-08-03T21:57:58Z
2026-08-03T21:57:27Z,2026-08-03T23:57:27+0200,d07b3b2b-e83a-4999-877d-e2466ad53d7b,2026-07-05T02:00:00Z,2026-07-05T04:00:00+0200,113.21,EUR/MWh,BE,BE,day_ahead_price,value,2026-08-03T21:57:58Z
2026-08-03T21:57:27Z,2026-08-03T23:57:27+0200,d07b3b2b-e83a-4999-877d-e2466ad53d7b,2026-07-05T02:15:00Z,2026-07-05T04:15:00+0200,101.94,EUR/MWh,BE,BE,day_ahead_price,value,2026-08-03T21:57:58Z
2026-08-03T21:57:27Z,2026-08-03T23:57:27+0200,d07b3b2b-e83a-4999-877d-e2466ad53d7b,2026-07-05T02:30:00Z,2026-07-05T04:30:00+0200,100.0,EUR/MWh,BE,BE,day_ahead_price,value,2026-08-03T21:57:58Z
2026-08-03T21:57:27Z,2026-08-03T23:57:27+0200,d07b3b2b-e83a-4999-877d-e2466ad53d7b,2026-07-05T02:45:00Z,2026-07-05T04:45:00+0200,101.94,EUR/MWh,BE,BE,day_ahead_price,value,2026-08-03T21:57:58Z
2026-08-03T21:57:27Z,2026-08-03T23:57:27+0200,d07b3b2b-e83a-4999-877d-e2466ad53d7b,2026-07-05T03:00:00Z,2026-07-05T05:00:00+0200,100.0,EUR/MWh,BE,BE,day_ahead_price,value,2026-08-03T21:57:58Z
2026-08-03T21:57:27Z,2026-08-03T23:57:27+0200,d07b3b2b-e83a-4999-877d-e2466ad53d7b,2026-07-05T03:15:00Z,2026-07-05T05:15:00+0200,100.0,EUR/MWh,BE,BE,day_ahead_price,value,2026-08-03T21:57:58Z
2026-08-03T21:57:27Z,2026-08-03T23:57:27+0200,d07b3b2b-e83a-4999-877d-e2466ad53d7b,2026-07-05T03:30:00Z,2026-07-05T05:30:00+0200,100.0,EUR/MWh,BE,BE,day_ahead_price,value,2026-08-03T21:57:58Z
2026-08-03T21:57:27Z,2026-08-03T23:57:27+0200,d07b3b2b-e83a-4999-877d-e2466ad53d7b,2026-07-05T03:45:00Z,2026-07-05T05:45:00+0200,99.68,EUR/MWh,BE,BE,day_ahead_price,value,2026-08-03T21:57:58Z
2026-08-03T21:57:27Z,2026-08-03T23:57:27+0200,d07b3b2b-e83a-4999-877d-e2466ad53d7b,2026-07-05T04:00:00Z,2026-07-05T06:00:00+0200,115.0,EUR/MWh,BE,BE,day_ahead_price,value,2026-08-03T21:57:58Z
2026-08-03T21:57:27Z,2026-08-03T23:57:27+0200,d07b3b2b-e83a-4999-877d-e2466ad53d7b,2026-07-05T04:15:00Z,2026-07-05T06:15:00+0200,94.45,EUR/MWh,BE,BE,day_ahead_price,value,2026-08-03T21:57:58Z
2026-08-03T21:57:27Z,2026-08-03T23:57:27+0200,d07b3b2b-e83a-4999-877d-e2466ad53d7b,2026-07-05T04:30:00Z,2026-07-05T06:30:00+0200,88.02,EUR/MWh,BE,BE,day_ahead_price,value,2026-08-03T21:57:58Z
2026-08-03T21:57:27Z,2026-08-03T23:57:27+0200,d07b3b2b-e83a-4999-877d-e2466ad53d7b,2026-07-05T04:45:00Z,2026-07-05T06:45:00+0200,85.28,EUR/MWh,BE,BE,day_ahead_price,value,2026-08-03T21:57:58Z
2026-08-03T21:57:27Z,2026-08-03T23:57:27+0200,d07b3b2b-e83a-4999-877d-e2466ad53d7b,2026-07-05T05:00:00Z,2026-07-05T07:00:00+0200,120.93,EUR/MWh,BE,BE,day_ahead_price,value,2026-08-03T21:57:58Z
2026-08-03T21:57:27Z,2026-08-03T23:57:27+0200,d07b3b2b-e83a-4999-877d-e2466ad53d7b,2026-07-05T05:15:00Z,2026-07-05T07:15:00+0200,109.16,EUR/MWh,BE,BE,day_ahead_price,value,2026-08-03T21:57:58Z
2026-08-03T21:57:27Z,2026-08-03T23:57:27+0200,d07b3b2b-e83a-4999-877d-e2466ad53d7b,2026-07-05T05:30:00Z,2026-07-05T07:30:00+0200,59.99,EUR/MWh,BE,BE,day_ahead_price,value,2026-08-03T21:57:58Z
2026-08-03T21:57:27Z,2026-08-03T23:57:27+0200,d07b3b2b-e83a-4999-877d-e2466ad53d7b,2026-07-05T05:45:00Z,2026-07-05T07:45:00+0200,49.13,EUR/MWh,BE,BE,day_ahead_price,value,2026-08-03T21:57:58Z
2026-08-03T21:57:27Z,2026-08-03T23:57:27+0200,d07b3b2b-e83a-4999-877d-e2466ad53d7b,2026-07-05T06:00:00Z,2026-07-05T08:00:00+0200,72.32,EUR/MWh,BE,BE,day_ahead_price,value,2026-08-03T21:57:58Z
2026-08-03T21:57:27Z,2026-08-03T23:57:27+0200,d07b3b2b-e83a-4999-877d-e2466ad53d7b,2026-07-05T06:15:00Z,2026-07-05T08:15:00+0200,38.42,EUR/MWh,BE,BE,day_ahead_price,value,2026-08-03T21:57:58Z
2026-08-03T21:57:27Z,2026-08-03T23:57:27+0200,d07b3b2b-e83a-4999-877d-e2466ad53d7b,2026-07-05T06:30:00Z,2026-07-05T08:30:00+0200,16.82,EUR/MWh,BE,BE,day_ahead_price,value,2026-08-03T21:57:58Z
2026-08-03T21:57:27Z,2026-08-03T23:57:27+0200,d07b3b2b-e83a-4999-877d-e2466ad53d7b,2026-07-05T06:45:00Z,2026-07-05T08:45:00+0200,9.81,EUR/MWh,BE,BE,day_ahead_price,value,2026-08-03T21:57:58Z
2026-08-03T21:57:27Z,2026-08-03T23:57:27+0200,d07b3b2b-e83a-4999-877d-e2466ad53d7b,2026-07-05T07:00:00Z,2026-07-05T09:00:00+0200,9.93,EUR/MWh,BE,BE,day_ahead_price,value,2026-08-03T21:57:58Z
2026-08-03T21:57:27Z,2026-08-03T23:57:27+0200,d07b3b2b-e83a-4999-877d-e2466ad53d7b,2026-07-05T07:15:00Z,2026-07-05T09:15:00+0200,2.95,EUR/MWh,BE,BE,day_ahead_price,value,2026-08-03T21:57:58Z
2026-08-03T21:57:27Z,2026-08-03T23:57:27+0200,d07b3b2b-e83a-4999-877d-e2466ad53d7b,2026-07-05T07:30:00Z,2026-07-05T09:30:00+0200,0.07,EUR/MWh,BE,BE,day_ahead_price,value,2026-08-03T21:57:58Z
2026-08-03T21:57:27Z,2026-08-03T23:57:27+0200,d07b3b2b-e83a-4999-877d-e2466ad53d7b,2026-07-05T07:45:00Z,2026-07-05T09:45:00+0200,0.03,EUR/MWh,BE,BE,day_ahead_price,value,2026-08-03T21:57:58Z
2026-08-03T21:57:27Z,2026-08-03T23:57:27+0200,d07b3b2b-e83a-4999-877d-e2466ad53d7b,2026-07-05T08:00:00Z,2026-07-05T10:00:00+0200,0.01,EUR/MWh,BE,BE,day_ahead_price,value,2026-08-03T21:57:58Z
2026-08-03T21:57:27Z,2026-08-03T23:57:27+0200,d07b3b2b-e83a-4999-877d-e2466ad53d7b,2026-07-05T08:15:00Z,2026-07-05T10:15:00+0200,0.01,EUR/MWh,BE,BE,day_ahead_price,value,2026-08-03T21:57:58Z
2026-08-03T21:57:27Z,2026-08-03T23:57:27+0200,d07b3b2b-e83a-4999-877d-e2466ad53d7b,2026-07-05T08:30:00Z,2026-07-05T10:30:00+0200,0.08,EUR/MWh,BE,BE,day_ahead_price,value,2026-08-03T21:57:58Z
2026-08-03T21:57:27Z,2026-08-03T23:57:27+0200,d07b3b2b-e83a-4999-877d-e2466ad53d7b,2026-07-05T08:45:00Z,2026-07-05T10:45:00+0200,0.08,EUR/MWh,BE,BE,day_ahead_price,value,2026-08-03T21:57:58Z
2026-08-03T21:57:27Z,2026-08-03T23:57:27+0200,d07b3b2b-e83a-4999-877d-e2466ad53d7b,2026-07-05T09:00:00Z,2026-07-05T11:00:00+0200,0.06,EUR/MWh,BE,BE,day_ahead_price,value,2026-08-03T21:57:58Z
2026-08-03T21:57:27Z,2026-08-03T23:57:27+0200,d07b3b2b-e83a-4999-877d-e2466ad53d7b,2026-07-05T09:15:00Z,2026-07-05T11:15:00+0200,0.1,EUR/MWh,BE,BE,day_ahead_price,value,2026-08-03T21:57:58Z
2026-08-03T21:57:27Z,2026-08-03T23:57:27+0200,d07b3b2b-e83a-4999-877d-e2466ad53d7b,2026-07-05T09:30:00Z,2026-07-05T11:30:00+0200,0.08,EUR/MWh,BE,BE,day_ahead_price,value,2026-08-03T21:57:58Z
2026-08-03T21:57:27Z,2026-08-03T23:57:27+0200,d07b3b2b-e83a-4999-877d-e2466ad53d7b,2026-07-05T09:45:00Z,2026-07-05T11:45:00+0200,0.06,EUR/MWh,BE,BE,day_ahead_price,value,2026-08-03T21:57:58Z
2026-08-03T21:57:27Z,2026-08-03T23:57:27+0200,d07b3b2b-e83a-4999-877d-e2466ad53d7b,2026-07-05T10:00:00Z,2026-07-05T12:00:00+0200,-0.06,EUR/MWh,BE,BE,day_ahead_price,value,2026-08-03T21:57:58Z
2026-08-03T21:57:27Z,2026-08-03T23:57:27+0200,d07b3b2b-e83a-4999-877d-e2466ad53d7b,2026-07-05T10:15:00Z,2026-07-05T12:15:00+0200,-0.08,EUR/MWh,BE,BE,day_ahead_price,value,2026-08-03T21:57:58Z
2026-08-03T21:57:27Z,2026-08-03T23:57:27+0200,d07b3b2b-e83a-4999-877d-e2466ad53d7b,2026-07-05T10:30:00Z,2026-07-05T12:30:00+0200,-0.1,EUR/MWh,BE,BE,day_ahead_price,value,2026-08-03T21:57:58Z
2026-08-03T21:57:27Z,2026-08-03T23:57:27+0200,d07b3b2b-e83a-4999-877d-e2466ad53d7b,2026-07-05T10:45:00Z,2026-07-05T12:45:00+0200,-0.11,EUR/MWh,BE,BE,day_ahead_price,value,2026-08-03T21:57:58Z
2026-08-03T21:57:27Z,2026-08-03T23:57:27+0200,d07b3b2b-e83a-4999-877d-e2466ad53d7b,2026-07-05T11:00:00Z,2026-07-05T13:00:00+0200,-0.16,EUR/MWh,BE,BE,day_ahead_price,value,2026-08-03T21:57:58Z
2026-08-03T21:57:27Z,2026-08-03T23:57:27+0200,d07b3b2b-e83a-4999-877d-e2466ad53d7b,2026-07-05T11:15:00Z,2026-07-05T13:15:00+0200,-0.2,EUR/MWh,BE,BE,day_ahead_price,value,2026-08-03T21:57:58Z
2026-08-03T21:57:27Z,2026-08-03T23:57:27+0200,d07b3b2b-e83a-4999-877d-e2466ad53d7b,2026-07-05T11:30:00Z,2026-07-05T13:30:00+0200,-0.94,EUR/MWh,BE,BE,day_ahead_price,value,2026-08-03T21:57:58Z
2026-08-03T21:57:27Z,2026-08-03T23:57:27+0200,d07b3b2b-e83a-4999-877d-e2466ad53d7b,2026-07-05T11:45:00Z,2026-07-05T13:45:00+0200,-1.01,EUR/MWh,BE,BE,day_ahead_price,value,2026-08-03T21:57:58Z
2026-08-03T21:57:27Z,2026-08-03T23:57:27+0200,d07b3b2b-e83a-4999-877d-e2466ad53d7b,2026-07-05T12:00:00Z,2026-07-05T14:00:00+0200,-1.23,EUR/MWh,BE,BE,day_ahead_price,value,2026-08-03T21:57:58Z
2026-08-03T21:57:27Z,2026-08-03T23:57:27+0200,d07b3b2b-e83a-4999-877d-e2466ad53d7b,2026-07-05T12:15:00Z,2026-07-05T14:15:00+0200,-1.13,EUR/MWh,BE,BE,day_ahead_price,value,2026-08-03T21:57:58Z
2026-08-03T21:57:27Z,2026-08-03T23:57:27+0200,d07b3b2b-e83a-4999-877d-e2466ad53d7b,2026-07-05T12:30:00Z,2026-07-05T14:30:00+0200,-1.03,EUR/MWh,BE,BE,day_ahead_price,value,2026-08-03T21:57:58Z
2026-08-03T21:57:27Z,2026-08-03T23:57:27+0200,d07b3b2b-e83a-4999-877d-e2466ad53d7b,2026-07-05T12:45:00Z,2026-07-05T14:45:00+0200,-0.99,EUR/MWh,BE,BE,day_ahead_price,value,2026-08-03T21:57:58Z
2026-08-03T21:57:27Z,2026-08-03T23:57:27+0200,d07b3b2b-e83a-4999-877d-e2466ad53d7b,2026-07-05T13:00:00Z,2026-07-05T15:00:00+0200,-0.96,EUR/MWh,BE,BE,day_ahead_price,value,2026-08-03T21:57:58Z
2026-08-03T21:57:27Z,2026-08-03T23:57:27+0200,d07b3b2b-e83a-4999-877d-e2466ad53d7b,2026-07-05T13:15:00Z,2026-07-05T15:15:00+0200,-0.99,EUR/MWh,BE,BE,day_ahead_price,value,2026-08-03T21:57:58Z
2026-08-03T21:57:27Z,2026-08-03T23:57:27+0200,d07b3b2b-e83a-4999-877d-e2466ad53d7b,2026-07-05T13:30:00Z,2026-07-05T15:30:00+0200,-0.96,EUR/MWh,BE,BE,day_ahead_price,value,2026-08-03T21:57:58Z
2026-08-03T21:57:27Z,2026-08-03T23:57:27+0200,d07b3b2b-e83a-4999-877d-e2466ad53d7b,2026-07-05T13:45:00Z,2026-07-05T15:45:00+0200,-0.95,EUR/MWh,BE,BE,day_ahead_price,value,2026-08-03T21:57:58Z
2026-08-03T21:57:27Z,2026-08-03T23:57:27+0200,d07b3b2b-e83a-4999-877d-e2466ad53d7b,2026-07-05T14:00:00Z,2026-07-05T16:00:00+0200,0.0,EUR/MWh,BE,BE,day_ahead_price,value,2026-08-03T21:57:58Z
2026-08-03T21:57:27Z,2026-08-03T23:57:27+0200,d07b3b2b-e83a-4999-877d-e2466ad53d7b,2026-07-05T14:15:00Z,2026-07-05T16:15:00+0200,-0.02,EUR/MWh,BE,BE,day_ahead_price,value,2026-08-03T21:57:58Z
2026-08-03T21:57:27Z,2026-08-03T23:57:27+0200,d07b3b2b-e83a-4999-877d-e2466ad53d7b,2026-07-05T14:30:00Z,2026-07-05T16:30:00+0200,0.09,EUR/MWh,BE,BE,day_ahead_price,value,2026-08-03T21:57:58Z
2026-08-03T21:57:27Z,2026-08-03T23:57:27+0200,d07b3b2b-e83a-4999-877d-e2466ad53d7b,2026-07-05T14:45:00Z,2026-07-05T16:45:00+0200,1.83,EUR/MWh,BE,BE,day_ahead_price,value,2026-08-03T21:57:58Z
2026-08-03T21:57:27Z,2026-08-03T23:57:27+0200,d07b3b2b-e83a-4999-877d-e2466ad53d7b,2026-07-05T15:00:00Z,2026-07-05T17:00:00+0200,0.01,EUR/MWh,BE,BE,day_ahead_price,value,2026-08-03T21:57:58Z
2026-08-03T21:57:27Z,2026-08-03T23:57:27+0200,d07b3b2b-e83a-4999-877d-e2466ad53d7b,2026-07-05T15:15:00Z,2026-07-05T17:15:00+0200,1.71,EUR/MWh,BE,BE,day_ahead_price,value,2026-08-03T21:57:58Z
2026-08-03T21:57:27Z,2026-08-03T23:57:27+0200,d07b3b2b-e83a-4999-877d-e2466ad53d7b,2026-07-05T15:30:00Z,2026-07-05T17:30:00+0200,22.04,EUR/MWh,BE,BE,day_ahead_price,value,2026-08-03T21:57:58Z
2026-08-03T21:57:27Z,2026-08-03T23:57:27+0200,d07b3b2b-e83a-4999-877d-e2466ad53d7b,2026-07-05T15:45:00Z,2026-07-05T17:45:00+0200,49.81,EUR/MWh,BE,BE,day_ahead_price,value,2026-08-03T21:57:58Z
2026-08-03T21:57:27Z,2026-08-03T23:57:27+0200,d07b3b2b-e83a-4999-877d-e2466ad53d7b,2026-07-05T16:00:00Z,2026-07-05T18:00:00+0200,61.65,EUR/MWh,BE,BE,day_ahead_price,value,2026-08-03T21:57:58Z
2026-08-03T21:57:27Z,2026-08-03T23:57:27+0200,d07b3b2b-e83a-4999-877d-e2466ad53d7b,2026-07-05T16:15:00Z,2026-07-05T18:15:00+0200,108.55,EUR/MWh,BE,BE,day_ahead_price,value,2026-08-03T21:57:58Z
2026-08-03T21:57:27Z,2026-08-03T23:57:27+0200,d07b3b2b-e83a-4999-877d-e2466ad53d7b,2026-07-05T16:30:00Z,2026-07-05T18:30:00+0200,150.98,EUR/MWh,BE,BE,day_ahead_price,value,2026-08-03T21:57:58Z
2026-08-03T21:57:27Z,2026-08-03T23:57:27+0200,d07b3b2b-e83a-4999-877d-e2466ad53d7b,2026-07-05T16:45:00Z,2026-07-05T18:45:00+0200,156.7,EUR/MWh,BE,BE,day_ahead_price,value,2026-08-03T21:57:58Z
2026-08-03T21:57:27Z,2026-08-03T23:57:27+0200,d07b3b2b-e83a-4999-877d-e2466ad53d7b,2026-07-05T17:00:00Z,2026-07-05T19:00:00+0200,113.0,EUR/MWh,BE,BE,day_ahead_price,value,2026-08-03T21:57:58Z
2026-08-03T21:57:27Z,2026-08-03T23:57:27+0200,d07b3b2b-e83a-4999-877d-e2466ad53d7b,2026-07-05T17:15:00Z,2026-07-05T19:15:00+0200,156.86,EUR/MWh,BE,BE,day_ahead_price,value,2026-08-03T21:57:58Z
2026-08-03T21:57:27Z,2026-08-03T23:57:27+0200,d07b3b2b-e83a-4999-877d-e2466ad53d7b,2026-07-05T17:30:00Z,2026-07-05T19:30:00+0200,180.0,EUR/MWh,BE,BE,day_ahead_price,value,2026-08-03T21:57:58Z
2026-08-03T21:57:27Z,2026-08-03T23:57:27+0200,d07b3b2b-e83a-4999-877d-e2466ad53d7b,2026-07-05T17:45:00Z,2026-07-05T19:45:00+0200,170.01,EUR/MWh,BE,BE,day_ahead_price,value,2026-08-03T21:57:58Z
2026-08-03T21:57:27Z,2026-08-03T23:57:27+0200,d07b3b2b-e83a-4999-877d-e2466ad53d7b,2026-07-05T18:00:00Z,2026-07-05T20:00:00+0200,147.25,EUR/MWh,BE,BE,day_ahead_price,value,2026-08-03T21:57:58Z
2026-08-03T21:57:27Z,2026-08-03T23:57:27+0200,d07b3b2b-e83a-4999-877d-e2466ad53d7b,2026-07-05T18:15:00Z,2026-07-05T20:15:00+0200,130.85,EUR/MWh,BE,BE,day_ahead_price,value,2026-08-03T21:57:58Z
2026-08-03T21:57:27Z,2026-08-03T23:57:27+0200,d07b3b2b-e83a-4999-877d-e2466ad53d7b,2026-07-05T18:30:00Z,2026-07-05T20:30:00+0200,143.0,EUR/MWh,BE,BE,day_ahead_price,value,2026-08-03T21:57:58Z
2026-08-03T21:57:27Z,2026-08-03T23:57:27+0200,d07b3b2b-e83a-4999-877d-e2466ad53d7b,2026-07-05T18:45:00Z,2026-07-05T20:45:00+0200,154.67,EUR/MWh,BE,BE,day_ahead_price,value,2026-08-03T21:57:58Z
2026-08-03T21:57:27Z,2026-08-03T23:57:27+0200,d07b3b2b-e83a-4999-877d-e2466ad53d7b,2026-07-05T19:00:00Z,2026-07-05T21:00:00+0200,130.67,EUR/MWh,BE,BE,day_ahead_price,value,2026-08-03T21:57:58Z
2026-08-03T21:57:27Z,2026-08-03T23:57:27+0200,d07b3b2b-e83a-4999-877d-e2466ad53d7b,2026-07-05T19:15:00Z,2026-07-05T21:15:00+0200,134.03,EUR/MWh,BE,BE,day_ahead_price,value,2026-08-03T21:57:58Z
2026-08-03T21:57:27Z,2026-08-03T23:57:27+0200,d07b3b2b-e83a-4999-877d-e2466ad53d7b,2026-07-05T19:30:00Z,2026-07-05T21:30:00+0200,160.18,EUR/MWh,BE,BE,day_ahead_price,value,2026-08-03T21:57:58Z
2026-08-03T21:57:27Z,2026-08-03T23:57:27+0200,d07b3b2b-e83a-4999-877d-e2466ad53d7b,2026-07-05T19:45:00Z,2026-07-05T21:45:00+0200,199.12,EUR/MWh,BE,BE,day_ahead_price,value,2026-08-03T21:57:58Z
2026-08-03T21:57:27Z,2026-08-03T23:57:27+0200,d07b3b2b-e83a-4999-877d-e2466ad53d7b,2026-07-05T20:00:00Z,2026-07-05T22:00:00+0200,153.26,EUR/MWh,BE,BE,day_ahead_price,value,2026-08-03T21:57:58Z
2026-08-03T21:57:27Z,2026-08-03T23:57:27+0200,d07b3b2b-e83a-4999-877d-e2466ad53d7b,2026-07-05T20:15:00Z,2026-07-05T22:15:00+0200,176.32,EUR/MWh,BE,BE,day_ahead_price,value,2026-08-03T21:57:58Z
2026-08-03T21:57:27Z,2026-08-03T23:57:27+0200,d07b3b2b-e83a-4999-877d-e2466ad53d7b,2026-07-05T20:30:00Z,2026-07-05T22:30:00+0200,142.63,EUR/MWh,BE,BE,day_ahead_price,value,2026-08-03T21:57:58Z
2026-08-03T21:57:27Z,2026-08-03T23:57:27+0200,d07b3b2b-e83a-4999-877d-e2466ad53d7b,2026-07-05T20:45:00Z,2026-07-05T22:45:00+0200,160.0,EUR/MWh,BE,BE,day_ahead_price,value,2026-08-03T21:57:58Z
2026-08-03T21:57:27Z,2026-08-03T23:57:27+0200,d07b3b2b-e83a-4999-877d-e2466ad53d7b,2026-07-05T21:00:00Z,2026-07-05T23:00:00+0200,136.03,EUR/MWh,BE,BE,day_ahead_price,value,2026-08-03T21:57:58Z
2026-08-03T21:57:27Z,2026-08-03T23:57:27+0200,d07b3b2b-e83a-4999-877d-e2466ad53d7b,2026-07-05T21:15:00Z,2026-07-05T23:15:00+0200,136.6,EUR/MWh,BE,BE,day_ahead_price,value,2026-08-03T21:57:58Z
2026-08-03T21:57:27Z,2026-08-03T23:57:27+0200,d07b3b2b-e83a-4999-877d-e2466ad53d7b,2026-07-05T21:30:00Z,2026-07-05T23:30:00+0200,148.19,EUR/MWh,BE,BE,day_ahead_price,value,2026-08-03T21:57:58Z
2026-08-03T21:57:27Z,2026-08-03T23:57:27+0200,d07b3b2b-e83a-4999-877d-e2466ad53d7b,2026-07-05T21:45:00Z,2026-07-05T23:45:00+0200,135.0,EUR/MWh,BE,BE,day_ahead_price,value,2026-08-03T21:57:58Z
2026-08-03T21:57:27Z,2026-08-03T23:57:27+0200,d07b3b2b-e83a-4999-877d-e2466ad53d7b,2026-07-05T22:00:00Z,2026-07-06T00:00:00+0200,157.56,EUR/MWh,BE,BE,day_ahead_price,value,2026-08-03T21:57:58Z
2026-08-03T21:57:27Z,2026-08-03T23:57:27+0200,d07b3b2b-e83a-4999-877d-e2466ad53d7b,2026-07-05T22:15:00Z,2026-07-06T00:15:00+0200,160.0,EUR/MWh,BE,BE,day_ahead_price,value,2026-08-03T21:57:58Z
2026-08-03T21:57:27Z,2026-08-03T23:57:27+0200,d07b3b2b-e83a-4999-877d-e2466ad53d7b,2026-07-05T22:30:00Z,2026-07-06T00:30:00+0200,134.87,EUR/MWh,BE,BE,day_ahead_price,value,2026-08-03T21:57:58Z
2026-08-03T21:57:27Z,2026-08-03T23:57:27+0200,d07b3b2b-e83a-4999-877d-e2466ad53d7b,2026-07-05T22:45:00Z,2026-07-06T00:45:00+0200,134.15,EUR/MWh,BE,BE,day_ahead_price,value,2026-08-03T21:57:58Z
2026-08-03T21:57:27Z,2026-08-03T23:57:27+0200,d07b3b2b-e83a-4999-877d-e2466ad53d7b,2026-07-05T23:00:00Z,2026-07-06T01:00:00+0200,131.31,EUR/MWh,BE,BE,day_ahead_price,value,2026-08-03T21:57:58Z
2026-08-03T21:57:27Z,2026-08-03T23:57:27+0200,d07b3b2b-e83a-4999-877d-e2466ad53d7b,2026-07-05T23:15:00Z,2026-07-06T01:15:00+0200,129.84,EUR/MWh,BE,BE,day_ahead_price,value,2026-08-03T21:57:58Z
2026-08-03T21:57:27Z,2026-08-03T23:57:27+0200,d07b3b2b-e83a-4999-877d-e2466ad53d7b,2026-07-05T23:30:00Z,2026-07-06T01:30:00+0200,126.56,EUR/MWh,BE,BE,day_ahead_price,value,2026-08-03T21:57:58Z
2026-08-03T21:57:27Z,2026-08-03T23:57:27+0200,d07b3b2b-e83a-4999-877d-e2466ad53d7b,2026-07-05T23:45:00Z,2026-07-06T01:45:00+0200,123.5,EUR/MWh,BE,BE,day_ahead_price,value,2026-08-03T21:57:58Z
2026-08-03T21:57:27Z,2026-08-03T23:57:27+0200,d07b3b2b-e83a-4999-877d-e2466ad53d7b,2026-07-06T00:00:00Z,2026-07-06T02:00:00+0200,125.47,EUR/MWh,BE,BE,day_ahead_price,value,2026-08-03T21:57:58Z
2026-08-03T21:57:27Z,2026-08-03T23:57:27+0200,d07b3b2b-e83a-4999-877d-e2466ad53d7b,2026-07-06T00:15:00Z,2026-07-06T02:15:00+0200,118.49,EUR/MWh,BE,BE,day_ahead_price,value,2026-08-03T21:57:58Z
2026-08-03T21:57:27Z,2026-08-03T23:57:27+0200,d07b3b2b-e83a-4999-877d-e2466ad53d7b,2026-07-06T00:30:00Z,2026-07-06T02:30:00+0200,116.13,EUR/MWh,BE,BE,day_ahead_price,value,2026-08-03T21:57:58Z
2026-08-03T21:57:27Z,2026-08-03T23:57:27+0200,d07b3b2b-e83a-4999-877d-e2466ad53d7b,2026-07-06T00:45:00Z,2026-07-06T02:45:00+0200,110.3,EUR/MWh,BE,BE,day_ahead_price,value,2026-08-03T21:57:58Z
2026-08-03T21:57:27Z,2026-08-03T23:57:27+0200,d07b3b2b-e83a-4999-877d-e2466ad53d7b,2026-07-06T01:00:00Z,2026-07-06T03:00:00+0200,112.65,EUR/MWh,BE,BE,day_ahead_price,value,2026-08-03T21:57:58Z
2026-08-03T21:57:27Z,2026-08-03T23:57:27+0200,d07b3b2b-e83a-4999-877d-e2466ad53d7b,2026-07-06T01:15:00Z,2026-07-06T03:15:00+0200,110.88,EUR/MWh,BE,BE,day_ahead_price,value,2026-08-03T21:57:58Z
2026-08-03T21:57:27Z,2026-08-03T23:57:27+0200,d07b3b2b-e83a-4999-877d-e2466ad53d7b,2026-07-06T01:30:00Z,2026-07-06T03:30:00+0200,112.47,EUR/MWh,BE,BE,day_ahead_price,value,2026-08-03T21:57:58Z
2026-08-03T21:57:27Z,2026-08-03T23:57:27+0200,d07b3b2b-e83a-4999-877d-e2466ad53d7b,2026-07-06T01:45:00Z,2026-07-06T03:45:00+0200,112.47,EUR/MWh,BE,BE,day_ahead_price,value,2026-08-03T21:57:58Z
2026-08-03T21:57:27Z,2026-08-03T23:57:27+0200,d07b3b2b-e83a-4999-877d-e2466ad53d7b,2026-07-06T02:00:00Z,2026-07-06T04:00:00+0200,110.2,EUR/MWh,BE,BE,day_ahead_price,value,2026-08-03T21:57:58Z
2026-08-03T21:57:27Z,2026-08-03T23:57:27+0200,d07b3b2b-e83a-4999-877d-e2466ad53d7b,2026-07-06T02:15:00Z,2026-07-06T04:15:00+0200,111.14,EUR/MWh,BE,BE,day_ahead_price,value,2026-08-03T21:57:58Z
2026-08-03T21:57:27Z,2026-08-03T23:57:27+0200,d07b3b2b-e83a-4999-877d-e2466ad53d7b,2026-07-06T02:30:00Z,2026-07-06T04:30:00+0200,111.95,EUR/MWh,BE,BE,day_ahead_price,value,2026-08-03T21:57:58Z
2026-08-03T21:57:27Z,2026-08-03T23:57:27+0200,d07b3b2b-e83a-4999-877d-e2466ad53d7b,2026-07-06T02:45:00Z,2026-07-06T04:45:00+0200,113.96,EUR/MWh,BE,BE,day_ahead_price,value,2026-08-03T21:57:58Z
2026-08-03T21:57:27Z,2026-08-03T23:57:27+0200,d07b3b2b-e83a-4999-877d-e2466ad53d7b,2026-07-06T03:00:00Z,2026-07-06T05:00:00+0200,113.41,EUR/MWh,BE,BE,day_ahead_price,value,2026-08-03T21:57:58Z
2026-08-03T21:57:27Z,2026-08-03T23:57:27+0200,d07b3b2b-e83a-4999-877d-e2466ad53d7b,2026-07-06T03:15:00Z,2026-07-06T05:15:00+0200,114.96,EUR/MWh,BE,BE,day_ahead_price,value,2026-08-03T21:57:58Z
2026-08-03T21:57:27Z,2026-08-03T23:57:27+0200,d07b3b2b-e83a-4999-877d-e2466ad53d7b,2026-07-06T03:30:00Z,2026-07-06T05:30:00+0200,119.22,EUR/MWh,BE,BE,day_ahead_price,value,2026-08-03T21:57:58Z
2026-08-03T21:57:27Z,2026-08-03T23:57:27+0200,d07b3b2b-e83a-4999-877d-e2466ad53d7b,2026-07-06T03:45:00Z,2026-07-06T05:45:00+0200,130.36,EUR/MWh,BE,BE,day_ahead_price,value,2026-08-03T21:57:58Z
2026-08-03T21:57:27Z,2026-08-03T23:57:27+0200,d07b3b2b-e83a-4999-877d-e2466ad53d7b,2026-07-06T04:00:00Z,2026-07-06T06:00:00+0200,127.34,EUR/MWh,BE,BE,day_ahead_price,value,2026-08-03T21:57:58Z
2026-08-03T21:57:27Z,2026-08-03T23:57:27+0200,d07b3b2b-e83a-4999-877d-e2466ad53d7b,2026-07-06T04:15:00Z,2026-07-06T06:15:00+0200,138.44,EUR/MWh,BE,BE,day_ahead_price,value,2026-08-03T21:57:58Z
2026-08-03T21:57:27Z,2026-08-03T23:57:27+0200,d07b3b2b-e83a-4999-877d-e2466ad53d7b,2026-07-06T04:30:00Z,2026-07-06T06:30:00+0200,138.44,EUR/MWh,BE,BE,day_ahead_price,value,2026-08-03T21:57:58Z
2026-08-03T21:57:27Z,2026-08-03T23:57:27+0200,d07b3b2b-e83a-4999-877d-e2466ad53d7b,2026-07-06T04:45:00Z,2026-07-06T06:45:00+0200,136.63,EUR/MWh,BE,BE,day_ahead_price,value,2026-08-03T21:57:58Z
2026-08-03T21:57:27Z,2026-08-03T23:57:27+0200,d07b3b2b-e83a-4999-877d-e2466ad53d7b,2026-07-06T05:00:00Z,2026-07-06T07:00:00+0200,165.24,EUR/MWh,BE,BE,day_ahead_price,value,2026-08-03T21:57:58Z
2026-08-03T21:57:27Z,2026-08-03T23:57:27+0200,d07b3b2b-e83a-4999-877d-e2466ad53d7b,2026-07-06T05:15:00Z,2026-07-06T07:15:00+0200,161.76,EUR/MWh,BE,BE,day_ahead_price,value,2026-08-03T21:57:58Z
2026-08-03T21:57:27Z,2026-08-03T23:57:27+0200,d07b3b2b-e83a-4999-877d-e2466ad53d7b,2026-07-06T05:30:00Z,2026-07-06T07:30:00+0200,146.83,EUR/MWh,BE,BE,day_ahead_price,value,2026-08-03T21:57:58Z
2026-08-03T21:57:27Z,2026-08-03T23:57:27+0200,d07b3b2b-e83a-4999-877d-e2466ad53d7b,2026-07-06T05:45:00Z,2026-07-06T07:45:00+0200,188.66,EUR/MWh,BE,BE,day_ahead_price,value,2026-08-03T21:57:58Z
2026-08-03T21:57:27Z,2026-08-03T23:57:27+0200,d07b3b2b-e83a-4999-877d-e2466ad53d7b,2026-07-06T06:00:00Z,2026-07-06T08:00:00+0200,178.49,EUR/MWh,BE,BE,day_ahead_price,value,2026-08-03T21:57:58Z
2026-08-03T21:57:27Z,2026-08-03T23:57:27+0200,d07b3b2b-e83a-4999-877d-e2466ad53d7b,2026-07-06T06:15:00Z,2026-07-06T08:15:00+0200,156.5,EUR/MWh,BE,BE,day_ahead_price,value,2026-08-03T21:57:58Z
2026-08-03T21:57:27Z,2026-08-03T23:57:27+0200,d07b3b2b-e83a-4999-877d-e2466ad53d7b,2026-07-06T06:30:00Z,2026-07-06T08:30:00+0200,155.92,EUR/MWh,BE,BE,day_ahead_price,value,2026-08-03T21:57:58Z
2026-08-03T21:57:27Z,2026-08-03T23:57:27+0200,d07b3b2b-e83a-4999-877d-e2466ad53d7b,2026-07-06T06:45:00Z,2026-07-06T08:45:00+0200,155.35,EUR/MWh,BE,BE,day_ahead_price,value,2026-08-03T21:57:58Z
2026-08-03T21:57:27Z,2026-08-03T23:57:27+0200,d07b3b2b-e83a-4999-877d-e2466ad53d7b,2026-07-06T07:00:00Z,2026-07-06T09:00:00+0200,148.41,EUR/MWh,BE,BE,day_ahead_price,value,2026-08-03T21:57:58Z
2026-08-03T21:57:27Z,2026-08-03T23:57:27+0200,d07b3b2b-e83a-4999-877d-e2466ad53d7b,2026-07-06T07:15:00Z,2026-07-06T09:15:00+0200,148.74,EUR/MWh,BE,BE,day_ahead_price,value,2026-08-03T21:57:58Z
2026-08-03T21:57:27Z,2026-08-03T23:57:27+0200,d07b3b2b-e83a-4999-877d-e2466ad53d7b,2026-07-06T07:30:00Z,2026-07-06T09:30:00+0200,133.98,EUR/MWh,BE,BE,day_ahead_price,value,2026-08-03T21:57:58Z
2026-08-03T21:57:27Z,2026-08-03T23:57:27+0200,d07b3b2b-e83a-4999-877d-e2466ad53d7b,2026-07-06T07:45:00Z,2026-07-06T09:45:00+0200,121.65,EUR/MWh,BE,BE,day_ahead_price,value,2026-08-03T21:57:58Z
2026-08-03T21:57:27Z,2026-08-03T23:57:27+0200,d07b3b2b-e83a-4999-877d-e2466ad53d7b,2026-07-06T08:00:00Z,2026-07-06T10:00:00+0200,170.22,EUR/MWh,BE,BE,day_ahead_price,value,2026-08-03T21:57:58Z
2026-08-03T21:57:27Z,2026-08-03T23:57:27+0200,d07b3b2b-e83a-4999-877d-e2466ad53d7b,2026-07-06T08:15:00Z,2026-07-06T10:15:00+0200,134.04,EUR/MWh,BE,BE,day_ahead_price,value,2026-08-03T21:57:58Z
2026-08-03T21:57:27Z,2026-08-03T23:57:27+0200,d07b3b2b-e83a-4999-877d-e2466ad53d7b,2026-07-06T08:30:00Z,2026-07-06T10:30:00+0200,116.9,EUR/MWh,BE,BE,day_ahead_price,value,2026-08-03T21:57:58Z
2026-08-03T21:57:27Z,2026-08-03T23:57:27+0200,d07b3b2b-e83a-4999-877d-e2466ad53d7b,2026-07-06T08:45:00Z,2026-07-06T10:45:00+0200,102.77,EUR/MWh,BE,BE,day_ahead_price,value,2026-08-03T21:57:58Z
2026-08-03T21:57:27Z,2026-08-03T23:57:27+0200,d07b3b2b-e83a-4999-877d-e2466ad53d7b,2026-07-06T09:00:00Z,2026-07-06T11:00:00+0200,125.12,EUR/MWh,BE,BE,day_ahead_price,value,2026-08-03T21:57:58Z
2026-08-03T21:57:27Z,2026-08-03T23:57:27+0200,d07b3b2b-e83a-4999-877d-e2466ad53d7b,2026-07-06T09:15:00Z,2026-07-06T11:15:00+0200,107.43,EUR/MWh,BE,BE,day_ahead_price,value,2026-08-03T21:57:58Z
2026-08-03T21:57:27Z,2026-08-03T23:57:27+0200,d07b3b2b-e83a-4999-877d-e2466ad53d7b,2026-07-06T09:30:00Z,2026-07-06T11:30:00+0200,65.0,EUR/MWh,BE,BE,day_ahead_price,value,2026-08-03T21:57:58Z
2026-08-03T21:57:27Z,2026-08-03T23:57:27+0200,d07b3b2b-e83a-4999-877d-e2466ad53d7b,2026-07-06T09:45:00Z,2026-07-06T11:45:00+0200,72.4,EUR/MWh,BE,BE,day_ahead_price,value,2026-08-03T21:57:58Z
2026-08-03T21:57:27Z,2026-08-03T23:57:27+0200,d07b3b2b-e83a-4999-877d-e2466ad53d7b,2026-07-06T10:00:00Z,2026-07-06T12:00:00+0200,73.82,EUR/MWh,BE,BE,day_ahead_price,value,2026-08-03T21:57:58Z
2026-08-03T21:57:27Z,2026-08-03T23:57:27+0200,d07b3b2b-e83a-4999-877d-e2466ad53d7b,2026-07-06T10:15:00Z,2026-07-06T12:15:00+0200,43.81,EUR/MWh,BE,BE,day_ahead_price,value,2026-08-03T21:57:58Z
2026-08-03T21:57:27Z,2026-08-03T23:57:27+0200,d07b3b2b-e83a-4999-877d-e2466ad53d7b,2026-07-06T10:30:00Z,2026-07-06T12:30:00+0200,36.0,EUR/MWh,BE,BE,day_ahead_price,value,2026-08-03T21:57:58Z
2026-08-03T21:57:27Z,2026-08-03T23:57:27+0200,d07b3b2b-e83a-4999-877d-e2466ad53d7b,2026-07-06T10:45:00Z,2026-07-06T12:45:00+0200,24.57,EUR/MWh,BE,BE,day_ahead_price,value,2026-08-03T21:57:58Z
2026-08-03T21:57:27Z,2026-08-03T23:57:27+0200,d07b3b2b-e83a-4999-877d-e2466ad53d7b,2026-07-06T11:00:00Z,2026-07-06T13:00:00+0200,39.28,EUR/MWh,BE,BE,day_ahead_price,value,2026-08-03T21:57:58Z
2026-08-03T21:57:27Z,2026-08-03T23:57:27+0200,d07b3b2b-e83a-4999-877d-e2466ad53d7b,2026-07-06T11:15:00Z,2026-07-06T13:15:00+0200,25.1,EUR/MWh,BE,BE,day_ahead_price,value,2026-08-03T21:57:58Z
2026-08-03T21:57:27Z,2026-08-03T23:57:27+0200,d07b3b2b-e83a-4999-877d-e2466ad53d7b,2026-07-06T11:30:00Z,2026-07-06T13:30:00+0200,14.4,EUR/MWh,BE,BE,day_ahead_price,value,2026-08-03T21:57:58Z
2026-08-03T21:57:27Z,2026-08-03T23:57:27+0200,d07b3b2b-e83a-4999-877d-e2466ad53d7b,2026-07-06T11:45:00Z,2026-07-06T13:45:00+0200,4.98,EUR/MWh,BE,BE,day_ahead_price,value,2026-08-03T21:57:58Z
2026-08-03T21:57:27Z,2026-08-03T23:57:27+0200,d07b3b2b-e83a-4999-877d-e2466ad53d7b,2026-07-06T12:00:00Z,2026-07-06T14:00:00+0200,19.35,EUR/MWh,BE,BE,day_ahead_price,value,2026-08-03T21:57:58Z
2026-08-03T21:57:27Z,2026-08-03T23:57:27+0200,d07b3b2b-e83a-4999-877d-e2466ad53d7b,2026-07-06T12:15:00Z,2026-07-06T14:15:00+0200,10.77,EUR/MWh,BE,BE,day_ahead_price,value,2026-08-03T21:57:58Z
2026-08-03T21:57:27Z,2026-08-03T23:57:27+0200,d07b3b2b-e83a-4999-877d-e2466ad53d7b,2026-07-06T12:30:00Z,2026-07-06T14:30:00+0200,10.33,EUR/MWh,BE,BE,day_ahead_price,value,2026-08-03T21:57:58Z
2026-08-03T21:57:27Z,2026-08-03T23:57:27+0200,d07b3b2b-e83a-4999-877d-e2466ad53d7b,2026-07-06T12:45:00Z,2026-07-06T14:45:00+0200,3.22,EUR/MWh,BE,BE,day_ahead_price,value,2026-08-03T21:57:58Z
2026-08-03T21:57:27Z,2026-08-03T23:57:27+0200,d07b3b2b-e83a-4999-877d-e2466ad53d7b,2026-07-06T13:00:00Z,2026-07-06T15:00:00+0200,4.96,EUR/MWh,BE,BE,day_ahead_price,value,2026-08-03T21:57:58Z
2026-08-03T21:57:27Z,2026-08-03T23:57:27+0200,d07b3b2b-e83a-4999-877d-e2466ad53d7b,2026-07-06T13:15:00Z,2026-07-06T15:15:00+0200,4.37,EUR/MWh,BE,BE,day_ahead_price,value,2026-08-03T21:57:58Z
2026-08-03T21:57:27Z,2026-08-03T23:57:27+0200,d07b3b2b-e83a-4999-877d-e2466ad53d7b,2026-07-06T13:30:00Z,2026-07-06T15:30:00+0200,7.11,EUR/MWh,BE,BE,day_ahead_price,value,2026-08-03T21:57:58Z
2026-08-03T21:57:27Z,2026-08-03T23:57:27+0200,d07b3b2b-e83a-4999-877d-e2466ad53d7b,2026-07-06T13:45:00Z,2026-07-06T15:45:00+0200,18.26,EUR/MWh,BE,BE,day_ahead_price,value,2026-08-03T21:57:58Z
2026-08-03T21:57:27Z,2026-08-03T23:57:27+0200,d07b3b2b-e83a-4999-877d-e2466ad53d7b,2026-07-06T14:00:00Z,2026-07-06T16:00:00+0200,8.52,EUR/MWh,BE,BE,day_ahead_price,value,2026-08-03T21:57:58Z
2026-08-03T21:57:27Z,2026-08-03T23:57:27+0200,d07b3b2b-e83a-4999-877d-e2466ad53d7b,2026-07-06T14:15:00Z,2026-07-06T16:15:00+0200,30.01,EUR/MWh,BE,BE,day_ahead_price,value,2026-08-03T21:57:58Z
2026-08-03T21:57:27Z,2026-08-03T23:57:27+0200,d07b3b2b-e83a-4999-877d-e2466ad53d7b,2026-07-06T14:30:00Z,2026-07-06T16:30:00+0200,56.03,EUR/MWh,BE,BE,day_ahead_price,value,2026-08-03T21:57:58Z
2026-08-03T21:57:27Z,2026-08-03T23:57:27+0200,d07b3b2b-e83a-4999-877d-e2466ad53d7b,2026-07-06T14:45:00Z,2026-07-06T16:45:00+0200,80.72,EUR/MWh,BE,BE,day_ahead_price,value,2026-08-03T21:57:58Z
2026-08-03T21:57:27Z,2026-08-03T23:57:27+0200,d07b3b2b-e83a-4999-877d-e2466ad53d7b,2026-07-06T15:00:00Z,2026-07-06T17:00:00+0200,44.84,EUR/MWh,BE,BE,day_ahead_price,value,2026-08-03T21:57:58Z
2026-08-03T21:57:27Z,2026-08-03T23:57:27+0200,d07b3b2b-e83a-4999-877d-e2466ad53d7b,2026-07-06T15:15:00Z,2026-07-06T17:15:00+0200,89.97,EUR/MWh,BE,BE,day_ahead_price,value,2026-08-03T21:57:58Z
2026-08-03T21:57:27Z,2026-08-03T23:57:27+0200,d07b3b2b-e83a-4999-877d-e2466ad53d7b,2026-07-06T15:30:00Z,2026-07-06T17:30:00+0200,96.97,EUR/MWh,BE,BE,day_ahead_price,value,2026-08-03T21:57:58Z
2026-08-03T21:57:27Z,2026-08-03T23:57:27+0200,d07b3b2b-e83a-4999-877d-e2466ad53d7b,2026-07-06T15:45:00Z,2026-07-06T17:45:00+0200,120.35,EUR/MWh,BE,BE,day_ahead_price,value,2026-08-03T21:57:58Z
2026-08-03T21:57:27Z,2026-08-03T23:57:27+0200,d07b3b2b-e83a-4999-877d-e2466ad53d7b,2026-07-06T16:00:00Z,2026-07-06T18:00:00+0200,90.74,EUR/MWh,BE,BE,day_ahead_price,value,2026-08-03T21:57:58Z
2026-08-03T21:57:27Z,2026-08-03T23:57:27+0200,d07b3b2b-e83a-4999-877d-e2466ad53d7b,2026-07-06T16:15:00Z,2026-07-06T18:15:00+0200,112.02,EUR/MWh,BE,BE,day_ahead_price,value,2026-08-03T21:57:58Z
2026-08-03T21:57:27Z,2026-08-03T23:57:27+0200,d07b3b2b-e83a-4999-877d-e2466ad53d7b,2026-07-06T16:30:00Z,2026-07-06T18:30:00+0200,134.24,EUR/MWh,BE,BE,day_ahead_price,value,2026-08-03T21:57:58Z
2026-08-03T21:57:27Z,2026-08-03T23:57:27+0200,d07b3b2b-e83a-4999-877d-e2466ad53d7b,2026-07-06T16:45:00Z,2026-07-06T18:45:00+0200,134.97,EUR/MWh,BE,BE,day_ahead_price,value,2026-08-03T21:57:58Z
2026-08-03T21:57:27Z,2026-08-03T23:57:27+0200,d07b3b2b-e83a-4999-877d-e2466ad53d7b,2026-07-06T17:00:00Z,2026-07-06T19:00:00+0200,111.56,EUR/MWh,BE,BE,day_ahead_price,value,2026-08-03T21:57:58Z
2026-08-03T21:57:27Z,2026-08-03T23:57:27+0200,d07b3b2b-e83a-4999-877d-e2466ad53d7b,2026-07-06T17:15:00Z,2026-07-06T19:15:00+0200,114.12,EUR/MWh,BE,BE,day_ahead_price,value,2026-08-03T21:57:58Z
2026-08-03T21:57:27Z,2026-08-03T23:57:27+0200,d07b3b2b-e83a-4999-877d-e2466ad53d7b,2026-07-06T17:30:00Z,2026-07-06T19:30:00+0200,127.86,EUR/MWh,BE,BE,day_ahead_price,value,2026-08-03T21:57:58Z
2026-08-03T21:57:27Z,2026-08-03T23:57:27+0200,d07b3b2b-e83a-4999-877d-e2466ad53d7b,2026-07-06T17:45:00Z,2026-07-06T19:45:00+0200,137.02,EUR/MWh,BE,BE,day_ahead_price,value,2026-08-03T21:57:58Z
2026-08-03T21:57:27Z,2026-08-03T23:57:27+0200,d07b3b2b-e83a-4999-877d-e2466ad53d7b,2026-07-06T18:00:00Z,2026-07-06T20:00:00+0200,125.7,EUR/MWh,BE,BE,day_ahead_price,value,2026-08-03T21:57:58Z
2026-08-03T21:57:27Z,2026-08-03T23:57:27+0200,d07b3b2b-e83a-4999-877d-e2466ad53d7b,2026-07-06T18:15:00Z,2026-07-06T20:15:00+0200,136.46,EUR/MWh,BE,BE,day_ahead_price,value,2026-08-03T21:57:58Z
2026-08-03T21:57:27Z,2026-08-03T23:57:27+0200,d07b3b2b-e83a-4999-877d-e2466ad53d7b,2026-07-06T18:30:00Z,2026-07-06T20:30:00+0200,142.49,EUR/MWh,BE,BE,day_ahead_price,value,2026-08-03T21:57:58Z
2026-08-03T21:57:27Z,2026-08-03T23:57:27+0200,d07b3b2b-e83a-4999-877d-e2466ad53d7b,2026-07-06T18:45:00Z,2026-07-06T20:45:00+0200,156.33,EUR/MWh,BE,BE,day_ahead_price,value,2026-08-03T21:57:58Z
2026-08-03T21:57:27Z,2026-08-03T23:57:27+0200,d07b3b2b-e83a-4999-877d-e2466ad53d7b,2026-07-06T19:00:00Z,2026-07-06T21:00:00+0200,154.48,EUR/MWh,BE,BE,day_ahead_price,value,2026-08-03T21:57:58Z
2026-08-03T21:57:27Z,2026-08-03T23:57:27+0200,d07b3b2b-e83a-4999-877d-e2466ad53d7b,2026-07-06T19:15:00Z,2026-07-06T21:15:00+0200,158.97,EUR/MWh,BE,BE,day_ahead_price,value,2026-08-03T21:57:58Z
2026-08-03T21:57:27Z,2026-08-03T23:57:27+0200,d07b3b2b-e83a-4999-877d-e2466ad53d7b,2026-07-06T19:30:00Z,2026-07-06T21:30:00+0200,156.66,EUR/MWh,BE,BE,day_ahead_price,value,2026-08-03T21:57:58Z
2026-08-03T21:57:27Z,2026-08-03T23:57:27+0200,d07b3b2b-e83a-4999-877d-e2466ad53d7b,2026-07-06T19:45:00Z,2026-07-06T21:45:00+0200,146.9,EUR/MWh,BE,BE,day_ahead_price,value,2026-08-03T21:57:58Z
2026-08-03T21:57:27Z,2026-08-03T23:57:27+0200,d07b3b2b-e83a-4999-877d-e2466ad53d7b,2026-07-06T20:00:00Z,2026-07-06T22:00:00+0200,156.1,EUR/MWh,BE,BE,day_ahead_price,value,2026-08-03T21:57:58Z
2026-08-03T21:57:27Z,2026-08-03T23:57:27+0200,d07b3b2b-e83a-4999-877d-e2466ad53d7b,2026-07-06T20:15:00Z,2026-07-06T22:15:00+0200,146.24,EUR/MWh,BE,BE,day_ahead_price,value,2026-08-03T21:57:58Z
2026-08-03T21:57:27Z,2026-08-03T23:57:27+0200,d07b3b2b-e83a-4999-877d-e2466ad53d7b,2026-07-06T20:30:00Z,2026-07-06T22:30:00+0200,154.23,EUR/MWh,BE,BE,day_ahead_price,value,2026-08-03T21:57:58Z
2026-08-03T21:57:27Z,2026-08-03T23:57:27+0200,d07b3b2b-e83a-4999-877d-e2466ad53d7b,2026-07-06T20:45:00Z,2026-07-06T22:45:00+0200,147.18,EUR/MWh,BE,BE,day_ahead_price,value,2026-08-03T21:57:58Z
2026-08-03T21:57:27Z,2026-08-03T23:57:27+0200,d07b3b2b-e83a-4999-877d-e2466ad53d7b,2026-07-06T21:00:00Z,2026-07-06T23:00:00+0200,149.4,EUR/MWh,BE,BE,day_ahead_price,value,2026-08-03T21:57:58Z
2026-08-03T21:57:27Z,2026-08-03T23:57:27+0200,d07b3b2b-e83a-4999-877d-e2466ad53d7b,2026-07-06T21:15:00Z,2026-07-06T23:15:00+0200,140.66,EUR/MWh,BE,BE,day_ahead_price,value,2026-08-03T21:57:58Z
2026-08-03T21:57:27Z,2026-08-03T23:57:27+0200,d07b3b2b-e83a-4999-877d-e2466ad53d7b,2026-07-06T21:30:00Z,2026-07-06T23:30:00+0200,135.02,EUR/MWh,BE,BE,day_ahead_price,value,2026-08-03T21:57:58Z
2026-08-03T21:57:27Z,2026-08-03T23:57:27+0200,d07b3b2b-e83a-4999-877d-e2466ad53d7b,2026-07-06T21:45:00Z,2026-07-06T23:45:00+0200,135.0,EUR/MWh,BE,BE,day_ahead_price,value,2026-08-03T21:57:58Z
2026-08-03T21:57:27Z,2026-08-03T23:57:27+0200,d07b3b2b-e83a-4999-877d-e2466ad53d7b,2026-07-06T22:00:00Z,2026-07-07T00:00:00+0200,132.22,EUR/MWh,BE,BE,day_ahead_price,value,2026-08-03T21:57:58Z
2026-08-03T21:57:27Z,2026-08-03T23:57:27+0200,d07b3b2b-e83a-4999-877d-e2466ad53d7b,2026-07-06T22:15:00Z,2026-07-07T00:15:00+0200,129.69,EUR/MWh,BE,BE,day_ahead_price,value,2026-08-03T21:57:58Z
2026-08-03T21:57:27Z,2026-08-03T23:57:27+0200,d07b3b2b-e83a-4999-877d-e2466ad53d7b,2026-07-06T22:30:00Z,2026-07-07T00:30:00+0200,117.0,EUR/MWh,BE,BE,day_ahead_price,value,2026-08-03T21:57:58Z
2026-08-03T21:57:27Z,2026-08-03T23:57:27+0200,d07b3b2b-e83a-4999-877d-e2466ad53d7b,2026-07-06T22:45:00Z,2026-07-07T00:45:00+0200,112.08,EUR/MWh,BE,BE,day_ahead_price,value,2026-08-03T21:57:58Z
2026-08-03T21:57:27Z,2026-08-03T23:57:27+0200,d07b3b2b-e83a-4999-877d-e2466ad53d7b,2026-07-06T23:00:00Z,2026-07-07T01:00:00+0200,124.11,EUR/MWh,BE,BE,day_ahead_price,value,2026-08-03T21:57:58Z
2026-08-03T21:57:27Z,2026-08-03T23:57:27+0200,d07b3b2b-e83a-4999-877d-e2466ad53d7b,2026-07-06T23:15:00Z,2026-07-07T01:15:00+0200,115.15,EUR/MWh,BE,BE,day_ahead_price,value,2026-08-03T21:57:58Z
2026-08-03T21:57:27Z,2026-08-03T23:57:27+0200,d07b3b2b-e83a-4999-877d-e2466ad53d7b,2026-07-06T23:30:00Z,2026-07-07T01:30:00+0200,113.93,EUR/MWh,BE,BE,day_ahead_price,value,2026-08-03T21:57:58Z
2026-08-03T21:57:27Z,2026-08-03T23:57:27+0200,d07b3b2b-e83a-4999-877d-e2466ad53d7b,2026-07-06T23:45:00Z,2026-07-07T01:45:00+0200,110.72,EUR/MWh,BE,BE,day_ahead_price,value,2026-08-03T21:57:58Z
2026-08-03T21:57:27Z,2026-08-03T23:57:27+0200,d07b3b2b-e83a-4999-877d-e2466ad53d7b,2026-07-07T00:00:00Z,2026-07-07T02:00:00+0200,114.25,EUR/MWh,BE,BE,day_ahead_price,value,2026-08-03T21:57:58Z
2026-08-03T21:57:27Z,2026-08-03T23:57:27+0200,d07b3b2b-e83a-4999-877d-e2466ad53d7b,2026-07-07T00:15:00Z,2026-07-07T02:15:00+0200,109.92,EUR/MWh,BE,BE,day_ahead_price,value,2026-08-03T21:57:58Z
2026-08-03T21:57:27Z,2026-08-03T23:57:27+0200,d07b3b2b-e83a-4999-877d-e2466ad53d7b,2026-07-07T00:30:00Z,2026-07-07T02:30:00+0200,106.44,EUR/MWh,BE,BE,day_ahead_price,value,2026-08-03T21:57:58Z
2026-08-03T21:57:27Z,2026-08-03T23:57:27+0200,d07b3b2b-e83a-4999-877d-e2466ad53d7b,2026-07-07T00:45:00Z,2026-07-07T02:45:00+0200,123.24,EUR/MWh,BE,BE,day_ahead_price,value,2026-08-03T21:57:58Z
2026-08-03T21:57:27Z,2026-08-03T23:57:27+0200,d07b3b2b-e83a-4999-877d-e2466ad53d7b,2026-07-07T01:00:00Z,2026-07-07T03:00:00+0200,104.42,EUR/MWh,BE,BE,day_ahead_price,value,2026-08-03T21:57:58Z
2026-08-03T21:57:27Z,2026-08-03T23:57:27+0200,d07b3b2b-e83a-4999-877d-e2466ad53d7b,2026-07-07T01:15:00Z,2026-07-07T03:15:00+0200,105.42,EUR/MWh,BE,BE,day_ahead_price,value,2026-08-03T21:57:58Z
2026-08-03T21:57:27Z,2026-08-03T23:57:27+0200,d07b3b2b-e83a-4999-877d-e2466ad53d7b,2026-07-07T01:30:00Z,2026-07-07T03:30:00+0200,110.91,EUR/MWh,BE,BE,day_ahead_price,value,2026-08-03T21:57:58Z
2026-08-03T21:57:27Z,2026-08-03T23:57:27+0200,d07b3b2b-e83a-4999-877d-e2466ad53d7b,2026-07-07T01:45:00Z,2026-07-07T03:45:00+0200,119.25,EUR/MWh,BE,BE,day_ahead_price,value,2026-08-03T21:57:58Z
2026-08-03T21:57:27Z,2026-08-03T23:57:27+0200,d07b3b2b-e83a-4999-877d-e2466ad53d7b,2026-07-07T02:00:00Z,2026-07-07T04:00:00+0200,99.56,EUR/MWh,BE,BE,day_ahead_price,value,2026-08-03T21:57:58Z
2026-08-03T21:57:27Z,2026-08-03T23:57:27+0200,d07b3b2b-e83a-4999-877d-e2466ad53d7b,2026-07-07T02:15:00Z,2026-07-07T04:15:00+0200,110.0,EUR/MWh,BE,BE,day_ahead_price,value,2026-08-03T21:57:58Z
2026-08-03T21:57:27Z,2026-08-03T23:57:27+0200,d07b3b2b-e83a-4999-877d-e2466ad53d7b,2026-07-07T02:30:00Z,2026-07-07T04:30:00+0200,116.65,EUR/MWh,BE,BE,day_ahead_price,value,2026-08-03T21:57:58Z
2026-08-03T21:57:27Z,2026-08-03T23:57:27+0200,d07b3b2b-e83a-4999-877d-e2466ad53d7b,2026-07-07T02:45:00Z,2026-07-07T04:45:00+0200,116.92,EUR/MWh,BE,BE,day_ahead_price,value,2026-08-03T21:57:58Z
2026-08-03T21:57:27Z,2026-08-03T23:57:27+0200,d07b3b2b-e83a-4999-877d-e2466ad53d7b,2026-07-07T03:00:00Z,2026-07-07T05:00:00+0200,121.39,EUR/MWh,BE,BE,day_ahead_price,value,2026-08-03T21:57:58Z
2026-08-03T21:57:27Z,2026-08-03T23:57:27+0200,d07b3b2b-e83a-4999-877d-e2466ad53d7b,2026-07-07T03:15:00Z,2026-07-07T05:15:00+0200,115.89,EUR/MWh,BE,BE,day_ahead_price,value,2026-08-03T21:57:58Z
2026-08-03T21:57:27Z,2026-08-03T23:57:27+0200,d07b3b2b-e83a-4999-877d-e2466ad53d7b,2026-07-07T03:30:00Z,2026-07-07T05:30:00+0200,114.14,EUR/MWh,BE,BE,day_ahead_price,value,2026-08-03T21:57:58Z
2026-08-03T21:57:27Z,2026-08-03T23:57:27+0200,d07b3b2b-e83a-4999-877d-e2466ad53d7b,2026-07-07T03:45:00Z,2026-07-07T05:45:00+0200,120.0,EUR/MWh,BE,BE,day_ahead_price,value,2026-08-03T21:57:58Z
2026-08-03T21:57:27Z,2026-08-03T23:57:27+0200,d07b3b2b-e83a-4999-877d-e2466ad53d7b,2026-07-07T04:00:00Z,2026-07-07T06:00:00+0200,140.0,EUR/MWh,BE,BE,day_ahead_price,value,2026-08-03T21:57:58Z
2026-08-03T21:57:27Z,2026-08-03T23:57:27+0200,d07b3b2b-e83a-4999-877d-e2466ad53d7b,2026-07-07T04:15:00Z,2026-07-07T06:15:00+0200,138.78,EUR/MWh,BE,BE,day_ahead_price,value,2026-08-03T21:57:58Z
2026-08-03T21:57:27Z,2026-08-03T23:57:27+0200,d07b3b2b-e83a-4999-877d-e2466ad53d7b,2026-07-07T04:30:00Z,2026-07-07T06:30:00+0200,133.55,EUR/MWh,BE,BE,day_ahead_price,value,2026-08-03T21:57:58Z
2026-08-03T21:57:27Z,2026-08-03T23:57:27+0200,d07b3b2b-e83a-4999-877d-e2466ad53d7b,2026-07-07T04:45:00Z,2026-07-07T06:45:00+0200,128.33,EUR/MWh,BE,BE,day_ahead_price,value,2026-08-03T21:57:58Z
2026-08-03T21:57:27Z,2026-08-03T23:57:27+0200,d07b3b2b-e83a-4999-877d-e2466ad53d7b,2026-07-07T05:00:00Z,2026-07-07T07:00:00+0200,135.0,EUR/MWh,BE,BE,day_ahead_price,value,2026-08-03T21:57:58Z
2026-08-03T21:57:27Z,2026-08-03T23:57:27+0200,d07b3b2b-e83a-4999-877d-e2466ad53d7b,2026-07-07T05:15:00Z,2026-07-07T07:15:00+0200,129.56,EUR/MWh,BE,BE,day_ahead_price,value,2026-08-03T21:57:58Z
2026-08-03T21:57:27Z,2026-08-03T23:57:27+0200,d07b3b2b-e83a-4999-877d-e2466ad53d7b,2026-07-07T05:30:00Z,2026-07-07T07:30:00+0200,118.72,EUR/MWh,BE,BE,day_ahead_price,value,2026-08-03T21:57:58Z
2026-08-03T21:57:27Z,2026-08-03T23:57:27+0200,d07b3b2b-e83a-4999-877d-e2466ad53d7b,2026-07-07T05:45:00Z,2026-07-07T07:45:00+0200,125.05,EUR/MWh,BE,BE,day_ahead_price,value,2026-08-03T21:57:58Z
2026-08-03T21:57:27Z,2026-08-03T23:57:27+0200,d07b3b2b-e83a-4999-877d-e2466ad53d7b,2026-07-07T06:00:00Z,2026-07-07T08:00:00+0200,129.03,EUR/MWh,BE,BE,day_ahead_price,value,2026-08-03T21:57:58Z
2026-08-03T21:57:27Z,2026-08-03T23:57:27+0200,d07b3b2b-e83a-4999-877d-e2466ad53d7b,2026-07-07T06:15:00Z,2026-07-07T08:15:00+0200,114.43,EUR/MWh,BE,BE,day_ahead_price,value,2026-08-03T21:57:58Z
2026-08-03T21:57:27Z,2026-08-03T23:57:27+0200,d07b3b2b-e83a-4999-877d-e2466ad53d7b,2026-07-07T06:30:00Z,2026-07-07T08:30:00+0200,120.0,EUR/MWh,BE,BE,day_ahead_price,value,2026-08-03T21:57:58Z
2026-08-03T21:57:27Z,2026-08-03T23:57:27+0200,d07b3b2b-e83a-4999-877d-e2466ad53d7b,2026-07-07T06:45:00Z,2026-07-07T08:45:00+0200,127.34,EUR/MWh,BE,BE,day_ahead_price,value,2026-08-03T21:57:58Z
2026-08-03T21:57:27Z,2026-08-03T23:57:27+0200,d07b3b2b-e83a-4999-877d-e2466ad53d7b,2026-07-07T07:00:00Z,2026-07-07T09:00:00+0200,121.89,EUR/MWh,BE,BE,day_ahead_price,value,2026-08-03T21:57:58Z
2026-08-03T21:57:27Z,2026-08-03T23:57:27+0200,d07b3b2b-e83a-4999-877d-e2466ad53d7b,2026-07-07T07:15:00Z,2026-07-07T09:15:00+0200,119.08,EUR/MWh,BE,BE,day_ahead_price,value,2026-08-03T21:57:58Z
2026-08-03T21:57:27Z,2026-08-03T23:57:27+0200,d07b3b2b-e83a-4999-877d-e2466ad53d7b,2026-07-07T07:30:00Z,2026-07-07T09:30:00+0200,150.73,EUR/MWh,BE,BE,day_ahead_price,value,2026-08-03T21:57:58Z
2026-08-03T21:57:27Z,2026-08-03T23:57:27+0200,d07b3b2b-e83a-4999-877d-e2466ad53d7b,2026-07-07T07:45:00Z,2026-07-07T09:45:00+0200,107.93,EUR/MWh,BE,BE,day_ahead_price,value,2026-08-03T21:57:58Z
2026-08-03T21:57:27Z,2026-08-03T23:57:27+0200,d07b3b2b-e83a-4999-877d-e2466ad53d7b,2026-07-07T08:00:00Z,2026-07-07T10:00:00+0200,135.92,EUR/MWh,BE,BE,day_ahead_price,value,2026-08-03T21:57:58Z
2026-08-03T21:57:27Z,2026-08-03T23:57:27+0200,d07b3b2b-e83a-4999-877d-e2466ad53d7b,2026-07-07T08:15:00Z,2026-07-07T10:15:00+0200,104.53,EUR/MWh,BE,BE,day_ahead_price,value,2026-08-03T21:57:58Z
2026-08-03T21:57:27Z,2026-08-03T23:57:27+0200,d07b3b2b-e83a-4999-877d-e2466ad53d7b,2026-07-07T08:30:00Z,2026-07-07T10:30:00+0200,70.96,EUR/MWh,BE,BE,day_ahead_price,value,2026-08-03T21:57:58Z
2026-08-03T21:57:27Z,2026-08-03T23:57:27+0200,d07b3b2b-e83a-4999-877d-e2466ad53d7b,2026-07-07T08:45:00Z,2026-07-07T10:45:00+0200,12.1,EUR/MWh,BE,BE,day_ahead_price,value,2026-08-03T21:57:58Z
2026-08-03T21:57:27Z,2026-08-03T23:57:27+0200,d07b3b2b-e83a-4999-877d-e2466ad53d7b,2026-07-07T09:00:00Z,2026-07-07T11:00:00+0200,38.05,EUR/MWh,BE,BE,day_ahead_price,value,2026-08-03T21:57:58Z
2026-08-03T21:57:27Z,2026-08-03T23:57:27+0200,d07b3b2b-e83a-4999-877d-e2466ad53d7b,2026-07-07T09:15:00Z,2026-07-07T11:15:00+0200,6.16,EUR/MWh,BE,BE,day_ahead_price,value,2026-08-03T21:57:58Z
2026-08-03T21:57:27Z,2026-08-03T23:57:27+0200,d07b3b2b-e83a-4999-877d-e2466ad53d7b,2026-07-07T09:30:00Z,2026-07-07T11:30:00+0200,2.27,EUR/MWh,BE,BE,day_ahead_price,value,2026-08-03T21:57:58Z
2026-08-03T21:57:27Z,2026-08-03T23:57:27+0200,d07b3b2b-e83a-4999-877d-e2466ad53d7b,2026-07-07T09:45:00Z,2026-07-07T11:45:00+0200,2.26,EUR/MWh,BE,BE,day_ahead_price,value,2026-08-03T21:57:58Z
2026-08-03T21:57:27Z,2026-08-03T23:57:27+0200,d07b3b2b-e83a-4999-877d-e2466ad53d7b,2026-07-07T10:00:00Z,2026-07-07T12:00:00+0200,4.1,EUR/MWh,BE,BE,day_ahead_price,value,2026-08-03T21:57:58Z
2026-08-03T21:57:27Z,2026-08-03T23:57:27+0200,d07b3b2b-e83a-4999-877d-e2466ad53d7b,2026-07-07T10:15:00Z,2026-07-07T12:15:00+0200,3.13,EUR/MWh,BE,BE,day_ahead_price,value,2026-08-03T21:57:58Z
2026-08-03T21:57:27Z,2026-08-03T23:57:27+0200,d07b3b2b-e83a-4999-877d-e2466ad53d7b,2026-07-07T10:30:00Z,2026-07-07T12:30:00+0200,3.61,EUR/MWh,BE,BE,day_ahead_price,value,2026-08-03T21:57:58Z
2026-08-03T21:57:27Z,2026-08-03T23:57:27+0200,d07b3b2b-e83a-4999-877d-e2466ad53d7b,2026-07-07T10:45:00Z,2026-07-07T12:45:00+0200,1.57,EUR/MWh,BE,BE,day_ahead_price,value,2026-08-03T21:57:58Z
2026-08-03T21:57:27Z,2026-08-03T23:57:27+0200,d07b3b2b-e83a-4999-877d-e2466ad53d7b,2026-07-07T11:00:00Z,2026-07-07T13:00:00+0200,3.11,EUR/MWh,BE,BE,day_ahead_price,value,2026-08-03T21:57:58Z
2026-08-03T21:57:27Z,2026-08-03T23:57:27+0200,d07b3b2b-e83a-4999-877d-e2466ad53d7b,2026-07-07T11:15:00Z,2026-07-07T13:15:00+0200,-0.19,EUR/MWh,BE,BE,day_ahead_price,value,2026-08-03T21:57:58Z
2026-08-03T21:57:27Z,2026-08-03T23:57:27+0200,d07b3b2b-e83a-4999-877d-e2466ad53d7b,2026-07-07T11:30:00Z,2026-07-07T13:30:00+0200,-0.93,EUR/MWh,BE,BE,day_ahead_price,value,2026-08-03T21:57:58Z
2026-08-03T21:57:27Z,2026-08-03T23:57:27+0200,d07b3b2b-e83a-4999-877d-e2466ad53d7b,2026-07-07T11:45:00Z,2026-07-07T13:45:00+0200,-0.16,EUR/MWh,BE,BE,day_ahead_price,value,2026-08-03T21:57:58Z
2026-08-03T21:57:27Z,2026-08-03T23:57:27+0200,d07b3b2b-e83a-4999-877d-e2466ad53d7b,2026-07-07T12:00:00Z,2026-07-07T14:00:00+0200,-1.48,EUR/MWh,BE,BE,day_ahead_price,value,2026-08-03T21:57:58Z
2026-08-03T21:57:27Z,2026-08-03T23:57:27+0200,d07b3b2b-e83a-4999-877d-e2466ad53d7b,2026-07-07T12:15:00Z,2026-07-07T14:15:00+0200,-1.48,EUR/MWh,BE,BE,day_ahead_price,value,2026-08-03T21:57:58Z
2026-08-03T21:57:27Z,2026-08-03T23:57:27+0200,d07b3b2b-e83a-4999-877d-e2466ad53d7b,2026-07-07T12:30:00Z,2026-07-07T14:30:00+0200,-0.73,EUR/MWh,BE,BE,day_ahead_price,value,2026-08-03T21:57:58Z
2026-08-03T21:57:27Z,2026-08-03T23:57:27+0200,d07b3b2b-e83a-4999-877d-e2466ad53d7b,2026-07-07T12:45:00Z,2026-07-07T14:45:00+0200,-1.32,EUR/MWh,BE,BE,day_ahead_price,value,2026-08-03T21:57:58Z
2026-08-03T21:57:27Z,2026-08-03T23:57:27+0200,d07b3b2b-e83a-4999-877d-e2466ad53d7b,2026-07-07T13:00:00Z,2026-07-07T15:00:00+0200,-1.06,EUR/MWh,BE,BE,day_ahead_price,value,2026-08-03T21:57:58Z
2026-08-03T21:57:27Z,2026-08-03T23:57:27+0200,d07b3b2b-e83a-4999-877d-e2466ad53d7b,2026-07-07T13:15:00Z,2026-07-07T15:15:00+0200,1.89,EUR/MWh,BE,BE,day_ahead_price,value,2026-08-03T21:57:58Z
2026-08-03T21:57:27Z,2026-08-03T23:57:27+0200,d07b3b2b-e83a-4999-877d-e2466ad53d7b,2026-07-07T13:30:00Z,2026-07-07T15:30:00+0200,5.78,EUR/MWh,BE,BE,day_ahead_price,value,2026-08-03T21:57:58Z
2026-08-03T21:57:27Z,2026-08-03T23:57:27+0200,d07b3b2b-e83a-4999-877d-e2466ad53d7b,2026-07-07T13:45:00Z,2026-07-07T15:45:00+0200,11.54,EUR/MWh,BE,BE,day_ahead_price,value,2026-08-03T21:57:58Z
2026-08-03T21:57:27Z,2026-08-03T23:57:27+0200,d07b3b2b-e83a-4999-877d-e2466ad53d7b,2026-07-07T14:00:00Z,2026-07-07T16:00:00+0200,19.96,EUR/MWh,BE,BE,day_ahead_price,value,2026-08-03T21:57:58Z
2026-08-03T21:57:27Z,2026-08-03T23:57:27+0200,d07b3b2b-e83a-4999-877d-e2466ad53d7b,2026-07-07T14:15:00Z,2026-07-07T16:15:00+0200,15.3,EUR/MWh,BE,BE,day_ahead_price,value,2026-08-03T21:57:58Z
2026-08-03T21:57:27Z,2026-08-03T23:57:27+0200,d07b3b2b-e83a-4999-877d-e2466ad53d7b,2026-07-07T14:30:00Z,2026-07-07T16:30:00+0200,20.96,EUR/MWh,BE,BE,day_ahead_price,value,2026-08-03T21:57:58Z
2026-08-03T21:57:27Z,2026-08-03T23:57:27+0200,d07b3b2b-e83a-4999-877d-e2466ad53d7b,2026-07-07T14:45:00Z,2026-07-07T16:45:00+0200,105.0,EUR/MWh,BE,BE,day_ahead_price,value,2026-08-03T21:57:58Z
2026-08-03T21:57:27Z,2026-08-03T23:57:27+0200,d07b3b2b-e83a-4999-877d-e2466ad53d7b,2026-07-07T15:00:00Z,2026-07-07T17:00:00+0200,18.01,EUR/MWh,BE,BE,day_ahead_price,value,2026-08-03T21:57:58Z
2026-08-03T21:57:27Z,2026-08-03T23:57:27+0200,d07b3b2b-e83a-4999-877d-e2466ad53d7b,2026-07-07T15:15:00Z,2026-07-07T17:15:00+0200,28.16,EUR/MWh,BE,BE,day_ahead_price,value,2026-08-03T21:57:58Z
2026-08-03T21:57:27Z,2026-08-03T23:57:27+0200,d07b3b2b-e83a-4999-877d-e2466ad53d7b,2026-07-07T15:30:00Z,2026-07-07T17:30:00+0200,83.67,EUR/MWh,BE,BE,day_ahead_price,value,2026-08-03T21:57:58Z
2026-08-03T21:57:27Z,2026-08-03T23:57:27+0200,d07b3b2b-e83a-4999-877d-e2466ad53d7b,2026-07-07T15:45:00Z,2026-07-07T17:45:00+0200,137.25,EUR/MWh,BE,BE,day_ahead_price,value,2026-08-03T21:57:58Z
2026-08-03T21:57:27Z,2026-08-03T23:57:27+0200,d07b3b2b-e83a-4999-877d-e2466ad53d7b,2026-07-07T16:00:00Z,2026-07-07T18:00:00+0200,73.75,EUR/MWh,BE,BE,day_ahead_price,value,2026-08-03T21:57:58Z
2026-08-03T21:57:27Z,2026-08-03T23:57:27+0200,d07b3b2b-e83a-4999-877d-e2466ad53d7b,2026-07-07T16:15:00Z,2026-07-07T18:15:00+0200,87.33,EUR/MWh,BE,BE,day_ahead_price,value,2026-08-03T21:57:58Z
2026-08-03T21:57:27Z,2026-08-03T23:57:27+0200,d07b3b2b-e83a-4999-877d-e2466ad53d7b,2026-07-07T16:30:00Z,2026-07-07T18:30:00+0200,101.13,EUR/MWh,BE,BE,day_ahead_price,value,2026-08-03T21:57:58Z
2026-08-03T21:57:27Z,2026-08-03T23:57:27+0200,d07b3b2b-e83a-4999-877d-e2466ad53d7b,2026-07-07T16:45:00Z,2026-07-07T18:45:00+0200,120.78,EUR/MWh,BE,BE,day_ahead_price,value,2026-08-03T21:57:58Z
2026-08-03T21:57:27Z,2026-08-03T23:57:27+0200,d07b3b2b-e83a-4999-877d-e2466ad53d7b,2026-07-07T17:00:00Z,2026-07-07T19:00:00+0200,98.69,EUR/MWh,BE,BE,day_ahead_price,value,2026-08-03T21:57:58Z
2026-08-03T21:57:27Z,2026-08-03T23:57:27+0200,d07b3b2b-e83a-4999-877d-e2466ad53d7b,2026-07-07T17:15:00Z,2026-07-07T19:15:00+0200,112.35,EUR/MWh,BE,BE,day_ahead_price,value,2026-08-03T21:57:58Z
2026-08-03T21:57:27Z,2026-08-03T23:57:27+0200,d07b3b2b-e83a-4999-877d-e2466ad53d7b,2026-07-07T17:30:00Z,2026-07-07T19:30:00+0200,135.66,EUR/MWh,BE,BE,day_ahead_price,value,2026-08-03T21:57:58Z
2026-08-03T21:57:27Z,2026-08-03T23:57:27+0200,d07b3b2b-e83a-4999-877d-e2466ad53d7b,2026-07-07T17:45:00Z,2026-07-07T19:45:00+0200,149.51,EUR/MWh,BE,BE,day_ahead_price,value,2026-08-03T21:57:58Z
2026-08-03T21:57:27Z,2026-08-03T23:57:27+0200,d07b3b2b-e83a-4999-877d-e2466ad53d7b,2026-07-07T18:00:00Z,2026-07-07T20:00:00+0200,127.04,EUR/MWh,BE,BE,day_ahead_price,value,2026-08-03T21:57:58Z
2026-08-03T21:57:27Z,2026-08-03T23:57:27+0200,d07b3b2b-e83a-4999-877d-e2466ad53d7b,2026-07-07T18:15:00Z,2026-07-07T20:15:00+0200,146.11,EUR/MWh,BE,BE,day_ahead_price,value,2026-08-03T21:57:58Z
2026-08-03T21:57:27Z,2026-08-03T23:57:27+0200,d07b3b2b-e83a-4999-877d-e2466ad53d7b,2026-07-07T18:30:00Z,2026-07-07T20:30:00+0200,150.0,EUR/MWh,BE,BE,day_ahead_price,value,2026-08-03T21:57:58Z
2026-08-03T21:57:27Z,2026-08-03T23:57:27+0200,d07b3b2b-e83a-4999-877d-e2466ad53d7b,2026-07-07T18:45:00Z,2026-07-07T20:45:00+0200,162.81,EUR/MWh,BE,BE,day_ahead_price,value,2026-08-03T21:57:58Z
2026-08-03T21:57:27Z,2026-08-03T23:57:27+0200,d07b3b2b-e83a-4999-877d-e2466ad53d7b,2026-07-07T19:00:00Z,2026-07-07T21:00:00+0200,133.23,EUR/MWh,BE,BE,day_ahead_price,value,2026-08-03T21:57:58Z
2026-08-03T21:57:27Z,2026-08-03T23:57:27+0200,d07b3b2b-e83a-4999-877d-e2466ad53d7b,2026-07-07T19:15:00Z,2026-07-07T21:15:00+0200,140.3,EUR/MWh,BE,BE,day_ahead_price,value,2026-08-03T21:57:58Z
2026-08-03T21:57:27Z,2026-08-03T23:57:27+0200,d07b3b2b-e83a-4999-877d-e2466ad53d7b,2026-07-07T19:30:00Z,2026-07-07T21:30:00+0200,150.7,EUR/MWh,BE,BE,day_ahead_price,value,2026-08-03T21:57:58Z
2026-08-03T21:57:27Z,2026-08-03T23:57:27+0200,d07b3b2b-e83a-4999-877d-e2466ad53d7b,2026-07-07T19:45:00Z,2026-07-07T21:45:00+0200,215.01,EUR/MWh,BE,BE,day_ahead_price,value,2026-08-03T21:57:58Z
2026-08-03T21:57:27Z,2026-08-03T23:57:27+0200,d07b3b2b-e83a-4999-877d-e2466ad53d7b,2026-07-07T20:00:00Z,2026-07-07T22:00:00+0200,154.59,EUR/MWh,BE,BE,day_ahead_price,value,2026-08-03T21:57:58Z
2026-08-03T21:57:27Z,2026-08-03T23:57:27+0200,d07b3b2b-e83a-4999-877d-e2466ad53d7b,2026-07-07T20:15:00Z,2026-07-07T22:15:00+0200,160.81,EUR/MWh,BE,BE,day_ahead_price,value,2026-08-03T21:57:58Z
2026-08-03T21:57:27Z,2026-08-03T23:57:27+0200,d07b3b2b-e83a-4999-877d-e2466ad53d7b,2026-07-07T20:30:00Z,2026-07-07T22:30:00+0200,156.85,EUR/MWh,BE,BE,day_ahead_price,value,2026-08-03T21:57:58Z
2026-08-03T21:57:27Z,2026-08-03T23:57:27+0200,d07b3b2b-e83a-4999-877d-e2466ad53d7b,2026-07-07T20:45:00Z,2026-07-07T22:45:00+0200,168.34,EUR/MWh,BE,BE,day_ahead_price,value,2026-08-03T21:57:58Z
2026-08-03T21:57:27Z,2026-08-03T23:57:27+0200,d07b3b2b-e83a-4999-877d-e2466ad53d7b,2026-07-07T21:00:00Z,2026-07-07T23:00:00+0200,164.99,EUR/MWh,BE,BE,day_ahead_price,value,2026-08-03T21:57:58Z
2026-08-03T21:57:27Z,2026-08-03T23:57:27+0200,d07b3b2b-e83a-4999-877d-e2466ad53d7b,2026-07-07T21:15:00Z,2026-07-07T23:15:00+0200,154.0,EUR/MWh,BE,BE,day_ahead_price,value,2026-08-03T21:57:58Z
2026-08-03T21:57:27Z,2026-08-03T23:57:27+0200,d07b3b2b-e83a-4999-877d-e2466ad53d7b,2026-07-07T21:30:00Z,2026-07-07T23:30:00+0200,140.0,EUR/MWh,BE,BE,day_ahead_price,value,2026-08-03T21:57:58Z
2026-08-03T21:57:27Z,2026-08-03T23:57:27+0200,d07b3b2b-e83a-4999-877d-e2466ad53d7b,2026-07-07T21:45:00Z,2026-07-07T23:45:00+0200,157.01,EUR/MWh,BE,BE,day_ahead_price,value,2026-08-03T21:57:58Z
2026-08-03T21:57:27Z,2026-08-03T23:57:27+0200,d07b3b2b-e83a-4999-877d-e2466ad53d7b,2026-07-07T22:00:00Z,2026-07-08T00:00:00+0200,147.87,EUR/MWh,BE,BE,day_ahead_price,value,2026-08-03T21:57:58Z
2026-08-03T21:57:27Z,2026-08-03T23:57:27+0200,d07b3b2b-e83a-4999-877d-e2466ad53d7b,2026-07-07T22:15:00Z,2026-07-08T00:15:00+0200,131.0,EUR/MWh,BE,BE,day_ahead_price,value,2026-08-03T21:57:58Z
2026-08-03T21:57:27Z,2026-08-03T23:57:27+0200,d07b3b2b-e83a-4999-877d-e2466ad53d7b,2026-07-07T22:30:00Z,2026-07-08T00:30:00+0200,126.54,EUR/MWh,BE,BE,day_ahead_price,value,2026-08-03T21:57:58Z
2026-08-03T21:57:27Z,2026-08-03T23:57:27+0200,d07b3b2b-e83a-4999-877d-e2466ad53d7b,2026-07-07T22:45:00Z,2026-07-08T00:45:00+0200,118.2,EUR/MWh,BE,BE,day_ahead_price,value,2026-08-03T21:57:58Z
2026-08-03T21:57:27Z,2026-08-03T23:57:27+0200,d07b3b2b-e83a-4999-877d-e2466ad53d7b,2026-07-07T23:00:00Z,2026-07-08T01:00:00+0200,127.03,EUR/MWh,BE,BE,day_ahead_price,value,2026-08-03T21:57:58Z
2026-08-03T21:57:27Z,2026-08-03T23:57:27+0200,d07b3b2b-e83a-4999-877d-e2466ad53d7b,2026-07-07T23:15:00Z,2026-07-08T01:15:00+0200,120.45,EUR/MWh,BE,BE,day_ahead_price,value,2026-08-03T21:57:58Z
2026-08-03T21:57:27Z,2026-08-03T23:57:27+0200,d07b3b2b-e83a-4999-877d-e2466ad53d7b,2026-07-07T23:30:00Z,2026-07-08T01:30:00+0200,118.74,EUR/MWh,BE,BE,day_ahead_price,value,2026-08-03T21:57:58Z
2026-08-03T21:57:27Z,2026-08-03T23:57:27+0200,d07b3b2b-e83a-4999-877d-e2466ad53d7b,2026-07-07T23:45:00Z,2026-07-08T01:45:00+0200,112.02,EUR/MWh,BE,BE,day_ahead_price,value,2026-08-03T21:57:58Z
2026-08-03T21:57:27Z,2026-08-03T23:57:27+0200,d07b3b2b-e83a-4999-877d-e2466ad53d7b,2026-07-08T00:00:00Z,2026-07-08T02:00:00+0200,120.6,EUR/MWh,BE,BE,day_ahead_price,value,2026-08-03T21:57:58Z
2026-08-03T21:57:27Z,2026-08-03T23:57:27+0200,d07b3b2b-e83a-4999-877d-e2466ad53d7b,2026-07-08T00:15:00Z,2026-07-08T02:15:00+0200,114.63,EUR/MWh,BE,BE,day_ahead_price,value,2026-08-03T21:57:58Z
2026-08-03T21:57:27Z,2026-08-03T23:57:27+0200,d07b3b2b-e83a-4999-877d-e2466ad53d7b,2026-07-08T00:30:00Z,2026-07-08T02:30:00+0200,114.18,EUR/MWh,BE,BE,day_ahead_price,value,2026-08-03T21:57:58Z
2026-08-03T21:57:27Z,2026-08-03T23:57:27+0200,d07b3b2b-e83a-4999-877d-e2466ad53d7b,2026-07-08T00:45:00Z,2026-07-08T02:45:00+0200,110.77,EUR/MWh,BE,BE,day_ahead_price,value,2026-08-03T21:57:58Z
2026-08-03T21:57:27Z,2026-08-03T23:57:27+0200,d07b3b2b-e83a-4999-877d-e2466ad53d7b,2026-07-08T01:00:00Z,2026-07-08T03:00:00+0200,109.19,EUR/MWh,BE,BE,day_ahead_price,value,2026-08-03T21:57:58Z
2026-08-03T21:57:27Z,2026-08-03T23:57:27+0200,d07b3b2b-e83a-4999-877d-e2466ad53d7b,2026-07-08T01:15:00Z,2026-07-08T03:15:00+0200,113.41,EUR/MWh,BE,BE,day_ahead_price,value,2026-08-03T21:57:58Z
2026-08-03T21:57:27Z,2026-08-03T23:57:27+0200,d07b3b2b-e83a-4999-877d-e2466ad53d7b,2026-07-08T01:30:00Z,2026-07-08T03:30:00+0200,121.59,EUR/MWh,BE,BE,day_ahead_price,value,2026-08-03T21:57:58Z
2026-08-03T21:57:27Z,2026-08-03T23:57:27+0200,d07b3b2b-e83a-4999-877d-e2466ad53d7b,2026-07-08T01:45:00Z,2026-07-08T03:45:00+0200,125.34,EUR/MWh,BE,BE,day_ahead_price,value,2026-08-03T21:57:58Z
2026-08-03T21:57:27Z,2026-08-03T23:57:27+0200,d07b3b2b-e83a-4999-877d-e2466ad53d7b,2026-07-08T02:00:00Z,2026-07-08T04:00:00+0200,119.49,EUR/MWh,BE,BE,day_ahead_price,value,2026-08-03T21:57:58Z
2026-08-03T21:57:27Z,2026-08-03T23:57:27+0200,d07b3b2b-e83a-4999-877d-e2466ad53d7b,2026-07-08T02:15:00Z,2026-07-08T04:15:00+0200,129.93,EUR/MWh,BE,BE,day_ahead_price,value,2026-08-03T21:57:58Z
2026-08-03T21:57:27Z,2026-08-03T23:57:27+0200,d07b3b2b-e83a-4999-877d-e2466ad53d7b,2026-07-08T02:30:00Z,2026-07-08T04:30:00+0200,128.0,EUR/MWh,BE,BE,day_ahead_price,value,2026-08-03T21:57:58Z
2026-08-03T21:57:27Z,2026-08-03T23:57:27+0200,d07b3b2b-e83a-4999-877d-e2466ad53d7b,2026-07-08T02:45:00Z,2026-07-08T04:45:00+0200,133.53,EUR/MWh,BE,BE,day_ahead_price,value,2026-08-03T21:57:58Z
2026-08-03T21:57:27Z,2026-08-03T23:57:27+0200,d07b3b2b-e83a-4999-877d-e2466ad53d7b,2026-07-08T03:00:00Z,2026-07-08T05:00:00+0200,127.0,EUR/MWh,BE,BE,day_ahead_price,value,2026-08-03T21:57:58Z
2026-08-03T21:57:27Z,2026-08-03T23:57:27+0200,d07b3b2b-e83a-4999-877d-e2466ad53d7b,2026-07-08T03:15:00Z,2026-07-08T05:15:00+0200,129.63,EUR/MWh,BE,BE,day_ahead_price,value,2026-08-03T21:57:58Z
2026-08-03T21:57:27Z,2026-08-03T23:57:27+0200,d07b3b2b-e83a-4999-877d-e2466ad53d7b,2026-07-08T03:30:00Z,2026-07-08T05:30:00+0200,129.6,EUR/MWh,BE,BE,day_ahead_price,value,2026-08-03T21:57:58Z
2026-08-03T21:57:27Z,2026-08-03T23:57:27+0200,d07b3b2b-e83a-4999-877d-e2466ad53d7b,2026-07-08T03:45:00Z,2026-07-08T05:45:00+0200,126.46,EUR/MWh,BE,BE,day_ahead_price,value,2026-08-03T21:57:58Z
2026-08-03T21:57:27Z,2026-08-03T23:57:27+0200,d07b3b2b-e83a-4999-877d-e2466ad53d7b,2026-07-08T04:00:00Z,2026-07-08T06:00:00+0200,145.01,EUR/MWh,BE,BE,day_ahead_price,value,2026-08-03T21:57:58Z
2026-08-03T21:57:27Z,2026-08-03T23:57:27+0200,d07b3b2b-e83a-4999-877d-e2466ad53d7b,2026-07-08T04:15:00Z,2026-07-08T06:15:00+0200,140.29,EUR/MWh,BE,BE,day_ahead_price,value,2026-08-03T21:57:58Z
2026-08-03T21:57:27Z,2026-08-03T23:57:27+0200,d07b3b2b-e83a-4999-877d-e2466ad53d7b,2026-07-08T04:30:00Z,2026-07-08T06:30:00+0200,144.89,EUR/MWh,BE,BE,day_ahead_price,value,2026-08-03T21:57:58Z
2026-08-03T21:57:27Z,2026-08-03T23:57:27+0200,d07b3b2b-e83a-4999-877d-e2466ad53d7b,2026-07-08T04:45:00Z,2026-07-08T06:45:00+0200,142.0,EUR/MWh,BE,BE,day_ahead_price,value,2026-08-03T21:57:58Z
2026-08-03T21:57:27Z,2026-08-03T23:57:27+0200,d07b3b2b-e83a-4999-877d-e2466ad53d7b,2026-07-08T05:00:00Z,2026-07-08T07:00:00+0200,140.44,EUR/MWh,BE,BE,day_ahead_price,value,2026-08-03T21:57:58Z
2026-08-03T21:57:27Z,2026-08-03T23:57:27+0200,d07b3b2b-e83a-4999-877d-e2466ad53d7b,2026-07-08T05:15:00Z,2026-07-08T07:15:00+0200,138.52,EUR/MWh,BE,BE,day_ahead_price,value,2026-08-03T21:57:58Z
2026-08-03T21:57:27Z,2026-08-03T23:57:27+0200,d07b3b2b-e83a-4999-877d-e2466ad53d7b,2026-07-08T05:30:00Z,2026-07-08T07:30:00+0200,136.01,EUR/MWh,BE,BE,day_ahead_price,value,2026-08-03T21:57:58Z
2026-08-03T21:57:27Z,2026-08-03T23:57:27+0200,d07b3b2b-e83a-4999-877d-e2466ad53d7b,2026-07-08T05:45:00Z,2026-07-08T07:45:00+0200,132.12,EUR/MWh,BE,BE,day_ahead_price,value,2026-08-03T21:57:58Z
2026-08-03T21:57:27Z,2026-08-03T23:57:27+0200,d07b3b2b-e83a-4999-877d-e2466ad53d7b,2026-07-08T06:00:00Z,2026-07-08T08:00:00+0200,150.8,EUR/MWh,BE,BE,day_ahead_price,value,2026-08-03T21:57:58Z
2026-08-03T21:57:27Z,2026-08-03T23:57:27+0200,d07b3b2b-e83a-4999-877d-e2466ad53d7b,2026-07-08T06:15:00Z,2026-07-08T08:15:00+0200,144.11,EUR/MWh,BE,BE,day_ahead_price,value,2026-08-03T21:57:58Z
2026-08-03T21:57:27Z,2026-08-03T23:57:27+0200,d07b3b2b-e83a-4999-877d-e2466ad53d7b,2026-07-08T06:30:00Z,2026-07-08T08:30:00+0200,132.23,EUR/MWh,BE,BE,day_ahead_price,value,2026-08-03T21:57:58Z
2026-08-03T21:57:27Z,2026-08-03T23:57:27+0200,d07b3b2b-e83a-4999-877d-e2466ad53d7b,2026-07-08T06:45:00Z,2026-07-08T08:45:00+0200,144.1,EUR/MWh,BE,BE,day_ahead_price,value,2026-08-03T21:57:58Z
2026-08-03T21:57:27Z,2026-08-03T23:57:27+0200,d07b3b2b-e83a-4999-877d-e2466ad53d7b,2026-07-08T07:00:00Z,2026-07-08T09:00:00+0200,150.17,EUR/MWh,BE,BE,day_ahead_price,value,2026-08-03T21:57:58Z
2026-08-03T21:57:27Z,2026-08-03T23:57:27+0200,d07b3b2b-e83a-4999-877d-e2466ad53d7b,2026-07-08T07:15:00Z,2026-07-08T09:15:00+0200,155.26,EUR/MWh,BE,BE,day_ahead_price,value,2026-08-03T21:57:58Z
2026-08-03T21:57:27Z,2026-08-03T23:57:27+0200,d07b3b2b-e83a-4999-877d-e2466ad53d7b,2026-07-08T07:30:00Z,2026-07-08T09:30:00+0200,117.26,EUR/MWh,BE,BE,day_ahead_price,value,2026-08-03T21:57:58Z
2026-08-03T21:57:27Z,2026-08-03T23:57:27+0200,d07b3b2b-e83a-4999-877d-e2466ad53d7b,2026-07-08T07:45:00Z,2026-07-08T09:45:00+0200,113.19,EUR/MWh,BE,BE,day_ahead_price,value,2026-08-03T21:57:58Z
2026-08-03T21:57:27Z,2026-08-03T23:57:27+0200,d07b3b2b-e83a-4999-877d-e2466ad53d7b,2026-07-08T08:00:00Z,2026-07-08T10:00:00+0200,129.0,EUR/MWh,BE,BE,day_ahead_price,value,2026-08-03T21:57:58Z
2026-08-03T21:57:27Z,2026-08-03T23:57:27+0200,d07b3b2b-e83a-4999-877d-e2466ad53d7b,2026-07-08T08:15:00Z,2026-07-08T10:15:00+0200,115.71,EUR/MWh,BE,BE,day_ahead_price,value,2026-08-03T21:57:58Z
2026-08-03T21:57:27Z,2026-08-03T23:57:27+0200,d07b3b2b-e83a-4999-877d-e2466ad53d7b,2026-07-08T08:30:00Z,2026-07-08T10:30:00+0200,125.0,EUR/MWh,BE,BE,day_ahead_price,value,2026-08-03T21:57:58Z
2026-08-03T21:57:27Z,2026-08-03T23:57:27+0200,d07b3b2b-e83a-4999-877d-e2466ad53d7b,2026-07-08T08:45:00Z,2026-07-08T10:45:00+0200,130.29,EUR/MWh,BE,BE,day_ahead_price,value,2026-08-03T21:57:58Z
2026-08-03T21:57:27Z,2026-08-03T23:57:27+0200,d07b3b2b-e83a-4999-877d-e2466ad53d7b,2026-07-08T09:00:00Z,2026-07-08T11:00:00+0200,125.0,EUR/MWh,BE,BE,day_ahead_price,value,2026-08-03T21:57:58Z
2026-08-03T21:57:27Z,2026-08-03T23:57:27+0200,d07b3b2b-e83a-4999-877d-e2466ad53d7b,2026-07-08T09:15:00Z,2026-07-08T11:15:00+0200,120.86,EUR/MWh,BE,BE,day_ahead_price,value,2026-08-03T21:57:58Z
2026-08-03T21:57:27Z,2026-08-03T23:57:27+0200,d07b3b2b-e83a-4999-877d-e2466ad53d7b,2026-07-08T09:30:00Z,2026-07-08T11:30:00+0200,120.0,EUR/MWh,BE,BE,day_ahead_price,value,2026-08-03T21:57:58Z
2026-08-03T21:57:27Z,2026-08-03T23:57:27+0200,d07b3b2b-e83a-4999-877d-e2466ad53d7b,2026-07-08T09:45:00Z,2026-07-08T11:45:00+0200,111.4,EUR/MWh,BE,BE,day_ahead_price,value,2026-08-03T21:57:58Z
2026-08-03T21:57:27Z,2026-08-03T23:57:27+0200,d07b3b2b-e83a-4999-877d-e2466ad53d7b,2026-07-08T10:00:00Z,2026-07-08T12:00:00+0200,87.05,EUR/MWh,BE,BE,day_ahead_price,value,2026-08-03T21:57:58Z
2026-08-03T21:57:27Z,2026-08-03T23:57:27+0200,d07b3b2b-e83a-4999-877d-e2466ad53d7b,2026-07-08T10:15:00Z,2026-07-08T12:15:00+0200,114.38,EUR/MWh,BE,BE,day_ahead_price,value,2026-08-03T21:57:58Z
2026-08-03T21:57:27Z,2026-08-03T23:57:27+0200,d07b3b2b-e83a-4999-877d-e2466ad53d7b,2026-07-08T10:30:00Z,2026-07-08T12:30:00+0200,100.9,EUR/MWh,BE,BE,day_ahead_price,value,2026-08-03T21:57:58Z
2026-08-03T21:57:27Z,2026-08-03T23:57:27+0200,d07b3b2b-e83a-4999-877d-e2466ad53d7b,2026-07-08T10:45:00Z,2026-07-08T12:45:00+0200,88.76,EUR/MWh,BE,BE,day_ahead_price,value,2026-08-03T21:57:58Z
2026-08-03T21:57:27Z,2026-08-03T23:57:27+0200,d07b3b2b-e83a-4999-877d-e2466ad53d7b,2026-07-08T11:00:00Z,2026-07-08T13:00:00+0200,101.95,EUR/MWh,BE,BE,day_ahead_price,value,2026-08-03T21:57:58Z
2026-08-03T21:57:27Z,2026-08-03T23:57:27+0200,d07b3b2b-e83a-4999-877d-e2466ad53d7b,2026-07-08T11:15:00Z,2026-07-08T13:15:00+0200,83.71,EUR/MWh,BE,BE,day_ahead_price,value,2026-08-03T21:57:58Z
2026-08-03T21:57:27Z,2026-08-03T23:57:27+0200,d07b3b2b-e83a-4999-877d-e2466ad53d7b,2026-07-08T11:30:00Z,2026-07-08T13:30:00+0200,102.89,EUR/MWh,BE,BE,day_ahead_price,value,2026-08-03T21:57:58Z
2026-08-03T21:57:27Z,2026-08-03T23:57:27+0200,d07b3b2b-e83a-4999-877d-e2466ad53d7b,2026-07-08T11:45:00Z,2026-07-08T13:45:00+0200,94.8,EUR/MWh,BE,BE,day_ahead_price,value,2026-08-03T21:57:58Z
2026-08-03T21:57:27Z,2026-08-03T23:57:27+0200,d07b3b2b-e83a-4999-877d-e2466ad53d7b,2026-07-08T12:00:00Z,2026-07-08T14:00:00+0200,115.61,EUR/MWh,BE,BE,day_ahead_price,value,2026-08-03T21:57:58Z
2026-08-03T21:57:27Z,2026-08-03T23:57:27+0200,d07b3b2b-e83a-4999-877d-e2466ad53d7b,2026-07-08T12:15:00Z,2026-07-08T14:15:00+0200,100.39,EUR/MWh,BE,BE,day_ahead_price,value,2026-08-03T21:57:58Z
2026-08-03T21:57:27Z,2026-08-03T23:57:27+0200,d07b3b2b-e83a-4999-877d-e2466ad53d7b,2026-07-08T12:30:00Z,2026-07-08T14:30:00+0200,100.0,EUR/MWh,BE,BE,day_ahead_price,value,2026-08-03T21:57:58Z
2026-08-03T21:57:27Z,2026-08-03T23:57:27+0200,d07b3b2b-e83a-4999-877d-e2466ad53d7b,2026-07-08T12:45:00Z,2026-07-08T14:45:00+0200,100.0,EUR/MWh,BE,BE,day_ahead_price,value,2026-08-03T21:57:58Z
2026-08-03T21:57:27Z,2026-08-03T23:57:27+0200,d07b3b2b-e83a-4999-877d-e2466ad53d7b,2026-07-08T13:00:00Z,2026-07-08T15:00:00+0200,82.13,EUR/MWh,BE,BE,day_ahead_price,value,2026-08-03T21:57:58Z
2026-08-03T21:57:27Z,2026-08-03T23:57:27+0200,d07b3b2b-e83a-4999-877d-e2466ad53d7b,2026-07-08T13:15:00Z,2026-07-08T15:15:00+0200,94.4,EUR/MWh,BE,BE,day_ahead_price,value,2026-08-03T21:57:58Z
2026-08-03T21:57:27Z,2026-08-03T23:57:27+0200,d07b3b2b-e83a-4999-877d-e2466ad53d7b,2026-07-08T13:30:00Z,2026-07-08T15:30:00+0200,101.63,EUR/MWh,BE,BE,day_ahead_price,value,2026-08-03T21:57:58Z
2026-08-03T21:57:27Z,2026-08-03T23:57:27+0200,d07b3b2b-e83a-4999-877d-e2466ad53d7b,2026-07-08T13:45:00Z,2026-07-08T15:45:00+0200,105.84,EUR/MWh,BE,BE,day_ahead_price,value,2026-08-03T21:57:58Z
2026-08-03T21:57:27Z,2026-08-03T23:57:27+0200,d07b3b2b-e83a-4999-877d-e2466ad53d7b,2026-07-08T14:00:00Z,2026-07-08T16:00:00+0200,102.5,EUR/MWh,BE,BE,day_ahead_price,value,2026-08-03T21:57:58Z
2026-08-03T21:57:27Z,2026-08-03T23:57:27+0200,d07b3b2b-e83a-4999-877d-e2466ad53d7b,2026-07-08T14:15:00Z,2026-07-08T16:15:00+0200,85.98,EUR/MWh,BE,BE,day_ahead_price,value,2026-08-03T21:57:58Z
2026-08-03T21:57:27Z,2026-08-03T23:57:27+0200,d07b3b2b-e83a-4999-877d-e2466ad53d7b,2026-07-08T14:30:00Z,2026-07-08T16:30:00+0200,117.03,EUR/MWh,BE,BE,day_ahead_price,value,2026-08-03T21:57:58Z
2026-08-03T21:57:27Z,2026-08-03T23:57:27+0200,d07b3b2b-e83a-4999-877d-e2466ad53d7b,2026-07-08T14:45:00Z,2026-07-08T16:45:00+0200,134.5,EUR/MWh,BE,BE,day_ahead_price,value,2026-08-03T21:57:58Z
2026-08-03T21:57:27Z,2026-08-03T23:57:27+0200,d07b3b2b-e83a-4999-877d-e2466ad53d7b,2026-07-08T15:00:00Z,2026-07-08T17:00:00+0200,96.14,EUR/MWh,BE,BE,day_ahead_price,value,2026-08-03T21:57:58Z
2026-08-03T21:57:27Z,2026-08-03T23:57:27+0200,d07b3b2b-e83a-4999-877d-e2466ad53d7b,2026-07-08T15:15:00Z,2026-07-08T17:15:00+0200,98.14,EUR/MWh,BE,BE,day_ahead_price,value,2026-08-03T21:57:58Z
2026-08-03T21:57:27Z,2026-08-03T23:57:27+0200,d07b3b2b-e83a-4999-877d-e2466ad53d7b,2026-07-08T15:30:00Z,2026-07-08T17:30:00+0200,93.15,EUR/MWh,BE,BE,day_ahead_price,value,2026-08-03T21:57:58Z
2026-08-03T21:57:27Z,2026-08-03T23:57:27+0200,d07b3b2b-e83a-4999-877d-e2466ad53d7b,2026-07-08T15:45:00Z,2026-07-08T17:45:00+0200,95.34,EUR/MWh,BE,BE,day_ahead_price,value,2026-08-03T21:57:58Z
2026-08-03T21:57:27Z,2026-08-03T23:57:27+0200,d07b3b2b-e83a-4999-877d-e2466ad53d7b,2026-07-08T16:00:00Z,2026-07-08T18:00:00+0200,90.08,EUR/MWh,BE,BE,day_ahead_price,value,2026-08-03T21:57:58Z
2026-08-03T21:57:27Z,2026-08-03T23:57:27+0200,d07b3b2b-e83a-4999-877d-e2466ad53d7b,2026-07-08T16:15:00Z,2026-07-08T18:15:00+0200,100.58,EUR/MWh,BE,BE,day_ahead_price,value,2026-08-03T21:57:58Z
2026-08-03T21:57:27Z,2026-08-03T23:57:27+0200,d07b3b2b-e83a-4999-877d-e2466ad53d7b,2026-07-08T16:30:00Z,2026-07-08T18:30:00+0200,115.72,EUR/MWh,BE,BE,day_ahead_price,value,2026-08-03T21:57:58Z
2026-08-03T21:57:27Z,2026-08-03T23:57:27+0200,d07b3b2b-e83a-4999-877d-e2466ad53d7b,2026-07-08T16:45:00Z,2026-07-08T18:45:00+0200,132.77,EUR/MWh,BE,BE,day_ahead_price,value,2026-08-03T21:57:58Z
2026-08-03T21:57:27Z,2026-08-03T23:57:27+0200,d07b3b2b-e83a-4999-877d-e2466ad53d7b,2026-07-08T17:00:00Z,2026-07-08T19:00:00+0200,120.27,EUR/MWh,BE,BE,day_ahead_price,value,2026-08-03T21:57:58Z
2026-08-03T21:57:27Z,2026-08-03T23:57:27+0200,d07b3b2b-e83a-4999-877d-e2466ad53d7b,2026-07-08T17:15:00Z,2026-07-08T19:15:00+0200,135.05,EUR/MWh,BE,BE,day_ahead_price,value,2026-08-03T21:57:58Z
2026-08-03T21:57:27Z,2026-08-03T23:57:27+0200,d07b3b2b-e83a-4999-877d-e2466ad53d7b,2026-07-08T17:30:00Z,2026-07-08T19:30:00+0200,139.06,EUR/MWh,BE,BE,day_ahead_price,value,2026-08-03T21:57:58Z
2026-08-03T21:57:27Z,2026-08-03T23:57:27+0200,d07b3b2b-e83a-4999-877d-e2466ad53d7b,2026-07-08T17:45:00Z,2026-07-08T19:45:00+0200,153.11,EUR/MWh,BE,BE,day_ahead_price,value,2026-08-03T21:57:58Z
2026-08-03T21:57:27Z,2026-08-03T23:57:27+0200,d07b3b2b-e83a-4999-877d-e2466ad53d7b,2026-07-08T18:00:00Z,2026-07-08T20:00:00+0200,133.6,EUR/MWh,BE,BE,day_ahead_price,value,2026-08-03T21:57:58Z
2026-08-03T21:57:27Z,2026-08-03T23:57:27+0200,d07b3b2b-e83a-4999-877d-e2466ad53d7b,2026-07-08T18:15:00Z,2026-07-08T20:15:00+0200,150.0,EUR/MWh,BE,BE,day_ahead_price,value,2026-08-03T21:57:58Z
2026-08-03T21:57:27Z,2026-08-03T23:57:27+0200,d07b3b2b-e83a-4999-877d-e2466ad53d7b,2026-07-08T18:30:00Z,2026-07-08T20:30:00+0200,165.33,EUR/MWh,BE,BE,day_ahead_price,value,2026-08-03T21:57:58Z
2026-08-03T21:57:27Z,2026-08-03T23:57:27+0200,d07b3b2b-e83a-4999-877d-e2466ad53d7b,2026-07-08T18:45:00Z,2026-07-08T20:45:00+0200,185.17,EUR/MWh,BE,BE,day_ahead_price,value,2026-08-03T21:57:58Z
2026-08-03T21:57:27Z,2026-08-03T23:57:27+0200,d07b3b2b-e83a-4999-877d-e2466ad53d7b,2026-07-08T19:00:00Z,2026-07-08T21:00:00+0200,170.51,EUR/MWh,BE,BE,day_ahead_price,value,2026-08-03T21:57:58Z
2026-08-03T21:57:27Z,2026-08-03T23:57:27+0200,d07b3b2b-e83a-4999-877d-e2466ad53d7b,2026-07-08T19:15:00Z,2026-07-08T21:15:00+0200,161.06,EUR/MWh,BE,BE,day_ahead_price,value,2026-08-03T21:57:58Z
2026-08-03T21:57:27Z,2026-08-03T23:57:27+0200,d07b3b2b-e83a-4999-877d-e2466ad53d7b,2026-07-08T19:30:00Z,2026-07-08T21:30:00+0200,163.16,EUR/MWh,BE,BE,day_ahead_price,value,2026-08-03T21:57:58Z
2026-08-03T21:57:27Z,2026-08-03T23:57:27+0200,d07b3b2b-e83a-4999-877d-e2466ad53d7b,2026-07-08T19:45:00Z,2026-07-08T21:45:00+0200,165.0,EUR/MWh,BE,BE,day_ahead_price,value,2026-08-03T21:57:58Z
2026-08-03T21:57:27Z,2026-08-03T23:57:27+0200,d07b3b2b-e83a-4999-877d-e2466ad53d7b,2026-07-08T20:00:00Z,2026-07-08T22:00:00+0200,167.11,EUR/MWh,BE,BE,day_ahead_price,value,2026-08-03T21:57:58Z
2026-08-03T21:57:27Z,2026-08-03T23:57:27+0200,d07b3b2b-e83a-4999-877d-e2466ad53d7b,2026-07-08T20:15:00Z,2026-07-08T22:15:00+0200,163.15,EUR/MWh,BE,BE,day_ahead_price,value,2026-08-03T21:57:58Z
2026-08-03T21:57:27Z,2026-08-03T23:57:27+0200,d07b3b2b-e83a-4999-877d-e2466ad53d7b,2026-07-08T20:30:00Z,2026-07-08T22:30:00+0200,159.61,EUR/MWh,BE,BE,day_ahead_price,value,2026-08-03T21:57:58Z
2026-08-03T21:57:27Z,2026-08-03T23:57:27+0200,d07b3b2b-e83a-4999-877d-e2466ad53d7b,2026-07-08T20:45:00Z,2026-07-08T22:45:00+0200,147.1,EUR/MWh,BE,BE,day_ahead_price,value,2026-08-03T21:57:58Z
2026-08-03T21:57:27Z,2026-08-03T23:57:27+0200,d07b3b2b-e83a-4999-877d-e2466ad53d7b,2026-07-08T21:00:00Z,2026-07-08T23:00:00+0200,154.09,EUR/MWh,BE,BE,day_ahead_price,value,2026-08-03T21:57:58Z
2026-08-03T21:57:27Z,2026-08-03T23:57:27+0200,d07b3b2b-e83a-4999-877d-e2466ad53d7b,2026-07-08T21:15:00Z,2026-07-08T23:15:00+0200,145.41,EUR/MWh,BE,BE,day_ahead_price,value,2026-08-03T21:57:58Z
2026-08-03T21:57:27Z,2026-08-03T23:57:27+0200,d07b3b2b-e83a-4999-877d-e2466ad53d7b,2026-07-08T21:30:00Z,2026-07-08T23:30:00+0200,144.43,EUR/MWh,BE,BE,day_ahead_price,value,2026-08-03T21:57:58Z
2026-08-03T21:57:27Z,2026-08-03T23:57:27+0200,d07b3b2b-e83a-4999-877d-e2466ad53d7b,2026-07-08T21:45:00Z,2026-07-08T23:45:00+0200,137.83,EUR/MWh,BE,BE,day_ahead_price,value,2026-08-03T21:57:58Z
2026-08-03T21:57:27Z,2026-08-03T23:57:27+0200,d07b3b2b-e83a-4999-877d-e2466ad53d7b,2026-07-08T22:00:00Z,2026-07-09T00:00:00+0200,151.87,EUR/MWh,BE,BE,day_ahead_price,value,2026-08-03T21:57:58Z
2026-08-03T21:57:27Z,2026-08-03T23:57:27+0200,d07b3b2b-e83a-4999-877d-e2466ad53d7b,2026-07-08T22:15:00Z,2026-07-09T00:15:00+0200,144.97,EUR/MWh,BE,BE,day_ahead_price,value,2026-08-03T21:57:58Z
2026-08-03T21:57:27Z,2026-08-03T23:57:27+0200,d07b3b2b-e83a-4999-877d-e2466ad53d7b,2026-07-08T22:30:00Z,2026-07-09T00:30:00+0200,137.23,EUR/MWh,BE,BE,day_ahead_price,value,2026-08-03T21:57:58Z
2026-08-03T21:57:27Z,2026-08-03T23:57:27+0200,d07b3b2b-e83a-4999-877d-e2466ad53d7b,2026-07-08T22:45:00Z,2026-07-09T00:45:00+0200,133.66,EUR/MWh,BE,BE,day_ahead_price,value,2026-08-03T21:57:58Z
2026-08-03T21:57:27Z,2026-08-03T23:57:27+0200,d07b3b2b-e83a-4999-877d-e2466ad53d7b,2026-07-08T23:00:00Z,2026-07-09T01:00:00+0200,142.96,EUR/MWh,BE,BE,day_ahead_price,value,2026-08-03T21:57:58Z
2026-08-03T21:57:27Z,2026-08-03T23:57:27+0200,d07b3b2b-e83a-4999-877d-e2466ad53d7b,2026-07-08T23:15:00Z,2026-07-09T01:15:00+0200,136.53,EUR/MWh,BE,BE,day_ahead_price,value,2026-08-03T21:57:58Z
2026-08-03T21:57:27Z,2026-08-03T23:57:27+0200,d07b3b2b-e83a-4999-877d-e2466ad53d7b,2026-07-08T23:30:00Z,2026-07-09T01:30:00+0200,131.06,EUR/MWh,BE,BE,day_ahead_price,value,2026-08-03T21:57:58Z
2026-08-03T21:57:27Z,2026-08-03T23:57:27+0200,d07b3b2b-e83a-4999-877d-e2466ad53d7b,2026-07-08T23:45:00Z,2026-07-09T01:45:00+0200,130.9,EUR/MWh,BE,BE,day_ahead_price,value,2026-08-03T21:57:58Z
2026-08-03T21:57:27Z,2026-08-03T23:57:27+0200,d07b3b2b-e83a-4999-877d-e2466ad53d7b,2026-07-09T00:00:00Z,2026-07-09T02:00:00+0200,128.6,EUR/MWh,BE,BE,day_ahead_price,value,2026-08-03T21:57:58Z
2026-08-03T21:57:27Z,2026-08-03T23:57:27+0200,d07b3b2b-e83a-4999-877d-e2466ad53d7b,2026-07-09T00:15:00Z,2026-07-09T02:15:00+0200,127.63,EUR/MWh,BE,BE,day_ahead_price,value,2026-08-03T21:57:58Z
2026-08-03T21:57:27Z,2026-08-03T23:57:27+0200,d07b3b2b-e83a-4999-877d-e2466ad53d7b,2026-07-09T00:30:00Z,2026-07-09T02:30:00+0200,127.1,EUR/MWh,BE,BE,day_ahead_price,value,2026-08-03T21:57:58Z
2026-08-03T21:57:27Z,2026-08-03T23:57:27+0200,d07b3b2b-e83a-4999-877d-e2466ad53d7b,2026-07-09T00:45:00Z,2026-07-09T02:45:00+0200,131.1,EUR/MWh,BE,BE,day_ahead_price,value,2026-08-03T21:57:58Z
2026-08-03T21:57:27Z,2026-08-03T23:57:27+0200,d07b3b2b-e83a-4999-877d-e2466ad53d7b,2026-07-09T01:00:00Z,2026-07-09T03:00:00+0200,122.69,EUR/MWh,BE,BE,day_ahead_price,value,2026-08-03T21:57:58Z
2026-08-03T21:57:27Z,2026-08-03T23:57:27+0200,d07b3b2b-e83a-4999-877d-e2466ad53d7b,2026-07-09T01:15:00Z,2026-07-09T03:15:00+0200,122.65,EUR/MWh,BE,BE,day_ahead_price,value,2026-08-03T21:57:58Z
2026-08-03T21:57:27Z,2026-08-03T23:57:27+0200,d07b3b2b-e83a-4999-877d-e2466ad53d7b,2026-07-09T01:30:00Z,2026-07-09T03:30:00+0200,124.61,EUR/MWh,BE,BE,day_ahead_price,value,2026-08-03T21:57:58Z
2026-08-03T21:57:27Z,2026-08-03T23:57:27+0200,d07b3b2b-e83a-4999-877d-e2466ad53d7b,2026-07-09T01:45:00Z,2026-07-09T03:45:00+0200,125.8,EUR/MWh,BE,BE,day_ahead_price,value,2026-08-03T21:57:58Z
2026-08-03T21:57:27Z,2026-08-03T23:57:27+0200,d07b3b2b-e83a-4999-877d-e2466ad53d7b,2026-07-09T02:00:00Z,2026-07-09T04:00:00+0200,118.5,EUR/MWh,BE,BE,day_ahead_price,value,2026-08-03T21:57:58Z
2026-08-03T21:57:27Z,2026-08-03T23:57:27+0200,d07b3b2b-e83a-4999-877d-e2466ad53d7b,2026-07-09T02:15:00Z,2026-07-09T04:15:00+0200,123.03,EUR/MWh,BE,BE,day_ahead_price,value,2026-08-03T21:57:58Z
2026-08-03T21:57:27Z,2026-08-03T23:57:27+0200,d07b3b2b-e83a-4999-877d-e2466ad53d7b,2026-07-09T02:30:00Z,2026-07-09T04:30:00+0200,125.61,EUR/MWh,BE,BE,day_ahead_price,value,2026-08-03T21:57:58Z
2026-08-03T21:57:27Z,2026-08-03T23:57:27+0200,d07b3b2b-e83a-4999-877d-e2466ad53d7b,2026-07-09T02:45:00Z,2026-07-09T04:45:00+0200,128.98,EUR/MWh,BE,BE,day_ahead_price,value,2026-08-03T21:57:58Z
2026-08-03T21:57:27Z,2026-08-03T23:57:27+0200,d07b3b2b-e83a-4999-877d-e2466ad53d7b,2026-07-09T03:00:00Z,2026-07-09T05:00:00+0200,127.81,EUR/MWh,BE,BE,day_ahead_price,value,2026-08-03T21:57:58Z
2026-08-03T21:57:27Z,2026-08-03T23:57:27+0200,d07b3b2b-e83a-4999-877d-e2466ad53d7b,2026-07-09T03:15:00Z,2026-07-09T05:15:00+0200,131.66,EUR/MWh,BE,BE,day_ahead_price,value,2026-08-03T21:57:58Z
2026-08-03T21:57:27Z,2026-08-03T23:57:27+0200,d07b3b2b-e83a-4999-877d-e2466ad53d7b,2026-07-09T03:30:00Z,2026-07-09T05:30:00+0200,135.0,EUR/MWh,BE,BE,day_ahead_price,value,2026-08-03T21:57:58Z
2026-08-03T21:57:27Z,2026-08-03T23:57:27+0200,d07b3b2b-e83a-4999-877d-e2466ad53d7b,2026-07-09T03:45:00Z,2026-07-09T05:45:00+0200,141.3,EUR/MWh,BE,BE,day_ahead_price,value,2026-08-03T21:57:58Z
2026-08-03T21:57:27Z,2026-08-03T23:57:27+0200,d07b3b2b-e83a-4999-877d-e2466ad53d7b,2026-07-09T04:00:00Z,2026-07-09T06:00:00+0200,158.23,EUR/MWh,BE,BE,day_ahead_price,value,2026-08-03T21:57:58Z
2026-08-03T21:57:27Z,2026-08-03T23:57:27+0200,d07b3b2b-e83a-4999-877d-e2466ad53d7b,2026-07-09T04:15:00Z,2026-07-09T06:15:00+0200,161.0,EUR/MWh,BE,BE,day_ahead_price,value,2026-08-03T21:57:58Z
2026-08-03T21:57:27Z,2026-08-03T23:57:27+0200,d07b3b2b-e83a-4999-877d-e2466ad53d7b,2026-07-09T04:30:00Z,2026-07-09T06:30:00+0200,174.75,EUR/MWh,BE,BE,day_ahead_price,value,2026-08-03T21:57:58Z
2026-08-03T21:57:27Z,2026-08-03T23:57:27+0200,d07b3b2b-e83a-4999-877d-e2466ad53d7b,2026-07-09T04:45:00Z,2026-07-09T06:45:00+0200,158.56,EUR/MWh,BE,BE,day_ahead_price,value,2026-08-03T21:57:58Z
2026-08-03T21:57:27Z,2026-08-03T23:57:27+0200,d07b3b2b-e83a-4999-877d-e2466ad53d7b,2026-07-09T05:00:00Z,2026-07-09T07:00:00+0200,177.56,EUR/MWh,BE,BE,day_ahead_price,value,2026-08-03T21:57:58Z
2026-08-03T21:57:27Z,2026-08-03T23:57:27+0200,d07b3b2b-e83a-4999-877d-e2466ad53d7b,2026-07-09T05:15:00Z,2026-07-09T07:15:00+0200,151.97,EUR/MWh,BE,BE,day_ahead_price,value,2026-08-03T21:57:58Z
2026-08-03T21:57:27Z,2026-08-03T23:57:27+0200,d07b3b2b-e83a-4999-877d-e2466ad53d7b,2026-07-09T05:30:00Z,2026-07-09T07:30:00+0200,143.06,EUR/MWh,BE,BE,day_ahead_price,value,2026-08-03T21:57:58Z
2026-08-03T21:57:27Z,2026-08-03T23:57:27+0200,d07b3b2b-e83a-4999-877d-e2466ad53d7b,2026-07-09T05:45:00Z,2026-07-09T07:45:00+0200,132.84,EUR/MWh,BE,BE,day_ahead_price,value,2026-08-03T21:57:58Z
2026-08-03T21:57:27Z,2026-08-03T23:57:27+0200,d07b3b2b-e83a-4999-877d-e2466ad53d7b,2026-07-09T06:00:00Z,2026-07-09T08:00:00+0200,154.08,EUR/MWh,BE,BE,day_ahead_price,value,2026-08-03T21:57:58Z
2026-08-03T21:57:27Z,2026-08-03T23:57:27+0200,d07b3b2b-e83a-4999-877d-e2466ad53d7b,2026-07-09T06:15:00Z,2026-07-09T08:15:00+0200,139.9,EUR/MWh,BE,BE,day_ahead_price,value,2026-08-03T21:57:58Z
2026-08-03T21:57:27Z,2026-08-03T23:57:27+0200,d07b3b2b-e83a-4999-877d-e2466ad53d7b,2026-07-09T06:30:00Z,2026-07-09T08:30:00+0200,134.82,EUR/MWh,BE,BE,day_ahead_price,value,2026-08-03T21:57:58Z
2026-08-03T21:57:27Z,2026-08-03T23:57:27+0200,d07b3b2b-e83a-4999-877d-e2466ad53d7b,2026-07-09T06:45:00Z,2026-07-09T08:45:00+0200,127.93,EUR/MWh,BE,BE,day_ahead_price,value,2026-08-03T21:57:58Z
2026-08-03T21:57:27Z,2026-08-03T23:57:27+0200,d07b3b2b-e83a-4999-877d-e2466ad53d7b,2026-07-09T07:00:00Z,2026-07-09T09:00:00+0200,132.55,EUR/MWh,BE,BE,day_ahead_price,value,2026-08-03T21:57:58Z
2026-08-03T21:57:27Z,2026-08-03T23:57:27+0200,d07b3b2b-e83a-4999-877d-e2466ad53d7b,2026-07-09T07:15:00Z,2026-07-09T09:15:00+0200,127.8,EUR/MWh,BE,BE,day_ahead_price,value,2026-08-03T21:57:58Z
2026-08-03T21:57:27Z,2026-08-03T23:57:27+0200,d07b3b2b-e83a-4999-877d-e2466ad53d7b,2026-07-09T07:30:00Z,2026-07-09T09:30:00+0200,139.14,EUR/MWh,BE,BE,day_ahead_price,value,2026-08-03T21:57:58Z
2026-08-03T21:57:27Z,2026-08-03T23:57:27+0200,d07b3b2b-e83a-4999-877d-e2466ad53d7b,2026-07-09T07:45:00Z,2026-07-09T09:45:00+0200,135.06,EUR/MWh,BE,BE,day_ahead_price,value,2026-08-03T21:57:58Z
2026-08-03T21:57:27Z,2026-08-03T23:57:27+0200,d07b3b2b-e83a-4999-877d-e2466ad53d7b,2026-07-09T08:00:00Z,2026-07-09T10:00:00+0200,137.66,EUR/MWh,BE,BE,day_ahead_price,value,2026-08-03T21:57:58Z
2026-08-03T21:57:27Z,2026-08-03T23:57:27+0200,d07b3b2b-e83a-4999-877d-e2466ad53d7b,2026-07-09T08:15:00Z,2026-07-09T10:15:00+0200,133.7,EUR/MWh,BE,BE,day_ahead_price,value,2026-08-03T21:57:58Z
2026-08-03T21:57:27Z,2026-08-03T23:57:27+0200,d07b3b2b-e83a-4999-877d-e2466ad53d7b,2026-07-09T08:30:00Z,2026-07-09T10:30:00+0200,127.93,EUR/MWh,BE,BE,day_ahead_price,value,2026-08-03T21:57:58Z
2026-08-03T21:57:27Z,2026-08-03T23:57:27+0200,d07b3b2b-e83a-4999-877d-e2466ad53d7b,2026-07-09T08:45:00Z,2026-07-09T10:45:00+0200,124.04,EUR/MWh,BE,BE,day_ahead_price,value,2026-08-03T21:57:58Z
2026-08-03T21:57:27Z,2026-08-03T23:57:27+0200,d07b3b2b-e83a-4999-877d-e2466ad53d7b,2026-07-09T09:00:00Z,2026-07-09T11:00:00+0200,155.7,EUR/MWh,BE,BE,day_ahead_price,value,2026-08-03T21:57:58Z
2026-08-03T21:57:27Z,2026-08-03T23:57:27+0200,d07b3b2b-e83a-4999-877d-e2466ad53d7b,2026-07-09T09:15:00Z,2026-07-09T11:15:00+0200,113.3,EUR/MWh,BE,BE,day_ahead_price,value,2026-08-03T21:57:58Z
2026-08-03T21:57:27Z,2026-08-03T23:57:27+0200,d07b3b2b-e83a-4999-877d-e2466ad53d7b,2026-07-09T09:30:00Z,2026-07-09T11:30:00+0200,112.89,EUR/MWh,BE,BE,day_ahead_price,value,2026-08-03T21:57:58Z
2026-08-03T21:57:27Z,2026-08-03T23:57:27+0200,d07b3b2b-e83a-4999-877d-e2466ad53d7b,2026-07-09T09:45:00Z,2026-07-09T11:45:00+0200,118.11,EUR/MWh,BE,BE,day_ahead_price,value,2026-08-03T21:57:58Z
2026-08-03T21:57:27Z,2026-08-03T23:57:27+0200,d07b3b2b-e83a-4999-877d-e2466ad53d7b,2026-07-09T10:00:00Z,2026-07-09T12:00:00+0200,119.68,EUR/MWh,BE,BE,day_ahead_price,value,2026-08-03T21:57:58Z
2026-08-03T21:57:27Z,2026-08-03T23:57:27+0200,d07b3b2b-e83a-4999-877d-e2466ad53d7b,2026-07-09T10:15:00Z,2026-07-09T12:15:00+0200,95.86,EUR/MWh,BE,BE,day_ahead_price,value,2026-08-03T21:57:58Z
2026-08-03T21:57:27Z,2026-08-03T23:57:27+0200,d07b3b2b-e83a-4999-877d-e2466ad53d7b,2026-07-09T10:30:00Z,2026-07-09T12:30:00+0200,80.58,EUR/MWh,BE,BE,day_ahead_price,value,2026-08-03T21:57:58Z
2026-08-03T21:57:27Z,2026-08-03T23:57:27+0200,d07b3b2b-e83a-4999-877d-e2466ad53d7b,2026-07-09T10:45:00Z,2026-07-09T12:45:00+0200,76.17,EUR/MWh,BE,BE,day_ahead_price,value,2026-08-03T21:57:58Z
2026-08-03T21:57:27Z,2026-08-03T23:57:27+0200,d07b3b2b-e83a-4999-877d-e2466ad53d7b,2026-07-09T11:00:00Z,2026-07-09T13:00:00+0200,81.26,EUR/MWh,BE,BE,day_ahead_price,value,2026-08-03T21:57:58Z
2026-08-03T21:57:27Z,2026-08-03T23:57:27+0200,d07b3b2b-e83a-4999-877d-e2466ad53d7b,2026-07-09T11:15:00Z,2026-07-09T13:15:00+0200,73.44,EUR/MWh,BE,BE,day_ahead_price,value,2026-08-03T21:57:58Z
2026-08-03T21:57:27Z,2026-08-03T23:57:27+0200,d07b3b2b-e83a-4999-877d-e2466ad53d7b,2026-07-09T11:30:00Z,2026-07-09T13:30:00+0200,56.27,EUR/MWh,BE,BE,day_ahead_price,value,2026-08-03T21:57:58Z
2026-08-03T21:57:27Z,2026-08-03T23:57:27+0200,d07b3b2b-e83a-4999-877d-e2466ad53d7b,2026-07-09T11:45:00Z,2026-07-09T13:45:00+0200,33.43,EUR/MWh,BE,BE,day_ahead_price,value,2026-08-03T21:57:58Z
2026-08-03T21:57:27Z,2026-08-03T23:57:27+0200,d07b3b2b-e83a-4999-877d-e2466ad53d7b,2026-07-09T12:00:00Z,2026-07-09T14:00:00+0200,41.17,EUR/MWh,BE,BE,day_ahead_price,value,2026-08-03T21:57:58Z
2026-08-03T21:57:27Z,2026-08-03T23:57:27+0200,d07b3b2b-e83a-4999-877d-e2466ad53d7b,2026-07-09T12:15:00Z,2026-07-09T14:15:00+0200,43.3,EUR/MWh,BE,BE,day_ahead_price,value,2026-08-03T21:57:58Z
2026-08-03T21:57:27Z,2026-08-03T23:57:27+0200,d07b3b2b-e83a-4999-877d-e2466ad53d7b,2026-07-09T12:30:00Z,2026-07-09T14:30:00+0200,39.29,EUR/MWh,BE,BE,day_ahead_price,value,2026-08-03T21:57:58Z
2026-08-03T21:57:27Z,2026-08-03T23:57:27+0200,d07b3b2b-e83a-4999-877d-e2466ad53d7b,2026-07-09T12:45:00Z,2026-07-09T14:45:00+0200,52.0,EUR/MWh,BE,BE,day_ahead_price,value,2026-08-03T21:57:58Z
2026-08-03T21:57:27Z,2026-08-03T23:57:27+0200,d07b3b2b-e83a-4999-877d-e2466ad53d7b,2026-07-09T13:00:00Z,2026-07-09T15:00:00+0200,37.13,EUR/MWh,BE,BE,day_ahead_price,value,2026-08-03T21:57:58Z
2026-08-03T21:57:27Z,2026-08-03T23:57:27+0200,d07b3b2b-e83a-4999-877d-e2466ad53d7b,2026-07-09T13:15:00Z,2026-07-09T15:15:00+0200,56.23,EUR/MWh,BE,BE,day_ahead_price,value,2026-08-03T21:57:58Z
2026-08-03T21:57:27Z,2026-08-03T23:57:27+0200,d07b3b2b-e83a-4999-877d-e2466ad53d7b,2026-07-09T13:30:00Z,2026-07-09T15:30:00+0200,78.04,EUR/MWh,BE,BE,day_ahead_price,value,2026-08-03T21:57:58Z
2026-08-03T21:57:27Z,2026-08-03T23:57:27+0200,d07b3b2b-e83a-4999-877d-e2466ad53d7b,2026-07-09T13:45:00Z,2026-07-09T15:45:00+0200,108.6,EUR/MWh,BE,BE,day_ahead_price,value,2026-08-03T21:57:58Z
2026-08-03T21:57:27Z,2026-08-03T23:57:27+0200,d07b3b2b-e83a-4999-877d-e2466ad53d7b,2026-07-09T14:00:00Z,2026-07-09T16:00:00+0200,89.65,EUR/MWh,BE,BE,day_ahead_price,value,2026-08-03T21:57:58Z
2026-08-03T21:57:27Z,2026-08-03T23:57:27+0200,d07b3b2b-e83a-4999-877d-e2466ad53d7b,2026-07-09T14:15:00Z,2026-07-09T16:15:00+0200,112.47,EUR/MWh,BE,BE,day_ahead_price,value,2026-08-03T21:57:58Z
2026-08-03T21:57:27Z,2026-08-03T23:57:27+0200,d07b3b2b-e83a-4999-877d-e2466ad53d7b,2026-07-09T14:30:00Z,2026-07-09T16:30:00+0200,117.2,EUR/MWh,BE,BE,day_ahead_price,value,2026-08-03T21:57:58Z
2026-08-03T21:57:27Z,2026-08-03T23:57:27+0200,d07b3b2b-e83a-4999-877d-e2466ad53d7b,2026-07-09T14:45:00Z,2026-07-09T16:45:00+0200,125.55,EUR/MWh,BE,BE,day_ahead_price,value,2026-08-03T21:57:58Z
2026-08-03T21:57:27Z,2026-08-03T23:57:27+0200,d07b3b2b-e83a-4999-877d-e2466ad53d7b,2026-07-09T15:00:00Z,2026-07-09T17:00:00+0200,96.71,EUR/MWh,BE,BE,day_ahead_price,value,2026-08-03T21:57:58Z
2026-08-03T21:57:27Z,2026-08-03T23:57:27+0200,d07b3b2b-e83a-4999-877d-e2466ad53d7b,2026-07-09T15:15:00Z,2026-07-09T17:15:00+0200,120.0,EUR/MWh,BE,BE,day_ahead_price,value,2026-08-03T21:57:58Z
2026-08-03T21:57:27Z,2026-08-03T23:57:27+0200,d07b3b2b-e83a-4999-877d-e2466ad53d7b,2026-07-09T15:30:00Z,2026-07-09T17:30:00+0200,114.95,EUR/MWh,BE,BE,day_ahead_price,value,2026-08-03T21:57:58Z
2026-08-03T21:57:27Z,2026-08-03T23:57:27+0200,d07b3b2b-e83a-4999-877d-e2466ad53d7b,2026-07-09T15:45:00Z,2026-07-09T17:45:00+0200,130.3,EUR/MWh,BE,BE,day_ahead_price,value,2026-08-03T21:57:58Z
2026-08-03T21:57:27Z,2026-08-03T23:57:27+0200,d07b3b2b-e83a-4999-877d-e2466ad53d7b,2026-07-09T16:00:00Z,2026-07-09T18:00:00+0200,135.43,EUR/MWh,BE,BE,day_ahead_price,value,2026-08-03T21:57:58Z
2026-08-03T21:57:27Z,2026-08-03T23:57:27+0200,d07b3b2b-e83a-4999-877d-e2466ad53d7b,2026-07-09T16:15:00Z,2026-07-09T18:15:00+0200,123.85,EUR/MWh,BE,BE,day_ahead_price,value,2026-08-03T21:57:58Z
2026-08-03T21:57:27Z,2026-08-03T23:57:27+0200,d07b3b2b-e83a-4999-877d-e2466ad53d7b,2026-07-09T16:30:00Z,2026-07-09T18:30:00+0200,141.79,EUR/MWh,BE,BE,day_ahead_price,value,2026-08-03T21:57:58Z
2026-08-03T21:57:27Z,2026-08-03T23:57:27+0200,d07b3b2b-e83a-4999-877d-e2466ad53d7b,2026-07-09T16:45:00Z,2026-07-09T18:45:00+0200,147.83,EUR/MWh,BE,BE,day_ahead_price,value,2026-08-03T21:57:58Z
2026-08-03T21:57:27Z,2026-08-03T23:57:27+0200,d07b3b2b-e83a-4999-877d-e2466ad53d7b,2026-07-09T17:00:00Z,2026-07-09T19:00:00+0200,149.12,EUR/MWh,BE,BE,day_ahead_price,value,2026-08-03T21:57:58Z
2026-08-03T21:57:27Z,2026-08-03T23:57:27+0200,d07b3b2b-e83a-4999-877d-e2466ad53d7b,2026-07-09T17:15:00Z,2026-07-09T19:15:00+0200,163.41,EUR/MWh,BE,BE,day_ahead_price,value,2026-08-03T21:57:58Z
2026-08-03T21:57:27Z,2026-08-03T23:57:27+0200,d07b3b2b-e83a-4999-877d-e2466ad53d7b,2026-07-09T17:30:00Z,2026-07-09T19:30:00+0200,180.0,EUR/MWh,BE,BE,day_ahead_price,value,2026-08-03T21:57:58Z
2026-08-03T21:57:27Z,2026-08-03T23:57:27+0200,d07b3b2b-e83a-4999-877d-e2466ad53d7b,2026-07-09T17:45:00Z,2026-07-09T19:45:00+0200,200.92,EUR/MWh,BE,BE,day_ahead_price,value,2026-08-03T21:57:58Z
2026-08-03T21:57:27Z,2026-08-03T23:57:27+0200,d07b3b2b-e83a-4999-877d-e2466ad53d7b,2026-07-09T18:00:00Z,2026-07-09T20:00:00+0200,197.24,EUR/MWh,BE,BE,day_ahead_price,value,2026-08-03T21:57:58Z
2026-08-03T21:57:27Z,2026-08-03T23:57:27+0200,d07b3b2b-e83a-4999-877d-e2466ad53d7b,2026-07-09T18:15:00Z,2026-07-09T20:15:00+0200,219.39,EUR/MWh,BE,BE,day_ahead_price,value,2026-08-03T21:57:58Z
2026-08-03T21:57:27Z,2026-08-03T23:57:27+0200,d07b3b2b-e83a-4999-877d-e2466ad53d7b,2026-07-09T18:30:00Z,2026-07-09T20:30:00+0200,251.39,EUR/MWh,BE,BE,day_ahead_price,value,2026-08-03T21:57:58Z
2026-08-03T21:57:27Z,2026-08-03T23:57:27+0200,d07b3b2b-e83a-4999-877d-e2466ad53d7b,2026-07-09T18:45:00Z,2026-07-09T20:45:00+0200,277.65,EUR/MWh,BE,BE,day_ahead_price,value,2026-08-03T21:57:58Z
2026-08-03T21:57:27Z,2026-08-03T23:57:27+0200,d07b3b2b-e83a-4999-877d-e2466ad53d7b,2026-07-09T19:00:00Z,2026-07-09T21:00:00+0200,274.82,EUR/MWh,BE,BE,day_ahead_price,value,2026-08-03T21:57:58Z
2026-08-03T21:57:27Z,2026-08-03T23:57:27+0200,d07b3b2b-e83a-4999-877d-e2466ad53d7b,2026-07-09T19:15:00Z,2026-07-09T21:15:00+0200,268.33,EUR/MWh,BE,BE,day_ahead_price,value,2026-08-03T21:57:58Z
2026-08-03T21:57:27Z,2026-08-03T23:57:27+0200,d07b3b2b-e83a-4999-877d-e2466ad53d7b,2026-07-09T19:30:00Z,2026-07-09T21:30:00+0200,244.13,EUR/MWh,BE,BE,day_ahead_price,value,2026-08-03T21:57:58Z
2026-08-03T21:57:27Z,2026-08-03T23:57:27+0200,d07b3b2b-e83a-4999-877d-e2466ad53d7b,2026-07-09T19:45:00Z,2026-07-09T21:45:00+0200,213.28,EUR/MWh,BE,BE,day_ahead_price,value,2026-08-03T21:57:58Z
2026-08-03T21:57:27Z,2026-08-03T23:57:27+0200,d07b3b2b-e83a-4999-877d-e2466ad53d7b,2026-07-09T20:00:00Z,2026-07-09T22:00:00+0200,239.71,EUR/MWh,BE,BE,day_ahead_price,value,2026-08-03T21:57:58Z
2026-08-03T21:57:27Z,2026-08-03T23:57:27+0200,d07b3b2b-e83a-4999-877d-e2466ad53d7b,2026-07-09T20:15:00Z,2026-07-09T22:15:00+0200,206.04,EUR/MWh,BE,BE,day_ahead_price,value,2026-08-03T21:57:58Z
2026-08-03T21:57:27Z,2026-08-03T23:57:27+0200,d07b3b2b-e83a-4999-877d-e2466ad53d7b,2026-07-09T20:30:00Z,2026-07-09T22:30:00+0200,174.8,EUR/MWh,BE,BE,day_ahead_price,value,2026-08-03T21:57:58Z
2026-08-03T21:57:27Z,2026-08-03T23:57:27+0200,d07b3b2b-e83a-4999-877d-e2466ad53d7b,2026-07-09T20:45:00Z,2026-07-09T22:45:00+0200,164.71,EUR/MWh,BE,BE,day_ahead_price,value,2026-08-03T21:57:58Z
2026-08-03T21:57:27Z,2026-08-03T23:57:27+0200,d07b3b2b-e83a-4999-877d-e2466ad53d7b,2026-07-09T21:00:00Z,2026-07-09T23:00:00+0200,180.0,EUR/MWh,BE,BE,day_ahead_price,value,2026-08-03T21:57:58Z
2026-08-03T21:57:27Z,2026-08-03T23:57:27+0200,d07b3b2b-e83a-4999-877d-e2466ad53d7b,2026-07-09T21:15:00Z,2026-07-09T23:15:00+0200,177.02,EUR/MWh,BE,BE,day_ahead_price,value,2026-08-03T21:57:58Z
2026-08-03T21:57:27Z,2026-08-03T23:57:27+0200,d07b3b2b-e83a-4999-877d-e2466ad53d7b,2026-07-09T21:30:00Z,2026-07-09T23:30:00+0200,158.73,EUR/MWh,BE,BE,day_ahead_price,value,2026-08-03T21:57:58Z
2026-08-03T21:57:27Z,2026-08-03T23:57:27+0200,d07b3b2b-e83a-4999-877d-e2466ad53d7b,2026-07-09T21:45:00Z,2026-07-09T23:45:00+0200,164.65,EUR/MWh,BE,BE,day_ahead_price,value,2026-08-03T21:57:58Z
2026-08-03T21:57:27Z,2026-08-03T23:57:27+0200,d07b3b2b-e83a-4999-877d-e2466ad53d7b,2026-07-09T22:00:00Z,2026-07-10T00:00:00+0200,176.62,EUR/MWh,BE,BE,day_ahead_price,value,2026-08-03T21:57:58Z
2026-08-03T21:57:27Z,2026-08-03T23:57:27+0200,d07b3b2b-e83a-4999-877d-e2466ad53d7b,2026-07-09T22:15:00Z,2026-07-10T00:15:00+0200,154.65,EUR/MWh,BE,BE,day_ahead_price,value,2026-08-03T21:57:58Z
2026-08-03T21:57:27Z,2026-08-03T23:57:27+0200,d07b3b2b-e83a-4999-877d-e2466ad53d7b,2026-07-09T22:30:00Z,2026-07-10T00:30:00+0200,150.0,EUR/MWh,BE,BE,day_ahead_price,value,2026-08-03T21:57:58Z
2026-08-03T21:57:27Z,2026-08-03T23:57:27+0200,d07b3b2b-e83a-4999-877d-e2466ad53d7b,2026-07-09T22:45:00Z,2026-07-10T00:45:00+0200,156.94,EUR/MWh,BE,BE,day_ahead_price,value,2026-08-03T21:57:58Z
2026-08-03T21:57:27Z,2026-08-03T23:57:27+0200,d07b3b2b-e83a-4999-877d-e2466ad53d7b,2026-07-09T23:00:00Z,2026-07-10T01:00:00+0200,149.61,EUR/MWh,BE,BE,day_ahead_price,value,2026-08-03T21:57:58Z
2026-08-03T21:57:27Z,2026-08-03T23:57:27+0200,d07b3b2b-e83a-4999-877d-e2466ad53d7b,2026-07-09T23:15:00Z,2026-07-10T01:15:00+0200,144.64,EUR/MWh,BE,BE,day_ahead_price,value,2026-08-03T21:57:58Z
2026-08-03T21:57:27Z,2026-08-03T23:57:27+0200,d07b3b2b-e83a-4999-877d-e2466ad53d7b,2026-07-09T23:30:00Z,2026-07-10T01:30:00+0200,142.3,EUR/MWh,BE,BE,day_ahead_price,value,2026-08-03T21:57:58Z
2026-08-03T21:57:27Z,2026-08-03T23:57:27+0200,d07b3b2b-e83a-4999-877d-e2466ad53d7b,2026-07-09T23:45:00Z,2026-07-10T01:45:00+0200,144.0,EUR/MWh,BE,BE,day_ahead_price,value,2026-08-03T21:57:58Z
2026-08-03T21:57:27Z,2026-08-03T23:57:27+0200,d07b3b2b-e83a-4999-877d-e2466ad53d7b,2026-07-10T00:00:00Z,2026-07-10T02:00:00+0200,141.98,EUR/MWh,BE,BE,day_ahead_price,value,2026-08-03T21:57:58Z
2026-08-03T21:57:27Z,2026-08-03T23:57:27+0200,d07b3b2b-e83a-4999-877d-e2466ad53d7b,2026-07-10T00:15:00Z,2026-07-10T02:15:00+0200,141.16,EUR/MWh,BE,BE,day_ahead_price,value,2026-08-03T21:57:58Z
2026-08-03T21:57:27Z,2026-08-03T23:57:27+0200,d07b3b2b-e83a-4999-877d-e2466ad53d7b,2026-07-10T00:30:00Z,2026-07-10T02:30:00+0200,139.4,EUR/MWh,BE,BE,day_ahead_price,value,2026-08-03T21:57:58Z
2026-08-03T21:57:27Z,2026-08-03T23:57:27+0200,d07b3b2b-e83a-4999-877d-e2466ad53d7b,2026-07-10T00:45:00Z,2026-07-10T02:45:00+0200,147.99,EUR/MWh,BE,BE,day_ahead_price,value,2026-08-03T21:57:58Z
2026-08-03T21:57:27Z,2026-08-03T23:57:27+0200,d07b3b2b-e83a-4999-877d-e2466ad53d7b,2026-07-10T01:00:00Z,2026-07-10T03:00:00+0200,138.55,EUR/MWh,BE,BE,day_ahead_price,value,2026-08-03T21:57:58Z
2026-08-03T21:57:27Z,2026-08-03T23:57:27+0200,d07b3b2b-e83a-4999-877d-e2466ad53d7b,2026-07-10T01:15:00Z,2026-07-10T03:15:00+0200,139.41,EUR/MWh,BE,BE,day_ahead_price,value,2026-08-03T21:57:58Z
2026-08-03T21:57:27Z,2026-08-03T23:57:27+0200,d07b3b2b-e83a-4999-877d-e2466ad53d7b,2026-07-10T01:30:00Z,2026-07-10T03:30:00+0200,137.7,EUR/MWh,BE,BE,day_ahead_price,value,2026-08-03T21:57:58Z
2026-08-03T21:57:27Z,2026-08-03T23:57:27+0200,d07b3b2b-e83a-4999-877d-e2466ad53d7b,2026-07-10T01:45:00Z,2026-07-10T03:45:00+0200,141.25,EUR/MWh,BE,BE,day_ahead_price,value,2026-08-03T21:57:58Z
2026-08-03T21:57:27Z,2026-08-03T23:57:27+0200,d07b3b2b-e83a-4999-877d-e2466ad53d7b,2026-07-10T02:00:00Z,2026-07-10T04:00:00+0200,136.75,EUR/MWh,BE,BE,day_ahead_price,value,2026-08-03T21:57:58Z
2026-08-03T21:57:27Z,2026-08-03T23:57:27+0200,d07b3b2b-e83a-4999-877d-e2466ad53d7b,2026-07-10T02:15:00Z,2026-07-10T04:15:00+0200,136.68,EUR/MWh,BE,BE,day_ahead_price,value,2026-08-03T21:57:58Z
2026-08-03T21:57:27Z,2026-08-03T23:57:27+0200,d07b3b2b-e83a-4999-877d-e2466ad53d7b,2026-07-10T02:30:00Z,2026-07-10T04:30:00+0200,136.48,EUR/MWh,BE,BE,day_ahead_price,value,2026-08-03T21:57:58Z
2026-08-03T21:57:27Z,2026-08-03T23:57:27+0200,d07b3b2b-e83a-4999-877d-e2466ad53d7b,2026-07-10T02:45:00Z,2026-07-10T04:45:00+0200,139.28,EUR/MWh,BE,BE,day_ahead_price,value,2026-08-03T21:57:58Z
2026-08-03T21:57:27Z,2026-08-03T23:57:27+0200,d07b3b2b-e83a-4999-877d-e2466ad53d7b,2026-07-10T03:00:00Z,2026-07-10T05:00:00+0200,141.96,EUR/MWh,BE,BE,day_ahead_price,value,2026-08-03T21:57:58Z
2026-08-03T21:57:27Z,2026-08-03T23:57:27+0200,d07b3b2b-e83a-4999-877d-e2466ad53d7b,2026-07-10T03:15:00Z,2026-07-10T05:15:00+0200,142.24,EUR/MWh,BE,BE,day_ahead_price,value,2026-08-03T21:57:58Z
2026-08-03T21:57:27Z,2026-08-03T23:57:27+0200,d07b3b2b-e83a-4999-877d-e2466ad53d7b,2026-07-10T03:30:00Z,2026-07-10T05:30:00+0200,142.44,EUR/MWh,BE,BE,day_ahead_price,value,2026-08-03T21:57:58Z
2026-08-03T21:57:27Z,2026-08-03T23:57:27+0200,d07b3b2b-e83a-4999-877d-e2466ad53d7b,2026-07-10T03:45:00Z,2026-07-10T05:45:00+0200,147.07,EUR/MWh,BE,BE,day_ahead_price,value,2026-08-03T21:57:58Z
2026-08-03T21:57:27Z,2026-08-03T23:57:27+0200,d07b3b2b-e83a-4999-877d-e2466ad53d7b,2026-07-10T04:00:00Z,2026-07-10T06:00:00+0200,150.0,EUR/MWh,BE,BE,day_ahead_price,value,2026-08-03T21:57:58Z
2026-08-03T21:57:27Z,2026-08-03T23:57:27+0200,d07b3b2b-e83a-4999-877d-e2466ad53d7b,2026-07-10T04:15:00Z,2026-07-10T06:15:00+0200,161.58,EUR/MWh,BE,BE,day_ahead_price,value,2026-08-03T21:57:58Z
2026-08-03T21:57:27Z,2026-08-03T23:57:27+0200,d07b3b2b-e83a-4999-877d-e2466ad53d7b,2026-07-10T04:30:00Z,2026-07-10T06:30:00+0200,152.42,EUR/MWh,BE,BE,day_ahead_price,value,2026-08-03T21:57:58Z
2026-08-03T21:57:27Z,2026-08-03T23:57:27+0200,d07b3b2b-e83a-4999-877d-e2466ad53d7b,2026-07-10T04:45:00Z,2026-07-10T06:45:00+0200,150.08,EUR/MWh,BE,BE,day_ahead_price,value,2026-08-03T21:57:58Z
2026-08-03T21:57:27Z,2026-08-03T23:57:27+0200,d07b3b2b-e83a-4999-877d-e2466ad53d7b,2026-07-10T05:00:00Z,2026-07-10T07:00:00+0200,170.53,EUR/MWh,BE,BE,day_ahead_price,value,2026-08-03T21:57:58Z
2026-08-03T21:57:27Z,2026-08-03T23:57:27+0200,d07b3b2b-e83a-4999-877d-e2466ad53d7b,2026-07-10T05:15:00Z,2026-07-10T07:15:00+0200,153.35,EUR/MWh,BE,BE,day_ahead_price,value,2026-08-03T21:57:58Z
2026-08-03T21:57:27Z,2026-08-03T23:57:27+0200,d07b3b2b-e83a-4999-877d-e2466ad53d7b,2026-07-10T05:30:00Z,2026-07-10T07:30:00+0200,144.96,EUR/MWh,BE,BE,day_ahead_price,value,2026-08-03T21:57:58Z
2026-08-03T21:57:27Z,2026-08-03T23:57:27+0200,d07b3b2b-e83a-4999-877d-e2466ad53d7b,2026-07-10T05:45:00Z,2026-07-10T07:45:00+0200,131.92,EUR/MWh,BE,BE,day_ahead_price,value,2026-08-03T21:57:58Z
2026-08-03T21:57:27Z,2026-08-03T23:57:27+0200,d07b3b2b-e83a-4999-877d-e2466ad53d7b,2026-07-10T06:00:00Z,2026-07-10T08:00:00+0200,155.18,EUR/MWh,BE,BE,day_ahead_price,value,2026-08-03T21:57:58Z
2026-08-03T21:57:27Z,2026-08-03T23:57:27+0200,d07b3b2b-e83a-4999-877d-e2466ad53d7b,2026-07-10T06:15:00Z,2026-07-10T08:15:00+0200,142.48,EUR/MWh,BE,BE,day_ahead_price,value,2026-08-03T21:57:58Z
2026-08-03T21:57:27Z,2026-08-03T23:57:27+0200,d07b3b2b-e83a-4999-877d-e2466ad53d7b,2026-07-10T06:30:00Z,2026-07-10T08:30:00+0200,133.0,EUR/MWh,BE,BE,day_ahead_price,value,2026-08-03T21:57:58Z
2026-08-03T21:57:27Z,2026-08-03T23:57:27+0200,d07b3b2b-e83a-4999-877d-e2466ad53d7b,2026-07-10T06:45:00Z,2026-07-10T08:45:00+0200,114.28,EUR/MWh,BE,BE,day_ahead_price,value,2026-08-03T21:57:58Z
2026-08-03T21:57:27Z,2026-08-03T23:57:27+0200,d07b3b2b-e83a-4999-877d-e2466ad53d7b,2026-07-10T07:00:00Z,2026-07-10T09:00:00+0200,138.8,EUR/MWh,BE,BE,day_ahead_price,value,2026-08-03T21:57:58Z
2026-08-03T21:57:27Z,2026-08-03T23:57:27+0200,d07b3b2b-e83a-4999-877d-e2466ad53d7b,2026-07-10T07:15:00Z,2026-07-10T09:15:00+0200,130.91,EUR/MWh,BE,BE,day_ahead_price,value,2026-08-03T21:57:58Z
2026-08-03T21:57:27Z,2026-08-03T23:57:27+0200,d07b3b2b-e83a-4999-877d-e2466ad53d7b,2026-07-10T07:30:00Z,2026-07-10T09:30:00+0200,115.51,EUR/MWh,BE,BE,day_ahead_price,value,2026-08-03T21:57:58Z
2026-08-03T21:57:27Z,2026-08-03T23:57:27+0200,d07b3b2b-e83a-4999-877d-e2466ad53d7b,2026-07-10T07:45:00Z,2026-07-10T09:45:00+0200,114.68,EUR/MWh,BE,BE,day_ahead_price,value,2026-08-03T21:57:58Z
2026-08-03T21:57:27Z,2026-08-03T23:57:27+0200,d07b3b2b-e83a-4999-877d-e2466ad53d7b,2026-07-10T08:00:00Z,2026-07-10T10:00:00+0200,121.51,EUR/MWh,BE,BE,day_ahead_price,value,2026-08-03T21:57:58Z
2026-08-03T21:57:27Z,2026-08-03T23:57:27+0200,d07b3b2b-e83a-4999-877d-e2466ad53d7b,2026-07-10T08:15:00Z,2026-07-10T10:15:00+0200,121.56,EUR/MWh,BE,BE,day_ahead_price,value,2026-08-03T21:57:58Z
2026-08-03T21:57:27Z,2026-08-03T23:57:27+0200,d07b3b2b-e83a-4999-877d-e2466ad53d7b,2026-07-10T08:30:00Z,2026-07-10T10:30:00+0200,96.96,EUR/MWh,BE,BE,day_ahead_price,value,2026-08-03T21:57:58Z
2026-08-03T21:57:27Z,2026-08-03T23:57:27+0200,d07b3b2b-e83a-4999-877d-e2466ad53d7b,2026-07-10T08:45:00Z,2026-07-10T10:45:00+0200,84.3,EUR/MWh,BE,BE,day_ahead_price,value,2026-08-03T21:57:58Z
2026-08-03T21:57:27Z,2026-08-03T23:57:27+0200,d07b3b2b-e83a-4999-877d-e2466ad53d7b,2026-07-10T09:00:00Z,2026-07-10T11:00:00+0200,89.7,EUR/MWh,BE,BE,day_ahead_price,value,2026-08-03T21:57:58Z
2026-08-03T21:57:27Z,2026-08-03T23:57:27+0200,d07b3b2b-e83a-4999-877d-e2466ad53d7b,2026-07-10T09:15:00Z,2026-07-10T11:15:00+0200,82.55,EUR/MWh,BE,BE,day_ahead_price,value,2026-08-03T21:57:58Z
2026-08-03T21:57:27Z,2026-08-03T23:57:27+0200,d07b3b2b-e83a-4999-877d-e2466ad53d7b,2026-07-10T09:30:00Z,2026-07-10T11:30:00+0200,75.0,EUR/MWh,BE,BE,day_ahead_price,value,2026-08-03T21:57:58Z
2026-08-03T21:57:27Z,2026-08-03T23:57:27+0200,d07b3b2b-e83a-4999-877d-e2466ad53d7b,2026-07-10T09:45:00Z,2026-07-10T11:45:00+0200,75.21,EUR/MWh,BE,BE,day_ahead_price,value,2026-08-03T21:57:58Z
2026-08-03T21:57:27Z,2026-08-03T23:57:27+0200,d07b3b2b-e83a-4999-877d-e2466ad53d7b,2026-07-10T10:00:00Z,2026-07-10T12:00:00+0200,75.49,EUR/MWh,BE,BE,day_ahead_price,value,2026-08-03T21:57:58Z
2026-08-03T21:57:27Z,2026-08-03T23:57:27+0200,d07b3b2b-e83a-4999-877d-e2466ad53d7b,2026-07-10T10:15:00Z,2026-07-10T12:15:00+0200,66.26,EUR/MWh,BE,BE,day_ahead_price,value,2026-08-03T21:57:58Z
2026-08-03T21:57:27Z,2026-08-03T23:57:27+0200,d07b3b2b-e83a-4999-877d-e2466ad53d7b,2026-07-10T10:30:00Z,2026-07-10T12:30:00+0200,52.74,EUR/MWh,BE,BE,day_ahead_price,value,2026-08-03T21:57:58Z
2026-08-03T21:57:27Z,2026-08-03T23:57:27+0200,d07b3b2b-e83a-4999-877d-e2466ad53d7b,2026-07-10T10:45:00Z,2026-07-10T12:45:00+0200,40.01,EUR/MWh,BE,BE,day_ahead_price,value,2026-08-03T21:57:58Z
2026-08-03T21:57:27Z,2026-08-03T23:57:27+0200,d07b3b2b-e83a-4999-877d-e2466ad53d7b,2026-07-10T11:00:00Z,2026-07-10T13:00:00+0200,43.44,EUR/MWh,BE,BE,day_ahead_price,value,2026-08-03T21:57:58Z
2026-08-03T21:57:27Z,2026-08-03T23:57:27+0200,d07b3b2b-e83a-4999-877d-e2466ad53d7b,2026-07-10T11:15:00Z,2026-07-10T13:15:00+0200,39.0,EUR/MWh,BE,BE,day_ahead_price,value,2026-08-03T21:57:58Z
2026-08-03T21:57:27Z,2026-08-03T23:57:27+0200,d07b3b2b-e83a-4999-877d-e2466ad53d7b,2026-07-10T11:30:00Z,2026-07-10T13:30:00+0200,37.0,EUR/MWh,BE,BE,day_ahead_price,value,2026-08-03T21:57:58Z
2026-08-03T21:57:27Z,2026-08-03T23:57:27+0200,d07b3b2b-e83a-4999-877d-e2466ad53d7b,2026-07-10T11:45:00Z,2026-07-10T13:45:00+0200,30.0,EUR/MWh,BE,BE,day_ahead_price,value,2026-08-03T21:57:58Z
2026-08-03T21:57:27Z,2026-08-03T23:57:27+0200,d07b3b2b-e83a-4999-877d-e2466ad53d7b,2026-07-10T12:00:00Z,2026-07-10T14:00:00+0200,38.9,EUR/MWh,BE,BE,day_ahead_price,value,2026-08-03T21:57:58Z
2026-08-03T21:57:27Z,2026-08-03T23:57:27+0200,d07b3b2b-e83a-4999-877d-e2466ad53d7b,2026-07-10T12:15:00Z,2026-07-10T14:15:00+0200,40.0,EUR/MWh,BE,BE,day_ahead_price,value,2026-08-03T21:57:58Z
2026-08-03T21:57:27Z,2026-08-03T23:57:27+0200,d07b3b2b-e83a-4999-877d-e2466ad53d7b,2026-07-10T12:30:00Z,2026-07-10T14:30:00+0200,42.91,EUR/MWh,BE,BE,day_ahead_price,value,2026-08-03T21:57:58Z
2026-08-03T21:57:27Z,2026-08-03T23:57:27+0200,d07b3b2b-e83a-4999-877d-e2466ad53d7b,2026-07-10T12:45:00Z,2026-07-10T14:45:00+0200,41.99,EUR/MWh,BE,BE,day_ahead_price,value,2026-08-03T21:57:58Z
2026-08-03T21:57:27Z,2026-08-03T23:57:27+0200,d07b3b2b-e83a-4999-877d-e2466ad53d7b,2026-07-10T13:00:00Z,2026-07-10T15:00:00+0200,46.23,EUR/MWh,BE,BE,day_ahead_price,value,2026-08-03T21:57:58Z
2026-08-03T21:57:27Z,2026-08-03T23:57:27+0200,d07b3b2b-e83a-4999-877d-e2466ad53d7b,2026-07-10T13:15:00Z,2026-07-10T15:15:00+0200,55.83,EUR/MWh,BE,BE,day_ahead_price,value,2026-08-03T21:57:58Z
2026-08-03T21:57:27Z,2026-08-03T23:57:27+0200,d07b3b2b-e83a-4999-877d-e2466ad53d7b,2026-07-10T13:30:00Z,2026-07-10T15:30:00+0200,65.81,EUR/MWh,BE,BE,day_ahead_price,value,2026-08-03T21:57:58Z
2026-08-03T21:57:27Z,2026-08-03T23:57:27+0200,d07b3b2b-e83a-4999-877d-e2466ad53d7b,2026-07-10T13:45:00Z,2026-07-10T15:45:00+0200,80.53,EUR/MWh,BE,BE,day_ahead_price,value,2026-08-03T21:57:58Z
2026-08-03T21:57:27Z,2026-08-03T23:57:27+0200,d07b3b2b-e83a-4999-877d-e2466ad53d7b,2026-07-10T14:00:00Z,2026-07-10T16:00:00+0200,61.2,EUR/MWh,BE,BE,day_ahead_price,value,2026-08-03T21:57:58Z
2026-08-03T21:57:27Z,2026-08-03T23:57:27+0200,d07b3b2b-e83a-4999-877d-e2466ad53d7b,2026-07-10T14:15:00Z,2026-07-10T16:15:00+0200,83.11,EUR/MWh,BE,BE,day_ahead_price,value,2026-08-03T21:57:58Z
2026-08-03T21:57:27Z,2026-08-03T23:57:27+0200,d07b3b2b-e83a-4999-877d-e2466ad53d7b,2026-07-10T14:30:00Z,2026-07-10T16:30:00+0200,97.1,EUR/MWh,BE,BE,day_ahead_price,value,2026-08-03T21:57:58Z
2026-08-03T21:57:27Z,2026-08-03T23:57:27+0200,d07b3b2b-e83a-4999-877d-e2466ad53d7b,2026-07-10T14:45:00Z,2026-07-10T16:45:00+0200,113.45,EUR/MWh,BE,BE,day_ahead_price,value,2026-08-03T21:57:58Z
2026-08-03T21:57:27Z,2026-08-03T23:57:27+0200,d07b3b2b-e83a-4999-877d-e2466ad53d7b,2026-07-10T15:00:00Z,2026-07-10T17:00:00+0200,103.64,EUR/MWh,BE,BE,day_ahead_price,value,2026-08-03T21:57:58Z
2026-08-03T21:57:27Z,2026-08-03T23:57:27+0200,d07b3b2b-e83a-4999-877d-e2466ad53d7b,2026-07-10T15:15:00Z,2026-07-10T17:15:00+0200,107.08,EUR/MWh,BE,BE,day_ahead_price,value,2026-08-03T21:57:58Z
2026-08-03T21:57:27Z,2026-08-03T23:57:27+0200,d07b3b2b-e83a-4999-877d-e2466ad53d7b,2026-07-10T15:30:00Z,2026-07-10T17:30:00+0200,118.13,EUR/MWh,BE,BE,day_ahead_price,value,2026-08-03T21:57:58Z
2026-08-03T21:57:27Z,2026-08-03T23:57:27+0200,d07b3b2b-e83a-4999-877d-e2466ad53d7b,2026-07-10T15:45:00Z,2026-07-10T17:45:00+0200,129.26,EUR/MWh,BE,BE,day_ahead_price,value,2026-08-03T21:57:58Z
2026-08-03T21:57:27Z,2026-08-03T23:57:27+0200,d07b3b2b-e83a-4999-877d-e2466ad53d7b,2026-07-10T16:00:00Z,2026-07-10T18:00:00+0200,109.75,EUR/MWh,BE,BE,day_ahead_price,value,2026-08-03T21:57:58Z
2026-08-03T21:57:27Z,2026-08-03T23:57:27+0200,d07b3b2b-e83a-4999-877d-e2466ad53d7b,2026-07-10T16:15:00Z,2026-07-10T18:15:00+0200,121.5,EUR/MWh,BE,BE,day_ahead_price,value,2026-08-03T21:57:58Z
2026-08-03T21:57:27Z,2026-08-03T23:57:27+0200,d07b3b2b-e83a-4999-877d-e2466ad53d7b,2026-07-10T16:30:00Z,2026-07-10T18:30:00+0200,138.93,EUR/MWh,BE,BE,day_ahead_price,value,2026-08-03T21:57:58Z
2026-08-03T21:57:27Z,2026-08-03T23:57:27+0200,d07b3b2b-e83a-4999-877d-e2466ad53d7b,2026-07-10T16:45:00Z,2026-07-10T18:45:00+0200,145.28,EUR/MWh,BE,BE,day_ahead_price,value,2026-08-03T21:57:58Z
2026-08-03T21:57:27Z,2026-08-03T23:57:27+0200,d07b3b2b-e83a-4999-877d-e2466ad53d7b,2026-07-10T17:00:00Z,2026-07-10T19:00:00+0200,136.43,EUR/MWh,BE,BE,day_ahead_price,value,2026-08-03T21:57:58Z
2026-08-03T21:57:27Z,2026-08-03T23:57:27+0200,d07b3b2b-e83a-4999-877d-e2466ad53d7b,2026-07-10T17:15:00Z,2026-07-10T19:15:00+0200,146.58,EUR/MWh,BE,BE,day_ahead_price,value,2026-08-03T21:57:58Z
2026-08-03T21:57:27Z,2026-08-03T23:57:27+0200,d07b3b2b-e83a-4999-877d-e2466ad53d7b,2026-07-10T17:30:00Z,2026-07-10T19:30:00+0200,162.26,EUR/MWh,BE,BE,day_ahead_price,value,2026-08-03T21:57:58Z
2026-08-03T21:57:27Z,2026-08-03T23:57:27+0200,d07b3b2b-e83a-4999-877d-e2466ad53d7b,2026-07-10T17:45:00Z,2026-07-10T19:45:00+0200,175.09,EUR/MWh,BE,BE,day_ahead_price,value,2026-08-03T21:57:58Z
2026-08-03T21:57:27Z,2026-08-03T23:57:27+0200,d07b3b2b-e83a-4999-877d-e2466ad53d7b,2026-07-10T18:00:00Z,2026-07-10T20:00:00+0200,151.66,EUR/MWh,BE,BE,day_ahead_price,value,2026-08-03T21:57:58Z
2026-08-03T21:57:27Z,2026-08-03T23:57:27+0200,d07b3b2b-e83a-4999-877d-e2466ad53d7b,2026-07-10T18:15:00Z,2026-07-10T20:15:00+0200,160.77,EUR/MWh,BE,BE,day_ahead_price,value,2026-08-03T21:57:58Z
2026-08-03T21:57:27Z,2026-08-03T23:57:27+0200,d07b3b2b-e83a-4999-877d-e2466ad53d7b,2026-07-10T18:30:00Z,2026-07-10T20:30:00+0200,172.48,EUR/MWh,BE,BE,day_ahead_price,value,2026-08-03T21:57:58Z
2026-08-03T21:57:27Z,2026-08-03T23:57:27+0200,d07b3b2b-e83a-4999-877d-e2466ad53d7b,2026-07-10T18:45:00Z,2026-07-10T20:45:00+0200,175.41,EUR/MWh,BE,BE,day_ahead_price,value,2026-08-03T21:57:58Z
2026-08-03T21:57:27Z,2026-08-03T23:57:27+0200,d07b3b2b-e83a-4999-877d-e2466ad53d7b,2026-07-10T19:00:00Z,2026-07-10T21:00:00+0200,173.37,EUR/MWh,BE,BE,day_ahead_price,value,2026-08-03T21:57:58Z
2026-08-03T21:57:27Z,2026-08-03T23:57:27+0200,d07b3b2b-e83a-4999-877d-e2466ad53d7b,2026-07-10T19:15:00Z,2026-07-10T21:15:00+0200,171.31,EUR/MWh,BE,BE,day_ahead_price,value,2026-08-03T21:57:58Z
2026-08-03T21:57:27Z,2026-08-03T23:57:27+0200,d07b3b2b-e83a-4999-877d-e2466ad53d7b,2026-07-10T19:30:00Z,2026-07-10T21:30:00+0200,170.0,EUR/MWh,BE,BE,day_ahead_price,value,2026-08-03T21:57:58Z
2026-08-03T21:57:27Z,2026-08-03T23:57:27+0200,d07b3b2b-e83a-4999-877d-e2466ad53d7b,2026-07-10T19:45:00Z,2026-07-10T21:45:00+0200,168.56,EUR/MWh,BE,BE,day_ahead_price,value,2026-08-03T21:57:58Z
2026-08-03T21:57:27Z,2026-08-03T23:57:27+0200,d07b3b2b-e83a-4999-877d-e2466ad53d7b,2026-07-10T20:00:00Z,2026-07-10T22:00:00+0200,172.7,EUR/MWh,BE,BE,day_ahead_price,value,2026-08-03T21:57:58Z
2026-08-03T21:57:27Z,2026-08-03T23:57:27+0200,d07b3b2b-e83a-4999-877d-e2466ad53d7b,2026-07-10T20:15:00Z,2026-07-10T22:15:00+0200,169.16,EUR/MWh,BE,BE,day_ahead_price,value,2026-08-03T21:57:58Z
2026-08-03T21:57:27Z,2026-08-03T23:57:27+0200,d07b3b2b-e83a-4999-877d-e2466ad53d7b,2026-07-10T20:30:00Z,2026-07-10T22:30:00+0200,168.55,EUR/MWh,BE,BE,day_ahead_price,value,2026-08-03T21:57:58Z
2026-08-03T21:57:27Z,2026-08-03T23:57:27+0200,d07b3b2b-e83a-4999-877d-e2466ad53d7b,2026-07-10T20:45:00Z,2026-07-10T22:45:00+0200,161.59,EUR/MWh,BE,BE,day_ahead_price,value,2026-08-03T21:57:58Z
2026-08-03T21:57:27Z,2026-08-03T23:57:27+0200,d07b3b2b-e83a-4999-877d-e2466ad53d7b,2026-07-10T21:00:00Z,2026-07-10T23:00:00+0200,162.26,EUR/MWh,BE,BE,day_ahead_price,value,2026-08-03T21:57:58Z
2026-08-03T21:57:27Z,2026-08-03T23:57:27+0200,d07b3b2b-e83a-4999-877d-e2466ad53d7b,2026-07-10T21:15:00Z,2026-07-10T23:15:00+0200,156.32,EUR/MWh,BE,BE,day_ahead_price,value,2026-08-03T21:57:58Z
2026-08-03T21:57:27Z,2026-08-03T23:57:27+0200,d07b3b2b-e83a-4999-877d-e2466ad53d7b,2026-07-10T21:30:00Z,2026-07-10T23:30:00+0200,153.37,EUR/MWh,BE,BE,day_ahead_price,value,2026-08-03T21:57:58Z
2026-08-03T21:57:27Z,2026-08-03T23:57:27+0200,d07b3b2b-e83a-4999-877d-e2466ad53d7b,2026-07-10T21:45:00Z,2026-07-10T23:45:00+0200,145.9,EUR/MWh,BE,BE,day_ahead_price,value,2026-08-03T21:57:58Z
2026-08-03T21:57:27Z,2026-08-03T23:57:27+0200,d07b3b2b-e83a-4999-877d-e2466ad53d7b,2026-07-10T22:00:00Z,2026-07-11T00:00:00+0200,160.31,EUR/MWh,BE,BE,day_ahead_price,value,2026-08-03T21:57:58Z
2026-08-03T21:57:27Z,2026-08-03T23:57:27+0200,d07b3b2b-e83a-4999-877d-e2466ad53d7b,2026-07-10T22:15:00Z,2026-07-11T00:15:00+0200,154.17,EUR/MWh,BE,BE,day_ahead_price,value,2026-08-03T21:57:58Z
2026-08-03T21:57:27Z,2026-08-03T23:57:27+0200,d07b3b2b-e83a-4999-877d-e2466ad53d7b,2026-07-10T22:30:00Z,2026-07-11T00:30:00+0200,146.69,EUR/MWh,BE,BE,day_ahead_price,value,2026-08-03T21:57:58Z
2026-08-03T21:57:27Z,2026-08-03T23:57:27+0200,d07b3b2b-e83a-4999-877d-e2466ad53d7b,2026-07-10T22:45:00Z,2026-07-11T00:45:00+0200,141.95,EUR/MWh,BE,BE,day_ahead_price,value,2026-08-03T21:57:58Z
2026-08-03T21:57:27Z,2026-08-03T23:57:27+0200,d07b3b2b-e83a-4999-877d-e2466ad53d7b,2026-07-10T23:00:00Z,2026-07-11T01:00:00+0200,145.8,EUR/MWh,BE,BE,day_ahead_price,value,2026-08-03T21:57:58Z
2026-08-03T21:57:27Z,2026-08-03T23:57:27+0200,d07b3b2b-e83a-4999-877d-e2466ad53d7b,2026-07-10T23:15:00Z,2026-07-11T01:15:00+0200,145.0,EUR/MWh,BE,BE,day_ahead_price,value,2026-08-03T21:57:58Z
2026-08-03T21:57:27Z,2026-08-03T23:57:27+0200,d07b3b2b-e83a-4999-877d-e2466ad53d7b,2026-07-10T23:30:00Z,2026-07-11T01:30:00+0200,144.98,EUR/MWh,BE,BE,day_ahead_price,value,2026-08-03T21:57:58Z
2026-08-03T21:57:27Z,2026-08-03T23:57:27+0200,d07b3b2b-e83a-4999-877d-e2466ad53d7b,2026-07-10T23:45:00Z,2026-07-11T01:45:00+0200,140.41,EUR/MWh,BE,BE,day_ahead_price,value,2026-08-03T21:57:58Z
2026-08-03T21:57:27Z,2026-08-03T23:57:27+0200,d07b3b2b-e83a-4999-877d-e2466ad53d7b,2026-07-11T00:00:00Z,2026-07-11T02:00:00+0200,143.46,EUR/MWh,BE,BE,day_ahead_price,value,2026-08-03T21:57:58Z
2026-08-03T21:57:27Z,2026-08-03T23:57:27+0200,d07b3b2b-e83a-4999-877d-e2466ad53d7b,2026-07-11T00:15:00Z,2026-07-11T02:15:00+0200,140.71,EUR/MWh,BE,BE,day_ahead_price,value,2026-08-03T21:57:58Z
2026-08-03T21:57:27Z,2026-08-03T23:57:27+0200,d07b3b2b-e83a-4999-877d-e2466ad53d7b,2026-07-11T00:30:00Z,2026-07-11T02:30:00+0200,137.23,EUR/MWh,BE,BE,day_ahead_price,value,2026-08-03T21:57:58Z
2026-08-03T21:57:27Z,2026-08-03T23:57:27+0200,d07b3b2b-e83a-4999-877d-e2466ad53d7b,2026-07-11T00:45:00Z,2026-07-11T02:45:00+0200,133.39,EUR/MWh,BE,BE,day_ahead_price,value,2026-08-03T21:57:58Z
2026-08-03T21:57:27Z,2026-08-03T23:57:27+0200,d07b3b2b-e83a-4999-877d-e2466ad53d7b,2026-07-11T01:00:00Z,2026-07-11T03:00:00+0200,139.48,EUR/MWh,BE,BE,day_ahead_price,value,2026-08-03T21:57:58Z
2026-08-03T21:57:27Z,2026-08-03T23:57:27+0200,d07b3b2b-e83a-4999-877d-e2466ad53d7b,2026-07-11T01:15:00Z,2026-07-11T03:15:00+0200,131.88,EUR/MWh,BE,BE,day_ahead_price,value,2026-08-03T21:57:58Z
2026-08-03T21:57:27Z,2026-08-03T23:57:27+0200,d07b3b2b-e83a-4999-877d-e2466ad53d7b,2026-07-11T01:30:00Z,2026-07-11T03:30:00+0200,131.5,EUR/MWh,BE,BE,day_ahead_price,value,2026-08-03T21:57:58Z
2026-08-03T21:57:27Z,2026-08-03T23:57:27+0200,d07b3b2b-e83a-4999-877d-e2466ad53d7b,2026-07-11T01:45:00Z,2026-07-11T03:45:00+0200,135.94,EUR/MWh,BE,BE,day_ahead_price,value,2026-08-03T21:57:58Z
2026-08-03T21:57:27Z,2026-08-03T23:57:27+0200,d07b3b2b-e83a-4999-877d-e2466ad53d7b,2026-07-11T02:00:00Z,2026-07-11T04:00:00+0200,132.47,EUR/MWh,BE,BE,day_ahead_price,value,2026-08-03T21:57:58Z
2026-08-03T21:57:27Z,2026-08-03T23:57:27+0200,d07b3b2b-e83a-4999-877d-e2466ad53d7b,2026-07-11T02:15:00Z,2026-07-11T04:15:00+0200,134.67,EUR/MWh,BE,BE,day_ahead_price,value,2026-08-03T21:57:58Z
2026-08-03T21:57:27Z,2026-08-03T23:57:27+0200,d07b3b2b-e83a-4999-877d-e2466ad53d7b,2026-07-11T02:30:00Z,2026-07-11T04:30:00+0200,133.85,EUR/MWh,BE,BE,day_ahead_price,value,2026-08-03T21:57:58Z
2026-08-03T21:57:27Z,2026-08-03T23:57:27+0200,d07b3b2b-e83a-4999-877d-e2466ad53d7b,2026-07-11T02:45:00Z,2026-07-11T04:45:00+0200,135.71,EUR/MWh,BE,BE,day_ahead_price,value,2026-08-03T21:57:58Z
2026-08-03T21:57:27Z,2026-08-03T23:57:27+0200,d07b3b2b-e83a-4999-877d-e2466ad53d7b,2026-07-11T03:00:00Z,2026-07-11T05:00:00+0200,131.75,EUR/MWh,BE,BE,day_ahead_price,value,2026-08-03T21:57:58Z
2026-08-03T21:57:27Z,2026-08-03T23:57:27+0200,d07b3b2b-e83a-4999-877d-e2466ad53d7b,2026-07-11T03:15:00Z,2026-07-11T05:15:00+0200,131.8,EUR/MWh,BE,BE,day_ahead_price,value,2026-08-03T21:57:58Z
2026-08-03T21:57:27Z,2026-08-03T23:57:27+0200,d07b3b2b-e83a-4999-877d-e2466ad53d7b,2026-07-11T03:30:00Z,2026-07-11T05:30:00+0200,127.62,EUR/MWh,BE,BE,day_ahead_price,value,2026-08-03T21:57:58Z
2026-08-03T21:57:27Z,2026-08-03T23:57:27+0200,d07b3b2b-e83a-4999-877d-e2466ad53d7b,2026-07-11T03:45:00Z,2026-07-11T05:45:00+0200,125.93,EUR/MWh,BE,BE,day_ahead_price,value,2026-08-03T21:57:58Z
2026-08-03T21:57:27Z,2026-08-03T23:57:27+0200,d07b3b2b-e83a-4999-877d-e2466ad53d7b,2026-07-11T04:00:00Z,2026-07-11T06:00:00+0200,131.12,EUR/MWh,BE,BE,day_ahead_price,value,2026-08-03T21:57:58Z
2026-08-03T21:57:27Z,2026-08-03T23:57:27+0200,d07b3b2b-e83a-4999-877d-e2466ad53d7b,2026-07-11T04:15:00Z,2026-07-11T06:15:00+0200,133.51,EUR/MWh,BE,BE,day_ahead_price,value,2026-08-03T21:57:58Z
2026-08-03T21:57:27Z,2026-08-03T23:57:27+0200,d07b3b2b-e83a-4999-877d-e2466ad53d7b,2026-07-11T04:30:00Z,2026-07-11T06:30:00+0200,131.6,EUR/MWh,BE,BE,day_ahead_price,value,2026-08-03T21:57:58Z
2026-08-03T21:57:27Z,2026-08-03T23:57:27+0200,d07b3b2b-e83a-4999-877d-e2466ad53d7b,2026-07-11T04:45:00Z,2026-07-11T06:45:00+0200,123.42,EUR/MWh,BE,BE,day_ahead_price,value,2026-08-03T21:57:58Z
2026-08-03T21:57:27Z,2026-08-03T23:57:27+0200,d07b3b2b-e83a-4999-877d-e2466ad53d7b,2026-07-11T05:00:00Z,2026-07-11T07:00:00+0200,131.75,EUR/MWh,BE,BE,day_ahead_price,value,2026-08-03T21:57:58Z
2026-08-03T21:57:27Z,2026-08-03T23:57:27+0200,d07b3b2b-e83a-4999-877d-e2466ad53d7b,2026-07-11T05:15:00Z,2026-07-11T07:15:00+0200,127.0,EUR/MWh,BE,BE,day_ahead_price,value,2026-08-03T21:57:58Z
2026-08-03T21:57:27Z,2026-08-03T23:57:27+0200,d07b3b2b-e83a-4999-877d-e2466ad53d7b,2026-07-11T05:30:00Z,2026-07-11T07:30:00+0200,122.75,EUR/MWh,BE,BE,day_ahead_price,value,2026-08-03T21:57:58Z
2026-08-03T21:57:27Z,2026-08-03T23:57:27+0200,d07b3b2b-e83a-4999-877d-e2466ad53d7b,2026-07-11T05:45:00Z,2026-07-11T07:45:00+0200,118.73,EUR/MWh,BE,BE,day_ahead_price,value,2026-08-03T21:57:58Z
2026-08-03T21:57:27Z,2026-08-03T23:57:27+0200,d07b3b2b-e83a-4999-877d-e2466ad53d7b,2026-07-11T06:00:00Z,2026-07-11T08:00:00+0200,142.16,EUR/MWh,BE,BE,day_ahead_price,value,2026-08-03T21:57:58Z
2026-08-03T21:57:27Z,2026-08-03T23:57:27+0200,d07b3b2b-e83a-4999-877d-e2466ad53d7b,2026-07-11T06:15:00Z,2026-07-11T08:15:00+0200,123.95,EUR/MWh,BE,BE,day_ahead_price,value,2026-08-03T21:57:58Z
2026-08-03T21:57:27Z,2026-08-03T23:57:27+0200,d07b3b2b-e83a-4999-877d-e2466ad53d7b,2026-07-11T06:30:00Z,2026-07-11T08:30:00+0200,105.51,EUR/MWh,BE,BE,day_ahead_price,value,2026-08-03T21:57:58Z
2026-08-03T21:57:27Z,2026-08-03T23:57:27+0200,d07b3b2b-e83a-4999-877d-e2466ad53d7b,2026-07-11T06:45:00Z,2026-07-11T08:45:00+0200,93.21,EUR/MWh,BE,BE,day_ahead_price,value,2026-08-03T21:57:58Z
2026-08-03T21:57:27Z,2026-08-03T23:57:27+0200,d07b3b2b-e83a-4999-877d-e2466ad53d7b,2026-07-11T07:00:00Z,2026-07-11T09:00:00+0200,107.07,EUR/MWh,BE,BE,day_ahead_price,value,2026-08-03T21:57:58Z
2026-08-03T21:57:27Z,2026-08-03T23:57:27+0200,d07b3b2b-e83a-4999-877d-e2466ad53d7b,2026-07-11T07:15:00Z,2026-07-11T09:15:00+0200,101.44,EUR/MWh,BE,BE,day_ahead_price,value,2026-08-03T21:57:58Z
2026-08-03T21:57:27Z,2026-08-03T23:57:27+0200,d07b3b2b-e83a-4999-877d-e2466ad53d7b,2026-07-11T07:30:00Z,2026-07-11T09:30:00+0200,67.12,EUR/MWh,BE,BE,day_ahead_price,value,2026-08-03T21:57:58Z
2026-08-03T21:57:27Z,2026-08-03T23:57:27+0200,d07b3b2b-e83a-4999-877d-e2466ad53d7b,2026-07-11T07:45:00Z,2026-07-11T09:45:00+0200,29.36,EUR/MWh,BE,BE,day_ahead_price,value,2026-08-03T21:57:58Z
2026-08-03T21:57:27Z,2026-08-03T23:57:27+0200,d07b3b2b-e83a-4999-877d-e2466ad53d7b,2026-07-11T08:00:00Z,2026-07-11T10:00:00+0200,40.0,EUR/MWh,BE,BE,day_ahead_price,value,2026-08-03T21:57:58Z
2026-08-03T21:57:27Z,2026-08-03T23:57:27+0200,d07b3b2b-e83a-4999-877d-e2466ad53d7b,2026-07-11T08:15:00Z,2026-07-11T10:15:00+0200,18.09,EUR/MWh,BE,BE,day_ahead_price,value,2026-08-03T21:57:58Z
2026-08-03T21:57:27Z,2026-08-03T23:57:27+0200,d07b3b2b-e83a-4999-877d-e2466ad53d7b,2026-07-11T08:30:00Z,2026-07-11T10:30:00+0200,5.18,EUR/MWh,BE,BE,day_ahead_price,value,2026-08-03T21:57:58Z
2026-08-03T21:57:27Z,2026-08-03T23:57:27+0200,d07b3b2b-e83a-4999-877d-e2466ad53d7b,2026-07-11T08:45:00Z,2026-07-11T10:45:00+0200,1.08,EUR/MWh,BE,BE,day_ahead_price,value,2026-08-03T21:57:58Z
2026-08-03T21:57:27Z,2026-08-03T23:57:27+0200,d07b3b2b-e83a-4999-877d-e2466ad53d7b,2026-07-11T09:00:00Z,2026-07-11T11:00:00+0200,1.0,EUR/MWh,BE,BE,day_ahead_price,value,2026-08-03T21:57:58Z
2026-08-03T21:57:27Z,2026-08-03T23:57:27+0200,d07b3b2b-e83a-4999-877d-e2466ad53d7b,2026-07-11T09:15:00Z,2026-07-11T11:15:00+0200,0.29,EUR/MWh,BE,BE,day_ahead_price,value,2026-08-03T21:57:58Z
2026-08-03T21:57:27Z,2026-08-03T23:57:27+0200,d07b3b2b-e83a-4999-877d-e2466ad53d7b,2026-07-11T09:30:00Z,2026-07-11T11:30:00+0200,0.02,EUR/MWh,BE,BE,day_ahead_price,value,2026-08-03T21:57:58Z
2026-08-03T21:57:27Z,2026-08-03T23:57:27+0200,d07b3b2b-e83a-4999-877d-e2466ad53d7b,2026-07-11T09:45:00Z,2026-07-11T11:45:00+0200,0.0,EUR/MWh,BE,BE,day_ahead_price,value,2026-08-03T21:57:58Z
2026-08-03T21:57:27Z,2026-08-03T23:57:27+0200,d07b3b2b-e83a-4999-877d-e2466ad53d7b,2026-07-11T10:00:00Z,2026-07-11T12:00:00+0200,0.0,EUR/MWh,BE,BE,day_ahead_price,value,2026-08-03T21:57:58Z
2026-08-03T21:57:27Z,2026-08-03T23:57:27+0200,d07b3b2b-e83a-4999-877d-e2466ad53d7b,2026-07-11T10:15:00Z,2026-07-11T12:15:00+0200,0.0,EUR/MWh,BE,BE,day_ahead_price,value,2026-08-03T21:57:58Z
2026-08-03T21:57:27Z,2026-08-03T23:57:27+0200,d07b3b2b-e83a-4999-877d-e2466ad53d7b,2026-07-11T10:30:00Z,2026-07-11T12:30:00+0200,0.0,EUR/MWh,BE,BE,day_ahead_price,value,2026-08-03T21:57:58Z
2026-08-03T21:57:27Z,2026-08-03T23:57:27+0200,d07b3b2b-e83a-4999-877d-e2466ad53d7b,2026-07-11T10:45:00Z,2026-07-11T12:45:00+0200,0.0,EUR/MWh,BE,BE,day_ahead_price,value,2026-08-03T21:57:58Z
2026-08-03T21:57:27Z,2026-08-03T23:57:27+0200,d07b3b2b-e83a-4999-877d-e2466ad53d7b,2026-07-11T11:00:00Z,2026-07-11T13:00:00+0200,0.01,EUR/MWh,BE,BE,day_ahead_price,value,2026-08-03T21:57:58Z
2026-08-03T21:57:27Z,2026-08-03T23:57:27+0200,d07b3b2b-e83a-4999-877d-e2466ad53d7b,2026-07-11T11:15:00Z,2026-07-11T13:15:00+0200,0.23,EUR/MWh,BE,BE,day_ahead_price,value,2026-08-03T21:57:58Z
2026-08-03T21:57:27Z,2026-08-03T23:57:27+0200,d07b3b2b-e83a-4999-877d-e2466ad53d7b,2026-07-11T11:30:00Z,2026-07-11T13:30:00+0200,0.25,EUR/MWh,BE,BE,day_ahead_price,value,2026-08-03T21:57:58Z
2026-08-03T21:57:27Z,2026-08-03T23:57:27+0200,d07b3b2b-e83a-4999-877d-e2466ad53d7b,2026-07-11T11:45:00Z,2026-07-11T13:45:00+0200,0.28,EUR/MWh,BE,BE,day_ahead_price,value,2026-08-03T21:57:58Z
2026-08-03T21:57:27Z,2026-08-03T23:57:27+0200,d07b3b2b-e83a-4999-877d-e2466ad53d7b,2026-07-11T12:00:00Z,2026-07-11T14:00:00+0200,0.25,EUR/MWh,BE,BE,day_ahead_price,value,2026-08-03T21:57:58Z
2026-08-03T21:57:27Z,2026-08-03T23:57:27+0200,d07b3b2b-e83a-4999-877d-e2466ad53d7b,2026-07-11T12:15:00Z,2026-07-11T14:15:00+0200,0.25,EUR/MWh,BE,BE,day_ahead_price,value,2026-08-03T21:57:58Z
2026-08-03T21:57:27Z,2026-08-03T23:57:27+0200,d07b3b2b-e83a-4999-877d-e2466ad53d7b,2026-07-11T12:30:00Z,2026-07-11T14:30:00+0200,0.25,EUR/MWh,BE,BE,day_ahead_price,value,2026-08-03T21:57:58Z
2026-08-03T21:57:27Z,2026-08-03T23:57:27+0200,d07b3b2b-e83a-4999-877d-e2466ad53d7b,2026-07-11T12:45:00Z,2026-07-11T14:45:00+0200,0.22,EUR/MWh,BE,BE,day_ahead_price,value,2026-08-03T21:57:58Z
2026-08-03T21:57:27Z,2026-08-03T23:57:27+0200,d07b3b2b-e83a-4999-877d-e2466ad53d7b,2026-07-11T13:00:00Z,2026-07-11T15:00:00+0200,0.17,EUR/MWh,BE,BE,day_ahead_price,value,2026-08-03T21:57:58Z
2026-08-03T21:57:27Z,2026-08-03T23:57:27+0200,d07b3b2b-e83a-4999-877d-e2466ad53d7b,2026-07-11T13:15:00Z,2026-07-11T15:15:00+0200,0.0,EUR/MWh,BE,BE,day_ahead_price,value,2026-08-03T21:57:58Z
2026-08-03T21:57:27Z,2026-08-03T23:57:27+0200,d07b3b2b-e83a-4999-877d-e2466ad53d7b,2026-07-11T13:30:00Z,2026-07-11T15:30:00+0200,-0.06,EUR/MWh,BE,BE,day_ahead_price,value,2026-08-03T21:57:58Z
2026-08-03T21:57:27Z,2026-08-03T23:57:27+0200,d07b3b2b-e83a-4999-877d-e2466ad53d7b,2026-07-11T13:45:00Z,2026-07-11T15:45:00+0200,-0.23,EUR/MWh,BE,BE,day_ahead_price,value,2026-08-03T21:57:58Z
2026-08-03T21:57:27Z,2026-08-03T23:57:27+0200,d07b3b2b-e83a-4999-877d-e2466ad53d7b,2026-07-11T14:00:00Z,2026-07-11T16:00:00+0200,0.01,EUR/MWh,BE,BE,day_ahead_price,value,2026-08-03T21:57:58Z
2026-08-03T21:57:27Z,2026-08-03T23:57:27+0200,d07b3b2b-e83a-4999-877d-e2466ad53d7b,2026-07-11T14:15:00Z,2026-07-11T16:15:00+0200,0.49,EUR/MWh,BE,BE,day_ahead_price,value,2026-08-03T21:57:58Z
2026-08-03T21:57:27Z,2026-08-03T23:57:27+0200,d07b3b2b-e83a-4999-877d-e2466ad53d7b,2026-07-11T14:30:00Z,2026-07-11T16:30:00+0200,0.74,EUR/MWh,BE,BE,day_ahead_price,value,2026-08-03T21:57:58Z
2026-08-03T21:57:27Z,2026-08-03T23:57:27+0200,d07b3b2b-e83a-4999-877d-e2466ad53d7b,2026-07-11T14:45:00Z,2026-07-11T16:45:00+0200,25.57,EUR/MWh,BE,BE,day_ahead_price,value,2026-08-03T21:57:58Z
2026-08-03T21:57:27Z,2026-08-03T23:57:27+0200,d07b3b2b-e83a-4999-877d-e2466ad53d7b,2026-07-11T15:00:00Z,2026-07-11T17:00:00+0200,14.58,EUR/MWh,BE,BE,day_ahead_price,value,2026-08-03T21:57:58Z
2026-08-03T21:57:27Z,2026-08-03T23:57:27+0200,d07b3b2b-e83a-4999-877d-e2466ad53d7b,2026-07-11T15:15:00Z,2026-07-11T17:15:00+0200,67.24,EUR/MWh,BE,BE,day_ahead_price,value,2026-08-03T21:57:58Z
2026-08-03T21:57:27Z,2026-08-03T23:57:27+0200,d07b3b2b-e83a-4999-877d-e2466ad53d7b,2026-07-11T15:30:00Z,2026-07-11T17:30:00+0200,94.92,EUR/MWh,BE,BE,day_ahead_price,value,2026-08-03T21:57:58Z
2026-08-03T21:57:27Z,2026-08-03T23:57:27+0200,d07b3b2b-e83a-4999-877d-e2466ad53d7b,2026-07-11T15:45:00Z,2026-07-11T17:45:00+0200,123.78,EUR/MWh,BE,BE,day_ahead_price,value,2026-08-03T21:57:58Z
2026-08-03T21:57:27Z,2026-08-03T23:57:27+0200,d07b3b2b-e83a-4999-877d-e2466ad53d7b,2026-07-11T16:00:00Z,2026-07-11T18:00:00+0200,98.08,EUR/MWh,BE,BE,day_ahead_price,value,2026-08-03T21:57:58Z
2026-08-03T21:57:27Z,2026-08-03T23:57:27+0200,d07b3b2b-e83a-4999-877d-e2466ad53d7b,2026-07-11T16:15:00Z,2026-07-11T18:15:00+0200,113.7,EUR/MWh,BE,BE,day_ahead_price,value,2026-08-03T21:57:58Z
2026-08-03T21:57:27Z,2026-08-03T23:57:27+0200,d07b3b2b-e83a-4999-877d-e2466ad53d7b,2026-07-11T16:30:00Z,2026-07-11T18:30:00+0200,131.2,EUR/MWh,BE,BE,day_ahead_price,value,2026-08-03T21:57:58Z
2026-08-03T21:57:27Z,2026-08-03T23:57:27+0200,d07b3b2b-e83a-4999-877d-e2466ad53d7b,2026-07-11T16:45:00Z,2026-07-11T18:45:00+0200,140.37,EUR/MWh,BE,BE,day_ahead_price,value,2026-08-03T21:57:58Z
2026-08-03T21:57:27Z,2026-08-03T23:57:27+0200,d07b3b2b-e83a-4999-877d-e2466ad53d7b,2026-07-11T17:00:00Z,2026-07-11T19:00:00+0200,130.18,EUR/MWh,BE,BE,day_ahead_price,value,2026-08-03T21:57:58Z
2026-08-03T21:57:27Z,2026-08-03T23:57:27+0200,d07b3b2b-e83a-4999-877d-e2466ad53d7b,2026-07-11T17:15:00Z,2026-07-11T19:15:00+0200,141.02,EUR/MWh,BE,BE,day_ahead_price,value,2026-08-03T21:57:58Z
2026-08-03T21:57:27Z,2026-08-03T23:57:27+0200,d07b3b2b-e83a-4999-877d-e2466ad53d7b,2026-07-11T17:30:00Z,2026-07-11T19:30:00+0200,144.12,EUR/MWh,BE,BE,day_ahead_price,value,2026-08-03T21:57:58Z
2026-08-03T21:57:27Z,2026-08-03T23:57:27+0200,d07b3b2b-e83a-4999-877d-e2466ad53d7b,2026-07-11T17:45:00Z,2026-07-11T19:45:00+0200,148.09,EUR/MWh,BE,BE,day_ahead_price,value,2026-08-03T21:57:58Z
2026-08-03T21:57:27Z,2026-08-03T23:57:27+0200,d07b3b2b-e83a-4999-877d-e2466ad53d7b,2026-07-11T18:00:00Z,2026-07-11T20:00:00+0200,148.2,EUR/MWh,BE,BE,day_ahead_price,value,2026-08-03T21:57:58Z
2026-08-03T21:57:27Z,2026-08-03T23:57:27+0200,d07b3b2b-e83a-4999-877d-e2466ad53d7b,2026-07-11T18:15:00Z,2026-07-11T20:15:00+0200,151.27,EUR/MWh,BE,BE,day_ahead_price,value,2026-08-03T21:57:58Z
2026-08-03T21:57:27Z,2026-08-03T23:57:27+0200,d07b3b2b-e83a-4999-877d-e2466ad53d7b,2026-07-11T18:30:00Z,2026-07-11T20:30:00+0200,152.44,EUR/MWh,BE,BE,day_ahead_price,value,2026-08-03T21:57:58Z
2026-08-03T21:57:27Z,2026-08-03T23:57:27+0200,d07b3b2b-e83a-4999-877d-e2466ad53d7b,2026-07-11T18:45:00Z,2026-07-11T20:45:00+0200,154.26,EUR/MWh,BE,BE,day_ahead_price,value,2026-08-03T21:57:58Z
2026-08-03T21:57:27Z,2026-08-03T23:57:27+0200,d07b3b2b-e83a-4999-877d-e2466ad53d7b,2026-07-11T19:00:00Z,2026-07-11T21:00:00+0200,154.76,EUR/MWh,BE,BE,day_ahead_price,value,2026-08-03T21:57:58Z
2026-08-03T21:57:27Z,2026-08-03T23:57:27+0200,d07b3b2b-e83a-4999-877d-e2466ad53d7b,2026-07-11T19:15:00Z,2026-07-11T21:15:00+0200,154.63,EUR/MWh,BE,BE,day_ahead_price,value,2026-08-03T21:57:58Z
2026-08-03T21:57:27Z,2026-08-03T23:57:27+0200,d07b3b2b-e83a-4999-877d-e2466ad53d7b,2026-07-11T19:30:00Z,2026-07-11T21:30:00+0200,157.95,EUR/MWh,BE,BE,day_ahead_price,value,2026-08-03T21:57:58Z
2026-08-03T21:57:27Z,2026-08-03T23:57:27+0200,d07b3b2b-e83a-4999-877d-e2466ad53d7b,2026-07-11T19:45:00Z,2026-07-11T21:45:00+0200,156.54,EUR/MWh,BE,BE,day_ahead_price,value,2026-08-03T21:57:58Z
2026-08-03T21:57:27Z,2026-08-03T23:57:27+0200,d07b3b2b-e83a-4999-877d-e2466ad53d7b,2026-07-11T20:00:00Z,2026-07-11T22:00:00+0200,160.01,EUR/MWh,BE,BE,day_ahead_price,value,2026-08-03T21:57:58Z
2026-08-03T21:57:27Z,2026-08-03T23:57:27+0200,d07b3b2b-e83a-4999-877d-e2466ad53d7b,2026-07-11T20:15:00Z,2026-07-11T22:15:00+0200,155.31,EUR/MWh,BE,BE,day_ahead_price,value,2026-08-03T21:57:58Z
2026-08-03T21:57:27Z,2026-08-03T23:57:27+0200,d07b3b2b-e83a-4999-877d-e2466ad53d7b,2026-07-11T20:30:00Z,2026-07-11T22:30:00+0200,155.28,EUR/MWh,BE,BE,day_ahead_price,value,2026-08-03T21:57:58Z
2026-08-03T21:57:27Z,2026-08-03T23:57:27+0200,d07b3b2b-e83a-4999-877d-e2466ad53d7b,2026-07-11T20:45:00Z,2026-07-11T22:45:00+0200,148.95,EUR/MWh,BE,BE,day_ahead_price,value,2026-08-03T21:57:58Z
2026-08-03T21:57:27Z,2026-08-03T23:57:27+0200,d07b3b2b-e83a-4999-877d-e2466ad53d7b,2026-07-11T21:00:00Z,2026-07-11T23:00:00+0200,151.36,EUR/MWh,BE,BE,day_ahead_price,value,2026-08-03T21:57:58Z
2026-08-03T21:57:27Z,2026-08-03T23:57:27+0200,d07b3b2b-e83a-4999-877d-e2466ad53d7b,2026-07-11T21:15:00Z,2026-07-11T23:15:00+0200,145.21,EUR/MWh,BE,BE,day_ahead_price,value,2026-08-03T21:57:58Z
2026-08-03T21:57:27Z,2026-08-03T23:57:27+0200,d07b3b2b-e83a-4999-877d-e2466ad53d7b,2026-07-11T21:30:00Z,2026-07-11T23:30:00+0200,145.0,EUR/MWh,BE,BE,day_ahead_price,value,2026-08-03T21:57:58Z
2026-08-03T21:57:27Z,2026-08-03T23:57:27+0200,d07b3b2b-e83a-4999-877d-e2466ad53d7b,2026-07-11T21:45:00Z,2026-07-11T23:45:00+0200,140.78,EUR/MWh,BE,BE,day_ahead_price,value,2026-08-03T21:57:58Z
2026-08-03T21:57:27Z,2026-08-03T23:57:27+0200,d07b3b2b-e83a-4999-877d-e2466ad53d7b,2026-07-11T22:00:00Z,2026-07-12T00:00:00+0200,140.51,EUR/MWh,BE,BE,day_ahead_price,value,2026-08-03T21:57:58Z
2026-08-03T21:57:27Z,2026-08-03T23:57:27+0200,d07b3b2b-e83a-4999-877d-e2466ad53d7b,2026-07-11T22:15:00Z,2026-07-12T00:15:00+0200,140.0,EUR/MWh,BE,BE,day_ahead_price,value,2026-08-03T21:57:58Z
2026-08-03T21:57:27Z,2026-08-03T23:57:27+0200,d07b3b2b-e83a-4999-877d-e2466ad53d7b,2026-07-11T22:30:00Z,2026-07-12T00:30:00+0200,138.76,EUR/MWh,BE,BE,day_ahead_price,value,2026-08-03T21:57:58Z
2026-08-03T21:57:27Z,2026-08-03T23:57:27+0200,d07b3b2b-e83a-4999-877d-e2466ad53d7b,2026-07-11T22:45:00Z,2026-07-12T00:45:00+0200,130.5,EUR/MWh,BE,BE,day_ahead_price,value,2026-08-03T21:57:58Z
2026-08-03T21:57:27Z,2026-08-03T23:57:27+0200,d07b3b2b-e83a-4999-877d-e2466ad53d7b,2026-07-11T23:00:00Z,2026-07-12T01:00:00+0200,135.2,EUR/MWh,BE,BE,day_ahead_price,value,2026-08-03T21:57:58Z
2026-08-03T21:57:27Z,2026-08-03T23:57:27+0200,d07b3b2b-e83a-4999-877d-e2466ad53d7b,2026-07-11T23:15:00Z,2026-07-12T01:15:00+0200,135.0,EUR/MWh,BE,BE,day_ahead_price,value,2026-08-03T21:57:58Z
2026-08-03T21:57:27Z,2026-08-03T23:57:27+0200,d07b3b2b-e83a-4999-877d-e2466ad53d7b,2026-07-11T23:30:00Z,2026-07-12T01:30:00+0200,131.34,EUR/MWh,BE,BE,day_ahead_price,value,2026-08-03T21:57:58Z
2026-08-03T21:57:27Z,2026-08-03T23:57:27+0200,d07b3b2b-e83a-4999-877d-e2466ad53d7b,2026-07-11T23:45:00Z,2026-07-12T01:45:00+0200,126.0,EUR/MWh,BE,BE,day_ahead_price,value,2026-08-03T21:57:58Z
2026-08-03T21:57:27Z,2026-08-03T23:57:27+0200,d07b3b2b-e83a-4999-877d-e2466ad53d7b,2026-07-12T00:00:00Z,2026-07-12T02:00:00+0200,127.94,EUR/MWh,BE,BE,day_ahead_price,value,2026-08-03T21:57:58Z
2026-08-03T21:57:27Z,2026-08-03T23:57:27+0200,d07b3b2b-e83a-4999-877d-e2466ad53d7b,2026-07-12T00:15:00Z,2026-07-12T02:15:00+0200,126.04,EUR/MWh,BE,BE,day_ahead_price,value,2026-08-03T21:57:58Z
2026-08-03T21:57:27Z,2026-08-03T23:57:27+0200,d07b3b2b-e83a-4999-877d-e2466ad53d7b,2026-07-12T00:30:00Z,2026-07-12T02:30:00+0200,124.8,EUR/MWh,BE,BE,day_ahead_price,value,2026-08-03T21:57:58Z
2026-08-03T21:57:27Z,2026-08-03T23:57:27+0200,d07b3b2b-e83a-4999-877d-e2466ad53d7b,2026-07-12T00:45:00Z,2026-07-12T02:45:00+0200,123.5,EUR/MWh,BE,BE,day_ahead_price,value,2026-08-03T21:57:58Z
2026-08-03T21:57:27Z,2026-08-03T23:57:27+0200,d07b3b2b-e83a-4999-877d-e2466ad53d7b,2026-07-12T01:00:00Z,2026-07-12T03:00:00+0200,127.93,EUR/MWh,BE,BE,day_ahead_price,value,2026-08-03T21:57:58Z
2026-08-03T21:57:27Z,2026-08-03T23:57:27+0200,d07b3b2b-e83a-4999-877d-e2466ad53d7b,2026-07-12T01:15:00Z,2026-07-12T03:15:00+0200,127.92,EUR/MWh,BE,BE,day_ahead_price,value,2026-08-03T21:57:58Z
2026-08-03T21:57:27Z,2026-08-03T23:57:27+0200,d07b3b2b-e83a-4999-877d-e2466ad53d7b,2026-07-12T01:30:00Z,2026-07-12T03:30:00+0200,122.85,EUR/MWh,BE,BE,day_ahead_price,value,2026-08-03T21:57:58Z
2026-08-03T21:57:27Z,2026-08-03T23:57:27+0200,d07b3b2b-e83a-4999-877d-e2466ad53d7b,2026-07-12T01:45:00Z,2026-07-12T03:45:00+0200,121.7,EUR/MWh,BE,BE,day_ahead_price,value,2026-08-03T21:57:58Z
2026-08-03T21:57:27Z,2026-08-03T23:57:27+0200,d07b3b2b-e83a-4999-877d-e2466ad53d7b,2026-07-12T02:00:00Z,2026-07-12T04:00:00+0200,127.0,EUR/MWh,BE,BE,day_ahead_price,value,2026-08-03T21:57:58Z
2026-08-03T21:57:27Z,2026-08-03T23:57:27+0200,d07b3b2b-e83a-4999-877d-e2466ad53d7b,2026-07-12T02:15:00Z,2026-07-12T04:15:00+0200,123.23,EUR/MWh,BE,BE,day_ahead_price,value,2026-08-03T21:57:58Z
2026-08-03T21:57:27Z,2026-08-03T23:57:27+0200,d07b3b2b-e83a-4999-877d-e2466ad53d7b,2026-07-12T02:30:00Z,2026-07-12T04:30:00+0200,121.11,EUR/MWh,BE,BE,day_ahead_price,value,2026-08-03T21:57:58Z
2026-08-03T21:57:27Z,2026-08-03T23:57:27+0200,d07b3b2b-e83a-4999-877d-e2466ad53d7b,2026-07-12T02:45:00Z,2026-07-12T04:45:00+0200,120.19,EUR/MWh,BE,BE,day_ahead_price,value,2026-08-03T21:57:58Z
2026-08-03T21:57:27Z,2026-08-03T23:57:27+0200,d07b3b2b-e83a-4999-877d-e2466ad53d7b,2026-07-12T03:00:00Z,2026-07-12T05:00:00+0200,124.0,EUR/MWh,BE,BE,day_ahead_price,value,2026-08-03T21:57:58Z
2026-08-03T21:57:27Z,2026-08-03T23:57:27+0200,d07b3b2b-e83a-4999-877d-e2466ad53d7b,2026-07-12T03:15:00Z,2026-07-12T05:15:00+0200,122.18,EUR/MWh,BE,BE,day_ahead_price,value,2026-08-03T21:57:58Z
2026-08-03T21:57:27Z,2026-08-03T23:57:27+0200,d07b3b2b-e83a-4999-877d-e2466ad53d7b,2026-07-12T03:30:00Z,2026-07-12T05:30:00+0200,120.54,EUR/MWh,BE,BE,day_ahead_price,value,2026-08-03T21:57:58Z
2026-08-03T21:57:27Z,2026-08-03T23:57:27+0200,d07b3b2b-e83a-4999-877d-e2466ad53d7b,2026-07-12T03:45:00Z,2026-07-12T05:45:00+0200,116.44,EUR/MWh,BE,BE,day_ahead_price,value,2026-08-03T21:57:58Z
2026-08-03T21:57:27Z,2026-08-03T23:57:27+0200,d07b3b2b-e83a-4999-877d-e2466ad53d7b,2026-07-12T04:00:00Z,2026-07-12T06:00:00+0200,118.64,EUR/MWh,BE,BE,day_ahead_price,value,2026-08-03T21:57:58Z
2026-08-03T21:57:27Z,2026-08-03T23:57:27+0200,d07b3b2b-e83a-4999-877d-e2466ad53d7b,2026-07-12T04:15:00Z,2026-07-12T06:15:00+0200,112.33,EUR/MWh,BE,BE,day_ahead_price,value,2026-08-03T21:57:58Z
2026-08-03T21:57:27Z,2026-08-03T23:57:27+0200,d07b3b2b-e83a-4999-877d-e2466ad53d7b,2026-07-12T04:30:00Z,2026-07-12T06:30:00+0200,110.0,EUR/MWh,BE,BE,day_ahead_price,value,2026-08-03T21:57:58Z
2026-08-03T21:57:27Z,2026-08-03T23:57:27+0200,d07b3b2b-e83a-4999-877d-e2466ad53d7b,2026-07-12T04:45:00Z,2026-07-12T06:45:00+0200,105.48,EUR/MWh,BE,BE,day_ahead_price,value,2026-08-03T21:57:58Z
2026-08-03T21:57:27Z,2026-08-03T23:57:27+0200,d07b3b2b-e83a-4999-877d-e2466ad53d7b,2026-07-12T05:00:00Z,2026-07-12T07:00:00+0200,112.31,EUR/MWh,BE,BE,day_ahead_price,value,2026-08-03T21:57:58Z
2026-08-03T21:57:27Z,2026-08-03T23:57:27+0200,d07b3b2b-e83a-4999-877d-e2466ad53d7b,2026-07-12T05:15:00Z,2026-07-12T07:15:00+0200,108.3,EUR/MWh,BE,BE,day_ahead_price,value,2026-08-03T21:57:58Z
2026-08-03T21:57:27Z,2026-08-03T23:57:27+0200,d07b3b2b-e83a-4999-877d-e2466ad53d7b,2026-07-12T05:30:00Z,2026-07-12T07:30:00+0200,101.21,EUR/MWh,BE,BE,day_ahead_price,value,2026-08-03T21:57:58Z
2026-08-03T21:57:27Z,2026-08-03T23:57:27+0200,d07b3b2b-e83a-4999-877d-e2466ad53d7b,2026-07-12T05:45:00Z,2026-07-12T07:45:00+0200,77.28,EUR/MWh,BE,BE,day_ahead_price,value,2026-08-03T21:57:58Z
2026-08-03T21:57:27Z,2026-08-03T23:57:27+0200,d07b3b2b-e83a-4999-877d-e2466ad53d7b,2026-07-12T06:00:00Z,2026-07-12T08:00:00+0200,103.56,EUR/MWh,BE,BE,day_ahead_price,value,2026-08-03T21:57:58Z
2026-08-03T21:57:27Z,2026-08-03T23:57:27+0200,d07b3b2b-e83a-4999-877d-e2466ad53d7b,2026-07-12T06:15:00Z,2026-07-12T08:15:00+0200,79.07,EUR/MWh,BE,BE,day_ahead_price,value,2026-08-03T21:57:58Z
2026-08-03T21:57:27Z,2026-08-03T23:57:27+0200,d07b3b2b-e83a-4999-877d-e2466ad53d7b,2026-07-12T06:30:00Z,2026-07-12T08:30:00+0200,51.97,EUR/MWh,BE,BE,day_ahead_price,value,2026-08-03T21:57:58Z
2026-08-03T21:57:27Z,2026-08-03T23:57:27+0200,d07b3b2b-e83a-4999-877d-e2466ad53d7b,2026-07-12T06:45:00Z,2026-07-12T08:45:00+0200,13.15,EUR/MWh,BE,BE,day_ahead_price,value,2026-08-03T21:57:58Z
2026-08-03T21:57:27Z,2026-08-03T23:57:27+0200,d07b3b2b-e83a-4999-877d-e2466ad53d7b,2026-07-12T07:00:00Z,2026-07-12T09:00:00+0200,20.0,EUR/MWh,BE,BE,day_ahead_price,value,2026-08-03T21:57:58Z
2026-08-03T21:57:27Z,2026-08-03T23:57:27+0200,d07b3b2b-e83a-4999-877d-e2466ad53d7b,2026-07-12T07:15:00Z,2026-07-12T09:15:00+0200,1.54,EUR/MWh,BE,BE,day_ahead_price,value,2026-08-03T21:57:58Z
2026-08-03T21:57:27Z,2026-08-03T23:57:27+0200,d07b3b2b-e83a-4999-877d-e2466ad53d7b,2026-07-12T07:30:00Z,2026-07-12T09:30:00+0200,0.0,EUR/MWh,BE,BE,day_ahead_price,value,2026-08-03T21:57:58Z
2026-08-03T21:57:27Z,2026-08-03T23:57:27+0200,d07b3b2b-e83a-4999-877d-e2466ad53d7b,2026-07-12T07:45:00Z,2026-07-12T09:45:00+0200,0.0,EUR/MWh,BE,BE,day_ahead_price,value,2026-08-03T21:57:58Z
2026-08-03T21:57:27Z,2026-08-03T23:57:27+0200,d07b3b2b-e83a-4999-877d-e2466ad53d7b,2026-07-12T08:00:00Z,2026-07-12T10:00:00+0200,-0.01,EUR/MWh,BE,BE,day_ahead_price,value,2026-08-03T21:57:58Z
2026-08-03T21:57:27Z,2026-08-03T23:57:27+0200,d07b3b2b-e83a-4999-877d-e2466ad53d7b,2026-07-12T08:15:00Z,2026-07-12T10:15:00+0200,-0.01,EUR/MWh,BE,BE,day_ahead_price,value,2026-08-03T21:57:58Z
2026-08-03T21:57:27Z,2026-08-03T23:57:27+0200,d07b3b2b-e83a-4999-877d-e2466ad53d7b,2026-07-12T08:30:00Z,2026-07-12T10:30:00+0200,-0.05,EUR/MWh,BE,BE,day_ahead_price,value,2026-08-03T21:57:58Z
2026-08-03T21:57:27Z,2026-08-03T23:57:27+0200,d07b3b2b-e83a-4999-877d-e2466ad53d7b,2026-07-12T08:45:00Z,2026-07-12T10:45:00+0200,-0.11,EUR/MWh,BE,BE,day_ahead_price,value,2026-08-03T21:57:58Z
2026-08-03T21:57:27Z,2026-08-03T23:57:27+0200,d07b3b2b-e83a-4999-877d-e2466ad53d7b,2026-07-12T09:00:00Z,2026-07-12T11:00:00+0200,0.04,EUR/MWh,BE,BE,day_ahead_price,value,2026-08-03T21:57:58Z
2026-08-03T21:57:27Z,2026-08-03T23:57:27+0200,d07b3b2b-e83a-4999-877d-e2466ad53d7b,2026-07-12T09:15:00Z,2026-07-12T11:15:00+0200,-0.28,EUR/MWh,BE,BE,day_ahead_price,value,2026-08-03T21:57:58Z
2026-08-03T21:57:27Z,2026-08-03T23:57:27+0200,d07b3b2b-e83a-4999-877d-e2466ad53d7b,2026-07-12T09:30:00Z,2026-07-12T11:30:00+0200,-0.5,EUR/MWh,BE,BE,day_ahead_price,value,2026-08-03T21:57:58Z
2026-08-03T21:57:27Z,2026-08-03T23:57:27+0200,d07b3b2b-e83a-4999-877d-e2466ad53d7b,2026-07-12T09:45:00Z,2026-07-12T11:45:00+0200,-0.21,EUR/MWh,BE,BE,day_ahead_price,value,2026-08-03T21:57:58Z
2026-08-03T21:57:27Z,2026-08-03T23:57:27+0200,d07b3b2b-e83a-4999-877d-e2466ad53d7b,2026-07-12T10:00:00Z,2026-07-12T12:00:00+0200,0.23,EUR/MWh,BE,BE,day_ahead_price,value,2026-08-03T21:57:58Z
2026-08-03T21:57:27Z,2026-08-03T23:57:27+0200,d07b3b2b-e83a-4999-877d-e2466ad53d7b,2026-07-12T10:15:00Z,2026-07-12T12:15:00+0200,0.35,EUR/MWh,BE,BE,day_ahead_price,value,2026-08-03T21:57:58Z
2026-08-03T21:57:27Z,2026-08-03T23:57:27+0200,d07b3b2b-e83a-4999-877d-e2466ad53d7b,2026-07-12T10:30:00Z,2026-07-12T12:30:00+0200,1.07,EUR/MWh,BE,BE,day_ahead_price,value,2026-08-03T21:57:58Z
2026-08-03T21:57:27Z,2026-08-03T23:57:27+0200,d07b3b2b-e83a-4999-877d-e2466ad53d7b,2026-07-12T10:45:00Z,2026-07-12T12:45:00+0200,1.16,EUR/MWh,BE,BE,day_ahead_price,value,2026-08-03T21:57:58Z
2026-08-03T21:57:27Z,2026-08-03T23:57:27+0200,d07b3b2b-e83a-4999-877d-e2466ad53d7b,2026-07-12T11:00:00Z,2026-07-12T13:00:00+0200,1.24,EUR/MWh,BE,BE,day_ahead_price,value,2026-08-03T21:57:58Z
2026-08-03T21:57:27Z,2026-08-03T23:57:27+0200,d07b3b2b-e83a-4999-877d-e2466ad53d7b,2026-07-12T11:15:00Z,2026-07-12T13:15:00+0200,1.38,EUR/MWh,BE,BE,day_ahead_price,value,2026-08-03T21:57:58Z
2026-08-03T21:57:27Z,2026-08-03T23:57:27+0200,d07b3b2b-e83a-4999-877d-e2466ad53d7b,2026-07-12T11:30:00Z,2026-07-12T13:30:00+0200,1.78,EUR/MWh,BE,BE,day_ahead_price,value,2026-08-03T21:57:58Z
2026-08-03T21:57:27Z,2026-08-03T23:57:27+0200,d07b3b2b-e83a-4999-877d-e2466ad53d7b,2026-07-12T11:45:00Z,2026-07-12T13:45:00+0200,1.29,EUR/MWh,BE,BE,day_ahead_price,value,2026-08-03T21:57:58Z
2026-08-03T21:57:27Z,2026-08-03T23:57:27+0200,d07b3b2b-e83a-4999-877d-e2466ad53d7b,2026-07-12T12:00:00Z,2026-07-12T14:00:00+0200,1.45,EUR/MWh,BE,BE,day_ahead_price,value,2026-08-03T21:57:58Z
2026-08-03T21:57:27Z,2026-08-03T23:57:27+0200,d07b3b2b-e83a-4999-877d-e2466ad53d7b,2026-07-12T12:15:00Z,2026-07-12T14:15:00+0200,1.4,EUR/MWh,BE,BE,day_ahead_price,value,2026-08-03T21:57:58Z
2026-08-03T21:57:27Z,2026-08-03T23:57:27+0200,d07b3b2b-e83a-4999-877d-e2466ad53d7b,2026-07-12T12:30:00Z,2026-07-12T14:30:00+0200,1.31,EUR/MWh,BE,BE,day_ahead_price,value,2026-08-03T21:57:58Z
2026-08-03T21:57:27Z,2026-08-03T23:57:27+0200,d07b3b2b-e83a-4999-877d-e2466ad53d7b,2026-07-12T12:45:00Z,2026-07-12T14:45:00+0200,0.81,EUR/MWh,BE,BE,day_ahead_price,value,2026-08-03T21:57:58Z
2026-08-03T21:57:27Z,2026-08-03T23:57:27+0200,d07b3b2b-e83a-4999-877d-e2466ad53d7b,2026-07-12T13:00:00Z,2026-07-12T15:00:00+0200,1.11,EUR/MWh,BE,BE,day_ahead_price,value,2026-08-03T21:57:58Z
2026-08-03T21:57:27Z,2026-08-03T23:57:27+0200,d07b3b2b-e83a-4999-877d-e2466ad53d7b,2026-07-12T13:15:00Z,2026-07-12T15:15:00+0200,0.43,EUR/MWh,BE,BE,day_ahead_price,value,2026-08-03T21:57:58Z
2026-08-03T21:57:27Z,2026-08-03T23:57:27+0200,d07b3b2b-e83a-4999-877d-e2466ad53d7b,2026-07-12T13:30:00Z,2026-07-12T15:30:00+0200,0.02,EUR/MWh,BE,BE,day_ahead_price,value,2026-08-03T21:57:58Z
2026-08-03T21:57:27Z,2026-08-03T23:57:27+0200,d07b3b2b-e83a-4999-877d-e2466ad53d7b,2026-07-12T13:45:00Z,2026-07-12T15:45:00+0200,-0.7,EUR/MWh,BE,BE,day_ahead_price,value,2026-08-03T21:57:58Z
2026-08-03T21:57:27Z,2026-08-03T23:57:27+0200,d07b3b2b-e83a-4999-877d-e2466ad53d7b,2026-07-12T14:00:00Z,2026-07-12T16:00:00+0200,-0.8,EUR/MWh,BE,BE,day_ahead_price,value,2026-08-03T21:57:58Z
2026-08-03T21:57:27Z,2026-08-03T23:57:27+0200,d07b3b2b-e83a-4999-877d-e2466ad53d7b,2026-07-12T14:15:00Z,2026-07-12T16:15:00+0200,-1.2,EUR/MWh,BE,BE,day_ahead_price,value,2026-08-03T21:57:58Z
2026-08-03T21:57:27Z,2026-08-03T23:57:27+0200,d07b3b2b-e83a-4999-877d-e2466ad53d7b,2026-07-12T14:30:00Z,2026-07-12T16:30:00+0200,-0.98,EUR/MWh,BE,BE,day_ahead_price,value,2026-08-03T21:57:58Z
2026-08-03T21:57:27Z,2026-08-03T23:57:27+0200,d07b3b2b-e83a-4999-877d-e2466ad53d7b,2026-07-12T14:45:00Z,2026-07-12T16:45:00+0200,-2.78,EUR/MWh,BE,BE,day_ahead_price,value,2026-08-03T21:57:58Z
2026-08-03T21:57:27Z,2026-08-03T23:57:27+0200,d07b3b2b-e83a-4999-877d-e2466ad53d7b,2026-07-12T15:00:00Z,2026-07-12T17:00:00+0200,-0.87,EUR/MWh,BE,BE,day_ahead_price,value,2026-08-03T21:57:58Z
2026-08-03T21:57:27Z,2026-08-03T23:57:27+0200,d07b3b2b-e83a-4999-877d-e2466ad53d7b,2026-07-12T15:15:00Z,2026-07-12T17:15:00+0200,0.51,EUR/MWh,BE,BE,day_ahead_price,value,2026-08-03T21:57:58Z
2026-08-03T21:57:27Z,2026-08-03T23:57:27+0200,d07b3b2b-e83a-4999-877d-e2466ad53d7b,2026-07-12T15:30:00Z,2026-07-12T17:30:00+0200,1.43,EUR/MWh,BE,BE,day_ahead_price,value,2026-08-03T21:57:58Z
2026-08-03T21:57:27Z,2026-08-03T23:57:27+0200,d07b3b2b-e83a-4999-877d-e2466ad53d7b,2026-07-12T15:45:00Z,2026-07-12T17:45:00+0200,25.25,EUR/MWh,BE,BE,day_ahead_price,value,2026-08-03T21:57:58Z
2026-08-03T21:57:27Z,2026-08-03T23:57:27+0200,d07b3b2b-e83a-4999-877d-e2466ad53d7b,2026-07-12T16:00:00Z,2026-07-12T18:00:00+0200,26.06,EUR/MWh,BE,BE,day_ahead_price,value,2026-08-03T21:57:58Z
2026-08-03T21:57:27Z,2026-08-03T23:57:27+0200,d07b3b2b-e83a-4999-877d-e2466ad53d7b,2026-07-12T16:15:00Z,2026-07-12T18:15:00+0200,88.19,EUR/MWh,BE,BE,day_ahead_price,value,2026-08-03T21:57:58Z
2026-08-03T21:57:27Z,2026-08-03T23:57:27+0200,d07b3b2b-e83a-4999-877d-e2466ad53d7b,2026-07-12T16:30:00Z,2026-07-12T18:30:00+0200,116.09,EUR/MWh,BE,BE,day_ahead_price,value,2026-08-03T21:57:58Z
2026-08-03T21:57:27Z,2026-08-03T23:57:27+0200,d07b3b2b-e83a-4999-877d-e2466ad53d7b,2026-07-12T16:45:00Z,2026-07-12T18:45:00+0200,131.85,EUR/MWh,BE,BE,day_ahead_price,value,2026-08-03T21:57:58Z
2026-08-03T21:57:27Z,2026-08-03T23:57:27+0200,d07b3b2b-e83a-4999-877d-e2466ad53d7b,2026-07-12T17:00:00Z,2026-07-12T19:00:00+0200,111.47,EUR/MWh,BE,BE,day_ahead_price,value,2026-08-03T21:57:58Z
2026-08-03T21:57:27Z,2026-08-03T23:57:27+0200,d07b3b2b-e83a-4999-877d-e2466ad53d7b,2026-07-12T17:15:00Z,2026-07-12T19:15:00+0200,133.75,EUR/MWh,BE,BE,day_ahead_price,value,2026-08-03T21:57:58Z
2026-08-03T21:57:27Z,2026-08-03T23:57:27+0200,d07b3b2b-e83a-4999-877d-e2466ad53d7b,2026-07-12T17:30:00Z,2026-07-12T19:30:00+0200,135.84,EUR/MWh,BE,BE,day_ahead_price,value,2026-08-03T21:57:58Z
2026-08-03T21:57:27Z,2026-08-03T23:57:27+0200,d07b3b2b-e83a-4999-877d-e2466ad53d7b,2026-07-12T17:45:00Z,2026-07-12T19:45:00+0200,145.0,EUR/MWh,BE,BE,day_ahead_price,value,2026-08-03T21:57:58Z
2026-08-03T21:57:27Z,2026-08-03T23:57:27+0200,d07b3b2b-e83a-4999-877d-e2466ad53d7b,2026-07-12T18:00:00Z,2026-07-12T20:00:00+0200,141.13,EUR/MWh,BE,BE,day_ahead_price,value,2026-08-03T21:57:58Z
2026-08-03T21:57:27Z,2026-08-03T23:57:27+0200,d07b3b2b-e83a-4999-877d-e2466ad53d7b,2026-07-12T18:15:00Z,2026-07-12T20:15:00+0200,137.53,EUR/MWh,BE,BE,day_ahead_price,value,2026-08-03T21:57:58Z
2026-08-03T21:57:27Z,2026-08-03T23:57:27+0200,d07b3b2b-e83a-4999-877d-e2466ad53d7b,2026-07-12T18:30:00Z,2026-07-12T20:30:00+0200,140.85,EUR/MWh,BE,BE,day_ahead_price,value,2026-08-03T21:57:58Z
2026-08-03T21:57:27Z,2026-08-03T23:57:27+0200,d07b3b2b-e83a-4999-877d-e2466ad53d7b,2026-07-12T18:45:00Z,2026-07-12T20:45:00+0200,144.12,EUR/MWh,BE,BE,day_ahead_price,value,2026-08-03T21:57:58Z
2026-08-03T21:57:27Z,2026-08-03T23:57:27+0200,d07b3b2b-e83a-4999-877d-e2466ad53d7b,2026-07-12T19:00:00Z,2026-07-12T21:00:00+0200,140.1,EUR/MWh,BE,BE,day_ahead_price,value,2026-08-03T21:57:58Z
2026-08-03T21:57:27Z,2026-08-03T23:57:27+0200,d07b3b2b-e83a-4999-877d-e2466ad53d7b,2026-07-12T19:15:00Z,2026-07-12T21:15:00+0200,144.94,EUR/MWh,BE,BE,day_ahead_price,value,2026-08-03T21:57:58Z
2026-08-03T21:57:27Z,2026-08-03T23:57:27+0200,d07b3b2b-e83a-4999-877d-e2466ad53d7b,2026-07-12T19:30:00Z,2026-07-12T21:30:00+0200,145.93,EUR/MWh,BE,BE,day_ahead_price,value,2026-08-03T21:57:58Z
2026-08-03T21:57:27Z,2026-08-03T23:57:27+0200,d07b3b2b-e83a-4999-877d-e2466ad53d7b,2026-07-12T19:45:00Z,2026-07-12T21:45:00+0200,146.98,EUR/MWh,BE,BE,day_ahead_price,value,2026-08-03T21:57:58Z
2026-08-03T21:57:27Z,2026-08-03T23:57:27+0200,d07b3b2b-e83a-4999-877d-e2466ad53d7b,2026-07-12T20:00:00Z,2026-07-12T22:00:00+0200,149.7,EUR/MWh,BE,BE,day_ahead_price,value,2026-08-03T21:57:58Z
2026-08-03T21:57:27Z,2026-08-03T23:57:27+0200,d07b3b2b-e83a-4999-877d-e2466ad53d7b,2026-07-12T20:15:00Z,2026-07-12T22:15:00+0200,145.0,EUR/MWh,BE,BE,day_ahead_price,value,2026-08-03T21:57:58Z
2026-08-03T21:57:27Z,2026-08-03T23:57:27+0200,d07b3b2b-e83a-4999-877d-e2466ad53d7b,2026-07-12T20:30:00Z,2026-07-12T22:30:00+0200,144.94,EUR/MWh,BE,BE,day_ahead_price,value,2026-08-03T21:57:58Z
2026-08-03T21:57:27Z,2026-08-03T23:57:27+0200,d07b3b2b-e83a-4999-877d-e2466ad53d7b,2026-07-12T20:45:00Z,2026-07-12T22:45:00+0200,140.08,EUR/MWh,BE,BE,day_ahead_price,value,2026-08-03T21:57:58Z
2026-08-03T21:57:27Z,2026-08-03T23:57:27+0200,d07b3b2b-e83a-4999-877d-e2466ad53d7b,2026-07-12T21:00:00Z,2026-07-12T23:00:00+0200,144.97,EUR/MWh,BE,BE,day_ahead_price,value,2026-08-03T21:57:58Z
2026-08-03T21:57:27Z,2026-08-03T23:57:27+0200,d07b3b2b-e83a-4999-877d-e2466ad53d7b,2026-07-12T21:15:00Z,2026-07-12T23:15:00+0200,137.9,EUR/MWh,BE,BE,day_ahead_price,value,2026-08-03T21:57:58Z
2026-08-03T21:57:27Z,2026-08-03T23:57:27+0200,d07b3b2b-e83a-4999-877d-e2466ad53d7b,2026-07-12T21:30:00Z,2026-07-12T23:30:00+0200,138.47,EUR/MWh,BE,BE,day_ahead_price,value,2026-08-03T21:57:58Z
2026-08-03T21:57:27Z,2026-08-03T23:57:27+0200,d07b3b2b-e83a-4999-877d-e2466ad53d7b,2026-07-12T21:45:00Z,2026-07-12T23:45:00+0200,135.93,EUR/MWh,BE,BE,day_ahead_price,value,2026-08-03T21:57:58Z
2026-08-03T21:57:27Z,2026-08-03T23:57:27+0200,d07b3b2b-e83a-4999-877d-e2466ad53d7b,2026-07-12T22:00:00Z,2026-07-13T00:00:00+0200,131.94,EUR/MWh,BE,BE,day_ahead_price,value,2026-08-03T21:57:58Z
2026-08-03T21:57:27Z,2026-08-03T23:57:27+0200,d07b3b2b-e83a-4999-877d-e2466ad53d7b,2026-07-12T22:15:00Z,2026-07-13T00:15:00+0200,130.0,EUR/MWh,BE,BE,day_ahead_price,value,2026-08-03T21:57:58Z
2026-08-03T21:57:27Z,2026-08-03T23:57:27+0200,d07b3b2b-e83a-4999-877d-e2466ad53d7b,2026-07-12T22:30:00Z,2026-07-13T00:30:00+0200,129.41,EUR/MWh,BE,BE,day_ahead_price,value,2026-08-03T21:57:58Z
2026-08-03T21:57:27Z,2026-08-03T23:57:27+0200,d07b3b2b-e83a-4999-877d-e2466ad53d7b,2026-07-12T22:45:00Z,2026-07-13T00:45:00+0200,127.57,EUR/MWh,BE,BE,day_ahead_price,value,2026-08-03T21:57:58Z
2026-08-03T21:57:27Z,2026-08-03T23:57:27+0200,d07b3b2b-e83a-4999-877d-e2466ad53d7b,2026-07-12T23:00:00Z,2026-07-13T01:00:00+0200,128.42,EUR/MWh,BE,BE,day_ahead_price,value,2026-08-03T21:57:58Z
2026-08-03T21:57:27Z,2026-08-03T23:57:27+0200,d07b3b2b-e83a-4999-877d-e2466ad53d7b,2026-07-12T23:15:00Z,2026-07-13T01:15:00+0200,124.17,EUR/MWh,BE,BE,day_ahead_price,value,2026-08-03T21:57:58Z
2026-08-03T21:57:27Z,2026-08-03T23:57:27+0200,d07b3b2b-e83a-4999-877d-e2466ad53d7b,2026-07-12T23:30:00Z,2026-07-13T01:30:00+0200,123.7,EUR/MWh,BE,BE,day_ahead_price,value,2026-08-03T21:57:58Z
2026-08-03T21:57:27Z,2026-08-03T23:57:27+0200,d07b3b2b-e83a-4999-877d-e2466ad53d7b,2026-07-12T23:45:00Z,2026-07-13T01:45:00+0200,118.49,EUR/MWh,BE,BE,day_ahead_price,value,2026-08-03T21:57:58Z
2026-08-03T21:57:27Z,2026-08-03T23:57:27+0200,d07b3b2b-e83a-4999-877d-e2466ad53d7b,2026-07-13T00:00:00Z,2026-07-13T02:00:00+0200,122.93,EUR/MWh,BE,BE,day_ahead_price,value,2026-08-03T21:57:58Z
2026-08-03T21:57:27Z,2026-08-03T23:57:27+0200,d07b3b2b-e83a-4999-877d-e2466ad53d7b,2026-07-13T00:15:00Z,2026-07-13T02:15:00+0200,118.53,EUR/MWh,BE,BE,day_ahead_price,value,2026-08-03T21:57:58Z
2026-08-03T21:57:27Z,2026-08-03T23:57:27+0200,d07b3b2b-e83a-4999-877d-e2466ad53d7b,2026-07-13T00:30:00Z,2026-07-13T02:30:00+0200,115.7,EUR/MWh,BE,BE,day_ahead_price,value,2026-08-03T21:57:58Z
2026-08-03T21:57:27Z,2026-08-03T23:57:27+0200,d07b3b2b-e83a-4999-877d-e2466ad53d7b,2026-07-13T00:45:00Z,2026-07-13T02:45:00+0200,120.48,EUR/MWh,BE,BE,day_ahead_price,value,2026-08-03T21:57:58Z
2026-08-03T21:57:27Z,2026-08-03T23:57:27+0200,d07b3b2b-e83a-4999-877d-e2466ad53d7b,2026-07-13T01:00:00Z,2026-07-13T03:00:00+0200,118.19,EUR/MWh,BE,BE,day_ahead_price,value,2026-08-03T21:57:58Z
2026-08-03T21:57:27Z,2026-08-03T23:57:27+0200,d07b3b2b-e83a-4999-877d-e2466ad53d7b,2026-07-13T01:15:00Z,2026-07-13T03:15:00+0200,118.51,EUR/MWh,BE,BE,day_ahead_price,value,2026-08-03T21:57:58Z
2026-08-03T21:57:27Z,2026-08-03T23:57:27+0200,d07b3b2b-e83a-4999-877d-e2466ad53d7b,2026-07-13T01:30:00Z,2026-07-13T03:30:00+0200,121.92,EUR/MWh,BE,BE,day_ahead_price,value,2026-08-03T21:57:58Z
2026-08-03T21:57:27Z,2026-08-03T23:57:27+0200,d07b3b2b-e83a-4999-877d-e2466ad53d7b,2026-07-13T01:45:00Z,2026-07-13T03:45:00+0200,122.49,EUR/MWh,BE,BE,day_ahead_price,value,2026-08-03T21:57:58Z
2026-08-03T21:57:27Z,2026-08-03T23:57:27+0200,d07b3b2b-e83a-4999-877d-e2466ad53d7b,2026-07-13T02:00:00Z,2026-07-13T04:00:00+0200,118.68,EUR/MWh,BE,BE,day_ahead_price,value,2026-08-03T21:57:58Z
2026-08-03T21:57:27Z,2026-08-03T23:57:27+0200,d07b3b2b-e83a-4999-877d-e2466ad53d7b,2026-07-13T02:15:00Z,2026-07-13T04:15:00+0200,122.74,EUR/MWh,BE,BE,day_ahead_price,value,2026-08-03T21:57:58Z
2026-08-03T21:57:27Z,2026-08-03T23:57:27+0200,d07b3b2b-e83a-4999-877d-e2466ad53d7b,2026-07-13T02:30:00Z,2026-07-13T04:30:00+0200,125.75,EUR/MWh,BE,BE,day_ahead_price,value,2026-08-03T21:57:58Z
2026-08-03T21:57:27Z,2026-08-03T23:57:27+0200,d07b3b2b-e83a-4999-877d-e2466ad53d7b,2026-07-13T02:45:00Z,2026-07-13T04:45:00+0200,126.01,EUR/MWh,BE,BE,day_ahead_price,value,2026-08-03T21:57:58Z
2026-08-03T21:57:27Z,2026-08-03T23:57:27+0200,d07b3b2b-e83a-4999-877d-e2466ad53d7b,2026-07-13T03:00:00Z,2026-07-13T05:00:00+0200,124.64,EUR/MWh,BE,BE,day_ahead_price,value,2026-08-03T21:57:58Z
2026-08-03T21:57:27Z,2026-08-03T23:57:27+0200,d07b3b2b-e83a-4999-877d-e2466ad53d7b,2026-07-13T03:15:00Z,2026-07-13T05:15:00+0200,128.16,EUR/MWh,BE,BE,day_ahead_price,value,2026-08-03T21:57:58Z
2026-08-03T21:57:27Z,2026-08-03T23:57:27+0200,d07b3b2b-e83a-4999-877d-e2466ad53d7b,2026-07-13T03:30:00Z,2026-07-13T05:30:00+0200,134.7,EUR/MWh,BE,BE,day_ahead_price,value,2026-08-03T21:57:58Z
2026-08-03T21:57:27Z,2026-08-03T23:57:27+0200,d07b3b2b-e83a-4999-877d-e2466ad53d7b,2026-07-13T03:45:00Z,2026-07-13T05:45:00+0200,140.67,EUR/MWh,BE,BE,day_ahead_price,value,2026-08-03T21:57:58Z
2026-08-03T21:57:27Z,2026-08-03T23:57:27+0200,d07b3b2b-e83a-4999-877d-e2466ad53d7b,2026-07-13T04:00:00Z,2026-07-13T06:00:00+0200,141.8,EUR/MWh,BE,BE,day_ahead_price,value,2026-08-03T21:57:58Z
2026-08-03T21:57:27Z,2026-08-03T23:57:27+0200,d07b3b2b-e83a-4999-877d-e2466ad53d7b,2026-07-13T04:15:00Z,2026-07-13T06:15:00+0200,150.0,EUR/MWh,BE,BE,day_ahead_price,value,2026-08-03T21:57:58Z
2026-08-03T21:57:27Z,2026-08-03T23:57:27+0200,d07b3b2b-e83a-4999-877d-e2466ad53d7b,2026-07-13T04:30:00Z,2026-07-13T06:30:00+0200,147.32,EUR/MWh,BE,BE,day_ahead_price,value,2026-08-03T21:57:58Z
2026-08-03T21:57:27Z,2026-08-03T23:57:27+0200,d07b3b2b-e83a-4999-877d-e2466ad53d7b,2026-07-13T04:45:00Z,2026-07-13T06:45:00+0200,150.52,EUR/MWh,BE,BE,day_ahead_price,value,2026-08-03T21:57:58Z
2026-08-03T21:57:27Z,2026-08-03T23:57:27+0200,d07b3b2b-e83a-4999-877d-e2466ad53d7b,2026-07-13T05:00:00Z,2026-07-13T07:00:00+0200,142.12,EUR/MWh,BE,BE,day_ahead_price,value,2026-08-03T21:57:58Z
2026-08-03T21:57:27Z,2026-08-03T23:57:27+0200,d07b3b2b-e83a-4999-877d-e2466ad53d7b,2026-07-13T05:15:00Z,2026-07-13T07:15:00+0200,147.72,EUR/MWh,BE,BE,day_ahead_price,value,2026-08-03T21:57:58Z
2026-08-03T21:57:27Z,2026-08-03T23:57:27+0200,d07b3b2b-e83a-4999-877d-e2466ad53d7b,2026-07-13T05:30:00Z,2026-07-13T07:30:00+0200,143.23,EUR/MWh,BE,BE,day_ahead_price,value,2026-08-03T21:57:58Z
2026-08-03T21:57:27Z,2026-08-03T23:57:27+0200,d07b3b2b-e83a-4999-877d-e2466ad53d7b,2026-07-13T05:45:00Z,2026-07-13T07:45:00+0200,138.19,EUR/MWh,BE,BE,day_ahead_price,value,2026-08-03T21:57:58Z
2026-08-03T21:57:27Z,2026-08-03T23:57:27+0200,d07b3b2b-e83a-4999-877d-e2466ad53d7b,2026-07-13T06:00:00Z,2026-07-13T08:00:00+0200,147.57,EUR/MWh,BE,BE,day_ahead_price,value,2026-08-03T21:57:58Z
2026-08-03T21:57:27Z,2026-08-03T23:57:27+0200,d07b3b2b-e83a-4999-877d-e2466ad53d7b,2026-07-13T06:15:00Z,2026-07-13T08:15:00+0200,145.6,EUR/MWh,BE,BE,day_ahead_price,value,2026-08-03T21:57:58Z
2026-08-03T21:57:27Z,2026-08-03T23:57:27+0200,d07b3b2b-e83a-4999-877d-e2466ad53d7b,2026-07-13T06:30:00Z,2026-07-13T08:30:00+0200,129.58,EUR/MWh,BE,BE,day_ahead_price,value,2026-08-03T21:57:58Z
2026-08-03T21:57:27Z,2026-08-03T23:57:27+0200,d07b3b2b-e83a-4999-877d-e2466ad53d7b,2026-07-13T06:45:00Z,2026-07-13T08:45:00+0200,125.79,EUR/MWh,BE,BE,day_ahead_price,value,2026-08-03T21:57:58Z
2026-08-03T21:57:27Z,2026-08-03T23:57:27+0200,d07b3b2b-e83a-4999-877d-e2466ad53d7b,2026-07-13T07:00:00Z,2026-07-13T09:00:00+0200,142.78,EUR/MWh,BE,BE,day_ahead_price,value,2026-08-03T21:57:58Z
2026-08-03T21:57:27Z,2026-08-03T23:57:27+0200,d07b3b2b-e83a-4999-877d-e2466ad53d7b,2026-07-13T07:15:00Z,2026-07-13T09:15:00+0200,129.16,EUR/MWh,BE,BE,day_ahead_price,value,2026-08-03T21:57:58Z
2026-08-03T21:57:27Z,2026-08-03T23:57:27+0200,d07b3b2b-e83a-4999-877d-e2466ad53d7b,2026-07-13T07:30:00Z,2026-07-13T09:30:00+0200,113.65,EUR/MWh,BE,BE,day_ahead_price,value,2026-08-03T21:57:58Z
2026-08-03T21:57:27Z,2026-08-03T23:57:27+0200,d07b3b2b-e83a-4999-877d-e2466ad53d7b,2026-07-13T07:45:00Z,2026-07-13T09:45:00+0200,100.91,EUR/MWh,BE,BE,day_ahead_price,value,2026-08-03T21:57:58Z
2026-08-03T21:57:27Z,2026-08-03T23:57:27+0200,d07b3b2b-e83a-4999-877d-e2466ad53d7b,2026-07-13T08:00:00Z,2026-07-13T10:00:00+0200,118.22,EUR/MWh,BE,BE,day_ahead_price,value,2026-08-03T21:57:58Z
2026-08-03T21:57:27Z,2026-08-03T23:57:27+0200,d07b3b2b-e83a-4999-877d-e2466ad53d7b,2026-07-13T08:15:00Z,2026-07-13T10:15:00+0200,101.62,EUR/MWh,BE,BE,day_ahead_price,value,2026-08-03T21:57:58Z
2026-08-03T21:57:27Z,2026-08-03T23:57:27+0200,d07b3b2b-e83a-4999-877d-e2466ad53d7b,2026-07-13T08:30:00Z,2026-07-13T10:30:00+0200,93.86,EUR/MWh,BE,BE,day_ahead_price,value,2026-08-03T21:57:58Z
2026-08-03T21:57:27Z,2026-08-03T23:57:27+0200,d07b3b2b-e83a-4999-877d-e2466ad53d7b,2026-07-13T08:45:00Z,2026-07-13T10:45:00+0200,80.82,EUR/MWh,BE,BE,day_ahead_price,value,2026-08-03T21:57:58Z
2026-08-03T21:57:27Z,2026-08-03T23:57:27+0200,d07b3b2b-e83a-4999-877d-e2466ad53d7b,2026-07-13T09:00:00Z,2026-07-13T11:00:00+0200,87.23,EUR/MWh,BE,BE,day_ahead_price,value,2026-08-03T21:57:58Z
2026-08-03T21:57:27Z,2026-08-03T23:57:27+0200,d07b3b2b-e83a-4999-877d-e2466ad53d7b,2026-07-13T09:15:00Z,2026-07-13T11:15:00+0200,78.66,EUR/MWh,BE,BE,day_ahead_price,value,2026-08-03T21:57:58Z
2026-08-03T21:57:27Z,2026-08-03T23:57:27+0200,d07b3b2b-e83a-4999-877d-e2466ad53d7b,2026-07-13T09:30:00Z,2026-07-13T11:30:00+0200,70.0,EUR/MWh,BE,BE,day_ahead_price,value,2026-08-03T21:57:58Z
2026-08-03T21:57:27Z,2026-08-03T23:57:27+0200,d07b3b2b-e83a-4999-877d-e2466ad53d7b,2026-07-13T09:45:00Z,2026-07-13T11:45:00+0200,65.52,EUR/MWh,BE,BE,day_ahead_price,value,2026-08-03T21:57:58Z
2026-08-03T21:57:27Z,2026-08-03T23:57:27+0200,d07b3b2b-e83a-4999-877d-e2466ad53d7b,2026-07-13T10:00:00Z,2026-07-13T12:00:00+0200,72.12,EUR/MWh,BE,BE,day_ahead_price,value,2026-08-03T21:57:58Z
2026-08-03T21:57:27Z,2026-08-03T23:57:27+0200,d07b3b2b-e83a-4999-877d-e2466ad53d7b,2026-07-13T10:15:00Z,2026-07-13T12:15:00+0200,66.61,EUR/MWh,BE,BE,day_ahead_price,value,2026-08-03T21:57:58Z
2026-08-03T21:57:27Z,2026-08-03T23:57:27+0200,d07b3b2b-e83a-4999-877d-e2466ad53d7b,2026-07-13T10:30:00Z,2026-07-13T12:30:00+0200,65.29,EUR/MWh,BE,BE,day_ahead_price,value,2026-08-03T21:57:58Z
2026-08-03T21:57:27Z,2026-08-03T23:57:27+0200,d07b3b2b-e83a-4999-877d-e2466ad53d7b,2026-07-13T10:45:00Z,2026-07-13T12:45:00+0200,68.6,EUR/MWh,BE,BE,day_ahead_price,value,2026-08-03T21:57:58Z
2026-08-03T21:57:27Z,2026-08-03T23:57:27+0200,d07b3b2b-e83a-4999-877d-e2466ad53d7b,2026-07-13T11:00:00Z,2026-07-13T13:00:00+0200,57.02,EUR/MWh,BE,BE,day_ahead_price,value,2026-08-03T21:57:58Z
2026-08-03T21:57:27Z,2026-08-03T23:57:27+0200,d07b3b2b-e83a-4999-877d-e2466ad53d7b,2026-07-13T11:15:00Z,2026-07-13T13:15:00+0200,53.54,EUR/MWh,BE,BE,day_ahead_price,value,2026-08-03T21:57:58Z
2026-08-03T21:57:27Z,2026-08-03T23:57:27+0200,d07b3b2b-e83a-4999-877d-e2466ad53d7b,2026-07-13T11:30:00Z,2026-07-13T13:30:00+0200,59.82,EUR/MWh,BE,BE,day_ahead_price,value,2026-08-03T21:57:58Z
2026-08-03T21:57:27Z,2026-08-03T23:57:27+0200,d07b3b2b-e83a-4999-877d-e2466ad53d7b,2026-07-13T11:45:00Z,2026-07-13T13:45:00+0200,55.64,EUR/MWh,BE,BE,day_ahead_price,value,2026-08-03T21:57:58Z
2026-08-03T21:57:27Z,2026-08-03T23:57:27+0200,d07b3b2b-e83a-4999-877d-e2466ad53d7b,2026-07-13T12:00:00Z,2026-07-13T14:00:00+0200,68.75,EUR/MWh,BE,BE,day_ahead_price,value,2026-08-03T21:57:58Z
2026-08-03T21:57:27Z,2026-08-03T23:57:27+0200,d07b3b2b-e83a-4999-877d-e2466ad53d7b,2026-07-13T12:15:00Z,2026-07-13T14:15:00+0200,69.95,EUR/MWh,BE,BE,day_ahead_price,value,2026-08-03T21:57:58Z
2026-08-03T21:57:27Z,2026-08-03T23:57:27+0200,d07b3b2b-e83a-4999-877d-e2466ad53d7b,2026-07-13T12:30:00Z,2026-07-13T14:30:00+0200,77.75,EUR/MWh,BE,BE,day_ahead_price,value,2026-08-03T21:57:58Z
2026-08-03T21:57:27Z,2026-08-03T23:57:27+0200,d07b3b2b-e83a-4999-877d-e2466ad53d7b,2026-07-13T12:45:00Z,2026-07-13T14:45:00+0200,76.4,EUR/MWh,BE,BE,day_ahead_price,value,2026-08-03T21:57:58Z
2026-08-03T21:57:27Z,2026-08-03T23:57:27+0200,d07b3b2b-e83a-4999-877d-e2466ad53d7b,2026-07-13T13:00:00Z,2026-07-13T15:00:00+0200,80.72,EUR/MWh,BE,BE,day_ahead_price,value,2026-08-03T21:57:58Z
2026-08-03T21:57:27Z,2026-08-03T23:57:27+0200,d07b3b2b-e83a-4999-877d-e2466ad53d7b,2026-07-13T13:15:00Z,2026-07-13T15:15:00+0200,78.58,EUR/MWh,BE,BE,day_ahead_price,value,2026-08-03T21:57:58Z
2026-08-03T21:57:27Z,2026-08-03T23:57:27+0200,d07b3b2b-e83a-4999-877d-e2466ad53d7b,2026-07-13T13:30:00Z,2026-07-13T15:30:00+0200,90.64,EUR/MWh,BE,BE,day_ahead_price,value,2026-08-03T21:57:58Z
2026-08-03T21:57:27Z,2026-08-03T23:57:27+0200,d07b3b2b-e83a-4999-877d-e2466ad53d7b,2026-07-13T13:45:00Z,2026-07-13T15:45:00+0200,103.75,EUR/MWh,BE,BE,day_ahead_price,value,2026-08-03T21:57:58Z
2026-08-03T21:57:27Z,2026-08-03T23:57:27+0200,d07b3b2b-e83a-4999-877d-e2466ad53d7b,2026-07-13T14:00:00Z,2026-07-13T16:00:00+0200,72.08,EUR/MWh,BE,BE,day_ahead_price,value,2026-08-03T21:57:58Z
2026-08-03T21:57:27Z,2026-08-03T23:57:27+0200,d07b3b2b-e83a-4999-877d-e2466ad53d7b,2026-07-13T14:15:00Z,2026-07-13T16:15:00+0200,91.85,EUR/MWh,BE,BE,day_ahead_price,value,2026-08-03T21:57:58Z
2026-08-03T21:57:27Z,2026-08-03T23:57:27+0200,d07b3b2b-e83a-4999-877d-e2466ad53d7b,2026-07-13T14:30:00Z,2026-07-13T16:30:00+0200,101.8,EUR/MWh,BE,BE,day_ahead_price,value,2026-08-03T21:57:58Z
2026-08-03T21:57:27Z,2026-08-03T23:57:27+0200,d07b3b2b-e83a-4999-877d-e2466ad53d7b,2026-07-13T14:45:00Z,2026-07-13T16:45:00+0200,117.83,EUR/MWh,BE,BE,day_ahead_price,value,2026-08-03T21:57:58Z
2026-08-03T21:57:27Z,2026-08-03T23:57:27+0200,d07b3b2b-e83a-4999-877d-e2466ad53d7b,2026-07-13T15:00:00Z,2026-07-13T17:00:00+0200,97.54,EUR/MWh,BE,BE,day_ahead_price,value,2026-08-03T21:57:58Z
2026-08-03T21:57:27Z,2026-08-03T23:57:27+0200,d07b3b2b-e83a-4999-877d-e2466ad53d7b,2026-07-13T15:15:00Z,2026-07-13T17:15:00+0200,115.87,EUR/MWh,BE,BE,day_ahead_price,value,2026-08-03T21:57:58Z
2026-08-03T21:57:27Z,2026-08-03T23:57:27+0200,d07b3b2b-e83a-4999-877d-e2466ad53d7b,2026-07-13T15:30:00Z,2026-07-13T17:30:00+0200,131.87,EUR/MWh,BE,BE,day_ahead_price,value,2026-08-03T21:57:58Z
2026-08-03T21:57:27Z,2026-08-03T23:57:27+0200,d07b3b2b-e83a-4999-877d-e2466ad53d7b,2026-07-13T15:45:00Z,2026-07-13T17:45:00+0200,141.51,EUR/MWh,BE,BE,day_ahead_price,value,2026-08-03T21:57:58Z
2026-08-03T21:57:27Z,2026-08-03T23:57:27+0200,d07b3b2b-e83a-4999-877d-e2466ad53d7b,2026-07-13T16:00:00Z,2026-07-13T18:00:00+0200,111.13,EUR/MWh,BE,BE,day_ahead_price,value,2026-08-03T21:57:58Z
2026-08-03T21:57:27Z,2026-08-03T23:57:27+0200,d07b3b2b-e83a-4999-877d-e2466ad53d7b,2026-07-13T16:15:00Z,2026-07-13T18:15:00+0200,112.78,EUR/MWh,BE,BE,day_ahead_price,value,2026-08-03T21:57:58Z
2026-08-03T21:57:27Z,2026-08-03T23:57:27+0200,d07b3b2b-e83a-4999-877d-e2466ad53d7b,2026-07-13T16:30:00Z,2026-07-13T18:30:00+0200,140.5,EUR/MWh,BE,BE,day_ahead_price,value,2026-08-03T21:57:58Z
2026-08-03T21:57:27Z,2026-08-03T23:57:27+0200,d07b3b2b-e83a-4999-877d-e2466ad53d7b,2026-07-13T16:45:00Z,2026-07-13T18:45:00+0200,152.63,EUR/MWh,BE,BE,day_ahead_price,value,2026-08-03T21:57:58Z
2026-08-03T21:57:27Z,2026-08-03T23:57:27+0200,d07b3b2b-e83a-4999-877d-e2466ad53d7b,2026-07-13T17:00:00Z,2026-07-13T19:00:00+0200,122.3,EUR/MWh,BE,BE,day_ahead_price,value,2026-08-03T21:57:58Z
2026-08-03T21:57:27Z,2026-08-03T23:57:27+0200,d07b3b2b-e83a-4999-877d-e2466ad53d7b,2026-07-13T17:15:00Z,2026-07-13T19:15:00+0200,142.65,EUR/MWh,BE,BE,day_ahead_price,value,2026-08-03T21:57:58Z
2026-08-03T21:57:27Z,2026-08-03T23:57:27+0200,d07b3b2b-e83a-4999-877d-e2466ad53d7b,2026-07-13T17:30:00Z,2026-07-13T19:30:00+0200,144.13,EUR/MWh,BE,BE,day_ahead_price,value,2026-08-03T21:57:58Z
2026-08-03T21:57:27Z,2026-08-03T23:57:27+0200,d07b3b2b-e83a-4999-877d-e2466ad53d7b,2026-07-13T17:45:00Z,2026-07-13T19:45:00+0200,155.05,EUR/MWh,BE,BE,day_ahead_price,value,2026-08-03T21:57:58Z
2026-08-03T21:57:27Z,2026-08-03T23:57:27+0200,d07b3b2b-e83a-4999-877d-e2466ad53d7b,2026-07-13T18:00:00Z,2026-07-13T20:00:00+0200,130.82,EUR/MWh,BE,BE,day_ahead_price,value,2026-08-03T21:57:58Z
2026-08-03T21:57:27Z,2026-08-03T23:57:27+0200,d07b3b2b-e83a-4999-877d-e2466ad53d7b,2026-07-13T18:15:00Z,2026-07-13T20:15:00+0200,152.86,EUR/MWh,BE,BE,day_ahead_price,value,2026-08-03T21:57:58Z
2026-08-03T21:57:27Z,2026-08-03T23:57:27+0200,d07b3b2b-e83a-4999-877d-e2466ad53d7b,2026-07-13T18:30:00Z,2026-07-13T20:30:00+0200,168.88,EUR/MWh,BE,BE,day_ahead_price,value,2026-08-03T21:57:58Z
2026-08-03T21:57:27Z,2026-08-03T23:57:27+0200,d07b3b2b-e83a-4999-877d-e2466ad53d7b,2026-07-13T18:45:00Z,2026-07-13T20:45:00+0200,177.7,EUR/MWh,BE,BE,day_ahead_price,value,2026-08-03T21:57:58Z
2026-08-03T21:57:27Z,2026-08-03T23:57:27+0200,d07b3b2b-e83a-4999-877d-e2466ad53d7b,2026-07-13T19:00:00Z,2026-07-13T21:00:00+0200,174.32,EUR/MWh,BE,BE,day_ahead_price,value,2026-08-03T21:57:58Z
2026-08-03T21:57:27Z,2026-08-03T23:57:27+0200,d07b3b2b-e83a-4999-877d-e2466ad53d7b,2026-07-13T19:15:00Z,2026-07-13T21:15:00+0200,173.95,EUR/MWh,BE,BE,day_ahead_price,value,2026-08-03T21:57:58Z
2026-08-03T21:57:27Z,2026-08-03T23:57:27+0200,d07b3b2b-e83a-4999-877d-e2466ad53d7b,2026-07-13T19:30:00Z,2026-07-13T21:30:00+0200,163.0,EUR/MWh,BE,BE,day_ahead_price,value,2026-08-03T21:57:58Z
2026-08-03T21:57:27Z,2026-08-03T23:57:27+0200,d07b3b2b-e83a-4999-877d-e2466ad53d7b,2026-07-13T19:45:00Z,2026-07-13T21:45:00+0200,153.31,EUR/MWh,BE,BE,day_ahead_price,value,2026-08-03T21:57:58Z
2026-08-03T21:57:27Z,2026-08-03T23:57:27+0200,d07b3b2b-e83a-4999-877d-e2466ad53d7b,2026-07-13T20:00:00Z,2026-07-13T22:00:00+0200,172.84,EUR/MWh,BE,BE,day_ahead_price,value,2026-08-03T21:57:58Z
2026-08-03T21:57:27Z,2026-08-03T23:57:27+0200,d07b3b2b-e83a-4999-877d-e2466ad53d7b,2026-07-13T20:15:00Z,2026-07-13T22:15:00+0200,155.98,EUR/MWh,BE,BE,day_ahead_price,value,2026-08-03T21:57:58Z
2026-08-03T21:57:27Z,2026-08-03T23:57:27+0200,d07b3b2b-e83a-4999-877d-e2466ad53d7b,2026-07-13T20:30:00Z,2026-07-13T22:30:00+0200,157.0,EUR/MWh,BE,BE,day_ahead_price,value,2026-08-03T21:57:58Z
2026-08-03T21:57:27Z,2026-08-03T23:57:27+0200,d07b3b2b-e83a-4999-877d-e2466ad53d7b,2026-07-13T20:45:00Z,2026-07-13T22:45:00+0200,150.47,EUR/MWh,BE,BE,day_ahead_price,value,2026-08-03T21:57:58Z
2026-08-03T21:57:27Z,2026-08-03T23:57:27+0200,d07b3b2b-e83a-4999-877d-e2466ad53d7b,2026-07-13T21:00:00Z,2026-07-13T23:00:00+0200,149.88,EUR/MWh,BE,BE,day_ahead_price,value,2026-08-03T21:57:58Z
2026-08-03T21:57:27Z,2026-08-03T23:57:27+0200,d07b3b2b-e83a-4999-877d-e2466ad53d7b,2026-07-13T21:15:00Z,2026-07-13T23:15:00+0200,144.57,EUR/MWh,BE,BE,day_ahead_price,value,2026-08-03T21:57:58Z
2026-08-03T21:57:27Z,2026-08-03T23:57:27+0200,d07b3b2b-e83a-4999-877d-e2466ad53d7b,2026-07-13T21:30:00Z,2026-07-13T23:30:00+0200,142.8,EUR/MWh,BE,BE,day_ahead_price,value,2026-08-03T21:57:58Z
2026-08-03T21:57:27Z,2026-08-03T23:57:27+0200,d07b3b2b-e83a-4999-877d-e2466ad53d7b,2026-07-13T21:45:00Z,2026-07-13T23:45:00+0200,138.99,EUR/MWh,BE,BE,day_ahead_price,value,2026-08-03T21:57:58Z
2026-08-03T21:57:27Z,2026-08-03T23:57:27+0200,d07b3b2b-e83a-4999-877d-e2466ad53d7b,2026-07-13T22:00:00Z,2026-07-14T00:00:00+0200,148.29,EUR/MWh,BE,BE,day_ahead_price,value,2026-08-03T21:57:58Z
2026-08-03T21:57:27Z,2026-08-03T23:57:27+0200,d07b3b2b-e83a-4999-877d-e2466ad53d7b,2026-07-13T22:15:00Z,2026-07-14T00:15:00+0200,141.13,EUR/MWh,BE,BE,day_ahead_price,value,2026-08-03T21:57:58Z
2026-08-03T21:57:27Z,2026-08-03T23:57:27+0200,d07b3b2b-e83a-4999-877d-e2466ad53d7b,2026-07-13T22:30:00Z,2026-07-14T00:30:00+0200,137.04,EUR/MWh,BE,BE,day_ahead_price,value,2026-08-03T21:57:58Z
2026-08-03T21:57:27Z,2026-08-03T23:57:27+0200,d07b3b2b-e83a-4999-877d-e2466ad53d7b,2026-07-13T22:45:00Z,2026-07-14T00:45:00+0200,131.91,EUR/MWh,BE,BE,day_ahead_price,value,2026-08-03T21:57:58Z
2026-08-03T21:57:27Z,2026-08-03T23:57:27+0200,d07b3b2b-e83a-4999-877d-e2466ad53d7b,2026-07-13T23:00:00Z,2026-07-14T01:00:00+0200,138.79,EUR/MWh,BE,BE,day_ahead_price,value,2026-08-03T21:57:58Z
2026-08-03T21:57:27Z,2026-08-03T23:57:27+0200,d07b3b2b-e83a-4999-877d-e2466ad53d7b,2026-07-13T23:15:00Z,2026-07-14T01:15:00+0200,134.5,EUR/MWh,BE,BE,day_ahead_price,value,2026-08-03T21:57:58Z
2026-08-03T21:57:27Z,2026-08-03T23:57:27+0200,d07b3b2b-e83a-4999-877d-e2466ad53d7b,2026-07-13T23:30:00Z,2026-07-14T01:30:00+0200,132.99,EUR/MWh,BE,BE,day_ahead_price,value,2026-08-03T21:57:58Z
2026-08-03T21:57:27Z,2026-08-03T23:57:27+0200,d07b3b2b-e83a-4999-877d-e2466ad53d7b,2026-07-13T23:45:00Z,2026-07-14T01:45:00+0200,129.27,EUR/MWh,BE,BE,day_ahead_price,value,2026-08-03T21:57:58Z
2026-08-03T21:57:27Z,2026-08-03T23:57:27+0200,d07b3b2b-e83a-4999-877d-e2466ad53d7b,2026-07-14T00:00:00Z,2026-07-14T02:00:00+0200,129.55,EUR/MWh,BE,BE,day_ahead_price,value,2026-08-03T21:57:58Z
2026-08-03T21:57:27Z,2026-08-03T23:57:27+0200,d07b3b2b-e83a-4999-877d-e2466ad53d7b,2026-07-14T00:15:00Z,2026-07-14T02:15:00+0200,126.71,EUR/MWh,BE,BE,day_ahead_price,value,2026-08-03T21:57:58Z
2026-08-03T21:57:27Z,2026-08-03T23:57:27+0200,d07b3b2b-e83a-4999-877d-e2466ad53d7b,2026-07-14T00:30:00Z,2026-07-14T02:30:00+0200,127.44,EUR/MWh,BE,BE,day_ahead_price,value,2026-08-03T21:57:58Z
2026-08-03T21:57:27Z,2026-08-03T23:57:27+0200,d07b3b2b-e83a-4999-877d-e2466ad53d7b,2026-07-14T00:45:00Z,2026-07-14T02:45:00+0200,125.7,EUR/MWh,BE,BE,day_ahead_price,value,2026-08-03T21:57:58Z
2026-08-03T21:57:27Z,2026-08-03T23:57:27+0200,d07b3b2b-e83a-4999-877d-e2466ad53d7b,2026-07-14T01:00:00Z,2026-07-14T03:00:00+0200,128.0,EUR/MWh,BE,BE,day_ahead_price,value,2026-08-03T21:57:58Z
2026-08-03T21:57:27Z,2026-08-03T23:57:27+0200,d07b3b2b-e83a-4999-877d-e2466ad53d7b,2026-07-14T01:15:00Z,2026-07-14T03:15:00+0200,127.28,EUR/MWh,BE,BE,day_ahead_price,value,2026-08-03T21:57:58Z
2026-08-03T21:57:27Z,2026-08-03T23:57:27+0200,d07b3b2b-e83a-4999-877d-e2466ad53d7b,2026-07-14T01:30:00Z,2026-07-14T03:30:00+0200,127.09,EUR/MWh,BE,BE,day_ahead_price,value,2026-08-03T21:57:58Z
2026-08-03T21:57:27Z,2026-08-03T23:57:27+0200,d07b3b2b-e83a-4999-877d-e2466ad53d7b,2026-07-14T01:45:00Z,2026-07-14T03:45:00+0200,126.5,EUR/MWh,BE,BE,day_ahead_price,value,2026-08-03T21:57:58Z
2026-08-03T21:57:27Z,2026-08-03T23:57:27+0200,d07b3b2b-e83a-4999-877d-e2466ad53d7b,2026-07-14T02:00:00Z,2026-07-14T04:00:00+0200,125.62,EUR/MWh,BE,BE,day_ahead_price,value,2026-08-03T21:57:58Z
2026-08-03T21:57:27Z,2026-08-03T23:57:27+0200,d07b3b2b-e83a-4999-877d-e2466ad53d7b,2026-07-14T02:15:00Z,2026-07-14T04:15:00+0200,125.87,EUR/MWh,BE,BE,day_ahead_price,value,2026-08-03T21:57:58Z
2026-08-03T21:57:27Z,2026-08-03T23:57:27+0200,d07b3b2b-e83a-4999-877d-e2466ad53d7b,2026-07-14T02:30:00Z,2026-07-14T04:30:00+0200,128.23,EUR/MWh,BE,BE,day_ahead_price,value,2026-08-03T21:57:58Z
2026-08-03T21:57:27Z,2026-08-03T23:57:27+0200,d07b3b2b-e83a-4999-877d-e2466ad53d7b,2026-07-14T02:45:00Z,2026-07-14T04:45:00+0200,130.88,EUR/MWh,BE,BE,day_ahead_price,value,2026-08-03T21:57:58Z
2026-08-03T21:57:27Z,2026-08-03T23:57:27+0200,d07b3b2b-e83a-4999-877d-e2466ad53d7b,2026-07-14T03:00:00Z,2026-07-14T05:00:00+0200,130.27,EUR/MWh,BE,BE,day_ahead_price,value,2026-08-03T21:57:58Z
2026-08-03T21:57:27Z,2026-08-03T23:57:27+0200,d07b3b2b-e83a-4999-877d-e2466ad53d7b,2026-07-14T03:15:00Z,2026-07-14T05:15:00+0200,133.28,EUR/MWh,BE,BE,day_ahead_price,value,2026-08-03T21:57:58Z
2026-08-03T21:57:27Z,2026-08-03T23:57:27+0200,d07b3b2b-e83a-4999-877d-e2466ad53d7b,2026-07-14T03:30:00Z,2026-07-14T05:30:00+0200,136.93,EUR/MWh,BE,BE,day_ahead_price,value,2026-08-03T21:57:58Z
2026-08-03T21:57:27Z,2026-08-03T23:57:27+0200,d07b3b2b-e83a-4999-877d-e2466ad53d7b,2026-07-14T03:45:00Z,2026-07-14T05:45:00+0200,139.6,EUR/MWh,BE,BE,day_ahead_price,value,2026-08-03T21:57:58Z
2026-08-03T21:57:27Z,2026-08-03T23:57:27+0200,d07b3b2b-e83a-4999-877d-e2466ad53d7b,2026-07-14T04:00:00Z,2026-07-14T06:00:00+0200,139.35,EUR/MWh,BE,BE,day_ahead_price,value,2026-08-03T21:57:58Z
2026-08-03T21:57:27Z,2026-08-03T23:57:27+0200,d07b3b2b-e83a-4999-877d-e2466ad53d7b,2026-07-14T04:15:00Z,2026-07-14T06:15:00+0200,134.81,EUR/MWh,BE,BE,day_ahead_price,value,2026-08-03T21:57:58Z
2026-08-03T21:57:27Z,2026-08-03T23:57:27+0200,d07b3b2b-e83a-4999-877d-e2466ad53d7b,2026-07-14T04:30:00Z,2026-07-14T06:30:00+0200,140.0,EUR/MWh,BE,BE,day_ahead_price,value,2026-08-03T21:57:58Z
2026-08-03T21:57:27Z,2026-08-03T23:57:27+0200,d07b3b2b-e83a-4999-877d-e2466ad53d7b,2026-07-14T04:45:00Z,2026-07-14T06:45:00+0200,139.31,EUR/MWh,BE,BE,day_ahead_price,value,2026-08-03T21:57:58Z
2026-08-03T21:57:27Z,2026-08-03T23:57:27+0200,d07b3b2b-e83a-4999-877d-e2466ad53d7b,2026-07-14T05:00:00Z,2026-07-14T07:00:00+0200,139.11,EUR/MWh,BE,BE,day_ahead_price,value,2026-08-03T21:57:58Z
2026-08-03T21:57:27Z,2026-08-03T23:57:27+0200,d07b3b2b-e83a-4999-877d-e2466ad53d7b,2026-07-14T05:15:00Z,2026-07-14T07:15:00+0200,143.8,EUR/MWh,BE,BE,day_ahead_price,value,2026-08-03T21:57:58Z
2026-08-03T21:57:27Z,2026-08-03T23:57:27+0200,d07b3b2b-e83a-4999-877d-e2466ad53d7b,2026-07-14T05:30:00Z,2026-07-14T07:30:00+0200,144.48,EUR/MWh,BE,BE,day_ahead_price,value,2026-08-03T21:57:58Z
2026-08-03T21:57:27Z,2026-08-03T23:57:27+0200,d07b3b2b-e83a-4999-877d-e2466ad53d7b,2026-07-14T05:45:00Z,2026-07-14T07:45:00+0200,138.25,EUR/MWh,BE,BE,day_ahead_price,value,2026-08-03T21:57:58Z
2026-08-03T21:57:27Z,2026-08-03T23:57:27+0200,d07b3b2b-e83a-4999-877d-e2466ad53d7b,2026-07-14T06:00:00Z,2026-07-14T08:00:00+0200,148.37,EUR/MWh,BE,BE,day_ahead_price,value,2026-08-03T21:57:58Z
2026-08-03T21:57:27Z,2026-08-03T23:57:27+0200,d07b3b2b-e83a-4999-877d-e2466ad53d7b,2026-07-14T06:15:00Z,2026-07-14T08:15:00+0200,138.16,EUR/MWh,BE,BE,day_ahead_price,value,2026-08-03T21:57:58Z
2026-08-03T21:57:27Z,2026-08-03T23:57:27+0200,d07b3b2b-e83a-4999-877d-e2466ad53d7b,2026-07-14T06:30:00Z,2026-07-14T08:30:00+0200,131.45,EUR/MWh,BE,BE,day_ahead_price,value,2026-08-03T21:57:58Z
2026-08-03T21:57:27Z,2026-08-03T23:57:27+0200,d07b3b2b-e83a-4999-877d-e2466ad53d7b,2026-07-14T06:45:00Z,2026-07-14T08:45:00+0200,120.58,EUR/MWh,BE,BE,day_ahead_price,value,2026-08-03T21:57:58Z
2026-08-03T21:57:27Z,2026-08-03T23:57:27+0200,d07b3b2b-e83a-4999-877d-e2466ad53d7b,2026-07-14T07:00:00Z,2026-07-14T09:00:00+0200,135.0,EUR/MWh,BE,BE,day_ahead_price,value,2026-08-03T21:57:58Z
2026-08-03T21:57:27Z,2026-08-03T23:57:27+0200,d07b3b2b-e83a-4999-877d-e2466ad53d7b,2026-07-14T07:15:00Z,2026-07-14T09:15:00+0200,124.53,EUR/MWh,BE,BE,day_ahead_price,value,2026-08-03T21:57:58Z
2026-08-03T21:57:27Z,2026-08-03T23:57:27+0200,d07b3b2b-e83a-4999-877d-e2466ad53d7b,2026-07-14T07:30:00Z,2026-07-14T09:30:00+0200,114.13,EUR/MWh,BE,BE,day_ahead_price,value,2026-08-03T21:57:58Z
2026-08-03T21:57:27Z,2026-08-03T23:57:27+0200,d07b3b2b-e83a-4999-877d-e2466ad53d7b,2026-07-14T07:45:00Z,2026-07-14T09:45:00+0200,105.81,EUR/MWh,BE,BE,day_ahead_price,value,2026-08-03T21:57:58Z
2026-08-03T21:57:27Z,2026-08-03T23:57:27+0200,d07b3b2b-e83a-4999-877d-e2466ad53d7b,2026-07-14T08:00:00Z,2026-07-14T10:00:00+0200,121.91,EUR/MWh,BE,BE,day_ahead_price,value,2026-08-03T21:57:58Z
2026-08-03T21:57:27Z,2026-08-03T23:57:27+0200,d07b3b2b-e83a-4999-877d-e2466ad53d7b,2026-07-14T08:15:00Z,2026-07-14T10:15:00+0200,106.43,EUR/MWh,BE,BE,day_ahead_price,value,2026-08-03T21:57:58Z
2026-08-03T21:57:27Z,2026-08-03T23:57:27+0200,d07b3b2b-e83a-4999-877d-e2466ad53d7b,2026-07-14T08:30:00Z,2026-07-14T10:30:00+0200,102.04,EUR/MWh,BE,BE,day_ahead_price,value,2026-08-03T21:57:58Z
2026-08-03T21:57:27Z,2026-08-03T23:57:27+0200,d07b3b2b-e83a-4999-877d-e2466ad53d7b,2026-07-14T08:45:00Z,2026-07-14T10:45:00+0200,94.61,EUR/MWh,BE,BE,day_ahead_price,value,2026-08-03T21:57:58Z
2026-08-03T21:57:27Z,2026-08-03T23:57:27+0200,d07b3b2b-e83a-4999-877d-e2466ad53d7b,2026-07-14T09:00:00Z,2026-07-14T11:00:00+0200,100.34,EUR/MWh,BE,BE,day_ahead_price,value,2026-08-03T21:57:58Z
2026-08-03T21:57:27Z,2026-08-03T23:57:27+0200,d07b3b2b-e83a-4999-877d-e2466ad53d7b,2026-07-14T09:15:00Z,2026-07-14T11:15:00+0200,102.25,EUR/MWh,BE,BE,day_ahead_price,value,2026-08-03T21:57:58Z
2026-08-03T21:57:27Z,2026-08-03T23:57:27+0200,d07b3b2b-e83a-4999-877d-e2466ad53d7b,2026-07-14T09:30:00Z,2026-07-14T11:30:00+0200,119.72,EUR/MWh,BE,BE,day_ahead_price,value,2026-08-03T21:57:58Z
2026-08-03T21:57:27Z,2026-08-03T23:57:27+0200,d07b3b2b-e83a-4999-877d-e2466ad53d7b,2026-07-14T09:45:00Z,2026-07-14T11:45:00+0200,128.11,EUR/MWh,BE,BE,day_ahead_price,value,2026-08-03T21:57:58Z
2026-08-03T21:57:27Z,2026-08-03T23:57:27+0200,d07b3b2b-e83a-4999-877d-e2466ad53d7b,2026-07-14T10:00:00Z,2026-07-14T12:00:00+0200,116.19,EUR/MWh,BE,BE,day_ahead_price,value,2026-08-03T21:57:58Z
2026-08-03T21:57:27Z,2026-08-03T23:57:27+0200,d07b3b2b-e83a-4999-877d-e2466ad53d7b,2026-07-14T10:15:00Z,2026-07-14T12:15:00+0200,104.65,EUR/MWh,BE,BE,day_ahead_price,value,2026-08-03T21:57:58Z
2026-08-03T21:57:27Z,2026-08-03T23:57:27+0200,d07b3b2b-e83a-4999-877d-e2466ad53d7b,2026-07-14T10:30:00Z,2026-07-14T12:30:00+0200,97.21,EUR/MWh,BE,BE,day_ahead_price,value,2026-08-03T21:57:58Z
2026-08-03T21:57:27Z,2026-08-03T23:57:27+0200,d07b3b2b-e83a-4999-877d-e2466ad53d7b,2026-07-14T10:45:00Z,2026-07-14T12:45:00+0200,96.57,EUR/MWh,BE,BE,day_ahead_price,value,2026-08-03T21:57:58Z
2026-08-03T21:57:27Z,2026-08-03T23:57:27+0200,d07b3b2b-e83a-4999-877d-e2466ad53d7b,2026-07-14T11:00:00Z,2026-07-14T13:00:00+0200,109.3,EUR/MWh,BE,BE,day_ahead_price,value,2026-08-03T21:57:58Z
2026-08-03T21:57:27Z,2026-08-03T23:57:27+0200,d07b3b2b-e83a-4999-877d-e2466ad53d7b,2026-07-14T11:15:00Z,2026-07-14T13:15:00+0200,106.08,EUR/MWh,BE,BE,day_ahead_price,value,2026-08-03T21:57:58Z
2026-08-03T21:57:27Z,2026-08-03T23:57:27+0200,d07b3b2b-e83a-4999-877d-e2466ad53d7b,2026-07-14T11:30:00Z,2026-07-14T13:30:00+0200,101.07,EUR/MWh,BE,BE,day_ahead_price,value,2026-08-03T21:57:58Z
2026-08-03T21:57:27Z,2026-08-03T23:57:27+0200,d07b3b2b-e83a-4999-877d-e2466ad53d7b,2026-07-14T11:45:00Z,2026-07-14T13:45:00+0200,89.56,EUR/MWh,BE,BE,day_ahead_price,value,2026-08-03T21:57:58Z
2026-08-03T21:57:27Z,2026-08-03T23:57:27+0200,d07b3b2b-e83a-4999-877d-e2466ad53d7b,2026-07-14T12:00:00Z,2026-07-14T14:00:00+0200,96.7,EUR/MWh,BE,BE,day_ahead_price,value,2026-08-03T21:57:58Z
2026-08-03T21:57:27Z,2026-08-03T23:57:27+0200,d07b3b2b-e83a-4999-877d-e2466ad53d7b,2026-07-14T12:15:00Z,2026-07-14T14:15:00+0200,105.6,EUR/MWh,BE,BE,day_ahead_price,value,2026-08-03T21:57:58Z
2026-08-03T21:57:27Z,2026-08-03T23:57:27+0200,d07b3b2b-e83a-4999-877d-e2466ad53d7b,2026-07-14T12:30:00Z,2026-07-14T14:30:00+0200,112.3,EUR/MWh,BE,BE,day_ahead_price,value,2026-08-03T21:57:58Z
2026-08-03T21:57:27Z,2026-08-03T23:57:27+0200,d07b3b2b-e83a-4999-877d-e2466ad53d7b,2026-07-14T12:45:00Z,2026-07-14T14:45:00+0200,123.1,EUR/MWh,BE,BE,day_ahead_price,value,2026-08-03T21:57:58Z
2026-08-03T21:57:27Z,2026-08-03T23:57:27+0200,d07b3b2b-e83a-4999-877d-e2466ad53d7b,2026-07-14T13:00:00Z,2026-07-14T15:00:00+0200,99.26,EUR/MWh,BE,BE,day_ahead_price,value,2026-08-03T21:57:58Z
2026-08-03T21:57:27Z,2026-08-03T23:57:27+0200,d07b3b2b-e83a-4999-877d-e2466ad53d7b,2026-07-14T13:15:00Z,2026-07-14T15:15:00+0200,100.99,EUR/MWh,BE,BE,day_ahead_price,value,2026-08-03T21:57:58Z
2026-08-03T21:57:27Z,2026-08-03T23:57:27+0200,d07b3b2b-e83a-4999-877d-e2466ad53d7b,2026-07-14T13:30:00Z,2026-07-14T15:30:00+0200,110.39,EUR/MWh,BE,BE,day_ahead_price,value,2026-08-03T21:57:58Z
2026-08-03T21:57:27Z,2026-08-03T23:57:27+0200,d07b3b2b-e83a-4999-877d-e2466ad53d7b,2026-07-14T13:45:00Z,2026-07-14T15:45:00+0200,111.92,EUR/MWh,BE,BE,day_ahead_price,value,2026-08-03T21:57:58Z
2026-08-03T21:57:27Z,2026-08-03T23:57:27+0200,d07b3b2b-e83a-4999-877d-e2466ad53d7b,2026-07-14T14:00:00Z,2026-07-14T16:00:00+0200,79.56,EUR/MWh,BE,BE,day_ahead_price,value,2026-08-03T21:57:58Z
2026-08-03T21:57:27Z,2026-08-03T23:57:27+0200,d07b3b2b-e83a-4999-877d-e2466ad53d7b,2026-07-14T14:15:00Z,2026-07-14T16:15:00+0200,99.89,EUR/MWh,BE,BE,day_ahead_price,value,2026-08-03T21:57:58Z
2026-08-03T21:57:27Z,2026-08-03T23:57:27+0200,d07b3b2b-e83a-4999-877d-e2466ad53d7b,2026-07-14T14:30:00Z,2026-07-14T16:30:00+0200,106.54,EUR/MWh,BE,BE,day_ahead_price,value,2026-08-03T21:57:58Z
2026-08-03T21:57:27Z,2026-08-03T23:57:27+0200,d07b3b2b-e83a-4999-877d-e2466ad53d7b,2026-07-14T14:45:00Z,2026-07-14T16:45:00+0200,116.67,EUR/MWh,BE,BE,day_ahead_price,value,2026-08-03T21:57:58Z
2026-08-03T21:57:27Z,2026-08-03T23:57:27+0200,d07b3b2b-e83a-4999-877d-e2466ad53d7b,2026-07-14T15:00:00Z,2026-07-14T17:00:00+0200,106.8,EUR/MWh,BE,BE,day_ahead_price,value,2026-08-03T21:57:58Z
2026-08-03T21:57:27Z,2026-08-03T23:57:27+0200,d07b3b2b-e83a-4999-877d-e2466ad53d7b,2026-07-14T15:15:00Z,2026-07-14T17:15:00+0200,117.02,EUR/MWh,BE,BE,day_ahead_price,value,2026-08-03T21:57:58Z
2026-08-03T21:57:27Z,2026-08-03T23:57:27+0200,d07b3b2b-e83a-4999-877d-e2466ad53d7b,2026-07-14T15:30:00Z,2026-07-14T17:30:00+0200,135.14,EUR/MWh,BE,BE,day_ahead_price,value,2026-08-03T21:57:58Z
2026-08-03T21:57:27Z,2026-08-03T23:57:27+0200,d07b3b2b-e83a-4999-877d-e2466ad53d7b,2026-07-14T15:45:00Z,2026-07-14T17:45:00+0200,137.13,EUR/MWh,BE,BE,day_ahead_price,value,2026-08-03T21:57:58Z
2026-08-03T21:57:27Z,2026-08-03T23:57:27+0200,d07b3b2b-e83a-4999-877d-e2466ad53d7b,2026-07-14T16:00:00Z,2026-07-14T18:00:00+0200,123.56,EUR/MWh,BE,BE,day_ahead_price,value,2026-08-03T21:57:58Z
2026-08-03T21:57:27Z,2026-08-03T23:57:27+0200,d07b3b2b-e83a-4999-877d-e2466ad53d7b,2026-07-14T16:15:00Z,2026-07-14T18:15:00+0200,131.59,EUR/MWh,BE,BE,day_ahead_price,value,2026-08-03T21:57:58Z
2026-08-03T21:57:27Z,2026-08-03T23:57:27+0200,d07b3b2b-e83a-4999-877d-e2466ad53d7b,2026-07-14T16:30:00Z,2026-07-14T18:30:00+0200,140.0,EUR/MWh,BE,BE,day_ahead_price,value,2026-08-03T21:57:58Z
2026-08-03T21:57:27Z,2026-08-03T23:57:27+0200,d07b3b2b-e83a-4999-877d-e2466ad53d7b,2026-07-14T16:45:00Z,2026-07-14T18:45:00+0200,149.39,EUR/MWh,BE,BE,day_ahead_price,value,2026-08-03T21:57:58Z
2026-08-03T21:57:27Z,2026-08-03T23:57:27+0200,d07b3b2b-e83a-4999-877d-e2466ad53d7b,2026-07-14T17:00:00Z,2026-07-14T19:00:00+0200,142.98,EUR/MWh,BE,BE,day_ahead_price,value,2026-08-03T21:57:58Z
2026-08-03T21:57:27Z,2026-08-03T23:57:27+0200,d07b3b2b-e83a-4999-877d-e2466ad53d7b,2026-07-14T17:15:00Z,2026-07-14T19:15:00+0200,155.0,EUR/MWh,BE,BE,day_ahead_price,value,2026-08-03T21:57:58Z
2026-08-03T21:57:27Z,2026-08-03T23:57:27+0200,d07b3b2b-e83a-4999-877d-e2466ad53d7b,2026-07-14T17:30:00Z,2026-07-14T19:30:00+0200,161.92,EUR/MWh,BE,BE,day_ahead_price,value,2026-08-03T21:57:58Z
2026-08-03T21:57:27Z,2026-08-03T23:57:27+0200,d07b3b2b-e83a-4999-877d-e2466ad53d7b,2026-07-14T17:45:00Z,2026-07-14T19:45:00+0200,156.38,EUR/MWh,BE,BE,day_ahead_price,value,2026-08-03T21:57:58Z
2026-08-03T21:57:27Z,2026-08-03T23:57:27+0200,d07b3b2b-e83a-4999-877d-e2466ad53d7b,2026-07-14T18:00:00Z,2026-07-14T20:00:00+0200,150.22,EUR/MWh,BE,BE,day_ahead_price,value,2026-08-03T21:57:58Z
2026-08-03T21:57:27Z,2026-08-03T23:57:27+0200,d07b3b2b-e83a-4999-877d-e2466ad53d7b,2026-07-14T18:15:00Z,2026-07-14T20:15:00+0200,148.48,EUR/MWh,BE,BE,day_ahead_price,value,2026-08-03T21:57:58Z
2026-08-03T21:57:27Z,2026-08-03T23:57:27+0200,d07b3b2b-e83a-4999-877d-e2466ad53d7b,2026-07-14T18:30:00Z,2026-07-14T20:30:00+0200,174.63,EUR/MWh,BE,BE,day_ahead_price,value,2026-08-03T21:57:58Z
2026-08-03T21:57:27Z,2026-08-03T23:57:27+0200,d07b3b2b-e83a-4999-877d-e2466ad53d7b,2026-07-14T18:45:00Z,2026-07-14T20:45:00+0200,180.58,EUR/MWh,BE,BE,day_ahead_price,value,2026-08-03T21:57:58Z
2026-08-03T21:57:27Z,2026-08-03T23:57:27+0200,d07b3b2b-e83a-4999-877d-e2466ad53d7b,2026-07-14T19:00:00Z,2026-07-14T21:00:00+0200,169.18,EUR/MWh,BE,BE,day_ahead_price,value,2026-08-03T21:57:58Z
2026-08-03T21:57:27Z,2026-08-03T23:57:27+0200,d07b3b2b-e83a-4999-877d-e2466ad53d7b,2026-07-14T19:15:00Z,2026-07-14T21:15:00+0200,174.32,EUR/MWh,BE,BE,day_ahead_price,value,2026-08-03T21:57:58Z
2026-08-03T21:57:27Z,2026-08-03T23:57:27+0200,d07b3b2b-e83a-4999-877d-e2466ad53d7b,2026-07-14T19:30:00Z,2026-07-14T21:30:00+0200,174.02,EUR/MWh,BE,BE,day_ahead_price,value,2026-08-03T21:57:58Z
2026-08-03T21:57:27Z,2026-08-03T23:57:27+0200,d07b3b2b-e83a-4999-877d-e2466ad53d7b,2026-07-14T19:45:00Z,2026-07-14T21:45:00+0200,171.96,EUR/MWh,BE,BE,day_ahead_price,value,2026-08-03T21:57:58Z
2026-08-03T21:57:27Z,2026-08-03T23:57:27+0200,d07b3b2b-e83a-4999-877d-e2466ad53d7b,2026-07-14T20:00:00Z,2026-07-14T22:00:00+0200,178.44,EUR/MWh,BE,BE,day_ahead_price,value,2026-08-03T21:57:58Z
2026-08-03T21:57:27Z,2026-08-03T23:57:27+0200,d07b3b2b-e83a-4999-877d-e2466ad53d7b,2026-07-14T20:15:00Z,2026-07-14T22:15:00+0200,170.58,EUR/MWh,BE,BE,day_ahead_price,value,2026-08-03T21:57:58Z
2026-08-03T21:57:27Z,2026-08-03T23:57:27+0200,d07b3b2b-e83a-4999-877d-e2466ad53d7b,2026-07-14T20:30:00Z,2026-07-14T22:30:00+0200,167.11,EUR/MWh,BE,BE,day_ahead_price,value,2026-08-03T21:57:58Z
2026-08-03T21:57:27Z,2026-08-03T23:57:27+0200,d07b3b2b-e83a-4999-877d-e2466ad53d7b,2026-07-14T20:45:00Z,2026-07-14T22:45:00+0200,158.93,EUR/MWh,BE,BE,day_ahead_price,value,2026-08-03T21:57:58Z
2026-08-03T21:57:27Z,2026-08-03T23:57:27+0200,d07b3b2b-e83a-4999-877d-e2466ad53d7b,2026-07-14T21:00:00Z,2026-07-14T23:00:00+0200,158.51,EUR/MWh,BE,BE,day_ahead_price,value,2026-08-03T21:57:58Z
2026-08-03T21:57:27Z,2026-08-03T23:57:27+0200,d07b3b2b-e83a-4999-877d-e2466ad53d7b,2026-07-14T21:15:00Z,2026-07-14T23:15:00+0200,153.0,EUR/MWh,BE,BE,day_ahead_price,value,2026-08-03T21:57:58Z
2026-08-03T21:57:27Z,2026-08-03T23:57:27+0200,d07b3b2b-e83a-4999-877d-e2466ad53d7b,2026-07-14T21:30:00Z,2026-07-14T23:30:00+0200,150.31,EUR/MWh,BE,BE,day_ahead_price,value,2026-08-03T21:57:58Z
2026-08-03T21:57:27Z,2026-08-03T23:57:27+0200,d07b3b2b-e83a-4999-877d-e2466ad53d7b,2026-07-14T21:45:00Z,2026-07-14T23:45:00+0200,144.26,EUR/MWh,BE,BE,day_ahead_price,value,2026-08-03T21:57:58Z
2026-08-03T21:57:27Z,2026-08-03T23:57:27+0200,d07b3b2b-e83a-4999-877d-e2466ad53d7b,2026-07-14T22:00:00Z,2026-07-15T00:00:00+0200,158.34,EUR/MWh,BE,BE,day_ahead_price,value,2026-08-03T21:57:58Z
2026-08-03T21:57:27Z,2026-08-03T23:57:27+0200,d07b3b2b-e83a-4999-877d-e2466ad53d7b,2026-07-14T22:15:00Z,2026-07-15T00:15:00+0200,154.5,EUR/MWh,BE,BE,day_ahead_price,value,2026-08-03T21:57:58Z
2026-08-03T21:57:27Z,2026-08-03T23:57:27+0200,d07b3b2b-e83a-4999-877d-e2466ad53d7b,2026-07-14T22:30:00Z,2026-07-15T00:30:00+0200,147.37,EUR/MWh,BE,BE,day_ahead_price,value,2026-08-03T21:57:58Z
2026-08-03T21:57:27Z,2026-08-03T23:57:27+0200,d07b3b2b-e83a-4999-877d-e2466ad53d7b,2026-07-14T22:45:00Z,2026-07-15T00:45:00+0200,141.39,EUR/MWh,BE,BE,day_ahead_price,value,2026-08-03T21:57:58Z
2026-08-03T21:57:27Z,2026-08-03T23:57:27+0200,d07b3b2b-e83a-4999-877d-e2466ad53d7b,2026-07-14T23:00:00Z,2026-07-15T01:00:00+0200,150.45,EUR/MWh,BE,BE,day_ahead_price,value,2026-08-03T21:57:58Z
2026-08-03T21:57:27Z,2026-08-03T23:57:27+0200,d07b3b2b-e83a-4999-877d-e2466ad53d7b,2026-07-14T23:15:00Z,2026-07-15T01:15:00+0200,145.0,EUR/MWh,BE,BE,day_ahead_price,value,2026-08-03T21:57:58Z
2026-08-03T21:57:27Z,2026-08-03T23:57:27+0200,d07b3b2b-e83a-4999-877d-e2466ad53d7b,2026-07-14T23:30:00Z,2026-07-15T01:30:00+0200,142.9,EUR/MWh,BE,BE,day_ahead_price,value,2026-08-03T21:57:58Z
2026-08-03T21:57:27Z,2026-08-03T23:57:27+0200,d07b3b2b-e83a-4999-877d-e2466ad53d7b,2026-07-14T23:45:00Z,2026-07-15T01:45:00+0200,139.44,EUR/MWh,BE,BE,day_ahead_price,value,2026-08-03T21:57:58Z
2026-08-03T21:57:27Z,2026-08-03T23:57:27+0200,d07b3b2b-e83a-4999-877d-e2466ad53d7b,2026-07-15T00:00:00Z,2026-07-15T02:00:00+0200,141.39,EUR/MWh,BE,BE,day_ahead_price,value,2026-08-03T21:57:58Z
2026-08-03T21:57:27Z,2026-08-03T23:57:27+0200,d07b3b2b-e83a-4999-877d-e2466ad53d7b,2026-07-15T00:15:00Z,2026-07-15T02:15:00+0200,138.28,EUR/MWh,BE,BE,day_ahead_price,value,2026-08-03T21:57:58Z
2026-08-03T21:57:27Z,2026-08-03T23:57:27+0200,d07b3b2b-e83a-4999-877d-e2466ad53d7b,2026-07-15T00:30:00Z,2026-07-15T02:30:00+0200,138.73,EUR/MWh,BE,BE,day_ahead_price,value,2026-08-03T21:57:58Z
2026-08-03T21:57:27Z,2026-08-03T23:57:27+0200,d07b3b2b-e83a-4999-877d-e2466ad53d7b,2026-07-15T00:45:00Z,2026-07-15T02:45:00+0200,131.81,EUR/MWh,BE,BE,day_ahead_price,value,2026-08-03T21:57:58Z
2026-08-03T21:57:27Z,2026-08-03T23:57:27+0200,d07b3b2b-e83a-4999-877d-e2466ad53d7b,2026-07-15T01:00:00Z,2026-07-15T03:00:00+0200,136.5,EUR/MWh,BE,BE,day_ahead_price,value,2026-08-03T21:57:58Z
2026-08-03T21:57:27Z,2026-08-03T23:57:27+0200,d07b3b2b-e83a-4999-877d-e2466ad53d7b,2026-07-15T01:15:00Z,2026-07-15T03:15:00+0200,108.92,EUR/MWh,BE,BE,day_ahead_price,value,2026-08-03T21:57:58Z
2026-08-03T21:57:27Z,2026-08-03T23:57:27+0200,d07b3b2b-e83a-4999-877d-e2466ad53d7b,2026-07-15T01:30:00Z,2026-07-15T03:30:00+0200,134.0,EUR/MWh,BE,BE,day_ahead_price,value,2026-08-03T21:57:58Z
2026-08-03T21:57:27Z,2026-08-03T23:57:27+0200,d07b3b2b-e83a-4999-877d-e2466ad53d7b,2026-07-15T01:45:00Z,2026-07-15T03:45:00+0200,125.41,EUR/MWh,BE,BE,day_ahead_price,value,2026-08-03T21:57:58Z
2026-08-03T21:57:27Z,2026-08-03T23:57:27+0200,d07b3b2b-e83a-4999-877d-e2466ad53d7b,2026-07-15T02:00:00Z,2026-07-15T04:00:00+0200,136.5,EUR/MWh,BE,BE,day_ahead_price,value,2026-08-03T21:57:58Z
2026-08-03T21:57:27Z,2026-08-03T23:57:27+0200,d07b3b2b-e83a-4999-877d-e2466ad53d7b,2026-07-15T02:15:00Z,2026-07-15T04:15:00+0200,128.34,EUR/MWh,BE,BE,day_ahead_price,value,2026-08-03T21:57:58Z
2026-08-03T21:57:27Z,2026-08-03T23:57:27+0200,d07b3b2b-e83a-4999-877d-e2466ad53d7b,2026-07-15T02:30:00Z,2026-07-15T04:30:00+0200,120.93,EUR/MWh,BE,BE,day_ahead_price,value,2026-08-03T21:57:58Z
2026-08-03T21:57:27Z,2026-08-03T23:57:27+0200,d07b3b2b-e83a-4999-877d-e2466ad53d7b,2026-07-15T02:45:00Z,2026-07-15T04:45:00+0200,128.83,EUR/MWh,BE,BE,day_ahead_price,value,2026-08-03T21:57:58Z
2026-08-03T21:57:27Z,2026-08-03T23:57:27+0200,d07b3b2b-e83a-4999-877d-e2466ad53d7b,2026-07-15T03:00:00Z,2026-07-15T05:00:00+0200,116.71,EUR/MWh,BE,BE,day_ahead_price,value,2026-08-03T21:57:58Z
2026-08-03T21:57:27Z,2026-08-03T23:57:27+0200,d07b3b2b-e83a-4999-877d-e2466ad53d7b,2026-07-15T03:15:00Z,2026-07-15T05:15:00+0200,132.22,EUR/MWh,BE,BE,day_ahead_price,value,2026-08-03T21:57:58Z
2026-08-03T21:57:27Z,2026-08-03T23:57:27+0200,d07b3b2b-e83a-4999-877d-e2466ad53d7b,2026-07-15T03:30:00Z,2026-07-15T05:30:00+0200,145.39,EUR/MWh,BE,BE,day_ahead_price,value,2026-08-03T21:57:58Z
2026-08-03T21:57:27Z,2026-08-03T23:57:27+0200,d07b3b2b-e83a-4999-877d-e2466ad53d7b,2026-07-15T03:45:00Z,2026-07-15T05:45:00+0200,150.58,EUR/MWh,BE,BE,day_ahead_price,value,2026-08-03T21:57:58Z
2026-08-03T21:57:27Z,2026-08-03T23:57:27+0200,d07b3b2b-e83a-4999-877d-e2466ad53d7b,2026-07-15T04:00:00Z,2026-07-15T06:00:00+0200,129.38,EUR/MWh,BE,BE,day_ahead_price,value,2026-08-03T21:57:58Z
2026-08-03T21:57:27Z,2026-08-03T23:57:27+0200,d07b3b2b-e83a-4999-877d-e2466ad53d7b,2026-07-15T04:15:00Z,2026-07-15T06:15:00+0200,148.52,EUR/MWh,BE,BE,day_ahead_price,value,2026-08-03T21:57:58Z
2026-08-03T21:57:27Z,2026-08-03T23:57:27+0200,d07b3b2b-e83a-4999-877d-e2466ad53d7b,2026-07-15T04:30:00Z,2026-07-15T06:30:00+0200,149.45,EUR/MWh,BE,BE,day_ahead_price,value,2026-08-03T21:57:58Z
2026-08-03T21:57:27Z,2026-08-03T23:57:27+0200,d07b3b2b-e83a-4999-877d-e2466ad53d7b,2026-07-15T04:45:00Z,2026-07-15T06:45:00+0200,150.0,EUR/MWh,BE,BE,day_ahead_price,value,2026-08-03T21:57:58Z
2026-08-03T21:57:27Z,2026-08-03T23:57:27+0200,d07b3b2b-e83a-4999-877d-e2466ad53d7b,2026-07-15T05:00:00Z,2026-07-15T07:00:00+0200,160.27,EUR/MWh,BE,BE,day_ahead_price,value,2026-08-03T21:57:58Z
2026-08-03T21:57:27Z,2026-08-03T23:57:27+0200,d07b3b2b-e83a-4999-877d-e2466ad53d7b,2026-07-15T05:15:00Z,2026-07-15T07:15:00+0200,163.29,EUR/MWh,BE,BE,day_ahead_price,value,2026-08-03T21:57:58Z
2026-08-03T21:57:27Z,2026-08-03T23:57:27+0200,d07b3b2b-e83a-4999-877d-e2466ad53d7b,2026-07-15T05:30:00Z,2026-07-15T07:30:00+0200,164.39,EUR/MWh,BE,BE,day_ahead_price,value,2026-08-03T21:57:58Z
2026-08-03T21:57:27Z,2026-08-03T23:57:27+0200,d07b3b2b-e83a-4999-877d-e2466ad53d7b,2026-07-15T05:45:00Z,2026-07-15T07:45:00+0200,159.04,EUR/MWh,BE,BE,day_ahead_price,value,2026-08-03T21:57:58Z
2026-08-03T21:57:27Z,2026-08-03T23:57:27+0200,d07b3b2b-e83a-4999-877d-e2466ad53d7b,2026-07-15T06:00:00Z,2026-07-15T08:00:00+0200,167.28,EUR/MWh,BE,BE,day_ahead_price,value,2026-08-03T21:57:58Z
2026-08-03T21:57:27Z,2026-08-03T23:57:27+0200,d07b3b2b-e83a-4999-877d-e2466ad53d7b,2026-07-15T06:15:00Z,2026-07-15T08:15:00+0200,166.05,EUR/MWh,BE,BE,day_ahead_price,value,2026-08-03T21:57:58Z
2026-08-03T21:57:27Z,2026-08-03T23:57:27+0200,d07b3b2b-e83a-4999-877d-e2466ad53d7b,2026-07-15T06:30:00Z,2026-07-15T08:30:00+0200,153.39,EUR/MWh,BE,BE,day_ahead_price,value,2026-08-03T21:57:58Z
2026-08-03T21:57:27Z,2026-08-03T23:57:27+0200,d07b3b2b-e83a-4999-877d-e2466ad53d7b,2026-07-15T06:45:00Z,2026-07-15T08:45:00+0200,139.78,EUR/MWh,BE,BE,day_ahead_price,value,2026-08-03T21:57:58Z
2026-08-03T21:57:27Z,2026-08-03T23:57:27+0200,d07b3b2b-e83a-4999-877d-e2466ad53d7b,2026-07-15T07:00:00Z,2026-07-15T09:00:00+0200,149.89,EUR/MWh,BE,BE,day_ahead_price,value,2026-08-03T21:57:58Z
2026-08-03T21:57:27Z,2026-08-03T23:57:27+0200,d07b3b2b-e83a-4999-877d-e2466ad53d7b,2026-07-15T07:15:00Z,2026-07-15T09:15:00+0200,139.38,EUR/MWh,BE,BE,day_ahead_price,value,2026-08-03T21:57:58Z
2026-08-03T21:57:27Z,2026-08-03T23:57:27+0200,d07b3b2b-e83a-4999-877d-e2466ad53d7b,2026-07-15T07:30:00Z,2026-07-15T09:30:00+0200,130.3,EUR/MWh,BE,BE,day_ahead_price,value,2026-08-03T21:57:58Z
2026-08-03T21:57:27Z,2026-08-03T23:57:27+0200,d07b3b2b-e83a-4999-877d-e2466ad53d7b,2026-07-15T07:45:00Z,2026-07-15T09:45:00+0200,120.34,EUR/MWh,BE,BE,day_ahead_price,value,2026-08-03T21:57:58Z
2026-08-03T21:57:27Z,2026-08-03T23:57:27+0200,d07b3b2b-e83a-4999-877d-e2466ad53d7b,2026-07-15T08:00:00Z,2026-07-15T10:00:00+0200,144.94,EUR/MWh,BE,BE,day_ahead_price,value,2026-08-03T21:57:58Z
2026-08-03T21:57:27Z,2026-08-03T23:57:27+0200,d07b3b2b-e83a-4999-877d-e2466ad53d7b,2026-07-15T08:15:00Z,2026-07-15T10:15:00+0200,129.1,EUR/MWh,BE,BE,day_ahead_price,value,2026-08-03T21:57:58Z
2026-08-03T21:57:27Z,2026-08-03T23:57:27+0200,d07b3b2b-e83a-4999-877d-e2466ad53d7b,2026-07-15T08:30:00Z,2026-07-15T10:30:00+0200,101.99,EUR/MWh,BE,BE,day_ahead_price,value,2026-08-03T21:57:58Z
2026-08-03T21:57:27Z,2026-08-03T23:57:27+0200,d07b3b2b-e83a-4999-877d-e2466ad53d7b,2026-07-15T08:45:00Z,2026-07-15T10:45:00+0200,98.08,EUR/MWh,BE,BE,day_ahead_price,value,2026-08-03T21:57:58Z
2026-08-03T21:57:27Z,2026-08-03T23:57:27+0200,d07b3b2b-e83a-4999-877d-e2466ad53d7b,2026-07-15T09:00:00Z,2026-07-15T11:00:00+0200,126.36,EUR/MWh,BE,BE,day_ahead_price,value,2026-08-03T21:57:58Z
2026-08-03T21:57:27Z,2026-08-03T23:57:27+0200,d07b3b2b-e83a-4999-877d-e2466ad53d7b,2026-07-15T09:15:00Z,2026-07-15T11:15:00+0200,115.37,EUR/MWh,BE,BE,day_ahead_price,value,2026-08-03T21:57:58Z
2026-08-03T21:57:27Z,2026-08-03T23:57:27+0200,d07b3b2b-e83a-4999-877d-e2466ad53d7b,2026-07-15T09:30:00Z,2026-07-15T11:30:00+0200,101.54,EUR/MWh,BE,BE,day_ahead_price,value,2026-08-03T21:57:58Z
2026-08-03T21:57:27Z,2026-08-03T23:57:27+0200,d07b3b2b-e83a-4999-877d-e2466ad53d7b,2026-07-15T09:45:00Z,2026-07-15T11:45:00+0200,104.73,EUR/MWh,BE,BE,day_ahead_price,value,2026-08-03T21:57:58Z
2026-08-03T21:57:27Z,2026-08-03T23:57:27+0200,d07b3b2b-e83a-4999-877d-e2466ad53d7b,2026-07-15T10:00:00Z,2026-07-15T12:00:00+0200,119.37,EUR/MWh,BE,BE,day_ahead_price,value,2026-08-03T21:57:58Z
2026-08-03T21:57:27Z,2026-08-03T23:57:27+0200,d07b3b2b-e83a-4999-877d-e2466ad53d7b,2026-07-15T10:15:00Z,2026-07-15T12:15:00+0200,110.1,EUR/MWh,BE,BE,day_ahead_price,value,2026-08-03T21:57:58Z
2026-08-03T21:57:27Z,2026-08-03T23:57:27+0200,d07b3b2b-e83a-4999-877d-e2466ad53d7b,2026-07-15T10:30:00Z,2026-07-15T12:30:00+0200,113.31,EUR/MWh,BE,BE,day_ahead_price,value,2026-08-03T21:57:58Z
2026-08-03T21:57:27Z,2026-08-03T23:57:27+0200,d07b3b2b-e83a-4999-877d-e2466ad53d7b,2026-07-15T10:45:00Z,2026-07-15T12:45:00+0200,114.1,EUR/MWh,BE,BE,day_ahead_price,value,2026-08-03T21:57:58Z
2026-08-03T21:57:27Z,2026-08-03T23:57:27+0200,d07b3b2b-e83a-4999-877d-e2466ad53d7b,2026-07-15T11:00:00Z,2026-07-15T13:00:00+0200,110.81,EUR/MWh,BE,BE,day_ahead_price,value,2026-08-03T21:57:58Z
2026-08-03T21:57:27Z,2026-08-03T23:57:27+0200,d07b3b2b-e83a-4999-877d-e2466ad53d7b,2026-07-15T11:15:00Z,2026-07-15T13:15:00+0200,111.52,EUR/MWh,BE,BE,day_ahead_price,value,2026-08-03T21:57:58Z
2026-08-03T21:57:27Z,2026-08-03T23:57:27+0200,d07b3b2b-e83a-4999-877d-e2466ad53d7b,2026-07-15T11:30:00Z,2026-07-15T13:30:00+0200,110.5,EUR/MWh,BE,BE,day_ahead_price,value,2026-08-03T21:57:58Z
2026-08-03T21:57:27Z,2026-08-03T23:57:27+0200,d07b3b2b-e83a-4999-877d-e2466ad53d7b,2026-07-15T11:45:00Z,2026-07-15T13:45:00+0200,108.66,EUR/MWh,BE,BE,day_ahead_price,value,2026-08-03T21:57:58Z
2026-08-03T21:57:27Z,2026-08-03T23:57:27+0200,d07b3b2b-e83a-4999-877d-e2466ad53d7b,2026-07-15T12:00:00Z,2026-07-15T14:00:00+0200,111.18,EUR/MWh,BE,BE,day_ahead_price,value,2026-08-03T21:57:58Z
2026-08-03T21:57:27Z,2026-08-03T23:57:27+0200,d07b3b2b-e83a-4999-877d-e2466ad53d7b,2026-07-15T12:15:00Z,2026-07-15T14:15:00+0200,114.2,EUR/MWh,BE,BE,day_ahead_price,value,2026-08-03T21:57:58Z
2026-08-03T21:57:27Z,2026-08-03T23:57:27+0200,d07b3b2b-e83a-4999-877d-e2466ad53d7b,2026-07-15T12:30:00Z,2026-07-15T14:30:00+0200,125.59,EUR/MWh,BE,BE,day_ahead_price,value,2026-08-03T21:57:58Z
2026-08-03T21:57:27Z,2026-08-03T23:57:27+0200,d07b3b2b-e83a-4999-877d-e2466ad53d7b,2026-07-15T12:45:00Z,2026-07-15T14:45:00+0200,138.82,EUR/MWh,BE,BE,day_ahead_price,value,2026-08-03T21:57:58Z
2026-08-03T21:57:27Z,2026-08-03T23:57:27+0200,d07b3b2b-e83a-4999-877d-e2466ad53d7b,2026-07-15T13:00:00Z,2026-07-15T15:00:00+0200,117.27,EUR/MWh,BE,BE,day_ahead_price,value,2026-08-03T21:57:58Z
2026-08-03T21:57:27Z,2026-08-03T23:57:27+0200,d07b3b2b-e83a-4999-877d-e2466ad53d7b,2026-07-15T13:15:00Z,2026-07-15T15:15:00+0200,112.45,EUR/MWh,BE,BE,day_ahead_price,value,2026-08-03T21:57:58Z
2026-08-03T21:57:27Z,2026-08-03T23:57:27+0200,d07b3b2b-e83a-4999-877d-e2466ad53d7b,2026-07-15T13:30:00Z,2026-07-15T15:30:00+0200,114.17,EUR/MWh,BE,BE,day_ahead_price,value,2026-08-03T21:57:58Z
2026-08-03T21:57:27Z,2026-08-03T23:57:27+0200,d07b3b2b-e83a-4999-877d-e2466ad53d7b,2026-07-15T13:45:00Z,2026-07-15T15:45:00+0200,121.95,EUR/MWh,BE,BE,day_ahead_price,value,2026-08-03T21:57:58Z
2026-08-03T21:57:27Z,2026-08-03T23:57:27+0200,d07b3b2b-e83a-4999-877d-e2466ad53d7b,2026-07-15T14:00:00Z,2026-07-15T16:00:00+0200,90.0,EUR/MWh,BE,BE,day_ahead_price,value,2026-08-03T21:57:58Z
2026-08-03T21:57:27Z,2026-08-03T23:57:27+0200,d07b3b2b-e83a-4999-877d-e2466ad53d7b,2026-07-15T14:15:00Z,2026-07-15T16:15:00+0200,96.61,EUR/MWh,BE,BE,day_ahead_price,value,2026-08-03T21:57:58Z
2026-08-03T21:57:27Z,2026-08-03T23:57:27+0200,d07b3b2b-e83a-4999-877d-e2466ad53d7b,2026-07-15T14:30:00Z,2026-07-15T16:30:00+0200,110.16,EUR/MWh,BE,BE,day_ahead_price,value,2026-08-03T21:57:58Z
2026-08-03T21:57:27Z,2026-08-03T23:57:27+0200,d07b3b2b-e83a-4999-877d-e2466ad53d7b,2026-07-15T14:45:00Z,2026-07-15T16:45:00+0200,127.04,EUR/MWh,BE,BE,day_ahead_price,value,2026-08-03T21:57:58Z
2026-08-03T21:57:27Z,2026-08-03T23:57:27+0200,d07b3b2b-e83a-4999-877d-e2466ad53d7b,2026-07-15T15:00:00Z,2026-07-15T17:00:00+0200,101.55,EUR/MWh,BE,BE,day_ahead_price,value,2026-08-03T21:57:58Z
2026-08-03T21:57:27Z,2026-08-03T23:57:27+0200,d07b3b2b-e83a-4999-877d-e2466ad53d7b,2026-07-15T15:15:00Z,2026-07-15T17:15:00+0200,108.54,EUR/MWh,BE,BE,day_ahead_price,value,2026-08-03T21:57:58Z
2026-08-03T21:57:27Z,2026-08-03T23:57:27+0200,d07b3b2b-e83a-4999-877d-e2466ad53d7b,2026-07-15T15:30:00Z,2026-07-15T17:30:00+0200,123.9,EUR/MWh,BE,BE,day_ahead_price,value,2026-08-03T21:57:58Z
2026-08-03T21:57:27Z,2026-08-03T23:57:27+0200,d07b3b2b-e83a-4999-877d-e2466ad53d7b,2026-07-15T15:45:00Z,2026-07-15T17:45:00+0200,139.56,EUR/MWh,BE,BE,day_ahead_price,value,2026-08-03T21:57:58Z
2026-08-03T21:57:27Z,2026-08-03T23:57:27+0200,d07b3b2b-e83a-4999-877d-e2466ad53d7b,2026-07-15T16:00:00Z,2026-07-15T18:00:00+0200,128.64,EUR/MWh,BE,BE,day_ahead_price,value,2026-08-03T21:57:58Z
2026-08-03T21:57:27Z,2026-08-03T23:57:27+0200,d07b3b2b-e83a-4999-877d-e2466ad53d7b,2026-07-15T16:15:00Z,2026-07-15T18:15:00+0200,134.24,EUR/MWh,BE,BE,day_ahead_price,value,2026-08-03T21:57:58Z
2026-08-03T21:57:27Z,2026-08-03T23:57:27+0200,d07b3b2b-e83a-4999-877d-e2466ad53d7b,2026-07-15T16:30:00Z,2026-07-15T18:30:00+0200,136.25,EUR/MWh,BE,BE,day_ahead_price,value,2026-08-03T21:57:58Z
2026-08-03T21:57:27Z,2026-08-03T23:57:27+0200,d07b3b2b-e83a-4999-877d-e2466ad53d7b,2026-07-15T16:45:00Z,2026-07-15T18:45:00+0200,140.66,EUR/MWh,BE,BE,day_ahead_price,value,2026-08-03T21:57:58Z
2026-08-03T21:57:27Z,2026-08-03T23:57:27+0200,d07b3b2b-e83a-4999-877d-e2466ad53d7b,2026-07-15T17:00:00Z,2026-07-15T19:00:00+0200,112.08,EUR/MWh,BE,BE,day_ahead_price,value,2026-08-03T21:57:58Z
2026-08-03T21:57:27Z,2026-08-03T23:57:27+0200,d07b3b2b-e83a-4999-877d-e2466ad53d7b,2026-07-15T17:15:00Z,2026-07-15T19:15:00+0200,141.41,EUR/MWh,BE,BE,day_ahead_price,value,2026-08-03T21:57:58Z
2026-08-03T21:57:27Z,2026-08-03T23:57:27+0200,d07b3b2b-e83a-4999-877d-e2466ad53d7b,2026-07-15T17:30:00Z,2026-07-15T19:30:00+0200,153.09,EUR/MWh,BE,BE,day_ahead_price,value,2026-08-03T21:57:58Z
2026-08-03T21:57:27Z,2026-08-03T23:57:27+0200,d07b3b2b-e83a-4999-877d-e2466ad53d7b,2026-07-15T17:45:00Z,2026-07-15T19:45:00+0200,180.62,EUR/MWh,BE,BE,day_ahead_price,value,2026-08-03T21:57:58Z
2026-08-03T21:57:27Z,2026-08-03T23:57:27+0200,d07b3b2b-e83a-4999-877d-e2466ad53d7b,2026-07-15T18:00:00Z,2026-07-15T20:00:00+0200,158.8,EUR/MWh,BE,BE,day_ahead_price,value,2026-08-03T21:57:58Z
2026-08-03T21:57:27Z,2026-08-03T23:57:27+0200,d07b3b2b-e83a-4999-877d-e2466ad53d7b,2026-07-15T18:15:00Z,2026-07-15T20:15:00+0200,180.47,EUR/MWh,BE,BE,day_ahead_price,value,2026-08-03T21:57:58Z
2026-08-03T21:57:27Z,2026-08-03T23:57:27+0200,d07b3b2b-e83a-4999-877d-e2466ad53d7b,2026-07-15T18:30:00Z,2026-07-15T20:30:00+0200,173.78,EUR/MWh,BE,BE,day_ahead_price,value,2026-08-03T21:57:58Z
2026-08-03T21:57:27Z,2026-08-03T23:57:27+0200,d07b3b2b-e83a-4999-877d-e2466ad53d7b,2026-07-15T18:45:00Z,2026-07-15T20:45:00+0200,179.57,EUR/MWh,BE,BE,day_ahead_price,value,2026-08-03T21:57:58Z
2026-08-03T21:57:27Z,2026-08-03T23:57:27+0200,d07b3b2b-e83a-4999-877d-e2466ad53d7b,2026-07-15T19:00:00Z,2026-07-15T21:00:00+0200,158.98,EUR/MWh,BE,BE,day_ahead_price,value,2026-08-03T21:57:58Z
2026-08-03T21:57:27Z,2026-08-03T23:57:27+0200,d07b3b2b-e83a-4999-877d-e2466ad53d7b,2026-07-15T19:15:00Z,2026-07-15T21:15:00+0200,196.12,EUR/MWh,BE,BE,day_ahead_price,value,2026-08-03T21:57:58Z
2026-08-03T21:57:27Z,2026-08-03T23:57:27+0200,d07b3b2b-e83a-4999-877d-e2466ad53d7b,2026-07-15T19:30:00Z,2026-07-15T21:30:00+0200,197.14,EUR/MWh,BE,BE,day_ahead_price,value,2026-08-03T21:57:58Z
2026-08-03T21:57:27Z,2026-08-03T23:57:27+0200,d07b3b2b-e83a-4999-877d-e2466ad53d7b,2026-07-15T19:45:00Z,2026-07-15T21:45:00+0200,192.35,EUR/MWh,BE,BE,day_ahead_price,value,2026-08-03T21:57:58Z
2026-08-03T21:57:27Z,2026-08-03T23:57:27+0200,d07b3b2b-e83a-4999-877d-e2466ad53d7b,2026-07-15T20:00:00Z,2026-07-15T22:00:00+0200,199.99,EUR/MWh,BE,BE,day_ahead_price,value,2026-08-03T21:57:58Z
2026-08-03T21:57:27Z,2026-08-03T23:57:27+0200,d07b3b2b-e83a-4999-877d-e2466ad53d7b,2026-07-15T20:15:00Z,2026-07-15T22:15:00+0200,190.0,EUR/MWh,BE,BE,day_ahead_price,value,2026-08-03T21:57:58Z
2026-08-03T21:57:27Z,2026-08-03T23:57:27+0200,d07b3b2b-e83a-4999-877d-e2466ad53d7b,2026-07-15T20:30:00Z,2026-07-15T22:30:00+0200,187.9,EUR/MWh,BE,BE,day_ahead_price,value,2026-08-03T21:57:58Z
2026-08-03T21:57:27Z,2026-08-03T23:57:27+0200,d07b3b2b-e83a-4999-877d-e2466ad53d7b,2026-07-15T20:45:00Z,2026-07-15T22:45:00+0200,175.63,EUR/MWh,BE,BE,day_ahead_price,value,2026-08-03T21:57:58Z
2026-08-03T21:57:27Z,2026-08-03T23:57:27+0200,d07b3b2b-e83a-4999-877d-e2466ad53d7b,2026-07-15T21:00:00Z,2026-07-15T23:00:00+0200,179.14,EUR/MWh,BE,BE,day_ahead_price,value,2026-08-03T21:57:58Z
2026-08-03T21:57:27Z,2026-08-03T23:57:27+0200,d07b3b2b-e83a-4999-877d-e2466ad53d7b,2026-07-15T21:15:00Z,2026-07-15T23:15:00+0200,171.94,EUR/MWh,BE,BE,day_ahead_price,value,2026-08-03T21:57:58Z
2026-08-03T21:57:27Z,2026-08-03T23:57:27+0200,d07b3b2b-e83a-4999-877d-e2466ad53d7b,2026-07-15T21:30:00Z,2026-07-15T23:30:00+0200,169.62,EUR/MWh,BE,BE,day_ahead_price,value,2026-08-03T21:57:58Z
2026-08-03T21:57:27Z,2026-08-03T23:57:27+0200,d07b3b2b-e83a-4999-877d-e2466ad53d7b,2026-07-15T21:45:00Z,2026-07-15T23:45:00+0200,164.96,EUR/MWh,BE,BE,day_ahead_price,value,2026-08-03T21:57:58Z
2026-08-03T21:57:27Z,2026-08-03T23:57:27+0200,d07b3b2b-e83a-4999-877d-e2466ad53d7b,2026-07-15T22:00:00Z,2026-07-16T00:00:00+0200,173.58,EUR/MWh,BE,BE,day_ahead_price,value,2026-08-03T21:57:58Z
2026-08-03T21:57:27Z,2026-08-03T23:57:27+0200,d07b3b2b-e83a-4999-877d-e2466ad53d7b,2026-07-15T22:15:00Z,2026-07-16T00:15:00+0200,169.04,EUR/MWh,BE,BE,day_ahead_price,value,2026-08-03T21:57:58Z
2026-08-03T21:57:27Z,2026-08-03T23:57:27+0200,d07b3b2b-e83a-4999-877d-e2466ad53d7b,2026-07-15T22:30:00Z,2026-07-16T00:30:00+0200,163.51,EUR/MWh,BE,BE,day_ahead_price,value,2026-08-03T21:57:58Z
2026-08-03T21:57:27Z,2026-08-03T23:57:27+0200,d07b3b2b-e83a-4999-877d-e2466ad53d7b,2026-07-15T22:45:00Z,2026-07-16T00:45:00+0200,158.0,EUR/MWh,BE,BE,day_ahead_price,value,2026-08-03T21:57:58Z
2026-08-03T21:57:27Z,2026-08-03T23:57:27+0200,d07b3b2b-e83a-4999-877d-e2466ad53d7b,2026-07-15T23:00:00Z,2026-07-16T01:00:00+0200,162.03,EUR/MWh,BE,BE,day_ahead_price,value,2026-08-03T21:57:58Z
2026-08-03T21:57:27Z,2026-08-03T23:57:27+0200,d07b3b2b-e83a-4999-877d-e2466ad53d7b,2026-07-15T23:15:00Z,2026-07-16T01:15:00+0200,158.0,EUR/MWh,BE,BE,day_ahead_price,value,2026-08-03T21:57:58Z
2026-08-03T21:57:27Z,2026-08-03T23:57:27+0200,d07b3b2b-e83a-4999-877d-e2466ad53d7b,2026-07-15T23:30:00Z,2026-07-16T01:30:00+0200,158.97,EUR/MWh,BE,BE,day_ahead_price,value,2026-08-03T21:57:58Z
2026-08-03T21:57:27Z,2026-08-03T23:57:27+0200,d07b3b2b-e83a-4999-877d-e2466ad53d7b,2026-07-15T23:45:00Z,2026-07-16T01:45:00+0200,157.8,EUR/MWh,BE,BE,day_ahead_price,value,2026-08-03T21:57:58Z
2026-08-03T21:57:27Z,2026-08-03T23:57:27+0200,d07b3b2b-e83a-4999-877d-e2466ad53d7b,2026-07-16T00:00:00Z,2026-07-16T02:00:00+0200,157.62,EUR/MWh,BE,BE,day_ahead_price,value,2026-08-03T21:57:58Z
2026-08-03T21:57:27Z,2026-08-03T23:57:27+0200,d07b3b2b-e83a-4999-877d-e2466ad53d7b,2026-07-16T00:15:00Z,2026-07-16T02:15:00+0200,154.67,EUR/MWh,BE,BE,day_ahead_price,value,2026-08-03T21:57:58Z
2026-08-03T21:57:27Z,2026-08-03T23:57:27+0200,d07b3b2b-e83a-4999-877d-e2466ad53d7b,2026-07-16T00:30:00Z,2026-07-16T02:30:00+0200,150.01,EUR/MWh,BE,BE,day_ahead_price,value,2026-08-03T21:57:58Z
2026-08-03T21:57:27Z,2026-08-03T23:57:27+0200,d07b3b2b-e83a-4999-877d-e2466ad53d7b,2026-07-16T00:45:00Z,2026-07-16T02:45:00+0200,147.07,EUR/MWh,BE,BE,day_ahead_price,value,2026-08-03T21:57:58Z
2026-08-03T21:57:27Z,2026-08-03T23:57:27+0200,d07b3b2b-e83a-4999-877d-e2466ad53d7b,2026-07-16T01:00:00Z,2026-07-16T03:00:00+0200,150.0,EUR/MWh,BE,BE,day_ahead_price,value,2026-08-03T21:57:58Z
2026-08-03T21:57:27Z,2026-08-03T23:57:27+0200,d07b3b2b-e83a-4999-877d-e2466ad53d7b,2026-07-16T01:15:00Z,2026-07-16T03:15:00+0200,147.15,EUR/MWh,BE,BE,day_ahead_price,value,2026-08-03T21:57:58Z
2026-08-03T21:57:27Z,2026-08-03T23:57:27+0200,d07b3b2b-e83a-4999-877d-e2466ad53d7b,2026-07-16T01:30:00Z,2026-07-16T03:30:00+0200,148.08,EUR/MWh,BE,BE,day_ahead_price,value,2026-08-03T21:57:58Z
2026-08-03T21:57:27Z,2026-08-03T23:57:27+0200,d07b3b2b-e83a-4999-877d-e2466ad53d7b,2026-07-16T01:45:00Z,2026-07-16T03:45:00+0200,147.85,EUR/MWh,BE,BE,day_ahead_price,value,2026-08-03T21:57:58Z
2026-08-03T21:57:27Z,2026-08-03T23:57:27+0200,d07b3b2b-e83a-4999-877d-e2466ad53d7b,2026-07-16T02:00:00Z,2026-07-16T04:00:00+0200,136.69,EUR/MWh,BE,BE,day_ahead_price,value,2026-08-03T21:57:58Z
2026-08-03T21:57:27Z,2026-08-03T23:57:27+0200,d07b3b2b-e83a-4999-877d-e2466ad53d7b,2026-07-16T02:15:00Z,2026-07-16T04:15:00+0200,142.32,EUR/MWh,BE,BE,day_ahead_price,value,2026-08-03T21:57:58Z
2026-08-03T21:57:27Z,2026-08-03T23:57:27+0200,d07b3b2b-e83a-4999-877d-e2466ad53d7b,2026-07-16T02:30:00Z,2026-07-16T04:30:00+0200,141.46,EUR/MWh,BE,BE,day_ahead_price,value,2026-08-03T21:57:58Z
2026-08-03T21:57:27Z,2026-08-03T23:57:27+0200,d07b3b2b-e83a-4999-877d-e2466ad53d7b,2026-07-16T02:45:00Z,2026-07-16T04:45:00+0200,148.15,EUR/MWh,BE,BE,day_ahead_price,value,2026-08-03T21:57:58Z
2026-08-03T21:57:27Z,2026-08-03T23:57:27+0200,d07b3b2b-e83a-4999-877d-e2466ad53d7b,2026-07-16T03:00:00Z,2026-07-16T05:00:00+0200,117.59,EUR/MWh,BE,BE,day_ahead_price,value,2026-08-03T21:57:58Z
2026-08-03T21:57:27Z,2026-08-03T23:57:27+0200,d07b3b2b-e83a-4999-877d-e2466ad53d7b,2026-07-16T03:15:00Z,2026-07-16T05:15:00+0200,145.0,EUR/MWh,BE,BE,day_ahead_price,value,2026-08-03T21:57:58Z
2026-08-03T21:57:27Z,2026-08-03T23:57:27+0200,d07b3b2b-e83a-4999-877d-e2466ad53d7b,2026-07-16T03:30:00Z,2026-07-16T05:30:00+0200,160.05,EUR/MWh,BE,BE,day_ahead_price,value,2026-08-03T21:57:58Z
2026-08-03T21:57:27Z,2026-08-03T23:57:27+0200,d07b3b2b-e83a-4999-877d-e2466ad53d7b,2026-07-16T03:45:00Z,2026-07-16T05:45:00+0200,163.28,EUR/MWh,BE,BE,day_ahead_price,value,2026-08-03T21:57:58Z
2026-08-03T21:57:27Z,2026-08-03T23:57:27+0200,d07b3b2b-e83a-4999-877d-e2466ad53d7b,2026-07-16T04:00:00Z,2026-07-16T06:00:00+0200,142.33,EUR/MWh,BE,BE,day_ahead_price,value,2026-08-03T21:57:58Z
2026-08-03T21:57:27Z,2026-08-03T23:57:27+0200,d07b3b2b-e83a-4999-877d-e2466ad53d7b,2026-07-16T04:15:00Z,2026-07-16T06:15:00+0200,159.85,EUR/MWh,BE,BE,day_ahead_price,value,2026-08-03T21:57:58Z
2026-08-03T21:57:27Z,2026-08-03T23:57:27+0200,d07b3b2b-e83a-4999-877d-e2466ad53d7b,2026-07-16T04:30:00Z,2026-07-16T06:30:00+0200,160.5,EUR/MWh,BE,BE,day_ahead_price,value,2026-08-03T21:57:58Z
2026-08-03T21:57:27Z,2026-08-03T23:57:27+0200,d07b3b2b-e83a-4999-877d-e2466ad53d7b,2026-07-16T04:45:00Z,2026-07-16T06:45:00+0200,163.49,EUR/MWh,BE,BE,day_ahead_price,value,2026-08-03T21:57:58Z
2026-08-03T21:57:27Z,2026-08-03T23:57:27+0200,d07b3b2b-e83a-4999-877d-e2466ad53d7b,2026-07-16T05:00:00Z,2026-07-16T07:00:00+0200,162.8,EUR/MWh,BE,BE,day_ahead_price,value,2026-08-03T21:57:58Z
2026-08-03T21:57:27Z,2026-08-03T23:57:27+0200,d07b3b2b-e83a-4999-877d-e2466ad53d7b,2026-07-16T05:15:00Z,2026-07-16T07:15:00+0200,167.14,EUR/MWh,BE,BE,day_ahead_price,value,2026-08-03T21:57:58Z
2026-08-03T21:57:27Z,2026-08-03T23:57:27+0200,d07b3b2b-e83a-4999-877d-e2466ad53d7b,2026-07-16T05:30:00Z,2026-07-16T07:30:00+0200,167.47,EUR/MWh,BE,BE,day_ahead_price,value,2026-08-03T21:57:58Z
2026-08-03T21:57:27Z,2026-08-03T23:57:27+0200,d07b3b2b-e83a-4999-877d-e2466ad53d7b,2026-07-16T05:45:00Z,2026-07-16T07:45:00+0200,161.15,EUR/MWh,BE,BE,day_ahead_price,value,2026-08-03T21:57:58Z
2026-08-03T21:57:27Z,2026-08-03T23:57:27+0200,d07b3b2b-e83a-4999-877d-e2466ad53d7b,2026-07-16T06:00:00Z,2026-07-16T08:00:00+0200,169.43,EUR/MWh,BE,BE,day_ahead_price,value,2026-08-03T21:57:58Z
2026-08-03T21:57:27Z,2026-08-03T23:57:27+0200,d07b3b2b-e83a-4999-877d-e2466ad53d7b,2026-07-16T06:15:00Z,2026-07-16T08:15:00+0200,166.35,EUR/MWh,BE,BE,day_ahead_price,value,2026-08-03T21:57:58Z
2026-08-03T21:57:27Z,2026-08-03T23:57:27+0200,d07b3b2b-e83a-4999-877d-e2466ad53d7b,2026-07-16T06:30:00Z,2026-07-16T08:30:00+0200,159.63,EUR/MWh,BE,BE,day_ahead_price,value,2026-08-03T21:57:58Z
2026-08-03T21:57:27Z,2026-08-03T23:57:27+0200,d07b3b2b-e83a-4999-877d-e2466ad53d7b,2026-07-16T06:45:00Z,2026-07-16T08:45:00+0200,141.95,EUR/MWh,BE,BE,day_ahead_price,value,2026-08-03T21:57:58Z
2026-08-03T21:57:27Z,2026-08-03T23:57:27+0200,d07b3b2b-e83a-4999-877d-e2466ad53d7b,2026-07-16T07:00:00Z,2026-07-16T09:00:00+0200,152.98,EUR/MWh,BE,BE,day_ahead_price,value,2026-08-03T21:57:58Z
2026-08-03T21:57:27Z,2026-08-03T23:57:27+0200,d07b3b2b-e83a-4999-877d-e2466ad53d7b,2026-07-16T07:15:00Z,2026-07-16T09:15:00+0200,138.22,EUR/MWh,BE,BE,day_ahead_price,value,2026-08-03T21:57:58Z
2026-08-03T21:57:27Z,2026-08-03T23:57:27+0200,d07b3b2b-e83a-4999-877d-e2466ad53d7b,2026-07-16T07:30:00Z,2026-07-16T09:30:00+0200,132.54,EUR/MWh,BE,BE,day_ahead_price,value,2026-08-03T21:57:58Z
2026-08-03T21:57:27Z,2026-08-03T23:57:27+0200,d07b3b2b-e83a-4999-877d-e2466ad53d7b,2026-07-16T07:45:00Z,2026-07-16T09:45:00+0200,123.51,EUR/MWh,BE,BE,day_ahead_price,value,2026-08-03T21:57:58Z
2026-08-03T21:57:27Z,2026-08-03T23:57:27+0200,d07b3b2b-e83a-4999-877d-e2466ad53d7b,2026-07-16T08:00:00Z,2026-07-16T10:00:00+0200,140.67,EUR/MWh,BE,BE,day_ahead_price,value,2026-08-03T21:57:58Z
2026-08-03T21:57:27Z,2026-08-03T23:57:27+0200,d07b3b2b-e83a-4999-877d-e2466ad53d7b,2026-07-16T08:15:00Z,2026-07-16T10:15:00+0200,122.21,EUR/MWh,BE,BE,day_ahead_price,value,2026-08-03T21:57:58Z
2026-08-03T21:57:27Z,2026-08-03T23:57:27+0200,d07b3b2b-e83a-4999-877d-e2466ad53d7b,2026-07-16T08:30:00Z,2026-07-16T10:30:00+0200,110.25,EUR/MWh,BE,BE,day_ahead_price,value,2026-08-03T21:57:58Z
2026-08-03T21:57:27Z,2026-08-03T23:57:27+0200,d07b3b2b-e83a-4999-877d-e2466ad53d7b,2026-07-16T08:45:00Z,2026-07-16T10:45:00+0200,100.21,EUR/MWh,BE,BE,day_ahead_price,value,2026-08-03T21:57:58Z
2026-08-03T21:57:27Z,2026-08-03T23:57:27+0200,d07b3b2b-e83a-4999-877d-e2466ad53d7b,2026-07-16T09:00:00Z,2026-07-16T11:00:00+0200,113.04,EUR/MWh,BE,BE,day_ahead_price,value,2026-08-03T21:57:58Z
2026-08-03T21:57:27Z,2026-08-03T23:57:27+0200,d07b3b2b-e83a-4999-877d-e2466ad53d7b,2026-07-16T09:15:00Z,2026-07-16T11:15:00+0200,109.02,EUR/MWh,BE,BE,day_ahead_price,value,2026-08-03T21:57:58Z
2026-08-03T21:57:27Z,2026-08-03T23:57:27+0200,d07b3b2b-e83a-4999-877d-e2466ad53d7b,2026-07-16T09:30:00Z,2026-07-16T11:30:00+0200,105.98,EUR/MWh,BE,BE,day_ahead_price,value,2026-08-03T21:57:58Z
2026-08-03T21:57:27Z,2026-08-03T23:57:27+0200,d07b3b2b-e83a-4999-877d-e2466ad53d7b,2026-07-16T09:45:00Z,2026-07-16T11:45:00+0200,100.36,EUR/MWh,BE,BE,day_ahead_price,value,2026-08-03T21:57:58Z
2026-08-03T21:57:27Z,2026-08-03T23:57:27+0200,d07b3b2b-e83a-4999-877d-e2466ad53d7b,2026-07-16T10:00:00Z,2026-07-16T12:00:00+0200,100.54,EUR/MWh,BE,BE,day_ahead_price,value,2026-08-03T21:57:58Z
2026-08-03T21:57:27Z,2026-08-03T23:57:27+0200,d07b3b2b-e83a-4999-877d-e2466ad53d7b,2026-07-16T10:15:00Z,2026-07-16T12:15:00+0200,103.95,EUR/MWh,BE,BE,day_ahead_price,value,2026-08-03T21:57:58Z
2026-08-03T21:57:27Z,2026-08-03T23:57:27+0200,d07b3b2b-e83a-4999-877d-e2466ad53d7b,2026-07-16T10:30:00Z,2026-07-16T12:30:00+0200,106.41,EUR/MWh,BE,BE,day_ahead_price,value,2026-08-03T21:57:58Z
2026-08-03T21:57:27Z,2026-08-03T23:57:27+0200,d07b3b2b-e83a-4999-877d-e2466ad53d7b,2026-07-16T10:45:00Z,2026-07-16T12:45:00+0200,107.74,EUR/MWh,BE,BE,day_ahead_price,value,2026-08-03T21:57:58Z
2026-08-03T21:57:27Z,2026-08-03T23:57:27+0200,d07b3b2b-e83a-4999-877d-e2466ad53d7b,2026-07-16T11:00:00Z,2026-07-16T13:00:00+0200,110.39,EUR/MWh,BE,BE,day_ahead_price,value,2026-08-03T21:57:58Z
2026-08-03T21:57:27Z,2026-08-03T23:57:27+0200,d07b3b2b-e83a-4999-877d-e2466ad53d7b,2026-07-16T11:15:00Z,2026-07-16T13:15:00+0200,103.79,EUR/MWh,BE,BE,day_ahead_price,value,2026-08-03T21:57:58Z
2026-08-03T21:57:27Z,2026-08-03T23:57:27+0200,d07b3b2b-e83a-4999-877d-e2466ad53d7b,2026-07-16T11:30:00Z,2026-07-16T13:30:00+0200,102.1,EUR/MWh,BE,BE,day_ahead_price,value,2026-08-03T21:57:58Z
2026-08-03T21:57:27Z,2026-08-03T23:57:27+0200,d07b3b2b-e83a-4999-877d-e2466ad53d7b,2026-07-16T11:45:00Z,2026-07-16T13:45:00+0200,99.72,EUR/MWh,BE,BE,day_ahead_price,value,2026-08-03T21:57:58Z
2026-08-03T21:57:27Z,2026-08-03T23:57:27+0200,d07b3b2b-e83a-4999-877d-e2466ad53d7b,2026-07-16T12:00:00Z,2026-07-16T14:00:00+0200,96.42,EUR/MWh,BE,BE,day_ahead_price,value,2026-08-03T21:57:58Z
2026-08-03T21:57:27Z,2026-08-03T23:57:27+0200,d07b3b2b-e83a-4999-877d-e2466ad53d7b,2026-07-16T12:15:00Z,2026-07-16T14:15:00+0200,102.35,EUR/MWh,BE,BE,day_ahead_price,value,2026-08-03T21:57:58Z
2026-08-03T21:57:27Z,2026-08-03T23:57:27+0200,d07b3b2b-e83a-4999-877d-e2466ad53d7b,2026-07-16T12:30:00Z,2026-07-16T14:30:00+0200,109.53,EUR/MWh,BE,BE,day_ahead_price,value,2026-08-03T21:57:58Z
2026-08-03T21:57:27Z,2026-08-03T23:57:27+0200,d07b3b2b-e83a-4999-877d-e2466ad53d7b,2026-07-16T12:45:00Z,2026-07-16T14:45:00+0200,115.11,EUR/MWh,BE,BE,day_ahead_price,value,2026-08-03T21:57:58Z
2026-08-03T21:57:27Z,2026-08-03T23:57:27+0200,d07b3b2b-e83a-4999-877d-e2466ad53d7b,2026-07-16T13:00:00Z,2026-07-16T15:00:00+0200,105.56,EUR/MWh,BE,BE,day_ahead_price,value,2026-08-03T21:57:58Z
2026-08-03T21:57:27Z,2026-08-03T23:57:27+0200,d07b3b2b-e83a-4999-877d-e2466ad53d7b,2026-07-16T13:15:00Z,2026-07-16T15:15:00+0200,109.83,EUR/MWh,BE,BE,day_ahead_price,value,2026-08-03T21:57:58Z
2026-08-03T21:57:27Z,2026-08-03T23:57:27+0200,d07b3b2b-e83a-4999-877d-e2466ad53d7b,2026-07-16T13:30:00Z,2026-07-16T15:30:00+0200,109.36,EUR/MWh,BE,BE,day_ahead_price,value,2026-08-03T21:57:58Z
2026-08-03T21:57:27Z,2026-08-03T23:57:27+0200,d07b3b2b-e83a-4999-877d-e2466ad53d7b,2026-07-16T13:45:00Z,2026-07-16T15:45:00+0200,117.13,EUR/MWh,BE,BE,day_ahead_price,value,2026-08-03T21:57:58Z
2026-08-03T21:57:27Z,2026-08-03T23:57:27+0200,d07b3b2b-e83a-4999-877d-e2466ad53d7b,2026-07-16T14:00:00Z,2026-07-16T16:00:00+0200,105.78,EUR/MWh,BE,BE,day_ahead_price,value,2026-08-03T21:57:58Z
2026-08-03T21:57:27Z,2026-08-03T23:57:27+0200,d07b3b2b-e83a-4999-877d-e2466ad53d7b,2026-07-16T14:15:00Z,2026-07-16T16:15:00+0200,112.67,EUR/MWh,BE,BE,day_ahead_price,value,2026-08-03T21:57:58Z
2026-08-03T21:57:27Z,2026-08-03T23:57:27+0200,d07b3b2b-e83a-4999-877d-e2466ad53d7b,2026-07-16T14:30:00Z,2026-07-16T16:30:00+0200,127.74,EUR/MWh,BE,BE,day_ahead_price,value,2026-08-03T21:57:58Z
2026-08-03T21:57:27Z,2026-08-03T23:57:27+0200,d07b3b2b-e83a-4999-877d-e2466ad53d7b,2026-07-16T14:45:00Z,2026-07-16T16:45:00+0200,135.83,EUR/MWh,BE,BE,day_ahead_price,value,2026-08-03T21:57:58Z
2026-08-03T21:57:27Z,2026-08-03T23:57:27+0200,d07b3b2b-e83a-4999-877d-e2466ad53d7b,2026-07-16T15:00:00Z,2026-07-16T17:00:00+0200,124.69,EUR/MWh,BE,BE,day_ahead_price,value,2026-08-03T21:57:58Z
2026-08-03T21:57:27Z,2026-08-03T23:57:27+0200,d07b3b2b-e83a-4999-877d-e2466ad53d7b,2026-07-16T15:15:00Z,2026-07-16T17:15:00+0200,135.87,EUR/MWh,BE,BE,day_ahead_price,value,2026-08-03T21:57:58Z
2026-08-03T21:57:27Z,2026-08-03T23:57:27+0200,d07b3b2b-e83a-4999-877d-e2466ad53d7b,2026-07-16T15:30:00Z,2026-07-16T17:30:00+0200,140.97,EUR/MWh,BE,BE,day_ahead_price,value,2026-08-03T21:57:58Z
2026-08-03T21:57:27Z,2026-08-03T23:57:27+0200,d07b3b2b-e83a-4999-877d-e2466ad53d7b,2026-07-16T15:45:00Z,2026-07-16T17:45:00+0200,150.92,EUR/MWh,BE,BE,day_ahead_price,value,2026-08-03T21:57:58Z
2026-08-03T21:57:27Z,2026-08-03T23:57:27+0200,d07b3b2b-e83a-4999-877d-e2466ad53d7b,2026-07-16T16:00:00Z,2026-07-16T18:00:00+0200,138.92,EUR/MWh,BE,BE,day_ahead_price,value,2026-08-03T21:57:58Z
2026-08-03T21:57:27Z,2026-08-03T23:57:27+0200,d07b3b2b-e83a-4999-877d-e2466ad53d7b,2026-07-16T16:15:00Z,2026-07-16T18:15:00+0200,164.16,EUR/MWh,BE,BE,day_ahead_price,value,2026-08-03T21:57:58Z
2026-08-03T21:57:27Z,2026-08-03T23:57:27+0200,d07b3b2b-e83a-4999-877d-e2466ad53d7b,2026-07-16T16:30:00Z,2026-07-16T18:30:00+0200,156.02,EUR/MWh,BE,BE,day_ahead_price,value,2026-08-03T21:57:58Z
2026-08-03T21:57:27Z,2026-08-03T23:57:27+0200,d07b3b2b-e83a-4999-877d-e2466ad53d7b,2026-07-16T16:45:00Z,2026-07-16T18:45:00+0200,184.68,EUR/MWh,BE,BE,day_ahead_price,value,2026-08-03T21:57:58Z
2026-08-03T21:57:27Z,2026-08-03T23:57:27+0200,d07b3b2b-e83a-4999-877d-e2466ad53d7b,2026-07-16T17:00:00Z,2026-07-16T19:00:00+0200,149.0,EUR/MWh,BE,BE,day_ahead_price,value,2026-08-03T21:57:58Z
2026-08-03T21:57:27Z,2026-08-03T23:57:27+0200,d07b3b2b-e83a-4999-877d-e2466ad53d7b,2026-07-16T17:15:00Z,2026-07-16T19:15:00+0200,177.48,EUR/MWh,BE,BE,day_ahead_price,value,2026-08-03T21:57:58Z
2026-08-03T21:57:27Z,2026-08-03T23:57:27+0200,d07b3b2b-e83a-4999-877d-e2466ad53d7b,2026-07-16T17:30:00Z,2026-07-16T19:30:00+0200,199.8,EUR/MWh,BE,BE,day_ahead_price,value,2026-08-03T21:57:58Z
2026-08-03T21:57:27Z,2026-08-03T23:57:27+0200,d07b3b2b-e83a-4999-877d-e2466ad53d7b,2026-07-16T17:45:00Z,2026-07-16T19:45:00+0200,212.65,EUR/MWh,BE,BE,day_ahead_price,value,2026-08-03T21:57:58Z
2026-08-03T21:57:27Z,2026-08-03T23:57:27+0200,d07b3b2b-e83a-4999-877d-e2466ad53d7b,2026-07-16T18:00:00Z,2026-07-16T20:00:00+0200,164.3,EUR/MWh,BE,BE,day_ahead_price,value,2026-08-03T21:57:58Z
2026-08-03T21:57:27Z,2026-08-03T23:57:27+0200,d07b3b2b-e83a-4999-877d-e2466ad53d7b,2026-07-16T18:15:00Z,2026-07-16T20:15:00+0200,174.49,EUR/MWh,BE,BE,day_ahead_price,value,2026-08-03T21:57:58Z
2026-08-03T21:57:27Z,2026-08-03T23:57:27+0200,d07b3b2b-e83a-4999-877d-e2466ad53d7b,2026-07-16T18:30:00Z,2026-07-16T20:30:00+0200,227.73,EUR/MWh,BE,BE,day_ahead_price,value,2026-08-03T21:57:58Z
2026-08-03T21:57:27Z,2026-08-03T23:57:27+0200,d07b3b2b-e83a-4999-877d-e2466ad53d7b,2026-07-16T18:45:00Z,2026-07-16T20:45:00+0200,284.48,EUR/MWh,BE,BE,day_ahead_price,value,2026-08-03T21:57:58Z
2026-08-03T21:57:27Z,2026-08-03T23:57:27+0200,d07b3b2b-e83a-4999-877d-e2466ad53d7b,2026-07-16T19:00:00Z,2026-07-16T21:00:00+0200,232.92,EUR/MWh,BE,BE,day_ahead_price,value,2026-08-03T21:57:58Z
2026-08-03T21:57:27Z,2026-08-03T23:57:27+0200,d07b3b2b-e83a-4999-877d-e2466ad53d7b,2026-07-16T19:15:00Z,2026-07-16T21:15:00+0200,224.32,EUR/MWh,BE,BE,day_ahead_price,value,2026-08-03T21:57:58Z
2026-08-03T21:57:27Z,2026-08-03T23:57:27+0200,d07b3b2b-e83a-4999-877d-e2466ad53d7b,2026-07-16T19:30:00Z,2026-07-16T21:30:00+0200,209.08,EUR/MWh,BE,BE,day_ahead_price,value,2026-08-03T21:57:58Z
2026-08-03T21:57:27Z,2026-08-03T23:57:27+0200,d07b3b2b-e83a-4999-877d-e2466ad53d7b,2026-07-16T19:45:00Z,2026-07-16T21:45:00+0200,203.75,EUR/MWh,BE,BE,day_ahead_price,value,2026-08-03T21:57:58Z
2026-08-03T21:57:27Z,2026-08-03T23:57:27+0200,d07b3b2b-e83a-4999-877d-e2466ad53d7b,2026-07-16T20:00:00Z,2026-07-16T22:00:00+0200,228.77,EUR/MWh,BE,BE,day_ahead_price,value,2026-08-03T21:57:58Z
2026-08-03T21:57:27Z,2026-08-03T23:57:27+0200,d07b3b2b-e83a-4999-877d-e2466ad53d7b,2026-07-16T20:15:00Z,2026-07-16T22:15:00+0200,203.75,EUR/MWh,BE,BE,day_ahead_price,value,2026-08-03T21:57:58Z
2026-08-03T21:57:27Z,2026-08-03T23:57:27+0200,d07b3b2b-e83a-4999-877d-e2466ad53d7b,2026-07-16T20:30:00Z,2026-07-16T22:30:00+0200,205.0,EUR/MWh,BE,BE,day_ahead_price,value,2026-08-03T21:57:58Z
2026-08-03T21:57:27Z,2026-08-03T23:57:27+0200,d07b3b2b-e83a-4999-877d-e2466ad53d7b,2026-07-16T20:45:00Z,2026-07-16T22:45:00+0200,189.84,EUR/MWh,BE,BE,day_ahead_price,value,2026-08-03T21:57:58Z
2026-08-03T21:57:27Z,2026-08-03T23:57:27+0200,d07b3b2b-e83a-4999-877d-e2466ad53d7b,2026-07-16T21:00:00Z,2026-07-16T23:00:00+0200,196.03,EUR/MWh,BE,BE,day_ahead_price,value,2026-08-03T21:57:58Z
2026-08-03T21:57:27Z,2026-08-03T23:57:27+0200,d07b3b2b-e83a-4999-877d-e2466ad53d7b,2026-07-16T21:15:00Z,2026-07-16T23:15:00+0200,180.6,EUR/MWh,BE,BE,day_ahead_price,value,2026-08-03T21:57:58Z
2026-08-03T21:57:27Z,2026-08-03T23:57:27+0200,d07b3b2b-e83a-4999-877d-e2466ad53d7b,2026-07-16T21:30:00Z,2026-07-16T23:30:00+0200,175.1,EUR/MWh,BE,BE,day_ahead_price,value,2026-08-03T21:57:58Z
2026-08-03T21:57:27Z,2026-08-03T23:57:27+0200,d07b3b2b-e83a-4999-877d-e2466ad53d7b,2026-07-16T21:45:00Z,2026-07-16T23:45:00+0200,169.52,EUR/MWh,BE,BE,day_ahead_price,value,2026-08-03T21:57:58Z
2026-08-03T21:57:27Z,2026-08-03T23:57:27+0200,d07b3b2b-e83a-4999-877d-e2466ad53d7b,2026-07-16T22:00:00Z,2026-07-17T00:00:00+0200,175.0,EUR/MWh,BE,BE,day_ahead_price,value,2026-08-03T21:57:58Z
2026-08-03T21:57:27Z,2026-08-03T23:57:27+0200,d07b3b2b-e83a-4999-877d-e2466ad53d7b,2026-07-16T22:15:00Z,2026-07-17T00:15:00+0200,171.31,EUR/MWh,BE,BE,day_ahead_price,value,2026-08-03T21:57:58Z
2026-08-03T21:57:27Z,2026-08-03T23:57:27+0200,d07b3b2b-e83a-4999-877d-e2466ad53d7b,2026-07-16T22:30:00Z,2026-07-17T00:30:00+0200,169.45,EUR/MWh,BE,BE,day_ahead_price,value,2026-08-03T21:57:58Z
2026-08-03T21:57:27Z,2026-08-03T23:57:27+0200,d07b3b2b-e83a-4999-877d-e2466ad53d7b,2026-07-16T22:45:00Z,2026-07-17T00:45:00+0200,166.5,EUR/MWh,BE,BE,day_ahead_price,value,2026-08-03T21:57:58Z
2026-08-03T21:57:27Z,2026-08-03T23:57:27+0200,d07b3b2b-e83a-4999-877d-e2466ad53d7b,2026-07-16T23:00:00Z,2026-07-17T01:00:00+0200,167.0,EUR/MWh,BE,BE,day_ahead_price,value,2026-08-03T21:57:58Z
2026-08-03T21:57:27Z,2026-08-03T23:57:27+0200,d07b3b2b-e83a-4999-877d-e2466ad53d7b,2026-07-16T23:15:00Z,2026-07-17T01:15:00+0200,162.88,EUR/MWh,BE,BE,day_ahead_price,value,2026-08-03T21:57:58Z
2026-08-03T21:57:27Z,2026-08-03T23:57:27+0200,d07b3b2b-e83a-4999-877d-e2466ad53d7b,2026-07-16T23:30:00Z,2026-07-17T01:30:00+0200,160.64,EUR/MWh,BE,BE,day_ahead_price,value,2026-08-03T21:57:58Z
2026-08-03T21:57:27Z,2026-08-03T23:57:27+0200,d07b3b2b-e83a-4999-877d-e2466ad53d7b,2026-07-16T23:45:00Z,2026-07-17T01:45:00+0200,155.28,EUR/MWh,BE,BE,day_ahead_price,value,2026-08-03T21:57:58Z
2026-08-03T21:57:27Z,2026-08-03T23:57:27+0200,d07b3b2b-e83a-4999-877d-e2466ad53d7b,2026-07-17T00:00:00Z,2026-07-17T02:00:00+0200,156.97,EUR/MWh,BE,BE,day_ahead_price,value,2026-08-03T21:57:58Z
2026-08-03T21:57:27Z,2026-08-03T23:57:27+0200,d07b3b2b-e83a-4999-877d-e2466ad53d7b,2026-07-17T00:15:00Z,2026-07-17T02:15:00+0200,153.0,EUR/MWh,BE,BE,day_ahead_price,value,2026-08-03T21:57:58Z
2026-08-03T21:57:27Z,2026-08-03T23:57:27+0200,d07b3b2b-e83a-4999-877d-e2466ad53d7b,2026-07-17T00:30:00Z,2026-07-17T02:30:00+0200,151.91,EUR/MWh,BE,BE,day_ahead_price,value,2026-08-03T21:57:58Z
2026-08-03T21:57:27Z,2026-08-03T23:57:27+0200,d07b3b2b-e83a-4999-877d-e2466ad53d7b,2026-07-17T00:45:00Z,2026-07-17T02:45:00+0200,146.02,EUR/MWh,BE,BE,day_ahead_price,value,2026-08-03T21:57:58Z
2026-08-03T21:57:27Z,2026-08-03T23:57:27+0200,d07b3b2b-e83a-4999-877d-e2466ad53d7b,2026-07-17T01:00:00Z,2026-07-17T03:00:00+0200,148.0,EUR/MWh,BE,BE,day_ahead_price,value,2026-08-03T21:57:58Z
2026-08-03T21:57:27Z,2026-08-03T23:57:27+0200,d07b3b2b-e83a-4999-877d-e2466ad53d7b,2026-07-17T01:15:00Z,2026-07-17T03:15:00+0200,145.0,EUR/MWh,BE,BE,day_ahead_price,value,2026-08-03T21:57:58Z
2026-08-03T21:57:27Z,2026-08-03T23:57:27+0200,d07b3b2b-e83a-4999-877d-e2466ad53d7b,2026-07-17T01:30:00Z,2026-07-17T03:30:00+0200,142.0,EUR/MWh,BE,BE,day_ahead_price,value,2026-08-03T21:57:58Z
2026-08-03T21:57:27Z,2026-08-03T23:57:27+0200,d07b3b2b-e83a-4999-877d-e2466ad53d7b,2026-07-17T01:45:00Z,2026-07-17T03:45:00+0200,140.76,EUR/MWh,BE,BE,day_ahead_price,value,2026-08-03T21:57:58Z
2026-08-03T21:57:27Z,2026-08-03T23:57:27+0200,d07b3b2b-e83a-4999-877d-e2466ad53d7b,2026-07-17T02:00:00Z,2026-07-17T04:00:00+0200,141.04,EUR/MWh,BE,BE,day_ahead_price,value,2026-08-03T21:57:58Z
2026-08-03T21:57:27Z,2026-08-03T23:57:27+0200,d07b3b2b-e83a-4999-877d-e2466ad53d7b,2026-07-17T02:15:00Z,2026-07-17T04:15:00+0200,142.2,EUR/MWh,BE,BE,day_ahead_price,value,2026-08-03T21:57:58Z
2026-08-03T21:57:27Z,2026-08-03T23:57:27+0200,d07b3b2b-e83a-4999-877d-e2466ad53d7b,2026-07-17T02:30:00Z,2026-07-17T04:30:00+0200,142.35,EUR/MWh,BE,BE,day_ahead_price,value,2026-08-03T21:57:58Z
2026-08-03T21:57:27Z,2026-08-03T23:57:27+0200,d07b3b2b-e83a-4999-877d-e2466ad53d7b,2026-07-17T02:45:00Z,2026-07-17T04:45:00+0200,146.01,EUR/MWh,BE,BE,day_ahead_price,value,2026-08-03T21:57:58Z
2026-08-03T21:57:27Z,2026-08-03T23:57:27+0200,d07b3b2b-e83a-4999-877d-e2466ad53d7b,2026-07-17T03:00:00Z,2026-07-17T05:00:00+0200,141.66,EUR/MWh,BE,BE,day_ahead_price,value,2026-08-03T21:57:58Z
2026-08-03T21:57:27Z,2026-08-03T23:57:27+0200,d07b3b2b-e83a-4999-877d-e2466ad53d7b,2026-07-17T03:15:00Z,2026-07-17T05:15:00+0200,137.65,EUR/MWh,BE,BE,day_ahead_price,value,2026-08-03T21:57:58Z
2026-08-03T21:57:27Z,2026-08-03T23:57:27+0200,d07b3b2b-e83a-4999-877d-e2466ad53d7b,2026-07-17T03:30:00Z,2026-07-17T05:30:00+0200,146.97,EUR/MWh,BE,BE,day_ahead_price,value,2026-08-03T21:57:58Z
2026-08-03T21:57:27Z,2026-08-03T23:57:27+0200,d07b3b2b-e83a-4999-877d-e2466ad53d7b,2026-07-17T03:45:00Z,2026-07-17T05:45:00+0200,157.16,EUR/MWh,BE,BE,day_ahead_price,value,2026-08-03T21:57:58Z
2026-08-03T21:57:27Z,2026-08-03T23:57:27+0200,d07b3b2b-e83a-4999-877d-e2466ad53d7b,2026-07-17T04:00:00Z,2026-07-17T06:00:00+0200,148.3,EUR/MWh,BE,BE,day_ahead_price,value,2026-08-03T21:57:58Z
2026-08-03T21:57:27Z,2026-08-03T23:57:27+0200,d07b3b2b-e83a-4999-877d-e2466ad53d7b,2026-07-17T04:15:00Z,2026-07-17T06:15:00+0200,149.99,EUR/MWh,BE,BE,day_ahead_price,value,2026-08-03T21:57:58Z
2026-08-03T21:57:27Z,2026-08-03T23:57:27+0200,d07b3b2b-e83a-4999-877d-e2466ad53d7b,2026-07-17T04:30:00Z,2026-07-17T06:30:00+0200,150.67,EUR/MWh,BE,BE,day_ahead_price,value,2026-08-03T21:57:58Z
2026-08-03T21:57:27Z,2026-08-03T23:57:27+0200,d07b3b2b-e83a-4999-877d-e2466ad53d7b,2026-07-17T04:45:00Z,2026-07-17T06:45:00+0200,152.87,EUR/MWh,BE,BE,day_ahead_price,value,2026-08-03T21:57:58Z
2026-08-03T21:57:27Z,2026-08-03T23:57:27+0200,d07b3b2b-e83a-4999-877d-e2466ad53d7b,2026-07-17T05:00:00Z,2026-07-17T07:00:00+0200,152.5,EUR/MWh,BE,BE,day_ahead_price,value,2026-08-03T21:57:58Z
2026-08-03T21:57:27Z,2026-08-03T23:57:27+0200,d07b3b2b-e83a-4999-877d-e2466ad53d7b,2026-07-17T05:15:00Z,2026-07-17T07:15:00+0200,150.51,EUR/MWh,BE,BE,day_ahead_price,value,2026-08-03T21:57:58Z
2026-08-03T21:57:27Z,2026-08-03T23:57:27+0200,d07b3b2b-e83a-4999-877d-e2466ad53d7b,2026-07-17T05:30:00Z,2026-07-17T07:30:00+0200,160.11,EUR/MWh,BE,BE,day_ahead_price,value,2026-08-03T21:57:58Z
2026-08-03T21:57:27Z,2026-08-03T23:57:27+0200,d07b3b2b-e83a-4999-877d-e2466ad53d7b,2026-07-17T05:45:00Z,2026-07-17T07:45:00+0200,150.96,EUR/MWh,BE,BE,day_ahead_price,value,2026-08-03T21:57:58Z
2026-08-03T21:57:27Z,2026-08-03T23:57:27+0200,d07b3b2b-e83a-4999-877d-e2466ad53d7b,2026-07-17T06:00:00Z,2026-07-17T08:00:00+0200,160.78,EUR/MWh,BE,BE,day_ahead_price,value,2026-08-03T21:57:58Z
2026-08-03T21:57:27Z,2026-08-03T23:57:27+0200,d07b3b2b-e83a-4999-877d-e2466ad53d7b,2026-07-17T06:15:00Z,2026-07-17T08:15:00+0200,161.29,EUR/MWh,BE,BE,day_ahead_price,value,2026-08-03T21:57:58Z
2026-08-03T21:57:27Z,2026-08-03T23:57:27+0200,d07b3b2b-e83a-4999-877d-e2466ad53d7b,2026-07-17T06:30:00Z,2026-07-17T08:30:00+0200,154.02,EUR/MWh,BE,BE,day_ahead_price,value,2026-08-03T21:57:58Z
2026-08-03T21:57:27Z,2026-08-03T23:57:27+0200,d07b3b2b-e83a-4999-877d-e2466ad53d7b,2026-07-17T06:45:00Z,2026-07-17T08:45:00+0200,129.0,EUR/MWh,BE,BE,day_ahead_price,value,2026-08-03T21:57:58Z
2026-08-03T21:57:27Z,2026-08-03T23:57:27+0200,d07b3b2b-e83a-4999-877d-e2466ad53d7b,2026-07-17T07:00:00Z,2026-07-17T09:00:00+0200,150.0,EUR/MWh,BE,BE,day_ahead_price,value,2026-08-03T21:57:58Z
2026-08-03T21:57:27Z,2026-08-03T23:57:27+0200,d07b3b2b-e83a-4999-877d-e2466ad53d7b,2026-07-17T07:15:00Z,2026-07-17T09:15:00+0200,138.6,EUR/MWh,BE,BE,day_ahead_price,value,2026-08-03T21:57:58Z
2026-08-03T21:57:27Z,2026-08-03T23:57:27+0200,d07b3b2b-e83a-4999-877d-e2466ad53d7b,2026-07-17T07:30:00Z,2026-07-17T09:30:00+0200,134.22,EUR/MWh,BE,BE,day_ahead_price,value,2026-08-03T21:57:58Z
2026-08-03T21:57:27Z,2026-08-03T23:57:27+0200,d07b3b2b-e83a-4999-877d-e2466ad53d7b,2026-07-17T07:45:00Z,2026-07-17T09:45:00+0200,118.81,EUR/MWh,BE,BE,day_ahead_price,value,2026-08-03T21:57:58Z
2026-08-03T21:57:27Z,2026-08-03T23:57:27+0200,d07b3b2b-e83a-4999-877d-e2466ad53d7b,2026-07-17T08:00:00Z,2026-07-17T10:00:00+0200,148.62,EUR/MWh,BE,BE,day_ahead_price,value,2026-08-03T21:57:58Z
2026-08-03T21:57:27Z,2026-08-03T23:57:27+0200,d07b3b2b-e83a-4999-877d-e2466ad53d7b,2026-07-17T08:15:00Z,2026-07-17T10:15:00+0200,132.4,EUR/MWh,BE,BE,day_ahead_price,value,2026-08-03T21:57:58Z
2026-08-03T21:57:27Z,2026-08-03T23:57:27+0200,d07b3b2b-e83a-4999-877d-e2466ad53d7b,2026-07-17T08:30:00Z,2026-07-17T10:30:00+0200,120.4,EUR/MWh,BE,BE,day_ahead_price,value,2026-08-03T21:57:58Z
2026-08-03T21:57:27Z,2026-08-03T23:57:27+0200,d07b3b2b-e83a-4999-877d-e2466ad53d7b,2026-07-17T08:45:00Z,2026-07-17T10:45:00+0200,112.34,EUR/MWh,BE,BE,day_ahead_price,value,2026-08-03T21:57:58Z
2026-08-03T21:57:27Z,2026-08-03T23:57:27+0200,d07b3b2b-e83a-4999-877d-e2466ad53d7b,2026-07-17T09:00:00Z,2026-07-17T11:00:00+0200,122.59,EUR/MWh,BE,BE,day_ahead_price,value,2026-08-03T21:57:58Z
2026-08-03T21:57:27Z,2026-08-03T23:57:27+0200,d07b3b2b-e83a-4999-877d-e2466ad53d7b,2026-07-17T09:15:00Z,2026-07-17T11:15:00+0200,112.54,EUR/MWh,BE,BE,day_ahead_price,value,2026-08-03T21:57:58Z
2026-08-03T21:57:27Z,2026-08-03T23:57:27+0200,d07b3b2b-e83a-4999-877d-e2466ad53d7b,2026-07-17T09:30:00Z,2026-07-17T11:30:00+0200,112.21,EUR/MWh,BE,BE,day_ahead_price,value,2026-08-03T21:57:58Z
2026-08-03T21:57:27Z,2026-08-03T23:57:27+0200,d07b3b2b-e83a-4999-877d-e2466ad53d7b,2026-07-17T09:45:00Z,2026-07-17T11:45:00+0200,110.92,EUR/MWh,BE,BE,day_ahead_price,value,2026-08-03T21:57:58Z
2026-08-03T21:57:27Z,2026-08-03T23:57:27+0200,d07b3b2b-e83a-4999-877d-e2466ad53d7b,2026-07-17T10:00:00Z,2026-07-17T12:00:00+0200,113.7,EUR/MWh,BE,BE,day_ahead_price,value,2026-08-03T21:57:58Z
2026-08-03T21:57:27Z,2026-08-03T23:57:27+0200,d07b3b2b-e83a-4999-877d-e2466ad53d7b,2026-07-17T10:15:00Z,2026-07-17T12:15:00+0200,105.0,EUR/MWh,BE,BE,day_ahead_price,value,2026-08-03T21:57:58Z
2026-08-03T21:57:27Z,2026-08-03T23:57:27+0200,d07b3b2b-e83a-4999-877d-e2466ad53d7b,2026-07-17T10:30:00Z,2026-07-17T12:30:00+0200,100.0,EUR/MWh,BE,BE,day_ahead_price,value,2026-08-03T21:57:58Z
2026-08-03T21:57:27Z,2026-08-03T23:57:27+0200,d07b3b2b-e83a-4999-877d-e2466ad53d7b,2026-07-17T10:45:00Z,2026-07-17T12:45:00+0200,98.3,EUR/MWh,BE,BE,day_ahead_price,value,2026-08-03T21:57:58Z
2026-08-03T21:57:27Z,2026-08-03T23:57:27+0200,d07b3b2b-e83a-4999-877d-e2466ad53d7b,2026-07-17T11:00:00Z,2026-07-17T13:00:00+0200,98.96,EUR/MWh,BE,BE,day_ahead_price,value,2026-08-03T21:57:58Z
2026-08-03T21:57:27Z,2026-08-03T23:57:27+0200,d07b3b2b-e83a-4999-877d-e2466ad53d7b,2026-07-17T11:15:00Z,2026-07-17T13:15:00+0200,98.35,EUR/MWh,BE,BE,day_ahead_price,value,2026-08-03T21:57:58Z
2026-08-03T21:57:27Z,2026-08-03T23:57:27+0200,d07b3b2b-e83a-4999-877d-e2466ad53d7b,2026-07-17T11:30:00Z,2026-07-17T13:30:00+0200,97.81,EUR/MWh,BE,BE,day_ahead_price,value,2026-08-03T21:57:58Z
2026-08-03T21:57:27Z,2026-08-03T23:57:27+0200,d07b3b2b-e83a-4999-877d-e2466ad53d7b,2026-07-17T11:45:00Z,2026-07-17T13:45:00+0200,97.68,EUR/MWh,BE,BE,day_ahead_price,value,2026-08-03T21:57:58Z
2026-08-03T21:57:27Z,2026-08-03T23:57:27+0200,d07b3b2b-e83a-4999-877d-e2466ad53d7b,2026-07-17T12:00:00Z,2026-07-17T14:00:00+0200,97.94,EUR/MWh,BE,BE,day_ahead_price,value,2026-08-03T21:57:58Z
2026-08-03T21:57:27Z,2026-08-03T23:57:27+0200,d07b3b2b-e83a-4999-877d-e2466ad53d7b,2026-07-17T12:15:00Z,2026-07-17T14:15:00+0200,98.09,EUR/MWh,BE,BE,day_ahead_price,value,2026-08-03T21:57:58Z
2026-08-03T21:57:27Z,2026-08-03T23:57:27+0200,d07b3b2b-e83a-4999-877d-e2466ad53d7b,2026-07-17T12:30:00Z,2026-07-17T14:30:00+0200,98.41,EUR/MWh,BE,BE,day_ahead_price,value,2026-08-03T21:57:58Z
2026-08-03T21:57:27Z,2026-08-03T23:57:27+0200,d07b3b2b-e83a-4999-877d-e2466ad53d7b,2026-07-17T12:45:00Z,2026-07-17T14:45:00+0200,99.47,EUR/MWh,BE,BE,day_ahead_price,value,2026-08-03T21:57:58Z
2026-08-03T21:57:27Z,2026-08-03T23:57:27+0200,d07b3b2b-e83a-4999-877d-e2466ad53d7b,2026-07-17T13:00:00Z,2026-07-17T15:00:00+0200,99.7,EUR/MWh,BE,BE,day_ahead_price,value,2026-08-03T21:57:58Z
2026-08-03T21:57:27Z,2026-08-03T23:57:27+0200,d07b3b2b-e83a-4999-877d-e2466ad53d7b,2026-07-17T13:15:00Z,2026-07-17T15:15:00+0200,105.3,EUR/MWh,BE,BE,day_ahead_price,value,2026-08-03T21:57:58Z
2026-08-03T21:57:27Z,2026-08-03T23:57:27+0200,d07b3b2b-e83a-4999-877d-e2466ad53d7b,2026-07-17T13:30:00Z,2026-07-17T15:30:00+0200,111.7,EUR/MWh,BE,BE,day_ahead_price,value,2026-08-03T21:57:58Z
2026-08-03T21:57:27Z,2026-08-03T23:57:27+0200,d07b3b2b-e83a-4999-877d-e2466ad53d7b,2026-07-17T13:45:00Z,2026-07-17T15:45:00+0200,117.28,EUR/MWh,BE,BE,day_ahead_price,value,2026-08-03T21:57:58Z
2026-08-03T21:57:27Z,2026-08-03T23:57:27+0200,d07b3b2b-e83a-4999-877d-e2466ad53d7b,2026-07-17T14:00:00Z,2026-07-17T16:00:00+0200,105.0,EUR/MWh,BE,BE,day_ahead_price,value,2026-08-03T21:57:58Z
2026-08-03T21:57:27Z,2026-08-03T23:57:27+0200,d07b3b2b-e83a-4999-877d-e2466ad53d7b,2026-07-17T14:15:00Z,2026-07-17T16:15:00+0200,111.62,EUR/MWh,BE,BE,day_ahead_price,value,2026-08-03T21:57:58Z
2026-08-03T21:57:27Z,2026-08-03T23:57:27+0200,d07b3b2b-e83a-4999-877d-e2466ad53d7b,2026-07-17T14:30:00Z,2026-07-17T16:30:00+0200,117.24,EUR/MWh,BE,BE,day_ahead_price,value,2026-08-03T21:57:58Z
2026-08-03T21:57:27Z,2026-08-03T23:57:27+0200,d07b3b2b-e83a-4999-877d-e2466ad53d7b,2026-07-17T14:45:00Z,2026-07-17T16:45:00+0200,125.44,EUR/MWh,BE,BE,day_ahead_price,value,2026-08-03T21:57:58Z
2026-08-03T21:57:27Z,2026-08-03T23:57:27+0200,d07b3b2b-e83a-4999-877d-e2466ad53d7b,2026-07-17T15:00:00Z,2026-07-17T17:00:00+0200,115.05,EUR/MWh,BE,BE,day_ahead_price,value,2026-08-03T21:57:58Z
2026-08-03T21:57:27Z,2026-08-03T23:57:27+0200,d07b3b2b-e83a-4999-877d-e2466ad53d7b,2026-07-17T15:15:00Z,2026-07-17T17:15:00+0200,123.09,EUR/MWh,BE,BE,day_ahead_price,value,2026-08-03T21:57:58Z
2026-08-03T21:57:27Z,2026-08-03T23:57:27+0200,d07b3b2b-e83a-4999-877d-e2466ad53d7b,2026-07-17T15:30:00Z,2026-07-17T17:30:00+0200,130.99,EUR/MWh,BE,BE,day_ahead_price,value,2026-08-03T21:57:58Z
2026-08-03T21:57:27Z,2026-08-03T23:57:27+0200,d07b3b2b-e83a-4999-877d-e2466ad53d7b,2026-07-17T15:45:00Z,2026-07-17T17:45:00+0200,142.27,EUR/MWh,BE,BE,day_ahead_price,value,2026-08-03T21:57:58Z
2026-08-03T21:57:27Z,2026-08-03T23:57:27+0200,d07b3b2b-e83a-4999-877d-e2466ad53d7b,2026-07-17T16:00:00Z,2026-07-17T18:00:00+0200,123.29,EUR/MWh,BE,BE,day_ahead_price,value,2026-08-03T21:57:58Z
2026-08-03T21:57:27Z,2026-08-03T23:57:27+0200,d07b3b2b-e83a-4999-877d-e2466ad53d7b,2026-07-17T16:15:00Z,2026-07-17T18:15:00+0200,138.44,EUR/MWh,BE,BE,day_ahead_price,value,2026-08-03T21:57:58Z
2026-08-03T21:57:27Z,2026-08-03T23:57:27+0200,d07b3b2b-e83a-4999-877d-e2466ad53d7b,2026-07-17T16:30:00Z,2026-07-17T18:30:00+0200,143.49,EUR/MWh,BE,BE,day_ahead_price,value,2026-08-03T21:57:58Z
2026-08-03T21:57:27Z,2026-08-03T23:57:27+0200,d07b3b2b-e83a-4999-877d-e2466ad53d7b,2026-07-17T16:45:00Z,2026-07-17T18:45:00+0200,150.41,EUR/MWh,BE,BE,day_ahead_price,value,2026-08-03T21:57:58Z
2026-08-03T21:57:27Z,2026-08-03T23:57:27+0200,d07b3b2b-e83a-4999-877d-e2466ad53d7b,2026-07-17T17:00:00Z,2026-07-17T19:00:00+0200,146.29,EUR/MWh,BE,BE,day_ahead_price,value,2026-08-03T21:57:58Z
2026-08-03T21:57:27Z,2026-08-03T23:57:27+0200,d07b3b2b-e83a-4999-877d-e2466ad53d7b,2026-07-17T17:15:00Z,2026-07-17T19:15:00+0200,154.55,EUR/MWh,BE,BE,day_ahead_price,value,2026-08-03T21:57:58Z
2026-08-03T21:57:27Z,2026-08-03T23:57:27+0200,d07b3b2b-e83a-4999-877d-e2466ad53d7b,2026-07-17T17:30:00Z,2026-07-17T19:30:00+0200,150.0,EUR/MWh,BE,BE,day_ahead_price,value,2026-08-03T21:57:58Z
2026-08-03T21:57:27Z,2026-08-03T23:57:27+0200,d07b3b2b-e83a-4999-877d-e2466ad53d7b,2026-07-17T17:45:00Z,2026-07-17T19:45:00+0200,159.48,EUR/MWh,BE,BE,day_ahead_price,value,2026-08-03T21:57:58Z
2026-08-03T21:57:27Z,2026-08-03T23:57:27+0200,d07b3b2b-e83a-4999-877d-e2466ad53d7b,2026-07-17T18:00:00Z,2026-07-17T20:00:00+0200,152.18,EUR/MWh,BE,BE,day_ahead_price,value,2026-08-03T21:57:58Z
2026-08-03T21:57:27Z,2026-08-03T23:57:27+0200,d07b3b2b-e83a-4999-877d-e2466ad53d7b,2026-07-17T18:15:00Z,2026-07-17T20:15:00+0200,158.92,EUR/MWh,BE,BE,day_ahead_price,value,2026-08-03T21:57:58Z
2026-08-03T21:57:27Z,2026-08-03T23:57:27+0200,d07b3b2b-e83a-4999-877d-e2466ad53d7b,2026-07-17T18:30:00Z,2026-07-17T20:30:00+0200,164.52,EUR/MWh,BE,BE,day_ahead_price,value,2026-08-03T21:57:58Z
2026-08-03T21:57:27Z,2026-08-03T23:57:27+0200,d07b3b2b-e83a-4999-877d-e2466ad53d7b,2026-07-17T18:45:00Z,2026-07-17T20:45:00+0200,172.09,EUR/MWh,BE,BE,day_ahead_price,value,2026-08-03T21:57:58Z
2026-08-03T21:57:27Z,2026-08-03T23:57:27+0200,d07b3b2b-e83a-4999-877d-e2466ad53d7b,2026-07-17T19:00:00Z,2026-07-17T21:00:00+0200,166.56,EUR/MWh,BE,BE,day_ahead_price,value,2026-08-03T21:57:58Z
2026-08-03T21:57:27Z,2026-08-03T23:57:27+0200,d07b3b2b-e83a-4999-877d-e2466ad53d7b,2026-07-17T19:15:00Z,2026-07-17T21:15:00+0200,166.84,EUR/MWh,BE,BE,day_ahead_price,value,2026-08-03T21:57:58Z
2026-08-03T21:57:27Z,2026-08-03T23:57:27+0200,d07b3b2b-e83a-4999-877d-e2466ad53d7b,2026-07-17T19:30:00Z,2026-07-17T21:30:00+0200,169.26,EUR/MWh,BE,BE,day_ahead_price,value,2026-08-03T21:57:58Z
2026-08-03T21:57:27Z,2026-08-03T23:57:27+0200,d07b3b2b-e83a-4999-877d-e2466ad53d7b,2026-07-17T19:45:00Z,2026-07-17T21:45:00+0200,168.49,EUR/MWh,BE,BE,day_ahead_price,value,2026-08-03T21:57:58Z
2026-08-03T21:57:27Z,2026-08-03T23:57:27+0200,d07b3b2b-e83a-4999-877d-e2466ad53d7b,2026-07-17T20:00:00Z,2026-07-17T22:00:00+0200,169.18,EUR/MWh,BE,BE,day_ahead_price,value,2026-08-03T21:57:58Z
2026-08-03T21:57:27Z,2026-08-03T23:57:27+0200,d07b3b2b-e83a-4999-877d-e2466ad53d7b,2026-07-17T20:15:00Z,2026-07-17T22:15:00+0200,165.72,EUR/MWh,BE,BE,day_ahead_price,value,2026-08-03T21:57:58Z
2026-08-03T21:57:27Z,2026-08-03T23:57:27+0200,d07b3b2b-e83a-4999-877d-e2466ad53d7b,2026-07-17T20:30:00Z,2026-07-17T22:30:00+0200,164.66,EUR/MWh,BE,BE,day_ahead_price,value,2026-08-03T21:57:58Z
2026-08-03T21:57:27Z,2026-08-03T23:57:27+0200,d07b3b2b-e83a-4999-877d-e2466ad53d7b,2026-07-17T20:45:00Z,2026-07-17T22:45:00+0200,160.08,EUR/MWh,BE,BE,day_ahead_price,value,2026-08-03T21:57:58Z
2026-08-03T21:57:27Z,2026-08-03T23:57:27+0200,d07b3b2b-e83a-4999-877d-e2466ad53d7b,2026-07-17T21:00:00Z,2026-07-17T23:00:00+0200,163.44,EUR/MWh,BE,BE,day_ahead_price,value,2026-08-03T21:57:58Z
2026-08-03T21:57:27Z,2026-08-03T23:57:27+0200,d07b3b2b-e83a-4999-877d-e2466ad53d7b,2026-07-17T21:15:00Z,2026-07-17T23:15:00+0200,160.88,EUR/MWh,BE,BE,day_ahead_price,value,2026-08-03T21:57:58Z
2026-08-03T21:57:27Z,2026-08-03T23:57:27+0200,d07b3b2b-e83a-4999-877d-e2466ad53d7b,2026-07-17T21:30:00Z,2026-07-17T23:30:00+0200,159.04,EUR/MWh,BE,BE,day_ahead_price,value,2026-08-03T21:57:58Z
2026-08-03T21:57:27Z,2026-08-03T23:57:27+0200,d07b3b2b-e83a-4999-877d-e2466ad53d7b,2026-07-17T21:45:00Z,2026-07-17T23:45:00+0200,150.48,EUR/MWh,BE,BE,day_ahead_price,value,2026-08-03T21:57:58Z
2026-08-03T21:57:27Z,2026-08-03T23:57:27+0200,d07b3b2b-e83a-4999-877d-e2466ad53d7b,2026-07-17T22:00:00Z,2026-07-18T00:00:00+0200,168.41,EUR/MWh,BE,BE,day_ahead_price,value,2026-08-03T21:57:58Z
2026-08-03T21:57:27Z,2026-08-03T23:57:27+0200,d07b3b2b-e83a-4999-877d-e2466ad53d7b,2026-07-17T22:15:00Z,2026-07-18T00:15:00+0200,160.28,EUR/MWh,BE,BE,day_ahead_price,value,2026-08-03T21:57:58Z
2026-08-03T21:57:27Z,2026-08-03T23:57:27+0200,d07b3b2b-e83a-4999-877d-e2466ad53d7b,2026-07-17T22:30:00Z,2026-07-18T00:30:00+0200,151.24,EUR/MWh,BE,BE,day_ahead_price,value,2026-08-03T21:57:58Z
2026-08-03T21:57:27Z,2026-08-03T23:57:27+0200,d07b3b2b-e83a-4999-877d-e2466ad53d7b,2026-07-17T22:45:00Z,2026-07-18T00:45:00+0200,145.0,EUR/MWh,BE,BE,day_ahead_price,value,2026-08-03T21:57:58Z
2026-08-03T21:57:27Z,2026-08-03T23:57:27+0200,d07b3b2b-e83a-4999-877d-e2466ad53d7b,2026-07-17T23:00:00Z,2026-07-18T01:00:00+0200,152.94,EUR/MWh,BE,BE,day_ahead_price,value,2026-08-03T21:57:58Z
2026-08-03T21:57:27Z,2026-08-03T23:57:27+0200,d07b3b2b-e83a-4999-877d-e2466ad53d7b,2026-07-17T23:15:00Z,2026-07-18T01:15:00+0200,146.81,EUR/MWh,BE,BE,day_ahead_price,value,2026-08-03T21:57:58Z
2026-08-03T21:57:27Z,2026-08-03T23:57:27+0200,d07b3b2b-e83a-4999-877d-e2466ad53d7b,2026-07-17T23:30:00Z,2026-07-18T01:30:00+0200,143.48,EUR/MWh,BE,BE,day_ahead_price,value,2026-08-03T21:57:58Z
2026-08-03T21:57:27Z,2026-08-03T23:57:27+0200,d07b3b2b-e83a-4999-877d-e2466ad53d7b,2026-07-17T23:45:00Z,2026-07-18T01:45:00+0200,138.39,EUR/MWh,BE,BE,day_ahead_price,value,2026-08-03T21:57:58Z
2026-08-03T21:57:27Z,2026-08-03T23:57:27+0200,d07b3b2b-e83a-4999-877d-e2466ad53d7b,2026-07-18T00:00:00Z,2026-07-18T02:00:00+0200,146.13,EUR/MWh,BE,BE,day_ahead_price,value,2026-08-03T21:57:58Z
2026-08-03T21:57:27Z,2026-08-03T23:57:27+0200,d07b3b2b-e83a-4999-877d-e2466ad53d7b,2026-07-18T00:15:00Z,2026-07-18T02:15:00+0200,142.61,EUR/MWh,BE,BE,day_ahead_price,value,2026-08-03T21:57:58Z
2026-08-03T21:57:27Z,2026-08-03T23:57:27+0200,d07b3b2b-e83a-4999-877d-e2466ad53d7b,2026-07-18T00:30:00Z,2026-07-18T02:30:00+0200,139.09,EUR/MWh,BE,BE,day_ahead_price,value,2026-08-03T21:57:58Z
2026-08-03T21:57:27Z,2026-08-03T23:57:27+0200,d07b3b2b-e83a-4999-877d-e2466ad53d7b,2026-07-18T00:45:00Z,2026-07-18T02:45:00+0200,140.17,EUR/MWh,BE,BE,day_ahead_price,value,2026-08-03T21:57:58Z
2026-08-03T21:57:27Z,2026-08-03T23:57:27+0200,d07b3b2b-e83a-4999-877d-e2466ad53d7b,2026-07-18T01:00:00Z,2026-07-18T03:00:00+0200,137.21,EUR/MWh,BE,BE,day_ahead_price,value,2026-08-03T21:57:58Z
2026-08-03T21:57:27Z,2026-08-03T23:57:27+0200,d07b3b2b-e83a-4999-877d-e2466ad53d7b,2026-07-18T01:15:00Z,2026-07-18T03:15:00+0200,135.55,EUR/MWh,BE,BE,day_ahead_price,value,2026-08-03T21:57:58Z
2026-08-03T21:57:27Z,2026-08-03T23:57:27+0200,d07b3b2b-e83a-4999-877d-e2466ad53d7b,2026-07-18T01:30:00Z,2026-07-18T03:30:00+0200,135.0,EUR/MWh,BE,BE,day_ahead_price,value,2026-08-03T21:57:58Z
2026-08-03T21:57:27Z,2026-08-03T23:57:27+0200,d07b3b2b-e83a-4999-877d-e2466ad53d7b,2026-07-18T01:45:00Z,2026-07-18T03:45:00+0200,133.44,EUR/MWh,BE,BE,day_ahead_price,value,2026-08-03T21:57:58Z
2026-08-03T21:57:27Z,2026-08-03T23:57:27+0200,d07b3b2b-e83a-4999-877d-e2466ad53d7b,2026-07-18T02:00:00Z,2026-07-18T04:00:00+0200,137.55,EUR/MWh,BE,BE,day_ahead_price,value,2026-08-03T21:57:58Z
2026-08-03T21:57:27Z,2026-08-03T23:57:27+0200,d07b3b2b-e83a-4999-877d-e2466ad53d7b,2026-07-18T02:15:00Z,2026-07-18T04:15:00+0200,137.94,EUR/MWh,BE,BE,day_ahead_price,value,2026-08-03T21:57:58Z
2026-08-03T21:57:27Z,2026-08-03T23:57:27+0200,d07b3b2b-e83a-4999-877d-e2466ad53d7b,2026-07-18T02:30:00Z,2026-07-18T04:30:00+0200,135.15,EUR/MWh,BE,BE,day_ahead_price,value,2026-08-03T21:57:58Z
2026-08-03T21:57:27Z,2026-08-03T23:57:27+0200,d07b3b2b-e83a-4999-877d-e2466ad53d7b,2026-07-18T02:45:00Z,2026-07-18T04:45:00+0200,130.39,EUR/MWh,BE,BE,day_ahead_price,value,2026-08-03T21:57:58Z
2026-08-03T21:57:27Z,2026-08-03T23:57:27+0200,d07b3b2b-e83a-4999-877d-e2466ad53d7b,2026-07-18T03:00:00Z,2026-07-18T05:00:00+0200,142.83,EUR/MWh,BE,BE,day_ahead_price,value,2026-08-03T21:57:58Z
2026-08-03T21:57:27Z,2026-08-03T23:57:27+0200,d07b3b2b-e83a-4999-877d-e2466ad53d7b,2026-07-18T03:15:00Z,2026-07-18T05:15:00+0200,135.04,EUR/MWh,BE,BE,day_ahead_price,value,2026-08-03T21:57:58Z
2026-08-03T21:57:27Z,2026-08-03T23:57:27+0200,d07b3b2b-e83a-4999-877d-e2466ad53d7b,2026-07-18T03:30:00Z,2026-07-18T05:30:00+0200,131.24,EUR/MWh,BE,BE,day_ahead_price,value,2026-08-03T21:57:58Z
2026-08-03T21:57:27Z,2026-08-03T23:57:27+0200,d07b3b2b-e83a-4999-877d-e2466ad53d7b,2026-07-18T03:45:00Z,2026-07-18T05:45:00+0200,123.54,EUR/MWh,BE,BE,day_ahead_price,value,2026-08-03T21:57:58Z
2026-08-03T21:57:27Z,2026-08-03T23:57:27+0200,d07b3b2b-e83a-4999-877d-e2466ad53d7b,2026-07-18T04:00:00Z,2026-07-18T06:00:00+0200,132.85,EUR/MWh,BE,BE,day_ahead_price,value,2026-08-03T21:57:58Z
2026-08-03T21:57:27Z,2026-08-03T23:57:27+0200,d07b3b2b-e83a-4999-877d-e2466ad53d7b,2026-07-18T04:15:00Z,2026-07-18T06:15:00+0200,130.28,EUR/MWh,BE,BE,day_ahead_price,value,2026-08-03T21:57:58Z
2026-08-03T21:57:27Z,2026-08-03T23:57:27+0200,d07b3b2b-e83a-4999-877d-e2466ad53d7b,2026-07-18T04:30:00Z,2026-07-18T06:30:00+0200,127.9,EUR/MWh,BE,BE,day_ahead_price,value,2026-08-03T21:57:58Z
2026-08-03T21:57:27Z,2026-08-03T23:57:27+0200,d07b3b2b-e83a-4999-877d-e2466ad53d7b,2026-07-18T04:45:00Z,2026-07-18T06:45:00+0200,118.01,EUR/MWh,BE,BE,day_ahead_price,value,2026-08-03T21:57:58Z
2026-08-03T21:57:27Z,2026-08-03T23:57:27+0200,d07b3b2b-e83a-4999-877d-e2466ad53d7b,2026-07-18T05:00:00Z,2026-07-18T07:00:00+0200,154.01,EUR/MWh,BE,BE,day_ahead_price,value,2026-08-03T21:57:58Z
2026-08-03T21:57:27Z,2026-08-03T23:57:27+0200,d07b3b2b-e83a-4999-877d-e2466ad53d7b,2026-07-18T05:15:00Z,2026-07-18T07:15:00+0200,120.85,EUR/MWh,BE,BE,day_ahead_price,value,2026-08-03T21:57:58Z
2026-08-03T21:57:27Z,2026-08-03T23:57:27+0200,d07b3b2b-e83a-4999-877d-e2466ad53d7b,2026-07-18T05:30:00Z,2026-07-18T07:30:00+0200,109.52,EUR/MWh,BE,BE,day_ahead_price,value,2026-08-03T21:57:58Z
2026-08-03T21:57:27Z,2026-08-03T23:57:27+0200,d07b3b2b-e83a-4999-877d-e2466ad53d7b,2026-07-18T05:45:00Z,2026-07-18T07:45:00+0200,96.88,EUR/MWh,BE,BE,day_ahead_price,value,2026-08-03T21:57:58Z
2026-08-03T21:57:27Z,2026-08-03T23:57:27+0200,d07b3b2b-e83a-4999-877d-e2466ad53d7b,2026-07-18T06:00:00Z,2026-07-18T08:00:00+0200,122.82,EUR/MWh,BE,BE,day_ahead_price,value,2026-08-03T21:57:58Z
2026-08-03T21:57:27Z,2026-08-03T23:57:27+0200,d07b3b2b-e83a-4999-877d-e2466ad53d7b,2026-07-18T06:15:00Z,2026-07-18T08:15:00+0200,106.87,EUR/MWh,BE,BE,day_ahead_price,value,2026-08-03T21:57:58Z
2026-08-03T21:57:27Z,2026-08-03T23:57:27+0200,d07b3b2b-e83a-4999-877d-e2466ad53d7b,2026-07-18T06:30:00Z,2026-07-18T08:30:00+0200,91.03,EUR/MWh,BE,BE,day_ahead_price,value,2026-08-03T21:57:58Z
2026-08-03T21:57:27Z,2026-08-03T23:57:27+0200,d07b3b2b-e83a-4999-877d-e2466ad53d7b,2026-07-18T06:45:00Z,2026-07-18T08:45:00+0200,73.7,EUR/MWh,BE,BE,day_ahead_price,value,2026-08-03T21:57:58Z
2026-08-03T21:57:27Z,2026-08-03T23:57:27+0200,d07b3b2b-e83a-4999-877d-e2466ad53d7b,2026-07-18T07:00:00Z,2026-07-18T09:00:00+0200,82.67,EUR/MWh,BE,BE,day_ahead_price,value,2026-08-03T21:57:58Z
2026-08-03T21:57:27Z,2026-08-03T23:57:27+0200,d07b3b2b-e83a-4999-877d-e2466ad53d7b,2026-07-18T07:15:00Z,2026-07-18T09:15:00+0200,60.1,EUR/MWh,BE,BE,day_ahead_price,value,2026-08-03T21:57:58Z
2026-08-03T21:57:27Z,2026-08-03T23:57:27+0200,d07b3b2b-e83a-4999-877d-e2466ad53d7b,2026-07-18T07:30:00Z,2026-07-18T09:30:00+0200,27.97,EUR/MWh,BE,BE,day_ahead_price,value,2026-08-03T21:57:58Z
2026-08-03T21:57:27Z,2026-08-03T23:57:27+0200,d07b3b2b-e83a-4999-877d-e2466ad53d7b,2026-07-18T07:45:00Z,2026-07-18T09:45:00+0200,11.0,EUR/MWh,BE,BE,day_ahead_price,value,2026-08-03T21:57:58Z
2026-08-03T21:57:27Z,2026-08-03T23:57:27+0200,d07b3b2b-e83a-4999-877d-e2466ad53d7b,2026-07-18T08:00:00Z,2026-07-18T10:00:00+0200,24.3,EUR/MWh,BE,BE,day_ahead_price,value,2026-08-03T21:57:58Z
2026-08-03T21:57:27Z,2026-08-03T23:57:27+0200,d07b3b2b-e83a-4999-877d-e2466ad53d7b,2026-07-18T08:15:00Z,2026-07-18T10:15:00+0200,11.96,EUR/MWh,BE,BE,day_ahead_price,value,2026-08-03T21:57:58Z
2026-08-03T21:57:27Z,2026-08-03T23:57:27+0200,d07b3b2b-e83a-4999-877d-e2466ad53d7b,2026-07-18T08:30:00Z,2026-07-18T10:30:00+0200,4.99,EUR/MWh,BE,BE,day_ahead_price,value,2026-08-03T21:57:58Z
2026-08-03T21:57:27Z,2026-08-03T23:57:27+0200,d07b3b2b-e83a-4999-877d-e2466ad53d7b,2026-07-18T08:45:00Z,2026-07-18T10:45:00+0200,2.53,EUR/MWh,BE,BE,day_ahead_price,value,2026-08-03T21:57:58Z
2026-08-03T21:57:27Z,2026-08-03T23:57:27+0200,d07b3b2b-e83a-4999-877d-e2466ad53d7b,2026-07-18T09:00:00Z,2026-07-18T11:00:00+0200,1.4,EUR/MWh,BE,BE,day_ahead_price,value,2026-08-03T21:57:58Z
2026-08-03T21:57:27Z,2026-08-03T23:57:27+0200,d07b3b2b-e83a-4999-877d-e2466ad53d7b,2026-07-18T09:15:00Z,2026-07-18T11:15:00+0200,1.48,EUR/MWh,BE,BE,day_ahead_price,value,2026-08-03T21:57:58Z
2026-08-03T21:57:27Z,2026-08-03T23:57:27+0200,d07b3b2b-e83a-4999-877d-e2466ad53d7b,2026-07-18T09:30:00Z,2026-07-18T11:30:00+0200,0.66,EUR/MWh,BE,BE,day_ahead_price,value,2026-08-03T21:57:58Z
2026-08-03T21:57:27Z,2026-08-03T23:57:27+0200,d07b3b2b-e83a-4999-877d-e2466ad53d7b,2026-07-18T09:45:00Z,2026-07-18T11:45:00+0200,0.65,EUR/MWh,BE,BE,day_ahead_price,value,2026-08-03T21:57:58Z
2026-08-03T21:57:27Z,2026-08-03T23:57:27+0200,d07b3b2b-e83a-4999-877d-e2466ad53d7b,2026-07-18T10:00:00Z,2026-07-18T12:00:00+0200,0.25,EUR/MWh,BE,BE,day_ahead_price,value,2026-08-03T21:57:58Z
2026-08-03T21:57:27Z,2026-08-03T23:57:27+0200,d07b3b2b-e83a-4999-877d-e2466ad53d7b,2026-07-18T10:15:00Z,2026-07-18T12:15:00+0200,0.15,EUR/MWh,BE,BE,day_ahead_price,value,2026-08-03T21:57:58Z
2026-08-03T21:57:27Z,2026-08-03T23:57:27+0200,d07b3b2b-e83a-4999-877d-e2466ad53d7b,2026-07-18T10:30:00Z,2026-07-18T12:30:00+0200,0.1,EUR/MWh,BE,BE,day_ahead_price,value,2026-08-03T21:57:58Z
2026-08-03T21:57:27Z,2026-08-03T23:57:27+0200,d07b3b2b-e83a-4999-877d-e2466ad53d7b,2026-07-18T10:45:00Z,2026-07-18T12:45:00+0200,-0.03,EUR/MWh,BE,BE,day_ahead_price,value,2026-08-03T21:57:58Z
2026-08-03T21:57:27Z,2026-08-03T23:57:27+0200,d07b3b2b-e83a-4999-877d-e2466ad53d7b,2026-07-18T11:00:00Z,2026-07-18T13:00:00+0200,-0.35,EUR/MWh,BE,BE,day_ahead_price,value,2026-08-03T21:57:58Z
2026-08-03T21:57:27Z,2026-08-03T23:57:27+0200,d07b3b2b-e83a-4999-877d-e2466ad53d7b,2026-07-18T11:15:00Z,2026-07-18T13:15:00+0200,-0.28,EUR/MWh,BE,BE,day_ahead_price,value,2026-08-03T21:57:58Z
2026-08-03T21:57:27Z,2026-08-03T23:57:27+0200,d07b3b2b-e83a-4999-877d-e2466ad53d7b,2026-07-18T11:30:00Z,2026-07-18T13:30:00+0200,-0.35,EUR/MWh,BE,BE,day_ahead_price,value,2026-08-03T21:57:58Z
2026-08-03T21:57:27Z,2026-08-03T23:57:27+0200,d07b3b2b-e83a-4999-877d-e2466ad53d7b,2026-07-18T11:45:00Z,2026-07-18T13:45:00+0200,-0.04,EUR/MWh,BE,BE,day_ahead_price,value,2026-08-03T21:57:58Z
2026-08-03T21:57:27Z,2026-08-03T23:57:27+0200,d07b3b2b-e83a-4999-877d-e2466ad53d7b,2026-07-18T12:00:00Z,2026-07-18T14:00:00+0200,-0.24,EUR/MWh,BE,BE,day_ahead_price,value,2026-08-03T21:57:58Z
2026-08-03T21:57:27Z,2026-08-03T23:57:27+0200,d07b3b2b-e83a-4999-877d-e2466ad53d7b,2026-07-18T12:15:00Z,2026-07-18T14:15:00+0200,-0.27,EUR/MWh,BE,BE,day_ahead_price,value,2026-08-03T21:57:58Z
2026-08-03T21:57:27Z,2026-08-03T23:57:27+0200,d07b3b2b-e83a-4999-877d-e2466ad53d7b,2026-07-18T12:30:00Z,2026-07-18T14:30:00+0200,-0.7,EUR/MWh,BE,BE,day_ahead_price,value,2026-08-03T21:57:58Z
2026-08-03T21:57:27Z,2026-08-03T23:57:27+0200,d07b3b2b-e83a-4999-877d-e2466ad53d7b,2026-07-18T12:45:00Z,2026-07-18T14:45:00+0200,-1.35,EUR/MWh,BE,BE,day_ahead_price,value,2026-08-03T21:57:58Z
2026-08-03T21:57:27Z,2026-08-03T23:57:27+0200,d07b3b2b-e83a-4999-877d-e2466ad53d7b,2026-07-18T13:00:00Z,2026-07-18T15:00:00+0200,-1.24,EUR/MWh,BE,BE,day_ahead_price,value,2026-08-03T21:57:58Z
2026-08-03T21:57:27Z,2026-08-03T23:57:27+0200,d07b3b2b-e83a-4999-877d-e2466ad53d7b,2026-07-18T13:15:00Z,2026-07-18T15:15:00+0200,-1.41,EUR/MWh,BE,BE,day_ahead_price,value,2026-08-03T21:57:58Z
2026-08-03T21:57:27Z,2026-08-03T23:57:27+0200,d07b3b2b-e83a-4999-877d-e2466ad53d7b,2026-07-18T13:30:00Z,2026-07-18T15:30:00+0200,-1.64,EUR/MWh,BE,BE,day_ahead_price,value,2026-08-03T21:57:58Z
2026-08-03T21:57:27Z,2026-08-03T23:57:27+0200,d07b3b2b-e83a-4999-877d-e2466ad53d7b,2026-07-18T13:45:00Z,2026-07-18T15:45:00+0200,-2.65,EUR/MWh,BE,BE,day_ahead_price,value,2026-08-03T21:57:58Z
2026-08-03T21:57:27Z,2026-08-03T23:57:27+0200,d07b3b2b-e83a-4999-877d-e2466ad53d7b,2026-07-18T14:00:00Z,2026-07-18T16:00:00+0200,-1.11,EUR/MWh,BE,BE,day_ahead_price,value,2026-08-03T21:57:58Z
2026-08-03T21:57:27Z,2026-08-03T23:57:27+0200,d07b3b2b-e83a-4999-877d-e2466ad53d7b,2026-07-18T14:15:00Z,2026-07-18T16:15:00+0200,-0.19,EUR/MWh,BE,BE,day_ahead_price,value,2026-08-03T21:57:58Z
2026-08-03T21:57:27Z,2026-08-03T23:57:27+0200,d07b3b2b-e83a-4999-877d-e2466ad53d7b,2026-07-18T14:30:00Z,2026-07-18T16:30:00+0200,0.26,EUR/MWh,BE,BE,day_ahead_price,value,2026-08-03T21:57:58Z
2026-08-03T21:57:27Z,2026-08-03T23:57:27+0200,d07b3b2b-e83a-4999-877d-e2466ad53d7b,2026-07-18T14:45:00Z,2026-07-18T16:45:00+0200,0.97,EUR/MWh,BE,BE,day_ahead_price,value,2026-08-03T21:57:58Z
2026-08-03T21:57:27Z,2026-08-03T23:57:27+0200,d07b3b2b-e83a-4999-877d-e2466ad53d7b,2026-07-18T15:00:00Z,2026-07-18T17:00:00+0200,1.13,EUR/MWh,BE,BE,day_ahead_price,value,2026-08-03T21:57:58Z
2026-08-03T21:57:27Z,2026-08-03T23:57:27+0200,d07b3b2b-e83a-4999-877d-e2466ad53d7b,2026-07-18T15:15:00Z,2026-07-18T17:15:00+0200,1.65,EUR/MWh,BE,BE,day_ahead_price,value,2026-08-03T21:57:58Z
2026-08-03T21:57:27Z,2026-08-03T23:57:27+0200,d07b3b2b-e83a-4999-877d-e2466ad53d7b,2026-07-18T15:30:00Z,2026-07-18T17:30:00+0200,1.9,EUR/MWh,BE,BE,day_ahead_price,value,2026-08-03T21:57:58Z
2026-08-03T21:57:27Z,2026-08-03T23:57:27+0200,d07b3b2b-e83a-4999-877d-e2466ad53d7b,2026-07-18T15:45:00Z,2026-07-18T17:45:00+0200,5.88,EUR/MWh,BE,BE,day_ahead_price,value,2026-08-03T21:57:58Z
2026-08-03T21:57:27Z,2026-08-03T23:57:27+0200,d07b3b2b-e83a-4999-877d-e2466ad53d7b,2026-07-18T16:00:00Z,2026-07-18T18:00:00+0200,7.04,EUR/MWh,BE,BE,day_ahead_price,value,2026-08-03T21:57:58Z
2026-08-03T21:57:27Z,2026-08-03T23:57:27+0200,d07b3b2b-e83a-4999-877d-e2466ad53d7b,2026-07-18T16:15:00Z,2026-07-18T18:15:00+0200,43.28,EUR/MWh,BE,BE,day_ahead_price,value,2026-08-03T21:57:58Z
2026-08-03T21:57:27Z,2026-08-03T23:57:27+0200,d07b3b2b-e83a-4999-877d-e2466ad53d7b,2026-07-18T16:30:00Z,2026-07-18T18:30:00+0200,87.07,EUR/MWh,BE,BE,day_ahead_price,value,2026-08-03T21:57:58Z
2026-08-03T21:57:27Z,2026-08-03T23:57:27+0200,d07b3b2b-e83a-4999-877d-e2466ad53d7b,2026-07-18T16:45:00Z,2026-07-18T18:45:00+0200,104.37,EUR/MWh,BE,BE,day_ahead_price,value,2026-08-03T21:57:58Z
2026-08-03T21:57:27Z,2026-08-03T23:57:27+0200,d07b3b2b-e83a-4999-877d-e2466ad53d7b,2026-07-18T17:00:00Z,2026-07-18T19:00:00+0200,93.11,EUR/MWh,BE,BE,day_ahead_price,value,2026-08-03T21:57:58Z
2026-08-03T21:57:27Z,2026-08-03T23:57:27+0200,d07b3b2b-e83a-4999-877d-e2466ad53d7b,2026-07-18T17:15:00Z,2026-07-18T19:15:00+0200,113.68,EUR/MWh,BE,BE,day_ahead_price,value,2026-08-03T21:57:58Z
2026-08-03T21:57:27Z,2026-08-03T23:57:27+0200,d07b3b2b-e83a-4999-877d-e2466ad53d7b,2026-07-18T17:30:00Z,2026-07-18T19:30:00+0200,120.6,EUR/MWh,BE,BE,day_ahead_price,value,2026-08-03T21:57:58Z
2026-08-03T21:57:27Z,2026-08-03T23:57:27+0200,d07b3b2b-e83a-4999-877d-e2466ad53d7b,2026-07-18T17:45:00Z,2026-07-18T19:45:00+0200,128.7,EUR/MWh,BE,BE,day_ahead_price,value,2026-08-03T21:57:58Z
2026-08-03T21:57:27Z,2026-08-03T23:57:27+0200,d07b3b2b-e83a-4999-877d-e2466ad53d7b,2026-07-18T18:00:00Z,2026-07-18T20:00:00+0200,123.42,EUR/MWh,BE,BE,day_ahead_price,value,2026-08-03T21:57:58Z
2026-08-03T21:57:27Z,2026-08-03T23:57:27+0200,d07b3b2b-e83a-4999-877d-e2466ad53d7b,2026-07-18T18:15:00Z,2026-07-18T20:15:00+0200,132.71,EUR/MWh,BE,BE,day_ahead_price,value,2026-08-03T21:57:58Z
2026-08-03T21:57:27Z,2026-08-03T23:57:27+0200,d07b3b2b-e83a-4999-877d-e2466ad53d7b,2026-07-18T18:30:00Z,2026-07-18T20:30:00+0200,140.36,EUR/MWh,BE,BE,day_ahead_price,value,2026-08-03T21:57:58Z
2026-08-03T21:57:27Z,2026-08-03T23:57:27+0200,d07b3b2b-e83a-4999-877d-e2466ad53d7b,2026-07-18T18:45:00Z,2026-07-18T20:45:00+0200,147.58,EUR/MWh,BE,BE,day_ahead_price,value,2026-08-03T21:57:58Z
2026-08-03T21:57:27Z,2026-08-03T23:57:27+0200,d07b3b2b-e83a-4999-877d-e2466ad53d7b,2026-07-18T19:00:00Z,2026-07-18T21:00:00+0200,145.65,EUR/MWh,BE,BE,day_ahead_price,value,2026-08-03T21:57:58Z
2026-08-03T21:57:27Z,2026-08-03T23:57:27+0200,d07b3b2b-e83a-4999-877d-e2466ad53d7b,2026-07-18T19:15:00Z,2026-07-18T21:15:00+0200,145.04,EUR/MWh,BE,BE,day_ahead_price,value,2026-08-03T21:57:58Z
2026-08-03T21:57:27Z,2026-08-03T23:57:27+0200,d07b3b2b-e83a-4999-877d-e2466ad53d7b,2026-07-18T19:30:00Z,2026-07-18T21:30:00+0200,147.49,EUR/MWh,BE,BE,day_ahead_price,value,2026-08-03T21:57:58Z
2026-08-03T21:57:27Z,2026-08-03T23:57:27+0200,d07b3b2b-e83a-4999-877d-e2466ad53d7b,2026-07-18T19:45:00Z,2026-07-18T21:45:00+0200,155.0,EUR/MWh,BE,BE,day_ahead_price,value,2026-08-03T21:57:58Z
2026-08-03T21:57:27Z,2026-08-03T23:57:27+0200,d07b3b2b-e83a-4999-877d-e2466ad53d7b,2026-07-18T20:00:00Z,2026-07-18T22:00:00+0200,155.42,EUR/MWh,BE,BE,day_ahead_price,value,2026-08-03T21:57:58Z
2026-08-03T21:57:27Z,2026-08-03T23:57:27+0200,d07b3b2b-e83a-4999-877d-e2466ad53d7b,2026-07-18T20:15:00Z,2026-07-18T22:15:00+0200,154.97,EUR/MWh,BE,BE,day_ahead_price,value,2026-08-03T21:57:58Z
2026-08-03T21:57:27Z,2026-08-03T23:57:27+0200,d07b3b2b-e83a-4999-877d-e2466ad53d7b,2026-07-18T20:30:00Z,2026-07-18T22:30:00+0200,154.82,EUR/MWh,BE,BE,day_ahead_price,value,2026-08-03T21:57:58Z
2026-08-03T21:57:27Z,2026-08-03T23:57:27+0200,d07b3b2b-e83a-4999-877d-e2466ad53d7b,2026-07-18T20:45:00Z,2026-07-18T22:45:00+0200,151.73,EUR/MWh,BE,BE,day_ahead_price,value,2026-08-03T21:57:58Z
2026-08-03T21:57:27Z,2026-08-03T23:57:27+0200,d07b3b2b-e83a-4999-877d-e2466ad53d7b,2026-07-18T21:00:00Z,2026-07-18T23:00:00+0200,151.9,EUR/MWh,BE,BE,day_ahead_price,value,2026-08-03T21:57:58Z
2026-08-03T21:57:27Z,2026-08-03T23:57:27+0200,d07b3b2b-e83a-4999-877d-e2466ad53d7b,2026-07-18T21:15:00Z,2026-07-18T23:15:00+0200,150.05,EUR/MWh,BE,BE,day_ahead_price,value,2026-08-03T21:57:58Z
2026-08-03T21:57:27Z,2026-08-03T23:57:27+0200,d07b3b2b-e83a-4999-877d-e2466ad53d7b,2026-07-18T21:30:00Z,2026-07-18T23:30:00+0200,147.7,EUR/MWh,BE,BE,day_ahead_price,value,2026-08-03T21:57:58Z
2026-08-03T21:57:27Z,2026-08-03T23:57:27+0200,d07b3b2b-e83a-4999-877d-e2466ad53d7b,2026-07-18T21:45:00Z,2026-07-18T23:45:00+0200,137.06,EUR/MWh,BE,BE,day_ahead_price,value,2026-08-03T21:57:58Z
2026-08-03T21:57:27Z,2026-08-03T23:57:27+0200,d07b3b2b-e83a-4999-877d-e2466ad53d7b,2026-07-18T22:00:00Z,2026-07-19T00:00:00+0200,145.59,EUR/MWh,BE,BE,day_ahead_price,value,2026-08-03T21:57:58Z
2026-08-03T21:57:27Z,2026-08-03T23:57:27+0200,d07b3b2b-e83a-4999-877d-e2466ad53d7b,2026-07-18T22:15:00Z,2026-07-19T00:15:00+0200,142.6,EUR/MWh,BE,BE,day_ahead_price,value,2026-08-03T21:57:58Z
2026-08-03T21:57:27Z,2026-08-03T23:57:27+0200,d07b3b2b-e83a-4999-877d-e2466ad53d7b,2026-07-18T22:30:00Z,2026-07-19T00:30:00+0200,135.63,EUR/MWh,BE,BE,day_ahead_price,value,2026-08-03T21:57:58Z
2026-08-03T21:57:27Z,2026-08-03T23:57:27+0200,d07b3b2b-e83a-4999-877d-e2466ad53d7b,2026-07-18T22:45:00Z,2026-07-19T00:45:00+0200,130.97,EUR/MWh,BE,BE,day_ahead_price,value,2026-08-03T21:57:58Z
2026-08-03T21:57:27Z,2026-08-03T23:57:27+0200,d07b3b2b-e83a-4999-877d-e2466ad53d7b,2026-07-18T23:00:00Z,2026-07-19T01:00:00+0200,135.0,EUR/MWh,BE,BE,day_ahead_price,value,2026-08-03T21:57:58Z
2026-08-03T21:57:27Z,2026-08-03T23:57:27+0200,d07b3b2b-e83a-4999-877d-e2466ad53d7b,2026-07-18T23:15:00Z,2026-07-19T01:15:00+0200,132.23,EUR/MWh,BE,BE,day_ahead_price,value,2026-08-03T21:57:58Z
2026-08-03T21:57:27Z,2026-08-03T23:57:27+0200,d07b3b2b-e83a-4999-877d-e2466ad53d7b,2026-07-18T23:30:00Z,2026-07-19T01:30:00+0200,130.06,EUR/MWh,BE,BE,day_ahead_price,value,2026-08-03T21:57:58Z
2026-08-03T21:57:27Z,2026-08-03T23:57:27+0200,d07b3b2b-e83a-4999-877d-e2466ad53d7b,2026-07-18T23:45:00Z,2026-07-19T01:45:00+0200,125.68,EUR/MWh,BE,BE,day_ahead_price,value,2026-08-03T21:57:58Z
2026-08-03T21:57:27Z,2026-08-03T23:57:27+0200,d07b3b2b-e83a-4999-877d-e2466ad53d7b,2026-07-19T00:00:00Z,2026-07-19T02:00:00+0200,127.55,EUR/MWh,BE,BE,day_ahead_price,value,2026-08-03T21:57:58Z
2026-08-03T21:57:27Z,2026-08-03T23:57:27+0200,d07b3b2b-e83a-4999-877d-e2466ad53d7b,2026-07-19T00:15:00Z,2026-07-19T02:15:00+0200,122.31,EUR/MWh,BE,BE,day_ahead_price,value,2026-08-03T21:57:58Z
2026-08-03T21:57:27Z,2026-08-03T23:57:27+0200,d07b3b2b-e83a-4999-877d-e2466ad53d7b,2026-07-19T00:30:00Z,2026-07-19T02:30:00+0200,120.85,EUR/MWh,BE,BE,day_ahead_price,value,2026-08-03T21:57:58Z
2026-08-03T21:57:27Z,2026-08-03T23:57:27+0200,d07b3b2b-e83a-4999-877d-e2466ad53d7b,2026-07-19T00:45:00Z,2026-07-19T02:45:00+0200,116.83,EUR/MWh,BE,BE,day_ahead_price,value,2026-08-03T21:57:58Z
2026-08-03T21:57:27Z,2026-08-03T23:57:27+0200,d07b3b2b-e83a-4999-877d-e2466ad53d7b,2026-07-19T01:00:00Z,2026-07-19T03:00:00+0200,121.07,EUR/MWh,BE,BE,day_ahead_price,value,2026-08-03T21:57:58Z
2026-08-03T21:57:27Z,2026-08-03T23:57:27+0200,d07b3b2b-e83a-4999-877d-e2466ad53d7b,2026-07-19T01:15:00Z,2026-07-19T03:15:00+0200,120.09,EUR/MWh,BE,BE,day_ahead_price,value,2026-08-03T21:57:58Z
2026-08-03T21:57:27Z,2026-08-03T23:57:27+0200,d07b3b2b-e83a-4999-877d-e2466ad53d7b,2026-07-19T01:30:00Z,2026-07-19T03:30:00+0200,118.86,EUR/MWh,BE,BE,day_ahead_price,value,2026-08-03T21:57:58Z
2026-08-03T21:57:27Z,2026-08-03T23:57:27+0200,d07b3b2b-e83a-4999-877d-e2466ad53d7b,2026-07-19T01:45:00Z,2026-07-19T03:45:00+0200,114.57,EUR/MWh,BE,BE,day_ahead_price,value,2026-08-03T21:57:58Z
2026-08-03T21:57:27Z,2026-08-03T23:57:27+0200,d07b3b2b-e83a-4999-877d-e2466ad53d7b,2026-07-19T02:00:00Z,2026-07-19T04:00:00+0200,116.13,EUR/MWh,BE,BE,day_ahead_price,value,2026-08-03T21:57:58Z
2026-08-03T21:57:27Z,2026-08-03T23:57:27+0200,d07b3b2b-e83a-4999-877d-e2466ad53d7b,2026-07-19T02:15:00Z,2026-07-19T04:15:00+0200,113.11,EUR/MWh,BE,BE,day_ahead_price,value,2026-08-03T21:57:58Z
2026-08-03T21:57:27Z,2026-08-03T23:57:27+0200,d07b3b2b-e83a-4999-877d-e2466ad53d7b,2026-07-19T02:30:00Z,2026-07-19T04:30:00+0200,112.71,EUR/MWh,BE,BE,day_ahead_price,value,2026-08-03T21:57:58Z
2026-08-03T21:57:27Z,2026-08-03T23:57:27+0200,d07b3b2b-e83a-4999-877d-e2466ad53d7b,2026-07-19T02:45:00Z,2026-07-19T04:45:00+0200,111.19,EUR/MWh,BE,BE,day_ahead_price,value,2026-08-03T21:57:58Z
2026-08-03T21:57:27Z,2026-08-03T23:57:27+0200,d07b3b2b-e83a-4999-877d-e2466ad53d7b,2026-07-19T03:00:00Z,2026-07-19T05:00:00+0200,104.5,EUR/MWh,BE,BE,day_ahead_price,value,2026-08-03T21:57:58Z
2026-08-03T21:57:27Z,2026-08-03T23:57:27+0200,d07b3b2b-e83a-4999-877d-e2466ad53d7b,2026-07-19T03:15:00Z,2026-07-19T05:15:00+0200,103.54,EUR/MWh,BE,BE,day_ahead_price,value,2026-08-03T21:57:58Z
2026-08-03T21:57:27Z,2026-08-03T23:57:27+0200,d07b3b2b-e83a-4999-877d-e2466ad53d7b,2026-07-19T03:30:00Z,2026-07-19T05:30:00+0200,106.69,EUR/MWh,BE,BE,day_ahead_price,value,2026-08-03T21:57:58Z
2026-08-03T21:57:27Z,2026-08-03T23:57:27+0200,d07b3b2b-e83a-4999-877d-e2466ad53d7b,2026-07-19T03:45:00Z,2026-07-19T05:45:00+0200,104.9,EUR/MWh,BE,BE,day_ahead_price,value,2026-08-03T21:57:58Z
2026-08-03T21:57:27Z,2026-08-03T23:57:27+0200,d07b3b2b-e83a-4999-877d-e2466ad53d7b,2026-07-19T04:00:00Z,2026-07-19T06:00:00+0200,102.42,EUR/MWh,BE,BE,day_ahead_price,value,2026-08-03T21:57:58Z
2026-08-03T21:57:27Z,2026-08-03T23:57:27+0200,d07b3b2b-e83a-4999-877d-e2466ad53d7b,2026-07-19T04:15:00Z,2026-07-19T06:15:00+0200,93.0,EUR/MWh,BE,BE,day_ahead_price,value,2026-08-03T21:57:58Z
2026-08-03T21:57:27Z,2026-08-03T23:57:27+0200,d07b3b2b-e83a-4999-877d-e2466ad53d7b,2026-07-19T04:30:00Z,2026-07-19T06:30:00+0200,89.25,EUR/MWh,BE,BE,day_ahead_price,value,2026-08-03T21:57:58Z
2026-08-03T21:57:27Z,2026-08-03T23:57:27+0200,d07b3b2b-e83a-4999-877d-e2466ad53d7b,2026-07-19T04:45:00Z,2026-07-19T06:45:00+0200,75.99,EUR/MWh,BE,BE,day_ahead_price,value,2026-08-03T21:57:58Z
2026-08-03T21:57:27Z,2026-08-03T23:57:27+0200,d07b3b2b-e83a-4999-877d-e2466ad53d7b,2026-07-19T05:00:00Z,2026-07-19T07:00:00+0200,76.64,EUR/MWh,BE,BE,day_ahead_price,value,2026-08-03T21:57:58Z
2026-08-03T21:57:27Z,2026-08-03T23:57:27+0200,d07b3b2b-e83a-4999-877d-e2466ad53d7b,2026-07-19T05:15:00Z,2026-07-19T07:15:00+0200,71.08,EUR/MWh,BE,BE,day_ahead_price,value,2026-08-03T21:57:58Z
2026-08-03T21:57:27Z,2026-08-03T23:57:27+0200,d07b3b2b-e83a-4999-877d-e2466ad53d7b,2026-07-19T05:30:00Z,2026-07-19T07:30:00+0200,65.94,EUR/MWh,BE,BE,day_ahead_price,value,2026-08-03T21:57:58Z
2026-08-03T21:57:27Z,2026-08-03T23:57:27+0200,d07b3b2b-e83a-4999-877d-e2466ad53d7b,2026-07-19T05:45:00Z,2026-07-19T07:45:00+0200,55.43,EUR/MWh,BE,BE,day_ahead_price,value,2026-08-03T21:57:58Z
2026-08-03T21:57:27Z,2026-08-03T23:57:27+0200,d07b3b2b-e83a-4999-877d-e2466ad53d7b,2026-07-19T06:00:00Z,2026-07-19T08:00:00+0200,59.99,EUR/MWh,BE,BE,day_ahead_price,value,2026-08-03T21:57:58Z
2026-08-03T21:57:27Z,2026-08-03T23:57:27+0200,d07b3b2b-e83a-4999-877d-e2466ad53d7b,2026-07-19T06:15:00Z,2026-07-19T08:15:00+0200,41.55,EUR/MWh,BE,BE,day_ahead_price,value,2026-08-03T21:57:58Z
2026-08-03T21:57:27Z,2026-08-03T23:57:27+0200,d07b3b2b-e83a-4999-877d-e2466ad53d7b,2026-07-19T06:30:00Z,2026-07-19T08:30:00+0200,23.79,EUR/MWh,BE,BE,day_ahead_price,value,2026-08-03T21:57:58Z
2026-08-03T21:57:27Z,2026-08-03T23:57:27+0200,d07b3b2b-e83a-4999-877d-e2466ad53d7b,2026-07-19T06:45:00Z,2026-07-19T08:45:00+0200,7.71,EUR/MWh,BE,BE,day_ahead_price,value,2026-08-03T21:57:58Z
2026-08-03T21:57:27Z,2026-08-03T23:57:27+0200,d07b3b2b-e83a-4999-877d-e2466ad53d7b,2026-07-19T07:00:00Z,2026-07-19T09:00:00+0200,7.45,EUR/MWh,BE,BE,day_ahead_price,value,2026-08-03T21:57:58Z
2026-08-03T21:57:27Z,2026-08-03T23:57:27+0200,d07b3b2b-e83a-4999-877d-e2466ad53d7b,2026-07-19T07:15:00Z,2026-07-19T09:15:00+0200,3.14,EUR/MWh,BE,BE,day_ahead_price,value,2026-08-03T21:57:58Z
2026-08-03T21:57:27Z,2026-08-03T23:57:27+0200,d07b3b2b-e83a-4999-877d-e2466ad53d7b,2026-07-19T07:30:00Z,2026-07-19T09:30:00+0200,1.02,EUR/MWh,BE,BE,day_ahead_price,value,2026-08-03T21:57:58Z
2026-08-03T21:57:27Z,2026-08-03T23:57:27+0200,d07b3b2b-e83a-4999-877d-e2466ad53d7b,2026-07-19T07:45:00Z,2026-07-19T09:45:00+0200,0.18,EUR/MWh,BE,BE,day_ahead_price,value,2026-08-03T21:57:58Z
2026-08-03T21:57:27Z,2026-08-03T23:57:27+0200,d07b3b2b-e83a-4999-877d-e2466ad53d7b,2026-07-19T08:00:00Z,2026-07-19T10:00:00+0200,0.04,EUR/MWh,BE,BE,day_ahead_price,value,2026-08-03T21:57:58Z
2026-08-03T21:57:27Z,2026-08-03T23:57:27+0200,d07b3b2b-e83a-4999-877d-e2466ad53d7b,2026-07-19T08:15:00Z,2026-07-19T10:15:00+0200,0.0,EUR/MWh,BE,BE,day_ahead_price,value,2026-08-03T21:57:58Z
2026-08-03T21:57:27Z,2026-08-03T23:57:27+0200,d07b3b2b-e83a-4999-877d-e2466ad53d7b,2026-07-19T08:30:00Z,2026-07-19T10:30:00+0200,0.0,EUR/MWh,BE,BE,day_ahead_price,value,2026-08-03T21:57:58Z
2026-08-03T21:57:27Z,2026-08-03T23:57:27+0200,d07b3b2b-e83a-4999-877d-e2466ad53d7b,2026-07-19T08:45:00Z,2026-07-19T10:45:00+0200,-0.01,EUR/MWh,BE,BE,day_ahead_price,value,2026-08-03T21:57:58Z
2026-08-03T21:57:27Z,2026-08-03T23:57:27+0200,d07b3b2b-e83a-4999-877d-e2466ad53d7b,2026-07-19T09:00:00Z,2026-07-19T11:00:00+0200,-0.01,EUR/MWh,BE,BE,day_ahead_price,value,2026-08-03T21:57:58Z
2026-08-03T21:57:27Z,2026-08-03T23:57:27+0200,d07b3b2b-e83a-4999-877d-e2466ad53d7b,2026-07-19T09:15:00Z,2026-07-19T11:15:00+0200,-0.01,EUR/MWh,BE,BE,day_ahead_price,value,2026-08-03T21:57:58Z
2026-08-03T21:57:27Z,2026-08-03T23:57:27+0200,d07b3b2b-e83a-4999-877d-e2466ad53d7b,2026-07-19T09:30:00Z,2026-07-19T11:30:00+0200,-0.03,EUR/MWh,BE,BE,day_ahead_price,value,2026-08-03T21:57:58Z
2026-08-03T21:57:27Z,2026-08-03T23:57:27+0200,d07b3b2b-e83a-4999-877d-e2466ad53d7b,2026-07-19T09:45:00Z,2026-07-19T11:45:00+0200,-0.07,EUR/MWh,BE,BE,day_ahead_price,value,2026-08-03T21:57:58Z
2026-08-03T21:57:27Z,2026-08-03T23:57:27+0200,d07b3b2b-e83a-4999-877d-e2466ad53d7b,2026-07-19T10:00:00Z,2026-07-19T12:00:00+0200,-0.3,EUR/MWh,BE,BE,day_ahead_price,value,2026-08-03T21:57:58Z
2026-08-03T21:57:27Z,2026-08-03T23:57:27+0200,d07b3b2b-e83a-4999-877d-e2466ad53d7b,2026-07-19T10:15:00Z,2026-07-19T12:15:00+0200,-0.51,EUR/MWh,BE,BE,day_ahead_price,value,2026-08-03T21:57:58Z
2026-08-03T21:57:27Z,2026-08-03T23:57:27+0200,d07b3b2b-e83a-4999-877d-e2466ad53d7b,2026-07-19T10:30:00Z,2026-07-19T12:30:00+0200,-0.56,EUR/MWh,BE,BE,day_ahead_price,value,2026-08-03T21:57:58Z
2026-08-03T21:57:27Z,2026-08-03T23:57:27+0200,d07b3b2b-e83a-4999-877d-e2466ad53d7b,2026-07-19T10:45:00Z,2026-07-19T12:45:00+0200,-0.48,EUR/MWh,BE,BE,day_ahead_price,value,2026-08-03T21:57:58Z
2026-08-03T21:57:27Z,2026-08-03T23:57:27+0200,d07b3b2b-e83a-4999-877d-e2466ad53d7b,2026-07-19T11:00:00Z,2026-07-19T13:00:00+0200,-0.39,EUR/MWh,BE,BE,day_ahead_price,value,2026-08-03T21:57:58Z
2026-08-03T21:57:27Z,2026-08-03T23:57:27+0200,d07b3b2b-e83a-4999-877d-e2466ad53d7b,2026-07-19T11:15:00Z,2026-07-19T13:15:00+0200,-2.15,EUR/MWh,BE,BE,day_ahead_price,value,2026-08-03T21:57:58Z
2026-08-03T21:57:27Z,2026-08-03T23:57:27+0200,d07b3b2b-e83a-4999-877d-e2466ad53d7b,2026-07-19T11:30:00Z,2026-07-19T13:30:00+0200,-2.83,EUR/MWh,BE,BE,day_ahead_price,value,2026-08-03T21:57:58Z
2026-08-03T21:57:27Z,2026-08-03T23:57:27+0200,d07b3b2b-e83a-4999-877d-e2466ad53d7b,2026-07-19T11:45:00Z,2026-07-19T13:45:00+0200,-3.81,EUR/MWh,BE,BE,day_ahead_price,value,2026-08-03T21:57:58Z
2026-08-03T21:57:27Z,2026-08-03T23:57:27+0200,d07b3b2b-e83a-4999-877d-e2466ad53d7b,2026-07-19T12:00:00Z,2026-07-19T14:00:00+0200,-4.15,EUR/MWh,BE,BE,day_ahead_price,value,2026-08-03T21:57:58Z
2026-08-03T21:57:27Z,2026-08-03T23:57:27+0200,d07b3b2b-e83a-4999-877d-e2466ad53d7b,2026-07-19T12:15:00Z,2026-07-19T14:15:00+0200,-4.45,EUR/MWh,BE,BE,day_ahead_price,value,2026-08-03T21:57:58Z
2026-08-03T21:57:27Z,2026-08-03T23:57:27+0200,d07b3b2b-e83a-4999-877d-e2466ad53d7b,2026-07-19T12:30:00Z,2026-07-19T14:30:00+0200,-4.42,EUR/MWh,BE,BE,day_ahead_price,value,2026-08-03T21:57:58Z
2026-08-03T21:57:27Z,2026-08-03T23:57:27+0200,d07b3b2b-e83a-4999-877d-e2466ad53d7b,2026-07-19T12:45:00Z,2026-07-19T14:45:00+0200,-4.81,EUR/MWh,BE,BE,day_ahead_price,value,2026-08-03T21:57:58Z
2026-08-03T21:57:27Z,2026-08-03T23:57:27+0200,d07b3b2b-e83a-4999-877d-e2466ad53d7b,2026-07-19T13:00:00Z,2026-07-19T15:00:00+0200,-4.99,EUR/MWh,BE,BE,day_ahead_price,value,2026-08-03T21:57:58Z
2026-08-03T21:57:27Z,2026-08-03T23:57:27+0200,d07b3b2b-e83a-4999-877d-e2466ad53d7b,2026-07-19T13:15:00Z,2026-07-19T15:15:00+0200,-4.57,EUR/MWh,BE,BE,day_ahead_price,value,2026-08-03T21:57:58Z
2026-08-03T21:57:27Z,2026-08-03T23:57:27+0200,d07b3b2b-e83a-4999-877d-e2466ad53d7b,2026-07-19T13:30:00Z,2026-07-19T15:30:00+0200,-4.0,EUR/MWh,BE,BE,day_ahead_price,value,2026-08-03T21:57:58Z
2026-08-03T21:57:27Z,2026-08-03T23:57:27+0200,d07b3b2b-e83a-4999-877d-e2466ad53d7b,2026-07-19T13:45:00Z,2026-07-19T15:45:00+0200,-3.06,EUR/MWh,BE,BE,day_ahead_price,value,2026-08-03T21:57:58Z
2026-08-03T21:57:27Z,2026-08-03T23:57:27+0200,d07b3b2b-e83a-4999-877d-e2466ad53d7b,2026-07-19T14:00:00Z,2026-07-19T16:00:00+0200,-1.5,EUR/MWh,BE,BE,day_ahead_price,value,2026-08-03T21:57:58Z
2026-08-03T21:57:27Z,2026-08-03T23:57:27+0200,d07b3b2b-e83a-4999-877d-e2466ad53d7b,2026-07-19T14:15:00Z,2026-07-19T16:15:00+0200,-1.82,EUR/MWh,BE,BE,day_ahead_price,value,2026-08-03T21:57:58Z
2026-08-03T21:57:27Z,2026-08-03T23:57:27+0200,d07b3b2b-e83a-4999-877d-e2466ad53d7b,2026-07-19T14:30:00Z,2026-07-19T16:30:00+0200,-1.73,EUR/MWh,BE,BE,day_ahead_price,value,2026-08-03T21:57:58Z
2026-08-03T21:57:27Z,2026-08-03T23:57:27+0200,d07b3b2b-e83a-4999-877d-e2466ad53d7b,2026-07-19T14:45:00Z,2026-07-19T16:45:00+0200,-0.06,EUR/MWh,BE,BE,day_ahead_price,value,2026-08-03T21:57:58Z
2026-08-03T21:57:27Z,2026-08-03T23:57:27+0200,d07b3b2b-e83a-4999-877d-e2466ad53d7b,2026-07-19T15:00:00Z,2026-07-19T17:00:00+0200,-0.62,EUR/MWh,BE,BE,day_ahead_price,value,2026-08-03T21:57:58Z
2026-08-03T21:57:27Z,2026-08-03T23:57:27+0200,d07b3b2b-e83a-4999-877d-e2466ad53d7b,2026-07-19T15:15:00Z,2026-07-19T17:15:00+0200,0.76,EUR/MWh,BE,BE,day_ahead_price,value,2026-08-03T21:57:58Z
2026-08-03T21:57:27Z,2026-08-03T23:57:27+0200,d07b3b2b-e83a-4999-877d-e2466ad53d7b,2026-07-19T15:30:00Z,2026-07-19T17:30:00+0200,1.66,EUR/MWh,BE,BE,day_ahead_price,value,2026-08-03T21:57:58Z
2026-08-03T21:57:27Z,2026-08-03T23:57:27+0200,d07b3b2b-e83a-4999-877d-e2466ad53d7b,2026-07-19T15:45:00Z,2026-07-19T17:45:00+0200,2.28,EUR/MWh,BE,BE,day_ahead_price,value,2026-08-03T21:57:58Z
2026-08-03T21:57:27Z,2026-08-03T23:57:27+0200,d07b3b2b-e83a-4999-877d-e2466ad53d7b,2026-07-19T16:00:00Z,2026-07-19T18:00:00+0200,2.36,EUR/MWh,BE,BE,day_ahead_price,value,2026-08-03T21:57:58Z
2026-08-03T21:57:27Z,2026-08-03T23:57:27+0200,d07b3b2b-e83a-4999-877d-e2466ad53d7b,2026-07-19T16:15:00Z,2026-07-19T18:15:00+0200,23.52,EUR/MWh,BE,BE,day_ahead_price,value,2026-08-03T21:57:58Z
2026-08-03T21:57:27Z,2026-08-03T23:57:27+0200,d07b3b2b-e83a-4999-877d-e2466ad53d7b,2026-07-19T16:30:00Z,2026-07-19T18:30:00+0200,51.72,EUR/MWh,BE,BE,day_ahead_price,value,2026-08-03T21:57:58Z
2026-08-03T21:57:27Z,2026-08-03T23:57:27+0200,d07b3b2b-e83a-4999-877d-e2466ad53d7b,2026-07-19T16:45:00Z,2026-07-19T18:45:00+0200,85.62,EUR/MWh,BE,BE,day_ahead_price,value,2026-08-03T21:57:58Z
2026-08-03T21:57:27Z,2026-08-03T23:57:27+0200,d07b3b2b-e83a-4999-877d-e2466ad53d7b,2026-07-19T17:00:00Z,2026-07-19T19:00:00+0200,84.93,EUR/MWh,BE,BE,day_ahead_price,value,2026-08-03T21:57:58Z
2026-08-03T21:57:27Z,2026-08-03T23:57:27+0200,d07b3b2b-e83a-4999-877d-e2466ad53d7b,2026-07-19T17:15:00Z,2026-07-19T19:15:00+0200,108.18,EUR/MWh,BE,BE,day_ahead_price,value,2026-08-03T21:57:58Z
2026-08-03T21:57:27Z,2026-08-03T23:57:27+0200,d07b3b2b-e83a-4999-877d-e2466ad53d7b,2026-07-19T17:30:00Z,2026-07-19T19:30:00+0200,128.35,EUR/MWh,BE,BE,day_ahead_price,value,2026-08-03T21:57:58Z
2026-08-03T21:57:27Z,2026-08-03T23:57:27+0200,d07b3b2b-e83a-4999-877d-e2466ad53d7b,2026-07-19T17:45:00Z,2026-07-19T19:45:00+0200,138.08,EUR/MWh,BE,BE,day_ahead_price,value,2026-08-03T21:57:58Z
2026-08-03T21:57:27Z,2026-08-03T23:57:27+0200,d07b3b2b-e83a-4999-877d-e2466ad53d7b,2026-07-19T18:00:00Z,2026-07-19T20:00:00+0200,139.47,EUR/MWh,BE,BE,day_ahead_price,value,2026-08-03T21:57:58Z
2026-08-03T21:57:27Z,2026-08-03T23:57:27+0200,d07b3b2b-e83a-4999-877d-e2466ad53d7b,2026-07-19T18:15:00Z,2026-07-19T20:15:00+0200,140.15,EUR/MWh,BE,BE,day_ahead_price,value,2026-08-03T21:57:58Z
2026-08-03T21:57:27Z,2026-08-03T23:57:27+0200,d07b3b2b-e83a-4999-877d-e2466ad53d7b,2026-07-19T18:30:00Z,2026-07-19T20:30:00+0200,151.54,EUR/MWh,BE,BE,day_ahead_price,value,2026-08-03T21:57:58Z
2026-08-03T21:57:27Z,2026-08-03T23:57:27+0200,d07b3b2b-e83a-4999-877d-e2466ad53d7b,2026-07-19T18:45:00Z,2026-07-19T20:45:00+0200,157.94,EUR/MWh,BE,BE,day_ahead_price,value,2026-08-03T21:57:58Z
2026-08-03T21:57:27Z,2026-08-03T23:57:27+0200,d07b3b2b-e83a-4999-877d-e2466ad53d7b,2026-07-19T19:00:00Z,2026-07-19T21:00:00+0200,153.17,EUR/MWh,BE,BE,day_ahead_price,value,2026-08-03T21:57:58Z
2026-08-03T21:57:27Z,2026-08-03T23:57:27+0200,d07b3b2b-e83a-4999-877d-e2466ad53d7b,2026-07-19T19:15:00Z,2026-07-19T21:15:00+0200,150.86,EUR/MWh,BE,BE,day_ahead_price,value,2026-08-03T21:57:58Z
2026-08-03T21:57:27Z,2026-08-03T23:57:27+0200,d07b3b2b-e83a-4999-877d-e2466ad53d7b,2026-07-19T19:30:00Z,2026-07-19T21:30:00+0200,150.0,EUR/MWh,BE,BE,day_ahead_price,value,2026-08-03T21:57:58Z
2026-08-03T21:57:27Z,2026-08-03T23:57:27+0200,d07b3b2b-e83a-4999-877d-e2466ad53d7b,2026-07-19T19:45:00Z,2026-07-19T21:45:00+0200,146.43,EUR/MWh,BE,BE,day_ahead_price,value,2026-08-03T21:57:58Z
2026-08-03T21:57:27Z,2026-08-03T23:57:27+0200,d07b3b2b-e83a-4999-877d-e2466ad53d7b,2026-07-19T20:00:00Z,2026-07-19T22:00:00+0200,160.32,EUR/MWh,BE,BE,day_ahead_price,value,2026-08-03T21:57:58Z
2026-08-03T21:57:27Z,2026-08-03T23:57:27+0200,d07b3b2b-e83a-4999-877d-e2466ad53d7b,2026-07-19T20:15:00Z,2026-07-19T22:15:00+0200,151.6,EUR/MWh,BE,BE,day_ahead_price,value,2026-08-03T21:57:58Z
2026-08-03T21:57:27Z,2026-08-03T23:57:27+0200,d07b3b2b-e83a-4999-877d-e2466ad53d7b,2026-07-19T20:30:00Z,2026-07-19T22:30:00+0200,148.76,EUR/MWh,BE,BE,day_ahead_price,value,2026-08-03T21:57:58Z
2026-08-03T21:57:27Z,2026-08-03T23:57:27+0200,d07b3b2b-e83a-4999-877d-e2466ad53d7b,2026-07-19T20:45:00Z,2026-07-19T22:45:00+0200,140.42,EUR/MWh,BE,BE,day_ahead_price,value,2026-08-03T21:57:58Z
2026-08-03T21:57:27Z,2026-08-03T23:57:27+0200,d07b3b2b-e83a-4999-877d-e2466ad53d7b,2026-07-19T21:00:00Z,2026-07-19T23:00:00+0200,152.41,EUR/MWh,BE,BE,day_ahead_price,value,2026-08-03T21:57:58Z
2026-08-03T21:57:27Z,2026-08-03T23:57:27+0200,d07b3b2b-e83a-4999-877d-e2466ad53d7b,2026-07-19T21:15:00Z,2026-07-19T23:15:00+0200,137.02,EUR/MWh,BE,BE,day_ahead_price,value,2026-08-03T21:57:58Z
2026-08-03T21:57:27Z,2026-08-03T23:57:27+0200,d07b3b2b-e83a-4999-877d-e2466ad53d7b,2026-07-19T21:30:00Z,2026-07-19T23:30:00+0200,135.65,EUR/MWh,BE,BE,day_ahead_price,value,2026-08-03T21:57:58Z
2026-08-03T21:57:27Z,2026-08-03T23:57:27+0200,d07b3b2b-e83a-4999-877d-e2466ad53d7b,2026-07-19T21:45:00Z,2026-07-19T23:45:00+0200,128.43,EUR/MWh,BE,BE,day_ahead_price,value,2026-08-03T21:57:58Z
2026-08-03T21:57:27Z,2026-08-03T23:57:27+0200,d07b3b2b-e83a-4999-877d-e2466ad53d7b,2026-07-19T22:00:00Z,2026-07-20T00:00:00+0200,167.33,EUR/MWh,BE,BE,day_ahead_price,value,2026-08-03T21:57:58Z
2026-08-03T21:57:27Z,2026-08-03T23:57:27+0200,d07b3b2b-e83a-4999-877d-e2466ad53d7b,2026-07-19T22:15:00Z,2026-07-20T00:15:00+0200,150.11,EUR/MWh,BE,BE,day_ahead_price,value,2026-08-03T21:57:58Z
2026-08-03T21:57:27Z,2026-08-03T23:57:27+0200,d07b3b2b-e83a-4999-877d-e2466ad53d7b,2026-07-19T22:30:00Z,2026-07-20T00:30:00+0200,140.74,EUR/MWh,BE,BE,day_ahead_price,value,2026-08-03T21:57:58Z
2026-08-03T21:57:27Z,2026-08-03T23:57:27+0200,d07b3b2b-e83a-4999-877d-e2466ad53d7b,2026-07-19T22:45:00Z,2026-07-20T00:45:00+0200,131.63,EUR/MWh,BE,BE,day_ahead_price,value,2026-08-03T21:57:58Z
2026-08-03T21:57:27Z,2026-08-03T23:57:27+0200,d07b3b2b-e83a-4999-877d-e2466ad53d7b,2026-07-19T23:00:00Z,2026-07-20T01:00:00+0200,148.25,EUR/MWh,BE,BE,day_ahead_price,value,2026-08-03T21:57:58Z
2026-08-03T21:57:27Z,2026-08-03T23:57:27+0200,d07b3b2b-e83a-4999-877d-e2466ad53d7b,2026-07-19T23:15:00Z,2026-07-20T01:15:00+0200,140.01,EUR/MWh,BE,BE,day_ahead_price,value,2026-08-03T21:57:58Z
2026-08-03T21:57:27Z,2026-08-03T23:57:27+0200,d07b3b2b-e83a-4999-877d-e2466ad53d7b,2026-07-19T23:30:00Z,2026-07-20T01:30:00+0200,135.68,EUR/MWh,BE,BE,day_ahead_price,value,2026-08-03T21:57:58Z
2026-08-03T21:57:27Z,2026-08-03T23:57:27+0200,d07b3b2b-e83a-4999-877d-e2466ad53d7b,2026-07-19T23:45:00Z,2026-07-20T01:45:00+0200,129.99,EUR/MWh,BE,BE,day_ahead_price,value,2026-08-03T21:57:58Z
2026-08-03T21:57:27Z,2026-08-03T23:57:27+0200,d07b3b2b-e83a-4999-877d-e2466ad53d7b,2026-07-20T00:00:00Z,2026-07-20T02:00:00+0200,132.64,EUR/MWh,BE,BE,day_ahead_price,value,2026-08-03T21:57:58Z
2026-08-03T21:57:27Z,2026-08-03T23:57:27+0200,d07b3b2b-e83a-4999-877d-e2466ad53d7b,2026-07-20T00:15:00Z,2026-07-20T02:15:00+0200,137.39,EUR/MWh,BE,BE,day_ahead_price,value,2026-08-03T21:57:58Z
2026-08-03T21:57:27Z,2026-08-03T23:57:27+0200,d07b3b2b-e83a-4999-877d-e2466ad53d7b,2026-07-20T00:30:00Z,2026-07-20T02:30:00+0200,134.2,EUR/MWh,BE,BE,day_ahead_price,value,2026-08-03T21:57:58Z
2026-08-03T21:57:27Z,2026-08-03T23:57:27+0200,d07b3b2b-e83a-4999-877d-e2466ad53d7b,2026-07-20T00:45:00Z,2026-07-20T02:45:00+0200,151.75,EUR/MWh,BE,BE,day_ahead_price,value,2026-08-03T21:57:58Z
2026-08-03T21:57:27Z,2026-08-03T23:57:27+0200,d07b3b2b-e83a-4999-877d-e2466ad53d7b,2026-07-20T01:00:00Z,2026-07-20T03:00:00+0200,134.54,EUR/MWh,BE,BE,day_ahead_price,value,2026-08-03T21:57:58Z
2026-08-03T21:57:27Z,2026-08-03T23:57:27+0200,d07b3b2b-e83a-4999-877d-e2466ad53d7b,2026-07-20T01:15:00Z,2026-07-20T03:15:00+0200,138.18,EUR/MWh,BE,BE,day_ahead_price,value,2026-08-03T21:57:58Z
2026-08-03T21:57:27Z,2026-08-03T23:57:27+0200,d07b3b2b-e83a-4999-877d-e2466ad53d7b,2026-07-20T01:30:00Z,2026-07-20T03:30:00+0200,133.93,EUR/MWh,BE,BE,day_ahead_price,value,2026-08-03T21:57:58Z
2026-08-03T21:57:27Z,2026-08-03T23:57:27+0200,d07b3b2b-e83a-4999-877d-e2466ad53d7b,2026-07-20T01:45:00Z,2026-07-20T03:45:00+0200,137.46,EUR/MWh,BE,BE,day_ahead_price,value,2026-08-03T21:57:58Z
2026-08-03T21:57:27Z,2026-08-03T23:57:27+0200,d07b3b2b-e83a-4999-877d-e2466ad53d7b,2026-07-20T02:00:00Z,2026-07-20T04:00:00+0200,123.63,EUR/MWh,BE,BE,day_ahead_price,value,2026-08-03T21:57:58Z
2026-08-03T21:57:27Z,2026-08-03T23:57:27+0200,d07b3b2b-e83a-4999-877d-e2466ad53d7b,2026-07-20T02:15:00Z,2026-07-20T04:15:00+0200,128.92,EUR/MWh,BE,BE,day_ahead_price,value,2026-08-03T21:57:58Z
2026-08-03T21:57:27Z,2026-08-03T23:57:27+0200,d07b3b2b-e83a-4999-877d-e2466ad53d7b,2026-07-20T02:30:00Z,2026-07-20T04:30:00+0200,129.41,EUR/MWh,BE,BE,day_ahead_price,value,2026-08-03T21:57:58Z
2026-08-03T21:57:27Z,2026-08-03T23:57:27+0200,d07b3b2b-e83a-4999-877d-e2466ad53d7b,2026-07-20T02:45:00Z,2026-07-20T04:45:00+0200,133.08,EUR/MWh,BE,BE,day_ahead_price,value,2026-08-03T21:57:58Z
2026-08-03T21:57:27Z,2026-08-03T23:57:27+0200,d07b3b2b-e83a-4999-877d-e2466ad53d7b,2026-07-20T03:00:00Z,2026-07-20T05:00:00+0200,146.1,EUR/MWh,BE,BE,day_ahead_price,value,2026-08-03T21:57:58Z
2026-08-03T21:57:27Z,2026-08-03T23:57:27+0200,d07b3b2b-e83a-4999-877d-e2466ad53d7b,2026-07-20T03:15:00Z,2026-07-20T05:15:00+0200,139.99,EUR/MWh,BE,BE,day_ahead_price,value,2026-08-03T21:57:58Z
2026-08-03T21:57:27Z,2026-08-03T23:57:27+0200,d07b3b2b-e83a-4999-877d-e2466ad53d7b,2026-07-20T03:30:00Z,2026-07-20T05:30:00+0200,144.08,EUR/MWh,BE,BE,day_ahead_price,value,2026-08-03T21:57:58Z
2026-08-03T21:57:27Z,2026-08-03T23:57:27+0200,d07b3b2b-e83a-4999-877d-e2466ad53d7b,2026-07-20T03:45:00Z,2026-07-20T05:45:00+0200,145.95,EUR/MWh,BE,BE,day_ahead_price,value,2026-08-03T21:57:58Z
2026-08-03T21:57:27Z,2026-08-03T23:57:27+0200,d07b3b2b-e83a-4999-877d-e2466ad53d7b,2026-07-20T04:00:00Z,2026-07-20T06:00:00+0200,147.92,EUR/MWh,BE,BE,day_ahead_price,value,2026-08-03T21:57:58Z
2026-08-03T21:57:27Z,2026-08-03T23:57:27+0200,d07b3b2b-e83a-4999-877d-e2466ad53d7b,2026-07-20T04:15:00Z,2026-07-20T06:15:00+0200,150.06,EUR/MWh,BE,BE,day_ahead_price,value,2026-08-03T21:57:58Z
2026-08-03T21:57:27Z,2026-08-03T23:57:27+0200,d07b3b2b-e83a-4999-877d-e2466ad53d7b,2026-07-20T04:30:00Z,2026-07-20T06:30:00+0200,150.52,EUR/MWh,BE,BE,day_ahead_price,value,2026-08-03T21:57:58Z
2026-08-03T21:57:27Z,2026-08-03T23:57:27+0200,d07b3b2b-e83a-4999-877d-e2466ad53d7b,2026-07-20T04:45:00Z,2026-07-20T06:45:00+0200,149.19,EUR/MWh,BE,BE,day_ahead_price,value,2026-08-03T21:57:58Z
2026-08-03T21:57:27Z,2026-08-03T23:57:27+0200,d07b3b2b-e83a-4999-877d-e2466ad53d7b,2026-07-20T05:00:00Z,2026-07-20T07:00:00+0200,159.92,EUR/MWh,BE,BE,day_ahead_price,value,2026-08-03T21:57:58Z
2026-08-03T21:57:27Z,2026-08-03T23:57:27+0200,d07b3b2b-e83a-4999-877d-e2466ad53d7b,2026-07-20T05:15:00Z,2026-07-20T07:15:00+0200,152.96,EUR/MWh,BE,BE,day_ahead_price,value,2026-08-03T21:57:58Z
2026-08-03T21:57:27Z,2026-08-03T23:57:27+0200,d07b3b2b-e83a-4999-877d-e2466ad53d7b,2026-07-20T05:30:00Z,2026-07-20T07:30:00+0200,148.99,EUR/MWh,BE,BE,day_ahead_price,value,2026-08-03T21:57:58Z
2026-08-03T21:57:27Z,2026-08-03T23:57:27+0200,d07b3b2b-e83a-4999-877d-e2466ad53d7b,2026-07-20T05:45:00Z,2026-07-20T07:45:00+0200,145.0,EUR/MWh,BE,BE,day_ahead_price,value,2026-08-03T21:57:58Z
2026-08-03T21:57:27Z,2026-08-03T23:57:27+0200,d07b3b2b-e83a-4999-877d-e2466ad53d7b,2026-07-20T06:00:00Z,2026-07-20T08:00:00+0200,159.0,EUR/MWh,BE,BE,day_ahead_price,value,2026-08-03T21:57:58Z
2026-08-03T21:57:27Z,2026-08-03T23:57:27+0200,d07b3b2b-e83a-4999-877d-e2466ad53d7b,2026-07-20T06:15:00Z,2026-07-20T08:15:00+0200,140.0,EUR/MWh,BE,BE,day_ahead_price,value,2026-08-03T21:57:58Z
2026-08-03T21:57:27Z,2026-08-03T23:57:27+0200,d07b3b2b-e83a-4999-877d-e2466ad53d7b,2026-07-20T06:30:00Z,2026-07-20T08:30:00+0200,120.7,EUR/MWh,BE,BE,day_ahead_price,value,2026-08-03T21:57:58Z
2026-08-03T21:57:27Z,2026-08-03T23:57:27+0200,d07b3b2b-e83a-4999-877d-e2466ad53d7b,2026-07-20T06:45:00Z,2026-07-20T08:45:00+0200,104.29,EUR/MWh,BE,BE,day_ahead_price,value,2026-08-03T21:57:58Z
2026-08-03T21:57:27Z,2026-08-03T23:57:27+0200,d07b3b2b-e83a-4999-877d-e2466ad53d7b,2026-07-20T07:00:00Z,2026-07-20T09:00:00+0200,113.72,EUR/MWh,BE,BE,day_ahead_price,value,2026-08-03T21:57:58Z
2026-08-03T21:57:27Z,2026-08-03T23:57:27+0200,d07b3b2b-e83a-4999-877d-e2466ad53d7b,2026-07-20T07:15:00Z,2026-07-20T09:15:00+0200,102.0,EUR/MWh,BE,BE,day_ahead_price,value,2026-08-03T21:57:58Z
2026-08-03T21:57:27Z,2026-08-03T23:57:27+0200,d07b3b2b-e83a-4999-877d-e2466ad53d7b,2026-07-20T07:30:00Z,2026-07-20T09:30:00+0200,89.33,EUR/MWh,BE,BE,day_ahead_price,value,2026-08-03T21:57:58Z
2026-08-03T21:57:27Z,2026-08-03T23:57:27+0200,d07b3b2b-e83a-4999-877d-e2466ad53d7b,2026-07-20T07:45:00Z,2026-07-20T09:45:00+0200,65.82,EUR/MWh,BE,BE,day_ahead_price,value,2026-08-03T21:57:58Z
2026-08-03T21:57:27Z,2026-08-03T23:57:27+0200,d07b3b2b-e83a-4999-877d-e2466ad53d7b,2026-07-20T08:00:00Z,2026-07-20T10:00:00+0200,83.1,EUR/MWh,BE,BE,day_ahead_price,value,2026-08-03T21:57:58Z
2026-08-03T21:57:27Z,2026-08-03T23:57:27+0200,d07b3b2b-e83a-4999-877d-e2466ad53d7b,2026-07-20T08:15:00Z,2026-07-20T10:15:00+0200,73.36,EUR/MWh,BE,BE,day_ahead_price,value,2026-08-03T21:57:58Z
2026-08-03T21:57:27Z,2026-08-03T23:57:27+0200,d07b3b2b-e83a-4999-877d-e2466ad53d7b,2026-07-20T08:30:00Z,2026-07-20T10:30:00+0200,61.76,EUR/MWh,BE,BE,day_ahead_price,value,2026-08-03T21:57:58Z
2026-08-03T21:57:27Z,2026-08-03T23:57:27+0200,d07b3b2b-e83a-4999-877d-e2466ad53d7b,2026-07-20T08:45:00Z,2026-07-20T10:45:00+0200,48.9,EUR/MWh,BE,BE,day_ahead_price,value,2026-08-03T21:57:58Z
2026-08-03T21:57:27Z,2026-08-03T23:57:27+0200,d07b3b2b-e83a-4999-877d-e2466ad53d7b,2026-07-20T09:00:00Z,2026-07-20T11:00:00+0200,30.54,EUR/MWh,BE,BE,day_ahead_price,value,2026-08-03T21:57:58Z
2026-08-03T21:57:27Z,2026-08-03T23:57:27+0200,d07b3b2b-e83a-4999-877d-e2466ad53d7b,2026-07-20T09:15:00Z,2026-07-20T11:15:00+0200,35.59,EUR/MWh,BE,BE,day_ahead_price,value,2026-08-03T21:57:58Z
2026-08-03T21:57:27Z,2026-08-03T23:57:27+0200,d07b3b2b-e83a-4999-877d-e2466ad53d7b,2026-07-20T09:30:00Z,2026-07-20T11:30:00+0200,18.44,EUR/MWh,BE,BE,day_ahead_price,value,2026-08-03T21:57:58Z
2026-08-03T21:57:27Z,2026-08-03T23:57:27+0200,d07b3b2b-e83a-4999-877d-e2466ad53d7b,2026-07-20T09:45:00Z,2026-07-20T11:45:00+0200,15.42,EUR/MWh,BE,BE,day_ahead_price,value,2026-08-03T21:57:58Z
2026-08-03T21:57:27Z,2026-08-03T23:57:27+0200,d07b3b2b-e83a-4999-877d-e2466ad53d7b,2026-07-20T10:00:00Z,2026-07-20T12:00:00+0200,86.53,EUR/MWh,BE,BE,day_ahead_price,value,2026-08-03T21:57:58Z
2026-08-03T21:57:27Z,2026-08-03T23:57:27+0200,d07b3b2b-e83a-4999-877d-e2466ad53d7b,2026-07-20T10:15:00Z,2026-07-20T12:15:00+0200,51.58,EUR/MWh,BE,BE,day_ahead_price,value,2026-08-03T21:57:58Z
2026-08-03T21:57:27Z,2026-08-03T23:57:27+0200,d07b3b2b-e83a-4999-877d-e2466ad53d7b,2026-07-20T10:30:00Z,2026-07-20T12:30:00+0200,59.4,EUR/MWh,BE,BE,day_ahead_price,value,2026-08-03T21:57:58Z
2026-08-03T21:57:27Z,2026-08-03T23:57:27+0200,d07b3b2b-e83a-4999-877d-e2466ad53d7b,2026-07-20T10:45:00Z,2026-07-20T12:45:00+0200,49.43,EUR/MWh,BE,BE,day_ahead_price,value,2026-08-03T21:57:58Z
2026-08-03T21:57:27Z,2026-08-03T23:57:27+0200,d07b3b2b-e83a-4999-877d-e2466ad53d7b,2026-07-20T11:00:00Z,2026-07-20T13:00:00+0200,7.73,EUR/MWh,BE,BE,day_ahead_price,value,2026-08-03T21:57:58Z
2026-08-03T21:57:27Z,2026-08-03T23:57:27+0200,d07b3b2b-e83a-4999-877d-e2466ad53d7b,2026-07-20T11:15:00Z,2026-07-20T13:15:00+0200,7.71,EUR/MWh,BE,BE,day_ahead_price,value,2026-08-03T21:57:58Z
2026-08-03T21:57:27Z,2026-08-03T23:57:27+0200,d07b3b2b-e83a-4999-877d-e2466ad53d7b,2026-07-20T11:30:00Z,2026-07-20T13:30:00+0200,4.71,EUR/MWh,BE,BE,day_ahead_price,value,2026-08-03T21:57:58Z
2026-08-03T21:57:27Z,2026-08-03T23:57:27+0200,d07b3b2b-e83a-4999-877d-e2466ad53d7b,2026-07-20T11:45:00Z,2026-07-20T13:45:00+0200,4.47,EUR/MWh,BE,BE,day_ahead_price,value,2026-08-03T21:57:58Z
2026-08-03T21:57:27Z,2026-08-03T23:57:27+0200,d07b3b2b-e83a-4999-877d-e2466ad53d7b,2026-07-20T12:00:00Z,2026-07-20T14:00:00+0200,20.17,EUR/MWh,BE,BE,day_ahead_price,value,2026-08-03T21:57:58Z
2026-08-03T21:57:27Z,2026-08-03T23:57:27+0200,d07b3b2b-e83a-4999-877d-e2466ad53d7b,2026-07-20T12:15:00Z,2026-07-20T14:15:00+0200,25.47,EUR/MWh,BE,BE,day_ahead_price,value,2026-08-03T21:57:58Z
2026-08-03T21:57:27Z,2026-08-03T23:57:27+0200,d07b3b2b-e83a-4999-877d-e2466ad53d7b,2026-07-20T12:30:00Z,2026-07-20T14:30:00+0200,34.87,EUR/MWh,BE,BE,day_ahead_price,value,2026-08-03T21:57:58Z
2026-08-03T21:57:27Z,2026-08-03T23:57:27+0200,d07b3b2b-e83a-4999-877d-e2466ad53d7b,2026-07-20T12:45:00Z,2026-07-20T14:45:00+0200,42.09,EUR/MWh,BE,BE,day_ahead_price,value,2026-08-03T21:57:58Z
2026-08-03T21:57:27Z,2026-08-03T23:57:27+0200,d07b3b2b-e83a-4999-877d-e2466ad53d7b,2026-07-20T13:00:00Z,2026-07-20T15:00:00+0200,4.05,EUR/MWh,BE,BE,day_ahead_price,value,2026-08-03T21:57:58Z
2026-08-03T21:57:27Z,2026-08-03T23:57:27+0200,d07b3b2b-e83a-4999-877d-e2466ad53d7b,2026-07-20T13:15:00Z,2026-07-20T15:15:00+0200,7.09,EUR/MWh,BE,BE,day_ahead_price,value,2026-08-03T21:57:58Z
2026-08-03T21:57:27Z,2026-08-03T23:57:27+0200,d07b3b2b-e83a-4999-877d-e2466ad53d7b,2026-07-20T13:30:00Z,2026-07-20T15:30:00+0200,21.66,EUR/MWh,BE,BE,day_ahead_price,value,2026-08-03T21:57:58Z
2026-08-03T21:57:27Z,2026-08-03T23:57:27+0200,d07b3b2b-e83a-4999-877d-e2466ad53d7b,2026-07-20T13:45:00Z,2026-07-20T15:45:00+0200,13.24,EUR/MWh,BE,BE,day_ahead_price,value,2026-08-03T21:57:58Z
2026-08-03T21:57:27Z,2026-08-03T23:57:27+0200,d07b3b2b-e83a-4999-877d-e2466ad53d7b,2026-07-20T14:00:00Z,2026-07-20T16:00:00+0200,25.46,EUR/MWh,BE,BE,day_ahead_price,value,2026-08-03T21:57:58Z
2026-08-03T21:57:27Z,2026-08-03T23:57:27+0200,d07b3b2b-e83a-4999-877d-e2466ad53d7b,2026-07-20T14:15:00Z,2026-07-20T16:15:00+0200,25.72,EUR/MWh,BE,BE,day_ahead_price,value,2026-08-03T21:57:58Z
2026-08-03T21:57:27Z,2026-08-03T23:57:27+0200,d07b3b2b-e83a-4999-877d-e2466ad53d7b,2026-07-20T14:30:00Z,2026-07-20T16:30:00+0200,31.84,EUR/MWh,BE,BE,day_ahead_price,value,2026-08-03T21:57:58Z
2026-08-03T21:57:27Z,2026-08-03T23:57:27+0200,d07b3b2b-e83a-4999-877d-e2466ad53d7b,2026-07-20T14:45:00Z,2026-07-20T16:45:00+0200,88.01,EUR/MWh,BE,BE,day_ahead_price,value,2026-08-03T21:57:58Z
2026-08-03T21:57:27Z,2026-08-03T23:57:27+0200,d07b3b2b-e83a-4999-877d-e2466ad53d7b,2026-07-20T15:00:00Z,2026-07-20T17:00:00+0200,32.71,EUR/MWh,BE,BE,day_ahead_price,value,2026-08-03T21:57:58Z
2026-08-03T21:57:27Z,2026-08-03T23:57:27+0200,d07b3b2b-e83a-4999-877d-e2466ad53d7b,2026-07-20T15:15:00Z,2026-07-20T17:15:00+0200,82.56,EUR/MWh,BE,BE,day_ahead_price,value,2026-08-03T21:57:58Z
2026-08-03T21:57:27Z,2026-08-03T23:57:27+0200,d07b3b2b-e83a-4999-877d-e2466ad53d7b,2026-07-20T15:30:00Z,2026-07-20T17:30:00+0200,97.1,EUR/MWh,BE,BE,day_ahead_price,value,2026-08-03T21:57:58Z
2026-08-03T21:57:27Z,2026-08-03T23:57:27+0200,d07b3b2b-e83a-4999-877d-e2466ad53d7b,2026-07-20T15:45:00Z,2026-07-20T17:45:00+0200,114.47,EUR/MWh,BE,BE,day_ahead_price,value,2026-08-03T21:57:58Z
2026-08-03T21:57:27Z,2026-08-03T23:57:27+0200,d07b3b2b-e83a-4999-877d-e2466ad53d7b,2026-07-20T16:00:00Z,2026-07-20T18:00:00+0200,114.82,EUR/MWh,BE,BE,day_ahead_price,value,2026-08-03T21:57:58Z
2026-08-03T21:57:27Z,2026-08-03T23:57:27+0200,d07b3b2b-e83a-4999-877d-e2466ad53d7b,2026-07-20T16:15:00Z,2026-07-20T18:15:00+0200,122.28,EUR/MWh,BE,BE,day_ahead_price,value,2026-08-03T21:57:58Z
2026-08-03T21:57:27Z,2026-08-03T23:57:27+0200,d07b3b2b-e83a-4999-877d-e2466ad53d7b,2026-07-20T16:30:00Z,2026-07-20T18:30:00+0200,146.65,EUR/MWh,BE,BE,day_ahead_price,value,2026-08-03T21:57:58Z
2026-08-03T21:57:27Z,2026-08-03T23:57:27+0200,d07b3b2b-e83a-4999-877d-e2466ad53d7b,2026-07-20T16:45:00Z,2026-07-20T18:45:00+0200,145.2,EUR/MWh,BE,BE,day_ahead_price,value,2026-08-03T21:57:58Z
2026-08-03T21:57:27Z,2026-08-03T23:57:27+0200,d07b3b2b-e83a-4999-877d-e2466ad53d7b,2026-07-20T17:00:00Z,2026-07-20T19:00:00+0200,142.48,EUR/MWh,BE,BE,day_ahead_price,value,2026-08-03T21:57:58Z
2026-08-03T21:57:27Z,2026-08-03T23:57:27+0200,d07b3b2b-e83a-4999-877d-e2466ad53d7b,2026-07-20T17:15:00Z,2026-07-20T19:15:00+0200,152.97,EUR/MWh,BE,BE,day_ahead_price,value,2026-08-03T21:57:58Z
2026-08-03T21:57:27Z,2026-08-03T23:57:27+0200,d07b3b2b-e83a-4999-877d-e2466ad53d7b,2026-07-20T17:30:00Z,2026-07-20T19:30:00+0200,162.03,EUR/MWh,BE,BE,day_ahead_price,value,2026-08-03T21:57:58Z
2026-08-03T21:57:27Z,2026-08-03T23:57:27+0200,d07b3b2b-e83a-4999-877d-e2466ad53d7b,2026-07-20T17:45:00Z,2026-07-20T19:45:00+0200,177.88,EUR/MWh,BE,BE,day_ahead_price,value,2026-08-03T21:57:58Z
2026-08-03T21:57:27Z,2026-08-03T23:57:27+0200,d07b3b2b-e83a-4999-877d-e2466ad53d7b,2026-07-20T18:00:00Z,2026-07-20T20:00:00+0200,154.93,EUR/MWh,BE,BE,day_ahead_price,value,2026-08-03T21:57:58Z
2026-08-03T21:57:27Z,2026-08-03T23:57:27+0200,d07b3b2b-e83a-4999-877d-e2466ad53d7b,2026-07-20T18:15:00Z,2026-07-20T20:15:00+0200,166.38,EUR/MWh,BE,BE,day_ahead_price,value,2026-08-03T21:57:58Z
2026-08-03T21:57:27Z,2026-08-03T23:57:27+0200,d07b3b2b-e83a-4999-877d-e2466ad53d7b,2026-07-20T18:30:00Z,2026-07-20T20:30:00+0200,176.92,EUR/MWh,BE,BE,day_ahead_price,value,2026-08-03T21:57:58Z
2026-08-03T21:57:27Z,2026-08-03T23:57:27+0200,d07b3b2b-e83a-4999-877d-e2466ad53d7b,2026-07-20T18:45:00Z,2026-07-20T20:45:00+0200,186.57,EUR/MWh,BE,BE,day_ahead_price,value,2026-08-03T21:57:58Z
2026-08-03T21:57:27Z,2026-08-03T23:57:27+0200,d07b3b2b-e83a-4999-877d-e2466ad53d7b,2026-07-20T19:00:00Z,2026-07-20T21:00:00+0200,178.72,EUR/MWh,BE,BE,day_ahead_price,value,2026-08-03T21:57:58Z
2026-08-03T21:57:27Z,2026-08-03T23:57:27+0200,d07b3b2b-e83a-4999-877d-e2466ad53d7b,2026-07-20T19:15:00Z,2026-07-20T21:15:00+0200,179.87,EUR/MWh,BE,BE,day_ahead_price,value,2026-08-03T21:57:58Z
2026-08-03T21:57:27Z,2026-08-03T23:57:27+0200,d07b3b2b-e83a-4999-877d-e2466ad53d7b,2026-07-20T19:30:00Z,2026-07-20T21:30:00+0200,179.92,EUR/MWh,BE,BE,day_ahead_price,value,2026-08-03T21:57:58Z
2026-08-03T21:57:27Z,2026-08-03T23:57:27+0200,d07b3b2b-e83a-4999-877d-e2466ad53d7b,2026-07-20T19:45:00Z,2026-07-20T21:45:00+0200,178.0,EUR/MWh,BE,BE,day_ahead_price,value,2026-08-03T21:57:58Z
2026-08-03T21:57:27Z,2026-08-03T23:57:27+0200,d07b3b2b-e83a-4999-877d-e2466ad53d7b,2026-07-20T20:00:00Z,2026-07-20T22:00:00+0200,186.34,EUR/MWh,BE,BE,day_ahead_price,value,2026-08-03T21:57:58Z
2026-08-03T21:57:27Z,2026-08-03T23:57:27+0200,d07b3b2b-e83a-4999-877d-e2466ad53d7b,2026-07-20T20:15:00Z,2026-07-20T22:15:00+0200,175.98,EUR/MWh,BE,BE,day_ahead_price,value,2026-08-03T21:57:58Z
2026-08-03T21:57:27Z,2026-08-03T23:57:27+0200,d07b3b2b-e83a-4999-877d-e2466ad53d7b,2026-07-20T20:30:00Z,2026-07-20T22:30:00+0200,171.94,EUR/MWh,BE,BE,day_ahead_price,value,2026-08-03T21:57:58Z
2026-08-03T21:57:27Z,2026-08-03T23:57:27+0200,d07b3b2b-e83a-4999-877d-e2466ad53d7b,2026-07-20T20:45:00Z,2026-07-20T22:45:00+0200,165.0,EUR/MWh,BE,BE,day_ahead_price,value,2026-08-03T21:57:58Z
2026-08-03T21:57:27Z,2026-08-03T23:57:27+0200,d07b3b2b-e83a-4999-877d-e2466ad53d7b,2026-07-20T21:00:00Z,2026-07-20T23:00:00+0200,168.53,EUR/MWh,BE,BE,day_ahead_price,value,2026-08-03T21:57:58Z
2026-08-03T21:57:27Z,2026-08-03T23:57:27+0200,d07b3b2b-e83a-4999-877d-e2466ad53d7b,2026-07-20T21:15:00Z,2026-07-20T23:15:00+0200,162.16,EUR/MWh,BE,BE,day_ahead_price,value,2026-08-03T21:57:58Z
2026-08-03T21:57:27Z,2026-08-03T23:57:27+0200,d07b3b2b-e83a-4999-877d-e2466ad53d7b,2026-07-20T21:30:00Z,2026-07-20T23:30:00+0200,158.68,EUR/MWh,BE,BE,day_ahead_price,value,2026-08-03T21:57:58Z
2026-08-03T21:57:27Z,2026-08-03T23:57:27+0200,d07b3b2b-e83a-4999-877d-e2466ad53d7b,2026-07-20T21:45:00Z,2026-07-20T23:45:00+0200,149.63,EUR/MWh,BE,BE,day_ahead_price,value,2026-08-03T21:57:58Z
2026-08-03T21:57:27Z,2026-08-03T23:57:27+0200,d07b3b2b-e83a-4999-877d-e2466ad53d7b,2026-07-20T22:00:00Z,2026-07-21T00:00:00+0200,155.47,EUR/MWh,BE,BE,day_ahead_price,value,2026-08-03T21:57:58Z
2026-08-03T21:57:27Z,2026-08-03T23:57:27+0200,d07b3b2b-e83a-4999-877d-e2466ad53d7b,2026-07-20T22:15:00Z,2026-07-21T00:15:00+0200,151.56,EUR/MWh,BE,BE,day_ahead_price,value,2026-08-03T21:57:58Z
2026-08-03T21:57:27Z,2026-08-03T23:57:27+0200,d07b3b2b-e83a-4999-877d-e2466ad53d7b,2026-07-20T22:30:00Z,2026-07-21T00:30:00+0200,147.48,EUR/MWh,BE,BE,day_ahead_price,value,2026-08-03T21:57:58Z
2026-08-03T21:57:27Z,2026-08-03T23:57:27+0200,d07b3b2b-e83a-4999-877d-e2466ad53d7b,2026-07-20T22:45:00Z,2026-07-21T00:45:00+0200,145.93,EUR/MWh,BE,BE,day_ahead_price,value,2026-08-03T21:57:58Z
2026-08-03T21:57:27Z,2026-08-03T23:57:27+0200,d07b3b2b-e83a-4999-877d-e2466ad53d7b,2026-07-20T23:00:00Z,2026-07-21T01:00:00+0200,152.46,EUR/MWh,BE,BE,day_ahead_price,value,2026-08-03T21:57:58Z
2026-08-03T21:57:27Z,2026-08-03T23:57:27+0200,d07b3b2b-e83a-4999-877d-e2466ad53d7b,2026-07-20T23:15:00Z,2026-07-21T01:15:00+0200,151.15,EUR/MWh,BE,BE,day_ahead_price,value,2026-08-03T21:57:58Z
2026-08-03T21:57:27Z,2026-08-03T23:57:27+0200,d07b3b2b-e83a-4999-877d-e2466ad53d7b,2026-07-20T23:30:00Z,2026-07-21T01:30:00+0200,150.17,EUR/MWh,BE,BE,day_ahead_price,value,2026-08-03T21:57:58Z
2026-08-03T21:57:27Z,2026-08-03T23:57:27+0200,d07b3b2b-e83a-4999-877d-e2466ad53d7b,2026-07-20T23:45:00Z,2026-07-21T01:45:00+0200,147.37,EUR/MWh,BE,BE,day_ahead_price,value,2026-08-03T21:57:58Z
2026-08-03T21:57:27Z,2026-08-03T23:57:27+0200,d07b3b2b-e83a-4999-877d-e2466ad53d7b,2026-07-21T00:00:00Z,2026-07-21T02:00:00+0200,147.61,EUR/MWh,BE,BE,day_ahead_price,value,2026-08-03T21:57:58Z
2026-08-03T21:57:27Z,2026-08-03T23:57:27+0200,d07b3b2b-e83a-4999-877d-e2466ad53d7b,2026-07-21T00:15:00Z,2026-07-21T02:15:00+0200,145.12,EUR/MWh,BE,BE,day_ahead_price,value,2026-08-03T21:57:58Z
2026-08-03T21:57:27Z,2026-08-03T23:57:27+0200,d07b3b2b-e83a-4999-877d-e2466ad53d7b,2026-07-21T00:30:00Z,2026-07-21T02:30:00+0200,144.2,EUR/MWh,BE,BE,day_ahead_price,value,2026-08-03T21:57:58Z
2026-08-03T21:57:27Z,2026-08-03T23:57:27+0200,d07b3b2b-e83a-4999-877d-e2466ad53d7b,2026-07-21T00:45:00Z,2026-07-21T02:45:00+0200,140.69,EUR/MWh,BE,BE,day_ahead_price,value,2026-08-03T21:57:58Z
2026-08-03T21:57:27Z,2026-08-03T23:57:27+0200,d07b3b2b-e83a-4999-877d-e2466ad53d7b,2026-07-21T01:00:00Z,2026-07-21T03:00:00+0200,140.9,EUR/MWh,BE,BE,day_ahead_price,value,2026-08-03T21:57:58Z
2026-08-03T21:57:27Z,2026-08-03T23:57:27+0200,d07b3b2b-e83a-4999-877d-e2466ad53d7b,2026-07-21T01:15:00Z,2026-07-21T03:15:00+0200,138.74,EUR/MWh,BE,BE,day_ahead_price,value,2026-08-03T21:57:58Z
2026-08-03T21:57:27Z,2026-08-03T23:57:27+0200,d07b3b2b-e83a-4999-877d-e2466ad53d7b,2026-07-21T01:30:00Z,2026-07-21T03:30:00+0200,138.87,EUR/MWh,BE,BE,day_ahead_price,value,2026-08-03T21:57:58Z
2026-08-03T21:57:27Z,2026-08-03T23:57:27+0200,d07b3b2b-e83a-4999-877d-e2466ad53d7b,2026-07-21T01:45:00Z,2026-07-21T03:45:00+0200,139.63,EUR/MWh,BE,BE,day_ahead_price,value,2026-08-03T21:57:58Z
2026-08-03T21:57:27Z,2026-08-03T23:57:27+0200,d07b3b2b-e83a-4999-877d-e2466ad53d7b,2026-07-21T02:00:00Z,2026-07-21T04:00:00+0200,135.03,EUR/MWh,BE,BE,day_ahead_price,value,2026-08-03T21:57:58Z
2026-08-03T21:57:27Z,2026-08-03T23:57:27+0200,d07b3b2b-e83a-4999-877d-e2466ad53d7b,2026-07-21T02:15:00Z,2026-07-21T04:15:00+0200,137.71,EUR/MWh,BE,BE,day_ahead_price,value,2026-08-03T21:57:58Z
2026-08-03T21:57:27Z,2026-08-03T23:57:27+0200,d07b3b2b-e83a-4999-877d-e2466ad53d7b,2026-07-21T02:30:00Z,2026-07-21T04:30:00+0200,141.83,EUR/MWh,BE,BE,day_ahead_price,value,2026-08-03T21:57:58Z
2026-08-03T21:57:27Z,2026-08-03T23:57:27+0200,d07b3b2b-e83a-4999-877d-e2466ad53d7b,2026-07-21T02:45:00Z,2026-07-21T04:45:00+0200,144.54,EUR/MWh,BE,BE,day_ahead_price,value,2026-08-03T21:57:58Z
2026-08-03T21:57:27Z,2026-08-03T23:57:27+0200,d07b3b2b-e83a-4999-877d-e2466ad53d7b,2026-07-21T03:00:00Z,2026-07-21T05:00:00+0200,142.01,EUR/MWh,BE,BE,day_ahead_price,value,2026-08-03T21:57:58Z
2026-08-03T21:57:27Z,2026-08-03T23:57:27+0200,d07b3b2b-e83a-4999-877d-e2466ad53d7b,2026-07-21T03:15:00Z,2026-07-21T05:15:00+0200,144.77,EUR/MWh,BE,BE,day_ahead_price,value,2026-08-03T21:57:58Z
2026-08-03T21:57:27Z,2026-08-03T23:57:27+0200,d07b3b2b-e83a-4999-877d-e2466ad53d7b,2026-07-21T03:30:00Z,2026-07-21T05:30:00+0200,147.85,EUR/MWh,BE,BE,day_ahead_price,value,2026-08-03T21:57:58Z
2026-08-03T21:57:27Z,2026-08-03T23:57:27+0200,d07b3b2b-e83a-4999-877d-e2466ad53d7b,2026-07-21T03:45:00Z,2026-07-21T05:45:00+0200,150.07,EUR/MWh,BE,BE,day_ahead_price,value,2026-08-03T21:57:58Z
2026-08-03T21:57:27Z,2026-08-03T23:57:27+0200,d07b3b2b-e83a-4999-877d-e2466ad53d7b,2026-07-21T04:00:00Z,2026-07-21T06:00:00+0200,155.04,EUR/MWh,BE,BE,day_ahead_price,value,2026-08-03T21:57:58Z
2026-08-03T21:57:27Z,2026-08-03T23:57:27+0200,d07b3b2b-e83a-4999-877d-e2466ad53d7b,2026-07-21T04:15:00Z,2026-07-21T06:15:00+0200,159.91,EUR/MWh,BE,BE,day_ahead_price,value,2026-08-03T21:57:58Z
2026-08-03T21:57:27Z,2026-08-03T23:57:27+0200,d07b3b2b-e83a-4999-877d-e2466ad53d7b,2026-07-21T04:30:00Z,2026-07-21T06:30:00+0200,159.9,EUR/MWh,BE,BE,day_ahead_price,value,2026-08-03T21:57:58Z
2026-08-03T21:57:27Z,2026-08-03T23:57:27+0200,d07b3b2b-e83a-4999-877d-e2466ad53d7b,2026-07-21T04:45:00Z,2026-07-21T06:45:00+0200,156.54,EUR/MWh,BE,BE,day_ahead_price,value,2026-08-03T21:57:58Z
2026-08-03T21:57:27Z,2026-08-03T23:57:27+0200,d07b3b2b-e83a-4999-877d-e2466ad53d7b,2026-07-21T05:00:00Z,2026-07-21T07:00:00+0200,167.0,EUR/MWh,BE,BE,day_ahead_price,value,2026-08-03T21:57:58Z
2026-08-03T21:57:27Z,2026-08-03T23:57:27+0200,d07b3b2b-e83a-4999-877d-e2466ad53d7b,2026-07-21T05:15:00Z,2026-07-21T07:15:00+0200,159.35,EUR/MWh,BE,BE,day_ahead_price,value,2026-08-03T21:57:58Z
2026-08-03T21:57:27Z,2026-08-03T23:57:27+0200,d07b3b2b-e83a-4999-877d-e2466ad53d7b,2026-07-21T05:30:00Z,2026-07-21T07:30:00+0200,155.01,EUR/MWh,BE,BE,day_ahead_price,value,2026-08-03T21:57:58Z
2026-08-03T21:57:27Z,2026-08-03T23:57:27+0200,d07b3b2b-e83a-4999-877d-e2466ad53d7b,2026-07-21T05:45:00Z,2026-07-21T07:45:00+0200,136.35,EUR/MWh,BE,BE,day_ahead_price,value,2026-08-03T21:57:58Z
2026-08-03T21:57:27Z,2026-08-03T23:57:27+0200,d07b3b2b-e83a-4999-877d-e2466ad53d7b,2026-07-21T06:00:00Z,2026-07-21T08:00:00+0200,164.78,EUR/MWh,BE,BE,day_ahead_price,value,2026-08-03T21:57:58Z
2026-08-03T21:57:27Z,2026-08-03T23:57:27+0200,d07b3b2b-e83a-4999-877d-e2466ad53d7b,2026-07-21T06:15:00Z,2026-07-21T08:15:00+0200,149.0,EUR/MWh,BE,BE,day_ahead_price,value,2026-08-03T21:57:58Z
2026-08-03T21:57:27Z,2026-08-03T23:57:27+0200,d07b3b2b-e83a-4999-877d-e2466ad53d7b,2026-07-21T06:30:00Z,2026-07-21T08:30:00+0200,142.16,EUR/MWh,BE,BE,day_ahead_price,value,2026-08-03T21:57:58Z
2026-08-03T21:57:27Z,2026-08-03T23:57:27+0200,d07b3b2b-e83a-4999-877d-e2466ad53d7b,2026-07-21T06:45:00Z,2026-07-21T08:45:00+0200,125.57,EUR/MWh,BE,BE,day_ahead_price,value,2026-08-03T21:57:58Z
2026-08-03T21:57:27Z,2026-08-03T23:57:27+0200,d07b3b2b-e83a-4999-877d-e2466ad53d7b,2026-07-21T07:00:00Z,2026-07-21T09:00:00+0200,153.01,EUR/MWh,BE,BE,day_ahead_price,value,2026-08-03T21:57:58Z
2026-08-03T21:57:27Z,2026-08-03T23:57:27+0200,d07b3b2b-e83a-4999-877d-e2466ad53d7b,2026-07-21T07:15:00Z,2026-07-21T09:15:00+0200,120.12,EUR/MWh,BE,BE,day_ahead_price,value,2026-08-03T21:57:58Z
2026-08-03T21:57:27Z,2026-08-03T23:57:27+0200,d07b3b2b-e83a-4999-877d-e2466ad53d7b,2026-07-21T07:30:00Z,2026-07-21T09:30:00+0200,107.37,EUR/MWh,BE,BE,day_ahead_price,value,2026-08-03T21:57:58Z
2026-08-03T21:57:27Z,2026-08-03T23:57:27+0200,d07b3b2b-e83a-4999-877d-e2466ad53d7b,2026-07-21T07:45:00Z,2026-07-21T09:45:00+0200,77.28,EUR/MWh,BE,BE,day_ahead_price,value,2026-08-03T21:57:58Z
2026-08-03T21:57:27Z,2026-08-03T23:57:27+0200,d07b3b2b-e83a-4999-877d-e2466ad53d7b,2026-07-21T08:00:00Z,2026-07-21T10:00:00+0200,98.1,EUR/MWh,BE,BE,day_ahead_price,value,2026-08-03T21:57:58Z
2026-08-03T21:57:27Z,2026-08-03T23:57:27+0200,d07b3b2b-e83a-4999-877d-e2466ad53d7b,2026-07-21T08:15:00Z,2026-07-21T10:15:00+0200,80.13,EUR/MWh,BE,BE,day_ahead_price,value,2026-08-03T21:57:58Z
2026-08-03T21:57:27Z,2026-08-03T23:57:27+0200,d07b3b2b-e83a-4999-877d-e2466ad53d7b,2026-07-21T08:30:00Z,2026-07-21T10:30:00+0200,65.0,EUR/MWh,BE,BE,day_ahead_price,value,2026-08-03T21:57:58Z
2026-08-03T21:57:27Z,2026-08-03T23:57:27+0200,d07b3b2b-e83a-4999-877d-e2466ad53d7b,2026-07-21T08:45:00Z,2026-07-21T10:45:00+0200,49.41,EUR/MWh,BE,BE,day_ahead_price,value,2026-08-03T21:57:58Z
2026-08-03T21:57:27Z,2026-08-03T23:57:27+0200,d07b3b2b-e83a-4999-877d-e2466ad53d7b,2026-07-21T09:00:00Z,2026-07-21T11:00:00+0200,50.79,EUR/MWh,BE,BE,day_ahead_price,value,2026-08-03T21:57:58Z
2026-08-03T21:57:27Z,2026-08-03T23:57:27+0200,d07b3b2b-e83a-4999-877d-e2466ad53d7b,2026-07-21T09:15:00Z,2026-07-21T11:15:00+0200,47.6,EUR/MWh,BE,BE,day_ahead_price,value,2026-08-03T21:57:58Z
2026-08-03T21:57:27Z,2026-08-03T23:57:27+0200,d07b3b2b-e83a-4999-877d-e2466ad53d7b,2026-07-21T09:30:00Z,2026-07-21T11:30:00+0200,30.01,EUR/MWh,BE,BE,day_ahead_price,value,2026-08-03T21:57:58Z
2026-08-03T21:57:27Z,2026-08-03T23:57:27+0200,d07b3b2b-e83a-4999-877d-e2466ad53d7b,2026-07-21T09:45:00Z,2026-07-21T11:45:00+0200,13.81,EUR/MWh,BE,BE,day_ahead_price,value,2026-08-03T21:57:58Z
2026-08-03T21:57:27Z,2026-08-03T23:57:27+0200,d07b3b2b-e83a-4999-877d-e2466ad53d7b,2026-07-21T10:00:00Z,2026-07-21T12:00:00+0200,15.74,EUR/MWh,BE,BE,day_ahead_price,value,2026-08-03T21:57:58Z
2026-08-03T21:57:27Z,2026-08-03T23:57:27+0200,d07b3b2b-e83a-4999-877d-e2466ad53d7b,2026-07-21T10:15:00Z,2026-07-21T12:15:00+0200,8.97,EUR/MWh,BE,BE,day_ahead_price,value,2026-08-03T21:57:58Z
2026-08-03T21:57:27Z,2026-08-03T23:57:27+0200,d07b3b2b-e83a-4999-877d-e2466ad53d7b,2026-07-21T10:30:00Z,2026-07-21T12:30:00+0200,7.61,EUR/MWh,BE,BE,day_ahead_price,value,2026-08-03T21:57:58Z
2026-08-03T21:57:27Z,2026-08-03T23:57:27+0200,d07b3b2b-e83a-4999-877d-e2466ad53d7b,2026-07-21T10:45:00Z,2026-07-21T12:45:00+0200,6.49,EUR/MWh,BE,BE,day_ahead_price,value,2026-08-03T21:57:58Z
2026-08-03T21:57:27Z,2026-08-03T23:57:27+0200,d07b3b2b-e83a-4999-877d-e2466ad53d7b,2026-07-21T11:00:00Z,2026-07-21T13:00:00+0200,5.17,EUR/MWh,BE,BE,day_ahead_price,value,2026-08-03T21:57:58Z
2026-08-03T21:57:27Z,2026-08-03T23:57:27+0200,d07b3b2b-e83a-4999-877d-e2466ad53d7b,2026-07-21T11:15:00Z,2026-07-21T13:15:00+0200,4.58,EUR/MWh,BE,BE,day_ahead_price,value,2026-08-03T21:57:58Z
2026-08-03T21:57:27Z,2026-08-03T23:57:27+0200,d07b3b2b-e83a-4999-877d-e2466ad53d7b,2026-07-21T11:30:00Z,2026-07-21T13:30:00+0200,5.16,EUR/MWh,BE,BE,day_ahead_price,value,2026-08-03T21:57:58Z
2026-08-03T21:57:27Z,2026-08-03T23:57:27+0200,d07b3b2b-e83a-4999-877d-e2466ad53d7b,2026-07-21T11:45:00Z,2026-07-21T13:45:00+0200,3.61,EUR/MWh,BE,BE,day_ahead_price,value,2026-08-03T21:57:58Z
2026-08-03T21:57:27Z,2026-08-03T23:57:27+0200,d07b3b2b-e83a-4999-877d-e2466ad53d7b,2026-07-21T12:00:00Z,2026-07-21T14:00:00+0200,0.68,EUR/MWh,BE,BE,day_ahead_price,value,2026-08-03T21:57:58Z
2026-08-03T21:57:27Z,2026-08-03T23:57:27+0200,d07b3b2b-e83a-4999-877d-e2466ad53d7b,2026-07-21T12:15:00Z,2026-07-21T14:15:00+0200,0.92,EUR/MWh,BE,BE,day_ahead_price,value,2026-08-03T21:57:58Z
2026-08-03T21:57:27Z,2026-08-03T23:57:27+0200,d07b3b2b-e83a-4999-877d-e2466ad53d7b,2026-07-21T12:30:00Z,2026-07-21T14:30:00+0200,0.99,EUR/MWh,BE,BE,day_ahead_price,value,2026-08-03T21:57:58Z
2026-08-03T21:57:27Z,2026-08-03T23:57:27+0200,d07b3b2b-e83a-4999-877d-e2466ad53d7b,2026-07-21T12:45:00Z,2026-07-21T14:45:00+0200,3.95,EUR/MWh,BE,BE,day_ahead_price,value,2026-08-03T21:57:58Z
2026-08-03T21:57:27Z,2026-08-03T23:57:27+0200,d07b3b2b-e83a-4999-877d-e2466ad53d7b,2026-07-21T13:00:00Z,2026-07-21T15:00:00+0200,2.8,EUR/MWh,BE,BE,day_ahead_price,value,2026-08-03T21:57:58Z
2026-08-03T21:57:27Z,2026-08-03T23:57:27+0200,d07b3b2b-e83a-4999-877d-e2466ad53d7b,2026-07-21T13:15:00Z,2026-07-21T15:15:00+0200,5.92,EUR/MWh,BE,BE,day_ahead_price,value,2026-08-03T21:57:58Z
2026-08-03T21:57:27Z,2026-08-03T23:57:27+0200,d07b3b2b-e83a-4999-877d-e2466ad53d7b,2026-07-21T13:30:00Z,2026-07-21T15:30:00+0200,9.02,EUR/MWh,BE,BE,day_ahead_price,value,2026-08-03T21:57:58Z
2026-08-03T21:57:27Z,2026-08-03T23:57:27+0200,d07b3b2b-e83a-4999-877d-e2466ad53d7b,2026-07-21T13:45:00Z,2026-07-21T15:45:00+0200,25.15,EUR/MWh,BE,BE,day_ahead_price,value,2026-08-03T21:57:58Z
2026-08-03T21:57:27Z,2026-08-03T23:57:27+0200,d07b3b2b-e83a-4999-877d-e2466ad53d7b,2026-07-21T14:00:00Z,2026-07-21T16:00:00+0200,22.39,EUR/MWh,BE,BE,day_ahead_price,value,2026-08-03T21:57:58Z
2026-08-03T21:57:27Z,2026-08-03T23:57:27+0200,d07b3b2b-e83a-4999-877d-e2466ad53d7b,2026-07-21T14:15:00Z,2026-07-21T16:15:00+0200,48.46,EUR/MWh,BE,BE,day_ahead_price,value,2026-08-03T21:57:58Z
2026-08-03T21:57:27Z,2026-08-03T23:57:27+0200,d07b3b2b-e83a-4999-877d-e2466ad53d7b,2026-07-21T14:30:00Z,2026-07-21T16:30:00+0200,55.14,EUR/MWh,BE,BE,day_ahead_price,value,2026-08-03T21:57:58Z
2026-08-03T21:57:27Z,2026-08-03T23:57:27+0200,d07b3b2b-e83a-4999-877d-e2466ad53d7b,2026-07-21T14:45:00Z,2026-07-21T16:45:00+0200,64.44,EUR/MWh,BE,BE,day_ahead_price,value,2026-08-03T21:57:58Z
2026-08-03T21:57:27Z,2026-08-03T23:57:27+0200,d07b3b2b-e83a-4999-877d-e2466ad53d7b,2026-07-21T15:00:00Z,2026-07-21T17:00:00+0200,58.27,EUR/MWh,BE,BE,day_ahead_price,value,2026-08-03T21:57:58Z
2026-08-03T21:57:27Z,2026-08-03T23:57:27+0200,d07b3b2b-e83a-4999-877d-e2466ad53d7b,2026-07-21T15:15:00Z,2026-07-21T17:15:00+0200,75.46,EUR/MWh,BE,BE,day_ahead_price,value,2026-08-03T21:57:58Z
2026-08-03T21:57:27Z,2026-08-03T23:57:27+0200,d07b3b2b-e83a-4999-877d-e2466ad53d7b,2026-07-21T15:30:00Z,2026-07-21T17:30:00+0200,102.86,EUR/MWh,BE,BE,day_ahead_price,value,2026-08-03T21:57:58Z
2026-08-03T21:57:27Z,2026-08-03T23:57:27+0200,d07b3b2b-e83a-4999-877d-e2466ad53d7b,2026-07-21T15:45:00Z,2026-07-21T17:45:00+0200,121.49,EUR/MWh,BE,BE,day_ahead_price,value,2026-08-03T21:57:58Z
2026-08-03T21:57:27Z,2026-08-03T23:57:27+0200,d07b3b2b-e83a-4999-877d-e2466ad53d7b,2026-07-21T16:00:00Z,2026-07-21T18:00:00+0200,112.9,EUR/MWh,BE,BE,day_ahead_price,value,2026-08-03T21:57:58Z
2026-08-03T21:57:27Z,2026-08-03T23:57:27+0200,d07b3b2b-e83a-4999-877d-e2466ad53d7b,2026-07-21T16:15:00Z,2026-07-21T18:15:00+0200,128.98,EUR/MWh,BE,BE,day_ahead_price,value,2026-08-03T21:57:58Z
2026-08-03T21:57:27Z,2026-08-03T23:57:27+0200,d07b3b2b-e83a-4999-877d-e2466ad53d7b,2026-07-21T16:30:00Z,2026-07-21T18:30:00+0200,140.58,EUR/MWh,BE,BE,day_ahead_price,value,2026-08-03T21:57:58Z
2026-08-03T21:57:27Z,2026-08-03T23:57:27+0200,d07b3b2b-e83a-4999-877d-e2466ad53d7b,2026-07-21T16:45:00Z,2026-07-21T18:45:00+0200,152.52,EUR/MWh,BE,BE,day_ahead_price,value,2026-08-03T21:57:58Z
2026-08-03T21:57:27Z,2026-08-03T23:57:27+0200,d07b3b2b-e83a-4999-877d-e2466ad53d7b,2026-07-21T17:00:00Z,2026-07-21T19:00:00+0200,141.24,EUR/MWh,BE,BE,day_ahead_price,value,2026-08-03T21:57:58Z
2026-08-03T21:57:27Z,2026-08-03T23:57:27+0200,d07b3b2b-e83a-4999-877d-e2466ad53d7b,2026-07-21T17:15:00Z,2026-07-21T19:15:00+0200,150.03,EUR/MWh,BE,BE,day_ahead_price,value,2026-08-03T21:57:58Z
2026-08-03T21:57:27Z,2026-08-03T23:57:27+0200,d07b3b2b-e83a-4999-877d-e2466ad53d7b,2026-07-21T17:30:00Z,2026-07-21T19:30:00+0200,158.51,EUR/MWh,BE,BE,day_ahead_price,value,2026-08-03T21:57:58Z
2026-08-03T21:57:27Z,2026-08-03T23:57:27+0200,d07b3b2b-e83a-4999-877d-e2466ad53d7b,2026-07-21T17:45:00Z,2026-07-21T19:45:00+0200,165.03,EUR/MWh,BE,BE,day_ahead_price,value,2026-08-03T21:57:58Z
2026-08-03T21:57:27Z,2026-08-03T23:57:27+0200,d07b3b2b-e83a-4999-877d-e2466ad53d7b,2026-07-21T18:00:00Z,2026-07-21T20:00:00+0200,161.48,EUR/MWh,BE,BE,day_ahead_price,value,2026-08-03T21:57:58Z
2026-08-03T21:57:27Z,2026-08-03T23:57:27+0200,d07b3b2b-e83a-4999-877d-e2466ad53d7b,2026-07-21T18:15:00Z,2026-07-21T20:15:00+0200,168.89,EUR/MWh,BE,BE,day_ahead_price,value,2026-08-03T21:57:58Z
2026-08-03T21:57:27Z,2026-08-03T23:57:27+0200,d07b3b2b-e83a-4999-877d-e2466ad53d7b,2026-07-21T18:30:00Z,2026-07-21T20:30:00+0200,172.48,EUR/MWh,BE,BE,day_ahead_price,value,2026-08-03T21:57:58Z
2026-08-03T21:57:27Z,2026-08-03T23:57:27+0200,d07b3b2b-e83a-4999-877d-e2466ad53d7b,2026-07-21T18:45:00Z,2026-07-21T20:45:00+0200,174.63,EUR/MWh,BE,BE,day_ahead_price,value,2026-08-03T21:57:58Z
2026-08-03T21:57:27Z,2026-08-03T23:57:27+0200,d07b3b2b-e83a-4999-877d-e2466ad53d7b,2026-07-21T19:00:00Z,2026-07-21T21:00:00+0200,175.63,EUR/MWh,BE,BE,day_ahead_price,value,2026-08-03T21:57:58Z
2026-08-03T21:57:27Z,2026-08-03T23:57:27+0200,d07b3b2b-e83a-4999-877d-e2466ad53d7b,2026-07-21T19:15:00Z,2026-07-21T21:15:00+0200,170.93,EUR/MWh,BE,BE,day_ahead_price,value,2026-08-03T21:57:58Z
2026-08-03T21:57:27Z,2026-08-03T23:57:27+0200,d07b3b2b-e83a-4999-877d-e2466ad53d7b,2026-07-21T19:30:00Z,2026-07-21T21:30:00+0200,173.35,EUR/MWh,BE,BE,day_ahead_price,value,2026-08-03T21:57:58Z
2026-08-03T21:57:27Z,2026-08-03T23:57:27+0200,d07b3b2b-e83a-4999-877d-e2466ad53d7b,2026-07-21T19:45:00Z,2026-07-21T21:45:00+0200,169.64,EUR/MWh,BE,BE,day_ahead_price,value,2026-08-03T21:57:58Z
2026-08-03T21:57:27Z,2026-08-03T23:57:27+0200,d07b3b2b-e83a-4999-877d-e2466ad53d7b,2026-07-21T20:00:00Z,2026-07-21T22:00:00+0200,176.38,EUR/MWh,BE,BE,day_ahead_price,value,2026-08-03T21:57:58Z
2026-08-03T21:57:27Z,2026-08-03T23:57:27+0200,d07b3b2b-e83a-4999-877d-e2466ad53d7b,2026-07-21T20:15:00Z,2026-07-21T22:15:00+0200,169.22,EUR/MWh,BE,BE,day_ahead_price,value,2026-08-03T21:57:58Z
2026-08-03T21:57:27Z,2026-08-03T23:57:27+0200,d07b3b2b-e83a-4999-877d-e2466ad53d7b,2026-07-21T20:30:00Z,2026-07-21T22:30:00+0200,171.47,EUR/MWh,BE,BE,day_ahead_price,value,2026-08-03T21:57:58Z
2026-08-03T21:57:27Z,2026-08-03T23:57:27+0200,d07b3b2b-e83a-4999-877d-e2466ad53d7b,2026-07-21T20:45:00Z,2026-07-21T22:45:00+0200,159.5,EUR/MWh,BE,BE,day_ahead_price,value,2026-08-03T21:57:58Z
2026-08-03T21:57:27Z,2026-08-03T23:57:27+0200,d07b3b2b-e83a-4999-877d-e2466ad53d7b,2026-07-21T21:00:00Z,2026-07-21T23:00:00+0200,165.81,EUR/MWh,BE,BE,day_ahead_price,value,2026-08-03T21:57:58Z
2026-08-03T21:57:27Z,2026-08-03T23:57:27+0200,d07b3b2b-e83a-4999-877d-e2466ad53d7b,2026-07-21T21:15:00Z,2026-07-21T23:15:00+0200,156.17,EUR/MWh,BE,BE,day_ahead_price,value,2026-08-03T21:57:58Z
2026-08-03T21:57:27Z,2026-08-03T23:57:27+0200,d07b3b2b-e83a-4999-877d-e2466ad53d7b,2026-07-21T21:30:00Z,2026-07-21T23:30:00+0200,154.2,EUR/MWh,BE,BE,day_ahead_price,value,2026-08-03T21:57:58Z
2026-08-03T21:57:27Z,2026-08-03T23:57:27+0200,d07b3b2b-e83a-4999-877d-e2466ad53d7b,2026-07-21T21:45:00Z,2026-07-21T23:45:00+0200,146.33,EUR/MWh,BE,BE,day_ahead_price,value,2026-08-03T21:57:58Z
2026-08-03T21:57:27Z,2026-08-03T23:57:27+0200,d07b3b2b-e83a-4999-877d-e2466ad53d7b,2026-07-21T22:00:00Z,2026-07-22T00:00:00+0200,158.89,EUR/MWh,BE,BE,day_ahead_price,value,2026-08-03T21:57:58Z
2026-08-03T21:57:27Z,2026-08-03T23:57:27+0200,d07b3b2b-e83a-4999-877d-e2466ad53d7b,2026-07-21T22:15:00Z,2026-07-22T00:15:00+0200,157.7,EUR/MWh,BE,BE,day_ahead_price,value,2026-08-03T21:57:58Z
2026-08-03T21:57:27Z,2026-08-03T23:57:27+0200,d07b3b2b-e83a-4999-877d-e2466ad53d7b,2026-07-21T22:30:00Z,2026-07-22T00:30:00+0200,152.88,EUR/MWh,BE,BE,day_ahead_price,value,2026-08-03T21:57:58Z
2026-08-03T21:57:27Z,2026-08-03T23:57:27+0200,d07b3b2b-e83a-4999-877d-e2466ad53d7b,2026-07-21T22:45:00Z,2026-07-22T00:45:00+0200,146.87,EUR/MWh,BE,BE,day_ahead_price,value,2026-08-03T21:57:58Z
2026-08-03T21:57:27Z,2026-08-03T23:57:27+0200,d07b3b2b-e83a-4999-877d-e2466ad53d7b,2026-07-21T23:00:00Z,2026-07-22T01:00:00+0200,159.06,EUR/MWh,BE,BE,day_ahead_price,value,2026-08-03T21:57:58Z
2026-08-03T21:57:27Z,2026-08-03T23:57:27+0200,d07b3b2b-e83a-4999-877d-e2466ad53d7b,2026-07-21T23:15:00Z,2026-07-22T01:15:00+0200,150.65,EUR/MWh,BE,BE,day_ahead_price,value,2026-08-03T21:57:58Z
2026-08-03T21:57:27Z,2026-08-03T23:57:27+0200,d07b3b2b-e83a-4999-877d-e2466ad53d7b,2026-07-21T23:30:00Z,2026-07-22T01:30:00+0200,147.66,EUR/MWh,BE,BE,day_ahead_price,value,2026-08-03T21:57:58Z
2026-08-03T21:57:27Z,2026-08-03T23:57:27+0200,d07b3b2b-e83a-4999-877d-e2466ad53d7b,2026-07-21T23:45:00Z,2026-07-22T01:45:00+0200,144.05,EUR/MWh,BE,BE,day_ahead_price,value,2026-08-03T21:57:58Z
2026-08-03T21:57:27Z,2026-08-03T23:57:27+0200,d07b3b2b-e83a-4999-877d-e2466ad53d7b,2026-07-22T00:00:00Z,2026-07-22T02:00:00+0200,150.0,EUR/MWh,BE,BE,day_ahead_price,value,2026-08-03T21:57:58Z
2026-08-03T21:57:27Z,2026-08-03T23:57:27+0200,d07b3b2b-e83a-4999-877d-e2466ad53d7b,2026-07-22T00:15:00Z,2026-07-22T02:15:00+0200,147.56,EUR/MWh,BE,BE,day_ahead_price,value,2026-08-03T21:57:58Z
2026-08-03T21:57:27Z,2026-08-03T23:57:27+0200,d07b3b2b-e83a-4999-877d-e2466ad53d7b,2026-07-22T00:30:00Z,2026-07-22T02:30:00+0200,145.28,EUR/MWh,BE,BE,day_ahead_price,value,2026-08-03T21:57:58Z
2026-08-03T21:57:27Z,2026-08-03T23:57:27+0200,d07b3b2b-e83a-4999-877d-e2466ad53d7b,2026-07-22T00:45:00Z,2026-07-22T02:45:00+0200,139.65,EUR/MWh,BE,BE,day_ahead_price,value,2026-08-03T21:57:58Z
2026-08-03T21:57:27Z,2026-08-03T23:57:27+0200,d07b3b2b-e83a-4999-877d-e2466ad53d7b,2026-07-22T01:00:00Z,2026-07-22T03:00:00+0200,144.6,EUR/MWh,BE,BE,day_ahead_price,value,2026-08-03T21:57:58Z
2026-08-03T21:57:27Z,2026-08-03T23:57:27+0200,d07b3b2b-e83a-4999-877d-e2466ad53d7b,2026-07-22T01:15:00Z,2026-07-22T03:15:00+0200,136.36,EUR/MWh,BE,BE,day_ahead_price,value,2026-08-03T21:57:58Z
2026-08-03T21:57:27Z,2026-08-03T23:57:27+0200,d07b3b2b-e83a-4999-877d-e2466ad53d7b,2026-07-22T01:30:00Z,2026-07-22T03:30:00+0200,133.45,EUR/MWh,BE,BE,day_ahead_price,value,2026-08-03T21:57:58Z
2026-08-03T21:57:27Z,2026-08-03T23:57:27+0200,d07b3b2b-e83a-4999-877d-e2466ad53d7b,2026-07-22T01:45:00Z,2026-07-22T03:45:00+0200,132.13,EUR/MWh,BE,BE,day_ahead_price,value,2026-08-03T21:57:58Z
2026-08-03T21:57:27Z,2026-08-03T23:57:27+0200,d07b3b2b-e83a-4999-877d-e2466ad53d7b,2026-07-22T02:00:00Z,2026-07-22T04:00:00+0200,131.73,EUR/MWh,BE,BE,day_ahead_price,value,2026-08-03T21:57:58Z
2026-08-03T21:57:27Z,2026-08-03T23:57:27+0200,d07b3b2b-e83a-4999-877d-e2466ad53d7b,2026-07-22T02:15:00Z,2026-07-22T04:15:00+0200,131.22,EUR/MWh,BE,BE,day_ahead_price,value,2026-08-03T21:57:58Z
2026-08-03T21:57:27Z,2026-08-03T23:57:27+0200,d07b3b2b-e83a-4999-877d-e2466ad53d7b,2026-07-22T02:30:00Z,2026-07-22T04:30:00+0200,132.6,EUR/MWh,BE,BE,day_ahead_price,value,2026-08-03T21:57:58Z
2026-08-03T21:57:27Z,2026-08-03T23:57:27+0200,d07b3b2b-e83a-4999-877d-e2466ad53d7b,2026-07-22T02:45:00Z,2026-07-22T04:45:00+0200,133.22,EUR/MWh,BE,BE,day_ahead_price,value,2026-08-03T21:57:58Z
2026-08-03T21:57:27Z,2026-08-03T23:57:27+0200,d07b3b2b-e83a-4999-877d-e2466ad53d7b,2026-07-22T03:00:00Z,2026-07-22T05:00:00+0200,131.16,EUR/MWh,BE,BE,day_ahead_price,value,2026-08-03T21:57:58Z
2026-08-03T21:57:27Z,2026-08-03T23:57:27+0200,d07b3b2b-e83a-4999-877d-e2466ad53d7b,2026-07-22T03:15:00Z,2026-07-22T05:15:00+0200,137.46,EUR/MWh,BE,BE,day_ahead_price,value,2026-08-03T21:57:58Z
2026-08-03T21:57:27Z,2026-08-03T23:57:27+0200,d07b3b2b-e83a-4999-877d-e2466ad53d7b,2026-07-22T03:30:00Z,2026-07-22T05:30:00+0200,143.02,EUR/MWh,BE,BE,day_ahead_price,value,2026-08-03T21:57:58Z
2026-08-03T21:57:27Z,2026-08-03T23:57:27+0200,d07b3b2b-e83a-4999-877d-e2466ad53d7b,2026-07-22T03:45:00Z,2026-07-22T05:45:00+0200,148.56,EUR/MWh,BE,BE,day_ahead_price,value,2026-08-03T21:57:58Z
2026-08-03T21:57:27Z,2026-08-03T23:57:27+0200,d07b3b2b-e83a-4999-877d-e2466ad53d7b,2026-07-22T04:00:00Z,2026-07-22T06:00:00+0200,148.77,EUR/MWh,BE,BE,day_ahead_price,value,2026-08-03T21:57:58Z
2026-08-03T21:57:27Z,2026-08-03T23:57:27+0200,d07b3b2b-e83a-4999-877d-e2466ad53d7b,2026-07-22T04:15:00Z,2026-07-22T06:15:00+0200,154.35,EUR/MWh,BE,BE,day_ahead_price,value,2026-08-03T21:57:58Z
2026-08-03T21:57:27Z,2026-08-03T23:57:27+0200,d07b3b2b-e83a-4999-877d-e2466ad53d7b,2026-07-22T04:30:00Z,2026-07-22T06:30:00+0200,160.63,EUR/MWh,BE,BE,day_ahead_price,value,2026-08-03T21:57:58Z
2026-08-03T21:57:27Z,2026-08-03T23:57:27+0200,d07b3b2b-e83a-4999-877d-e2466ad53d7b,2026-07-22T04:45:00Z,2026-07-22T06:45:00+0200,150.26,EUR/MWh,BE,BE,day_ahead_price,value,2026-08-03T21:57:58Z
2026-08-03T21:57:27Z,2026-08-03T23:57:27+0200,d07b3b2b-e83a-4999-877d-e2466ad53d7b,2026-07-22T05:00:00Z,2026-07-22T07:00:00+0200,163.1,EUR/MWh,BE,BE,day_ahead_price,value,2026-08-03T21:57:58Z
2026-08-03T21:57:27Z,2026-08-03T23:57:27+0200,d07b3b2b-e83a-4999-877d-e2466ad53d7b,2026-07-22T05:15:00Z,2026-07-22T07:15:00+0200,154.99,EUR/MWh,BE,BE,day_ahead_price,value,2026-08-03T21:57:58Z
2026-08-03T21:57:27Z,2026-08-03T23:57:27+0200,d07b3b2b-e83a-4999-877d-e2466ad53d7b,2026-07-22T05:30:00Z,2026-07-22T07:30:00+0200,149.27,EUR/MWh,BE,BE,day_ahead_price,value,2026-08-03T21:57:58Z
2026-08-03T21:57:27Z,2026-08-03T23:57:27+0200,d07b3b2b-e83a-4999-877d-e2466ad53d7b,2026-07-22T05:45:00Z,2026-07-22T07:45:00+0200,131.07,EUR/MWh,BE,BE,day_ahead_price,value,2026-08-03T21:57:58Z
2026-08-03T21:57:27Z,2026-08-03T23:57:27+0200,d07b3b2b-e83a-4999-877d-e2466ad53d7b,2026-07-22T06:00:00Z,2026-07-22T08:00:00+0200,164.01,EUR/MWh,BE,BE,day_ahead_price,value,2026-08-03T21:57:58Z
2026-08-03T21:57:27Z,2026-08-03T23:57:27+0200,d07b3b2b-e83a-4999-877d-e2466ad53d7b,2026-07-22T06:15:00Z,2026-07-22T08:15:00+0200,151.01,EUR/MWh,BE,BE,day_ahead_price,value,2026-08-03T21:57:58Z
2026-08-03T21:57:27Z,2026-08-03T23:57:27+0200,d07b3b2b-e83a-4999-877d-e2466ad53d7b,2026-07-22T06:30:00Z,2026-07-22T08:30:00+0200,127.14,EUR/MWh,BE,BE,day_ahead_price,value,2026-08-03T21:57:58Z
2026-08-03T21:57:27Z,2026-08-03T23:57:27+0200,d07b3b2b-e83a-4999-877d-e2466ad53d7b,2026-07-22T06:45:00Z,2026-07-22T08:45:00+0200,134.24,EUR/MWh,BE,BE,day_ahead_price,value,2026-08-03T21:57:58Z
2026-08-03T21:57:27Z,2026-08-03T23:57:27+0200,d07b3b2b-e83a-4999-877d-e2466ad53d7b,2026-07-22T07:00:00Z,2026-07-22T09:00:00+0200,182.83,EUR/MWh,BE,BE,day_ahead_price,value,2026-08-03T21:57:58Z
2026-08-03T21:57:27Z,2026-08-03T23:57:27+0200,d07b3b2b-e83a-4999-877d-e2466ad53d7b,2026-07-22T07:15:00Z,2026-07-22T09:15:00+0200,126.21,EUR/MWh,BE,BE,day_ahead_price,value,2026-08-03T21:57:58Z
2026-08-03T21:57:27Z,2026-08-03T23:57:27+0200,d07b3b2b-e83a-4999-877d-e2466ad53d7b,2026-07-22T07:30:00Z,2026-07-22T09:30:00+0200,104.0,EUR/MWh,BE,BE,day_ahead_price,value,2026-08-03T21:57:58Z
2026-08-03T21:57:27Z,2026-08-03T23:57:27+0200,d07b3b2b-e83a-4999-877d-e2466ad53d7b,2026-07-22T07:45:00Z,2026-07-22T09:45:00+0200,84.14,EUR/MWh,BE,BE,day_ahead_price,value,2026-08-03T21:57:58Z
2026-08-03T21:57:27Z,2026-08-03T23:57:27+0200,d07b3b2b-e83a-4999-877d-e2466ad53d7b,2026-07-22T08:00:00Z,2026-07-22T10:00:00+0200,100.92,EUR/MWh,BE,BE,day_ahead_price,value,2026-08-03T21:57:58Z
2026-08-03T21:57:27Z,2026-08-03T23:57:27+0200,d07b3b2b-e83a-4999-877d-e2466ad53d7b,2026-07-22T08:15:00Z,2026-07-22T10:15:00+0200,96.2,EUR/MWh,BE,BE,day_ahead_price,value,2026-08-03T21:57:58Z
2026-08-03T21:57:27Z,2026-08-03T23:57:27+0200,d07b3b2b-e83a-4999-877d-e2466ad53d7b,2026-07-22T08:30:00Z,2026-07-22T10:30:00+0200,81.31,EUR/MWh,BE,BE,day_ahead_price,value,2026-08-03T21:57:58Z
2026-08-03T21:57:27Z,2026-08-03T23:57:27+0200,d07b3b2b-e83a-4999-877d-e2466ad53d7b,2026-07-22T08:45:00Z,2026-07-22T10:45:00+0200,68.63,EUR/MWh,BE,BE,day_ahead_price,value,2026-08-03T21:57:58Z
2026-08-03T21:57:27Z,2026-08-03T23:57:27+0200,d07b3b2b-e83a-4999-877d-e2466ad53d7b,2026-07-22T09:00:00Z,2026-07-22T11:00:00+0200,61.13,EUR/MWh,BE,BE,day_ahead_price,value,2026-08-03T21:57:58Z
2026-08-03T21:57:27Z,2026-08-03T23:57:27+0200,d07b3b2b-e83a-4999-877d-e2466ad53d7b,2026-07-22T09:15:00Z,2026-07-22T11:15:00+0200,67.4,EUR/MWh,BE,BE,day_ahead_price,value,2026-08-03T21:57:58Z
2026-08-03T21:57:27Z,2026-08-03T23:57:27+0200,d07b3b2b-e83a-4999-877d-e2466ad53d7b,2026-07-22T09:30:00Z,2026-07-22T11:30:00+0200,70.0,EUR/MWh,BE,BE,day_ahead_price,value,2026-08-03T21:57:58Z
2026-08-03T21:57:27Z,2026-08-03T23:57:27+0200,d07b3b2b-e83a-4999-877d-e2466ad53d7b,2026-07-22T09:45:00Z,2026-07-22T11:45:00+0200,55.84,EUR/MWh,BE,BE,day_ahead_price,value,2026-08-03T21:57:58Z
2026-08-03T21:57:27Z,2026-08-03T23:57:27+0200,d07b3b2b-e83a-4999-877d-e2466ad53d7b,2026-07-22T10:00:00Z,2026-07-22T12:00:00+0200,41.71,EUR/MWh,BE,BE,day_ahead_price,value,2026-08-03T21:57:58Z
2026-08-03T21:57:27Z,2026-08-03T23:57:27+0200,d07b3b2b-e83a-4999-877d-e2466ad53d7b,2026-07-22T10:15:00Z,2026-07-22T12:15:00+0200,78.14,EUR/MWh,BE,BE,day_ahead_price,value,2026-08-03T21:57:58Z
2026-08-03T21:57:27Z,2026-08-03T23:57:27+0200,d07b3b2b-e83a-4999-877d-e2466ad53d7b,2026-07-22T10:30:00Z,2026-07-22T12:30:00+0200,67.98,EUR/MWh,BE,BE,day_ahead_price,value,2026-08-03T21:57:58Z
2026-08-03T21:57:27Z,2026-08-03T23:57:27+0200,d07b3b2b-e83a-4999-877d-e2466ad53d7b,2026-07-22T10:45:00Z,2026-07-22T12:45:00+0200,45.47,EUR/MWh,BE,BE,day_ahead_price,value,2026-08-03T21:57:58Z
2026-08-03T21:57:27Z,2026-08-03T23:57:27+0200,d07b3b2b-e83a-4999-877d-e2466ad53d7b,2026-07-22T11:00:00Z,2026-07-22T13:00:00+0200,50.0,EUR/MWh,BE,BE,day_ahead_price,value,2026-08-03T21:57:58Z
2026-08-03T21:57:27Z,2026-08-03T23:57:27+0200,d07b3b2b-e83a-4999-877d-e2466ad53d7b,2026-07-22T11:15:00Z,2026-07-22T13:15:00+0200,43.08,EUR/MWh,BE,BE,day_ahead_price,value,2026-08-03T21:57:58Z
2026-08-03T21:57:27Z,2026-08-03T23:57:27+0200,d07b3b2b-e83a-4999-877d-e2466ad53d7b,2026-07-22T11:30:00Z,2026-07-22T13:30:00+0200,40.62,EUR/MWh,BE,BE,day_ahead_price,value,2026-08-03T21:57:58Z
2026-08-03T21:57:27Z,2026-08-03T23:57:27+0200,d07b3b2b-e83a-4999-877d-e2466ad53d7b,2026-07-22T11:45:00Z,2026-07-22T13:45:00+0200,29.7,EUR/MWh,BE,BE,day_ahead_price,value,2026-08-03T21:57:58Z
2026-08-03T21:57:27Z,2026-08-03T23:57:27+0200,d07b3b2b-e83a-4999-877d-e2466ad53d7b,2026-07-22T12:00:00Z,2026-07-22T14:00:00+0200,8.74,EUR/MWh,BE,BE,day_ahead_price,value,2026-08-03T21:57:58Z
2026-08-03T21:57:27Z,2026-08-03T23:57:27+0200,d07b3b2b-e83a-4999-877d-e2466ad53d7b,2026-07-22T12:15:00Z,2026-07-22T14:15:00+0200,8.3,EUR/MWh,BE,BE,day_ahead_price,value,2026-08-03T21:57:58Z
2026-08-03T21:57:27Z,2026-08-03T23:57:27+0200,d07b3b2b-e83a-4999-877d-e2466ad53d7b,2026-07-22T12:30:00Z,2026-07-22T14:30:00+0200,10.29,EUR/MWh,BE,BE,day_ahead_price,value,2026-08-03T21:57:58Z
2026-08-03T21:57:27Z,2026-08-03T23:57:27+0200,d07b3b2b-e83a-4999-877d-e2466ad53d7b,2026-07-22T12:45:00Z,2026-07-22T14:45:00+0200,12.88,EUR/MWh,BE,BE,day_ahead_price,value,2026-08-03T21:57:58Z
2026-08-03T21:57:27Z,2026-08-03T23:57:27+0200,d07b3b2b-e83a-4999-877d-e2466ad53d7b,2026-07-22T13:00:00Z,2026-07-22T15:00:00+0200,7.82,EUR/MWh,BE,BE,day_ahead_price,value,2026-08-03T21:57:58Z
2026-08-03T21:57:27Z,2026-08-03T23:57:27+0200,d07b3b2b-e83a-4999-877d-e2466ad53d7b,2026-07-22T13:15:00Z,2026-07-22T15:15:00+0200,13.34,EUR/MWh,BE,BE,day_ahead_price,value,2026-08-03T21:57:58Z
2026-08-03T21:57:27Z,2026-08-03T23:57:27+0200,d07b3b2b-e83a-4999-877d-e2466ad53d7b,2026-07-22T13:30:00Z,2026-07-22T15:30:00+0200,15.7,EUR/MWh,BE,BE,day_ahead_price,value,2026-08-03T21:57:58Z
2026-08-03T21:57:27Z,2026-08-03T23:57:27+0200,d07b3b2b-e83a-4999-877d-e2466ad53d7b,2026-07-22T13:45:00Z,2026-07-22T15:45:00+0200,32.41,EUR/MWh,BE,BE,day_ahead_price,value,2026-08-03T21:57:58Z
2026-08-03T21:57:27Z,2026-08-03T23:57:27+0200,d07b3b2b-e83a-4999-877d-e2466ad53d7b,2026-07-22T14:00:00Z,2026-07-22T16:00:00+0200,11.13,EUR/MWh,BE,BE,day_ahead_price,value,2026-08-03T21:57:58Z
2026-08-03T21:57:27Z,2026-08-03T23:57:27+0200,d07b3b2b-e83a-4999-877d-e2466ad53d7b,2026-07-22T14:15:00Z,2026-07-22T16:15:00+0200,25.49,EUR/MWh,BE,BE,day_ahead_price,value,2026-08-03T21:57:58Z
2026-08-03T21:57:27Z,2026-08-03T23:57:27+0200,d07b3b2b-e83a-4999-877d-e2466ad53d7b,2026-07-22T14:30:00Z,2026-07-22T16:30:00+0200,27.48,EUR/MWh,BE,BE,day_ahead_price,value,2026-08-03T21:57:58Z
2026-08-03T21:57:27Z,2026-08-03T23:57:27+0200,d07b3b2b-e83a-4999-877d-e2466ad53d7b,2026-07-22T14:45:00Z,2026-07-22T16:45:00+0200,63.9,EUR/MWh,BE,BE,day_ahead_price,value,2026-08-03T21:57:58Z
2026-08-03T21:57:27Z,2026-08-03T23:57:27+0200,d07b3b2b-e83a-4999-877d-e2466ad53d7b,2026-07-22T15:00:00Z,2026-07-22T17:00:00+0200,24.99,EUR/MWh,BE,BE,day_ahead_price,value,2026-08-03T21:57:58Z
2026-08-03T21:57:27Z,2026-08-03T23:57:27+0200,d07b3b2b-e83a-4999-877d-e2466ad53d7b,2026-07-22T15:15:00Z,2026-07-22T17:15:00+0200,68.71,EUR/MWh,BE,BE,day_ahead_price,value,2026-08-03T21:57:58Z
2026-08-03T21:57:27Z,2026-08-03T23:57:27+0200,d07b3b2b-e83a-4999-877d-e2466ad53d7b,2026-07-22T15:30:00Z,2026-07-22T17:30:00+0200,84.7,EUR/MWh,BE,BE,day_ahead_price,value,2026-08-03T21:57:58Z
2026-08-03T21:57:27Z,2026-08-03T23:57:27+0200,d07b3b2b-e83a-4999-877d-e2466ad53d7b,2026-07-22T15:45:00Z,2026-07-22T17:45:00+0200,104.6,EUR/MWh,BE,BE,day_ahead_price,value,2026-08-03T21:57:58Z
2026-08-03T21:57:27Z,2026-08-03T23:57:27+0200,d07b3b2b-e83a-4999-877d-e2466ad53d7b,2026-07-22T16:00:00Z,2026-07-22T18:00:00+0200,104.3,EUR/MWh,BE,BE,day_ahead_price,value,2026-08-03T21:57:58Z
2026-08-03T21:57:27Z,2026-08-03T23:57:27+0200,d07b3b2b-e83a-4999-877d-e2466ad53d7b,2026-07-22T16:15:00Z,2026-07-22T18:15:00+0200,120.1,EUR/MWh,BE,BE,day_ahead_price,value,2026-08-03T21:57:58Z
2026-08-03T21:57:27Z,2026-08-03T23:57:27+0200,d07b3b2b-e83a-4999-877d-e2466ad53d7b,2026-07-22T16:30:00Z,2026-07-22T18:30:00+0200,131.51,EUR/MWh,BE,BE,day_ahead_price,value,2026-08-03T21:57:58Z
2026-08-03T21:57:27Z,2026-08-03T23:57:27+0200,d07b3b2b-e83a-4999-877d-e2466ad53d7b,2026-07-22T16:45:00Z,2026-07-22T18:45:00+0200,150.97,EUR/MWh,BE,BE,day_ahead_price,value,2026-08-03T21:57:58Z
2026-08-03T21:57:27Z,2026-08-03T23:57:27+0200,d07b3b2b-e83a-4999-877d-e2466ad53d7b,2026-07-22T17:00:00Z,2026-07-22T19:00:00+0200,126.78,EUR/MWh,BE,BE,day_ahead_price,value,2026-08-03T21:57:58Z
2026-08-03T21:57:27Z,2026-08-03T23:57:27+0200,d07b3b2b-e83a-4999-877d-e2466ad53d7b,2026-07-22T17:15:00Z,2026-07-22T19:15:00+0200,151.0,EUR/MWh,BE,BE,day_ahead_price,value,2026-08-03T21:57:58Z
2026-08-03T21:57:27Z,2026-08-03T23:57:27+0200,d07b3b2b-e83a-4999-877d-e2466ad53d7b,2026-07-22T17:30:00Z,2026-07-22T19:30:00+0200,169.36,EUR/MWh,BE,BE,day_ahead_price,value,2026-08-03T21:57:58Z
2026-08-03T21:57:27Z,2026-08-03T23:57:27+0200,d07b3b2b-e83a-4999-877d-e2466ad53d7b,2026-07-22T17:45:00Z,2026-07-22T19:45:00+0200,166.03,EUR/MWh,BE,BE,day_ahead_price,value,2026-08-03T21:57:58Z
2026-08-03T21:57:27Z,2026-08-03T23:57:27+0200,d07b3b2b-e83a-4999-877d-e2466ad53d7b,2026-07-22T18:00:00Z,2026-07-22T20:00:00+0200,159.5,EUR/MWh,BE,BE,day_ahead_price,value,2026-08-03T21:57:58Z
2026-08-03T21:57:27Z,2026-08-03T23:57:27+0200,d07b3b2b-e83a-4999-877d-e2466ad53d7b,2026-07-22T18:15:00Z,2026-07-22T20:15:00+0200,160.0,EUR/MWh,BE,BE,day_ahead_price,value,2026-08-03T21:57:58Z
2026-08-03T21:57:27Z,2026-08-03T23:57:27+0200,d07b3b2b-e83a-4999-877d-e2466ad53d7b,2026-07-22T18:30:00Z,2026-07-22T20:30:00+0200,163.83,EUR/MWh,BE,BE,day_ahead_price,value,2026-08-03T21:57:58Z
2026-08-03T21:57:27Z,2026-08-03T23:57:27+0200,d07b3b2b-e83a-4999-877d-e2466ad53d7b,2026-07-22T18:45:00Z,2026-07-22T20:45:00+0200,169.9,EUR/MWh,BE,BE,day_ahead_price,value,2026-08-03T21:57:58Z
2026-08-03T21:57:27Z,2026-08-03T23:57:27+0200,d07b3b2b-e83a-4999-877d-e2466ad53d7b,2026-07-22T19:00:00Z,2026-07-22T21:00:00+0200,170.0,EUR/MWh,BE,BE,day_ahead_price,value,2026-08-03T21:57:58Z
2026-08-03T21:57:27Z,2026-08-03T23:57:27+0200,d07b3b2b-e83a-4999-877d-e2466ad53d7b,2026-07-22T19:15:00Z,2026-07-22T21:15:00+0200,165.34,EUR/MWh,BE,BE,day_ahead_price,value,2026-08-03T21:57:58Z
2026-08-03T21:57:27Z,2026-08-03T23:57:27+0200,d07b3b2b-e83a-4999-877d-e2466ad53d7b,2026-07-22T19:30:00Z,2026-07-22T21:30:00+0200,165.14,EUR/MWh,BE,BE,day_ahead_price,value,2026-08-03T21:57:58Z
2026-08-03T21:57:27Z,2026-08-03T23:57:27+0200,d07b3b2b-e83a-4999-877d-e2466ad53d7b,2026-07-22T19:45:00Z,2026-07-22T21:45:00+0200,159.0,EUR/MWh,BE,BE,day_ahead_price,value,2026-08-03T21:57:58Z
2026-08-03T21:57:27Z,2026-08-03T23:57:27+0200,d07b3b2b-e83a-4999-877d-e2466ad53d7b,2026-07-22T20:00:00Z,2026-07-22T22:00:00+0200,171.21,EUR/MWh,BE,BE,day_ahead_price,value,2026-08-03T21:57:58Z
2026-08-03T21:57:27Z,2026-08-03T23:57:27+0200,d07b3b2b-e83a-4999-877d-e2466ad53d7b,2026-07-22T20:15:00Z,2026-07-22T22:15:00+0200,162.6,EUR/MWh,BE,BE,day_ahead_price,value,2026-08-03T21:57:58Z
2026-08-03T21:57:27Z,2026-08-03T23:57:27+0200,d07b3b2b-e83a-4999-877d-e2466ad53d7b,2026-07-22T20:30:00Z,2026-07-22T22:30:00+0200,158.93,EUR/MWh,BE,BE,day_ahead_price,value,2026-08-03T21:57:58Z
2026-08-03T21:57:27Z,2026-08-03T23:57:27+0200,d07b3b2b-e83a-4999-877d-e2466ad53d7b,2026-07-22T20:45:00Z,2026-07-22T22:45:00+0200,150.3,EUR/MWh,BE,BE,day_ahead_price,value,2026-08-03T21:57:58Z
2026-08-03T21:57:27Z,2026-08-03T23:57:27+0200,d07b3b2b-e83a-4999-877d-e2466ad53d7b,2026-07-22T21:00:00Z,2026-07-22T23:00:00+0200,157.73,EUR/MWh,BE,BE,day_ahead_price,value,2026-08-03T21:57:58Z
2026-08-03T21:57:27Z,2026-08-03T23:57:27+0200,d07b3b2b-e83a-4999-877d-e2466ad53d7b,2026-07-22T21:15:00Z,2026-07-22T23:15:00+0200,153.52,EUR/MWh,BE,BE,day_ahead_price,value,2026-08-03T21:57:58Z
2026-08-03T21:57:27Z,2026-08-03T23:57:27+0200,d07b3b2b-e83a-4999-877d-e2466ad53d7b,2026-07-22T21:30:00Z,2026-07-22T23:30:00+0200,152.75,EUR/MWh,BE,BE,day_ahead_price,value,2026-08-03T21:57:58Z
2026-08-03T21:57:27Z,2026-08-03T23:57:27+0200,d07b3b2b-e83a-4999-877d-e2466ad53d7b,2026-07-22T21:45:00Z,2026-07-22T23:45:00+0200,140.0,EUR/MWh,BE,BE,day_ahead_price,value,2026-08-03T21:57:58Z
2026-08-03T21:57:27Z,2026-08-03T23:57:27+0200,d07b3b2b-e83a-4999-877d-e2466ad53d7b,2026-07-22T22:00:00Z,2026-07-23T00:00:00+0200,163.89,EUR/MWh,BE,BE,day_ahead_price,value,2026-08-03T21:57:58Z
2026-08-03T21:57:27Z,2026-08-03T23:57:27+0200,d07b3b2b-e83a-4999-877d-e2466ad53d7b,2026-07-22T22:15:00Z,2026-07-23T00:15:00+0200,153.12,EUR/MWh,BE,BE,day_ahead_price,value,2026-08-03T21:57:58Z
2026-08-03T21:57:27Z,2026-08-03T23:57:27+0200,d07b3b2b-e83a-4999-877d-e2466ad53d7b,2026-07-22T22:30:00Z,2026-07-23T00:30:00+0200,144.53,EUR/MWh,BE,BE,day_ahead_price,value,2026-08-03T21:57:58Z
2026-08-03T21:57:27Z,2026-08-03T23:57:27+0200,d07b3b2b-e83a-4999-877d-e2466ad53d7b,2026-07-22T22:45:00Z,2026-07-23T00:45:00+0200,133.28,EUR/MWh,BE,BE,day_ahead_price,value,2026-08-03T21:57:58Z
2026-08-03T21:57:27Z,2026-08-03T23:57:27+0200,d07b3b2b-e83a-4999-877d-e2466ad53d7b,2026-07-22T23:00:00Z,2026-07-23T01:00:00+0200,146.57,EUR/MWh,BE,BE,day_ahead_price,value,2026-08-03T21:57:58Z
2026-08-03T21:57:27Z,2026-08-03T23:57:27+0200,d07b3b2b-e83a-4999-877d-e2466ad53d7b,2026-07-22T23:15:00Z,2026-07-23T01:15:00+0200,143.94,EUR/MWh,BE,BE,day_ahead_price,value,2026-08-03T21:57:58Z
2026-08-03T21:57:27Z,2026-08-03T23:57:27+0200,d07b3b2b-e83a-4999-877d-e2466ad53d7b,2026-07-22T23:30:00Z,2026-07-23T01:30:00+0200,142.89,EUR/MWh,BE,BE,day_ahead_price,value,2026-08-03T21:57:58Z
2026-08-03T21:57:27Z,2026-08-03T23:57:27+0200,d07b3b2b-e83a-4999-877d-e2466ad53d7b,2026-07-22T23:45:00Z,2026-07-23T01:45:00+0200,133.74,EUR/MWh,BE,BE,day_ahead_price,value,2026-08-03T21:57:58Z
2026-08-03T21:57:27Z,2026-08-03T23:57:27+0200,d07b3b2b-e83a-4999-877d-e2466ad53d7b,2026-07-23T00:00:00Z,2026-07-23T02:00:00+0200,142.0,EUR/MWh,BE,BE,day_ahead_price,value,2026-08-03T21:57:58Z
2026-08-03T21:57:27Z,2026-08-03T23:57:27+0200,d07b3b2b-e83a-4999-877d-e2466ad53d7b,2026-07-23T00:15:00Z,2026-07-23T02:15:00+0200,136.82,EUR/MWh,BE,BE,day_ahead_price,value,2026-08-03T21:57:58Z
2026-08-03T21:57:27Z,2026-08-03T23:57:27+0200,d07b3b2b-e83a-4999-877d-e2466ad53d7b,2026-07-23T00:30:00Z,2026-07-23T02:30:00+0200,135.56,EUR/MWh,BE,BE,day_ahead_price,value,2026-08-03T21:57:58Z
2026-08-03T21:57:27Z,2026-08-03T23:57:27+0200,d07b3b2b-e83a-4999-877d-e2466ad53d7b,2026-07-23T00:45:00Z,2026-07-23T02:45:00+0200,133.58,EUR/MWh,BE,BE,day_ahead_price,value,2026-08-03T21:57:58Z
2026-08-03T21:57:27Z,2026-08-03T23:57:27+0200,d07b3b2b-e83a-4999-877d-e2466ad53d7b,2026-07-23T01:00:00Z,2026-07-23T03:00:00+0200,133.57,EUR/MWh,BE,BE,day_ahead_price,value,2026-08-03T21:57:58Z
2026-08-03T21:57:27Z,2026-08-03T23:57:27+0200,d07b3b2b-e83a-4999-877d-e2466ad53d7b,2026-07-23T01:15:00Z,2026-07-23T03:15:00+0200,136.57,EUR/MWh,BE,BE,day_ahead_price,value,2026-08-03T21:57:58Z
2026-08-03T21:57:27Z,2026-08-03T23:57:27+0200,d07b3b2b-e83a-4999-877d-e2466ad53d7b,2026-07-23T01:30:00Z,2026-07-23T03:30:00+0200,133.95,EUR/MWh,BE,BE,day_ahead_price,value,2026-08-03T21:57:58Z
2026-08-03T21:57:27Z,2026-08-03T23:57:27+0200,d07b3b2b-e83a-4999-877d-e2466ad53d7b,2026-07-23T01:45:00Z,2026-07-23T03:45:00+0200,133.96,EUR/MWh,BE,BE,day_ahead_price,value,2026-08-03T21:57:58Z
2026-08-03T21:57:27Z,2026-08-03T23:57:27+0200,d07b3b2b-e83a-4999-877d-e2466ad53d7b,2026-07-23T02:00:00Z,2026-07-23T04:00:00+0200,134.11,EUR/MWh,BE,BE,day_ahead_price,value,2026-08-03T21:57:58Z
2026-08-03T21:57:27Z,2026-08-03T23:57:27+0200,d07b3b2b-e83a-4999-877d-e2466ad53d7b,2026-07-23T02:15:00Z,2026-07-23T04:15:00+0200,135.65,EUR/MWh,BE,BE,day_ahead_price,value,2026-08-03T21:57:58Z
2026-08-03T21:57:27Z,2026-08-03T23:57:27+0200,d07b3b2b-e83a-4999-877d-e2466ad53d7b,2026-07-23T02:30:00Z,2026-07-23T04:30:00+0200,139.07,EUR/MWh,BE,BE,day_ahead_price,value,2026-08-03T21:57:58Z
2026-08-03T21:57:27Z,2026-08-03T23:57:27+0200,d07b3b2b-e83a-4999-877d-e2466ad53d7b,2026-07-23T02:45:00Z,2026-07-23T04:45:00+0200,142.5,EUR/MWh,BE,BE,day_ahead_price,value,2026-08-03T21:57:58Z
2026-08-03T21:57:27Z,2026-08-03T23:57:27+0200,d07b3b2b-e83a-4999-877d-e2466ad53d7b,2026-07-23T03:00:00Z,2026-07-23T05:00:00+0200,134.49,EUR/MWh,BE,BE,day_ahead_price,value,2026-08-03T21:57:58Z
2026-08-03T21:57:27Z,2026-08-03T23:57:27+0200,d07b3b2b-e83a-4999-877d-e2466ad53d7b,2026-07-23T03:15:00Z,2026-07-23T05:15:00+0200,139.95,EUR/MWh,BE,BE,day_ahead_price,value,2026-08-03T21:57:58Z
2026-08-03T21:57:27Z,2026-08-03T23:57:27+0200,d07b3b2b-e83a-4999-877d-e2466ad53d7b,2026-07-23T03:30:00Z,2026-07-23T05:30:00+0200,149.77,EUR/MWh,BE,BE,day_ahead_price,value,2026-08-03T21:57:58Z
2026-08-03T21:57:27Z,2026-08-03T23:57:27+0200,d07b3b2b-e83a-4999-877d-e2466ad53d7b,2026-07-23T03:45:00Z,2026-07-23T05:45:00+0200,156.02,EUR/MWh,BE,BE,day_ahead_price,value,2026-08-03T21:57:58Z
2026-08-03T21:57:27Z,2026-08-03T23:57:27+0200,d07b3b2b-e83a-4999-877d-e2466ad53d7b,2026-07-23T04:00:00Z,2026-07-23T06:00:00+0200,151.85,EUR/MWh,BE,BE,day_ahead_price,value,2026-08-03T21:57:58Z
2026-08-03T21:57:27Z,2026-08-03T23:57:27+0200,d07b3b2b-e83a-4999-877d-e2466ad53d7b,2026-07-23T04:15:00Z,2026-07-23T06:15:00+0200,163.01,EUR/MWh,BE,BE,day_ahead_price,value,2026-08-03T21:57:58Z
2026-08-03T21:57:27Z,2026-08-03T23:57:27+0200,d07b3b2b-e83a-4999-877d-e2466ad53d7b,2026-07-23T04:30:00Z,2026-07-23T06:30:00+0200,161.96,EUR/MWh,BE,BE,day_ahead_price,value,2026-08-03T21:57:58Z
2026-08-03T21:57:27Z,2026-08-03T23:57:27+0200,d07b3b2b-e83a-4999-877d-e2466ad53d7b,2026-07-23T04:45:00Z,2026-07-23T06:45:00+0200,164.01,EUR/MWh,BE,BE,day_ahead_price,value,2026-08-03T21:57:58Z
2026-08-03T21:57:27Z,2026-08-03T23:57:27+0200,d07b3b2b-e83a-4999-877d-e2466ad53d7b,2026-07-23T05:00:00Z,2026-07-23T07:00:00+0200,173.34,EUR/MWh,BE,BE,day_ahead_price,value,2026-08-03T21:57:58Z
2026-08-03T21:57:27Z,2026-08-03T23:57:27+0200,d07b3b2b-e83a-4999-877d-e2466ad53d7b,2026-07-23T05:15:00Z,2026-07-23T07:15:00+0200,173.72,EUR/MWh,BE,BE,day_ahead_price,value,2026-08-03T21:57:58Z
2026-08-03T21:57:27Z,2026-08-03T23:57:27+0200,d07b3b2b-e83a-4999-877d-e2466ad53d7b,2026-07-23T05:30:00Z,2026-07-23T07:30:00+0200,164.01,EUR/MWh,BE,BE,day_ahead_price,value,2026-08-03T21:57:58Z
2026-08-03T21:57:27Z,2026-08-03T23:57:27+0200,d07b3b2b-e83a-4999-877d-e2466ad53d7b,2026-07-23T05:45:00Z,2026-07-23T07:45:00+0200,161.42,EUR/MWh,BE,BE,day_ahead_price,value,2026-08-03T21:57:58Z
2026-08-03T21:57:27Z,2026-08-03T23:57:27+0200,d07b3b2b-e83a-4999-877d-e2466ad53d7b,2026-07-23T06:00:00Z,2026-07-23T08:00:00+0200,174.01,EUR/MWh,BE,BE,day_ahead_price,value,2026-08-03T21:57:58Z
2026-08-03T21:57:27Z,2026-08-03T23:57:27+0200,d07b3b2b-e83a-4999-877d-e2466ad53d7b,2026-07-23T06:15:00Z,2026-07-23T08:15:00+0200,162.8,EUR/MWh,BE,BE,day_ahead_price,value,2026-08-03T21:57:58Z
2026-08-03T21:57:27Z,2026-08-03T23:57:27+0200,d07b3b2b-e83a-4999-877d-e2466ad53d7b,2026-07-23T06:30:00Z,2026-07-23T08:30:00+0200,159.51,EUR/MWh,BE,BE,day_ahead_price,value,2026-08-03T21:57:58Z
2026-08-03T21:57:27Z,2026-08-03T23:57:27+0200,d07b3b2b-e83a-4999-877d-e2466ad53d7b,2026-07-23T06:45:00Z,2026-07-23T08:45:00+0200,141.93,EUR/MWh,BE,BE,day_ahead_price,value,2026-08-03T21:57:58Z
2026-08-03T21:57:27Z,2026-08-03T23:57:27+0200,d07b3b2b-e83a-4999-877d-e2466ad53d7b,2026-07-23T07:00:00Z,2026-07-23T09:00:00+0200,161.43,EUR/MWh,BE,BE,day_ahead_price,value,2026-08-03T21:57:58Z
2026-08-03T21:57:27Z,2026-08-03T23:57:27+0200,d07b3b2b-e83a-4999-877d-e2466ad53d7b,2026-07-23T07:15:00Z,2026-07-23T09:15:00+0200,143.54,EUR/MWh,BE,BE,day_ahead_price,value,2026-08-03T21:57:58Z
2026-08-03T21:57:27Z,2026-08-03T23:57:27+0200,d07b3b2b-e83a-4999-877d-e2466ad53d7b,2026-07-23T07:30:00Z,2026-07-23T09:30:00+0200,118.11,EUR/MWh,BE,BE,day_ahead_price,value,2026-08-03T21:57:58Z
2026-08-03T21:57:27Z,2026-08-03T23:57:27+0200,d07b3b2b-e83a-4999-877d-e2466ad53d7b,2026-07-23T07:45:00Z,2026-07-23T09:45:00+0200,113.46,EUR/MWh,BE,BE,day_ahead_price,value,2026-08-03T21:57:58Z
2026-08-03T21:57:27Z,2026-08-03T23:57:27+0200,d07b3b2b-e83a-4999-877d-e2466ad53d7b,2026-07-23T08:00:00Z,2026-07-23T10:00:00+0200,116.53,EUR/MWh,BE,BE,day_ahead_price,value,2026-08-03T21:57:58Z
2026-08-03T21:57:27Z,2026-08-03T23:57:27+0200,d07b3b2b-e83a-4999-877d-e2466ad53d7b,2026-07-23T08:15:00Z,2026-07-23T10:15:00+0200,124.21,EUR/MWh,BE,BE,day_ahead_price,value,2026-08-03T21:57:58Z
2026-08-03T21:57:27Z,2026-08-03T23:57:27+0200,d07b3b2b-e83a-4999-877d-e2466ad53d7b,2026-07-23T08:30:00Z,2026-07-23T10:30:00+0200,127.42,EUR/MWh,BE,BE,day_ahead_price,value,2026-08-03T21:57:58Z
2026-08-03T21:57:27Z,2026-08-03T23:57:27+0200,d07b3b2b-e83a-4999-877d-e2466ad53d7b,2026-07-23T08:45:00Z,2026-07-23T10:45:00+0200,122.46,EUR/MWh,BE,BE,day_ahead_price,value,2026-08-03T21:57:58Z
2026-08-03T21:57:27Z,2026-08-03T23:57:27+0200,d07b3b2b-e83a-4999-877d-e2466ad53d7b,2026-07-23T09:00:00Z,2026-07-23T11:00:00+0200,140.55,EUR/MWh,BE,BE,day_ahead_price,value,2026-08-03T21:57:58Z
2026-08-03T21:57:27Z,2026-08-03T23:57:27+0200,d07b3b2b-e83a-4999-877d-e2466ad53d7b,2026-07-23T09:15:00Z,2026-07-23T11:15:00+0200,104.95,EUR/MWh,BE,BE,day_ahead_price,value,2026-08-03T21:57:58Z
2026-08-03T21:57:27Z,2026-08-03T23:57:27+0200,d07b3b2b-e83a-4999-877d-e2466ad53d7b,2026-07-23T09:30:00Z,2026-07-23T11:30:00+0200,94.41,EUR/MWh,BE,BE,day_ahead_price,value,2026-08-03T21:57:58Z
2026-08-03T21:57:27Z,2026-08-03T23:57:27+0200,d07b3b2b-e83a-4999-877d-e2466ad53d7b,2026-07-23T09:45:00Z,2026-07-23T11:45:00+0200,128.47,EUR/MWh,BE,BE,day_ahead_price,value,2026-08-03T21:57:58Z
2026-08-03T21:57:27Z,2026-08-03T23:57:27+0200,d07b3b2b-e83a-4999-877d-e2466ad53d7b,2026-07-23T10:00:00Z,2026-07-23T12:00:00+0200,122.47,EUR/MWh,BE,BE,day_ahead_price,value,2026-08-03T21:57:58Z
2026-08-03T21:57:27Z,2026-08-03T23:57:27+0200,d07b3b2b-e83a-4999-877d-e2466ad53d7b,2026-07-23T10:15:00Z,2026-07-23T12:15:00+0200,61.16,EUR/MWh,BE,BE,day_ahead_price,value,2026-08-03T21:57:58Z
2026-08-03T21:57:27Z,2026-08-03T23:57:27+0200,d07b3b2b-e83a-4999-877d-e2466ad53d7b,2026-07-23T10:30:00Z,2026-07-23T12:30:00+0200,24.39,EUR/MWh,BE,BE,day_ahead_price,value,2026-08-03T21:57:58Z
2026-08-03T21:57:27Z,2026-08-03T23:57:27+0200,d07b3b2b-e83a-4999-877d-e2466ad53d7b,2026-07-23T10:45:00Z,2026-07-23T12:45:00+0200,13.27,EUR/MWh,BE,BE,day_ahead_price,value,2026-08-03T21:57:58Z
2026-08-03T21:57:27Z,2026-08-03T23:57:27+0200,d07b3b2b-e83a-4999-877d-e2466ad53d7b,2026-07-23T11:00:00Z,2026-07-23T13:00:00+0200,37.9,EUR/MWh,BE,BE,day_ahead_price,value,2026-08-03T21:57:58Z
2026-08-03T21:57:27Z,2026-08-03T23:57:27+0200,d07b3b2b-e83a-4999-877d-e2466ad53d7b,2026-07-23T11:15:00Z,2026-07-23T13:15:00+0200,20.34,EUR/MWh,BE,BE,day_ahead_price,value,2026-08-03T21:57:58Z
2026-08-03T21:57:27Z,2026-08-03T23:57:27+0200,d07b3b2b-e83a-4999-877d-e2466ad53d7b,2026-07-23T11:30:00Z,2026-07-23T13:30:00+0200,11.24,EUR/MWh,BE,BE,day_ahead_price,value,2026-08-03T21:57:58Z
2026-08-03T21:57:27Z,2026-08-03T23:57:27+0200,d07b3b2b-e83a-4999-877d-e2466ad53d7b,2026-07-23T11:45:00Z,2026-07-23T13:45:00+0200,9.22,EUR/MWh,BE,BE,day_ahead_price,value,2026-08-03T21:57:58Z
2026-08-03T21:57:27Z,2026-08-03T23:57:27+0200,d07b3b2b-e83a-4999-877d-e2466ad53d7b,2026-07-23T12:00:00Z,2026-07-23T14:00:00+0200,2.82,EUR/MWh,BE,BE,day_ahead_price,value,2026-08-03T21:57:58Z
2026-08-03T21:57:27Z,2026-08-03T23:57:27+0200,d07b3b2b-e83a-4999-877d-e2466ad53d7b,2026-07-23T12:15:00Z,2026-07-23T14:15:00+0200,3.16,EUR/MWh,BE,BE,day_ahead_price,value,2026-08-03T21:57:58Z
2026-08-03T21:57:27Z,2026-08-03T23:57:27+0200,d07b3b2b-e83a-4999-877d-e2466ad53d7b,2026-07-23T12:30:00Z,2026-07-23T14:30:00+0200,8.78,EUR/MWh,BE,BE,day_ahead_price,value,2026-08-03T21:57:58Z
2026-08-03T21:57:27Z,2026-08-03T23:57:27+0200,d07b3b2b-e83a-4999-877d-e2466ad53d7b,2026-07-23T12:45:00Z,2026-07-23T14:45:00+0200,6.76,EUR/MWh,BE,BE,day_ahead_price,value,2026-08-03T21:57:58Z
2026-08-03T21:57:27Z,2026-08-03T23:57:27+0200,d07b3b2b-e83a-4999-877d-e2466ad53d7b,2026-07-23T13:00:00Z,2026-07-23T15:00:00+0200,2.34,EUR/MWh,BE,BE,day_ahead_price,value,2026-08-03T21:57:58Z
2026-08-03T21:57:27Z,2026-08-03T23:57:27+0200,d07b3b2b-e83a-4999-877d-e2466ad53d7b,2026-07-23T13:15:00Z,2026-07-23T15:15:00+0200,4.48,EUR/MWh,BE,BE,day_ahead_price,value,2026-08-03T21:57:58Z
2026-08-03T21:57:27Z,2026-08-03T23:57:27+0200,d07b3b2b-e83a-4999-877d-e2466ad53d7b,2026-07-23T13:30:00Z,2026-07-23T15:30:00+0200,4.76,EUR/MWh,BE,BE,day_ahead_price,value,2026-08-03T21:57:58Z
2026-08-03T21:57:27Z,2026-08-03T23:57:27+0200,d07b3b2b-e83a-4999-877d-e2466ad53d7b,2026-07-23T13:45:00Z,2026-07-23T15:45:00+0200,22.72,EUR/MWh,BE,BE,day_ahead_price,value,2026-08-03T21:57:58Z
2026-08-03T21:57:27Z,2026-08-03T23:57:27+0200,d07b3b2b-e83a-4999-877d-e2466ad53d7b,2026-07-23T14:00:00Z,2026-07-23T16:00:00+0200,7.0,EUR/MWh,BE,BE,day_ahead_price,value,2026-08-03T21:57:58Z
2026-08-03T21:57:27Z,2026-08-03T23:57:27+0200,d07b3b2b-e83a-4999-877d-e2466ad53d7b,2026-07-23T14:15:00Z,2026-07-23T16:15:00+0200,30.35,EUR/MWh,BE,BE,day_ahead_price,value,2026-08-03T21:57:58Z
2026-08-03T21:57:27Z,2026-08-03T23:57:27+0200,d07b3b2b-e83a-4999-877d-e2466ad53d7b,2026-07-23T14:30:00Z,2026-07-23T16:30:00+0200,30.13,EUR/MWh,BE,BE,day_ahead_price,value,2026-08-03T21:57:58Z
2026-08-03T21:57:27Z,2026-08-03T23:57:27+0200,d07b3b2b-e83a-4999-877d-e2466ad53d7b,2026-07-23T14:45:00Z,2026-07-23T16:45:00+0200,59.93,EUR/MWh,BE,BE,day_ahead_price,value,2026-08-03T21:57:58Z
2026-08-03T21:57:27Z,2026-08-03T23:57:27+0200,d07b3b2b-e83a-4999-877d-e2466ad53d7b,2026-07-23T15:00:00Z,2026-07-23T17:00:00+0200,51.08,EUR/MWh,BE,BE,day_ahead_price,value,2026-08-03T21:57:58Z
2026-08-03T21:57:27Z,2026-08-03T23:57:27+0200,d07b3b2b-e83a-4999-877d-e2466ad53d7b,2026-07-23T15:15:00Z,2026-07-23T17:15:00+0200,93.91,EUR/MWh,BE,BE,day_ahead_price,value,2026-08-03T21:57:58Z
2026-08-03T21:57:27Z,2026-08-03T23:57:27+0200,d07b3b2b-e83a-4999-877d-e2466ad53d7b,2026-07-23T15:30:00Z,2026-07-23T17:30:00+0200,113.09,EUR/MWh,BE,BE,day_ahead_price,value,2026-08-03T21:57:58Z
2026-08-03T21:57:27Z,2026-08-03T23:57:27+0200,d07b3b2b-e83a-4999-877d-e2466ad53d7b,2026-07-23T15:45:00Z,2026-07-23T17:45:00+0200,128.88,EUR/MWh,BE,BE,day_ahead_price,value,2026-08-03T21:57:58Z
2026-08-03T21:57:27Z,2026-08-03T23:57:27+0200,d07b3b2b-e83a-4999-877d-e2466ad53d7b,2026-07-23T16:00:00Z,2026-07-23T18:00:00+0200,113.57,EUR/MWh,BE,BE,day_ahead_price,value,2026-08-03T21:57:58Z
2026-08-03T21:57:27Z,2026-08-03T23:57:27+0200,d07b3b2b-e83a-4999-877d-e2466ad53d7b,2026-07-23T16:15:00Z,2026-07-23T18:15:00+0200,139.21,EUR/MWh,BE,BE,day_ahead_price,value,2026-08-03T21:57:58Z
2026-08-03T21:57:27Z,2026-08-03T23:57:27+0200,d07b3b2b-e83a-4999-877d-e2466ad53d7b,2026-07-23T16:30:00Z,2026-07-23T18:30:00+0200,152.98,EUR/MWh,BE,BE,day_ahead_price,value,2026-08-03T21:57:58Z
2026-08-03T21:57:27Z,2026-08-03T23:57:27+0200,d07b3b2b-e83a-4999-877d-e2466ad53d7b,2026-07-23T16:45:00Z,2026-07-23T18:45:00+0200,165.0,EUR/MWh,BE,BE,day_ahead_price,value,2026-08-03T21:57:58Z
2026-08-03T21:57:27Z,2026-08-03T23:57:27+0200,d07b3b2b-e83a-4999-877d-e2466ad53d7b,2026-07-23T17:00:00Z,2026-07-23T19:00:00+0200,152.77,EUR/MWh,BE,BE,day_ahead_price,value,2026-08-03T21:57:58Z
2026-08-03T21:57:27Z,2026-08-03T23:57:27+0200,d07b3b2b-e83a-4999-877d-e2466ad53d7b,2026-07-23T17:15:00Z,2026-07-23T19:15:00+0200,164.67,EUR/MWh,BE,BE,day_ahead_price,value,2026-08-03T21:57:58Z
2026-08-03T21:57:27Z,2026-08-03T23:57:27+0200,d07b3b2b-e83a-4999-877d-e2466ad53d7b,2026-07-23T17:30:00Z,2026-07-23T19:30:00+0200,168.27,EUR/MWh,BE,BE,day_ahead_price,value,2026-08-03T21:57:58Z
2026-08-03T21:57:27Z,2026-08-03T23:57:27+0200,d07b3b2b-e83a-4999-877d-e2466ad53d7b,2026-07-23T17:45:00Z,2026-07-23T19:45:00+0200,178.69,EUR/MWh,BE,BE,day_ahead_price,value,2026-08-03T21:57:58Z
2026-08-03T21:57:27Z,2026-08-03T23:57:27+0200,d07b3b2b-e83a-4999-877d-e2466ad53d7b,2026-07-23T18:00:00Z,2026-07-23T20:00:00+0200,172.79,EUR/MWh,BE,BE,day_ahead_price,value,2026-08-03T21:57:58Z
2026-08-03T21:57:27Z,2026-08-03T23:57:27+0200,d07b3b2b-e83a-4999-877d-e2466ad53d7b,2026-07-23T18:15:00Z,2026-07-23T20:15:00+0200,184.89,EUR/MWh,BE,BE,day_ahead_price,value,2026-08-03T21:57:58Z
2026-08-03T21:57:27Z,2026-08-03T23:57:27+0200,d07b3b2b-e83a-4999-877d-e2466ad53d7b,2026-07-23T18:30:00Z,2026-07-23T20:30:00+0200,186.2,EUR/MWh,BE,BE,day_ahead_price,value,2026-08-03T21:57:58Z
2026-08-03T21:57:27Z,2026-08-03T23:57:27+0200,d07b3b2b-e83a-4999-877d-e2466ad53d7b,2026-07-23T18:45:00Z,2026-07-23T20:45:00+0200,197.5,EUR/MWh,BE,BE,day_ahead_price,value,2026-08-03T21:57:58Z
2026-08-03T21:57:27Z,2026-08-03T23:57:27+0200,d07b3b2b-e83a-4999-877d-e2466ad53d7b,2026-07-23T19:00:00Z,2026-07-23T21:00:00+0200,192.84,EUR/MWh,BE,BE,day_ahead_price,value,2026-08-03T21:57:58Z
2026-08-03T21:57:27Z,2026-08-03T23:57:27+0200,d07b3b2b-e83a-4999-877d-e2466ad53d7b,2026-07-23T19:15:00Z,2026-07-23T21:15:00+0200,191.79,EUR/MWh,BE,BE,day_ahead_price,value,2026-08-03T21:57:58Z
2026-08-03T21:57:27Z,2026-08-03T23:57:27+0200,d07b3b2b-e83a-4999-877d-e2466ad53d7b,2026-07-23T19:30:00Z,2026-07-23T21:30:00+0200,189.7,EUR/MWh,BE,BE,day_ahead_price,value,2026-08-03T21:57:58Z
2026-08-03T21:57:27Z,2026-08-03T23:57:27+0200,d07b3b2b-e83a-4999-877d-e2466ad53d7b,2026-07-23T19:45:00Z,2026-07-23T21:45:00+0200,185.67,EUR/MWh,BE,BE,day_ahead_price,value,2026-08-03T21:57:58Z
2026-08-03T21:57:27Z,2026-08-03T23:57:27+0200,d07b3b2b-e83a-4999-877d-e2466ad53d7b,2026-07-23T20:00:00Z,2026-07-23T22:00:00+0200,195.92,EUR/MWh,BE,BE,day_ahead_price,value,2026-08-03T21:57:58Z
2026-08-03T21:57:27Z,2026-08-03T23:57:27+0200,d07b3b2b-e83a-4999-877d-e2466ad53d7b,2026-07-23T20:15:00Z,2026-07-23T22:15:00+0200,188.96,EUR/MWh,BE,BE,day_ahead_price,value,2026-08-03T21:57:58Z
2026-08-03T21:57:27Z,2026-08-03T23:57:27+0200,d07b3b2b-e83a-4999-877d-e2466ad53d7b,2026-07-23T20:30:00Z,2026-07-23T22:30:00+0200,184.29,EUR/MWh,BE,BE,day_ahead_price,value,2026-08-03T21:57:58Z
2026-08-03T21:57:27Z,2026-08-03T23:57:27+0200,d07b3b2b-e83a-4999-877d-e2466ad53d7b,2026-07-23T20:45:00Z,2026-07-23T22:45:00+0200,177.0,EUR/MWh,BE,BE,day_ahead_price,value,2026-08-03T21:57:58Z
2026-08-03T21:57:27Z,2026-08-03T23:57:27+0200,d07b3b2b-e83a-4999-877d-e2466ad53d7b,2026-07-23T21:00:00Z,2026-07-23T23:00:00+0200,181.68,EUR/MWh,BE,BE,day_ahead_price,value,2026-08-03T21:57:58Z
2026-08-03T21:57:27Z,2026-08-03T23:57:27+0200,d07b3b2b-e83a-4999-877d-e2466ad53d7b,2026-07-23T21:15:00Z,2026-07-23T23:15:00+0200,170.66,EUR/MWh,BE,BE,day_ahead_price,value,2026-08-03T21:57:58Z
2026-08-03T21:57:27Z,2026-08-03T23:57:27+0200,d07b3b2b-e83a-4999-877d-e2466ad53d7b,2026-07-23T21:30:00Z,2026-07-23T23:30:00+0200,166.94,EUR/MWh,BE,BE,day_ahead_price,value,2026-08-03T21:57:58Z
2026-08-03T21:57:27Z,2026-08-03T23:57:27+0200,d07b3b2b-e83a-4999-877d-e2466ad53d7b,2026-07-23T21:45:00Z,2026-07-23T23:45:00+0200,162.4,EUR/MWh,BE,BE,day_ahead_price,value,2026-08-03T21:57:58Z
2026-08-03T21:57:27Z,2026-08-03T23:57:27+0200,d07b3b2b-e83a-4999-877d-e2466ad53d7b,2026-07-23T22:00:00Z,2026-07-24T00:00:00+0200,168.22,EUR/MWh,BE,BE,day_ahead_price,value,2026-08-03T21:57:58Z
2026-08-03T21:57:27Z,2026-08-03T23:57:27+0200,d07b3b2b-e83a-4999-877d-e2466ad53d7b,2026-07-23T22:15:00Z,2026-07-24T00:15:00+0200,163.65,EUR/MWh,BE,BE,day_ahead_price,value,2026-08-03T21:57:58Z
2026-08-03T21:57:27Z,2026-08-03T23:57:27+0200,d07b3b2b-e83a-4999-877d-e2466ad53d7b,2026-07-23T22:30:00Z,2026-07-24T00:30:00+0200,160.58,EUR/MWh,BE,BE,day_ahead_price,value,2026-08-03T21:57:58Z
2026-08-03T21:57:27Z,2026-08-03T23:57:27+0200,d07b3b2b-e83a-4999-877d-e2466ad53d7b,2026-07-23T22:45:00Z,2026-07-24T00:45:00+0200,151.56,EUR/MWh,BE,BE,day_ahead_price,value,2026-08-03T21:57:58Z
2026-08-03T21:57:27Z,2026-08-03T23:57:27+0200,d07b3b2b-e83a-4999-877d-e2466ad53d7b,2026-07-23T23:00:00Z,2026-07-24T01:00:00+0200,162.51,EUR/MWh,BE,BE,day_ahead_price,value,2026-08-03T21:57:58Z
2026-08-03T21:57:27Z,2026-08-03T23:57:27+0200,d07b3b2b-e83a-4999-877d-e2466ad53d7b,2026-07-23T23:15:00Z,2026-07-24T01:15:00+0200,157.93,EUR/MWh,BE,BE,day_ahead_price,value,2026-08-03T21:57:58Z
2026-08-03T21:57:27Z,2026-08-03T23:57:27+0200,d07b3b2b-e83a-4999-877d-e2466ad53d7b,2026-07-23T23:30:00Z,2026-07-24T01:30:00+0200,155.89,EUR/MWh,BE,BE,day_ahead_price,value,2026-08-03T21:57:58Z
2026-08-03T21:57:27Z,2026-08-03T23:57:27+0200,d07b3b2b-e83a-4999-877d-e2466ad53d7b,2026-07-23T23:45:00Z,2026-07-24T01:45:00+0200,151.94,EUR/MWh,BE,BE,day_ahead_price,value,2026-08-03T21:57:58Z
2026-08-03T21:57:27Z,2026-08-03T23:57:27+0200,d07b3b2b-e83a-4999-877d-e2466ad53d7b,2026-07-24T00:00:00Z,2026-07-24T02:00:00+0200,155.26,EUR/MWh,BE,BE,day_ahead_price,value,2026-08-03T21:57:58Z
2026-08-03T21:57:27Z,2026-08-03T23:57:27+0200,d07b3b2b-e83a-4999-877d-e2466ad53d7b,2026-07-24T00:15:00Z,2026-07-24T02:15:00+0200,151.69,EUR/MWh,BE,BE,day_ahead_price,value,2026-08-03T21:57:58Z
2026-08-03T21:57:27Z,2026-08-03T23:57:27+0200,d07b3b2b-e83a-4999-877d-e2466ad53d7b,2026-07-24T00:30:00Z,2026-07-24T02:30:00+0200,147.99,EUR/MWh,BE,BE,day_ahead_price,value,2026-08-03T21:57:58Z
2026-08-03T21:57:27Z,2026-08-03T23:57:27+0200,d07b3b2b-e83a-4999-877d-e2466ad53d7b,2026-07-24T00:45:00Z,2026-07-24T02:45:00+0200,144.96,EUR/MWh,BE,BE,day_ahead_price,value,2026-08-03T21:57:58Z
2026-08-03T21:57:27Z,2026-08-03T23:57:27+0200,d07b3b2b-e83a-4999-877d-e2466ad53d7b,2026-07-24T01:00:00Z,2026-07-24T03:00:00+0200,152.4,EUR/MWh,BE,BE,day_ahead_price,value,2026-08-03T21:57:58Z
2026-08-03T21:57:27Z,2026-08-03T23:57:27+0200,d07b3b2b-e83a-4999-877d-e2466ad53d7b,2026-07-24T01:15:00Z,2026-07-24T03:15:00+0200,149.68,EUR/MWh,BE,BE,day_ahead_price,value,2026-08-03T21:57:58Z
2026-08-03T21:57:27Z,2026-08-03T23:57:27+0200,d07b3b2b-e83a-4999-877d-e2466ad53d7b,2026-07-24T01:30:00Z,2026-07-24T03:30:00+0200,150.72,EUR/MWh,BE,BE,day_ahead_price,value,2026-08-03T21:57:58Z
2026-08-03T21:57:27Z,2026-08-03T23:57:27+0200,d07b3b2b-e83a-4999-877d-e2466ad53d7b,2026-07-24T01:45:00Z,2026-07-24T03:45:00+0200,151.2,EUR/MWh,BE,BE,day_ahead_price,value,2026-08-03T21:57:58Z
2026-08-03T21:57:27Z,2026-08-03T23:57:27+0200,d07b3b2b-e83a-4999-877d-e2466ad53d7b,2026-07-24T02:00:00Z,2026-07-24T04:00:00+0200,148.23,EUR/MWh,BE,BE,day_ahead_price,value,2026-08-03T21:57:58Z
2026-08-03T21:57:27Z,2026-08-03T23:57:27+0200,d07b3b2b-e83a-4999-877d-e2466ad53d7b,2026-07-24T02:15:00Z,2026-07-24T04:15:00+0200,147.0,EUR/MWh,BE,BE,day_ahead_price,value,2026-08-03T21:57:58Z
2026-08-03T21:57:27Z,2026-08-03T23:57:27+0200,d07b3b2b-e83a-4999-877d-e2466ad53d7b,2026-07-24T02:30:00Z,2026-07-24T04:30:00+0200,147.3,EUR/MWh,BE,BE,day_ahead_price,value,2026-08-03T21:57:58Z
2026-08-03T21:57:27Z,2026-08-03T23:57:27+0200,d07b3b2b-e83a-4999-877d-e2466ad53d7b,2026-07-24T02:45:00Z,2026-07-24T04:45:00+0200,159.83,EUR/MWh,BE,BE,day_ahead_price,value,2026-08-03T21:57:58Z
2026-08-03T21:57:27Z,2026-08-03T23:57:27+0200,d07b3b2b-e83a-4999-877d-e2466ad53d7b,2026-07-24T03:00:00Z,2026-07-24T05:00:00+0200,153.11,EUR/MWh,BE,BE,day_ahead_price,value,2026-08-03T21:57:58Z
2026-08-03T21:57:27Z,2026-08-03T23:57:27+0200,d07b3b2b-e83a-4999-877d-e2466ad53d7b,2026-07-24T03:15:00Z,2026-07-24T05:15:00+0200,158.64,EUR/MWh,BE,BE,day_ahead_price,value,2026-08-03T21:57:58Z
2026-08-03T21:57:27Z,2026-08-03T23:57:27+0200,d07b3b2b-e83a-4999-877d-e2466ad53d7b,2026-07-24T03:30:00Z,2026-07-24T05:30:00+0200,165.65,EUR/MWh,BE,BE,day_ahead_price,value,2026-08-03T21:57:58Z
2026-08-03T21:57:27Z,2026-08-03T23:57:27+0200,d07b3b2b-e83a-4999-877d-e2466ad53d7b,2026-07-24T03:45:00Z,2026-07-24T05:45:00+0200,169.59,EUR/MWh,BE,BE,day_ahead_price,value,2026-08-03T21:57:58Z
2026-08-03T21:57:27Z,2026-08-03T23:57:27+0200,d07b3b2b-e83a-4999-877d-e2466ad53d7b,2026-07-24T04:00:00Z,2026-07-24T06:00:00+0200,168.33,EUR/MWh,BE,BE,day_ahead_price,value,2026-08-03T21:57:58Z
2026-08-03T21:57:27Z,2026-08-03T23:57:27+0200,d07b3b2b-e83a-4999-877d-e2466ad53d7b,2026-07-24T04:15:00Z,2026-07-24T06:15:00+0200,177.5,EUR/MWh,BE,BE,day_ahead_price,value,2026-08-03T21:57:58Z
2026-08-03T21:57:27Z,2026-08-03T23:57:27+0200,d07b3b2b-e83a-4999-877d-e2466ad53d7b,2026-07-24T04:30:00Z,2026-07-24T06:30:00+0200,175.2,EUR/MWh,BE,BE,day_ahead_price,value,2026-08-03T21:57:58Z
2026-08-03T21:57:27Z,2026-08-03T23:57:27+0200,d07b3b2b-e83a-4999-877d-e2466ad53d7b,2026-07-24T04:45:00Z,2026-07-24T06:45:00+0200,171.99,EUR/MWh,BE,BE,day_ahead_price,value,2026-08-03T21:57:58Z
2026-08-03T21:57:27Z,2026-08-03T23:57:27+0200,d07b3b2b-e83a-4999-877d-e2466ad53d7b,2026-07-24T05:00:00Z,2026-07-24T07:00:00+0200,178.22,EUR/MWh,BE,BE,day_ahead_price,value,2026-08-03T21:57:58Z
2026-08-03T21:57:27Z,2026-08-03T23:57:27+0200,d07b3b2b-e83a-4999-877d-e2466ad53d7b,2026-07-24T05:15:00Z,2026-07-24T07:15:00+0200,172.34,EUR/MWh,BE,BE,day_ahead_price,value,2026-08-03T21:57:58Z
2026-08-03T21:57:27Z,2026-08-03T23:57:27+0200,d07b3b2b-e83a-4999-877d-e2466ad53d7b,2026-07-24T05:30:00Z,2026-07-24T07:30:00+0200,167.36,EUR/MWh,BE,BE,day_ahead_price,value,2026-08-03T21:57:58Z
2026-08-03T21:57:27Z,2026-08-03T23:57:27+0200,d07b3b2b-e83a-4999-877d-e2466ad53d7b,2026-07-24T05:45:00Z,2026-07-24T07:45:00+0200,152.7,EUR/MWh,BE,BE,day_ahead_price,value,2026-08-03T21:57:58Z
2026-08-03T21:57:27Z,2026-08-03T23:57:27+0200,d07b3b2b-e83a-4999-877d-e2466ad53d7b,2026-07-24T06:00:00Z,2026-07-24T08:00:00+0200,173.98,EUR/MWh,BE,BE,day_ahead_price,value,2026-08-03T21:57:58Z
2026-08-03T21:57:27Z,2026-08-03T23:57:27+0200,d07b3b2b-e83a-4999-877d-e2466ad53d7b,2026-07-24T06:15:00Z,2026-07-24T08:15:00+0200,166.76,EUR/MWh,BE,BE,day_ahead_price,value,2026-08-03T21:57:58Z
2026-08-03T21:57:27Z,2026-08-03T23:57:27+0200,d07b3b2b-e83a-4999-877d-e2466ad53d7b,2026-07-24T06:30:00Z,2026-07-24T08:30:00+0200,158.95,EUR/MWh,BE,BE,day_ahead_price,value,2026-08-03T21:57:58Z
2026-08-03T21:57:27Z,2026-08-03T23:57:27+0200,d07b3b2b-e83a-4999-877d-e2466ad53d7b,2026-07-24T06:45:00Z,2026-07-24T08:45:00+0200,139.79,EUR/MWh,BE,BE,day_ahead_price,value,2026-08-03T21:57:58Z
2026-08-03T21:57:27Z,2026-08-03T23:57:27+0200,d07b3b2b-e83a-4999-877d-e2466ad53d7b,2026-07-24T07:00:00Z,2026-07-24T09:00:00+0200,169.88,EUR/MWh,BE,BE,day_ahead_price,value,2026-08-03T21:57:58Z
2026-08-03T21:57:27Z,2026-08-03T23:57:27+0200,d07b3b2b-e83a-4999-877d-e2466ad53d7b,2026-07-24T07:15:00Z,2026-07-24T09:15:00+0200,134.0,EUR/MWh,BE,BE,day_ahead_price,value,2026-08-03T21:57:58Z
2026-08-03T21:57:27Z,2026-08-03T23:57:27+0200,d07b3b2b-e83a-4999-877d-e2466ad53d7b,2026-07-24T07:30:00Z,2026-07-24T09:30:00+0200,123.76,EUR/MWh,BE,BE,day_ahead_price,value,2026-08-03T21:57:58Z
2026-08-03T21:57:27Z,2026-08-03T23:57:27+0200,d07b3b2b-e83a-4999-877d-e2466ad53d7b,2026-07-24T07:45:00Z,2026-07-24T09:45:00+0200,136.0,EUR/MWh,BE,BE,day_ahead_price,value,2026-08-03T21:57:58Z
2026-08-03T21:57:27Z,2026-08-03T23:57:27+0200,d07b3b2b-e83a-4999-877d-e2466ad53d7b,2026-07-24T08:00:00Z,2026-07-24T10:00:00+0200,139.32,EUR/MWh,BE,BE,day_ahead_price,value,2026-08-03T21:57:58Z
2026-08-03T21:57:27Z,2026-08-03T23:57:27+0200,d07b3b2b-e83a-4999-877d-e2466ad53d7b,2026-07-24T08:15:00Z,2026-07-24T10:15:00+0200,133.41,EUR/MWh,BE,BE,day_ahead_price,value,2026-08-03T21:57:58Z
2026-08-03T21:57:27Z,2026-08-03T23:57:27+0200,d07b3b2b-e83a-4999-877d-e2466ad53d7b,2026-07-24T08:30:00Z,2026-07-24T10:30:00+0200,130.23,EUR/MWh,BE,BE,day_ahead_price,value,2026-08-03T21:57:58Z
2026-08-03T21:57:27Z,2026-08-03T23:57:27+0200,d07b3b2b-e83a-4999-877d-e2466ad53d7b,2026-07-24T08:45:00Z,2026-07-24T10:45:00+0200,130.97,EUR/MWh,BE,BE,day_ahead_price,value,2026-08-03T21:57:58Z
2026-08-03T21:57:27Z,2026-08-03T23:57:27+0200,d07b3b2b-e83a-4999-877d-e2466ad53d7b,2026-07-24T09:00:00Z,2026-07-24T11:00:00+0200,139.56,EUR/MWh,BE,BE,day_ahead_price,value,2026-08-03T21:57:58Z
2026-08-03T21:57:27Z,2026-08-03T23:57:27+0200,d07b3b2b-e83a-4999-877d-e2466ad53d7b,2026-07-24T09:15:00Z,2026-07-24T11:15:00+0200,135.09,EUR/MWh,BE,BE,day_ahead_price,value,2026-08-03T21:57:58Z
2026-08-03T21:57:27Z,2026-08-03T23:57:27+0200,d07b3b2b-e83a-4999-877d-e2466ad53d7b,2026-07-24T09:30:00Z,2026-07-24T11:30:00+0200,100.35,EUR/MWh,BE,BE,day_ahead_price,value,2026-08-03T21:57:58Z
2026-08-03T21:57:27Z,2026-08-03T23:57:27+0200,d07b3b2b-e83a-4999-877d-e2466ad53d7b,2026-07-24T09:45:00Z,2026-07-24T11:45:00+0200,73.0,EUR/MWh,BE,BE,day_ahead_price,value,2026-08-03T21:57:58Z
2026-08-03T21:57:27Z,2026-08-03T23:57:27+0200,d07b3b2b-e83a-4999-877d-e2466ad53d7b,2026-07-24T10:00:00Z,2026-07-24T12:00:00+0200,73.19,EUR/MWh,BE,BE,day_ahead_price,value,2026-08-03T21:57:58Z
2026-08-03T21:57:27Z,2026-08-03T23:57:27+0200,d07b3b2b-e83a-4999-877d-e2466ad53d7b,2026-07-24T10:15:00Z,2026-07-24T12:15:00+0200,89.17,EUR/MWh,BE,BE,day_ahead_price,value,2026-08-03T21:57:58Z
2026-08-03T21:57:27Z,2026-08-03T23:57:27+0200,d07b3b2b-e83a-4999-877d-e2466ad53d7b,2026-07-24T10:30:00Z,2026-07-24T12:30:00+0200,66.09,EUR/MWh,BE,BE,day_ahead_price,value,2026-08-03T21:57:58Z
2026-08-03T21:57:27Z,2026-08-03T23:57:27+0200,d07b3b2b-e83a-4999-877d-e2466ad53d7b,2026-07-24T10:45:00Z,2026-07-24T12:45:00+0200,43.55,EUR/MWh,BE,BE,day_ahead_price,value,2026-08-03T21:57:58Z
2026-08-03T21:57:27Z,2026-08-03T23:57:27+0200,d07b3b2b-e83a-4999-877d-e2466ad53d7b,2026-07-24T11:00:00Z,2026-07-24T13:00:00+0200,85.02,EUR/MWh,BE,BE,day_ahead_price,value,2026-08-03T21:57:58Z
2026-08-03T21:57:27Z,2026-08-03T23:57:27+0200,d07b3b2b-e83a-4999-877d-e2466ad53d7b,2026-07-24T11:15:00Z,2026-07-24T13:15:00+0200,53.94,EUR/MWh,BE,BE,day_ahead_price,value,2026-08-03T21:57:58Z
2026-08-03T21:57:27Z,2026-08-03T23:57:27+0200,d07b3b2b-e83a-4999-877d-e2466ad53d7b,2026-07-24T11:30:00Z,2026-07-24T13:30:00+0200,39.79,EUR/MWh,BE,BE,day_ahead_price,value,2026-08-03T21:57:58Z
2026-08-03T21:57:27Z,2026-08-03T23:57:27+0200,d07b3b2b-e83a-4999-877d-e2466ad53d7b,2026-07-24T11:45:00Z,2026-07-24T13:45:00+0200,19.68,EUR/MWh,BE,BE,day_ahead_price,value,2026-08-03T21:57:58Z
2026-08-03T21:57:27Z,2026-08-03T23:57:27+0200,d07b3b2b-e83a-4999-877d-e2466ad53d7b,2026-07-24T12:00:00Z,2026-07-24T14:00:00+0200,11.27,EUR/MWh,BE,BE,day_ahead_price,value,2026-08-03T21:57:58Z
2026-08-03T21:57:27Z,2026-08-03T23:57:27+0200,d07b3b2b-e83a-4999-877d-e2466ad53d7b,2026-07-24T12:15:00Z,2026-07-24T14:15:00+0200,10.81,EUR/MWh,BE,BE,day_ahead_price,value,2026-08-03T21:57:58Z
2026-08-03T21:57:27Z,2026-08-03T23:57:27+0200,d07b3b2b-e83a-4999-877d-e2466ad53d7b,2026-07-24T12:30:00Z,2026-07-24T14:30:00+0200,11.61,EUR/MWh,BE,BE,day_ahead_price,value,2026-08-03T21:57:58Z
2026-08-03T21:57:27Z,2026-08-03T23:57:27+0200,d07b3b2b-e83a-4999-877d-e2466ad53d7b,2026-07-24T12:45:00Z,2026-07-24T14:45:00+0200,17.87,EUR/MWh,BE,BE,day_ahead_price,value,2026-08-03T21:57:58Z
2026-08-03T21:57:27Z,2026-08-03T23:57:27+0200,d07b3b2b-e83a-4999-877d-e2466ad53d7b,2026-07-24T13:00:00Z,2026-07-24T15:00:00+0200,4.42,EUR/MWh,BE,BE,day_ahead_price,value,2026-08-03T21:57:58Z
2026-08-03T21:57:27Z,2026-08-03T23:57:27+0200,d07b3b2b-e83a-4999-877d-e2466ad53d7b,2026-07-24T13:15:00Z,2026-07-24T15:15:00+0200,10.17,EUR/MWh,BE,BE,day_ahead_price,value,2026-08-03T21:57:58Z
2026-08-03T21:57:27Z,2026-08-03T23:57:27+0200,d07b3b2b-e83a-4999-877d-e2466ad53d7b,2026-07-24T13:30:00Z,2026-07-24T15:30:00+0200,25.02,EUR/MWh,BE,BE,day_ahead_price,value,2026-08-03T21:57:58Z
2026-08-03T21:57:27Z,2026-08-03T23:57:27+0200,d07b3b2b-e83a-4999-877d-e2466ad53d7b,2026-07-24T13:45:00Z,2026-07-24T15:45:00+0200,52.82,EUR/MWh,BE,BE,day_ahead_price,value,2026-08-03T21:57:58Z
2026-08-03T21:57:27Z,2026-08-03T23:57:27+0200,d07b3b2b-e83a-4999-877d-e2466ad53d7b,2026-07-24T14:00:00Z,2026-07-24T16:00:00+0200,28.51,EUR/MWh,BE,BE,day_ahead_price,value,2026-08-03T21:57:58Z
2026-08-03T21:57:27Z,2026-08-03T23:57:27+0200,d07b3b2b-e83a-4999-877d-e2466ad53d7b,2026-07-24T14:15:00Z,2026-07-24T16:15:00+0200,52.98,EUR/MWh,BE,BE,day_ahead_price,value,2026-08-03T21:57:58Z
2026-08-03T21:57:27Z,2026-08-03T23:57:27+0200,d07b3b2b-e83a-4999-877d-e2466ad53d7b,2026-07-24T14:30:00Z,2026-07-24T16:30:00+0200,71.41,EUR/MWh,BE,BE,day_ahead_price,value,2026-08-03T21:57:58Z
2026-08-03T21:57:27Z,2026-08-03T23:57:27+0200,d07b3b2b-e83a-4999-877d-e2466ad53d7b,2026-07-24T14:45:00Z,2026-07-24T16:45:00+0200,89.23,EUR/MWh,BE,BE,day_ahead_price,value,2026-08-03T21:57:58Z
2026-08-03T21:57:27Z,2026-08-03T23:57:27+0200,d07b3b2b-e83a-4999-877d-e2466ad53d7b,2026-07-24T15:00:00Z,2026-07-24T17:00:00+0200,67.54,EUR/MWh,BE,BE,day_ahead_price,value,2026-08-03T21:57:58Z
2026-08-03T21:57:27Z,2026-08-03T23:57:27+0200,d07b3b2b-e83a-4999-877d-e2466ad53d7b,2026-07-24T15:15:00Z,2026-07-24T17:15:00+0200,99.26,EUR/MWh,BE,BE,day_ahead_price,value,2026-08-03T21:57:58Z
2026-08-03T21:57:27Z,2026-08-03T23:57:27+0200,d07b3b2b-e83a-4999-877d-e2466ad53d7b,2026-07-24T15:30:00Z,2026-07-24T17:30:00+0200,117.93,EUR/MWh,BE,BE,day_ahead_price,value,2026-08-03T21:57:58Z
2026-08-03T21:57:27Z,2026-08-03T23:57:27+0200,d07b3b2b-e83a-4999-877d-e2466ad53d7b,2026-07-24T15:45:00Z,2026-07-24T17:45:00+0200,140.54,EUR/MWh,BE,BE,day_ahead_price,value,2026-08-03T21:57:58Z
2026-08-03T21:57:27Z,2026-08-03T23:57:27+0200,d07b3b2b-e83a-4999-877d-e2466ad53d7b,2026-07-24T16:00:00Z,2026-07-24T18:00:00+0200,121.45,EUR/MWh,BE,BE,day_ahead_price,value,2026-08-03T21:57:58Z
2026-08-03T21:57:27Z,2026-08-03T23:57:27+0200,d07b3b2b-e83a-4999-877d-e2466ad53d7b,2026-07-24T16:15:00Z,2026-07-24T18:15:00+0200,144.33,EUR/MWh,BE,BE,day_ahead_price,value,2026-08-03T21:57:58Z
2026-08-03T21:57:27Z,2026-08-03T23:57:27+0200,d07b3b2b-e83a-4999-877d-e2466ad53d7b,2026-07-24T16:30:00Z,2026-07-24T18:30:00+0200,157.01,EUR/MWh,BE,BE,day_ahead_price,value,2026-08-03T21:57:58Z
2026-08-03T21:57:27Z,2026-08-03T23:57:27+0200,d07b3b2b-e83a-4999-877d-e2466ad53d7b,2026-07-24T16:45:00Z,2026-07-24T18:45:00+0200,177.82,EUR/MWh,BE,BE,day_ahead_price,value,2026-08-03T21:57:58Z
2026-08-03T21:57:27Z,2026-08-03T23:57:27+0200,d07b3b2b-e83a-4999-877d-e2466ad53d7b,2026-07-24T17:00:00Z,2026-07-24T19:00:00+0200,149.27,EUR/MWh,BE,BE,day_ahead_price,value,2026-08-03T21:57:58Z
2026-08-03T21:57:27Z,2026-08-03T23:57:27+0200,d07b3b2b-e83a-4999-877d-e2466ad53d7b,2026-07-24T17:15:00Z,2026-07-24T19:15:00+0200,171.37,EUR/MWh,BE,BE,day_ahead_price,value,2026-08-03T21:57:58Z
2026-08-03T21:57:27Z,2026-08-03T23:57:27+0200,d07b3b2b-e83a-4999-877d-e2466ad53d7b,2026-07-24T17:30:00Z,2026-07-24T19:30:00+0200,190.23,EUR/MWh,BE,BE,day_ahead_price,value,2026-08-03T21:57:58Z
2026-08-03T21:57:27Z,2026-08-03T23:57:27+0200,d07b3b2b-e83a-4999-877d-e2466ad53d7b,2026-07-24T17:45:00Z,2026-07-24T19:45:00+0200,204.95,EUR/MWh,BE,BE,day_ahead_price,value,2026-08-03T21:57:58Z
2026-08-03T21:57:27Z,2026-08-03T23:57:27+0200,d07b3b2b-e83a-4999-877d-e2466ad53d7b,2026-07-24T18:00:00Z,2026-07-24T20:00:00+0200,188.25,EUR/MWh,BE,BE,day_ahead_price,value,2026-08-03T21:57:58Z
2026-08-03T21:57:27Z,2026-08-03T23:57:27+0200,d07b3b2b-e83a-4999-877d-e2466ad53d7b,2026-07-24T18:15:00Z,2026-07-24T20:15:00+0200,194.08,EUR/MWh,BE,BE,day_ahead_price,value,2026-08-03T21:57:58Z
2026-08-03T21:57:27Z,2026-08-03T23:57:27+0200,d07b3b2b-e83a-4999-877d-e2466ad53d7b,2026-07-24T18:30:00Z,2026-07-24T20:30:00+0200,205.92,EUR/MWh,BE,BE,day_ahead_price,value,2026-08-03T21:57:58Z
2026-08-03T21:57:27Z,2026-08-03T23:57:27+0200,d07b3b2b-e83a-4999-877d-e2466ad53d7b,2026-07-24T18:45:00Z,2026-07-24T20:45:00+0200,212.0,EUR/MWh,BE,BE,day_ahead_price,value,2026-08-03T21:57:58Z
2026-08-03T21:57:27Z,2026-08-03T23:57:27+0200,d07b3b2b-e83a-4999-877d-e2466ad53d7b,2026-07-24T19:00:00Z,2026-07-24T21:00:00+0200,209.23,EUR/MWh,BE,BE,day_ahead_price,value,2026-08-03T21:57:58Z
2026-08-03T21:57:27Z,2026-08-03T23:57:27+0200,d07b3b2b-e83a-4999-877d-e2466ad53d7b,2026-07-24T19:15:00Z,2026-07-24T21:15:00+0200,206.82,EUR/MWh,BE,BE,day_ahead_price,value,2026-08-03T21:57:58Z
2026-08-03T21:57:27Z,2026-08-03T23:57:27+0200,d07b3b2b-e83a-4999-877d-e2466ad53d7b,2026-07-24T19:30:00Z,2026-07-24T21:30:00+0200,201.23,EUR/MWh,BE,BE,day_ahead_price,value,2026-08-03T21:57:58Z
2026-08-03T21:57:27Z,2026-08-03T23:57:27+0200,d07b3b2b-e83a-4999-877d-e2466ad53d7b,2026-07-24T19:45:00Z,2026-07-24T21:45:00+0200,195.33,EUR/MWh,BE,BE,day_ahead_price,value,2026-08-03T21:57:58Z
2026-08-03T21:57:27Z,2026-08-03T23:57:27+0200,d07b3b2b-e83a-4999-877d-e2466ad53d7b,2026-07-24T20:00:00Z,2026-07-24T22:00:00+0200,207.44,EUR/MWh,BE,BE,day_ahead_price,value,2026-08-03T21:57:58Z
2026-08-03T21:57:27Z,2026-08-03T23:57:27+0200,d07b3b2b-e83a-4999-877d-e2466ad53d7b,2026-07-24T20:15:00Z,2026-07-24T22:15:00+0200,197.48,EUR/MWh,BE,BE,day_ahead_price,value,2026-08-03T21:57:58Z
2026-08-03T21:57:27Z,2026-08-03T23:57:27+0200,d07b3b2b-e83a-4999-877d-e2466ad53d7b,2026-07-24T20:30:00Z,2026-07-24T22:30:00+0200,188.64,EUR/MWh,BE,BE,day_ahead_price,value,2026-08-03T21:57:58Z
2026-08-03T21:57:27Z,2026-08-03T23:57:27+0200,d07b3b2b-e83a-4999-877d-e2466ad53d7b,2026-07-24T20:45:00Z,2026-07-24T22:45:00+0200,184.5,EUR/MWh,BE,BE,day_ahead_price,value,2026-08-03T21:57:58Z
2026-08-03T21:57:27Z,2026-08-03T23:57:27+0200,d07b3b2b-e83a-4999-877d-e2466ad53d7b,2026-07-24T21:00:00Z,2026-07-24T23:00:00+0200,185.48,EUR/MWh,BE,BE,day_ahead_price,value,2026-08-03T21:57:58Z
2026-08-03T21:57:27Z,2026-08-03T23:57:27+0200,d07b3b2b-e83a-4999-877d-e2466ad53d7b,2026-07-24T21:15:00Z,2026-07-24T23:15:00+0200,183.0,EUR/MWh,BE,BE,day_ahead_price,value,2026-08-03T21:57:58Z
2026-08-03T21:57:27Z,2026-08-03T23:57:27+0200,d07b3b2b-e83a-4999-877d-e2466ad53d7b,2026-07-24T21:30:00Z,2026-07-24T23:30:00+0200,181.31,EUR/MWh,BE,BE,day_ahead_price,value,2026-08-03T21:57:58Z
2026-08-03T21:57:27Z,2026-08-03T23:57:27+0200,d07b3b2b-e83a-4999-877d-e2466ad53d7b,2026-07-24T21:45:00Z,2026-07-24T23:45:00+0200,170.67,EUR/MWh,BE,BE,day_ahead_price,value,2026-08-03T21:57:58Z
2026-08-03T21:57:27Z,2026-08-03T23:57:27+0200,d07b3b2b-e83a-4999-877d-e2466ad53d7b,2026-07-24T22:00:00Z,2026-07-25T00:00:00+0200,175.92,EUR/MWh,BE,BE,day_ahead_price,value,2026-08-03T21:57:58Z
2026-08-03T21:57:27Z,2026-08-03T23:57:27+0200,d07b3b2b-e83a-4999-877d-e2466ad53d7b,2026-07-24T22:15:00Z,2026-07-25T00:15:00+0200,168.63,EUR/MWh,BE,BE,day_ahead_price,value,2026-08-03T21:57:58Z
2026-08-03T21:57:27Z,2026-08-03T23:57:27+0200,d07b3b2b-e83a-4999-877d-e2466ad53d7b,2026-07-24T22:30:00Z,2026-07-25T00:30:00+0200,163.43,EUR/MWh,BE,BE,day_ahead_price,value,2026-08-03T21:57:58Z
2026-08-03T21:57:27Z,2026-08-03T23:57:27+0200,d07b3b2b-e83a-4999-877d-e2466ad53d7b,2026-07-24T22:45:00Z,2026-07-25T00:45:00+0200,150.61,EUR/MWh,BE,BE,day_ahead_price,value,2026-08-03T21:57:58Z
2026-08-03T21:57:27Z,2026-08-03T23:57:27+0200,d07b3b2b-e83a-4999-877d-e2466ad53d7b,2026-07-24T23:00:00Z,2026-07-25T01:00:00+0200,170.01,EUR/MWh,BE,BE,day_ahead_price,value,2026-08-03T21:57:58Z
2026-08-03T21:57:27Z,2026-08-03T23:57:27+0200,d07b3b2b-e83a-4999-877d-e2466ad53d7b,2026-07-24T23:15:00Z,2026-07-25T01:15:00+0200,156.96,EUR/MWh,BE,BE,day_ahead_price,value,2026-08-03T21:57:58Z
2026-08-03T21:57:27Z,2026-08-03T23:57:27+0200,d07b3b2b-e83a-4999-877d-e2466ad53d7b,2026-07-24T23:30:00Z,2026-07-25T01:30:00+0200,161.88,EUR/MWh,BE,BE,day_ahead_price,value,2026-08-03T21:57:58Z
2026-08-03T21:57:27Z,2026-08-03T23:57:27+0200,d07b3b2b-e83a-4999-877d-e2466ad53d7b,2026-07-24T23:45:00Z,2026-07-25T01:45:00+0200,157.83,EUR/MWh,BE,BE,day_ahead_price,value,2026-08-03T21:57:58Z
2026-08-03T21:57:27Z,2026-08-03T23:57:27+0200,d07b3b2b-e83a-4999-877d-e2466ad53d7b,2026-07-25T00:00:00Z,2026-07-25T02:00:00+0200,162.0,EUR/MWh,BE,BE,day_ahead_price,value,2026-08-03T21:57:58Z
2026-08-03T21:57:27Z,2026-08-03T23:57:27+0200,d07b3b2b-e83a-4999-877d-e2466ad53d7b,2026-07-25T00:15:00Z,2026-07-25T02:15:00+0200,156.99,EUR/MWh,BE,BE,day_ahead_price,value,2026-08-03T21:57:58Z
2026-08-03T21:57:27Z,2026-08-03T23:57:27+0200,d07b3b2b-e83a-4999-877d-e2466ad53d7b,2026-07-25T00:30:00Z,2026-07-25T02:30:00+0200,156.09,EUR/MWh,BE,BE,day_ahead_price,value,2026-08-03T21:57:58Z
2026-08-03T21:57:27Z,2026-08-03T23:57:27+0200,d07b3b2b-e83a-4999-877d-e2466ad53d7b,2026-07-25T00:45:00Z,2026-07-25T02:45:00+0200,150.52,EUR/MWh,BE,BE,day_ahead_price,value,2026-08-03T21:57:58Z
2026-08-03T21:57:27Z,2026-08-03T23:57:27+0200,d07b3b2b-e83a-4999-877d-e2466ad53d7b,2026-07-25T01:00:00Z,2026-07-25T03:00:00+0200,151.24,EUR/MWh,BE,BE,day_ahead_price,value,2026-08-03T21:57:58Z
2026-08-03T21:57:27Z,2026-08-03T23:57:27+0200,d07b3b2b-e83a-4999-877d-e2466ad53d7b,2026-07-25T01:15:00Z,2026-07-25T03:15:00+0200,152.63,EUR/MWh,BE,BE,day_ahead_price,value,2026-08-03T21:57:58Z
2026-08-03T21:57:27Z,2026-08-03T23:57:27+0200,d07b3b2b-e83a-4999-877d-e2466ad53d7b,2026-07-25T01:30:00Z,2026-07-25T03:30:00+0200,151.71,EUR/MWh,BE,BE,day_ahead_price,value,2026-08-03T21:57:58Z
2026-08-03T21:57:27Z,2026-08-03T23:57:27+0200,d07b3b2b-e83a-4999-877d-e2466ad53d7b,2026-07-25T01:45:00Z,2026-07-25T03:45:00+0200,148.98,EUR/MWh,BE,BE,day_ahead_price,value,2026-08-03T21:57:58Z
2026-08-03T21:57:27Z,2026-08-03T23:57:27+0200,d07b3b2b-e83a-4999-877d-e2466ad53d7b,2026-07-25T02:00:00Z,2026-07-25T04:00:00+0200,142.21,EUR/MWh,BE,BE,day_ahead_price,value,2026-08-03T21:57:58Z
2026-08-03T21:57:27Z,2026-08-03T23:57:27+0200,d07b3b2b-e83a-4999-877d-e2466ad53d7b,2026-07-25T02:15:00Z,2026-07-25T04:15:00+0200,142.12,EUR/MWh,BE,BE,day_ahead_price,value,2026-08-03T21:57:58Z
2026-08-03T21:57:27Z,2026-08-03T23:57:27+0200,d07b3b2b-e83a-4999-877d-e2466ad53d7b,2026-07-25T02:30:00Z,2026-07-25T04:30:00+0200,143.68,EUR/MWh,BE,BE,day_ahead_price,value,2026-08-03T21:57:58Z
2026-08-03T21:57:27Z,2026-08-03T23:57:27+0200,d07b3b2b-e83a-4999-877d-e2466ad53d7b,2026-07-25T02:45:00Z,2026-07-25T04:45:00+0200,147.36,EUR/MWh,BE,BE,day_ahead_price,value,2026-08-03T21:57:58Z
2026-08-03T21:57:27Z,2026-08-03T23:57:27+0200,d07b3b2b-e83a-4999-877d-e2466ad53d7b,2026-07-25T03:00:00Z,2026-07-25T05:00:00+0200,140.59,EUR/MWh,BE,BE,day_ahead_price,value,2026-08-03T21:57:58Z
2026-08-03T21:57:27Z,2026-08-03T23:57:27+0200,d07b3b2b-e83a-4999-877d-e2466ad53d7b,2026-07-25T03:15:00Z,2026-07-25T05:15:00+0200,143.2,EUR/MWh,BE,BE,day_ahead_price,value,2026-08-03T21:57:58Z
2026-08-03T21:57:27Z,2026-08-03T23:57:27+0200,d07b3b2b-e83a-4999-877d-e2466ad53d7b,2026-07-25T03:30:00Z,2026-07-25T05:30:00+0200,146.77,EUR/MWh,BE,BE,day_ahead_price,value,2026-08-03T21:57:58Z
2026-08-03T21:57:27Z,2026-08-03T23:57:27+0200,d07b3b2b-e83a-4999-877d-e2466ad53d7b,2026-07-25T03:45:00Z,2026-07-25T05:45:00+0200,140.72,EUR/MWh,BE,BE,day_ahead_price,value,2026-08-03T21:57:58Z
2026-08-03T21:57:27Z,2026-08-03T23:57:27+0200,d07b3b2b-e83a-4999-877d-e2466ad53d7b,2026-07-25T04:00:00Z,2026-07-25T06:00:00+0200,151.7,EUR/MWh,BE,BE,day_ahead_price,value,2026-08-03T21:57:58Z
2026-08-03T21:57:27Z,2026-08-03T23:57:27+0200,d07b3b2b-e83a-4999-877d-e2466ad53d7b,2026-07-25T04:15:00Z,2026-07-25T06:15:00+0200,135.66,EUR/MWh,BE,BE,day_ahead_price,value,2026-08-03T21:57:58Z
2026-08-03T21:57:27Z,2026-08-03T23:57:27+0200,d07b3b2b-e83a-4999-877d-e2466ad53d7b,2026-07-25T04:30:00Z,2026-07-25T06:30:00+0200,128.76,EUR/MWh,BE,BE,day_ahead_price,value,2026-08-03T21:57:58Z
2026-08-03T21:57:27Z,2026-08-03T23:57:27+0200,d07b3b2b-e83a-4999-877d-e2466ad53d7b,2026-07-25T04:45:00Z,2026-07-25T06:45:00+0200,117.38,EUR/MWh,BE,BE,day_ahead_price,value,2026-08-03T21:57:58Z
2026-08-03T21:57:27Z,2026-08-03T23:57:27+0200,d07b3b2b-e83a-4999-877d-e2466ad53d7b,2026-07-25T05:00:00Z,2026-07-25T07:00:00+0200,135.23,EUR/MWh,BE,BE,day_ahead_price,value,2026-08-03T21:57:58Z
2026-08-03T21:57:27Z,2026-08-03T23:57:27+0200,d07b3b2b-e83a-4999-877d-e2466ad53d7b,2026-07-25T05:15:00Z,2026-07-25T07:15:00+0200,119.8,EUR/MWh,BE,BE,day_ahead_price,value,2026-08-03T21:57:58Z
2026-08-03T21:57:27Z,2026-08-03T23:57:27+0200,d07b3b2b-e83a-4999-877d-e2466ad53d7b,2026-07-25T05:30:00Z,2026-07-25T07:30:00+0200,107.52,EUR/MWh,BE,BE,day_ahead_price,value,2026-08-03T21:57:58Z
2026-08-03T21:57:27Z,2026-08-03T23:57:27+0200,d07b3b2b-e83a-4999-877d-e2466ad53d7b,2026-07-25T05:45:00Z,2026-07-25T07:45:00+0200,97.3,EUR/MWh,BE,BE,day_ahead_price,value,2026-08-03T21:57:58Z
2026-08-03T21:57:27Z,2026-08-03T23:57:27+0200,d07b3b2b-e83a-4999-877d-e2466ad53d7b,2026-07-25T06:00:00Z,2026-07-25T08:00:00+0200,123.85,EUR/MWh,BE,BE,day_ahead_price,value,2026-08-03T21:57:58Z
2026-08-03T21:57:27Z,2026-08-03T23:57:27+0200,d07b3b2b-e83a-4999-877d-e2466ad53d7b,2026-07-25T06:15:00Z,2026-07-25T08:15:00+0200,103.21,EUR/MWh,BE,BE,day_ahead_price,value,2026-08-03T21:57:58Z
2026-08-03T21:57:27Z,2026-08-03T23:57:27+0200,d07b3b2b-e83a-4999-877d-e2466ad53d7b,2026-07-25T06:30:00Z,2026-07-25T08:30:00+0200,80.55,EUR/MWh,BE,BE,day_ahead_price,value,2026-08-03T21:57:58Z
2026-08-03T21:57:27Z,2026-08-03T23:57:27+0200,d07b3b2b-e83a-4999-877d-e2466ad53d7b,2026-07-25T06:45:00Z,2026-07-25T08:45:00+0200,29.33,EUR/MWh,BE,BE,day_ahead_price,value,2026-08-03T21:57:58Z
2026-08-03T21:57:27Z,2026-08-03T23:57:27+0200,d07b3b2b-e83a-4999-877d-e2466ad53d7b,2026-07-25T07:00:00Z,2026-07-25T09:00:00+0200,39.29,EUR/MWh,BE,BE,day_ahead_price,value,2026-08-03T21:57:58Z
2026-08-03T21:57:27Z,2026-08-03T23:57:27+0200,d07b3b2b-e83a-4999-877d-e2466ad53d7b,2026-07-25T07:15:00Z,2026-07-25T09:15:00+0200,5.01,EUR/MWh,BE,BE,day_ahead_price,value,2026-08-03T21:57:58Z
2026-08-03T21:57:27Z,2026-08-03T23:57:27+0200,d07b3b2b-e83a-4999-877d-e2466ad53d7b,2026-07-25T07:30:00Z,2026-07-25T09:30:00+0200,0.01,EUR/MWh,BE,BE,day_ahead_price,value,2026-08-03T21:57:58Z
2026-08-03T21:57:27Z,2026-08-03T23:57:27+0200,d07b3b2b-e83a-4999-877d-e2466ad53d7b,2026-07-25T07:45:00Z,2026-07-25T09:45:00+0200,0.0,EUR/MWh,BE,BE,day_ahead_price,value,2026-08-03T21:57:58Z
2026-08-03T21:57:27Z,2026-08-03T23:57:27+0200,d07b3b2b-e83a-4999-877d-e2466ad53d7b,2026-07-25T08:00:00Z,2026-07-25T10:00:00+0200,0.0,EUR/MWh,BE,BE,day_ahead_price,value,2026-08-03T21:57:58Z
2026-08-03T21:57:27Z,2026-08-03T23:57:27+0200,d07b3b2b-e83a-4999-877d-e2466ad53d7b,2026-07-25T08:15:00Z,2026-07-25T10:15:00+0200,-0.01,EUR/MWh,BE,BE,day_ahead_price,value,2026-08-03T21:57:58Z
2026-08-03T21:57:27Z,2026-08-03T23:57:27+0200,d07b3b2b-e83a-4999-877d-e2466ad53d7b,2026-07-25T08:30:00Z,2026-07-25T10:30:00+0200,-0.07,EUR/MWh,BE,BE,day_ahead_price,value,2026-08-03T21:57:58Z
2026-08-03T21:57:27Z,2026-08-03T23:57:27+0200,d07b3b2b-e83a-4999-877d-e2466ad53d7b,2026-07-25T08:45:00Z,2026-07-25T10:45:00+0200,-0.39,EUR/MWh,BE,BE,day_ahead_price,value,2026-08-03T21:57:58Z
2026-08-03T21:57:27Z,2026-08-03T23:57:27+0200,d07b3b2b-e83a-4999-877d-e2466ad53d7b,2026-07-25T09:00:00Z,2026-07-25T11:00:00+0200,-0.82,EUR/MWh,BE,BE,day_ahead_price,value,2026-08-03T21:57:58Z
2026-08-03T21:57:27Z,2026-08-03T23:57:27+0200,d07b3b2b-e83a-4999-877d-e2466ad53d7b,2026-07-25T09:15:00Z,2026-07-25T11:15:00+0200,-1.19,EUR/MWh,BE,BE,day_ahead_price,value,2026-08-03T21:57:58Z
2026-08-03T21:57:27Z,2026-08-03T23:57:27+0200,d07b3b2b-e83a-4999-877d-e2466ad53d7b,2026-07-25T09:30:00Z,2026-07-25T11:30:00+0200,-3.41,EUR/MWh,BE,BE,day_ahead_price,value,2026-08-03T21:57:58Z
2026-08-03T21:57:27Z,2026-08-03T23:57:27+0200,d07b3b2b-e83a-4999-877d-e2466ad53d7b,2026-07-25T09:45:00Z,2026-07-25T11:45:00+0200,-5.01,EUR/MWh,BE,BE,day_ahead_price,value,2026-08-03T21:57:58Z
2026-08-03T21:57:27Z,2026-08-03T23:57:27+0200,d07b3b2b-e83a-4999-877d-e2466ad53d7b,2026-07-25T10:00:00Z,2026-07-25T12:00:00+0200,-4.82,EUR/MWh,BE,BE,day_ahead_price,value,2026-08-03T21:57:58Z
2026-08-03T21:57:27Z,2026-08-03T23:57:27+0200,d07b3b2b-e83a-4999-877d-e2466ad53d7b,2026-07-25T10:15:00Z,2026-07-25T12:15:00+0200,-5.0,EUR/MWh,BE,BE,day_ahead_price,value,2026-08-03T21:57:58Z
2026-08-03T21:57:27Z,2026-08-03T23:57:27+0200,d07b3b2b-e83a-4999-877d-e2466ad53d7b,2026-07-25T10:30:00Z,2026-07-25T12:30:00+0200,-5.54,EUR/MWh,BE,BE,day_ahead_price,value,2026-08-03T21:57:58Z
2026-08-03T21:57:27Z,2026-08-03T23:57:27+0200,d07b3b2b-e83a-4999-877d-e2466ad53d7b,2026-07-25T10:45:00Z,2026-07-25T12:45:00+0200,-8.46,EUR/MWh,BE,BE,day_ahead_price,value,2026-08-03T21:57:58Z
2026-08-03T21:57:27Z,2026-08-03T23:57:27+0200,d07b3b2b-e83a-4999-877d-e2466ad53d7b,2026-07-25T11:00:00Z,2026-07-25T13:00:00+0200,-7.18,EUR/MWh,BE,BE,day_ahead_price,value,2026-08-03T21:57:58Z
2026-08-03T21:57:27Z,2026-08-03T23:57:27+0200,d07b3b2b-e83a-4999-877d-e2466ad53d7b,2026-07-25T11:15:00Z,2026-07-25T13:15:00+0200,-9.84,EUR/MWh,BE,BE,day_ahead_price,value,2026-08-03T21:57:58Z
2026-08-03T21:57:27Z,2026-08-03T23:57:27+0200,d07b3b2b-e83a-4999-877d-e2466ad53d7b,2026-07-25T11:30:00Z,2026-07-25T13:30:00+0200,-10.42,EUR/MWh,BE,BE,day_ahead_price,value,2026-08-03T21:57:58Z
2026-08-03T21:57:27Z,2026-08-03T23:57:27+0200,d07b3b2b-e83a-4999-877d-e2466ad53d7b,2026-07-25T11:45:00Z,2026-07-25T13:45:00+0200,-11.35,EUR/MWh,BE,BE,day_ahead_price,value,2026-08-03T21:57:58Z
2026-08-03T21:57:27Z,2026-08-03T23:57:27+0200,d07b3b2b-e83a-4999-877d-e2466ad53d7b,2026-07-25T12:00:00Z,2026-07-25T14:00:00+0200,3.54,EUR/MWh,BE,BE,day_ahead_price,value,2026-08-03T21:57:58Z
2026-08-03T21:57:27Z,2026-08-03T23:57:27+0200,d07b3b2b-e83a-4999-877d-e2466ad53d7b,2026-07-25T12:15:00Z,2026-07-25T14:15:00+0200,6.43,EUR/MWh,BE,BE,day_ahead_price,value,2026-08-03T21:57:58Z
2026-08-03T21:57:27Z,2026-08-03T23:57:27+0200,d07b3b2b-e83a-4999-877d-e2466ad53d7b,2026-07-25T12:30:00Z,2026-07-25T14:30:00+0200,8.23,EUR/MWh,BE,BE,day_ahead_price,value,2026-08-03T21:57:58Z
2026-08-03T21:57:27Z,2026-08-03T23:57:27+0200,d07b3b2b-e83a-4999-877d-e2466ad53d7b,2026-07-25T12:45:00Z,2026-07-25T14:45:00+0200,1.74,EUR/MWh,BE,BE,day_ahead_price,value,2026-08-03T21:57:58Z
2026-08-03T21:57:27Z,2026-08-03T23:57:27+0200,d07b3b2b-e83a-4999-877d-e2466ad53d7b,2026-07-25T13:00:00Z,2026-07-25T15:00:00+0200,-3.48,EUR/MWh,BE,BE,day_ahead_price,value,2026-08-03T21:57:58Z
2026-08-03T21:57:27Z,2026-08-03T23:57:27+0200,d07b3b2b-e83a-4999-877d-e2466ad53d7b,2026-07-25T13:15:00Z,2026-07-25T15:15:00+0200,-2.25,EUR/MWh,BE,BE,day_ahead_price,value,2026-08-03T21:57:58Z
2026-08-03T21:57:27Z,2026-08-03T23:57:27+0200,d07b3b2b-e83a-4999-877d-e2466ad53d7b,2026-07-25T13:30:00Z,2026-07-25T15:30:00+0200,-1.26,EUR/MWh,BE,BE,day_ahead_price,value,2026-08-03T21:57:58Z
2026-08-03T21:57:27Z,2026-08-03T23:57:27+0200,d07b3b2b-e83a-4999-877d-e2466ad53d7b,2026-07-25T13:45:00Z,2026-07-25T15:45:00+0200,-1.03,EUR/MWh,BE,BE,day_ahead_price,value,2026-08-03T21:57:58Z
2026-08-03T21:57:27Z,2026-08-03T23:57:27+0200,d07b3b2b-e83a-4999-877d-e2466ad53d7b,2026-07-25T14:00:00Z,2026-07-25T16:00:00+0200,-0.64,EUR/MWh,BE,BE,day_ahead_price,value,2026-08-03T21:57:58Z
2026-08-03T21:57:27Z,2026-08-03T23:57:27+0200,d07b3b2b-e83a-4999-877d-e2466ad53d7b,2026-07-25T14:15:00Z,2026-07-25T16:15:00+0200,-0.12,EUR/MWh,BE,BE,day_ahead_price,value,2026-08-03T21:57:58Z
2026-08-03T21:57:27Z,2026-08-03T23:57:27+0200,d07b3b2b-e83a-4999-877d-e2466ad53d7b,2026-07-25T14:30:00Z,2026-07-25T16:30:00+0200,-0.09,EUR/MWh,BE,BE,day_ahead_price,value,2026-08-03T21:57:58Z
2026-08-03T21:57:27Z,2026-08-03T23:57:27+0200,d07b3b2b-e83a-4999-877d-e2466ad53d7b,2026-07-25T14:45:00Z,2026-07-25T16:45:00+0200,-0.01,EUR/MWh,BE,BE,day_ahead_price,value,2026-08-03T21:57:58Z
2026-08-03T21:57:27Z,2026-08-03T23:57:27+0200,d07b3b2b-e83a-4999-877d-e2466ad53d7b,2026-07-25T15:00:00Z,2026-07-25T17:00:00+0200,-0.01,EUR/MWh,BE,BE,day_ahead_price,value,2026-08-03T21:57:58Z
2026-08-03T21:57:27Z,2026-08-03T23:57:27+0200,d07b3b2b-e83a-4999-877d-e2466ad53d7b,2026-07-25T15:15:00Z,2026-07-25T17:15:00+0200,0.01,EUR/MWh,BE,BE,day_ahead_price,value,2026-08-03T21:57:58Z
2026-08-03T21:57:27Z,2026-08-03T23:57:27+0200,d07b3b2b-e83a-4999-877d-e2466ad53d7b,2026-07-25T15:30:00Z,2026-07-25T17:30:00+0200,2.59,EUR/MWh,BE,BE,day_ahead_price,value,2026-08-03T21:57:58Z
2026-08-03T21:57:27Z,2026-08-03T23:57:27+0200,d07b3b2b-e83a-4999-877d-e2466ad53d7b,2026-07-25T15:45:00Z,2026-07-25T17:45:00+0200,40.0,EUR/MWh,BE,BE,day_ahead_price,value,2026-08-03T21:57:58Z
2026-08-03T21:57:27Z,2026-08-03T23:57:27+0200,d07b3b2b-e83a-4999-877d-e2466ad53d7b,2026-07-25T16:00:00Z,2026-07-25T18:00:00+0200,22.31,EUR/MWh,BE,BE,day_ahead_price,value,2026-08-03T21:57:58Z
2026-08-03T21:57:27Z,2026-08-03T23:57:27+0200,d07b3b2b-e83a-4999-877d-e2466ad53d7b,2026-07-25T16:15:00Z,2026-07-25T18:15:00+0200,95.39,EUR/MWh,BE,BE,day_ahead_price,value,2026-08-03T21:57:58Z
2026-08-03T21:57:27Z,2026-08-03T23:57:27+0200,d07b3b2b-e83a-4999-877d-e2466ad53d7b,2026-07-25T16:30:00Z,2026-07-25T18:30:00+0200,117.91,EUR/MWh,BE,BE,day_ahead_price,value,2026-08-03T21:57:58Z
2026-08-03T21:57:27Z,2026-08-03T23:57:27+0200,d07b3b2b-e83a-4999-877d-e2466ad53d7b,2026-07-25T16:45:00Z,2026-07-25T18:45:00+0200,139.38,EUR/MWh,BE,BE,day_ahead_price,value,2026-08-03T21:57:58Z
2026-08-03T21:57:27Z,2026-08-03T23:57:27+0200,d07b3b2b-e83a-4999-877d-e2466ad53d7b,2026-07-25T17:00:00Z,2026-07-25T19:00:00+0200,138.92,EUR/MWh,BE,BE,day_ahead_price,value,2026-08-03T21:57:58Z
2026-08-03T21:57:27Z,2026-08-03T23:57:27+0200,d07b3b2b-e83a-4999-877d-e2466ad53d7b,2026-07-25T17:15:00Z,2026-07-25T19:15:00+0200,150.88,EUR/MWh,BE,BE,day_ahead_price,value,2026-08-03T21:57:58Z
2026-08-03T21:57:27Z,2026-08-03T23:57:27+0200,d07b3b2b-e83a-4999-877d-e2466ad53d7b,2026-07-25T17:30:00Z,2026-07-25T19:30:00+0200,162.42,EUR/MWh,BE,BE,day_ahead_price,value,2026-08-03T21:57:58Z
2026-08-03T21:57:27Z,2026-08-03T23:57:27+0200,d07b3b2b-e83a-4999-877d-e2466ad53d7b,2026-07-25T17:45:00Z,2026-07-25T19:45:00+0200,171.81,EUR/MWh,BE,BE,day_ahead_price,value,2026-08-03T21:57:58Z
2026-08-03T21:57:27Z,2026-08-03T23:57:27+0200,d07b3b2b-e83a-4999-877d-e2466ad53d7b,2026-07-25T18:00:00Z,2026-07-25T20:00:00+0200,163.33,EUR/MWh,BE,BE,day_ahead_price,value,2026-08-03T21:57:58Z
2026-08-03T21:57:27Z,2026-08-03T23:57:27+0200,d07b3b2b-e83a-4999-877d-e2466ad53d7b,2026-07-25T18:15:00Z,2026-07-25T20:15:00+0200,174.62,EUR/MWh,BE,BE,day_ahead_price,value,2026-08-03T21:57:58Z
2026-08-03T21:57:27Z,2026-08-03T23:57:27+0200,d07b3b2b-e83a-4999-877d-e2466ad53d7b,2026-07-25T18:30:00Z,2026-07-25T20:30:00+0200,173.62,EUR/MWh,BE,BE,day_ahead_price,value,2026-08-03T21:57:58Z
2026-08-03T21:57:27Z,2026-08-03T23:57:27+0200,d07b3b2b-e83a-4999-877d-e2466ad53d7b,2026-07-25T18:45:00Z,2026-07-25T20:45:00+0200,170.57,EUR/MWh,BE,BE,day_ahead_price,value,2026-08-03T21:57:58Z
2026-08-03T21:57:27Z,2026-08-03T23:57:27+0200,d07b3b2b-e83a-4999-877d-e2466ad53d7b,2026-07-25T19:00:00Z,2026-07-25T21:00:00+0200,174.16,EUR/MWh,BE,BE,day_ahead_price,value,2026-08-03T21:57:58Z
2026-08-03T21:57:27Z,2026-08-03T23:57:27+0200,d07b3b2b-e83a-4999-877d-e2466ad53d7b,2026-07-25T19:15:00Z,2026-07-25T21:15:00+0200,171.56,EUR/MWh,BE,BE,day_ahead_price,value,2026-08-03T21:57:58Z
2026-08-03T21:57:27Z,2026-08-03T23:57:27+0200,d07b3b2b-e83a-4999-877d-e2466ad53d7b,2026-07-25T19:30:00Z,2026-07-25T21:30:00+0200,165.5,EUR/MWh,BE,BE,day_ahead_price,value,2026-08-03T21:57:58Z
2026-08-03T21:57:27Z,2026-08-03T23:57:27+0200,d07b3b2b-e83a-4999-877d-e2466ad53d7b,2026-07-25T19:45:00Z,2026-07-25T21:45:00+0200,164.78,EUR/MWh,BE,BE,day_ahead_price,value,2026-08-03T21:57:58Z
2026-08-03T21:57:27Z,2026-08-03T23:57:27+0200,d07b3b2b-e83a-4999-877d-e2466ad53d7b,2026-07-25T20:00:00Z,2026-07-25T22:00:00+0200,173.22,EUR/MWh,BE,BE,day_ahead_price,value,2026-08-03T21:57:58Z
2026-08-03T21:57:27Z,2026-08-03T23:57:27+0200,d07b3b2b-e83a-4999-877d-e2466ad53d7b,2026-07-25T20:15:00Z,2026-07-25T22:15:00+0200,165.16,EUR/MWh,BE,BE,day_ahead_price,value,2026-08-03T21:57:58Z
2026-08-03T21:57:27Z,2026-08-03T23:57:27+0200,d07b3b2b-e83a-4999-877d-e2466ad53d7b,2026-07-25T20:30:00Z,2026-07-25T22:30:00+0200,164.99,EUR/MWh,BE,BE,day_ahead_price,value,2026-08-03T21:57:58Z
2026-08-03T21:57:27Z,2026-08-03T23:57:27+0200,d07b3b2b-e83a-4999-877d-e2466ad53d7b,2026-07-25T20:45:00Z,2026-07-25T22:45:00+0200,158.56,EUR/MWh,BE,BE,day_ahead_price,value,2026-08-03T21:57:58Z
2026-08-03T21:57:27Z,2026-08-03T23:57:27+0200,d07b3b2b-e83a-4999-877d-e2466ad53d7b,2026-07-25T21:00:00Z,2026-07-25T23:00:00+0200,166.84,EUR/MWh,BE,BE,day_ahead_price,value,2026-08-03T21:57:58Z
2026-08-03T21:57:27Z,2026-08-03T23:57:27+0200,d07b3b2b-e83a-4999-877d-e2466ad53d7b,2026-07-25T21:15:00Z,2026-07-25T23:15:00+0200,160.33,EUR/MWh,BE,BE,day_ahead_price,value,2026-08-03T21:57:58Z
2026-08-03T21:57:27Z,2026-08-03T23:57:27+0200,d07b3b2b-e83a-4999-877d-e2466ad53d7b,2026-07-25T21:30:00Z,2026-07-25T23:30:00+0200,160.64,EUR/MWh,BE,BE,day_ahead_price,value,2026-08-03T21:57:58Z
2026-08-03T21:57:27Z,2026-08-03T23:57:27+0200,d07b3b2b-e83a-4999-877d-e2466ad53d7b,2026-07-25T21:45:00Z,2026-07-25T23:45:00+0200,152.19,EUR/MWh,BE,BE,day_ahead_price,value,2026-08-03T21:57:58Z
2026-08-03T21:57:27Z,2026-08-03T23:57:27+0200,d07b3b2b-e83a-4999-877d-e2466ad53d7b,2026-07-25T22:00:00Z,2026-07-26T00:00:00+0200,147.69,EUR/MWh,BE,BE,day_ahead_price,value,2026-08-03T21:57:58Z
2026-08-03T21:57:27Z,2026-08-03T23:57:27+0200,d07b3b2b-e83a-4999-877d-e2466ad53d7b,2026-07-25T22:15:00Z,2026-07-26T00:15:00+0200,153.86,EUR/MWh,BE,BE,day_ahead_price,value,2026-08-03T21:57:58Z
2026-08-03T21:57:27Z,2026-08-03T23:57:27+0200,d07b3b2b-e83a-4999-877d-e2466ad53d7b,2026-07-25T22:30:00Z,2026-07-26T00:30:00+0200,160.12,EUR/MWh,BE,BE,day_ahead_price,value,2026-08-03T21:57:58Z
2026-08-03T21:57:27Z,2026-08-03T23:57:27+0200,d07b3b2b-e83a-4999-877d-e2466ad53d7b,2026-07-25T22:45:00Z,2026-07-26T00:45:00+0200,162.7,EUR/MWh,BE,BE,day_ahead_price,value,2026-08-03T21:57:58Z
2026-08-03T21:57:27Z,2026-08-03T23:57:27+0200,d07b3b2b-e83a-4999-877d-e2466ad53d7b,2026-07-25T23:00:00Z,2026-07-26T01:00:00+0200,172.61,EUR/MWh,BE,BE,day_ahead_price,value,2026-08-03T21:57:58Z
2026-08-03T21:57:27Z,2026-08-03T23:57:27+0200,d07b3b2b-e83a-4999-877d-e2466ad53d7b,2026-07-25T23:15:00Z,2026-07-26T01:15:00+0200,173.65,EUR/MWh,BE,BE,day_ahead_price,value,2026-08-03T21:57:58Z
2026-08-03T21:57:27Z,2026-08-03T23:57:27+0200,d07b3b2b-e83a-4999-877d-e2466ad53d7b,2026-07-25T23:30:00Z,2026-07-26T01:30:00+0200,160.66,EUR/MWh,BE,BE,day_ahead_price,value,2026-08-03T21:57:58Z
2026-08-03T21:57:27Z,2026-08-03T23:57:27+0200,d07b3b2b-e83a-4999-877d-e2466ad53d7b,2026-07-25T23:45:00Z,2026-07-26T01:45:00+0200,161.44,EUR/MWh,BE,BE,day_ahead_price,value,2026-08-03T21:57:58Z
2026-08-03T21:57:27Z,2026-08-03T23:57:27+0200,d07b3b2b-e83a-4999-877d-e2466ad53d7b,2026-07-26T00:00:00Z,2026-07-26T02:00:00+0200,141.71,EUR/MWh,BE,BE,day_ahead_price,value,2026-08-03T21:57:58Z
2026-08-03T21:57:27Z,2026-08-03T23:57:27+0200,d07b3b2b-e83a-4999-877d-e2466ad53d7b,2026-07-26T00:15:00Z,2026-07-26T02:15:00+0200,141.74,EUR/MWh,BE,BE,day_ahead_price,value,2026-08-03T21:57:58Z
2026-08-03T21:57:27Z,2026-08-03T23:57:27+0200,d07b3b2b-e83a-4999-877d-e2466ad53d7b,2026-07-26T00:30:00Z,2026-07-26T02:30:00+0200,145.0,EUR/MWh,BE,BE,day_ahead_price,value,2026-08-03T21:57:58Z
2026-08-03T21:57:27Z,2026-08-03T23:57:27+0200,d07b3b2b-e83a-4999-877d-e2466ad53d7b,2026-07-26T00:45:00Z,2026-07-26T02:45:00+0200,159.58,EUR/MWh,BE,BE,day_ahead_price,value,2026-08-03T21:57:58Z
2026-08-03T21:57:27Z,2026-08-03T23:57:27+0200,d07b3b2b-e83a-4999-877d-e2466ad53d7b,2026-07-26T01:00:00Z,2026-07-26T03:00:00+0200,144.11,EUR/MWh,BE,BE,day_ahead_price,value,2026-08-03T21:57:58Z
2026-08-03T21:57:27Z,2026-08-03T23:57:27+0200,d07b3b2b-e83a-4999-877d-e2466ad53d7b,2026-07-26T01:15:00Z,2026-07-26T03:15:00+0200,147.9,EUR/MWh,BE,BE,day_ahead_price,value,2026-08-03T21:57:58Z
2026-08-03T21:57:27Z,2026-08-03T23:57:27+0200,d07b3b2b-e83a-4999-877d-e2466ad53d7b,2026-07-26T01:30:00Z,2026-07-26T03:30:00+0200,144.92,EUR/MWh,BE,BE,day_ahead_price,value,2026-08-03T21:57:58Z
2026-08-03T21:57:27Z,2026-08-03T23:57:27+0200,d07b3b2b-e83a-4999-877d-e2466ad53d7b,2026-07-26T01:45:00Z,2026-07-26T03:45:00+0200,142.96,EUR/MWh,BE,BE,day_ahead_price,value,2026-08-03T21:57:58Z
2026-08-03T21:57:27Z,2026-08-03T23:57:27+0200,d07b3b2b-e83a-4999-877d-e2466ad53d7b,2026-07-26T02:00:00Z,2026-07-26T04:00:00+0200,149.41,EUR/MWh,BE,BE,day_ahead_price,value,2026-08-03T21:57:58Z
2026-08-03T21:57:27Z,2026-08-03T23:57:27+0200,d07b3b2b-e83a-4999-877d-e2466ad53d7b,2026-07-26T02:15:00Z,2026-07-26T04:15:00+0200,140.48,EUR/MWh,BE,BE,day_ahead_price,value,2026-08-03T21:57:58Z
2026-08-03T21:57:27Z,2026-08-03T23:57:27+0200,d07b3b2b-e83a-4999-877d-e2466ad53d7b,2026-07-26T02:30:00Z,2026-07-26T04:30:00+0200,138.37,EUR/MWh,BE,BE,day_ahead_price,value,2026-08-03T21:57:58Z
2026-08-03T21:57:27Z,2026-08-03T23:57:27+0200,d07b3b2b-e83a-4999-877d-e2466ad53d7b,2026-07-26T02:45:00Z,2026-07-26T04:45:00+0200,135.97,EUR/MWh,BE,BE,day_ahead_price,value,2026-08-03T21:57:58Z
2026-08-03T21:57:27Z,2026-08-03T23:57:27+0200,d07b3b2b-e83a-4999-877d-e2466ad53d7b,2026-07-26T03:00:00Z,2026-07-26T05:00:00+0200,135.29,EUR/MWh,BE,BE,day_ahead_price,value,2026-08-03T21:57:58Z
2026-08-03T21:57:27Z,2026-08-03T23:57:27+0200,d07b3b2b-e83a-4999-877d-e2466ad53d7b,2026-07-26T03:15:00Z,2026-07-26T05:15:00+0200,133.57,EUR/MWh,BE,BE,day_ahead_price,value,2026-08-03T21:57:58Z
2026-08-03T21:57:27Z,2026-08-03T23:57:27+0200,d07b3b2b-e83a-4999-877d-e2466ad53d7b,2026-07-26T03:30:00Z,2026-07-26T05:30:00+0200,133.14,EUR/MWh,BE,BE,day_ahead_price,value,2026-08-03T21:57:58Z
2026-08-03T21:57:27Z,2026-08-03T23:57:27+0200,d07b3b2b-e83a-4999-877d-e2466ad53d7b,2026-07-26T03:45:00Z,2026-07-26T05:45:00+0200,138.25,EUR/MWh,BE,BE,day_ahead_price,value,2026-08-03T21:57:58Z
2026-08-03T21:57:27Z,2026-08-03T23:57:27+0200,d07b3b2b-e83a-4999-877d-e2466ad53d7b,2026-07-26T04:00:00Z,2026-07-26T06:00:00+0200,122.9,EUR/MWh,BE,BE,day_ahead_price,value,2026-08-03T21:57:58Z
2026-08-03T21:57:27Z,2026-08-03T23:57:27+0200,d07b3b2b-e83a-4999-877d-e2466ad53d7b,2026-07-26T04:15:00Z,2026-07-26T06:15:00+0200,116.76,EUR/MWh,BE,BE,day_ahead_price,value,2026-08-03T21:57:58Z
2026-08-03T21:57:27Z,2026-08-03T23:57:27+0200,d07b3b2b-e83a-4999-877d-e2466ad53d7b,2026-07-26T04:30:00Z,2026-07-26T06:30:00+0200,110.89,EUR/MWh,BE,BE,day_ahead_price,value,2026-08-03T21:57:58Z
2026-08-03T21:57:27Z,2026-08-03T23:57:27+0200,d07b3b2b-e83a-4999-877d-e2466ad53d7b,2026-07-26T04:45:00Z,2026-07-26T06:45:00+0200,120.0,EUR/MWh,BE,BE,day_ahead_price,value,2026-08-03T21:57:58Z
2026-08-03T21:57:27Z,2026-08-03T23:57:27+0200,d07b3b2b-e83a-4999-877d-e2466ad53d7b,2026-07-26T05:00:00Z,2026-07-26T07:00:00+0200,108.73,EUR/MWh,BE,BE,day_ahead_price,value,2026-08-03T21:57:58Z
2026-08-03T21:57:27Z,2026-08-03T23:57:27+0200,d07b3b2b-e83a-4999-877d-e2466ad53d7b,2026-07-26T05:15:00Z,2026-07-26T07:15:00+0200,102.35,EUR/MWh,BE,BE,day_ahead_price,value,2026-08-03T21:57:58Z
2026-08-03T21:57:27Z,2026-08-03T23:57:27+0200,d07b3b2b-e83a-4999-877d-e2466ad53d7b,2026-07-26T05:30:00Z,2026-07-26T07:30:00+0200,106.5,EUR/MWh,BE,BE,day_ahead_price,value,2026-08-03T21:57:58Z
2026-08-03T21:57:27Z,2026-08-03T23:57:27+0200,d07b3b2b-e83a-4999-877d-e2466ad53d7b,2026-07-26T05:45:00Z,2026-07-26T07:45:00+0200,107.78,EUR/MWh,BE,BE,day_ahead_price,value,2026-08-03T21:57:58Z
2026-08-03T21:57:27Z,2026-08-03T23:57:27+0200,d07b3b2b-e83a-4999-877d-e2466ad53d7b,2026-07-26T06:00:00Z,2026-07-26T08:00:00+0200,100.69,EUR/MWh,BE,BE,day_ahead_price,value,2026-08-03T21:57:58Z
2026-08-03T21:57:27Z,2026-08-03T23:57:27+0200,d07b3b2b-e83a-4999-877d-e2466ad53d7b,2026-07-26T06:15:00Z,2026-07-26T08:15:00+0200,113.3,EUR/MWh,BE,BE,day_ahead_price,value,2026-08-03T21:57:58Z
2026-08-03T21:57:27Z,2026-08-03T23:57:27+0200,d07b3b2b-e83a-4999-877d-e2466ad53d7b,2026-07-26T06:30:00Z,2026-07-26T08:30:00+0200,88.98,EUR/MWh,BE,BE,day_ahead_price,value,2026-08-03T21:57:58Z
2026-08-03T21:57:27Z,2026-08-03T23:57:27+0200,d07b3b2b-e83a-4999-877d-e2466ad53d7b,2026-07-26T06:45:00Z,2026-07-26T08:45:00+0200,90.0,EUR/MWh,BE,BE,day_ahead_price,value,2026-08-03T21:57:58Z
2026-08-03T21:57:27Z,2026-08-03T23:57:27+0200,d07b3b2b-e83a-4999-877d-e2466ad53d7b,2026-07-26T07:00:00Z,2026-07-26T09:00:00+0200,93.22,EUR/MWh,BE,BE,day_ahead_price,value,2026-08-03T21:57:58Z
2026-08-03T21:57:27Z,2026-08-03T23:57:27+0200,d07b3b2b-e83a-4999-877d-e2466ad53d7b,2026-07-26T07:15:00Z,2026-07-26T09:15:00+0200,72.74,EUR/MWh,BE,BE,day_ahead_price,value,2026-08-03T21:57:58Z
2026-08-03T21:57:27Z,2026-08-03T23:57:27+0200,d07b3b2b-e83a-4999-877d-e2466ad53d7b,2026-07-26T07:30:00Z,2026-07-26T09:30:00+0200,46.38,EUR/MWh,BE,BE,day_ahead_price,value,2026-08-03T21:57:58Z
2026-08-03T21:57:27Z,2026-08-03T23:57:27+0200,d07b3b2b-e83a-4999-877d-e2466ad53d7b,2026-07-26T07:45:00Z,2026-07-26T09:45:00+0200,10.87,EUR/MWh,BE,BE,day_ahead_price,value,2026-08-03T21:57:58Z
2026-08-03T21:57:27Z,2026-08-03T23:57:27+0200,d07b3b2b-e83a-4999-877d-e2466ad53d7b,2026-07-26T08:00:00Z,2026-07-26T10:00:00+0200,57.47,EUR/MWh,BE,BE,day_ahead_price,value,2026-08-03T21:57:58Z
2026-08-03T21:57:27Z,2026-08-03T23:57:27+0200,d07b3b2b-e83a-4999-877d-e2466ad53d7b,2026-07-26T08:15:00Z,2026-07-26T10:15:00+0200,14.28,EUR/MWh,BE,BE,day_ahead_price,value,2026-08-03T21:57:58Z
2026-08-03T21:57:27Z,2026-08-03T23:57:27+0200,d07b3b2b-e83a-4999-877d-e2466ad53d7b,2026-07-26T08:30:00Z,2026-07-26T10:30:00+0200,0.33,EUR/MWh,BE,BE,day_ahead_price,value,2026-08-03T21:57:58Z
2026-08-03T21:57:27Z,2026-08-03T23:57:27+0200,d07b3b2b-e83a-4999-877d-e2466ad53d7b,2026-07-26T08:45:00Z,2026-07-26T10:45:00+0200,0.02,EUR/MWh,BE,BE,day_ahead_price,value,2026-08-03T21:57:58Z
2026-08-03T21:57:27Z,2026-08-03T23:57:27+0200,d07b3b2b-e83a-4999-877d-e2466ad53d7b,2026-07-26T09:00:00Z,2026-07-26T11:00:00+0200,0.01,EUR/MWh,BE,BE,day_ahead_price,value,2026-08-03T21:57:58Z
2026-08-03T21:57:27Z,2026-08-03T23:57:27+0200,d07b3b2b-e83a-4999-877d-e2466ad53d7b,2026-07-26T09:15:00Z,2026-07-26T11:15:00+0200,-0.01,EUR/MWh,BE,BE,day_ahead_price,value,2026-08-03T21:57:58Z
2026-08-03T21:57:27Z,2026-08-03T23:57:27+0200,d07b3b2b-e83a-4999-877d-e2466ad53d7b,2026-07-26T09:30:00Z,2026-07-26T11:30:00+0200,-0.01,EUR/MWh,BE,BE,day_ahead_price,value,2026-08-03T21:57:58Z
2026-08-03T21:57:27Z,2026-08-03T23:57:27+0200,d07b3b2b-e83a-4999-877d-e2466ad53d7b,2026-07-26T09:45:00Z,2026-07-26T11:45:00+0200,0.04,EUR/MWh,BE,BE,day_ahead_price,value,2026-08-03T21:57:58Z
2026-08-03T21:57:27Z,2026-08-03T23:57:27+0200,d07b3b2b-e83a-4999-877d-e2466ad53d7b,2026-07-26T10:00:00Z,2026-07-26T12:00:00+0200,0.01,EUR/MWh,BE,BE,day_ahead_price,value,2026-08-03T21:57:58Z
2026-08-03T21:57:27Z,2026-08-03T23:57:27+0200,d07b3b2b-e83a-4999-877d-e2466ad53d7b,2026-07-26T10:15:00Z,2026-07-26T12:15:00+0200,0.0,EUR/MWh,BE,BE,day_ahead_price,value,2026-08-03T21:57:58Z
2026-08-03T21:57:27Z,2026-08-03T23:57:27+0200,d07b3b2b-e83a-4999-877d-e2466ad53d7b,2026-07-26T10:30:00Z,2026-07-26T12:30:00+0200,-0.06,EUR/MWh,BE,BE,day_ahead_price,value,2026-08-03T21:57:58Z
2026-08-03T21:57:27Z,2026-08-03T23:57:27+0200,d07b3b2b-e83a-4999-877d-e2466ad53d7b,2026-07-26T10:45:00Z,2026-07-26T12:45:00+0200,-0.1,EUR/MWh,BE,BE,day_ahead_price,value,2026-08-03T21:57:58Z
2026-08-03T21:57:27Z,2026-08-03T23:57:27+0200,d07b3b2b-e83a-4999-877d-e2466ad53d7b,2026-07-26T11:00:00Z,2026-07-26T13:00:00+0200,-0.12,EUR/MWh,BE,BE,day_ahead_price,value,2026-08-03T21:57:58Z
2026-08-03T21:57:27Z,2026-08-03T23:57:27+0200,d07b3b2b-e83a-4999-877d-e2466ad53d7b,2026-07-26T11:15:00Z,2026-07-26T13:15:00+0200,-0.12,EUR/MWh,BE,BE,day_ahead_price,value,2026-08-03T21:57:58Z
2026-08-03T21:57:27Z,2026-08-03T23:57:27+0200,d07b3b2b-e83a-4999-877d-e2466ad53d7b,2026-07-26T11:30:00Z,2026-07-26T13:30:00+0200,-0.12,EUR/MWh,BE,BE,day_ahead_price,value,2026-08-03T21:57:58Z
2026-08-03T21:57:27Z,2026-08-03T23:57:27+0200,d07b3b2b-e83a-4999-877d-e2466ad53d7b,2026-07-26T11:45:00Z,2026-07-26T13:45:00+0200,-0.7,EUR/MWh,BE,BE,day_ahead_price,value,2026-08-03T21:57:58Z
2026-08-03T21:57:27Z,2026-08-03T23:57:27+0200,d07b3b2b-e83a-4999-877d-e2466ad53d7b,2026-07-26T12:00:00Z,2026-07-26T14:00:00+0200,-0.66,EUR/MWh,BE,BE,day_ahead_price,value,2026-08-03T21:57:58Z
2026-08-03T21:57:27Z,2026-08-03T23:57:27+0200,d07b3b2b-e83a-4999-877d-e2466ad53d7b,2026-07-26T12:15:00Z,2026-07-26T14:15:00+0200,-0.62,EUR/MWh,BE,BE,day_ahead_price,value,2026-08-03T21:57:58Z
2026-08-03T21:57:27Z,2026-08-03T23:57:27+0200,d07b3b2b-e83a-4999-877d-e2466ad53d7b,2026-07-26T12:30:00Z,2026-07-26T14:30:00+0200,-0.62,EUR/MWh,BE,BE,day_ahead_price,value,2026-08-03T21:57:58Z
2026-08-03T21:57:27Z,2026-08-03T23:57:27+0200,d07b3b2b-e83a-4999-877d-e2466ad53d7b,2026-07-26T12:45:00Z,2026-07-26T14:45:00+0200,-0.62,EUR/MWh,BE,BE,day_ahead_price,value,2026-08-03T21:57:58Z
2026-08-03T21:57:27Z,2026-08-03T23:57:27+0200,d07b3b2b-e83a-4999-877d-e2466ad53d7b,2026-07-26T13:00:00Z,2026-07-26T15:00:00+0200,-0.82,EUR/MWh,BE,BE,day_ahead_price,value,2026-08-03T21:57:58Z
2026-08-03T21:57:27Z,2026-08-03T23:57:27+0200,d07b3b2b-e83a-4999-877d-e2466ad53d7b,2026-07-26T13:15:00Z,2026-07-26T15:15:00+0200,-0.84,EUR/MWh,BE,BE,day_ahead_price,value,2026-08-03T21:57:58Z
2026-08-03T21:57:27Z,2026-08-03T23:57:27+0200,d07b3b2b-e83a-4999-877d-e2466ad53d7b,2026-07-26T13:30:00Z,2026-07-26T15:30:00+0200,-0.89,EUR/MWh,BE,BE,day_ahead_price,value,2026-08-03T21:57:58Z
2026-08-03T21:57:27Z,2026-08-03T23:57:27+0200,d07b3b2b-e83a-4999-877d-e2466ad53d7b,2026-07-26T13:45:00Z,2026-07-26T15:45:00+0200,-0.87,EUR/MWh,BE,BE,day_ahead_price,value,2026-08-03T21:57:58Z
2026-08-03T21:57:27Z,2026-08-03T23:57:27+0200,d07b3b2b-e83a-4999-877d-e2466ad53d7b,2026-07-26T14:00:00Z,2026-07-26T16:00:00+0200,-0.35,EUR/MWh,BE,BE,day_ahead_price,value,2026-08-03T21:57:58Z
2026-08-03T21:57:27Z,2026-08-03T23:57:27+0200,d07b3b2b-e83a-4999-877d-e2466ad53d7b,2026-07-26T14:15:00Z,2026-07-26T16:15:00+0200,-0.19,EUR/MWh,BE,BE,day_ahead_price,value,2026-08-03T21:57:58Z
2026-08-03T21:57:27Z,2026-08-03T23:57:27+0200,d07b3b2b-e83a-4999-877d-e2466ad53d7b,2026-07-26T14:30:00Z,2026-07-26T16:30:00+0200,-0.34,EUR/MWh,BE,BE,day_ahead_price,value,2026-08-03T21:57:58Z
2026-08-03T21:57:27Z,2026-08-03T23:57:27+0200,d07b3b2b-e83a-4999-877d-e2466ad53d7b,2026-07-26T14:45:00Z,2026-07-26T16:45:00+0200,1.8,EUR/MWh,BE,BE,day_ahead_price,value,2026-08-03T21:57:58Z
2026-08-03T21:57:27Z,2026-08-03T23:57:27+0200,d07b3b2b-e83a-4999-877d-e2466ad53d7b,2026-07-26T15:00:00Z,2026-07-26T17:00:00+0200,3.56,EUR/MWh,BE,BE,day_ahead_price,value,2026-08-03T21:57:58Z
2026-08-03T21:57:27Z,2026-08-03T23:57:27+0200,d07b3b2b-e83a-4999-877d-e2466ad53d7b,2026-07-26T15:15:00Z,2026-07-26T17:15:00+0200,25.38,EUR/MWh,BE,BE,day_ahead_price,value,2026-08-03T21:57:58Z
2026-08-03T21:57:27Z,2026-08-03T23:57:27+0200,d07b3b2b-e83a-4999-877d-e2466ad53d7b,2026-07-26T15:30:00Z,2026-07-26T17:30:00+0200,55.11,EUR/MWh,BE,BE,day_ahead_price,value,2026-08-03T21:57:58Z
2026-08-03T21:57:27Z,2026-08-03T23:57:27+0200,d07b3b2b-e83a-4999-877d-e2466ad53d7b,2026-07-26T15:45:00Z,2026-07-26T17:45:00+0200,89.91,EUR/MWh,BE,BE,day_ahead_price,value,2026-08-03T21:57:58Z
2026-08-03T21:57:27Z,2026-08-03T23:57:27+0200,d07b3b2b-e83a-4999-877d-e2466ad53d7b,2026-07-26T16:00:00Z,2026-07-26T18:00:00+0200,57.53,EUR/MWh,BE,BE,day_ahead_price,value,2026-08-03T21:57:58Z
2026-08-03T21:57:27Z,2026-08-03T23:57:27+0200,d07b3b2b-e83a-4999-877d-e2466ad53d7b,2026-07-26T16:15:00Z,2026-07-26T18:15:00+0200,79.73,EUR/MWh,BE,BE,day_ahead_price,value,2026-08-03T21:57:58Z
2026-08-03T21:57:27Z,2026-08-03T23:57:27+0200,d07b3b2b-e83a-4999-877d-e2466ad53d7b,2026-07-26T16:30:00Z,2026-07-26T18:30:00+0200,104.48,EUR/MWh,BE,BE,day_ahead_price,value,2026-08-03T21:57:58Z
2026-08-03T21:57:27Z,2026-08-03T23:57:27+0200,d07b3b2b-e83a-4999-877d-e2466ad53d7b,2026-07-26T16:45:00Z,2026-07-26T18:45:00+0200,110.67,EUR/MWh,BE,BE,day_ahead_price,value,2026-08-03T21:57:58Z
2026-08-03T21:57:27Z,2026-08-03T23:57:27+0200,d07b3b2b-e83a-4999-877d-e2466ad53d7b,2026-07-26T17:00:00Z,2026-07-26T19:00:00+0200,113.41,EUR/MWh,BE,BE,day_ahead_price,value,2026-08-03T21:57:58Z
2026-08-03T21:57:27Z,2026-08-03T23:57:27+0200,d07b3b2b-e83a-4999-877d-e2466ad53d7b,2026-07-26T17:15:00Z,2026-07-26T19:15:00+0200,122.16,EUR/MWh,BE,BE,day_ahead_price,value,2026-08-03T21:57:58Z
2026-08-03T21:57:27Z,2026-08-03T23:57:27+0200,d07b3b2b-e83a-4999-877d-e2466ad53d7b,2026-07-26T17:30:00Z,2026-07-26T19:30:00+0200,129.76,EUR/MWh,BE,BE,day_ahead_price,value,2026-08-03T21:57:58Z
2026-08-03T21:57:27Z,2026-08-03T23:57:27+0200,d07b3b2b-e83a-4999-877d-e2466ad53d7b,2026-07-26T17:45:00Z,2026-07-26T19:45:00+0200,138.08,EUR/MWh,BE,BE,day_ahead_price,value,2026-08-03T21:57:58Z
2026-08-03T21:57:27Z,2026-08-03T23:57:27+0200,d07b3b2b-e83a-4999-877d-e2466ad53d7b,2026-07-26T18:00:00Z,2026-07-26T20:00:00+0200,144.11,EUR/MWh,BE,BE,day_ahead_price,value,2026-08-03T21:57:58Z
2026-08-03T21:57:27Z,2026-08-03T23:57:27+0200,d07b3b2b-e83a-4999-877d-e2466ad53d7b,2026-07-26T18:15:00Z,2026-07-26T20:15:00+0200,152.0,EUR/MWh,BE,BE,day_ahead_price,value,2026-08-03T21:57:58Z
2026-08-03T21:57:27Z,2026-08-03T23:57:27+0200,d07b3b2b-e83a-4999-877d-e2466ad53d7b,2026-07-26T18:30:00Z,2026-07-26T20:30:00+0200,152.3,EUR/MWh,BE,BE,day_ahead_price,value,2026-08-03T21:57:58Z
2026-08-03T21:57:27Z,2026-08-03T23:57:27+0200,d07b3b2b-e83a-4999-877d-e2466ad53d7b,2026-07-26T18:45:00Z,2026-07-26T20:45:00+0200,156.09,EUR/MWh,BE,BE,day_ahead_price,value,2026-08-03T21:57:58Z
2026-08-03T21:57:27Z,2026-08-03T23:57:27+0200,d07b3b2b-e83a-4999-877d-e2466ad53d7b,2026-07-26T19:00:00Z,2026-07-26T21:00:00+0200,155.28,EUR/MWh,BE,BE,day_ahead_price,value,2026-08-03T21:57:58Z
2026-08-03T21:57:27Z,2026-08-03T23:57:27+0200,d07b3b2b-e83a-4999-877d-e2466ad53d7b,2026-07-26T19:15:00Z,2026-07-26T21:15:00+0200,160.0,EUR/MWh,BE,BE,day_ahead_price,value,2026-08-03T21:57:58Z
2026-08-03T21:57:27Z,2026-08-03T23:57:27+0200,d07b3b2b-e83a-4999-877d-e2466ad53d7b,2026-07-26T19:30:00Z,2026-07-26T21:30:00+0200,158.55,EUR/MWh,BE,BE,day_ahead_price,value,2026-08-03T21:57:58Z
2026-08-03T21:57:27Z,2026-08-03T23:57:27+0200,d07b3b2b-e83a-4999-877d-e2466ad53d7b,2026-07-26T19:45:00Z,2026-07-26T21:45:00+0200,155.34,EUR/MWh,BE,BE,day_ahead_price,value,2026-08-03T21:57:58Z
2026-08-03T21:57:27Z,2026-08-03T23:57:27+0200,d07b3b2b-e83a-4999-877d-e2466ad53d7b,2026-07-26T20:00:00Z,2026-07-26T22:00:00+0200,168.84,EUR/MWh,BE,BE,day_ahead_price,value,2026-08-03T21:57:58Z
2026-08-03T21:57:27Z,2026-08-03T23:57:27+0200,d07b3b2b-e83a-4999-877d-e2466ad53d7b,2026-07-26T20:15:00Z,2026-07-26T22:15:00+0200,152.07,EUR/MWh,BE,BE,day_ahead_price,value,2026-08-03T21:57:58Z
2026-08-03T21:57:27Z,2026-08-03T23:57:27+0200,d07b3b2b-e83a-4999-877d-e2466ad53d7b,2026-07-26T20:30:00Z,2026-07-26T22:30:00+0200,147.98,EUR/MWh,BE,BE,day_ahead_price,value,2026-08-03T21:57:58Z
2026-08-03T21:57:27Z,2026-08-03T23:57:27+0200,d07b3b2b-e83a-4999-877d-e2466ad53d7b,2026-07-26T20:45:00Z,2026-07-26T22:45:00+0200,139.84,EUR/MWh,BE,BE,day_ahead_price,value,2026-08-03T21:57:58Z
2026-08-03T21:57:27Z,2026-08-03T23:57:27+0200,d07b3b2b-e83a-4999-877d-e2466ad53d7b,2026-07-26T21:00:00Z,2026-07-26T23:00:00+0200,145.35,EUR/MWh,BE,BE,day_ahead_price,value,2026-08-03T21:57:58Z
2026-08-03T21:57:27Z,2026-08-03T23:57:27+0200,d07b3b2b-e83a-4999-877d-e2466ad53d7b,2026-07-26T21:15:00Z,2026-07-26T23:15:00+0200,138.09,EUR/MWh,BE,BE,day_ahead_price,value,2026-08-03T21:57:58Z
2026-08-03T21:57:27Z,2026-08-03T23:57:27+0200,d07b3b2b-e83a-4999-877d-e2466ad53d7b,2026-07-26T21:30:00Z,2026-07-26T23:30:00+0200,136.73,EUR/MWh,BE,BE,day_ahead_price,value,2026-08-03T21:57:58Z
2026-08-03T21:57:27Z,2026-08-03T23:57:27+0200,d07b3b2b-e83a-4999-877d-e2466ad53d7b,2026-07-26T21:45:00Z,2026-07-26T23:45:00+0200,127.01,EUR/MWh,BE,BE,day_ahead_price,value,2026-08-03T21:57:58Z
2026-08-03T21:57:27Z,2026-08-03T23:57:27+0200,d07b3b2b-e83a-4999-877d-e2466ad53d7b,2026-07-26T22:00:00Z,2026-07-27T00:00:00+0200,73.32,EUR/MWh,BE,BE,day_ahead_price,value,2026-08-03T21:57:58Z
2026-08-03T21:57:27Z,2026-08-03T23:57:27+0200,d07b3b2b-e83a-4999-877d-e2466ad53d7b,2026-07-26T22:15:00Z,2026-07-27T00:15:00+0200,76.3,EUR/MWh,BE,BE,day_ahead_price,value,2026-08-03T21:57:58Z
2026-08-03T21:57:27Z,2026-08-03T23:57:27+0200,d07b3b2b-e83a-4999-877d-e2466ad53d7b,2026-07-26T22:30:00Z,2026-07-27T00:30:00+0200,73.97,EUR/MWh,BE,BE,day_ahead_price,value,2026-08-03T21:57:58Z
2026-08-03T21:57:27Z,2026-08-03T23:57:27+0200,d07b3b2b-e83a-4999-877d-e2466ad53d7b,2026-07-26T22:45:00Z,2026-07-27T00:45:00+0200,67.86,EUR/MWh,BE,BE,day_ahead_price,value,2026-08-03T21:57:58Z
2026-08-03T21:57:27Z,2026-08-03T23:57:27+0200,d07b3b2b-e83a-4999-877d-e2466ad53d7b,2026-07-26T23:00:00Z,2026-07-27T01:00:00+0200,73.92,EUR/MWh,BE,BE,day_ahead_price,value,2026-08-03T21:57:58Z
2026-08-03T21:57:27Z,2026-08-03T23:57:27+0200,d07b3b2b-e83a-4999-877d-e2466ad53d7b,2026-07-26T23:15:00Z,2026-07-27T01:15:00+0200,67.05,EUR/MWh,BE,BE,day_ahead_price,value,2026-08-03T21:57:58Z
2026-08-03T21:57:27Z,2026-08-03T23:57:27+0200,d07b3b2b-e83a-4999-877d-e2466ad53d7b,2026-07-26T23:30:00Z,2026-07-27T01:30:00+0200,68.14,EUR/MWh,BE,BE,day_ahead_price,value,2026-08-03T21:57:58Z
2026-08-03T21:57:27Z,2026-08-03T23:57:27+0200,d07b3b2b-e83a-4999-877d-e2466ad53d7b,2026-07-26T23:45:00Z,2026-07-27T01:45:00+0200,55.83,EUR/MWh,BE,BE,day_ahead_price,value,2026-08-03T21:57:58Z
2026-08-03T21:57:27Z,2026-08-03T23:57:27+0200,d07b3b2b-e83a-4999-877d-e2466ad53d7b,2026-07-27T00:00:00Z,2026-07-27T02:00:00+0200,62.09,EUR/MWh,BE,BE,day_ahead_price,value,2026-08-03T21:57:58Z
2026-08-03T21:57:27Z,2026-08-03T23:57:27+0200,d07b3b2b-e83a-4999-877d-e2466ad53d7b,2026-07-27T00:15:00Z,2026-07-27T02:15:00+0200,50.8,EUR/MWh,BE,BE,day_ahead_price,value,2026-08-03T21:57:58Z
2026-08-03T21:57:27Z,2026-08-03T23:57:27+0200,d07b3b2b-e83a-4999-877d-e2466ad53d7b,2026-07-27T00:30:00Z,2026-07-27T02:30:00+0200,65.02,EUR/MWh,BE,BE,day_ahead_price,value,2026-08-03T21:57:58Z
2026-08-03T21:57:27Z,2026-08-03T23:57:27+0200,d07b3b2b-e83a-4999-877d-e2466ad53d7b,2026-07-27T00:45:00Z,2026-07-27T02:45:00+0200,56.52,EUR/MWh,BE,BE,day_ahead_price,value,2026-08-03T21:57:58Z
2026-08-03T21:57:27Z,2026-08-03T23:57:27+0200,d07b3b2b-e83a-4999-877d-e2466ad53d7b,2026-07-27T01:00:00Z,2026-07-27T03:00:00+0200,58.45,EUR/MWh,BE,BE,day_ahead_price,value,2026-08-03T21:57:58Z
2026-08-03T21:57:27Z,2026-08-03T23:57:27+0200,d07b3b2b-e83a-4999-877d-e2466ad53d7b,2026-07-27T01:15:00Z,2026-07-27T03:15:00+0200,53.3,EUR/MWh,BE,BE,day_ahead_price,value,2026-08-03T21:57:58Z
2026-08-03T21:57:27Z,2026-08-03T23:57:27+0200,d07b3b2b-e83a-4999-877d-e2466ad53d7b,2026-07-27T01:30:00Z,2026-07-27T03:30:00+0200,50.49,EUR/MWh,BE,BE,day_ahead_price,value,2026-08-03T21:57:58Z
2026-08-03T21:57:27Z,2026-08-03T23:57:27+0200,d07b3b2b-e83a-4999-877d-e2466ad53d7b,2026-07-27T01:45:00Z,2026-07-27T03:45:00+0200,53.85,EUR/MWh,BE,BE,day_ahead_price,value,2026-08-03T21:57:58Z
2026-08-03T21:57:27Z,2026-08-03T23:57:27+0200,d07b3b2b-e83a-4999-877d-e2466ad53d7b,2026-07-27T02:00:00Z,2026-07-27T04:00:00+0200,60.42,EUR/MWh,BE,BE,day_ahead_price,value,2026-08-03T21:57:58Z
2026-08-03T21:57:27Z,2026-08-03T23:57:27+0200,d07b3b2b-e83a-4999-877d-e2466ad53d7b,2026-07-27T02:15:00Z,2026-07-27T04:15:00+0200,58.16,EUR/MWh,BE,BE,day_ahead_price,value,2026-08-03T21:57:58Z
2026-08-03T21:57:27Z,2026-08-03T23:57:27+0200,d07b3b2b-e83a-4999-877d-e2466ad53d7b,2026-07-27T02:30:00Z,2026-07-27T04:30:00+0200,58.71,EUR/MWh,BE,BE,day_ahead_price,value,2026-08-03T21:57:58Z
2026-08-03T21:57:27Z,2026-08-03T23:57:27+0200,d07b3b2b-e83a-4999-877d-e2466ad53d7b,2026-07-27T02:45:00Z,2026-07-27T04:45:00+0200,74.75,EUR/MWh,BE,BE,day_ahead_price,value,2026-08-03T21:57:58Z
2026-08-03T21:57:27Z,2026-08-03T23:57:27+0200,d07b3b2b-e83a-4999-877d-e2466ad53d7b,2026-07-27T03:00:00Z,2026-07-27T05:00:00+0200,55.78,EUR/MWh,BE,BE,day_ahead_price,value,2026-08-03T21:57:58Z
2026-08-03T21:57:27Z,2026-08-03T23:57:27+0200,d07b3b2b-e83a-4999-877d-e2466ad53d7b,2026-07-27T03:15:00Z,2026-07-27T05:15:00+0200,86.17,EUR/MWh,BE,BE,day_ahead_price,value,2026-08-03T21:57:58Z
2026-08-03T21:57:27Z,2026-08-03T23:57:27+0200,d07b3b2b-e83a-4999-877d-e2466ad53d7b,2026-07-27T03:30:00Z,2026-07-27T05:30:00+0200,100.99,EUR/MWh,BE,BE,day_ahead_price,value,2026-08-03T21:57:58Z
2026-08-03T21:57:27Z,2026-08-03T23:57:27+0200,d07b3b2b-e83a-4999-877d-e2466ad53d7b,2026-07-27T03:45:00Z,2026-07-27T05:45:00+0200,115.03,EUR/MWh,BE,BE,day_ahead_price,value,2026-08-03T21:57:58Z
2026-08-03T21:57:27Z,2026-08-03T23:57:27+0200,d07b3b2b-e83a-4999-877d-e2466ad53d7b,2026-07-27T04:00:00Z,2026-07-27T06:00:00+0200,100.93,EUR/MWh,BE,BE,day_ahead_price,value,2026-08-03T21:57:58Z
2026-08-03T21:57:27Z,2026-08-03T23:57:27+0200,d07b3b2b-e83a-4999-877d-e2466ad53d7b,2026-07-27T04:15:00Z,2026-07-27T06:15:00+0200,116.43,EUR/MWh,BE,BE,day_ahead_price,value,2026-08-03T21:57:58Z
2026-08-03T21:57:27Z,2026-08-03T23:57:27+0200,d07b3b2b-e83a-4999-877d-e2466ad53d7b,2026-07-27T04:30:00Z,2026-07-27T06:30:00+0200,116.45,EUR/MWh,BE,BE,day_ahead_price,value,2026-08-03T21:57:58Z
2026-08-03T21:57:27Z,2026-08-03T23:57:27+0200,d07b3b2b-e83a-4999-877d-e2466ad53d7b,2026-07-27T04:45:00Z,2026-07-27T06:45:00+0200,129.67,EUR/MWh,BE,BE,day_ahead_price,value,2026-08-03T21:57:58Z
2026-08-03T21:57:27Z,2026-08-03T23:57:27+0200,d07b3b2b-e83a-4999-877d-e2466ad53d7b,2026-07-27T05:00:00Z,2026-07-27T07:00:00+0200,135.1,EUR/MWh,BE,BE,day_ahead_price,value,2026-08-03T21:57:58Z
2026-08-03T21:57:27Z,2026-08-03T23:57:27+0200,d07b3b2b-e83a-4999-877d-e2466ad53d7b,2026-07-27T05:15:00Z,2026-07-27T07:15:00+0200,133.94,EUR/MWh,BE,BE,day_ahead_price,value,2026-08-03T21:57:58Z
2026-08-03T21:57:27Z,2026-08-03T23:57:27+0200,d07b3b2b-e83a-4999-877d-e2466ad53d7b,2026-07-27T05:30:00Z,2026-07-27T07:30:00+0200,126.33,EUR/MWh,BE,BE,day_ahead_price,value,2026-08-03T21:57:58Z
2026-08-03T21:57:27Z,2026-08-03T23:57:27+0200,d07b3b2b-e83a-4999-877d-e2466ad53d7b,2026-07-27T05:45:00Z,2026-07-27T07:45:00+0200,124.02,EUR/MWh,BE,BE,day_ahead_price,value,2026-08-03T21:57:58Z
2026-08-03T21:57:27Z,2026-08-03T23:57:27+0200,d07b3b2b-e83a-4999-877d-e2466ad53d7b,2026-07-27T06:00:00Z,2026-07-27T08:00:00+0200,146.72,EUR/MWh,BE,BE,day_ahead_price,value,2026-08-03T21:57:58Z
2026-08-03T21:57:27Z,2026-08-03T23:57:27+0200,d07b3b2b-e83a-4999-877d-e2466ad53d7b,2026-07-27T06:15:00Z,2026-07-27T08:15:00+0200,133.13,EUR/MWh,BE,BE,day_ahead_price,value,2026-08-03T21:57:58Z
2026-08-03T21:57:27Z,2026-08-03T23:57:27+0200,d07b3b2b-e83a-4999-877d-e2466ad53d7b,2026-07-27T06:30:00Z,2026-07-27T08:30:00+0200,112.18,EUR/MWh,BE,BE,day_ahead_price,value,2026-08-03T21:57:58Z
2026-08-03T21:57:27Z,2026-08-03T23:57:27+0200,d07b3b2b-e83a-4999-877d-e2466ad53d7b,2026-07-27T06:45:00Z,2026-07-27T08:45:00+0200,91.88,EUR/MWh,BE,BE,day_ahead_price,value,2026-08-03T21:57:58Z
2026-08-03T21:57:27Z,2026-08-03T23:57:27+0200,d07b3b2b-e83a-4999-877d-e2466ad53d7b,2026-07-27T07:00:00Z,2026-07-27T09:00:00+0200,107.37,EUR/MWh,BE,BE,day_ahead_price,value,2026-08-03T21:57:58Z
2026-08-03T21:57:27Z,2026-08-03T23:57:27+0200,d07b3b2b-e83a-4999-877d-e2466ad53d7b,2026-07-27T07:15:00Z,2026-07-27T09:15:00+0200,87.44,EUR/MWh,BE,BE,day_ahead_price,value,2026-08-03T21:57:58Z
2026-08-03T21:57:27Z,2026-08-03T23:57:27+0200,d07b3b2b-e83a-4999-877d-e2466ad53d7b,2026-07-27T07:30:00Z,2026-07-27T09:30:00+0200,72.2,EUR/MWh,BE,BE,day_ahead_price,value,2026-08-03T21:57:58Z
2026-08-03T21:57:27Z,2026-08-03T23:57:27+0200,d07b3b2b-e83a-4999-877d-e2466ad53d7b,2026-07-27T07:45:00Z,2026-07-27T09:45:00+0200,32.26,EUR/MWh,BE,BE,day_ahead_price,value,2026-08-03T21:57:58Z
2026-08-03T21:57:27Z,2026-08-03T23:57:27+0200,d07b3b2b-e83a-4999-877d-e2466ad53d7b,2026-07-27T08:00:00Z,2026-07-27T10:00:00+0200,55.3,EUR/MWh,BE,BE,day_ahead_price,value,2026-08-03T21:57:58Z
2026-08-03T21:57:27Z,2026-08-03T23:57:27+0200,d07b3b2b-e83a-4999-877d-e2466ad53d7b,2026-07-27T08:15:00Z,2026-07-27T10:15:00+0200,17.51,EUR/MWh,BE,BE,day_ahead_price,value,2026-08-03T21:57:58Z
2026-08-03T21:57:27Z,2026-08-03T23:57:27+0200,d07b3b2b-e83a-4999-877d-e2466ad53d7b,2026-07-27T08:30:00Z,2026-07-27T10:30:00+0200,13.38,EUR/MWh,BE,BE,day_ahead_price,value,2026-08-03T21:57:58Z
2026-08-03T21:57:27Z,2026-08-03T23:57:27+0200,d07b3b2b-e83a-4999-877d-e2466ad53d7b,2026-07-27T08:45:00Z,2026-07-27T10:45:00+0200,6.77,EUR/MWh,BE,BE,day_ahead_price,value,2026-08-03T21:57:58Z
2026-08-03T21:57:27Z,2026-08-03T23:57:27+0200,d07b3b2b-e83a-4999-877d-e2466ad53d7b,2026-07-27T09:00:00Z,2026-07-27T11:00:00+0200,7.98,EUR/MWh,BE,BE,day_ahead_price,value,2026-08-03T21:57:58Z
2026-08-03T21:57:27Z,2026-08-03T23:57:27+0200,d07b3b2b-e83a-4999-877d-e2466ad53d7b,2026-07-27T09:15:00Z,2026-07-27T11:15:00+0200,6.57,EUR/MWh,BE,BE,day_ahead_price,value,2026-08-03T21:57:58Z
2026-08-03T21:57:27Z,2026-08-03T23:57:27+0200,d07b3b2b-e83a-4999-877d-e2466ad53d7b,2026-07-27T09:30:00Z,2026-07-27T11:30:00+0200,0.69,EUR/MWh,BE,BE,day_ahead_price,value,2026-08-03T21:57:58Z
2026-08-03T21:57:27Z,2026-08-03T23:57:27+0200,d07b3b2b-e83a-4999-877d-e2466ad53d7b,2026-07-27T09:45:00Z,2026-07-27T11:45:00+0200,0.32,EUR/MWh,BE,BE,day_ahead_price,value,2026-08-03T21:57:58Z
2026-08-03T21:57:27Z,2026-08-03T23:57:27+0200,d07b3b2b-e83a-4999-877d-e2466ad53d7b,2026-07-27T10:00:00Z,2026-07-27T12:00:00+0200,0.47,EUR/MWh,BE,BE,day_ahead_price,value,2026-08-03T21:57:58Z
2026-08-03T21:57:27Z,2026-08-03T23:57:27+0200,d07b3b2b-e83a-4999-877d-e2466ad53d7b,2026-07-27T10:15:00Z,2026-07-27T12:15:00+0200,0.44,EUR/MWh,BE,BE,day_ahead_price,value,2026-08-03T21:57:58Z
2026-08-03T21:57:27Z,2026-08-03T23:57:27+0200,d07b3b2b-e83a-4999-877d-e2466ad53d7b,2026-07-27T10:30:00Z,2026-07-27T12:30:00+0200,0.41,EUR/MWh,BE,BE,day_ahead_price,value,2026-08-03T21:57:58Z
2026-08-03T21:57:27Z,2026-08-03T23:57:27+0200,d07b3b2b-e83a-4999-877d-e2466ad53d7b,2026-07-27T10:45:00Z,2026-07-27T12:45:00+0200,0.36,EUR/MWh,BE,BE,day_ahead_price,value,2026-08-03T21:57:58Z
2026-08-03T21:57:27Z,2026-08-03T23:57:27+0200,d07b3b2b-e83a-4999-877d-e2466ad53d7b,2026-07-27T11:00:00Z,2026-07-27T13:00:00+0200,9.94,EUR/MWh,BE,BE,day_ahead_price,value,2026-08-03T21:57:58Z
2026-08-03T21:57:27Z,2026-08-03T23:57:27+0200,d07b3b2b-e83a-4999-877d-e2466ad53d7b,2026-07-27T11:15:00Z,2026-07-27T13:15:00+0200,8.4,EUR/MWh,BE,BE,day_ahead_price,value,2026-08-03T21:57:58Z
2026-08-03T21:57:27Z,2026-08-03T23:57:27+0200,d07b3b2b-e83a-4999-877d-e2466ad53d7b,2026-07-27T11:30:00Z,2026-07-27T13:30:00+0200,6.12,EUR/MWh,BE,BE,day_ahead_price,value,2026-08-03T21:57:58Z
2026-08-03T21:57:27Z,2026-08-03T23:57:27+0200,d07b3b2b-e83a-4999-877d-e2466ad53d7b,2026-07-27T11:45:00Z,2026-07-27T13:45:00+0200,2.75,EUR/MWh,BE,BE,day_ahead_price,value,2026-08-03T21:57:58Z
2026-08-03T21:57:27Z,2026-08-03T23:57:27+0200,d07b3b2b-e83a-4999-877d-e2466ad53d7b,2026-07-27T12:00:00Z,2026-07-27T14:00:00+0200,-0.01,EUR/MWh,BE,BE,day_ahead_price,value,2026-08-03T21:57:58Z
2026-08-03T21:57:27Z,2026-08-03T23:57:27+0200,d07b3b2b-e83a-4999-877d-e2466ad53d7b,2026-07-27T12:15:00Z,2026-07-27T14:15:00+0200,-0.56,EUR/MWh,BE,BE,day_ahead_price,value,2026-08-03T21:57:58Z
2026-08-03T21:57:27Z,2026-08-03T23:57:27+0200,d07b3b2b-e83a-4999-877d-e2466ad53d7b,2026-07-27T12:30:00Z,2026-07-27T14:30:00+0200,-0.37,EUR/MWh,BE,BE,day_ahead_price,value,2026-08-03T21:57:58Z
2026-08-03T21:57:27Z,2026-08-03T23:57:27+0200,d07b3b2b-e83a-4999-877d-e2466ad53d7b,2026-07-27T12:45:00Z,2026-07-27T14:45:00+0200,-0.01,EUR/MWh,BE,BE,day_ahead_price,value,2026-08-03T21:57:58Z
2026-08-03T21:57:27Z,2026-08-03T23:57:27+0200,d07b3b2b-e83a-4999-877d-e2466ad53d7b,2026-07-27T13:00:00Z,2026-07-27T15:00:00+0200,-0.01,EUR/MWh,BE,BE,day_ahead_price,value,2026-08-03T21:57:58Z
2026-08-03T21:57:27Z,2026-08-03T23:57:27+0200,d07b3b2b-e83a-4999-877d-e2466ad53d7b,2026-07-27T13:15:00Z,2026-07-27T15:15:00+0200,0.03,EUR/MWh,BE,BE,day_ahead_price,value,2026-08-03T21:57:58Z
2026-08-03T21:57:27Z,2026-08-03T23:57:27+0200,d07b3b2b-e83a-4999-877d-e2466ad53d7b,2026-07-27T13:30:00Z,2026-07-27T15:30:00+0200,0.07,EUR/MWh,BE,BE,day_ahead_price,value,2026-08-03T21:57:58Z
2026-08-03T21:57:27Z,2026-08-03T23:57:27+0200,d07b3b2b-e83a-4999-877d-e2466ad53d7b,2026-07-27T13:45:00Z,2026-07-27T15:45:00+0200,0.02,EUR/MWh,BE,BE,day_ahead_price,value,2026-08-03T21:57:58Z
2026-08-03T21:57:27Z,2026-08-03T23:57:27+0200,d07b3b2b-e83a-4999-877d-e2466ad53d7b,2026-07-27T14:00:00Z,2026-07-27T16:00:00+0200,-0.03,EUR/MWh,BE,BE,day_ahead_price,value,2026-08-03T21:57:58Z
2026-08-03T21:57:27Z,2026-08-03T23:57:27+0200,d07b3b2b-e83a-4999-877d-e2466ad53d7b,2026-07-27T14:15:00Z,2026-07-27T16:15:00+0200,0.09,EUR/MWh,BE,BE,day_ahead_price,value,2026-08-03T21:57:58Z
2026-08-03T21:57:27Z,2026-08-03T23:57:27+0200,d07b3b2b-e83a-4999-877d-e2466ad53d7b,2026-07-27T14:30:00Z,2026-07-27T16:30:00+0200,0.01,EUR/MWh,BE,BE,day_ahead_price,value,2026-08-03T21:57:58Z
2026-08-03T21:57:27Z,2026-08-03T23:57:27+0200,d07b3b2b-e83a-4999-877d-e2466ad53d7b,2026-07-27T14:45:00Z,2026-07-27T16:45:00+0200,2.19,EUR/MWh,BE,BE,day_ahead_price,value,2026-08-03T21:57:58Z
2026-08-03T21:57:27Z,2026-08-03T23:57:27+0200,d07b3b2b-e83a-4999-877d-e2466ad53d7b,2026-07-27T15:00:00Z,2026-07-27T17:00:00+0200,0.02,EUR/MWh,BE,BE,day_ahead_price,value,2026-08-03T21:57:58Z
2026-08-03T21:57:27Z,2026-08-03T23:57:27+0200,d07b3b2b-e83a-4999-877d-e2466ad53d7b,2026-07-27T15:15:00Z,2026-07-27T17:15:00+0200,4.16,EUR/MWh,BE,BE,day_ahead_price,value,2026-08-03T21:57:58Z
2026-08-03T21:57:27Z,2026-08-03T23:57:27+0200,d07b3b2b-e83a-4999-877d-e2466ad53d7b,2026-07-27T15:30:00Z,2026-07-27T17:30:00+0200,15.52,EUR/MWh,BE,BE,day_ahead_price,value,2026-08-03T21:57:58Z
2026-08-03T21:57:27Z,2026-08-03T23:57:27+0200,d07b3b2b-e83a-4999-877d-e2466ad53d7b,2026-07-27T15:45:00Z,2026-07-27T17:45:00+0200,50.46,EUR/MWh,BE,BE,day_ahead_price,value,2026-08-03T21:57:58Z
2026-08-03T21:57:27Z,2026-08-03T23:57:27+0200,d07b3b2b-e83a-4999-877d-e2466ad53d7b,2026-07-27T16:00:00Z,2026-07-27T18:00:00+0200,54.42,EUR/MWh,BE,BE,day_ahead_price,value,2026-08-03T21:57:58Z
2026-08-03T21:57:27Z,2026-08-03T23:57:27+0200,d07b3b2b-e83a-4999-877d-e2466ad53d7b,2026-07-27T16:15:00Z,2026-07-27T18:15:00+0200,91.25,EUR/MWh,BE,BE,day_ahead_price,value,2026-08-03T21:57:58Z
2026-08-03T21:57:27Z,2026-08-03T23:57:27+0200,d07b3b2b-e83a-4999-877d-e2466ad53d7b,2026-07-27T16:30:00Z,2026-07-27T18:30:00+0200,111.41,EUR/MWh,BE,BE,day_ahead_price,value,2026-08-03T21:57:58Z
2026-08-03T21:57:27Z,2026-08-03T23:57:27+0200,d07b3b2b-e83a-4999-877d-e2466ad53d7b,2026-07-27T16:45:00Z,2026-07-27T18:45:00+0200,132.56,EUR/MWh,BE,BE,day_ahead_price,value,2026-08-03T21:57:58Z
2026-08-03T21:57:27Z,2026-08-03T23:57:27+0200,d07b3b2b-e83a-4999-877d-e2466ad53d7b,2026-07-27T17:00:00Z,2026-07-27T19:00:00+0200,118.36,EUR/MWh,BE,BE,day_ahead_price,value,2026-08-03T21:57:58Z
2026-08-03T21:57:27Z,2026-08-03T23:57:27+0200,d07b3b2b-e83a-4999-877d-e2466ad53d7b,2026-07-27T17:15:00Z,2026-07-27T19:15:00+0200,147.3,EUR/MWh,BE,BE,day_ahead_price,value,2026-08-03T21:57:58Z
2026-08-03T21:57:27Z,2026-08-03T23:57:27+0200,d07b3b2b-e83a-4999-877d-e2466ad53d7b,2026-07-27T17:30:00Z,2026-07-27T19:30:00+0200,157.63,EUR/MWh,BE,BE,day_ahead_price,value,2026-08-03T21:57:58Z
2026-08-03T21:57:27Z,2026-08-03T23:57:27+0200,d07b3b2b-e83a-4999-877d-e2466ad53d7b,2026-07-27T17:45:00Z,2026-07-27T19:45:00+0200,179.38,EUR/MWh,BE,BE,day_ahead_price,value,2026-08-03T21:57:58Z
2026-08-03T21:57:27Z,2026-08-03T23:57:27+0200,d07b3b2b-e83a-4999-877d-e2466ad53d7b,2026-07-27T18:00:00Z,2026-07-27T20:00:00+0200,154.48,EUR/MWh,BE,BE,day_ahead_price,value,2026-08-03T21:57:58Z
2026-08-03T21:57:27Z,2026-08-03T23:57:27+0200,d07b3b2b-e83a-4999-877d-e2466ad53d7b,2026-07-27T18:15:00Z,2026-07-27T20:15:00+0200,172.38,EUR/MWh,BE,BE,day_ahead_price,value,2026-08-03T21:57:58Z
2026-08-03T21:57:27Z,2026-08-03T23:57:27+0200,d07b3b2b-e83a-4999-877d-e2466ad53d7b,2026-07-27T18:30:00Z,2026-07-27T20:30:00+0200,180.22,EUR/MWh,BE,BE,day_ahead_price,value,2026-08-03T21:57:58Z
2026-08-03T21:57:27Z,2026-08-03T23:57:27+0200,d07b3b2b-e83a-4999-877d-e2466ad53d7b,2026-07-27T18:45:00Z,2026-07-27T20:45:00+0200,187.05,EUR/MWh,BE,BE,day_ahead_price,value,2026-08-03T21:57:58Z
2026-08-03T21:57:27Z,2026-08-03T23:57:27+0200,d07b3b2b-e83a-4999-877d-e2466ad53d7b,2026-07-27T19:00:00Z,2026-07-27T21:00:00+0200,183.1,EUR/MWh,BE,BE,day_ahead_price,value,2026-08-03T21:57:58Z
2026-08-03T21:57:27Z,2026-08-03T23:57:27+0200,d07b3b2b-e83a-4999-877d-e2466ad53d7b,2026-07-27T19:15:00Z,2026-07-27T21:15:00+0200,181.08,EUR/MWh,BE,BE,day_ahead_price,value,2026-08-03T21:57:58Z
2026-08-03T21:57:27Z,2026-08-03T23:57:27+0200,d07b3b2b-e83a-4999-877d-e2466ad53d7b,2026-07-27T19:30:00Z,2026-07-27T21:30:00+0200,177.16,EUR/MWh,BE,BE,day_ahead_price,value,2026-08-03T21:57:58Z
2026-08-03T21:57:27Z,2026-08-03T23:57:27+0200,d07b3b2b-e83a-4999-877d-e2466ad53d7b,2026-07-27T19:45:00Z,2026-07-27T21:45:00+0200,172.3,EUR/MWh,BE,BE,day_ahead_price,value,2026-08-03T21:57:58Z
2026-08-03T21:57:27Z,2026-08-03T23:57:27+0200,d07b3b2b-e83a-4999-877d-e2466ad53d7b,2026-07-27T20:00:00Z,2026-07-27T22:00:00+0200,183.12,EUR/MWh,BE,BE,day_ahead_price,value,2026-08-03T21:57:58Z
2026-08-03T21:57:27Z,2026-08-03T23:57:27+0200,d07b3b2b-e83a-4999-877d-e2466ad53d7b,2026-07-27T20:15:00Z,2026-07-27T22:15:00+0200,175.16,EUR/MWh,BE,BE,day_ahead_price,value,2026-08-03T21:57:58Z
2026-08-03T21:57:27Z,2026-08-03T23:57:27+0200,d07b3b2b-e83a-4999-877d-e2466ad53d7b,2026-07-27T20:30:00Z,2026-07-27T22:30:00+0200,176.39,EUR/MWh,BE,BE,day_ahead_price,value,2026-08-03T21:57:58Z
2026-08-03T21:57:27Z,2026-08-03T23:57:27+0200,d07b3b2b-e83a-4999-877d-e2466ad53d7b,2026-07-27T20:45:00Z,2026-07-27T22:45:00+0200,157.01,EUR/MWh,BE,BE,day_ahead_price,value,2026-08-03T21:57:58Z
2026-08-03T21:57:27Z,2026-08-03T23:57:27+0200,d07b3b2b-e83a-4999-877d-e2466ad53d7b,2026-07-27T21:00:00Z,2026-07-27T23:00:00+0200,162.23,EUR/MWh,BE,BE,day_ahead_price,value,2026-08-03T21:57:58Z
2026-08-03T21:57:27Z,2026-08-03T23:57:27+0200,d07b3b2b-e83a-4999-877d-e2466ad53d7b,2026-07-27T21:15:00Z,2026-07-27T23:15:00+0200,162.23,EUR/MWh,BE,BE,day_ahead_price,value,2026-08-03T21:57:58Z
2026-08-03T21:57:27Z,2026-08-03T23:57:27+0200,d07b3b2b-e83a-4999-877d-e2466ad53d7b,2026-07-27T21:30:00Z,2026-07-27T23:30:00+0200,162.82,EUR/MWh,BE,BE,day_ahead_price,value,2026-08-03T21:57:58Z
2026-08-03T21:57:27Z,2026-08-03T23:57:27+0200,d07b3b2b-e83a-4999-877d-e2466ad53d7b,2026-07-27T21:45:00Z,2026-07-27T23:45:00+0200,149.64,EUR/MWh,BE,BE,day_ahead_price,value,2026-08-03T21:57:58Z
2026-08-03T21:57:27Z,2026-08-03T23:57:27+0200,d07b3b2b-e83a-4999-877d-e2466ad53d7b,2026-07-27T22:00:00Z,2026-07-28T00:00:00+0200,179.64,EUR/MWh,BE,BE,day_ahead_price,value,2026-08-03T21:57:58Z
2026-08-03T21:57:27Z,2026-08-03T23:57:27+0200,d07b3b2b-e83a-4999-877d-e2466ad53d7b,2026-07-27T22:15:00Z,2026-07-28T00:15:00+0200,170.4,EUR/MWh,BE,BE,day_ahead_price,value,2026-08-03T21:57:58Z
2026-08-03T21:57:27Z,2026-08-03T23:57:27+0200,d07b3b2b-e83a-4999-877d-e2466ad53d7b,2026-07-27T22:30:00Z,2026-07-28T00:30:00+0200,151.25,EUR/MWh,BE,BE,day_ahead_price,value,2026-08-03T21:57:58Z
2026-08-03T21:57:27Z,2026-08-03T23:57:27+0200,d07b3b2b-e83a-4999-877d-e2466ad53d7b,2026-07-27T22:45:00Z,2026-07-28T00:45:00+0200,142.26,EUR/MWh,BE,BE,day_ahead_price,value,2026-08-03T21:57:58Z
2026-08-03T21:57:27Z,2026-08-03T23:57:27+0200,d07b3b2b-e83a-4999-877d-e2466ad53d7b,2026-07-27T23:00:00Z,2026-07-28T01:00:00+0200,155.43,EUR/MWh,BE,BE,day_ahead_price,value,2026-08-03T21:57:58Z
2026-08-03T21:57:27Z,2026-08-03T23:57:27+0200,d07b3b2b-e83a-4999-877d-e2466ad53d7b,2026-07-27T23:15:00Z,2026-07-28T01:15:00+0200,150.0,EUR/MWh,BE,BE,day_ahead_price,value,2026-08-03T21:57:58Z
2026-08-03T21:57:27Z,2026-08-03T23:57:27+0200,d07b3b2b-e83a-4999-877d-e2466ad53d7b,2026-07-27T23:30:00Z,2026-07-28T01:30:00+0200,145.64,EUR/MWh,BE,BE,day_ahead_price,value,2026-08-03T21:57:58Z
2026-08-03T21:57:27Z,2026-08-03T23:57:27+0200,d07b3b2b-e83a-4999-877d-e2466ad53d7b,2026-07-27T23:45:00Z,2026-07-28T01:45:00+0200,144.13,EUR/MWh,BE,BE,day_ahead_price,value,2026-08-03T21:57:58Z
2026-08-03T21:57:27Z,2026-08-03T23:57:27+0200,d07b3b2b-e83a-4999-877d-e2466ad53d7b,2026-07-28T00:00:00Z,2026-07-28T02:00:00+0200,147.83,EUR/MWh,BE,BE,day_ahead_price,value,2026-08-03T21:57:58Z
2026-08-03T21:57:27Z,2026-08-03T23:57:27+0200,d07b3b2b-e83a-4999-877d-e2466ad53d7b,2026-07-28T00:15:00Z,2026-07-28T02:15:00+0200,142.8,EUR/MWh,BE,BE,day_ahead_price,value,2026-08-03T21:57:58Z
2026-08-03T21:57:27Z,2026-08-03T23:57:27+0200,d07b3b2b-e83a-4999-877d-e2466ad53d7b,2026-07-28T00:30:00Z,2026-07-28T02:30:00+0200,139.65,EUR/MWh,BE,BE,day_ahead_price,value,2026-08-03T21:57:58Z
2026-08-03T21:57:27Z,2026-08-03T23:57:27+0200,d07b3b2b-e83a-4999-877d-e2466ad53d7b,2026-07-28T00:45:00Z,2026-07-28T02:45:00+0200,138.17,EUR/MWh,BE,BE,day_ahead_price,value,2026-08-03T21:57:58Z
2026-08-03T21:57:27Z,2026-08-03T23:57:27+0200,d07b3b2b-e83a-4999-877d-e2466ad53d7b,2026-07-28T01:00:00Z,2026-07-28T03:00:00+0200,136.5,EUR/MWh,BE,BE,day_ahead_price,value,2026-08-03T21:57:58Z
2026-08-03T21:57:27Z,2026-08-03T23:57:27+0200,d07b3b2b-e83a-4999-877d-e2466ad53d7b,2026-07-28T01:15:00Z,2026-07-28T03:15:00+0200,133.51,EUR/MWh,BE,BE,day_ahead_price,value,2026-08-03T21:57:58Z
2026-08-03T21:57:27Z,2026-08-03T23:57:27+0200,d07b3b2b-e83a-4999-877d-e2466ad53d7b,2026-07-28T01:30:00Z,2026-07-28T03:30:00+0200,131.85,EUR/MWh,BE,BE,day_ahead_price,value,2026-08-03T21:57:58Z
2026-08-03T21:57:27Z,2026-08-03T23:57:27+0200,d07b3b2b-e83a-4999-877d-e2466ad53d7b,2026-07-28T01:45:00Z,2026-07-28T03:45:00+0200,132.58,EUR/MWh,BE,BE,day_ahead_price,value,2026-08-03T21:57:58Z
2026-08-03T21:57:27Z,2026-08-03T23:57:27+0200,d07b3b2b-e83a-4999-877d-e2466ad53d7b,2026-07-28T02:00:00Z,2026-07-28T04:00:00+0200,129.63,EUR/MWh,BE,BE,day_ahead_price,value,2026-08-03T21:57:58Z
2026-08-03T21:57:27Z,2026-08-03T23:57:27+0200,d07b3b2b-e83a-4999-877d-e2466ad53d7b,2026-07-28T02:15:00Z,2026-07-28T04:15:00+0200,130.93,EUR/MWh,BE,BE,day_ahead_price,value,2026-08-03T21:57:58Z
2026-08-03T21:57:27Z,2026-08-03T23:57:27+0200,d07b3b2b-e83a-4999-877d-e2466ad53d7b,2026-07-28T02:30:00Z,2026-07-28T04:30:00+0200,136.57,EUR/MWh,BE,BE,day_ahead_price,value,2026-08-03T21:57:58Z
2026-08-03T21:57:27Z,2026-08-03T23:57:27+0200,d07b3b2b-e83a-4999-877d-e2466ad53d7b,2026-07-28T02:45:00Z,2026-07-28T04:45:00+0200,140.1,EUR/MWh,BE,BE,day_ahead_price,value,2026-08-03T21:57:58Z
2026-08-03T21:57:27Z,2026-08-03T23:57:27+0200,d07b3b2b-e83a-4999-877d-e2466ad53d7b,2026-07-28T03:00:00Z,2026-07-28T05:00:00+0200,135.02,EUR/MWh,BE,BE,day_ahead_price,value,2026-08-03T21:57:58Z
2026-08-03T21:57:27Z,2026-08-03T23:57:27+0200,d07b3b2b-e83a-4999-877d-e2466ad53d7b,2026-07-28T03:15:00Z,2026-07-28T05:15:00+0200,141.76,EUR/MWh,BE,BE,day_ahead_price,value,2026-08-03T21:57:58Z
2026-08-03T21:57:27Z,2026-08-03T23:57:27+0200,d07b3b2b-e83a-4999-877d-e2466ad53d7b,2026-07-28T03:30:00Z,2026-07-28T05:30:00+0200,151.35,EUR/MWh,BE,BE,day_ahead_price,value,2026-08-03T21:57:58Z
2026-08-03T21:57:27Z,2026-08-03T23:57:27+0200,d07b3b2b-e83a-4999-877d-e2466ad53d7b,2026-07-28T03:45:00Z,2026-07-28T05:45:00+0200,159.61,EUR/MWh,BE,BE,day_ahead_price,value,2026-08-03T21:57:58Z
2026-08-03T21:57:27Z,2026-08-03T23:57:27+0200,d07b3b2b-e83a-4999-877d-e2466ad53d7b,2026-07-28T04:00:00Z,2026-07-28T06:00:00+0200,161.54,EUR/MWh,BE,BE,day_ahead_price,value,2026-08-03T21:57:58Z
2026-08-03T21:57:27Z,2026-08-03T23:57:27+0200,d07b3b2b-e83a-4999-877d-e2466ad53d7b,2026-07-28T04:15:00Z,2026-07-28T06:15:00+0200,162.27,EUR/MWh,BE,BE,day_ahead_price,value,2026-08-03T21:57:58Z
2026-08-03T21:57:27Z,2026-08-03T23:57:27+0200,d07b3b2b-e83a-4999-877d-e2466ad53d7b,2026-07-28T04:30:00Z,2026-07-28T06:30:00+0200,162.5,EUR/MWh,BE,BE,day_ahead_price,value,2026-08-03T21:57:58Z
2026-08-03T21:57:27Z,2026-08-03T23:57:27+0200,d07b3b2b-e83a-4999-877d-e2466ad53d7b,2026-07-28T04:45:00Z,2026-07-28T06:45:00+0200,159.3,EUR/MWh,BE,BE,day_ahead_price,value,2026-08-03T21:57:58Z
2026-08-03T21:57:27Z,2026-08-03T23:57:27+0200,d07b3b2b-e83a-4999-877d-e2466ad53d7b,2026-07-28T05:00:00Z,2026-07-28T07:00:00+0200,177.79,EUR/MWh,BE,BE,day_ahead_price,value,2026-08-03T21:57:58Z
2026-08-03T21:57:27Z,2026-08-03T23:57:27+0200,d07b3b2b-e83a-4999-877d-e2466ad53d7b,2026-07-28T05:15:00Z,2026-07-28T07:15:00+0200,168.01,EUR/MWh,BE,BE,day_ahead_price,value,2026-08-03T21:57:58Z
2026-08-03T21:57:27Z,2026-08-03T23:57:27+0200,d07b3b2b-e83a-4999-877d-e2466ad53d7b,2026-07-28T05:30:00Z,2026-07-28T07:30:00+0200,156.6,EUR/MWh,BE,BE,day_ahead_price,value,2026-08-03T21:57:58Z
2026-08-03T21:57:27Z,2026-08-03T23:57:27+0200,d07b3b2b-e83a-4999-877d-e2466ad53d7b,2026-07-28T05:45:00Z,2026-07-28T07:45:00+0200,147.92,EUR/MWh,BE,BE,day_ahead_price,value,2026-08-03T21:57:58Z
2026-08-03T21:57:27Z,2026-08-03T23:57:27+0200,d07b3b2b-e83a-4999-877d-e2466ad53d7b,2026-07-28T06:00:00Z,2026-07-28T08:00:00+0200,168.83,EUR/MWh,BE,BE,day_ahead_price,value,2026-08-03T21:57:58Z
2026-08-03T21:57:27Z,2026-08-03T23:57:27+0200,d07b3b2b-e83a-4999-877d-e2466ad53d7b,2026-07-28T06:15:00Z,2026-07-28T08:15:00+0200,158.15,EUR/MWh,BE,BE,day_ahead_price,value,2026-08-03T21:57:58Z
2026-08-03T21:57:27Z,2026-08-03T23:57:27+0200,d07b3b2b-e83a-4999-877d-e2466ad53d7b,2026-07-28T06:30:00Z,2026-07-28T08:30:00+0200,150.0,EUR/MWh,BE,BE,day_ahead_price,value,2026-08-03T21:57:58Z
2026-08-03T21:57:27Z,2026-08-03T23:57:27+0200,d07b3b2b-e83a-4999-877d-e2466ad53d7b,2026-07-28T06:45:00Z,2026-07-28T08:45:00+0200,153.18,EUR/MWh,BE,BE,day_ahead_price,value,2026-08-03T21:57:58Z
2026-08-03T21:57:27Z,2026-08-03T23:57:27+0200,d07b3b2b-e83a-4999-877d-e2466ad53d7b,2026-07-28T07:00:00Z,2026-07-28T09:00:00+0200,161.53,EUR/MWh,BE,BE,day_ahead_price,value,2026-08-03T21:57:58Z
2026-08-03T21:57:27Z,2026-08-03T23:57:27+0200,d07b3b2b-e83a-4999-877d-e2466ad53d7b,2026-07-28T07:15:00Z,2026-07-28T09:15:00+0200,148.78,EUR/MWh,BE,BE,day_ahead_price,value,2026-08-03T21:57:58Z
2026-08-03T21:57:27Z,2026-08-03T23:57:27+0200,d07b3b2b-e83a-4999-877d-e2466ad53d7b,2026-07-28T07:30:00Z,2026-07-28T09:30:00+0200,128.5,EUR/MWh,BE,BE,day_ahead_price,value,2026-08-03T21:57:58Z
2026-08-03T21:57:27Z,2026-08-03T23:57:27+0200,d07b3b2b-e83a-4999-877d-e2466ad53d7b,2026-07-28T07:45:00Z,2026-07-28T09:45:00+0200,141.07,EUR/MWh,BE,BE,day_ahead_price,value,2026-08-03T21:57:58Z
2026-08-03T21:57:27Z,2026-08-03T23:57:27+0200,d07b3b2b-e83a-4999-877d-e2466ad53d7b,2026-07-28T08:00:00Z,2026-07-28T10:00:00+0200,183.7,EUR/MWh,BE,BE,day_ahead_price,value,2026-08-03T21:57:58Z
2026-08-03T21:57:27Z,2026-08-03T23:57:27+0200,d07b3b2b-e83a-4999-877d-e2466ad53d7b,2026-07-28T08:15:00Z,2026-07-28T10:15:00+0200,91.86,EUR/MWh,BE,BE,day_ahead_price,value,2026-08-03T21:57:58Z
2026-08-03T21:57:27Z,2026-08-03T23:57:27+0200,d07b3b2b-e83a-4999-877d-e2466ad53d7b,2026-07-28T08:30:00Z,2026-07-28T10:30:00+0200,33.5,EUR/MWh,BE,BE,day_ahead_price,value,2026-08-03T21:57:58Z
2026-08-03T21:57:27Z,2026-08-03T23:57:27+0200,d07b3b2b-e83a-4999-877d-e2466ad53d7b,2026-07-28T08:45:00Z,2026-07-28T10:45:00+0200,4.78,EUR/MWh,BE,BE,day_ahead_price,value,2026-08-03T21:57:58Z
2026-08-03T21:57:27Z,2026-08-03T23:57:27+0200,d07b3b2b-e83a-4999-877d-e2466ad53d7b,2026-07-28T09:00:00Z,2026-07-28T11:00:00+0200,6.74,EUR/MWh,BE,BE,day_ahead_price,value,2026-08-03T21:57:58Z
2026-08-03T21:57:27Z,2026-08-03T23:57:27+0200,d07b3b2b-e83a-4999-877d-e2466ad53d7b,2026-07-28T09:15:00Z,2026-07-28T11:15:00+0200,9.39,EUR/MWh,BE,BE,day_ahead_price,value,2026-08-03T21:57:58Z
2026-08-03T21:57:27Z,2026-08-03T23:57:27+0200,d07b3b2b-e83a-4999-877d-e2466ad53d7b,2026-07-28T09:30:00Z,2026-07-28T11:30:00+0200,5.07,EUR/MWh,BE,BE,day_ahead_price,value,2026-08-03T21:57:58Z
2026-08-03T21:57:27Z,2026-08-03T23:57:27+0200,d07b3b2b-e83a-4999-877d-e2466ad53d7b,2026-07-28T09:45:00Z,2026-07-28T11:45:00+0200,2.36,EUR/MWh,BE,BE,day_ahead_price,value,2026-08-03T21:57:58Z
2026-08-03T21:57:27Z,2026-08-03T23:57:27+0200,d07b3b2b-e83a-4999-877d-e2466ad53d7b,2026-07-28T10:00:00Z,2026-07-28T12:00:00+0200,0.39,EUR/MWh,BE,BE,day_ahead_price,value,2026-08-03T21:57:58Z
2026-08-03T21:57:27Z,2026-08-03T23:57:27+0200,d07b3b2b-e83a-4999-877d-e2466ad53d7b,2026-07-28T10:15:00Z,2026-07-28T12:15:00+0200,0.32,EUR/MWh,BE,BE,day_ahead_price,value,2026-08-03T21:57:58Z
2026-08-03T21:57:27Z,2026-08-03T23:57:27+0200,d07b3b2b-e83a-4999-877d-e2466ad53d7b,2026-07-28T10:30:00Z,2026-07-28T12:30:00+0200,0.29,EUR/MWh,BE,BE,day_ahead_price,value,2026-08-03T21:57:58Z
2026-08-03T21:57:27Z,2026-08-03T23:57:27+0200,d07b3b2b-e83a-4999-877d-e2466ad53d7b,2026-07-28T10:45:00Z,2026-07-28T12:45:00+0200,0.28,EUR/MWh,BE,BE,day_ahead_price,value,2026-08-03T21:57:58Z
2026-08-03T21:57:27Z,2026-08-03T23:57:27+0200,d07b3b2b-e83a-4999-877d-e2466ad53d7b,2026-07-28T11:00:00Z,2026-07-28T13:00:00+0200,0.3,EUR/MWh,BE,BE,day_ahead_price,value,2026-08-03T21:57:58Z
2026-08-03T21:57:27Z,2026-08-03T23:57:27+0200,d07b3b2b-e83a-4999-877d-e2466ad53d7b,2026-07-28T11:15:00Z,2026-07-28T13:15:00+0200,0.26,EUR/MWh,BE,BE,day_ahead_price,value,2026-08-03T21:57:58Z
2026-08-03T21:57:27Z,2026-08-03T23:57:27+0200,d07b3b2b-e83a-4999-877d-e2466ad53d7b,2026-07-28T11:30:00Z,2026-07-28T13:30:00+0200,0.23,EUR/MWh,BE,BE,day_ahead_price,value,2026-08-03T21:57:58Z
2026-08-03T21:57:27Z,2026-08-03T23:57:27+0200,d07b3b2b-e83a-4999-877d-e2466ad53d7b,2026-07-28T11:45:00Z,2026-07-28T13:45:00+0200,0.17,EUR/MWh,BE,BE,day_ahead_price,value,2026-08-03T21:57:58Z
2026-08-03T21:57:27Z,2026-08-03T23:57:27+0200,d07b3b2b-e83a-4999-877d-e2466ad53d7b,2026-07-28T12:00:00Z,2026-07-28T14:00:00+0200,2.13,EUR/MWh,BE,BE,day_ahead_price,value,2026-08-03T21:57:58Z
2026-08-03T21:57:27Z,2026-08-03T23:57:27+0200,d07b3b2b-e83a-4999-877d-e2466ad53d7b,2026-07-28T12:15:00Z,2026-07-28T14:15:00+0200,2.55,EUR/MWh,BE,BE,day_ahead_price,value,2026-08-03T21:57:58Z
2026-08-03T21:57:27Z,2026-08-03T23:57:27+0200,d07b3b2b-e83a-4999-877d-e2466ad53d7b,2026-07-28T12:30:00Z,2026-07-28T14:30:00+0200,2.85,EUR/MWh,BE,BE,day_ahead_price,value,2026-08-03T21:57:58Z
2026-08-03T21:57:27Z,2026-08-03T23:57:27+0200,d07b3b2b-e83a-4999-877d-e2466ad53d7b,2026-07-28T12:45:00Z,2026-07-28T14:45:00+0200,3.41,EUR/MWh,BE,BE,day_ahead_price,value,2026-08-03T21:57:58Z
2026-08-03T21:57:27Z,2026-08-03T23:57:27+0200,d07b3b2b-e83a-4999-877d-e2466ad53d7b,2026-07-28T13:00:00Z,2026-07-28T15:00:00+0200,0.37,EUR/MWh,BE,BE,day_ahead_price,value,2026-08-03T21:57:58Z
2026-08-03T21:57:27Z,2026-08-03T23:57:27+0200,d07b3b2b-e83a-4999-877d-e2466ad53d7b,2026-07-28T13:15:00Z,2026-07-28T15:15:00+0200,1.28,EUR/MWh,BE,BE,day_ahead_price,value,2026-08-03T21:57:58Z
2026-08-03T21:57:27Z,2026-08-03T23:57:27+0200,d07b3b2b-e83a-4999-877d-e2466ad53d7b,2026-07-28T13:30:00Z,2026-07-28T15:30:00+0200,2.68,EUR/MWh,BE,BE,day_ahead_price,value,2026-08-03T21:57:58Z
2026-08-03T21:57:27Z,2026-08-03T23:57:27+0200,d07b3b2b-e83a-4999-877d-e2466ad53d7b,2026-07-28T13:45:00Z,2026-07-28T15:45:00+0200,9.02,EUR/MWh,BE,BE,day_ahead_price,value,2026-08-03T21:57:58Z
2026-08-03T21:57:27Z,2026-08-03T23:57:27+0200,d07b3b2b-e83a-4999-877d-e2466ad53d7b,2026-07-28T14:00:00Z,2026-07-28T16:00:00+0200,3.86,EUR/MWh,BE,BE,day_ahead_price,value,2026-08-03T21:57:58Z
2026-08-03T21:57:27Z,2026-08-03T23:57:27+0200,d07b3b2b-e83a-4999-877d-e2466ad53d7b,2026-07-28T14:15:00Z,2026-07-28T16:15:00+0200,14.16,EUR/MWh,BE,BE,day_ahead_price,value,2026-08-03T21:57:58Z
2026-08-03T21:57:27Z,2026-08-03T23:57:27+0200,d07b3b2b-e83a-4999-877d-e2466ad53d7b,2026-07-28T14:30:00Z,2026-07-28T16:30:00+0200,51.79,EUR/MWh,BE,BE,day_ahead_price,value,2026-08-03T21:57:58Z
2026-08-03T21:57:27Z,2026-08-03T23:57:27+0200,d07b3b2b-e83a-4999-877d-e2466ad53d7b,2026-07-28T14:45:00Z,2026-07-28T16:45:00+0200,84.41,EUR/MWh,BE,BE,day_ahead_price,value,2026-08-03T21:57:58Z
2026-08-03T21:57:27Z,2026-08-03T23:57:27+0200,d07b3b2b-e83a-4999-877d-e2466ad53d7b,2026-07-28T15:00:00Z,2026-07-28T17:00:00+0200,59.88,EUR/MWh,BE,BE,day_ahead_price,value,2026-08-03T21:57:58Z
2026-08-03T21:57:27Z,2026-08-03T23:57:27+0200,d07b3b2b-e83a-4999-877d-e2466ad53d7b,2026-07-28T15:15:00Z,2026-07-28T17:15:00+0200,99.16,EUR/MWh,BE,BE,day_ahead_price,value,2026-08-03T21:57:58Z
2026-08-03T21:57:27Z,2026-08-03T23:57:27+0200,d07b3b2b-e83a-4999-877d-e2466ad53d7b,2026-07-28T15:30:00Z,2026-07-28T17:30:00+0200,117.24,EUR/MWh,BE,BE,day_ahead_price,value,2026-08-03T21:57:58Z
2026-08-03T21:57:27Z,2026-08-03T23:57:27+0200,d07b3b2b-e83a-4999-877d-e2466ad53d7b,2026-07-28T15:45:00Z,2026-07-28T17:45:00+0200,139.72,EUR/MWh,BE,BE,day_ahead_price,value,2026-08-03T21:57:58Z
2026-08-03T21:57:27Z,2026-08-03T23:57:27+0200,d07b3b2b-e83a-4999-877d-e2466ad53d7b,2026-07-28T16:00:00Z,2026-07-28T18:00:00+0200,123.88,EUR/MWh,BE,BE,day_ahead_price,value,2026-08-03T21:57:58Z
2026-08-03T21:57:27Z,2026-08-03T23:57:27+0200,d07b3b2b-e83a-4999-877d-e2466ad53d7b,2026-07-28T16:15:00Z,2026-07-28T18:15:00+0200,151.78,EUR/MWh,BE,BE,day_ahead_price,value,2026-08-03T21:57:58Z
2026-08-03T21:57:27Z,2026-08-03T23:57:27+0200,d07b3b2b-e83a-4999-877d-e2466ad53d7b,2026-07-28T16:30:00Z,2026-07-28T18:30:00+0200,162.85,EUR/MWh,BE,BE,day_ahead_price,value,2026-08-03T21:57:58Z
2026-08-03T21:57:27Z,2026-08-03T23:57:27+0200,d07b3b2b-e83a-4999-877d-e2466ad53d7b,2026-07-28T16:45:00Z,2026-07-28T18:45:00+0200,172.54,EUR/MWh,BE,BE,day_ahead_price,value,2026-08-03T21:57:58Z
2026-08-03T21:57:27Z,2026-08-03T23:57:27+0200,d07b3b2b-e83a-4999-877d-e2466ad53d7b,2026-07-28T17:00:00Z,2026-07-28T19:00:00+0200,166.53,EUR/MWh,BE,BE,day_ahead_price,value,2026-08-03T21:57:58Z
2026-08-03T21:57:27Z,2026-08-03T23:57:27+0200,d07b3b2b-e83a-4999-877d-e2466ad53d7b,2026-07-28T17:15:00Z,2026-07-28T19:15:00+0200,180.16,EUR/MWh,BE,BE,day_ahead_price,value,2026-08-03T21:57:58Z
2026-08-03T21:57:27Z,2026-08-03T23:57:27+0200,d07b3b2b-e83a-4999-877d-e2466ad53d7b,2026-07-28T17:30:00Z,2026-07-28T19:30:00+0200,194.12,EUR/MWh,BE,BE,day_ahead_price,value,2026-08-03T21:57:58Z
2026-08-03T21:57:27Z,2026-08-03T23:57:27+0200,d07b3b2b-e83a-4999-877d-e2466ad53d7b,2026-07-28T17:45:00Z,2026-07-28T19:45:00+0200,217.09,EUR/MWh,BE,BE,day_ahead_price,value,2026-08-03T21:57:58Z
2026-08-03T21:57:27Z,2026-08-03T23:57:27+0200,d07b3b2b-e83a-4999-877d-e2466ad53d7b,2026-07-28T18:00:00Z,2026-07-28T20:00:00+0200,195.37,EUR/MWh,BE,BE,day_ahead_price,value,2026-08-03T21:57:58Z
2026-08-03T21:57:27Z,2026-08-03T23:57:27+0200,d07b3b2b-e83a-4999-877d-e2466ad53d7b,2026-07-28T18:15:00Z,2026-07-28T20:15:00+0200,204.57,EUR/MWh,BE,BE,day_ahead_price,value,2026-08-03T21:57:58Z
2026-08-03T21:57:27Z,2026-08-03T23:57:27+0200,d07b3b2b-e83a-4999-877d-e2466ad53d7b,2026-07-28T18:30:00Z,2026-07-28T20:30:00+0200,217.87,EUR/MWh,BE,BE,day_ahead_price,value,2026-08-03T21:57:58Z
2026-08-03T21:57:27Z,2026-08-03T23:57:27+0200,d07b3b2b-e83a-4999-877d-e2466ad53d7b,2026-07-28T18:45:00Z,2026-07-28T20:45:00+0200,235.95,EUR/MWh,BE,BE,day_ahead_price,value,2026-08-03T21:57:58Z
2026-08-03T21:57:27Z,2026-08-03T23:57:27+0200,d07b3b2b-e83a-4999-877d-e2466ad53d7b,2026-07-28T19:00:00Z,2026-07-28T21:00:00+0200,219.99,EUR/MWh,BE,BE,day_ahead_price,value,2026-08-03T21:57:58Z
2026-08-03T21:57:27Z,2026-08-03T23:57:27+0200,d07b3b2b-e83a-4999-877d-e2466ad53d7b,2026-07-28T19:15:00Z,2026-07-28T21:15:00+0200,213.91,EUR/MWh,BE,BE,day_ahead_price,value,2026-08-03T21:57:58Z
2026-08-03T21:57:27Z,2026-08-03T23:57:27+0200,d07b3b2b-e83a-4999-877d-e2466ad53d7b,2026-07-28T19:30:00Z,2026-07-28T21:30:00+0200,205.71,EUR/MWh,BE,BE,day_ahead_price,value,2026-08-03T21:57:58Z
2026-08-03T21:57:27Z,2026-08-03T23:57:27+0200,d07b3b2b-e83a-4999-877d-e2466ad53d7b,2026-07-28T19:45:00Z,2026-07-28T21:45:00+0200,200.1,EUR/MWh,BE,BE,day_ahead_price,value,2026-08-03T21:57:58Z
2026-08-03T21:57:27Z,2026-08-03T23:57:27+0200,d07b3b2b-e83a-4999-877d-e2466ad53d7b,2026-07-28T20:00:00Z,2026-07-28T22:00:00+0200,210.79,EUR/MWh,BE,BE,day_ahead_price,value,2026-08-03T21:57:58Z
2026-08-03T21:57:27Z,2026-08-03T23:57:27+0200,d07b3b2b-e83a-4999-877d-e2466ad53d7b,2026-07-28T20:15:00Z,2026-07-28T22:15:00+0200,197.06,EUR/MWh,BE,BE,day_ahead_price,value,2026-08-03T21:57:58Z
2026-08-03T21:57:27Z,2026-08-03T23:57:27+0200,d07b3b2b-e83a-4999-877d-e2466ad53d7b,2026-07-28T20:30:00Z,2026-07-28T22:30:00+0200,187.55,EUR/MWh,BE,BE,day_ahead_price,value,2026-08-03T21:57:58Z
2026-08-03T21:57:27Z,2026-08-03T23:57:27+0200,d07b3b2b-e83a-4999-877d-e2466ad53d7b,2026-07-28T20:45:00Z,2026-07-28T22:45:00+0200,180.43,EUR/MWh,BE,BE,day_ahead_price,value,2026-08-03T21:57:58Z
2026-08-03T21:57:27Z,2026-08-03T23:57:27+0200,d07b3b2b-e83a-4999-877d-e2466ad53d7b,2026-07-28T21:00:00Z,2026-07-28T23:00:00+0200,185.6,EUR/MWh,BE,BE,day_ahead_price,value,2026-08-03T21:57:58Z
2026-08-03T21:57:27Z,2026-08-03T23:57:27+0200,d07b3b2b-e83a-4999-877d-e2466ad53d7b,2026-07-28T21:15:00Z,2026-07-28T23:15:00+0200,158.65,EUR/MWh,BE,BE,day_ahead_price,value,2026-08-03T21:57:58Z
2026-08-03T21:57:27Z,2026-08-03T23:57:27+0200,d07b3b2b-e83a-4999-877d-e2466ad53d7b,2026-07-28T21:30:00Z,2026-07-28T23:30:00+0200,165.95,EUR/MWh,BE,BE,day_ahead_price,value,2026-08-03T21:57:58Z
2026-08-03T21:57:27Z,2026-08-03T23:57:27+0200,d07b3b2b-e83a-4999-877d-e2466ad53d7b,2026-07-28T21:45:00Z,2026-07-28T23:45:00+0200,160.78,EUR/MWh,BE,BE,day_ahead_price,value,2026-08-03T21:57:58Z
2026-08-03T21:57:27Z,2026-08-03T23:57:27+0200,d07b3b2b-e83a-4999-877d-e2466ad53d7b,2026-07-28T22:00:00Z,2026-07-29T00:00:00+0200,152.64,EUR/MWh,BE,BE,day_ahead_price,value,2026-08-03T21:57:58Z
2026-08-03T21:57:27Z,2026-08-03T23:57:27+0200,d07b3b2b-e83a-4999-877d-e2466ad53d7b,2026-07-28T22:15:00Z,2026-07-29T00:15:00+0200,129.65,EUR/MWh,BE,BE,day_ahead_price,value,2026-08-03T21:57:58Z
2026-08-03T21:57:27Z,2026-08-03T23:57:27+0200,d07b3b2b-e83a-4999-877d-e2466ad53d7b,2026-07-28T22:30:00Z,2026-07-29T00:30:00+0200,150.08,EUR/MWh,BE,BE,day_ahead_price,value,2026-08-03T21:57:58Z
2026-08-03T21:57:27Z,2026-08-03T23:57:27+0200,d07b3b2b-e83a-4999-877d-e2466ad53d7b,2026-07-28T22:45:00Z,2026-07-29T00:45:00+0200,143.7,EUR/MWh,BE,BE,day_ahead_price,value,2026-08-03T21:57:58Z
2026-08-03T21:57:27Z,2026-08-03T23:57:27+0200,d07b3b2b-e83a-4999-877d-e2466ad53d7b,2026-07-28T23:00:00Z,2026-07-29T01:00:00+0200,155.48,EUR/MWh,BE,BE,day_ahead_price,value,2026-08-03T21:57:58Z
2026-08-03T21:57:27Z,2026-08-03T23:57:27+0200,d07b3b2b-e83a-4999-877d-e2466ad53d7b,2026-07-28T23:15:00Z,2026-07-29T01:15:00+0200,143.49,EUR/MWh,BE,BE,day_ahead_price,value,2026-08-03T21:57:58Z
2026-08-03T21:57:27Z,2026-08-03T23:57:27+0200,d07b3b2b-e83a-4999-877d-e2466ad53d7b,2026-07-28T23:30:00Z,2026-07-29T01:30:00+0200,143.06,EUR/MWh,BE,BE,day_ahead_price,value,2026-08-03T21:57:58Z
2026-08-03T21:57:27Z,2026-08-03T23:57:27+0200,d07b3b2b-e83a-4999-877d-e2466ad53d7b,2026-07-28T23:45:00Z,2026-07-29T01:45:00+0200,137.47,EUR/MWh,BE,BE,day_ahead_price,value,2026-08-03T21:57:58Z
2026-08-03T21:57:27Z,2026-08-03T23:57:27+0200,d07b3b2b-e83a-4999-877d-e2466ad53d7b,2026-07-29T00:00:00Z,2026-07-29T02:00:00+0200,140.9,EUR/MWh,BE,BE,day_ahead_price,value,2026-08-03T21:57:58Z
2026-08-03T21:57:27Z,2026-08-03T23:57:27+0200,d07b3b2b-e83a-4999-877d-e2466ad53d7b,2026-07-29T00:15:00Z,2026-07-29T02:15:00+0200,138.32,EUR/MWh,BE,BE,day_ahead_price,value,2026-08-03T21:57:58Z
2026-08-03T21:57:27Z,2026-08-03T23:57:27+0200,d07b3b2b-e83a-4999-877d-e2466ad53d7b,2026-07-29T00:30:00Z,2026-07-29T02:30:00+0200,131.65,EUR/MWh,BE,BE,day_ahead_price,value,2026-08-03T21:57:58Z
2026-08-03T21:57:27Z,2026-08-03T23:57:27+0200,d07b3b2b-e83a-4999-877d-e2466ad53d7b,2026-07-29T00:45:00Z,2026-07-29T02:45:00+0200,131.2,EUR/MWh,BE,BE,day_ahead_price,value,2026-08-03T21:57:58Z
2026-08-03T21:57:27Z,2026-08-03T23:57:27+0200,d07b3b2b-e83a-4999-877d-e2466ad53d7b,2026-07-29T01:00:00Z,2026-07-29T03:00:00+0200,135.01,EUR/MWh,BE,BE,day_ahead_price,value,2026-08-03T21:57:58Z
2026-08-03T21:57:27Z,2026-08-03T23:57:27+0200,d07b3b2b-e83a-4999-877d-e2466ad53d7b,2026-07-29T01:15:00Z,2026-07-29T03:15:00+0200,135.15,EUR/MWh,BE,BE,day_ahead_price,value,2026-08-03T21:57:58Z
2026-08-03T21:57:27Z,2026-08-03T23:57:27+0200,d07b3b2b-e83a-4999-877d-e2466ad53d7b,2026-07-29T01:30:00Z,2026-07-29T03:30:00+0200,135.03,EUR/MWh,BE,BE,day_ahead_price,value,2026-08-03T21:57:58Z
2026-08-03T21:57:27Z,2026-08-03T23:57:27+0200,d07b3b2b-e83a-4999-877d-e2466ad53d7b,2026-07-29T01:45:00Z,2026-07-29T03:45:00+0200,134.82,EUR/MWh,BE,BE,day_ahead_price,value,2026-08-03T21:57:58Z
2026-08-03T21:57:27Z,2026-08-03T23:57:27+0200,d07b3b2b-e83a-4999-877d-e2466ad53d7b,2026-07-29T02:00:00Z,2026-07-29T04:00:00+0200,134.22,EUR/MWh,BE,BE,day_ahead_price,value,2026-08-03T21:57:58Z
2026-08-03T21:57:27Z,2026-08-03T23:57:27+0200,d07b3b2b-e83a-4999-877d-e2466ad53d7b,2026-07-29T02:15:00Z,2026-07-29T04:15:00+0200,138.14,EUR/MWh,BE,BE,day_ahead_price,value,2026-08-03T21:57:58Z
2026-08-03T21:57:27Z,2026-08-03T23:57:27+0200,d07b3b2b-e83a-4999-877d-e2466ad53d7b,2026-07-29T02:30:00Z,2026-07-29T04:30:00+0200,136.17,EUR/MWh,BE,BE,day_ahead_price,value,2026-08-03T21:57:58Z
2026-08-03T21:57:27Z,2026-08-03T23:57:27+0200,d07b3b2b-e83a-4999-877d-e2466ad53d7b,2026-07-29T02:45:00Z,2026-07-29T04:45:00+0200,140.18,EUR/MWh,BE,BE,day_ahead_price,value,2026-08-03T21:57:58Z
2026-08-03T21:57:27Z,2026-08-03T23:57:27+0200,d07b3b2b-e83a-4999-877d-e2466ad53d7b,2026-07-29T03:00:00Z,2026-07-29T05:00:00+0200,138.6,EUR/MWh,BE,BE,day_ahead_price,value,2026-08-03T21:57:58Z
2026-08-03T21:57:27Z,2026-08-03T23:57:27+0200,d07b3b2b-e83a-4999-877d-e2466ad53d7b,2026-07-29T03:15:00Z,2026-07-29T05:15:00+0200,137.47,EUR/MWh,BE,BE,day_ahead_price,value,2026-08-03T21:57:58Z
2026-08-03T21:57:27Z,2026-08-03T23:57:27+0200,d07b3b2b-e83a-4999-877d-e2466ad53d7b,2026-07-29T03:30:00Z,2026-07-29T05:30:00+0200,148.91,EUR/MWh,BE,BE,day_ahead_price,value,2026-08-03T21:57:58Z
2026-08-03T21:57:27Z,2026-08-03T23:57:27+0200,d07b3b2b-e83a-4999-877d-e2466ad53d7b,2026-07-29T03:45:00Z,2026-07-29T05:45:00+0200,158.78,EUR/MWh,BE,BE,day_ahead_price,value,2026-08-03T21:57:58Z
2026-08-03T21:57:27Z,2026-08-03T23:57:27+0200,d07b3b2b-e83a-4999-877d-e2466ad53d7b,2026-07-29T04:00:00Z,2026-07-29T06:00:00+0200,158.68,EUR/MWh,BE,BE,day_ahead_price,value,2026-08-03T21:57:58Z
2026-08-03T21:57:27Z,2026-08-03T23:57:27+0200,d07b3b2b-e83a-4999-877d-e2466ad53d7b,2026-07-29T04:15:00Z,2026-07-29T06:15:00+0200,166.19,EUR/MWh,BE,BE,day_ahead_price,value,2026-08-03T21:57:58Z
2026-08-03T21:57:27Z,2026-08-03T23:57:27+0200,d07b3b2b-e83a-4999-877d-e2466ad53d7b,2026-07-29T04:30:00Z,2026-07-29T06:30:00+0200,163.29,EUR/MWh,BE,BE,day_ahead_price,value,2026-08-03T21:57:58Z
2026-08-03T21:57:27Z,2026-08-03T23:57:27+0200,d07b3b2b-e83a-4999-877d-e2466ad53d7b,2026-07-29T04:45:00Z,2026-07-29T06:45:00+0200,163.85,EUR/MWh,BE,BE,day_ahead_price,value,2026-08-03T21:57:58Z
2026-08-03T21:57:27Z,2026-08-03T23:57:27+0200,d07b3b2b-e83a-4999-877d-e2466ad53d7b,2026-07-29T05:00:00Z,2026-07-29T07:00:00+0200,166.08,EUR/MWh,BE,BE,day_ahead_price,value,2026-08-03T21:57:58Z
2026-08-03T21:57:27Z,2026-08-03T23:57:27+0200,d07b3b2b-e83a-4999-877d-e2466ad53d7b,2026-07-29T05:15:00Z,2026-07-29T07:15:00+0200,165.03,EUR/MWh,BE,BE,day_ahead_price,value,2026-08-03T21:57:58Z
2026-08-03T21:57:27Z,2026-08-03T23:57:27+0200,d07b3b2b-e83a-4999-877d-e2466ad53d7b,2026-07-29T05:30:00Z,2026-07-29T07:30:00+0200,157.88,EUR/MWh,BE,BE,day_ahead_price,value,2026-08-03T21:57:58Z
2026-08-03T21:57:27Z,2026-08-03T23:57:27+0200,d07b3b2b-e83a-4999-877d-e2466ad53d7b,2026-07-29T05:45:00Z,2026-07-29T07:45:00+0200,142.91,EUR/MWh,BE,BE,day_ahead_price,value,2026-08-03T21:57:58Z
2026-08-03T21:57:27Z,2026-08-03T23:57:27+0200,d07b3b2b-e83a-4999-877d-e2466ad53d7b,2026-07-29T06:00:00Z,2026-07-29T08:00:00+0200,167.54,EUR/MWh,BE,BE,day_ahead_price,value,2026-08-03T21:57:58Z
2026-08-03T21:57:27Z,2026-08-03T23:57:27+0200,d07b3b2b-e83a-4999-877d-e2466ad53d7b,2026-07-29T06:15:00Z,2026-07-29T08:15:00+0200,152.83,EUR/MWh,BE,BE,day_ahead_price,value,2026-08-03T21:57:58Z
2026-08-03T21:57:27Z,2026-08-03T23:57:27+0200,d07b3b2b-e83a-4999-877d-e2466ad53d7b,2026-07-29T06:30:00Z,2026-07-29T08:30:00+0200,144.97,EUR/MWh,BE,BE,day_ahead_price,value,2026-08-03T21:57:58Z
2026-08-03T21:57:27Z,2026-08-03T23:57:27+0200,d07b3b2b-e83a-4999-877d-e2466ad53d7b,2026-07-29T06:45:00Z,2026-07-29T08:45:00+0200,124.88,EUR/MWh,BE,BE,day_ahead_price,value,2026-08-03T21:57:58Z
2026-08-03T21:57:27Z,2026-08-03T23:57:27+0200,d07b3b2b-e83a-4999-877d-e2466ad53d7b,2026-07-29T07:00:00Z,2026-07-29T09:00:00+0200,154.23,EUR/MWh,BE,BE,day_ahead_price,value,2026-08-03T21:57:58Z
2026-08-03T21:57:27Z,2026-08-03T23:57:27+0200,d07b3b2b-e83a-4999-877d-e2466ad53d7b,2026-07-29T07:15:00Z,2026-07-29T09:15:00+0200,127.46,EUR/MWh,BE,BE,day_ahead_price,value,2026-08-03T21:57:58Z
2026-08-03T21:57:27Z,2026-08-03T23:57:27+0200,d07b3b2b-e83a-4999-877d-e2466ad53d7b,2026-07-29T07:30:00Z,2026-07-29T09:30:00+0200,111.74,EUR/MWh,BE,BE,day_ahead_price,value,2026-08-03T21:57:58Z
2026-08-03T21:57:27Z,2026-08-03T23:57:27+0200,d07b3b2b-e83a-4999-877d-e2466ad53d7b,2026-07-29T07:45:00Z,2026-07-29T09:45:00+0200,111.53,EUR/MWh,BE,BE,day_ahead_price,value,2026-08-03T21:57:58Z
2026-08-03T21:57:27Z,2026-08-03T23:57:27+0200,d07b3b2b-e83a-4999-877d-e2466ad53d7b,2026-07-29T08:00:00Z,2026-07-29T10:00:00+0200,111.37,EUR/MWh,BE,BE,day_ahead_price,value,2026-08-03T21:57:58Z
2026-08-03T21:57:27Z,2026-08-03T23:57:27+0200,d07b3b2b-e83a-4999-877d-e2466ad53d7b,2026-07-29T08:15:00Z,2026-07-29T10:15:00+0200,101.61,EUR/MWh,BE,BE,day_ahead_price,value,2026-08-03T21:57:58Z
2026-08-03T21:57:27Z,2026-08-03T23:57:27+0200,d07b3b2b-e83a-4999-877d-e2466ad53d7b,2026-07-29T08:30:00Z,2026-07-29T10:30:00+0200,81.09,EUR/MWh,BE,BE,day_ahead_price,value,2026-08-03T21:57:58Z
2026-08-03T21:57:27Z,2026-08-03T23:57:27+0200,d07b3b2b-e83a-4999-877d-e2466ad53d7b,2026-07-29T08:45:00Z,2026-07-29T10:45:00+0200,50.1,EUR/MWh,BE,BE,day_ahead_price,value,2026-08-03T21:57:58Z
2026-08-03T21:57:27Z,2026-08-03T23:57:27+0200,d07b3b2b-e83a-4999-877d-e2466ad53d7b,2026-07-29T09:00:00Z,2026-07-29T11:00:00+0200,62.23,EUR/MWh,BE,BE,day_ahead_price,value,2026-08-03T21:57:58Z
2026-08-03T21:57:27Z,2026-08-03T23:57:27+0200,d07b3b2b-e83a-4999-877d-e2466ad53d7b,2026-07-29T09:15:00Z,2026-07-29T11:15:00+0200,32.8,EUR/MWh,BE,BE,day_ahead_price,value,2026-08-03T21:57:58Z
2026-08-03T21:57:27Z,2026-08-03T23:57:27+0200,d07b3b2b-e83a-4999-877d-e2466ad53d7b,2026-07-29T09:30:00Z,2026-07-29T11:30:00+0200,12.68,EUR/MWh,BE,BE,day_ahead_price,value,2026-08-03T21:57:58Z
2026-08-03T21:57:27Z,2026-08-03T23:57:27+0200,d07b3b2b-e83a-4999-877d-e2466ad53d7b,2026-07-29T09:45:00Z,2026-07-29T11:45:00+0200,8.43,EUR/MWh,BE,BE,day_ahead_price,value,2026-08-03T21:57:58Z
2026-08-03T21:57:27Z,2026-08-03T23:57:27+0200,d07b3b2b-e83a-4999-877d-e2466ad53d7b,2026-07-29T10:00:00Z,2026-07-29T12:00:00+0200,5.53,EUR/MWh,BE,BE,day_ahead_price,value,2026-08-03T21:57:58Z
2026-08-03T21:57:27Z,2026-08-03T23:57:27+0200,d07b3b2b-e83a-4999-877d-e2466ad53d7b,2026-07-29T10:15:00Z,2026-07-29T12:15:00+0200,0.35,EUR/MWh,BE,BE,day_ahead_price,value,2026-08-03T21:57:58Z
2026-08-03T21:57:27Z,2026-08-03T23:57:27+0200,d07b3b2b-e83a-4999-877d-e2466ad53d7b,2026-07-29T10:30:00Z,2026-07-29T12:30:00+0200,0.28,EUR/MWh,BE,BE,day_ahead_price,value,2026-08-03T21:57:58Z
2026-08-03T21:57:27Z,2026-08-03T23:57:27+0200,d07b3b2b-e83a-4999-877d-e2466ad53d7b,2026-07-29T10:45:00Z,2026-07-29T12:45:00+0200,0.23,EUR/MWh,BE,BE,day_ahead_price,value,2026-08-03T21:57:58Z
2026-08-03T21:57:27Z,2026-08-03T23:57:27+0200,d07b3b2b-e83a-4999-877d-e2466ad53d7b,2026-07-29T11:00:00Z,2026-07-29T13:00:00+0200,0.41,EUR/MWh,BE,BE,day_ahead_price,value,2026-08-03T21:57:58Z
2026-08-03T21:57:27Z,2026-08-03T23:57:27+0200,d07b3b2b-e83a-4999-877d-e2466ad53d7b,2026-07-29T11:15:00Z,2026-07-29T13:15:00+0200,0.43,EUR/MWh,BE,BE,day_ahead_price,value,2026-08-03T21:57:58Z
2026-08-03T21:57:27Z,2026-08-03T23:57:27+0200,d07b3b2b-e83a-4999-877d-e2466ad53d7b,2026-07-29T11:30:00Z,2026-07-29T13:30:00+0200,0.4,EUR/MWh,BE,BE,day_ahead_price,value,2026-08-03T21:57:58Z
2026-08-03T21:57:27Z,2026-08-03T23:57:27+0200,d07b3b2b-e83a-4999-877d-e2466ad53d7b,2026-07-29T11:45:00Z,2026-07-29T13:45:00+0200,0.4,EUR/MWh,BE,BE,day_ahead_price,value,2026-08-03T21:57:58Z
2026-08-03T21:57:27Z,2026-08-03T23:57:27+0200,d07b3b2b-e83a-4999-877d-e2466ad53d7b,2026-07-29T12:00:00Z,2026-07-29T14:00:00+0200,1.08,EUR/MWh,BE,BE,day_ahead_price,value,2026-08-03T21:57:58Z
2026-08-03T21:57:27Z,2026-08-03T23:57:27+0200,d07b3b2b-e83a-4999-877d-e2466ad53d7b,2026-07-29T12:15:00Z,2026-07-29T14:15:00+0200,1.43,EUR/MWh,BE,BE,day_ahead_price,value,2026-08-03T21:57:58Z
2026-08-03T21:57:27Z,2026-08-03T23:57:27+0200,d07b3b2b-e83a-4999-877d-e2466ad53d7b,2026-07-29T12:30:00Z,2026-07-29T14:30:00+0200,1.43,EUR/MWh,BE,BE,day_ahead_price,value,2026-08-03T21:57:58Z
2026-08-03T21:57:27Z,2026-08-03T23:57:27+0200,d07b3b2b-e83a-4999-877d-e2466ad53d7b,2026-07-29T12:45:00Z,2026-07-29T14:45:00+0200,1.75,EUR/MWh,BE,BE,day_ahead_price,value,2026-08-03T21:57:58Z
2026-08-03T21:57:27Z,2026-08-03T23:57:27+0200,d07b3b2b-e83a-4999-877d-e2466ad53d7b,2026-07-29T13:00:00Z,2026-07-29T15:00:00+0200,1.62,EUR/MWh,BE,BE,day_ahead_price,value,2026-08-03T21:57:58Z
2026-08-03T21:57:27Z,2026-08-03T23:57:27+0200,d07b3b2b-e83a-4999-877d-e2466ad53d7b,2026-07-29T13:15:00Z,2026-07-29T15:15:00+0200,1.95,EUR/MWh,BE,BE,day_ahead_price,value,2026-08-03T21:57:58Z
2026-08-03T21:57:27Z,2026-08-03T23:57:27+0200,d07b3b2b-e83a-4999-877d-e2466ad53d7b,2026-07-29T13:30:00Z,2026-07-29T15:30:00+0200,5.98,EUR/MWh,BE,BE,day_ahead_price,value,2026-08-03T21:57:58Z
2026-08-03T21:57:27Z,2026-08-03T23:57:27+0200,d07b3b2b-e83a-4999-877d-e2466ad53d7b,2026-07-29T13:45:00Z,2026-07-29T15:45:00+0200,19.66,EUR/MWh,BE,BE,day_ahead_price,value,2026-08-03T21:57:58Z
2026-08-03T21:57:27Z,2026-08-03T23:57:27+0200,d07b3b2b-e83a-4999-877d-e2466ad53d7b,2026-07-29T14:00:00Z,2026-07-29T16:00:00+0200,22.29,EUR/MWh,BE,BE,day_ahead_price,value,2026-08-03T21:57:58Z
2026-08-03T21:57:27Z,2026-08-03T23:57:27+0200,d07b3b2b-e83a-4999-877d-e2466ad53d7b,2026-07-29T14:15:00Z,2026-07-29T16:15:00+0200,74.8,EUR/MWh,BE,BE,day_ahead_price,value,2026-08-03T21:57:58Z
2026-08-03T21:57:27Z,2026-08-03T23:57:27+0200,d07b3b2b-e83a-4999-877d-e2466ad53d7b,2026-07-29T14:30:00Z,2026-07-29T16:30:00+0200,87.73,EUR/MWh,BE,BE,day_ahead_price,value,2026-08-03T21:57:58Z
2026-08-03T21:57:27Z,2026-08-03T23:57:27+0200,d07b3b2b-e83a-4999-877d-e2466ad53d7b,2026-07-29T14:45:00Z,2026-07-29T16:45:00+0200,101.48,EUR/MWh,BE,BE,day_ahead_price,value,2026-08-03T21:57:58Z
2026-08-03T21:57:27Z,2026-08-03T23:57:27+0200,d07b3b2b-e83a-4999-877d-e2466ad53d7b,2026-07-29T15:00:00Z,2026-07-29T17:00:00+0200,95.19,EUR/MWh,BE,BE,day_ahead_price,value,2026-08-03T21:57:58Z
2026-08-03T21:57:27Z,2026-08-03T23:57:27+0200,d07b3b2b-e83a-4999-877d-e2466ad53d7b,2026-07-29T15:15:00Z,2026-07-29T17:15:00+0200,110.44,EUR/MWh,BE,BE,day_ahead_price,value,2026-08-03T21:57:58Z
2026-08-03T21:57:27Z,2026-08-03T23:57:27+0200,d07b3b2b-e83a-4999-877d-e2466ad53d7b,2026-07-29T15:30:00Z,2026-07-29T17:30:00+0200,132.35,EUR/MWh,BE,BE,day_ahead_price,value,2026-08-03T21:57:58Z
2026-08-03T21:57:27Z,2026-08-03T23:57:27+0200,d07b3b2b-e83a-4999-877d-e2466ad53d7b,2026-07-29T15:45:00Z,2026-07-29T17:45:00+0200,149.41,EUR/MWh,BE,BE,day_ahead_price,value,2026-08-03T21:57:58Z
2026-08-03T21:57:27Z,2026-08-03T23:57:27+0200,d07b3b2b-e83a-4999-877d-e2466ad53d7b,2026-07-29T16:00:00Z,2026-07-29T18:00:00+0200,127.16,EUR/MWh,BE,BE,day_ahead_price,value,2026-08-03T21:57:58Z
2026-08-03T21:57:27Z,2026-08-03T23:57:27+0200,d07b3b2b-e83a-4999-877d-e2466ad53d7b,2026-07-29T16:15:00Z,2026-07-29T18:15:00+0200,145.56,EUR/MWh,BE,BE,day_ahead_price,value,2026-08-03T21:57:58Z
2026-08-03T21:57:27Z,2026-08-03T23:57:27+0200,d07b3b2b-e83a-4999-877d-e2466ad53d7b,2026-07-29T16:30:00Z,2026-07-29T18:30:00+0200,160.76,EUR/MWh,BE,BE,day_ahead_price,value,2026-08-03T21:57:58Z
2026-08-03T21:57:27Z,2026-08-03T23:57:27+0200,d07b3b2b-e83a-4999-877d-e2466ad53d7b,2026-07-29T16:45:00Z,2026-07-29T18:45:00+0200,202.5,EUR/MWh,BE,BE,day_ahead_price,value,2026-08-03T21:57:58Z
2026-08-03T21:57:27Z,2026-08-03T23:57:27+0200,d07b3b2b-e83a-4999-877d-e2466ad53d7b,2026-07-29T17:00:00Z,2026-07-29T19:00:00+0200,172.51,EUR/MWh,BE,BE,day_ahead_price,value,2026-08-03T21:57:58Z
2026-08-03T21:57:27Z,2026-08-03T23:57:27+0200,d07b3b2b-e83a-4999-877d-e2466ad53d7b,2026-07-29T17:15:00Z,2026-07-29T19:15:00+0200,188.04,EUR/MWh,BE,BE,day_ahead_price,value,2026-08-03T21:57:58Z
2026-08-03T21:57:27Z,2026-08-03T23:57:27+0200,d07b3b2b-e83a-4999-877d-e2466ad53d7b,2026-07-29T17:30:00Z,2026-07-29T19:30:00+0200,240.0,EUR/MWh,BE,BE,day_ahead_price,value,2026-08-03T21:57:58Z
2026-08-03T21:57:27Z,2026-08-03T23:57:27+0200,d07b3b2b-e83a-4999-877d-e2466ad53d7b,2026-07-29T17:45:00Z,2026-07-29T19:45:00+0200,325.95,EUR/MWh,BE,BE,day_ahead_price,value,2026-08-03T21:57:58Z
2026-08-03T21:57:27Z,2026-08-03T23:57:27+0200,d07b3b2b-e83a-4999-877d-e2466ad53d7b,2026-07-29T18:00:00Z,2026-07-29T20:00:00+0200,240.34,EUR/MWh,BE,BE,day_ahead_price,value,2026-08-03T21:57:58Z
2026-08-03T21:57:27Z,2026-08-03T23:57:27+0200,d07b3b2b-e83a-4999-877d-e2466ad53d7b,2026-07-29T18:15:00Z,2026-07-29T20:15:00+0200,250.44,EUR/MWh,BE,BE,day_ahead_price,value,2026-08-03T21:57:58Z
2026-08-03T21:57:27Z,2026-08-03T23:57:27+0200,d07b3b2b-e83a-4999-877d-e2466ad53d7b,2026-07-29T18:30:00Z,2026-07-29T20:30:00+0200,264.11,EUR/MWh,BE,BE,day_ahead_price,value,2026-08-03T21:57:58Z
2026-08-03T21:57:27Z,2026-08-03T23:57:27+0200,d07b3b2b-e83a-4999-877d-e2466ad53d7b,2026-07-29T18:45:00Z,2026-07-29T20:45:00+0200,248.28,EUR/MWh,BE,BE,day_ahead_price,value,2026-08-03T21:57:58Z
2026-08-03T21:57:27Z,2026-08-03T23:57:27+0200,d07b3b2b-e83a-4999-877d-e2466ad53d7b,2026-07-29T19:00:00Z,2026-07-29T21:00:00+0200,246.68,EUR/MWh,BE,BE,day_ahead_price,value,2026-08-03T21:57:58Z
2026-08-03T21:57:27Z,2026-08-03T23:57:27+0200,d07b3b2b-e83a-4999-877d-e2466ad53d7b,2026-07-29T19:15:00Z,2026-07-29T21:15:00+0200,225.09,EUR/MWh,BE,BE,day_ahead_price,value,2026-08-03T21:57:58Z
2026-08-03T21:57:27Z,2026-08-03T23:57:27+0200,d07b3b2b-e83a-4999-877d-e2466ad53d7b,2026-07-29T19:30:00Z,2026-07-29T21:30:00+0200,217.3,EUR/MWh,BE,BE,day_ahead_price,value,2026-08-03T21:57:58Z
2026-08-03T21:57:27Z,2026-08-03T23:57:27+0200,d07b3b2b-e83a-4999-877d-e2466ad53d7b,2026-07-29T19:45:00Z,2026-07-29T21:45:00+0200,202.0,EUR/MWh,BE,BE,day_ahead_price,value,2026-08-03T21:57:58Z
2026-08-03T21:57:27Z,2026-08-03T23:57:27+0200,d07b3b2b-e83a-4999-877d-e2466ad53d7b,2026-07-29T20:00:00Z,2026-07-29T22:00:00+0200,206.99,EUR/MWh,BE,BE,day_ahead_price,value,2026-08-03T21:57:58Z
2026-08-03T21:57:27Z,2026-08-03T23:57:27+0200,d07b3b2b-e83a-4999-877d-e2466ad53d7b,2026-07-29T20:15:00Z,2026-07-29T22:15:00+0200,198.3,EUR/MWh,BE,BE,day_ahead_price,value,2026-08-03T21:57:58Z
2026-08-03T21:57:27Z,2026-08-03T23:57:27+0200,d07b3b2b-e83a-4999-877d-e2466ad53d7b,2026-07-29T20:30:00Z,2026-07-29T22:30:00+0200,190.39,EUR/MWh,BE,BE,day_ahead_price,value,2026-08-03T21:57:58Z
2026-08-03T21:57:27Z,2026-08-03T23:57:27+0200,d07b3b2b-e83a-4999-877d-e2466ad53d7b,2026-07-29T20:45:00Z,2026-07-29T22:45:00+0200,176.02,EUR/MWh,BE,BE,day_ahead_price,value,2026-08-03T21:57:58Z
2026-08-03T21:57:27Z,2026-08-03T23:57:27+0200,d07b3b2b-e83a-4999-877d-e2466ad53d7b,2026-07-29T21:00:00Z,2026-07-29T23:00:00+0200,177.48,EUR/MWh,BE,BE,day_ahead_price,value,2026-08-03T21:57:58Z
2026-08-03T21:57:27Z,2026-08-03T23:57:27+0200,d07b3b2b-e83a-4999-877d-e2466ad53d7b,2026-07-29T21:15:00Z,2026-07-29T23:15:00+0200,172.98,EUR/MWh,BE,BE,day_ahead_price,value,2026-08-03T21:57:58Z
2026-08-03T21:57:27Z,2026-08-03T23:57:27+0200,d07b3b2b-e83a-4999-877d-e2466ad53d7b,2026-07-29T21:30:00Z,2026-07-29T23:30:00+0200,170.38,EUR/MWh,BE,BE,day_ahead_price,value,2026-08-03T21:57:58Z
2026-08-03T21:57:27Z,2026-08-03T23:57:27+0200,d07b3b2b-e83a-4999-877d-e2466ad53d7b,2026-07-29T21:45:00Z,2026-07-29T23:45:00+0200,146.1,EUR/MWh,BE,BE,day_ahead_price,value,2026-08-03T21:57:58Z
2026-08-03T21:57:27Z,2026-08-03T23:57:27+0200,d07b3b2b-e83a-4999-877d-e2466ad53d7b,2026-07-29T22:00:00Z,2026-07-30T00:00:00+0200,162.16,EUR/MWh,BE,BE,day_ahead_price,value,2026-08-03T21:57:58Z
2026-08-03T21:57:27Z,2026-08-03T23:57:27+0200,d07b3b2b-e83a-4999-877d-e2466ad53d7b,2026-07-29T22:15:00Z,2026-07-30T00:15:00+0200,152.0,EUR/MWh,BE,BE,day_ahead_price,value,2026-08-03T21:57:58Z
2026-08-03T21:57:27Z,2026-08-03T23:57:27+0200,d07b3b2b-e83a-4999-877d-e2466ad53d7b,2026-07-29T22:30:00Z,2026-07-30T00:30:00+0200,142.66,EUR/MWh,BE,BE,day_ahead_price,value,2026-08-03T21:57:58Z
2026-08-03T21:57:27Z,2026-08-03T23:57:27+0200,d07b3b2b-e83a-4999-877d-e2466ad53d7b,2026-07-29T22:45:00Z,2026-07-30T00:45:00+0200,142.2,EUR/MWh,BE,BE,day_ahead_price,value,2026-08-03T21:57:58Z
2026-08-03T21:57:27Z,2026-08-03T23:57:27+0200,d07b3b2b-e83a-4999-877d-e2466ad53d7b,2026-07-29T23:00:00Z,2026-07-30T01:00:00+0200,144.05,EUR/MWh,BE,BE,day_ahead_price,value,2026-08-03T21:57:58Z
2026-08-03T21:57:27Z,2026-08-03T23:57:27+0200,d07b3b2b-e83a-4999-877d-e2466ad53d7b,2026-07-29T23:15:00Z,2026-07-30T01:15:00+0200,141.88,EUR/MWh,BE,BE,day_ahead_price,value,2026-08-03T21:57:58Z
2026-08-03T21:57:27Z,2026-08-03T23:57:27+0200,d07b3b2b-e83a-4999-877d-e2466ad53d7b,2026-07-29T23:30:00Z,2026-07-30T01:30:00+0200,145.61,EUR/MWh,BE,BE,day_ahead_price,value,2026-08-03T21:57:58Z
2026-08-03T21:57:27Z,2026-08-03T23:57:27+0200,d07b3b2b-e83a-4999-877d-e2466ad53d7b,2026-07-29T23:45:00Z,2026-07-30T01:45:00+0200,138.0,EUR/MWh,BE,BE,day_ahead_price,value,2026-08-03T21:57:58Z
2026-08-03T21:57:27Z,2026-08-03T23:57:27+0200,d07b3b2b-e83a-4999-877d-e2466ad53d7b,2026-07-30T00:00:00Z,2026-07-30T02:00:00+0200,143.0,EUR/MWh,BE,BE,day_ahead_price,value,2026-08-03T21:57:58Z
2026-08-03T21:57:27Z,2026-08-03T23:57:27+0200,d07b3b2b-e83a-4999-877d-e2466ad53d7b,2026-07-30T00:15:00Z,2026-07-30T02:15:00+0200,142.63,EUR/MWh,BE,BE,day_ahead_price,value,2026-08-03T21:57:58Z
2026-08-03T21:57:27Z,2026-08-03T23:57:27+0200,d07b3b2b-e83a-4999-877d-e2466ad53d7b,2026-07-30T00:30:00Z,2026-07-30T02:30:00+0200,137.99,EUR/MWh,BE,BE,day_ahead_price,value,2026-08-03T21:57:58Z
2026-08-03T21:57:27Z,2026-08-03T23:57:27+0200,d07b3b2b-e83a-4999-877d-e2466ad53d7b,2026-07-30T00:45:00Z,2026-07-30T02:45:00+0200,136.37,EUR/MWh,BE,BE,day_ahead_price,value,2026-08-03T21:57:58Z
2026-08-03T21:57:27Z,2026-08-03T23:57:27+0200,d07b3b2b-e83a-4999-877d-e2466ad53d7b,2026-07-30T01:00:00Z,2026-07-30T03:00:00+0200,135.94,EUR/MWh,BE,BE,day_ahead_price,value,2026-08-03T21:57:58Z
2026-08-03T21:57:27Z,2026-08-03T23:57:27+0200,d07b3b2b-e83a-4999-877d-e2466ad53d7b,2026-07-30T01:15:00Z,2026-07-30T03:15:00+0200,133.6,EUR/MWh,BE,BE,day_ahead_price,value,2026-08-03T21:57:58Z
2026-08-03T21:57:27Z,2026-08-03T23:57:27+0200,d07b3b2b-e83a-4999-877d-e2466ad53d7b,2026-07-30T01:30:00Z,2026-07-30T03:30:00+0200,130.73,EUR/MWh,BE,BE,day_ahead_price,value,2026-08-03T21:57:58Z
2026-08-03T21:57:27Z,2026-08-03T23:57:27+0200,d07b3b2b-e83a-4999-877d-e2466ad53d7b,2026-07-30T01:45:00Z,2026-07-30T03:45:00+0200,131.82,EUR/MWh,BE,BE,day_ahead_price,value,2026-08-03T21:57:58Z
2026-08-03T21:57:27Z,2026-08-03T23:57:27+0200,d07b3b2b-e83a-4999-877d-e2466ad53d7b,2026-07-30T02:00:00Z,2026-07-30T04:00:00+0200,132.03,EUR/MWh,BE,BE,day_ahead_price,value,2026-08-03T21:57:58Z
2026-08-03T21:57:27Z,2026-08-03T23:57:27+0200,d07b3b2b-e83a-4999-877d-e2466ad53d7b,2026-07-30T02:15:00Z,2026-07-30T04:15:00+0200,131.53,EUR/MWh,BE,BE,day_ahead_price,value,2026-08-03T21:57:58Z
2026-08-03T21:57:27Z,2026-08-03T23:57:27+0200,d07b3b2b-e83a-4999-877d-e2466ad53d7b,2026-07-30T02:30:00Z,2026-07-30T04:30:00+0200,131.73,EUR/MWh,BE,BE,day_ahead_price,value,2026-08-03T21:57:58Z
2026-08-03T21:57:27Z,2026-08-03T23:57:27+0200,d07b3b2b-e83a-4999-877d-e2466ad53d7b,2026-07-30T02:45:00Z,2026-07-30T04:45:00+0200,128.4,EUR/MWh,BE,BE,day_ahead_price,value,2026-08-03T21:57:58Z
2026-08-03T21:57:27Z,2026-08-03T23:57:27+0200,d07b3b2b-e83a-4999-877d-e2466ad53d7b,2026-07-30T03:00:00Z,2026-07-30T05:00:00+0200,131.83,EUR/MWh,BE,BE,day_ahead_price,value,2026-08-03T21:57:58Z
2026-08-03T21:57:27Z,2026-08-03T23:57:27+0200,d07b3b2b-e83a-4999-877d-e2466ad53d7b,2026-07-30T03:15:00Z,2026-07-30T05:15:00+0200,130.75,EUR/MWh,BE,BE,day_ahead_price,value,2026-08-03T21:57:58Z
2026-08-03T21:57:27Z,2026-08-03T23:57:27+0200,d07b3b2b-e83a-4999-877d-e2466ad53d7b,2026-07-30T03:30:00Z,2026-07-30T05:30:00+0200,138.53,EUR/MWh,BE,BE,day_ahead_price,value,2026-08-03T21:57:58Z
2026-08-03T21:57:27Z,2026-08-03T23:57:27+0200,d07b3b2b-e83a-4999-877d-e2466ad53d7b,2026-07-30T03:45:00Z,2026-07-30T05:45:00+0200,143.07,EUR/MWh,BE,BE,day_ahead_price,value,2026-08-03T21:57:58Z
2026-08-03T21:57:27Z,2026-08-03T23:57:27+0200,d07b3b2b-e83a-4999-877d-e2466ad53d7b,2026-07-30T04:00:00Z,2026-07-30T06:00:00+0200,144.02,EUR/MWh,BE,BE,day_ahead_price,value,2026-08-03T21:57:58Z
2026-08-03T21:57:27Z,2026-08-03T23:57:27+0200,d07b3b2b-e83a-4999-877d-e2466ad53d7b,2026-07-30T04:15:00Z,2026-07-30T06:15:00+0200,150.46,EUR/MWh,BE,BE,day_ahead_price,value,2026-08-03T21:57:58Z
2026-08-03T21:57:27Z,2026-08-03T23:57:27+0200,d07b3b2b-e83a-4999-877d-e2466ad53d7b,2026-07-30T04:30:00Z,2026-07-30T06:30:00+0200,150.86,EUR/MWh,BE,BE,day_ahead_price,value,2026-08-03T21:57:58Z
2026-08-03T21:57:27Z,2026-08-03T23:57:27+0200,d07b3b2b-e83a-4999-877d-e2466ad53d7b,2026-07-30T04:45:00Z,2026-07-30T06:45:00+0200,148.12,EUR/MWh,BE,BE,day_ahead_price,value,2026-08-03T21:57:58Z
2026-08-03T21:57:27Z,2026-08-03T23:57:27+0200,d07b3b2b-e83a-4999-877d-e2466ad53d7b,2026-07-30T05:00:00Z,2026-07-30T07:00:00+0200,167.09,EUR/MWh,BE,BE,day_ahead_price,value,2026-08-03T21:57:58Z
2026-08-03T21:57:27Z,2026-08-03T23:57:27+0200,d07b3b2b-e83a-4999-877d-e2466ad53d7b,2026-07-30T05:15:00Z,2026-07-30T07:15:00+0200,154.06,EUR/MWh,BE,BE,day_ahead_price,value,2026-08-03T21:57:58Z
2026-08-03T21:57:27Z,2026-08-03T23:57:27+0200,d07b3b2b-e83a-4999-877d-e2466ad53d7b,2026-07-30T05:30:00Z,2026-07-30T07:30:00+0200,143.65,EUR/MWh,BE,BE,day_ahead_price,value,2026-08-03T21:57:58Z
2026-08-03T21:57:27Z,2026-08-03T23:57:27+0200,d07b3b2b-e83a-4999-877d-e2466ad53d7b,2026-07-30T05:45:00Z,2026-07-30T07:45:00+0200,130.08,EUR/MWh,BE,BE,day_ahead_price,value,2026-08-03T21:57:58Z
2026-08-03T21:57:27Z,2026-08-03T23:57:27+0200,d07b3b2b-e83a-4999-877d-e2466ad53d7b,2026-07-30T06:00:00Z,2026-07-30T08:00:00+0200,165.78,EUR/MWh,BE,BE,day_ahead_price,value,2026-08-03T21:57:58Z
2026-08-03T21:57:27Z,2026-08-03T23:57:27+0200,d07b3b2b-e83a-4999-877d-e2466ad53d7b,2026-07-30T06:15:00Z,2026-07-30T08:15:00+0200,148.79,EUR/MWh,BE,BE,day_ahead_price,value,2026-08-03T21:57:58Z
2026-08-03T21:57:27Z,2026-08-03T23:57:27+0200,d07b3b2b-e83a-4999-877d-e2466ad53d7b,2026-07-30T06:30:00Z,2026-07-30T08:30:00+0200,132.46,EUR/MWh,BE,BE,day_ahead_price,value,2026-08-03T21:57:58Z
2026-08-03T21:57:27Z,2026-08-03T23:57:27+0200,d07b3b2b-e83a-4999-877d-e2466ad53d7b,2026-07-30T06:45:00Z,2026-07-30T08:45:00+0200,116.23,EUR/MWh,BE,BE,day_ahead_price,value,2026-08-03T21:57:58Z
2026-08-03T21:57:27Z,2026-08-03T23:57:27+0200,d07b3b2b-e83a-4999-877d-e2466ad53d7b,2026-07-30T07:00:00Z,2026-07-30T09:00:00+0200,142.49,EUR/MWh,BE,BE,day_ahead_price,value,2026-08-03T21:57:58Z
2026-08-03T21:57:27Z,2026-08-03T23:57:27+0200,d07b3b2b-e83a-4999-877d-e2466ad53d7b,2026-07-30T07:15:00Z,2026-07-30T09:15:00+0200,125.86,EUR/MWh,BE,BE,day_ahead_price,value,2026-08-03T21:57:58Z
2026-08-03T21:57:27Z,2026-08-03T23:57:27+0200,d07b3b2b-e83a-4999-877d-e2466ad53d7b,2026-07-30T07:30:00Z,2026-07-30T09:30:00+0200,111.1,EUR/MWh,BE,BE,day_ahead_price,value,2026-08-03T21:57:58Z
2026-08-03T21:57:27Z,2026-08-03T23:57:27+0200,d07b3b2b-e83a-4999-877d-e2466ad53d7b,2026-07-30T07:45:00Z,2026-07-30T09:45:00+0200,100.55,EUR/MWh,BE,BE,day_ahead_price,value,2026-08-03T21:57:58Z
2026-08-03T21:57:27Z,2026-08-03T23:57:27+0200,d07b3b2b-e83a-4999-877d-e2466ad53d7b,2026-07-30T08:00:00Z,2026-07-30T10:00:00+0200,119.92,EUR/MWh,BE,BE,day_ahead_price,value,2026-08-03T21:57:58Z
2026-08-03T21:57:27Z,2026-08-03T23:57:27+0200,d07b3b2b-e83a-4999-877d-e2466ad53d7b,2026-07-30T08:15:00Z,2026-07-30T10:15:00+0200,94.79,EUR/MWh,BE,BE,day_ahead_price,value,2026-08-03T21:57:58Z
2026-08-03T21:57:27Z,2026-08-03T23:57:27+0200,d07b3b2b-e83a-4999-877d-e2466ad53d7b,2026-07-30T08:30:00Z,2026-07-30T10:30:00+0200,83.14,EUR/MWh,BE,BE,day_ahead_price,value,2026-08-03T21:57:58Z
2026-08-03T21:57:27Z,2026-08-03T23:57:27+0200,d07b3b2b-e83a-4999-877d-e2466ad53d7b,2026-07-30T08:45:00Z,2026-07-30T10:45:00+0200,64.64,EUR/MWh,BE,BE,day_ahead_price,value,2026-08-03T21:57:58Z
2026-08-03T21:57:27Z,2026-08-03T23:57:27+0200,d07b3b2b-e83a-4999-877d-e2466ad53d7b,2026-07-30T09:00:00Z,2026-07-30T11:00:00+0200,89.12,EUR/MWh,BE,BE,day_ahead_price,value,2026-08-03T21:57:58Z
2026-08-03T21:57:27Z,2026-08-03T23:57:27+0200,d07b3b2b-e83a-4999-877d-e2466ad53d7b,2026-07-30T09:15:00Z,2026-07-30T11:15:00+0200,53.46,EUR/MWh,BE,BE,day_ahead_price,value,2026-08-03T21:57:58Z
2026-08-03T21:57:27Z,2026-08-03T23:57:27+0200,d07b3b2b-e83a-4999-877d-e2466ad53d7b,2026-07-30T09:30:00Z,2026-07-30T11:30:00+0200,38.43,EUR/MWh,BE,BE,day_ahead_price,value,2026-08-03T21:57:58Z
2026-08-03T21:57:27Z,2026-08-03T23:57:27+0200,d07b3b2b-e83a-4999-877d-e2466ad53d7b,2026-07-30T09:45:00Z,2026-07-30T11:45:00+0200,23.83,EUR/MWh,BE,BE,day_ahead_price,value,2026-08-03T21:57:58Z
2026-08-03T21:57:27Z,2026-08-03T23:57:27+0200,d07b3b2b-e83a-4999-877d-e2466ad53d7b,2026-07-30T10:00:00Z,2026-07-30T12:00:00+0200,53.93,EUR/MWh,BE,BE,day_ahead_price,value,2026-08-03T21:57:58Z
2026-08-03T21:57:27Z,2026-08-03T23:57:27+0200,d07b3b2b-e83a-4999-877d-e2466ad53d7b,2026-07-30T10:15:00Z,2026-07-30T12:15:00+0200,43.87,EUR/MWh,BE,BE,day_ahead_price,value,2026-08-03T21:57:58Z
2026-08-03T21:57:27Z,2026-08-03T23:57:27+0200,d07b3b2b-e83a-4999-877d-e2466ad53d7b,2026-07-30T10:30:00Z,2026-07-30T12:30:00+0200,100.0,EUR/MWh,BE,BE,day_ahead_price,value,2026-08-03T21:57:58Z
2026-08-03T21:57:27Z,2026-08-03T23:57:27+0200,d07b3b2b-e83a-4999-877d-e2466ad53d7b,2026-07-30T10:45:00Z,2026-07-30T12:45:00+0200,80.0,EUR/MWh,BE,BE,day_ahead_price,value,2026-08-03T21:57:58Z
2026-08-03T21:57:27Z,2026-08-03T23:57:27+0200,d07b3b2b-e83a-4999-877d-e2466ad53d7b,2026-07-30T11:00:00Z,2026-07-30T13:00:00+0200,27.0,EUR/MWh,BE,BE,day_ahead_price,value,2026-08-03T21:57:58Z
2026-08-03T21:57:27Z,2026-08-03T23:57:27+0200,d07b3b2b-e83a-4999-877d-e2466ad53d7b,2026-07-30T11:15:00Z,2026-07-30T13:15:00+0200,97.7,EUR/MWh,BE,BE,day_ahead_price,value,2026-08-03T21:57:58Z
2026-08-03T21:57:27Z,2026-08-03T23:57:27+0200,d07b3b2b-e83a-4999-877d-e2466ad53d7b,2026-07-30T11:30:00Z,2026-07-30T13:30:00+0200,144.05,EUR/MWh,BE,BE,day_ahead_price,value,2026-08-03T21:57:58Z
2026-08-03T21:57:27Z,2026-08-03T23:57:27+0200,d07b3b2b-e83a-4999-877d-e2466ad53d7b,2026-07-30T11:45:00Z,2026-07-30T13:45:00+0200,125.0,EUR/MWh,BE,BE,day_ahead_price,value,2026-08-03T21:57:58Z
2026-08-03T21:57:27Z,2026-08-03T23:57:27+0200,d07b3b2b-e83a-4999-877d-e2466ad53d7b,2026-07-30T12:00:00Z,2026-07-30T14:00:00+0200,82.42,EUR/MWh,BE,BE,day_ahead_price,value,2026-08-03T21:57:58Z
2026-08-03T21:57:27Z,2026-08-03T23:57:27+0200,d07b3b2b-e83a-4999-877d-e2466ad53d7b,2026-07-30T12:15:00Z,2026-07-30T14:15:00+0200,120.0,EUR/MWh,BE,BE,day_ahead_price,value,2026-08-03T21:57:58Z
2026-08-03T21:57:27Z,2026-08-03T23:57:27+0200,d07b3b2b-e83a-4999-877d-e2466ad53d7b,2026-07-30T12:30:00Z,2026-07-30T14:30:00+0200,112.0,EUR/MWh,BE,BE,day_ahead_price,value,2026-08-03T21:57:58Z
2026-08-03T21:57:27Z,2026-08-03T23:57:27+0200,d07b3b2b-e83a-4999-877d-e2466ad53d7b,2026-07-30T12:45:00Z,2026-07-30T14:45:00+0200,218.44,EUR/MWh,BE,BE,day_ahead_price,value,2026-08-03T21:57:58Z
2026-08-03T21:57:27Z,2026-08-03T23:57:27+0200,d07b3b2b-e83a-4999-877d-e2466ad53d7b,2026-07-30T13:00:00Z,2026-07-30T15:00:00+0200,75.47,EUR/MWh,BE,BE,day_ahead_price,value,2026-08-03T21:57:58Z
2026-08-03T21:57:27Z,2026-08-03T23:57:27+0200,d07b3b2b-e83a-4999-877d-e2466ad53d7b,2026-07-30T13:15:00Z,2026-07-30T15:15:00+0200,104.17,EUR/MWh,BE,BE,day_ahead_price,value,2026-08-03T21:57:58Z
2026-08-03T21:57:27Z,2026-08-03T23:57:27+0200,d07b3b2b-e83a-4999-877d-e2466ad53d7b,2026-07-30T13:30:00Z,2026-07-30T15:30:00+0200,129.28,EUR/MWh,BE,BE,day_ahead_price,value,2026-08-03T21:57:58Z
2026-08-03T21:57:27Z,2026-08-03T23:57:27+0200,d07b3b2b-e83a-4999-877d-e2466ad53d7b,2026-07-30T13:45:00Z,2026-07-30T15:45:00+0200,155.59,EUR/MWh,BE,BE,day_ahead_price,value,2026-08-03T21:57:58Z
2026-08-03T21:57:27Z,2026-08-03T23:57:27+0200,d07b3b2b-e83a-4999-877d-e2466ad53d7b,2026-07-30T14:00:00Z,2026-07-30T16:00:00+0200,112.02,EUR/MWh,BE,BE,day_ahead_price,value,2026-08-03T21:57:58Z
2026-08-03T21:57:27Z,2026-08-03T23:57:27+0200,d07b3b2b-e83a-4999-877d-e2466ad53d7b,2026-07-30T14:15:00Z,2026-07-30T16:15:00+0200,107.49,EUR/MWh,BE,BE,day_ahead_price,value,2026-08-03T21:57:58Z
2026-08-03T21:57:27Z,2026-08-03T23:57:27+0200,d07b3b2b-e83a-4999-877d-e2466ad53d7b,2026-07-30T14:30:00Z,2026-07-30T16:30:00+0200,112.21,EUR/MWh,BE,BE,day_ahead_price,value,2026-08-03T21:57:58Z
2026-08-03T21:57:27Z,2026-08-03T23:57:27+0200,d07b3b2b-e83a-4999-877d-e2466ad53d7b,2026-07-30T14:45:00Z,2026-07-30T16:45:00+0200,134.6,EUR/MWh,BE,BE,day_ahead_price,value,2026-08-03T21:57:58Z
2026-08-03T21:57:27Z,2026-08-03T23:57:27+0200,d07b3b2b-e83a-4999-877d-e2466ad53d7b,2026-07-30T15:00:00Z,2026-07-30T17:00:00+0200,137.76,EUR/MWh,BE,BE,day_ahead_price,value,2026-08-03T21:57:58Z
2026-08-03T21:57:27Z,2026-08-03T23:57:27+0200,d07b3b2b-e83a-4999-877d-e2466ad53d7b,2026-07-30T15:15:00Z,2026-07-30T17:15:00+0200,115.01,EUR/MWh,BE,BE,day_ahead_price,value,2026-08-03T21:57:58Z
2026-08-03T21:57:27Z,2026-08-03T23:57:27+0200,d07b3b2b-e83a-4999-877d-e2466ad53d7b,2026-07-30T15:30:00Z,2026-07-30T17:30:00+0200,128.89,EUR/MWh,BE,BE,day_ahead_price,value,2026-08-03T21:57:58Z
2026-08-03T21:57:27Z,2026-08-03T23:57:27+0200,d07b3b2b-e83a-4999-877d-e2466ad53d7b,2026-07-30T15:45:00Z,2026-07-30T17:45:00+0200,150.78,EUR/MWh,BE,BE,day_ahead_price,value,2026-08-03T21:57:58Z
2026-08-03T21:57:27Z,2026-08-03T23:57:27+0200,d07b3b2b-e83a-4999-877d-e2466ad53d7b,2026-07-30T16:00:00Z,2026-07-30T18:00:00+0200,126.86,EUR/MWh,BE,BE,day_ahead_price,value,2026-08-03T21:57:58Z
2026-08-03T21:57:27Z,2026-08-03T23:57:27+0200,d07b3b2b-e83a-4999-877d-e2466ad53d7b,2026-07-30T16:15:00Z,2026-07-30T18:15:00+0200,141.66,EUR/MWh,BE,BE,day_ahead_price,value,2026-08-03T21:57:58Z
2026-08-03T21:57:27Z,2026-08-03T23:57:27+0200,d07b3b2b-e83a-4999-877d-e2466ad53d7b,2026-07-30T16:30:00Z,2026-07-30T18:30:00+0200,154.71,EUR/MWh,BE,BE,day_ahead_price,value,2026-08-03T21:57:58Z
2026-08-03T21:57:27Z,2026-08-03T23:57:27+0200,d07b3b2b-e83a-4999-877d-e2466ad53d7b,2026-07-30T16:45:00Z,2026-07-30T18:45:00+0200,159.33,EUR/MWh,BE,BE,day_ahead_price,value,2026-08-03T21:57:58Z
2026-08-03T21:57:27Z,2026-08-03T23:57:27+0200,d07b3b2b-e83a-4999-877d-e2466ad53d7b,2026-07-30T17:00:00Z,2026-07-30T19:00:00+0200,148.51,EUR/MWh,BE,BE,day_ahead_price,value,2026-08-03T21:57:58Z
2026-08-03T21:57:27Z,2026-08-03T23:57:27+0200,d07b3b2b-e83a-4999-877d-e2466ad53d7b,2026-07-30T17:15:00Z,2026-07-30T19:15:00+0200,171.47,EUR/MWh,BE,BE,day_ahead_price,value,2026-08-03T21:57:58Z
2026-08-03T21:57:27Z,2026-08-03T23:57:27+0200,d07b3b2b-e83a-4999-877d-e2466ad53d7b,2026-07-30T17:30:00Z,2026-07-30T19:30:00+0200,180.47,EUR/MWh,BE,BE,day_ahead_price,value,2026-08-03T21:57:58Z
2026-08-03T21:57:27Z,2026-08-03T23:57:27+0200,d07b3b2b-e83a-4999-877d-e2466ad53d7b,2026-07-30T17:45:00Z,2026-07-30T19:45:00+0200,189.18,EUR/MWh,BE,BE,day_ahead_price,value,2026-08-03T21:57:58Z
2026-08-03T21:57:27Z,2026-08-03T23:57:27+0200,d07b3b2b-e83a-4999-877d-e2466ad53d7b,2026-07-30T18:00:00Z,2026-07-30T20:00:00+0200,179.81,EUR/MWh,BE,BE,day_ahead_price,value,2026-08-03T21:57:58Z
2026-08-03T21:57:27Z,2026-08-03T23:57:27+0200,d07b3b2b-e83a-4999-877d-e2466ad53d7b,2026-07-30T18:15:00Z,2026-07-30T20:15:00+0200,186.4,EUR/MWh,BE,BE,day_ahead_price,value,2026-08-03T21:57:58Z
2026-08-03T21:57:27Z,2026-08-03T23:57:27+0200,d07b3b2b-e83a-4999-877d-e2466ad53d7b,2026-07-30T18:30:00Z,2026-07-30T20:30:00+0200,196.3,EUR/MWh,BE,BE,day_ahead_price,value,2026-08-03T21:57:58Z
2026-08-03T21:57:27Z,2026-08-03T23:57:27+0200,d07b3b2b-e83a-4999-877d-e2466ad53d7b,2026-07-30T18:45:00Z,2026-07-30T20:45:00+0200,212.68,EUR/MWh,BE,BE,day_ahead_price,value,2026-08-03T21:57:58Z
2026-08-03T21:57:27Z,2026-08-03T23:57:27+0200,d07b3b2b-e83a-4999-877d-e2466ad53d7b,2026-07-30T19:00:00Z,2026-07-30T21:00:00+0200,201.29,EUR/MWh,BE,BE,day_ahead_price,value,2026-08-03T21:57:58Z
2026-08-03T21:57:27Z,2026-08-03T23:57:27+0200,d07b3b2b-e83a-4999-877d-e2466ad53d7b,2026-07-30T19:15:00Z,2026-07-30T21:15:00+0200,203.86,EUR/MWh,BE,BE,day_ahead_price,value,2026-08-03T21:57:58Z
2026-08-03T21:57:27Z,2026-08-03T23:57:27+0200,d07b3b2b-e83a-4999-877d-e2466ad53d7b,2026-07-30T19:30:00Z,2026-07-30T21:30:00+0200,200.72,EUR/MWh,BE,BE,day_ahead_price,value,2026-08-03T21:57:58Z
2026-08-03T21:57:27Z,2026-08-03T23:57:27+0200,d07b3b2b-e83a-4999-877d-e2466ad53d7b,2026-07-30T19:45:00Z,2026-07-30T21:45:00+0200,180.24,EUR/MWh,BE,BE,day_ahead_price,value,2026-08-03T21:57:58Z
2026-08-03T21:57:27Z,2026-08-03T23:57:27+0200,d07b3b2b-e83a-4999-877d-e2466ad53d7b,2026-07-30T20:00:00Z,2026-07-30T22:00:00+0200,201.3,EUR/MWh,BE,BE,day_ahead_price,value,2026-08-03T21:57:58Z
2026-08-03T21:57:27Z,2026-08-03T23:57:27+0200,d07b3b2b-e83a-4999-877d-e2466ad53d7b,2026-07-30T20:15:00Z,2026-07-30T22:15:00+0200,194.09,EUR/MWh,BE,BE,day_ahead_price,value,2026-08-03T21:57:58Z
2026-08-03T21:57:27Z,2026-08-03T23:57:27+0200,d07b3b2b-e83a-4999-877d-e2466ad53d7b,2026-07-30T20:30:00Z,2026-07-30T22:30:00+0200,187.25,EUR/MWh,BE,BE,day_ahead_price,value,2026-08-03T21:57:58Z
2026-08-03T21:57:27Z,2026-08-03T23:57:27+0200,d07b3b2b-e83a-4999-877d-e2466ad53d7b,2026-07-30T20:45:00Z,2026-07-30T22:45:00+0200,178.55,EUR/MWh,BE,BE,day_ahead_price,value,2026-08-03T21:57:58Z
2026-08-03T21:57:27Z,2026-08-03T23:57:27+0200,d07b3b2b-e83a-4999-877d-e2466ad53d7b,2026-07-30T21:00:00Z,2026-07-30T23:00:00+0200,181.29,EUR/MWh,BE,BE,day_ahead_price,value,2026-08-03T21:57:58Z
2026-08-03T21:57:27Z,2026-08-03T23:57:27+0200,d07b3b2b-e83a-4999-877d-e2466ad53d7b,2026-07-30T21:15:00Z,2026-07-30T23:15:00+0200,172.65,EUR/MWh,BE,BE,day_ahead_price,value,2026-08-03T21:57:58Z
2026-08-03T21:57:27Z,2026-08-03T23:57:27+0200,d07b3b2b-e83a-4999-877d-e2466ad53d7b,2026-07-30T21:30:00Z,2026-07-30T23:30:00+0200,169.78,EUR/MWh,BE,BE,day_ahead_price,value,2026-08-03T21:57:58Z
2026-08-03T21:57:27Z,2026-08-03T23:57:27+0200,d07b3b2b-e83a-4999-877d-e2466ad53d7b,2026-07-30T21:45:00Z,2026-07-30T23:45:00+0200,159.6,EUR/MWh,BE,BE,day_ahead_price,value,2026-08-03T21:57:58Z
2026-08-03T21:57:27Z,2026-08-03T23:57:27+0200,d07b3b2b-e83a-4999-877d-e2466ad53d7b,2026-07-30T22:00:00Z,2026-07-31T00:00:00+0200,177.28,EUR/MWh,BE,BE,day_ahead_price,value,2026-08-03T21:57:58Z
2026-08-03T21:57:27Z,2026-08-03T23:57:27+0200,d07b3b2b-e83a-4999-877d-e2466ad53d7b,2026-07-30T22:15:00Z,2026-07-31T00:15:00+0200,170.09,EUR/MWh,BE,BE,day_ahead_price,value,2026-08-03T21:57:58Z
2026-08-03T21:57:27Z,2026-08-03T23:57:27+0200,d07b3b2b-e83a-4999-877d-e2466ad53d7b,2026-07-30T22:30:00Z,2026-07-31T00:30:00+0200,164.6,EUR/MWh,BE,BE,day_ahead_price,value,2026-08-03T21:57:58Z
2026-08-03T21:57:27Z,2026-08-03T23:57:27+0200,d07b3b2b-e83a-4999-877d-e2466ad53d7b,2026-07-30T22:45:00Z,2026-07-31T00:45:00+0200,159.14,EUR/MWh,BE,BE,day_ahead_price,value,2026-08-03T21:57:58Z
2026-08-03T21:57:27Z,2026-08-03T23:57:27+0200,d07b3b2b-e83a-4999-877d-e2466ad53d7b,2026-07-30T23:00:00Z,2026-07-31T01:00:00+0200,169.67,EUR/MWh,BE,BE,day_ahead_price,value,2026-08-03T21:57:58Z
2026-08-03T21:57:27Z,2026-08-03T23:57:27+0200,d07b3b2b-e83a-4999-877d-e2466ad53d7b,2026-07-30T23:15:00Z,2026-07-31T01:15:00+0200,161.5,EUR/MWh,BE,BE,day_ahead_price,value,2026-08-03T21:57:58Z
2026-08-03T21:57:27Z,2026-08-03T23:57:27+0200,d07b3b2b-e83a-4999-877d-e2466ad53d7b,2026-07-30T23:30:00Z,2026-07-31T01:30:00+0200,157.61,EUR/MWh,BE,BE,day_ahead_price,value,2026-08-03T21:57:58Z
2026-08-03T21:57:27Z,2026-08-03T23:57:27+0200,d07b3b2b-e83a-4999-877d-e2466ad53d7b,2026-07-30T23:45:00Z,2026-07-31T01:45:00+0200,154.04,EUR/MWh,BE,BE,day_ahead_price,value,2026-08-03T21:57:58Z
2026-08-03T21:57:27Z,2026-08-03T23:57:27+0200,d07b3b2b-e83a-4999-877d-e2466ad53d7b,2026-07-31T00:00:00Z,2026-07-31T02:00:00+0200,157.15,EUR/MWh,BE,BE,day_ahead_price,value,2026-08-03T21:57:58Z
2026-08-03T21:57:27Z,2026-08-03T23:57:27+0200,d07b3b2b-e83a-4999-877d-e2466ad53d7b,2026-07-31T00:15:00Z,2026-07-31T02:15:00+0200,154.5,EUR/MWh,BE,BE,day_ahead_price,value,2026-08-03T21:57:58Z
2026-08-03T21:57:27Z,2026-08-03T23:57:27+0200,d07b3b2b-e83a-4999-877d-e2466ad53d7b,2026-07-31T00:30:00Z,2026-07-31T02:30:00+0200,151.61,EUR/MWh,BE,BE,day_ahead_price,value,2026-08-03T21:57:58Z
2026-08-03T21:57:27Z,2026-08-03T23:57:27+0200,d07b3b2b-e83a-4999-877d-e2466ad53d7b,2026-07-31T00:45:00Z,2026-07-31T02:45:00+0200,144.95,EUR/MWh,BE,BE,day_ahead_price,value,2026-08-03T21:57:58Z
2026-08-03T21:57:27Z,2026-08-03T23:57:27+0200,d07b3b2b-e83a-4999-877d-e2466ad53d7b,2026-07-31T01:00:00Z,2026-07-31T03:00:00+0200,146.02,EUR/MWh,BE,BE,day_ahead_price,value,2026-08-03T21:57:58Z
2026-08-03T21:57:27Z,2026-08-03T23:57:27+0200,d07b3b2b-e83a-4999-877d-e2466ad53d7b,2026-07-31T01:15:00Z,2026-07-31T03:15:00+0200,149.56,EUR/MWh,BE,BE,day_ahead_price,value,2026-08-03T21:57:58Z
2026-08-03T21:57:27Z,2026-08-03T23:57:27+0200,d07b3b2b-e83a-4999-877d-e2466ad53d7b,2026-07-31T01:30:00Z,2026-07-31T03:30:00+0200,147.62,EUR/MWh,BE,BE,day_ahead_price,value,2026-08-03T21:57:58Z
2026-08-03T21:57:27Z,2026-08-03T23:57:27+0200,d07b3b2b-e83a-4999-877d-e2466ad53d7b,2026-07-31T01:45:00Z,2026-07-31T03:45:00+0200,146.29,EUR/MWh,BE,BE,day_ahead_price,value,2026-08-03T21:57:58Z
2026-08-03T21:57:27Z,2026-08-03T23:57:27+0200,d07b3b2b-e83a-4999-877d-e2466ad53d7b,2026-07-31T02:00:00Z,2026-07-31T04:00:00+0200,146.32,EUR/MWh,BE,BE,day_ahead_price,value,2026-08-03T21:57:58Z
2026-08-03T21:57:27Z,2026-08-03T23:57:27+0200,d07b3b2b-e83a-4999-877d-e2466ad53d7b,2026-07-31T02:15:00Z,2026-07-31T04:15:00+0200,144.55,EUR/MWh,BE,BE,day_ahead_price,value,2026-08-03T21:57:58Z
2026-08-03T21:57:27Z,2026-08-03T23:57:27+0200,d07b3b2b-e83a-4999-877d-e2466ad53d7b,2026-07-31T02:30:00Z,2026-07-31T04:30:00+0200,148.53,EUR/MWh,BE,BE,day_ahead_price,value,2026-08-03T21:57:58Z
2026-08-03T21:57:27Z,2026-08-03T23:57:27+0200,d07b3b2b-e83a-4999-877d-e2466ad53d7b,2026-07-31T02:45:00Z,2026-07-31T04:45:00+0200,152.55,EUR/MWh,BE,BE,day_ahead_price,value,2026-08-03T21:57:58Z
2026-08-03T21:57:27Z,2026-08-03T23:57:27+0200,d07b3b2b-e83a-4999-877d-e2466ad53d7b,2026-07-31T03:00:00Z,2026-07-31T05:00:00+0200,148.23,EUR/MWh,BE,BE,day_ahead_price,value,2026-08-03T21:57:58Z
2026-08-03T21:57:27Z,2026-08-03T23:57:27+0200,d07b3b2b-e83a-4999-877d-e2466ad53d7b,2026-07-31T03:15:00Z,2026-07-31T05:15:00+0200,158.66,EUR/MWh,BE,BE,day_ahead_price,value,2026-08-03T21:57:58Z
2026-08-03T21:57:27Z,2026-08-03T23:57:27+0200,d07b3b2b-e83a-4999-877d-e2466ad53d7b,2026-07-31T03:30:00Z,2026-07-31T05:30:00+0200,164.91,EUR/MWh,BE,BE,day_ahead_price,value,2026-08-03T21:57:58Z
2026-08-03T21:57:27Z,2026-08-03T23:57:27+0200,d07b3b2b-e83a-4999-877d-e2466ad53d7b,2026-07-31T03:45:00Z,2026-07-31T05:45:00+0200,163.63,EUR/MWh,BE,BE,day_ahead_price,value,2026-08-03T21:57:58Z
2026-08-03T21:57:27Z,2026-08-03T23:57:27+0200,d07b3b2b-e83a-4999-877d-e2466ad53d7b,2026-07-31T04:00:00Z,2026-07-31T06:00:00+0200,167.35,EUR/MWh,BE,BE,day_ahead_price,value,2026-08-03T21:57:58Z
2026-08-03T21:57:27Z,2026-08-03T23:57:27+0200,d07b3b2b-e83a-4999-877d-e2466ad53d7b,2026-07-31T04:15:00Z,2026-07-31T06:15:00+0200,174.12,EUR/MWh,BE,BE,day_ahead_price,value,2026-08-03T21:57:58Z
2026-08-03T21:57:27Z,2026-08-03T23:57:27+0200,d07b3b2b-e83a-4999-877d-e2466ad53d7b,2026-07-31T04:30:00Z,2026-07-31T06:30:00+0200,178.74,EUR/MWh,BE,BE,day_ahead_price,value,2026-08-03T21:57:58Z
2026-08-03T21:57:27Z,2026-08-03T23:57:27+0200,d07b3b2b-e83a-4999-877d-e2466ad53d7b,2026-07-31T04:45:00Z,2026-07-31T06:45:00+0200,178.12,EUR/MWh,BE,BE,day_ahead_price,value,2026-08-03T21:57:58Z
2026-08-03T21:57:27Z,2026-08-03T23:57:27+0200,d07b3b2b-e83a-4999-877d-e2466ad53d7b,2026-07-31T05:00:00Z,2026-07-31T07:00:00+0200,181.96,EUR/MWh,BE,BE,day_ahead_price,value,2026-08-03T21:57:58Z
2026-08-03T21:57:27Z,2026-08-03T23:57:27+0200,d07b3b2b-e83a-4999-877d-e2466ad53d7b,2026-07-31T05:15:00Z,2026-07-31T07:15:00+0200,180.0,EUR/MWh,BE,BE,day_ahead_price,value,2026-08-03T21:57:58Z
2026-08-03T21:57:27Z,2026-08-03T23:57:27+0200,d07b3b2b-e83a-4999-877d-e2466ad53d7b,2026-07-31T05:30:00Z,2026-07-31T07:30:00+0200,172.61,EUR/MWh,BE,BE,day_ahead_price,value,2026-08-03T21:57:58Z
2026-08-03T21:57:27Z,2026-08-03T23:57:27+0200,d07b3b2b-e83a-4999-877d-e2466ad53d7b,2026-07-31T05:45:00Z,2026-07-31T07:45:00+0200,150.2,EUR/MWh,BE,BE,day_ahead_price,value,2026-08-03T21:57:58Z
2026-08-03T21:57:27Z,2026-08-03T23:57:27+0200,d07b3b2b-e83a-4999-877d-e2466ad53d7b,2026-07-31T06:00:00Z,2026-07-31T08:00:00+0200,182.6,EUR/MWh,BE,BE,day_ahead_price,value,2026-08-03T21:57:58Z
2026-08-03T21:57:27Z,2026-08-03T23:57:27+0200,d07b3b2b-e83a-4999-877d-e2466ad53d7b,2026-07-31T06:15:00Z,2026-07-31T08:15:00+0200,170.72,EUR/MWh,BE,BE,day_ahead_price,value,2026-08-03T21:57:58Z
2026-08-03T21:57:27Z,2026-08-03T23:57:27+0200,d07b3b2b-e83a-4999-877d-e2466ad53d7b,2026-07-31T06:30:00Z,2026-07-31T08:30:00+0200,153.29,EUR/MWh,BE,BE,day_ahead_price,value,2026-08-03T21:57:58Z
2026-08-03T21:57:27Z,2026-08-03T23:57:27+0200,d07b3b2b-e83a-4999-877d-e2466ad53d7b,2026-07-31T06:45:00Z,2026-07-31T08:45:00+0200,128.67,EUR/MWh,BE,BE,day_ahead_price,value,2026-08-03T21:57:58Z
2026-08-03T21:57:27Z,2026-08-03T23:57:27+0200,d07b3b2b-e83a-4999-877d-e2466ad53d7b,2026-07-31T07:00:00Z,2026-07-31T09:00:00+0200,160.0,EUR/MWh,BE,BE,day_ahead_price,value,2026-08-03T21:57:58Z
2026-08-03T21:57:27Z,2026-08-03T23:57:27+0200,d07b3b2b-e83a-4999-877d-e2466ad53d7b,2026-07-31T07:15:00Z,2026-07-31T09:15:00+0200,144.3,EUR/MWh,BE,BE,day_ahead_price,value,2026-08-03T21:57:58Z
2026-08-03T21:57:27Z,2026-08-03T23:57:27+0200,d07b3b2b-e83a-4999-877d-e2466ad53d7b,2026-07-31T07:30:00Z,2026-07-31T09:30:00+0200,131.05,EUR/MWh,BE,BE,day_ahead_price,value,2026-08-03T21:57:58Z
2026-08-03T21:57:27Z,2026-08-03T23:57:27+0200,d07b3b2b-e83a-4999-877d-e2466ad53d7b,2026-07-31T07:45:00Z,2026-07-31T09:45:00+0200,127.25,EUR/MWh,BE,BE,day_ahead_price,value,2026-08-03T21:57:58Z
2026-08-03T21:57:27Z,2026-08-03T23:57:27+0200,d07b3b2b-e83a-4999-877d-e2466ad53d7b,2026-07-31T08:00:00Z,2026-07-31T10:00:00+0200,136.57,EUR/MWh,BE,BE,day_ahead_price,value,2026-08-03T21:57:58Z
2026-08-03T21:57:27Z,2026-08-03T23:57:27+0200,d07b3b2b-e83a-4999-877d-e2466ad53d7b,2026-07-31T08:15:00Z,2026-07-31T10:15:00+0200,149.58,EUR/MWh,BE,BE,day_ahead_price,value,2026-08-03T21:57:58Z
2026-08-03T21:57:27Z,2026-08-03T23:57:27+0200,d07b3b2b-e83a-4999-877d-e2466ad53d7b,2026-07-31T08:30:00Z,2026-07-31T10:30:00+0200,120.98,EUR/MWh,BE,BE,day_ahead_price,value,2026-08-03T21:57:58Z
2026-08-03T21:57:27Z,2026-08-03T23:57:27+0200,d07b3b2b-e83a-4999-877d-e2466ad53d7b,2026-07-31T08:45:00Z,2026-07-31T10:45:00+0200,108.95,EUR/MWh,BE,BE,day_ahead_price,value,2026-08-03T21:57:58Z
2026-08-03T21:57:27Z,2026-08-03T23:57:27+0200,d07b3b2b-e83a-4999-877d-e2466ad53d7b,2026-07-31T09:00:00Z,2026-07-31T11:00:00+0200,114.39,EUR/MWh,BE,BE,day_ahead_price,value,2026-08-03T21:57:58Z
2026-08-03T21:57:27Z,2026-08-03T23:57:27+0200,d07b3b2b-e83a-4999-877d-e2466ad53d7b,2026-07-31T09:15:00Z,2026-07-31T11:15:00+0200,106.32,EUR/MWh,BE,BE,day_ahead_price,value,2026-08-03T21:57:58Z
2026-08-03T21:57:27Z,2026-08-03T23:57:27+0200,d07b3b2b-e83a-4999-877d-e2466ad53d7b,2026-07-31T09:30:00Z,2026-07-31T11:30:00+0200,117.32,EUR/MWh,BE,BE,day_ahead_price,value,2026-08-03T21:57:58Z
2026-08-03T21:57:27Z,2026-08-03T23:57:27+0200,d07b3b2b-e83a-4999-877d-e2466ad53d7b,2026-07-31T09:45:00Z,2026-07-31T11:45:00+0200,102.46,EUR/MWh,BE,BE,day_ahead_price,value,2026-08-03T21:57:58Z
2026-08-03T21:57:27Z,2026-08-03T23:57:27+0200,d07b3b2b-e83a-4999-877d-e2466ad53d7b,2026-07-31T10:00:00Z,2026-07-31T12:00:00+0200,97.74,EUR/MWh,BE,BE,day_ahead_price,value,2026-08-03T21:57:58Z
2026-08-03T21:57:27Z,2026-08-03T23:57:27+0200,d07b3b2b-e83a-4999-877d-e2466ad53d7b,2026-07-31T10:15:00Z,2026-07-31T12:15:00+0200,95.74,EUR/MWh,BE,BE,day_ahead_price,value,2026-08-03T21:57:58Z
2026-08-03T21:57:27Z,2026-08-03T23:57:27+0200,d07b3b2b-e83a-4999-877d-e2466ad53d7b,2026-07-31T10:30:00Z,2026-07-31T12:30:00+0200,96.03,EUR/MWh,BE,BE,day_ahead_price,value,2026-08-03T21:57:58Z
2026-08-03T21:57:27Z,2026-08-03T23:57:27+0200,d07b3b2b-e83a-4999-877d-e2466ad53d7b,2026-07-31T10:45:00Z,2026-07-31T12:45:00+0200,86.99,EUR/MWh,BE,BE,day_ahead_price,value,2026-08-03T21:57:58Z
2026-08-03T21:57:27Z,2026-08-03T23:57:27+0200,d07b3b2b-e83a-4999-877d-e2466ad53d7b,2026-07-31T11:00:00Z,2026-07-31T13:00:00+0200,85.01,EUR/MWh,BE,BE,day_ahead_price,value,2026-08-03T21:57:58Z
2026-08-03T21:57:27Z,2026-08-03T23:57:27+0200,d07b3b2b-e83a-4999-877d-e2466ad53d7b,2026-07-31T11:15:00Z,2026-07-31T13:15:00+0200,84.46,EUR/MWh,BE,BE,day_ahead_price,value,2026-08-03T21:57:58Z
2026-08-03T21:57:27Z,2026-08-03T23:57:27+0200,d07b3b2b-e83a-4999-877d-e2466ad53d7b,2026-07-31T11:30:00Z,2026-07-31T13:30:00+0200,82.25,EUR/MWh,BE,BE,day_ahead_price,value,2026-08-03T21:57:58Z
2026-08-03T21:57:27Z,2026-08-03T23:57:27+0200,d07b3b2b-e83a-4999-877d-e2466ad53d7b,2026-07-31T11:45:00Z,2026-07-31T13:45:00+0200,81.35,EUR/MWh,BE,BE,day_ahead_price,value,2026-08-03T21:57:58Z
2026-08-03T21:57:27Z,2026-08-03T23:57:27+0200,d07b3b2b-e83a-4999-877d-e2466ad53d7b,2026-07-31T12:00:00Z,2026-07-31T14:00:00+0200,80.4,EUR/MWh,BE,BE,day_ahead_price,value,2026-08-03T21:57:58Z
2026-08-03T21:57:27Z,2026-08-03T23:57:27+0200,d07b3b2b-e83a-4999-877d-e2466ad53d7b,2026-07-31T12:15:00Z,2026-07-31T14:15:00+0200,81.99,EUR/MWh,BE,BE,day_ahead_price,value,2026-08-03T21:57:58Z
2026-08-03T21:57:27Z,2026-08-03T23:57:27+0200,d07b3b2b-e83a-4999-877d-e2466ad53d7b,2026-07-31T12:30:00Z,2026-07-31T14:30:00+0200,87.81,EUR/MWh,BE,BE,day_ahead_price,value,2026-08-03T21:57:58Z
2026-08-03T21:57:27Z,2026-08-03T23:57:27+0200,d07b3b2b-e83a-4999-877d-e2466ad53d7b,2026-07-31T12:45:00Z,2026-07-31T14:45:00+0200,94.94,EUR/MWh,BE,BE,day_ahead_price,value,2026-08-03T21:57:58Z
2026-08-03T21:57:27Z,2026-08-03T23:57:27+0200,d07b3b2b-e83a-4999-877d-e2466ad53d7b,2026-07-31T13:00:00Z,2026-07-31T15:00:00+0200,88.09,EUR/MWh,BE,BE,day_ahead_price,value,2026-08-03T21:57:58Z
2026-08-03T21:57:27Z,2026-08-03T23:57:27+0200,d07b3b2b-e83a-4999-877d-e2466ad53d7b,2026-07-31T13:15:00Z,2026-07-31T15:15:00+0200,94.98,EUR/MWh,BE,BE,day_ahead_price,value,2026-08-03T21:57:58Z
2026-08-03T21:57:27Z,2026-08-03T23:57:27+0200,d07b3b2b-e83a-4999-877d-e2466ad53d7b,2026-07-31T13:30:00Z,2026-07-31T15:30:00+0200,95.8,EUR/MWh,BE,BE,day_ahead_price,value,2026-08-03T21:57:58Z
2026-08-03T21:57:27Z,2026-08-03T23:57:27+0200,d07b3b2b-e83a-4999-877d-e2466ad53d7b,2026-07-31T13:45:00Z,2026-07-31T15:45:00+0200,101.14,EUR/MWh,BE,BE,day_ahead_price,value,2026-08-03T21:57:58Z
2026-08-03T21:57:27Z,2026-08-03T23:57:27+0200,d07b3b2b-e83a-4999-877d-e2466ad53d7b,2026-07-31T14:00:00Z,2026-07-31T16:00:00+0200,103.11,EUR/MWh,BE,BE,day_ahead_price,value,2026-08-03T21:57:58Z
2026-08-03T21:57:27Z,2026-08-03T23:57:27+0200,d07b3b2b-e83a-4999-877d-e2466ad53d7b,2026-07-31T14:15:00Z,2026-07-31T16:15:00+0200,107.08,EUR/MWh,BE,BE,day_ahead_price,value,2026-08-03T21:57:58Z
2026-08-03T21:57:27Z,2026-08-03T23:57:27+0200,d07b3b2b-e83a-4999-877d-e2466ad53d7b,2026-07-31T14:30:00Z,2026-07-31T16:30:00+0200,110.84,EUR/MWh,BE,BE,day_ahead_price,value,2026-08-03T21:57:58Z
2026-08-03T21:57:27Z,2026-08-03T23:57:27+0200,d07b3b2b-e83a-4999-877d-e2466ad53d7b,2026-07-31T14:45:00Z,2026-07-31T16:45:00+0200,123.21,EUR/MWh,BE,BE,day_ahead_price,value,2026-08-03T21:57:58Z
2026-08-03T21:57:27Z,2026-08-03T23:57:27+0200,d07b3b2b-e83a-4999-877d-e2466ad53d7b,2026-07-31T15:00:00Z,2026-07-31T17:00:00+0200,116.81,EUR/MWh,BE,BE,day_ahead_price,value,2026-08-03T21:57:58Z
2026-08-03T21:57:27Z,2026-08-03T23:57:27+0200,d07b3b2b-e83a-4999-877d-e2466ad53d7b,2026-07-31T15:15:00Z,2026-07-31T17:15:00+0200,123.81,EUR/MWh,BE,BE,day_ahead_price,value,2026-08-03T21:57:58Z
2026-08-03T21:57:27Z,2026-08-03T23:57:27+0200,d07b3b2b-e83a-4999-877d-e2466ad53d7b,2026-07-31T15:30:00Z,2026-07-31T17:30:00+0200,147.49,EUR/MWh,BE,BE,day_ahead_price,value,2026-08-03T21:57:58Z
2026-08-03T21:57:27Z,2026-08-03T23:57:27+0200,d07b3b2b-e83a-4999-877d-e2466ad53d7b,2026-07-31T15:45:00Z,2026-07-31T17:45:00+0200,151.89,EUR/MWh,BE,BE,day_ahead_price,value,2026-08-03T21:57:58Z
2026-08-03T21:57:27Z,2026-08-03T23:57:27+0200,d07b3b2b-e83a-4999-877d-e2466ad53d7b,2026-07-31T16:00:00Z,2026-07-31T18:00:00+0200,137.26,EUR/MWh,BE,BE,day_ahead_price,value,2026-08-03T21:57:58Z
2026-08-03T21:57:27Z,2026-08-03T23:57:27+0200,d07b3b2b-e83a-4999-877d-e2466ad53d7b,2026-07-31T16:15:00Z,2026-07-31T18:15:00+0200,148.8,EUR/MWh,BE,BE,day_ahead_price,value,2026-08-03T21:57:58Z
2026-08-03T21:57:27Z,2026-08-03T23:57:27+0200,d07b3b2b-e83a-4999-877d-e2466ad53d7b,2026-07-31T16:30:00Z,2026-07-31T18:30:00+0200,154.47,EUR/MWh,BE,BE,day_ahead_price,value,2026-08-03T21:57:58Z
2026-08-03T21:57:27Z,2026-08-03T23:57:27+0200,d07b3b2b-e83a-4999-877d-e2466ad53d7b,2026-07-31T16:45:00Z,2026-07-31T18:45:00+0200,148.19,EUR/MWh,BE,BE,day_ahead_price,value,2026-08-03T21:57:58Z
2026-08-03T21:57:27Z,2026-08-03T23:57:27+0200,d07b3b2b-e83a-4999-877d-e2466ad53d7b,2026-07-31T17:00:00Z,2026-07-31T19:00:00+0200,135.12,EUR/MWh,BE,BE,day_ahead_price,value,2026-08-03T21:57:58Z
2026-08-03T21:57:27Z,2026-08-03T23:57:27+0200,d07b3b2b-e83a-4999-877d-e2466ad53d7b,2026-07-31T17:15:00Z,2026-07-31T19:15:00+0200,146.29,EUR/MWh,BE,BE,day_ahead_price,value,2026-08-03T21:57:58Z
2026-08-03T21:57:27Z,2026-08-03T23:57:27+0200,d07b3b2b-e83a-4999-877d-e2466ad53d7b,2026-07-31T17:30:00Z,2026-07-31T19:30:00+0200,167.53,EUR/MWh,BE,BE,day_ahead_price,value,2026-08-03T21:57:58Z
2026-08-03T21:57:27Z,2026-08-03T23:57:27+0200,d07b3b2b-e83a-4999-877d-e2466ad53d7b,2026-07-31T17:45:00Z,2026-07-31T19:45:00+0200,182.0,EUR/MWh,BE,BE,day_ahead_price,value,2026-08-03T21:57:58Z
2026-08-03T21:57:27Z,2026-08-03T23:57:27+0200,d07b3b2b-e83a-4999-877d-e2466ad53d7b,2026-07-31T18:00:00Z,2026-07-31T20:00:00+0200,165.3,EUR/MWh,BE,BE,day_ahead_price,value,2026-08-03T21:57:58Z
2026-08-03T21:57:27Z,2026-08-03T23:57:27+0200,d07b3b2b-e83a-4999-877d-e2466ad53d7b,2026-07-31T18:15:00Z,2026-07-31T20:15:00+0200,169.25,EUR/MWh,BE,BE,day_ahead_price,value,2026-08-03T21:57:58Z
2026-08-03T21:57:27Z,2026-08-03T23:57:27+0200,d07b3b2b-e83a-4999-877d-e2466ad53d7b,2026-07-31T18:30:00Z,2026-07-31T20:30:00+0200,184.35,EUR/MWh,BE,BE,day_ahead_price,value,2026-08-03T21:57:58Z
2026-08-03T21:57:27Z,2026-08-03T23:57:27+0200,d07b3b2b-e83a-4999-877d-e2466ad53d7b,2026-07-31T18:45:00Z,2026-07-31T20:45:00+0200,185.34,EUR/MWh,BE,BE,day_ahead_price,value,2026-08-03T21:57:58Z
2026-08-03T21:57:27Z,2026-08-03T23:57:27+0200,d07b3b2b-e83a-4999-877d-e2466ad53d7b,2026-07-31T19:00:00Z,2026-07-31T21:00:00+0200,180.88,EUR/MWh,BE,BE,day_ahead_price,value,2026-08-03T21:57:58Z
2026-08-03T21:57:27Z,2026-08-03T23:57:27+0200,d07b3b2b-e83a-4999-877d-e2466ad53d7b,2026-07-31T19:15:00Z,2026-07-31T21:15:00+0200,183.78,EUR/MWh,BE,BE,day_ahead_price,value,2026-08-03T21:57:58Z
2026-08-03T21:57:27Z,2026-08-03T23:57:27+0200,d07b3b2b-e83a-4999-877d-e2466ad53d7b,2026-07-31T19:30:00Z,2026-07-31T21:30:00+0200,184.99,EUR/MWh,BE,BE,day_ahead_price,value,2026-08-03T21:57:58Z
2026-08-03T21:57:27Z,2026-08-03T23:57:27+0200,d07b3b2b-e83a-4999-877d-e2466ad53d7b,2026-07-31T19:45:00Z,2026-07-31T21:45:00+0200,181.03,EUR/MWh,BE,BE,day_ahead_price,value,2026-08-03T21:57:58Z
2026-08-03T21:57:27Z,2026-08-03T23:57:27+0200,d07b3b2b-e83a-4999-877d-e2466ad53d7b,2026-07-31T20:00:00Z,2026-07-31T22:00:00+0200,188.21,EUR/MWh,BE,BE,day_ahead_price,value,2026-08-03T21:57:58Z
2026-08-03T21:57:27Z,2026-08-03T23:57:27+0200,d07b3b2b-e83a-4999-877d-e2466ad53d7b,2026-07-31T20:15:00Z,2026-07-31T22:15:00+0200,186.53,EUR/MWh,BE,BE,day_ahead_price,value,2026-08-03T21:57:58Z
2026-08-03T21:57:27Z,2026-08-03T23:57:27+0200,d07b3b2b-e83a-4999-877d-e2466ad53d7b,2026-07-31T20:30:00Z,2026-07-31T22:30:00+0200,180.04,EUR/MWh,BE,BE,day_ahead_price,value,2026-08-03T21:57:58Z
2026-08-03T21:57:27Z,2026-08-03T23:57:27+0200,d07b3b2b-e83a-4999-877d-e2466ad53d7b,2026-07-31T20:45:00Z,2026-07-31T22:45:00+0200,173.32,EUR/MWh,BE,BE,day_ahead_price,value,2026-08-03T21:57:58Z
2026-08-03T21:57:27Z,2026-08-03T23:57:27+0200,d07b3b2b-e83a-4999-877d-e2466ad53d7b,2026-07-31T21:00:00Z,2026-07-31T23:00:00+0200,175.92,EUR/MWh,BE,BE,day_ahead_price,value,2026-08-03T21:57:58Z
2026-08-03T21:57:27Z,2026-08-03T23:57:27+0200,d07b3b2b-e83a-4999-877d-e2466ad53d7b,2026-07-31T21:15:00Z,2026-07-31T23:15:00+0200,169.19,EUR/MWh,BE,BE,day_ahead_price,value,2026-08-03T21:57:58Z
2026-08-03T21:57:27Z,2026-08-03T23:57:27+0200,d07b3b2b-e83a-4999-877d-e2466ad53d7b,2026-07-31T21:30:00Z,2026-07-31T23:30:00+0200,167.36,EUR/MWh,BE,BE,day_ahead_price,value,2026-08-03T21:57:58Z
2026-08-03T21:57:27Z,2026-08-03T23:57:27+0200,d07b3b2b-e83a-4999-877d-e2466ad53d7b,2026-07-31T21:45:00Z,2026-07-31T23:45:00+0200,165.13,EUR/MWh,BE,BE,day_ahead_price,value,2026-08-03T21:57:58Z
2026-08-03T21:57:27Z,2026-08-03T23:57:27+0200,d07b3b2b-e83a-4999-877d-e2466ad53d7b,2026-07-31T22:00:00Z,2026-08-01T00:00:00+0200,182.22,EUR/MWh,BE,BE,day_ahead_price,value,2026-08-03T21:57:58Z
2026-08-03T21:57:27Z,2026-08-03T23:57:27+0200,d07b3b2b-e83a-4999-877d-e2466ad53d7b,2026-07-31T22:15:00Z,2026-08-01T00:15:00+0200,171.78,EUR/MWh,BE,BE,day_ahead_price,value,2026-08-03T21:57:58Z
2026-08-03T21:57:27Z,2026-08-03T23:57:27+0200,d07b3b2b-e83a-4999-877d-e2466ad53d7b,2026-07-31T22:30:00Z,2026-08-01T00:30:00+0200,162.15,EUR/MWh,BE,BE,day_ahead_price,value,2026-08-03T21:57:58Z
2026-08-03T21:57:27Z,2026-08-03T23:57:27+0200,d07b3b2b-e83a-4999-877d-e2466ad53d7b,2026-07-31T22:45:00Z,2026-08-01T00:45:00+0200,152.71,EUR/MWh,BE,BE,day_ahead_price,value,2026-08-03T21:57:58Z
2026-08-03T21:57:27Z,2026-08-03T23:57:27+0200,d07b3b2b-e83a-4999-877d-e2466ad53d7b,2026-07-31T23:00:00Z,2026-08-01T01:00:00+0200,166.8,EUR/MWh,BE,BE,day_ahead_price,value,2026-08-03T21:57:58Z
2026-08-03T21:57:27Z,2026-08-03T23:57:27+0200,d07b3b2b-e83a-4999-877d-e2466ad53d7b,2026-07-31T23:15:00Z,2026-08-01T01:15:00+0200,159.38,EUR/MWh,BE,BE,day_ahead_price,value,2026-08-03T21:57:58Z
2026-08-03T21:57:27Z,2026-08-03T23:57:27+0200,d07b3b2b-e83a-4999-877d-e2466ad53d7b,2026-07-31T23:30:00Z,2026-08-01T01:30:00+0200,156.57,EUR/MWh,BE,BE,day_ahead_price,value,2026-08-03T21:57:58Z
2026-08-03T21:57:27Z,2026-08-03T23:57:27+0200,d07b3b2b-e83a-4999-877d-e2466ad53d7b,2026-07-31T23:45:00Z,2026-08-01T01:45:00+0200,156.91,EUR/MWh,BE,BE,day_ahead_price,value,2026-08-03T21:57:58Z
2026-08-03T21:57:27Z,2026-08-03T23:57:27+0200,d07b3b2b-e83a-4999-877d-e2466ad53d7b,2026-08-01T00:00:00Z,2026-08-01T02:00:00+0200,158.15,EUR/MWh,BE,BE,day_ahead_price,value,2026-08-03T21:57:58Z
2026-08-03T21:57:27Z,2026-08-03T23:57:27+0200,d07b3b2b-e83a-4999-877d-e2466ad53d7b,2026-08-01T00:15:00Z,2026-08-01T02:15:00+0200,155.05,EUR/MWh,BE,BE,day_ahead_price,value,2026-08-03T21:57:58Z
2026-08-03T21:57:27Z,2026-08-03T23:57:27+0200,d07b3b2b-e83a-4999-877d-e2466ad53d7b,2026-08-01T00:30:00Z,2026-08-01T02:30:00+0200,153.55,EUR/MWh,BE,BE,day_ahead_price,value,2026-08-03T21:57:58Z
2026-08-03T21:57:27Z,2026-08-03T23:57:27+0200,d07b3b2b-e83a-4999-877d-e2466ad53d7b,2026-08-01T00:45:00Z,2026-08-01T02:45:00+0200,149.09,EUR/MWh,BE,BE,day_ahead_price,value,2026-08-03T21:57:58Z
2026-08-03T21:57:27Z,2026-08-03T23:57:27+0200,d07b3b2b-e83a-4999-877d-e2466ad53d7b,2026-08-01T01:00:00Z,2026-08-01T03:00:00+0200,153.28,EUR/MWh,BE,BE,day_ahead_price,value,2026-08-03T21:57:58Z
2026-08-03T21:57:27Z,2026-08-03T23:57:27+0200,d07b3b2b-e83a-4999-877d-e2466ad53d7b,2026-08-01T01:15:00Z,2026-08-01T03:15:00+0200,150.81,EUR/MWh,BE,BE,day_ahead_price,value,2026-08-03T21:57:58Z
2026-08-03T21:57:27Z,2026-08-03T23:57:27+0200,d07b3b2b-e83a-4999-877d-e2466ad53d7b,2026-08-01T01:30:00Z,2026-08-01T03:30:00+0200,151.91,EUR/MWh,BE,BE,day_ahead_price,value,2026-08-03T21:57:58Z
2026-08-03T21:57:27Z,2026-08-03T23:57:27+0200,d07b3b2b-e83a-4999-877d-e2466ad53d7b,2026-08-01T01:45:00Z,2026-08-01T03:45:00+0200,149.29,EUR/MWh,BE,BE,day_ahead_price,value,2026-08-03T21:57:58Z
2026-08-03T21:57:27Z,2026-08-03T23:57:27+0200,d07b3b2b-e83a-4999-877d-e2466ad53d7b,2026-08-01T02:00:00Z,2026-08-01T04:00:00+0200,149.34,EUR/MWh,BE,BE,day_ahead_price,value,2026-08-03T21:57:58Z
2026-08-03T21:57:27Z,2026-08-03T23:57:27+0200,d07b3b2b-e83a-4999-877d-e2466ad53d7b,2026-08-01T02:15:00Z,2026-08-01T04:15:00+0200,150.44,EUR/MWh,BE,BE,day_ahead_price,value,2026-08-03T21:57:58Z
2026-08-03T21:57:27Z,2026-08-03T23:57:27+0200,d07b3b2b-e83a-4999-877d-e2466ad53d7b,2026-08-01T02:30:00Z,2026-08-01T04:30:00+0200,150.19,EUR/MWh,BE,BE,day_ahead_price,value,2026-08-03T21:57:58Z
2026-08-03T21:57:27Z,2026-08-03T23:57:27+0200,d07b3b2b-e83a-4999-877d-e2466ad53d7b,2026-08-01T02:45:00Z,2026-08-01T04:45:00+0200,149.73,EUR/MWh,BE,BE,day_ahead_price,value,2026-08-03T21:57:58Z
2026-08-03T21:57:27Z,2026-08-03T23:57:27+0200,d07b3b2b-e83a-4999-877d-e2466ad53d7b,2026-08-01T03:00:00Z,2026-08-01T05:00:00+0200,149.4,EUR/MWh,BE,BE,day_ahead_price,value,2026-08-03T21:57:58Z
2026-08-03T21:57:27Z,2026-08-03T23:57:27+0200,d07b3b2b-e83a-4999-877d-e2466ad53d7b,2026-08-01T03:15:00Z,2026-08-01T05:15:00+0200,151.62,EUR/MWh,BE,BE,day_ahead_price,value,2026-08-03T21:57:58Z
2026-08-03T21:57:27Z,2026-08-03T23:57:27+0200,d07b3b2b-e83a-4999-877d-e2466ad53d7b,2026-08-01T03:30:00Z,2026-08-01T05:30:00+0200,153.1,EUR/MWh,BE,BE,day_ahead_price,value,2026-08-03T21:57:58Z
2026-08-03T21:57:27Z,2026-08-03T23:57:27+0200,d07b3b2b-e83a-4999-877d-e2466ad53d7b,2026-08-01T03:45:00Z,2026-08-01T05:45:00+0200,156.07,EUR/MWh,BE,BE,day_ahead_price,value,2026-08-03T21:57:58Z
2026-08-03T21:57:27Z,2026-08-03T23:57:27+0200,d07b3b2b-e83a-4999-877d-e2466ad53d7b,2026-08-01T04:00:00Z,2026-08-01T06:00:00+0200,158.05,EUR/MWh,BE,BE,day_ahead_price,value,2026-08-03T21:57:58Z
2026-08-03T21:57:27Z,2026-08-03T23:57:27+0200,d07b3b2b-e83a-4999-877d-e2466ad53d7b,2026-08-01T04:15:00Z,2026-08-01T06:15:00+0200,151.51,EUR/MWh,BE,BE,day_ahead_price,value,2026-08-03T21:57:58Z
2026-08-03T21:57:27Z,2026-08-03T23:57:27+0200,d07b3b2b-e83a-4999-877d-e2466ad53d7b,2026-08-01T04:30:00Z,2026-08-01T06:30:00+0200,151.82,EUR/MWh,BE,BE,day_ahead_price,value,2026-08-03T21:57:58Z
2026-08-03T21:57:27Z,2026-08-03T23:57:27+0200,d07b3b2b-e83a-4999-877d-e2466ad53d7b,2026-08-01T04:45:00Z,2026-08-01T06:45:00+0200,149.8,EUR/MWh,BE,BE,day_ahead_price,value,2026-08-03T21:57:58Z
2026-08-03T21:57:27Z,2026-08-03T23:57:27+0200,d07b3b2b-e83a-4999-877d-e2466ad53d7b,2026-08-01T05:00:00Z,2026-08-01T07:00:00+0200,162.96,EUR/MWh,BE,BE,day_ahead_price,value,2026-08-03T21:57:58Z
2026-08-03T21:57:27Z,2026-08-03T23:57:27+0200,d07b3b2b-e83a-4999-877d-e2466ad53d7b,2026-08-01T05:15:00Z,2026-08-01T07:15:00+0200,147.0,EUR/MWh,BE,BE,day_ahead_price,value,2026-08-03T21:57:58Z
2026-08-03T21:57:27Z,2026-08-03T23:57:27+0200,d07b3b2b-e83a-4999-877d-e2466ad53d7b,2026-08-01T05:30:00Z,2026-08-01T07:30:00+0200,141.73,EUR/MWh,BE,BE,day_ahead_price,value,2026-08-03T21:57:58Z
2026-08-03T21:57:27Z,2026-08-03T23:57:27+0200,d07b3b2b-e83a-4999-877d-e2466ad53d7b,2026-08-01T05:45:00Z,2026-08-01T07:45:00+0200,134.0,EUR/MWh,BE,BE,day_ahead_price,value,2026-08-03T21:57:58Z
2026-08-03T21:57:27Z,2026-08-03T23:57:27+0200,d07b3b2b-e83a-4999-877d-e2466ad53d7b,2026-08-01T06:00:00Z,2026-08-01T08:00:00+0200,160.86,EUR/MWh,BE,BE,day_ahead_price,value,2026-08-03T21:57:58Z
2026-08-03T21:57:27Z,2026-08-03T23:57:27+0200,d07b3b2b-e83a-4999-877d-e2466ad53d7b,2026-08-01T06:15:00Z,2026-08-01T08:15:00+0200,143.7,EUR/MWh,BE,BE,day_ahead_price,value,2026-08-03T21:57:58Z
2026-08-03T21:57:27Z,2026-08-03T23:57:27+0200,d07b3b2b-e83a-4999-877d-e2466ad53d7b,2026-08-01T06:30:00Z,2026-08-01T08:30:00+0200,133.18,EUR/MWh,BE,BE,day_ahead_price,value,2026-08-03T21:57:58Z
2026-08-03T21:57:27Z,2026-08-03T23:57:27+0200,d07b3b2b-e83a-4999-877d-e2466ad53d7b,2026-08-01T06:45:00Z,2026-08-01T08:45:00+0200,122.58,EUR/MWh,BE,BE,day_ahead_price,value,2026-08-03T21:57:58Z
2026-08-03T21:57:27Z,2026-08-03T23:57:27+0200,d07b3b2b-e83a-4999-877d-e2466ad53d7b,2026-08-01T07:00:00Z,2026-08-01T09:00:00+0200,145.41,EUR/MWh,BE,BE,day_ahead_price,value,2026-08-03T21:57:58Z
2026-08-03T21:57:27Z,2026-08-03T23:57:27+0200,d07b3b2b-e83a-4999-877d-e2466ad53d7b,2026-08-01T07:15:00Z,2026-08-01T09:15:00+0200,119.78,EUR/MWh,BE,BE,day_ahead_price,value,2026-08-03T21:57:58Z
2026-08-03T21:57:27Z,2026-08-03T23:57:27+0200,d07b3b2b-e83a-4999-877d-e2466ad53d7b,2026-08-01T07:30:00Z,2026-08-01T09:30:00+0200,109.39,EUR/MWh,BE,BE,day_ahead_price,value,2026-08-03T21:57:58Z
2026-08-03T21:57:27Z,2026-08-03T23:57:27+0200,d07b3b2b-e83a-4999-877d-e2466ad53d7b,2026-08-01T07:45:00Z,2026-08-01T09:45:00+0200,93.61,EUR/MWh,BE,BE,day_ahead_price,value,2026-08-03T21:57:58Z
2026-08-03T21:57:27Z,2026-08-03T23:57:27+0200,d07b3b2b-e83a-4999-877d-e2466ad53d7b,2026-08-01T08:00:00Z,2026-08-01T10:00:00+0200,100.68,EUR/MWh,BE,BE,day_ahead_price,value,2026-08-03T21:57:58Z
2026-08-03T21:57:27Z,2026-08-03T23:57:27+0200,d07b3b2b-e83a-4999-877d-e2466ad53d7b,2026-08-01T08:15:00Z,2026-08-01T10:15:00+0200,83.8,EUR/MWh,BE,BE,day_ahead_price,value,2026-08-03T21:57:58Z
2026-08-03T21:57:27Z,2026-08-03T23:57:27+0200,d07b3b2b-e83a-4999-877d-e2466ad53d7b,2026-08-01T08:30:00Z,2026-08-01T10:30:00+0200,73.04,EUR/MWh,BE,BE,day_ahead_price,value,2026-08-03T21:57:58Z
2026-08-03T21:57:27Z,2026-08-03T23:57:27+0200,d07b3b2b-e83a-4999-877d-e2466ad53d7b,2026-08-01T08:45:00Z,2026-08-01T10:45:00+0200,57.58,EUR/MWh,BE,BE,day_ahead_price,value,2026-08-03T21:57:58Z
2026-08-03T21:57:27Z,2026-08-03T23:57:27+0200,d07b3b2b-e83a-4999-877d-e2466ad53d7b,2026-08-01T09:00:00Z,2026-08-01T11:00:00+0200,59.18,EUR/MWh,BE,BE,day_ahead_price,value,2026-08-03T21:57:58Z
2026-08-03T21:57:27Z,2026-08-03T23:57:27+0200,d07b3b2b-e83a-4999-877d-e2466ad53d7b,2026-08-01T09:15:00Z,2026-08-01T11:15:00+0200,48.18,EUR/MWh,BE,BE,day_ahead_price,value,2026-08-03T21:57:58Z
2026-08-03T21:57:27Z,2026-08-03T23:57:27+0200,d07b3b2b-e83a-4999-877d-e2466ad53d7b,2026-08-01T09:30:00Z,2026-08-01T11:30:00+0200,36.17,EUR/MWh,BE,BE,day_ahead_price,value,2026-08-03T21:57:58Z
2026-08-03T21:57:27Z,2026-08-03T23:57:27+0200,d07b3b2b-e83a-4999-877d-e2466ad53d7b,2026-08-01T09:45:00Z,2026-08-01T11:45:00+0200,18.87,EUR/MWh,BE,BE,day_ahead_price,value,2026-08-03T21:57:58Z
2026-08-03T21:57:27Z,2026-08-03T23:57:27+0200,d07b3b2b-e83a-4999-877d-e2466ad53d7b,2026-08-01T10:00:00Z,2026-08-01T12:00:00+0200,22.45,EUR/MWh,BE,BE,day_ahead_price,value,2026-08-03T21:57:58Z
2026-08-03T21:57:27Z,2026-08-03T23:57:27+0200,d07b3b2b-e83a-4999-877d-e2466ad53d7b,2026-08-01T10:15:00Z,2026-08-01T12:15:00+0200,14.06,EUR/MWh,BE,BE,day_ahead_price,value,2026-08-03T21:57:58Z
2026-08-03T21:57:27Z,2026-08-03T23:57:27+0200,d07b3b2b-e83a-4999-877d-e2466ad53d7b,2026-08-01T10:30:00Z,2026-08-01T12:30:00+0200,8.55,EUR/MWh,BE,BE,day_ahead_price,value,2026-08-03T21:57:58Z
2026-08-03T21:57:27Z,2026-08-03T23:57:27+0200,d07b3b2b-e83a-4999-877d-e2466ad53d7b,2026-08-01T10:45:00Z,2026-08-01T12:45:00+0200,3.12,EUR/MWh,BE,BE,day_ahead_price,value,2026-08-03T21:57:58Z
2026-08-03T21:57:27Z,2026-08-03T23:57:27+0200,d07b3b2b-e83a-4999-877d-e2466ad53d7b,2026-08-01T11:00:00Z,2026-08-01T13:00:00+0200,1.56,EUR/MWh,BE,BE,day_ahead_price,value,2026-08-03T21:57:58Z
2026-08-03T21:57:27Z,2026-08-03T23:57:27+0200,d07b3b2b-e83a-4999-877d-e2466ad53d7b,2026-08-01T11:15:00Z,2026-08-01T13:15:00+0200,0.21,EUR/MWh,BE,BE,day_ahead_price,value,2026-08-03T21:57:58Z
2026-08-03T21:57:27Z,2026-08-03T23:57:27+0200,d07b3b2b-e83a-4999-877d-e2466ad53d7b,2026-08-01T11:30:00Z,2026-08-01T13:30:00+0200,0.22,EUR/MWh,BE,BE,day_ahead_price,value,2026-08-03T21:57:58Z
2026-08-03T21:57:27Z,2026-08-03T23:57:27+0200,d07b3b2b-e83a-4999-877d-e2466ad53d7b,2026-08-01T11:45:00Z,2026-08-01T13:45:00+0200,0.22,EUR/MWh,BE,BE,day_ahead_price,value,2026-08-03T21:57:58Z
2026-08-03T21:57:27Z,2026-08-03T23:57:27+0200,d07b3b2b-e83a-4999-877d-e2466ad53d7b,2026-08-01T12:00:00Z,2026-08-01T14:00:00+0200,0.13,EUR/MWh,BE,BE,day_ahead_price,value,2026-08-03T21:57:58Z
2026-08-03T21:57:27Z,2026-08-03T23:57:27+0200,d07b3b2b-e83a-4999-877d-e2466ad53d7b,2026-08-01T12:15:00Z,2026-08-01T14:15:00+0200,0.13,EUR/MWh,BE,BE,day_ahead_price,value,2026-08-03T21:57:58Z
2026-08-03T21:57:27Z,2026-08-03T23:57:27+0200,d07b3b2b-e83a-4999-877d-e2466ad53d7b,2026-08-01T12:30:00Z,2026-08-01T14:30:00+0200,0.15,EUR/MWh,BE,BE,day_ahead_price,value,2026-08-03T21:57:58Z
2026-08-03T21:57:27Z,2026-08-03T23:57:27+0200,d07b3b2b-e83a-4999-877d-e2466ad53d7b,2026-08-01T12:45:00Z,2026-08-01T14:45:00+0200,0.26,EUR/MWh,BE,BE,day_ahead_price,value,2026-08-03T21:57:58Z
2026-08-03T21:57:27Z,2026-08-03T23:57:27+0200,d07b3b2b-e83a-4999-877d-e2466ad53d7b,2026-08-01T13:00:00Z,2026-08-01T15:00:00+0200,0.14,EUR/MWh,BE,BE,day_ahead_price,value,2026-08-03T21:57:58Z
2026-08-03T21:57:27Z,2026-08-03T23:57:27+0200,d07b3b2b-e83a-4999-877d-e2466ad53d7b,2026-08-01T13:15:00Z,2026-08-01T15:15:00+0200,0.44,EUR/MWh,BE,BE,day_ahead_price,value,2026-08-03T21:57:58Z
2026-08-03T21:57:27Z,2026-08-03T23:57:27+0200,d07b3b2b-e83a-4999-877d-e2466ad53d7b,2026-08-01T13:30:00Z,2026-08-01T15:30:00+0200,2.35,EUR/MWh,BE,BE,day_ahead_price,value,2026-08-03T21:57:58Z
2026-08-03T21:57:27Z,2026-08-03T23:57:27+0200,d07b3b2b-e83a-4999-877d-e2466ad53d7b,2026-08-01T13:45:00Z,2026-08-01T15:45:00+0200,7.23,EUR/MWh,BE,BE,day_ahead_price,value,2026-08-03T21:57:58Z
2026-08-03T21:57:27Z,2026-08-03T23:57:27+0200,d07b3b2b-e83a-4999-877d-e2466ad53d7b,2026-08-01T14:00:00Z,2026-08-01T16:00:00+0200,4.92,EUR/MWh,BE,BE,day_ahead_price,value,2026-08-03T21:57:58Z
2026-08-03T21:57:27Z,2026-08-03T23:57:27+0200,d07b3b2b-e83a-4999-877d-e2466ad53d7b,2026-08-01T14:15:00Z,2026-08-01T16:15:00+0200,17.88,EUR/MWh,BE,BE,day_ahead_price,value,2026-08-03T21:57:58Z
2026-08-03T21:57:27Z,2026-08-03T23:57:27+0200,d07b3b2b-e83a-4999-877d-e2466ad53d7b,2026-08-01T14:30:00Z,2026-08-01T16:30:00+0200,47.36,EUR/MWh,BE,BE,day_ahead_price,value,2026-08-03T21:57:58Z
2026-08-03T21:57:27Z,2026-08-03T23:57:27+0200,d07b3b2b-e83a-4999-877d-e2466ad53d7b,2026-08-01T14:45:00Z,2026-08-01T16:45:00+0200,61.88,EUR/MWh,BE,BE,day_ahead_price,value,2026-08-03T21:57:58Z
2026-08-03T21:57:27Z,2026-08-03T23:57:27+0200,d07b3b2b-e83a-4999-877d-e2466ad53d7b,2026-08-01T15:00:00Z,2026-08-01T17:00:00+0200,61.72,EUR/MWh,BE,BE,day_ahead_price,value,2026-08-03T21:57:58Z
2026-08-03T21:57:27Z,2026-08-03T23:57:27+0200,d07b3b2b-e83a-4999-877d-e2466ad53d7b,2026-08-01T15:15:00Z,2026-08-01T17:15:00+0200,72.67,EUR/MWh,BE,BE,day_ahead_price,value,2026-08-03T21:57:58Z
2026-08-03T21:57:27Z,2026-08-03T23:57:27+0200,d07b3b2b-e83a-4999-877d-e2466ad53d7b,2026-08-01T15:30:00Z,2026-08-01T17:30:00+0200,101.71,EUR/MWh,BE,BE,day_ahead_price,value,2026-08-03T21:57:58Z
2026-08-03T21:57:27Z,2026-08-03T23:57:27+0200,d07b3b2b-e83a-4999-877d-e2466ad53d7b,2026-08-01T15:45:00Z,2026-08-01T17:45:00+0200,112.56,EUR/MWh,BE,BE,day_ahead_price,value,2026-08-03T21:57:58Z
2026-08-03T21:57:27Z,2026-08-03T23:57:27+0200,d07b3b2b-e83a-4999-877d-e2466ad53d7b,2026-08-01T16:00:00Z,2026-08-01T18:00:00+0200,112.87,EUR/MWh,BE,BE,day_ahead_price,value,2026-08-03T21:57:58Z
2026-08-03T21:57:27Z,2026-08-03T23:57:27+0200,d07b3b2b-e83a-4999-877d-e2466ad53d7b,2026-08-01T16:15:00Z,2026-08-01T18:15:00+0200,126.01,EUR/MWh,BE,BE,day_ahead_price,value,2026-08-03T21:57:58Z
2026-08-03T21:57:27Z,2026-08-03T23:57:27+0200,d07b3b2b-e83a-4999-877d-e2466ad53d7b,2026-08-01T16:30:00Z,2026-08-01T18:30:00+0200,146.71,EUR/MWh,BE,BE,day_ahead_price,value,2026-08-03T21:57:58Z
2026-08-03T21:57:27Z,2026-08-03T23:57:27+0200,d07b3b2b-e83a-4999-877d-e2466ad53d7b,2026-08-01T16:45:00Z,2026-08-01T18:45:00+0200,158.22,EUR/MWh,BE,BE,day_ahead_price,value,2026-08-03T21:57:58Z
2026-08-03T21:57:27Z,2026-08-03T23:57:27+0200,d07b3b2b-e83a-4999-877d-e2466ad53d7b,2026-08-01T17:00:00Z,2026-08-01T19:00:00+0200,140.34,EUR/MWh,BE,BE,day_ahead_price,value,2026-08-03T21:57:58Z
2026-08-03T21:57:27Z,2026-08-03T23:57:27+0200,d07b3b2b-e83a-4999-877d-e2466ad53d7b,2026-08-01T17:15:00Z,2026-08-01T19:15:00+0200,156.34,EUR/MWh,BE,BE,day_ahead_price,value,2026-08-03T21:57:58Z
2026-08-03T21:57:27Z,2026-08-03T23:57:27+0200,d07b3b2b-e83a-4999-877d-e2466ad53d7b,2026-08-01T17:30:00Z,2026-08-01T19:30:00+0200,175.69,EUR/MWh,BE,BE,day_ahead_price,value,2026-08-03T21:57:58Z
2026-08-03T21:57:27Z,2026-08-03T23:57:27+0200,d07b3b2b-e83a-4999-877d-e2466ad53d7b,2026-08-01T17:45:00Z,2026-08-01T19:45:00+0200,186.06,EUR/MWh,BE,BE,day_ahead_price,value,2026-08-03T21:57:58Z
2026-08-03T21:57:27Z,2026-08-03T23:57:27+0200,d07b3b2b-e83a-4999-877d-e2466ad53d7b,2026-08-01T18:00:00Z,2026-08-01T20:00:00+0200,174.46,EUR/MWh,BE,BE,day_ahead_price,value,2026-08-03T21:57:58Z
2026-08-03T21:57:27Z,2026-08-03T23:57:27+0200,d07b3b2b-e83a-4999-877d-e2466ad53d7b,2026-08-01T18:15:00Z,2026-08-01T20:15:00+0200,180.7,EUR/MWh,BE,BE,day_ahead_price,value,2026-08-03T21:57:58Z
2026-08-03T21:57:27Z,2026-08-03T23:57:27+0200,d07b3b2b-e83a-4999-877d-e2466ad53d7b,2026-08-01T18:30:00Z,2026-08-01T20:30:00+0200,183.89,EUR/MWh,BE,BE,day_ahead_price,value,2026-08-03T21:57:58Z
2026-08-03T21:57:27Z,2026-08-03T23:57:27+0200,d07b3b2b-e83a-4999-877d-e2466ad53d7b,2026-08-01T18:45:00Z,2026-08-01T20:45:00+0200,186.74,EUR/MWh,BE,BE,day_ahead_price,value,2026-08-03T21:57:58Z
2026-08-03T21:57:27Z,2026-08-03T23:57:27+0200,d07b3b2b-e83a-4999-877d-e2466ad53d7b,2026-08-01T19:00:00Z,2026-08-01T21:00:00+0200,185.55,EUR/MWh,BE,BE,day_ahead_price,value,2026-08-03T21:57:58Z
2026-08-03T21:57:27Z,2026-08-03T23:57:27+0200,d07b3b2b-e83a-4999-877d-e2466ad53d7b,2026-08-01T19:15:00Z,2026-08-01T21:15:00+0200,182.21,EUR/MWh,BE,BE,day_ahead_price,value,2026-08-03T21:57:58Z
2026-08-03T21:57:27Z,2026-08-03T23:57:27+0200,d07b3b2b-e83a-4999-877d-e2466ad53d7b,2026-08-01T19:30:00Z,2026-08-01T21:30:00+0200,182.41,EUR/MWh,BE,BE,day_ahead_price,value,2026-08-03T21:57:58Z
2026-08-03T21:57:27Z,2026-08-03T23:57:27+0200,d07b3b2b-e83a-4999-877d-e2466ad53d7b,2026-08-01T19:45:00Z,2026-08-01T21:45:00+0200,173.85,EUR/MWh,BE,BE,day_ahead_price,value,2026-08-03T21:57:58Z
2026-08-03T21:57:27Z,2026-08-03T23:57:27+0200,d07b3b2b-e83a-4999-877d-e2466ad53d7b,2026-08-01T20:00:00Z,2026-08-01T22:00:00+0200,190.2,EUR/MWh,BE,BE,day_ahead_price,value,2026-08-03T21:57:58Z
2026-08-03T21:57:27Z,2026-08-03T23:57:27+0200,d07b3b2b-e83a-4999-877d-e2466ad53d7b,2026-08-01T20:15:00Z,2026-08-01T22:15:00+0200,179.69,EUR/MWh,BE,BE,day_ahead_price,value,2026-08-03T21:57:58Z
2026-08-03T21:57:27Z,2026-08-03T23:57:27+0200,d07b3b2b-e83a-4999-877d-e2466ad53d7b,2026-08-01T20:30:00Z,2026-08-01T22:30:00+0200,175.2,EUR/MWh,BE,BE,day_ahead_price,value,2026-08-03T21:57:58Z
2026-08-03T21:57:27Z,2026-08-03T23:57:27+0200,d07b3b2b-e83a-4999-877d-e2466ad53d7b,2026-08-01T20:45:00Z,2026-08-01T22:45:00+0200,169.1,EUR/MWh,BE,BE,day_ahead_price,value,2026-08-03T21:57:58Z
2026-08-03T21:57:27Z,2026-08-03T23:57:27+0200,d07b3b2b-e83a-4999-877d-e2466ad53d7b,2026-08-01T21:00:00Z,2026-08-01T23:00:00+0200,172.11,EUR/MWh,BE,BE,day_ahead_price,value,2026-08-03T21:57:58Z
2026-08-03T21:57:27Z,2026-08-03T23:57:27+0200,d07b3b2b-e83a-4999-877d-e2466ad53d7b,2026-08-01T21:15:00Z,2026-08-01T23:15:00+0200,171.94,EUR/MWh,BE,BE,day_ahead_price,value,2026-08-03T21:57:58Z
2026-08-03T21:57:27Z,2026-08-03T23:57:27+0200,d07b3b2b-e83a-4999-877d-e2466ad53d7b,2026-08-01T21:30:00Z,2026-08-01T23:30:00+0200,171.23,EUR/MWh,BE,BE,day_ahead_price,value,2026-08-03T21:57:58Z
2026-08-03T21:57:27Z,2026-08-03T23:57:27+0200,d07b3b2b-e83a-4999-877d-e2466ad53d7b,2026-08-01T21:45:00Z,2026-08-01T23:45:00+0200,164.72,EUR/MWh,BE,BE,day_ahead_price,value,2026-08-03T21:57:58Z
2026-08-03T21:57:27Z,2026-08-03T23:57:27+0200,d07b3b2b-e83a-4999-877d-e2466ad53d7b,2026-08-01T22:00:00Z,2026-08-02T00:00:00+0200,186.63,EUR/MWh,BE,BE,day_ahead_price,value,2026-08-03T21:57:58Z
2026-08-03T21:57:27Z,2026-08-03T23:57:27+0200,d07b3b2b-e83a-4999-877d-e2466ad53d7b,2026-08-01T22:15:00Z,2026-08-02T00:15:00+0200,170.15,EUR/MWh,BE,BE,day_ahead_price,value,2026-08-03T21:57:58Z
2026-08-03T21:57:27Z,2026-08-03T23:57:27+0200,d07b3b2b-e83a-4999-877d-e2466ad53d7b,2026-08-01T22:30:00Z,2026-08-02T00:30:00+0200,161.1,EUR/MWh,BE,BE,day_ahead_price,value,2026-08-03T21:57:58Z
2026-08-03T21:57:27Z,2026-08-03T23:57:27+0200,d07b3b2b-e83a-4999-877d-e2466ad53d7b,2026-08-01T22:45:00Z,2026-08-02T00:45:00+0200,150.95,EUR/MWh,BE,BE,day_ahead_price,value,2026-08-03T21:57:58Z
2026-08-03T21:57:27Z,2026-08-03T23:57:27+0200,d07b3b2b-e83a-4999-877d-e2466ad53d7b,2026-08-01T23:00:00Z,2026-08-02T01:00:00+0200,160.86,EUR/MWh,BE,BE,day_ahead_price,value,2026-08-03T21:57:58Z
2026-08-03T21:57:27Z,2026-08-03T23:57:27+0200,d07b3b2b-e83a-4999-877d-e2466ad53d7b,2026-08-01T23:15:00Z,2026-08-02T01:15:00+0200,156.81,EUR/MWh,BE,BE,day_ahead_price,value,2026-08-03T21:57:58Z
2026-08-03T21:57:27Z,2026-08-03T23:57:27+0200,d07b3b2b-e83a-4999-877d-e2466ad53d7b,2026-08-01T23:30:00Z,2026-08-02T01:30:00+0200,162.01,EUR/MWh,BE,BE,day_ahead_price,value,2026-08-03T21:57:58Z
2026-08-03T21:57:27Z,2026-08-03T23:57:27+0200,d07b3b2b-e83a-4999-877d-e2466ad53d7b,2026-08-01T23:45:00Z,2026-08-02T01:45:00+0200,158.5,EUR/MWh,BE,BE,day_ahead_price,value,2026-08-03T21:57:58Z
2026-08-03T21:57:27Z,2026-08-03T23:57:27+0200,d07b3b2b-e83a-4999-877d-e2466ad53d7b,2026-08-02T00:00:00Z,2026-08-02T02:00:00+0200,157.68,EUR/MWh,BE,BE,day_ahead_price,value,2026-08-03T21:57:58Z
2026-08-03T21:57:27Z,2026-08-03T23:57:27+0200,d07b3b2b-e83a-4999-877d-e2466ad53d7b,2026-08-02T00:15:00Z,2026-08-02T02:15:00+0200,155.44,EUR/MWh,BE,BE,day_ahead_price,value,2026-08-03T21:57:58Z
2026-08-03T21:57:27Z,2026-08-03T23:57:27+0200,d07b3b2b-e83a-4999-877d-e2466ad53d7b,2026-08-02T00:30:00Z,2026-08-02T02:30:00+0200,157.31,EUR/MWh,BE,BE,day_ahead_price,value,2026-08-03T21:57:58Z
2026-08-03T21:57:27Z,2026-08-03T23:57:27+0200,d07b3b2b-e83a-4999-877d-e2466ad53d7b,2026-08-02T00:45:00Z,2026-08-02T02:45:00+0200,154.8,EUR/MWh,BE,BE,day_ahead_price,value,2026-08-03T21:57:58Z
2026-08-03T21:57:27Z,2026-08-03T23:57:27+0200,d07b3b2b-e83a-4999-877d-e2466ad53d7b,2026-08-02T01:00:00Z,2026-08-02T03:00:00+0200,149.73,EUR/MWh,BE,BE,day_ahead_price,value,2026-08-03T21:57:58Z
2026-08-03T21:57:27Z,2026-08-03T23:57:27+0200,d07b3b2b-e83a-4999-877d-e2466ad53d7b,2026-08-02T01:15:00Z,2026-08-02T03:15:00+0200,153.07,EUR/MWh,BE,BE,day_ahead_price,value,2026-08-03T21:57:58Z
2026-08-03T21:57:27Z,2026-08-03T23:57:27+0200,d07b3b2b-e83a-4999-877d-e2466ad53d7b,2026-08-02T01:30:00Z,2026-08-02T03:30:00+0200,151.37,EUR/MWh,BE,BE,day_ahead_price,value,2026-08-03T21:57:58Z
2026-08-03T21:57:27Z,2026-08-03T23:57:27+0200,d07b3b2b-e83a-4999-877d-e2466ad53d7b,2026-08-02T01:45:00Z,2026-08-02T03:45:00+0200,154.78,EUR/MWh,BE,BE,day_ahead_price,value,2026-08-03T21:57:58Z
2026-08-03T21:57:27Z,2026-08-03T23:57:27+0200,d07b3b2b-e83a-4999-877d-e2466ad53d7b,2026-08-02T02:00:00Z,2026-08-02T04:00:00+0200,148.44,EUR/MWh,BE,BE,day_ahead_price,value,2026-08-03T21:57:58Z
2026-08-03T21:57:27Z,2026-08-03T23:57:27+0200,d07b3b2b-e83a-4999-877d-e2466ad53d7b,2026-08-02T02:15:00Z,2026-08-02T04:15:00+0200,151.33,EUR/MWh,BE,BE,day_ahead_price,value,2026-08-03T21:57:58Z
2026-08-03T21:57:27Z,2026-08-03T23:57:27+0200,d07b3b2b-e83a-4999-877d-e2466ad53d7b,2026-08-02T02:30:00Z,2026-08-02T04:30:00+0200,149.6,EUR/MWh,BE,BE,day_ahead_price,value,2026-08-03T21:57:58Z
2026-08-03T21:57:27Z,2026-08-03T23:57:27+0200,d07b3b2b-e83a-4999-877d-e2466ad53d7b,2026-08-02T02:45:00Z,2026-08-02T04:45:00+0200,153.26,EUR/MWh,BE,BE,day_ahead_price,value,2026-08-03T21:57:58Z
2026-08-03T21:57:27Z,2026-08-03T23:57:27+0200,d07b3b2b-e83a-4999-877d-e2466ad53d7b,2026-08-02T03:00:00Z,2026-08-02T05:00:00+0200,155.23,EUR/MWh,BE,BE,day_ahead_price,value,2026-08-03T21:57:58Z
2026-08-03T21:57:27Z,2026-08-03T23:57:27+0200,d07b3b2b-e83a-4999-877d-e2466ad53d7b,2026-08-02T03:15:00Z,2026-08-02T05:15:00+0200,154.07,EUR/MWh,BE,BE,day_ahead_price,value,2026-08-03T21:57:58Z
2026-08-03T21:57:27Z,2026-08-03T23:57:27+0200,d07b3b2b-e83a-4999-877d-e2466ad53d7b,2026-08-02T03:30:00Z,2026-08-02T05:30:00+0200,155.17,EUR/MWh,BE,BE,day_ahead_price,value,2026-08-03T21:57:58Z
2026-08-03T21:57:27Z,2026-08-03T23:57:27+0200,d07b3b2b-e83a-4999-877d-e2466ad53d7b,2026-08-02T03:45:00Z,2026-08-02T05:45:00+0200,154.21,EUR/MWh,BE,BE,day_ahead_price,value,2026-08-03T21:57:58Z
2026-08-03T21:57:27Z,2026-08-03T23:57:27+0200,d07b3b2b-e83a-4999-877d-e2466ad53d7b,2026-08-02T04:00:00Z,2026-08-02T06:00:00+0200,158.5,EUR/MWh,BE,BE,day_ahead_price,value,2026-08-03T21:57:58Z
2026-08-03T21:57:27Z,2026-08-03T23:57:27+0200,d07b3b2b-e83a-4999-877d-e2466ad53d7b,2026-08-02T04:15:00Z,2026-08-02T06:15:00+0200,151.13,EUR/MWh,BE,BE,day_ahead_price,value,2026-08-03T21:57:58Z
2026-08-03T21:57:27Z,2026-08-03T23:57:27+0200,d07b3b2b-e83a-4999-877d-e2466ad53d7b,2026-08-02T04:30:00Z,2026-08-02T06:30:00+0200,147.6,EUR/MWh,BE,BE,day_ahead_price,value,2026-08-03T21:57:58Z
2026-08-03T21:57:27Z,2026-08-03T23:57:27+0200,d07b3b2b-e83a-4999-877d-e2466ad53d7b,2026-08-02T04:45:00Z,2026-08-02T06:45:00+0200,137.12,EUR/MWh,BE,BE,day_ahead_price,value,2026-08-03T21:57:58Z
2026-08-03T21:57:27Z,2026-08-03T23:57:27+0200,d07b3b2b-e83a-4999-877d-e2466ad53d7b,2026-08-02T05:00:00Z,2026-08-02T07:00:00+0200,152.98,EUR/MWh,BE,BE,day_ahead_price,value,2026-08-03T21:57:58Z
2026-08-03T21:57:27Z,2026-08-03T23:57:27+0200,d07b3b2b-e83a-4999-877d-e2466ad53d7b,2026-08-02T05:15:00Z,2026-08-02T07:15:00+0200,142.6,EUR/MWh,BE,BE,day_ahead_price,value,2026-08-03T21:57:58Z
2026-08-03T21:57:27Z,2026-08-03T23:57:27+0200,d07b3b2b-e83a-4999-877d-e2466ad53d7b,2026-08-02T05:30:00Z,2026-08-02T07:30:00+0200,136.11,EUR/MWh,BE,BE,day_ahead_price,value,2026-08-03T21:57:58Z
2026-08-03T21:57:27Z,2026-08-03T23:57:27+0200,d07b3b2b-e83a-4999-877d-e2466ad53d7b,2026-08-02T05:45:00Z,2026-08-02T07:45:00+0200,122.32,EUR/MWh,BE,BE,day_ahead_price,value,2026-08-03T21:57:58Z
2026-08-03T21:57:27Z,2026-08-03T23:57:27+0200,d07b3b2b-e83a-4999-877d-e2466ad53d7b,2026-08-02T06:00:00Z,2026-08-02T08:00:00+0200,152.74,EUR/MWh,BE,BE,day_ahead_price,value,2026-08-03T21:57:58Z
2026-08-03T21:57:27Z,2026-08-03T23:57:27+0200,d07b3b2b-e83a-4999-877d-e2466ad53d7b,2026-08-02T06:15:00Z,2026-08-02T08:15:00+0200,130.33,EUR/MWh,BE,BE,day_ahead_price,value,2026-08-03T21:57:58Z
2026-08-03T21:57:27Z,2026-08-03T23:57:27+0200,d07b3b2b-e83a-4999-877d-e2466ad53d7b,2026-08-02T06:30:00Z,2026-08-02T08:30:00+0200,112.43,EUR/MWh,BE,BE,day_ahead_price,value,2026-08-03T21:57:58Z
2026-08-03T21:57:27Z,2026-08-03T23:57:27+0200,d07b3b2b-e83a-4999-877d-e2466ad53d7b,2026-08-02T06:45:00Z,2026-08-02T08:45:00+0200,93.22,EUR/MWh,BE,BE,day_ahead_price,value,2026-08-03T21:57:58Z
2026-08-03T21:57:27Z,2026-08-03T23:57:27+0200,d07b3b2b-e83a-4999-877d-e2466ad53d7b,2026-08-02T07:00:00Z,2026-08-02T09:00:00+0200,103.34,EUR/MWh,BE,BE,day_ahead_price,value,2026-08-03T21:57:58Z
2026-08-03T21:57:27Z,2026-08-03T23:57:27+0200,d07b3b2b-e83a-4999-877d-e2466ad53d7b,2026-08-02T07:15:00Z,2026-08-02T09:15:00+0200,82.95,EUR/MWh,BE,BE,day_ahead_price,value,2026-08-03T21:57:58Z
2026-08-03T21:57:27Z,2026-08-03T23:57:27+0200,d07b3b2b-e83a-4999-877d-e2466ad53d7b,2026-08-02T07:30:00Z,2026-08-02T09:30:00+0200,41.8,EUR/MWh,BE,BE,day_ahead_price,value,2026-08-03T21:57:58Z
2026-08-03T21:57:27Z,2026-08-03T23:57:27+0200,d07b3b2b-e83a-4999-877d-e2466ad53d7b,2026-08-02T07:45:00Z,2026-08-02T09:45:00+0200,7.88,EUR/MWh,BE,BE,day_ahead_price,value,2026-08-03T21:57:58Z
2026-08-03T21:57:27Z,2026-08-03T23:57:27+0200,d07b3b2b-e83a-4999-877d-e2466ad53d7b,2026-08-02T08:00:00Z,2026-08-02T10:00:00+0200,7.58,EUR/MWh,BE,BE,day_ahead_price,value,2026-08-03T21:57:58Z
2026-08-03T21:57:27Z,2026-08-03T23:57:27+0200,d07b3b2b-e83a-4999-877d-e2466ad53d7b,2026-08-02T08:15:00Z,2026-08-02T10:15:00+0200,1.93,EUR/MWh,BE,BE,day_ahead_price,value,2026-08-03T21:57:58Z
2026-08-03T21:57:27Z,2026-08-03T23:57:27+0200,d07b3b2b-e83a-4999-877d-e2466ad53d7b,2026-08-02T08:30:00Z,2026-08-02T10:30:00+0200,0.04,EUR/MWh,BE,BE,day_ahead_price,value,2026-08-03T21:57:58Z
2026-08-03T21:57:27Z,2026-08-03T23:57:27+0200,d07b3b2b-e83a-4999-877d-e2466ad53d7b,2026-08-02T08:45:00Z,2026-08-02T10:45:00+0200,-0.02,EUR/MWh,BE,BE,day_ahead_price,value,2026-08-03T21:57:58Z
2026-08-03T21:57:27Z,2026-08-03T23:57:27+0200,d07b3b2b-e83a-4999-877d-e2466ad53d7b,2026-08-02T09:00:00Z,2026-08-02T11:00:00+0200,-0.05,EUR/MWh,BE,BE,day_ahead_price,value,2026-08-03T21:57:58Z
2026-08-03T21:57:27Z,2026-08-03T23:57:27+0200,d07b3b2b-e83a-4999-877d-e2466ad53d7b,2026-08-02T09:15:00Z,2026-08-02T11:15:00+0200,-0.08,EUR/MWh,BE,BE,day_ahead_price,value,2026-08-03T21:57:58Z
2026-08-03T21:57:27Z,2026-08-03T23:57:27+0200,d07b3b2b-e83a-4999-877d-e2466ad53d7b,2026-08-02T09:30:00Z,2026-08-02T11:30:00+0200,-0.2,EUR/MWh,BE,BE,day_ahead_price,value,2026-08-03T21:57:58Z
2026-08-03T21:57:27Z,2026-08-03T23:57:27+0200,d07b3b2b-e83a-4999-877d-e2466ad53d7b,2026-08-02T09:45:00Z,2026-08-02T11:45:00+0200,-0.3,EUR/MWh,BE,BE,day_ahead_price,value,2026-08-03T21:57:58Z
2026-08-03T21:57:27Z,2026-08-03T23:57:27+0200,d07b3b2b-e83a-4999-877d-e2466ad53d7b,2026-08-02T10:00:00Z,2026-08-02T12:00:00+0200,-0.37,EUR/MWh,BE,BE,day_ahead_price,value,2026-08-03T21:57:58Z
2026-08-03T21:57:27Z,2026-08-03T23:57:27+0200,d07b3b2b-e83a-4999-877d-e2466ad53d7b,2026-08-02T10:15:00Z,2026-08-02T12:15:00+0200,-0.29,EUR/MWh,BE,BE,day_ahead_price,value,2026-08-03T21:57:58Z
2026-08-03T21:57:27Z,2026-08-03T23:57:27+0200,d07b3b2b-e83a-4999-877d-e2466ad53d7b,2026-08-02T10:30:00Z,2026-08-02T12:30:00+0200,-0.27,EUR/MWh,BE,BE,day_ahead_price,value,2026-08-03T21:57:58Z
2026-08-03T21:57:27Z,2026-08-03T23:57:27+0200,d07b3b2b-e83a-4999-877d-e2466ad53d7b,2026-08-02T10:45:00Z,2026-08-02T12:45:00+0200,-0.25,EUR/MWh,BE,BE,day_ahead_price,value,2026-08-03T21:57:58Z
2026-08-03T21:57:27Z,2026-08-03T23:57:27+0200,d07b3b2b-e83a-4999-877d-e2466ad53d7b,2026-08-02T11:00:00Z,2026-08-02T13:00:00+0200,-1.47,EUR/MWh,BE,BE,day_ahead_price,value,2026-08-03T21:57:58Z
2026-08-03T21:57:27Z,2026-08-03T23:57:27+0200,d07b3b2b-e83a-4999-877d-e2466ad53d7b,2026-08-02T11:15:00Z,2026-08-02T13:15:00+0200,-2.6,EUR/MWh,BE,BE,day_ahead_price,value,2026-08-03T21:57:58Z
2026-08-03T21:57:27Z,2026-08-03T23:57:27+0200,d07b3b2b-e83a-4999-877d-e2466ad53d7b,2026-08-02T11:30:00Z,2026-08-02T13:30:00+0200,-3.77,EUR/MWh,BE,BE,day_ahead_price,value,2026-08-03T21:57:58Z
2026-08-03T21:57:27Z,2026-08-03T23:57:27+0200,d07b3b2b-e83a-4999-877d-e2466ad53d7b,2026-08-02T11:45:00Z,2026-08-02T13:45:00+0200,-4.31,EUR/MWh,BE,BE,day_ahead_price,value,2026-08-03T21:57:58Z
2026-08-03T21:57:27Z,2026-08-03T23:57:27+0200,d07b3b2b-e83a-4999-877d-e2466ad53d7b,2026-08-02T12:00:00Z,2026-08-02T14:00:00+0200,-0.27,EUR/MWh,BE,BE,day_ahead_price,value,2026-08-03T21:57:58Z
2026-08-03T21:57:27Z,2026-08-03T23:57:27+0200,d07b3b2b-e83a-4999-877d-e2466ad53d7b,2026-08-02T12:15:00Z,2026-08-02T14:15:00+0200,-0.35,EUR/MWh,BE,BE,day_ahead_price,value,2026-08-03T21:57:58Z
2026-08-03T21:57:27Z,2026-08-03T23:57:27+0200,d07b3b2b-e83a-4999-877d-e2466ad53d7b,2026-08-02T12:30:00Z,2026-08-02T14:30:00+0200,-0.29,EUR/MWh,BE,BE,day_ahead_price,value,2026-08-03T21:57:58Z
2026-08-03T21:57:27Z,2026-08-03T23:57:27+0200,d07b3b2b-e83a-4999-877d-e2466ad53d7b,2026-08-02T12:45:00Z,2026-08-02T14:45:00+0200,-0.31,EUR/MWh,BE,BE,day_ahead_price,value,2026-08-03T21:57:58Z
2026-08-03T21:57:27Z,2026-08-03T23:57:27+0200,d07b3b2b-e83a-4999-877d-e2466ad53d7b,2026-08-02T13:00:00Z,2026-08-02T15:00:00+0200,-0.7,EUR/MWh,BE,BE,day_ahead_price,value,2026-08-03T21:57:58Z
2026-08-03T21:57:27Z,2026-08-03T23:57:27+0200,d07b3b2b-e83a-4999-877d-e2466ad53d7b,2026-08-02T13:15:00Z,2026-08-02T15:15:00+0200,-0.67,EUR/MWh,BE,BE,day_ahead_price,value,2026-08-03T21:57:58Z
2026-08-03T21:57:27Z,2026-08-03T23:57:27+0200,d07b3b2b-e83a-4999-877d-e2466ad53d7b,2026-08-02T13:30:00Z,2026-08-02T15:30:00+0200,-0.78,EUR/MWh,BE,BE,day_ahead_price,value,2026-08-03T21:57:58Z
2026-08-03T21:57:27Z,2026-08-03T23:57:27+0200,d07b3b2b-e83a-4999-877d-e2466ad53d7b,2026-08-02T13:45:00Z,2026-08-02T15:45:00+0200,-0.86,EUR/MWh,BE,BE,day_ahead_price,value,2026-08-03T21:57:58Z
2026-08-03T21:57:27Z,2026-08-03T23:57:27+0200,d07b3b2b-e83a-4999-877d-e2466ad53d7b,2026-08-02T14:00:00Z,2026-08-02T16:00:00+0200,-0.62,EUR/MWh,BE,BE,day_ahead_price,value,2026-08-03T21:57:58Z
2026-08-03T21:57:27Z,2026-08-03T23:57:27+0200,d07b3b2b-e83a-4999-877d-e2466ad53d7b,2026-08-02T14:15:00Z,2026-08-02T16:15:00+0200,0.14,EUR/MWh,BE,BE,day_ahead_price,value,2026-08-03T21:57:58Z
2026-08-03T21:57:27Z,2026-08-03T23:57:27+0200,d07b3b2b-e83a-4999-877d-e2466ad53d7b,2026-08-02T14:30:00Z,2026-08-02T16:30:00+0200,1.51,EUR/MWh,BE,BE,day_ahead_price,value,2026-08-03T21:57:58Z
2026-08-03T21:57:27Z,2026-08-03T23:57:27+0200,d07b3b2b-e83a-4999-877d-e2466ad53d7b,2026-08-02T14:45:00Z,2026-08-02T16:45:00+0200,12.52,EUR/MWh,BE,BE,day_ahead_price,value,2026-08-03T21:57:58Z
2026-08-03T21:57:27Z,2026-08-03T23:57:27+0200,d07b3b2b-e83a-4999-877d-e2466ad53d7b,2026-08-02T15:00:00Z,2026-08-02T17:00:00+0200,30.34,EUR/MWh,BE,BE,day_ahead_price,value,2026-08-03T21:57:58Z
2026-08-03T21:57:27Z,2026-08-03T23:57:27+0200,d07b3b2b-e83a-4999-877d-e2466ad53d7b,2026-08-02T15:15:00Z,2026-08-02T17:15:00+0200,66.75,EUR/MWh,BE,BE,day_ahead_price,value,2026-08-03T21:57:58Z
2026-08-03T21:57:27Z,2026-08-03T23:57:27+0200,d07b3b2b-e83a-4999-877d-e2466ad53d7b,2026-08-02T15:30:00Z,2026-08-02T17:30:00+0200,93.09,EUR/MWh,BE,BE,day_ahead_price,value,2026-08-03T21:57:58Z
2026-08-03T21:57:27Z,2026-08-03T23:57:27+0200,d07b3b2b-e83a-4999-877d-e2466ad53d7b,2026-08-02T15:45:00Z,2026-08-02T17:45:00+0200,123.3,EUR/MWh,BE,BE,day_ahead_price,value,2026-08-03T21:57:58Z
2026-08-03T21:57:27Z,2026-08-03T23:57:27+0200,d07b3b2b-e83a-4999-877d-e2466ad53d7b,2026-08-02T16:00:00Z,2026-08-02T18:00:00+0200,113.4,EUR/MWh,BE,BE,day_ahead_price,value,2026-08-03T21:57:58Z
2026-08-03T21:57:27Z,2026-08-03T23:57:27+0200,d07b3b2b-e83a-4999-877d-e2466ad53d7b,2026-08-02T16:15:00Z,2026-08-02T18:15:00+0200,133.31,EUR/MWh,BE,BE,day_ahead_price,value,2026-08-03T21:57:58Z
2026-08-03T21:57:27Z,2026-08-03T23:57:27+0200,d07b3b2b-e83a-4999-877d-e2466ad53d7b,2026-08-02T16:30:00Z,2026-08-02T18:30:00+0200,154.0,EUR/MWh,BE,BE,day_ahead_price,value,2026-08-03T21:57:58Z
2026-08-03T21:57:27Z,2026-08-03T23:57:27+0200,d07b3b2b-e83a-4999-877d-e2466ad53d7b,2026-08-02T16:45:00Z,2026-08-02T18:45:00+0200,175.7,EUR/MWh,BE,BE,day_ahead_price,value,2026-08-03T21:57:58Z
2026-08-03T21:57:27Z,2026-08-03T23:57:27+0200,d07b3b2b-e83a-4999-877d-e2466ad53d7b,2026-08-02T17:00:00Z,2026-08-02T19:00:00+0200,161.37,EUR/MWh,BE,BE,day_ahead_price,value,2026-08-03T21:57:58Z
2026-08-03T21:57:27Z,2026-08-03T23:57:27+0200,d07b3b2b-e83a-4999-877d-e2466ad53d7b,2026-08-02T17:15:00Z,2026-08-02T19:15:00+0200,170.98,EUR/MWh,BE,BE,day_ahead_price,value,2026-08-03T21:57:58Z
2026-08-03T21:57:27Z,2026-08-03T23:57:27+0200,d07b3b2b-e83a-4999-877d-e2466ad53d7b,2026-08-02T17:30:00Z,2026-08-02T19:30:00+0200,180.04,EUR/MWh,BE,BE,day_ahead_price,value,2026-08-03T21:57:58Z
2026-08-03T21:57:27Z,2026-08-03T23:57:27+0200,d07b3b2b-e83a-4999-877d-e2466ad53d7b,2026-08-02T17:45:00Z,2026-08-02T19:45:00+0200,187.95,EUR/MWh,BE,BE,day_ahead_price,value,2026-08-03T21:57:58Z
2026-08-03T21:57:27Z,2026-08-03T23:57:27+0200,d07b3b2b-e83a-4999-877d-e2466ad53d7b,2026-08-02T18:00:00Z,2026-08-02T20:00:00+0200,180.41,EUR/MWh,BE,BE,day_ahead_price,value,2026-08-03T21:57:58Z
2026-08-03T21:57:27Z,2026-08-03T23:57:27+0200,d07b3b2b-e83a-4999-877d-e2466ad53d7b,2026-08-02T18:15:00Z,2026-08-02T20:15:00+0200,182.17,EUR/MWh,BE,BE,day_ahead_price,value,2026-08-03T21:57:58Z
2026-08-03T21:57:27Z,2026-08-03T23:57:27+0200,d07b3b2b-e83a-4999-877d-e2466ad53d7b,2026-08-02T18:30:00Z,2026-08-02T20:30:00+0200,186.15,EUR/MWh,BE,BE,day_ahead_price,value,2026-08-03T21:57:58Z
2026-08-03T21:57:27Z,2026-08-03T23:57:27+0200,d07b3b2b-e83a-4999-877d-e2466ad53d7b,2026-08-02T18:45:00Z,2026-08-02T20:45:00+0200,192.64,EUR/MWh,BE,BE,day_ahead_price,value,2026-08-03T21:57:58Z
2026-08-03T21:57:27Z,2026-08-03T23:57:27+0200,d07b3b2b-e83a-4999-877d-e2466ad53d7b,2026-08-02T19:00:00Z,2026-08-02T21:00:00+0200,191.07,EUR/MWh,BE,BE,day_ahead_price,value,2026-08-03T21:57:58Z
2026-08-03T21:57:27Z,2026-08-03T23:57:27+0200,d07b3b2b-e83a-4999-877d-e2466ad53d7b,2026-08-02T19:15:00Z,2026-08-02T21:15:00+0200,181.99,EUR/MWh,BE,BE,day_ahead_price,value,2026-08-03T21:57:58Z
2026-08-03T21:57:27Z,2026-08-03T23:57:27+0200,d07b3b2b-e83a-4999-877d-e2466ad53d7b,2026-08-02T19:30:00Z,2026-08-02T21:30:00+0200,175.5,EUR/MWh,BE,BE,day_ahead_price,value,2026-08-03T21:57:58Z
2026-08-03T21:57:27Z,2026-08-03T23:57:27+0200,d07b3b2b-e83a-4999-877d-e2466ad53d7b,2026-08-02T19:45:00Z,2026-08-02T21:45:00+0200,166.03,EUR/MWh,BE,BE,day_ahead_price,value,2026-08-03T21:57:58Z
2026-08-03T21:57:27Z,2026-08-03T23:57:27+0200,d07b3b2b-e83a-4999-877d-e2466ad53d7b,2026-08-02T20:00:00Z,2026-08-02T22:00:00+0200,182.56,EUR/MWh,BE,BE,day_ahead_price,value,2026-08-03T21:57:58Z
2026-08-03T21:57:27Z,2026-08-03T23:57:27+0200,d07b3b2b-e83a-4999-877d-e2466ad53d7b,2026-08-02T20:15:00Z,2026-08-02T22:15:00+0200,169.69,EUR/MWh,BE,BE,day_ahead_price,value,2026-08-03T21:57:58Z
2026-08-03T21:57:27Z,2026-08-03T23:57:27+0200,d07b3b2b-e83a-4999-877d-e2466ad53d7b,2026-08-02T20:30:00Z,2026-08-02T22:30:00+0200,165.54,EUR/MWh,BE,BE,day_ahead_price,value,2026-08-03T21:57:58Z
2026-08-03T21:57:27Z,2026-08-03T23:57:27+0200,d07b3b2b-e83a-4999-877d-e2466ad53d7b,2026-08-02T20:45:00Z,2026-08-02T22:45:00+0200,158.93,EUR/MWh,BE,BE,day_ahead_price,value,2026-08-03T21:57:58Z
2026-08-03T21:57:27Z,2026-08-03T23:57:27+0200,d07b3b2b-e83a-4999-877d-e2466ad53d7b,2026-08-02T21:00:00Z,2026-08-02T23:00:00+0200,163.66,EUR/MWh,BE,BE,day_ahead_price,value,2026-08-03T21:57:58Z
2026-08-03T21:57:27Z,2026-08-03T23:57:27+0200,d07b3b2b-e83a-4999-877d-e2466ad53d7b,2026-08-02T21:15:00Z,2026-08-02T23:15:00+0200,157.05,EUR/MWh,BE,BE,day_ahead_price,value,2026-08-03T21:57:58Z
2026-08-03T21:57:27Z,2026-08-03T23:57:27+0200,d07b3b2b-e83a-4999-877d-e2466ad53d7b,2026-08-02T21:30:00Z,2026-08-02T23:30:00+0200,154.42,EUR/MWh,BE,BE,day_ahead_price,value,2026-08-03T21:57:58Z
2026-08-03T21:57:27Z,2026-08-03T23:57:27+0200,d07b3b2b-e83a-4999-877d-e2466ad53d7b,2026-08-02T21:45:00Z,2026-08-02T23:45:00+0200,145.27,EUR/MWh,BE,BE,day_ahead_price,value,2026-08-03T21:57:58Z
2026-08-03T21:57:27Z,2026-08-03T23:57:27+0200,d07b3b2b-e83a-4999-877d-e2466ad53d7b,2026-08-02T22:00:00Z,2026-08-03T00:00:00+0200,148.52,EUR/MWh,BE,BE,day_ahead_price,value,2026-08-03T21:57:58Z
2026-08-03T21:57:27Z,2026-08-03T23:57:27+0200,d07b3b2b-e83a-4999-877d-e2466ad53d7b,2026-08-02T22:15:00Z,2026-08-03T00:15:00+0200,144.43,EUR/MWh,BE,BE,day_ahead_price,value,2026-08-03T21:57:58Z
2026-08-03T21:57:27Z,2026-08-03T23:57:27+0200,d07b3b2b-e83a-4999-877d-e2466ad53d7b,2026-08-02T22:30:00Z,2026-08-03T00:30:00+0200,139.36,EUR/MWh,BE,BE,day_ahead_price,value,2026-08-03T21:57:58Z
2026-08-03T21:57:27Z,2026-08-03T23:57:27+0200,d07b3b2b-e83a-4999-877d-e2466ad53d7b,2026-08-02T22:45:00Z,2026-08-03T00:45:00+0200,136.33,EUR/MWh,BE,BE,day_ahead_price,value,2026-08-03T21:57:58Z
2026-08-03T21:57:27Z,2026-08-03T23:57:27+0200,d07b3b2b-e83a-4999-877d-e2466ad53d7b,2026-08-02T23:00:00Z,2026-08-03T01:00:00+0200,139.37,EUR/MWh,BE,BE,day_ahead_price,value,2026-08-03T21:57:58Z
2026-08-03T21:57:27Z,2026-08-03T23:57:27+0200,d07b3b2b-e83a-4999-877d-e2466ad53d7b,2026-08-02T23:15:00Z,2026-08-03T01:15:00+0200,135.93,EUR/MWh,BE,BE,day_ahead_price,value,2026-08-03T21:57:58Z
2026-08-03T21:57:27Z,2026-08-03T23:57:27+0200,d07b3b2b-e83a-4999-877d-e2466ad53d7b,2026-08-02T23:30:00Z,2026-08-03T01:30:00+0200,137.29,EUR/MWh,BE,BE,day_ahead_price,value,2026-08-03T21:57:58Z
2026-08-03T21:57:27Z,2026-08-03T23:57:27+0200,d07b3b2b-e83a-4999-877d-e2466ad53d7b,2026-08-02T23:45:00Z,2026-08-03T01:45:00+0200,134.42,EUR/MWh,BE,BE,day_ahead_price,value,2026-08-03T21:57:58Z
2026-08-03T21:57:27Z,2026-08-03T23:57:27+0200,d07b3b2b-e83a-4999-877d-e2466ad53d7b,2026-08-03T00:00:00Z,2026-08-03T02:00:00+0200,135.41,EUR/MWh,BE,BE,day_ahead_price,value,2026-08-03T21:57:58Z
2026-08-03T21:57:27Z,2026-08-03T23:57:27+0200,d07b3b2b-e83a-4999-877d-e2466ad53d7b,2026-08-03T00:15:00Z,2026-08-03T02:15:00+0200,133.59,EUR/MWh,BE,BE,day_ahead_price,value,2026-08-03T21:57:58Z
2026-08-03T21:57:27Z,2026-08-03T23:57:27+0200,d07b3b2b-e83a-4999-877d-e2466ad53d7b,2026-08-03T00:30:00Z,2026-08-03T02:30:00+0200,132.91,EUR/MWh,BE,BE,day_ahead_price,value,2026-08-03T21:57:58Z
2026-08-03T21:57:27Z,2026-08-03T23:57:27+0200,d07b3b2b-e83a-4999-877d-e2466ad53d7b,2026-08-03T00:45:00Z,2026-08-03T02:45:00+0200,132.3,EUR/MWh,BE,BE,day_ahead_price,value,2026-08-03T21:57:58Z
2026-08-03T21:57:27Z,2026-08-03T23:57:27+0200,d07b3b2b-e83a-4999-877d-e2466ad53d7b,2026-08-03T01:00:00Z,2026-08-03T03:00:00+0200,130.23,EUR/MWh,BE,BE,day_ahead_price,value,2026-08-03T21:57:58Z
2026-08-03T21:57:27Z,2026-08-03T23:57:27+0200,d07b3b2b-e83a-4999-877d-e2466ad53d7b,2026-08-03T01:15:00Z,2026-08-03T03:15:00+0200,129.7,EUR/MWh,BE,BE,day_ahead_price,value,2026-08-03T21:57:58Z
2026-08-03T21:57:27Z,2026-08-03T23:57:27+0200,d07b3b2b-e83a-4999-877d-e2466ad53d7b,2026-08-03T01:30:00Z,2026-08-03T03:30:00+0200,130.62,EUR/MWh,BE,BE,day_ahead_price,value,2026-08-03T21:57:58Z
2026-08-03T21:57:27Z,2026-08-03T23:57:27+0200,d07b3b2b-e83a-4999-877d-e2466ad53d7b,2026-08-03T01:45:00Z,2026-08-03T03:45:00+0200,132.53,EUR/MWh,BE,BE,day_ahead_price,value,2026-08-03T21:57:58Z
2026-08-03T21:57:27Z,2026-08-03T23:57:27+0200,d07b3b2b-e83a-4999-877d-e2466ad53d7b,2026-08-03T02:00:00Z,2026-08-03T04:00:00+0200,129.17,EUR/MWh,BE,BE,day_ahead_price,value,2026-08-03T21:57:58Z
2026-08-03T21:57:27Z,2026-08-03T23:57:27+0200,d07b3b2b-e83a-4999-877d-e2466ad53d7b,2026-08-03T02:15:00Z,2026-08-03T04:15:00+0200,132.07,EUR/MWh,BE,BE,day_ahead_price,value,2026-08-03T21:57:58Z
2026-08-03T21:57:27Z,2026-08-03T23:57:27+0200,d07b3b2b-e83a-4999-877d-e2466ad53d7b,2026-08-03T02:30:00Z,2026-08-03T04:30:00+0200,134.46,EUR/MWh,BE,BE,day_ahead_price,value,2026-08-03T21:57:58Z
2026-08-03T21:57:27Z,2026-08-03T23:57:27+0200,d07b3b2b-e83a-4999-877d-e2466ad53d7b,2026-08-03T02:45:00Z,2026-08-03T04:45:00+0200,138.24,EUR/MWh,BE,BE,day_ahead_price,value,2026-08-03T21:57:58Z
2026-08-03T21:57:27Z,2026-08-03T23:57:27+0200,d07b3b2b-e83a-4999-877d-e2466ad53d7b,2026-08-03T03:00:00Z,2026-08-03T05:00:00+0200,136.06,EUR/MWh,BE,BE,day_ahead_price,value,2026-08-03T21:57:58Z
2026-08-03T21:57:27Z,2026-08-03T23:57:27+0200,d07b3b2b-e83a-4999-877d-e2466ad53d7b,2026-08-03T03:15:00Z,2026-08-03T05:15:00+0200,141.73,EUR/MWh,BE,BE,day_ahead_price,value,2026-08-03T21:57:58Z
2026-08-03T21:57:27Z,2026-08-03T23:57:27+0200,d07b3b2b-e83a-4999-877d-e2466ad53d7b,2026-08-03T03:30:00Z,2026-08-03T05:30:00+0200,145.9,EUR/MWh,BE,BE,day_ahead_price,value,2026-08-03T21:57:58Z
2026-08-03T21:57:27Z,2026-08-03T23:57:27+0200,d07b3b2b-e83a-4999-877d-e2466ad53d7b,2026-08-03T03:45:00Z,2026-08-03T05:45:00+0200,152.94,EUR/MWh,BE,BE,day_ahead_price,value,2026-08-03T21:57:58Z
2026-08-03T21:57:27Z,2026-08-03T23:57:27+0200,d07b3b2b-e83a-4999-877d-e2466ad53d7b,2026-08-03T04:00:00Z,2026-08-03T06:00:00+0200,159.31,EUR/MWh,BE,BE,day_ahead_price,value,2026-08-03T21:57:58Z
2026-08-03T21:57:27Z,2026-08-03T23:57:27+0200,d07b3b2b-e83a-4999-877d-e2466ad53d7b,2026-08-03T04:15:00Z,2026-08-03T06:15:00+0200,168.24,EUR/MWh,BE,BE,day_ahead_price,value,2026-08-03T21:57:58Z
2026-08-03T21:57:27Z,2026-08-03T23:57:27+0200,d07b3b2b-e83a-4999-877d-e2466ad53d7b,2026-08-03T04:30:00Z,2026-08-03T06:30:00+0200,166.83,EUR/MWh,BE,BE,day_ahead_price,value,2026-08-03T21:57:58Z
2026-08-03T21:57:27Z,2026-08-03T23:57:27+0200,d07b3b2b-e83a-4999-877d-e2466ad53d7b,2026-08-03T04:45:00Z,2026-08-03T06:45:00+0200,162.02,EUR/MWh,BE,BE,day_ahead_price,value,2026-08-03T21:57:58Z
2026-08-03T21:57:27Z,2026-08-03T23:57:27+0200,d07b3b2b-e83a-4999-877d-e2466ad53d7b,2026-08-03T05:00:00Z,2026-08-03T07:00:00+0200,169.58,EUR/MWh,BE,BE,day_ahead_price,value,2026-08-03T21:57:58Z
2026-08-03T21:57:27Z,2026-08-03T23:57:27+0200,d07b3b2b-e83a-4999-877d-e2466ad53d7b,2026-08-03T05:15:00Z,2026-08-03T07:15:00+0200,165.7,EUR/MWh,BE,BE,day_ahead_price,value,2026-08-03T21:57:58Z
2026-08-03T21:57:27Z,2026-08-03T23:57:27+0200,d07b3b2b-e83a-4999-877d-e2466ad53d7b,2026-08-03T05:30:00Z,2026-08-03T07:30:00+0200,161.83,EUR/MWh,BE,BE,day_ahead_price,value,2026-08-03T21:57:58Z
2026-08-03T21:57:27Z,2026-08-03T23:57:27+0200,d07b3b2b-e83a-4999-877d-e2466ad53d7b,2026-08-03T05:45:00Z,2026-08-03T07:45:00+0200,155.63,EUR/MWh,BE,BE,day_ahead_price,value,2026-08-03T21:57:58Z
2026-08-03T21:57:27Z,2026-08-03T23:57:27+0200,d07b3b2b-e83a-4999-877d-e2466ad53d7b,2026-08-03T06:00:00Z,2026-08-03T08:00:00+0200,167.27,EUR/MWh,BE,BE,day_ahead_price,value,2026-08-03T21:57:58Z
2026-08-03T21:57:27Z,2026-08-03T23:57:27+0200,d07b3b2b-e83a-4999-877d-e2466ad53d7b,2026-08-03T06:15:00Z,2026-08-03T08:15:00+0200,156.95,EUR/MWh,BE,BE,day_ahead_price,value,2026-08-03T21:57:58Z
2026-08-03T21:57:27Z,2026-08-03T23:57:27+0200,d07b3b2b-e83a-4999-877d-e2466ad53d7b,2026-08-03T06:30:00Z,2026-08-03T08:30:00+0200,150.23,EUR/MWh,BE,BE,day_ahead_price,value,2026-08-03T21:57:58Z
2026-08-03T21:57:27Z,2026-08-03T23:57:27+0200,d07b3b2b-e83a-4999-877d-e2466ad53d7b,2026-08-03T06:45:00Z,2026-08-03T08:45:00+0200,125.55,EUR/MWh,BE,BE,day_ahead_price,value,2026-08-03T21:57:58Z
2026-08-03T21:57:27Z,2026-08-03T23:57:27+0200,d07b3b2b-e83a-4999-877d-e2466ad53d7b,2026-08-03T07:00:00Z,2026-08-03T09:00:00+0200,163.11,EUR/MWh,BE,BE,day_ahead_price,value,2026-08-03T21:57:58Z
2026-08-03T21:57:27Z,2026-08-03T23:57:27+0200,d07b3b2b-e83a-4999-877d-e2466ad53d7b,2026-08-03T07:15:00Z,2026-08-03T09:15:00+0200,134.68,EUR/MWh,BE,BE,day_ahead_price,value,2026-08-03T21:57:58Z
2026-08-03T21:57:27Z,2026-08-03T23:57:27+0200,d07b3b2b-e83a-4999-877d-e2466ad53d7b,2026-08-03T07:30:00Z,2026-08-03T09:30:00+0200,127.26,EUR/MWh,BE,BE,day_ahead_price,value,2026-08-03T21:57:58Z
2026-08-03T21:57:27Z,2026-08-03T23:57:27+0200,d07b3b2b-e83a-4999-877d-e2466ad53d7b,2026-08-03T07:45:00Z,2026-08-03T09:45:00+0200,122.09,EUR/MWh,BE,BE,day_ahead_price,value,2026-08-03T21:57:58Z
2026-08-03T21:57:27Z,2026-08-03T23:57:27+0200,d07b3b2b-e83a-4999-877d-e2466ad53d7b,2026-08-03T08:00:00Z,2026-08-03T10:00:00+0200,133.91,EUR/MWh,BE,BE,day_ahead_price,value,2026-08-03T21:57:58Z
2026-08-03T21:57:27Z,2026-08-03T23:57:27+0200,d07b3b2b-e83a-4999-877d-e2466ad53d7b,2026-08-03T08:15:00Z,2026-08-03T10:15:00+0200,123.2,EUR/MWh,BE,BE,day_ahead_price,value,2026-08-03T21:57:58Z
2026-08-03T21:57:27Z,2026-08-03T23:57:27+0200,d07b3b2b-e83a-4999-877d-e2466ad53d7b,2026-08-03T08:30:00Z,2026-08-03T10:30:00+0200,113.04,EUR/MWh,BE,BE,day_ahead_price,value,2026-08-03T21:57:58Z
2026-08-03T21:57:27Z,2026-08-03T23:57:27+0200,d07b3b2b-e83a-4999-877d-e2466ad53d7b,2026-08-03T08:45:00Z,2026-08-03T10:45:00+0200,90.27,EUR/MWh,BE,BE,day_ahead_price,value,2026-08-03T21:57:58Z
2026-08-03T21:57:27Z,2026-08-03T23:57:27+0200,d07b3b2b-e83a-4999-877d-e2466ad53d7b,2026-08-03T09:00:00Z,2026-08-03T11:00:00+0200,104.53,EUR/MWh,BE,BE,day_ahead_price,value,2026-08-03T21:57:58Z
2026-08-03T21:57:27Z,2026-08-03T23:57:27+0200,d07b3b2b-e83a-4999-877d-e2466ad53d7b,2026-08-03T09:15:00Z,2026-08-03T11:15:00+0200,111.98,EUR/MWh,BE,BE,day_ahead_price,value,2026-08-03T21:57:58Z
2026-08-03T21:57:27Z,2026-08-03T23:57:27+0200,d07b3b2b-e83a-4999-877d-e2466ad53d7b,2026-08-03T09:30:00Z,2026-08-03T11:30:00+0200,111.63,EUR/MWh,BE,BE,day_ahead_price,value,2026-08-03T21:57:58Z
2026-08-03T21:57:27Z,2026-08-03T23:57:27+0200,d07b3b2b-e83a-4999-877d-e2466ad53d7b,2026-08-03T09:45:00Z,2026-08-03T11:45:00+0200,107.5,EUR/MWh,BE,BE,day_ahead_price,value,2026-08-03T21:57:58Z
2026-08-03T21:57:27Z,2026-08-03T23:57:27+0200,d07b3b2b-e83a-4999-877d-e2466ad53d7b,2026-08-03T10:00:00Z,2026-08-03T12:00:00+0200,142.32,EUR/MWh,BE,BE,day_ahead_price,value,2026-08-03T21:57:58Z
2026-08-03T21:57:27Z,2026-08-03T23:57:27+0200,d07b3b2b-e83a-4999-877d-e2466ad53d7b,2026-08-03T10:15:00Z,2026-08-03T12:15:00+0200,145.0,EUR/MWh,BE,BE,day_ahead_price,value,2026-08-03T21:57:58Z
2026-08-03T21:57:27Z,2026-08-03T23:57:27+0200,d07b3b2b-e83a-4999-877d-e2466ad53d7b,2026-08-03T10:30:00Z,2026-08-03T12:30:00+0200,111.27,EUR/MWh,BE,BE,day_ahead_price,value,2026-08-03T21:57:58Z
2026-08-03T21:57:27Z,2026-08-03T23:57:27+0200,d07b3b2b-e83a-4999-877d-e2466ad53d7b,2026-08-03T10:45:00Z,2026-08-03T12:45:00+0200,42.0,EUR/MWh,BE,BE,day_ahead_price,value,2026-08-03T21:57:58Z
2026-08-03T21:57:27Z,2026-08-03T23:57:27+0200,d07b3b2b-e83a-4999-877d-e2466ad53d7b,2026-08-03T11:00:00Z,2026-08-03T13:00:00+0200,109.66,EUR/MWh,BE,BE,day_ahead_price,value,2026-08-03T21:57:58Z
2026-08-03T21:57:27Z,2026-08-03T23:57:27+0200,d07b3b2b-e83a-4999-877d-e2466ad53d7b,2026-08-03T11:15:00Z,2026-08-03T13:15:00+0200,67.33,EUR/MWh,BE,BE,day_ahead_price,value,2026-08-03T21:57:58Z
2026-08-03T21:57:27Z,2026-08-03T23:57:27+0200,d07b3b2b-e83a-4999-877d-e2466ad53d7b,2026-08-03T11:30:00Z,2026-08-03T13:30:00+0200,29.9,EUR/MWh,BE,BE,day_ahead_price,value,2026-08-03T21:57:58Z
2026-08-03T21:57:27Z,2026-08-03T23:57:27+0200,d07b3b2b-e83a-4999-877d-e2466ad53d7b,2026-08-03T11:45:00Z,2026-08-03T13:45:00+0200,32.39,EUR/MWh,BE,BE,day_ahead_price,value,2026-08-03T21:57:58Z
2026-08-03T21:57:27Z,2026-08-03T23:57:27+0200,d07b3b2b-e83a-4999-877d-e2466ad53d7b,2026-08-03T12:00:00Z,2026-08-03T14:00:00+0200,82.91,EUR/MWh,BE,BE,day_ahead_price,value,2026-08-03T21:57:58Z
2026-08-03T21:57:27Z,2026-08-03T23:57:27+0200,d07b3b2b-e83a-4999-877d-e2466ad53d7b,2026-08-03T12:15:00Z,2026-08-03T14:15:00+0200,62.83,EUR/MWh,BE,BE,day_ahead_price,value,2026-08-03T21:57:58Z
2026-08-03T21:57:27Z,2026-08-03T23:57:27+0200,d07b3b2b-e83a-4999-877d-e2466ad53d7b,2026-08-03T12:30:00Z,2026-08-03T14:30:00+0200,83.13,EUR/MWh,BE,BE,day_ahead_price,value,2026-08-03T21:57:58Z
2026-08-03T21:57:27Z,2026-08-03T23:57:27+0200,d07b3b2b-e83a-4999-877d-e2466ad53d7b,2026-08-03T12:45:00Z,2026-08-03T14:45:00+0200,91.13,EUR/MWh,BE,BE,day_ahead_price,value,2026-08-03T21:57:58Z
2026-08-03T21:57:27Z,2026-08-03T23:57:27+0200,d07b3b2b-e83a-4999-877d-e2466ad53d7b,2026-08-03T13:00:00Z,2026-08-03T15:00:00+0200,97.17,EUR/MWh,BE,BE,day_ahead_price,value,2026-08-03T21:57:58Z
2026-08-03T21:57:27Z,2026-08-03T23:57:27+0200,d07b3b2b-e83a-4999-877d-e2466ad53d7b,2026-08-03T13:15:00Z,2026-08-03T15:15:00+0200,87.57,EUR/MWh,BE,BE,day_ahead_price,value,2026-08-03T21:57:58Z
2026-08-03T21:57:27Z,2026-08-03T23:57:27+0200,d07b3b2b-e83a-4999-877d-e2466ad53d7b,2026-08-03T13:30:00Z,2026-08-03T15:30:00+0200,86.47,EUR/MWh,BE,BE,day_ahead_price,value,2026-08-03T21:57:58Z
2026-08-03T21:57:27Z,2026-08-03T23:57:27+0200,d07b3b2b-e83a-4999-877d-e2466ad53d7b,2026-08-03T13:45:00Z,2026-08-03T15:45:00+0200,85.2,EUR/MWh,BE,BE,day_ahead_price,value,2026-08-03T21:57:58Z
2026-08-03T21:57:27Z,2026-08-03T23:57:27+0200,d07b3b2b-e83a-4999-877d-e2466ad53d7b,2026-08-03T14:00:00Z,2026-08-03T16:00:00+0200,88.22,EUR/MWh,BE,BE,day_ahead_price,value,2026-08-03T21:57:58Z
2026-08-03T21:57:27Z,2026-08-03T23:57:27+0200,d07b3b2b-e83a-4999-877d-e2466ad53d7b,2026-08-03T14:15:00Z,2026-08-03T16:15:00+0200,96.48,EUR/MWh,BE,BE,day_ahead_price,value,2026-08-03T21:57:58Z
2026-08-03T21:57:27Z,2026-08-03T23:57:27+0200,d07b3b2b-e83a-4999-877d-e2466ad53d7b,2026-08-03T14:30:00Z,2026-08-03T16:30:00+0200,108.34,EUR/MWh,BE,BE,day_ahead_price,value,2026-08-03T21:57:58Z
2026-08-03T21:57:27Z,2026-08-03T23:57:27+0200,d07b3b2b-e83a-4999-877d-e2466ad53d7b,2026-08-03T14:45:00Z,2026-08-03T16:45:00+0200,122.41,EUR/MWh,BE,BE,day_ahead_price,value,2026-08-03T21:57:58Z
2026-08-03T21:57:27Z,2026-08-03T23:57:27+0200,d07b3b2b-e83a-4999-877d-e2466ad53d7b,2026-08-03T15:00:00Z,2026-08-03T17:00:00+0200,117.84,EUR/MWh,BE,BE,day_ahead_price,value,2026-08-03T21:57:58Z
2026-08-03T21:57:27Z,2026-08-03T23:57:27+0200,d07b3b2b-e83a-4999-877d-e2466ad53d7b,2026-08-03T15:15:00Z,2026-08-03T17:15:00+0200,124.84,EUR/MWh,BE,BE,day_ahead_price,value,2026-08-03T21:57:58Z
2026-08-03T21:57:27Z,2026-08-03T23:57:27+0200,d07b3b2b-e83a-4999-877d-e2466ad53d7b,2026-08-03T15:30:00Z,2026-08-03T17:30:00+0200,146.26,EUR/MWh,BE,BE,day_ahead_price,value,2026-08-03T21:57:58Z
2026-08-03T21:57:27Z,2026-08-03T23:57:27+0200,d07b3b2b-e83a-4999-877d-e2466ad53d7b,2026-08-03T15:45:00Z,2026-08-03T17:45:00+0200,172.55,EUR/MWh,BE,BE,day_ahead_price,value,2026-08-03T21:57:58Z
2026-08-03T21:57:27Z,2026-08-03T23:57:27+0200,d07b3b2b-e83a-4999-877d-e2466ad53d7b,2026-08-03T16:00:00Z,2026-08-03T18:00:00+0200,145.25,EUR/MWh,BE,BE,day_ahead_price,value,2026-08-03T21:57:58Z
2026-08-03T21:57:27Z,2026-08-03T23:57:27+0200,d07b3b2b-e83a-4999-877d-e2466ad53d7b,2026-08-03T16:15:00Z,2026-08-03T18:15:00+0200,161.26,EUR/MWh,BE,BE,day_ahead_price,value,2026-08-03T21:57:58Z
2026-08-03T21:57:27Z,2026-08-03T23:57:27+0200,d07b3b2b-e83a-4999-877d-e2466ad53d7b,2026-08-03T16:30:00Z,2026-08-03T18:30:00+0200,166.6,EUR/MWh,BE,BE,day_ahead_price,value,2026-08-03T21:57:58Z
2026-08-03T21:57:27Z,2026-08-03T23:57:27+0200,d07b3b2b-e83a-4999-877d-e2466ad53d7b,2026-08-03T16:45:00Z,2026-08-03T18:45:00+0200,188.99,EUR/MWh,BE,BE,day_ahead_price,value,2026-08-03T21:57:58Z
2026-08-03T21:57:27Z,2026-08-03T23:57:27+0200,d07b3b2b-e83a-4999-877d-e2466ad53d7b,2026-08-03T17:00:00Z,2026-08-03T19:00:00+0200,169.0,EUR/MWh,BE,BE,day_ahead_price,value,2026-08-03T21:57:58Z
2026-08-03T21:57:27Z,2026-08-03T23:57:27+0200,d07b3b2b-e83a-4999-877d-e2466ad53d7b,2026-08-03T17:15:00Z,2026-08-03T19:15:00+0200,188.22,EUR/MWh,BE,BE,day_ahead_price,value,2026-08-03T21:57:58Z
2026-08-03T21:57:27Z,2026-08-03T23:57:27+0200,d07b3b2b-e83a-4999-877d-e2466ad53d7b,2026-08-03T17:30:00Z,2026-08-03T19:30:00+0200,202.1,EUR/MWh,BE,BE,day_ahead_price,value,2026-08-03T21:57:58Z
2026-08-03T21:57:27Z,2026-08-03T23:57:27+0200,d07b3b2b-e83a-4999-877d-e2466ad53d7b,2026-08-03T17:45:00Z,2026-08-03T19:45:00+0200,233.17,EUR/MWh,BE,BE,day_ahead_price,value,2026-08-03T21:57:58Z
2026-08-03T21:57:27Z,2026-08-03T23:57:27+0200,d07b3b2b-e83a-4999-877d-e2466ad53d7b,2026-08-03T18:00:00Z,2026-08-03T20:00:00+0200,191.73,EUR/MWh,BE,BE,day_ahead_price,value,2026-08-03T21:57:58Z
2026-08-03T21:57:27Z,2026-08-03T23:57:27+0200,d07b3b2b-e83a-4999-877d-e2466ad53d7b,2026-08-03T18:15:00Z,2026-08-03T20:15:00+0200,191.96,EUR/MWh,BE,BE,day_ahead_price,value,2026-08-03T21:57:58Z
2026-08-03T21:57:27Z,2026-08-03T23:57:27+0200,d07b3b2b-e83a-4999-877d-e2466ad53d7b,2026-08-03T18:30:00Z,2026-08-03T20:30:00+0200,192.97,EUR/MWh,BE,BE,day_ahead_price,value,2026-08-03T21:57:58Z
2026-08-03T21:57:27Z,2026-08-03T23:57:27+0200,d07b3b2b-e83a-4999-877d-e2466ad53d7b,2026-08-03T18:45:00Z,2026-08-03T20:45:00+0200,201.42,EUR/MWh,BE,BE,day_ahead_price,value,2026-08-03T21:57:58Z
2026-08-03T21:57:27Z,2026-08-03T23:57:27+0200,d07b3b2b-e83a-4999-877d-e2466ad53d7b,2026-08-03T19:00:00Z,2026-08-03T21:00:00+0200,197.78,EUR/MWh,BE,BE,day_ahead_price,value,2026-08-03T21:57:58Z
2026-08-03T21:57:27Z,2026-08-03T23:57:27+0200,d07b3b2b-e83a-4999-877d-e2466ad53d7b,2026-08-03T19:15:00Z,2026-08-03T21:15:00+0200,189.86,EUR/MWh,BE,BE,day_ahead_price,value,2026-08-03T21:57:58Z
2026-08-03T21:57:27Z,2026-08-03T23:57:27+0200,d07b3b2b-e83a-4999-877d-e2466ad53d7b,2026-08-03T19:30:00Z,2026-08-03T21:30:00+0200,185.12,EUR/MWh,BE,BE,day_ahead_price,value,2026-08-03T21:57:58Z
2026-08-03T21:57:27Z,2026-08-03T23:57:27+0200,d07b3b2b-e83a-4999-877d-e2466ad53d7b,2026-08-03T19:45:00Z,2026-08-03T21:45:00+0200,173.15,EUR/MWh,BE,BE,day_ahead_price,value,2026-08-03T21:57:58Z
2026-08-03T21:57:27Z,2026-08-03T23:57:27+0200,d07b3b2b-e83a-4999-877d-e2466ad53d7b,2026-08-03T20:00:00Z,2026-08-03T22:00:00+0200,185.7,EUR/MWh,BE,BE,day_ahead_price,value,2026-08-03T21:57:58Z
2026-08-03T21:57:27Z,2026-08-03T23:57:27+0200,d07b3b2b-e83a-4999-877d-e2466ad53d7b,2026-08-03T20:15:00Z,2026-08-03T22:15:00+0200,177.25,EUR/MWh,BE,BE,day_ahead_price,value,2026-08-03T21:57:58Z
2026-08-03T21:57:27Z,2026-08-03T23:57:27+0200,d07b3b2b-e83a-4999-877d-e2466ad53d7b,2026-08-03T20:30:00Z,2026-08-03T22:30:00+0200,174.46,EUR/MWh,BE,BE,day_ahead_price,value,2026-08-03T21:57:58Z
2026-08-03T21:57:27Z,2026-08-03T23:57:27+0200,d07b3b2b-e83a-4999-877d-e2466ad53d7b,2026-08-03T20:45:00Z,2026-08-03T22:45:00+0200,166.42,EUR/MWh,BE,BE,day_ahead_price,value,2026-08-03T21:57:58Z
2026-08-03T21:57:27Z,2026-08-03T23:57:27+0200,d07b3b2b-e83a-4999-877d-e2466ad53d7b,2026-08-03T21:00:00Z,2026-08-03T23:00:00+0200,167.9,EUR/MWh,BE,BE,day_ahead_price,value,2026-08-03T21:57:58Z
2026-08-03T21:57:27Z,2026-08-03T23:57:27+0200,d07b3b2b-e83a-4999-877d-e2466ad53d7b,2026-08-03T21:15:00Z,2026-08-03T23:15:00+0200,161.15,EUR/MWh,BE,BE,day_ahead_price,value,2026-08-03T21:57:58Z
2026-08-03T21:57:27Z,2026-08-03T23:57:27+0200,d07b3b2b-e83a-4999-877d-e2466ad53d7b,2026-08-03T21:30:00Z,2026-08-03T23:30:00+0200,156.93,EUR/MWh,BE,BE,day_ahead_price,value,2026-08-03T21:57:58Z
2026-08-03T21:57:27Z,2026-08-03T23:57:27+0200,d07b3b2b-e83a-4999-877d-e2466ad53d7b,2026-08-03T21:45:00Z,2026-08-03T23:45:00+0200,147.61,EUR/MWh,BE,BE,day_ahead_price,value,2026-08-03T21:57:58Z
2026-08-03T21:57:27Z,2026-08-03T23:57:27+0200,d07b3b2b-e83a-4999-877d-e2466ad53d7b,2026-08-03T22:00:00Z,2026-08-04T00:00:00+0200,170.27,EUR/MWh,BE,BE,day_ahead_price,value,2026-08-03T21:57:58Z
