collection_time_utc,collection_time_local,run_id,timestamp_utc,timestamp_local,value,unit,country,entsoe_area,variable,source,updated_at_utc
2026-08-07T04:50:48Z,2026-08-07T06:50:48+0200,9de41e72-ad84-4160-af68-c339f970a640,2026-07-07T05:00:00Z,2026-07-07T07:00:00+0200,1573.713,MW,NL,NL,actual_offshore_wind_generation,Wind Offshore | Actual Aggregated,2026-08-07T04:53:21Z
2026-08-07T04:50:48Z,2026-08-07T06:50:48+0200,9de41e72-ad84-4160-af68-c339f970a640,2026-07-07T05:00:00Z,2026-07-07T07:00:00+0200,0.612,MW,NL,NL,actual_offshore_wind_generation,Wind Offshore | Actual Consumption,2026-08-07T04:53:21Z
2026-08-07T04:50:48Z,2026-08-07T06:50:48+0200,9de41e72-ad84-4160-af68-c339f970a640,2026-07-07T05:15:00Z,2026-07-07T07:15:00+0200,1678.127,MW,NL,NL,actual_offshore_wind_generation,Wind Offshore | Actual Aggregated,2026-08-07T04:53:21Z
2026-08-07T04:50:48Z,2026-08-07T06:50:48+0200,9de41e72-ad84-4160-af68-c339f970a640,2026-07-07T05:15:00Z,2026-07-07T07:15:00+0200,0.612,MW,NL,NL,actual_offshore_wind_generation,Wind Offshore | Actual Consumption,2026-08-07T04:53:21Z
2026-08-07T04:50:48Z,2026-08-07T06:50:48+0200,9de41e72-ad84-4160-af68-c339f970a640,2026-07-07T05:30:00Z,2026-07-07T07:30:00+0200,1671.514,MW,NL,NL,actual_offshore_wind_generation,Wind Offshore | Actual Aggregated,2026-08-07T04:53:21Z
2026-08-07T04:50:48Z,2026-08-07T06:50:48+0200,9de41e72-ad84-4160-af68-c339f970a640,2026-07-07T05:30:00Z,2026-07-07T07:30:00+0200,2.116,MW,NL,NL,actual_offshore_wind_generation,Wind Offshore | Actual Consumption,2026-08-07T04:53:21Z
2026-08-07T04:50:48Z,2026-08-07T06:50:48+0200,9de41e72-ad84-4160-af68-c339f970a640,2026-07-07T05:45:00Z,2026-07-07T07:45:00+0200,1577.046,MW,NL,NL,actual_offshore_wind_generation,Wind Offshore | Actual Aggregated,2026-08-07T04:53:21Z
2026-08-07T04:50:48Z,2026-08-07T06:50:48+0200,9de41e72-ad84-4160-af68-c339f970a640,2026-07-07T05:45:00Z,2026-07-07T07:45:00+0200,3.224,MW,NL,NL,actual_offshore_wind_generation,Wind Offshore | Actual Consumption,2026-08-07T04:53:21Z
2026-08-07T04:50:48Z,2026-08-07T06:50:48+0200,9de41e72-ad84-4160-af68-c339f970a640,2026-07-07T06:00:00Z,2026-07-07T08:00:00+0200,1625.732,MW,NL,NL,actual_offshore_wind_generation,Wind Offshore | Actual Aggregated,2026-08-07T04:53:21Z
2026-08-07T04:50:48Z,2026-08-07T06:50:48+0200,9de41e72-ad84-4160-af68-c339f970a640,2026-07-07T06:00:00Z,2026-07-07T08:00:00+0200,0.8,MW,NL,NL,actual_offshore_wind_generation,Wind Offshore | Actual Consumption,2026-08-07T04:53:21Z
2026-08-07T04:50:48Z,2026-08-07T06:50:48+0200,9de41e72-ad84-4160-af68-c339f970a640,2026-07-07T06:15:00Z,2026-07-07T08:15:00+0200,1604.239,MW,NL,NL,actual_offshore_wind_generation,Wind Offshore | Actual Aggregated,2026-08-07T04:53:21Z
2026-08-07T04:50:48Z,2026-08-07T06:50:48+0200,9de41e72-ad84-4160-af68-c339f970a640,2026-07-07T06:15:00Z,2026-07-07T08:15:00+0200,0.0,MW,NL,NL,actual_offshore_wind_generation,Wind Offshore | Actual Consumption,2026-08-07T04:53:21Z
2026-08-07T04:50:48Z,2026-08-07T06:50:48+0200,9de41e72-ad84-4160-af68-c339f970a640,2026-07-07T06:30:00Z,2026-07-07T08:30:00+0200,1575.53,MW,NL,NL,actual_offshore_wind_generation,Wind Offshore | Actual Aggregated,2026-08-07T04:53:21Z
2026-08-07T04:50:48Z,2026-08-07T06:50:48+0200,9de41e72-ad84-4160-af68-c339f970a640,2026-07-07T06:30:00Z,2026-07-07T08:30:00+0200,0.0,MW,NL,NL,actual_offshore_wind_generation,Wind Offshore | Actual Consumption,2026-08-07T04:53:21Z
2026-08-07T04:50:48Z,2026-08-07T06:50:48+0200,9de41e72-ad84-4160-af68-c339f970a640,2026-07-07T06:45:00Z,2026-07-07T08:45:00+0200,1642.444,MW,NL,NL,actual_offshore_wind_generation,Wind Offshore | Actual Aggregated,2026-08-07T04:53:21Z
2026-08-07T04:50:48Z,2026-08-07T06:50:48+0200,9de41e72-ad84-4160-af68-c339f970a640,2026-07-07T06:45:00Z,2026-07-07T08:45:00+0200,0.0,MW,NL,NL,actual_offshore_wind_generation,Wind Offshore | Actual Consumption,2026-08-07T04:53:21Z
2026-08-07T04:50:48Z,2026-08-07T06:50:48+0200,9de41e72-ad84-4160-af68-c339f970a640,2026-07-07T07:00:00Z,2026-07-07T09:00:00+0200,1619.014,MW,NL,NL,actual_offshore_wind_generation,Wind Offshore | Actual Aggregated,2026-08-07T04:53:21Z
2026-08-07T04:50:48Z,2026-08-07T06:50:48+0200,9de41e72-ad84-4160-af68-c339f970a640,2026-07-07T07:00:00Z,2026-07-07T09:00:00+0200,0.0,MW,NL,NL,actual_offshore_wind_generation,Wind Offshore | Actual Consumption,2026-08-07T04:53:21Z
2026-08-07T04:50:48Z,2026-08-07T06:50:48+0200,9de41e72-ad84-4160-af68-c339f970a640,2026-07-07T07:15:00Z,2026-07-07T09:15:00+0200,1586.941,MW,NL,NL,actual_offshore_wind_generation,Wind Offshore | Actual Aggregated,2026-08-07T04:53:21Z
2026-08-07T04:50:48Z,2026-08-07T06:50:48+0200,9de41e72-ad84-4160-af68-c339f970a640,2026-07-07T07:15:00Z,2026-07-07T09:15:00+0200,0.0,MW,NL,NL,actual_offshore_wind_generation,Wind Offshore | Actual Consumption,2026-08-07T04:53:21Z
2026-08-07T04:50:48Z,2026-08-07T06:50:48+0200,9de41e72-ad84-4160-af68-c339f970a640,2026-07-07T07:30:00Z,2026-07-07T09:30:00+0200,1436.95,MW,NL,NL,actual_offshore_wind_generation,Wind Offshore | Actual Aggregated,2026-08-07T04:53:21Z
2026-08-07T04:50:48Z,2026-08-07T06:50:48+0200,9de41e72-ad84-4160-af68-c339f970a640,2026-07-07T07:30:00Z,2026-07-07T09:30:00+0200,0.0,MW,NL,NL,actual_offshore_wind_generation,Wind Offshore | Actual Consumption,2026-08-07T04:53:21Z
2026-08-07T04:50:48Z,2026-08-07T06:50:48+0200,9de41e72-ad84-4160-af68-c339f970a640,2026-07-07T07:45:00Z,2026-07-07T09:45:00+0200,1371.079,MW,NL,NL,actual_offshore_wind_generation,Wind Offshore | Actual Aggregated,2026-08-07T04:53:21Z
2026-08-07T04:50:48Z,2026-08-07T06:50:48+0200,9de41e72-ad84-4160-af68-c339f970a640,2026-07-07T07:45:00Z,2026-07-07T09:45:00+0200,0.0,MW,NL,NL,actual_offshore_wind_generation,Wind Offshore | Actual Consumption,2026-08-07T04:53:21Z
2026-08-07T04:50:48Z,2026-08-07T06:50:48+0200,9de41e72-ad84-4160-af68-c339f970a640,2026-07-07T08:00:00Z,2026-07-07T10:00:00+0200,1396.29,MW,NL,NL,actual_offshore_wind_generation,Wind Offshore | Actual Aggregated,2026-08-07T04:53:21Z
2026-08-07T04:50:48Z,2026-08-07T06:50:48+0200,9de41e72-ad84-4160-af68-c339f970a640,2026-07-07T08:00:00Z,2026-07-07T10:00:00+0200,0.0,MW,NL,NL,actual_offshore_wind_generation,Wind Offshore | Actual Consumption,2026-08-07T04:53:21Z
2026-08-07T04:50:48Z,2026-08-07T06:50:48+0200,9de41e72-ad84-4160-af68-c339f970a640,2026-07-07T08:15:00Z,2026-07-07T10:15:00+0200,1271.09,MW,NL,NL,actual_offshore_wind_generation,Wind Offshore | Actual Aggregated,2026-08-07T04:53:21Z
2026-08-07T04:50:48Z,2026-08-07T06:50:48+0200,9de41e72-ad84-4160-af68-c339f970a640,2026-07-07T08:15:00Z,2026-07-07T10:15:00+0200,0.0,MW,NL,NL,actual_offshore_wind_generation,Wind Offshore | Actual Consumption,2026-08-07T04:53:21Z
2026-08-07T04:50:48Z,2026-08-07T06:50:48+0200,9de41e72-ad84-4160-af68-c339f970a640,2026-07-07T08:30:00Z,2026-07-07T10:30:00+0200,493.34,MW,NL,NL,actual_offshore_wind_generation,Wind Offshore | Actual Aggregated,2026-08-07T04:53:21Z
2026-08-07T04:50:48Z,2026-08-07T06:50:48+0200,9de41e72-ad84-4160-af68-c339f970a640,2026-07-07T08:30:00Z,2026-07-07T10:30:00+0200,0.144,MW,NL,NL,actual_offshore_wind_generation,Wind Offshore | Actual Consumption,2026-08-07T04:53:21Z
2026-08-07T04:50:48Z,2026-08-07T06:50:48+0200,9de41e72-ad84-4160-af68-c339f970a640,2026-07-07T08:45:00Z,2026-07-07T10:45:00+0200,419.15,MW,NL,NL,actual_offshore_wind_generation,Wind Offshore | Actual Aggregated,2026-08-07T04:53:21Z
2026-08-07T04:50:48Z,2026-08-07T06:50:48+0200,9de41e72-ad84-4160-af68-c339f970a640,2026-07-07T08:45:00Z,2026-07-07T10:45:00+0200,0.288,MW,NL,NL,actual_offshore_wind_generation,Wind Offshore | Actual Consumption,2026-08-07T04:53:21Z
2026-08-07T04:50:48Z,2026-08-07T06:50:48+0200,9de41e72-ad84-4160-af68-c339f970a640,2026-07-07T09:00:00Z,2026-07-07T11:00:00+0200,529.438,MW,NL,NL,actual_offshore_wind_generation,Wind Offshore | Actual Aggregated,2026-08-07T04:53:21Z
2026-08-07T04:50:48Z,2026-08-07T06:50:48+0200,9de41e72-ad84-4160-af68-c339f970a640,2026-07-07T09:00:00Z,2026-07-07T11:00:00+0200,0.0,MW,NL,NL,actual_offshore_wind_generation,Wind Offshore | Actual Consumption,2026-08-07T04:53:21Z
2026-08-07T04:50:48Z,2026-08-07T06:50:48+0200,9de41e72-ad84-4160-af68-c339f970a640,2026-07-07T09:15:00Z,2026-07-07T11:15:00+0200,708.552,MW,NL,NL,actual_offshore_wind_generation,Wind Offshore | Actual Aggregated,2026-08-07T04:53:21Z
2026-08-07T04:50:48Z,2026-08-07T06:50:48+0200,9de41e72-ad84-4160-af68-c339f970a640,2026-07-07T09:15:00Z,2026-07-07T11:15:00+0200,0.288,MW,NL,NL,actual_offshore_wind_generation,Wind Offshore | Actual Consumption,2026-08-07T04:53:21Z
2026-08-07T04:50:48Z,2026-08-07T06:50:48+0200,9de41e72-ad84-4160-af68-c339f970a640,2026-07-07T09:30:00Z,2026-07-07T11:30:00+0200,590.358,MW,NL,NL,actual_offshore_wind_generation,Wind Offshore | Actual Aggregated,2026-08-07T04:53:21Z
2026-08-07T04:50:48Z,2026-08-07T06:50:48+0200,9de41e72-ad84-4160-af68-c339f970a640,2026-07-07T09:30:00Z,2026-07-07T11:30:00+0200,0.432,MW,NL,NL,actual_offshore_wind_generation,Wind Offshore | Actual Consumption,2026-08-07T04:53:21Z
2026-08-07T04:50:48Z,2026-08-07T06:50:48+0200,9de41e72-ad84-4160-af68-c339f970a640,2026-07-07T09:45:00Z,2026-07-07T11:45:00+0200,622.112,MW,NL,NL,actual_offshore_wind_generation,Wind Offshore | Actual Aggregated,2026-08-07T04:53:21Z
2026-08-07T04:50:48Z,2026-08-07T06:50:48+0200,9de41e72-ad84-4160-af68-c339f970a640,2026-07-07T09:45:00Z,2026-07-07T11:45:00+0200,0.144,MW,NL,NL,actual_offshore_wind_generation,Wind Offshore | Actual Consumption,2026-08-07T04:53:21Z
2026-08-07T04:50:48Z,2026-08-07T06:50:48+0200,9de41e72-ad84-4160-af68-c339f970a640,2026-07-07T10:00:00Z,2026-07-07T12:00:00+0200,684.833,MW,NL,NL,actual_offshore_wind_generation,Wind Offshore | Actual Aggregated,2026-08-07T04:53:21Z
2026-08-07T04:50:48Z,2026-08-07T06:50:48+0200,9de41e72-ad84-4160-af68-c339f970a640,2026-07-07T10:00:00Z,2026-07-07T12:00:00+0200,0.144,MW,NL,NL,actual_offshore_wind_generation,Wind Offshore | Actual Consumption,2026-08-07T04:53:21Z
2026-08-07T04:50:48Z,2026-08-07T06:50:48+0200,9de41e72-ad84-4160-af68-c339f970a640,2026-07-07T10:15:00Z,2026-07-07T12:15:00+0200,683.876,MW,NL,NL,actual_offshore_wind_generation,Wind Offshore | Actual Aggregated,2026-08-07T04:53:21Z
2026-08-07T04:50:48Z,2026-08-07T06:50:48+0200,9de41e72-ad84-4160-af68-c339f970a640,2026-07-07T10:15:00Z,2026-07-07T12:15:00+0200,0.144,MW,NL,NL,actual_offshore_wind_generation,Wind Offshore | Actual Consumption,2026-08-07T04:53:21Z
2026-08-07T04:50:48Z,2026-08-07T06:50:48+0200,9de41e72-ad84-4160-af68-c339f970a640,2026-07-07T10:30:00Z,2026-07-07T12:30:00+0200,733.573,MW,NL,NL,actual_offshore_wind_generation,Wind Offshore | Actual Aggregated,2026-08-07T04:53:21Z
2026-08-07T04:50:48Z,2026-08-07T06:50:48+0200,9de41e72-ad84-4160-af68-c339f970a640,2026-07-07T10:30:00Z,2026-07-07T12:30:00+0200,0.0,MW,NL,NL,actual_offshore_wind_generation,Wind Offshore | Actual Consumption,2026-08-07T04:53:21Z
2026-08-07T04:50:48Z,2026-08-07T06:50:48+0200,9de41e72-ad84-4160-af68-c339f970a640,2026-07-07T10:45:00Z,2026-07-07T12:45:00+0200,771.415,MW,NL,NL,actual_offshore_wind_generation,Wind Offshore | Actual Aggregated,2026-08-07T04:53:21Z
2026-08-07T04:50:48Z,2026-08-07T06:50:48+0200,9de41e72-ad84-4160-af68-c339f970a640,2026-07-07T10:45:00Z,2026-07-07T12:45:00+0200,0.144,MW,NL,NL,actual_offshore_wind_generation,Wind Offshore | Actual Consumption,2026-08-07T04:53:21Z
2026-08-07T04:50:48Z,2026-08-07T06:50:48+0200,9de41e72-ad84-4160-af68-c339f970a640,2026-07-07T11:00:00Z,2026-07-07T13:00:00+0200,721.68,MW,NL,NL,actual_offshore_wind_generation,Wind Offshore | Actual Aggregated,2026-08-07T04:53:21Z
2026-08-07T04:50:48Z,2026-08-07T06:50:48+0200,9de41e72-ad84-4160-af68-c339f970a640,2026-07-07T11:00:00Z,2026-07-07T13:00:00+0200,0.144,MW,NL,NL,actual_offshore_wind_generation,Wind Offshore | Actual Consumption,2026-08-07T04:53:21Z
2026-08-07T04:50:48Z,2026-08-07T06:50:48+0200,9de41e72-ad84-4160-af68-c339f970a640,2026-07-07T11:15:00Z,2026-07-07T13:15:00+0200,767.026,MW,NL,NL,actual_offshore_wind_generation,Wind Offshore | Actual Aggregated,2026-08-07T04:53:21Z
2026-08-07T04:50:48Z,2026-08-07T06:50:48+0200,9de41e72-ad84-4160-af68-c339f970a640,2026-07-07T11:15:00Z,2026-07-07T13:15:00+0200,0.0,MW,NL,NL,actual_offshore_wind_generation,Wind Offshore | Actual Consumption,2026-08-07T04:53:21Z
2026-08-07T04:50:48Z,2026-08-07T06:50:48+0200,9de41e72-ad84-4160-af68-c339f970a640,2026-07-07T11:30:00Z,2026-07-07T13:30:00+0200,756.485,MW,NL,NL,actual_offshore_wind_generation,Wind Offshore | Actual Aggregated,2026-08-07T04:53:21Z
2026-08-07T04:50:48Z,2026-08-07T06:50:48+0200,9de41e72-ad84-4160-af68-c339f970a640,2026-07-07T11:30:00Z,2026-07-07T13:30:00+0200,0.544,MW,NL,NL,actual_offshore_wind_generation,Wind Offshore | Actual Consumption,2026-08-07T04:53:21Z
2026-08-07T04:50:48Z,2026-08-07T06:50:48+0200,9de41e72-ad84-4160-af68-c339f970a640,2026-07-07T11:45:00Z,2026-07-07T13:45:00+0200,732.946,MW,NL,NL,actual_offshore_wind_generation,Wind Offshore | Actual Aggregated,2026-08-07T04:53:21Z
2026-08-07T04:50:48Z,2026-08-07T06:50:48+0200,9de41e72-ad84-4160-af68-c339f970a640,2026-07-07T11:45:00Z,2026-07-07T13:45:00+0200,1.2,MW,NL,NL,actual_offshore_wind_generation,Wind Offshore | Actual Consumption,2026-08-07T04:53:21Z
2026-08-07T04:50:48Z,2026-08-07T06:50:48+0200,9de41e72-ad84-4160-af68-c339f970a640,2026-07-07T12:00:00Z,2026-07-07T14:00:00+0200,766.866,MW,NL,NL,actual_offshore_wind_generation,Wind Offshore | Actual Aggregated,2026-08-07T04:53:21Z
2026-08-07T04:50:48Z,2026-08-07T06:50:48+0200,9de41e72-ad84-4160-af68-c339f970a640,2026-07-07T12:00:00Z,2026-07-07T14:00:00+0200,2.832,MW,NL,NL,actual_offshore_wind_generation,Wind Offshore | Actual Consumption,2026-08-07T04:53:21Z
2026-08-07T04:50:48Z,2026-08-07T06:50:48+0200,9de41e72-ad84-4160-af68-c339f970a640,2026-07-07T12:15:00Z,2026-07-07T14:15:00+0200,793.703,MW,NL,NL,actual_offshore_wind_generation,Wind Offshore | Actual Aggregated,2026-08-07T04:53:21Z
2026-08-07T04:50:48Z,2026-08-07T06:50:48+0200,9de41e72-ad84-4160-af68-c339f970a640,2026-07-07T12:15:00Z,2026-07-07T14:15:00+0200,4.976,MW,NL,NL,actual_offshore_wind_generation,Wind Offshore | Actual Consumption,2026-08-07T04:53:21Z
2026-08-07T04:50:48Z,2026-08-07T06:50:48+0200,9de41e72-ad84-4160-af68-c339f970a640,2026-07-07T12:30:00Z,2026-07-07T14:30:00+0200,982.984,MW,NL,NL,actual_offshore_wind_generation,Wind Offshore | Actual Aggregated,2026-08-07T04:53:21Z
2026-08-07T04:50:48Z,2026-08-07T06:50:48+0200,9de41e72-ad84-4160-af68-c339f970a640,2026-07-07T12:30:00Z,2026-07-07T14:30:00+0200,2.544,MW,NL,NL,actual_offshore_wind_generation,Wind Offshore | Actual Consumption,2026-08-07T04:53:21Z
2026-08-07T04:50:48Z,2026-08-07T06:50:48+0200,9de41e72-ad84-4160-af68-c339f970a640,2026-07-07T12:45:00Z,2026-07-07T14:45:00+0200,1077.716,MW,NL,NL,actual_offshore_wind_generation,Wind Offshore | Actual Aggregated,2026-08-07T04:53:21Z
2026-08-07T04:50:48Z,2026-08-07T06:50:48+0200,9de41e72-ad84-4160-af68-c339f970a640,2026-07-07T12:45:00Z,2026-07-07T14:45:00+0200,0.0,MW,NL,NL,actual_offshore_wind_generation,Wind Offshore | Actual Consumption,2026-08-07T04:53:21Z
2026-08-07T04:50:48Z,2026-08-07T06:50:48+0200,9de41e72-ad84-4160-af68-c339f970a640,2026-07-07T13:00:00Z,2026-07-07T15:00:00+0200,1017.235,MW,NL,NL,actual_offshore_wind_generation,Wind Offshore | Actual Aggregated,2026-08-07T04:53:21Z
2026-08-07T04:50:48Z,2026-08-07T06:50:48+0200,9de41e72-ad84-4160-af68-c339f970a640,2026-07-07T13:00:00Z,2026-07-07T15:00:00+0200,0.576,MW,NL,NL,actual_offshore_wind_generation,Wind Offshore | Actual Consumption,2026-08-07T04:53:21Z
2026-08-07T04:50:48Z,2026-08-07T06:50:48+0200,9de41e72-ad84-4160-af68-c339f970a640,2026-07-07T13:15:00Z,2026-07-07T15:15:00+0200,988.771,MW,NL,NL,actual_offshore_wind_generation,Wind Offshore | Actual Aggregated,2026-08-07T04:53:21Z
2026-08-07T04:50:48Z,2026-08-07T06:50:48+0200,9de41e72-ad84-4160-af68-c339f970a640,2026-07-07T13:15:00Z,2026-07-07T15:15:00+0200,0.0,MW,NL,NL,actual_offshore_wind_generation,Wind Offshore | Actual Consumption,2026-08-07T04:53:21Z
2026-08-07T04:50:48Z,2026-08-07T06:50:48+0200,9de41e72-ad84-4160-af68-c339f970a640,2026-07-07T13:30:00Z,2026-07-07T15:30:00+0200,949.666,MW,NL,NL,actual_offshore_wind_generation,Wind Offshore | Actual Aggregated,2026-08-07T04:53:21Z
2026-08-07T04:50:48Z,2026-08-07T06:50:48+0200,9de41e72-ad84-4160-af68-c339f970a640,2026-07-07T13:30:00Z,2026-07-07T15:30:00+0200,0.144,MW,NL,NL,actual_offshore_wind_generation,Wind Offshore | Actual Consumption,2026-08-07T04:53:21Z
2026-08-07T04:50:48Z,2026-08-07T06:50:48+0200,9de41e72-ad84-4160-af68-c339f970a640,2026-07-07T13:45:00Z,2026-07-07T15:45:00+0200,938.631,MW,NL,NL,actual_offshore_wind_generation,Wind Offshore | Actual Aggregated,2026-08-07T04:53:21Z
2026-08-07T04:50:48Z,2026-08-07T06:50:48+0200,9de41e72-ad84-4160-af68-c339f970a640,2026-07-07T13:45:00Z,2026-07-07T15:45:00+0200,0.144,MW,NL,NL,actual_offshore_wind_generation,Wind Offshore | Actual Consumption,2026-08-07T04:53:21Z
2026-08-07T04:50:48Z,2026-08-07T06:50:48+0200,9de41e72-ad84-4160-af68-c339f970a640,2026-07-07T14:00:00Z,2026-07-07T16:00:00+0200,881.618,MW,NL,NL,actual_offshore_wind_generation,Wind Offshore | Actual Aggregated,2026-08-07T04:53:21Z
2026-08-07T04:50:48Z,2026-08-07T06:50:48+0200,9de41e72-ad84-4160-af68-c339f970a640,2026-07-07T14:00:00Z,2026-07-07T16:00:00+0200,0.0,MW,NL,NL,actual_offshore_wind_generation,Wind Offshore | Actual Consumption,2026-08-07T04:53:21Z
2026-08-07T04:50:48Z,2026-08-07T06:50:48+0200,9de41e72-ad84-4160-af68-c339f970a640,2026-07-07T14:15:00Z,2026-07-07T16:15:00+0200,1121.814,MW,NL,NL,actual_offshore_wind_generation,Wind Offshore | Actual Aggregated,2026-08-07T04:53:21Z
2026-08-07T04:50:48Z,2026-08-07T06:50:48+0200,9de41e72-ad84-4160-af68-c339f970a640,2026-07-07T14:15:00Z,2026-07-07T16:15:00+0200,0.0,MW,NL,NL,actual_offshore_wind_generation,Wind Offshore | Actual Consumption,2026-08-07T04:53:21Z
2026-08-07T04:50:48Z,2026-08-07T06:50:48+0200,9de41e72-ad84-4160-af68-c339f970a640,2026-07-07T14:30:00Z,2026-07-07T16:30:00+0200,1080.439,MW,NL,NL,actual_offshore_wind_generation,Wind Offshore | Actual Aggregated,2026-08-07T04:53:21Z
2026-08-07T04:50:48Z,2026-08-07T06:50:48+0200,9de41e72-ad84-4160-af68-c339f970a640,2026-07-07T14:30:00Z,2026-07-07T16:30:00+0200,0.01,MW,NL,NL,actual_offshore_wind_generation,Wind Offshore | Actual Consumption,2026-08-07T04:53:21Z
2026-08-07T04:50:48Z,2026-08-07T06:50:48+0200,9de41e72-ad84-4160-af68-c339f970a640,2026-07-07T14:45:00Z,2026-07-07T16:45:00+0200,1188.316,MW,NL,NL,actual_offshore_wind_generation,Wind Offshore | Actual Aggregated,2026-08-07T04:53:21Z
2026-08-07T04:50:48Z,2026-08-07T06:50:48+0200,9de41e72-ad84-4160-af68-c339f970a640,2026-07-07T14:45:00Z,2026-07-07T16:45:00+0200,0.009,MW,NL,NL,actual_offshore_wind_generation,Wind Offshore | Actual Consumption,2026-08-07T04:53:21Z
2026-08-07T04:50:48Z,2026-08-07T06:50:48+0200,9de41e72-ad84-4160-af68-c339f970a640,2026-07-07T15:00:00Z,2026-07-07T17:00:00+0200,1043.333,MW,NL,NL,actual_offshore_wind_generation,Wind Offshore | Actual Aggregated,2026-08-07T04:53:21Z
2026-08-07T04:50:48Z,2026-08-07T06:50:48+0200,9de41e72-ad84-4160-af68-c339f970a640,2026-07-07T15:00:00Z,2026-07-07T17:00:00+0200,0.441,MW,NL,NL,actual_offshore_wind_generation,Wind Offshore | Actual Consumption,2026-08-07T04:53:21Z
2026-08-07T04:50:48Z,2026-08-07T06:50:48+0200,9de41e72-ad84-4160-af68-c339f970a640,2026-07-07T15:15:00Z,2026-07-07T17:15:00+0200,893.79,MW,NL,NL,actual_offshore_wind_generation,Wind Offshore | Actual Aggregated,2026-08-07T04:53:21Z
2026-08-07T04:50:48Z,2026-08-07T06:50:48+0200,9de41e72-ad84-4160-af68-c339f970a640,2026-07-07T15:15:00Z,2026-07-07T17:15:00+0200,2.92,MW,NL,NL,actual_offshore_wind_generation,Wind Offshore | Actual Consumption,2026-08-07T04:53:21Z
2026-08-07T04:50:48Z,2026-08-07T06:50:48+0200,9de41e72-ad84-4160-af68-c339f970a640,2026-07-07T15:30:00Z,2026-07-07T17:30:00+0200,747.992,MW,NL,NL,actual_offshore_wind_generation,Wind Offshore | Actual Aggregated,2026-08-07T04:53:21Z
2026-08-07T04:50:48Z,2026-08-07T06:50:48+0200,9de41e72-ad84-4160-af68-c339f970a640,2026-07-07T15:30:00Z,2026-07-07T17:30:00+0200,4.225,MW,NL,NL,actual_offshore_wind_generation,Wind Offshore | Actual Consumption,2026-08-07T04:53:21Z
2026-08-07T04:50:48Z,2026-08-07T06:50:48+0200,9de41e72-ad84-4160-af68-c339f970a640,2026-07-07T15:45:00Z,2026-07-07T17:45:00+0200,679.048,MW,NL,NL,actual_offshore_wind_generation,Wind Offshore | Actual Aggregated,2026-08-07T04:53:21Z
2026-08-07T04:50:48Z,2026-08-07T06:50:48+0200,9de41e72-ad84-4160-af68-c339f970a640,2026-07-07T15:45:00Z,2026-07-07T17:45:00+0200,2.629,MW,NL,NL,actual_offshore_wind_generation,Wind Offshore | Actual Consumption,2026-08-07T04:53:21Z
2026-08-07T04:50:48Z,2026-08-07T06:50:48+0200,9de41e72-ad84-4160-af68-c339f970a640,2026-07-07T16:00:00Z,2026-07-07T18:00:00+0200,726.558,MW,NL,NL,actual_offshore_wind_generation,Wind Offshore | Actual Aggregated,2026-08-07T04:53:21Z
2026-08-07T04:50:48Z,2026-08-07T06:50:48+0200,9de41e72-ad84-4160-af68-c339f970a640,2026-07-07T16:00:00Z,2026-07-07T18:00:00+0200,0.472,MW,NL,NL,actual_offshore_wind_generation,Wind Offshore | Actual Consumption,2026-08-07T04:53:21Z
2026-08-07T04:50:48Z,2026-08-07T06:50:48+0200,9de41e72-ad84-4160-af68-c339f970a640,2026-07-07T16:15:00Z,2026-07-07T18:15:00+0200,710.356,MW,NL,NL,actual_offshore_wind_generation,Wind Offshore | Actual Aggregated,2026-08-07T04:53:21Z
2026-08-07T04:50:48Z,2026-08-07T06:50:48+0200,9de41e72-ad84-4160-af68-c339f970a640,2026-07-07T16:15:00Z,2026-07-07T18:15:00+0200,2.062,MW,NL,NL,actual_offshore_wind_generation,Wind Offshore | Actual Consumption,2026-08-07T04:53:21Z
2026-08-07T04:50:48Z,2026-08-07T06:50:48+0200,9de41e72-ad84-4160-af68-c339f970a640,2026-07-07T16:30:00Z,2026-07-07T18:30:00+0200,652.199,MW,NL,NL,actual_offshore_wind_generation,Wind Offshore | Actual Aggregated,2026-08-07T04:53:21Z
2026-08-07T04:50:48Z,2026-08-07T06:50:48+0200,9de41e72-ad84-4160-af68-c339f970a640,2026-07-07T16:30:00Z,2026-07-07T18:30:00+0200,5.031,MW,NL,NL,actual_offshore_wind_generation,Wind Offshore | Actual Consumption,2026-08-07T04:53:21Z
2026-08-07T04:50:48Z,2026-08-07T06:50:48+0200,9de41e72-ad84-4160-af68-c339f970a640,2026-07-07T16:45:00Z,2026-07-07T18:45:00+0200,653.953,MW,NL,NL,actual_offshore_wind_generation,Wind Offshore | Actual Aggregated,2026-08-07T04:53:21Z
2026-08-07T04:50:48Z,2026-08-07T06:50:48+0200,9de41e72-ad84-4160-af68-c339f970a640,2026-07-07T16:45:00Z,2026-07-07T18:45:00+0200,3.53,MW,NL,NL,actual_offshore_wind_generation,Wind Offshore | Actual Consumption,2026-08-07T04:53:21Z
2026-08-07T04:50:48Z,2026-08-07T06:50:48+0200,9de41e72-ad84-4160-af68-c339f970a640,2026-07-07T17:00:00Z,2026-07-07T19:00:00+0200,662.549,MW,NL,NL,actual_offshore_wind_generation,Wind Offshore | Actual Aggregated,2026-08-07T04:53:21Z
2026-08-07T04:50:48Z,2026-08-07T06:50:48+0200,9de41e72-ad84-4160-af68-c339f970a640,2026-07-07T17:00:00Z,2026-07-07T19:00:00+0200,3.508,MW,NL,NL,actual_offshore_wind_generation,Wind Offshore | Actual Consumption,2026-08-07T04:53:21Z
2026-08-07T04:50:48Z,2026-08-07T06:50:48+0200,9de41e72-ad84-4160-af68-c339f970a640,2026-07-07T17:15:00Z,2026-07-07T19:15:00+0200,663.736,MW,NL,NL,actual_offshore_wind_generation,Wind Offshore | Actual Aggregated,2026-08-07T04:53:21Z
2026-08-07T04:50:48Z,2026-08-07T06:50:48+0200,9de41e72-ad84-4160-af68-c339f970a640,2026-07-07T17:15:00Z,2026-07-07T19:15:00+0200,1.382,MW,NL,NL,actual_offshore_wind_generation,Wind Offshore | Actual Consumption,2026-08-07T04:53:21Z
2026-08-07T04:50:48Z,2026-08-07T06:50:48+0200,9de41e72-ad84-4160-af68-c339f970a640,2026-07-07T17:30:00Z,2026-07-07T19:30:00+0200,644.624,MW,NL,NL,actual_offshore_wind_generation,Wind Offshore | Actual Aggregated,2026-08-07T04:53:21Z
2026-08-07T04:50:48Z,2026-08-07T06:50:48+0200,9de41e72-ad84-4160-af68-c339f970a640,2026-07-07T17:30:00Z,2026-07-07T19:30:00+0200,0.867,MW,NL,NL,actual_offshore_wind_generation,Wind Offshore | Actual Consumption,2026-08-07T04:53:21Z
2026-08-07T04:50:48Z,2026-08-07T06:50:48+0200,9de41e72-ad84-4160-af68-c339f970a640,2026-07-07T17:45:00Z,2026-07-07T19:45:00+0200,621.099,MW,NL,NL,actual_offshore_wind_generation,Wind Offshore | Actual Aggregated,2026-08-07T04:53:21Z
2026-08-07T04:50:48Z,2026-08-07T06:50:48+0200,9de41e72-ad84-4160-af68-c339f970a640,2026-07-07T17:45:00Z,2026-07-07T19:45:00+0200,0.864,MW,NL,NL,actual_offshore_wind_generation,Wind Offshore | Actual Consumption,2026-08-07T04:53:21Z
2026-08-07T04:50:48Z,2026-08-07T06:50:48+0200,9de41e72-ad84-4160-af68-c339f970a640,2026-07-07T18:00:00Z,2026-07-07T20:00:00+0200,575.64,MW,NL,NL,actual_offshore_wind_generation,Wind Offshore | Actual Aggregated,2026-08-07T04:53:21Z
2026-08-07T04:50:48Z,2026-08-07T06:50:48+0200,9de41e72-ad84-4160-af68-c339f970a640,2026-07-07T18:00:00Z,2026-07-07T20:00:00+0200,1.472,MW,NL,NL,actual_offshore_wind_generation,Wind Offshore | Actual Consumption,2026-08-07T04:53:21Z
2026-08-07T04:50:48Z,2026-08-07T06:50:48+0200,9de41e72-ad84-4160-af68-c339f970a640,2026-07-07T18:15:00Z,2026-07-07T20:15:00+0200,516.58,MW,NL,NL,actual_offshore_wind_generation,Wind Offshore | Actual Aggregated,2026-08-07T04:53:21Z
2026-08-07T04:50:48Z,2026-08-07T06:50:48+0200,9de41e72-ad84-4160-af68-c339f970a640,2026-07-07T18:15:00Z,2026-07-07T20:15:00+0200,5.238,MW,NL,NL,actual_offshore_wind_generation,Wind Offshore | Actual Consumption,2026-08-07T04:53:21Z
2026-08-07T04:50:48Z,2026-08-07T06:50:48+0200,9de41e72-ad84-4160-af68-c339f970a640,2026-07-07T18:30:00Z,2026-07-07T20:30:00+0200,516.415,MW,NL,NL,actual_offshore_wind_generation,Wind Offshore | Actual Aggregated,2026-08-07T04:53:21Z
2026-08-07T04:50:48Z,2026-08-07T06:50:48+0200,9de41e72-ad84-4160-af68-c339f970a640,2026-07-07T18:30:00Z,2026-07-07T20:30:00+0200,5.856,MW,NL,NL,actual_offshore_wind_generation,Wind Offshore | Actual Consumption,2026-08-07T04:53:21Z
2026-08-07T04:50:48Z,2026-08-07T06:50:48+0200,9de41e72-ad84-4160-af68-c339f970a640,2026-07-07T18:45:00Z,2026-07-07T20:45:00+0200,502.926,MW,NL,NL,actual_offshore_wind_generation,Wind Offshore | Actual Aggregated,2026-08-07T04:53:21Z
2026-08-07T04:50:48Z,2026-08-07T06:50:48+0200,9de41e72-ad84-4160-af68-c339f970a640,2026-07-07T18:45:00Z,2026-07-07T20:45:00+0200,3.214,MW,NL,NL,actual_offshore_wind_generation,Wind Offshore | Actual Consumption,2026-08-07T04:53:21Z
2026-08-07T04:50:48Z,2026-08-07T06:50:48+0200,9de41e72-ad84-4160-af68-c339f970a640,2026-07-07T19:00:00Z,2026-07-07T21:00:00+0200,454.423,MW,NL,NL,actual_offshore_wind_generation,Wind Offshore | Actual Aggregated,2026-08-07T04:53:21Z
2026-08-07T04:50:48Z,2026-08-07T06:50:48+0200,9de41e72-ad84-4160-af68-c339f970a640,2026-07-07T19:00:00Z,2026-07-07T21:00:00+0200,7.192,MW,NL,NL,actual_offshore_wind_generation,Wind Offshore | Actual Consumption,2026-08-07T04:53:21Z
2026-08-07T04:50:48Z,2026-08-07T06:50:48+0200,9de41e72-ad84-4160-af68-c339f970a640,2026-07-07T19:15:00Z,2026-07-07T21:15:00+0200,419.489,MW,NL,NL,actual_offshore_wind_generation,Wind Offshore | Actual Aggregated,2026-08-07T04:53:21Z
2026-08-07T04:50:48Z,2026-08-07T06:50:48+0200,9de41e72-ad84-4160-af68-c339f970a640,2026-07-07T19:15:00Z,2026-07-07T21:15:00+0200,11.954,MW,NL,NL,actual_offshore_wind_generation,Wind Offshore | Actual Consumption,2026-08-07T04:53:21Z
2026-08-07T04:50:48Z,2026-08-07T06:50:48+0200,9de41e72-ad84-4160-af68-c339f970a640,2026-07-07T19:30:00Z,2026-07-07T21:30:00+0200,373.879,MW,NL,NL,actual_offshore_wind_generation,Wind Offshore | Actual Aggregated,2026-08-07T04:53:21Z
2026-08-07T04:50:48Z,2026-08-07T06:50:48+0200,9de41e72-ad84-4160-af68-c339f970a640,2026-07-07T19:30:00Z,2026-07-07T21:30:00+0200,19.921,MW,NL,NL,actual_offshore_wind_generation,Wind Offshore | Actual Consumption,2026-08-07T04:53:21Z
2026-08-07T04:50:48Z,2026-08-07T06:50:48+0200,9de41e72-ad84-4160-af68-c339f970a640,2026-07-07T19:45:00Z,2026-07-07T21:45:00+0200,364.15,MW,NL,NL,actual_offshore_wind_generation,Wind Offshore | Actual Aggregated,2026-08-07T04:53:21Z
2026-08-07T04:50:48Z,2026-08-07T06:50:48+0200,9de41e72-ad84-4160-af68-c339f970a640,2026-07-07T19:45:00Z,2026-07-07T21:45:00+0200,26.404,MW,NL,NL,actual_offshore_wind_generation,Wind Offshore | Actual Consumption,2026-08-07T04:53:21Z
2026-08-07T04:50:48Z,2026-08-07T06:50:48+0200,9de41e72-ad84-4160-af68-c339f970a640,2026-07-07T20:00:00Z,2026-07-07T22:00:00+0200,355.669,MW,NL,NL,actual_offshore_wind_generation,Wind Offshore | Actual Aggregated,2026-08-07T04:53:21Z
2026-08-07T04:50:48Z,2026-08-07T06:50:48+0200,9de41e72-ad84-4160-af68-c339f970a640,2026-07-07T20:00:00Z,2026-07-07T22:00:00+0200,23.781,MW,NL,NL,actual_offshore_wind_generation,Wind Offshore | Actual Consumption,2026-08-07T04:53:21Z
2026-08-07T04:50:48Z,2026-08-07T06:50:48+0200,9de41e72-ad84-4160-af68-c339f970a640,2026-07-07T20:15:00Z,2026-07-07T22:15:00+0200,348.052,MW,NL,NL,actual_offshore_wind_generation,Wind Offshore | Actual Aggregated,2026-08-07T04:53:21Z
2026-08-07T04:50:48Z,2026-08-07T06:50:48+0200,9de41e72-ad84-4160-af68-c339f970a640,2026-07-07T20:15:00Z,2026-07-07T22:15:00+0200,22.818,MW,NL,NL,actual_offshore_wind_generation,Wind Offshore | Actual Consumption,2026-08-07T04:53:21Z
2026-08-07T04:50:48Z,2026-08-07T06:50:48+0200,9de41e72-ad84-4160-af68-c339f970a640,2026-07-07T20:30:00Z,2026-07-07T22:30:00+0200,333.585,MW,NL,NL,actual_offshore_wind_generation,Wind Offshore | Actual Aggregated,2026-08-07T04:53:21Z
2026-08-07T04:50:48Z,2026-08-07T06:50:48+0200,9de41e72-ad84-4160-af68-c339f970a640,2026-07-07T20:30:00Z,2026-07-07T22:30:00+0200,22.919,MW,NL,NL,actual_offshore_wind_generation,Wind Offshore | Actual Consumption,2026-08-07T04:53:21Z
2026-08-07T04:50:48Z,2026-08-07T06:50:48+0200,9de41e72-ad84-4160-af68-c339f970a640,2026-07-07T20:45:00Z,2026-07-07T22:45:00+0200,355.994,MW,NL,NL,actual_offshore_wind_generation,Wind Offshore | Actual Aggregated,2026-08-07T04:53:21Z
2026-08-07T04:50:48Z,2026-08-07T06:50:48+0200,9de41e72-ad84-4160-af68-c339f970a640,2026-07-07T20:45:00Z,2026-07-07T22:45:00+0200,18.772,MW,NL,NL,actual_offshore_wind_generation,Wind Offshore | Actual Consumption,2026-08-07T04:53:21Z
2026-08-07T04:50:48Z,2026-08-07T06:50:48+0200,9de41e72-ad84-4160-af68-c339f970a640,2026-07-07T21:00:00Z,2026-07-07T23:00:00+0200,377.615,MW,NL,NL,actual_offshore_wind_generation,Wind Offshore | Actual Aggregated,2026-08-07T04:53:21Z
2026-08-07T04:50:48Z,2026-08-07T06:50:48+0200,9de41e72-ad84-4160-af68-c339f970a640,2026-07-07T21:00:00Z,2026-07-07T23:00:00+0200,16.826,MW,NL,NL,actual_offshore_wind_generation,Wind Offshore | Actual Consumption,2026-08-07T04:53:21Z
2026-08-07T04:50:48Z,2026-08-07T06:50:48+0200,9de41e72-ad84-4160-af68-c339f970a640,2026-07-07T21:15:00Z,2026-07-07T23:15:00+0200,394.422,MW,NL,NL,actual_offshore_wind_generation,Wind Offshore | Actual Aggregated,2026-08-07T04:53:21Z
2026-08-07T04:50:48Z,2026-08-07T06:50:48+0200,9de41e72-ad84-4160-af68-c339f970a640,2026-07-07T21:15:00Z,2026-07-07T23:15:00+0200,15.594,MW,NL,NL,actual_offshore_wind_generation,Wind Offshore | Actual Consumption,2026-08-07T04:53:21Z
2026-08-07T04:50:48Z,2026-08-07T06:50:48+0200,9de41e72-ad84-4160-af68-c339f970a640,2026-07-07T21:30:00Z,2026-07-07T23:30:00+0200,398.939,MW,NL,NL,actual_offshore_wind_generation,Wind Offshore | Actual Aggregated,2026-08-07T04:53:21Z
2026-08-07T04:50:48Z,2026-08-07T06:50:48+0200,9de41e72-ad84-4160-af68-c339f970a640,2026-07-07T21:30:00Z,2026-07-07T23:30:00+0200,14.833,MW,NL,NL,actual_offshore_wind_generation,Wind Offshore | Actual Consumption,2026-08-07T04:53:21Z
2026-08-07T04:50:48Z,2026-08-07T06:50:48+0200,9de41e72-ad84-4160-af68-c339f970a640,2026-07-07T21:45:00Z,2026-07-07T23:45:00+0200,425.282,MW,NL,NL,actual_offshore_wind_generation,Wind Offshore | Actual Aggregated,2026-08-07T04:53:21Z
2026-08-07T04:50:48Z,2026-08-07T06:50:48+0200,9de41e72-ad84-4160-af68-c339f970a640,2026-07-07T21:45:00Z,2026-07-07T23:45:00+0200,14.534,MW,NL,NL,actual_offshore_wind_generation,Wind Offshore | Actual Consumption,2026-08-07T04:53:21Z
2026-08-07T04:50:48Z,2026-08-07T06:50:48+0200,9de41e72-ad84-4160-af68-c339f970a640,2026-07-07T22:00:00Z,2026-07-08T00:00:00+0200,448.854,MW,NL,NL,actual_offshore_wind_generation,Wind Offshore | Actual Aggregated,2026-08-07T04:53:21Z
2026-08-07T04:50:48Z,2026-08-07T06:50:48+0200,9de41e72-ad84-4160-af68-c339f970a640,2026-07-07T22:00:00Z,2026-07-08T00:00:00+0200,14.486,MW,NL,NL,actual_offshore_wind_generation,Wind Offshore | Actual Consumption,2026-08-07T04:53:21Z
2026-08-07T04:50:48Z,2026-08-07T06:50:48+0200,9de41e72-ad84-4160-af68-c339f970a640,2026-07-07T22:15:00Z,2026-07-08T00:15:00+0200,477.894,MW,NL,NL,actual_offshore_wind_generation,Wind Offshore | Actual Aggregated,2026-08-07T04:53:21Z
2026-08-07T04:50:48Z,2026-08-07T06:50:48+0200,9de41e72-ad84-4160-af68-c339f970a640,2026-07-07T22:15:00Z,2026-07-08T00:15:00+0200,14.613,MW,NL,NL,actual_offshore_wind_generation,Wind Offshore | Actual Consumption,2026-08-07T04:53:21Z
2026-08-07T04:50:48Z,2026-08-07T06:50:48+0200,9de41e72-ad84-4160-af68-c339f970a640,2026-07-07T22:30:00Z,2026-07-08T00:30:00+0200,496.114,MW,NL,NL,actual_offshore_wind_generation,Wind Offshore | Actual Aggregated,2026-08-07T04:53:21Z
2026-08-07T04:50:48Z,2026-08-07T06:50:48+0200,9de41e72-ad84-4160-af68-c339f970a640,2026-07-07T22:30:00Z,2026-07-08T00:30:00+0200,14.817,MW,NL,NL,actual_offshore_wind_generation,Wind Offshore | Actual Consumption,2026-08-07T04:53:21Z
2026-08-07T04:50:48Z,2026-08-07T06:50:48+0200,9de41e72-ad84-4160-af68-c339f970a640,2026-07-07T22:45:00Z,2026-07-08T00:45:00+0200,493.63,MW,NL,NL,actual_offshore_wind_generation,Wind Offshore | Actual Aggregated,2026-08-07T04:53:21Z
2026-08-07T04:50:48Z,2026-08-07T06:50:48+0200,9de41e72-ad84-4160-af68-c339f970a640,2026-07-07T22:45:00Z,2026-07-08T00:45:00+0200,14.784,MW,NL,NL,actual_offshore_wind_generation,Wind Offshore | Actual Consumption,2026-08-07T04:53:21Z
2026-08-07T04:50:48Z,2026-08-07T06:50:48+0200,9de41e72-ad84-4160-af68-c339f970a640,2026-07-07T23:00:00Z,2026-07-08T01:00:00+0200,503.877,MW,NL,NL,actual_offshore_wind_generation,Wind Offshore | Actual Aggregated,2026-08-07T04:53:21Z
2026-08-07T04:50:48Z,2026-08-07T06:50:48+0200,9de41e72-ad84-4160-af68-c339f970a640,2026-07-07T23:00:00Z,2026-07-08T01:00:00+0200,14.92,MW,NL,NL,actual_offshore_wind_generation,Wind Offshore | Actual Consumption,2026-08-07T04:53:21Z
2026-08-07T04:50:48Z,2026-08-07T06:50:48+0200,9de41e72-ad84-4160-af68-c339f970a640,2026-07-07T23:15:00Z,2026-07-08T01:15:00+0200,542.747,MW,NL,NL,actual_offshore_wind_generation,Wind Offshore | Actual Aggregated,2026-08-07T04:53:21Z
2026-08-07T04:50:48Z,2026-08-07T06:50:48+0200,9de41e72-ad84-4160-af68-c339f970a640,2026-07-07T23:15:00Z,2026-07-08T01:15:00+0200,14.838,MW,NL,NL,actual_offshore_wind_generation,Wind Offshore | Actual Consumption,2026-08-07T04:53:21Z
2026-08-07T04:50:48Z,2026-08-07T06:50:48+0200,9de41e72-ad84-4160-af68-c339f970a640,2026-07-07T23:30:00Z,2026-07-08T01:30:00+0200,539.122,MW,NL,NL,actual_offshore_wind_generation,Wind Offshore | Actual Aggregated,2026-08-07T04:53:21Z
2026-08-07T04:50:48Z,2026-08-07T06:50:48+0200,9de41e72-ad84-4160-af68-c339f970a640,2026-07-07T23:30:00Z,2026-07-08T01:30:00+0200,14.215,MW,NL,NL,actual_offshore_wind_generation,Wind Offshore | Actual Consumption,2026-08-07T04:53:21Z
2026-08-07T04:50:48Z,2026-08-07T06:50:48+0200,9de41e72-ad84-4160-af68-c339f970a640,2026-07-07T23:45:00Z,2026-07-08T01:45:00+0200,537.465,MW,NL,NL,actual_offshore_wind_generation,Wind Offshore | Actual Aggregated,2026-08-07T04:53:21Z
2026-08-07T04:50:48Z,2026-08-07T06:50:48+0200,9de41e72-ad84-4160-af68-c339f970a640,2026-07-07T23:45:00Z,2026-07-08T01:45:00+0200,13.937,MW,NL,NL,actual_offshore_wind_generation,Wind Offshore | Actual Consumption,2026-08-07T04:53:21Z
2026-08-07T04:50:48Z,2026-08-07T06:50:48+0200,9de41e72-ad84-4160-af68-c339f970a640,2026-07-08T00:00:00Z,2026-07-08T02:00:00+0200,587.564,MW,NL,NL,actual_offshore_wind_generation,Wind Offshore | Actual Aggregated,2026-08-07T04:53:21Z
2026-08-07T04:50:48Z,2026-08-07T06:50:48+0200,9de41e72-ad84-4160-af68-c339f970a640,2026-07-08T00:00:00Z,2026-07-08T02:00:00+0200,14.18,MW,NL,NL,actual_offshore_wind_generation,Wind Offshore | Actual Consumption,2026-08-07T04:53:21Z
2026-08-07T04:50:48Z,2026-08-07T06:50:48+0200,9de41e72-ad84-4160-af68-c339f970a640,2026-07-08T00:15:00Z,2026-07-08T02:15:00+0200,598.171,MW,NL,NL,actual_offshore_wind_generation,Wind Offshore | Actual Aggregated,2026-08-07T04:53:21Z
2026-08-07T04:50:48Z,2026-08-07T06:50:48+0200,9de41e72-ad84-4160-af68-c339f970a640,2026-07-08T00:15:00Z,2026-07-08T02:15:00+0200,14.126,MW,NL,NL,actual_offshore_wind_generation,Wind Offshore | Actual Consumption,2026-08-07T04:53:21Z
2026-08-07T04:50:48Z,2026-08-07T06:50:48+0200,9de41e72-ad84-4160-af68-c339f970a640,2026-07-08T00:30:00Z,2026-07-08T02:30:00+0200,594.31,MW,NL,NL,actual_offshore_wind_generation,Wind Offshore | Actual Aggregated,2026-08-07T04:53:21Z
2026-08-07T04:50:48Z,2026-08-07T06:50:48+0200,9de41e72-ad84-4160-af68-c339f970a640,2026-07-08T00:30:00Z,2026-07-08T02:30:00+0200,13.859,MW,NL,NL,actual_offshore_wind_generation,Wind Offshore | Actual Consumption,2026-08-07T04:53:21Z
2026-08-07T04:50:48Z,2026-08-07T06:50:48+0200,9de41e72-ad84-4160-af68-c339f970a640,2026-07-08T00:45:00Z,2026-07-08T02:45:00+0200,612.828,MW,NL,NL,actual_offshore_wind_generation,Wind Offshore | Actual Aggregated,2026-08-07T04:53:21Z
2026-08-07T04:50:48Z,2026-08-07T06:50:48+0200,9de41e72-ad84-4160-af68-c339f970a640,2026-07-08T00:45:00Z,2026-07-08T02:45:00+0200,14.246,MW,NL,NL,actual_offshore_wind_generation,Wind Offshore | Actual Consumption,2026-08-07T04:53:21Z
2026-08-07T04:50:48Z,2026-08-07T06:50:48+0200,9de41e72-ad84-4160-af68-c339f970a640,2026-07-08T01:00:00Z,2026-07-08T03:00:00+0200,676.731,MW,NL,NL,actual_offshore_wind_generation,Wind Offshore | Actual Aggregated,2026-08-07T04:53:21Z
2026-08-07T04:50:48Z,2026-08-07T06:50:48+0200,9de41e72-ad84-4160-af68-c339f970a640,2026-07-08T01:00:00Z,2026-07-08T03:00:00+0200,13.626,MW,NL,NL,actual_offshore_wind_generation,Wind Offshore | Actual Consumption,2026-08-07T04:53:21Z
2026-08-07T04:50:48Z,2026-08-07T06:50:48+0200,9de41e72-ad84-4160-af68-c339f970a640,2026-07-08T01:15:00Z,2026-07-08T03:15:00+0200,734.955,MW,NL,NL,actual_offshore_wind_generation,Wind Offshore | Actual Aggregated,2026-08-07T04:53:21Z
2026-08-07T04:50:48Z,2026-08-07T06:50:48+0200,9de41e72-ad84-4160-af68-c339f970a640,2026-07-08T01:15:00Z,2026-07-08T03:15:00+0200,13.895,MW,NL,NL,actual_offshore_wind_generation,Wind Offshore | Actual Consumption,2026-08-07T04:53:21Z
2026-08-07T04:50:48Z,2026-08-07T06:50:48+0200,9de41e72-ad84-4160-af68-c339f970a640,2026-07-08T01:30:00Z,2026-07-08T03:30:00+0200,761.793,MW,NL,NL,actual_offshore_wind_generation,Wind Offshore | Actual Aggregated,2026-08-07T04:53:21Z
2026-08-07T04:50:48Z,2026-08-07T06:50:48+0200,9de41e72-ad84-4160-af68-c339f970a640,2026-07-08T01:30:00Z,2026-07-08T03:30:00+0200,13.907,MW,NL,NL,actual_offshore_wind_generation,Wind Offshore | Actual Consumption,2026-08-07T04:53:21Z
2026-08-07T04:50:48Z,2026-08-07T06:50:48+0200,9de41e72-ad84-4160-af68-c339f970a640,2026-07-08T01:45:00Z,2026-07-08T03:45:00+0200,749.469,MW,NL,NL,actual_offshore_wind_generation,Wind Offshore | Actual Aggregated,2026-08-07T04:53:21Z
2026-08-07T04:50:48Z,2026-08-07T06:50:48+0200,9de41e72-ad84-4160-af68-c339f970a640,2026-07-08T01:45:00Z,2026-07-08T03:45:00+0200,13.787,MW,NL,NL,actual_offshore_wind_generation,Wind Offshore | Actual Consumption,2026-08-07T04:53:21Z
2026-08-07T04:50:48Z,2026-08-07T06:50:48+0200,9de41e72-ad84-4160-af68-c339f970a640,2026-07-08T02:00:00Z,2026-07-08T04:00:00+0200,777.574,MW,NL,NL,actual_offshore_wind_generation,Wind Offshore | Actual Aggregated,2026-08-07T04:53:21Z
2026-08-07T04:50:48Z,2026-08-07T06:50:48+0200,9de41e72-ad84-4160-af68-c339f970a640,2026-07-08T02:00:00Z,2026-07-08T04:00:00+0200,12.488,MW,NL,NL,actual_offshore_wind_generation,Wind Offshore | Actual Consumption,2026-08-07T04:53:21Z
2026-08-07T04:50:48Z,2026-08-07T06:50:48+0200,9de41e72-ad84-4160-af68-c339f970a640,2026-07-08T02:15:00Z,2026-07-08T04:15:00+0200,782.282,MW,NL,NL,actual_offshore_wind_generation,Wind Offshore | Actual Aggregated,2026-08-07T04:53:21Z
2026-08-07T04:50:48Z,2026-08-07T06:50:48+0200,9de41e72-ad84-4160-af68-c339f970a640,2026-07-08T02:15:00Z,2026-07-08T04:15:00+0200,8.89,MW,NL,NL,actual_offshore_wind_generation,Wind Offshore | Actual Consumption,2026-08-07T04:53:21Z
2026-08-07T04:50:48Z,2026-08-07T06:50:48+0200,9de41e72-ad84-4160-af68-c339f970a640,2026-07-08T02:30:00Z,2026-07-08T04:30:00+0200,807.402,MW,NL,NL,actual_offshore_wind_generation,Wind Offshore | Actual Aggregated,2026-08-07T04:53:21Z
2026-08-07T04:50:48Z,2026-08-07T06:50:48+0200,9de41e72-ad84-4160-af68-c339f970a640,2026-07-08T02:30:00Z,2026-07-08T04:30:00+0200,7.983,MW,NL,NL,actual_offshore_wind_generation,Wind Offshore | Actual Consumption,2026-08-07T04:53:21Z
2026-08-07T04:50:48Z,2026-08-07T06:50:48+0200,9de41e72-ad84-4160-af68-c339f970a640,2026-07-08T02:45:00Z,2026-07-08T04:45:00+0200,845.653,MW,NL,NL,actual_offshore_wind_generation,Wind Offshore | Actual Aggregated,2026-08-07T04:53:21Z
2026-08-07T04:50:48Z,2026-08-07T06:50:48+0200,9de41e72-ad84-4160-af68-c339f970a640,2026-07-08T02:45:00Z,2026-07-08T04:45:00+0200,3.689,MW,NL,NL,actual_offshore_wind_generation,Wind Offshore | Actual Consumption,2026-08-07T04:53:21Z
2026-08-07T04:50:48Z,2026-08-07T06:50:48+0200,9de41e72-ad84-4160-af68-c339f970a640,2026-07-08T03:00:00Z,2026-07-08T05:00:00+0200,857.211,MW,NL,NL,actual_offshore_wind_generation,Wind Offshore | Actual Aggregated,2026-08-07T04:53:21Z
2026-08-07T04:50:48Z,2026-08-07T06:50:48+0200,9de41e72-ad84-4160-af68-c339f970a640,2026-07-08T03:00:00Z,2026-07-08T05:00:00+0200,0.589,MW,NL,NL,actual_offshore_wind_generation,Wind Offshore | Actual Consumption,2026-08-07T04:53:21Z
2026-08-07T04:50:48Z,2026-08-07T06:50:48+0200,9de41e72-ad84-4160-af68-c339f970a640,2026-07-08T03:15:00Z,2026-07-08T05:15:00+0200,804.859,MW,NL,NL,actual_offshore_wind_generation,Wind Offshore | Actual Aggregated,2026-08-07T04:53:21Z
2026-08-07T04:50:48Z,2026-08-07T06:50:48+0200,9de41e72-ad84-4160-af68-c339f970a640,2026-07-08T03:15:00Z,2026-07-08T05:15:00+0200,6.139,MW,NL,NL,actual_offshore_wind_generation,Wind Offshore | Actual Consumption,2026-08-07T04:53:21Z
2026-08-07T04:50:48Z,2026-08-07T06:50:48+0200,9de41e72-ad84-4160-af68-c339f970a640,2026-07-08T03:30:00Z,2026-07-08T05:30:00+0200,718.152,MW,NL,NL,actual_offshore_wind_generation,Wind Offshore | Actual Aggregated,2026-08-07T04:53:21Z
2026-08-07T04:50:48Z,2026-08-07T06:50:48+0200,9de41e72-ad84-4160-af68-c339f970a640,2026-07-08T03:30:00Z,2026-07-08T05:30:00+0200,12.329,MW,NL,NL,actual_offshore_wind_generation,Wind Offshore | Actual Consumption,2026-08-07T04:53:21Z
2026-08-07T04:50:48Z,2026-08-07T06:50:48+0200,9de41e72-ad84-4160-af68-c339f970a640,2026-07-08T03:45:00Z,2026-07-08T05:45:00+0200,654.211,MW,NL,NL,actual_offshore_wind_generation,Wind Offshore | Actual Aggregated,2026-08-07T04:53:21Z
2026-08-07T04:50:48Z,2026-08-07T06:50:48+0200,9de41e72-ad84-4160-af68-c339f970a640,2026-07-08T03:45:00Z,2026-07-08T05:45:00+0200,12.493,MW,NL,NL,actual_offshore_wind_generation,Wind Offshore | Actual Consumption,2026-08-07T04:53:21Z
2026-08-07T04:50:48Z,2026-08-07T06:50:48+0200,9de41e72-ad84-4160-af68-c339f970a640,2026-07-08T04:00:00Z,2026-07-08T06:00:00+0200,693.94,MW,NL,NL,actual_offshore_wind_generation,Wind Offshore | Actual Aggregated,2026-08-07T04:53:21Z
2026-08-07T04:50:48Z,2026-08-07T06:50:48+0200,9de41e72-ad84-4160-af68-c339f970a640,2026-07-08T04:00:00Z,2026-07-08T06:00:00+0200,12.364,MW,NL,NL,actual_offshore_wind_generation,Wind Offshore | Actual Consumption,2026-08-07T04:53:21Z
2026-08-07T04:50:48Z,2026-08-07T06:50:48+0200,9de41e72-ad84-4160-af68-c339f970a640,2026-07-08T04:15:00Z,2026-07-08T06:15:00+0200,735.015,MW,NL,NL,actual_offshore_wind_generation,Wind Offshore | Actual Aggregated,2026-08-07T04:53:21Z
2026-08-07T04:50:48Z,2026-08-07T06:50:48+0200,9de41e72-ad84-4160-af68-c339f970a640,2026-07-08T04:15:00Z,2026-07-08T06:15:00+0200,7.394,MW,NL,NL,actual_offshore_wind_generation,Wind Offshore | Actual Consumption,2026-08-07T04:53:21Z
2026-08-07T04:50:48Z,2026-08-07T06:50:48+0200,9de41e72-ad84-4160-af68-c339f970a640,2026-07-08T04:30:00Z,2026-07-08T06:30:00+0200,680.875,MW,NL,NL,actual_offshore_wind_generation,Wind Offshore | Actual Aggregated,2026-08-07T04:53:21Z
2026-08-07T04:50:48Z,2026-08-07T06:50:48+0200,9de41e72-ad84-4160-af68-c339f970a640,2026-07-08T04:30:00Z,2026-07-08T06:30:00+0200,6.758,MW,NL,NL,actual_offshore_wind_generation,Wind Offshore | Actual Consumption,2026-08-07T04:53:21Z
2026-08-07T04:50:48Z,2026-08-07T06:50:48+0200,9de41e72-ad84-4160-af68-c339f970a640,2026-07-08T04:45:00Z,2026-07-08T06:45:00+0200,661.802,MW,NL,NL,actual_offshore_wind_generation,Wind Offshore | Actual Aggregated,2026-08-07T04:53:21Z
2026-08-07T04:50:48Z,2026-08-07T06:50:48+0200,9de41e72-ad84-4160-af68-c339f970a640,2026-07-08T04:45:00Z,2026-07-08T06:45:00+0200,4.839,MW,NL,NL,actual_offshore_wind_generation,Wind Offshore | Actual Consumption,2026-08-07T04:53:21Z
2026-08-07T04:50:48Z,2026-08-07T06:50:48+0200,9de41e72-ad84-4160-af68-c339f970a640,2026-07-08T05:00:00Z,2026-07-08T07:00:00+0200,670.584,MW,NL,NL,actual_offshore_wind_generation,Wind Offshore | Actual Aggregated,2026-08-07T04:53:21Z
2026-08-07T04:50:48Z,2026-08-07T06:50:48+0200,9de41e72-ad84-4160-af68-c339f970a640,2026-07-08T05:00:00Z,2026-07-08T07:00:00+0200,3.614,MW,NL,NL,actual_offshore_wind_generation,Wind Offshore | Actual Consumption,2026-08-07T04:53:21Z
2026-08-07T04:50:48Z,2026-08-07T06:50:48+0200,9de41e72-ad84-4160-af68-c339f970a640,2026-07-08T05:15:00Z,2026-07-08T07:15:00+0200,671.167,MW,NL,NL,actual_offshore_wind_generation,Wind Offshore | Actual Aggregated,2026-08-07T04:53:21Z
2026-08-07T04:50:48Z,2026-08-07T06:50:48+0200,9de41e72-ad84-4160-af68-c339f970a640,2026-07-08T05:15:00Z,2026-07-08T07:15:00+0200,3.126,MW,NL,NL,actual_offshore_wind_generation,Wind Offshore | Actual Consumption,2026-08-07T04:53:21Z
2026-08-07T04:50:48Z,2026-08-07T06:50:48+0200,9de41e72-ad84-4160-af68-c339f970a640,2026-07-08T05:30:00Z,2026-07-08T07:30:00+0200,705.614,MW,NL,NL,actual_offshore_wind_generation,Wind Offshore | Actual Aggregated,2026-08-07T04:53:21Z
2026-08-07T04:50:48Z,2026-08-07T06:50:48+0200,9de41e72-ad84-4160-af68-c339f970a640,2026-07-08T05:30:00Z,2026-07-08T07:30:00+0200,4.286,MW,NL,NL,actual_offshore_wind_generation,Wind Offshore | Actual Consumption,2026-08-07T04:53:21Z
2026-08-07T04:50:48Z,2026-08-07T06:50:48+0200,9de41e72-ad84-4160-af68-c339f970a640,2026-07-08T05:45:00Z,2026-07-08T07:45:00+0200,653.567,MW,NL,NL,actual_offshore_wind_generation,Wind Offshore | Actual Aggregated,2026-08-07T04:53:21Z
2026-08-07T04:50:48Z,2026-08-07T06:50:48+0200,9de41e72-ad84-4160-af68-c339f970a640,2026-07-08T05:45:00Z,2026-07-08T07:45:00+0200,6.107,MW,NL,NL,actual_offshore_wind_generation,Wind Offshore | Actual Consumption,2026-08-07T04:53:21Z
2026-08-07T04:50:48Z,2026-08-07T06:50:48+0200,9de41e72-ad84-4160-af68-c339f970a640,2026-07-08T06:00:00Z,2026-07-08T08:00:00+0200,588.75,MW,NL,NL,actual_offshore_wind_generation,Wind Offshore | Actual Aggregated,2026-08-07T04:53:21Z
2026-08-07T04:50:48Z,2026-08-07T06:50:48+0200,9de41e72-ad84-4160-af68-c339f970a640,2026-07-08T06:00:00Z,2026-07-08T08:00:00+0200,8.992,MW,NL,NL,actual_offshore_wind_generation,Wind Offshore | Actual Consumption,2026-08-07T04:53:21Z
2026-08-07T04:50:48Z,2026-08-07T06:50:48+0200,9de41e72-ad84-4160-af68-c339f970a640,2026-07-08T06:15:00Z,2026-07-08T08:15:00+0200,576.612,MW,NL,NL,actual_offshore_wind_generation,Wind Offshore | Actual Aggregated,2026-08-07T04:53:21Z
2026-08-07T04:50:48Z,2026-08-07T06:50:48+0200,9de41e72-ad84-4160-af68-c339f970a640,2026-07-08T06:15:00Z,2026-07-08T08:15:00+0200,5.763,MW,NL,NL,actual_offshore_wind_generation,Wind Offshore | Actual Consumption,2026-08-07T04:53:21Z
2026-08-07T04:50:48Z,2026-08-07T06:50:48+0200,9de41e72-ad84-4160-af68-c339f970a640,2026-07-08T06:30:00Z,2026-07-08T08:30:00+0200,540.1,MW,NL,NL,actual_offshore_wind_generation,Wind Offshore | Actual Aggregated,2026-08-07T04:53:21Z
2026-08-07T04:50:48Z,2026-08-07T06:50:48+0200,9de41e72-ad84-4160-af68-c339f970a640,2026-07-08T06:30:00Z,2026-07-08T08:30:00+0200,5.9,MW,NL,NL,actual_offshore_wind_generation,Wind Offshore | Actual Consumption,2026-08-07T04:53:21Z
2026-08-07T04:50:48Z,2026-08-07T06:50:48+0200,9de41e72-ad84-4160-af68-c339f970a640,2026-07-08T06:45:00Z,2026-07-08T08:45:00+0200,507.848,MW,NL,NL,actual_offshore_wind_generation,Wind Offshore | Actual Aggregated,2026-08-07T04:53:21Z
2026-08-07T04:50:48Z,2026-08-07T06:50:48+0200,9de41e72-ad84-4160-af68-c339f970a640,2026-07-08T06:45:00Z,2026-07-08T08:45:00+0200,7.277,MW,NL,NL,actual_offshore_wind_generation,Wind Offshore | Actual Consumption,2026-08-07T04:53:21Z
2026-08-07T04:50:48Z,2026-08-07T06:50:48+0200,9de41e72-ad84-4160-af68-c339f970a640,2026-07-08T07:00:00Z,2026-07-08T09:00:00+0200,478.168,MW,NL,NL,actual_offshore_wind_generation,Wind Offshore | Actual Aggregated,2026-08-07T04:53:21Z
2026-08-07T04:50:48Z,2026-08-07T06:50:48+0200,9de41e72-ad84-4160-af68-c339f970a640,2026-07-08T07:00:00Z,2026-07-08T09:00:00+0200,7.103,MW,NL,NL,actual_offshore_wind_generation,Wind Offshore | Actual Consumption,2026-08-07T04:53:21Z
2026-08-07T04:50:48Z,2026-08-07T06:50:48+0200,9de41e72-ad84-4160-af68-c339f970a640,2026-07-08T07:15:00Z,2026-07-08T09:15:00+0200,448.128,MW,NL,NL,actual_offshore_wind_generation,Wind Offshore | Actual Aggregated,2026-08-07T04:53:21Z
2026-08-07T04:50:48Z,2026-08-07T06:50:48+0200,9de41e72-ad84-4160-af68-c339f970a640,2026-07-08T07:15:00Z,2026-07-08T09:15:00+0200,6.997,MW,NL,NL,actual_offshore_wind_generation,Wind Offshore | Actual Consumption,2026-08-07T04:53:21Z
2026-08-07T04:50:48Z,2026-08-07T06:50:48+0200,9de41e72-ad84-4160-af68-c339f970a640,2026-07-08T07:30:00Z,2026-07-08T09:30:00+0200,448.779,MW,NL,NL,actual_offshore_wind_generation,Wind Offshore | Actual Aggregated,2026-08-07T04:53:21Z
2026-08-07T04:50:48Z,2026-08-07T06:50:48+0200,9de41e72-ad84-4160-af68-c339f970a640,2026-07-08T07:30:00Z,2026-07-08T09:30:00+0200,7.23,MW,NL,NL,actual_offshore_wind_generation,Wind Offshore | Actual Consumption,2026-08-07T04:53:21Z
2026-08-07T04:50:48Z,2026-08-07T06:50:48+0200,9de41e72-ad84-4160-af68-c339f970a640,2026-07-08T07:45:00Z,2026-07-08T09:45:00+0200,433.731,MW,NL,NL,actual_offshore_wind_generation,Wind Offshore | Actual Aggregated,2026-08-07T04:53:21Z
2026-08-07T04:50:48Z,2026-08-07T06:50:48+0200,9de41e72-ad84-4160-af68-c339f970a640,2026-07-08T07:45:00Z,2026-07-08T09:45:00+0200,8.529,MW,NL,NL,actual_offshore_wind_generation,Wind Offshore | Actual Consumption,2026-08-07T04:53:21Z
2026-08-07T04:50:48Z,2026-08-07T06:50:48+0200,9de41e72-ad84-4160-af68-c339f970a640,2026-07-08T08:00:00Z,2026-07-08T10:00:00+0200,378.717,MW,NL,NL,actual_offshore_wind_generation,Wind Offshore | Actual Aggregated,2026-08-07T04:53:21Z
2026-08-07T04:50:48Z,2026-08-07T06:50:48+0200,9de41e72-ad84-4160-af68-c339f970a640,2026-07-08T08:00:00Z,2026-07-08T10:00:00+0200,9.415,MW,NL,NL,actual_offshore_wind_generation,Wind Offshore | Actual Consumption,2026-08-07T04:53:21Z
2026-08-07T04:50:48Z,2026-08-07T06:50:48+0200,9de41e72-ad84-4160-af68-c339f970a640,2026-07-08T08:15:00Z,2026-07-08T10:15:00+0200,334.022,MW,NL,NL,actual_offshore_wind_generation,Wind Offshore | Actual Aggregated,2026-08-07T04:53:21Z
2026-08-07T04:50:48Z,2026-08-07T06:50:48+0200,9de41e72-ad84-4160-af68-c339f970a640,2026-07-08T08:15:00Z,2026-07-08T10:15:00+0200,13.027,MW,NL,NL,actual_offshore_wind_generation,Wind Offshore | Actual Consumption,2026-08-07T04:53:21Z
2026-08-07T04:50:48Z,2026-08-07T06:50:48+0200,9de41e72-ad84-4160-af68-c339f970a640,2026-07-08T08:30:00Z,2026-07-08T10:30:00+0200,329.486,MW,NL,NL,actual_offshore_wind_generation,Wind Offshore | Actual Aggregated,2026-08-07T04:53:21Z
2026-08-07T04:50:48Z,2026-08-07T06:50:48+0200,9de41e72-ad84-4160-af68-c339f970a640,2026-07-08T08:30:00Z,2026-07-08T10:30:00+0200,13.278,MW,NL,NL,actual_offshore_wind_generation,Wind Offshore | Actual Consumption,2026-08-07T04:53:21Z
2026-08-07T04:50:48Z,2026-08-07T06:50:48+0200,9de41e72-ad84-4160-af68-c339f970a640,2026-07-08T08:45:00Z,2026-07-08T10:45:00+0200,330.911,MW,NL,NL,actual_offshore_wind_generation,Wind Offshore | Actual Aggregated,2026-08-07T04:53:21Z
2026-08-07T04:50:48Z,2026-08-07T06:50:48+0200,9de41e72-ad84-4160-af68-c339f970a640,2026-07-08T08:45:00Z,2026-07-08T10:45:00+0200,13.765,MW,NL,NL,actual_offshore_wind_generation,Wind Offshore | Actual Consumption,2026-08-07T04:53:21Z
2026-08-07T04:50:48Z,2026-08-07T06:50:48+0200,9de41e72-ad84-4160-af68-c339f970a640,2026-07-08T09:00:00Z,2026-07-08T11:00:00+0200,322.795,MW,NL,NL,actual_offshore_wind_generation,Wind Offshore | Actual Aggregated,2026-08-07T04:53:21Z
2026-08-07T04:50:48Z,2026-08-07T06:50:48+0200,9de41e72-ad84-4160-af68-c339f970a640,2026-07-08T09:00:00Z,2026-07-08T11:00:00+0200,13.113,MW,NL,NL,actual_offshore_wind_generation,Wind Offshore | Actual Consumption,2026-08-07T04:53:21Z
2026-08-07T04:50:48Z,2026-08-07T06:50:48+0200,9de41e72-ad84-4160-af68-c339f970a640,2026-07-08T09:15:00Z,2026-07-08T11:15:00+0200,305.903,MW,NL,NL,actual_offshore_wind_generation,Wind Offshore | Actual Aggregated,2026-08-07T04:53:21Z
2026-08-07T04:50:48Z,2026-08-07T06:50:48+0200,9de41e72-ad84-4160-af68-c339f970a640,2026-07-08T09:15:00Z,2026-07-08T11:15:00+0200,13.873,MW,NL,NL,actual_offshore_wind_generation,Wind Offshore | Actual Consumption,2026-08-07T04:53:21Z
2026-08-07T04:50:48Z,2026-08-07T06:50:48+0200,9de41e72-ad84-4160-af68-c339f970a640,2026-07-08T09:30:00Z,2026-07-08T11:30:00+0200,260.511,MW,NL,NL,actual_offshore_wind_generation,Wind Offshore | Actual Aggregated,2026-08-07T04:53:21Z
2026-08-07T04:50:48Z,2026-08-07T06:50:48+0200,9de41e72-ad84-4160-af68-c339f970a640,2026-07-08T09:30:00Z,2026-07-08T11:30:00+0200,16.03,MW,NL,NL,actual_offshore_wind_generation,Wind Offshore | Actual Consumption,2026-08-07T04:53:21Z
2026-08-07T04:50:48Z,2026-08-07T06:50:48+0200,9de41e72-ad84-4160-af68-c339f970a640,2026-07-08T09:45:00Z,2026-07-08T11:45:00+0200,235.987,MW,NL,NL,actual_offshore_wind_generation,Wind Offshore | Actual Aggregated,2026-08-07T04:53:21Z
2026-08-07T04:50:48Z,2026-08-07T06:50:48+0200,9de41e72-ad84-4160-af68-c339f970a640,2026-07-08T09:45:00Z,2026-07-08T11:45:00+0200,17.493,MW,NL,NL,actual_offshore_wind_generation,Wind Offshore | Actual Consumption,2026-08-07T04:53:21Z
2026-08-07T04:50:48Z,2026-08-07T06:50:48+0200,9de41e72-ad84-4160-af68-c339f970a640,2026-07-08T10:00:00Z,2026-07-08T12:00:00+0200,231.083,MW,NL,NL,actual_offshore_wind_generation,Wind Offshore | Actual Aggregated,2026-08-07T04:53:21Z
2026-08-07T04:50:48Z,2026-08-07T06:50:48+0200,9de41e72-ad84-4160-af68-c339f970a640,2026-07-08T10:00:00Z,2026-07-08T12:00:00+0200,17.568,MW,NL,NL,actual_offshore_wind_generation,Wind Offshore | Actual Consumption,2026-08-07T04:53:21Z
2026-08-07T04:50:48Z,2026-08-07T06:50:48+0200,9de41e72-ad84-4160-af68-c339f970a640,2026-07-08T10:15:00Z,2026-07-08T12:15:00+0200,216.161,MW,NL,NL,actual_offshore_wind_generation,Wind Offshore | Actual Aggregated,2026-08-07T04:53:21Z
2026-08-07T04:50:48Z,2026-08-07T06:50:48+0200,9de41e72-ad84-4160-af68-c339f970a640,2026-07-08T10:15:00Z,2026-07-08T12:15:00+0200,16.991,MW,NL,NL,actual_offshore_wind_generation,Wind Offshore | Actual Consumption,2026-08-07T04:53:21Z
2026-08-07T04:50:48Z,2026-08-07T06:50:48+0200,9de41e72-ad84-4160-af68-c339f970a640,2026-07-08T10:30:00Z,2026-07-08T12:30:00+0200,212.778,MW,NL,NL,actual_offshore_wind_generation,Wind Offshore | Actual Aggregated,2026-08-07T04:53:21Z
2026-08-07T04:50:48Z,2026-08-07T06:50:48+0200,9de41e72-ad84-4160-af68-c339f970a640,2026-07-08T10:30:00Z,2026-07-08T12:30:00+0200,17.276,MW,NL,NL,actual_offshore_wind_generation,Wind Offshore | Actual Consumption,2026-08-07T04:53:21Z
2026-08-07T04:50:48Z,2026-08-07T06:50:48+0200,9de41e72-ad84-4160-af68-c339f970a640,2026-07-08T10:45:00Z,2026-07-08T12:45:00+0200,205.473,MW,NL,NL,actual_offshore_wind_generation,Wind Offshore | Actual Aggregated,2026-08-07T04:53:21Z
2026-08-07T04:50:48Z,2026-08-07T06:50:48+0200,9de41e72-ad84-4160-af68-c339f970a640,2026-07-08T10:45:00Z,2026-07-08T12:45:00+0200,15.689,MW,NL,NL,actual_offshore_wind_generation,Wind Offshore | Actual Consumption,2026-08-07T04:53:21Z
2026-08-07T04:50:48Z,2026-08-07T06:50:48+0200,9de41e72-ad84-4160-af68-c339f970a640,2026-07-08T11:00:00Z,2026-07-08T13:00:00+0200,229.276,MW,NL,NL,actual_offshore_wind_generation,Wind Offshore | Actual Aggregated,2026-08-07T04:53:21Z
2026-08-07T04:50:48Z,2026-08-07T06:50:48+0200,9de41e72-ad84-4160-af68-c339f970a640,2026-07-08T11:00:00Z,2026-07-08T13:00:00+0200,14.502,MW,NL,NL,actual_offshore_wind_generation,Wind Offshore | Actual Consumption,2026-08-07T04:53:21Z
2026-08-07T04:50:48Z,2026-08-07T06:50:48+0200,9de41e72-ad84-4160-af68-c339f970a640,2026-07-08T11:15:00Z,2026-07-08T13:15:00+0200,258.25,MW,NL,NL,actual_offshore_wind_generation,Wind Offshore | Actual Aggregated,2026-08-07T04:53:21Z
2026-08-07T04:50:48Z,2026-08-07T06:50:48+0200,9de41e72-ad84-4160-af68-c339f970a640,2026-07-08T11:15:00Z,2026-07-08T13:15:00+0200,13.334,MW,NL,NL,actual_offshore_wind_generation,Wind Offshore | Actual Consumption,2026-08-07T04:53:21Z
2026-08-07T04:50:48Z,2026-08-07T06:50:48+0200,9de41e72-ad84-4160-af68-c339f970a640,2026-07-08T11:30:00Z,2026-07-08T13:30:00+0200,271.591,MW,NL,NL,actual_offshore_wind_generation,Wind Offshore | Actual Aggregated,2026-08-07T04:53:21Z
2026-08-07T04:50:48Z,2026-08-07T06:50:48+0200,9de41e72-ad84-4160-af68-c339f970a640,2026-07-08T11:30:00Z,2026-07-08T13:30:00+0200,13.385,MW,NL,NL,actual_offshore_wind_generation,Wind Offshore | Actual Consumption,2026-08-07T04:53:21Z
2026-08-07T04:50:48Z,2026-08-07T06:50:48+0200,9de41e72-ad84-4160-af68-c339f970a640,2026-07-08T11:45:00Z,2026-07-08T13:45:00+0200,285.308,MW,NL,NL,actual_offshore_wind_generation,Wind Offshore | Actual Aggregated,2026-08-07T04:53:21Z
2026-08-07T04:50:48Z,2026-08-07T06:50:48+0200,9de41e72-ad84-4160-af68-c339f970a640,2026-07-08T11:45:00Z,2026-07-08T13:45:00+0200,13.422,MW,NL,NL,actual_offshore_wind_generation,Wind Offshore | Actual Consumption,2026-08-07T04:53:21Z
2026-08-07T04:50:48Z,2026-08-07T06:50:48+0200,9de41e72-ad84-4160-af68-c339f970a640,2026-07-08T12:00:00Z,2026-07-08T14:00:00+0200,309.68,MW,NL,NL,actual_offshore_wind_generation,Wind Offshore | Actual Aggregated,2026-08-07T04:53:21Z
2026-08-07T04:50:48Z,2026-08-07T06:50:48+0200,9de41e72-ad84-4160-af68-c339f970a640,2026-07-08T12:00:00Z,2026-07-08T14:00:00+0200,12.973,MW,NL,NL,actual_offshore_wind_generation,Wind Offshore | Actual Consumption,2026-08-07T04:53:21Z
2026-08-07T04:50:48Z,2026-08-07T06:50:48+0200,9de41e72-ad84-4160-af68-c339f970a640,2026-07-08T12:15:00Z,2026-07-08T14:15:00+0200,320.474,MW,NL,NL,actual_offshore_wind_generation,Wind Offshore | Actual Aggregated,2026-08-07T04:53:21Z
2026-08-07T04:50:48Z,2026-08-07T06:50:48+0200,9de41e72-ad84-4160-af68-c339f970a640,2026-07-08T12:15:00Z,2026-07-08T14:15:00+0200,13.713,MW,NL,NL,actual_offshore_wind_generation,Wind Offshore | Actual Consumption,2026-08-07T04:53:21Z
2026-08-07T04:50:48Z,2026-08-07T06:50:48+0200,9de41e72-ad84-4160-af68-c339f970a640,2026-07-08T12:30:00Z,2026-07-08T14:30:00+0200,313.813,MW,NL,NL,actual_offshore_wind_generation,Wind Offshore | Actual Aggregated,2026-08-07T04:53:21Z
2026-08-07T04:50:48Z,2026-08-07T06:50:48+0200,9de41e72-ad84-4160-af68-c339f970a640,2026-07-08T12:30:00Z,2026-07-08T14:30:00+0200,13.254,MW,NL,NL,actual_offshore_wind_generation,Wind Offshore | Actual Consumption,2026-08-07T04:53:21Z
2026-08-07T04:50:48Z,2026-08-07T06:50:48+0200,9de41e72-ad84-4160-af68-c339f970a640,2026-07-08T12:45:00Z,2026-07-08T14:45:00+0200,316.639,MW,NL,NL,actual_offshore_wind_generation,Wind Offshore | Actual Aggregated,2026-08-07T04:53:21Z
2026-08-07T04:50:48Z,2026-08-07T06:50:48+0200,9de41e72-ad84-4160-af68-c339f970a640,2026-07-08T12:45:00Z,2026-07-08T14:45:00+0200,13.442,MW,NL,NL,actual_offshore_wind_generation,Wind Offshore | Actual Consumption,2026-08-07T04:53:21Z
2026-08-07T04:50:48Z,2026-08-07T06:50:48+0200,9de41e72-ad84-4160-af68-c339f970a640,2026-07-08T13:00:00Z,2026-07-08T15:00:00+0200,279.113,MW,NL,NL,actual_offshore_wind_generation,Wind Offshore | Actual Aggregated,2026-08-07T04:53:21Z
2026-08-07T04:50:48Z,2026-08-07T06:50:48+0200,9de41e72-ad84-4160-af68-c339f970a640,2026-07-08T13:00:00Z,2026-07-08T15:00:00+0200,13.813,MW,NL,NL,actual_offshore_wind_generation,Wind Offshore | Actual Consumption,2026-08-07T04:53:21Z
2026-08-07T04:50:48Z,2026-08-07T06:50:48+0200,9de41e72-ad84-4160-af68-c339f970a640,2026-07-08T13:15:00Z,2026-07-08T15:15:00+0200,255.664,MW,NL,NL,actual_offshore_wind_generation,Wind Offshore | Actual Aggregated,2026-08-07T04:53:21Z
2026-08-07T04:50:48Z,2026-08-07T06:50:48+0200,9de41e72-ad84-4160-af68-c339f970a640,2026-07-08T13:15:00Z,2026-07-08T15:15:00+0200,13.759,MW,NL,NL,actual_offshore_wind_generation,Wind Offshore | Actual Consumption,2026-08-07T04:53:21Z
2026-08-07T04:50:48Z,2026-08-07T06:50:48+0200,9de41e72-ad84-4160-af68-c339f970a640,2026-07-08T13:30:00Z,2026-07-08T15:30:00+0200,235.878,MW,NL,NL,actual_offshore_wind_generation,Wind Offshore | Actual Aggregated,2026-08-07T04:53:21Z
2026-08-07T04:50:48Z,2026-08-07T06:50:48+0200,9de41e72-ad84-4160-af68-c339f970a640,2026-07-08T13:30:00Z,2026-07-08T15:30:00+0200,13.719,MW,NL,NL,actual_offshore_wind_generation,Wind Offshore | Actual Consumption,2026-08-07T04:53:21Z
2026-08-07T04:50:48Z,2026-08-07T06:50:48+0200,9de41e72-ad84-4160-af68-c339f970a640,2026-07-08T13:45:00Z,2026-07-08T15:45:00+0200,222.136,MW,NL,NL,actual_offshore_wind_generation,Wind Offshore | Actual Aggregated,2026-08-07T04:53:21Z
2026-08-07T04:50:48Z,2026-08-07T06:50:48+0200,9de41e72-ad84-4160-af68-c339f970a640,2026-07-08T13:45:00Z,2026-07-08T15:45:00+0200,14.524,MW,NL,NL,actual_offshore_wind_generation,Wind Offshore | Actual Consumption,2026-08-07T04:53:21Z
2026-08-07T04:50:48Z,2026-08-07T06:50:48+0200,9de41e72-ad84-4160-af68-c339f970a640,2026-07-08T14:00:00Z,2026-07-08T16:00:00+0200,221.343,MW,NL,NL,actual_offshore_wind_generation,Wind Offshore | Actual Aggregated,2026-08-07T04:53:21Z
2026-08-07T04:50:48Z,2026-08-07T06:50:48+0200,9de41e72-ad84-4160-af68-c339f970a640,2026-07-08T14:00:00Z,2026-07-08T16:00:00+0200,13.759,MW,NL,NL,actual_offshore_wind_generation,Wind Offshore | Actual Consumption,2026-08-07T04:53:21Z
2026-08-07T04:50:48Z,2026-08-07T06:50:48+0200,9de41e72-ad84-4160-af68-c339f970a640,2026-07-08T14:15:00Z,2026-07-08T16:15:00+0200,202.447,MW,NL,NL,actual_offshore_wind_generation,Wind Offshore | Actual Aggregated,2026-08-07T04:53:21Z
2026-08-07T04:50:48Z,2026-08-07T06:50:48+0200,9de41e72-ad84-4160-af68-c339f970a640,2026-07-08T14:15:00Z,2026-07-08T16:15:00+0200,14.551,MW,NL,NL,actual_offshore_wind_generation,Wind Offshore | Actual Consumption,2026-08-07T04:53:21Z
2026-08-07T04:50:48Z,2026-08-07T06:50:48+0200,9de41e72-ad84-4160-af68-c339f970a640,2026-07-08T14:30:00Z,2026-07-08T16:30:00+0200,180.765,MW,NL,NL,actual_offshore_wind_generation,Wind Offshore | Actual Aggregated,2026-08-07T04:53:21Z
2026-08-07T04:50:48Z,2026-08-07T06:50:48+0200,9de41e72-ad84-4160-af68-c339f970a640,2026-07-08T14:30:00Z,2026-07-08T16:30:00+0200,15.335,MW,NL,NL,actual_offshore_wind_generation,Wind Offshore | Actual Consumption,2026-08-07T04:53:21Z
2026-08-07T04:50:48Z,2026-08-07T06:50:48+0200,9de41e72-ad84-4160-af68-c339f970a640,2026-07-08T14:45:00Z,2026-07-08T16:45:00+0200,157.814,MW,NL,NL,actual_offshore_wind_generation,Wind Offshore | Actual Aggregated,2026-08-07T04:53:21Z
2026-08-07T04:50:48Z,2026-08-07T06:50:48+0200,9de41e72-ad84-4160-af68-c339f970a640,2026-07-08T14:45:00Z,2026-07-08T16:45:00+0200,18.143,MW,NL,NL,actual_offshore_wind_generation,Wind Offshore | Actual Consumption,2026-08-07T04:53:21Z
2026-08-07T04:50:48Z,2026-08-07T06:50:48+0200,9de41e72-ad84-4160-af68-c339f970a640,2026-07-08T15:00:00Z,2026-07-08T17:00:00+0200,144.645,MW,NL,NL,actual_offshore_wind_generation,Wind Offshore | Actual Aggregated,2026-08-07T04:53:21Z
2026-08-07T04:50:48Z,2026-08-07T06:50:48+0200,9de41e72-ad84-4160-af68-c339f970a640,2026-07-08T15:00:00Z,2026-07-08T17:00:00+0200,20.192,MW,NL,NL,actual_offshore_wind_generation,Wind Offshore | Actual Consumption,2026-08-07T04:53:21Z
2026-08-07T04:50:48Z,2026-08-07T06:50:48+0200,9de41e72-ad84-4160-af68-c339f970a640,2026-07-08T15:15:00Z,2026-07-08T17:15:00+0200,162.898,MW,NL,NL,actual_offshore_wind_generation,Wind Offshore | Actual Aggregated,2026-08-07T04:53:21Z
2026-08-07T04:50:48Z,2026-08-07T06:50:48+0200,9de41e72-ad84-4160-af68-c339f970a640,2026-07-08T15:15:00Z,2026-07-08T17:15:00+0200,23.732,MW,NL,NL,actual_offshore_wind_generation,Wind Offshore | Actual Consumption,2026-08-07T04:53:21Z
2026-08-07T04:50:48Z,2026-08-07T06:50:48+0200,9de41e72-ad84-4160-af68-c339f970a640,2026-07-08T15:30:00Z,2026-07-08T17:30:00+0200,150.652,MW,NL,NL,actual_offshore_wind_generation,Wind Offshore | Actual Aggregated,2026-08-07T04:53:21Z
2026-08-07T04:50:48Z,2026-08-07T06:50:48+0200,9de41e72-ad84-4160-af68-c339f970a640,2026-07-08T15:30:00Z,2026-07-08T17:30:00+0200,27.221,MW,NL,NL,actual_offshore_wind_generation,Wind Offshore | Actual Consumption,2026-08-07T04:53:21Z
2026-08-07T04:50:48Z,2026-08-07T06:50:48+0200,9de41e72-ad84-4160-af68-c339f970a640,2026-07-08T15:45:00Z,2026-07-08T17:45:00+0200,133.336,MW,NL,NL,actual_offshore_wind_generation,Wind Offshore | Actual Aggregated,2026-08-07T04:53:21Z
2026-08-07T04:50:48Z,2026-08-07T06:50:48+0200,9de41e72-ad84-4160-af68-c339f970a640,2026-07-08T15:45:00Z,2026-07-08T17:45:00+0200,29.825,MW,NL,NL,actual_offshore_wind_generation,Wind Offshore | Actual Consumption,2026-08-07T04:53:21Z
2026-08-07T04:50:48Z,2026-08-07T06:50:48+0200,9de41e72-ad84-4160-af68-c339f970a640,2026-07-08T16:00:00Z,2026-07-08T18:00:00+0200,126.225,MW,NL,NL,actual_offshore_wind_generation,Wind Offshore | Actual Aggregated,2026-08-07T04:53:21Z
2026-08-07T04:50:48Z,2026-08-07T06:50:48+0200,9de41e72-ad84-4160-af68-c339f970a640,2026-07-08T16:00:00Z,2026-07-08T18:00:00+0200,26.604,MW,NL,NL,actual_offshore_wind_generation,Wind Offshore | Actual Consumption,2026-08-07T04:53:21Z
2026-08-07T04:50:48Z,2026-08-07T06:50:48+0200,9de41e72-ad84-4160-af68-c339f970a640,2026-07-08T16:15:00Z,2026-07-08T18:15:00+0200,132.094,MW,NL,NL,actual_offshore_wind_generation,Wind Offshore | Actual Aggregated,2026-08-07T04:53:21Z
2026-08-07T04:50:48Z,2026-08-07T06:50:48+0200,9de41e72-ad84-4160-af68-c339f970a640,2026-07-08T16:15:00Z,2026-07-08T18:15:00+0200,22.597,MW,NL,NL,actual_offshore_wind_generation,Wind Offshore | Actual Consumption,2026-08-07T04:53:21Z
2026-08-07T04:50:48Z,2026-08-07T06:50:48+0200,9de41e72-ad84-4160-af68-c339f970a640,2026-07-08T16:30:00Z,2026-07-08T18:30:00+0200,134.872,MW,NL,NL,actual_offshore_wind_generation,Wind Offshore | Actual Aggregated,2026-08-07T04:53:21Z
2026-08-07T04:50:48Z,2026-08-07T06:50:48+0200,9de41e72-ad84-4160-af68-c339f970a640,2026-07-08T16:30:00Z,2026-07-08T18:30:00+0200,23.418,MW,NL,NL,actual_offshore_wind_generation,Wind Offshore | Actual Consumption,2026-08-07T04:53:21Z
2026-08-07T04:50:48Z,2026-08-07T06:50:48+0200,9de41e72-ad84-4160-af68-c339f970a640,2026-07-08T16:45:00Z,2026-07-08T18:45:00+0200,122.901,MW,NL,NL,actual_offshore_wind_generation,Wind Offshore | Actual Aggregated,2026-08-07T04:53:21Z
2026-08-07T04:50:48Z,2026-08-07T06:50:48+0200,9de41e72-ad84-4160-af68-c339f970a640,2026-07-08T16:45:00Z,2026-07-08T18:45:00+0200,27.183,MW,NL,NL,actual_offshore_wind_generation,Wind Offshore | Actual Consumption,2026-08-07T04:53:21Z
2026-08-07T04:50:48Z,2026-08-07T06:50:48+0200,9de41e72-ad84-4160-af68-c339f970a640,2026-07-08T17:00:00Z,2026-07-08T19:00:00+0200,132.316,MW,NL,NL,actual_offshore_wind_generation,Wind Offshore | Actual Aggregated,2026-08-07T04:53:21Z
2026-08-07T04:50:48Z,2026-08-07T06:50:48+0200,9de41e72-ad84-4160-af68-c339f970a640,2026-07-08T17:00:00Z,2026-07-08T19:00:00+0200,31.017,MW,NL,NL,actual_offshore_wind_generation,Wind Offshore | Actual Consumption,2026-08-07T04:53:21Z
2026-08-07T04:50:48Z,2026-08-07T06:50:48+0200,9de41e72-ad84-4160-af68-c339f970a640,2026-07-08T17:15:00Z,2026-07-08T19:15:00+0200,125.348,MW,NL,NL,actual_offshore_wind_generation,Wind Offshore | Actual Aggregated,2026-08-07T04:53:21Z
2026-08-07T04:50:48Z,2026-08-07T06:50:48+0200,9de41e72-ad84-4160-af68-c339f970a640,2026-07-08T17:15:00Z,2026-07-08T19:15:00+0200,30.431,MW,NL,NL,actual_offshore_wind_generation,Wind Offshore | Actual Consumption,2026-08-07T04:53:21Z
2026-08-07T04:50:48Z,2026-08-07T06:50:48+0200,9de41e72-ad84-4160-af68-c339f970a640,2026-07-08T17:30:00Z,2026-07-08T19:30:00+0200,123.976,MW,NL,NL,actual_offshore_wind_generation,Wind Offshore | Actual Aggregated,2026-08-07T04:53:21Z
2026-08-07T04:50:48Z,2026-08-07T06:50:48+0200,9de41e72-ad84-4160-af68-c339f970a640,2026-07-08T17:30:00Z,2026-07-08T19:30:00+0200,32.919,MW,NL,NL,actual_offshore_wind_generation,Wind Offshore | Actual Consumption,2026-08-07T04:53:21Z
2026-08-07T04:50:48Z,2026-08-07T06:50:48+0200,9de41e72-ad84-4160-af68-c339f970a640,2026-07-08T17:45:00Z,2026-07-08T19:45:00+0200,116.244,MW,NL,NL,actual_offshore_wind_generation,Wind Offshore | Actual Aggregated,2026-08-07T04:53:21Z
2026-08-07T04:50:48Z,2026-08-07T06:50:48+0200,9de41e72-ad84-4160-af68-c339f970a640,2026-07-08T17:45:00Z,2026-07-08T19:45:00+0200,33.172,MW,NL,NL,actual_offshore_wind_generation,Wind Offshore | Actual Consumption,2026-08-07T04:53:21Z
2026-08-07T04:50:48Z,2026-08-07T06:50:48+0200,9de41e72-ad84-4160-af68-c339f970a640,2026-07-08T18:00:00Z,2026-07-08T20:00:00+0200,100.792,MW,NL,NL,actual_offshore_wind_generation,Wind Offshore | Actual Aggregated,2026-08-07T04:53:21Z
2026-08-07T04:50:48Z,2026-08-07T06:50:48+0200,9de41e72-ad84-4160-af68-c339f970a640,2026-07-08T18:00:00Z,2026-07-08T20:00:00+0200,32.767,MW,NL,NL,actual_offshore_wind_generation,Wind Offshore | Actual Consumption,2026-08-07T04:53:21Z
2026-08-07T04:50:48Z,2026-08-07T06:50:48+0200,9de41e72-ad84-4160-af68-c339f970a640,2026-07-08T18:15:00Z,2026-07-08T20:15:00+0200,99.124,MW,NL,NL,actual_offshore_wind_generation,Wind Offshore | Actual Aggregated,2026-08-07T04:53:21Z
2026-08-07T04:50:48Z,2026-08-07T06:50:48+0200,9de41e72-ad84-4160-af68-c339f970a640,2026-07-08T18:15:00Z,2026-07-08T20:15:00+0200,33.027,MW,NL,NL,actual_offshore_wind_generation,Wind Offshore | Actual Consumption,2026-08-07T04:53:21Z
2026-08-07T04:50:48Z,2026-08-07T06:50:48+0200,9de41e72-ad84-4160-af68-c339f970a640,2026-07-08T18:30:00Z,2026-07-08T20:30:00+0200,92.116,MW,NL,NL,actual_offshore_wind_generation,Wind Offshore | Actual Aggregated,2026-08-07T04:53:21Z
2026-08-07T04:50:48Z,2026-08-07T06:50:48+0200,9de41e72-ad84-4160-af68-c339f970a640,2026-07-08T18:30:00Z,2026-07-08T20:30:00+0200,34.418,MW,NL,NL,actual_offshore_wind_generation,Wind Offshore | Actual Consumption,2026-08-07T04:53:21Z
2026-08-07T04:50:48Z,2026-08-07T06:50:48+0200,9de41e72-ad84-4160-af68-c339f970a640,2026-07-08T18:45:00Z,2026-07-08T20:45:00+0200,91.676,MW,NL,NL,actual_offshore_wind_generation,Wind Offshore | Actual Aggregated,2026-08-07T04:53:21Z
2026-08-07T04:50:48Z,2026-08-07T06:50:48+0200,9de41e72-ad84-4160-af68-c339f970a640,2026-07-08T18:45:00Z,2026-07-08T20:45:00+0200,34.812,MW,NL,NL,actual_offshore_wind_generation,Wind Offshore | Actual Consumption,2026-08-07T04:53:21Z
2026-08-07T04:50:48Z,2026-08-07T06:50:48+0200,9de41e72-ad84-4160-af68-c339f970a640,2026-07-08T19:00:00Z,2026-07-08T21:00:00+0200,98.1,MW,NL,NL,actual_offshore_wind_generation,Wind Offshore | Actual Aggregated,2026-08-07T04:53:21Z
2026-08-07T04:50:48Z,2026-08-07T06:50:48+0200,9de41e72-ad84-4160-af68-c339f970a640,2026-07-08T19:00:00Z,2026-07-08T21:00:00+0200,34.216,MW,NL,NL,actual_offshore_wind_generation,Wind Offshore | Actual Consumption,2026-08-07T04:53:21Z
2026-08-07T04:50:48Z,2026-08-07T06:50:48+0200,9de41e72-ad84-4160-af68-c339f970a640,2026-07-08T19:15:00Z,2026-07-08T21:15:00+0200,104.416,MW,NL,NL,actual_offshore_wind_generation,Wind Offshore | Actual Aggregated,2026-08-07T04:53:21Z
2026-08-07T04:50:48Z,2026-08-07T06:50:48+0200,9de41e72-ad84-4160-af68-c339f970a640,2026-07-08T19:15:00Z,2026-07-08T21:15:00+0200,35.048,MW,NL,NL,actual_offshore_wind_generation,Wind Offshore | Actual Consumption,2026-08-07T04:53:21Z
2026-08-07T04:50:48Z,2026-08-07T06:50:48+0200,9de41e72-ad84-4160-af68-c339f970a640,2026-07-08T19:30:00Z,2026-07-08T21:30:00+0200,118.56,MW,NL,NL,actual_offshore_wind_generation,Wind Offshore | Actual Aggregated,2026-08-07T04:53:21Z
2026-08-07T04:50:48Z,2026-08-07T06:50:48+0200,9de41e72-ad84-4160-af68-c339f970a640,2026-07-08T19:30:00Z,2026-07-08T21:30:00+0200,31.769,MW,NL,NL,actual_offshore_wind_generation,Wind Offshore | Actual Consumption,2026-08-07T04:53:21Z
2026-08-07T04:50:48Z,2026-08-07T06:50:48+0200,9de41e72-ad84-4160-af68-c339f970a640,2026-07-08T19:45:00Z,2026-07-08T21:45:00+0200,122.34,MW,NL,NL,actual_offshore_wind_generation,Wind Offshore | Actual Aggregated,2026-08-07T04:53:21Z
2026-08-07T04:50:48Z,2026-08-07T06:50:48+0200,9de41e72-ad84-4160-af68-c339f970a640,2026-07-08T19:45:00Z,2026-07-08T21:45:00+0200,28.942,MW,NL,NL,actual_offshore_wind_generation,Wind Offshore | Actual Consumption,2026-08-07T04:53:21Z
2026-08-07T04:50:48Z,2026-08-07T06:50:48+0200,9de41e72-ad84-4160-af68-c339f970a640,2026-07-08T20:00:00Z,2026-07-08T22:00:00+0200,114.482,MW,NL,NL,actual_offshore_wind_generation,Wind Offshore | Actual Aggregated,2026-08-07T04:53:21Z
2026-08-07T04:50:48Z,2026-08-07T06:50:48+0200,9de41e72-ad84-4160-af68-c339f970a640,2026-07-08T20:00:00Z,2026-07-08T22:00:00+0200,27.292,MW,NL,NL,actual_offshore_wind_generation,Wind Offshore | Actual Consumption,2026-08-07T04:53:21Z
2026-08-07T04:50:48Z,2026-08-07T06:50:48+0200,9de41e72-ad84-4160-af68-c339f970a640,2026-07-08T20:15:00Z,2026-07-08T22:15:00+0200,131.687,MW,NL,NL,actual_offshore_wind_generation,Wind Offshore | Actual Aggregated,2026-08-07T04:53:21Z
2026-08-07T04:50:48Z,2026-08-07T06:50:48+0200,9de41e72-ad84-4160-af68-c339f970a640,2026-07-08T20:15:00Z,2026-07-08T22:15:00+0200,26.492,MW,NL,NL,actual_offshore_wind_generation,Wind Offshore | Actual Consumption,2026-08-07T04:53:21Z
2026-08-07T04:50:48Z,2026-08-07T06:50:48+0200,9de41e72-ad84-4160-af68-c339f970a640,2026-07-08T20:30:00Z,2026-07-08T22:30:00+0200,152.156,MW,NL,NL,actual_offshore_wind_generation,Wind Offshore | Actual Aggregated,2026-08-07T04:53:21Z
2026-08-07T04:50:48Z,2026-08-07T06:50:48+0200,9de41e72-ad84-4160-af68-c339f970a640,2026-07-08T20:30:00Z,2026-07-08T22:30:00+0200,25.552,MW,NL,NL,actual_offshore_wind_generation,Wind Offshore | Actual Consumption,2026-08-07T04:53:21Z
2026-08-07T04:50:48Z,2026-08-07T06:50:48+0200,9de41e72-ad84-4160-af68-c339f970a640,2026-07-08T20:45:00Z,2026-07-08T22:45:00+0200,140.657,MW,NL,NL,actual_offshore_wind_generation,Wind Offshore | Actual Aggregated,2026-08-07T04:53:21Z
2026-08-07T04:50:48Z,2026-08-07T06:50:48+0200,9de41e72-ad84-4160-af68-c339f970a640,2026-07-08T20:45:00Z,2026-07-08T22:45:00+0200,25.627,MW,NL,NL,actual_offshore_wind_generation,Wind Offshore | Actual Consumption,2026-08-07T04:53:21Z
2026-08-07T04:50:48Z,2026-08-07T06:50:48+0200,9de41e72-ad84-4160-af68-c339f970a640,2026-07-08T21:00:00Z,2026-07-08T23:00:00+0200,119.984,MW,NL,NL,actual_offshore_wind_generation,Wind Offshore | Actual Aggregated,2026-08-07T04:53:21Z
2026-08-07T04:50:48Z,2026-08-07T06:50:48+0200,9de41e72-ad84-4160-af68-c339f970a640,2026-07-08T21:00:00Z,2026-07-08T23:00:00+0200,28.086,MW,NL,NL,actual_offshore_wind_generation,Wind Offshore | Actual Consumption,2026-08-07T04:53:21Z
2026-08-07T04:50:48Z,2026-08-07T06:50:48+0200,9de41e72-ad84-4160-af68-c339f970a640,2026-07-08T21:15:00Z,2026-07-08T23:15:00+0200,98.176,MW,NL,NL,actual_offshore_wind_generation,Wind Offshore | Actual Aggregated,2026-08-07T04:53:21Z
2026-08-07T04:50:48Z,2026-08-07T06:50:48+0200,9de41e72-ad84-4160-af68-c339f970a640,2026-07-08T21:15:00Z,2026-07-08T23:15:00+0200,30.326,MW,NL,NL,actual_offshore_wind_generation,Wind Offshore | Actual Consumption,2026-08-07T04:53:21Z
2026-08-07T04:50:48Z,2026-08-07T06:50:48+0200,9de41e72-ad84-4160-af68-c339f970a640,2026-07-08T21:30:00Z,2026-07-08T23:30:00+0200,71.888,MW,NL,NL,actual_offshore_wind_generation,Wind Offshore | Actual Aggregated,2026-08-07T04:53:21Z
2026-08-07T04:50:48Z,2026-08-07T06:50:48+0200,9de41e72-ad84-4160-af68-c339f970a640,2026-07-08T21:30:00Z,2026-07-08T23:30:00+0200,30.67,MW,NL,NL,actual_offshore_wind_generation,Wind Offshore | Actual Consumption,2026-08-07T04:53:21Z
2026-08-07T04:50:48Z,2026-08-07T06:50:48+0200,9de41e72-ad84-4160-af68-c339f970a640,2026-07-08T21:45:00Z,2026-07-08T23:45:00+0200,54.144,MW,NL,NL,actual_offshore_wind_generation,Wind Offshore | Actual Aggregated,2026-08-07T04:53:21Z
2026-08-07T04:50:48Z,2026-08-07T06:50:48+0200,9de41e72-ad84-4160-af68-c339f970a640,2026-07-08T21:45:00Z,2026-07-08T23:45:00+0200,33.266,MW,NL,NL,actual_offshore_wind_generation,Wind Offshore | Actual Consumption,2026-08-07T04:53:21Z
2026-08-07T04:50:48Z,2026-08-07T06:50:48+0200,9de41e72-ad84-4160-af68-c339f970a640,2026-07-08T22:00:00Z,2026-07-09T00:00:00+0200,63.2,MW,NL,NL,actual_offshore_wind_generation,Wind Offshore | Actual Aggregated,2026-08-07T04:53:21Z
2026-08-07T04:50:48Z,2026-08-07T06:50:48+0200,9de41e72-ad84-4160-af68-c339f970a640,2026-07-08T22:00:00Z,2026-07-09T00:00:00+0200,34.431,MW,NL,NL,actual_offshore_wind_generation,Wind Offshore | Actual Consumption,2026-08-07T04:53:21Z
2026-08-07T04:50:48Z,2026-08-07T06:50:48+0200,9de41e72-ad84-4160-af68-c339f970a640,2026-07-08T22:15:00Z,2026-07-09T00:15:00+0200,61.6,MW,NL,NL,actual_offshore_wind_generation,Wind Offshore | Actual Aggregated,2026-08-07T04:53:21Z
2026-08-07T04:50:48Z,2026-08-07T06:50:48+0200,9de41e72-ad84-4160-af68-c339f970a640,2026-07-08T22:15:00Z,2026-07-09T00:15:00+0200,35.802,MW,NL,NL,actual_offshore_wind_generation,Wind Offshore | Actual Consumption,2026-08-07T04:53:21Z
2026-08-07T04:50:48Z,2026-08-07T06:50:48+0200,9de41e72-ad84-4160-af68-c339f970a640,2026-07-08T22:30:00Z,2026-07-09T00:30:00+0200,61.6,MW,NL,NL,actual_offshore_wind_generation,Wind Offshore | Actual Aggregated,2026-08-07T04:53:21Z
2026-08-07T04:50:48Z,2026-08-07T06:50:48+0200,9de41e72-ad84-4160-af68-c339f970a640,2026-07-08T22:30:00Z,2026-07-09T00:30:00+0200,35.976,MW,NL,NL,actual_offshore_wind_generation,Wind Offshore | Actual Consumption,2026-08-07T04:53:21Z
2026-08-07T04:50:48Z,2026-08-07T06:50:48+0200,9de41e72-ad84-4160-af68-c339f970a640,2026-07-08T22:45:00Z,2026-07-09T00:45:00+0200,43.2,MW,NL,NL,actual_offshore_wind_generation,Wind Offshore | Actual Aggregated,2026-08-07T04:53:21Z
2026-08-07T04:50:48Z,2026-08-07T06:50:48+0200,9de41e72-ad84-4160-af68-c339f970a640,2026-07-08T22:45:00Z,2026-07-09T00:45:00+0200,35.602,MW,NL,NL,actual_offshore_wind_generation,Wind Offshore | Actual Consumption,2026-08-07T04:53:21Z
2026-08-07T04:50:48Z,2026-08-07T06:50:48+0200,9de41e72-ad84-4160-af68-c339f970a640,2026-07-08T23:00:00Z,2026-07-09T01:00:00+0200,38.8,MW,NL,NL,actual_offshore_wind_generation,Wind Offshore | Actual Aggregated,2026-08-07T04:53:21Z
2026-08-07T04:50:48Z,2026-08-07T06:50:48+0200,9de41e72-ad84-4160-af68-c339f970a640,2026-07-08T23:00:00Z,2026-07-09T01:00:00+0200,35.425,MW,NL,NL,actual_offshore_wind_generation,Wind Offshore | Actual Consumption,2026-08-07T04:53:21Z
2026-08-07T04:50:48Z,2026-08-07T06:50:48+0200,9de41e72-ad84-4160-af68-c339f970a640,2026-07-08T23:15:00Z,2026-07-09T01:15:00+0200,21.6,MW,NL,NL,actual_offshore_wind_generation,Wind Offshore | Actual Aggregated,2026-08-07T04:53:21Z
2026-08-07T04:50:48Z,2026-08-07T06:50:48+0200,9de41e72-ad84-4160-af68-c339f970a640,2026-07-08T23:15:00Z,2026-07-09T01:15:00+0200,36.57,MW,NL,NL,actual_offshore_wind_generation,Wind Offshore | Actual Consumption,2026-08-07T04:53:21Z
2026-08-07T04:50:48Z,2026-08-07T06:50:48+0200,9de41e72-ad84-4160-af68-c339f970a640,2026-07-08T23:30:00Z,2026-07-09T01:30:00+0200,9.204,MW,NL,NL,actual_offshore_wind_generation,Wind Offshore | Actual Aggregated,2026-08-07T04:53:21Z
2026-08-07T04:50:48Z,2026-08-07T06:50:48+0200,9de41e72-ad84-4160-af68-c339f970a640,2026-07-08T23:30:00Z,2026-07-09T01:30:00+0200,36.05,MW,NL,NL,actual_offshore_wind_generation,Wind Offshore | Actual Consumption,2026-08-07T04:53:21Z
2026-08-07T04:50:48Z,2026-08-07T06:50:48+0200,9de41e72-ad84-4160-af68-c339f970a640,2026-07-08T23:45:00Z,2026-07-09T01:45:00+0200,30.864,MW,NL,NL,actual_offshore_wind_generation,Wind Offshore | Actual Aggregated,2026-08-07T04:53:21Z
2026-08-07T04:50:48Z,2026-08-07T06:50:48+0200,9de41e72-ad84-4160-af68-c339f970a640,2026-07-08T23:45:00Z,2026-07-09T01:45:00+0200,35.257,MW,NL,NL,actual_offshore_wind_generation,Wind Offshore | Actual Consumption,2026-08-07T04:53:21Z
2026-08-07T04:50:48Z,2026-08-07T06:50:48+0200,9de41e72-ad84-4160-af68-c339f970a640,2026-07-09T00:00:00Z,2026-07-09T02:00:00+0200,61.24,MW,NL,NL,actual_offshore_wind_generation,Wind Offshore | Actual Aggregated,2026-08-07T04:53:21Z
2026-08-07T04:50:48Z,2026-08-07T06:50:48+0200,9de41e72-ad84-4160-af68-c339f970a640,2026-07-09T00:00:00Z,2026-07-09T02:00:00+0200,35.515,MW,NL,NL,actual_offshore_wind_generation,Wind Offshore | Actual Consumption,2026-08-07T04:53:21Z
2026-08-07T04:50:48Z,2026-08-07T06:50:48+0200,9de41e72-ad84-4160-af68-c339f970a640,2026-07-09T00:15:00Z,2026-07-09T02:15:00+0200,58.812,MW,NL,NL,actual_offshore_wind_generation,Wind Offshore | Actual Aggregated,2026-08-07T04:53:21Z
2026-08-07T04:50:48Z,2026-08-07T06:50:48+0200,9de41e72-ad84-4160-af68-c339f970a640,2026-07-09T00:15:00Z,2026-07-09T02:15:00+0200,36.145,MW,NL,NL,actual_offshore_wind_generation,Wind Offshore | Actual Consumption,2026-08-07T04:53:21Z
2026-08-07T04:50:48Z,2026-08-07T06:50:48+0200,9de41e72-ad84-4160-af68-c339f970a640,2026-07-09T00:30:00Z,2026-07-09T02:30:00+0200,49.092,MW,NL,NL,actual_offshore_wind_generation,Wind Offshore | Actual Aggregated,2026-08-07T04:53:21Z
2026-08-07T04:50:48Z,2026-08-07T06:50:48+0200,9de41e72-ad84-4160-af68-c339f970a640,2026-07-09T00:30:00Z,2026-07-09T02:30:00+0200,35.576,MW,NL,NL,actual_offshore_wind_generation,Wind Offshore | Actual Consumption,2026-08-07T04:53:21Z
2026-08-07T04:50:48Z,2026-08-07T06:50:48+0200,9de41e72-ad84-4160-af68-c339f970a640,2026-07-09T00:45:00Z,2026-07-09T02:45:00+0200,42.944,MW,NL,NL,actual_offshore_wind_generation,Wind Offshore | Actual Aggregated,2026-08-07T04:53:21Z
2026-08-07T04:50:48Z,2026-08-07T06:50:48+0200,9de41e72-ad84-4160-af68-c339f970a640,2026-07-09T00:45:00Z,2026-07-09T02:45:00+0200,36.431,MW,NL,NL,actual_offshore_wind_generation,Wind Offshore | Actual Consumption,2026-08-07T04:53:21Z
2026-08-07T04:50:48Z,2026-08-07T06:50:48+0200,9de41e72-ad84-4160-af68-c339f970a640,2026-07-09T01:00:00Z,2026-07-09T03:00:00+0200,36.404,MW,NL,NL,actual_offshore_wind_generation,Wind Offshore | Actual Aggregated,2026-08-07T04:53:21Z
2026-08-07T04:50:48Z,2026-08-07T06:50:48+0200,9de41e72-ad84-4160-af68-c339f970a640,2026-07-09T01:00:00Z,2026-07-09T03:00:00+0200,35.393,MW,NL,NL,actual_offshore_wind_generation,Wind Offshore | Actual Consumption,2026-08-07T04:53:21Z
2026-08-07T04:50:48Z,2026-08-07T06:50:48+0200,9de41e72-ad84-4160-af68-c339f970a640,2026-07-09T01:15:00Z,2026-07-09T03:15:00+0200,23.6,MW,NL,NL,actual_offshore_wind_generation,Wind Offshore | Actual Aggregated,2026-08-07T04:53:21Z
2026-08-07T04:50:48Z,2026-08-07T06:50:48+0200,9de41e72-ad84-4160-af68-c339f970a640,2026-07-09T01:15:00Z,2026-07-09T03:15:00+0200,36.007,MW,NL,NL,actual_offshore_wind_generation,Wind Offshore | Actual Consumption,2026-08-07T04:53:21Z
2026-08-07T04:50:48Z,2026-08-07T06:50:48+0200,9de41e72-ad84-4160-af68-c339f970a640,2026-07-09T01:30:00Z,2026-07-09T03:30:00+0200,30.804,MW,NL,NL,actual_offshore_wind_generation,Wind Offshore | Actual Aggregated,2026-08-07T04:53:21Z
2026-08-07T04:50:48Z,2026-08-07T06:50:48+0200,9de41e72-ad84-4160-af68-c339f970a640,2026-07-09T01:30:00Z,2026-07-09T03:30:00+0200,36.047,MW,NL,NL,actual_offshore_wind_generation,Wind Offshore | Actual Consumption,2026-08-07T04:53:21Z
2026-08-07T04:50:48Z,2026-08-07T06:50:48+0200,9de41e72-ad84-4160-af68-c339f970a640,2026-07-09T01:45:00Z,2026-07-09T03:45:00+0200,36.412,MW,NL,NL,actual_offshore_wind_generation,Wind Offshore | Actual Aggregated,2026-08-07T04:53:21Z
2026-08-07T04:50:48Z,2026-08-07T06:50:48+0200,9de41e72-ad84-4160-af68-c339f970a640,2026-07-09T01:45:00Z,2026-07-09T03:45:00+0200,36.155,MW,NL,NL,actual_offshore_wind_generation,Wind Offshore | Actual Consumption,2026-08-07T04:53:21Z
2026-08-07T04:50:48Z,2026-08-07T06:50:48+0200,9de41e72-ad84-4160-af68-c339f970a640,2026-07-09T02:00:00Z,2026-07-09T04:00:00+0200,42.852,MW,NL,NL,actual_offshore_wind_generation,Wind Offshore | Actual Aggregated,2026-08-07T04:53:21Z
2026-08-07T04:50:48Z,2026-08-07T06:50:48+0200,9de41e72-ad84-4160-af68-c339f970a640,2026-07-09T02:00:00Z,2026-07-09T04:00:00+0200,33.141,MW,NL,NL,actual_offshore_wind_generation,Wind Offshore | Actual Consumption,2026-08-07T04:53:21Z
2026-08-07T04:50:48Z,2026-08-07T06:50:48+0200,9de41e72-ad84-4160-af68-c339f970a640,2026-07-09T02:15:00Z,2026-07-09T04:15:00+0200,35.088,MW,NL,NL,actual_offshore_wind_generation,Wind Offshore | Actual Aggregated,2026-08-07T04:53:21Z
2026-08-07T04:50:48Z,2026-08-07T06:50:48+0200,9de41e72-ad84-4160-af68-c339f970a640,2026-07-09T02:15:00Z,2026-07-09T04:15:00+0200,34.864,MW,NL,NL,actual_offshore_wind_generation,Wind Offshore | Actual Consumption,2026-08-07T04:53:21Z
2026-08-07T04:50:48Z,2026-08-07T06:50:48+0200,9de41e72-ad84-4160-af68-c339f970a640,2026-07-09T02:30:00Z,2026-07-09T04:30:00+0200,34.064,MW,NL,NL,actual_offshore_wind_generation,Wind Offshore | Actual Aggregated,2026-08-07T04:53:21Z
2026-08-07T04:50:48Z,2026-08-07T06:50:48+0200,9de41e72-ad84-4160-af68-c339f970a640,2026-07-09T02:30:00Z,2026-07-09T04:30:00+0200,32.927,MW,NL,NL,actual_offshore_wind_generation,Wind Offshore | Actual Consumption,2026-08-07T04:53:21Z
2026-08-07T04:50:48Z,2026-08-07T06:50:48+0200,9de41e72-ad84-4160-af68-c339f970a640,2026-07-09T02:45:00Z,2026-07-09T04:45:00+0200,37.6,MW,NL,NL,actual_offshore_wind_generation,Wind Offshore | Actual Aggregated,2026-08-07T04:53:21Z
2026-08-07T04:50:48Z,2026-08-07T06:50:48+0200,9de41e72-ad84-4160-af68-c339f970a640,2026-07-09T02:45:00Z,2026-07-09T04:45:00+0200,34.817,MW,NL,NL,actual_offshore_wind_generation,Wind Offshore | Actual Consumption,2026-08-07T04:53:21Z
2026-08-07T04:50:48Z,2026-08-07T06:50:48+0200,9de41e72-ad84-4160-af68-c339f970a640,2026-07-09T03:00:00Z,2026-07-09T05:00:00+0200,43.744,MW,NL,NL,actual_offshore_wind_generation,Wind Offshore | Actual Aggregated,2026-08-07T04:53:21Z
2026-08-07T04:50:48Z,2026-08-07T06:50:48+0200,9de41e72-ad84-4160-af68-c339f970a640,2026-07-09T03:00:00Z,2026-07-09T05:00:00+0200,35.93,MW,NL,NL,actual_offshore_wind_generation,Wind Offshore | Actual Consumption,2026-08-07T04:53:21Z
2026-08-07T04:50:48Z,2026-08-07T06:50:48+0200,9de41e72-ad84-4160-af68-c339f970a640,2026-07-09T03:15:00Z,2026-07-09T05:15:00+0200,43.2,MW,NL,NL,actual_offshore_wind_generation,Wind Offshore | Actual Aggregated,2026-08-07T04:53:21Z
2026-08-07T04:50:48Z,2026-08-07T06:50:48+0200,9de41e72-ad84-4160-af68-c339f970a640,2026-07-09T03:15:00Z,2026-07-09T05:15:00+0200,35.723,MW,NL,NL,actual_offshore_wind_generation,Wind Offshore | Actual Consumption,2026-08-07T04:53:21Z
2026-08-07T04:50:48Z,2026-08-07T06:50:48+0200,9de41e72-ad84-4160-af68-c339f970a640,2026-07-09T03:30:00Z,2026-07-09T05:30:00+0200,40.944,MW,NL,NL,actual_offshore_wind_generation,Wind Offshore | Actual Aggregated,2026-08-07T04:53:21Z
2026-08-07T04:50:48Z,2026-08-07T06:50:48+0200,9de41e72-ad84-4160-af68-c339f970a640,2026-07-09T03:30:00Z,2026-07-09T05:30:00+0200,33.705,MW,NL,NL,actual_offshore_wind_generation,Wind Offshore | Actual Consumption,2026-08-07T04:53:21Z
2026-08-07T04:50:48Z,2026-08-07T06:50:48+0200,9de41e72-ad84-4160-af68-c339f970a640,2026-07-09T03:45:00Z,2026-07-09T05:45:00+0200,40.586,MW,NL,NL,actual_offshore_wind_generation,Wind Offshore | Actual Aggregated,2026-08-07T04:53:21Z
2026-08-07T04:50:48Z,2026-08-07T06:50:48+0200,9de41e72-ad84-4160-af68-c339f970a640,2026-07-09T03:45:00Z,2026-07-09T05:45:00+0200,32.446,MW,NL,NL,actual_offshore_wind_generation,Wind Offshore | Actual Consumption,2026-08-07T04:53:21Z
2026-08-07T04:50:48Z,2026-08-07T06:50:48+0200,9de41e72-ad84-4160-af68-c339f970a640,2026-07-09T04:00:00Z,2026-07-09T06:00:00+0200,54.565,MW,NL,NL,actual_offshore_wind_generation,Wind Offshore | Actual Aggregated,2026-08-07T04:53:21Z
2026-08-07T04:50:48Z,2026-08-07T06:50:48+0200,9de41e72-ad84-4160-af68-c339f970a640,2026-07-09T04:00:00Z,2026-07-09T06:00:00+0200,29.089,MW,NL,NL,actual_offshore_wind_generation,Wind Offshore | Actual Consumption,2026-08-07T04:53:21Z
2026-08-07T04:50:48Z,2026-08-07T06:50:48+0200,9de41e72-ad84-4160-af68-c339f970a640,2026-07-09T04:15:00Z,2026-07-09T06:15:00+0200,55.734,MW,NL,NL,actual_offshore_wind_generation,Wind Offshore | Actual Aggregated,2026-08-07T04:53:21Z
2026-08-07T04:50:48Z,2026-08-07T06:50:48+0200,9de41e72-ad84-4160-af68-c339f970a640,2026-07-09T04:15:00Z,2026-07-09T06:15:00+0200,27.649,MW,NL,NL,actual_offshore_wind_generation,Wind Offshore | Actual Consumption,2026-08-07T04:53:21Z
2026-08-07T04:50:48Z,2026-08-07T06:50:48+0200,9de41e72-ad84-4160-af68-c339f970a640,2026-07-09T04:30:00Z,2026-07-09T06:30:00+0200,48.958,MW,NL,NL,actual_offshore_wind_generation,Wind Offshore | Actual Aggregated,2026-08-07T04:53:21Z
2026-08-07T04:50:48Z,2026-08-07T06:50:48+0200,9de41e72-ad84-4160-af68-c339f970a640,2026-07-09T04:30:00Z,2026-07-09T06:30:00+0200,27.922,MW,NL,NL,actual_offshore_wind_generation,Wind Offshore | Actual Consumption,2026-08-07T04:53:21Z
2026-08-07T04:50:48Z,2026-08-07T06:50:48+0200,9de41e72-ad84-4160-af68-c339f970a640,2026-07-09T04:45:00Z,2026-07-09T06:45:00+0200,46.841,MW,NL,NL,actual_offshore_wind_generation,Wind Offshore | Actual Aggregated,2026-08-07T04:53:21Z
2026-08-07T04:50:48Z,2026-08-07T06:50:48+0200,9de41e72-ad84-4160-af68-c339f970a640,2026-07-09T04:45:00Z,2026-07-09T06:45:00+0200,25.247,MW,NL,NL,actual_offshore_wind_generation,Wind Offshore | Actual Consumption,2026-08-07T04:53:21Z
2026-08-07T04:50:48Z,2026-08-07T06:50:48+0200,9de41e72-ad84-4160-af68-c339f970a640,2026-07-09T05:00:00Z,2026-07-09T07:00:00+0200,47.852,MW,NL,NL,actual_offshore_wind_generation,Wind Offshore | Actual Aggregated,2026-08-07T04:53:21Z
2026-08-07T04:50:48Z,2026-08-07T06:50:48+0200,9de41e72-ad84-4160-af68-c339f970a640,2026-07-09T05:00:00Z,2026-07-09T07:00:00+0200,26.562,MW,NL,NL,actual_offshore_wind_generation,Wind Offshore | Actual Consumption,2026-08-07T04:53:21Z
2026-08-07T04:50:48Z,2026-08-07T06:50:48+0200,9de41e72-ad84-4160-af68-c339f970a640,2026-07-09T05:15:00Z,2026-07-09T07:15:00+0200,52.074,MW,NL,NL,actual_offshore_wind_generation,Wind Offshore | Actual Aggregated,2026-08-07T04:53:21Z
2026-08-07T04:50:48Z,2026-08-07T06:50:48+0200,9de41e72-ad84-4160-af68-c339f970a640,2026-07-09T05:15:00Z,2026-07-09T07:15:00+0200,26.832,MW,NL,NL,actual_offshore_wind_generation,Wind Offshore | Actual Consumption,2026-08-07T04:53:21Z
2026-08-07T04:50:48Z,2026-08-07T06:50:48+0200,9de41e72-ad84-4160-af68-c339f970a640,2026-07-09T05:30:00Z,2026-07-09T07:30:00+0200,47.943,MW,NL,NL,actual_offshore_wind_generation,Wind Offshore | Actual Aggregated,2026-08-07T04:53:21Z
2026-08-07T04:50:48Z,2026-08-07T06:50:48+0200,9de41e72-ad84-4160-af68-c339f970a640,2026-07-09T05:30:00Z,2026-07-09T07:30:00+0200,26.965,MW,NL,NL,actual_offshore_wind_generation,Wind Offshore | Actual Consumption,2026-08-07T04:53:21Z
2026-08-07T04:50:48Z,2026-08-07T06:50:48+0200,9de41e72-ad84-4160-af68-c339f970a640,2026-07-09T05:45:00Z,2026-07-09T07:45:00+0200,42.817,MW,NL,NL,actual_offshore_wind_generation,Wind Offshore | Actual Aggregated,2026-08-07T04:53:21Z
2026-08-07T04:50:48Z,2026-08-07T06:50:48+0200,9de41e72-ad84-4160-af68-c339f970a640,2026-07-09T05:45:00Z,2026-07-09T07:45:00+0200,26.525,MW,NL,NL,actual_offshore_wind_generation,Wind Offshore | Actual Consumption,2026-08-07T04:53:21Z
2026-08-07T04:50:48Z,2026-08-07T06:50:48+0200,9de41e72-ad84-4160-af68-c339f970a640,2026-07-09T06:00:00Z,2026-07-09T08:00:00+0200,34.132,MW,NL,NL,actual_offshore_wind_generation,Wind Offshore | Actual Aggregated,2026-08-07T04:53:21Z
2026-08-07T04:50:48Z,2026-08-07T06:50:48+0200,9de41e72-ad84-4160-af68-c339f970a640,2026-07-09T06:00:00Z,2026-07-09T08:00:00+0200,25.666,MW,NL,NL,actual_offshore_wind_generation,Wind Offshore | Actual Consumption,2026-08-07T04:53:21Z
2026-08-07T04:50:48Z,2026-08-07T06:50:48+0200,9de41e72-ad84-4160-af68-c339f970a640,2026-07-09T06:15:00Z,2026-07-09T08:15:00+0200,30.897,MW,NL,NL,actual_offshore_wind_generation,Wind Offshore | Actual Aggregated,2026-08-07T04:53:21Z
2026-08-07T04:50:48Z,2026-08-07T06:50:48+0200,9de41e72-ad84-4160-af68-c339f970a640,2026-07-09T06:15:00Z,2026-07-09T08:15:00+0200,27.61,MW,NL,NL,actual_offshore_wind_generation,Wind Offshore | Actual Consumption,2026-08-07T04:53:21Z
2026-08-07T04:50:48Z,2026-08-07T06:50:48+0200,9de41e72-ad84-4160-af68-c339f970a640,2026-07-09T06:30:00Z,2026-07-09T08:30:00+0200,32.736,MW,NL,NL,actual_offshore_wind_generation,Wind Offshore | Actual Aggregated,2026-08-07T04:53:21Z
2026-08-07T04:50:48Z,2026-08-07T06:50:48+0200,9de41e72-ad84-4160-af68-c339f970a640,2026-07-09T06:30:00Z,2026-07-09T08:30:00+0200,28.513,MW,NL,NL,actual_offshore_wind_generation,Wind Offshore | Actual Consumption,2026-08-07T04:53:21Z
2026-08-07T04:50:48Z,2026-08-07T06:50:48+0200,9de41e72-ad84-4160-af68-c339f970a640,2026-07-09T06:45:00Z,2026-07-09T08:45:00+0200,37.856,MW,NL,NL,actual_offshore_wind_generation,Wind Offshore | Actual Aggregated,2026-08-07T04:53:21Z
2026-08-07T04:50:48Z,2026-08-07T06:50:48+0200,9de41e72-ad84-4160-af68-c339f970a640,2026-07-09T06:45:00Z,2026-07-09T08:45:00+0200,28.973,MW,NL,NL,actual_offshore_wind_generation,Wind Offshore | Actual Consumption,2026-08-07T04:53:21Z
2026-08-07T04:50:48Z,2026-08-07T06:50:48+0200,9de41e72-ad84-4160-af68-c339f970a640,2026-07-09T07:00:00Z,2026-07-09T09:00:00+0200,38.553,MW,NL,NL,actual_offshore_wind_generation,Wind Offshore | Actual Aggregated,2026-08-07T04:53:21Z
2026-08-07T04:50:48Z,2026-08-07T06:50:48+0200,9de41e72-ad84-4160-af68-c339f970a640,2026-07-09T07:00:00Z,2026-07-09T09:00:00+0200,28.574,MW,NL,NL,actual_offshore_wind_generation,Wind Offshore | Actual Consumption,2026-08-07T04:53:21Z
2026-08-07T04:50:48Z,2026-08-07T06:50:48+0200,9de41e72-ad84-4160-af68-c339f970a640,2026-07-09T07:15:00Z,2026-07-09T09:15:00+0200,30.197,MW,NL,NL,actual_offshore_wind_generation,Wind Offshore | Actual Aggregated,2026-08-07T04:53:21Z
2026-08-07T04:50:48Z,2026-08-07T06:50:48+0200,9de41e72-ad84-4160-af68-c339f970a640,2026-07-09T07:15:00Z,2026-07-09T09:15:00+0200,29.031,MW,NL,NL,actual_offshore_wind_generation,Wind Offshore | Actual Consumption,2026-08-07T04:53:21Z
2026-08-07T04:50:48Z,2026-08-07T06:50:48+0200,9de41e72-ad84-4160-af68-c339f970a640,2026-07-09T07:30:00Z,2026-07-09T09:30:00+0200,30.048,MW,NL,NL,actual_offshore_wind_generation,Wind Offshore | Actual Aggregated,2026-08-07T04:53:21Z
2026-08-07T04:50:48Z,2026-08-07T06:50:48+0200,9de41e72-ad84-4160-af68-c339f970a640,2026-07-09T07:30:00Z,2026-07-09T09:30:00+0200,29.383,MW,NL,NL,actual_offshore_wind_generation,Wind Offshore | Actual Consumption,2026-08-07T04:53:21Z
2026-08-07T04:50:48Z,2026-08-07T06:50:48+0200,9de41e72-ad84-4160-af68-c339f970a640,2026-07-09T07:45:00Z,2026-07-09T09:45:00+0200,26.944,MW,NL,NL,actual_offshore_wind_generation,Wind Offshore | Actual Aggregated,2026-08-07T04:53:21Z
2026-08-07T04:50:48Z,2026-08-07T06:50:48+0200,9de41e72-ad84-4160-af68-c339f970a640,2026-07-09T07:45:00Z,2026-07-09T09:45:00+0200,29.448,MW,NL,NL,actual_offshore_wind_generation,Wind Offshore | Actual Consumption,2026-08-07T04:53:21Z
2026-08-07T04:50:48Z,2026-08-07T06:50:48+0200,9de41e72-ad84-4160-af68-c339f970a640,2026-07-09T08:00:00Z,2026-07-09T10:00:00+0200,19.232,MW,NL,NL,actual_offshore_wind_generation,Wind Offshore | Actual Aggregated,2026-08-07T04:53:21Z
2026-08-07T04:50:48Z,2026-08-07T06:50:48+0200,9de41e72-ad84-4160-af68-c339f970a640,2026-07-09T08:00:00Z,2026-07-09T10:00:00+0200,30.35,MW,NL,NL,actual_offshore_wind_generation,Wind Offshore | Actual Consumption,2026-08-07T04:53:21Z
2026-08-07T04:50:48Z,2026-08-07T06:50:48+0200,9de41e72-ad84-4160-af68-c339f970a640,2026-07-09T08:15:00Z,2026-07-09T10:15:00+0200,10.8,MW,NL,NL,actual_offshore_wind_generation,Wind Offshore | Actual Aggregated,2026-08-07T04:53:21Z
2026-08-07T04:50:48Z,2026-08-07T06:50:48+0200,9de41e72-ad84-4160-af68-c339f970a640,2026-07-09T08:15:00Z,2026-07-09T10:15:00+0200,32.723,MW,NL,NL,actual_offshore_wind_generation,Wind Offshore | Actual Consumption,2026-08-07T04:53:21Z
2026-08-07T04:50:48Z,2026-08-07T06:50:48+0200,9de41e72-ad84-4160-af68-c339f970a640,2026-07-09T08:30:00Z,2026-07-09T10:30:00+0200,10.4,MW,NL,NL,actual_offshore_wind_generation,Wind Offshore | Actual Aggregated,2026-08-07T04:53:21Z
2026-08-07T04:50:48Z,2026-08-07T06:50:48+0200,9de41e72-ad84-4160-af68-c339f970a640,2026-07-09T08:30:00Z,2026-07-09T10:30:00+0200,33.763,MW,NL,NL,actual_offshore_wind_generation,Wind Offshore | Actual Consumption,2026-08-07T04:53:21Z
2026-08-07T04:50:48Z,2026-08-07T06:50:48+0200,9de41e72-ad84-4160-af68-c339f970a640,2026-07-09T08:45:00Z,2026-07-09T10:45:00+0200,10.8,MW,NL,NL,actual_offshore_wind_generation,Wind Offshore | Actual Aggregated,2026-08-07T04:53:21Z
2026-08-07T04:50:48Z,2026-08-07T06:50:48+0200,9de41e72-ad84-4160-af68-c339f970a640,2026-07-09T08:45:00Z,2026-07-09T10:45:00+0200,34.143,MW,NL,NL,actual_offshore_wind_generation,Wind Offshore | Actual Consumption,2026-08-07T04:53:21Z
2026-08-07T04:50:48Z,2026-08-07T06:50:48+0200,9de41e72-ad84-4160-af68-c339f970a640,2026-07-09T09:00:00Z,2026-07-09T11:00:00+0200,13.2,MW,NL,NL,actual_offshore_wind_generation,Wind Offshore | Actual Aggregated,2026-08-07T04:53:21Z
2026-08-07T04:50:48Z,2026-08-07T06:50:48+0200,9de41e72-ad84-4160-af68-c339f970a640,2026-07-09T09:00:00Z,2026-07-09T11:00:00+0200,34.208,MW,NL,NL,actual_offshore_wind_generation,Wind Offshore | Actual Consumption,2026-08-07T04:53:21Z
2026-08-07T04:50:48Z,2026-08-07T06:50:48+0200,9de41e72-ad84-4160-af68-c339f970a640,2026-07-09T09:15:00Z,2026-07-09T11:15:00+0200,15.6,MW,NL,NL,actual_offshore_wind_generation,Wind Offshore | Actual Aggregated,2026-08-07T04:53:21Z
2026-08-07T04:50:48Z,2026-08-07T06:50:48+0200,9de41e72-ad84-4160-af68-c339f970a640,2026-07-09T09:15:00Z,2026-07-09T11:15:00+0200,34.172,MW,NL,NL,actual_offshore_wind_generation,Wind Offshore | Actual Consumption,2026-08-07T04:53:21Z
2026-08-07T04:50:48Z,2026-08-07T06:50:48+0200,9de41e72-ad84-4160-af68-c339f970a640,2026-07-09T09:30:00Z,2026-07-09T11:30:00+0200,15.6,MW,NL,NL,actual_offshore_wind_generation,Wind Offshore | Actual Aggregated,2026-08-07T04:53:21Z
2026-08-07T04:50:48Z,2026-08-07T06:50:48+0200,9de41e72-ad84-4160-af68-c339f970a640,2026-07-09T09:30:00Z,2026-07-09T11:30:00+0200,33.918,MW,NL,NL,actual_offshore_wind_generation,Wind Offshore | Actual Consumption,2026-08-07T04:53:21Z
2026-08-07T04:50:48Z,2026-08-07T06:50:48+0200,9de41e72-ad84-4160-af68-c339f970a640,2026-07-09T09:45:00Z,2026-07-09T11:45:00+0200,14.8,MW,NL,NL,actual_offshore_wind_generation,Wind Offshore | Actual Aggregated,2026-08-07T04:53:21Z
2026-08-07T04:50:48Z,2026-08-07T06:50:48+0200,9de41e72-ad84-4160-af68-c339f970a640,2026-07-09T09:45:00Z,2026-07-09T11:45:00+0200,34.99,MW,NL,NL,actual_offshore_wind_generation,Wind Offshore | Actual Consumption,2026-08-07T04:53:21Z
2026-08-07T04:50:48Z,2026-08-07T06:50:48+0200,9de41e72-ad84-4160-af68-c339f970a640,2026-07-09T10:00:00Z,2026-07-09T12:00:00+0200,15.6,MW,NL,NL,actual_offshore_wind_generation,Wind Offshore | Actual Aggregated,2026-08-07T04:53:21Z
2026-08-07T04:50:48Z,2026-08-07T06:50:48+0200,9de41e72-ad84-4160-af68-c339f970a640,2026-07-09T10:00:00Z,2026-07-09T12:00:00+0200,34.409,MW,NL,NL,actual_offshore_wind_generation,Wind Offshore | Actual Consumption,2026-08-07T04:53:21Z
2026-08-07T04:50:48Z,2026-08-07T06:50:48+0200,9de41e72-ad84-4160-af68-c339f970a640,2026-07-09T10:15:00Z,2026-07-09T12:15:00+0200,20.544,MW,NL,NL,actual_offshore_wind_generation,Wind Offshore | Actual Aggregated,2026-08-07T04:53:21Z
2026-08-07T04:50:48Z,2026-08-07T06:50:48+0200,9de41e72-ad84-4160-af68-c339f970a640,2026-07-09T10:15:00Z,2026-07-09T12:15:00+0200,34.052,MW,NL,NL,actual_offshore_wind_generation,Wind Offshore | Actual Consumption,2026-08-07T04:53:21Z
2026-08-07T04:50:48Z,2026-08-07T06:50:48+0200,9de41e72-ad84-4160-af68-c339f970a640,2026-07-09T10:30:00Z,2026-07-09T12:30:00+0200,26.976,MW,NL,NL,actual_offshore_wind_generation,Wind Offshore | Actual Aggregated,2026-08-07T04:53:21Z
2026-08-07T04:50:48Z,2026-08-07T06:50:48+0200,9de41e72-ad84-4160-af68-c339f970a640,2026-07-09T10:30:00Z,2026-07-09T12:30:00+0200,31.03,MW,NL,NL,actual_offshore_wind_generation,Wind Offshore | Actual Consumption,2026-08-07T04:53:21Z
2026-08-07T04:50:48Z,2026-08-07T06:50:48+0200,9de41e72-ad84-4160-af68-c339f970a640,2026-07-09T10:45:00Z,2026-07-09T12:45:00+0200,34.608,MW,NL,NL,actual_offshore_wind_generation,Wind Offshore | Actual Aggregated,2026-08-07T04:53:21Z
2026-08-07T04:50:48Z,2026-08-07T06:50:48+0200,9de41e72-ad84-4160-af68-c339f970a640,2026-07-09T10:45:00Z,2026-07-09T12:45:00+0200,30.974,MW,NL,NL,actual_offshore_wind_generation,Wind Offshore | Actual Consumption,2026-08-07T04:53:21Z
2026-08-07T04:50:48Z,2026-08-07T06:50:48+0200,9de41e72-ad84-4160-af68-c339f970a640,2026-07-09T11:00:00Z,2026-07-09T13:00:00+0200,39.632,MW,NL,NL,actual_offshore_wind_generation,Wind Offshore | Actual Aggregated,2026-08-07T04:53:21Z
2026-08-07T04:50:48Z,2026-08-07T06:50:48+0200,9de41e72-ad84-4160-af68-c339f970a640,2026-07-09T11:00:00Z,2026-07-09T13:00:00+0200,33.503,MW,NL,NL,actual_offshore_wind_generation,Wind Offshore | Actual Consumption,2026-08-07T04:53:21Z
2026-08-07T04:50:48Z,2026-08-07T06:50:48+0200,9de41e72-ad84-4160-af68-c339f970a640,2026-07-09T11:15:00Z,2026-07-09T13:15:00+0200,43.344,MW,NL,NL,actual_offshore_wind_generation,Wind Offshore | Actual Aggregated,2026-08-07T04:53:21Z
2026-08-07T04:50:48Z,2026-08-07T06:50:48+0200,9de41e72-ad84-4160-af68-c339f970a640,2026-07-09T11:15:00Z,2026-07-09T13:15:00+0200,33.871,MW,NL,NL,actual_offshore_wind_generation,Wind Offshore | Actual Consumption,2026-08-07T04:53:21Z
2026-08-07T04:50:48Z,2026-08-07T06:50:48+0200,9de41e72-ad84-4160-af68-c339f970a640,2026-07-09T11:30:00Z,2026-07-09T13:30:00+0200,47.344,MW,NL,NL,actual_offshore_wind_generation,Wind Offshore | Actual Aggregated,2026-08-07T04:53:21Z
2026-08-07T04:50:48Z,2026-08-07T06:50:48+0200,9de41e72-ad84-4160-af68-c339f970a640,2026-07-09T11:30:00Z,2026-07-09T13:30:00+0200,34.102,MW,NL,NL,actual_offshore_wind_generation,Wind Offshore | Actual Consumption,2026-08-07T04:53:21Z
2026-08-07T04:50:48Z,2026-08-07T06:50:48+0200,9de41e72-ad84-4160-af68-c339f970a640,2026-07-09T11:45:00Z,2026-07-09T13:45:00+0200,50.8,MW,NL,NL,actual_offshore_wind_generation,Wind Offshore | Actual Aggregated,2026-08-07T04:53:21Z
2026-08-07T04:50:48Z,2026-08-07T06:50:48+0200,9de41e72-ad84-4160-af68-c339f970a640,2026-07-09T11:45:00Z,2026-07-09T13:45:00+0200,34.509,MW,NL,NL,actual_offshore_wind_generation,Wind Offshore | Actual Consumption,2026-08-07T04:53:21Z
2026-08-07T04:50:48Z,2026-08-07T06:50:48+0200,9de41e72-ad84-4160-af68-c339f970a640,2026-07-09T12:00:00Z,2026-07-09T14:00:00+0200,58.8,MW,NL,NL,actual_offshore_wind_generation,Wind Offshore | Actual Aggregated,2026-08-07T04:53:21Z
2026-08-07T04:50:48Z,2026-08-07T06:50:48+0200,9de41e72-ad84-4160-af68-c339f970a640,2026-07-09T12:00:00Z,2026-07-09T14:00:00+0200,34.168,MW,NL,NL,actual_offshore_wind_generation,Wind Offshore | Actual Consumption,2026-08-07T04:53:21Z
2026-08-07T04:50:48Z,2026-08-07T06:50:48+0200,9de41e72-ad84-4160-af68-c339f970a640,2026-07-09T12:15:00Z,2026-07-09T14:15:00+0200,63.664,MW,NL,NL,actual_offshore_wind_generation,Wind Offshore | Actual Aggregated,2026-08-07T04:53:21Z
2026-08-07T04:50:48Z,2026-08-07T06:50:48+0200,9de41e72-ad84-4160-af68-c339f970a640,2026-07-09T12:15:00Z,2026-07-09T14:15:00+0200,31.732,MW,NL,NL,actual_offshore_wind_generation,Wind Offshore | Actual Consumption,2026-08-07T04:53:21Z
2026-08-07T04:50:48Z,2026-08-07T06:50:48+0200,9de41e72-ad84-4160-af68-c339f970a640,2026-07-09T12:30:00Z,2026-07-09T14:30:00+0200,65.744,MW,NL,NL,actual_offshore_wind_generation,Wind Offshore | Actual Aggregated,2026-08-07T04:53:21Z
2026-08-07T04:50:48Z,2026-08-07T06:50:48+0200,9de41e72-ad84-4160-af68-c339f970a640,2026-07-09T12:30:00Z,2026-07-09T14:30:00+0200,31.865,MW,NL,NL,actual_offshore_wind_generation,Wind Offshore | Actual Consumption,2026-08-07T04:53:21Z
2026-08-07T04:50:48Z,2026-08-07T06:50:48+0200,9de41e72-ad84-4160-af68-c339f970a640,2026-07-09T12:45:00Z,2026-07-09T14:45:00+0200,60.272,MW,NL,NL,actual_offshore_wind_generation,Wind Offshore | Actual Aggregated,2026-08-07T04:53:21Z
2026-08-07T04:50:48Z,2026-08-07T06:50:48+0200,9de41e72-ad84-4160-af68-c339f970a640,2026-07-09T12:45:00Z,2026-07-09T14:45:00+0200,29.001,MW,NL,NL,actual_offshore_wind_generation,Wind Offshore | Actual Consumption,2026-08-07T04:53:21Z
2026-08-07T04:50:48Z,2026-08-07T06:50:48+0200,9de41e72-ad84-4160-af68-c339f970a640,2026-07-09T13:00:00Z,2026-07-09T15:00:00+0200,57.06,MW,NL,NL,actual_offshore_wind_generation,Wind Offshore | Actual Aggregated,2026-08-07T04:53:21Z
2026-08-07T04:50:48Z,2026-08-07T06:50:48+0200,9de41e72-ad84-4160-af68-c339f970a640,2026-07-09T13:00:00Z,2026-07-09T15:00:00+0200,25.657,MW,NL,NL,actual_offshore_wind_generation,Wind Offshore | Actual Consumption,2026-08-07T04:53:21Z
2026-08-07T04:50:48Z,2026-08-07T06:50:48+0200,9de41e72-ad84-4160-af68-c339f970a640,2026-07-09T13:15:00Z,2026-07-09T15:15:00+0200,51.952,MW,NL,NL,actual_offshore_wind_generation,Wind Offshore | Actual Aggregated,2026-08-07T04:53:21Z
2026-08-07T04:50:48Z,2026-08-07T06:50:48+0200,9de41e72-ad84-4160-af68-c339f970a640,2026-07-09T13:15:00Z,2026-07-09T15:15:00+0200,23.911,MW,NL,NL,actual_offshore_wind_generation,Wind Offshore | Actual Consumption,2026-08-07T04:53:21Z
2026-08-07T04:50:48Z,2026-08-07T06:50:48+0200,9de41e72-ad84-4160-af68-c339f970a640,2026-07-09T13:30:00Z,2026-07-09T15:30:00+0200,46.851,MW,NL,NL,actual_offshore_wind_generation,Wind Offshore | Actual Aggregated,2026-08-07T04:53:21Z
2026-08-07T04:50:48Z,2026-08-07T06:50:48+0200,9de41e72-ad84-4160-af68-c339f970a640,2026-07-09T13:30:00Z,2026-07-09T15:30:00+0200,23.139,MW,NL,NL,actual_offshore_wind_generation,Wind Offshore | Actual Consumption,2026-08-07T04:53:21Z
2026-08-07T04:50:48Z,2026-08-07T06:50:48+0200,9de41e72-ad84-4160-af68-c339f970a640,2026-07-09T13:45:00Z,2026-07-09T15:45:00+0200,47.761,MW,NL,NL,actual_offshore_wind_generation,Wind Offshore | Actual Aggregated,2026-08-07T04:53:21Z
2026-08-07T04:50:48Z,2026-08-07T06:50:48+0200,9de41e72-ad84-4160-af68-c339f970a640,2026-07-09T13:45:00Z,2026-07-09T15:45:00+0200,21.174,MW,NL,NL,actual_offshore_wind_generation,Wind Offshore | Actual Consumption,2026-08-07T04:53:21Z
2026-08-07T04:50:48Z,2026-08-07T06:50:48+0200,9de41e72-ad84-4160-af68-c339f970a640,2026-07-09T14:00:00Z,2026-07-09T16:00:00+0200,44.843,MW,NL,NL,actual_offshore_wind_generation,Wind Offshore | Actual Aggregated,2026-08-07T04:53:21Z
2026-08-07T04:50:48Z,2026-08-07T06:50:48+0200,9de41e72-ad84-4160-af68-c339f970a640,2026-07-09T14:00:00Z,2026-07-09T16:00:00+0200,16.923,MW,NL,NL,actual_offshore_wind_generation,Wind Offshore | Actual Consumption,2026-08-07T04:53:21Z
2026-08-07T04:50:48Z,2026-08-07T06:50:48+0200,9de41e72-ad84-4160-af68-c339f970a640,2026-07-09T14:15:00Z,2026-07-09T16:15:00+0200,50.144,MW,NL,NL,actual_offshore_wind_generation,Wind Offshore | Actual Aggregated,2026-08-07T04:53:21Z
2026-08-07T04:50:48Z,2026-08-07T06:50:48+0200,9de41e72-ad84-4160-af68-c339f970a640,2026-07-09T14:15:00Z,2026-07-09T16:15:00+0200,12.417,MW,NL,NL,actual_offshore_wind_generation,Wind Offshore | Actual Consumption,2026-08-07T04:53:21Z
2026-08-07T04:50:48Z,2026-08-07T06:50:48+0200,9de41e72-ad84-4160-af68-c339f970a640,2026-07-09T14:30:00Z,2026-07-09T16:30:00+0200,65.921,MW,NL,NL,actual_offshore_wind_generation,Wind Offshore | Actual Aggregated,2026-08-07T04:53:21Z
2026-08-07T04:50:48Z,2026-08-07T06:50:48+0200,9de41e72-ad84-4160-af68-c339f970a640,2026-07-09T14:30:00Z,2026-07-09T16:30:00+0200,5.944,MW,NL,NL,actual_offshore_wind_generation,Wind Offshore | Actual Consumption,2026-08-07T04:53:21Z
2026-08-07T04:50:48Z,2026-08-07T06:50:48+0200,9de41e72-ad84-4160-af68-c339f970a640,2026-07-09T14:45:00Z,2026-07-09T16:45:00+0200,71.818,MW,NL,NL,actual_offshore_wind_generation,Wind Offshore | Actual Aggregated,2026-08-07T04:53:21Z
2026-08-07T04:50:48Z,2026-08-07T06:50:48+0200,9de41e72-ad84-4160-af68-c339f970a640,2026-07-09T14:45:00Z,2026-07-09T16:45:00+0200,6.733,MW,NL,NL,actual_offshore_wind_generation,Wind Offshore | Actual Consumption,2026-08-07T04:53:21Z
2026-08-07T04:50:48Z,2026-08-07T06:50:48+0200,9de41e72-ad84-4160-af68-c339f970a640,2026-07-09T15:00:00Z,2026-07-09T17:00:00+0200,72.574,MW,NL,NL,actual_offshore_wind_generation,Wind Offshore | Actual Aggregated,2026-08-07T04:53:21Z
2026-08-07T04:50:48Z,2026-08-07T06:50:48+0200,9de41e72-ad84-4160-af68-c339f970a640,2026-07-09T15:00:00Z,2026-07-09T17:00:00+0200,6.629,MW,NL,NL,actual_offshore_wind_generation,Wind Offshore | Actual Consumption,2026-08-07T04:53:21Z
2026-08-07T04:50:48Z,2026-08-07T06:50:48+0200,9de41e72-ad84-4160-af68-c339f970a640,2026-07-09T15:15:00Z,2026-07-09T17:15:00+0200,72.829,MW,NL,NL,actual_offshore_wind_generation,Wind Offshore | Actual Aggregated,2026-08-07T04:53:21Z
2026-08-07T04:50:48Z,2026-08-07T06:50:48+0200,9de41e72-ad84-4160-af68-c339f970a640,2026-07-09T15:15:00Z,2026-07-09T17:15:00+0200,5.763,MW,NL,NL,actual_offshore_wind_generation,Wind Offshore | Actual Consumption,2026-08-07T04:53:21Z
2026-08-07T04:50:48Z,2026-08-07T06:50:48+0200,9de41e72-ad84-4160-af68-c339f970a640,2026-07-09T15:30:00Z,2026-07-09T17:30:00+0200,84.07,MW,NL,NL,actual_offshore_wind_generation,Wind Offshore | Actual Aggregated,2026-08-07T04:53:21Z
2026-08-07T04:50:48Z,2026-08-07T06:50:48+0200,9de41e72-ad84-4160-af68-c339f970a640,2026-07-09T15:30:00Z,2026-07-09T17:30:00+0200,6.151,MW,NL,NL,actual_offshore_wind_generation,Wind Offshore | Actual Consumption,2026-08-07T04:53:21Z
2026-08-07T04:50:48Z,2026-08-07T06:50:48+0200,9de41e72-ad84-4160-af68-c339f970a640,2026-07-09T15:45:00Z,2026-07-09T17:45:00+0200,103.586,MW,NL,NL,actual_offshore_wind_generation,Wind Offshore | Actual Aggregated,2026-08-07T04:53:21Z
2026-08-07T04:50:48Z,2026-08-07T06:50:48+0200,9de41e72-ad84-4160-af68-c339f970a640,2026-07-09T15:45:00Z,2026-07-09T17:45:00+0200,7.267,MW,NL,NL,actual_offshore_wind_generation,Wind Offshore | Actual Consumption,2026-08-07T04:53:21Z
2026-08-07T04:50:48Z,2026-08-07T06:50:48+0200,9de41e72-ad84-4160-af68-c339f970a640,2026-07-09T16:00:00Z,2026-07-09T18:00:00+0200,118.994,MW,NL,NL,actual_offshore_wind_generation,Wind Offshore | Actual Aggregated,2026-08-07T04:53:21Z
2026-08-07T04:50:48Z,2026-08-07T06:50:48+0200,9de41e72-ad84-4160-af68-c339f970a640,2026-07-09T16:00:00Z,2026-07-09T18:00:00+0200,4.187,MW,NL,NL,actual_offshore_wind_generation,Wind Offshore | Actual Consumption,2026-08-07T04:53:21Z
2026-08-07T04:50:48Z,2026-08-07T06:50:48+0200,9de41e72-ad84-4160-af68-c339f970a640,2026-07-09T16:15:00Z,2026-07-09T18:15:00+0200,124.271,MW,NL,NL,actual_offshore_wind_generation,Wind Offshore | Actual Aggregated,2026-08-07T04:53:21Z
2026-08-07T04:50:48Z,2026-08-07T06:50:48+0200,9de41e72-ad84-4160-af68-c339f970a640,2026-07-09T16:15:00Z,2026-07-09T18:15:00+0200,1.559,MW,NL,NL,actual_offshore_wind_generation,Wind Offshore | Actual Consumption,2026-08-07T04:53:21Z
2026-08-07T04:50:48Z,2026-08-07T06:50:48+0200,9de41e72-ad84-4160-af68-c339f970a640,2026-07-09T16:30:00Z,2026-07-09T18:30:00+0200,135.069,MW,NL,NL,actual_offshore_wind_generation,Wind Offshore | Actual Aggregated,2026-08-07T04:53:21Z
2026-08-07T04:50:48Z,2026-08-07T06:50:48+0200,9de41e72-ad84-4160-af68-c339f970a640,2026-07-09T16:30:00Z,2026-07-09T18:30:00+0200,0.192,MW,NL,NL,actual_offshore_wind_generation,Wind Offshore | Actual Consumption,2026-08-07T04:53:21Z
2026-08-07T04:50:48Z,2026-08-07T06:50:48+0200,9de41e72-ad84-4160-af68-c339f970a640,2026-07-09T16:45:00Z,2026-07-09T18:45:00+0200,162.193,MW,NL,NL,actual_offshore_wind_generation,Wind Offshore | Actual Aggregated,2026-08-07T04:53:21Z
2026-08-07T04:50:48Z,2026-08-07T06:50:48+0200,9de41e72-ad84-4160-af68-c339f970a640,2026-07-09T16:45:00Z,2026-07-09T18:45:00+0200,0.032,MW,NL,NL,actual_offshore_wind_generation,Wind Offshore | Actual Consumption,2026-08-07T04:53:21Z
2026-08-07T04:50:48Z,2026-08-07T06:50:48+0200,9de41e72-ad84-4160-af68-c339f970a640,2026-07-09T17:00:00Z,2026-07-09T19:00:00+0200,192.062,MW,NL,NL,actual_offshore_wind_generation,Wind Offshore | Actual Aggregated,2026-08-07T04:53:21Z
2026-08-07T04:50:48Z,2026-08-07T06:50:48+0200,9de41e72-ad84-4160-af68-c339f970a640,2026-07-09T17:00:00Z,2026-07-09T19:00:00+0200,0.137,MW,NL,NL,actual_offshore_wind_generation,Wind Offshore | Actual Consumption,2026-08-07T04:53:21Z
2026-08-07T04:50:48Z,2026-08-07T06:50:48+0200,9de41e72-ad84-4160-af68-c339f970a640,2026-07-09T17:15:00Z,2026-07-09T19:15:00+0200,216.94,MW,NL,NL,actual_offshore_wind_generation,Wind Offshore | Actual Aggregated,2026-08-07T04:53:21Z
2026-08-07T04:50:48Z,2026-08-07T06:50:48+0200,9de41e72-ad84-4160-af68-c339f970a640,2026-07-09T17:15:00Z,2026-07-09T19:15:00+0200,1.513,MW,NL,NL,actual_offshore_wind_generation,Wind Offshore | Actual Consumption,2026-08-07T04:53:21Z
2026-08-07T04:50:48Z,2026-08-07T06:50:48+0200,9de41e72-ad84-4160-af68-c339f970a640,2026-07-09T17:30:00Z,2026-07-09T19:30:00+0200,235.147,MW,NL,NL,actual_offshore_wind_generation,Wind Offshore | Actual Aggregated,2026-08-07T04:53:21Z
2026-08-07T04:50:48Z,2026-08-07T06:50:48+0200,9de41e72-ad84-4160-af68-c339f970a640,2026-07-09T17:30:00Z,2026-07-09T19:30:00+0200,1.6,MW,NL,NL,actual_offshore_wind_generation,Wind Offshore | Actual Consumption,2026-08-07T04:53:21Z
2026-08-07T04:50:48Z,2026-08-07T06:50:48+0200,9de41e72-ad84-4160-af68-c339f970a640,2026-07-09T17:45:00Z,2026-07-09T19:45:00+0200,259.586,MW,NL,NL,actual_offshore_wind_generation,Wind Offshore | Actual Aggregated,2026-08-07T04:53:21Z
2026-08-07T04:50:48Z,2026-08-07T06:50:48+0200,9de41e72-ad84-4160-af68-c339f970a640,2026-07-09T17:45:00Z,2026-07-09T19:45:00+0200,2.802,MW,NL,NL,actual_offshore_wind_generation,Wind Offshore | Actual Consumption,2026-08-07T04:53:21Z
2026-08-07T04:50:48Z,2026-08-07T06:50:48+0200,9de41e72-ad84-4160-af68-c339f970a640,2026-07-09T18:00:00Z,2026-07-09T20:00:00+0200,295.781,MW,NL,NL,actual_offshore_wind_generation,Wind Offshore | Actual Aggregated,2026-08-07T04:53:21Z
2026-08-07T04:50:48Z,2026-08-07T06:50:48+0200,9de41e72-ad84-4160-af68-c339f970a640,2026-07-09T18:00:00Z,2026-07-09T20:00:00+0200,2.0,MW,NL,NL,actual_offshore_wind_generation,Wind Offshore | Actual Consumption,2026-08-07T04:53:21Z
2026-08-07T04:50:48Z,2026-08-07T06:50:48+0200,9de41e72-ad84-4160-af68-c339f970a640,2026-07-09T18:15:00Z,2026-07-09T20:15:00+0200,347.001,MW,NL,NL,actual_offshore_wind_generation,Wind Offshore | Actual Aggregated,2026-08-07T04:53:21Z
2026-08-07T04:50:48Z,2026-08-07T06:50:48+0200,9de41e72-ad84-4160-af68-c339f970a640,2026-07-09T18:15:00Z,2026-07-09T20:15:00+0200,2.938,MW,NL,NL,actual_offshore_wind_generation,Wind Offshore | Actual Consumption,2026-08-07T04:53:21Z
2026-08-07T04:50:48Z,2026-08-07T06:50:48+0200,9de41e72-ad84-4160-af68-c339f970a640,2026-07-09T18:30:00Z,2026-07-09T20:30:00+0200,400.377,MW,NL,NL,actual_offshore_wind_generation,Wind Offshore | Actual Aggregated,2026-08-07T04:53:21Z
2026-08-07T04:50:48Z,2026-08-07T06:50:48+0200,9de41e72-ad84-4160-af68-c339f970a640,2026-07-09T18:30:00Z,2026-07-09T20:30:00+0200,4.675,MW,NL,NL,actual_offshore_wind_generation,Wind Offshore | Actual Consumption,2026-08-07T04:53:21Z
2026-08-07T04:50:48Z,2026-08-07T06:50:48+0200,9de41e72-ad84-4160-af68-c339f970a640,2026-07-09T18:45:00Z,2026-07-09T20:45:00+0200,444.297,MW,NL,NL,actual_offshore_wind_generation,Wind Offshore | Actual Aggregated,2026-08-07T04:53:21Z
2026-08-07T04:50:48Z,2026-08-07T06:50:48+0200,9de41e72-ad84-4160-af68-c339f970a640,2026-07-09T18:45:00Z,2026-07-09T20:45:00+0200,5.6,MW,NL,NL,actual_offshore_wind_generation,Wind Offshore | Actual Consumption,2026-08-07T04:53:21Z
2026-08-07T04:50:48Z,2026-08-07T06:50:48+0200,9de41e72-ad84-4160-af68-c339f970a640,2026-07-09T19:00:00Z,2026-07-09T21:00:00+0200,462.787,MW,NL,NL,actual_offshore_wind_generation,Wind Offshore | Actual Aggregated,2026-08-07T04:53:21Z
2026-08-07T04:50:48Z,2026-08-07T06:50:48+0200,9de41e72-ad84-4160-af68-c339f970a640,2026-07-09T19:00:00Z,2026-07-09T21:00:00+0200,7.2,MW,NL,NL,actual_offshore_wind_generation,Wind Offshore | Actual Consumption,2026-08-07T04:53:21Z
2026-08-07T04:50:48Z,2026-08-07T06:50:48+0200,9de41e72-ad84-4160-af68-c339f970a640,2026-07-09T19:15:00Z,2026-07-09T21:15:00+0200,467.81,MW,NL,NL,actual_offshore_wind_generation,Wind Offshore | Actual Aggregated,2026-08-07T04:53:21Z
2026-08-07T04:50:48Z,2026-08-07T06:50:48+0200,9de41e72-ad84-4160-af68-c339f970a640,2026-07-09T19:15:00Z,2026-07-09T21:15:00+0200,8.408,MW,NL,NL,actual_offshore_wind_generation,Wind Offshore | Actual Consumption,2026-08-07T04:53:21Z
2026-08-07T04:50:48Z,2026-08-07T06:50:48+0200,9de41e72-ad84-4160-af68-c339f970a640,2026-07-09T19:30:00Z,2026-07-09T21:30:00+0200,577.698,MW,NL,NL,actual_offshore_wind_generation,Wind Offshore | Actual Aggregated,2026-08-07T04:53:21Z
2026-08-07T04:50:48Z,2026-08-07T06:50:48+0200,9de41e72-ad84-4160-af68-c339f970a640,2026-07-09T19:30:00Z,2026-07-09T21:30:00+0200,8.4,MW,NL,NL,actual_offshore_wind_generation,Wind Offshore | Actual Consumption,2026-08-07T04:53:21Z
2026-08-07T04:50:48Z,2026-08-07T06:50:48+0200,9de41e72-ad84-4160-af68-c339f970a640,2026-07-09T19:45:00Z,2026-07-09T21:45:00+0200,618.107,MW,NL,NL,actual_offshore_wind_generation,Wind Offshore | Actual Aggregated,2026-08-07T04:53:21Z
2026-08-07T04:50:48Z,2026-08-07T06:50:48+0200,9de41e72-ad84-4160-af68-c339f970a640,2026-07-09T19:45:00Z,2026-07-09T21:45:00+0200,8.92,MW,NL,NL,actual_offshore_wind_generation,Wind Offshore | Actual Consumption,2026-08-07T04:53:21Z
2026-08-07T04:50:48Z,2026-08-07T06:50:48+0200,9de41e72-ad84-4160-af68-c339f970a640,2026-07-09T20:00:00Z,2026-07-09T22:00:00+0200,764.33,MW,NL,NL,actual_offshore_wind_generation,Wind Offshore | Actual Aggregated,2026-08-07T04:53:21Z
2026-08-07T04:50:48Z,2026-08-07T06:50:48+0200,9de41e72-ad84-4160-af68-c339f970a640,2026-07-09T20:00:00Z,2026-07-09T22:00:00+0200,8.8,MW,NL,NL,actual_offshore_wind_generation,Wind Offshore | Actual Consumption,2026-08-07T04:53:21Z
2026-08-07T04:50:48Z,2026-08-07T06:50:48+0200,9de41e72-ad84-4160-af68-c339f970a640,2026-07-09T20:15:00Z,2026-07-09T22:15:00+0200,783.942,MW,NL,NL,actual_offshore_wind_generation,Wind Offshore | Actual Aggregated,2026-08-07T04:53:21Z
2026-08-07T04:50:48Z,2026-08-07T06:50:48+0200,9de41e72-ad84-4160-af68-c339f970a640,2026-07-09T20:15:00Z,2026-07-09T22:15:00+0200,8.4,MW,NL,NL,actual_offshore_wind_generation,Wind Offshore | Actual Consumption,2026-08-07T04:53:21Z
2026-08-07T04:50:48Z,2026-08-07T06:50:48+0200,9de41e72-ad84-4160-af68-c339f970a640,2026-07-09T20:30:00Z,2026-07-09T22:30:00+0200,764.748,MW,NL,NL,actual_offshore_wind_generation,Wind Offshore | Actual Aggregated,2026-08-07T04:53:21Z
2026-08-07T04:50:48Z,2026-08-07T06:50:48+0200,9de41e72-ad84-4160-af68-c339f970a640,2026-07-09T20:30:00Z,2026-07-09T22:30:00+0200,8.8,MW,NL,NL,actual_offshore_wind_generation,Wind Offshore | Actual Consumption,2026-08-07T04:53:21Z
2026-08-07T04:50:48Z,2026-08-07T06:50:48+0200,9de41e72-ad84-4160-af68-c339f970a640,2026-07-09T20:45:00Z,2026-07-09T22:45:00+0200,751.71,MW,NL,NL,actual_offshore_wind_generation,Wind Offshore | Actual Aggregated,2026-08-07T04:53:21Z
2026-08-07T04:50:48Z,2026-08-07T06:50:48+0200,9de41e72-ad84-4160-af68-c339f970a640,2026-07-09T20:45:00Z,2026-07-09T22:45:00+0200,8.8,MW,NL,NL,actual_offshore_wind_generation,Wind Offshore | Actual Consumption,2026-08-07T04:53:21Z
2026-08-07T04:50:48Z,2026-08-07T06:50:48+0200,9de41e72-ad84-4160-af68-c339f970a640,2026-07-09T21:00:00Z,2026-07-09T23:00:00+0200,733.714,MW,NL,NL,actual_offshore_wind_generation,Wind Offshore | Actual Aggregated,2026-08-07T04:53:21Z
2026-08-07T04:50:48Z,2026-08-07T06:50:48+0200,9de41e72-ad84-4160-af68-c339f970a640,2026-07-09T21:00:00Z,2026-07-09T23:00:00+0200,8.4,MW,NL,NL,actual_offshore_wind_generation,Wind Offshore | Actual Consumption,2026-08-07T04:53:21Z
2026-08-07T04:50:48Z,2026-08-07T06:50:48+0200,9de41e72-ad84-4160-af68-c339f970a640,2026-07-09T21:15:00Z,2026-07-09T23:15:00+0200,691.994,MW,NL,NL,actual_offshore_wind_generation,Wind Offshore | Actual Aggregated,2026-08-07T04:53:21Z
2026-08-07T04:50:48Z,2026-08-07T06:50:48+0200,9de41e72-ad84-4160-af68-c339f970a640,2026-07-09T21:15:00Z,2026-07-09T23:15:00+0200,9.2,MW,NL,NL,actual_offshore_wind_generation,Wind Offshore | Actual Consumption,2026-08-07T04:53:21Z
2026-08-07T04:50:48Z,2026-08-07T06:50:48+0200,9de41e72-ad84-4160-af68-c339f970a640,2026-07-09T21:30:00Z,2026-07-09T23:30:00+0200,680.291,MW,NL,NL,actual_offshore_wind_generation,Wind Offshore | Actual Aggregated,2026-08-07T04:53:21Z
2026-08-07T04:50:48Z,2026-08-07T06:50:48+0200,9de41e72-ad84-4160-af68-c339f970a640,2026-07-09T21:30:00Z,2026-07-09T23:30:00+0200,8.8,MW,NL,NL,actual_offshore_wind_generation,Wind Offshore | Actual Consumption,2026-08-07T04:53:21Z
2026-08-07T04:50:48Z,2026-08-07T06:50:48+0200,9de41e72-ad84-4160-af68-c339f970a640,2026-07-09T21:45:00Z,2026-07-09T23:45:00+0200,663.935,MW,NL,NL,actual_offshore_wind_generation,Wind Offshore | Actual Aggregated,2026-08-07T04:53:21Z
2026-08-07T04:50:48Z,2026-08-07T06:50:48+0200,9de41e72-ad84-4160-af68-c339f970a640,2026-07-09T21:45:00Z,2026-07-09T23:45:00+0200,8.8,MW,NL,NL,actual_offshore_wind_generation,Wind Offshore | Actual Consumption,2026-08-07T04:53:21Z
2026-08-07T04:50:48Z,2026-08-07T06:50:48+0200,9de41e72-ad84-4160-af68-c339f970a640,2026-07-09T22:00:00Z,2026-07-10T00:00:00+0200,640.382,MW,NL,NL,actual_offshore_wind_generation,Wind Offshore | Actual Aggregated,2026-08-07T04:53:21Z
2026-08-07T04:50:48Z,2026-08-07T06:50:48+0200,9de41e72-ad84-4160-af68-c339f970a640,2026-07-09T22:00:00Z,2026-07-10T00:00:00+0200,8.4,MW,NL,NL,actual_offshore_wind_generation,Wind Offshore | Actual Consumption,2026-08-07T04:53:21Z
2026-08-07T04:50:48Z,2026-08-07T06:50:48+0200,9de41e72-ad84-4160-af68-c339f970a640,2026-07-09T22:15:00Z,2026-07-10T00:15:00+0200,641.021,MW,NL,NL,actual_offshore_wind_generation,Wind Offshore | Actual Aggregated,2026-08-07T04:53:21Z
2026-08-07T04:50:48Z,2026-08-07T06:50:48+0200,9de41e72-ad84-4160-af68-c339f970a640,2026-07-09T22:15:00Z,2026-07-10T00:15:00+0200,8.0,MW,NL,NL,actual_offshore_wind_generation,Wind Offshore | Actual Consumption,2026-08-07T04:53:21Z
2026-08-07T04:50:48Z,2026-08-07T06:50:48+0200,9de41e72-ad84-4160-af68-c339f970a640,2026-07-09T22:30:00Z,2026-07-10T00:30:00+0200,596.486,MW,NL,NL,actual_offshore_wind_generation,Wind Offshore | Actual Aggregated,2026-08-07T04:53:21Z
2026-08-07T04:50:48Z,2026-08-07T06:50:48+0200,9de41e72-ad84-4160-af68-c339f970a640,2026-07-09T22:30:00Z,2026-07-10T00:30:00+0200,7.2,MW,NL,NL,actual_offshore_wind_generation,Wind Offshore | Actual Consumption,2026-08-07T04:53:21Z
2026-08-07T04:50:48Z,2026-08-07T06:50:48+0200,9de41e72-ad84-4160-af68-c339f970a640,2026-07-09T22:45:00Z,2026-07-10T00:45:00+0200,594.597,MW,NL,NL,actual_offshore_wind_generation,Wind Offshore | Actual Aggregated,2026-08-07T04:53:21Z
2026-08-07T04:50:48Z,2026-08-07T06:50:48+0200,9de41e72-ad84-4160-af68-c339f970a640,2026-07-09T22:45:00Z,2026-07-10T00:45:00+0200,6.8,MW,NL,NL,actual_offshore_wind_generation,Wind Offshore | Actual Consumption,2026-08-07T04:53:21Z
2026-08-07T04:50:48Z,2026-08-07T06:50:48+0200,9de41e72-ad84-4160-af68-c339f970a640,2026-07-09T23:00:00Z,2026-07-10T01:00:00+0200,550.083,MW,NL,NL,actual_offshore_wind_generation,Wind Offshore | Actual Aggregated,2026-08-07T04:53:21Z
2026-08-07T04:50:48Z,2026-08-07T06:50:48+0200,9de41e72-ad84-4160-af68-c339f970a640,2026-07-09T23:00:00Z,2026-07-10T01:00:00+0200,7.668,MW,NL,NL,actual_offshore_wind_generation,Wind Offshore | Actual Consumption,2026-08-07T04:53:21Z
2026-08-07T04:50:48Z,2026-08-07T06:50:48+0200,9de41e72-ad84-4160-af68-c339f970a640,2026-07-09T23:15:00Z,2026-07-10T01:15:00+0200,561.875,MW,NL,NL,actual_offshore_wind_generation,Wind Offshore | Actual Aggregated,2026-08-07T04:53:21Z
2026-08-07T04:50:48Z,2026-08-07T06:50:48+0200,9de41e72-ad84-4160-af68-c339f970a640,2026-07-09T23:15:00Z,2026-07-10T01:15:00+0200,8.8,MW,NL,NL,actual_offshore_wind_generation,Wind Offshore | Actual Consumption,2026-08-07T04:53:21Z
2026-08-07T04:50:48Z,2026-08-07T06:50:48+0200,9de41e72-ad84-4160-af68-c339f970a640,2026-07-09T23:30:00Z,2026-07-10T01:30:00+0200,568.06,MW,NL,NL,actual_offshore_wind_generation,Wind Offshore | Actual Aggregated,2026-08-07T04:53:21Z
2026-08-07T04:50:48Z,2026-08-07T06:50:48+0200,9de41e72-ad84-4160-af68-c339f970a640,2026-07-09T23:30:00Z,2026-07-10T01:30:00+0200,8.8,MW,NL,NL,actual_offshore_wind_generation,Wind Offshore | Actual Consumption,2026-08-07T04:53:21Z
2026-08-07T04:50:48Z,2026-08-07T06:50:48+0200,9de41e72-ad84-4160-af68-c339f970a640,2026-07-09T23:45:00Z,2026-07-10T01:45:00+0200,585.14,MW,NL,NL,actual_offshore_wind_generation,Wind Offshore | Actual Aggregated,2026-08-07T04:53:21Z
2026-08-07T04:50:48Z,2026-08-07T06:50:48+0200,9de41e72-ad84-4160-af68-c339f970a640,2026-07-09T23:45:00Z,2026-07-10T01:45:00+0200,8.8,MW,NL,NL,actual_offshore_wind_generation,Wind Offshore | Actual Consumption,2026-08-07T04:53:21Z
2026-08-07T04:50:48Z,2026-08-07T06:50:48+0200,9de41e72-ad84-4160-af68-c339f970a640,2026-07-10T00:00:00Z,2026-07-10T02:00:00+0200,604.787,MW,NL,NL,actual_offshore_wind_generation,Wind Offshore | Actual Aggregated,2026-08-07T04:53:21Z
2026-08-07T04:50:48Z,2026-08-07T06:50:48+0200,9de41e72-ad84-4160-af68-c339f970a640,2026-07-10T00:00:00Z,2026-07-10T02:00:00+0200,9.2,MW,NL,NL,actual_offshore_wind_generation,Wind Offshore | Actual Consumption,2026-08-07T04:53:21Z
2026-08-07T04:50:48Z,2026-08-07T06:50:48+0200,9de41e72-ad84-4160-af68-c339f970a640,2026-07-10T00:15:00Z,2026-07-10T02:15:00+0200,585.968,MW,NL,NL,actual_offshore_wind_generation,Wind Offshore | Actual Aggregated,2026-08-07T04:53:21Z
2026-08-07T04:50:48Z,2026-08-07T06:50:48+0200,9de41e72-ad84-4160-af68-c339f970a640,2026-07-10T00:15:00Z,2026-07-10T02:15:00+0200,8.4,MW,NL,NL,actual_offshore_wind_generation,Wind Offshore | Actual Consumption,2026-08-07T04:53:21Z
2026-08-07T04:50:48Z,2026-08-07T06:50:48+0200,9de41e72-ad84-4160-af68-c339f970a640,2026-07-10T00:30:00Z,2026-07-10T02:30:00+0200,537.884,MW,NL,NL,actual_offshore_wind_generation,Wind Offshore | Actual Aggregated,2026-08-07T04:53:21Z
2026-08-07T04:50:48Z,2026-08-07T06:50:48+0200,9de41e72-ad84-4160-af68-c339f970a640,2026-07-10T00:30:00Z,2026-07-10T02:30:00+0200,9.2,MW,NL,NL,actual_offshore_wind_generation,Wind Offshore | Actual Consumption,2026-08-07T04:53:21Z
2026-08-07T04:50:48Z,2026-08-07T06:50:48+0200,9de41e72-ad84-4160-af68-c339f970a640,2026-07-10T00:45:00Z,2026-07-10T02:45:00+0200,486.728,MW,NL,NL,actual_offshore_wind_generation,Wind Offshore | Actual Aggregated,2026-08-07T04:53:21Z
2026-08-07T04:50:48Z,2026-08-07T06:50:48+0200,9de41e72-ad84-4160-af68-c339f970a640,2026-07-10T00:45:00Z,2026-07-10T02:45:00+0200,8.8,MW,NL,NL,actual_offshore_wind_generation,Wind Offshore | Actual Consumption,2026-08-07T04:53:21Z
2026-08-07T04:50:48Z,2026-08-07T06:50:48+0200,9de41e72-ad84-4160-af68-c339f970a640,2026-07-10T01:00:00Z,2026-07-10T03:00:00+0200,477.447,MW,NL,NL,actual_offshore_wind_generation,Wind Offshore | Actual Aggregated,2026-08-07T04:53:21Z
2026-08-07T04:50:48Z,2026-08-07T06:50:48+0200,9de41e72-ad84-4160-af68-c339f970a640,2026-07-10T01:00:00Z,2026-07-10T03:00:00+0200,8.8,MW,NL,NL,actual_offshore_wind_generation,Wind Offshore | Actual Consumption,2026-08-07T04:53:21Z
2026-08-07T04:50:48Z,2026-08-07T06:50:48+0200,9de41e72-ad84-4160-af68-c339f970a640,2026-07-10T01:15:00Z,2026-07-10T03:15:00+0200,479.99,MW,NL,NL,actual_offshore_wind_generation,Wind Offshore | Actual Aggregated,2026-08-07T04:53:21Z
2026-08-07T04:50:48Z,2026-08-07T06:50:48+0200,9de41e72-ad84-4160-af68-c339f970a640,2026-07-10T01:15:00Z,2026-07-10T03:15:00+0200,7.6,MW,NL,NL,actual_offshore_wind_generation,Wind Offshore | Actual Consumption,2026-08-07T04:53:21Z
2026-08-07T04:50:48Z,2026-08-07T06:50:48+0200,9de41e72-ad84-4160-af68-c339f970a640,2026-07-10T01:30:00Z,2026-07-10T03:30:00+0200,455.743,MW,NL,NL,actual_offshore_wind_generation,Wind Offshore | Actual Aggregated,2026-08-07T04:53:21Z
2026-08-07T04:50:48Z,2026-08-07T06:50:48+0200,9de41e72-ad84-4160-af68-c339f970a640,2026-07-10T01:30:00Z,2026-07-10T03:30:00+0200,6.4,MW,NL,NL,actual_offshore_wind_generation,Wind Offshore | Actual Consumption,2026-08-07T04:53:21Z
2026-08-07T04:50:48Z,2026-08-07T06:50:48+0200,9de41e72-ad84-4160-af68-c339f970a640,2026-07-10T01:45:00Z,2026-07-10T03:45:00+0200,440.341,MW,NL,NL,actual_offshore_wind_generation,Wind Offshore | Actual Aggregated,2026-08-07T04:53:21Z
2026-08-07T04:50:48Z,2026-08-07T06:50:48+0200,9de41e72-ad84-4160-af68-c339f970a640,2026-07-10T01:45:00Z,2026-07-10T03:45:00+0200,4.4,MW,NL,NL,actual_offshore_wind_generation,Wind Offshore | Actual Consumption,2026-08-07T04:53:21Z
2026-08-07T04:50:48Z,2026-08-07T06:50:48+0200,9de41e72-ad84-4160-af68-c339f970a640,2026-07-10T02:00:00Z,2026-07-10T04:00:00+0200,457.871,MW,NL,NL,actual_offshore_wind_generation,Wind Offshore | Actual Aggregated,2026-08-07T04:53:21Z
2026-08-07T04:50:48Z,2026-08-07T06:50:48+0200,9de41e72-ad84-4160-af68-c339f970a640,2026-07-10T02:00:00Z,2026-07-10T04:00:00+0200,4.4,MW,NL,NL,actual_offshore_wind_generation,Wind Offshore | Actual Consumption,2026-08-07T04:53:21Z
2026-08-07T04:50:48Z,2026-08-07T06:50:48+0200,9de41e72-ad84-4160-af68-c339f970a640,2026-07-10T02:15:00Z,2026-07-10T04:15:00+0200,450.815,MW,NL,NL,actual_offshore_wind_generation,Wind Offshore | Actual Aggregated,2026-08-07T04:53:21Z
2026-08-07T04:50:48Z,2026-08-07T06:50:48+0200,9de41e72-ad84-4160-af68-c339f970a640,2026-07-10T02:15:00Z,2026-07-10T04:15:00+0200,2.4,MW,NL,NL,actual_offshore_wind_generation,Wind Offshore | Actual Consumption,2026-08-07T04:53:21Z
2026-08-07T04:50:48Z,2026-08-07T06:50:48+0200,9de41e72-ad84-4160-af68-c339f970a640,2026-07-10T02:30:00Z,2026-07-10T04:30:00+0200,403.906,MW,NL,NL,actual_offshore_wind_generation,Wind Offshore | Actual Aggregated,2026-08-07T04:53:21Z
2026-08-07T04:50:48Z,2026-08-07T06:50:48+0200,9de41e72-ad84-4160-af68-c339f970a640,2026-07-10T02:30:00Z,2026-07-10T04:30:00+0200,5.6,MW,NL,NL,actual_offshore_wind_generation,Wind Offshore | Actual Consumption,2026-08-07T04:53:21Z
2026-08-07T04:50:48Z,2026-08-07T06:50:48+0200,9de41e72-ad84-4160-af68-c339f970a640,2026-07-10T02:45:00Z,2026-07-10T04:45:00+0200,362.671,MW,NL,NL,actual_offshore_wind_generation,Wind Offshore | Actual Aggregated,2026-08-07T04:53:21Z
2026-08-07T04:50:48Z,2026-08-07T06:50:48+0200,9de41e72-ad84-4160-af68-c339f970a640,2026-07-10T02:45:00Z,2026-07-10T04:45:00+0200,9.2,MW,NL,NL,actual_offshore_wind_generation,Wind Offshore | Actual Consumption,2026-08-07T04:53:21Z
2026-08-07T04:50:48Z,2026-08-07T06:50:48+0200,9de41e72-ad84-4160-af68-c339f970a640,2026-07-10T03:00:00Z,2026-07-10T05:00:00+0200,329.845,MW,NL,NL,actual_offshore_wind_generation,Wind Offshore | Actual Aggregated,2026-08-07T04:53:21Z
2026-08-07T04:50:48Z,2026-08-07T06:50:48+0200,9de41e72-ad84-4160-af68-c339f970a640,2026-07-10T03:00:00Z,2026-07-10T05:00:00+0200,8.4,MW,NL,NL,actual_offshore_wind_generation,Wind Offshore | Actual Consumption,2026-08-07T04:53:21Z
2026-08-07T04:50:48Z,2026-08-07T06:50:48+0200,9de41e72-ad84-4160-af68-c339f970a640,2026-07-10T03:15:00Z,2026-07-10T05:15:00+0200,323.745,MW,NL,NL,actual_offshore_wind_generation,Wind Offshore | Actual Aggregated,2026-08-07T04:53:21Z
2026-08-07T04:50:48Z,2026-08-07T06:50:48+0200,9de41e72-ad84-4160-af68-c339f970a640,2026-07-10T03:15:00Z,2026-07-10T05:15:00+0200,7.2,MW,NL,NL,actual_offshore_wind_generation,Wind Offshore | Actual Consumption,2026-08-07T04:53:21Z
2026-08-07T04:50:48Z,2026-08-07T06:50:48+0200,9de41e72-ad84-4160-af68-c339f970a640,2026-07-10T03:30:00Z,2026-07-10T05:30:00+0200,326.996,MW,NL,NL,actual_offshore_wind_generation,Wind Offshore | Actual Aggregated,2026-08-07T04:53:21Z
2026-08-07T04:50:48Z,2026-08-07T06:50:48+0200,9de41e72-ad84-4160-af68-c339f970a640,2026-07-10T03:30:00Z,2026-07-10T05:30:00+0200,8.4,MW,NL,NL,actual_offshore_wind_generation,Wind Offshore | Actual Consumption,2026-08-07T04:53:21Z
2026-08-07T04:50:48Z,2026-08-07T06:50:48+0200,9de41e72-ad84-4160-af68-c339f970a640,2026-07-10T03:45:00Z,2026-07-10T05:45:00+0200,326.978,MW,NL,NL,actual_offshore_wind_generation,Wind Offshore | Actual Aggregated,2026-08-07T04:53:21Z
2026-08-07T04:50:48Z,2026-08-07T06:50:48+0200,9de41e72-ad84-4160-af68-c339f970a640,2026-07-10T03:45:00Z,2026-07-10T05:45:00+0200,8.408,MW,NL,NL,actual_offshore_wind_generation,Wind Offshore | Actual Consumption,2026-08-07T04:53:21Z
2026-08-07T04:50:48Z,2026-08-07T06:50:48+0200,9de41e72-ad84-4160-af68-c339f970a640,2026-07-10T04:00:00Z,2026-07-10T06:00:00+0200,314.939,MW,NL,NL,actual_offshore_wind_generation,Wind Offshore | Actual Aggregated,2026-08-07T04:53:21Z
2026-08-07T04:50:48Z,2026-08-07T06:50:48+0200,9de41e72-ad84-4160-af68-c339f970a640,2026-07-10T04:00:00Z,2026-07-10T06:00:00+0200,8.4,MW,NL,NL,actual_offshore_wind_generation,Wind Offshore | Actual Consumption,2026-08-07T04:53:21Z
2026-08-07T04:50:48Z,2026-08-07T06:50:48+0200,9de41e72-ad84-4160-af68-c339f970a640,2026-07-10T04:15:00Z,2026-07-10T06:15:00+0200,300.044,MW,NL,NL,actual_offshore_wind_generation,Wind Offshore | Actual Aggregated,2026-08-07T04:53:21Z
2026-08-07T04:50:48Z,2026-08-07T06:50:48+0200,9de41e72-ad84-4160-af68-c339f970a640,2026-07-10T04:15:00Z,2026-07-10T06:15:00+0200,10.123,MW,NL,NL,actual_offshore_wind_generation,Wind Offshore | Actual Consumption,2026-08-07T04:53:21Z
2026-08-07T04:50:48Z,2026-08-07T06:50:48+0200,9de41e72-ad84-4160-af68-c339f970a640,2026-07-10T04:30:00Z,2026-07-10T06:30:00+0200,303.105,MW,NL,NL,actual_offshore_wind_generation,Wind Offshore | Actual Aggregated,2026-08-07T04:53:21Z
2026-08-07T04:50:48Z,2026-08-07T06:50:48+0200,9de41e72-ad84-4160-af68-c339f970a640,2026-07-10T04:30:00Z,2026-07-10T06:30:00+0200,9.14,MW,NL,NL,actual_offshore_wind_generation,Wind Offshore | Actual Consumption,2026-08-07T04:53:21Z
2026-08-07T04:50:48Z,2026-08-07T06:50:48+0200,9de41e72-ad84-4160-af68-c339f970a640,2026-07-10T04:45:00Z,2026-07-10T06:45:00+0200,316.787,MW,NL,NL,actual_offshore_wind_generation,Wind Offshore | Actual Aggregated,2026-08-07T04:53:21Z
2026-08-07T04:50:48Z,2026-08-07T06:50:48+0200,9de41e72-ad84-4160-af68-c339f970a640,2026-07-10T04:45:00Z,2026-07-10T06:45:00+0200,9.679,MW,NL,NL,actual_offshore_wind_generation,Wind Offshore | Actual Consumption,2026-08-07T04:53:21Z
2026-08-07T04:50:48Z,2026-08-07T06:50:48+0200,9de41e72-ad84-4160-af68-c339f970a640,2026-07-10T05:00:00Z,2026-07-10T07:00:00+0200,318.516,MW,NL,NL,actual_offshore_wind_generation,Wind Offshore | Actual Aggregated,2026-08-07T04:53:21Z
2026-08-07T04:50:48Z,2026-08-07T06:50:48+0200,9de41e72-ad84-4160-af68-c339f970a640,2026-07-10T05:00:00Z,2026-07-10T07:00:00+0200,9.788,MW,NL,NL,actual_offshore_wind_generation,Wind Offshore | Actual Consumption,2026-08-07T04:53:21Z
2026-08-07T04:50:48Z,2026-08-07T06:50:48+0200,9de41e72-ad84-4160-af68-c339f970a640,2026-07-10T05:15:00Z,2026-07-10T07:15:00+0200,306.057,MW,NL,NL,actual_offshore_wind_generation,Wind Offshore | Actual Aggregated,2026-08-07T04:53:21Z
2026-08-07T04:50:48Z,2026-08-07T06:50:48+0200,9de41e72-ad84-4160-af68-c339f970a640,2026-07-10T05:15:00Z,2026-07-10T07:15:00+0200,10.024,MW,NL,NL,actual_offshore_wind_generation,Wind Offshore | Actual Consumption,2026-08-07T04:53:21Z
2026-08-07T04:50:48Z,2026-08-07T06:50:48+0200,9de41e72-ad84-4160-af68-c339f970a640,2026-07-10T05:30:00Z,2026-07-10T07:30:00+0200,288.813,MW,NL,NL,actual_offshore_wind_generation,Wind Offshore | Actual Aggregated,2026-08-07T04:53:21Z
2026-08-07T04:50:48Z,2026-08-07T06:50:48+0200,9de41e72-ad84-4160-af68-c339f970a640,2026-07-10T05:30:00Z,2026-07-10T07:30:00+0200,10.21,MW,NL,NL,actual_offshore_wind_generation,Wind Offshore | Actual Consumption,2026-08-07T04:53:21Z
2026-08-07T04:50:48Z,2026-08-07T06:50:48+0200,9de41e72-ad84-4160-af68-c339f970a640,2026-07-10T05:45:00Z,2026-07-10T07:45:00+0200,272.403,MW,NL,NL,actual_offshore_wind_generation,Wind Offshore | Actual Aggregated,2026-08-07T04:53:21Z
2026-08-07T04:50:48Z,2026-08-07T06:50:48+0200,9de41e72-ad84-4160-af68-c339f970a640,2026-07-10T05:45:00Z,2026-07-10T07:45:00+0200,9.605,MW,NL,NL,actual_offshore_wind_generation,Wind Offshore | Actual Consumption,2026-08-07T04:53:21Z
2026-08-07T04:50:48Z,2026-08-07T06:50:48+0200,9de41e72-ad84-4160-af68-c339f970a640,2026-07-10T06:00:00Z,2026-07-10T08:00:00+0200,298.147,MW,NL,NL,actual_offshore_wind_generation,Wind Offshore | Actual Aggregated,2026-08-07T04:53:21Z
2026-08-07T04:50:48Z,2026-08-07T06:50:48+0200,9de41e72-ad84-4160-af68-c339f970a640,2026-07-10T06:00:00Z,2026-07-10T08:00:00+0200,9.661,MW,NL,NL,actual_offshore_wind_generation,Wind Offshore | Actual Consumption,2026-08-07T04:53:21Z
2026-08-07T04:50:48Z,2026-08-07T06:50:48+0200,9de41e72-ad84-4160-af68-c339f970a640,2026-07-10T06:15:00Z,2026-07-10T08:15:00+0200,319.318,MW,NL,NL,actual_offshore_wind_generation,Wind Offshore | Actual Aggregated,2026-08-07T04:53:21Z
2026-08-07T04:50:48Z,2026-08-07T06:50:48+0200,9de41e72-ad84-4160-af68-c339f970a640,2026-07-10T06:15:00Z,2026-07-10T08:15:00+0200,9.908,MW,NL,NL,actual_offshore_wind_generation,Wind Offshore | Actual Consumption,2026-08-07T04:53:21Z
2026-08-07T04:50:48Z,2026-08-07T06:50:48+0200,9de41e72-ad84-4160-af68-c339f970a640,2026-07-10T06:30:00Z,2026-07-10T08:30:00+0200,351.156,MW,NL,NL,actual_offshore_wind_generation,Wind Offshore | Actual Aggregated,2026-08-07T04:53:21Z
2026-08-07T04:50:48Z,2026-08-07T06:50:48+0200,9de41e72-ad84-4160-af68-c339f970a640,2026-07-10T06:30:00Z,2026-07-10T08:30:00+0200,10.258,MW,NL,NL,actual_offshore_wind_generation,Wind Offshore | Actual Consumption,2026-08-07T04:53:21Z
2026-08-07T04:50:48Z,2026-08-07T06:50:48+0200,9de41e72-ad84-4160-af68-c339f970a640,2026-07-10T06:45:00Z,2026-07-10T08:45:00+0200,355.882,MW,NL,NL,actual_offshore_wind_generation,Wind Offshore | Actual Aggregated,2026-08-07T04:53:21Z
2026-08-07T04:50:48Z,2026-08-07T06:50:48+0200,9de41e72-ad84-4160-af68-c339f970a640,2026-07-10T06:45:00Z,2026-07-10T08:45:00+0200,10.402,MW,NL,NL,actual_offshore_wind_generation,Wind Offshore | Actual Consumption,2026-08-07T04:53:21Z
2026-08-07T04:50:48Z,2026-08-07T06:50:48+0200,9de41e72-ad84-4160-af68-c339f970a640,2026-07-10T07:00:00Z,2026-07-10T09:00:00+0200,344.006,MW,NL,NL,actual_offshore_wind_generation,Wind Offshore | Actual Aggregated,2026-08-07T04:53:21Z
2026-08-07T04:50:48Z,2026-08-07T06:50:48+0200,9de41e72-ad84-4160-af68-c339f970a640,2026-07-10T07:00:00Z,2026-07-10T09:00:00+0200,10.826,MW,NL,NL,actual_offshore_wind_generation,Wind Offshore | Actual Consumption,2026-08-07T04:53:21Z
2026-08-07T04:50:48Z,2026-08-07T06:50:48+0200,9de41e72-ad84-4160-af68-c339f970a640,2026-07-10T07:15:00Z,2026-07-10T09:15:00+0200,312.175,MW,NL,NL,actual_offshore_wind_generation,Wind Offshore | Actual Aggregated,2026-08-07T04:53:21Z
2026-08-07T04:50:48Z,2026-08-07T06:50:48+0200,9de41e72-ad84-4160-af68-c339f970a640,2026-07-10T07:15:00Z,2026-07-10T09:15:00+0200,10.094,MW,NL,NL,actual_offshore_wind_generation,Wind Offshore | Actual Consumption,2026-08-07T04:53:21Z
2026-08-07T04:50:48Z,2026-08-07T06:50:48+0200,9de41e72-ad84-4160-af68-c339f970a640,2026-07-10T07:30:00Z,2026-07-10T09:30:00+0200,289.549,MW,NL,NL,actual_offshore_wind_generation,Wind Offshore | Actual Aggregated,2026-08-07T04:53:21Z
2026-08-07T04:50:48Z,2026-08-07T06:50:48+0200,9de41e72-ad84-4160-af68-c339f970a640,2026-07-10T07:30:00Z,2026-07-10T09:30:00+0200,9.278,MW,NL,NL,actual_offshore_wind_generation,Wind Offshore | Actual Consumption,2026-08-07T04:53:21Z
2026-08-07T04:50:48Z,2026-08-07T06:50:48+0200,9de41e72-ad84-4160-af68-c339f970a640,2026-07-10T07:45:00Z,2026-07-10T09:45:00+0200,270.806,MW,NL,NL,actual_offshore_wind_generation,Wind Offshore | Actual Aggregated,2026-08-07T04:53:21Z
2026-08-07T04:50:48Z,2026-08-07T06:50:48+0200,9de41e72-ad84-4160-af68-c339f970a640,2026-07-10T07:45:00Z,2026-07-10T09:45:00+0200,9.156,MW,NL,NL,actual_offshore_wind_generation,Wind Offshore | Actual Consumption,2026-08-07T04:53:21Z
2026-08-07T04:50:48Z,2026-08-07T06:50:48+0200,9de41e72-ad84-4160-af68-c339f970a640,2026-07-10T08:00:00Z,2026-07-10T10:00:00+0200,234.165,MW,NL,NL,actual_offshore_wind_generation,Wind Offshore | Actual Aggregated,2026-08-07T04:53:21Z
2026-08-07T04:50:48Z,2026-08-07T06:50:48+0200,9de41e72-ad84-4160-af68-c339f970a640,2026-07-10T08:00:00Z,2026-07-10T10:00:00+0200,8.457,MW,NL,NL,actual_offshore_wind_generation,Wind Offshore | Actual Consumption,2026-08-07T04:53:21Z
2026-08-07T04:50:48Z,2026-08-07T06:50:48+0200,9de41e72-ad84-4160-af68-c339f970a640,2026-07-10T08:15:00Z,2026-07-10T10:15:00+0200,201.477,MW,NL,NL,actual_offshore_wind_generation,Wind Offshore | Actual Aggregated,2026-08-07T04:53:21Z
2026-08-07T04:50:48Z,2026-08-07T06:50:48+0200,9de41e72-ad84-4160-af68-c339f970a640,2026-07-10T08:15:00Z,2026-07-10T10:15:00+0200,8.329,MW,NL,NL,actual_offshore_wind_generation,Wind Offshore | Actual Consumption,2026-08-07T04:53:21Z
2026-08-07T04:50:48Z,2026-08-07T06:50:48+0200,9de41e72-ad84-4160-af68-c339f970a640,2026-07-10T08:30:00Z,2026-07-10T10:30:00+0200,197.657,MW,NL,NL,actual_offshore_wind_generation,Wind Offshore | Actual Aggregated,2026-08-07T04:53:21Z
2026-08-07T04:50:48Z,2026-08-07T06:50:48+0200,9de41e72-ad84-4160-af68-c339f970a640,2026-07-10T08:30:00Z,2026-07-10T10:30:00+0200,7.214,MW,NL,NL,actual_offshore_wind_generation,Wind Offshore | Actual Consumption,2026-08-07T04:53:21Z
2026-08-07T04:50:48Z,2026-08-07T06:50:48+0200,9de41e72-ad84-4160-af68-c339f970a640,2026-07-10T08:45:00Z,2026-07-10T10:45:00+0200,182.069,MW,NL,NL,actual_offshore_wind_generation,Wind Offshore | Actual Aggregated,2026-08-07T04:53:21Z
2026-08-07T04:50:48Z,2026-08-07T06:50:48+0200,9de41e72-ad84-4160-af68-c339f970a640,2026-07-10T08:45:00Z,2026-07-10T10:45:00+0200,5.748,MW,NL,NL,actual_offshore_wind_generation,Wind Offshore | Actual Consumption,2026-08-07T04:53:21Z
2026-08-07T04:50:48Z,2026-08-07T06:50:48+0200,9de41e72-ad84-4160-af68-c339f970a640,2026-07-10T09:00:00Z,2026-07-10T11:00:00+0200,176.168,MW,NL,NL,actual_offshore_wind_generation,Wind Offshore | Actual Aggregated,2026-08-07T04:53:21Z
2026-08-07T04:50:48Z,2026-08-07T06:50:48+0200,9de41e72-ad84-4160-af68-c339f970a640,2026-07-10T09:00:00Z,2026-07-10T11:00:00+0200,4.65,MW,NL,NL,actual_offshore_wind_generation,Wind Offshore | Actual Consumption,2026-08-07T04:53:21Z
2026-08-07T04:50:48Z,2026-08-07T06:50:48+0200,9de41e72-ad84-4160-af68-c339f970a640,2026-07-10T09:15:00Z,2026-07-10T11:15:00+0200,183.843,MW,NL,NL,actual_offshore_wind_generation,Wind Offshore | Actual Aggregated,2026-08-07T04:53:21Z
2026-08-07T04:50:48Z,2026-08-07T06:50:48+0200,9de41e72-ad84-4160-af68-c339f970a640,2026-07-10T09:15:00Z,2026-07-10T11:15:00+0200,3.878,MW,NL,NL,actual_offshore_wind_generation,Wind Offshore | Actual Consumption,2026-08-07T04:53:21Z
2026-08-07T04:50:48Z,2026-08-07T06:50:48+0200,9de41e72-ad84-4160-af68-c339f970a640,2026-07-10T09:30:00Z,2026-07-10T11:30:00+0200,187.899,MW,NL,NL,actual_offshore_wind_generation,Wind Offshore | Actual Aggregated,2026-08-07T04:53:21Z
2026-08-07T04:50:48Z,2026-08-07T06:50:48+0200,9de41e72-ad84-4160-af68-c339f970a640,2026-07-10T09:30:00Z,2026-07-10T11:30:00+0200,4.839,MW,NL,NL,actual_offshore_wind_generation,Wind Offshore | Actual Consumption,2026-08-07T04:53:21Z
2026-08-07T04:50:48Z,2026-08-07T06:50:48+0200,9de41e72-ad84-4160-af68-c339f970a640,2026-07-10T09:45:00Z,2026-07-10T11:45:00+0200,181.658,MW,NL,NL,actual_offshore_wind_generation,Wind Offshore | Actual Aggregated,2026-08-07T04:53:21Z
2026-08-07T04:50:48Z,2026-08-07T06:50:48+0200,9de41e72-ad84-4160-af68-c339f970a640,2026-07-10T09:45:00Z,2026-07-10T11:45:00+0200,3.408,MW,NL,NL,actual_offshore_wind_generation,Wind Offshore | Actual Consumption,2026-08-07T04:53:21Z
2026-08-07T04:50:48Z,2026-08-07T06:50:48+0200,9de41e72-ad84-4160-af68-c339f970a640,2026-07-10T10:00:00Z,2026-07-10T12:00:00+0200,194.211,MW,NL,NL,actual_offshore_wind_generation,Wind Offshore | Actual Aggregated,2026-08-07T04:53:21Z
2026-08-07T04:50:48Z,2026-08-07T06:50:48+0200,9de41e72-ad84-4160-af68-c339f970a640,2026-07-10T10:00:00Z,2026-07-10T12:00:00+0200,2.539,MW,NL,NL,actual_offshore_wind_generation,Wind Offshore | Actual Consumption,2026-08-07T04:53:21Z
2026-08-07T04:50:48Z,2026-08-07T06:50:48+0200,9de41e72-ad84-4160-af68-c339f970a640,2026-07-10T10:15:00Z,2026-07-10T12:15:00+0200,197.283,MW,NL,NL,actual_offshore_wind_generation,Wind Offshore | Actual Aggregated,2026-08-07T04:53:21Z
2026-08-07T04:50:48Z,2026-08-07T06:50:48+0200,9de41e72-ad84-4160-af68-c339f970a640,2026-07-10T10:15:00Z,2026-07-10T12:15:00+0200,2.908,MW,NL,NL,actual_offshore_wind_generation,Wind Offshore | Actual Consumption,2026-08-07T04:53:21Z
2026-08-07T04:50:48Z,2026-08-07T06:50:48+0200,9de41e72-ad84-4160-af68-c339f970a640,2026-07-10T10:30:00Z,2026-07-10T12:30:00+0200,191.054,MW,NL,NL,actual_offshore_wind_generation,Wind Offshore | Actual Aggregated,2026-08-07T04:53:21Z
2026-08-07T04:50:48Z,2026-08-07T06:50:48+0200,9de41e72-ad84-4160-af68-c339f970a640,2026-07-10T10:30:00Z,2026-07-10T12:30:00+0200,3.235,MW,NL,NL,actual_offshore_wind_generation,Wind Offshore | Actual Consumption,2026-08-07T04:53:21Z
2026-08-07T04:50:48Z,2026-08-07T06:50:48+0200,9de41e72-ad84-4160-af68-c339f970a640,2026-07-10T10:45:00Z,2026-07-10T12:45:00+0200,211.382,MW,NL,NL,actual_offshore_wind_generation,Wind Offshore | Actual Aggregated,2026-08-07T04:53:21Z
2026-08-07T04:50:48Z,2026-08-07T06:50:48+0200,9de41e72-ad84-4160-af68-c339f970a640,2026-07-10T10:45:00Z,2026-07-10T12:45:00+0200,2.625,MW,NL,NL,actual_offshore_wind_generation,Wind Offshore | Actual Consumption,2026-08-07T04:53:21Z
2026-08-07T04:50:48Z,2026-08-07T06:50:48+0200,9de41e72-ad84-4160-af68-c339f970a640,2026-07-10T11:00:00Z,2026-07-10T13:00:00+0200,242.442,MW,NL,NL,actual_offshore_wind_generation,Wind Offshore | Actual Aggregated,2026-08-07T04:53:21Z
2026-08-07T04:50:48Z,2026-08-07T06:50:48+0200,9de41e72-ad84-4160-af68-c339f970a640,2026-07-10T11:00:00Z,2026-07-10T13:00:00+0200,1.891,MW,NL,NL,actual_offshore_wind_generation,Wind Offshore | Actual Consumption,2026-08-07T04:53:21Z
2026-08-07T04:50:48Z,2026-08-07T06:50:48+0200,9de41e72-ad84-4160-af68-c339f970a640,2026-07-10T11:15:00Z,2026-07-10T13:15:00+0200,270.32,MW,NL,NL,actual_offshore_wind_generation,Wind Offshore | Actual Aggregated,2026-08-07T04:53:21Z
2026-08-07T04:50:48Z,2026-08-07T06:50:48+0200,9de41e72-ad84-4160-af68-c339f970a640,2026-07-10T11:15:00Z,2026-07-10T13:15:00+0200,2.103,MW,NL,NL,actual_offshore_wind_generation,Wind Offshore | Actual Consumption,2026-08-07T04:53:21Z
2026-08-07T04:50:48Z,2026-08-07T06:50:48+0200,9de41e72-ad84-4160-af68-c339f970a640,2026-07-10T11:30:00Z,2026-07-10T13:30:00+0200,303.485,MW,NL,NL,actual_offshore_wind_generation,Wind Offshore | Actual Aggregated,2026-08-07T04:53:21Z
2026-08-07T04:50:48Z,2026-08-07T06:50:48+0200,9de41e72-ad84-4160-af68-c339f970a640,2026-07-10T11:30:00Z,2026-07-10T13:30:00+0200,2.504,MW,NL,NL,actual_offshore_wind_generation,Wind Offshore | Actual Consumption,2026-08-07T04:53:21Z
2026-08-07T04:50:48Z,2026-08-07T06:50:48+0200,9de41e72-ad84-4160-af68-c339f970a640,2026-07-10T11:45:00Z,2026-07-10T13:45:00+0200,344.481,MW,NL,NL,actual_offshore_wind_generation,Wind Offshore | Actual Aggregated,2026-08-07T04:53:21Z
2026-08-07T04:50:48Z,2026-08-07T06:50:48+0200,9de41e72-ad84-4160-af68-c339f970a640,2026-07-10T11:45:00Z,2026-07-10T13:45:00+0200,2.809,MW,NL,NL,actual_offshore_wind_generation,Wind Offshore | Actual Consumption,2026-08-07T04:53:21Z
2026-08-07T04:50:48Z,2026-08-07T06:50:48+0200,9de41e72-ad84-4160-af68-c339f970a640,2026-07-10T12:00:00Z,2026-07-10T14:00:00+0200,379.152,MW,NL,NL,actual_offshore_wind_generation,Wind Offshore | Actual Aggregated,2026-08-07T04:53:21Z
2026-08-07T04:50:48Z,2026-08-07T06:50:48+0200,9de41e72-ad84-4160-af68-c339f970a640,2026-07-10T12:00:00Z,2026-07-10T14:00:00+0200,2.758,MW,NL,NL,actual_offshore_wind_generation,Wind Offshore | Actual Consumption,2026-08-07T04:53:21Z
2026-08-07T04:50:48Z,2026-08-07T06:50:48+0200,9de41e72-ad84-4160-af68-c339f970a640,2026-07-10T12:15:00Z,2026-07-10T14:15:00+0200,417.254,MW,NL,NL,actual_offshore_wind_generation,Wind Offshore | Actual Aggregated,2026-08-07T04:53:21Z
2026-08-07T04:50:48Z,2026-08-07T06:50:48+0200,9de41e72-ad84-4160-af68-c339f970a640,2026-07-10T12:15:00Z,2026-07-10T14:15:00+0200,2.265,MW,NL,NL,actual_offshore_wind_generation,Wind Offshore | Actual Consumption,2026-08-07T04:53:21Z
2026-08-07T04:50:48Z,2026-08-07T06:50:48+0200,9de41e72-ad84-4160-af68-c339f970a640,2026-07-10T12:30:00Z,2026-07-10T14:30:00+0200,461.639,MW,NL,NL,actual_offshore_wind_generation,Wind Offshore | Actual Aggregated,2026-08-07T04:53:21Z
2026-08-07T04:50:48Z,2026-08-07T06:50:48+0200,9de41e72-ad84-4160-af68-c339f970a640,2026-07-10T12:30:00Z,2026-07-10T14:30:00+0200,2.055,MW,NL,NL,actual_offshore_wind_generation,Wind Offshore | Actual Consumption,2026-08-07T04:53:21Z
2026-08-07T04:50:48Z,2026-08-07T06:50:48+0200,9de41e72-ad84-4160-af68-c339f970a640,2026-07-10T12:45:00Z,2026-07-10T14:45:00+0200,514.974,MW,NL,NL,actual_offshore_wind_generation,Wind Offshore | Actual Aggregated,2026-08-07T04:53:21Z
2026-08-07T04:50:48Z,2026-08-07T06:50:48+0200,9de41e72-ad84-4160-af68-c339f970a640,2026-07-10T12:45:00Z,2026-07-10T14:45:00+0200,2.339,MW,NL,NL,actual_offshore_wind_generation,Wind Offshore | Actual Consumption,2026-08-07T04:53:21Z
2026-08-07T04:50:48Z,2026-08-07T06:50:48+0200,9de41e72-ad84-4160-af68-c339f970a640,2026-07-10T13:00:00Z,2026-07-10T15:00:00+0200,578.591,MW,NL,NL,actual_offshore_wind_generation,Wind Offshore | Actual Aggregated,2026-08-07T04:53:21Z
2026-08-07T04:50:48Z,2026-08-07T06:50:48+0200,9de41e72-ad84-4160-af68-c339f970a640,2026-07-10T13:00:00Z,2026-07-10T15:00:00+0200,3.095,MW,NL,NL,actual_offshore_wind_generation,Wind Offshore | Actual Consumption,2026-08-07T04:53:21Z
2026-08-07T04:50:48Z,2026-08-07T06:50:48+0200,9de41e72-ad84-4160-af68-c339f970a640,2026-07-10T13:15:00Z,2026-07-10T15:15:00+0200,648.331,MW,NL,NL,actual_offshore_wind_generation,Wind Offshore | Actual Aggregated,2026-08-07T04:53:21Z
2026-08-07T04:50:48Z,2026-08-07T06:50:48+0200,9de41e72-ad84-4160-af68-c339f970a640,2026-07-10T13:15:00Z,2026-07-10T15:15:00+0200,3.468,MW,NL,NL,actual_offshore_wind_generation,Wind Offshore | Actual Consumption,2026-08-07T04:53:21Z
2026-08-07T04:50:48Z,2026-08-07T06:50:48+0200,9de41e72-ad84-4160-af68-c339f970a640,2026-07-10T13:30:00Z,2026-07-10T15:30:00+0200,728.475,MW,NL,NL,actual_offshore_wind_generation,Wind Offshore | Actual Aggregated,2026-08-07T04:53:21Z
2026-08-07T04:50:48Z,2026-08-07T06:50:48+0200,9de41e72-ad84-4160-af68-c339f970a640,2026-07-10T13:30:00Z,2026-07-10T15:30:00+0200,3.815,MW,NL,NL,actual_offshore_wind_generation,Wind Offshore | Actual Consumption,2026-08-07T04:53:21Z
2026-08-07T04:50:48Z,2026-08-07T06:50:48+0200,9de41e72-ad84-4160-af68-c339f970a640,2026-07-10T13:45:00Z,2026-07-10T15:45:00+0200,820.216,MW,NL,NL,actual_offshore_wind_generation,Wind Offshore | Actual Aggregated,2026-08-07T04:53:21Z
2026-08-07T04:50:48Z,2026-08-07T06:50:48+0200,9de41e72-ad84-4160-af68-c339f970a640,2026-07-10T13:45:00Z,2026-07-10T15:45:00+0200,4.466,MW,NL,NL,actual_offshore_wind_generation,Wind Offshore | Actual Consumption,2026-08-07T04:53:21Z
2026-08-07T04:50:48Z,2026-08-07T06:50:48+0200,9de41e72-ad84-4160-af68-c339f970a640,2026-07-10T14:00:00Z,2026-07-10T16:00:00+0200,949.666,MW,NL,NL,actual_offshore_wind_generation,Wind Offshore | Actual Aggregated,2026-08-07T04:53:21Z
2026-08-07T04:50:48Z,2026-08-07T06:50:48+0200,9de41e72-ad84-4160-af68-c339f970a640,2026-07-10T14:00:00Z,2026-07-10T16:00:00+0200,5.468,MW,NL,NL,actual_offshore_wind_generation,Wind Offshore | Actual Consumption,2026-08-07T04:53:21Z
2026-08-07T04:50:48Z,2026-08-07T06:50:48+0200,9de41e72-ad84-4160-af68-c339f970a640,2026-07-10T14:15:00Z,2026-07-10T16:15:00+0200,1059.052,MW,NL,NL,actual_offshore_wind_generation,Wind Offshore | Actual Aggregated,2026-08-07T04:53:21Z
2026-08-07T04:50:48Z,2026-08-07T06:50:48+0200,9de41e72-ad84-4160-af68-c339f970a640,2026-07-10T14:15:00Z,2026-07-10T16:15:00+0200,5.718,MW,NL,NL,actual_offshore_wind_generation,Wind Offshore | Actual Consumption,2026-08-07T04:53:21Z
2026-08-07T04:50:48Z,2026-08-07T06:50:48+0200,9de41e72-ad84-4160-af68-c339f970a640,2026-07-10T14:30:00Z,2026-07-10T16:30:00+0200,1113.06,MW,NL,NL,actual_offshore_wind_generation,Wind Offshore | Actual Aggregated,2026-08-07T04:53:21Z
2026-08-07T04:50:48Z,2026-08-07T06:50:48+0200,9de41e72-ad84-4160-af68-c339f970a640,2026-07-10T14:30:00Z,2026-07-10T16:30:00+0200,5.718,MW,NL,NL,actual_offshore_wind_generation,Wind Offshore | Actual Consumption,2026-08-07T04:53:21Z
2026-08-07T04:50:48Z,2026-08-07T06:50:48+0200,9de41e72-ad84-4160-af68-c339f970a640,2026-07-10T14:45:00Z,2026-07-10T16:45:00+0200,1206.4,MW,NL,NL,actual_offshore_wind_generation,Wind Offshore | Actual Aggregated,2026-08-07T04:53:21Z
2026-08-07T04:50:48Z,2026-08-07T06:50:48+0200,9de41e72-ad84-4160-af68-c339f970a640,2026-07-10T14:45:00Z,2026-07-10T16:45:00+0200,6.344,MW,NL,NL,actual_offshore_wind_generation,Wind Offshore | Actual Consumption,2026-08-07T04:53:21Z
2026-08-07T04:50:48Z,2026-08-07T06:50:48+0200,9de41e72-ad84-4160-af68-c339f970a640,2026-07-10T15:00:00Z,2026-07-10T17:00:00+0200,1298.986,MW,NL,NL,actual_offshore_wind_generation,Wind Offshore | Actual Aggregated,2026-08-07T04:53:21Z
2026-08-07T04:50:48Z,2026-08-07T06:50:48+0200,9de41e72-ad84-4160-af68-c339f970a640,2026-07-10T15:00:00Z,2026-07-10T17:00:00+0200,6.782,MW,NL,NL,actual_offshore_wind_generation,Wind Offshore | Actual Consumption,2026-08-07T04:53:21Z
2026-08-07T04:50:48Z,2026-08-07T06:50:48+0200,9de41e72-ad84-4160-af68-c339f970a640,2026-07-10T15:15:00Z,2026-07-10T17:15:00+0200,1417.066,MW,NL,NL,actual_offshore_wind_generation,Wind Offshore | Actual Aggregated,2026-08-07T04:53:21Z
2026-08-07T04:50:48Z,2026-08-07T06:50:48+0200,9de41e72-ad84-4160-af68-c339f970a640,2026-07-10T15:15:00Z,2026-07-10T17:15:00+0200,7.393,MW,NL,NL,actual_offshore_wind_generation,Wind Offshore | Actual Consumption,2026-08-07T04:53:21Z
2026-08-07T04:50:48Z,2026-08-07T06:50:48+0200,9de41e72-ad84-4160-af68-c339f970a640,2026-07-10T15:30:00Z,2026-07-10T17:30:00+0200,1538.58,MW,NL,NL,actual_offshore_wind_generation,Wind Offshore | Actual Aggregated,2026-08-07T04:53:21Z
2026-08-07T04:50:48Z,2026-08-07T06:50:48+0200,9de41e72-ad84-4160-af68-c339f970a640,2026-07-10T15:30:00Z,2026-07-10T17:30:00+0200,8.502,MW,NL,NL,actual_offshore_wind_generation,Wind Offshore | Actual Consumption,2026-08-07T04:53:21Z
2026-08-07T04:50:48Z,2026-08-07T06:50:48+0200,9de41e72-ad84-4160-af68-c339f970a640,2026-07-10T15:45:00Z,2026-07-10T17:45:00+0200,1622.163,MW,NL,NL,actual_offshore_wind_generation,Wind Offshore | Actual Aggregated,2026-08-07T04:53:21Z
2026-08-07T04:50:48Z,2026-08-07T06:50:48+0200,9de41e72-ad84-4160-af68-c339f970a640,2026-07-10T15:45:00Z,2026-07-10T17:45:00+0200,10.047,MW,NL,NL,actual_offshore_wind_generation,Wind Offshore | Actual Consumption,2026-08-07T04:53:21Z
2026-08-07T04:50:48Z,2026-08-07T06:50:48+0200,9de41e72-ad84-4160-af68-c339f970a640,2026-07-10T16:00:00Z,2026-07-10T18:00:00+0200,1676.967,MW,NL,NL,actual_offshore_wind_generation,Wind Offshore | Actual Aggregated,2026-08-07T04:53:21Z
2026-08-07T04:50:48Z,2026-08-07T06:50:48+0200,9de41e72-ad84-4160-af68-c339f970a640,2026-07-10T16:00:00Z,2026-07-10T18:00:00+0200,10.478,MW,NL,NL,actual_offshore_wind_generation,Wind Offshore | Actual Consumption,2026-08-07T04:53:21Z
2026-08-07T04:50:48Z,2026-08-07T06:50:48+0200,9de41e72-ad84-4160-af68-c339f970a640,2026-07-10T16:15:00Z,2026-07-10T18:15:00+0200,1754.892,MW,NL,NL,actual_offshore_wind_generation,Wind Offshore | Actual Aggregated,2026-08-07T04:53:21Z
2026-08-07T04:50:48Z,2026-08-07T06:50:48+0200,9de41e72-ad84-4160-af68-c339f970a640,2026-07-10T16:15:00Z,2026-07-10T18:15:00+0200,10.595,MW,NL,NL,actual_offshore_wind_generation,Wind Offshore | Actual Consumption,2026-08-07T04:53:21Z
2026-08-07T04:50:48Z,2026-08-07T06:50:48+0200,9de41e72-ad84-4160-af68-c339f970a640,2026-07-10T16:30:00Z,2026-07-10T18:30:00+0200,1866.795,MW,NL,NL,actual_offshore_wind_generation,Wind Offshore | Actual Aggregated,2026-08-07T04:53:21Z
2026-08-07T04:50:48Z,2026-08-07T06:50:48+0200,9de41e72-ad84-4160-af68-c339f970a640,2026-07-10T16:30:00Z,2026-07-10T18:30:00+0200,11.208,MW,NL,NL,actual_offshore_wind_generation,Wind Offshore | Actual Consumption,2026-08-07T04:53:21Z
2026-08-07T04:50:48Z,2026-08-07T06:50:48+0200,9de41e72-ad84-4160-af68-c339f970a640,2026-07-10T16:45:00Z,2026-07-10T18:45:00+0200,1925.986,MW,NL,NL,actual_offshore_wind_generation,Wind Offshore | Actual Aggregated,2026-08-07T04:53:21Z
2026-08-07T04:50:48Z,2026-08-07T06:50:48+0200,9de41e72-ad84-4160-af68-c339f970a640,2026-07-10T16:45:00Z,2026-07-10T18:45:00+0200,12.341,MW,NL,NL,actual_offshore_wind_generation,Wind Offshore | Actual Consumption,2026-08-07T04:53:21Z
2026-08-07T04:50:48Z,2026-08-07T06:50:48+0200,9de41e72-ad84-4160-af68-c339f970a640,2026-07-10T17:00:00Z,2026-07-10T19:00:00+0200,1927.248,MW,NL,NL,actual_offshore_wind_generation,Wind Offshore | Actual Aggregated,2026-08-07T04:53:21Z
2026-08-07T04:50:48Z,2026-08-07T06:50:48+0200,9de41e72-ad84-4160-af68-c339f970a640,2026-07-10T17:00:00Z,2026-07-10T19:00:00+0200,13.532,MW,NL,NL,actual_offshore_wind_generation,Wind Offshore | Actual Consumption,2026-08-07T04:53:21Z
2026-08-07T04:50:48Z,2026-08-07T06:50:48+0200,9de41e72-ad84-4160-af68-c339f970a640,2026-07-10T17:15:00Z,2026-07-10T19:15:00+0200,2063.802,MW,NL,NL,actual_offshore_wind_generation,Wind Offshore | Actual Aggregated,2026-08-07T04:53:21Z
2026-08-07T04:50:48Z,2026-08-07T06:50:48+0200,9de41e72-ad84-4160-af68-c339f970a640,2026-07-10T17:15:00Z,2026-07-10T19:15:00+0200,14.511,MW,NL,NL,actual_offshore_wind_generation,Wind Offshore | Actual Consumption,2026-08-07T04:53:21Z
2026-08-07T04:50:48Z,2026-08-07T06:50:48+0200,9de41e72-ad84-4160-af68-c339f970a640,2026-07-10T17:30:00Z,2026-07-10T19:30:00+0200,2161.975,MW,NL,NL,actual_offshore_wind_generation,Wind Offshore | Actual Aggregated,2026-08-07T04:53:21Z
2026-08-07T04:50:48Z,2026-08-07T06:50:48+0200,9de41e72-ad84-4160-af68-c339f970a640,2026-07-10T17:30:00Z,2026-07-10T19:30:00+0200,15.901,MW,NL,NL,actual_offshore_wind_generation,Wind Offshore | Actual Consumption,2026-08-07T04:53:21Z
2026-08-07T04:50:48Z,2026-08-07T06:50:48+0200,9de41e72-ad84-4160-af68-c339f970a640,2026-07-10T17:45:00Z,2026-07-10T19:45:00+0200,2249.46,MW,NL,NL,actual_offshore_wind_generation,Wind Offshore | Actual Aggregated,2026-08-07T04:53:21Z
2026-08-07T04:50:48Z,2026-08-07T06:50:48+0200,9de41e72-ad84-4160-af68-c339f970a640,2026-07-10T17:45:00Z,2026-07-10T19:45:00+0200,15.585,MW,NL,NL,actual_offshore_wind_generation,Wind Offshore | Actual Consumption,2026-08-07T04:53:21Z
2026-08-07T04:50:48Z,2026-08-07T06:50:48+0200,9de41e72-ad84-4160-af68-c339f970a640,2026-07-10T18:00:00Z,2026-07-10T20:00:00+0200,2365.981,MW,NL,NL,actual_offshore_wind_generation,Wind Offshore | Actual Aggregated,2026-08-07T04:53:21Z
2026-08-07T04:50:48Z,2026-08-07T06:50:48+0200,9de41e72-ad84-4160-af68-c339f970a640,2026-07-10T18:00:00Z,2026-07-10T20:00:00+0200,16.809,MW,NL,NL,actual_offshore_wind_generation,Wind Offshore | Actual Consumption,2026-08-07T04:53:21Z
2026-08-07T04:50:48Z,2026-08-07T06:50:48+0200,9de41e72-ad84-4160-af68-c339f970a640,2026-07-10T18:15:00Z,2026-07-10T20:15:00+0200,2444.704,MW,NL,NL,actual_offshore_wind_generation,Wind Offshore | Actual Aggregated,2026-08-07T04:53:21Z
2026-08-07T04:50:48Z,2026-08-07T06:50:48+0200,9de41e72-ad84-4160-af68-c339f970a640,2026-07-10T18:15:00Z,2026-07-10T20:15:00+0200,16.876,MW,NL,NL,actual_offshore_wind_generation,Wind Offshore | Actual Consumption,2026-08-07T04:53:21Z
2026-08-07T04:50:48Z,2026-08-07T06:50:48+0200,9de41e72-ad84-4160-af68-c339f970a640,2026-07-10T18:30:00Z,2026-07-10T20:30:00+0200,2529.518,MW,NL,NL,actual_offshore_wind_generation,Wind Offshore | Actual Aggregated,2026-08-07T04:53:21Z
2026-08-07T04:50:48Z,2026-08-07T06:50:48+0200,9de41e72-ad84-4160-af68-c339f970a640,2026-07-10T18:30:00Z,2026-07-10T20:30:00+0200,17.062,MW,NL,NL,actual_offshore_wind_generation,Wind Offshore | Actual Consumption,2026-08-07T04:53:21Z
2026-08-07T04:50:48Z,2026-08-07T06:50:48+0200,9de41e72-ad84-4160-af68-c339f970a640,2026-07-10T18:45:00Z,2026-07-10T20:45:00+0200,2600.167,MW,NL,NL,actual_offshore_wind_generation,Wind Offshore | Actual Aggregated,2026-08-07T04:53:21Z
2026-08-07T04:50:48Z,2026-08-07T06:50:48+0200,9de41e72-ad84-4160-af68-c339f970a640,2026-07-10T18:45:00Z,2026-07-10T20:45:00+0200,18.624,MW,NL,NL,actual_offshore_wind_generation,Wind Offshore | Actual Consumption,2026-08-07T04:53:21Z
2026-08-07T04:50:48Z,2026-08-07T06:50:48+0200,9de41e72-ad84-4160-af68-c339f970a640,2026-07-10T19:00:00Z,2026-07-10T21:00:00+0200,2622.277,MW,NL,NL,actual_offshore_wind_generation,Wind Offshore | Actual Aggregated,2026-08-07T04:53:21Z
2026-08-07T04:50:48Z,2026-08-07T06:50:48+0200,9de41e72-ad84-4160-af68-c339f970a640,2026-07-10T19:00:00Z,2026-07-10T21:00:00+0200,18.599,MW,NL,NL,actual_offshore_wind_generation,Wind Offshore | Actual Consumption,2026-08-07T04:53:21Z
2026-08-07T04:50:48Z,2026-08-07T06:50:48+0200,9de41e72-ad84-4160-af68-c339f970a640,2026-07-10T19:15:00Z,2026-07-10T21:15:00+0200,2574.995,MW,NL,NL,actual_offshore_wind_generation,Wind Offshore | Actual Aggregated,2026-08-07T04:53:21Z
2026-08-07T04:50:48Z,2026-08-07T06:50:48+0200,9de41e72-ad84-4160-af68-c339f970a640,2026-07-10T19:15:00Z,2026-07-10T21:15:00+0200,17.965,MW,NL,NL,actual_offshore_wind_generation,Wind Offshore | Actual Consumption,2026-08-07T04:53:21Z
2026-08-07T04:50:48Z,2026-08-07T06:50:48+0200,9de41e72-ad84-4160-af68-c339f970a640,2026-07-10T19:30:00Z,2026-07-10T21:30:00+0200,2542.114,MW,NL,NL,actual_offshore_wind_generation,Wind Offshore | Actual Aggregated,2026-08-07T04:53:21Z
2026-08-07T04:50:48Z,2026-08-07T06:50:48+0200,9de41e72-ad84-4160-af68-c339f970a640,2026-07-10T19:30:00Z,2026-07-10T21:30:00+0200,16.063,MW,NL,NL,actual_offshore_wind_generation,Wind Offshore | Actual Consumption,2026-08-07T04:53:21Z
2026-08-07T04:50:48Z,2026-08-07T06:50:48+0200,9de41e72-ad84-4160-af68-c339f970a640,2026-07-10T19:45:00Z,2026-07-10T21:45:00+0200,2466.102,MW,NL,NL,actual_offshore_wind_generation,Wind Offshore | Actual Aggregated,2026-08-07T04:53:21Z
2026-08-07T04:50:48Z,2026-08-07T06:50:48+0200,9de41e72-ad84-4160-af68-c339f970a640,2026-07-10T19:45:00Z,2026-07-10T21:45:00+0200,14.558,MW,NL,NL,actual_offshore_wind_generation,Wind Offshore | Actual Consumption,2026-08-07T04:53:21Z
2026-08-07T04:50:48Z,2026-08-07T06:50:48+0200,9de41e72-ad84-4160-af68-c339f970a640,2026-07-10T20:00:00Z,2026-07-10T22:00:00+0200,2338.29,MW,NL,NL,actual_offshore_wind_generation,Wind Offshore | Actual Aggregated,2026-08-07T04:53:21Z
2026-08-07T04:50:48Z,2026-08-07T06:50:48+0200,9de41e72-ad84-4160-af68-c339f970a640,2026-07-10T20:00:00Z,2026-07-10T22:00:00+0200,12.979,MW,NL,NL,actual_offshore_wind_generation,Wind Offshore | Actual Consumption,2026-08-07T04:53:21Z
2026-08-07T04:50:48Z,2026-08-07T06:50:48+0200,9de41e72-ad84-4160-af68-c339f970a640,2026-07-10T20:15:00Z,2026-07-10T22:15:00+0200,2289.792,MW,NL,NL,actual_offshore_wind_generation,Wind Offshore | Actual Aggregated,2026-08-07T04:53:21Z
2026-08-07T04:50:48Z,2026-08-07T06:50:48+0200,9de41e72-ad84-4160-af68-c339f970a640,2026-07-10T20:15:00Z,2026-07-10T22:15:00+0200,12.16,MW,NL,NL,actual_offshore_wind_generation,Wind Offshore | Actual Consumption,2026-08-07T04:53:21Z
2026-08-07T04:50:48Z,2026-08-07T06:50:48+0200,9de41e72-ad84-4160-af68-c339f970a640,2026-07-10T20:30:00Z,2026-07-10T22:30:00+0200,2217.367,MW,NL,NL,actual_offshore_wind_generation,Wind Offshore | Actual Aggregated,2026-08-07T04:53:21Z
2026-08-07T04:50:48Z,2026-08-07T06:50:48+0200,9de41e72-ad84-4160-af68-c339f970a640,2026-07-10T20:30:00Z,2026-07-10T22:30:00+0200,10.917,MW,NL,NL,actual_offshore_wind_generation,Wind Offshore | Actual Consumption,2026-08-07T04:53:21Z
2026-08-07T04:50:48Z,2026-08-07T06:50:48+0200,9de41e72-ad84-4160-af68-c339f970a640,2026-07-10T20:45:00Z,2026-07-10T22:45:00+0200,2115.706,MW,NL,NL,actual_offshore_wind_generation,Wind Offshore | Actual Aggregated,2026-08-07T04:53:21Z
2026-08-07T04:50:48Z,2026-08-07T06:50:48+0200,9de41e72-ad84-4160-af68-c339f970a640,2026-07-10T20:45:00Z,2026-07-10T22:45:00+0200,10.633,MW,NL,NL,actual_offshore_wind_generation,Wind Offshore | Actual Consumption,2026-08-07T04:53:21Z
2026-08-07T04:50:48Z,2026-08-07T06:50:48+0200,9de41e72-ad84-4160-af68-c339f970a640,2026-07-10T21:00:00Z,2026-07-10T23:00:00+0200,2012.35,MW,NL,NL,actual_offshore_wind_generation,Wind Offshore | Actual Aggregated,2026-08-07T04:53:21Z
2026-08-07T04:50:48Z,2026-08-07T06:50:48+0200,9de41e72-ad84-4160-af68-c339f970a640,2026-07-10T21:00:00Z,2026-07-10T23:00:00+0200,9.557,MW,NL,NL,actual_offshore_wind_generation,Wind Offshore | Actual Consumption,2026-08-07T04:53:21Z
2026-08-07T04:50:48Z,2026-08-07T06:50:48+0200,9de41e72-ad84-4160-af68-c339f970a640,2026-07-10T21:15:00Z,2026-07-10T23:15:00+0200,1924.587,MW,NL,NL,actual_offshore_wind_generation,Wind Offshore | Actual Aggregated,2026-08-07T04:53:21Z
2026-08-07T04:50:48Z,2026-08-07T06:50:48+0200,9de41e72-ad84-4160-af68-c339f970a640,2026-07-10T21:15:00Z,2026-07-10T23:15:00+0200,9.075,MW,NL,NL,actual_offshore_wind_generation,Wind Offshore | Actual Consumption,2026-08-07T04:53:21Z
2026-08-07T04:50:48Z,2026-08-07T06:50:48+0200,9de41e72-ad84-4160-af68-c339f970a640,2026-07-10T21:30:00Z,2026-07-10T23:30:00+0200,1840.364,MW,NL,NL,actual_offshore_wind_generation,Wind Offshore | Actual Aggregated,2026-08-07T04:53:21Z
2026-08-07T04:50:48Z,2026-08-07T06:50:48+0200,9de41e72-ad84-4160-af68-c339f970a640,2026-07-10T21:30:00Z,2026-07-10T23:30:00+0200,9.434,MW,NL,NL,actual_offshore_wind_generation,Wind Offshore | Actual Consumption,2026-08-07T04:53:21Z
2026-08-07T04:50:48Z,2026-08-07T06:50:48+0200,9de41e72-ad84-4160-af68-c339f970a640,2026-07-10T21:45:00Z,2026-07-10T23:45:00+0200,1689.032,MW,NL,NL,actual_offshore_wind_generation,Wind Offshore | Actual Aggregated,2026-08-07T04:53:21Z
2026-08-07T04:50:48Z,2026-08-07T06:50:48+0200,9de41e72-ad84-4160-af68-c339f970a640,2026-07-10T21:45:00Z,2026-07-10T23:45:00+0200,11.214,MW,NL,NL,actual_offshore_wind_generation,Wind Offshore | Actual Consumption,2026-08-07T04:53:21Z
2026-08-07T04:50:48Z,2026-08-07T06:50:48+0200,9de41e72-ad84-4160-af68-c339f970a640,2026-07-10T22:00:00Z,2026-07-11T00:00:00+0200,1562.58,MW,NL,NL,actual_offshore_wind_generation,Wind Offshore | Actual Aggregated,2026-08-07T04:53:21Z
2026-08-07T04:50:48Z,2026-08-07T06:50:48+0200,9de41e72-ad84-4160-af68-c339f970a640,2026-07-10T22:00:00Z,2026-07-11T00:00:00+0200,11.073,MW,NL,NL,actual_offshore_wind_generation,Wind Offshore | Actual Consumption,2026-08-07T04:53:21Z
2026-08-07T04:50:48Z,2026-08-07T06:50:48+0200,9de41e72-ad84-4160-af68-c339f970a640,2026-07-10T22:15:00Z,2026-07-11T00:15:00+0200,1525.14,MW,NL,NL,actual_offshore_wind_generation,Wind Offshore | Actual Aggregated,2026-08-07T04:53:21Z
2026-08-07T04:50:48Z,2026-08-07T06:50:48+0200,9de41e72-ad84-4160-af68-c339f970a640,2026-07-10T22:15:00Z,2026-07-11T00:15:00+0200,13.359,MW,NL,NL,actual_offshore_wind_generation,Wind Offshore | Actual Consumption,2026-08-07T04:53:21Z
2026-08-07T04:50:48Z,2026-08-07T06:50:48+0200,9de41e72-ad84-4160-af68-c339f970a640,2026-07-10T22:30:00Z,2026-07-11T00:30:00+0200,1507.53,MW,NL,NL,actual_offshore_wind_generation,Wind Offshore | Actual Aggregated,2026-08-07T04:53:21Z
2026-08-07T04:50:48Z,2026-08-07T06:50:48+0200,9de41e72-ad84-4160-af68-c339f970a640,2026-07-10T22:30:00Z,2026-07-11T00:30:00+0200,12.412,MW,NL,NL,actual_offshore_wind_generation,Wind Offshore | Actual Consumption,2026-08-07T04:53:21Z
2026-08-07T04:50:48Z,2026-08-07T06:50:48+0200,9de41e72-ad84-4160-af68-c339f970a640,2026-07-10T22:45:00Z,2026-07-11T00:45:00+0200,1475.971,MW,NL,NL,actual_offshore_wind_generation,Wind Offshore | Actual Aggregated,2026-08-07T04:53:21Z
2026-08-07T04:50:48Z,2026-08-07T06:50:48+0200,9de41e72-ad84-4160-af68-c339f970a640,2026-07-10T22:45:00Z,2026-07-11T00:45:00+0200,12.122,MW,NL,NL,actual_offshore_wind_generation,Wind Offshore | Actual Consumption,2026-08-07T04:53:21Z
2026-08-07T04:50:48Z,2026-08-07T06:50:48+0200,9de41e72-ad84-4160-af68-c339f970a640,2026-07-10T23:00:00Z,2026-07-11T01:00:00+0200,1404.443,MW,NL,NL,actual_offshore_wind_generation,Wind Offshore | Actual Aggregated,2026-08-07T04:53:21Z
2026-08-07T04:50:48Z,2026-08-07T06:50:48+0200,9de41e72-ad84-4160-af68-c339f970a640,2026-07-10T23:00:00Z,2026-07-11T01:00:00+0200,11.406,MW,NL,NL,actual_offshore_wind_generation,Wind Offshore | Actual Consumption,2026-08-07T04:53:21Z
2026-08-07T04:50:48Z,2026-08-07T06:50:48+0200,9de41e72-ad84-4160-af68-c339f970a640,2026-07-10T23:15:00Z,2026-07-11T01:15:00+0200,1312.875,MW,NL,NL,actual_offshore_wind_generation,Wind Offshore | Actual Aggregated,2026-08-07T04:53:21Z
2026-08-07T04:50:48Z,2026-08-07T06:50:48+0200,9de41e72-ad84-4160-af68-c339f970a640,2026-07-10T23:15:00Z,2026-07-11T01:15:00+0200,10.096,MW,NL,NL,actual_offshore_wind_generation,Wind Offshore | Actual Consumption,2026-08-07T04:53:21Z
2026-08-07T04:50:48Z,2026-08-07T06:50:48+0200,9de41e72-ad84-4160-af68-c339f970a640,2026-07-10T23:30:00Z,2026-07-11T01:30:00+0200,1265.437,MW,NL,NL,actual_offshore_wind_generation,Wind Offshore | Actual Aggregated,2026-08-07T04:53:21Z
2026-08-07T04:50:48Z,2026-08-07T06:50:48+0200,9de41e72-ad84-4160-af68-c339f970a640,2026-07-10T23:30:00Z,2026-07-11T01:30:00+0200,9.907,MW,NL,NL,actual_offshore_wind_generation,Wind Offshore | Actual Consumption,2026-08-07T04:53:21Z
2026-08-07T04:50:48Z,2026-08-07T06:50:48+0200,9de41e72-ad84-4160-af68-c339f970a640,2026-07-10T23:45:00Z,2026-07-11T01:45:00+0200,1239.628,MW,NL,NL,actual_offshore_wind_generation,Wind Offshore | Actual Aggregated,2026-08-07T04:53:21Z
2026-08-07T04:50:48Z,2026-08-07T06:50:48+0200,9de41e72-ad84-4160-af68-c339f970a640,2026-07-10T23:45:00Z,2026-07-11T01:45:00+0200,10.592,MW,NL,NL,actual_offshore_wind_generation,Wind Offshore | Actual Consumption,2026-08-07T04:53:21Z
2026-08-07T04:50:48Z,2026-08-07T06:50:48+0200,9de41e72-ad84-4160-af68-c339f970a640,2026-07-11T00:00:00Z,2026-07-11T02:00:00+0200,1181.638,MW,NL,NL,actual_offshore_wind_generation,Wind Offshore | Actual Aggregated,2026-08-07T04:53:21Z
2026-08-07T04:50:48Z,2026-08-07T06:50:48+0200,9de41e72-ad84-4160-af68-c339f970a640,2026-07-11T00:00:00Z,2026-07-11T02:00:00+0200,10.561,MW,NL,NL,actual_offshore_wind_generation,Wind Offshore | Actual Consumption,2026-08-07T04:53:21Z
2026-08-07T04:50:48Z,2026-08-07T06:50:48+0200,9de41e72-ad84-4160-af68-c339f970a640,2026-07-11T00:15:00Z,2026-07-11T02:15:00+0200,1129.385,MW,NL,NL,actual_offshore_wind_generation,Wind Offshore | Actual Aggregated,2026-08-07T04:53:21Z
2026-08-07T04:50:48Z,2026-08-07T06:50:48+0200,9de41e72-ad84-4160-af68-c339f970a640,2026-07-11T00:15:00Z,2026-07-11T02:15:00+0200,9.736,MW,NL,NL,actual_offshore_wind_generation,Wind Offshore | Actual Consumption,2026-08-07T04:53:21Z
2026-08-07T04:50:48Z,2026-08-07T06:50:48+0200,9de41e72-ad84-4160-af68-c339f970a640,2026-07-11T00:30:00Z,2026-07-11T02:30:00+0200,1067.688,MW,NL,NL,actual_offshore_wind_generation,Wind Offshore | Actual Aggregated,2026-08-07T04:53:21Z
2026-08-07T04:50:48Z,2026-08-07T06:50:48+0200,9de41e72-ad84-4160-af68-c339f970a640,2026-07-11T00:30:00Z,2026-07-11T02:30:00+0200,9.217,MW,NL,NL,actual_offshore_wind_generation,Wind Offshore | Actual Consumption,2026-08-07T04:53:21Z
2026-08-07T04:50:48Z,2026-08-07T06:50:48+0200,9de41e72-ad84-4160-af68-c339f970a640,2026-07-11T00:45:00Z,2026-07-11T02:45:00+0200,971.802,MW,NL,NL,actual_offshore_wind_generation,Wind Offshore | Actual Aggregated,2026-08-07T04:53:21Z
2026-08-07T04:50:48Z,2026-08-07T06:50:48+0200,9de41e72-ad84-4160-af68-c339f970a640,2026-07-11T00:45:00Z,2026-07-11T02:45:00+0200,8.182,MW,NL,NL,actual_offshore_wind_generation,Wind Offshore | Actual Consumption,2026-08-07T04:53:21Z
2026-08-07T04:50:48Z,2026-08-07T06:50:48+0200,9de41e72-ad84-4160-af68-c339f970a640,2026-07-11T01:00:00Z,2026-07-11T03:00:00+0200,895.213,MW,NL,NL,actual_offshore_wind_generation,Wind Offshore | Actual Aggregated,2026-08-07T04:53:21Z
2026-08-07T04:50:48Z,2026-08-07T06:50:48+0200,9de41e72-ad84-4160-af68-c339f970a640,2026-07-11T01:00:00Z,2026-07-11T03:00:00+0200,7.402,MW,NL,NL,actual_offshore_wind_generation,Wind Offshore | Actual Consumption,2026-08-07T04:53:21Z
2026-08-07T04:50:48Z,2026-08-07T06:50:48+0200,9de41e72-ad84-4160-af68-c339f970a640,2026-07-11T01:15:00Z,2026-07-11T03:15:00+0200,879.895,MW,NL,NL,actual_offshore_wind_generation,Wind Offshore | Actual Aggregated,2026-08-07T04:53:21Z
2026-08-07T04:50:48Z,2026-08-07T06:50:48+0200,9de41e72-ad84-4160-af68-c339f970a640,2026-07-11T01:15:00Z,2026-07-11T03:15:00+0200,6.915,MW,NL,NL,actual_offshore_wind_generation,Wind Offshore | Actual Consumption,2026-08-07T04:53:21Z
2026-08-07T04:50:48Z,2026-08-07T06:50:48+0200,9de41e72-ad84-4160-af68-c339f970a640,2026-07-11T01:30:00Z,2026-07-11T03:30:00+0200,879.64,MW,NL,NL,actual_offshore_wind_generation,Wind Offshore | Actual Aggregated,2026-08-07T04:53:21Z
2026-08-07T04:50:48Z,2026-08-07T06:50:48+0200,9de41e72-ad84-4160-af68-c339f970a640,2026-07-11T01:30:00Z,2026-07-11T03:30:00+0200,6.604,MW,NL,NL,actual_offshore_wind_generation,Wind Offshore | Actual Consumption,2026-08-07T04:53:21Z
2026-08-07T04:50:48Z,2026-08-07T06:50:48+0200,9de41e72-ad84-4160-af68-c339f970a640,2026-07-11T01:45:00Z,2026-07-11T03:45:00+0200,856.308,MW,NL,NL,actual_offshore_wind_generation,Wind Offshore | Actual Aggregated,2026-08-07T04:53:21Z
2026-08-07T04:50:48Z,2026-08-07T06:50:48+0200,9de41e72-ad84-4160-af68-c339f970a640,2026-07-11T01:45:00Z,2026-07-11T03:45:00+0200,5.883,MW,NL,NL,actual_offshore_wind_generation,Wind Offshore | Actual Consumption,2026-08-07T04:53:21Z
2026-08-07T04:50:48Z,2026-08-07T06:50:48+0200,9de41e72-ad84-4160-af68-c339f970a640,2026-07-11T02:00:00Z,2026-07-11T04:00:00+0200,813.612,MW,NL,NL,actual_offshore_wind_generation,Wind Offshore | Actual Aggregated,2026-08-07T04:53:21Z
2026-08-07T04:50:48Z,2026-08-07T06:50:48+0200,9de41e72-ad84-4160-af68-c339f970a640,2026-07-11T02:00:00Z,2026-07-11T04:00:00+0200,5.999,MW,NL,NL,actual_offshore_wind_generation,Wind Offshore | Actual Consumption,2026-08-07T04:53:21Z
2026-08-07T04:50:48Z,2026-08-07T06:50:48+0200,9de41e72-ad84-4160-af68-c339f970a640,2026-07-11T02:15:00Z,2026-07-11T04:15:00+0200,756.573,MW,NL,NL,actual_offshore_wind_generation,Wind Offshore | Actual Aggregated,2026-08-07T04:53:21Z
2026-08-07T04:50:48Z,2026-08-07T06:50:48+0200,9de41e72-ad84-4160-af68-c339f970a640,2026-07-11T02:15:00Z,2026-07-11T04:15:00+0200,7.304,MW,NL,NL,actual_offshore_wind_generation,Wind Offshore | Actual Consumption,2026-08-07T04:53:21Z
2026-08-07T04:50:48Z,2026-08-07T06:50:48+0200,9de41e72-ad84-4160-af68-c339f970a640,2026-07-11T02:30:00Z,2026-07-11T04:30:00+0200,716.714,MW,NL,NL,actual_offshore_wind_generation,Wind Offshore | Actual Aggregated,2026-08-07T04:53:21Z
2026-08-07T04:50:48Z,2026-08-07T06:50:48+0200,9de41e72-ad84-4160-af68-c339f970a640,2026-07-11T02:30:00Z,2026-07-11T04:30:00+0200,8.584,MW,NL,NL,actual_offshore_wind_generation,Wind Offshore | Actual Consumption,2026-08-07T04:53:21Z
2026-08-07T04:50:48Z,2026-08-07T06:50:48+0200,9de41e72-ad84-4160-af68-c339f970a640,2026-07-11T02:45:00Z,2026-07-11T04:45:00+0200,699.8,MW,NL,NL,actual_offshore_wind_generation,Wind Offshore | Actual Aggregated,2026-08-07T04:53:21Z
2026-08-07T04:50:48Z,2026-08-07T06:50:48+0200,9de41e72-ad84-4160-af68-c339f970a640,2026-07-11T02:45:00Z,2026-07-11T04:45:00+0200,9.811,MW,NL,NL,actual_offshore_wind_generation,Wind Offshore | Actual Consumption,2026-08-07T04:53:21Z
2026-08-07T04:50:48Z,2026-08-07T06:50:48+0200,9de41e72-ad84-4160-af68-c339f970a640,2026-07-11T03:00:00Z,2026-07-11T05:00:00+0200,669.63,MW,NL,NL,actual_offshore_wind_generation,Wind Offshore | Actual Aggregated,2026-08-07T04:53:21Z
2026-08-07T04:50:48Z,2026-08-07T06:50:48+0200,9de41e72-ad84-4160-af68-c339f970a640,2026-07-11T03:00:00Z,2026-07-11T05:00:00+0200,8.941,MW,NL,NL,actual_offshore_wind_generation,Wind Offshore | Actual Consumption,2026-08-07T04:53:21Z
2026-08-07T04:50:48Z,2026-08-07T06:50:48+0200,9de41e72-ad84-4160-af68-c339f970a640,2026-07-11T03:15:00Z,2026-07-11T05:15:00+0200,617.952,MW,NL,NL,actual_offshore_wind_generation,Wind Offshore | Actual Aggregated,2026-08-07T04:53:21Z
2026-08-07T04:50:48Z,2026-08-07T06:50:48+0200,9de41e72-ad84-4160-af68-c339f970a640,2026-07-11T03:15:00Z,2026-07-11T05:15:00+0200,6.498,MW,NL,NL,actual_offshore_wind_generation,Wind Offshore | Actual Consumption,2026-08-07T04:53:21Z
2026-08-07T04:50:48Z,2026-08-07T06:50:48+0200,9de41e72-ad84-4160-af68-c339f970a640,2026-07-11T03:30:00Z,2026-07-11T05:30:00+0200,622.543,MW,NL,NL,actual_offshore_wind_generation,Wind Offshore | Actual Aggregated,2026-08-07T04:53:21Z
2026-08-07T04:50:48Z,2026-08-07T06:50:48+0200,9de41e72-ad84-4160-af68-c339f970a640,2026-07-11T03:30:00Z,2026-07-11T05:30:00+0200,5.772,MW,NL,NL,actual_offshore_wind_generation,Wind Offshore | Actual Consumption,2026-08-07T04:53:21Z
2026-08-07T04:50:48Z,2026-08-07T06:50:48+0200,9de41e72-ad84-4160-af68-c339f970a640,2026-07-11T03:45:00Z,2026-07-11T05:45:00+0200,628.409,MW,NL,NL,actual_offshore_wind_generation,Wind Offshore | Actual Aggregated,2026-08-07T04:53:21Z
2026-08-07T04:50:48Z,2026-08-07T06:50:48+0200,9de41e72-ad84-4160-af68-c339f970a640,2026-07-11T03:45:00Z,2026-07-11T05:45:00+0200,3.407,MW,NL,NL,actual_offshore_wind_generation,Wind Offshore | Actual Consumption,2026-08-07T04:53:21Z
2026-08-07T04:50:48Z,2026-08-07T06:50:48+0200,9de41e72-ad84-4160-af68-c339f970a640,2026-07-11T04:00:00Z,2026-07-11T06:00:00+0200,620.119,MW,NL,NL,actual_offshore_wind_generation,Wind Offshore | Actual Aggregated,2026-08-07T04:53:21Z
2026-08-07T04:50:48Z,2026-08-07T06:50:48+0200,9de41e72-ad84-4160-af68-c339f970a640,2026-07-11T04:00:00Z,2026-07-11T06:00:00+0200,3.93,MW,NL,NL,actual_offshore_wind_generation,Wind Offshore | Actual Consumption,2026-08-07T04:53:21Z
2026-08-07T04:50:48Z,2026-08-07T06:50:48+0200,9de41e72-ad84-4160-af68-c339f970a640,2026-07-11T04:15:00Z,2026-07-11T06:15:00+0200,604.665,MW,NL,NL,actual_offshore_wind_generation,Wind Offshore | Actual Aggregated,2026-08-07T04:53:21Z
2026-08-07T04:50:48Z,2026-08-07T06:50:48+0200,9de41e72-ad84-4160-af68-c339f970a640,2026-07-11T04:15:00Z,2026-07-11T06:15:00+0200,3.737,MW,NL,NL,actual_offshore_wind_generation,Wind Offshore | Actual Consumption,2026-08-07T04:53:21Z
2026-08-07T04:50:48Z,2026-08-07T06:50:48+0200,9de41e72-ad84-4160-af68-c339f970a640,2026-07-11T04:30:00Z,2026-07-11T06:30:00+0200,600.763,MW,NL,NL,actual_offshore_wind_generation,Wind Offshore | Actual Aggregated,2026-08-07T04:53:21Z
2026-08-07T04:50:48Z,2026-08-07T06:50:48+0200,9de41e72-ad84-4160-af68-c339f970a640,2026-07-11T04:30:00Z,2026-07-11T06:30:00+0200,5.026,MW,NL,NL,actual_offshore_wind_generation,Wind Offshore | Actual Consumption,2026-08-07T04:53:21Z
2026-08-07T04:50:48Z,2026-08-07T06:50:48+0200,9de41e72-ad84-4160-af68-c339f970a640,2026-07-11T04:45:00Z,2026-07-11T06:45:00+0200,604.151,MW,NL,NL,actual_offshore_wind_generation,Wind Offshore | Actual Aggregated,2026-08-07T04:53:21Z
2026-08-07T04:50:48Z,2026-08-07T06:50:48+0200,9de41e72-ad84-4160-af68-c339f970a640,2026-07-11T04:45:00Z,2026-07-11T06:45:00+0200,5.972,MW,NL,NL,actual_offshore_wind_generation,Wind Offshore | Actual Consumption,2026-08-07T04:53:21Z
2026-08-07T04:50:48Z,2026-08-07T06:50:48+0200,9de41e72-ad84-4160-af68-c339f970a640,2026-07-11T05:00:00Z,2026-07-11T07:00:00+0200,630.814,MW,NL,NL,actual_offshore_wind_generation,Wind Offshore | Actual Aggregated,2026-08-07T04:53:21Z
2026-08-07T04:50:48Z,2026-08-07T06:50:48+0200,9de41e72-ad84-4160-af68-c339f970a640,2026-07-11T05:00:00Z,2026-07-11T07:00:00+0200,7.61,MW,NL,NL,actual_offshore_wind_generation,Wind Offshore | Actual Consumption,2026-08-07T04:53:21Z
2026-08-07T04:50:48Z,2026-08-07T06:50:48+0200,9de41e72-ad84-4160-af68-c339f970a640,2026-07-11T05:15:00Z,2026-07-11T07:15:00+0200,635.415,MW,NL,NL,actual_offshore_wind_generation,Wind Offshore | Actual Aggregated,2026-08-07T04:53:21Z
2026-08-07T04:50:48Z,2026-08-07T06:50:48+0200,9de41e72-ad84-4160-af68-c339f970a640,2026-07-11T05:15:00Z,2026-07-11T07:15:00+0200,10.051,MW,NL,NL,actual_offshore_wind_generation,Wind Offshore | Actual Consumption,2026-08-07T04:53:21Z
2026-08-07T04:50:48Z,2026-08-07T06:50:48+0200,9de41e72-ad84-4160-af68-c339f970a640,2026-07-11T05:30:00Z,2026-07-11T07:30:00+0200,662.844,MW,NL,NL,actual_offshore_wind_generation,Wind Offshore | Actual Aggregated,2026-08-07T04:53:21Z
2026-08-07T04:50:48Z,2026-08-07T06:50:48+0200,9de41e72-ad84-4160-af68-c339f970a640,2026-07-11T05:30:00Z,2026-07-11T07:30:00+0200,5.56,MW,NL,NL,actual_offshore_wind_generation,Wind Offshore | Actual Consumption,2026-08-07T04:53:21Z
2026-08-07T04:50:48Z,2026-08-07T06:50:48+0200,9de41e72-ad84-4160-af68-c339f970a640,2026-07-11T05:45:00Z,2026-07-11T07:45:00+0200,663.816,MW,NL,NL,actual_offshore_wind_generation,Wind Offshore | Actual Aggregated,2026-08-07T04:53:21Z
2026-08-07T04:50:48Z,2026-08-07T06:50:48+0200,9de41e72-ad84-4160-af68-c339f970a640,2026-07-11T05:45:00Z,2026-07-11T07:45:00+0200,5.113,MW,NL,NL,actual_offshore_wind_generation,Wind Offshore | Actual Consumption,2026-08-07T04:53:21Z
2026-08-07T04:50:48Z,2026-08-07T06:50:48+0200,9de41e72-ad84-4160-af68-c339f970a640,2026-07-11T06:00:00Z,2026-07-11T08:00:00+0200,676.21,MW,NL,NL,actual_offshore_wind_generation,Wind Offshore | Actual Aggregated,2026-08-07T04:53:21Z
2026-08-07T04:50:48Z,2026-08-07T06:50:48+0200,9de41e72-ad84-4160-af68-c339f970a640,2026-07-11T06:00:00Z,2026-07-11T08:00:00+0200,4.492,MW,NL,NL,actual_offshore_wind_generation,Wind Offshore | Actual Consumption,2026-08-07T04:53:21Z
2026-08-07T04:50:48Z,2026-08-07T06:50:48+0200,9de41e72-ad84-4160-af68-c339f970a640,2026-07-11T06:15:00Z,2026-07-11T08:15:00+0200,691.536,MW,NL,NL,actual_offshore_wind_generation,Wind Offshore | Actual Aggregated,2026-08-07T04:53:21Z
2026-08-07T04:50:48Z,2026-08-07T06:50:48+0200,9de41e72-ad84-4160-af68-c339f970a640,2026-07-11T06:15:00Z,2026-07-11T08:15:00+0200,4.398,MW,NL,NL,actual_offshore_wind_generation,Wind Offshore | Actual Consumption,2026-08-07T04:53:21Z
2026-08-07T04:50:48Z,2026-08-07T06:50:48+0200,9de41e72-ad84-4160-af68-c339f970a640,2026-07-11T06:30:00Z,2026-07-11T08:30:00+0200,716.204,MW,NL,NL,actual_offshore_wind_generation,Wind Offshore | Actual Aggregated,2026-08-07T04:53:21Z
2026-08-07T04:50:48Z,2026-08-07T06:50:48+0200,9de41e72-ad84-4160-af68-c339f970a640,2026-07-11T06:30:00Z,2026-07-11T08:30:00+0200,4.853,MW,NL,NL,actual_offshore_wind_generation,Wind Offshore | Actual Consumption,2026-08-07T04:53:21Z
2026-08-07T04:50:48Z,2026-08-07T06:50:48+0200,9de41e72-ad84-4160-af68-c339f970a640,2026-07-11T06:45:00Z,2026-07-11T08:45:00+0200,721.238,MW,NL,NL,actual_offshore_wind_generation,Wind Offshore | Actual Aggregated,2026-08-07T04:53:21Z
2026-08-07T04:50:48Z,2026-08-07T06:50:48+0200,9de41e72-ad84-4160-af68-c339f970a640,2026-07-11T06:45:00Z,2026-07-11T08:45:00+0200,7.25,MW,NL,NL,actual_offshore_wind_generation,Wind Offshore | Actual Consumption,2026-08-07T04:53:21Z
2026-08-07T04:50:48Z,2026-08-07T06:50:48+0200,9de41e72-ad84-4160-af68-c339f970a640,2026-07-11T07:00:00Z,2026-07-11T09:00:00+0200,696.431,MW,NL,NL,actual_offshore_wind_generation,Wind Offshore | Actual Aggregated,2026-08-07T04:53:21Z
2026-08-07T04:50:48Z,2026-08-07T06:50:48+0200,9de41e72-ad84-4160-af68-c339f970a640,2026-07-11T07:00:00Z,2026-07-11T09:00:00+0200,7.693,MW,NL,NL,actual_offshore_wind_generation,Wind Offshore | Actual Consumption,2026-08-07T04:53:21Z
2026-08-07T04:50:48Z,2026-08-07T06:50:48+0200,9de41e72-ad84-4160-af68-c339f970a640,2026-07-11T07:15:00Z,2026-07-11T09:15:00+0200,662.331,MW,NL,NL,actual_offshore_wind_generation,Wind Offshore | Actual Aggregated,2026-08-07T04:53:21Z
2026-08-07T04:50:48Z,2026-08-07T06:50:48+0200,9de41e72-ad84-4160-af68-c339f970a640,2026-07-11T07:15:00Z,2026-07-11T09:15:00+0200,6.936,MW,NL,NL,actual_offshore_wind_generation,Wind Offshore | Actual Consumption,2026-08-07T04:53:21Z
2026-08-07T04:50:48Z,2026-08-07T06:50:48+0200,9de41e72-ad84-4160-af68-c339f970a640,2026-07-11T07:30:00Z,2026-07-11T09:30:00+0200,620.367,MW,NL,NL,actual_offshore_wind_generation,Wind Offshore | Actual Aggregated,2026-08-07T04:53:21Z
2026-08-07T04:50:48Z,2026-08-07T06:50:48+0200,9de41e72-ad84-4160-af68-c339f970a640,2026-07-11T07:30:00Z,2026-07-11T09:30:00+0200,7.255,MW,NL,NL,actual_offshore_wind_generation,Wind Offshore | Actual Consumption,2026-08-07T04:53:21Z
2026-08-07T04:50:48Z,2026-08-07T06:50:48+0200,9de41e72-ad84-4160-af68-c339f970a640,2026-07-11T07:45:00Z,2026-07-11T09:45:00+0200,618.001,MW,NL,NL,actual_offshore_wind_generation,Wind Offshore | Actual Aggregated,2026-08-07T04:53:21Z
2026-08-07T04:50:48Z,2026-08-07T06:50:48+0200,9de41e72-ad84-4160-af68-c339f970a640,2026-07-11T07:45:00Z,2026-07-11T09:45:00+0200,9.157,MW,NL,NL,actual_offshore_wind_generation,Wind Offshore | Actual Consumption,2026-08-07T04:53:21Z
2026-08-07T04:50:48Z,2026-08-07T06:50:48+0200,9de41e72-ad84-4160-af68-c339f970a640,2026-07-11T08:00:00Z,2026-07-11T10:00:00+0200,584.061,MW,NL,NL,actual_offshore_wind_generation,Wind Offshore | Actual Aggregated,2026-08-07T04:53:21Z
2026-08-07T04:50:48Z,2026-08-07T06:50:48+0200,9de41e72-ad84-4160-af68-c339f970a640,2026-07-11T08:00:00Z,2026-07-11T10:00:00+0200,8.142,MW,NL,NL,actual_offshore_wind_generation,Wind Offshore | Actual Consumption,2026-08-07T04:53:21Z
2026-08-07T04:50:48Z,2026-08-07T06:50:48+0200,9de41e72-ad84-4160-af68-c339f970a640,2026-07-11T08:15:00Z,2026-07-11T10:15:00+0200,567.873,MW,NL,NL,actual_offshore_wind_generation,Wind Offshore | Actual Aggregated,2026-08-07T04:53:21Z
2026-08-07T04:50:48Z,2026-08-07T06:50:48+0200,9de41e72-ad84-4160-af68-c339f970a640,2026-07-11T08:15:00Z,2026-07-11T10:15:00+0200,6.803,MW,NL,NL,actual_offshore_wind_generation,Wind Offshore | Actual Consumption,2026-08-07T04:53:21Z
2026-08-07T04:50:48Z,2026-08-07T06:50:48+0200,9de41e72-ad84-4160-af68-c339f970a640,2026-07-11T08:30:00Z,2026-07-11T10:30:00+0200,596.285,MW,NL,NL,actual_offshore_wind_generation,Wind Offshore | Actual Aggregated,2026-08-07T04:53:21Z
2026-08-07T04:50:48Z,2026-08-07T06:50:48+0200,9de41e72-ad84-4160-af68-c339f970a640,2026-07-11T08:30:00Z,2026-07-11T10:30:00+0200,5.195,MW,NL,NL,actual_offshore_wind_generation,Wind Offshore | Actual Consumption,2026-08-07T04:53:21Z
2026-08-07T04:50:48Z,2026-08-07T06:50:48+0200,9de41e72-ad84-4160-af68-c339f970a640,2026-07-11T08:45:00Z,2026-07-11T10:45:00+0200,592.898,MW,NL,NL,actual_offshore_wind_generation,Wind Offshore | Actual Aggregated,2026-08-07T04:53:21Z
2026-08-07T04:50:48Z,2026-08-07T06:50:48+0200,9de41e72-ad84-4160-af68-c339f970a640,2026-07-11T08:45:00Z,2026-07-11T10:45:00+0200,4.605,MW,NL,NL,actual_offshore_wind_generation,Wind Offshore | Actual Consumption,2026-08-07T04:53:21Z
2026-08-07T04:50:48Z,2026-08-07T06:50:48+0200,9de41e72-ad84-4160-af68-c339f970a640,2026-07-11T09:00:00Z,2026-07-11T11:00:00+0200,605.676,MW,NL,NL,actual_offshore_wind_generation,Wind Offshore | Actual Aggregated,2026-08-07T04:53:21Z
2026-08-07T04:50:48Z,2026-08-07T06:50:48+0200,9de41e72-ad84-4160-af68-c339f970a640,2026-07-11T09:00:00Z,2026-07-11T11:00:00+0200,5.185,MW,NL,NL,actual_offshore_wind_generation,Wind Offshore | Actual Consumption,2026-08-07T04:53:21Z
2026-08-07T04:50:48Z,2026-08-07T06:50:48+0200,9de41e72-ad84-4160-af68-c339f970a640,2026-07-11T09:15:00Z,2026-07-11T11:15:00+0200,374.922,MW,NL,NL,actual_offshore_wind_generation,Wind Offshore | Actual Aggregated,2026-08-07T04:53:21Z
2026-08-07T04:50:48Z,2026-08-07T06:50:48+0200,9de41e72-ad84-4160-af68-c339f970a640,2026-07-11T09:15:00Z,2026-07-11T11:15:00+0200,5.949,MW,NL,NL,actual_offshore_wind_generation,Wind Offshore | Actual Consumption,2026-08-07T04:53:21Z
2026-08-07T04:50:48Z,2026-08-07T06:50:48+0200,9de41e72-ad84-4160-af68-c339f970a640,2026-07-11T09:30:00Z,2026-07-11T11:30:00+0200,355.793,MW,NL,NL,actual_offshore_wind_generation,Wind Offshore | Actual Aggregated,2026-08-07T04:53:21Z
2026-08-07T04:50:48Z,2026-08-07T06:50:48+0200,9de41e72-ad84-4160-af68-c339f970a640,2026-07-11T09:30:00Z,2026-07-11T11:30:00+0200,5.661,MW,NL,NL,actual_offshore_wind_generation,Wind Offshore | Actual Consumption,2026-08-07T04:53:21Z
2026-08-07T04:50:48Z,2026-08-07T06:50:48+0200,9de41e72-ad84-4160-af68-c339f970a640,2026-07-11T09:45:00Z,2026-07-11T11:45:00+0200,312.888,MW,NL,NL,actual_offshore_wind_generation,Wind Offshore | Actual Aggregated,2026-08-07T04:53:21Z
2026-08-07T04:50:48Z,2026-08-07T06:50:48+0200,9de41e72-ad84-4160-af68-c339f970a640,2026-07-11T09:45:00Z,2026-07-11T11:45:00+0200,7.543,MW,NL,NL,actual_offshore_wind_generation,Wind Offshore | Actual Consumption,2026-08-07T04:53:21Z
2026-08-07T04:50:48Z,2026-08-07T06:50:48+0200,9de41e72-ad84-4160-af68-c339f970a640,2026-07-11T10:00:00Z,2026-07-11T12:00:00+0200,363.009,MW,NL,NL,actual_offshore_wind_generation,Wind Offshore | Actual Aggregated,2026-08-07T04:53:21Z
2026-08-07T04:50:48Z,2026-08-07T06:50:48+0200,9de41e72-ad84-4160-af68-c339f970a640,2026-07-11T10:00:00Z,2026-07-11T12:00:00+0200,10.425,MW,NL,NL,actual_offshore_wind_generation,Wind Offshore | Actual Consumption,2026-08-07T04:53:21Z
2026-08-07T04:50:48Z,2026-08-07T06:50:48+0200,9de41e72-ad84-4160-af68-c339f970a640,2026-07-11T10:15:00Z,2026-07-11T12:15:00+0200,252.319,MW,NL,NL,actual_offshore_wind_generation,Wind Offshore | Actual Aggregated,2026-08-07T04:53:21Z
2026-08-07T04:50:48Z,2026-08-07T06:50:48+0200,9de41e72-ad84-4160-af68-c339f970a640,2026-07-11T10:15:00Z,2026-07-11T12:15:00+0200,7.77,MW,NL,NL,actual_offshore_wind_generation,Wind Offshore | Actual Consumption,2026-08-07T04:53:21Z
2026-08-07T04:50:48Z,2026-08-07T06:50:48+0200,9de41e72-ad84-4160-af68-c339f970a640,2026-07-11T10:30:00Z,2026-07-11T12:30:00+0200,244.143,MW,NL,NL,actual_offshore_wind_generation,Wind Offshore | Actual Aggregated,2026-08-07T04:53:21Z
2026-08-07T04:50:48Z,2026-08-07T06:50:48+0200,9de41e72-ad84-4160-af68-c339f970a640,2026-07-11T10:30:00Z,2026-07-11T12:30:00+0200,7.903,MW,NL,NL,actual_offshore_wind_generation,Wind Offshore | Actual Consumption,2026-08-07T04:53:21Z
2026-08-07T04:50:48Z,2026-08-07T06:50:48+0200,9de41e72-ad84-4160-af68-c339f970a640,2026-07-11T10:45:00Z,2026-07-11T12:45:00+0200,184.153,MW,NL,NL,actual_offshore_wind_generation,Wind Offshore | Actual Aggregated,2026-08-07T04:53:21Z
2026-08-07T04:50:48Z,2026-08-07T06:50:48+0200,9de41e72-ad84-4160-af68-c339f970a640,2026-07-11T10:45:00Z,2026-07-11T12:45:00+0200,9.528,MW,NL,NL,actual_offshore_wind_generation,Wind Offshore | Actual Consumption,2026-08-07T04:53:21Z
2026-08-07T04:50:48Z,2026-08-07T06:50:48+0200,9de41e72-ad84-4160-af68-c339f970a640,2026-07-11T11:00:00Z,2026-07-11T13:00:00+0200,337.415,MW,NL,NL,actual_offshore_wind_generation,Wind Offshore | Actual Aggregated,2026-08-07T04:53:21Z
2026-08-07T04:50:48Z,2026-08-07T06:50:48+0200,9de41e72-ad84-4160-af68-c339f970a640,2026-07-11T11:00:00Z,2026-07-11T13:00:00+0200,9.71,MW,NL,NL,actual_offshore_wind_generation,Wind Offshore | Actual Consumption,2026-08-07T04:53:21Z
2026-08-07T04:50:48Z,2026-08-07T06:50:48+0200,9de41e72-ad84-4160-af68-c339f970a640,2026-07-11T11:15:00Z,2026-07-11T13:15:00+0200,438.828,MW,NL,NL,actual_offshore_wind_generation,Wind Offshore | Actual Aggregated,2026-08-07T04:53:21Z
2026-08-07T04:50:48Z,2026-08-07T06:50:48+0200,9de41e72-ad84-4160-af68-c339f970a640,2026-07-11T11:15:00Z,2026-07-11T13:15:00+0200,7.607,MW,NL,NL,actual_offshore_wind_generation,Wind Offshore | Actual Consumption,2026-08-07T04:53:21Z
2026-08-07T04:50:48Z,2026-08-07T06:50:48+0200,9de41e72-ad84-4160-af68-c339f970a640,2026-07-11T11:30:00Z,2026-07-11T13:30:00+0200,483.9,MW,NL,NL,actual_offshore_wind_generation,Wind Offshore | Actual Aggregated,2026-08-07T04:53:21Z
2026-08-07T04:50:48Z,2026-08-07T06:50:48+0200,9de41e72-ad84-4160-af68-c339f970a640,2026-07-11T11:30:00Z,2026-07-11T13:30:00+0200,6.623,MW,NL,NL,actual_offshore_wind_generation,Wind Offshore | Actual Consumption,2026-08-07T04:53:21Z
2026-08-07T04:50:48Z,2026-08-07T06:50:48+0200,9de41e72-ad84-4160-af68-c339f970a640,2026-07-11T11:45:00Z,2026-07-11T13:45:00+0200,498.079,MW,NL,NL,actual_offshore_wind_generation,Wind Offshore | Actual Aggregated,2026-08-07T04:53:21Z
2026-08-07T04:50:48Z,2026-08-07T06:50:48+0200,9de41e72-ad84-4160-af68-c339f970a640,2026-07-11T11:45:00Z,2026-07-11T13:45:00+0200,4.724,MW,NL,NL,actual_offshore_wind_generation,Wind Offshore | Actual Consumption,2026-08-07T04:53:21Z
2026-08-07T04:50:48Z,2026-08-07T06:50:48+0200,9de41e72-ad84-4160-af68-c339f970a640,2026-07-11T12:00:00Z,2026-07-11T14:00:00+0200,517.695,MW,NL,NL,actual_offshore_wind_generation,Wind Offshore | Actual Aggregated,2026-08-07T04:53:21Z
2026-08-07T04:50:48Z,2026-08-07T06:50:48+0200,9de41e72-ad84-4160-af68-c339f970a640,2026-07-11T12:00:00Z,2026-07-11T14:00:00+0200,2.444,MW,NL,NL,actual_offshore_wind_generation,Wind Offshore | Actual Consumption,2026-08-07T04:53:21Z
2026-08-07T04:50:48Z,2026-08-07T06:50:48+0200,9de41e72-ad84-4160-af68-c339f970a640,2026-07-11T12:15:00Z,2026-07-11T14:15:00+0200,577.07,MW,NL,NL,actual_offshore_wind_generation,Wind Offshore | Actual Aggregated,2026-08-07T04:53:21Z
2026-08-07T04:50:48Z,2026-08-07T06:50:48+0200,9de41e72-ad84-4160-af68-c339f970a640,2026-07-11T12:15:00Z,2026-07-11T14:15:00+0200,4.094,MW,NL,NL,actual_offshore_wind_generation,Wind Offshore | Actual Consumption,2026-08-07T04:53:21Z
2026-08-07T04:50:48Z,2026-08-07T06:50:48+0200,9de41e72-ad84-4160-af68-c339f970a640,2026-07-11T12:30:00Z,2026-07-11T14:30:00+0200,693.468,MW,NL,NL,actual_offshore_wind_generation,Wind Offshore | Actual Aggregated,2026-08-07T04:53:21Z
2026-08-07T04:50:48Z,2026-08-07T06:50:48+0200,9de41e72-ad84-4160-af68-c339f970a640,2026-07-11T12:30:00Z,2026-07-11T14:30:00+0200,5.462,MW,NL,NL,actual_offshore_wind_generation,Wind Offshore | Actual Consumption,2026-08-07T04:53:21Z
2026-08-07T04:50:48Z,2026-08-07T06:50:48+0200,9de41e72-ad84-4160-af68-c339f970a640,2026-07-11T12:45:00Z,2026-07-11T14:45:00+0200,690.844,MW,NL,NL,actual_offshore_wind_generation,Wind Offshore | Actual Aggregated,2026-08-07T04:53:21Z
2026-08-07T04:50:48Z,2026-08-07T06:50:48+0200,9de41e72-ad84-4160-af68-c339f970a640,2026-07-11T12:45:00Z,2026-07-11T14:45:00+0200,7.728,MW,NL,NL,actual_offshore_wind_generation,Wind Offshore | Actual Consumption,2026-08-07T04:53:21Z
2026-08-07T04:50:48Z,2026-08-07T06:50:48+0200,9de41e72-ad84-4160-af68-c339f970a640,2026-07-11T13:00:00Z,2026-07-11T15:00:00+0200,630.446,MW,NL,NL,actual_offshore_wind_generation,Wind Offshore | Actual Aggregated,2026-08-07T04:53:21Z
2026-08-07T04:50:48Z,2026-08-07T06:50:48+0200,9de41e72-ad84-4160-af68-c339f970a640,2026-07-11T13:00:00Z,2026-07-11T15:00:00+0200,7.041,MW,NL,NL,actual_offshore_wind_generation,Wind Offshore | Actual Consumption,2026-08-07T04:53:21Z
2026-08-07T04:50:48Z,2026-08-07T06:50:48+0200,9de41e72-ad84-4160-af68-c339f970a640,2026-07-11T13:15:00Z,2026-07-11T15:15:00+0200,799.434,MW,NL,NL,actual_offshore_wind_generation,Wind Offshore | Actual Aggregated,2026-08-07T04:53:21Z
2026-08-07T04:50:48Z,2026-08-07T06:50:48+0200,9de41e72-ad84-4160-af68-c339f970a640,2026-07-11T13:15:00Z,2026-07-11T15:15:00+0200,7.953,MW,NL,NL,actual_offshore_wind_generation,Wind Offshore | Actual Consumption,2026-08-07T04:53:21Z
2026-08-07T04:50:48Z,2026-08-07T06:50:48+0200,9de41e72-ad84-4160-af68-c339f970a640,2026-07-11T13:30:00Z,2026-07-11T15:30:00+0200,1033.857,MW,NL,NL,actual_offshore_wind_generation,Wind Offshore | Actual Aggregated,2026-08-07T04:53:21Z
2026-08-07T04:50:48Z,2026-08-07T06:50:48+0200,9de41e72-ad84-4160-af68-c339f970a640,2026-07-11T13:30:00Z,2026-07-11T15:30:00+0200,3.519,MW,NL,NL,actual_offshore_wind_generation,Wind Offshore | Actual Consumption,2026-08-07T04:53:21Z
2026-08-07T04:50:48Z,2026-08-07T06:50:48+0200,9de41e72-ad84-4160-af68-c339f970a640,2026-07-11T13:45:00Z,2026-07-11T15:45:00+0200,1076.52,MW,NL,NL,actual_offshore_wind_generation,Wind Offshore | Actual Aggregated,2026-08-07T04:53:21Z
2026-08-07T04:50:48Z,2026-08-07T06:50:48+0200,9de41e72-ad84-4160-af68-c339f970a640,2026-07-11T13:45:00Z,2026-07-11T15:45:00+0200,6.591,MW,NL,NL,actual_offshore_wind_generation,Wind Offshore | Actual Consumption,2026-08-07T04:53:21Z
2026-08-07T04:50:48Z,2026-08-07T06:50:48+0200,9de41e72-ad84-4160-af68-c339f970a640,2026-07-11T14:00:00Z,2026-07-11T16:00:00+0200,1174.834,MW,NL,NL,actual_offshore_wind_generation,Wind Offshore | Actual Aggregated,2026-08-07T04:53:21Z
2026-08-07T04:50:48Z,2026-08-07T06:50:48+0200,9de41e72-ad84-4160-af68-c339f970a640,2026-07-11T14:00:00Z,2026-07-11T16:00:00+0200,3.466,MW,NL,NL,actual_offshore_wind_generation,Wind Offshore | Actual Consumption,2026-08-07T04:53:21Z
2026-08-07T04:50:48Z,2026-08-07T06:50:48+0200,9de41e72-ad84-4160-af68-c339f970a640,2026-07-11T14:15:00Z,2026-07-11T16:15:00+0200,1464.26,MW,NL,NL,actual_offshore_wind_generation,Wind Offshore | Actual Aggregated,2026-08-07T04:53:21Z
2026-08-07T04:50:48Z,2026-08-07T06:50:48+0200,9de41e72-ad84-4160-af68-c339f970a640,2026-07-11T14:15:00Z,2026-07-11T16:15:00+0200,1.999,MW,NL,NL,actual_offshore_wind_generation,Wind Offshore | Actual Consumption,2026-08-07T04:53:21Z
2026-08-07T04:50:48Z,2026-08-07T06:50:48+0200,9de41e72-ad84-4160-af68-c339f970a640,2026-07-11T14:30:00Z,2026-07-11T16:30:00+0200,1592.843,MW,NL,NL,actual_offshore_wind_generation,Wind Offshore | Actual Aggregated,2026-08-07T04:53:21Z
2026-08-07T04:50:48Z,2026-08-07T06:50:48+0200,9de41e72-ad84-4160-af68-c339f970a640,2026-07-11T14:30:00Z,2026-07-11T16:30:00+0200,8.176,MW,NL,NL,actual_offshore_wind_generation,Wind Offshore | Actual Consumption,2026-08-07T04:53:21Z
2026-08-07T04:50:48Z,2026-08-07T06:50:48+0200,9de41e72-ad84-4160-af68-c339f970a640,2026-07-11T14:45:00Z,2026-07-11T16:45:00+0200,1654.548,MW,NL,NL,actual_offshore_wind_generation,Wind Offshore | Actual Aggregated,2026-08-07T04:53:21Z
2026-08-07T04:50:48Z,2026-08-07T06:50:48+0200,9de41e72-ad84-4160-af68-c339f970a640,2026-07-11T14:45:00Z,2026-07-11T16:45:00+0200,8.156,MW,NL,NL,actual_offshore_wind_generation,Wind Offshore | Actual Consumption,2026-08-07T04:53:21Z
2026-08-07T04:50:48Z,2026-08-07T06:50:48+0200,9de41e72-ad84-4160-af68-c339f970a640,2026-07-11T15:00:00Z,2026-07-11T17:00:00+0200,1620.197,MW,NL,NL,actual_offshore_wind_generation,Wind Offshore | Actual Aggregated,2026-08-07T04:53:21Z
2026-08-07T04:50:48Z,2026-08-07T06:50:48+0200,9de41e72-ad84-4160-af68-c339f970a640,2026-07-11T15:00:00Z,2026-07-11T17:00:00+0200,6.94,MW,NL,NL,actual_offshore_wind_generation,Wind Offshore | Actual Consumption,2026-08-07T04:53:21Z
2026-08-07T04:50:48Z,2026-08-07T06:50:48+0200,9de41e72-ad84-4160-af68-c339f970a640,2026-07-11T15:15:00Z,2026-07-11T17:15:00+0200,1584.656,MW,NL,NL,actual_offshore_wind_generation,Wind Offshore | Actual Aggregated,2026-08-07T04:53:21Z
2026-08-07T04:50:48Z,2026-08-07T06:50:48+0200,9de41e72-ad84-4160-af68-c339f970a640,2026-07-11T15:15:00Z,2026-07-11T17:15:00+0200,6.473,MW,NL,NL,actual_offshore_wind_generation,Wind Offshore | Actual Consumption,2026-08-07T04:53:21Z
2026-08-07T04:50:48Z,2026-08-07T06:50:48+0200,9de41e72-ad84-4160-af68-c339f970a640,2026-07-11T15:30:00Z,2026-07-11T17:30:00+0200,1623.534,MW,NL,NL,actual_offshore_wind_generation,Wind Offshore | Actual Aggregated,2026-08-07T04:53:21Z
2026-08-07T04:50:48Z,2026-08-07T06:50:48+0200,9de41e72-ad84-4160-af68-c339f970a640,2026-07-11T15:30:00Z,2026-07-11T17:30:00+0200,8.463,MW,NL,NL,actual_offshore_wind_generation,Wind Offshore | Actual Consumption,2026-08-07T04:53:21Z
2026-08-07T04:50:48Z,2026-08-07T06:50:48+0200,9de41e72-ad84-4160-af68-c339f970a640,2026-07-11T15:45:00Z,2026-07-11T17:45:00+0200,1635.61,MW,NL,NL,actual_offshore_wind_generation,Wind Offshore | Actual Aggregated,2026-08-07T04:53:21Z
2026-08-07T04:50:48Z,2026-08-07T06:50:48+0200,9de41e72-ad84-4160-af68-c339f970a640,2026-07-11T15:45:00Z,2026-07-11T17:45:00+0200,10.109,MW,NL,NL,actual_offshore_wind_generation,Wind Offshore | Actual Consumption,2026-08-07T04:53:21Z
2026-08-07T04:50:48Z,2026-08-07T06:50:48+0200,9de41e72-ad84-4160-af68-c339f970a640,2026-07-11T16:00:00Z,2026-07-11T18:00:00+0200,1682.218,MW,NL,NL,actual_offshore_wind_generation,Wind Offshore | Actual Aggregated,2026-08-07T04:53:21Z
2026-08-07T04:50:48Z,2026-08-07T06:50:48+0200,9de41e72-ad84-4160-af68-c339f970a640,2026-07-11T16:00:00Z,2026-07-11T18:00:00+0200,7.645,MW,NL,NL,actual_offshore_wind_generation,Wind Offshore | Actual Consumption,2026-08-07T04:53:21Z
2026-08-07T04:50:48Z,2026-08-07T06:50:48+0200,9de41e72-ad84-4160-af68-c339f970a640,2026-07-11T16:15:00Z,2026-07-11T18:15:00+0200,1793.185,MW,NL,NL,actual_offshore_wind_generation,Wind Offshore | Actual Aggregated,2026-08-07T04:53:21Z
2026-08-07T04:50:48Z,2026-08-07T06:50:48+0200,9de41e72-ad84-4160-af68-c339f970a640,2026-07-11T16:15:00Z,2026-07-11T18:15:00+0200,9.122,MW,NL,NL,actual_offshore_wind_generation,Wind Offshore | Actual Consumption,2026-08-07T04:53:21Z
2026-08-07T04:50:48Z,2026-08-07T06:50:48+0200,9de41e72-ad84-4160-af68-c339f970a640,2026-07-11T16:30:00Z,2026-07-11T18:30:00+0200,1925.984,MW,NL,NL,actual_offshore_wind_generation,Wind Offshore | Actual Aggregated,2026-08-07T04:53:21Z
2026-08-07T04:50:48Z,2026-08-07T06:50:48+0200,9de41e72-ad84-4160-af68-c339f970a640,2026-07-11T16:30:00Z,2026-07-11T18:30:00+0200,8.902,MW,NL,NL,actual_offshore_wind_generation,Wind Offshore | Actual Consumption,2026-08-07T04:53:21Z
2026-08-07T04:50:48Z,2026-08-07T06:50:48+0200,9de41e72-ad84-4160-af68-c339f970a640,2026-07-11T16:45:00Z,2026-07-11T18:45:00+0200,2093.602,MW,NL,NL,actual_offshore_wind_generation,Wind Offshore | Actual Aggregated,2026-08-07T04:53:21Z
2026-08-07T04:50:48Z,2026-08-07T06:50:48+0200,9de41e72-ad84-4160-af68-c339f970a640,2026-07-11T16:45:00Z,2026-07-11T18:45:00+0200,10.643,MW,NL,NL,actual_offshore_wind_generation,Wind Offshore | Actual Consumption,2026-08-07T04:53:21Z
2026-08-07T04:50:48Z,2026-08-07T06:50:48+0200,9de41e72-ad84-4160-af68-c339f970a640,2026-07-11T17:00:00Z,2026-07-11T19:00:00+0200,2164.017,MW,NL,NL,actual_offshore_wind_generation,Wind Offshore | Actual Aggregated,2026-08-07T04:53:21Z
2026-08-07T04:50:48Z,2026-08-07T06:50:48+0200,9de41e72-ad84-4160-af68-c339f970a640,2026-07-11T17:00:00Z,2026-07-11T19:00:00+0200,11.35,MW,NL,NL,actual_offshore_wind_generation,Wind Offshore | Actual Consumption,2026-08-07T04:53:21Z
2026-08-07T04:50:48Z,2026-08-07T06:50:48+0200,9de41e72-ad84-4160-af68-c339f970a640,2026-07-11T17:15:00Z,2026-07-11T19:15:00+0200,2283.52,MW,NL,NL,actual_offshore_wind_generation,Wind Offshore | Actual Aggregated,2026-08-07T04:53:21Z
2026-08-07T04:50:48Z,2026-08-07T06:50:48+0200,9de41e72-ad84-4160-af68-c339f970a640,2026-07-11T17:15:00Z,2026-07-11T19:15:00+0200,12.551,MW,NL,NL,actual_offshore_wind_generation,Wind Offshore | Actual Consumption,2026-08-07T04:53:21Z
2026-08-07T04:50:48Z,2026-08-07T06:50:48+0200,9de41e72-ad84-4160-af68-c339f970a640,2026-07-11T17:30:00Z,2026-07-11T19:30:00+0200,2502.658,MW,NL,NL,actual_offshore_wind_generation,Wind Offshore | Actual Aggregated,2026-08-07T04:53:21Z
2026-08-07T04:50:48Z,2026-08-07T06:50:48+0200,9de41e72-ad84-4160-af68-c339f970a640,2026-07-11T17:30:00Z,2026-07-11T19:30:00+0200,14.96,MW,NL,NL,actual_offshore_wind_generation,Wind Offshore | Actual Consumption,2026-08-07T04:53:21Z
2026-08-07T04:50:48Z,2026-08-07T06:50:48+0200,9de41e72-ad84-4160-af68-c339f970a640,2026-07-11T17:45:00Z,2026-07-11T19:45:00+0200,2676.41,MW,NL,NL,actual_offshore_wind_generation,Wind Offshore | Actual Aggregated,2026-08-07T04:53:21Z
2026-08-07T04:50:48Z,2026-08-07T06:50:48+0200,9de41e72-ad84-4160-af68-c339f970a640,2026-07-11T17:45:00Z,2026-07-11T19:45:00+0200,13.866,MW,NL,NL,actual_offshore_wind_generation,Wind Offshore | Actual Consumption,2026-08-07T04:53:21Z
2026-08-07T04:50:48Z,2026-08-07T06:50:48+0200,9de41e72-ad84-4160-af68-c339f970a640,2026-07-11T18:00:00Z,2026-07-11T20:00:00+0200,2725.486,MW,NL,NL,actual_offshore_wind_generation,Wind Offshore | Actual Aggregated,2026-08-07T04:53:21Z
2026-08-07T04:50:48Z,2026-08-07T06:50:48+0200,9de41e72-ad84-4160-af68-c339f970a640,2026-07-11T18:00:00Z,2026-07-11T20:00:00+0200,15.805,MW,NL,NL,actual_offshore_wind_generation,Wind Offshore | Actual Consumption,2026-08-07T04:53:21Z
2026-08-07T04:50:48Z,2026-08-07T06:50:48+0200,9de41e72-ad84-4160-af68-c339f970a640,2026-07-11T18:15:00Z,2026-07-11T20:15:00+0200,2816.106,MW,NL,NL,actual_offshore_wind_generation,Wind Offshore | Actual Aggregated,2026-08-07T04:53:21Z
2026-08-07T04:50:48Z,2026-08-07T06:50:48+0200,9de41e72-ad84-4160-af68-c339f970a640,2026-07-11T18:15:00Z,2026-07-11T20:15:00+0200,16.555,MW,NL,NL,actual_offshore_wind_generation,Wind Offshore | Actual Consumption,2026-08-07T04:53:21Z
2026-08-07T04:50:48Z,2026-08-07T06:50:48+0200,9de41e72-ad84-4160-af68-c339f970a640,2026-07-11T18:30:00Z,2026-07-11T20:30:00+0200,2841.312,MW,NL,NL,actual_offshore_wind_generation,Wind Offshore | Actual Aggregated,2026-08-07T04:53:21Z
2026-08-07T04:50:48Z,2026-08-07T06:50:48+0200,9de41e72-ad84-4160-af68-c339f970a640,2026-07-11T18:30:00Z,2026-07-11T20:30:00+0200,17.183,MW,NL,NL,actual_offshore_wind_generation,Wind Offshore | Actual Consumption,2026-08-07T04:53:21Z
2026-08-07T04:50:48Z,2026-08-07T06:50:48+0200,9de41e72-ad84-4160-af68-c339f970a640,2026-07-11T18:45:00Z,2026-07-11T20:45:00+0200,2857.961,MW,NL,NL,actual_offshore_wind_generation,Wind Offshore | Actual Aggregated,2026-08-07T04:53:21Z
2026-08-07T04:50:48Z,2026-08-07T06:50:48+0200,9de41e72-ad84-4160-af68-c339f970a640,2026-07-11T18:45:00Z,2026-07-11T20:45:00+0200,17.452,MW,NL,NL,actual_offshore_wind_generation,Wind Offshore | Actual Consumption,2026-08-07T04:53:21Z
2026-08-07T04:50:48Z,2026-08-07T06:50:48+0200,9de41e72-ad84-4160-af68-c339f970a640,2026-07-11T19:00:00Z,2026-07-11T21:00:00+0200,2817.554,MW,NL,NL,actual_offshore_wind_generation,Wind Offshore | Actual Aggregated,2026-08-07T04:53:21Z
2026-08-07T04:50:48Z,2026-08-07T06:50:48+0200,9de41e72-ad84-4160-af68-c339f970a640,2026-07-11T19:00:00Z,2026-07-11T21:00:00+0200,16.629,MW,NL,NL,actual_offshore_wind_generation,Wind Offshore | Actual Consumption,2026-08-07T04:53:21Z
2026-08-07T04:50:48Z,2026-08-07T06:50:48+0200,9de41e72-ad84-4160-af68-c339f970a640,2026-07-11T19:15:00Z,2026-07-11T21:15:00+0200,2789.337,MW,NL,NL,actual_offshore_wind_generation,Wind Offshore | Actual Aggregated,2026-08-07T04:53:21Z
2026-08-07T04:50:48Z,2026-08-07T06:50:48+0200,9de41e72-ad84-4160-af68-c339f970a640,2026-07-11T19:15:00Z,2026-07-11T21:15:00+0200,16.84,MW,NL,NL,actual_offshore_wind_generation,Wind Offshore | Actual Consumption,2026-08-07T04:53:21Z
2026-08-07T04:50:48Z,2026-08-07T06:50:48+0200,9de41e72-ad84-4160-af68-c339f970a640,2026-07-11T19:30:00Z,2026-07-11T21:30:00+0200,2674.968,MW,NL,NL,actual_offshore_wind_generation,Wind Offshore | Actual Aggregated,2026-08-07T04:53:21Z
2026-08-07T04:50:48Z,2026-08-07T06:50:48+0200,9de41e72-ad84-4160-af68-c339f970a640,2026-07-11T19:30:00Z,2026-07-11T21:30:00+0200,13.51,MW,NL,NL,actual_offshore_wind_generation,Wind Offshore | Actual Consumption,2026-08-07T04:53:21Z
2026-08-07T04:50:48Z,2026-08-07T06:50:48+0200,9de41e72-ad84-4160-af68-c339f970a640,2026-07-11T19:45:00Z,2026-07-11T21:45:00+0200,2662.196,MW,NL,NL,actual_offshore_wind_generation,Wind Offshore | Actual Aggregated,2026-08-07T04:53:21Z
2026-08-07T04:50:48Z,2026-08-07T06:50:48+0200,9de41e72-ad84-4160-af68-c339f970a640,2026-07-11T19:45:00Z,2026-07-11T21:45:00+0200,13.841,MW,NL,NL,actual_offshore_wind_generation,Wind Offshore | Actual Consumption,2026-08-07T04:53:21Z
2026-08-07T04:50:48Z,2026-08-07T06:50:48+0200,9de41e72-ad84-4160-af68-c339f970a640,2026-07-11T20:00:00Z,2026-07-11T22:00:00+0200,2610.445,MW,NL,NL,actual_offshore_wind_generation,Wind Offshore | Actual Aggregated,2026-08-07T04:53:21Z
2026-08-07T04:50:48Z,2026-08-07T06:50:48+0200,9de41e72-ad84-4160-af68-c339f970a640,2026-07-11T20:00:00Z,2026-07-11T22:00:00+0200,14.197,MW,NL,NL,actual_offshore_wind_generation,Wind Offshore | Actual Consumption,2026-08-07T04:53:21Z
2026-08-07T04:50:48Z,2026-08-07T06:50:48+0200,9de41e72-ad84-4160-af68-c339f970a640,2026-07-11T20:15:00Z,2026-07-11T22:15:00+0200,2508.456,MW,NL,NL,actual_offshore_wind_generation,Wind Offshore | Actual Aggregated,2026-08-07T04:53:21Z
2026-08-07T04:50:48Z,2026-08-07T06:50:48+0200,9de41e72-ad84-4160-af68-c339f970a640,2026-07-11T20:15:00Z,2026-07-11T22:15:00+0200,14.655,MW,NL,NL,actual_offshore_wind_generation,Wind Offshore | Actual Consumption,2026-08-07T04:53:21Z
2026-08-07T04:50:48Z,2026-08-07T06:50:48+0200,9de41e72-ad84-4160-af68-c339f970a640,2026-07-11T20:30:00Z,2026-07-11T22:30:00+0200,2414.678,MW,NL,NL,actual_offshore_wind_generation,Wind Offshore | Actual Aggregated,2026-08-07T04:53:21Z
2026-08-07T04:50:48Z,2026-08-07T06:50:48+0200,9de41e72-ad84-4160-af68-c339f970a640,2026-07-11T20:30:00Z,2026-07-11T22:30:00+0200,12.485,MW,NL,NL,actual_offshore_wind_generation,Wind Offshore | Actual Consumption,2026-08-07T04:53:21Z
2026-08-07T04:50:48Z,2026-08-07T06:50:48+0200,9de41e72-ad84-4160-af68-c339f970a640,2026-07-11T20:45:00Z,2026-07-11T22:45:00+0200,2336.801,MW,NL,NL,actual_offshore_wind_generation,Wind Offshore | Actual Aggregated,2026-08-07T04:53:21Z
2026-08-07T04:50:48Z,2026-08-07T06:50:48+0200,9de41e72-ad84-4160-af68-c339f970a640,2026-07-11T20:45:00Z,2026-07-11T22:45:00+0200,14.958,MW,NL,NL,actual_offshore_wind_generation,Wind Offshore | Actual Consumption,2026-08-07T04:53:21Z
2026-08-07T04:50:48Z,2026-08-07T06:50:48+0200,9de41e72-ad84-4160-af68-c339f970a640,2026-07-11T21:00:00Z,2026-07-11T23:00:00+0200,2219.424,MW,NL,NL,actual_offshore_wind_generation,Wind Offshore | Actual Aggregated,2026-08-07T04:53:21Z
2026-08-07T04:50:48Z,2026-08-07T06:50:48+0200,9de41e72-ad84-4160-af68-c339f970a640,2026-07-11T21:00:00Z,2026-07-11T23:00:00+0200,13.224,MW,NL,NL,actual_offshore_wind_generation,Wind Offshore | Actual Consumption,2026-08-07T04:53:21Z
2026-08-07T04:50:48Z,2026-08-07T06:50:48+0200,9de41e72-ad84-4160-af68-c339f970a640,2026-07-11T21:15:00Z,2026-07-11T23:15:00+0200,2108.857,MW,NL,NL,actual_offshore_wind_generation,Wind Offshore | Actual Aggregated,2026-08-07T04:53:21Z
2026-08-07T04:50:48Z,2026-08-07T06:50:48+0200,9de41e72-ad84-4160-af68-c339f970a640,2026-07-11T21:15:00Z,2026-07-11T23:15:00+0200,13.119,MW,NL,NL,actual_offshore_wind_generation,Wind Offshore | Actual Consumption,2026-08-07T04:53:21Z
2026-08-07T04:50:48Z,2026-08-07T06:50:48+0200,9de41e72-ad84-4160-af68-c339f970a640,2026-07-11T21:30:00Z,2026-07-11T23:30:00+0200,2046.866,MW,NL,NL,actual_offshore_wind_generation,Wind Offshore | Actual Aggregated,2026-08-07T04:53:21Z
2026-08-07T04:50:48Z,2026-08-07T06:50:48+0200,9de41e72-ad84-4160-af68-c339f970a640,2026-07-11T21:30:00Z,2026-07-11T23:30:00+0200,13.1,MW,NL,NL,actual_offshore_wind_generation,Wind Offshore | Actual Consumption,2026-08-07T04:53:21Z
2026-08-07T04:50:48Z,2026-08-07T06:50:48+0200,9de41e72-ad84-4160-af68-c339f970a640,2026-07-11T21:45:00Z,2026-07-11T23:45:00+0200,1990.509,MW,NL,NL,actual_offshore_wind_generation,Wind Offshore | Actual Aggregated,2026-08-07T04:53:21Z
2026-08-07T04:50:48Z,2026-08-07T06:50:48+0200,9de41e72-ad84-4160-af68-c339f970a640,2026-07-11T21:45:00Z,2026-07-11T23:45:00+0200,11.66,MW,NL,NL,actual_offshore_wind_generation,Wind Offshore | Actual Consumption,2026-08-07T04:53:21Z
2026-08-07T04:50:48Z,2026-08-07T06:50:48+0200,9de41e72-ad84-4160-af68-c339f970a640,2026-07-11T22:00:00Z,2026-07-12T00:00:00+0200,1918.688,MW,NL,NL,actual_offshore_wind_generation,Wind Offshore | Actual Aggregated,2026-08-07T04:53:21Z
2026-08-07T04:50:48Z,2026-08-07T06:50:48+0200,9de41e72-ad84-4160-af68-c339f970a640,2026-07-11T22:00:00Z,2026-07-12T00:00:00+0200,9.216,MW,NL,NL,actual_offshore_wind_generation,Wind Offshore | Actual Consumption,2026-08-07T04:53:21Z
2026-08-07T04:50:48Z,2026-08-07T06:50:48+0200,9de41e72-ad84-4160-af68-c339f970a640,2026-07-11T22:15:00Z,2026-07-12T00:15:00+0200,1931.082,MW,NL,NL,actual_offshore_wind_generation,Wind Offshore | Actual Aggregated,2026-08-07T04:53:21Z
2026-08-07T04:50:48Z,2026-08-07T06:50:48+0200,9de41e72-ad84-4160-af68-c339f970a640,2026-07-11T22:15:00Z,2026-07-12T00:15:00+0200,9.855,MW,NL,NL,actual_offshore_wind_generation,Wind Offshore | Actual Consumption,2026-08-07T04:53:21Z
2026-08-07T04:50:48Z,2026-08-07T06:50:48+0200,9de41e72-ad84-4160-af68-c339f970a640,2026-07-11T22:30:00Z,2026-07-12T00:30:00+0200,1969.195,MW,NL,NL,actual_offshore_wind_generation,Wind Offshore | Actual Aggregated,2026-08-07T04:53:21Z
2026-08-07T04:50:48Z,2026-08-07T06:50:48+0200,9de41e72-ad84-4160-af68-c339f970a640,2026-07-11T22:30:00Z,2026-07-12T00:30:00+0200,10.18,MW,NL,NL,actual_offshore_wind_generation,Wind Offshore | Actual Consumption,2026-08-07T04:53:21Z
2026-08-07T04:50:48Z,2026-08-07T06:50:48+0200,9de41e72-ad84-4160-af68-c339f970a640,2026-07-11T22:45:00Z,2026-07-12T00:45:00+0200,2043.45,MW,NL,NL,actual_offshore_wind_generation,Wind Offshore | Actual Aggregated,2026-08-07T04:53:21Z
2026-08-07T04:50:48Z,2026-08-07T06:50:48+0200,9de41e72-ad84-4160-af68-c339f970a640,2026-07-11T22:45:00Z,2026-07-12T00:45:00+0200,9.979,MW,NL,NL,actual_offshore_wind_generation,Wind Offshore | Actual Consumption,2026-08-07T04:53:21Z
2026-08-07T04:50:48Z,2026-08-07T06:50:48+0200,9de41e72-ad84-4160-af68-c339f970a640,2026-07-11T23:00:00Z,2026-07-12T01:00:00+0200,2074.259,MW,NL,NL,actual_offshore_wind_generation,Wind Offshore | Actual Aggregated,2026-08-07T04:53:21Z
2026-08-07T04:50:48Z,2026-08-07T06:50:48+0200,9de41e72-ad84-4160-af68-c339f970a640,2026-07-11T23:00:00Z,2026-07-12T01:00:00+0200,10.079,MW,NL,NL,actual_offshore_wind_generation,Wind Offshore | Actual Consumption,2026-08-07T04:53:21Z
2026-08-07T04:50:48Z,2026-08-07T06:50:48+0200,9de41e72-ad84-4160-af68-c339f970a640,2026-07-11T23:15:00Z,2026-07-12T01:15:00+0200,1996.328,MW,NL,NL,actual_offshore_wind_generation,Wind Offshore | Actual Aggregated,2026-08-07T04:53:21Z
2026-08-07T04:50:48Z,2026-08-07T06:50:48+0200,9de41e72-ad84-4160-af68-c339f970a640,2026-07-11T23:15:00Z,2026-07-12T01:15:00+0200,9.028,MW,NL,NL,actual_offshore_wind_generation,Wind Offshore | Actual Consumption,2026-08-07T04:53:21Z
2026-08-07T04:50:48Z,2026-08-07T06:50:48+0200,9de41e72-ad84-4160-af68-c339f970a640,2026-07-11T23:30:00Z,2026-07-12T01:30:00+0200,1966.316,MW,NL,NL,actual_offshore_wind_generation,Wind Offshore | Actual Aggregated,2026-08-07T04:53:21Z
2026-08-07T04:50:48Z,2026-08-07T06:50:48+0200,9de41e72-ad84-4160-af68-c339f970a640,2026-07-11T23:30:00Z,2026-07-12T01:30:00+0200,8.76,MW,NL,NL,actual_offshore_wind_generation,Wind Offshore | Actual Consumption,2026-08-07T04:53:21Z
2026-08-07T04:50:48Z,2026-08-07T06:50:48+0200,9de41e72-ad84-4160-af68-c339f970a640,2026-07-11T23:45:00Z,2026-07-12T01:45:00+0200,2002.402,MW,NL,NL,actual_offshore_wind_generation,Wind Offshore | Actual Aggregated,2026-08-07T04:53:21Z
2026-08-07T04:50:48Z,2026-08-07T06:50:48+0200,9de41e72-ad84-4160-af68-c339f970a640,2026-07-11T23:45:00Z,2026-07-12T01:45:00+0200,9.124,MW,NL,NL,actual_offshore_wind_generation,Wind Offshore | Actual Consumption,2026-08-07T04:53:21Z
2026-08-07T04:50:48Z,2026-08-07T06:50:48+0200,9de41e72-ad84-4160-af68-c339f970a640,2026-07-12T00:00:00Z,2026-07-12T02:00:00+0200,1944.046,MW,NL,NL,actual_offshore_wind_generation,Wind Offshore | Actual Aggregated,2026-08-07T04:53:21Z
2026-08-07T04:50:48Z,2026-08-07T06:50:48+0200,9de41e72-ad84-4160-af68-c339f970a640,2026-07-12T00:00:00Z,2026-07-12T02:00:00+0200,8.395,MW,NL,NL,actual_offshore_wind_generation,Wind Offshore | Actual Consumption,2026-08-07T04:53:21Z
2026-08-07T04:50:48Z,2026-08-07T06:50:48+0200,9de41e72-ad84-4160-af68-c339f970a640,2026-07-12T00:15:00Z,2026-07-12T02:15:00+0200,1847.256,MW,NL,NL,actual_offshore_wind_generation,Wind Offshore | Actual Aggregated,2026-08-07T04:53:21Z
2026-08-07T04:50:48Z,2026-08-07T06:50:48+0200,9de41e72-ad84-4160-af68-c339f970a640,2026-07-12T00:15:00Z,2026-07-12T02:15:00+0200,7.173,MW,NL,NL,actual_offshore_wind_generation,Wind Offshore | Actual Consumption,2026-08-07T04:53:21Z
2026-08-07T04:50:48Z,2026-08-07T06:50:48+0200,9de41e72-ad84-4160-af68-c339f970a640,2026-07-12T00:30:00Z,2026-07-12T02:30:00+0200,1833.607,MW,NL,NL,actual_offshore_wind_generation,Wind Offshore | Actual Aggregated,2026-08-07T04:53:21Z
2026-08-07T04:50:48Z,2026-08-07T06:50:48+0200,9de41e72-ad84-4160-af68-c339f970a640,2026-07-12T00:30:00Z,2026-07-12T02:30:00+0200,6.488,MW,NL,NL,actual_offshore_wind_generation,Wind Offshore | Actual Consumption,2026-08-07T04:53:21Z
2026-08-07T04:50:48Z,2026-08-07T06:50:48+0200,9de41e72-ad84-4160-af68-c339f970a640,2026-07-12T00:45:00Z,2026-07-12T02:45:00+0200,1829.274,MW,NL,NL,actual_offshore_wind_generation,Wind Offshore | Actual Aggregated,2026-08-07T04:53:21Z
2026-08-07T04:50:48Z,2026-08-07T06:50:48+0200,9de41e72-ad84-4160-af68-c339f970a640,2026-07-12T00:45:00Z,2026-07-12T02:45:00+0200,7.376,MW,NL,NL,actual_offshore_wind_generation,Wind Offshore | Actual Consumption,2026-08-07T04:53:21Z
2026-08-07T04:50:48Z,2026-08-07T06:50:48+0200,9de41e72-ad84-4160-af68-c339f970a640,2026-07-12T01:00:00Z,2026-07-12T03:00:00+0200,1815.204,MW,NL,NL,actual_offshore_wind_generation,Wind Offshore | Actual Aggregated,2026-08-07T04:53:21Z
2026-08-07T04:50:48Z,2026-08-07T06:50:48+0200,9de41e72-ad84-4160-af68-c339f970a640,2026-07-12T01:00:00Z,2026-07-12T03:00:00+0200,7.866,MW,NL,NL,actual_offshore_wind_generation,Wind Offshore | Actual Consumption,2026-08-07T04:53:21Z
2026-08-07T04:50:48Z,2026-08-07T06:50:48+0200,9de41e72-ad84-4160-af68-c339f970a640,2026-07-12T01:15:00Z,2026-07-12T03:15:00+0200,1745.7,MW,NL,NL,actual_offshore_wind_generation,Wind Offshore | Actual Aggregated,2026-08-07T04:53:21Z
2026-08-07T04:50:48Z,2026-08-07T06:50:48+0200,9de41e72-ad84-4160-af68-c339f970a640,2026-07-12T01:15:00Z,2026-07-12T03:15:00+0200,7.602,MW,NL,NL,actual_offshore_wind_generation,Wind Offshore | Actual Consumption,2026-08-07T04:53:21Z
2026-08-07T04:50:48Z,2026-08-07T06:50:48+0200,9de41e72-ad84-4160-af68-c339f970a640,2026-07-12T01:30:00Z,2026-07-12T03:30:00+0200,1702.826,MW,NL,NL,actual_offshore_wind_generation,Wind Offshore | Actual Aggregated,2026-08-07T04:53:21Z
2026-08-07T04:50:48Z,2026-08-07T06:50:48+0200,9de41e72-ad84-4160-af68-c339f970a640,2026-07-12T01:30:00Z,2026-07-12T03:30:00+0200,6.824,MW,NL,NL,actual_offshore_wind_generation,Wind Offshore | Actual Consumption,2026-08-07T04:53:21Z
2026-08-07T04:50:48Z,2026-08-07T06:50:48+0200,9de41e72-ad84-4160-af68-c339f970a640,2026-07-12T01:45:00Z,2026-07-12T03:45:00+0200,1716.339,MW,NL,NL,actual_offshore_wind_generation,Wind Offshore | Actual Aggregated,2026-08-07T04:53:21Z
2026-08-07T04:50:48Z,2026-08-07T06:50:48+0200,9de41e72-ad84-4160-af68-c339f970a640,2026-07-12T01:45:00Z,2026-07-12T03:45:00+0200,6.335,MW,NL,NL,actual_offshore_wind_generation,Wind Offshore | Actual Consumption,2026-08-07T04:53:21Z
2026-08-07T04:50:48Z,2026-08-07T06:50:48+0200,9de41e72-ad84-4160-af68-c339f970a640,2026-07-12T02:00:00Z,2026-07-12T04:00:00+0200,1801.422,MW,NL,NL,actual_offshore_wind_generation,Wind Offshore | Actual Aggregated,2026-08-07T04:53:21Z
2026-08-07T04:50:48Z,2026-08-07T06:50:48+0200,9de41e72-ad84-4160-af68-c339f970a640,2026-07-12T02:00:00Z,2026-07-12T04:00:00+0200,7.522,MW,NL,NL,actual_offshore_wind_generation,Wind Offshore | Actual Consumption,2026-08-07T04:53:21Z
2026-08-07T04:50:48Z,2026-08-07T06:50:48+0200,9de41e72-ad84-4160-af68-c339f970a640,2026-07-12T02:15:00Z,2026-07-12T04:15:00+0200,1859.279,MW,NL,NL,actual_offshore_wind_generation,Wind Offshore | Actual Aggregated,2026-08-07T04:53:21Z
2026-08-07T04:50:48Z,2026-08-07T06:50:48+0200,9de41e72-ad84-4160-af68-c339f970a640,2026-07-12T02:15:00Z,2026-07-12T04:15:00+0200,9.623,MW,NL,NL,actual_offshore_wind_generation,Wind Offshore | Actual Consumption,2026-08-07T04:53:21Z
2026-08-07T04:50:48Z,2026-08-07T06:50:48+0200,9de41e72-ad84-4160-af68-c339f970a640,2026-07-12T02:30:00Z,2026-07-12T04:30:00+0200,1822.012,MW,NL,NL,actual_offshore_wind_generation,Wind Offshore | Actual Aggregated,2026-08-07T04:53:21Z
2026-08-07T04:50:48Z,2026-08-07T06:50:48+0200,9de41e72-ad84-4160-af68-c339f970a640,2026-07-12T02:30:00Z,2026-07-12T04:30:00+0200,9.107,MW,NL,NL,actual_offshore_wind_generation,Wind Offshore | Actual Consumption,2026-08-07T04:53:21Z
2026-08-07T04:50:48Z,2026-08-07T06:50:48+0200,9de41e72-ad84-4160-af68-c339f970a640,2026-07-12T02:45:00Z,2026-07-12T04:45:00+0200,1858.611,MW,NL,NL,actual_offshore_wind_generation,Wind Offshore | Actual Aggregated,2026-08-07T04:53:21Z
2026-08-07T04:50:48Z,2026-08-07T06:50:48+0200,9de41e72-ad84-4160-af68-c339f970a640,2026-07-12T02:45:00Z,2026-07-12T04:45:00+0200,10.319,MW,NL,NL,actual_offshore_wind_generation,Wind Offshore | Actual Consumption,2026-08-07T04:53:21Z
2026-08-07T04:50:48Z,2026-08-07T06:50:48+0200,9de41e72-ad84-4160-af68-c339f970a640,2026-07-12T03:00:00Z,2026-07-12T05:00:00+0200,1897.242,MW,NL,NL,actual_offshore_wind_generation,Wind Offshore | Actual Aggregated,2026-08-07T04:53:21Z
2026-08-07T04:50:48Z,2026-08-07T06:50:48+0200,9de41e72-ad84-4160-af68-c339f970a640,2026-07-12T03:00:00Z,2026-07-12T05:00:00+0200,10.513,MW,NL,NL,actual_offshore_wind_generation,Wind Offshore | Actual Consumption,2026-08-07T04:53:21Z
2026-08-07T04:50:48Z,2026-08-07T06:50:48+0200,9de41e72-ad84-4160-af68-c339f970a640,2026-07-12T03:15:00Z,2026-07-12T05:15:00+0200,1874.55,MW,NL,NL,actual_offshore_wind_generation,Wind Offshore | Actual Aggregated,2026-08-07T04:53:21Z
2026-08-07T04:50:48Z,2026-08-07T06:50:48+0200,9de41e72-ad84-4160-af68-c339f970a640,2026-07-12T03:15:00Z,2026-07-12T05:15:00+0200,12.022,MW,NL,NL,actual_offshore_wind_generation,Wind Offshore | Actual Consumption,2026-08-07T04:53:21Z
2026-08-07T04:50:48Z,2026-08-07T06:50:48+0200,9de41e72-ad84-4160-af68-c339f970a640,2026-07-12T03:30:00Z,2026-07-12T05:30:00+0200,1864.975,MW,NL,NL,actual_offshore_wind_generation,Wind Offshore | Actual Aggregated,2026-08-07T04:53:21Z
2026-08-07T04:50:48Z,2026-08-07T06:50:48+0200,9de41e72-ad84-4160-af68-c339f970a640,2026-07-12T03:30:00Z,2026-07-12T05:30:00+0200,12.827,MW,NL,NL,actual_offshore_wind_generation,Wind Offshore | Actual Consumption,2026-08-07T04:53:21Z
2026-08-07T04:50:48Z,2026-08-07T06:50:48+0200,9de41e72-ad84-4160-af68-c339f970a640,2026-07-12T03:45:00Z,2026-07-12T05:45:00+0200,1859.279,MW,NL,NL,actual_offshore_wind_generation,Wind Offshore | Actual Aggregated,2026-08-07T04:53:21Z
2026-08-07T04:50:48Z,2026-08-07T06:50:48+0200,9de41e72-ad84-4160-af68-c339f970a640,2026-07-12T03:45:00Z,2026-07-12T05:45:00+0200,12.338,MW,NL,NL,actual_offshore_wind_generation,Wind Offshore | Actual Consumption,2026-08-07T04:53:21Z
2026-08-07T04:50:48Z,2026-08-07T06:50:48+0200,9de41e72-ad84-4160-af68-c339f970a640,2026-07-12T04:00:00Z,2026-07-12T06:00:00+0200,1813.431,MW,NL,NL,actual_offshore_wind_generation,Wind Offshore | Actual Aggregated,2026-08-07T04:53:21Z
2026-08-07T04:50:48Z,2026-08-07T06:50:48+0200,9de41e72-ad84-4160-af68-c339f970a640,2026-07-12T04:00:00Z,2026-07-12T06:00:00+0200,10.755,MW,NL,NL,actual_offshore_wind_generation,Wind Offshore | Actual Consumption,2026-08-07T04:53:21Z
2026-08-07T04:50:48Z,2026-08-07T06:50:48+0200,9de41e72-ad84-4160-af68-c339f970a640,2026-07-12T04:15:00Z,2026-07-12T06:15:00+0200,1799.003,MW,NL,NL,actual_offshore_wind_generation,Wind Offshore | Actual Aggregated,2026-08-07T04:53:21Z
2026-08-07T04:50:48Z,2026-08-07T06:50:48+0200,9de41e72-ad84-4160-af68-c339f970a640,2026-07-12T04:15:00Z,2026-07-12T06:15:00+0200,7.744,MW,NL,NL,actual_offshore_wind_generation,Wind Offshore | Actual Consumption,2026-08-07T04:53:21Z
2026-08-07T04:50:48Z,2026-08-07T06:50:48+0200,9de41e72-ad84-4160-af68-c339f970a640,2026-07-12T04:30:00Z,2026-07-12T06:30:00+0200,1765.086,MW,NL,NL,actual_offshore_wind_generation,Wind Offshore | Actual Aggregated,2026-08-07T04:53:21Z
2026-08-07T04:50:48Z,2026-08-07T06:50:48+0200,9de41e72-ad84-4160-af68-c339f970a640,2026-07-12T04:30:00Z,2026-07-12T06:30:00+0200,8.493,MW,NL,NL,actual_offshore_wind_generation,Wind Offshore | Actual Consumption,2026-08-07T04:53:21Z
2026-08-07T04:50:48Z,2026-08-07T06:50:48+0200,9de41e72-ad84-4160-af68-c339f970a640,2026-07-12T04:45:00Z,2026-07-12T06:45:00+0200,1756.175,MW,NL,NL,actual_offshore_wind_generation,Wind Offshore | Actual Aggregated,2026-08-07T04:53:21Z
2026-08-07T04:50:48Z,2026-08-07T06:50:48+0200,9de41e72-ad84-4160-af68-c339f970a640,2026-07-12T04:45:00Z,2026-07-12T06:45:00+0200,6.978,MW,NL,NL,actual_offshore_wind_generation,Wind Offshore | Actual Consumption,2026-08-07T04:53:21Z
2026-08-07T04:50:48Z,2026-08-07T06:50:48+0200,9de41e72-ad84-4160-af68-c339f970a640,2026-07-12T05:00:00Z,2026-07-12T07:00:00+0200,1784.162,MW,NL,NL,actual_offshore_wind_generation,Wind Offshore | Actual Aggregated,2026-08-07T04:53:21Z
2026-08-07T04:50:48Z,2026-08-07T06:50:48+0200,9de41e72-ad84-4160-af68-c339f970a640,2026-07-12T05:00:00Z,2026-07-12T07:00:00+0200,6.946,MW,NL,NL,actual_offshore_wind_generation,Wind Offshore | Actual Consumption,2026-08-07T04:53:21Z
2026-08-07T04:50:48Z,2026-08-07T06:50:48+0200,9de41e72-ad84-4160-af68-c339f970a640,2026-07-12T05:15:00Z,2026-07-12T07:15:00+0200,1868.3,MW,NL,NL,actual_offshore_wind_generation,Wind Offshore | Actual Aggregated,2026-08-07T04:53:21Z
2026-08-07T04:50:48Z,2026-08-07T06:50:48+0200,9de41e72-ad84-4160-af68-c339f970a640,2026-07-12T05:15:00Z,2026-07-12T07:15:00+0200,7.045,MW,NL,NL,actual_offshore_wind_generation,Wind Offshore | Actual Consumption,2026-08-07T04:53:21Z
2026-08-07T04:50:48Z,2026-08-07T06:50:48+0200,9de41e72-ad84-4160-af68-c339f970a640,2026-07-12T05:30:00Z,2026-07-12T07:30:00+0200,1927.692,MW,NL,NL,actual_offshore_wind_generation,Wind Offshore | Actual Aggregated,2026-08-07T04:53:21Z
2026-08-07T04:50:48Z,2026-08-07T06:50:48+0200,9de41e72-ad84-4160-af68-c339f970a640,2026-07-12T05:30:00Z,2026-07-12T07:30:00+0200,5.908,MW,NL,NL,actual_offshore_wind_generation,Wind Offshore | Actual Consumption,2026-08-07T04:53:21Z
2026-08-07T04:50:48Z,2026-08-07T06:50:48+0200,9de41e72-ad84-4160-af68-c339f970a640,2026-07-12T05:45:00Z,2026-07-12T07:45:00+0200,1987.283,MW,NL,NL,actual_offshore_wind_generation,Wind Offshore | Actual Aggregated,2026-08-07T04:53:21Z
2026-08-07T04:50:48Z,2026-08-07T06:50:48+0200,9de41e72-ad84-4160-af68-c339f970a640,2026-07-12T05:45:00Z,2026-07-12T07:45:00+0200,5.204,MW,NL,NL,actual_offshore_wind_generation,Wind Offshore | Actual Consumption,2026-08-07T04:53:21Z
2026-08-07T04:50:48Z,2026-08-07T06:50:48+0200,9de41e72-ad84-4160-af68-c339f970a640,2026-07-12T06:00:00Z,2026-07-12T08:00:00+0200,2070.697,MW,NL,NL,actual_offshore_wind_generation,Wind Offshore | Actual Aggregated,2026-08-07T04:53:21Z
2026-08-07T04:50:48Z,2026-08-07T06:50:48+0200,9de41e72-ad84-4160-af68-c339f970a640,2026-07-12T06:00:00Z,2026-07-12T08:00:00+0200,6.501,MW,NL,NL,actual_offshore_wind_generation,Wind Offshore | Actual Consumption,2026-08-07T04:53:21Z
2026-08-07T04:50:48Z,2026-08-07T06:50:48+0200,9de41e72-ad84-4160-af68-c339f970a640,2026-07-12T06:15:00Z,2026-07-12T08:15:00+0200,2148.256,MW,NL,NL,actual_offshore_wind_generation,Wind Offshore | Actual Aggregated,2026-08-07T04:53:21Z
2026-08-07T04:50:48Z,2026-08-07T06:50:48+0200,9de41e72-ad84-4160-af68-c339f970a640,2026-07-12T06:15:00Z,2026-07-12T08:15:00+0200,5.666,MW,NL,NL,actual_offshore_wind_generation,Wind Offshore | Actual Consumption,2026-08-07T04:53:21Z
2026-08-07T04:50:48Z,2026-08-07T06:50:48+0200,9de41e72-ad84-4160-af68-c339f970a640,2026-07-12T06:30:00Z,2026-07-12T08:30:00+0200,2083.392,MW,NL,NL,actual_offshore_wind_generation,Wind Offshore | Actual Aggregated,2026-08-07T04:53:21Z
2026-08-07T04:50:48Z,2026-08-07T06:50:48+0200,9de41e72-ad84-4160-af68-c339f970a640,2026-07-12T06:30:00Z,2026-07-12T08:30:00+0200,4.87,MW,NL,NL,actual_offshore_wind_generation,Wind Offshore | Actual Consumption,2026-08-07T04:53:21Z
2026-08-07T04:50:48Z,2026-08-07T06:50:48+0200,9de41e72-ad84-4160-af68-c339f970a640,2026-07-12T06:45:00Z,2026-07-12T08:45:00+0200,1870.456,MW,NL,NL,actual_offshore_wind_generation,Wind Offshore | Actual Aggregated,2026-08-07T04:53:21Z
2026-08-07T04:50:48Z,2026-08-07T06:50:48+0200,9de41e72-ad84-4160-af68-c339f970a640,2026-07-12T06:45:00Z,2026-07-12T08:45:00+0200,1.998,MW,NL,NL,actual_offshore_wind_generation,Wind Offshore | Actual Consumption,2026-08-07T04:53:21Z
2026-08-07T04:50:48Z,2026-08-07T06:50:48+0200,9de41e72-ad84-4160-af68-c339f970a640,2026-07-12T07:00:00Z,2026-07-12T09:00:00+0200,1924.744,MW,NL,NL,actual_offshore_wind_generation,Wind Offshore | Actual Aggregated,2026-08-07T04:53:21Z
2026-08-07T04:50:48Z,2026-08-07T06:50:48+0200,9de41e72-ad84-4160-af68-c339f970a640,2026-07-12T07:00:00Z,2026-07-12T09:00:00+0200,4.935,MW,NL,NL,actual_offshore_wind_generation,Wind Offshore | Actual Consumption,2026-08-07T04:53:21Z
2026-08-07T04:50:48Z,2026-08-07T06:50:48+0200,9de41e72-ad84-4160-af68-c339f970a640,2026-07-12T07:15:00Z,2026-07-12T09:15:00+0200,1690.72,MW,NL,NL,actual_offshore_wind_generation,Wind Offshore | Actual Aggregated,2026-08-07T04:53:21Z
2026-08-07T04:50:48Z,2026-08-07T06:50:48+0200,9de41e72-ad84-4160-af68-c339f970a640,2026-07-12T07:15:00Z,2026-07-12T09:15:00+0200,3.702,MW,NL,NL,actual_offshore_wind_generation,Wind Offshore | Actual Consumption,2026-08-07T04:53:21Z
2026-08-07T04:50:48Z,2026-08-07T06:50:48+0200,9de41e72-ad84-4160-af68-c339f970a640,2026-07-12T07:30:00Z,2026-07-12T09:30:00+0200,1449.539,MW,NL,NL,actual_offshore_wind_generation,Wind Offshore | Actual Aggregated,2026-08-07T04:53:21Z
2026-08-07T04:50:48Z,2026-08-07T06:50:48+0200,9de41e72-ad84-4160-af68-c339f970a640,2026-07-12T07:30:00Z,2026-07-12T09:30:00+0200,4.501,MW,NL,NL,actual_offshore_wind_generation,Wind Offshore | Actual Consumption,2026-08-07T04:53:21Z
2026-08-07T04:50:48Z,2026-08-07T06:50:48+0200,9de41e72-ad84-4160-af68-c339f970a640,2026-07-12T07:45:00Z,2026-07-12T09:45:00+0200,1292.574,MW,NL,NL,actual_offshore_wind_generation,Wind Offshore | Actual Aggregated,2026-08-07T04:53:21Z
2026-08-07T04:50:48Z,2026-08-07T06:50:48+0200,9de41e72-ad84-4160-af68-c339f970a640,2026-07-12T07:45:00Z,2026-07-12T09:45:00+0200,3.88,MW,NL,NL,actual_offshore_wind_generation,Wind Offshore | Actual Consumption,2026-08-07T04:53:21Z
2026-08-07T04:50:48Z,2026-08-07T06:50:48+0200,9de41e72-ad84-4160-af68-c339f970a640,2026-07-12T08:00:00Z,2026-07-12T10:00:00+0200,1948.039,MW,NL,NL,actual_offshore_wind_generation,Wind Offshore | Actual Aggregated,2026-08-07T04:53:21Z
2026-08-07T04:50:48Z,2026-08-07T06:50:48+0200,9de41e72-ad84-4160-af68-c339f970a640,2026-07-12T08:00:00Z,2026-07-12T10:00:00+0200,8.01,MW,NL,NL,actual_offshore_wind_generation,Wind Offshore | Actual Consumption,2026-08-07T04:53:21Z
2026-08-07T04:50:48Z,2026-08-07T06:50:48+0200,9de41e72-ad84-4160-af68-c339f970a640,2026-07-12T08:15:00Z,2026-07-12T10:15:00+0200,2136.966,MW,NL,NL,actual_offshore_wind_generation,Wind Offshore | Actual Aggregated,2026-08-07T04:53:21Z
2026-08-07T04:50:48Z,2026-08-07T06:50:48+0200,9de41e72-ad84-4160-af68-c339f970a640,2026-07-12T08:15:00Z,2026-07-12T10:15:00+0200,9.897,MW,NL,NL,actual_offshore_wind_generation,Wind Offshore | Actual Consumption,2026-08-07T04:53:21Z
2026-08-07T04:50:48Z,2026-08-07T06:50:48+0200,9de41e72-ad84-4160-af68-c339f970a640,2026-07-12T08:30:00Z,2026-07-12T10:30:00+0200,2051.292,MW,NL,NL,actual_offshore_wind_generation,Wind Offshore | Actual Aggregated,2026-08-07T04:53:21Z
2026-08-07T04:50:48Z,2026-08-07T06:50:48+0200,9de41e72-ad84-4160-af68-c339f970a640,2026-07-12T08:30:00Z,2026-07-12T10:30:00+0200,5.772,MW,NL,NL,actual_offshore_wind_generation,Wind Offshore | Actual Consumption,2026-08-07T04:53:21Z
2026-08-07T04:50:48Z,2026-08-07T06:50:48+0200,9de41e72-ad84-4160-af68-c339f970a640,2026-07-12T08:45:00Z,2026-07-12T10:45:00+0200,1791.906,MW,NL,NL,actual_offshore_wind_generation,Wind Offshore | Actual Aggregated,2026-08-07T04:53:21Z
2026-08-07T04:50:48Z,2026-08-07T06:50:48+0200,9de41e72-ad84-4160-af68-c339f970a640,2026-07-12T08:45:00Z,2026-07-12T10:45:00+0200,3.899,MW,NL,NL,actual_offshore_wind_generation,Wind Offshore | Actual Consumption,2026-08-07T04:53:21Z
2026-08-07T04:50:48Z,2026-08-07T06:50:48+0200,9de41e72-ad84-4160-af68-c339f970a640,2026-07-12T09:00:00Z,2026-07-12T11:00:00+0200,1249.166,MW,NL,NL,actual_offshore_wind_generation,Wind Offshore | Actual Aggregated,2026-08-07T04:53:21Z
2026-08-07T04:50:48Z,2026-08-07T06:50:48+0200,9de41e72-ad84-4160-af68-c339f970a640,2026-07-12T09:00:00Z,2026-07-12T11:00:00+0200,3.487,MW,NL,NL,actual_offshore_wind_generation,Wind Offshore | Actual Consumption,2026-08-07T04:53:21Z
2026-08-07T04:50:48Z,2026-08-07T06:50:48+0200,9de41e72-ad84-4160-af68-c339f970a640,2026-07-12T09:15:00Z,2026-07-12T11:15:00+0200,1334.53,MW,NL,NL,actual_offshore_wind_generation,Wind Offshore | Actual Aggregated,2026-08-07T04:53:21Z
2026-08-07T04:50:48Z,2026-08-07T06:50:48+0200,9de41e72-ad84-4160-af68-c339f970a640,2026-07-12T09:15:00Z,2026-07-12T11:15:00+0200,2.183,MW,NL,NL,actual_offshore_wind_generation,Wind Offshore | Actual Consumption,2026-08-07T04:53:21Z
2026-08-07T04:50:48Z,2026-08-07T06:50:48+0200,9de41e72-ad84-4160-af68-c339f970a640,2026-07-12T09:30:00Z,2026-07-12T11:30:00+0200,1080.026,MW,NL,NL,actual_offshore_wind_generation,Wind Offshore | Actual Aggregated,2026-08-07T04:53:21Z
2026-08-07T04:50:48Z,2026-08-07T06:50:48+0200,9de41e72-ad84-4160-af68-c339f970a640,2026-07-12T09:30:00Z,2026-07-12T11:30:00+0200,2.221,MW,NL,NL,actual_offshore_wind_generation,Wind Offshore | Actual Consumption,2026-08-07T04:53:21Z
2026-08-07T04:50:48Z,2026-08-07T06:50:48+0200,9de41e72-ad84-4160-af68-c339f970a640,2026-07-12T09:45:00Z,2026-07-12T11:45:00+0200,934.083,MW,NL,NL,actual_offshore_wind_generation,Wind Offshore | Actual Aggregated,2026-08-07T04:53:21Z
2026-08-07T04:50:48Z,2026-08-07T06:50:48+0200,9de41e72-ad84-4160-af68-c339f970a640,2026-07-12T09:45:00Z,2026-07-12T11:45:00+0200,2.495,MW,NL,NL,actual_offshore_wind_generation,Wind Offshore | Actual Consumption,2026-08-07T04:53:21Z
2026-08-07T04:50:48Z,2026-08-07T06:50:48+0200,9de41e72-ad84-4160-af68-c339f970a640,2026-07-12T10:00:00Z,2026-07-12T12:00:00+0200,868.357,MW,NL,NL,actual_offshore_wind_generation,Wind Offshore | Actual Aggregated,2026-08-07T04:53:21Z
2026-08-07T04:50:48Z,2026-08-07T06:50:48+0200,9de41e72-ad84-4160-af68-c339f970a640,2026-07-12T10:00:00Z,2026-07-12T12:00:00+0200,3.485,MW,NL,NL,actual_offshore_wind_generation,Wind Offshore | Actual Consumption,2026-08-07T04:53:21Z
2026-08-07T04:50:48Z,2026-08-07T06:50:48+0200,9de41e72-ad84-4160-af68-c339f970a640,2026-07-12T10:15:00Z,2026-07-12T12:15:00+0200,853.705,MW,NL,NL,actual_offshore_wind_generation,Wind Offshore | Actual Aggregated,2026-08-07T04:53:21Z
2026-08-07T04:50:48Z,2026-08-07T06:50:48+0200,9de41e72-ad84-4160-af68-c339f970a640,2026-07-12T10:15:00Z,2026-07-12T12:15:00+0200,3.227,MW,NL,NL,actual_offshore_wind_generation,Wind Offshore | Actual Consumption,2026-08-07T04:53:21Z
2026-08-07T04:50:48Z,2026-08-07T06:50:48+0200,9de41e72-ad84-4160-af68-c339f970a640,2026-07-12T10:30:00Z,2026-07-12T12:30:00+0200,848.868,MW,NL,NL,actual_offshore_wind_generation,Wind Offshore | Actual Aggregated,2026-08-07T04:53:21Z
2026-08-07T04:50:48Z,2026-08-07T06:50:48+0200,9de41e72-ad84-4160-af68-c339f970a640,2026-07-12T10:30:00Z,2026-07-12T12:30:00+0200,2.897,MW,NL,NL,actual_offshore_wind_generation,Wind Offshore | Actual Consumption,2026-08-07T04:53:21Z
2026-08-07T04:50:48Z,2026-08-07T06:50:48+0200,9de41e72-ad84-4160-af68-c339f970a640,2026-07-12T10:45:00Z,2026-07-12T12:45:00+0200,863.479,MW,NL,NL,actual_offshore_wind_generation,Wind Offshore | Actual Aggregated,2026-08-07T04:53:21Z
2026-08-07T04:50:48Z,2026-08-07T06:50:48+0200,9de41e72-ad84-4160-af68-c339f970a640,2026-07-12T10:45:00Z,2026-07-12T12:45:00+0200,2.789,MW,NL,NL,actual_offshore_wind_generation,Wind Offshore | Actual Consumption,2026-08-07T04:53:21Z
2026-08-07T04:50:48Z,2026-08-07T06:50:48+0200,9de41e72-ad84-4160-af68-c339f970a640,2026-07-12T11:00:00Z,2026-07-12T13:00:00+0200,878.391,MW,NL,NL,actual_offshore_wind_generation,Wind Offshore | Actual Aggregated,2026-08-07T04:53:21Z
2026-08-07T04:50:48Z,2026-08-07T06:50:48+0200,9de41e72-ad84-4160-af68-c339f970a640,2026-07-12T11:00:00Z,2026-07-12T13:00:00+0200,2.97,MW,NL,NL,actual_offshore_wind_generation,Wind Offshore | Actual Consumption,2026-08-07T04:53:21Z
2026-08-07T04:50:48Z,2026-08-07T06:50:48+0200,9de41e72-ad84-4160-af68-c339f970a640,2026-07-12T11:15:00Z,2026-07-12T13:15:00+0200,829.809,MW,NL,NL,actual_offshore_wind_generation,Wind Offshore | Actual Aggregated,2026-08-07T04:53:21Z
2026-08-07T04:50:48Z,2026-08-07T06:50:48+0200,9de41e72-ad84-4160-af68-c339f970a640,2026-07-12T11:15:00Z,2026-07-12T13:15:00+0200,3.153,MW,NL,NL,actual_offshore_wind_generation,Wind Offshore | Actual Consumption,2026-08-07T04:53:21Z
2026-08-07T04:50:48Z,2026-08-07T06:50:48+0200,9de41e72-ad84-4160-af68-c339f970a640,2026-07-12T11:30:00Z,2026-07-12T13:30:00+0200,873.867,MW,NL,NL,actual_offshore_wind_generation,Wind Offshore | Actual Aggregated,2026-08-07T04:53:21Z
2026-08-07T04:50:48Z,2026-08-07T06:50:48+0200,9de41e72-ad84-4160-af68-c339f970a640,2026-07-12T11:30:00Z,2026-07-12T13:30:00+0200,3.258,MW,NL,NL,actual_offshore_wind_generation,Wind Offshore | Actual Consumption,2026-08-07T04:53:21Z
2026-08-07T04:50:48Z,2026-08-07T06:50:48+0200,9de41e72-ad84-4160-af68-c339f970a640,2026-07-12T11:45:00Z,2026-07-12T13:45:00+0200,950.522,MW,NL,NL,actual_offshore_wind_generation,Wind Offshore | Actual Aggregated,2026-08-07T04:53:21Z
2026-08-07T04:50:48Z,2026-08-07T06:50:48+0200,9de41e72-ad84-4160-af68-c339f970a640,2026-07-12T11:45:00Z,2026-07-12T13:45:00+0200,3.105,MW,NL,NL,actual_offshore_wind_generation,Wind Offshore | Actual Consumption,2026-08-07T04:53:21Z
2026-08-07T04:50:48Z,2026-08-07T06:50:48+0200,9de41e72-ad84-4160-af68-c339f970a640,2026-07-12T12:00:00Z,2026-07-12T14:00:00+0200,1363.458,MW,NL,NL,actual_offshore_wind_generation,Wind Offshore | Actual Aggregated,2026-08-07T04:53:21Z
2026-08-07T04:50:48Z,2026-08-07T06:50:48+0200,9de41e72-ad84-4160-af68-c339f970a640,2026-07-12T12:00:00Z,2026-07-12T14:00:00+0200,2.687,MW,NL,NL,actual_offshore_wind_generation,Wind Offshore | Actual Consumption,2026-08-07T04:53:21Z
2026-08-07T04:50:48Z,2026-08-07T06:50:48+0200,9de41e72-ad84-4160-af68-c339f970a640,2026-07-12T12:15:00Z,2026-07-12T14:15:00+0200,1812.301,MW,NL,NL,actual_offshore_wind_generation,Wind Offshore | Actual Aggregated,2026-08-07T04:53:21Z
2026-08-07T04:50:48Z,2026-08-07T06:50:48+0200,9de41e72-ad84-4160-af68-c339f970a640,2026-07-12T12:15:00Z,2026-07-12T14:15:00+0200,2.719,MW,NL,NL,actual_offshore_wind_generation,Wind Offshore | Actual Consumption,2026-08-07T04:53:21Z
2026-08-07T04:50:48Z,2026-08-07T06:50:48+0200,9de41e72-ad84-4160-af68-c339f970a640,2026-07-12T12:30:00Z,2026-07-12T14:30:00+0200,1998.724,MW,NL,NL,actual_offshore_wind_generation,Wind Offshore | Actual Aggregated,2026-08-07T04:53:21Z
2026-08-07T04:50:48Z,2026-08-07T06:50:48+0200,9de41e72-ad84-4160-af68-c339f970a640,2026-07-12T12:30:00Z,2026-07-12T14:30:00+0200,2.694,MW,NL,NL,actual_offshore_wind_generation,Wind Offshore | Actual Consumption,2026-08-07T04:53:21Z
2026-08-07T04:50:48Z,2026-08-07T06:50:48+0200,9de41e72-ad84-4160-af68-c339f970a640,2026-07-12T12:45:00Z,2026-07-12T14:45:00+0200,1887.878,MW,NL,NL,actual_offshore_wind_generation,Wind Offshore | Actual Aggregated,2026-08-07T04:53:21Z
2026-08-07T04:50:48Z,2026-08-07T06:50:48+0200,9de41e72-ad84-4160-af68-c339f970a640,2026-07-12T12:45:00Z,2026-07-12T14:45:00+0200,2.668,MW,NL,NL,actual_offshore_wind_generation,Wind Offshore | Actual Consumption,2026-08-07T04:53:21Z
2026-08-07T04:50:48Z,2026-08-07T06:50:48+0200,9de41e72-ad84-4160-af68-c339f970a640,2026-07-12T13:00:00Z,2026-07-12T15:00:00+0200,1789.896,MW,NL,NL,actual_offshore_wind_generation,Wind Offshore | Actual Aggregated,2026-08-07T04:53:21Z
2026-08-07T04:50:48Z,2026-08-07T06:50:48+0200,9de41e72-ad84-4160-af68-c339f970a640,2026-07-12T13:00:00Z,2026-07-12T15:00:00+0200,2.724,MW,NL,NL,actual_offshore_wind_generation,Wind Offshore | Actual Consumption,2026-08-07T04:53:21Z
2026-08-07T04:50:48Z,2026-08-07T06:50:48+0200,9de41e72-ad84-4160-af68-c339f970a640,2026-07-12T13:15:00Z,2026-07-12T15:15:00+0200,1614.447,MW,NL,NL,actual_offshore_wind_generation,Wind Offshore | Actual Aggregated,2026-08-07T04:53:21Z
2026-08-07T04:50:48Z,2026-08-07T06:50:48+0200,9de41e72-ad84-4160-af68-c339f970a640,2026-07-12T13:15:00Z,2026-07-12T15:15:00+0200,2.649,MW,NL,NL,actual_offshore_wind_generation,Wind Offshore | Actual Consumption,2026-08-07T04:53:21Z
2026-08-07T04:50:48Z,2026-08-07T06:50:48+0200,9de41e72-ad84-4160-af68-c339f970a640,2026-07-12T13:30:00Z,2026-07-12T15:30:00+0200,1644.323,MW,NL,NL,actual_offshore_wind_generation,Wind Offshore | Actual Aggregated,2026-08-07T04:53:21Z
2026-08-07T04:50:48Z,2026-08-07T06:50:48+0200,9de41e72-ad84-4160-af68-c339f970a640,2026-07-12T13:30:00Z,2026-07-12T15:30:00+0200,2.673,MW,NL,NL,actual_offshore_wind_generation,Wind Offshore | Actual Consumption,2026-08-07T04:53:21Z
2026-08-07T04:50:48Z,2026-08-07T06:50:48+0200,9de41e72-ad84-4160-af68-c339f970a640,2026-07-12T13:45:00Z,2026-07-12T15:45:00+0200,2007.325,MW,NL,NL,actual_offshore_wind_generation,Wind Offshore | Actual Aggregated,2026-08-07T04:53:21Z
2026-08-07T04:50:48Z,2026-08-07T06:50:48+0200,9de41e72-ad84-4160-af68-c339f970a640,2026-07-12T13:45:00Z,2026-07-12T15:45:00+0200,2.664,MW,NL,NL,actual_offshore_wind_generation,Wind Offshore | Actual Consumption,2026-08-07T04:53:21Z
2026-08-07T04:50:48Z,2026-08-07T06:50:48+0200,9de41e72-ad84-4160-af68-c339f970a640,2026-07-12T14:00:00Z,2026-07-12T16:00:00+0200,2319.044,MW,NL,NL,actual_offshore_wind_generation,Wind Offshore | Actual Aggregated,2026-08-07T04:53:21Z
2026-08-07T04:50:48Z,2026-08-07T06:50:48+0200,9de41e72-ad84-4160-af68-c339f970a640,2026-07-12T14:00:00Z,2026-07-12T16:00:00+0200,1.99,MW,NL,NL,actual_offshore_wind_generation,Wind Offshore | Actual Consumption,2026-08-07T04:53:21Z
2026-08-07T04:50:48Z,2026-08-07T06:50:48+0200,9de41e72-ad84-4160-af68-c339f970a640,2026-07-12T14:15:00Z,2026-07-12T16:15:00+0200,2308.314,MW,NL,NL,actual_offshore_wind_generation,Wind Offshore | Actual Aggregated,2026-08-07T04:53:21Z
2026-08-07T04:50:48Z,2026-08-07T06:50:48+0200,9de41e72-ad84-4160-af68-c339f970a640,2026-07-12T14:15:00Z,2026-07-12T16:15:00+0200,1.998,MW,NL,NL,actual_offshore_wind_generation,Wind Offshore | Actual Consumption,2026-08-07T04:53:21Z
2026-08-07T04:50:48Z,2026-08-07T06:50:48+0200,9de41e72-ad84-4160-af68-c339f970a640,2026-07-12T14:30:00Z,2026-07-12T16:30:00+0200,2892.878,MW,NL,NL,actual_offshore_wind_generation,Wind Offshore | Actual Aggregated,2026-08-07T04:53:21Z
2026-08-07T04:50:48Z,2026-08-07T06:50:48+0200,9de41e72-ad84-4160-af68-c339f970a640,2026-07-12T14:30:00Z,2026-07-12T16:30:00+0200,6.989,MW,NL,NL,actual_offshore_wind_generation,Wind Offshore | Actual Consumption,2026-08-07T04:53:21Z
2026-08-07T04:50:48Z,2026-08-07T06:50:48+0200,9de41e72-ad84-4160-af68-c339f970a640,2026-07-12T14:45:00Z,2026-07-12T16:45:00+0200,2201.995,MW,NL,NL,actual_offshore_wind_generation,Wind Offshore | Actual Aggregated,2026-08-07T04:53:21Z
2026-08-07T04:50:48Z,2026-08-07T06:50:48+0200,9de41e72-ad84-4160-af68-c339f970a640,2026-07-12T14:45:00Z,2026-07-12T16:45:00+0200,2.32,MW,NL,NL,actual_offshore_wind_generation,Wind Offshore | Actual Consumption,2026-08-07T04:53:21Z
2026-08-07T04:50:48Z,2026-08-07T06:50:48+0200,9de41e72-ad84-4160-af68-c339f970a640,2026-07-12T15:00:00Z,2026-07-12T17:00:00+0200,2456.603,MW,NL,NL,actual_offshore_wind_generation,Wind Offshore | Actual Aggregated,2026-08-07T04:53:21Z
2026-08-07T04:50:48Z,2026-08-07T06:50:48+0200,9de41e72-ad84-4160-af68-c339f970a640,2026-07-12T15:00:00Z,2026-07-12T17:00:00+0200,7.663,MW,NL,NL,actual_offshore_wind_generation,Wind Offshore | Actual Consumption,2026-08-07T04:53:21Z
2026-08-07T04:50:48Z,2026-08-07T06:50:48+0200,9de41e72-ad84-4160-af68-c339f970a640,2026-07-12T15:15:00Z,2026-07-12T17:15:00+0200,3077.602,MW,NL,NL,actual_offshore_wind_generation,Wind Offshore | Actual Aggregated,2026-08-07T04:53:21Z
2026-08-07T04:50:48Z,2026-08-07T06:50:48+0200,9de41e72-ad84-4160-af68-c339f970a640,2026-07-12T15:15:00Z,2026-07-12T17:15:00+0200,8.497,MW,NL,NL,actual_offshore_wind_generation,Wind Offshore | Actual Consumption,2026-08-07T04:53:21Z
2026-08-07T04:50:48Z,2026-08-07T06:50:48+0200,9de41e72-ad84-4160-af68-c339f970a640,2026-07-12T15:30:00Z,2026-07-12T17:30:00+0200,3096.261,MW,NL,NL,actual_offshore_wind_generation,Wind Offshore | Actual Aggregated,2026-08-07T04:53:21Z
2026-08-07T04:50:48Z,2026-08-07T06:50:48+0200,9de41e72-ad84-4160-af68-c339f970a640,2026-07-12T15:30:00Z,2026-07-12T17:30:00+0200,8.526,MW,NL,NL,actual_offshore_wind_generation,Wind Offshore | Actual Consumption,2026-08-07T04:53:21Z
2026-08-07T04:50:48Z,2026-08-07T06:50:48+0200,9de41e72-ad84-4160-af68-c339f970a640,2026-07-12T15:45:00Z,2026-07-12T17:45:00+0200,3326.816,MW,NL,NL,actual_offshore_wind_generation,Wind Offshore | Actual Aggregated,2026-08-07T04:53:21Z
2026-08-07T04:50:48Z,2026-08-07T06:50:48+0200,9de41e72-ad84-4160-af68-c339f970a640,2026-07-12T15:45:00Z,2026-07-12T17:45:00+0200,7.715,MW,NL,NL,actual_offshore_wind_generation,Wind Offshore | Actual Consumption,2026-08-07T04:53:21Z
2026-08-07T04:50:48Z,2026-08-07T06:50:48+0200,9de41e72-ad84-4160-af68-c339f970a640,2026-07-12T16:00:00Z,2026-07-12T18:00:00+0200,3288.76,MW,NL,NL,actual_offshore_wind_generation,Wind Offshore | Actual Aggregated,2026-08-07T04:53:21Z
2026-08-07T04:50:48Z,2026-08-07T06:50:48+0200,9de41e72-ad84-4160-af68-c339f970a640,2026-07-12T16:00:00Z,2026-07-12T18:00:00+0200,7.558,MW,NL,NL,actual_offshore_wind_generation,Wind Offshore | Actual Consumption,2026-08-07T04:53:21Z
2026-08-07T04:50:48Z,2026-08-07T06:50:48+0200,9de41e72-ad84-4160-af68-c339f970a640,2026-07-12T16:15:00Z,2026-07-12T18:15:00+0200,3326.262,MW,NL,NL,actual_offshore_wind_generation,Wind Offshore | Actual Aggregated,2026-08-07T04:53:21Z
2026-08-07T04:50:48Z,2026-08-07T06:50:48+0200,9de41e72-ad84-4160-af68-c339f970a640,2026-07-12T16:15:00Z,2026-07-12T18:15:00+0200,7.693,MW,NL,NL,actual_offshore_wind_generation,Wind Offshore | Actual Consumption,2026-08-07T04:53:21Z
2026-08-07T04:50:48Z,2026-08-07T06:50:48+0200,9de41e72-ad84-4160-af68-c339f970a640,2026-07-12T16:30:00Z,2026-07-12T18:30:00+0200,3472.927,MW,NL,NL,actual_offshore_wind_generation,Wind Offshore | Actual Aggregated,2026-08-07T04:53:21Z
2026-08-07T04:50:48Z,2026-08-07T06:50:48+0200,9de41e72-ad84-4160-af68-c339f970a640,2026-07-12T16:30:00Z,2026-07-12T18:30:00+0200,18.742,MW,NL,NL,actual_offshore_wind_generation,Wind Offshore | Actual Consumption,2026-08-07T04:53:21Z
2026-08-07T04:50:48Z,2026-08-07T06:50:48+0200,9de41e72-ad84-4160-af68-c339f970a640,2026-07-12T16:45:00Z,2026-07-12T18:45:00+0200,3523.274,MW,NL,NL,actual_offshore_wind_generation,Wind Offshore | Actual Aggregated,2026-08-07T04:53:21Z
2026-08-07T04:50:48Z,2026-08-07T06:50:48+0200,9de41e72-ad84-4160-af68-c339f970a640,2026-07-12T16:45:00Z,2026-07-12T18:45:00+0200,18.711,MW,NL,NL,actual_offshore_wind_generation,Wind Offshore | Actual Consumption,2026-08-07T04:53:21Z
2026-08-07T04:50:48Z,2026-08-07T06:50:48+0200,9de41e72-ad84-4160-af68-c339f970a640,2026-07-12T17:00:00Z,2026-07-12T19:00:00+0200,3458.89,MW,NL,NL,actual_offshore_wind_generation,Wind Offshore | Actual Aggregated,2026-08-07T04:53:21Z
2026-08-07T04:50:48Z,2026-08-07T06:50:48+0200,9de41e72-ad84-4160-af68-c339f970a640,2026-07-12T17:00:00Z,2026-07-12T19:00:00+0200,18.747,MW,NL,NL,actual_offshore_wind_generation,Wind Offshore | Actual Consumption,2026-08-07T04:53:21Z
2026-08-07T04:50:48Z,2026-08-07T06:50:48+0200,9de41e72-ad84-4160-af68-c339f970a640,2026-07-12T17:15:00Z,2026-07-12T19:15:00+0200,3439.999,MW,NL,NL,actual_offshore_wind_generation,Wind Offshore | Actual Aggregated,2026-08-07T04:53:21Z
2026-08-07T04:50:48Z,2026-08-07T06:50:48+0200,9de41e72-ad84-4160-af68-c339f970a640,2026-07-12T17:15:00Z,2026-07-12T19:15:00+0200,18.729,MW,NL,NL,actual_offshore_wind_generation,Wind Offshore | Actual Consumption,2026-08-07T04:53:21Z
2026-08-07T04:50:48Z,2026-08-07T06:50:48+0200,9de41e72-ad84-4160-af68-c339f970a640,2026-07-12T17:30:00Z,2026-07-12T19:30:00+0200,3425.935,MW,NL,NL,actual_offshore_wind_generation,Wind Offshore | Actual Aggregated,2026-08-07T04:53:21Z
2026-08-07T04:50:48Z,2026-08-07T06:50:48+0200,9de41e72-ad84-4160-af68-c339f970a640,2026-07-12T17:30:00Z,2026-07-12T19:30:00+0200,18.803,MW,NL,NL,actual_offshore_wind_generation,Wind Offshore | Actual Consumption,2026-08-07T04:53:21Z
2026-08-07T04:50:48Z,2026-08-07T06:50:48+0200,9de41e72-ad84-4160-af68-c339f970a640,2026-07-12T17:45:00Z,2026-07-12T19:45:00+0200,3434.944,MW,NL,NL,actual_offshore_wind_generation,Wind Offshore | Actual Aggregated,2026-08-07T04:53:21Z
2026-08-07T04:50:48Z,2026-08-07T06:50:48+0200,9de41e72-ad84-4160-af68-c339f970a640,2026-07-12T17:45:00Z,2026-07-12T19:45:00+0200,18.701,MW,NL,NL,actual_offshore_wind_generation,Wind Offshore | Actual Consumption,2026-08-07T04:53:21Z
2026-08-07T04:50:48Z,2026-08-07T06:50:48+0200,9de41e72-ad84-4160-af68-c339f970a640,2026-07-12T18:00:00Z,2026-07-12T20:00:00+0200,3412.36,MW,NL,NL,actual_offshore_wind_generation,Wind Offshore | Actual Aggregated,2026-08-07T04:53:21Z
2026-08-07T04:50:48Z,2026-08-07T06:50:48+0200,9de41e72-ad84-4160-af68-c339f970a640,2026-07-12T18:00:00Z,2026-07-12T20:00:00+0200,18.702,MW,NL,NL,actual_offshore_wind_generation,Wind Offshore | Actual Consumption,2026-08-07T04:53:21Z
2026-08-07T04:50:48Z,2026-08-07T06:50:48+0200,9de41e72-ad84-4160-af68-c339f970a640,2026-07-12T18:15:00Z,2026-07-12T20:15:00+0200,3366.672,MW,NL,NL,actual_offshore_wind_generation,Wind Offshore | Actual Aggregated,2026-08-07T04:53:21Z
2026-08-07T04:50:48Z,2026-08-07T06:50:48+0200,9de41e72-ad84-4160-af68-c339f970a640,2026-07-12T18:15:00Z,2026-07-12T20:15:00+0200,18.76,MW,NL,NL,actual_offshore_wind_generation,Wind Offshore | Actual Consumption,2026-08-07T04:53:21Z
2026-08-07T04:50:48Z,2026-08-07T06:50:48+0200,9de41e72-ad84-4160-af68-c339f970a640,2026-07-12T18:30:00Z,2026-07-12T20:30:00+0200,3400.313,MW,NL,NL,actual_offshore_wind_generation,Wind Offshore | Actual Aggregated,2026-08-07T04:53:21Z
2026-08-07T04:50:48Z,2026-08-07T06:50:48+0200,9de41e72-ad84-4160-af68-c339f970a640,2026-07-12T18:30:00Z,2026-07-12T20:30:00+0200,18.686,MW,NL,NL,actual_offshore_wind_generation,Wind Offshore | Actual Consumption,2026-08-07T04:53:21Z
2026-08-07T04:50:48Z,2026-08-07T06:50:48+0200,9de41e72-ad84-4160-af68-c339f970a640,2026-07-12T18:45:00Z,2026-07-12T20:45:00+0200,3451.004,MW,NL,NL,actual_offshore_wind_generation,Wind Offshore | Actual Aggregated,2026-08-07T04:53:21Z
2026-08-07T04:50:48Z,2026-08-07T06:50:48+0200,9de41e72-ad84-4160-af68-c339f970a640,2026-07-12T18:45:00Z,2026-07-12T20:45:00+0200,18.718,MW,NL,NL,actual_offshore_wind_generation,Wind Offshore | Actual Consumption,2026-08-07T04:53:21Z
2026-08-07T04:50:48Z,2026-08-07T06:50:48+0200,9de41e72-ad84-4160-af68-c339f970a640,2026-07-12T19:00:00Z,2026-07-12T21:00:00+0200,3539.395,MW,NL,NL,actual_offshore_wind_generation,Wind Offshore | Actual Aggregated,2026-08-07T04:53:21Z
2026-08-07T04:50:48Z,2026-08-07T06:50:48+0200,9de41e72-ad84-4160-af68-c339f970a640,2026-07-12T19:00:00Z,2026-07-12T21:00:00+0200,18.762,MW,NL,NL,actual_offshore_wind_generation,Wind Offshore | Actual Consumption,2026-08-07T04:53:21Z
2026-08-07T04:50:48Z,2026-08-07T06:50:48+0200,9de41e72-ad84-4160-af68-c339f970a640,2026-07-12T19:15:00Z,2026-07-12T21:15:00+0200,3615.346,MW,NL,NL,actual_offshore_wind_generation,Wind Offshore | Actual Aggregated,2026-08-07T04:53:21Z
2026-08-07T04:50:48Z,2026-08-07T06:50:48+0200,9de41e72-ad84-4160-af68-c339f970a640,2026-07-12T19:15:00Z,2026-07-12T21:15:00+0200,18.829,MW,NL,NL,actual_offshore_wind_generation,Wind Offshore | Actual Consumption,2026-08-07T04:53:21Z
2026-08-07T04:50:48Z,2026-08-07T06:50:48+0200,9de41e72-ad84-4160-af68-c339f970a640,2026-07-12T19:30:00Z,2026-07-12T21:30:00+0200,3642.334,MW,NL,NL,actual_offshore_wind_generation,Wind Offshore | Actual Aggregated,2026-08-07T04:53:21Z
2026-08-07T04:50:48Z,2026-08-07T06:50:48+0200,9de41e72-ad84-4160-af68-c339f970a640,2026-07-12T19:30:00Z,2026-07-12T21:30:00+0200,18.825,MW,NL,NL,actual_offshore_wind_generation,Wind Offshore | Actual Consumption,2026-08-07T04:53:21Z
2026-08-07T04:50:48Z,2026-08-07T06:50:48+0200,9de41e72-ad84-4160-af68-c339f970a640,2026-07-12T19:45:00Z,2026-07-12T21:45:00+0200,3637.053,MW,NL,NL,actual_offshore_wind_generation,Wind Offshore | Actual Aggregated,2026-08-07T04:53:21Z
2026-08-07T04:50:48Z,2026-08-07T06:50:48+0200,9de41e72-ad84-4160-af68-c339f970a640,2026-07-12T19:45:00Z,2026-07-12T21:45:00+0200,18.659,MW,NL,NL,actual_offshore_wind_generation,Wind Offshore | Actual Consumption,2026-08-07T04:53:21Z
2026-08-07T04:50:48Z,2026-08-07T06:50:48+0200,9de41e72-ad84-4160-af68-c339f970a640,2026-07-12T20:00:00Z,2026-07-12T22:00:00+0200,3595.269,MW,NL,NL,actual_offshore_wind_generation,Wind Offshore | Actual Aggregated,2026-08-07T04:53:21Z
2026-08-07T04:50:48Z,2026-08-07T06:50:48+0200,9de41e72-ad84-4160-af68-c339f970a640,2026-07-12T20:00:00Z,2026-07-12T22:00:00+0200,18.898,MW,NL,NL,actual_offshore_wind_generation,Wind Offshore | Actual Consumption,2026-08-07T04:53:21Z
2026-08-07T04:50:48Z,2026-08-07T06:50:48+0200,9de41e72-ad84-4160-af68-c339f970a640,2026-07-12T20:15:00Z,2026-07-12T22:15:00+0200,3533.979,MW,NL,NL,actual_offshore_wind_generation,Wind Offshore | Actual Aggregated,2026-08-07T04:53:21Z
2026-08-07T04:50:48Z,2026-08-07T06:50:48+0200,9de41e72-ad84-4160-af68-c339f970a640,2026-07-12T20:15:00Z,2026-07-12T22:15:00+0200,18.72,MW,NL,NL,actual_offshore_wind_generation,Wind Offshore | Actual Consumption,2026-08-07T04:53:21Z
2026-08-07T04:50:48Z,2026-08-07T06:50:48+0200,9de41e72-ad84-4160-af68-c339f970a640,2026-07-12T20:30:00Z,2026-07-12T22:30:00+0200,3533.118,MW,NL,NL,actual_offshore_wind_generation,Wind Offshore | Actual Aggregated,2026-08-07T04:53:21Z
2026-08-07T04:50:48Z,2026-08-07T06:50:48+0200,9de41e72-ad84-4160-af68-c339f970a640,2026-07-12T20:30:00Z,2026-07-12T22:30:00+0200,18.822,MW,NL,NL,actual_offshore_wind_generation,Wind Offshore | Actual Consumption,2026-08-07T04:53:21Z
2026-08-07T04:50:48Z,2026-08-07T06:50:48+0200,9de41e72-ad84-4160-af68-c339f970a640,2026-07-12T20:45:00Z,2026-07-12T22:45:00+0200,3471.758,MW,NL,NL,actual_offshore_wind_generation,Wind Offshore | Actual Aggregated,2026-08-07T04:53:21Z
2026-08-07T04:50:48Z,2026-08-07T06:50:48+0200,9de41e72-ad84-4160-af68-c339f970a640,2026-07-12T20:45:00Z,2026-07-12T22:45:00+0200,18.759,MW,NL,NL,actual_offshore_wind_generation,Wind Offshore | Actual Consumption,2026-08-07T04:53:21Z
2026-08-07T04:50:48Z,2026-08-07T06:50:48+0200,9de41e72-ad84-4160-af68-c339f970a640,2026-07-12T21:00:00Z,2026-07-12T23:00:00+0200,3402.864,MW,NL,NL,actual_offshore_wind_generation,Wind Offshore | Actual Aggregated,2026-08-07T04:53:21Z
2026-08-07T04:50:48Z,2026-08-07T06:50:48+0200,9de41e72-ad84-4160-af68-c339f970a640,2026-07-12T21:00:00Z,2026-07-12T23:00:00+0200,18.728,MW,NL,NL,actual_offshore_wind_generation,Wind Offshore | Actual Consumption,2026-08-07T04:53:21Z
2026-08-07T04:50:48Z,2026-08-07T06:50:48+0200,9de41e72-ad84-4160-af68-c339f970a640,2026-07-12T21:15:00Z,2026-07-12T23:15:00+0200,3391.683,MW,NL,NL,actual_offshore_wind_generation,Wind Offshore | Actual Aggregated,2026-08-07T04:53:21Z
2026-08-07T04:50:48Z,2026-08-07T06:50:48+0200,9de41e72-ad84-4160-af68-c339f970a640,2026-07-12T21:15:00Z,2026-07-12T23:15:00+0200,18.762,MW,NL,NL,actual_offshore_wind_generation,Wind Offshore | Actual Consumption,2026-08-07T04:53:21Z
2026-08-07T04:50:48Z,2026-08-07T06:50:48+0200,9de41e72-ad84-4160-af68-c339f970a640,2026-07-12T21:30:00Z,2026-07-12T23:30:00+0200,3309.03,MW,NL,NL,actual_offshore_wind_generation,Wind Offshore | Actual Aggregated,2026-08-07T04:53:21Z
2026-08-07T04:50:48Z,2026-08-07T06:50:48+0200,9de41e72-ad84-4160-af68-c339f970a640,2026-07-12T21:30:00Z,2026-07-12T23:30:00+0200,18.45,MW,NL,NL,actual_offshore_wind_generation,Wind Offshore | Actual Consumption,2026-08-07T04:53:21Z
2026-08-07T04:50:48Z,2026-08-07T06:50:48+0200,9de41e72-ad84-4160-af68-c339f970a640,2026-07-12T21:45:00Z,2026-07-12T23:45:00+0200,3258.245,MW,NL,NL,actual_offshore_wind_generation,Wind Offshore | Actual Aggregated,2026-08-07T04:53:21Z
2026-08-07T04:50:48Z,2026-08-07T06:50:48+0200,9de41e72-ad84-4160-af68-c339f970a640,2026-07-12T21:45:00Z,2026-07-12T23:45:00+0200,18.614,MW,NL,NL,actual_offshore_wind_generation,Wind Offshore | Actual Consumption,2026-08-07T04:53:21Z
2026-08-07T04:50:48Z,2026-08-07T06:50:48+0200,9de41e72-ad84-4160-af68-c339f970a640,2026-07-12T22:00:00Z,2026-07-13T00:00:00+0200,3178.945,MW,NL,NL,actual_offshore_wind_generation,Wind Offshore | Actual Aggregated,2026-08-07T04:53:21Z
2026-08-07T04:50:48Z,2026-08-07T06:50:48+0200,9de41e72-ad84-4160-af68-c339f970a640,2026-07-12T22:00:00Z,2026-07-13T00:00:00+0200,18.818,MW,NL,NL,actual_offshore_wind_generation,Wind Offshore | Actual Consumption,2026-08-07T04:53:21Z
2026-08-07T04:50:48Z,2026-08-07T06:50:48+0200,9de41e72-ad84-4160-af68-c339f970a640,2026-07-12T22:15:00Z,2026-07-13T00:15:00+0200,3109.836,MW,NL,NL,actual_offshore_wind_generation,Wind Offshore | Actual Aggregated,2026-08-07T04:53:21Z
2026-08-07T04:50:48Z,2026-08-07T06:50:48+0200,9de41e72-ad84-4160-af68-c339f970a640,2026-07-12T22:15:00Z,2026-07-13T00:15:00+0200,18.728,MW,NL,NL,actual_offshore_wind_generation,Wind Offshore | Actual Consumption,2026-08-07T04:53:21Z
2026-08-07T04:50:48Z,2026-08-07T06:50:48+0200,9de41e72-ad84-4160-af68-c339f970a640,2026-07-12T22:30:00Z,2026-07-13T00:30:00+0200,3049.917,MW,NL,NL,actual_offshore_wind_generation,Wind Offshore | Actual Aggregated,2026-08-07T04:53:21Z
2026-08-07T04:50:48Z,2026-08-07T06:50:48+0200,9de41e72-ad84-4160-af68-c339f970a640,2026-07-12T22:30:00Z,2026-07-13T00:30:00+0200,18.783,MW,NL,NL,actual_offshore_wind_generation,Wind Offshore | Actual Consumption,2026-08-07T04:53:21Z
2026-08-07T04:50:48Z,2026-08-07T06:50:48+0200,9de41e72-ad84-4160-af68-c339f970a640,2026-07-12T22:45:00Z,2026-07-13T00:45:00+0200,2992.621,MW,NL,NL,actual_offshore_wind_generation,Wind Offshore | Actual Aggregated,2026-08-07T04:53:21Z
2026-08-07T04:50:48Z,2026-08-07T06:50:48+0200,9de41e72-ad84-4160-af68-c339f970a640,2026-07-12T22:45:00Z,2026-07-13T00:45:00+0200,18.542,MW,NL,NL,actual_offshore_wind_generation,Wind Offshore | Actual Consumption,2026-08-07T04:53:21Z
2026-08-07T04:50:48Z,2026-08-07T06:50:48+0200,9de41e72-ad84-4160-af68-c339f970a640,2026-07-12T23:00:00Z,2026-07-13T01:00:00+0200,2962.41,MW,NL,NL,actual_offshore_wind_generation,Wind Offshore | Actual Aggregated,2026-08-07T04:53:21Z
2026-08-07T04:50:48Z,2026-08-07T06:50:48+0200,9de41e72-ad84-4160-af68-c339f970a640,2026-07-12T23:00:00Z,2026-07-13T01:00:00+0200,18.242,MW,NL,NL,actual_offshore_wind_generation,Wind Offshore | Actual Consumption,2026-08-07T04:53:21Z
2026-08-07T04:50:48Z,2026-08-07T06:50:48+0200,9de41e72-ad84-4160-af68-c339f970a640,2026-07-12T23:15:00Z,2026-07-13T01:15:00+0200,2914.524,MW,NL,NL,actual_offshore_wind_generation,Wind Offshore | Actual Aggregated,2026-08-07T04:53:21Z
2026-08-07T04:50:48Z,2026-08-07T06:50:48+0200,9de41e72-ad84-4160-af68-c339f970a640,2026-07-12T23:15:00Z,2026-07-13T01:15:00+0200,18.339,MW,NL,NL,actual_offshore_wind_generation,Wind Offshore | Actual Consumption,2026-08-07T04:53:21Z
2026-08-07T04:50:48Z,2026-08-07T06:50:48+0200,9de41e72-ad84-4160-af68-c339f970a640,2026-07-12T23:30:00Z,2026-07-13T01:30:00+0200,2913.006,MW,NL,NL,actual_offshore_wind_generation,Wind Offshore | Actual Aggregated,2026-08-07T04:53:21Z
2026-08-07T04:50:48Z,2026-08-07T06:50:48+0200,9de41e72-ad84-4160-af68-c339f970a640,2026-07-12T23:30:00Z,2026-07-13T01:30:00+0200,17.738,MW,NL,NL,actual_offshore_wind_generation,Wind Offshore | Actual Consumption,2026-08-07T04:53:21Z
2026-08-07T04:50:48Z,2026-08-07T06:50:48+0200,9de41e72-ad84-4160-af68-c339f970a640,2026-07-12T23:45:00Z,2026-07-13T01:45:00+0200,2846.339,MW,NL,NL,actual_offshore_wind_generation,Wind Offshore | Actual Aggregated,2026-08-07T04:53:21Z
2026-08-07T04:50:48Z,2026-08-07T06:50:48+0200,9de41e72-ad84-4160-af68-c339f970a640,2026-07-12T23:45:00Z,2026-07-13T01:45:00+0200,17.71,MW,NL,NL,actual_offshore_wind_generation,Wind Offshore | Actual Consumption,2026-08-07T04:53:21Z
2026-08-07T04:50:48Z,2026-08-07T06:50:48+0200,9de41e72-ad84-4160-af68-c339f970a640,2026-07-13T00:00:00Z,2026-07-13T02:00:00+0200,2838.094,MW,NL,NL,actual_offshore_wind_generation,Wind Offshore | Actual Aggregated,2026-08-07T04:53:21Z
2026-08-07T04:50:48Z,2026-08-07T06:50:48+0200,9de41e72-ad84-4160-af68-c339f970a640,2026-07-13T00:00:00Z,2026-07-13T02:00:00+0200,16.811,MW,NL,NL,actual_offshore_wind_generation,Wind Offshore | Actual Consumption,2026-08-07T04:53:21Z
2026-08-07T04:50:48Z,2026-08-07T06:50:48+0200,9de41e72-ad84-4160-af68-c339f970a640,2026-07-13T00:15:00Z,2026-07-13T02:15:00+0200,2840.073,MW,NL,NL,actual_offshore_wind_generation,Wind Offshore | Actual Aggregated,2026-08-07T04:53:21Z
2026-08-07T04:50:48Z,2026-08-07T06:50:48+0200,9de41e72-ad84-4160-af68-c339f970a640,2026-07-13T00:15:00Z,2026-07-13T02:15:00+0200,17.309,MW,NL,NL,actual_offshore_wind_generation,Wind Offshore | Actual Consumption,2026-08-07T04:53:21Z
2026-08-07T04:50:48Z,2026-08-07T06:50:48+0200,9de41e72-ad84-4160-af68-c339f970a640,2026-07-13T00:30:00Z,2026-07-13T02:30:00+0200,2786.622,MW,NL,NL,actual_offshore_wind_generation,Wind Offshore | Actual Aggregated,2026-08-07T04:53:21Z
2026-08-07T04:50:48Z,2026-08-07T06:50:48+0200,9de41e72-ad84-4160-af68-c339f970a640,2026-07-13T00:30:00Z,2026-07-13T02:30:00+0200,14.702,MW,NL,NL,actual_offshore_wind_generation,Wind Offshore | Actual Consumption,2026-08-07T04:53:21Z
2026-08-07T04:50:48Z,2026-08-07T06:50:48+0200,9de41e72-ad84-4160-af68-c339f970a640,2026-07-13T00:45:00Z,2026-07-13T02:45:00+0200,2672.708,MW,NL,NL,actual_offshore_wind_generation,Wind Offshore | Actual Aggregated,2026-08-07T04:53:21Z
2026-08-07T04:50:48Z,2026-08-07T06:50:48+0200,9de41e72-ad84-4160-af68-c339f970a640,2026-07-13T00:45:00Z,2026-07-13T02:45:00+0200,15.682,MW,NL,NL,actual_offshore_wind_generation,Wind Offshore | Actual Consumption,2026-08-07T04:53:21Z
2026-08-07T04:50:48Z,2026-08-07T06:50:48+0200,9de41e72-ad84-4160-af68-c339f970a640,2026-07-13T01:00:00Z,2026-07-13T03:00:00+0200,2632.354,MW,NL,NL,actual_offshore_wind_generation,Wind Offshore | Actual Aggregated,2026-08-07T04:53:21Z
2026-08-07T04:50:48Z,2026-08-07T06:50:48+0200,9de41e72-ad84-4160-af68-c339f970a640,2026-07-13T01:00:00Z,2026-07-13T03:00:00+0200,15.431,MW,NL,NL,actual_offshore_wind_generation,Wind Offshore | Actual Consumption,2026-08-07T04:53:21Z
2026-08-07T04:50:48Z,2026-08-07T06:50:48+0200,9de41e72-ad84-4160-af68-c339f970a640,2026-07-13T01:15:00Z,2026-07-13T03:15:00+0200,2653.355,MW,NL,NL,actual_offshore_wind_generation,Wind Offshore | Actual Aggregated,2026-08-07T04:53:21Z
2026-08-07T04:50:48Z,2026-08-07T06:50:48+0200,9de41e72-ad84-4160-af68-c339f970a640,2026-07-13T01:15:00Z,2026-07-13T03:15:00+0200,13.003,MW,NL,NL,actual_offshore_wind_generation,Wind Offshore | Actual Consumption,2026-08-07T04:53:21Z
2026-08-07T04:50:48Z,2026-08-07T06:50:48+0200,9de41e72-ad84-4160-af68-c339f970a640,2026-07-13T01:30:00Z,2026-07-13T03:30:00+0200,2588.619,MW,NL,NL,actual_offshore_wind_generation,Wind Offshore | Actual Aggregated,2026-08-07T04:53:21Z
2026-08-07T04:50:48Z,2026-08-07T06:50:48+0200,9de41e72-ad84-4160-af68-c339f970a640,2026-07-13T01:30:00Z,2026-07-13T03:30:00+0200,11.54,MW,NL,NL,actual_offshore_wind_generation,Wind Offshore | Actual Consumption,2026-08-07T04:53:21Z
2026-08-07T04:50:48Z,2026-08-07T06:50:48+0200,9de41e72-ad84-4160-af68-c339f970a640,2026-07-13T01:45:00Z,2026-07-13T03:45:00+0200,2566.096,MW,NL,NL,actual_offshore_wind_generation,Wind Offshore | Actual Aggregated,2026-08-07T04:53:21Z
2026-08-07T04:50:48Z,2026-08-07T06:50:48+0200,9de41e72-ad84-4160-af68-c339f970a640,2026-07-13T01:45:00Z,2026-07-13T03:45:00+0200,12.838,MW,NL,NL,actual_offshore_wind_generation,Wind Offshore | Actual Consumption,2026-08-07T04:53:21Z
2026-08-07T04:50:48Z,2026-08-07T06:50:48+0200,9de41e72-ad84-4160-af68-c339f970a640,2026-07-13T02:00:00Z,2026-07-13T04:00:00+0200,2477.119,MW,NL,NL,actual_offshore_wind_generation,Wind Offshore | Actual Aggregated,2026-08-07T04:53:21Z
2026-08-07T04:50:48Z,2026-08-07T06:50:48+0200,9de41e72-ad84-4160-af68-c339f970a640,2026-07-13T02:00:00Z,2026-07-13T04:00:00+0200,11.563,MW,NL,NL,actual_offshore_wind_generation,Wind Offshore | Actual Consumption,2026-08-07T04:53:21Z
2026-08-07T04:50:48Z,2026-08-07T06:50:48+0200,9de41e72-ad84-4160-af68-c339f970a640,2026-07-13T02:15:00Z,2026-07-13T04:15:00+0200,2375.618,MW,NL,NL,actual_offshore_wind_generation,Wind Offshore | Actual Aggregated,2026-08-07T04:53:21Z
2026-08-07T04:50:48Z,2026-08-07T06:50:48+0200,9de41e72-ad84-4160-af68-c339f970a640,2026-07-13T02:15:00Z,2026-07-13T04:15:00+0200,10.177,MW,NL,NL,actual_offshore_wind_generation,Wind Offshore | Actual Consumption,2026-08-07T04:53:21Z
2026-08-07T04:50:48Z,2026-08-07T06:50:48+0200,9de41e72-ad84-4160-af68-c339f970a640,2026-07-13T02:30:00Z,2026-07-13T04:30:00+0200,2295.073,MW,NL,NL,actual_offshore_wind_generation,Wind Offshore | Actual Aggregated,2026-08-07T04:53:21Z
2026-08-07T04:50:48Z,2026-08-07T06:50:48+0200,9de41e72-ad84-4160-af68-c339f970a640,2026-07-13T02:30:00Z,2026-07-13T04:30:00+0200,9.691,MW,NL,NL,actual_offshore_wind_generation,Wind Offshore | Actual Consumption,2026-08-07T04:53:21Z
2026-08-07T04:50:48Z,2026-08-07T06:50:48+0200,9de41e72-ad84-4160-af68-c339f970a640,2026-07-13T02:45:00Z,2026-07-13T04:45:00+0200,2171.574,MW,NL,NL,actual_offshore_wind_generation,Wind Offshore | Actual Aggregated,2026-08-07T04:53:21Z
2026-08-07T04:50:48Z,2026-08-07T06:50:48+0200,9de41e72-ad84-4160-af68-c339f970a640,2026-07-13T02:45:00Z,2026-07-13T04:45:00+0200,7.781,MW,NL,NL,actual_offshore_wind_generation,Wind Offshore | Actual Consumption,2026-08-07T04:53:21Z
2026-08-07T04:50:48Z,2026-08-07T06:50:48+0200,9de41e72-ad84-4160-af68-c339f970a640,2026-07-13T03:00:00Z,2026-07-13T05:00:00+0200,2174.848,MW,NL,NL,actual_offshore_wind_generation,Wind Offshore | Actual Aggregated,2026-08-07T04:53:21Z
2026-08-07T04:50:48Z,2026-08-07T06:50:48+0200,9de41e72-ad84-4160-af68-c339f970a640,2026-07-13T03:00:00Z,2026-07-13T05:00:00+0200,11.41,MW,NL,NL,actual_offshore_wind_generation,Wind Offshore | Actual Consumption,2026-08-07T04:53:21Z
2026-08-07T04:50:48Z,2026-08-07T06:50:48+0200,9de41e72-ad84-4160-af68-c339f970a640,2026-07-13T03:15:00Z,2026-07-13T05:15:00+0200,2083.246,MW,NL,NL,actual_offshore_wind_generation,Wind Offshore | Actual Aggregated,2026-08-07T04:53:21Z
2026-08-07T04:50:48Z,2026-08-07T06:50:48+0200,9de41e72-ad84-4160-af68-c339f970a640,2026-07-13T03:15:00Z,2026-07-13T05:15:00+0200,10.419,MW,NL,NL,actual_offshore_wind_generation,Wind Offshore | Actual Consumption,2026-08-07T04:53:21Z
2026-08-07T04:50:48Z,2026-08-07T06:50:48+0200,9de41e72-ad84-4160-af68-c339f970a640,2026-07-13T03:30:00Z,2026-07-13T05:30:00+0200,1982.122,MW,NL,NL,actual_offshore_wind_generation,Wind Offshore | Actual Aggregated,2026-08-07T04:53:21Z
2026-08-07T04:50:48Z,2026-08-07T06:50:48+0200,9de41e72-ad84-4160-af68-c339f970a640,2026-07-13T03:30:00Z,2026-07-13T05:30:00+0200,10.485,MW,NL,NL,actual_offshore_wind_generation,Wind Offshore | Actual Consumption,2026-08-07T04:53:21Z
2026-08-07T04:50:48Z,2026-08-07T06:50:48+0200,9de41e72-ad84-4160-af68-c339f970a640,2026-07-13T03:45:00Z,2026-07-13T05:45:00+0200,1928.812,MW,NL,NL,actual_offshore_wind_generation,Wind Offshore | Actual Aggregated,2026-08-07T04:53:21Z
2026-08-07T04:50:48Z,2026-08-07T06:50:48+0200,9de41e72-ad84-4160-af68-c339f970a640,2026-07-13T03:45:00Z,2026-07-13T05:45:00+0200,9.827,MW,NL,NL,actual_offshore_wind_generation,Wind Offshore | Actual Consumption,2026-08-07T04:53:21Z
2026-08-07T04:50:48Z,2026-08-07T06:50:48+0200,9de41e72-ad84-4160-af68-c339f970a640,2026-07-13T04:00:00Z,2026-07-13T06:00:00+0200,1863.149,MW,NL,NL,actual_offshore_wind_generation,Wind Offshore | Actual Aggregated,2026-08-07T04:53:21Z
2026-08-07T04:50:48Z,2026-08-07T06:50:48+0200,9de41e72-ad84-4160-af68-c339f970a640,2026-07-13T04:00:00Z,2026-07-13T06:00:00+0200,9.136,MW,NL,NL,actual_offshore_wind_generation,Wind Offshore | Actual Consumption,2026-08-07T04:53:21Z
2026-08-07T04:50:48Z,2026-08-07T06:50:48+0200,9de41e72-ad84-4160-af68-c339f970a640,2026-07-13T04:15:00Z,2026-07-13T06:15:00+0200,1774.437,MW,NL,NL,actual_offshore_wind_generation,Wind Offshore | Actual Aggregated,2026-08-07T04:53:21Z
2026-08-07T04:50:48Z,2026-08-07T06:50:48+0200,9de41e72-ad84-4160-af68-c339f970a640,2026-07-13T04:15:00Z,2026-07-13T06:15:00+0200,9.242,MW,NL,NL,actual_offshore_wind_generation,Wind Offshore | Actual Consumption,2026-08-07T04:53:21Z
2026-08-07T04:50:48Z,2026-08-07T06:50:48+0200,9de41e72-ad84-4160-af68-c339f970a640,2026-07-13T04:30:00Z,2026-07-13T06:30:00+0200,1710.891,MW,NL,NL,actual_offshore_wind_generation,Wind Offshore | Actual Aggregated,2026-08-07T04:53:21Z
2026-08-07T04:50:48Z,2026-08-07T06:50:48+0200,9de41e72-ad84-4160-af68-c339f970a640,2026-07-13T04:30:00Z,2026-07-13T06:30:00+0200,7.401,MW,NL,NL,actual_offshore_wind_generation,Wind Offshore | Actual Consumption,2026-08-07T04:53:21Z
2026-08-07T04:50:48Z,2026-08-07T06:50:48+0200,9de41e72-ad84-4160-af68-c339f970a640,2026-07-13T04:45:00Z,2026-07-13T06:45:00+0200,1646.806,MW,NL,NL,actual_offshore_wind_generation,Wind Offshore | Actual Aggregated,2026-08-07T04:53:21Z
2026-08-07T04:50:48Z,2026-08-07T06:50:48+0200,9de41e72-ad84-4160-af68-c339f970a640,2026-07-13T04:45:00Z,2026-07-13T06:45:00+0200,9.348,MW,NL,NL,actual_offshore_wind_generation,Wind Offshore | Actual Consumption,2026-08-07T04:53:21Z
2026-08-07T04:50:48Z,2026-08-07T06:50:48+0200,9de41e72-ad84-4160-af68-c339f970a640,2026-07-13T05:00:00Z,2026-07-13T07:00:00+0200,1692.445,MW,NL,NL,actual_offshore_wind_generation,Wind Offshore | Actual Aggregated,2026-08-07T04:53:21Z
2026-08-07T04:50:48Z,2026-08-07T06:50:48+0200,9de41e72-ad84-4160-af68-c339f970a640,2026-07-13T05:00:00Z,2026-07-13T07:00:00+0200,7.339,MW,NL,NL,actual_offshore_wind_generation,Wind Offshore | Actual Consumption,2026-08-07T04:53:21Z
2026-08-07T04:50:48Z,2026-08-07T06:50:48+0200,9de41e72-ad84-4160-af68-c339f970a640,2026-07-13T05:15:00Z,2026-07-13T07:15:00+0200,1687.031,MW,NL,NL,actual_offshore_wind_generation,Wind Offshore | Actual Aggregated,2026-08-07T04:53:21Z
2026-08-07T04:50:48Z,2026-08-07T06:50:48+0200,9de41e72-ad84-4160-af68-c339f970a640,2026-07-13T05:15:00Z,2026-07-13T07:15:00+0200,9.206,MW,NL,NL,actual_offshore_wind_generation,Wind Offshore | Actual Consumption,2026-08-07T04:53:21Z
2026-08-07T04:50:48Z,2026-08-07T06:50:48+0200,9de41e72-ad84-4160-af68-c339f970a640,2026-07-13T05:30:00Z,2026-07-13T07:30:00+0200,1650.514,MW,NL,NL,actual_offshore_wind_generation,Wind Offshore | Actual Aggregated,2026-08-07T04:53:21Z
2026-08-07T04:50:48Z,2026-08-07T06:50:48+0200,9de41e72-ad84-4160-af68-c339f970a640,2026-07-13T05:30:00Z,2026-07-13T07:30:00+0200,8.36,MW,NL,NL,actual_offshore_wind_generation,Wind Offshore | Actual Consumption,2026-08-07T04:53:21Z
2026-08-07T04:50:48Z,2026-08-07T06:50:48+0200,9de41e72-ad84-4160-af68-c339f970a640,2026-07-13T05:45:00Z,2026-07-13T07:45:00+0200,1647.496,MW,NL,NL,actual_offshore_wind_generation,Wind Offshore | Actual Aggregated,2026-08-07T04:53:21Z
2026-08-07T04:50:48Z,2026-08-07T06:50:48+0200,9de41e72-ad84-4160-af68-c339f970a640,2026-07-13T05:45:00Z,2026-07-13T07:45:00+0200,9.406,MW,NL,NL,actual_offshore_wind_generation,Wind Offshore | Actual Consumption,2026-08-07T04:53:21Z
2026-08-07T04:50:48Z,2026-08-07T06:50:48+0200,9de41e72-ad84-4160-af68-c339f970a640,2026-07-13T06:00:00Z,2026-07-13T08:00:00+0200,1635.434,MW,NL,NL,actual_offshore_wind_generation,Wind Offshore | Actual Aggregated,2026-08-07T04:53:21Z
2026-08-07T04:50:48Z,2026-08-07T06:50:48+0200,9de41e72-ad84-4160-af68-c339f970a640,2026-07-13T06:00:00Z,2026-07-13T08:00:00+0200,9.894,MW,NL,NL,actual_offshore_wind_generation,Wind Offshore | Actual Consumption,2026-08-07T04:53:21Z
2026-08-07T04:50:48Z,2026-08-07T06:50:48+0200,9de41e72-ad84-4160-af68-c339f970a640,2026-07-13T06:15:00Z,2026-07-13T08:15:00+0200,1647.792,MW,NL,NL,actual_offshore_wind_generation,Wind Offshore | Actual Aggregated,2026-08-07T04:53:21Z
2026-08-07T04:50:48Z,2026-08-07T06:50:48+0200,9de41e72-ad84-4160-af68-c339f970a640,2026-07-13T06:15:00Z,2026-07-13T08:15:00+0200,13.739,MW,NL,NL,actual_offshore_wind_generation,Wind Offshore | Actual Consumption,2026-08-07T04:53:21Z
2026-08-07T04:50:48Z,2026-08-07T06:50:48+0200,9de41e72-ad84-4160-af68-c339f970a640,2026-07-13T06:30:00Z,2026-07-13T08:30:00+0200,1615.633,MW,NL,NL,actual_offshore_wind_generation,Wind Offshore | Actual Aggregated,2026-08-07T04:53:21Z
2026-08-07T04:50:48Z,2026-08-07T06:50:48+0200,9de41e72-ad84-4160-af68-c339f970a640,2026-07-13T06:30:00Z,2026-07-13T08:30:00+0200,11.903,MW,NL,NL,actual_offshore_wind_generation,Wind Offshore | Actual Consumption,2026-08-07T04:53:21Z
2026-08-07T04:50:48Z,2026-08-07T06:50:48+0200,9de41e72-ad84-4160-af68-c339f970a640,2026-07-13T06:45:00Z,2026-07-13T08:45:00+0200,1582.304,MW,NL,NL,actual_offshore_wind_generation,Wind Offshore | Actual Aggregated,2026-08-07T04:53:21Z
2026-08-07T04:50:48Z,2026-08-07T06:50:48+0200,9de41e72-ad84-4160-af68-c339f970a640,2026-07-13T06:45:00Z,2026-07-13T08:45:00+0200,11.564,MW,NL,NL,actual_offshore_wind_generation,Wind Offshore | Actual Consumption,2026-08-07T04:53:21Z
2026-08-07T04:50:48Z,2026-08-07T06:50:48+0200,9de41e72-ad84-4160-af68-c339f970a640,2026-07-13T07:00:00Z,2026-07-13T09:00:00+0200,1604.208,MW,NL,NL,actual_offshore_wind_generation,Wind Offshore | Actual Aggregated,2026-08-07T04:53:21Z
2026-08-07T04:50:48Z,2026-08-07T06:50:48+0200,9de41e72-ad84-4160-af68-c339f970a640,2026-07-13T07:00:00Z,2026-07-13T09:00:00+0200,11.63,MW,NL,NL,actual_offshore_wind_generation,Wind Offshore | Actual Consumption,2026-08-07T04:53:21Z
2026-08-07T04:50:48Z,2026-08-07T06:50:48+0200,9de41e72-ad84-4160-af68-c339f970a640,2026-07-13T07:15:00Z,2026-07-13T09:15:00+0200,1591.534,MW,NL,NL,actual_offshore_wind_generation,Wind Offshore | Actual Aggregated,2026-08-07T04:53:21Z
2026-08-07T04:50:48Z,2026-08-07T06:50:48+0200,9de41e72-ad84-4160-af68-c339f970a640,2026-07-13T07:15:00Z,2026-07-13T09:15:00+0200,13.274,MW,NL,NL,actual_offshore_wind_generation,Wind Offshore | Actual Consumption,2026-08-07T04:53:21Z
2026-08-07T04:50:48Z,2026-08-07T06:50:48+0200,9de41e72-ad84-4160-af68-c339f970a640,2026-07-13T07:30:00Z,2026-07-13T09:30:00+0200,1513.008,MW,NL,NL,actual_offshore_wind_generation,Wind Offshore | Actual Aggregated,2026-08-07T04:53:21Z
2026-08-07T04:50:48Z,2026-08-07T06:50:48+0200,9de41e72-ad84-4160-af68-c339f970a640,2026-07-13T07:30:00Z,2026-07-13T09:30:00+0200,10.776,MW,NL,NL,actual_offshore_wind_generation,Wind Offshore | Actual Consumption,2026-08-07T04:53:21Z
2026-08-07T04:50:48Z,2026-08-07T06:50:48+0200,9de41e72-ad84-4160-af68-c339f970a640,2026-07-13T07:45:00Z,2026-07-13T09:45:00+0200,1494.821,MW,NL,NL,actual_offshore_wind_generation,Wind Offshore | Actual Aggregated,2026-08-07T04:53:21Z
2026-08-07T04:50:48Z,2026-08-07T06:50:48+0200,9de41e72-ad84-4160-af68-c339f970a640,2026-07-13T07:45:00Z,2026-07-13T09:45:00+0200,11.4,MW,NL,NL,actual_offshore_wind_generation,Wind Offshore | Actual Consumption,2026-08-07T04:53:21Z
2026-08-07T04:50:48Z,2026-08-07T06:50:48+0200,9de41e72-ad84-4160-af68-c339f970a640,2026-07-13T08:00:00Z,2026-07-13T10:00:00+0200,1410.37,MW,NL,NL,actual_offshore_wind_generation,Wind Offshore | Actual Aggregated,2026-08-07T04:53:21Z
2026-08-07T04:50:48Z,2026-08-07T06:50:48+0200,9de41e72-ad84-4160-af68-c339f970a640,2026-07-13T08:00:00Z,2026-07-13T10:00:00+0200,10.213,MW,NL,NL,actual_offshore_wind_generation,Wind Offshore | Actual Consumption,2026-08-07T04:53:21Z
2026-08-07T04:50:48Z,2026-08-07T06:50:48+0200,9de41e72-ad84-4160-af68-c339f970a640,2026-07-13T08:15:00Z,2026-07-13T10:15:00+0200,1373.108,MW,NL,NL,actual_offshore_wind_generation,Wind Offshore | Actual Aggregated,2026-08-07T04:53:21Z
2026-08-07T04:50:48Z,2026-08-07T06:50:48+0200,9de41e72-ad84-4160-af68-c339f970a640,2026-07-13T08:15:00Z,2026-07-13T10:15:00+0200,10.002,MW,NL,NL,actual_offshore_wind_generation,Wind Offshore | Actual Consumption,2026-08-07T04:53:21Z
2026-08-07T04:50:48Z,2026-08-07T06:50:48+0200,9de41e72-ad84-4160-af68-c339f970a640,2026-07-13T08:30:00Z,2026-07-13T10:30:00+0200,1476.095,MW,NL,NL,actual_offshore_wind_generation,Wind Offshore | Actual Aggregated,2026-08-07T04:53:21Z
2026-08-07T04:50:48Z,2026-08-07T06:50:48+0200,9de41e72-ad84-4160-af68-c339f970a640,2026-07-13T08:30:00Z,2026-07-13T10:30:00+0200,9.176,MW,NL,NL,actual_offshore_wind_generation,Wind Offshore | Actual Consumption,2026-08-07T04:53:21Z
2026-08-07T04:50:48Z,2026-08-07T06:50:48+0200,9de41e72-ad84-4160-af68-c339f970a640,2026-07-13T08:45:00Z,2026-07-13T10:45:00+0200,1498.545,MW,NL,NL,actual_offshore_wind_generation,Wind Offshore | Actual Aggregated,2026-08-07T04:53:21Z
2026-08-07T04:50:48Z,2026-08-07T06:50:48+0200,9de41e72-ad84-4160-af68-c339f970a640,2026-07-13T08:45:00Z,2026-07-13T10:45:00+0200,12.511,MW,NL,NL,actual_offshore_wind_generation,Wind Offshore | Actual Consumption,2026-08-07T04:53:21Z
2026-08-07T04:50:48Z,2026-08-07T06:50:48+0200,9de41e72-ad84-4160-af68-c339f970a640,2026-07-13T09:00:00Z,2026-07-13T11:00:00+0200,1544.871,MW,NL,NL,actual_offshore_wind_generation,Wind Offshore | Actual Aggregated,2026-08-07T04:53:21Z
2026-08-07T04:50:48Z,2026-08-07T06:50:48+0200,9de41e72-ad84-4160-af68-c339f970a640,2026-07-13T09:00:00Z,2026-07-13T11:00:00+0200,9.316,MW,NL,NL,actual_offshore_wind_generation,Wind Offshore | Actual Consumption,2026-08-07T04:53:21Z
2026-08-07T04:50:48Z,2026-08-07T06:50:48+0200,9de41e72-ad84-4160-af68-c339f970a640,2026-07-13T09:15:00Z,2026-07-13T11:15:00+0200,1476.399,MW,NL,NL,actual_offshore_wind_generation,Wind Offshore | Actual Aggregated,2026-08-07T04:53:21Z
2026-08-07T04:50:48Z,2026-08-07T06:50:48+0200,9de41e72-ad84-4160-af68-c339f970a640,2026-07-13T09:15:00Z,2026-07-13T11:15:00+0200,8.221,MW,NL,NL,actual_offshore_wind_generation,Wind Offshore | Actual Consumption,2026-08-07T04:53:21Z
2026-08-07T04:50:48Z,2026-08-07T06:50:48+0200,9de41e72-ad84-4160-af68-c339f970a640,2026-07-13T09:30:00Z,2026-07-13T11:30:00+0200,1393.139,MW,NL,NL,actual_offshore_wind_generation,Wind Offshore | Actual Aggregated,2026-08-07T04:53:21Z
2026-08-07T04:50:48Z,2026-08-07T06:50:48+0200,9de41e72-ad84-4160-af68-c339f970a640,2026-07-13T09:30:00Z,2026-07-13T11:30:00+0200,8.581,MW,NL,NL,actual_offshore_wind_generation,Wind Offshore | Actual Consumption,2026-08-07T04:53:21Z
2026-08-07T04:50:48Z,2026-08-07T06:50:48+0200,9de41e72-ad84-4160-af68-c339f970a640,2026-07-13T09:45:00Z,2026-07-13T11:45:00+0200,1347.412,MW,NL,NL,actual_offshore_wind_generation,Wind Offshore | Actual Aggregated,2026-08-07T04:53:21Z
2026-08-07T04:50:48Z,2026-08-07T06:50:48+0200,9de41e72-ad84-4160-af68-c339f970a640,2026-07-13T09:45:00Z,2026-07-13T11:45:00+0200,8.533,MW,NL,NL,actual_offshore_wind_generation,Wind Offshore | Actual Consumption,2026-08-07T04:53:21Z
2026-08-07T04:50:48Z,2026-08-07T06:50:48+0200,9de41e72-ad84-4160-af68-c339f970a640,2026-07-13T10:00:00Z,2026-07-13T12:00:00+0200,1279.409,MW,NL,NL,actual_offshore_wind_generation,Wind Offshore | Actual Aggregated,2026-08-07T04:53:21Z
2026-08-07T04:50:48Z,2026-08-07T06:50:48+0200,9de41e72-ad84-4160-af68-c339f970a640,2026-07-13T10:00:00Z,2026-07-13T12:00:00+0200,6.752,MW,NL,NL,actual_offshore_wind_generation,Wind Offshore | Actual Consumption,2026-08-07T04:53:21Z
2026-08-07T04:50:48Z,2026-08-07T06:50:48+0200,9de41e72-ad84-4160-af68-c339f970a640,2026-07-13T10:15:00Z,2026-07-13T12:15:00+0200,1260.544,MW,NL,NL,actual_offshore_wind_generation,Wind Offshore | Actual Aggregated,2026-08-07T04:53:21Z
2026-08-07T04:50:48Z,2026-08-07T06:50:48+0200,9de41e72-ad84-4160-af68-c339f970a640,2026-07-13T10:15:00Z,2026-07-13T12:15:00+0200,7.79,MW,NL,NL,actual_offshore_wind_generation,Wind Offshore | Actual Consumption,2026-08-07T04:53:21Z
2026-08-07T04:50:48Z,2026-08-07T06:50:48+0200,9de41e72-ad84-4160-af68-c339f970a640,2026-07-13T10:30:00Z,2026-07-13T12:30:00+0200,1164.213,MW,NL,NL,actual_offshore_wind_generation,Wind Offshore | Actual Aggregated,2026-08-07T04:53:21Z
2026-08-07T04:50:48Z,2026-08-07T06:50:48+0200,9de41e72-ad84-4160-af68-c339f970a640,2026-07-13T10:30:00Z,2026-07-13T12:30:00+0200,5.176,MW,NL,NL,actual_offshore_wind_generation,Wind Offshore | Actual Consumption,2026-08-07T04:53:21Z
2026-08-07T04:50:48Z,2026-08-07T06:50:48+0200,9de41e72-ad84-4160-af68-c339f970a640,2026-07-13T10:45:00Z,2026-07-13T12:45:00+0200,1144.74,MW,NL,NL,actual_offshore_wind_generation,Wind Offshore | Actual Aggregated,2026-08-07T04:53:21Z
2026-08-07T04:50:48Z,2026-08-07T06:50:48+0200,9de41e72-ad84-4160-af68-c339f970a640,2026-07-13T10:45:00Z,2026-07-13T12:45:00+0200,5.902,MW,NL,NL,actual_offshore_wind_generation,Wind Offshore | Actual Consumption,2026-08-07T04:53:21Z
2026-08-07T04:50:48Z,2026-08-07T06:50:48+0200,9de41e72-ad84-4160-af68-c339f970a640,2026-07-13T11:00:00Z,2026-07-13T13:00:00+0200,1200.066,MW,NL,NL,actual_offshore_wind_generation,Wind Offshore | Actual Aggregated,2026-08-07T04:53:21Z
2026-08-07T04:50:48Z,2026-08-07T06:50:48+0200,9de41e72-ad84-4160-af68-c339f970a640,2026-07-13T11:00:00Z,2026-07-13T13:00:00+0200,7.223,MW,NL,NL,actual_offshore_wind_generation,Wind Offshore | Actual Consumption,2026-08-07T04:53:21Z
2026-08-07T04:50:48Z,2026-08-07T06:50:48+0200,9de41e72-ad84-4160-af68-c339f970a640,2026-07-13T11:15:00Z,2026-07-13T13:15:00+0200,1234.94,MW,NL,NL,actual_offshore_wind_generation,Wind Offshore | Actual Aggregated,2026-08-07T04:53:21Z
2026-08-07T04:50:48Z,2026-08-07T06:50:48+0200,9de41e72-ad84-4160-af68-c339f970a640,2026-07-13T11:15:00Z,2026-07-13T13:15:00+0200,6.846,MW,NL,NL,actual_offshore_wind_generation,Wind Offshore | Actual Consumption,2026-08-07T04:53:21Z
2026-08-07T04:50:48Z,2026-08-07T06:50:48+0200,9de41e72-ad84-4160-af68-c339f970a640,2026-07-13T11:30:00Z,2026-07-13T13:30:00+0200,1293.398,MW,NL,NL,actual_offshore_wind_generation,Wind Offshore | Actual Aggregated,2026-08-07T04:53:21Z
2026-08-07T04:50:48Z,2026-08-07T06:50:48+0200,9de41e72-ad84-4160-af68-c339f970a640,2026-07-13T11:30:00Z,2026-07-13T13:30:00+0200,5.05,MW,NL,NL,actual_offshore_wind_generation,Wind Offshore | Actual Consumption,2026-08-07T04:53:21Z
2026-08-07T04:50:48Z,2026-08-07T06:50:48+0200,9de41e72-ad84-4160-af68-c339f970a640,2026-07-13T11:45:00Z,2026-07-13T13:45:00+0200,1361.95,MW,NL,NL,actual_offshore_wind_generation,Wind Offshore | Actual Aggregated,2026-08-07T04:53:21Z
2026-08-07T04:50:48Z,2026-08-07T06:50:48+0200,9de41e72-ad84-4160-af68-c339f970a640,2026-07-13T11:45:00Z,2026-07-13T13:45:00+0200,6.327,MW,NL,NL,actual_offshore_wind_generation,Wind Offshore | Actual Consumption,2026-08-07T04:53:21Z
2026-08-07T04:50:48Z,2026-08-07T06:50:48+0200,9de41e72-ad84-4160-af68-c339f970a640,2026-07-13T12:00:00Z,2026-07-13T14:00:00+0200,1360.436,MW,NL,NL,actual_offshore_wind_generation,Wind Offshore | Actual Aggregated,2026-08-07T04:53:21Z
2026-08-07T04:50:48Z,2026-08-07T06:50:48+0200,9de41e72-ad84-4160-af68-c339f970a640,2026-07-13T12:00:00Z,2026-07-13T14:00:00+0200,5.655,MW,NL,NL,actual_offshore_wind_generation,Wind Offshore | Actual Consumption,2026-08-07T04:53:21Z
2026-08-07T04:50:48Z,2026-08-07T06:50:48+0200,9de41e72-ad84-4160-af68-c339f970a640,2026-07-13T12:15:00Z,2026-07-13T14:15:00+0200,1624.081,MW,NL,NL,actual_offshore_wind_generation,Wind Offshore | Actual Aggregated,2026-08-07T04:53:21Z
2026-08-07T04:50:48Z,2026-08-07T06:50:48+0200,9de41e72-ad84-4160-af68-c339f970a640,2026-07-13T12:15:00Z,2026-07-13T14:15:00+0200,14.843,MW,NL,NL,actual_offshore_wind_generation,Wind Offshore | Actual Consumption,2026-08-07T04:53:21Z
2026-08-07T04:50:48Z,2026-08-07T06:50:48+0200,9de41e72-ad84-4160-af68-c339f970a640,2026-07-13T12:30:00Z,2026-07-13T14:30:00+0200,1751.306,MW,NL,NL,actual_offshore_wind_generation,Wind Offshore | Actual Aggregated,2026-08-07T04:53:21Z
2026-08-07T04:50:48Z,2026-08-07T06:50:48+0200,9de41e72-ad84-4160-af68-c339f970a640,2026-07-13T12:30:00Z,2026-07-13T14:30:00+0200,11.9,MW,NL,NL,actual_offshore_wind_generation,Wind Offshore | Actual Consumption,2026-08-07T04:53:21Z
2026-08-07T04:50:48Z,2026-08-07T06:50:48+0200,9de41e72-ad84-4160-af68-c339f970a640,2026-07-13T12:45:00Z,2026-07-13T14:45:00+0200,1664.76,MW,NL,NL,actual_offshore_wind_generation,Wind Offshore | Actual Aggregated,2026-08-07T04:53:21Z
2026-08-07T04:50:48Z,2026-08-07T06:50:48+0200,9de41e72-ad84-4160-af68-c339f970a640,2026-07-13T12:45:00Z,2026-07-13T14:45:00+0200,6.656,MW,NL,NL,actual_offshore_wind_generation,Wind Offshore | Actual Consumption,2026-08-07T04:53:21Z
2026-08-07T04:50:48Z,2026-08-07T06:50:48+0200,9de41e72-ad84-4160-af68-c339f970a640,2026-07-13T13:00:00Z,2026-07-13T15:00:00+0200,1823.236,MW,NL,NL,actual_offshore_wind_generation,Wind Offshore | Actual Aggregated,2026-08-07T04:53:21Z
2026-08-07T04:50:48Z,2026-08-07T06:50:48+0200,9de41e72-ad84-4160-af68-c339f970a640,2026-07-13T13:00:00Z,2026-07-13T15:00:00+0200,11.323,MW,NL,NL,actual_offshore_wind_generation,Wind Offshore | Actual Consumption,2026-08-07T04:53:21Z
2026-08-07T04:50:48Z,2026-08-07T06:50:48+0200,9de41e72-ad84-4160-af68-c339f970a640,2026-07-13T13:15:00Z,2026-07-13T15:15:00+0200,2218.662,MW,NL,NL,actual_offshore_wind_generation,Wind Offshore | Actual Aggregated,2026-08-07T04:53:21Z
2026-08-07T04:50:48Z,2026-08-07T06:50:48+0200,9de41e72-ad84-4160-af68-c339f970a640,2026-07-13T13:15:00Z,2026-07-13T15:15:00+0200,8.246,MW,NL,NL,actual_offshore_wind_generation,Wind Offshore | Actual Consumption,2026-08-07T04:53:21Z
2026-08-07T04:50:48Z,2026-08-07T06:50:48+0200,9de41e72-ad84-4160-af68-c339f970a640,2026-07-13T13:30:00Z,2026-07-13T15:30:00+0200,2354.777,MW,NL,NL,actual_offshore_wind_generation,Wind Offshore | Actual Aggregated,2026-08-07T04:53:21Z
2026-08-07T04:50:48Z,2026-08-07T06:50:48+0200,9de41e72-ad84-4160-af68-c339f970a640,2026-07-13T13:30:00Z,2026-07-13T15:30:00+0200,6.951,MW,NL,NL,actual_offshore_wind_generation,Wind Offshore | Actual Consumption,2026-08-07T04:53:21Z
2026-08-07T04:50:48Z,2026-08-07T06:50:48+0200,9de41e72-ad84-4160-af68-c339f970a640,2026-07-13T13:45:00Z,2026-07-13T15:45:00+0200,2520.701,MW,NL,NL,actual_offshore_wind_generation,Wind Offshore | Actual Aggregated,2026-08-07T04:53:21Z
2026-08-07T04:50:48Z,2026-08-07T06:50:48+0200,9de41e72-ad84-4160-af68-c339f970a640,2026-07-13T13:45:00Z,2026-07-13T15:45:00+0200,11.551,MW,NL,NL,actual_offshore_wind_generation,Wind Offshore | Actual Consumption,2026-08-07T04:53:21Z
2026-08-07T04:50:48Z,2026-08-07T06:50:48+0200,9de41e72-ad84-4160-af68-c339f970a640,2026-07-13T14:00:00Z,2026-07-13T16:00:00+0200,2486.425,MW,NL,NL,actual_offshore_wind_generation,Wind Offshore | Actual Aggregated,2026-08-07T04:53:21Z
2026-08-07T04:50:48Z,2026-08-07T06:50:48+0200,9de41e72-ad84-4160-af68-c339f970a640,2026-07-13T14:00:00Z,2026-07-13T16:00:00+0200,14.845,MW,NL,NL,actual_offshore_wind_generation,Wind Offshore | Actual Consumption,2026-08-07T04:53:21Z
2026-08-07T04:50:48Z,2026-08-07T06:50:48+0200,9de41e72-ad84-4160-af68-c339f970a640,2026-07-13T14:15:00Z,2026-07-13T16:15:00+0200,2683.067,MW,NL,NL,actual_offshore_wind_generation,Wind Offshore | Actual Aggregated,2026-08-07T04:53:21Z
2026-08-07T04:50:48Z,2026-08-07T06:50:48+0200,9de41e72-ad84-4160-af68-c339f970a640,2026-07-13T14:15:00Z,2026-07-13T16:15:00+0200,15.029,MW,NL,NL,actual_offshore_wind_generation,Wind Offshore | Actual Consumption,2026-08-07T04:53:21Z
2026-08-07T04:50:48Z,2026-08-07T06:50:48+0200,9de41e72-ad84-4160-af68-c339f970a640,2026-07-13T14:30:00Z,2026-07-13T16:30:00+0200,2679.788,MW,NL,NL,actual_offshore_wind_generation,Wind Offshore | Actual Aggregated,2026-08-07T04:53:21Z
2026-08-07T04:50:48Z,2026-08-07T06:50:48+0200,9de41e72-ad84-4160-af68-c339f970a640,2026-07-13T14:30:00Z,2026-07-13T16:30:00+0200,13.363,MW,NL,NL,actual_offshore_wind_generation,Wind Offshore | Actual Consumption,2026-08-07T04:53:21Z
2026-08-07T04:50:48Z,2026-08-07T06:50:48+0200,9de41e72-ad84-4160-af68-c339f970a640,2026-07-13T14:45:00Z,2026-07-13T16:45:00+0200,2868.101,MW,NL,NL,actual_offshore_wind_generation,Wind Offshore | Actual Aggregated,2026-08-07T04:53:21Z
2026-08-07T04:50:48Z,2026-08-07T06:50:48+0200,9de41e72-ad84-4160-af68-c339f970a640,2026-07-13T14:45:00Z,2026-07-13T16:45:00+0200,13.71,MW,NL,NL,actual_offshore_wind_generation,Wind Offshore | Actual Consumption,2026-08-07T04:53:21Z
2026-08-07T04:50:48Z,2026-08-07T06:50:48+0200,9de41e72-ad84-4160-af68-c339f970a640,2026-07-13T15:00:00Z,2026-07-13T17:00:00+0200,2885.052,MW,NL,NL,actual_offshore_wind_generation,Wind Offshore | Actual Aggregated,2026-08-07T04:53:21Z
2026-08-07T04:50:48Z,2026-08-07T06:50:48+0200,9de41e72-ad84-4160-af68-c339f970a640,2026-07-13T15:00:00Z,2026-07-13T17:00:00+0200,15.694,MW,NL,NL,actual_offshore_wind_generation,Wind Offshore | Actual Consumption,2026-08-07T04:53:21Z
2026-08-07T04:50:48Z,2026-08-07T06:50:48+0200,9de41e72-ad84-4160-af68-c339f970a640,2026-07-13T15:15:00Z,2026-07-13T17:15:00+0200,2944.574,MW,NL,NL,actual_offshore_wind_generation,Wind Offshore | Actual Aggregated,2026-08-07T04:53:21Z
2026-08-07T04:50:48Z,2026-08-07T06:50:48+0200,9de41e72-ad84-4160-af68-c339f970a640,2026-07-13T15:15:00Z,2026-07-13T17:15:00+0200,17.843,MW,NL,NL,actual_offshore_wind_generation,Wind Offshore | Actual Consumption,2026-08-07T04:53:21Z
2026-08-07T04:50:48Z,2026-08-07T06:50:48+0200,9de41e72-ad84-4160-af68-c339f970a640,2026-07-13T15:30:00Z,2026-07-13T17:30:00+0200,2911.473,MW,NL,NL,actual_offshore_wind_generation,Wind Offshore | Actual Aggregated,2026-08-07T04:53:21Z
2026-08-07T04:50:48Z,2026-08-07T06:50:48+0200,9de41e72-ad84-4160-af68-c339f970a640,2026-07-13T15:30:00Z,2026-07-13T17:30:00+0200,16.926,MW,NL,NL,actual_offshore_wind_generation,Wind Offshore | Actual Consumption,2026-08-07T04:53:21Z
2026-08-07T04:50:48Z,2026-08-07T06:50:48+0200,9de41e72-ad84-4160-af68-c339f970a640,2026-07-13T15:45:00Z,2026-07-13T17:45:00+0200,2912.293,MW,NL,NL,actual_offshore_wind_generation,Wind Offshore | Actual Aggregated,2026-08-07T04:53:21Z
2026-08-07T04:50:48Z,2026-08-07T06:50:48+0200,9de41e72-ad84-4160-af68-c339f970a640,2026-07-13T15:45:00Z,2026-07-13T17:45:00+0200,17.377,MW,NL,NL,actual_offshore_wind_generation,Wind Offshore | Actual Consumption,2026-08-07T04:53:21Z
2026-08-07T04:50:48Z,2026-08-07T06:50:48+0200,9de41e72-ad84-4160-af68-c339f970a640,2026-07-13T16:00:00Z,2026-07-13T18:00:00+0200,2862.499,MW,NL,NL,actual_offshore_wind_generation,Wind Offshore | Actual Aggregated,2026-08-07T04:53:21Z
2026-08-07T04:50:48Z,2026-08-07T06:50:48+0200,9de41e72-ad84-4160-af68-c339f970a640,2026-07-13T16:00:00Z,2026-07-13T18:00:00+0200,18.654,MW,NL,NL,actual_offshore_wind_generation,Wind Offshore | Actual Consumption,2026-08-07T04:53:21Z
2026-08-07T04:50:48Z,2026-08-07T06:50:48+0200,9de41e72-ad84-4160-af68-c339f970a640,2026-07-13T16:15:00Z,2026-07-13T18:15:00+0200,2801.693,MW,NL,NL,actual_offshore_wind_generation,Wind Offshore | Actual Aggregated,2026-08-07T04:53:21Z
2026-08-07T04:50:48Z,2026-08-07T06:50:48+0200,9de41e72-ad84-4160-af68-c339f970a640,2026-07-13T16:15:00Z,2026-07-13T18:15:00+0200,17.406,MW,NL,NL,actual_offshore_wind_generation,Wind Offshore | Actual Consumption,2026-08-07T04:53:21Z
2026-08-07T04:50:48Z,2026-08-07T06:50:48+0200,9de41e72-ad84-4160-af68-c339f970a640,2026-07-13T16:30:00Z,2026-07-13T18:30:00+0200,2792.691,MW,NL,NL,actual_offshore_wind_generation,Wind Offshore | Actual Aggregated,2026-08-07T04:53:21Z
2026-08-07T04:50:48Z,2026-08-07T06:50:48+0200,9de41e72-ad84-4160-af68-c339f970a640,2026-07-13T16:30:00Z,2026-07-13T18:30:00+0200,16.16,MW,NL,NL,actual_offshore_wind_generation,Wind Offshore | Actual Consumption,2026-08-07T04:53:21Z
2026-08-07T04:50:48Z,2026-08-07T06:50:48+0200,9de41e72-ad84-4160-af68-c339f970a640,2026-07-13T16:45:00Z,2026-07-13T18:45:00+0200,2833.315,MW,NL,NL,actual_offshore_wind_generation,Wind Offshore | Actual Aggregated,2026-08-07T04:53:21Z
2026-08-07T04:50:48Z,2026-08-07T06:50:48+0200,9de41e72-ad84-4160-af68-c339f970a640,2026-07-13T16:45:00Z,2026-07-13T18:45:00+0200,17.094,MW,NL,NL,actual_offshore_wind_generation,Wind Offshore | Actual Consumption,2026-08-07T04:53:21Z
2026-08-07T04:50:48Z,2026-08-07T06:50:48+0200,9de41e72-ad84-4160-af68-c339f970a640,2026-07-13T17:00:00Z,2026-07-13T19:00:00+0200,2900.827,MW,NL,NL,actual_offshore_wind_generation,Wind Offshore | Actual Aggregated,2026-08-07T04:53:21Z
2026-08-07T04:50:48Z,2026-08-07T06:50:48+0200,9de41e72-ad84-4160-af68-c339f970a640,2026-07-13T17:00:00Z,2026-07-13T19:00:00+0200,15.928,MW,NL,NL,actual_offshore_wind_generation,Wind Offshore | Actual Consumption,2026-08-07T04:53:21Z
2026-08-07T04:50:48Z,2026-08-07T06:50:48+0200,9de41e72-ad84-4160-af68-c339f970a640,2026-07-13T17:15:00Z,2026-07-13T19:15:00+0200,2938.403,MW,NL,NL,actual_offshore_wind_generation,Wind Offshore | Actual Aggregated,2026-08-07T04:53:21Z
2026-08-07T04:50:48Z,2026-08-07T06:50:48+0200,9de41e72-ad84-4160-af68-c339f970a640,2026-07-13T17:15:00Z,2026-07-13T19:15:00+0200,15.367,MW,NL,NL,actual_offshore_wind_generation,Wind Offshore | Actual Consumption,2026-08-07T04:53:21Z
2026-08-07T04:50:48Z,2026-08-07T06:50:48+0200,9de41e72-ad84-4160-af68-c339f970a640,2026-07-13T17:30:00Z,2026-07-13T19:30:00+0200,2929.741,MW,NL,NL,actual_offshore_wind_generation,Wind Offshore | Actual Aggregated,2026-08-07T04:53:21Z
2026-08-07T04:50:48Z,2026-08-07T06:50:48+0200,9de41e72-ad84-4160-af68-c339f970a640,2026-07-13T17:30:00Z,2026-07-13T19:30:00+0200,16.551,MW,NL,NL,actual_offshore_wind_generation,Wind Offshore | Actual Consumption,2026-08-07T04:53:21Z
2026-08-07T04:50:48Z,2026-08-07T06:50:48+0200,9de41e72-ad84-4160-af68-c339f970a640,2026-07-13T17:45:00Z,2026-07-13T19:45:00+0200,2964.879,MW,NL,NL,actual_offshore_wind_generation,Wind Offshore | Actual Aggregated,2026-08-07T04:53:21Z
2026-08-07T04:50:48Z,2026-08-07T06:50:48+0200,9de41e72-ad84-4160-af68-c339f970a640,2026-07-13T17:45:00Z,2026-07-13T19:45:00+0200,16.844,MW,NL,NL,actual_offshore_wind_generation,Wind Offshore | Actual Consumption,2026-08-07T04:53:21Z
2026-08-07T04:50:48Z,2026-08-07T06:50:48+0200,9de41e72-ad84-4160-af68-c339f970a640,2026-07-13T18:00:00Z,2026-07-13T20:00:00+0200,2977.143,MW,NL,NL,actual_offshore_wind_generation,Wind Offshore | Actual Aggregated,2026-08-07T04:53:21Z
2026-08-07T04:50:48Z,2026-08-07T06:50:48+0200,9de41e72-ad84-4160-af68-c339f970a640,2026-07-13T18:00:00Z,2026-07-13T20:00:00+0200,17.618,MW,NL,NL,actual_offshore_wind_generation,Wind Offshore | Actual Consumption,2026-08-07T04:53:21Z
2026-08-07T04:50:48Z,2026-08-07T06:50:48+0200,9de41e72-ad84-4160-af68-c339f970a640,2026-07-13T18:15:00Z,2026-07-13T20:15:00+0200,2987.5,MW,NL,NL,actual_offshore_wind_generation,Wind Offshore | Actual Aggregated,2026-08-07T04:53:21Z
2026-08-07T04:50:48Z,2026-08-07T06:50:48+0200,9de41e72-ad84-4160-af68-c339f970a640,2026-07-13T18:15:00Z,2026-07-13T20:15:00+0200,16.585,MW,NL,NL,actual_offshore_wind_generation,Wind Offshore | Actual Consumption,2026-08-07T04:53:21Z
2026-08-07T04:50:48Z,2026-08-07T06:50:48+0200,9de41e72-ad84-4160-af68-c339f970a640,2026-07-13T18:30:00Z,2026-07-13T20:30:00+0200,3014.727,MW,NL,NL,actual_offshore_wind_generation,Wind Offshore | Actual Aggregated,2026-08-07T04:53:21Z
2026-08-07T04:50:48Z,2026-08-07T06:50:48+0200,9de41e72-ad84-4160-af68-c339f970a640,2026-07-13T18:30:00Z,2026-07-13T20:30:00+0200,17.211,MW,NL,NL,actual_offshore_wind_generation,Wind Offshore | Actual Consumption,2026-08-07T04:53:21Z
2026-08-07T04:50:48Z,2026-08-07T06:50:48+0200,9de41e72-ad84-4160-af68-c339f970a640,2026-07-13T18:45:00Z,2026-07-13T20:45:00+0200,3049.733,MW,NL,NL,actual_offshore_wind_generation,Wind Offshore | Actual Aggregated,2026-08-07T04:53:21Z
2026-08-07T04:50:48Z,2026-08-07T06:50:48+0200,9de41e72-ad84-4160-af68-c339f970a640,2026-07-13T18:45:00Z,2026-07-13T20:45:00+0200,18.601,MW,NL,NL,actual_offshore_wind_generation,Wind Offshore | Actual Consumption,2026-08-07T04:53:21Z
2026-08-07T04:50:48Z,2026-08-07T06:50:48+0200,9de41e72-ad84-4160-af68-c339f970a640,2026-07-13T19:00:00Z,2026-07-13T21:00:00+0200,3066.592,MW,NL,NL,actual_offshore_wind_generation,Wind Offshore | Actual Aggregated,2026-08-07T04:53:21Z
2026-08-07T04:50:48Z,2026-08-07T06:50:48+0200,9de41e72-ad84-4160-af68-c339f970a640,2026-07-13T19:00:00Z,2026-07-13T21:00:00+0200,18.133,MW,NL,NL,actual_offshore_wind_generation,Wind Offshore | Actual Consumption,2026-08-07T04:53:21Z
2026-08-07T04:50:48Z,2026-08-07T06:50:48+0200,9de41e72-ad84-4160-af68-c339f970a640,2026-07-13T19:15:00Z,2026-07-13T21:15:00+0200,3044.254,MW,NL,NL,actual_offshore_wind_generation,Wind Offshore | Actual Aggregated,2026-08-07T04:53:21Z
2026-08-07T04:50:48Z,2026-08-07T06:50:48+0200,9de41e72-ad84-4160-af68-c339f970a640,2026-07-13T19:15:00Z,2026-07-13T21:15:00+0200,17.743,MW,NL,NL,actual_offshore_wind_generation,Wind Offshore | Actual Consumption,2026-08-07T04:53:21Z
2026-08-07T04:50:48Z,2026-08-07T06:50:48+0200,9de41e72-ad84-4160-af68-c339f970a640,2026-07-13T19:30:00Z,2026-07-13T21:30:00+0200,3039.606,MW,NL,NL,actual_offshore_wind_generation,Wind Offshore | Actual Aggregated,2026-08-07T04:53:21Z
2026-08-07T04:50:48Z,2026-08-07T06:50:48+0200,9de41e72-ad84-4160-af68-c339f970a640,2026-07-13T19:30:00Z,2026-07-13T21:30:00+0200,17.609,MW,NL,NL,actual_offshore_wind_generation,Wind Offshore | Actual Consumption,2026-08-07T04:53:21Z
2026-08-07T04:50:48Z,2026-08-07T06:50:48+0200,9de41e72-ad84-4160-af68-c339f970a640,2026-07-13T19:45:00Z,2026-07-13T21:45:00+0200,2996.094,MW,NL,NL,actual_offshore_wind_generation,Wind Offshore | Actual Aggregated,2026-08-07T04:53:21Z
2026-08-07T04:50:48Z,2026-08-07T06:50:48+0200,9de41e72-ad84-4160-af68-c339f970a640,2026-07-13T19:45:00Z,2026-07-13T21:45:00+0200,15.669,MW,NL,NL,actual_offshore_wind_generation,Wind Offshore | Actual Consumption,2026-08-07T04:53:21Z
2026-08-07T04:50:48Z,2026-08-07T06:50:48+0200,9de41e72-ad84-4160-af68-c339f970a640,2026-07-13T20:00:00Z,2026-07-13T22:00:00+0200,3016.957,MW,NL,NL,actual_offshore_wind_generation,Wind Offshore | Actual Aggregated,2026-08-07T04:53:21Z
2026-08-07T04:50:48Z,2026-08-07T06:50:48+0200,9de41e72-ad84-4160-af68-c339f970a640,2026-07-13T20:00:00Z,2026-07-13T22:00:00+0200,16.542,MW,NL,NL,actual_offshore_wind_generation,Wind Offshore | Actual Consumption,2026-08-07T04:53:21Z
2026-08-07T04:50:48Z,2026-08-07T06:50:48+0200,9de41e72-ad84-4160-af68-c339f970a640,2026-07-13T20:15:00Z,2026-07-13T22:15:00+0200,2983.19,MW,NL,NL,actual_offshore_wind_generation,Wind Offshore | Actual Aggregated,2026-08-07T04:53:21Z
2026-08-07T04:50:48Z,2026-08-07T06:50:48+0200,9de41e72-ad84-4160-af68-c339f970a640,2026-07-13T20:15:00Z,2026-07-13T22:15:00+0200,17.114,MW,NL,NL,actual_offshore_wind_generation,Wind Offshore | Actual Consumption,2026-08-07T04:53:21Z
2026-08-07T04:50:48Z,2026-08-07T06:50:48+0200,9de41e72-ad84-4160-af68-c339f970a640,2026-07-13T20:30:00Z,2026-07-13T22:30:00+0200,2887.3,MW,NL,NL,actual_offshore_wind_generation,Wind Offshore | Actual Aggregated,2026-08-07T04:53:21Z
2026-08-07T04:50:48Z,2026-08-07T06:50:48+0200,9de41e72-ad84-4160-af68-c339f970a640,2026-07-13T20:30:00Z,2026-07-13T22:30:00+0200,16.51,MW,NL,NL,actual_offshore_wind_generation,Wind Offshore | Actual Consumption,2026-08-07T04:53:21Z
2026-08-07T04:50:48Z,2026-08-07T06:50:48+0200,9de41e72-ad84-4160-af68-c339f970a640,2026-07-13T20:45:00Z,2026-07-13T22:45:00+0200,2732.088,MW,NL,NL,actual_offshore_wind_generation,Wind Offshore | Actual Aggregated,2026-08-07T04:53:21Z
2026-08-07T04:50:48Z,2026-08-07T06:50:48+0200,9de41e72-ad84-4160-af68-c339f970a640,2026-07-13T20:45:00Z,2026-07-13T22:45:00+0200,16.606,MW,NL,NL,actual_offshore_wind_generation,Wind Offshore | Actual Consumption,2026-08-07T04:53:21Z
2026-08-07T04:50:48Z,2026-08-07T06:50:48+0200,9de41e72-ad84-4160-af68-c339f970a640,2026-07-13T21:00:00Z,2026-07-13T23:00:00+0200,2643.637,MW,NL,NL,actual_offshore_wind_generation,Wind Offshore | Actual Aggregated,2026-08-07T04:53:21Z
2026-08-07T04:50:48Z,2026-08-07T06:50:48+0200,9de41e72-ad84-4160-af68-c339f970a640,2026-07-13T21:00:00Z,2026-07-13T23:00:00+0200,16.68,MW,NL,NL,actual_offshore_wind_generation,Wind Offshore | Actual Consumption,2026-08-07T04:53:21Z
2026-08-07T04:50:48Z,2026-08-07T06:50:48+0200,9de41e72-ad84-4160-af68-c339f970a640,2026-07-13T21:15:00Z,2026-07-13T23:15:00+0200,2597.54,MW,NL,NL,actual_offshore_wind_generation,Wind Offshore | Actual Aggregated,2026-08-07T04:53:21Z
2026-08-07T04:50:48Z,2026-08-07T06:50:48+0200,9de41e72-ad84-4160-af68-c339f970a640,2026-07-13T21:15:00Z,2026-07-13T23:15:00+0200,14.317,MW,NL,NL,actual_offshore_wind_generation,Wind Offshore | Actual Consumption,2026-08-07T04:53:21Z
2026-08-07T04:50:48Z,2026-08-07T06:50:48+0200,9de41e72-ad84-4160-af68-c339f970a640,2026-07-13T21:30:00Z,2026-07-13T23:30:00+0200,2472.175,MW,NL,NL,actual_offshore_wind_generation,Wind Offshore | Actual Aggregated,2026-08-07T04:53:21Z
2026-08-07T04:50:48Z,2026-08-07T06:50:48+0200,9de41e72-ad84-4160-af68-c339f970a640,2026-07-13T21:30:00Z,2026-07-13T23:30:00+0200,12.741,MW,NL,NL,actual_offshore_wind_generation,Wind Offshore | Actual Consumption,2026-08-07T04:53:21Z
2026-08-07T04:50:48Z,2026-08-07T06:50:48+0200,9de41e72-ad84-4160-af68-c339f970a640,2026-07-13T21:45:00Z,2026-07-13T23:45:00+0200,2407.578,MW,NL,NL,actual_offshore_wind_generation,Wind Offshore | Actual Aggregated,2026-08-07T04:53:21Z
2026-08-07T04:50:48Z,2026-08-07T06:50:48+0200,9de41e72-ad84-4160-af68-c339f970a640,2026-07-13T21:45:00Z,2026-07-13T23:45:00+0200,13.949,MW,NL,NL,actual_offshore_wind_generation,Wind Offshore | Actual Consumption,2026-08-07T04:53:21Z
2026-08-07T04:50:48Z,2026-08-07T06:50:48+0200,9de41e72-ad84-4160-af68-c339f970a640,2026-07-13T22:00:00Z,2026-07-14T00:00:00+0200,2321.139,MW,NL,NL,actual_offshore_wind_generation,Wind Offshore | Actual Aggregated,2026-08-07T04:53:21Z
2026-08-07T04:50:48Z,2026-08-07T06:50:48+0200,9de41e72-ad84-4160-af68-c339f970a640,2026-07-13T22:00:00Z,2026-07-14T00:00:00+0200,12.273,MW,NL,NL,actual_offshore_wind_generation,Wind Offshore | Actual Consumption,2026-08-07T04:53:21Z
2026-08-07T04:50:48Z,2026-08-07T06:50:48+0200,9de41e72-ad84-4160-af68-c339f970a640,2026-07-13T22:15:00Z,2026-07-14T00:15:00+0200,2160.487,MW,NL,NL,actual_offshore_wind_generation,Wind Offshore | Actual Aggregated,2026-08-07T04:53:21Z
2026-08-07T04:50:48Z,2026-08-07T06:50:48+0200,9de41e72-ad84-4160-af68-c339f970a640,2026-07-13T22:15:00Z,2026-07-14T00:15:00+0200,9.226,MW,NL,NL,actual_offshore_wind_generation,Wind Offshore | Actual Consumption,2026-08-07T04:53:21Z
2026-08-07T04:50:48Z,2026-08-07T06:50:48+0200,9de41e72-ad84-4160-af68-c339f970a640,2026-07-13T22:30:00Z,2026-07-14T00:30:00+0200,2081.996,MW,NL,NL,actual_offshore_wind_generation,Wind Offshore | Actual Aggregated,2026-08-07T04:53:21Z
2026-08-07T04:50:48Z,2026-08-07T06:50:48+0200,9de41e72-ad84-4160-af68-c339f970a640,2026-07-13T22:30:00Z,2026-07-14T00:30:00+0200,8.29,MW,NL,NL,actual_offshore_wind_generation,Wind Offshore | Actual Consumption,2026-08-07T04:53:21Z
2026-08-07T04:50:48Z,2026-08-07T06:50:48+0200,9de41e72-ad84-4160-af68-c339f970a640,2026-07-13T22:45:00Z,2026-07-14T00:45:00+0200,2111.834,MW,NL,NL,actual_offshore_wind_generation,Wind Offshore | Actual Aggregated,2026-08-07T04:53:21Z
2026-08-07T04:50:48Z,2026-08-07T06:50:48+0200,9de41e72-ad84-4160-af68-c339f970a640,2026-07-13T22:45:00Z,2026-07-14T00:45:00+0200,9.952,MW,NL,NL,actual_offshore_wind_generation,Wind Offshore | Actual Consumption,2026-08-07T04:53:21Z
2026-08-07T04:50:48Z,2026-08-07T06:50:48+0200,9de41e72-ad84-4160-af68-c339f970a640,2026-07-13T23:00:00Z,2026-07-14T01:00:00+0200,2051.621,MW,NL,NL,actual_offshore_wind_generation,Wind Offshore | Actual Aggregated,2026-08-07T04:53:21Z
2026-08-07T04:50:48Z,2026-08-07T06:50:48+0200,9de41e72-ad84-4160-af68-c339f970a640,2026-07-13T23:00:00Z,2026-07-14T01:00:00+0200,8.995,MW,NL,NL,actual_offshore_wind_generation,Wind Offshore | Actual Consumption,2026-08-07T04:53:21Z
2026-08-07T04:50:48Z,2026-08-07T06:50:48+0200,9de41e72-ad84-4160-af68-c339f970a640,2026-07-13T23:15:00Z,2026-07-14T01:15:00+0200,2103.334,MW,NL,NL,actual_offshore_wind_generation,Wind Offshore | Actual Aggregated,2026-08-07T04:53:21Z
2026-08-07T04:50:48Z,2026-08-07T06:50:48+0200,9de41e72-ad84-4160-af68-c339f970a640,2026-07-13T23:15:00Z,2026-07-14T01:15:00+0200,6.859,MW,NL,NL,actual_offshore_wind_generation,Wind Offshore | Actual Consumption,2026-08-07T04:53:21Z
2026-08-07T04:50:48Z,2026-08-07T06:50:48+0200,9de41e72-ad84-4160-af68-c339f970a640,2026-07-13T23:30:00Z,2026-07-14T01:30:00+0200,2108.786,MW,NL,NL,actual_offshore_wind_generation,Wind Offshore | Actual Aggregated,2026-08-07T04:53:21Z
2026-08-07T04:50:48Z,2026-08-07T06:50:48+0200,9de41e72-ad84-4160-af68-c339f970a640,2026-07-13T23:30:00Z,2026-07-14T01:30:00+0200,9.077,MW,NL,NL,actual_offshore_wind_generation,Wind Offshore | Actual Consumption,2026-08-07T04:53:21Z
2026-08-07T04:50:48Z,2026-08-07T06:50:48+0200,9de41e72-ad84-4160-af68-c339f970a640,2026-07-13T23:45:00Z,2026-07-14T01:45:00+0200,2038.268,MW,NL,NL,actual_offshore_wind_generation,Wind Offshore | Actual Aggregated,2026-08-07T04:53:21Z
2026-08-07T04:50:48Z,2026-08-07T06:50:48+0200,9de41e72-ad84-4160-af68-c339f970a640,2026-07-13T23:45:00Z,2026-07-14T01:45:00+0200,7.953,MW,NL,NL,actual_offshore_wind_generation,Wind Offshore | Actual Consumption,2026-08-07T04:53:21Z
2026-08-07T04:50:48Z,2026-08-07T06:50:48+0200,9de41e72-ad84-4160-af68-c339f970a640,2026-07-14T00:00:00Z,2026-07-14T02:00:00+0200,2031.968,MW,NL,NL,actual_offshore_wind_generation,Wind Offshore | Actual Aggregated,2026-08-07T04:53:21Z
2026-08-07T04:50:48Z,2026-08-07T06:50:48+0200,9de41e72-ad84-4160-af68-c339f970a640,2026-07-14T00:00:00Z,2026-07-14T02:00:00+0200,6.404,MW,NL,NL,actual_offshore_wind_generation,Wind Offshore | Actual Consumption,2026-08-07T04:53:21Z
2026-08-07T04:50:48Z,2026-08-07T06:50:48+0200,9de41e72-ad84-4160-af68-c339f970a640,2026-07-14T00:15:00Z,2026-07-14T02:15:00+0200,2052.586,MW,NL,NL,actual_offshore_wind_generation,Wind Offshore | Actual Aggregated,2026-08-07T04:53:21Z
2026-08-07T04:50:48Z,2026-08-07T06:50:48+0200,9de41e72-ad84-4160-af68-c339f970a640,2026-07-14T00:15:00Z,2026-07-14T02:15:00+0200,6.665,MW,NL,NL,actual_offshore_wind_generation,Wind Offshore | Actual Consumption,2026-08-07T04:53:21Z
2026-08-07T04:50:48Z,2026-08-07T06:50:48+0200,9de41e72-ad84-4160-af68-c339f970a640,2026-07-14T00:30:00Z,2026-07-14T02:30:00+0200,2073.391,MW,NL,NL,actual_offshore_wind_generation,Wind Offshore | Actual Aggregated,2026-08-07T04:53:21Z
2026-08-07T04:50:48Z,2026-08-07T06:50:48+0200,9de41e72-ad84-4160-af68-c339f970a640,2026-07-14T00:30:00Z,2026-07-14T02:30:00+0200,7.026,MW,NL,NL,actual_offshore_wind_generation,Wind Offshore | Actual Consumption,2026-08-07T04:53:21Z
2026-08-07T04:50:48Z,2026-08-07T06:50:48+0200,9de41e72-ad84-4160-af68-c339f970a640,2026-07-14T00:45:00Z,2026-07-14T02:45:00+0200,2121.701,MW,NL,NL,actual_offshore_wind_generation,Wind Offshore | Actual Aggregated,2026-08-07T04:53:21Z
2026-08-07T04:50:48Z,2026-08-07T06:50:48+0200,9de41e72-ad84-4160-af68-c339f970a640,2026-07-14T00:45:00Z,2026-07-14T02:45:00+0200,6.938,MW,NL,NL,actual_offshore_wind_generation,Wind Offshore | Actual Consumption,2026-08-07T04:53:21Z
2026-08-07T04:50:48Z,2026-08-07T06:50:48+0200,9de41e72-ad84-4160-af68-c339f970a640,2026-07-14T01:00:00Z,2026-07-14T03:00:00+0200,2154.073,MW,NL,NL,actual_offshore_wind_generation,Wind Offshore | Actual Aggregated,2026-08-07T04:53:21Z
2026-08-07T04:50:48Z,2026-08-07T06:50:48+0200,9de41e72-ad84-4160-af68-c339f970a640,2026-07-14T01:00:00Z,2026-07-14T03:00:00+0200,8.187,MW,NL,NL,actual_offshore_wind_generation,Wind Offshore | Actual Consumption,2026-08-07T04:53:21Z
2026-08-07T04:50:48Z,2026-08-07T06:50:48+0200,9de41e72-ad84-4160-af68-c339f970a640,2026-07-14T01:15:00Z,2026-07-14T03:15:00+0200,2044.848,MW,NL,NL,actual_offshore_wind_generation,Wind Offshore | Actual Aggregated,2026-08-07T04:53:21Z
2026-08-07T04:50:48Z,2026-08-07T06:50:48+0200,9de41e72-ad84-4160-af68-c339f970a640,2026-07-14T01:15:00Z,2026-07-14T03:15:00+0200,8.24,MW,NL,NL,actual_offshore_wind_generation,Wind Offshore | Actual Consumption,2026-08-07T04:53:21Z
2026-08-07T04:50:48Z,2026-08-07T06:50:48+0200,9de41e72-ad84-4160-af68-c339f970a640,2026-07-14T01:30:00Z,2026-07-14T03:30:00+0200,2072.338,MW,NL,NL,actual_offshore_wind_generation,Wind Offshore | Actual Aggregated,2026-08-07T04:53:21Z
2026-08-07T04:50:48Z,2026-08-07T06:50:48+0200,9de41e72-ad84-4160-af68-c339f970a640,2026-07-14T01:30:00Z,2026-07-14T03:30:00+0200,8.791,MW,NL,NL,actual_offshore_wind_generation,Wind Offshore | Actual Consumption,2026-08-07T04:53:21Z
2026-08-07T04:50:48Z,2026-08-07T06:50:48+0200,9de41e72-ad84-4160-af68-c339f970a640,2026-07-14T01:45:00Z,2026-07-14T03:45:00+0200,2025.219,MW,NL,NL,actual_offshore_wind_generation,Wind Offshore | Actual Aggregated,2026-08-07T04:53:21Z
2026-08-07T04:50:48Z,2026-08-07T06:50:48+0200,9de41e72-ad84-4160-af68-c339f970a640,2026-07-14T01:45:00Z,2026-07-14T03:45:00+0200,7.063,MW,NL,NL,actual_offshore_wind_generation,Wind Offshore | Actual Consumption,2026-08-07T04:53:21Z
2026-08-07T04:50:48Z,2026-08-07T06:50:48+0200,9de41e72-ad84-4160-af68-c339f970a640,2026-07-14T02:00:00Z,2026-07-14T04:00:00+0200,1848.46,MW,NL,NL,actual_offshore_wind_generation,Wind Offshore | Actual Aggregated,2026-08-07T04:53:21Z
2026-08-07T04:50:48Z,2026-08-07T06:50:48+0200,9de41e72-ad84-4160-af68-c339f970a640,2026-07-14T02:00:00Z,2026-07-14T04:00:00+0200,7.636,MW,NL,NL,actual_offshore_wind_generation,Wind Offshore | Actual Consumption,2026-08-07T04:53:21Z
2026-08-07T04:50:48Z,2026-08-07T06:50:48+0200,9de41e72-ad84-4160-af68-c339f970a640,2026-07-14T02:15:00Z,2026-07-14T04:15:00+0200,1744.889,MW,NL,NL,actual_offshore_wind_generation,Wind Offshore | Actual Aggregated,2026-08-07T04:53:21Z
2026-08-07T04:50:48Z,2026-08-07T06:50:48+0200,9de41e72-ad84-4160-af68-c339f970a640,2026-07-14T02:15:00Z,2026-07-14T04:15:00+0200,7.493,MW,NL,NL,actual_offshore_wind_generation,Wind Offshore | Actual Consumption,2026-08-07T04:53:21Z
2026-08-07T04:50:48Z,2026-08-07T06:50:48+0200,9de41e72-ad84-4160-af68-c339f970a640,2026-07-14T02:30:00Z,2026-07-14T04:30:00+0200,1662.203,MW,NL,NL,actual_offshore_wind_generation,Wind Offshore | Actual Aggregated,2026-08-07T04:53:21Z
2026-08-07T04:50:48Z,2026-08-07T06:50:48+0200,9de41e72-ad84-4160-af68-c339f970a640,2026-07-14T02:30:00Z,2026-07-14T04:30:00+0200,7.844,MW,NL,NL,actual_offshore_wind_generation,Wind Offshore | Actual Consumption,2026-08-07T04:53:21Z
2026-08-07T04:50:48Z,2026-08-07T06:50:48+0200,9de41e72-ad84-4160-af68-c339f970a640,2026-07-14T02:45:00Z,2026-07-14T04:45:00+0200,1536.743,MW,NL,NL,actual_offshore_wind_generation,Wind Offshore | Actual Aggregated,2026-08-07T04:53:21Z
2026-08-07T04:50:48Z,2026-08-07T06:50:48+0200,9de41e72-ad84-4160-af68-c339f970a640,2026-07-14T02:45:00Z,2026-07-14T04:45:00+0200,6.677,MW,NL,NL,actual_offshore_wind_generation,Wind Offshore | Actual Consumption,2026-08-07T04:53:21Z
2026-08-07T04:50:48Z,2026-08-07T06:50:48+0200,9de41e72-ad84-4160-af68-c339f970a640,2026-07-14T03:00:00Z,2026-07-14T05:00:00+0200,1533.231,MW,NL,NL,actual_offshore_wind_generation,Wind Offshore | Actual Aggregated,2026-08-07T04:53:21Z
2026-08-07T04:50:48Z,2026-08-07T06:50:48+0200,9de41e72-ad84-4160-af68-c339f970a640,2026-07-14T03:00:00Z,2026-07-14T05:00:00+0200,6.995,MW,NL,NL,actual_offshore_wind_generation,Wind Offshore | Actual Consumption,2026-08-07T04:53:21Z
2026-08-07T04:50:48Z,2026-08-07T06:50:48+0200,9de41e72-ad84-4160-af68-c339f970a640,2026-07-14T03:15:00Z,2026-07-14T05:15:00+0200,1485.51,MW,NL,NL,actual_offshore_wind_generation,Wind Offshore | Actual Aggregated,2026-08-07T04:53:21Z
2026-08-07T04:50:48Z,2026-08-07T06:50:48+0200,9de41e72-ad84-4160-af68-c339f970a640,2026-07-14T03:15:00Z,2026-07-14T05:15:00+0200,6.804,MW,NL,NL,actual_offshore_wind_generation,Wind Offshore | Actual Consumption,2026-08-07T04:53:21Z
2026-08-07T04:50:48Z,2026-08-07T06:50:48+0200,9de41e72-ad84-4160-af68-c339f970a640,2026-07-14T03:30:00Z,2026-07-14T05:30:00+0200,1457.69,MW,NL,NL,actual_offshore_wind_generation,Wind Offshore | Actual Aggregated,2026-08-07T04:53:21Z
2026-08-07T04:50:48Z,2026-08-07T06:50:48+0200,9de41e72-ad84-4160-af68-c339f970a640,2026-07-14T03:30:00Z,2026-07-14T05:30:00+0200,5.021,MW,NL,NL,actual_offshore_wind_generation,Wind Offshore | Actual Consumption,2026-08-07T04:53:21Z
2026-08-07T04:50:48Z,2026-08-07T06:50:48+0200,9de41e72-ad84-4160-af68-c339f970a640,2026-07-14T03:45:00Z,2026-07-14T05:45:00+0200,1524.791,MW,NL,NL,actual_offshore_wind_generation,Wind Offshore | Actual Aggregated,2026-08-07T04:53:21Z
2026-08-07T04:50:48Z,2026-08-07T06:50:48+0200,9de41e72-ad84-4160-af68-c339f970a640,2026-07-14T03:45:00Z,2026-07-14T05:45:00+0200,6.014,MW,NL,NL,actual_offshore_wind_generation,Wind Offshore | Actual Consumption,2026-08-07T04:53:21Z
2026-08-07T04:50:48Z,2026-08-07T06:50:48+0200,9de41e72-ad84-4160-af68-c339f970a640,2026-07-14T04:00:00Z,2026-07-14T06:00:00+0200,1574.696,MW,NL,NL,actual_offshore_wind_generation,Wind Offshore | Actual Aggregated,2026-08-07T04:53:21Z
2026-08-07T04:50:48Z,2026-08-07T06:50:48+0200,9de41e72-ad84-4160-af68-c339f970a640,2026-07-14T04:00:00Z,2026-07-14T06:00:00+0200,5.787,MW,NL,NL,actual_offshore_wind_generation,Wind Offshore | Actual Consumption,2026-08-07T04:53:21Z
2026-08-07T04:50:48Z,2026-08-07T06:50:48+0200,9de41e72-ad84-4160-af68-c339f970a640,2026-07-14T04:15:00Z,2026-07-14T06:15:00+0200,1550.16,MW,NL,NL,actual_offshore_wind_generation,Wind Offshore | Actual Aggregated,2026-08-07T04:53:21Z
2026-08-07T04:50:48Z,2026-08-07T06:50:48+0200,9de41e72-ad84-4160-af68-c339f970a640,2026-07-14T04:15:00Z,2026-07-14T06:15:00+0200,4.434,MW,NL,NL,actual_offshore_wind_generation,Wind Offshore | Actual Consumption,2026-08-07T04:53:21Z
2026-08-07T04:50:48Z,2026-08-07T06:50:48+0200,9de41e72-ad84-4160-af68-c339f970a640,2026-07-14T04:30:00Z,2026-07-14T06:30:00+0200,1482.208,MW,NL,NL,actual_offshore_wind_generation,Wind Offshore | Actual Aggregated,2026-08-07T04:53:21Z
2026-08-07T04:50:48Z,2026-08-07T06:50:48+0200,9de41e72-ad84-4160-af68-c339f970a640,2026-07-14T04:30:00Z,2026-07-14T06:30:00+0200,3.741,MW,NL,NL,actual_offshore_wind_generation,Wind Offshore | Actual Consumption,2026-08-07T04:53:21Z
2026-08-07T04:50:48Z,2026-08-07T06:50:48+0200,9de41e72-ad84-4160-af68-c339f970a640,2026-07-14T04:45:00Z,2026-07-14T06:45:00+0200,1544.377,MW,NL,NL,actual_offshore_wind_generation,Wind Offshore | Actual Aggregated,2026-08-07T04:53:21Z
2026-08-07T04:50:48Z,2026-08-07T06:50:48+0200,9de41e72-ad84-4160-af68-c339f970a640,2026-07-14T04:45:00Z,2026-07-14T06:45:00+0200,3.605,MW,NL,NL,actual_offshore_wind_generation,Wind Offshore | Actual Consumption,2026-08-07T04:53:21Z
2026-08-07T04:50:48Z,2026-08-07T06:50:48+0200,9de41e72-ad84-4160-af68-c339f970a640,2026-07-14T05:00:00Z,2026-07-14T07:00:00+0200,1568.76,MW,NL,NL,actual_offshore_wind_generation,Wind Offshore | Actual Aggregated,2026-08-07T04:53:21Z
2026-08-07T04:50:48Z,2026-08-07T06:50:48+0200,9de41e72-ad84-4160-af68-c339f970a640,2026-07-14T05:00:00Z,2026-07-14T07:00:00+0200,4.091,MW,NL,NL,actual_offshore_wind_generation,Wind Offshore | Actual Consumption,2026-08-07T04:53:21Z
2026-08-07T04:50:48Z,2026-08-07T06:50:48+0200,9de41e72-ad84-4160-af68-c339f970a640,2026-07-14T05:15:00Z,2026-07-14T07:15:00+0200,1515.987,MW,NL,NL,actual_offshore_wind_generation,Wind Offshore | Actual Aggregated,2026-08-07T04:53:21Z
2026-08-07T04:50:48Z,2026-08-07T06:50:48+0200,9de41e72-ad84-4160-af68-c339f970a640,2026-07-14T05:15:00Z,2026-07-14T07:15:00+0200,4.247,MW,NL,NL,actual_offshore_wind_generation,Wind Offshore | Actual Consumption,2026-08-07T04:53:21Z
2026-08-07T04:50:48Z,2026-08-07T06:50:48+0200,9de41e72-ad84-4160-af68-c339f970a640,2026-07-14T05:30:00Z,2026-07-14T07:30:00+0200,1457.791,MW,NL,NL,actual_offshore_wind_generation,Wind Offshore | Actual Aggregated,2026-08-07T04:53:21Z
2026-08-07T04:50:48Z,2026-08-07T06:50:48+0200,9de41e72-ad84-4160-af68-c339f970a640,2026-07-14T05:30:00Z,2026-07-14T07:30:00+0200,3.788,MW,NL,NL,actual_offshore_wind_generation,Wind Offshore | Actual Consumption,2026-08-07T04:53:21Z
2026-08-07T04:50:48Z,2026-08-07T06:50:48+0200,9de41e72-ad84-4160-af68-c339f970a640,2026-07-14T05:45:00Z,2026-07-14T07:45:00+0200,1411.582,MW,NL,NL,actual_offshore_wind_generation,Wind Offshore | Actual Aggregated,2026-08-07T04:53:21Z
2026-08-07T04:50:48Z,2026-08-07T06:50:48+0200,9de41e72-ad84-4160-af68-c339f970a640,2026-07-14T05:45:00Z,2026-07-14T07:45:00+0200,4.04,MW,NL,NL,actual_offshore_wind_generation,Wind Offshore | Actual Consumption,2026-08-07T04:53:21Z
2026-08-07T04:50:48Z,2026-08-07T06:50:48+0200,9de41e72-ad84-4160-af68-c339f970a640,2026-07-14T06:00:00Z,2026-07-14T08:00:00+0200,1411.486,MW,NL,NL,actual_offshore_wind_generation,Wind Offshore | Actual Aggregated,2026-08-07T04:53:21Z
2026-08-07T04:50:48Z,2026-08-07T06:50:48+0200,9de41e72-ad84-4160-af68-c339f970a640,2026-07-14T06:00:00Z,2026-07-14T08:00:00+0200,3.928,MW,NL,NL,actual_offshore_wind_generation,Wind Offshore | Actual Consumption,2026-08-07T04:53:21Z
2026-08-07T04:50:48Z,2026-08-07T06:50:48+0200,9de41e72-ad84-4160-af68-c339f970a640,2026-07-14T06:15:00Z,2026-07-14T08:15:00+0200,1427.844,MW,NL,NL,actual_offshore_wind_generation,Wind Offshore | Actual Aggregated,2026-08-07T04:53:21Z
2026-08-07T04:50:48Z,2026-08-07T06:50:48+0200,9de41e72-ad84-4160-af68-c339f970a640,2026-07-14T06:15:00Z,2026-07-14T08:15:00+0200,3.845,MW,NL,NL,actual_offshore_wind_generation,Wind Offshore | Actual Consumption,2026-08-07T04:53:21Z
2026-08-07T04:50:48Z,2026-08-07T06:50:48+0200,9de41e72-ad84-4160-af68-c339f970a640,2026-07-14T06:30:00Z,2026-07-14T08:30:00+0200,1417.143,MW,NL,NL,actual_offshore_wind_generation,Wind Offshore | Actual Aggregated,2026-08-07T04:53:21Z
2026-08-07T04:50:48Z,2026-08-07T06:50:48+0200,9de41e72-ad84-4160-af68-c339f970a640,2026-07-14T06:30:00Z,2026-07-14T08:30:00+0200,3.957,MW,NL,NL,actual_offshore_wind_generation,Wind Offshore | Actual Consumption,2026-08-07T04:53:21Z
2026-08-07T04:50:48Z,2026-08-07T06:50:48+0200,9de41e72-ad84-4160-af68-c339f970a640,2026-07-14T06:45:00Z,2026-07-14T08:45:00+0200,1406.906,MW,NL,NL,actual_offshore_wind_generation,Wind Offshore | Actual Aggregated,2026-08-07T04:53:21Z
2026-08-07T04:50:48Z,2026-08-07T06:50:48+0200,9de41e72-ad84-4160-af68-c339f970a640,2026-07-14T06:45:00Z,2026-07-14T08:45:00+0200,3.858,MW,NL,NL,actual_offshore_wind_generation,Wind Offshore | Actual Consumption,2026-08-07T04:53:21Z
2026-08-07T04:50:48Z,2026-08-07T06:50:48+0200,9de41e72-ad84-4160-af68-c339f970a640,2026-07-14T07:00:00Z,2026-07-14T09:00:00+0200,1399.582,MW,NL,NL,actual_offshore_wind_generation,Wind Offshore | Actual Aggregated,2026-08-07T04:53:21Z
2026-08-07T04:50:48Z,2026-08-07T06:50:48+0200,9de41e72-ad84-4160-af68-c339f970a640,2026-07-14T07:00:00Z,2026-07-14T09:00:00+0200,3.277,MW,NL,NL,actual_offshore_wind_generation,Wind Offshore | Actual Consumption,2026-08-07T04:53:21Z
2026-08-07T04:50:48Z,2026-08-07T06:50:48+0200,9de41e72-ad84-4160-af68-c339f970a640,2026-07-14T07:15:00Z,2026-07-14T09:15:00+0200,1407.672,MW,NL,NL,actual_offshore_wind_generation,Wind Offshore | Actual Aggregated,2026-08-07T04:53:21Z
2026-08-07T04:50:48Z,2026-08-07T06:50:48+0200,9de41e72-ad84-4160-af68-c339f970a640,2026-07-14T07:15:00Z,2026-07-14T09:15:00+0200,2.889,MW,NL,NL,actual_offshore_wind_generation,Wind Offshore | Actual Consumption,2026-08-07T04:53:21Z
2026-08-07T04:50:48Z,2026-08-07T06:50:48+0200,9de41e72-ad84-4160-af68-c339f970a640,2026-07-14T07:30:00Z,2026-07-14T09:30:00+0200,1485.638,MW,NL,NL,actual_offshore_wind_generation,Wind Offshore | Actual Aggregated,2026-08-07T04:53:21Z
2026-08-07T04:50:48Z,2026-08-07T06:50:48+0200,9de41e72-ad84-4160-af68-c339f970a640,2026-07-14T07:30:00Z,2026-07-14T09:30:00+0200,3.164,MW,NL,NL,actual_offshore_wind_generation,Wind Offshore | Actual Consumption,2026-08-07T04:53:21Z
2026-08-07T04:50:48Z,2026-08-07T06:50:48+0200,9de41e72-ad84-4160-af68-c339f970a640,2026-07-14T07:45:00Z,2026-07-14T09:45:00+0200,1535.151,MW,NL,NL,actual_offshore_wind_generation,Wind Offshore | Actual Aggregated,2026-08-07T04:53:21Z
2026-08-07T04:50:48Z,2026-08-07T06:50:48+0200,9de41e72-ad84-4160-af68-c339f970a640,2026-07-14T07:45:00Z,2026-07-14T09:45:00+0200,3.922,MW,NL,NL,actual_offshore_wind_generation,Wind Offshore | Actual Consumption,2026-08-07T04:53:21Z
2026-08-07T04:50:48Z,2026-08-07T06:50:48+0200,9de41e72-ad84-4160-af68-c339f970a640,2026-07-14T08:00:00Z,2026-07-14T10:00:00+0200,1536.306,MW,NL,NL,actual_offshore_wind_generation,Wind Offshore | Actual Aggregated,2026-08-07T04:53:21Z
2026-08-07T04:50:48Z,2026-08-07T06:50:48+0200,9de41e72-ad84-4160-af68-c339f970a640,2026-07-14T08:00:00Z,2026-07-14T10:00:00+0200,3.982,MW,NL,NL,actual_offshore_wind_generation,Wind Offshore | Actual Consumption,2026-08-07T04:53:21Z
2026-08-07T04:50:48Z,2026-08-07T06:50:48+0200,9de41e72-ad84-4160-af68-c339f970a640,2026-07-14T08:15:00Z,2026-07-14T10:15:00+0200,1535.794,MW,NL,NL,actual_offshore_wind_generation,Wind Offshore | Actual Aggregated,2026-08-07T04:53:21Z
2026-08-07T04:50:48Z,2026-08-07T06:50:48+0200,9de41e72-ad84-4160-af68-c339f970a640,2026-07-14T08:15:00Z,2026-07-14T10:15:00+0200,3.533,MW,NL,NL,actual_offshore_wind_generation,Wind Offshore | Actual Consumption,2026-08-07T04:53:21Z
2026-08-07T04:50:48Z,2026-08-07T06:50:48+0200,9de41e72-ad84-4160-af68-c339f970a640,2026-07-14T08:30:00Z,2026-07-14T10:30:00+0200,1454.269,MW,NL,NL,actual_offshore_wind_generation,Wind Offshore | Actual Aggregated,2026-08-07T04:53:21Z
2026-08-07T04:50:48Z,2026-08-07T06:50:48+0200,9de41e72-ad84-4160-af68-c339f970a640,2026-07-14T08:30:00Z,2026-07-14T10:30:00+0200,3.336,MW,NL,NL,actual_offshore_wind_generation,Wind Offshore | Actual Consumption,2026-08-07T04:53:21Z
2026-08-07T04:50:48Z,2026-08-07T06:50:48+0200,9de41e72-ad84-4160-af68-c339f970a640,2026-07-14T08:45:00Z,2026-07-14T10:45:00+0200,1351.515,MW,NL,NL,actual_offshore_wind_generation,Wind Offshore | Actual Aggregated,2026-08-07T04:53:21Z
2026-08-07T04:50:48Z,2026-08-07T06:50:48+0200,9de41e72-ad84-4160-af68-c339f970a640,2026-07-14T08:45:00Z,2026-07-14T10:45:00+0200,3.005,MW,NL,NL,actual_offshore_wind_generation,Wind Offshore | Actual Consumption,2026-08-07T04:53:21Z
2026-08-07T04:50:48Z,2026-08-07T06:50:48+0200,9de41e72-ad84-4160-af68-c339f970a640,2026-07-14T09:00:00Z,2026-07-14T11:00:00+0200,1327.692,MW,NL,NL,actual_offshore_wind_generation,Wind Offshore | Actual Aggregated,2026-08-07T04:53:21Z
2026-08-07T04:50:48Z,2026-08-07T06:50:48+0200,9de41e72-ad84-4160-af68-c339f970a640,2026-07-14T09:00:00Z,2026-07-14T11:00:00+0200,3.327,MW,NL,NL,actual_offshore_wind_generation,Wind Offshore | Actual Consumption,2026-08-07T04:53:21Z
2026-08-07T04:50:48Z,2026-08-07T06:50:48+0200,9de41e72-ad84-4160-af68-c339f970a640,2026-07-14T09:15:00Z,2026-07-14T11:15:00+0200,1374.073,MW,NL,NL,actual_offshore_wind_generation,Wind Offshore | Actual Aggregated,2026-08-07T04:53:21Z
2026-08-07T04:50:48Z,2026-08-07T06:50:48+0200,9de41e72-ad84-4160-af68-c339f970a640,2026-07-14T09:15:00Z,2026-07-14T11:15:00+0200,3.5,MW,NL,NL,actual_offshore_wind_generation,Wind Offshore | Actual Consumption,2026-08-07T04:53:21Z
2026-08-07T04:50:48Z,2026-08-07T06:50:48+0200,9de41e72-ad84-4160-af68-c339f970a640,2026-07-14T09:30:00Z,2026-07-14T11:30:00+0200,1417.903,MW,NL,NL,actual_offshore_wind_generation,Wind Offshore | Actual Aggregated,2026-08-07T04:53:21Z
2026-08-07T04:50:48Z,2026-08-07T06:50:48+0200,9de41e72-ad84-4160-af68-c339f970a640,2026-07-14T09:30:00Z,2026-07-14T11:30:00+0200,4.067,MW,NL,NL,actual_offshore_wind_generation,Wind Offshore | Actual Consumption,2026-08-07T04:53:21Z
2026-08-07T04:50:48Z,2026-08-07T06:50:48+0200,9de41e72-ad84-4160-af68-c339f970a640,2026-07-14T09:45:00Z,2026-07-14T11:45:00+0200,1454.424,MW,NL,NL,actual_offshore_wind_generation,Wind Offshore | Actual Aggregated,2026-08-07T04:53:21Z
2026-08-07T04:50:48Z,2026-08-07T06:50:48+0200,9de41e72-ad84-4160-af68-c339f970a640,2026-07-14T09:45:00Z,2026-07-14T11:45:00+0200,2.909,MW,NL,NL,actual_offshore_wind_generation,Wind Offshore | Actual Consumption,2026-08-07T04:53:21Z
2026-08-07T04:50:48Z,2026-08-07T06:50:48+0200,9de41e72-ad84-4160-af68-c339f970a640,2026-07-14T10:00:00Z,2026-07-14T12:00:00+0200,1472.268,MW,NL,NL,actual_offshore_wind_generation,Wind Offshore | Actual Aggregated,2026-08-07T04:53:21Z
2026-08-07T04:50:48Z,2026-08-07T06:50:48+0200,9de41e72-ad84-4160-af68-c339f970a640,2026-07-14T10:00:00Z,2026-07-14T12:00:00+0200,3.847,MW,NL,NL,actual_offshore_wind_generation,Wind Offshore | Actual Consumption,2026-08-07T04:53:21Z
2026-08-07T04:50:48Z,2026-08-07T06:50:48+0200,9de41e72-ad84-4160-af68-c339f970a640,2026-07-14T10:15:00Z,2026-07-14T12:15:00+0200,1465.058,MW,NL,NL,actual_offshore_wind_generation,Wind Offshore | Actual Aggregated,2026-08-07T04:53:21Z
2026-08-07T04:50:48Z,2026-08-07T06:50:48+0200,9de41e72-ad84-4160-af68-c339f970a640,2026-07-14T10:15:00Z,2026-07-14T12:15:00+0200,4.346,MW,NL,NL,actual_offshore_wind_generation,Wind Offshore | Actual Consumption,2026-08-07T04:53:21Z
2026-08-07T04:50:48Z,2026-08-07T06:50:48+0200,9de41e72-ad84-4160-af68-c339f970a640,2026-07-14T10:30:00Z,2026-07-14T12:30:00+0200,1445.922,MW,NL,NL,actual_offshore_wind_generation,Wind Offshore | Actual Aggregated,2026-08-07T04:53:21Z
2026-08-07T04:50:48Z,2026-08-07T06:50:48+0200,9de41e72-ad84-4160-af68-c339f970a640,2026-07-14T10:30:00Z,2026-07-14T12:30:00+0200,3.683,MW,NL,NL,actual_offshore_wind_generation,Wind Offshore | Actual Consumption,2026-08-07T04:53:21Z
2026-08-07T04:50:48Z,2026-08-07T06:50:48+0200,9de41e72-ad84-4160-af68-c339f970a640,2026-07-14T10:45:00Z,2026-07-14T12:45:00+0200,1430.068,MW,NL,NL,actual_offshore_wind_generation,Wind Offshore | Actual Aggregated,2026-08-07T04:53:21Z
2026-08-07T04:50:48Z,2026-08-07T06:50:48+0200,9de41e72-ad84-4160-af68-c339f970a640,2026-07-14T10:45:00Z,2026-07-14T12:45:00+0200,2.556,MW,NL,NL,actual_offshore_wind_generation,Wind Offshore | Actual Consumption,2026-08-07T04:53:21Z
2026-08-07T04:50:48Z,2026-08-07T06:50:48+0200,9de41e72-ad84-4160-af68-c339f970a640,2026-07-14T11:00:00Z,2026-07-14T13:00:00+0200,1480.317,MW,NL,NL,actual_offshore_wind_generation,Wind Offshore | Actual Aggregated,2026-08-07T04:53:21Z
2026-08-07T04:50:48Z,2026-08-07T06:50:48+0200,9de41e72-ad84-4160-af68-c339f970a640,2026-07-14T11:00:00Z,2026-07-14T13:00:00+0200,4.358,MW,NL,NL,actual_offshore_wind_generation,Wind Offshore | Actual Consumption,2026-08-07T04:53:21Z
2026-08-07T04:50:48Z,2026-08-07T06:50:48+0200,9de41e72-ad84-4160-af68-c339f970a640,2026-07-14T11:15:00Z,2026-07-14T13:15:00+0200,1522.036,MW,NL,NL,actual_offshore_wind_generation,Wind Offshore | Actual Aggregated,2026-08-07T04:53:21Z
2026-08-07T04:50:48Z,2026-08-07T06:50:48+0200,9de41e72-ad84-4160-af68-c339f970a640,2026-07-14T11:15:00Z,2026-07-14T13:15:00+0200,4.604,MW,NL,NL,actual_offshore_wind_generation,Wind Offshore | Actual Consumption,2026-08-07T04:53:21Z
2026-08-07T04:50:48Z,2026-08-07T06:50:48+0200,9de41e72-ad84-4160-af68-c339f970a640,2026-07-14T11:30:00Z,2026-07-14T13:30:00+0200,1526.626,MW,NL,NL,actual_offshore_wind_generation,Wind Offshore | Actual Aggregated,2026-08-07T04:53:21Z
2026-08-07T04:50:48Z,2026-08-07T06:50:48+0200,9de41e72-ad84-4160-af68-c339f970a640,2026-07-14T11:30:00Z,2026-07-14T13:30:00+0200,3.136,MW,NL,NL,actual_offshore_wind_generation,Wind Offshore | Actual Consumption,2026-08-07T04:53:21Z
2026-08-07T04:50:48Z,2026-08-07T06:50:48+0200,9de41e72-ad84-4160-af68-c339f970a640,2026-07-14T11:45:00Z,2026-07-14T13:45:00+0200,1424.017,MW,NL,NL,actual_offshore_wind_generation,Wind Offshore | Actual Aggregated,2026-08-07T04:53:21Z
2026-08-07T04:50:48Z,2026-08-07T06:50:48+0200,9de41e72-ad84-4160-af68-c339f970a640,2026-07-14T11:45:00Z,2026-07-14T13:45:00+0200,3.38,MW,NL,NL,actual_offshore_wind_generation,Wind Offshore | Actual Consumption,2026-08-07T04:53:21Z
2026-08-07T04:50:48Z,2026-08-07T06:50:48+0200,9de41e72-ad84-4160-af68-c339f970a640,2026-07-14T12:00:00Z,2026-07-14T14:00:00+0200,1296.103,MW,NL,NL,actual_offshore_wind_generation,Wind Offshore | Actual Aggregated,2026-08-07T04:53:21Z
2026-08-07T04:50:48Z,2026-08-07T06:50:48+0200,9de41e72-ad84-4160-af68-c339f970a640,2026-07-14T12:00:00Z,2026-07-14T14:00:00+0200,2.728,MW,NL,NL,actual_offshore_wind_generation,Wind Offshore | Actual Consumption,2026-08-07T04:53:21Z
2026-08-07T04:50:48Z,2026-08-07T06:50:48+0200,9de41e72-ad84-4160-af68-c339f970a640,2026-07-14T12:15:00Z,2026-07-14T14:15:00+0200,1470.082,MW,NL,NL,actual_offshore_wind_generation,Wind Offshore | Actual Aggregated,2026-08-07T04:53:21Z
2026-08-07T04:50:48Z,2026-08-07T06:50:48+0200,9de41e72-ad84-4160-af68-c339f970a640,2026-07-14T12:15:00Z,2026-07-14T14:15:00+0200,1.992,MW,NL,NL,actual_offshore_wind_generation,Wind Offshore | Actual Consumption,2026-08-07T04:53:21Z
2026-08-07T04:50:48Z,2026-08-07T06:50:48+0200,9de41e72-ad84-4160-af68-c339f970a640,2026-07-14T12:30:00Z,2026-07-14T14:30:00+0200,1620.605,MW,NL,NL,actual_offshore_wind_generation,Wind Offshore | Actual Aggregated,2026-08-07T04:53:21Z
2026-08-07T04:50:48Z,2026-08-07T06:50:48+0200,9de41e72-ad84-4160-af68-c339f970a640,2026-07-14T12:30:00Z,2026-07-14T14:30:00+0200,3.31,MW,NL,NL,actual_offshore_wind_generation,Wind Offshore | Actual Consumption,2026-08-07T04:53:21Z
2026-08-07T04:50:48Z,2026-08-07T06:50:48+0200,9de41e72-ad84-4160-af68-c339f970a640,2026-07-14T12:45:00Z,2026-07-14T14:45:00+0200,1588.8,MW,NL,NL,actual_offshore_wind_generation,Wind Offshore | Actual Aggregated,2026-08-07T04:53:21Z
2026-08-07T04:50:48Z,2026-08-07T06:50:48+0200,9de41e72-ad84-4160-af68-c339f970a640,2026-07-14T12:45:00Z,2026-07-14T14:45:00+0200,4.399,MW,NL,NL,actual_offshore_wind_generation,Wind Offshore | Actual Consumption,2026-08-07T04:53:21Z
2026-08-07T04:50:48Z,2026-08-07T06:50:48+0200,9de41e72-ad84-4160-af68-c339f970a640,2026-07-14T13:00:00Z,2026-07-14T15:00:00+0200,1572.393,MW,NL,NL,actual_offshore_wind_generation,Wind Offshore | Actual Aggregated,2026-08-07T04:53:21Z
2026-08-07T04:50:48Z,2026-08-07T06:50:48+0200,9de41e72-ad84-4160-af68-c339f970a640,2026-07-14T13:00:00Z,2026-07-14T15:00:00+0200,3.82,MW,NL,NL,actual_offshore_wind_generation,Wind Offshore | Actual Consumption,2026-08-07T04:53:21Z
2026-08-07T04:50:48Z,2026-08-07T06:50:48+0200,9de41e72-ad84-4160-af68-c339f970a640,2026-07-14T13:15:00Z,2026-07-14T15:15:00+0200,1694.906,MW,NL,NL,actual_offshore_wind_generation,Wind Offshore | Actual Aggregated,2026-08-07T04:53:21Z
2026-08-07T04:50:48Z,2026-08-07T06:50:48+0200,9de41e72-ad84-4160-af68-c339f970a640,2026-07-14T13:15:00Z,2026-07-14T15:15:00+0200,8.151,MW,NL,NL,actual_offshore_wind_generation,Wind Offshore | Actual Consumption,2026-08-07T04:53:21Z
2026-08-07T04:50:48Z,2026-08-07T06:50:48+0200,9de41e72-ad84-4160-af68-c339f970a640,2026-07-14T13:30:00Z,2026-07-14T15:30:00+0200,1926.913,MW,NL,NL,actual_offshore_wind_generation,Wind Offshore | Actual Aggregated,2026-08-07T04:53:21Z
2026-08-07T04:50:48Z,2026-08-07T06:50:48+0200,9de41e72-ad84-4160-af68-c339f970a640,2026-07-14T13:30:00Z,2026-07-14T15:30:00+0200,5.348,MW,NL,NL,actual_offshore_wind_generation,Wind Offshore | Actual Consumption,2026-08-07T04:53:21Z
2026-08-07T04:50:48Z,2026-08-07T06:50:48+0200,9de41e72-ad84-4160-af68-c339f970a640,2026-07-14T13:45:00Z,2026-07-14T15:45:00+0200,2056.571,MW,NL,NL,actual_offshore_wind_generation,Wind Offshore | Actual Aggregated,2026-08-07T04:53:21Z
2026-08-07T04:50:48Z,2026-08-07T06:50:48+0200,9de41e72-ad84-4160-af68-c339f970a640,2026-07-14T13:45:00Z,2026-07-14T15:45:00+0200,6.46,MW,NL,NL,actual_offshore_wind_generation,Wind Offshore | Actual Consumption,2026-08-07T04:53:21Z
2026-08-07T04:50:48Z,2026-08-07T06:50:48+0200,9de41e72-ad84-4160-af68-c339f970a640,2026-07-14T14:00:00Z,2026-07-14T16:00:00+0200,2125.407,MW,NL,NL,actual_offshore_wind_generation,Wind Offshore | Actual Aggregated,2026-08-07T04:53:21Z
2026-08-07T04:50:48Z,2026-08-07T06:50:48+0200,9de41e72-ad84-4160-af68-c339f970a640,2026-07-14T14:00:00Z,2026-07-14T16:00:00+0200,7.793,MW,NL,NL,actual_offshore_wind_generation,Wind Offshore | Actual Consumption,2026-08-07T04:53:21Z
2026-08-07T04:50:48Z,2026-08-07T06:50:48+0200,9de41e72-ad84-4160-af68-c339f970a640,2026-07-14T14:15:00Z,2026-07-14T16:15:00+0200,2271.641,MW,NL,NL,actual_offshore_wind_generation,Wind Offshore | Actual Aggregated,2026-08-07T04:53:21Z
2026-08-07T04:50:48Z,2026-08-07T06:50:48+0200,9de41e72-ad84-4160-af68-c339f970a640,2026-07-14T14:15:00Z,2026-07-14T16:15:00+0200,9.309,MW,NL,NL,actual_offshore_wind_generation,Wind Offshore | Actual Consumption,2026-08-07T04:53:21Z
2026-08-07T04:50:48Z,2026-08-07T06:50:48+0200,9de41e72-ad84-4160-af68-c339f970a640,2026-07-14T14:30:00Z,2026-07-14T16:30:00+0200,2430.003,MW,NL,NL,actual_offshore_wind_generation,Wind Offshore | Actual Aggregated,2026-08-07T04:53:21Z
2026-08-07T04:50:48Z,2026-08-07T06:50:48+0200,9de41e72-ad84-4160-af68-c339f970a640,2026-07-14T14:30:00Z,2026-07-14T16:30:00+0200,16.799,MW,NL,NL,actual_offshore_wind_generation,Wind Offshore | Actual Consumption,2026-08-07T04:53:21Z
2026-08-07T04:50:48Z,2026-08-07T06:50:48+0200,9de41e72-ad84-4160-af68-c339f970a640,2026-07-14T14:45:00Z,2026-07-14T16:45:00+0200,2571.822,MW,NL,NL,actual_offshore_wind_generation,Wind Offshore | Actual Aggregated,2026-08-07T04:53:21Z
2026-08-07T04:50:48Z,2026-08-07T06:50:48+0200,9de41e72-ad84-4160-af68-c339f970a640,2026-07-14T14:45:00Z,2026-07-14T16:45:00+0200,15.206,MW,NL,NL,actual_offshore_wind_generation,Wind Offshore | Actual Consumption,2026-08-07T04:53:21Z
2026-08-07T04:50:48Z,2026-08-07T06:50:48+0200,9de41e72-ad84-4160-af68-c339f970a640,2026-07-14T15:00:00Z,2026-07-14T17:00:00+0200,2651.667,MW,NL,NL,actual_offshore_wind_generation,Wind Offshore | Actual Aggregated,2026-08-07T04:53:21Z
2026-08-07T04:50:48Z,2026-08-07T06:50:48+0200,9de41e72-ad84-4160-af68-c339f970a640,2026-07-14T15:00:00Z,2026-07-14T17:00:00+0200,14.455,MW,NL,NL,actual_offshore_wind_generation,Wind Offshore | Actual Consumption,2026-08-07T04:53:21Z
2026-08-07T04:50:48Z,2026-08-07T06:50:48+0200,9de41e72-ad84-4160-af68-c339f970a640,2026-07-14T15:15:00Z,2026-07-14T17:15:00+0200,2710.603,MW,NL,NL,actual_offshore_wind_generation,Wind Offshore | Actual Aggregated,2026-08-07T04:53:21Z
2026-08-07T04:50:48Z,2026-08-07T06:50:48+0200,9de41e72-ad84-4160-af68-c339f970a640,2026-07-14T15:15:00Z,2026-07-14T17:15:00+0200,14.077,MW,NL,NL,actual_offshore_wind_generation,Wind Offshore | Actual Consumption,2026-08-07T04:53:21Z
2026-08-07T04:50:48Z,2026-08-07T06:50:48+0200,9de41e72-ad84-4160-af68-c339f970a640,2026-07-14T15:30:00Z,2026-07-14T17:30:00+0200,2780.524,MW,NL,NL,actual_offshore_wind_generation,Wind Offshore | Actual Aggregated,2026-08-07T04:53:21Z
2026-08-07T04:50:48Z,2026-08-07T06:50:48+0200,9de41e72-ad84-4160-af68-c339f970a640,2026-07-14T15:30:00Z,2026-07-14T17:30:00+0200,13.33,MW,NL,NL,actual_offshore_wind_generation,Wind Offshore | Actual Consumption,2026-08-07T04:53:21Z
2026-08-07T04:50:48Z,2026-08-07T06:50:48+0200,9de41e72-ad84-4160-af68-c339f970a640,2026-07-14T15:45:00Z,2026-07-14T17:45:00+0200,2831.067,MW,NL,NL,actual_offshore_wind_generation,Wind Offshore | Actual Aggregated,2026-08-07T04:53:21Z
2026-08-07T04:50:48Z,2026-08-07T06:50:48+0200,9de41e72-ad84-4160-af68-c339f970a640,2026-07-14T15:45:00Z,2026-07-14T17:45:00+0200,12.857,MW,NL,NL,actual_offshore_wind_generation,Wind Offshore | Actual Consumption,2026-08-07T04:53:21Z
2026-08-07T04:50:48Z,2026-08-07T06:50:48+0200,9de41e72-ad84-4160-af68-c339f970a640,2026-07-14T16:00:00Z,2026-07-14T18:00:00+0200,2931.52,MW,NL,NL,actual_offshore_wind_generation,Wind Offshore | Actual Aggregated,2026-08-07T04:53:21Z
2026-08-07T04:50:48Z,2026-08-07T06:50:48+0200,9de41e72-ad84-4160-af68-c339f970a640,2026-07-14T16:00:00Z,2026-07-14T18:00:00+0200,12.985,MW,NL,NL,actual_offshore_wind_generation,Wind Offshore | Actual Consumption,2026-08-07T04:53:21Z
2026-08-07T04:50:48Z,2026-08-07T06:50:48+0200,9de41e72-ad84-4160-af68-c339f970a640,2026-07-14T16:15:00Z,2026-07-14T18:15:00+0200,3049.013,MW,NL,NL,actual_offshore_wind_generation,Wind Offshore | Actual Aggregated,2026-08-07T04:53:21Z
2026-08-07T04:50:48Z,2026-08-07T06:50:48+0200,9de41e72-ad84-4160-af68-c339f970a640,2026-07-14T16:15:00Z,2026-07-14T18:15:00+0200,14.217,MW,NL,NL,actual_offshore_wind_generation,Wind Offshore | Actual Consumption,2026-08-07T04:53:21Z
2026-08-07T04:50:48Z,2026-08-07T06:50:48+0200,9de41e72-ad84-4160-af68-c339f970a640,2026-07-14T16:30:00Z,2026-07-14T18:30:00+0200,3221.382,MW,NL,NL,actual_offshore_wind_generation,Wind Offshore | Actual Aggregated,2026-08-07T04:53:21Z
2026-08-07T04:50:48Z,2026-08-07T06:50:48+0200,9de41e72-ad84-4160-af68-c339f970a640,2026-07-14T16:30:00Z,2026-07-14T18:30:00+0200,14.793,MW,NL,NL,actual_offshore_wind_generation,Wind Offshore | Actual Consumption,2026-08-07T04:53:21Z
2026-08-07T04:50:48Z,2026-08-07T06:50:48+0200,9de41e72-ad84-4160-af68-c339f970a640,2026-07-14T16:45:00Z,2026-07-14T18:45:00+0200,3152.926,MW,NL,NL,actual_offshore_wind_generation,Wind Offshore | Actual Aggregated,2026-08-07T04:53:21Z
2026-08-07T04:50:48Z,2026-08-07T06:50:48+0200,9de41e72-ad84-4160-af68-c339f970a640,2026-07-14T16:45:00Z,2026-07-14T18:45:00+0200,14.695,MW,NL,NL,actual_offshore_wind_generation,Wind Offshore | Actual Consumption,2026-08-07T04:53:21Z
2026-08-07T04:50:48Z,2026-08-07T06:50:48+0200,9de41e72-ad84-4160-af68-c339f970a640,2026-07-14T17:00:00Z,2026-07-14T19:00:00+0200,3273.36,MW,NL,NL,actual_offshore_wind_generation,Wind Offshore | Actual Aggregated,2026-08-07T04:53:21Z
2026-08-07T04:50:48Z,2026-08-07T06:50:48+0200,9de41e72-ad84-4160-af68-c339f970a640,2026-07-14T17:00:00Z,2026-07-14T19:00:00+0200,14.885,MW,NL,NL,actual_offshore_wind_generation,Wind Offshore | Actual Consumption,2026-08-07T04:53:21Z
2026-08-07T04:50:48Z,2026-08-07T06:50:48+0200,9de41e72-ad84-4160-af68-c339f970a640,2026-07-14T17:15:00Z,2026-07-14T19:15:00+0200,3467.948,MW,NL,NL,actual_offshore_wind_generation,Wind Offshore | Actual Aggregated,2026-08-07T04:53:21Z
2026-08-07T04:50:48Z,2026-08-07T06:50:48+0200,9de41e72-ad84-4160-af68-c339f970a640,2026-07-14T17:15:00Z,2026-07-14T19:15:00+0200,17.595,MW,NL,NL,actual_offshore_wind_generation,Wind Offshore | Actual Consumption,2026-08-07T04:53:21Z
2026-08-07T04:50:48Z,2026-08-07T06:50:48+0200,9de41e72-ad84-4160-af68-c339f970a640,2026-07-14T17:30:00Z,2026-07-14T19:30:00+0200,3593.334,MW,NL,NL,actual_offshore_wind_generation,Wind Offshore | Actual Aggregated,2026-08-07T04:53:21Z
2026-08-07T04:50:48Z,2026-08-07T06:50:48+0200,9de41e72-ad84-4160-af68-c339f970a640,2026-07-14T17:30:00Z,2026-07-14T19:30:00+0200,18.691,MW,NL,NL,actual_offshore_wind_generation,Wind Offshore | Actual Consumption,2026-08-07T04:53:21Z
2026-08-07T04:50:48Z,2026-08-07T06:50:48+0200,9de41e72-ad84-4160-af68-c339f970a640,2026-07-14T17:45:00Z,2026-07-14T19:45:00+0200,3651.827,MW,NL,NL,actual_offshore_wind_generation,Wind Offshore | Actual Aggregated,2026-08-07T04:53:21Z
2026-08-07T04:50:48Z,2026-08-07T06:50:48+0200,9de41e72-ad84-4160-af68-c339f970a640,2026-07-14T17:45:00Z,2026-07-14T19:45:00+0200,18.729,MW,NL,NL,actual_offshore_wind_generation,Wind Offshore | Actual Consumption,2026-08-07T04:53:21Z
2026-08-07T04:50:48Z,2026-08-07T06:50:48+0200,9de41e72-ad84-4160-af68-c339f970a640,2026-07-14T18:00:00Z,2026-07-14T20:00:00+0200,3675.165,MW,NL,NL,actual_offshore_wind_generation,Wind Offshore | Actual Aggregated,2026-08-07T04:53:21Z
2026-08-07T04:50:48Z,2026-08-07T06:50:48+0200,9de41e72-ad84-4160-af68-c339f970a640,2026-07-14T18:00:00Z,2026-07-14T20:00:00+0200,18.778,MW,NL,NL,actual_offshore_wind_generation,Wind Offshore | Actual Consumption,2026-08-07T04:53:21Z
2026-08-07T04:50:48Z,2026-08-07T06:50:48+0200,9de41e72-ad84-4160-af68-c339f970a640,2026-07-14T18:15:00Z,2026-07-14T20:15:00+0200,3686.697,MW,NL,NL,actual_offshore_wind_generation,Wind Offshore | Actual Aggregated,2026-08-07T04:53:21Z
2026-08-07T04:50:48Z,2026-08-07T06:50:48+0200,9de41e72-ad84-4160-af68-c339f970a640,2026-07-14T18:15:00Z,2026-07-14T20:15:00+0200,18.817,MW,NL,NL,actual_offshore_wind_generation,Wind Offshore | Actual Consumption,2026-08-07T04:53:21Z
2026-08-07T04:50:48Z,2026-08-07T06:50:48+0200,9de41e72-ad84-4160-af68-c339f970a640,2026-07-14T18:30:00Z,2026-07-14T20:30:00+0200,3695.565,MW,NL,NL,actual_offshore_wind_generation,Wind Offshore | Actual Aggregated,2026-08-07T04:53:21Z
2026-08-07T04:50:48Z,2026-08-07T06:50:48+0200,9de41e72-ad84-4160-af68-c339f970a640,2026-07-14T18:30:00Z,2026-07-14T20:30:00+0200,18.65,MW,NL,NL,actual_offshore_wind_generation,Wind Offshore | Actual Consumption,2026-08-07T04:53:21Z
2026-08-07T04:50:48Z,2026-08-07T06:50:48+0200,9de41e72-ad84-4160-af68-c339f970a640,2026-07-14T18:45:00Z,2026-07-14T20:45:00+0200,3666.933,MW,NL,NL,actual_offshore_wind_generation,Wind Offshore | Actual Aggregated,2026-08-07T04:53:21Z
2026-08-07T04:50:48Z,2026-08-07T06:50:48+0200,9de41e72-ad84-4160-af68-c339f970a640,2026-07-14T18:45:00Z,2026-07-14T20:45:00+0200,18.765,MW,NL,NL,actual_offshore_wind_generation,Wind Offshore | Actual Consumption,2026-08-07T04:53:21Z
2026-08-07T04:50:48Z,2026-08-07T06:50:48+0200,9de41e72-ad84-4160-af68-c339f970a640,2026-07-14T19:00:00Z,2026-07-14T21:00:00+0200,3594.419,MW,NL,NL,actual_offshore_wind_generation,Wind Offshore | Actual Aggregated,2026-08-07T04:53:21Z
2026-08-07T04:50:48Z,2026-08-07T06:50:48+0200,9de41e72-ad84-4160-af68-c339f970a640,2026-07-14T19:00:00Z,2026-07-14T21:00:00+0200,18.722,MW,NL,NL,actual_offshore_wind_generation,Wind Offshore | Actual Consumption,2026-08-07T04:53:21Z
2026-08-07T04:50:48Z,2026-08-07T06:50:48+0200,9de41e72-ad84-4160-af68-c339f970a640,2026-07-14T19:15:00Z,2026-07-14T21:15:00+0200,3512.254,MW,NL,NL,actual_offshore_wind_generation,Wind Offshore | Actual Aggregated,2026-08-07T04:53:21Z
2026-08-07T04:50:48Z,2026-08-07T06:50:48+0200,9de41e72-ad84-4160-af68-c339f970a640,2026-07-14T19:15:00Z,2026-07-14T21:15:00+0200,18.748,MW,NL,NL,actual_offshore_wind_generation,Wind Offshore | Actual Consumption,2026-08-07T04:53:21Z
2026-08-07T04:50:48Z,2026-08-07T06:50:48+0200,9de41e72-ad84-4160-af68-c339f970a640,2026-07-14T19:30:00Z,2026-07-14T21:30:00+0200,3481.55,MW,NL,NL,actual_offshore_wind_generation,Wind Offshore | Actual Aggregated,2026-08-07T04:53:21Z
2026-08-07T04:50:48Z,2026-08-07T06:50:48+0200,9de41e72-ad84-4160-af68-c339f970a640,2026-07-14T19:30:00Z,2026-07-14T21:30:00+0200,18.763,MW,NL,NL,actual_offshore_wind_generation,Wind Offshore | Actual Consumption,2026-08-07T04:53:21Z
2026-08-07T04:50:48Z,2026-08-07T06:50:48+0200,9de41e72-ad84-4160-af68-c339f970a640,2026-07-14T19:45:00Z,2026-07-14T21:45:00+0200,3453.724,MW,NL,NL,actual_offshore_wind_generation,Wind Offshore | Actual Aggregated,2026-08-07T04:53:21Z
2026-08-07T04:50:48Z,2026-08-07T06:50:48+0200,9de41e72-ad84-4160-af68-c339f970a640,2026-07-14T19:45:00Z,2026-07-14T21:45:00+0200,18.797,MW,NL,NL,actual_offshore_wind_generation,Wind Offshore | Actual Consumption,2026-08-07T04:53:21Z
2026-08-07T04:50:48Z,2026-08-07T06:50:48+0200,9de41e72-ad84-4160-af68-c339f970a640,2026-07-14T20:00:00Z,2026-07-14T22:00:00+0200,3402.19,MW,NL,NL,actual_offshore_wind_generation,Wind Offshore | Actual Aggregated,2026-08-07T04:53:21Z
2026-08-07T04:50:48Z,2026-08-07T06:50:48+0200,9de41e72-ad84-4160-af68-c339f970a640,2026-07-14T20:00:00Z,2026-07-14T22:00:00+0200,18.714,MW,NL,NL,actual_offshore_wind_generation,Wind Offshore | Actual Consumption,2026-08-07T04:53:21Z
2026-08-07T04:50:48Z,2026-08-07T06:50:48+0200,9de41e72-ad84-4160-af68-c339f970a640,2026-07-14T20:15:00Z,2026-07-14T22:15:00+0200,3385.227,MW,NL,NL,actual_offshore_wind_generation,Wind Offshore | Actual Aggregated,2026-08-07T04:53:21Z
2026-08-07T04:50:48Z,2026-08-07T06:50:48+0200,9de41e72-ad84-4160-af68-c339f970a640,2026-07-14T20:15:00Z,2026-07-14T22:15:00+0200,18.737,MW,NL,NL,actual_offshore_wind_generation,Wind Offshore | Actual Consumption,2026-08-07T04:53:21Z
2026-08-07T04:50:48Z,2026-08-07T06:50:48+0200,9de41e72-ad84-4160-af68-c339f970a640,2026-07-14T20:30:00Z,2026-07-14T22:30:00+0200,3396.53,MW,NL,NL,actual_offshore_wind_generation,Wind Offshore | Actual Aggregated,2026-08-07T04:53:21Z
2026-08-07T04:50:48Z,2026-08-07T06:50:48+0200,9de41e72-ad84-4160-af68-c339f970a640,2026-07-14T20:30:00Z,2026-07-14T22:30:00+0200,18.731,MW,NL,NL,actual_offshore_wind_generation,Wind Offshore | Actual Consumption,2026-08-07T04:53:21Z
2026-08-07T04:50:48Z,2026-08-07T06:50:48+0200,9de41e72-ad84-4160-af68-c339f970a640,2026-07-14T20:45:00Z,2026-07-14T22:45:00+0200,3426.014,MW,NL,NL,actual_offshore_wind_generation,Wind Offshore | Actual Aggregated,2026-08-07T04:53:21Z
2026-08-07T04:50:48Z,2026-08-07T06:50:48+0200,9de41e72-ad84-4160-af68-c339f970a640,2026-07-14T20:45:00Z,2026-07-14T22:45:00+0200,18.828,MW,NL,NL,actual_offshore_wind_generation,Wind Offshore | Actual Consumption,2026-08-07T04:53:21Z
2026-08-07T04:50:48Z,2026-08-07T06:50:48+0200,9de41e72-ad84-4160-af68-c339f970a640,2026-07-14T21:00:00Z,2026-07-14T23:00:00+0200,3457.156,MW,NL,NL,actual_offshore_wind_generation,Wind Offshore | Actual Aggregated,2026-08-07T04:53:21Z
2026-08-07T04:50:48Z,2026-08-07T06:50:48+0200,9de41e72-ad84-4160-af68-c339f970a640,2026-07-14T21:00:00Z,2026-07-14T23:00:00+0200,18.68,MW,NL,NL,actual_offshore_wind_generation,Wind Offshore | Actual Consumption,2026-08-07T04:53:21Z
2026-08-07T04:50:48Z,2026-08-07T06:50:48+0200,9de41e72-ad84-4160-af68-c339f970a640,2026-07-14T21:15:00Z,2026-07-14T23:15:00+0200,3444.639,MW,NL,NL,actual_offshore_wind_generation,Wind Offshore | Actual Aggregated,2026-08-07T04:53:21Z
2026-08-07T04:50:48Z,2026-08-07T06:50:48+0200,9de41e72-ad84-4160-af68-c339f970a640,2026-07-14T21:15:00Z,2026-07-14T23:15:00+0200,18.695,MW,NL,NL,actual_offshore_wind_generation,Wind Offshore | Actual Consumption,2026-08-07T04:53:21Z
2026-08-07T04:50:48Z,2026-08-07T06:50:48+0200,9de41e72-ad84-4160-af68-c339f970a640,2026-07-14T21:30:00Z,2026-07-14T23:30:00+0200,3420.279,MW,NL,NL,actual_offshore_wind_generation,Wind Offshore | Actual Aggregated,2026-08-07T04:53:21Z
2026-08-07T04:50:48Z,2026-08-07T06:50:48+0200,9de41e72-ad84-4160-af68-c339f970a640,2026-07-14T21:30:00Z,2026-07-14T23:30:00+0200,18.707,MW,NL,NL,actual_offshore_wind_generation,Wind Offshore | Actual Consumption,2026-08-07T04:53:21Z
2026-08-07T04:50:48Z,2026-08-07T06:50:48+0200,9de41e72-ad84-4160-af68-c339f970a640,2026-07-14T21:45:00Z,2026-07-14T23:45:00+0200,3359.342,MW,NL,NL,actual_offshore_wind_generation,Wind Offshore | Actual Aggregated,2026-08-07T04:53:21Z
2026-08-07T04:50:48Z,2026-08-07T06:50:48+0200,9de41e72-ad84-4160-af68-c339f970a640,2026-07-14T21:45:00Z,2026-07-14T23:45:00+0200,18.78,MW,NL,NL,actual_offshore_wind_generation,Wind Offshore | Actual Consumption,2026-08-07T04:53:21Z
2026-08-07T04:50:48Z,2026-08-07T06:50:48+0200,9de41e72-ad84-4160-af68-c339f970a640,2026-07-14T22:00:00Z,2026-07-15T00:00:00+0200,3268.497,MW,NL,NL,actual_offshore_wind_generation,Wind Offshore | Actual Aggregated,2026-08-07T04:53:21Z
2026-08-07T04:50:48Z,2026-08-07T06:50:48+0200,9de41e72-ad84-4160-af68-c339f970a640,2026-07-14T22:00:00Z,2026-07-15T00:00:00+0200,18.772,MW,NL,NL,actual_offshore_wind_generation,Wind Offshore | Actual Consumption,2026-08-07T04:53:21Z
2026-08-07T04:50:48Z,2026-08-07T06:50:48+0200,9de41e72-ad84-4160-af68-c339f970a640,2026-07-14T22:15:00Z,2026-07-15T00:15:00+0200,3158.55,MW,NL,NL,actual_offshore_wind_generation,Wind Offshore | Actual Aggregated,2026-08-07T04:53:21Z
2026-08-07T04:50:48Z,2026-08-07T06:50:48+0200,9de41e72-ad84-4160-af68-c339f970a640,2026-07-14T22:15:00Z,2026-07-15T00:15:00+0200,18.78,MW,NL,NL,actual_offshore_wind_generation,Wind Offshore | Actual Consumption,2026-08-07T04:53:21Z
2026-08-07T04:50:48Z,2026-08-07T06:50:48+0200,9de41e72-ad84-4160-af68-c339f970a640,2026-07-14T22:30:00Z,2026-07-15T00:30:00+0200,3093.032,MW,NL,NL,actual_offshore_wind_generation,Wind Offshore | Actual Aggregated,2026-08-07T04:53:21Z
2026-08-07T04:50:48Z,2026-08-07T06:50:48+0200,9de41e72-ad84-4160-af68-c339f970a640,2026-07-14T22:30:00Z,2026-07-15T00:30:00+0200,18.713,MW,NL,NL,actual_offshore_wind_generation,Wind Offshore | Actual Consumption,2026-08-07T04:53:21Z
2026-08-07T04:50:48Z,2026-08-07T06:50:48+0200,9de41e72-ad84-4160-af68-c339f970a640,2026-07-14T22:45:00Z,2026-07-15T00:45:00+0200,3021.093,MW,NL,NL,actual_offshore_wind_generation,Wind Offshore | Actual Aggregated,2026-08-07T04:53:21Z
2026-08-07T04:50:48Z,2026-08-07T06:50:48+0200,9de41e72-ad84-4160-af68-c339f970a640,2026-07-14T22:45:00Z,2026-07-15T00:45:00+0200,18.724,MW,NL,NL,actual_offshore_wind_generation,Wind Offshore | Actual Consumption,2026-08-07T04:53:21Z
2026-08-07T04:50:48Z,2026-08-07T06:50:48+0200,9de41e72-ad84-4160-af68-c339f970a640,2026-07-14T23:00:00Z,2026-07-15T01:00:00+0200,2925.26,MW,NL,NL,actual_offshore_wind_generation,Wind Offshore | Actual Aggregated,2026-08-07T04:53:21Z
2026-08-07T04:50:48Z,2026-08-07T06:50:48+0200,9de41e72-ad84-4160-af68-c339f970a640,2026-07-14T23:00:00Z,2026-07-15T01:00:00+0200,18.298,MW,NL,NL,actual_offshore_wind_generation,Wind Offshore | Actual Consumption,2026-08-07T04:53:21Z
2026-08-07T04:50:48Z,2026-08-07T06:50:48+0200,9de41e72-ad84-4160-af68-c339f970a640,2026-07-14T23:15:00Z,2026-07-15T01:15:00+0200,2858.66,MW,NL,NL,actual_offshore_wind_generation,Wind Offshore | Actual Aggregated,2026-08-07T04:53:21Z
2026-08-07T04:50:48Z,2026-08-07T06:50:48+0200,9de41e72-ad84-4160-af68-c339f970a640,2026-07-14T23:15:00Z,2026-07-15T01:15:00+0200,18.496,MW,NL,NL,actual_offshore_wind_generation,Wind Offshore | Actual Consumption,2026-08-07T04:53:21Z
2026-08-07T04:50:48Z,2026-08-07T06:50:48+0200,9de41e72-ad84-4160-af68-c339f970a640,2026-07-14T23:30:00Z,2026-07-15T01:30:00+0200,2816.135,MW,NL,NL,actual_offshore_wind_generation,Wind Offshore | Actual Aggregated,2026-08-07T04:53:21Z
2026-08-07T04:50:48Z,2026-08-07T06:50:48+0200,9de41e72-ad84-4160-af68-c339f970a640,2026-07-14T23:30:00Z,2026-07-15T01:30:00+0200,18.469,MW,NL,NL,actual_offshore_wind_generation,Wind Offshore | Actual Consumption,2026-08-07T04:53:21Z
2026-08-07T04:50:48Z,2026-08-07T06:50:48+0200,9de41e72-ad84-4160-af68-c339f970a640,2026-07-14T23:45:00Z,2026-07-15T01:45:00+0200,2758.038,MW,NL,NL,actual_offshore_wind_generation,Wind Offshore | Actual Aggregated,2026-08-07T04:53:21Z
2026-08-07T04:50:48Z,2026-08-07T06:50:48+0200,9de41e72-ad84-4160-af68-c339f970a640,2026-07-14T23:45:00Z,2026-07-15T01:45:00+0200,16.277,MW,NL,NL,actual_offshore_wind_generation,Wind Offshore | Actual Consumption,2026-08-07T04:53:21Z
2026-08-07T04:50:48Z,2026-08-07T06:50:48+0200,9de41e72-ad84-4160-af68-c339f970a640,2026-07-15T00:00:00Z,2026-07-15T02:00:00+0200,2695.361,MW,NL,NL,actual_offshore_wind_generation,Wind Offshore | Actual Aggregated,2026-08-07T04:53:21Z
2026-08-07T04:50:48Z,2026-08-07T06:50:48+0200,9de41e72-ad84-4160-af68-c339f970a640,2026-07-15T00:00:00Z,2026-07-15T02:00:00+0200,16.325,MW,NL,NL,actual_offshore_wind_generation,Wind Offshore | Actual Consumption,2026-08-07T04:53:21Z
2026-08-07T04:50:48Z,2026-08-07T06:50:48+0200,9de41e72-ad84-4160-af68-c339f970a640,2026-07-15T00:15:00Z,2026-07-15T02:15:00+0200,2617.495,MW,NL,NL,actual_offshore_wind_generation,Wind Offshore | Actual Aggregated,2026-08-07T04:53:21Z
2026-08-07T04:50:48Z,2026-08-07T06:50:48+0200,9de41e72-ad84-4160-af68-c339f970a640,2026-07-15T00:15:00Z,2026-07-15T02:15:00+0200,14.202,MW,NL,NL,actual_offshore_wind_generation,Wind Offshore | Actual Consumption,2026-08-07T04:53:21Z
2026-08-07T04:50:48Z,2026-08-07T06:50:48+0200,9de41e72-ad84-4160-af68-c339f970a640,2026-07-15T00:30:00Z,2026-07-15T02:30:00+0200,2537.886,MW,NL,NL,actual_offshore_wind_generation,Wind Offshore | Actual Aggregated,2026-08-07T04:53:21Z
2026-08-07T04:50:48Z,2026-08-07T06:50:48+0200,9de41e72-ad84-4160-af68-c339f970a640,2026-07-15T00:30:00Z,2026-07-15T02:30:00+0200,12.848,MW,NL,NL,actual_offshore_wind_generation,Wind Offshore | Actual Consumption,2026-08-07T04:53:21Z
2026-08-07T04:50:48Z,2026-08-07T06:50:48+0200,9de41e72-ad84-4160-af68-c339f970a640,2026-07-15T00:45:00Z,2026-07-15T02:45:00+0200,2439.338,MW,NL,NL,actual_offshore_wind_generation,Wind Offshore | Actual Aggregated,2026-08-07T04:53:21Z
2026-08-07T04:50:48Z,2026-08-07T06:50:48+0200,9de41e72-ad84-4160-af68-c339f970a640,2026-07-15T00:45:00Z,2026-07-15T02:45:00+0200,12.098,MW,NL,NL,actual_offshore_wind_generation,Wind Offshore | Actual Consumption,2026-08-07T04:53:21Z
2026-08-07T04:50:48Z,2026-08-07T06:50:48+0200,9de41e72-ad84-4160-af68-c339f970a640,2026-07-15T01:00:00Z,2026-07-15T03:00:00+0200,2404.661,MW,NL,NL,actual_offshore_wind_generation,Wind Offshore | Actual Aggregated,2026-08-07T04:53:21Z
2026-08-07T04:50:48Z,2026-08-07T06:50:48+0200,9de41e72-ad84-4160-af68-c339f970a640,2026-07-15T01:00:00Z,2026-07-15T03:00:00+0200,10.967,MW,NL,NL,actual_offshore_wind_generation,Wind Offshore | Actual Consumption,2026-08-07T04:53:21Z
2026-08-07T04:50:48Z,2026-08-07T06:50:48+0200,9de41e72-ad84-4160-af68-c339f970a640,2026-07-15T01:15:00Z,2026-07-15T03:15:00+0200,2422.404,MW,NL,NL,actual_offshore_wind_generation,Wind Offshore | Actual Aggregated,2026-08-07T04:53:21Z
2026-08-07T04:50:48Z,2026-08-07T06:50:48+0200,9de41e72-ad84-4160-af68-c339f970a640,2026-07-15T01:15:00Z,2026-07-15T03:15:00+0200,11.724,MW,NL,NL,actual_offshore_wind_generation,Wind Offshore | Actual Consumption,2026-08-07T04:53:21Z
2026-08-07T04:50:48Z,2026-08-07T06:50:48+0200,9de41e72-ad84-4160-af68-c339f970a640,2026-07-15T01:30:00Z,2026-07-15T03:30:00+0200,2394.494,MW,NL,NL,actual_offshore_wind_generation,Wind Offshore | Actual Aggregated,2026-08-07T04:53:21Z
2026-08-07T04:50:48Z,2026-08-07T06:50:48+0200,9de41e72-ad84-4160-af68-c339f970a640,2026-07-15T01:30:00Z,2026-07-15T03:30:00+0200,11.039,MW,NL,NL,actual_offshore_wind_generation,Wind Offshore | Actual Consumption,2026-08-07T04:53:21Z
2026-08-07T04:50:48Z,2026-08-07T06:50:48+0200,9de41e72-ad84-4160-af68-c339f970a640,2026-07-15T01:45:00Z,2026-07-15T03:45:00+0200,2330.64,MW,NL,NL,actual_offshore_wind_generation,Wind Offshore | Actual Aggregated,2026-08-07T04:53:21Z
2026-08-07T04:50:48Z,2026-08-07T06:50:48+0200,9de41e72-ad84-4160-af68-c339f970a640,2026-07-15T01:45:00Z,2026-07-15T03:45:00+0200,11.297,MW,NL,NL,actual_offshore_wind_generation,Wind Offshore | Actual Consumption,2026-08-07T04:53:21Z
2026-08-07T04:50:48Z,2026-08-07T06:50:48+0200,9de41e72-ad84-4160-af68-c339f970a640,2026-07-15T02:00:00Z,2026-07-15T04:00:00+0200,2235.888,MW,NL,NL,actual_offshore_wind_generation,Wind Offshore | Actual Aggregated,2026-08-07T04:53:21Z
2026-08-07T04:50:48Z,2026-08-07T06:50:48+0200,9de41e72-ad84-4160-af68-c339f970a640,2026-07-15T02:00:00Z,2026-07-15T04:00:00+0200,9.75,MW,NL,NL,actual_offshore_wind_generation,Wind Offshore | Actual Consumption,2026-08-07T04:53:21Z
2026-08-07T04:50:48Z,2026-08-07T06:50:48+0200,9de41e72-ad84-4160-af68-c339f970a640,2026-07-15T02:15:00Z,2026-07-15T04:15:00+0200,2172.925,MW,NL,NL,actual_offshore_wind_generation,Wind Offshore | Actual Aggregated,2026-08-07T04:53:21Z
2026-08-07T04:50:48Z,2026-08-07T06:50:48+0200,9de41e72-ad84-4160-af68-c339f970a640,2026-07-15T02:15:00Z,2026-07-15T04:15:00+0200,10.238,MW,NL,NL,actual_offshore_wind_generation,Wind Offshore | Actual Consumption,2026-08-07T04:53:21Z
2026-08-07T04:50:48Z,2026-08-07T06:50:48+0200,9de41e72-ad84-4160-af68-c339f970a640,2026-07-15T02:30:00Z,2026-07-15T04:30:00+0200,2219.722,MW,NL,NL,actual_offshore_wind_generation,Wind Offshore | Actual Aggregated,2026-08-07T04:53:21Z
2026-08-07T04:50:48Z,2026-08-07T06:50:48+0200,9de41e72-ad84-4160-af68-c339f970a640,2026-07-15T02:30:00Z,2026-07-15T04:30:00+0200,10.702,MW,NL,NL,actual_offshore_wind_generation,Wind Offshore | Actual Consumption,2026-08-07T04:53:21Z
2026-08-07T04:50:48Z,2026-08-07T06:50:48+0200,9de41e72-ad84-4160-af68-c339f970a640,2026-07-15T02:45:00Z,2026-07-15T04:45:00+0200,2302.384,MW,NL,NL,actual_offshore_wind_generation,Wind Offshore | Actual Aggregated,2026-08-07T04:53:21Z
2026-08-07T04:50:48Z,2026-08-07T06:50:48+0200,9de41e72-ad84-4160-af68-c339f970a640,2026-07-15T02:45:00Z,2026-07-15T04:45:00+0200,10.737,MW,NL,NL,actual_offshore_wind_generation,Wind Offshore | Actual Consumption,2026-08-07T04:53:21Z
2026-08-07T04:50:48Z,2026-08-07T06:50:48+0200,9de41e72-ad84-4160-af68-c339f970a640,2026-07-15T03:00:00Z,2026-07-15T05:00:00+0200,2314.055,MW,NL,NL,actual_offshore_wind_generation,Wind Offshore | Actual Aggregated,2026-08-07T04:53:21Z
2026-08-07T04:50:48Z,2026-08-07T06:50:48+0200,9de41e72-ad84-4160-af68-c339f970a640,2026-07-15T03:00:00Z,2026-07-15T05:00:00+0200,10.612,MW,NL,NL,actual_offshore_wind_generation,Wind Offshore | Actual Consumption,2026-08-07T04:53:21Z
2026-08-07T04:50:48Z,2026-08-07T06:50:48+0200,9de41e72-ad84-4160-af68-c339f970a640,2026-07-15T03:15:00Z,2026-07-15T05:15:00+0200,2210.485,MW,NL,NL,actual_offshore_wind_generation,Wind Offshore | Actual Aggregated,2026-08-07T04:53:21Z
2026-08-07T04:50:48Z,2026-08-07T06:50:48+0200,9de41e72-ad84-4160-af68-c339f970a640,2026-07-15T03:15:00Z,2026-07-15T05:15:00+0200,9.345,MW,NL,NL,actual_offshore_wind_generation,Wind Offshore | Actual Consumption,2026-08-07T04:53:21Z
2026-08-07T04:50:48Z,2026-08-07T06:50:48+0200,9de41e72-ad84-4160-af68-c339f970a640,2026-07-15T03:30:00Z,2026-07-15T05:30:00+0200,2062.762,MW,NL,NL,actual_offshore_wind_generation,Wind Offshore | Actual Aggregated,2026-08-07T04:53:21Z
2026-08-07T04:50:48Z,2026-08-07T06:50:48+0200,9de41e72-ad84-4160-af68-c339f970a640,2026-07-15T03:30:00Z,2026-07-15T05:30:00+0200,8.725,MW,NL,NL,actual_offshore_wind_generation,Wind Offshore | Actual Consumption,2026-08-07T04:53:21Z
2026-08-07T04:50:48Z,2026-08-07T06:50:48+0200,9de41e72-ad84-4160-af68-c339f970a640,2026-07-15T03:45:00Z,2026-07-15T05:45:00+0200,1909.979,MW,NL,NL,actual_offshore_wind_generation,Wind Offshore | Actual Aggregated,2026-08-07T04:53:21Z
2026-08-07T04:50:48Z,2026-08-07T06:50:48+0200,9de41e72-ad84-4160-af68-c339f970a640,2026-07-15T03:45:00Z,2026-07-15T05:45:00+0200,9.527,MW,NL,NL,actual_offshore_wind_generation,Wind Offshore | Actual Consumption,2026-08-07T04:53:21Z
2026-08-07T04:50:48Z,2026-08-07T06:50:48+0200,9de41e72-ad84-4160-af68-c339f970a640,2026-07-15T04:00:00Z,2026-07-15T06:00:00+0200,1871.094,MW,NL,NL,actual_offshore_wind_generation,Wind Offshore | Actual Aggregated,2026-08-07T04:53:21Z
2026-08-07T04:50:48Z,2026-08-07T06:50:48+0200,9de41e72-ad84-4160-af68-c339f970a640,2026-07-15T04:00:00Z,2026-07-15T06:00:00+0200,11.213,MW,NL,NL,actual_offshore_wind_generation,Wind Offshore | Actual Consumption,2026-08-07T04:53:21Z
2026-08-07T04:50:48Z,2026-08-07T06:50:48+0200,9de41e72-ad84-4160-af68-c339f970a640,2026-07-15T04:15:00Z,2026-07-15T06:15:00+0200,1947.545,MW,NL,NL,actual_offshore_wind_generation,Wind Offshore | Actual Aggregated,2026-08-07T04:53:21Z
2026-08-07T04:50:48Z,2026-08-07T06:50:48+0200,9de41e72-ad84-4160-af68-c339f970a640,2026-07-15T04:15:00Z,2026-07-15T06:15:00+0200,12.344,MW,NL,NL,actual_offshore_wind_generation,Wind Offshore | Actual Consumption,2026-08-07T04:53:21Z
2026-08-07T04:50:48Z,2026-08-07T06:50:48+0200,9de41e72-ad84-4160-af68-c339f970a640,2026-07-15T04:30:00Z,2026-07-15T06:30:00+0200,1947.464,MW,NL,NL,actual_offshore_wind_generation,Wind Offshore | Actual Aggregated,2026-08-07T04:53:21Z
2026-08-07T04:50:48Z,2026-08-07T06:50:48+0200,9de41e72-ad84-4160-af68-c339f970a640,2026-07-15T04:30:00Z,2026-07-15T06:30:00+0200,10.503,MW,NL,NL,actual_offshore_wind_generation,Wind Offshore | Actual Consumption,2026-08-07T04:53:21Z
2026-08-07T04:50:48Z,2026-08-07T06:50:48+0200,9de41e72-ad84-4160-af68-c339f970a640,2026-07-15T04:45:00Z,2026-07-15T06:45:00+0200,1965.573,MW,NL,NL,actual_offshore_wind_generation,Wind Offshore | Actual Aggregated,2026-08-07T04:53:21Z
2026-08-07T04:50:48Z,2026-08-07T06:50:48+0200,9de41e72-ad84-4160-af68-c339f970a640,2026-07-15T04:45:00Z,2026-07-15T06:45:00+0200,10.357,MW,NL,NL,actual_offshore_wind_generation,Wind Offshore | Actual Consumption,2026-08-07T04:53:21Z
2026-08-07T04:50:48Z,2026-08-07T06:50:48+0200,9de41e72-ad84-4160-af68-c339f970a640,2026-07-15T05:00:00Z,2026-07-15T07:00:00+0200,1880.06,MW,NL,NL,actual_offshore_wind_generation,Wind Offshore | Actual Aggregated,2026-08-07T04:53:21Z
2026-08-07T04:50:48Z,2026-08-07T06:50:48+0200,9de41e72-ad84-4160-af68-c339f970a640,2026-07-15T05:00:00Z,2026-07-15T07:00:00+0200,6.706,MW,NL,NL,actual_offshore_wind_generation,Wind Offshore | Actual Consumption,2026-08-07T04:53:21Z
2026-08-07T04:50:48Z,2026-08-07T06:50:48+0200,9de41e72-ad84-4160-af68-c339f970a640,2026-07-15T05:15:00Z,2026-07-15T07:15:00+0200,1844.777,MW,NL,NL,actual_offshore_wind_generation,Wind Offshore | Actual Aggregated,2026-08-07T04:53:21Z
2026-08-07T04:50:48Z,2026-08-07T06:50:48+0200,9de41e72-ad84-4160-af68-c339f970a640,2026-07-15T05:15:00Z,2026-07-15T07:15:00+0200,6.383,MW,NL,NL,actual_offshore_wind_generation,Wind Offshore | Actual Consumption,2026-08-07T04:53:21Z
2026-08-07T04:50:48Z,2026-08-07T06:50:48+0200,9de41e72-ad84-4160-af68-c339f970a640,2026-07-15T05:30:00Z,2026-07-15T07:30:00+0200,1871.213,MW,NL,NL,actual_offshore_wind_generation,Wind Offshore | Actual Aggregated,2026-08-07T04:53:21Z
2026-08-07T04:50:48Z,2026-08-07T06:50:48+0200,9de41e72-ad84-4160-af68-c339f970a640,2026-07-15T05:30:00Z,2026-07-15T07:30:00+0200,5.87,MW,NL,NL,actual_offshore_wind_generation,Wind Offshore | Actual Consumption,2026-08-07T04:53:21Z
2026-08-07T04:50:48Z,2026-08-07T06:50:48+0200,9de41e72-ad84-4160-af68-c339f970a640,2026-07-15T05:45:00Z,2026-07-15T07:45:00+0200,1879.475,MW,NL,NL,actual_offshore_wind_generation,Wind Offshore | Actual Aggregated,2026-08-07T04:53:21Z
2026-08-07T04:50:48Z,2026-08-07T06:50:48+0200,9de41e72-ad84-4160-af68-c339f970a640,2026-07-15T05:45:00Z,2026-07-15T07:45:00+0200,5.263,MW,NL,NL,actual_offshore_wind_generation,Wind Offshore | Actual Consumption,2026-08-07T04:53:21Z
2026-08-07T04:50:48Z,2026-08-07T06:50:48+0200,9de41e72-ad84-4160-af68-c339f970a640,2026-07-15T06:00:00Z,2026-07-15T08:00:00+0200,1792.641,MW,NL,NL,actual_offshore_wind_generation,Wind Offshore | Actual Aggregated,2026-08-07T04:53:21Z
2026-08-07T04:50:48Z,2026-08-07T06:50:48+0200,9de41e72-ad84-4160-af68-c339f970a640,2026-07-15T06:00:00Z,2026-07-15T08:00:00+0200,5.842,MW,NL,NL,actual_offshore_wind_generation,Wind Offshore | Actual Consumption,2026-08-07T04:53:21Z
2026-08-07T04:50:48Z,2026-08-07T06:50:48+0200,9de41e72-ad84-4160-af68-c339f970a640,2026-07-15T06:15:00Z,2026-07-15T08:15:00+0200,1744.525,MW,NL,NL,actual_offshore_wind_generation,Wind Offshore | Actual Aggregated,2026-08-07T04:53:21Z
2026-08-07T04:50:48Z,2026-08-07T06:50:48+0200,9de41e72-ad84-4160-af68-c339f970a640,2026-07-15T06:15:00Z,2026-07-15T08:15:00+0200,6.228,MW,NL,NL,actual_offshore_wind_generation,Wind Offshore | Actual Consumption,2026-08-07T04:53:21Z
2026-08-07T04:50:48Z,2026-08-07T06:50:48+0200,9de41e72-ad84-4160-af68-c339f970a640,2026-07-15T06:30:00Z,2026-07-15T08:30:00+0200,1672.096,MW,NL,NL,actual_offshore_wind_generation,Wind Offshore | Actual Aggregated,2026-08-07T04:53:21Z
2026-08-07T04:50:48Z,2026-08-07T06:50:48+0200,9de41e72-ad84-4160-af68-c339f970a640,2026-07-15T06:30:00Z,2026-07-15T08:30:00+0200,6.653,MW,NL,NL,actual_offshore_wind_generation,Wind Offshore | Actual Consumption,2026-08-07T04:53:21Z
2026-08-07T04:50:48Z,2026-08-07T06:50:48+0200,9de41e72-ad84-4160-af68-c339f970a640,2026-07-15T06:45:00Z,2026-07-15T08:45:00+0200,1614.392,MW,NL,NL,actual_offshore_wind_generation,Wind Offshore | Actual Aggregated,2026-08-07T04:53:21Z
2026-08-07T04:50:48Z,2026-08-07T06:50:48+0200,9de41e72-ad84-4160-af68-c339f970a640,2026-07-15T06:45:00Z,2026-07-15T08:45:00+0200,6.685,MW,NL,NL,actual_offshore_wind_generation,Wind Offshore | Actual Consumption,2026-08-07T04:53:21Z
2026-08-07T04:50:48Z,2026-08-07T06:50:48+0200,9de41e72-ad84-4160-af68-c339f970a640,2026-07-15T07:00:00Z,2026-07-15T09:00:00+0200,1613.708,MW,NL,NL,actual_offshore_wind_generation,Wind Offshore | Actual Aggregated,2026-08-07T04:53:21Z
2026-08-07T04:50:48Z,2026-08-07T06:50:48+0200,9de41e72-ad84-4160-af68-c339f970a640,2026-07-15T07:00:00Z,2026-07-15T09:00:00+0200,10.281,MW,NL,NL,actual_offshore_wind_generation,Wind Offshore | Actual Consumption,2026-08-07T04:53:21Z
2026-08-07T04:50:48Z,2026-08-07T06:50:48+0200,9de41e72-ad84-4160-af68-c339f970a640,2026-07-15T07:15:00Z,2026-07-15T09:15:00+0200,1562.506,MW,NL,NL,actual_offshore_wind_generation,Wind Offshore | Actual Aggregated,2026-08-07T04:53:21Z
2026-08-07T04:50:48Z,2026-08-07T06:50:48+0200,9de41e72-ad84-4160-af68-c339f970a640,2026-07-15T07:15:00Z,2026-07-15T09:15:00+0200,11.144,MW,NL,NL,actual_offshore_wind_generation,Wind Offshore | Actual Consumption,2026-08-07T04:53:21Z
2026-08-07T04:50:48Z,2026-08-07T06:50:48+0200,9de41e72-ad84-4160-af68-c339f970a640,2026-07-15T07:30:00Z,2026-07-15T09:30:00+0200,1489.793,MW,NL,NL,actual_offshore_wind_generation,Wind Offshore | Actual Aggregated,2026-08-07T04:53:21Z
2026-08-07T04:50:48Z,2026-08-07T06:50:48+0200,9de41e72-ad84-4160-af68-c339f970a640,2026-07-15T07:30:00Z,2026-07-15T09:30:00+0200,10.49,MW,NL,NL,actual_offshore_wind_generation,Wind Offshore | Actual Consumption,2026-08-07T04:53:21Z
2026-08-07T04:50:48Z,2026-08-07T06:50:48+0200,9de41e72-ad84-4160-af68-c339f970a640,2026-07-15T07:45:00Z,2026-07-15T09:45:00+0200,1434.074,MW,NL,NL,actual_offshore_wind_generation,Wind Offshore | Actual Aggregated,2026-08-07T04:53:21Z
2026-08-07T04:50:48Z,2026-08-07T06:50:48+0200,9de41e72-ad84-4160-af68-c339f970a640,2026-07-15T07:45:00Z,2026-07-15T09:45:00+0200,10.165,MW,NL,NL,actual_offshore_wind_generation,Wind Offshore | Actual Consumption,2026-08-07T04:53:21Z
2026-08-07T04:50:48Z,2026-08-07T06:50:48+0200,9de41e72-ad84-4160-af68-c339f970a640,2026-07-15T08:00:00Z,2026-07-15T10:00:00+0200,1432.995,MW,NL,NL,actual_offshore_wind_generation,Wind Offshore | Actual Aggregated,2026-08-07T04:53:21Z
2026-08-07T04:50:48Z,2026-08-07T06:50:48+0200,9de41e72-ad84-4160-af68-c339f970a640,2026-07-15T08:00:00Z,2026-07-15T10:00:00+0200,9.27,MW,NL,NL,actual_offshore_wind_generation,Wind Offshore | Actual Consumption,2026-08-07T04:53:21Z
2026-08-07T04:50:48Z,2026-08-07T06:50:48+0200,9de41e72-ad84-4160-af68-c339f970a640,2026-07-15T08:15:00Z,2026-07-15T10:15:00+0200,1356.068,MW,NL,NL,actual_offshore_wind_generation,Wind Offshore | Actual Aggregated,2026-08-07T04:53:21Z
2026-08-07T04:50:48Z,2026-08-07T06:50:48+0200,9de41e72-ad84-4160-af68-c339f970a640,2026-07-15T08:15:00Z,2026-07-15T10:15:00+0200,8.136,MW,NL,NL,actual_offshore_wind_generation,Wind Offshore | Actual Consumption,2026-08-07T04:53:21Z
2026-08-07T04:50:48Z,2026-08-07T06:50:48+0200,9de41e72-ad84-4160-af68-c339f970a640,2026-07-15T08:30:00Z,2026-07-15T10:30:00+0200,1274.815,MW,NL,NL,actual_offshore_wind_generation,Wind Offshore | Actual Aggregated,2026-08-07T04:53:21Z
2026-08-07T04:50:48Z,2026-08-07T06:50:48+0200,9de41e72-ad84-4160-af68-c339f970a640,2026-07-15T08:30:00Z,2026-07-15T10:30:00+0200,6.805,MW,NL,NL,actual_offshore_wind_generation,Wind Offshore | Actual Consumption,2026-08-07T04:53:21Z
2026-08-07T04:50:48Z,2026-08-07T06:50:48+0200,9de41e72-ad84-4160-af68-c339f970a640,2026-07-15T08:45:00Z,2026-07-15T10:45:00+0200,1251.911,MW,NL,NL,actual_offshore_wind_generation,Wind Offshore | Actual Aggregated,2026-08-07T04:53:21Z
2026-08-07T04:50:48Z,2026-08-07T06:50:48+0200,9de41e72-ad84-4160-af68-c339f970a640,2026-07-15T08:45:00Z,2026-07-15T10:45:00+0200,7.363,MW,NL,NL,actual_offshore_wind_generation,Wind Offshore | Actual Consumption,2026-08-07T04:53:21Z
2026-08-07T04:50:48Z,2026-08-07T06:50:48+0200,9de41e72-ad84-4160-af68-c339f970a640,2026-07-15T09:00:00Z,2026-07-15T11:00:00+0200,1218.661,MW,NL,NL,actual_offshore_wind_generation,Wind Offshore | Actual Aggregated,2026-08-07T04:53:21Z
2026-08-07T04:50:48Z,2026-08-07T06:50:48+0200,9de41e72-ad84-4160-af68-c339f970a640,2026-07-15T09:00:00Z,2026-07-15T11:00:00+0200,6.686,MW,NL,NL,actual_offshore_wind_generation,Wind Offshore | Actual Consumption,2026-08-07T04:53:21Z
2026-08-07T04:50:48Z,2026-08-07T06:50:48+0200,9de41e72-ad84-4160-af68-c339f970a640,2026-07-15T09:15:00Z,2026-07-15T11:15:00+0200,1239.793,MW,NL,NL,actual_offshore_wind_generation,Wind Offshore | Actual Aggregated,2026-08-07T04:53:21Z
2026-08-07T04:50:48Z,2026-08-07T06:50:48+0200,9de41e72-ad84-4160-af68-c339f970a640,2026-07-15T09:15:00Z,2026-07-15T11:15:00+0200,6.489,MW,NL,NL,actual_offshore_wind_generation,Wind Offshore | Actual Consumption,2026-08-07T04:53:21Z
2026-08-07T04:50:48Z,2026-08-07T06:50:48+0200,9de41e72-ad84-4160-af68-c339f970a640,2026-07-15T09:30:00Z,2026-07-15T11:30:00+0200,1247.646,MW,NL,NL,actual_offshore_wind_generation,Wind Offshore | Actual Aggregated,2026-08-07T04:53:21Z
2026-08-07T04:50:48Z,2026-08-07T06:50:48+0200,9de41e72-ad84-4160-af68-c339f970a640,2026-07-15T09:30:00Z,2026-07-15T11:30:00+0200,6.653,MW,NL,NL,actual_offshore_wind_generation,Wind Offshore | Actual Consumption,2026-08-07T04:53:21Z
2026-08-07T04:50:48Z,2026-08-07T06:50:48+0200,9de41e72-ad84-4160-af68-c339f970a640,2026-07-15T09:45:00Z,2026-07-15T11:45:00+0200,1247.555,MW,NL,NL,actual_offshore_wind_generation,Wind Offshore | Actual Aggregated,2026-08-07T04:53:21Z
2026-08-07T04:50:48Z,2026-08-07T06:50:48+0200,9de41e72-ad84-4160-af68-c339f970a640,2026-07-15T09:45:00Z,2026-07-15T11:45:00+0200,6.131,MW,NL,NL,actual_offshore_wind_generation,Wind Offshore | Actual Consumption,2026-08-07T04:53:21Z
2026-08-07T04:50:48Z,2026-08-07T06:50:48+0200,9de41e72-ad84-4160-af68-c339f970a640,2026-07-15T10:00:00Z,2026-07-15T12:00:00+0200,1275.341,MW,NL,NL,actual_offshore_wind_generation,Wind Offshore | Actual Aggregated,2026-08-07T04:53:21Z
2026-08-07T04:50:48Z,2026-08-07T06:50:48+0200,9de41e72-ad84-4160-af68-c339f970a640,2026-07-15T10:00:00Z,2026-07-15T12:00:00+0200,5.214,MW,NL,NL,actual_offshore_wind_generation,Wind Offshore | Actual Consumption,2026-08-07T04:53:21Z
2026-08-07T04:50:48Z,2026-08-07T06:50:48+0200,9de41e72-ad84-4160-af68-c339f970a640,2026-07-15T10:15:00Z,2026-07-15T12:15:00+0200,1356.148,MW,NL,NL,actual_offshore_wind_generation,Wind Offshore | Actual Aggregated,2026-08-07T04:53:21Z
2026-08-07T04:50:48Z,2026-08-07T06:50:48+0200,9de41e72-ad84-4160-af68-c339f970a640,2026-07-15T10:15:00Z,2026-07-15T12:15:00+0200,5.709,MW,NL,NL,actual_offshore_wind_generation,Wind Offshore | Actual Consumption,2026-08-07T04:53:21Z
2026-08-07T04:50:48Z,2026-08-07T06:50:48+0200,9de41e72-ad84-4160-af68-c339f970a640,2026-07-15T10:30:00Z,2026-07-15T12:30:00+0200,1401.656,MW,NL,NL,actual_offshore_wind_generation,Wind Offshore | Actual Aggregated,2026-08-07T04:53:21Z
2026-08-07T04:50:48Z,2026-08-07T06:50:48+0200,9de41e72-ad84-4160-af68-c339f970a640,2026-07-15T10:30:00Z,2026-07-15T12:30:00+0200,6.294,MW,NL,NL,actual_offshore_wind_generation,Wind Offshore | Actual Consumption,2026-08-07T04:53:21Z
2026-08-07T04:50:48Z,2026-08-07T06:50:48+0200,9de41e72-ad84-4160-af68-c339f970a640,2026-07-15T10:45:00Z,2026-07-15T12:45:00+0200,1438.948,MW,NL,NL,actual_offshore_wind_generation,Wind Offshore | Actual Aggregated,2026-08-07T04:53:21Z
2026-08-07T04:50:48Z,2026-08-07T06:50:48+0200,9de41e72-ad84-4160-af68-c339f970a640,2026-07-15T10:45:00Z,2026-07-15T12:45:00+0200,7.024,MW,NL,NL,actual_offshore_wind_generation,Wind Offshore | Actual Consumption,2026-08-07T04:53:21Z
2026-08-07T04:50:48Z,2026-08-07T06:50:48+0200,9de41e72-ad84-4160-af68-c339f970a640,2026-07-15T11:00:00Z,2026-07-15T13:00:00+0200,1500.973,MW,NL,NL,actual_offshore_wind_generation,Wind Offshore | Actual Aggregated,2026-08-07T04:53:21Z
2026-08-07T04:50:48Z,2026-08-07T06:50:48+0200,9de41e72-ad84-4160-af68-c339f970a640,2026-07-15T11:00:00Z,2026-07-15T13:00:00+0200,9.755,MW,NL,NL,actual_offshore_wind_generation,Wind Offshore | Actual Consumption,2026-08-07T04:53:21Z
2026-08-07T04:50:48Z,2026-08-07T06:50:48+0200,9de41e72-ad84-4160-af68-c339f970a640,2026-07-15T11:15:00Z,2026-07-15T13:15:00+0200,1544.657,MW,NL,NL,actual_offshore_wind_generation,Wind Offshore | Actual Aggregated,2026-08-07T04:53:21Z
2026-08-07T04:50:48Z,2026-08-07T06:50:48+0200,9de41e72-ad84-4160-af68-c339f970a640,2026-07-15T11:15:00Z,2026-07-15T13:15:00+0200,10.982,MW,NL,NL,actual_offshore_wind_generation,Wind Offshore | Actual Consumption,2026-08-07T04:53:21Z
2026-08-07T04:50:48Z,2026-08-07T06:50:48+0200,9de41e72-ad84-4160-af68-c339f970a640,2026-07-15T11:30:00Z,2026-07-15T13:30:00+0200,1579.715,MW,NL,NL,actual_offshore_wind_generation,Wind Offshore | Actual Aggregated,2026-08-07T04:53:21Z
2026-08-07T04:50:48Z,2026-08-07T06:50:48+0200,9de41e72-ad84-4160-af68-c339f970a640,2026-07-15T11:30:00Z,2026-07-15T13:30:00+0200,13.792,MW,NL,NL,actual_offshore_wind_generation,Wind Offshore | Actual Consumption,2026-08-07T04:53:21Z
2026-08-07T04:50:48Z,2026-08-07T06:50:48+0200,9de41e72-ad84-4160-af68-c339f970a640,2026-07-15T11:45:00Z,2026-07-15T13:45:00+0200,1540.941,MW,NL,NL,actual_offshore_wind_generation,Wind Offshore | Actual Aggregated,2026-08-07T04:53:21Z
2026-08-07T04:50:48Z,2026-08-07T06:50:48+0200,9de41e72-ad84-4160-af68-c339f970a640,2026-07-15T11:45:00Z,2026-07-15T13:45:00+0200,9.005,MW,NL,NL,actual_offshore_wind_generation,Wind Offshore | Actual Consumption,2026-08-07T04:53:21Z
2026-08-07T04:50:48Z,2026-08-07T06:50:48+0200,9de41e72-ad84-4160-af68-c339f970a640,2026-07-15T12:00:00Z,2026-07-15T14:00:00+0200,1525.308,MW,NL,NL,actual_offshore_wind_generation,Wind Offshore | Actual Aggregated,2026-08-07T04:53:21Z
2026-08-07T04:50:48Z,2026-08-07T06:50:48+0200,9de41e72-ad84-4160-af68-c339f970a640,2026-07-15T12:00:00Z,2026-07-15T14:00:00+0200,7.347,MW,NL,NL,actual_offshore_wind_generation,Wind Offshore | Actual Consumption,2026-08-07T04:53:21Z
2026-08-07T04:50:48Z,2026-08-07T06:50:48+0200,9de41e72-ad84-4160-af68-c339f970a640,2026-07-15T12:15:00Z,2026-07-15T14:15:00+0200,1504.658,MW,NL,NL,actual_offshore_wind_generation,Wind Offshore | Actual Aggregated,2026-08-07T04:53:21Z
2026-08-07T04:50:48Z,2026-08-07T06:50:48+0200,9de41e72-ad84-4160-af68-c339f970a640,2026-07-15T12:15:00Z,2026-07-15T14:15:00+0200,10.695,MW,NL,NL,actual_offshore_wind_generation,Wind Offshore | Actual Consumption,2026-08-07T04:53:21Z
2026-08-07T04:50:48Z,2026-08-07T06:50:48+0200,9de41e72-ad84-4160-af68-c339f970a640,2026-07-15T12:30:00Z,2026-07-15T14:30:00+0200,1515.155,MW,NL,NL,actual_offshore_wind_generation,Wind Offshore | Actual Aggregated,2026-08-07T04:53:21Z
2026-08-07T04:50:48Z,2026-08-07T06:50:48+0200,9de41e72-ad84-4160-af68-c339f970a640,2026-07-15T12:30:00Z,2026-07-15T14:30:00+0200,10.939,MW,NL,NL,actual_offshore_wind_generation,Wind Offshore | Actual Consumption,2026-08-07T04:53:21Z
2026-08-07T04:50:48Z,2026-08-07T06:50:48+0200,9de41e72-ad84-4160-af68-c339f970a640,2026-07-15T12:45:00Z,2026-07-15T14:45:00+0200,1577.873,MW,NL,NL,actual_offshore_wind_generation,Wind Offshore | Actual Aggregated,2026-08-07T04:53:21Z
2026-08-07T04:50:48Z,2026-08-07T06:50:48+0200,9de41e72-ad84-4160-af68-c339f970a640,2026-07-15T12:45:00Z,2026-07-15T14:45:00+0200,9.96,MW,NL,NL,actual_offshore_wind_generation,Wind Offshore | Actual Consumption,2026-08-07T04:53:21Z
2026-08-07T04:50:48Z,2026-08-07T06:50:48+0200,9de41e72-ad84-4160-af68-c339f970a640,2026-07-15T13:00:00Z,2026-07-15T15:00:00+0200,1641.236,MW,NL,NL,actual_offshore_wind_generation,Wind Offshore | Actual Aggregated,2026-08-07T04:53:21Z
2026-08-07T04:50:48Z,2026-08-07T06:50:48+0200,9de41e72-ad84-4160-af68-c339f970a640,2026-07-15T13:00:00Z,2026-07-15T15:00:00+0200,13.5,MW,NL,NL,actual_offshore_wind_generation,Wind Offshore | Actual Consumption,2026-08-07T04:53:21Z
2026-08-07T04:50:48Z,2026-08-07T06:50:48+0200,9de41e72-ad84-4160-af68-c339f970a640,2026-07-15T13:15:00Z,2026-07-15T15:15:00+0200,1694.894,MW,NL,NL,actual_offshore_wind_generation,Wind Offshore | Actual Aggregated,2026-08-07T04:53:21Z
2026-08-07T04:50:48Z,2026-08-07T06:50:48+0200,9de41e72-ad84-4160-af68-c339f970a640,2026-07-15T13:15:00Z,2026-07-15T15:15:00+0200,13.596,MW,NL,NL,actual_offshore_wind_generation,Wind Offshore | Actual Consumption,2026-08-07T04:53:21Z
2026-08-07T04:50:48Z,2026-08-07T06:50:48+0200,9de41e72-ad84-4160-af68-c339f970a640,2026-07-15T13:30:00Z,2026-07-15T15:30:00+0200,1677.601,MW,NL,NL,actual_offshore_wind_generation,Wind Offshore | Actual Aggregated,2026-08-07T04:53:21Z
2026-08-07T04:50:48Z,2026-08-07T06:50:48+0200,9de41e72-ad84-4160-af68-c339f970a640,2026-07-15T13:30:00Z,2026-07-15T15:30:00+0200,10.934,MW,NL,NL,actual_offshore_wind_generation,Wind Offshore | Actual Consumption,2026-08-07T04:53:21Z
2026-08-07T04:50:48Z,2026-08-07T06:50:48+0200,9de41e72-ad84-4160-af68-c339f970a640,2026-07-15T13:45:00Z,2026-07-15T15:45:00+0200,1691.482,MW,NL,NL,actual_offshore_wind_generation,Wind Offshore | Actual Aggregated,2026-08-07T04:53:21Z
2026-08-07T04:50:48Z,2026-08-07T06:50:48+0200,9de41e72-ad84-4160-af68-c339f970a640,2026-07-15T13:45:00Z,2026-07-15T15:45:00+0200,10.215,MW,NL,NL,actual_offshore_wind_generation,Wind Offshore | Actual Consumption,2026-08-07T04:53:21Z
2026-08-07T04:50:48Z,2026-08-07T06:50:48+0200,9de41e72-ad84-4160-af68-c339f970a640,2026-07-15T14:00:00Z,2026-07-15T16:00:00+0200,1708.624,MW,NL,NL,actual_offshore_wind_generation,Wind Offshore | Actual Aggregated,2026-08-07T04:53:21Z
2026-08-07T04:50:48Z,2026-08-07T06:50:48+0200,9de41e72-ad84-4160-af68-c339f970a640,2026-07-15T14:00:00Z,2026-07-15T16:00:00+0200,8.64,MW,NL,NL,actual_offshore_wind_generation,Wind Offshore | Actual Consumption,2026-08-07T04:53:21Z
2026-08-07T04:50:48Z,2026-08-07T06:50:48+0200,9de41e72-ad84-4160-af68-c339f970a640,2026-07-15T14:15:00Z,2026-07-15T16:15:00+0200,1768.391,MW,NL,NL,actual_offshore_wind_generation,Wind Offshore | Actual Aggregated,2026-08-07T04:53:21Z
2026-08-07T04:50:48Z,2026-08-07T06:50:48+0200,9de41e72-ad84-4160-af68-c339f970a640,2026-07-15T14:15:00Z,2026-07-15T16:15:00+0200,8.979,MW,NL,NL,actual_offshore_wind_generation,Wind Offshore | Actual Consumption,2026-08-07T04:53:21Z
2026-08-07T04:50:48Z,2026-08-07T06:50:48+0200,9de41e72-ad84-4160-af68-c339f970a640,2026-07-15T14:30:00Z,2026-07-15T16:30:00+0200,1847.71,MW,NL,NL,actual_offshore_wind_generation,Wind Offshore | Actual Aggregated,2026-08-07T04:53:21Z
2026-08-07T04:50:48Z,2026-08-07T06:50:48+0200,9de41e72-ad84-4160-af68-c339f970a640,2026-07-15T14:30:00Z,2026-07-15T16:30:00+0200,8.183,MW,NL,NL,actual_offshore_wind_generation,Wind Offshore | Actual Consumption,2026-08-07T04:53:21Z
2026-08-07T04:50:48Z,2026-08-07T06:50:48+0200,9de41e72-ad84-4160-af68-c339f970a640,2026-07-15T14:45:00Z,2026-07-15T16:45:00+0200,1926.212,MW,NL,NL,actual_offshore_wind_generation,Wind Offshore | Actual Aggregated,2026-08-07T04:53:21Z
2026-08-07T04:50:48Z,2026-08-07T06:50:48+0200,9de41e72-ad84-4160-af68-c339f970a640,2026-07-15T14:45:00Z,2026-07-15T16:45:00+0200,7.726,MW,NL,NL,actual_offshore_wind_generation,Wind Offshore | Actual Consumption,2026-08-07T04:53:21Z
2026-08-07T04:50:48Z,2026-08-07T06:50:48+0200,9de41e72-ad84-4160-af68-c339f970a640,2026-07-15T15:00:00Z,2026-07-15T17:00:00+0200,1986.489,MW,NL,NL,actual_offshore_wind_generation,Wind Offshore | Actual Aggregated,2026-08-07T04:53:21Z
2026-08-07T04:50:48Z,2026-08-07T06:50:48+0200,9de41e72-ad84-4160-af68-c339f970a640,2026-07-15T15:00:00Z,2026-07-15T17:00:00+0200,8.191,MW,NL,NL,actual_offshore_wind_generation,Wind Offshore | Actual Consumption,2026-08-07T04:53:21Z
2026-08-07T04:50:48Z,2026-08-07T06:50:48+0200,9de41e72-ad84-4160-af68-c339f970a640,2026-07-15T15:15:00Z,2026-07-15T17:15:00+0200,2181.46,MW,NL,NL,actual_offshore_wind_generation,Wind Offshore | Actual Aggregated,2026-08-07T04:53:21Z
2026-08-07T04:50:48Z,2026-08-07T06:50:48+0200,9de41e72-ad84-4160-af68-c339f970a640,2026-07-15T15:15:00Z,2026-07-15T17:15:00+0200,9.313,MW,NL,NL,actual_offshore_wind_generation,Wind Offshore | Actual Consumption,2026-08-07T04:53:21Z
2026-08-07T04:50:48Z,2026-08-07T06:50:48+0200,9de41e72-ad84-4160-af68-c339f970a640,2026-07-15T15:30:00Z,2026-07-15T17:30:00+0200,2379.234,MW,NL,NL,actual_offshore_wind_generation,Wind Offshore | Actual Aggregated,2026-08-07T04:53:21Z
2026-08-07T04:50:48Z,2026-08-07T06:50:48+0200,9de41e72-ad84-4160-af68-c339f970a640,2026-07-15T15:30:00Z,2026-07-15T17:30:00+0200,10.884,MW,NL,NL,actual_offshore_wind_generation,Wind Offshore | Actual Consumption,2026-08-07T04:53:21Z
2026-08-07T04:50:48Z,2026-08-07T06:50:48+0200,9de41e72-ad84-4160-af68-c339f970a640,2026-07-15T15:45:00Z,2026-07-15T17:45:00+0200,2483.715,MW,NL,NL,actual_offshore_wind_generation,Wind Offshore | Actual Aggregated,2026-08-07T04:53:21Z
2026-08-07T04:50:48Z,2026-08-07T06:50:48+0200,9de41e72-ad84-4160-af68-c339f970a640,2026-07-15T15:45:00Z,2026-07-15T17:45:00+0200,11.998,MW,NL,NL,actual_offshore_wind_generation,Wind Offshore | Actual Consumption,2026-08-07T04:53:21Z
2026-08-07T04:50:48Z,2026-08-07T06:50:48+0200,9de41e72-ad84-4160-af68-c339f970a640,2026-07-15T16:00:00Z,2026-07-15T18:00:00+0200,2505.989,MW,NL,NL,actual_offshore_wind_generation,Wind Offshore | Actual Aggregated,2026-08-07T04:53:21Z
2026-08-07T04:50:48Z,2026-08-07T06:50:48+0200,9de41e72-ad84-4160-af68-c339f970a640,2026-07-15T16:00:00Z,2026-07-15T18:00:00+0200,13.225,MW,NL,NL,actual_offshore_wind_generation,Wind Offshore | Actual Consumption,2026-08-07T04:53:21Z
2026-08-07T04:50:48Z,2026-08-07T06:50:48+0200,9de41e72-ad84-4160-af68-c339f970a640,2026-07-15T16:15:00Z,2026-07-15T18:15:00+0200,2618.841,MW,NL,NL,actual_offshore_wind_generation,Wind Offshore | Actual Aggregated,2026-08-07T04:53:21Z
2026-08-07T04:50:48Z,2026-08-07T06:50:48+0200,9de41e72-ad84-4160-af68-c339f970a640,2026-07-15T16:15:00Z,2026-07-15T18:15:00+0200,12.568,MW,NL,NL,actual_offshore_wind_generation,Wind Offshore | Actual Consumption,2026-08-07T04:53:21Z
2026-08-07T04:50:48Z,2026-08-07T06:50:48+0200,9de41e72-ad84-4160-af68-c339f970a640,2026-07-15T16:30:00Z,2026-07-15T18:30:00+0200,2690.863,MW,NL,NL,actual_offshore_wind_generation,Wind Offshore | Actual Aggregated,2026-08-07T04:53:21Z
2026-08-07T04:50:48Z,2026-08-07T06:50:48+0200,9de41e72-ad84-4160-af68-c339f970a640,2026-07-15T16:30:00Z,2026-07-15T18:30:00+0200,14.411,MW,NL,NL,actual_offshore_wind_generation,Wind Offshore | Actual Consumption,2026-08-07T04:53:21Z
2026-08-07T04:50:48Z,2026-08-07T06:50:48+0200,9de41e72-ad84-4160-af68-c339f970a640,2026-07-15T16:45:00Z,2026-07-15T18:45:00+0200,2788.936,MW,NL,NL,actual_offshore_wind_generation,Wind Offshore | Actual Aggregated,2026-08-07T04:53:21Z
2026-08-07T04:50:48Z,2026-08-07T06:50:48+0200,9de41e72-ad84-4160-af68-c339f970a640,2026-07-15T16:45:00Z,2026-07-15T18:45:00+0200,17.547,MW,NL,NL,actual_offshore_wind_generation,Wind Offshore | Actual Consumption,2026-08-07T04:53:21Z
2026-08-07T04:50:48Z,2026-08-07T06:50:48+0200,9de41e72-ad84-4160-af68-c339f970a640,2026-07-15T17:00:00Z,2026-07-15T19:00:00+0200,2866.444,MW,NL,NL,actual_offshore_wind_generation,Wind Offshore | Actual Aggregated,2026-08-07T04:53:21Z
2026-08-07T04:50:48Z,2026-08-07T06:50:48+0200,9de41e72-ad84-4160-af68-c339f970a640,2026-07-15T17:00:00Z,2026-07-15T19:00:00+0200,17.993,MW,NL,NL,actual_offshore_wind_generation,Wind Offshore | Actual Consumption,2026-08-07T04:53:21Z
2026-08-07T04:50:48Z,2026-08-07T06:50:48+0200,9de41e72-ad84-4160-af68-c339f970a640,2026-07-15T17:15:00Z,2026-07-15T19:15:00+0200,3018.042,MW,NL,NL,actual_offshore_wind_generation,Wind Offshore | Actual Aggregated,2026-08-07T04:53:21Z
2026-08-07T04:50:48Z,2026-08-07T06:50:48+0200,9de41e72-ad84-4160-af68-c339f970a640,2026-07-15T17:15:00Z,2026-07-15T19:15:00+0200,18.755,MW,NL,NL,actual_offshore_wind_generation,Wind Offshore | Actual Consumption,2026-08-07T04:53:21Z
2026-08-07T04:50:48Z,2026-08-07T06:50:48+0200,9de41e72-ad84-4160-af68-c339f970a640,2026-07-15T17:30:00Z,2026-07-15T19:30:00+0200,3147.987,MW,NL,NL,actual_offshore_wind_generation,Wind Offshore | Actual Aggregated,2026-08-07T04:53:21Z
2026-08-07T04:50:48Z,2026-08-07T06:50:48+0200,9de41e72-ad84-4160-af68-c339f970a640,2026-07-15T17:30:00Z,2026-07-15T19:30:00+0200,18.76,MW,NL,NL,actual_offshore_wind_generation,Wind Offshore | Actual Consumption,2026-08-07T04:53:21Z
2026-08-07T04:50:48Z,2026-08-07T06:50:48+0200,9de41e72-ad84-4160-af68-c339f970a640,2026-07-15T17:45:00Z,2026-07-15T19:45:00+0200,3265.26,MW,NL,NL,actual_offshore_wind_generation,Wind Offshore | Actual Aggregated,2026-08-07T04:53:21Z
2026-08-07T04:50:48Z,2026-08-07T06:50:48+0200,9de41e72-ad84-4160-af68-c339f970a640,2026-07-15T17:45:00Z,2026-07-15T19:45:00+0200,18.7,MW,NL,NL,actual_offshore_wind_generation,Wind Offshore | Actual Consumption,2026-08-07T04:53:21Z
2026-08-07T04:50:48Z,2026-08-07T06:50:48+0200,9de41e72-ad84-4160-af68-c339f970a640,2026-07-15T18:00:00Z,2026-07-15T20:00:00+0200,3366.894,MW,NL,NL,actual_offshore_wind_generation,Wind Offshore | Actual Aggregated,2026-08-07T04:53:21Z
2026-08-07T04:50:48Z,2026-08-07T06:50:48+0200,9de41e72-ad84-4160-af68-c339f970a640,2026-07-15T18:00:00Z,2026-07-15T20:00:00+0200,18.716,MW,NL,NL,actual_offshore_wind_generation,Wind Offshore | Actual Consumption,2026-08-07T04:53:21Z
2026-08-07T04:50:48Z,2026-08-07T06:50:48+0200,9de41e72-ad84-4160-af68-c339f970a640,2026-07-15T18:15:00Z,2026-07-15T20:15:00+0200,3443.938,MW,NL,NL,actual_offshore_wind_generation,Wind Offshore | Actual Aggregated,2026-08-07T04:53:21Z
2026-08-07T04:50:48Z,2026-08-07T06:50:48+0200,9de41e72-ad84-4160-af68-c339f970a640,2026-07-15T18:15:00Z,2026-07-15T20:15:00+0200,18.605,MW,NL,NL,actual_offshore_wind_generation,Wind Offshore | Actual Consumption,2026-08-07T04:53:21Z
2026-08-07T04:50:48Z,2026-08-07T06:50:48+0200,9de41e72-ad84-4160-af68-c339f970a640,2026-07-15T18:30:00Z,2026-07-15T20:30:00+0200,3485.772,MW,NL,NL,actual_offshore_wind_generation,Wind Offshore | Actual Aggregated,2026-08-07T04:53:21Z
2026-08-07T04:50:48Z,2026-08-07T06:50:48+0200,9de41e72-ad84-4160-af68-c339f970a640,2026-07-15T18:30:00Z,2026-07-15T20:30:00+0200,18.751,MW,NL,NL,actual_offshore_wind_generation,Wind Offshore | Actual Consumption,2026-08-07T04:53:21Z
2026-08-07T04:50:48Z,2026-08-07T06:50:48+0200,9de41e72-ad84-4160-af68-c339f970a640,2026-07-15T18:45:00Z,2026-07-15T20:45:00+0200,3515.58,MW,NL,NL,actual_offshore_wind_generation,Wind Offshore | Actual Aggregated,2026-08-07T04:53:21Z
2026-08-07T04:50:48Z,2026-08-07T06:50:48+0200,9de41e72-ad84-4160-af68-c339f970a640,2026-07-15T18:45:00Z,2026-07-15T20:45:00+0200,18.577,MW,NL,NL,actual_offshore_wind_generation,Wind Offshore | Actual Consumption,2026-08-07T04:53:21Z
2026-08-07T04:50:48Z,2026-08-07T06:50:48+0200,9de41e72-ad84-4160-af68-c339f970a640,2026-07-15T19:00:00Z,2026-07-15T21:00:00+0200,3522.429,MW,NL,NL,actual_offshore_wind_generation,Wind Offshore | Actual Aggregated,2026-08-07T04:53:21Z
2026-08-07T04:50:48Z,2026-08-07T06:50:48+0200,9de41e72-ad84-4160-af68-c339f970a640,2026-07-15T19:00:00Z,2026-07-15T21:00:00+0200,18.719,MW,NL,NL,actual_offshore_wind_generation,Wind Offshore | Actual Consumption,2026-08-07T04:53:21Z
2026-08-07T04:50:48Z,2026-08-07T06:50:48+0200,9de41e72-ad84-4160-af68-c339f970a640,2026-07-15T19:15:00Z,2026-07-15T21:15:00+0200,3522.487,MW,NL,NL,actual_offshore_wind_generation,Wind Offshore | Actual Aggregated,2026-08-07T04:53:21Z
2026-08-07T04:50:48Z,2026-08-07T06:50:48+0200,9de41e72-ad84-4160-af68-c339f970a640,2026-07-15T19:15:00Z,2026-07-15T21:15:00+0200,18.795,MW,NL,NL,actual_offshore_wind_generation,Wind Offshore | Actual Consumption,2026-08-07T04:53:21Z
2026-08-07T04:50:48Z,2026-08-07T06:50:48+0200,9de41e72-ad84-4160-af68-c339f970a640,2026-07-15T19:30:00Z,2026-07-15T21:30:00+0200,3490.659,MW,NL,NL,actual_offshore_wind_generation,Wind Offshore | Actual Aggregated,2026-08-07T04:53:21Z
2026-08-07T04:50:48Z,2026-08-07T06:50:48+0200,9de41e72-ad84-4160-af68-c339f970a640,2026-07-15T19:30:00Z,2026-07-15T21:30:00+0200,18.462,MW,NL,NL,actual_offshore_wind_generation,Wind Offshore | Actual Consumption,2026-08-07T04:53:21Z
2026-08-07T04:50:48Z,2026-08-07T06:50:48+0200,9de41e72-ad84-4160-af68-c339f970a640,2026-07-15T19:45:00Z,2026-07-15T21:45:00+0200,3419.073,MW,NL,NL,actual_offshore_wind_generation,Wind Offshore | Actual Aggregated,2026-08-07T04:53:21Z
2026-08-07T04:50:48Z,2026-08-07T06:50:48+0200,9de41e72-ad84-4160-af68-c339f970a640,2026-07-15T19:45:00Z,2026-07-15T21:45:00+0200,18.783,MW,NL,NL,actual_offshore_wind_generation,Wind Offshore | Actual Consumption,2026-08-07T04:53:21Z
2026-08-07T04:50:48Z,2026-08-07T06:50:48+0200,9de41e72-ad84-4160-af68-c339f970a640,2026-07-15T20:00:00Z,2026-07-15T22:00:00+0200,3382.408,MW,NL,NL,actual_offshore_wind_generation,Wind Offshore | Actual Aggregated,2026-08-07T04:53:21Z
2026-08-07T04:50:48Z,2026-08-07T06:50:48+0200,9de41e72-ad84-4160-af68-c339f970a640,2026-07-15T20:00:00Z,2026-07-15T22:00:00+0200,18.108,MW,NL,NL,actual_offshore_wind_generation,Wind Offshore | Actual Consumption,2026-08-07T04:53:21Z
2026-08-07T04:50:48Z,2026-08-07T06:50:48+0200,9de41e72-ad84-4160-af68-c339f970a640,2026-07-15T20:15:00Z,2026-07-15T22:15:00+0200,3281.728,MW,NL,NL,actual_offshore_wind_generation,Wind Offshore | Actual Aggregated,2026-08-07T04:53:21Z
2026-08-07T04:50:48Z,2026-08-07T06:50:48+0200,9de41e72-ad84-4160-af68-c339f970a640,2026-07-15T20:15:00Z,2026-07-15T22:15:00+0200,18.438,MW,NL,NL,actual_offshore_wind_generation,Wind Offshore | Actual Consumption,2026-08-07T04:53:21Z
2026-08-07T04:50:48Z,2026-08-07T06:50:48+0200,9de41e72-ad84-4160-af68-c339f970a640,2026-07-15T20:30:00Z,2026-07-15T22:30:00+0200,3209.356,MW,NL,NL,actual_offshore_wind_generation,Wind Offshore | Actual Aggregated,2026-08-07T04:53:21Z
2026-08-07T04:50:48Z,2026-08-07T06:50:48+0200,9de41e72-ad84-4160-af68-c339f970a640,2026-07-15T20:30:00Z,2026-07-15T22:30:00+0200,18.7,MW,NL,NL,actual_offshore_wind_generation,Wind Offshore | Actual Consumption,2026-08-07T04:53:21Z
2026-08-07T04:50:48Z,2026-08-07T06:50:48+0200,9de41e72-ad84-4160-af68-c339f970a640,2026-07-15T20:45:00Z,2026-07-15T22:45:00+0200,3131.727,MW,NL,NL,actual_offshore_wind_generation,Wind Offshore | Actual Aggregated,2026-08-07T04:53:21Z
2026-08-07T04:50:48Z,2026-08-07T06:50:48+0200,9de41e72-ad84-4160-af68-c339f970a640,2026-07-15T20:45:00Z,2026-07-15T22:45:00+0200,18.836,MW,NL,NL,actual_offshore_wind_generation,Wind Offshore | Actual Consumption,2026-08-07T04:53:21Z
2026-08-07T04:50:48Z,2026-08-07T06:50:48+0200,9de41e72-ad84-4160-af68-c339f970a640,2026-07-15T21:00:00Z,2026-07-15T23:00:00+0200,3003.864,MW,NL,NL,actual_offshore_wind_generation,Wind Offshore | Actual Aggregated,2026-08-07T04:53:21Z
2026-08-07T04:50:48Z,2026-08-07T06:50:48+0200,9de41e72-ad84-4160-af68-c339f970a640,2026-07-15T21:00:00Z,2026-07-15T23:00:00+0200,18.728,MW,NL,NL,actual_offshore_wind_generation,Wind Offshore | Actual Consumption,2026-08-07T04:53:21Z
2026-08-07T04:50:48Z,2026-08-07T06:50:48+0200,9de41e72-ad84-4160-af68-c339f970a640,2026-07-15T21:15:00Z,2026-07-15T23:15:00+0200,2900.836,MW,NL,NL,actual_offshore_wind_generation,Wind Offshore | Actual Aggregated,2026-08-07T04:53:21Z
2026-08-07T04:50:48Z,2026-08-07T06:50:48+0200,9de41e72-ad84-4160-af68-c339f970a640,2026-07-15T21:15:00Z,2026-07-15T23:15:00+0200,18.776,MW,NL,NL,actual_offshore_wind_generation,Wind Offshore | Actual Consumption,2026-08-07T04:53:21Z
2026-08-07T04:50:48Z,2026-08-07T06:50:48+0200,9de41e72-ad84-4160-af68-c339f970a640,2026-07-15T21:30:00Z,2026-07-15T23:30:00+0200,2781.451,MW,NL,NL,actual_offshore_wind_generation,Wind Offshore | Actual Aggregated,2026-08-07T04:53:21Z
2026-08-07T04:50:48Z,2026-08-07T06:50:48+0200,9de41e72-ad84-4160-af68-c339f970a640,2026-07-15T21:30:00Z,2026-07-15T23:30:00+0200,18.785,MW,NL,NL,actual_offshore_wind_generation,Wind Offshore | Actual Consumption,2026-08-07T04:53:21Z
2026-08-07T04:50:48Z,2026-08-07T06:50:48+0200,9de41e72-ad84-4160-af68-c339f970a640,2026-07-15T21:45:00Z,2026-07-15T23:45:00+0200,2747.025,MW,NL,NL,actual_offshore_wind_generation,Wind Offshore | Actual Aggregated,2026-08-07T04:53:21Z
2026-08-07T04:50:48Z,2026-08-07T06:50:48+0200,9de41e72-ad84-4160-af68-c339f970a640,2026-07-15T21:45:00Z,2026-07-15T23:45:00+0200,18.684,MW,NL,NL,actual_offshore_wind_generation,Wind Offshore | Actual Consumption,2026-08-07T04:53:21Z
2026-08-07T04:50:48Z,2026-08-07T06:50:48+0200,9de41e72-ad84-4160-af68-c339f970a640,2026-07-15T22:00:00Z,2026-07-16T00:00:00+0200,2721.182,MW,NL,NL,actual_offshore_wind_generation,Wind Offshore | Actual Aggregated,2026-08-07T04:53:21Z
2026-08-07T04:50:48Z,2026-08-07T06:50:48+0200,9de41e72-ad84-4160-af68-c339f970a640,2026-07-15T22:00:00Z,2026-07-16T00:00:00+0200,18.784,MW,NL,NL,actual_offshore_wind_generation,Wind Offshore | Actual Consumption,2026-08-07T04:53:21Z
2026-08-07T04:50:48Z,2026-08-07T06:50:48+0200,9de41e72-ad84-4160-af68-c339f970a640,2026-07-15T22:15:00Z,2026-07-16T00:15:00+0200,2722.836,MW,NL,NL,actual_offshore_wind_generation,Wind Offshore | Actual Aggregated,2026-08-07T04:53:21Z
2026-08-07T04:50:48Z,2026-08-07T06:50:48+0200,9de41e72-ad84-4160-af68-c339f970a640,2026-07-15T22:15:00Z,2026-07-16T00:15:00+0200,18.78,MW,NL,NL,actual_offshore_wind_generation,Wind Offshore | Actual Consumption,2026-08-07T04:53:21Z
2026-08-07T04:50:48Z,2026-08-07T06:50:48+0200,9de41e72-ad84-4160-af68-c339f970a640,2026-07-15T22:30:00Z,2026-07-16T00:30:00+0200,2670.344,MW,NL,NL,actual_offshore_wind_generation,Wind Offshore | Actual Aggregated,2026-08-07T04:53:21Z
2026-08-07T04:50:48Z,2026-08-07T06:50:48+0200,9de41e72-ad84-4160-af68-c339f970a640,2026-07-15T22:30:00Z,2026-07-16T00:30:00+0200,18.72,MW,NL,NL,actual_offshore_wind_generation,Wind Offshore | Actual Consumption,2026-08-07T04:53:21Z
2026-08-07T04:50:48Z,2026-08-07T06:50:48+0200,9de41e72-ad84-4160-af68-c339f970a640,2026-07-15T22:45:00Z,2026-07-16T00:45:00+0200,2506.215,MW,NL,NL,actual_offshore_wind_generation,Wind Offshore | Actual Aggregated,2026-08-07T04:53:21Z
2026-08-07T04:50:48Z,2026-08-07T06:50:48+0200,9de41e72-ad84-4160-af68-c339f970a640,2026-07-15T22:45:00Z,2026-07-16T00:45:00+0200,18.471,MW,NL,NL,actual_offshore_wind_generation,Wind Offshore | Actual Consumption,2026-08-07T04:53:21Z
2026-08-07T04:50:48Z,2026-08-07T06:50:48+0200,9de41e72-ad84-4160-af68-c339f970a640,2026-07-15T23:00:00Z,2026-07-16T01:00:00+0200,2408.357,MW,NL,NL,actual_offshore_wind_generation,Wind Offshore | Actual Aggregated,2026-08-07T04:53:21Z
2026-08-07T04:50:48Z,2026-08-07T06:50:48+0200,9de41e72-ad84-4160-af68-c339f970a640,2026-07-15T23:00:00Z,2026-07-16T01:00:00+0200,17.3,MW,NL,NL,actual_offshore_wind_generation,Wind Offshore | Actual Consumption,2026-08-07T04:53:21Z
2026-08-07T04:50:48Z,2026-08-07T06:50:48+0200,9de41e72-ad84-4160-af68-c339f970a640,2026-07-15T23:15:00Z,2026-07-16T01:15:00+0200,2286.201,MW,NL,NL,actual_offshore_wind_generation,Wind Offshore | Actual Aggregated,2026-08-07T04:53:21Z
2026-08-07T04:50:48Z,2026-08-07T06:50:48+0200,9de41e72-ad84-4160-af68-c339f970a640,2026-07-15T23:15:00Z,2026-07-16T01:15:00+0200,15.256,MW,NL,NL,actual_offshore_wind_generation,Wind Offshore | Actual Consumption,2026-08-07T04:53:21Z
2026-08-07T04:50:48Z,2026-08-07T06:50:48+0200,9de41e72-ad84-4160-af68-c339f970a640,2026-07-15T23:30:00Z,2026-07-16T01:30:00+0200,2099.479,MW,NL,NL,actual_offshore_wind_generation,Wind Offshore | Actual Aggregated,2026-08-07T04:53:21Z
2026-08-07T04:50:48Z,2026-08-07T06:50:48+0200,9de41e72-ad84-4160-af68-c339f970a640,2026-07-15T23:30:00Z,2026-07-16T01:30:00+0200,12.958,MW,NL,NL,actual_offshore_wind_generation,Wind Offshore | Actual Consumption,2026-08-07T04:53:21Z
2026-08-07T04:50:48Z,2026-08-07T06:50:48+0200,9de41e72-ad84-4160-af68-c339f970a640,2026-07-15T23:45:00Z,2026-07-16T01:45:00+0200,1923.391,MW,NL,NL,actual_offshore_wind_generation,Wind Offshore | Actual Aggregated,2026-08-07T04:53:21Z
2026-08-07T04:50:48Z,2026-08-07T06:50:48+0200,9de41e72-ad84-4160-af68-c339f970a640,2026-07-15T23:45:00Z,2026-07-16T01:45:00+0200,10.696,MW,NL,NL,actual_offshore_wind_generation,Wind Offshore | Actual Consumption,2026-08-07T04:53:21Z
2026-08-07T04:50:48Z,2026-08-07T06:50:48+0200,9de41e72-ad84-4160-af68-c339f970a640,2026-07-16T00:00:00Z,2026-07-16T02:00:00+0200,1870.64,MW,NL,NL,actual_offshore_wind_generation,Wind Offshore | Actual Aggregated,2026-08-07T04:53:21Z
2026-08-07T04:50:48Z,2026-08-07T06:50:48+0200,9de41e72-ad84-4160-af68-c339f970a640,2026-07-16T00:00:00Z,2026-07-16T02:00:00+0200,11.53,MW,NL,NL,actual_offshore_wind_generation,Wind Offshore | Actual Consumption,2026-08-07T04:53:21Z
2026-08-07T04:50:48Z,2026-08-07T06:50:48+0200,9de41e72-ad84-4160-af68-c339f970a640,2026-07-16T00:15:00Z,2026-07-16T02:15:00+0200,1809.893,MW,NL,NL,actual_offshore_wind_generation,Wind Offshore | Actual Aggregated,2026-08-07T04:53:21Z
2026-08-07T04:50:48Z,2026-08-07T06:50:48+0200,9de41e72-ad84-4160-af68-c339f970a640,2026-07-16T00:15:00Z,2026-07-16T02:15:00+0200,7.87,MW,NL,NL,actual_offshore_wind_generation,Wind Offshore | Actual Consumption,2026-08-07T04:53:21Z
2026-08-07T04:50:48Z,2026-08-07T06:50:48+0200,9de41e72-ad84-4160-af68-c339f970a640,2026-07-16T00:30:00Z,2026-07-16T02:30:00+0200,1689.936,MW,NL,NL,actual_offshore_wind_generation,Wind Offshore | Actual Aggregated,2026-08-07T04:53:21Z
2026-08-07T04:50:48Z,2026-08-07T06:50:48+0200,9de41e72-ad84-4160-af68-c339f970a640,2026-07-16T00:30:00Z,2026-07-16T02:30:00+0200,5.671,MW,NL,NL,actual_offshore_wind_generation,Wind Offshore | Actual Consumption,2026-08-07T04:53:21Z
2026-08-07T04:50:48Z,2026-08-07T06:50:48+0200,9de41e72-ad84-4160-af68-c339f970a640,2026-07-16T00:45:00Z,2026-07-16T02:45:00+0200,1560.156,MW,NL,NL,actual_offshore_wind_generation,Wind Offshore | Actual Aggregated,2026-08-07T04:53:21Z
2026-08-07T04:50:48Z,2026-08-07T06:50:48+0200,9de41e72-ad84-4160-af68-c339f970a640,2026-07-16T00:45:00Z,2026-07-16T02:45:00+0200,5.314,MW,NL,NL,actual_offshore_wind_generation,Wind Offshore | Actual Consumption,2026-08-07T04:53:21Z
2026-08-07T04:50:48Z,2026-08-07T06:50:48+0200,9de41e72-ad84-4160-af68-c339f970a640,2026-07-16T01:00:00Z,2026-07-16T03:00:00+0200,1582.845,MW,NL,NL,actual_offshore_wind_generation,Wind Offshore | Actual Aggregated,2026-08-07T04:53:21Z
2026-08-07T04:50:48Z,2026-08-07T06:50:48+0200,9de41e72-ad84-4160-af68-c339f970a640,2026-07-16T01:00:00Z,2026-07-16T03:00:00+0200,6.692,MW,NL,NL,actual_offshore_wind_generation,Wind Offshore | Actual Consumption,2026-08-07T04:53:21Z
2026-08-07T04:50:48Z,2026-08-07T06:50:48+0200,9de41e72-ad84-4160-af68-c339f970a640,2026-07-16T01:15:00Z,2026-07-16T03:15:00+0200,1446.295,MW,NL,NL,actual_offshore_wind_generation,Wind Offshore | Actual Aggregated,2026-08-07T04:53:21Z
2026-08-07T04:50:48Z,2026-08-07T06:50:48+0200,9de41e72-ad84-4160-af68-c339f970a640,2026-07-16T01:15:00Z,2026-07-16T03:15:00+0200,5.438,MW,NL,NL,actual_offshore_wind_generation,Wind Offshore | Actual Consumption,2026-08-07T04:53:21Z
2026-08-07T04:50:48Z,2026-08-07T06:50:48+0200,9de41e72-ad84-4160-af68-c339f970a640,2026-07-16T01:30:00Z,2026-07-16T03:30:00+0200,1329.378,MW,NL,NL,actual_offshore_wind_generation,Wind Offshore | Actual Aggregated,2026-08-07T04:53:21Z
2026-08-07T04:50:48Z,2026-08-07T06:50:48+0200,9de41e72-ad84-4160-af68-c339f970a640,2026-07-16T01:30:00Z,2026-07-16T03:30:00+0200,4.372,MW,NL,NL,actual_offshore_wind_generation,Wind Offshore | Actual Consumption,2026-08-07T04:53:21Z
2026-08-07T04:50:48Z,2026-08-07T06:50:48+0200,9de41e72-ad84-4160-af68-c339f970a640,2026-07-16T01:45:00Z,2026-07-16T03:45:00+0200,1215.603,MW,NL,NL,actual_offshore_wind_generation,Wind Offshore | Actual Aggregated,2026-08-07T04:53:21Z
2026-08-07T04:50:48Z,2026-08-07T06:50:48+0200,9de41e72-ad84-4160-af68-c339f970a640,2026-07-16T01:45:00Z,2026-07-16T03:45:00+0200,4.245,MW,NL,NL,actual_offshore_wind_generation,Wind Offshore | Actual Consumption,2026-08-07T04:53:21Z
2026-08-07T04:50:48Z,2026-08-07T06:50:48+0200,9de41e72-ad84-4160-af68-c339f970a640,2026-07-16T02:00:00Z,2026-07-16T04:00:00+0200,1193.403,MW,NL,NL,actual_offshore_wind_generation,Wind Offshore | Actual Aggregated,2026-08-07T04:53:21Z
2026-08-07T04:50:48Z,2026-08-07T06:50:48+0200,9de41e72-ad84-4160-af68-c339f970a640,2026-07-16T02:00:00Z,2026-07-16T04:00:00+0200,4.761,MW,NL,NL,actual_offshore_wind_generation,Wind Offshore | Actual Consumption,2026-08-07T04:53:21Z
2026-08-07T04:50:48Z,2026-08-07T06:50:48+0200,9de41e72-ad84-4160-af68-c339f970a640,2026-07-16T02:15:00Z,2026-07-16T04:15:00+0200,1210.214,MW,NL,NL,actual_offshore_wind_generation,Wind Offshore | Actual Aggregated,2026-08-07T04:53:21Z
2026-08-07T04:50:48Z,2026-08-07T06:50:48+0200,9de41e72-ad84-4160-af68-c339f970a640,2026-07-16T02:15:00Z,2026-07-16T04:15:00+0200,5.706,MW,NL,NL,actual_offshore_wind_generation,Wind Offshore | Actual Consumption,2026-08-07T04:53:21Z
2026-08-07T04:50:48Z,2026-08-07T06:50:48+0200,9de41e72-ad84-4160-af68-c339f970a640,2026-07-16T02:30:00Z,2026-07-16T04:30:00+0200,1213.631,MW,NL,NL,actual_offshore_wind_generation,Wind Offshore | Actual Aggregated,2026-08-07T04:53:21Z
2026-08-07T04:50:48Z,2026-08-07T06:50:48+0200,9de41e72-ad84-4160-af68-c339f970a640,2026-07-16T02:30:00Z,2026-07-16T04:30:00+0200,6.472,MW,NL,NL,actual_offshore_wind_generation,Wind Offshore | Actual Consumption,2026-08-07T04:53:21Z
2026-08-07T04:50:48Z,2026-08-07T06:50:48+0200,9de41e72-ad84-4160-af68-c339f970a640,2026-07-16T02:45:00Z,2026-07-16T04:45:00+0200,1181.211,MW,NL,NL,actual_offshore_wind_generation,Wind Offshore | Actual Aggregated,2026-08-07T04:53:21Z
2026-08-07T04:50:48Z,2026-08-07T06:50:48+0200,9de41e72-ad84-4160-af68-c339f970a640,2026-07-16T02:45:00Z,2026-07-16T04:45:00+0200,4.765,MW,NL,NL,actual_offshore_wind_generation,Wind Offshore | Actual Consumption,2026-08-07T04:53:21Z
2026-08-07T04:50:48Z,2026-08-07T06:50:48+0200,9de41e72-ad84-4160-af68-c339f970a640,2026-07-16T03:00:00Z,2026-07-16T05:00:00+0200,1073.589,MW,NL,NL,actual_offshore_wind_generation,Wind Offshore | Actual Aggregated,2026-08-07T04:53:21Z
2026-08-07T04:50:48Z,2026-08-07T06:50:48+0200,9de41e72-ad84-4160-af68-c339f970a640,2026-07-16T03:00:00Z,2026-07-16T05:00:00+0200,4.406,MW,NL,NL,actual_offshore_wind_generation,Wind Offshore | Actual Consumption,2026-08-07T04:53:21Z
2026-08-07T04:50:48Z,2026-08-07T06:50:48+0200,9de41e72-ad84-4160-af68-c339f970a640,2026-07-16T03:15:00Z,2026-07-16T05:15:00+0200,1001.375,MW,NL,NL,actual_offshore_wind_generation,Wind Offshore | Actual Aggregated,2026-08-07T04:53:21Z
2026-08-07T04:50:48Z,2026-08-07T06:50:48+0200,9de41e72-ad84-4160-af68-c339f970a640,2026-07-16T03:15:00Z,2026-07-16T05:15:00+0200,3.695,MW,NL,NL,actual_offshore_wind_generation,Wind Offshore | Actual Consumption,2026-08-07T04:53:21Z
2026-08-07T04:50:48Z,2026-08-07T06:50:48+0200,9de41e72-ad84-4160-af68-c339f970a640,2026-07-16T03:30:00Z,2026-07-16T05:30:00+0200,927.522,MW,NL,NL,actual_offshore_wind_generation,Wind Offshore | Actual Aggregated,2026-08-07T04:53:21Z
2026-08-07T04:50:48Z,2026-08-07T06:50:48+0200,9de41e72-ad84-4160-af68-c339f970a640,2026-07-16T03:30:00Z,2026-07-16T05:30:00+0200,3.672,MW,NL,NL,actual_offshore_wind_generation,Wind Offshore | Actual Consumption,2026-08-07T04:53:21Z
2026-08-07T04:50:48Z,2026-08-07T06:50:48+0200,9de41e72-ad84-4160-af68-c339f970a640,2026-07-16T03:45:00Z,2026-07-16T05:45:00+0200,863.819,MW,NL,NL,actual_offshore_wind_generation,Wind Offshore | Actual Aggregated,2026-08-07T04:53:21Z
2026-08-07T04:50:48Z,2026-08-07T06:50:48+0200,9de41e72-ad84-4160-af68-c339f970a640,2026-07-16T03:45:00Z,2026-07-16T05:45:00+0200,3.358,MW,NL,NL,actual_offshore_wind_generation,Wind Offshore | Actual Consumption,2026-08-07T04:53:21Z
2026-08-07T04:50:48Z,2026-08-07T06:50:48+0200,9de41e72-ad84-4160-af68-c339f970a640,2026-07-16T04:00:00Z,2026-07-16T06:00:00+0200,851.634,MW,NL,NL,actual_offshore_wind_generation,Wind Offshore | Actual Aggregated,2026-08-07T04:53:21Z
2026-08-07T04:50:48Z,2026-08-07T06:50:48+0200,9de41e72-ad84-4160-af68-c339f970a640,2026-07-16T04:00:00Z,2026-07-16T06:00:00+0200,3.192,MW,NL,NL,actual_offshore_wind_generation,Wind Offshore | Actual Consumption,2026-08-07T04:53:21Z
2026-08-07T04:50:48Z,2026-08-07T06:50:48+0200,9de41e72-ad84-4160-af68-c339f970a640,2026-07-16T04:15:00Z,2026-07-16T06:15:00+0200,898.687,MW,NL,NL,actual_offshore_wind_generation,Wind Offshore | Actual Aggregated,2026-08-07T04:53:21Z
2026-08-07T04:50:48Z,2026-08-07T06:50:48+0200,9de41e72-ad84-4160-af68-c339f970a640,2026-07-16T04:15:00Z,2026-07-16T06:15:00+0200,3.215,MW,NL,NL,actual_offshore_wind_generation,Wind Offshore | Actual Consumption,2026-08-07T04:53:21Z
2026-08-07T04:50:48Z,2026-08-07T06:50:48+0200,9de41e72-ad84-4160-af68-c339f970a640,2026-07-16T04:30:00Z,2026-07-16T06:30:00+0200,961.377,MW,NL,NL,actual_offshore_wind_generation,Wind Offshore | Actual Aggregated,2026-08-07T04:53:21Z
2026-08-07T04:50:48Z,2026-08-07T06:50:48+0200,9de41e72-ad84-4160-af68-c339f970a640,2026-07-16T04:30:00Z,2026-07-16T06:30:00+0200,4.144,MW,NL,NL,actual_offshore_wind_generation,Wind Offshore | Actual Consumption,2026-08-07T04:53:21Z
2026-08-07T04:50:48Z,2026-08-07T06:50:48+0200,9de41e72-ad84-4160-af68-c339f970a640,2026-07-16T04:45:00Z,2026-07-16T06:45:00+0200,974.737,MW,NL,NL,actual_offshore_wind_generation,Wind Offshore | Actual Aggregated,2026-08-07T04:53:21Z
2026-08-07T04:50:48Z,2026-08-07T06:50:48+0200,9de41e72-ad84-4160-af68-c339f970a640,2026-07-16T04:45:00Z,2026-07-16T06:45:00+0200,4.193,MW,NL,NL,actual_offshore_wind_generation,Wind Offshore | Actual Consumption,2026-08-07T04:53:21Z
2026-08-07T04:50:48Z,2026-08-07T06:50:48+0200,9de41e72-ad84-4160-af68-c339f970a640,2026-07-16T05:00:00Z,2026-07-16T07:00:00+0200,950.242,MW,NL,NL,actual_offshore_wind_generation,Wind Offshore | Actual Aggregated,2026-08-07T04:53:21Z
2026-08-07T04:50:48Z,2026-08-07T06:50:48+0200,9de41e72-ad84-4160-af68-c339f970a640,2026-07-16T05:00:00Z,2026-07-16T07:00:00+0200,4.156,MW,NL,NL,actual_offshore_wind_generation,Wind Offshore | Actual Consumption,2026-08-07T04:53:21Z
2026-08-07T04:50:48Z,2026-08-07T06:50:48+0200,9de41e72-ad84-4160-af68-c339f970a640,2026-07-16T05:15:00Z,2026-07-16T07:15:00+0200,869.259,MW,NL,NL,actual_offshore_wind_generation,Wind Offshore | Actual Aggregated,2026-08-07T04:53:21Z
2026-08-07T04:50:48Z,2026-08-07T06:50:48+0200,9de41e72-ad84-4160-af68-c339f970a640,2026-07-16T05:15:00Z,2026-07-16T07:15:00+0200,3.765,MW,NL,NL,actual_offshore_wind_generation,Wind Offshore | Actual Consumption,2026-08-07T04:53:21Z
2026-08-07T04:50:48Z,2026-08-07T06:50:48+0200,9de41e72-ad84-4160-af68-c339f970a640,2026-07-16T05:30:00Z,2026-07-16T07:30:00+0200,842.579,MW,NL,NL,actual_offshore_wind_generation,Wind Offshore | Actual Aggregated,2026-08-07T04:53:21Z
2026-08-07T04:50:48Z,2026-08-07T06:50:48+0200,9de41e72-ad84-4160-af68-c339f970a640,2026-07-16T05:30:00Z,2026-07-16T07:30:00+0200,3.813,MW,NL,NL,actual_offshore_wind_generation,Wind Offshore | Actual Consumption,2026-08-07T04:53:21Z
2026-08-07T04:50:48Z,2026-08-07T06:50:48+0200,9de41e72-ad84-4160-af68-c339f970a640,2026-07-16T05:45:00Z,2026-07-16T07:45:00+0200,830.796,MW,NL,NL,actual_offshore_wind_generation,Wind Offshore | Actual Aggregated,2026-08-07T04:53:21Z
2026-08-07T04:50:48Z,2026-08-07T06:50:48+0200,9de41e72-ad84-4160-af68-c339f970a640,2026-07-16T05:45:00Z,2026-07-16T07:45:00+0200,3.361,MW,NL,NL,actual_offshore_wind_generation,Wind Offshore | Actual Consumption,2026-08-07T04:53:21Z
2026-08-07T04:50:48Z,2026-08-07T06:50:48+0200,9de41e72-ad84-4160-af68-c339f970a640,2026-07-16T06:00:00Z,2026-07-16T08:00:00+0200,818.795,MW,NL,NL,actual_offshore_wind_generation,Wind Offshore | Actual Aggregated,2026-08-07T04:53:21Z
2026-08-07T04:50:48Z,2026-08-07T06:50:48+0200,9de41e72-ad84-4160-af68-c339f970a640,2026-07-16T06:00:00Z,2026-07-16T08:00:00+0200,3.174,MW,NL,NL,actual_offshore_wind_generation,Wind Offshore | Actual Consumption,2026-08-07T04:53:21Z
2026-08-07T04:50:48Z,2026-08-07T06:50:48+0200,9de41e72-ad84-4160-af68-c339f970a640,2026-07-16T06:15:00Z,2026-07-16T08:15:00+0200,834.388,MW,NL,NL,actual_offshore_wind_generation,Wind Offshore | Actual Aggregated,2026-08-07T04:53:21Z
2026-08-07T04:50:48Z,2026-08-07T06:50:48+0200,9de41e72-ad84-4160-af68-c339f970a640,2026-07-16T06:15:00Z,2026-07-16T08:15:00+0200,3.367,MW,NL,NL,actual_offshore_wind_generation,Wind Offshore | Actual Consumption,2026-08-07T04:53:21Z
2026-08-07T04:50:48Z,2026-08-07T06:50:48+0200,9de41e72-ad84-4160-af68-c339f970a640,2026-07-16T06:30:00Z,2026-07-16T08:30:00+0200,843.779,MW,NL,NL,actual_offshore_wind_generation,Wind Offshore | Actual Aggregated,2026-08-07T04:53:21Z
2026-08-07T04:50:48Z,2026-08-07T06:50:48+0200,9de41e72-ad84-4160-af68-c339f970a640,2026-07-16T06:30:00Z,2026-07-16T08:30:00+0200,2.836,MW,NL,NL,actual_offshore_wind_generation,Wind Offshore | Actual Consumption,2026-08-07T04:53:21Z
2026-08-07T04:50:48Z,2026-08-07T06:50:48+0200,9de41e72-ad84-4160-af68-c339f970a640,2026-07-16T06:45:00Z,2026-07-16T08:45:00+0200,844.582,MW,NL,NL,actual_offshore_wind_generation,Wind Offshore | Actual Aggregated,2026-08-07T04:53:21Z
2026-08-07T04:50:48Z,2026-08-07T06:50:48+0200,9de41e72-ad84-4160-af68-c339f970a640,2026-07-16T06:45:00Z,2026-07-16T08:45:00+0200,2.616,MW,NL,NL,actual_offshore_wind_generation,Wind Offshore | Actual Consumption,2026-08-07T04:53:21Z
2026-08-07T04:50:48Z,2026-08-07T06:50:48+0200,9de41e72-ad84-4160-af68-c339f970a640,2026-07-16T07:00:00Z,2026-07-16T09:00:00+0200,899.76,MW,NL,NL,actual_offshore_wind_generation,Wind Offshore | Actual Aggregated,2026-08-07T04:53:21Z
2026-08-07T04:50:48Z,2026-08-07T06:50:48+0200,9de41e72-ad84-4160-af68-c339f970a640,2026-07-16T07:00:00Z,2026-07-16T09:00:00+0200,2.074,MW,NL,NL,actual_offshore_wind_generation,Wind Offshore | Actual Consumption,2026-08-07T04:53:21Z
2026-08-07T04:50:48Z,2026-08-07T06:50:48+0200,9de41e72-ad84-4160-af68-c339f970a640,2026-07-16T07:15:00Z,2026-07-16T09:15:00+0200,879.206,MW,NL,NL,actual_offshore_wind_generation,Wind Offshore | Actual Aggregated,2026-08-07T04:53:21Z
2026-08-07T04:50:48Z,2026-08-07T06:50:48+0200,9de41e72-ad84-4160-af68-c339f970a640,2026-07-16T07:15:00Z,2026-07-16T09:15:00+0200,1.95,MW,NL,NL,actual_offshore_wind_generation,Wind Offshore | Actual Consumption,2026-08-07T04:53:21Z
2026-08-07T04:50:48Z,2026-08-07T06:50:48+0200,9de41e72-ad84-4160-af68-c339f970a640,2026-07-16T07:30:00Z,2026-07-16T09:30:00+0200,857.139,MW,NL,NL,actual_offshore_wind_generation,Wind Offshore | Actual Aggregated,2026-08-07T04:53:21Z
2026-08-07T04:50:48Z,2026-08-07T06:50:48+0200,9de41e72-ad84-4160-af68-c339f970a640,2026-07-16T07:30:00Z,2026-07-16T09:30:00+0200,1.366,MW,NL,NL,actual_offshore_wind_generation,Wind Offshore | Actual Consumption,2026-08-07T04:53:21Z
2026-08-07T04:50:48Z,2026-08-07T06:50:48+0200,9de41e72-ad84-4160-af68-c339f970a640,2026-07-16T07:45:00Z,2026-07-16T09:45:00+0200,917.183,MW,NL,NL,actual_offshore_wind_generation,Wind Offshore | Actual Aggregated,2026-08-07T04:53:21Z
2026-08-07T04:50:48Z,2026-08-07T06:50:48+0200,9de41e72-ad84-4160-af68-c339f970a640,2026-07-16T07:45:00Z,2026-07-16T09:45:00+0200,2.141,MW,NL,NL,actual_offshore_wind_generation,Wind Offshore | Actual Consumption,2026-08-07T04:53:21Z
2026-08-07T04:50:48Z,2026-08-07T06:50:48+0200,9de41e72-ad84-4160-af68-c339f970a640,2026-07-16T08:00:00Z,2026-07-16T10:00:00+0200,915.667,MW,NL,NL,actual_offshore_wind_generation,Wind Offshore | Actual Aggregated,2026-08-07T04:53:21Z
2026-08-07T04:50:48Z,2026-08-07T06:50:48+0200,9de41e72-ad84-4160-af68-c339f970a640,2026-07-16T08:00:00Z,2026-07-16T10:00:00+0200,2.422,MW,NL,NL,actual_offshore_wind_generation,Wind Offshore | Actual Consumption,2026-08-07T04:53:21Z
2026-08-07T04:50:48Z,2026-08-07T06:50:48+0200,9de41e72-ad84-4160-af68-c339f970a640,2026-07-16T08:15:00Z,2026-07-16T10:15:00+0200,889.86,MW,NL,NL,actual_offshore_wind_generation,Wind Offshore | Actual Aggregated,2026-08-07T04:53:21Z
2026-08-07T04:50:48Z,2026-08-07T06:50:48+0200,9de41e72-ad84-4160-af68-c339f970a640,2026-07-16T08:15:00Z,2026-07-16T10:15:00+0200,2.632,MW,NL,NL,actual_offshore_wind_generation,Wind Offshore | Actual Consumption,2026-08-07T04:53:21Z
2026-08-07T04:50:48Z,2026-08-07T06:50:48+0200,9de41e72-ad84-4160-af68-c339f970a640,2026-07-16T08:30:00Z,2026-07-16T10:30:00+0200,903.275,MW,NL,NL,actual_offshore_wind_generation,Wind Offshore | Actual Aggregated,2026-08-07T04:53:21Z
2026-08-07T04:50:48Z,2026-08-07T06:50:48+0200,9de41e72-ad84-4160-af68-c339f970a640,2026-07-16T08:30:00Z,2026-07-16T10:30:00+0200,2.957,MW,NL,NL,actual_offshore_wind_generation,Wind Offshore | Actual Consumption,2026-08-07T04:53:21Z
2026-08-07T04:50:48Z,2026-08-07T06:50:48+0200,9de41e72-ad84-4160-af68-c339f970a640,2026-07-16T08:45:00Z,2026-07-16T10:45:00+0200,983.563,MW,NL,NL,actual_offshore_wind_generation,Wind Offshore | Actual Aggregated,2026-08-07T04:53:21Z
2026-08-07T04:50:48Z,2026-08-07T06:50:48+0200,9de41e72-ad84-4160-af68-c339f970a640,2026-07-16T08:45:00Z,2026-07-16T10:45:00+0200,3.438,MW,NL,NL,actual_offshore_wind_generation,Wind Offshore | Actual Consumption,2026-08-07T04:53:21Z
2026-08-07T04:50:48Z,2026-08-07T06:50:48+0200,9de41e72-ad84-4160-af68-c339f970a640,2026-07-16T09:00:00Z,2026-07-16T11:00:00+0200,1064.03,MW,NL,NL,actual_offshore_wind_generation,Wind Offshore | Actual Aggregated,2026-08-07T04:53:21Z
2026-08-07T04:50:48Z,2026-08-07T06:50:48+0200,9de41e72-ad84-4160-af68-c339f970a640,2026-07-16T09:00:00Z,2026-07-16T11:00:00+0200,3.594,MW,NL,NL,actual_offshore_wind_generation,Wind Offshore | Actual Consumption,2026-08-07T04:53:21Z
2026-08-07T04:50:48Z,2026-08-07T06:50:48+0200,9de41e72-ad84-4160-af68-c339f970a640,2026-07-16T09:15:00Z,2026-07-16T11:15:00+0200,1038.778,MW,NL,NL,actual_offshore_wind_generation,Wind Offshore | Actual Aggregated,2026-08-07T04:53:21Z
2026-08-07T04:50:48Z,2026-08-07T06:50:48+0200,9de41e72-ad84-4160-af68-c339f970a640,2026-07-16T09:15:00Z,2026-07-16T11:15:00+0200,3.254,MW,NL,NL,actual_offshore_wind_generation,Wind Offshore | Actual Consumption,2026-08-07T04:53:21Z
2026-08-07T04:50:48Z,2026-08-07T06:50:48+0200,9de41e72-ad84-4160-af68-c339f970a640,2026-07-16T09:30:00Z,2026-07-16T11:30:00+0200,1066.202,MW,NL,NL,actual_offshore_wind_generation,Wind Offshore | Actual Aggregated,2026-08-07T04:53:21Z
2026-08-07T04:50:48Z,2026-08-07T06:50:48+0200,9de41e72-ad84-4160-af68-c339f970a640,2026-07-16T09:30:00Z,2026-07-16T11:30:00+0200,3.376,MW,NL,NL,actual_offshore_wind_generation,Wind Offshore | Actual Consumption,2026-08-07T04:53:21Z
2026-08-07T04:50:48Z,2026-08-07T06:50:48+0200,9de41e72-ad84-4160-af68-c339f970a640,2026-07-16T09:45:00Z,2026-07-16T11:45:00+0200,1143.188,MW,NL,NL,actual_offshore_wind_generation,Wind Offshore | Actual Aggregated,2026-08-07T04:53:21Z
2026-08-07T04:50:48Z,2026-08-07T06:50:48+0200,9de41e72-ad84-4160-af68-c339f970a640,2026-07-16T09:45:00Z,2026-07-16T11:45:00+0200,4.044,MW,NL,NL,actual_offshore_wind_generation,Wind Offshore | Actual Consumption,2026-08-07T04:53:21Z
2026-08-07T04:50:48Z,2026-08-07T06:50:48+0200,9de41e72-ad84-4160-af68-c339f970a640,2026-07-16T10:00:00Z,2026-07-16T12:00:00+0200,1037.313,MW,NL,NL,actual_offshore_wind_generation,Wind Offshore | Actual Aggregated,2026-08-07T04:53:21Z
2026-08-07T04:50:48Z,2026-08-07T06:50:48+0200,9de41e72-ad84-4160-af68-c339f970a640,2026-07-16T10:00:00Z,2026-07-16T12:00:00+0200,4.332,MW,NL,NL,actual_offshore_wind_generation,Wind Offshore | Actual Consumption,2026-08-07T04:53:21Z
2026-08-07T04:50:48Z,2026-08-07T06:50:48+0200,9de41e72-ad84-4160-af68-c339f970a640,2026-07-16T10:15:00Z,2026-07-16T12:15:00+0200,935.3,MW,NL,NL,actual_offshore_wind_generation,Wind Offshore | Actual Aggregated,2026-08-07T04:53:21Z
2026-08-07T04:50:48Z,2026-08-07T06:50:48+0200,9de41e72-ad84-4160-af68-c339f970a640,2026-07-16T10:15:00Z,2026-07-16T12:15:00+0200,4.093,MW,NL,NL,actual_offshore_wind_generation,Wind Offshore | Actual Consumption,2026-08-07T04:53:21Z
2026-08-07T04:50:48Z,2026-08-07T06:50:48+0200,9de41e72-ad84-4160-af68-c339f970a640,2026-07-16T10:30:00Z,2026-07-16T12:30:00+0200,954.857,MW,NL,NL,actual_offshore_wind_generation,Wind Offshore | Actual Aggregated,2026-08-07T04:53:21Z
2026-08-07T04:50:48Z,2026-08-07T06:50:48+0200,9de41e72-ad84-4160-af68-c339f970a640,2026-07-16T10:30:00Z,2026-07-16T12:30:00+0200,3.709,MW,NL,NL,actual_offshore_wind_generation,Wind Offshore | Actual Consumption,2026-08-07T04:53:21Z
2026-08-07T04:50:48Z,2026-08-07T06:50:48+0200,9de41e72-ad84-4160-af68-c339f970a640,2026-07-16T10:45:00Z,2026-07-16T12:45:00+0200,955.851,MW,NL,NL,actual_offshore_wind_generation,Wind Offshore | Actual Aggregated,2026-08-07T04:53:21Z
2026-08-07T04:50:48Z,2026-08-07T06:50:48+0200,9de41e72-ad84-4160-af68-c339f970a640,2026-07-16T10:45:00Z,2026-07-16T12:45:00+0200,3.466,MW,NL,NL,actual_offshore_wind_generation,Wind Offshore | Actual Consumption,2026-08-07T04:53:21Z
2026-08-07T04:50:48Z,2026-08-07T06:50:48+0200,9de41e72-ad84-4160-af68-c339f970a640,2026-07-16T11:00:00Z,2026-07-16T13:00:00+0200,1029.223,MW,NL,NL,actual_offshore_wind_generation,Wind Offshore | Actual Aggregated,2026-08-07T04:53:21Z
2026-08-07T04:50:48Z,2026-08-07T06:50:48+0200,9de41e72-ad84-4160-af68-c339f970a640,2026-07-16T11:00:00Z,2026-07-16T13:00:00+0200,3.589,MW,NL,NL,actual_offshore_wind_generation,Wind Offshore | Actual Consumption,2026-08-07T04:53:21Z
2026-08-07T04:50:48Z,2026-08-07T06:50:48+0200,9de41e72-ad84-4160-af68-c339f970a640,2026-07-16T11:15:00Z,2026-07-16T13:15:00+0200,1111.101,MW,NL,NL,actual_offshore_wind_generation,Wind Offshore | Actual Aggregated,2026-08-07T04:53:21Z
2026-08-07T04:50:48Z,2026-08-07T06:50:48+0200,9de41e72-ad84-4160-af68-c339f970a640,2026-07-16T11:15:00Z,2026-07-16T13:15:00+0200,4.84,MW,NL,NL,actual_offshore_wind_generation,Wind Offshore | Actual Consumption,2026-08-07T04:53:21Z
2026-08-07T04:50:48Z,2026-08-07T06:50:48+0200,9de41e72-ad84-4160-af68-c339f970a640,2026-07-16T11:30:00Z,2026-07-16T13:30:00+0200,1199.098,MW,NL,NL,actual_offshore_wind_generation,Wind Offshore | Actual Aggregated,2026-08-07T04:53:21Z
2026-08-07T04:50:48Z,2026-08-07T06:50:48+0200,9de41e72-ad84-4160-af68-c339f970a640,2026-07-16T11:30:00Z,2026-07-16T13:30:00+0200,4.65,MW,NL,NL,actual_offshore_wind_generation,Wind Offshore | Actual Consumption,2026-08-07T04:53:21Z
2026-08-07T04:50:48Z,2026-08-07T06:50:48+0200,9de41e72-ad84-4160-af68-c339f970a640,2026-07-16T11:45:00Z,2026-07-16T13:45:00+0200,1238.235,MW,NL,NL,actual_offshore_wind_generation,Wind Offshore | Actual Aggregated,2026-08-07T04:53:21Z
2026-08-07T04:50:48Z,2026-08-07T06:50:48+0200,9de41e72-ad84-4160-af68-c339f970a640,2026-07-16T11:45:00Z,2026-07-16T13:45:00+0200,4.887,MW,NL,NL,actual_offshore_wind_generation,Wind Offshore | Actual Consumption,2026-08-07T04:53:21Z
2026-08-07T04:50:48Z,2026-08-07T06:50:48+0200,9de41e72-ad84-4160-af68-c339f970a640,2026-07-16T12:00:00Z,2026-07-16T14:00:00+0200,1243.207,MW,NL,NL,actual_offshore_wind_generation,Wind Offshore | Actual Aggregated,2026-08-07T04:53:21Z
2026-08-07T04:50:48Z,2026-08-07T06:50:48+0200,9de41e72-ad84-4160-af68-c339f970a640,2026-07-16T12:00:00Z,2026-07-16T14:00:00+0200,4.873,MW,NL,NL,actual_offshore_wind_generation,Wind Offshore | Actual Consumption,2026-08-07T04:53:21Z
2026-08-07T04:50:48Z,2026-08-07T06:50:48+0200,9de41e72-ad84-4160-af68-c339f970a640,2026-07-16T12:15:00Z,2026-07-16T14:15:00+0200,1209.501,MW,NL,NL,actual_offshore_wind_generation,Wind Offshore | Actual Aggregated,2026-08-07T04:53:21Z
2026-08-07T04:50:48Z,2026-08-07T06:50:48+0200,9de41e72-ad84-4160-af68-c339f970a640,2026-07-16T12:15:00Z,2026-07-16T14:15:00+0200,5.078,MW,NL,NL,actual_offshore_wind_generation,Wind Offshore | Actual Consumption,2026-08-07T04:53:21Z
2026-08-07T04:50:48Z,2026-08-07T06:50:48+0200,9de41e72-ad84-4160-af68-c339f970a640,2026-07-16T12:30:00Z,2026-07-16T14:30:00+0200,1257.308,MW,NL,NL,actual_offshore_wind_generation,Wind Offshore | Actual Aggregated,2026-08-07T04:53:21Z
2026-08-07T04:50:48Z,2026-08-07T06:50:48+0200,9de41e72-ad84-4160-af68-c339f970a640,2026-07-16T12:30:00Z,2026-07-16T14:30:00+0200,3.775,MW,NL,NL,actual_offshore_wind_generation,Wind Offshore | Actual Consumption,2026-08-07T04:53:21Z
2026-08-07T04:50:48Z,2026-08-07T06:50:48+0200,9de41e72-ad84-4160-af68-c339f970a640,2026-07-16T12:45:00Z,2026-07-16T14:45:00+0200,1233.817,MW,NL,NL,actual_offshore_wind_generation,Wind Offshore | Actual Aggregated,2026-08-07T04:53:21Z
2026-08-07T04:50:48Z,2026-08-07T06:50:48+0200,9de41e72-ad84-4160-af68-c339f970a640,2026-07-16T12:45:00Z,2026-07-16T14:45:00+0200,3.99,MW,NL,NL,actual_offshore_wind_generation,Wind Offshore | Actual Consumption,2026-08-07T04:53:21Z
2026-08-07T04:50:48Z,2026-08-07T06:50:48+0200,9de41e72-ad84-4160-af68-c339f970a640,2026-07-16T13:00:00Z,2026-07-16T15:00:00+0200,1270.392,MW,NL,NL,actual_offshore_wind_generation,Wind Offshore | Actual Aggregated,2026-08-07T04:53:21Z
2026-08-07T04:50:48Z,2026-08-07T06:50:48+0200,9de41e72-ad84-4160-af68-c339f970a640,2026-07-16T13:00:00Z,2026-07-16T15:00:00+0200,3.935,MW,NL,NL,actual_offshore_wind_generation,Wind Offshore | Actual Consumption,2026-08-07T04:53:21Z
2026-08-07T04:50:48Z,2026-08-07T06:50:48+0200,9de41e72-ad84-4160-af68-c339f970a640,2026-07-16T13:15:00Z,2026-07-16T15:15:00+0200,1320.644,MW,NL,NL,actual_offshore_wind_generation,Wind Offshore | Actual Aggregated,2026-08-07T04:53:21Z
2026-08-07T04:50:48Z,2026-08-07T06:50:48+0200,9de41e72-ad84-4160-af68-c339f970a640,2026-07-16T13:15:00Z,2026-07-16T15:15:00+0200,6.002,MW,NL,NL,actual_offshore_wind_generation,Wind Offshore | Actual Consumption,2026-08-07T04:53:21Z
2026-08-07T04:50:48Z,2026-08-07T06:50:48+0200,9de41e72-ad84-4160-af68-c339f970a640,2026-07-16T13:30:00Z,2026-07-16T15:30:00+0200,1290.838,MW,NL,NL,actual_offshore_wind_generation,Wind Offshore | Actual Aggregated,2026-08-07T04:53:21Z
2026-08-07T04:50:48Z,2026-08-07T06:50:48+0200,9de41e72-ad84-4160-af68-c339f970a640,2026-07-16T13:30:00Z,2026-07-16T15:30:00+0200,5.131,MW,NL,NL,actual_offshore_wind_generation,Wind Offshore | Actual Consumption,2026-08-07T04:53:21Z
2026-08-07T04:50:48Z,2026-08-07T06:50:48+0200,9de41e72-ad84-4160-af68-c339f970a640,2026-07-16T13:45:00Z,2026-07-16T15:45:00+0200,1289.621,MW,NL,NL,actual_offshore_wind_generation,Wind Offshore | Actual Aggregated,2026-08-07T04:53:21Z
2026-08-07T04:50:48Z,2026-08-07T06:50:48+0200,9de41e72-ad84-4160-af68-c339f970a640,2026-07-16T13:45:00Z,2026-07-16T15:45:00+0200,6.568,MW,NL,NL,actual_offshore_wind_generation,Wind Offshore | Actual Consumption,2026-08-07T04:53:21Z
2026-08-07T04:50:48Z,2026-08-07T06:50:48+0200,9de41e72-ad84-4160-af68-c339f970a640,2026-07-16T14:00:00Z,2026-07-16T16:00:00+0200,1317.738,MW,NL,NL,actual_offshore_wind_generation,Wind Offshore | Actual Aggregated,2026-08-07T04:53:21Z
2026-08-07T04:50:48Z,2026-08-07T06:50:48+0200,9de41e72-ad84-4160-af68-c339f970a640,2026-07-16T14:00:00Z,2026-07-16T16:00:00+0200,6.504,MW,NL,NL,actual_offshore_wind_generation,Wind Offshore | Actual Consumption,2026-08-07T04:53:21Z
2026-08-07T04:50:48Z,2026-08-07T06:50:48+0200,9de41e72-ad84-4160-af68-c339f970a640,2026-07-16T14:15:00Z,2026-07-16T16:15:00+0200,1313.916,MW,NL,NL,actual_offshore_wind_generation,Wind Offshore | Actual Aggregated,2026-08-07T04:53:21Z
2026-08-07T04:50:48Z,2026-08-07T06:50:48+0200,9de41e72-ad84-4160-af68-c339f970a640,2026-07-16T14:15:00Z,2026-07-16T16:15:00+0200,7.722,MW,NL,NL,actual_offshore_wind_generation,Wind Offshore | Actual Consumption,2026-08-07T04:53:21Z
2026-08-07T04:50:48Z,2026-08-07T06:50:48+0200,9de41e72-ad84-4160-af68-c339f970a640,2026-07-16T14:30:00Z,2026-07-16T16:30:00+0200,1189.668,MW,NL,NL,actual_offshore_wind_generation,Wind Offshore | Actual Aggregated,2026-08-07T04:53:21Z
2026-08-07T04:50:48Z,2026-08-07T06:50:48+0200,9de41e72-ad84-4160-af68-c339f970a640,2026-07-16T14:30:00Z,2026-07-16T16:30:00+0200,4.3,MW,NL,NL,actual_offshore_wind_generation,Wind Offshore | Actual Consumption,2026-08-07T04:53:21Z
2026-08-07T04:50:48Z,2026-08-07T06:50:48+0200,9de41e72-ad84-4160-af68-c339f970a640,2026-07-16T14:45:00Z,2026-07-16T16:45:00+0200,1224.289,MW,NL,NL,actual_offshore_wind_generation,Wind Offshore | Actual Aggregated,2026-08-07T04:53:21Z
2026-08-07T04:50:48Z,2026-08-07T06:50:48+0200,9de41e72-ad84-4160-af68-c339f970a640,2026-07-16T14:45:00Z,2026-07-16T16:45:00+0200,5.46,MW,NL,NL,actual_offshore_wind_generation,Wind Offshore | Actual Consumption,2026-08-07T04:53:21Z
2026-08-07T04:50:48Z,2026-08-07T06:50:48+0200,9de41e72-ad84-4160-af68-c339f970a640,2026-07-16T15:00:00Z,2026-07-16T17:00:00+0200,1220.507,MW,NL,NL,actual_offshore_wind_generation,Wind Offshore | Actual Aggregated,2026-08-07T04:53:21Z
2026-08-07T04:50:48Z,2026-08-07T06:50:48+0200,9de41e72-ad84-4160-af68-c339f970a640,2026-07-16T15:00:00Z,2026-07-16T17:00:00+0200,5.16,MW,NL,NL,actual_offshore_wind_generation,Wind Offshore | Actual Consumption,2026-08-07T04:53:21Z
2026-08-07T04:50:48Z,2026-08-07T06:50:48+0200,9de41e72-ad84-4160-af68-c339f970a640,2026-07-16T15:15:00Z,2026-07-16T17:15:00+0200,1147.119,MW,NL,NL,actual_offshore_wind_generation,Wind Offshore | Actual Aggregated,2026-08-07T04:53:21Z
2026-08-07T04:50:48Z,2026-08-07T06:50:48+0200,9de41e72-ad84-4160-af68-c339f970a640,2026-07-16T15:15:00Z,2026-07-16T17:15:00+0200,4.537,MW,NL,NL,actual_offshore_wind_generation,Wind Offshore | Actual Consumption,2026-08-07T04:53:21Z
2026-08-07T04:50:48Z,2026-08-07T06:50:48+0200,9de41e72-ad84-4160-af68-c339f970a640,2026-07-16T15:30:00Z,2026-07-16T17:30:00+0200,1083.004,MW,NL,NL,actual_offshore_wind_generation,Wind Offshore | Actual Aggregated,2026-08-07T04:53:21Z
2026-08-07T04:50:48Z,2026-08-07T06:50:48+0200,9de41e72-ad84-4160-af68-c339f970a640,2026-07-16T15:30:00Z,2026-07-16T17:30:00+0200,3.759,MW,NL,NL,actual_offshore_wind_generation,Wind Offshore | Actual Consumption,2026-08-07T04:53:21Z
2026-08-07T04:50:48Z,2026-08-07T06:50:48+0200,9de41e72-ad84-4160-af68-c339f970a640,2026-07-16T15:45:00Z,2026-07-16T17:45:00+0200,1077.564,MW,NL,NL,actual_offshore_wind_generation,Wind Offshore | Actual Aggregated,2026-08-07T04:53:21Z
2026-08-07T04:50:48Z,2026-08-07T06:50:48+0200,9de41e72-ad84-4160-af68-c339f970a640,2026-07-16T15:45:00Z,2026-07-16T17:45:00+0200,4.03,MW,NL,NL,actual_offshore_wind_generation,Wind Offshore | Actual Consumption,2026-08-07T04:53:21Z
2026-08-07T04:50:48Z,2026-08-07T06:50:48+0200,9de41e72-ad84-4160-af68-c339f970a640,2026-07-16T16:00:00Z,2026-07-16T18:00:00+0200,1011.833,MW,NL,NL,actual_offshore_wind_generation,Wind Offshore | Actual Aggregated,2026-08-07T04:53:21Z
2026-08-07T04:50:48Z,2026-08-07T06:50:48+0200,9de41e72-ad84-4160-af68-c339f970a640,2026-07-16T16:00:00Z,2026-07-16T18:00:00+0200,4.384,MW,NL,NL,actual_offshore_wind_generation,Wind Offshore | Actual Consumption,2026-08-07T04:53:21Z
2026-08-07T04:50:48Z,2026-08-07T06:50:48+0200,9de41e72-ad84-4160-af68-c339f970a640,2026-07-16T16:15:00Z,2026-07-16T18:15:00+0200,1003.487,MW,NL,NL,actual_offshore_wind_generation,Wind Offshore | Actual Aggregated,2026-08-07T04:53:21Z
2026-08-07T04:50:48Z,2026-08-07T06:50:48+0200,9de41e72-ad84-4160-af68-c339f970a640,2026-07-16T16:15:00Z,2026-07-16T18:15:00+0200,4.325,MW,NL,NL,actual_offshore_wind_generation,Wind Offshore | Actual Consumption,2026-08-07T04:53:21Z
2026-08-07T04:50:48Z,2026-08-07T06:50:48+0200,9de41e72-ad84-4160-af68-c339f970a640,2026-07-16T16:30:00Z,2026-07-16T18:30:00+0200,1033.999,MW,NL,NL,actual_offshore_wind_generation,Wind Offshore | Actual Aggregated,2026-08-07T04:53:21Z
2026-08-07T04:50:48Z,2026-08-07T06:50:48+0200,9de41e72-ad84-4160-af68-c339f970a640,2026-07-16T16:30:00Z,2026-07-16T18:30:00+0200,4.103,MW,NL,NL,actual_offshore_wind_generation,Wind Offshore | Actual Consumption,2026-08-07T04:53:21Z
2026-08-07T04:50:48Z,2026-08-07T06:50:48+0200,9de41e72-ad84-4160-af68-c339f970a640,2026-07-16T16:45:00Z,2026-07-16T18:45:00+0200,1070.465,MW,NL,NL,actual_offshore_wind_generation,Wind Offshore | Actual Aggregated,2026-08-07T04:53:21Z
2026-08-07T04:50:48Z,2026-08-07T06:50:48+0200,9de41e72-ad84-4160-af68-c339f970a640,2026-07-16T16:45:00Z,2026-07-16T18:45:00+0200,4.295,MW,NL,NL,actual_offshore_wind_generation,Wind Offshore | Actual Consumption,2026-08-07T04:53:21Z
2026-08-07T04:50:48Z,2026-08-07T06:50:48+0200,9de41e72-ad84-4160-af68-c339f970a640,2026-07-16T17:00:00Z,2026-07-16T19:00:00+0200,1094.971,MW,NL,NL,actual_offshore_wind_generation,Wind Offshore | Actual Aggregated,2026-08-07T04:53:21Z
2026-08-07T04:50:48Z,2026-08-07T06:50:48+0200,9de41e72-ad84-4160-af68-c339f970a640,2026-07-16T17:00:00Z,2026-07-16T19:00:00+0200,5.933,MW,NL,NL,actual_offshore_wind_generation,Wind Offshore | Actual Consumption,2026-08-07T04:53:21Z
2026-08-07T04:50:48Z,2026-08-07T06:50:48+0200,9de41e72-ad84-4160-af68-c339f970a640,2026-07-16T17:15:00Z,2026-07-16T19:15:00+0200,1134.297,MW,NL,NL,actual_offshore_wind_generation,Wind Offshore | Actual Aggregated,2026-08-07T04:53:21Z
2026-08-07T04:50:48Z,2026-08-07T06:50:48+0200,9de41e72-ad84-4160-af68-c339f970a640,2026-07-16T17:15:00Z,2026-07-16T19:15:00+0200,6.539,MW,NL,NL,actual_offshore_wind_generation,Wind Offshore | Actual Consumption,2026-08-07T04:53:21Z
2026-08-07T04:50:48Z,2026-08-07T06:50:48+0200,9de41e72-ad84-4160-af68-c339f970a640,2026-07-16T17:30:00Z,2026-07-16T19:30:00+0200,1168.373,MW,NL,NL,actual_offshore_wind_generation,Wind Offshore | Actual Aggregated,2026-08-07T04:53:21Z
2026-08-07T04:50:48Z,2026-08-07T06:50:48+0200,9de41e72-ad84-4160-af68-c339f970a640,2026-07-16T17:30:00Z,2026-07-16T19:30:00+0200,6.694,MW,NL,NL,actual_offshore_wind_generation,Wind Offshore | Actual Consumption,2026-08-07T04:53:21Z
2026-08-07T04:50:48Z,2026-08-07T06:50:48+0200,9de41e72-ad84-4160-af68-c339f970a640,2026-07-16T17:45:00Z,2026-07-16T19:45:00+0200,1180.564,MW,NL,NL,actual_offshore_wind_generation,Wind Offshore | Actual Aggregated,2026-08-07T04:53:21Z
2026-08-07T04:50:48Z,2026-08-07T06:50:48+0200,9de41e72-ad84-4160-af68-c339f970a640,2026-07-16T17:45:00Z,2026-07-16T19:45:00+0200,8.477,MW,NL,NL,actual_offshore_wind_generation,Wind Offshore | Actual Consumption,2026-08-07T04:53:21Z
2026-08-07T04:50:48Z,2026-08-07T06:50:48+0200,9de41e72-ad84-4160-af68-c339f970a640,2026-07-16T18:00:00Z,2026-07-16T20:00:00+0200,1164.421,MW,NL,NL,actual_offshore_wind_generation,Wind Offshore | Actual Aggregated,2026-08-07T04:53:21Z
2026-08-07T04:50:48Z,2026-08-07T06:50:48+0200,9de41e72-ad84-4160-af68-c339f970a640,2026-07-16T18:00:00Z,2026-07-16T20:00:00+0200,11.451,MW,NL,NL,actual_offshore_wind_generation,Wind Offshore | Actual Consumption,2026-08-07T04:53:21Z
2026-08-07T04:50:48Z,2026-08-07T06:50:48+0200,9de41e72-ad84-4160-af68-c339f970a640,2026-07-16T18:15:00Z,2026-07-16T20:15:00+0200,1227.37,MW,NL,NL,actual_offshore_wind_generation,Wind Offshore | Actual Aggregated,2026-08-07T04:53:21Z
2026-08-07T04:50:48Z,2026-08-07T06:50:48+0200,9de41e72-ad84-4160-af68-c339f970a640,2026-07-16T18:15:00Z,2026-07-16T20:15:00+0200,9.807,MW,NL,NL,actual_offshore_wind_generation,Wind Offshore | Actual Consumption,2026-08-07T04:53:21Z
2026-08-07T04:50:48Z,2026-08-07T06:50:48+0200,9de41e72-ad84-4160-af68-c339f970a640,2026-07-16T18:30:00Z,2026-07-16T20:30:00+0200,1342.614,MW,NL,NL,actual_offshore_wind_generation,Wind Offshore | Actual Aggregated,2026-08-07T04:53:21Z
2026-08-07T04:50:48Z,2026-08-07T06:50:48+0200,9de41e72-ad84-4160-af68-c339f970a640,2026-07-16T18:30:00Z,2026-07-16T20:30:00+0200,14.866,MW,NL,NL,actual_offshore_wind_generation,Wind Offshore | Actual Consumption,2026-08-07T04:53:21Z
2026-08-07T04:50:48Z,2026-08-07T06:50:48+0200,9de41e72-ad84-4160-af68-c339f970a640,2026-07-16T18:45:00Z,2026-07-16T20:45:00+0200,1478.688,MW,NL,NL,actual_offshore_wind_generation,Wind Offshore | Actual Aggregated,2026-08-07T04:53:21Z
2026-08-07T04:50:48Z,2026-08-07T06:50:48+0200,9de41e72-ad84-4160-af68-c339f970a640,2026-07-16T18:45:00Z,2026-07-16T20:45:00+0200,17.047,MW,NL,NL,actual_offshore_wind_generation,Wind Offshore | Actual Consumption,2026-08-07T04:53:21Z
2026-08-07T04:50:48Z,2026-08-07T06:50:48+0200,9de41e72-ad84-4160-af68-c339f970a640,2026-07-16T19:00:00Z,2026-07-16T21:00:00+0200,1498.78,MW,NL,NL,actual_offshore_wind_generation,Wind Offshore | Actual Aggregated,2026-08-07T04:53:21Z
2026-08-07T04:50:48Z,2026-08-07T06:50:48+0200,9de41e72-ad84-4160-af68-c339f970a640,2026-07-16T19:00:00Z,2026-07-16T21:00:00+0200,13.106,MW,NL,NL,actual_offshore_wind_generation,Wind Offshore | Actual Consumption,2026-08-07T04:53:21Z
2026-08-07T04:50:48Z,2026-08-07T06:50:48+0200,9de41e72-ad84-4160-af68-c339f970a640,2026-07-16T19:15:00Z,2026-07-16T21:15:00+0200,1488.2,MW,NL,NL,actual_offshore_wind_generation,Wind Offshore | Actual Aggregated,2026-08-07T04:53:21Z
2026-08-07T04:50:48Z,2026-08-07T06:50:48+0200,9de41e72-ad84-4160-af68-c339f970a640,2026-07-16T19:15:00Z,2026-07-16T21:15:00+0200,12.989,MW,NL,NL,actual_offshore_wind_generation,Wind Offshore | Actual Consumption,2026-08-07T04:53:21Z
2026-08-07T04:50:48Z,2026-08-07T06:50:48+0200,9de41e72-ad84-4160-af68-c339f970a640,2026-07-16T19:30:00Z,2026-07-16T21:30:00+0200,1493.828,MW,NL,NL,actual_offshore_wind_generation,Wind Offshore | Actual Aggregated,2026-08-07T04:53:21Z
2026-08-07T04:50:48Z,2026-08-07T06:50:48+0200,9de41e72-ad84-4160-af68-c339f970a640,2026-07-16T19:30:00Z,2026-07-16T21:30:00+0200,11.31,MW,NL,NL,actual_offshore_wind_generation,Wind Offshore | Actual Consumption,2026-08-07T04:53:21Z
2026-08-07T04:50:48Z,2026-08-07T06:50:48+0200,9de41e72-ad84-4160-af68-c339f970a640,2026-07-16T19:45:00Z,2026-07-16T21:45:00+0200,1471.896,MW,NL,NL,actual_offshore_wind_generation,Wind Offshore | Actual Aggregated,2026-08-07T04:53:21Z
2026-08-07T04:50:48Z,2026-08-07T06:50:48+0200,9de41e72-ad84-4160-af68-c339f970a640,2026-07-16T19:45:00Z,2026-07-16T21:45:00+0200,9.24,MW,NL,NL,actual_offshore_wind_generation,Wind Offshore | Actual Consumption,2026-08-07T04:53:21Z
2026-08-07T04:50:48Z,2026-08-07T06:50:48+0200,9de41e72-ad84-4160-af68-c339f970a640,2026-07-16T20:00:00Z,2026-07-16T22:00:00+0200,1422.135,MW,NL,NL,actual_offshore_wind_generation,Wind Offshore | Actual Aggregated,2026-08-07T04:53:21Z
2026-08-07T04:50:48Z,2026-08-07T06:50:48+0200,9de41e72-ad84-4160-af68-c339f970a640,2026-07-16T20:00:00Z,2026-07-16T22:00:00+0200,5.695,MW,NL,NL,actual_offshore_wind_generation,Wind Offshore | Actual Consumption,2026-08-07T04:53:21Z
2026-08-07T04:50:48Z,2026-08-07T06:50:48+0200,9de41e72-ad84-4160-af68-c339f970a640,2026-07-16T20:15:00Z,2026-07-16T22:15:00+0200,1350.887,MW,NL,NL,actual_offshore_wind_generation,Wind Offshore | Actual Aggregated,2026-08-07T04:53:21Z
2026-08-07T04:50:48Z,2026-08-07T06:50:48+0200,9de41e72-ad84-4160-af68-c339f970a640,2026-07-16T20:15:00Z,2026-07-16T22:15:00+0200,5.441,MW,NL,NL,actual_offshore_wind_generation,Wind Offshore | Actual Consumption,2026-08-07T04:53:21Z
2026-08-07T04:50:48Z,2026-08-07T06:50:48+0200,9de41e72-ad84-4160-af68-c339f970a640,2026-07-16T20:30:00Z,2026-07-16T22:30:00+0200,1182.208,MW,NL,NL,actual_offshore_wind_generation,Wind Offshore | Actual Aggregated,2026-08-07T04:53:21Z
2026-08-07T04:50:48Z,2026-08-07T06:50:48+0200,9de41e72-ad84-4160-af68-c339f970a640,2026-07-16T20:30:00Z,2026-07-16T22:30:00+0200,5.063,MW,NL,NL,actual_offshore_wind_generation,Wind Offshore | Actual Consumption,2026-08-07T04:53:21Z
2026-08-07T04:50:48Z,2026-08-07T06:50:48+0200,9de41e72-ad84-4160-af68-c339f970a640,2026-07-16T20:45:00Z,2026-07-16T22:45:00+0200,1064.909,MW,NL,NL,actual_offshore_wind_generation,Wind Offshore | Actual Aggregated,2026-08-07T04:53:21Z
2026-08-07T04:50:48Z,2026-08-07T06:50:48+0200,9de41e72-ad84-4160-af68-c339f970a640,2026-07-16T20:45:00Z,2026-07-16T22:45:00+0200,5.571,MW,NL,NL,actual_offshore_wind_generation,Wind Offshore | Actual Consumption,2026-08-07T04:53:21Z
2026-08-07T04:50:48Z,2026-08-07T06:50:48+0200,9de41e72-ad84-4160-af68-c339f970a640,2026-07-16T21:00:00Z,2026-07-16T23:00:00+0200,1061.728,MW,NL,NL,actual_offshore_wind_generation,Wind Offshore | Actual Aggregated,2026-08-07T04:53:21Z
2026-08-07T04:50:48Z,2026-08-07T06:50:48+0200,9de41e72-ad84-4160-af68-c339f970a640,2026-07-16T21:00:00Z,2026-07-16T23:00:00+0200,5.588,MW,NL,NL,actual_offshore_wind_generation,Wind Offshore | Actual Consumption,2026-08-07T04:53:21Z
2026-08-07T04:50:48Z,2026-08-07T06:50:48+0200,9de41e72-ad84-4160-af68-c339f970a640,2026-07-16T21:15:00Z,2026-07-16T23:15:00+0200,1056.023,MW,NL,NL,actual_offshore_wind_generation,Wind Offshore | Actual Aggregated,2026-08-07T04:53:21Z
2026-08-07T04:50:48Z,2026-08-07T06:50:48+0200,9de41e72-ad84-4160-af68-c339f970a640,2026-07-16T21:15:00Z,2026-07-16T23:15:00+0200,5.554,MW,NL,NL,actual_offshore_wind_generation,Wind Offshore | Actual Consumption,2026-08-07T04:53:21Z
2026-08-07T04:50:48Z,2026-08-07T06:50:48+0200,9de41e72-ad84-4160-af68-c339f970a640,2026-07-16T21:30:00Z,2026-07-16T23:30:00+0200,1115.213,MW,NL,NL,actual_offshore_wind_generation,Wind Offshore | Actual Aggregated,2026-08-07T04:53:21Z
2026-08-07T04:50:48Z,2026-08-07T06:50:48+0200,9de41e72-ad84-4160-af68-c339f970a640,2026-07-16T21:30:00Z,2026-07-16T23:30:00+0200,6.59,MW,NL,NL,actual_offshore_wind_generation,Wind Offshore | Actual Consumption,2026-08-07T04:53:21Z
2026-08-07T04:50:48Z,2026-08-07T06:50:48+0200,9de41e72-ad84-4160-af68-c339f970a640,2026-07-16T21:45:00Z,2026-07-16T23:45:00+0200,1120.668,MW,NL,NL,actual_offshore_wind_generation,Wind Offshore | Actual Aggregated,2026-08-07T04:53:21Z
2026-08-07T04:50:48Z,2026-08-07T06:50:48+0200,9de41e72-ad84-4160-af68-c339f970a640,2026-07-16T21:45:00Z,2026-07-16T23:45:00+0200,7.003,MW,NL,NL,actual_offshore_wind_generation,Wind Offshore | Actual Consumption,2026-08-07T04:53:21Z
2026-08-07T04:50:48Z,2026-08-07T06:50:48+0200,9de41e72-ad84-4160-af68-c339f970a640,2026-07-16T22:00:00Z,2026-07-17T00:00:00+0200,1071.1,MW,NL,NL,actual_offshore_wind_generation,Wind Offshore | Actual Aggregated,2026-08-07T04:53:21Z
2026-08-07T04:50:48Z,2026-08-07T06:50:48+0200,9de41e72-ad84-4160-af68-c339f970a640,2026-07-16T22:00:00Z,2026-07-17T00:00:00+0200,8.786,MW,NL,NL,actual_offshore_wind_generation,Wind Offshore | Actual Consumption,2026-08-07T04:53:21Z
2026-08-07T04:50:48Z,2026-08-07T06:50:48+0200,9de41e72-ad84-4160-af68-c339f970a640,2026-07-16T22:15:00Z,2026-07-17T00:15:00+0200,1014.829,MW,NL,NL,actual_offshore_wind_generation,Wind Offshore | Actual Aggregated,2026-08-07T04:53:21Z
2026-08-07T04:50:48Z,2026-08-07T06:50:48+0200,9de41e72-ad84-4160-af68-c339f970a640,2026-07-16T22:15:00Z,2026-07-17T00:15:00+0200,8.053,MW,NL,NL,actual_offshore_wind_generation,Wind Offshore | Actual Consumption,2026-08-07T04:53:21Z
2026-08-07T04:50:48Z,2026-08-07T06:50:48+0200,9de41e72-ad84-4160-af68-c339f970a640,2026-07-16T22:30:00Z,2026-07-17T00:30:00+0200,902.807,MW,NL,NL,actual_offshore_wind_generation,Wind Offshore | Actual Aggregated,2026-08-07T04:53:21Z
2026-08-07T04:50:48Z,2026-08-07T06:50:48+0200,9de41e72-ad84-4160-af68-c339f970a640,2026-07-16T22:30:00Z,2026-07-17T00:30:00+0200,6.727,MW,NL,NL,actual_offshore_wind_generation,Wind Offshore | Actual Consumption,2026-08-07T04:53:21Z
2026-08-07T04:50:48Z,2026-08-07T06:50:48+0200,9de41e72-ad84-4160-af68-c339f970a640,2026-07-16T22:45:00Z,2026-07-17T00:45:00+0200,837.859,MW,NL,NL,actual_offshore_wind_generation,Wind Offshore | Actual Aggregated,2026-08-07T04:53:21Z
2026-08-07T04:50:48Z,2026-08-07T06:50:48+0200,9de41e72-ad84-4160-af68-c339f970a640,2026-07-16T22:45:00Z,2026-07-17T00:45:00+0200,5.893,MW,NL,NL,actual_offshore_wind_generation,Wind Offshore | Actual Consumption,2026-08-07T04:53:21Z
2026-08-07T04:50:48Z,2026-08-07T06:50:48+0200,9de41e72-ad84-4160-af68-c339f970a640,2026-07-16T23:00:00Z,2026-07-17T01:00:00+0200,747.492,MW,NL,NL,actual_offshore_wind_generation,Wind Offshore | Actual Aggregated,2026-08-07T04:53:21Z
2026-08-07T04:50:48Z,2026-08-07T06:50:48+0200,9de41e72-ad84-4160-af68-c339f970a640,2026-07-16T23:00:00Z,2026-07-17T01:00:00+0200,5.231,MW,NL,NL,actual_offshore_wind_generation,Wind Offshore | Actual Consumption,2026-08-07T04:53:21Z
2026-08-07T04:50:48Z,2026-08-07T06:50:48+0200,9de41e72-ad84-4160-af68-c339f970a640,2026-07-16T23:15:00Z,2026-07-17T01:15:00+0200,762.091,MW,NL,NL,actual_offshore_wind_generation,Wind Offshore | Actual Aggregated,2026-08-07T04:53:21Z
2026-08-07T04:50:48Z,2026-08-07T06:50:48+0200,9de41e72-ad84-4160-af68-c339f970a640,2026-07-16T23:15:00Z,2026-07-17T01:15:00+0200,4.84,MW,NL,NL,actual_offshore_wind_generation,Wind Offshore | Actual Consumption,2026-08-07T04:53:21Z
2026-08-07T04:50:48Z,2026-08-07T06:50:48+0200,9de41e72-ad84-4160-af68-c339f970a640,2026-07-16T23:30:00Z,2026-07-17T01:30:00+0200,738.048,MW,NL,NL,actual_offshore_wind_generation,Wind Offshore | Actual Aggregated,2026-08-07T04:53:21Z
2026-08-07T04:50:48Z,2026-08-07T06:50:48+0200,9de41e72-ad84-4160-af68-c339f970a640,2026-07-16T23:30:00Z,2026-07-17T01:30:00+0200,4.501,MW,NL,NL,actual_offshore_wind_generation,Wind Offshore | Actual Consumption,2026-08-07T04:53:21Z
2026-08-07T04:50:48Z,2026-08-07T06:50:48+0200,9de41e72-ad84-4160-af68-c339f970a640,2026-07-16T23:45:00Z,2026-07-17T01:45:00+0200,701.48,MW,NL,NL,actual_offshore_wind_generation,Wind Offshore | Actual Aggregated,2026-08-07T04:53:21Z
2026-08-07T04:50:48Z,2026-08-07T06:50:48+0200,9de41e72-ad84-4160-af68-c339f970a640,2026-07-16T23:45:00Z,2026-07-17T01:45:00+0200,3.58,MW,NL,NL,actual_offshore_wind_generation,Wind Offshore | Actual Consumption,2026-08-07T04:53:21Z
2026-08-07T04:50:48Z,2026-08-07T06:50:48+0200,9de41e72-ad84-4160-af68-c339f970a640,2026-07-17T00:00:00Z,2026-07-17T02:00:00+0200,624.149,MW,NL,NL,actual_offshore_wind_generation,Wind Offshore | Actual Aggregated,2026-08-07T04:53:21Z
2026-08-07T04:50:48Z,2026-08-07T06:50:48+0200,9de41e72-ad84-4160-af68-c339f970a640,2026-07-17T00:00:00Z,2026-07-17T02:00:00+0200,3.174,MW,NL,NL,actual_offshore_wind_generation,Wind Offshore | Actual Consumption,2026-08-07T04:53:21Z
2026-08-07T04:50:48Z,2026-08-07T06:50:48+0200,9de41e72-ad84-4160-af68-c339f970a640,2026-07-17T00:15:00Z,2026-07-17T02:15:00+0200,543.338,MW,NL,NL,actual_offshore_wind_generation,Wind Offshore | Actual Aggregated,2026-08-07T04:53:21Z
2026-08-07T04:50:48Z,2026-08-07T06:50:48+0200,9de41e72-ad84-4160-af68-c339f970a640,2026-07-17T00:15:00Z,2026-07-17T02:15:00+0200,2.579,MW,NL,NL,actual_offshore_wind_generation,Wind Offshore | Actual Consumption,2026-08-07T04:53:21Z
2026-08-07T04:50:48Z,2026-08-07T06:50:48+0200,9de41e72-ad84-4160-af68-c339f970a640,2026-07-17T00:30:00Z,2026-07-17T02:30:00+0200,482.712,MW,NL,NL,actual_offshore_wind_generation,Wind Offshore | Actual Aggregated,2026-08-07T04:53:21Z
2026-08-07T04:50:48Z,2026-08-07T06:50:48+0200,9de41e72-ad84-4160-af68-c339f970a640,2026-07-17T00:30:00Z,2026-07-17T02:30:00+0200,3.195,MW,NL,NL,actual_offshore_wind_generation,Wind Offshore | Actual Consumption,2026-08-07T04:53:21Z
2026-08-07T04:50:48Z,2026-08-07T06:50:48+0200,9de41e72-ad84-4160-af68-c339f970a640,2026-07-17T00:45:00Z,2026-07-17T02:45:00+0200,418.078,MW,NL,NL,actual_offshore_wind_generation,Wind Offshore | Actual Aggregated,2026-08-07T04:53:21Z
2026-08-07T04:50:48Z,2026-08-07T06:50:48+0200,9de41e72-ad84-4160-af68-c339f970a640,2026-07-17T00:45:00Z,2026-07-17T02:45:00+0200,4.31,MW,NL,NL,actual_offshore_wind_generation,Wind Offshore | Actual Consumption,2026-08-07T04:53:21Z
2026-08-07T04:50:48Z,2026-08-07T06:50:48+0200,9de41e72-ad84-4160-af68-c339f970a640,2026-07-17T01:00:00Z,2026-07-17T03:00:00+0200,340.016,MW,NL,NL,actual_offshore_wind_generation,Wind Offshore | Actual Aggregated,2026-08-07T04:53:21Z
2026-08-07T04:50:48Z,2026-08-07T06:50:48+0200,9de41e72-ad84-4160-af68-c339f970a640,2026-07-17T01:00:00Z,2026-07-17T03:00:00+0200,6.754,MW,NL,NL,actual_offshore_wind_generation,Wind Offshore | Actual Consumption,2026-08-07T04:53:21Z
2026-08-07T04:50:48Z,2026-08-07T06:50:48+0200,9de41e72-ad84-4160-af68-c339f970a640,2026-07-17T01:15:00Z,2026-07-17T03:15:00+0200,357.214,MW,NL,NL,actual_offshore_wind_generation,Wind Offshore | Actual Aggregated,2026-08-07T04:53:21Z
2026-08-07T04:50:48Z,2026-08-07T06:50:48+0200,9de41e72-ad84-4160-af68-c339f970a640,2026-07-17T01:15:00Z,2026-07-17T03:15:00+0200,7.936,MW,NL,NL,actual_offshore_wind_generation,Wind Offshore | Actual Consumption,2026-08-07T04:53:21Z
2026-08-07T04:50:48Z,2026-08-07T06:50:48+0200,9de41e72-ad84-4160-af68-c339f970a640,2026-07-17T01:30:00Z,2026-07-17T03:30:00+0200,357.545,MW,NL,NL,actual_offshore_wind_generation,Wind Offshore | Actual Aggregated,2026-08-07T04:53:21Z
2026-08-07T04:50:48Z,2026-08-07T06:50:48+0200,9de41e72-ad84-4160-af68-c339f970a640,2026-07-17T01:30:00Z,2026-07-17T03:30:00+0200,10.225,MW,NL,NL,actual_offshore_wind_generation,Wind Offshore | Actual Consumption,2026-08-07T04:53:21Z
2026-08-07T04:50:48Z,2026-08-07T06:50:48+0200,9de41e72-ad84-4160-af68-c339f970a640,2026-07-17T01:45:00Z,2026-07-17T03:45:00+0200,378.349,MW,NL,NL,actual_offshore_wind_generation,Wind Offshore | Actual Aggregated,2026-08-07T04:53:21Z
2026-08-07T04:50:48Z,2026-08-07T06:50:48+0200,9de41e72-ad84-4160-af68-c339f970a640,2026-07-17T01:45:00Z,2026-07-17T03:45:00+0200,9.726,MW,NL,NL,actual_offshore_wind_generation,Wind Offshore | Actual Consumption,2026-08-07T04:53:21Z
2026-08-07T04:50:48Z,2026-08-07T06:50:48+0200,9de41e72-ad84-4160-af68-c339f970a640,2026-07-17T02:00:00Z,2026-07-17T04:00:00+0200,439.262,MW,NL,NL,actual_offshore_wind_generation,Wind Offshore | Actual Aggregated,2026-08-07T04:53:21Z
2026-08-07T04:50:48Z,2026-08-07T06:50:48+0200,9de41e72-ad84-4160-af68-c339f970a640,2026-07-17T02:00:00Z,2026-07-17T04:00:00+0200,6.281,MW,NL,NL,actual_offshore_wind_generation,Wind Offshore | Actual Consumption,2026-08-07T04:53:21Z
2026-08-07T04:50:48Z,2026-08-07T06:50:48+0200,9de41e72-ad84-4160-af68-c339f970a640,2026-07-17T02:15:00Z,2026-07-17T04:15:00+0200,482.951,MW,NL,NL,actual_offshore_wind_generation,Wind Offshore | Actual Aggregated,2026-08-07T04:53:21Z
2026-08-07T04:50:48Z,2026-08-07T06:50:48+0200,9de41e72-ad84-4160-af68-c339f970a640,2026-07-17T02:15:00Z,2026-07-17T04:15:00+0200,4.927,MW,NL,NL,actual_offshore_wind_generation,Wind Offshore | Actual Consumption,2026-08-07T04:53:21Z
2026-08-07T04:50:48Z,2026-08-07T06:50:48+0200,9de41e72-ad84-4160-af68-c339f970a640,2026-07-17T02:30:00Z,2026-07-17T04:30:00+0200,519.308,MW,NL,NL,actual_offshore_wind_generation,Wind Offshore | Actual Aggregated,2026-08-07T04:53:21Z
2026-08-07T04:50:48Z,2026-08-07T06:50:48+0200,9de41e72-ad84-4160-af68-c339f970a640,2026-07-17T02:30:00Z,2026-07-17T04:30:00+0200,3.191,MW,NL,NL,actual_offshore_wind_generation,Wind Offshore | Actual Consumption,2026-08-07T04:53:21Z
2026-08-07T04:50:48Z,2026-08-07T06:50:48+0200,9de41e72-ad84-4160-af68-c339f970a640,2026-07-17T02:45:00Z,2026-07-17T04:45:00+0200,558.584,MW,NL,NL,actual_offshore_wind_generation,Wind Offshore | Actual Aggregated,2026-08-07T04:53:21Z
2026-08-07T04:50:48Z,2026-08-07T06:50:48+0200,9de41e72-ad84-4160-af68-c339f970a640,2026-07-17T02:45:00Z,2026-07-17T04:45:00+0200,2.776,MW,NL,NL,actual_offshore_wind_generation,Wind Offshore | Actual Consumption,2026-08-07T04:53:21Z
2026-08-07T04:50:48Z,2026-08-07T06:50:48+0200,9de41e72-ad84-4160-af68-c339f970a640,2026-07-17T03:00:00Z,2026-07-17T05:00:00+0200,658.993,MW,NL,NL,actual_offshore_wind_generation,Wind Offshore | Actual Aggregated,2026-08-07T04:53:21Z
2026-08-07T04:50:48Z,2026-08-07T06:50:48+0200,9de41e72-ad84-4160-af68-c339f970a640,2026-07-17T03:00:00Z,2026-07-17T05:00:00+0200,1.934,MW,NL,NL,actual_offshore_wind_generation,Wind Offshore | Actual Consumption,2026-08-07T04:53:21Z
2026-08-07T04:50:48Z,2026-08-07T06:50:48+0200,9de41e72-ad84-4160-af68-c339f970a640,2026-07-17T03:15:00Z,2026-07-17T05:15:00+0200,828.216,MW,NL,NL,actual_offshore_wind_generation,Wind Offshore | Actual Aggregated,2026-08-07T04:53:21Z
2026-08-07T04:50:48Z,2026-08-07T06:50:48+0200,9de41e72-ad84-4160-af68-c339f970a640,2026-07-17T03:15:00Z,2026-07-17T05:15:00+0200,3.468,MW,NL,NL,actual_offshore_wind_generation,Wind Offshore | Actual Consumption,2026-08-07T04:53:21Z
2026-08-07T04:50:48Z,2026-08-07T06:50:48+0200,9de41e72-ad84-4160-af68-c339f970a640,2026-07-17T03:30:00Z,2026-07-17T05:30:00+0200,987.524,MW,NL,NL,actual_offshore_wind_generation,Wind Offshore | Actual Aggregated,2026-08-07T04:53:21Z
2026-08-07T04:50:48Z,2026-08-07T06:50:48+0200,9de41e72-ad84-4160-af68-c339f970a640,2026-07-17T03:30:00Z,2026-07-17T05:30:00+0200,5.014,MW,NL,NL,actual_offshore_wind_generation,Wind Offshore | Actual Consumption,2026-08-07T04:53:21Z
2026-08-07T04:50:48Z,2026-08-07T06:50:48+0200,9de41e72-ad84-4160-af68-c339f970a640,2026-07-17T03:45:00Z,2026-07-17T05:45:00+0200,986.347,MW,NL,NL,actual_offshore_wind_generation,Wind Offshore | Actual Aggregated,2026-08-07T04:53:21Z
2026-08-07T04:50:48Z,2026-08-07T06:50:48+0200,9de41e72-ad84-4160-af68-c339f970a640,2026-07-17T03:45:00Z,2026-07-17T05:45:00+0200,4.649,MW,NL,NL,actual_offshore_wind_generation,Wind Offshore | Actual Consumption,2026-08-07T04:53:21Z
2026-08-07T04:50:48Z,2026-08-07T06:50:48+0200,9de41e72-ad84-4160-af68-c339f970a640,2026-07-17T04:00:00Z,2026-07-17T06:00:00+0200,1014.376,MW,NL,NL,actual_offshore_wind_generation,Wind Offshore | Actual Aggregated,2026-08-07T04:53:21Z
2026-08-07T04:50:48Z,2026-08-07T06:50:48+0200,9de41e72-ad84-4160-af68-c339f970a640,2026-07-17T04:00:00Z,2026-07-17T06:00:00+0200,6.069,MW,NL,NL,actual_offshore_wind_generation,Wind Offshore | Actual Consumption,2026-08-07T04:53:21Z
2026-08-07T04:50:48Z,2026-08-07T06:50:48+0200,9de41e72-ad84-4160-af68-c339f970a640,2026-07-17T04:15:00Z,2026-07-17T06:15:00+0200,1060.155,MW,NL,NL,actual_offshore_wind_generation,Wind Offshore | Actual Aggregated,2026-08-07T04:53:21Z
2026-08-07T04:50:48Z,2026-08-07T06:50:48+0200,9de41e72-ad84-4160-af68-c339f970a640,2026-07-17T04:15:00Z,2026-07-17T06:15:00+0200,6.548,MW,NL,NL,actual_offshore_wind_generation,Wind Offshore | Actual Consumption,2026-08-07T04:53:21Z
2026-08-07T04:50:48Z,2026-08-07T06:50:48+0200,9de41e72-ad84-4160-af68-c339f970a640,2026-07-17T04:30:00Z,2026-07-17T06:30:00+0200,1094.478,MW,NL,NL,actual_offshore_wind_generation,Wind Offshore | Actual Aggregated,2026-08-07T04:53:21Z
2026-08-07T04:50:48Z,2026-08-07T06:50:48+0200,9de41e72-ad84-4160-af68-c339f970a640,2026-07-17T04:30:00Z,2026-07-17T06:30:00+0200,6.049,MW,NL,NL,actual_offshore_wind_generation,Wind Offshore | Actual Consumption,2026-08-07T04:53:21Z
2026-08-07T04:50:48Z,2026-08-07T06:50:48+0200,9de41e72-ad84-4160-af68-c339f970a640,2026-07-17T04:45:00Z,2026-07-17T06:45:00+0200,1080.273,MW,NL,NL,actual_offshore_wind_generation,Wind Offshore | Actual Aggregated,2026-08-07T04:53:21Z
2026-08-07T04:50:48Z,2026-08-07T06:50:48+0200,9de41e72-ad84-4160-af68-c339f970a640,2026-07-17T04:45:00Z,2026-07-17T06:45:00+0200,6.367,MW,NL,NL,actual_offshore_wind_generation,Wind Offshore | Actual Consumption,2026-08-07T04:53:21Z
2026-08-07T04:50:48Z,2026-08-07T06:50:48+0200,9de41e72-ad84-4160-af68-c339f970a640,2026-07-17T05:00:00Z,2026-07-17T07:00:00+0200,1092.764,MW,NL,NL,actual_offshore_wind_generation,Wind Offshore | Actual Aggregated,2026-08-07T04:53:21Z
2026-08-07T04:50:48Z,2026-08-07T06:50:48+0200,9de41e72-ad84-4160-af68-c339f970a640,2026-07-17T05:00:00Z,2026-07-17T07:00:00+0200,5.818,MW,NL,NL,actual_offshore_wind_generation,Wind Offshore | Actual Consumption,2026-08-07T04:53:21Z
2026-08-07T04:50:48Z,2026-08-07T06:50:48+0200,9de41e72-ad84-4160-af68-c339f970a640,2026-07-17T05:15:00Z,2026-07-17T07:15:00+0200,1044.101,MW,NL,NL,actual_offshore_wind_generation,Wind Offshore | Actual Aggregated,2026-08-07T04:53:21Z
2026-08-07T04:50:48Z,2026-08-07T06:50:48+0200,9de41e72-ad84-4160-af68-c339f970a640,2026-07-17T05:15:00Z,2026-07-17T07:15:00+0200,4.636,MW,NL,NL,actual_offshore_wind_generation,Wind Offshore | Actual Consumption,2026-08-07T04:53:21Z
2026-08-07T04:50:48Z,2026-08-07T06:50:48+0200,9de41e72-ad84-4160-af68-c339f970a640,2026-07-17T05:30:00Z,2026-07-17T07:30:00+0200,986.962,MW,NL,NL,actual_offshore_wind_generation,Wind Offshore | Actual Aggregated,2026-08-07T04:53:21Z
2026-08-07T04:50:48Z,2026-08-07T06:50:48+0200,9de41e72-ad84-4160-af68-c339f970a640,2026-07-17T05:30:00Z,2026-07-17T07:30:00+0200,6.282,MW,NL,NL,actual_offshore_wind_generation,Wind Offshore | Actual Consumption,2026-08-07T04:53:21Z
2026-08-07T04:50:48Z,2026-08-07T06:50:48+0200,9de41e72-ad84-4160-af68-c339f970a640,2026-07-17T05:45:00Z,2026-07-17T07:45:00+0200,921.368,MW,NL,NL,actual_offshore_wind_generation,Wind Offshore | Actual Aggregated,2026-08-07T04:53:21Z
2026-08-07T04:50:48Z,2026-08-07T06:50:48+0200,9de41e72-ad84-4160-af68-c339f970a640,2026-07-17T05:45:00Z,2026-07-17T07:45:00+0200,4.978,MW,NL,NL,actual_offshore_wind_generation,Wind Offshore | Actual Consumption,2026-08-07T04:53:21Z
2026-08-07T04:50:48Z,2026-08-07T06:50:48+0200,9de41e72-ad84-4160-af68-c339f970a640,2026-07-17T06:00:00Z,2026-07-17T08:00:00+0200,830.954,MW,NL,NL,actual_offshore_wind_generation,Wind Offshore | Actual Aggregated,2026-08-07T04:53:21Z
2026-08-07T04:50:48Z,2026-08-07T06:50:48+0200,9de41e72-ad84-4160-af68-c339f970a640,2026-07-17T06:00:00Z,2026-07-17T08:00:00+0200,3.804,MW,NL,NL,actual_offshore_wind_generation,Wind Offshore | Actual Consumption,2026-08-07T04:53:21Z
2026-08-07T04:50:48Z,2026-08-07T06:50:48+0200,9de41e72-ad84-4160-af68-c339f970a640,2026-07-17T06:15:00Z,2026-07-17T08:15:00+0200,803.675,MW,NL,NL,actual_offshore_wind_generation,Wind Offshore | Actual Aggregated,2026-08-07T04:53:21Z
2026-08-07T04:50:48Z,2026-08-07T06:50:48+0200,9de41e72-ad84-4160-af68-c339f970a640,2026-07-17T06:15:00Z,2026-07-17T08:15:00+0200,2.221,MW,NL,NL,actual_offshore_wind_generation,Wind Offshore | Actual Consumption,2026-08-07T04:53:21Z
2026-08-07T04:50:48Z,2026-08-07T06:50:48+0200,9de41e72-ad84-4160-af68-c339f970a640,2026-07-17T06:30:00Z,2026-07-17T08:30:00+0200,813.853,MW,NL,NL,actual_offshore_wind_generation,Wind Offshore | Actual Aggregated,2026-08-07T04:53:21Z
2026-08-07T04:50:48Z,2026-08-07T06:50:48+0200,9de41e72-ad84-4160-af68-c339f970a640,2026-07-17T06:30:00Z,2026-07-17T08:30:00+0200,2.991,MW,NL,NL,actual_offshore_wind_generation,Wind Offshore | Actual Consumption,2026-08-07T04:53:21Z
2026-08-07T04:50:48Z,2026-08-07T06:50:48+0200,9de41e72-ad84-4160-af68-c339f970a640,2026-07-17T06:45:00Z,2026-07-17T08:45:00+0200,811.912,MW,NL,NL,actual_offshore_wind_generation,Wind Offshore | Actual Aggregated,2026-08-07T04:53:21Z
2026-08-07T04:50:48Z,2026-08-07T06:50:48+0200,9de41e72-ad84-4160-af68-c339f970a640,2026-07-17T06:45:00Z,2026-07-17T08:45:00+0200,3.726,MW,NL,NL,actual_offshore_wind_generation,Wind Offshore | Actual Consumption,2026-08-07T04:53:21Z
2026-08-07T04:50:48Z,2026-08-07T06:50:48+0200,9de41e72-ad84-4160-af68-c339f970a640,2026-07-17T07:00:00Z,2026-07-17T09:00:00+0200,736.168,MW,NL,NL,actual_offshore_wind_generation,Wind Offshore | Actual Aggregated,2026-08-07T04:53:21Z
2026-08-07T04:50:48Z,2026-08-07T06:50:48+0200,9de41e72-ad84-4160-af68-c339f970a640,2026-07-17T07:00:00Z,2026-07-17T09:00:00+0200,4.591,MW,NL,NL,actual_offshore_wind_generation,Wind Offshore | Actual Consumption,2026-08-07T04:53:21Z
2026-08-07T04:50:48Z,2026-08-07T06:50:48+0200,9de41e72-ad84-4160-af68-c339f970a640,2026-07-17T07:15:00Z,2026-07-17T09:15:00+0200,665.664,MW,NL,NL,actual_offshore_wind_generation,Wind Offshore | Actual Aggregated,2026-08-07T04:53:21Z
2026-08-07T04:50:48Z,2026-08-07T06:50:48+0200,9de41e72-ad84-4160-af68-c339f970a640,2026-07-17T07:15:00Z,2026-07-17T09:15:00+0200,3.394,MW,NL,NL,actual_offshore_wind_generation,Wind Offshore | Actual Consumption,2026-08-07T04:53:21Z
2026-08-07T04:50:48Z,2026-08-07T06:50:48+0200,9de41e72-ad84-4160-af68-c339f970a640,2026-07-17T07:30:00Z,2026-07-17T09:30:00+0200,618.131,MW,NL,NL,actual_offshore_wind_generation,Wind Offshore | Actual Aggregated,2026-08-07T04:53:21Z
2026-08-07T04:50:48Z,2026-08-07T06:50:48+0200,9de41e72-ad84-4160-af68-c339f970a640,2026-07-17T07:30:00Z,2026-07-17T09:30:00+0200,5.288,MW,NL,NL,actual_offshore_wind_generation,Wind Offshore | Actual Consumption,2026-08-07T04:53:21Z
2026-08-07T04:50:48Z,2026-08-07T06:50:48+0200,9de41e72-ad84-4160-af68-c339f970a640,2026-07-17T07:45:00Z,2026-07-17T09:45:00+0200,540.02,MW,NL,NL,actual_offshore_wind_generation,Wind Offshore | Actual Aggregated,2026-08-07T04:53:21Z
2026-08-07T04:50:48Z,2026-08-07T06:50:48+0200,9de41e72-ad84-4160-af68-c339f970a640,2026-07-17T07:45:00Z,2026-07-17T09:45:00+0200,6.888,MW,NL,NL,actual_offshore_wind_generation,Wind Offshore | Actual Consumption,2026-08-07T04:53:21Z
2026-08-07T04:50:48Z,2026-08-07T06:50:48+0200,9de41e72-ad84-4160-af68-c339f970a640,2026-07-17T08:00:00Z,2026-07-17T10:00:00+0200,466.621,MW,NL,NL,actual_offshore_wind_generation,Wind Offshore | Actual Aggregated,2026-08-07T04:53:21Z
2026-08-07T04:50:48Z,2026-08-07T06:50:48+0200,9de41e72-ad84-4160-af68-c339f970a640,2026-07-17T08:00:00Z,2026-07-17T10:00:00+0200,7.245,MW,NL,NL,actual_offshore_wind_generation,Wind Offshore | Actual Consumption,2026-08-07T04:53:21Z
2026-08-07T04:50:48Z,2026-08-07T06:50:48+0200,9de41e72-ad84-4160-af68-c339f970a640,2026-07-17T08:15:00Z,2026-07-17T10:15:00+0200,409.893,MW,NL,NL,actual_offshore_wind_generation,Wind Offshore | Actual Aggregated,2026-08-07T04:53:21Z
2026-08-07T04:50:48Z,2026-08-07T06:50:48+0200,9de41e72-ad84-4160-af68-c339f970a640,2026-07-17T08:15:00Z,2026-07-17T10:15:00+0200,6.075,MW,NL,NL,actual_offshore_wind_generation,Wind Offshore | Actual Consumption,2026-08-07T04:53:21Z
2026-08-07T04:50:48Z,2026-08-07T06:50:48+0200,9de41e72-ad84-4160-af68-c339f970a640,2026-07-17T08:30:00Z,2026-07-17T10:30:00+0200,412.037,MW,NL,NL,actual_offshore_wind_generation,Wind Offshore | Actual Aggregated,2026-08-07T04:53:21Z
2026-08-07T04:50:48Z,2026-08-07T06:50:48+0200,9de41e72-ad84-4160-af68-c339f970a640,2026-07-17T08:30:00Z,2026-07-17T10:30:00+0200,7.99,MW,NL,NL,actual_offshore_wind_generation,Wind Offshore | Actual Consumption,2026-08-07T04:53:21Z
2026-08-07T04:50:48Z,2026-08-07T06:50:48+0200,9de41e72-ad84-4160-af68-c339f970a640,2026-07-17T08:45:00Z,2026-07-17T10:45:00+0200,429.408,MW,NL,NL,actual_offshore_wind_generation,Wind Offshore | Actual Aggregated,2026-08-07T04:53:21Z
2026-08-07T04:50:48Z,2026-08-07T06:50:48+0200,9de41e72-ad84-4160-af68-c339f970a640,2026-07-17T08:45:00Z,2026-07-17T10:45:00+0200,6.82,MW,NL,NL,actual_offshore_wind_generation,Wind Offshore | Actual Consumption,2026-08-07T04:53:21Z
2026-08-07T04:50:48Z,2026-08-07T06:50:48+0200,9de41e72-ad84-4160-af68-c339f970a640,2026-07-17T09:00:00Z,2026-07-17T11:00:00+0200,487.966,MW,NL,NL,actual_offshore_wind_generation,Wind Offshore | Actual Aggregated,2026-08-07T04:53:21Z
2026-08-07T04:50:48Z,2026-08-07T06:50:48+0200,9de41e72-ad84-4160-af68-c339f970a640,2026-07-17T09:00:00Z,2026-07-17T11:00:00+0200,1.971,MW,NL,NL,actual_offshore_wind_generation,Wind Offshore | Actual Consumption,2026-08-07T04:53:21Z
2026-08-07T04:50:48Z,2026-08-07T06:50:48+0200,9de41e72-ad84-4160-af68-c339f970a640,2026-07-17T09:15:00Z,2026-07-17T11:15:00+0200,499.772,MW,NL,NL,actual_offshore_wind_generation,Wind Offshore | Actual Aggregated,2026-08-07T04:53:21Z
2026-08-07T04:50:48Z,2026-08-07T06:50:48+0200,9de41e72-ad84-4160-af68-c339f970a640,2026-07-17T09:15:00Z,2026-07-17T11:15:00+0200,2.595,MW,NL,NL,actual_offshore_wind_generation,Wind Offshore | Actual Consumption,2026-08-07T04:53:21Z
2026-08-07T04:50:48Z,2026-08-07T06:50:48+0200,9de41e72-ad84-4160-af68-c339f970a640,2026-07-17T09:30:00Z,2026-07-17T11:30:00+0200,528.0,MW,NL,NL,actual_offshore_wind_generation,Wind Offshore | Actual Aggregated,2026-08-07T04:53:21Z
2026-08-07T04:50:48Z,2026-08-07T06:50:48+0200,9de41e72-ad84-4160-af68-c339f970a640,2026-07-17T09:30:00Z,2026-07-17T11:30:00+0200,2.308,MW,NL,NL,actual_offshore_wind_generation,Wind Offshore | Actual Consumption,2026-08-07T04:53:21Z
2026-08-07T04:50:48Z,2026-08-07T06:50:48+0200,9de41e72-ad84-4160-af68-c339f970a640,2026-07-17T09:45:00Z,2026-07-17T11:45:00+0200,592.895,MW,NL,NL,actual_offshore_wind_generation,Wind Offshore | Actual Aggregated,2026-08-07T04:53:21Z
2026-08-07T04:50:48Z,2026-08-07T06:50:48+0200,9de41e72-ad84-4160-af68-c339f970a640,2026-07-17T09:45:00Z,2026-07-17T11:45:00+0200,2.211,MW,NL,NL,actual_offshore_wind_generation,Wind Offshore | Actual Consumption,2026-08-07T04:53:21Z
2026-08-07T04:50:48Z,2026-08-07T06:50:48+0200,9de41e72-ad84-4160-af68-c339f970a640,2026-07-17T10:00:00Z,2026-07-17T12:00:00+0200,642.423,MW,NL,NL,actual_offshore_wind_generation,Wind Offshore | Actual Aggregated,2026-08-07T04:53:21Z
2026-08-07T04:50:48Z,2026-08-07T06:50:48+0200,9de41e72-ad84-4160-af68-c339f970a640,2026-07-17T10:00:00Z,2026-07-17T12:00:00+0200,3.111,MW,NL,NL,actual_offshore_wind_generation,Wind Offshore | Actual Consumption,2026-08-07T04:53:21Z
2026-08-07T04:50:48Z,2026-08-07T06:50:48+0200,9de41e72-ad84-4160-af68-c339f970a640,2026-07-17T10:15:00Z,2026-07-17T12:15:00+0200,674.409,MW,NL,NL,actual_offshore_wind_generation,Wind Offshore | Actual Aggregated,2026-08-07T04:53:21Z
2026-08-07T04:50:48Z,2026-08-07T06:50:48+0200,9de41e72-ad84-4160-af68-c339f970a640,2026-07-17T10:15:00Z,2026-07-17T12:15:00+0200,3.109,MW,NL,NL,actual_offshore_wind_generation,Wind Offshore | Actual Consumption,2026-08-07T04:53:21Z
2026-08-07T04:50:48Z,2026-08-07T06:50:48+0200,9de41e72-ad84-4160-af68-c339f970a640,2026-07-17T10:30:00Z,2026-07-17T12:30:00+0200,695.608,MW,NL,NL,actual_offshore_wind_generation,Wind Offshore | Actual Aggregated,2026-08-07T04:53:21Z
2026-08-07T04:50:48Z,2026-08-07T06:50:48+0200,9de41e72-ad84-4160-af68-c339f970a640,2026-07-17T10:30:00Z,2026-07-17T12:30:00+0200,1.947,MW,NL,NL,actual_offshore_wind_generation,Wind Offshore | Actual Consumption,2026-08-07T04:53:21Z
2026-08-07T04:50:48Z,2026-08-07T06:50:48+0200,9de41e72-ad84-4160-af68-c339f970a640,2026-07-17T10:45:00Z,2026-07-17T12:45:00+0200,693.005,MW,NL,NL,actual_offshore_wind_generation,Wind Offshore | Actual Aggregated,2026-08-07T04:53:21Z
2026-08-07T04:50:48Z,2026-08-07T06:50:48+0200,9de41e72-ad84-4160-af68-c339f970a640,2026-07-17T10:45:00Z,2026-07-17T12:45:00+0200,3.064,MW,NL,NL,actual_offshore_wind_generation,Wind Offshore | Actual Consumption,2026-08-07T04:53:21Z
2026-08-07T04:50:48Z,2026-08-07T06:50:48+0200,9de41e72-ad84-4160-af68-c339f970a640,2026-07-17T11:00:00Z,2026-07-17T13:00:00+0200,673.331,MW,NL,NL,actual_offshore_wind_generation,Wind Offshore | Actual Aggregated,2026-08-07T04:53:21Z
2026-08-07T04:50:48Z,2026-08-07T06:50:48+0200,9de41e72-ad84-4160-af68-c339f970a640,2026-07-17T11:00:00Z,2026-07-17T13:00:00+0200,2.643,MW,NL,NL,actual_offshore_wind_generation,Wind Offshore | Actual Consumption,2026-08-07T04:53:21Z
2026-08-07T04:50:48Z,2026-08-07T06:50:48+0200,9de41e72-ad84-4160-af68-c339f970a640,2026-07-17T11:15:00Z,2026-07-17T13:15:00+0200,684.614,MW,NL,NL,actual_offshore_wind_generation,Wind Offshore | Actual Aggregated,2026-08-07T04:53:21Z
2026-08-07T04:50:48Z,2026-08-07T06:50:48+0200,9de41e72-ad84-4160-af68-c339f970a640,2026-07-17T11:15:00Z,2026-07-17T13:15:00+0200,3.297,MW,NL,NL,actual_offshore_wind_generation,Wind Offshore | Actual Consumption,2026-08-07T04:53:21Z
2026-08-07T04:50:48Z,2026-08-07T06:50:48+0200,9de41e72-ad84-4160-af68-c339f970a640,2026-07-17T11:30:00Z,2026-07-17T13:30:00+0200,670.95,MW,NL,NL,actual_offshore_wind_generation,Wind Offshore | Actual Aggregated,2026-08-07T04:53:21Z
2026-08-07T04:50:48Z,2026-08-07T06:50:48+0200,9de41e72-ad84-4160-af68-c339f970a640,2026-07-17T11:30:00Z,2026-07-17T13:30:00+0200,2.919,MW,NL,NL,actual_offshore_wind_generation,Wind Offshore | Actual Consumption,2026-08-07T04:53:21Z
2026-08-07T04:50:48Z,2026-08-07T06:50:48+0200,9de41e72-ad84-4160-af68-c339f970a640,2026-07-17T11:45:00Z,2026-07-17T13:45:00+0200,701.424,MW,NL,NL,actual_offshore_wind_generation,Wind Offshore | Actual Aggregated,2026-08-07T04:53:21Z
2026-08-07T04:50:48Z,2026-08-07T06:50:48+0200,9de41e72-ad84-4160-af68-c339f970a640,2026-07-17T11:45:00Z,2026-07-17T13:45:00+0200,3.007,MW,NL,NL,actual_offshore_wind_generation,Wind Offshore | Actual Consumption,2026-08-07T04:53:21Z
2026-08-07T04:50:48Z,2026-08-07T06:50:48+0200,9de41e72-ad84-4160-af68-c339f970a640,2026-07-17T12:00:00Z,2026-07-17T14:00:00+0200,622.297,MW,NL,NL,actual_offshore_wind_generation,Wind Offshore | Actual Aggregated,2026-08-07T04:53:21Z
2026-08-07T04:50:48Z,2026-08-07T06:50:48+0200,9de41e72-ad84-4160-af68-c339f970a640,2026-07-17T12:00:00Z,2026-07-17T14:00:00+0200,1.886,MW,NL,NL,actual_offshore_wind_generation,Wind Offshore | Actual Consumption,2026-08-07T04:53:21Z
2026-08-07T04:50:48Z,2026-08-07T06:50:48+0200,9de41e72-ad84-4160-af68-c339f970a640,2026-07-17T12:15:00Z,2026-07-17T14:15:00+0200,565.697,MW,NL,NL,actual_offshore_wind_generation,Wind Offshore | Actual Aggregated,2026-08-07T04:53:21Z
2026-08-07T04:50:48Z,2026-08-07T06:50:48+0200,9de41e72-ad84-4160-af68-c339f970a640,2026-07-17T12:15:00Z,2026-07-17T14:15:00+0200,2.136,MW,NL,NL,actual_offshore_wind_generation,Wind Offshore | Actual Consumption,2026-08-07T04:53:21Z
2026-08-07T04:50:48Z,2026-08-07T06:50:48+0200,9de41e72-ad84-4160-af68-c339f970a640,2026-07-17T12:30:00Z,2026-07-17T14:30:00+0200,576.84,MW,NL,NL,actual_offshore_wind_generation,Wind Offshore | Actual Aggregated,2026-08-07T04:53:21Z
2026-08-07T04:50:48Z,2026-08-07T06:50:48+0200,9de41e72-ad84-4160-af68-c339f970a640,2026-07-17T12:30:00Z,2026-07-17T14:30:00+0200,1.915,MW,NL,NL,actual_offshore_wind_generation,Wind Offshore | Actual Consumption,2026-08-07T04:53:21Z
2026-08-07T04:50:48Z,2026-08-07T06:50:48+0200,9de41e72-ad84-4160-af68-c339f970a640,2026-07-17T12:45:00Z,2026-07-17T14:45:00+0200,595.735,MW,NL,NL,actual_offshore_wind_generation,Wind Offshore | Actual Aggregated,2026-08-07T04:53:21Z
2026-08-07T04:50:48Z,2026-08-07T06:50:48+0200,9de41e72-ad84-4160-af68-c339f970a640,2026-07-17T12:45:00Z,2026-07-17T14:45:00+0200,2.054,MW,NL,NL,actual_offshore_wind_generation,Wind Offshore | Actual Consumption,2026-08-07T04:53:21Z
2026-08-07T04:50:48Z,2026-08-07T06:50:48+0200,9de41e72-ad84-4160-af68-c339f970a640,2026-07-17T13:00:00Z,2026-07-17T15:00:00+0200,637.841,MW,NL,NL,actual_offshore_wind_generation,Wind Offshore | Actual Aggregated,2026-08-07T04:53:21Z
2026-08-07T04:50:48Z,2026-08-07T06:50:48+0200,9de41e72-ad84-4160-af68-c339f970a640,2026-07-17T13:00:00Z,2026-07-17T15:00:00+0200,1.747,MW,NL,NL,actual_offshore_wind_generation,Wind Offshore | Actual Consumption,2026-08-07T04:53:21Z
2026-08-07T04:50:48Z,2026-08-07T06:50:48+0200,9de41e72-ad84-4160-af68-c339f970a640,2026-07-17T13:15:00Z,2026-07-17T15:15:00+0200,632.069,MW,NL,NL,actual_offshore_wind_generation,Wind Offshore | Actual Aggregated,2026-08-07T04:53:21Z
2026-08-07T04:50:48Z,2026-08-07T06:50:48+0200,9de41e72-ad84-4160-af68-c339f970a640,2026-07-17T13:15:00Z,2026-07-17T15:15:00+0200,1.958,MW,NL,NL,actual_offshore_wind_generation,Wind Offshore | Actual Consumption,2026-08-07T04:53:21Z
2026-08-07T04:50:48Z,2026-08-07T06:50:48+0200,9de41e72-ad84-4160-af68-c339f970a640,2026-07-17T13:30:00Z,2026-07-17T15:30:00+0200,654.004,MW,NL,NL,actual_offshore_wind_generation,Wind Offshore | Actual Aggregated,2026-08-07T04:53:21Z
2026-08-07T04:50:48Z,2026-08-07T06:50:48+0200,9de41e72-ad84-4160-af68-c339f970a640,2026-07-17T13:30:00Z,2026-07-17T15:30:00+0200,1.666,MW,NL,NL,actual_offshore_wind_generation,Wind Offshore | Actual Consumption,2026-08-07T04:53:21Z
2026-08-07T04:50:48Z,2026-08-07T06:50:48+0200,9de41e72-ad84-4160-af68-c339f970a640,2026-07-17T13:45:00Z,2026-07-17T15:45:00+0200,625.87,MW,NL,NL,actual_offshore_wind_generation,Wind Offshore | Actual Aggregated,2026-08-07T04:53:21Z
2026-08-07T04:50:48Z,2026-08-07T06:50:48+0200,9de41e72-ad84-4160-af68-c339f970a640,2026-07-17T13:45:00Z,2026-07-17T15:45:00+0200,1.368,MW,NL,NL,actual_offshore_wind_generation,Wind Offshore | Actual Consumption,2026-08-07T04:53:21Z
2026-08-07T04:50:48Z,2026-08-07T06:50:48+0200,9de41e72-ad84-4160-af68-c339f970a640,2026-07-17T14:00:00Z,2026-07-17T16:00:00+0200,610.166,MW,NL,NL,actual_offshore_wind_generation,Wind Offshore | Actual Aggregated,2026-08-07T04:53:21Z
2026-08-07T04:50:48Z,2026-08-07T06:50:48+0200,9de41e72-ad84-4160-af68-c339f970a640,2026-07-17T14:00:00Z,2026-07-17T16:00:00+0200,1.576,MW,NL,NL,actual_offshore_wind_generation,Wind Offshore | Actual Consumption,2026-08-07T04:53:21Z
2026-08-07T04:50:48Z,2026-08-07T06:50:48+0200,9de41e72-ad84-4160-af68-c339f970a640,2026-07-17T14:15:00Z,2026-07-17T16:15:00+0200,628.14,MW,NL,NL,actual_offshore_wind_generation,Wind Offshore | Actual Aggregated,2026-08-07T04:53:21Z
2026-08-07T04:50:48Z,2026-08-07T06:50:48+0200,9de41e72-ad84-4160-af68-c339f970a640,2026-07-17T14:15:00Z,2026-07-17T16:15:00+0200,1.316,MW,NL,NL,actual_offshore_wind_generation,Wind Offshore | Actual Consumption,2026-08-07T04:53:21Z
2026-08-07T04:50:48Z,2026-08-07T06:50:48+0200,9de41e72-ad84-4160-af68-c339f970a640,2026-07-17T14:30:00Z,2026-07-17T16:30:00+0200,665.524,MW,NL,NL,actual_offshore_wind_generation,Wind Offshore | Actual Aggregated,2026-08-07T04:53:21Z
2026-08-07T04:50:48Z,2026-08-07T06:50:48+0200,9de41e72-ad84-4160-af68-c339f970a640,2026-07-17T14:30:00Z,2026-07-17T16:30:00+0200,0.998,MW,NL,NL,actual_offshore_wind_generation,Wind Offshore | Actual Consumption,2026-08-07T04:53:21Z
2026-08-07T04:50:48Z,2026-08-07T06:50:48+0200,9de41e72-ad84-4160-af68-c339f970a640,2026-07-17T14:45:00Z,2026-07-17T16:45:00+0200,710.199,MW,NL,NL,actual_offshore_wind_generation,Wind Offshore | Actual Aggregated,2026-08-07T04:53:21Z
2026-08-07T04:50:48Z,2026-08-07T06:50:48+0200,9de41e72-ad84-4160-af68-c339f970a640,2026-07-17T14:45:00Z,2026-07-17T16:45:00+0200,1.4,MW,NL,NL,actual_offshore_wind_generation,Wind Offshore | Actual Consumption,2026-08-07T04:53:21Z
2026-08-07T04:50:48Z,2026-08-07T06:50:48+0200,9de41e72-ad84-4160-af68-c339f970a640,2026-07-17T15:00:00Z,2026-07-17T17:00:00+0200,723.176,MW,NL,NL,actual_offshore_wind_generation,Wind Offshore | Actual Aggregated,2026-08-07T04:53:21Z
2026-08-07T04:50:48Z,2026-08-07T06:50:48+0200,9de41e72-ad84-4160-af68-c339f970a640,2026-07-17T15:00:00Z,2026-07-17T17:00:00+0200,0.712,MW,NL,NL,actual_offshore_wind_generation,Wind Offshore | Actual Consumption,2026-08-07T04:53:21Z
2026-08-07T04:50:48Z,2026-08-07T06:50:48+0200,9de41e72-ad84-4160-af68-c339f970a640,2026-07-17T15:15:00Z,2026-07-17T17:15:00+0200,769.576,MW,NL,NL,actual_offshore_wind_generation,Wind Offshore | Actual Aggregated,2026-08-07T04:53:21Z
2026-08-07T04:50:48Z,2026-08-07T06:50:48+0200,9de41e72-ad84-4160-af68-c339f970a640,2026-07-17T15:15:00Z,2026-07-17T17:15:00+0200,1.214,MW,NL,NL,actual_offshore_wind_generation,Wind Offshore | Actual Consumption,2026-08-07T04:53:21Z
2026-08-07T04:50:48Z,2026-08-07T06:50:48+0200,9de41e72-ad84-4160-af68-c339f970a640,2026-07-17T15:30:00Z,2026-07-17T17:30:00+0200,856.24,MW,NL,NL,actual_offshore_wind_generation,Wind Offshore | Actual Aggregated,2026-08-07T04:53:21Z
2026-08-07T04:50:48Z,2026-08-07T06:50:48+0200,9de41e72-ad84-4160-af68-c339f970a640,2026-07-17T15:30:00Z,2026-07-17T17:30:00+0200,2.046,MW,NL,NL,actual_offshore_wind_generation,Wind Offshore | Actual Consumption,2026-08-07T04:53:21Z
2026-08-07T04:50:48Z,2026-08-07T06:50:48+0200,9de41e72-ad84-4160-af68-c339f970a640,2026-07-17T15:45:00Z,2026-07-17T17:45:00+0200,966.234,MW,NL,NL,actual_offshore_wind_generation,Wind Offshore | Actual Aggregated,2026-08-07T04:53:21Z
2026-08-07T04:50:48Z,2026-08-07T06:50:48+0200,9de41e72-ad84-4160-af68-c339f970a640,2026-07-17T15:45:00Z,2026-07-17T17:45:00+0200,2.473,MW,NL,NL,actual_offshore_wind_generation,Wind Offshore | Actual Consumption,2026-08-07T04:53:21Z
2026-08-07T04:50:48Z,2026-08-07T06:50:48+0200,9de41e72-ad84-4160-af68-c339f970a640,2026-07-17T16:00:00Z,2026-07-17T18:00:00+0200,1079.819,MW,NL,NL,actual_offshore_wind_generation,Wind Offshore | Actual Aggregated,2026-08-07T04:53:21Z
2026-08-07T04:50:48Z,2026-08-07T06:50:48+0200,9de41e72-ad84-4160-af68-c339f970a640,2026-07-17T16:00:00Z,2026-07-17T18:00:00+0200,2.4,MW,NL,NL,actual_offshore_wind_generation,Wind Offshore | Actual Consumption,2026-08-07T04:53:21Z
2026-08-07T04:50:48Z,2026-08-07T06:50:48+0200,9de41e72-ad84-4160-af68-c339f970a640,2026-07-17T16:15:00Z,2026-07-17T18:15:00+0200,1058.812,MW,NL,NL,actual_offshore_wind_generation,Wind Offshore | Actual Aggregated,2026-08-07T04:53:21Z
2026-08-07T04:50:48Z,2026-08-07T06:50:48+0200,9de41e72-ad84-4160-af68-c339f970a640,2026-07-17T16:15:00Z,2026-07-17T18:15:00+0200,2.579,MW,NL,NL,actual_offshore_wind_generation,Wind Offshore | Actual Consumption,2026-08-07T04:53:21Z
2026-08-07T04:50:48Z,2026-08-07T06:50:48+0200,9de41e72-ad84-4160-af68-c339f970a640,2026-07-17T16:30:00Z,2026-07-17T18:30:00+0200,1036.98,MW,NL,NL,actual_offshore_wind_generation,Wind Offshore | Actual Aggregated,2026-08-07T04:53:21Z
2026-08-07T04:50:48Z,2026-08-07T06:50:48+0200,9de41e72-ad84-4160-af68-c339f970a640,2026-07-17T16:30:00Z,2026-07-17T18:30:00+0200,2.523,MW,NL,NL,actual_offshore_wind_generation,Wind Offshore | Actual Consumption,2026-08-07T04:53:21Z
2026-08-07T04:50:48Z,2026-08-07T06:50:48+0200,9de41e72-ad84-4160-af68-c339f970a640,2026-07-17T16:45:00Z,2026-07-17T18:45:00+0200,990.086,MW,NL,NL,actual_offshore_wind_generation,Wind Offshore | Actual Aggregated,2026-08-07T04:53:21Z
2026-08-07T04:50:48Z,2026-08-07T06:50:48+0200,9de41e72-ad84-4160-af68-c339f970a640,2026-07-17T16:45:00Z,2026-07-17T18:45:00+0200,3.426,MW,NL,NL,actual_offshore_wind_generation,Wind Offshore | Actual Consumption,2026-08-07T04:53:21Z
2026-08-07T04:50:48Z,2026-08-07T06:50:48+0200,9de41e72-ad84-4160-af68-c339f970a640,2026-07-17T17:00:00Z,2026-07-17T19:00:00+0200,1009.774,MW,NL,NL,actual_offshore_wind_generation,Wind Offshore | Actual Aggregated,2026-08-07T04:53:21Z
2026-08-07T04:50:48Z,2026-08-07T06:50:48+0200,9de41e72-ad84-4160-af68-c339f970a640,2026-07-17T17:00:00Z,2026-07-17T19:00:00+0200,2.893,MW,NL,NL,actual_offshore_wind_generation,Wind Offshore | Actual Consumption,2026-08-07T04:53:21Z
2026-08-07T04:50:48Z,2026-08-07T06:50:48+0200,9de41e72-ad84-4160-af68-c339f970a640,2026-07-17T17:15:00Z,2026-07-17T19:15:00+0200,1030.958,MW,NL,NL,actual_offshore_wind_generation,Wind Offshore | Actual Aggregated,2026-08-07T04:53:21Z
2026-08-07T04:50:48Z,2026-08-07T06:50:48+0200,9de41e72-ad84-4160-af68-c339f970a640,2026-07-17T17:15:00Z,2026-07-17T19:15:00+0200,2.773,MW,NL,NL,actual_offshore_wind_generation,Wind Offshore | Actual Consumption,2026-08-07T04:53:21Z
2026-08-07T04:50:48Z,2026-08-07T06:50:48+0200,9de41e72-ad84-4160-af68-c339f970a640,2026-07-17T17:30:00Z,2026-07-17T19:30:00+0200,1023.568,MW,NL,NL,actual_offshore_wind_generation,Wind Offshore | Actual Aggregated,2026-08-07T04:53:21Z
2026-08-07T04:50:48Z,2026-08-07T06:50:48+0200,9de41e72-ad84-4160-af68-c339f970a640,2026-07-17T17:30:00Z,2026-07-17T19:30:00+0200,2.263,MW,NL,NL,actual_offshore_wind_generation,Wind Offshore | Actual Consumption,2026-08-07T04:53:21Z
2026-08-07T04:50:48Z,2026-08-07T06:50:48+0200,9de41e72-ad84-4160-af68-c339f970a640,2026-07-17T17:45:00Z,2026-07-17T19:45:00+0200,1041.615,MW,NL,NL,actual_offshore_wind_generation,Wind Offshore | Actual Aggregated,2026-08-07T04:53:21Z
2026-08-07T04:50:48Z,2026-08-07T06:50:48+0200,9de41e72-ad84-4160-af68-c339f970a640,2026-07-17T17:45:00Z,2026-07-17T19:45:00+0200,2.567,MW,NL,NL,actual_offshore_wind_generation,Wind Offshore | Actual Consumption,2026-08-07T04:53:21Z
2026-08-07T04:50:48Z,2026-08-07T06:50:48+0200,9de41e72-ad84-4160-af68-c339f970a640,2026-07-17T18:00:00Z,2026-07-17T20:00:00+0200,1106.518,MW,NL,NL,actual_offshore_wind_generation,Wind Offshore | Actual Aggregated,2026-08-07T04:53:21Z
2026-08-07T04:50:48Z,2026-08-07T06:50:48+0200,9de41e72-ad84-4160-af68-c339f970a640,2026-07-17T18:00:00Z,2026-07-17T20:00:00+0200,2.963,MW,NL,NL,actual_offshore_wind_generation,Wind Offshore | Actual Consumption,2026-08-07T04:53:21Z
2026-08-07T04:50:48Z,2026-08-07T06:50:48+0200,9de41e72-ad84-4160-af68-c339f970a640,2026-07-17T18:15:00Z,2026-07-17T20:15:00+0200,1084.425,MW,NL,NL,actual_offshore_wind_generation,Wind Offshore | Actual Aggregated,2026-08-07T04:53:21Z
2026-08-07T04:50:48Z,2026-08-07T06:50:48+0200,9de41e72-ad84-4160-af68-c339f970a640,2026-07-17T18:15:00Z,2026-07-17T20:15:00+0200,2.381,MW,NL,NL,actual_offshore_wind_generation,Wind Offshore | Actual Consumption,2026-08-07T04:53:21Z
2026-08-07T04:50:48Z,2026-08-07T06:50:48+0200,9de41e72-ad84-4160-af68-c339f970a640,2026-07-17T18:30:00Z,2026-07-17T20:30:00+0200,945.893,MW,NL,NL,actual_offshore_wind_generation,Wind Offshore | Actual Aggregated,2026-08-07T04:53:21Z
2026-08-07T04:50:48Z,2026-08-07T06:50:48+0200,9de41e72-ad84-4160-af68-c339f970a640,2026-07-17T18:30:00Z,2026-07-17T20:30:00+0200,2.177,MW,NL,NL,actual_offshore_wind_generation,Wind Offshore | Actual Consumption,2026-08-07T04:53:21Z
2026-08-07T04:50:48Z,2026-08-07T06:50:48+0200,9de41e72-ad84-4160-af68-c339f970a640,2026-07-17T18:45:00Z,2026-07-17T20:45:00+0200,804.562,MW,NL,NL,actual_offshore_wind_generation,Wind Offshore | Actual Aggregated,2026-08-07T04:53:21Z
2026-08-07T04:50:48Z,2026-08-07T06:50:48+0200,9de41e72-ad84-4160-af68-c339f970a640,2026-07-17T18:45:00Z,2026-07-17T20:45:00+0200,2.398,MW,NL,NL,actual_offshore_wind_generation,Wind Offshore | Actual Consumption,2026-08-07T04:53:21Z
2026-08-07T04:50:48Z,2026-08-07T06:50:48+0200,9de41e72-ad84-4160-af68-c339f970a640,2026-07-17T19:00:00Z,2026-07-17T21:00:00+0200,734.028,MW,NL,NL,actual_offshore_wind_generation,Wind Offshore | Actual Aggregated,2026-08-07T04:53:21Z
2026-08-07T04:50:48Z,2026-08-07T06:50:48+0200,9de41e72-ad84-4160-af68-c339f970a640,2026-07-17T19:00:00Z,2026-07-17T21:00:00+0200,1.998,MW,NL,NL,actual_offshore_wind_generation,Wind Offshore | Actual Consumption,2026-08-07T04:53:21Z
2026-08-07T04:50:48Z,2026-08-07T06:50:48+0200,9de41e72-ad84-4160-af68-c339f970a640,2026-07-17T19:15:00Z,2026-07-17T21:15:00+0200,695.041,MW,NL,NL,actual_offshore_wind_generation,Wind Offshore | Actual Aggregated,2026-08-07T04:53:21Z
2026-08-07T04:50:48Z,2026-08-07T06:50:48+0200,9de41e72-ad84-4160-af68-c339f970a640,2026-07-17T19:15:00Z,2026-07-17T21:15:00+0200,1.474,MW,NL,NL,actual_offshore_wind_generation,Wind Offshore | Actual Consumption,2026-08-07T04:53:21Z
2026-08-07T04:50:48Z,2026-08-07T06:50:48+0200,9de41e72-ad84-4160-af68-c339f970a640,2026-07-17T19:30:00Z,2026-07-17T21:30:00+0200,640.264,MW,NL,NL,actual_offshore_wind_generation,Wind Offshore | Actual Aggregated,2026-08-07T04:53:21Z
2026-08-07T04:50:48Z,2026-08-07T06:50:48+0200,9de41e72-ad84-4160-af68-c339f970a640,2026-07-17T19:30:00Z,2026-07-17T21:30:00+0200,1.804,MW,NL,NL,actual_offshore_wind_generation,Wind Offshore | Actual Consumption,2026-08-07T04:53:21Z
2026-08-07T04:50:48Z,2026-08-07T06:50:48+0200,9de41e72-ad84-4160-af68-c339f970a640,2026-07-17T19:45:00Z,2026-07-17T21:45:00+0200,568.243,MW,NL,NL,actual_offshore_wind_generation,Wind Offshore | Actual Aggregated,2026-08-07T04:53:21Z
2026-08-07T04:50:48Z,2026-08-07T06:50:48+0200,9de41e72-ad84-4160-af68-c339f970a640,2026-07-17T19:45:00Z,2026-07-17T21:45:00+0200,1.087,MW,NL,NL,actual_offshore_wind_generation,Wind Offshore | Actual Consumption,2026-08-07T04:53:21Z
2026-08-07T04:50:48Z,2026-08-07T06:50:48+0200,9de41e72-ad84-4160-af68-c339f970a640,2026-07-17T20:00:00Z,2026-07-17T22:00:00+0200,509.797,MW,NL,NL,actual_offshore_wind_generation,Wind Offshore | Actual Aggregated,2026-08-07T04:53:21Z
2026-08-07T04:50:48Z,2026-08-07T06:50:48+0200,9de41e72-ad84-4160-af68-c339f970a640,2026-07-17T20:00:00Z,2026-07-17T22:00:00+0200,1.22,MW,NL,NL,actual_offshore_wind_generation,Wind Offshore | Actual Consumption,2026-08-07T04:53:21Z
2026-08-07T04:50:48Z,2026-08-07T06:50:48+0200,9de41e72-ad84-4160-af68-c339f970a640,2026-07-17T20:15:00Z,2026-07-17T22:15:00+0200,459.937,MW,NL,NL,actual_offshore_wind_generation,Wind Offshore | Actual Aggregated,2026-08-07T04:53:21Z
2026-08-07T04:50:48Z,2026-08-07T06:50:48+0200,9de41e72-ad84-4160-af68-c339f970a640,2026-07-17T20:15:00Z,2026-07-17T22:15:00+0200,0.41,MW,NL,NL,actual_offshore_wind_generation,Wind Offshore | Actual Consumption,2026-08-07T04:53:21Z
2026-08-07T04:50:48Z,2026-08-07T06:50:48+0200,9de41e72-ad84-4160-af68-c339f970a640,2026-07-17T20:30:00Z,2026-07-17T22:30:00+0200,428.657,MW,NL,NL,actual_offshore_wind_generation,Wind Offshore | Actual Aggregated,2026-08-07T04:53:21Z
2026-08-07T04:50:48Z,2026-08-07T06:50:48+0200,9de41e72-ad84-4160-af68-c339f970a640,2026-07-17T20:30:00Z,2026-07-17T22:30:00+0200,2.894,MW,NL,NL,actual_offshore_wind_generation,Wind Offshore | Actual Consumption,2026-08-07T04:53:21Z
2026-08-07T04:50:48Z,2026-08-07T06:50:48+0200,9de41e72-ad84-4160-af68-c339f970a640,2026-07-17T20:45:00Z,2026-07-17T22:45:00+0200,402.005,MW,NL,NL,actual_offshore_wind_generation,Wind Offshore | Actual Aggregated,2026-08-07T04:53:21Z
2026-08-07T04:50:48Z,2026-08-07T06:50:48+0200,9de41e72-ad84-4160-af68-c339f970a640,2026-07-17T20:45:00Z,2026-07-17T22:45:00+0200,5.603,MW,NL,NL,actual_offshore_wind_generation,Wind Offshore | Actual Consumption,2026-08-07T04:53:21Z
2026-08-07T04:50:48Z,2026-08-07T06:50:48+0200,9de41e72-ad84-4160-af68-c339f970a640,2026-07-17T21:00:00Z,2026-07-17T23:00:00+0200,437.891,MW,NL,NL,actual_offshore_wind_generation,Wind Offshore | Actual Aggregated,2026-08-07T04:53:21Z
2026-08-07T04:50:48Z,2026-08-07T06:50:48+0200,9de41e72-ad84-4160-af68-c339f970a640,2026-07-17T21:00:00Z,2026-07-17T23:00:00+0200,7.39,MW,NL,NL,actual_offshore_wind_generation,Wind Offshore | Actual Consumption,2026-08-07T04:53:21Z
2026-08-07T04:50:48Z,2026-08-07T06:50:48+0200,9de41e72-ad84-4160-af68-c339f970a640,2026-07-17T21:15:00Z,2026-07-17T23:15:00+0200,501.899,MW,NL,NL,actual_offshore_wind_generation,Wind Offshore | Actual Aggregated,2026-08-07T04:53:21Z
2026-08-07T04:50:48Z,2026-08-07T06:50:48+0200,9de41e72-ad84-4160-af68-c339f970a640,2026-07-17T21:15:00Z,2026-07-17T23:15:00+0200,5.795,MW,NL,NL,actual_offshore_wind_generation,Wind Offshore | Actual Consumption,2026-08-07T04:53:21Z
2026-08-07T04:50:48Z,2026-08-07T06:50:48+0200,9de41e72-ad84-4160-af68-c339f970a640,2026-07-17T21:30:00Z,2026-07-17T23:30:00+0200,520.663,MW,NL,NL,actual_offshore_wind_generation,Wind Offshore | Actual Aggregated,2026-08-07T04:53:21Z
2026-08-07T04:50:48Z,2026-08-07T06:50:48+0200,9de41e72-ad84-4160-af68-c339f970a640,2026-07-17T21:30:00Z,2026-07-17T23:30:00+0200,4.944,MW,NL,NL,actual_offshore_wind_generation,Wind Offshore | Actual Consumption,2026-08-07T04:53:21Z
2026-08-07T04:50:48Z,2026-08-07T06:50:48+0200,9de41e72-ad84-4160-af68-c339f970a640,2026-07-17T21:45:00Z,2026-07-17T23:45:00+0200,560.091,MW,NL,NL,actual_offshore_wind_generation,Wind Offshore | Actual Aggregated,2026-08-07T04:53:21Z
2026-08-07T04:50:48Z,2026-08-07T06:50:48+0200,9de41e72-ad84-4160-af68-c339f970a640,2026-07-17T21:45:00Z,2026-07-17T23:45:00+0200,3.179,MW,NL,NL,actual_offshore_wind_generation,Wind Offshore | Actual Consumption,2026-08-07T04:53:21Z
2026-08-07T04:50:48Z,2026-08-07T06:50:48+0200,9de41e72-ad84-4160-af68-c339f970a640,2026-07-17T22:00:00Z,2026-07-18T00:00:00+0200,652.405,MW,NL,NL,actual_offshore_wind_generation,Wind Offshore | Actual Aggregated,2026-08-07T04:53:21Z
2026-08-07T04:50:48Z,2026-08-07T06:50:48+0200,9de41e72-ad84-4160-af68-c339f970a640,2026-07-17T22:00:00Z,2026-07-18T00:00:00+0200,1.206,MW,NL,NL,actual_offshore_wind_generation,Wind Offshore | Actual Consumption,2026-08-07T04:53:21Z
2026-08-07T04:50:48Z,2026-08-07T06:50:48+0200,9de41e72-ad84-4160-af68-c339f970a640,2026-07-17T22:15:00Z,2026-07-18T00:15:00+0200,731.671,MW,NL,NL,actual_offshore_wind_generation,Wind Offshore | Actual Aggregated,2026-08-07T04:53:21Z
2026-08-07T04:50:48Z,2026-08-07T06:50:48+0200,9de41e72-ad84-4160-af68-c339f970a640,2026-07-17T22:15:00Z,2026-07-18T00:15:00+0200,0.824,MW,NL,NL,actual_offshore_wind_generation,Wind Offshore | Actual Consumption,2026-08-07T04:53:21Z
2026-08-07T04:50:48Z,2026-08-07T06:50:48+0200,9de41e72-ad84-4160-af68-c339f970a640,2026-07-17T22:30:00Z,2026-07-18T00:30:00+0200,795.078,MW,NL,NL,actual_offshore_wind_generation,Wind Offshore | Actual Aggregated,2026-08-07T04:53:21Z
2026-08-07T04:50:48Z,2026-08-07T06:50:48+0200,9de41e72-ad84-4160-af68-c339f970a640,2026-07-17T22:30:00Z,2026-07-18T00:30:00+0200,0.955,MW,NL,NL,actual_offshore_wind_generation,Wind Offshore | Actual Consumption,2026-08-07T04:53:21Z
2026-08-07T04:50:48Z,2026-08-07T06:50:48+0200,9de41e72-ad84-4160-af68-c339f970a640,2026-07-17T22:45:00Z,2026-07-18T00:45:00+0200,800.348,MW,NL,NL,actual_offshore_wind_generation,Wind Offshore | Actual Aggregated,2026-08-07T04:53:21Z
2026-08-07T04:50:48Z,2026-08-07T06:50:48+0200,9de41e72-ad84-4160-af68-c339f970a640,2026-07-17T22:45:00Z,2026-07-18T00:45:00+0200,0.803,MW,NL,NL,actual_offshore_wind_generation,Wind Offshore | Actual Consumption,2026-08-07T04:53:21Z
2026-08-07T04:50:48Z,2026-08-07T06:50:48+0200,9de41e72-ad84-4160-af68-c339f970a640,2026-07-17T23:00:00Z,2026-07-18T01:00:00+0200,847.7,MW,NL,NL,actual_offshore_wind_generation,Wind Offshore | Actual Aggregated,2026-08-07T04:53:21Z
2026-08-07T04:50:48Z,2026-08-07T06:50:48+0200,9de41e72-ad84-4160-af68-c339f970a640,2026-07-17T23:00:00Z,2026-07-18T01:00:00+0200,0.834,MW,NL,NL,actual_offshore_wind_generation,Wind Offshore | Actual Consumption,2026-08-07T04:53:21Z
2026-08-07T04:50:48Z,2026-08-07T06:50:48+0200,9de41e72-ad84-4160-af68-c339f970a640,2026-07-17T23:15:00Z,2026-07-18T01:15:00+0200,900.366,MW,NL,NL,actual_offshore_wind_generation,Wind Offshore | Actual Aggregated,2026-08-07T04:53:21Z
2026-08-07T04:50:48Z,2026-08-07T06:50:48+0200,9de41e72-ad84-4160-af68-c339f970a640,2026-07-17T23:15:00Z,2026-07-18T01:15:00+0200,1.257,MW,NL,NL,actual_offshore_wind_generation,Wind Offshore | Actual Consumption,2026-08-07T04:53:21Z
2026-08-07T04:50:48Z,2026-08-07T06:50:48+0200,9de41e72-ad84-4160-af68-c339f970a640,2026-07-17T23:30:00Z,2026-07-18T01:30:00+0200,970.808,MW,NL,NL,actual_offshore_wind_generation,Wind Offshore | Actual Aggregated,2026-08-07T04:53:21Z
2026-08-07T04:50:48Z,2026-08-07T06:50:48+0200,9de41e72-ad84-4160-af68-c339f970a640,2026-07-17T23:30:00Z,2026-07-18T01:30:00+0200,1.609,MW,NL,NL,actual_offshore_wind_generation,Wind Offshore | Actual Consumption,2026-08-07T04:53:21Z
2026-08-07T04:50:48Z,2026-08-07T06:50:48+0200,9de41e72-ad84-4160-af68-c339f970a640,2026-07-17T23:45:00Z,2026-07-18T01:45:00+0200,1041.207,MW,NL,NL,actual_offshore_wind_generation,Wind Offshore | Actual Aggregated,2026-08-07T04:53:21Z
2026-08-07T04:50:48Z,2026-08-07T06:50:48+0200,9de41e72-ad84-4160-af68-c339f970a640,2026-07-17T23:45:00Z,2026-07-18T01:45:00+0200,1.671,MW,NL,NL,actual_offshore_wind_generation,Wind Offshore | Actual Consumption,2026-08-07T04:53:21Z
2026-08-07T04:50:48Z,2026-08-07T06:50:48+0200,9de41e72-ad84-4160-af68-c339f970a640,2026-07-18T00:00:00Z,2026-07-18T02:00:00+0200,1071.069,MW,NL,NL,actual_offshore_wind_generation,Wind Offshore | Actual Aggregated,2026-08-07T04:53:21Z
2026-08-07T04:50:48Z,2026-08-07T06:50:48+0200,9de41e72-ad84-4160-af68-c339f970a640,2026-07-18T00:00:00Z,2026-07-18T02:00:00+0200,1.376,MW,NL,NL,actual_offshore_wind_generation,Wind Offshore | Actual Consumption,2026-08-07T04:53:21Z
2026-08-07T04:50:48Z,2026-08-07T06:50:48+0200,9de41e72-ad84-4160-af68-c339f970a640,2026-07-18T00:15:00Z,2026-07-18T02:15:00+0200,1059.807,MW,NL,NL,actual_offshore_wind_generation,Wind Offshore | Actual Aggregated,2026-08-07T04:53:21Z
2026-08-07T04:50:48Z,2026-08-07T06:50:48+0200,9de41e72-ad84-4160-af68-c339f970a640,2026-07-18T00:15:00Z,2026-07-18T02:15:00+0200,1.876,MW,NL,NL,actual_offshore_wind_generation,Wind Offshore | Actual Consumption,2026-08-07T04:53:21Z
2026-08-07T04:50:48Z,2026-08-07T06:50:48+0200,9de41e72-ad84-4160-af68-c339f970a640,2026-07-18T00:30:00Z,2026-07-18T02:30:00+0200,1085.572,MW,NL,NL,actual_offshore_wind_generation,Wind Offshore | Actual Aggregated,2026-08-07T04:53:21Z
2026-08-07T04:50:48Z,2026-08-07T06:50:48+0200,9de41e72-ad84-4160-af68-c339f970a640,2026-07-18T00:30:00Z,2026-07-18T02:30:00+0200,2.691,MW,NL,NL,actual_offshore_wind_generation,Wind Offshore | Actual Consumption,2026-08-07T04:53:21Z
2026-08-07T04:50:48Z,2026-08-07T06:50:48+0200,9de41e72-ad84-4160-af68-c339f970a640,2026-07-18T00:45:00Z,2026-07-18T02:45:00+0200,1073.008,MW,NL,NL,actual_offshore_wind_generation,Wind Offshore | Actual Aggregated,2026-08-07T04:53:21Z
2026-08-07T04:50:48Z,2026-08-07T06:50:48+0200,9de41e72-ad84-4160-af68-c339f970a640,2026-07-18T00:45:00Z,2026-07-18T02:45:00+0200,2.505,MW,NL,NL,actual_offshore_wind_generation,Wind Offshore | Actual Consumption,2026-08-07T04:53:21Z
2026-08-07T04:50:48Z,2026-08-07T06:50:48+0200,9de41e72-ad84-4160-af68-c339f970a640,2026-07-18T01:00:00Z,2026-07-18T03:00:00+0200,1087.435,MW,NL,NL,actual_offshore_wind_generation,Wind Offshore | Actual Aggregated,2026-08-07T04:53:21Z
2026-08-07T04:50:48Z,2026-08-07T06:50:48+0200,9de41e72-ad84-4160-af68-c339f970a640,2026-07-18T01:00:00Z,2026-07-18T03:00:00+0200,3.054,MW,NL,NL,actual_offshore_wind_generation,Wind Offshore | Actual Consumption,2026-08-07T04:53:21Z
2026-08-07T04:50:48Z,2026-08-07T06:50:48+0200,9de41e72-ad84-4160-af68-c339f970a640,2026-07-18T01:15:00Z,2026-07-18T03:15:00+0200,1134.244,MW,NL,NL,actual_offshore_wind_generation,Wind Offshore | Actual Aggregated,2026-08-07T04:53:21Z
2026-08-07T04:50:48Z,2026-08-07T06:50:48+0200,9de41e72-ad84-4160-af68-c339f970a640,2026-07-18T01:15:00Z,2026-07-18T03:15:00+0200,2.932,MW,NL,NL,actual_offshore_wind_generation,Wind Offshore | Actual Consumption,2026-08-07T04:53:21Z
2026-08-07T04:50:48Z,2026-08-07T06:50:48+0200,9de41e72-ad84-4160-af68-c339f970a640,2026-07-18T01:30:00Z,2026-07-18T03:30:00+0200,1192.601,MW,NL,NL,actual_offshore_wind_generation,Wind Offshore | Actual Aggregated,2026-08-07T04:53:21Z
2026-08-07T04:50:48Z,2026-08-07T06:50:48+0200,9de41e72-ad84-4160-af68-c339f970a640,2026-07-18T01:30:00Z,2026-07-18T03:30:00+0200,2.8,MW,NL,NL,actual_offshore_wind_generation,Wind Offshore | Actual Consumption,2026-08-07T04:53:21Z
2026-08-07T04:50:48Z,2026-08-07T06:50:48+0200,9de41e72-ad84-4160-af68-c339f970a640,2026-07-18T01:45:00Z,2026-07-18T03:45:00+0200,1169.837,MW,NL,NL,actual_offshore_wind_generation,Wind Offshore | Actual Aggregated,2026-08-07T04:53:21Z
2026-08-07T04:50:48Z,2026-08-07T06:50:48+0200,9de41e72-ad84-4160-af68-c339f970a640,2026-07-18T01:45:00Z,2026-07-18T03:45:00+0200,4.19,MW,NL,NL,actual_offshore_wind_generation,Wind Offshore | Actual Consumption,2026-08-07T04:53:21Z
2026-08-07T04:50:48Z,2026-08-07T06:50:48+0200,9de41e72-ad84-4160-af68-c339f970a640,2026-07-18T02:00:00Z,2026-07-18T04:00:00+0200,1120.403,MW,NL,NL,actual_offshore_wind_generation,Wind Offshore | Actual Aggregated,2026-08-07T04:53:21Z
2026-08-07T04:50:48Z,2026-08-07T06:50:48+0200,9de41e72-ad84-4160-af68-c339f970a640,2026-07-18T02:00:00Z,2026-07-18T04:00:00+0200,2.221,MW,NL,NL,actual_offshore_wind_generation,Wind Offshore | Actual Consumption,2026-08-07T04:53:21Z
2026-08-07T04:50:48Z,2026-08-07T06:50:48+0200,9de41e72-ad84-4160-af68-c339f970a640,2026-07-18T02:15:00Z,2026-07-18T04:15:00+0200,1091.297,MW,NL,NL,actual_offshore_wind_generation,Wind Offshore | Actual Aggregated,2026-08-07T04:53:21Z
2026-08-07T04:50:48Z,2026-08-07T06:50:48+0200,9de41e72-ad84-4160-af68-c339f970a640,2026-07-18T02:15:00Z,2026-07-18T04:15:00+0200,2.555,MW,NL,NL,actual_offshore_wind_generation,Wind Offshore | Actual Consumption,2026-08-07T04:53:21Z
2026-08-07T04:50:48Z,2026-08-07T06:50:48+0200,9de41e72-ad84-4160-af68-c339f970a640,2026-07-18T02:30:00Z,2026-07-18T04:30:00+0200,1141.711,MW,NL,NL,actual_offshore_wind_generation,Wind Offshore | Actual Aggregated,2026-08-07T04:53:21Z
2026-08-07T04:50:48Z,2026-08-07T06:50:48+0200,9de41e72-ad84-4160-af68-c339f970a640,2026-07-18T02:30:00Z,2026-07-18T04:30:00+0200,3.281,MW,NL,NL,actual_offshore_wind_generation,Wind Offshore | Actual Consumption,2026-08-07T04:53:21Z
2026-08-07T04:50:48Z,2026-08-07T06:50:48+0200,9de41e72-ad84-4160-af68-c339f970a640,2026-07-18T02:45:00Z,2026-07-18T04:45:00+0200,1159.993,MW,NL,NL,actual_offshore_wind_generation,Wind Offshore | Actual Aggregated,2026-08-07T04:53:21Z
2026-08-07T04:50:48Z,2026-08-07T06:50:48+0200,9de41e72-ad84-4160-af68-c339f970a640,2026-07-18T02:45:00Z,2026-07-18T04:45:00+0200,2.796,MW,NL,NL,actual_offshore_wind_generation,Wind Offshore | Actual Consumption,2026-08-07T04:53:21Z
2026-08-07T04:50:48Z,2026-08-07T06:50:48+0200,9de41e72-ad84-4160-af68-c339f970a640,2026-07-18T03:00:00Z,2026-07-18T05:00:00+0200,1109.629,MW,NL,NL,actual_offshore_wind_generation,Wind Offshore | Actual Aggregated,2026-08-07T04:53:21Z
2026-08-07T04:50:48Z,2026-08-07T06:50:48+0200,9de41e72-ad84-4160-af68-c339f970a640,2026-07-18T03:00:00Z,2026-07-18T05:00:00+0200,1.332,MW,NL,NL,actual_offshore_wind_generation,Wind Offshore | Actual Consumption,2026-08-07T04:53:21Z
2026-08-07T04:50:48Z,2026-08-07T06:50:48+0200,9de41e72-ad84-4160-af68-c339f970a640,2026-07-18T03:15:00Z,2026-07-18T05:15:00+0200,1244.637,MW,NL,NL,actual_offshore_wind_generation,Wind Offshore | Actual Aggregated,2026-08-07T04:53:21Z
2026-08-07T04:50:48Z,2026-08-07T06:50:48+0200,9de41e72-ad84-4160-af68-c339f970a640,2026-07-18T03:15:00Z,2026-07-18T05:15:00+0200,2.776,MW,NL,NL,actual_offshore_wind_generation,Wind Offshore | Actual Consumption,2026-08-07T04:53:21Z
2026-08-07T04:50:48Z,2026-08-07T06:50:48+0200,9de41e72-ad84-4160-af68-c339f970a640,2026-07-18T03:30:00Z,2026-07-18T05:30:00+0200,1342.331,MW,NL,NL,actual_offshore_wind_generation,Wind Offshore | Actual Aggregated,2026-08-07T04:53:21Z
2026-08-07T04:50:48Z,2026-08-07T06:50:48+0200,9de41e72-ad84-4160-af68-c339f970a640,2026-07-18T03:30:00Z,2026-07-18T05:30:00+0200,1.651,MW,NL,NL,actual_offshore_wind_generation,Wind Offshore | Actual Consumption,2026-08-07T04:53:21Z
2026-08-07T04:50:48Z,2026-08-07T06:50:48+0200,9de41e72-ad84-4160-af68-c339f970a640,2026-07-18T03:45:00Z,2026-07-18T05:45:00+0200,1272.44,MW,NL,NL,actual_offshore_wind_generation,Wind Offshore | Actual Aggregated,2026-08-07T04:53:21Z
2026-08-07T04:50:48Z,2026-08-07T06:50:48+0200,9de41e72-ad84-4160-af68-c339f970a640,2026-07-18T03:45:00Z,2026-07-18T05:45:00+0200,2.207,MW,NL,NL,actual_offshore_wind_generation,Wind Offshore | Actual Consumption,2026-08-07T04:53:21Z
2026-08-07T04:50:48Z,2026-08-07T06:50:48+0200,9de41e72-ad84-4160-af68-c339f970a640,2026-07-18T04:00:00Z,2026-07-18T06:00:00+0200,1257.083,MW,NL,NL,actual_offshore_wind_generation,Wind Offshore | Actual Aggregated,2026-08-07T04:53:21Z
2026-08-07T04:50:48Z,2026-08-07T06:50:48+0200,9de41e72-ad84-4160-af68-c339f970a640,2026-07-18T04:00:00Z,2026-07-18T06:00:00+0200,2.643,MW,NL,NL,actual_offshore_wind_generation,Wind Offshore | Actual Consumption,2026-08-07T04:53:21Z
2026-08-07T04:50:48Z,2026-08-07T06:50:48+0200,9de41e72-ad84-4160-af68-c339f970a640,2026-07-18T04:15:00Z,2026-07-18T06:15:00+0200,1388.608,MW,NL,NL,actual_offshore_wind_generation,Wind Offshore | Actual Aggregated,2026-08-07T04:53:21Z
2026-08-07T04:50:48Z,2026-08-07T06:50:48+0200,9de41e72-ad84-4160-af68-c339f970a640,2026-07-18T04:15:00Z,2026-07-18T06:15:00+0200,4.182,MW,NL,NL,actual_offshore_wind_generation,Wind Offshore | Actual Consumption,2026-08-07T04:53:21Z
2026-08-07T04:50:48Z,2026-08-07T06:50:48+0200,9de41e72-ad84-4160-af68-c339f970a640,2026-07-18T04:30:00Z,2026-07-18T06:30:00+0200,1424.531,MW,NL,NL,actual_offshore_wind_generation,Wind Offshore | Actual Aggregated,2026-08-07T04:53:21Z
2026-08-07T04:50:48Z,2026-08-07T06:50:48+0200,9de41e72-ad84-4160-af68-c339f970a640,2026-07-18T04:30:00Z,2026-07-18T06:30:00+0200,5.49,MW,NL,NL,actual_offshore_wind_generation,Wind Offshore | Actual Consumption,2026-08-07T04:53:21Z
2026-08-07T04:50:48Z,2026-08-07T06:50:48+0200,9de41e72-ad84-4160-af68-c339f970a640,2026-07-18T04:45:00Z,2026-07-18T06:45:00+0200,1442.276,MW,NL,NL,actual_offshore_wind_generation,Wind Offshore | Actual Aggregated,2026-08-07T04:53:21Z
2026-08-07T04:50:48Z,2026-08-07T06:50:48+0200,9de41e72-ad84-4160-af68-c339f970a640,2026-07-18T04:45:00Z,2026-07-18T06:45:00+0200,5.724,MW,NL,NL,actual_offshore_wind_generation,Wind Offshore | Actual Consumption,2026-08-07T04:53:21Z
2026-08-07T04:50:48Z,2026-08-07T06:50:48+0200,9de41e72-ad84-4160-af68-c339f970a640,2026-07-18T05:00:00Z,2026-07-18T07:00:00+0200,1473.964,MW,NL,NL,actual_offshore_wind_generation,Wind Offshore | Actual Aggregated,2026-08-07T04:53:21Z
2026-08-07T04:50:48Z,2026-08-07T06:50:48+0200,9de41e72-ad84-4160-af68-c339f970a640,2026-07-18T05:00:00Z,2026-07-18T07:00:00+0200,5.578,MW,NL,NL,actual_offshore_wind_generation,Wind Offshore | Actual Consumption,2026-08-07T04:53:21Z
2026-08-07T04:50:48Z,2026-08-07T06:50:48+0200,9de41e72-ad84-4160-af68-c339f970a640,2026-07-18T05:15:00Z,2026-07-18T07:15:00+0200,1501.482,MW,NL,NL,actual_offshore_wind_generation,Wind Offshore | Actual Aggregated,2026-08-07T04:53:21Z
2026-08-07T04:50:48Z,2026-08-07T06:50:48+0200,9de41e72-ad84-4160-af68-c339f970a640,2026-07-18T05:15:00Z,2026-07-18T07:15:00+0200,6.036,MW,NL,NL,actual_offshore_wind_generation,Wind Offshore | Actual Consumption,2026-08-07T04:53:21Z
2026-08-07T04:50:48Z,2026-08-07T06:50:48+0200,9de41e72-ad84-4160-af68-c339f970a640,2026-07-18T05:30:00Z,2026-07-18T07:30:00+0200,1456.426,MW,NL,NL,actual_offshore_wind_generation,Wind Offshore | Actual Aggregated,2026-08-07T04:53:21Z
2026-08-07T04:50:48Z,2026-08-07T06:50:48+0200,9de41e72-ad84-4160-af68-c339f970a640,2026-07-18T05:30:00Z,2026-07-18T07:30:00+0200,6.274,MW,NL,NL,actual_offshore_wind_generation,Wind Offshore | Actual Consumption,2026-08-07T04:53:21Z
2026-08-07T04:50:48Z,2026-08-07T06:50:48+0200,9de41e72-ad84-4160-af68-c339f970a640,2026-07-18T05:45:00Z,2026-07-18T07:45:00+0200,1379.775,MW,NL,NL,actual_offshore_wind_generation,Wind Offshore | Actual Aggregated,2026-08-07T04:53:21Z
2026-08-07T04:50:48Z,2026-08-07T06:50:48+0200,9de41e72-ad84-4160-af68-c339f970a640,2026-07-18T05:45:00Z,2026-07-18T07:45:00+0200,4.168,MW,NL,NL,actual_offshore_wind_generation,Wind Offshore | Actual Consumption,2026-08-07T04:53:21Z
2026-08-07T04:50:48Z,2026-08-07T06:50:48+0200,9de41e72-ad84-4160-af68-c339f970a640,2026-07-18T06:00:00Z,2026-07-18T08:00:00+0200,1263.495,MW,NL,NL,actual_offshore_wind_generation,Wind Offshore | Actual Aggregated,2026-08-07T04:53:21Z
2026-08-07T04:50:48Z,2026-08-07T06:50:48+0200,9de41e72-ad84-4160-af68-c339f970a640,2026-07-18T06:00:00Z,2026-07-18T08:00:00+0200,2.621,MW,NL,NL,actual_offshore_wind_generation,Wind Offshore | Actual Consumption,2026-08-07T04:53:21Z
2026-08-07T04:50:48Z,2026-08-07T06:50:48+0200,9de41e72-ad84-4160-af68-c339f970a640,2026-07-18T06:15:00Z,2026-07-18T08:15:00+0200,1268.123,MW,NL,NL,actual_offshore_wind_generation,Wind Offshore | Actual Aggregated,2026-08-07T04:53:21Z
2026-08-07T04:50:48Z,2026-08-07T06:50:48+0200,9de41e72-ad84-4160-af68-c339f970a640,2026-07-18T06:15:00Z,2026-07-18T08:15:00+0200,2.871,MW,NL,NL,actual_offshore_wind_generation,Wind Offshore | Actual Consumption,2026-08-07T04:53:21Z
2026-08-07T04:50:48Z,2026-08-07T06:50:48+0200,9de41e72-ad84-4160-af68-c339f970a640,2026-07-18T06:30:00Z,2026-07-18T08:30:00+0200,1380.759,MW,NL,NL,actual_offshore_wind_generation,Wind Offshore | Actual Aggregated,2026-08-07T04:53:21Z
2026-08-07T04:50:48Z,2026-08-07T06:50:48+0200,9de41e72-ad84-4160-af68-c339f970a640,2026-07-18T06:30:00Z,2026-07-18T08:30:00+0200,3.28,MW,NL,NL,actual_offshore_wind_generation,Wind Offshore | Actual Consumption,2026-08-07T04:53:21Z
2026-08-07T04:50:48Z,2026-08-07T06:50:48+0200,9de41e72-ad84-4160-af68-c339f970a640,2026-07-18T06:45:00Z,2026-07-18T08:45:00+0200,1500.809,MW,NL,NL,actual_offshore_wind_generation,Wind Offshore | Actual Aggregated,2026-08-07T04:53:21Z
2026-08-07T04:50:48Z,2026-08-07T06:50:48+0200,9de41e72-ad84-4160-af68-c339f970a640,2026-07-18T06:45:00Z,2026-07-18T08:45:00+0200,2.519,MW,NL,NL,actual_offshore_wind_generation,Wind Offshore | Actual Consumption,2026-08-07T04:53:21Z
2026-08-07T04:50:48Z,2026-08-07T06:50:48+0200,9de41e72-ad84-4160-af68-c339f970a640,2026-07-18T07:00:00Z,2026-07-18T09:00:00+0200,1489.124,MW,NL,NL,actual_offshore_wind_generation,Wind Offshore | Actual Aggregated,2026-08-07T04:53:21Z
2026-08-07T04:50:48Z,2026-08-07T06:50:48+0200,9de41e72-ad84-4160-af68-c339f970a640,2026-07-18T07:00:00Z,2026-07-18T09:00:00+0200,2.706,MW,NL,NL,actual_offshore_wind_generation,Wind Offshore | Actual Consumption,2026-08-07T04:53:21Z
2026-08-07T04:50:48Z,2026-08-07T06:50:48+0200,9de41e72-ad84-4160-af68-c339f970a640,2026-07-18T07:15:00Z,2026-07-18T09:15:00+0200,1475.478,MW,NL,NL,actual_offshore_wind_generation,Wind Offshore | Actual Aggregated,2026-08-07T04:53:21Z
2026-08-07T04:50:48Z,2026-08-07T06:50:48+0200,9de41e72-ad84-4160-af68-c339f970a640,2026-07-18T07:15:00Z,2026-07-18T09:15:00+0200,2.912,MW,NL,NL,actual_offshore_wind_generation,Wind Offshore | Actual Consumption,2026-08-07T04:53:21Z
2026-08-07T04:50:48Z,2026-08-07T06:50:48+0200,9de41e72-ad84-4160-af68-c339f970a640,2026-07-18T07:30:00Z,2026-07-18T09:30:00+0200,1524.107,MW,NL,NL,actual_offshore_wind_generation,Wind Offshore | Actual Aggregated,2026-08-07T04:53:21Z
2026-08-07T04:50:48Z,2026-08-07T06:50:48+0200,9de41e72-ad84-4160-af68-c339f970a640,2026-07-18T07:30:00Z,2026-07-18T09:30:00+0200,2.585,MW,NL,NL,actual_offshore_wind_generation,Wind Offshore | Actual Consumption,2026-08-07T04:53:21Z
2026-08-07T04:50:48Z,2026-08-07T06:50:48+0200,9de41e72-ad84-4160-af68-c339f970a640,2026-07-18T07:45:00Z,2026-07-18T09:45:00+0200,1571.653,MW,NL,NL,actual_offshore_wind_generation,Wind Offshore | Actual Aggregated,2026-08-07T04:53:21Z
2026-08-07T04:50:48Z,2026-08-07T06:50:48+0200,9de41e72-ad84-4160-af68-c339f970a640,2026-07-18T07:45:00Z,2026-07-18T09:45:00+0200,3.28,MW,NL,NL,actual_offshore_wind_generation,Wind Offshore | Actual Consumption,2026-08-07T04:53:21Z
2026-08-07T04:50:48Z,2026-08-07T06:50:48+0200,9de41e72-ad84-4160-af68-c339f970a640,2026-07-18T08:00:00Z,2026-07-18T10:00:00+0200,1485.397,MW,NL,NL,actual_offshore_wind_generation,Wind Offshore | Actual Aggregated,2026-08-07T04:53:21Z
2026-08-07T04:50:48Z,2026-08-07T06:50:48+0200,9de41e72-ad84-4160-af68-c339f970a640,2026-07-18T08:00:00Z,2026-07-18T10:00:00+0200,4.03,MW,NL,NL,actual_offshore_wind_generation,Wind Offshore | Actual Consumption,2026-08-07T04:53:21Z
2026-08-07T04:50:48Z,2026-08-07T06:50:48+0200,9de41e72-ad84-4160-af68-c339f970a640,2026-07-18T08:15:00Z,2026-07-18T10:15:00+0200,1442.01,MW,NL,NL,actual_offshore_wind_generation,Wind Offshore | Actual Aggregated,2026-08-07T04:53:21Z
2026-08-07T04:50:48Z,2026-08-07T06:50:48+0200,9de41e72-ad84-4160-af68-c339f970a640,2026-07-18T08:15:00Z,2026-07-18T10:15:00+0200,5.764,MW,NL,NL,actual_offshore_wind_generation,Wind Offshore | Actual Consumption,2026-08-07T04:53:21Z
2026-08-07T04:50:48Z,2026-08-07T06:50:48+0200,9de41e72-ad84-4160-af68-c339f970a640,2026-07-18T08:30:00Z,2026-07-18T10:30:00+0200,1445.836,MW,NL,NL,actual_offshore_wind_generation,Wind Offshore | Actual Aggregated,2026-08-07T04:53:21Z
2026-08-07T04:50:48Z,2026-08-07T06:50:48+0200,9de41e72-ad84-4160-af68-c339f970a640,2026-07-18T08:30:00Z,2026-07-18T10:30:00+0200,5.682,MW,NL,NL,actual_offshore_wind_generation,Wind Offshore | Actual Consumption,2026-08-07T04:53:21Z
2026-08-07T04:50:48Z,2026-08-07T06:50:48+0200,9de41e72-ad84-4160-af68-c339f970a640,2026-07-18T08:45:00Z,2026-07-18T10:45:00+0200,1451.706,MW,NL,NL,actual_offshore_wind_generation,Wind Offshore | Actual Aggregated,2026-08-07T04:53:21Z
2026-08-07T04:50:48Z,2026-08-07T06:50:48+0200,9de41e72-ad84-4160-af68-c339f970a640,2026-07-18T08:45:00Z,2026-07-18T10:45:00+0200,5.707,MW,NL,NL,actual_offshore_wind_generation,Wind Offshore | Actual Consumption,2026-08-07T04:53:21Z
2026-08-07T04:50:48Z,2026-08-07T06:50:48+0200,9de41e72-ad84-4160-af68-c339f970a640,2026-07-18T09:00:00Z,2026-07-18T11:00:00+0200,1325.909,MW,NL,NL,actual_offshore_wind_generation,Wind Offshore | Actual Aggregated,2026-08-07T04:53:21Z
2026-08-07T04:50:48Z,2026-08-07T06:50:48+0200,9de41e72-ad84-4160-af68-c339f970a640,2026-07-18T09:00:00Z,2026-07-18T11:00:00+0200,4.284,MW,NL,NL,actual_offshore_wind_generation,Wind Offshore | Actual Consumption,2026-08-07T04:53:21Z
2026-08-07T04:50:48Z,2026-08-07T06:50:48+0200,9de41e72-ad84-4160-af68-c339f970a640,2026-07-18T09:15:00Z,2026-07-18T11:15:00+0200,1250.44,MW,NL,NL,actual_offshore_wind_generation,Wind Offshore | Actual Aggregated,2026-08-07T04:53:21Z
2026-08-07T04:50:48Z,2026-08-07T06:50:48+0200,9de41e72-ad84-4160-af68-c339f970a640,2026-07-18T09:15:00Z,2026-07-18T11:15:00+0200,1.794,MW,NL,NL,actual_offshore_wind_generation,Wind Offshore | Actual Consumption,2026-08-07T04:53:21Z
2026-08-07T04:50:48Z,2026-08-07T06:50:48+0200,9de41e72-ad84-4160-af68-c339f970a640,2026-07-18T09:30:00Z,2026-07-18T11:30:00+0200,1184.017,MW,NL,NL,actual_offshore_wind_generation,Wind Offshore | Actual Aggregated,2026-08-07T04:53:21Z
2026-08-07T04:50:48Z,2026-08-07T06:50:48+0200,9de41e72-ad84-4160-af68-c339f970a640,2026-07-18T09:30:00Z,2026-07-18T11:30:00+0200,1.516,MW,NL,NL,actual_offshore_wind_generation,Wind Offshore | Actual Consumption,2026-08-07T04:53:21Z
2026-08-07T04:50:48Z,2026-08-07T06:50:48+0200,9de41e72-ad84-4160-af68-c339f970a640,2026-07-18T09:45:00Z,2026-07-18T11:45:00+0200,1178.135,MW,NL,NL,actual_offshore_wind_generation,Wind Offshore | Actual Aggregated,2026-08-07T04:53:21Z
2026-08-07T04:50:48Z,2026-08-07T06:50:48+0200,9de41e72-ad84-4160-af68-c339f970a640,2026-07-18T09:45:00Z,2026-07-18T11:45:00+0200,2.955,MW,NL,NL,actual_offshore_wind_generation,Wind Offshore | Actual Consumption,2026-08-07T04:53:21Z
2026-08-07T04:50:48Z,2026-08-07T06:50:48+0200,9de41e72-ad84-4160-af68-c339f970a640,2026-07-18T10:00:00Z,2026-07-18T12:00:00+0200,1121.631,MW,NL,NL,actual_offshore_wind_generation,Wind Offshore | Actual Aggregated,2026-08-07T04:53:21Z
2026-08-07T04:50:48Z,2026-08-07T06:50:48+0200,9de41e72-ad84-4160-af68-c339f970a640,2026-07-18T10:00:00Z,2026-07-18T12:00:00+0200,5.929,MW,NL,NL,actual_offshore_wind_generation,Wind Offshore | Actual Consumption,2026-08-07T04:53:21Z
2026-08-07T04:50:48Z,2026-08-07T06:50:48+0200,9de41e72-ad84-4160-af68-c339f970a640,2026-07-18T10:15:00Z,2026-07-18T12:15:00+0200,1164.371,MW,NL,NL,actual_offshore_wind_generation,Wind Offshore | Actual Aggregated,2026-08-07T04:53:21Z
2026-08-07T04:50:48Z,2026-08-07T06:50:48+0200,9de41e72-ad84-4160-af68-c339f970a640,2026-07-18T10:15:00Z,2026-07-18T12:15:00+0200,3.569,MW,NL,NL,actual_offshore_wind_generation,Wind Offshore | Actual Consumption,2026-08-07T04:53:21Z
2026-08-07T04:50:48Z,2026-08-07T06:50:48+0200,9de41e72-ad84-4160-af68-c339f970a640,2026-07-18T10:30:00Z,2026-07-18T12:30:00+0200,1050.184,MW,NL,NL,actual_offshore_wind_generation,Wind Offshore | Actual Aggregated,2026-08-07T04:53:21Z
2026-08-07T04:50:48Z,2026-08-07T06:50:48+0200,9de41e72-ad84-4160-af68-c339f970a640,2026-07-18T10:30:00Z,2026-07-18T12:30:00+0200,3.413,MW,NL,NL,actual_offshore_wind_generation,Wind Offshore | Actual Consumption,2026-08-07T04:53:21Z
2026-08-07T04:50:48Z,2026-08-07T06:50:48+0200,9de41e72-ad84-4160-af68-c339f970a640,2026-07-18T10:45:00Z,2026-07-18T12:45:00+0200,1133.972,MW,NL,NL,actual_offshore_wind_generation,Wind Offshore | Actual Aggregated,2026-08-07T04:53:21Z
2026-08-07T04:50:48Z,2026-08-07T06:50:48+0200,9de41e72-ad84-4160-af68-c339f970a640,2026-07-18T10:45:00Z,2026-07-18T12:45:00+0200,3.081,MW,NL,NL,actual_offshore_wind_generation,Wind Offshore | Actual Consumption,2026-08-07T04:53:21Z
2026-08-07T04:50:48Z,2026-08-07T06:50:48+0200,9de41e72-ad84-4160-af68-c339f970a640,2026-07-18T11:00:00Z,2026-07-18T13:00:00+0200,1020.579,MW,NL,NL,actual_offshore_wind_generation,Wind Offshore | Actual Aggregated,2026-08-07T04:53:21Z
2026-08-07T04:50:48Z,2026-08-07T06:50:48+0200,9de41e72-ad84-4160-af68-c339f970a640,2026-07-18T11:00:00Z,2026-07-18T13:00:00+0200,5.644,MW,NL,NL,actual_offshore_wind_generation,Wind Offshore | Actual Consumption,2026-08-07T04:53:21Z
2026-08-07T04:50:48Z,2026-08-07T06:50:48+0200,9de41e72-ad84-4160-af68-c339f970a640,2026-07-18T11:15:00Z,2026-07-18T13:15:00+0200,828.027,MW,NL,NL,actual_offshore_wind_generation,Wind Offshore | Actual Aggregated,2026-08-07T04:53:21Z
2026-08-07T04:50:48Z,2026-08-07T06:50:48+0200,9de41e72-ad84-4160-af68-c339f970a640,2026-07-18T11:15:00Z,2026-07-18T13:15:00+0200,5.935,MW,NL,NL,actual_offshore_wind_generation,Wind Offshore | Actual Consumption,2026-08-07T04:53:21Z
2026-08-07T04:50:48Z,2026-08-07T06:50:48+0200,9de41e72-ad84-4160-af68-c339f970a640,2026-07-18T11:30:00Z,2026-07-18T13:30:00+0200,975.383,MW,NL,NL,actual_offshore_wind_generation,Wind Offshore | Actual Aggregated,2026-08-07T04:53:21Z
2026-08-07T04:50:48Z,2026-08-07T06:50:48+0200,9de41e72-ad84-4160-af68-c339f970a640,2026-07-18T11:30:00Z,2026-07-18T13:30:00+0200,4.67,MW,NL,NL,actual_offshore_wind_generation,Wind Offshore | Actual Consumption,2026-08-07T04:53:21Z
2026-08-07T04:50:48Z,2026-08-07T06:50:48+0200,9de41e72-ad84-4160-af68-c339f970a640,2026-07-18T11:45:00Z,2026-07-18T13:45:00+0200,985.899,MW,NL,NL,actual_offshore_wind_generation,Wind Offshore | Actual Aggregated,2026-08-07T04:53:21Z
2026-08-07T04:50:48Z,2026-08-07T06:50:48+0200,9de41e72-ad84-4160-af68-c339f970a640,2026-07-18T11:45:00Z,2026-07-18T13:45:00+0200,5.887,MW,NL,NL,actual_offshore_wind_generation,Wind Offshore | Actual Consumption,2026-08-07T04:53:21Z
2026-08-07T04:50:48Z,2026-08-07T06:50:48+0200,9de41e72-ad84-4160-af68-c339f970a640,2026-07-18T12:00:00Z,2026-07-18T14:00:00+0200,1350.31,MW,NL,NL,actual_offshore_wind_generation,Wind Offshore | Actual Aggregated,2026-08-07T04:53:21Z
2026-08-07T04:50:48Z,2026-08-07T06:50:48+0200,9de41e72-ad84-4160-af68-c339f970a640,2026-07-18T12:00:00Z,2026-07-18T14:00:00+0200,7.063,MW,NL,NL,actual_offshore_wind_generation,Wind Offshore | Actual Consumption,2026-08-07T04:53:21Z
2026-08-07T04:50:48Z,2026-08-07T06:50:48+0200,9de41e72-ad84-4160-af68-c339f970a640,2026-07-18T12:15:00Z,2026-07-18T14:15:00+0200,1371.455,MW,NL,NL,actual_offshore_wind_generation,Wind Offshore | Actual Aggregated,2026-08-07T04:53:21Z
2026-08-07T04:50:48Z,2026-08-07T06:50:48+0200,9de41e72-ad84-4160-af68-c339f970a640,2026-07-18T12:15:00Z,2026-07-18T14:15:00+0200,7.521,MW,NL,NL,actual_offshore_wind_generation,Wind Offshore | Actual Consumption,2026-08-07T04:53:21Z
2026-08-07T04:50:48Z,2026-08-07T06:50:48+0200,9de41e72-ad84-4160-af68-c339f970a640,2026-07-18T12:30:00Z,2026-07-18T14:30:00+0200,1108.492,MW,NL,NL,actual_offshore_wind_generation,Wind Offshore | Actual Aggregated,2026-08-07T04:53:21Z
2026-08-07T04:50:48Z,2026-08-07T06:50:48+0200,9de41e72-ad84-4160-af68-c339f970a640,2026-07-18T12:30:00Z,2026-07-18T14:30:00+0200,5.659,MW,NL,NL,actual_offshore_wind_generation,Wind Offshore | Actual Consumption,2026-08-07T04:53:21Z
2026-08-07T04:50:48Z,2026-08-07T06:50:48+0200,9de41e72-ad84-4160-af68-c339f970a640,2026-07-18T12:45:00Z,2026-07-18T14:45:00+0200,1090.02,MW,NL,NL,actual_offshore_wind_generation,Wind Offshore | Actual Aggregated,2026-08-07T04:53:21Z
2026-08-07T04:50:48Z,2026-08-07T06:50:48+0200,9de41e72-ad84-4160-af68-c339f970a640,2026-07-18T12:45:00Z,2026-07-18T14:45:00+0200,5.118,MW,NL,NL,actual_offshore_wind_generation,Wind Offshore | Actual Consumption,2026-08-07T04:53:21Z
2026-08-07T04:50:48Z,2026-08-07T06:50:48+0200,9de41e72-ad84-4160-af68-c339f970a640,2026-07-18T13:00:00Z,2026-07-18T15:00:00+0200,1196.783,MW,NL,NL,actual_offshore_wind_generation,Wind Offshore | Actual Aggregated,2026-08-07T04:53:21Z
2026-08-07T04:50:48Z,2026-08-07T06:50:48+0200,9de41e72-ad84-4160-af68-c339f970a640,2026-07-18T13:00:00Z,2026-07-18T15:00:00+0200,5.715,MW,NL,NL,actual_offshore_wind_generation,Wind Offshore | Actual Consumption,2026-08-07T04:53:21Z
2026-08-07T04:50:48Z,2026-08-07T06:50:48+0200,9de41e72-ad84-4160-af68-c339f970a640,2026-07-18T13:15:00Z,2026-07-18T15:15:00+0200,1273.382,MW,NL,NL,actual_offshore_wind_generation,Wind Offshore | Actual Aggregated,2026-08-07T04:53:21Z
2026-08-07T04:50:48Z,2026-08-07T06:50:48+0200,9de41e72-ad84-4160-af68-c339f970a640,2026-07-18T13:15:00Z,2026-07-18T15:15:00+0200,1.986,MW,NL,NL,actual_offshore_wind_generation,Wind Offshore | Actual Consumption,2026-08-07T04:53:21Z
2026-08-07T04:50:48Z,2026-08-07T06:50:48+0200,9de41e72-ad84-4160-af68-c339f970a640,2026-07-18T13:30:00Z,2026-07-18T15:30:00+0200,1228.439,MW,NL,NL,actual_offshore_wind_generation,Wind Offshore | Actual Aggregated,2026-08-07T04:53:21Z
2026-08-07T04:50:48Z,2026-08-07T06:50:48+0200,9de41e72-ad84-4160-af68-c339f970a640,2026-07-18T13:30:00Z,2026-07-18T15:30:00+0200,6.82,MW,NL,NL,actual_offshore_wind_generation,Wind Offshore | Actual Consumption,2026-08-07T04:53:21Z
2026-08-07T04:50:48Z,2026-08-07T06:50:48+0200,9de41e72-ad84-4160-af68-c339f970a640,2026-07-18T13:45:00Z,2026-07-18T15:45:00+0200,1368.422,MW,NL,NL,actual_offshore_wind_generation,Wind Offshore | Actual Aggregated,2026-08-07T04:53:21Z
2026-08-07T04:50:48Z,2026-08-07T06:50:48+0200,9de41e72-ad84-4160-af68-c339f970a640,2026-07-18T13:45:00Z,2026-07-18T15:45:00+0200,5.377,MW,NL,NL,actual_offshore_wind_generation,Wind Offshore | Actual Consumption,2026-08-07T04:53:21Z
2026-08-07T04:50:48Z,2026-08-07T06:50:48+0200,9de41e72-ad84-4160-af68-c339f970a640,2026-07-18T14:00:00Z,2026-07-18T16:00:00+0200,1626.871,MW,NL,NL,actual_offshore_wind_generation,Wind Offshore | Actual Aggregated,2026-08-07T04:53:21Z
2026-08-07T04:50:48Z,2026-08-07T06:50:48+0200,9de41e72-ad84-4160-af68-c339f970a640,2026-07-18T14:00:00Z,2026-07-18T16:00:00+0200,6.546,MW,NL,NL,actual_offshore_wind_generation,Wind Offshore | Actual Consumption,2026-08-07T04:53:21Z
2026-08-07T04:50:48Z,2026-08-07T06:50:48+0200,9de41e72-ad84-4160-af68-c339f970a640,2026-07-18T14:15:00Z,2026-07-18T16:15:00+0200,1818.101,MW,NL,NL,actual_offshore_wind_generation,Wind Offshore | Actual Aggregated,2026-08-07T04:53:21Z
2026-08-07T04:50:48Z,2026-08-07T06:50:48+0200,9de41e72-ad84-4160-af68-c339f970a640,2026-07-18T14:15:00Z,2026-07-18T16:15:00+0200,6.187,MW,NL,NL,actual_offshore_wind_generation,Wind Offshore | Actual Consumption,2026-08-07T04:53:21Z
2026-08-07T04:50:48Z,2026-08-07T06:50:48+0200,9de41e72-ad84-4160-af68-c339f970a640,2026-07-18T14:30:00Z,2026-07-18T16:30:00+0200,1660.93,MW,NL,NL,actual_offshore_wind_generation,Wind Offshore | Actual Aggregated,2026-08-07T04:53:21Z
2026-08-07T04:50:48Z,2026-08-07T06:50:48+0200,9de41e72-ad84-4160-af68-c339f970a640,2026-07-18T14:30:00Z,2026-07-18T16:30:00+0200,4.579,MW,NL,NL,actual_offshore_wind_generation,Wind Offshore | Actual Consumption,2026-08-07T04:53:21Z
2026-08-07T04:50:48Z,2026-08-07T06:50:48+0200,9de41e72-ad84-4160-af68-c339f970a640,2026-07-18T14:45:00Z,2026-07-18T16:45:00+0200,1786.19,MW,NL,NL,actual_offshore_wind_generation,Wind Offshore | Actual Aggregated,2026-08-07T04:53:21Z
2026-08-07T04:50:48Z,2026-08-07T06:50:48+0200,9de41e72-ad84-4160-af68-c339f970a640,2026-07-18T14:45:00Z,2026-07-18T16:45:00+0200,9.096,MW,NL,NL,actual_offshore_wind_generation,Wind Offshore | Actual Consumption,2026-08-07T04:53:21Z
2026-08-07T04:50:48Z,2026-08-07T06:50:48+0200,9de41e72-ad84-4160-af68-c339f970a640,2026-07-18T15:00:00Z,2026-07-18T17:00:00+0200,1714.125,MW,NL,NL,actual_offshore_wind_generation,Wind Offshore | Actual Aggregated,2026-08-07T04:53:21Z
2026-08-07T04:50:48Z,2026-08-07T06:50:48+0200,9de41e72-ad84-4160-af68-c339f970a640,2026-07-18T15:00:00Z,2026-07-18T17:00:00+0200,9.238,MW,NL,NL,actual_offshore_wind_generation,Wind Offshore | Actual Consumption,2026-08-07T04:53:21Z
2026-08-07T04:50:48Z,2026-08-07T06:50:48+0200,9de41e72-ad84-4160-af68-c339f970a640,2026-07-18T15:15:00Z,2026-07-18T17:15:00+0200,1951.895,MW,NL,NL,actual_offshore_wind_generation,Wind Offshore | Actual Aggregated,2026-08-07T04:53:21Z
2026-08-07T04:50:48Z,2026-08-07T06:50:48+0200,9de41e72-ad84-4160-af68-c339f970a640,2026-07-18T15:15:00Z,2026-07-18T17:15:00+0200,5.575,MW,NL,NL,actual_offshore_wind_generation,Wind Offshore | Actual Consumption,2026-08-07T04:53:21Z
2026-08-07T04:50:48Z,2026-08-07T06:50:48+0200,9de41e72-ad84-4160-af68-c339f970a640,2026-07-18T15:30:00Z,2026-07-18T17:30:00+0200,1988.228,MW,NL,NL,actual_offshore_wind_generation,Wind Offshore | Actual Aggregated,2026-08-07T04:53:21Z
2026-08-07T04:50:48Z,2026-08-07T06:50:48+0200,9de41e72-ad84-4160-af68-c339f970a640,2026-07-18T15:30:00Z,2026-07-18T17:30:00+0200,6.949,MW,NL,NL,actual_offshore_wind_generation,Wind Offshore | Actual Consumption,2026-08-07T04:53:21Z
2026-08-07T04:50:48Z,2026-08-07T06:50:48+0200,9de41e72-ad84-4160-af68-c339f970a640,2026-07-18T15:45:00Z,2026-07-18T17:45:00+0200,2041.595,MW,NL,NL,actual_offshore_wind_generation,Wind Offshore | Actual Aggregated,2026-08-07T04:53:21Z
2026-08-07T04:50:48Z,2026-08-07T06:50:48+0200,9de41e72-ad84-4160-af68-c339f970a640,2026-07-18T15:45:00Z,2026-07-18T17:45:00+0200,5.472,MW,NL,NL,actual_offshore_wind_generation,Wind Offshore | Actual Consumption,2026-08-07T04:53:21Z
2026-08-07T04:50:48Z,2026-08-07T06:50:48+0200,9de41e72-ad84-4160-af68-c339f970a640,2026-07-18T16:00:00Z,2026-07-18T18:00:00+0200,2143.781,MW,NL,NL,actual_offshore_wind_generation,Wind Offshore | Actual Aggregated,2026-08-07T04:53:21Z
2026-08-07T04:50:48Z,2026-08-07T06:50:48+0200,9de41e72-ad84-4160-af68-c339f970a640,2026-07-18T16:00:00Z,2026-07-18T18:00:00+0200,5.845,MW,NL,NL,actual_offshore_wind_generation,Wind Offshore | Actual Consumption,2026-08-07T04:53:21Z
2026-08-07T04:50:48Z,2026-08-07T06:50:48+0200,9de41e72-ad84-4160-af68-c339f970a640,2026-07-18T16:15:00Z,2026-07-18T18:15:00+0200,2281.22,MW,NL,NL,actual_offshore_wind_generation,Wind Offshore | Actual Aggregated,2026-08-07T04:53:21Z
2026-08-07T04:50:48Z,2026-08-07T06:50:48+0200,9de41e72-ad84-4160-af68-c339f970a640,2026-07-18T16:15:00Z,2026-07-18T18:15:00+0200,7.716,MW,NL,NL,actual_offshore_wind_generation,Wind Offshore | Actual Consumption,2026-08-07T04:53:21Z
2026-08-07T04:50:48Z,2026-08-07T06:50:48+0200,9de41e72-ad84-4160-af68-c339f970a640,2026-07-18T16:30:00Z,2026-07-18T18:30:00+0200,2332.867,MW,NL,NL,actual_offshore_wind_generation,Wind Offshore | Actual Aggregated,2026-08-07T04:53:21Z
2026-08-07T04:50:48Z,2026-08-07T06:50:48+0200,9de41e72-ad84-4160-af68-c339f970a640,2026-07-18T16:30:00Z,2026-07-18T18:30:00+0200,8.52,MW,NL,NL,actual_offshore_wind_generation,Wind Offshore | Actual Consumption,2026-08-07T04:53:21Z
2026-08-07T04:50:48Z,2026-08-07T06:50:48+0200,9de41e72-ad84-4160-af68-c339f970a640,2026-07-18T16:45:00Z,2026-07-18T18:45:00+0200,2340.604,MW,NL,NL,actual_offshore_wind_generation,Wind Offshore | Actual Aggregated,2026-08-07T04:53:21Z
2026-08-07T04:50:48Z,2026-08-07T06:50:48+0200,9de41e72-ad84-4160-af68-c339f970a640,2026-07-18T16:45:00Z,2026-07-18T18:45:00+0200,8.867,MW,NL,NL,actual_offshore_wind_generation,Wind Offshore | Actual Consumption,2026-08-07T04:53:21Z
2026-08-07T04:50:48Z,2026-08-07T06:50:48+0200,9de41e72-ad84-4160-af68-c339f970a640,2026-07-18T17:00:00Z,2026-07-18T19:00:00+0200,2330.58,MW,NL,NL,actual_offshore_wind_generation,Wind Offshore | Actual Aggregated,2026-08-07T04:53:21Z
2026-08-07T04:50:48Z,2026-08-07T06:50:48+0200,9de41e72-ad84-4160-af68-c339f970a640,2026-07-18T17:00:00Z,2026-07-18T19:00:00+0200,7.027,MW,NL,NL,actual_offshore_wind_generation,Wind Offshore | Actual Consumption,2026-08-07T04:53:21Z
2026-08-07T04:50:48Z,2026-08-07T06:50:48+0200,9de41e72-ad84-4160-af68-c339f970a640,2026-07-18T17:15:00Z,2026-07-18T19:15:00+0200,2273.727,MW,NL,NL,actual_offshore_wind_generation,Wind Offshore | Actual Aggregated,2026-08-07T04:53:21Z
2026-08-07T04:50:48Z,2026-08-07T06:50:48+0200,9de41e72-ad84-4160-af68-c339f970a640,2026-07-18T17:15:00Z,2026-07-18T19:15:00+0200,9.48,MW,NL,NL,actual_offshore_wind_generation,Wind Offshore | Actual Consumption,2026-08-07T04:53:21Z
2026-08-07T04:50:48Z,2026-08-07T06:50:48+0200,9de41e72-ad84-4160-af68-c339f970a640,2026-07-18T17:30:00Z,2026-07-18T19:30:00+0200,2270.422,MW,NL,NL,actual_offshore_wind_generation,Wind Offshore | Actual Aggregated,2026-08-07T04:53:21Z
2026-08-07T04:50:48Z,2026-08-07T06:50:48+0200,9de41e72-ad84-4160-af68-c339f970a640,2026-07-18T17:30:00Z,2026-07-18T19:30:00+0200,9.953,MW,NL,NL,actual_offshore_wind_generation,Wind Offshore | Actual Consumption,2026-08-07T04:53:21Z
2026-08-07T04:50:48Z,2026-08-07T06:50:48+0200,9de41e72-ad84-4160-af68-c339f970a640,2026-07-18T17:45:00Z,2026-07-18T19:45:00+0200,2280.865,MW,NL,NL,actual_offshore_wind_generation,Wind Offshore | Actual Aggregated,2026-08-07T04:53:21Z
2026-08-07T04:50:48Z,2026-08-07T06:50:48+0200,9de41e72-ad84-4160-af68-c339f970a640,2026-07-18T17:45:00Z,2026-07-18T19:45:00+0200,9.674,MW,NL,NL,actual_offshore_wind_generation,Wind Offshore | Actual Consumption,2026-08-07T04:53:21Z
2026-08-07T04:50:48Z,2026-08-07T06:50:48+0200,9de41e72-ad84-4160-af68-c339f970a640,2026-07-18T18:00:00Z,2026-07-18T20:00:00+0200,2288.759,MW,NL,NL,actual_offshore_wind_generation,Wind Offshore | Actual Aggregated,2026-08-07T04:53:21Z
2026-08-07T04:50:48Z,2026-08-07T06:50:48+0200,9de41e72-ad84-4160-af68-c339f970a640,2026-07-18T18:00:00Z,2026-07-18T20:00:00+0200,11.107,MW,NL,NL,actual_offshore_wind_generation,Wind Offshore | Actual Consumption,2026-08-07T04:53:21Z
2026-08-07T04:50:48Z,2026-08-07T06:50:48+0200,9de41e72-ad84-4160-af68-c339f970a640,2026-07-18T18:15:00Z,2026-07-18T20:15:00+0200,2471.505,MW,NL,NL,actual_offshore_wind_generation,Wind Offshore | Actual Aggregated,2026-08-07T04:53:21Z
2026-08-07T04:50:48Z,2026-08-07T06:50:48+0200,9de41e72-ad84-4160-af68-c339f970a640,2026-07-18T18:15:00Z,2026-07-18T20:15:00+0200,11.884,MW,NL,NL,actual_offshore_wind_generation,Wind Offshore | Actual Consumption,2026-08-07T04:53:21Z
2026-08-07T04:50:48Z,2026-08-07T06:50:48+0200,9de41e72-ad84-4160-af68-c339f970a640,2026-07-18T18:30:00Z,2026-07-18T20:30:00+0200,2685.539,MW,NL,NL,actual_offshore_wind_generation,Wind Offshore | Actual Aggregated,2026-08-07T04:53:21Z
2026-08-07T04:50:48Z,2026-08-07T06:50:48+0200,9de41e72-ad84-4160-af68-c339f970a640,2026-07-18T18:30:00Z,2026-07-18T20:30:00+0200,13.416,MW,NL,NL,actual_offshore_wind_generation,Wind Offshore | Actual Consumption,2026-08-07T04:53:21Z
2026-08-07T04:50:48Z,2026-08-07T06:50:48+0200,9de41e72-ad84-4160-af68-c339f970a640,2026-07-18T18:45:00Z,2026-07-18T20:45:00+0200,2739.659,MW,NL,NL,actual_offshore_wind_generation,Wind Offshore | Actual Aggregated,2026-08-07T04:53:21Z
2026-08-07T04:50:48Z,2026-08-07T06:50:48+0200,9de41e72-ad84-4160-af68-c339f970a640,2026-07-18T18:45:00Z,2026-07-18T20:45:00+0200,13.496,MW,NL,NL,actual_offshore_wind_generation,Wind Offshore | Actual Consumption,2026-08-07T04:53:21Z
2026-08-07T04:50:48Z,2026-08-07T06:50:48+0200,9de41e72-ad84-4160-af68-c339f970a640,2026-07-18T19:00:00Z,2026-07-18T21:00:00+0200,2696.067,MW,NL,NL,actual_offshore_wind_generation,Wind Offshore | Actual Aggregated,2026-08-07T04:53:21Z
2026-08-07T04:50:48Z,2026-08-07T06:50:48+0200,9de41e72-ad84-4160-af68-c339f970a640,2026-07-18T19:00:00Z,2026-07-18T21:00:00+0200,12.645,MW,NL,NL,actual_offshore_wind_generation,Wind Offshore | Actual Consumption,2026-08-07T04:53:21Z
2026-08-07T04:50:48Z,2026-08-07T06:50:48+0200,9de41e72-ad84-4160-af68-c339f970a640,2026-07-18T19:15:00Z,2026-07-18T21:15:00+0200,2676.116,MW,NL,NL,actual_offshore_wind_generation,Wind Offshore | Actual Aggregated,2026-08-07T04:53:21Z
2026-08-07T04:50:48Z,2026-08-07T06:50:48+0200,9de41e72-ad84-4160-af68-c339f970a640,2026-07-18T19:15:00Z,2026-07-18T21:15:00+0200,12.154,MW,NL,NL,actual_offshore_wind_generation,Wind Offshore | Actual Consumption,2026-08-07T04:53:21Z
2026-08-07T04:50:48Z,2026-08-07T06:50:48+0200,9de41e72-ad84-4160-af68-c339f970a640,2026-07-18T19:30:00Z,2026-07-18T21:30:00+0200,2726.498,MW,NL,NL,actual_offshore_wind_generation,Wind Offshore | Actual Aggregated,2026-08-07T04:53:21Z
2026-08-07T04:50:48Z,2026-08-07T06:50:48+0200,9de41e72-ad84-4160-af68-c339f970a640,2026-07-18T19:30:00Z,2026-07-18T21:30:00+0200,10.217,MW,NL,NL,actual_offshore_wind_generation,Wind Offshore | Actual Consumption,2026-08-07T04:53:21Z
2026-08-07T04:50:48Z,2026-08-07T06:50:48+0200,9de41e72-ad84-4160-af68-c339f970a640,2026-07-18T19:45:00Z,2026-07-18T21:45:00+0200,2603.079,MW,NL,NL,actual_offshore_wind_generation,Wind Offshore | Actual Aggregated,2026-08-07T04:53:21Z
2026-08-07T04:50:48Z,2026-08-07T06:50:48+0200,9de41e72-ad84-4160-af68-c339f970a640,2026-07-18T19:45:00Z,2026-07-18T21:45:00+0200,8.78,MW,NL,NL,actual_offshore_wind_generation,Wind Offshore | Actual Consumption,2026-08-07T04:53:21Z
2026-08-07T04:50:48Z,2026-08-07T06:50:48+0200,9de41e72-ad84-4160-af68-c339f970a640,2026-07-18T20:00:00Z,2026-07-18T22:00:00+0200,2347.705,MW,NL,NL,actual_offshore_wind_generation,Wind Offshore | Actual Aggregated,2026-08-07T04:53:21Z
2026-08-07T04:50:48Z,2026-08-07T06:50:48+0200,9de41e72-ad84-4160-af68-c339f970a640,2026-07-18T20:00:00Z,2026-07-18T22:00:00+0200,7.858,MW,NL,NL,actual_offshore_wind_generation,Wind Offshore | Actual Consumption,2026-08-07T04:53:21Z
2026-08-07T04:50:48Z,2026-08-07T06:50:48+0200,9de41e72-ad84-4160-af68-c339f970a640,2026-07-18T20:15:00Z,2026-07-18T22:15:00+0200,2298.174,MW,NL,NL,actual_offshore_wind_generation,Wind Offshore | Actual Aggregated,2026-08-07T04:53:21Z
2026-08-07T04:50:48Z,2026-08-07T06:50:48+0200,9de41e72-ad84-4160-af68-c339f970a640,2026-07-18T20:15:00Z,2026-07-18T22:15:00+0200,6.51,MW,NL,NL,actual_offshore_wind_generation,Wind Offshore | Actual Consumption,2026-08-07T04:53:21Z
2026-08-07T04:50:48Z,2026-08-07T06:50:48+0200,9de41e72-ad84-4160-af68-c339f970a640,2026-07-18T20:30:00Z,2026-07-18T22:30:00+0200,2350.526,MW,NL,NL,actual_offshore_wind_generation,Wind Offshore | Actual Aggregated,2026-08-07T04:53:21Z
2026-08-07T04:50:48Z,2026-08-07T06:50:48+0200,9de41e72-ad84-4160-af68-c339f970a640,2026-07-18T20:30:00Z,2026-07-18T22:30:00+0200,6.779,MW,NL,NL,actual_offshore_wind_generation,Wind Offshore | Actual Consumption,2026-08-07T04:53:21Z
2026-08-07T04:50:48Z,2026-08-07T06:50:48+0200,9de41e72-ad84-4160-af68-c339f970a640,2026-07-18T20:45:00Z,2026-07-18T22:45:00+0200,2592.097,MW,NL,NL,actual_offshore_wind_generation,Wind Offshore | Actual Aggregated,2026-08-07T04:53:21Z
2026-08-07T04:50:48Z,2026-08-07T06:50:48+0200,9de41e72-ad84-4160-af68-c339f970a640,2026-07-18T20:45:00Z,2026-07-18T22:45:00+0200,6.907,MW,NL,NL,actual_offshore_wind_generation,Wind Offshore | Actual Consumption,2026-08-07T04:53:21Z
2026-08-07T04:50:48Z,2026-08-07T06:50:48+0200,9de41e72-ad84-4160-af68-c339f970a640,2026-07-18T21:00:00Z,2026-07-18T23:00:00+0200,2698.086,MW,NL,NL,actual_offshore_wind_generation,Wind Offshore | Actual Aggregated,2026-08-07T04:53:21Z
2026-08-07T04:50:48Z,2026-08-07T06:50:48+0200,9de41e72-ad84-4160-af68-c339f970a640,2026-07-18T21:00:00Z,2026-07-18T23:00:00+0200,6.717,MW,NL,NL,actual_offshore_wind_generation,Wind Offshore | Actual Consumption,2026-08-07T04:53:21Z
2026-08-07T04:50:48Z,2026-08-07T06:50:48+0200,9de41e72-ad84-4160-af68-c339f970a640,2026-07-18T21:15:00Z,2026-07-18T23:15:00+0200,2801.562,MW,NL,NL,actual_offshore_wind_generation,Wind Offshore | Actual Aggregated,2026-08-07T04:53:21Z
2026-08-07T04:50:48Z,2026-08-07T06:50:48+0200,9de41e72-ad84-4160-af68-c339f970a640,2026-07-18T21:15:00Z,2026-07-18T23:15:00+0200,7.646,MW,NL,NL,actual_offshore_wind_generation,Wind Offshore | Actual Consumption,2026-08-07T04:53:21Z
2026-08-07T04:50:48Z,2026-08-07T06:50:48+0200,9de41e72-ad84-4160-af68-c339f970a640,2026-07-18T21:30:00Z,2026-07-18T23:30:00+0200,2836.508,MW,NL,NL,actual_offshore_wind_generation,Wind Offshore | Actual Aggregated,2026-08-07T04:53:21Z
2026-08-07T04:50:48Z,2026-08-07T06:50:48+0200,9de41e72-ad84-4160-af68-c339f970a640,2026-07-18T21:30:00Z,2026-07-18T23:30:00+0200,9.116,MW,NL,NL,actual_offshore_wind_generation,Wind Offshore | Actual Consumption,2026-08-07T04:53:21Z
2026-08-07T04:50:48Z,2026-08-07T06:50:48+0200,9de41e72-ad84-4160-af68-c339f970a640,2026-07-18T21:45:00Z,2026-07-18T23:45:00+0200,2998.015,MW,NL,NL,actual_offshore_wind_generation,Wind Offshore | Actual Aggregated,2026-08-07T04:53:21Z
2026-08-07T04:50:48Z,2026-08-07T06:50:48+0200,9de41e72-ad84-4160-af68-c339f970a640,2026-07-18T21:45:00Z,2026-07-18T23:45:00+0200,8.733,MW,NL,NL,actual_offshore_wind_generation,Wind Offshore | Actual Consumption,2026-08-07T04:53:21Z
2026-08-07T04:50:48Z,2026-08-07T06:50:48+0200,9de41e72-ad84-4160-af68-c339f970a640,2026-07-18T22:00:00Z,2026-07-19T00:00:00+0200,3053.222,MW,NL,NL,actual_offshore_wind_generation,Wind Offshore | Actual Aggregated,2026-08-07T04:53:21Z
2026-08-07T04:50:48Z,2026-08-07T06:50:48+0200,9de41e72-ad84-4160-af68-c339f970a640,2026-07-18T22:00:00Z,2026-07-19T00:00:00+0200,8.344,MW,NL,NL,actual_offshore_wind_generation,Wind Offshore | Actual Consumption,2026-08-07T04:53:21Z
2026-08-07T04:50:48Z,2026-08-07T06:50:48+0200,9de41e72-ad84-4160-af68-c339f970a640,2026-07-18T22:15:00Z,2026-07-19T00:15:00+0200,3010.608,MW,NL,NL,actual_offshore_wind_generation,Wind Offshore | Actual Aggregated,2026-08-07T04:53:21Z
2026-08-07T04:50:48Z,2026-08-07T06:50:48+0200,9de41e72-ad84-4160-af68-c339f970a640,2026-07-18T22:15:00Z,2026-07-19T00:15:00+0200,10.873,MW,NL,NL,actual_offshore_wind_generation,Wind Offshore | Actual Consumption,2026-08-07T04:53:21Z
2026-08-07T04:50:48Z,2026-08-07T06:50:48+0200,9de41e72-ad84-4160-af68-c339f970a640,2026-07-18T22:30:00Z,2026-07-19T00:30:00+0200,3087.839,MW,NL,NL,actual_offshore_wind_generation,Wind Offshore | Actual Aggregated,2026-08-07T04:53:21Z
2026-08-07T04:50:48Z,2026-08-07T06:50:48+0200,9de41e72-ad84-4160-af68-c339f970a640,2026-07-18T22:30:00Z,2026-07-19T00:30:00+0200,1.986,MW,NL,NL,actual_offshore_wind_generation,Wind Offshore | Actual Consumption,2026-08-07T04:53:21Z
2026-08-07T04:50:48Z,2026-08-07T06:50:48+0200,9de41e72-ad84-4160-af68-c339f970a640,2026-07-18T22:45:00Z,2026-07-19T00:45:00+0200,2997.625,MW,NL,NL,actual_offshore_wind_generation,Wind Offshore | Actual Aggregated,2026-08-07T04:53:21Z
2026-08-07T04:50:48Z,2026-08-07T06:50:48+0200,9de41e72-ad84-4160-af68-c339f970a640,2026-07-18T22:45:00Z,2026-07-19T00:45:00+0200,7.707,MW,NL,NL,actual_offshore_wind_generation,Wind Offshore | Actual Consumption,2026-08-07T04:53:21Z
2026-08-07T04:50:48Z,2026-08-07T06:50:48+0200,9de41e72-ad84-4160-af68-c339f970a640,2026-07-18T23:00:00Z,2026-07-19T01:00:00+0200,3020.044,MW,NL,NL,actual_offshore_wind_generation,Wind Offshore | Actual Aggregated,2026-08-07T04:53:21Z
2026-08-07T04:50:48Z,2026-08-07T06:50:48+0200,9de41e72-ad84-4160-af68-c339f970a640,2026-07-18T23:00:00Z,2026-07-19T01:00:00+0200,9.329,MW,NL,NL,actual_offshore_wind_generation,Wind Offshore | Actual Consumption,2026-08-07T04:53:21Z
2026-08-07T04:50:48Z,2026-08-07T06:50:48+0200,9de41e72-ad84-4160-af68-c339f970a640,2026-07-18T23:15:00Z,2026-07-19T01:15:00+0200,2984.396,MW,NL,NL,actual_offshore_wind_generation,Wind Offshore | Actual Aggregated,2026-08-07T04:53:21Z
2026-08-07T04:50:48Z,2026-08-07T06:50:48+0200,9de41e72-ad84-4160-af68-c339f970a640,2026-07-18T23:15:00Z,2026-07-19T01:15:00+0200,8.052,MW,NL,NL,actual_offshore_wind_generation,Wind Offshore | Actual Consumption,2026-08-07T04:53:21Z
2026-08-07T04:50:48Z,2026-08-07T06:50:48+0200,9de41e72-ad84-4160-af68-c339f970a640,2026-07-18T23:30:00Z,2026-07-19T01:30:00+0200,2979.113,MW,NL,NL,actual_offshore_wind_generation,Wind Offshore | Actual Aggregated,2026-08-07T04:53:21Z
2026-08-07T04:50:48Z,2026-08-07T06:50:48+0200,9de41e72-ad84-4160-af68-c339f970a640,2026-07-18T23:30:00Z,2026-07-19T01:30:00+0200,8.71,MW,NL,NL,actual_offshore_wind_generation,Wind Offshore | Actual Consumption,2026-08-07T04:53:21Z
2026-08-07T04:50:48Z,2026-08-07T06:50:48+0200,9de41e72-ad84-4160-af68-c339f970a640,2026-07-18T23:45:00Z,2026-07-19T01:45:00+0200,3111.703,MW,NL,NL,actual_offshore_wind_generation,Wind Offshore | Actual Aggregated,2026-08-07T04:53:21Z
2026-08-07T04:50:48Z,2026-08-07T06:50:48+0200,9de41e72-ad84-4160-af68-c339f970a640,2026-07-18T23:45:00Z,2026-07-19T01:45:00+0200,8.288,MW,NL,NL,actual_offshore_wind_generation,Wind Offshore | Actual Consumption,2026-08-07T04:53:21Z
2026-08-07T04:50:48Z,2026-08-07T06:50:48+0200,9de41e72-ad84-4160-af68-c339f970a640,2026-07-19T00:00:00Z,2026-07-19T02:00:00+0200,3040.997,MW,NL,NL,actual_offshore_wind_generation,Wind Offshore | Actual Aggregated,2026-08-07T04:53:21Z
2026-08-07T04:50:48Z,2026-08-07T06:50:48+0200,9de41e72-ad84-4160-af68-c339f970a640,2026-07-19T00:00:00Z,2026-07-19T02:00:00+0200,8.391,MW,NL,NL,actual_offshore_wind_generation,Wind Offshore | Actual Consumption,2026-08-07T04:53:21Z
2026-08-07T04:50:48Z,2026-08-07T06:50:48+0200,9de41e72-ad84-4160-af68-c339f970a640,2026-07-19T00:15:00Z,2026-07-19T02:15:00+0200,3142.237,MW,NL,NL,actual_offshore_wind_generation,Wind Offshore | Actual Aggregated,2026-08-07T04:53:21Z
2026-08-07T04:50:48Z,2026-08-07T06:50:48+0200,9de41e72-ad84-4160-af68-c339f970a640,2026-07-19T00:15:00Z,2026-07-19T02:15:00+0200,10.732,MW,NL,NL,actual_offshore_wind_generation,Wind Offshore | Actual Consumption,2026-08-07T04:53:21Z
2026-08-07T04:50:48Z,2026-08-07T06:50:48+0200,9de41e72-ad84-4160-af68-c339f970a640,2026-07-19T00:30:00Z,2026-07-19T02:30:00+0200,2934.712,MW,NL,NL,actual_offshore_wind_generation,Wind Offshore | Actual Aggregated,2026-08-07T04:53:21Z
2026-08-07T04:50:48Z,2026-08-07T06:50:48+0200,9de41e72-ad84-4160-af68-c339f970a640,2026-07-19T00:30:00Z,2026-07-19T02:30:00+0200,9.62,MW,NL,NL,actual_offshore_wind_generation,Wind Offshore | Actual Consumption,2026-08-07T04:53:21Z
2026-08-07T04:50:48Z,2026-08-07T06:50:48+0200,9de41e72-ad84-4160-af68-c339f970a640,2026-07-19T00:45:00Z,2026-07-19T02:45:00+0200,2824.864,MW,NL,NL,actual_offshore_wind_generation,Wind Offshore | Actual Aggregated,2026-08-07T04:53:21Z
2026-08-07T04:50:48Z,2026-08-07T06:50:48+0200,9de41e72-ad84-4160-af68-c339f970a640,2026-07-19T00:45:00Z,2026-07-19T02:45:00+0200,8.139,MW,NL,NL,actual_offshore_wind_generation,Wind Offshore | Actual Consumption,2026-08-07T04:53:21Z
2026-08-07T04:50:48Z,2026-08-07T06:50:48+0200,9de41e72-ad84-4160-af68-c339f970a640,2026-07-19T01:00:00Z,2026-07-19T03:00:00+0200,2901.661,MW,NL,NL,actual_offshore_wind_generation,Wind Offshore | Actual Aggregated,2026-08-07T04:53:21Z
2026-08-07T04:50:48Z,2026-08-07T06:50:48+0200,9de41e72-ad84-4160-af68-c339f970a640,2026-07-19T01:00:00Z,2026-07-19T03:00:00+0200,6.812,MW,NL,NL,actual_offshore_wind_generation,Wind Offshore | Actual Consumption,2026-08-07T04:53:21Z
2026-08-07T04:50:48Z,2026-08-07T06:50:48+0200,9de41e72-ad84-4160-af68-c339f970a640,2026-07-19T01:15:00Z,2026-07-19T03:15:00+0200,2893.331,MW,NL,NL,actual_offshore_wind_generation,Wind Offshore | Actual Aggregated,2026-08-07T04:53:21Z
2026-08-07T04:50:48Z,2026-08-07T06:50:48+0200,9de41e72-ad84-4160-af68-c339f970a640,2026-07-19T01:15:00Z,2026-07-19T03:15:00+0200,6.71,MW,NL,NL,actual_offshore_wind_generation,Wind Offshore | Actual Consumption,2026-08-07T04:53:21Z
2026-08-07T04:50:48Z,2026-08-07T06:50:48+0200,9de41e72-ad84-4160-af68-c339f970a640,2026-07-19T01:30:00Z,2026-07-19T03:30:00+0200,2813.882,MW,NL,NL,actual_offshore_wind_generation,Wind Offshore | Actual Aggregated,2026-08-07T04:53:21Z
2026-08-07T04:50:48Z,2026-08-07T06:50:48+0200,9de41e72-ad84-4160-af68-c339f970a640,2026-07-19T01:30:00Z,2026-07-19T03:30:00+0200,7.385,MW,NL,NL,actual_offshore_wind_generation,Wind Offshore | Actual Consumption,2026-08-07T04:53:21Z
2026-08-07T04:50:48Z,2026-08-07T06:50:48+0200,9de41e72-ad84-4160-af68-c339f970a640,2026-07-19T01:45:00Z,2026-07-19T03:45:00+0200,2896.473,MW,NL,NL,actual_offshore_wind_generation,Wind Offshore | Actual Aggregated,2026-08-07T04:53:21Z
2026-08-07T04:50:48Z,2026-08-07T06:50:48+0200,9de41e72-ad84-4160-af68-c339f970a640,2026-07-19T01:45:00Z,2026-07-19T03:45:00+0200,6.85,MW,NL,NL,actual_offshore_wind_generation,Wind Offshore | Actual Consumption,2026-08-07T04:53:21Z
2026-08-07T04:50:48Z,2026-08-07T06:50:48+0200,9de41e72-ad84-4160-af68-c339f970a640,2026-07-19T02:00:00Z,2026-07-19T04:00:00+0200,2705.625,MW,NL,NL,actual_offshore_wind_generation,Wind Offshore | Actual Aggregated,2026-08-07T04:53:21Z
2026-08-07T04:50:48Z,2026-08-07T06:50:48+0200,9de41e72-ad84-4160-af68-c339f970a640,2026-07-19T02:00:00Z,2026-07-19T04:00:00+0200,7.914,MW,NL,NL,actual_offshore_wind_generation,Wind Offshore | Actual Consumption,2026-08-07T04:53:21Z
2026-08-07T04:50:48Z,2026-08-07T06:50:48+0200,9de41e72-ad84-4160-af68-c339f970a640,2026-07-19T02:15:00Z,2026-07-19T04:15:00+0200,2804.232,MW,NL,NL,actual_offshore_wind_generation,Wind Offshore | Actual Aggregated,2026-08-07T04:53:21Z
2026-08-07T04:50:48Z,2026-08-07T06:50:48+0200,9de41e72-ad84-4160-af68-c339f970a640,2026-07-19T02:15:00Z,2026-07-19T04:15:00+0200,6.989,MW,NL,NL,actual_offshore_wind_generation,Wind Offshore | Actual Consumption,2026-08-07T04:53:21Z
2026-08-07T04:50:48Z,2026-08-07T06:50:48+0200,9de41e72-ad84-4160-af68-c339f970a640,2026-07-19T02:30:00Z,2026-07-19T04:30:00+0200,2875.477,MW,NL,NL,actual_offshore_wind_generation,Wind Offshore | Actual Aggregated,2026-08-07T04:53:21Z
2026-08-07T04:50:48Z,2026-08-07T06:50:48+0200,9de41e72-ad84-4160-af68-c339f970a640,2026-07-19T02:30:00Z,2026-07-19T04:30:00+0200,5.084,MW,NL,NL,actual_offshore_wind_generation,Wind Offshore | Actual Consumption,2026-08-07T04:53:21Z
2026-08-07T04:50:48Z,2026-08-07T06:50:48+0200,9de41e72-ad84-4160-af68-c339f970a640,2026-07-19T02:45:00Z,2026-07-19T04:45:00+0200,2808.521,MW,NL,NL,actual_offshore_wind_generation,Wind Offshore | Actual Aggregated,2026-08-07T04:53:21Z
2026-08-07T04:50:48Z,2026-08-07T06:50:48+0200,9de41e72-ad84-4160-af68-c339f970a640,2026-07-19T02:45:00Z,2026-07-19T04:45:00+0200,7.06,MW,NL,NL,actual_offshore_wind_generation,Wind Offshore | Actual Consumption,2026-08-07T04:53:21Z
2026-08-07T04:50:48Z,2026-08-07T06:50:48+0200,9de41e72-ad84-4160-af68-c339f970a640,2026-07-19T03:00:00Z,2026-07-19T05:00:00+0200,2804.466,MW,NL,NL,actual_offshore_wind_generation,Wind Offshore | Actual Aggregated,2026-08-07T04:53:21Z
2026-08-07T04:50:48Z,2026-08-07T06:50:48+0200,9de41e72-ad84-4160-af68-c339f970a640,2026-07-19T03:00:00Z,2026-07-19T05:00:00+0200,8.498,MW,NL,NL,actual_offshore_wind_generation,Wind Offshore | Actual Consumption,2026-08-07T04:53:21Z
2026-08-07T04:50:48Z,2026-08-07T06:50:48+0200,9de41e72-ad84-4160-af68-c339f970a640,2026-07-19T03:15:00Z,2026-07-19T05:15:00+0200,2748.519,MW,NL,NL,actual_offshore_wind_generation,Wind Offshore | Actual Aggregated,2026-08-07T04:53:21Z
2026-08-07T04:50:48Z,2026-08-07T06:50:48+0200,9de41e72-ad84-4160-af68-c339f970a640,2026-07-19T03:15:00Z,2026-07-19T05:15:00+0200,6.749,MW,NL,NL,actual_offshore_wind_generation,Wind Offshore | Actual Consumption,2026-08-07T04:53:21Z
2026-08-07T04:50:48Z,2026-08-07T06:50:48+0200,9de41e72-ad84-4160-af68-c339f970a640,2026-07-19T03:30:00Z,2026-07-19T05:30:00+0200,2776.913,MW,NL,NL,actual_offshore_wind_generation,Wind Offshore | Actual Aggregated,2026-08-07T04:53:21Z
2026-08-07T04:50:48Z,2026-08-07T06:50:48+0200,9de41e72-ad84-4160-af68-c339f970a640,2026-07-19T03:30:00Z,2026-07-19T05:30:00+0200,8.15,MW,NL,NL,actual_offshore_wind_generation,Wind Offshore | Actual Consumption,2026-08-07T04:53:21Z
2026-08-07T04:50:48Z,2026-08-07T06:50:48+0200,9de41e72-ad84-4160-af68-c339f970a640,2026-07-19T03:45:00Z,2026-07-19T05:45:00+0200,2796.064,MW,NL,NL,actual_offshore_wind_generation,Wind Offshore | Actual Aggregated,2026-08-07T04:53:21Z
2026-08-07T04:50:48Z,2026-08-07T06:50:48+0200,9de41e72-ad84-4160-af68-c339f970a640,2026-07-19T03:45:00Z,2026-07-19T05:45:00+0200,12.002,MW,NL,NL,actual_offshore_wind_generation,Wind Offshore | Actual Consumption,2026-08-07T04:53:21Z
2026-08-07T04:50:48Z,2026-08-07T06:50:48+0200,9de41e72-ad84-4160-af68-c339f970a640,2026-07-19T04:00:00Z,2026-07-19T06:00:00+0200,2979.069,MW,NL,NL,actual_offshore_wind_generation,Wind Offshore | Actual Aggregated,2026-08-07T04:53:21Z
2026-08-07T04:50:48Z,2026-08-07T06:50:48+0200,9de41e72-ad84-4160-af68-c339f970a640,2026-07-19T04:00:00Z,2026-07-19T06:00:00+0200,11.464,MW,NL,NL,actual_offshore_wind_generation,Wind Offshore | Actual Consumption,2026-08-07T04:53:21Z
2026-08-07T04:50:48Z,2026-08-07T06:50:48+0200,9de41e72-ad84-4160-af68-c339f970a640,2026-07-19T04:15:00Z,2026-07-19T06:15:00+0200,3205.53,MW,NL,NL,actual_offshore_wind_generation,Wind Offshore | Actual Aggregated,2026-08-07T04:53:21Z
2026-08-07T04:50:48Z,2026-08-07T06:50:48+0200,9de41e72-ad84-4160-af68-c339f970a640,2026-07-19T04:15:00Z,2026-07-19T06:15:00+0200,16.514,MW,NL,NL,actual_offshore_wind_generation,Wind Offshore | Actual Consumption,2026-08-07T04:53:21Z
2026-08-07T04:50:48Z,2026-08-07T06:50:48+0200,9de41e72-ad84-4160-af68-c339f970a640,2026-07-19T04:30:00Z,2026-07-19T06:30:00+0200,3059.27,MW,NL,NL,actual_offshore_wind_generation,Wind Offshore | Actual Aggregated,2026-08-07T04:53:21Z
2026-08-07T04:50:48Z,2026-08-07T06:50:48+0200,9de41e72-ad84-4160-af68-c339f970a640,2026-07-19T04:30:00Z,2026-07-19T06:30:00+0200,14.502,MW,NL,NL,actual_offshore_wind_generation,Wind Offshore | Actual Consumption,2026-08-07T04:53:21Z
2026-08-07T04:50:48Z,2026-08-07T06:50:48+0200,9de41e72-ad84-4160-af68-c339f970a640,2026-07-19T04:45:00Z,2026-07-19T06:45:00+0200,2775.103,MW,NL,NL,actual_offshore_wind_generation,Wind Offshore | Actual Aggregated,2026-08-07T04:53:21Z
2026-08-07T04:50:48Z,2026-08-07T06:50:48+0200,9de41e72-ad84-4160-af68-c339f970a640,2026-07-19T04:45:00Z,2026-07-19T06:45:00+0200,10.313,MW,NL,NL,actual_offshore_wind_generation,Wind Offshore | Actual Consumption,2026-08-07T04:53:21Z
2026-08-07T04:50:48Z,2026-08-07T06:50:48+0200,9de41e72-ad84-4160-af68-c339f970a640,2026-07-19T05:00:00Z,2026-07-19T07:00:00+0200,2774.431,MW,NL,NL,actual_offshore_wind_generation,Wind Offshore | Actual Aggregated,2026-08-07T04:53:21Z
2026-08-07T04:50:48Z,2026-08-07T06:50:48+0200,9de41e72-ad84-4160-af68-c339f970a640,2026-07-19T05:00:00Z,2026-07-19T07:00:00+0200,7.07,MW,NL,NL,actual_offshore_wind_generation,Wind Offshore | Actual Consumption,2026-08-07T04:53:21Z
2026-08-07T04:50:48Z,2026-08-07T06:50:48+0200,9de41e72-ad84-4160-af68-c339f970a640,2026-07-19T05:15:00Z,2026-07-19T07:15:00+0200,2854.258,MW,NL,NL,actual_offshore_wind_generation,Wind Offshore | Actual Aggregated,2026-08-07T04:53:21Z
2026-08-07T04:50:48Z,2026-08-07T06:50:48+0200,9de41e72-ad84-4160-af68-c339f970a640,2026-07-19T05:15:00Z,2026-07-19T07:15:00+0200,10.791,MW,NL,NL,actual_offshore_wind_generation,Wind Offshore | Actual Consumption,2026-08-07T04:53:21Z
2026-08-07T04:50:48Z,2026-08-07T06:50:48+0200,9de41e72-ad84-4160-af68-c339f970a640,2026-07-19T05:30:00Z,2026-07-19T07:30:00+0200,2735.571,MW,NL,NL,actual_offshore_wind_generation,Wind Offshore | Actual Aggregated,2026-08-07T04:53:21Z
2026-08-07T04:50:48Z,2026-08-07T06:50:48+0200,9de41e72-ad84-4160-af68-c339f970a640,2026-07-19T05:30:00Z,2026-07-19T07:30:00+0200,10.867,MW,NL,NL,actual_offshore_wind_generation,Wind Offshore | Actual Consumption,2026-08-07T04:53:21Z
2026-08-07T04:50:48Z,2026-08-07T06:50:48+0200,9de41e72-ad84-4160-af68-c339f970a640,2026-07-19T05:45:00Z,2026-07-19T07:45:00+0200,2387.361,MW,NL,NL,actual_offshore_wind_generation,Wind Offshore | Actual Aggregated,2026-08-07T04:53:21Z
2026-08-07T04:50:48Z,2026-08-07T06:50:48+0200,9de41e72-ad84-4160-af68-c339f970a640,2026-07-19T05:45:00Z,2026-07-19T07:45:00+0200,4.067,MW,NL,NL,actual_offshore_wind_generation,Wind Offshore | Actual Consumption,2026-08-07T04:53:21Z
2026-08-07T04:50:48Z,2026-08-07T06:50:48+0200,9de41e72-ad84-4160-af68-c339f970a640,2026-07-19T06:00:00Z,2026-07-19T08:00:00+0200,2410.839,MW,NL,NL,actual_offshore_wind_generation,Wind Offshore | Actual Aggregated,2026-08-07T04:53:21Z
2026-08-07T04:50:48Z,2026-08-07T06:50:48+0200,9de41e72-ad84-4160-af68-c339f970a640,2026-07-19T06:00:00Z,2026-07-19T08:00:00+0200,1.987,MW,NL,NL,actual_offshore_wind_generation,Wind Offshore | Actual Consumption,2026-08-07T04:53:21Z
2026-08-07T04:50:48Z,2026-08-07T06:50:48+0200,9de41e72-ad84-4160-af68-c339f970a640,2026-07-19T06:15:00Z,2026-07-19T08:15:00+0200,2336.813,MW,NL,NL,actual_offshore_wind_generation,Wind Offshore | Actual Aggregated,2026-08-07T04:53:21Z
2026-08-07T04:50:48Z,2026-08-07T06:50:48+0200,9de41e72-ad84-4160-af68-c339f970a640,2026-07-19T06:15:00Z,2026-07-19T08:15:00+0200,6.242,MW,NL,NL,actual_offshore_wind_generation,Wind Offshore | Actual Consumption,2026-08-07T04:53:21Z
2026-08-07T04:50:48Z,2026-08-07T06:50:48+0200,9de41e72-ad84-4160-af68-c339f970a640,2026-07-19T06:30:00Z,2026-07-19T08:30:00+0200,2251.884,MW,NL,NL,actual_offshore_wind_generation,Wind Offshore | Actual Aggregated,2026-08-07T04:53:21Z
2026-08-07T04:50:48Z,2026-08-07T06:50:48+0200,9de41e72-ad84-4160-af68-c339f970a640,2026-07-19T06:30:00Z,2026-07-19T08:30:00+0200,5.528,MW,NL,NL,actual_offshore_wind_generation,Wind Offshore | Actual Consumption,2026-08-07T04:53:21Z
2026-08-07T04:50:48Z,2026-08-07T06:50:48+0200,9de41e72-ad84-4160-af68-c339f970a640,2026-07-19T06:45:00Z,2026-07-19T08:45:00+0200,2141.437,MW,NL,NL,actual_offshore_wind_generation,Wind Offshore | Actual Aggregated,2026-08-07T04:53:21Z
2026-08-07T04:50:48Z,2026-08-07T06:50:48+0200,9de41e72-ad84-4160-af68-c339f970a640,2026-07-19T06:45:00Z,2026-07-19T08:45:00+0200,3.391,MW,NL,NL,actual_offshore_wind_generation,Wind Offshore | Actual Consumption,2026-08-07T04:53:21Z
2026-08-07T04:50:48Z,2026-08-07T06:50:48+0200,9de41e72-ad84-4160-af68-c339f970a640,2026-07-19T07:00:00Z,2026-07-19T09:00:00+0200,2114.808,MW,NL,NL,actual_offshore_wind_generation,Wind Offshore | Actual Aggregated,2026-08-07T04:53:21Z
2026-08-07T04:50:48Z,2026-08-07T06:50:48+0200,9de41e72-ad84-4160-af68-c339f970a640,2026-07-19T07:00:00Z,2026-07-19T09:00:00+0200,3.43,MW,NL,NL,actual_offshore_wind_generation,Wind Offshore | Actual Consumption,2026-08-07T04:53:21Z
2026-08-07T04:50:48Z,2026-08-07T06:50:48+0200,9de41e72-ad84-4160-af68-c339f970a640,2026-07-19T07:15:00Z,2026-07-19T09:15:00+0200,2240.433,MW,NL,NL,actual_offshore_wind_generation,Wind Offshore | Actual Aggregated,2026-08-07T04:53:21Z
2026-08-07T04:50:48Z,2026-08-07T06:50:48+0200,9de41e72-ad84-4160-af68-c339f970a640,2026-07-19T07:15:00Z,2026-07-19T09:15:00+0200,4.358,MW,NL,NL,actual_offshore_wind_generation,Wind Offshore | Actual Consumption,2026-08-07T04:53:21Z
2026-08-07T04:50:48Z,2026-08-07T06:50:48+0200,9de41e72-ad84-4160-af68-c339f970a640,2026-07-19T07:30:00Z,2026-07-19T09:30:00+0200,2322.788,MW,NL,NL,actual_offshore_wind_generation,Wind Offshore | Actual Aggregated,2026-08-07T04:53:21Z
2026-08-07T04:50:48Z,2026-08-07T06:50:48+0200,9de41e72-ad84-4160-af68-c339f970a640,2026-07-19T07:30:00Z,2026-07-19T09:30:00+0200,5.696,MW,NL,NL,actual_offshore_wind_generation,Wind Offshore | Actual Consumption,2026-08-07T04:53:21Z
2026-08-07T04:50:48Z,2026-08-07T06:50:48+0200,9de41e72-ad84-4160-af68-c339f970a640,2026-07-19T07:45:00Z,2026-07-19T09:45:00+0200,2225.187,MW,NL,NL,actual_offshore_wind_generation,Wind Offshore | Actual Aggregated,2026-08-07T04:53:21Z
2026-08-07T04:50:48Z,2026-08-07T06:50:48+0200,9de41e72-ad84-4160-af68-c339f970a640,2026-07-19T07:45:00Z,2026-07-19T09:45:00+0200,5.096,MW,NL,NL,actual_offshore_wind_generation,Wind Offshore | Actual Consumption,2026-08-07T04:53:21Z
2026-08-07T04:50:48Z,2026-08-07T06:50:48+0200,9de41e72-ad84-4160-af68-c339f970a640,2026-07-19T08:00:00Z,2026-07-19T10:00:00+0200,2112.762,MW,NL,NL,actual_offshore_wind_generation,Wind Offshore | Actual Aggregated,2026-08-07T04:53:21Z
2026-08-07T04:50:48Z,2026-08-07T06:50:48+0200,9de41e72-ad84-4160-af68-c339f970a640,2026-07-19T08:00:00Z,2026-07-19T10:00:00+0200,2.004,MW,NL,NL,actual_offshore_wind_generation,Wind Offshore | Actual Consumption,2026-08-07T04:53:21Z
2026-08-07T04:50:48Z,2026-08-07T06:50:48+0200,9de41e72-ad84-4160-af68-c339f970a640,2026-07-19T08:15:00Z,2026-07-19T10:15:00+0200,1971.254,MW,NL,NL,actual_offshore_wind_generation,Wind Offshore | Actual Aggregated,2026-08-07T04:53:21Z
2026-08-07T04:50:48Z,2026-08-07T06:50:48+0200,9de41e72-ad84-4160-af68-c339f970a640,2026-07-19T08:15:00Z,2026-07-19T10:15:00+0200,3.981,MW,NL,NL,actual_offshore_wind_generation,Wind Offshore | Actual Consumption,2026-08-07T04:53:21Z
2026-08-07T04:50:48Z,2026-08-07T06:50:48+0200,9de41e72-ad84-4160-af68-c339f970a640,2026-07-19T08:30:00Z,2026-07-19T10:30:00+0200,1490.517,MW,NL,NL,actual_offshore_wind_generation,Wind Offshore | Actual Aggregated,2026-08-07T04:53:21Z
2026-08-07T04:50:48Z,2026-08-07T06:50:48+0200,9de41e72-ad84-4160-af68-c339f970a640,2026-07-19T08:30:00Z,2026-07-19T10:30:00+0200,1.993,MW,NL,NL,actual_offshore_wind_generation,Wind Offshore | Actual Consumption,2026-08-07T04:53:21Z
2026-08-07T04:50:48Z,2026-08-07T06:50:48+0200,9de41e72-ad84-4160-af68-c339f970a640,2026-07-19T08:45:00Z,2026-07-19T10:45:00+0200,1634.694,MW,NL,NL,actual_offshore_wind_generation,Wind Offshore | Actual Aggregated,2026-08-07T04:53:21Z
2026-08-07T04:50:48Z,2026-08-07T06:50:48+0200,9de41e72-ad84-4160-af68-c339f970a640,2026-07-19T08:45:00Z,2026-07-19T10:45:00+0200,2.005,MW,NL,NL,actual_offshore_wind_generation,Wind Offshore | Actual Consumption,2026-08-07T04:53:21Z
2026-08-07T04:50:48Z,2026-08-07T06:50:48+0200,9de41e72-ad84-4160-af68-c339f970a640,2026-07-19T09:00:00Z,2026-07-19T11:00:00+0200,2096.198,MW,NL,NL,actual_offshore_wind_generation,Wind Offshore | Actual Aggregated,2026-08-07T04:53:21Z
2026-08-07T04:50:48Z,2026-08-07T06:50:48+0200,9de41e72-ad84-4160-af68-c339f970a640,2026-07-19T09:00:00Z,2026-07-19T11:00:00+0200,3.285,MW,NL,NL,actual_offshore_wind_generation,Wind Offshore | Actual Consumption,2026-08-07T04:53:21Z
2026-08-07T04:50:48Z,2026-08-07T06:50:48+0200,9de41e72-ad84-4160-af68-c339f970a640,2026-07-19T09:15:00Z,2026-07-19T11:15:00+0200,2062.486,MW,NL,NL,actual_offshore_wind_generation,Wind Offshore | Actual Aggregated,2026-08-07T04:53:21Z
2026-08-07T04:50:48Z,2026-08-07T06:50:48+0200,9de41e72-ad84-4160-af68-c339f970a640,2026-07-19T09:15:00Z,2026-07-19T11:15:00+0200,3.243,MW,NL,NL,actual_offshore_wind_generation,Wind Offshore | Actual Consumption,2026-08-07T04:53:21Z
2026-08-07T04:50:48Z,2026-08-07T06:50:48+0200,9de41e72-ad84-4160-af68-c339f970a640,2026-07-19T09:30:00Z,2026-07-19T11:30:00+0200,2054.871,MW,NL,NL,actual_offshore_wind_generation,Wind Offshore | Actual Aggregated,2026-08-07T04:53:21Z
2026-08-07T04:50:48Z,2026-08-07T06:50:48+0200,9de41e72-ad84-4160-af68-c339f970a640,2026-07-19T09:30:00Z,2026-07-19T11:30:00+0200,2.842,MW,NL,NL,actual_offshore_wind_generation,Wind Offshore | Actual Consumption,2026-08-07T04:53:21Z
2026-08-07T04:50:48Z,2026-08-07T06:50:48+0200,9de41e72-ad84-4160-af68-c339f970a640,2026-07-19T09:45:00Z,2026-07-19T11:45:00+0200,2023.809,MW,NL,NL,actual_offshore_wind_generation,Wind Offshore | Actual Aggregated,2026-08-07T04:53:21Z
2026-08-07T04:50:48Z,2026-08-07T06:50:48+0200,9de41e72-ad84-4160-af68-c339f970a640,2026-07-19T09:45:00Z,2026-07-19T11:45:00+0200,3.611,MW,NL,NL,actual_offshore_wind_generation,Wind Offshore | Actual Consumption,2026-08-07T04:53:21Z
2026-08-07T04:50:48Z,2026-08-07T06:50:48+0200,9de41e72-ad84-4160-af68-c339f970a640,2026-07-19T10:00:00Z,2026-07-19T12:00:00+0200,2010.769,MW,NL,NL,actual_offshore_wind_generation,Wind Offshore | Actual Aggregated,2026-08-07T04:53:21Z
2026-08-07T04:50:48Z,2026-08-07T06:50:48+0200,9de41e72-ad84-4160-af68-c339f970a640,2026-07-19T10:00:00Z,2026-07-19T12:00:00+0200,3.151,MW,NL,NL,actual_offshore_wind_generation,Wind Offshore | Actual Consumption,2026-08-07T04:53:21Z
2026-08-07T04:50:48Z,2026-08-07T06:50:48+0200,9de41e72-ad84-4160-af68-c339f970a640,2026-07-19T10:15:00Z,2026-07-19T12:15:00+0200,2001.216,MW,NL,NL,actual_offshore_wind_generation,Wind Offshore | Actual Aggregated,2026-08-07T04:53:21Z
2026-08-07T04:50:48Z,2026-08-07T06:50:48+0200,9de41e72-ad84-4160-af68-c339f970a640,2026-07-19T10:15:00Z,2026-07-19T12:15:00+0200,2.706,MW,NL,NL,actual_offshore_wind_generation,Wind Offshore | Actual Consumption,2026-08-07T04:53:21Z
2026-08-07T04:50:48Z,2026-08-07T06:50:48+0200,9de41e72-ad84-4160-af68-c339f970a640,2026-07-19T10:30:00Z,2026-07-19T12:30:00+0200,1900.976,MW,NL,NL,actual_offshore_wind_generation,Wind Offshore | Actual Aggregated,2026-08-07T04:53:21Z
2026-08-07T04:50:48Z,2026-08-07T06:50:48+0200,9de41e72-ad84-4160-af68-c339f970a640,2026-07-19T10:30:00Z,2026-07-19T12:30:00+0200,2.309,MW,NL,NL,actual_offshore_wind_generation,Wind Offshore | Actual Consumption,2026-08-07T04:53:21Z
2026-08-07T04:50:48Z,2026-08-07T06:50:48+0200,9de41e72-ad84-4160-af68-c339f970a640,2026-07-19T10:45:00Z,2026-07-19T12:45:00+0200,1883.084,MW,NL,NL,actual_offshore_wind_generation,Wind Offshore | Actual Aggregated,2026-08-07T04:53:21Z
2026-08-07T04:50:48Z,2026-08-07T06:50:48+0200,9de41e72-ad84-4160-af68-c339f970a640,2026-07-19T10:45:00Z,2026-07-19T12:45:00+0200,2.47,MW,NL,NL,actual_offshore_wind_generation,Wind Offshore | Actual Consumption,2026-08-07T04:53:21Z
2026-08-07T04:50:48Z,2026-08-07T06:50:48+0200,9de41e72-ad84-4160-af68-c339f970a640,2026-07-19T11:00:00Z,2026-07-19T13:00:00+0200,1698.468,MW,NL,NL,actual_offshore_wind_generation,Wind Offshore | Actual Aggregated,2026-08-07T04:53:21Z
2026-08-07T04:50:48Z,2026-08-07T06:50:48+0200,9de41e72-ad84-4160-af68-c339f970a640,2026-07-19T11:00:00Z,2026-07-19T13:00:00+0200,3.862,MW,NL,NL,actual_offshore_wind_generation,Wind Offshore | Actual Consumption,2026-08-07T04:53:21Z
2026-08-07T04:50:48Z,2026-08-07T06:50:48+0200,9de41e72-ad84-4160-af68-c339f970a640,2026-07-19T11:15:00Z,2026-07-19T13:15:00+0200,1722.299,MW,NL,NL,actual_offshore_wind_generation,Wind Offshore | Actual Aggregated,2026-08-07T04:53:21Z
2026-08-07T04:50:48Z,2026-08-07T06:50:48+0200,9de41e72-ad84-4160-af68-c339f970a640,2026-07-19T11:15:00Z,2026-07-19T13:15:00+0200,1.993,MW,NL,NL,actual_offshore_wind_generation,Wind Offshore | Actual Consumption,2026-08-07T04:53:21Z
2026-08-07T04:50:48Z,2026-08-07T06:50:48+0200,9de41e72-ad84-4160-af68-c339f970a640,2026-07-19T11:30:00Z,2026-07-19T13:30:00+0200,1706.372,MW,NL,NL,actual_offshore_wind_generation,Wind Offshore | Actual Aggregated,2026-08-07T04:53:21Z
2026-08-07T04:50:48Z,2026-08-07T06:50:48+0200,9de41e72-ad84-4160-af68-c339f970a640,2026-07-19T11:30:00Z,2026-07-19T13:30:00+0200,2.028,MW,NL,NL,actual_offshore_wind_generation,Wind Offshore | Actual Consumption,2026-08-07T04:53:21Z
2026-08-07T04:50:48Z,2026-08-07T06:50:48+0200,9de41e72-ad84-4160-af68-c339f970a640,2026-07-19T11:45:00Z,2026-07-19T13:45:00+0200,1468.654,MW,NL,NL,actual_offshore_wind_generation,Wind Offshore | Actual Aggregated,2026-08-07T04:53:21Z
2026-08-07T04:50:48Z,2026-08-07T06:50:48+0200,9de41e72-ad84-4160-af68-c339f970a640,2026-07-19T11:45:00Z,2026-07-19T13:45:00+0200,1.992,MW,NL,NL,actual_offshore_wind_generation,Wind Offshore | Actual Consumption,2026-08-07T04:53:21Z
2026-08-07T04:50:48Z,2026-08-07T06:50:48+0200,9de41e72-ad84-4160-af68-c339f970a640,2026-07-19T12:00:00Z,2026-07-19T14:00:00+0200,1315.98,MW,NL,NL,actual_offshore_wind_generation,Wind Offshore | Actual Aggregated,2026-08-07T04:53:21Z
2026-08-07T04:50:48Z,2026-08-07T06:50:48+0200,9de41e72-ad84-4160-af68-c339f970a640,2026-07-19T12:00:00Z,2026-07-19T14:00:00+0200,2.14,MW,NL,NL,actual_offshore_wind_generation,Wind Offshore | Actual Consumption,2026-08-07T04:53:21Z
2026-08-07T04:50:48Z,2026-08-07T06:50:48+0200,9de41e72-ad84-4160-af68-c339f970a640,2026-07-19T12:15:00Z,2026-07-19T14:15:00+0200,1068.519,MW,NL,NL,actual_offshore_wind_generation,Wind Offshore | Actual Aggregated,2026-08-07T04:53:21Z
2026-08-07T04:50:48Z,2026-08-07T06:50:48+0200,9de41e72-ad84-4160-af68-c339f970a640,2026-07-19T12:15:00Z,2026-07-19T14:15:00+0200,2.034,MW,NL,NL,actual_offshore_wind_generation,Wind Offshore | Actual Consumption,2026-08-07T04:53:21Z
2026-08-07T04:50:48Z,2026-08-07T06:50:48+0200,9de41e72-ad84-4160-af68-c339f970a640,2026-07-19T12:30:00Z,2026-07-19T14:30:00+0200,887.218,MW,NL,NL,actual_offshore_wind_generation,Wind Offshore | Actual Aggregated,2026-08-07T04:53:21Z
2026-08-07T04:50:48Z,2026-08-07T06:50:48+0200,9de41e72-ad84-4160-af68-c339f970a640,2026-07-19T12:30:00Z,2026-07-19T14:30:00+0200,2.09,MW,NL,NL,actual_offshore_wind_generation,Wind Offshore | Actual Consumption,2026-08-07T04:53:21Z
2026-08-07T04:50:48Z,2026-08-07T06:50:48+0200,9de41e72-ad84-4160-af68-c339f970a640,2026-07-19T12:45:00Z,2026-07-19T14:45:00+0200,861.786,MW,NL,NL,actual_offshore_wind_generation,Wind Offshore | Actual Aggregated,2026-08-07T04:53:21Z
2026-08-07T04:50:48Z,2026-08-07T06:50:48+0200,9de41e72-ad84-4160-af68-c339f970a640,2026-07-19T12:45:00Z,2026-07-19T14:45:00+0200,2.209,MW,NL,NL,actual_offshore_wind_generation,Wind Offshore | Actual Consumption,2026-08-07T04:53:21Z
2026-08-07T04:50:48Z,2026-08-07T06:50:48+0200,9de41e72-ad84-4160-af68-c339f970a640,2026-07-19T13:00:00Z,2026-07-19T15:00:00+0200,872.655,MW,NL,NL,actual_offshore_wind_generation,Wind Offshore | Actual Aggregated,2026-08-07T04:53:21Z
2026-08-07T04:50:48Z,2026-08-07T06:50:48+0200,9de41e72-ad84-4160-af68-c339f970a640,2026-07-19T13:00:00Z,2026-07-19T15:00:00+0200,2.5,MW,NL,NL,actual_offshore_wind_generation,Wind Offshore | Actual Consumption,2026-08-07T04:53:21Z
2026-08-07T04:50:48Z,2026-08-07T06:50:48+0200,9de41e72-ad84-4160-af68-c339f970a640,2026-07-19T13:15:00Z,2026-07-19T15:15:00+0200,677.829,MW,NL,NL,actual_offshore_wind_generation,Wind Offshore | Actual Aggregated,2026-08-07T04:53:21Z
2026-08-07T04:50:48Z,2026-08-07T06:50:48+0200,9de41e72-ad84-4160-af68-c339f970a640,2026-07-19T13:15:00Z,2026-07-19T15:15:00+0200,2.552,MW,NL,NL,actual_offshore_wind_generation,Wind Offshore | Actual Consumption,2026-08-07T04:53:21Z
2026-08-07T04:50:48Z,2026-08-07T06:50:48+0200,9de41e72-ad84-4160-af68-c339f970a640,2026-07-19T13:30:00Z,2026-07-19T15:30:00+0200,730.358,MW,NL,NL,actual_offshore_wind_generation,Wind Offshore | Actual Aggregated,2026-08-07T04:53:21Z
2026-08-07T04:50:48Z,2026-08-07T06:50:48+0200,9de41e72-ad84-4160-af68-c339f970a640,2026-07-19T13:30:00Z,2026-07-19T15:30:00+0200,2.416,MW,NL,NL,actual_offshore_wind_generation,Wind Offshore | Actual Consumption,2026-08-07T04:53:21Z
2026-08-07T04:50:48Z,2026-08-07T06:50:48+0200,9de41e72-ad84-4160-af68-c339f970a640,2026-07-19T13:45:00Z,2026-07-19T15:45:00+0200,999.911,MW,NL,NL,actual_offshore_wind_generation,Wind Offshore | Actual Aggregated,2026-08-07T04:53:21Z
2026-08-07T04:50:48Z,2026-08-07T06:50:48+0200,9de41e72-ad84-4160-af68-c339f970a640,2026-07-19T13:45:00Z,2026-07-19T15:45:00+0200,2.325,MW,NL,NL,actual_offshore_wind_generation,Wind Offshore | Actual Consumption,2026-08-07T04:53:21Z
2026-08-07T04:50:48Z,2026-08-07T06:50:48+0200,9de41e72-ad84-4160-af68-c339f970a640,2026-07-19T14:00:00Z,2026-07-19T16:00:00+0200,1140.77,MW,NL,NL,actual_offshore_wind_generation,Wind Offshore | Actual Aggregated,2026-08-07T04:53:21Z
2026-08-07T04:50:48Z,2026-08-07T06:50:48+0200,9de41e72-ad84-4160-af68-c339f970a640,2026-07-19T14:00:00Z,2026-07-19T16:00:00+0200,2.016,MW,NL,NL,actual_offshore_wind_generation,Wind Offshore | Actual Consumption,2026-08-07T04:53:21Z
2026-08-07T04:50:48Z,2026-08-07T06:50:48+0200,9de41e72-ad84-4160-af68-c339f970a640,2026-07-19T14:15:00Z,2026-07-19T16:15:00+0200,1115.342,MW,NL,NL,actual_offshore_wind_generation,Wind Offshore | Actual Aggregated,2026-08-07T04:53:21Z
2026-08-07T04:50:48Z,2026-08-07T06:50:48+0200,9de41e72-ad84-4160-af68-c339f970a640,2026-07-19T14:15:00Z,2026-07-19T16:15:00+0200,2.403,MW,NL,NL,actual_offshore_wind_generation,Wind Offshore | Actual Consumption,2026-08-07T04:53:21Z
2026-08-07T04:50:48Z,2026-08-07T06:50:48+0200,9de41e72-ad84-4160-af68-c339f970a640,2026-07-19T14:30:00Z,2026-07-19T16:30:00+0200,1117.252,MW,NL,NL,actual_offshore_wind_generation,Wind Offshore | Actual Aggregated,2026-08-07T04:53:21Z
2026-08-07T04:50:48Z,2026-08-07T06:50:48+0200,9de41e72-ad84-4160-af68-c339f970a640,2026-07-19T14:30:00Z,2026-07-19T16:30:00+0200,2.407,MW,NL,NL,actual_offshore_wind_generation,Wind Offshore | Actual Consumption,2026-08-07T04:53:21Z
2026-08-07T04:50:48Z,2026-08-07T06:50:48+0200,9de41e72-ad84-4160-af68-c339f970a640,2026-07-19T14:45:00Z,2026-07-19T16:45:00+0200,1295.354,MW,NL,NL,actual_offshore_wind_generation,Wind Offshore | Actual Aggregated,2026-08-07T04:53:21Z
2026-08-07T04:50:48Z,2026-08-07T06:50:48+0200,9de41e72-ad84-4160-af68-c339f970a640,2026-07-19T14:45:00Z,2026-07-19T16:45:00+0200,6.991,MW,NL,NL,actual_offshore_wind_generation,Wind Offshore | Actual Consumption,2026-08-07T04:53:21Z
2026-08-07T04:50:48Z,2026-08-07T06:50:48+0200,9de41e72-ad84-4160-af68-c339f970a640,2026-07-19T15:00:00Z,2026-07-19T17:00:00+0200,1081.056,MW,NL,NL,actual_offshore_wind_generation,Wind Offshore | Actual Aggregated,2026-08-07T04:53:21Z
2026-08-07T04:50:48Z,2026-08-07T06:50:48+0200,9de41e72-ad84-4160-af68-c339f970a640,2026-07-19T15:00:00Z,2026-07-19T17:00:00+0200,4.561,MW,NL,NL,actual_offshore_wind_generation,Wind Offshore | Actual Consumption,2026-08-07T04:53:21Z
2026-08-07T04:50:48Z,2026-08-07T06:50:48+0200,9de41e72-ad84-4160-af68-c339f970a640,2026-07-19T15:15:00Z,2026-07-19T17:15:00+0200,1237.411,MW,NL,NL,actual_offshore_wind_generation,Wind Offshore | Actual Aggregated,2026-08-07T04:53:21Z
2026-08-07T04:50:48Z,2026-08-07T06:50:48+0200,9de41e72-ad84-4160-af68-c339f970a640,2026-07-19T15:15:00Z,2026-07-19T17:15:00+0200,3.646,MW,NL,NL,actual_offshore_wind_generation,Wind Offshore | Actual Consumption,2026-08-07T04:53:21Z
2026-08-07T04:50:48Z,2026-08-07T06:50:48+0200,9de41e72-ad84-4160-af68-c339f970a640,2026-07-19T15:30:00Z,2026-07-19T17:30:00+0200,1661.451,MW,NL,NL,actual_offshore_wind_generation,Wind Offshore | Actual Aggregated,2026-08-07T04:53:21Z
2026-08-07T04:50:48Z,2026-08-07T06:50:48+0200,9de41e72-ad84-4160-af68-c339f970a640,2026-07-19T15:30:00Z,2026-07-19T17:30:00+0200,4.641,MW,NL,NL,actual_offshore_wind_generation,Wind Offshore | Actual Consumption,2026-08-07T04:53:21Z
2026-08-07T04:50:48Z,2026-08-07T06:50:48+0200,9de41e72-ad84-4160-af68-c339f970a640,2026-07-19T15:45:00Z,2026-07-19T17:45:00+0200,1367.415,MW,NL,NL,actual_offshore_wind_generation,Wind Offshore | Actual Aggregated,2026-08-07T04:53:21Z
2026-08-07T04:50:48Z,2026-08-07T06:50:48+0200,9de41e72-ad84-4160-af68-c339f970a640,2026-07-19T15:45:00Z,2026-07-19T17:45:00+0200,11.348,MW,NL,NL,actual_offshore_wind_generation,Wind Offshore | Actual Consumption,2026-08-07T04:53:21Z
2026-08-07T04:50:48Z,2026-08-07T06:50:48+0200,9de41e72-ad84-4160-af68-c339f970a640,2026-07-19T16:00:00Z,2026-07-19T18:00:00+0200,2137.133,MW,NL,NL,actual_offshore_wind_generation,Wind Offshore | Actual Aggregated,2026-08-07T04:53:21Z
2026-08-07T04:50:48Z,2026-08-07T06:50:48+0200,9de41e72-ad84-4160-af68-c339f970a640,2026-07-19T16:00:00Z,2026-07-19T18:00:00+0200,8.701,MW,NL,NL,actual_offshore_wind_generation,Wind Offshore | Actual Consumption,2026-08-07T04:53:21Z
2026-08-07T04:50:48Z,2026-08-07T06:50:48+0200,9de41e72-ad84-4160-af68-c339f970a640,2026-07-19T16:15:00Z,2026-07-19T18:15:00+0200,2251.988,MW,NL,NL,actual_offshore_wind_generation,Wind Offshore | Actual Aggregated,2026-08-07T04:53:21Z
2026-08-07T04:50:48Z,2026-08-07T06:50:48+0200,9de41e72-ad84-4160-af68-c339f970a640,2026-07-19T16:15:00Z,2026-07-19T18:15:00+0200,3.804,MW,NL,NL,actual_offshore_wind_generation,Wind Offshore | Actual Consumption,2026-08-07T04:53:21Z
2026-08-07T04:50:48Z,2026-08-07T06:50:48+0200,9de41e72-ad84-4160-af68-c339f970a640,2026-07-19T16:30:00Z,2026-07-19T18:30:00+0200,2277.727,MW,NL,NL,actual_offshore_wind_generation,Wind Offshore | Actual Aggregated,2026-08-07T04:53:21Z
2026-08-07T04:50:48Z,2026-08-07T06:50:48+0200,9de41e72-ad84-4160-af68-c339f970a640,2026-07-19T16:30:00Z,2026-07-19T18:30:00+0200,4.566,MW,NL,NL,actual_offshore_wind_generation,Wind Offshore | Actual Consumption,2026-08-07T04:53:21Z
2026-08-07T04:50:48Z,2026-08-07T06:50:48+0200,9de41e72-ad84-4160-af68-c339f970a640,2026-07-19T16:45:00Z,2026-07-19T18:45:00+0200,2234.551,MW,NL,NL,actual_offshore_wind_generation,Wind Offshore | Actual Aggregated,2026-08-07T04:53:21Z
2026-08-07T04:50:48Z,2026-08-07T06:50:48+0200,9de41e72-ad84-4160-af68-c339f970a640,2026-07-19T16:45:00Z,2026-07-19T18:45:00+0200,8.628,MW,NL,NL,actual_offshore_wind_generation,Wind Offshore | Actual Consumption,2026-08-07T04:53:21Z
2026-08-07T04:50:48Z,2026-08-07T06:50:48+0200,9de41e72-ad84-4160-af68-c339f970a640,2026-07-19T17:00:00Z,2026-07-19T19:00:00+0200,2178.042,MW,NL,NL,actual_offshore_wind_generation,Wind Offshore | Actual Aggregated,2026-08-07T04:53:21Z
2026-08-07T04:50:48Z,2026-08-07T06:50:48+0200,9de41e72-ad84-4160-af68-c339f970a640,2026-07-19T17:00:00Z,2026-07-19T19:00:00+0200,7.107,MW,NL,NL,actual_offshore_wind_generation,Wind Offshore | Actual Consumption,2026-08-07T04:53:21Z
2026-08-07T04:50:48Z,2026-08-07T06:50:48+0200,9de41e72-ad84-4160-af68-c339f970a640,2026-07-19T17:15:00Z,2026-07-19T19:15:00+0200,2127.935,MW,NL,NL,actual_offshore_wind_generation,Wind Offshore | Actual Aggregated,2026-08-07T04:53:21Z
2026-08-07T04:50:48Z,2026-08-07T06:50:48+0200,9de41e72-ad84-4160-af68-c339f970a640,2026-07-19T17:15:00Z,2026-07-19T19:15:00+0200,6.354,MW,NL,NL,actual_offshore_wind_generation,Wind Offshore | Actual Consumption,2026-08-07T04:53:21Z
2026-08-07T04:50:48Z,2026-08-07T06:50:48+0200,9de41e72-ad84-4160-af68-c339f970a640,2026-07-19T17:30:00Z,2026-07-19T19:30:00+0200,2160.998,MW,NL,NL,actual_offshore_wind_generation,Wind Offshore | Actual Aggregated,2026-08-07T04:53:21Z
2026-08-07T04:50:48Z,2026-08-07T06:50:48+0200,9de41e72-ad84-4160-af68-c339f970a640,2026-07-19T17:30:00Z,2026-07-19T19:30:00+0200,6.201,MW,NL,NL,actual_offshore_wind_generation,Wind Offshore | Actual Consumption,2026-08-07T04:53:21Z
2026-08-07T04:50:48Z,2026-08-07T06:50:48+0200,9de41e72-ad84-4160-af68-c339f970a640,2026-07-19T17:45:00Z,2026-07-19T19:45:00+0200,2379.01,MW,NL,NL,actual_offshore_wind_generation,Wind Offshore | Actual Aggregated,2026-08-07T04:53:21Z
2026-08-07T04:50:48Z,2026-08-07T06:50:48+0200,9de41e72-ad84-4160-af68-c339f970a640,2026-07-19T17:45:00Z,2026-07-19T19:45:00+0200,7.745,MW,NL,NL,actual_offshore_wind_generation,Wind Offshore | Actual Consumption,2026-08-07T04:53:21Z
2026-08-07T04:50:48Z,2026-08-07T06:50:48+0200,9de41e72-ad84-4160-af68-c339f970a640,2026-07-19T18:00:00Z,2026-07-19T20:00:00+0200,2439.819,MW,NL,NL,actual_offshore_wind_generation,Wind Offshore | Actual Aggregated,2026-08-07T04:53:21Z
2026-08-07T04:50:48Z,2026-08-07T06:50:48+0200,9de41e72-ad84-4160-af68-c339f970a640,2026-07-19T18:00:00Z,2026-07-19T20:00:00+0200,8.433,MW,NL,NL,actual_offshore_wind_generation,Wind Offshore | Actual Consumption,2026-08-07T04:53:21Z
2026-08-07T04:50:48Z,2026-08-07T06:50:48+0200,9de41e72-ad84-4160-af68-c339f970a640,2026-07-19T18:15:00Z,2026-07-19T20:15:00+0200,2380.436,MW,NL,NL,actual_offshore_wind_generation,Wind Offshore | Actual Aggregated,2026-08-07T04:53:21Z
2026-08-07T04:50:48Z,2026-08-07T06:50:48+0200,9de41e72-ad84-4160-af68-c339f970a640,2026-07-19T18:15:00Z,2026-07-19T20:15:00+0200,7.684,MW,NL,NL,actual_offshore_wind_generation,Wind Offshore | Actual Consumption,2026-08-07T04:53:21Z
2026-08-07T04:50:48Z,2026-08-07T06:50:48+0200,9de41e72-ad84-4160-af68-c339f970a640,2026-07-19T18:30:00Z,2026-07-19T20:30:00+0200,2120.437,MW,NL,NL,actual_offshore_wind_generation,Wind Offshore | Actual Aggregated,2026-08-07T04:53:21Z
2026-08-07T04:50:48Z,2026-08-07T06:50:48+0200,9de41e72-ad84-4160-af68-c339f970a640,2026-07-19T18:30:00Z,2026-07-19T20:30:00+0200,8.967,MW,NL,NL,actual_offshore_wind_generation,Wind Offshore | Actual Consumption,2026-08-07T04:53:21Z
2026-08-07T04:50:48Z,2026-08-07T06:50:48+0200,9de41e72-ad84-4160-af68-c339f970a640,2026-07-19T18:45:00Z,2026-07-19T20:45:00+0200,1941.226,MW,NL,NL,actual_offshore_wind_generation,Wind Offshore | Actual Aggregated,2026-08-07T04:53:21Z
2026-08-07T04:50:48Z,2026-08-07T06:50:48+0200,9de41e72-ad84-4160-af68-c339f970a640,2026-07-19T18:45:00Z,2026-07-19T20:45:00+0200,6.963,MW,NL,NL,actual_offshore_wind_generation,Wind Offshore | Actual Consumption,2026-08-07T04:53:21Z
2026-08-07T04:50:48Z,2026-08-07T06:50:48+0200,9de41e72-ad84-4160-af68-c339f970a640,2026-07-19T19:00:00Z,2026-07-19T21:00:00+0200,2000.588,MW,NL,NL,actual_offshore_wind_generation,Wind Offshore | Actual Aggregated,2026-08-07T04:53:21Z
2026-08-07T04:50:48Z,2026-08-07T06:50:48+0200,9de41e72-ad84-4160-af68-c339f970a640,2026-07-19T19:00:00Z,2026-07-19T21:00:00+0200,6.562,MW,NL,NL,actual_offshore_wind_generation,Wind Offshore | Actual Consumption,2026-08-07T04:53:21Z
2026-08-07T04:50:48Z,2026-08-07T06:50:48+0200,9de41e72-ad84-4160-af68-c339f970a640,2026-07-19T19:15:00Z,2026-07-19T21:15:00+0200,2011.616,MW,NL,NL,actual_offshore_wind_generation,Wind Offshore | Actual Aggregated,2026-08-07T04:53:21Z
2026-08-07T04:50:48Z,2026-08-07T06:50:48+0200,9de41e72-ad84-4160-af68-c339f970a640,2026-07-19T19:15:00Z,2026-07-19T21:15:00+0200,5.724,MW,NL,NL,actual_offshore_wind_generation,Wind Offshore | Actual Consumption,2026-08-07T04:53:21Z
2026-08-07T04:50:48Z,2026-08-07T06:50:48+0200,9de41e72-ad84-4160-af68-c339f970a640,2026-07-19T19:30:00Z,2026-07-19T21:30:00+0200,1921.752,MW,NL,NL,actual_offshore_wind_generation,Wind Offshore | Actual Aggregated,2026-08-07T04:53:21Z
2026-08-07T04:50:48Z,2026-08-07T06:50:48+0200,9de41e72-ad84-4160-af68-c339f970a640,2026-07-19T19:30:00Z,2026-07-19T21:30:00+0200,4.6,MW,NL,NL,actual_offshore_wind_generation,Wind Offshore | Actual Consumption,2026-08-07T04:53:21Z
2026-08-07T04:50:48Z,2026-08-07T06:50:48+0200,9de41e72-ad84-4160-af68-c339f970a640,2026-07-19T19:45:00Z,2026-07-19T21:45:00+0200,1745.206,MW,NL,NL,actual_offshore_wind_generation,Wind Offshore | Actual Aggregated,2026-08-07T04:53:21Z
2026-08-07T04:50:48Z,2026-08-07T06:50:48+0200,9de41e72-ad84-4160-af68-c339f970a640,2026-07-19T19:45:00Z,2026-07-19T21:45:00+0200,5.884,MW,NL,NL,actual_offshore_wind_generation,Wind Offshore | Actual Consumption,2026-08-07T04:53:21Z
2026-08-07T04:50:48Z,2026-08-07T06:50:48+0200,9de41e72-ad84-4160-af68-c339f970a640,2026-07-19T20:00:00Z,2026-07-19T22:00:00+0200,1660.149,MW,NL,NL,actual_offshore_wind_generation,Wind Offshore | Actual Aggregated,2026-08-07T04:53:21Z
2026-08-07T04:50:48Z,2026-08-07T06:50:48+0200,9de41e72-ad84-4160-af68-c339f970a640,2026-07-19T20:00:00Z,2026-07-19T22:00:00+0200,6.83,MW,NL,NL,actual_offshore_wind_generation,Wind Offshore | Actual Consumption,2026-08-07T04:53:21Z
2026-08-07T04:50:48Z,2026-08-07T06:50:48+0200,9de41e72-ad84-4160-af68-c339f970a640,2026-07-19T20:15:00Z,2026-07-19T22:15:00+0200,1668.027,MW,NL,NL,actual_offshore_wind_generation,Wind Offshore | Actual Aggregated,2026-08-07T04:53:21Z
2026-08-07T04:50:48Z,2026-08-07T06:50:48+0200,9de41e72-ad84-4160-af68-c339f970a640,2026-07-19T20:15:00Z,2026-07-19T22:15:00+0200,6.139,MW,NL,NL,actual_offshore_wind_generation,Wind Offshore | Actual Consumption,2026-08-07T04:53:21Z
2026-08-07T04:50:48Z,2026-08-07T06:50:48+0200,9de41e72-ad84-4160-af68-c339f970a640,2026-07-19T20:30:00Z,2026-07-19T22:30:00+0200,1712.2,MW,NL,NL,actual_offshore_wind_generation,Wind Offshore | Actual Aggregated,2026-08-07T04:53:21Z
2026-08-07T04:50:48Z,2026-08-07T06:50:48+0200,9de41e72-ad84-4160-af68-c339f970a640,2026-07-19T20:30:00Z,2026-07-19T22:30:00+0200,6.469,MW,NL,NL,actual_offshore_wind_generation,Wind Offshore | Actual Consumption,2026-08-07T04:53:21Z
2026-08-07T04:50:48Z,2026-08-07T06:50:48+0200,9de41e72-ad84-4160-af68-c339f970a640,2026-07-19T20:45:00Z,2026-07-19T22:45:00+0200,1853.072,MW,NL,NL,actual_offshore_wind_generation,Wind Offshore | Actual Aggregated,2026-08-07T04:53:21Z
2026-08-07T04:50:48Z,2026-08-07T06:50:48+0200,9de41e72-ad84-4160-af68-c339f970a640,2026-07-19T20:45:00Z,2026-07-19T22:45:00+0200,5.132,MW,NL,NL,actual_offshore_wind_generation,Wind Offshore | Actual Consumption,2026-08-07T04:53:21Z
2026-08-07T04:50:48Z,2026-08-07T06:50:48+0200,9de41e72-ad84-4160-af68-c339f970a640,2026-07-19T21:00:00Z,2026-07-19T23:00:00+0200,2108.028,MW,NL,NL,actual_offshore_wind_generation,Wind Offshore | Actual Aggregated,2026-08-07T04:53:21Z
2026-08-07T04:50:48Z,2026-08-07T06:50:48+0200,9de41e72-ad84-4160-af68-c339f970a640,2026-07-19T21:00:00Z,2026-07-19T23:00:00+0200,10.268,MW,NL,NL,actual_offshore_wind_generation,Wind Offshore | Actual Consumption,2026-08-07T04:53:21Z
2026-08-07T04:50:48Z,2026-08-07T06:50:48+0200,9de41e72-ad84-4160-af68-c339f970a640,2026-07-19T21:15:00Z,2026-07-19T23:15:00+0200,1817.035,MW,NL,NL,actual_offshore_wind_generation,Wind Offshore | Actual Aggregated,2026-08-07T04:53:21Z
2026-08-07T04:50:48Z,2026-08-07T06:50:48+0200,9de41e72-ad84-4160-af68-c339f970a640,2026-07-19T21:15:00Z,2026-07-19T23:15:00+0200,6.868,MW,NL,NL,actual_offshore_wind_generation,Wind Offshore | Actual Consumption,2026-08-07T04:53:21Z
2026-08-07T04:50:48Z,2026-08-07T06:50:48+0200,9de41e72-ad84-4160-af68-c339f970a640,2026-07-19T21:30:00Z,2026-07-19T23:30:00+0200,2010.871,MW,NL,NL,actual_offshore_wind_generation,Wind Offshore | Actual Aggregated,2026-08-07T04:53:21Z
2026-08-07T04:50:48Z,2026-08-07T06:50:48+0200,9de41e72-ad84-4160-af68-c339f970a640,2026-07-19T21:30:00Z,2026-07-19T23:30:00+0200,5.259,MW,NL,NL,actual_offshore_wind_generation,Wind Offshore | Actual Consumption,2026-08-07T04:53:21Z
2026-08-07T04:50:48Z,2026-08-07T06:50:48+0200,9de41e72-ad84-4160-af68-c339f970a640,2026-07-19T21:45:00Z,2026-07-19T23:45:00+0200,2085.219,MW,NL,NL,actual_offshore_wind_generation,Wind Offshore | Actual Aggregated,2026-08-07T04:53:21Z
2026-08-07T04:50:48Z,2026-08-07T06:50:48+0200,9de41e72-ad84-4160-af68-c339f970a640,2026-07-19T21:45:00Z,2026-07-19T23:45:00+0200,4.222,MW,NL,NL,actual_offshore_wind_generation,Wind Offshore | Actual Consumption,2026-08-07T04:53:21Z
2026-08-07T04:50:48Z,2026-08-07T06:50:48+0200,9de41e72-ad84-4160-af68-c339f970a640,2026-07-19T22:00:00Z,2026-07-20T00:00:00+0200,2220.972,MW,NL,NL,actual_offshore_wind_generation,Wind Offshore | Actual Aggregated,2026-08-07T04:53:21Z
2026-08-07T04:50:48Z,2026-08-07T06:50:48+0200,9de41e72-ad84-4160-af68-c339f970a640,2026-07-19T22:00:00Z,2026-07-20T00:00:00+0200,3.656,MW,NL,NL,actual_offshore_wind_generation,Wind Offshore | Actual Consumption,2026-08-07T04:53:21Z
2026-08-07T04:50:48Z,2026-08-07T06:50:48+0200,9de41e72-ad84-4160-af68-c339f970a640,2026-07-19T22:15:00Z,2026-07-20T00:15:00+0200,2375.175,MW,NL,NL,actual_offshore_wind_generation,Wind Offshore | Actual Aggregated,2026-08-07T04:53:21Z
2026-08-07T04:50:48Z,2026-08-07T06:50:48+0200,9de41e72-ad84-4160-af68-c339f970a640,2026-07-19T22:15:00Z,2026-07-20T00:15:00+0200,7.775,MW,NL,NL,actual_offshore_wind_generation,Wind Offshore | Actual Consumption,2026-08-07T04:53:21Z
2026-08-07T04:50:48Z,2026-08-07T06:50:48+0200,9de41e72-ad84-4160-af68-c339f970a640,2026-07-19T22:30:00Z,2026-07-20T00:30:00+0200,2526.603,MW,NL,NL,actual_offshore_wind_generation,Wind Offshore | Actual Aggregated,2026-08-07T04:53:21Z
2026-08-07T04:50:48Z,2026-08-07T06:50:48+0200,9de41e72-ad84-4160-af68-c339f970a640,2026-07-19T22:30:00Z,2026-07-20T00:30:00+0200,9.618,MW,NL,NL,actual_offshore_wind_generation,Wind Offshore | Actual Consumption,2026-08-07T04:53:21Z
2026-08-07T04:50:48Z,2026-08-07T06:50:48+0200,9de41e72-ad84-4160-af68-c339f970a640,2026-07-19T22:45:00Z,2026-07-20T00:45:00+0200,2690.145,MW,NL,NL,actual_offshore_wind_generation,Wind Offshore | Actual Aggregated,2026-08-07T04:53:21Z
2026-08-07T04:50:48Z,2026-08-07T06:50:48+0200,9de41e72-ad84-4160-af68-c339f970a640,2026-07-19T22:45:00Z,2026-07-20T00:45:00+0200,7.111,MW,NL,NL,actual_offshore_wind_generation,Wind Offshore | Actual Consumption,2026-08-07T04:53:21Z
2026-08-07T04:50:48Z,2026-08-07T06:50:48+0200,9de41e72-ad84-4160-af68-c339f970a640,2026-07-19T23:00:00Z,2026-07-20T01:00:00+0200,2632.358,MW,NL,NL,actual_offshore_wind_generation,Wind Offshore | Actual Aggregated,2026-08-07T04:53:21Z
2026-08-07T04:50:48Z,2026-08-07T06:50:48+0200,9de41e72-ad84-4160-af68-c339f970a640,2026-07-19T23:00:00Z,2026-07-20T01:00:00+0200,8.821,MW,NL,NL,actual_offshore_wind_generation,Wind Offshore | Actual Consumption,2026-08-07T04:53:21Z
2026-08-07T04:50:48Z,2026-08-07T06:50:48+0200,9de41e72-ad84-4160-af68-c339f970a640,2026-07-19T23:15:00Z,2026-07-20T01:15:00+0200,2518.697,MW,NL,NL,actual_offshore_wind_generation,Wind Offshore | Actual Aggregated,2026-08-07T04:53:21Z
2026-08-07T04:50:48Z,2026-08-07T06:50:48+0200,9de41e72-ad84-4160-af68-c339f970a640,2026-07-19T23:15:00Z,2026-07-20T01:15:00+0200,9.779,MW,NL,NL,actual_offshore_wind_generation,Wind Offshore | Actual Consumption,2026-08-07T04:53:21Z
2026-08-07T04:50:48Z,2026-08-07T06:50:48+0200,9de41e72-ad84-4160-af68-c339f970a640,2026-07-19T23:30:00Z,2026-07-20T01:30:00+0200,2426.59,MW,NL,NL,actual_offshore_wind_generation,Wind Offshore | Actual Aggregated,2026-08-07T04:53:21Z
2026-08-07T04:50:48Z,2026-08-07T06:50:48+0200,9de41e72-ad84-4160-af68-c339f970a640,2026-07-19T23:30:00Z,2026-07-20T01:30:00+0200,8.492,MW,NL,NL,actual_offshore_wind_generation,Wind Offshore | Actual Consumption,2026-08-07T04:53:21Z
2026-08-07T04:50:48Z,2026-08-07T06:50:48+0200,9de41e72-ad84-4160-af68-c339f970a640,2026-07-19T23:45:00Z,2026-07-20T01:45:00+0200,2333.131,MW,NL,NL,actual_offshore_wind_generation,Wind Offshore | Actual Aggregated,2026-08-07T04:53:21Z
2026-08-07T04:50:48Z,2026-08-07T06:50:48+0200,9de41e72-ad84-4160-af68-c339f970a640,2026-07-19T23:45:00Z,2026-07-20T01:45:00+0200,5.5,MW,NL,NL,actual_offshore_wind_generation,Wind Offshore | Actual Consumption,2026-08-07T04:53:21Z
2026-08-07T04:50:48Z,2026-08-07T06:50:48+0200,9de41e72-ad84-4160-af68-c339f970a640,2026-07-20T00:00:00Z,2026-07-20T02:00:00+0200,2379.861,MW,NL,NL,actual_offshore_wind_generation,Wind Offshore | Actual Aggregated,2026-08-07T04:53:21Z
2026-08-07T04:50:48Z,2026-08-07T06:50:48+0200,9de41e72-ad84-4160-af68-c339f970a640,2026-07-20T00:00:00Z,2026-07-20T02:00:00+0200,6.248,MW,NL,NL,actual_offshore_wind_generation,Wind Offshore | Actual Consumption,2026-08-07T04:53:21Z
2026-08-07T04:50:48Z,2026-08-07T06:50:48+0200,9de41e72-ad84-4160-af68-c339f970a640,2026-07-20T00:15:00Z,2026-07-20T02:15:00+0200,2373.461,MW,NL,NL,actual_offshore_wind_generation,Wind Offshore | Actual Aggregated,2026-08-07T04:53:21Z
2026-08-07T04:50:48Z,2026-08-07T06:50:48+0200,9de41e72-ad84-4160-af68-c339f970a640,2026-07-20T00:15:00Z,2026-07-20T02:15:00+0200,7.862,MW,NL,NL,actual_offshore_wind_generation,Wind Offshore | Actual Consumption,2026-08-07T04:53:21Z
2026-08-07T04:50:48Z,2026-08-07T06:50:48+0200,9de41e72-ad84-4160-af68-c339f970a640,2026-07-20T00:30:00Z,2026-07-20T02:30:00+0200,2251.99,MW,NL,NL,actual_offshore_wind_generation,Wind Offshore | Actual Aggregated,2026-08-07T04:53:21Z
2026-08-07T04:50:48Z,2026-08-07T06:50:48+0200,9de41e72-ad84-4160-af68-c339f970a640,2026-07-20T00:30:00Z,2026-07-20T02:30:00+0200,7.951,MW,NL,NL,actual_offshore_wind_generation,Wind Offshore | Actual Consumption,2026-08-07T04:53:21Z
2026-08-07T04:50:48Z,2026-08-07T06:50:48+0200,9de41e72-ad84-4160-af68-c339f970a640,2026-07-20T00:45:00Z,2026-07-20T02:45:00+0200,2119.955,MW,NL,NL,actual_offshore_wind_generation,Wind Offshore | Actual Aggregated,2026-08-07T04:53:21Z
2026-08-07T04:50:48Z,2026-08-07T06:50:48+0200,9de41e72-ad84-4160-af68-c339f970a640,2026-07-20T00:45:00Z,2026-07-20T02:45:00+0200,7.969,MW,NL,NL,actual_offshore_wind_generation,Wind Offshore | Actual Consumption,2026-08-07T04:53:21Z
2026-08-07T04:50:48Z,2026-08-07T06:50:48+0200,9de41e72-ad84-4160-af68-c339f970a640,2026-07-20T01:00:00Z,2026-07-20T03:00:00+0200,2207.041,MW,NL,NL,actual_offshore_wind_generation,Wind Offshore | Actual Aggregated,2026-08-07T04:53:21Z
2026-08-07T04:50:48Z,2026-08-07T06:50:48+0200,9de41e72-ad84-4160-af68-c339f970a640,2026-07-20T01:00:00Z,2026-07-20T03:00:00+0200,7.402,MW,NL,NL,actual_offshore_wind_generation,Wind Offshore | Actual Consumption,2026-08-07T04:53:21Z
2026-08-07T04:50:48Z,2026-08-07T06:50:48+0200,9de41e72-ad84-4160-af68-c339f970a640,2026-07-20T01:15:00Z,2026-07-20T03:15:00+0200,2322.09,MW,NL,NL,actual_offshore_wind_generation,Wind Offshore | Actual Aggregated,2026-08-07T04:53:21Z
2026-08-07T04:50:48Z,2026-08-07T06:50:48+0200,9de41e72-ad84-4160-af68-c339f970a640,2026-07-20T01:15:00Z,2026-07-20T03:15:00+0200,8.428,MW,NL,NL,actual_offshore_wind_generation,Wind Offshore | Actual Consumption,2026-08-07T04:53:21Z
2026-08-07T04:50:48Z,2026-08-07T06:50:48+0200,9de41e72-ad84-4160-af68-c339f970a640,2026-07-20T01:30:00Z,2026-07-20T03:30:00+0200,2223.922,MW,NL,NL,actual_offshore_wind_generation,Wind Offshore | Actual Aggregated,2026-08-07T04:53:21Z
2026-08-07T04:50:48Z,2026-08-07T06:50:48+0200,9de41e72-ad84-4160-af68-c339f970a640,2026-07-20T01:30:00Z,2026-07-20T03:30:00+0200,3.536,MW,NL,NL,actual_offshore_wind_generation,Wind Offshore | Actual Consumption,2026-08-07T04:53:21Z
2026-08-07T04:50:48Z,2026-08-07T06:50:48+0200,9de41e72-ad84-4160-af68-c339f970a640,2026-07-20T01:45:00Z,2026-07-20T03:45:00+0200,2198.283,MW,NL,NL,actual_offshore_wind_generation,Wind Offshore | Actual Aggregated,2026-08-07T04:53:21Z
2026-08-07T04:50:48Z,2026-08-07T06:50:48+0200,9de41e72-ad84-4160-af68-c339f970a640,2026-07-20T01:45:00Z,2026-07-20T03:45:00+0200,2.839,MW,NL,NL,actual_offshore_wind_generation,Wind Offshore | Actual Consumption,2026-08-07T04:53:21Z
2026-08-07T04:50:48Z,2026-08-07T06:50:48+0200,9de41e72-ad84-4160-af68-c339f970a640,2026-07-20T02:00:00Z,2026-07-20T04:00:00+0200,2015.56,MW,NL,NL,actual_offshore_wind_generation,Wind Offshore | Actual Aggregated,2026-08-07T04:53:21Z
2026-08-07T04:50:48Z,2026-08-07T06:50:48+0200,9de41e72-ad84-4160-af68-c339f970a640,2026-07-20T02:00:00Z,2026-07-20T04:00:00+0200,5.494,MW,NL,NL,actual_offshore_wind_generation,Wind Offshore | Actual Consumption,2026-08-07T04:53:21Z
2026-08-07T04:50:48Z,2026-08-07T06:50:48+0200,9de41e72-ad84-4160-af68-c339f970a640,2026-07-20T02:15:00Z,2026-07-20T04:15:00+0200,2155.115,MW,NL,NL,actual_offshore_wind_generation,Wind Offshore | Actual Aggregated,2026-08-07T04:53:21Z
2026-08-07T04:50:48Z,2026-08-07T06:50:48+0200,9de41e72-ad84-4160-af68-c339f970a640,2026-07-20T02:15:00Z,2026-07-20T04:15:00+0200,4.391,MW,NL,NL,actual_offshore_wind_generation,Wind Offshore | Actual Consumption,2026-08-07T04:53:21Z
2026-08-07T04:50:48Z,2026-08-07T06:50:48+0200,9de41e72-ad84-4160-af68-c339f970a640,2026-07-20T02:30:00Z,2026-07-20T04:30:00+0200,2155.78,MW,NL,NL,actual_offshore_wind_generation,Wind Offshore | Actual Aggregated,2026-08-07T04:53:21Z
2026-08-07T04:50:48Z,2026-08-07T06:50:48+0200,9de41e72-ad84-4160-af68-c339f970a640,2026-07-20T02:30:00Z,2026-07-20T04:30:00+0200,4.402,MW,NL,NL,actual_offshore_wind_generation,Wind Offshore | Actual Consumption,2026-08-07T04:53:21Z
2026-08-07T04:50:48Z,2026-08-07T06:50:48+0200,9de41e72-ad84-4160-af68-c339f970a640,2026-07-20T02:45:00Z,2026-07-20T04:45:00+0200,2073.002,MW,NL,NL,actual_offshore_wind_generation,Wind Offshore | Actual Aggregated,2026-08-07T04:53:21Z
2026-08-07T04:50:48Z,2026-08-07T06:50:48+0200,9de41e72-ad84-4160-af68-c339f970a640,2026-07-20T02:45:00Z,2026-07-20T04:45:00+0200,4.002,MW,NL,NL,actual_offshore_wind_generation,Wind Offshore | Actual Consumption,2026-08-07T04:53:21Z
2026-08-07T04:50:48Z,2026-08-07T06:50:48+0200,9de41e72-ad84-4160-af68-c339f970a640,2026-07-20T03:00:00Z,2026-07-20T05:00:00+0200,1984.342,MW,NL,NL,actual_offshore_wind_generation,Wind Offshore | Actual Aggregated,2026-08-07T04:53:21Z
2026-08-07T04:50:48Z,2026-08-07T06:50:48+0200,9de41e72-ad84-4160-af68-c339f970a640,2026-07-20T03:00:00Z,2026-07-20T05:00:00+0200,5.044,MW,NL,NL,actual_offshore_wind_generation,Wind Offshore | Actual Consumption,2026-08-07T04:53:21Z
2026-08-07T04:50:48Z,2026-08-07T06:50:48+0200,9de41e72-ad84-4160-af68-c339f970a640,2026-07-20T03:15:00Z,2026-07-20T05:15:00+0200,2023.534,MW,NL,NL,actual_offshore_wind_generation,Wind Offshore | Actual Aggregated,2026-08-07T04:53:21Z
2026-08-07T04:50:48Z,2026-08-07T06:50:48+0200,9de41e72-ad84-4160-af68-c339f970a640,2026-07-20T03:15:00Z,2026-07-20T05:15:00+0200,5.617,MW,NL,NL,actual_offshore_wind_generation,Wind Offshore | Actual Consumption,2026-08-07T04:53:21Z
2026-08-07T04:50:48Z,2026-08-07T06:50:48+0200,9de41e72-ad84-4160-af68-c339f970a640,2026-07-20T03:30:00Z,2026-07-20T05:30:00+0200,2025.352,MW,NL,NL,actual_offshore_wind_generation,Wind Offshore | Actual Aggregated,2026-08-07T04:53:21Z
2026-08-07T04:50:48Z,2026-08-07T06:50:48+0200,9de41e72-ad84-4160-af68-c339f970a640,2026-07-20T03:30:00Z,2026-07-20T05:30:00+0200,5.899,MW,NL,NL,actual_offshore_wind_generation,Wind Offshore | Actual Consumption,2026-08-07T04:53:21Z
2026-08-07T04:50:48Z,2026-08-07T06:50:48+0200,9de41e72-ad84-4160-af68-c339f970a640,2026-07-20T03:45:00Z,2026-07-20T05:45:00+0200,1901.7,MW,NL,NL,actual_offshore_wind_generation,Wind Offshore | Actual Aggregated,2026-08-07T04:53:21Z
2026-08-07T04:50:48Z,2026-08-07T06:50:48+0200,9de41e72-ad84-4160-af68-c339f970a640,2026-07-20T03:45:00Z,2026-07-20T05:45:00+0200,5.319,MW,NL,NL,actual_offshore_wind_generation,Wind Offshore | Actual Consumption,2026-08-07T04:53:21Z
2026-08-07T04:50:48Z,2026-08-07T06:50:48+0200,9de41e72-ad84-4160-af68-c339f970a640,2026-07-20T04:00:00Z,2026-07-20T06:00:00+0200,1805.362,MW,NL,NL,actual_offshore_wind_generation,Wind Offshore | Actual Aggregated,2026-08-07T04:53:21Z
2026-08-07T04:50:48Z,2026-08-07T06:50:48+0200,9de41e72-ad84-4160-af68-c339f970a640,2026-07-20T04:00:00Z,2026-07-20T06:00:00+0200,7.534,MW,NL,NL,actual_offshore_wind_generation,Wind Offshore | Actual Consumption,2026-08-07T04:53:21Z
2026-08-07T04:50:48Z,2026-08-07T06:50:48+0200,9de41e72-ad84-4160-af68-c339f970a640,2026-07-20T04:15:00Z,2026-07-20T06:15:00+0200,1815.159,MW,NL,NL,actual_offshore_wind_generation,Wind Offshore | Actual Aggregated,2026-08-07T04:53:21Z
2026-08-07T04:50:48Z,2026-08-07T06:50:48+0200,9de41e72-ad84-4160-af68-c339f970a640,2026-07-20T04:15:00Z,2026-07-20T06:15:00+0200,6.865,MW,NL,NL,actual_offshore_wind_generation,Wind Offshore | Actual Consumption,2026-08-07T04:53:21Z
2026-08-07T04:50:48Z,2026-08-07T06:50:48+0200,9de41e72-ad84-4160-af68-c339f970a640,2026-07-20T04:30:00Z,2026-07-20T06:30:00+0200,1850.443,MW,NL,NL,actual_offshore_wind_generation,Wind Offshore | Actual Aggregated,2026-08-07T04:53:21Z
2026-08-07T04:50:48Z,2026-08-07T06:50:48+0200,9de41e72-ad84-4160-af68-c339f970a640,2026-07-20T04:30:00Z,2026-07-20T06:30:00+0200,6.927,MW,NL,NL,actual_offshore_wind_generation,Wind Offshore | Actual Consumption,2026-08-07T04:53:21Z
2026-08-07T04:50:48Z,2026-08-07T06:50:48+0200,9de41e72-ad84-4160-af68-c339f970a640,2026-07-20T04:45:00Z,2026-07-20T06:45:00+0200,1837.392,MW,NL,NL,actual_offshore_wind_generation,Wind Offshore | Actual Aggregated,2026-08-07T04:53:21Z
2026-08-07T04:50:48Z,2026-08-07T06:50:48+0200,9de41e72-ad84-4160-af68-c339f970a640,2026-07-20T04:45:00Z,2026-07-20T06:45:00+0200,5.931,MW,NL,NL,actual_offshore_wind_generation,Wind Offshore | Actual Consumption,2026-08-07T04:53:21Z
2026-08-07T04:50:48Z,2026-08-07T06:50:48+0200,9de41e72-ad84-4160-af68-c339f970a640,2026-07-20T05:00:00Z,2026-07-20T07:00:00+0200,1704.102,MW,NL,NL,actual_offshore_wind_generation,Wind Offshore | Actual Aggregated,2026-08-07T04:53:21Z
2026-08-07T04:50:48Z,2026-08-07T06:50:48+0200,9de41e72-ad84-4160-af68-c339f970a640,2026-07-20T05:00:00Z,2026-07-20T07:00:00+0200,4.987,MW,NL,NL,actual_offshore_wind_generation,Wind Offshore | Actual Consumption,2026-08-07T04:53:21Z
2026-08-07T04:50:48Z,2026-08-07T06:50:48+0200,9de41e72-ad84-4160-af68-c339f970a640,2026-07-20T05:15:00Z,2026-07-20T07:15:00+0200,1743.594,MW,NL,NL,actual_offshore_wind_generation,Wind Offshore | Actual Aggregated,2026-08-07T04:53:21Z
2026-08-07T04:50:48Z,2026-08-07T06:50:48+0200,9de41e72-ad84-4160-af68-c339f970a640,2026-07-20T05:15:00Z,2026-07-20T07:15:00+0200,5.222,MW,NL,NL,actual_offshore_wind_generation,Wind Offshore | Actual Consumption,2026-08-07T04:53:21Z
2026-08-07T04:50:48Z,2026-08-07T06:50:48+0200,9de41e72-ad84-4160-af68-c339f970a640,2026-07-20T05:30:00Z,2026-07-20T07:30:00+0200,1712.199,MW,NL,NL,actual_offshore_wind_generation,Wind Offshore | Actual Aggregated,2026-08-07T04:53:21Z
2026-08-07T04:50:48Z,2026-08-07T06:50:48+0200,9de41e72-ad84-4160-af68-c339f970a640,2026-07-20T05:30:00Z,2026-07-20T07:30:00+0200,6.354,MW,NL,NL,actual_offshore_wind_generation,Wind Offshore | Actual Consumption,2026-08-07T04:53:21Z
2026-08-07T04:50:48Z,2026-08-07T06:50:48+0200,9de41e72-ad84-4160-af68-c339f970a640,2026-07-20T05:45:00Z,2026-07-20T07:45:00+0200,1722.067,MW,NL,NL,actual_offshore_wind_generation,Wind Offshore | Actual Aggregated,2026-08-07T04:53:21Z
2026-08-07T04:50:48Z,2026-08-07T06:50:48+0200,9de41e72-ad84-4160-af68-c339f970a640,2026-07-20T05:45:00Z,2026-07-20T07:45:00+0200,4.98,MW,NL,NL,actual_offshore_wind_generation,Wind Offshore | Actual Consumption,2026-08-07T04:53:21Z
2026-08-07T04:50:48Z,2026-08-07T06:50:48+0200,9de41e72-ad84-4160-af68-c339f970a640,2026-07-20T06:00:00Z,2026-07-20T08:00:00+0200,1774.669,MW,NL,NL,actual_offshore_wind_generation,Wind Offshore | Actual Aggregated,2026-08-07T04:53:21Z
2026-08-07T04:50:48Z,2026-08-07T06:50:48+0200,9de41e72-ad84-4160-af68-c339f970a640,2026-07-20T06:00:00Z,2026-07-20T08:00:00+0200,4.788,MW,NL,NL,actual_offshore_wind_generation,Wind Offshore | Actual Consumption,2026-08-07T04:53:21Z
2026-08-07T04:50:48Z,2026-08-07T06:50:48+0200,9de41e72-ad84-4160-af68-c339f970a640,2026-07-20T06:15:00Z,2026-07-20T08:15:00+0200,1821.63,MW,NL,NL,actual_offshore_wind_generation,Wind Offshore | Actual Aggregated,2026-08-07T04:53:21Z
2026-08-07T04:50:48Z,2026-08-07T06:50:48+0200,9de41e72-ad84-4160-af68-c339f970a640,2026-07-20T06:15:00Z,2026-07-20T08:15:00+0200,5.175,MW,NL,NL,actual_offshore_wind_generation,Wind Offshore | Actual Consumption,2026-08-07T04:53:21Z
2026-08-07T04:50:48Z,2026-08-07T06:50:48+0200,9de41e72-ad84-4160-af68-c339f970a640,2026-07-20T06:30:00Z,2026-07-20T08:30:00+0200,1732.433,MW,NL,NL,actual_offshore_wind_generation,Wind Offshore | Actual Aggregated,2026-08-07T04:53:21Z
2026-08-07T04:50:48Z,2026-08-07T06:50:48+0200,9de41e72-ad84-4160-af68-c339f970a640,2026-07-20T06:30:00Z,2026-07-20T08:30:00+0200,6.351,MW,NL,NL,actual_offshore_wind_generation,Wind Offshore | Actual Consumption,2026-08-07T04:53:21Z
2026-08-07T04:50:48Z,2026-08-07T06:50:48+0200,9de41e72-ad84-4160-af68-c339f970a640,2026-07-20T06:45:00Z,2026-07-20T08:45:00+0200,1615.261,MW,NL,NL,actual_offshore_wind_generation,Wind Offshore | Actual Aggregated,2026-08-07T04:53:21Z
2026-08-07T04:50:48Z,2026-08-07T06:50:48+0200,9de41e72-ad84-4160-af68-c339f970a640,2026-07-20T06:45:00Z,2026-07-20T08:45:00+0200,4.7,MW,NL,NL,actual_offshore_wind_generation,Wind Offshore | Actual Consumption,2026-08-07T04:53:21Z
2026-08-07T04:50:48Z,2026-08-07T06:50:48+0200,9de41e72-ad84-4160-af68-c339f970a640,2026-07-20T07:00:00Z,2026-07-20T09:00:00+0200,1566.699,MW,NL,NL,actual_offshore_wind_generation,Wind Offshore | Actual Aggregated,2026-08-07T04:53:21Z
2026-08-07T04:50:48Z,2026-08-07T06:50:48+0200,9de41e72-ad84-4160-af68-c339f970a640,2026-07-20T07:00:00Z,2026-07-20T09:00:00+0200,4.819,MW,NL,NL,actual_offshore_wind_generation,Wind Offshore | Actual Consumption,2026-08-07T04:53:21Z
2026-08-07T04:50:48Z,2026-08-07T06:50:48+0200,9de41e72-ad84-4160-af68-c339f970a640,2026-07-20T07:15:00Z,2026-07-20T09:15:00+0200,1547.896,MW,NL,NL,actual_offshore_wind_generation,Wind Offshore | Actual Aggregated,2026-08-07T04:53:21Z
2026-08-07T04:50:48Z,2026-08-07T06:50:48+0200,9de41e72-ad84-4160-af68-c339f970a640,2026-07-20T07:15:00Z,2026-07-20T09:15:00+0200,4.963,MW,NL,NL,actual_offshore_wind_generation,Wind Offshore | Actual Consumption,2026-08-07T04:53:21Z
2026-08-07T04:50:48Z,2026-08-07T06:50:48+0200,9de41e72-ad84-4160-af68-c339f970a640,2026-07-20T07:30:00Z,2026-07-20T09:30:00+0200,1613.822,MW,NL,NL,actual_offshore_wind_generation,Wind Offshore | Actual Aggregated,2026-08-07T04:53:21Z
2026-08-07T04:50:48Z,2026-08-07T06:50:48+0200,9de41e72-ad84-4160-af68-c339f970a640,2026-07-20T07:30:00Z,2026-07-20T09:30:00+0200,6.006,MW,NL,NL,actual_offshore_wind_generation,Wind Offshore | Actual Consumption,2026-08-07T04:53:21Z
2026-08-07T04:50:48Z,2026-08-07T06:50:48+0200,9de41e72-ad84-4160-af68-c339f970a640,2026-07-20T07:45:00Z,2026-07-20T09:45:00+0200,1533.065,MW,NL,NL,actual_offshore_wind_generation,Wind Offshore | Actual Aggregated,2026-08-07T04:53:21Z
2026-08-07T04:50:48Z,2026-08-07T06:50:48+0200,9de41e72-ad84-4160-af68-c339f970a640,2026-07-20T07:45:00Z,2026-07-20T09:45:00+0200,5.305,MW,NL,NL,actual_offshore_wind_generation,Wind Offshore | Actual Consumption,2026-08-07T04:53:21Z
2026-08-07T04:50:48Z,2026-08-07T06:50:48+0200,9de41e72-ad84-4160-af68-c339f970a640,2026-07-20T08:00:00Z,2026-07-20T10:00:00+0200,1445.501,MW,NL,NL,actual_offshore_wind_generation,Wind Offshore | Actual Aggregated,2026-08-07T04:53:21Z
2026-08-07T04:50:48Z,2026-08-07T06:50:48+0200,9de41e72-ad84-4160-af68-c339f970a640,2026-07-20T08:00:00Z,2026-07-20T10:00:00+0200,3.941,MW,NL,NL,actual_offshore_wind_generation,Wind Offshore | Actual Consumption,2026-08-07T04:53:21Z
2026-08-07T04:50:48Z,2026-08-07T06:50:48+0200,9de41e72-ad84-4160-af68-c339f970a640,2026-07-20T08:15:00Z,2026-07-20T10:15:00+0200,1356.919,MW,NL,NL,actual_offshore_wind_generation,Wind Offshore | Actual Aggregated,2026-08-07T04:53:21Z
2026-08-07T04:50:48Z,2026-08-07T06:50:48+0200,9de41e72-ad84-4160-af68-c339f970a640,2026-07-20T08:15:00Z,2026-07-20T10:15:00+0200,5.942,MW,NL,NL,actual_offshore_wind_generation,Wind Offshore | Actual Consumption,2026-08-07T04:53:21Z
2026-08-07T04:50:48Z,2026-08-07T06:50:48+0200,9de41e72-ad84-4160-af68-c339f970a640,2026-07-20T08:30:00Z,2026-07-20T10:30:00+0200,1427.75,MW,NL,NL,actual_offshore_wind_generation,Wind Offshore | Actual Aggregated,2026-08-07T04:53:21Z
2026-08-07T04:50:48Z,2026-08-07T06:50:48+0200,9de41e72-ad84-4160-af68-c339f970a640,2026-07-20T08:30:00Z,2026-07-20T10:30:00+0200,8.124,MW,NL,NL,actual_offshore_wind_generation,Wind Offshore | Actual Consumption,2026-08-07T04:53:21Z
2026-08-07T04:50:48Z,2026-08-07T06:50:48+0200,9de41e72-ad84-4160-af68-c339f970a640,2026-07-20T08:45:00Z,2026-07-20T10:45:00+0200,1373.014,MW,NL,NL,actual_offshore_wind_generation,Wind Offshore | Actual Aggregated,2026-08-07T04:53:21Z
2026-08-07T04:50:48Z,2026-08-07T06:50:48+0200,9de41e72-ad84-4160-af68-c339f970a640,2026-07-20T08:45:00Z,2026-07-20T10:45:00+0200,4.955,MW,NL,NL,actual_offshore_wind_generation,Wind Offshore | Actual Consumption,2026-08-07T04:53:21Z
2026-08-07T04:50:48Z,2026-08-07T06:50:48+0200,9de41e72-ad84-4160-af68-c339f970a640,2026-07-20T09:00:00Z,2026-07-20T11:00:00+0200,1105.235,MW,NL,NL,actual_offshore_wind_generation,Wind Offshore | Actual Aggregated,2026-08-07T04:53:21Z
2026-08-07T04:50:48Z,2026-08-07T06:50:48+0200,9de41e72-ad84-4160-af68-c339f970a640,2026-07-20T09:00:00Z,2026-07-20T11:00:00+0200,8.403,MW,NL,NL,actual_offshore_wind_generation,Wind Offshore | Actual Consumption,2026-08-07T04:53:21Z
2026-08-07T04:50:48Z,2026-08-07T06:50:48+0200,9de41e72-ad84-4160-af68-c339f970a640,2026-07-20T09:15:00Z,2026-07-20T11:15:00+0200,903.529,MW,NL,NL,actual_offshore_wind_generation,Wind Offshore | Actual Aggregated,2026-08-07T04:53:21Z
2026-08-07T04:50:48Z,2026-08-07T06:50:48+0200,9de41e72-ad84-4160-af68-c339f970a640,2026-07-20T09:15:00Z,2026-07-20T11:15:00+0200,5.5,MW,NL,NL,actual_offshore_wind_generation,Wind Offshore | Actual Consumption,2026-08-07T04:53:21Z
2026-08-07T04:50:48Z,2026-08-07T06:50:48+0200,9de41e72-ad84-4160-af68-c339f970a640,2026-07-20T09:30:00Z,2026-07-20T11:30:00+0200,927.936,MW,NL,NL,actual_offshore_wind_generation,Wind Offshore | Actual Aggregated,2026-08-07T04:53:21Z
2026-08-07T04:50:48Z,2026-08-07T06:50:48+0200,9de41e72-ad84-4160-af68-c339f970a640,2026-07-20T09:30:00Z,2026-07-20T11:30:00+0200,8.923,MW,NL,NL,actual_offshore_wind_generation,Wind Offshore | Actual Consumption,2026-08-07T04:53:21Z
2026-08-07T04:50:48Z,2026-08-07T06:50:48+0200,9de41e72-ad84-4160-af68-c339f970a640,2026-07-20T09:45:00Z,2026-07-20T11:45:00+0200,1077.7,MW,NL,NL,actual_offshore_wind_generation,Wind Offshore | Actual Aggregated,2026-08-07T04:53:21Z
2026-08-07T04:50:48Z,2026-08-07T06:50:48+0200,9de41e72-ad84-4160-af68-c339f970a640,2026-07-20T09:45:00Z,2026-07-20T11:45:00+0200,6.881,MW,NL,NL,actual_offshore_wind_generation,Wind Offshore | Actual Consumption,2026-08-07T04:53:21Z
2026-08-07T04:50:48Z,2026-08-07T06:50:48+0200,9de41e72-ad84-4160-af68-c339f970a640,2026-07-20T10:00:00Z,2026-07-20T12:00:00+0200,1383.779,MW,NL,NL,actual_offshore_wind_generation,Wind Offshore | Actual Aggregated,2026-08-07T04:53:21Z
2026-08-07T04:50:48Z,2026-08-07T06:50:48+0200,9de41e72-ad84-4160-af68-c339f970a640,2026-07-20T10:00:00Z,2026-07-20T12:00:00+0200,7.298,MW,NL,NL,actual_offshore_wind_generation,Wind Offshore | Actual Consumption,2026-08-07T04:53:21Z
2026-08-07T04:50:48Z,2026-08-07T06:50:48+0200,9de41e72-ad84-4160-af68-c339f970a640,2026-07-20T10:15:00Z,2026-07-20T12:15:00+0200,1431.883,MW,NL,NL,actual_offshore_wind_generation,Wind Offshore | Actual Aggregated,2026-08-07T04:53:21Z
2026-08-07T04:50:48Z,2026-08-07T06:50:48+0200,9de41e72-ad84-4160-af68-c339f970a640,2026-07-20T10:15:00Z,2026-07-20T12:15:00+0200,5.668,MW,NL,NL,actual_offshore_wind_generation,Wind Offshore | Actual Consumption,2026-08-07T04:53:21Z
2026-08-07T04:50:48Z,2026-08-07T06:50:48+0200,9de41e72-ad84-4160-af68-c339f970a640,2026-07-20T10:30:00Z,2026-07-20T12:30:00+0200,1371.521,MW,NL,NL,actual_offshore_wind_generation,Wind Offshore | Actual Aggregated,2026-08-07T04:53:21Z
2026-08-07T04:50:48Z,2026-08-07T06:50:48+0200,9de41e72-ad84-4160-af68-c339f970a640,2026-07-20T10:30:00Z,2026-07-20T12:30:00+0200,2.289,MW,NL,NL,actual_offshore_wind_generation,Wind Offshore | Actual Consumption,2026-08-07T04:53:21Z
2026-08-07T04:50:48Z,2026-08-07T06:50:48+0200,9de41e72-ad84-4160-af68-c339f970a640,2026-07-20T10:45:00Z,2026-07-20T12:45:00+0200,1179.943,MW,NL,NL,actual_offshore_wind_generation,Wind Offshore | Actual Aggregated,2026-08-07T04:53:21Z
2026-08-07T04:50:48Z,2026-08-07T06:50:48+0200,9de41e72-ad84-4160-af68-c339f970a640,2026-07-20T10:45:00Z,2026-07-20T12:45:00+0200,2.07,MW,NL,NL,actual_offshore_wind_generation,Wind Offshore | Actual Consumption,2026-08-07T04:53:21Z
2026-08-07T04:50:48Z,2026-08-07T06:50:48+0200,9de41e72-ad84-4160-af68-c339f970a640,2026-07-20T11:00:00Z,2026-07-20T13:00:00+0200,906.412,MW,NL,NL,actual_offshore_wind_generation,Wind Offshore | Actual Aggregated,2026-08-07T04:53:21Z
2026-08-07T04:50:48Z,2026-08-07T06:50:48+0200,9de41e72-ad84-4160-af68-c339f970a640,2026-07-20T11:00:00Z,2026-07-20T13:00:00+0200,2.712,MW,NL,NL,actual_offshore_wind_generation,Wind Offshore | Actual Consumption,2026-08-07T04:53:21Z
2026-08-07T04:50:48Z,2026-08-07T06:50:48+0200,9de41e72-ad84-4160-af68-c339f970a640,2026-07-20T11:15:00Z,2026-07-20T13:15:00+0200,734.843,MW,NL,NL,actual_offshore_wind_generation,Wind Offshore | Actual Aggregated,2026-08-07T04:53:21Z
2026-08-07T04:50:48Z,2026-08-07T06:50:48+0200,9de41e72-ad84-4160-af68-c339f970a640,2026-07-20T11:15:00Z,2026-07-20T13:15:00+0200,3.123,MW,NL,NL,actual_offshore_wind_generation,Wind Offshore | Actual Consumption,2026-08-07T04:53:21Z
2026-08-07T04:50:48Z,2026-08-07T06:50:48+0200,9de41e72-ad84-4160-af68-c339f970a640,2026-07-20T11:30:00Z,2026-07-20T13:30:00+0200,625.553,MW,NL,NL,actual_offshore_wind_generation,Wind Offshore | Actual Aggregated,2026-08-07T04:53:21Z
2026-08-07T04:50:48Z,2026-08-07T06:50:48+0200,9de41e72-ad84-4160-af68-c339f970a640,2026-07-20T11:30:00Z,2026-07-20T13:30:00+0200,2.275,MW,NL,NL,actual_offshore_wind_generation,Wind Offshore | Actual Consumption,2026-08-07T04:53:21Z
2026-08-07T04:50:48Z,2026-08-07T06:50:48+0200,9de41e72-ad84-4160-af68-c339f970a640,2026-07-20T11:45:00Z,2026-07-20T13:45:00+0200,614.105,MW,NL,NL,actual_offshore_wind_generation,Wind Offshore | Actual Aggregated,2026-08-07T04:53:21Z
2026-08-07T04:50:48Z,2026-08-07T06:50:48+0200,9de41e72-ad84-4160-af68-c339f970a640,2026-07-20T11:45:00Z,2026-07-20T13:45:00+0200,2.636,MW,NL,NL,actual_offshore_wind_generation,Wind Offshore | Actual Consumption,2026-08-07T04:53:21Z
2026-08-07T04:50:48Z,2026-08-07T06:50:48+0200,9de41e72-ad84-4160-af68-c339f970a640,2026-07-20T12:00:00Z,2026-07-20T14:00:00+0200,596.846,MW,NL,NL,actual_offshore_wind_generation,Wind Offshore | Actual Aggregated,2026-08-07T04:53:21Z
2026-08-07T04:50:48Z,2026-08-07T06:50:48+0200,9de41e72-ad84-4160-af68-c339f970a640,2026-07-20T12:00:00Z,2026-07-20T14:00:00+0200,3.051,MW,NL,NL,actual_offshore_wind_generation,Wind Offshore | Actual Consumption,2026-08-07T04:53:21Z
2026-08-07T04:50:48Z,2026-08-07T06:50:48+0200,9de41e72-ad84-4160-af68-c339f970a640,2026-07-20T12:15:00Z,2026-07-20T14:15:00+0200,651.603,MW,NL,NL,actual_offshore_wind_generation,Wind Offshore | Actual Aggregated,2026-08-07T04:53:21Z
2026-08-07T04:50:48Z,2026-08-07T06:50:48+0200,9de41e72-ad84-4160-af68-c339f970a640,2026-07-20T12:15:00Z,2026-07-20T14:15:00+0200,4.875,MW,NL,NL,actual_offshore_wind_generation,Wind Offshore | Actual Consumption,2026-08-07T04:53:21Z
2026-08-07T04:50:48Z,2026-08-07T06:50:48+0200,9de41e72-ad84-4160-af68-c339f970a640,2026-07-20T12:30:00Z,2026-07-20T14:30:00+0200,869.298,MW,NL,NL,actual_offshore_wind_generation,Wind Offshore | Actual Aggregated,2026-08-07T04:53:21Z
2026-08-07T04:50:48Z,2026-08-07T06:50:48+0200,9de41e72-ad84-4160-af68-c339f970a640,2026-07-20T12:30:00Z,2026-07-20T14:30:00+0200,2.704,MW,NL,NL,actual_offshore_wind_generation,Wind Offshore | Actual Consumption,2026-08-07T04:53:21Z
2026-08-07T04:50:48Z,2026-08-07T06:50:48+0200,9de41e72-ad84-4160-af68-c339f970a640,2026-07-20T12:45:00Z,2026-07-20T14:45:00+0200,710.098,MW,NL,NL,actual_offshore_wind_generation,Wind Offshore | Actual Aggregated,2026-08-07T04:53:21Z
2026-08-07T04:50:48Z,2026-08-07T06:50:48+0200,9de41e72-ad84-4160-af68-c339f970a640,2026-07-20T12:45:00Z,2026-07-20T14:45:00+0200,2.239,MW,NL,NL,actual_offshore_wind_generation,Wind Offshore | Actual Consumption,2026-08-07T04:53:21Z
2026-08-07T04:50:48Z,2026-08-07T06:50:48+0200,9de41e72-ad84-4160-af68-c339f970a640,2026-07-20T13:00:00Z,2026-07-20T15:00:00+0200,478.045,MW,NL,NL,actual_offshore_wind_generation,Wind Offshore | Actual Aggregated,2026-08-07T04:53:21Z
2026-08-07T04:50:48Z,2026-08-07T06:50:48+0200,9de41e72-ad84-4160-af68-c339f970a640,2026-07-20T13:00:00Z,2026-07-20T15:00:00+0200,2.473,MW,NL,NL,actual_offshore_wind_generation,Wind Offshore | Actual Consumption,2026-08-07T04:53:21Z
2026-08-07T04:50:48Z,2026-08-07T06:50:48+0200,9de41e72-ad84-4160-af68-c339f970a640,2026-07-20T13:15:00Z,2026-07-20T15:15:00+0200,466.893,MW,NL,NL,actual_offshore_wind_generation,Wind Offshore | Actual Aggregated,2026-08-07T04:53:21Z
2026-08-07T04:50:48Z,2026-08-07T06:50:48+0200,9de41e72-ad84-4160-af68-c339f970a640,2026-07-20T13:15:00Z,2026-07-20T15:15:00+0200,2.667,MW,NL,NL,actual_offshore_wind_generation,Wind Offshore | Actual Consumption,2026-08-07T04:53:21Z
2026-08-07T04:50:48Z,2026-08-07T06:50:48+0200,9de41e72-ad84-4160-af68-c339f970a640,2026-07-20T13:30:00Z,2026-07-20T15:30:00+0200,553.968,MW,NL,NL,actual_offshore_wind_generation,Wind Offshore | Actual Aggregated,2026-08-07T04:53:21Z
2026-08-07T04:50:48Z,2026-08-07T06:50:48+0200,9de41e72-ad84-4160-af68-c339f970a640,2026-07-20T13:30:00Z,2026-07-20T15:30:00+0200,2.493,MW,NL,NL,actual_offshore_wind_generation,Wind Offshore | Actual Consumption,2026-08-07T04:53:21Z
2026-08-07T04:50:48Z,2026-08-07T06:50:48+0200,9de41e72-ad84-4160-af68-c339f970a640,2026-07-20T13:45:00Z,2026-07-20T15:45:00+0200,503.603,MW,NL,NL,actual_offshore_wind_generation,Wind Offshore | Actual Aggregated,2026-08-07T04:53:21Z
2026-08-07T04:50:48Z,2026-08-07T06:50:48+0200,9de41e72-ad84-4160-af68-c339f970a640,2026-07-20T13:45:00Z,2026-07-20T15:45:00+0200,2.802,MW,NL,NL,actual_offshore_wind_generation,Wind Offshore | Actual Consumption,2026-08-07T04:53:21Z
2026-08-07T04:50:48Z,2026-08-07T06:50:48+0200,9de41e72-ad84-4160-af68-c339f970a640,2026-07-20T14:00:00Z,2026-07-20T16:00:00+0200,632.43,MW,NL,NL,actual_offshore_wind_generation,Wind Offshore | Actual Aggregated,2026-08-07T04:53:21Z
2026-08-07T04:50:48Z,2026-08-07T06:50:48+0200,9de41e72-ad84-4160-af68-c339f970a640,2026-07-20T14:00:00Z,2026-07-20T16:00:00+0200,2.285,MW,NL,NL,actual_offshore_wind_generation,Wind Offshore | Actual Consumption,2026-08-07T04:53:21Z
2026-08-07T04:50:48Z,2026-08-07T06:50:48+0200,9de41e72-ad84-4160-af68-c339f970a640,2026-07-20T14:15:00Z,2026-07-20T16:15:00+0200,589.829,MW,NL,NL,actual_offshore_wind_generation,Wind Offshore | Actual Aggregated,2026-08-07T04:53:21Z
2026-08-07T04:50:48Z,2026-08-07T06:50:48+0200,9de41e72-ad84-4160-af68-c339f970a640,2026-07-20T14:15:00Z,2026-07-20T16:15:00+0200,1.562,MW,NL,NL,actual_offshore_wind_generation,Wind Offshore | Actual Consumption,2026-08-07T04:53:21Z
2026-08-07T04:50:48Z,2026-08-07T06:50:48+0200,9de41e72-ad84-4160-af68-c339f970a640,2026-07-20T14:30:00Z,2026-07-20T16:30:00+0200,531.519,MW,NL,NL,actual_offshore_wind_generation,Wind Offshore | Actual Aggregated,2026-08-07T04:53:21Z
2026-08-07T04:50:48Z,2026-08-07T06:50:48+0200,9de41e72-ad84-4160-af68-c339f970a640,2026-07-20T14:30:00Z,2026-07-20T16:30:00+0200,2.478,MW,NL,NL,actual_offshore_wind_generation,Wind Offshore | Actual Consumption,2026-08-07T04:53:21Z
2026-08-07T04:50:48Z,2026-08-07T06:50:48+0200,9de41e72-ad84-4160-af68-c339f970a640,2026-07-20T14:45:00Z,2026-07-20T16:45:00+0200,842.273,MW,NL,NL,actual_offshore_wind_generation,Wind Offshore | Actual Aggregated,2026-08-07T04:53:21Z
2026-08-07T04:50:48Z,2026-08-07T06:50:48+0200,9de41e72-ad84-4160-af68-c339f970a640,2026-07-20T14:45:00Z,2026-07-20T16:45:00+0200,2.264,MW,NL,NL,actual_offshore_wind_generation,Wind Offshore | Actual Consumption,2026-08-07T04:53:21Z
2026-08-07T04:50:48Z,2026-08-07T06:50:48+0200,9de41e72-ad84-4160-af68-c339f970a640,2026-07-20T15:00:00Z,2026-07-20T17:00:00+0200,591.445,MW,NL,NL,actual_offshore_wind_generation,Wind Offshore | Actual Aggregated,2026-08-07T04:53:21Z
2026-08-07T04:50:48Z,2026-08-07T06:50:48+0200,9de41e72-ad84-4160-af68-c339f970a640,2026-07-20T15:00:00Z,2026-07-20T17:00:00+0200,2.23,MW,NL,NL,actual_offshore_wind_generation,Wind Offshore | Actual Consumption,2026-08-07T04:53:21Z
2026-08-07T04:50:48Z,2026-08-07T06:50:48+0200,9de41e72-ad84-4160-af68-c339f970a640,2026-07-20T15:15:00Z,2026-07-20T17:15:00+0200,701.055,MW,NL,NL,actual_offshore_wind_generation,Wind Offshore | Actual Aggregated,2026-08-07T04:53:21Z
2026-08-07T04:50:48Z,2026-08-07T06:50:48+0200,9de41e72-ad84-4160-af68-c339f970a640,2026-07-20T15:15:00Z,2026-07-20T17:15:00+0200,2.584,MW,NL,NL,actual_offshore_wind_generation,Wind Offshore | Actual Consumption,2026-08-07T04:53:21Z
2026-08-07T04:50:48Z,2026-08-07T06:50:48+0200,9de41e72-ad84-4160-af68-c339f970a640,2026-07-20T15:30:00Z,2026-07-20T17:30:00+0200,914.151,MW,NL,NL,actual_offshore_wind_generation,Wind Offshore | Actual Aggregated,2026-08-07T04:53:21Z
2026-08-07T04:50:48Z,2026-08-07T06:50:48+0200,9de41e72-ad84-4160-af68-c339f970a640,2026-07-20T15:30:00Z,2026-07-20T17:30:00+0200,2.769,MW,NL,NL,actual_offshore_wind_generation,Wind Offshore | Actual Consumption,2026-08-07T04:53:21Z
2026-08-07T04:50:48Z,2026-08-07T06:50:48+0200,9de41e72-ad84-4160-af68-c339f970a640,2026-07-20T15:45:00Z,2026-07-20T17:45:00+0200,949.497,MW,NL,NL,actual_offshore_wind_generation,Wind Offshore | Actual Aggregated,2026-08-07T04:53:21Z
2026-08-07T04:50:48Z,2026-08-07T06:50:48+0200,9de41e72-ad84-4160-af68-c339f970a640,2026-07-20T15:45:00Z,2026-07-20T17:45:00+0200,2.607,MW,NL,NL,actual_offshore_wind_generation,Wind Offshore | Actual Consumption,2026-08-07T04:53:21Z
2026-08-07T04:50:48Z,2026-08-07T06:50:48+0200,9de41e72-ad84-4160-af68-c339f970a640,2026-07-20T16:00:00Z,2026-07-20T18:00:00+0200,976.954,MW,NL,NL,actual_offshore_wind_generation,Wind Offshore | Actual Aggregated,2026-08-07T04:53:21Z
2026-08-07T04:50:48Z,2026-08-07T06:50:48+0200,9de41e72-ad84-4160-af68-c339f970a640,2026-07-20T16:00:00Z,2026-07-20T18:00:00+0200,2.853,MW,NL,NL,actual_offshore_wind_generation,Wind Offshore | Actual Consumption,2026-08-07T04:53:21Z
2026-08-07T04:50:48Z,2026-08-07T06:50:48+0200,9de41e72-ad84-4160-af68-c339f970a640,2026-07-20T16:15:00Z,2026-07-20T18:15:00+0200,1044.87,MW,NL,NL,actual_offshore_wind_generation,Wind Offshore | Actual Aggregated,2026-08-07T04:53:21Z
2026-08-07T04:50:48Z,2026-08-07T06:50:48+0200,9de41e72-ad84-4160-af68-c339f970a640,2026-07-20T16:15:00Z,2026-07-20T18:15:00+0200,2.207,MW,NL,NL,actual_offshore_wind_generation,Wind Offshore | Actual Consumption,2026-08-07T04:53:21Z
2026-08-07T04:50:48Z,2026-08-07T06:50:48+0200,9de41e72-ad84-4160-af68-c339f970a640,2026-07-20T16:30:00Z,2026-07-20T18:30:00+0200,1143.556,MW,NL,NL,actual_offshore_wind_generation,Wind Offshore | Actual Aggregated,2026-08-07T04:53:21Z
2026-08-07T04:50:48Z,2026-08-07T06:50:48+0200,9de41e72-ad84-4160-af68-c339f970a640,2026-07-20T16:30:00Z,2026-07-20T18:30:00+0200,3.389,MW,NL,NL,actual_offshore_wind_generation,Wind Offshore | Actual Consumption,2026-08-07T04:53:21Z
2026-08-07T04:50:48Z,2026-08-07T06:50:48+0200,9de41e72-ad84-4160-af68-c339f970a640,2026-07-20T16:45:00Z,2026-07-20T18:45:00+0200,1217.252,MW,NL,NL,actual_offshore_wind_generation,Wind Offshore | Actual Aggregated,2026-08-07T04:53:21Z
2026-08-07T04:50:48Z,2026-08-07T06:50:48+0200,9de41e72-ad84-4160-af68-c339f970a640,2026-07-20T16:45:00Z,2026-07-20T18:45:00+0200,3.9,MW,NL,NL,actual_offshore_wind_generation,Wind Offshore | Actual Consumption,2026-08-07T04:53:21Z
2026-08-07T04:50:48Z,2026-08-07T06:50:48+0200,9de41e72-ad84-4160-af68-c339f970a640,2026-07-20T17:00:00Z,2026-07-20T19:00:00+0200,1249.731,MW,NL,NL,actual_offshore_wind_generation,Wind Offshore | Actual Aggregated,2026-08-07T04:53:21Z
2026-08-07T04:50:48Z,2026-08-07T06:50:48+0200,9de41e72-ad84-4160-af68-c339f970a640,2026-07-20T17:00:00Z,2026-07-20T19:00:00+0200,3.583,MW,NL,NL,actual_offshore_wind_generation,Wind Offshore | Actual Consumption,2026-08-07T04:53:21Z
2026-08-07T04:50:48Z,2026-08-07T06:50:48+0200,9de41e72-ad84-4160-af68-c339f970a640,2026-07-20T17:15:00Z,2026-07-20T19:15:00+0200,1282.736,MW,NL,NL,actual_offshore_wind_generation,Wind Offshore | Actual Aggregated,2026-08-07T04:53:21Z
2026-08-07T04:50:48Z,2026-08-07T06:50:48+0200,9de41e72-ad84-4160-af68-c339f970a640,2026-07-20T17:15:00Z,2026-07-20T19:15:00+0200,3.575,MW,NL,NL,actual_offshore_wind_generation,Wind Offshore | Actual Consumption,2026-08-07T04:53:21Z
2026-08-07T04:50:48Z,2026-08-07T06:50:48+0200,9de41e72-ad84-4160-af68-c339f970a640,2026-07-20T17:30:00Z,2026-07-20T19:30:00+0200,1278.245,MW,NL,NL,actual_offshore_wind_generation,Wind Offshore | Actual Aggregated,2026-08-07T04:53:21Z
2026-08-07T04:50:48Z,2026-08-07T06:50:48+0200,9de41e72-ad84-4160-af68-c339f970a640,2026-07-20T17:30:00Z,2026-07-20T19:30:00+0200,3.803,MW,NL,NL,actual_offshore_wind_generation,Wind Offshore | Actual Consumption,2026-08-07T04:53:21Z
2026-08-07T04:50:48Z,2026-08-07T06:50:48+0200,9de41e72-ad84-4160-af68-c339f970a640,2026-07-20T17:45:00Z,2026-07-20T19:45:00+0200,1285.445,MW,NL,NL,actual_offshore_wind_generation,Wind Offshore | Actual Aggregated,2026-08-07T04:53:21Z
2026-08-07T04:50:48Z,2026-08-07T06:50:48+0200,9de41e72-ad84-4160-af68-c339f970a640,2026-07-20T17:45:00Z,2026-07-20T19:45:00+0200,3.668,MW,NL,NL,actual_offshore_wind_generation,Wind Offshore | Actual Consumption,2026-08-07T04:53:21Z
2026-08-07T04:50:48Z,2026-08-07T06:50:48+0200,9de41e72-ad84-4160-af68-c339f970a640,2026-07-20T18:00:00Z,2026-07-20T20:00:00+0200,1271.72,MW,NL,NL,actual_offshore_wind_generation,Wind Offshore | Actual Aggregated,2026-08-07T04:53:21Z
2026-08-07T04:50:48Z,2026-08-07T06:50:48+0200,9de41e72-ad84-4160-af68-c339f970a640,2026-07-20T18:00:00Z,2026-07-20T20:00:00+0200,4.539,MW,NL,NL,actual_offshore_wind_generation,Wind Offshore | Actual Consumption,2026-08-07T04:53:21Z
2026-08-07T04:50:48Z,2026-08-07T06:50:48+0200,9de41e72-ad84-4160-af68-c339f970a640,2026-07-20T18:15:00Z,2026-07-20T20:15:00+0200,1256.521,MW,NL,NL,actual_offshore_wind_generation,Wind Offshore | Actual Aggregated,2026-08-07T04:53:21Z
2026-08-07T04:50:48Z,2026-08-07T06:50:48+0200,9de41e72-ad84-4160-af68-c339f970a640,2026-07-20T18:15:00Z,2026-07-20T20:15:00+0200,4.366,MW,NL,NL,actual_offshore_wind_generation,Wind Offshore | Actual Consumption,2026-08-07T04:53:21Z
2026-08-07T04:50:48Z,2026-08-07T06:50:48+0200,9de41e72-ad84-4160-af68-c339f970a640,2026-07-20T18:30:00Z,2026-07-20T20:30:00+0200,1214.652,MW,NL,NL,actual_offshore_wind_generation,Wind Offshore | Actual Aggregated,2026-08-07T04:53:21Z
2026-08-07T04:50:48Z,2026-08-07T06:50:48+0200,9de41e72-ad84-4160-af68-c339f970a640,2026-07-20T18:30:00Z,2026-07-20T20:30:00+0200,4.377,MW,NL,NL,actual_offshore_wind_generation,Wind Offshore | Actual Consumption,2026-08-07T04:53:21Z
2026-08-07T04:50:48Z,2026-08-07T06:50:48+0200,9de41e72-ad84-4160-af68-c339f970a640,2026-07-20T18:45:00Z,2026-07-20T20:45:00+0200,1187.912,MW,NL,NL,actual_offshore_wind_generation,Wind Offshore | Actual Aggregated,2026-08-07T04:53:21Z
2026-08-07T04:50:48Z,2026-08-07T06:50:48+0200,9de41e72-ad84-4160-af68-c339f970a640,2026-07-20T18:45:00Z,2026-07-20T20:45:00+0200,4.057,MW,NL,NL,actual_offshore_wind_generation,Wind Offshore | Actual Consumption,2026-08-07T04:53:21Z
2026-08-07T04:50:48Z,2026-08-07T06:50:48+0200,9de41e72-ad84-4160-af68-c339f970a640,2026-07-20T19:00:00Z,2026-07-20T21:00:00+0200,1163.228,MW,NL,NL,actual_offshore_wind_generation,Wind Offshore | Actual Aggregated,2026-08-07T04:53:21Z
2026-08-07T04:50:48Z,2026-08-07T06:50:48+0200,9de41e72-ad84-4160-af68-c339f970a640,2026-07-20T19:00:00Z,2026-07-20T21:00:00+0200,4.176,MW,NL,NL,actual_offshore_wind_generation,Wind Offshore | Actual Consumption,2026-08-07T04:53:21Z
2026-08-07T04:50:48Z,2026-08-07T06:50:48+0200,9de41e72-ad84-4160-af68-c339f970a640,2026-07-20T19:15:00Z,2026-07-20T21:15:00+0200,1109.85,MW,NL,NL,actual_offshore_wind_generation,Wind Offshore | Actual Aggregated,2026-08-07T04:53:21Z
2026-08-07T04:50:48Z,2026-08-07T06:50:48+0200,9de41e72-ad84-4160-af68-c339f970a640,2026-07-20T19:15:00Z,2026-07-20T21:15:00+0200,3.577,MW,NL,NL,actual_offshore_wind_generation,Wind Offshore | Actual Consumption,2026-08-07T04:53:21Z
2026-08-07T04:50:48Z,2026-08-07T06:50:48+0200,9de41e72-ad84-4160-af68-c339f970a640,2026-07-20T19:30:00Z,2026-07-20T21:30:00+0200,1087.658,MW,NL,NL,actual_offshore_wind_generation,Wind Offshore | Actual Aggregated,2026-08-07T04:53:21Z
2026-08-07T04:50:48Z,2026-08-07T06:50:48+0200,9de41e72-ad84-4160-af68-c339f970a640,2026-07-20T19:30:00Z,2026-07-20T21:30:00+0200,3.595,MW,NL,NL,actual_offshore_wind_generation,Wind Offshore | Actual Consumption,2026-08-07T04:53:21Z
2026-08-07T04:50:48Z,2026-08-07T06:50:48+0200,9de41e72-ad84-4160-af68-c339f970a640,2026-07-20T19:45:00Z,2026-07-20T21:45:00+0200,1051.239,MW,NL,NL,actual_offshore_wind_generation,Wind Offshore | Actual Aggregated,2026-08-07T04:53:21Z
2026-08-07T04:50:48Z,2026-08-07T06:50:48+0200,9de41e72-ad84-4160-af68-c339f970a640,2026-07-20T19:45:00Z,2026-07-20T21:45:00+0200,3.988,MW,NL,NL,actual_offshore_wind_generation,Wind Offshore | Actual Consumption,2026-08-07T04:53:21Z
2026-08-07T04:50:48Z,2026-08-07T06:50:48+0200,9de41e72-ad84-4160-af68-c339f970a640,2026-07-20T20:00:00Z,2026-07-20T22:00:00+0200,1046.201,MW,NL,NL,actual_offshore_wind_generation,Wind Offshore | Actual Aggregated,2026-08-07T04:53:21Z
2026-08-07T04:50:48Z,2026-08-07T06:50:48+0200,9de41e72-ad84-4160-af68-c339f970a640,2026-07-20T20:00:00Z,2026-07-20T22:00:00+0200,2.92,MW,NL,NL,actual_offshore_wind_generation,Wind Offshore | Actual Consumption,2026-08-07T04:53:21Z
2026-08-07T04:50:48Z,2026-08-07T06:50:48+0200,9de41e72-ad84-4160-af68-c339f970a640,2026-07-20T20:15:00Z,2026-07-20T22:15:00+0200,1028.326,MW,NL,NL,actual_offshore_wind_generation,Wind Offshore | Actual Aggregated,2026-08-07T04:53:21Z
2026-08-07T04:50:48Z,2026-08-07T06:50:48+0200,9de41e72-ad84-4160-af68-c339f970a640,2026-07-20T20:15:00Z,2026-07-20T22:15:00+0200,2.684,MW,NL,NL,actual_offshore_wind_generation,Wind Offshore | Actual Consumption,2026-08-07T04:53:21Z
2026-08-07T04:50:48Z,2026-08-07T06:50:48+0200,9de41e72-ad84-4160-af68-c339f970a640,2026-07-20T20:30:00Z,2026-07-20T22:30:00+0200,1029.264,MW,NL,NL,actual_offshore_wind_generation,Wind Offshore | Actual Aggregated,2026-08-07T04:53:21Z
2026-08-07T04:50:48Z,2026-08-07T06:50:48+0200,9de41e72-ad84-4160-af68-c339f970a640,2026-07-20T20:30:00Z,2026-07-20T22:30:00+0200,3.359,MW,NL,NL,actual_offshore_wind_generation,Wind Offshore | Actual Consumption,2026-08-07T04:53:21Z
2026-08-07T04:50:48Z,2026-08-07T06:50:48+0200,9de41e72-ad84-4160-af68-c339f970a640,2026-07-20T20:45:00Z,2026-07-20T22:45:00+0200,1011.796,MW,NL,NL,actual_offshore_wind_generation,Wind Offshore | Actual Aggregated,2026-08-07T04:53:21Z
2026-08-07T04:50:48Z,2026-08-07T06:50:48+0200,9de41e72-ad84-4160-af68-c339f970a640,2026-07-20T20:45:00Z,2026-07-20T22:45:00+0200,3.195,MW,NL,NL,actual_offshore_wind_generation,Wind Offshore | Actual Consumption,2026-08-07T04:53:21Z
2026-08-07T04:50:48Z,2026-08-07T06:50:48+0200,9de41e72-ad84-4160-af68-c339f970a640,2026-07-20T21:00:00Z,2026-07-20T23:00:00+0200,1014.937,MW,NL,NL,actual_offshore_wind_generation,Wind Offshore | Actual Aggregated,2026-08-07T04:53:21Z
2026-08-07T04:50:48Z,2026-08-07T06:50:48+0200,9de41e72-ad84-4160-af68-c339f970a640,2026-07-20T21:00:00Z,2026-07-20T23:00:00+0200,4.889,MW,NL,NL,actual_offshore_wind_generation,Wind Offshore | Actual Consumption,2026-08-07T04:53:21Z
2026-08-07T04:50:48Z,2026-08-07T06:50:48+0200,9de41e72-ad84-4160-af68-c339f970a640,2026-07-20T21:15:00Z,2026-07-20T23:15:00+0200,984.813,MW,NL,NL,actual_offshore_wind_generation,Wind Offshore | Actual Aggregated,2026-08-07T04:53:21Z
2026-08-07T04:50:48Z,2026-08-07T06:50:48+0200,9de41e72-ad84-4160-af68-c339f970a640,2026-07-20T21:15:00Z,2026-07-20T23:15:00+0200,4.108,MW,NL,NL,actual_offshore_wind_generation,Wind Offshore | Actual Consumption,2026-08-07T04:53:21Z
2026-08-07T04:50:48Z,2026-08-07T06:50:48+0200,9de41e72-ad84-4160-af68-c339f970a640,2026-07-20T21:30:00Z,2026-07-20T23:30:00+0200,950.896,MW,NL,NL,actual_offshore_wind_generation,Wind Offshore | Actual Aggregated,2026-08-07T04:53:21Z
2026-08-07T04:50:48Z,2026-08-07T06:50:48+0200,9de41e72-ad84-4160-af68-c339f970a640,2026-07-20T21:30:00Z,2026-07-20T23:30:00+0200,3.699,MW,NL,NL,actual_offshore_wind_generation,Wind Offshore | Actual Consumption,2026-08-07T04:53:21Z
2026-08-07T04:50:48Z,2026-08-07T06:50:48+0200,9de41e72-ad84-4160-af68-c339f970a640,2026-07-20T21:45:00Z,2026-07-20T23:45:00+0200,911.712,MW,NL,NL,actual_offshore_wind_generation,Wind Offshore | Actual Aggregated,2026-08-07T04:53:21Z
2026-08-07T04:50:48Z,2026-08-07T06:50:48+0200,9de41e72-ad84-4160-af68-c339f970a640,2026-07-20T21:45:00Z,2026-07-20T23:45:00+0200,3.176,MW,NL,NL,actual_offshore_wind_generation,Wind Offshore | Actual Consumption,2026-08-07T04:53:21Z
2026-08-07T04:50:48Z,2026-08-07T06:50:48+0200,9de41e72-ad84-4160-af68-c339f970a640,2026-07-20T22:00:00Z,2026-07-21T00:00:00+0200,891.784,MW,NL,NL,actual_offshore_wind_generation,Wind Offshore | Actual Aggregated,2026-08-07T04:53:21Z
2026-08-07T04:50:48Z,2026-08-07T06:50:48+0200,9de41e72-ad84-4160-af68-c339f970a640,2026-07-20T22:00:00Z,2026-07-21T00:00:00+0200,3.77,MW,NL,NL,actual_offshore_wind_generation,Wind Offshore | Actual Consumption,2026-08-07T04:53:21Z
2026-08-07T04:50:48Z,2026-08-07T06:50:48+0200,9de41e72-ad84-4160-af68-c339f970a640,2026-07-20T22:15:00Z,2026-07-21T00:15:00+0200,891.881,MW,NL,NL,actual_offshore_wind_generation,Wind Offshore | Actual Aggregated,2026-08-07T04:53:21Z
2026-08-07T04:50:48Z,2026-08-07T06:50:48+0200,9de41e72-ad84-4160-af68-c339f970a640,2026-07-20T22:15:00Z,2026-07-21T00:15:00+0200,4.881,MW,NL,NL,actual_offshore_wind_generation,Wind Offshore | Actual Consumption,2026-08-07T04:53:21Z
2026-08-07T04:50:48Z,2026-08-07T06:50:48+0200,9de41e72-ad84-4160-af68-c339f970a640,2026-07-20T22:30:00Z,2026-07-21T00:30:00+0200,864.384,MW,NL,NL,actual_offshore_wind_generation,Wind Offshore | Actual Aggregated,2026-08-07T04:53:21Z
2026-08-07T04:50:48Z,2026-08-07T06:50:48+0200,9de41e72-ad84-4160-af68-c339f970a640,2026-07-20T22:30:00Z,2026-07-21T00:30:00+0200,3.446,MW,NL,NL,actual_offshore_wind_generation,Wind Offshore | Actual Consumption,2026-08-07T04:53:21Z
2026-08-07T04:50:48Z,2026-08-07T06:50:48+0200,9de41e72-ad84-4160-af68-c339f970a640,2026-07-20T22:45:00Z,2026-07-21T00:45:00+0200,814.961,MW,NL,NL,actual_offshore_wind_generation,Wind Offshore | Actual Aggregated,2026-08-07T04:53:21Z
2026-08-07T04:50:48Z,2026-08-07T06:50:48+0200,9de41e72-ad84-4160-af68-c339f970a640,2026-07-20T22:45:00Z,2026-07-21T00:45:00+0200,3.893,MW,NL,NL,actual_offshore_wind_generation,Wind Offshore | Actual Consumption,2026-08-07T04:53:21Z
2026-08-07T04:50:48Z,2026-08-07T06:50:48+0200,9de41e72-ad84-4160-af68-c339f970a640,2026-07-20T23:00:00Z,2026-07-21T01:00:00+0200,757.004,MW,NL,NL,actual_offshore_wind_generation,Wind Offshore | Actual Aggregated,2026-08-07T04:53:21Z
2026-08-07T04:50:48Z,2026-08-07T06:50:48+0200,9de41e72-ad84-4160-af68-c339f970a640,2026-07-20T23:00:00Z,2026-07-21T01:00:00+0200,2.832,MW,NL,NL,actual_offshore_wind_generation,Wind Offshore | Actual Consumption,2026-08-07T04:53:21Z
2026-08-07T04:50:48Z,2026-08-07T06:50:48+0200,9de41e72-ad84-4160-af68-c339f970a640,2026-07-20T23:15:00Z,2026-07-21T01:15:00+0200,729.058,MW,NL,NL,actual_offshore_wind_generation,Wind Offshore | Actual Aggregated,2026-08-07T04:53:21Z
2026-08-07T04:50:48Z,2026-08-07T06:50:48+0200,9de41e72-ad84-4160-af68-c339f970a640,2026-07-20T23:15:00Z,2026-07-21T01:15:00+0200,2.159,MW,NL,NL,actual_offshore_wind_generation,Wind Offshore | Actual Consumption,2026-08-07T04:53:21Z
2026-08-07T04:50:48Z,2026-08-07T06:50:48+0200,9de41e72-ad84-4160-af68-c339f970a640,2026-07-20T23:30:00Z,2026-07-21T01:30:00+0200,670.303,MW,NL,NL,actual_offshore_wind_generation,Wind Offshore | Actual Aggregated,2026-08-07T04:53:21Z
2026-08-07T04:50:48Z,2026-08-07T06:50:48+0200,9de41e72-ad84-4160-af68-c339f970a640,2026-07-20T23:30:00Z,2026-07-21T01:30:00+0200,3.417,MW,NL,NL,actual_offshore_wind_generation,Wind Offshore | Actual Consumption,2026-08-07T04:53:21Z
2026-08-07T04:50:48Z,2026-08-07T06:50:48+0200,9de41e72-ad84-4160-af68-c339f970a640,2026-07-20T23:45:00Z,2026-07-21T01:45:00+0200,650.592,MW,NL,NL,actual_offshore_wind_generation,Wind Offshore | Actual Aggregated,2026-08-07T04:53:21Z
2026-08-07T04:50:48Z,2026-08-07T06:50:48+0200,9de41e72-ad84-4160-af68-c339f970a640,2026-07-20T23:45:00Z,2026-07-21T01:45:00+0200,3.813,MW,NL,NL,actual_offshore_wind_generation,Wind Offshore | Actual Consumption,2026-08-07T04:53:21Z
2026-08-07T04:50:48Z,2026-08-07T06:50:48+0200,9de41e72-ad84-4160-af68-c339f970a640,2026-07-21T00:00:00Z,2026-07-21T02:00:00+0200,591.557,MW,NL,NL,actual_offshore_wind_generation,Wind Offshore | Actual Aggregated,2026-08-07T04:53:21Z
2026-08-07T04:50:48Z,2026-08-07T06:50:48+0200,9de41e72-ad84-4160-af68-c339f970a640,2026-07-21T00:00:00Z,2026-07-21T02:00:00+0200,3.247,MW,NL,NL,actual_offshore_wind_generation,Wind Offshore | Actual Consumption,2026-08-07T04:53:21Z
2026-08-07T04:50:48Z,2026-08-07T06:50:48+0200,9de41e72-ad84-4160-af68-c339f970a640,2026-07-21T00:15:00Z,2026-07-21T02:15:00+0200,547.575,MW,NL,NL,actual_offshore_wind_generation,Wind Offshore | Actual Aggregated,2026-08-07T04:53:21Z
2026-08-07T04:50:48Z,2026-08-07T06:50:48+0200,9de41e72-ad84-4160-af68-c339f970a640,2026-07-21T00:15:00Z,2026-07-21T02:15:00+0200,3.277,MW,NL,NL,actual_offshore_wind_generation,Wind Offshore | Actual Consumption,2026-08-07T04:53:21Z
2026-08-07T04:50:48Z,2026-08-07T06:50:48+0200,9de41e72-ad84-4160-af68-c339f970a640,2026-07-21T00:30:00Z,2026-07-21T02:30:00+0200,516.463,MW,NL,NL,actual_offshore_wind_generation,Wind Offshore | Actual Aggregated,2026-08-07T04:53:21Z
2026-08-07T04:50:48Z,2026-08-07T06:50:48+0200,9de41e72-ad84-4160-af68-c339f970a640,2026-07-21T00:30:00Z,2026-07-21T02:30:00+0200,2.406,MW,NL,NL,actual_offshore_wind_generation,Wind Offshore | Actual Consumption,2026-08-07T04:53:21Z
2026-08-07T04:50:48Z,2026-08-07T06:50:48+0200,9de41e72-ad84-4160-af68-c339f970a640,2026-07-21T00:45:00Z,2026-07-21T02:45:00+0200,474.028,MW,NL,NL,actual_offshore_wind_generation,Wind Offshore | Actual Aggregated,2026-08-07T04:53:21Z
2026-08-07T04:50:48Z,2026-08-07T06:50:48+0200,9de41e72-ad84-4160-af68-c339f970a640,2026-07-21T00:45:00Z,2026-07-21T02:45:00+0200,2.589,MW,NL,NL,actual_offshore_wind_generation,Wind Offshore | Actual Consumption,2026-08-07T04:53:21Z
2026-08-07T04:50:48Z,2026-08-07T06:50:48+0200,9de41e72-ad84-4160-af68-c339f970a640,2026-07-21T01:00:00Z,2026-07-21T03:00:00+0200,476.335,MW,NL,NL,actual_offshore_wind_generation,Wind Offshore | Actual Aggregated,2026-08-07T04:53:21Z
2026-08-07T04:50:48Z,2026-08-07T06:50:48+0200,9de41e72-ad84-4160-af68-c339f970a640,2026-07-21T01:00:00Z,2026-07-21T03:00:00+0200,2.24,MW,NL,NL,actual_offshore_wind_generation,Wind Offshore | Actual Consumption,2026-08-07T04:53:21Z
2026-08-07T04:50:48Z,2026-08-07T06:50:48+0200,9de41e72-ad84-4160-af68-c339f970a640,2026-07-21T01:15:00Z,2026-07-21T03:15:00+0200,471.448,MW,NL,NL,actual_offshore_wind_generation,Wind Offshore | Actual Aggregated,2026-08-07T04:53:21Z
2026-08-07T04:50:48Z,2026-08-07T06:50:48+0200,9de41e72-ad84-4160-af68-c339f970a640,2026-07-21T01:15:00Z,2026-07-21T03:15:00+0200,2.41,MW,NL,NL,actual_offshore_wind_generation,Wind Offshore | Actual Consumption,2026-08-07T04:53:21Z
2026-08-07T04:50:48Z,2026-08-07T06:50:48+0200,9de41e72-ad84-4160-af68-c339f970a640,2026-07-21T01:30:00Z,2026-07-21T03:30:00+0200,439.311,MW,NL,NL,actual_offshore_wind_generation,Wind Offshore | Actual Aggregated,2026-08-07T04:53:21Z
2026-08-07T04:50:48Z,2026-08-07T06:50:48+0200,9de41e72-ad84-4160-af68-c339f970a640,2026-07-21T01:30:00Z,2026-07-21T03:30:00+0200,1.636,MW,NL,NL,actual_offshore_wind_generation,Wind Offshore | Actual Consumption,2026-08-07T04:53:21Z
2026-08-07T04:50:48Z,2026-08-07T06:50:48+0200,9de41e72-ad84-4160-af68-c339f970a640,2026-07-21T01:45:00Z,2026-07-21T03:45:00+0200,455.224,MW,NL,NL,actual_offshore_wind_generation,Wind Offshore | Actual Aggregated,2026-08-07T04:53:21Z
2026-08-07T04:50:48Z,2026-08-07T06:50:48+0200,9de41e72-ad84-4160-af68-c339f970a640,2026-07-21T01:45:00Z,2026-07-21T03:45:00+0200,2.257,MW,NL,NL,actual_offshore_wind_generation,Wind Offshore | Actual Consumption,2026-08-07T04:53:21Z
2026-08-07T04:50:48Z,2026-08-07T06:50:48+0200,9de41e72-ad84-4160-af68-c339f970a640,2026-07-21T02:00:00Z,2026-07-21T04:00:00+0200,484.738,MW,NL,NL,actual_offshore_wind_generation,Wind Offshore | Actual Aggregated,2026-08-07T04:53:21Z
2026-08-07T04:50:48Z,2026-08-07T06:50:48+0200,9de41e72-ad84-4160-af68-c339f970a640,2026-07-21T02:00:00Z,2026-07-21T04:00:00+0200,2.367,MW,NL,NL,actual_offshore_wind_generation,Wind Offshore | Actual Consumption,2026-08-07T04:53:21Z
2026-08-07T04:50:48Z,2026-08-07T06:50:48+0200,9de41e72-ad84-4160-af68-c339f970a640,2026-07-21T02:15:00Z,2026-07-21T04:15:00+0200,502.736,MW,NL,NL,actual_offshore_wind_generation,Wind Offshore | Actual Aggregated,2026-08-07T04:53:21Z
2026-08-07T04:50:48Z,2026-08-07T06:50:48+0200,9de41e72-ad84-4160-af68-c339f970a640,2026-07-21T02:15:00Z,2026-07-21T04:15:00+0200,2.093,MW,NL,NL,actual_offshore_wind_generation,Wind Offshore | Actual Consumption,2026-08-07T04:53:21Z
2026-08-07T04:50:48Z,2026-08-07T06:50:48+0200,9de41e72-ad84-4160-af68-c339f970a640,2026-07-21T02:30:00Z,2026-07-21T04:30:00+0200,500.311,MW,NL,NL,actual_offshore_wind_generation,Wind Offshore | Actual Aggregated,2026-08-07T04:53:21Z
2026-08-07T04:50:48Z,2026-08-07T06:50:48+0200,9de41e72-ad84-4160-af68-c339f970a640,2026-07-21T02:30:00Z,2026-07-21T04:30:00+0200,2.851,MW,NL,NL,actual_offshore_wind_generation,Wind Offshore | Actual Consumption,2026-08-07T04:53:21Z
2026-08-07T04:50:48Z,2026-08-07T06:50:48+0200,9de41e72-ad84-4160-af68-c339f970a640,2026-07-21T02:45:00Z,2026-07-21T04:45:00+0200,500.561,MW,NL,NL,actual_offshore_wind_generation,Wind Offshore | Actual Aggregated,2026-08-07T04:53:21Z
2026-08-07T04:50:48Z,2026-08-07T06:50:48+0200,9de41e72-ad84-4160-af68-c339f970a640,2026-07-21T02:45:00Z,2026-07-21T04:45:00+0200,2.322,MW,NL,NL,actual_offshore_wind_generation,Wind Offshore | Actual Consumption,2026-08-07T04:53:21Z
2026-08-07T04:50:48Z,2026-08-07T06:50:48+0200,9de41e72-ad84-4160-af68-c339f970a640,2026-07-21T03:00:00Z,2026-07-21T05:00:00+0200,491.276,MW,NL,NL,actual_offshore_wind_generation,Wind Offshore | Actual Aggregated,2026-08-07T04:53:21Z
2026-08-07T04:50:48Z,2026-08-07T06:50:48+0200,9de41e72-ad84-4160-af68-c339f970a640,2026-07-21T03:00:00Z,2026-07-21T05:00:00+0200,1.899,MW,NL,NL,actual_offshore_wind_generation,Wind Offshore | Actual Consumption,2026-08-07T04:53:21Z
2026-08-07T04:50:48Z,2026-08-07T06:50:48+0200,9de41e72-ad84-4160-af68-c339f970a640,2026-07-21T03:15:00Z,2026-07-21T05:15:00+0200,488.893,MW,NL,NL,actual_offshore_wind_generation,Wind Offshore | Actual Aggregated,2026-08-07T04:53:21Z
2026-08-07T04:50:48Z,2026-08-07T06:50:48+0200,9de41e72-ad84-4160-af68-c339f970a640,2026-07-21T03:15:00Z,2026-07-21T05:15:00+0200,1.95,MW,NL,NL,actual_offshore_wind_generation,Wind Offshore | Actual Consumption,2026-08-07T04:53:21Z
2026-08-07T04:50:48Z,2026-08-07T06:50:48+0200,9de41e72-ad84-4160-af68-c339f970a640,2026-07-21T03:30:00Z,2026-07-21T05:30:00+0200,469.796,MW,NL,NL,actual_offshore_wind_generation,Wind Offshore | Actual Aggregated,2026-08-07T04:53:21Z
2026-08-07T04:50:48Z,2026-08-07T06:50:48+0200,9de41e72-ad84-4160-af68-c339f970a640,2026-07-21T03:30:00Z,2026-07-21T05:30:00+0200,2.024,MW,NL,NL,actual_offshore_wind_generation,Wind Offshore | Actual Consumption,2026-08-07T04:53:21Z
2026-08-07T04:50:48Z,2026-08-07T06:50:48+0200,9de41e72-ad84-4160-af68-c339f970a640,2026-07-21T03:45:00Z,2026-07-21T05:45:00+0200,461.155,MW,NL,NL,actual_offshore_wind_generation,Wind Offshore | Actual Aggregated,2026-08-07T04:53:21Z
2026-08-07T04:50:48Z,2026-08-07T06:50:48+0200,9de41e72-ad84-4160-af68-c339f970a640,2026-07-21T03:45:00Z,2026-07-21T05:45:00+0200,2.463,MW,NL,NL,actual_offshore_wind_generation,Wind Offshore | Actual Consumption,2026-08-07T04:53:21Z
2026-08-07T04:50:48Z,2026-08-07T06:50:48+0200,9de41e72-ad84-4160-af68-c339f970a640,2026-07-21T04:00:00Z,2026-07-21T06:00:00+0200,432.162,MW,NL,NL,actual_offshore_wind_generation,Wind Offshore | Actual Aggregated,2026-08-07T04:53:21Z
2026-08-07T04:50:48Z,2026-08-07T06:50:48+0200,9de41e72-ad84-4160-af68-c339f970a640,2026-07-21T04:00:00Z,2026-07-21T06:00:00+0200,2.705,MW,NL,NL,actual_offshore_wind_generation,Wind Offshore | Actual Consumption,2026-08-07T04:53:21Z
2026-08-07T04:50:48Z,2026-08-07T06:50:48+0200,9de41e72-ad84-4160-af68-c339f970a640,2026-07-21T04:15:00Z,2026-07-21T06:15:00+0200,439.744,MW,NL,NL,actual_offshore_wind_generation,Wind Offshore | Actual Aggregated,2026-08-07T04:53:21Z
2026-08-07T04:50:48Z,2026-08-07T06:50:48+0200,9de41e72-ad84-4160-af68-c339f970a640,2026-07-21T04:15:00Z,2026-07-21T06:15:00+0200,8.257,MW,NL,NL,actual_offshore_wind_generation,Wind Offshore | Actual Consumption,2026-08-07T04:53:21Z
2026-08-07T04:50:48Z,2026-08-07T06:50:48+0200,9de41e72-ad84-4160-af68-c339f970a640,2026-07-21T04:30:00Z,2026-07-21T06:30:00+0200,407.573,MW,NL,NL,actual_offshore_wind_generation,Wind Offshore | Actual Aggregated,2026-08-07T04:53:21Z
2026-08-07T04:50:48Z,2026-08-07T06:50:48+0200,9de41e72-ad84-4160-af68-c339f970a640,2026-07-21T04:30:00Z,2026-07-21T06:30:00+0200,7.18,MW,NL,NL,actual_offshore_wind_generation,Wind Offshore | Actual Consumption,2026-08-07T04:53:21Z
2026-08-07T04:50:48Z,2026-08-07T06:50:48+0200,9de41e72-ad84-4160-af68-c339f970a640,2026-07-21T04:45:00Z,2026-07-21T06:45:00+0200,403.375,MW,NL,NL,actual_offshore_wind_generation,Wind Offshore | Actual Aggregated,2026-08-07T04:53:21Z
2026-08-07T04:50:48Z,2026-08-07T06:50:48+0200,9de41e72-ad84-4160-af68-c339f970a640,2026-07-21T04:45:00Z,2026-07-21T06:45:00+0200,7.346,MW,NL,NL,actual_offshore_wind_generation,Wind Offshore | Actual Consumption,2026-08-07T04:53:21Z
2026-08-07T04:50:48Z,2026-08-07T06:50:48+0200,9de41e72-ad84-4160-af68-c339f970a640,2026-07-21T05:00:00Z,2026-07-21T07:00:00+0200,469.824,MW,NL,NL,actual_offshore_wind_generation,Wind Offshore | Actual Aggregated,2026-08-07T04:53:21Z
2026-08-07T04:50:48Z,2026-08-07T06:50:48+0200,9de41e72-ad84-4160-af68-c339f970a640,2026-07-21T05:00:00Z,2026-07-21T07:00:00+0200,2.997,MW,NL,NL,actual_offshore_wind_generation,Wind Offshore | Actual Consumption,2026-08-07T04:53:21Z
2026-08-07T04:50:48Z,2026-08-07T06:50:48+0200,9de41e72-ad84-4160-af68-c339f970a640,2026-07-21T05:15:00Z,2026-07-21T07:15:00+0200,458.682,MW,NL,NL,actual_offshore_wind_generation,Wind Offshore | Actual Aggregated,2026-08-07T04:53:21Z
2026-08-07T04:50:48Z,2026-08-07T06:50:48+0200,9de41e72-ad84-4160-af68-c339f970a640,2026-07-21T05:15:00Z,2026-07-21T07:15:00+0200,2.317,MW,NL,NL,actual_offshore_wind_generation,Wind Offshore | Actual Consumption,2026-08-07T04:53:21Z
2026-08-07T04:50:48Z,2026-08-07T06:50:48+0200,9de41e72-ad84-4160-af68-c339f970a640,2026-07-21T05:30:00Z,2026-07-21T07:30:00+0200,415.996,MW,NL,NL,actual_offshore_wind_generation,Wind Offshore | Actual Aggregated,2026-08-07T04:53:21Z
2026-08-07T04:50:48Z,2026-08-07T06:50:48+0200,9de41e72-ad84-4160-af68-c339f970a640,2026-07-21T05:30:00Z,2026-07-21T07:30:00+0200,1.729,MW,NL,NL,actual_offshore_wind_generation,Wind Offshore | Actual Consumption,2026-08-07T04:53:21Z
2026-08-07T04:50:48Z,2026-08-07T06:50:48+0200,9de41e72-ad84-4160-af68-c339f970a640,2026-07-21T05:45:00Z,2026-07-21T07:45:00+0200,375.525,MW,NL,NL,actual_offshore_wind_generation,Wind Offshore | Actual Aggregated,2026-08-07T04:53:21Z
2026-08-07T04:50:48Z,2026-08-07T06:50:48+0200,9de41e72-ad84-4160-af68-c339f970a640,2026-07-21T05:45:00Z,2026-07-21T07:45:00+0200,1.605,MW,NL,NL,actual_offshore_wind_generation,Wind Offshore | Actual Consumption,2026-08-07T04:53:21Z
2026-08-07T04:50:48Z,2026-08-07T06:50:48+0200,9de41e72-ad84-4160-af68-c339f970a640,2026-07-21T06:00:00Z,2026-07-21T08:00:00+0200,360.734,MW,NL,NL,actual_offshore_wind_generation,Wind Offshore | Actual Aggregated,2026-08-07T04:53:21Z
2026-08-07T04:50:48Z,2026-08-07T06:50:48+0200,9de41e72-ad84-4160-af68-c339f970a640,2026-07-21T06:00:00Z,2026-07-21T08:00:00+0200,1.935,MW,NL,NL,actual_offshore_wind_generation,Wind Offshore | Actual Consumption,2026-08-07T04:53:21Z
2026-08-07T04:50:48Z,2026-08-07T06:50:48+0200,9de41e72-ad84-4160-af68-c339f970a640,2026-07-21T06:15:00Z,2026-07-21T08:15:00+0200,336.049,MW,NL,NL,actual_offshore_wind_generation,Wind Offshore | Actual Aggregated,2026-08-07T04:53:21Z
2026-08-07T04:50:48Z,2026-08-07T06:50:48+0200,9de41e72-ad84-4160-af68-c339f970a640,2026-07-21T06:15:00Z,2026-07-21T08:15:00+0200,1.692,MW,NL,NL,actual_offshore_wind_generation,Wind Offshore | Actual Consumption,2026-08-07T04:53:21Z
2026-08-07T04:50:48Z,2026-08-07T06:50:48+0200,9de41e72-ad84-4160-af68-c339f970a640,2026-07-21T06:30:00Z,2026-07-21T08:30:00+0200,320.703,MW,NL,NL,actual_offshore_wind_generation,Wind Offshore | Actual Aggregated,2026-08-07T04:53:21Z
2026-08-07T04:50:48Z,2026-08-07T06:50:48+0200,9de41e72-ad84-4160-af68-c339f970a640,2026-07-21T06:30:00Z,2026-07-21T08:30:00+0200,2.11,MW,NL,NL,actual_offshore_wind_generation,Wind Offshore | Actual Consumption,2026-08-07T04:53:21Z
2026-08-07T04:50:48Z,2026-08-07T06:50:48+0200,9de41e72-ad84-4160-af68-c339f970a640,2026-07-21T06:45:00Z,2026-07-21T08:45:00+0200,307.969,MW,NL,NL,actual_offshore_wind_generation,Wind Offshore | Actual Aggregated,2026-08-07T04:53:21Z
2026-08-07T04:50:48Z,2026-08-07T06:50:48+0200,9de41e72-ad84-4160-af68-c339f970a640,2026-07-21T06:45:00Z,2026-07-21T08:45:00+0200,1.807,MW,NL,NL,actual_offshore_wind_generation,Wind Offshore | Actual Consumption,2026-08-07T04:53:21Z
2026-08-07T04:50:48Z,2026-08-07T06:50:48+0200,9de41e72-ad84-4160-af68-c339f970a640,2026-07-21T07:00:00Z,2026-07-21T09:00:00+0200,273.838,MW,NL,NL,actual_offshore_wind_generation,Wind Offshore | Actual Aggregated,2026-08-07T04:53:21Z
2026-08-07T04:50:48Z,2026-08-07T06:50:48+0200,9de41e72-ad84-4160-af68-c339f970a640,2026-07-21T07:00:00Z,2026-07-21T09:00:00+0200,1.74,MW,NL,NL,actual_offshore_wind_generation,Wind Offshore | Actual Consumption,2026-08-07T04:53:21Z
2026-08-07T04:50:48Z,2026-08-07T06:50:48+0200,9de41e72-ad84-4160-af68-c339f970a640,2026-07-21T07:15:00Z,2026-07-21T09:15:00+0200,263.78,MW,NL,NL,actual_offshore_wind_generation,Wind Offshore | Actual Aggregated,2026-08-07T04:53:21Z
2026-08-07T04:50:48Z,2026-08-07T06:50:48+0200,9de41e72-ad84-4160-af68-c339f970a640,2026-07-21T07:15:00Z,2026-07-21T09:15:00+0200,1.157,MW,NL,NL,actual_offshore_wind_generation,Wind Offshore | Actual Consumption,2026-08-07T04:53:21Z
2026-08-07T04:50:48Z,2026-08-07T06:50:48+0200,9de41e72-ad84-4160-af68-c339f970a640,2026-07-21T07:30:00Z,2026-07-21T09:30:00+0200,252.818,MW,NL,NL,actual_offshore_wind_generation,Wind Offshore | Actual Aggregated,2026-08-07T04:53:21Z
2026-08-07T04:50:48Z,2026-08-07T06:50:48+0200,9de41e72-ad84-4160-af68-c339f970a640,2026-07-21T07:30:00Z,2026-07-21T09:30:00+0200,1.396,MW,NL,NL,actual_offshore_wind_generation,Wind Offshore | Actual Consumption,2026-08-07T04:53:21Z
2026-08-07T04:50:48Z,2026-08-07T06:50:48+0200,9de41e72-ad84-4160-af68-c339f970a640,2026-07-21T07:45:00Z,2026-07-21T09:45:00+0200,224.218,MW,NL,NL,actual_offshore_wind_generation,Wind Offshore | Actual Aggregated,2026-08-07T04:53:21Z
2026-08-07T04:50:48Z,2026-08-07T06:50:48+0200,9de41e72-ad84-4160-af68-c339f970a640,2026-07-21T07:45:00Z,2026-07-21T09:45:00+0200,1.459,MW,NL,NL,actual_offshore_wind_generation,Wind Offshore | Actual Consumption,2026-08-07T04:53:21Z
2026-08-07T04:50:48Z,2026-08-07T06:50:48+0200,9de41e72-ad84-4160-af68-c339f970a640,2026-07-21T08:00:00Z,2026-07-21T10:00:00+0200,192.954,MW,NL,NL,actual_offshore_wind_generation,Wind Offshore | Actual Aggregated,2026-08-07T04:53:21Z
2026-08-07T04:50:48Z,2026-08-07T06:50:48+0200,9de41e72-ad84-4160-af68-c339f970a640,2026-07-21T08:00:00Z,2026-07-21T10:00:00+0200,0.759,MW,NL,NL,actual_offshore_wind_generation,Wind Offshore | Actual Consumption,2026-08-07T04:53:21Z
2026-08-07T04:50:48Z,2026-08-07T06:50:48+0200,9de41e72-ad84-4160-af68-c339f970a640,2026-07-21T08:15:00Z,2026-07-21T10:15:00+0200,171.288,MW,NL,NL,actual_offshore_wind_generation,Wind Offshore | Actual Aggregated,2026-08-07T04:53:21Z
2026-08-07T04:50:48Z,2026-08-07T06:50:48+0200,9de41e72-ad84-4160-af68-c339f970a640,2026-07-21T08:15:00Z,2026-07-21T10:15:00+0200,1.44,MW,NL,NL,actual_offshore_wind_generation,Wind Offshore | Actual Consumption,2026-08-07T04:53:21Z
2026-08-07T04:50:48Z,2026-08-07T06:50:48+0200,9de41e72-ad84-4160-af68-c339f970a640,2026-07-21T08:30:00Z,2026-07-21T10:30:00+0200,160.281,MW,NL,NL,actual_offshore_wind_generation,Wind Offshore | Actual Aggregated,2026-08-07T04:53:21Z
2026-08-07T04:50:48Z,2026-08-07T06:50:48+0200,9de41e72-ad84-4160-af68-c339f970a640,2026-07-21T08:30:00Z,2026-07-21T10:30:00+0200,1.67,MW,NL,NL,actual_offshore_wind_generation,Wind Offshore | Actual Consumption,2026-08-07T04:53:21Z
2026-08-07T04:50:48Z,2026-08-07T06:50:48+0200,9de41e72-ad84-4160-af68-c339f970a640,2026-07-21T08:45:00Z,2026-07-21T10:45:00+0200,137.275,MW,NL,NL,actual_offshore_wind_generation,Wind Offshore | Actual Aggregated,2026-08-07T04:53:21Z
2026-08-07T04:50:48Z,2026-08-07T06:50:48+0200,9de41e72-ad84-4160-af68-c339f970a640,2026-07-21T08:45:00Z,2026-07-21T10:45:00+0200,2.363,MW,NL,NL,actual_offshore_wind_generation,Wind Offshore | Actual Consumption,2026-08-07T04:53:21Z
2026-08-07T04:50:48Z,2026-08-07T06:50:48+0200,9de41e72-ad84-4160-af68-c339f970a640,2026-07-21T09:00:00Z,2026-07-21T11:00:00+0200,87.86,MW,NL,NL,actual_offshore_wind_generation,Wind Offshore | Actual Aggregated,2026-08-07T04:53:21Z
2026-08-07T04:50:48Z,2026-08-07T06:50:48+0200,9de41e72-ad84-4160-af68-c339f970a640,2026-07-21T09:00:00Z,2026-07-21T11:00:00+0200,3.161,MW,NL,NL,actual_offshore_wind_generation,Wind Offshore | Actual Consumption,2026-08-07T04:53:21Z
2026-08-07T04:50:48Z,2026-08-07T06:50:48+0200,9de41e72-ad84-4160-af68-c339f970a640,2026-07-21T09:15:00Z,2026-07-21T11:15:00+0200,70.852,MW,NL,NL,actual_offshore_wind_generation,Wind Offshore | Actual Aggregated,2026-08-07T04:53:21Z
2026-08-07T04:50:48Z,2026-08-07T06:50:48+0200,9de41e72-ad84-4160-af68-c339f970a640,2026-07-21T09:15:00Z,2026-07-21T11:15:00+0200,7.224,MW,NL,NL,actual_offshore_wind_generation,Wind Offshore | Actual Consumption,2026-08-07T04:53:21Z
2026-08-07T04:50:48Z,2026-08-07T06:50:48+0200,9de41e72-ad84-4160-af68-c339f970a640,2026-07-21T09:30:00Z,2026-07-21T11:30:00+0200,49.929,MW,NL,NL,actual_offshore_wind_generation,Wind Offshore | Actual Aggregated,2026-08-07T04:53:21Z
2026-08-07T04:50:48Z,2026-08-07T06:50:48+0200,9de41e72-ad84-4160-af68-c339f970a640,2026-07-21T09:30:00Z,2026-07-21T11:30:00+0200,9.866,MW,NL,NL,actual_offshore_wind_generation,Wind Offshore | Actual Consumption,2026-08-07T04:53:21Z
2026-08-07T04:50:48Z,2026-08-07T06:50:48+0200,9de41e72-ad84-4160-af68-c339f970a640,2026-07-21T09:45:00Z,2026-07-21T11:45:00+0200,54.254,MW,NL,NL,actual_offshore_wind_generation,Wind Offshore | Actual Aggregated,2026-08-07T04:53:21Z
2026-08-07T04:50:48Z,2026-08-07T06:50:48+0200,9de41e72-ad84-4160-af68-c339f970a640,2026-07-21T09:45:00Z,2026-07-21T11:45:00+0200,11.067,MW,NL,NL,actual_offshore_wind_generation,Wind Offshore | Actual Consumption,2026-08-07T04:53:21Z
2026-08-07T04:50:48Z,2026-08-07T06:50:48+0200,9de41e72-ad84-4160-af68-c339f970a640,2026-07-21T10:00:00Z,2026-07-21T12:00:00+0200,39.272,MW,NL,NL,actual_offshore_wind_generation,Wind Offshore | Actual Aggregated,2026-08-07T04:53:21Z
2026-08-07T04:50:48Z,2026-08-07T06:50:48+0200,9de41e72-ad84-4160-af68-c339f970a640,2026-07-21T10:00:00Z,2026-07-21T12:00:00+0200,10.834,MW,NL,NL,actual_offshore_wind_generation,Wind Offshore | Actual Consumption,2026-08-07T04:53:21Z
2026-08-07T04:50:48Z,2026-08-07T06:50:48+0200,9de41e72-ad84-4160-af68-c339f970a640,2026-07-21T10:15:00Z,2026-07-21T12:15:00+0200,50.509,MW,NL,NL,actual_offshore_wind_generation,Wind Offshore | Actual Aggregated,2026-08-07T04:53:21Z
2026-08-07T04:50:48Z,2026-08-07T06:50:48+0200,9de41e72-ad84-4160-af68-c339f970a640,2026-07-21T10:15:00Z,2026-07-21T12:15:00+0200,11.174,MW,NL,NL,actual_offshore_wind_generation,Wind Offshore | Actual Consumption,2026-08-07T04:53:21Z
2026-08-07T04:50:48Z,2026-08-07T06:50:48+0200,9de41e72-ad84-4160-af68-c339f970a640,2026-07-21T10:30:00Z,2026-07-21T12:30:00+0200,44.008,MW,NL,NL,actual_offshore_wind_generation,Wind Offshore | Actual Aggregated,2026-08-07T04:53:21Z
2026-08-07T04:50:48Z,2026-08-07T06:50:48+0200,9de41e72-ad84-4160-af68-c339f970a640,2026-07-21T10:30:00Z,2026-07-21T12:30:00+0200,6.518,MW,NL,NL,actual_offshore_wind_generation,Wind Offshore | Actual Consumption,2026-08-07T04:53:21Z
2026-08-07T04:50:48Z,2026-08-07T06:50:48+0200,9de41e72-ad84-4160-af68-c339f970a640,2026-07-21T10:45:00Z,2026-07-21T12:45:00+0200,33.807,MW,NL,NL,actual_offshore_wind_generation,Wind Offshore | Actual Aggregated,2026-08-07T04:53:21Z
2026-08-07T04:50:48Z,2026-08-07T06:50:48+0200,9de41e72-ad84-4160-af68-c339f970a640,2026-07-21T10:45:00Z,2026-07-21T12:45:00+0200,6.324,MW,NL,NL,actual_offshore_wind_generation,Wind Offshore | Actual Consumption,2026-08-07T04:53:21Z
2026-08-07T04:50:48Z,2026-08-07T06:50:48+0200,9de41e72-ad84-4160-af68-c339f970a640,2026-07-21T11:00:00Z,2026-07-21T13:00:00+0200,44.466,MW,NL,NL,actual_offshore_wind_generation,Wind Offshore | Actual Aggregated,2026-08-07T04:53:21Z
2026-08-07T04:50:48Z,2026-08-07T06:50:48+0200,9de41e72-ad84-4160-af68-c339f970a640,2026-07-21T11:00:00Z,2026-07-21T13:00:00+0200,7.565,MW,NL,NL,actual_offshore_wind_generation,Wind Offshore | Actual Consumption,2026-08-07T04:53:21Z
2026-08-07T04:50:48Z,2026-08-07T06:50:48+0200,9de41e72-ad84-4160-af68-c339f970a640,2026-07-21T11:15:00Z,2026-07-21T13:15:00+0200,49.413,MW,NL,NL,actual_offshore_wind_generation,Wind Offshore | Actual Aggregated,2026-08-07T04:53:21Z
2026-08-07T04:50:48Z,2026-08-07T06:50:48+0200,9de41e72-ad84-4160-af68-c339f970a640,2026-07-21T11:15:00Z,2026-07-21T13:15:00+0200,7.957,MW,NL,NL,actual_offshore_wind_generation,Wind Offshore | Actual Consumption,2026-08-07T04:53:21Z
2026-08-07T04:50:48Z,2026-08-07T06:50:48+0200,9de41e72-ad84-4160-af68-c339f970a640,2026-07-21T11:30:00Z,2026-07-21T13:30:00+0200,24.039,MW,NL,NL,actual_offshore_wind_generation,Wind Offshore | Actual Aggregated,2026-08-07T04:53:21Z
2026-08-07T04:50:48Z,2026-08-07T06:50:48+0200,9de41e72-ad84-4160-af68-c339f970a640,2026-07-21T11:30:00Z,2026-07-21T13:30:00+0200,10.063,MW,NL,NL,actual_offshore_wind_generation,Wind Offshore | Actual Consumption,2026-08-07T04:53:21Z
2026-08-07T04:50:48Z,2026-08-07T06:50:48+0200,9de41e72-ad84-4160-af68-c339f970a640,2026-07-21T11:45:00Z,2026-07-21T13:45:00+0200,54.881,MW,NL,NL,actual_offshore_wind_generation,Wind Offshore | Actual Aggregated,2026-08-07T04:53:21Z
2026-08-07T04:50:48Z,2026-08-07T06:50:48+0200,9de41e72-ad84-4160-af68-c339f970a640,2026-07-21T11:45:00Z,2026-07-21T13:45:00+0200,14.457,MW,NL,NL,actual_offshore_wind_generation,Wind Offshore | Actual Consumption,2026-08-07T04:53:21Z
2026-08-07T04:50:48Z,2026-08-07T06:50:48+0200,9de41e72-ad84-4160-af68-c339f970a640,2026-07-21T12:00:00Z,2026-07-21T14:00:00+0200,64.928,MW,NL,NL,actual_offshore_wind_generation,Wind Offshore | Actual Aggregated,2026-08-07T04:53:21Z
2026-08-07T04:50:48Z,2026-08-07T06:50:48+0200,9de41e72-ad84-4160-af68-c339f970a640,2026-07-21T12:00:00Z,2026-07-21T14:00:00+0200,8.954,MW,NL,NL,actual_offshore_wind_generation,Wind Offshore | Actual Consumption,2026-08-07T04:53:21Z
2026-08-07T04:50:48Z,2026-08-07T06:50:48+0200,9de41e72-ad84-4160-af68-c339f970a640,2026-07-21T12:15:00Z,2026-07-21T14:15:00+0200,78.265,MW,NL,NL,actual_offshore_wind_generation,Wind Offshore | Actual Aggregated,2026-08-07T04:53:21Z
2026-08-07T04:50:48Z,2026-08-07T06:50:48+0200,9de41e72-ad84-4160-af68-c339f970a640,2026-07-21T12:15:00Z,2026-07-21T14:15:00+0200,2.707,MW,NL,NL,actual_offshore_wind_generation,Wind Offshore | Actual Consumption,2026-08-07T04:53:21Z
2026-08-07T04:50:48Z,2026-08-07T06:50:48+0200,9de41e72-ad84-4160-af68-c339f970a640,2026-07-21T12:30:00Z,2026-07-21T14:30:00+0200,107.867,MW,NL,NL,actual_offshore_wind_generation,Wind Offshore | Actual Aggregated,2026-08-07T04:53:21Z
2026-08-07T04:50:48Z,2026-08-07T06:50:48+0200,9de41e72-ad84-4160-af68-c339f970a640,2026-07-21T12:30:00Z,2026-07-21T14:30:00+0200,3.305,MW,NL,NL,actual_offshore_wind_generation,Wind Offshore | Actual Consumption,2026-08-07T04:53:21Z
2026-08-07T04:50:48Z,2026-08-07T06:50:48+0200,9de41e72-ad84-4160-af68-c339f970a640,2026-07-21T12:45:00Z,2026-07-21T14:45:00+0200,165.484,MW,NL,NL,actual_offshore_wind_generation,Wind Offshore | Actual Aggregated,2026-08-07T04:53:21Z
2026-08-07T04:50:48Z,2026-08-07T06:50:48+0200,9de41e72-ad84-4160-af68-c339f970a640,2026-07-21T12:45:00Z,2026-07-21T14:45:00+0200,2.069,MW,NL,NL,actual_offshore_wind_generation,Wind Offshore | Actual Consumption,2026-08-07T04:53:21Z
2026-08-07T04:50:48Z,2026-08-07T06:50:48+0200,9de41e72-ad84-4160-af68-c339f970a640,2026-07-21T13:00:00Z,2026-07-21T15:00:00+0200,223.895,MW,NL,NL,actual_offshore_wind_generation,Wind Offshore | Actual Aggregated,2026-08-07T04:53:21Z
2026-08-07T04:50:48Z,2026-08-07T06:50:48+0200,9de41e72-ad84-4160-af68-c339f970a640,2026-07-21T13:00:00Z,2026-07-21T15:00:00+0200,1.017,MW,NL,NL,actual_offshore_wind_generation,Wind Offshore | Actual Consumption,2026-08-07T04:53:21Z
2026-08-07T04:50:48Z,2026-08-07T06:50:48+0200,9de41e72-ad84-4160-af68-c339f970a640,2026-07-21T13:15:00Z,2026-07-21T15:15:00+0200,303.006,MW,NL,NL,actual_offshore_wind_generation,Wind Offshore | Actual Aggregated,2026-08-07T04:53:21Z
2026-08-07T04:50:48Z,2026-08-07T06:50:48+0200,9de41e72-ad84-4160-af68-c339f970a640,2026-07-21T13:15:00Z,2026-07-21T15:15:00+0200,2.255,MW,NL,NL,actual_offshore_wind_generation,Wind Offshore | Actual Consumption,2026-08-07T04:53:21Z
2026-08-07T04:50:48Z,2026-08-07T06:50:48+0200,9de41e72-ad84-4160-af68-c339f970a640,2026-07-21T13:30:00Z,2026-07-21T15:30:00+0200,339.203,MW,NL,NL,actual_offshore_wind_generation,Wind Offshore | Actual Aggregated,2026-08-07T04:53:21Z
2026-08-07T04:50:48Z,2026-08-07T06:50:48+0200,9de41e72-ad84-4160-af68-c339f970a640,2026-07-21T13:30:00Z,2026-07-21T15:30:00+0200,3.011,MW,NL,NL,actual_offshore_wind_generation,Wind Offshore | Actual Consumption,2026-08-07T04:53:21Z
2026-08-07T04:50:48Z,2026-08-07T06:50:48+0200,9de41e72-ad84-4160-af68-c339f970a640,2026-07-21T13:45:00Z,2026-07-21T15:45:00+0200,245.858,MW,NL,NL,actual_offshore_wind_generation,Wind Offshore | Actual Aggregated,2026-08-07T04:53:21Z
2026-08-07T04:50:48Z,2026-08-07T06:50:48+0200,9de41e72-ad84-4160-af68-c339f970a640,2026-07-21T13:45:00Z,2026-07-21T15:45:00+0200,2.953,MW,NL,NL,actual_offshore_wind_generation,Wind Offshore | Actual Consumption,2026-08-07T04:53:21Z
2026-08-07T04:50:48Z,2026-08-07T06:50:48+0200,9de41e72-ad84-4160-af68-c339f970a640,2026-07-21T14:00:00Z,2026-07-21T16:00:00+0200,180.183,MW,NL,NL,actual_offshore_wind_generation,Wind Offshore | Actual Aggregated,2026-08-07T04:53:21Z
2026-08-07T04:50:48Z,2026-08-07T06:50:48+0200,9de41e72-ad84-4160-af68-c339f970a640,2026-07-21T14:00:00Z,2026-07-21T16:00:00+0200,3.392,MW,NL,NL,actual_offshore_wind_generation,Wind Offshore | Actual Consumption,2026-08-07T04:53:21Z
2026-08-07T04:50:48Z,2026-08-07T06:50:48+0200,9de41e72-ad84-4160-af68-c339f970a640,2026-07-21T14:15:00Z,2026-07-21T16:15:00+0200,393.607,MW,NL,NL,actual_offshore_wind_generation,Wind Offshore | Actual Aggregated,2026-08-07T04:53:21Z
2026-08-07T04:50:48Z,2026-08-07T06:50:48+0200,9de41e72-ad84-4160-af68-c339f970a640,2026-07-21T14:15:00Z,2026-07-21T16:15:00+0200,3.382,MW,NL,NL,actual_offshore_wind_generation,Wind Offshore | Actual Consumption,2026-08-07T04:53:21Z
2026-08-07T04:50:48Z,2026-08-07T06:50:48+0200,9de41e72-ad84-4160-af68-c339f970a640,2026-07-21T14:30:00Z,2026-07-21T16:30:00+0200,370.394,MW,NL,NL,actual_offshore_wind_generation,Wind Offshore | Actual Aggregated,2026-08-07T04:53:21Z
2026-08-07T04:50:48Z,2026-08-07T06:50:48+0200,9de41e72-ad84-4160-af68-c339f970a640,2026-07-21T14:30:00Z,2026-07-21T16:30:00+0200,3.338,MW,NL,NL,actual_offshore_wind_generation,Wind Offshore | Actual Consumption,2026-08-07T04:53:21Z
2026-08-07T04:50:48Z,2026-08-07T06:50:48+0200,9de41e72-ad84-4160-af68-c339f970a640,2026-07-21T14:45:00Z,2026-07-21T16:45:00+0200,243.644,MW,NL,NL,actual_offshore_wind_generation,Wind Offshore | Actual Aggregated,2026-08-07T04:53:21Z
2026-08-07T04:50:48Z,2026-08-07T06:50:48+0200,9de41e72-ad84-4160-af68-c339f970a640,2026-07-21T14:45:00Z,2026-07-21T16:45:00+0200,2.786,MW,NL,NL,actual_offshore_wind_generation,Wind Offshore | Actual Consumption,2026-08-07T04:53:21Z
2026-08-07T04:50:48Z,2026-08-07T06:50:48+0200,9de41e72-ad84-4160-af68-c339f970a640,2026-07-21T15:00:00Z,2026-07-21T17:00:00+0200,380.646,MW,NL,NL,actual_offshore_wind_generation,Wind Offshore | Actual Aggregated,2026-08-07T04:53:21Z
2026-08-07T04:50:48Z,2026-08-07T06:50:48+0200,9de41e72-ad84-4160-af68-c339f970a640,2026-07-21T15:00:00Z,2026-07-21T17:00:00+0200,2.211,MW,NL,NL,actual_offshore_wind_generation,Wind Offshore | Actual Consumption,2026-08-07T04:53:21Z
2026-08-07T04:50:48Z,2026-08-07T06:50:48+0200,9de41e72-ad84-4160-af68-c339f970a640,2026-07-21T15:15:00Z,2026-07-21T17:15:00+0200,488.675,MW,NL,NL,actual_offshore_wind_generation,Wind Offshore | Actual Aggregated,2026-08-07T04:53:21Z
2026-08-07T04:50:48Z,2026-08-07T06:50:48+0200,9de41e72-ad84-4160-af68-c339f970a640,2026-07-21T15:15:00Z,2026-07-21T17:15:00+0200,2.154,MW,NL,NL,actual_offshore_wind_generation,Wind Offshore | Actual Consumption,2026-08-07T04:53:21Z
2026-08-07T04:50:48Z,2026-08-07T06:50:48+0200,9de41e72-ad84-4160-af68-c339f970a640,2026-07-21T15:30:00Z,2026-07-21T17:30:00+0200,525.259,MW,NL,NL,actual_offshore_wind_generation,Wind Offshore | Actual Aggregated,2026-08-07T04:53:21Z
2026-08-07T04:50:48Z,2026-08-07T06:50:48+0200,9de41e72-ad84-4160-af68-c339f970a640,2026-07-21T15:30:00Z,2026-07-21T17:30:00+0200,2.13,MW,NL,NL,actual_offshore_wind_generation,Wind Offshore | Actual Consumption,2026-08-07T04:53:21Z
2026-08-07T04:50:48Z,2026-08-07T06:50:48+0200,9de41e72-ad84-4160-af68-c339f970a640,2026-07-21T15:45:00Z,2026-07-21T17:45:00+0200,629.378,MW,NL,NL,actual_offshore_wind_generation,Wind Offshore | Actual Aggregated,2026-08-07T04:53:21Z
2026-08-07T04:50:48Z,2026-08-07T06:50:48+0200,9de41e72-ad84-4160-af68-c339f970a640,2026-07-21T15:45:00Z,2026-07-21T17:45:00+0200,2.197,MW,NL,NL,actual_offshore_wind_generation,Wind Offshore | Actual Consumption,2026-08-07T04:53:21Z
2026-08-07T04:50:48Z,2026-08-07T06:50:48+0200,9de41e72-ad84-4160-af68-c339f970a640,2026-07-21T16:00:00Z,2026-07-21T18:00:00+0200,620.734,MW,NL,NL,actual_offshore_wind_generation,Wind Offshore | Actual Aggregated,2026-08-07T04:53:21Z
2026-08-07T04:50:48Z,2026-08-07T06:50:48+0200,9de41e72-ad84-4160-af68-c339f970a640,2026-07-21T16:00:00Z,2026-07-21T18:00:00+0200,2.314,MW,NL,NL,actual_offshore_wind_generation,Wind Offshore | Actual Consumption,2026-08-07T04:53:21Z
2026-08-07T04:50:48Z,2026-08-07T06:50:48+0200,9de41e72-ad84-4160-af68-c339f970a640,2026-07-21T16:15:00Z,2026-07-21T18:15:00+0200,634.069,MW,NL,NL,actual_offshore_wind_generation,Wind Offshore | Actual Aggregated,2026-08-07T04:53:21Z
2026-08-07T04:50:48Z,2026-08-07T06:50:48+0200,9de41e72-ad84-4160-af68-c339f970a640,2026-07-21T16:15:00Z,2026-07-21T18:15:00+0200,2.082,MW,NL,NL,actual_offshore_wind_generation,Wind Offshore | Actual Consumption,2026-08-07T04:53:21Z
2026-08-07T04:50:48Z,2026-08-07T06:50:48+0200,9de41e72-ad84-4160-af68-c339f970a640,2026-07-21T16:30:00Z,2026-07-21T18:30:00+0200,656.394,MW,NL,NL,actual_offshore_wind_generation,Wind Offshore | Actual Aggregated,2026-08-07T04:53:21Z
2026-08-07T04:50:48Z,2026-08-07T06:50:48+0200,9de41e72-ad84-4160-af68-c339f970a640,2026-07-21T16:30:00Z,2026-07-21T18:30:00+0200,2.137,MW,NL,NL,actual_offshore_wind_generation,Wind Offshore | Actual Consumption,2026-08-07T04:53:21Z
2026-08-07T04:50:48Z,2026-08-07T06:50:48+0200,9de41e72-ad84-4160-af68-c339f970a640,2026-07-21T16:45:00Z,2026-07-21T18:45:00+0200,698.297,MW,NL,NL,actual_offshore_wind_generation,Wind Offshore | Actual Aggregated,2026-08-07T04:53:21Z
2026-08-07T04:50:48Z,2026-08-07T06:50:48+0200,9de41e72-ad84-4160-af68-c339f970a640,2026-07-21T16:45:00Z,2026-07-21T18:45:00+0200,1.832,MW,NL,NL,actual_offshore_wind_generation,Wind Offshore | Actual Consumption,2026-08-07T04:53:21Z
2026-08-07T04:50:48Z,2026-08-07T06:50:48+0200,9de41e72-ad84-4160-af68-c339f970a640,2026-07-21T17:00:00Z,2026-07-21T19:00:00+0200,812.83,MW,NL,NL,actual_offshore_wind_generation,Wind Offshore | Actual Aggregated,2026-08-07T04:53:21Z
2026-08-07T04:50:48Z,2026-08-07T06:50:48+0200,9de41e72-ad84-4160-af68-c339f970a640,2026-07-21T17:00:00Z,2026-07-21T19:00:00+0200,2.012,MW,NL,NL,actual_offshore_wind_generation,Wind Offshore | Actual Consumption,2026-08-07T04:53:21Z
2026-08-07T04:50:48Z,2026-08-07T06:50:48+0200,9de41e72-ad84-4160-af68-c339f970a640,2026-07-21T17:15:00Z,2026-07-21T19:15:00+0200,872.855,MW,NL,NL,actual_offshore_wind_generation,Wind Offshore | Actual Aggregated,2026-08-07T04:53:21Z
2026-08-07T04:50:48Z,2026-08-07T06:50:48+0200,9de41e72-ad84-4160-af68-c339f970a640,2026-07-21T17:15:00Z,2026-07-21T19:15:00+0200,1.826,MW,NL,NL,actual_offshore_wind_generation,Wind Offshore | Actual Consumption,2026-08-07T04:53:21Z
2026-08-07T04:50:48Z,2026-08-07T06:50:48+0200,9de41e72-ad84-4160-af68-c339f970a640,2026-07-21T17:30:00Z,2026-07-21T19:30:00+0200,849.505,MW,NL,NL,actual_offshore_wind_generation,Wind Offshore | Actual Aggregated,2026-08-07T04:53:21Z
2026-08-07T04:50:48Z,2026-08-07T06:50:48+0200,9de41e72-ad84-4160-af68-c339f970a640,2026-07-21T17:30:00Z,2026-07-21T19:30:00+0200,2.381,MW,NL,NL,actual_offshore_wind_generation,Wind Offshore | Actual Consumption,2026-08-07T04:53:21Z
2026-08-07T04:50:48Z,2026-08-07T06:50:48+0200,9de41e72-ad84-4160-af68-c339f970a640,2026-07-21T17:45:00Z,2026-07-21T19:45:00+0200,885.105,MW,NL,NL,actual_offshore_wind_generation,Wind Offshore | Actual Aggregated,2026-08-07T04:53:21Z
2026-08-07T04:50:48Z,2026-08-07T06:50:48+0200,9de41e72-ad84-4160-af68-c339f970a640,2026-07-21T17:45:00Z,2026-07-21T19:45:00+0200,2.993,MW,NL,NL,actual_offshore_wind_generation,Wind Offshore | Actual Consumption,2026-08-07T04:53:21Z
2026-08-07T04:50:48Z,2026-08-07T06:50:48+0200,9de41e72-ad84-4160-af68-c339f970a640,2026-07-21T18:00:00Z,2026-07-21T20:00:00+0200,957.617,MW,NL,NL,actual_offshore_wind_generation,Wind Offshore | Actual Aggregated,2026-08-07T04:53:21Z
2026-08-07T04:50:48Z,2026-08-07T06:50:48+0200,9de41e72-ad84-4160-af68-c339f970a640,2026-07-21T18:00:00Z,2026-07-21T20:00:00+0200,2.686,MW,NL,NL,actual_offshore_wind_generation,Wind Offshore | Actual Consumption,2026-08-07T04:53:21Z
2026-08-07T04:50:48Z,2026-08-07T06:50:48+0200,9de41e72-ad84-4160-af68-c339f970a640,2026-07-21T18:15:00Z,2026-07-21T20:15:00+0200,831.859,MW,NL,NL,actual_offshore_wind_generation,Wind Offshore | Actual Aggregated,2026-08-07T04:53:21Z
2026-08-07T04:50:48Z,2026-08-07T06:50:48+0200,9de41e72-ad84-4160-af68-c339f970a640,2026-07-21T18:15:00Z,2026-07-21T20:15:00+0200,2.315,MW,NL,NL,actual_offshore_wind_generation,Wind Offshore | Actual Consumption,2026-08-07T04:53:21Z
2026-08-07T04:50:48Z,2026-08-07T06:50:48+0200,9de41e72-ad84-4160-af68-c339f970a640,2026-07-21T18:30:00Z,2026-07-21T20:30:00+0200,712.042,MW,NL,NL,actual_offshore_wind_generation,Wind Offshore | Actual Aggregated,2026-08-07T04:53:21Z
2026-08-07T04:50:48Z,2026-08-07T06:50:48+0200,9de41e72-ad84-4160-af68-c339f970a640,2026-07-21T18:30:00Z,2026-07-21T20:30:00+0200,1.761,MW,NL,NL,actual_offshore_wind_generation,Wind Offshore | Actual Consumption,2026-08-07T04:53:21Z
2026-08-07T04:50:48Z,2026-08-07T06:50:48+0200,9de41e72-ad84-4160-af68-c339f970a640,2026-07-21T18:45:00Z,2026-07-21T20:45:00+0200,766.271,MW,NL,NL,actual_offshore_wind_generation,Wind Offshore | Actual Aggregated,2026-08-07T04:53:21Z
2026-08-07T04:50:48Z,2026-08-07T06:50:48+0200,9de41e72-ad84-4160-af68-c339f970a640,2026-07-21T18:45:00Z,2026-07-21T20:45:00+0200,2.031,MW,NL,NL,actual_offshore_wind_generation,Wind Offshore | Actual Consumption,2026-08-07T04:53:21Z
2026-08-07T04:50:48Z,2026-08-07T06:50:48+0200,9de41e72-ad84-4160-af68-c339f970a640,2026-07-21T19:00:00Z,2026-07-21T21:00:00+0200,814.668,MW,NL,NL,actual_offshore_wind_generation,Wind Offshore | Actual Aggregated,2026-08-07T04:53:21Z
2026-08-07T04:50:48Z,2026-08-07T06:50:48+0200,9de41e72-ad84-4160-af68-c339f970a640,2026-07-21T19:00:00Z,2026-07-21T21:00:00+0200,4.166,MW,NL,NL,actual_offshore_wind_generation,Wind Offshore | Actual Consumption,2026-08-07T04:53:21Z
2026-08-07T04:50:48Z,2026-08-07T06:50:48+0200,9de41e72-ad84-4160-af68-c339f970a640,2026-07-21T19:15:00Z,2026-07-21T21:15:00+0200,780.743,MW,NL,NL,actual_offshore_wind_generation,Wind Offshore | Actual Aggregated,2026-08-07T04:53:21Z
2026-08-07T04:50:48Z,2026-08-07T06:50:48+0200,9de41e72-ad84-4160-af68-c339f970a640,2026-07-21T19:15:00Z,2026-07-21T21:15:00+0200,3.83,MW,NL,NL,actual_offshore_wind_generation,Wind Offshore | Actual Consumption,2026-08-07T04:53:21Z
2026-08-07T04:50:48Z,2026-08-07T06:50:48+0200,9de41e72-ad84-4160-af68-c339f970a640,2026-07-21T19:30:00Z,2026-07-21T21:30:00+0200,858.208,MW,NL,NL,actual_offshore_wind_generation,Wind Offshore | Actual Aggregated,2026-08-07T04:53:21Z
2026-08-07T04:50:48Z,2026-08-07T06:50:48+0200,9de41e72-ad84-4160-af68-c339f970a640,2026-07-21T19:30:00Z,2026-07-21T21:30:00+0200,2.914,MW,NL,NL,actual_offshore_wind_generation,Wind Offshore | Actual Consumption,2026-08-07T04:53:21Z
2026-08-07T04:50:48Z,2026-08-07T06:50:48+0200,9de41e72-ad84-4160-af68-c339f970a640,2026-07-21T19:45:00Z,2026-07-21T21:45:00+0200,1027.241,MW,NL,NL,actual_offshore_wind_generation,Wind Offshore | Actual Aggregated,2026-08-07T04:53:21Z
2026-08-07T04:50:48Z,2026-08-07T06:50:48+0200,9de41e72-ad84-4160-af68-c339f970a640,2026-07-21T19:45:00Z,2026-07-21T21:45:00+0200,2.782,MW,NL,NL,actual_offshore_wind_generation,Wind Offshore | Actual Consumption,2026-08-07T04:53:21Z
2026-08-07T04:50:48Z,2026-08-07T06:50:48+0200,9de41e72-ad84-4160-af68-c339f970a640,2026-07-21T20:00:00Z,2026-07-21T22:00:00+0200,1056.714,MW,NL,NL,actual_offshore_wind_generation,Wind Offshore | Actual Aggregated,2026-08-07T04:53:21Z
2026-08-07T04:50:48Z,2026-08-07T06:50:48+0200,9de41e72-ad84-4160-af68-c339f970a640,2026-07-21T20:00:00Z,2026-07-21T22:00:00+0200,3.384,MW,NL,NL,actual_offshore_wind_generation,Wind Offshore | Actual Consumption,2026-08-07T04:53:21Z
2026-08-07T04:50:48Z,2026-08-07T06:50:48+0200,9de41e72-ad84-4160-af68-c339f970a640,2026-07-21T20:15:00Z,2026-07-21T22:15:00+0200,1091.285,MW,NL,NL,actual_offshore_wind_generation,Wind Offshore | Actual Aggregated,2026-08-07T04:53:21Z
2026-08-07T04:50:48Z,2026-08-07T06:50:48+0200,9de41e72-ad84-4160-af68-c339f970a640,2026-07-21T20:15:00Z,2026-07-21T22:15:00+0200,3.63,MW,NL,NL,actual_offshore_wind_generation,Wind Offshore | Actual Consumption,2026-08-07T04:53:21Z
2026-08-07T04:50:48Z,2026-08-07T06:50:48+0200,9de41e72-ad84-4160-af68-c339f970a640,2026-07-21T20:30:00Z,2026-07-21T22:30:00+0200,1124.797,MW,NL,NL,actual_offshore_wind_generation,Wind Offshore | Actual Aggregated,2026-08-07T04:53:21Z
2026-08-07T04:50:48Z,2026-08-07T06:50:48+0200,9de41e72-ad84-4160-af68-c339f970a640,2026-07-21T20:30:00Z,2026-07-21T22:30:00+0200,4.604,MW,NL,NL,actual_offshore_wind_generation,Wind Offshore | Actual Consumption,2026-08-07T04:53:21Z
2026-08-07T04:50:48Z,2026-08-07T06:50:48+0200,9de41e72-ad84-4160-af68-c339f970a640,2026-07-21T20:45:00Z,2026-07-21T22:45:00+0200,1081.5,MW,NL,NL,actual_offshore_wind_generation,Wind Offshore | Actual Aggregated,2026-08-07T04:53:21Z
2026-08-07T04:50:48Z,2026-08-07T06:50:48+0200,9de41e72-ad84-4160-af68-c339f970a640,2026-07-21T20:45:00Z,2026-07-21T22:45:00+0200,2.153,MW,NL,NL,actual_offshore_wind_generation,Wind Offshore | Actual Consumption,2026-08-07T04:53:21Z
2026-08-07T04:50:48Z,2026-08-07T06:50:48+0200,9de41e72-ad84-4160-af68-c339f970a640,2026-07-21T21:00:00Z,2026-07-21T23:00:00+0200,1030.923,MW,NL,NL,actual_offshore_wind_generation,Wind Offshore | Actual Aggregated,2026-08-07T04:53:21Z
2026-08-07T04:50:48Z,2026-08-07T06:50:48+0200,9de41e72-ad84-4160-af68-c339f970a640,2026-07-21T21:00:00Z,2026-07-21T23:00:00+0200,2.069,MW,NL,NL,actual_offshore_wind_generation,Wind Offshore | Actual Consumption,2026-08-07T04:53:21Z
2026-08-07T04:50:48Z,2026-08-07T06:50:48+0200,9de41e72-ad84-4160-af68-c339f970a640,2026-07-21T21:15:00Z,2026-07-21T23:15:00+0200,926.689,MW,NL,NL,actual_offshore_wind_generation,Wind Offshore | Actual Aggregated,2026-08-07T04:53:21Z
2026-08-07T04:50:48Z,2026-08-07T06:50:48+0200,9de41e72-ad84-4160-af68-c339f970a640,2026-07-21T21:15:00Z,2026-07-21T23:15:00+0200,2.319,MW,NL,NL,actual_offshore_wind_generation,Wind Offshore | Actual Consumption,2026-08-07T04:53:21Z
2026-08-07T04:50:48Z,2026-08-07T06:50:48+0200,9de41e72-ad84-4160-af68-c339f970a640,2026-07-21T21:30:00Z,2026-07-21T23:30:00+0200,824.88,MW,NL,NL,actual_offshore_wind_generation,Wind Offshore | Actual Aggregated,2026-08-07T04:53:21Z
2026-08-07T04:50:48Z,2026-08-07T06:50:48+0200,9de41e72-ad84-4160-af68-c339f970a640,2026-07-21T21:30:00Z,2026-07-21T23:30:00+0200,3.403,MW,NL,NL,actual_offshore_wind_generation,Wind Offshore | Actual Consumption,2026-08-07T04:53:21Z
2026-08-07T04:50:48Z,2026-08-07T06:50:48+0200,9de41e72-ad84-4160-af68-c339f970a640,2026-07-21T21:45:00Z,2026-07-21T23:45:00+0200,874.982,MW,NL,NL,actual_offshore_wind_generation,Wind Offshore | Actual Aggregated,2026-08-07T04:53:21Z
2026-08-07T04:50:48Z,2026-08-07T06:50:48+0200,9de41e72-ad84-4160-af68-c339f970a640,2026-07-21T21:45:00Z,2026-07-21T23:45:00+0200,2.678,MW,NL,NL,actual_offshore_wind_generation,Wind Offshore | Actual Consumption,2026-08-07T04:53:21Z
2026-08-07T04:50:48Z,2026-08-07T06:50:48+0200,9de41e72-ad84-4160-af68-c339f970a640,2026-07-21T22:00:00Z,2026-07-22T00:00:00+0200,986.778,MW,NL,NL,actual_offshore_wind_generation,Wind Offshore | Actual Aggregated,2026-08-07T04:53:21Z
2026-08-07T04:50:48Z,2026-08-07T06:50:48+0200,9de41e72-ad84-4160-af68-c339f970a640,2026-07-21T22:00:00Z,2026-07-22T00:00:00+0200,3.26,MW,NL,NL,actual_offshore_wind_generation,Wind Offshore | Actual Consumption,2026-08-07T04:53:21Z
2026-08-07T04:50:48Z,2026-08-07T06:50:48+0200,9de41e72-ad84-4160-af68-c339f970a640,2026-07-21T22:15:00Z,2026-07-22T00:15:00+0200,894.93,MW,NL,NL,actual_offshore_wind_generation,Wind Offshore | Actual Aggregated,2026-08-07T04:53:21Z
2026-08-07T04:50:48Z,2026-08-07T06:50:48+0200,9de41e72-ad84-4160-af68-c339f970a640,2026-07-21T22:15:00Z,2026-07-22T00:15:00+0200,2.531,MW,NL,NL,actual_offshore_wind_generation,Wind Offshore | Actual Consumption,2026-08-07T04:53:21Z
2026-08-07T04:50:48Z,2026-08-07T06:50:48+0200,9de41e72-ad84-4160-af68-c339f970a640,2026-07-21T22:30:00Z,2026-07-22T00:30:00+0200,789.342,MW,NL,NL,actual_offshore_wind_generation,Wind Offshore | Actual Aggregated,2026-08-07T04:53:21Z
2026-08-07T04:50:48Z,2026-08-07T06:50:48+0200,9de41e72-ad84-4160-af68-c339f970a640,2026-07-21T22:30:00Z,2026-07-22T00:30:00+0200,2.251,MW,NL,NL,actual_offshore_wind_generation,Wind Offshore | Actual Consumption,2026-08-07T04:53:21Z
2026-08-07T04:50:48Z,2026-08-07T06:50:48+0200,9de41e72-ad84-4160-af68-c339f970a640,2026-07-21T22:45:00Z,2026-07-22T00:45:00+0200,798.521,MW,NL,NL,actual_offshore_wind_generation,Wind Offshore | Actual Aggregated,2026-08-07T04:53:21Z
2026-08-07T04:50:48Z,2026-08-07T06:50:48+0200,9de41e72-ad84-4160-af68-c339f970a640,2026-07-21T22:45:00Z,2026-07-22T00:45:00+0200,1.603,MW,NL,NL,actual_offshore_wind_generation,Wind Offshore | Actual Consumption,2026-08-07T04:53:21Z
2026-08-07T04:50:48Z,2026-08-07T06:50:48+0200,9de41e72-ad84-4160-af68-c339f970a640,2026-07-21T23:00:00Z,2026-07-22T01:00:00+0200,793.566,MW,NL,NL,actual_offshore_wind_generation,Wind Offshore | Actual Aggregated,2026-08-07T04:53:21Z
2026-08-07T04:50:48Z,2026-08-07T06:50:48+0200,9de41e72-ad84-4160-af68-c339f970a640,2026-07-21T23:00:00Z,2026-07-22T01:00:00+0200,0.884,MW,NL,NL,actual_offshore_wind_generation,Wind Offshore | Actual Consumption,2026-08-07T04:53:21Z
2026-08-07T04:50:48Z,2026-08-07T06:50:48+0200,9de41e72-ad84-4160-af68-c339f970a640,2026-07-21T23:15:00Z,2026-07-22T01:15:00+0200,770.39,MW,NL,NL,actual_offshore_wind_generation,Wind Offshore | Actual Aggregated,2026-08-07T04:53:21Z
2026-08-07T04:50:48Z,2026-08-07T06:50:48+0200,9de41e72-ad84-4160-af68-c339f970a640,2026-07-21T23:15:00Z,2026-07-22T01:15:00+0200,4.111,MW,NL,NL,actual_offshore_wind_generation,Wind Offshore | Actual Consumption,2026-08-07T04:53:21Z
2026-08-07T04:50:48Z,2026-08-07T06:50:48+0200,9de41e72-ad84-4160-af68-c339f970a640,2026-07-21T23:30:00Z,2026-07-22T01:30:00+0200,893.255,MW,NL,NL,actual_offshore_wind_generation,Wind Offshore | Actual Aggregated,2026-08-07T04:53:21Z
2026-08-07T04:50:48Z,2026-08-07T06:50:48+0200,9de41e72-ad84-4160-af68-c339f970a640,2026-07-21T23:30:00Z,2026-07-22T01:30:00+0200,3.261,MW,NL,NL,actual_offshore_wind_generation,Wind Offshore | Actual Consumption,2026-08-07T04:53:21Z
2026-08-07T04:50:48Z,2026-08-07T06:50:48+0200,9de41e72-ad84-4160-af68-c339f970a640,2026-07-21T23:45:00Z,2026-07-22T01:45:00+0200,831.971,MW,NL,NL,actual_offshore_wind_generation,Wind Offshore | Actual Aggregated,2026-08-07T04:53:21Z
2026-08-07T04:50:48Z,2026-08-07T06:50:48+0200,9de41e72-ad84-4160-af68-c339f970a640,2026-07-21T23:45:00Z,2026-07-22T01:45:00+0200,1.623,MW,NL,NL,actual_offshore_wind_generation,Wind Offshore | Actual Consumption,2026-08-07T04:53:21Z
2026-08-07T04:50:48Z,2026-08-07T06:50:48+0200,9de41e72-ad84-4160-af68-c339f970a640,2026-07-22T00:00:00Z,2026-07-22T02:00:00+0200,928.891,MW,NL,NL,actual_offshore_wind_generation,Wind Offshore | Actual Aggregated,2026-08-07T04:53:21Z
2026-08-07T04:50:48Z,2026-08-07T06:50:48+0200,9de41e72-ad84-4160-af68-c339f970a640,2026-07-22T00:00:00Z,2026-07-22T02:00:00+0200,0.997,MW,NL,NL,actual_offshore_wind_generation,Wind Offshore | Actual Consumption,2026-08-07T04:53:21Z
2026-08-07T04:50:48Z,2026-08-07T06:50:48+0200,9de41e72-ad84-4160-af68-c339f970a640,2026-07-22T00:15:00Z,2026-07-22T02:15:00+0200,900.57,MW,NL,NL,actual_offshore_wind_generation,Wind Offshore | Actual Aggregated,2026-08-07T04:53:21Z
2026-08-07T04:50:48Z,2026-08-07T06:50:48+0200,9de41e72-ad84-4160-af68-c339f970a640,2026-07-22T00:15:00Z,2026-07-22T02:15:00+0200,2.181,MW,NL,NL,actual_offshore_wind_generation,Wind Offshore | Actual Consumption,2026-08-07T04:53:21Z
2026-08-07T04:50:48Z,2026-08-07T06:50:48+0200,9de41e72-ad84-4160-af68-c339f970a640,2026-07-22T00:30:00Z,2026-07-22T02:30:00+0200,935.63,MW,NL,NL,actual_offshore_wind_generation,Wind Offshore | Actual Aggregated,2026-08-07T04:53:21Z
2026-08-07T04:50:48Z,2026-08-07T06:50:48+0200,9de41e72-ad84-4160-af68-c339f970a640,2026-07-22T00:30:00Z,2026-07-22T02:30:00+0200,2.23,MW,NL,NL,actual_offshore_wind_generation,Wind Offshore | Actual Consumption,2026-08-07T04:53:21Z
2026-08-07T04:50:48Z,2026-08-07T06:50:48+0200,9de41e72-ad84-4160-af68-c339f970a640,2026-07-22T00:45:00Z,2026-07-22T02:45:00+0200,1087.168,MW,NL,NL,actual_offshore_wind_generation,Wind Offshore | Actual Aggregated,2026-08-07T04:53:21Z
2026-08-07T04:50:48Z,2026-08-07T06:50:48+0200,9de41e72-ad84-4160-af68-c339f970a640,2026-07-22T00:45:00Z,2026-07-22T02:45:00+0200,0.945,MW,NL,NL,actual_offshore_wind_generation,Wind Offshore | Actual Consumption,2026-08-07T04:53:21Z
2026-08-07T04:50:48Z,2026-08-07T06:50:48+0200,9de41e72-ad84-4160-af68-c339f970a640,2026-07-22T01:00:00Z,2026-07-22T03:00:00+0200,1188.251,MW,NL,NL,actual_offshore_wind_generation,Wind Offshore | Actual Aggregated,2026-08-07T04:53:21Z
2026-08-07T04:50:48Z,2026-08-07T06:50:48+0200,9de41e72-ad84-4160-af68-c339f970a640,2026-07-22T01:00:00Z,2026-07-22T03:00:00+0200,0.0,MW,NL,NL,actual_offshore_wind_generation,Wind Offshore | Actual Consumption,2026-08-07T04:53:21Z
2026-08-07T04:50:48Z,2026-08-07T06:50:48+0200,9de41e72-ad84-4160-af68-c339f970a640,2026-07-22T01:15:00Z,2026-07-22T03:15:00+0200,963.269,MW,NL,NL,actual_offshore_wind_generation,Wind Offshore | Actual Aggregated,2026-08-07T04:53:21Z
2026-08-07T04:50:48Z,2026-08-07T06:50:48+0200,9de41e72-ad84-4160-af68-c339f970a640,2026-07-22T01:15:00Z,2026-07-22T03:15:00+0200,1.081,MW,NL,NL,actual_offshore_wind_generation,Wind Offshore | Actual Consumption,2026-08-07T04:53:21Z
2026-08-07T04:50:48Z,2026-08-07T06:50:48+0200,9de41e72-ad84-4160-af68-c339f970a640,2026-07-22T01:30:00Z,2026-07-22T03:30:00+0200,913.123,MW,NL,NL,actual_offshore_wind_generation,Wind Offshore | Actual Aggregated,2026-08-07T04:53:21Z
2026-08-07T04:50:48Z,2026-08-07T06:50:48+0200,9de41e72-ad84-4160-af68-c339f970a640,2026-07-22T01:30:00Z,2026-07-22T03:30:00+0200,2.326,MW,NL,NL,actual_offshore_wind_generation,Wind Offshore | Actual Consumption,2026-08-07T04:53:21Z
2026-08-07T04:50:48Z,2026-08-07T06:50:48+0200,9de41e72-ad84-4160-af68-c339f970a640,2026-07-22T01:45:00Z,2026-07-22T03:45:00+0200,1113.058,MW,NL,NL,actual_offshore_wind_generation,Wind Offshore | Actual Aggregated,2026-08-07T04:53:21Z
2026-08-07T04:50:48Z,2026-08-07T06:50:48+0200,9de41e72-ad84-4160-af68-c339f970a640,2026-07-22T01:45:00Z,2026-07-22T03:45:00+0200,3.153,MW,NL,NL,actual_offshore_wind_generation,Wind Offshore | Actual Consumption,2026-08-07T04:53:21Z
2026-08-07T04:50:48Z,2026-08-07T06:50:48+0200,9de41e72-ad84-4160-af68-c339f970a640,2026-07-22T02:00:00Z,2026-07-22T04:00:00+0200,1116.088,MW,NL,NL,actual_offshore_wind_generation,Wind Offshore | Actual Aggregated,2026-08-07T04:53:21Z
2026-08-07T04:50:48Z,2026-08-07T06:50:48+0200,9de41e72-ad84-4160-af68-c339f970a640,2026-07-22T02:00:00Z,2026-07-22T04:00:00+0200,1.855,MW,NL,NL,actual_offshore_wind_generation,Wind Offshore | Actual Consumption,2026-08-07T04:53:21Z
2026-08-07T04:50:48Z,2026-08-07T06:50:48+0200,9de41e72-ad84-4160-af68-c339f970a640,2026-07-22T02:15:00Z,2026-07-22T04:15:00+0200,1092.34,MW,NL,NL,actual_offshore_wind_generation,Wind Offshore | Actual Aggregated,2026-08-07T04:53:21Z
2026-08-07T04:50:48Z,2026-08-07T06:50:48+0200,9de41e72-ad84-4160-af68-c339f970a640,2026-07-22T02:15:00Z,2026-07-22T04:15:00+0200,0.988,MW,NL,NL,actual_offshore_wind_generation,Wind Offshore | Actual Consumption,2026-08-07T04:53:21Z
2026-08-07T04:50:48Z,2026-08-07T06:50:48+0200,9de41e72-ad84-4160-af68-c339f970a640,2026-07-22T02:30:00Z,2026-07-22T04:30:00+0200,1074.051,MW,NL,NL,actual_offshore_wind_generation,Wind Offshore | Actual Aggregated,2026-08-07T04:53:21Z
2026-08-07T04:50:48Z,2026-08-07T06:50:48+0200,9de41e72-ad84-4160-af68-c339f970a640,2026-07-22T02:30:00Z,2026-07-22T04:30:00+0200,1.34,MW,NL,NL,actual_offshore_wind_generation,Wind Offshore | Actual Consumption,2026-08-07T04:53:21Z
2026-08-07T04:50:48Z,2026-08-07T06:50:48+0200,9de41e72-ad84-4160-af68-c339f970a640,2026-07-22T02:45:00Z,2026-07-22T04:45:00+0200,1066.464,MW,NL,NL,actual_offshore_wind_generation,Wind Offshore | Actual Aggregated,2026-08-07T04:53:21Z
2026-08-07T04:50:48Z,2026-08-07T06:50:48+0200,9de41e72-ad84-4160-af68-c339f970a640,2026-07-22T02:45:00Z,2026-07-22T04:45:00+0200,1.727,MW,NL,NL,actual_offshore_wind_generation,Wind Offshore | Actual Consumption,2026-08-07T04:53:21Z
2026-08-07T04:50:48Z,2026-08-07T06:50:48+0200,9de41e72-ad84-4160-af68-c339f970a640,2026-07-22T03:00:00Z,2026-07-22T05:00:00+0200,1107.992,MW,NL,NL,actual_offshore_wind_generation,Wind Offshore | Actual Aggregated,2026-08-07T04:53:21Z
2026-08-07T04:50:48Z,2026-08-07T06:50:48+0200,9de41e72-ad84-4160-af68-c339f970a640,2026-07-22T03:00:00Z,2026-07-22T05:00:00+0200,1.813,MW,NL,NL,actual_offshore_wind_generation,Wind Offshore | Actual Consumption,2026-08-07T04:53:21Z
2026-08-07T04:50:48Z,2026-08-07T06:50:48+0200,9de41e72-ad84-4160-af68-c339f970a640,2026-07-22T03:15:00Z,2026-07-22T05:15:00+0200,1139.149,MW,NL,NL,actual_offshore_wind_generation,Wind Offshore | Actual Aggregated,2026-08-07T04:53:21Z
2026-08-07T04:50:48Z,2026-08-07T06:50:48+0200,9de41e72-ad84-4160-af68-c339f970a640,2026-07-22T03:15:00Z,2026-07-22T05:15:00+0200,4.019,MW,NL,NL,actual_offshore_wind_generation,Wind Offshore | Actual Consumption,2026-08-07T04:53:21Z
2026-08-07T04:50:48Z,2026-08-07T06:50:48+0200,9de41e72-ad84-4160-af68-c339f970a640,2026-07-22T03:30:00Z,2026-07-22T05:30:00+0200,1152.504,MW,NL,NL,actual_offshore_wind_generation,Wind Offshore | Actual Aggregated,2026-08-07T04:53:21Z
2026-08-07T04:50:48Z,2026-08-07T06:50:48+0200,9de41e72-ad84-4160-af68-c339f970a640,2026-07-22T03:30:00Z,2026-07-22T05:30:00+0200,4.446,MW,NL,NL,actual_offshore_wind_generation,Wind Offshore | Actual Consumption,2026-08-07T04:53:21Z
2026-08-07T04:50:48Z,2026-08-07T06:50:48+0200,9de41e72-ad84-4160-af68-c339f970a640,2026-07-22T03:45:00Z,2026-07-22T05:45:00+0200,1259.884,MW,NL,NL,actual_offshore_wind_generation,Wind Offshore | Actual Aggregated,2026-08-07T04:53:21Z
2026-08-07T04:50:48Z,2026-08-07T06:50:48+0200,9de41e72-ad84-4160-af68-c339f970a640,2026-07-22T03:45:00Z,2026-07-22T05:45:00+0200,2.716,MW,NL,NL,actual_offshore_wind_generation,Wind Offshore | Actual Consumption,2026-08-07T04:53:21Z
2026-08-07T04:50:48Z,2026-08-07T06:50:48+0200,9de41e72-ad84-4160-af68-c339f970a640,2026-07-22T04:00:00Z,2026-07-22T06:00:00+0200,1141.455,MW,NL,NL,actual_offshore_wind_generation,Wind Offshore | Actual Aggregated,2026-08-07T04:53:21Z
2026-08-07T04:50:48Z,2026-08-07T06:50:48+0200,9de41e72-ad84-4160-af68-c339f970a640,2026-07-22T04:00:00Z,2026-07-22T06:00:00+0200,2.811,MW,NL,NL,actual_offshore_wind_generation,Wind Offshore | Actual Consumption,2026-08-07T04:53:21Z
2026-08-07T04:50:48Z,2026-08-07T06:50:48+0200,9de41e72-ad84-4160-af68-c339f970a640,2026-07-22T04:15:00Z,2026-07-22T06:15:00+0200,1016.023,MW,NL,NL,actual_offshore_wind_generation,Wind Offshore | Actual Aggregated,2026-08-07T04:53:21Z
2026-08-07T04:50:48Z,2026-08-07T06:50:48+0200,9de41e72-ad84-4160-af68-c339f970a640,2026-07-22T04:15:00Z,2026-07-22T06:15:00+0200,3.207,MW,NL,NL,actual_offshore_wind_generation,Wind Offshore | Actual Consumption,2026-08-07T04:53:21Z
2026-08-07T04:50:48Z,2026-08-07T06:50:48+0200,9de41e72-ad84-4160-af68-c339f970a640,2026-07-22T04:30:00Z,2026-07-22T06:30:00+0200,997.626,MW,NL,NL,actual_offshore_wind_generation,Wind Offshore | Actual Aggregated,2026-08-07T04:53:21Z
2026-08-07T04:50:48Z,2026-08-07T06:50:48+0200,9de41e72-ad84-4160-af68-c339f970a640,2026-07-22T04:30:00Z,2026-07-22T06:30:00+0200,3.668,MW,NL,NL,actual_offshore_wind_generation,Wind Offshore | Actual Consumption,2026-08-07T04:53:21Z
2026-08-07T04:50:48Z,2026-08-07T06:50:48+0200,9de41e72-ad84-4160-af68-c339f970a640,2026-07-22T04:45:00Z,2026-07-22T06:45:00+0200,957.777,MW,NL,NL,actual_offshore_wind_generation,Wind Offshore | Actual Aggregated,2026-08-07T04:53:21Z
2026-08-07T04:50:48Z,2026-08-07T06:50:48+0200,9de41e72-ad84-4160-af68-c339f970a640,2026-07-22T04:45:00Z,2026-07-22T06:45:00+0200,2.865,MW,NL,NL,actual_offshore_wind_generation,Wind Offshore | Actual Consumption,2026-08-07T04:53:21Z
2026-08-07T04:50:48Z,2026-08-07T06:50:48+0200,9de41e72-ad84-4160-af68-c339f970a640,2026-07-22T05:00:00Z,2026-07-22T07:00:00+0200,941.967,MW,NL,NL,actual_offshore_wind_generation,Wind Offshore | Actual Aggregated,2026-08-07T04:53:21Z
2026-08-07T04:50:48Z,2026-08-07T06:50:48+0200,9de41e72-ad84-4160-af68-c339f970a640,2026-07-22T05:00:00Z,2026-07-22T07:00:00+0200,3.35,MW,NL,NL,actual_offshore_wind_generation,Wind Offshore | Actual Consumption,2026-08-07T04:53:21Z
2026-08-07T04:50:48Z,2026-08-07T06:50:48+0200,9de41e72-ad84-4160-af68-c339f970a640,2026-07-22T05:15:00Z,2026-07-22T07:15:00+0200,976.37,MW,NL,NL,actual_offshore_wind_generation,Wind Offshore | Actual Aggregated,2026-08-07T04:53:21Z
2026-08-07T04:50:48Z,2026-08-07T06:50:48+0200,9de41e72-ad84-4160-af68-c339f970a640,2026-07-22T05:15:00Z,2026-07-22T07:15:00+0200,2.415,MW,NL,NL,actual_offshore_wind_generation,Wind Offshore | Actual Consumption,2026-08-07T04:53:21Z
2026-08-07T04:50:48Z,2026-08-07T06:50:48+0200,9de41e72-ad84-4160-af68-c339f970a640,2026-07-22T05:30:00Z,2026-07-22T07:30:00+0200,1137.509,MW,NL,NL,actual_offshore_wind_generation,Wind Offshore | Actual Aggregated,2026-08-07T04:53:21Z
2026-08-07T04:50:48Z,2026-08-07T06:50:48+0200,9de41e72-ad84-4160-af68-c339f970a640,2026-07-22T05:30:00Z,2026-07-22T07:30:00+0200,1.847,MW,NL,NL,actual_offshore_wind_generation,Wind Offshore | Actual Consumption,2026-08-07T04:53:21Z
2026-08-07T04:50:48Z,2026-08-07T06:50:48+0200,9de41e72-ad84-4160-af68-c339f970a640,2026-07-22T05:45:00Z,2026-07-22T07:45:00+0200,1169.273,MW,NL,NL,actual_offshore_wind_generation,Wind Offshore | Actual Aggregated,2026-08-07T04:53:21Z
2026-08-07T04:50:48Z,2026-08-07T06:50:48+0200,9de41e72-ad84-4160-af68-c339f970a640,2026-07-22T05:45:00Z,2026-07-22T07:45:00+0200,1.701,MW,NL,NL,actual_offshore_wind_generation,Wind Offshore | Actual Consumption,2026-08-07T04:53:21Z
2026-08-07T04:50:48Z,2026-08-07T06:50:48+0200,9de41e72-ad84-4160-af68-c339f970a640,2026-07-22T06:00:00Z,2026-07-22T08:00:00+0200,1231.771,MW,NL,NL,actual_offshore_wind_generation,Wind Offshore | Actual Aggregated,2026-08-07T04:53:21Z
2026-08-07T04:50:48Z,2026-08-07T06:50:48+0200,9de41e72-ad84-4160-af68-c339f970a640,2026-07-22T06:00:00Z,2026-07-22T08:00:00+0200,2.161,MW,NL,NL,actual_offshore_wind_generation,Wind Offshore | Actual Consumption,2026-08-07T04:53:21Z
2026-08-07T04:50:48Z,2026-08-07T06:50:48+0200,9de41e72-ad84-4160-af68-c339f970a640,2026-07-22T06:15:00Z,2026-07-22T08:15:00+0200,1228.198,MW,NL,NL,actual_offshore_wind_generation,Wind Offshore | Actual Aggregated,2026-08-07T04:53:21Z
2026-08-07T04:50:48Z,2026-08-07T06:50:48+0200,9de41e72-ad84-4160-af68-c339f970a640,2026-07-22T06:15:00Z,2026-07-22T08:15:00+0200,3.473,MW,NL,NL,actual_offshore_wind_generation,Wind Offshore | Actual Consumption,2026-08-07T04:53:21Z
2026-08-07T04:50:48Z,2026-08-07T06:50:48+0200,9de41e72-ad84-4160-af68-c339f970a640,2026-07-22T06:30:00Z,2026-07-22T08:30:00+0200,1240.832,MW,NL,NL,actual_offshore_wind_generation,Wind Offshore | Actual Aggregated,2026-08-07T04:53:21Z
2026-08-07T04:50:48Z,2026-08-07T06:50:48+0200,9de41e72-ad84-4160-af68-c339f970a640,2026-07-22T06:30:00Z,2026-07-22T08:30:00+0200,3.537,MW,NL,NL,actual_offshore_wind_generation,Wind Offshore | Actual Consumption,2026-08-07T04:53:21Z
2026-08-07T04:50:48Z,2026-08-07T06:50:48+0200,9de41e72-ad84-4160-af68-c339f970a640,2026-07-22T06:45:00Z,2026-07-22T08:45:00+0200,1244.369,MW,NL,NL,actual_offshore_wind_generation,Wind Offshore | Actual Aggregated,2026-08-07T04:53:21Z
2026-08-07T04:50:48Z,2026-08-07T06:50:48+0200,9de41e72-ad84-4160-af68-c339f970a640,2026-07-22T06:45:00Z,2026-07-22T08:45:00+0200,3.107,MW,NL,NL,actual_offshore_wind_generation,Wind Offshore | Actual Consumption,2026-08-07T04:53:21Z
2026-08-07T04:50:48Z,2026-08-07T06:50:48+0200,9de41e72-ad84-4160-af68-c339f970a640,2026-07-22T07:00:00Z,2026-07-22T09:00:00+0200,1416.958,MW,NL,NL,actual_offshore_wind_generation,Wind Offshore | Actual Aggregated,2026-08-07T04:53:21Z
2026-08-07T04:50:48Z,2026-08-07T06:50:48+0200,9de41e72-ad84-4160-af68-c339f970a640,2026-07-22T07:00:00Z,2026-07-22T09:00:00+0200,3.142,MW,NL,NL,actual_offshore_wind_generation,Wind Offshore | Actual Consumption,2026-08-07T04:53:21Z
2026-08-07T04:50:48Z,2026-08-07T06:50:48+0200,9de41e72-ad84-4160-af68-c339f970a640,2026-07-22T07:15:00Z,2026-07-22T09:15:00+0200,1640.996,MW,NL,NL,actual_offshore_wind_generation,Wind Offshore | Actual Aggregated,2026-08-07T04:53:21Z
2026-08-07T04:50:48Z,2026-08-07T06:50:48+0200,9de41e72-ad84-4160-af68-c339f970a640,2026-07-22T07:15:00Z,2026-07-22T09:15:00+0200,2.883,MW,NL,NL,actual_offshore_wind_generation,Wind Offshore | Actual Consumption,2026-08-07T04:53:21Z
2026-08-07T04:50:48Z,2026-08-07T06:50:48+0200,9de41e72-ad84-4160-af68-c339f970a640,2026-07-22T07:30:00Z,2026-07-22T09:30:00+0200,1611.679,MW,NL,NL,actual_offshore_wind_generation,Wind Offshore | Actual Aggregated,2026-08-07T04:53:21Z
2026-08-07T04:50:48Z,2026-08-07T06:50:48+0200,9de41e72-ad84-4160-af68-c339f970a640,2026-07-22T07:30:00Z,2026-07-22T09:30:00+0200,2.91,MW,NL,NL,actual_offshore_wind_generation,Wind Offshore | Actual Consumption,2026-08-07T04:53:21Z
2026-08-07T04:50:48Z,2026-08-07T06:50:48+0200,9de41e72-ad84-4160-af68-c339f970a640,2026-07-22T07:45:00Z,2026-07-22T09:45:00+0200,1489.232,MW,NL,NL,actual_offshore_wind_generation,Wind Offshore | Actual Aggregated,2026-08-07T04:53:21Z
2026-08-07T04:50:48Z,2026-08-07T06:50:48+0200,9de41e72-ad84-4160-af68-c339f970a640,2026-07-22T07:45:00Z,2026-07-22T09:45:00+0200,3.831,MW,NL,NL,actual_offshore_wind_generation,Wind Offshore | Actual Consumption,2026-08-07T04:53:21Z
2026-08-07T04:50:48Z,2026-08-07T06:50:48+0200,9de41e72-ad84-4160-af68-c339f970a640,2026-07-22T08:00:00Z,2026-07-22T10:00:00+0200,1449.141,MW,NL,NL,actual_offshore_wind_generation,Wind Offshore | Actual Aggregated,2026-08-07T04:53:21Z
2026-08-07T04:50:48Z,2026-08-07T06:50:48+0200,9de41e72-ad84-4160-af68-c339f970a640,2026-07-22T08:00:00Z,2026-07-22T10:00:00+0200,4.686,MW,NL,NL,actual_offshore_wind_generation,Wind Offshore | Actual Consumption,2026-08-07T04:53:21Z
2026-08-07T04:50:48Z,2026-08-07T06:50:48+0200,9de41e72-ad84-4160-af68-c339f970a640,2026-07-22T08:15:00Z,2026-07-22T10:15:00+0200,1436.758,MW,NL,NL,actual_offshore_wind_generation,Wind Offshore | Actual Aggregated,2026-08-07T04:53:21Z
2026-08-07T04:50:48Z,2026-08-07T06:50:48+0200,9de41e72-ad84-4160-af68-c339f970a640,2026-07-22T08:15:00Z,2026-07-22T10:15:00+0200,4.04,MW,NL,NL,actual_offshore_wind_generation,Wind Offshore | Actual Consumption,2026-08-07T04:53:21Z
2026-08-07T04:50:48Z,2026-08-07T06:50:48+0200,9de41e72-ad84-4160-af68-c339f970a640,2026-07-22T08:30:00Z,2026-07-22T10:30:00+0200,1685.193,MW,NL,NL,actual_offshore_wind_generation,Wind Offshore | Actual Aggregated,2026-08-07T04:53:21Z
2026-08-07T04:50:48Z,2026-08-07T06:50:48+0200,9de41e72-ad84-4160-af68-c339f970a640,2026-07-22T08:30:00Z,2026-07-22T10:30:00+0200,3.462,MW,NL,NL,actual_offshore_wind_generation,Wind Offshore | Actual Consumption,2026-08-07T04:53:21Z
2026-08-07T04:50:48Z,2026-08-07T06:50:48+0200,9de41e72-ad84-4160-af68-c339f970a640,2026-07-22T08:45:00Z,2026-07-22T10:45:00+0200,1489.856,MW,NL,NL,actual_offshore_wind_generation,Wind Offshore | Actual Aggregated,2026-08-07T04:53:21Z
2026-08-07T04:50:48Z,2026-08-07T06:50:48+0200,9de41e72-ad84-4160-af68-c339f970a640,2026-07-22T08:45:00Z,2026-07-22T10:45:00+0200,3.081,MW,NL,NL,actual_offshore_wind_generation,Wind Offshore | Actual Consumption,2026-08-07T04:53:21Z
2026-08-07T04:50:48Z,2026-08-07T06:50:48+0200,9de41e72-ad84-4160-af68-c339f970a640,2026-07-22T09:00:00Z,2026-07-22T11:00:00+0200,1319.136,MW,NL,NL,actual_offshore_wind_generation,Wind Offshore | Actual Aggregated,2026-08-07T04:53:21Z
2026-08-07T04:50:48Z,2026-08-07T06:50:48+0200,9de41e72-ad84-4160-af68-c339f970a640,2026-07-22T09:00:00Z,2026-07-22T11:00:00+0200,4.437,MW,NL,NL,actual_offshore_wind_generation,Wind Offshore | Actual Consumption,2026-08-07T04:53:21Z
2026-08-07T04:50:48Z,2026-08-07T06:50:48+0200,9de41e72-ad84-4160-af68-c339f970a640,2026-07-22T09:15:00Z,2026-07-22T11:15:00+0200,1300.479,MW,NL,NL,actual_offshore_wind_generation,Wind Offshore | Actual Aggregated,2026-08-07T04:53:21Z
2026-08-07T04:50:48Z,2026-08-07T06:50:48+0200,9de41e72-ad84-4160-af68-c339f970a640,2026-07-22T09:15:00Z,2026-07-22T11:15:00+0200,3.573,MW,NL,NL,actual_offshore_wind_generation,Wind Offshore | Actual Consumption,2026-08-07T04:53:21Z
2026-08-07T04:50:48Z,2026-08-07T06:50:48+0200,9de41e72-ad84-4160-af68-c339f970a640,2026-07-22T09:30:00Z,2026-07-22T11:30:00+0200,1340.136,MW,NL,NL,actual_offshore_wind_generation,Wind Offshore | Actual Aggregated,2026-08-07T04:53:21Z
2026-08-07T04:50:48Z,2026-08-07T06:50:48+0200,9de41e72-ad84-4160-af68-c339f970a640,2026-07-22T09:30:00Z,2026-07-22T11:30:00+0200,3.424,MW,NL,NL,actual_offshore_wind_generation,Wind Offshore | Actual Consumption,2026-08-07T04:53:21Z
2026-08-07T04:50:48Z,2026-08-07T06:50:48+0200,9de41e72-ad84-4160-af68-c339f970a640,2026-07-22T09:45:00Z,2026-07-22T11:45:00+0200,1333.451,MW,NL,NL,actual_offshore_wind_generation,Wind Offshore | Actual Aggregated,2026-08-07T04:53:21Z
2026-08-07T04:50:48Z,2026-08-07T06:50:48+0200,9de41e72-ad84-4160-af68-c339f970a640,2026-07-22T09:45:00Z,2026-07-22T11:45:00+0200,4.381,MW,NL,NL,actual_offshore_wind_generation,Wind Offshore | Actual Consumption,2026-08-07T04:53:21Z
2026-08-07T04:50:48Z,2026-08-07T06:50:48+0200,9de41e72-ad84-4160-af68-c339f970a640,2026-07-22T10:00:00Z,2026-07-22T12:00:00+0200,1378.297,MW,NL,NL,actual_offshore_wind_generation,Wind Offshore | Actual Aggregated,2026-08-07T04:53:21Z
2026-08-07T04:50:48Z,2026-08-07T06:50:48+0200,9de41e72-ad84-4160-af68-c339f970a640,2026-07-22T10:00:00Z,2026-07-22T12:00:00+0200,3.495,MW,NL,NL,actual_offshore_wind_generation,Wind Offshore | Actual Consumption,2026-08-07T04:53:21Z
2026-08-07T04:50:48Z,2026-08-07T06:50:48+0200,9de41e72-ad84-4160-af68-c339f970a640,2026-07-22T10:15:00Z,2026-07-22T12:15:00+0200,1509.736,MW,NL,NL,actual_offshore_wind_generation,Wind Offshore | Actual Aggregated,2026-08-07T04:53:21Z
2026-08-07T04:50:48Z,2026-08-07T06:50:48+0200,9de41e72-ad84-4160-af68-c339f970a640,2026-07-22T10:15:00Z,2026-07-22T12:15:00+0200,2.711,MW,NL,NL,actual_offshore_wind_generation,Wind Offshore | Actual Consumption,2026-08-07T04:53:21Z
2026-08-07T04:50:48Z,2026-08-07T06:50:48+0200,9de41e72-ad84-4160-af68-c339f970a640,2026-07-22T10:30:00Z,2026-07-22T12:30:00+0200,1285.588,MW,NL,NL,actual_offshore_wind_generation,Wind Offshore | Actual Aggregated,2026-08-07T04:53:21Z
2026-08-07T04:50:48Z,2026-08-07T06:50:48+0200,9de41e72-ad84-4160-af68-c339f970a640,2026-07-22T10:30:00Z,2026-07-22T12:30:00+0200,3.486,MW,NL,NL,actual_offshore_wind_generation,Wind Offshore | Actual Consumption,2026-08-07T04:53:21Z
2026-08-07T04:50:48Z,2026-08-07T06:50:48+0200,9de41e72-ad84-4160-af68-c339f970a640,2026-07-22T10:45:00Z,2026-07-22T12:45:00+0200,1598.995,MW,NL,NL,actual_offshore_wind_generation,Wind Offshore | Actual Aggregated,2026-08-07T04:53:21Z
2026-08-07T04:50:48Z,2026-08-07T06:50:48+0200,9de41e72-ad84-4160-af68-c339f970a640,2026-07-22T10:45:00Z,2026-07-22T12:45:00+0200,2.657,MW,NL,NL,actual_offshore_wind_generation,Wind Offshore | Actual Consumption,2026-08-07T04:53:21Z
2026-08-07T04:50:48Z,2026-08-07T06:50:48+0200,9de41e72-ad84-4160-af68-c339f970a640,2026-07-22T11:00:00Z,2026-07-22T13:00:00+0200,1159.627,MW,NL,NL,actual_offshore_wind_generation,Wind Offshore | Actual Aggregated,2026-08-07T04:53:21Z
2026-08-07T04:50:48Z,2026-08-07T06:50:48+0200,9de41e72-ad84-4160-af68-c339f970a640,2026-07-22T11:00:00Z,2026-07-22T13:00:00+0200,3.813,MW,NL,NL,actual_offshore_wind_generation,Wind Offshore | Actual Consumption,2026-08-07T04:53:21Z
2026-08-07T04:50:48Z,2026-08-07T06:50:48+0200,9de41e72-ad84-4160-af68-c339f970a640,2026-07-22T11:15:00Z,2026-07-22T13:15:00+0200,1032.965,MW,NL,NL,actual_offshore_wind_generation,Wind Offshore | Actual Aggregated,2026-08-07T04:53:21Z
2026-08-07T04:50:48Z,2026-08-07T06:50:48+0200,9de41e72-ad84-4160-af68-c339f970a640,2026-07-22T11:15:00Z,2026-07-22T13:15:00+0200,3.361,MW,NL,NL,actual_offshore_wind_generation,Wind Offshore | Actual Consumption,2026-08-07T04:53:21Z
2026-08-07T04:50:48Z,2026-08-07T06:50:48+0200,9de41e72-ad84-4160-af68-c339f970a640,2026-07-22T11:30:00Z,2026-07-22T13:30:00+0200,1074.551,MW,NL,NL,actual_offshore_wind_generation,Wind Offshore | Actual Aggregated,2026-08-07T04:53:21Z
2026-08-07T04:50:48Z,2026-08-07T06:50:48+0200,9de41e72-ad84-4160-af68-c339f970a640,2026-07-22T11:30:00Z,2026-07-22T13:30:00+0200,3.553,MW,NL,NL,actual_offshore_wind_generation,Wind Offshore | Actual Consumption,2026-08-07T04:53:21Z
2026-08-07T04:50:48Z,2026-08-07T06:50:48+0200,9de41e72-ad84-4160-af68-c339f970a640,2026-07-22T11:45:00Z,2026-07-22T13:45:00+0200,1034.13,MW,NL,NL,actual_offshore_wind_generation,Wind Offshore | Actual Aggregated,2026-08-07T04:53:21Z
2026-08-07T04:50:48Z,2026-08-07T06:50:48+0200,9de41e72-ad84-4160-af68-c339f970a640,2026-07-22T11:45:00Z,2026-07-22T13:45:00+0200,4.986,MW,NL,NL,actual_offshore_wind_generation,Wind Offshore | Actual Consumption,2026-08-07T04:53:21Z
2026-08-07T04:50:48Z,2026-08-07T06:50:48+0200,9de41e72-ad84-4160-af68-c339f970a640,2026-07-22T12:00:00Z,2026-07-22T14:00:00+0200,1148.331,MW,NL,NL,actual_offshore_wind_generation,Wind Offshore | Actual Aggregated,2026-08-07T04:53:21Z
2026-08-07T04:50:48Z,2026-08-07T06:50:48+0200,9de41e72-ad84-4160-af68-c339f970a640,2026-07-22T12:00:00Z,2026-07-22T14:00:00+0200,5.984,MW,NL,NL,actual_offshore_wind_generation,Wind Offshore | Actual Consumption,2026-08-07T04:53:21Z
2026-08-07T04:50:48Z,2026-08-07T06:50:48+0200,9de41e72-ad84-4160-af68-c339f970a640,2026-07-22T12:15:00Z,2026-07-22T14:15:00+0200,1170.819,MW,NL,NL,actual_offshore_wind_generation,Wind Offshore | Actual Aggregated,2026-08-07T04:53:21Z
2026-08-07T04:50:48Z,2026-08-07T06:50:48+0200,9de41e72-ad84-4160-af68-c339f970a640,2026-07-22T12:15:00Z,2026-07-22T14:15:00+0200,5.759,MW,NL,NL,actual_offshore_wind_generation,Wind Offshore | Actual Consumption,2026-08-07T04:53:21Z
2026-08-07T04:50:48Z,2026-08-07T06:50:48+0200,9de41e72-ad84-4160-af68-c339f970a640,2026-07-22T12:30:00Z,2026-07-22T14:30:00+0200,1142.186,MW,NL,NL,actual_offshore_wind_generation,Wind Offshore | Actual Aggregated,2026-08-07T04:53:21Z
2026-08-07T04:50:48Z,2026-08-07T06:50:48+0200,9de41e72-ad84-4160-af68-c339f970a640,2026-07-22T12:30:00Z,2026-07-22T14:30:00+0200,5.494,MW,NL,NL,actual_offshore_wind_generation,Wind Offshore | Actual Consumption,2026-08-07T04:53:21Z
2026-08-07T04:50:48Z,2026-08-07T06:50:48+0200,9de41e72-ad84-4160-af68-c339f970a640,2026-07-22T12:45:00Z,2026-07-22T14:45:00+0200,1084.377,MW,NL,NL,actual_offshore_wind_generation,Wind Offshore | Actual Aggregated,2026-08-07T04:53:21Z
2026-08-07T04:50:48Z,2026-08-07T06:50:48+0200,9de41e72-ad84-4160-af68-c339f970a640,2026-07-22T12:45:00Z,2026-07-22T14:45:00+0200,3.442,MW,NL,NL,actual_offshore_wind_generation,Wind Offshore | Actual Consumption,2026-08-07T04:53:21Z
2026-08-07T04:50:48Z,2026-08-07T06:50:48+0200,9de41e72-ad84-4160-af68-c339f970a640,2026-07-22T13:00:00Z,2026-07-22T15:00:00+0200,1025.252,MW,NL,NL,actual_offshore_wind_generation,Wind Offshore | Actual Aggregated,2026-08-07T04:53:21Z
2026-08-07T04:50:48Z,2026-08-07T06:50:48+0200,9de41e72-ad84-4160-af68-c339f970a640,2026-07-22T13:00:00Z,2026-07-22T15:00:00+0200,4.901,MW,NL,NL,actual_offshore_wind_generation,Wind Offshore | Actual Consumption,2026-08-07T04:53:21Z
2026-08-07T04:50:48Z,2026-08-07T06:50:48+0200,9de41e72-ad84-4160-af68-c339f970a640,2026-07-22T13:15:00Z,2026-07-22T15:15:00+0200,1023.249,MW,NL,NL,actual_offshore_wind_generation,Wind Offshore | Actual Aggregated,2026-08-07T04:53:21Z
2026-08-07T04:50:48Z,2026-08-07T06:50:48+0200,9de41e72-ad84-4160-af68-c339f970a640,2026-07-22T13:15:00Z,2026-07-22T15:15:00+0200,3.499,MW,NL,NL,actual_offshore_wind_generation,Wind Offshore | Actual Consumption,2026-08-07T04:53:21Z
2026-08-07T04:50:48Z,2026-08-07T06:50:48+0200,9de41e72-ad84-4160-af68-c339f970a640,2026-07-22T13:30:00Z,2026-07-22T15:30:00+0200,939.65,MW,NL,NL,actual_offshore_wind_generation,Wind Offshore | Actual Aggregated,2026-08-07T04:53:21Z
2026-08-07T04:50:48Z,2026-08-07T06:50:48+0200,9de41e72-ad84-4160-af68-c339f970a640,2026-07-22T13:30:00Z,2026-07-22T15:30:00+0200,3.514,MW,NL,NL,actual_offshore_wind_generation,Wind Offshore | Actual Consumption,2026-08-07T04:53:21Z
2026-08-07T04:50:48Z,2026-08-07T06:50:48+0200,9de41e72-ad84-4160-af68-c339f970a640,2026-07-22T13:45:00Z,2026-07-22T15:45:00+0200,958.956,MW,NL,NL,actual_offshore_wind_generation,Wind Offshore | Actual Aggregated,2026-08-07T04:53:21Z
2026-08-07T04:50:48Z,2026-08-07T06:50:48+0200,9de41e72-ad84-4160-af68-c339f970a640,2026-07-22T13:45:00Z,2026-07-22T15:45:00+0200,4.384,MW,NL,NL,actual_offshore_wind_generation,Wind Offshore | Actual Consumption,2026-08-07T04:53:21Z
2026-08-07T04:50:48Z,2026-08-07T06:50:48+0200,9de41e72-ad84-4160-af68-c339f970a640,2026-07-22T14:00:00Z,2026-07-22T16:00:00+0200,1039.971,MW,NL,NL,actual_offshore_wind_generation,Wind Offshore | Actual Aggregated,2026-08-07T04:53:21Z
2026-08-07T04:50:48Z,2026-08-07T06:50:48+0200,9de41e72-ad84-4160-af68-c339f970a640,2026-07-22T14:00:00Z,2026-07-22T16:00:00+0200,5.405,MW,NL,NL,actual_offshore_wind_generation,Wind Offshore | Actual Consumption,2026-08-07T04:53:21Z
2026-08-07T04:50:48Z,2026-08-07T06:50:48+0200,9de41e72-ad84-4160-af68-c339f970a640,2026-07-22T14:15:00Z,2026-07-22T16:15:00+0200,1448.446,MW,NL,NL,actual_offshore_wind_generation,Wind Offshore | Actual Aggregated,2026-08-07T04:53:21Z
2026-08-07T04:50:48Z,2026-08-07T06:50:48+0200,9de41e72-ad84-4160-af68-c339f970a640,2026-07-22T14:15:00Z,2026-07-22T16:15:00+0200,3.991,MW,NL,NL,actual_offshore_wind_generation,Wind Offshore | Actual Consumption,2026-08-07T04:53:21Z
2026-08-07T04:50:48Z,2026-08-07T06:50:48+0200,9de41e72-ad84-4160-af68-c339f970a640,2026-07-22T14:30:00Z,2026-07-22T16:30:00+0200,1798.596,MW,NL,NL,actual_offshore_wind_generation,Wind Offshore | Actual Aggregated,2026-08-07T04:53:21Z
2026-08-07T04:50:48Z,2026-08-07T06:50:48+0200,9de41e72-ad84-4160-af68-c339f970a640,2026-07-22T14:30:00Z,2026-07-22T16:30:00+0200,3.167,MW,NL,NL,actual_offshore_wind_generation,Wind Offshore | Actual Consumption,2026-08-07T04:53:21Z
2026-08-07T04:50:48Z,2026-08-07T06:50:48+0200,9de41e72-ad84-4160-af68-c339f970a640,2026-07-22T14:45:00Z,2026-07-22T16:45:00+0200,1896.272,MW,NL,NL,actual_offshore_wind_generation,Wind Offshore | Actual Aggregated,2026-08-07T04:53:21Z
2026-08-07T04:50:48Z,2026-08-07T06:50:48+0200,9de41e72-ad84-4160-af68-c339f970a640,2026-07-22T14:45:00Z,2026-07-22T16:45:00+0200,4.455,MW,NL,NL,actual_offshore_wind_generation,Wind Offshore | Actual Consumption,2026-08-07T04:53:21Z
2026-08-07T04:50:48Z,2026-08-07T06:50:48+0200,9de41e72-ad84-4160-af68-c339f970a640,2026-07-22T15:00:00Z,2026-07-22T17:00:00+0200,1630.844,MW,NL,NL,actual_offshore_wind_generation,Wind Offshore | Actual Aggregated,2026-08-07T04:53:21Z
2026-08-07T04:50:48Z,2026-08-07T06:50:48+0200,9de41e72-ad84-4160-af68-c339f970a640,2026-07-22T15:00:00Z,2026-07-22T17:00:00+0200,3.724,MW,NL,NL,actual_offshore_wind_generation,Wind Offshore | Actual Consumption,2026-08-07T04:53:21Z
2026-08-07T04:50:48Z,2026-08-07T06:50:48+0200,9de41e72-ad84-4160-af68-c339f970a640,2026-07-22T15:15:00Z,2026-07-22T17:15:00+0200,1707.771,MW,NL,NL,actual_offshore_wind_generation,Wind Offshore | Actual Aggregated,2026-08-07T04:53:21Z
2026-08-07T04:50:48Z,2026-08-07T06:50:48+0200,9de41e72-ad84-4160-af68-c339f970a640,2026-07-22T15:15:00Z,2026-07-22T17:15:00+0200,3.235,MW,NL,NL,actual_offshore_wind_generation,Wind Offshore | Actual Consumption,2026-08-07T04:53:21Z
2026-08-07T04:50:48Z,2026-08-07T06:50:48+0200,9de41e72-ad84-4160-af68-c339f970a640,2026-07-22T15:30:00Z,2026-07-22T17:30:00+0200,1986.014,MW,NL,NL,actual_offshore_wind_generation,Wind Offshore | Actual Aggregated,2026-08-07T04:53:21Z
2026-08-07T04:50:48Z,2026-08-07T06:50:48+0200,9de41e72-ad84-4160-af68-c339f970a640,2026-07-22T15:30:00Z,2026-07-22T17:30:00+0200,4.204,MW,NL,NL,actual_offshore_wind_generation,Wind Offshore | Actual Consumption,2026-08-07T04:53:21Z
2026-08-07T04:50:48Z,2026-08-07T06:50:48+0200,9de41e72-ad84-4160-af68-c339f970a640,2026-07-22T15:45:00Z,2026-07-22T17:45:00+0200,2117.511,MW,NL,NL,actual_offshore_wind_generation,Wind Offshore | Actual Aggregated,2026-08-07T04:53:21Z
2026-08-07T04:50:48Z,2026-08-07T06:50:48+0200,9de41e72-ad84-4160-af68-c339f970a640,2026-07-22T15:45:00Z,2026-07-22T17:45:00+0200,4.563,MW,NL,NL,actual_offshore_wind_generation,Wind Offshore | Actual Consumption,2026-08-07T04:53:21Z
2026-08-07T04:50:48Z,2026-08-07T06:50:48+0200,9de41e72-ad84-4160-af68-c339f970a640,2026-07-22T16:00:00Z,2026-07-22T18:00:00+0200,1934.059,MW,NL,NL,actual_offshore_wind_generation,Wind Offshore | Actual Aggregated,2026-08-07T04:53:21Z
2026-08-07T04:50:48Z,2026-08-07T06:50:48+0200,9de41e72-ad84-4160-af68-c339f970a640,2026-07-22T16:00:00Z,2026-07-22T18:00:00+0200,4.911,MW,NL,NL,actual_offshore_wind_generation,Wind Offshore | Actual Consumption,2026-08-07T04:53:21Z
2026-08-07T04:50:48Z,2026-08-07T06:50:48+0200,9de41e72-ad84-4160-af68-c339f970a640,2026-07-22T16:15:00Z,2026-07-22T18:15:00+0200,2125.543,MW,NL,NL,actual_offshore_wind_generation,Wind Offshore | Actual Aggregated,2026-08-07T04:53:21Z
2026-08-07T04:50:48Z,2026-08-07T06:50:48+0200,9de41e72-ad84-4160-af68-c339f970a640,2026-07-22T16:15:00Z,2026-07-22T18:15:00+0200,3.986,MW,NL,NL,actual_offshore_wind_generation,Wind Offshore | Actual Consumption,2026-08-07T04:53:21Z
2026-08-07T04:50:48Z,2026-08-07T06:50:48+0200,9de41e72-ad84-4160-af68-c339f970a640,2026-07-22T16:30:00Z,2026-07-22T18:30:00+0200,2032.655,MW,NL,NL,actual_offshore_wind_generation,Wind Offshore | Actual Aggregated,2026-08-07T04:53:21Z
2026-08-07T04:50:48Z,2026-08-07T06:50:48+0200,9de41e72-ad84-4160-af68-c339f970a640,2026-07-22T16:30:00Z,2026-07-22T18:30:00+0200,3.028,MW,NL,NL,actual_offshore_wind_generation,Wind Offshore | Actual Consumption,2026-08-07T04:53:21Z
2026-08-07T04:50:48Z,2026-08-07T06:50:48+0200,9de41e72-ad84-4160-af68-c339f970a640,2026-07-22T16:45:00Z,2026-07-22T18:45:00+0200,1995.049,MW,NL,NL,actual_offshore_wind_generation,Wind Offshore | Actual Aggregated,2026-08-07T04:53:21Z
2026-08-07T04:50:48Z,2026-08-07T06:50:48+0200,9de41e72-ad84-4160-af68-c339f970a640,2026-07-22T16:45:00Z,2026-07-22T18:45:00+0200,2.908,MW,NL,NL,actual_offshore_wind_generation,Wind Offshore | Actual Consumption,2026-08-07T04:53:21Z
2026-08-07T04:50:48Z,2026-08-07T06:50:48+0200,9de41e72-ad84-4160-af68-c339f970a640,2026-07-22T17:00:00Z,2026-07-22T19:00:00+0200,2104.271,MW,NL,NL,actual_offshore_wind_generation,Wind Offshore | Actual Aggregated,2026-08-07T04:53:21Z
2026-08-07T04:50:48Z,2026-08-07T06:50:48+0200,9de41e72-ad84-4160-af68-c339f970a640,2026-07-22T17:00:00Z,2026-07-22T19:00:00+0200,3.733,MW,NL,NL,actual_offshore_wind_generation,Wind Offshore | Actual Consumption,2026-08-07T04:53:21Z
2026-08-07T04:50:48Z,2026-08-07T06:50:48+0200,9de41e72-ad84-4160-af68-c339f970a640,2026-07-22T17:15:00Z,2026-07-22T19:15:00+0200,2149.065,MW,NL,NL,actual_offshore_wind_generation,Wind Offshore | Actual Aggregated,2026-08-07T04:53:21Z
2026-08-07T04:50:48Z,2026-08-07T06:50:48+0200,9de41e72-ad84-4160-af68-c339f970a640,2026-07-22T17:15:00Z,2026-07-22T19:15:00+0200,2.793,MW,NL,NL,actual_offshore_wind_generation,Wind Offshore | Actual Consumption,2026-08-07T04:53:21Z
2026-08-07T04:50:48Z,2026-08-07T06:50:48+0200,9de41e72-ad84-4160-af68-c339f970a640,2026-07-22T17:30:00Z,2026-07-22T19:30:00+0200,2085.686,MW,NL,NL,actual_offshore_wind_generation,Wind Offshore | Actual Aggregated,2026-08-07T04:53:21Z
2026-08-07T04:50:48Z,2026-08-07T06:50:48+0200,9de41e72-ad84-4160-af68-c339f970a640,2026-07-22T17:30:00Z,2026-07-22T19:30:00+0200,3.847,MW,NL,NL,actual_offshore_wind_generation,Wind Offshore | Actual Consumption,2026-08-07T04:53:21Z
2026-08-07T04:50:48Z,2026-08-07T06:50:48+0200,9de41e72-ad84-4160-af68-c339f970a640,2026-07-22T17:45:00Z,2026-07-22T19:45:00+0200,2011.918,MW,NL,NL,actual_offshore_wind_generation,Wind Offshore | Actual Aggregated,2026-08-07T04:53:21Z
2026-08-07T04:50:48Z,2026-08-07T06:50:48+0200,9de41e72-ad84-4160-af68-c339f970a640,2026-07-22T17:45:00Z,2026-07-22T19:45:00+0200,3.063,MW,NL,NL,actual_offshore_wind_generation,Wind Offshore | Actual Consumption,2026-08-07T04:53:21Z
2026-08-07T04:50:48Z,2026-08-07T06:50:48+0200,9de41e72-ad84-4160-af68-c339f970a640,2026-07-22T18:00:00Z,2026-07-22T20:00:00+0200,2067.036,MW,NL,NL,actual_offshore_wind_generation,Wind Offshore | Actual Aggregated,2026-08-07T04:53:21Z
2026-08-07T04:50:48Z,2026-08-07T06:50:48+0200,9de41e72-ad84-4160-af68-c339f970a640,2026-07-22T18:00:00Z,2026-07-22T20:00:00+0200,3.084,MW,NL,NL,actual_offshore_wind_generation,Wind Offshore | Actual Consumption,2026-08-07T04:53:21Z
2026-08-07T04:50:48Z,2026-08-07T06:50:48+0200,9de41e72-ad84-4160-af68-c339f970a640,2026-07-22T18:15:00Z,2026-07-22T20:15:00+0200,1838.636,MW,NL,NL,actual_offshore_wind_generation,Wind Offshore | Actual Aggregated,2026-08-07T04:53:21Z
2026-08-07T04:50:48Z,2026-08-07T06:50:48+0200,9de41e72-ad84-4160-af68-c339f970a640,2026-07-22T18:15:00Z,2026-07-22T20:15:00+0200,2.777,MW,NL,NL,actual_offshore_wind_generation,Wind Offshore | Actual Consumption,2026-08-07T04:53:21Z
2026-08-07T04:50:48Z,2026-08-07T06:50:48+0200,9de41e72-ad84-4160-af68-c339f970a640,2026-07-22T18:30:00Z,2026-07-22T20:30:00+0200,1711.2,MW,NL,NL,actual_offshore_wind_generation,Wind Offshore | Actual Aggregated,2026-08-07T04:53:21Z
2026-08-07T04:50:48Z,2026-08-07T06:50:48+0200,9de41e72-ad84-4160-af68-c339f970a640,2026-07-22T18:30:00Z,2026-07-22T20:30:00+0200,3.287,MW,NL,NL,actual_offshore_wind_generation,Wind Offshore | Actual Consumption,2026-08-07T04:53:21Z
2026-08-07T04:50:48Z,2026-08-07T06:50:48+0200,9de41e72-ad84-4160-af68-c339f970a640,2026-07-22T18:45:00Z,2026-07-22T20:45:00+0200,1645.666,MW,NL,NL,actual_offshore_wind_generation,Wind Offshore | Actual Aggregated,2026-08-07T04:53:21Z
2026-08-07T04:50:48Z,2026-08-07T06:50:48+0200,9de41e72-ad84-4160-af68-c339f970a640,2026-07-22T18:45:00Z,2026-07-22T20:45:00+0200,2.766,MW,NL,NL,actual_offshore_wind_generation,Wind Offshore | Actual Consumption,2026-08-07T04:53:21Z
2026-08-07T04:50:48Z,2026-08-07T06:50:48+0200,9de41e72-ad84-4160-af68-c339f970a640,2026-07-22T19:00:00Z,2026-07-22T21:00:00+0200,1554.676,MW,NL,NL,actual_offshore_wind_generation,Wind Offshore | Actual Aggregated,2026-08-07T04:53:21Z
2026-08-07T04:50:48Z,2026-08-07T06:50:48+0200,9de41e72-ad84-4160-af68-c339f970a640,2026-07-22T19:00:00Z,2026-07-22T21:00:00+0200,3.388,MW,NL,NL,actual_offshore_wind_generation,Wind Offshore | Actual Consumption,2026-08-07T04:53:21Z
2026-08-07T04:50:48Z,2026-08-07T06:50:48+0200,9de41e72-ad84-4160-af68-c339f970a640,2026-07-22T19:15:00Z,2026-07-22T21:15:00+0200,1451.32,MW,NL,NL,actual_offshore_wind_generation,Wind Offshore | Actual Aggregated,2026-08-07T04:53:21Z
2026-08-07T04:50:48Z,2026-08-07T06:50:48+0200,9de41e72-ad84-4160-af68-c339f970a640,2026-07-22T19:15:00Z,2026-07-22T21:15:00+0200,4.433,MW,NL,NL,actual_offshore_wind_generation,Wind Offshore | Actual Consumption,2026-08-07T04:53:21Z
2026-08-07T04:50:48Z,2026-08-07T06:50:48+0200,9de41e72-ad84-4160-af68-c339f970a640,2026-07-22T19:30:00Z,2026-07-22T21:30:00+0200,1490.07,MW,NL,NL,actual_offshore_wind_generation,Wind Offshore | Actual Aggregated,2026-08-07T04:53:21Z
2026-08-07T04:50:48Z,2026-08-07T06:50:48+0200,9de41e72-ad84-4160-af68-c339f970a640,2026-07-22T19:30:00Z,2026-07-22T21:30:00+0200,4.663,MW,NL,NL,actual_offshore_wind_generation,Wind Offshore | Actual Consumption,2026-08-07T04:53:21Z
2026-08-07T04:50:48Z,2026-08-07T06:50:48+0200,9de41e72-ad84-4160-af68-c339f970a640,2026-07-22T19:45:00Z,2026-07-22T21:45:00+0200,1541.085,MW,NL,NL,actual_offshore_wind_generation,Wind Offshore | Actual Aggregated,2026-08-07T04:53:21Z
2026-08-07T04:50:48Z,2026-08-07T06:50:48+0200,9de41e72-ad84-4160-af68-c339f970a640,2026-07-22T19:45:00Z,2026-07-22T21:45:00+0200,4.543,MW,NL,NL,actual_offshore_wind_generation,Wind Offshore | Actual Consumption,2026-08-07T04:53:21Z
2026-08-07T04:50:48Z,2026-08-07T06:50:48+0200,9de41e72-ad84-4160-af68-c339f970a640,2026-07-22T20:00:00Z,2026-07-22T22:00:00+0200,1589.303,MW,NL,NL,actual_offshore_wind_generation,Wind Offshore | Actual Aggregated,2026-08-07T04:53:21Z
2026-08-07T04:50:48Z,2026-08-07T06:50:48+0200,9de41e72-ad84-4160-af68-c339f970a640,2026-07-22T20:00:00Z,2026-07-22T22:00:00+0200,4.345,MW,NL,NL,actual_offshore_wind_generation,Wind Offshore | Actual Consumption,2026-08-07T04:53:21Z
2026-08-07T04:50:48Z,2026-08-07T06:50:48+0200,9de41e72-ad84-4160-af68-c339f970a640,2026-07-22T20:15:00Z,2026-07-22T22:15:00+0200,1497.144,MW,NL,NL,actual_offshore_wind_generation,Wind Offshore | Actual Aggregated,2026-08-07T04:53:21Z
2026-08-07T04:50:48Z,2026-08-07T06:50:48+0200,9de41e72-ad84-4160-af68-c339f970a640,2026-07-22T20:15:00Z,2026-07-22T22:15:00+0200,3.933,MW,NL,NL,actual_offshore_wind_generation,Wind Offshore | Actual Consumption,2026-08-07T04:53:21Z
2026-08-07T04:50:48Z,2026-08-07T06:50:48+0200,9de41e72-ad84-4160-af68-c339f970a640,2026-07-22T20:30:00Z,2026-07-22T22:30:00+0200,1402.07,MW,NL,NL,actual_offshore_wind_generation,Wind Offshore | Actual Aggregated,2026-08-07T04:53:21Z
2026-08-07T04:50:48Z,2026-08-07T06:50:48+0200,9de41e72-ad84-4160-af68-c339f970a640,2026-07-22T20:30:00Z,2026-07-22T22:30:00+0200,3.074,MW,NL,NL,actual_offshore_wind_generation,Wind Offshore | Actual Consumption,2026-08-07T04:53:21Z
2026-08-07T04:50:48Z,2026-08-07T06:50:48+0200,9de41e72-ad84-4160-af68-c339f970a640,2026-07-22T20:45:00Z,2026-07-22T22:45:00+0200,1453.717,MW,NL,NL,actual_offshore_wind_generation,Wind Offshore | Actual Aggregated,2026-08-07T04:53:21Z
2026-08-07T04:50:48Z,2026-08-07T06:50:48+0200,9de41e72-ad84-4160-af68-c339f970a640,2026-07-22T20:45:00Z,2026-07-22T22:45:00+0200,1.87,MW,NL,NL,actual_offshore_wind_generation,Wind Offshore | Actual Consumption,2026-08-07T04:53:21Z
2026-08-07T04:50:48Z,2026-08-07T06:50:48+0200,9de41e72-ad84-4160-af68-c339f970a640,2026-07-22T21:00:00Z,2026-07-22T23:00:00+0200,1444.159,MW,NL,NL,actual_offshore_wind_generation,Wind Offshore | Actual Aggregated,2026-08-07T04:53:21Z
2026-08-07T04:50:48Z,2026-08-07T06:50:48+0200,9de41e72-ad84-4160-af68-c339f970a640,2026-07-22T21:00:00Z,2026-07-22T23:00:00+0200,2.013,MW,NL,NL,actual_offshore_wind_generation,Wind Offshore | Actual Consumption,2026-08-07T04:53:21Z
2026-08-07T04:50:48Z,2026-08-07T06:50:48+0200,9de41e72-ad84-4160-af68-c339f970a640,2026-07-22T21:15:00Z,2026-07-22T23:15:00+0200,1433.511,MW,NL,NL,actual_offshore_wind_generation,Wind Offshore | Actual Aggregated,2026-08-07T04:53:21Z
2026-08-07T04:50:48Z,2026-08-07T06:50:48+0200,9de41e72-ad84-4160-af68-c339f970a640,2026-07-22T21:15:00Z,2026-07-22T23:15:00+0200,2.161,MW,NL,NL,actual_offshore_wind_generation,Wind Offshore | Actual Consumption,2026-08-07T04:53:21Z
2026-08-07T04:50:48Z,2026-08-07T06:50:48+0200,9de41e72-ad84-4160-af68-c339f970a640,2026-07-22T21:30:00Z,2026-07-22T23:30:00+0200,1354.34,MW,NL,NL,actual_offshore_wind_generation,Wind Offshore | Actual Aggregated,2026-08-07T04:53:21Z
2026-08-07T04:50:48Z,2026-08-07T06:50:48+0200,9de41e72-ad84-4160-af68-c339f970a640,2026-07-22T21:30:00Z,2026-07-22T23:30:00+0200,2.854,MW,NL,NL,actual_offshore_wind_generation,Wind Offshore | Actual Consumption,2026-08-07T04:53:21Z
2026-08-07T04:50:48Z,2026-08-07T06:50:48+0200,9de41e72-ad84-4160-af68-c339f970a640,2026-07-22T21:45:00Z,2026-07-22T23:45:00+0200,1265.078,MW,NL,NL,actual_offshore_wind_generation,Wind Offshore | Actual Aggregated,2026-08-07T04:53:21Z
2026-08-07T04:50:48Z,2026-08-07T06:50:48+0200,9de41e72-ad84-4160-af68-c339f970a640,2026-07-22T21:45:00Z,2026-07-22T23:45:00+0200,2.732,MW,NL,NL,actual_offshore_wind_generation,Wind Offshore | Actual Consumption,2026-08-07T04:53:21Z
2026-08-07T04:50:48Z,2026-08-07T06:50:48+0200,9de41e72-ad84-4160-af68-c339f970a640,2026-07-22T22:00:00Z,2026-07-23T00:00:00+0200,1175.133,MW,NL,NL,actual_offshore_wind_generation,Wind Offshore | Actual Aggregated,2026-08-07T04:53:21Z
2026-08-07T04:50:48Z,2026-08-07T06:50:48+0200,9de41e72-ad84-4160-af68-c339f970a640,2026-07-22T22:00:00Z,2026-07-23T00:00:00+0200,3.346,MW,NL,NL,actual_offshore_wind_generation,Wind Offshore | Actual Consumption,2026-08-07T04:53:21Z
2026-08-07T04:50:48Z,2026-08-07T06:50:48+0200,9de41e72-ad84-4160-af68-c339f970a640,2026-07-22T22:15:00Z,2026-07-23T00:15:00+0200,1272.485,MW,NL,NL,actual_offshore_wind_generation,Wind Offshore | Actual Aggregated,2026-08-07T04:53:21Z
2026-08-07T04:50:48Z,2026-08-07T06:50:48+0200,9de41e72-ad84-4160-af68-c339f970a640,2026-07-22T22:15:00Z,2026-07-23T00:15:00+0200,2.319,MW,NL,NL,actual_offshore_wind_generation,Wind Offshore | Actual Consumption,2026-08-07T04:53:21Z
2026-08-07T04:50:48Z,2026-08-07T06:50:48+0200,9de41e72-ad84-4160-af68-c339f970a640,2026-07-22T22:30:00Z,2026-07-23T00:30:00+0200,1320.751,MW,NL,NL,actual_offshore_wind_generation,Wind Offshore | Actual Aggregated,2026-08-07T04:53:21Z
2026-08-07T04:50:48Z,2026-08-07T06:50:48+0200,9de41e72-ad84-4160-af68-c339f970a640,2026-07-22T22:30:00Z,2026-07-23T00:30:00+0200,1.609,MW,NL,NL,actual_offshore_wind_generation,Wind Offshore | Actual Consumption,2026-08-07T04:53:21Z
2026-08-07T04:50:48Z,2026-08-07T06:50:48+0200,9de41e72-ad84-4160-af68-c339f970a640,2026-07-22T22:45:00Z,2026-07-23T00:45:00+0200,1214.903,MW,NL,NL,actual_offshore_wind_generation,Wind Offshore | Actual Aggregated,2026-08-07T04:53:21Z
2026-08-07T04:50:48Z,2026-08-07T06:50:48+0200,9de41e72-ad84-4160-af68-c339f970a640,2026-07-22T22:45:00Z,2026-07-23T00:45:00+0200,1.959,MW,NL,NL,actual_offshore_wind_generation,Wind Offshore | Actual Consumption,2026-08-07T04:53:21Z
2026-08-07T04:50:48Z,2026-08-07T06:50:48+0200,9de41e72-ad84-4160-af68-c339f970a640,2026-07-22T23:00:00Z,2026-07-23T01:00:00+0200,1191.976,MW,NL,NL,actual_offshore_wind_generation,Wind Offshore | Actual Aggregated,2026-08-07T04:53:21Z
2026-08-07T04:50:48Z,2026-08-07T06:50:48+0200,9de41e72-ad84-4160-af68-c339f970a640,2026-07-22T23:00:00Z,2026-07-23T01:00:00+0200,1.475,MW,NL,NL,actual_offshore_wind_generation,Wind Offshore | Actual Consumption,2026-08-07T04:53:21Z
2026-08-07T04:50:48Z,2026-08-07T06:50:48+0200,9de41e72-ad84-4160-af68-c339f970a640,2026-07-22T23:15:00Z,2026-07-23T01:15:00+0200,1291.282,MW,NL,NL,actual_offshore_wind_generation,Wind Offshore | Actual Aggregated,2026-08-07T04:53:21Z
2026-08-07T04:50:48Z,2026-08-07T06:50:48+0200,9de41e72-ad84-4160-af68-c339f970a640,2026-07-22T23:15:00Z,2026-07-23T01:15:00+0200,1.395,MW,NL,NL,actual_offshore_wind_generation,Wind Offshore | Actual Consumption,2026-08-07T04:53:21Z
2026-08-07T04:50:48Z,2026-08-07T06:50:48+0200,9de41e72-ad84-4160-af68-c339f970a640,2026-07-22T23:30:00Z,2026-07-23T01:30:00+0200,1357.218,MW,NL,NL,actual_offshore_wind_generation,Wind Offshore | Actual Aggregated,2026-08-07T04:53:21Z
2026-08-07T04:50:48Z,2026-08-07T06:50:48+0200,9de41e72-ad84-4160-af68-c339f970a640,2026-07-22T23:30:00Z,2026-07-23T01:30:00+0200,1.992,MW,NL,NL,actual_offshore_wind_generation,Wind Offshore | Actual Consumption,2026-08-07T04:53:21Z
2026-08-07T04:50:48Z,2026-08-07T06:50:48+0200,9de41e72-ad84-4160-af68-c339f970a640,2026-07-22T23:45:00Z,2026-07-23T01:45:00+0200,1203.895,MW,NL,NL,actual_offshore_wind_generation,Wind Offshore | Actual Aggregated,2026-08-07T04:53:21Z
2026-08-07T04:50:48Z,2026-08-07T06:50:48+0200,9de41e72-ad84-4160-af68-c339f970a640,2026-07-22T23:45:00Z,2026-07-23T01:45:00+0200,2.984,MW,NL,NL,actual_offshore_wind_generation,Wind Offshore | Actual Consumption,2026-08-07T04:53:21Z
2026-08-07T04:50:48Z,2026-08-07T06:50:48+0200,9de41e72-ad84-4160-af68-c339f970a640,2026-07-23T00:00:00Z,2026-07-23T02:00:00+0200,1110.151,MW,NL,NL,actual_offshore_wind_generation,Wind Offshore | Actual Aggregated,2026-08-07T04:53:21Z
2026-08-07T04:50:48Z,2026-08-07T06:50:48+0200,9de41e72-ad84-4160-af68-c339f970a640,2026-07-23T00:00:00Z,2026-07-23T02:00:00+0200,3.599,MW,NL,NL,actual_offshore_wind_generation,Wind Offshore | Actual Consumption,2026-08-07T04:53:21Z
2026-08-07T04:50:48Z,2026-08-07T06:50:48+0200,9de41e72-ad84-4160-af68-c339f970a640,2026-07-23T00:15:00Z,2026-07-23T02:15:00+0200,1074.671,MW,NL,NL,actual_offshore_wind_generation,Wind Offshore | Actual Aggregated,2026-08-07T04:53:21Z
2026-08-07T04:50:48Z,2026-08-07T06:50:48+0200,9de41e72-ad84-4160-af68-c339f970a640,2026-07-23T00:15:00Z,2026-07-23T02:15:00+0200,3.3,MW,NL,NL,actual_offshore_wind_generation,Wind Offshore | Actual Consumption,2026-08-07T04:53:21Z
2026-08-07T04:50:48Z,2026-08-07T06:50:48+0200,9de41e72-ad84-4160-af68-c339f970a640,2026-07-23T00:30:00Z,2026-07-23T02:30:00+0200,1075.178,MW,NL,NL,actual_offshore_wind_generation,Wind Offshore | Actual Aggregated,2026-08-07T04:53:21Z
2026-08-07T04:50:48Z,2026-08-07T06:50:48+0200,9de41e72-ad84-4160-af68-c339f970a640,2026-07-23T00:30:00Z,2026-07-23T02:30:00+0200,1.786,MW,NL,NL,actual_offshore_wind_generation,Wind Offshore | Actual Consumption,2026-08-07T04:53:21Z
2026-08-07T04:50:48Z,2026-08-07T06:50:48+0200,9de41e72-ad84-4160-af68-c339f970a640,2026-07-23T00:45:00Z,2026-07-23T02:45:00+0200,1110.018,MW,NL,NL,actual_offshore_wind_generation,Wind Offshore | Actual Aggregated,2026-08-07T04:53:21Z
2026-08-07T04:50:48Z,2026-08-07T06:50:48+0200,9de41e72-ad84-4160-af68-c339f970a640,2026-07-23T00:45:00Z,2026-07-23T02:45:00+0200,2.93,MW,NL,NL,actual_offshore_wind_generation,Wind Offshore | Actual Consumption,2026-08-07T04:53:21Z
2026-08-07T04:50:48Z,2026-08-07T06:50:48+0200,9de41e72-ad84-4160-af68-c339f970a640,2026-07-23T01:00:00Z,2026-07-23T03:00:00+0200,1094.566,MW,NL,NL,actual_offshore_wind_generation,Wind Offshore | Actual Aggregated,2026-08-07T04:53:21Z
2026-08-07T04:50:48Z,2026-08-07T06:50:48+0200,9de41e72-ad84-4160-af68-c339f970a640,2026-07-23T01:00:00Z,2026-07-23T03:00:00+0200,2.555,MW,NL,NL,actual_offshore_wind_generation,Wind Offshore | Actual Consumption,2026-08-07T04:53:21Z
2026-08-07T04:50:48Z,2026-08-07T06:50:48+0200,9de41e72-ad84-4160-af68-c339f970a640,2026-07-23T01:15:00Z,2026-07-23T03:15:00+0200,1090.964,MW,NL,NL,actual_offshore_wind_generation,Wind Offshore | Actual Aggregated,2026-08-07T04:53:21Z
2026-08-07T04:50:48Z,2026-08-07T06:50:48+0200,9de41e72-ad84-4160-af68-c339f970a640,2026-07-23T01:15:00Z,2026-07-23T03:15:00+0200,2.376,MW,NL,NL,actual_offshore_wind_generation,Wind Offshore | Actual Consumption,2026-08-07T04:53:21Z
2026-08-07T04:50:48Z,2026-08-07T06:50:48+0200,9de41e72-ad84-4160-af68-c339f970a640,2026-07-23T01:30:00Z,2026-07-23T03:30:00+0200,1211.962,MW,NL,NL,actual_offshore_wind_generation,Wind Offshore | Actual Aggregated,2026-08-07T04:53:21Z
2026-08-07T04:50:48Z,2026-08-07T06:50:48+0200,9de41e72-ad84-4160-af68-c339f970a640,2026-07-23T01:30:00Z,2026-07-23T03:30:00+0200,1.897,MW,NL,NL,actual_offshore_wind_generation,Wind Offshore | Actual Consumption,2026-08-07T04:53:21Z
2026-08-07T04:50:48Z,2026-08-07T06:50:48+0200,9de41e72-ad84-4160-af68-c339f970a640,2026-07-23T01:45:00Z,2026-07-23T03:45:00+0200,1343.955,MW,NL,NL,actual_offshore_wind_generation,Wind Offshore | Actual Aggregated,2026-08-07T04:53:21Z
2026-08-07T04:50:48Z,2026-08-07T06:50:48+0200,9de41e72-ad84-4160-af68-c339f970a640,2026-07-23T01:45:00Z,2026-07-23T03:45:00+0200,2.445,MW,NL,NL,actual_offshore_wind_generation,Wind Offshore | Actual Consumption,2026-08-07T04:53:21Z
2026-08-07T04:50:48Z,2026-08-07T06:50:48+0200,9de41e72-ad84-4160-af68-c339f970a640,2026-07-23T02:00:00Z,2026-07-23T04:00:00+0200,1475.555,MW,NL,NL,actual_offshore_wind_generation,Wind Offshore | Actual Aggregated,2026-08-07T04:53:21Z
2026-08-07T04:50:48Z,2026-08-07T06:50:48+0200,9de41e72-ad84-4160-af68-c339f970a640,2026-07-23T02:00:00Z,2026-07-23T04:00:00+0200,3.331,MW,NL,NL,actual_offshore_wind_generation,Wind Offshore | Actual Consumption,2026-08-07T04:53:21Z
2026-08-07T04:50:48Z,2026-08-07T06:50:48+0200,9de41e72-ad84-4160-af68-c339f970a640,2026-07-23T02:15:00Z,2026-07-23T04:15:00+0200,1686.315,MW,NL,NL,actual_offshore_wind_generation,Wind Offshore | Actual Aggregated,2026-08-07T04:53:21Z
2026-08-07T04:50:48Z,2026-08-07T06:50:48+0200,9de41e72-ad84-4160-af68-c339f970a640,2026-07-23T02:15:00Z,2026-07-23T04:15:00+0200,3.315,MW,NL,NL,actual_offshore_wind_generation,Wind Offshore | Actual Consumption,2026-08-07T04:53:21Z
2026-08-07T04:50:48Z,2026-08-07T06:50:48+0200,9de41e72-ad84-4160-af68-c339f970a640,2026-07-23T02:30:00Z,2026-07-23T04:30:00+0200,1636.812,MW,NL,NL,actual_offshore_wind_generation,Wind Offshore | Actual Aggregated,2026-08-07T04:53:21Z
2026-08-07T04:50:48Z,2026-08-07T06:50:48+0200,9de41e72-ad84-4160-af68-c339f970a640,2026-07-23T02:30:00Z,2026-07-23T04:30:00+0200,3.548,MW,NL,NL,actual_offshore_wind_generation,Wind Offshore | Actual Consumption,2026-08-07T04:53:21Z
2026-08-07T04:50:48Z,2026-08-07T06:50:48+0200,9de41e72-ad84-4160-af68-c339f970a640,2026-07-23T02:45:00Z,2026-07-23T04:45:00+0200,1661.569,MW,NL,NL,actual_offshore_wind_generation,Wind Offshore | Actual Aggregated,2026-08-07T04:53:21Z
2026-08-07T04:50:48Z,2026-08-07T06:50:48+0200,9de41e72-ad84-4160-af68-c339f970a640,2026-07-23T02:45:00Z,2026-07-23T04:45:00+0200,3.153,MW,NL,NL,actual_offshore_wind_generation,Wind Offshore | Actual Consumption,2026-08-07T04:53:21Z
2026-08-07T04:50:48Z,2026-08-07T06:50:48+0200,9de41e72-ad84-4160-af68-c339f970a640,2026-07-23T03:00:00Z,2026-07-23T05:00:00+0200,1562.681,MW,NL,NL,actual_offshore_wind_generation,Wind Offshore | Actual Aggregated,2026-08-07T04:53:21Z
2026-08-07T04:50:48Z,2026-08-07T06:50:48+0200,9de41e72-ad84-4160-af68-c339f970a640,2026-07-23T03:00:00Z,2026-07-23T05:00:00+0200,3.64,MW,NL,NL,actual_offshore_wind_generation,Wind Offshore | Actual Consumption,2026-08-07T04:53:21Z
2026-08-07T04:50:48Z,2026-08-07T06:50:48+0200,9de41e72-ad84-4160-af68-c339f970a640,2026-07-23T03:15:00Z,2026-07-23T05:15:00+0200,1536.365,MW,NL,NL,actual_offshore_wind_generation,Wind Offshore | Actual Aggregated,2026-08-07T04:53:21Z
2026-08-07T04:50:48Z,2026-08-07T06:50:48+0200,9de41e72-ad84-4160-af68-c339f970a640,2026-07-23T03:15:00Z,2026-07-23T05:15:00+0200,2.831,MW,NL,NL,actual_offshore_wind_generation,Wind Offshore | Actual Consumption,2026-08-07T04:53:21Z
2026-08-07T04:50:48Z,2026-08-07T06:50:48+0200,9de41e72-ad84-4160-af68-c339f970a640,2026-07-23T03:30:00Z,2026-07-23T05:30:00+0200,1377.072,MW,NL,NL,actual_offshore_wind_generation,Wind Offshore | Actual Aggregated,2026-08-07T04:53:21Z
2026-08-07T04:50:48Z,2026-08-07T06:50:48+0200,9de41e72-ad84-4160-af68-c339f970a640,2026-07-23T03:30:00Z,2026-07-23T05:30:00+0200,3.503,MW,NL,NL,actual_offshore_wind_generation,Wind Offshore | Actual Consumption,2026-08-07T04:53:21Z
2026-08-07T04:50:48Z,2026-08-07T06:50:48+0200,9de41e72-ad84-4160-af68-c339f970a640,2026-07-23T03:45:00Z,2026-07-23T05:45:00+0200,1273.29,MW,NL,NL,actual_offshore_wind_generation,Wind Offshore | Actual Aggregated,2026-08-07T04:53:21Z
2026-08-07T04:50:48Z,2026-08-07T06:50:48+0200,9de41e72-ad84-4160-af68-c339f970a640,2026-07-23T03:45:00Z,2026-07-23T05:45:00+0200,2.957,MW,NL,NL,actual_offshore_wind_generation,Wind Offshore | Actual Consumption,2026-08-07T04:53:21Z
2026-08-07T04:50:48Z,2026-08-07T06:50:48+0200,9de41e72-ad84-4160-af68-c339f970a640,2026-07-23T04:00:00Z,2026-07-23T06:00:00+0200,1262.205,MW,NL,NL,actual_offshore_wind_generation,Wind Offshore | Actual Aggregated,2026-08-07T04:53:21Z
2026-08-07T04:50:48Z,2026-08-07T06:50:48+0200,9de41e72-ad84-4160-af68-c339f970a640,2026-07-23T04:00:00Z,2026-07-23T06:00:00+0200,3.254,MW,NL,NL,actual_offshore_wind_generation,Wind Offshore | Actual Consumption,2026-08-07T04:53:21Z
2026-08-07T04:50:48Z,2026-08-07T06:50:48+0200,9de41e72-ad84-4160-af68-c339f970a640,2026-07-23T04:15:00Z,2026-07-23T06:15:00+0200,1399.871,MW,NL,NL,actual_offshore_wind_generation,Wind Offshore | Actual Aggregated,2026-08-07T04:53:21Z
2026-08-07T04:50:48Z,2026-08-07T06:50:48+0200,9de41e72-ad84-4160-af68-c339f970a640,2026-07-23T04:15:00Z,2026-07-23T06:15:00+0200,3.487,MW,NL,NL,actual_offshore_wind_generation,Wind Offshore | Actual Consumption,2026-08-07T04:53:21Z
2026-08-07T04:50:48Z,2026-08-07T06:50:48+0200,9de41e72-ad84-4160-af68-c339f970a640,2026-07-23T04:30:00Z,2026-07-23T06:30:00+0200,1485.576,MW,NL,NL,actual_offshore_wind_generation,Wind Offshore | Actual Aggregated,2026-08-07T04:53:21Z
2026-08-07T04:50:48Z,2026-08-07T06:50:48+0200,9de41e72-ad84-4160-af68-c339f970a640,2026-07-23T04:30:00Z,2026-07-23T06:30:00+0200,4.029,MW,NL,NL,actual_offshore_wind_generation,Wind Offshore | Actual Consumption,2026-08-07T04:53:21Z
2026-08-07T04:50:48Z,2026-08-07T06:50:48+0200,9de41e72-ad84-4160-af68-c339f970a640,2026-07-23T04:45:00Z,2026-07-23T06:45:00+0200,1424.516,MW,NL,NL,actual_offshore_wind_generation,Wind Offshore | Actual Aggregated,2026-08-07T04:53:21Z
2026-08-07T04:50:48Z,2026-08-07T06:50:48+0200,9de41e72-ad84-4160-af68-c339f970a640,2026-07-23T04:45:00Z,2026-07-23T06:45:00+0200,3.764,MW,NL,NL,actual_offshore_wind_generation,Wind Offshore | Actual Consumption,2026-08-07T04:53:21Z
2026-08-07T04:50:48Z,2026-08-07T06:50:48+0200,9de41e72-ad84-4160-af68-c339f970a640,2026-07-23T05:00:00Z,2026-07-23T07:00:00+0200,1502.653,MW,NL,NL,actual_offshore_wind_generation,Wind Offshore | Actual Aggregated,2026-08-07T04:53:21Z
2026-08-07T04:50:48Z,2026-08-07T06:50:48+0200,9de41e72-ad84-4160-af68-c339f970a640,2026-07-23T05:00:00Z,2026-07-23T07:00:00+0200,4.488,MW,NL,NL,actual_offshore_wind_generation,Wind Offshore | Actual Consumption,2026-08-07T04:53:21Z
2026-08-07T04:50:48Z,2026-08-07T06:50:48+0200,9de41e72-ad84-4160-af68-c339f970a640,2026-07-23T05:15:00Z,2026-07-23T07:15:00+0200,1514.601,MW,NL,NL,actual_offshore_wind_generation,Wind Offshore | Actual Aggregated,2026-08-07T04:53:21Z
2026-08-07T04:50:48Z,2026-08-07T06:50:48+0200,9de41e72-ad84-4160-af68-c339f970a640,2026-07-23T05:15:00Z,2026-07-23T07:15:00+0200,4.894,MW,NL,NL,actual_offshore_wind_generation,Wind Offshore | Actual Consumption,2026-08-07T04:53:21Z
2026-08-07T04:50:48Z,2026-08-07T06:50:48+0200,9de41e72-ad84-4160-af68-c339f970a640,2026-07-23T05:30:00Z,2026-07-23T07:30:00+0200,1530.66,MW,NL,NL,actual_offshore_wind_generation,Wind Offshore | Actual Aggregated,2026-08-07T04:53:21Z
2026-08-07T04:50:48Z,2026-08-07T06:50:48+0200,9de41e72-ad84-4160-af68-c339f970a640,2026-07-23T05:30:00Z,2026-07-23T07:30:00+0200,4.168,MW,NL,NL,actual_offshore_wind_generation,Wind Offshore | Actual Consumption,2026-08-07T04:53:21Z
2026-08-07T04:50:48Z,2026-08-07T06:50:48+0200,9de41e72-ad84-4160-af68-c339f970a640,2026-07-23T05:45:00Z,2026-07-23T07:45:00+0200,1668.69,MW,NL,NL,actual_offshore_wind_generation,Wind Offshore | Actual Aggregated,2026-08-07T04:53:21Z
2026-08-07T04:50:48Z,2026-08-07T06:50:48+0200,9de41e72-ad84-4160-af68-c339f970a640,2026-07-23T05:45:00Z,2026-07-23T07:45:00+0200,4.748,MW,NL,NL,actual_offshore_wind_generation,Wind Offshore | Actual Consumption,2026-08-07T04:53:21Z
2026-08-07T04:50:48Z,2026-08-07T06:50:48+0200,9de41e72-ad84-4160-af68-c339f970a640,2026-07-23T06:00:00Z,2026-07-23T08:00:00+0200,1694.329,MW,NL,NL,actual_offshore_wind_generation,Wind Offshore | Actual Aggregated,2026-08-07T04:53:21Z
2026-08-07T04:50:48Z,2026-08-07T06:50:48+0200,9de41e72-ad84-4160-af68-c339f970a640,2026-07-23T06:00:00Z,2026-07-23T08:00:00+0200,4.392,MW,NL,NL,actual_offshore_wind_generation,Wind Offshore | Actual Consumption,2026-08-07T04:53:21Z
2026-08-07T04:50:48Z,2026-08-07T06:50:48+0200,9de41e72-ad84-4160-af68-c339f970a640,2026-07-23T06:15:00Z,2026-07-23T08:15:00+0200,1560.264,MW,NL,NL,actual_offshore_wind_generation,Wind Offshore | Actual Aggregated,2026-08-07T04:53:21Z
2026-08-07T04:50:48Z,2026-08-07T06:50:48+0200,9de41e72-ad84-4160-af68-c339f970a640,2026-07-23T06:15:00Z,2026-07-23T08:15:00+0200,4.682,MW,NL,NL,actual_offshore_wind_generation,Wind Offshore | Actual Consumption,2026-08-07T04:53:21Z
2026-08-07T04:50:48Z,2026-08-07T06:50:48+0200,9de41e72-ad84-4160-af68-c339f970a640,2026-07-23T06:30:00Z,2026-07-23T08:30:00+0200,1474.437,MW,NL,NL,actual_offshore_wind_generation,Wind Offshore | Actual Aggregated,2026-08-07T04:53:21Z
2026-08-07T04:50:48Z,2026-08-07T06:50:48+0200,9de41e72-ad84-4160-af68-c339f970a640,2026-07-23T06:30:00Z,2026-07-23T08:30:00+0200,4.518,MW,NL,NL,actual_offshore_wind_generation,Wind Offshore | Actual Consumption,2026-08-07T04:53:21Z
2026-08-07T04:50:48Z,2026-08-07T06:50:48+0200,9de41e72-ad84-4160-af68-c339f970a640,2026-07-23T06:45:00Z,2026-07-23T08:45:00+0200,1494.094,MW,NL,NL,actual_offshore_wind_generation,Wind Offshore | Actual Aggregated,2026-08-07T04:53:21Z
2026-08-07T04:50:48Z,2026-08-07T06:50:48+0200,9de41e72-ad84-4160-af68-c339f970a640,2026-07-23T06:45:00Z,2026-07-23T08:45:00+0200,3.901,MW,NL,NL,actual_offshore_wind_generation,Wind Offshore | Actual Consumption,2026-08-07T04:53:21Z
2026-08-07T04:50:48Z,2026-08-07T06:50:48+0200,9de41e72-ad84-4160-af68-c339f970a640,2026-07-23T07:00:00Z,2026-07-23T09:00:00+0200,1358.327,MW,NL,NL,actual_offshore_wind_generation,Wind Offshore | Actual Aggregated,2026-08-07T04:53:21Z
2026-08-07T04:50:48Z,2026-08-07T06:50:48+0200,9de41e72-ad84-4160-af68-c339f970a640,2026-07-23T07:00:00Z,2026-07-23T09:00:00+0200,4.7,MW,NL,NL,actual_offshore_wind_generation,Wind Offshore | Actual Consumption,2026-08-07T04:53:21Z
2026-08-07T04:50:48Z,2026-08-07T06:50:48+0200,9de41e72-ad84-4160-af68-c339f970a640,2026-07-23T07:15:00Z,2026-07-23T09:15:00+0200,1257.273,MW,NL,NL,actual_offshore_wind_generation,Wind Offshore | Actual Aggregated,2026-08-07T04:53:21Z
2026-08-07T04:50:48Z,2026-08-07T06:50:48+0200,9de41e72-ad84-4160-af68-c339f970a640,2026-07-23T07:15:00Z,2026-07-23T09:15:00+0200,7.838,MW,NL,NL,actual_offshore_wind_generation,Wind Offshore | Actual Consumption,2026-08-07T04:53:21Z
2026-08-07T04:50:48Z,2026-08-07T06:50:48+0200,9de41e72-ad84-4160-af68-c339f970a640,2026-07-23T07:30:00Z,2026-07-23T09:30:00+0200,1137.209,MW,NL,NL,actual_offshore_wind_generation,Wind Offshore | Actual Aggregated,2026-08-07T04:53:21Z
2026-08-07T04:50:48Z,2026-08-07T06:50:48+0200,9de41e72-ad84-4160-af68-c339f970a640,2026-07-23T07:30:00Z,2026-07-23T09:30:00+0200,6.606,MW,NL,NL,actual_offshore_wind_generation,Wind Offshore | Actual Consumption,2026-08-07T04:53:21Z
2026-08-07T04:50:48Z,2026-08-07T06:50:48+0200,9de41e72-ad84-4160-af68-c339f970a640,2026-07-23T07:45:00Z,2026-07-23T09:45:00+0200,1144.189,MW,NL,NL,actual_offshore_wind_generation,Wind Offshore | Actual Aggregated,2026-08-07T04:53:21Z
2026-08-07T04:50:48Z,2026-08-07T06:50:48+0200,9de41e72-ad84-4160-af68-c339f970a640,2026-07-23T07:45:00Z,2026-07-23T09:45:00+0200,7.242,MW,NL,NL,actual_offshore_wind_generation,Wind Offshore | Actual Consumption,2026-08-07T04:53:21Z
2026-08-07T04:50:48Z,2026-08-07T06:50:48+0200,9de41e72-ad84-4160-af68-c339f970a640,2026-07-23T08:00:00Z,2026-07-23T10:00:00+0200,1090.11,MW,NL,NL,actual_offshore_wind_generation,Wind Offshore | Actual Aggregated,2026-08-07T04:53:21Z
2026-08-07T04:50:48Z,2026-08-07T06:50:48+0200,9de41e72-ad84-4160-af68-c339f970a640,2026-07-23T08:00:00Z,2026-07-23T10:00:00+0200,4.117,MW,NL,NL,actual_offshore_wind_generation,Wind Offshore | Actual Consumption,2026-08-07T04:53:21Z
2026-08-07T04:50:48Z,2026-08-07T06:50:48+0200,9de41e72-ad84-4160-af68-c339f970a640,2026-07-23T08:15:00Z,2026-07-23T10:15:00+0200,979.399,MW,NL,NL,actual_offshore_wind_generation,Wind Offshore | Actual Aggregated,2026-08-07T04:53:21Z
2026-08-07T04:50:48Z,2026-08-07T06:50:48+0200,9de41e72-ad84-4160-af68-c339f970a640,2026-07-23T08:15:00Z,2026-07-23T10:15:00+0200,4.521,MW,NL,NL,actual_offshore_wind_generation,Wind Offshore | Actual Consumption,2026-08-07T04:53:21Z
2026-08-07T04:50:48Z,2026-08-07T06:50:48+0200,9de41e72-ad84-4160-af68-c339f970a640,2026-07-23T08:30:00Z,2026-07-23T10:30:00+0200,945.018,MW,NL,NL,actual_offshore_wind_generation,Wind Offshore | Actual Aggregated,2026-08-07T04:53:21Z
2026-08-07T04:50:48Z,2026-08-07T06:50:48+0200,9de41e72-ad84-4160-af68-c339f970a640,2026-07-23T08:30:00Z,2026-07-23T10:30:00+0200,3.204,MW,NL,NL,actual_offshore_wind_generation,Wind Offshore | Actual Consumption,2026-08-07T04:53:21Z
2026-08-07T04:50:48Z,2026-08-07T06:50:48+0200,9de41e72-ad84-4160-af68-c339f970a640,2026-07-23T08:45:00Z,2026-07-23T10:45:00+0200,972.696,MW,NL,NL,actual_offshore_wind_generation,Wind Offshore | Actual Aggregated,2026-08-07T04:53:21Z
2026-08-07T04:50:48Z,2026-08-07T06:50:48+0200,9de41e72-ad84-4160-af68-c339f970a640,2026-07-23T08:45:00Z,2026-07-23T10:45:00+0200,3.145,MW,NL,NL,actual_offshore_wind_generation,Wind Offshore | Actual Consumption,2026-08-07T04:53:21Z
2026-08-07T04:50:48Z,2026-08-07T06:50:48+0200,9de41e72-ad84-4160-af68-c339f970a640,2026-07-23T09:00:00Z,2026-07-23T11:00:00+0200,1109.497,MW,NL,NL,actual_offshore_wind_generation,Wind Offshore | Actual Aggregated,2026-08-07T04:53:21Z
2026-08-07T04:50:48Z,2026-08-07T06:50:48+0200,9de41e72-ad84-4160-af68-c339f970a640,2026-07-23T09:00:00Z,2026-07-23T11:00:00+0200,2.951,MW,NL,NL,actual_offshore_wind_generation,Wind Offshore | Actual Consumption,2026-08-07T04:53:21Z
2026-08-07T04:50:48Z,2026-08-07T06:50:48+0200,9de41e72-ad84-4160-af68-c339f970a640,2026-07-23T09:15:00Z,2026-07-23T11:15:00+0200,1082.772,MW,NL,NL,actual_offshore_wind_generation,Wind Offshore | Actual Aggregated,2026-08-07T04:53:21Z
2026-08-07T04:50:48Z,2026-08-07T06:50:48+0200,9de41e72-ad84-4160-af68-c339f970a640,2026-07-23T09:15:00Z,2026-07-23T11:15:00+0200,3.067,MW,NL,NL,actual_offshore_wind_generation,Wind Offshore | Actual Consumption,2026-08-07T04:53:21Z
2026-08-07T04:50:48Z,2026-08-07T06:50:48+0200,9de41e72-ad84-4160-af68-c339f970a640,2026-07-23T09:30:00Z,2026-07-23T11:30:00+0200,1051.649,MW,NL,NL,actual_offshore_wind_generation,Wind Offshore | Actual Aggregated,2026-08-07T04:53:21Z
2026-08-07T04:50:48Z,2026-08-07T06:50:48+0200,9de41e72-ad84-4160-af68-c339f970a640,2026-07-23T09:30:00Z,2026-07-23T11:30:00+0200,2.914,MW,NL,NL,actual_offshore_wind_generation,Wind Offshore | Actual Consumption,2026-08-07T04:53:21Z
2026-08-07T04:50:48Z,2026-08-07T06:50:48+0200,9de41e72-ad84-4160-af68-c339f970a640,2026-07-23T09:45:00Z,2026-07-23T11:45:00+0200,1010.886,MW,NL,NL,actual_offshore_wind_generation,Wind Offshore | Actual Aggregated,2026-08-07T04:53:21Z
2026-08-07T04:50:48Z,2026-08-07T06:50:48+0200,9de41e72-ad84-4160-af68-c339f970a640,2026-07-23T09:45:00Z,2026-07-23T11:45:00+0200,2.46,MW,NL,NL,actual_offshore_wind_generation,Wind Offshore | Actual Consumption,2026-08-07T04:53:21Z
2026-08-07T04:50:48Z,2026-08-07T06:50:48+0200,9de41e72-ad84-4160-af68-c339f970a640,2026-07-23T10:00:00Z,2026-07-23T12:00:00+0200,959.823,MW,NL,NL,actual_offshore_wind_generation,Wind Offshore | Actual Aggregated,2026-08-07T04:53:21Z
2026-08-07T04:50:48Z,2026-08-07T06:50:48+0200,9de41e72-ad84-4160-af68-c339f970a640,2026-07-23T10:00:00Z,2026-07-23T12:00:00+0200,3.133,MW,NL,NL,actual_offshore_wind_generation,Wind Offshore | Actual Consumption,2026-08-07T04:53:21Z
2026-08-07T04:50:48Z,2026-08-07T06:50:48+0200,9de41e72-ad84-4160-af68-c339f970a640,2026-07-23T10:15:00Z,2026-07-23T12:15:00+0200,997.152,MW,NL,NL,actual_offshore_wind_generation,Wind Offshore | Actual Aggregated,2026-08-07T04:53:21Z
2026-08-07T04:50:48Z,2026-08-07T06:50:48+0200,9de41e72-ad84-4160-af68-c339f970a640,2026-07-23T10:15:00Z,2026-07-23T12:15:00+0200,2.851,MW,NL,NL,actual_offshore_wind_generation,Wind Offshore | Actual Consumption,2026-08-07T04:53:21Z
2026-08-07T04:50:48Z,2026-08-07T06:50:48+0200,9de41e72-ad84-4160-af68-c339f970a640,2026-07-23T10:30:00Z,2026-07-23T12:30:00+0200,1084.052,MW,NL,NL,actual_offshore_wind_generation,Wind Offshore | Actual Aggregated,2026-08-07T04:53:21Z
2026-08-07T04:50:48Z,2026-08-07T06:50:48+0200,9de41e72-ad84-4160-af68-c339f970a640,2026-07-23T10:30:00Z,2026-07-23T12:30:00+0200,3.342,MW,NL,NL,actual_offshore_wind_generation,Wind Offshore | Actual Consumption,2026-08-07T04:53:21Z
2026-08-07T04:50:48Z,2026-08-07T06:50:48+0200,9de41e72-ad84-4160-af68-c339f970a640,2026-07-23T10:45:00Z,2026-07-23T12:45:00+0200,1049.075,MW,NL,NL,actual_offshore_wind_generation,Wind Offshore | Actual Aggregated,2026-08-07T04:53:21Z
2026-08-07T04:50:48Z,2026-08-07T06:50:48+0200,9de41e72-ad84-4160-af68-c339f970a640,2026-07-23T10:45:00Z,2026-07-23T12:45:00+0200,2.717,MW,NL,NL,actual_offshore_wind_generation,Wind Offshore | Actual Consumption,2026-08-07T04:53:21Z
2026-08-07T04:50:48Z,2026-08-07T06:50:48+0200,9de41e72-ad84-4160-af68-c339f970a640,2026-07-23T11:00:00Z,2026-07-23T13:00:00+0200,968.681,MW,NL,NL,actual_offshore_wind_generation,Wind Offshore | Actual Aggregated,2026-08-07T04:53:21Z
2026-08-07T04:50:48Z,2026-08-07T06:50:48+0200,9de41e72-ad84-4160-af68-c339f970a640,2026-07-23T11:00:00Z,2026-07-23T13:00:00+0200,1.989,MW,NL,NL,actual_offshore_wind_generation,Wind Offshore | Actual Consumption,2026-08-07T04:53:21Z
2026-08-07T04:50:48Z,2026-08-07T06:50:48+0200,9de41e72-ad84-4160-af68-c339f970a640,2026-07-23T11:15:00Z,2026-07-23T13:15:00+0200,934.137,MW,NL,NL,actual_offshore_wind_generation,Wind Offshore | Actual Aggregated,2026-08-07T04:53:21Z
2026-08-07T04:50:48Z,2026-08-07T06:50:48+0200,9de41e72-ad84-4160-af68-c339f970a640,2026-07-23T11:15:00Z,2026-07-23T13:15:00+0200,1.989,MW,NL,NL,actual_offshore_wind_generation,Wind Offshore | Actual Consumption,2026-08-07T04:53:21Z
2026-08-07T04:50:48Z,2026-08-07T06:50:48+0200,9de41e72-ad84-4160-af68-c339f970a640,2026-07-23T11:30:00Z,2026-07-23T13:30:00+0200,810.935,MW,NL,NL,actual_offshore_wind_generation,Wind Offshore | Actual Aggregated,2026-08-07T04:53:21Z
2026-08-07T04:50:48Z,2026-08-07T06:50:48+0200,9de41e72-ad84-4160-af68-c339f970a640,2026-07-23T11:30:00Z,2026-07-23T13:30:00+0200,2.568,MW,NL,NL,actual_offshore_wind_generation,Wind Offshore | Actual Consumption,2026-08-07T04:53:21Z
2026-08-07T04:50:48Z,2026-08-07T06:50:48+0200,9de41e72-ad84-4160-af68-c339f970a640,2026-07-23T11:45:00Z,2026-07-23T13:45:00+0200,748.973,MW,NL,NL,actual_offshore_wind_generation,Wind Offshore | Actual Aggregated,2026-08-07T04:53:21Z
2026-08-07T04:50:48Z,2026-08-07T06:50:48+0200,9de41e72-ad84-4160-af68-c339f970a640,2026-07-23T11:45:00Z,2026-07-23T13:45:00+0200,2.127,MW,NL,NL,actual_offshore_wind_generation,Wind Offshore | Actual Consumption,2026-08-07T04:53:21Z
2026-08-07T04:50:48Z,2026-08-07T06:50:48+0200,9de41e72-ad84-4160-af68-c339f970a640,2026-07-23T12:00:00Z,2026-07-23T14:00:00+0200,793.149,MW,NL,NL,actual_offshore_wind_generation,Wind Offshore | Actual Aggregated,2026-08-07T04:53:21Z
2026-08-07T04:50:48Z,2026-08-07T06:50:48+0200,9de41e72-ad84-4160-af68-c339f970a640,2026-07-23T12:00:00Z,2026-07-23T14:00:00+0200,1.997,MW,NL,NL,actual_offshore_wind_generation,Wind Offshore | Actual Consumption,2026-08-07T04:53:21Z
2026-08-07T04:50:48Z,2026-08-07T06:50:48+0200,9de41e72-ad84-4160-af68-c339f970a640,2026-07-23T12:15:00Z,2026-07-23T14:15:00+0200,751.322,MW,NL,NL,actual_offshore_wind_generation,Wind Offshore | Actual Aggregated,2026-08-07T04:53:21Z
2026-08-07T04:50:48Z,2026-08-07T06:50:48+0200,9de41e72-ad84-4160-af68-c339f970a640,2026-07-23T12:15:00Z,2026-07-23T14:15:00+0200,2.005,MW,NL,NL,actual_offshore_wind_generation,Wind Offshore | Actual Consumption,2026-08-07T04:53:21Z
2026-08-07T04:50:48Z,2026-08-07T06:50:48+0200,9de41e72-ad84-4160-af68-c339f970a640,2026-07-23T12:30:00Z,2026-07-23T14:30:00+0200,758.22,MW,NL,NL,actual_offshore_wind_generation,Wind Offshore | Actual Aggregated,2026-08-07T04:53:21Z
2026-08-07T04:50:48Z,2026-08-07T06:50:48+0200,9de41e72-ad84-4160-af68-c339f970a640,2026-07-23T12:30:00Z,2026-07-23T14:30:00+0200,2.441,MW,NL,NL,actual_offshore_wind_generation,Wind Offshore | Actual Consumption,2026-08-07T04:53:21Z
2026-08-07T04:50:48Z,2026-08-07T06:50:48+0200,9de41e72-ad84-4160-af68-c339f970a640,2026-07-23T12:45:00Z,2026-07-23T14:45:00+0200,768.036,MW,NL,NL,actual_offshore_wind_generation,Wind Offshore | Actual Aggregated,2026-08-07T04:53:21Z
2026-08-07T04:50:48Z,2026-08-07T06:50:48+0200,9de41e72-ad84-4160-af68-c339f970a640,2026-07-23T12:45:00Z,2026-07-23T14:45:00+0200,2.003,MW,NL,NL,actual_offshore_wind_generation,Wind Offshore | Actual Consumption,2026-08-07T04:53:21Z
2026-08-07T04:50:48Z,2026-08-07T06:50:48+0200,9de41e72-ad84-4160-af68-c339f970a640,2026-07-23T13:00:00Z,2026-07-23T15:00:00+0200,752.116,MW,NL,NL,actual_offshore_wind_generation,Wind Offshore | Actual Aggregated,2026-08-07T04:53:21Z
2026-08-07T04:50:48Z,2026-08-07T06:50:48+0200,9de41e72-ad84-4160-af68-c339f970a640,2026-07-23T13:00:00Z,2026-07-23T15:00:00+0200,1.822,MW,NL,NL,actual_offshore_wind_generation,Wind Offshore | Actual Consumption,2026-08-07T04:53:21Z
2026-08-07T04:50:48Z,2026-08-07T06:50:48+0200,9de41e72-ad84-4160-af68-c339f970a640,2026-07-23T13:15:00Z,2026-07-23T15:15:00+0200,407.267,MW,NL,NL,actual_offshore_wind_generation,Wind Offshore | Actual Aggregated,2026-08-07T04:53:21Z
2026-08-07T04:50:48Z,2026-08-07T06:50:48+0200,9de41e72-ad84-4160-af68-c339f970a640,2026-07-23T13:15:00Z,2026-07-23T15:15:00+0200,1.94,MW,NL,NL,actual_offshore_wind_generation,Wind Offshore | Actual Consumption,2026-08-07T04:53:21Z
2026-08-07T04:50:48Z,2026-08-07T06:50:48+0200,9de41e72-ad84-4160-af68-c339f970a640,2026-07-23T13:30:00Z,2026-07-23T15:30:00+0200,534.803,MW,NL,NL,actual_offshore_wind_generation,Wind Offshore | Actual Aggregated,2026-08-07T04:53:21Z
2026-08-07T04:50:48Z,2026-08-07T06:50:48+0200,9de41e72-ad84-4160-af68-c339f970a640,2026-07-23T13:30:00Z,2026-07-23T15:30:00+0200,1.71,MW,NL,NL,actual_offshore_wind_generation,Wind Offshore | Actual Consumption,2026-08-07T04:53:21Z
2026-08-07T04:50:48Z,2026-08-07T06:50:48+0200,9de41e72-ad84-4160-af68-c339f970a640,2026-07-23T13:45:00Z,2026-07-23T15:45:00+0200,480.583,MW,NL,NL,actual_offshore_wind_generation,Wind Offshore | Actual Aggregated,2026-08-07T04:53:21Z
2026-08-07T04:50:48Z,2026-08-07T06:50:48+0200,9de41e72-ad84-4160-af68-c339f970a640,2026-07-23T13:45:00Z,2026-07-23T15:45:00+0200,1.737,MW,NL,NL,actual_offshore_wind_generation,Wind Offshore | Actual Consumption,2026-08-07T04:53:21Z
2026-08-07T04:50:48Z,2026-08-07T06:50:48+0200,9de41e72-ad84-4160-af68-c339f970a640,2026-07-23T14:00:00Z,2026-07-23T16:00:00+0200,590.053,MW,NL,NL,actual_offshore_wind_generation,Wind Offshore | Actual Aggregated,2026-08-07T04:53:21Z
2026-08-07T04:50:48Z,2026-08-07T06:50:48+0200,9de41e72-ad84-4160-af68-c339f970a640,2026-07-23T14:00:00Z,2026-07-23T16:00:00+0200,2.095,MW,NL,NL,actual_offshore_wind_generation,Wind Offshore | Actual Consumption,2026-08-07T04:53:21Z
2026-08-07T04:50:48Z,2026-08-07T06:50:48+0200,9de41e72-ad84-4160-af68-c339f970a640,2026-07-23T14:15:00Z,2026-07-23T16:15:00+0200,549.65,MW,NL,NL,actual_offshore_wind_generation,Wind Offshore | Actual Aggregated,2026-08-07T04:53:21Z
2026-08-07T04:50:48Z,2026-08-07T06:50:48+0200,9de41e72-ad84-4160-af68-c339f970a640,2026-07-23T14:15:00Z,2026-07-23T16:15:00+0200,2.379,MW,NL,NL,actual_offshore_wind_generation,Wind Offshore | Actual Consumption,2026-08-07T04:53:21Z
2026-08-07T04:50:48Z,2026-08-07T06:50:48+0200,9de41e72-ad84-4160-af68-c339f970a640,2026-07-23T14:30:00Z,2026-07-23T16:30:00+0200,537.566,MW,NL,NL,actual_offshore_wind_generation,Wind Offshore | Actual Aggregated,2026-08-07T04:53:21Z
2026-08-07T04:50:48Z,2026-08-07T06:50:48+0200,9de41e72-ad84-4160-af68-c339f970a640,2026-07-23T14:30:00Z,2026-07-23T16:30:00+0200,3.552,MW,NL,NL,actual_offshore_wind_generation,Wind Offshore | Actual Consumption,2026-08-07T04:53:21Z
2026-08-07T04:50:48Z,2026-08-07T06:50:48+0200,9de41e72-ad84-4160-af68-c339f970a640,2026-07-23T14:45:00Z,2026-07-23T16:45:00+0200,540.507,MW,NL,NL,actual_offshore_wind_generation,Wind Offshore | Actual Aggregated,2026-08-07T04:53:21Z
2026-08-07T04:50:48Z,2026-08-07T06:50:48+0200,9de41e72-ad84-4160-af68-c339f970a640,2026-07-23T14:45:00Z,2026-07-23T16:45:00+0200,6.453,MW,NL,NL,actual_offshore_wind_generation,Wind Offshore | Actual Consumption,2026-08-07T04:53:21Z
2026-08-07T04:50:48Z,2026-08-07T06:50:48+0200,9de41e72-ad84-4160-af68-c339f970a640,2026-07-23T15:00:00Z,2026-07-23T17:00:00+0200,538.211,MW,NL,NL,actual_offshore_wind_generation,Wind Offshore | Actual Aggregated,2026-08-07T04:53:21Z
2026-08-07T04:50:48Z,2026-08-07T06:50:48+0200,9de41e72-ad84-4160-af68-c339f970a640,2026-07-23T15:00:00Z,2026-07-23T17:00:00+0200,6.986,MW,NL,NL,actual_offshore_wind_generation,Wind Offshore | Actual Consumption,2026-08-07T04:53:21Z
2026-08-07T04:50:48Z,2026-08-07T06:50:48+0200,9de41e72-ad84-4160-af68-c339f970a640,2026-07-23T15:15:00Z,2026-07-23T17:15:00+0200,511.496,MW,NL,NL,actual_offshore_wind_generation,Wind Offshore | Actual Aggregated,2026-08-07T04:53:21Z
2026-08-07T04:50:48Z,2026-08-07T06:50:48+0200,9de41e72-ad84-4160-af68-c339f970a640,2026-07-23T15:15:00Z,2026-07-23T17:15:00+0200,8.166,MW,NL,NL,actual_offshore_wind_generation,Wind Offshore | Actual Consumption,2026-08-07T04:53:21Z
2026-08-07T04:50:48Z,2026-08-07T06:50:48+0200,9de41e72-ad84-4160-af68-c339f970a640,2026-07-23T15:30:00Z,2026-07-23T17:30:00+0200,533.827,MW,NL,NL,actual_offshore_wind_generation,Wind Offshore | Actual Aggregated,2026-08-07T04:53:21Z
2026-08-07T04:50:48Z,2026-08-07T06:50:48+0200,9de41e72-ad84-4160-af68-c339f970a640,2026-07-23T15:30:00Z,2026-07-23T17:30:00+0200,9.946,MW,NL,NL,actual_offshore_wind_generation,Wind Offshore | Actual Consumption,2026-08-07T04:53:21Z
2026-08-07T04:50:48Z,2026-08-07T06:50:48+0200,9de41e72-ad84-4160-af68-c339f970a640,2026-07-23T15:45:00Z,2026-07-23T17:45:00+0200,527.73,MW,NL,NL,actual_offshore_wind_generation,Wind Offshore | Actual Aggregated,2026-08-07T04:53:21Z
2026-08-07T04:50:48Z,2026-08-07T06:50:48+0200,9de41e72-ad84-4160-af68-c339f970a640,2026-07-23T15:45:00Z,2026-07-23T17:45:00+0200,11.482,MW,NL,NL,actual_offshore_wind_generation,Wind Offshore | Actual Consumption,2026-08-07T04:53:21Z
2026-08-07T04:50:48Z,2026-08-07T06:50:48+0200,9de41e72-ad84-4160-af68-c339f970a640,2026-07-23T16:00:00Z,2026-07-23T18:00:00+0200,495.113,MW,NL,NL,actual_offshore_wind_generation,Wind Offshore | Actual Aggregated,2026-08-07T04:53:21Z
2026-08-07T04:50:48Z,2026-08-07T06:50:48+0200,9de41e72-ad84-4160-af68-c339f970a640,2026-07-23T16:00:00Z,2026-07-23T18:00:00+0200,10.926,MW,NL,NL,actual_offshore_wind_generation,Wind Offshore | Actual Consumption,2026-08-07T04:53:21Z
2026-08-07T04:50:48Z,2026-08-07T06:50:48+0200,9de41e72-ad84-4160-af68-c339f970a640,2026-07-23T16:15:00Z,2026-07-23T18:15:00+0200,449.123,MW,NL,NL,actual_offshore_wind_generation,Wind Offshore | Actual Aggregated,2026-08-07T04:53:21Z
2026-08-07T04:50:48Z,2026-08-07T06:50:48+0200,9de41e72-ad84-4160-af68-c339f970a640,2026-07-23T16:15:00Z,2026-07-23T18:15:00+0200,10.527,MW,NL,NL,actual_offshore_wind_generation,Wind Offshore | Actual Consumption,2026-08-07T04:53:21Z
2026-08-07T04:50:48Z,2026-08-07T06:50:48+0200,9de41e72-ad84-4160-af68-c339f970a640,2026-07-23T16:30:00Z,2026-07-23T18:30:00+0200,398.202,MW,NL,NL,actual_offshore_wind_generation,Wind Offshore | Actual Aggregated,2026-08-07T04:53:21Z
2026-08-07T04:50:48Z,2026-08-07T06:50:48+0200,9de41e72-ad84-4160-af68-c339f970a640,2026-07-23T16:30:00Z,2026-07-23T18:30:00+0200,10.814,MW,NL,NL,actual_offshore_wind_generation,Wind Offshore | Actual Consumption,2026-08-07T04:53:21Z
2026-08-07T04:50:48Z,2026-08-07T06:50:48+0200,9de41e72-ad84-4160-af68-c339f970a640,2026-07-23T16:45:00Z,2026-07-23T18:45:00+0200,395.786,MW,NL,NL,actual_offshore_wind_generation,Wind Offshore | Actual Aggregated,2026-08-07T04:53:21Z
2026-08-07T04:50:48Z,2026-08-07T06:50:48+0200,9de41e72-ad84-4160-af68-c339f970a640,2026-07-23T16:45:00Z,2026-07-23T18:45:00+0200,9.739,MW,NL,NL,actual_offshore_wind_generation,Wind Offshore | Actual Consumption,2026-08-07T04:53:21Z
2026-08-07T04:50:48Z,2026-08-07T06:50:48+0200,9de41e72-ad84-4160-af68-c339f970a640,2026-07-23T17:00:00Z,2026-07-23T19:00:00+0200,360.252,MW,NL,NL,actual_offshore_wind_generation,Wind Offshore | Actual Aggregated,2026-08-07T04:53:21Z
2026-08-07T04:50:48Z,2026-08-07T06:50:48+0200,9de41e72-ad84-4160-af68-c339f970a640,2026-07-23T17:00:00Z,2026-07-23T19:00:00+0200,10.191,MW,NL,NL,actual_offshore_wind_generation,Wind Offshore | Actual Consumption,2026-08-07T04:53:21Z
2026-08-07T04:50:48Z,2026-08-07T06:50:48+0200,9de41e72-ad84-4160-af68-c339f970a640,2026-07-23T17:15:00Z,2026-07-23T19:15:00+0200,323.229,MW,NL,NL,actual_offshore_wind_generation,Wind Offshore | Actual Aggregated,2026-08-07T04:53:21Z
2026-08-07T04:50:48Z,2026-08-07T06:50:48+0200,9de41e72-ad84-4160-af68-c339f970a640,2026-07-23T17:15:00Z,2026-07-23T19:15:00+0200,10.614,MW,NL,NL,actual_offshore_wind_generation,Wind Offshore | Actual Consumption,2026-08-07T04:53:21Z
2026-08-07T04:50:48Z,2026-08-07T06:50:48+0200,9de41e72-ad84-4160-af68-c339f970a640,2026-07-23T17:30:00Z,2026-07-23T19:30:00+0200,320.153,MW,NL,NL,actual_offshore_wind_generation,Wind Offshore | Actual Aggregated,2026-08-07T04:53:21Z
2026-08-07T04:50:48Z,2026-08-07T06:50:48+0200,9de41e72-ad84-4160-af68-c339f970a640,2026-07-23T17:30:00Z,2026-07-23T19:30:00+0200,10.551,MW,NL,NL,actual_offshore_wind_generation,Wind Offshore | Actual Consumption,2026-08-07T04:53:21Z
2026-08-07T04:50:48Z,2026-08-07T06:50:48+0200,9de41e72-ad84-4160-af68-c339f970a640,2026-07-23T17:45:00Z,2026-07-23T19:45:00+0200,295.412,MW,NL,NL,actual_offshore_wind_generation,Wind Offshore | Actual Aggregated,2026-08-07T04:53:21Z
2026-08-07T04:50:48Z,2026-08-07T06:50:48+0200,9de41e72-ad84-4160-af68-c339f970a640,2026-07-23T17:45:00Z,2026-07-23T19:45:00+0200,10.931,MW,NL,NL,actual_offshore_wind_generation,Wind Offshore | Actual Consumption,2026-08-07T04:53:21Z
2026-08-07T04:50:48Z,2026-08-07T06:50:48+0200,9de41e72-ad84-4160-af68-c339f970a640,2026-07-23T18:00:00Z,2026-07-23T20:00:00+0200,263.661,MW,NL,NL,actual_offshore_wind_generation,Wind Offshore | Actual Aggregated,2026-08-07T04:53:21Z
2026-08-07T04:50:48Z,2026-08-07T06:50:48+0200,9de41e72-ad84-4160-af68-c339f970a640,2026-07-23T18:00:00Z,2026-07-23T20:00:00+0200,11.272,MW,NL,NL,actual_offshore_wind_generation,Wind Offshore | Actual Consumption,2026-08-07T04:53:21Z
2026-08-07T04:50:48Z,2026-08-07T06:50:48+0200,9de41e72-ad84-4160-af68-c339f970a640,2026-07-23T18:15:00Z,2026-07-23T20:15:00+0200,235.935,MW,NL,NL,actual_offshore_wind_generation,Wind Offshore | Actual Aggregated,2026-08-07T04:53:21Z
2026-08-07T04:50:48Z,2026-08-07T06:50:48+0200,9de41e72-ad84-4160-af68-c339f970a640,2026-07-23T18:15:00Z,2026-07-23T20:15:00+0200,11.156,MW,NL,NL,actual_offshore_wind_generation,Wind Offshore | Actual Consumption,2026-08-07T04:53:21Z
2026-08-07T04:50:48Z,2026-08-07T06:50:48+0200,9de41e72-ad84-4160-af68-c339f970a640,2026-07-23T18:30:00Z,2026-07-23T20:30:00+0200,214.443,MW,NL,NL,actual_offshore_wind_generation,Wind Offshore | Actual Aggregated,2026-08-07T04:53:21Z
2026-08-07T04:50:48Z,2026-08-07T06:50:48+0200,9de41e72-ad84-4160-af68-c339f970a640,2026-07-23T18:30:00Z,2026-07-23T20:30:00+0200,11.4,MW,NL,NL,actual_offshore_wind_generation,Wind Offshore | Actual Consumption,2026-08-07T04:53:21Z
2026-08-07T04:50:48Z,2026-08-07T06:50:48+0200,9de41e72-ad84-4160-af68-c339f970a640,2026-07-23T18:45:00Z,2026-07-23T20:45:00+0200,217.798,MW,NL,NL,actual_offshore_wind_generation,Wind Offshore | Actual Aggregated,2026-08-07T04:53:21Z
2026-08-07T04:50:48Z,2026-08-07T06:50:48+0200,9de41e72-ad84-4160-af68-c339f970a640,2026-07-23T18:45:00Z,2026-07-23T20:45:00+0200,11.682,MW,NL,NL,actual_offshore_wind_generation,Wind Offshore | Actual Consumption,2026-08-07T04:53:21Z
2026-08-07T04:50:48Z,2026-08-07T06:50:48+0200,9de41e72-ad84-4160-af68-c339f970a640,2026-07-23T19:00:00Z,2026-07-23T21:00:00+0200,246.285,MW,NL,NL,actual_offshore_wind_generation,Wind Offshore | Actual Aggregated,2026-08-07T04:53:21Z
2026-08-07T04:50:48Z,2026-08-07T06:50:48+0200,9de41e72-ad84-4160-af68-c339f970a640,2026-07-23T19:00:00Z,2026-07-23T21:00:00+0200,11.509,MW,NL,NL,actual_offshore_wind_generation,Wind Offshore | Actual Consumption,2026-08-07T04:53:21Z
2026-08-07T04:50:48Z,2026-08-07T06:50:48+0200,9de41e72-ad84-4160-af68-c339f970a640,2026-07-23T19:15:00Z,2026-07-23T21:15:00+0200,238.306,MW,NL,NL,actual_offshore_wind_generation,Wind Offshore | Actual Aggregated,2026-08-07T04:53:21Z
2026-08-07T04:50:48Z,2026-08-07T06:50:48+0200,9de41e72-ad84-4160-af68-c339f970a640,2026-07-23T19:15:00Z,2026-07-23T21:15:00+0200,14.058,MW,NL,NL,actual_offshore_wind_generation,Wind Offshore | Actual Consumption,2026-08-07T04:53:21Z
2026-08-07T04:50:48Z,2026-08-07T06:50:48+0200,9de41e72-ad84-4160-af68-c339f970a640,2026-07-23T19:30:00Z,2026-07-23T21:30:00+0200,249.456,MW,NL,NL,actual_offshore_wind_generation,Wind Offshore | Actual Aggregated,2026-08-07T04:53:21Z
2026-08-07T04:50:48Z,2026-08-07T06:50:48+0200,9de41e72-ad84-4160-af68-c339f970a640,2026-07-23T19:30:00Z,2026-07-23T21:30:00+0200,14.849,MW,NL,NL,actual_offshore_wind_generation,Wind Offshore | Actual Consumption,2026-08-07T04:53:21Z
2026-08-07T04:50:48Z,2026-08-07T06:50:48+0200,9de41e72-ad84-4160-af68-c339f970a640,2026-07-23T19:45:00Z,2026-07-23T21:45:00+0200,247.051,MW,NL,NL,actual_offshore_wind_generation,Wind Offshore | Actual Aggregated,2026-08-07T04:53:21Z
2026-08-07T04:50:48Z,2026-08-07T06:50:48+0200,9de41e72-ad84-4160-af68-c339f970a640,2026-07-23T19:45:00Z,2026-07-23T21:45:00+0200,12.713,MW,NL,NL,actual_offshore_wind_generation,Wind Offshore | Actual Consumption,2026-08-07T04:53:21Z
2026-08-07T04:50:48Z,2026-08-07T06:50:48+0200,9de41e72-ad84-4160-af68-c339f970a640,2026-07-23T20:00:00Z,2026-07-23T22:00:00+0200,205.448,MW,NL,NL,actual_offshore_wind_generation,Wind Offshore | Actual Aggregated,2026-08-07T04:53:21Z
2026-08-07T04:50:48Z,2026-08-07T06:50:48+0200,9de41e72-ad84-4160-af68-c339f970a640,2026-07-23T20:00:00Z,2026-07-23T22:00:00+0200,12.723,MW,NL,NL,actual_offshore_wind_generation,Wind Offshore | Actual Consumption,2026-08-07T04:53:21Z
2026-08-07T04:50:48Z,2026-08-07T06:50:48+0200,9de41e72-ad84-4160-af68-c339f970a640,2026-07-23T20:15:00Z,2026-07-23T22:15:00+0200,181.705,MW,NL,NL,actual_offshore_wind_generation,Wind Offshore | Actual Aggregated,2026-08-07T04:53:21Z
2026-08-07T04:50:48Z,2026-08-07T06:50:48+0200,9de41e72-ad84-4160-af68-c339f970a640,2026-07-23T20:15:00Z,2026-07-23T22:15:00+0200,12.689,MW,NL,NL,actual_offshore_wind_generation,Wind Offshore | Actual Consumption,2026-08-07T04:53:21Z
2026-08-07T04:50:48Z,2026-08-07T06:50:48+0200,9de41e72-ad84-4160-af68-c339f970a640,2026-07-23T20:30:00Z,2026-07-23T22:30:00+0200,178.9,MW,NL,NL,actual_offshore_wind_generation,Wind Offshore | Actual Aggregated,2026-08-07T04:53:21Z
2026-08-07T04:50:48Z,2026-08-07T06:50:48+0200,9de41e72-ad84-4160-af68-c339f970a640,2026-07-23T20:30:00Z,2026-07-23T22:30:00+0200,13.705,MW,NL,NL,actual_offshore_wind_generation,Wind Offshore | Actual Consumption,2026-08-07T04:53:21Z
2026-08-07T04:50:48Z,2026-08-07T06:50:48+0200,9de41e72-ad84-4160-af68-c339f970a640,2026-07-23T20:45:00Z,2026-07-23T22:45:00+0200,229.634,MW,NL,NL,actual_offshore_wind_generation,Wind Offshore | Actual Aggregated,2026-08-07T04:53:21Z
2026-08-07T04:50:48Z,2026-08-07T06:50:48+0200,9de41e72-ad84-4160-af68-c339f970a640,2026-07-23T20:45:00Z,2026-07-23T22:45:00+0200,12.581,MW,NL,NL,actual_offshore_wind_generation,Wind Offshore | Actual Consumption,2026-08-07T04:53:21Z
2026-08-07T04:50:48Z,2026-08-07T06:50:48+0200,9de41e72-ad84-4160-af68-c339f970a640,2026-07-23T21:00:00Z,2026-07-23T23:00:00+0200,265.71,MW,NL,NL,actual_offshore_wind_generation,Wind Offshore | Actual Aggregated,2026-08-07T04:53:21Z
2026-08-07T04:50:48Z,2026-08-07T06:50:48+0200,9de41e72-ad84-4160-af68-c339f970a640,2026-07-23T21:00:00Z,2026-07-23T23:00:00+0200,14.71,MW,NL,NL,actual_offshore_wind_generation,Wind Offshore | Actual Consumption,2026-08-07T04:53:21Z
2026-08-07T04:50:48Z,2026-08-07T06:50:48+0200,9de41e72-ad84-4160-af68-c339f970a640,2026-07-23T21:15:00Z,2026-07-23T23:15:00+0200,266.352,MW,NL,NL,actual_offshore_wind_generation,Wind Offshore | Actual Aggregated,2026-08-07T04:53:21Z
2026-08-07T04:50:48Z,2026-08-07T06:50:48+0200,9de41e72-ad84-4160-af68-c339f970a640,2026-07-23T21:15:00Z,2026-07-23T23:15:00+0200,13.639,MW,NL,NL,actual_offshore_wind_generation,Wind Offshore | Actual Consumption,2026-08-07T04:53:21Z
2026-08-07T04:50:48Z,2026-08-07T06:50:48+0200,9de41e72-ad84-4160-af68-c339f970a640,2026-07-23T21:30:00Z,2026-07-23T23:30:00+0200,262.747,MW,NL,NL,actual_offshore_wind_generation,Wind Offshore | Actual Aggregated,2026-08-07T04:53:21Z
2026-08-07T04:50:48Z,2026-08-07T06:50:48+0200,9de41e72-ad84-4160-af68-c339f970a640,2026-07-23T21:30:00Z,2026-07-23T23:30:00+0200,13.935,MW,NL,NL,actual_offshore_wind_generation,Wind Offshore | Actual Consumption,2026-08-07T04:53:21Z
2026-08-07T04:50:48Z,2026-08-07T06:50:48+0200,9de41e72-ad84-4160-af68-c339f970a640,2026-07-23T21:45:00Z,2026-07-23T23:45:00+0200,229.591,MW,NL,NL,actual_offshore_wind_generation,Wind Offshore | Actual Aggregated,2026-08-07T04:53:21Z
2026-08-07T04:50:48Z,2026-08-07T06:50:48+0200,9de41e72-ad84-4160-af68-c339f970a640,2026-07-23T21:45:00Z,2026-07-23T23:45:00+0200,12.794,MW,NL,NL,actual_offshore_wind_generation,Wind Offshore | Actual Consumption,2026-08-07T04:53:21Z
2026-08-07T04:50:48Z,2026-08-07T06:50:48+0200,9de41e72-ad84-4160-af68-c339f970a640,2026-07-23T22:00:00Z,2026-07-24T00:00:00+0200,191.675,MW,NL,NL,actual_offshore_wind_generation,Wind Offshore | Actual Aggregated,2026-08-07T04:53:21Z
2026-08-07T04:50:48Z,2026-08-07T06:50:48+0200,9de41e72-ad84-4160-af68-c339f970a640,2026-07-23T22:00:00Z,2026-07-24T00:00:00+0200,14.978,MW,NL,NL,actual_offshore_wind_generation,Wind Offshore | Actual Consumption,2026-08-07T04:53:21Z
2026-08-07T04:50:48Z,2026-08-07T06:50:48+0200,9de41e72-ad84-4160-af68-c339f970a640,2026-07-23T22:15:00Z,2026-07-24T00:15:00+0200,153.455,MW,NL,NL,actual_offshore_wind_generation,Wind Offshore | Actual Aggregated,2026-08-07T04:53:21Z
2026-08-07T04:50:48Z,2026-08-07T06:50:48+0200,9de41e72-ad84-4160-af68-c339f970a640,2026-07-23T22:15:00Z,2026-07-24T00:15:00+0200,14.784,MW,NL,NL,actual_offshore_wind_generation,Wind Offshore | Actual Consumption,2026-08-07T04:53:21Z
2026-08-07T04:50:48Z,2026-08-07T06:50:48+0200,9de41e72-ad84-4160-af68-c339f970a640,2026-07-23T22:30:00Z,2026-07-24T00:30:00+0200,145.48,MW,NL,NL,actual_offshore_wind_generation,Wind Offshore | Actual Aggregated,2026-08-07T04:53:21Z
2026-08-07T04:50:48Z,2026-08-07T06:50:48+0200,9de41e72-ad84-4160-af68-c339f970a640,2026-07-23T22:30:00Z,2026-07-24T00:30:00+0200,17.281,MW,NL,NL,actual_offshore_wind_generation,Wind Offshore | Actual Consumption,2026-08-07T04:53:21Z
2026-08-07T04:50:48Z,2026-08-07T06:50:48+0200,9de41e72-ad84-4160-af68-c339f970a640,2026-07-23T22:45:00Z,2026-07-24T00:45:00+0200,147.911,MW,NL,NL,actual_offshore_wind_generation,Wind Offshore | Actual Aggregated,2026-08-07T04:53:21Z
2026-08-07T04:50:48Z,2026-08-07T06:50:48+0200,9de41e72-ad84-4160-af68-c339f970a640,2026-07-23T22:45:00Z,2026-07-24T00:45:00+0200,18.554,MW,NL,NL,actual_offshore_wind_generation,Wind Offshore | Actual Consumption,2026-08-07T04:53:21Z
2026-08-07T04:50:48Z,2026-08-07T06:50:48+0200,9de41e72-ad84-4160-af68-c339f970a640,2026-07-23T23:00:00Z,2026-07-24T01:00:00+0200,152.276,MW,NL,NL,actual_offshore_wind_generation,Wind Offshore | Actual Aggregated,2026-08-07T04:53:21Z
2026-08-07T04:50:48Z,2026-08-07T06:50:48+0200,9de41e72-ad84-4160-af68-c339f970a640,2026-07-23T23:00:00Z,2026-07-24T01:00:00+0200,13.648,MW,NL,NL,actual_offshore_wind_generation,Wind Offshore | Actual Consumption,2026-08-07T04:53:21Z
2026-08-07T04:50:48Z,2026-08-07T06:50:48+0200,9de41e72-ad84-4160-af68-c339f970a640,2026-07-23T23:15:00Z,2026-07-24T01:15:00+0200,149.591,MW,NL,NL,actual_offshore_wind_generation,Wind Offshore | Actual Aggregated,2026-08-07T04:53:21Z
2026-08-07T04:50:48Z,2026-08-07T06:50:48+0200,9de41e72-ad84-4160-af68-c339f970a640,2026-07-23T23:15:00Z,2026-07-24T01:15:00+0200,11.573,MW,NL,NL,actual_offshore_wind_generation,Wind Offshore | Actual Consumption,2026-08-07T04:53:21Z
2026-08-07T04:50:48Z,2026-08-07T06:50:48+0200,9de41e72-ad84-4160-af68-c339f970a640,2026-07-23T23:30:00Z,2026-07-24T01:30:00+0200,145.02,MW,NL,NL,actual_offshore_wind_generation,Wind Offshore | Actual Aggregated,2026-08-07T04:53:21Z
2026-08-07T04:50:48Z,2026-08-07T06:50:48+0200,9de41e72-ad84-4160-af68-c339f970a640,2026-07-23T23:30:00Z,2026-07-24T01:30:00+0200,13.869,MW,NL,NL,actual_offshore_wind_generation,Wind Offshore | Actual Consumption,2026-08-07T04:53:21Z
2026-08-07T04:50:48Z,2026-08-07T06:50:48+0200,9de41e72-ad84-4160-af68-c339f970a640,2026-07-23T23:45:00Z,2026-07-24T01:45:00+0200,126.856,MW,NL,NL,actual_offshore_wind_generation,Wind Offshore | Actual Aggregated,2026-08-07T04:53:21Z
2026-08-07T04:50:48Z,2026-08-07T06:50:48+0200,9de41e72-ad84-4160-af68-c339f970a640,2026-07-23T23:45:00Z,2026-07-24T01:45:00+0200,13.868,MW,NL,NL,actual_offshore_wind_generation,Wind Offshore | Actual Consumption,2026-08-07T04:53:21Z
2026-08-07T04:50:48Z,2026-08-07T06:50:48+0200,9de41e72-ad84-4160-af68-c339f970a640,2026-07-24T00:00:00Z,2026-07-24T02:00:00+0200,106.024,MW,NL,NL,actual_offshore_wind_generation,Wind Offshore | Actual Aggregated,2026-08-07T04:53:21Z
2026-08-07T04:50:48Z,2026-08-07T06:50:48+0200,9de41e72-ad84-4160-af68-c339f970a640,2026-07-24T00:00:00Z,2026-07-24T02:00:00+0200,12.555,MW,NL,NL,actual_offshore_wind_generation,Wind Offshore | Actual Consumption,2026-08-07T04:53:21Z
2026-08-07T04:50:48Z,2026-08-07T06:50:48+0200,9de41e72-ad84-4160-af68-c339f970a640,2026-07-24T00:15:00Z,2026-07-24T02:15:00+0200,118.692,MW,NL,NL,actual_offshore_wind_generation,Wind Offshore | Actual Aggregated,2026-08-07T04:53:21Z
2026-08-07T04:50:48Z,2026-08-07T06:50:48+0200,9de41e72-ad84-4160-af68-c339f970a640,2026-07-24T00:15:00Z,2026-07-24T02:15:00+0200,13.435,MW,NL,NL,actual_offshore_wind_generation,Wind Offshore | Actual Consumption,2026-08-07T04:53:21Z
2026-08-07T04:50:48Z,2026-08-07T06:50:48+0200,9de41e72-ad84-4160-af68-c339f970a640,2026-07-24T00:30:00Z,2026-07-24T02:30:00+0200,137.022,MW,NL,NL,actual_offshore_wind_generation,Wind Offshore | Actual Aggregated,2026-08-07T04:53:21Z
2026-08-07T04:50:48Z,2026-08-07T06:50:48+0200,9de41e72-ad84-4160-af68-c339f970a640,2026-07-24T00:30:00Z,2026-07-24T02:30:00+0200,11.561,MW,NL,NL,actual_offshore_wind_generation,Wind Offshore | Actual Consumption,2026-08-07T04:53:21Z
2026-08-07T04:50:48Z,2026-08-07T06:50:48+0200,9de41e72-ad84-4160-af68-c339f970a640,2026-07-24T00:45:00Z,2026-07-24T02:45:00+0200,153.815,MW,NL,NL,actual_offshore_wind_generation,Wind Offshore | Actual Aggregated,2026-08-07T04:53:21Z
2026-08-07T04:50:48Z,2026-08-07T06:50:48+0200,9de41e72-ad84-4160-af68-c339f970a640,2026-07-24T00:45:00Z,2026-07-24T02:45:00+0200,12.254,MW,NL,NL,actual_offshore_wind_generation,Wind Offshore | Actual Consumption,2026-08-07T04:53:21Z
2026-08-07T04:50:48Z,2026-08-07T06:50:48+0200,9de41e72-ad84-4160-af68-c339f970a640,2026-07-24T01:00:00Z,2026-07-24T03:00:00+0200,159.923,MW,NL,NL,actual_offshore_wind_generation,Wind Offshore | Actual Aggregated,2026-08-07T04:53:21Z
2026-08-07T04:50:48Z,2026-08-07T06:50:48+0200,9de41e72-ad84-4160-af68-c339f970a640,2026-07-24T01:00:00Z,2026-07-24T03:00:00+0200,12.1,MW,NL,NL,actual_offshore_wind_generation,Wind Offshore | Actual Consumption,2026-08-07T04:53:21Z
2026-08-07T04:50:48Z,2026-08-07T06:50:48+0200,9de41e72-ad84-4160-af68-c339f970a640,2026-07-24T01:15:00Z,2026-07-24T03:15:00+0200,169.154,MW,NL,NL,actual_offshore_wind_generation,Wind Offshore | Actual Aggregated,2026-08-07T04:53:21Z
2026-08-07T04:50:48Z,2026-08-07T06:50:48+0200,9de41e72-ad84-4160-af68-c339f970a640,2026-07-24T01:15:00Z,2026-07-24T03:15:00+0200,13.189,MW,NL,NL,actual_offshore_wind_generation,Wind Offshore | Actual Consumption,2026-08-07T04:53:21Z
2026-08-07T04:50:48Z,2026-08-07T06:50:48+0200,9de41e72-ad84-4160-af68-c339f970a640,2026-07-24T01:30:00Z,2026-07-24T03:30:00+0200,199.882,MW,NL,NL,actual_offshore_wind_generation,Wind Offshore | Actual Aggregated,2026-08-07T04:53:21Z
2026-08-07T04:50:48Z,2026-08-07T06:50:48+0200,9de41e72-ad84-4160-af68-c339f970a640,2026-07-24T01:30:00Z,2026-07-24T03:30:00+0200,13.129,MW,NL,NL,actual_offshore_wind_generation,Wind Offshore | Actual Consumption,2026-08-07T04:53:21Z
2026-08-07T04:50:48Z,2026-08-07T06:50:48+0200,9de41e72-ad84-4160-af68-c339f970a640,2026-07-24T01:45:00Z,2026-07-24T03:45:00+0200,212.81,MW,NL,NL,actual_offshore_wind_generation,Wind Offshore | Actual Aggregated,2026-08-07T04:53:21Z
2026-08-07T04:50:48Z,2026-08-07T06:50:48+0200,9de41e72-ad84-4160-af68-c339f970a640,2026-07-24T01:45:00Z,2026-07-24T03:45:00+0200,14.469,MW,NL,NL,actual_offshore_wind_generation,Wind Offshore | Actual Consumption,2026-08-07T04:53:21Z
2026-08-07T04:50:48Z,2026-08-07T06:50:48+0200,9de41e72-ad84-4160-af68-c339f970a640,2026-07-24T02:00:00Z,2026-07-24T04:00:00+0200,181.611,MW,NL,NL,actual_offshore_wind_generation,Wind Offshore | Actual Aggregated,2026-08-07T04:53:21Z
2026-08-07T04:50:48Z,2026-08-07T06:50:48+0200,9de41e72-ad84-4160-af68-c339f970a640,2026-07-24T02:00:00Z,2026-07-24T04:00:00+0200,16.324,MW,NL,NL,actual_offshore_wind_generation,Wind Offshore | Actual Consumption,2026-08-07T04:53:21Z
2026-08-07T04:50:48Z,2026-08-07T06:50:48+0200,9de41e72-ad84-4160-af68-c339f970a640,2026-07-24T02:15:00Z,2026-07-24T04:15:00+0200,167.365,MW,NL,NL,actual_offshore_wind_generation,Wind Offshore | Actual Aggregated,2026-08-07T04:53:21Z
2026-08-07T04:50:48Z,2026-08-07T06:50:48+0200,9de41e72-ad84-4160-af68-c339f970a640,2026-07-24T02:15:00Z,2026-07-24T04:15:00+0200,16.228,MW,NL,NL,actual_offshore_wind_generation,Wind Offshore | Actual Consumption,2026-08-07T04:53:21Z
2026-08-07T04:50:48Z,2026-08-07T06:50:48+0200,9de41e72-ad84-4160-af68-c339f970a640,2026-07-24T02:30:00Z,2026-07-24T04:30:00+0200,159.656,MW,NL,NL,actual_offshore_wind_generation,Wind Offshore | Actual Aggregated,2026-08-07T04:53:21Z
2026-08-07T04:50:48Z,2026-08-07T06:50:48+0200,9de41e72-ad84-4160-af68-c339f970a640,2026-07-24T02:30:00Z,2026-07-24T04:30:00+0200,16.275,MW,NL,NL,actual_offshore_wind_generation,Wind Offshore | Actual Consumption,2026-08-07T04:53:21Z
2026-08-07T04:50:48Z,2026-08-07T06:50:48+0200,9de41e72-ad84-4160-af68-c339f970a640,2026-07-24T02:45:00Z,2026-07-24T04:45:00+0200,139.014,MW,NL,NL,actual_offshore_wind_generation,Wind Offshore | Actual Aggregated,2026-08-07T04:53:21Z
2026-08-07T04:50:48Z,2026-08-07T06:50:48+0200,9de41e72-ad84-4160-af68-c339f970a640,2026-07-24T02:45:00Z,2026-07-24T04:45:00+0200,13.088,MW,NL,NL,actual_offshore_wind_generation,Wind Offshore | Actual Consumption,2026-08-07T04:53:21Z
2026-08-07T04:50:48Z,2026-08-07T06:50:48+0200,9de41e72-ad84-4160-af68-c339f970a640,2026-07-24T03:00:00Z,2026-07-24T05:00:00+0200,108.992,MW,NL,NL,actual_offshore_wind_generation,Wind Offshore | Actual Aggregated,2026-08-07T04:53:21Z
2026-08-07T04:50:48Z,2026-08-07T06:50:48+0200,9de41e72-ad84-4160-af68-c339f970a640,2026-07-24T03:00:00Z,2026-07-24T05:00:00+0200,13.133,MW,NL,NL,actual_offshore_wind_generation,Wind Offshore | Actual Consumption,2026-08-07T04:53:21Z
2026-08-07T04:50:48Z,2026-08-07T06:50:48+0200,9de41e72-ad84-4160-af68-c339f970a640,2026-07-24T03:15:00Z,2026-07-24T05:15:00+0200,102.302,MW,NL,NL,actual_offshore_wind_generation,Wind Offshore | Actual Aggregated,2026-08-07T04:53:21Z
2026-08-07T04:50:48Z,2026-08-07T06:50:48+0200,9de41e72-ad84-4160-af68-c339f970a640,2026-07-24T03:15:00Z,2026-07-24T05:15:00+0200,10.843,MW,NL,NL,actual_offshore_wind_generation,Wind Offshore | Actual Consumption,2026-08-07T04:53:21Z
2026-08-07T04:50:48Z,2026-08-07T06:50:48+0200,9de41e72-ad84-4160-af68-c339f970a640,2026-07-24T03:30:00Z,2026-07-24T05:30:00+0200,100.821,MW,NL,NL,actual_offshore_wind_generation,Wind Offshore | Actual Aggregated,2026-08-07T04:53:21Z
2026-08-07T04:50:48Z,2026-08-07T06:50:48+0200,9de41e72-ad84-4160-af68-c339f970a640,2026-07-24T03:30:00Z,2026-07-24T05:30:00+0200,10.861,MW,NL,NL,actual_offshore_wind_generation,Wind Offshore | Actual Consumption,2026-08-07T04:53:21Z
2026-08-07T04:50:48Z,2026-08-07T06:50:48+0200,9de41e72-ad84-4160-af68-c339f970a640,2026-07-24T03:45:00Z,2026-07-24T05:45:00+0200,115.364,MW,NL,NL,actual_offshore_wind_generation,Wind Offshore | Actual Aggregated,2026-08-07T04:53:21Z
2026-08-07T04:50:48Z,2026-08-07T06:50:48+0200,9de41e72-ad84-4160-af68-c339f970a640,2026-07-24T03:45:00Z,2026-07-24T05:45:00+0200,12.89,MW,NL,NL,actual_offshore_wind_generation,Wind Offshore | Actual Consumption,2026-08-07T04:53:21Z
2026-08-07T04:50:48Z,2026-08-07T06:50:48+0200,9de41e72-ad84-4160-af68-c339f970a640,2026-07-24T04:00:00Z,2026-07-24T06:00:00+0200,99.331,MW,NL,NL,actual_offshore_wind_generation,Wind Offshore | Actual Aggregated,2026-08-07T04:53:21Z
2026-08-07T04:50:48Z,2026-08-07T06:50:48+0200,9de41e72-ad84-4160-af68-c339f970a640,2026-07-24T04:00:00Z,2026-07-24T06:00:00+0200,14.596,MW,NL,NL,actual_offshore_wind_generation,Wind Offshore | Actual Consumption,2026-08-07T04:53:21Z
2026-08-07T04:50:48Z,2026-08-07T06:50:48+0200,9de41e72-ad84-4160-af68-c339f970a640,2026-07-24T04:15:00Z,2026-07-24T06:15:00+0200,77.336,MW,NL,NL,actual_offshore_wind_generation,Wind Offshore | Actual Aggregated,2026-08-07T04:53:21Z
2026-08-07T04:50:48Z,2026-08-07T06:50:48+0200,9de41e72-ad84-4160-af68-c339f970a640,2026-07-24T04:15:00Z,2026-07-24T06:15:00+0200,15.032,MW,NL,NL,actual_offshore_wind_generation,Wind Offshore | Actual Consumption,2026-08-07T04:53:21Z
2026-08-07T04:50:48Z,2026-08-07T06:50:48+0200,9de41e72-ad84-4160-af68-c339f970a640,2026-07-24T04:30:00Z,2026-07-24T06:30:00+0200,73.998,MW,NL,NL,actual_offshore_wind_generation,Wind Offshore | Actual Aggregated,2026-08-07T04:53:21Z
2026-08-07T04:50:48Z,2026-08-07T06:50:48+0200,9de41e72-ad84-4160-af68-c339f970a640,2026-07-24T04:30:00Z,2026-07-24T06:30:00+0200,15.494,MW,NL,NL,actual_offshore_wind_generation,Wind Offshore | Actual Consumption,2026-08-07T04:53:21Z
2026-08-07T04:50:48Z,2026-08-07T06:50:48+0200,9de41e72-ad84-4160-af68-c339f970a640,2026-07-24T04:45:00Z,2026-07-24T06:45:00+0200,74.326,MW,NL,NL,actual_offshore_wind_generation,Wind Offshore | Actual Aggregated,2026-08-07T04:53:21Z
2026-08-07T04:50:48Z,2026-08-07T06:50:48+0200,9de41e72-ad84-4160-af68-c339f970a640,2026-07-24T04:45:00Z,2026-07-24T06:45:00+0200,14.548,MW,NL,NL,actual_offshore_wind_generation,Wind Offshore | Actual Consumption,2026-08-07T04:53:21Z
2026-08-07T04:50:48Z,2026-08-07T06:50:48+0200,9de41e72-ad84-4160-af68-c339f970a640,2026-07-24T05:00:00Z,2026-07-24T07:00:00+0200,66.598,MW,NL,NL,actual_offshore_wind_generation,Wind Offshore | Actual Aggregated,2026-08-07T04:53:21Z
2026-08-07T04:50:48Z,2026-08-07T06:50:48+0200,9de41e72-ad84-4160-af68-c339f970a640,2026-07-24T05:00:00Z,2026-07-24T07:00:00+0200,14.623,MW,NL,NL,actual_offshore_wind_generation,Wind Offshore | Actual Consumption,2026-08-07T04:53:21Z
2026-08-07T04:50:48Z,2026-08-07T06:50:48+0200,9de41e72-ad84-4160-af68-c339f970a640,2026-07-24T05:15:00Z,2026-07-24T07:15:00+0200,71.618,MW,NL,NL,actual_offshore_wind_generation,Wind Offshore | Actual Aggregated,2026-08-07T04:53:21Z
2026-08-07T04:50:48Z,2026-08-07T06:50:48+0200,9de41e72-ad84-4160-af68-c339f970a640,2026-07-24T05:15:00Z,2026-07-24T07:15:00+0200,16.412,MW,NL,NL,actual_offshore_wind_generation,Wind Offshore | Actual Consumption,2026-08-07T04:53:21Z
2026-08-07T04:50:48Z,2026-08-07T06:50:48+0200,9de41e72-ad84-4160-af68-c339f970a640,2026-07-24T05:30:00Z,2026-07-24T07:30:00+0200,78.433,MW,NL,NL,actual_offshore_wind_generation,Wind Offshore | Actual Aggregated,2026-08-07T04:53:21Z
2026-08-07T04:50:48Z,2026-08-07T06:50:48+0200,9de41e72-ad84-4160-af68-c339f970a640,2026-07-24T05:30:00Z,2026-07-24T07:30:00+0200,16.549,MW,NL,NL,actual_offshore_wind_generation,Wind Offshore | Actual Consumption,2026-08-07T04:53:21Z
2026-08-07T04:50:48Z,2026-08-07T06:50:48+0200,9de41e72-ad84-4160-af68-c339f970a640,2026-07-24T05:45:00Z,2026-07-24T07:45:00+0200,90.701,MW,NL,NL,actual_offshore_wind_generation,Wind Offshore | Actual Aggregated,2026-08-07T04:53:21Z
2026-08-07T04:50:48Z,2026-08-07T06:50:48+0200,9de41e72-ad84-4160-af68-c339f970a640,2026-07-24T05:45:00Z,2026-07-24T07:45:00+0200,14.216,MW,NL,NL,actual_offshore_wind_generation,Wind Offshore | Actual Consumption,2026-08-07T04:53:21Z
2026-08-07T04:50:48Z,2026-08-07T06:50:48+0200,9de41e72-ad84-4160-af68-c339f970a640,2026-07-24T06:00:00Z,2026-07-24T08:00:00+0200,98.441,MW,NL,NL,actual_offshore_wind_generation,Wind Offshore | Actual Aggregated,2026-08-07T04:53:21Z
2026-08-07T04:50:48Z,2026-08-07T06:50:48+0200,9de41e72-ad84-4160-af68-c339f970a640,2026-07-24T06:00:00Z,2026-07-24T08:00:00+0200,13.528,MW,NL,NL,actual_offshore_wind_generation,Wind Offshore | Actual Consumption,2026-08-07T04:53:21Z
2026-08-07T04:50:48Z,2026-08-07T06:50:48+0200,9de41e72-ad84-4160-af68-c339f970a640,2026-07-24T06:15:00Z,2026-07-24T08:15:00+0200,89.425,MW,NL,NL,actual_offshore_wind_generation,Wind Offshore | Actual Aggregated,2026-08-07T04:53:21Z
2026-08-07T04:50:48Z,2026-08-07T06:50:48+0200,9de41e72-ad84-4160-af68-c339f970a640,2026-07-24T06:15:00Z,2026-07-24T08:15:00+0200,9.483,MW,NL,NL,actual_offshore_wind_generation,Wind Offshore | Actual Consumption,2026-08-07T04:53:21Z
2026-08-07T04:50:48Z,2026-08-07T06:50:48+0200,9de41e72-ad84-4160-af68-c339f970a640,2026-07-24T06:30:00Z,2026-07-24T08:30:00+0200,64.969,MW,NL,NL,actual_offshore_wind_generation,Wind Offshore | Actual Aggregated,2026-08-07T04:53:21Z
2026-08-07T04:50:48Z,2026-08-07T06:50:48+0200,9de41e72-ad84-4160-af68-c339f970a640,2026-07-24T06:30:00Z,2026-07-24T08:30:00+0200,13.12,MW,NL,NL,actual_offshore_wind_generation,Wind Offshore | Actual Consumption,2026-08-07T04:53:21Z
2026-08-07T04:50:48Z,2026-08-07T06:50:48+0200,9de41e72-ad84-4160-af68-c339f970a640,2026-07-24T06:45:00Z,2026-07-24T08:45:00+0200,52.15,MW,NL,NL,actual_offshore_wind_generation,Wind Offshore | Actual Aggregated,2026-08-07T04:53:21Z
2026-08-07T04:50:48Z,2026-08-07T06:50:48+0200,9de41e72-ad84-4160-af68-c339f970a640,2026-07-24T06:45:00Z,2026-07-24T08:45:00+0200,16.371,MW,NL,NL,actual_offshore_wind_generation,Wind Offshore | Actual Consumption,2026-08-07T04:53:21Z
2026-08-07T04:50:48Z,2026-08-07T06:50:48+0200,9de41e72-ad84-4160-af68-c339f970a640,2026-07-24T07:00:00Z,2026-07-24T09:00:00+0200,39.797,MW,NL,NL,actual_offshore_wind_generation,Wind Offshore | Actual Aggregated,2026-08-07T04:53:21Z
2026-08-07T04:50:48Z,2026-08-07T06:50:48+0200,9de41e72-ad84-4160-af68-c339f970a640,2026-07-24T07:00:00Z,2026-07-24T09:00:00+0200,21.743,MW,NL,NL,actual_offshore_wind_generation,Wind Offshore | Actual Consumption,2026-08-07T04:53:21Z
2026-08-07T04:50:48Z,2026-08-07T06:50:48+0200,9de41e72-ad84-4160-af68-c339f970a640,2026-07-24T07:15:00Z,2026-07-24T09:15:00+0200,31.697,MW,NL,NL,actual_offshore_wind_generation,Wind Offshore | Actual Aggregated,2026-08-07T04:53:21Z
2026-08-07T04:50:48Z,2026-08-07T06:50:48+0200,9de41e72-ad84-4160-af68-c339f970a640,2026-07-24T07:15:00Z,2026-07-24T09:15:00+0200,21.825,MW,NL,NL,actual_offshore_wind_generation,Wind Offshore | Actual Consumption,2026-08-07T04:53:21Z
2026-08-07T04:50:48Z,2026-08-07T06:50:48+0200,9de41e72-ad84-4160-af68-c339f970a640,2026-07-24T07:30:00Z,2026-07-24T09:30:00+0200,24.415,MW,NL,NL,actual_offshore_wind_generation,Wind Offshore | Actual Aggregated,2026-08-07T04:53:21Z
2026-08-07T04:50:48Z,2026-08-07T06:50:48+0200,9de41e72-ad84-4160-af68-c339f970a640,2026-07-24T07:30:00Z,2026-07-24T09:30:00+0200,22.005,MW,NL,NL,actual_offshore_wind_generation,Wind Offshore | Actual Consumption,2026-08-07T04:53:21Z
2026-08-07T04:50:48Z,2026-08-07T06:50:48+0200,9de41e72-ad84-4160-af68-c339f970a640,2026-07-24T07:45:00Z,2026-07-24T09:45:00+0200,18.217,MW,NL,NL,actual_offshore_wind_generation,Wind Offshore | Actual Aggregated,2026-08-07T04:53:21Z
2026-08-07T04:50:48Z,2026-08-07T06:50:48+0200,9de41e72-ad84-4160-af68-c339f970a640,2026-07-24T07:45:00Z,2026-07-24T09:45:00+0200,22.403,MW,NL,NL,actual_offshore_wind_generation,Wind Offshore | Actual Consumption,2026-08-07T04:53:21Z
2026-08-07T04:50:48Z,2026-08-07T06:50:48+0200,9de41e72-ad84-4160-af68-c339f970a640,2026-07-24T08:00:00Z,2026-07-24T10:00:00+0200,28.16,MW,NL,NL,actual_offshore_wind_generation,Wind Offshore | Actual Aggregated,2026-08-07T04:53:21Z
2026-08-07T04:50:48Z,2026-08-07T06:50:48+0200,9de41e72-ad84-4160-af68-c339f970a640,2026-07-24T08:00:00Z,2026-07-24T10:00:00+0200,20.436,MW,NL,NL,actual_offshore_wind_generation,Wind Offshore | Actual Consumption,2026-08-07T04:53:21Z
2026-08-07T04:50:48Z,2026-08-07T06:50:48+0200,9de41e72-ad84-4160-af68-c339f970a640,2026-07-24T08:15:00Z,2026-07-24T10:15:00+0200,33.539,MW,NL,NL,actual_offshore_wind_generation,Wind Offshore | Actual Aggregated,2026-08-07T04:53:21Z
2026-08-07T04:50:48Z,2026-08-07T06:50:48+0200,9de41e72-ad84-4160-af68-c339f970a640,2026-07-24T08:15:00Z,2026-07-24T10:15:00+0200,18.013,MW,NL,NL,actual_offshore_wind_generation,Wind Offshore | Actual Consumption,2026-08-07T04:53:21Z
2026-08-07T04:50:48Z,2026-08-07T06:50:48+0200,9de41e72-ad84-4160-af68-c339f970a640,2026-07-24T08:30:00Z,2026-07-24T10:30:00+0200,37.469,MW,NL,NL,actual_offshore_wind_generation,Wind Offshore | Actual Aggregated,2026-08-07T04:53:21Z
2026-08-07T04:50:48Z,2026-08-07T06:50:48+0200,9de41e72-ad84-4160-af68-c339f970a640,2026-07-24T08:30:00Z,2026-07-24T10:30:00+0200,16.866,MW,NL,NL,actual_offshore_wind_generation,Wind Offshore | Actual Consumption,2026-08-07T04:53:21Z
2026-08-07T04:50:48Z,2026-08-07T06:50:48+0200,9de41e72-ad84-4160-af68-c339f970a640,2026-07-24T08:45:00Z,2026-07-24T10:45:00+0200,35.55,MW,NL,NL,actual_offshore_wind_generation,Wind Offshore | Actual Aggregated,2026-08-07T04:53:21Z
2026-08-07T04:50:48Z,2026-08-07T06:50:48+0200,9de41e72-ad84-4160-af68-c339f970a640,2026-07-24T08:45:00Z,2026-07-24T10:45:00+0200,14.59,MW,NL,NL,actual_offshore_wind_generation,Wind Offshore | Actual Consumption,2026-08-07T04:53:21Z
2026-08-07T04:50:48Z,2026-08-07T06:50:48+0200,9de41e72-ad84-4160-af68-c339f970a640,2026-07-24T09:00:00Z,2026-07-24T11:00:00+0200,39.521,MW,NL,NL,actual_offshore_wind_generation,Wind Offshore | Actual Aggregated,2026-08-07T04:53:21Z
2026-08-07T04:50:48Z,2026-08-07T06:50:48+0200,9de41e72-ad84-4160-af68-c339f970a640,2026-07-24T09:00:00Z,2026-07-24T11:00:00+0200,13.639,MW,NL,NL,actual_offshore_wind_generation,Wind Offshore | Actual Consumption,2026-08-07T04:53:21Z
2026-08-07T04:50:48Z,2026-08-07T06:50:48+0200,9de41e72-ad84-4160-af68-c339f970a640,2026-07-24T09:15:00Z,2026-07-24T11:15:00+0200,47.759,MW,NL,NL,actual_offshore_wind_generation,Wind Offshore | Actual Aggregated,2026-08-07T04:53:21Z
2026-08-07T04:50:48Z,2026-08-07T06:50:48+0200,9de41e72-ad84-4160-af68-c339f970a640,2026-07-24T09:15:00Z,2026-07-24T11:15:00+0200,10.026,MW,NL,NL,actual_offshore_wind_generation,Wind Offshore | Actual Consumption,2026-08-07T04:53:21Z
2026-08-07T04:50:48Z,2026-08-07T06:50:48+0200,9de41e72-ad84-4160-af68-c339f970a640,2026-07-24T09:30:00Z,2026-07-24T11:30:00+0200,54.22,MW,NL,NL,actual_offshore_wind_generation,Wind Offshore | Actual Aggregated,2026-08-07T04:53:21Z
2026-08-07T04:50:48Z,2026-08-07T06:50:48+0200,9de41e72-ad84-4160-af68-c339f970a640,2026-07-24T09:30:00Z,2026-07-24T11:30:00+0200,7.933,MW,NL,NL,actual_offshore_wind_generation,Wind Offshore | Actual Consumption,2026-08-07T04:53:21Z
2026-08-07T04:50:48Z,2026-08-07T06:50:48+0200,9de41e72-ad84-4160-af68-c339f970a640,2026-07-24T09:45:00Z,2026-07-24T11:45:00+0200,70.914,MW,NL,NL,actual_offshore_wind_generation,Wind Offshore | Actual Aggregated,2026-08-07T04:53:21Z
2026-08-07T04:50:48Z,2026-08-07T06:50:48+0200,9de41e72-ad84-4160-af68-c339f970a640,2026-07-24T09:45:00Z,2026-07-24T11:45:00+0200,8.539,MW,NL,NL,actual_offshore_wind_generation,Wind Offshore | Actual Consumption,2026-08-07T04:53:21Z
2026-08-07T04:50:48Z,2026-08-07T06:50:48+0200,9de41e72-ad84-4160-af68-c339f970a640,2026-07-24T10:00:00Z,2026-07-24T12:00:00+0200,80.657,MW,NL,NL,actual_offshore_wind_generation,Wind Offshore | Actual Aggregated,2026-08-07T04:53:21Z
2026-08-07T04:50:48Z,2026-08-07T06:50:48+0200,9de41e72-ad84-4160-af68-c339f970a640,2026-07-24T10:00:00Z,2026-07-24T12:00:00+0200,5.661,MW,NL,NL,actual_offshore_wind_generation,Wind Offshore | Actual Consumption,2026-08-07T04:53:21Z
2026-08-07T04:50:48Z,2026-08-07T06:50:48+0200,9de41e72-ad84-4160-af68-c339f970a640,2026-07-24T10:15:00Z,2026-07-24T12:15:00+0200,79.818,MW,NL,NL,actual_offshore_wind_generation,Wind Offshore | Actual Aggregated,2026-08-07T04:53:21Z
2026-08-07T04:50:48Z,2026-08-07T06:50:48+0200,9de41e72-ad84-4160-af68-c339f970a640,2026-07-24T10:15:00Z,2026-07-24T12:15:00+0200,6.051,MW,NL,NL,actual_offshore_wind_generation,Wind Offshore | Actual Consumption,2026-08-07T04:53:21Z
2026-08-07T04:50:48Z,2026-08-07T06:50:48+0200,9de41e72-ad84-4160-af68-c339f970a640,2026-07-24T10:30:00Z,2026-07-24T12:30:00+0200,87.3,MW,NL,NL,actual_offshore_wind_generation,Wind Offshore | Actual Aggregated,2026-08-07T04:53:21Z
2026-08-07T04:50:48Z,2026-08-07T06:50:48+0200,9de41e72-ad84-4160-af68-c339f970a640,2026-07-24T10:30:00Z,2026-07-24T12:30:00+0200,3.264,MW,NL,NL,actual_offshore_wind_generation,Wind Offshore | Actual Consumption,2026-08-07T04:53:21Z
2026-08-07T04:50:48Z,2026-08-07T06:50:48+0200,9de41e72-ad84-4160-af68-c339f970a640,2026-07-24T10:45:00Z,2026-07-24T12:45:00+0200,56.703,MW,NL,NL,actual_offshore_wind_generation,Wind Offshore | Actual Aggregated,2026-08-07T04:53:21Z
2026-08-07T04:50:48Z,2026-08-07T06:50:48+0200,9de41e72-ad84-4160-af68-c339f970a640,2026-07-24T10:45:00Z,2026-07-24T12:45:00+0200,1.856,MW,NL,NL,actual_offshore_wind_generation,Wind Offshore | Actual Consumption,2026-08-07T04:53:21Z
2026-08-07T04:50:48Z,2026-08-07T06:50:48+0200,9de41e72-ad84-4160-af68-c339f970a640,2026-07-24T11:00:00Z,2026-07-24T13:00:00+0200,44.044,MW,NL,NL,actual_offshore_wind_generation,Wind Offshore | Actual Aggregated,2026-08-07T04:53:21Z
2026-08-07T04:50:48Z,2026-08-07T06:50:48+0200,9de41e72-ad84-4160-af68-c339f970a640,2026-07-24T11:00:00Z,2026-07-24T13:00:00+0200,2.76,MW,NL,NL,actual_offshore_wind_generation,Wind Offshore | Actual Consumption,2026-08-07T04:53:21Z
2026-08-07T04:50:48Z,2026-08-07T06:50:48+0200,9de41e72-ad84-4160-af68-c339f970a640,2026-07-24T11:15:00Z,2026-07-24T13:15:00+0200,60.924,MW,NL,NL,actual_offshore_wind_generation,Wind Offshore | Actual Aggregated,2026-08-07T04:53:21Z
2026-08-07T04:50:48Z,2026-08-07T06:50:48+0200,9de41e72-ad84-4160-af68-c339f970a640,2026-07-24T11:15:00Z,2026-07-24T13:15:00+0200,3.973,MW,NL,NL,actual_offshore_wind_generation,Wind Offshore | Actual Consumption,2026-08-07T04:53:21Z
2026-08-07T04:50:48Z,2026-08-07T06:50:48+0200,9de41e72-ad84-4160-af68-c339f970a640,2026-07-24T11:30:00Z,2026-07-24T13:30:00+0200,54.894,MW,NL,NL,actual_offshore_wind_generation,Wind Offshore | Actual Aggregated,2026-08-07T04:53:21Z
2026-08-07T04:50:48Z,2026-08-07T06:50:48+0200,9de41e72-ad84-4160-af68-c339f970a640,2026-07-24T11:30:00Z,2026-07-24T13:30:00+0200,6.601,MW,NL,NL,actual_offshore_wind_generation,Wind Offshore | Actual Consumption,2026-08-07T04:53:21Z
2026-08-07T04:50:48Z,2026-08-07T06:50:48+0200,9de41e72-ad84-4160-af68-c339f970a640,2026-07-24T11:45:00Z,2026-07-24T13:45:00+0200,68.164,MW,NL,NL,actual_offshore_wind_generation,Wind Offshore | Actual Aggregated,2026-08-07T04:53:21Z
2026-08-07T04:50:48Z,2026-08-07T06:50:48+0200,9de41e72-ad84-4160-af68-c339f970a640,2026-07-24T11:45:00Z,2026-07-24T13:45:00+0200,6.556,MW,NL,NL,actual_offshore_wind_generation,Wind Offshore | Actual Consumption,2026-08-07T04:53:21Z
2026-08-07T04:50:48Z,2026-08-07T06:50:48+0200,9de41e72-ad84-4160-af68-c339f970a640,2026-07-24T12:00:00Z,2026-07-24T14:00:00+0200,103.577,MW,NL,NL,actual_offshore_wind_generation,Wind Offshore | Actual Aggregated,2026-08-07T04:53:21Z
2026-08-07T04:50:48Z,2026-08-07T06:50:48+0200,9de41e72-ad84-4160-af68-c339f970a640,2026-07-24T12:00:00Z,2026-07-24T14:00:00+0200,6.474,MW,NL,NL,actual_offshore_wind_generation,Wind Offshore | Actual Consumption,2026-08-07T04:53:21Z
2026-08-07T04:50:48Z,2026-08-07T06:50:48+0200,9de41e72-ad84-4160-af68-c339f970a640,2026-07-24T12:15:00Z,2026-07-24T14:15:00+0200,161.206,MW,NL,NL,actual_offshore_wind_generation,Wind Offshore | Actual Aggregated,2026-08-07T04:53:21Z
2026-08-07T04:50:48Z,2026-08-07T06:50:48+0200,9de41e72-ad84-4160-af68-c339f970a640,2026-07-24T12:15:00Z,2026-07-24T14:15:00+0200,6.272,MW,NL,NL,actual_offshore_wind_generation,Wind Offshore | Actual Consumption,2026-08-07T04:53:21Z
2026-08-07T04:50:48Z,2026-08-07T06:50:48+0200,9de41e72-ad84-4160-af68-c339f970a640,2026-07-24T12:30:00Z,2026-07-24T14:30:00+0200,162.328,MW,NL,NL,actual_offshore_wind_generation,Wind Offshore | Actual Aggregated,2026-08-07T04:53:21Z
2026-08-07T04:50:48Z,2026-08-07T06:50:48+0200,9de41e72-ad84-4160-af68-c339f970a640,2026-07-24T12:30:00Z,2026-07-24T14:30:00+0200,12.045,MW,NL,NL,actual_offshore_wind_generation,Wind Offshore | Actual Consumption,2026-08-07T04:53:21Z
2026-08-07T04:50:48Z,2026-08-07T06:50:48+0200,9de41e72-ad84-4160-af68-c339f970a640,2026-07-24T12:45:00Z,2026-07-24T14:45:00+0200,104.87,MW,NL,NL,actual_offshore_wind_generation,Wind Offshore | Actual Aggregated,2026-08-07T04:53:21Z
2026-08-07T04:50:48Z,2026-08-07T06:50:48+0200,9de41e72-ad84-4160-af68-c339f970a640,2026-07-24T12:45:00Z,2026-07-24T14:45:00+0200,15.614,MW,NL,NL,actual_offshore_wind_generation,Wind Offshore | Actual Consumption,2026-08-07T04:53:21Z
2026-08-07T04:50:48Z,2026-08-07T06:50:48+0200,9de41e72-ad84-4160-af68-c339f970a640,2026-07-24T13:00:00Z,2026-07-24T15:00:00+0200,84.22,MW,NL,NL,actual_offshore_wind_generation,Wind Offshore | Actual Aggregated,2026-08-07T04:53:21Z
2026-08-07T04:50:48Z,2026-08-07T06:50:48+0200,9de41e72-ad84-4160-af68-c339f970a640,2026-07-24T13:00:00Z,2026-07-24T15:00:00+0200,15.126,MW,NL,NL,actual_offshore_wind_generation,Wind Offshore | Actual Consumption,2026-08-07T04:53:21Z
2026-08-07T04:50:48Z,2026-08-07T06:50:48+0200,9de41e72-ad84-4160-af68-c339f970a640,2026-07-24T13:15:00Z,2026-07-24T15:15:00+0200,110.592,MW,NL,NL,actual_offshore_wind_generation,Wind Offshore | Actual Aggregated,2026-08-07T04:53:21Z
2026-08-07T04:50:48Z,2026-08-07T06:50:48+0200,9de41e72-ad84-4160-af68-c339f970a640,2026-07-24T13:15:00Z,2026-07-24T15:15:00+0200,17.826,MW,NL,NL,actual_offshore_wind_generation,Wind Offshore | Actual Consumption,2026-08-07T04:53:21Z
2026-08-07T04:50:48Z,2026-08-07T06:50:48+0200,9de41e72-ad84-4160-af68-c339f970a640,2026-07-24T13:30:00Z,2026-07-24T15:30:00+0200,147.685,MW,NL,NL,actual_offshore_wind_generation,Wind Offshore | Actual Aggregated,2026-08-07T04:53:21Z
2026-08-07T04:50:48Z,2026-08-07T06:50:48+0200,9de41e72-ad84-4160-af68-c339f970a640,2026-07-24T13:30:00Z,2026-07-24T15:30:00+0200,18.9,MW,NL,NL,actual_offshore_wind_generation,Wind Offshore | Actual Consumption,2026-08-07T04:53:21Z
2026-08-07T04:50:48Z,2026-08-07T06:50:48+0200,9de41e72-ad84-4160-af68-c339f970a640,2026-07-24T13:45:00Z,2026-07-24T15:45:00+0200,168.198,MW,NL,NL,actual_offshore_wind_generation,Wind Offshore | Actual Aggregated,2026-08-07T04:53:21Z
2026-08-07T04:50:48Z,2026-08-07T06:50:48+0200,9de41e72-ad84-4160-af68-c339f970a640,2026-07-24T13:45:00Z,2026-07-24T15:45:00+0200,25.572,MW,NL,NL,actual_offshore_wind_generation,Wind Offshore | Actual Consumption,2026-08-07T04:53:21Z
2026-08-07T04:50:48Z,2026-08-07T06:50:48+0200,9de41e72-ad84-4160-af68-c339f970a640,2026-07-24T14:00:00Z,2026-07-24T16:00:00+0200,163.431,MW,NL,NL,actual_offshore_wind_generation,Wind Offshore | Actual Aggregated,2026-08-07T04:53:21Z
2026-08-07T04:50:48Z,2026-08-07T06:50:48+0200,9de41e72-ad84-4160-af68-c339f970a640,2026-07-24T14:00:00Z,2026-07-24T16:00:00+0200,25.413,MW,NL,NL,actual_offshore_wind_generation,Wind Offshore | Actual Consumption,2026-08-07T04:53:21Z
2026-08-07T04:50:48Z,2026-08-07T06:50:48+0200,9de41e72-ad84-4160-af68-c339f970a640,2026-07-24T14:15:00Z,2026-07-24T16:15:00+0200,139.501,MW,NL,NL,actual_offshore_wind_generation,Wind Offshore | Actual Aggregated,2026-08-07T04:53:21Z
2026-08-07T04:50:48Z,2026-08-07T06:50:48+0200,9de41e72-ad84-4160-af68-c339f970a640,2026-07-24T14:15:00Z,2026-07-24T16:15:00+0200,26.022,MW,NL,NL,actual_offshore_wind_generation,Wind Offshore | Actual Consumption,2026-08-07T04:53:21Z
2026-08-07T04:50:48Z,2026-08-07T06:50:48+0200,9de41e72-ad84-4160-af68-c339f970a640,2026-07-24T14:30:00Z,2026-07-24T16:30:00+0200,130.466,MW,NL,NL,actual_offshore_wind_generation,Wind Offshore | Actual Aggregated,2026-08-07T04:53:21Z
2026-08-07T04:50:48Z,2026-08-07T06:50:48+0200,9de41e72-ad84-4160-af68-c339f970a640,2026-07-24T14:30:00Z,2026-07-24T16:30:00+0200,25.423,MW,NL,NL,actual_offshore_wind_generation,Wind Offshore | Actual Consumption,2026-08-07T04:53:21Z
2026-08-07T04:50:48Z,2026-08-07T06:50:48+0200,9de41e72-ad84-4160-af68-c339f970a640,2026-07-24T14:45:00Z,2026-07-24T16:45:00+0200,138.737,MW,NL,NL,actual_offshore_wind_generation,Wind Offshore | Actual Aggregated,2026-08-07T04:53:21Z
2026-08-07T04:50:48Z,2026-08-07T06:50:48+0200,9de41e72-ad84-4160-af68-c339f970a640,2026-07-24T14:45:00Z,2026-07-24T16:45:00+0200,25.93,MW,NL,NL,actual_offshore_wind_generation,Wind Offshore | Actual Consumption,2026-08-07T04:53:21Z
2026-08-07T04:50:48Z,2026-08-07T06:50:48+0200,9de41e72-ad84-4160-af68-c339f970a640,2026-07-24T15:00:00Z,2026-07-24T17:00:00+0200,145.196,MW,NL,NL,actual_offshore_wind_generation,Wind Offshore | Actual Aggregated,2026-08-07T04:53:21Z
2026-08-07T04:50:48Z,2026-08-07T06:50:48+0200,9de41e72-ad84-4160-af68-c339f970a640,2026-07-24T15:00:00Z,2026-07-24T17:00:00+0200,24.796,MW,NL,NL,actual_offshore_wind_generation,Wind Offshore | Actual Consumption,2026-08-07T04:53:21Z
2026-08-07T04:50:48Z,2026-08-07T06:50:48+0200,9de41e72-ad84-4160-af68-c339f970a640,2026-07-24T15:15:00Z,2026-07-24T17:15:00+0200,147.118,MW,NL,NL,actual_offshore_wind_generation,Wind Offshore | Actual Aggregated,2026-08-07T04:53:21Z
2026-08-07T04:50:48Z,2026-08-07T06:50:48+0200,9de41e72-ad84-4160-af68-c339f970a640,2026-07-24T15:15:00Z,2026-07-24T17:15:00+0200,23.87,MW,NL,NL,actual_offshore_wind_generation,Wind Offshore | Actual Consumption,2026-08-07T04:53:21Z
2026-08-07T04:50:48Z,2026-08-07T06:50:48+0200,9de41e72-ad84-4160-af68-c339f970a640,2026-07-24T15:30:00Z,2026-07-24T17:30:00+0200,138.607,MW,NL,NL,actual_offshore_wind_generation,Wind Offshore | Actual Aggregated,2026-08-07T04:53:21Z
2026-08-07T04:50:48Z,2026-08-07T06:50:48+0200,9de41e72-ad84-4160-af68-c339f970a640,2026-07-24T15:30:00Z,2026-07-24T17:30:00+0200,24.239,MW,NL,NL,actual_offshore_wind_generation,Wind Offshore | Actual Consumption,2026-08-07T04:53:21Z
2026-08-07T04:50:48Z,2026-08-07T06:50:48+0200,9de41e72-ad84-4160-af68-c339f970a640,2026-07-24T15:45:00Z,2026-07-24T17:45:00+0200,146.527,MW,NL,NL,actual_offshore_wind_generation,Wind Offshore | Actual Aggregated,2026-08-07T04:53:21Z
2026-08-07T04:50:48Z,2026-08-07T06:50:48+0200,9de41e72-ad84-4160-af68-c339f970a640,2026-07-24T15:45:00Z,2026-07-24T17:45:00+0200,25.389,MW,NL,NL,actual_offshore_wind_generation,Wind Offshore | Actual Consumption,2026-08-07T04:53:21Z
2026-08-07T04:50:48Z,2026-08-07T06:50:48+0200,9de41e72-ad84-4160-af68-c339f970a640,2026-07-24T16:00:00Z,2026-07-24T18:00:00+0200,151.422,MW,NL,NL,actual_offshore_wind_generation,Wind Offshore | Actual Aggregated,2026-08-07T04:53:21Z
2026-08-07T04:50:48Z,2026-08-07T06:50:48+0200,9de41e72-ad84-4160-af68-c339f970a640,2026-07-24T16:00:00Z,2026-07-24T18:00:00+0200,20.048,MW,NL,NL,actual_offshore_wind_generation,Wind Offshore | Actual Consumption,2026-08-07T04:53:21Z
2026-08-07T04:50:48Z,2026-08-07T06:50:48+0200,9de41e72-ad84-4160-af68-c339f970a640,2026-07-24T16:15:00Z,2026-07-24T18:15:00+0200,146.062,MW,NL,NL,actual_offshore_wind_generation,Wind Offshore | Actual Aggregated,2026-08-07T04:53:21Z
2026-08-07T04:50:48Z,2026-08-07T06:50:48+0200,9de41e72-ad84-4160-af68-c339f970a640,2026-07-24T16:15:00Z,2026-07-24T18:15:00+0200,18.785,MW,NL,NL,actual_offshore_wind_generation,Wind Offshore | Actual Consumption,2026-08-07T04:53:21Z
2026-08-07T04:50:48Z,2026-08-07T06:50:48+0200,9de41e72-ad84-4160-af68-c339f970a640,2026-07-24T16:30:00Z,2026-07-24T18:30:00+0200,136.559,MW,NL,NL,actual_offshore_wind_generation,Wind Offshore | Actual Aggregated,2026-08-07T04:53:21Z
2026-08-07T04:50:48Z,2026-08-07T06:50:48+0200,9de41e72-ad84-4160-af68-c339f970a640,2026-07-24T16:30:00Z,2026-07-24T18:30:00+0200,17.784,MW,NL,NL,actual_offshore_wind_generation,Wind Offshore | Actual Consumption,2026-08-07T04:53:21Z
2026-08-07T04:50:48Z,2026-08-07T06:50:48+0200,9de41e72-ad84-4160-af68-c339f970a640,2026-07-24T16:45:00Z,2026-07-24T18:45:00+0200,136.363,MW,NL,NL,actual_offshore_wind_generation,Wind Offshore | Actual Aggregated,2026-08-07T04:53:21Z
2026-08-07T04:50:48Z,2026-08-07T06:50:48+0200,9de41e72-ad84-4160-af68-c339f970a640,2026-07-24T16:45:00Z,2026-07-24T18:45:00+0200,17.983,MW,NL,NL,actual_offshore_wind_generation,Wind Offshore | Actual Consumption,2026-08-07T04:53:21Z
2026-08-07T04:50:48Z,2026-08-07T06:50:48+0200,9de41e72-ad84-4160-af68-c339f970a640,2026-07-24T17:00:00Z,2026-07-24T19:00:00+0200,130.389,MW,NL,NL,actual_offshore_wind_generation,Wind Offshore | Actual Aggregated,2026-08-07T04:53:21Z
2026-08-07T04:50:48Z,2026-08-07T06:50:48+0200,9de41e72-ad84-4160-af68-c339f970a640,2026-07-24T17:00:00Z,2026-07-24T19:00:00+0200,16.446,MW,NL,NL,actual_offshore_wind_generation,Wind Offshore | Actual Consumption,2026-08-07T04:53:21Z
2026-08-07T04:50:48Z,2026-08-07T06:50:48+0200,9de41e72-ad84-4160-af68-c339f970a640,2026-07-24T17:15:00Z,2026-07-24T19:15:00+0200,138.508,MW,NL,NL,actual_offshore_wind_generation,Wind Offshore | Actual Aggregated,2026-08-07T04:53:21Z
2026-08-07T04:50:48Z,2026-08-07T06:50:48+0200,9de41e72-ad84-4160-af68-c339f970a640,2026-07-24T17:15:00Z,2026-07-24T19:15:00+0200,17.728,MW,NL,NL,actual_offshore_wind_generation,Wind Offshore | Actual Consumption,2026-08-07T04:53:21Z
2026-08-07T04:50:48Z,2026-08-07T06:50:48+0200,9de41e72-ad84-4160-af68-c339f970a640,2026-07-24T17:30:00Z,2026-07-24T19:30:00+0200,144.774,MW,NL,NL,actual_offshore_wind_generation,Wind Offshore | Actual Aggregated,2026-08-07T04:53:21Z
2026-08-07T04:50:48Z,2026-08-07T06:50:48+0200,9de41e72-ad84-4160-af68-c339f970a640,2026-07-24T17:30:00Z,2026-07-24T19:30:00+0200,16.828,MW,NL,NL,actual_offshore_wind_generation,Wind Offshore | Actual Consumption,2026-08-07T04:53:21Z
2026-08-07T04:50:48Z,2026-08-07T06:50:48+0200,9de41e72-ad84-4160-af68-c339f970a640,2026-07-24T17:45:00Z,2026-07-24T19:45:00+0200,164.596,MW,NL,NL,actual_offshore_wind_generation,Wind Offshore | Actual Aggregated,2026-08-07T04:53:21Z
2026-08-07T04:50:48Z,2026-08-07T06:50:48+0200,9de41e72-ad84-4160-af68-c339f970a640,2026-07-24T17:45:00Z,2026-07-24T19:45:00+0200,15.033,MW,NL,NL,actual_offshore_wind_generation,Wind Offshore | Actual Consumption,2026-08-07T04:53:21Z
2026-08-07T04:50:48Z,2026-08-07T06:50:48+0200,9de41e72-ad84-4160-af68-c339f970a640,2026-07-24T18:00:00Z,2026-07-24T20:00:00+0200,175.572,MW,NL,NL,actual_offshore_wind_generation,Wind Offshore | Actual Aggregated,2026-08-07T04:53:21Z
2026-08-07T04:50:48Z,2026-08-07T06:50:48+0200,9de41e72-ad84-4160-af68-c339f970a640,2026-07-24T18:00:00Z,2026-07-24T20:00:00+0200,10.654,MW,NL,NL,actual_offshore_wind_generation,Wind Offshore | Actual Consumption,2026-08-07T04:53:21Z
2026-08-07T04:50:48Z,2026-08-07T06:50:48+0200,9de41e72-ad84-4160-af68-c339f970a640,2026-07-24T18:15:00Z,2026-07-24T20:15:00+0200,190.651,MW,NL,NL,actual_offshore_wind_generation,Wind Offshore | Actual Aggregated,2026-08-07T04:53:21Z
2026-08-07T04:50:48Z,2026-08-07T06:50:48+0200,9de41e72-ad84-4160-af68-c339f970a640,2026-07-24T18:15:00Z,2026-07-24T20:15:00+0200,7.031,MW,NL,NL,actual_offshore_wind_generation,Wind Offshore | Actual Consumption,2026-08-07T04:53:21Z
2026-08-07T04:50:48Z,2026-08-07T06:50:48+0200,9de41e72-ad84-4160-af68-c339f970a640,2026-07-24T18:30:00Z,2026-07-24T20:30:00+0200,189.607,MW,NL,NL,actual_offshore_wind_generation,Wind Offshore | Actual Aggregated,2026-08-07T04:53:21Z
2026-08-07T04:50:48Z,2026-08-07T06:50:48+0200,9de41e72-ad84-4160-af68-c339f970a640,2026-07-24T18:30:00Z,2026-07-24T20:30:00+0200,7.076,MW,NL,NL,actual_offshore_wind_generation,Wind Offshore | Actual Consumption,2026-08-07T04:53:21Z
2026-08-07T04:50:48Z,2026-08-07T06:50:48+0200,9de41e72-ad84-4160-af68-c339f970a640,2026-07-24T18:45:00Z,2026-07-24T20:45:00+0200,178.923,MW,NL,NL,actual_offshore_wind_generation,Wind Offshore | Actual Aggregated,2026-08-07T04:53:21Z
2026-08-07T04:50:48Z,2026-08-07T06:50:48+0200,9de41e72-ad84-4160-af68-c339f970a640,2026-07-24T18:45:00Z,2026-07-24T20:45:00+0200,10.608,MW,NL,NL,actual_offshore_wind_generation,Wind Offshore | Actual Consumption,2026-08-07T04:53:21Z
2026-08-07T04:50:48Z,2026-08-07T06:50:48+0200,9de41e72-ad84-4160-af68-c339f970a640,2026-07-24T19:00:00Z,2026-07-24T21:00:00+0200,171.851,MW,NL,NL,actual_offshore_wind_generation,Wind Offshore | Actual Aggregated,2026-08-07T04:53:21Z
2026-08-07T04:50:48Z,2026-08-07T06:50:48+0200,9de41e72-ad84-4160-af68-c339f970a640,2026-07-24T19:00:00Z,2026-07-24T21:00:00+0200,12.781,MW,NL,NL,actual_offshore_wind_generation,Wind Offshore | Actual Consumption,2026-08-07T04:53:21Z
2026-08-07T04:50:48Z,2026-08-07T06:50:48+0200,9de41e72-ad84-4160-af68-c339f970a640,2026-07-24T19:15:00Z,2026-07-24T21:15:00+0200,173.392,MW,NL,NL,actual_offshore_wind_generation,Wind Offshore | Actual Aggregated,2026-08-07T04:53:21Z
2026-08-07T04:50:48Z,2026-08-07T06:50:48+0200,9de41e72-ad84-4160-af68-c339f970a640,2026-07-24T19:15:00Z,2026-07-24T21:15:00+0200,11.962,MW,NL,NL,actual_offshore_wind_generation,Wind Offshore | Actual Consumption,2026-08-07T04:53:21Z
2026-08-07T04:50:48Z,2026-08-07T06:50:48+0200,9de41e72-ad84-4160-af68-c339f970a640,2026-07-24T19:30:00Z,2026-07-24T21:30:00+0200,208.951,MW,NL,NL,actual_offshore_wind_generation,Wind Offshore | Actual Aggregated,2026-08-07T04:53:21Z
2026-08-07T04:50:48Z,2026-08-07T06:50:48+0200,9de41e72-ad84-4160-af68-c339f970a640,2026-07-24T19:30:00Z,2026-07-24T21:30:00+0200,12.666,MW,NL,NL,actual_offshore_wind_generation,Wind Offshore | Actual Consumption,2026-08-07T04:53:21Z
2026-08-07T04:50:48Z,2026-08-07T06:50:48+0200,9de41e72-ad84-4160-af68-c339f970a640,2026-07-24T19:45:00Z,2026-07-24T21:45:00+0200,207.132,MW,NL,NL,actual_offshore_wind_generation,Wind Offshore | Actual Aggregated,2026-08-07T04:53:21Z
2026-08-07T04:50:48Z,2026-08-07T06:50:48+0200,9de41e72-ad84-4160-af68-c339f970a640,2026-07-24T19:45:00Z,2026-07-24T21:45:00+0200,12.091,MW,NL,NL,actual_offshore_wind_generation,Wind Offshore | Actual Consumption,2026-08-07T04:53:21Z
2026-08-07T04:50:48Z,2026-08-07T06:50:48+0200,9de41e72-ad84-4160-af68-c339f970a640,2026-07-24T20:00:00Z,2026-07-24T22:00:00+0200,193.588,MW,NL,NL,actual_offshore_wind_generation,Wind Offshore | Actual Aggregated,2026-08-07T04:53:21Z
2026-08-07T04:50:48Z,2026-08-07T06:50:48+0200,9de41e72-ad84-4160-af68-c339f970a640,2026-07-24T20:00:00Z,2026-07-24T22:00:00+0200,12.23,MW,NL,NL,actual_offshore_wind_generation,Wind Offshore | Actual Consumption,2026-08-07T04:53:21Z
2026-08-07T04:50:48Z,2026-08-07T06:50:48+0200,9de41e72-ad84-4160-af68-c339f970a640,2026-07-24T20:15:00Z,2026-07-24T22:15:00+0200,174.405,MW,NL,NL,actual_offshore_wind_generation,Wind Offshore | Actual Aggregated,2026-08-07T04:53:21Z
2026-08-07T04:50:48Z,2026-08-07T06:50:48+0200,9de41e72-ad84-4160-af68-c339f970a640,2026-07-24T20:15:00Z,2026-07-24T22:15:00+0200,13.077,MW,NL,NL,actual_offshore_wind_generation,Wind Offshore | Actual Consumption,2026-08-07T04:53:21Z
2026-08-07T04:50:48Z,2026-08-07T06:50:48+0200,9de41e72-ad84-4160-af68-c339f970a640,2026-07-24T20:30:00Z,2026-07-24T22:30:00+0200,168.992,MW,NL,NL,actual_offshore_wind_generation,Wind Offshore | Actual Aggregated,2026-08-07T04:53:21Z
2026-08-07T04:50:48Z,2026-08-07T06:50:48+0200,9de41e72-ad84-4160-af68-c339f970a640,2026-07-24T20:30:00Z,2026-07-24T22:30:00+0200,14.542,MW,NL,NL,actual_offshore_wind_generation,Wind Offshore | Actual Consumption,2026-08-07T04:53:21Z
2026-08-07T04:50:48Z,2026-08-07T06:50:48+0200,9de41e72-ad84-4160-af68-c339f970a640,2026-07-24T20:45:00Z,2026-07-24T22:45:00+0200,160.631,MW,NL,NL,actual_offshore_wind_generation,Wind Offshore | Actual Aggregated,2026-08-07T04:53:21Z
2026-08-07T04:50:48Z,2026-08-07T06:50:48+0200,9de41e72-ad84-4160-af68-c339f970a640,2026-07-24T20:45:00Z,2026-07-24T22:45:00+0200,17.402,MW,NL,NL,actual_offshore_wind_generation,Wind Offshore | Actual Consumption,2026-08-07T04:53:21Z
2026-08-07T04:50:48Z,2026-08-07T06:50:48+0200,9de41e72-ad84-4160-af68-c339f970a640,2026-07-24T21:00:00Z,2026-07-24T23:00:00+0200,172.381,MW,NL,NL,actual_offshore_wind_generation,Wind Offshore | Actual Aggregated,2026-08-07T04:53:21Z
2026-08-07T04:50:48Z,2026-08-07T06:50:48+0200,9de41e72-ad84-4160-af68-c339f970a640,2026-07-24T21:00:00Z,2026-07-24T23:00:00+0200,18.784,MW,NL,NL,actual_offshore_wind_generation,Wind Offshore | Actual Consumption,2026-08-07T04:53:21Z
2026-08-07T04:50:48Z,2026-08-07T06:50:48+0200,9de41e72-ad84-4160-af68-c339f970a640,2026-07-24T21:15:00Z,2026-07-24T23:15:00+0200,198.43,MW,NL,NL,actual_offshore_wind_generation,Wind Offshore | Actual Aggregated,2026-08-07T04:53:21Z
2026-08-07T04:50:48Z,2026-08-07T06:50:48+0200,9de41e72-ad84-4160-af68-c339f970a640,2026-07-24T21:15:00Z,2026-07-24T23:15:00+0200,17.334,MW,NL,NL,actual_offshore_wind_generation,Wind Offshore | Actual Consumption,2026-08-07T04:53:21Z
2026-08-07T04:50:48Z,2026-08-07T06:50:48+0200,9de41e72-ad84-4160-af68-c339f970a640,2026-07-24T21:30:00Z,2026-07-24T23:30:00+0200,195.013,MW,NL,NL,actual_offshore_wind_generation,Wind Offshore | Actual Aggregated,2026-08-07T04:53:21Z
2026-08-07T04:50:48Z,2026-08-07T06:50:48+0200,9de41e72-ad84-4160-af68-c339f970a640,2026-07-24T21:30:00Z,2026-07-24T23:30:00+0200,18.076,MW,NL,NL,actual_offshore_wind_generation,Wind Offshore | Actual Consumption,2026-08-07T04:53:21Z
2026-08-07T04:50:48Z,2026-08-07T06:50:48+0200,9de41e72-ad84-4160-af68-c339f970a640,2026-07-24T21:45:00Z,2026-07-24T23:45:00+0200,183.659,MW,NL,NL,actual_offshore_wind_generation,Wind Offshore | Actual Aggregated,2026-08-07T04:53:21Z
2026-08-07T04:50:48Z,2026-08-07T06:50:48+0200,9de41e72-ad84-4160-af68-c339f970a640,2026-07-24T21:45:00Z,2026-07-24T23:45:00+0200,17.583,MW,NL,NL,actual_offshore_wind_generation,Wind Offshore | Actual Consumption,2026-08-07T04:53:21Z
2026-08-07T04:50:48Z,2026-08-07T06:50:48+0200,9de41e72-ad84-4160-af68-c339f970a640,2026-07-24T22:00:00Z,2026-07-25T00:00:00+0200,177.874,MW,NL,NL,actual_offshore_wind_generation,Wind Offshore | Actual Aggregated,2026-08-07T04:53:21Z
2026-08-07T04:50:48Z,2026-08-07T06:50:48+0200,9de41e72-ad84-4160-af68-c339f970a640,2026-07-24T22:00:00Z,2026-07-25T00:00:00+0200,17.015,MW,NL,NL,actual_offshore_wind_generation,Wind Offshore | Actual Consumption,2026-08-07T04:53:21Z
2026-08-07T04:50:48Z,2026-08-07T06:50:48+0200,9de41e72-ad84-4160-af68-c339f970a640,2026-07-24T22:15:00Z,2026-07-25T00:15:00+0200,172.552,MW,NL,NL,actual_offshore_wind_generation,Wind Offshore | Actual Aggregated,2026-08-07T04:53:21Z
2026-08-07T04:50:48Z,2026-08-07T06:50:48+0200,9de41e72-ad84-4160-af68-c339f970a640,2026-07-24T22:15:00Z,2026-07-25T00:15:00+0200,14.972,MW,NL,NL,actual_offshore_wind_generation,Wind Offshore | Actual Consumption,2026-08-07T04:53:21Z
2026-08-07T04:50:48Z,2026-08-07T06:50:48+0200,9de41e72-ad84-4160-af68-c339f970a640,2026-07-24T22:30:00Z,2026-07-25T00:30:00+0200,168.812,MW,NL,NL,actual_offshore_wind_generation,Wind Offshore | Actual Aggregated,2026-08-07T04:53:21Z
2026-08-07T04:50:48Z,2026-08-07T06:50:48+0200,9de41e72-ad84-4160-af68-c339f970a640,2026-07-24T22:30:00Z,2026-07-25T00:30:00+0200,14.411,MW,NL,NL,actual_offshore_wind_generation,Wind Offshore | Actual Consumption,2026-08-07T04:53:21Z
2026-08-07T04:50:48Z,2026-08-07T06:50:48+0200,9de41e72-ad84-4160-af68-c339f970a640,2026-07-24T22:45:00Z,2026-07-25T00:45:00+0200,164.76,MW,NL,NL,actual_offshore_wind_generation,Wind Offshore | Actual Aggregated,2026-08-07T04:53:21Z
2026-08-07T04:50:48Z,2026-08-07T06:50:48+0200,9de41e72-ad84-4160-af68-c339f970a640,2026-07-24T22:45:00Z,2026-07-25T00:45:00+0200,13.959,MW,NL,NL,actual_offshore_wind_generation,Wind Offshore | Actual Consumption,2026-08-07T04:53:21Z
2026-08-07T04:50:48Z,2026-08-07T06:50:48+0200,9de41e72-ad84-4160-af68-c339f970a640,2026-07-24T23:00:00Z,2026-07-25T01:00:00+0200,152.895,MW,NL,NL,actual_offshore_wind_generation,Wind Offshore | Actual Aggregated,2026-08-07T04:53:21Z
2026-08-07T04:50:48Z,2026-08-07T06:50:48+0200,9de41e72-ad84-4160-af68-c339f970a640,2026-07-24T23:00:00Z,2026-07-25T01:00:00+0200,12.596,MW,NL,NL,actual_offshore_wind_generation,Wind Offshore | Actual Consumption,2026-08-07T04:53:21Z
2026-08-07T04:50:48Z,2026-08-07T06:50:48+0200,9de41e72-ad84-4160-af68-c339f970a640,2026-07-24T23:15:00Z,2026-07-25T01:15:00+0200,134.94,MW,NL,NL,actual_offshore_wind_generation,Wind Offshore | Actual Aggregated,2026-08-07T04:53:21Z
2026-08-07T04:50:48Z,2026-08-07T06:50:48+0200,9de41e72-ad84-4160-af68-c339f970a640,2026-07-24T23:15:00Z,2026-07-25T01:15:00+0200,15.044,MW,NL,NL,actual_offshore_wind_generation,Wind Offshore | Actual Consumption,2026-08-07T04:53:21Z
2026-08-07T04:50:48Z,2026-08-07T06:50:48+0200,9de41e72-ad84-4160-af68-c339f970a640,2026-07-24T23:30:00Z,2026-07-25T01:30:00+0200,126.342,MW,NL,NL,actual_offshore_wind_generation,Wind Offshore | Actual Aggregated,2026-08-07T04:53:21Z
2026-08-07T04:50:48Z,2026-08-07T06:50:48+0200,9de41e72-ad84-4160-af68-c339f970a640,2026-07-24T23:30:00Z,2026-07-25T01:30:00+0200,12.321,MW,NL,NL,actual_offshore_wind_generation,Wind Offshore | Actual Consumption,2026-08-07T04:53:21Z
2026-08-07T04:50:48Z,2026-08-07T06:50:48+0200,9de41e72-ad84-4160-af68-c339f970a640,2026-07-24T23:45:00Z,2026-07-25T01:45:00+0200,137.827,MW,NL,NL,actual_offshore_wind_generation,Wind Offshore | Actual Aggregated,2026-08-07T04:53:21Z
2026-08-07T04:50:48Z,2026-08-07T06:50:48+0200,9de41e72-ad84-4160-af68-c339f970a640,2026-07-24T23:45:00Z,2026-07-25T01:45:00+0200,9.65,MW,NL,NL,actual_offshore_wind_generation,Wind Offshore | Actual Consumption,2026-08-07T04:53:21Z
2026-08-07T04:50:48Z,2026-08-07T06:50:48+0200,9de41e72-ad84-4160-af68-c339f970a640,2026-07-25T00:00:00Z,2026-07-25T02:00:00+0200,145.017,MW,NL,NL,actual_offshore_wind_generation,Wind Offshore | Actual Aggregated,2026-08-07T04:53:21Z
2026-08-07T04:50:48Z,2026-08-07T06:50:48+0200,9de41e72-ad84-4160-af68-c339f970a640,2026-07-25T00:00:00Z,2026-07-25T02:00:00+0200,6.947,MW,NL,NL,actual_offshore_wind_generation,Wind Offshore | Actual Consumption,2026-08-07T04:53:21Z
2026-08-07T04:50:48Z,2026-08-07T06:50:48+0200,9de41e72-ad84-4160-af68-c339f970a640,2026-07-25T00:15:00Z,2026-07-25T02:15:00+0200,142.265,MW,NL,NL,actual_offshore_wind_generation,Wind Offshore | Actual Aggregated,2026-08-07T04:53:21Z
2026-08-07T04:50:48Z,2026-08-07T06:50:48+0200,9de41e72-ad84-4160-af68-c339f970a640,2026-07-25T00:15:00Z,2026-07-25T02:15:00+0200,5.567,MW,NL,NL,actual_offshore_wind_generation,Wind Offshore | Actual Consumption,2026-08-07T04:53:21Z
2026-08-07T04:50:48Z,2026-08-07T06:50:48+0200,9de41e72-ad84-4160-af68-c339f970a640,2026-07-25T00:30:00Z,2026-07-25T02:30:00+0200,162.037,MW,NL,NL,actual_offshore_wind_generation,Wind Offshore | Actual Aggregated,2026-08-07T04:53:21Z
2026-08-07T04:50:48Z,2026-08-07T06:50:48+0200,9de41e72-ad84-4160-af68-c339f970a640,2026-07-25T00:30:00Z,2026-07-25T02:30:00+0200,4.934,MW,NL,NL,actual_offshore_wind_generation,Wind Offshore | Actual Consumption,2026-08-07T04:53:21Z
2026-08-07T04:50:48Z,2026-08-07T06:50:48+0200,9de41e72-ad84-4160-af68-c339f970a640,2026-07-25T00:45:00Z,2026-07-25T02:45:00+0200,190.607,MW,NL,NL,actual_offshore_wind_generation,Wind Offshore | Actual Aggregated,2026-08-07T04:53:21Z
2026-08-07T04:50:48Z,2026-08-07T06:50:48+0200,9de41e72-ad84-4160-af68-c339f970a640,2026-07-25T00:45:00Z,2026-07-25T02:45:00+0200,1.308,MW,NL,NL,actual_offshore_wind_generation,Wind Offshore | Actual Consumption,2026-08-07T04:53:21Z
2026-08-07T04:50:48Z,2026-08-07T06:50:48+0200,9de41e72-ad84-4160-af68-c339f970a640,2026-07-25T01:00:00Z,2026-07-25T03:00:00+0200,232.89,MW,NL,NL,actual_offshore_wind_generation,Wind Offshore | Actual Aggregated,2026-08-07T04:53:21Z
2026-08-07T04:50:48Z,2026-08-07T06:50:48+0200,9de41e72-ad84-4160-af68-c339f970a640,2026-07-25T01:00:00Z,2026-07-25T03:00:00+0200,0.441,MW,NL,NL,actual_offshore_wind_generation,Wind Offshore | Actual Consumption,2026-08-07T04:53:21Z
2026-08-07T04:50:48Z,2026-08-07T06:50:48+0200,9de41e72-ad84-4160-af68-c339f970a640,2026-07-25T01:15:00Z,2026-07-25T03:15:00+0200,274.52,MW,NL,NL,actual_offshore_wind_generation,Wind Offshore | Actual Aggregated,2026-08-07T04:53:21Z
2026-08-07T04:50:48Z,2026-08-07T06:50:48+0200,9de41e72-ad84-4160-af68-c339f970a640,2026-07-25T01:15:00Z,2026-07-25T03:15:00+0200,1.01,MW,NL,NL,actual_offshore_wind_generation,Wind Offshore | Actual Consumption,2026-08-07T04:53:21Z
2026-08-07T04:50:48Z,2026-08-07T06:50:48+0200,9de41e72-ad84-4160-af68-c339f970a640,2026-07-25T01:30:00Z,2026-07-25T03:30:00+0200,324.406,MW,NL,NL,actual_offshore_wind_generation,Wind Offshore | Actual Aggregated,2026-08-07T04:53:21Z
2026-08-07T04:50:48Z,2026-08-07T06:50:48+0200,9de41e72-ad84-4160-af68-c339f970a640,2026-07-25T01:30:00Z,2026-07-25T03:30:00+0200,1.005,MW,NL,NL,actual_offshore_wind_generation,Wind Offshore | Actual Consumption,2026-08-07T04:53:21Z
2026-08-07T04:50:48Z,2026-08-07T06:50:48+0200,9de41e72-ad84-4160-af68-c339f970a640,2026-07-25T01:45:00Z,2026-07-25T03:45:00+0200,379.715,MW,NL,NL,actual_offshore_wind_generation,Wind Offshore | Actual Aggregated,2026-08-07T04:53:21Z
2026-08-07T04:50:48Z,2026-08-07T06:50:48+0200,9de41e72-ad84-4160-af68-c339f970a640,2026-07-25T01:45:00Z,2026-07-25T03:45:00+0200,0.491,MW,NL,NL,actual_offshore_wind_generation,Wind Offshore | Actual Consumption,2026-08-07T04:53:21Z
2026-08-07T04:50:48Z,2026-08-07T06:50:48+0200,9de41e72-ad84-4160-af68-c339f970a640,2026-07-25T02:00:00Z,2026-07-25T04:00:00+0200,404.513,MW,NL,NL,actual_offshore_wind_generation,Wind Offshore | Actual Aggregated,2026-08-07T04:53:21Z
2026-08-07T04:50:48Z,2026-08-07T06:50:48+0200,9de41e72-ad84-4160-af68-c339f970a640,2026-07-25T02:00:00Z,2026-07-25T04:00:00+0200,0.183,MW,NL,NL,actual_offshore_wind_generation,Wind Offshore | Actual Consumption,2026-08-07T04:53:21Z
2026-08-07T04:50:48Z,2026-08-07T06:50:48+0200,9de41e72-ad84-4160-af68-c339f970a640,2026-07-25T02:15:00Z,2026-07-25T04:15:00+0200,419.4,MW,NL,NL,actual_offshore_wind_generation,Wind Offshore | Actual Aggregated,2026-08-07T04:53:21Z
2026-08-07T04:50:48Z,2026-08-07T06:50:48+0200,9de41e72-ad84-4160-af68-c339f970a640,2026-07-25T02:15:00Z,2026-07-25T04:15:00+0200,0.877,MW,NL,NL,actual_offshore_wind_generation,Wind Offshore | Actual Consumption,2026-08-07T04:53:21Z
2026-08-07T04:50:48Z,2026-08-07T06:50:48+0200,9de41e72-ad84-4160-af68-c339f970a640,2026-07-25T02:30:00Z,2026-07-25T04:30:00+0200,435.254,MW,NL,NL,actual_offshore_wind_generation,Wind Offshore | Actual Aggregated,2026-08-07T04:53:21Z
2026-08-07T04:50:48Z,2026-08-07T06:50:48+0200,9de41e72-ad84-4160-af68-c339f970a640,2026-07-25T02:30:00Z,2026-07-25T04:30:00+0200,1.089,MW,NL,NL,actual_offshore_wind_generation,Wind Offshore | Actual Consumption,2026-08-07T04:53:21Z
2026-08-07T04:50:48Z,2026-08-07T06:50:48+0200,9de41e72-ad84-4160-af68-c339f970a640,2026-07-25T02:45:00Z,2026-07-25T04:45:00+0200,434.304,MW,NL,NL,actual_offshore_wind_generation,Wind Offshore | Actual Aggregated,2026-08-07T04:53:21Z
2026-08-07T04:50:48Z,2026-08-07T06:50:48+0200,9de41e72-ad84-4160-af68-c339f970a640,2026-07-25T02:45:00Z,2026-07-25T04:45:00+0200,1.381,MW,NL,NL,actual_offshore_wind_generation,Wind Offshore | Actual Consumption,2026-08-07T04:53:21Z
2026-08-07T04:50:48Z,2026-08-07T06:50:48+0200,9de41e72-ad84-4160-af68-c339f970a640,2026-07-25T03:00:00Z,2026-07-25T05:00:00+0200,404.811,MW,NL,NL,actual_offshore_wind_generation,Wind Offshore | Actual Aggregated,2026-08-07T04:53:21Z
2026-08-07T04:50:48Z,2026-08-07T06:50:48+0200,9de41e72-ad84-4160-af68-c339f970a640,2026-07-25T03:00:00Z,2026-07-25T05:00:00+0200,1.669,MW,NL,NL,actual_offshore_wind_generation,Wind Offshore | Actual Consumption,2026-08-07T04:53:21Z
2026-08-07T04:50:48Z,2026-08-07T06:50:48+0200,9de41e72-ad84-4160-af68-c339f970a640,2026-07-25T03:15:00Z,2026-07-25T05:15:00+0200,364.46,MW,NL,NL,actual_offshore_wind_generation,Wind Offshore | Actual Aggregated,2026-08-07T04:53:21Z
2026-08-07T04:50:48Z,2026-08-07T06:50:48+0200,9de41e72-ad84-4160-af68-c339f970a640,2026-07-25T03:15:00Z,2026-07-25T05:15:00+0200,2.826,MW,NL,NL,actual_offshore_wind_generation,Wind Offshore | Actual Consumption,2026-08-07T04:53:21Z
2026-08-07T04:50:48Z,2026-08-07T06:50:48+0200,9de41e72-ad84-4160-af68-c339f970a640,2026-07-25T03:30:00Z,2026-07-25T05:30:00+0200,320.552,MW,NL,NL,actual_offshore_wind_generation,Wind Offshore | Actual Aggregated,2026-08-07T04:53:21Z
2026-08-07T04:50:48Z,2026-08-07T06:50:48+0200,9de41e72-ad84-4160-af68-c339f970a640,2026-07-25T03:30:00Z,2026-07-25T05:30:00+0200,3.788,MW,NL,NL,actual_offshore_wind_generation,Wind Offshore | Actual Consumption,2026-08-07T04:53:21Z
2026-08-07T04:50:48Z,2026-08-07T06:50:48+0200,9de41e72-ad84-4160-af68-c339f970a640,2026-07-25T03:45:00Z,2026-07-25T05:45:00+0200,308.436,MW,NL,NL,actual_offshore_wind_generation,Wind Offshore | Actual Aggregated,2026-08-07T04:53:21Z
2026-08-07T04:50:48Z,2026-08-07T06:50:48+0200,9de41e72-ad84-4160-af68-c339f970a640,2026-07-25T03:45:00Z,2026-07-25T05:45:00+0200,5.969,MW,NL,NL,actual_offshore_wind_generation,Wind Offshore | Actual Consumption,2026-08-07T04:53:21Z
2026-08-07T04:50:48Z,2026-08-07T06:50:48+0200,9de41e72-ad84-4160-af68-c339f970a640,2026-07-25T04:00:00Z,2026-07-25T06:00:00+0200,340.579,MW,NL,NL,actual_offshore_wind_generation,Wind Offshore | Actual Aggregated,2026-08-07T04:53:21Z
2026-08-07T04:50:48Z,2026-08-07T06:50:48+0200,9de41e72-ad84-4160-af68-c339f970a640,2026-07-25T04:00:00Z,2026-07-25T06:00:00+0200,4.784,MW,NL,NL,actual_offshore_wind_generation,Wind Offshore | Actual Consumption,2026-08-07T04:53:21Z
2026-08-07T04:50:48Z,2026-08-07T06:50:48+0200,9de41e72-ad84-4160-af68-c339f970a640,2026-07-25T04:15:00Z,2026-07-25T06:15:00+0200,401.783,MW,NL,NL,actual_offshore_wind_generation,Wind Offshore | Actual Aggregated,2026-08-07T04:53:21Z
2026-08-07T04:50:48Z,2026-08-07T06:50:48+0200,9de41e72-ad84-4160-af68-c339f970a640,2026-07-25T04:15:00Z,2026-07-25T06:15:00+0200,4.342,MW,NL,NL,actual_offshore_wind_generation,Wind Offshore | Actual Consumption,2026-08-07T04:53:21Z
2026-08-07T04:50:48Z,2026-08-07T06:50:48+0200,9de41e72-ad84-4160-af68-c339f970a640,2026-07-25T04:30:00Z,2026-07-25T06:30:00+0200,444.295,MW,NL,NL,actual_offshore_wind_generation,Wind Offshore | Actual Aggregated,2026-08-07T04:53:21Z
2026-08-07T04:50:48Z,2026-08-07T06:50:48+0200,9de41e72-ad84-4160-af68-c339f970a640,2026-07-25T04:30:00Z,2026-07-25T06:30:00+0200,5.037,MW,NL,NL,actual_offshore_wind_generation,Wind Offshore | Actual Consumption,2026-08-07T04:53:21Z
2026-08-07T04:50:48Z,2026-08-07T06:50:48+0200,9de41e72-ad84-4160-af68-c339f970a640,2026-07-25T04:45:00Z,2026-07-25T06:45:00+0200,494.063,MW,NL,NL,actual_offshore_wind_generation,Wind Offshore | Actual Aggregated,2026-08-07T04:53:21Z
2026-08-07T04:50:48Z,2026-08-07T06:50:48+0200,9de41e72-ad84-4160-af68-c339f970a640,2026-07-25T04:45:00Z,2026-07-25T06:45:00+0200,6.935,MW,NL,NL,actual_offshore_wind_generation,Wind Offshore | Actual Consumption,2026-08-07T04:53:21Z
2026-08-07T04:50:48Z,2026-08-07T06:50:48+0200,9de41e72-ad84-4160-af68-c339f970a640,2026-07-25T05:00:00Z,2026-07-25T07:00:00+0200,497.078,MW,NL,NL,actual_offshore_wind_generation,Wind Offshore | Actual Aggregated,2026-08-07T04:53:21Z
2026-08-07T04:50:48Z,2026-08-07T06:50:48+0200,9de41e72-ad84-4160-af68-c339f970a640,2026-07-25T05:00:00Z,2026-07-25T07:00:00+0200,6.642,MW,NL,NL,actual_offshore_wind_generation,Wind Offshore | Actual Consumption,2026-08-07T04:53:21Z
2026-08-07T04:50:48Z,2026-08-07T06:50:48+0200,9de41e72-ad84-4160-af68-c339f970a640,2026-07-25T05:15:00Z,2026-07-25T07:15:00+0200,490.562,MW,NL,NL,actual_offshore_wind_generation,Wind Offshore | Actual Aggregated,2026-08-07T04:53:21Z
2026-08-07T04:50:48Z,2026-08-07T06:50:48+0200,9de41e72-ad84-4160-af68-c339f970a640,2026-07-25T05:15:00Z,2026-07-25T07:15:00+0200,6.037,MW,NL,NL,actual_offshore_wind_generation,Wind Offshore | Actual Consumption,2026-08-07T04:53:21Z
2026-08-07T04:50:48Z,2026-08-07T06:50:48+0200,9de41e72-ad84-4160-af68-c339f970a640,2026-07-25T05:30:00Z,2026-07-25T07:30:00+0200,523.343,MW,NL,NL,actual_offshore_wind_generation,Wind Offshore | Actual Aggregated,2026-08-07T04:53:21Z
2026-08-07T04:50:48Z,2026-08-07T06:50:48+0200,9de41e72-ad84-4160-af68-c339f970a640,2026-07-25T05:30:00Z,2026-07-25T07:30:00+0200,4.306,MW,NL,NL,actual_offshore_wind_generation,Wind Offshore | Actual Consumption,2026-08-07T04:53:21Z
2026-08-07T04:50:48Z,2026-08-07T06:50:48+0200,9de41e72-ad84-4160-af68-c339f970a640,2026-07-25T05:45:00Z,2026-07-25T07:45:00+0200,400.965,MW,NL,NL,actual_offshore_wind_generation,Wind Offshore | Actual Aggregated,2026-08-07T04:53:21Z
2026-08-07T04:50:48Z,2026-08-07T06:50:48+0200,9de41e72-ad84-4160-af68-c339f970a640,2026-07-25T05:45:00Z,2026-07-25T07:45:00+0200,1.494,MW,NL,NL,actual_offshore_wind_generation,Wind Offshore | Actual Consumption,2026-08-07T04:53:21Z
2026-08-07T04:50:48Z,2026-08-07T06:50:48+0200,9de41e72-ad84-4160-af68-c339f970a640,2026-07-25T06:00:00Z,2026-07-25T08:00:00+0200,240.986,MW,NL,NL,actual_offshore_wind_generation,Wind Offshore | Actual Aggregated,2026-08-07T04:53:21Z
2026-08-07T04:50:48Z,2026-08-07T06:50:48+0200,9de41e72-ad84-4160-af68-c339f970a640,2026-07-25T06:00:00Z,2026-07-25T08:00:00+0200,2.916,MW,NL,NL,actual_offshore_wind_generation,Wind Offshore | Actual Consumption,2026-08-07T04:53:21Z
2026-08-07T04:50:48Z,2026-08-07T06:50:48+0200,9de41e72-ad84-4160-af68-c339f970a640,2026-07-25T06:15:00Z,2026-07-25T08:15:00+0200,196.28,MW,NL,NL,actual_offshore_wind_generation,Wind Offshore | Actual Aggregated,2026-08-07T04:53:21Z
2026-08-07T04:50:48Z,2026-08-07T06:50:48+0200,9de41e72-ad84-4160-af68-c339f970a640,2026-07-25T06:15:00Z,2026-07-25T08:15:00+0200,6.252,MW,NL,NL,actual_offshore_wind_generation,Wind Offshore | Actual Consumption,2026-08-07T04:53:21Z
2026-08-07T04:50:48Z,2026-08-07T06:50:48+0200,9de41e72-ad84-4160-af68-c339f970a640,2026-07-25T06:30:00Z,2026-07-25T08:30:00+0200,190.006,MW,NL,NL,actual_offshore_wind_generation,Wind Offshore | Actual Aggregated,2026-08-07T04:53:21Z
2026-08-07T04:50:48Z,2026-08-07T06:50:48+0200,9de41e72-ad84-4160-af68-c339f970a640,2026-07-25T06:30:00Z,2026-07-25T08:30:00+0200,9.517,MW,NL,NL,actual_offshore_wind_generation,Wind Offshore | Actual Consumption,2026-08-07T04:53:21Z
2026-08-07T04:50:48Z,2026-08-07T06:50:48+0200,9de41e72-ad84-4160-af68-c339f970a640,2026-07-25T06:45:00Z,2026-07-25T08:45:00+0200,195.189,MW,NL,NL,actual_offshore_wind_generation,Wind Offshore | Actual Aggregated,2026-08-07T04:53:21Z
2026-08-07T04:50:48Z,2026-08-07T06:50:48+0200,9de41e72-ad84-4160-af68-c339f970a640,2026-07-25T06:45:00Z,2026-07-25T08:45:00+0200,9.112,MW,NL,NL,actual_offshore_wind_generation,Wind Offshore | Actual Consumption,2026-08-07T04:53:21Z
2026-08-07T04:50:48Z,2026-08-07T06:50:48+0200,9de41e72-ad84-4160-af68-c339f970a640,2026-07-25T07:00:00Z,2026-07-25T09:00:00+0200,172.246,MW,NL,NL,actual_offshore_wind_generation,Wind Offshore | Actual Aggregated,2026-08-07T04:53:21Z
2026-08-07T04:50:48Z,2026-08-07T06:50:48+0200,9de41e72-ad84-4160-af68-c339f970a640,2026-07-25T07:00:00Z,2026-07-25T09:00:00+0200,8.801,MW,NL,NL,actual_offshore_wind_generation,Wind Offshore | Actual Consumption,2026-08-07T04:53:21Z
2026-08-07T04:50:48Z,2026-08-07T06:50:48+0200,9de41e72-ad84-4160-af68-c339f970a640,2026-07-25T07:15:00Z,2026-07-25T09:15:00+0200,99.618,MW,NL,NL,actual_offshore_wind_generation,Wind Offshore | Actual Aggregated,2026-08-07T04:53:21Z
2026-08-07T04:50:48Z,2026-08-07T06:50:48+0200,9de41e72-ad84-4160-af68-c339f970a640,2026-07-25T07:15:00Z,2026-07-25T09:15:00+0200,13.875,MW,NL,NL,actual_offshore_wind_generation,Wind Offshore | Actual Consumption,2026-08-07T04:53:21Z
2026-08-07T04:50:48Z,2026-08-07T06:50:48+0200,9de41e72-ad84-4160-af68-c339f970a640,2026-07-25T07:30:00Z,2026-07-25T09:30:00+0200,89.629,MW,NL,NL,actual_offshore_wind_generation,Wind Offshore | Actual Aggregated,2026-08-07T04:53:21Z
2026-08-07T04:50:48Z,2026-08-07T06:50:48+0200,9de41e72-ad84-4160-af68-c339f970a640,2026-07-25T07:30:00Z,2026-07-25T09:30:00+0200,15.375,MW,NL,NL,actual_offshore_wind_generation,Wind Offshore | Actual Consumption,2026-08-07T04:53:21Z
2026-08-07T04:50:48Z,2026-08-07T06:50:48+0200,9de41e72-ad84-4160-af68-c339f970a640,2026-07-25T07:45:00Z,2026-07-25T09:45:00+0200,91.525,MW,NL,NL,actual_offshore_wind_generation,Wind Offshore | Actual Aggregated,2026-08-07T04:53:21Z
2026-08-07T04:50:48Z,2026-08-07T06:50:48+0200,9de41e72-ad84-4160-af68-c339f970a640,2026-07-25T07:45:00Z,2026-07-25T09:45:00+0200,13.804,MW,NL,NL,actual_offshore_wind_generation,Wind Offshore | Actual Consumption,2026-08-07T04:53:21Z
2026-08-07T04:50:48Z,2026-08-07T06:50:48+0200,9de41e72-ad84-4160-af68-c339f970a640,2026-07-25T08:00:00Z,2026-07-25T10:00:00+0200,92.484,MW,NL,NL,actual_offshore_wind_generation,Wind Offshore | Actual Aggregated,2026-08-07T04:53:21Z
2026-08-07T04:50:48Z,2026-08-07T06:50:48+0200,9de41e72-ad84-4160-af68-c339f970a640,2026-07-25T08:00:00Z,2026-07-25T10:00:00+0200,12.943,MW,NL,NL,actual_offshore_wind_generation,Wind Offshore | Actual Consumption,2026-08-07T04:53:21Z
2026-08-07T04:50:48Z,2026-08-07T06:50:48+0200,9de41e72-ad84-4160-af68-c339f970a640,2026-07-25T08:15:00Z,2026-07-25T10:15:00+0200,122.629,MW,NL,NL,actual_offshore_wind_generation,Wind Offshore | Actual Aggregated,2026-08-07T04:53:21Z
2026-08-07T04:50:48Z,2026-08-07T06:50:48+0200,9de41e72-ad84-4160-af68-c339f970a640,2026-07-25T08:15:00Z,2026-07-25T10:15:00+0200,12.231,MW,NL,NL,actual_offshore_wind_generation,Wind Offshore | Actual Consumption,2026-08-07T04:53:21Z
2026-08-07T04:50:48Z,2026-08-07T06:50:48+0200,9de41e72-ad84-4160-af68-c339f970a640,2026-07-25T08:30:00Z,2026-07-25T10:30:00+0200,262.227,MW,NL,NL,actual_offshore_wind_generation,Wind Offshore | Actual Aggregated,2026-08-07T04:53:21Z
2026-08-07T04:50:48Z,2026-08-07T06:50:48+0200,9de41e72-ad84-4160-af68-c339f970a640,2026-07-25T08:30:00Z,2026-07-25T10:30:00+0200,8.162,MW,NL,NL,actual_offshore_wind_generation,Wind Offshore | Actual Consumption,2026-08-07T04:53:21Z
2026-08-07T04:50:48Z,2026-08-07T06:50:48+0200,9de41e72-ad84-4160-af68-c339f970a640,2026-07-25T08:45:00Z,2026-07-25T10:45:00+0200,321.216,MW,NL,NL,actual_offshore_wind_generation,Wind Offshore | Actual Aggregated,2026-08-07T04:53:21Z
2026-08-07T04:50:48Z,2026-08-07T06:50:48+0200,9de41e72-ad84-4160-af68-c339f970a640,2026-07-25T08:45:00Z,2026-07-25T10:45:00+0200,5.888,MW,NL,NL,actual_offshore_wind_generation,Wind Offshore | Actual Consumption,2026-08-07T04:53:21Z
2026-08-07T04:50:48Z,2026-08-07T06:50:48+0200,9de41e72-ad84-4160-af68-c339f970a640,2026-07-25T09:00:00Z,2026-07-25T11:00:00+0200,258.957,MW,NL,NL,actual_offshore_wind_generation,Wind Offshore | Actual Aggregated,2026-08-07T04:53:21Z
2026-08-07T04:50:48Z,2026-08-07T06:50:48+0200,9de41e72-ad84-4160-af68-c339f970a640,2026-07-25T09:00:00Z,2026-07-25T11:00:00+0200,3.112,MW,NL,NL,actual_offshore_wind_generation,Wind Offshore | Actual Consumption,2026-08-07T04:53:21Z
2026-08-07T04:50:48Z,2026-08-07T06:50:48+0200,9de41e72-ad84-4160-af68-c339f970a640,2026-07-25T09:15:00Z,2026-07-25T11:15:00+0200,205.325,MW,NL,NL,actual_offshore_wind_generation,Wind Offshore | Actual Aggregated,2026-08-07T04:53:21Z
2026-08-07T04:50:48Z,2026-08-07T06:50:48+0200,9de41e72-ad84-4160-af68-c339f970a640,2026-07-25T09:15:00Z,2026-07-25T11:15:00+0200,2.907,MW,NL,NL,actual_offshore_wind_generation,Wind Offshore | Actual Consumption,2026-08-07T04:53:21Z
2026-08-07T04:50:48Z,2026-08-07T06:50:48+0200,9de41e72-ad84-4160-af68-c339f970a640,2026-07-25T09:30:00Z,2026-07-25T11:30:00+0200,219.759,MW,NL,NL,actual_offshore_wind_generation,Wind Offshore | Actual Aggregated,2026-08-07T04:53:21Z
2026-08-07T04:50:48Z,2026-08-07T06:50:48+0200,9de41e72-ad84-4160-af68-c339f970a640,2026-07-25T09:30:00Z,2026-07-25T11:30:00+0200,3.42,MW,NL,NL,actual_offshore_wind_generation,Wind Offshore | Actual Consumption,2026-08-07T04:53:21Z
2026-08-07T04:50:48Z,2026-08-07T06:50:48+0200,9de41e72-ad84-4160-af68-c339f970a640,2026-07-25T09:45:00Z,2026-07-25T11:45:00+0200,241.102,MW,NL,NL,actual_offshore_wind_generation,Wind Offshore | Actual Aggregated,2026-08-07T04:53:21Z
2026-08-07T04:50:48Z,2026-08-07T06:50:48+0200,9de41e72-ad84-4160-af68-c339f970a640,2026-07-25T09:45:00Z,2026-07-25T11:45:00+0200,8.11,MW,NL,NL,actual_offshore_wind_generation,Wind Offshore | Actual Consumption,2026-08-07T04:53:21Z
2026-08-07T04:50:48Z,2026-08-07T06:50:48+0200,9de41e72-ad84-4160-af68-c339f970a640,2026-07-25T10:00:00Z,2026-07-25T12:00:00+0200,285.956,MW,NL,NL,actual_offshore_wind_generation,Wind Offshore | Actual Aggregated,2026-08-07T04:53:21Z
2026-08-07T04:50:48Z,2026-08-07T06:50:48+0200,9de41e72-ad84-4160-af68-c339f970a640,2026-07-25T10:00:00Z,2026-07-25T12:00:00+0200,7.28,MW,NL,NL,actual_offshore_wind_generation,Wind Offshore | Actual Consumption,2026-08-07T04:53:21Z
2026-08-07T04:50:48Z,2026-08-07T06:50:48+0200,9de41e72-ad84-4160-af68-c339f970a640,2026-07-25T10:15:00Z,2026-07-25T12:15:00+0200,275.081,MW,NL,NL,actual_offshore_wind_generation,Wind Offshore | Actual Aggregated,2026-08-07T04:53:21Z
2026-08-07T04:50:48Z,2026-08-07T06:50:48+0200,9de41e72-ad84-4160-af68-c339f970a640,2026-07-25T10:15:00Z,2026-07-25T12:15:00+0200,6.923,MW,NL,NL,actual_offshore_wind_generation,Wind Offshore | Actual Consumption,2026-08-07T04:53:21Z
2026-08-07T04:50:48Z,2026-08-07T06:50:48+0200,9de41e72-ad84-4160-af68-c339f970a640,2026-07-25T10:30:00Z,2026-07-25T12:30:00+0200,265.566,MW,NL,NL,actual_offshore_wind_generation,Wind Offshore | Actual Aggregated,2026-08-07T04:53:21Z
2026-08-07T04:50:48Z,2026-08-07T06:50:48+0200,9de41e72-ad84-4160-af68-c339f970a640,2026-07-25T10:30:00Z,2026-07-25T12:30:00+0200,7.723,MW,NL,NL,actual_offshore_wind_generation,Wind Offshore | Actual Consumption,2026-08-07T04:53:21Z
2026-08-07T04:50:48Z,2026-08-07T06:50:48+0200,9de41e72-ad84-4160-af68-c339f970a640,2026-07-25T10:45:00Z,2026-07-25T12:45:00+0200,270.543,MW,NL,NL,actual_offshore_wind_generation,Wind Offshore | Actual Aggregated,2026-08-07T04:53:21Z
2026-08-07T04:50:48Z,2026-08-07T06:50:48+0200,9de41e72-ad84-4160-af68-c339f970a640,2026-07-25T10:45:00Z,2026-07-25T12:45:00+0200,8.18,MW,NL,NL,actual_offshore_wind_generation,Wind Offshore | Actual Consumption,2026-08-07T04:53:21Z
2026-08-07T04:50:48Z,2026-08-07T06:50:48+0200,9de41e72-ad84-4160-af68-c339f970a640,2026-07-25T11:00:00Z,2026-07-25T13:00:00+0200,319.623,MW,NL,NL,actual_offshore_wind_generation,Wind Offshore | Actual Aggregated,2026-08-07T04:53:21Z
2026-08-07T04:50:48Z,2026-08-07T06:50:48+0200,9de41e72-ad84-4160-af68-c339f970a640,2026-07-25T11:00:00Z,2026-07-25T13:00:00+0200,9.276,MW,NL,NL,actual_offshore_wind_generation,Wind Offshore | Actual Consumption,2026-08-07T04:53:21Z
2026-08-07T04:50:48Z,2026-08-07T06:50:48+0200,9de41e72-ad84-4160-af68-c339f970a640,2026-07-25T11:15:00Z,2026-07-25T13:15:00+0200,370.926,MW,NL,NL,actual_offshore_wind_generation,Wind Offshore | Actual Aggregated,2026-08-07T04:53:21Z
2026-08-07T04:50:48Z,2026-08-07T06:50:48+0200,9de41e72-ad84-4160-af68-c339f970a640,2026-07-25T11:15:00Z,2026-07-25T13:15:00+0200,5.755,MW,NL,NL,actual_offshore_wind_generation,Wind Offshore | Actual Consumption,2026-08-07T04:53:21Z
2026-08-07T04:50:48Z,2026-08-07T06:50:48+0200,9de41e72-ad84-4160-af68-c339f970a640,2026-07-25T11:30:00Z,2026-07-25T13:30:00+0200,371.704,MW,NL,NL,actual_offshore_wind_generation,Wind Offshore | Actual Aggregated,2026-08-07T04:53:21Z
2026-08-07T04:50:48Z,2026-08-07T06:50:48+0200,9de41e72-ad84-4160-af68-c339f970a640,2026-07-25T11:30:00Z,2026-07-25T13:30:00+0200,7.915,MW,NL,NL,actual_offshore_wind_generation,Wind Offshore | Actual Consumption,2026-08-07T04:53:21Z
2026-08-07T04:50:48Z,2026-08-07T06:50:48+0200,9de41e72-ad84-4160-af68-c339f970a640,2026-07-25T11:45:00Z,2026-07-25T13:45:00+0200,339.852,MW,NL,NL,actual_offshore_wind_generation,Wind Offshore | Actual Aggregated,2026-08-07T04:53:21Z
2026-08-07T04:50:48Z,2026-08-07T06:50:48+0200,9de41e72-ad84-4160-af68-c339f970a640,2026-07-25T11:45:00Z,2026-07-25T13:45:00+0200,8.893,MW,NL,NL,actual_offshore_wind_generation,Wind Offshore | Actual Consumption,2026-08-07T04:53:21Z
2026-08-07T04:50:48Z,2026-08-07T06:50:48+0200,9de41e72-ad84-4160-af68-c339f970a640,2026-07-25T12:00:00Z,2026-07-25T14:00:00+0200,345.569,MW,NL,NL,actual_offshore_wind_generation,Wind Offshore | Actual Aggregated,2026-08-07T04:53:21Z
2026-08-07T04:50:48Z,2026-08-07T06:50:48+0200,9de41e72-ad84-4160-af68-c339f970a640,2026-07-25T12:00:00Z,2026-07-25T14:00:00+0200,10.437,MW,NL,NL,actual_offshore_wind_generation,Wind Offshore | Actual Consumption,2026-08-07T04:53:21Z
2026-08-07T04:50:48Z,2026-08-07T06:50:48+0200,9de41e72-ad84-4160-af68-c339f970a640,2026-07-25T12:15:00Z,2026-07-25T14:15:00+0200,366.024,MW,NL,NL,actual_offshore_wind_generation,Wind Offshore | Actual Aggregated,2026-08-07T04:53:21Z
2026-08-07T04:50:48Z,2026-08-07T06:50:48+0200,9de41e72-ad84-4160-af68-c339f970a640,2026-07-25T12:15:00Z,2026-07-25T14:15:00+0200,9.172,MW,NL,NL,actual_offshore_wind_generation,Wind Offshore | Actual Consumption,2026-08-07T04:53:21Z
2026-08-07T04:50:48Z,2026-08-07T06:50:48+0200,9de41e72-ad84-4160-af68-c339f970a640,2026-07-25T12:30:00Z,2026-07-25T14:30:00+0200,394.368,MW,NL,NL,actual_offshore_wind_generation,Wind Offshore | Actual Aggregated,2026-08-07T04:53:21Z
2026-08-07T04:50:48Z,2026-08-07T06:50:48+0200,9de41e72-ad84-4160-af68-c339f970a640,2026-07-25T12:30:00Z,2026-07-25T14:30:00+0200,8.569,MW,NL,NL,actual_offshore_wind_generation,Wind Offshore | Actual Consumption,2026-08-07T04:53:21Z
2026-08-07T04:50:48Z,2026-08-07T06:50:48+0200,9de41e72-ad84-4160-af68-c339f970a640,2026-07-25T12:45:00Z,2026-07-25T14:45:00+0200,400.381,MW,NL,NL,actual_offshore_wind_generation,Wind Offshore | Actual Aggregated,2026-08-07T04:53:21Z
2026-08-07T04:50:48Z,2026-08-07T06:50:48+0200,9de41e72-ad84-4160-af68-c339f970a640,2026-07-25T12:45:00Z,2026-07-25T14:45:00+0200,7.14,MW,NL,NL,actual_offshore_wind_generation,Wind Offshore | Actual Consumption,2026-08-07T04:53:21Z
2026-08-07T04:50:48Z,2026-08-07T06:50:48+0200,9de41e72-ad84-4160-af68-c339f970a640,2026-07-25T13:00:00Z,2026-07-25T15:00:00+0200,362.06,MW,NL,NL,actual_offshore_wind_generation,Wind Offshore | Actual Aggregated,2026-08-07T04:53:21Z
2026-08-07T04:50:48Z,2026-08-07T06:50:48+0200,9de41e72-ad84-4160-af68-c339f970a640,2026-07-25T13:00:00Z,2026-07-25T15:00:00+0200,6.264,MW,NL,NL,actual_offshore_wind_generation,Wind Offshore | Actual Consumption,2026-08-07T04:53:21Z
2026-08-07T04:50:48Z,2026-08-07T06:50:48+0200,9de41e72-ad84-4160-af68-c339f970a640,2026-07-25T13:15:00Z,2026-07-25T15:15:00+0200,426.073,MW,NL,NL,actual_offshore_wind_generation,Wind Offshore | Actual Aggregated,2026-08-07T04:53:21Z
2026-08-07T04:50:48Z,2026-08-07T06:50:48+0200,9de41e72-ad84-4160-af68-c339f970a640,2026-07-25T13:15:00Z,2026-07-25T15:15:00+0200,6.214,MW,NL,NL,actual_offshore_wind_generation,Wind Offshore | Actual Consumption,2026-08-07T04:53:21Z
2026-08-07T04:50:48Z,2026-08-07T06:50:48+0200,9de41e72-ad84-4160-af68-c339f970a640,2026-07-25T13:30:00Z,2026-07-25T15:30:00+0200,445.19,MW,NL,NL,actual_offshore_wind_generation,Wind Offshore | Actual Aggregated,2026-08-07T04:53:21Z
2026-08-07T04:50:48Z,2026-08-07T06:50:48+0200,9de41e72-ad84-4160-af68-c339f970a640,2026-07-25T13:30:00Z,2026-07-25T15:30:00+0200,4.781,MW,NL,NL,actual_offshore_wind_generation,Wind Offshore | Actual Consumption,2026-08-07T04:53:21Z
2026-08-07T04:50:48Z,2026-08-07T06:50:48+0200,9de41e72-ad84-4160-af68-c339f970a640,2026-07-25T13:45:00Z,2026-07-25T15:45:00+0200,467.695,MW,NL,NL,actual_offshore_wind_generation,Wind Offshore | Actual Aggregated,2026-08-07T04:53:21Z
2026-08-07T04:50:48Z,2026-08-07T06:50:48+0200,9de41e72-ad84-4160-af68-c339f970a640,2026-07-25T13:45:00Z,2026-07-25T15:45:00+0200,3.651,MW,NL,NL,actual_offshore_wind_generation,Wind Offshore | Actual Consumption,2026-08-07T04:53:21Z
2026-08-07T04:50:48Z,2026-08-07T06:50:48+0200,9de41e72-ad84-4160-af68-c339f970a640,2026-07-25T14:00:00Z,2026-07-25T16:00:00+0200,622.055,MW,NL,NL,actual_offshore_wind_generation,Wind Offshore | Actual Aggregated,2026-08-07T04:53:21Z
2026-08-07T04:50:48Z,2026-08-07T06:50:48+0200,9de41e72-ad84-4160-af68-c339f970a640,2026-07-25T14:00:00Z,2026-07-25T16:00:00+0200,2.387,MW,NL,NL,actual_offshore_wind_generation,Wind Offshore | Actual Consumption,2026-08-07T04:53:21Z
2026-08-07T04:50:48Z,2026-08-07T06:50:48+0200,9de41e72-ad84-4160-af68-c339f970a640,2026-07-25T14:15:00Z,2026-07-25T16:15:00+0200,646.275,MW,NL,NL,actual_offshore_wind_generation,Wind Offshore | Actual Aggregated,2026-08-07T04:53:21Z
2026-08-07T04:50:48Z,2026-08-07T06:50:48+0200,9de41e72-ad84-4160-af68-c339f970a640,2026-07-25T14:15:00Z,2026-07-25T16:15:00+0200,3.35,MW,NL,NL,actual_offshore_wind_generation,Wind Offshore | Actual Consumption,2026-08-07T04:53:21Z
2026-08-07T04:50:48Z,2026-08-07T06:50:48+0200,9de41e72-ad84-4160-af68-c339f970a640,2026-07-25T14:30:00Z,2026-07-25T16:30:00+0200,653.216,MW,NL,NL,actual_offshore_wind_generation,Wind Offshore | Actual Aggregated,2026-08-07T04:53:21Z
2026-08-07T04:50:48Z,2026-08-07T06:50:48+0200,9de41e72-ad84-4160-af68-c339f970a640,2026-07-25T14:30:00Z,2026-07-25T16:30:00+0200,1.064,MW,NL,NL,actual_offshore_wind_generation,Wind Offshore | Actual Consumption,2026-08-07T04:53:21Z
2026-08-07T04:50:48Z,2026-08-07T06:50:48+0200,9de41e72-ad84-4160-af68-c339f970a640,2026-07-25T14:45:00Z,2026-07-25T16:45:00+0200,711.06,MW,NL,NL,actual_offshore_wind_generation,Wind Offshore | Actual Aggregated,2026-08-07T04:53:21Z
2026-08-07T04:50:48Z,2026-08-07T06:50:48+0200,9de41e72-ad84-4160-af68-c339f970a640,2026-07-25T14:45:00Z,2026-07-25T16:45:00+0200,1.435,MW,NL,NL,actual_offshore_wind_generation,Wind Offshore | Actual Consumption,2026-08-07T04:53:21Z
2026-08-07T04:50:48Z,2026-08-07T06:50:48+0200,9de41e72-ad84-4160-af68-c339f970a640,2026-07-25T15:00:00Z,2026-07-25T17:00:00+0200,724.003,MW,NL,NL,actual_offshore_wind_generation,Wind Offshore | Actual Aggregated,2026-08-07T04:53:21Z
2026-08-07T04:50:48Z,2026-08-07T06:50:48+0200,9de41e72-ad84-4160-af68-c339f970a640,2026-07-25T15:00:00Z,2026-07-25T17:00:00+0200,1.285,MW,NL,NL,actual_offshore_wind_generation,Wind Offshore | Actual Consumption,2026-08-07T04:53:21Z
2026-08-07T04:50:48Z,2026-08-07T06:50:48+0200,9de41e72-ad84-4160-af68-c339f970a640,2026-07-25T15:15:00Z,2026-07-25T17:15:00+0200,760.573,MW,NL,NL,actual_offshore_wind_generation,Wind Offshore | Actual Aggregated,2026-08-07T04:53:21Z
2026-08-07T04:50:48Z,2026-08-07T06:50:48+0200,9de41e72-ad84-4160-af68-c339f970a640,2026-07-25T15:15:00Z,2026-07-25T17:15:00+0200,1.294,MW,NL,NL,actual_offshore_wind_generation,Wind Offshore | Actual Consumption,2026-08-07T04:53:21Z
2026-08-07T04:50:48Z,2026-08-07T06:50:48+0200,9de41e72-ad84-4160-af68-c339f970a640,2026-07-25T15:30:00Z,2026-07-25T17:30:00+0200,866.299,MW,NL,NL,actual_offshore_wind_generation,Wind Offshore | Actual Aggregated,2026-08-07T04:53:21Z
2026-08-07T04:50:48Z,2026-08-07T06:50:48+0200,9de41e72-ad84-4160-af68-c339f970a640,2026-07-25T15:30:00Z,2026-07-25T17:30:00+0200,1.619,MW,NL,NL,actual_offshore_wind_generation,Wind Offshore | Actual Consumption,2026-08-07T04:53:21Z
2026-08-07T04:50:48Z,2026-08-07T06:50:48+0200,9de41e72-ad84-4160-af68-c339f970a640,2026-07-25T15:45:00Z,2026-07-25T17:45:00+0200,896.7,MW,NL,NL,actual_offshore_wind_generation,Wind Offshore | Actual Aggregated,2026-08-07T04:53:21Z
2026-08-07T04:50:48Z,2026-08-07T06:50:48+0200,9de41e72-ad84-4160-af68-c339f970a640,2026-07-25T15:45:00Z,2026-07-25T17:45:00+0200,2.612,MW,NL,NL,actual_offshore_wind_generation,Wind Offshore | Actual Consumption,2026-08-07T04:53:21Z
2026-08-07T04:50:48Z,2026-08-07T06:50:48+0200,9de41e72-ad84-4160-af68-c339f970a640,2026-07-25T16:00:00Z,2026-07-25T18:00:00+0200,902.373,MW,NL,NL,actual_offshore_wind_generation,Wind Offshore | Actual Aggregated,2026-08-07T04:53:21Z
2026-08-07T04:50:48Z,2026-08-07T06:50:48+0200,9de41e72-ad84-4160-af68-c339f970a640,2026-07-25T16:00:00Z,2026-07-25T18:00:00+0200,2.451,MW,NL,NL,actual_offshore_wind_generation,Wind Offshore | Actual Consumption,2026-08-07T04:53:21Z
2026-08-07T04:50:48Z,2026-08-07T06:50:48+0200,9de41e72-ad84-4160-af68-c339f970a640,2026-07-25T16:15:00Z,2026-07-25T18:15:00+0200,927.498,MW,NL,NL,actual_offshore_wind_generation,Wind Offshore | Actual Aggregated,2026-08-07T04:53:21Z
2026-08-07T04:50:48Z,2026-08-07T06:50:48+0200,9de41e72-ad84-4160-af68-c339f970a640,2026-07-25T16:15:00Z,2026-07-25T18:15:00+0200,3.562,MW,NL,NL,actual_offshore_wind_generation,Wind Offshore | Actual Consumption,2026-08-07T04:53:21Z
2026-08-07T04:50:48Z,2026-08-07T06:50:48+0200,9de41e72-ad84-4160-af68-c339f970a640,2026-07-25T16:30:00Z,2026-07-25T18:30:00+0200,1021.195,MW,NL,NL,actual_offshore_wind_generation,Wind Offshore | Actual Aggregated,2026-08-07T04:53:21Z
2026-08-07T04:50:48Z,2026-08-07T06:50:48+0200,9de41e72-ad84-4160-af68-c339f970a640,2026-07-25T16:30:00Z,2026-07-25T18:30:00+0200,4.387,MW,NL,NL,actual_offshore_wind_generation,Wind Offshore | Actual Consumption,2026-08-07T04:53:21Z
2026-08-07T04:50:48Z,2026-08-07T06:50:48+0200,9de41e72-ad84-4160-af68-c339f970a640,2026-07-25T16:45:00Z,2026-07-25T18:45:00+0200,1113.154,MW,NL,NL,actual_offshore_wind_generation,Wind Offshore | Actual Aggregated,2026-08-07T04:53:21Z
2026-08-07T04:50:48Z,2026-08-07T06:50:48+0200,9de41e72-ad84-4160-af68-c339f970a640,2026-07-25T16:45:00Z,2026-07-25T18:45:00+0200,4.448,MW,NL,NL,actual_offshore_wind_generation,Wind Offshore | Actual Consumption,2026-08-07T04:53:21Z
2026-08-07T04:50:48Z,2026-08-07T06:50:48+0200,9de41e72-ad84-4160-af68-c339f970a640,2026-07-25T17:00:00Z,2026-07-25T19:00:00+0200,1212.616,MW,NL,NL,actual_offshore_wind_generation,Wind Offshore | Actual Aggregated,2026-08-07T04:53:21Z
2026-08-07T04:50:48Z,2026-08-07T06:50:48+0200,9de41e72-ad84-4160-af68-c339f970a640,2026-07-25T17:00:00Z,2026-07-25T19:00:00+0200,7.634,MW,NL,NL,actual_offshore_wind_generation,Wind Offshore | Actual Consumption,2026-08-07T04:53:21Z
2026-08-07T04:50:48Z,2026-08-07T06:50:48+0200,9de41e72-ad84-4160-af68-c339f970a640,2026-07-25T17:15:00Z,2026-07-25T19:15:00+0200,1284.164,MW,NL,NL,actual_offshore_wind_generation,Wind Offshore | Actual Aggregated,2026-08-07T04:53:21Z
2026-08-07T04:50:48Z,2026-08-07T06:50:48+0200,9de41e72-ad84-4160-af68-c339f970a640,2026-07-25T17:15:00Z,2026-07-25T19:15:00+0200,9.085,MW,NL,NL,actual_offshore_wind_generation,Wind Offshore | Actual Consumption,2026-08-07T04:53:21Z
2026-08-07T04:50:48Z,2026-08-07T06:50:48+0200,9de41e72-ad84-4160-af68-c339f970a640,2026-07-25T17:30:00Z,2026-07-25T19:30:00+0200,1364.787,MW,NL,NL,actual_offshore_wind_generation,Wind Offshore | Actual Aggregated,2026-08-07T04:53:21Z
2026-08-07T04:50:48Z,2026-08-07T06:50:48+0200,9de41e72-ad84-4160-af68-c339f970a640,2026-07-25T17:30:00Z,2026-07-25T19:30:00+0200,8.506,MW,NL,NL,actual_offshore_wind_generation,Wind Offshore | Actual Consumption,2026-08-07T04:53:21Z
2026-08-07T04:50:48Z,2026-08-07T06:50:48+0200,9de41e72-ad84-4160-af68-c339f970a640,2026-07-25T17:45:00Z,2026-07-25T19:45:00+0200,1494.346,MW,NL,NL,actual_offshore_wind_generation,Wind Offshore | Actual Aggregated,2026-08-07T04:53:21Z
2026-08-07T04:50:48Z,2026-08-07T06:50:48+0200,9de41e72-ad84-4160-af68-c339f970a640,2026-07-25T17:45:00Z,2026-07-25T19:45:00+0200,10.946,MW,NL,NL,actual_offshore_wind_generation,Wind Offshore | Actual Consumption,2026-08-07T04:53:21Z
2026-08-07T04:50:48Z,2026-08-07T06:50:48+0200,9de41e72-ad84-4160-af68-c339f970a640,2026-07-25T18:00:00Z,2026-07-25T20:00:00+0200,1687.805,MW,NL,NL,actual_offshore_wind_generation,Wind Offshore | Actual Aggregated,2026-08-07T04:53:21Z
2026-08-07T04:50:48Z,2026-08-07T06:50:48+0200,9de41e72-ad84-4160-af68-c339f970a640,2026-07-25T18:00:00Z,2026-07-25T20:00:00+0200,11.161,MW,NL,NL,actual_offshore_wind_generation,Wind Offshore | Actual Consumption,2026-08-07T04:53:21Z
2026-08-07T04:50:48Z,2026-08-07T06:50:48+0200,9de41e72-ad84-4160-af68-c339f970a640,2026-07-25T18:15:00Z,2026-07-25T20:15:00+0200,1865.752,MW,NL,NL,actual_offshore_wind_generation,Wind Offshore | Actual Aggregated,2026-08-07T04:53:21Z
2026-08-07T04:50:48Z,2026-08-07T06:50:48+0200,9de41e72-ad84-4160-af68-c339f970a640,2026-07-25T18:15:00Z,2026-07-25T20:15:00+0200,11.245,MW,NL,NL,actual_offshore_wind_generation,Wind Offshore | Actual Consumption,2026-08-07T04:53:21Z
2026-08-07T04:50:48Z,2026-08-07T06:50:48+0200,9de41e72-ad84-4160-af68-c339f970a640,2026-07-25T18:30:00Z,2026-07-25T20:30:00+0200,2011.335,MW,NL,NL,actual_offshore_wind_generation,Wind Offshore | Actual Aggregated,2026-08-07T04:53:21Z
2026-08-07T04:50:48Z,2026-08-07T06:50:48+0200,9de41e72-ad84-4160-af68-c339f970a640,2026-07-25T18:30:00Z,2026-07-25T20:30:00+0200,14.61,MW,NL,NL,actual_offshore_wind_generation,Wind Offshore | Actual Consumption,2026-08-07T04:53:21Z
2026-08-07T04:50:48Z,2026-08-07T06:50:48+0200,9de41e72-ad84-4160-af68-c339f970a640,2026-07-25T18:45:00Z,2026-07-25T20:45:00+0200,2122.537,MW,NL,NL,actual_offshore_wind_generation,Wind Offshore | Actual Aggregated,2026-08-07T04:53:21Z
2026-08-07T04:50:48Z,2026-08-07T06:50:48+0200,9de41e72-ad84-4160-af68-c339f970a640,2026-07-25T18:45:00Z,2026-07-25T20:45:00+0200,9.972,MW,NL,NL,actual_offshore_wind_generation,Wind Offshore | Actual Consumption,2026-08-07T04:53:21Z
2026-08-07T04:50:48Z,2026-08-07T06:50:48+0200,9de41e72-ad84-4160-af68-c339f970a640,2026-07-25T19:00:00Z,2026-07-25T21:00:00+0200,2278.633,MW,NL,NL,actual_offshore_wind_generation,Wind Offshore | Actual Aggregated,2026-08-07T04:53:21Z
2026-08-07T04:50:48Z,2026-08-07T06:50:48+0200,9de41e72-ad84-4160-af68-c339f970a640,2026-07-25T19:00:00Z,2026-07-25T21:00:00+0200,8.976,MW,NL,NL,actual_offshore_wind_generation,Wind Offshore | Actual Consumption,2026-08-07T04:53:21Z
2026-08-07T04:50:48Z,2026-08-07T06:50:48+0200,9de41e72-ad84-4160-af68-c339f970a640,2026-07-25T19:15:00Z,2026-07-25T21:15:00+0200,2425.617,MW,NL,NL,actual_offshore_wind_generation,Wind Offshore | Actual Aggregated,2026-08-07T04:53:21Z
2026-08-07T04:50:48Z,2026-08-07T06:50:48+0200,9de41e72-ad84-4160-af68-c339f970a640,2026-07-25T19:15:00Z,2026-07-25T21:15:00+0200,10.059,MW,NL,NL,actual_offshore_wind_generation,Wind Offshore | Actual Consumption,2026-08-07T04:53:21Z
2026-08-07T04:50:48Z,2026-08-07T06:50:48+0200,9de41e72-ad84-4160-af68-c339f970a640,2026-07-25T19:30:00Z,2026-07-25T21:30:00+0200,2558.102,MW,NL,NL,actual_offshore_wind_generation,Wind Offshore | Actual Aggregated,2026-08-07T04:53:21Z
2026-08-07T04:50:48Z,2026-08-07T06:50:48+0200,9de41e72-ad84-4160-af68-c339f970a640,2026-07-25T19:30:00Z,2026-07-25T21:30:00+0200,10.324,MW,NL,NL,actual_offshore_wind_generation,Wind Offshore | Actual Consumption,2026-08-07T04:53:21Z
2026-08-07T04:50:48Z,2026-08-07T06:50:48+0200,9de41e72-ad84-4160-af68-c339f970a640,2026-07-25T19:45:00Z,2026-07-25T21:45:00+0200,2622.393,MW,NL,NL,actual_offshore_wind_generation,Wind Offshore | Actual Aggregated,2026-08-07T04:53:21Z
2026-08-07T04:50:48Z,2026-08-07T06:50:48+0200,9de41e72-ad84-4160-af68-c339f970a640,2026-07-25T19:45:00Z,2026-07-25T21:45:00+0200,10.336,MW,NL,NL,actual_offshore_wind_generation,Wind Offshore | Actual Consumption,2026-08-07T04:53:21Z
2026-08-07T04:50:48Z,2026-08-07T06:50:48+0200,9de41e72-ad84-4160-af68-c339f970a640,2026-07-25T20:00:00Z,2026-07-25T22:00:00+0200,2644.751,MW,NL,NL,actual_offshore_wind_generation,Wind Offshore | Actual Aggregated,2026-08-07T04:53:21Z
2026-08-07T04:50:48Z,2026-08-07T06:50:48+0200,9de41e72-ad84-4160-af68-c339f970a640,2026-07-25T20:00:00Z,2026-07-25T22:00:00+0200,11.911,MW,NL,NL,actual_offshore_wind_generation,Wind Offshore | Actual Consumption,2026-08-07T04:53:21Z
2026-08-07T04:50:48Z,2026-08-07T06:50:48+0200,9de41e72-ad84-4160-af68-c339f970a640,2026-07-25T20:15:00Z,2026-07-25T22:15:00+0200,2580.145,MW,NL,NL,actual_offshore_wind_generation,Wind Offshore | Actual Aggregated,2026-08-07T04:53:21Z
2026-08-07T04:50:48Z,2026-08-07T06:50:48+0200,9de41e72-ad84-4160-af68-c339f970a640,2026-07-25T20:15:00Z,2026-07-25T22:15:00+0200,11.939,MW,NL,NL,actual_offshore_wind_generation,Wind Offshore | Actual Consumption,2026-08-07T04:53:21Z
2026-08-07T04:50:48Z,2026-08-07T06:50:48+0200,9de41e72-ad84-4160-af68-c339f970a640,2026-07-25T20:30:00Z,2026-07-25T22:30:00+0200,2530.097,MW,NL,NL,actual_offshore_wind_generation,Wind Offshore | Actual Aggregated,2026-08-07T04:53:21Z
2026-08-07T04:50:48Z,2026-08-07T06:50:48+0200,9de41e72-ad84-4160-af68-c339f970a640,2026-07-25T20:30:00Z,2026-07-25T22:30:00+0200,13.212,MW,NL,NL,actual_offshore_wind_generation,Wind Offshore | Actual Consumption,2026-08-07T04:53:21Z
2026-08-07T04:50:48Z,2026-08-07T06:50:48+0200,9de41e72-ad84-4160-af68-c339f970a640,2026-07-25T20:45:00Z,2026-07-25T22:45:00+0200,2578.714,MW,NL,NL,actual_offshore_wind_generation,Wind Offshore | Actual Aggregated,2026-08-07T04:53:21Z
2026-08-07T04:50:48Z,2026-08-07T06:50:48+0200,9de41e72-ad84-4160-af68-c339f970a640,2026-07-25T20:45:00Z,2026-07-25T22:45:00+0200,14.421,MW,NL,NL,actual_offshore_wind_generation,Wind Offshore | Actual Consumption,2026-08-07T04:53:21Z
2026-08-07T04:50:48Z,2026-08-07T06:50:48+0200,9de41e72-ad84-4160-af68-c339f970a640,2026-07-25T21:00:00Z,2026-07-25T23:00:00+0200,2610.671,MW,NL,NL,actual_offshore_wind_generation,Wind Offshore | Actual Aggregated,2026-08-07T04:53:21Z
2026-08-07T04:50:48Z,2026-08-07T06:50:48+0200,9de41e72-ad84-4160-af68-c339f970a640,2026-07-25T21:00:00Z,2026-07-25T23:00:00+0200,12.138,MW,NL,NL,actual_offshore_wind_generation,Wind Offshore | Actual Consumption,2026-08-07T04:53:21Z
2026-08-07T04:50:48Z,2026-08-07T06:50:48+0200,9de41e72-ad84-4160-af68-c339f970a640,2026-07-25T21:15:00Z,2026-07-25T23:15:00+0200,2600.583,MW,NL,NL,actual_offshore_wind_generation,Wind Offshore | Actual Aggregated,2026-08-07T04:53:21Z
2026-08-07T04:50:48Z,2026-08-07T06:50:48+0200,9de41e72-ad84-4160-af68-c339f970a640,2026-07-25T21:15:00Z,2026-07-25T23:15:00+0200,11.55,MW,NL,NL,actual_offshore_wind_generation,Wind Offshore | Actual Consumption,2026-08-07T04:53:21Z
2026-08-07T04:50:48Z,2026-08-07T06:50:48+0200,9de41e72-ad84-4160-af68-c339f970a640,2026-07-25T21:30:00Z,2026-07-25T23:30:00+0200,2611.933,MW,NL,NL,actual_offshore_wind_generation,Wind Offshore | Actual Aggregated,2026-08-07T04:53:21Z
2026-08-07T04:50:48Z,2026-08-07T06:50:48+0200,9de41e72-ad84-4160-af68-c339f970a640,2026-07-25T21:30:00Z,2026-07-25T23:30:00+0200,9.608,MW,NL,NL,actual_offshore_wind_generation,Wind Offshore | Actual Consumption,2026-08-07T04:53:21Z
2026-08-07T04:50:48Z,2026-08-07T06:50:48+0200,9de41e72-ad84-4160-af68-c339f970a640,2026-07-25T21:45:00Z,2026-07-25T23:45:00+0200,2495.374,MW,NL,NL,actual_offshore_wind_generation,Wind Offshore | Actual Aggregated,2026-08-07T04:53:21Z
2026-08-07T04:50:48Z,2026-08-07T06:50:48+0200,9de41e72-ad84-4160-af68-c339f970a640,2026-07-25T21:45:00Z,2026-07-25T23:45:00+0200,11.848,MW,NL,NL,actual_offshore_wind_generation,Wind Offshore | Actual Consumption,2026-08-07T04:53:21Z
2026-08-07T04:50:48Z,2026-08-07T06:50:48+0200,9de41e72-ad84-4160-af68-c339f970a640,2026-07-25T22:00:00Z,2026-07-26T00:00:00+0200,2258.573,MW,NL,NL,actual_offshore_wind_generation,Wind Offshore | Actual Aggregated,2026-08-07T04:53:21Z
2026-08-07T04:50:48Z,2026-08-07T06:50:48+0200,9de41e72-ad84-4160-af68-c339f970a640,2026-07-25T22:00:00Z,2026-07-26T00:00:00+0200,9.66,MW,NL,NL,actual_offshore_wind_generation,Wind Offshore | Actual Consumption,2026-08-07T04:53:21Z
2026-08-07T04:50:48Z,2026-08-07T06:50:48+0200,9de41e72-ad84-4160-af68-c339f970a640,2026-07-25T22:15:00Z,2026-07-26T00:15:00+0200,1973.506,MW,NL,NL,actual_offshore_wind_generation,Wind Offshore | Actual Aggregated,2026-08-07T04:53:21Z
2026-08-07T04:50:48Z,2026-08-07T06:50:48+0200,9de41e72-ad84-4160-af68-c339f970a640,2026-07-25T22:15:00Z,2026-07-26T00:15:00+0200,9.178,MW,NL,NL,actual_offshore_wind_generation,Wind Offshore | Actual Consumption,2026-08-07T04:53:21Z
2026-08-07T04:50:48Z,2026-08-07T06:50:48+0200,9de41e72-ad84-4160-af68-c339f970a640,2026-07-25T22:30:00Z,2026-07-26T00:30:00+0200,1786.999,MW,NL,NL,actual_offshore_wind_generation,Wind Offshore | Actual Aggregated,2026-08-07T04:53:21Z
2026-08-07T04:50:48Z,2026-08-07T06:50:48+0200,9de41e72-ad84-4160-af68-c339f970a640,2026-07-25T22:30:00Z,2026-07-26T00:30:00+0200,14.353,MW,NL,NL,actual_offshore_wind_generation,Wind Offshore | Actual Consumption,2026-08-07T04:53:21Z
2026-08-07T04:50:48Z,2026-08-07T06:50:48+0200,9de41e72-ad84-4160-af68-c339f970a640,2026-07-25T22:45:00Z,2026-07-26T00:45:00+0200,1645.729,MW,NL,NL,actual_offshore_wind_generation,Wind Offshore | Actual Aggregated,2026-08-07T04:53:21Z
2026-08-07T04:50:48Z,2026-08-07T06:50:48+0200,9de41e72-ad84-4160-af68-c339f970a640,2026-07-25T22:45:00Z,2026-07-26T00:45:00+0200,16.711,MW,NL,NL,actual_offshore_wind_generation,Wind Offshore | Actual Consumption,2026-08-07T04:53:21Z
2026-08-07T04:50:48Z,2026-08-07T06:50:48+0200,9de41e72-ad84-4160-af68-c339f970a640,2026-07-25T23:00:00Z,2026-07-26T01:00:00+0200,1460.414,MW,NL,NL,actual_offshore_wind_generation,Wind Offshore | Actual Aggregated,2026-08-07T04:53:21Z
2026-08-07T04:50:48Z,2026-08-07T06:50:48+0200,9de41e72-ad84-4160-af68-c339f970a640,2026-07-25T23:00:00Z,2026-07-26T01:00:00+0200,10.694,MW,NL,NL,actual_offshore_wind_generation,Wind Offshore | Actual Consumption,2026-08-07T04:53:21Z
2026-08-07T04:50:48Z,2026-08-07T06:50:48+0200,9de41e72-ad84-4160-af68-c339f970a640,2026-07-25T23:15:00Z,2026-07-26T01:15:00+0200,1266.191,MW,NL,NL,actual_offshore_wind_generation,Wind Offshore | Actual Aggregated,2026-08-07T04:53:21Z
2026-08-07T04:50:48Z,2026-08-07T06:50:48+0200,9de41e72-ad84-4160-af68-c339f970a640,2026-07-25T23:15:00Z,2026-07-26T01:15:00+0200,6.695,MW,NL,NL,actual_offshore_wind_generation,Wind Offshore | Actual Consumption,2026-08-07T04:53:21Z
2026-08-07T04:50:48Z,2026-08-07T06:50:48+0200,9de41e72-ad84-4160-af68-c339f970a640,2026-07-25T23:30:00Z,2026-07-26T01:30:00+0200,1227.839,MW,NL,NL,actual_offshore_wind_generation,Wind Offshore | Actual Aggregated,2026-08-07T04:53:21Z
2026-08-07T04:50:48Z,2026-08-07T06:50:48+0200,9de41e72-ad84-4160-af68-c339f970a640,2026-07-25T23:30:00Z,2026-07-26T01:30:00+0200,9.519,MW,NL,NL,actual_offshore_wind_generation,Wind Offshore | Actual Consumption,2026-08-07T04:53:21Z
2026-08-07T04:50:48Z,2026-08-07T06:50:48+0200,9de41e72-ad84-4160-af68-c339f970a640,2026-07-25T23:45:00Z,2026-07-26T01:45:00+0200,1069.943,MW,NL,NL,actual_offshore_wind_generation,Wind Offshore | Actual Aggregated,2026-08-07T04:53:21Z
2026-08-07T04:50:48Z,2026-08-07T06:50:48+0200,9de41e72-ad84-4160-af68-c339f970a640,2026-07-25T23:45:00Z,2026-07-26T01:45:00+0200,9.439,MW,NL,NL,actual_offshore_wind_generation,Wind Offshore | Actual Consumption,2026-08-07T04:53:21Z
2026-08-07T04:50:48Z,2026-08-07T06:50:48+0200,9de41e72-ad84-4160-af68-c339f970a640,2026-07-26T00:00:00Z,2026-07-26T02:00:00+0200,802.092,MW,NL,NL,actual_offshore_wind_generation,Wind Offshore | Actual Aggregated,2026-08-07T04:53:21Z
2026-08-07T04:50:48Z,2026-08-07T06:50:48+0200,9de41e72-ad84-4160-af68-c339f970a640,2026-07-26T00:00:00Z,2026-07-26T02:00:00+0200,7.691,MW,NL,NL,actual_offshore_wind_generation,Wind Offshore | Actual Consumption,2026-08-07T04:53:21Z
2026-08-07T04:50:48Z,2026-08-07T06:50:48+0200,9de41e72-ad84-4160-af68-c339f970a640,2026-07-26T00:15:00Z,2026-07-26T02:15:00+0200,582.08,MW,NL,NL,actual_offshore_wind_generation,Wind Offshore | Actual Aggregated,2026-08-07T04:53:21Z
2026-08-07T04:50:48Z,2026-08-07T06:50:48+0200,9de41e72-ad84-4160-af68-c339f970a640,2026-07-26T00:15:00Z,2026-07-26T02:15:00+0200,5.54,MW,NL,NL,actual_offshore_wind_generation,Wind Offshore | Actual Consumption,2026-08-07T04:53:21Z
2026-08-07T04:50:48Z,2026-08-07T06:50:48+0200,9de41e72-ad84-4160-af68-c339f970a640,2026-07-26T00:30:00Z,2026-07-26T02:30:00+0200,391.102,MW,NL,NL,actual_offshore_wind_generation,Wind Offshore | Actual Aggregated,2026-08-07T04:53:21Z
2026-08-07T04:50:48Z,2026-08-07T06:50:48+0200,9de41e72-ad84-4160-af68-c339f970a640,2026-07-26T00:30:00Z,2026-07-26T02:30:00+0200,6.983,MW,NL,NL,actual_offshore_wind_generation,Wind Offshore | Actual Consumption,2026-08-07T04:53:21Z
2026-08-07T04:50:48Z,2026-08-07T06:50:48+0200,9de41e72-ad84-4160-af68-c339f970a640,2026-07-26T00:45:00Z,2026-07-26T02:45:00+0200,261.643,MW,NL,NL,actual_offshore_wind_generation,Wind Offshore | Actual Aggregated,2026-08-07T04:53:21Z
2026-08-07T04:50:48Z,2026-08-07T06:50:48+0200,9de41e72-ad84-4160-af68-c339f970a640,2026-07-26T00:45:00Z,2026-07-26T02:45:00+0200,6.138,MW,NL,NL,actual_offshore_wind_generation,Wind Offshore | Actual Consumption,2026-08-07T04:53:21Z
2026-08-07T04:50:48Z,2026-08-07T06:50:48+0200,9de41e72-ad84-4160-af68-c339f970a640,2026-07-26T01:00:00Z,2026-07-26T03:00:00+0200,213.157,MW,NL,NL,actual_offshore_wind_generation,Wind Offshore | Actual Aggregated,2026-08-07T04:53:21Z
2026-08-07T04:50:48Z,2026-08-07T06:50:48+0200,9de41e72-ad84-4160-af68-c339f970a640,2026-07-26T01:00:00Z,2026-07-26T03:00:00+0200,8.876,MW,NL,NL,actual_offshore_wind_generation,Wind Offshore | Actual Consumption,2026-08-07T04:53:21Z
2026-08-07T04:50:48Z,2026-08-07T06:50:48+0200,9de41e72-ad84-4160-af68-c339f970a640,2026-07-26T01:15:00Z,2026-07-26T03:15:00+0200,193.285,MW,NL,NL,actual_offshore_wind_generation,Wind Offshore | Actual Aggregated,2026-08-07T04:53:21Z
2026-08-07T04:50:48Z,2026-08-07T06:50:48+0200,9de41e72-ad84-4160-af68-c339f970a640,2026-07-26T01:15:00Z,2026-07-26T03:15:00+0200,11.933,MW,NL,NL,actual_offshore_wind_generation,Wind Offshore | Actual Consumption,2026-08-07T04:53:21Z
2026-08-07T04:50:48Z,2026-08-07T06:50:48+0200,9de41e72-ad84-4160-af68-c339f970a640,2026-07-26T01:30:00Z,2026-07-26T03:30:00+0200,204.206,MW,NL,NL,actual_offshore_wind_generation,Wind Offshore | Actual Aggregated,2026-08-07T04:53:21Z
2026-08-07T04:50:48Z,2026-08-07T06:50:48+0200,9de41e72-ad84-4160-af68-c339f970a640,2026-07-26T01:30:00Z,2026-07-26T03:30:00+0200,13.837,MW,NL,NL,actual_offshore_wind_generation,Wind Offshore | Actual Consumption,2026-08-07T04:53:21Z
2026-08-07T04:50:48Z,2026-08-07T06:50:48+0200,9de41e72-ad84-4160-af68-c339f970a640,2026-07-26T01:45:00Z,2026-07-26T03:45:00+0200,206.391,MW,NL,NL,actual_offshore_wind_generation,Wind Offshore | Actual Aggregated,2026-08-07T04:53:21Z
2026-08-07T04:50:48Z,2026-08-07T06:50:48+0200,9de41e72-ad84-4160-af68-c339f970a640,2026-07-26T01:45:00Z,2026-07-26T03:45:00+0200,15.496,MW,NL,NL,actual_offshore_wind_generation,Wind Offshore | Actual Consumption,2026-08-07T04:53:21Z
2026-08-07T04:50:48Z,2026-08-07T06:50:48+0200,9de41e72-ad84-4160-af68-c339f970a640,2026-07-26T02:00:00Z,2026-07-26T04:00:00+0200,261.194,MW,NL,NL,actual_offshore_wind_generation,Wind Offshore | Actual Aggregated,2026-08-07T04:53:21Z
2026-08-07T04:50:48Z,2026-08-07T06:50:48+0200,9de41e72-ad84-4160-af68-c339f970a640,2026-07-26T02:00:00Z,2026-07-26T04:00:00+0200,15.09,MW,NL,NL,actual_offshore_wind_generation,Wind Offshore | Actual Consumption,2026-08-07T04:53:21Z
2026-08-07T04:50:48Z,2026-08-07T06:50:48+0200,9de41e72-ad84-4160-af68-c339f970a640,2026-07-26T02:15:00Z,2026-07-26T04:15:00+0200,276.722,MW,NL,NL,actual_offshore_wind_generation,Wind Offshore | Actual Aggregated,2026-08-07T04:53:21Z
2026-08-07T04:50:48Z,2026-08-07T06:50:48+0200,9de41e72-ad84-4160-af68-c339f970a640,2026-07-26T02:15:00Z,2026-07-26T04:15:00+0200,13.931,MW,NL,NL,actual_offshore_wind_generation,Wind Offshore | Actual Consumption,2026-08-07T04:53:21Z
2026-08-07T04:50:48Z,2026-08-07T06:50:48+0200,9de41e72-ad84-4160-af68-c339f970a640,2026-07-26T02:30:00Z,2026-07-26T04:30:00+0200,240.887,MW,NL,NL,actual_offshore_wind_generation,Wind Offshore | Actual Aggregated,2026-08-07T04:53:21Z
2026-08-07T04:50:48Z,2026-08-07T06:50:48+0200,9de41e72-ad84-4160-af68-c339f970a640,2026-07-26T02:30:00Z,2026-07-26T04:30:00+0200,9.584,MW,NL,NL,actual_offshore_wind_generation,Wind Offshore | Actual Consumption,2026-08-07T04:53:21Z
2026-08-07T04:50:48Z,2026-08-07T06:50:48+0200,9de41e72-ad84-4160-af68-c339f970a640,2026-07-26T02:45:00Z,2026-07-26T04:45:00+0200,294.707,MW,NL,NL,actual_offshore_wind_generation,Wind Offshore | Actual Aggregated,2026-08-07T04:53:21Z
2026-08-07T04:50:48Z,2026-08-07T06:50:48+0200,9de41e72-ad84-4160-af68-c339f970a640,2026-07-26T02:45:00Z,2026-07-26T04:45:00+0200,6.02,MW,NL,NL,actual_offshore_wind_generation,Wind Offshore | Actual Consumption,2026-08-07T04:53:21Z
2026-08-07T04:50:48Z,2026-08-07T06:50:48+0200,9de41e72-ad84-4160-af68-c339f970a640,2026-07-26T03:00:00Z,2026-07-26T05:00:00+0200,366.525,MW,NL,NL,actual_offshore_wind_generation,Wind Offshore | Actual Aggregated,2026-08-07T04:53:21Z
2026-08-07T04:50:48Z,2026-08-07T06:50:48+0200,9de41e72-ad84-4160-af68-c339f970a640,2026-07-26T03:00:00Z,2026-07-26T05:00:00+0200,4.73,MW,NL,NL,actual_offshore_wind_generation,Wind Offshore | Actual Consumption,2026-08-07T04:53:21Z
2026-08-07T04:50:48Z,2026-08-07T06:50:48+0200,9de41e72-ad84-4160-af68-c339f970a640,2026-07-26T03:15:00Z,2026-07-26T05:15:00+0200,422.032,MW,NL,NL,actual_offshore_wind_generation,Wind Offshore | Actual Aggregated,2026-08-07T04:53:21Z
2026-08-07T04:50:48Z,2026-08-07T06:50:48+0200,9de41e72-ad84-4160-af68-c339f970a640,2026-07-26T03:15:00Z,2026-07-26T05:15:00+0200,5.003,MW,NL,NL,actual_offshore_wind_generation,Wind Offshore | Actual Consumption,2026-08-07T04:53:21Z
2026-08-07T04:50:48Z,2026-08-07T06:50:48+0200,9de41e72-ad84-4160-af68-c339f970a640,2026-07-26T03:30:00Z,2026-07-26T05:30:00+0200,485.899,MW,NL,NL,actual_offshore_wind_generation,Wind Offshore | Actual Aggregated,2026-08-07T04:53:21Z
2026-08-07T04:50:48Z,2026-08-07T06:50:48+0200,9de41e72-ad84-4160-af68-c339f970a640,2026-07-26T03:30:00Z,2026-07-26T05:30:00+0200,6.048,MW,NL,NL,actual_offshore_wind_generation,Wind Offshore | Actual Consumption,2026-08-07T04:53:21Z
2026-08-07T04:50:48Z,2026-08-07T06:50:48+0200,9de41e72-ad84-4160-af68-c339f970a640,2026-07-26T03:45:00Z,2026-07-26T05:45:00+0200,549.781,MW,NL,NL,actual_offshore_wind_generation,Wind Offshore | Actual Aggregated,2026-08-07T04:53:21Z
2026-08-07T04:50:48Z,2026-08-07T06:50:48+0200,9de41e72-ad84-4160-af68-c339f970a640,2026-07-26T03:45:00Z,2026-07-26T05:45:00+0200,3.81,MW,NL,NL,actual_offshore_wind_generation,Wind Offshore | Actual Consumption,2026-08-07T04:53:21Z
2026-08-07T04:50:48Z,2026-08-07T06:50:48+0200,9de41e72-ad84-4160-af68-c339f970a640,2026-07-26T04:00:00Z,2026-07-26T06:00:00+0200,527.492,MW,NL,NL,actual_offshore_wind_generation,Wind Offshore | Actual Aggregated,2026-08-07T04:53:21Z
2026-08-07T04:50:48Z,2026-08-07T06:50:48+0200,9de41e72-ad84-4160-af68-c339f970a640,2026-07-26T04:00:00Z,2026-07-26T06:00:00+0200,3.884,MW,NL,NL,actual_offshore_wind_generation,Wind Offshore | Actual Consumption,2026-08-07T04:53:21Z
2026-08-07T04:50:48Z,2026-08-07T06:50:48+0200,9de41e72-ad84-4160-af68-c339f970a640,2026-07-26T04:15:00Z,2026-07-26T06:15:00+0200,451.853,MW,NL,NL,actual_offshore_wind_generation,Wind Offshore | Actual Aggregated,2026-08-07T04:53:21Z
2026-08-07T04:50:48Z,2026-08-07T06:50:48+0200,9de41e72-ad84-4160-af68-c339f970a640,2026-07-26T04:15:00Z,2026-07-26T06:15:00+0200,2.515,MW,NL,NL,actual_offshore_wind_generation,Wind Offshore | Actual Consumption,2026-08-07T04:53:21Z
2026-08-07T04:50:48Z,2026-08-07T06:50:48+0200,9de41e72-ad84-4160-af68-c339f970a640,2026-07-26T04:30:00Z,2026-07-26T06:30:00+0200,399.714,MW,NL,NL,actual_offshore_wind_generation,Wind Offshore | Actual Aggregated,2026-08-07T04:53:21Z
2026-08-07T04:50:48Z,2026-08-07T06:50:48+0200,9de41e72-ad84-4160-af68-c339f970a640,2026-07-26T04:30:00Z,2026-07-26T06:30:00+0200,2.98,MW,NL,NL,actual_offshore_wind_generation,Wind Offshore | Actual Consumption,2026-08-07T04:53:21Z
2026-08-07T04:50:48Z,2026-08-07T06:50:48+0200,9de41e72-ad84-4160-af68-c339f970a640,2026-07-26T04:45:00Z,2026-07-26T06:45:00+0200,350.369,MW,NL,NL,actual_offshore_wind_generation,Wind Offshore | Actual Aggregated,2026-08-07T04:53:21Z
2026-08-07T04:50:48Z,2026-08-07T06:50:48+0200,9de41e72-ad84-4160-af68-c339f970a640,2026-07-26T04:45:00Z,2026-07-26T06:45:00+0200,2.009,MW,NL,NL,actual_offshore_wind_generation,Wind Offshore | Actual Consumption,2026-08-07T04:53:21Z
2026-08-07T04:50:48Z,2026-08-07T06:50:48+0200,9de41e72-ad84-4160-af68-c339f970a640,2026-07-26T05:00:00Z,2026-07-26T07:00:00+0200,362.324,MW,NL,NL,actual_offshore_wind_generation,Wind Offshore | Actual Aggregated,2026-08-07T04:53:21Z
2026-08-07T04:50:48Z,2026-08-07T06:50:48+0200,9de41e72-ad84-4160-af68-c339f970a640,2026-07-26T05:00:00Z,2026-07-26T07:00:00+0200,3.323,MW,NL,NL,actual_offshore_wind_generation,Wind Offshore | Actual Consumption,2026-08-07T04:53:21Z
2026-08-07T04:50:48Z,2026-08-07T06:50:48+0200,9de41e72-ad84-4160-af68-c339f970a640,2026-07-26T05:15:00Z,2026-07-26T07:15:00+0200,467.605,MW,NL,NL,actual_offshore_wind_generation,Wind Offshore | Actual Aggregated,2026-08-07T04:53:21Z
2026-08-07T04:50:48Z,2026-08-07T06:50:48+0200,9de41e72-ad84-4160-af68-c339f970a640,2026-07-26T05:15:00Z,2026-07-26T07:15:00+0200,2.996,MW,NL,NL,actual_offshore_wind_generation,Wind Offshore | Actual Consumption,2026-08-07T04:53:21Z
2026-08-07T04:50:48Z,2026-08-07T06:50:48+0200,9de41e72-ad84-4160-af68-c339f970a640,2026-07-26T05:30:00Z,2026-07-26T07:30:00+0200,588.319,MW,NL,NL,actual_offshore_wind_generation,Wind Offshore | Actual Aggregated,2026-08-07T04:53:21Z
2026-08-07T04:50:48Z,2026-08-07T06:50:48+0200,9de41e72-ad84-4160-af68-c339f970a640,2026-07-26T05:30:00Z,2026-07-26T07:30:00+0200,4.132,MW,NL,NL,actual_offshore_wind_generation,Wind Offshore | Actual Consumption,2026-08-07T04:53:21Z
2026-08-07T04:50:48Z,2026-08-07T06:50:48+0200,9de41e72-ad84-4160-af68-c339f970a640,2026-07-26T05:45:00Z,2026-07-26T07:45:00+0200,735.249,MW,NL,NL,actual_offshore_wind_generation,Wind Offshore | Actual Aggregated,2026-08-07T04:53:21Z
2026-08-07T04:50:48Z,2026-08-07T06:50:48+0200,9de41e72-ad84-4160-af68-c339f970a640,2026-07-26T05:45:00Z,2026-07-26T07:45:00+0200,4.31,MW,NL,NL,actual_offshore_wind_generation,Wind Offshore | Actual Consumption,2026-08-07T04:53:21Z
2026-08-07T04:50:48Z,2026-08-07T06:50:48+0200,9de41e72-ad84-4160-af68-c339f970a640,2026-07-26T06:00:00Z,2026-07-26T08:00:00+0200,911.574,MW,NL,NL,actual_offshore_wind_generation,Wind Offshore | Actual Aggregated,2026-08-07T04:53:21Z
2026-08-07T04:50:48Z,2026-08-07T06:50:48+0200,9de41e72-ad84-4160-af68-c339f970a640,2026-07-26T06:00:00Z,2026-07-26T08:00:00+0200,4.863,MW,NL,NL,actual_offshore_wind_generation,Wind Offshore | Actual Consumption,2026-08-07T04:53:21Z
2026-08-07T04:50:48Z,2026-08-07T06:50:48+0200,9de41e72-ad84-4160-af68-c339f970a640,2026-07-26T06:15:00Z,2026-07-26T08:15:00+0200,1323.158,MW,NL,NL,actual_offshore_wind_generation,Wind Offshore | Actual Aggregated,2026-08-07T04:53:21Z
2026-08-07T04:50:48Z,2026-08-07T06:50:48+0200,9de41e72-ad84-4160-af68-c339f970a640,2026-07-26T06:15:00Z,2026-07-26T08:15:00+0200,6.415,MW,NL,NL,actual_offshore_wind_generation,Wind Offshore | Actual Consumption,2026-08-07T04:53:21Z
2026-08-07T04:50:48Z,2026-08-07T06:50:48+0200,9de41e72-ad84-4160-af68-c339f970a640,2026-07-26T06:30:00Z,2026-07-26T08:30:00+0200,1497.118,MW,NL,NL,actual_offshore_wind_generation,Wind Offshore | Actual Aggregated,2026-08-07T04:53:21Z
2026-08-07T04:50:48Z,2026-08-07T06:50:48+0200,9de41e72-ad84-4160-af68-c339f970a640,2026-07-26T06:30:00Z,2026-07-26T08:30:00+0200,8.085,MW,NL,NL,actual_offshore_wind_generation,Wind Offshore | Actual Consumption,2026-08-07T04:53:21Z
2026-08-07T04:50:48Z,2026-08-07T06:50:48+0200,9de41e72-ad84-4160-af68-c339f970a640,2026-07-26T06:45:00Z,2026-07-26T08:45:00+0200,858.587,MW,NL,NL,actual_offshore_wind_generation,Wind Offshore | Actual Aggregated,2026-08-07T04:53:21Z
2026-08-07T04:50:48Z,2026-08-07T06:50:48+0200,9de41e72-ad84-4160-af68-c339f970a640,2026-07-26T06:45:00Z,2026-07-26T08:45:00+0200,8.75,MW,NL,NL,actual_offshore_wind_generation,Wind Offshore | Actual Consumption,2026-08-07T04:53:21Z
2026-08-07T04:50:48Z,2026-08-07T06:50:48+0200,9de41e72-ad84-4160-af68-c339f970a640,2026-07-26T07:00:00Z,2026-07-26T09:00:00+0200,757.096,MW,NL,NL,actual_offshore_wind_generation,Wind Offshore | Actual Aggregated,2026-08-07T04:53:21Z
2026-08-07T04:50:48Z,2026-08-07T06:50:48+0200,9de41e72-ad84-4160-af68-c339f970a640,2026-07-26T07:00:00Z,2026-07-26T09:00:00+0200,10.463,MW,NL,NL,actual_offshore_wind_generation,Wind Offshore | Actual Consumption,2026-08-07T04:53:21Z
2026-08-07T04:50:48Z,2026-08-07T06:50:48+0200,9de41e72-ad84-4160-af68-c339f970a640,2026-07-26T07:15:00Z,2026-07-26T09:15:00+0200,901.561,MW,NL,NL,actual_offshore_wind_generation,Wind Offshore | Actual Aggregated,2026-08-07T04:53:21Z
2026-08-07T04:50:48Z,2026-08-07T06:50:48+0200,9de41e72-ad84-4160-af68-c339f970a640,2026-07-26T07:15:00Z,2026-07-26T09:15:00+0200,7.65,MW,NL,NL,actual_offshore_wind_generation,Wind Offshore | Actual Consumption,2026-08-07T04:53:21Z
2026-08-07T04:50:48Z,2026-08-07T06:50:48+0200,9de41e72-ad84-4160-af68-c339f970a640,2026-07-26T07:30:00Z,2026-07-26T09:30:00+0200,868.403,MW,NL,NL,actual_offshore_wind_generation,Wind Offshore | Actual Aggregated,2026-08-07T04:53:21Z
2026-08-07T04:50:48Z,2026-08-07T06:50:48+0200,9de41e72-ad84-4160-af68-c339f970a640,2026-07-26T07:30:00Z,2026-07-26T09:30:00+0200,5.934,MW,NL,NL,actual_offshore_wind_generation,Wind Offshore | Actual Consumption,2026-08-07T04:53:21Z
2026-08-07T04:50:48Z,2026-08-07T06:50:48+0200,9de41e72-ad84-4160-af68-c339f970a640,2026-07-26T07:45:00Z,2026-07-26T09:45:00+0200,803.579,MW,NL,NL,actual_offshore_wind_generation,Wind Offshore | Actual Aggregated,2026-08-07T04:53:21Z
2026-08-07T04:50:48Z,2026-08-07T06:50:48+0200,9de41e72-ad84-4160-af68-c339f970a640,2026-07-26T07:45:00Z,2026-07-26T09:45:00+0200,2.592,MW,NL,NL,actual_offshore_wind_generation,Wind Offshore | Actual Consumption,2026-08-07T04:53:21Z
2026-08-07T04:50:48Z,2026-08-07T06:50:48+0200,9de41e72-ad84-4160-af68-c339f970a640,2026-07-26T08:00:00Z,2026-07-26T10:00:00+0200,1112.406,MW,NL,NL,actual_offshore_wind_generation,Wind Offshore | Actual Aggregated,2026-08-07T04:53:21Z
2026-08-07T04:50:48Z,2026-08-07T06:50:48+0200,9de41e72-ad84-4160-af68-c339f970a640,2026-07-26T08:00:00Z,2026-07-26T10:00:00+0200,2.859,MW,NL,NL,actual_offshore_wind_generation,Wind Offshore | Actual Consumption,2026-08-07T04:53:21Z
2026-08-07T04:50:48Z,2026-08-07T06:50:48+0200,9de41e72-ad84-4160-af68-c339f970a640,2026-07-26T08:15:00Z,2026-07-26T10:15:00+0200,1423.487,MW,NL,NL,actual_offshore_wind_generation,Wind Offshore | Actual Aggregated,2026-08-07T04:53:21Z
2026-08-07T04:50:48Z,2026-08-07T06:50:48+0200,9de41e72-ad84-4160-af68-c339f970a640,2026-07-26T08:15:00Z,2026-07-26T10:15:00+0200,2.065,MW,NL,NL,actual_offshore_wind_generation,Wind Offshore | Actual Consumption,2026-08-07T04:53:21Z
2026-08-07T04:50:48Z,2026-08-07T06:50:48+0200,9de41e72-ad84-4160-af68-c339f970a640,2026-07-26T08:30:00Z,2026-07-26T10:30:00+0200,1504.891,MW,NL,NL,actual_offshore_wind_generation,Wind Offshore | Actual Aggregated,2026-08-07T04:53:21Z
2026-08-07T04:50:48Z,2026-08-07T06:50:48+0200,9de41e72-ad84-4160-af68-c339f970a640,2026-07-26T08:30:00Z,2026-07-26T10:30:00+0200,2.058,MW,NL,NL,actual_offshore_wind_generation,Wind Offshore | Actual Consumption,2026-08-07T04:53:21Z
2026-08-07T04:50:48Z,2026-08-07T06:50:48+0200,9de41e72-ad84-4160-af68-c339f970a640,2026-07-26T08:45:00Z,2026-07-26T10:45:00+0200,1385.835,MW,NL,NL,actual_offshore_wind_generation,Wind Offshore | Actual Aggregated,2026-08-07T04:53:21Z
2026-08-07T04:50:48Z,2026-08-07T06:50:48+0200,9de41e72-ad84-4160-af68-c339f970a640,2026-07-26T08:45:00Z,2026-07-26T10:45:00+0200,2.141,MW,NL,NL,actual_offshore_wind_generation,Wind Offshore | Actual Consumption,2026-08-07T04:53:21Z
2026-08-07T04:50:48Z,2026-08-07T06:50:48+0200,9de41e72-ad84-4160-af68-c339f970a640,2026-07-26T09:00:00Z,2026-07-26T11:00:00+0200,1543.382,MW,NL,NL,actual_offshore_wind_generation,Wind Offshore | Actual Aggregated,2026-08-07T04:53:21Z
2026-08-07T04:50:48Z,2026-08-07T06:50:48+0200,9de41e72-ad84-4160-af68-c339f970a640,2026-07-26T09:00:00Z,2026-07-26T11:00:00+0200,2.046,MW,NL,NL,actual_offshore_wind_generation,Wind Offshore | Actual Consumption,2026-08-07T04:53:21Z
2026-08-07T04:50:48Z,2026-08-07T06:50:48+0200,9de41e72-ad84-4160-af68-c339f970a640,2026-07-26T09:15:00Z,2026-07-26T11:15:00+0200,1192.975,MW,NL,NL,actual_offshore_wind_generation,Wind Offshore | Actual Aggregated,2026-08-07T04:53:21Z
2026-08-07T04:50:48Z,2026-08-07T06:50:48+0200,9de41e72-ad84-4160-af68-c339f970a640,2026-07-26T09:15:00Z,2026-07-26T11:15:00+0200,2.065,MW,NL,NL,actual_offshore_wind_generation,Wind Offshore | Actual Consumption,2026-08-07T04:53:21Z
2026-08-07T04:50:48Z,2026-08-07T06:50:48+0200,9de41e72-ad84-4160-af68-c339f970a640,2026-07-26T09:30:00Z,2026-07-26T11:30:00+0200,1409.986,MW,NL,NL,actual_offshore_wind_generation,Wind Offshore | Actual Aggregated,2026-08-07T04:53:21Z
2026-08-07T04:50:48Z,2026-08-07T06:50:48+0200,9de41e72-ad84-4160-af68-c339f970a640,2026-07-26T09:30:00Z,2026-07-26T11:30:00+0200,2.032,MW,NL,NL,actual_offshore_wind_generation,Wind Offshore | Actual Consumption,2026-08-07T04:53:21Z
2026-08-07T04:50:48Z,2026-08-07T06:50:48+0200,9de41e72-ad84-4160-af68-c339f970a640,2026-07-26T09:45:00Z,2026-07-26T11:45:00+0200,1861.461,MW,NL,NL,actual_offshore_wind_generation,Wind Offshore | Actual Aggregated,2026-08-07T04:53:21Z
2026-08-07T04:50:48Z,2026-08-07T06:50:48+0200,9de41e72-ad84-4160-af68-c339f970a640,2026-07-26T09:45:00Z,2026-07-26T11:45:00+0200,2.037,MW,NL,NL,actual_offshore_wind_generation,Wind Offshore | Actual Consumption,2026-08-07T04:53:21Z
2026-08-07T04:50:48Z,2026-08-07T06:50:48+0200,9de41e72-ad84-4160-af68-c339f970a640,2026-07-26T10:00:00Z,2026-07-26T12:00:00+0200,1327.351,MW,NL,NL,actual_offshore_wind_generation,Wind Offshore | Actual Aggregated,2026-08-07T04:53:21Z
2026-08-07T04:50:48Z,2026-08-07T06:50:48+0200,9de41e72-ad84-4160-af68-c339f970a640,2026-07-26T10:00:00Z,2026-07-26T12:00:00+0200,16.884,MW,NL,NL,actual_offshore_wind_generation,Wind Offshore | Actual Consumption,2026-08-07T04:53:21Z
2026-08-07T04:50:48Z,2026-08-07T06:50:48+0200,9de41e72-ad84-4160-af68-c339f970a640,2026-07-26T10:15:00Z,2026-07-26T12:15:00+0200,1482.209,MW,NL,NL,actual_offshore_wind_generation,Wind Offshore | Actual Aggregated,2026-08-07T04:53:21Z
2026-08-07T04:50:48Z,2026-08-07T06:50:48+0200,9de41e72-ad84-4160-af68-c339f970a640,2026-07-26T10:15:00Z,2026-07-26T12:15:00+0200,18.817,MW,NL,NL,actual_offshore_wind_generation,Wind Offshore | Actual Consumption,2026-08-07T04:53:21Z
2026-08-07T04:50:48Z,2026-08-07T06:50:48+0200,9de41e72-ad84-4160-af68-c339f970a640,2026-07-26T10:30:00Z,2026-07-26T12:30:00+0200,1581.726,MW,NL,NL,actual_offshore_wind_generation,Wind Offshore | Actual Aggregated,2026-08-07T04:53:21Z
2026-08-07T04:50:48Z,2026-08-07T06:50:48+0200,9de41e72-ad84-4160-af68-c339f970a640,2026-07-26T10:30:00Z,2026-07-26T12:30:00+0200,18.037,MW,NL,NL,actual_offshore_wind_generation,Wind Offshore | Actual Consumption,2026-08-07T04:53:21Z
2026-08-07T04:50:48Z,2026-08-07T06:50:48+0200,9de41e72-ad84-4160-af68-c339f970a640,2026-07-26T10:45:00Z,2026-07-26T12:45:00+0200,1550.948,MW,NL,NL,actual_offshore_wind_generation,Wind Offshore | Actual Aggregated,2026-08-07T04:53:21Z
2026-08-07T04:50:48Z,2026-08-07T06:50:48+0200,9de41e72-ad84-4160-af68-c339f970a640,2026-07-26T10:45:00Z,2026-07-26T12:45:00+0200,18.875,MW,NL,NL,actual_offshore_wind_generation,Wind Offshore | Actual Consumption,2026-08-07T04:53:21Z
2026-08-07T04:50:48Z,2026-08-07T06:50:48+0200,9de41e72-ad84-4160-af68-c339f970a640,2026-07-26T11:00:00Z,2026-07-26T13:00:00+0200,1721.808,MW,NL,NL,actual_offshore_wind_generation,Wind Offshore | Actual Aggregated,2026-08-07T04:53:21Z
2026-08-07T04:50:48Z,2026-08-07T06:50:48+0200,9de41e72-ad84-4160-af68-c339f970a640,2026-07-26T11:00:00Z,2026-07-26T13:00:00+0200,18.874,MW,NL,NL,actual_offshore_wind_generation,Wind Offshore | Actual Consumption,2026-08-07T04:53:21Z
2026-08-07T04:50:48Z,2026-08-07T06:50:48+0200,9de41e72-ad84-4160-af68-c339f970a640,2026-07-26T11:15:00Z,2026-07-26T13:15:00+0200,1929.498,MW,NL,NL,actual_offshore_wind_generation,Wind Offshore | Actual Aggregated,2026-08-07T04:53:21Z
2026-08-07T04:50:48Z,2026-08-07T06:50:48+0200,9de41e72-ad84-4160-af68-c339f970a640,2026-07-26T11:15:00Z,2026-07-26T13:15:00+0200,18.737,MW,NL,NL,actual_offshore_wind_generation,Wind Offshore | Actual Consumption,2026-08-07T04:53:21Z
2026-08-07T04:50:48Z,2026-08-07T06:50:48+0200,9de41e72-ad84-4160-af68-c339f970a640,2026-07-26T11:30:00Z,2026-07-26T13:30:00+0200,2036.302,MW,NL,NL,actual_offshore_wind_generation,Wind Offshore | Actual Aggregated,2026-08-07T04:53:21Z
2026-08-07T04:50:48Z,2026-08-07T06:50:48+0200,9de41e72-ad84-4160-af68-c339f970a640,2026-07-26T11:30:00Z,2026-07-26T13:30:00+0200,18.745,MW,NL,NL,actual_offshore_wind_generation,Wind Offshore | Actual Consumption,2026-08-07T04:53:21Z
2026-08-07T04:50:48Z,2026-08-07T06:50:48+0200,9de41e72-ad84-4160-af68-c339f970a640,2026-07-26T11:45:00Z,2026-07-26T13:45:00+0200,1852.015,MW,NL,NL,actual_offshore_wind_generation,Wind Offshore | Actual Aggregated,2026-08-07T04:53:21Z
2026-08-07T04:50:48Z,2026-08-07T06:50:48+0200,9de41e72-ad84-4160-af68-c339f970a640,2026-07-26T11:45:00Z,2026-07-26T13:45:00+0200,18.651,MW,NL,NL,actual_offshore_wind_generation,Wind Offshore | Actual Consumption,2026-08-07T04:53:21Z
2026-08-07T04:50:48Z,2026-08-07T06:50:48+0200,9de41e72-ad84-4160-af68-c339f970a640,2026-07-26T12:00:00Z,2026-07-26T14:00:00+0200,1652.79,MW,NL,NL,actual_offshore_wind_generation,Wind Offshore | Actual Aggregated,2026-08-07T04:53:21Z
2026-08-07T04:50:48Z,2026-08-07T06:50:48+0200,9de41e72-ad84-4160-af68-c339f970a640,2026-07-26T12:00:00Z,2026-07-26T14:00:00+0200,18.738,MW,NL,NL,actual_offshore_wind_generation,Wind Offshore | Actual Consumption,2026-08-07T04:53:21Z
2026-08-07T04:50:48Z,2026-08-07T06:50:48+0200,9de41e72-ad84-4160-af68-c339f970a640,2026-07-26T12:15:00Z,2026-07-26T14:15:00+0200,1798.837,MW,NL,NL,actual_offshore_wind_generation,Wind Offshore | Actual Aggregated,2026-08-07T04:53:21Z
2026-08-07T04:50:48Z,2026-08-07T06:50:48+0200,9de41e72-ad84-4160-af68-c339f970a640,2026-07-26T12:15:00Z,2026-07-26T14:15:00+0200,18.759,MW,NL,NL,actual_offshore_wind_generation,Wind Offshore | Actual Consumption,2026-08-07T04:53:21Z
2026-08-07T04:50:48Z,2026-08-07T06:50:48+0200,9de41e72-ad84-4160-af68-c339f970a640,2026-07-26T12:30:00Z,2026-07-26T14:30:00+0200,1911.113,MW,NL,NL,actual_offshore_wind_generation,Wind Offshore | Actual Aggregated,2026-08-07T04:53:21Z
2026-08-07T04:50:48Z,2026-08-07T06:50:48+0200,9de41e72-ad84-4160-af68-c339f970a640,2026-07-26T12:30:00Z,2026-07-26T14:30:00+0200,18.927,MW,NL,NL,actual_offshore_wind_generation,Wind Offshore | Actual Consumption,2026-08-07T04:53:21Z
2026-08-07T04:50:48Z,2026-08-07T06:50:48+0200,9de41e72-ad84-4160-af68-c339f970a640,2026-07-26T12:45:00Z,2026-07-26T14:45:00+0200,1908.437,MW,NL,NL,actual_offshore_wind_generation,Wind Offshore | Actual Aggregated,2026-08-07T04:53:21Z
2026-08-07T04:50:48Z,2026-08-07T06:50:48+0200,9de41e72-ad84-4160-af68-c339f970a640,2026-07-26T12:45:00Z,2026-07-26T14:45:00+0200,18.797,MW,NL,NL,actual_offshore_wind_generation,Wind Offshore | Actual Consumption,2026-08-07T04:53:21Z
2026-08-07T04:50:48Z,2026-08-07T06:50:48+0200,9de41e72-ad84-4160-af68-c339f970a640,2026-07-26T13:00:00Z,2026-07-26T15:00:00+0200,1472.547,MW,NL,NL,actual_offshore_wind_generation,Wind Offshore | Actual Aggregated,2026-08-07T04:53:21Z
2026-08-07T04:50:48Z,2026-08-07T06:50:48+0200,9de41e72-ad84-4160-af68-c339f970a640,2026-07-26T13:00:00Z,2026-07-26T15:00:00+0200,18.849,MW,NL,NL,actual_offshore_wind_generation,Wind Offshore | Actual Consumption,2026-08-07T04:53:21Z
2026-08-07T04:50:48Z,2026-08-07T06:50:48+0200,9de41e72-ad84-4160-af68-c339f970a640,2026-07-26T13:15:00Z,2026-07-26T15:15:00+0200,1407.143,MW,NL,NL,actual_offshore_wind_generation,Wind Offshore | Actual Aggregated,2026-08-07T04:53:21Z
2026-08-07T04:50:48Z,2026-08-07T06:50:48+0200,9de41e72-ad84-4160-af68-c339f970a640,2026-07-26T13:15:00Z,2026-07-26T15:15:00+0200,17.609,MW,NL,NL,actual_offshore_wind_generation,Wind Offshore | Actual Consumption,2026-08-07T04:53:21Z
2026-08-07T04:50:48Z,2026-08-07T06:50:48+0200,9de41e72-ad84-4160-af68-c339f970a640,2026-07-26T13:30:00Z,2026-07-26T15:30:00+0200,1456.634,MW,NL,NL,actual_offshore_wind_generation,Wind Offshore | Actual Aggregated,2026-08-07T04:53:21Z
2026-08-07T04:50:48Z,2026-08-07T06:50:48+0200,9de41e72-ad84-4160-af68-c339f970a640,2026-07-26T13:30:00Z,2026-07-26T15:30:00+0200,14.867,MW,NL,NL,actual_offshore_wind_generation,Wind Offshore | Actual Consumption,2026-08-07T04:53:21Z
2026-08-07T04:50:48Z,2026-08-07T06:50:48+0200,9de41e72-ad84-4160-af68-c339f970a640,2026-07-26T13:45:00Z,2026-07-26T15:45:00+0200,1855.702,MW,NL,NL,actual_offshore_wind_generation,Wind Offshore | Actual Aggregated,2026-08-07T04:53:21Z
2026-08-07T04:50:48Z,2026-08-07T06:50:48+0200,9de41e72-ad84-4160-af68-c339f970a640,2026-07-26T13:45:00Z,2026-07-26T15:45:00+0200,10.359,MW,NL,NL,actual_offshore_wind_generation,Wind Offshore | Actual Consumption,2026-08-07T04:53:21Z
2026-08-07T04:50:48Z,2026-08-07T06:50:48+0200,9de41e72-ad84-4160-af68-c339f970a640,2026-07-26T14:00:00Z,2026-07-26T16:00:00+0200,1764.245,MW,NL,NL,actual_offshore_wind_generation,Wind Offshore | Actual Aggregated,2026-08-07T04:53:21Z
2026-08-07T04:50:48Z,2026-08-07T06:50:48+0200,9de41e72-ad84-4160-af68-c339f970a640,2026-07-26T14:00:00Z,2026-07-26T16:00:00+0200,8.68,MW,NL,NL,actual_offshore_wind_generation,Wind Offshore | Actual Consumption,2026-08-07T04:53:21Z
2026-08-07T04:50:48Z,2026-08-07T06:50:48+0200,9de41e72-ad84-4160-af68-c339f970a640,2026-07-26T14:15:00Z,2026-07-26T16:15:00+0200,1655.463,MW,NL,NL,actual_offshore_wind_generation,Wind Offshore | Actual Aggregated,2026-08-07T04:53:21Z
2026-08-07T04:50:48Z,2026-08-07T06:50:48+0200,9de41e72-ad84-4160-af68-c339f970a640,2026-07-26T14:15:00Z,2026-07-26T16:15:00+0200,4.808,MW,NL,NL,actual_offshore_wind_generation,Wind Offshore | Actual Consumption,2026-08-07T04:53:21Z
2026-08-07T04:50:48Z,2026-08-07T06:50:48+0200,9de41e72-ad84-4160-af68-c339f970a640,2026-07-26T14:30:00Z,2026-07-26T16:30:00+0200,1696.155,MW,NL,NL,actual_offshore_wind_generation,Wind Offshore | Actual Aggregated,2026-08-07T04:53:21Z
2026-08-07T04:50:48Z,2026-08-07T06:50:48+0200,9de41e72-ad84-4160-af68-c339f970a640,2026-07-26T14:30:00Z,2026-07-26T16:30:00+0200,6.583,MW,NL,NL,actual_offshore_wind_generation,Wind Offshore | Actual Consumption,2026-08-07T04:53:21Z
2026-08-07T04:50:48Z,2026-08-07T06:50:48+0200,9de41e72-ad84-4160-af68-c339f970a640,2026-07-26T14:45:00Z,2026-07-26T16:45:00+0200,1590.963,MW,NL,NL,actual_offshore_wind_generation,Wind Offshore | Actual Aggregated,2026-08-07T04:53:21Z
2026-08-07T04:50:48Z,2026-08-07T06:50:48+0200,9de41e72-ad84-4160-af68-c339f970a640,2026-07-26T14:45:00Z,2026-07-26T16:45:00+0200,3.059,MW,NL,NL,actual_offshore_wind_generation,Wind Offshore | Actual Consumption,2026-08-07T04:53:21Z
2026-08-07T04:50:48Z,2026-08-07T06:50:48+0200,9de41e72-ad84-4160-af68-c339f970a640,2026-07-26T15:00:00Z,2026-07-26T17:00:00+0200,1503.689,MW,NL,NL,actual_offshore_wind_generation,Wind Offshore | Actual Aggregated,2026-08-07T04:53:21Z
2026-08-07T04:50:48Z,2026-08-07T06:50:48+0200,9de41e72-ad84-4160-af68-c339f970a640,2026-07-26T15:00:00Z,2026-07-26T17:00:00+0200,7.989,MW,NL,NL,actual_offshore_wind_generation,Wind Offshore | Actual Consumption,2026-08-07T04:53:21Z
2026-08-07T04:50:48Z,2026-08-07T06:50:48+0200,9de41e72-ad84-4160-af68-c339f970a640,2026-07-26T15:15:00Z,2026-07-26T17:15:00+0200,1581.426,MW,NL,NL,actual_offshore_wind_generation,Wind Offshore | Actual Aggregated,2026-08-07T04:53:21Z
2026-08-07T04:50:48Z,2026-08-07T06:50:48+0200,9de41e72-ad84-4160-af68-c339f970a640,2026-07-26T15:15:00Z,2026-07-26T17:15:00+0200,4.267,MW,NL,NL,actual_offshore_wind_generation,Wind Offshore | Actual Consumption,2026-08-07T04:53:21Z
2026-08-07T04:50:48Z,2026-08-07T06:50:48+0200,9de41e72-ad84-4160-af68-c339f970a640,2026-07-26T15:30:00Z,2026-07-26T17:30:00+0200,1909.466,MW,NL,NL,actual_offshore_wind_generation,Wind Offshore | Actual Aggregated,2026-08-07T04:53:21Z
2026-08-07T04:50:48Z,2026-08-07T06:50:48+0200,9de41e72-ad84-4160-af68-c339f970a640,2026-07-26T15:30:00Z,2026-07-26T17:30:00+0200,2.382,MW,NL,NL,actual_offshore_wind_generation,Wind Offshore | Actual Consumption,2026-08-07T04:53:21Z
2026-08-07T04:50:48Z,2026-08-07T06:50:48+0200,9de41e72-ad84-4160-af68-c339f970a640,2026-07-26T15:45:00Z,2026-07-26T17:45:00+0200,2061.448,MW,NL,NL,actual_offshore_wind_generation,Wind Offshore | Actual Aggregated,2026-08-07T04:53:21Z
2026-08-07T04:50:48Z,2026-08-07T06:50:48+0200,9de41e72-ad84-4160-af68-c339f970a640,2026-07-26T15:45:00Z,2026-07-26T17:45:00+0200,3.633,MW,NL,NL,actual_offshore_wind_generation,Wind Offshore | Actual Consumption,2026-08-07T04:53:21Z
2026-08-07T04:50:48Z,2026-08-07T06:50:48+0200,9de41e72-ad84-4160-af68-c339f970a640,2026-07-26T16:00:00Z,2026-07-26T18:00:00+0200,1815.41,MW,NL,NL,actual_offshore_wind_generation,Wind Offshore | Actual Aggregated,2026-08-07T04:53:21Z
2026-08-07T04:50:48Z,2026-08-07T06:50:48+0200,9de41e72-ad84-4160-af68-c339f970a640,2026-07-26T16:00:00Z,2026-07-26T18:00:00+0200,5.726,MW,NL,NL,actual_offshore_wind_generation,Wind Offshore | Actual Consumption,2026-08-07T04:53:21Z
2026-08-07T04:50:48Z,2026-08-07T06:50:48+0200,9de41e72-ad84-4160-af68-c339f970a640,2026-07-26T16:15:00Z,2026-07-26T18:15:00+0200,1595.753,MW,NL,NL,actual_offshore_wind_generation,Wind Offshore | Actual Aggregated,2026-08-07T04:53:21Z
2026-08-07T04:50:48Z,2026-08-07T06:50:48+0200,9de41e72-ad84-4160-af68-c339f970a640,2026-07-26T16:15:00Z,2026-07-26T18:15:00+0200,3.479,MW,NL,NL,actual_offshore_wind_generation,Wind Offshore | Actual Consumption,2026-08-07T04:53:21Z
2026-08-07T04:50:48Z,2026-08-07T06:50:48+0200,9de41e72-ad84-4160-af68-c339f970a640,2026-07-26T16:30:00Z,2026-07-26T18:30:00+0200,1522.938,MW,NL,NL,actual_offshore_wind_generation,Wind Offshore | Actual Aggregated,2026-08-07T04:53:21Z
2026-08-07T04:50:48Z,2026-08-07T06:50:48+0200,9de41e72-ad84-4160-af68-c339f970a640,2026-07-26T16:30:00Z,2026-07-26T18:30:00+0200,3.827,MW,NL,NL,actual_offshore_wind_generation,Wind Offshore | Actual Consumption,2026-08-07T04:53:21Z
2026-08-07T04:50:48Z,2026-08-07T06:50:48+0200,9de41e72-ad84-4160-af68-c339f970a640,2026-07-26T16:45:00Z,2026-07-26T18:45:00+0200,1225.28,MW,NL,NL,actual_offshore_wind_generation,Wind Offshore | Actual Aggregated,2026-08-07T04:53:21Z
2026-08-07T04:50:48Z,2026-08-07T06:50:48+0200,9de41e72-ad84-4160-af68-c339f970a640,2026-07-26T16:45:00Z,2026-07-26T18:45:00+0200,3.977,MW,NL,NL,actual_offshore_wind_generation,Wind Offshore | Actual Consumption,2026-08-07T04:53:21Z
2026-08-07T04:50:48Z,2026-08-07T06:50:48+0200,9de41e72-ad84-4160-af68-c339f970a640,2026-07-26T17:00:00Z,2026-07-26T19:00:00+0200,1231.961,MW,NL,NL,actual_offshore_wind_generation,Wind Offshore | Actual Aggregated,2026-08-07T04:53:21Z
2026-08-07T04:50:48Z,2026-08-07T06:50:48+0200,9de41e72-ad84-4160-af68-c339f970a640,2026-07-26T17:00:00Z,2026-07-26T19:00:00+0200,3.675,MW,NL,NL,actual_offshore_wind_generation,Wind Offshore | Actual Consumption,2026-08-07T04:53:21Z
2026-08-07T04:50:48Z,2026-08-07T06:50:48+0200,9de41e72-ad84-4160-af68-c339f970a640,2026-07-26T17:15:00Z,2026-07-26T19:15:00+0200,1169.145,MW,NL,NL,actual_offshore_wind_generation,Wind Offshore | Actual Aggregated,2026-08-07T04:53:21Z
2026-08-07T04:50:48Z,2026-08-07T06:50:48+0200,9de41e72-ad84-4160-af68-c339f970a640,2026-07-26T17:15:00Z,2026-07-26T19:15:00+0200,2.64,MW,NL,NL,actual_offshore_wind_generation,Wind Offshore | Actual Consumption,2026-08-07T04:53:21Z
2026-08-07T04:50:48Z,2026-08-07T06:50:48+0200,9de41e72-ad84-4160-af68-c339f970a640,2026-07-26T17:30:00Z,2026-07-26T19:30:00+0200,1097.846,MW,NL,NL,actual_offshore_wind_generation,Wind Offshore | Actual Aggregated,2026-08-07T04:53:21Z
2026-08-07T04:50:48Z,2026-08-07T06:50:48+0200,9de41e72-ad84-4160-af68-c339f970a640,2026-07-26T17:30:00Z,2026-07-26T19:30:00+0200,4.561,MW,NL,NL,actual_offshore_wind_generation,Wind Offshore | Actual Consumption,2026-08-07T04:53:21Z
2026-08-07T04:50:48Z,2026-08-07T06:50:48+0200,9de41e72-ad84-4160-af68-c339f970a640,2026-07-26T17:45:00Z,2026-07-26T19:45:00+0200,996.81,MW,NL,NL,actual_offshore_wind_generation,Wind Offshore | Actual Aggregated,2026-08-07T04:53:21Z
2026-08-07T04:50:48Z,2026-08-07T06:50:48+0200,9de41e72-ad84-4160-af68-c339f970a640,2026-07-26T17:45:00Z,2026-07-26T19:45:00+0200,5.204,MW,NL,NL,actual_offshore_wind_generation,Wind Offshore | Actual Consumption,2026-08-07T04:53:21Z
2026-08-07T04:50:48Z,2026-08-07T06:50:48+0200,9de41e72-ad84-4160-af68-c339f970a640,2026-07-26T18:00:00Z,2026-07-26T20:00:00+0200,941.597,MW,NL,NL,actual_offshore_wind_generation,Wind Offshore | Actual Aggregated,2026-08-07T04:53:21Z
2026-08-07T04:50:48Z,2026-08-07T06:50:48+0200,9de41e72-ad84-4160-af68-c339f970a640,2026-07-26T18:00:00Z,2026-07-26T20:00:00+0200,4.559,MW,NL,NL,actual_offshore_wind_generation,Wind Offshore | Actual Consumption,2026-08-07T04:53:21Z
2026-08-07T04:50:48Z,2026-08-07T06:50:48+0200,9de41e72-ad84-4160-af68-c339f970a640,2026-07-26T18:15:00Z,2026-07-26T20:15:00+0200,1002.556,MW,NL,NL,actual_offshore_wind_generation,Wind Offshore | Actual Aggregated,2026-08-07T04:53:21Z
2026-08-07T04:50:48Z,2026-08-07T06:50:48+0200,9de41e72-ad84-4160-af68-c339f970a640,2026-07-26T18:15:00Z,2026-07-26T20:15:00+0200,3.002,MW,NL,NL,actual_offshore_wind_generation,Wind Offshore | Actual Consumption,2026-08-07T04:53:21Z
2026-08-07T04:50:48Z,2026-08-07T06:50:48+0200,9de41e72-ad84-4160-af68-c339f970a640,2026-07-26T18:30:00Z,2026-07-26T20:30:00+0200,1067.806,MW,NL,NL,actual_offshore_wind_generation,Wind Offshore | Actual Aggregated,2026-08-07T04:53:21Z
2026-08-07T04:50:48Z,2026-08-07T06:50:48+0200,9de41e72-ad84-4160-af68-c339f970a640,2026-07-26T18:30:00Z,2026-07-26T20:30:00+0200,1.526,MW,NL,NL,actual_offshore_wind_generation,Wind Offshore | Actual Consumption,2026-08-07T04:53:21Z
2026-08-07T04:50:48Z,2026-08-07T06:50:48+0200,9de41e72-ad84-4160-af68-c339f970a640,2026-07-26T18:45:00Z,2026-07-26T20:45:00+0200,1163.3,MW,NL,NL,actual_offshore_wind_generation,Wind Offshore | Actual Aggregated,2026-08-07T04:53:21Z
2026-08-07T04:50:48Z,2026-08-07T06:50:48+0200,9de41e72-ad84-4160-af68-c339f970a640,2026-07-26T18:45:00Z,2026-07-26T20:45:00+0200,2.882,MW,NL,NL,actual_offshore_wind_generation,Wind Offshore | Actual Consumption,2026-08-07T04:53:21Z
2026-08-07T04:50:48Z,2026-08-07T06:50:48+0200,9de41e72-ad84-4160-af68-c339f970a640,2026-07-26T19:00:00Z,2026-07-26T21:00:00+0200,1323.019,MW,NL,NL,actual_offshore_wind_generation,Wind Offshore | Actual Aggregated,2026-08-07T04:53:21Z
2026-08-07T04:50:48Z,2026-08-07T06:50:48+0200,9de41e72-ad84-4160-af68-c339f970a640,2026-07-26T19:00:00Z,2026-07-26T21:00:00+0200,2.493,MW,NL,NL,actual_offshore_wind_generation,Wind Offshore | Actual Consumption,2026-08-07T04:53:21Z
2026-08-07T04:50:48Z,2026-08-07T06:50:48+0200,9de41e72-ad84-4160-af68-c339f970a640,2026-07-26T19:15:00Z,2026-07-26T21:15:00+0200,1782.363,MW,NL,NL,actual_offshore_wind_generation,Wind Offshore | Actual Aggregated,2026-08-07T04:53:21Z
2026-08-07T04:50:48Z,2026-08-07T06:50:48+0200,9de41e72-ad84-4160-af68-c339f970a640,2026-07-26T19:15:00Z,2026-07-26T21:15:00+0200,5.98,MW,NL,NL,actual_offshore_wind_generation,Wind Offshore | Actual Consumption,2026-08-07T04:53:21Z
2026-08-07T04:50:48Z,2026-08-07T06:50:48+0200,9de41e72-ad84-4160-af68-c339f970a640,2026-07-26T19:30:00Z,2026-07-26T21:30:00+0200,2112.91,MW,NL,NL,actual_offshore_wind_generation,Wind Offshore | Actual Aggregated,2026-08-07T04:53:21Z
2026-08-07T04:50:48Z,2026-08-07T06:50:48+0200,9de41e72-ad84-4160-af68-c339f970a640,2026-07-26T19:30:00Z,2026-07-26T21:30:00+0200,6.691,MW,NL,NL,actual_offshore_wind_generation,Wind Offshore | Actual Consumption,2026-08-07T04:53:21Z
2026-08-07T04:50:48Z,2026-08-07T06:50:48+0200,9de41e72-ad84-4160-af68-c339f970a640,2026-07-26T19:45:00Z,2026-07-26T21:45:00+0200,2202.653,MW,NL,NL,actual_offshore_wind_generation,Wind Offshore | Actual Aggregated,2026-08-07T04:53:21Z
2026-08-07T04:50:48Z,2026-08-07T06:50:48+0200,9de41e72-ad84-4160-af68-c339f970a640,2026-07-26T19:45:00Z,2026-07-26T21:45:00+0200,11.249,MW,NL,NL,actual_offshore_wind_generation,Wind Offshore | Actual Consumption,2026-08-07T04:53:21Z
2026-08-07T04:50:48Z,2026-08-07T06:50:48+0200,9de41e72-ad84-4160-af68-c339f970a640,2026-07-26T20:00:00Z,2026-07-26T22:00:00+0200,2388.321,MW,NL,NL,actual_offshore_wind_generation,Wind Offshore | Actual Aggregated,2026-08-07T04:53:21Z
2026-08-07T04:50:48Z,2026-08-07T06:50:48+0200,9de41e72-ad84-4160-af68-c339f970a640,2026-07-26T20:00:00Z,2026-07-26T22:00:00+0200,9.54,MW,NL,NL,actual_offshore_wind_generation,Wind Offshore | Actual Consumption,2026-08-07T04:53:21Z
2026-08-07T04:50:48Z,2026-08-07T06:50:48+0200,9de41e72-ad84-4160-af68-c339f970a640,2026-07-26T20:15:00Z,2026-07-26T22:15:00+0200,2312.481,MW,NL,NL,actual_offshore_wind_generation,Wind Offshore | Actual Aggregated,2026-08-07T04:53:21Z
2026-08-07T04:50:48Z,2026-08-07T06:50:48+0200,9de41e72-ad84-4160-af68-c339f970a640,2026-07-26T20:15:00Z,2026-07-26T22:15:00+0200,9.551,MW,NL,NL,actual_offshore_wind_generation,Wind Offshore | Actual Consumption,2026-08-07T04:53:21Z
2026-08-07T04:50:48Z,2026-08-07T06:50:48+0200,9de41e72-ad84-4160-af68-c339f970a640,2026-07-26T20:30:00Z,2026-07-26T22:30:00+0200,2318.98,MW,NL,NL,actual_offshore_wind_generation,Wind Offshore | Actual Aggregated,2026-08-07T04:53:21Z
2026-08-07T04:50:48Z,2026-08-07T06:50:48+0200,9de41e72-ad84-4160-af68-c339f970a640,2026-07-26T20:30:00Z,2026-07-26T22:30:00+0200,10.088,MW,NL,NL,actual_offshore_wind_generation,Wind Offshore | Actual Consumption,2026-08-07T04:53:21Z
2026-08-07T04:50:48Z,2026-08-07T06:50:48+0200,9de41e72-ad84-4160-af68-c339f970a640,2026-07-26T20:45:00Z,2026-07-26T22:45:00+0200,2648.282,MW,NL,NL,actual_offshore_wind_generation,Wind Offshore | Actual Aggregated,2026-08-07T04:53:21Z
2026-08-07T04:50:48Z,2026-08-07T06:50:48+0200,9de41e72-ad84-4160-af68-c339f970a640,2026-07-26T20:45:00Z,2026-07-26T22:45:00+0200,8.077,MW,NL,NL,actual_offshore_wind_generation,Wind Offshore | Actual Consumption,2026-08-07T04:53:21Z
2026-08-07T04:50:48Z,2026-08-07T06:50:48+0200,9de41e72-ad84-4160-af68-c339f970a640,2026-07-26T21:00:00Z,2026-07-26T23:00:00+0200,2602.985,MW,NL,NL,actual_offshore_wind_generation,Wind Offshore | Actual Aggregated,2026-08-07T04:53:21Z
2026-08-07T04:50:48Z,2026-08-07T06:50:48+0200,9de41e72-ad84-4160-af68-c339f970a640,2026-07-26T21:00:00Z,2026-07-26T23:00:00+0200,8.499,MW,NL,NL,actual_offshore_wind_generation,Wind Offshore | Actual Consumption,2026-08-07T04:53:21Z
2026-08-07T04:50:48Z,2026-08-07T06:50:48+0200,9de41e72-ad84-4160-af68-c339f970a640,2026-07-26T21:15:00Z,2026-07-26T23:15:00+0200,2273.454,MW,NL,NL,actual_offshore_wind_generation,Wind Offshore | Actual Aggregated,2026-08-07T04:53:21Z
2026-08-07T04:50:48Z,2026-08-07T06:50:48+0200,9de41e72-ad84-4160-af68-c339f970a640,2026-07-26T21:15:00Z,2026-07-26T23:15:00+0200,7.21,MW,NL,NL,actual_offshore_wind_generation,Wind Offshore | Actual Consumption,2026-08-07T04:53:21Z
2026-08-07T04:50:48Z,2026-08-07T06:50:48+0200,9de41e72-ad84-4160-af68-c339f970a640,2026-07-26T21:30:00Z,2026-07-26T23:30:00+0200,2425.614,MW,NL,NL,actual_offshore_wind_generation,Wind Offshore | Actual Aggregated,2026-08-07T04:53:21Z
2026-08-07T04:50:48Z,2026-08-07T06:50:48+0200,9de41e72-ad84-4160-af68-c339f970a640,2026-07-26T21:30:00Z,2026-07-26T23:30:00+0200,8.336,MW,NL,NL,actual_offshore_wind_generation,Wind Offshore | Actual Consumption,2026-08-07T04:53:21Z
2026-08-07T04:50:48Z,2026-08-07T06:50:48+0200,9de41e72-ad84-4160-af68-c339f970a640,2026-07-26T21:45:00Z,2026-07-26T23:45:00+0200,2489.664,MW,NL,NL,actual_offshore_wind_generation,Wind Offshore | Actual Aggregated,2026-08-07T04:53:21Z
2026-08-07T04:50:48Z,2026-08-07T06:50:48+0200,9de41e72-ad84-4160-af68-c339f970a640,2026-07-26T21:45:00Z,2026-07-26T23:45:00+0200,12.32,MW,NL,NL,actual_offshore_wind_generation,Wind Offshore | Actual Consumption,2026-08-07T04:53:21Z
2026-08-07T04:50:48Z,2026-08-07T06:50:48+0200,9de41e72-ad84-4160-af68-c339f970a640,2026-07-26T22:00:00Z,2026-07-27T00:00:00+0200,2922.232,MW,NL,NL,actual_offshore_wind_generation,Wind Offshore | Actual Aggregated,2026-08-07T04:53:21Z
2026-08-07T04:50:48Z,2026-08-07T06:50:48+0200,9de41e72-ad84-4160-af68-c339f970a640,2026-07-26T22:00:00Z,2026-07-27T00:00:00+0200,14.194,MW,NL,NL,actual_offshore_wind_generation,Wind Offshore | Actual Consumption,2026-08-07T04:53:21Z
2026-08-07T04:50:48Z,2026-08-07T06:50:48+0200,9de41e72-ad84-4160-af68-c339f970a640,2026-07-26T22:15:00Z,2026-07-27T00:15:00+0200,3030.991,MW,NL,NL,actual_offshore_wind_generation,Wind Offshore | Actual Aggregated,2026-08-07T04:53:21Z
2026-08-07T04:50:48Z,2026-08-07T06:50:48+0200,9de41e72-ad84-4160-af68-c339f970a640,2026-07-26T22:15:00Z,2026-07-27T00:15:00+0200,9.98,MW,NL,NL,actual_offshore_wind_generation,Wind Offshore | Actual Consumption,2026-08-07T04:53:21Z
2026-08-07T04:50:48Z,2026-08-07T06:50:48+0200,9de41e72-ad84-4160-af68-c339f970a640,2026-07-26T22:30:00Z,2026-07-27T00:30:00+0200,2957.117,MW,NL,NL,actual_offshore_wind_generation,Wind Offshore | Actual Aggregated,2026-08-07T04:53:21Z
2026-08-07T04:50:48Z,2026-08-07T06:50:48+0200,9de41e72-ad84-4160-af68-c339f970a640,2026-07-26T22:30:00Z,2026-07-27T00:30:00+0200,3.672,MW,NL,NL,actual_offshore_wind_generation,Wind Offshore | Actual Consumption,2026-08-07T04:53:21Z
2026-08-07T04:50:48Z,2026-08-07T06:50:48+0200,9de41e72-ad84-4160-af68-c339f970a640,2026-07-26T22:45:00Z,2026-07-27T00:45:00+0200,3048.207,MW,NL,NL,actual_offshore_wind_generation,Wind Offshore | Actual Aggregated,2026-08-07T04:53:21Z
2026-08-07T04:50:48Z,2026-08-07T06:50:48+0200,9de41e72-ad84-4160-af68-c339f970a640,2026-07-26T22:45:00Z,2026-07-27T00:45:00+0200,4.69,MW,NL,NL,actual_offshore_wind_generation,Wind Offshore | Actual Consumption,2026-08-07T04:53:21Z
2026-08-07T04:50:48Z,2026-08-07T06:50:48+0200,9de41e72-ad84-4160-af68-c339f970a640,2026-07-26T23:00:00Z,2026-07-27T01:00:00+0200,3171.387,MW,NL,NL,actual_offshore_wind_generation,Wind Offshore | Actual Aggregated,2026-08-07T04:53:21Z
2026-08-07T04:50:48Z,2026-08-07T06:50:48+0200,9de41e72-ad84-4160-af68-c339f970a640,2026-07-26T23:00:00Z,2026-07-27T01:00:00+0200,6.174,MW,NL,NL,actual_offshore_wind_generation,Wind Offshore | Actual Consumption,2026-08-07T04:53:21Z
2026-08-07T04:50:48Z,2026-08-07T06:50:48+0200,9de41e72-ad84-4160-af68-c339f970a640,2026-07-26T23:15:00Z,2026-07-27T01:15:00+0200,3150.572,MW,NL,NL,actual_offshore_wind_generation,Wind Offshore | Actual Aggregated,2026-08-07T04:53:21Z
2026-08-07T04:50:48Z,2026-08-07T06:50:48+0200,9de41e72-ad84-4160-af68-c339f970a640,2026-07-26T23:15:00Z,2026-07-27T01:15:00+0200,8.913,MW,NL,NL,actual_offshore_wind_generation,Wind Offshore | Actual Consumption,2026-08-07T04:53:21Z
2026-08-07T04:50:48Z,2026-08-07T06:50:48+0200,9de41e72-ad84-4160-af68-c339f970a640,2026-07-26T23:30:00Z,2026-07-27T01:30:00+0200,3239.926,MW,NL,NL,actual_offshore_wind_generation,Wind Offshore | Actual Aggregated,2026-08-07T04:53:21Z
2026-08-07T04:50:48Z,2026-08-07T06:50:48+0200,9de41e72-ad84-4160-af68-c339f970a640,2026-07-26T23:30:00Z,2026-07-27T01:30:00+0200,13.604,MW,NL,NL,actual_offshore_wind_generation,Wind Offshore | Actual Consumption,2026-08-07T04:53:21Z
2026-08-07T04:50:48Z,2026-08-07T06:50:48+0200,9de41e72-ad84-4160-af68-c339f970a640,2026-07-26T23:45:00Z,2026-07-27T01:45:00+0200,3304.218,MW,NL,NL,actual_offshore_wind_generation,Wind Offshore | Actual Aggregated,2026-08-07T04:53:21Z
2026-08-07T04:50:48Z,2026-08-07T06:50:48+0200,9de41e72-ad84-4160-af68-c339f970a640,2026-07-26T23:45:00Z,2026-07-27T01:45:00+0200,13.789,MW,NL,NL,actual_offshore_wind_generation,Wind Offshore | Actual Consumption,2026-08-07T04:53:21Z
2026-08-07T04:50:48Z,2026-08-07T06:50:48+0200,9de41e72-ad84-4160-af68-c339f970a640,2026-07-27T00:00:00Z,2026-07-27T02:00:00+0200,3155.338,MW,NL,NL,actual_offshore_wind_generation,Wind Offshore | Actual Aggregated,2026-08-07T04:53:21Z
2026-08-07T04:50:48Z,2026-08-07T06:50:48+0200,9de41e72-ad84-4160-af68-c339f970a640,2026-07-27T00:00:00Z,2026-07-27T02:00:00+0200,18.827,MW,NL,NL,actual_offshore_wind_generation,Wind Offshore | Actual Consumption,2026-08-07T04:53:21Z
2026-08-07T04:50:48Z,2026-08-07T06:50:48+0200,9de41e72-ad84-4160-af68-c339f970a640,2026-07-27T00:15:00Z,2026-07-27T02:15:00+0200,3091.029,MW,NL,NL,actual_offshore_wind_generation,Wind Offshore | Actual Aggregated,2026-08-07T04:53:21Z
2026-08-07T04:50:48Z,2026-08-07T06:50:48+0200,9de41e72-ad84-4160-af68-c339f970a640,2026-07-27T00:15:00Z,2026-07-27T02:15:00+0200,18.471,MW,NL,NL,actual_offshore_wind_generation,Wind Offshore | Actual Consumption,2026-08-07T04:53:21Z
2026-08-07T04:50:48Z,2026-08-07T06:50:48+0200,9de41e72-ad84-4160-af68-c339f970a640,2026-07-27T00:30:00Z,2026-07-27T02:30:00+0200,3119.373,MW,NL,NL,actual_offshore_wind_generation,Wind Offshore | Actual Aggregated,2026-08-07T04:53:21Z
2026-08-07T04:50:48Z,2026-08-07T06:50:48+0200,9de41e72-ad84-4160-af68-c339f970a640,2026-07-27T00:30:00Z,2026-07-27T02:30:00+0200,16.542,MW,NL,NL,actual_offshore_wind_generation,Wind Offshore | Actual Consumption,2026-08-07T04:53:21Z
2026-08-07T04:50:48Z,2026-08-07T06:50:48+0200,9de41e72-ad84-4160-af68-c339f970a640,2026-07-27T00:45:00Z,2026-07-27T02:45:00+0200,3026.606,MW,NL,NL,actual_offshore_wind_generation,Wind Offshore | Actual Aggregated,2026-08-07T04:53:21Z
2026-08-07T04:50:48Z,2026-08-07T06:50:48+0200,9de41e72-ad84-4160-af68-c339f970a640,2026-07-27T00:45:00Z,2026-07-27T02:45:00+0200,16.436,MW,NL,NL,actual_offshore_wind_generation,Wind Offshore | Actual Consumption,2026-08-07T04:53:21Z
2026-08-07T04:50:48Z,2026-08-07T06:50:48+0200,9de41e72-ad84-4160-af68-c339f970a640,2026-07-27T01:00:00Z,2026-07-27T03:00:00+0200,3076.643,MW,NL,NL,actual_offshore_wind_generation,Wind Offshore | Actual Aggregated,2026-08-07T04:53:21Z
2026-08-07T04:50:48Z,2026-08-07T06:50:48+0200,9de41e72-ad84-4160-af68-c339f970a640,2026-07-27T01:00:00Z,2026-07-27T03:00:00+0200,13.779,MW,NL,NL,actual_offshore_wind_generation,Wind Offshore | Actual Consumption,2026-08-07T04:53:21Z
2026-08-07T04:50:48Z,2026-08-07T06:50:48+0200,9de41e72-ad84-4160-af68-c339f970a640,2026-07-27T01:15:00Z,2026-07-27T03:15:00+0200,2964.867,MW,NL,NL,actual_offshore_wind_generation,Wind Offshore | Actual Aggregated,2026-08-07T04:53:21Z
2026-08-07T04:50:48Z,2026-08-07T06:50:48+0200,9de41e72-ad84-4160-af68-c339f970a640,2026-07-27T01:15:00Z,2026-07-27T03:15:00+0200,14.073,MW,NL,NL,actual_offshore_wind_generation,Wind Offshore | Actual Consumption,2026-08-07T04:53:21Z
2026-08-07T04:50:48Z,2026-08-07T06:50:48+0200,9de41e72-ad84-4160-af68-c339f970a640,2026-07-27T01:30:00Z,2026-07-27T03:30:00+0200,2879.823,MW,NL,NL,actual_offshore_wind_generation,Wind Offshore | Actual Aggregated,2026-08-07T04:53:21Z
2026-08-07T04:50:48Z,2026-08-07T06:50:48+0200,9de41e72-ad84-4160-af68-c339f970a640,2026-07-27T01:30:00Z,2026-07-27T03:30:00+0200,17.814,MW,NL,NL,actual_offshore_wind_generation,Wind Offshore | Actual Consumption,2026-08-07T04:53:21Z
2026-08-07T04:50:48Z,2026-08-07T06:50:48+0200,9de41e72-ad84-4160-af68-c339f970a640,2026-07-27T01:45:00Z,2026-07-27T03:45:00+0200,2877.67,MW,NL,NL,actual_offshore_wind_generation,Wind Offshore | Actual Aggregated,2026-08-07T04:53:21Z
2026-08-07T04:50:48Z,2026-08-07T06:50:48+0200,9de41e72-ad84-4160-af68-c339f970a640,2026-07-27T01:45:00Z,2026-07-27T03:45:00+0200,18.014,MW,NL,NL,actual_offshore_wind_generation,Wind Offshore | Actual Consumption,2026-08-07T04:53:21Z
2026-08-07T04:50:48Z,2026-08-07T06:50:48+0200,9de41e72-ad84-4160-af68-c339f970a640,2026-07-27T02:00:00Z,2026-07-27T04:00:00+0200,2812.214,MW,NL,NL,actual_offshore_wind_generation,Wind Offshore | Actual Aggregated,2026-08-07T04:53:21Z
2026-08-07T04:50:48Z,2026-08-07T06:50:48+0200,9de41e72-ad84-4160-af68-c339f970a640,2026-07-27T02:00:00Z,2026-07-27T04:00:00+0200,16.396,MW,NL,NL,actual_offshore_wind_generation,Wind Offshore | Actual Consumption,2026-08-07T04:53:21Z
2026-08-07T04:50:48Z,2026-08-07T06:50:48+0200,9de41e72-ad84-4160-af68-c339f970a640,2026-07-27T02:15:00Z,2026-07-27T04:15:00+0200,2631.602,MW,NL,NL,actual_offshore_wind_generation,Wind Offshore | Actual Aggregated,2026-08-07T04:53:21Z
2026-08-07T04:50:48Z,2026-08-07T06:50:48+0200,9de41e72-ad84-4160-af68-c339f970a640,2026-07-27T02:15:00Z,2026-07-27T04:15:00+0200,13.381,MW,NL,NL,actual_offshore_wind_generation,Wind Offshore | Actual Consumption,2026-08-07T04:53:21Z
2026-08-07T04:50:48Z,2026-08-07T06:50:48+0200,9de41e72-ad84-4160-af68-c339f970a640,2026-07-27T02:30:00Z,2026-07-27T04:30:00+0200,2376.409,MW,NL,NL,actual_offshore_wind_generation,Wind Offshore | Actual Aggregated,2026-08-07T04:53:21Z
2026-08-07T04:50:48Z,2026-08-07T06:50:48+0200,9de41e72-ad84-4160-af68-c339f970a640,2026-07-27T02:30:00Z,2026-07-27T04:30:00+0200,12.595,MW,NL,NL,actual_offshore_wind_generation,Wind Offshore | Actual Consumption,2026-08-07T04:53:21Z
2026-08-07T04:50:48Z,2026-08-07T06:50:48+0200,9de41e72-ad84-4160-af68-c339f970a640,2026-07-27T02:45:00Z,2026-07-27T04:45:00+0200,2184.134,MW,NL,NL,actual_offshore_wind_generation,Wind Offshore | Actual Aggregated,2026-08-07T04:53:21Z
2026-08-07T04:50:48Z,2026-08-07T06:50:48+0200,9de41e72-ad84-4160-af68-c339f970a640,2026-07-27T02:45:00Z,2026-07-27T04:45:00+0200,9.996,MW,NL,NL,actual_offshore_wind_generation,Wind Offshore | Actual Consumption,2026-08-07T04:53:21Z
2026-08-07T04:50:48Z,2026-08-07T06:50:48+0200,9de41e72-ad84-4160-af68-c339f970a640,2026-07-27T03:00:00Z,2026-07-27T05:00:00+0200,2126.106,MW,NL,NL,actual_offshore_wind_generation,Wind Offshore | Actual Aggregated,2026-08-07T04:53:21Z
2026-08-07T04:50:48Z,2026-08-07T06:50:48+0200,9de41e72-ad84-4160-af68-c339f970a640,2026-07-27T03:00:00Z,2026-07-27T05:00:00+0200,12.94,MW,NL,NL,actual_offshore_wind_generation,Wind Offshore | Actual Consumption,2026-08-07T04:53:21Z
2026-08-07T04:50:48Z,2026-08-07T06:50:48+0200,9de41e72-ad84-4160-af68-c339f970a640,2026-07-27T03:15:00Z,2026-07-27T05:15:00+0200,2083.019,MW,NL,NL,actual_offshore_wind_generation,Wind Offshore | Actual Aggregated,2026-08-07T04:53:21Z
2026-08-07T04:50:48Z,2026-08-07T06:50:48+0200,9de41e72-ad84-4160-af68-c339f970a640,2026-07-27T03:15:00Z,2026-07-27T05:15:00+0200,11.138,MW,NL,NL,actual_offshore_wind_generation,Wind Offshore | Actual Consumption,2026-08-07T04:53:21Z
2026-08-07T04:50:48Z,2026-08-07T06:50:48+0200,9de41e72-ad84-4160-af68-c339f970a640,2026-07-27T03:30:00Z,2026-07-27T05:30:00+0200,2110.858,MW,NL,NL,actual_offshore_wind_generation,Wind Offshore | Actual Aggregated,2026-08-07T04:53:21Z
2026-08-07T04:50:48Z,2026-08-07T06:50:48+0200,9de41e72-ad84-4160-af68-c339f970a640,2026-07-27T03:30:00Z,2026-07-27T05:30:00+0200,8.591,MW,NL,NL,actual_offshore_wind_generation,Wind Offshore | Actual Consumption,2026-08-07T04:53:21Z
2026-08-07T04:50:48Z,2026-08-07T06:50:48+0200,9de41e72-ad84-4160-af68-c339f970a640,2026-07-27T03:45:00Z,2026-07-27T05:45:00+0200,2191.674,MW,NL,NL,actual_offshore_wind_generation,Wind Offshore | Actual Aggregated,2026-08-07T04:53:21Z
2026-08-07T04:50:48Z,2026-08-07T06:50:48+0200,9de41e72-ad84-4160-af68-c339f970a640,2026-07-27T03:45:00Z,2026-07-27T05:45:00+0200,8.044,MW,NL,NL,actual_offshore_wind_generation,Wind Offshore | Actual Consumption,2026-08-07T04:53:21Z
2026-08-07T04:50:48Z,2026-08-07T06:50:48+0200,9de41e72-ad84-4160-af68-c339f970a640,2026-07-27T04:00:00Z,2026-07-27T06:00:00+0200,2224.343,MW,NL,NL,actual_offshore_wind_generation,Wind Offshore | Actual Aggregated,2026-08-07T04:53:21Z
2026-08-07T04:50:48Z,2026-08-07T06:50:48+0200,9de41e72-ad84-4160-af68-c339f970a640,2026-07-27T04:00:00Z,2026-07-27T06:00:00+0200,7.951,MW,NL,NL,actual_offshore_wind_generation,Wind Offshore | Actual Consumption,2026-08-07T04:53:21Z
2026-08-07T04:50:48Z,2026-08-07T06:50:48+0200,9de41e72-ad84-4160-af68-c339f970a640,2026-07-27T04:15:00Z,2026-07-27T06:15:00+0200,2184.871,MW,NL,NL,actual_offshore_wind_generation,Wind Offshore | Actual Aggregated,2026-08-07T04:53:21Z
2026-08-07T04:50:48Z,2026-08-07T06:50:48+0200,9de41e72-ad84-4160-af68-c339f970a640,2026-07-27T04:15:00Z,2026-07-27T06:15:00+0200,7.441,MW,NL,NL,actual_offshore_wind_generation,Wind Offshore | Actual Consumption,2026-08-07T04:53:21Z
2026-08-07T04:50:48Z,2026-08-07T06:50:48+0200,9de41e72-ad84-4160-af68-c339f970a640,2026-07-27T04:30:00Z,2026-07-27T06:30:00+0200,2063.95,MW,NL,NL,actual_offshore_wind_generation,Wind Offshore | Actual Aggregated,2026-08-07T04:53:21Z
2026-08-07T04:50:48Z,2026-08-07T06:50:48+0200,9de41e72-ad84-4160-af68-c339f970a640,2026-07-27T04:30:00Z,2026-07-27T06:30:00+0200,10.381,MW,NL,NL,actual_offshore_wind_generation,Wind Offshore | Actual Consumption,2026-08-07T04:53:21Z
2026-08-07T04:50:48Z,2026-08-07T06:50:48+0200,9de41e72-ad84-4160-af68-c339f970a640,2026-07-27T04:45:00Z,2026-07-27T06:45:00+0200,2046.12,MW,NL,NL,actual_offshore_wind_generation,Wind Offshore | Actual Aggregated,2026-08-07T04:53:21Z
2026-08-07T04:50:48Z,2026-08-07T06:50:48+0200,9de41e72-ad84-4160-af68-c339f970a640,2026-07-27T04:45:00Z,2026-07-27T06:45:00+0200,10.109,MW,NL,NL,actual_offshore_wind_generation,Wind Offshore | Actual Consumption,2026-08-07T04:53:21Z
2026-08-07T04:50:48Z,2026-08-07T06:50:48+0200,9de41e72-ad84-4160-af68-c339f970a640,2026-07-27T05:00:00Z,2026-07-27T07:00:00+0200,1872.188,MW,NL,NL,actual_offshore_wind_generation,Wind Offshore | Actual Aggregated,2026-08-07T04:53:21Z
2026-08-07T04:50:48Z,2026-08-07T06:50:48+0200,9de41e72-ad84-4160-af68-c339f970a640,2026-07-27T05:00:00Z,2026-07-27T07:00:00+0200,9.557,MW,NL,NL,actual_offshore_wind_generation,Wind Offshore | Actual Consumption,2026-08-07T04:53:21Z
2026-08-07T04:50:48Z,2026-08-07T06:50:48+0200,9de41e72-ad84-4160-af68-c339f970a640,2026-07-27T05:15:00Z,2026-07-27T07:15:00+0200,1844.599,MW,NL,NL,actual_offshore_wind_generation,Wind Offshore | Actual Aggregated,2026-08-07T04:53:21Z
2026-08-07T04:50:48Z,2026-08-07T06:50:48+0200,9de41e72-ad84-4160-af68-c339f970a640,2026-07-27T05:15:00Z,2026-07-27T07:15:00+0200,9.432,MW,NL,NL,actual_offshore_wind_generation,Wind Offshore | Actual Consumption,2026-08-07T04:53:21Z
2026-08-07T04:50:48Z,2026-08-07T06:50:48+0200,9de41e72-ad84-4160-af68-c339f970a640,2026-07-27T05:30:00Z,2026-07-27T07:30:00+0200,1847.188,MW,NL,NL,actual_offshore_wind_generation,Wind Offshore | Actual Aggregated,2026-08-07T04:53:21Z
2026-08-07T04:50:48Z,2026-08-07T06:50:48+0200,9de41e72-ad84-4160-af68-c339f970a640,2026-07-27T05:30:00Z,2026-07-27T07:30:00+0200,10.021,MW,NL,NL,actual_offshore_wind_generation,Wind Offshore | Actual Consumption,2026-08-07T04:53:21Z
2026-08-07T04:50:48Z,2026-08-07T06:50:48+0200,9de41e72-ad84-4160-af68-c339f970a640,2026-07-27T05:45:00Z,2026-07-27T07:45:00+0200,1633.488,MW,NL,NL,actual_offshore_wind_generation,Wind Offshore | Actual Aggregated,2026-08-07T04:53:21Z
2026-08-07T04:50:48Z,2026-08-07T06:50:48+0200,9de41e72-ad84-4160-af68-c339f970a640,2026-07-27T05:45:00Z,2026-07-27T07:45:00+0200,8.923,MW,NL,NL,actual_offshore_wind_generation,Wind Offshore | Actual Consumption,2026-08-07T04:53:21Z
2026-08-07T04:50:48Z,2026-08-07T06:50:48+0200,9de41e72-ad84-4160-af68-c339f970a640,2026-07-27T06:00:00Z,2026-07-27T08:00:00+0200,1446.512,MW,NL,NL,actual_offshore_wind_generation,Wind Offshore | Actual Aggregated,2026-08-07T04:53:21Z
2026-08-07T04:50:48Z,2026-08-07T06:50:48+0200,9de41e72-ad84-4160-af68-c339f970a640,2026-07-27T06:00:00Z,2026-07-27T08:00:00+0200,7.775,MW,NL,NL,actual_offshore_wind_generation,Wind Offshore | Actual Consumption,2026-08-07T04:53:21Z
2026-08-07T04:50:48Z,2026-08-07T06:50:48+0200,9de41e72-ad84-4160-af68-c339f970a640,2026-07-27T06:15:00Z,2026-07-27T08:15:00+0200,1295.959,MW,NL,NL,actual_offshore_wind_generation,Wind Offshore | Actual Aggregated,2026-08-07T04:53:21Z
2026-08-07T04:50:48Z,2026-08-07T06:50:48+0200,9de41e72-ad84-4160-af68-c339f970a640,2026-07-27T06:15:00Z,2026-07-27T08:15:00+0200,7.587,MW,NL,NL,actual_offshore_wind_generation,Wind Offshore | Actual Consumption,2026-08-07T04:53:21Z
2026-08-07T04:50:48Z,2026-08-07T06:50:48+0200,9de41e72-ad84-4160-af68-c339f970a640,2026-07-27T06:30:00Z,2026-07-27T08:30:00+0200,1280.622,MW,NL,NL,actual_offshore_wind_generation,Wind Offshore | Actual Aggregated,2026-08-07T04:53:21Z
2026-08-07T04:50:48Z,2026-08-07T06:50:48+0200,9de41e72-ad84-4160-af68-c339f970a640,2026-07-27T06:30:00Z,2026-07-27T08:30:00+0200,4.603,MW,NL,NL,actual_offshore_wind_generation,Wind Offshore | Actual Consumption,2026-08-07T04:53:21Z
2026-08-07T04:50:48Z,2026-08-07T06:50:48+0200,9de41e72-ad84-4160-af68-c339f970a640,2026-07-27T06:45:00Z,2026-07-27T08:45:00+0200,1327.914,MW,NL,NL,actual_offshore_wind_generation,Wind Offshore | Actual Aggregated,2026-08-07T04:53:21Z
2026-08-07T04:50:48Z,2026-08-07T06:50:48+0200,9de41e72-ad84-4160-af68-c339f970a640,2026-07-27T06:45:00Z,2026-07-27T08:45:00+0200,4.51,MW,NL,NL,actual_offshore_wind_generation,Wind Offshore | Actual Consumption,2026-08-07T04:53:21Z
2026-08-07T04:50:48Z,2026-08-07T06:50:48+0200,9de41e72-ad84-4160-af68-c339f970a640,2026-07-27T07:00:00Z,2026-07-27T09:00:00+0200,1379.335,MW,NL,NL,actual_offshore_wind_generation,Wind Offshore | Actual Aggregated,2026-08-07T04:53:21Z
2026-08-07T04:50:48Z,2026-08-07T06:50:48+0200,9de41e72-ad84-4160-af68-c339f970a640,2026-07-27T07:00:00Z,2026-07-27T09:00:00+0200,3.249,MW,NL,NL,actual_offshore_wind_generation,Wind Offshore | Actual Consumption,2026-08-07T04:53:21Z
2026-08-07T04:50:48Z,2026-08-07T06:50:48+0200,9de41e72-ad84-4160-af68-c339f970a640,2026-07-27T07:15:00Z,2026-07-27T09:15:00+0200,1403.336,MW,NL,NL,actual_offshore_wind_generation,Wind Offshore | Actual Aggregated,2026-08-07T04:53:21Z
2026-08-07T04:50:48Z,2026-08-07T06:50:48+0200,9de41e72-ad84-4160-af68-c339f970a640,2026-07-27T07:15:00Z,2026-07-27T09:15:00+0200,4.057,MW,NL,NL,actual_offshore_wind_generation,Wind Offshore | Actual Consumption,2026-08-07T04:53:21Z
2026-08-07T04:50:48Z,2026-08-07T06:50:48+0200,9de41e72-ad84-4160-af68-c339f970a640,2026-07-27T07:30:00Z,2026-07-27T09:30:00+0200,1428.728,MW,NL,NL,actual_offshore_wind_generation,Wind Offshore | Actual Aggregated,2026-08-07T04:53:21Z
2026-08-07T04:50:48Z,2026-08-07T06:50:48+0200,9de41e72-ad84-4160-af68-c339f970a640,2026-07-27T07:30:00Z,2026-07-27T09:30:00+0200,3.809,MW,NL,NL,actual_offshore_wind_generation,Wind Offshore | Actual Consumption,2026-08-07T04:53:21Z
2026-08-07T04:50:48Z,2026-08-07T06:50:48+0200,9de41e72-ad84-4160-af68-c339f970a640,2026-07-27T07:45:00Z,2026-07-27T09:45:00+0200,1414.143,MW,NL,NL,actual_offshore_wind_generation,Wind Offshore | Actual Aggregated,2026-08-07T04:53:21Z
2026-08-07T04:50:48Z,2026-08-07T06:50:48+0200,9de41e72-ad84-4160-af68-c339f970a640,2026-07-27T07:45:00Z,2026-07-27T09:45:00+0200,3.306,MW,NL,NL,actual_offshore_wind_generation,Wind Offshore | Actual Consumption,2026-08-07T04:53:21Z
2026-08-07T04:50:48Z,2026-08-07T06:50:48+0200,9de41e72-ad84-4160-af68-c339f970a640,2026-07-27T08:00:00Z,2026-07-27T10:00:00+0200,1453.3,MW,NL,NL,actual_offshore_wind_generation,Wind Offshore | Actual Aggregated,2026-08-07T04:53:21Z
2026-08-07T04:50:48Z,2026-08-07T06:50:48+0200,9de41e72-ad84-4160-af68-c339f970a640,2026-07-27T08:00:00Z,2026-07-27T10:00:00+0200,3.049,MW,NL,NL,actual_offshore_wind_generation,Wind Offshore | Actual Consumption,2026-08-07T04:53:21Z
2026-08-07T04:50:48Z,2026-08-07T06:50:48+0200,9de41e72-ad84-4160-af68-c339f970a640,2026-07-27T08:15:00Z,2026-07-27T10:15:00+0200,1534.408,MW,NL,NL,actual_offshore_wind_generation,Wind Offshore | Actual Aggregated,2026-08-07T04:53:21Z
2026-08-07T04:50:48Z,2026-08-07T06:50:48+0200,9de41e72-ad84-4160-af68-c339f970a640,2026-07-27T08:15:00Z,2026-07-27T10:15:00+0200,2.22,MW,NL,NL,actual_offshore_wind_generation,Wind Offshore | Actual Consumption,2026-08-07T04:53:21Z
2026-08-07T04:50:48Z,2026-08-07T06:50:48+0200,9de41e72-ad84-4160-af68-c339f970a640,2026-07-27T08:30:00Z,2026-07-27T10:30:00+0200,1580.607,MW,NL,NL,actual_offshore_wind_generation,Wind Offshore | Actual Aggregated,2026-08-07T04:53:21Z
2026-08-07T04:50:48Z,2026-08-07T06:50:48+0200,9de41e72-ad84-4160-af68-c339f970a640,2026-07-27T08:30:00Z,2026-07-27T10:30:00+0200,2.367,MW,NL,NL,actual_offshore_wind_generation,Wind Offshore | Actual Consumption,2026-08-07T04:53:21Z
2026-08-07T04:50:48Z,2026-08-07T06:50:48+0200,9de41e72-ad84-4160-af68-c339f970a640,2026-07-27T08:45:00Z,2026-07-27T10:45:00+0200,1475.508,MW,NL,NL,actual_offshore_wind_generation,Wind Offshore | Actual Aggregated,2026-08-07T04:53:21Z
2026-08-07T04:50:48Z,2026-08-07T06:50:48+0200,9de41e72-ad84-4160-af68-c339f970a640,2026-07-27T08:45:00Z,2026-07-27T10:45:00+0200,2.855,MW,NL,NL,actual_offshore_wind_generation,Wind Offshore | Actual Consumption,2026-08-07T04:53:21Z
2026-08-07T04:50:48Z,2026-08-07T06:50:48+0200,9de41e72-ad84-4160-af68-c339f970a640,2026-07-27T09:00:00Z,2026-07-27T11:00:00+0200,1420.291,MW,NL,NL,actual_offshore_wind_generation,Wind Offshore | Actual Aggregated,2026-08-07T04:53:21Z
2026-08-07T04:50:48Z,2026-08-07T06:50:48+0200,9de41e72-ad84-4160-af68-c339f970a640,2026-07-27T09:00:00Z,2026-07-27T11:00:00+0200,3.417,MW,NL,NL,actual_offshore_wind_generation,Wind Offshore | Actual Consumption,2026-08-07T04:53:21Z
2026-08-07T04:50:48Z,2026-08-07T06:50:48+0200,9de41e72-ad84-4160-af68-c339f970a640,2026-07-27T09:15:00Z,2026-07-27T11:15:00+0200,1447.661,MW,NL,NL,actual_offshore_wind_generation,Wind Offshore | Actual Aggregated,2026-08-07T04:53:21Z
2026-08-07T04:50:48Z,2026-08-07T06:50:48+0200,9de41e72-ad84-4160-af68-c339f970a640,2026-07-27T09:15:00Z,2026-07-27T11:15:00+0200,3.499,MW,NL,NL,actual_offshore_wind_generation,Wind Offshore | Actual Consumption,2026-08-07T04:53:21Z
2026-08-07T04:50:48Z,2026-08-07T06:50:48+0200,9de41e72-ad84-4160-af68-c339f970a640,2026-07-27T09:30:00Z,2026-07-27T11:30:00+0200,1481.897,MW,NL,NL,actual_offshore_wind_generation,Wind Offshore | Actual Aggregated,2026-08-07T04:53:21Z
2026-08-07T04:50:48Z,2026-08-07T06:50:48+0200,9de41e72-ad84-4160-af68-c339f970a640,2026-07-27T09:30:00Z,2026-07-27T11:30:00+0200,3.073,MW,NL,NL,actual_offshore_wind_generation,Wind Offshore | Actual Consumption,2026-08-07T04:53:21Z
2026-08-07T04:50:48Z,2026-08-07T06:50:48+0200,9de41e72-ad84-4160-af68-c339f970a640,2026-07-27T09:45:00Z,2026-07-27T11:45:00+0200,1595.85,MW,NL,NL,actual_offshore_wind_generation,Wind Offshore | Actual Aggregated,2026-08-07T04:53:21Z
2026-08-07T04:50:48Z,2026-08-07T06:50:48+0200,9de41e72-ad84-4160-af68-c339f970a640,2026-07-27T09:45:00Z,2026-07-27T11:45:00+0200,2.457,MW,NL,NL,actual_offshore_wind_generation,Wind Offshore | Actual Consumption,2026-08-07T04:53:21Z
2026-08-07T04:50:48Z,2026-08-07T06:50:48+0200,9de41e72-ad84-4160-af68-c339f970a640,2026-07-27T10:00:00Z,2026-07-27T12:00:00+0200,1553.704,MW,NL,NL,actual_offshore_wind_generation,Wind Offshore | Actual Aggregated,2026-08-07T04:53:21Z
2026-08-07T04:50:48Z,2026-08-07T06:50:48+0200,9de41e72-ad84-4160-af68-c339f970a640,2026-07-27T10:00:00Z,2026-07-27T12:00:00+0200,3.262,MW,NL,NL,actual_offshore_wind_generation,Wind Offshore | Actual Consumption,2026-08-07T04:53:21Z
2026-08-07T04:50:48Z,2026-08-07T06:50:48+0200,9de41e72-ad84-4160-af68-c339f970a640,2026-07-27T10:15:00Z,2026-07-27T12:15:00+0200,1409.545,MW,NL,NL,actual_offshore_wind_generation,Wind Offshore | Actual Aggregated,2026-08-07T04:53:21Z
2026-08-07T04:50:48Z,2026-08-07T06:50:48+0200,9de41e72-ad84-4160-af68-c339f970a640,2026-07-27T10:15:00Z,2026-07-27T12:15:00+0200,2.329,MW,NL,NL,actual_offshore_wind_generation,Wind Offshore | Actual Consumption,2026-08-07T04:53:21Z
2026-08-07T04:50:48Z,2026-08-07T06:50:48+0200,9de41e72-ad84-4160-af68-c339f970a640,2026-07-27T10:30:00Z,2026-07-27T12:30:00+0200,1321.276,MW,NL,NL,actual_offshore_wind_generation,Wind Offshore | Actual Aggregated,2026-08-07T04:53:21Z
2026-08-07T04:50:48Z,2026-08-07T06:50:48+0200,9de41e72-ad84-4160-af68-c339f970a640,2026-07-27T10:30:00Z,2026-07-27T12:30:00+0200,2.567,MW,NL,NL,actual_offshore_wind_generation,Wind Offshore | Actual Consumption,2026-08-07T04:53:21Z
2026-08-07T04:50:48Z,2026-08-07T06:50:48+0200,9de41e72-ad84-4160-af68-c339f970a640,2026-07-27T10:45:00Z,2026-07-27T12:45:00+0200,1690.949,MW,NL,NL,actual_offshore_wind_generation,Wind Offshore | Actual Aggregated,2026-08-07T04:53:21Z
2026-08-07T04:50:48Z,2026-08-07T06:50:48+0200,9de41e72-ad84-4160-af68-c339f970a640,2026-07-27T10:45:00Z,2026-07-27T12:45:00+0200,5.38,MW,NL,NL,actual_offshore_wind_generation,Wind Offshore | Actual Consumption,2026-08-07T04:53:21Z
2026-08-07T04:50:48Z,2026-08-07T06:50:48+0200,9de41e72-ad84-4160-af68-c339f970a640,2026-07-27T11:00:00Z,2026-07-27T13:00:00+0200,1903.017,MW,NL,NL,actual_offshore_wind_generation,Wind Offshore | Actual Aggregated,2026-08-07T04:53:21Z
2026-08-07T04:50:48Z,2026-08-07T06:50:48+0200,9de41e72-ad84-4160-af68-c339f970a640,2026-07-27T11:00:00Z,2026-07-27T13:00:00+0200,5.107,MW,NL,NL,actual_offshore_wind_generation,Wind Offshore | Actual Consumption,2026-08-07T04:53:21Z
2026-08-07T04:50:48Z,2026-08-07T06:50:48+0200,9de41e72-ad84-4160-af68-c339f970a640,2026-07-27T11:15:00Z,2026-07-27T13:15:00+0200,1925.014,MW,NL,NL,actual_offshore_wind_generation,Wind Offshore | Actual Aggregated,2026-08-07T04:53:21Z
2026-08-07T04:50:48Z,2026-08-07T06:50:48+0200,9de41e72-ad84-4160-af68-c339f970a640,2026-07-27T11:15:00Z,2026-07-27T13:15:00+0200,4.219,MW,NL,NL,actual_offshore_wind_generation,Wind Offshore | Actual Consumption,2026-08-07T04:53:21Z
2026-08-07T04:50:48Z,2026-08-07T06:50:48+0200,9de41e72-ad84-4160-af68-c339f970a640,2026-07-27T11:30:00Z,2026-07-27T13:30:00+0200,1829.563,MW,NL,NL,actual_offshore_wind_generation,Wind Offshore | Actual Aggregated,2026-08-07T04:53:21Z
2026-08-07T04:50:48Z,2026-08-07T06:50:48+0200,9de41e72-ad84-4160-af68-c339f970a640,2026-07-27T11:30:00Z,2026-07-27T13:30:00+0200,3.007,MW,NL,NL,actual_offshore_wind_generation,Wind Offshore | Actual Consumption,2026-08-07T04:53:21Z
2026-08-07T04:50:48Z,2026-08-07T06:50:48+0200,9de41e72-ad84-4160-af68-c339f970a640,2026-07-27T11:45:00Z,2026-07-27T13:45:00+0200,1683.399,MW,NL,NL,actual_offshore_wind_generation,Wind Offshore | Actual Aggregated,2026-08-07T04:53:21Z
2026-08-07T04:50:48Z,2026-08-07T06:50:48+0200,9de41e72-ad84-4160-af68-c339f970a640,2026-07-27T11:45:00Z,2026-07-27T13:45:00+0200,2.724,MW,NL,NL,actual_offshore_wind_generation,Wind Offshore | Actual Consumption,2026-08-07T04:53:21Z
2026-08-07T04:50:48Z,2026-08-07T06:50:48+0200,9de41e72-ad84-4160-af68-c339f970a640,2026-07-27T12:00:00Z,2026-07-27T14:00:00+0200,1622.976,MW,NL,NL,actual_offshore_wind_generation,Wind Offshore | Actual Aggregated,2026-08-07T04:53:21Z
2026-08-07T04:50:48Z,2026-08-07T06:50:48+0200,9de41e72-ad84-4160-af68-c339f970a640,2026-07-27T12:00:00Z,2026-07-27T14:00:00+0200,2.842,MW,NL,NL,actual_offshore_wind_generation,Wind Offshore | Actual Consumption,2026-08-07T04:53:21Z
2026-08-07T04:50:48Z,2026-08-07T06:50:48+0200,9de41e72-ad84-4160-af68-c339f970a640,2026-07-27T12:15:00Z,2026-07-27T14:15:00+0200,1916.657,MW,NL,NL,actual_offshore_wind_generation,Wind Offshore | Actual Aggregated,2026-08-07T04:53:21Z
2026-08-07T04:50:48Z,2026-08-07T06:50:48+0200,9de41e72-ad84-4160-af68-c339f970a640,2026-07-27T12:15:00Z,2026-07-27T14:15:00+0200,1.682,MW,NL,NL,actual_offshore_wind_generation,Wind Offshore | Actual Consumption,2026-08-07T04:53:21Z
2026-08-07T04:50:48Z,2026-08-07T06:50:48+0200,9de41e72-ad84-4160-af68-c339f970a640,2026-07-27T12:30:00Z,2026-07-27T14:30:00+0200,1926.96,MW,NL,NL,actual_offshore_wind_generation,Wind Offshore | Actual Aggregated,2026-08-07T04:53:21Z
2026-08-07T04:50:48Z,2026-08-07T06:50:48+0200,9de41e72-ad84-4160-af68-c339f970a640,2026-07-27T12:30:00Z,2026-07-27T14:30:00+0200,2.192,MW,NL,NL,actual_offshore_wind_generation,Wind Offshore | Actual Consumption,2026-08-07T04:53:21Z
2026-08-07T04:50:48Z,2026-08-07T06:50:48+0200,9de41e72-ad84-4160-af68-c339f970a640,2026-07-27T12:45:00Z,2026-07-27T14:45:00+0200,1773.925,MW,NL,NL,actual_offshore_wind_generation,Wind Offshore | Actual Aggregated,2026-08-07T04:53:21Z
2026-08-07T04:50:48Z,2026-08-07T06:50:48+0200,9de41e72-ad84-4160-af68-c339f970a640,2026-07-27T12:45:00Z,2026-07-27T14:45:00+0200,1.821,MW,NL,NL,actual_offshore_wind_generation,Wind Offshore | Actual Consumption,2026-08-07T04:53:21Z
2026-08-07T04:50:48Z,2026-08-07T06:50:48+0200,9de41e72-ad84-4160-af68-c339f970a640,2026-07-27T13:00:00Z,2026-07-27T15:00:00+0200,1494.06,MW,NL,NL,actual_offshore_wind_generation,Wind Offshore | Actual Aggregated,2026-08-07T04:53:21Z
2026-08-07T04:50:48Z,2026-08-07T06:50:48+0200,9de41e72-ad84-4160-af68-c339f970a640,2026-07-27T13:00:00Z,2026-07-27T15:00:00+0200,1.583,MW,NL,NL,actual_offshore_wind_generation,Wind Offshore | Actual Consumption,2026-08-07T04:53:21Z
2026-08-07T04:50:48Z,2026-08-07T06:50:48+0200,9de41e72-ad84-4160-af68-c339f970a640,2026-07-27T13:15:00Z,2026-07-27T15:15:00+0200,1562.964,MW,NL,NL,actual_offshore_wind_generation,Wind Offshore | Actual Aggregated,2026-08-07T04:53:21Z
2026-08-07T04:50:48Z,2026-08-07T06:50:48+0200,9de41e72-ad84-4160-af68-c339f970a640,2026-07-27T13:15:00Z,2026-07-27T15:15:00+0200,2.371,MW,NL,NL,actual_offshore_wind_generation,Wind Offshore | Actual Consumption,2026-08-07T04:53:21Z
2026-08-07T04:50:48Z,2026-08-07T06:50:48+0200,9de41e72-ad84-4160-af68-c339f970a640,2026-07-27T13:30:00Z,2026-07-27T15:30:00+0200,1598.91,MW,NL,NL,actual_offshore_wind_generation,Wind Offshore | Actual Aggregated,2026-08-07T04:53:21Z
2026-08-07T04:50:48Z,2026-08-07T06:50:48+0200,9de41e72-ad84-4160-af68-c339f970a640,2026-07-27T13:30:00Z,2026-07-27T15:30:00+0200,1.95,MW,NL,NL,actual_offshore_wind_generation,Wind Offshore | Actual Consumption,2026-08-07T04:53:21Z
2026-08-07T04:50:48Z,2026-08-07T06:50:48+0200,9de41e72-ad84-4160-af68-c339f970a640,2026-07-27T13:45:00Z,2026-07-27T15:45:00+0200,1390.25,MW,NL,NL,actual_offshore_wind_generation,Wind Offshore | Actual Aggregated,2026-08-07T04:53:21Z
2026-08-07T04:50:48Z,2026-08-07T06:50:48+0200,9de41e72-ad84-4160-af68-c339f970a640,2026-07-27T13:45:00Z,2026-07-27T15:45:00+0200,2.223,MW,NL,NL,actual_offshore_wind_generation,Wind Offshore | Actual Consumption,2026-08-07T04:53:21Z
2026-08-07T04:50:48Z,2026-08-07T06:50:48+0200,9de41e72-ad84-4160-af68-c339f970a640,2026-07-27T14:00:00Z,2026-07-27T16:00:00+0200,1066.32,MW,NL,NL,actual_offshore_wind_generation,Wind Offshore | Actual Aggregated,2026-08-07T04:53:21Z
2026-08-07T04:50:48Z,2026-08-07T06:50:48+0200,9de41e72-ad84-4160-af68-c339f970a640,2026-07-27T14:00:00Z,2026-07-27T16:00:00+0200,1.81,MW,NL,NL,actual_offshore_wind_generation,Wind Offshore | Actual Consumption,2026-08-07T04:53:21Z
2026-08-07T04:50:48Z,2026-08-07T06:50:48+0200,9de41e72-ad84-4160-af68-c339f970a640,2026-07-27T14:15:00Z,2026-07-27T16:15:00+0200,1425.263,MW,NL,NL,actual_offshore_wind_generation,Wind Offshore | Actual Aggregated,2026-08-07T04:53:21Z
2026-08-07T04:50:48Z,2026-08-07T06:50:48+0200,9de41e72-ad84-4160-af68-c339f970a640,2026-07-27T14:15:00Z,2026-07-27T16:15:00+0200,3.331,MW,NL,NL,actual_offshore_wind_generation,Wind Offshore | Actual Consumption,2026-08-07T04:53:21Z
2026-08-07T04:50:48Z,2026-08-07T06:50:48+0200,9de41e72-ad84-4160-af68-c339f970a640,2026-07-27T14:30:00Z,2026-07-27T16:30:00+0200,1279.622,MW,NL,NL,actual_offshore_wind_generation,Wind Offshore | Actual Aggregated,2026-08-07T04:53:21Z
2026-08-07T04:50:48Z,2026-08-07T06:50:48+0200,9de41e72-ad84-4160-af68-c339f970a640,2026-07-27T14:30:00Z,2026-07-27T16:30:00+0200,2.177,MW,NL,NL,actual_offshore_wind_generation,Wind Offshore | Actual Consumption,2026-08-07T04:53:21Z
2026-08-07T04:50:48Z,2026-08-07T06:50:48+0200,9de41e72-ad84-4160-af68-c339f970a640,2026-07-27T14:45:00Z,2026-07-27T16:45:00+0200,1108.205,MW,NL,NL,actual_offshore_wind_generation,Wind Offshore | Actual Aggregated,2026-08-07T04:53:21Z
2026-08-07T04:50:48Z,2026-08-07T06:50:48+0200,9de41e72-ad84-4160-af68-c339f970a640,2026-07-27T14:45:00Z,2026-07-27T16:45:00+0200,2.081,MW,NL,NL,actual_offshore_wind_generation,Wind Offshore | Actual Consumption,2026-08-07T04:53:21Z
2026-08-07T04:50:48Z,2026-08-07T06:50:48+0200,9de41e72-ad84-4160-af68-c339f970a640,2026-07-27T15:00:00Z,2026-07-27T17:00:00+0200,846.698,MW,NL,NL,actual_offshore_wind_generation,Wind Offshore | Actual Aggregated,2026-08-07T04:53:21Z
2026-08-07T04:50:48Z,2026-08-07T06:50:48+0200,9de41e72-ad84-4160-af68-c339f970a640,2026-07-27T15:00:00Z,2026-07-27T17:00:00+0200,1.336,MW,NL,NL,actual_offshore_wind_generation,Wind Offshore | Actual Consumption,2026-08-07T04:53:21Z
2026-08-07T04:50:48Z,2026-08-07T06:50:48+0200,9de41e72-ad84-4160-af68-c339f970a640,2026-07-27T15:15:00Z,2026-07-27T17:15:00+0200,681.311,MW,NL,NL,actual_offshore_wind_generation,Wind Offshore | Actual Aggregated,2026-08-07T04:53:21Z
2026-08-07T04:50:48Z,2026-08-07T06:50:48+0200,9de41e72-ad84-4160-af68-c339f970a640,2026-07-27T15:15:00Z,2026-07-27T17:15:00+0200,0.86,MW,NL,NL,actual_offshore_wind_generation,Wind Offshore | Actual Consumption,2026-08-07T04:53:21Z
2026-08-07T04:50:48Z,2026-08-07T06:50:48+0200,9de41e72-ad84-4160-af68-c339f970a640,2026-07-27T15:30:00Z,2026-07-27T17:30:00+0200,543.76,MW,NL,NL,actual_offshore_wind_generation,Wind Offshore | Actual Aggregated,2026-08-07T04:53:21Z
2026-08-07T04:50:48Z,2026-08-07T06:50:48+0200,9de41e72-ad84-4160-af68-c339f970a640,2026-07-27T15:30:00Z,2026-07-27T17:30:00+0200,0.839,MW,NL,NL,actual_offshore_wind_generation,Wind Offshore | Actual Consumption,2026-08-07T04:53:21Z
2026-08-07T04:50:48Z,2026-08-07T06:50:48+0200,9de41e72-ad84-4160-af68-c339f970a640,2026-07-27T15:45:00Z,2026-07-27T17:45:00+0200,476.275,MW,NL,NL,actual_offshore_wind_generation,Wind Offshore | Actual Aggregated,2026-08-07T04:53:21Z
2026-08-07T04:50:48Z,2026-08-07T06:50:48+0200,9de41e72-ad84-4160-af68-c339f970a640,2026-07-27T15:45:00Z,2026-07-27T17:45:00+0200,0.388,MW,NL,NL,actual_offshore_wind_generation,Wind Offshore | Actual Consumption,2026-08-07T04:53:21Z
2026-08-07T04:50:48Z,2026-08-07T06:50:48+0200,9de41e72-ad84-4160-af68-c339f970a640,2026-07-27T16:00:00Z,2026-07-27T18:00:00+0200,508.089,MW,NL,NL,actual_offshore_wind_generation,Wind Offshore | Actual Aggregated,2026-08-07T04:53:21Z
2026-08-07T04:50:48Z,2026-08-07T06:50:48+0200,9de41e72-ad84-4160-af68-c339f970a640,2026-07-27T16:00:00Z,2026-07-27T18:00:00+0200,0.235,MW,NL,NL,actual_offshore_wind_generation,Wind Offshore | Actual Consumption,2026-08-07T04:53:21Z
2026-08-07T04:50:48Z,2026-08-07T06:50:48+0200,9de41e72-ad84-4160-af68-c339f970a640,2026-07-27T16:15:00Z,2026-07-27T18:15:00+0200,545.574,MW,NL,NL,actual_offshore_wind_generation,Wind Offshore | Actual Aggregated,2026-08-07T04:53:21Z
2026-08-07T04:50:48Z,2026-08-07T06:50:48+0200,9de41e72-ad84-4160-af68-c339f970a640,2026-07-27T16:15:00Z,2026-07-27T18:15:00+0200,1.815,MW,NL,NL,actual_offshore_wind_generation,Wind Offshore | Actual Consumption,2026-08-07T04:53:21Z
2026-08-07T04:50:48Z,2026-08-07T06:50:48+0200,9de41e72-ad84-4160-af68-c339f970a640,2026-07-27T16:30:00Z,2026-07-27T18:30:00+0200,579.044,MW,NL,NL,actual_offshore_wind_generation,Wind Offshore | Actual Aggregated,2026-08-07T04:53:21Z
2026-08-07T04:50:48Z,2026-08-07T06:50:48+0200,9de41e72-ad84-4160-af68-c339f970a640,2026-07-27T16:30:00Z,2026-07-27T18:30:00+0200,1.842,MW,NL,NL,actual_offshore_wind_generation,Wind Offshore | Actual Consumption,2026-08-07T04:53:21Z
2026-08-07T04:50:48Z,2026-08-07T06:50:48+0200,9de41e72-ad84-4160-af68-c339f970a640,2026-07-27T16:45:00Z,2026-07-27T18:45:00+0200,607.616,MW,NL,NL,actual_offshore_wind_generation,Wind Offshore | Actual Aggregated,2026-08-07T04:53:21Z
2026-08-07T04:50:48Z,2026-08-07T06:50:48+0200,9de41e72-ad84-4160-af68-c339f970a640,2026-07-27T16:45:00Z,2026-07-27T18:45:00+0200,2.303,MW,NL,NL,actual_offshore_wind_generation,Wind Offshore | Actual Consumption,2026-08-07T04:53:21Z
2026-08-07T04:50:48Z,2026-08-07T06:50:48+0200,9de41e72-ad84-4160-af68-c339f970a640,2026-07-27T17:00:00Z,2026-07-27T19:00:00+0200,652.312,MW,NL,NL,actual_offshore_wind_generation,Wind Offshore | Actual Aggregated,2026-08-07T04:53:21Z
2026-08-07T04:50:48Z,2026-08-07T06:50:48+0200,9de41e72-ad84-4160-af68-c339f970a640,2026-07-27T17:00:00Z,2026-07-27T19:00:00+0200,2.503,MW,NL,NL,actual_offshore_wind_generation,Wind Offshore | Actual Consumption,2026-08-07T04:53:21Z
2026-08-07T04:50:48Z,2026-08-07T06:50:48+0200,9de41e72-ad84-4160-af68-c339f970a640,2026-07-27T17:15:00Z,2026-07-27T19:15:00+0200,647.199,MW,NL,NL,actual_offshore_wind_generation,Wind Offshore | Actual Aggregated,2026-08-07T04:53:21Z
2026-08-07T04:50:48Z,2026-08-07T06:50:48+0200,9de41e72-ad84-4160-af68-c339f970a640,2026-07-27T17:15:00Z,2026-07-27T19:15:00+0200,1.777,MW,NL,NL,actual_offshore_wind_generation,Wind Offshore | Actual Consumption,2026-08-07T04:53:21Z
2026-08-07T04:50:48Z,2026-08-07T06:50:48+0200,9de41e72-ad84-4160-af68-c339f970a640,2026-07-27T17:30:00Z,2026-07-27T19:30:00+0200,665.009,MW,NL,NL,actual_offshore_wind_generation,Wind Offshore | Actual Aggregated,2026-08-07T04:53:21Z
2026-08-07T04:50:48Z,2026-08-07T06:50:48+0200,9de41e72-ad84-4160-af68-c339f970a640,2026-07-27T17:30:00Z,2026-07-27T19:30:00+0200,4.557,MW,NL,NL,actual_offshore_wind_generation,Wind Offshore | Actual Consumption,2026-08-07T04:53:21Z
2026-08-07T04:50:48Z,2026-08-07T06:50:48+0200,9de41e72-ad84-4160-af68-c339f970a640,2026-07-27T17:45:00Z,2026-07-27T19:45:00+0200,669.915,MW,NL,NL,actual_offshore_wind_generation,Wind Offshore | Actual Aggregated,2026-08-07T04:53:21Z
2026-08-07T04:50:48Z,2026-08-07T06:50:48+0200,9de41e72-ad84-4160-af68-c339f970a640,2026-07-27T17:45:00Z,2026-07-27T19:45:00+0200,9.805,MW,NL,NL,actual_offshore_wind_generation,Wind Offshore | Actual Consumption,2026-08-07T04:53:21Z
2026-08-07T04:50:48Z,2026-08-07T06:50:48+0200,9de41e72-ad84-4160-af68-c339f970a640,2026-07-27T18:00:00Z,2026-07-27T20:00:00+0200,629.345,MW,NL,NL,actual_offshore_wind_generation,Wind Offshore | Actual Aggregated,2026-08-07T04:53:21Z
2026-08-07T04:50:48Z,2026-08-07T06:50:48+0200,9de41e72-ad84-4160-af68-c339f970a640,2026-07-27T18:00:00Z,2026-07-27T20:00:00+0200,9.327,MW,NL,NL,actual_offshore_wind_generation,Wind Offshore | Actual Consumption,2026-08-07T04:53:21Z
2026-08-07T04:50:48Z,2026-08-07T06:50:48+0200,9de41e72-ad84-4160-af68-c339f970a640,2026-07-27T18:15:00Z,2026-07-27T20:15:00+0200,615.151,MW,NL,NL,actual_offshore_wind_generation,Wind Offshore | Actual Aggregated,2026-08-07T04:53:21Z
2026-08-07T04:50:48Z,2026-08-07T06:50:48+0200,9de41e72-ad84-4160-af68-c339f970a640,2026-07-27T18:15:00Z,2026-07-27T20:15:00+0200,8.848,MW,NL,NL,actual_offshore_wind_generation,Wind Offshore | Actual Consumption,2026-08-07T04:53:21Z
2026-08-07T04:50:48Z,2026-08-07T06:50:48+0200,9de41e72-ad84-4160-af68-c339f970a640,2026-07-27T18:30:00Z,2026-07-27T20:30:00+0200,615.806,MW,NL,NL,actual_offshore_wind_generation,Wind Offshore | Actual Aggregated,2026-08-07T04:53:21Z
2026-08-07T04:50:48Z,2026-08-07T06:50:48+0200,9de41e72-ad84-4160-af68-c339f970a640,2026-07-27T18:30:00Z,2026-07-27T20:30:00+0200,9.079,MW,NL,NL,actual_offshore_wind_generation,Wind Offshore | Actual Consumption,2026-08-07T04:53:21Z
2026-08-07T04:50:48Z,2026-08-07T06:50:48+0200,9de41e72-ad84-4160-af68-c339f970a640,2026-07-27T18:45:00Z,2026-07-27T20:45:00+0200,622.767,MW,NL,NL,actual_offshore_wind_generation,Wind Offshore | Actual Aggregated,2026-08-07T04:53:21Z
2026-08-07T04:50:48Z,2026-08-07T06:50:48+0200,9de41e72-ad84-4160-af68-c339f970a640,2026-07-27T18:45:00Z,2026-07-27T20:45:00+0200,12.665,MW,NL,NL,actual_offshore_wind_generation,Wind Offshore | Actual Consumption,2026-08-07T04:53:21Z
2026-08-07T04:50:48Z,2026-08-07T06:50:48+0200,9de41e72-ad84-4160-af68-c339f970a640,2026-07-27T19:00:00Z,2026-07-27T21:00:00+0200,631.462,MW,NL,NL,actual_offshore_wind_generation,Wind Offshore | Actual Aggregated,2026-08-07T04:53:21Z
2026-08-07T04:50:48Z,2026-08-07T06:50:48+0200,9de41e72-ad84-4160-af68-c339f970a640,2026-07-27T19:00:00Z,2026-07-27T21:00:00+0200,10.247,MW,NL,NL,actual_offshore_wind_generation,Wind Offshore | Actual Consumption,2026-08-07T04:53:21Z
2026-08-07T04:50:48Z,2026-08-07T06:50:48+0200,9de41e72-ad84-4160-af68-c339f970a640,2026-07-27T19:15:00Z,2026-07-27T21:15:00+0200,622.404,MW,NL,NL,actual_offshore_wind_generation,Wind Offshore | Actual Aggregated,2026-08-07T04:53:21Z
2026-08-07T04:50:48Z,2026-08-07T06:50:48+0200,9de41e72-ad84-4160-af68-c339f970a640,2026-07-27T19:15:00Z,2026-07-27T21:15:00+0200,9.657,MW,NL,NL,actual_offshore_wind_generation,Wind Offshore | Actual Consumption,2026-08-07T04:53:21Z
2026-08-07T04:50:48Z,2026-08-07T06:50:48+0200,9de41e72-ad84-4160-af68-c339f970a640,2026-07-27T19:30:00Z,2026-07-27T21:30:00+0200,628.722,MW,NL,NL,actual_offshore_wind_generation,Wind Offshore | Actual Aggregated,2026-08-07T04:53:21Z
2026-08-07T04:50:48Z,2026-08-07T06:50:48+0200,9de41e72-ad84-4160-af68-c339f970a640,2026-07-27T19:30:00Z,2026-07-27T21:30:00+0200,8.048,MW,NL,NL,actual_offshore_wind_generation,Wind Offshore | Actual Consumption,2026-08-07T04:53:21Z
2026-08-07T04:50:48Z,2026-08-07T06:50:48+0200,9de41e72-ad84-4160-af68-c339f970a640,2026-07-27T19:45:00Z,2026-07-27T21:45:00+0200,680.242,MW,NL,NL,actual_offshore_wind_generation,Wind Offshore | Actual Aggregated,2026-08-07T04:53:21Z
2026-08-07T04:50:48Z,2026-08-07T06:50:48+0200,9de41e72-ad84-4160-af68-c339f970a640,2026-07-27T19:45:00Z,2026-07-27T21:45:00+0200,6.755,MW,NL,NL,actual_offshore_wind_generation,Wind Offshore | Actual Consumption,2026-08-07T04:53:21Z
2026-08-07T04:50:48Z,2026-08-07T06:50:48+0200,9de41e72-ad84-4160-af68-c339f970a640,2026-07-27T20:00:00Z,2026-07-27T22:00:00+0200,751.763,MW,NL,NL,actual_offshore_wind_generation,Wind Offshore | Actual Aggregated,2026-08-07T04:53:21Z
2026-08-07T04:50:48Z,2026-08-07T06:50:48+0200,9de41e72-ad84-4160-af68-c339f970a640,2026-07-27T20:00:00Z,2026-07-27T22:00:00+0200,5.026,MW,NL,NL,actual_offshore_wind_generation,Wind Offshore | Actual Consumption,2026-08-07T04:53:21Z
2026-08-07T04:50:48Z,2026-08-07T06:50:48+0200,9de41e72-ad84-4160-af68-c339f970a640,2026-07-27T20:15:00Z,2026-07-27T22:15:00+0200,844.378,MW,NL,NL,actual_offshore_wind_generation,Wind Offshore | Actual Aggregated,2026-08-07T04:53:21Z
2026-08-07T04:50:48Z,2026-08-07T06:50:48+0200,9de41e72-ad84-4160-af68-c339f970a640,2026-07-27T20:15:00Z,2026-07-27T22:15:00+0200,4.502,MW,NL,NL,actual_offshore_wind_generation,Wind Offshore | Actual Consumption,2026-08-07T04:53:21Z
2026-08-07T04:50:48Z,2026-08-07T06:50:48+0200,9de41e72-ad84-4160-af68-c339f970a640,2026-07-27T20:30:00Z,2026-07-27T22:30:00+0200,918.973,MW,NL,NL,actual_offshore_wind_generation,Wind Offshore | Actual Aggregated,2026-08-07T04:53:21Z
2026-08-07T04:50:48Z,2026-08-07T06:50:48+0200,9de41e72-ad84-4160-af68-c339f970a640,2026-07-27T20:30:00Z,2026-07-27T22:30:00+0200,4.602,MW,NL,NL,actual_offshore_wind_generation,Wind Offshore | Actual Consumption,2026-08-07T04:53:21Z
2026-08-07T04:50:48Z,2026-08-07T06:50:48+0200,9de41e72-ad84-4160-af68-c339f970a640,2026-07-27T20:45:00Z,2026-07-27T22:45:00+0200,1019.197,MW,NL,NL,actual_offshore_wind_generation,Wind Offshore | Actual Aggregated,2026-08-07T04:53:21Z
2026-08-07T04:50:48Z,2026-08-07T06:50:48+0200,9de41e72-ad84-4160-af68-c339f970a640,2026-07-27T20:45:00Z,2026-07-27T22:45:00+0200,7.114,MW,NL,NL,actual_offshore_wind_generation,Wind Offshore | Actual Consumption,2026-08-07T04:53:21Z
2026-08-07T04:50:48Z,2026-08-07T06:50:48+0200,9de41e72-ad84-4160-af68-c339f970a640,2026-07-27T21:00:00Z,2026-07-27T23:00:00+0200,1113.326,MW,NL,NL,actual_offshore_wind_generation,Wind Offshore | Actual Aggregated,2026-08-07T04:53:21Z
2026-08-07T04:50:48Z,2026-08-07T06:50:48+0200,9de41e72-ad84-4160-af68-c339f970a640,2026-07-27T21:00:00Z,2026-07-27T23:00:00+0200,7.34,MW,NL,NL,actual_offshore_wind_generation,Wind Offshore | Actual Consumption,2026-08-07T04:53:21Z
2026-08-07T04:50:48Z,2026-08-07T06:50:48+0200,9de41e72-ad84-4160-af68-c339f970a640,2026-07-27T21:15:00Z,2026-07-27T23:15:00+0200,1131.33,MW,NL,NL,actual_offshore_wind_generation,Wind Offshore | Actual Aggregated,2026-08-07T04:53:21Z
2026-08-07T04:50:48Z,2026-08-07T06:50:48+0200,9de41e72-ad84-4160-af68-c339f970a640,2026-07-27T21:15:00Z,2026-07-27T23:15:00+0200,7.928,MW,NL,NL,actual_offshore_wind_generation,Wind Offshore | Actual Consumption,2026-08-07T04:53:21Z
2026-08-07T04:50:48Z,2026-08-07T06:50:48+0200,9de41e72-ad84-4160-af68-c339f970a640,2026-07-27T21:30:00Z,2026-07-27T23:30:00+0200,1101.271,MW,NL,NL,actual_offshore_wind_generation,Wind Offshore | Actual Aggregated,2026-08-07T04:53:21Z
2026-08-07T04:50:48Z,2026-08-07T06:50:48+0200,9de41e72-ad84-4160-af68-c339f970a640,2026-07-27T21:30:00Z,2026-07-27T23:30:00+0200,7.89,MW,NL,NL,actual_offshore_wind_generation,Wind Offshore | Actual Consumption,2026-08-07T04:53:21Z
2026-08-07T04:50:48Z,2026-08-07T06:50:48+0200,9de41e72-ad84-4160-af68-c339f970a640,2026-07-27T21:45:00Z,2026-07-27T23:45:00+0200,1051.716,MW,NL,NL,actual_offshore_wind_generation,Wind Offshore | Actual Aggregated,2026-08-07T04:53:21Z
2026-08-07T04:50:48Z,2026-08-07T06:50:48+0200,9de41e72-ad84-4160-af68-c339f970a640,2026-07-27T21:45:00Z,2026-07-27T23:45:00+0200,7.119,MW,NL,NL,actual_offshore_wind_generation,Wind Offshore | Actual Consumption,2026-08-07T04:53:21Z
2026-08-07T04:50:48Z,2026-08-07T06:50:48+0200,9de41e72-ad84-4160-af68-c339f970a640,2026-07-27T22:00:00Z,2026-07-28T00:00:00+0200,1059.896,MW,NL,NL,actual_offshore_wind_generation,Wind Offshore | Actual Aggregated,2026-08-07T04:53:21Z
2026-08-07T04:50:48Z,2026-08-07T06:50:48+0200,9de41e72-ad84-4160-af68-c339f970a640,2026-07-27T22:00:00Z,2026-07-28T00:00:00+0200,6.239,MW,NL,NL,actual_offshore_wind_generation,Wind Offshore | Actual Consumption,2026-08-07T04:53:21Z
2026-08-07T04:50:48Z,2026-08-07T06:50:48+0200,9de41e72-ad84-4160-af68-c339f970a640,2026-07-27T22:15:00Z,2026-07-28T00:15:00+0200,972.374,MW,NL,NL,actual_offshore_wind_generation,Wind Offshore | Actual Aggregated,2026-08-07T04:53:21Z
2026-08-07T04:50:48Z,2026-08-07T06:50:48+0200,9de41e72-ad84-4160-af68-c339f970a640,2026-07-27T22:15:00Z,2026-07-28T00:15:00+0200,4.551,MW,NL,NL,actual_offshore_wind_generation,Wind Offshore | Actual Consumption,2026-08-07T04:53:21Z
2026-08-07T04:50:48Z,2026-08-07T06:50:48+0200,9de41e72-ad84-4160-af68-c339f970a640,2026-07-27T22:30:00Z,2026-07-28T00:30:00+0200,949.536,MW,NL,NL,actual_offshore_wind_generation,Wind Offshore | Actual Aggregated,2026-08-07T04:53:21Z
2026-08-07T04:50:48Z,2026-08-07T06:50:48+0200,9de41e72-ad84-4160-af68-c339f970a640,2026-07-27T22:30:00Z,2026-07-28T00:30:00+0200,4.684,MW,NL,NL,actual_offshore_wind_generation,Wind Offshore | Actual Consumption,2026-08-07T04:53:21Z
2026-08-07T04:50:48Z,2026-08-07T06:50:48+0200,9de41e72-ad84-4160-af68-c339f970a640,2026-07-27T22:45:00Z,2026-07-28T00:45:00+0200,916.444,MW,NL,NL,actual_offshore_wind_generation,Wind Offshore | Actual Aggregated,2026-08-07T04:53:21Z
2026-08-07T04:50:48Z,2026-08-07T06:50:48+0200,9de41e72-ad84-4160-af68-c339f970a640,2026-07-27T22:45:00Z,2026-07-28T00:45:00+0200,5.551,MW,NL,NL,actual_offshore_wind_generation,Wind Offshore | Actual Consumption,2026-08-07T04:53:21Z
2026-08-07T04:50:48Z,2026-08-07T06:50:48+0200,9de41e72-ad84-4160-af68-c339f970a640,2026-07-27T23:00:00Z,2026-07-28T01:00:00+0200,902.941,MW,NL,NL,actual_offshore_wind_generation,Wind Offshore | Actual Aggregated,2026-08-07T04:53:21Z
2026-08-07T04:50:48Z,2026-08-07T06:50:48+0200,9de41e72-ad84-4160-af68-c339f970a640,2026-07-27T23:00:00Z,2026-07-28T01:00:00+0200,4.605,MW,NL,NL,actual_offshore_wind_generation,Wind Offshore | Actual Consumption,2026-08-07T04:53:21Z
2026-08-07T04:50:48Z,2026-08-07T06:50:48+0200,9de41e72-ad84-4160-af68-c339f970a640,2026-07-27T23:15:00Z,2026-07-28T01:15:00+0200,904.557,MW,NL,NL,actual_offshore_wind_generation,Wind Offshore | Actual Aggregated,2026-08-07T04:53:21Z
2026-08-07T04:50:48Z,2026-08-07T06:50:48+0200,9de41e72-ad84-4160-af68-c339f970a640,2026-07-27T23:15:00Z,2026-07-28T01:15:00+0200,3.965,MW,NL,NL,actual_offshore_wind_generation,Wind Offshore | Actual Consumption,2026-08-07T04:53:21Z
2026-08-07T04:50:48Z,2026-08-07T06:50:48+0200,9de41e72-ad84-4160-af68-c339f970a640,2026-07-27T23:30:00Z,2026-07-28T01:30:00+0200,901.791,MW,NL,NL,actual_offshore_wind_generation,Wind Offshore | Actual Aggregated,2026-08-07T04:53:21Z
2026-08-07T04:50:48Z,2026-08-07T06:50:48+0200,9de41e72-ad84-4160-af68-c339f970a640,2026-07-27T23:30:00Z,2026-07-28T01:30:00+0200,3.875,MW,NL,NL,actual_offshore_wind_generation,Wind Offshore | Actual Consumption,2026-08-07T04:53:21Z
2026-08-07T04:50:48Z,2026-08-07T06:50:48+0200,9de41e72-ad84-4160-af68-c339f970a640,2026-07-27T23:45:00Z,2026-07-28T01:45:00+0200,923.858,MW,NL,NL,actual_offshore_wind_generation,Wind Offshore | Actual Aggregated,2026-08-07T04:53:21Z
2026-08-07T04:50:48Z,2026-08-07T06:50:48+0200,9de41e72-ad84-4160-af68-c339f970a640,2026-07-27T23:45:00Z,2026-07-28T01:45:00+0200,3.646,MW,NL,NL,actual_offshore_wind_generation,Wind Offshore | Actual Consumption,2026-08-07T04:53:21Z
2026-08-07T04:50:48Z,2026-08-07T06:50:48+0200,9de41e72-ad84-4160-af68-c339f970a640,2026-07-28T00:00:00Z,2026-07-28T02:00:00+0200,988.114,MW,NL,NL,actual_offshore_wind_generation,Wind Offshore | Actual Aggregated,2026-08-07T04:53:21Z
2026-08-07T04:50:48Z,2026-08-07T06:50:48+0200,9de41e72-ad84-4160-af68-c339f970a640,2026-07-28T00:00:00Z,2026-07-28T02:00:00+0200,3.734,MW,NL,NL,actual_offshore_wind_generation,Wind Offshore | Actual Consumption,2026-08-07T04:53:21Z
2026-08-07T04:50:48Z,2026-08-07T06:50:48+0200,9de41e72-ad84-4160-af68-c339f970a640,2026-07-28T00:15:00Z,2026-07-28T02:15:00+0200,1041.469,MW,NL,NL,actual_offshore_wind_generation,Wind Offshore | Actual Aggregated,2026-08-07T04:53:21Z
2026-08-07T04:50:48Z,2026-08-07T06:50:48+0200,9de41e72-ad84-4160-af68-c339f970a640,2026-07-28T00:15:00Z,2026-07-28T02:15:00+0200,4.05,MW,NL,NL,actual_offshore_wind_generation,Wind Offshore | Actual Consumption,2026-08-07T04:53:21Z
2026-08-07T04:50:48Z,2026-08-07T06:50:48+0200,9de41e72-ad84-4160-af68-c339f970a640,2026-07-28T00:30:00Z,2026-07-28T02:30:00+0200,1061.568,MW,NL,NL,actual_offshore_wind_generation,Wind Offshore | Actual Aggregated,2026-08-07T04:53:21Z
2026-08-07T04:50:48Z,2026-08-07T06:50:48+0200,9de41e72-ad84-4160-af68-c339f970a640,2026-07-28T00:30:00Z,2026-07-28T02:30:00+0200,3.725,MW,NL,NL,actual_offshore_wind_generation,Wind Offshore | Actual Consumption,2026-08-07T04:53:21Z
2026-08-07T04:50:48Z,2026-08-07T06:50:48+0200,9de41e72-ad84-4160-af68-c339f970a640,2026-07-28T00:45:00Z,2026-07-28T02:45:00+0200,1125.453,MW,NL,NL,actual_offshore_wind_generation,Wind Offshore | Actual Aggregated,2026-08-07T04:53:21Z
2026-08-07T04:50:48Z,2026-08-07T06:50:48+0200,9de41e72-ad84-4160-af68-c339f970a640,2026-07-28T00:45:00Z,2026-07-28T02:45:00+0200,4.398,MW,NL,NL,actual_offshore_wind_generation,Wind Offshore | Actual Consumption,2026-08-07T04:53:21Z
2026-08-07T04:50:48Z,2026-08-07T06:50:48+0200,9de41e72-ad84-4160-af68-c339f970a640,2026-07-28T01:00:00Z,2026-07-28T03:00:00+0200,1225.024,MW,NL,NL,actual_offshore_wind_generation,Wind Offshore | Actual Aggregated,2026-08-07T04:53:21Z
2026-08-07T04:50:48Z,2026-08-07T06:50:48+0200,9de41e72-ad84-4160-af68-c339f970a640,2026-07-28T01:00:00Z,2026-07-28T03:00:00+0200,4.947,MW,NL,NL,actual_offshore_wind_generation,Wind Offshore | Actual Consumption,2026-08-07T04:53:21Z
2026-08-07T04:50:48Z,2026-08-07T06:50:48+0200,9de41e72-ad84-4160-af68-c339f970a640,2026-07-28T01:15:00Z,2026-07-28T03:15:00+0200,1295.914,MW,NL,NL,actual_offshore_wind_generation,Wind Offshore | Actual Aggregated,2026-08-07T04:53:21Z
2026-08-07T04:50:48Z,2026-08-07T06:50:48+0200,9de41e72-ad84-4160-af68-c339f970a640,2026-07-28T01:15:00Z,2026-07-28T03:15:00+0200,5.397,MW,NL,NL,actual_offshore_wind_generation,Wind Offshore | Actual Consumption,2026-08-07T04:53:21Z
2026-08-07T04:50:48Z,2026-08-07T06:50:48+0200,9de41e72-ad84-4160-af68-c339f970a640,2026-07-28T01:30:00Z,2026-07-28T03:30:00+0200,1323.418,MW,NL,NL,actual_offshore_wind_generation,Wind Offshore | Actual Aggregated,2026-08-07T04:53:21Z
2026-08-07T04:50:48Z,2026-08-07T06:50:48+0200,9de41e72-ad84-4160-af68-c339f970a640,2026-07-28T01:30:00Z,2026-07-28T03:30:00+0200,4.501,MW,NL,NL,actual_offshore_wind_generation,Wind Offshore | Actual Consumption,2026-08-07T04:53:21Z
2026-08-07T04:50:48Z,2026-08-07T06:50:48+0200,9de41e72-ad84-4160-af68-c339f970a640,2026-07-28T01:45:00Z,2026-07-28T03:45:00+0200,1399.355,MW,NL,NL,actual_offshore_wind_generation,Wind Offshore | Actual Aggregated,2026-08-07T04:53:21Z
2026-08-07T04:50:48Z,2026-08-07T06:50:48+0200,9de41e72-ad84-4160-af68-c339f970a640,2026-07-28T01:45:00Z,2026-07-28T03:45:00+0200,4.893,MW,NL,NL,actual_offshore_wind_generation,Wind Offshore | Actual Consumption,2026-08-07T04:53:21Z
2026-08-07T04:50:48Z,2026-08-07T06:50:48+0200,9de41e72-ad84-4160-af68-c339f970a640,2026-07-28T02:00:00Z,2026-07-28T04:00:00+0200,1327.784,MW,NL,NL,actual_offshore_wind_generation,Wind Offshore | Actual Aggregated,2026-08-07T04:53:21Z
2026-08-07T04:50:48Z,2026-08-07T06:50:48+0200,9de41e72-ad84-4160-af68-c339f970a640,2026-07-28T02:00:00Z,2026-07-28T04:00:00+0200,4.817,MW,NL,NL,actual_offshore_wind_generation,Wind Offshore | Actual Consumption,2026-08-07T04:53:21Z
2026-08-07T04:50:48Z,2026-08-07T06:50:48+0200,9de41e72-ad84-4160-af68-c339f970a640,2026-07-28T02:15:00Z,2026-07-28T04:15:00+0200,1234.439,MW,NL,NL,actual_offshore_wind_generation,Wind Offshore | Actual Aggregated,2026-08-07T04:53:21Z
2026-08-07T04:50:48Z,2026-08-07T06:50:48+0200,9de41e72-ad84-4160-af68-c339f970a640,2026-07-28T02:15:00Z,2026-07-28T04:15:00+0200,3.75,MW,NL,NL,actual_offshore_wind_generation,Wind Offshore | Actual Consumption,2026-08-07T04:53:21Z
2026-08-07T04:50:48Z,2026-08-07T06:50:48+0200,9de41e72-ad84-4160-af68-c339f970a640,2026-07-28T02:30:00Z,2026-07-28T04:30:00+0200,1194.222,MW,NL,NL,actual_offshore_wind_generation,Wind Offshore | Actual Aggregated,2026-08-07T04:53:21Z
2026-08-07T04:50:48Z,2026-08-07T06:50:48+0200,9de41e72-ad84-4160-af68-c339f970a640,2026-07-28T02:30:00Z,2026-07-28T04:30:00+0200,3.067,MW,NL,NL,actual_offshore_wind_generation,Wind Offshore | Actual Consumption,2026-08-07T04:53:21Z
2026-08-07T04:50:48Z,2026-08-07T06:50:48+0200,9de41e72-ad84-4160-af68-c339f970a640,2026-07-28T02:45:00Z,2026-07-28T04:45:00+0200,1148.61,MW,NL,NL,actual_offshore_wind_generation,Wind Offshore | Actual Aggregated,2026-08-07T04:53:21Z
2026-08-07T04:50:48Z,2026-08-07T06:50:48+0200,9de41e72-ad84-4160-af68-c339f970a640,2026-07-28T02:45:00Z,2026-07-28T04:45:00+0200,2.23,MW,NL,NL,actual_offshore_wind_generation,Wind Offshore | Actual Consumption,2026-08-07T04:53:21Z
2026-08-07T04:50:48Z,2026-08-07T06:50:48+0200,9de41e72-ad84-4160-af68-c339f970a640,2026-07-28T03:00:00Z,2026-07-28T05:00:00+0200,1063.503,MW,NL,NL,actual_offshore_wind_generation,Wind Offshore | Actual Aggregated,2026-08-07T04:53:21Z
2026-08-07T04:50:48Z,2026-08-07T06:50:48+0200,9de41e72-ad84-4160-af68-c339f970a640,2026-07-28T03:00:00Z,2026-07-28T05:00:00+0200,2.382,MW,NL,NL,actual_offshore_wind_generation,Wind Offshore | Actual Consumption,2026-08-07T04:53:21Z
2026-08-07T04:50:48Z,2026-08-07T06:50:48+0200,9de41e72-ad84-4160-af68-c339f970a640,2026-07-28T03:15:00Z,2026-07-28T05:15:00+0200,988.687,MW,NL,NL,actual_offshore_wind_generation,Wind Offshore | Actual Aggregated,2026-08-07T04:53:21Z
2026-08-07T04:50:48Z,2026-08-07T06:50:48+0200,9de41e72-ad84-4160-af68-c339f970a640,2026-07-28T03:15:00Z,2026-07-28T05:15:00+0200,2.192,MW,NL,NL,actual_offshore_wind_generation,Wind Offshore | Actual Consumption,2026-08-07T04:53:21Z
2026-08-07T04:50:48Z,2026-08-07T06:50:48+0200,9de41e72-ad84-4160-af68-c339f970a640,2026-07-28T03:30:00Z,2026-07-28T05:30:00+0200,900.66,MW,NL,NL,actual_offshore_wind_generation,Wind Offshore | Actual Aggregated,2026-08-07T04:53:21Z
2026-08-07T04:50:48Z,2026-08-07T06:50:48+0200,9de41e72-ad84-4160-af68-c339f970a640,2026-07-28T03:30:00Z,2026-07-28T05:30:00+0200,1.978,MW,NL,NL,actual_offshore_wind_generation,Wind Offshore | Actual Consumption,2026-08-07T04:53:21Z
2026-08-07T04:50:48Z,2026-08-07T06:50:48+0200,9de41e72-ad84-4160-af68-c339f970a640,2026-07-28T03:45:00Z,2026-07-28T05:45:00+0200,828.427,MW,NL,NL,actual_offshore_wind_generation,Wind Offshore | Actual Aggregated,2026-08-07T04:53:21Z
2026-08-07T04:50:48Z,2026-08-07T06:50:48+0200,9de41e72-ad84-4160-af68-c339f970a640,2026-07-28T03:45:00Z,2026-07-28T05:45:00+0200,1.363,MW,NL,NL,actual_offshore_wind_generation,Wind Offshore | Actual Consumption,2026-08-07T04:53:21Z
2026-08-07T04:50:48Z,2026-08-07T06:50:48+0200,9de41e72-ad84-4160-af68-c339f970a640,2026-07-28T04:00:00Z,2026-07-28T06:00:00+0200,810.406,MW,NL,NL,actual_offshore_wind_generation,Wind Offshore | Actual Aggregated,2026-08-07T04:53:21Z
2026-08-07T04:50:48Z,2026-08-07T06:50:48+0200,9de41e72-ad84-4160-af68-c339f970a640,2026-07-28T04:00:00Z,2026-07-28T06:00:00+0200,0.869,MW,NL,NL,actual_offshore_wind_generation,Wind Offshore | Actual Consumption,2026-08-07T04:53:21Z
2026-08-07T04:50:48Z,2026-08-07T06:50:48+0200,9de41e72-ad84-4160-af68-c339f970a640,2026-07-28T04:15:00Z,2026-07-28T06:15:00+0200,775.081,MW,NL,NL,actual_offshore_wind_generation,Wind Offshore | Actual Aggregated,2026-08-07T04:53:21Z
2026-08-07T04:50:48Z,2026-08-07T06:50:48+0200,9de41e72-ad84-4160-af68-c339f970a640,2026-07-28T04:15:00Z,2026-07-28T06:15:00+0200,1.348,MW,NL,NL,actual_offshore_wind_generation,Wind Offshore | Actual Consumption,2026-08-07T04:53:21Z
2026-08-07T04:50:48Z,2026-08-07T06:50:48+0200,9de41e72-ad84-4160-af68-c339f970a640,2026-07-28T04:30:00Z,2026-07-28T06:30:00+0200,704.306,MW,NL,NL,actual_offshore_wind_generation,Wind Offshore | Actual Aggregated,2026-08-07T04:53:21Z
2026-08-07T04:50:48Z,2026-08-07T06:50:48+0200,9de41e72-ad84-4160-af68-c339f970a640,2026-07-28T04:30:00Z,2026-07-28T06:30:00+0200,1.113,MW,NL,NL,actual_offshore_wind_generation,Wind Offshore | Actual Consumption,2026-08-07T04:53:21Z
2026-08-07T04:50:48Z,2026-08-07T06:50:48+0200,9de41e72-ad84-4160-af68-c339f970a640,2026-07-28T04:45:00Z,2026-07-28T06:45:00+0200,652.692,MW,NL,NL,actual_offshore_wind_generation,Wind Offshore | Actual Aggregated,2026-08-07T04:53:21Z
2026-08-07T04:50:48Z,2026-08-07T06:50:48+0200,9de41e72-ad84-4160-af68-c339f970a640,2026-07-28T04:45:00Z,2026-07-28T06:45:00+0200,1.919,MW,NL,NL,actual_offshore_wind_generation,Wind Offshore | Actual Consumption,2026-08-07T04:53:21Z
2026-08-07T04:50:48Z,2026-08-07T06:50:48+0200,9de41e72-ad84-4160-af68-c339f970a640,2026-07-28T05:00:00Z,2026-07-28T07:00:00+0200,556.048,MW,NL,NL,actual_offshore_wind_generation,Wind Offshore | Actual Aggregated,2026-08-07T04:53:21Z
2026-08-07T04:50:48Z,2026-08-07T06:50:48+0200,9de41e72-ad84-4160-af68-c339f970a640,2026-07-28T05:00:00Z,2026-07-28T07:00:00+0200,1.863,MW,NL,NL,actual_offshore_wind_generation,Wind Offshore | Actual Consumption,2026-08-07T04:53:21Z
2026-08-07T04:50:48Z,2026-08-07T06:50:48+0200,9de41e72-ad84-4160-af68-c339f970a640,2026-07-28T05:15:00Z,2026-07-28T07:15:00+0200,475.196,MW,NL,NL,actual_offshore_wind_generation,Wind Offshore | Actual Aggregated,2026-08-07T04:53:21Z
2026-08-07T04:50:48Z,2026-08-07T06:50:48+0200,9de41e72-ad84-4160-af68-c339f970a640,2026-07-28T05:15:00Z,2026-07-28T07:15:00+0200,3.57,MW,NL,NL,actual_offshore_wind_generation,Wind Offshore | Actual Consumption,2026-08-07T04:53:21Z
2026-08-07T04:50:48Z,2026-08-07T06:50:48+0200,9de41e72-ad84-4160-af68-c339f970a640,2026-07-28T05:30:00Z,2026-07-28T07:30:00+0200,392.528,MW,NL,NL,actual_offshore_wind_generation,Wind Offshore | Actual Aggregated,2026-08-07T04:53:21Z
2026-08-07T04:50:48Z,2026-08-07T06:50:48+0200,9de41e72-ad84-4160-af68-c339f970a640,2026-07-28T05:30:00Z,2026-07-28T07:30:00+0200,3.281,MW,NL,NL,actual_offshore_wind_generation,Wind Offshore | Actual Consumption,2026-08-07T04:53:21Z
2026-08-07T04:50:48Z,2026-08-07T06:50:48+0200,9de41e72-ad84-4160-af68-c339f970a640,2026-07-28T05:45:00Z,2026-07-28T07:45:00+0200,313.807,MW,NL,NL,actual_offshore_wind_generation,Wind Offshore | Actual Aggregated,2026-08-07T04:53:21Z
2026-08-07T04:50:48Z,2026-08-07T06:50:48+0200,9de41e72-ad84-4160-af68-c339f970a640,2026-07-28T05:45:00Z,2026-07-28T07:45:00+0200,6.116,MW,NL,NL,actual_offshore_wind_generation,Wind Offshore | Actual Consumption,2026-08-07T04:53:21Z
2026-08-07T04:50:48Z,2026-08-07T06:50:48+0200,9de41e72-ad84-4160-af68-c339f970a640,2026-07-28T06:00:00Z,2026-07-28T08:00:00+0200,247.381,MW,NL,NL,actual_offshore_wind_generation,Wind Offshore | Actual Aggregated,2026-08-07T04:53:21Z
2026-08-07T04:50:48Z,2026-08-07T06:50:48+0200,9de41e72-ad84-4160-af68-c339f970a640,2026-07-28T06:00:00Z,2026-07-28T08:00:00+0200,7.834,MW,NL,NL,actual_offshore_wind_generation,Wind Offshore | Actual Consumption,2026-08-07T04:53:21Z
2026-08-07T04:50:48Z,2026-08-07T06:50:48+0200,9de41e72-ad84-4160-af68-c339f970a640,2026-07-28T06:15:00Z,2026-07-28T08:15:00+0200,226.656,MW,NL,NL,actual_offshore_wind_generation,Wind Offshore | Actual Aggregated,2026-08-07T04:53:21Z
2026-08-07T04:50:48Z,2026-08-07T06:50:48+0200,9de41e72-ad84-4160-af68-c339f970a640,2026-07-28T06:15:00Z,2026-07-28T08:15:00+0200,7.186,MW,NL,NL,actual_offshore_wind_generation,Wind Offshore | Actual Consumption,2026-08-07T04:53:21Z
2026-08-07T04:50:48Z,2026-08-07T06:50:48+0200,9de41e72-ad84-4160-af68-c339f970a640,2026-07-28T06:30:00Z,2026-07-28T08:30:00+0200,207.121,MW,NL,NL,actual_offshore_wind_generation,Wind Offshore | Actual Aggregated,2026-08-07T04:53:21Z
2026-08-07T04:50:48Z,2026-08-07T06:50:48+0200,9de41e72-ad84-4160-af68-c339f970a640,2026-07-28T06:30:00Z,2026-07-28T08:30:00+0200,6.686,MW,NL,NL,actual_offshore_wind_generation,Wind Offshore | Actual Consumption,2026-08-07T04:53:21Z
2026-08-07T04:50:48Z,2026-08-07T06:50:48+0200,9de41e72-ad84-4160-af68-c339f970a640,2026-07-28T06:45:00Z,2026-07-28T08:45:00+0200,215.817,MW,NL,NL,actual_offshore_wind_generation,Wind Offshore | Actual Aggregated,2026-08-07T04:53:21Z
2026-08-07T04:50:48Z,2026-08-07T06:50:48+0200,9de41e72-ad84-4160-af68-c339f970a640,2026-07-28T06:45:00Z,2026-07-28T08:45:00+0200,1.291,MW,NL,NL,actual_offshore_wind_generation,Wind Offshore | Actual Consumption,2026-08-07T04:53:21Z
2026-08-07T04:50:48Z,2026-08-07T06:50:48+0200,9de41e72-ad84-4160-af68-c339f970a640,2026-07-28T07:00:00Z,2026-07-28T09:00:00+0200,249.683,MW,NL,NL,actual_offshore_wind_generation,Wind Offshore | Actual Aggregated,2026-08-07T04:53:21Z
2026-08-07T04:50:48Z,2026-08-07T06:50:48+0200,9de41e72-ad84-4160-af68-c339f970a640,2026-07-28T07:00:00Z,2026-07-28T09:00:00+0200,1.713,MW,NL,NL,actual_offshore_wind_generation,Wind Offshore | Actual Consumption,2026-08-07T04:53:21Z
2026-08-07T04:50:48Z,2026-08-07T06:50:48+0200,9de41e72-ad84-4160-af68-c339f970a640,2026-07-28T07:15:00Z,2026-07-28T09:15:00+0200,308.242,MW,NL,NL,actual_offshore_wind_generation,Wind Offshore | Actual Aggregated,2026-08-07T04:53:21Z
2026-08-07T04:50:48Z,2026-08-07T06:50:48+0200,9de41e72-ad84-4160-af68-c339f970a640,2026-07-28T07:15:00Z,2026-07-28T09:15:00+0200,1.496,MW,NL,NL,actual_offshore_wind_generation,Wind Offshore | Actual Consumption,2026-08-07T04:53:21Z
2026-08-07T04:50:48Z,2026-08-07T06:50:48+0200,9de41e72-ad84-4160-af68-c339f970a640,2026-07-28T07:30:00Z,2026-07-28T09:30:00+0200,373.645,MW,NL,NL,actual_offshore_wind_generation,Wind Offshore | Actual Aggregated,2026-08-07T04:53:21Z
2026-08-07T04:50:48Z,2026-08-07T06:50:48+0200,9de41e72-ad84-4160-af68-c339f970a640,2026-07-28T07:30:00Z,2026-07-28T09:30:00+0200,1.777,MW,NL,NL,actual_offshore_wind_generation,Wind Offshore | Actual Consumption,2026-08-07T04:53:21Z
2026-08-07T04:50:48Z,2026-08-07T06:50:48+0200,9de41e72-ad84-4160-af68-c339f970a640,2026-07-28T07:45:00Z,2026-07-28T09:45:00+0200,408.641,MW,NL,NL,actual_offshore_wind_generation,Wind Offshore | Actual Aggregated,2026-08-07T04:53:21Z
2026-08-07T04:50:48Z,2026-08-07T06:50:48+0200,9de41e72-ad84-4160-af68-c339f970a640,2026-07-28T07:45:00Z,2026-07-28T09:45:00+0200,1.733,MW,NL,NL,actual_offshore_wind_generation,Wind Offshore | Actual Consumption,2026-08-07T04:53:21Z
2026-08-07T04:50:48Z,2026-08-07T06:50:48+0200,9de41e72-ad84-4160-af68-c339f970a640,2026-07-28T08:00:00Z,2026-07-28T10:00:00+0200,238.013,MW,NL,NL,actual_offshore_wind_generation,Wind Offshore | Actual Aggregated,2026-08-07T04:53:21Z
2026-08-07T04:50:48Z,2026-08-07T06:50:48+0200,9de41e72-ad84-4160-af68-c339f970a640,2026-07-28T08:00:00Z,2026-07-28T10:00:00+0200,3.298,MW,NL,NL,actual_offshore_wind_generation,Wind Offshore | Actual Consumption,2026-08-07T04:53:21Z
2026-08-07T04:50:48Z,2026-08-07T06:50:48+0200,9de41e72-ad84-4160-af68-c339f970a640,2026-07-28T08:15:00Z,2026-07-28T10:15:00+0200,198.238,MW,NL,NL,actual_offshore_wind_generation,Wind Offshore | Actual Aggregated,2026-08-07T04:53:21Z
2026-08-07T04:50:48Z,2026-08-07T06:50:48+0200,9de41e72-ad84-4160-af68-c339f970a640,2026-07-28T08:15:00Z,2026-07-28T10:15:00+0200,2.418,MW,NL,NL,actual_offshore_wind_generation,Wind Offshore | Actual Consumption,2026-08-07T04:53:21Z
2026-08-07T04:50:48Z,2026-08-07T06:50:48+0200,9de41e72-ad84-4160-af68-c339f970a640,2026-07-28T08:30:00Z,2026-07-28T10:30:00+0200,224.397,MW,NL,NL,actual_offshore_wind_generation,Wind Offshore | Actual Aggregated,2026-08-07T04:53:21Z
2026-08-07T04:50:48Z,2026-08-07T06:50:48+0200,9de41e72-ad84-4160-af68-c339f970a640,2026-07-28T08:30:00Z,2026-07-28T10:30:00+0200,2.426,MW,NL,NL,actual_offshore_wind_generation,Wind Offshore | Actual Consumption,2026-08-07T04:53:21Z
2026-08-07T04:50:48Z,2026-08-07T06:50:48+0200,9de41e72-ad84-4160-af68-c339f970a640,2026-07-28T08:45:00Z,2026-07-28T10:45:00+0200,271.642,MW,NL,NL,actual_offshore_wind_generation,Wind Offshore | Actual Aggregated,2026-08-07T04:53:21Z
2026-08-07T04:50:48Z,2026-08-07T06:50:48+0200,9de41e72-ad84-4160-af68-c339f970a640,2026-07-28T08:45:00Z,2026-07-28T10:45:00+0200,2.768,MW,NL,NL,actual_offshore_wind_generation,Wind Offshore | Actual Consumption,2026-08-07T04:53:21Z
2026-08-07T04:50:48Z,2026-08-07T06:50:48+0200,9de41e72-ad84-4160-af68-c339f970a640,2026-07-28T09:00:00Z,2026-07-28T11:00:00+0200,313.363,MW,NL,NL,actual_offshore_wind_generation,Wind Offshore | Actual Aggregated,2026-08-07T04:53:21Z
2026-08-07T04:50:48Z,2026-08-07T06:50:48+0200,9de41e72-ad84-4160-af68-c339f970a640,2026-07-28T09:00:00Z,2026-07-28T11:00:00+0200,2.274,MW,NL,NL,actual_offshore_wind_generation,Wind Offshore | Actual Consumption,2026-08-07T04:53:21Z
2026-08-07T04:50:48Z,2026-08-07T06:50:48+0200,9de41e72-ad84-4160-af68-c339f970a640,2026-07-28T09:15:00Z,2026-07-28T11:15:00+0200,351.915,MW,NL,NL,actual_offshore_wind_generation,Wind Offshore | Actual Aggregated,2026-08-07T04:53:21Z
2026-08-07T04:50:48Z,2026-08-07T06:50:48+0200,9de41e72-ad84-4160-af68-c339f970a640,2026-07-28T09:15:00Z,2026-07-28T11:15:00+0200,1.905,MW,NL,NL,actual_offshore_wind_generation,Wind Offshore | Actual Consumption,2026-08-07T04:53:21Z
2026-08-07T04:50:48Z,2026-08-07T06:50:48+0200,9de41e72-ad84-4160-af68-c339f970a640,2026-07-28T09:30:00Z,2026-07-28T11:30:00+0200,339.13,MW,NL,NL,actual_offshore_wind_generation,Wind Offshore | Actual Aggregated,2026-08-07T04:53:21Z
2026-08-07T04:50:48Z,2026-08-07T06:50:48+0200,9de41e72-ad84-4160-af68-c339f970a640,2026-07-28T09:30:00Z,2026-07-28T11:30:00+0200,2.121,MW,NL,NL,actual_offshore_wind_generation,Wind Offshore | Actual Consumption,2026-08-07T04:53:21Z
2026-08-07T04:50:48Z,2026-08-07T06:50:48+0200,9de41e72-ad84-4160-af68-c339f970a640,2026-07-28T09:45:00Z,2026-07-28T11:45:00+0200,327.301,MW,NL,NL,actual_offshore_wind_generation,Wind Offshore | Actual Aggregated,2026-08-07T04:53:21Z
2026-08-07T04:50:48Z,2026-08-07T06:50:48+0200,9de41e72-ad84-4160-af68-c339f970a640,2026-07-28T09:45:00Z,2026-07-28T11:45:00+0200,2.071,MW,NL,NL,actual_offshore_wind_generation,Wind Offshore | Actual Consumption,2026-08-07T04:53:21Z
2026-08-07T04:50:48Z,2026-08-07T06:50:48+0200,9de41e72-ad84-4160-af68-c339f970a640,2026-07-28T10:00:00Z,2026-07-28T12:00:00+0200,306.323,MW,NL,NL,actual_offshore_wind_generation,Wind Offshore | Actual Aggregated,2026-08-07T04:53:21Z
2026-08-07T04:50:48Z,2026-08-07T06:50:48+0200,9de41e72-ad84-4160-af68-c339f970a640,2026-07-28T10:00:00Z,2026-07-28T12:00:00+0200,2.179,MW,NL,NL,actual_offshore_wind_generation,Wind Offshore | Actual Consumption,2026-08-07T04:53:21Z
2026-08-07T04:50:48Z,2026-08-07T06:50:48+0200,9de41e72-ad84-4160-af68-c339f970a640,2026-07-28T10:15:00Z,2026-07-28T12:15:00+0200,333.87,MW,NL,NL,actual_offshore_wind_generation,Wind Offshore | Actual Aggregated,2026-08-07T04:53:21Z
2026-08-07T04:50:48Z,2026-08-07T06:50:48+0200,9de41e72-ad84-4160-af68-c339f970a640,2026-07-28T10:15:00Z,2026-07-28T12:15:00+0200,2.364,MW,NL,NL,actual_offshore_wind_generation,Wind Offshore | Actual Consumption,2026-08-07T04:53:21Z
2026-08-07T04:50:48Z,2026-08-07T06:50:48+0200,9de41e72-ad84-4160-af68-c339f970a640,2026-07-28T10:30:00Z,2026-07-28T12:30:00+0200,332.623,MW,NL,NL,actual_offshore_wind_generation,Wind Offshore | Actual Aggregated,2026-08-07T04:53:21Z
2026-08-07T04:50:48Z,2026-08-07T06:50:48+0200,9de41e72-ad84-4160-af68-c339f970a640,2026-07-28T10:30:00Z,2026-07-28T12:30:00+0200,2.079,MW,NL,NL,actual_offshore_wind_generation,Wind Offshore | Actual Consumption,2026-08-07T04:53:21Z
2026-08-07T04:50:48Z,2026-08-07T06:50:48+0200,9de41e72-ad84-4160-af68-c339f970a640,2026-07-28T10:45:00Z,2026-07-28T12:45:00+0200,405.718,MW,NL,NL,actual_offshore_wind_generation,Wind Offshore | Actual Aggregated,2026-08-07T04:53:21Z
2026-08-07T04:50:48Z,2026-08-07T06:50:48+0200,9de41e72-ad84-4160-af68-c339f970a640,2026-07-28T10:45:00Z,2026-07-28T12:45:00+0200,1.264,MW,NL,NL,actual_offshore_wind_generation,Wind Offshore | Actual Consumption,2026-08-07T04:53:21Z
2026-08-07T04:50:48Z,2026-08-07T06:50:48+0200,9de41e72-ad84-4160-af68-c339f970a640,2026-07-28T11:00:00Z,2026-07-28T13:00:00+0200,399.345,MW,NL,NL,actual_offshore_wind_generation,Wind Offshore | Actual Aggregated,2026-08-07T04:53:21Z
2026-08-07T04:50:48Z,2026-08-07T06:50:48+0200,9de41e72-ad84-4160-af68-c339f970a640,2026-07-28T11:00:00Z,2026-07-28T13:00:00+0200,1.078,MW,NL,NL,actual_offshore_wind_generation,Wind Offshore | Actual Consumption,2026-08-07T04:53:21Z
2026-08-07T04:50:48Z,2026-08-07T06:50:48+0200,9de41e72-ad84-4160-af68-c339f970a640,2026-07-28T11:15:00Z,2026-07-28T13:15:00+0200,335.391,MW,NL,NL,actual_offshore_wind_generation,Wind Offshore | Actual Aggregated,2026-08-07T04:53:21Z
2026-08-07T04:50:48Z,2026-08-07T06:50:48+0200,9de41e72-ad84-4160-af68-c339f970a640,2026-07-28T11:15:00Z,2026-07-28T13:15:00+0200,1.033,MW,NL,NL,actual_offshore_wind_generation,Wind Offshore | Actual Consumption,2026-08-07T04:53:21Z
2026-08-07T04:50:48Z,2026-08-07T06:50:48+0200,9de41e72-ad84-4160-af68-c339f970a640,2026-07-28T11:30:00Z,2026-07-28T13:30:00+0200,280.193,MW,NL,NL,actual_offshore_wind_generation,Wind Offshore | Actual Aggregated,2026-08-07T04:53:21Z
2026-08-07T04:50:48Z,2026-08-07T06:50:48+0200,9de41e72-ad84-4160-af68-c339f970a640,2026-07-28T11:30:00Z,2026-07-28T13:30:00+0200,0.924,MW,NL,NL,actual_offshore_wind_generation,Wind Offshore | Actual Consumption,2026-08-07T04:53:21Z
2026-08-07T04:50:48Z,2026-08-07T06:50:48+0200,9de41e72-ad84-4160-af68-c339f970a640,2026-07-28T11:45:00Z,2026-07-28T13:45:00+0200,263.773,MW,NL,NL,actual_offshore_wind_generation,Wind Offshore | Actual Aggregated,2026-08-07T04:53:21Z
2026-08-07T04:50:48Z,2026-08-07T06:50:48+0200,9de41e72-ad84-4160-af68-c339f970a640,2026-07-28T11:45:00Z,2026-07-28T13:45:00+0200,1.226,MW,NL,NL,actual_offshore_wind_generation,Wind Offshore | Actual Consumption,2026-08-07T04:53:21Z
2026-08-07T04:50:48Z,2026-08-07T06:50:48+0200,9de41e72-ad84-4160-af68-c339f970a640,2026-07-28T12:00:00Z,2026-07-28T14:00:00+0200,280.803,MW,NL,NL,actual_offshore_wind_generation,Wind Offshore | Actual Aggregated,2026-08-07T04:53:21Z
2026-08-07T04:50:48Z,2026-08-07T06:50:48+0200,9de41e72-ad84-4160-af68-c339f970a640,2026-07-28T12:00:00Z,2026-07-28T14:00:00+0200,2.006,MW,NL,NL,actual_offshore_wind_generation,Wind Offshore | Actual Consumption,2026-08-07T04:53:21Z
2026-08-07T04:50:48Z,2026-08-07T06:50:48+0200,9de41e72-ad84-4160-af68-c339f970a640,2026-07-28T12:15:00Z,2026-07-28T14:15:00+0200,264.653,MW,NL,NL,actual_offshore_wind_generation,Wind Offshore | Actual Aggregated,2026-08-07T04:53:21Z
2026-08-07T04:50:48Z,2026-08-07T06:50:48+0200,9de41e72-ad84-4160-af68-c339f970a640,2026-07-28T12:15:00Z,2026-07-28T14:15:00+0200,3.994,MW,NL,NL,actual_offshore_wind_generation,Wind Offshore | Actual Consumption,2026-08-07T04:53:21Z
2026-08-07T04:50:48Z,2026-08-07T06:50:48+0200,9de41e72-ad84-4160-af68-c339f970a640,2026-07-28T12:30:00Z,2026-07-28T14:30:00+0200,253.335,MW,NL,NL,actual_offshore_wind_generation,Wind Offshore | Actual Aggregated,2026-08-07T04:53:21Z
2026-08-07T04:50:48Z,2026-08-07T06:50:48+0200,9de41e72-ad84-4160-af68-c339f970a640,2026-07-28T12:30:00Z,2026-07-28T14:30:00+0200,5.772,MW,NL,NL,actual_offshore_wind_generation,Wind Offshore | Actual Consumption,2026-08-07T04:53:21Z
2026-08-07T04:50:48Z,2026-08-07T06:50:48+0200,9de41e72-ad84-4160-af68-c339f970a640,2026-07-28T12:45:00Z,2026-07-28T14:45:00+0200,237.455,MW,NL,NL,actual_offshore_wind_generation,Wind Offshore | Actual Aggregated,2026-08-07T04:53:21Z
2026-08-07T04:50:48Z,2026-08-07T06:50:48+0200,9de41e72-ad84-4160-af68-c339f970a640,2026-07-28T12:45:00Z,2026-07-28T14:45:00+0200,6.789,MW,NL,NL,actual_offshore_wind_generation,Wind Offshore | Actual Consumption,2026-08-07T04:53:21Z
2026-08-07T04:50:48Z,2026-08-07T06:50:48+0200,9de41e72-ad84-4160-af68-c339f970a640,2026-07-28T13:00:00Z,2026-07-28T15:00:00+0200,242.082,MW,NL,NL,actual_offshore_wind_generation,Wind Offshore | Actual Aggregated,2026-08-07T04:53:21Z
2026-08-07T04:50:48Z,2026-08-07T06:50:48+0200,9de41e72-ad84-4160-af68-c339f970a640,2026-07-28T13:00:00Z,2026-07-28T15:00:00+0200,10.282,MW,NL,NL,actual_offshore_wind_generation,Wind Offshore | Actual Consumption,2026-08-07T04:53:21Z
2026-08-07T04:50:48Z,2026-08-07T06:50:48+0200,9de41e72-ad84-4160-af68-c339f970a640,2026-07-28T13:15:00Z,2026-07-28T15:15:00+0200,251.139,MW,NL,NL,actual_offshore_wind_generation,Wind Offshore | Actual Aggregated,2026-08-07T04:53:21Z
2026-08-07T04:50:48Z,2026-08-07T06:50:48+0200,9de41e72-ad84-4160-af68-c339f970a640,2026-07-28T13:15:00Z,2026-07-28T15:15:00+0200,8.86,MW,NL,NL,actual_offshore_wind_generation,Wind Offshore | Actual Consumption,2026-08-07T04:53:21Z
2026-08-07T04:50:48Z,2026-08-07T06:50:48+0200,9de41e72-ad84-4160-af68-c339f970a640,2026-07-28T13:30:00Z,2026-07-28T15:30:00+0200,250.012,MW,NL,NL,actual_offshore_wind_generation,Wind Offshore | Actual Aggregated,2026-08-07T04:53:21Z
2026-08-07T04:50:48Z,2026-08-07T06:50:48+0200,9de41e72-ad84-4160-af68-c339f970a640,2026-07-28T13:30:00Z,2026-07-28T15:30:00+0200,8.588,MW,NL,NL,actual_offshore_wind_generation,Wind Offshore | Actual Consumption,2026-08-07T04:53:21Z
2026-08-07T04:50:48Z,2026-08-07T06:50:48+0200,9de41e72-ad84-4160-af68-c339f970a640,2026-07-28T13:45:00Z,2026-07-28T15:45:00+0200,337.757,MW,NL,NL,actual_offshore_wind_generation,Wind Offshore | Actual Aggregated,2026-08-07T04:53:21Z
2026-08-07T04:50:48Z,2026-08-07T06:50:48+0200,9de41e72-ad84-4160-af68-c339f970a640,2026-07-28T13:45:00Z,2026-07-28T15:45:00+0200,7.968,MW,NL,NL,actual_offshore_wind_generation,Wind Offshore | Actual Consumption,2026-08-07T04:53:21Z
2026-08-07T04:50:48Z,2026-08-07T06:50:48+0200,9de41e72-ad84-4160-af68-c339f970a640,2026-07-28T14:00:00Z,2026-07-28T16:00:00+0200,406.01,MW,NL,NL,actual_offshore_wind_generation,Wind Offshore | Actual Aggregated,2026-08-07T04:53:21Z
2026-08-07T04:50:48Z,2026-08-07T06:50:48+0200,9de41e72-ad84-4160-af68-c339f970a640,2026-07-28T14:00:00Z,2026-07-28T16:00:00+0200,4.533,MW,NL,NL,actual_offshore_wind_generation,Wind Offshore | Actual Consumption,2026-08-07T04:53:21Z
2026-08-07T04:50:48Z,2026-08-07T06:50:48+0200,9de41e72-ad84-4160-af68-c339f970a640,2026-07-28T14:15:00Z,2026-07-28T16:15:00+0200,374.311,MW,NL,NL,actual_offshore_wind_generation,Wind Offshore | Actual Aggregated,2026-08-07T04:53:21Z
2026-08-07T04:50:48Z,2026-08-07T06:50:48+0200,9de41e72-ad84-4160-af68-c339f970a640,2026-07-28T14:15:00Z,2026-07-28T16:15:00+0200,5.867,MW,NL,NL,actual_offshore_wind_generation,Wind Offshore | Actual Consumption,2026-08-07T04:53:21Z
2026-08-07T04:50:48Z,2026-08-07T06:50:48+0200,9de41e72-ad84-4160-af68-c339f970a640,2026-07-28T14:30:00Z,2026-07-28T16:30:00+0200,386.815,MW,NL,NL,actual_offshore_wind_generation,Wind Offshore | Actual Aggregated,2026-08-07T04:53:21Z
2026-08-07T04:50:48Z,2026-08-07T06:50:48+0200,9de41e72-ad84-4160-af68-c339f970a640,2026-07-28T14:30:00Z,2026-07-28T16:30:00+0200,6.289,MW,NL,NL,actual_offshore_wind_generation,Wind Offshore | Actual Consumption,2026-08-07T04:53:21Z
2026-08-07T04:50:48Z,2026-08-07T06:50:48+0200,9de41e72-ad84-4160-af68-c339f970a640,2026-07-28T14:45:00Z,2026-07-28T16:45:00+0200,518.816,MW,NL,NL,actual_offshore_wind_generation,Wind Offshore | Actual Aggregated,2026-08-07T04:53:21Z
2026-08-07T04:50:48Z,2026-08-07T06:50:48+0200,9de41e72-ad84-4160-af68-c339f970a640,2026-07-28T14:45:00Z,2026-07-28T16:45:00+0200,8.351,MW,NL,NL,actual_offshore_wind_generation,Wind Offshore | Actual Consumption,2026-08-07T04:53:21Z
2026-08-07T04:50:48Z,2026-08-07T06:50:48+0200,9de41e72-ad84-4160-af68-c339f970a640,2026-07-28T15:00:00Z,2026-07-28T17:00:00+0200,542.603,MW,NL,NL,actual_offshore_wind_generation,Wind Offshore | Actual Aggregated,2026-08-07T04:53:21Z
2026-08-07T04:50:48Z,2026-08-07T06:50:48+0200,9de41e72-ad84-4160-af68-c339f970a640,2026-07-28T15:00:00Z,2026-07-28T17:00:00+0200,12.355,MW,NL,NL,actual_offshore_wind_generation,Wind Offshore | Actual Consumption,2026-08-07T04:53:21Z
2026-08-07T04:50:48Z,2026-08-07T06:50:48+0200,9de41e72-ad84-4160-af68-c339f970a640,2026-07-28T15:15:00Z,2026-07-28T17:15:00+0200,482.711,MW,NL,NL,actual_offshore_wind_generation,Wind Offshore | Actual Aggregated,2026-08-07T04:53:21Z
2026-08-07T04:50:48Z,2026-08-07T06:50:48+0200,9de41e72-ad84-4160-af68-c339f970a640,2026-07-28T15:15:00Z,2026-07-28T17:15:00+0200,16.249,MW,NL,NL,actual_offshore_wind_generation,Wind Offshore | Actual Consumption,2026-08-07T04:53:21Z
2026-08-07T04:50:48Z,2026-08-07T06:50:48+0200,9de41e72-ad84-4160-af68-c339f970a640,2026-07-28T15:30:00Z,2026-07-28T17:30:00+0200,449.607,MW,NL,NL,actual_offshore_wind_generation,Wind Offshore | Actual Aggregated,2026-08-07T04:53:21Z
2026-08-07T04:50:48Z,2026-08-07T06:50:48+0200,9de41e72-ad84-4160-af68-c339f970a640,2026-07-28T15:30:00Z,2026-07-28T17:30:00+0200,16.132,MW,NL,NL,actual_offshore_wind_generation,Wind Offshore | Actual Consumption,2026-08-07T04:53:21Z
2026-08-07T04:50:48Z,2026-08-07T06:50:48+0200,9de41e72-ad84-4160-af68-c339f970a640,2026-07-28T15:45:00Z,2026-07-28T17:45:00+0200,452.216,MW,NL,NL,actual_offshore_wind_generation,Wind Offshore | Actual Aggregated,2026-08-07T04:53:21Z
2026-08-07T04:50:48Z,2026-08-07T06:50:48+0200,9de41e72-ad84-4160-af68-c339f970a640,2026-07-28T15:45:00Z,2026-07-28T17:45:00+0200,18.227,MW,NL,NL,actual_offshore_wind_generation,Wind Offshore | Actual Consumption,2026-08-07T04:53:21Z
2026-08-07T04:50:48Z,2026-08-07T06:50:48+0200,9de41e72-ad84-4160-af68-c339f970a640,2026-07-28T16:00:00Z,2026-07-28T18:00:00+0200,414.439,MW,NL,NL,actual_offshore_wind_generation,Wind Offshore | Actual Aggregated,2026-08-07T04:53:21Z
2026-08-07T04:50:48Z,2026-08-07T06:50:48+0200,9de41e72-ad84-4160-af68-c339f970a640,2026-07-28T16:00:00Z,2026-07-28T18:00:00+0200,20.815,MW,NL,NL,actual_offshore_wind_generation,Wind Offshore | Actual Consumption,2026-08-07T04:53:21Z
2026-08-07T04:50:48Z,2026-08-07T06:50:48+0200,9de41e72-ad84-4160-af68-c339f970a640,2026-07-28T16:15:00Z,2026-07-28T18:15:00+0200,371.582,MW,NL,NL,actual_offshore_wind_generation,Wind Offshore | Actual Aggregated,2026-08-07T04:53:21Z
2026-08-07T04:50:48Z,2026-08-07T06:50:48+0200,9de41e72-ad84-4160-af68-c339f970a640,2026-07-28T16:15:00Z,2026-07-28T18:15:00+0200,26.021,MW,NL,NL,actual_offshore_wind_generation,Wind Offshore | Actual Consumption,2026-08-07T04:53:21Z
2026-08-07T04:50:48Z,2026-08-07T06:50:48+0200,9de41e72-ad84-4160-af68-c339f970a640,2026-07-28T16:30:00Z,2026-07-28T18:30:00+0200,349.227,MW,NL,NL,actual_offshore_wind_generation,Wind Offshore | Actual Aggregated,2026-08-07T04:53:21Z
2026-08-07T04:50:48Z,2026-08-07T06:50:48+0200,9de41e72-ad84-4160-af68-c339f970a640,2026-07-28T16:30:00Z,2026-07-28T18:30:00+0200,30.424,MW,NL,NL,actual_offshore_wind_generation,Wind Offshore | Actual Consumption,2026-08-07T04:53:21Z
2026-08-07T04:50:48Z,2026-08-07T06:50:48+0200,9de41e72-ad84-4160-af68-c339f970a640,2026-07-28T16:45:00Z,2026-07-28T18:45:00+0200,336.565,MW,NL,NL,actual_offshore_wind_generation,Wind Offshore | Actual Aggregated,2026-08-07T04:53:21Z
2026-08-07T04:50:48Z,2026-08-07T06:50:48+0200,9de41e72-ad84-4160-af68-c339f970a640,2026-07-28T16:45:00Z,2026-07-28T18:45:00+0200,30.684,MW,NL,NL,actual_offshore_wind_generation,Wind Offshore | Actual Consumption,2026-08-07T04:53:21Z
2026-08-07T04:50:48Z,2026-08-07T06:50:48+0200,9de41e72-ad84-4160-af68-c339f970a640,2026-07-28T17:00:00Z,2026-07-28T19:00:00+0200,327.889,MW,NL,NL,actual_offshore_wind_generation,Wind Offshore | Actual Aggregated,2026-08-07T04:53:21Z
2026-08-07T04:50:48Z,2026-08-07T06:50:48+0200,9de41e72-ad84-4160-af68-c339f970a640,2026-07-28T17:00:00Z,2026-07-28T19:00:00+0200,31.886,MW,NL,NL,actual_offshore_wind_generation,Wind Offshore | Actual Consumption,2026-08-07T04:53:21Z
2026-08-07T04:50:48Z,2026-08-07T06:50:48+0200,9de41e72-ad84-4160-af68-c339f970a640,2026-07-28T17:15:00Z,2026-07-28T19:15:00+0200,319.38,MW,NL,NL,actual_offshore_wind_generation,Wind Offshore | Actual Aggregated,2026-08-07T04:53:21Z
2026-08-07T04:50:48Z,2026-08-07T06:50:48+0200,9de41e72-ad84-4160-af68-c339f970a640,2026-07-28T17:15:00Z,2026-07-28T19:15:00+0200,32.073,MW,NL,NL,actual_offshore_wind_generation,Wind Offshore | Actual Consumption,2026-08-07T04:53:21Z
2026-08-07T04:50:48Z,2026-08-07T06:50:48+0200,9de41e72-ad84-4160-af68-c339f970a640,2026-07-28T17:30:00Z,2026-07-28T19:30:00+0200,306.127,MW,NL,NL,actual_offshore_wind_generation,Wind Offshore | Actual Aggregated,2026-08-07T04:53:21Z
2026-08-07T04:50:48Z,2026-08-07T06:50:48+0200,9de41e72-ad84-4160-af68-c339f970a640,2026-07-28T17:30:00Z,2026-07-28T19:30:00+0200,32.492,MW,NL,NL,actual_offshore_wind_generation,Wind Offshore | Actual Consumption,2026-08-07T04:53:21Z
2026-08-07T04:50:48Z,2026-08-07T06:50:48+0200,9de41e72-ad84-4160-af68-c339f970a640,2026-07-28T17:45:00Z,2026-07-28T19:45:00+0200,249.323,MW,NL,NL,actual_offshore_wind_generation,Wind Offshore | Actual Aggregated,2026-08-07T04:53:21Z
2026-08-07T04:50:48Z,2026-08-07T06:50:48+0200,9de41e72-ad84-4160-af68-c339f970a640,2026-07-28T17:45:00Z,2026-07-28T19:45:00+0200,32.952,MW,NL,NL,actual_offshore_wind_generation,Wind Offshore | Actual Consumption,2026-08-07T04:53:21Z
2026-08-07T04:50:48Z,2026-08-07T06:50:48+0200,9de41e72-ad84-4160-af68-c339f970a640,2026-07-28T18:00:00Z,2026-07-28T20:00:00+0200,255.056,MW,NL,NL,actual_offshore_wind_generation,Wind Offshore | Actual Aggregated,2026-08-07T04:53:21Z
2026-08-07T04:50:48Z,2026-08-07T06:50:48+0200,9de41e72-ad84-4160-af68-c339f970a640,2026-07-28T18:00:00Z,2026-07-28T20:00:00+0200,32.511,MW,NL,NL,actual_offshore_wind_generation,Wind Offshore | Actual Consumption,2026-08-07T04:53:21Z
2026-08-07T04:50:48Z,2026-08-07T06:50:48+0200,9de41e72-ad84-4160-af68-c339f970a640,2026-07-28T18:15:00Z,2026-07-28T20:15:00+0200,249.929,MW,NL,NL,actual_offshore_wind_generation,Wind Offshore | Actual Aggregated,2026-08-07T04:53:21Z
2026-08-07T04:50:48Z,2026-08-07T06:50:48+0200,9de41e72-ad84-4160-af68-c339f970a640,2026-07-28T18:15:00Z,2026-07-28T20:15:00+0200,32.915,MW,NL,NL,actual_offshore_wind_generation,Wind Offshore | Actual Consumption,2026-08-07T04:53:21Z
2026-08-07T04:50:48Z,2026-08-07T06:50:48+0200,9de41e72-ad84-4160-af68-c339f970a640,2026-07-28T18:30:00Z,2026-07-28T20:30:00+0200,216.415,MW,NL,NL,actual_offshore_wind_generation,Wind Offshore | Actual Aggregated,2026-08-07T04:53:21Z
2026-08-07T04:50:48Z,2026-08-07T06:50:48+0200,9de41e72-ad84-4160-af68-c339f970a640,2026-07-28T18:30:00Z,2026-07-28T20:30:00+0200,32.82,MW,NL,NL,actual_offshore_wind_generation,Wind Offshore | Actual Consumption,2026-08-07T04:53:21Z
2026-08-07T04:50:48Z,2026-08-07T06:50:48+0200,9de41e72-ad84-4160-af68-c339f970a640,2026-07-28T18:45:00Z,2026-07-28T20:45:00+0200,190.509,MW,NL,NL,actual_offshore_wind_generation,Wind Offshore | Actual Aggregated,2026-08-07T04:53:21Z
2026-08-07T04:50:48Z,2026-08-07T06:50:48+0200,9de41e72-ad84-4160-af68-c339f970a640,2026-07-28T18:45:00Z,2026-07-28T20:45:00+0200,32.847,MW,NL,NL,actual_offshore_wind_generation,Wind Offshore | Actual Consumption,2026-08-07T04:53:21Z
2026-08-07T04:50:48Z,2026-08-07T06:50:48+0200,9de41e72-ad84-4160-af68-c339f970a640,2026-07-28T19:00:00Z,2026-07-28T21:00:00+0200,193.093,MW,NL,NL,actual_offshore_wind_generation,Wind Offshore | Actual Aggregated,2026-08-07T04:53:21Z
2026-08-07T04:50:48Z,2026-08-07T06:50:48+0200,9de41e72-ad84-4160-af68-c339f970a640,2026-07-28T19:00:00Z,2026-07-28T21:00:00+0200,32.841,MW,NL,NL,actual_offshore_wind_generation,Wind Offshore | Actual Consumption,2026-08-07T04:53:21Z
2026-08-07T04:50:48Z,2026-08-07T06:50:48+0200,9de41e72-ad84-4160-af68-c339f970a640,2026-07-28T19:15:00Z,2026-07-28T21:15:00+0200,156.433,MW,NL,NL,actual_offshore_wind_generation,Wind Offshore | Actual Aggregated,2026-08-07T04:53:21Z
2026-08-07T04:50:48Z,2026-08-07T06:50:48+0200,9de41e72-ad84-4160-af68-c339f970a640,2026-07-28T19:15:00Z,2026-07-28T21:15:00+0200,32.819,MW,NL,NL,actual_offshore_wind_generation,Wind Offshore | Actual Consumption,2026-08-07T04:53:21Z
2026-08-07T04:50:48Z,2026-08-07T06:50:48+0200,9de41e72-ad84-4160-af68-c339f970a640,2026-07-28T19:30:00Z,2026-07-28T21:30:00+0200,133.502,MW,NL,NL,actual_offshore_wind_generation,Wind Offshore | Actual Aggregated,2026-08-07T04:53:21Z
2026-08-07T04:50:48Z,2026-08-07T06:50:48+0200,9de41e72-ad84-4160-af68-c339f970a640,2026-07-28T19:30:00Z,2026-07-28T21:30:00+0200,33.176,MW,NL,NL,actual_offshore_wind_generation,Wind Offshore | Actual Consumption,2026-08-07T04:53:21Z
2026-08-07T04:50:48Z,2026-08-07T06:50:48+0200,9de41e72-ad84-4160-af68-c339f970a640,2026-07-28T19:45:00Z,2026-07-28T21:45:00+0200,114.475,MW,NL,NL,actual_offshore_wind_generation,Wind Offshore | Actual Aggregated,2026-08-07T04:53:21Z
2026-08-07T04:50:48Z,2026-08-07T06:50:48+0200,9de41e72-ad84-4160-af68-c339f970a640,2026-07-28T19:45:00Z,2026-07-28T21:45:00+0200,34.437,MW,NL,NL,actual_offshore_wind_generation,Wind Offshore | Actual Consumption,2026-08-07T04:53:21Z
2026-08-07T04:50:48Z,2026-08-07T06:50:48+0200,9de41e72-ad84-4160-af68-c339f970a640,2026-07-28T20:00:00Z,2026-07-28T22:00:00+0200,89.048,MW,NL,NL,actual_offshore_wind_generation,Wind Offshore | Actual Aggregated,2026-08-07T04:53:21Z
2026-08-07T04:50:48Z,2026-08-07T06:50:48+0200,9de41e72-ad84-4160-af68-c339f970a640,2026-07-28T20:00:00Z,2026-07-28T22:00:00+0200,35.049,MW,NL,NL,actual_offshore_wind_generation,Wind Offshore | Actual Consumption,2026-08-07T04:53:21Z
2026-08-07T04:50:48Z,2026-08-07T06:50:48+0200,9de41e72-ad84-4160-af68-c339f970a640,2026-07-28T20:15:00Z,2026-07-28T22:15:00+0200,70.579,MW,NL,NL,actual_offshore_wind_generation,Wind Offshore | Actual Aggregated,2026-08-07T04:53:21Z
2026-08-07T04:50:48Z,2026-08-07T06:50:48+0200,9de41e72-ad84-4160-af68-c339f970a640,2026-07-28T20:15:00Z,2026-07-28T22:15:00+0200,34.648,MW,NL,NL,actual_offshore_wind_generation,Wind Offshore | Actual Consumption,2026-08-07T04:53:21Z
2026-08-07T04:50:48Z,2026-08-07T06:50:48+0200,9de41e72-ad84-4160-af68-c339f970a640,2026-07-28T20:30:00Z,2026-07-28T22:30:00+0200,105.943,MW,NL,NL,actual_offshore_wind_generation,Wind Offshore | Actual Aggregated,2026-08-07T04:53:21Z
2026-08-07T04:50:48Z,2026-08-07T06:50:48+0200,9de41e72-ad84-4160-af68-c339f970a640,2026-07-28T20:30:00Z,2026-07-28T22:30:00+0200,34.729,MW,NL,NL,actual_offshore_wind_generation,Wind Offshore | Actual Consumption,2026-08-07T04:53:21Z
2026-08-07T04:50:48Z,2026-08-07T06:50:48+0200,9de41e72-ad84-4160-af68-c339f970a640,2026-07-28T20:45:00Z,2026-07-28T22:45:00+0200,98.413,MW,NL,NL,actual_offshore_wind_generation,Wind Offshore | Actual Aggregated,2026-08-07T04:53:21Z
2026-08-07T04:50:48Z,2026-08-07T06:50:48+0200,9de41e72-ad84-4160-af68-c339f970a640,2026-07-28T20:45:00Z,2026-07-28T22:45:00+0200,29.07,MW,NL,NL,actual_offshore_wind_generation,Wind Offshore | Actual Consumption,2026-08-07T04:53:21Z
2026-08-07T04:50:48Z,2026-08-07T06:50:48+0200,9de41e72-ad84-4160-af68-c339f970a640,2026-07-28T21:00:00Z,2026-07-28T23:00:00+0200,133.008,MW,NL,NL,actual_offshore_wind_generation,Wind Offshore | Actual Aggregated,2026-08-07T04:53:21Z
2026-08-07T04:50:48Z,2026-08-07T06:50:48+0200,9de41e72-ad84-4160-af68-c339f970a640,2026-07-28T21:00:00Z,2026-07-28T23:00:00+0200,25.321,MW,NL,NL,actual_offshore_wind_generation,Wind Offshore | Actual Consumption,2026-08-07T04:53:21Z
2026-08-07T04:50:48Z,2026-08-07T06:50:48+0200,9de41e72-ad84-4160-af68-c339f970a640,2026-07-28T21:15:00Z,2026-07-28T23:15:00+0200,166.358,MW,NL,NL,actual_offshore_wind_generation,Wind Offshore | Actual Aggregated,2026-08-07T04:53:21Z
2026-08-07T04:50:48Z,2026-08-07T06:50:48+0200,9de41e72-ad84-4160-af68-c339f970a640,2026-07-28T21:15:00Z,2026-07-28T23:15:00+0200,15.121,MW,NL,NL,actual_offshore_wind_generation,Wind Offshore | Actual Consumption,2026-08-07T04:53:21Z
2026-08-07T04:50:48Z,2026-08-07T06:50:48+0200,9de41e72-ad84-4160-af68-c339f970a640,2026-07-28T21:30:00Z,2026-07-28T23:30:00+0200,185.991,MW,NL,NL,actual_offshore_wind_generation,Wind Offshore | Actual Aggregated,2026-08-07T04:53:21Z
2026-08-07T04:50:48Z,2026-08-07T06:50:48+0200,9de41e72-ad84-4160-af68-c339f970a640,2026-07-28T21:30:00Z,2026-07-28T23:30:00+0200,15.302,MW,NL,NL,actual_offshore_wind_generation,Wind Offshore | Actual Consumption,2026-08-07T04:53:21Z
2026-08-07T04:50:48Z,2026-08-07T06:50:48+0200,9de41e72-ad84-4160-af68-c339f970a640,2026-07-28T21:45:00Z,2026-07-28T23:45:00+0200,214.894,MW,NL,NL,actual_offshore_wind_generation,Wind Offshore | Actual Aggregated,2026-08-07T04:53:21Z
2026-08-07T04:50:48Z,2026-08-07T06:50:48+0200,9de41e72-ad84-4160-af68-c339f970a640,2026-07-28T21:45:00Z,2026-07-28T23:45:00+0200,15.523,MW,NL,NL,actual_offshore_wind_generation,Wind Offshore | Actual Consumption,2026-08-07T04:53:21Z
2026-08-07T04:50:48Z,2026-08-07T06:50:48+0200,9de41e72-ad84-4160-af68-c339f970a640,2026-07-28T22:00:00Z,2026-07-29T00:00:00+0200,216.861,MW,NL,NL,actual_offshore_wind_generation,Wind Offshore | Actual Aggregated,2026-08-07T04:53:21Z
2026-08-07T04:50:48Z,2026-08-07T06:50:48+0200,9de41e72-ad84-4160-af68-c339f970a640,2026-07-28T22:00:00Z,2026-07-29T00:00:00+0200,15.023,MW,NL,NL,actual_offshore_wind_generation,Wind Offshore | Actual Consumption,2026-08-07T04:53:21Z
2026-08-07T04:50:48Z,2026-08-07T06:50:48+0200,9de41e72-ad84-4160-af68-c339f970a640,2026-07-28T22:15:00Z,2026-07-29T00:15:00+0200,226.267,MW,NL,NL,actual_offshore_wind_generation,Wind Offshore | Actual Aggregated,2026-08-07T04:53:21Z
2026-08-07T04:50:48Z,2026-08-07T06:50:48+0200,9de41e72-ad84-4160-af68-c339f970a640,2026-07-28T22:15:00Z,2026-07-29T00:15:00+0200,15.918,MW,NL,NL,actual_offshore_wind_generation,Wind Offshore | Actual Consumption,2026-08-07T04:53:21Z
2026-08-07T04:50:48Z,2026-08-07T06:50:48+0200,9de41e72-ad84-4160-af68-c339f970a640,2026-07-28T22:30:00Z,2026-07-29T00:30:00+0200,259.499,MW,NL,NL,actual_offshore_wind_generation,Wind Offshore | Actual Aggregated,2026-08-07T04:53:21Z
2026-08-07T04:50:48Z,2026-08-07T06:50:48+0200,9de41e72-ad84-4160-af68-c339f970a640,2026-07-28T22:30:00Z,2026-07-29T00:30:00+0200,15.907,MW,NL,NL,actual_offshore_wind_generation,Wind Offshore | Actual Consumption,2026-08-07T04:53:21Z
2026-08-07T04:50:48Z,2026-08-07T06:50:48+0200,9de41e72-ad84-4160-af68-c339f970a640,2026-07-28T22:45:00Z,2026-07-29T00:45:00+0200,303.643,MW,NL,NL,actual_offshore_wind_generation,Wind Offshore | Actual Aggregated,2026-08-07T04:53:21Z
2026-08-07T04:50:48Z,2026-08-07T06:50:48+0200,9de41e72-ad84-4160-af68-c339f970a640,2026-07-28T22:45:00Z,2026-07-29T00:45:00+0200,15.452,MW,NL,NL,actual_offshore_wind_generation,Wind Offshore | Actual Consumption,2026-08-07T04:53:21Z
2026-08-07T04:50:48Z,2026-08-07T06:50:48+0200,9de41e72-ad84-4160-af68-c339f970a640,2026-07-28T23:00:00Z,2026-07-29T01:00:00+0200,363.473,MW,NL,NL,actual_offshore_wind_generation,Wind Offshore | Actual Aggregated,2026-08-07T04:53:21Z
2026-08-07T04:50:48Z,2026-08-07T06:50:48+0200,9de41e72-ad84-4160-af68-c339f970a640,2026-07-28T23:00:00Z,2026-07-29T01:00:00+0200,15.978,MW,NL,NL,actual_offshore_wind_generation,Wind Offshore | Actual Consumption,2026-08-07T04:53:21Z
2026-08-07T04:50:48Z,2026-08-07T06:50:48+0200,9de41e72-ad84-4160-af68-c339f970a640,2026-07-28T23:15:00Z,2026-07-29T01:15:00+0200,447.852,MW,NL,NL,actual_offshore_wind_generation,Wind Offshore | Actual Aggregated,2026-08-07T04:53:21Z
2026-08-07T04:50:48Z,2026-08-07T06:50:48+0200,9de41e72-ad84-4160-af68-c339f970a640,2026-07-28T23:15:00Z,2026-07-29T01:15:00+0200,16.191,MW,NL,NL,actual_offshore_wind_generation,Wind Offshore | Actual Consumption,2026-08-07T04:53:21Z
2026-08-07T04:50:48Z,2026-08-07T06:50:48+0200,9de41e72-ad84-4160-af68-c339f970a640,2026-07-28T23:30:00Z,2026-07-29T01:30:00+0200,533.78,MW,NL,NL,actual_offshore_wind_generation,Wind Offshore | Actual Aggregated,2026-08-07T04:53:21Z
2026-08-07T04:50:48Z,2026-08-07T06:50:48+0200,9de41e72-ad84-4160-af68-c339f970a640,2026-07-28T23:30:00Z,2026-07-29T01:30:00+0200,16.11,MW,NL,NL,actual_offshore_wind_generation,Wind Offshore | Actual Consumption,2026-08-07T04:53:21Z
2026-08-07T04:50:48Z,2026-08-07T06:50:48+0200,9de41e72-ad84-4160-af68-c339f970a640,2026-07-28T23:45:00Z,2026-07-29T01:45:00+0200,607.112,MW,NL,NL,actual_offshore_wind_generation,Wind Offshore | Actual Aggregated,2026-08-07T04:53:21Z
2026-08-07T04:50:48Z,2026-08-07T06:50:48+0200,9de41e72-ad84-4160-af68-c339f970a640,2026-07-28T23:45:00Z,2026-07-29T01:45:00+0200,16.091,MW,NL,NL,actual_offshore_wind_generation,Wind Offshore | Actual Consumption,2026-08-07T04:53:21Z
2026-08-07T04:50:48Z,2026-08-07T06:50:48+0200,9de41e72-ad84-4160-af68-c339f970a640,2026-07-29T00:00:00Z,2026-07-29T02:00:00+0200,631.349,MW,NL,NL,actual_offshore_wind_generation,Wind Offshore | Actual Aggregated,2026-08-07T04:53:21Z
2026-08-07T04:50:48Z,2026-08-07T06:50:48+0200,9de41e72-ad84-4160-af68-c339f970a640,2026-07-29T00:00:00Z,2026-07-29T02:00:00+0200,15.602,MW,NL,NL,actual_offshore_wind_generation,Wind Offshore | Actual Consumption,2026-08-07T04:53:21Z
2026-08-07T04:50:48Z,2026-08-07T06:50:48+0200,9de41e72-ad84-4160-af68-c339f970a640,2026-07-29T00:15:00Z,2026-07-29T02:15:00+0200,639.644,MW,NL,NL,actual_offshore_wind_generation,Wind Offshore | Actual Aggregated,2026-08-07T04:53:21Z
2026-08-07T04:50:48Z,2026-08-07T06:50:48+0200,9de41e72-ad84-4160-af68-c339f970a640,2026-07-29T00:15:00Z,2026-07-29T02:15:00+0200,12.478,MW,NL,NL,actual_offshore_wind_generation,Wind Offshore | Actual Consumption,2026-08-07T04:53:21Z
2026-08-07T04:50:48Z,2026-08-07T06:50:48+0200,9de41e72-ad84-4160-af68-c339f970a640,2026-07-29T00:30:00Z,2026-07-29T02:30:00+0200,631.999,MW,NL,NL,actual_offshore_wind_generation,Wind Offshore | Actual Aggregated,2026-08-07T04:53:21Z
2026-08-07T04:50:48Z,2026-08-07T06:50:48+0200,9de41e72-ad84-4160-af68-c339f970a640,2026-07-29T00:30:00Z,2026-07-29T02:30:00+0200,12.902,MW,NL,NL,actual_offshore_wind_generation,Wind Offshore | Actual Consumption,2026-08-07T04:53:21Z
2026-08-07T04:50:48Z,2026-08-07T06:50:48+0200,9de41e72-ad84-4160-af68-c339f970a640,2026-07-29T00:45:00Z,2026-07-29T02:45:00+0200,671.407,MW,NL,NL,actual_offshore_wind_generation,Wind Offshore | Actual Aggregated,2026-08-07T04:53:21Z
2026-08-07T04:50:48Z,2026-08-07T06:50:48+0200,9de41e72-ad84-4160-af68-c339f970a640,2026-07-29T00:45:00Z,2026-07-29T02:45:00+0200,13.627,MW,NL,NL,actual_offshore_wind_generation,Wind Offshore | Actual Consumption,2026-08-07T04:53:21Z
2026-08-07T04:50:48Z,2026-08-07T06:50:48+0200,9de41e72-ad84-4160-af68-c339f970a640,2026-07-29T01:00:00Z,2026-07-29T03:00:00+0200,697.401,MW,NL,NL,actual_offshore_wind_generation,Wind Offshore | Actual Aggregated,2026-08-07T04:53:21Z
2026-08-07T04:50:48Z,2026-08-07T06:50:48+0200,9de41e72-ad84-4160-af68-c339f970a640,2026-07-29T01:00:00Z,2026-07-29T03:00:00+0200,14.796,MW,NL,NL,actual_offshore_wind_generation,Wind Offshore | Actual Consumption,2026-08-07T04:53:21Z
2026-08-07T04:50:48Z,2026-08-07T06:50:48+0200,9de41e72-ad84-4160-af68-c339f970a640,2026-07-29T01:15:00Z,2026-07-29T03:15:00+0200,678.072,MW,NL,NL,actual_offshore_wind_generation,Wind Offshore | Actual Aggregated,2026-08-07T04:53:21Z
2026-08-07T04:50:48Z,2026-08-07T06:50:48+0200,9de41e72-ad84-4160-af68-c339f970a640,2026-07-29T01:15:00Z,2026-07-29T03:15:00+0200,16.014,MW,NL,NL,actual_offshore_wind_generation,Wind Offshore | Actual Consumption,2026-08-07T04:53:21Z
2026-08-07T04:50:48Z,2026-08-07T06:50:48+0200,9de41e72-ad84-4160-af68-c339f970a640,2026-07-29T01:30:00Z,2026-07-29T03:30:00+0200,686.631,MW,NL,NL,actual_offshore_wind_generation,Wind Offshore | Actual Aggregated,2026-08-07T04:53:21Z
2026-08-07T04:50:48Z,2026-08-07T06:50:48+0200,9de41e72-ad84-4160-af68-c339f970a640,2026-07-29T01:30:00Z,2026-07-29T03:30:00+0200,15.957,MW,NL,NL,actual_offshore_wind_generation,Wind Offshore | Actual Consumption,2026-08-07T04:53:21Z
2026-08-07T04:50:48Z,2026-08-07T06:50:48+0200,9de41e72-ad84-4160-af68-c339f970a640,2026-07-29T01:45:00Z,2026-07-29T03:45:00+0200,685.426,MW,NL,NL,actual_offshore_wind_generation,Wind Offshore | Actual Aggregated,2026-08-07T04:53:21Z
2026-08-07T04:50:48Z,2026-08-07T06:50:48+0200,9de41e72-ad84-4160-af68-c339f970a640,2026-07-29T01:45:00Z,2026-07-29T03:45:00+0200,15.956,MW,NL,NL,actual_offshore_wind_generation,Wind Offshore | Actual Consumption,2026-08-07T04:53:21Z
2026-08-07T04:50:48Z,2026-08-07T06:50:48+0200,9de41e72-ad84-4160-af68-c339f970a640,2026-07-29T02:00:00Z,2026-07-29T04:00:00+0200,711.28,MW,NL,NL,actual_offshore_wind_generation,Wind Offshore | Actual Aggregated,2026-08-07T04:53:21Z
2026-08-07T04:50:48Z,2026-08-07T06:50:48+0200,9de41e72-ad84-4160-af68-c339f970a640,2026-07-29T02:00:00Z,2026-07-29T04:00:00+0200,15.994,MW,NL,NL,actual_offshore_wind_generation,Wind Offshore | Actual Consumption,2026-08-07T04:53:21Z
2026-08-07T04:50:48Z,2026-08-07T06:50:48+0200,9de41e72-ad84-4160-af68-c339f970a640,2026-07-29T02:15:00Z,2026-07-29T04:15:00+0200,710.458,MW,NL,NL,actual_offshore_wind_generation,Wind Offshore | Actual Aggregated,2026-08-07T04:53:21Z
2026-08-07T04:50:48Z,2026-08-07T06:50:48+0200,9de41e72-ad84-4160-af68-c339f970a640,2026-07-29T02:15:00Z,2026-07-29T04:15:00+0200,16.003,MW,NL,NL,actual_offshore_wind_generation,Wind Offshore | Actual Consumption,2026-08-07T04:53:21Z
2026-08-07T04:50:48Z,2026-08-07T06:50:48+0200,9de41e72-ad84-4160-af68-c339f970a640,2026-07-29T02:30:00Z,2026-07-29T04:30:00+0200,669.905,MW,NL,NL,actual_offshore_wind_generation,Wind Offshore | Actual Aggregated,2026-08-07T04:53:21Z
2026-08-07T04:50:48Z,2026-08-07T06:50:48+0200,9de41e72-ad84-4160-af68-c339f970a640,2026-07-29T02:30:00Z,2026-07-29T04:30:00+0200,15.942,MW,NL,NL,actual_offshore_wind_generation,Wind Offshore | Actual Consumption,2026-08-07T04:53:21Z
2026-08-07T04:50:48Z,2026-08-07T06:50:48+0200,9de41e72-ad84-4160-af68-c339f970a640,2026-07-29T02:45:00Z,2026-07-29T04:45:00+0200,627.765,MW,NL,NL,actual_offshore_wind_generation,Wind Offshore | Actual Aggregated,2026-08-07T04:53:21Z
2026-08-07T04:50:48Z,2026-08-07T06:50:48+0200,9de41e72-ad84-4160-af68-c339f970a640,2026-07-29T02:45:00Z,2026-07-29T04:45:00+0200,15.854,MW,NL,NL,actual_offshore_wind_generation,Wind Offshore | Actual Consumption,2026-08-07T04:53:21Z
2026-08-07T04:50:48Z,2026-08-07T06:50:48+0200,9de41e72-ad84-4160-af68-c339f970a640,2026-07-29T03:00:00Z,2026-07-29T05:00:00+0200,571.416,MW,NL,NL,actual_offshore_wind_generation,Wind Offshore | Actual Aggregated,2026-08-07T04:53:21Z
2026-08-07T04:50:48Z,2026-08-07T06:50:48+0200,9de41e72-ad84-4160-af68-c339f970a640,2026-07-29T03:00:00Z,2026-07-29T05:00:00+0200,15.642,MW,NL,NL,actual_offshore_wind_generation,Wind Offshore | Actual Consumption,2026-08-07T04:53:21Z
2026-08-07T04:50:48Z,2026-08-07T06:50:48+0200,9de41e72-ad84-4160-af68-c339f970a640,2026-07-29T03:15:00Z,2026-07-29T05:15:00+0200,528.908,MW,NL,NL,actual_offshore_wind_generation,Wind Offshore | Actual Aggregated,2026-08-07T04:53:21Z
2026-08-07T04:50:48Z,2026-08-07T06:50:48+0200,9de41e72-ad84-4160-af68-c339f970a640,2026-07-29T03:15:00Z,2026-07-29T05:15:00+0200,15.581,MW,NL,NL,actual_offshore_wind_generation,Wind Offshore | Actual Consumption,2026-08-07T04:53:21Z
2026-08-07T04:50:48Z,2026-08-07T06:50:48+0200,9de41e72-ad84-4160-af68-c339f970a640,2026-07-29T03:30:00Z,2026-07-29T05:30:00+0200,469.537,MW,NL,NL,actual_offshore_wind_generation,Wind Offshore | Actual Aggregated,2026-08-07T04:53:21Z
2026-08-07T04:50:48Z,2026-08-07T06:50:48+0200,9de41e72-ad84-4160-af68-c339f970a640,2026-07-29T03:30:00Z,2026-07-29T05:30:00+0200,15.683,MW,NL,NL,actual_offshore_wind_generation,Wind Offshore | Actual Consumption,2026-08-07T04:53:21Z
2026-08-07T04:50:48Z,2026-08-07T06:50:48+0200,9de41e72-ad84-4160-af68-c339f970a640,2026-07-29T03:45:00Z,2026-07-29T05:45:00+0200,432.19,MW,NL,NL,actual_offshore_wind_generation,Wind Offshore | Actual Aggregated,2026-08-07T04:53:21Z
2026-08-07T04:50:48Z,2026-08-07T06:50:48+0200,9de41e72-ad84-4160-af68-c339f970a640,2026-07-29T03:45:00Z,2026-07-29T05:45:00+0200,16.684,MW,NL,NL,actual_offshore_wind_generation,Wind Offshore | Actual Consumption,2026-08-07T04:53:21Z
2026-08-07T04:50:48Z,2026-08-07T06:50:48+0200,9de41e72-ad84-4160-af68-c339f970a640,2026-07-29T04:00:00Z,2026-07-29T06:00:00+0200,413.058,MW,NL,NL,actual_offshore_wind_generation,Wind Offshore | Actual Aggregated,2026-08-07T04:53:21Z
2026-08-07T04:50:48Z,2026-08-07T06:50:48+0200,9de41e72-ad84-4160-af68-c339f970a640,2026-07-29T04:00:00Z,2026-07-29T06:00:00+0200,15.219,MW,NL,NL,actual_offshore_wind_generation,Wind Offshore | Actual Consumption,2026-08-07T04:53:21Z
2026-08-07T04:50:48Z,2026-08-07T06:50:48+0200,9de41e72-ad84-4160-af68-c339f970a640,2026-07-29T04:15:00Z,2026-07-29T06:15:00+0200,377.989,MW,NL,NL,actual_offshore_wind_generation,Wind Offshore | Actual Aggregated,2026-08-07T04:53:21Z
2026-08-07T04:50:48Z,2026-08-07T06:50:48+0200,9de41e72-ad84-4160-af68-c339f970a640,2026-07-29T04:15:00Z,2026-07-29T06:15:00+0200,15.873,MW,NL,NL,actual_offshore_wind_generation,Wind Offshore | Actual Consumption,2026-08-07T04:53:21Z
2026-08-07T04:50:48Z,2026-08-07T06:50:48+0200,9de41e72-ad84-4160-af68-c339f970a640,2026-07-29T04:30:00Z,2026-07-29T06:30:00+0200,328.887,MW,NL,NL,actual_offshore_wind_generation,Wind Offshore | Actual Aggregated,2026-08-07T04:53:21Z
2026-08-07T04:50:48Z,2026-08-07T06:50:48+0200,9de41e72-ad84-4160-af68-c339f970a640,2026-07-29T04:30:00Z,2026-07-29T06:30:00+0200,15.362,MW,NL,NL,actual_offshore_wind_generation,Wind Offshore | Actual Consumption,2026-08-07T04:53:21Z
2026-08-07T04:50:48Z,2026-08-07T06:50:48+0200,9de41e72-ad84-4160-af68-c339f970a640,2026-07-29T04:45:00Z,2026-07-29T06:45:00+0200,318.77,MW,NL,NL,actual_offshore_wind_generation,Wind Offshore | Actual Aggregated,2026-08-07T04:53:21Z
2026-08-07T04:50:48Z,2026-08-07T06:50:48+0200,9de41e72-ad84-4160-af68-c339f970a640,2026-07-29T04:45:00Z,2026-07-29T06:45:00+0200,14.766,MW,NL,NL,actual_offshore_wind_generation,Wind Offshore | Actual Consumption,2026-08-07T04:53:21Z
2026-08-07T04:50:48Z,2026-08-07T06:50:48+0200,9de41e72-ad84-4160-af68-c339f970a640,2026-07-29T05:00:00Z,2026-07-29T07:00:00+0200,319.783,MW,NL,NL,actual_offshore_wind_generation,Wind Offshore | Actual Aggregated,2026-08-07T04:53:21Z
2026-08-07T04:50:48Z,2026-08-07T06:50:48+0200,9de41e72-ad84-4160-af68-c339f970a640,2026-07-29T05:00:00Z,2026-07-29T07:00:00+0200,14.97,MW,NL,NL,actual_offshore_wind_generation,Wind Offshore | Actual Consumption,2026-08-07T04:53:21Z
2026-08-07T04:50:48Z,2026-08-07T06:50:48+0200,9de41e72-ad84-4160-af68-c339f970a640,2026-07-29T05:15:00Z,2026-07-29T07:15:00+0200,301.93,MW,NL,NL,actual_offshore_wind_generation,Wind Offshore | Actual Aggregated,2026-08-07T04:53:21Z
2026-08-07T04:50:48Z,2026-08-07T06:50:48+0200,9de41e72-ad84-4160-af68-c339f970a640,2026-07-29T05:15:00Z,2026-07-29T07:15:00+0200,14.207,MW,NL,NL,actual_offshore_wind_generation,Wind Offshore | Actual Consumption,2026-08-07T04:53:21Z
2026-08-07T04:50:48Z,2026-08-07T06:50:48+0200,9de41e72-ad84-4160-af68-c339f970a640,2026-07-29T05:30:00Z,2026-07-29T07:30:00+0200,285.145,MW,NL,NL,actual_offshore_wind_generation,Wind Offshore | Actual Aggregated,2026-08-07T04:53:21Z
2026-08-07T04:50:48Z,2026-08-07T06:50:48+0200,9de41e72-ad84-4160-af68-c339f970a640,2026-07-29T05:30:00Z,2026-07-29T07:30:00+0200,14.338,MW,NL,NL,actual_offshore_wind_generation,Wind Offshore | Actual Consumption,2026-08-07T04:53:21Z
2026-08-07T04:50:48Z,2026-08-07T06:50:48+0200,9de41e72-ad84-4160-af68-c339f970a640,2026-07-29T05:45:00Z,2026-07-29T07:45:00+0200,272.515,MW,NL,NL,actual_offshore_wind_generation,Wind Offshore | Actual Aggregated,2026-08-07T04:53:21Z
2026-08-07T04:50:48Z,2026-08-07T06:50:48+0200,9de41e72-ad84-4160-af68-c339f970a640,2026-07-29T05:45:00Z,2026-07-29T07:45:00+0200,15.958,MW,NL,NL,actual_offshore_wind_generation,Wind Offshore | Actual Consumption,2026-08-07T04:53:21Z
2026-08-07T04:50:48Z,2026-08-07T06:50:48+0200,9de41e72-ad84-4160-af68-c339f970a640,2026-07-29T06:00:00Z,2026-07-29T08:00:00+0200,255.972,MW,NL,NL,actual_offshore_wind_generation,Wind Offshore | Actual Aggregated,2026-08-07T04:53:21Z
2026-08-07T04:50:48Z,2026-08-07T06:50:48+0200,9de41e72-ad84-4160-af68-c339f970a640,2026-07-29T06:00:00Z,2026-07-29T08:00:00+0200,19.447,MW,NL,NL,actual_offshore_wind_generation,Wind Offshore | Actual Consumption,2026-08-07T04:53:21Z
2026-08-07T04:50:48Z,2026-08-07T06:50:48+0200,9de41e72-ad84-4160-af68-c339f970a640,2026-07-29T06:15:00Z,2026-07-29T08:15:00+0200,252.695,MW,NL,NL,actual_offshore_wind_generation,Wind Offshore | Actual Aggregated,2026-08-07T04:53:21Z
2026-08-07T04:50:48Z,2026-08-07T06:50:48+0200,9de41e72-ad84-4160-af68-c339f970a640,2026-07-29T06:15:00Z,2026-07-29T08:15:00+0200,24.063,MW,NL,NL,actual_offshore_wind_generation,Wind Offshore | Actual Consumption,2026-08-07T04:53:21Z
2026-08-07T04:50:48Z,2026-08-07T06:50:48+0200,9de41e72-ad84-4160-af68-c339f970a640,2026-07-29T06:30:00Z,2026-07-29T08:30:00+0200,240.804,MW,NL,NL,actual_offshore_wind_generation,Wind Offshore | Actual Aggregated,2026-08-07T04:53:21Z
2026-08-07T04:50:48Z,2026-08-07T06:50:48+0200,9de41e72-ad84-4160-af68-c339f970a640,2026-07-29T06:30:00Z,2026-07-29T08:30:00+0200,26.36,MW,NL,NL,actual_offshore_wind_generation,Wind Offshore | Actual Consumption,2026-08-07T04:53:21Z
2026-08-07T04:50:48Z,2026-08-07T06:50:48+0200,9de41e72-ad84-4160-af68-c339f970a640,2026-07-29T06:45:00Z,2026-07-29T08:45:00+0200,240.121,MW,NL,NL,actual_offshore_wind_generation,Wind Offshore | Actual Aggregated,2026-08-07T04:53:21Z
2026-08-07T04:50:48Z,2026-08-07T06:50:48+0200,9de41e72-ad84-4160-af68-c339f970a640,2026-07-29T06:45:00Z,2026-07-29T08:45:00+0200,28.737,MW,NL,NL,actual_offshore_wind_generation,Wind Offshore | Actual Consumption,2026-08-07T04:53:21Z
2026-08-07T04:50:48Z,2026-08-07T06:50:48+0200,9de41e72-ad84-4160-af68-c339f970a640,2026-07-29T07:00:00Z,2026-07-29T09:00:00+0200,253.138,MW,NL,NL,actual_offshore_wind_generation,Wind Offshore | Actual Aggregated,2026-08-07T04:53:21Z
2026-08-07T04:50:48Z,2026-08-07T06:50:48+0200,9de41e72-ad84-4160-af68-c339f970a640,2026-07-29T07:00:00Z,2026-07-29T09:00:00+0200,21.792,MW,NL,NL,actual_offshore_wind_generation,Wind Offshore | Actual Consumption,2026-08-07T04:53:21Z
2026-08-07T04:50:48Z,2026-08-07T06:50:48+0200,9de41e72-ad84-4160-af68-c339f970a640,2026-07-29T07:15:00Z,2026-07-29T09:15:00+0200,263.23,MW,NL,NL,actual_offshore_wind_generation,Wind Offshore | Actual Aggregated,2026-08-07T04:53:21Z
2026-08-07T04:50:48Z,2026-08-07T06:50:48+0200,9de41e72-ad84-4160-af68-c339f970a640,2026-07-29T07:15:00Z,2026-07-29T09:15:00+0200,21.671,MW,NL,NL,actual_offshore_wind_generation,Wind Offshore | Actual Consumption,2026-08-07T04:53:21Z
2026-08-07T04:50:48Z,2026-08-07T06:50:48+0200,9de41e72-ad84-4160-af68-c339f970a640,2026-07-29T07:30:00Z,2026-07-29T09:30:00+0200,261.427,MW,NL,NL,actual_offshore_wind_generation,Wind Offshore | Actual Aggregated,2026-08-07T04:53:21Z
2026-08-07T04:50:48Z,2026-08-07T06:50:48+0200,9de41e72-ad84-4160-af68-c339f970a640,2026-07-29T07:30:00Z,2026-07-29T09:30:00+0200,22.186,MW,NL,NL,actual_offshore_wind_generation,Wind Offshore | Actual Consumption,2026-08-07T04:53:21Z
2026-08-07T04:50:48Z,2026-08-07T06:50:48+0200,9de41e72-ad84-4160-af68-c339f970a640,2026-07-29T07:45:00Z,2026-07-29T09:45:00+0200,243.104,MW,NL,NL,actual_offshore_wind_generation,Wind Offshore | Actual Aggregated,2026-08-07T04:53:21Z
2026-08-07T04:50:48Z,2026-08-07T06:50:48+0200,9de41e72-ad84-4160-af68-c339f970a640,2026-07-29T07:45:00Z,2026-07-29T09:45:00+0200,24.573,MW,NL,NL,actual_offshore_wind_generation,Wind Offshore | Actual Consumption,2026-08-07T04:53:21Z
2026-08-07T04:50:48Z,2026-08-07T06:50:48+0200,9de41e72-ad84-4160-af68-c339f970a640,2026-07-29T08:00:00Z,2026-07-29T10:00:00+0200,223.929,MW,NL,NL,actual_offshore_wind_generation,Wind Offshore | Actual Aggregated,2026-08-07T04:53:21Z
2026-08-07T04:50:48Z,2026-08-07T06:50:48+0200,9de41e72-ad84-4160-af68-c339f970a640,2026-07-29T08:00:00Z,2026-07-29T10:00:00+0200,24.632,MW,NL,NL,actual_offshore_wind_generation,Wind Offshore | Actual Consumption,2026-08-07T04:53:21Z
2026-08-07T04:50:48Z,2026-08-07T06:50:48+0200,9de41e72-ad84-4160-af68-c339f970a640,2026-07-29T08:15:00Z,2026-07-29T10:15:00+0200,204.458,MW,NL,NL,actual_offshore_wind_generation,Wind Offshore | Actual Aggregated,2026-08-07T04:53:21Z
2026-08-07T04:50:48Z,2026-08-07T06:50:48+0200,9de41e72-ad84-4160-af68-c339f970a640,2026-07-29T08:15:00Z,2026-07-29T10:15:00+0200,27.085,MW,NL,NL,actual_offshore_wind_generation,Wind Offshore | Actual Consumption,2026-08-07T04:53:21Z
2026-08-07T04:50:48Z,2026-08-07T06:50:48+0200,9de41e72-ad84-4160-af68-c339f970a640,2026-07-29T08:30:00Z,2026-07-29T10:30:00+0200,187.517,MW,NL,NL,actual_offshore_wind_generation,Wind Offshore | Actual Aggregated,2026-08-07T04:53:21Z
2026-08-07T04:50:48Z,2026-08-07T06:50:48+0200,9de41e72-ad84-4160-af68-c339f970a640,2026-07-29T08:30:00Z,2026-07-29T10:30:00+0200,28.809,MW,NL,NL,actual_offshore_wind_generation,Wind Offshore | Actual Consumption,2026-08-07T04:53:21Z
2026-08-07T04:50:48Z,2026-08-07T06:50:48+0200,9de41e72-ad84-4160-af68-c339f970a640,2026-07-29T08:45:00Z,2026-07-29T10:45:00+0200,172.257,MW,NL,NL,actual_offshore_wind_generation,Wind Offshore | Actual Aggregated,2026-08-07T04:53:21Z
2026-08-07T04:50:48Z,2026-08-07T06:50:48+0200,9de41e72-ad84-4160-af68-c339f970a640,2026-07-29T08:45:00Z,2026-07-29T10:45:00+0200,29.227,MW,NL,NL,actual_offshore_wind_generation,Wind Offshore | Actual Consumption,2026-08-07T04:53:21Z
2026-08-07T04:50:48Z,2026-08-07T06:50:48+0200,9de41e72-ad84-4160-af68-c339f970a640,2026-07-29T09:00:00Z,2026-07-29T11:00:00+0200,152.552,MW,NL,NL,actual_offshore_wind_generation,Wind Offshore | Actual Aggregated,2026-08-07T04:53:21Z
2026-08-07T04:50:48Z,2026-08-07T06:50:48+0200,9de41e72-ad84-4160-af68-c339f970a640,2026-07-29T09:00:00Z,2026-07-29T11:00:00+0200,31.255,MW,NL,NL,actual_offshore_wind_generation,Wind Offshore | Actual Consumption,2026-08-07T04:53:21Z
2026-08-07T04:50:48Z,2026-08-07T06:50:48+0200,9de41e72-ad84-4160-af68-c339f970a640,2026-07-29T09:15:00Z,2026-07-29T11:15:00+0200,133.704,MW,NL,NL,actual_offshore_wind_generation,Wind Offshore | Actual Aggregated,2026-08-07T04:53:21Z
2026-08-07T04:50:48Z,2026-08-07T06:50:48+0200,9de41e72-ad84-4160-af68-c339f970a640,2026-07-29T09:15:00Z,2026-07-29T11:15:00+0200,30.51,MW,NL,NL,actual_offshore_wind_generation,Wind Offshore | Actual Consumption,2026-08-07T04:53:21Z
2026-08-07T04:50:48Z,2026-08-07T06:50:48+0200,9de41e72-ad84-4160-af68-c339f970a640,2026-07-29T09:30:00Z,2026-07-29T11:30:00+0200,100.21,MW,NL,NL,actual_offshore_wind_generation,Wind Offshore | Actual Aggregated,2026-08-07T04:53:21Z
2026-08-07T04:50:48Z,2026-08-07T06:50:48+0200,9de41e72-ad84-4160-af68-c339f970a640,2026-07-29T09:30:00Z,2026-07-29T11:30:00+0200,29.491,MW,NL,NL,actual_offshore_wind_generation,Wind Offshore | Actual Consumption,2026-08-07T04:53:21Z
2026-08-07T04:50:48Z,2026-08-07T06:50:48+0200,9de41e72-ad84-4160-af68-c339f970a640,2026-07-29T09:45:00Z,2026-07-29T11:45:00+0200,31.386,MW,NL,NL,actual_offshore_wind_generation,Wind Offshore | Actual Aggregated,2026-08-07T04:53:21Z
2026-08-07T04:50:48Z,2026-08-07T06:50:48+0200,9de41e72-ad84-4160-af68-c339f970a640,2026-07-29T09:45:00Z,2026-07-29T11:45:00+0200,26.959,MW,NL,NL,actual_offshore_wind_generation,Wind Offshore | Actual Consumption,2026-08-07T04:53:21Z
2026-08-07T04:50:48Z,2026-08-07T06:50:48+0200,9de41e72-ad84-4160-af68-c339f970a640,2026-07-29T10:00:00Z,2026-07-29T12:00:00+0200,80.243,MW,NL,NL,actual_offshore_wind_generation,Wind Offshore | Actual Aggregated,2026-08-07T04:53:21Z
2026-08-07T04:50:48Z,2026-08-07T06:50:48+0200,9de41e72-ad84-4160-af68-c339f970a640,2026-07-29T10:00:00Z,2026-07-29T12:00:00+0200,26.294,MW,NL,NL,actual_offshore_wind_generation,Wind Offshore | Actual Consumption,2026-08-07T04:53:21Z
2026-08-07T04:50:48Z,2026-08-07T06:50:48+0200,9de41e72-ad84-4160-af68-c339f970a640,2026-07-29T10:15:00Z,2026-07-29T12:15:00+0200,80.866,MW,NL,NL,actual_offshore_wind_generation,Wind Offshore | Actual Aggregated,2026-08-07T04:53:21Z
2026-08-07T04:50:48Z,2026-08-07T06:50:48+0200,9de41e72-ad84-4160-af68-c339f970a640,2026-07-29T10:15:00Z,2026-07-29T12:15:00+0200,23.552,MW,NL,NL,actual_offshore_wind_generation,Wind Offshore | Actual Consumption,2026-08-07T04:53:21Z
2026-08-07T04:50:48Z,2026-08-07T06:50:48+0200,9de41e72-ad84-4160-af68-c339f970a640,2026-07-29T10:30:00Z,2026-07-29T12:30:00+0200,61.838,MW,NL,NL,actual_offshore_wind_generation,Wind Offshore | Actual Aggregated,2026-08-07T04:53:21Z
2026-08-07T04:50:48Z,2026-08-07T06:50:48+0200,9de41e72-ad84-4160-af68-c339f970a640,2026-07-29T10:30:00Z,2026-07-29T12:30:00+0200,21.571,MW,NL,NL,actual_offshore_wind_generation,Wind Offshore | Actual Consumption,2026-08-07T04:53:21Z
2026-08-07T04:50:48Z,2026-08-07T06:50:48+0200,9de41e72-ad84-4160-af68-c339f970a640,2026-07-29T10:45:00Z,2026-07-29T12:45:00+0200,43.887,MW,NL,NL,actual_offshore_wind_generation,Wind Offshore | Actual Aggregated,2026-08-07T04:53:21Z
2026-08-07T04:50:48Z,2026-08-07T06:50:48+0200,9de41e72-ad84-4160-af68-c339f970a640,2026-07-29T10:45:00Z,2026-07-29T12:45:00+0200,19.302,MW,NL,NL,actual_offshore_wind_generation,Wind Offshore | Actual Consumption,2026-08-07T04:53:21Z
2026-08-07T04:50:48Z,2026-08-07T06:50:48+0200,9de41e72-ad84-4160-af68-c339f970a640,2026-07-29T11:00:00Z,2026-07-29T13:00:00+0200,46.311,MW,NL,NL,actual_offshore_wind_generation,Wind Offshore | Actual Aggregated,2026-08-07T04:53:21Z
2026-08-07T04:50:48Z,2026-08-07T06:50:48+0200,9de41e72-ad84-4160-af68-c339f970a640,2026-07-29T11:00:00Z,2026-07-29T13:00:00+0200,13.33,MW,NL,NL,actual_offshore_wind_generation,Wind Offshore | Actual Consumption,2026-08-07T04:53:21Z
2026-08-07T04:50:48Z,2026-08-07T06:50:48+0200,9de41e72-ad84-4160-af68-c339f970a640,2026-07-29T11:15:00Z,2026-07-29T13:15:00+0200,46.345,MW,NL,NL,actual_offshore_wind_generation,Wind Offshore | Actual Aggregated,2026-08-07T04:53:21Z
2026-08-07T04:50:48Z,2026-08-07T06:50:48+0200,9de41e72-ad84-4160-af68-c339f970a640,2026-07-29T11:15:00Z,2026-07-29T13:15:00+0200,8.979,MW,NL,NL,actual_offshore_wind_generation,Wind Offshore | Actual Consumption,2026-08-07T04:53:21Z
2026-08-07T04:50:48Z,2026-08-07T06:50:48+0200,9de41e72-ad84-4160-af68-c339f970a640,2026-07-29T11:30:00Z,2026-07-29T13:30:00+0200,56.249,MW,NL,NL,actual_offshore_wind_generation,Wind Offshore | Actual Aggregated,2026-08-07T04:53:21Z
2026-08-07T04:50:48Z,2026-08-07T06:50:48+0200,9de41e72-ad84-4160-af68-c339f970a640,2026-07-29T11:30:00Z,2026-07-29T13:30:00+0200,8.822,MW,NL,NL,actual_offshore_wind_generation,Wind Offshore | Actual Consumption,2026-08-07T04:53:21Z
2026-08-07T04:50:48Z,2026-08-07T06:50:48+0200,9de41e72-ad84-4160-af68-c339f970a640,2026-07-29T11:45:00Z,2026-07-29T13:45:00+0200,55.831,MW,NL,NL,actual_offshore_wind_generation,Wind Offshore | Actual Aggregated,2026-08-07T04:53:21Z
2026-08-07T04:50:48Z,2026-08-07T06:50:48+0200,9de41e72-ad84-4160-af68-c339f970a640,2026-07-29T11:45:00Z,2026-07-29T13:45:00+0200,9.418,MW,NL,NL,actual_offshore_wind_generation,Wind Offshore | Actual Consumption,2026-08-07T04:53:21Z
2026-08-07T04:50:48Z,2026-08-07T06:50:48+0200,9de41e72-ad84-4160-af68-c339f970a640,2026-07-29T12:00:00Z,2026-07-29T14:00:00+0200,42.129,MW,NL,NL,actual_offshore_wind_generation,Wind Offshore | Actual Aggregated,2026-08-07T04:53:21Z
2026-08-07T04:50:48Z,2026-08-07T06:50:48+0200,9de41e72-ad84-4160-af68-c339f970a640,2026-07-29T12:00:00Z,2026-07-29T14:00:00+0200,10.455,MW,NL,NL,actual_offshore_wind_generation,Wind Offshore | Actual Consumption,2026-08-07T04:53:21Z
2026-08-07T04:50:48Z,2026-08-07T06:50:48+0200,9de41e72-ad84-4160-af68-c339f970a640,2026-07-29T12:15:00Z,2026-07-29T14:15:00+0200,53.509,MW,NL,NL,actual_offshore_wind_generation,Wind Offshore | Actual Aggregated,2026-08-07T04:53:21Z
2026-08-07T04:50:48Z,2026-08-07T06:50:48+0200,9de41e72-ad84-4160-af68-c339f970a640,2026-07-29T12:15:00Z,2026-07-29T14:15:00+0200,11.12,MW,NL,NL,actual_offshore_wind_generation,Wind Offshore | Actual Consumption,2026-08-07T04:53:21Z
2026-08-07T04:50:48Z,2026-08-07T06:50:48+0200,9de41e72-ad84-4160-af68-c339f970a640,2026-07-29T12:30:00Z,2026-07-29T14:30:00+0200,79.773,MW,NL,NL,actual_offshore_wind_generation,Wind Offshore | Actual Aggregated,2026-08-07T04:53:21Z
2026-08-07T04:50:48Z,2026-08-07T06:50:48+0200,9de41e72-ad84-4160-af68-c339f970a640,2026-07-29T12:30:00Z,2026-07-29T14:30:00+0200,10.666,MW,NL,NL,actual_offshore_wind_generation,Wind Offshore | Actual Consumption,2026-08-07T04:53:21Z
2026-08-07T04:50:48Z,2026-08-07T06:50:48+0200,9de41e72-ad84-4160-af68-c339f970a640,2026-07-29T12:45:00Z,2026-07-29T14:45:00+0200,80.812,MW,NL,NL,actual_offshore_wind_generation,Wind Offshore | Actual Aggregated,2026-08-07T04:53:21Z
2026-08-07T04:50:48Z,2026-08-07T06:50:48+0200,9de41e72-ad84-4160-af68-c339f970a640,2026-07-29T12:45:00Z,2026-07-29T14:45:00+0200,12.22,MW,NL,NL,actual_offshore_wind_generation,Wind Offshore | Actual Consumption,2026-08-07T04:53:21Z
2026-08-07T04:50:48Z,2026-08-07T06:50:48+0200,9de41e72-ad84-4160-af68-c339f970a640,2026-07-29T13:00:00Z,2026-07-29T15:00:00+0200,70.631,MW,NL,NL,actual_offshore_wind_generation,Wind Offshore | Actual Aggregated,2026-08-07T04:53:21Z
2026-08-07T04:50:48Z,2026-08-07T06:50:48+0200,9de41e72-ad84-4160-af68-c339f970a640,2026-07-29T13:00:00Z,2026-07-29T15:00:00+0200,14.228,MW,NL,NL,actual_offshore_wind_generation,Wind Offshore | Actual Consumption,2026-08-07T04:53:21Z
2026-08-07T04:50:48Z,2026-08-07T06:50:48+0200,9de41e72-ad84-4160-af68-c339f970a640,2026-07-29T13:15:00Z,2026-07-29T15:15:00+0200,34.196,MW,NL,NL,actual_offshore_wind_generation,Wind Offshore | Actual Aggregated,2026-08-07T04:53:21Z
2026-08-07T04:50:48Z,2026-08-07T06:50:48+0200,9de41e72-ad84-4160-af68-c339f970a640,2026-07-29T13:15:00Z,2026-07-29T15:15:00+0200,17.178,MW,NL,NL,actual_offshore_wind_generation,Wind Offshore | Actual Consumption,2026-08-07T04:53:21Z
2026-08-07T04:50:48Z,2026-08-07T06:50:48+0200,9de41e72-ad84-4160-af68-c339f970a640,2026-07-29T13:30:00Z,2026-07-29T15:30:00+0200,47.382,MW,NL,NL,actual_offshore_wind_generation,Wind Offshore | Actual Aggregated,2026-08-07T04:53:21Z
2026-08-07T04:50:48Z,2026-08-07T06:50:48+0200,9de41e72-ad84-4160-af68-c339f970a640,2026-07-29T13:30:00Z,2026-07-29T15:30:00+0200,17.997,MW,NL,NL,actual_offshore_wind_generation,Wind Offshore | Actual Consumption,2026-08-07T04:53:21Z
2026-08-07T04:50:48Z,2026-08-07T06:50:48+0200,9de41e72-ad84-4160-af68-c339f970a640,2026-07-29T13:45:00Z,2026-07-29T15:45:00+0200,63.256,MW,NL,NL,actual_offshore_wind_generation,Wind Offshore | Actual Aggregated,2026-08-07T04:53:21Z
2026-08-07T04:50:48Z,2026-08-07T06:50:48+0200,9de41e72-ad84-4160-af68-c339f970a640,2026-07-29T13:45:00Z,2026-07-29T15:45:00+0200,18.643,MW,NL,NL,actual_offshore_wind_generation,Wind Offshore | Actual Consumption,2026-08-07T04:53:21Z
2026-08-07T04:50:48Z,2026-08-07T06:50:48+0200,9de41e72-ad84-4160-af68-c339f970a640,2026-07-29T14:00:00Z,2026-07-29T16:00:00+0200,63.889,MW,NL,NL,actual_offshore_wind_generation,Wind Offshore | Actual Aggregated,2026-08-07T04:53:21Z
2026-08-07T04:50:48Z,2026-08-07T06:50:48+0200,9de41e72-ad84-4160-af68-c339f970a640,2026-07-29T14:00:00Z,2026-07-29T16:00:00+0200,18.865,MW,NL,NL,actual_offshore_wind_generation,Wind Offshore | Actual Consumption,2026-08-07T04:53:21Z
2026-08-07T04:50:48Z,2026-08-07T06:50:48+0200,9de41e72-ad84-4160-af68-c339f970a640,2026-07-29T14:15:00Z,2026-07-29T16:15:00+0200,65.212,MW,NL,NL,actual_offshore_wind_generation,Wind Offshore | Actual Aggregated,2026-08-07T04:53:21Z
2026-08-07T04:50:48Z,2026-08-07T06:50:48+0200,9de41e72-ad84-4160-af68-c339f970a640,2026-07-29T14:15:00Z,2026-07-29T16:15:00+0200,19.499,MW,NL,NL,actual_offshore_wind_generation,Wind Offshore | Actual Consumption,2026-08-07T04:53:21Z
2026-08-07T04:50:48Z,2026-08-07T06:50:48+0200,9de41e72-ad84-4160-af68-c339f970a640,2026-07-29T14:30:00Z,2026-07-29T16:30:00+0200,65.224,MW,NL,NL,actual_offshore_wind_generation,Wind Offshore | Actual Aggregated,2026-08-07T04:53:21Z
2026-08-07T04:50:48Z,2026-08-07T06:50:48+0200,9de41e72-ad84-4160-af68-c339f970a640,2026-07-29T14:30:00Z,2026-07-29T16:30:00+0200,20.531,MW,NL,NL,actual_offshore_wind_generation,Wind Offshore | Actual Consumption,2026-08-07T04:53:21Z
2026-08-07T04:50:48Z,2026-08-07T06:50:48+0200,9de41e72-ad84-4160-af68-c339f970a640,2026-07-29T14:45:00Z,2026-07-29T16:45:00+0200,56.258,MW,NL,NL,actual_offshore_wind_generation,Wind Offshore | Actual Aggregated,2026-08-07T04:53:21Z
2026-08-07T04:50:48Z,2026-08-07T06:50:48+0200,9de41e72-ad84-4160-af68-c339f970a640,2026-07-29T14:45:00Z,2026-07-29T16:45:00+0200,22.977,MW,NL,NL,actual_offshore_wind_generation,Wind Offshore | Actual Consumption,2026-08-07T04:53:21Z
2026-08-07T04:50:48Z,2026-08-07T06:50:48+0200,9de41e72-ad84-4160-af68-c339f970a640,2026-07-29T15:00:00Z,2026-07-29T17:00:00+0200,45.142,MW,NL,NL,actual_offshore_wind_generation,Wind Offshore | Actual Aggregated,2026-08-07T04:53:21Z
2026-08-07T04:50:48Z,2026-08-07T06:50:48+0200,9de41e72-ad84-4160-af68-c339f970a640,2026-07-29T15:00:00Z,2026-07-29T17:00:00+0200,27.089,MW,NL,NL,actual_offshore_wind_generation,Wind Offshore | Actual Consumption,2026-08-07T04:53:21Z
2026-08-07T04:50:48Z,2026-08-07T06:50:48+0200,9de41e72-ad84-4160-af68-c339f970a640,2026-07-29T15:15:00Z,2026-07-29T17:15:00+0200,31.851,MW,NL,NL,actual_offshore_wind_generation,Wind Offshore | Actual Aggregated,2026-08-07T04:53:21Z
2026-08-07T04:50:48Z,2026-08-07T06:50:48+0200,9de41e72-ad84-4160-af68-c339f970a640,2026-07-29T15:15:00Z,2026-07-29T17:15:00+0200,30.413,MW,NL,NL,actual_offshore_wind_generation,Wind Offshore | Actual Consumption,2026-08-07T04:53:21Z
2026-08-07T04:50:48Z,2026-08-07T06:50:48+0200,9de41e72-ad84-4160-af68-c339f970a640,2026-07-29T15:30:00Z,2026-07-29T17:30:00+0200,18.95,MW,NL,NL,actual_offshore_wind_generation,Wind Offshore | Actual Aggregated,2026-08-07T04:53:21Z
2026-08-07T04:50:48Z,2026-08-07T06:50:48+0200,9de41e72-ad84-4160-af68-c339f970a640,2026-07-29T15:30:00Z,2026-07-29T17:30:00+0200,33.689,MW,NL,NL,actual_offshore_wind_generation,Wind Offshore | Actual Consumption,2026-08-07T04:53:21Z
2026-08-07T04:50:48Z,2026-08-07T06:50:48+0200,9de41e72-ad84-4160-af68-c339f970a640,2026-07-29T15:45:00Z,2026-07-29T17:45:00+0200,19.024,MW,NL,NL,actual_offshore_wind_generation,Wind Offshore | Actual Aggregated,2026-08-07T04:53:21Z
2026-08-07T04:50:48Z,2026-08-07T06:50:48+0200,9de41e72-ad84-4160-af68-c339f970a640,2026-07-29T15:45:00Z,2026-07-29T17:45:00+0200,32.453,MW,NL,NL,actual_offshore_wind_generation,Wind Offshore | Actual Consumption,2026-08-07T04:53:21Z
2026-08-07T04:50:48Z,2026-08-07T06:50:48+0200,9de41e72-ad84-4160-af68-c339f970a640,2026-07-29T16:00:00Z,2026-07-29T18:00:00+0200,19.879,MW,NL,NL,actual_offshore_wind_generation,Wind Offshore | Actual Aggregated,2026-08-07T04:53:21Z
2026-08-07T04:50:48Z,2026-08-07T06:50:48+0200,9de41e72-ad84-4160-af68-c339f970a640,2026-07-29T16:00:00Z,2026-07-29T18:00:00+0200,34.677,MW,NL,NL,actual_offshore_wind_generation,Wind Offshore | Actual Consumption,2026-08-07T04:53:21Z
2026-08-07T04:50:48Z,2026-08-07T06:50:48+0200,9de41e72-ad84-4160-af68-c339f970a640,2026-07-29T16:15:00Z,2026-07-29T18:15:00+0200,22.778,MW,NL,NL,actual_offshore_wind_generation,Wind Offshore | Actual Aggregated,2026-08-07T04:53:21Z
2026-08-07T04:50:48Z,2026-08-07T06:50:48+0200,9de41e72-ad84-4160-af68-c339f970a640,2026-07-29T16:15:00Z,2026-07-29T18:15:00+0200,32.076,MW,NL,NL,actual_offshore_wind_generation,Wind Offshore | Actual Consumption,2026-08-07T04:53:21Z
2026-08-07T04:50:48Z,2026-08-07T06:50:48+0200,9de41e72-ad84-4160-af68-c339f970a640,2026-07-29T16:30:00Z,2026-07-29T18:30:00+0200,22.996,MW,NL,NL,actual_offshore_wind_generation,Wind Offshore | Actual Aggregated,2026-08-07T04:53:21Z
2026-08-07T04:50:48Z,2026-08-07T06:50:48+0200,9de41e72-ad84-4160-af68-c339f970a640,2026-07-29T16:30:00Z,2026-07-29T18:30:00+0200,30.891,MW,NL,NL,actual_offshore_wind_generation,Wind Offshore | Actual Consumption,2026-08-07T04:53:21Z
2026-08-07T04:50:48Z,2026-08-07T06:50:48+0200,9de41e72-ad84-4160-af68-c339f970a640,2026-07-29T16:45:00Z,2026-07-29T18:45:00+0200,23.35,MW,NL,NL,actual_offshore_wind_generation,Wind Offshore | Actual Aggregated,2026-08-07T04:53:21Z
2026-08-07T04:50:48Z,2026-08-07T06:50:48+0200,9de41e72-ad84-4160-af68-c339f970a640,2026-07-29T16:45:00Z,2026-07-29T18:45:00+0200,31.909,MW,NL,NL,actual_offshore_wind_generation,Wind Offshore | Actual Consumption,2026-08-07T04:53:21Z
2026-08-07T04:50:48Z,2026-08-07T06:50:48+0200,9de41e72-ad84-4160-af68-c339f970a640,2026-07-29T17:00:00Z,2026-07-29T19:00:00+0200,24.474,MW,NL,NL,actual_offshore_wind_generation,Wind Offshore | Actual Aggregated,2026-08-07T04:53:21Z
2026-08-07T04:50:48Z,2026-08-07T06:50:48+0200,9de41e72-ad84-4160-af68-c339f970a640,2026-07-29T17:00:00Z,2026-07-29T19:00:00+0200,32.389,MW,NL,NL,actual_offshore_wind_generation,Wind Offshore | Actual Consumption,2026-08-07T04:53:21Z
2026-08-07T04:50:48Z,2026-08-07T06:50:48+0200,9de41e72-ad84-4160-af68-c339f970a640,2026-07-29T17:15:00Z,2026-07-29T19:15:00+0200,26.217,MW,NL,NL,actual_offshore_wind_generation,Wind Offshore | Actual Aggregated,2026-08-07T04:53:21Z
2026-08-07T04:50:48Z,2026-08-07T06:50:48+0200,9de41e72-ad84-4160-af68-c339f970a640,2026-07-29T17:15:00Z,2026-07-29T19:15:00+0200,35.328,MW,NL,NL,actual_offshore_wind_generation,Wind Offshore | Actual Consumption,2026-08-07T04:53:21Z
2026-08-07T04:50:48Z,2026-08-07T06:50:48+0200,9de41e72-ad84-4160-af68-c339f970a640,2026-07-29T17:30:00Z,2026-07-29T19:30:00+0200,36.898,MW,NL,NL,actual_offshore_wind_generation,Wind Offshore | Actual Aggregated,2026-08-07T04:53:21Z
2026-08-07T04:50:48Z,2026-08-07T06:50:48+0200,9de41e72-ad84-4160-af68-c339f970a640,2026-07-29T17:30:00Z,2026-07-29T19:30:00+0200,34.278,MW,NL,NL,actual_offshore_wind_generation,Wind Offshore | Actual Consumption,2026-08-07T04:53:21Z
2026-08-07T04:50:48Z,2026-08-07T06:50:48+0200,9de41e72-ad84-4160-af68-c339f970a640,2026-07-29T17:45:00Z,2026-07-29T19:45:00+0200,43.873,MW,NL,NL,actual_offshore_wind_generation,Wind Offshore | Actual Aggregated,2026-08-07T04:53:21Z
2026-08-07T04:50:48Z,2026-08-07T06:50:48+0200,9de41e72-ad84-4160-af68-c339f970a640,2026-07-29T17:45:00Z,2026-07-29T19:45:00+0200,31.942,MW,NL,NL,actual_offshore_wind_generation,Wind Offshore | Actual Consumption,2026-08-07T04:53:21Z
2026-08-07T04:50:48Z,2026-08-07T06:50:48+0200,9de41e72-ad84-4160-af68-c339f970a640,2026-07-29T18:00:00Z,2026-07-29T20:00:00+0200,42.684,MW,NL,NL,actual_offshore_wind_generation,Wind Offshore | Actual Aggregated,2026-08-07T04:53:21Z
2026-08-07T04:50:48Z,2026-08-07T06:50:48+0200,9de41e72-ad84-4160-af68-c339f970a640,2026-07-29T18:00:00Z,2026-07-29T20:00:00+0200,27.622,MW,NL,NL,actual_offshore_wind_generation,Wind Offshore | Actual Consumption,2026-08-07T04:53:21Z
2026-08-07T04:50:48Z,2026-08-07T06:50:48+0200,9de41e72-ad84-4160-af68-c339f970a640,2026-07-29T18:15:00Z,2026-07-29T20:15:00+0200,39.811,MW,NL,NL,actual_offshore_wind_generation,Wind Offshore | Actual Aggregated,2026-08-07T04:53:21Z
2026-08-07T04:50:48Z,2026-08-07T06:50:48+0200,9de41e72-ad84-4160-af68-c339f970a640,2026-07-29T18:15:00Z,2026-07-29T20:15:00+0200,24.038,MW,NL,NL,actual_offshore_wind_generation,Wind Offshore | Actual Consumption,2026-08-07T04:53:21Z
2026-08-07T04:50:48Z,2026-08-07T06:50:48+0200,9de41e72-ad84-4160-af68-c339f970a640,2026-07-29T18:30:00Z,2026-07-29T20:30:00+0200,47.401,MW,NL,NL,actual_offshore_wind_generation,Wind Offshore | Actual Aggregated,2026-08-07T04:53:21Z
2026-08-07T04:50:48Z,2026-08-07T06:50:48+0200,9de41e72-ad84-4160-af68-c339f970a640,2026-07-29T18:30:00Z,2026-07-29T20:30:00+0200,12.845,MW,NL,NL,actual_offshore_wind_generation,Wind Offshore | Actual Consumption,2026-08-07T04:53:21Z
2026-08-07T04:50:48Z,2026-08-07T06:50:48+0200,9de41e72-ad84-4160-af68-c339f970a640,2026-07-29T18:45:00Z,2026-07-29T20:45:00+0200,58.611,MW,NL,NL,actual_offshore_wind_generation,Wind Offshore | Actual Aggregated,2026-08-07T04:53:21Z
2026-08-07T04:50:48Z,2026-08-07T06:50:48+0200,9de41e72-ad84-4160-af68-c339f970a640,2026-07-29T18:45:00Z,2026-07-29T20:45:00+0200,9.942,MW,NL,NL,actual_offshore_wind_generation,Wind Offshore | Actual Consumption,2026-08-07T04:53:21Z
2026-08-07T04:50:48Z,2026-08-07T06:50:48+0200,9de41e72-ad84-4160-af68-c339f970a640,2026-07-29T19:00:00Z,2026-07-29T21:00:00+0200,64.813,MW,NL,NL,actual_offshore_wind_generation,Wind Offshore | Actual Aggregated,2026-08-07T04:53:21Z
2026-08-07T04:50:48Z,2026-08-07T06:50:48+0200,9de41e72-ad84-4160-af68-c339f970a640,2026-07-29T19:00:00Z,2026-07-29T21:00:00+0200,12.615,MW,NL,NL,actual_offshore_wind_generation,Wind Offshore | Actual Consumption,2026-08-07T04:53:21Z
2026-08-07T04:50:48Z,2026-08-07T06:50:48+0200,9de41e72-ad84-4160-af68-c339f970a640,2026-07-29T19:15:00Z,2026-07-29T21:15:00+0200,84.735,MW,NL,NL,actual_offshore_wind_generation,Wind Offshore | Actual Aggregated,2026-08-07T04:53:21Z
2026-08-07T04:50:48Z,2026-08-07T06:50:48+0200,9de41e72-ad84-4160-af68-c339f970a640,2026-07-29T19:15:00Z,2026-07-29T21:15:00+0200,12.994,MW,NL,NL,actual_offshore_wind_generation,Wind Offshore | Actual Consumption,2026-08-07T04:53:21Z
2026-08-07T04:50:48Z,2026-08-07T06:50:48+0200,9de41e72-ad84-4160-af68-c339f970a640,2026-07-29T19:30:00Z,2026-07-29T21:30:00+0200,96.426,MW,NL,NL,actual_offshore_wind_generation,Wind Offshore | Actual Aggregated,2026-08-07T04:53:21Z
2026-08-07T04:50:48Z,2026-08-07T06:50:48+0200,9de41e72-ad84-4160-af68-c339f970a640,2026-07-29T19:30:00Z,2026-07-29T21:30:00+0200,12.894,MW,NL,NL,actual_offshore_wind_generation,Wind Offshore | Actual Consumption,2026-08-07T04:53:21Z
2026-08-07T04:50:48Z,2026-08-07T06:50:48+0200,9de41e72-ad84-4160-af68-c339f970a640,2026-07-29T19:45:00Z,2026-07-29T21:45:00+0200,130.637,MW,NL,NL,actual_offshore_wind_generation,Wind Offshore | Actual Aggregated,2026-08-07T04:53:21Z
2026-08-07T04:50:48Z,2026-08-07T06:50:48+0200,9de41e72-ad84-4160-af68-c339f970a640,2026-07-29T19:45:00Z,2026-07-29T21:45:00+0200,7.315,MW,NL,NL,actual_offshore_wind_generation,Wind Offshore | Actual Consumption,2026-08-07T04:53:21Z
2026-08-07T04:50:48Z,2026-08-07T06:50:48+0200,9de41e72-ad84-4160-af68-c339f970a640,2026-07-29T20:00:00Z,2026-07-29T22:00:00+0200,202.895,MW,NL,NL,actual_offshore_wind_generation,Wind Offshore | Actual Aggregated,2026-08-07T04:53:21Z
2026-08-07T04:50:48Z,2026-08-07T06:50:48+0200,9de41e72-ad84-4160-af68-c339f970a640,2026-07-29T20:00:00Z,2026-07-29T22:00:00+0200,4.141,MW,NL,NL,actual_offshore_wind_generation,Wind Offshore | Actual Consumption,2026-08-07T04:53:21Z
2026-08-07T04:50:48Z,2026-08-07T06:50:48+0200,9de41e72-ad84-4160-af68-c339f970a640,2026-07-29T20:15:00Z,2026-07-29T22:15:00+0200,302.464,MW,NL,NL,actual_offshore_wind_generation,Wind Offshore | Actual Aggregated,2026-08-07T04:53:21Z
2026-08-07T04:50:48Z,2026-08-07T06:50:48+0200,9de41e72-ad84-4160-af68-c339f970a640,2026-07-29T20:15:00Z,2026-07-29T22:15:00+0200,2.35,MW,NL,NL,actual_offshore_wind_generation,Wind Offshore | Actual Consumption,2026-08-07T04:53:21Z
2026-08-07T04:50:48Z,2026-08-07T06:50:48+0200,9de41e72-ad84-4160-af68-c339f970a640,2026-07-29T20:30:00Z,2026-07-29T22:30:00+0200,389.549,MW,NL,NL,actual_offshore_wind_generation,Wind Offshore | Actual Aggregated,2026-08-07T04:53:21Z
2026-08-07T04:50:48Z,2026-08-07T06:50:48+0200,9de41e72-ad84-4160-af68-c339f970a640,2026-07-29T20:30:00Z,2026-07-29T22:30:00+0200,2.224,MW,NL,NL,actual_offshore_wind_generation,Wind Offshore | Actual Consumption,2026-08-07T04:53:21Z
2026-08-07T04:50:48Z,2026-08-07T06:50:48+0200,9de41e72-ad84-4160-af68-c339f970a640,2026-07-29T20:45:00Z,2026-07-29T22:45:00+0200,512.721,MW,NL,NL,actual_offshore_wind_generation,Wind Offshore | Actual Aggregated,2026-08-07T04:53:21Z
2026-08-07T04:50:48Z,2026-08-07T06:50:48+0200,9de41e72-ad84-4160-af68-c339f970a640,2026-07-29T20:45:00Z,2026-07-29T22:45:00+0200,2.224,MW,NL,NL,actual_offshore_wind_generation,Wind Offshore | Actual Consumption,2026-08-07T04:53:21Z
2026-08-07T04:50:48Z,2026-08-07T06:50:48+0200,9de41e72-ad84-4160-af68-c339f970a640,2026-07-29T21:00:00Z,2026-07-29T23:00:00+0200,662.877,MW,NL,NL,actual_offshore_wind_generation,Wind Offshore | Actual Aggregated,2026-08-07T04:53:21Z
2026-08-07T04:50:48Z,2026-08-07T06:50:48+0200,9de41e72-ad84-4160-af68-c339f970a640,2026-07-29T21:00:00Z,2026-07-29T23:00:00+0200,2.938,MW,NL,NL,actual_offshore_wind_generation,Wind Offshore | Actual Consumption,2026-08-07T04:53:21Z
2026-08-07T04:50:48Z,2026-08-07T06:50:48+0200,9de41e72-ad84-4160-af68-c339f970a640,2026-07-29T21:15:00Z,2026-07-29T23:15:00+0200,832.24,MW,NL,NL,actual_offshore_wind_generation,Wind Offshore | Actual Aggregated,2026-08-07T04:53:21Z
2026-08-07T04:50:48Z,2026-08-07T06:50:48+0200,9de41e72-ad84-4160-af68-c339f970a640,2026-07-29T21:15:00Z,2026-07-29T23:15:00+0200,5.273,MW,NL,NL,actual_offshore_wind_generation,Wind Offshore | Actual Consumption,2026-08-07T04:53:21Z
2026-08-07T04:50:48Z,2026-08-07T06:50:48+0200,9de41e72-ad84-4160-af68-c339f970a640,2026-07-29T21:30:00Z,2026-07-29T23:30:00+0200,975.991,MW,NL,NL,actual_offshore_wind_generation,Wind Offshore | Actual Aggregated,2026-08-07T04:53:21Z
2026-08-07T04:50:48Z,2026-08-07T06:50:48+0200,9de41e72-ad84-4160-af68-c339f970a640,2026-07-29T21:30:00Z,2026-07-29T23:30:00+0200,6.503,MW,NL,NL,actual_offshore_wind_generation,Wind Offshore | Actual Consumption,2026-08-07T04:53:21Z
2026-08-07T04:50:48Z,2026-08-07T06:50:48+0200,9de41e72-ad84-4160-af68-c339f970a640,2026-07-29T21:45:00Z,2026-07-29T23:45:00+0200,1152.474,MW,NL,NL,actual_offshore_wind_generation,Wind Offshore | Actual Aggregated,2026-08-07T04:53:21Z
2026-08-07T04:50:48Z,2026-08-07T06:50:48+0200,9de41e72-ad84-4160-af68-c339f970a640,2026-07-29T21:45:00Z,2026-07-29T23:45:00+0200,7.611,MW,NL,NL,actual_offshore_wind_generation,Wind Offshore | Actual Consumption,2026-08-07T04:53:21Z
2026-08-07T04:50:48Z,2026-08-07T06:50:48+0200,9de41e72-ad84-4160-af68-c339f970a640,2026-07-29T22:00:00Z,2026-07-30T00:00:00+0200,1260.91,MW,NL,NL,actual_offshore_wind_generation,Wind Offshore | Actual Aggregated,2026-08-07T04:53:21Z
2026-08-07T04:50:48Z,2026-08-07T06:50:48+0200,9de41e72-ad84-4160-af68-c339f970a640,2026-07-29T22:00:00Z,2026-07-30T00:00:00+0200,9.365,MW,NL,NL,actual_offshore_wind_generation,Wind Offshore | Actual Consumption,2026-08-07T04:53:21Z
2026-08-07T04:50:48Z,2026-08-07T06:50:48+0200,9de41e72-ad84-4160-af68-c339f970a640,2026-07-29T22:15:00Z,2026-07-30T00:15:00+0200,1265.971,MW,NL,NL,actual_offshore_wind_generation,Wind Offshore | Actual Aggregated,2026-08-07T04:53:21Z
2026-08-07T04:50:48Z,2026-08-07T06:50:48+0200,9de41e72-ad84-4160-af68-c339f970a640,2026-07-29T22:15:00Z,2026-07-30T00:15:00+0200,11.223,MW,NL,NL,actual_offshore_wind_generation,Wind Offshore | Actual Consumption,2026-08-07T04:53:21Z
2026-08-07T04:50:48Z,2026-08-07T06:50:48+0200,9de41e72-ad84-4160-af68-c339f970a640,2026-07-29T22:30:00Z,2026-07-30T00:30:00+0200,1250.322,MW,NL,NL,actual_offshore_wind_generation,Wind Offshore | Actual Aggregated,2026-08-07T04:53:21Z
2026-08-07T04:50:48Z,2026-08-07T06:50:48+0200,9de41e72-ad84-4160-af68-c339f970a640,2026-07-29T22:30:00Z,2026-07-30T00:30:00+0200,10.561,MW,NL,NL,actual_offshore_wind_generation,Wind Offshore | Actual Consumption,2026-08-07T04:53:21Z
2026-08-07T04:50:48Z,2026-08-07T06:50:48+0200,9de41e72-ad84-4160-af68-c339f970a640,2026-07-29T22:45:00Z,2026-07-30T00:45:00+0200,1212.47,MW,NL,NL,actual_offshore_wind_generation,Wind Offshore | Actual Aggregated,2026-08-07T04:53:21Z
2026-08-07T04:50:48Z,2026-08-07T06:50:48+0200,9de41e72-ad84-4160-af68-c339f970a640,2026-07-29T22:45:00Z,2026-07-30T00:45:00+0200,7.799,MW,NL,NL,actual_offshore_wind_generation,Wind Offshore | Actual Consumption,2026-08-07T04:53:21Z
2026-08-07T04:50:48Z,2026-08-07T06:50:48+0200,9de41e72-ad84-4160-af68-c339f970a640,2026-07-29T23:00:00Z,2026-07-30T01:00:00+0200,1291.723,MW,NL,NL,actual_offshore_wind_generation,Wind Offshore | Actual Aggregated,2026-08-07T04:53:21Z
2026-08-07T04:50:48Z,2026-08-07T06:50:48+0200,9de41e72-ad84-4160-af68-c339f970a640,2026-07-29T23:00:00Z,2026-07-30T01:00:00+0200,8.71,MW,NL,NL,actual_offshore_wind_generation,Wind Offshore | Actual Consumption,2026-08-07T04:53:21Z
2026-08-07T04:50:48Z,2026-08-07T06:50:48+0200,9de41e72-ad84-4160-af68-c339f970a640,2026-07-29T23:15:00Z,2026-07-30T01:15:00+0200,1419.993,MW,NL,NL,actual_offshore_wind_generation,Wind Offshore | Actual Aggregated,2026-08-07T04:53:21Z
2026-08-07T04:50:48Z,2026-08-07T06:50:48+0200,9de41e72-ad84-4160-af68-c339f970a640,2026-07-29T23:15:00Z,2026-07-30T01:15:00+0200,10.017,MW,NL,NL,actual_offshore_wind_generation,Wind Offshore | Actual Consumption,2026-08-07T04:53:21Z
2026-08-07T04:50:48Z,2026-08-07T06:50:48+0200,9de41e72-ad84-4160-af68-c339f970a640,2026-07-29T23:30:00Z,2026-07-30T01:30:00+0200,1487.579,MW,NL,NL,actual_offshore_wind_generation,Wind Offshore | Actual Aggregated,2026-08-07T04:53:21Z
2026-08-07T04:50:48Z,2026-08-07T06:50:48+0200,9de41e72-ad84-4160-af68-c339f970a640,2026-07-29T23:30:00Z,2026-07-30T01:30:00+0200,9.18,MW,NL,NL,actual_offshore_wind_generation,Wind Offshore | Actual Consumption,2026-08-07T04:53:21Z
2026-08-07T04:50:48Z,2026-08-07T06:50:48+0200,9de41e72-ad84-4160-af68-c339f970a640,2026-07-29T23:45:00Z,2026-07-30T01:45:00+0200,1704.251,MW,NL,NL,actual_offshore_wind_generation,Wind Offshore | Actual Aggregated,2026-08-07T04:53:21Z
2026-08-07T04:50:48Z,2026-08-07T06:50:48+0200,9de41e72-ad84-4160-af68-c339f970a640,2026-07-29T23:45:00Z,2026-07-30T01:45:00+0200,6.797,MW,NL,NL,actual_offshore_wind_generation,Wind Offshore | Actual Consumption,2026-08-07T04:53:21Z
2026-08-07T04:50:48Z,2026-08-07T06:50:48+0200,9de41e72-ad84-4160-af68-c339f970a640,2026-07-30T00:00:00Z,2026-07-30T02:00:00+0200,1884.988,MW,NL,NL,actual_offshore_wind_generation,Wind Offshore | Actual Aggregated,2026-08-07T04:53:21Z
2026-08-07T04:50:48Z,2026-08-07T06:50:48+0200,9de41e72-ad84-4160-af68-c339f970a640,2026-07-30T00:00:00Z,2026-07-30T02:00:00+0200,5.26,MW,NL,NL,actual_offshore_wind_generation,Wind Offshore | Actual Consumption,2026-08-07T04:53:21Z
2026-08-07T04:50:48Z,2026-08-07T06:50:48+0200,9de41e72-ad84-4160-af68-c339f970a640,2026-07-30T00:15:00Z,2026-07-30T02:15:00+0200,1935.394,MW,NL,NL,actual_offshore_wind_generation,Wind Offshore | Actual Aggregated,2026-08-07T04:53:21Z
2026-08-07T04:50:48Z,2026-08-07T06:50:48+0200,9de41e72-ad84-4160-af68-c339f970a640,2026-07-30T00:15:00Z,2026-07-30T02:15:00+0200,7.218,MW,NL,NL,actual_offshore_wind_generation,Wind Offshore | Actual Consumption,2026-08-07T04:53:21Z
2026-08-07T04:50:48Z,2026-08-07T06:50:48+0200,9de41e72-ad84-4160-af68-c339f970a640,2026-07-30T00:30:00Z,2026-07-30T02:30:00+0200,1913.496,MW,NL,NL,actual_offshore_wind_generation,Wind Offshore | Actual Aggregated,2026-08-07T04:53:21Z
2026-08-07T04:50:48Z,2026-08-07T06:50:48+0200,9de41e72-ad84-4160-af68-c339f970a640,2026-07-30T00:30:00Z,2026-07-30T02:30:00+0200,8.274,MW,NL,NL,actual_offshore_wind_generation,Wind Offshore | Actual Consumption,2026-08-07T04:53:21Z
2026-08-07T04:50:48Z,2026-08-07T06:50:48+0200,9de41e72-ad84-4160-af68-c339f970a640,2026-07-30T00:45:00Z,2026-07-30T02:45:00+0200,1912.343,MW,NL,NL,actual_offshore_wind_generation,Wind Offshore | Actual Aggregated,2026-08-07T04:53:21Z
2026-08-07T04:50:48Z,2026-08-07T06:50:48+0200,9de41e72-ad84-4160-af68-c339f970a640,2026-07-30T00:45:00Z,2026-07-30T02:45:00+0200,7.252,MW,NL,NL,actual_offshore_wind_generation,Wind Offshore | Actual Consumption,2026-08-07T04:53:21Z
2026-08-07T04:50:48Z,2026-08-07T06:50:48+0200,9de41e72-ad84-4160-af68-c339f970a640,2026-07-30T01:00:00Z,2026-07-30T03:00:00+0200,1705.996,MW,NL,NL,actual_offshore_wind_generation,Wind Offshore | Actual Aggregated,2026-08-07T04:53:21Z
2026-08-07T04:50:48Z,2026-08-07T06:50:48+0200,9de41e72-ad84-4160-af68-c339f970a640,2026-07-30T01:00:00Z,2026-07-30T03:00:00+0200,4.317,MW,NL,NL,actual_offshore_wind_generation,Wind Offshore | Actual Consumption,2026-08-07T04:53:21Z
2026-08-07T04:50:48Z,2026-08-07T06:50:48+0200,9de41e72-ad84-4160-af68-c339f970a640,2026-07-30T01:15:00Z,2026-07-30T03:15:00+0200,1517.034,MW,NL,NL,actual_offshore_wind_generation,Wind Offshore | Actual Aggregated,2026-08-07T04:53:21Z
2026-08-07T04:50:48Z,2026-08-07T06:50:48+0200,9de41e72-ad84-4160-af68-c339f970a640,2026-07-30T01:15:00Z,2026-07-30T03:15:00+0200,4.583,MW,NL,NL,actual_offshore_wind_generation,Wind Offshore | Actual Consumption,2026-08-07T04:53:21Z
2026-08-07T04:50:48Z,2026-08-07T06:50:48+0200,9de41e72-ad84-4160-af68-c339f970a640,2026-07-30T01:30:00Z,2026-07-30T03:30:00+0200,1465.964,MW,NL,NL,actual_offshore_wind_generation,Wind Offshore | Actual Aggregated,2026-08-07T04:53:21Z
2026-08-07T04:50:48Z,2026-08-07T06:50:48+0200,9de41e72-ad84-4160-af68-c339f970a640,2026-07-30T01:30:00Z,2026-07-30T03:30:00+0200,5.012,MW,NL,NL,actual_offshore_wind_generation,Wind Offshore | Actual Consumption,2026-08-07T04:53:21Z
2026-08-07T04:50:48Z,2026-08-07T06:50:48+0200,9de41e72-ad84-4160-af68-c339f970a640,2026-07-30T01:45:00Z,2026-07-30T03:45:00+0200,1525.849,MW,NL,NL,actual_offshore_wind_generation,Wind Offshore | Actual Aggregated,2026-08-07T04:53:21Z
2026-08-07T04:50:48Z,2026-08-07T06:50:48+0200,9de41e72-ad84-4160-af68-c339f970a640,2026-07-30T01:45:00Z,2026-07-30T03:45:00+0200,5.378,MW,NL,NL,actual_offshore_wind_generation,Wind Offshore | Actual Consumption,2026-08-07T04:53:21Z
2026-08-07T04:50:48Z,2026-08-07T06:50:48+0200,9de41e72-ad84-4160-af68-c339f970a640,2026-07-30T02:00:00Z,2026-07-30T04:00:00+0200,1552.36,MW,NL,NL,actual_offshore_wind_generation,Wind Offshore | Actual Aggregated,2026-08-07T04:53:21Z
2026-08-07T04:50:48Z,2026-08-07T06:50:48+0200,9de41e72-ad84-4160-af68-c339f970a640,2026-07-30T02:00:00Z,2026-07-30T04:00:00+0200,5.8,MW,NL,NL,actual_offshore_wind_generation,Wind Offshore | Actual Consumption,2026-08-07T04:53:21Z
2026-08-07T04:50:48Z,2026-08-07T06:50:48+0200,9de41e72-ad84-4160-af68-c339f970a640,2026-07-30T02:15:00Z,2026-07-30T04:15:00+0200,1570.043,MW,NL,NL,actual_offshore_wind_generation,Wind Offshore | Actual Aggregated,2026-08-07T04:53:21Z
2026-08-07T04:50:48Z,2026-08-07T06:50:48+0200,9de41e72-ad84-4160-af68-c339f970a640,2026-07-30T02:15:00Z,2026-07-30T04:15:00+0200,5.379,MW,NL,NL,actual_offshore_wind_generation,Wind Offshore | Actual Consumption,2026-08-07T04:53:21Z
2026-08-07T04:50:48Z,2026-08-07T06:50:48+0200,9de41e72-ad84-4160-af68-c339f970a640,2026-07-30T02:30:00Z,2026-07-30T04:30:00+0200,1608.578,MW,NL,NL,actual_offshore_wind_generation,Wind Offshore | Actual Aggregated,2026-08-07T04:53:21Z
2026-08-07T04:50:48Z,2026-08-07T06:50:48+0200,9de41e72-ad84-4160-af68-c339f970a640,2026-07-30T02:30:00Z,2026-07-30T04:30:00+0200,5.005,MW,NL,NL,actual_offshore_wind_generation,Wind Offshore | Actual Consumption,2026-08-07T04:53:21Z
2026-08-07T04:50:48Z,2026-08-07T06:50:48+0200,9de41e72-ad84-4160-af68-c339f970a640,2026-07-30T02:45:00Z,2026-07-30T04:45:00+0200,1643.177,MW,NL,NL,actual_offshore_wind_generation,Wind Offshore | Actual Aggregated,2026-08-07T04:53:21Z
2026-08-07T04:50:48Z,2026-08-07T06:50:48+0200,9de41e72-ad84-4160-af68-c339f970a640,2026-07-30T02:45:00Z,2026-07-30T04:45:00+0200,4.854,MW,NL,NL,actual_offshore_wind_generation,Wind Offshore | Actual Consumption,2026-08-07T04:53:21Z
2026-08-07T04:50:48Z,2026-08-07T06:50:48+0200,9de41e72-ad84-4160-af68-c339f970a640,2026-07-30T03:00:00Z,2026-07-30T05:00:00+0200,1753.573,MW,NL,NL,actual_offshore_wind_generation,Wind Offshore | Actual Aggregated,2026-08-07T04:53:21Z
2026-08-07T04:50:48Z,2026-08-07T06:50:48+0200,9de41e72-ad84-4160-af68-c339f970a640,2026-07-30T03:00:00Z,2026-07-30T05:00:00+0200,4.309,MW,NL,NL,actual_offshore_wind_generation,Wind Offshore | Actual Consumption,2026-08-07T04:53:21Z
2026-08-07T04:50:48Z,2026-08-07T06:50:48+0200,9de41e72-ad84-4160-af68-c339f970a640,2026-07-30T03:15:00Z,2026-07-30T05:15:00+0200,1880.981,MW,NL,NL,actual_offshore_wind_generation,Wind Offshore | Actual Aggregated,2026-08-07T04:53:21Z
2026-08-07T04:50:48Z,2026-08-07T06:50:48+0200,9de41e72-ad84-4160-af68-c339f970a640,2026-07-30T03:15:00Z,2026-07-30T05:15:00+0200,4.142,MW,NL,NL,actual_offshore_wind_generation,Wind Offshore | Actual Consumption,2026-08-07T04:53:21Z
2026-08-07T04:50:48Z,2026-08-07T06:50:48+0200,9de41e72-ad84-4160-af68-c339f970a640,2026-07-30T03:30:00Z,2026-07-30T05:30:00+0200,1979.268,MW,NL,NL,actual_offshore_wind_generation,Wind Offshore | Actual Aggregated,2026-08-07T04:53:21Z
2026-08-07T04:50:48Z,2026-08-07T06:50:48+0200,9de41e72-ad84-4160-af68-c339f970a640,2026-07-30T03:30:00Z,2026-07-30T05:30:00+0200,3.272,MW,NL,NL,actual_offshore_wind_generation,Wind Offshore | Actual Consumption,2026-08-07T04:53:21Z
2026-08-07T04:50:48Z,2026-08-07T06:50:48+0200,9de41e72-ad84-4160-af68-c339f970a640,2026-07-30T03:45:00Z,2026-07-30T05:45:00+0200,2048.962,MW,NL,NL,actual_offshore_wind_generation,Wind Offshore | Actual Aggregated,2026-08-07T04:53:21Z
2026-08-07T04:50:48Z,2026-08-07T06:50:48+0200,9de41e72-ad84-4160-af68-c339f970a640,2026-07-30T03:45:00Z,2026-07-30T05:45:00+0200,2.92,MW,NL,NL,actual_offshore_wind_generation,Wind Offshore | Actual Consumption,2026-08-07T04:53:21Z
2026-08-07T04:50:48Z,2026-08-07T06:50:48+0200,9de41e72-ad84-4160-af68-c339f970a640,2026-07-30T04:00:00Z,2026-07-30T06:00:00+0200,2020.128,MW,NL,NL,actual_offshore_wind_generation,Wind Offshore | Actual Aggregated,2026-08-07T04:53:21Z
2026-08-07T04:50:48Z,2026-08-07T06:50:48+0200,9de41e72-ad84-4160-af68-c339f970a640,2026-07-30T04:00:00Z,2026-07-30T06:00:00+0200,2.887,MW,NL,NL,actual_offshore_wind_generation,Wind Offshore | Actual Consumption,2026-08-07T04:53:21Z
2026-08-07T04:50:48Z,2026-08-07T06:50:48+0200,9de41e72-ad84-4160-af68-c339f970a640,2026-07-30T04:15:00Z,2026-07-30T06:15:00+0200,1821.68,MW,NL,NL,actual_offshore_wind_generation,Wind Offshore | Actual Aggregated,2026-08-07T04:53:21Z
2026-08-07T04:50:48Z,2026-08-07T06:50:48+0200,9de41e72-ad84-4160-af68-c339f970a640,2026-07-30T04:15:00Z,2026-07-30T06:15:00+0200,2.767,MW,NL,NL,actual_offshore_wind_generation,Wind Offshore | Actual Consumption,2026-08-07T04:53:21Z
2026-08-07T04:50:48Z,2026-08-07T06:50:48+0200,9de41e72-ad84-4160-af68-c339f970a640,2026-07-30T04:30:00Z,2026-07-30T06:30:00+0200,1635.684,MW,NL,NL,actual_offshore_wind_generation,Wind Offshore | Actual Aggregated,2026-08-07T04:53:21Z
2026-08-07T04:50:48Z,2026-08-07T06:50:48+0200,9de41e72-ad84-4160-af68-c339f970a640,2026-07-30T04:30:00Z,2026-07-30T06:30:00+0200,3.155,MW,NL,NL,actual_offshore_wind_generation,Wind Offshore | Actual Consumption,2026-08-07T04:53:21Z
2026-08-07T04:50:48Z,2026-08-07T06:50:48+0200,9de41e72-ad84-4160-af68-c339f970a640,2026-07-30T04:45:00Z,2026-07-30T06:45:00+0200,1353.882,MW,NL,NL,actual_offshore_wind_generation,Wind Offshore | Actual Aggregated,2026-08-07T04:53:21Z
2026-08-07T04:50:48Z,2026-08-07T06:50:48+0200,9de41e72-ad84-4160-af68-c339f970a640,2026-07-30T04:45:00Z,2026-07-30T06:45:00+0200,3.101,MW,NL,NL,actual_offshore_wind_generation,Wind Offshore | Actual Consumption,2026-08-07T04:53:21Z
2026-08-07T04:50:48Z,2026-08-07T06:50:48+0200,9de41e72-ad84-4160-af68-c339f970a640,2026-07-30T05:00:00Z,2026-07-30T07:00:00+0200,1020.509,MW,NL,NL,actual_offshore_wind_generation,Wind Offshore | Actual Aggregated,2026-08-07T04:53:21Z
2026-08-07T04:50:48Z,2026-08-07T06:50:48+0200,9de41e72-ad84-4160-af68-c339f970a640,2026-07-30T05:00:00Z,2026-07-30T07:00:00+0200,2.285,MW,NL,NL,actual_offshore_wind_generation,Wind Offshore | Actual Consumption,2026-08-07T04:53:21Z
2026-08-07T04:50:48Z,2026-08-07T06:50:48+0200,9de41e72-ad84-4160-af68-c339f970a640,2026-07-30T05:15:00Z,2026-07-30T07:15:00+0200,783.753,MW,NL,NL,actual_offshore_wind_generation,Wind Offshore | Actual Aggregated,2026-08-07T04:53:21Z
2026-08-07T04:50:48Z,2026-08-07T06:50:48+0200,9de41e72-ad84-4160-af68-c339f970a640,2026-07-30T05:15:00Z,2026-07-30T07:15:00+0200,3.155,MW,NL,NL,actual_offshore_wind_generation,Wind Offshore | Actual Consumption,2026-08-07T04:53:21Z
2026-08-07T04:50:48Z,2026-08-07T06:50:48+0200,9de41e72-ad84-4160-af68-c339f970a640,2026-07-30T05:30:00Z,2026-07-30T07:30:00+0200,697.075,MW,NL,NL,actual_offshore_wind_generation,Wind Offshore | Actual Aggregated,2026-08-07T04:53:21Z
2026-08-07T04:50:48Z,2026-08-07T06:50:48+0200,9de41e72-ad84-4160-af68-c339f970a640,2026-07-30T05:30:00Z,2026-07-30T07:30:00+0200,3.014,MW,NL,NL,actual_offshore_wind_generation,Wind Offshore | Actual Consumption,2026-08-07T04:53:21Z
2026-08-07T04:50:48Z,2026-08-07T06:50:48+0200,9de41e72-ad84-4160-af68-c339f970a640,2026-07-30T05:45:00Z,2026-07-30T07:45:00+0200,693.065,MW,NL,NL,actual_offshore_wind_generation,Wind Offshore | Actual Aggregated,2026-08-07T04:53:21Z
2026-08-07T04:50:48Z,2026-08-07T06:50:48+0200,9de41e72-ad84-4160-af68-c339f970a640,2026-07-30T05:45:00Z,2026-07-30T07:45:00+0200,4.048,MW,NL,NL,actual_offshore_wind_generation,Wind Offshore | Actual Consumption,2026-08-07T04:53:21Z
2026-08-07T04:50:48Z,2026-08-07T06:50:48+0200,9de41e72-ad84-4160-af68-c339f970a640,2026-07-30T06:00:00Z,2026-07-30T08:00:00+0200,624.965,MW,NL,NL,actual_offshore_wind_generation,Wind Offshore | Actual Aggregated,2026-08-07T04:53:21Z
2026-08-07T04:50:48Z,2026-08-07T06:50:48+0200,9de41e72-ad84-4160-af68-c339f970a640,2026-07-30T06:00:00Z,2026-07-30T08:00:00+0200,2.466,MW,NL,NL,actual_offshore_wind_generation,Wind Offshore | Actual Consumption,2026-08-07T04:53:21Z
2026-08-07T04:50:48Z,2026-08-07T06:50:48+0200,9de41e72-ad84-4160-af68-c339f970a640,2026-07-30T06:15:00Z,2026-07-30T08:15:00+0200,579.177,MW,NL,NL,actual_offshore_wind_generation,Wind Offshore | Actual Aggregated,2026-08-07T04:53:21Z
2026-08-07T04:50:48Z,2026-08-07T06:50:48+0200,9de41e72-ad84-4160-af68-c339f970a640,2026-07-30T06:15:00Z,2026-07-30T08:15:00+0200,1.185,MW,NL,NL,actual_offshore_wind_generation,Wind Offshore | Actual Consumption,2026-08-07T04:53:21Z
2026-08-07T04:50:48Z,2026-08-07T06:50:48+0200,9de41e72-ad84-4160-af68-c339f970a640,2026-07-30T06:30:00Z,2026-07-30T08:30:00+0200,512.328,MW,NL,NL,actual_offshore_wind_generation,Wind Offshore | Actual Aggregated,2026-08-07T04:53:21Z
2026-08-07T04:50:48Z,2026-08-07T06:50:48+0200,9de41e72-ad84-4160-af68-c339f970a640,2026-07-30T06:30:00Z,2026-07-30T08:30:00+0200,0.788,MW,NL,NL,actual_offshore_wind_generation,Wind Offshore | Actual Consumption,2026-08-07T04:53:21Z
2026-08-07T04:50:48Z,2026-08-07T06:50:48+0200,9de41e72-ad84-4160-af68-c339f970a640,2026-07-30T06:45:00Z,2026-07-30T08:45:00+0200,409.709,MW,NL,NL,actual_offshore_wind_generation,Wind Offshore | Actual Aggregated,2026-08-07T04:53:21Z
2026-08-07T04:50:48Z,2026-08-07T06:50:48+0200,9de41e72-ad84-4160-af68-c339f970a640,2026-07-30T06:45:00Z,2026-07-30T08:45:00+0200,0.911,MW,NL,NL,actual_offshore_wind_generation,Wind Offshore | Actual Consumption,2026-08-07T04:53:21Z
2026-08-07T04:50:48Z,2026-08-07T06:50:48+0200,9de41e72-ad84-4160-af68-c339f970a640,2026-07-30T07:00:00Z,2026-07-30T09:00:00+0200,417.121,MW,NL,NL,actual_offshore_wind_generation,Wind Offshore | Actual Aggregated,2026-08-07T04:53:21Z
2026-08-07T04:50:48Z,2026-08-07T06:50:48+0200,9de41e72-ad84-4160-af68-c339f970a640,2026-07-30T07:00:00Z,2026-07-30T09:00:00+0200,0.958,MW,NL,NL,actual_offshore_wind_generation,Wind Offshore | Actual Consumption,2026-08-07T04:53:21Z
2026-08-07T04:50:48Z,2026-08-07T06:50:48+0200,9de41e72-ad84-4160-af68-c339f970a640,2026-07-30T07:15:00Z,2026-07-30T09:15:00+0200,424.667,MW,NL,NL,actual_offshore_wind_generation,Wind Offshore | Actual Aggregated,2026-08-07T04:53:21Z
2026-08-07T04:50:48Z,2026-08-07T06:50:48+0200,9de41e72-ad84-4160-af68-c339f970a640,2026-07-30T07:15:00Z,2026-07-30T09:15:00+0200,0.0,MW,NL,NL,actual_offshore_wind_generation,Wind Offshore | Actual Consumption,2026-08-07T04:53:21Z
2026-08-07T04:50:48Z,2026-08-07T06:50:48+0200,9de41e72-ad84-4160-af68-c339f970a640,2026-07-30T07:30:00Z,2026-07-30T09:30:00+0200,425.661,MW,NL,NL,actual_offshore_wind_generation,Wind Offshore | Actual Aggregated,2026-08-07T04:53:21Z
2026-08-07T04:50:48Z,2026-08-07T06:50:48+0200,9de41e72-ad84-4160-af68-c339f970a640,2026-07-30T07:30:00Z,2026-07-30T09:30:00+0200,0.0,MW,NL,NL,actual_offshore_wind_generation,Wind Offshore | Actual Consumption,2026-08-07T04:53:21Z
2026-08-07T04:50:48Z,2026-08-07T06:50:48+0200,9de41e72-ad84-4160-af68-c339f970a640,2026-07-30T07:45:00Z,2026-07-30T09:45:00+0200,439.471,MW,NL,NL,actual_offshore_wind_generation,Wind Offshore | Actual Aggregated,2026-08-07T04:53:21Z
2026-08-07T04:50:48Z,2026-08-07T06:50:48+0200,9de41e72-ad84-4160-af68-c339f970a640,2026-07-30T07:45:00Z,2026-07-30T09:45:00+0200,1.403,MW,NL,NL,actual_offshore_wind_generation,Wind Offshore | Actual Consumption,2026-08-07T04:53:21Z
2026-08-07T04:50:48Z,2026-08-07T06:50:48+0200,9de41e72-ad84-4160-af68-c339f970a640,2026-07-30T08:00:00Z,2026-07-30T10:00:00+0200,455.31,MW,NL,NL,actual_offshore_wind_generation,Wind Offshore | Actual Aggregated,2026-08-07T04:53:21Z
2026-08-07T04:50:48Z,2026-08-07T06:50:48+0200,9de41e72-ad84-4160-af68-c339f970a640,2026-07-30T08:00:00Z,2026-07-30T10:00:00+0200,1.044,MW,NL,NL,actual_offshore_wind_generation,Wind Offshore | Actual Consumption,2026-08-07T04:53:21Z
2026-08-07T04:50:48Z,2026-08-07T06:50:48+0200,9de41e72-ad84-4160-af68-c339f970a640,2026-07-30T08:15:00Z,2026-07-30T10:15:00+0200,414.636,MW,NL,NL,actual_offshore_wind_generation,Wind Offshore | Actual Aggregated,2026-08-07T04:53:21Z
2026-08-07T04:50:48Z,2026-08-07T06:50:48+0200,9de41e72-ad84-4160-af68-c339f970a640,2026-07-30T08:15:00Z,2026-07-30T10:15:00+0200,1.094,MW,NL,NL,actual_offshore_wind_generation,Wind Offshore | Actual Consumption,2026-08-07T04:53:21Z
2026-08-07T04:50:48Z,2026-08-07T06:50:48+0200,9de41e72-ad84-4160-af68-c339f970a640,2026-07-30T08:30:00Z,2026-07-30T10:30:00+0200,405.003,MW,NL,NL,actual_offshore_wind_generation,Wind Offshore | Actual Aggregated,2026-08-07T04:53:21Z
2026-08-07T04:50:48Z,2026-08-07T06:50:48+0200,9de41e72-ad84-4160-af68-c339f970a640,2026-07-30T08:30:00Z,2026-07-30T10:30:00+0200,1.26,MW,NL,NL,actual_offshore_wind_generation,Wind Offshore | Actual Consumption,2026-08-07T04:53:21Z
2026-08-07T04:50:48Z,2026-08-07T06:50:48+0200,9de41e72-ad84-4160-af68-c339f970a640,2026-07-30T08:45:00Z,2026-07-30T10:45:00+0200,357.244,MW,NL,NL,actual_offshore_wind_generation,Wind Offshore | Actual Aggregated,2026-08-07T04:53:21Z
2026-08-07T04:50:48Z,2026-08-07T06:50:48+0200,9de41e72-ad84-4160-af68-c339f970a640,2026-07-30T08:45:00Z,2026-07-30T10:45:00+0200,2.344,MW,NL,NL,actual_offshore_wind_generation,Wind Offshore | Actual Consumption,2026-08-07T04:53:21Z
2026-08-07T04:50:48Z,2026-08-07T06:50:48+0200,9de41e72-ad84-4160-af68-c339f970a640,2026-07-30T09:00:00Z,2026-07-30T11:00:00+0200,251.653,MW,NL,NL,actual_offshore_wind_generation,Wind Offshore | Actual Aggregated,2026-08-07T04:53:21Z
2026-08-07T04:50:48Z,2026-08-07T06:50:48+0200,9de41e72-ad84-4160-af68-c339f970a640,2026-07-30T09:00:00Z,2026-07-30T11:00:00+0200,1.419,MW,NL,NL,actual_offshore_wind_generation,Wind Offshore | Actual Consumption,2026-08-07T04:53:21Z
2026-08-07T04:50:48Z,2026-08-07T06:50:48+0200,9de41e72-ad84-4160-af68-c339f970a640,2026-07-30T09:15:00Z,2026-07-30T11:15:00+0200,205.863,MW,NL,NL,actual_offshore_wind_generation,Wind Offshore | Actual Aggregated,2026-08-07T04:53:21Z
2026-08-07T04:50:48Z,2026-08-07T06:50:48+0200,9de41e72-ad84-4160-af68-c339f970a640,2026-07-30T09:15:00Z,2026-07-30T11:15:00+0200,1.486,MW,NL,NL,actual_offshore_wind_generation,Wind Offshore | Actual Consumption,2026-08-07T04:53:21Z
2026-08-07T04:50:48Z,2026-08-07T06:50:48+0200,9de41e72-ad84-4160-af68-c339f970a640,2026-07-30T09:30:00Z,2026-07-30T11:30:00+0200,216.931,MW,NL,NL,actual_offshore_wind_generation,Wind Offshore | Actual Aggregated,2026-08-07T04:53:21Z
2026-08-07T04:50:48Z,2026-08-07T06:50:48+0200,9de41e72-ad84-4160-af68-c339f970a640,2026-07-30T09:30:00Z,2026-07-30T11:30:00+0200,2.458,MW,NL,NL,actual_offshore_wind_generation,Wind Offshore | Actual Consumption,2026-08-07T04:53:21Z
2026-08-07T04:50:48Z,2026-08-07T06:50:48+0200,9de41e72-ad84-4160-af68-c339f970a640,2026-07-30T09:45:00Z,2026-07-30T11:45:00+0200,202.866,MW,NL,NL,actual_offshore_wind_generation,Wind Offshore | Actual Aggregated,2026-08-07T04:53:21Z
2026-08-07T04:50:48Z,2026-08-07T06:50:48+0200,9de41e72-ad84-4160-af68-c339f970a640,2026-07-30T09:45:00Z,2026-07-30T11:45:00+0200,2.227,MW,NL,NL,actual_offshore_wind_generation,Wind Offshore | Actual Consumption,2026-08-07T04:53:21Z
2026-08-07T04:50:48Z,2026-08-07T06:50:48+0200,9de41e72-ad84-4160-af68-c339f970a640,2026-07-30T10:00:00Z,2026-07-30T12:00:00+0200,284.623,MW,NL,NL,actual_offshore_wind_generation,Wind Offshore | Actual Aggregated,2026-08-07T04:53:21Z
2026-08-07T04:50:48Z,2026-08-07T06:50:48+0200,9de41e72-ad84-4160-af68-c339f970a640,2026-07-30T10:00:00Z,2026-07-30T12:00:00+0200,1.454,MW,NL,NL,actual_offshore_wind_generation,Wind Offshore | Actual Consumption,2026-08-07T04:53:21Z
2026-08-07T04:50:48Z,2026-08-07T06:50:48+0200,9de41e72-ad84-4160-af68-c339f970a640,2026-07-30T10:15:00Z,2026-07-30T12:15:00+0200,260.952,MW,NL,NL,actual_offshore_wind_generation,Wind Offshore | Actual Aggregated,2026-08-07T04:53:21Z
2026-08-07T04:50:48Z,2026-08-07T06:50:48+0200,9de41e72-ad84-4160-af68-c339f970a640,2026-07-30T10:15:00Z,2026-07-30T12:15:00+0200,2.025,MW,NL,NL,actual_offshore_wind_generation,Wind Offshore | Actual Consumption,2026-08-07T04:53:21Z
2026-08-07T04:50:48Z,2026-08-07T06:50:48+0200,9de41e72-ad84-4160-af68-c339f970a640,2026-07-30T10:30:00Z,2026-07-30T12:30:00+0200,277.631,MW,NL,NL,actual_offshore_wind_generation,Wind Offshore | Actual Aggregated,2026-08-07T04:53:21Z
2026-08-07T04:50:48Z,2026-08-07T06:50:48+0200,9de41e72-ad84-4160-af68-c339f970a640,2026-07-30T10:30:00Z,2026-07-30T12:30:00+0200,5.58,MW,NL,NL,actual_offshore_wind_generation,Wind Offshore | Actual Consumption,2026-08-07T04:53:21Z
2026-08-07T04:50:48Z,2026-08-07T06:50:48+0200,9de41e72-ad84-4160-af68-c339f970a640,2026-07-30T10:45:00Z,2026-07-30T12:45:00+0200,299.955,MW,NL,NL,actual_offshore_wind_generation,Wind Offshore | Actual Aggregated,2026-08-07T04:53:21Z
2026-08-07T04:50:48Z,2026-08-07T06:50:48+0200,9de41e72-ad84-4160-af68-c339f970a640,2026-07-30T10:45:00Z,2026-07-30T12:45:00+0200,7.151,MW,NL,NL,actual_offshore_wind_generation,Wind Offshore | Actual Consumption,2026-08-07T04:53:21Z
2026-08-07T04:50:48Z,2026-08-07T06:50:48+0200,9de41e72-ad84-4160-af68-c339f970a640,2026-07-30T11:00:00Z,2026-07-30T13:00:00+0200,286.398,MW,NL,NL,actual_offshore_wind_generation,Wind Offshore | Actual Aggregated,2026-08-07T04:53:21Z
2026-08-07T04:50:48Z,2026-08-07T06:50:48+0200,9de41e72-ad84-4160-af68-c339f970a640,2026-07-30T11:00:00Z,2026-07-30T13:00:00+0200,9.182,MW,NL,NL,actual_offshore_wind_generation,Wind Offshore | Actual Consumption,2026-08-07T04:53:21Z
2026-08-07T04:50:48Z,2026-08-07T06:50:48+0200,9de41e72-ad84-4160-af68-c339f970a640,2026-07-30T11:15:00Z,2026-07-30T13:15:00+0200,212.384,MW,NL,NL,actual_offshore_wind_generation,Wind Offshore | Actual Aggregated,2026-08-07T04:53:21Z
2026-08-07T04:50:48Z,2026-08-07T06:50:48+0200,9de41e72-ad84-4160-af68-c339f970a640,2026-07-30T11:15:00Z,2026-07-30T13:15:00+0200,15.02,MW,NL,NL,actual_offshore_wind_generation,Wind Offshore | Actual Consumption,2026-08-07T04:53:21Z
2026-08-07T04:50:48Z,2026-08-07T06:50:48+0200,9de41e72-ad84-4160-af68-c339f970a640,2026-07-30T11:30:00Z,2026-07-30T13:30:00+0200,206.615,MW,NL,NL,actual_offshore_wind_generation,Wind Offshore | Actual Aggregated,2026-08-07T04:53:21Z
2026-08-07T04:50:48Z,2026-08-07T06:50:48+0200,9de41e72-ad84-4160-af68-c339f970a640,2026-07-30T11:30:00Z,2026-07-30T13:30:00+0200,14.64,MW,NL,NL,actual_offshore_wind_generation,Wind Offshore | Actual Consumption,2026-08-07T04:53:21Z
2026-08-07T04:50:48Z,2026-08-07T06:50:48+0200,9de41e72-ad84-4160-af68-c339f970a640,2026-07-30T11:45:00Z,2026-07-30T13:45:00+0200,204.652,MW,NL,NL,actual_offshore_wind_generation,Wind Offshore | Actual Aggregated,2026-08-07T04:53:21Z
2026-08-07T04:50:48Z,2026-08-07T06:50:48+0200,9de41e72-ad84-4160-af68-c339f970a640,2026-07-30T11:45:00Z,2026-07-30T13:45:00+0200,16.731,MW,NL,NL,actual_offshore_wind_generation,Wind Offshore | Actual Consumption,2026-08-07T04:53:21Z
2026-08-07T04:50:48Z,2026-08-07T06:50:48+0200,9de41e72-ad84-4160-af68-c339f970a640,2026-07-30T12:00:00Z,2026-07-30T14:00:00+0200,171.528,MW,NL,NL,actual_offshore_wind_generation,Wind Offshore | Actual Aggregated,2026-08-07T04:53:21Z
2026-08-07T04:50:48Z,2026-08-07T06:50:48+0200,9de41e72-ad84-4160-af68-c339f970a640,2026-07-30T12:00:00Z,2026-07-30T14:00:00+0200,24.426,MW,NL,NL,actual_offshore_wind_generation,Wind Offshore | Actual Consumption,2026-08-07T04:53:21Z
2026-08-07T04:50:48Z,2026-08-07T06:50:48+0200,9de41e72-ad84-4160-af68-c339f970a640,2026-07-30T12:15:00Z,2026-07-30T14:15:00+0200,158.315,MW,NL,NL,actual_offshore_wind_generation,Wind Offshore | Actual Aggregated,2026-08-07T04:53:21Z
2026-08-07T04:50:48Z,2026-08-07T06:50:48+0200,9de41e72-ad84-4160-af68-c339f970a640,2026-07-30T12:15:00Z,2026-07-30T14:15:00+0200,30.705,MW,NL,NL,actual_offshore_wind_generation,Wind Offshore | Actual Consumption,2026-08-07T04:53:21Z
2026-08-07T04:50:48Z,2026-08-07T06:50:48+0200,9de41e72-ad84-4160-af68-c339f970a640,2026-07-30T12:30:00Z,2026-07-30T14:30:00+0200,160.649,MW,NL,NL,actual_offshore_wind_generation,Wind Offshore | Actual Aggregated,2026-08-07T04:53:21Z
2026-08-07T04:50:48Z,2026-08-07T06:50:48+0200,9de41e72-ad84-4160-af68-c339f970a640,2026-07-30T12:30:00Z,2026-07-30T14:30:00+0200,33.846,MW,NL,NL,actual_offshore_wind_generation,Wind Offshore | Actual Consumption,2026-08-07T04:53:21Z
2026-08-07T04:50:48Z,2026-08-07T06:50:48+0200,9de41e72-ad84-4160-af68-c339f970a640,2026-07-30T12:45:00Z,2026-07-30T14:45:00+0200,149.449,MW,NL,NL,actual_offshore_wind_generation,Wind Offshore | Actual Aggregated,2026-08-07T04:53:21Z
2026-08-07T04:50:48Z,2026-08-07T06:50:48+0200,9de41e72-ad84-4160-af68-c339f970a640,2026-07-30T12:45:00Z,2026-07-30T14:45:00+0200,35.508,MW,NL,NL,actual_offshore_wind_generation,Wind Offshore | Actual Consumption,2026-08-07T04:53:21Z
2026-08-07T04:50:48Z,2026-08-07T06:50:48+0200,9de41e72-ad84-4160-af68-c339f970a640,2026-07-30T13:00:00Z,2026-07-30T15:00:00+0200,148.598,MW,NL,NL,actual_offshore_wind_generation,Wind Offshore | Actual Aggregated,2026-08-07T04:53:21Z
2026-08-07T04:50:48Z,2026-08-07T06:50:48+0200,9de41e72-ad84-4160-af68-c339f970a640,2026-07-30T13:00:00Z,2026-07-30T15:00:00+0200,27.671,MW,NL,NL,actual_offshore_wind_generation,Wind Offshore | Actual Consumption,2026-08-07T04:53:21Z
2026-08-07T04:50:48Z,2026-08-07T06:50:48+0200,9de41e72-ad84-4160-af68-c339f970a640,2026-07-30T13:15:00Z,2026-07-30T15:15:00+0200,144.283,MW,NL,NL,actual_offshore_wind_generation,Wind Offshore | Actual Aggregated,2026-08-07T04:53:21Z
2026-08-07T04:50:48Z,2026-08-07T06:50:48+0200,9de41e72-ad84-4160-af68-c339f970a640,2026-07-30T13:15:00Z,2026-07-30T15:15:00+0200,24.968,MW,NL,NL,actual_offshore_wind_generation,Wind Offshore | Actual Consumption,2026-08-07T04:53:21Z
2026-08-07T04:50:48Z,2026-08-07T06:50:48+0200,9de41e72-ad84-4160-af68-c339f970a640,2026-07-30T13:30:00Z,2026-07-30T15:30:00+0200,139.159,MW,NL,NL,actual_offshore_wind_generation,Wind Offshore | Actual Aggregated,2026-08-07T04:53:21Z
2026-08-07T04:50:48Z,2026-08-07T06:50:48+0200,9de41e72-ad84-4160-af68-c339f970a640,2026-07-30T13:30:00Z,2026-07-30T15:30:00+0200,24.155,MW,NL,NL,actual_offshore_wind_generation,Wind Offshore | Actual Consumption,2026-08-07T04:53:21Z
2026-08-07T04:50:48Z,2026-08-07T06:50:48+0200,9de41e72-ad84-4160-af68-c339f970a640,2026-07-30T13:45:00Z,2026-07-30T15:45:00+0200,133.568,MW,NL,NL,actual_offshore_wind_generation,Wind Offshore | Actual Aggregated,2026-08-07T04:53:21Z
2026-08-07T04:50:48Z,2026-08-07T06:50:48+0200,9de41e72-ad84-4160-af68-c339f970a640,2026-07-30T13:45:00Z,2026-07-30T15:45:00+0200,30.665,MW,NL,NL,actual_offshore_wind_generation,Wind Offshore | Actual Consumption,2026-08-07T04:53:21Z
2026-08-07T04:50:48Z,2026-08-07T06:50:48+0200,9de41e72-ad84-4160-af68-c339f970a640,2026-07-30T14:00:00Z,2026-07-30T16:00:00+0200,121.078,MW,NL,NL,actual_offshore_wind_generation,Wind Offshore | Actual Aggregated,2026-08-07T04:53:21Z
2026-08-07T04:50:48Z,2026-08-07T06:50:48+0200,9de41e72-ad84-4160-af68-c339f970a640,2026-07-30T14:00:00Z,2026-07-30T16:00:00+0200,35.871,MW,NL,NL,actual_offshore_wind_generation,Wind Offshore | Actual Consumption,2026-08-07T04:53:21Z
2026-08-07T04:50:48Z,2026-08-07T06:50:48+0200,9de41e72-ad84-4160-af68-c339f970a640,2026-07-30T14:15:00Z,2026-07-30T16:15:00+0200,104.77,MW,NL,NL,actual_offshore_wind_generation,Wind Offshore | Actual Aggregated,2026-08-07T04:53:21Z
2026-08-07T04:50:48Z,2026-08-07T06:50:48+0200,9de41e72-ad84-4160-af68-c339f970a640,2026-07-30T14:15:00Z,2026-07-30T16:15:00+0200,34.521,MW,NL,NL,actual_offshore_wind_generation,Wind Offshore | Actual Consumption,2026-08-07T04:53:21Z
2026-08-07T04:50:48Z,2026-08-07T06:50:48+0200,9de41e72-ad84-4160-af68-c339f970a640,2026-07-30T14:30:00Z,2026-07-30T16:30:00+0200,70.532,MW,NL,NL,actual_offshore_wind_generation,Wind Offshore | Actual Aggregated,2026-08-07T04:53:21Z
2026-08-07T04:50:48Z,2026-08-07T06:50:48+0200,9de41e72-ad84-4160-af68-c339f970a640,2026-07-30T14:30:00Z,2026-07-30T16:30:00+0200,34.572,MW,NL,NL,actual_offshore_wind_generation,Wind Offshore | Actual Consumption,2026-08-07T04:53:21Z
2026-08-07T04:50:48Z,2026-08-07T06:50:48+0200,9de41e72-ad84-4160-af68-c339f970a640,2026-07-30T14:45:00Z,2026-07-30T16:45:00+0200,44.163,MW,NL,NL,actual_offshore_wind_generation,Wind Offshore | Actual Aggregated,2026-08-07T04:53:21Z
2026-08-07T04:50:48Z,2026-08-07T06:50:48+0200,9de41e72-ad84-4160-af68-c339f970a640,2026-07-30T14:45:00Z,2026-07-30T16:45:00+0200,37.883,MW,NL,NL,actual_offshore_wind_generation,Wind Offshore | Actual Consumption,2026-08-07T04:53:21Z
2026-08-07T04:50:48Z,2026-08-07T06:50:48+0200,9de41e72-ad84-4160-af68-c339f970a640,2026-07-30T15:00:00Z,2026-07-30T17:00:00+0200,39.732,MW,NL,NL,actual_offshore_wind_generation,Wind Offshore | Actual Aggregated,2026-08-07T04:53:21Z
2026-08-07T04:50:48Z,2026-08-07T06:50:48+0200,9de41e72-ad84-4160-af68-c339f970a640,2026-07-30T15:00:00Z,2026-07-30T17:00:00+0200,35.496,MW,NL,NL,actual_offshore_wind_generation,Wind Offshore | Actual Consumption,2026-08-07T04:53:21Z
2026-08-07T04:50:48Z,2026-08-07T06:50:48+0200,9de41e72-ad84-4160-af68-c339f970a640,2026-07-30T15:15:00Z,2026-07-30T17:15:00+0200,33.8,MW,NL,NL,actual_offshore_wind_generation,Wind Offshore | Actual Aggregated,2026-08-07T04:53:21Z
2026-08-07T04:50:48Z,2026-08-07T06:50:48+0200,9de41e72-ad84-4160-af68-c339f970a640,2026-07-30T15:15:00Z,2026-07-30T17:15:00+0200,35.799,MW,NL,NL,actual_offshore_wind_generation,Wind Offshore | Actual Consumption,2026-08-07T04:53:21Z
2026-08-07T04:50:48Z,2026-08-07T06:50:48+0200,9de41e72-ad84-4160-af68-c339f970a640,2026-07-30T15:30:00Z,2026-07-30T17:30:00+0200,32.338,MW,NL,NL,actual_offshore_wind_generation,Wind Offshore | Actual Aggregated,2026-08-07T04:53:21Z
2026-08-07T04:50:48Z,2026-08-07T06:50:48+0200,9de41e72-ad84-4160-af68-c339f970a640,2026-07-30T15:30:00Z,2026-07-30T17:30:00+0200,32.383,MW,NL,NL,actual_offshore_wind_generation,Wind Offshore | Actual Consumption,2026-08-07T04:53:21Z
2026-08-07T04:50:48Z,2026-08-07T06:50:48+0200,9de41e72-ad84-4160-af68-c339f970a640,2026-07-30T15:45:00Z,2026-07-30T17:45:00+0200,39.06,MW,NL,NL,actual_offshore_wind_generation,Wind Offshore | Actual Aggregated,2026-08-07T04:53:21Z
2026-08-07T04:50:48Z,2026-08-07T06:50:48+0200,9de41e72-ad84-4160-af68-c339f970a640,2026-07-30T15:45:00Z,2026-07-30T17:45:00+0200,30.962,MW,NL,NL,actual_offshore_wind_generation,Wind Offshore | Actual Consumption,2026-08-07T04:53:21Z
2026-08-07T04:50:48Z,2026-08-07T06:50:48+0200,9de41e72-ad84-4160-af68-c339f970a640,2026-07-30T16:00:00Z,2026-07-30T18:00:00+0200,42.137,MW,NL,NL,actual_offshore_wind_generation,Wind Offshore | Actual Aggregated,2026-08-07T04:53:21Z
2026-08-07T04:50:48Z,2026-08-07T06:50:48+0200,9de41e72-ad84-4160-af68-c339f970a640,2026-07-30T16:00:00Z,2026-07-30T18:00:00+0200,26.898,MW,NL,NL,actual_offshore_wind_generation,Wind Offshore | Actual Consumption,2026-08-07T04:53:21Z
2026-08-07T04:50:48Z,2026-08-07T06:50:48+0200,9de41e72-ad84-4160-af68-c339f970a640,2026-07-30T16:15:00Z,2026-07-30T18:15:00+0200,48.963,MW,NL,NL,actual_offshore_wind_generation,Wind Offshore | Actual Aggregated,2026-08-07T04:53:21Z
2026-08-07T04:50:48Z,2026-08-07T06:50:48+0200,9de41e72-ad84-4160-af68-c339f970a640,2026-07-30T16:15:00Z,2026-07-30T18:15:00+0200,25.535,MW,NL,NL,actual_offshore_wind_generation,Wind Offshore | Actual Consumption,2026-08-07T04:53:21Z
2026-08-07T04:50:48Z,2026-08-07T06:50:48+0200,9de41e72-ad84-4160-af68-c339f970a640,2026-07-30T16:30:00Z,2026-07-30T18:30:00+0200,57.729,MW,NL,NL,actual_offshore_wind_generation,Wind Offshore | Actual Aggregated,2026-08-07T04:53:21Z
2026-08-07T04:50:48Z,2026-08-07T06:50:48+0200,9de41e72-ad84-4160-af68-c339f970a640,2026-07-30T16:30:00Z,2026-07-30T18:30:00+0200,25.888,MW,NL,NL,actual_offshore_wind_generation,Wind Offshore | Actual Consumption,2026-08-07T04:53:21Z
2026-08-07T04:50:48Z,2026-08-07T06:50:48+0200,9de41e72-ad84-4160-af68-c339f970a640,2026-07-30T16:45:00Z,2026-07-30T18:45:00+0200,43.097,MW,NL,NL,actual_offshore_wind_generation,Wind Offshore | Actual Aggregated,2026-08-07T04:53:21Z
2026-08-07T04:50:48Z,2026-08-07T06:50:48+0200,9de41e72-ad84-4160-af68-c339f970a640,2026-07-30T16:45:00Z,2026-07-30T18:45:00+0200,24.251,MW,NL,NL,actual_offshore_wind_generation,Wind Offshore | Actual Consumption,2026-08-07T04:53:21Z
2026-08-07T04:50:48Z,2026-08-07T06:50:48+0200,9de41e72-ad84-4160-af68-c339f970a640,2026-07-30T17:00:00Z,2026-07-30T19:00:00+0200,29.672,MW,NL,NL,actual_offshore_wind_generation,Wind Offshore | Actual Aggregated,2026-08-07T04:53:21Z
2026-08-07T04:50:48Z,2026-08-07T06:50:48+0200,9de41e72-ad84-4160-af68-c339f970a640,2026-07-30T17:00:00Z,2026-07-30T19:00:00+0200,25.924,MW,NL,NL,actual_offshore_wind_generation,Wind Offshore | Actual Consumption,2026-08-07T04:53:21Z
2026-08-07T04:50:48Z,2026-08-07T06:50:48+0200,9de41e72-ad84-4160-af68-c339f970a640,2026-07-30T17:15:00Z,2026-07-30T19:15:00+0200,26.717,MW,NL,NL,actual_offshore_wind_generation,Wind Offshore | Actual Aggregated,2026-08-07T04:53:21Z
2026-08-07T04:50:48Z,2026-08-07T06:50:48+0200,9de41e72-ad84-4160-af68-c339f970a640,2026-07-30T17:15:00Z,2026-07-30T19:15:00+0200,26.733,MW,NL,NL,actual_offshore_wind_generation,Wind Offshore | Actual Consumption,2026-08-07T04:53:21Z
2026-08-07T04:50:48Z,2026-08-07T06:50:48+0200,9de41e72-ad84-4160-af68-c339f970a640,2026-07-30T17:30:00Z,2026-07-30T19:30:00+0200,42.983,MW,NL,NL,actual_offshore_wind_generation,Wind Offshore | Actual Aggregated,2026-08-07T04:53:21Z
2026-08-07T04:50:48Z,2026-08-07T06:50:48+0200,9de41e72-ad84-4160-af68-c339f970a640,2026-07-30T17:30:00Z,2026-07-30T19:30:00+0200,25.541,MW,NL,NL,actual_offshore_wind_generation,Wind Offshore | Actual Consumption,2026-08-07T04:53:21Z
2026-08-07T04:50:48Z,2026-08-07T06:50:48+0200,9de41e72-ad84-4160-af68-c339f970a640,2026-07-30T17:45:00Z,2026-07-30T19:45:00+0200,51.506,MW,NL,NL,actual_offshore_wind_generation,Wind Offshore | Actual Aggregated,2026-08-07T04:53:21Z
2026-08-07T04:50:48Z,2026-08-07T06:50:48+0200,9de41e72-ad84-4160-af68-c339f970a640,2026-07-30T17:45:00Z,2026-07-30T19:45:00+0200,25.071,MW,NL,NL,actual_offshore_wind_generation,Wind Offshore | Actual Consumption,2026-08-07T04:53:21Z
2026-08-07T04:50:48Z,2026-08-07T06:50:48+0200,9de41e72-ad84-4160-af68-c339f970a640,2026-07-30T18:00:00Z,2026-07-30T20:00:00+0200,59.653,MW,NL,NL,actual_offshore_wind_generation,Wind Offshore | Actual Aggregated,2026-08-07T04:53:21Z
2026-08-07T04:50:48Z,2026-08-07T06:50:48+0200,9de41e72-ad84-4160-af68-c339f970a640,2026-07-30T18:00:00Z,2026-07-30T20:00:00+0200,23.867,MW,NL,NL,actual_offshore_wind_generation,Wind Offshore | Actual Consumption,2026-08-07T04:53:21Z
2026-08-07T04:50:48Z,2026-08-07T06:50:48+0200,9de41e72-ad84-4160-af68-c339f970a640,2026-07-30T18:15:00Z,2026-07-30T20:15:00+0200,76.603,MW,NL,NL,actual_offshore_wind_generation,Wind Offshore | Actual Aggregated,2026-08-07T04:53:21Z
2026-08-07T04:50:48Z,2026-08-07T06:50:48+0200,9de41e72-ad84-4160-af68-c339f970a640,2026-07-30T18:15:00Z,2026-07-30T20:15:00+0200,23.176,MW,NL,NL,actual_offshore_wind_generation,Wind Offshore | Actual Consumption,2026-08-07T04:53:21Z
2026-08-07T04:50:48Z,2026-08-07T06:50:48+0200,9de41e72-ad84-4160-af68-c339f970a640,2026-07-30T18:30:00Z,2026-07-30T20:30:00+0200,100.356,MW,NL,NL,actual_offshore_wind_generation,Wind Offshore | Actual Aggregated,2026-08-07T04:53:21Z
2026-08-07T04:50:48Z,2026-08-07T06:50:48+0200,9de41e72-ad84-4160-af68-c339f970a640,2026-07-30T18:30:00Z,2026-07-30T20:30:00+0200,22.981,MW,NL,NL,actual_offshore_wind_generation,Wind Offshore | Actual Consumption,2026-08-07T04:53:21Z
2026-08-07T04:50:48Z,2026-08-07T06:50:48+0200,9de41e72-ad84-4160-af68-c339f970a640,2026-07-30T18:45:00Z,2026-07-30T20:45:00+0200,110.15,MW,NL,NL,actual_offshore_wind_generation,Wind Offshore | Actual Aggregated,2026-08-07T04:53:21Z
2026-08-07T04:50:48Z,2026-08-07T06:50:48+0200,9de41e72-ad84-4160-af68-c339f970a640,2026-07-30T18:45:00Z,2026-07-30T20:45:00+0200,23.263,MW,NL,NL,actual_offshore_wind_generation,Wind Offshore | Actual Consumption,2026-08-07T04:53:21Z
2026-08-07T04:50:48Z,2026-08-07T06:50:48+0200,9de41e72-ad84-4160-af68-c339f970a640,2026-07-30T19:00:00Z,2026-07-30T21:00:00+0200,124.986,MW,NL,NL,actual_offshore_wind_generation,Wind Offshore | Actual Aggregated,2026-08-07T04:53:21Z
2026-08-07T04:50:48Z,2026-08-07T06:50:48+0200,9de41e72-ad84-4160-af68-c339f970a640,2026-07-30T19:00:00Z,2026-07-30T21:00:00+0200,24.545,MW,NL,NL,actual_offshore_wind_generation,Wind Offshore | Actual Consumption,2026-08-07T04:53:21Z
2026-08-07T04:50:48Z,2026-08-07T06:50:48+0200,9de41e72-ad84-4160-af68-c339f970a640,2026-07-30T19:15:00Z,2026-07-30T21:15:00+0200,148.137,MW,NL,NL,actual_offshore_wind_generation,Wind Offshore | Actual Aggregated,2026-08-07T04:53:21Z
2026-08-07T04:50:48Z,2026-08-07T06:50:48+0200,9de41e72-ad84-4160-af68-c339f970a640,2026-07-30T19:15:00Z,2026-07-30T21:15:00+0200,23.142,MW,NL,NL,actual_offshore_wind_generation,Wind Offshore | Actual Consumption,2026-08-07T04:53:21Z
2026-08-07T04:50:48Z,2026-08-07T06:50:48+0200,9de41e72-ad84-4160-af68-c339f970a640,2026-07-30T19:30:00Z,2026-07-30T21:30:00+0200,150.396,MW,NL,NL,actual_offshore_wind_generation,Wind Offshore | Actual Aggregated,2026-08-07T04:53:21Z
2026-08-07T04:50:48Z,2026-08-07T06:50:48+0200,9de41e72-ad84-4160-af68-c339f970a640,2026-07-30T19:30:00Z,2026-07-30T21:30:00+0200,29.447,MW,NL,NL,actual_offshore_wind_generation,Wind Offshore | Actual Consumption,2026-08-07T04:53:21Z
2026-08-07T04:50:48Z,2026-08-07T06:50:48+0200,9de41e72-ad84-4160-af68-c339f970a640,2026-07-30T19:45:00Z,2026-07-30T21:45:00+0200,157.624,MW,NL,NL,actual_offshore_wind_generation,Wind Offshore | Actual Aggregated,2026-08-07T04:53:21Z
2026-08-07T04:50:48Z,2026-08-07T06:50:48+0200,9de41e72-ad84-4160-af68-c339f970a640,2026-07-30T19:45:00Z,2026-07-30T21:45:00+0200,31.08,MW,NL,NL,actual_offshore_wind_generation,Wind Offshore | Actual Consumption,2026-08-07T04:53:21Z
2026-08-07T04:50:48Z,2026-08-07T06:50:48+0200,9de41e72-ad84-4160-af68-c339f970a640,2026-07-30T20:00:00Z,2026-07-30T22:00:00+0200,152.574,MW,NL,NL,actual_offshore_wind_generation,Wind Offshore | Actual Aggregated,2026-08-07T04:53:21Z
2026-08-07T04:50:48Z,2026-08-07T06:50:48+0200,9de41e72-ad84-4160-af68-c339f970a640,2026-07-30T20:00:00Z,2026-07-30T22:00:00+0200,30.242,MW,NL,NL,actual_offshore_wind_generation,Wind Offshore | Actual Consumption,2026-08-07T04:53:21Z
2026-08-07T04:50:48Z,2026-08-07T06:50:48+0200,9de41e72-ad84-4160-af68-c339f970a640,2026-07-30T20:15:00Z,2026-07-30T22:15:00+0200,138.735,MW,NL,NL,actual_offshore_wind_generation,Wind Offshore | Actual Aggregated,2026-08-07T04:53:21Z
2026-08-07T04:50:48Z,2026-08-07T06:50:48+0200,9de41e72-ad84-4160-af68-c339f970a640,2026-07-30T20:15:00Z,2026-07-30T22:15:00+0200,28.27,MW,NL,NL,actual_offshore_wind_generation,Wind Offshore | Actual Consumption,2026-08-07T04:53:21Z
2026-08-07T04:50:48Z,2026-08-07T06:50:48+0200,9de41e72-ad84-4160-af68-c339f970a640,2026-07-30T20:30:00Z,2026-07-30T22:30:00+0200,113.963,MW,NL,NL,actual_offshore_wind_generation,Wind Offshore | Actual Aggregated,2026-08-07T04:53:21Z
2026-08-07T04:50:48Z,2026-08-07T06:50:48+0200,9de41e72-ad84-4160-af68-c339f970a640,2026-07-30T20:30:00Z,2026-07-30T22:30:00+0200,26.095,MW,NL,NL,actual_offshore_wind_generation,Wind Offshore | Actual Consumption,2026-08-07T04:53:21Z
2026-08-07T04:50:48Z,2026-08-07T06:50:48+0200,9de41e72-ad84-4160-af68-c339f970a640,2026-07-30T20:45:00Z,2026-07-30T22:45:00+0200,99.132,MW,NL,NL,actual_offshore_wind_generation,Wind Offshore | Actual Aggregated,2026-08-07T04:53:21Z
2026-08-07T04:50:48Z,2026-08-07T06:50:48+0200,9de41e72-ad84-4160-af68-c339f970a640,2026-07-30T20:45:00Z,2026-07-30T22:45:00+0200,24.527,MW,NL,NL,actual_offshore_wind_generation,Wind Offshore | Actual Consumption,2026-08-07T04:53:21Z
2026-08-07T04:50:48Z,2026-08-07T06:50:48+0200,9de41e72-ad84-4160-af68-c339f970a640,2026-07-30T21:00:00Z,2026-07-30T23:00:00+0200,87.393,MW,NL,NL,actual_offshore_wind_generation,Wind Offshore | Actual Aggregated,2026-08-07T04:53:21Z
2026-08-07T04:50:48Z,2026-08-07T06:50:48+0200,9de41e72-ad84-4160-af68-c339f970a640,2026-07-30T21:00:00Z,2026-07-30T23:00:00+0200,22.168,MW,NL,NL,actual_offshore_wind_generation,Wind Offshore | Actual Consumption,2026-08-07T04:53:21Z
2026-08-07T04:50:48Z,2026-08-07T06:50:48+0200,9de41e72-ad84-4160-af68-c339f970a640,2026-07-30T21:15:00Z,2026-07-30T23:15:00+0200,85.308,MW,NL,NL,actual_offshore_wind_generation,Wind Offshore | Actual Aggregated,2026-08-07T04:53:21Z
2026-08-07T04:50:48Z,2026-08-07T06:50:48+0200,9de41e72-ad84-4160-af68-c339f970a640,2026-07-30T21:15:00Z,2026-07-30T23:15:00+0200,14.108,MW,NL,NL,actual_offshore_wind_generation,Wind Offshore | Actual Consumption,2026-08-07T04:53:21Z
2026-08-07T04:50:48Z,2026-08-07T06:50:48+0200,9de41e72-ad84-4160-af68-c339f970a640,2026-07-30T21:30:00Z,2026-07-30T23:30:00+0200,76.581,MW,NL,NL,actual_offshore_wind_generation,Wind Offshore | Actual Aggregated,2026-08-07T04:53:21Z
2026-08-07T04:50:48Z,2026-08-07T06:50:48+0200,9de41e72-ad84-4160-af68-c339f970a640,2026-07-30T21:30:00Z,2026-07-30T23:30:00+0200,8.189,MW,NL,NL,actual_offshore_wind_generation,Wind Offshore | Actual Consumption,2026-08-07T04:53:21Z
2026-08-07T04:50:48Z,2026-08-07T06:50:48+0200,9de41e72-ad84-4160-af68-c339f970a640,2026-07-30T21:45:00Z,2026-07-30T23:45:00+0200,63.976,MW,NL,NL,actual_offshore_wind_generation,Wind Offshore | Actual Aggregated,2026-08-07T04:53:21Z
2026-08-07T04:50:48Z,2026-08-07T06:50:48+0200,9de41e72-ad84-4160-af68-c339f970a640,2026-07-30T21:45:00Z,2026-07-30T23:45:00+0200,7.356,MW,NL,NL,actual_offshore_wind_generation,Wind Offshore | Actual Consumption,2026-08-07T04:53:21Z
2026-08-07T04:50:48Z,2026-08-07T06:50:48+0200,9de41e72-ad84-4160-af68-c339f970a640,2026-07-30T22:00:00Z,2026-07-31T00:00:00+0200,47.264,MW,NL,NL,actual_offshore_wind_generation,Wind Offshore | Actual Aggregated,2026-08-07T04:53:21Z
2026-08-07T04:50:48Z,2026-08-07T06:50:48+0200,9de41e72-ad84-4160-af68-c339f970a640,2026-07-30T22:00:00Z,2026-07-31T00:00:00+0200,14.076,MW,NL,NL,actual_offshore_wind_generation,Wind Offshore | Actual Consumption,2026-08-07T04:53:21Z
2026-08-07T04:50:48Z,2026-08-07T06:50:48+0200,9de41e72-ad84-4160-af68-c339f970a640,2026-07-30T22:15:00Z,2026-07-31T00:15:00+0200,41.953,MW,NL,NL,actual_offshore_wind_generation,Wind Offshore | Actual Aggregated,2026-08-07T04:53:21Z
2026-08-07T04:50:48Z,2026-08-07T06:50:48+0200,9de41e72-ad84-4160-af68-c339f970a640,2026-07-30T22:15:00Z,2026-07-31T00:15:00+0200,19.171,MW,NL,NL,actual_offshore_wind_generation,Wind Offshore | Actual Consumption,2026-08-07T04:53:21Z
2026-08-07T04:50:48Z,2026-08-07T06:50:48+0200,9de41e72-ad84-4160-af68-c339f970a640,2026-07-30T22:30:00Z,2026-07-31T00:30:00+0200,33.412,MW,NL,NL,actual_offshore_wind_generation,Wind Offshore | Actual Aggregated,2026-08-07T04:53:21Z
2026-08-07T04:50:48Z,2026-08-07T06:50:48+0200,9de41e72-ad84-4160-af68-c339f970a640,2026-07-30T22:30:00Z,2026-07-31T00:30:00+0200,21.432,MW,NL,NL,actual_offshore_wind_generation,Wind Offshore | Actual Consumption,2026-08-07T04:53:21Z
2026-08-07T04:50:48Z,2026-08-07T06:50:48+0200,9de41e72-ad84-4160-af68-c339f970a640,2026-07-30T22:45:00Z,2026-07-31T00:45:00+0200,24.611,MW,NL,NL,actual_offshore_wind_generation,Wind Offshore | Actual Aggregated,2026-08-07T04:53:21Z
2026-08-07T04:50:48Z,2026-08-07T06:50:48+0200,9de41e72-ad84-4160-af68-c339f970a640,2026-07-30T22:45:00Z,2026-07-31T00:45:00+0200,25.02,MW,NL,NL,actual_offshore_wind_generation,Wind Offshore | Actual Consumption,2026-08-07T04:53:21Z
2026-08-07T04:50:48Z,2026-08-07T06:50:48+0200,9de41e72-ad84-4160-af68-c339f970a640,2026-07-30T23:00:00Z,2026-07-31T01:00:00+0200,23.629,MW,NL,NL,actual_offshore_wind_generation,Wind Offshore | Actual Aggregated,2026-08-07T04:53:21Z
2026-08-07T04:50:48Z,2026-08-07T06:50:48+0200,9de41e72-ad84-4160-af68-c339f970a640,2026-07-30T23:00:00Z,2026-07-31T01:00:00+0200,23.701,MW,NL,NL,actual_offshore_wind_generation,Wind Offshore | Actual Consumption,2026-08-07T04:53:21Z
2026-08-07T04:50:48Z,2026-08-07T06:50:48+0200,9de41e72-ad84-4160-af68-c339f970a640,2026-07-30T23:15:00Z,2026-07-31T01:15:00+0200,36.961,MW,NL,NL,actual_offshore_wind_generation,Wind Offshore | Actual Aggregated,2026-08-07T04:53:21Z
2026-08-07T04:50:48Z,2026-08-07T06:50:48+0200,9de41e72-ad84-4160-af68-c339f970a640,2026-07-30T23:15:00Z,2026-07-31T01:15:00+0200,25.536,MW,NL,NL,actual_offshore_wind_generation,Wind Offshore | Actual Consumption,2026-08-07T04:53:21Z
2026-08-07T04:50:48Z,2026-08-07T06:50:48+0200,9de41e72-ad84-4160-af68-c339f970a640,2026-07-30T23:30:00Z,2026-07-31T01:30:00+0200,60.672,MW,NL,NL,actual_offshore_wind_generation,Wind Offshore | Actual Aggregated,2026-08-07T04:53:21Z
2026-08-07T04:50:48Z,2026-08-07T06:50:48+0200,9de41e72-ad84-4160-af68-c339f970a640,2026-07-30T23:30:00Z,2026-07-31T01:30:00+0200,26.256,MW,NL,NL,actual_offshore_wind_generation,Wind Offshore | Actual Consumption,2026-08-07T04:53:21Z
2026-08-07T04:50:48Z,2026-08-07T06:50:48+0200,9de41e72-ad84-4160-af68-c339f970a640,2026-07-30T23:45:00Z,2026-07-31T01:45:00+0200,86.842,MW,NL,NL,actual_offshore_wind_generation,Wind Offshore | Actual Aggregated,2026-08-07T04:53:21Z
2026-08-07T04:50:48Z,2026-08-07T06:50:48+0200,9de41e72-ad84-4160-af68-c339f970a640,2026-07-30T23:45:00Z,2026-07-31T01:45:00+0200,19.299,MW,NL,NL,actual_offshore_wind_generation,Wind Offshore | Actual Consumption,2026-08-07T04:53:21Z
2026-08-07T04:50:48Z,2026-08-07T06:50:48+0200,9de41e72-ad84-4160-af68-c339f970a640,2026-07-31T00:00:00Z,2026-07-31T02:00:00+0200,104.615,MW,NL,NL,actual_offshore_wind_generation,Wind Offshore | Actual Aggregated,2026-08-07T04:53:21Z
2026-08-07T04:50:48Z,2026-08-07T06:50:48+0200,9de41e72-ad84-4160-af68-c339f970a640,2026-07-31T00:00:00Z,2026-07-31T02:00:00+0200,16.172,MW,NL,NL,actual_offshore_wind_generation,Wind Offshore | Actual Consumption,2026-08-07T04:53:21Z
2026-08-07T04:50:48Z,2026-08-07T06:50:48+0200,9de41e72-ad84-4160-af68-c339f970a640,2026-07-31T00:15:00Z,2026-07-31T02:15:00+0200,104.825,MW,NL,NL,actual_offshore_wind_generation,Wind Offshore | Actual Aggregated,2026-08-07T04:53:21Z
2026-08-07T04:50:48Z,2026-08-07T06:50:48+0200,9de41e72-ad84-4160-af68-c339f970a640,2026-07-31T00:15:00Z,2026-07-31T02:15:00+0200,8.34,MW,NL,NL,actual_offshore_wind_generation,Wind Offshore | Actual Consumption,2026-08-07T04:53:21Z
2026-08-07T04:50:48Z,2026-08-07T06:50:48+0200,9de41e72-ad84-4160-af68-c339f970a640,2026-07-31T00:30:00Z,2026-07-31T02:30:00+0200,103.466,MW,NL,NL,actual_offshore_wind_generation,Wind Offshore | Actual Aggregated,2026-08-07T04:53:21Z
2026-08-07T04:50:48Z,2026-08-07T06:50:48+0200,9de41e72-ad84-4160-af68-c339f970a640,2026-07-31T00:30:00Z,2026-07-31T02:30:00+0200,3.161,MW,NL,NL,actual_offshore_wind_generation,Wind Offshore | Actual Consumption,2026-08-07T04:53:21Z
2026-08-07T04:50:48Z,2026-08-07T06:50:48+0200,9de41e72-ad84-4160-af68-c339f970a640,2026-07-31T00:45:00Z,2026-07-31T02:45:00+0200,123.747,MW,NL,NL,actual_offshore_wind_generation,Wind Offshore | Actual Aggregated,2026-08-07T04:53:21Z
2026-08-07T04:50:48Z,2026-08-07T06:50:48+0200,9de41e72-ad84-4160-af68-c339f970a640,2026-07-31T00:45:00Z,2026-07-31T02:45:00+0200,2.648,MW,NL,NL,actual_offshore_wind_generation,Wind Offshore | Actual Consumption,2026-08-07T04:53:21Z
2026-08-07T04:50:48Z,2026-08-07T06:50:48+0200,9de41e72-ad84-4160-af68-c339f970a640,2026-07-31T01:00:00Z,2026-07-31T03:00:00+0200,134.01,MW,NL,NL,actual_offshore_wind_generation,Wind Offshore | Actual Aggregated,2026-08-07T04:53:21Z
2026-08-07T04:50:48Z,2026-08-07T06:50:48+0200,9de41e72-ad84-4160-af68-c339f970a640,2026-07-31T01:00:00Z,2026-07-31T03:00:00+0200,5.039,MW,NL,NL,actual_offshore_wind_generation,Wind Offshore | Actual Consumption,2026-08-07T04:53:21Z
2026-08-07T04:50:48Z,2026-08-07T06:50:48+0200,9de41e72-ad84-4160-af68-c339f970a640,2026-07-31T01:15:00Z,2026-07-31T03:15:00+0200,128.738,MW,NL,NL,actual_offshore_wind_generation,Wind Offshore | Actual Aggregated,2026-08-07T04:53:21Z
2026-08-07T04:50:48Z,2026-08-07T06:50:48+0200,9de41e72-ad84-4160-af68-c339f970a640,2026-07-31T01:15:00Z,2026-07-31T03:15:00+0200,4.466,MW,NL,NL,actual_offshore_wind_generation,Wind Offshore | Actual Consumption,2026-08-07T04:53:21Z
2026-08-07T04:50:48Z,2026-08-07T06:50:48+0200,9de41e72-ad84-4160-af68-c339f970a640,2026-07-31T01:30:00Z,2026-07-31T03:30:00+0200,104.65,MW,NL,NL,actual_offshore_wind_generation,Wind Offshore | Actual Aggregated,2026-08-07T04:53:21Z
2026-08-07T04:50:48Z,2026-08-07T06:50:48+0200,9de41e72-ad84-4160-af68-c339f970a640,2026-07-31T01:30:00Z,2026-07-31T03:30:00+0200,10.258,MW,NL,NL,actual_offshore_wind_generation,Wind Offshore | Actual Consumption,2026-08-07T04:53:21Z
2026-08-07T04:50:48Z,2026-08-07T06:50:48+0200,9de41e72-ad84-4160-af68-c339f970a640,2026-07-31T01:45:00Z,2026-07-31T03:45:00+0200,97.607,MW,NL,NL,actual_offshore_wind_generation,Wind Offshore | Actual Aggregated,2026-08-07T04:53:21Z
2026-08-07T04:50:48Z,2026-08-07T06:50:48+0200,9de41e72-ad84-4160-af68-c339f970a640,2026-07-31T01:45:00Z,2026-07-31T03:45:00+0200,13.528,MW,NL,NL,actual_offshore_wind_generation,Wind Offshore | Actual Consumption,2026-08-07T04:53:21Z
2026-08-07T04:50:48Z,2026-08-07T06:50:48+0200,9de41e72-ad84-4160-af68-c339f970a640,2026-07-31T02:00:00Z,2026-07-31T04:00:00+0200,84.652,MW,NL,NL,actual_offshore_wind_generation,Wind Offshore | Actual Aggregated,2026-08-07T04:53:21Z
2026-08-07T04:50:48Z,2026-08-07T06:50:48+0200,9de41e72-ad84-4160-af68-c339f970a640,2026-07-31T02:00:00Z,2026-07-31T04:00:00+0200,13.501,MW,NL,NL,actual_offshore_wind_generation,Wind Offshore | Actual Consumption,2026-08-07T04:53:21Z
2026-08-07T04:50:48Z,2026-08-07T06:50:48+0200,9de41e72-ad84-4160-af68-c339f970a640,2026-07-31T02:15:00Z,2026-07-31T04:15:00+0200,110.159,MW,NL,NL,actual_offshore_wind_generation,Wind Offshore | Actual Aggregated,2026-08-07T04:53:21Z
2026-08-07T04:50:48Z,2026-08-07T06:50:48+0200,9de41e72-ad84-4160-af68-c339f970a640,2026-07-31T02:15:00Z,2026-07-31T04:15:00+0200,12.349,MW,NL,NL,actual_offshore_wind_generation,Wind Offshore | Actual Consumption,2026-08-07T04:53:21Z
2026-08-07T04:50:48Z,2026-08-07T06:50:48+0200,9de41e72-ad84-4160-af68-c339f970a640,2026-07-31T02:30:00Z,2026-07-31T04:30:00+0200,127.15,MW,NL,NL,actual_offshore_wind_generation,Wind Offshore | Actual Aggregated,2026-08-07T04:53:21Z
2026-08-07T04:50:48Z,2026-08-07T06:50:48+0200,9de41e72-ad84-4160-af68-c339f970a640,2026-07-31T02:30:00Z,2026-07-31T04:30:00+0200,10.096,MW,NL,NL,actual_offshore_wind_generation,Wind Offshore | Actual Consumption,2026-08-07T04:53:21Z
2026-08-07T04:50:48Z,2026-08-07T06:50:48+0200,9de41e72-ad84-4160-af68-c339f970a640,2026-07-31T02:45:00Z,2026-07-31T04:45:00+0200,117.009,MW,NL,NL,actual_offshore_wind_generation,Wind Offshore | Actual Aggregated,2026-08-07T04:53:21Z
2026-08-07T04:50:48Z,2026-08-07T06:50:48+0200,9de41e72-ad84-4160-af68-c339f970a640,2026-07-31T02:45:00Z,2026-07-31T04:45:00+0200,8.33,MW,NL,NL,actual_offshore_wind_generation,Wind Offshore | Actual Consumption,2026-08-07T04:53:21Z
2026-08-07T04:50:48Z,2026-08-07T06:50:48+0200,9de41e72-ad84-4160-af68-c339f970a640,2026-07-31T03:00:00Z,2026-07-31T05:00:00+0200,127.201,MW,NL,NL,actual_offshore_wind_generation,Wind Offshore | Actual Aggregated,2026-08-07T04:53:21Z
2026-08-07T04:50:48Z,2026-08-07T06:50:48+0200,9de41e72-ad84-4160-af68-c339f970a640,2026-07-31T03:00:00Z,2026-07-31T05:00:00+0200,7.701,MW,NL,NL,actual_offshore_wind_generation,Wind Offshore | Actual Consumption,2026-08-07T04:53:21Z
2026-08-07T04:50:48Z,2026-08-07T06:50:48+0200,9de41e72-ad84-4160-af68-c339f970a640,2026-07-31T03:15:00Z,2026-07-31T05:15:00+0200,157.438,MW,NL,NL,actual_offshore_wind_generation,Wind Offshore | Actual Aggregated,2026-08-07T04:53:21Z
2026-08-07T04:50:48Z,2026-08-07T06:50:48+0200,9de41e72-ad84-4160-af68-c339f970a640,2026-07-31T03:15:00Z,2026-07-31T05:15:00+0200,5.232,MW,NL,NL,actual_offshore_wind_generation,Wind Offshore | Actual Consumption,2026-08-07T04:53:21Z
2026-08-07T04:50:48Z,2026-08-07T06:50:48+0200,9de41e72-ad84-4160-af68-c339f970a640,2026-07-31T03:30:00Z,2026-07-31T05:30:00+0200,206.83,MW,NL,NL,actual_offshore_wind_generation,Wind Offshore | Actual Aggregated,2026-08-07T04:53:21Z
2026-08-07T04:50:48Z,2026-08-07T06:50:48+0200,9de41e72-ad84-4160-af68-c339f970a640,2026-07-31T03:30:00Z,2026-07-31T05:30:00+0200,5.524,MW,NL,NL,actual_offshore_wind_generation,Wind Offshore | Actual Consumption,2026-08-07T04:53:21Z
2026-08-07T04:50:48Z,2026-08-07T06:50:48+0200,9de41e72-ad84-4160-af68-c339f970a640,2026-07-31T03:45:00Z,2026-07-31T05:45:00+0200,314.147,MW,NL,NL,actual_offshore_wind_generation,Wind Offshore | Actual Aggregated,2026-08-07T04:53:21Z
2026-08-07T04:50:48Z,2026-08-07T06:50:48+0200,9de41e72-ad84-4160-af68-c339f970a640,2026-07-31T03:45:00Z,2026-07-31T05:45:00+0200,6.346,MW,NL,NL,actual_offshore_wind_generation,Wind Offshore | Actual Consumption,2026-08-07T04:53:21Z
2026-08-07T04:50:48Z,2026-08-07T06:50:48+0200,9de41e72-ad84-4160-af68-c339f970a640,2026-07-31T04:00:00Z,2026-07-31T06:00:00+0200,363.42,MW,NL,NL,actual_offshore_wind_generation,Wind Offshore | Actual Aggregated,2026-08-07T04:53:21Z
2026-08-07T04:50:48Z,2026-08-07T06:50:48+0200,9de41e72-ad84-4160-af68-c339f970a640,2026-07-31T04:00:00Z,2026-07-31T06:00:00+0200,7.286,MW,NL,NL,actual_offshore_wind_generation,Wind Offshore | Actual Consumption,2026-08-07T04:53:21Z
2026-08-07T04:50:48Z,2026-08-07T06:50:48+0200,9de41e72-ad84-4160-af68-c339f970a640,2026-07-31T04:15:00Z,2026-07-31T06:15:00+0200,398.571,MW,NL,NL,actual_offshore_wind_generation,Wind Offshore | Actual Aggregated,2026-08-07T04:53:21Z
2026-08-07T04:50:48Z,2026-08-07T06:50:48+0200,9de41e72-ad84-4160-af68-c339f970a640,2026-07-31T04:15:00Z,2026-07-31T06:15:00+0200,7.776,MW,NL,NL,actual_offshore_wind_generation,Wind Offshore | Actual Consumption,2026-08-07T04:53:21Z
2026-08-07T04:50:48Z,2026-08-07T06:50:48+0200,9de41e72-ad84-4160-af68-c339f970a640,2026-07-31T04:30:00Z,2026-07-31T06:30:00+0200,425.807,MW,NL,NL,actual_offshore_wind_generation,Wind Offshore | Actual Aggregated,2026-08-07T04:53:21Z
2026-08-07T04:50:48Z,2026-08-07T06:50:48+0200,9de41e72-ad84-4160-af68-c339f970a640,2026-07-31T04:30:00Z,2026-07-31T06:30:00+0200,10.069,MW,NL,NL,actual_offshore_wind_generation,Wind Offshore | Actual Consumption,2026-08-07T04:53:21Z
2026-08-07T04:50:48Z,2026-08-07T06:50:48+0200,9de41e72-ad84-4160-af68-c339f970a640,2026-07-31T04:45:00Z,2026-07-31T06:45:00+0200,476.053,MW,NL,NL,actual_offshore_wind_generation,Wind Offshore | Actual Aggregated,2026-08-07T04:53:21Z
2026-08-07T04:50:48Z,2026-08-07T06:50:48+0200,9de41e72-ad84-4160-af68-c339f970a640,2026-07-31T04:45:00Z,2026-07-31T06:45:00+0200,11.687,MW,NL,NL,actual_offshore_wind_generation,Wind Offshore | Actual Consumption,2026-08-07T04:53:21Z
2026-08-07T04:50:48Z,2026-08-07T06:50:48+0200,9de41e72-ad84-4160-af68-c339f970a640,2026-07-31T05:00:00Z,2026-07-31T07:00:00+0200,522.527,MW,NL,NL,actual_offshore_wind_generation,Wind Offshore | Actual Aggregated,2026-08-07T04:53:21Z
2026-08-07T04:50:48Z,2026-08-07T06:50:48+0200,9de41e72-ad84-4160-af68-c339f970a640,2026-07-31T05:00:00Z,2026-07-31T07:00:00+0200,12.891,MW,NL,NL,actual_offshore_wind_generation,Wind Offshore | Actual Consumption,2026-08-07T04:53:21Z
2026-08-07T04:50:48Z,2026-08-07T06:50:48+0200,9de41e72-ad84-4160-af68-c339f970a640,2026-07-31T05:15:00Z,2026-07-31T07:15:00+0200,571.595,MW,NL,NL,actual_offshore_wind_generation,Wind Offshore | Actual Aggregated,2026-08-07T04:53:21Z
2026-08-07T04:50:48Z,2026-08-07T06:50:48+0200,9de41e72-ad84-4160-af68-c339f970a640,2026-07-31T05:15:00Z,2026-07-31T07:15:00+0200,13.184,MW,NL,NL,actual_offshore_wind_generation,Wind Offshore | Actual Consumption,2026-08-07T04:53:21Z
2026-08-07T04:50:48Z,2026-08-07T06:50:48+0200,9de41e72-ad84-4160-af68-c339f970a640,2026-07-31T05:30:00Z,2026-07-31T07:30:00+0200,574.634,MW,NL,NL,actual_offshore_wind_generation,Wind Offshore | Actual Aggregated,2026-08-07T04:53:21Z
2026-08-07T04:50:48Z,2026-08-07T06:50:48+0200,9de41e72-ad84-4160-af68-c339f970a640,2026-07-31T05:30:00Z,2026-07-31T07:30:00+0200,14.111,MW,NL,NL,actual_offshore_wind_generation,Wind Offshore | Actual Consumption,2026-08-07T04:53:21Z
2026-08-07T04:50:48Z,2026-08-07T06:50:48+0200,9de41e72-ad84-4160-af68-c339f970a640,2026-07-31T05:45:00Z,2026-07-31T07:45:00+0200,583.687,MW,NL,NL,actual_offshore_wind_generation,Wind Offshore | Actual Aggregated,2026-08-07T04:53:21Z
2026-08-07T04:50:48Z,2026-08-07T06:50:48+0200,9de41e72-ad84-4160-af68-c339f970a640,2026-07-31T05:45:00Z,2026-07-31T07:45:00+0200,13.48,MW,NL,NL,actual_offshore_wind_generation,Wind Offshore | Actual Consumption,2026-08-07T04:53:21Z
2026-08-07T04:50:48Z,2026-08-07T06:50:48+0200,9de41e72-ad84-4160-af68-c339f970a640,2026-07-31T06:00:00Z,2026-07-31T08:00:00+0200,630.547,MW,NL,NL,actual_offshore_wind_generation,Wind Offshore | Actual Aggregated,2026-08-07T04:53:21Z
2026-08-07T04:50:48Z,2026-08-07T06:50:48+0200,9de41e72-ad84-4160-af68-c339f970a640,2026-07-31T06:00:00Z,2026-07-31T08:00:00+0200,13.631,MW,NL,NL,actual_offshore_wind_generation,Wind Offshore | Actual Consumption,2026-08-07T04:53:21Z
2026-08-07T04:50:48Z,2026-08-07T06:50:48+0200,9de41e72-ad84-4160-af68-c339f970a640,2026-07-31T06:15:00Z,2026-07-31T08:15:00+0200,619.018,MW,NL,NL,actual_offshore_wind_generation,Wind Offshore | Actual Aggregated,2026-08-07T04:53:21Z
2026-08-07T04:50:48Z,2026-08-07T06:50:48+0200,9de41e72-ad84-4160-af68-c339f970a640,2026-07-31T06:15:00Z,2026-07-31T08:15:00+0200,13.575,MW,NL,NL,actual_offshore_wind_generation,Wind Offshore | Actual Consumption,2026-08-07T04:53:21Z
2026-08-07T04:50:48Z,2026-08-07T06:50:48+0200,9de41e72-ad84-4160-af68-c339f970a640,2026-07-31T06:30:00Z,2026-07-31T08:30:00+0200,685.688,MW,NL,NL,actual_offshore_wind_generation,Wind Offshore | Actual Aggregated,2026-08-07T04:53:21Z
2026-08-07T04:50:48Z,2026-08-07T06:50:48+0200,9de41e72-ad84-4160-af68-c339f970a640,2026-07-31T06:30:00Z,2026-07-31T08:30:00+0200,13.035,MW,NL,NL,actual_offshore_wind_generation,Wind Offshore | Actual Consumption,2026-08-07T04:53:21Z
2026-08-07T04:50:48Z,2026-08-07T06:50:48+0200,9de41e72-ad84-4160-af68-c339f970a640,2026-07-31T06:45:00Z,2026-07-31T08:45:00+0200,740.276,MW,NL,NL,actual_offshore_wind_generation,Wind Offshore | Actual Aggregated,2026-08-07T04:53:21Z
2026-08-07T04:50:48Z,2026-08-07T06:50:48+0200,9de41e72-ad84-4160-af68-c339f970a640,2026-07-31T06:45:00Z,2026-07-31T08:45:00+0200,11.665,MW,NL,NL,actual_offshore_wind_generation,Wind Offshore | Actual Consumption,2026-08-07T04:53:21Z
2026-08-07T04:50:48Z,2026-08-07T06:50:48+0200,9de41e72-ad84-4160-af68-c339f970a640,2026-07-31T07:00:00Z,2026-07-31T09:00:00+0200,648.044,MW,NL,NL,actual_offshore_wind_generation,Wind Offshore | Actual Aggregated,2026-08-07T04:53:21Z
2026-08-07T04:50:48Z,2026-08-07T06:50:48+0200,9de41e72-ad84-4160-af68-c339f970a640,2026-07-31T07:00:00Z,2026-07-31T09:00:00+0200,10.636,MW,NL,NL,actual_offshore_wind_generation,Wind Offshore | Actual Consumption,2026-08-07T04:53:21Z
2026-08-07T04:50:48Z,2026-08-07T06:50:48+0200,9de41e72-ad84-4160-af68-c339f970a640,2026-07-31T07:15:00Z,2026-07-31T09:15:00+0200,601.04,MW,NL,NL,actual_offshore_wind_generation,Wind Offshore | Actual Aggregated,2026-08-07T04:53:21Z
2026-08-07T04:50:48Z,2026-08-07T06:50:48+0200,9de41e72-ad84-4160-af68-c339f970a640,2026-07-31T07:15:00Z,2026-07-31T09:15:00+0200,9.838,MW,NL,NL,actual_offshore_wind_generation,Wind Offshore | Actual Consumption,2026-08-07T04:53:21Z
2026-08-07T04:50:48Z,2026-08-07T06:50:48+0200,9de41e72-ad84-4160-af68-c339f970a640,2026-07-31T07:30:00Z,2026-07-31T09:30:00+0200,593.638,MW,NL,NL,actual_offshore_wind_generation,Wind Offshore | Actual Aggregated,2026-08-07T04:53:21Z
2026-08-07T04:50:48Z,2026-08-07T06:50:48+0200,9de41e72-ad84-4160-af68-c339f970a640,2026-07-31T07:30:00Z,2026-07-31T09:30:00+0200,6.963,MW,NL,NL,actual_offshore_wind_generation,Wind Offshore | Actual Consumption,2026-08-07T04:53:21Z
2026-08-07T04:50:48Z,2026-08-07T06:50:48+0200,9de41e72-ad84-4160-af68-c339f970a640,2026-07-31T07:45:00Z,2026-07-31T09:45:00+0200,613.236,MW,NL,NL,actual_offshore_wind_generation,Wind Offshore | Actual Aggregated,2026-08-07T04:53:21Z
2026-08-07T04:50:48Z,2026-08-07T06:50:48+0200,9de41e72-ad84-4160-af68-c339f970a640,2026-07-31T07:45:00Z,2026-07-31T09:45:00+0200,5.835,MW,NL,NL,actual_offshore_wind_generation,Wind Offshore | Actual Consumption,2026-08-07T04:53:21Z
2026-08-07T04:50:48Z,2026-08-07T06:50:48+0200,9de41e72-ad84-4160-af68-c339f970a640,2026-07-31T08:00:00Z,2026-07-31T10:00:00+0200,617.733,MW,NL,NL,actual_offshore_wind_generation,Wind Offshore | Actual Aggregated,2026-08-07T04:53:21Z
2026-08-07T04:50:48Z,2026-08-07T06:50:48+0200,9de41e72-ad84-4160-af68-c339f970a640,2026-07-31T08:00:00Z,2026-07-31T10:00:00+0200,4.712,MW,NL,NL,actual_offshore_wind_generation,Wind Offshore | Actual Consumption,2026-08-07T04:53:21Z
2026-08-07T04:50:48Z,2026-08-07T06:50:48+0200,9de41e72-ad84-4160-af68-c339f970a640,2026-07-31T08:15:00Z,2026-07-31T10:15:00+0200,597.531,MW,NL,NL,actual_offshore_wind_generation,Wind Offshore | Actual Aggregated,2026-08-07T04:53:21Z
2026-08-07T04:50:48Z,2026-08-07T06:50:48+0200,9de41e72-ad84-4160-af68-c339f970a640,2026-07-31T08:15:00Z,2026-07-31T10:15:00+0200,2.13,MW,NL,NL,actual_offshore_wind_generation,Wind Offshore | Actual Consumption,2026-08-07T04:53:21Z
2026-08-07T04:50:48Z,2026-08-07T06:50:48+0200,9de41e72-ad84-4160-af68-c339f970a640,2026-07-31T08:30:00Z,2026-07-31T10:30:00+0200,577.303,MW,NL,NL,actual_offshore_wind_generation,Wind Offshore | Actual Aggregated,2026-08-07T04:53:21Z
2026-08-07T04:50:48Z,2026-08-07T06:50:48+0200,9de41e72-ad84-4160-af68-c339f970a640,2026-07-31T08:30:00Z,2026-07-31T10:30:00+0200,3.147,MW,NL,NL,actual_offshore_wind_generation,Wind Offshore | Actual Consumption,2026-08-07T04:53:21Z
2026-08-07T04:50:48Z,2026-08-07T06:50:48+0200,9de41e72-ad84-4160-af68-c339f970a640,2026-07-31T08:45:00Z,2026-07-31T10:45:00+0200,579.644,MW,NL,NL,actual_offshore_wind_generation,Wind Offshore | Actual Aggregated,2026-08-07T04:53:21Z
2026-08-07T04:50:48Z,2026-08-07T06:50:48+0200,9de41e72-ad84-4160-af68-c339f970a640,2026-07-31T08:45:00Z,2026-07-31T10:45:00+0200,2.979,MW,NL,NL,actual_offshore_wind_generation,Wind Offshore | Actual Consumption,2026-08-07T04:53:21Z
2026-08-07T04:50:48Z,2026-08-07T06:50:48+0200,9de41e72-ad84-4160-af68-c339f970a640,2026-07-31T09:00:00Z,2026-07-31T11:00:00+0200,518.58,MW,NL,NL,actual_offshore_wind_generation,Wind Offshore | Actual Aggregated,2026-08-07T04:53:21Z
2026-08-07T04:50:48Z,2026-08-07T06:50:48+0200,9de41e72-ad84-4160-af68-c339f970a640,2026-07-31T09:00:00Z,2026-07-31T11:00:00+0200,2.183,MW,NL,NL,actual_offshore_wind_generation,Wind Offshore | Actual Consumption,2026-08-07T04:53:21Z
2026-08-07T04:50:48Z,2026-08-07T06:50:48+0200,9de41e72-ad84-4160-af68-c339f970a640,2026-07-31T09:15:00Z,2026-07-31T11:15:00+0200,478.853,MW,NL,NL,actual_offshore_wind_generation,Wind Offshore | Actual Aggregated,2026-08-07T04:53:21Z
2026-08-07T04:50:48Z,2026-08-07T06:50:48+0200,9de41e72-ad84-4160-af68-c339f970a640,2026-07-31T09:15:00Z,2026-07-31T11:15:00+0200,1.992,MW,NL,NL,actual_offshore_wind_generation,Wind Offshore | Actual Consumption,2026-08-07T04:53:21Z
2026-08-07T04:50:48Z,2026-08-07T06:50:48+0200,9de41e72-ad84-4160-af68-c339f970a640,2026-07-31T09:30:00Z,2026-07-31T11:30:00+0200,448.868,MW,NL,NL,actual_offshore_wind_generation,Wind Offshore | Actual Aggregated,2026-08-07T04:53:21Z
2026-08-07T04:50:48Z,2026-08-07T06:50:48+0200,9de41e72-ad84-4160-af68-c339f970a640,2026-07-31T09:30:00Z,2026-07-31T11:30:00+0200,1.884,MW,NL,NL,actual_offshore_wind_generation,Wind Offshore | Actual Consumption,2026-08-07T04:53:21Z
2026-08-07T04:50:48Z,2026-08-07T06:50:48+0200,9de41e72-ad84-4160-af68-c339f970a640,2026-07-31T09:45:00Z,2026-07-31T11:45:00+0200,439.084,MW,NL,NL,actual_offshore_wind_generation,Wind Offshore | Actual Aggregated,2026-08-07T04:53:21Z
2026-08-07T04:50:48Z,2026-08-07T06:50:48+0200,9de41e72-ad84-4160-af68-c339f970a640,2026-07-31T09:45:00Z,2026-07-31T11:45:00+0200,2.637,MW,NL,NL,actual_offshore_wind_generation,Wind Offshore | Actual Consumption,2026-08-07T04:53:21Z
2026-08-07T04:50:48Z,2026-08-07T06:50:48+0200,9de41e72-ad84-4160-af68-c339f970a640,2026-07-31T10:00:00Z,2026-07-31T12:00:00+0200,449.526,MW,NL,NL,actual_offshore_wind_generation,Wind Offshore | Actual Aggregated,2026-08-07T04:53:21Z
2026-08-07T04:50:48Z,2026-08-07T06:50:48+0200,9de41e72-ad84-4160-af68-c339f970a640,2026-07-31T10:00:00Z,2026-07-31T12:00:00+0200,4.51,MW,NL,NL,actual_offshore_wind_generation,Wind Offshore | Actual Consumption,2026-08-07T04:53:21Z
2026-08-07T04:50:48Z,2026-08-07T06:50:48+0200,9de41e72-ad84-4160-af68-c339f970a640,2026-07-31T10:15:00Z,2026-07-31T12:15:00+0200,474.682,MW,NL,NL,actual_offshore_wind_generation,Wind Offshore | Actual Aggregated,2026-08-07T04:53:21Z
2026-08-07T04:50:48Z,2026-08-07T06:50:48+0200,9de41e72-ad84-4160-af68-c339f970a640,2026-07-31T10:15:00Z,2026-07-31T12:15:00+0200,3.355,MW,NL,NL,actual_offshore_wind_generation,Wind Offshore | Actual Consumption,2026-08-07T04:53:21Z
2026-08-07T04:50:48Z,2026-08-07T06:50:48+0200,9de41e72-ad84-4160-af68-c339f970a640,2026-07-31T10:30:00Z,2026-07-31T12:30:00+0200,478.988,MW,NL,NL,actual_offshore_wind_generation,Wind Offshore | Actual Aggregated,2026-08-07T04:53:21Z
2026-08-07T04:50:48Z,2026-08-07T06:50:48+0200,9de41e72-ad84-4160-af68-c339f970a640,2026-07-31T10:30:00Z,2026-07-31T12:30:00+0200,3.192,MW,NL,NL,actual_offshore_wind_generation,Wind Offshore | Actual Consumption,2026-08-07T04:53:21Z
2026-08-07T04:50:48Z,2026-08-07T06:50:48+0200,9de41e72-ad84-4160-af68-c339f970a640,2026-07-31T10:45:00Z,2026-07-31T12:45:00+0200,492.171,MW,NL,NL,actual_offshore_wind_generation,Wind Offshore | Actual Aggregated,2026-08-07T04:53:21Z
2026-08-07T04:50:48Z,2026-08-07T06:50:48+0200,9de41e72-ad84-4160-af68-c339f970a640,2026-07-31T10:45:00Z,2026-07-31T12:45:00+0200,4.449,MW,NL,NL,actual_offshore_wind_generation,Wind Offshore | Actual Consumption,2026-08-07T04:53:21Z
2026-08-07T04:50:48Z,2026-08-07T06:50:48+0200,9de41e72-ad84-4160-af68-c339f970a640,2026-07-31T11:00:00Z,2026-07-31T13:00:00+0200,524.406,MW,NL,NL,actual_offshore_wind_generation,Wind Offshore | Actual Aggregated,2026-08-07T04:53:21Z
2026-08-07T04:50:48Z,2026-08-07T06:50:48+0200,9de41e72-ad84-4160-af68-c339f970a640,2026-07-31T11:00:00Z,2026-07-31T13:00:00+0200,4.208,MW,NL,NL,actual_offshore_wind_generation,Wind Offshore | Actual Consumption,2026-08-07T04:53:21Z
2026-08-07T04:50:48Z,2026-08-07T06:50:48+0200,9de41e72-ad84-4160-af68-c339f970a640,2026-07-31T11:15:00Z,2026-07-31T13:15:00+0200,562.548,MW,NL,NL,actual_offshore_wind_generation,Wind Offshore | Actual Aggregated,2026-08-07T04:53:21Z
2026-08-07T04:50:48Z,2026-08-07T06:50:48+0200,9de41e72-ad84-4160-af68-c339f970a640,2026-07-31T11:15:00Z,2026-07-31T13:15:00+0200,4.098,MW,NL,NL,actual_offshore_wind_generation,Wind Offshore | Actual Consumption,2026-08-07T04:53:21Z
2026-08-07T04:50:48Z,2026-08-07T06:50:48+0200,9de41e72-ad84-4160-af68-c339f970a640,2026-07-31T11:30:00Z,2026-07-31T13:30:00+0200,569.764,MW,NL,NL,actual_offshore_wind_generation,Wind Offshore | Actual Aggregated,2026-08-07T04:53:21Z
2026-08-07T04:50:48Z,2026-08-07T06:50:48+0200,9de41e72-ad84-4160-af68-c339f970a640,2026-07-31T11:30:00Z,2026-07-31T13:30:00+0200,4.598,MW,NL,NL,actual_offshore_wind_generation,Wind Offshore | Actual Consumption,2026-08-07T04:53:21Z
2026-08-07T04:50:48Z,2026-08-07T06:50:48+0200,9de41e72-ad84-4160-af68-c339f970a640,2026-07-31T11:45:00Z,2026-07-31T13:45:00+0200,546.823,MW,NL,NL,actual_offshore_wind_generation,Wind Offshore | Actual Aggregated,2026-08-07T04:53:21Z
2026-08-07T04:50:48Z,2026-08-07T06:50:48+0200,9de41e72-ad84-4160-af68-c339f970a640,2026-07-31T11:45:00Z,2026-07-31T13:45:00+0200,5.31,MW,NL,NL,actual_offshore_wind_generation,Wind Offshore | Actual Consumption,2026-08-07T04:53:21Z
2026-08-07T04:50:48Z,2026-08-07T06:50:48+0200,9de41e72-ad84-4160-af68-c339f970a640,2026-07-31T12:00:00Z,2026-07-31T14:00:00+0200,519.301,MW,NL,NL,actual_offshore_wind_generation,Wind Offshore | Actual Aggregated,2026-08-07T04:53:21Z
2026-08-07T04:50:48Z,2026-08-07T06:50:48+0200,9de41e72-ad84-4160-af68-c339f970a640,2026-07-31T12:00:00Z,2026-07-31T14:00:00+0200,5.116,MW,NL,NL,actual_offshore_wind_generation,Wind Offshore | Actual Consumption,2026-08-07T04:53:21Z
2026-08-07T04:50:48Z,2026-08-07T06:50:48+0200,9de41e72-ad84-4160-af68-c339f970a640,2026-07-31T12:15:00Z,2026-07-31T14:15:00+0200,504.872,MW,NL,NL,actual_offshore_wind_generation,Wind Offshore | Actual Aggregated,2026-08-07T04:53:21Z
2026-08-07T04:50:48Z,2026-08-07T06:50:48+0200,9de41e72-ad84-4160-af68-c339f970a640,2026-07-31T12:15:00Z,2026-07-31T14:15:00+0200,4.703,MW,NL,NL,actual_offshore_wind_generation,Wind Offshore | Actual Consumption,2026-08-07T04:53:21Z
2026-08-07T04:50:48Z,2026-08-07T06:50:48+0200,9de41e72-ad84-4160-af68-c339f970a640,2026-07-31T12:30:00Z,2026-07-31T14:30:00+0200,526.967,MW,NL,NL,actual_offshore_wind_generation,Wind Offshore | Actual Aggregated,2026-08-07T04:53:21Z
2026-08-07T04:50:48Z,2026-08-07T06:50:48+0200,9de41e72-ad84-4160-af68-c339f970a640,2026-07-31T12:30:00Z,2026-07-31T14:30:00+0200,4.859,MW,NL,NL,actual_offshore_wind_generation,Wind Offshore | Actual Consumption,2026-08-07T04:53:21Z
2026-08-07T04:50:48Z,2026-08-07T06:50:48+0200,9de41e72-ad84-4160-af68-c339f970a640,2026-07-31T12:45:00Z,2026-07-31T14:45:00+0200,549.272,MW,NL,NL,actual_offshore_wind_generation,Wind Offshore | Actual Aggregated,2026-08-07T04:53:21Z
2026-08-07T04:50:48Z,2026-08-07T06:50:48+0200,9de41e72-ad84-4160-af68-c339f970a640,2026-07-31T12:45:00Z,2026-07-31T14:45:00+0200,5.399,MW,NL,NL,actual_offshore_wind_generation,Wind Offshore | Actual Consumption,2026-08-07T04:53:21Z
2026-08-07T04:50:48Z,2026-08-07T06:50:48+0200,9de41e72-ad84-4160-af68-c339f970a640,2026-07-31T13:00:00Z,2026-07-31T15:00:00+0200,563.9,MW,NL,NL,actual_offshore_wind_generation,Wind Offshore | Actual Aggregated,2026-08-07T04:53:21Z
2026-08-07T04:50:48Z,2026-08-07T06:50:48+0200,9de41e72-ad84-4160-af68-c339f970a640,2026-07-31T13:00:00Z,2026-07-31T15:00:00+0200,3.915,MW,NL,NL,actual_offshore_wind_generation,Wind Offshore | Actual Consumption,2026-08-07T04:53:21Z
2026-08-07T04:50:48Z,2026-08-07T06:50:48+0200,9de41e72-ad84-4160-af68-c339f970a640,2026-07-31T13:15:00Z,2026-07-31T15:15:00+0200,582.955,MW,NL,NL,actual_offshore_wind_generation,Wind Offshore | Actual Aggregated,2026-08-07T04:53:21Z
2026-08-07T04:50:48Z,2026-08-07T06:50:48+0200,9de41e72-ad84-4160-af68-c339f970a640,2026-07-31T13:15:00Z,2026-07-31T15:15:00+0200,3.525,MW,NL,NL,actual_offshore_wind_generation,Wind Offshore | Actual Consumption,2026-08-07T04:53:21Z
2026-08-07T04:50:48Z,2026-08-07T06:50:48+0200,9de41e72-ad84-4160-af68-c339f970a640,2026-07-31T13:30:00Z,2026-07-31T15:30:00+0200,614.388,MW,NL,NL,actual_offshore_wind_generation,Wind Offshore | Actual Aggregated,2026-08-07T04:53:21Z
2026-08-07T04:50:48Z,2026-08-07T06:50:48+0200,9de41e72-ad84-4160-af68-c339f970a640,2026-07-31T13:30:00Z,2026-07-31T15:30:00+0200,3.33,MW,NL,NL,actual_offshore_wind_generation,Wind Offshore | Actual Consumption,2026-08-07T04:53:21Z
2026-08-07T04:50:48Z,2026-08-07T06:50:48+0200,9de41e72-ad84-4160-af68-c339f970a640,2026-07-31T13:45:00Z,2026-07-31T15:45:00+0200,639.838,MW,NL,NL,actual_offshore_wind_generation,Wind Offshore | Actual Aggregated,2026-08-07T04:53:21Z
2026-08-07T04:50:48Z,2026-08-07T06:50:48+0200,9de41e72-ad84-4160-af68-c339f970a640,2026-07-31T13:45:00Z,2026-07-31T15:45:00+0200,3.011,MW,NL,NL,actual_offshore_wind_generation,Wind Offshore | Actual Consumption,2026-08-07T04:53:21Z
2026-08-07T04:50:48Z,2026-08-07T06:50:48+0200,9de41e72-ad84-4160-af68-c339f970a640,2026-07-31T14:00:00Z,2026-07-31T16:00:00+0200,688.986,MW,NL,NL,actual_offshore_wind_generation,Wind Offshore | Actual Aggregated,2026-08-07T04:53:21Z
2026-08-07T04:50:48Z,2026-08-07T06:50:48+0200,9de41e72-ad84-4160-af68-c339f970a640,2026-07-31T14:00:00Z,2026-07-31T16:00:00+0200,4.556,MW,NL,NL,actual_offshore_wind_generation,Wind Offshore | Actual Consumption,2026-08-07T04:53:21Z
2026-08-07T04:50:48Z,2026-08-07T06:50:48+0200,9de41e72-ad84-4160-af68-c339f970a640,2026-07-31T14:15:00Z,2026-07-31T16:15:00+0200,746.805,MW,NL,NL,actual_offshore_wind_generation,Wind Offshore | Actual Aggregated,2026-08-07T04:53:21Z
2026-08-07T04:50:48Z,2026-08-07T06:50:48+0200,9de41e72-ad84-4160-af68-c339f970a640,2026-07-31T14:15:00Z,2026-07-31T16:15:00+0200,6.5,MW,NL,NL,actual_offshore_wind_generation,Wind Offshore | Actual Consumption,2026-08-07T04:53:21Z
2026-08-07T04:50:48Z,2026-08-07T06:50:48+0200,9de41e72-ad84-4160-af68-c339f970a640,2026-07-31T14:30:00Z,2026-07-31T16:30:00+0200,754.582,MW,NL,NL,actual_offshore_wind_generation,Wind Offshore | Actual Aggregated,2026-08-07T04:53:21Z
2026-08-07T04:50:48Z,2026-08-07T06:50:48+0200,9de41e72-ad84-4160-af68-c339f970a640,2026-07-31T14:30:00Z,2026-07-31T16:30:00+0200,8.528,MW,NL,NL,actual_offshore_wind_generation,Wind Offshore | Actual Consumption,2026-08-07T04:53:21Z
2026-08-07T04:50:48Z,2026-08-07T06:50:48+0200,9de41e72-ad84-4160-af68-c339f970a640,2026-07-31T14:45:00Z,2026-07-31T16:45:00+0200,729.793,MW,NL,NL,actual_offshore_wind_generation,Wind Offshore | Actual Aggregated,2026-08-07T04:53:21Z
2026-08-07T04:50:48Z,2026-08-07T06:50:48+0200,9de41e72-ad84-4160-af68-c339f970a640,2026-07-31T14:45:00Z,2026-07-31T16:45:00+0200,8.979,MW,NL,NL,actual_offshore_wind_generation,Wind Offshore | Actual Consumption,2026-08-07T04:53:21Z
2026-08-07T04:50:48Z,2026-08-07T06:50:48+0200,9de41e72-ad84-4160-af68-c339f970a640,2026-07-31T15:00:00Z,2026-07-31T17:00:00+0200,726.239,MW,NL,NL,actual_offshore_wind_generation,Wind Offshore | Actual Aggregated,2026-08-07T04:53:21Z
2026-08-07T04:50:48Z,2026-08-07T06:50:48+0200,9de41e72-ad84-4160-af68-c339f970a640,2026-07-31T15:00:00Z,2026-07-31T17:00:00+0200,9.094,MW,NL,NL,actual_offshore_wind_generation,Wind Offshore | Actual Consumption,2026-08-07T04:53:21Z
2026-08-07T04:50:48Z,2026-08-07T06:50:48+0200,9de41e72-ad84-4160-af68-c339f970a640,2026-07-31T15:15:00Z,2026-07-31T17:15:00+0200,735.862,MW,NL,NL,actual_offshore_wind_generation,Wind Offshore | Actual Aggregated,2026-08-07T04:53:21Z
2026-08-07T04:50:48Z,2026-08-07T06:50:48+0200,9de41e72-ad84-4160-af68-c339f970a640,2026-07-31T15:15:00Z,2026-07-31T17:15:00+0200,9.552,MW,NL,NL,actual_offshore_wind_generation,Wind Offshore | Actual Consumption,2026-08-07T04:53:21Z
2026-08-07T04:50:48Z,2026-08-07T06:50:48+0200,9de41e72-ad84-4160-af68-c339f970a640,2026-07-31T15:30:00Z,2026-07-31T17:30:00+0200,737.735,MW,NL,NL,actual_offshore_wind_generation,Wind Offshore | Actual Aggregated,2026-08-07T04:53:21Z
2026-08-07T04:50:48Z,2026-08-07T06:50:48+0200,9de41e72-ad84-4160-af68-c339f970a640,2026-07-31T15:30:00Z,2026-07-31T17:30:00+0200,7.077,MW,NL,NL,actual_offshore_wind_generation,Wind Offshore | Actual Consumption,2026-08-07T04:53:21Z
2026-08-07T04:50:48Z,2026-08-07T06:50:48+0200,9de41e72-ad84-4160-af68-c339f970a640,2026-07-31T15:45:00Z,2026-07-31T17:45:00+0200,683.158,MW,NL,NL,actual_offshore_wind_generation,Wind Offshore | Actual Aggregated,2026-08-07T04:53:21Z
2026-08-07T04:50:48Z,2026-08-07T06:50:48+0200,9de41e72-ad84-4160-af68-c339f970a640,2026-07-31T15:45:00Z,2026-07-31T17:45:00+0200,6.813,MW,NL,NL,actual_offshore_wind_generation,Wind Offshore | Actual Consumption,2026-08-07T04:53:21Z
2026-08-07T04:50:48Z,2026-08-07T06:50:48+0200,9de41e72-ad84-4160-af68-c339f970a640,2026-07-31T16:00:00Z,2026-07-31T18:00:00+0200,653.578,MW,NL,NL,actual_offshore_wind_generation,Wind Offshore | Actual Aggregated,2026-08-07T04:53:21Z
2026-08-07T04:50:48Z,2026-08-07T06:50:48+0200,9de41e72-ad84-4160-af68-c339f970a640,2026-07-31T16:00:00Z,2026-07-31T18:00:00+0200,8.535,MW,NL,NL,actual_offshore_wind_generation,Wind Offshore | Actual Consumption,2026-08-07T04:53:21Z
2026-08-07T04:50:48Z,2026-08-07T06:50:48+0200,9de41e72-ad84-4160-af68-c339f970a640,2026-07-31T16:15:00Z,2026-07-31T18:15:00+0200,670.926,MW,NL,NL,actual_offshore_wind_generation,Wind Offshore | Actual Aggregated,2026-08-07T04:53:21Z
2026-08-07T04:50:48Z,2026-08-07T06:50:48+0200,9de41e72-ad84-4160-af68-c339f970a640,2026-07-31T16:15:00Z,2026-07-31T18:15:00+0200,8.599,MW,NL,NL,actual_offshore_wind_generation,Wind Offshore | Actual Consumption,2026-08-07T04:53:21Z
2026-08-07T04:50:48Z,2026-08-07T06:50:48+0200,9de41e72-ad84-4160-af68-c339f970a640,2026-07-31T16:30:00Z,2026-07-31T18:30:00+0200,713.057,MW,NL,NL,actual_offshore_wind_generation,Wind Offshore | Actual Aggregated,2026-08-07T04:53:21Z
2026-08-07T04:50:48Z,2026-08-07T06:50:48+0200,9de41e72-ad84-4160-af68-c339f970a640,2026-07-31T16:30:00Z,2026-07-31T18:30:00+0200,7.1,MW,NL,NL,actual_offshore_wind_generation,Wind Offshore | Actual Consumption,2026-08-07T04:53:21Z
2026-08-07T04:50:48Z,2026-08-07T06:50:48+0200,9de41e72-ad84-4160-af68-c339f970a640,2026-07-31T16:45:00Z,2026-07-31T18:45:00+0200,744.091,MW,NL,NL,actual_offshore_wind_generation,Wind Offshore | Actual Aggregated,2026-08-07T04:53:21Z
2026-08-07T04:50:48Z,2026-08-07T06:50:48+0200,9de41e72-ad84-4160-af68-c339f970a640,2026-07-31T16:45:00Z,2026-07-31T18:45:00+0200,9.867,MW,NL,NL,actual_offshore_wind_generation,Wind Offshore | Actual Consumption,2026-08-07T04:53:21Z
2026-08-07T04:50:48Z,2026-08-07T06:50:48+0200,9de41e72-ad84-4160-af68-c339f970a640,2026-07-31T17:00:00Z,2026-07-31T19:00:00+0200,777.334,MW,NL,NL,actual_offshore_wind_generation,Wind Offshore | Actual Aggregated,2026-08-07T04:53:21Z
2026-08-07T04:50:48Z,2026-08-07T06:50:48+0200,9de41e72-ad84-4160-af68-c339f970a640,2026-07-31T17:00:00Z,2026-07-31T19:00:00+0200,9.374,MW,NL,NL,actual_offshore_wind_generation,Wind Offshore | Actual Consumption,2026-08-07T04:53:21Z
2026-08-07T04:50:48Z,2026-08-07T06:50:48+0200,9de41e72-ad84-4160-af68-c339f970a640,2026-07-31T17:15:00Z,2026-07-31T19:15:00+0200,794.553,MW,NL,NL,actual_offshore_wind_generation,Wind Offshore | Actual Aggregated,2026-08-07T04:53:21Z
2026-08-07T04:50:48Z,2026-08-07T06:50:48+0200,9de41e72-ad84-4160-af68-c339f970a640,2026-07-31T17:15:00Z,2026-07-31T19:15:00+0200,10.4,MW,NL,NL,actual_offshore_wind_generation,Wind Offshore | Actual Consumption,2026-08-07T04:53:21Z
2026-08-07T04:50:48Z,2026-08-07T06:50:48+0200,9de41e72-ad84-4160-af68-c339f970a640,2026-07-31T17:30:00Z,2026-07-31T19:30:00+0200,767.02,MW,NL,NL,actual_offshore_wind_generation,Wind Offshore | Actual Aggregated,2026-08-07T04:53:21Z
2026-08-07T04:50:48Z,2026-08-07T06:50:48+0200,9de41e72-ad84-4160-af68-c339f970a640,2026-07-31T17:30:00Z,2026-07-31T19:30:00+0200,10.501,MW,NL,NL,actual_offshore_wind_generation,Wind Offshore | Actual Consumption,2026-08-07T04:53:21Z
2026-08-07T04:50:48Z,2026-08-07T06:50:48+0200,9de41e72-ad84-4160-af68-c339f970a640,2026-07-31T17:45:00Z,2026-07-31T19:45:00+0200,735.67,MW,NL,NL,actual_offshore_wind_generation,Wind Offshore | Actual Aggregated,2026-08-07T04:53:21Z
2026-08-07T04:50:48Z,2026-08-07T06:50:48+0200,9de41e72-ad84-4160-af68-c339f970a640,2026-07-31T17:45:00Z,2026-07-31T19:45:00+0200,10.911,MW,NL,NL,actual_offshore_wind_generation,Wind Offshore | Actual Consumption,2026-08-07T04:53:21Z
2026-08-07T04:50:48Z,2026-08-07T06:50:48+0200,9de41e72-ad84-4160-af68-c339f970a640,2026-07-31T18:00:00Z,2026-07-31T20:00:00+0200,702.778,MW,NL,NL,actual_offshore_wind_generation,Wind Offshore | Actual Aggregated,2026-08-07T04:53:21Z
2026-08-07T04:50:48Z,2026-08-07T06:50:48+0200,9de41e72-ad84-4160-af68-c339f970a640,2026-07-31T18:00:00Z,2026-07-31T20:00:00+0200,8.769,MW,NL,NL,actual_offshore_wind_generation,Wind Offshore | Actual Consumption,2026-08-07T04:53:21Z
2026-08-07T04:50:48Z,2026-08-07T06:50:48+0200,9de41e72-ad84-4160-af68-c339f970a640,2026-07-31T18:15:00Z,2026-07-31T20:15:00+0200,731.729,MW,NL,NL,actual_offshore_wind_generation,Wind Offshore | Actual Aggregated,2026-08-07T04:53:21Z
2026-08-07T04:50:48Z,2026-08-07T06:50:48+0200,9de41e72-ad84-4160-af68-c339f970a640,2026-07-31T18:15:00Z,2026-07-31T20:15:00+0200,8.593,MW,NL,NL,actual_offshore_wind_generation,Wind Offshore | Actual Consumption,2026-08-07T04:53:21Z
2026-08-07T04:50:48Z,2026-08-07T06:50:48+0200,9de41e72-ad84-4160-af68-c339f970a640,2026-07-31T18:30:00Z,2026-07-31T20:30:00+0200,690.406,MW,NL,NL,actual_offshore_wind_generation,Wind Offshore | Actual Aggregated,2026-08-07T04:53:21Z
2026-08-07T04:50:48Z,2026-08-07T06:50:48+0200,9de41e72-ad84-4160-af68-c339f970a640,2026-07-31T18:30:00Z,2026-07-31T20:30:00+0200,8.649,MW,NL,NL,actual_offshore_wind_generation,Wind Offshore | Actual Consumption,2026-08-07T04:53:21Z
2026-08-07T04:50:48Z,2026-08-07T06:50:48+0200,9de41e72-ad84-4160-af68-c339f970a640,2026-07-31T18:45:00Z,2026-07-31T20:45:00+0200,713.711,MW,NL,NL,actual_offshore_wind_generation,Wind Offshore | Actual Aggregated,2026-08-07T04:53:21Z
2026-08-07T04:50:48Z,2026-08-07T06:50:48+0200,9de41e72-ad84-4160-af68-c339f970a640,2026-07-31T18:45:00Z,2026-07-31T20:45:00+0200,10.526,MW,NL,NL,actual_offshore_wind_generation,Wind Offshore | Actual Consumption,2026-08-07T04:53:21Z
2026-08-07T04:50:48Z,2026-08-07T06:50:48+0200,9de41e72-ad84-4160-af68-c339f970a640,2026-07-31T19:00:00Z,2026-07-31T21:00:00+0200,636.612,MW,NL,NL,actual_offshore_wind_generation,Wind Offshore | Actual Aggregated,2026-08-07T04:53:21Z
2026-08-07T04:50:48Z,2026-08-07T06:50:48+0200,9de41e72-ad84-4160-af68-c339f970a640,2026-07-31T19:00:00Z,2026-07-31T21:00:00+0200,10.087,MW,NL,NL,actual_offshore_wind_generation,Wind Offshore | Actual Consumption,2026-08-07T04:53:21Z
2026-08-07T04:50:48Z,2026-08-07T06:50:48+0200,9de41e72-ad84-4160-af68-c339f970a640,2026-07-31T19:15:00Z,2026-07-31T21:15:00+0200,570.464,MW,NL,NL,actual_offshore_wind_generation,Wind Offshore | Actual Aggregated,2026-08-07T04:53:21Z
2026-08-07T04:50:48Z,2026-08-07T06:50:48+0200,9de41e72-ad84-4160-af68-c339f970a640,2026-07-31T19:15:00Z,2026-07-31T21:15:00+0200,10.477,MW,NL,NL,actual_offshore_wind_generation,Wind Offshore | Actual Consumption,2026-08-07T04:53:21Z
2026-08-07T04:50:48Z,2026-08-07T06:50:48+0200,9de41e72-ad84-4160-af68-c339f970a640,2026-07-31T19:30:00Z,2026-07-31T21:30:00+0200,530.704,MW,NL,NL,actual_offshore_wind_generation,Wind Offshore | Actual Aggregated,2026-08-07T04:53:21Z
2026-08-07T04:50:48Z,2026-08-07T06:50:48+0200,9de41e72-ad84-4160-af68-c339f970a640,2026-07-31T19:30:00Z,2026-07-31T21:30:00+0200,10.206,MW,NL,NL,actual_offshore_wind_generation,Wind Offshore | Actual Consumption,2026-08-07T04:53:21Z
2026-08-07T04:50:48Z,2026-08-07T06:50:48+0200,9de41e72-ad84-4160-af68-c339f970a640,2026-07-31T19:45:00Z,2026-07-31T21:45:00+0200,490.594,MW,NL,NL,actual_offshore_wind_generation,Wind Offshore | Actual Aggregated,2026-08-07T04:53:21Z
2026-08-07T04:50:48Z,2026-08-07T06:50:48+0200,9de41e72-ad84-4160-af68-c339f970a640,2026-07-31T19:45:00Z,2026-07-31T21:45:00+0200,10.212,MW,NL,NL,actual_offshore_wind_generation,Wind Offshore | Actual Consumption,2026-08-07T04:53:21Z
2026-08-07T04:50:48Z,2026-08-07T06:50:48+0200,9de41e72-ad84-4160-af68-c339f970a640,2026-07-31T20:00:00Z,2026-07-31T22:00:00+0200,423.519,MW,NL,NL,actual_offshore_wind_generation,Wind Offshore | Actual Aggregated,2026-08-07T04:53:21Z
2026-08-07T04:50:48Z,2026-08-07T06:50:48+0200,9de41e72-ad84-4160-af68-c339f970a640,2026-07-31T20:00:00Z,2026-07-31T22:00:00+0200,9.979,MW,NL,NL,actual_offshore_wind_generation,Wind Offshore | Actual Consumption,2026-08-07T04:53:21Z
2026-08-07T04:50:48Z,2026-08-07T06:50:48+0200,9de41e72-ad84-4160-af68-c339f970a640,2026-07-31T20:15:00Z,2026-07-31T22:15:00+0200,381.737,MW,NL,NL,actual_offshore_wind_generation,Wind Offshore | Actual Aggregated,2026-08-07T04:53:21Z
2026-08-07T04:50:48Z,2026-08-07T06:50:48+0200,9de41e72-ad84-4160-af68-c339f970a640,2026-07-31T20:15:00Z,2026-07-31T22:15:00+0200,10.005,MW,NL,NL,actual_offshore_wind_generation,Wind Offshore | Actual Consumption,2026-08-07T04:53:21Z
2026-08-07T04:50:48Z,2026-08-07T06:50:48+0200,9de41e72-ad84-4160-af68-c339f970a640,2026-07-31T20:30:00Z,2026-07-31T22:30:00+0200,328.45,MW,NL,NL,actual_offshore_wind_generation,Wind Offshore | Actual Aggregated,2026-08-07T04:53:21Z
2026-08-07T04:50:48Z,2026-08-07T06:50:48+0200,9de41e72-ad84-4160-af68-c339f970a640,2026-07-31T20:30:00Z,2026-07-31T22:30:00+0200,10.254,MW,NL,NL,actual_offshore_wind_generation,Wind Offshore | Actual Consumption,2026-08-07T04:53:21Z
2026-08-07T04:50:48Z,2026-08-07T06:50:48+0200,9de41e72-ad84-4160-af68-c339f970a640,2026-07-31T20:45:00Z,2026-07-31T22:45:00+0200,260.359,MW,NL,NL,actual_offshore_wind_generation,Wind Offshore | Actual Aggregated,2026-08-07T04:53:21Z
2026-08-07T04:50:48Z,2026-08-07T06:50:48+0200,9de41e72-ad84-4160-af68-c339f970a640,2026-07-31T20:45:00Z,2026-07-31T22:45:00+0200,9.885,MW,NL,NL,actual_offshore_wind_generation,Wind Offshore | Actual Consumption,2026-08-07T04:53:21Z
2026-08-07T04:50:48Z,2026-08-07T06:50:48+0200,9de41e72-ad84-4160-af68-c339f970a640,2026-07-31T21:00:00Z,2026-07-31T23:00:00+0200,222.188,MW,NL,NL,actual_offshore_wind_generation,Wind Offshore | Actual Aggregated,2026-08-07T04:53:21Z
2026-08-07T04:50:48Z,2026-08-07T06:50:48+0200,9de41e72-ad84-4160-af68-c339f970a640,2026-07-31T21:00:00Z,2026-07-31T23:00:00+0200,9.446,MW,NL,NL,actual_offshore_wind_generation,Wind Offshore | Actual Consumption,2026-08-07T04:53:21Z
2026-08-07T04:50:48Z,2026-08-07T06:50:48+0200,9de41e72-ad84-4160-af68-c339f970a640,2026-07-31T21:15:00Z,2026-07-31T23:15:00+0200,209.319,MW,NL,NL,actual_offshore_wind_generation,Wind Offshore | Actual Aggregated,2026-08-07T04:53:21Z
2026-08-07T04:50:48Z,2026-08-07T06:50:48+0200,9de41e72-ad84-4160-af68-c339f970a640,2026-07-31T21:15:00Z,2026-07-31T23:15:00+0200,9.017,MW,NL,NL,actual_offshore_wind_generation,Wind Offshore | Actual Consumption,2026-08-07T04:53:21Z
2026-08-07T04:50:48Z,2026-08-07T06:50:48+0200,9de41e72-ad84-4160-af68-c339f970a640,2026-07-31T21:30:00Z,2026-07-31T23:30:00+0200,191.803,MW,NL,NL,actual_offshore_wind_generation,Wind Offshore | Actual Aggregated,2026-08-07T04:53:21Z
2026-08-07T04:50:48Z,2026-08-07T06:50:48+0200,9de41e72-ad84-4160-af68-c339f970a640,2026-07-31T21:30:00Z,2026-07-31T23:30:00+0200,8.956,MW,NL,NL,actual_offshore_wind_generation,Wind Offshore | Actual Consumption,2026-08-07T04:53:21Z
2026-08-07T04:50:48Z,2026-08-07T06:50:48+0200,9de41e72-ad84-4160-af68-c339f970a640,2026-07-31T21:45:00Z,2026-07-31T23:45:00+0200,156.856,MW,NL,NL,actual_offshore_wind_generation,Wind Offshore | Actual Aggregated,2026-08-07T04:53:21Z
2026-08-07T04:50:48Z,2026-08-07T06:50:48+0200,9de41e72-ad84-4160-af68-c339f970a640,2026-07-31T21:45:00Z,2026-07-31T23:45:00+0200,9.245,MW,NL,NL,actual_offshore_wind_generation,Wind Offshore | Actual Consumption,2026-08-07T04:53:21Z
2026-08-07T04:50:48Z,2026-08-07T06:50:48+0200,9de41e72-ad84-4160-af68-c339f970a640,2026-07-31T22:00:00Z,2026-08-01T00:00:00+0200,118.066,MW,NL,NL,actual_offshore_wind_generation,Wind Offshore | Actual Aggregated,2026-08-07T04:53:21Z
2026-08-07T04:50:48Z,2026-08-07T06:50:48+0200,9de41e72-ad84-4160-af68-c339f970a640,2026-07-31T22:00:00Z,2026-08-01T00:00:00+0200,12.98,MW,NL,NL,actual_offshore_wind_generation,Wind Offshore | Actual Consumption,2026-08-07T04:53:21Z
2026-08-07T04:50:48Z,2026-08-07T06:50:48+0200,9de41e72-ad84-4160-af68-c339f970a640,2026-07-31T22:15:00Z,2026-08-01T00:15:00+0200,95.11,MW,NL,NL,actual_offshore_wind_generation,Wind Offshore | Actual Aggregated,2026-08-07T04:53:21Z
2026-08-07T04:50:48Z,2026-08-07T06:50:48+0200,9de41e72-ad84-4160-af68-c339f970a640,2026-07-31T22:15:00Z,2026-08-01T00:15:00+0200,13.801,MW,NL,NL,actual_offshore_wind_generation,Wind Offshore | Actual Consumption,2026-08-07T04:53:21Z
2026-08-07T04:50:48Z,2026-08-07T06:50:48+0200,9de41e72-ad84-4160-af68-c339f970a640,2026-07-31T22:30:00Z,2026-08-01T00:30:00+0200,79.087,MW,NL,NL,actual_offshore_wind_generation,Wind Offshore | Actual Aggregated,2026-08-07T04:53:21Z
2026-08-07T04:50:48Z,2026-08-07T06:50:48+0200,9de41e72-ad84-4160-af68-c339f970a640,2026-07-31T22:30:00Z,2026-08-01T00:30:00+0200,16.377,MW,NL,NL,actual_offshore_wind_generation,Wind Offshore | Actual Consumption,2026-08-07T04:53:21Z
2026-08-07T04:50:48Z,2026-08-07T06:50:48+0200,9de41e72-ad84-4160-af68-c339f970a640,2026-07-31T22:45:00Z,2026-08-01T00:45:00+0200,74.412,MW,NL,NL,actual_offshore_wind_generation,Wind Offshore | Actual Aggregated,2026-08-07T04:53:21Z
2026-08-07T04:50:48Z,2026-08-07T06:50:48+0200,9de41e72-ad84-4160-af68-c339f970a640,2026-07-31T22:45:00Z,2026-08-01T00:45:00+0200,20.922,MW,NL,NL,actual_offshore_wind_generation,Wind Offshore | Actual Consumption,2026-08-07T04:53:21Z
2026-08-07T04:50:48Z,2026-08-07T06:50:48+0200,9de41e72-ad84-4160-af68-c339f970a640,2026-07-31T23:00:00Z,2026-08-01T01:00:00+0200,56.12,MW,NL,NL,actual_offshore_wind_generation,Wind Offshore | Actual Aggregated,2026-08-07T04:53:21Z
2026-08-07T04:50:48Z,2026-08-07T06:50:48+0200,9de41e72-ad84-4160-af68-c339f970a640,2026-07-31T23:00:00Z,2026-08-01T01:00:00+0200,24.671,MW,NL,NL,actual_offshore_wind_generation,Wind Offshore | Actual Consumption,2026-08-07T04:53:21Z
2026-08-07T04:50:48Z,2026-08-07T06:50:48+0200,9de41e72-ad84-4160-af68-c339f970a640,2026-07-31T23:15:00Z,2026-08-01T01:15:00+0200,36.279,MW,NL,NL,actual_offshore_wind_generation,Wind Offshore | Actual Aggregated,2026-08-07T04:53:21Z
2026-08-07T04:50:48Z,2026-08-07T06:50:48+0200,9de41e72-ad84-4160-af68-c339f970a640,2026-07-31T23:15:00Z,2026-08-01T01:15:00+0200,27.597,MW,NL,NL,actual_offshore_wind_generation,Wind Offshore | Actual Consumption,2026-08-07T04:53:21Z
2026-08-07T04:50:48Z,2026-08-07T06:50:48+0200,9de41e72-ad84-4160-af68-c339f970a640,2026-07-31T23:30:00Z,2026-08-01T01:30:00+0200,20.16,MW,NL,NL,actual_offshore_wind_generation,Wind Offshore | Actual Aggregated,2026-08-07T04:53:21Z
2026-08-07T04:50:48Z,2026-08-07T06:50:48+0200,9de41e72-ad84-4160-af68-c339f970a640,2026-07-31T23:30:00Z,2026-08-01T01:30:00+0200,32.538,MW,NL,NL,actual_offshore_wind_generation,Wind Offshore | Actual Consumption,2026-08-07T04:53:21Z
2026-08-07T04:50:48Z,2026-08-07T06:50:48+0200,9de41e72-ad84-4160-af68-c339f970a640,2026-07-31T23:45:00Z,2026-08-01T01:45:00+0200,9.294,MW,NL,NL,actual_offshore_wind_generation,Wind Offshore | Actual Aggregated,2026-08-07T04:53:21Z
2026-08-07T04:50:48Z,2026-08-07T06:50:48+0200,9de41e72-ad84-4160-af68-c339f970a640,2026-07-31T23:45:00Z,2026-08-01T01:45:00+0200,37.209,MW,NL,NL,actual_offshore_wind_generation,Wind Offshore | Actual Consumption,2026-08-07T04:53:21Z
2026-08-07T04:50:48Z,2026-08-07T06:50:48+0200,9de41e72-ad84-4160-af68-c339f970a640,2026-08-01T00:00:00Z,2026-08-01T02:00:00+0200,3.383,MW,NL,NL,actual_offshore_wind_generation,Wind Offshore | Actual Aggregated,2026-08-07T04:53:21Z
2026-08-07T04:50:48Z,2026-08-07T06:50:48+0200,9de41e72-ad84-4160-af68-c339f970a640,2026-08-01T00:00:00Z,2026-08-01T02:00:00+0200,39.717,MW,NL,NL,actual_offshore_wind_generation,Wind Offshore | Actual Consumption,2026-08-07T04:53:21Z
2026-08-07T04:50:48Z,2026-08-07T06:50:48+0200,9de41e72-ad84-4160-af68-c339f970a640,2026-08-01T00:15:00Z,2026-08-01T02:15:00+0200,3.21,MW,NL,NL,actual_offshore_wind_generation,Wind Offshore | Actual Aggregated,2026-08-07T04:53:21Z
2026-08-07T04:50:48Z,2026-08-07T06:50:48+0200,9de41e72-ad84-4160-af68-c339f970a640,2026-08-01T00:15:00Z,2026-08-01T02:15:00+0200,39.109,MW,NL,NL,actual_offshore_wind_generation,Wind Offshore | Actual Consumption,2026-08-07T04:53:21Z
2026-08-07T04:50:48Z,2026-08-07T06:50:48+0200,9de41e72-ad84-4160-af68-c339f970a640,2026-08-01T00:30:00Z,2026-08-01T02:30:00+0200,1.863,MW,NL,NL,actual_offshore_wind_generation,Wind Offshore | Actual Aggregated,2026-08-07T04:53:21Z
2026-08-07T04:50:48Z,2026-08-07T06:50:48+0200,9de41e72-ad84-4160-af68-c339f970a640,2026-08-01T00:30:00Z,2026-08-01T02:30:00+0200,38.832,MW,NL,NL,actual_offshore_wind_generation,Wind Offshore | Actual Consumption,2026-08-07T04:53:21Z
2026-08-07T04:50:48Z,2026-08-07T06:50:48+0200,9de41e72-ad84-4160-af68-c339f970a640,2026-08-01T00:45:00Z,2026-08-01T02:45:00+0200,0.149,MW,NL,NL,actual_offshore_wind_generation,Wind Offshore | Actual Aggregated,2026-08-07T04:53:21Z
2026-08-07T04:50:48Z,2026-08-07T06:50:48+0200,9de41e72-ad84-4160-af68-c339f970a640,2026-08-01T00:45:00Z,2026-08-01T02:45:00+0200,40.896,MW,NL,NL,actual_offshore_wind_generation,Wind Offshore | Actual Consumption,2026-08-07T04:53:21Z
2026-08-07T04:50:48Z,2026-08-07T06:50:48+0200,9de41e72-ad84-4160-af68-c339f970a640,2026-08-01T01:00:00Z,2026-08-01T03:00:00+0200,0.0,MW,NL,NL,actual_offshore_wind_generation,Wind Offshore | Actual Aggregated,2026-08-07T04:53:21Z
2026-08-07T04:50:48Z,2026-08-07T06:50:48+0200,9de41e72-ad84-4160-af68-c339f970a640,2026-08-01T01:00:00Z,2026-08-01T03:00:00+0200,42.108,MW,NL,NL,actual_offshore_wind_generation,Wind Offshore | Actual Consumption,2026-08-07T04:53:21Z
2026-08-07T04:50:48Z,2026-08-07T06:50:48+0200,9de41e72-ad84-4160-af68-c339f970a640,2026-08-01T01:15:00Z,2026-08-01T03:15:00+0200,0.0,MW,NL,NL,actual_offshore_wind_generation,Wind Offshore | Actual Aggregated,2026-08-07T04:53:21Z
2026-08-07T04:50:48Z,2026-08-07T06:50:48+0200,9de41e72-ad84-4160-af68-c339f970a640,2026-08-01T01:15:00Z,2026-08-01T03:15:00+0200,41.031,MW,NL,NL,actual_offshore_wind_generation,Wind Offshore | Actual Consumption,2026-08-07T04:53:21Z
2026-08-07T04:50:48Z,2026-08-07T06:50:48+0200,9de41e72-ad84-4160-af68-c339f970a640,2026-08-01T01:30:00Z,2026-08-01T03:30:00+0200,1.003,MW,NL,NL,actual_offshore_wind_generation,Wind Offshore | Actual Aggregated,2026-08-07T04:53:21Z
2026-08-07T04:50:48Z,2026-08-07T06:50:48+0200,9de41e72-ad84-4160-af68-c339f970a640,2026-08-01T01:30:00Z,2026-08-01T03:30:00+0200,38.458,MW,NL,NL,actual_offshore_wind_generation,Wind Offshore | Actual Consumption,2026-08-07T04:53:21Z
2026-08-07T04:50:48Z,2026-08-07T06:50:48+0200,9de41e72-ad84-4160-af68-c339f970a640,2026-08-01T01:45:00Z,2026-08-01T03:45:00+0200,0.501,MW,NL,NL,actual_offshore_wind_generation,Wind Offshore | Actual Aggregated,2026-08-07T04:53:21Z
2026-08-07T04:50:48Z,2026-08-07T06:50:48+0200,9de41e72-ad84-4160-af68-c339f970a640,2026-08-01T01:45:00Z,2026-08-01T03:45:00+0200,39.954,MW,NL,NL,actual_offshore_wind_generation,Wind Offshore | Actual Consumption,2026-08-07T04:53:21Z
2026-08-07T04:50:48Z,2026-08-07T06:50:48+0200,9de41e72-ad84-4160-af68-c339f970a640,2026-08-01T02:00:00Z,2026-08-01T04:00:00+0200,0.0,MW,NL,NL,actual_offshore_wind_generation,Wind Offshore | Actual Aggregated,2026-08-07T04:53:21Z
2026-08-07T04:50:48Z,2026-08-07T06:50:48+0200,9de41e72-ad84-4160-af68-c339f970a640,2026-08-01T02:00:00Z,2026-08-01T04:00:00+0200,41.671,MW,NL,NL,actual_offshore_wind_generation,Wind Offshore | Actual Consumption,2026-08-07T04:53:21Z
2026-08-07T04:50:48Z,2026-08-07T06:50:48+0200,9de41e72-ad84-4160-af68-c339f970a640,2026-08-01T02:15:00Z,2026-08-01T04:15:00+0200,0.0,MW,NL,NL,actual_offshore_wind_generation,Wind Offshore | Actual Aggregated,2026-08-07T04:53:21Z
2026-08-07T04:50:48Z,2026-08-07T06:50:48+0200,9de41e72-ad84-4160-af68-c339f970a640,2026-08-01T02:15:00Z,2026-08-01T04:15:00+0200,39.651,MW,NL,NL,actual_offshore_wind_generation,Wind Offshore | Actual Consumption,2026-08-07T04:53:21Z
2026-08-07T04:50:48Z,2026-08-07T06:50:48+0200,9de41e72-ad84-4160-af68-c339f970a640,2026-08-01T02:30:00Z,2026-08-01T04:30:00+0200,1.17,MW,NL,NL,actual_offshore_wind_generation,Wind Offshore | Actual Aggregated,2026-08-07T04:53:21Z
2026-08-07T04:50:48Z,2026-08-07T06:50:48+0200,9de41e72-ad84-4160-af68-c339f970a640,2026-08-01T02:30:00Z,2026-08-01T04:30:00+0200,38.354,MW,NL,NL,actual_offshore_wind_generation,Wind Offshore | Actual Consumption,2026-08-07T04:53:21Z
2026-08-07T04:50:48Z,2026-08-07T06:50:48+0200,9de41e72-ad84-4160-af68-c339f970a640,2026-08-01T02:45:00Z,2026-08-01T04:45:00+0200,5.346,MW,NL,NL,actual_offshore_wind_generation,Wind Offshore | Actual Aggregated,2026-08-07T04:53:21Z
2026-08-07T04:50:48Z,2026-08-07T06:50:48+0200,9de41e72-ad84-4160-af68-c339f970a640,2026-08-01T02:45:00Z,2026-08-01T04:45:00+0200,36.726,MW,NL,NL,actual_offshore_wind_generation,Wind Offshore | Actual Consumption,2026-08-07T04:53:21Z
2026-08-07T04:50:48Z,2026-08-07T06:50:48+0200,9de41e72-ad84-4160-af68-c339f970a640,2026-08-01T03:00:00Z,2026-08-01T05:00:00+0200,8.187,MW,NL,NL,actual_offshore_wind_generation,Wind Offshore | Actual Aggregated,2026-08-07T04:53:21Z
2026-08-07T04:50:48Z,2026-08-07T06:50:48+0200,9de41e72-ad84-4160-af68-c339f970a640,2026-08-01T03:00:00Z,2026-08-01T05:00:00+0200,37.731,MW,NL,NL,actual_offshore_wind_generation,Wind Offshore | Actual Consumption,2026-08-07T04:53:21Z
2026-08-07T04:50:48Z,2026-08-07T06:50:48+0200,9de41e72-ad84-4160-af68-c339f970a640,2026-08-01T03:15:00Z,2026-08-01T05:15:00+0200,15.816,MW,NL,NL,actual_offshore_wind_generation,Wind Offshore | Actual Aggregated,2026-08-07T04:53:21Z
2026-08-07T04:50:48Z,2026-08-07T06:50:48+0200,9de41e72-ad84-4160-af68-c339f970a640,2026-08-01T03:15:00Z,2026-08-01T05:15:00+0200,36.915,MW,NL,NL,actual_offshore_wind_generation,Wind Offshore | Actual Consumption,2026-08-07T04:53:21Z
2026-08-07T04:50:48Z,2026-08-07T06:50:48+0200,9de41e72-ad84-4160-af68-c339f970a640,2026-08-01T03:30:00Z,2026-08-01T05:30:00+0200,19.993,MW,NL,NL,actual_offshore_wind_generation,Wind Offshore | Actual Aggregated,2026-08-07T04:53:21Z
2026-08-07T04:50:48Z,2026-08-07T06:50:48+0200,9de41e72-ad84-4160-af68-c339f970a640,2026-08-01T03:30:00Z,2026-08-01T05:30:00+0200,36.657,MW,NL,NL,actual_offshore_wind_generation,Wind Offshore | Actual Consumption,2026-08-07T04:53:21Z
2026-08-07T04:50:48Z,2026-08-07T06:50:48+0200,9de41e72-ad84-4160-af68-c339f970a640,2026-08-01T03:45:00Z,2026-08-01T05:45:00+0200,24.783,MW,NL,NL,actual_offshore_wind_generation,Wind Offshore | Actual Aggregated,2026-08-07T04:53:21Z
2026-08-07T04:50:48Z,2026-08-07T06:50:48+0200,9de41e72-ad84-4160-af68-c339f970a640,2026-08-01T03:45:00Z,2026-08-01T05:45:00+0200,36.858,MW,NL,NL,actual_offshore_wind_generation,Wind Offshore | Actual Consumption,2026-08-07T04:53:21Z
2026-08-07T04:50:48Z,2026-08-07T06:50:48+0200,9de41e72-ad84-4160-af68-c339f970a640,2026-08-01T04:00:00Z,2026-08-01T06:00:00+0200,26.008,MW,NL,NL,actual_offshore_wind_generation,Wind Offshore | Actual Aggregated,2026-08-07T04:53:21Z
2026-08-07T04:50:48Z,2026-08-07T06:50:48+0200,9de41e72-ad84-4160-af68-c339f970a640,2026-08-01T04:00:00Z,2026-08-01T06:00:00+0200,36.872,MW,NL,NL,actual_offshore_wind_generation,Wind Offshore | Actual Consumption,2026-08-07T04:53:21Z
2026-08-07T04:50:48Z,2026-08-07T06:50:48+0200,9de41e72-ad84-4160-af68-c339f970a640,2026-08-01T04:15:00Z,2026-08-01T06:15:00+0200,20.049,MW,NL,NL,actual_offshore_wind_generation,Wind Offshore | Actual Aggregated,2026-08-07T04:53:21Z
2026-08-07T04:50:48Z,2026-08-07T06:50:48+0200,9de41e72-ad84-4160-af68-c339f970a640,2026-08-01T04:15:00Z,2026-08-01T06:15:00+0200,37.088,MW,NL,NL,actual_offshore_wind_generation,Wind Offshore | Actual Consumption,2026-08-07T04:53:21Z
2026-08-07T04:50:48Z,2026-08-07T06:50:48+0200,9de41e72-ad84-4160-af68-c339f970a640,2026-08-01T04:30:00Z,2026-08-01T06:30:00+0200,16.986,MW,NL,NL,actual_offshore_wind_generation,Wind Offshore | Actual Aggregated,2026-08-07T04:53:21Z
2026-08-07T04:50:48Z,2026-08-07T06:50:48+0200,9de41e72-ad84-4160-af68-c339f970a640,2026-08-01T04:30:00Z,2026-08-01T06:30:00+0200,37.153,MW,NL,NL,actual_offshore_wind_generation,Wind Offshore | Actual Consumption,2026-08-07T04:53:21Z
2026-08-07T04:50:48Z,2026-08-07T06:50:48+0200,9de41e72-ad84-4160-af68-c339f970a640,2026-08-01T04:45:00Z,2026-08-01T06:45:00+0200,14.87,MW,NL,NL,actual_offshore_wind_generation,Wind Offshore | Actual Aggregated,2026-08-07T04:53:21Z
2026-08-07T04:50:48Z,2026-08-07T06:50:48+0200,9de41e72-ad84-4160-af68-c339f970a640,2026-08-01T04:45:00Z,2026-08-01T06:45:00+0200,37.509,MW,NL,NL,actual_offshore_wind_generation,Wind Offshore | Actual Consumption,2026-08-07T04:53:21Z
2026-08-07T04:50:48Z,2026-08-07T06:50:48+0200,9de41e72-ad84-4160-af68-c339f970a640,2026-08-01T05:00:00Z,2026-08-01T07:00:00+0200,13.255,MW,NL,NL,actual_offshore_wind_generation,Wind Offshore | Actual Aggregated,2026-08-07T04:53:21Z
2026-08-07T04:50:48Z,2026-08-07T06:50:48+0200,9de41e72-ad84-4160-af68-c339f970a640,2026-08-01T05:00:00Z,2026-08-01T07:00:00+0200,37.764,MW,NL,NL,actual_offshore_wind_generation,Wind Offshore | Actual Consumption,2026-08-07T04:53:21Z
2026-08-07T04:50:48Z,2026-08-07T06:50:48+0200,9de41e72-ad84-4160-af68-c339f970a640,2026-08-01T05:15:00Z,2026-08-01T07:15:00+0200,12.475,MW,NL,NL,actual_offshore_wind_generation,Wind Offshore | Actual Aggregated,2026-08-07T04:53:21Z
2026-08-07T04:50:48Z,2026-08-07T06:50:48+0200,9de41e72-ad84-4160-af68-c339f970a640,2026-08-01T05:15:00Z,2026-08-01T07:15:00+0200,37.617,MW,NL,NL,actual_offshore_wind_generation,Wind Offshore | Actual Consumption,2026-08-07T04:53:21Z
2026-08-07T04:50:48Z,2026-08-07T06:50:48+0200,9de41e72-ad84-4160-af68-c339f970a640,2026-08-01T05:30:00Z,2026-08-01T07:30:00+0200,5.625,MW,NL,NL,actual_offshore_wind_generation,Wind Offshore | Actual Aggregated,2026-08-07T04:53:21Z
2026-08-07T04:50:48Z,2026-08-07T06:50:48+0200,9de41e72-ad84-4160-af68-c339f970a640,2026-08-01T05:30:00Z,2026-08-01T07:30:00+0200,38.191,MW,NL,NL,actual_offshore_wind_generation,Wind Offshore | Actual Consumption,2026-08-07T04:53:21Z
2026-08-07T04:50:48Z,2026-08-07T06:50:48+0200,9de41e72-ad84-4160-af68-c339f970a640,2026-08-01T05:45:00Z,2026-08-01T07:45:00+0200,3.787,MW,NL,NL,actual_offshore_wind_generation,Wind Offshore | Actual Aggregated,2026-08-07T04:53:21Z
2026-08-07T04:50:48Z,2026-08-07T06:50:48+0200,9de41e72-ad84-4160-af68-c339f970a640,2026-08-01T05:45:00Z,2026-08-01T07:45:00+0200,37.293,MW,NL,NL,actual_offshore_wind_generation,Wind Offshore | Actual Consumption,2026-08-07T04:53:21Z
2026-08-07T04:50:48Z,2026-08-07T06:50:48+0200,9de41e72-ad84-4160-af68-c339f970a640,2026-08-01T06:00:00Z,2026-08-01T08:00:00+0200,4.233,MW,NL,NL,actual_offshore_wind_generation,Wind Offshore | Actual Aggregated,2026-08-07T04:53:21Z
2026-08-07T04:50:48Z,2026-08-07T06:50:48+0200,9de41e72-ad84-4160-af68-c339f970a640,2026-08-01T06:00:00Z,2026-08-01T08:00:00+0200,36.952,MW,NL,NL,actual_offshore_wind_generation,Wind Offshore | Actual Consumption,2026-08-07T04:53:21Z
2026-08-07T04:50:48Z,2026-08-07T06:50:48+0200,9de41e72-ad84-4160-af68-c339f970a640,2026-08-01T06:15:00Z,2026-08-01T08:15:00+0200,2.751,MW,NL,NL,actual_offshore_wind_generation,Wind Offshore | Actual Aggregated,2026-08-07T04:53:21Z
2026-08-07T04:50:48Z,2026-08-07T06:50:48+0200,9de41e72-ad84-4160-af68-c339f970a640,2026-08-01T06:15:00Z,2026-08-01T08:15:00+0200,37.169,MW,NL,NL,actual_offshore_wind_generation,Wind Offshore | Actual Consumption,2026-08-07T04:53:21Z
2026-08-07T04:50:48Z,2026-08-07T06:50:48+0200,9de41e72-ad84-4160-af68-c339f970a640,2026-08-01T06:30:00Z,2026-08-01T08:30:00+0200,0.074,MW,NL,NL,actual_offshore_wind_generation,Wind Offshore | Actual Aggregated,2026-08-07T04:53:21Z
2026-08-07T04:50:48Z,2026-08-07T06:50:48+0200,9de41e72-ad84-4160-af68-c339f970a640,2026-08-01T06:30:00Z,2026-08-01T08:30:00+0200,38.886,MW,NL,NL,actual_offshore_wind_generation,Wind Offshore | Actual Consumption,2026-08-07T04:53:21Z
2026-08-07T04:50:48Z,2026-08-07T06:50:48+0200,9de41e72-ad84-4160-af68-c339f970a640,2026-08-01T06:45:00Z,2026-08-01T08:45:00+0200,1.402,MW,NL,NL,actual_offshore_wind_generation,Wind Offshore | Actual Aggregated,2026-08-07T04:53:21Z
2026-08-07T04:50:48Z,2026-08-07T06:50:48+0200,9de41e72-ad84-4160-af68-c339f970a640,2026-08-01T06:45:00Z,2026-08-01T08:45:00+0200,39.941,MW,NL,NL,actual_offshore_wind_generation,Wind Offshore | Actual Consumption,2026-08-07T04:53:21Z
2026-08-07T04:50:48Z,2026-08-07T06:50:48+0200,9de41e72-ad84-4160-af68-c339f970a640,2026-08-01T07:00:00Z,2026-08-01T09:00:00+0200,2.714,MW,NL,NL,actual_offshore_wind_generation,Wind Offshore | Actual Aggregated,2026-08-07T04:53:21Z
2026-08-07T04:50:48Z,2026-08-07T06:50:48+0200,9de41e72-ad84-4160-af68-c339f970a640,2026-08-01T07:00:00Z,2026-08-01T09:00:00+0200,37.06,MW,NL,NL,actual_offshore_wind_generation,Wind Offshore | Actual Consumption,2026-08-07T04:53:21Z
2026-08-07T04:50:48Z,2026-08-07T06:50:48+0200,9de41e72-ad84-4160-af68-c339f970a640,2026-08-01T07:15:00Z,2026-08-01T09:15:00+0200,6.499,MW,NL,NL,actual_offshore_wind_generation,Wind Offshore | Actual Aggregated,2026-08-07T04:53:21Z
2026-08-07T04:50:48Z,2026-08-07T06:50:48+0200,9de41e72-ad84-4160-af68-c339f970a640,2026-08-01T07:15:00Z,2026-08-01T09:15:00+0200,35.325,MW,NL,NL,actual_offshore_wind_generation,Wind Offshore | Actual Consumption,2026-08-07T04:53:21Z
2026-08-07T04:50:48Z,2026-08-07T06:50:48+0200,9de41e72-ad84-4160-af68-c339f970a640,2026-08-01T07:30:00Z,2026-08-01T09:30:00+0200,3.185,MW,NL,NL,actual_offshore_wind_generation,Wind Offshore | Actual Aggregated,2026-08-07T04:53:21Z
2026-08-07T04:50:48Z,2026-08-07T06:50:48+0200,9de41e72-ad84-4160-af68-c339f970a640,2026-08-01T07:30:00Z,2026-08-01T09:30:00+0200,34.325,MW,NL,NL,actual_offshore_wind_generation,Wind Offshore | Actual Consumption,2026-08-07T04:53:21Z
2026-08-07T04:50:48Z,2026-08-07T06:50:48+0200,9de41e72-ad84-4160-af68-c339f970a640,2026-08-01T07:45:00Z,2026-08-01T09:45:00+0200,1.96,MW,NL,NL,actual_offshore_wind_generation,Wind Offshore | Actual Aggregated,2026-08-07T04:53:21Z
2026-08-07T04:50:48Z,2026-08-07T06:50:48+0200,9de41e72-ad84-4160-af68-c339f970a640,2026-08-01T07:45:00Z,2026-08-01T09:45:00+0200,35.775,MW,NL,NL,actual_offshore_wind_generation,Wind Offshore | Actual Consumption,2026-08-07T04:53:21Z
2026-08-07T04:50:48Z,2026-08-07T06:50:48+0200,9de41e72-ad84-4160-af68-c339f970a640,2026-08-01T08:00:00Z,2026-08-01T10:00:00+0200,2.294,MW,NL,NL,actual_offshore_wind_generation,Wind Offshore | Actual Aggregated,2026-08-07T04:53:21Z
2026-08-07T04:50:48Z,2026-08-07T06:50:48+0200,9de41e72-ad84-4160-af68-c339f970a640,2026-08-01T08:00:00Z,2026-08-01T10:00:00+0200,35.768,MW,NL,NL,actual_offshore_wind_generation,Wind Offshore | Actual Consumption,2026-08-07T04:53:21Z
2026-08-07T04:50:48Z,2026-08-07T06:50:48+0200,9de41e72-ad84-4160-af68-c339f970a640,2026-08-01T08:15:00Z,2026-08-01T10:15:00+0200,5.1,MW,NL,NL,actual_offshore_wind_generation,Wind Offshore | Actual Aggregated,2026-08-07T04:53:21Z
2026-08-07T04:50:48Z,2026-08-07T06:50:48+0200,9de41e72-ad84-4160-af68-c339f970a640,2026-08-01T08:15:00Z,2026-08-01T10:15:00+0200,35.104,MW,NL,NL,actual_offshore_wind_generation,Wind Offshore | Actual Consumption,2026-08-07T04:53:21Z
2026-08-07T04:50:48Z,2026-08-07T06:50:48+0200,9de41e72-ad84-4160-af68-c339f970a640,2026-08-01T08:30:00Z,2026-08-01T10:30:00+0200,14.831,MW,NL,NL,actual_offshore_wind_generation,Wind Offshore | Actual Aggregated,2026-08-07T04:53:21Z
2026-08-07T04:50:48Z,2026-08-07T06:50:48+0200,9de41e72-ad84-4160-af68-c339f970a640,2026-08-01T08:30:00Z,2026-08-01T10:30:00+0200,33.809,MW,NL,NL,actual_offshore_wind_generation,Wind Offshore | Actual Consumption,2026-08-07T04:53:21Z
2026-08-07T04:50:48Z,2026-08-07T06:50:48+0200,9de41e72-ad84-4160-af68-c339f970a640,2026-08-01T08:45:00Z,2026-08-01T10:45:00+0200,25.091,MW,NL,NL,actual_offshore_wind_generation,Wind Offshore | Actual Aggregated,2026-08-07T04:53:21Z
2026-08-07T04:50:48Z,2026-08-07T06:50:48+0200,9de41e72-ad84-4160-af68-c339f970a640,2026-08-01T08:45:00Z,2026-08-01T10:45:00+0200,32.5,MW,NL,NL,actual_offshore_wind_generation,Wind Offshore | Actual Consumption,2026-08-07T04:53:21Z
2026-08-07T04:50:48Z,2026-08-07T06:50:48+0200,9de41e72-ad84-4160-af68-c339f970a640,2026-08-01T09:00:00Z,2026-08-01T11:00:00+0200,30.48,MW,NL,NL,actual_offshore_wind_generation,Wind Offshore | Actual Aggregated,2026-08-07T04:53:21Z
2026-08-07T04:50:48Z,2026-08-07T06:50:48+0200,9de41e72-ad84-4160-af68-c339f970a640,2026-08-01T09:00:00Z,2026-08-01T11:00:00+0200,32.258,MW,NL,NL,actual_offshore_wind_generation,Wind Offshore | Actual Consumption,2026-08-07T04:53:21Z
2026-08-07T04:50:48Z,2026-08-07T06:50:48+0200,9de41e72-ad84-4160-af68-c339f970a640,2026-08-01T09:15:00Z,2026-08-01T11:15:00+0200,33.239,MW,NL,NL,actual_offshore_wind_generation,Wind Offshore | Actual Aggregated,2026-08-07T04:53:21Z
2026-08-07T04:50:48Z,2026-08-07T06:50:48+0200,9de41e72-ad84-4160-af68-c339f970a640,2026-08-01T09:15:00Z,2026-08-01T11:15:00+0200,31.531,MW,NL,NL,actual_offshore_wind_generation,Wind Offshore | Actual Consumption,2026-08-07T04:53:21Z
2026-08-07T04:50:48Z,2026-08-07T06:50:48+0200,9de41e72-ad84-4160-af68-c339f970a640,2026-08-01T09:30:00Z,2026-08-01T11:30:00+0200,54.539,MW,NL,NL,actual_offshore_wind_generation,Wind Offshore | Actual Aggregated,2026-08-07T04:53:21Z
2026-08-07T04:50:48Z,2026-08-07T06:50:48+0200,9de41e72-ad84-4160-af68-c339f970a640,2026-08-01T09:30:00Z,2026-08-01T11:30:00+0200,28.481,MW,NL,NL,actual_offshore_wind_generation,Wind Offshore | Actual Consumption,2026-08-07T04:53:21Z
2026-08-07T04:50:48Z,2026-08-07T06:50:48+0200,9de41e72-ad84-4160-af68-c339f970a640,2026-08-01T09:45:00Z,2026-08-01T11:45:00+0200,85.561,MW,NL,NL,actual_offshore_wind_generation,Wind Offshore | Actual Aggregated,2026-08-07T04:53:21Z
2026-08-07T04:50:48Z,2026-08-07T06:50:48+0200,9de41e72-ad84-4160-af68-c339f970a640,2026-08-01T09:45:00Z,2026-08-01T11:45:00+0200,25.821,MW,NL,NL,actual_offshore_wind_generation,Wind Offshore | Actual Consumption,2026-08-07T04:53:21Z
2026-08-07T04:50:48Z,2026-08-07T06:50:48+0200,9de41e72-ad84-4160-af68-c339f970a640,2026-08-01T10:00:00Z,2026-08-01T12:00:00+0200,99.923,MW,NL,NL,actual_offshore_wind_generation,Wind Offshore | Actual Aggregated,2026-08-07T04:53:21Z
2026-08-07T04:50:48Z,2026-08-07T06:50:48+0200,9de41e72-ad84-4160-af68-c339f970a640,2026-08-01T10:00:00Z,2026-08-01T12:00:00+0200,24.72,MW,NL,NL,actual_offshore_wind_generation,Wind Offshore | Actual Consumption,2026-08-07T04:53:21Z
2026-08-07T04:50:48Z,2026-08-07T06:50:48+0200,9de41e72-ad84-4160-af68-c339f970a640,2026-08-01T10:15:00Z,2026-08-01T12:15:00+0200,104.886,MW,NL,NL,actual_offshore_wind_generation,Wind Offshore | Actual Aggregated,2026-08-07T04:53:21Z
2026-08-07T04:50:48Z,2026-08-07T06:50:48+0200,9de41e72-ad84-4160-af68-c339f970a640,2026-08-01T10:15:00Z,2026-08-01T12:15:00+0200,24.887,MW,NL,NL,actual_offshore_wind_generation,Wind Offshore | Actual Consumption,2026-08-07T04:53:21Z
2026-08-07T04:50:48Z,2026-08-07T06:50:48+0200,9de41e72-ad84-4160-af68-c339f970a640,2026-08-01T10:30:00Z,2026-08-01T12:30:00+0200,111.478,MW,NL,NL,actual_offshore_wind_generation,Wind Offshore | Actual Aggregated,2026-08-07T04:53:21Z
2026-08-07T04:50:48Z,2026-08-07T06:50:48+0200,9de41e72-ad84-4160-af68-c339f970a640,2026-08-01T10:30:00Z,2026-08-01T12:30:00+0200,24.859,MW,NL,NL,actual_offshore_wind_generation,Wind Offshore | Actual Consumption,2026-08-07T04:53:21Z
2026-08-07T04:50:48Z,2026-08-07T06:50:48+0200,9de41e72-ad84-4160-af68-c339f970a640,2026-08-01T10:45:00Z,2026-08-01T12:45:00+0200,109.724,MW,NL,NL,actual_offshore_wind_generation,Wind Offshore | Actual Aggregated,2026-08-07T04:53:21Z
2026-08-07T04:50:48Z,2026-08-07T06:50:48+0200,9de41e72-ad84-4160-af68-c339f970a640,2026-08-01T10:45:00Z,2026-08-01T12:45:00+0200,26.44,MW,NL,NL,actual_offshore_wind_generation,Wind Offshore | Actual Consumption,2026-08-07T04:53:21Z
2026-08-07T04:50:48Z,2026-08-07T06:50:48+0200,9de41e72-ad84-4160-af68-c339f970a640,2026-08-01T11:00:00Z,2026-08-01T13:00:00+0200,97.821,MW,NL,NL,actual_offshore_wind_generation,Wind Offshore | Actual Aggregated,2026-08-07T04:53:21Z
2026-08-07T04:50:48Z,2026-08-07T06:50:48+0200,9de41e72-ad84-4160-af68-c339f970a640,2026-08-01T11:00:00Z,2026-08-01T13:00:00+0200,30.942,MW,NL,NL,actual_offshore_wind_generation,Wind Offshore | Actual Consumption,2026-08-07T04:53:21Z
2026-08-07T04:50:48Z,2026-08-07T06:50:48+0200,9de41e72-ad84-4160-af68-c339f970a640,2026-08-01T11:15:00Z,2026-08-01T13:15:00+0200,136.672,MW,NL,NL,actual_offshore_wind_generation,Wind Offshore | Actual Aggregated,2026-08-07T04:53:21Z
2026-08-07T04:50:48Z,2026-08-07T06:50:48+0200,9de41e72-ad84-4160-af68-c339f970a640,2026-08-01T11:15:00Z,2026-08-01T13:15:00+0200,35.117,MW,NL,NL,actual_offshore_wind_generation,Wind Offshore | Actual Consumption,2026-08-07T04:53:21Z
2026-08-07T04:50:48Z,2026-08-07T06:50:48+0200,9de41e72-ad84-4160-af68-c339f970a640,2026-08-01T11:30:00Z,2026-08-01T13:30:00+0200,225.78,MW,NL,NL,actual_offshore_wind_generation,Wind Offshore | Actual Aggregated,2026-08-07T04:53:21Z
2026-08-07T04:50:48Z,2026-08-07T06:50:48+0200,9de41e72-ad84-4160-af68-c339f970a640,2026-08-01T11:30:00Z,2026-08-01T13:30:00+0200,36.201,MW,NL,NL,actual_offshore_wind_generation,Wind Offshore | Actual Consumption,2026-08-07T04:53:21Z
2026-08-07T04:50:48Z,2026-08-07T06:50:48+0200,9de41e72-ad84-4160-af68-c339f970a640,2026-08-01T11:45:00Z,2026-08-01T13:45:00+0200,222.232,MW,NL,NL,actual_offshore_wind_generation,Wind Offshore | Actual Aggregated,2026-08-07T04:53:21Z
2026-08-07T04:50:48Z,2026-08-07T06:50:48+0200,9de41e72-ad84-4160-af68-c339f970a640,2026-08-01T11:45:00Z,2026-08-01T13:45:00+0200,35.662,MW,NL,NL,actual_offshore_wind_generation,Wind Offshore | Actual Consumption,2026-08-07T04:53:21Z
2026-08-07T04:50:48Z,2026-08-07T06:50:48+0200,9de41e72-ad84-4160-af68-c339f970a640,2026-08-01T12:00:00Z,2026-08-01T14:00:00+0200,212.283,MW,NL,NL,actual_offshore_wind_generation,Wind Offshore | Actual Aggregated,2026-08-07T04:53:21Z
2026-08-07T04:50:48Z,2026-08-07T06:50:48+0200,9de41e72-ad84-4160-af68-c339f970a640,2026-08-01T12:00:00Z,2026-08-01T14:00:00+0200,34.308,MW,NL,NL,actual_offshore_wind_generation,Wind Offshore | Actual Consumption,2026-08-07T04:53:21Z
2026-08-07T04:50:48Z,2026-08-07T06:50:48+0200,9de41e72-ad84-4160-af68-c339f970a640,2026-08-01T12:15:00Z,2026-08-01T14:15:00+0200,167.583,MW,NL,NL,actual_offshore_wind_generation,Wind Offshore | Actual Aggregated,2026-08-07T04:53:21Z
2026-08-07T04:50:48Z,2026-08-07T06:50:48+0200,9de41e72-ad84-4160-af68-c339f970a640,2026-08-01T12:15:00Z,2026-08-01T14:15:00+0200,33.106,MW,NL,NL,actual_offshore_wind_generation,Wind Offshore | Actual Consumption,2026-08-07T04:53:21Z
2026-08-07T04:50:48Z,2026-08-07T06:50:48+0200,9de41e72-ad84-4160-af68-c339f970a640,2026-08-01T12:30:00Z,2026-08-01T14:30:00+0200,133.785,MW,NL,NL,actual_offshore_wind_generation,Wind Offshore | Actual Aggregated,2026-08-07T04:53:21Z
2026-08-07T04:50:48Z,2026-08-07T06:50:48+0200,9de41e72-ad84-4160-af68-c339f970a640,2026-08-01T12:30:00Z,2026-08-01T14:30:00+0200,34.953,MW,NL,NL,actual_offshore_wind_generation,Wind Offshore | Actual Consumption,2026-08-07T04:53:21Z
2026-08-07T04:50:48Z,2026-08-07T06:50:48+0200,9de41e72-ad84-4160-af68-c339f970a640,2026-08-01T12:45:00Z,2026-08-01T14:45:00+0200,105.395,MW,NL,NL,actual_offshore_wind_generation,Wind Offshore | Actual Aggregated,2026-08-07T04:53:21Z
2026-08-07T04:50:48Z,2026-08-07T06:50:48+0200,9de41e72-ad84-4160-af68-c339f970a640,2026-08-01T12:45:00Z,2026-08-01T14:45:00+0200,31.466,MW,NL,NL,actual_offshore_wind_generation,Wind Offshore | Actual Consumption,2026-08-07T04:53:21Z
2026-08-07T04:50:48Z,2026-08-07T06:50:48+0200,9de41e72-ad84-4160-af68-c339f970a640,2026-08-01T13:00:00Z,2026-08-01T15:00:00+0200,103.149,MW,NL,NL,actual_offshore_wind_generation,Wind Offshore | Actual Aggregated,2026-08-07T04:53:21Z
2026-08-07T04:50:48Z,2026-08-07T06:50:48+0200,9de41e72-ad84-4160-af68-c339f970a640,2026-08-01T13:00:00Z,2026-08-01T15:00:00+0200,31.915,MW,NL,NL,actual_offshore_wind_generation,Wind Offshore | Actual Consumption,2026-08-07T04:53:21Z
2026-08-07T04:50:48Z,2026-08-07T06:50:48+0200,9de41e72-ad84-4160-af68-c339f970a640,2026-08-01T13:15:00Z,2026-08-01T15:15:00+0200,101.238,MW,NL,NL,actual_offshore_wind_generation,Wind Offshore | Actual Aggregated,2026-08-07T04:53:21Z
2026-08-07T04:50:48Z,2026-08-07T06:50:48+0200,9de41e72-ad84-4160-af68-c339f970a640,2026-08-01T13:15:00Z,2026-08-01T15:15:00+0200,34.663,MW,NL,NL,actual_offshore_wind_generation,Wind Offshore | Actual Consumption,2026-08-07T04:53:21Z
2026-08-07T04:50:48Z,2026-08-07T06:50:48+0200,9de41e72-ad84-4160-af68-c339f970a640,2026-08-01T13:30:00Z,2026-08-01T15:30:00+0200,101.18,MW,NL,NL,actual_offshore_wind_generation,Wind Offshore | Actual Aggregated,2026-08-07T04:53:21Z
2026-08-07T04:50:48Z,2026-08-07T06:50:48+0200,9de41e72-ad84-4160-af68-c339f970a640,2026-08-01T13:30:00Z,2026-08-01T15:30:00+0200,36.511,MW,NL,NL,actual_offshore_wind_generation,Wind Offshore | Actual Consumption,2026-08-07T04:53:21Z
2026-08-07T04:50:48Z,2026-08-07T06:50:48+0200,9de41e72-ad84-4160-af68-c339f970a640,2026-08-01T13:45:00Z,2026-08-01T15:45:00+0200,112.446,MW,NL,NL,actual_offshore_wind_generation,Wind Offshore | Actual Aggregated,2026-08-07T04:53:21Z
2026-08-07T04:50:48Z,2026-08-07T06:50:48+0200,9de41e72-ad84-4160-af68-c339f970a640,2026-08-01T13:45:00Z,2026-08-01T15:45:00+0200,35.594,MW,NL,NL,actual_offshore_wind_generation,Wind Offshore | Actual Consumption,2026-08-07T04:53:21Z
2026-08-07T04:50:48Z,2026-08-07T06:50:48+0200,9de41e72-ad84-4160-af68-c339f970a640,2026-08-01T14:00:00Z,2026-08-01T16:00:00+0200,112.724,MW,NL,NL,actual_offshore_wind_generation,Wind Offshore | Actual Aggregated,2026-08-07T04:53:21Z
2026-08-07T04:50:48Z,2026-08-07T06:50:48+0200,9de41e72-ad84-4160-af68-c339f970a640,2026-08-01T14:00:00Z,2026-08-01T16:00:00+0200,37.013,MW,NL,NL,actual_offshore_wind_generation,Wind Offshore | Actual Consumption,2026-08-07T04:53:21Z
2026-08-07T04:50:48Z,2026-08-07T06:50:48+0200,9de41e72-ad84-4160-af68-c339f970a640,2026-08-01T14:15:00Z,2026-08-01T16:15:00+0200,99.753,MW,NL,NL,actual_offshore_wind_generation,Wind Offshore | Actual Aggregated,2026-08-07T04:53:21Z
2026-08-07T04:50:48Z,2026-08-07T06:50:48+0200,9de41e72-ad84-4160-af68-c339f970a640,2026-08-01T14:15:00Z,2026-08-01T16:15:00+0200,37.505,MW,NL,NL,actual_offshore_wind_generation,Wind Offshore | Actual Consumption,2026-08-07T04:53:21Z
2026-08-07T04:50:48Z,2026-08-07T06:50:48+0200,9de41e72-ad84-4160-af68-c339f970a640,2026-08-01T14:30:00Z,2026-08-01T16:30:00+0200,95.633,MW,NL,NL,actual_offshore_wind_generation,Wind Offshore | Actual Aggregated,2026-08-07T04:53:21Z
2026-08-07T04:50:48Z,2026-08-07T06:50:48+0200,9de41e72-ad84-4160-af68-c339f970a640,2026-08-01T14:30:00Z,2026-08-01T16:30:00+0200,35.698,MW,NL,NL,actual_offshore_wind_generation,Wind Offshore | Actual Consumption,2026-08-07T04:53:21Z
2026-08-07T04:50:48Z,2026-08-07T06:50:48+0200,9de41e72-ad84-4160-af68-c339f970a640,2026-08-01T14:45:00Z,2026-08-01T16:45:00+0200,95.219,MW,NL,NL,actual_offshore_wind_generation,Wind Offshore | Actual Aggregated,2026-08-07T04:53:21Z
2026-08-07T04:50:48Z,2026-08-07T06:50:48+0200,9de41e72-ad84-4160-af68-c339f970a640,2026-08-01T14:45:00Z,2026-08-01T16:45:00+0200,32.978,MW,NL,NL,actual_offshore_wind_generation,Wind Offshore | Actual Consumption,2026-08-07T04:53:21Z
2026-08-07T04:50:48Z,2026-08-07T06:50:48+0200,9de41e72-ad84-4160-af68-c339f970a640,2026-08-01T15:00:00Z,2026-08-01T17:00:00+0200,80.214,MW,NL,NL,actual_offshore_wind_generation,Wind Offshore | Actual Aggregated,2026-08-07T04:53:21Z
2026-08-07T04:50:48Z,2026-08-07T06:50:48+0200,9de41e72-ad84-4160-af68-c339f970a640,2026-08-01T15:00:00Z,2026-08-01T17:00:00+0200,29.983,MW,NL,NL,actual_offshore_wind_generation,Wind Offshore | Actual Consumption,2026-08-07T04:53:21Z
2026-08-07T04:50:48Z,2026-08-07T06:50:48+0200,9de41e72-ad84-4160-af68-c339f970a640,2026-08-01T15:15:00Z,2026-08-01T17:15:00+0200,81.88,MW,NL,NL,actual_offshore_wind_generation,Wind Offshore | Actual Aggregated,2026-08-07T04:53:21Z
2026-08-07T04:50:48Z,2026-08-07T06:50:48+0200,9de41e72-ad84-4160-af68-c339f970a640,2026-08-01T15:15:00Z,2026-08-01T17:15:00+0200,28.745,MW,NL,NL,actual_offshore_wind_generation,Wind Offshore | Actual Consumption,2026-08-07T04:53:21Z
2026-08-07T04:50:48Z,2026-08-07T06:50:48+0200,9de41e72-ad84-4160-af68-c339f970a640,2026-08-01T15:30:00Z,2026-08-01T17:30:00+0200,95.86,MW,NL,NL,actual_offshore_wind_generation,Wind Offshore | Actual Aggregated,2026-08-07T04:53:21Z
2026-08-07T04:50:48Z,2026-08-07T06:50:48+0200,9de41e72-ad84-4160-af68-c339f970a640,2026-08-01T15:30:00Z,2026-08-01T17:30:00+0200,27.005,MW,NL,NL,actual_offshore_wind_generation,Wind Offshore | Actual Consumption,2026-08-07T04:53:21Z
2026-08-07T04:50:48Z,2026-08-07T06:50:48+0200,9de41e72-ad84-4160-af68-c339f970a640,2026-08-01T15:45:00Z,2026-08-01T17:45:00+0200,96.895,MW,NL,NL,actual_offshore_wind_generation,Wind Offshore | Actual Aggregated,2026-08-07T04:53:21Z
2026-08-07T04:50:48Z,2026-08-07T06:50:48+0200,9de41e72-ad84-4160-af68-c339f970a640,2026-08-01T15:45:00Z,2026-08-01T17:45:00+0200,25.058,MW,NL,NL,actual_offshore_wind_generation,Wind Offshore | Actual Consumption,2026-08-07T04:53:21Z
2026-08-07T04:50:48Z,2026-08-07T06:50:48+0200,9de41e72-ad84-4160-af68-c339f970a640,2026-08-01T16:00:00Z,2026-08-01T18:00:00+0200,89.11,MW,NL,NL,actual_offshore_wind_generation,Wind Offshore | Actual Aggregated,2026-08-07T04:53:21Z
2026-08-07T04:50:48Z,2026-08-07T06:50:48+0200,9de41e72-ad84-4160-af68-c339f970a640,2026-08-01T16:00:00Z,2026-08-01T18:00:00+0200,24.336,MW,NL,NL,actual_offshore_wind_generation,Wind Offshore | Actual Consumption,2026-08-07T04:53:21Z
2026-08-07T04:50:48Z,2026-08-07T06:50:48+0200,9de41e72-ad84-4160-af68-c339f970a640,2026-08-01T16:15:00Z,2026-08-01T18:15:00+0200,80.796,MW,NL,NL,actual_offshore_wind_generation,Wind Offshore | Actual Aggregated,2026-08-07T04:53:21Z
2026-08-07T04:50:48Z,2026-08-07T06:50:48+0200,9de41e72-ad84-4160-af68-c339f970a640,2026-08-01T16:15:00Z,2026-08-01T18:15:00+0200,27.537,MW,NL,NL,actual_offshore_wind_generation,Wind Offshore | Actual Consumption,2026-08-07T04:53:21Z
2026-08-07T04:50:48Z,2026-08-07T06:50:48+0200,9de41e72-ad84-4160-af68-c339f970a640,2026-08-01T16:30:00Z,2026-08-01T18:30:00+0200,74.375,MW,NL,NL,actual_offshore_wind_generation,Wind Offshore | Actual Aggregated,2026-08-07T04:53:21Z
2026-08-07T04:50:48Z,2026-08-07T06:50:48+0200,9de41e72-ad84-4160-af68-c339f970a640,2026-08-01T16:30:00Z,2026-08-01T18:30:00+0200,28.559,MW,NL,NL,actual_offshore_wind_generation,Wind Offshore | Actual Consumption,2026-08-07T04:53:21Z
2026-08-07T04:50:48Z,2026-08-07T06:50:48+0200,9de41e72-ad84-4160-af68-c339f970a640,2026-08-01T16:45:00Z,2026-08-01T18:45:00+0200,68.767,MW,NL,NL,actual_offshore_wind_generation,Wind Offshore | Actual Aggregated,2026-08-07T04:53:21Z
2026-08-07T04:50:48Z,2026-08-07T06:50:48+0200,9de41e72-ad84-4160-af68-c339f970a640,2026-08-01T16:45:00Z,2026-08-01T18:45:00+0200,29.064,MW,NL,NL,actual_offshore_wind_generation,Wind Offshore | Actual Consumption,2026-08-07T04:53:21Z
2026-08-07T04:50:48Z,2026-08-07T06:50:48+0200,9de41e72-ad84-4160-af68-c339f970a640,2026-08-01T17:00:00Z,2026-08-01T19:00:00+0200,62.081,MW,NL,NL,actual_offshore_wind_generation,Wind Offshore | Actual Aggregated,2026-08-07T04:53:21Z
2026-08-07T04:50:48Z,2026-08-07T06:50:48+0200,9de41e72-ad84-4160-af68-c339f970a640,2026-08-01T17:00:00Z,2026-08-01T19:00:00+0200,29.314,MW,NL,NL,actual_offshore_wind_generation,Wind Offshore | Actual Consumption,2026-08-07T04:53:21Z
2026-08-07T04:50:48Z,2026-08-07T06:50:48+0200,9de41e72-ad84-4160-af68-c339f970a640,2026-08-01T17:15:00Z,2026-08-01T19:15:00+0200,56.167,MW,NL,NL,actual_offshore_wind_generation,Wind Offshore | Actual Aggregated,2026-08-07T04:53:21Z
2026-08-07T04:50:48Z,2026-08-07T06:50:48+0200,9de41e72-ad84-4160-af68-c339f970a640,2026-08-01T17:15:00Z,2026-08-01T19:15:00+0200,29.912,MW,NL,NL,actual_offshore_wind_generation,Wind Offshore | Actual Consumption,2026-08-07T04:53:21Z
2026-08-07T04:50:48Z,2026-08-07T06:50:48+0200,9de41e72-ad84-4160-af68-c339f970a640,2026-08-01T17:30:00Z,2026-08-01T19:30:00+0200,49.73,MW,NL,NL,actual_offshore_wind_generation,Wind Offshore | Actual Aggregated,2026-08-07T04:53:21Z
2026-08-07T04:50:48Z,2026-08-07T06:50:48+0200,9de41e72-ad84-4160-af68-c339f970a640,2026-08-01T17:30:00Z,2026-08-01T19:30:00+0200,29.779,MW,NL,NL,actual_offshore_wind_generation,Wind Offshore | Actual Consumption,2026-08-07T04:53:21Z
2026-08-07T04:50:48Z,2026-08-07T06:50:48+0200,9de41e72-ad84-4160-af68-c339f970a640,2026-08-01T17:45:00Z,2026-08-01T19:45:00+0200,37.064,MW,NL,NL,actual_offshore_wind_generation,Wind Offshore | Actual Aggregated,2026-08-07T04:53:21Z
2026-08-07T04:50:48Z,2026-08-07T06:50:48+0200,9de41e72-ad84-4160-af68-c339f970a640,2026-08-01T17:45:00Z,2026-08-01T19:45:00+0200,27.57,MW,NL,NL,actual_offshore_wind_generation,Wind Offshore | Actual Consumption,2026-08-07T04:53:21Z
2026-08-07T04:50:48Z,2026-08-07T06:50:48+0200,9de41e72-ad84-4160-af68-c339f970a640,2026-08-01T18:00:00Z,2026-08-01T20:00:00+0200,42.171,MW,NL,NL,actual_offshore_wind_generation,Wind Offshore | Actual Aggregated,2026-08-07T04:53:21Z
2026-08-07T04:50:48Z,2026-08-07T06:50:48+0200,9de41e72-ad84-4160-af68-c339f970a640,2026-08-01T18:00:00Z,2026-08-01T20:00:00+0200,28.409,MW,NL,NL,actual_offshore_wind_generation,Wind Offshore | Actual Consumption,2026-08-07T04:53:21Z
2026-08-07T04:50:48Z,2026-08-07T06:50:48+0200,9de41e72-ad84-4160-af68-c339f970a640,2026-08-01T18:15:00Z,2026-08-01T20:15:00+0200,52.362,MW,NL,NL,actual_offshore_wind_generation,Wind Offshore | Actual Aggregated,2026-08-07T04:53:21Z
2026-08-07T04:50:48Z,2026-08-07T06:50:48+0200,9de41e72-ad84-4160-af68-c339f970a640,2026-08-01T18:15:00Z,2026-08-01T20:15:00+0200,29.322,MW,NL,NL,actual_offshore_wind_generation,Wind Offshore | Actual Consumption,2026-08-07T04:53:21Z
2026-08-07T04:50:48Z,2026-08-07T06:50:48+0200,9de41e72-ad84-4160-af68-c339f970a640,2026-08-01T18:30:00Z,2026-08-01T20:30:00+0200,53.859,MW,NL,NL,actual_offshore_wind_generation,Wind Offshore | Actual Aggregated,2026-08-07T04:53:21Z
2026-08-07T04:50:48Z,2026-08-07T06:50:48+0200,9de41e72-ad84-4160-af68-c339f970a640,2026-08-01T18:30:00Z,2026-08-01T20:30:00+0200,27.944,MW,NL,NL,actual_offshore_wind_generation,Wind Offshore | Actual Consumption,2026-08-07T04:53:21Z
2026-08-07T04:50:48Z,2026-08-07T06:50:48+0200,9de41e72-ad84-4160-af68-c339f970a640,2026-08-01T18:45:00Z,2026-08-01T20:45:00+0200,55.267,MW,NL,NL,actual_offshore_wind_generation,Wind Offshore | Actual Aggregated,2026-08-07T04:53:21Z
2026-08-07T04:50:48Z,2026-08-07T06:50:48+0200,9de41e72-ad84-4160-af68-c339f970a640,2026-08-01T18:45:00Z,2026-08-01T20:45:00+0200,29.431,MW,NL,NL,actual_offshore_wind_generation,Wind Offshore | Actual Consumption,2026-08-07T04:53:21Z
2026-08-07T04:50:48Z,2026-08-07T06:50:48+0200,9de41e72-ad84-4160-af68-c339f970a640,2026-08-01T19:00:00Z,2026-08-01T21:00:00+0200,50.798,MW,NL,NL,actual_offshore_wind_generation,Wind Offshore | Actual Aggregated,2026-08-07T04:53:21Z
2026-08-07T04:50:48Z,2026-08-07T06:50:48+0200,9de41e72-ad84-4160-af68-c339f970a640,2026-08-01T19:00:00Z,2026-08-01T21:00:00+0200,30.118,MW,NL,NL,actual_offshore_wind_generation,Wind Offshore | Actual Consumption,2026-08-07T04:53:21Z
2026-08-07T04:50:48Z,2026-08-07T06:50:48+0200,9de41e72-ad84-4160-af68-c339f970a640,2026-08-01T19:15:00Z,2026-08-01T21:15:00+0200,52.717,MW,NL,NL,actual_offshore_wind_generation,Wind Offshore | Actual Aggregated,2026-08-07T04:53:21Z
2026-08-07T04:50:48Z,2026-08-07T06:50:48+0200,9de41e72-ad84-4160-af68-c339f970a640,2026-08-01T19:15:00Z,2026-08-01T21:15:00+0200,30.894,MW,NL,NL,actual_offshore_wind_generation,Wind Offshore | Actual Consumption,2026-08-07T04:53:21Z
2026-08-07T04:50:48Z,2026-08-07T06:50:48+0200,9de41e72-ad84-4160-af68-c339f970a640,2026-08-01T19:30:00Z,2026-08-01T21:30:00+0200,59.647,MW,NL,NL,actual_offshore_wind_generation,Wind Offshore | Actual Aggregated,2026-08-07T04:53:21Z
2026-08-07T04:50:48Z,2026-08-07T06:50:48+0200,9de41e72-ad84-4160-af68-c339f970a640,2026-08-01T19:30:00Z,2026-08-01T21:30:00+0200,29.762,MW,NL,NL,actual_offshore_wind_generation,Wind Offshore | Actual Consumption,2026-08-07T04:53:21Z
2026-08-07T04:50:48Z,2026-08-07T06:50:48+0200,9de41e72-ad84-4160-af68-c339f970a640,2026-08-01T19:45:00Z,2026-08-01T21:45:00+0200,65.317,MW,NL,NL,actual_offshore_wind_generation,Wind Offshore | Actual Aggregated,2026-08-07T04:53:21Z
2026-08-07T04:50:48Z,2026-08-07T06:50:48+0200,9de41e72-ad84-4160-af68-c339f970a640,2026-08-01T19:45:00Z,2026-08-01T21:45:00+0200,26.687,MW,NL,NL,actual_offshore_wind_generation,Wind Offshore | Actual Consumption,2026-08-07T04:53:21Z
2026-08-07T04:50:48Z,2026-08-07T06:50:48+0200,9de41e72-ad84-4160-af68-c339f970a640,2026-08-01T20:00:00Z,2026-08-01T22:00:00+0200,70.843,MW,NL,NL,actual_offshore_wind_generation,Wind Offshore | Actual Aggregated,2026-08-07T04:53:21Z
2026-08-07T04:50:48Z,2026-08-07T06:50:48+0200,9de41e72-ad84-4160-af68-c339f970a640,2026-08-01T20:00:00Z,2026-08-01T22:00:00+0200,25.474,MW,NL,NL,actual_offshore_wind_generation,Wind Offshore | Actual Consumption,2026-08-07T04:53:21Z
2026-08-07T04:50:48Z,2026-08-07T06:50:48+0200,9de41e72-ad84-4160-af68-c339f970a640,2026-08-01T20:15:00Z,2026-08-01T22:15:00+0200,75.879,MW,NL,NL,actual_offshore_wind_generation,Wind Offshore | Actual Aggregated,2026-08-07T04:53:21Z
2026-08-07T04:50:48Z,2026-08-07T06:50:48+0200,9de41e72-ad84-4160-af68-c339f970a640,2026-08-01T20:15:00Z,2026-08-01T22:15:00+0200,25.348,MW,NL,NL,actual_offshore_wind_generation,Wind Offshore | Actual Consumption,2026-08-07T04:53:21Z
2026-08-07T04:50:48Z,2026-08-07T06:50:48+0200,9de41e72-ad84-4160-af68-c339f970a640,2026-08-01T20:30:00Z,2026-08-01T22:30:00+0200,75.466,MW,NL,NL,actual_offshore_wind_generation,Wind Offshore | Actual Aggregated,2026-08-07T04:53:21Z
2026-08-07T04:50:48Z,2026-08-07T06:50:48+0200,9de41e72-ad84-4160-af68-c339f970a640,2026-08-01T20:30:00Z,2026-08-01T22:30:00+0200,26.516,MW,NL,NL,actual_offshore_wind_generation,Wind Offshore | Actual Consumption,2026-08-07T04:53:21Z
2026-08-07T04:50:48Z,2026-08-07T06:50:48+0200,9de41e72-ad84-4160-af68-c339f970a640,2026-08-01T20:45:00Z,2026-08-01T22:45:00+0200,62.433,MW,NL,NL,actual_offshore_wind_generation,Wind Offshore | Actual Aggregated,2026-08-07T04:53:21Z
2026-08-07T04:50:48Z,2026-08-07T06:50:48+0200,9de41e72-ad84-4160-af68-c339f970a640,2026-08-01T20:45:00Z,2026-08-01T22:45:00+0200,24.71,MW,NL,NL,actual_offshore_wind_generation,Wind Offshore | Actual Consumption,2026-08-07T04:53:21Z
2026-08-07T04:50:48Z,2026-08-07T06:50:48+0200,9de41e72-ad84-4160-af68-c339f970a640,2026-08-01T21:00:00Z,2026-08-01T23:00:00+0200,60.185,MW,NL,NL,actual_offshore_wind_generation,Wind Offshore | Actual Aggregated,2026-08-07T04:53:21Z
2026-08-07T04:50:48Z,2026-08-07T06:50:48+0200,9de41e72-ad84-4160-af68-c339f970a640,2026-08-01T21:00:00Z,2026-08-01T23:00:00+0200,26.584,MW,NL,NL,actual_offshore_wind_generation,Wind Offshore | Actual Consumption,2026-08-07T04:53:21Z
2026-08-07T04:50:48Z,2026-08-07T06:50:48+0200,9de41e72-ad84-4160-af68-c339f970a640,2026-08-01T21:15:00Z,2026-08-01T23:15:00+0200,60.474,MW,NL,NL,actual_offshore_wind_generation,Wind Offshore | Actual Aggregated,2026-08-07T04:53:21Z
2026-08-07T04:50:48Z,2026-08-07T06:50:48+0200,9de41e72-ad84-4160-af68-c339f970a640,2026-08-01T21:15:00Z,2026-08-01T23:15:00+0200,24.936,MW,NL,NL,actual_offshore_wind_generation,Wind Offshore | Actual Consumption,2026-08-07T04:53:21Z
2026-08-07T04:50:48Z,2026-08-07T06:50:48+0200,9de41e72-ad84-4160-af68-c339f970a640,2026-08-01T21:30:00Z,2026-08-01T23:30:00+0200,59.628,MW,NL,NL,actual_offshore_wind_generation,Wind Offshore | Actual Aggregated,2026-08-07T04:53:21Z
2026-08-07T04:50:48Z,2026-08-07T06:50:48+0200,9de41e72-ad84-4160-af68-c339f970a640,2026-08-01T21:30:00Z,2026-08-01T23:30:00+0200,22.456,MW,NL,NL,actual_offshore_wind_generation,Wind Offshore | Actual Consumption,2026-08-07T04:53:21Z
2026-08-07T04:50:48Z,2026-08-07T06:50:48+0200,9de41e72-ad84-4160-af68-c339f970a640,2026-08-01T21:45:00Z,2026-08-01T23:45:00+0200,73.457,MW,NL,NL,actual_offshore_wind_generation,Wind Offshore | Actual Aggregated,2026-08-07T04:53:21Z
2026-08-07T04:50:48Z,2026-08-07T06:50:48+0200,9de41e72-ad84-4160-af68-c339f970a640,2026-08-01T21:45:00Z,2026-08-01T23:45:00+0200,21.947,MW,NL,NL,actual_offshore_wind_generation,Wind Offshore | Actual Consumption,2026-08-07T04:53:21Z
2026-08-07T04:50:48Z,2026-08-07T06:50:48+0200,9de41e72-ad84-4160-af68-c339f970a640,2026-08-01T22:00:00Z,2026-08-02T00:00:00+0200,75.783,MW,NL,NL,actual_offshore_wind_generation,Wind Offshore | Actual Aggregated,2026-08-07T04:53:21Z
2026-08-07T04:50:48Z,2026-08-07T06:50:48+0200,9de41e72-ad84-4160-af68-c339f970a640,2026-08-01T22:00:00Z,2026-08-02T00:00:00+0200,20.743,MW,NL,NL,actual_offshore_wind_generation,Wind Offshore | Actual Consumption,2026-08-07T04:53:21Z
2026-08-07T04:50:48Z,2026-08-07T06:50:48+0200,9de41e72-ad84-4160-af68-c339f970a640,2026-08-01T22:15:00Z,2026-08-02T00:15:00+0200,64.013,MW,NL,NL,actual_offshore_wind_generation,Wind Offshore | Actual Aggregated,2026-08-07T04:53:21Z
2026-08-07T04:50:48Z,2026-08-07T06:50:48+0200,9de41e72-ad84-4160-af68-c339f970a640,2026-08-01T22:15:00Z,2026-08-02T00:15:00+0200,18.019,MW,NL,NL,actual_offshore_wind_generation,Wind Offshore | Actual Consumption,2026-08-07T04:53:21Z
2026-08-07T04:50:48Z,2026-08-07T06:50:48+0200,9de41e72-ad84-4160-af68-c339f970a640,2026-08-01T22:30:00Z,2026-08-02T00:30:00+0200,61.811,MW,NL,NL,actual_offshore_wind_generation,Wind Offshore | Actual Aggregated,2026-08-07T04:53:21Z
2026-08-07T04:50:48Z,2026-08-07T06:50:48+0200,9de41e72-ad84-4160-af68-c339f970a640,2026-08-01T22:30:00Z,2026-08-02T00:30:00+0200,16.125,MW,NL,NL,actual_offshore_wind_generation,Wind Offshore | Actual Consumption,2026-08-07T04:53:21Z
2026-08-07T04:50:48Z,2026-08-07T06:50:48+0200,9de41e72-ad84-4160-af68-c339f970a640,2026-08-01T22:45:00Z,2026-08-02T00:45:00+0200,71.064,MW,NL,NL,actual_offshore_wind_generation,Wind Offshore | Actual Aggregated,2026-08-07T04:53:21Z
2026-08-07T04:50:48Z,2026-08-07T06:50:48+0200,9de41e72-ad84-4160-af68-c339f970a640,2026-08-01T22:45:00Z,2026-08-02T00:45:00+0200,13.849,MW,NL,NL,actual_offshore_wind_generation,Wind Offshore | Actual Consumption,2026-08-07T04:53:21Z
2026-08-07T04:50:48Z,2026-08-07T06:50:48+0200,9de41e72-ad84-4160-af68-c339f970a640,2026-08-01T23:00:00Z,2026-08-02T01:00:00+0200,76.408,MW,NL,NL,actual_offshore_wind_generation,Wind Offshore | Actual Aggregated,2026-08-07T04:53:21Z
2026-08-07T04:50:48Z,2026-08-07T06:50:48+0200,9de41e72-ad84-4160-af68-c339f970a640,2026-08-01T23:00:00Z,2026-08-02T01:00:00+0200,11.518,MW,NL,NL,actual_offshore_wind_generation,Wind Offshore | Actual Consumption,2026-08-07T04:53:21Z
2026-08-07T04:50:48Z,2026-08-07T06:50:48+0200,9de41e72-ad84-4160-af68-c339f970a640,2026-08-01T23:15:00Z,2026-08-02T01:15:00+0200,72.146,MW,NL,NL,actual_offshore_wind_generation,Wind Offshore | Actual Aggregated,2026-08-07T04:53:21Z
2026-08-07T04:50:48Z,2026-08-07T06:50:48+0200,9de41e72-ad84-4160-af68-c339f970a640,2026-08-01T23:15:00Z,2026-08-02T01:15:00+0200,13.494,MW,NL,NL,actual_offshore_wind_generation,Wind Offshore | Actual Consumption,2026-08-07T04:53:21Z
2026-08-07T04:50:48Z,2026-08-07T06:50:48+0200,9de41e72-ad84-4160-af68-c339f970a640,2026-08-01T23:30:00Z,2026-08-02T01:30:00+0200,82.267,MW,NL,NL,actual_offshore_wind_generation,Wind Offshore | Actual Aggregated,2026-08-07T04:53:21Z
2026-08-07T04:50:48Z,2026-08-07T06:50:48+0200,9de41e72-ad84-4160-af68-c339f970a640,2026-08-01T23:30:00Z,2026-08-02T01:30:00+0200,11.646,MW,NL,NL,actual_offshore_wind_generation,Wind Offshore | Actual Consumption,2026-08-07T04:53:21Z
2026-08-07T04:50:48Z,2026-08-07T06:50:48+0200,9de41e72-ad84-4160-af68-c339f970a640,2026-08-01T23:45:00Z,2026-08-02T01:45:00+0200,90.713,MW,NL,NL,actual_offshore_wind_generation,Wind Offshore | Actual Aggregated,2026-08-07T04:53:21Z
2026-08-07T04:50:48Z,2026-08-07T06:50:48+0200,9de41e72-ad84-4160-af68-c339f970a640,2026-08-01T23:45:00Z,2026-08-02T01:45:00+0200,11.016,MW,NL,NL,actual_offshore_wind_generation,Wind Offshore | Actual Consumption,2026-08-07T04:53:21Z
2026-08-07T04:50:48Z,2026-08-07T06:50:48+0200,9de41e72-ad84-4160-af68-c339f970a640,2026-08-02T00:00:00Z,2026-08-02T02:00:00+0200,75.343,MW,NL,NL,actual_offshore_wind_generation,Wind Offshore | Actual Aggregated,2026-08-07T04:53:21Z
2026-08-07T04:50:48Z,2026-08-07T06:50:48+0200,9de41e72-ad84-4160-af68-c339f970a640,2026-08-02T00:00:00Z,2026-08-02T02:00:00+0200,13.808,MW,NL,NL,actual_offshore_wind_generation,Wind Offshore | Actual Consumption,2026-08-07T04:53:21Z
2026-08-07T04:50:48Z,2026-08-07T06:50:48+0200,9de41e72-ad84-4160-af68-c339f970a640,2026-08-02T00:15:00Z,2026-08-02T02:15:00+0200,68.118,MW,NL,NL,actual_offshore_wind_generation,Wind Offshore | Actual Aggregated,2026-08-07T04:53:21Z
2026-08-07T04:50:48Z,2026-08-07T06:50:48+0200,9de41e72-ad84-4160-af68-c339f970a640,2026-08-02T00:15:00Z,2026-08-02T02:15:00+0200,13.765,MW,NL,NL,actual_offshore_wind_generation,Wind Offshore | Actual Consumption,2026-08-07T04:53:21Z
2026-08-07T04:50:48Z,2026-08-07T06:50:48+0200,9de41e72-ad84-4160-af68-c339f970a640,2026-08-02T00:30:00Z,2026-08-02T02:30:00+0200,64.693,MW,NL,NL,actual_offshore_wind_generation,Wind Offshore | Actual Aggregated,2026-08-07T04:53:21Z
2026-08-07T04:50:48Z,2026-08-07T06:50:48+0200,9de41e72-ad84-4160-af68-c339f970a640,2026-08-02T00:30:00Z,2026-08-02T02:30:00+0200,8.996,MW,NL,NL,actual_offshore_wind_generation,Wind Offshore | Actual Consumption,2026-08-07T04:53:21Z
2026-08-07T04:50:48Z,2026-08-07T06:50:48+0200,9de41e72-ad84-4160-af68-c339f970a640,2026-08-02T00:45:00Z,2026-08-02T02:45:00+0200,67.204,MW,NL,NL,actual_offshore_wind_generation,Wind Offshore | Actual Aggregated,2026-08-07T04:53:21Z
2026-08-07T04:50:48Z,2026-08-07T06:50:48+0200,9de41e72-ad84-4160-af68-c339f970a640,2026-08-02T00:45:00Z,2026-08-02T02:45:00+0200,7.551,MW,NL,NL,actual_offshore_wind_generation,Wind Offshore | Actual Consumption,2026-08-07T04:53:21Z
2026-08-07T04:50:48Z,2026-08-07T06:50:48+0200,9de41e72-ad84-4160-af68-c339f970a640,2026-08-02T01:00:00Z,2026-08-02T03:00:00+0200,69.743,MW,NL,NL,actual_offshore_wind_generation,Wind Offshore | Actual Aggregated,2026-08-07T04:53:21Z
2026-08-07T04:50:48Z,2026-08-07T06:50:48+0200,9de41e72-ad84-4160-af68-c339f970a640,2026-08-02T01:00:00Z,2026-08-02T03:00:00+0200,9.693,MW,NL,NL,actual_offshore_wind_generation,Wind Offshore | Actual Consumption,2026-08-07T04:53:21Z
2026-08-07T04:50:48Z,2026-08-07T06:50:48+0200,9de41e72-ad84-4160-af68-c339f970a640,2026-08-02T01:15:00Z,2026-08-02T03:15:00+0200,88.277,MW,NL,NL,actual_offshore_wind_generation,Wind Offshore | Actual Aggregated,2026-08-07T04:53:21Z
2026-08-07T04:50:48Z,2026-08-07T06:50:48+0200,9de41e72-ad84-4160-af68-c339f970a640,2026-08-02T01:15:00Z,2026-08-02T03:15:00+0200,7.072,MW,NL,NL,actual_offshore_wind_generation,Wind Offshore | Actual Consumption,2026-08-07T04:53:21Z
2026-08-07T04:50:48Z,2026-08-07T06:50:48+0200,9de41e72-ad84-4160-af68-c339f970a640,2026-08-02T01:30:00Z,2026-08-02T03:30:00+0200,112.864,MW,NL,NL,actual_offshore_wind_generation,Wind Offshore | Actual Aggregated,2026-08-07T04:53:21Z
2026-08-07T04:50:48Z,2026-08-07T06:50:48+0200,9de41e72-ad84-4160-af68-c339f970a640,2026-08-02T01:30:00Z,2026-08-02T03:30:00+0200,3.656,MW,NL,NL,actual_offshore_wind_generation,Wind Offshore | Actual Consumption,2026-08-07T04:53:21Z
2026-08-07T04:50:48Z,2026-08-07T06:50:48+0200,9de41e72-ad84-4160-af68-c339f970a640,2026-08-02T01:45:00Z,2026-08-02T03:45:00+0200,121.846,MW,NL,NL,actual_offshore_wind_generation,Wind Offshore | Actual Aggregated,2026-08-07T04:53:21Z
2026-08-07T04:50:48Z,2026-08-07T06:50:48+0200,9de41e72-ad84-4160-af68-c339f970a640,2026-08-02T01:45:00Z,2026-08-02T03:45:00+0200,2.314,MW,NL,NL,actual_offshore_wind_generation,Wind Offshore | Actual Consumption,2026-08-07T04:53:21Z
2026-08-07T04:50:48Z,2026-08-07T06:50:48+0200,9de41e72-ad84-4160-af68-c339f970a640,2026-08-02T02:00:00Z,2026-08-02T04:00:00+0200,124.489,MW,NL,NL,actual_offshore_wind_generation,Wind Offshore | Actual Aggregated,2026-08-07T04:53:21Z
2026-08-07T04:50:48Z,2026-08-07T06:50:48+0200,9de41e72-ad84-4160-af68-c339f970a640,2026-08-02T02:00:00Z,2026-08-02T04:00:00+0200,0.387,MW,NL,NL,actual_offshore_wind_generation,Wind Offshore | Actual Consumption,2026-08-07T04:53:21Z
2026-08-07T04:50:48Z,2026-08-07T06:50:48+0200,9de41e72-ad84-4160-af68-c339f970a640,2026-08-02T02:15:00Z,2026-08-02T04:15:00+0200,122.957,MW,NL,NL,actual_offshore_wind_generation,Wind Offshore | Actual Aggregated,2026-08-07T04:53:21Z
2026-08-07T04:50:48Z,2026-08-07T06:50:48+0200,9de41e72-ad84-4160-af68-c339f970a640,2026-08-02T02:15:00Z,2026-08-02T04:15:00+0200,1.492,MW,NL,NL,actual_offshore_wind_generation,Wind Offshore | Actual Consumption,2026-08-07T04:53:21Z
2026-08-07T04:50:48Z,2026-08-07T06:50:48+0200,9de41e72-ad84-4160-af68-c339f970a640,2026-08-02T02:30:00Z,2026-08-02T04:30:00+0200,120.241,MW,NL,NL,actual_offshore_wind_generation,Wind Offshore | Actual Aggregated,2026-08-07T04:53:21Z
2026-08-07T04:50:48Z,2026-08-07T06:50:48+0200,9de41e72-ad84-4160-af68-c339f970a640,2026-08-02T02:30:00Z,2026-08-02T04:30:00+0200,0.0,MW,NL,NL,actual_offshore_wind_generation,Wind Offshore | Actual Consumption,2026-08-07T04:53:21Z
2026-08-07T04:50:48Z,2026-08-07T06:50:48+0200,9de41e72-ad84-4160-af68-c339f970a640,2026-08-02T02:45:00Z,2026-08-02T04:45:00+0200,123.727,MW,NL,NL,actual_offshore_wind_generation,Wind Offshore | Actual Aggregated,2026-08-07T04:53:21Z
2026-08-07T04:50:48Z,2026-08-07T06:50:48+0200,9de41e72-ad84-4160-af68-c339f970a640,2026-08-02T02:45:00Z,2026-08-02T04:45:00+0200,0.206,MW,NL,NL,actual_offshore_wind_generation,Wind Offshore | Actual Consumption,2026-08-07T04:53:21Z
2026-08-07T04:50:48Z,2026-08-07T06:50:48+0200,9de41e72-ad84-4160-af68-c339f970a640,2026-08-02T03:00:00Z,2026-08-02T05:00:00+0200,124.068,MW,NL,NL,actual_offshore_wind_generation,Wind Offshore | Actual Aggregated,2026-08-07T04:53:21Z
2026-08-07T04:50:48Z,2026-08-07T06:50:48+0200,9de41e72-ad84-4160-af68-c339f970a640,2026-08-02T03:00:00Z,2026-08-02T05:00:00+0200,0.291,MW,NL,NL,actual_offshore_wind_generation,Wind Offshore | Actual Consumption,2026-08-07T04:53:21Z
2026-08-07T04:50:48Z,2026-08-07T06:50:48+0200,9de41e72-ad84-4160-af68-c339f970a640,2026-08-02T03:15:00Z,2026-08-02T05:15:00+0200,122.539,MW,NL,NL,actual_offshore_wind_generation,Wind Offshore | Actual Aggregated,2026-08-07T04:53:21Z
2026-08-07T04:50:48Z,2026-08-07T06:50:48+0200,9de41e72-ad84-4160-af68-c339f970a640,2026-08-02T03:15:00Z,2026-08-02T05:15:00+0200,0.138,MW,NL,NL,actual_offshore_wind_generation,Wind Offshore | Actual Consumption,2026-08-07T04:53:21Z
2026-08-07T04:50:48Z,2026-08-07T06:50:48+0200,9de41e72-ad84-4160-af68-c339f970a640,2026-08-02T03:30:00Z,2026-08-02T05:30:00+0200,124.599,MW,NL,NL,actual_offshore_wind_generation,Wind Offshore | Actual Aggregated,2026-08-07T04:53:21Z
2026-08-07T04:50:48Z,2026-08-07T06:50:48+0200,9de41e72-ad84-4160-af68-c339f970a640,2026-08-02T03:30:00Z,2026-08-02T05:30:00+0200,2.188,MW,NL,NL,actual_offshore_wind_generation,Wind Offshore | Actual Consumption,2026-08-07T04:53:21Z
2026-08-07T04:50:48Z,2026-08-07T06:50:48+0200,9de41e72-ad84-4160-af68-c339f970a640,2026-08-02T03:45:00Z,2026-08-02T05:45:00+0200,132.816,MW,NL,NL,actual_offshore_wind_generation,Wind Offshore | Actual Aggregated,2026-08-07T04:53:21Z
2026-08-07T04:50:48Z,2026-08-07T06:50:48+0200,9de41e72-ad84-4160-af68-c339f970a640,2026-08-02T03:45:00Z,2026-08-02T05:45:00+0200,1.899,MW,NL,NL,actual_offshore_wind_generation,Wind Offshore | Actual Consumption,2026-08-07T04:53:21Z
2026-08-07T04:50:48Z,2026-08-07T06:50:48+0200,9de41e72-ad84-4160-af68-c339f970a640,2026-08-02T04:00:00Z,2026-08-02T06:00:00+0200,143.311,MW,NL,NL,actual_offshore_wind_generation,Wind Offshore | Actual Aggregated,2026-08-07T04:53:21Z
2026-08-07T04:50:48Z,2026-08-07T06:50:48+0200,9de41e72-ad84-4160-af68-c339f970a640,2026-08-02T04:00:00Z,2026-08-02T06:00:00+0200,1.953,MW,NL,NL,actual_offshore_wind_generation,Wind Offshore | Actual Consumption,2026-08-07T04:53:21Z
2026-08-07T04:50:48Z,2026-08-07T06:50:48+0200,9de41e72-ad84-4160-af68-c339f970a640,2026-08-02T04:15:00Z,2026-08-02T06:15:00+0200,156.965,MW,NL,NL,actual_offshore_wind_generation,Wind Offshore | Actual Aggregated,2026-08-07T04:53:21Z
2026-08-07T04:50:48Z,2026-08-07T06:50:48+0200,9de41e72-ad84-4160-af68-c339f970a640,2026-08-02T04:15:00Z,2026-08-02T06:15:00+0200,4.536,MW,NL,NL,actual_offshore_wind_generation,Wind Offshore | Actual Consumption,2026-08-07T04:53:21Z
2026-08-07T04:50:48Z,2026-08-07T06:50:48+0200,9de41e72-ad84-4160-af68-c339f970a640,2026-08-02T04:30:00Z,2026-08-02T06:30:00+0200,171.416,MW,NL,NL,actual_offshore_wind_generation,Wind Offshore | Actual Aggregated,2026-08-07T04:53:21Z
2026-08-07T04:50:48Z,2026-08-07T06:50:48+0200,9de41e72-ad84-4160-af68-c339f970a640,2026-08-02T04:30:00Z,2026-08-02T06:30:00+0200,4.592,MW,NL,NL,actual_offshore_wind_generation,Wind Offshore | Actual Consumption,2026-08-07T04:53:21Z
2026-08-07T04:50:48Z,2026-08-07T06:50:48+0200,9de41e72-ad84-4160-af68-c339f970a640,2026-08-02T04:45:00Z,2026-08-02T06:45:00+0200,172.634,MW,NL,NL,actual_offshore_wind_generation,Wind Offshore | Actual Aggregated,2026-08-07T04:53:21Z
2026-08-07T04:50:48Z,2026-08-07T06:50:48+0200,9de41e72-ad84-4160-af68-c339f970a640,2026-08-02T04:45:00Z,2026-08-02T06:45:00+0200,2.811,MW,NL,NL,actual_offshore_wind_generation,Wind Offshore | Actual Consumption,2026-08-07T04:53:21Z
2026-08-07T04:50:48Z,2026-08-07T06:50:48+0200,9de41e72-ad84-4160-af68-c339f970a640,2026-08-02T05:00:00Z,2026-08-02T07:00:00+0200,168.852,MW,NL,NL,actual_offshore_wind_generation,Wind Offshore | Actual Aggregated,2026-08-07T04:53:21Z
2026-08-07T04:50:48Z,2026-08-07T06:50:48+0200,9de41e72-ad84-4160-af68-c339f970a640,2026-08-02T05:00:00Z,2026-08-02T07:00:00+0200,1.631,MW,NL,NL,actual_offshore_wind_generation,Wind Offshore | Actual Consumption,2026-08-07T04:53:21Z
2026-08-07T04:50:48Z,2026-08-07T06:50:48+0200,9de41e72-ad84-4160-af68-c339f970a640,2026-08-02T05:15:00Z,2026-08-02T07:15:00+0200,167.935,MW,NL,NL,actual_offshore_wind_generation,Wind Offshore | Actual Aggregated,2026-08-07T04:53:21Z
2026-08-07T04:50:48Z,2026-08-07T06:50:48+0200,9de41e72-ad84-4160-af68-c339f970a640,2026-08-02T05:15:00Z,2026-08-02T07:15:00+0200,1.087,MW,NL,NL,actual_offshore_wind_generation,Wind Offshore | Actual Consumption,2026-08-07T04:53:21Z
2026-08-07T04:50:48Z,2026-08-07T06:50:48+0200,9de41e72-ad84-4160-af68-c339f970a640,2026-08-02T05:30:00Z,2026-08-02T07:30:00+0200,183.05,MW,NL,NL,actual_offshore_wind_generation,Wind Offshore | Actual Aggregated,2026-08-07T04:53:21Z
2026-08-07T04:50:48Z,2026-08-07T06:50:48+0200,9de41e72-ad84-4160-af68-c339f970a640,2026-08-02T05:30:00Z,2026-08-02T07:30:00+0200,0.083,MW,NL,NL,actual_offshore_wind_generation,Wind Offshore | Actual Consumption,2026-08-07T04:53:21Z
2026-08-07T04:50:48Z,2026-08-07T06:50:48+0200,9de41e72-ad84-4160-af68-c339f970a640,2026-08-02T05:45:00Z,2026-08-02T07:45:00+0200,205.78,MW,NL,NL,actual_offshore_wind_generation,Wind Offshore | Actual Aggregated,2026-08-07T04:53:21Z
2026-08-07T04:50:48Z,2026-08-07T06:50:48+0200,9de41e72-ad84-4160-af68-c339f970a640,2026-08-02T05:45:00Z,2026-08-02T07:45:00+0200,0.33,MW,NL,NL,actual_offshore_wind_generation,Wind Offshore | Actual Consumption,2026-08-07T04:53:21Z
2026-08-07T04:50:48Z,2026-08-07T06:50:48+0200,9de41e72-ad84-4160-af68-c339f970a640,2026-08-02T06:00:00Z,2026-08-02T08:00:00+0200,195.708,MW,NL,NL,actual_offshore_wind_generation,Wind Offshore | Actual Aggregated,2026-08-07T04:53:21Z
2026-08-07T04:50:48Z,2026-08-07T06:50:48+0200,9de41e72-ad84-4160-af68-c339f970a640,2026-08-02T06:00:00Z,2026-08-02T08:00:00+0200,0.386,MW,NL,NL,actual_offshore_wind_generation,Wind Offshore | Actual Consumption,2026-08-07T04:53:21Z
2026-08-07T04:50:48Z,2026-08-07T06:50:48+0200,9de41e72-ad84-4160-af68-c339f970a640,2026-08-02T06:15:00Z,2026-08-02T08:15:00+0200,178.766,MW,NL,NL,actual_offshore_wind_generation,Wind Offshore | Actual Aggregated,2026-08-07T04:53:21Z
2026-08-07T04:50:48Z,2026-08-07T06:50:48+0200,9de41e72-ad84-4160-af68-c339f970a640,2026-08-02T06:15:00Z,2026-08-02T08:15:00+0200,1.475,MW,NL,NL,actual_offshore_wind_generation,Wind Offshore | Actual Consumption,2026-08-07T04:53:21Z
2026-08-07T04:50:48Z,2026-08-07T06:50:48+0200,9de41e72-ad84-4160-af68-c339f970a640,2026-08-02T06:30:00Z,2026-08-02T08:30:00+0200,169.831,MW,NL,NL,actual_offshore_wind_generation,Wind Offshore | Actual Aggregated,2026-08-07T04:53:21Z
2026-08-07T04:50:48Z,2026-08-07T06:50:48+0200,9de41e72-ad84-4160-af68-c339f970a640,2026-08-02T06:30:00Z,2026-08-02T08:30:00+0200,1.75,MW,NL,NL,actual_offshore_wind_generation,Wind Offshore | Actual Consumption,2026-08-07T04:53:21Z
2026-08-07T04:50:48Z,2026-08-07T06:50:48+0200,9de41e72-ad84-4160-af68-c339f970a640,2026-08-02T06:45:00Z,2026-08-02T08:45:00+0200,156.004,MW,NL,NL,actual_offshore_wind_generation,Wind Offshore | Actual Aggregated,2026-08-07T04:53:21Z
2026-08-07T04:50:48Z,2026-08-07T06:50:48+0200,9de41e72-ad84-4160-af68-c339f970a640,2026-08-02T06:45:00Z,2026-08-02T08:45:00+0200,2.568,MW,NL,NL,actual_offshore_wind_generation,Wind Offshore | Actual Consumption,2026-08-07T04:53:21Z
2026-08-07T04:50:48Z,2026-08-07T06:50:48+0200,9de41e72-ad84-4160-af68-c339f970a640,2026-08-02T07:00:00Z,2026-08-02T09:00:00+0200,154.883,MW,NL,NL,actual_offshore_wind_generation,Wind Offshore | Actual Aggregated,2026-08-07T04:53:21Z
2026-08-07T04:50:48Z,2026-08-07T06:50:48+0200,9de41e72-ad84-4160-af68-c339f970a640,2026-08-02T07:00:00Z,2026-08-02T09:00:00+0200,7.185,MW,NL,NL,actual_offshore_wind_generation,Wind Offshore | Actual Consumption,2026-08-07T04:53:21Z
2026-08-07T04:50:48Z,2026-08-07T06:50:48+0200,9de41e72-ad84-4160-af68-c339f970a640,2026-08-02T07:15:00Z,2026-08-02T09:15:00+0200,114.16,MW,NL,NL,actual_offshore_wind_generation,Wind Offshore | Actual Aggregated,2026-08-07T04:53:21Z
2026-08-07T04:50:48Z,2026-08-07T06:50:48+0200,9de41e72-ad84-4160-af68-c339f970a640,2026-08-02T07:15:00Z,2026-08-02T09:15:00+0200,5.636,MW,NL,NL,actual_offshore_wind_generation,Wind Offshore | Actual Consumption,2026-08-07T04:53:21Z
2026-08-07T04:50:48Z,2026-08-07T06:50:48+0200,9de41e72-ad84-4160-af68-c339f970a640,2026-08-02T07:30:00Z,2026-08-02T09:30:00+0200,97.992,MW,NL,NL,actual_offshore_wind_generation,Wind Offshore | Actual Aggregated,2026-08-07T04:53:21Z
2026-08-07T04:50:48Z,2026-08-07T06:50:48+0200,9de41e72-ad84-4160-af68-c339f970a640,2026-08-02T07:30:00Z,2026-08-02T09:30:00+0200,5.214,MW,NL,NL,actual_offshore_wind_generation,Wind Offshore | Actual Consumption,2026-08-07T04:53:21Z
2026-08-07T04:50:48Z,2026-08-07T06:50:48+0200,9de41e72-ad84-4160-af68-c339f970a640,2026-08-02T07:45:00Z,2026-08-02T09:45:00+0200,67.604,MW,NL,NL,actual_offshore_wind_generation,Wind Offshore | Actual Aggregated,2026-08-07T04:53:21Z
2026-08-07T04:50:48Z,2026-08-07T06:50:48+0200,9de41e72-ad84-4160-af68-c339f970a640,2026-08-02T07:45:00Z,2026-08-02T09:45:00+0200,9.357,MW,NL,NL,actual_offshore_wind_generation,Wind Offshore | Actual Consumption,2026-08-07T04:53:21Z
2026-08-07T04:50:48Z,2026-08-07T06:50:48+0200,9de41e72-ad84-4160-af68-c339f970a640,2026-08-02T08:00:00Z,2026-08-02T10:00:00+0200,21.436,MW,NL,NL,actual_offshore_wind_generation,Wind Offshore | Actual Aggregated,2026-08-07T04:53:21Z
2026-08-07T04:50:48Z,2026-08-07T06:50:48+0200,9de41e72-ad84-4160-af68-c339f970a640,2026-08-02T08:00:00Z,2026-08-02T10:00:00+0200,11.153,MW,NL,NL,actual_offshore_wind_generation,Wind Offshore | Actual Consumption,2026-08-07T04:53:21Z
2026-08-07T04:50:48Z,2026-08-07T06:50:48+0200,9de41e72-ad84-4160-af68-c339f970a640,2026-08-02T08:15:00Z,2026-08-02T10:15:00+0200,25.46,MW,NL,NL,actual_offshore_wind_generation,Wind Offshore | Actual Aggregated,2026-08-07T04:53:21Z
2026-08-07T04:50:48Z,2026-08-07T06:50:48+0200,9de41e72-ad84-4160-af68-c339f970a640,2026-08-02T08:15:00Z,2026-08-02T10:15:00+0200,7.869,MW,NL,NL,actual_offshore_wind_generation,Wind Offshore | Actual Consumption,2026-08-07T04:53:21Z
2026-08-07T04:50:48Z,2026-08-07T06:50:48+0200,9de41e72-ad84-4160-af68-c339f970a640,2026-08-02T08:30:00Z,2026-08-02T10:30:00+0200,26.974,MW,NL,NL,actual_offshore_wind_generation,Wind Offshore | Actual Aggregated,2026-08-07T04:53:21Z
2026-08-07T04:50:48Z,2026-08-07T06:50:48+0200,9de41e72-ad84-4160-af68-c339f970a640,2026-08-02T08:30:00Z,2026-08-02T10:30:00+0200,4.607,MW,NL,NL,actual_offshore_wind_generation,Wind Offshore | Actual Consumption,2026-08-07T04:53:21Z
2026-08-07T04:50:48Z,2026-08-07T06:50:48+0200,9de41e72-ad84-4160-af68-c339f970a640,2026-08-02T08:45:00Z,2026-08-02T10:45:00+0200,17.308,MW,NL,NL,actual_offshore_wind_generation,Wind Offshore | Actual Aggregated,2026-08-07T04:53:21Z
2026-08-07T04:50:48Z,2026-08-07T06:50:48+0200,9de41e72-ad84-4160-af68-c339f970a640,2026-08-02T08:45:00Z,2026-08-02T10:45:00+0200,6.089,MW,NL,NL,actual_offshore_wind_generation,Wind Offshore | Actual Consumption,2026-08-07T04:53:21Z
2026-08-07T04:50:48Z,2026-08-07T06:50:48+0200,9de41e72-ad84-4160-af68-c339f970a640,2026-08-02T09:00:00Z,2026-08-02T11:00:00+0200,10.047,MW,NL,NL,actual_offshore_wind_generation,Wind Offshore | Actual Aggregated,2026-08-07T04:53:21Z
2026-08-07T04:50:48Z,2026-08-07T06:50:48+0200,9de41e72-ad84-4160-af68-c339f970a640,2026-08-02T09:00:00Z,2026-08-02T11:00:00+0200,11.7,MW,NL,NL,actual_offshore_wind_generation,Wind Offshore | Actual Consumption,2026-08-07T04:53:21Z
2026-08-07T04:50:48Z,2026-08-07T06:50:48+0200,9de41e72-ad84-4160-af68-c339f970a640,2026-08-02T09:15:00Z,2026-08-02T11:15:00+0200,12.227,MW,NL,NL,actual_offshore_wind_generation,Wind Offshore | Actual Aggregated,2026-08-07T04:53:21Z
2026-08-07T04:50:48Z,2026-08-07T06:50:48+0200,9de41e72-ad84-4160-af68-c339f970a640,2026-08-02T09:15:00Z,2026-08-02T11:15:00+0200,14.495,MW,NL,NL,actual_offshore_wind_generation,Wind Offshore | Actual Consumption,2026-08-07T04:53:21Z
2026-08-07T04:50:48Z,2026-08-07T06:50:48+0200,9de41e72-ad84-4160-af68-c339f970a640,2026-08-02T09:30:00Z,2026-08-02T11:30:00+0200,14.482,MW,NL,NL,actual_offshore_wind_generation,Wind Offshore | Actual Aggregated,2026-08-07T04:53:21Z
2026-08-07T04:50:48Z,2026-08-07T06:50:48+0200,9de41e72-ad84-4160-af68-c339f970a640,2026-08-02T09:30:00Z,2026-08-02T11:30:00+0200,16.189,MW,NL,NL,actual_offshore_wind_generation,Wind Offshore | Actual Consumption,2026-08-07T04:53:21Z
2026-08-07T04:50:48Z,2026-08-07T06:50:48+0200,9de41e72-ad84-4160-af68-c339f970a640,2026-08-02T09:45:00Z,2026-08-02T11:45:00+0200,20.399,MW,NL,NL,actual_offshore_wind_generation,Wind Offshore | Actual Aggregated,2026-08-07T04:53:21Z
2026-08-07T04:50:48Z,2026-08-07T06:50:48+0200,9de41e72-ad84-4160-af68-c339f970a640,2026-08-02T09:45:00Z,2026-08-02T11:45:00+0200,19.047,MW,NL,NL,actual_offshore_wind_generation,Wind Offshore | Actual Consumption,2026-08-07T04:53:21Z
2026-08-07T04:50:48Z,2026-08-07T06:50:48+0200,9de41e72-ad84-4160-af68-c339f970a640,2026-08-02T10:00:00Z,2026-08-02T12:00:00+0200,22.054,MW,NL,NL,actual_offshore_wind_generation,Wind Offshore | Actual Aggregated,2026-08-07T04:53:21Z
2026-08-07T04:50:48Z,2026-08-07T06:50:48+0200,9de41e72-ad84-4160-af68-c339f970a640,2026-08-02T10:00:00Z,2026-08-02T12:00:00+0200,21.342,MW,NL,NL,actual_offshore_wind_generation,Wind Offshore | Actual Consumption,2026-08-07T04:53:21Z
2026-08-07T04:50:48Z,2026-08-07T06:50:48+0200,9de41e72-ad84-4160-af68-c339f970a640,2026-08-02T10:15:00Z,2026-08-02T12:15:00+0200,29.241,MW,NL,NL,actual_offshore_wind_generation,Wind Offshore | Actual Aggregated,2026-08-07T04:53:21Z
2026-08-07T04:50:48Z,2026-08-07T06:50:48+0200,9de41e72-ad84-4160-af68-c339f970a640,2026-08-02T10:15:00Z,2026-08-02T12:15:00+0200,23.596,MW,NL,NL,actual_offshore_wind_generation,Wind Offshore | Actual Consumption,2026-08-07T04:53:21Z
2026-08-07T04:50:48Z,2026-08-07T06:50:48+0200,9de41e72-ad84-4160-af68-c339f970a640,2026-08-02T10:30:00Z,2026-08-02T12:30:00+0200,34.186,MW,NL,NL,actual_offshore_wind_generation,Wind Offshore | Actual Aggregated,2026-08-07T04:53:21Z
2026-08-07T04:50:48Z,2026-08-07T06:50:48+0200,9de41e72-ad84-4160-af68-c339f970a640,2026-08-02T10:30:00Z,2026-08-02T12:30:00+0200,21.934,MW,NL,NL,actual_offshore_wind_generation,Wind Offshore | Actual Consumption,2026-08-07T04:53:21Z
2026-08-07T04:50:48Z,2026-08-07T06:50:48+0200,9de41e72-ad84-4160-af68-c339f970a640,2026-08-02T10:45:00Z,2026-08-02T12:45:00+0200,31.837,MW,NL,NL,actual_offshore_wind_generation,Wind Offshore | Actual Aggregated,2026-08-07T04:53:21Z
2026-08-07T04:50:48Z,2026-08-07T06:50:48+0200,9de41e72-ad84-4160-af68-c339f970a640,2026-08-02T10:45:00Z,2026-08-02T12:45:00+0200,22.484,MW,NL,NL,actual_offshore_wind_generation,Wind Offshore | Actual Consumption,2026-08-07T04:53:21Z
2026-08-07T04:50:48Z,2026-08-07T06:50:48+0200,9de41e72-ad84-4160-af68-c339f970a640,2026-08-02T11:00:00Z,2026-08-02T13:00:00+0200,38.009,MW,NL,NL,actual_offshore_wind_generation,Wind Offshore | Actual Aggregated,2026-08-07T04:53:21Z
2026-08-07T04:50:48Z,2026-08-07T06:50:48+0200,9de41e72-ad84-4160-af68-c339f970a640,2026-08-02T11:00:00Z,2026-08-02T13:00:00+0200,20.32,MW,NL,NL,actual_offshore_wind_generation,Wind Offshore | Actual Consumption,2026-08-07T04:53:21Z
2026-08-07T04:50:48Z,2026-08-07T06:50:48+0200,9de41e72-ad84-4160-af68-c339f970a640,2026-08-02T11:15:00Z,2026-08-02T13:15:00+0200,47.306,MW,NL,NL,actual_offshore_wind_generation,Wind Offshore | Actual Aggregated,2026-08-07T04:53:21Z
2026-08-07T04:50:48Z,2026-08-07T06:50:48+0200,9de41e72-ad84-4160-af68-c339f970a640,2026-08-02T11:15:00Z,2026-08-02T13:15:00+0200,20.099,MW,NL,NL,actual_offshore_wind_generation,Wind Offshore | Actual Consumption,2026-08-07T04:53:21Z
2026-08-07T04:50:48Z,2026-08-07T06:50:48+0200,9de41e72-ad84-4160-af68-c339f970a640,2026-08-02T11:30:00Z,2026-08-02T13:30:00+0200,56.779,MW,NL,NL,actual_offshore_wind_generation,Wind Offshore | Actual Aggregated,2026-08-07T04:53:21Z
2026-08-07T04:50:48Z,2026-08-07T06:50:48+0200,9de41e72-ad84-4160-af68-c339f970a640,2026-08-02T11:30:00Z,2026-08-02T13:30:00+0200,19.317,MW,NL,NL,actual_offshore_wind_generation,Wind Offshore | Actual Consumption,2026-08-07T04:53:21Z
2026-08-07T04:50:48Z,2026-08-07T06:50:48+0200,9de41e72-ad84-4160-af68-c339f970a640,2026-08-02T11:45:00Z,2026-08-02T13:45:00+0200,65.974,MW,NL,NL,actual_offshore_wind_generation,Wind Offshore | Actual Aggregated,2026-08-07T04:53:21Z
2026-08-07T04:50:48Z,2026-08-07T06:50:48+0200,9de41e72-ad84-4160-af68-c339f970a640,2026-08-02T11:45:00Z,2026-08-02T13:45:00+0200,19.028,MW,NL,NL,actual_offshore_wind_generation,Wind Offshore | Actual Consumption,2026-08-07T04:53:21Z
2026-08-07T04:50:48Z,2026-08-07T06:50:48+0200,9de41e72-ad84-4160-af68-c339f970a640,2026-08-02T12:00:00Z,2026-08-02T14:00:00+0200,80.458,MW,NL,NL,actual_offshore_wind_generation,Wind Offshore | Actual Aggregated,2026-08-07T04:53:21Z
2026-08-07T04:50:48Z,2026-08-07T06:50:48+0200,9de41e72-ad84-4160-af68-c339f970a640,2026-08-02T12:00:00Z,2026-08-02T14:00:00+0200,16.826,MW,NL,NL,actual_offshore_wind_generation,Wind Offshore | Actual Consumption,2026-08-07T04:53:21Z
2026-08-07T04:50:48Z,2026-08-07T06:50:48+0200,9de41e72-ad84-4160-af68-c339f970a640,2026-08-02T12:15:00Z,2026-08-02T14:15:00+0200,97.037,MW,NL,NL,actual_offshore_wind_generation,Wind Offshore | Actual Aggregated,2026-08-07T04:53:21Z
2026-08-07T04:50:48Z,2026-08-07T06:50:48+0200,9de41e72-ad84-4160-af68-c339f970a640,2026-08-02T12:15:00Z,2026-08-02T14:15:00+0200,12.468,MW,NL,NL,actual_offshore_wind_generation,Wind Offshore | Actual Consumption,2026-08-07T04:53:21Z
2026-08-07T04:50:48Z,2026-08-07T06:50:48+0200,9de41e72-ad84-4160-af68-c339f970a640,2026-08-02T12:30:00Z,2026-08-02T14:30:00+0200,131.712,MW,NL,NL,actual_offshore_wind_generation,Wind Offshore | Actual Aggregated,2026-08-07T04:53:21Z
2026-08-07T04:50:48Z,2026-08-07T06:50:48+0200,9de41e72-ad84-4160-af68-c339f970a640,2026-08-02T12:30:00Z,2026-08-02T14:30:00+0200,10.732,MW,NL,NL,actual_offshore_wind_generation,Wind Offshore | Actual Consumption,2026-08-07T04:53:21Z
2026-08-07T04:50:48Z,2026-08-07T06:50:48+0200,9de41e72-ad84-4160-af68-c339f970a640,2026-08-02T12:45:00Z,2026-08-02T14:45:00+0200,151.992,MW,NL,NL,actual_offshore_wind_generation,Wind Offshore | Actual Aggregated,2026-08-07T04:53:21Z
2026-08-07T04:50:48Z,2026-08-07T06:50:48+0200,9de41e72-ad84-4160-af68-c339f970a640,2026-08-02T12:45:00Z,2026-08-02T14:45:00+0200,12.295,MW,NL,NL,actual_offshore_wind_generation,Wind Offshore | Actual Consumption,2026-08-07T04:53:21Z
2026-08-07T04:50:48Z,2026-08-07T06:50:48+0200,9de41e72-ad84-4160-af68-c339f970a640,2026-08-02T13:00:00Z,2026-08-02T15:00:00+0200,169.106,MW,NL,NL,actual_offshore_wind_generation,Wind Offshore | Actual Aggregated,2026-08-07T04:53:21Z
2026-08-07T04:50:48Z,2026-08-07T06:50:48+0200,9de41e72-ad84-4160-af68-c339f970a640,2026-08-02T13:00:00Z,2026-08-02T15:00:00+0200,13.655,MW,NL,NL,actual_offshore_wind_generation,Wind Offshore | Actual Consumption,2026-08-07T04:53:21Z
2026-08-07T04:50:48Z,2026-08-07T06:50:48+0200,9de41e72-ad84-4160-af68-c339f970a640,2026-08-02T13:15:00Z,2026-08-02T15:15:00+0200,206.499,MW,NL,NL,actual_offshore_wind_generation,Wind Offshore | Actual Aggregated,2026-08-07T04:53:21Z
2026-08-07T04:50:48Z,2026-08-07T06:50:48+0200,9de41e72-ad84-4160-af68-c339f970a640,2026-08-02T13:15:00Z,2026-08-02T15:15:00+0200,13.694,MW,NL,NL,actual_offshore_wind_generation,Wind Offshore | Actual Consumption,2026-08-07T04:53:21Z
2026-08-07T04:50:48Z,2026-08-07T06:50:48+0200,9de41e72-ad84-4160-af68-c339f970a640,2026-08-02T13:30:00Z,2026-08-02T15:30:00+0200,240.391,MW,NL,NL,actual_offshore_wind_generation,Wind Offshore | Actual Aggregated,2026-08-07T04:53:21Z
2026-08-07T04:50:48Z,2026-08-07T06:50:48+0200,9de41e72-ad84-4160-af68-c339f970a640,2026-08-02T13:30:00Z,2026-08-02T15:30:00+0200,13.034,MW,NL,NL,actual_offshore_wind_generation,Wind Offshore | Actual Consumption,2026-08-07T04:53:21Z
2026-08-07T04:50:48Z,2026-08-07T06:50:48+0200,9de41e72-ad84-4160-af68-c339f970a640,2026-08-02T13:45:00Z,2026-08-02T15:45:00+0200,262.619,MW,NL,NL,actual_offshore_wind_generation,Wind Offshore | Actual Aggregated,2026-08-07T04:53:21Z
2026-08-07T04:50:48Z,2026-08-07T06:50:48+0200,9de41e72-ad84-4160-af68-c339f970a640,2026-08-02T13:45:00Z,2026-08-02T15:45:00+0200,13.791,MW,NL,NL,actual_offshore_wind_generation,Wind Offshore | Actual Consumption,2026-08-07T04:53:21Z
2026-08-07T04:50:48Z,2026-08-07T06:50:48+0200,9de41e72-ad84-4160-af68-c339f970a640,2026-08-02T14:00:00Z,2026-08-02T16:00:00+0200,279.144,MW,NL,NL,actual_offshore_wind_generation,Wind Offshore | Actual Aggregated,2026-08-07T04:53:21Z
2026-08-07T04:50:48Z,2026-08-07T06:50:48+0200,9de41e72-ad84-4160-af68-c339f970a640,2026-08-02T14:00:00Z,2026-08-02T16:00:00+0200,13.772,MW,NL,NL,actual_offshore_wind_generation,Wind Offshore | Actual Consumption,2026-08-07T04:53:21Z
2026-08-07T04:50:48Z,2026-08-07T06:50:48+0200,9de41e72-ad84-4160-af68-c339f970a640,2026-08-02T14:15:00Z,2026-08-02T16:15:00+0200,310.167,MW,NL,NL,actual_offshore_wind_generation,Wind Offshore | Actual Aggregated,2026-08-07T04:53:21Z
2026-08-07T04:50:48Z,2026-08-07T06:50:48+0200,9de41e72-ad84-4160-af68-c339f970a640,2026-08-02T14:15:00Z,2026-08-02T16:15:00+0200,14.443,MW,NL,NL,actual_offshore_wind_generation,Wind Offshore | Actual Consumption,2026-08-07T04:53:21Z
2026-08-07T04:50:48Z,2026-08-07T06:50:48+0200,9de41e72-ad84-4160-af68-c339f970a640,2026-08-02T14:30:00Z,2026-08-02T16:30:00+0200,508.379,MW,NL,NL,actual_offshore_wind_generation,Wind Offshore | Actual Aggregated,2026-08-07T04:53:21Z
2026-08-07T04:50:48Z,2026-08-07T06:50:48+0200,9de41e72-ad84-4160-af68-c339f970a640,2026-08-02T14:30:00Z,2026-08-02T16:30:00+0200,13.955,MW,NL,NL,actual_offshore_wind_generation,Wind Offshore | Actual Consumption,2026-08-07T04:53:21Z
2026-08-07T04:50:48Z,2026-08-07T06:50:48+0200,9de41e72-ad84-4160-af68-c339f970a640,2026-08-02T14:45:00Z,2026-08-02T16:45:00+0200,577.545,MW,NL,NL,actual_offshore_wind_generation,Wind Offshore | Actual Aggregated,2026-08-07T04:53:21Z
2026-08-07T04:50:48Z,2026-08-07T06:50:48+0200,9de41e72-ad84-4160-af68-c339f970a640,2026-08-02T14:45:00Z,2026-08-02T16:45:00+0200,13.25,MW,NL,NL,actual_offshore_wind_generation,Wind Offshore | Actual Consumption,2026-08-07T04:53:21Z
2026-08-07T04:50:48Z,2026-08-07T06:50:48+0200,9de41e72-ad84-4160-af68-c339f970a640,2026-08-02T15:00:00Z,2026-08-02T17:00:00+0200,1029.429,MW,NL,NL,actual_offshore_wind_generation,Wind Offshore | Actual Aggregated,2026-08-07T04:53:21Z
2026-08-07T04:50:48Z,2026-08-07T06:50:48+0200,9de41e72-ad84-4160-af68-c339f970a640,2026-08-02T15:00:00Z,2026-08-02T17:00:00+0200,13.488,MW,NL,NL,actual_offshore_wind_generation,Wind Offshore | Actual Consumption,2026-08-07T04:53:21Z
2026-08-07T04:50:48Z,2026-08-07T06:50:48+0200,9de41e72-ad84-4160-af68-c339f970a640,2026-08-02T15:15:00Z,2026-08-02T17:15:00+0200,1657.542,MW,NL,NL,actual_offshore_wind_generation,Wind Offshore | Actual Aggregated,2026-08-07T04:53:21Z
2026-08-07T04:50:48Z,2026-08-07T06:50:48+0200,9de41e72-ad84-4160-af68-c339f970a640,2026-08-02T15:15:00Z,2026-08-02T17:15:00+0200,11.952,MW,NL,NL,actual_offshore_wind_generation,Wind Offshore | Actual Consumption,2026-08-07T04:53:21Z
2026-08-07T04:50:48Z,2026-08-07T06:50:48+0200,9de41e72-ad84-4160-af68-c339f970a640,2026-08-02T15:30:00Z,2026-08-02T17:30:00+0200,1818.577,MW,NL,NL,actual_offshore_wind_generation,Wind Offshore | Actual Aggregated,2026-08-07T04:53:21Z
2026-08-07T04:50:48Z,2026-08-07T06:50:48+0200,9de41e72-ad84-4160-af68-c339f970a640,2026-08-02T15:30:00Z,2026-08-02T17:30:00+0200,11.946,MW,NL,NL,actual_offshore_wind_generation,Wind Offshore | Actual Consumption,2026-08-07T04:53:21Z
2026-08-07T04:50:48Z,2026-08-07T06:50:48+0200,9de41e72-ad84-4160-af68-c339f970a640,2026-08-02T15:45:00Z,2026-08-02T17:45:00+0200,1912.884,MW,NL,NL,actual_offshore_wind_generation,Wind Offshore | Actual Aggregated,2026-08-07T04:53:21Z
2026-08-07T04:50:48Z,2026-08-07T06:50:48+0200,9de41e72-ad84-4160-af68-c339f970a640,2026-08-02T15:45:00Z,2026-08-02T17:45:00+0200,10.867,MW,NL,NL,actual_offshore_wind_generation,Wind Offshore | Actual Consumption,2026-08-07T04:53:21Z
2026-08-07T04:50:48Z,2026-08-07T06:50:48+0200,9de41e72-ad84-4160-af68-c339f970a640,2026-08-02T16:00:00Z,2026-08-02T18:00:00+0200,1974.035,MW,NL,NL,actual_offshore_wind_generation,Wind Offshore | Actual Aggregated,2026-08-07T04:53:21Z
2026-08-07T04:50:48Z,2026-08-07T06:50:48+0200,9de41e72-ad84-4160-af68-c339f970a640,2026-08-02T16:00:00Z,2026-08-02T18:00:00+0200,8.214,MW,NL,NL,actual_offshore_wind_generation,Wind Offshore | Actual Consumption,2026-08-07T04:53:21Z
2026-08-07T04:50:48Z,2026-08-07T06:50:48+0200,9de41e72-ad84-4160-af68-c339f970a640,2026-08-02T16:15:00Z,2026-08-02T18:15:00+0200,2082.801,MW,NL,NL,actual_offshore_wind_generation,Wind Offshore | Actual Aggregated,2026-08-07T04:53:21Z
2026-08-07T04:50:48Z,2026-08-07T06:50:48+0200,9de41e72-ad84-4160-af68-c339f970a640,2026-08-02T16:15:00Z,2026-08-02T18:15:00+0200,7.268,MW,NL,NL,actual_offshore_wind_generation,Wind Offshore | Actual Consumption,2026-08-07T04:53:21Z
2026-08-07T04:50:48Z,2026-08-07T06:50:48+0200,9de41e72-ad84-4160-af68-c339f970a640,2026-08-02T16:30:00Z,2026-08-02T18:30:00+0200,2167.976,MW,NL,NL,actual_offshore_wind_generation,Wind Offshore | Actual Aggregated,2026-08-07T04:53:21Z
2026-08-07T04:50:48Z,2026-08-07T06:50:48+0200,9de41e72-ad84-4160-af68-c339f970a640,2026-08-02T16:30:00Z,2026-08-02T18:30:00+0200,6.748,MW,NL,NL,actual_offshore_wind_generation,Wind Offshore | Actual Consumption,2026-08-07T04:53:21Z
2026-08-07T04:50:48Z,2026-08-07T06:50:48+0200,9de41e72-ad84-4160-af68-c339f970a640,2026-08-02T16:45:00Z,2026-08-02T18:45:00+0200,2250.074,MW,NL,NL,actual_offshore_wind_generation,Wind Offshore | Actual Aggregated,2026-08-07T04:53:21Z
2026-08-07T04:50:48Z,2026-08-07T06:50:48+0200,9de41e72-ad84-4160-af68-c339f970a640,2026-08-02T16:45:00Z,2026-08-02T18:45:00+0200,8.347,MW,NL,NL,actual_offshore_wind_generation,Wind Offshore | Actual Consumption,2026-08-07T04:53:21Z
2026-08-07T04:50:48Z,2026-08-07T06:50:48+0200,9de41e72-ad84-4160-af68-c339f970a640,2026-08-02T17:00:00Z,2026-08-02T19:00:00+0200,2334.192,MW,NL,NL,actual_offshore_wind_generation,Wind Offshore | Actual Aggregated,2026-08-07T04:53:21Z
2026-08-07T04:50:48Z,2026-08-07T06:50:48+0200,9de41e72-ad84-4160-af68-c339f970a640,2026-08-02T17:00:00Z,2026-08-02T19:00:00+0200,10.789,MW,NL,NL,actual_offshore_wind_generation,Wind Offshore | Actual Consumption,2026-08-07T04:53:21Z
2026-08-07T04:50:48Z,2026-08-07T06:50:48+0200,9de41e72-ad84-4160-af68-c339f970a640,2026-08-02T17:15:00Z,2026-08-02T19:15:00+0200,2408.088,MW,NL,NL,actual_offshore_wind_generation,Wind Offshore | Actual Aggregated,2026-08-07T04:53:21Z
2026-08-07T04:50:48Z,2026-08-07T06:50:48+0200,9de41e72-ad84-4160-af68-c339f970a640,2026-08-02T17:15:00Z,2026-08-02T19:15:00+0200,12.592,MW,NL,NL,actual_offshore_wind_generation,Wind Offshore | Actual Consumption,2026-08-07T04:53:21Z
2026-08-07T04:50:48Z,2026-08-07T06:50:48+0200,9de41e72-ad84-4160-af68-c339f970a640,2026-08-02T17:30:00Z,2026-08-02T19:30:00+0200,2422.032,MW,NL,NL,actual_offshore_wind_generation,Wind Offshore | Actual Aggregated,2026-08-07T04:53:21Z
2026-08-07T04:50:48Z,2026-08-07T06:50:48+0200,9de41e72-ad84-4160-af68-c339f970a640,2026-08-02T17:30:00Z,2026-08-02T19:30:00+0200,14.278,MW,NL,NL,actual_offshore_wind_generation,Wind Offshore | Actual Consumption,2026-08-07T04:53:21Z
2026-08-07T04:50:48Z,2026-08-07T06:50:48+0200,9de41e72-ad84-4160-af68-c339f970a640,2026-08-02T17:45:00Z,2026-08-02T19:45:00+0200,2468.31,MW,NL,NL,actual_offshore_wind_generation,Wind Offshore | Actual Aggregated,2026-08-07T04:53:21Z
2026-08-07T04:50:48Z,2026-08-07T06:50:48+0200,9de41e72-ad84-4160-af68-c339f970a640,2026-08-02T17:45:00Z,2026-08-02T19:45:00+0200,13.615,MW,NL,NL,actual_offshore_wind_generation,Wind Offshore | Actual Consumption,2026-08-07T04:53:21Z
2026-08-07T04:50:48Z,2026-08-07T06:50:48+0200,9de41e72-ad84-4160-af68-c339f970a640,2026-08-02T18:00:00Z,2026-08-02T20:00:00+0200,2576.67,MW,NL,NL,actual_offshore_wind_generation,Wind Offshore | Actual Aggregated,2026-08-07T04:53:21Z
2026-08-07T04:50:48Z,2026-08-07T06:50:48+0200,9de41e72-ad84-4160-af68-c339f970a640,2026-08-02T18:00:00Z,2026-08-02T20:00:00+0200,15.035,MW,NL,NL,actual_offshore_wind_generation,Wind Offshore | Actual Consumption,2026-08-07T04:53:21Z
2026-08-07T04:50:48Z,2026-08-07T06:50:48+0200,9de41e72-ad84-4160-af68-c339f970a640,2026-08-02T18:15:00Z,2026-08-02T20:15:00+0200,2695.611,MW,NL,NL,actual_offshore_wind_generation,Wind Offshore | Actual Aggregated,2026-08-07T04:53:21Z
2026-08-07T04:50:48Z,2026-08-07T06:50:48+0200,9de41e72-ad84-4160-af68-c339f970a640,2026-08-02T18:15:00Z,2026-08-02T20:15:00+0200,16.135,MW,NL,NL,actual_offshore_wind_generation,Wind Offshore | Actual Consumption,2026-08-07T04:53:21Z
2026-08-07T04:50:48Z,2026-08-07T06:50:48+0200,9de41e72-ad84-4160-af68-c339f970a640,2026-08-02T18:30:00Z,2026-08-02T20:30:00+0200,2827.909,MW,NL,NL,actual_offshore_wind_generation,Wind Offshore | Actual Aggregated,2026-08-07T04:53:21Z
2026-08-07T04:50:48Z,2026-08-07T06:50:48+0200,9de41e72-ad84-4160-af68-c339f970a640,2026-08-02T18:30:00Z,2026-08-02T20:30:00+0200,14.312,MW,NL,NL,actual_offshore_wind_generation,Wind Offshore | Actual Consumption,2026-08-07T04:53:21Z
2026-08-07T04:50:48Z,2026-08-07T06:50:48+0200,9de41e72-ad84-4160-af68-c339f970a640,2026-08-02T18:45:00Z,2026-08-02T20:45:00+0200,2932.848,MW,NL,NL,actual_offshore_wind_generation,Wind Offshore | Actual Aggregated,2026-08-07T04:53:21Z
2026-08-07T04:50:48Z,2026-08-07T06:50:48+0200,9de41e72-ad84-4160-af68-c339f970a640,2026-08-02T18:45:00Z,2026-08-02T20:45:00+0200,13.969,MW,NL,NL,actual_offshore_wind_generation,Wind Offshore | Actual Consumption,2026-08-07T04:53:21Z
2026-08-07T04:50:48Z,2026-08-07T06:50:48+0200,9de41e72-ad84-4160-af68-c339f970a640,2026-08-02T19:00:00Z,2026-08-02T21:00:00+0200,3065.413,MW,NL,NL,actual_offshore_wind_generation,Wind Offshore | Actual Aggregated,2026-08-07T04:53:21Z
2026-08-07T04:50:48Z,2026-08-07T06:50:48+0200,9de41e72-ad84-4160-af68-c339f970a640,2026-08-02T19:00:00Z,2026-08-02T21:00:00+0200,12.964,MW,NL,NL,actual_offshore_wind_generation,Wind Offshore | Actual Consumption,2026-08-07T04:53:21Z
2026-08-07T04:50:48Z,2026-08-07T06:50:48+0200,9de41e72-ad84-4160-af68-c339f970a640,2026-08-02T19:15:00Z,2026-08-02T21:15:00+0200,3165.695,MW,NL,NL,actual_offshore_wind_generation,Wind Offshore | Actual Aggregated,2026-08-07T04:53:21Z
2026-08-07T04:50:48Z,2026-08-07T06:50:48+0200,9de41e72-ad84-4160-af68-c339f970a640,2026-08-02T19:15:00Z,2026-08-02T21:15:00+0200,13.998,MW,NL,NL,actual_offshore_wind_generation,Wind Offshore | Actual Consumption,2026-08-07T04:53:21Z
2026-08-07T04:50:48Z,2026-08-07T06:50:48+0200,9de41e72-ad84-4160-af68-c339f970a640,2026-08-02T19:30:00Z,2026-08-02T21:30:00+0200,3257.821,MW,NL,NL,actual_offshore_wind_generation,Wind Offshore | Actual Aggregated,2026-08-07T04:53:21Z
2026-08-07T04:50:48Z,2026-08-07T06:50:48+0200,9de41e72-ad84-4160-af68-c339f970a640,2026-08-02T19:30:00Z,2026-08-02T21:30:00+0200,14.062,MW,NL,NL,actual_offshore_wind_generation,Wind Offshore | Actual Consumption,2026-08-07T04:53:21Z
2026-08-07T04:50:48Z,2026-08-07T06:50:48+0200,9de41e72-ad84-4160-af68-c339f970a640,2026-08-02T19:45:00Z,2026-08-02T21:45:00+0200,3322.045,MW,NL,NL,actual_offshore_wind_generation,Wind Offshore | Actual Aggregated,2026-08-07T04:53:21Z
2026-08-07T04:50:48Z,2026-08-07T06:50:48+0200,9de41e72-ad84-4160-af68-c339f970a640,2026-08-02T19:45:00Z,2026-08-02T21:45:00+0200,15.184,MW,NL,NL,actual_offshore_wind_generation,Wind Offshore | Actual Consumption,2026-08-07T04:53:21Z
2026-08-07T04:50:48Z,2026-08-07T06:50:48+0200,9de41e72-ad84-4160-af68-c339f970a640,2026-08-02T20:00:00Z,2026-08-02T22:00:00+0200,3370.449,MW,NL,NL,actual_offshore_wind_generation,Wind Offshore | Actual Aggregated,2026-08-07T04:53:21Z
2026-08-07T04:50:48Z,2026-08-07T06:50:48+0200,9de41e72-ad84-4160-af68-c339f970a640,2026-08-02T20:00:00Z,2026-08-02T22:00:00+0200,15.32,MW,NL,NL,actual_offshore_wind_generation,Wind Offshore | Actual Consumption,2026-08-07T04:53:21Z
2026-08-07T04:50:48Z,2026-08-07T06:50:48+0200,9de41e72-ad84-4160-af68-c339f970a640,2026-08-02T20:15:00Z,2026-08-02T22:15:00+0200,3415.121,MW,NL,NL,actual_offshore_wind_generation,Wind Offshore | Actual Aggregated,2026-08-07T04:53:21Z
2026-08-07T04:50:48Z,2026-08-07T06:50:48+0200,9de41e72-ad84-4160-af68-c339f970a640,2026-08-02T20:15:00Z,2026-08-02T22:15:00+0200,15.661,MW,NL,NL,actual_offshore_wind_generation,Wind Offshore | Actual Consumption,2026-08-07T04:53:21Z
2026-08-07T04:50:48Z,2026-08-07T06:50:48+0200,9de41e72-ad84-4160-af68-c339f970a640,2026-08-02T20:30:00Z,2026-08-02T22:30:00+0200,3490.082,MW,NL,NL,actual_offshore_wind_generation,Wind Offshore | Actual Aggregated,2026-08-07T04:53:21Z
2026-08-07T04:50:48Z,2026-08-07T06:50:48+0200,9de41e72-ad84-4160-af68-c339f970a640,2026-08-02T20:30:00Z,2026-08-02T22:30:00+0200,16.046,MW,NL,NL,actual_offshore_wind_generation,Wind Offshore | Actual Consumption,2026-08-07T04:53:21Z
2026-08-07T04:50:48Z,2026-08-07T06:50:48+0200,9de41e72-ad84-4160-af68-c339f970a640,2026-08-02T20:45:00Z,2026-08-02T22:45:00+0200,3513.827,MW,NL,NL,actual_offshore_wind_generation,Wind Offshore | Actual Aggregated,2026-08-07T04:53:21Z
2026-08-07T04:50:48Z,2026-08-07T06:50:48+0200,9de41e72-ad84-4160-af68-c339f970a640,2026-08-02T20:45:00Z,2026-08-02T22:45:00+0200,15.094,MW,NL,NL,actual_offshore_wind_generation,Wind Offshore | Actual Consumption,2026-08-07T04:53:21Z
2026-08-07T04:50:48Z,2026-08-07T06:50:48+0200,9de41e72-ad84-4160-af68-c339f970a640,2026-08-02T21:00:00Z,2026-08-02T23:00:00+0200,3509.127,MW,NL,NL,actual_offshore_wind_generation,Wind Offshore | Actual Aggregated,2026-08-07T04:53:21Z
2026-08-07T04:50:48Z,2026-08-07T06:50:48+0200,9de41e72-ad84-4160-af68-c339f970a640,2026-08-02T21:00:00Z,2026-08-02T23:00:00+0200,15.893,MW,NL,NL,actual_offshore_wind_generation,Wind Offshore | Actual Consumption,2026-08-07T04:53:21Z
2026-08-07T04:50:48Z,2026-08-07T06:50:48+0200,9de41e72-ad84-4160-af68-c339f970a640,2026-08-02T21:15:00Z,2026-08-02T23:15:00+0200,3491.584,MW,NL,NL,actual_offshore_wind_generation,Wind Offshore | Actual Aggregated,2026-08-07T04:53:21Z
2026-08-07T04:50:48Z,2026-08-07T06:50:48+0200,9de41e72-ad84-4160-af68-c339f970a640,2026-08-02T21:15:00Z,2026-08-02T23:15:00+0200,16.808,MW,NL,NL,actual_offshore_wind_generation,Wind Offshore | Actual Consumption,2026-08-07T04:53:21Z
2026-08-07T04:50:48Z,2026-08-07T06:50:48+0200,9de41e72-ad84-4160-af68-c339f970a640,2026-08-02T21:30:00Z,2026-08-02T23:30:00+0200,3387.688,MW,NL,NL,actual_offshore_wind_generation,Wind Offshore | Actual Aggregated,2026-08-07T04:53:21Z
2026-08-07T04:50:48Z,2026-08-07T06:50:48+0200,9de41e72-ad84-4160-af68-c339f970a640,2026-08-02T21:30:00Z,2026-08-02T23:30:00+0200,15.012,MW,NL,NL,actual_offshore_wind_generation,Wind Offshore | Actual Consumption,2026-08-07T04:53:21Z
2026-08-07T04:50:48Z,2026-08-07T06:50:48+0200,9de41e72-ad84-4160-af68-c339f970a640,2026-08-02T21:45:00Z,2026-08-02T23:45:00+0200,3310.332,MW,NL,NL,actual_offshore_wind_generation,Wind Offshore | Actual Aggregated,2026-08-07T04:53:21Z
2026-08-07T04:50:48Z,2026-08-07T06:50:48+0200,9de41e72-ad84-4160-af68-c339f970a640,2026-08-02T21:45:00Z,2026-08-02T23:45:00+0200,12.437,MW,NL,NL,actual_offshore_wind_generation,Wind Offshore | Actual Consumption,2026-08-07T04:53:21Z
2026-08-07T04:50:48Z,2026-08-07T06:50:48+0200,9de41e72-ad84-4160-af68-c339f970a640,2026-08-02T22:00:00Z,2026-08-03T00:00:00+0200,3302.392,MW,NL,NL,actual_offshore_wind_generation,Wind Offshore | Actual Aggregated,2026-08-07T04:53:21Z
2026-08-07T04:50:48Z,2026-08-07T06:50:48+0200,9de41e72-ad84-4160-af68-c339f970a640,2026-08-02T22:00:00Z,2026-08-03T00:00:00+0200,14.288,MW,NL,NL,actual_offshore_wind_generation,Wind Offshore | Actual Consumption,2026-08-07T04:53:21Z
2026-08-07T04:50:48Z,2026-08-07T06:50:48+0200,9de41e72-ad84-4160-af68-c339f970a640,2026-08-02T22:15:00Z,2026-08-03T00:15:00+0200,3255.751,MW,NL,NL,actual_offshore_wind_generation,Wind Offshore | Actual Aggregated,2026-08-07T04:53:21Z
2026-08-07T04:50:48Z,2026-08-07T06:50:48+0200,9de41e72-ad84-4160-af68-c339f970a640,2026-08-02T22:15:00Z,2026-08-03T00:15:00+0200,14.165,MW,NL,NL,actual_offshore_wind_generation,Wind Offshore | Actual Consumption,2026-08-07T04:53:21Z
2026-08-07T04:50:48Z,2026-08-07T06:50:48+0200,9de41e72-ad84-4160-af68-c339f970a640,2026-08-02T22:30:00Z,2026-08-03T00:30:00+0200,3197.668,MW,NL,NL,actual_offshore_wind_generation,Wind Offshore | Actual Aggregated,2026-08-07T04:53:21Z
2026-08-07T04:50:48Z,2026-08-07T06:50:48+0200,9de41e72-ad84-4160-af68-c339f970a640,2026-08-02T22:30:00Z,2026-08-03T00:30:00+0200,12.911,MW,NL,NL,actual_offshore_wind_generation,Wind Offshore | Actual Consumption,2026-08-07T04:53:21Z
2026-08-07T04:50:48Z,2026-08-07T06:50:48+0200,9de41e72-ad84-4160-af68-c339f970a640,2026-08-02T22:45:00Z,2026-08-03T00:45:00+0200,3184.224,MW,NL,NL,actual_offshore_wind_generation,Wind Offshore | Actual Aggregated,2026-08-07T04:53:21Z
2026-08-07T04:50:48Z,2026-08-07T06:50:48+0200,9de41e72-ad84-4160-af68-c339f970a640,2026-08-02T22:45:00Z,2026-08-03T00:45:00+0200,14.649,MW,NL,NL,actual_offshore_wind_generation,Wind Offshore | Actual Consumption,2026-08-07T04:53:21Z
2026-08-07T04:50:48Z,2026-08-07T06:50:48+0200,9de41e72-ad84-4160-af68-c339f970a640,2026-08-02T23:00:00Z,2026-08-03T01:00:00+0200,3114.063,MW,NL,NL,actual_offshore_wind_generation,Wind Offshore | Actual Aggregated,2026-08-07T04:53:21Z
2026-08-07T04:50:48Z,2026-08-07T06:50:48+0200,9de41e72-ad84-4160-af68-c339f970a640,2026-08-02T23:00:00Z,2026-08-03T01:00:00+0200,14.615,MW,NL,NL,actual_offshore_wind_generation,Wind Offshore | Actual Consumption,2026-08-07T04:53:21Z
2026-08-07T04:50:48Z,2026-08-07T06:50:48+0200,9de41e72-ad84-4160-af68-c339f970a640,2026-08-02T23:15:00Z,2026-08-03T01:15:00+0200,2977.263,MW,NL,NL,actual_offshore_wind_generation,Wind Offshore | Actual Aggregated,2026-08-07T04:53:21Z
2026-08-07T04:50:48Z,2026-08-07T06:50:48+0200,9de41e72-ad84-4160-af68-c339f970a640,2026-08-02T23:15:00Z,2026-08-03T01:15:00+0200,12.655,MW,NL,NL,actual_offshore_wind_generation,Wind Offshore | Actual Consumption,2026-08-07T04:53:21Z
2026-08-07T04:50:48Z,2026-08-07T06:50:48+0200,9de41e72-ad84-4160-af68-c339f970a640,2026-08-02T23:30:00Z,2026-08-03T01:30:00+0200,2896.38,MW,NL,NL,actual_offshore_wind_generation,Wind Offshore | Actual Aggregated,2026-08-07T04:53:21Z
2026-08-07T04:50:48Z,2026-08-07T06:50:48+0200,9de41e72-ad84-4160-af68-c339f970a640,2026-08-02T23:30:00Z,2026-08-03T01:30:00+0200,11.34,MW,NL,NL,actual_offshore_wind_generation,Wind Offshore | Actual Consumption,2026-08-07T04:53:21Z
2026-08-07T04:50:48Z,2026-08-07T06:50:48+0200,9de41e72-ad84-4160-af68-c339f970a640,2026-08-02T23:45:00Z,2026-08-03T01:45:00+0200,2827.338,MW,NL,NL,actual_offshore_wind_generation,Wind Offshore | Actual Aggregated,2026-08-07T04:53:21Z
2026-08-07T04:50:48Z,2026-08-07T06:50:48+0200,9de41e72-ad84-4160-af68-c339f970a640,2026-08-02T23:45:00Z,2026-08-03T01:45:00+0200,9.126,MW,NL,NL,actual_offshore_wind_generation,Wind Offshore | Actual Consumption,2026-08-07T04:53:21Z
2026-08-07T04:50:48Z,2026-08-07T06:50:48+0200,9de41e72-ad84-4160-af68-c339f970a640,2026-08-03T00:00:00Z,2026-08-03T02:00:00+0200,2796.107,MW,NL,NL,actual_offshore_wind_generation,Wind Offshore | Actual Aggregated,2026-08-07T04:53:21Z
2026-08-07T04:50:48Z,2026-08-07T06:50:48+0200,9de41e72-ad84-4160-af68-c339f970a640,2026-08-03T00:00:00Z,2026-08-03T02:00:00+0200,10.623,MW,NL,NL,actual_offshore_wind_generation,Wind Offshore | Actual Consumption,2026-08-07T04:53:21Z
2026-08-07T04:50:48Z,2026-08-07T06:50:48+0200,9de41e72-ad84-4160-af68-c339f970a640,2026-08-03T00:15:00Z,2026-08-03T02:15:00+0200,2777.481,MW,NL,NL,actual_offshore_wind_generation,Wind Offshore | Actual Aggregated,2026-08-07T04:53:21Z
2026-08-07T04:50:48Z,2026-08-07T06:50:48+0200,9de41e72-ad84-4160-af68-c339f970a640,2026-08-03T00:15:00Z,2026-08-03T02:15:00+0200,10.729,MW,NL,NL,actual_offshore_wind_generation,Wind Offshore | Actual Consumption,2026-08-07T04:53:21Z
2026-08-07T04:50:48Z,2026-08-07T06:50:48+0200,9de41e72-ad84-4160-af68-c339f970a640,2026-08-03T00:30:00Z,2026-08-03T02:30:00+0200,2733.536,MW,NL,NL,actual_offshore_wind_generation,Wind Offshore | Actual Aggregated,2026-08-07T04:53:21Z
2026-08-07T04:50:48Z,2026-08-07T06:50:48+0200,9de41e72-ad84-4160-af68-c339f970a640,2026-08-03T00:30:00Z,2026-08-03T02:30:00+0200,10.372,MW,NL,NL,actual_offshore_wind_generation,Wind Offshore | Actual Consumption,2026-08-07T04:53:21Z
2026-08-07T04:50:48Z,2026-08-07T06:50:48+0200,9de41e72-ad84-4160-af68-c339f970a640,2026-08-03T00:45:00Z,2026-08-03T02:45:00+0200,2699.457,MW,NL,NL,actual_offshore_wind_generation,Wind Offshore | Actual Aggregated,2026-08-07T04:53:21Z
2026-08-07T04:50:48Z,2026-08-07T06:50:48+0200,9de41e72-ad84-4160-af68-c339f970a640,2026-08-03T00:45:00Z,2026-08-03T02:45:00+0200,9.96,MW,NL,NL,actual_offshore_wind_generation,Wind Offshore | Actual Consumption,2026-08-07T04:53:21Z
2026-08-07T04:50:48Z,2026-08-07T06:50:48+0200,9de41e72-ad84-4160-af68-c339f970a640,2026-08-03T01:00:00Z,2026-08-03T03:00:00+0200,2718.602,MW,NL,NL,actual_offshore_wind_generation,Wind Offshore | Actual Aggregated,2026-08-07T04:53:21Z
2026-08-07T04:50:48Z,2026-08-07T06:50:48+0200,9de41e72-ad84-4160-af68-c339f970a640,2026-08-03T01:00:00Z,2026-08-03T03:00:00+0200,11.533,MW,NL,NL,actual_offshore_wind_generation,Wind Offshore | Actual Consumption,2026-08-07T04:53:21Z
2026-08-07T04:50:48Z,2026-08-07T06:50:48+0200,9de41e72-ad84-4160-af68-c339f970a640,2026-08-03T01:15:00Z,2026-08-03T03:15:00+0200,2582.894,MW,NL,NL,actual_offshore_wind_generation,Wind Offshore | Actual Aggregated,2026-08-07T04:53:21Z
2026-08-07T04:50:48Z,2026-08-07T06:50:48+0200,9de41e72-ad84-4160-af68-c339f970a640,2026-08-03T01:15:00Z,2026-08-03T03:15:00+0200,11.34,MW,NL,NL,actual_offshore_wind_generation,Wind Offshore | Actual Consumption,2026-08-07T04:53:21Z
2026-08-07T04:50:48Z,2026-08-07T06:50:48+0200,9de41e72-ad84-4160-af68-c339f970a640,2026-08-03T01:30:00Z,2026-08-03T03:30:00+0200,2471.435,MW,NL,NL,actual_offshore_wind_generation,Wind Offshore | Actual Aggregated,2026-08-07T04:53:21Z
2026-08-07T04:50:48Z,2026-08-07T06:50:48+0200,9de41e72-ad84-4160-af68-c339f970a640,2026-08-03T01:30:00Z,2026-08-03T03:30:00+0200,9.585,MW,NL,NL,actual_offshore_wind_generation,Wind Offshore | Actual Consumption,2026-08-07T04:53:21Z
2026-08-07T04:50:48Z,2026-08-07T06:50:48+0200,9de41e72-ad84-4160-af68-c339f970a640,2026-08-03T01:45:00Z,2026-08-03T03:45:00+0200,2383.985,MW,NL,NL,actual_offshore_wind_generation,Wind Offshore | Actual Aggregated,2026-08-07T04:53:21Z
2026-08-07T04:50:48Z,2026-08-07T06:50:48+0200,9de41e72-ad84-4160-af68-c339f970a640,2026-08-03T01:45:00Z,2026-08-03T03:45:00+0200,8.617,MW,NL,NL,actual_offshore_wind_generation,Wind Offshore | Actual Consumption,2026-08-07T04:53:21Z
2026-08-07T04:50:48Z,2026-08-07T06:50:48+0200,9de41e72-ad84-4160-af68-c339f970a640,2026-08-03T02:00:00Z,2026-08-03T04:00:00+0200,2292.468,MW,NL,NL,actual_offshore_wind_generation,Wind Offshore | Actual Aggregated,2026-08-07T04:53:21Z
2026-08-07T04:50:48Z,2026-08-07T06:50:48+0200,9de41e72-ad84-4160-af68-c339f970a640,2026-08-03T02:00:00Z,2026-08-03T04:00:00+0200,8.047,MW,NL,NL,actual_offshore_wind_generation,Wind Offshore | Actual Consumption,2026-08-07T04:53:21Z
2026-08-07T04:50:48Z,2026-08-07T06:50:48+0200,9de41e72-ad84-4160-af68-c339f970a640,2026-08-03T02:15:00Z,2026-08-03T04:15:00+0200,2273.515,MW,NL,NL,actual_offshore_wind_generation,Wind Offshore | Actual Aggregated,2026-08-07T04:53:21Z
2026-08-07T04:50:48Z,2026-08-07T06:50:48+0200,9de41e72-ad84-4160-af68-c339f970a640,2026-08-03T02:15:00Z,2026-08-03T04:15:00+0200,8.554,MW,NL,NL,actual_offshore_wind_generation,Wind Offshore | Actual Consumption,2026-08-07T04:53:21Z
2026-08-07T04:50:48Z,2026-08-07T06:50:48+0200,9de41e72-ad84-4160-af68-c339f970a640,2026-08-03T02:30:00Z,2026-08-03T04:30:00+0200,2154.797,MW,NL,NL,actual_offshore_wind_generation,Wind Offshore | Actual Aggregated,2026-08-07T04:53:21Z
2026-08-07T04:50:48Z,2026-08-07T06:50:48+0200,9de41e72-ad84-4160-af68-c339f970a640,2026-08-03T02:30:00Z,2026-08-03T04:30:00+0200,9.222,MW,NL,NL,actual_offshore_wind_generation,Wind Offshore | Actual Consumption,2026-08-07T04:53:21Z
2026-08-07T04:50:48Z,2026-08-07T06:50:48+0200,9de41e72-ad84-4160-af68-c339f970a640,2026-08-03T02:45:00Z,2026-08-03T04:45:00+0200,1990.049,MW,NL,NL,actual_offshore_wind_generation,Wind Offshore | Actual Aggregated,2026-08-07T04:53:21Z
2026-08-07T04:50:48Z,2026-08-07T06:50:48+0200,9de41e72-ad84-4160-af68-c339f970a640,2026-08-03T02:45:00Z,2026-08-03T04:45:00+0200,7.979,MW,NL,NL,actual_offshore_wind_generation,Wind Offshore | Actual Consumption,2026-08-07T04:53:21Z
2026-08-07T04:50:48Z,2026-08-07T06:50:48+0200,9de41e72-ad84-4160-af68-c339f970a640,2026-08-03T03:00:00Z,2026-08-03T05:00:00+0200,1927.333,MW,NL,NL,actual_offshore_wind_generation,Wind Offshore | Actual Aggregated,2026-08-07T04:53:21Z
2026-08-07T04:50:48Z,2026-08-07T06:50:48+0200,9de41e72-ad84-4160-af68-c339f970a640,2026-08-03T03:00:00Z,2026-08-03T05:00:00+0200,7.292,MW,NL,NL,actual_offshore_wind_generation,Wind Offshore | Actual Consumption,2026-08-07T04:53:21Z
2026-08-07T04:50:48Z,2026-08-07T06:50:48+0200,9de41e72-ad84-4160-af68-c339f970a640,2026-08-03T03:15:00Z,2026-08-03T05:15:00+0200,1926.066,MW,NL,NL,actual_offshore_wind_generation,Wind Offshore | Actual Aggregated,2026-08-07T04:53:21Z
2026-08-07T04:50:48Z,2026-08-07T06:50:48+0200,9de41e72-ad84-4160-af68-c339f970a640,2026-08-03T03:15:00Z,2026-08-03T05:15:00+0200,7.993,MW,NL,NL,actual_offshore_wind_generation,Wind Offshore | Actual Consumption,2026-08-07T04:53:21Z
2026-08-07T04:50:48Z,2026-08-07T06:50:48+0200,9de41e72-ad84-4160-af68-c339f970a640,2026-08-03T03:30:00Z,2026-08-03T05:30:00+0200,1886.816,MW,NL,NL,actual_offshore_wind_generation,Wind Offshore | Actual Aggregated,2026-08-07T04:53:21Z
2026-08-07T04:50:48Z,2026-08-07T06:50:48+0200,9de41e72-ad84-4160-af68-c339f970a640,2026-08-03T03:30:00Z,2026-08-03T05:30:00+0200,6.604,MW,NL,NL,actual_offshore_wind_generation,Wind Offshore | Actual Consumption,2026-08-07T04:53:21Z
2026-08-07T04:50:48Z,2026-08-07T06:50:48+0200,9de41e72-ad84-4160-af68-c339f970a640,2026-08-03T03:45:00Z,2026-08-03T05:45:00+0200,1756.79,MW,NL,NL,actual_offshore_wind_generation,Wind Offshore | Actual Aggregated,2026-08-07T04:53:21Z
2026-08-07T04:50:48Z,2026-08-07T06:50:48+0200,9de41e72-ad84-4160-af68-c339f970a640,2026-08-03T03:45:00Z,2026-08-03T05:45:00+0200,6.476,MW,NL,NL,actual_offshore_wind_generation,Wind Offshore | Actual Consumption,2026-08-07T04:53:21Z
2026-08-07T04:50:48Z,2026-08-07T06:50:48+0200,9de41e72-ad84-4160-af68-c339f970a640,2026-08-03T04:00:00Z,2026-08-03T06:00:00+0200,1599.835,MW,NL,NL,actual_offshore_wind_generation,Wind Offshore | Actual Aggregated,2026-08-07T04:53:21Z
2026-08-07T04:50:48Z,2026-08-07T06:50:48+0200,9de41e72-ad84-4160-af68-c339f970a640,2026-08-03T04:00:00Z,2026-08-03T06:00:00+0200,5.551,MW,NL,NL,actual_offshore_wind_generation,Wind Offshore | Actual Consumption,2026-08-07T04:53:21Z
2026-08-07T04:50:48Z,2026-08-07T06:50:48+0200,9de41e72-ad84-4160-af68-c339f970a640,2026-08-03T04:15:00Z,2026-08-03T06:15:00+0200,1548.371,MW,NL,NL,actual_offshore_wind_generation,Wind Offshore | Actual Aggregated,2026-08-07T04:53:21Z
2026-08-07T04:50:48Z,2026-08-07T06:50:48+0200,9de41e72-ad84-4160-af68-c339f970a640,2026-08-03T04:15:00Z,2026-08-03T06:15:00+0200,3.958,MW,NL,NL,actual_offshore_wind_generation,Wind Offshore | Actual Consumption,2026-08-07T04:53:21Z
2026-08-07T04:50:48Z,2026-08-07T06:50:48+0200,9de41e72-ad84-4160-af68-c339f970a640,2026-08-03T04:30:00Z,2026-08-03T06:30:00+0200,1460.573,MW,NL,NL,actual_offshore_wind_generation,Wind Offshore | Actual Aggregated,2026-08-07T04:53:21Z
2026-08-07T04:50:48Z,2026-08-07T06:50:48+0200,9de41e72-ad84-4160-af68-c339f970a640,2026-08-03T04:30:00Z,2026-08-03T06:30:00+0200,2.897,MW,NL,NL,actual_offshore_wind_generation,Wind Offshore | Actual Consumption,2026-08-07T04:53:21Z
2026-08-07T04:50:48Z,2026-08-07T06:50:48+0200,9de41e72-ad84-4160-af68-c339f970a640,2026-08-03T04:45:00Z,2026-08-03T06:45:00+0200,1370.307,MW,NL,NL,actual_offshore_wind_generation,Wind Offshore | Actual Aggregated,2026-08-07T04:53:21Z
2026-08-07T04:50:48Z,2026-08-07T06:50:48+0200,9de41e72-ad84-4160-af68-c339f970a640,2026-08-03T04:45:00Z,2026-08-03T06:45:00+0200,2.266,MW,NL,NL,actual_offshore_wind_generation,Wind Offshore | Actual Consumption,2026-08-07T04:53:21Z
2026-08-07T04:50:48Z,2026-08-07T06:50:48+0200,9de41e72-ad84-4160-af68-c339f970a640,2026-08-03T05:00:00Z,2026-08-03T07:00:00+0200,1326.519,MW,NL,NL,actual_offshore_wind_generation,Wind Offshore | Actual Aggregated,2026-08-07T04:53:21Z
2026-08-07T04:50:48Z,2026-08-07T06:50:48+0200,9de41e72-ad84-4160-af68-c339f970a640,2026-08-03T05:00:00Z,2026-08-03T07:00:00+0200,1.94,MW,NL,NL,actual_offshore_wind_generation,Wind Offshore | Actual Consumption,2026-08-07T04:53:21Z
2026-08-07T04:50:48Z,2026-08-07T06:50:48+0200,9de41e72-ad84-4160-af68-c339f970a640,2026-08-03T05:15:00Z,2026-08-03T07:15:00+0200,1295.633,MW,NL,NL,actual_offshore_wind_generation,Wind Offshore | Actual Aggregated,2026-08-07T04:53:21Z
2026-08-07T04:50:48Z,2026-08-07T06:50:48+0200,9de41e72-ad84-4160-af68-c339f970a640,2026-08-03T05:15:00Z,2026-08-03T07:15:00+0200,1.913,MW,NL,NL,actual_offshore_wind_generation,Wind Offshore | Actual Consumption,2026-08-07T04:53:21Z
2026-08-07T04:50:48Z,2026-08-07T06:50:48+0200,9de41e72-ad84-4160-af68-c339f970a640,2026-08-03T05:30:00Z,2026-08-03T07:30:00+0200,1191.639,MW,NL,NL,actual_offshore_wind_generation,Wind Offshore | Actual Aggregated,2026-08-07T04:53:21Z
2026-08-07T04:50:48Z,2026-08-07T06:50:48+0200,9de41e72-ad84-4160-af68-c339f970a640,2026-08-03T05:30:00Z,2026-08-03T07:30:00+0200,1.491,MW,NL,NL,actual_offshore_wind_generation,Wind Offshore | Actual Consumption,2026-08-07T04:53:21Z
2026-08-07T04:50:48Z,2026-08-07T06:50:48+0200,9de41e72-ad84-4160-af68-c339f970a640,2026-08-03T05:45:00Z,2026-08-03T07:45:00+0200,1033.729,MW,NL,NL,actual_offshore_wind_generation,Wind Offshore | Actual Aggregated,2026-08-07T04:53:21Z
2026-08-07T04:50:48Z,2026-08-07T06:50:48+0200,9de41e72-ad84-4160-af68-c339f970a640,2026-08-03T05:45:00Z,2026-08-03T07:45:00+0200,1.546,MW,NL,NL,actual_offshore_wind_generation,Wind Offshore | Actual Consumption,2026-08-07T04:53:21Z
2026-08-07T04:50:48Z,2026-08-07T06:50:48+0200,9de41e72-ad84-4160-af68-c339f970a640,2026-08-03T06:00:00Z,2026-08-03T08:00:00+0200,870.475,MW,NL,NL,actual_offshore_wind_generation,Wind Offshore | Actual Aggregated,2026-08-07T04:53:21Z
2026-08-07T04:50:48Z,2026-08-07T06:50:48+0200,9de41e72-ad84-4160-af68-c339f970a640,2026-08-03T06:00:00Z,2026-08-03T08:00:00+0200,1.044,MW,NL,NL,actual_offshore_wind_generation,Wind Offshore | Actual Consumption,2026-08-07T04:53:21Z
2026-08-07T04:50:48Z,2026-08-07T06:50:48+0200,9de41e72-ad84-4160-af68-c339f970a640,2026-08-03T06:15:00Z,2026-08-03T08:15:00+0200,711.593,MW,NL,NL,actual_offshore_wind_generation,Wind Offshore | Actual Aggregated,2026-08-07T04:53:21Z
2026-08-07T04:50:48Z,2026-08-07T06:50:48+0200,9de41e72-ad84-4160-af68-c339f970a640,2026-08-03T06:15:00Z,2026-08-03T08:15:00+0200,0.951,MW,NL,NL,actual_offshore_wind_generation,Wind Offshore | Actual Consumption,2026-08-07T04:53:21Z
2026-08-07T04:50:48Z,2026-08-07T06:50:48+0200,9de41e72-ad84-4160-af68-c339f970a640,2026-08-03T06:30:00Z,2026-08-03T08:30:00+0200,580.032,MW,NL,NL,actual_offshore_wind_generation,Wind Offshore | Actual Aggregated,2026-08-07T04:53:21Z
2026-08-07T04:50:48Z,2026-08-07T06:50:48+0200,9de41e72-ad84-4160-af68-c339f970a640,2026-08-03T06:30:00Z,2026-08-03T08:30:00+0200,0.79,MW,NL,NL,actual_offshore_wind_generation,Wind Offshore | Actual Consumption,2026-08-07T04:53:21Z
2026-08-07T04:50:48Z,2026-08-07T06:50:48+0200,9de41e72-ad84-4160-af68-c339f970a640,2026-08-03T06:45:00Z,2026-08-03T08:45:00+0200,491.503,MW,NL,NL,actual_offshore_wind_generation,Wind Offshore | Actual Aggregated,2026-08-07T04:53:21Z
2026-08-07T04:50:48Z,2026-08-07T06:50:48+0200,9de41e72-ad84-4160-af68-c339f970a640,2026-08-03T06:45:00Z,2026-08-03T08:45:00+0200,0.194,MW,NL,NL,actual_offshore_wind_generation,Wind Offshore | Actual Consumption,2026-08-07T04:53:21Z
2026-08-07T04:50:48Z,2026-08-07T06:50:48+0200,9de41e72-ad84-4160-af68-c339f970a640,2026-08-03T07:00:00Z,2026-08-03T09:00:00+0200,467.597,MW,NL,NL,actual_offshore_wind_generation,Wind Offshore | Actual Aggregated,2026-08-07T04:53:21Z
2026-08-07T04:50:48Z,2026-08-07T06:50:48+0200,9de41e72-ad84-4160-af68-c339f970a640,2026-08-03T07:00:00Z,2026-08-03T09:00:00+0200,0.779,MW,NL,NL,actual_offshore_wind_generation,Wind Offshore | Actual Consumption,2026-08-07T04:53:21Z
2026-08-07T04:50:48Z,2026-08-07T06:50:48+0200,9de41e72-ad84-4160-af68-c339f970a640,2026-08-03T07:15:00Z,2026-08-03T09:15:00+0200,431.465,MW,NL,NL,actual_offshore_wind_generation,Wind Offshore | Actual Aggregated,2026-08-07T04:53:21Z
2026-08-07T04:50:48Z,2026-08-07T06:50:48+0200,9de41e72-ad84-4160-af68-c339f970a640,2026-08-03T07:15:00Z,2026-08-03T09:15:00+0200,0.811,MW,NL,NL,actual_offshore_wind_generation,Wind Offshore | Actual Consumption,2026-08-07T04:53:21Z
2026-08-07T04:50:48Z,2026-08-07T06:50:48+0200,9de41e72-ad84-4160-af68-c339f970a640,2026-08-03T07:30:00Z,2026-08-03T09:30:00+0200,366.409,MW,NL,NL,actual_offshore_wind_generation,Wind Offshore | Actual Aggregated,2026-08-07T04:53:21Z
2026-08-07T04:50:48Z,2026-08-07T06:50:48+0200,9de41e72-ad84-4160-af68-c339f970a640,2026-08-03T07:30:00Z,2026-08-03T09:30:00+0200,1.403,MW,NL,NL,actual_offshore_wind_generation,Wind Offshore | Actual Consumption,2026-08-07T04:53:21Z
2026-08-07T04:50:48Z,2026-08-07T06:50:48+0200,9de41e72-ad84-4160-af68-c339f970a640,2026-08-03T07:45:00Z,2026-08-03T09:45:00+0200,327.489,MW,NL,NL,actual_offshore_wind_generation,Wind Offshore | Actual Aggregated,2026-08-07T04:53:21Z
2026-08-07T04:50:48Z,2026-08-07T06:50:48+0200,9de41e72-ad84-4160-af68-c339f970a640,2026-08-03T07:45:00Z,2026-08-03T09:45:00+0200,0.355,MW,NL,NL,actual_offshore_wind_generation,Wind Offshore | Actual Consumption,2026-08-07T04:53:21Z
2026-08-07T04:50:48Z,2026-08-07T06:50:48+0200,9de41e72-ad84-4160-af68-c339f970a640,2026-08-03T08:00:00Z,2026-08-03T10:00:00+0200,308.463,MW,NL,NL,actual_offshore_wind_generation,Wind Offshore | Actual Aggregated,2026-08-07T04:53:21Z
2026-08-07T04:50:48Z,2026-08-07T06:50:48+0200,9de41e72-ad84-4160-af68-c339f970a640,2026-08-03T08:00:00Z,2026-08-03T10:00:00+0200,2.084,MW,NL,NL,actual_offshore_wind_generation,Wind Offshore | Actual Consumption,2026-08-07T04:53:21Z
2026-08-07T04:50:48Z,2026-08-07T06:50:48+0200,9de41e72-ad84-4160-af68-c339f970a640,2026-08-03T08:15:00Z,2026-08-03T10:15:00+0200,288.289,MW,NL,NL,actual_offshore_wind_generation,Wind Offshore | Actual Aggregated,2026-08-07T04:53:21Z
2026-08-07T04:50:48Z,2026-08-07T06:50:48+0200,9de41e72-ad84-4160-af68-c339f970a640,2026-08-03T08:15:00Z,2026-08-03T10:15:00+0200,3.173,MW,NL,NL,actual_offshore_wind_generation,Wind Offshore | Actual Consumption,2026-08-07T04:53:21Z
2026-08-07T04:50:48Z,2026-08-07T06:50:48+0200,9de41e72-ad84-4160-af68-c339f970a640,2026-08-03T08:30:00Z,2026-08-03T10:30:00+0200,238.931,MW,NL,NL,actual_offshore_wind_generation,Wind Offshore | Actual Aggregated,2026-08-07T04:53:21Z
2026-08-07T04:50:48Z,2026-08-07T06:50:48+0200,9de41e72-ad84-4160-af68-c339f970a640,2026-08-03T08:30:00Z,2026-08-03T10:30:00+0200,4.479,MW,NL,NL,actual_offshore_wind_generation,Wind Offshore | Actual Consumption,2026-08-07T04:53:21Z
2026-08-07T04:50:48Z,2026-08-07T06:50:48+0200,9de41e72-ad84-4160-af68-c339f970a640,2026-08-03T08:45:00Z,2026-08-03T10:45:00+0200,168.628,MW,NL,NL,actual_offshore_wind_generation,Wind Offshore | Actual Aggregated,2026-08-07T04:53:21Z
2026-08-07T04:50:48Z,2026-08-07T06:50:48+0200,9de41e72-ad84-4160-af68-c339f970a640,2026-08-03T08:45:00Z,2026-08-03T10:45:00+0200,7.068,MW,NL,NL,actual_offshore_wind_generation,Wind Offshore | Actual Consumption,2026-08-07T04:53:21Z
2026-08-07T04:50:48Z,2026-08-07T06:50:48+0200,9de41e72-ad84-4160-af68-c339f970a640,2026-08-03T09:00:00Z,2026-08-03T11:00:00+0200,135.019,MW,NL,NL,actual_offshore_wind_generation,Wind Offshore | Actual Aggregated,2026-08-07T04:53:21Z
2026-08-07T04:50:48Z,2026-08-07T06:50:48+0200,9de41e72-ad84-4160-af68-c339f970a640,2026-08-03T09:00:00Z,2026-08-03T11:00:00+0200,11.697,MW,NL,NL,actual_offshore_wind_generation,Wind Offshore | Actual Consumption,2026-08-07T04:53:21Z
2026-08-07T04:50:48Z,2026-08-07T06:50:48+0200,9de41e72-ad84-4160-af68-c339f970a640,2026-08-03T09:15:00Z,2026-08-03T11:15:00+0200,119.099,MW,NL,NL,actual_offshore_wind_generation,Wind Offshore | Actual Aggregated,2026-08-07T04:53:21Z
2026-08-07T04:50:48Z,2026-08-07T06:50:48+0200,9de41e72-ad84-4160-af68-c339f970a640,2026-08-03T09:15:00Z,2026-08-03T11:15:00+0200,17.159,MW,NL,NL,actual_offshore_wind_generation,Wind Offshore | Actual Consumption,2026-08-07T04:53:21Z
2026-08-07T04:50:48Z,2026-08-07T06:50:48+0200,9de41e72-ad84-4160-af68-c339f970a640,2026-08-03T09:30:00Z,2026-08-03T11:30:00+0200,111.505,MW,NL,NL,actual_offshore_wind_generation,Wind Offshore | Actual Aggregated,2026-08-07T04:53:21Z
2026-08-07T04:50:48Z,2026-08-07T06:50:48+0200,9de41e72-ad84-4160-af68-c339f970a640,2026-08-03T09:30:00Z,2026-08-03T11:30:00+0200,21.735,MW,NL,NL,actual_offshore_wind_generation,Wind Offshore | Actual Consumption,2026-08-07T04:53:21Z
2026-08-07T04:50:48Z,2026-08-07T06:50:48+0200,9de41e72-ad84-4160-af68-c339f970a640,2026-08-03T09:45:00Z,2026-08-03T11:45:00+0200,106.715,MW,NL,NL,actual_offshore_wind_generation,Wind Offshore | Actual Aggregated,2026-08-07T04:53:21Z
2026-08-07T04:50:48Z,2026-08-07T06:50:48+0200,9de41e72-ad84-4160-af68-c339f970a640,2026-08-03T09:45:00Z,2026-08-03T11:45:00+0200,25.164,MW,NL,NL,actual_offshore_wind_generation,Wind Offshore | Actual Consumption,2026-08-07T04:53:21Z
2026-08-07T04:50:48Z,2026-08-07T06:50:48+0200,9de41e72-ad84-4160-af68-c339f970a640,2026-08-03T10:00:00Z,2026-08-03T12:00:00+0200,63.088,MW,NL,NL,actual_offshore_wind_generation,Wind Offshore | Actual Aggregated,2026-08-07T04:53:21Z
2026-08-07T04:50:48Z,2026-08-07T06:50:48+0200,9de41e72-ad84-4160-af68-c339f970a640,2026-08-03T10:00:00Z,2026-08-03T12:00:00+0200,20.621,MW,NL,NL,actual_offshore_wind_generation,Wind Offshore | Actual Consumption,2026-08-07T04:53:21Z
2026-08-07T04:50:48Z,2026-08-07T06:50:48+0200,9de41e72-ad84-4160-af68-c339f970a640,2026-08-03T10:15:00Z,2026-08-03T12:15:00+0200,64.089,MW,NL,NL,actual_offshore_wind_generation,Wind Offshore | Actual Aggregated,2026-08-07T04:53:21Z
2026-08-07T04:50:48Z,2026-08-07T06:50:48+0200,9de41e72-ad84-4160-af68-c339f970a640,2026-08-03T10:15:00Z,2026-08-03T12:15:00+0200,19.794,MW,NL,NL,actual_offshore_wind_generation,Wind Offshore | Actual Consumption,2026-08-07T04:53:21Z
2026-08-07T04:50:48Z,2026-08-07T06:50:48+0200,9de41e72-ad84-4160-af68-c339f970a640,2026-08-03T10:30:00Z,2026-08-03T12:30:00+0200,30.902,MW,NL,NL,actual_offshore_wind_generation,Wind Offshore | Actual Aggregated,2026-08-07T04:53:21Z
2026-08-07T04:50:48Z,2026-08-07T06:50:48+0200,9de41e72-ad84-4160-af68-c339f970a640,2026-08-03T10:30:00Z,2026-08-03T12:30:00+0200,23.451,MW,NL,NL,actual_offshore_wind_generation,Wind Offshore | Actual Consumption,2026-08-07T04:53:21Z
2026-08-07T04:50:48Z,2026-08-07T06:50:48+0200,9de41e72-ad84-4160-af68-c339f970a640,2026-08-03T10:45:00Z,2026-08-03T12:45:00+0200,24.642,MW,NL,NL,actual_offshore_wind_generation,Wind Offshore | Actual Aggregated,2026-08-07T04:53:21Z
2026-08-07T04:50:48Z,2026-08-07T06:50:48+0200,9de41e72-ad84-4160-af68-c339f970a640,2026-08-03T10:45:00Z,2026-08-03T12:45:00+0200,28.779,MW,NL,NL,actual_offshore_wind_generation,Wind Offshore | Actual Consumption,2026-08-07T04:53:21Z
2026-08-07T04:50:48Z,2026-08-07T06:50:48+0200,9de41e72-ad84-4160-af68-c339f970a640,2026-08-03T11:00:00Z,2026-08-03T13:00:00+0200,46.149,MW,NL,NL,actual_offshore_wind_generation,Wind Offshore | Actual Aggregated,2026-08-07T04:53:21Z
2026-08-07T04:50:48Z,2026-08-07T06:50:48+0200,9de41e72-ad84-4160-af68-c339f970a640,2026-08-03T11:00:00Z,2026-08-03T13:00:00+0200,30.624,MW,NL,NL,actual_offshore_wind_generation,Wind Offshore | Actual Consumption,2026-08-07T04:53:21Z
2026-08-07T04:50:48Z,2026-08-07T06:50:48+0200,9de41e72-ad84-4160-af68-c339f970a640,2026-08-03T11:15:00Z,2026-08-03T13:15:00+0200,110.557,MW,NL,NL,actual_offshore_wind_generation,Wind Offshore | Actual Aggregated,2026-08-07T04:53:21Z
2026-08-07T04:50:48Z,2026-08-07T06:50:48+0200,9de41e72-ad84-4160-af68-c339f970a640,2026-08-03T11:15:00Z,2026-08-03T13:15:00+0200,25.807,MW,NL,NL,actual_offshore_wind_generation,Wind Offshore | Actual Consumption,2026-08-07T04:53:21Z
2026-08-07T04:50:48Z,2026-08-07T06:50:48+0200,9de41e72-ad84-4160-af68-c339f970a640,2026-08-03T11:30:00Z,2026-08-03T13:30:00+0200,106.292,MW,NL,NL,actual_offshore_wind_generation,Wind Offshore | Actual Aggregated,2026-08-07T04:53:21Z
2026-08-07T04:50:48Z,2026-08-07T06:50:48+0200,9de41e72-ad84-4160-af68-c339f970a640,2026-08-03T11:30:00Z,2026-08-03T13:30:00+0200,23.508,MW,NL,NL,actual_offshore_wind_generation,Wind Offshore | Actual Consumption,2026-08-07T04:53:21Z
2026-08-07T04:50:48Z,2026-08-07T06:50:48+0200,9de41e72-ad84-4160-af68-c339f970a640,2026-08-03T11:45:00Z,2026-08-03T13:45:00+0200,101.462,MW,NL,NL,actual_offshore_wind_generation,Wind Offshore | Actual Aggregated,2026-08-07T04:53:21Z
2026-08-07T04:50:48Z,2026-08-07T06:50:48+0200,9de41e72-ad84-4160-af68-c339f970a640,2026-08-03T11:45:00Z,2026-08-03T13:45:00+0200,26.294,MW,NL,NL,actual_offshore_wind_generation,Wind Offshore | Actual Consumption,2026-08-07T04:53:21Z
2026-08-07T04:50:48Z,2026-08-07T06:50:48+0200,9de41e72-ad84-4160-af68-c339f970a640,2026-08-03T12:00:00Z,2026-08-03T14:00:00+0200,55.0,MW,NL,NL,actual_offshore_wind_generation,Wind Offshore | Actual Aggregated,2026-08-07T04:53:21Z
2026-08-07T04:50:48Z,2026-08-07T06:50:48+0200,9de41e72-ad84-4160-af68-c339f970a640,2026-08-03T12:00:00Z,2026-08-03T14:00:00+0200,25.903,MW,NL,NL,actual_offshore_wind_generation,Wind Offshore | Actual Consumption,2026-08-07T04:53:21Z
2026-08-07T04:50:48Z,2026-08-07T06:50:48+0200,9de41e72-ad84-4160-af68-c339f970a640,2026-08-03T12:15:00Z,2026-08-03T14:15:00+0200,118.292,MW,NL,NL,actual_offshore_wind_generation,Wind Offshore | Actual Aggregated,2026-08-07T04:53:21Z
2026-08-07T04:50:48Z,2026-08-07T06:50:48+0200,9de41e72-ad84-4160-af68-c339f970a640,2026-08-03T12:15:00Z,2026-08-03T14:15:00+0200,25.981,MW,NL,NL,actual_offshore_wind_generation,Wind Offshore | Actual Consumption,2026-08-07T04:53:21Z
2026-08-07T04:50:48Z,2026-08-07T06:50:48+0200,9de41e72-ad84-4160-af68-c339f970a640,2026-08-03T12:30:00Z,2026-08-03T14:30:00+0200,131.933,MW,NL,NL,actual_offshore_wind_generation,Wind Offshore | Actual Aggregated,2026-08-07T04:53:21Z
2026-08-07T04:50:48Z,2026-08-07T06:50:48+0200,9de41e72-ad84-4160-af68-c339f970a640,2026-08-03T12:30:00Z,2026-08-03T14:30:00+0200,20.145,MW,NL,NL,actual_offshore_wind_generation,Wind Offshore | Actual Consumption,2026-08-07T04:53:21Z
2026-08-07T04:50:48Z,2026-08-07T06:50:48+0200,9de41e72-ad84-4160-af68-c339f970a640,2026-08-03T12:45:00Z,2026-08-03T14:45:00+0200,146.113,MW,NL,NL,actual_offshore_wind_generation,Wind Offshore | Actual Aggregated,2026-08-07T04:53:21Z
2026-08-07T04:50:48Z,2026-08-07T06:50:48+0200,9de41e72-ad84-4160-af68-c339f970a640,2026-08-03T12:45:00Z,2026-08-03T14:45:00+0200,21.568,MW,NL,NL,actual_offshore_wind_generation,Wind Offshore | Actual Consumption,2026-08-07T04:53:21Z
2026-08-07T04:50:48Z,2026-08-07T06:50:48+0200,9de41e72-ad84-4160-af68-c339f970a640,2026-08-03T13:00:00Z,2026-08-03T15:00:00+0200,156.373,MW,NL,NL,actual_offshore_wind_generation,Wind Offshore | Actual Aggregated,2026-08-07T04:53:21Z
2026-08-07T04:50:48Z,2026-08-07T06:50:48+0200,9de41e72-ad84-4160-af68-c339f970a640,2026-08-03T13:00:00Z,2026-08-03T15:00:00+0200,28.015,MW,NL,NL,actual_offshore_wind_generation,Wind Offshore | Actual Consumption,2026-08-07T04:53:21Z
2026-08-07T04:50:48Z,2026-08-07T06:50:48+0200,9de41e72-ad84-4160-af68-c339f970a640,2026-08-03T13:15:00Z,2026-08-03T15:15:00+0200,160.383,MW,NL,NL,actual_offshore_wind_generation,Wind Offshore | Actual Aggregated,2026-08-07T04:53:21Z
2026-08-07T04:50:48Z,2026-08-07T06:50:48+0200,9de41e72-ad84-4160-af68-c339f970a640,2026-08-03T13:15:00Z,2026-08-03T15:15:00+0200,32.816,MW,NL,NL,actual_offshore_wind_generation,Wind Offshore | Actual Consumption,2026-08-07T04:53:21Z
2026-08-07T04:50:48Z,2026-08-07T06:50:48+0200,9de41e72-ad84-4160-af68-c339f970a640,2026-08-03T13:30:00Z,2026-08-03T15:30:00+0200,146.317,MW,NL,NL,actual_offshore_wind_generation,Wind Offshore | Actual Aggregated,2026-08-07T04:53:21Z
2026-08-07T04:50:48Z,2026-08-07T06:50:48+0200,9de41e72-ad84-4160-af68-c339f970a640,2026-08-03T13:30:00Z,2026-08-03T15:30:00+0200,33.346,MW,NL,NL,actual_offshore_wind_generation,Wind Offshore | Actual Consumption,2026-08-07T04:53:21Z
2026-08-07T04:50:48Z,2026-08-07T06:50:48+0200,9de41e72-ad84-4160-af68-c339f970a640,2026-08-03T13:45:00Z,2026-08-03T15:45:00+0200,144.593,MW,NL,NL,actual_offshore_wind_generation,Wind Offshore | Actual Aggregated,2026-08-07T04:53:21Z
2026-08-07T04:50:48Z,2026-08-07T06:50:48+0200,9de41e72-ad84-4160-af68-c339f970a640,2026-08-03T13:45:00Z,2026-08-03T15:45:00+0200,34.488,MW,NL,NL,actual_offshore_wind_generation,Wind Offshore | Actual Consumption,2026-08-07T04:53:21Z
2026-08-07T04:50:48Z,2026-08-07T06:50:48+0200,9de41e72-ad84-4160-af68-c339f970a640,2026-08-03T14:00:00Z,2026-08-03T16:00:00+0200,143.508,MW,NL,NL,actual_offshore_wind_generation,Wind Offshore | Actual Aggregated,2026-08-07T04:53:21Z
2026-08-07T04:50:48Z,2026-08-07T06:50:48+0200,9de41e72-ad84-4160-af68-c339f970a640,2026-08-03T14:00:00Z,2026-08-03T16:00:00+0200,36.787,MW,NL,NL,actual_offshore_wind_generation,Wind Offshore | Actual Consumption,2026-08-07T04:53:21Z
2026-08-07T04:50:48Z,2026-08-07T06:50:48+0200,9de41e72-ad84-4160-af68-c339f970a640,2026-08-03T14:15:00Z,2026-08-03T16:15:00+0200,143.174,MW,NL,NL,actual_offshore_wind_generation,Wind Offshore | Actual Aggregated,2026-08-07T04:53:21Z
2026-08-07T04:50:48Z,2026-08-07T06:50:48+0200,9de41e72-ad84-4160-af68-c339f970a640,2026-08-03T14:15:00Z,2026-08-03T16:15:00+0200,29.933,MW,NL,NL,actual_offshore_wind_generation,Wind Offshore | Actual Consumption,2026-08-07T04:53:21Z
2026-08-07T04:50:48Z,2026-08-07T06:50:48+0200,9de41e72-ad84-4160-af68-c339f970a640,2026-08-03T14:30:00Z,2026-08-03T16:30:00+0200,143.656,MW,NL,NL,actual_offshore_wind_generation,Wind Offshore | Actual Aggregated,2026-08-07T04:53:21Z
2026-08-07T04:50:48Z,2026-08-07T06:50:48+0200,9de41e72-ad84-4160-af68-c339f970a640,2026-08-03T14:30:00Z,2026-08-03T16:30:00+0200,25.322,MW,NL,NL,actual_offshore_wind_generation,Wind Offshore | Actual Consumption,2026-08-07T04:53:21Z
2026-08-07T04:50:48Z,2026-08-07T06:50:48+0200,9de41e72-ad84-4160-af68-c339f970a640,2026-08-03T14:45:00Z,2026-08-03T16:45:00+0200,160.66,MW,NL,NL,actual_offshore_wind_generation,Wind Offshore | Actual Aggregated,2026-08-07T04:53:21Z
2026-08-07T04:50:48Z,2026-08-07T06:50:48+0200,9de41e72-ad84-4160-af68-c339f970a640,2026-08-03T14:45:00Z,2026-08-03T16:45:00+0200,23.178,MW,NL,NL,actual_offshore_wind_generation,Wind Offshore | Actual Consumption,2026-08-07T04:53:21Z
2026-08-07T04:50:48Z,2026-08-07T06:50:48+0200,9de41e72-ad84-4160-af68-c339f970a640,2026-08-03T15:00:00Z,2026-08-03T17:00:00+0200,17.655,MW,NL,NL,actual_offshore_wind_generation,Wind Offshore | Actual Aggregated,2026-08-07T04:53:21Z
2026-08-07T04:50:48Z,2026-08-07T06:50:48+0200,9de41e72-ad84-4160-af68-c339f970a640,2026-08-03T15:00:00Z,2026-08-03T17:00:00+0200,22.368,MW,NL,NL,actual_offshore_wind_generation,Wind Offshore | Actual Consumption,2026-08-07T04:53:21Z
2026-08-07T04:50:48Z,2026-08-07T06:50:48+0200,9de41e72-ad84-4160-af68-c339f970a640,2026-08-03T15:15:00Z,2026-08-03T17:15:00+0200,35.416,MW,NL,NL,actual_offshore_wind_generation,Wind Offshore | Actual Aggregated,2026-08-07T04:53:21Z
2026-08-07T04:50:48Z,2026-08-07T06:50:48+0200,9de41e72-ad84-4160-af68-c339f970a640,2026-08-03T15:15:00Z,2026-08-03T17:15:00+0200,13.779,MW,NL,NL,actual_offshore_wind_generation,Wind Offshore | Actual Consumption,2026-08-07T04:53:21Z
2026-08-07T04:50:48Z,2026-08-07T06:50:48+0200,9de41e72-ad84-4160-af68-c339f970a640,2026-08-03T15:30:00Z,2026-08-03T17:30:00+0200,68.85,MW,NL,NL,actual_offshore_wind_generation,Wind Offshore | Actual Aggregated,2026-08-07T04:53:21Z
2026-08-07T04:50:48Z,2026-08-07T06:50:48+0200,9de41e72-ad84-4160-af68-c339f970a640,2026-08-03T15:30:00Z,2026-08-03T17:30:00+0200,9.534,MW,NL,NL,actual_offshore_wind_generation,Wind Offshore | Actual Consumption,2026-08-07T04:53:21Z
2026-08-07T04:50:48Z,2026-08-07T06:50:48+0200,9de41e72-ad84-4160-af68-c339f970a640,2026-08-03T15:45:00Z,2026-08-03T17:45:00+0200,105.408,MW,NL,NL,actual_offshore_wind_generation,Wind Offshore | Actual Aggregated,2026-08-07T04:53:21Z
2026-08-07T04:50:48Z,2026-08-07T06:50:48+0200,9de41e72-ad84-4160-af68-c339f970a640,2026-08-03T15:45:00Z,2026-08-03T17:45:00+0200,6.574,MW,NL,NL,actual_offshore_wind_generation,Wind Offshore | Actual Consumption,2026-08-07T04:53:21Z
2026-08-07T04:50:48Z,2026-08-07T06:50:48+0200,9de41e72-ad84-4160-af68-c339f970a640,2026-08-03T16:00:00Z,2026-08-03T18:00:00+0200,435.758,MW,NL,NL,actual_offshore_wind_generation,Wind Offshore | Actual Aggregated,2026-08-07T04:53:21Z
2026-08-07T04:50:48Z,2026-08-07T06:50:48+0200,9de41e72-ad84-4160-af68-c339f970a640,2026-08-03T16:00:00Z,2026-08-03T18:00:00+0200,3.792,MW,NL,NL,actual_offshore_wind_generation,Wind Offshore | Actual Consumption,2026-08-07T04:53:21Z
2026-08-07T04:50:48Z,2026-08-07T06:50:48+0200,9de41e72-ad84-4160-af68-c339f970a640,2026-08-03T16:15:00Z,2026-08-03T18:15:00+0200,457.34,MW,NL,NL,actual_offshore_wind_generation,Wind Offshore | Actual Aggregated,2026-08-07T04:53:21Z
2026-08-07T04:50:48Z,2026-08-07T06:50:48+0200,9de41e72-ad84-4160-af68-c339f970a640,2026-08-03T16:15:00Z,2026-08-03T18:15:00+0200,2.624,MW,NL,NL,actual_offshore_wind_generation,Wind Offshore | Actual Consumption,2026-08-07T04:53:21Z
2026-08-07T04:50:48Z,2026-08-07T06:50:48+0200,9de41e72-ad84-4160-af68-c339f970a640,2026-08-03T16:30:00Z,2026-08-03T18:30:00+0200,444.311,MW,NL,NL,actual_offshore_wind_generation,Wind Offshore | Actual Aggregated,2026-08-07T04:53:21Z
2026-08-07T04:50:48Z,2026-08-07T06:50:48+0200,9de41e72-ad84-4160-af68-c339f970a640,2026-08-03T16:30:00Z,2026-08-03T18:30:00+0200,0.284,MW,NL,NL,actual_offshore_wind_generation,Wind Offshore | Actual Consumption,2026-08-07T04:53:21Z
2026-08-07T04:50:48Z,2026-08-07T06:50:48+0200,9de41e72-ad84-4160-af68-c339f970a640,2026-08-03T16:45:00Z,2026-08-03T18:45:00+0200,450.403,MW,NL,NL,actual_offshore_wind_generation,Wind Offshore | Actual Aggregated,2026-08-07T04:53:21Z
2026-08-07T04:50:48Z,2026-08-07T06:50:48+0200,9de41e72-ad84-4160-af68-c339f970a640,2026-08-03T16:45:00Z,2026-08-03T18:45:00+0200,0.0,MW,NL,NL,actual_offshore_wind_generation,Wind Offshore | Actual Consumption,2026-08-07T04:53:21Z
2026-08-07T04:50:48Z,2026-08-07T06:50:48+0200,9de41e72-ad84-4160-af68-c339f970a640,2026-08-03T17:00:00Z,2026-08-03T19:00:00+0200,446.992,MW,NL,NL,actual_offshore_wind_generation,Wind Offshore | Actual Aggregated,2026-08-07T04:53:21Z
2026-08-07T04:50:48Z,2026-08-07T06:50:48+0200,9de41e72-ad84-4160-af68-c339f970a640,2026-08-03T17:00:00Z,2026-08-03T19:00:00+0200,0.0,MW,NL,NL,actual_offshore_wind_generation,Wind Offshore | Actual Consumption,2026-08-07T04:53:21Z
2026-08-07T04:50:48Z,2026-08-07T06:50:48+0200,9de41e72-ad84-4160-af68-c339f970a640,2026-08-03T17:15:00Z,2026-08-03T19:15:00+0200,432.05,MW,NL,NL,actual_offshore_wind_generation,Wind Offshore | Actual Aggregated,2026-08-07T04:53:21Z
2026-08-07T04:50:48Z,2026-08-07T06:50:48+0200,9de41e72-ad84-4160-af68-c339f970a640,2026-08-03T17:15:00Z,2026-08-03T19:15:00+0200,0.0,MW,NL,NL,actual_offshore_wind_generation,Wind Offshore | Actual Consumption,2026-08-07T04:53:21Z
2026-08-07T04:50:48Z,2026-08-07T06:50:48+0200,9de41e72-ad84-4160-af68-c339f970a640,2026-08-03T17:30:00Z,2026-08-03T19:30:00+0200,420.294,MW,NL,NL,actual_offshore_wind_generation,Wind Offshore | Actual Aggregated,2026-08-07T04:53:21Z
2026-08-07T04:50:48Z,2026-08-07T06:50:48+0200,9de41e72-ad84-4160-af68-c339f970a640,2026-08-03T17:30:00Z,2026-08-03T19:30:00+0200,0.48,MW,NL,NL,actual_offshore_wind_generation,Wind Offshore | Actual Consumption,2026-08-07T04:53:21Z
2026-08-07T04:50:48Z,2026-08-07T06:50:48+0200,9de41e72-ad84-4160-af68-c339f970a640,2026-08-03T17:45:00Z,2026-08-03T19:45:00+0200,428.323,MW,NL,NL,actual_offshore_wind_generation,Wind Offshore | Actual Aggregated,2026-08-07T04:53:21Z
2026-08-07T04:50:48Z,2026-08-07T06:50:48+0200,9de41e72-ad84-4160-af68-c339f970a640,2026-08-03T17:45:00Z,2026-08-03T19:45:00+0200,0.874,MW,NL,NL,actual_offshore_wind_generation,Wind Offshore | Actual Consumption,2026-08-07T04:53:21Z
2026-08-07T04:50:48Z,2026-08-07T06:50:48+0200,9de41e72-ad84-4160-af68-c339f970a640,2026-08-03T18:00:00Z,2026-08-03T20:00:00+0200,413.665,MW,NL,NL,actual_offshore_wind_generation,Wind Offshore | Actual Aggregated,2026-08-07T04:53:21Z
2026-08-07T04:50:48Z,2026-08-07T06:50:48+0200,9de41e72-ad84-4160-af68-c339f970a640,2026-08-03T18:00:00Z,2026-08-03T20:00:00+0200,1.035,MW,NL,NL,actual_offshore_wind_generation,Wind Offshore | Actual Consumption,2026-08-07T04:53:21Z
2026-08-07T04:50:48Z,2026-08-07T06:50:48+0200,9de41e72-ad84-4160-af68-c339f970a640,2026-08-03T18:15:00Z,2026-08-03T20:15:00+0200,378.539,MW,NL,NL,actual_offshore_wind_generation,Wind Offshore | Actual Aggregated,2026-08-07T04:53:21Z
2026-08-07T04:50:48Z,2026-08-07T06:50:48+0200,9de41e72-ad84-4160-af68-c339f970a640,2026-08-03T18:15:00Z,2026-08-03T20:15:00+0200,2.525,MW,NL,NL,actual_offshore_wind_generation,Wind Offshore | Actual Consumption,2026-08-07T04:53:21Z
2026-08-07T04:50:48Z,2026-08-07T06:50:48+0200,9de41e72-ad84-4160-af68-c339f970a640,2026-08-03T18:30:00Z,2026-08-03T20:30:00+0200,373.142,MW,NL,NL,actual_offshore_wind_generation,Wind Offshore | Actual Aggregated,2026-08-07T04:53:21Z
2026-08-07T04:50:48Z,2026-08-07T06:50:48+0200,9de41e72-ad84-4160-af68-c339f970a640,2026-08-03T18:30:00Z,2026-08-03T20:30:00+0200,3.118,MW,NL,NL,actual_offshore_wind_generation,Wind Offshore | Actual Consumption,2026-08-07T04:53:21Z
2026-08-07T04:50:48Z,2026-08-07T06:50:48+0200,9de41e72-ad84-4160-af68-c339f970a640,2026-08-03T18:45:00Z,2026-08-03T20:45:00+0200,384.463,MW,NL,NL,actual_offshore_wind_generation,Wind Offshore | Actual Aggregated,2026-08-07T04:53:21Z
2026-08-07T04:50:48Z,2026-08-07T06:50:48+0200,9de41e72-ad84-4160-af68-c339f970a640,2026-08-03T18:45:00Z,2026-08-03T20:45:00+0200,3.558,MW,NL,NL,actual_offshore_wind_generation,Wind Offshore | Actual Consumption,2026-08-07T04:53:21Z
2026-08-07T04:50:48Z,2026-08-07T06:50:48+0200,9de41e72-ad84-4160-af68-c339f970a640,2026-08-03T19:00:00Z,2026-08-03T21:00:00+0200,398.069,MW,NL,NL,actual_offshore_wind_generation,Wind Offshore | Actual Aggregated,2026-08-07T04:53:21Z
2026-08-07T04:50:48Z,2026-08-07T06:50:48+0200,9de41e72-ad84-4160-af68-c339f970a640,2026-08-03T19:00:00Z,2026-08-03T21:00:00+0200,4.852,MW,NL,NL,actual_offshore_wind_generation,Wind Offshore | Actual Consumption,2026-08-07T04:53:21Z
2026-08-07T04:50:48Z,2026-08-07T06:50:48+0200,9de41e72-ad84-4160-af68-c339f970a640,2026-08-03T19:15:00Z,2026-08-03T21:15:00+0200,426.925,MW,NL,NL,actual_offshore_wind_generation,Wind Offshore | Actual Aggregated,2026-08-07T04:53:21Z
2026-08-07T04:50:48Z,2026-08-07T06:50:48+0200,9de41e72-ad84-4160-af68-c339f970a640,2026-08-03T19:15:00Z,2026-08-03T21:15:00+0200,4.696,MW,NL,NL,actual_offshore_wind_generation,Wind Offshore | Actual Consumption,2026-08-07T04:53:21Z
2026-08-07T04:50:48Z,2026-08-07T06:50:48+0200,9de41e72-ad84-4160-af68-c339f970a640,2026-08-03T19:30:00Z,2026-08-03T21:30:00+0200,447.861,MW,NL,NL,actual_offshore_wind_generation,Wind Offshore | Actual Aggregated,2026-08-07T04:53:21Z
2026-08-07T04:50:48Z,2026-08-07T06:50:48+0200,9de41e72-ad84-4160-af68-c339f970a640,2026-08-03T19:30:00Z,2026-08-03T21:30:00+0200,3.752,MW,NL,NL,actual_offshore_wind_generation,Wind Offshore | Actual Consumption,2026-08-07T04:53:21Z
2026-08-07T04:50:48Z,2026-08-07T06:50:48+0200,9de41e72-ad84-4160-af68-c339f970a640,2026-08-03T19:45:00Z,2026-08-03T21:45:00+0200,438.071,MW,NL,NL,actual_offshore_wind_generation,Wind Offshore | Actual Aggregated,2026-08-07T04:53:21Z
2026-08-07T04:50:48Z,2026-08-07T06:50:48+0200,9de41e72-ad84-4160-af68-c339f970a640,2026-08-03T19:45:00Z,2026-08-03T21:45:00+0200,5.64,MW,NL,NL,actual_offshore_wind_generation,Wind Offshore | Actual Consumption,2026-08-07T04:53:21Z
2026-08-07T04:50:48Z,2026-08-07T06:50:48+0200,9de41e72-ad84-4160-af68-c339f970a640,2026-08-03T20:00:00Z,2026-08-03T22:00:00+0200,428.455,MW,NL,NL,actual_offshore_wind_generation,Wind Offshore | Actual Aggregated,2026-08-07T04:53:21Z
2026-08-07T04:50:48Z,2026-08-07T06:50:48+0200,9de41e72-ad84-4160-af68-c339f970a640,2026-08-03T20:00:00Z,2026-08-03T22:00:00+0200,8.689,MW,NL,NL,actual_offshore_wind_generation,Wind Offshore | Actual Consumption,2026-08-07T04:53:21Z
2026-08-07T04:50:48Z,2026-08-07T06:50:48+0200,9de41e72-ad84-4160-af68-c339f970a640,2026-08-03T20:15:00Z,2026-08-03T22:15:00+0200,441.852,MW,NL,NL,actual_offshore_wind_generation,Wind Offshore | Actual Aggregated,2026-08-07T04:53:21Z
2026-08-07T04:50:48Z,2026-08-07T06:50:48+0200,9de41e72-ad84-4160-af68-c339f970a640,2026-08-03T20:15:00Z,2026-08-03T22:15:00+0200,8.839,MW,NL,NL,actual_offshore_wind_generation,Wind Offshore | Actual Consumption,2026-08-07T04:53:21Z
2026-08-07T04:50:48Z,2026-08-07T06:50:48+0200,9de41e72-ad84-4160-af68-c339f970a640,2026-08-03T20:30:00Z,2026-08-03T22:30:00+0200,429.443,MW,NL,NL,actual_offshore_wind_generation,Wind Offshore | Actual Aggregated,2026-08-07T04:53:21Z
2026-08-07T04:50:48Z,2026-08-07T06:50:48+0200,9de41e72-ad84-4160-af68-c339f970a640,2026-08-03T20:30:00Z,2026-08-03T22:30:00+0200,11.394,MW,NL,NL,actual_offshore_wind_generation,Wind Offshore | Actual Consumption,2026-08-07T04:53:21Z
2026-08-07T04:50:48Z,2026-08-07T06:50:48+0200,9de41e72-ad84-4160-af68-c339f970a640,2026-08-03T20:45:00Z,2026-08-03T22:45:00+0200,386.109,MW,NL,NL,actual_offshore_wind_generation,Wind Offshore | Actual Aggregated,2026-08-07T04:53:21Z
2026-08-07T04:50:48Z,2026-08-07T06:50:48+0200,9de41e72-ad84-4160-af68-c339f970a640,2026-08-03T20:45:00Z,2026-08-03T22:45:00+0200,16.07,MW,NL,NL,actual_offshore_wind_generation,Wind Offshore | Actual Consumption,2026-08-07T04:53:21Z
2026-08-07T04:50:48Z,2026-08-07T06:50:48+0200,9de41e72-ad84-4160-af68-c339f970a640,2026-08-03T21:00:00Z,2026-08-03T23:00:00+0200,328.607,MW,NL,NL,actual_offshore_wind_generation,Wind Offshore | Actual Aggregated,2026-08-07T04:53:21Z
2026-08-07T04:50:48Z,2026-08-07T06:50:48+0200,9de41e72-ad84-4160-af68-c339f970a640,2026-08-03T21:00:00Z,2026-08-03T23:00:00+0200,20.426,MW,NL,NL,actual_offshore_wind_generation,Wind Offshore | Actual Consumption,2026-08-07T04:53:21Z
2026-08-07T04:50:48Z,2026-08-07T06:50:48+0200,9de41e72-ad84-4160-af68-c339f970a640,2026-08-03T21:15:00Z,2026-08-03T23:15:00+0200,328.811,MW,NL,NL,actual_offshore_wind_generation,Wind Offshore | Actual Aggregated,2026-08-07T04:53:21Z
2026-08-07T04:50:48Z,2026-08-07T06:50:48+0200,9de41e72-ad84-4160-af68-c339f970a640,2026-08-03T21:15:00Z,2026-08-03T23:15:00+0200,22.045,MW,NL,NL,actual_offshore_wind_generation,Wind Offshore | Actual Consumption,2026-08-07T04:53:21Z
2026-08-07T04:50:48Z,2026-08-07T06:50:48+0200,9de41e72-ad84-4160-af68-c339f970a640,2026-08-03T21:30:00Z,2026-08-03T23:30:00+0200,344.501,MW,NL,NL,actual_offshore_wind_generation,Wind Offshore | Actual Aggregated,2026-08-07T04:53:21Z
2026-08-07T04:50:48Z,2026-08-07T06:50:48+0200,9de41e72-ad84-4160-af68-c339f970a640,2026-08-03T21:30:00Z,2026-08-03T23:30:00+0200,19.623,MW,NL,NL,actual_offshore_wind_generation,Wind Offshore | Actual Consumption,2026-08-07T04:53:21Z
2026-08-07T04:50:48Z,2026-08-07T06:50:48+0200,9de41e72-ad84-4160-af68-c339f970a640,2026-08-03T21:45:00Z,2026-08-03T23:45:00+0200,372.662,MW,NL,NL,actual_offshore_wind_generation,Wind Offshore | Actual Aggregated,2026-08-07T04:53:21Z
2026-08-07T04:50:48Z,2026-08-07T06:50:48+0200,9de41e72-ad84-4160-af68-c339f970a640,2026-08-03T21:45:00Z,2026-08-03T23:45:00+0200,20.874,MW,NL,NL,actual_offshore_wind_generation,Wind Offshore | Actual Consumption,2026-08-07T04:53:21Z
2026-08-07T04:50:48Z,2026-08-07T06:50:48+0200,9de41e72-ad84-4160-af68-c339f970a640,2026-08-03T22:00:00Z,2026-08-04T00:00:00+0200,341.268,MW,NL,NL,actual_offshore_wind_generation,Wind Offshore | Actual Aggregated,2026-08-07T04:53:21Z
2026-08-07T04:50:48Z,2026-08-07T06:50:48+0200,9de41e72-ad84-4160-af68-c339f970a640,2026-08-03T22:00:00Z,2026-08-04T00:00:00+0200,22.686,MW,NL,NL,actual_offshore_wind_generation,Wind Offshore | Actual Consumption,2026-08-07T04:53:21Z
2026-08-07T04:50:48Z,2026-08-07T06:50:48+0200,9de41e72-ad84-4160-af68-c339f970a640,2026-08-03T22:15:00Z,2026-08-04T00:15:00+0200,311.552,MW,NL,NL,actual_offshore_wind_generation,Wind Offshore | Actual Aggregated,2026-08-07T04:53:21Z
2026-08-07T04:50:48Z,2026-08-07T06:50:48+0200,9de41e72-ad84-4160-af68-c339f970a640,2026-08-03T22:15:00Z,2026-08-04T00:15:00+0200,28.414,MW,NL,NL,actual_offshore_wind_generation,Wind Offshore | Actual Consumption,2026-08-07T04:53:21Z
2026-08-07T04:50:48Z,2026-08-07T06:50:48+0200,9de41e72-ad84-4160-af68-c339f970a640,2026-08-03T22:30:00Z,2026-08-04T00:30:00+0200,343.994,MW,NL,NL,actual_offshore_wind_generation,Wind Offshore | Actual Aggregated,2026-08-07T04:53:21Z
2026-08-07T04:50:48Z,2026-08-07T06:50:48+0200,9de41e72-ad84-4160-af68-c339f970a640,2026-08-03T22:30:00Z,2026-08-04T00:30:00+0200,32.469,MW,NL,NL,actual_offshore_wind_generation,Wind Offshore | Actual Consumption,2026-08-07T04:53:21Z
2026-08-07T04:50:48Z,2026-08-07T06:50:48+0200,9de41e72-ad84-4160-af68-c339f970a640,2026-08-03T22:45:00Z,2026-08-04T00:45:00+0200,447.087,MW,NL,NL,actual_offshore_wind_generation,Wind Offshore | Actual Aggregated,2026-08-07T04:53:21Z
2026-08-07T04:50:48Z,2026-08-07T06:50:48+0200,9de41e72-ad84-4160-af68-c339f970a640,2026-08-03T22:45:00Z,2026-08-04T00:45:00+0200,27.686,MW,NL,NL,actual_offshore_wind_generation,Wind Offshore | Actual Consumption,2026-08-07T04:53:21Z
2026-08-07T04:50:48Z,2026-08-07T06:50:48+0200,9de41e72-ad84-4160-af68-c339f970a640,2026-08-03T23:00:00Z,2026-08-04T01:00:00+0200,479.084,MW,NL,NL,actual_offshore_wind_generation,Wind Offshore | Actual Aggregated,2026-08-07T04:53:21Z
2026-08-07T04:50:48Z,2026-08-07T06:50:48+0200,9de41e72-ad84-4160-af68-c339f970a640,2026-08-03T23:00:00Z,2026-08-04T01:00:00+0200,16.545,MW,NL,NL,actual_offshore_wind_generation,Wind Offshore | Actual Consumption,2026-08-07T04:53:21Z
2026-08-07T04:50:48Z,2026-08-07T06:50:48+0200,9de41e72-ad84-4160-af68-c339f970a640,2026-08-03T23:15:00Z,2026-08-04T01:15:00+0200,526.123,MW,NL,NL,actual_offshore_wind_generation,Wind Offshore | Actual Aggregated,2026-08-07T04:53:21Z
2026-08-07T04:50:48Z,2026-08-07T06:50:48+0200,9de41e72-ad84-4160-af68-c339f970a640,2026-08-03T23:15:00Z,2026-08-04T01:15:00+0200,13.455,MW,NL,NL,actual_offshore_wind_generation,Wind Offshore | Actual Consumption,2026-08-07T04:53:21Z
2026-08-07T04:50:48Z,2026-08-07T06:50:48+0200,9de41e72-ad84-4160-af68-c339f970a640,2026-08-03T23:30:00Z,2026-08-04T01:30:00+0200,551.011,MW,NL,NL,actual_offshore_wind_generation,Wind Offshore | Actual Aggregated,2026-08-07T04:53:21Z
2026-08-07T04:50:48Z,2026-08-07T06:50:48+0200,9de41e72-ad84-4160-af68-c339f970a640,2026-08-03T23:30:00Z,2026-08-04T01:30:00+0200,5.564,MW,NL,NL,actual_offshore_wind_generation,Wind Offshore | Actual Consumption,2026-08-07T04:53:21Z
2026-08-07T04:50:48Z,2026-08-07T06:50:48+0200,9de41e72-ad84-4160-af68-c339f970a640,2026-08-03T23:45:00Z,2026-08-04T01:45:00+0200,500.352,MW,NL,NL,actual_offshore_wind_generation,Wind Offshore | Actual Aggregated,2026-08-07T04:53:21Z
2026-08-07T04:50:48Z,2026-08-07T06:50:48+0200,9de41e72-ad84-4160-af68-c339f970a640,2026-08-03T23:45:00Z,2026-08-04T01:45:00+0200,9.772,MW,NL,NL,actual_offshore_wind_generation,Wind Offshore | Actual Consumption,2026-08-07T04:53:21Z
2026-08-07T04:50:48Z,2026-08-07T06:50:48+0200,9de41e72-ad84-4160-af68-c339f970a640,2026-08-04T00:00:00Z,2026-08-04T02:00:00+0200,435.358,MW,NL,NL,actual_offshore_wind_generation,Wind Offshore | Actual Aggregated,2026-08-07T04:53:21Z
2026-08-07T04:50:48Z,2026-08-07T06:50:48+0200,9de41e72-ad84-4160-af68-c339f970a640,2026-08-04T00:00:00Z,2026-08-04T02:00:00+0200,5.044,MW,NL,NL,actual_offshore_wind_generation,Wind Offshore | Actual Consumption,2026-08-07T04:53:21Z
2026-08-07T04:50:48Z,2026-08-07T06:50:48+0200,9de41e72-ad84-4160-af68-c339f970a640,2026-08-04T00:15:00Z,2026-08-04T02:15:00+0200,408.244,MW,NL,NL,actual_offshore_wind_generation,Wind Offshore | Actual Aggregated,2026-08-07T04:53:21Z
2026-08-07T04:50:48Z,2026-08-07T06:50:48+0200,9de41e72-ad84-4160-af68-c339f970a640,2026-08-04T00:15:00Z,2026-08-04T02:15:00+0200,5.865,MW,NL,NL,actual_offshore_wind_generation,Wind Offshore | Actual Consumption,2026-08-07T04:53:21Z
2026-08-07T04:50:48Z,2026-08-07T06:50:48+0200,9de41e72-ad84-4160-af68-c339f970a640,2026-08-04T00:30:00Z,2026-08-04T02:30:00+0200,394.362,MW,NL,NL,actual_offshore_wind_generation,Wind Offshore | Actual Aggregated,2026-08-07T04:53:21Z
2026-08-07T04:50:48Z,2026-08-07T06:50:48+0200,9de41e72-ad84-4160-af68-c339f970a640,2026-08-04T00:30:00Z,2026-08-04T02:30:00+0200,6.532,MW,NL,NL,actual_offshore_wind_generation,Wind Offshore | Actual Consumption,2026-08-07T04:53:21Z
2026-08-07T04:50:48Z,2026-08-07T06:50:48+0200,9de41e72-ad84-4160-af68-c339f970a640,2026-08-04T00:45:00Z,2026-08-04T02:45:00+0200,390.634,MW,NL,NL,actual_offshore_wind_generation,Wind Offshore | Actual Aggregated,2026-08-07T04:53:21Z
2026-08-07T04:50:48Z,2026-08-07T06:50:48+0200,9de41e72-ad84-4160-af68-c339f970a640,2026-08-04T00:45:00Z,2026-08-04T02:45:00+0200,7.226,MW,NL,NL,actual_offshore_wind_generation,Wind Offshore | Actual Consumption,2026-08-07T04:53:21Z
2026-08-07T04:50:48Z,2026-08-07T06:50:48+0200,9de41e72-ad84-4160-af68-c339f970a640,2026-08-04T01:00:00Z,2026-08-04T03:00:00+0200,376.376,MW,NL,NL,actual_offshore_wind_generation,Wind Offshore | Actual Aggregated,2026-08-07T04:53:21Z
2026-08-07T04:50:48Z,2026-08-07T06:50:48+0200,9de41e72-ad84-4160-af68-c339f970a640,2026-08-04T01:00:00Z,2026-08-04T03:00:00+0200,7.338,MW,NL,NL,actual_offshore_wind_generation,Wind Offshore | Actual Consumption,2026-08-07T04:53:21Z
2026-08-07T04:50:48Z,2026-08-07T06:50:48+0200,9de41e72-ad84-4160-af68-c339f970a640,2026-08-04T01:15:00Z,2026-08-04T03:15:00+0200,404.329,MW,NL,NL,actual_offshore_wind_generation,Wind Offshore | Actual Aggregated,2026-08-07T04:53:21Z
2026-08-07T04:50:48Z,2026-08-07T06:50:48+0200,9de41e72-ad84-4160-af68-c339f970a640,2026-08-04T01:15:00Z,2026-08-04T03:15:00+0200,2.499,MW,NL,NL,actual_offshore_wind_generation,Wind Offshore | Actual Consumption,2026-08-07T04:53:21Z
2026-08-07T04:50:48Z,2026-08-07T06:50:48+0200,9de41e72-ad84-4160-af68-c339f970a640,2026-08-04T01:30:00Z,2026-08-04T03:30:00+0200,442.312,MW,NL,NL,actual_offshore_wind_generation,Wind Offshore | Actual Aggregated,2026-08-07T04:53:21Z
2026-08-07T04:50:48Z,2026-08-07T06:50:48+0200,9de41e72-ad84-4160-af68-c339f970a640,2026-08-04T01:30:00Z,2026-08-04T03:30:00+0200,8.791,MW,NL,NL,actual_offshore_wind_generation,Wind Offshore | Actual Consumption,2026-08-07T04:53:21Z
2026-08-07T04:50:48Z,2026-08-07T06:50:48+0200,9de41e72-ad84-4160-af68-c339f970a640,2026-08-04T01:45:00Z,2026-08-04T03:45:00+0200,452.166,MW,NL,NL,actual_offshore_wind_generation,Wind Offshore | Actual Aggregated,2026-08-07T04:53:21Z
2026-08-07T04:50:48Z,2026-08-07T06:50:48+0200,9de41e72-ad84-4160-af68-c339f970a640,2026-08-04T01:45:00Z,2026-08-04T03:45:00+0200,7.907,MW,NL,NL,actual_offshore_wind_generation,Wind Offshore | Actual Consumption,2026-08-07T04:53:21Z
2026-08-07T04:50:48Z,2026-08-07T06:50:48+0200,9de41e72-ad84-4160-af68-c339f970a640,2026-08-04T02:00:00Z,2026-08-04T04:00:00+0200,409.723,MW,NL,NL,actual_offshore_wind_generation,Wind Offshore | Actual Aggregated,2026-08-07T04:53:21Z
2026-08-07T04:50:48Z,2026-08-07T06:50:48+0200,9de41e72-ad84-4160-af68-c339f970a640,2026-08-04T02:00:00Z,2026-08-04T04:00:00+0200,10.125,MW,NL,NL,actual_offshore_wind_generation,Wind Offshore | Actual Consumption,2026-08-07T04:53:21Z
2026-08-07T04:50:48Z,2026-08-07T06:50:48+0200,9de41e72-ad84-4160-af68-c339f970a640,2026-08-04T02:15:00Z,2026-08-04T04:15:00+0200,350.293,MW,NL,NL,actual_offshore_wind_generation,Wind Offshore | Actual Aggregated,2026-08-07T04:53:21Z
2026-08-07T04:50:48Z,2026-08-07T06:50:48+0200,9de41e72-ad84-4160-af68-c339f970a640,2026-08-04T02:15:00Z,2026-08-04T04:15:00+0200,13.745,MW,NL,NL,actual_offshore_wind_generation,Wind Offshore | Actual Consumption,2026-08-07T04:53:21Z
2026-08-07T04:50:48Z,2026-08-07T06:50:48+0200,9de41e72-ad84-4160-af68-c339f970a640,2026-08-04T02:30:00Z,2026-08-04T04:30:00+0200,278.095,MW,NL,NL,actual_offshore_wind_generation,Wind Offshore | Actual Aggregated,2026-08-07T04:53:21Z
2026-08-07T04:50:48Z,2026-08-07T06:50:48+0200,9de41e72-ad84-4160-af68-c339f970a640,2026-08-04T02:30:00Z,2026-08-04T04:30:00+0200,14.706,MW,NL,NL,actual_offshore_wind_generation,Wind Offshore | Actual Consumption,2026-08-07T04:53:21Z
2026-08-07T04:50:48Z,2026-08-07T06:50:48+0200,9de41e72-ad84-4160-af68-c339f970a640,2026-08-04T02:45:00Z,2026-08-04T04:45:00+0200,266.738,MW,NL,NL,actual_offshore_wind_generation,Wind Offshore | Actual Aggregated,2026-08-07T04:53:21Z
2026-08-07T04:50:48Z,2026-08-07T06:50:48+0200,9de41e72-ad84-4160-af68-c339f970a640,2026-08-04T02:45:00Z,2026-08-04T04:45:00+0200,19.515,MW,NL,NL,actual_offshore_wind_generation,Wind Offshore | Actual Consumption,2026-08-07T04:53:21Z
2026-08-07T04:50:48Z,2026-08-07T06:50:48+0200,9de41e72-ad84-4160-af68-c339f970a640,2026-08-04T03:00:00Z,2026-08-04T05:00:00+0200,276.907,MW,NL,NL,actual_offshore_wind_generation,Wind Offshore | Actual Aggregated,2026-08-07T04:53:21Z
2026-08-07T04:50:48Z,2026-08-07T06:50:48+0200,9de41e72-ad84-4160-af68-c339f970a640,2026-08-04T03:00:00Z,2026-08-04T05:00:00+0200,18.55,MW,NL,NL,actual_offshore_wind_generation,Wind Offshore | Actual Consumption,2026-08-07T04:53:21Z
2026-08-07T04:50:48Z,2026-08-07T06:50:48+0200,9de41e72-ad84-4160-af68-c339f970a640,2026-08-04T03:15:00Z,2026-08-04T05:15:00+0200,259.244,MW,NL,NL,actual_offshore_wind_generation,Wind Offshore | Actual Aggregated,2026-08-07T04:53:21Z
2026-08-07T04:50:48Z,2026-08-07T06:50:48+0200,9de41e72-ad84-4160-af68-c339f970a640,2026-08-04T03:15:00Z,2026-08-04T05:15:00+0200,17.213,MW,NL,NL,actual_offshore_wind_generation,Wind Offshore | Actual Consumption,2026-08-07T04:53:21Z
2026-08-07T04:50:48Z,2026-08-07T06:50:48+0200,9de41e72-ad84-4160-af68-c339f970a640,2026-08-04T03:30:00Z,2026-08-04T05:30:00+0200,259.885,MW,NL,NL,actual_offshore_wind_generation,Wind Offshore | Actual Aggregated,2026-08-07T04:53:21Z
2026-08-07T04:50:48Z,2026-08-07T06:50:48+0200,9de41e72-ad84-4160-af68-c339f970a640,2026-08-04T03:30:00Z,2026-08-04T05:30:00+0200,18.804,MW,NL,NL,actual_offshore_wind_generation,Wind Offshore | Actual Consumption,2026-08-07T04:53:21Z
2026-08-07T04:50:48Z,2026-08-07T06:50:48+0200,9de41e72-ad84-4160-af68-c339f970a640,2026-08-04T03:45:00Z,2026-08-04T05:45:00+0200,294.997,MW,NL,NL,actual_offshore_wind_generation,Wind Offshore | Actual Aggregated,2026-08-07T04:53:21Z
2026-08-07T04:50:48Z,2026-08-07T06:50:48+0200,9de41e72-ad84-4160-af68-c339f970a640,2026-08-04T03:45:00Z,2026-08-04T05:45:00+0200,18.269,MW,NL,NL,actual_offshore_wind_generation,Wind Offshore | Actual Consumption,2026-08-07T04:53:21Z
2026-08-07T04:50:48Z,2026-08-07T06:50:48+0200,9de41e72-ad84-4160-af68-c339f970a640,2026-08-04T04:00:00Z,2026-08-04T06:00:00+0200,346.219,MW,NL,NL,actual_offshore_wind_generation,Wind Offshore | Actual Aggregated,2026-08-07T04:53:21Z
2026-08-07T04:50:48Z,2026-08-07T06:50:48+0200,9de41e72-ad84-4160-af68-c339f970a640,2026-08-04T04:00:00Z,2026-08-04T06:00:00+0200,13.069,MW,NL,NL,actual_offshore_wind_generation,Wind Offshore | Actual Consumption,2026-08-07T04:53:21Z
2026-08-07T04:50:48Z,2026-08-07T06:50:48+0200,9de41e72-ad84-4160-af68-c339f970a640,2026-08-04T04:15:00Z,2026-08-04T06:15:00+0200,414.113,MW,NL,NL,actual_offshore_wind_generation,Wind Offshore | Actual Aggregated,2026-08-07T04:53:21Z
2026-08-07T04:50:48Z,2026-08-07T06:50:48+0200,9de41e72-ad84-4160-af68-c339f970a640,2026-08-04T04:15:00Z,2026-08-04T06:15:00+0200,13.533,MW,NL,NL,actual_offshore_wind_generation,Wind Offshore | Actual Consumption,2026-08-07T04:53:21Z
2026-08-07T04:50:48Z,2026-08-07T06:50:48+0200,9de41e72-ad84-4160-af68-c339f970a640,2026-08-04T04:30:00Z,2026-08-04T06:30:00+0200,486.578,MW,NL,NL,actual_offshore_wind_generation,Wind Offshore | Actual Aggregated,2026-08-07T04:53:21Z
2026-08-07T04:50:48Z,2026-08-07T06:50:48+0200,9de41e72-ad84-4160-af68-c339f970a640,2026-08-04T04:30:00Z,2026-08-04T06:30:00+0200,14.211,MW,NL,NL,actual_offshore_wind_generation,Wind Offshore | Actual Consumption,2026-08-07T04:53:21Z
2026-08-07T04:50:48Z,2026-08-07T06:50:48+0200,9de41e72-ad84-4160-af68-c339f970a640,2026-08-04T04:45:00Z,2026-08-04T06:45:00+0200,511.408,MW,NL,NL,actual_offshore_wind_generation,Wind Offshore | Actual Aggregated,2026-08-07T04:53:21Z
2026-08-07T04:50:48Z,2026-08-07T06:50:48+0200,9de41e72-ad84-4160-af68-c339f970a640,2026-08-04T04:45:00Z,2026-08-04T06:45:00+0200,13.062,MW,NL,NL,actual_offshore_wind_generation,Wind Offshore | Actual Consumption,2026-08-07T04:53:21Z
2026-08-07T04:50:48Z,2026-08-07T06:50:48+0200,9de41e72-ad84-4160-af68-c339f970a640,2026-08-04T05:00:00Z,2026-08-04T07:00:00+0200,598.117,MW,NL,NL,actual_offshore_wind_generation,Wind Offshore | Actual Aggregated,2026-08-07T04:53:21Z
2026-08-07T04:50:48Z,2026-08-07T06:50:48+0200,9de41e72-ad84-4160-af68-c339f970a640,2026-08-04T05:00:00Z,2026-08-04T07:00:00+0200,14.098,MW,NL,NL,actual_offshore_wind_generation,Wind Offshore | Actual Consumption,2026-08-07T04:53:21Z
2026-08-07T04:50:48Z,2026-08-07T06:50:48+0200,9de41e72-ad84-4160-af68-c339f970a640,2026-08-04T05:15:00Z,2026-08-04T07:15:00+0200,705.779,MW,NL,NL,actual_offshore_wind_generation,Wind Offshore | Actual Aggregated,2026-08-07T04:53:21Z
2026-08-07T04:50:48Z,2026-08-07T06:50:48+0200,9de41e72-ad84-4160-af68-c339f970a640,2026-08-04T05:15:00Z,2026-08-04T07:15:00+0200,10.579,MW,NL,NL,actual_offshore_wind_generation,Wind Offshore | Actual Consumption,2026-08-07T04:53:21Z
2026-08-07T04:50:48Z,2026-08-07T06:50:48+0200,9de41e72-ad84-4160-af68-c339f970a640,2026-08-04T05:30:00Z,2026-08-04T07:30:00+0200,770.916,MW,NL,NL,actual_offshore_wind_generation,Wind Offshore | Actual Aggregated,2026-08-07T04:53:21Z
2026-08-07T04:50:48Z,2026-08-07T06:50:48+0200,9de41e72-ad84-4160-af68-c339f970a640,2026-08-04T05:30:00Z,2026-08-04T07:30:00+0200,7.713,MW,NL,NL,actual_offshore_wind_generation,Wind Offshore | Actual Consumption,2026-08-07T04:53:21Z
2026-08-07T04:50:48Z,2026-08-07T06:50:48+0200,9de41e72-ad84-4160-af68-c339f970a640,2026-08-04T05:45:00Z,2026-08-04T07:45:00+0200,870.822,MW,NL,NL,actual_offshore_wind_generation,Wind Offshore | Actual Aggregated,2026-08-07T04:53:21Z
2026-08-07T04:50:48Z,2026-08-07T06:50:48+0200,9de41e72-ad84-4160-af68-c339f970a640,2026-08-04T05:45:00Z,2026-08-04T07:45:00+0200,5.855,MW,NL,NL,actual_offshore_wind_generation,Wind Offshore | Actual Consumption,2026-08-07T04:53:21Z
2026-08-07T04:50:48Z,2026-08-07T06:50:48+0200,9de41e72-ad84-4160-af68-c339f970a640,2026-08-04T06:00:00Z,2026-08-04T08:00:00+0200,914.675,MW,NL,NL,actual_offshore_wind_generation,Wind Offshore | Actual Aggregated,2026-08-07T04:53:21Z
2026-08-07T04:50:48Z,2026-08-07T06:50:48+0200,9de41e72-ad84-4160-af68-c339f970a640,2026-08-04T06:00:00Z,2026-08-04T08:00:00+0200,4.325,MW,NL,NL,actual_offshore_wind_generation,Wind Offshore | Actual Consumption,2026-08-07T04:53:21Z
2026-08-07T04:50:48Z,2026-08-07T06:50:48+0200,9de41e72-ad84-4160-af68-c339f970a640,2026-08-04T06:15:00Z,2026-08-04T08:15:00+0200,931.74,MW,NL,NL,actual_offshore_wind_generation,Wind Offshore | Actual Aggregated,2026-08-07T04:53:21Z
2026-08-07T04:50:48Z,2026-08-07T06:50:48+0200,9de41e72-ad84-4160-af68-c339f970a640,2026-08-04T06:15:00Z,2026-08-04T08:15:00+0200,4.58,MW,NL,NL,actual_offshore_wind_generation,Wind Offshore | Actual Consumption,2026-08-07T04:53:21Z
2026-08-07T04:50:48Z,2026-08-07T06:50:48+0200,9de41e72-ad84-4160-af68-c339f970a640,2026-08-04T06:30:00Z,2026-08-04T08:30:00+0200,838.228,MW,NL,NL,actual_offshore_wind_generation,Wind Offshore | Actual Aggregated,2026-08-07T04:53:21Z
2026-08-07T04:50:48Z,2026-08-07T06:50:48+0200,9de41e72-ad84-4160-af68-c339f970a640,2026-08-04T06:30:00Z,2026-08-04T08:30:00+0200,4.066,MW,NL,NL,actual_offshore_wind_generation,Wind Offshore | Actual Consumption,2026-08-07T04:53:21Z
2026-08-07T04:50:48Z,2026-08-07T06:50:48+0200,9de41e72-ad84-4160-af68-c339f970a640,2026-08-04T06:45:00Z,2026-08-04T08:45:00+0200,791.172,MW,NL,NL,actual_offshore_wind_generation,Wind Offshore | Actual Aggregated,2026-08-07T04:53:21Z
2026-08-07T04:50:48Z,2026-08-07T06:50:48+0200,9de41e72-ad84-4160-af68-c339f970a640,2026-08-04T06:45:00Z,2026-08-04T08:45:00+0200,3.326,MW,NL,NL,actual_offshore_wind_generation,Wind Offshore | Actual Consumption,2026-08-07T04:53:21Z
2026-08-07T04:50:48Z,2026-08-07T06:50:48+0200,9de41e72-ad84-4160-af68-c339f970a640,2026-08-04T07:00:00Z,2026-08-04T09:00:00+0200,786.11,MW,NL,NL,actual_offshore_wind_generation,Wind Offshore | Actual Aggregated,2026-08-07T04:53:21Z
2026-08-07T04:50:48Z,2026-08-07T06:50:48+0200,9de41e72-ad84-4160-af68-c339f970a640,2026-08-04T07:00:00Z,2026-08-04T09:00:00+0200,3.064,MW,NL,NL,actual_offshore_wind_generation,Wind Offshore | Actual Consumption,2026-08-07T04:53:21Z
2026-08-07T04:50:48Z,2026-08-07T06:50:48+0200,9de41e72-ad84-4160-af68-c339f970a640,2026-08-04T07:15:00Z,2026-08-04T09:15:00+0200,836.574,MW,NL,NL,actual_offshore_wind_generation,Wind Offshore | Actual Aggregated,2026-08-07T04:53:21Z
2026-08-07T04:50:48Z,2026-08-07T06:50:48+0200,9de41e72-ad84-4160-af68-c339f970a640,2026-08-04T07:15:00Z,2026-08-04T09:15:00+0200,3.115,MW,NL,NL,actual_offshore_wind_generation,Wind Offshore | Actual Consumption,2026-08-07T04:53:21Z
2026-08-07T04:50:48Z,2026-08-07T06:50:48+0200,9de41e72-ad84-4160-af68-c339f970a640,2026-08-04T07:30:00Z,2026-08-04T09:30:00+0200,837.47,MW,NL,NL,actual_offshore_wind_generation,Wind Offshore | Actual Aggregated,2026-08-07T04:53:21Z
2026-08-07T04:50:48Z,2026-08-07T06:50:48+0200,9de41e72-ad84-4160-af68-c339f970a640,2026-08-04T07:30:00Z,2026-08-04T09:30:00+0200,3.048,MW,NL,NL,actual_offshore_wind_generation,Wind Offshore | Actual Consumption,2026-08-07T04:53:21Z
2026-08-07T04:50:48Z,2026-08-07T06:50:48+0200,9de41e72-ad84-4160-af68-c339f970a640,2026-08-04T07:45:00Z,2026-08-04T09:45:00+0200,812.581,MW,NL,NL,actual_offshore_wind_generation,Wind Offshore | Actual Aggregated,2026-08-07T04:53:21Z
2026-08-07T04:50:48Z,2026-08-07T06:50:48+0200,9de41e72-ad84-4160-af68-c339f970a640,2026-08-04T07:45:00Z,2026-08-04T09:45:00+0200,2.923,MW,NL,NL,actual_offshore_wind_generation,Wind Offshore | Actual Consumption,2026-08-07T04:53:21Z
2026-08-07T04:50:48Z,2026-08-07T06:50:48+0200,9de41e72-ad84-4160-af68-c339f970a640,2026-08-04T08:00:00Z,2026-08-04T10:00:00+0200,842.166,MW,NL,NL,actual_offshore_wind_generation,Wind Offshore | Actual Aggregated,2026-08-07T04:53:21Z
2026-08-07T04:50:48Z,2026-08-07T06:50:48+0200,9de41e72-ad84-4160-af68-c339f970a640,2026-08-04T08:00:00Z,2026-08-04T10:00:00+0200,2.691,MW,NL,NL,actual_offshore_wind_generation,Wind Offshore | Actual Consumption,2026-08-07T04:53:21Z
2026-08-07T04:50:48Z,2026-08-07T06:50:48+0200,9de41e72-ad84-4160-af68-c339f970a640,2026-08-04T08:15:00Z,2026-08-04T10:15:00+0200,784.316,MW,NL,NL,actual_offshore_wind_generation,Wind Offshore | Actual Aggregated,2026-08-07T04:53:21Z
2026-08-07T04:50:48Z,2026-08-07T06:50:48+0200,9de41e72-ad84-4160-af68-c339f970a640,2026-08-04T08:15:00Z,2026-08-04T10:15:00+0200,2.502,MW,NL,NL,actual_offshore_wind_generation,Wind Offshore | Actual Consumption,2026-08-07T04:53:21Z
2026-08-07T04:50:48Z,2026-08-07T06:50:48+0200,9de41e72-ad84-4160-af68-c339f970a640,2026-08-04T08:30:00Z,2026-08-04T10:30:00+0200,780.065,MW,NL,NL,actual_offshore_wind_generation,Wind Offshore | Actual Aggregated,2026-08-07T04:53:21Z
2026-08-07T04:50:48Z,2026-08-07T06:50:48+0200,9de41e72-ad84-4160-af68-c339f970a640,2026-08-04T08:30:00Z,2026-08-04T10:30:00+0200,1.832,MW,NL,NL,actual_offshore_wind_generation,Wind Offshore | Actual Consumption,2026-08-07T04:53:21Z
2026-08-07T04:50:48Z,2026-08-07T06:50:48+0200,9de41e72-ad84-4160-af68-c339f970a640,2026-08-04T08:45:00Z,2026-08-04T10:45:00+0200,818.353,MW,NL,NL,actual_offshore_wind_generation,Wind Offshore | Actual Aggregated,2026-08-07T04:53:21Z
2026-08-07T04:50:48Z,2026-08-07T06:50:48+0200,9de41e72-ad84-4160-af68-c339f970a640,2026-08-04T08:45:00Z,2026-08-04T10:45:00+0200,2.138,MW,NL,NL,actual_offshore_wind_generation,Wind Offshore | Actual Consumption,2026-08-07T04:53:21Z
2026-08-07T04:50:48Z,2026-08-07T06:50:48+0200,9de41e72-ad84-4160-af68-c339f970a640,2026-08-04T09:00:00Z,2026-08-04T11:00:00+0200,807.379,MW,NL,NL,actual_offshore_wind_generation,Wind Offshore | Actual Aggregated,2026-08-07T04:53:21Z
2026-08-07T04:50:48Z,2026-08-07T06:50:48+0200,9de41e72-ad84-4160-af68-c339f970a640,2026-08-04T09:00:00Z,2026-08-04T11:00:00+0200,1.846,MW,NL,NL,actual_offshore_wind_generation,Wind Offshore | Actual Consumption,2026-08-07T04:53:21Z
2026-08-07T04:50:48Z,2026-08-07T06:50:48+0200,9de41e72-ad84-4160-af68-c339f970a640,2026-08-04T09:15:00Z,2026-08-04T11:15:00+0200,792.191,MW,NL,NL,actual_offshore_wind_generation,Wind Offshore | Actual Aggregated,2026-08-07T04:53:21Z
2026-08-07T04:50:48Z,2026-08-07T06:50:48+0200,9de41e72-ad84-4160-af68-c339f970a640,2026-08-04T09:15:00Z,2026-08-04T11:15:00+0200,1.122,MW,NL,NL,actual_offshore_wind_generation,Wind Offshore | Actual Consumption,2026-08-07T04:53:21Z
2026-08-07T04:50:48Z,2026-08-07T06:50:48+0200,9de41e72-ad84-4160-af68-c339f970a640,2026-08-04T09:30:00Z,2026-08-04T11:30:00+0200,812.987,MW,NL,NL,actual_offshore_wind_generation,Wind Offshore | Actual Aggregated,2026-08-07T04:53:21Z
2026-08-07T04:50:48Z,2026-08-07T06:50:48+0200,9de41e72-ad84-4160-af68-c339f970a640,2026-08-04T09:30:00Z,2026-08-04T11:30:00+0200,0.865,MW,NL,NL,actual_offshore_wind_generation,Wind Offshore | Actual Consumption,2026-08-07T04:53:21Z
2026-08-07T04:50:48Z,2026-08-07T06:50:48+0200,9de41e72-ad84-4160-af68-c339f970a640,2026-08-04T09:45:00Z,2026-08-04T11:45:00+0200,799.047,MW,NL,NL,actual_offshore_wind_generation,Wind Offshore | Actual Aggregated,2026-08-07T04:53:21Z
2026-08-07T04:50:48Z,2026-08-07T06:50:48+0200,9de41e72-ad84-4160-af68-c339f970a640,2026-08-04T09:45:00Z,2026-08-04T11:45:00+0200,0.0,MW,NL,NL,actual_offshore_wind_generation,Wind Offshore | Actual Consumption,2026-08-07T04:53:21Z
2026-08-07T04:50:48Z,2026-08-07T06:50:48+0200,9de41e72-ad84-4160-af68-c339f970a640,2026-08-04T10:00:00Z,2026-08-04T12:00:00+0200,764.47,MW,NL,NL,actual_offshore_wind_generation,Wind Offshore | Actual Aggregated,2026-08-07T04:53:21Z
2026-08-07T04:50:48Z,2026-08-07T06:50:48+0200,9de41e72-ad84-4160-af68-c339f970a640,2026-08-04T10:00:00Z,2026-08-04T12:00:00+0200,0.0,MW,NL,NL,actual_offshore_wind_generation,Wind Offshore | Actual Consumption,2026-08-07T04:53:21Z
2026-08-07T04:50:48Z,2026-08-07T06:50:48+0200,9de41e72-ad84-4160-af68-c339f970a640,2026-08-04T10:15:00Z,2026-08-04T12:15:00+0200,677.203,MW,NL,NL,actual_offshore_wind_generation,Wind Offshore | Actual Aggregated,2026-08-07T04:53:21Z
2026-08-07T04:50:48Z,2026-08-07T06:50:48+0200,9de41e72-ad84-4160-af68-c339f970a640,2026-08-04T10:15:00Z,2026-08-04T12:15:00+0200,0.237,MW,NL,NL,actual_offshore_wind_generation,Wind Offshore | Actual Consumption,2026-08-07T04:53:21Z
2026-08-07T04:50:48Z,2026-08-07T06:50:48+0200,9de41e72-ad84-4160-af68-c339f970a640,2026-08-04T10:30:00Z,2026-08-04T12:30:00+0200,636.415,MW,NL,NL,actual_offshore_wind_generation,Wind Offshore | Actual Aggregated,2026-08-07T04:53:21Z
2026-08-07T04:50:48Z,2026-08-07T06:50:48+0200,9de41e72-ad84-4160-af68-c339f970a640,2026-08-04T10:30:00Z,2026-08-04T12:30:00+0200,1.231,MW,NL,NL,actual_offshore_wind_generation,Wind Offshore | Actual Consumption,2026-08-07T04:53:21Z
2026-08-07T04:50:48Z,2026-08-07T06:50:48+0200,9de41e72-ad84-4160-af68-c339f970a640,2026-08-04T10:45:00Z,2026-08-04T12:45:00+0200,687.841,MW,NL,NL,actual_offshore_wind_generation,Wind Offshore | Actual Aggregated,2026-08-07T04:53:21Z
2026-08-07T04:50:48Z,2026-08-07T06:50:48+0200,9de41e72-ad84-4160-af68-c339f970a640,2026-08-04T10:45:00Z,2026-08-04T12:45:00+0200,1.94,MW,NL,NL,actual_offshore_wind_generation,Wind Offshore | Actual Consumption,2026-08-07T04:53:21Z
2026-08-07T04:50:48Z,2026-08-07T06:50:48+0200,9de41e72-ad84-4160-af68-c339f970a640,2026-08-04T11:00:00Z,2026-08-04T13:00:00+0200,753.636,MW,NL,NL,actual_offshore_wind_generation,Wind Offshore | Actual Aggregated,2026-08-07T04:53:21Z
2026-08-07T04:50:48Z,2026-08-07T06:50:48+0200,9de41e72-ad84-4160-af68-c339f970a640,2026-08-04T11:00:00Z,2026-08-04T13:00:00+0200,2.439,MW,NL,NL,actual_offshore_wind_generation,Wind Offshore | Actual Consumption,2026-08-07T04:53:21Z
2026-08-07T04:50:48Z,2026-08-07T06:50:48+0200,9de41e72-ad84-4160-af68-c339f970a640,2026-08-04T11:15:00Z,2026-08-04T13:15:00+0200,851.002,MW,NL,NL,actual_offshore_wind_generation,Wind Offshore | Actual Aggregated,2026-08-07T04:53:21Z
2026-08-07T04:50:48Z,2026-08-07T06:50:48+0200,9de41e72-ad84-4160-af68-c339f970a640,2026-08-04T11:15:00Z,2026-08-04T13:15:00+0200,3.135,MW,NL,NL,actual_offshore_wind_generation,Wind Offshore | Actual Consumption,2026-08-07T04:53:21Z
2026-08-07T04:50:48Z,2026-08-07T06:50:48+0200,9de41e72-ad84-4160-af68-c339f970a640,2026-08-04T11:30:00Z,2026-08-04T13:30:00+0200,943.726,MW,NL,NL,actual_offshore_wind_generation,Wind Offshore | Actual Aggregated,2026-08-07T04:53:21Z
2026-08-07T04:50:48Z,2026-08-07T06:50:48+0200,9de41e72-ad84-4160-af68-c339f970a640,2026-08-04T11:30:00Z,2026-08-04T13:30:00+0200,3.738,MW,NL,NL,actual_offshore_wind_generation,Wind Offshore | Actual Consumption,2026-08-07T04:53:21Z
2026-08-07T04:50:48Z,2026-08-07T06:50:48+0200,9de41e72-ad84-4160-af68-c339f970a640,2026-08-04T11:45:00Z,2026-08-04T13:45:00+0200,874.953,MW,NL,NL,actual_offshore_wind_generation,Wind Offshore | Actual Aggregated,2026-08-07T04:53:21Z
2026-08-07T04:50:48Z,2026-08-07T06:50:48+0200,9de41e72-ad84-4160-af68-c339f970a640,2026-08-04T11:45:00Z,2026-08-04T13:45:00+0200,2.581,MW,NL,NL,actual_offshore_wind_generation,Wind Offshore | Actual Consumption,2026-08-07T04:53:21Z
2026-08-07T04:50:48Z,2026-08-07T06:50:48+0200,9de41e72-ad84-4160-af68-c339f970a640,2026-08-04T12:00:00Z,2026-08-04T14:00:00+0200,867.001,MW,NL,NL,actual_offshore_wind_generation,Wind Offshore | Actual Aggregated,2026-08-07T04:53:21Z
2026-08-07T04:50:48Z,2026-08-07T06:50:48+0200,9de41e72-ad84-4160-af68-c339f970a640,2026-08-04T12:00:00Z,2026-08-04T14:00:00+0200,3.103,MW,NL,NL,actual_offshore_wind_generation,Wind Offshore | Actual Consumption,2026-08-07T04:53:21Z
2026-08-07T04:50:48Z,2026-08-07T06:50:48+0200,9de41e72-ad84-4160-af68-c339f970a640,2026-08-04T12:15:00Z,2026-08-04T14:15:00+0200,886.384,MW,NL,NL,actual_offshore_wind_generation,Wind Offshore | Actual Aggregated,2026-08-07T04:53:21Z
2026-08-07T04:50:48Z,2026-08-07T06:50:48+0200,9de41e72-ad84-4160-af68-c339f970a640,2026-08-04T12:15:00Z,2026-08-04T14:15:00+0200,2.558,MW,NL,NL,actual_offshore_wind_generation,Wind Offshore | Actual Consumption,2026-08-07T04:53:21Z
2026-08-07T04:50:48Z,2026-08-07T06:50:48+0200,9de41e72-ad84-4160-af68-c339f970a640,2026-08-04T12:30:00Z,2026-08-04T14:30:00+0200,919.587,MW,NL,NL,actual_offshore_wind_generation,Wind Offshore | Actual Aggregated,2026-08-07T04:53:21Z
2026-08-07T04:50:48Z,2026-08-07T06:50:48+0200,9de41e72-ad84-4160-af68-c339f970a640,2026-08-04T12:30:00Z,2026-08-04T14:30:00+0200,1.573,MW,NL,NL,actual_offshore_wind_generation,Wind Offshore | Actual Consumption,2026-08-07T04:53:21Z
2026-08-07T04:50:48Z,2026-08-07T06:50:48+0200,9de41e72-ad84-4160-af68-c339f970a640,2026-08-04T12:45:00Z,2026-08-04T14:45:00+0200,1037.697,MW,NL,NL,actual_offshore_wind_generation,Wind Offshore | Actual Aggregated,2026-08-07T04:53:21Z
2026-08-07T04:50:48Z,2026-08-07T06:50:48+0200,9de41e72-ad84-4160-af68-c339f970a640,2026-08-04T12:45:00Z,2026-08-04T14:45:00+0200,2.926,MW,NL,NL,actual_offshore_wind_generation,Wind Offshore | Actual Consumption,2026-08-07T04:53:21Z
2026-08-07T04:50:48Z,2026-08-07T06:50:48+0200,9de41e72-ad84-4160-af68-c339f970a640,2026-08-04T13:00:00Z,2026-08-04T15:00:00+0200,1085.896,MW,NL,NL,actual_offshore_wind_generation,Wind Offshore | Actual Aggregated,2026-08-07T04:53:21Z
2026-08-07T04:50:48Z,2026-08-07T06:50:48+0200,9de41e72-ad84-4160-af68-c339f970a640,2026-08-04T13:00:00Z,2026-08-04T15:00:00+0200,4.766,MW,NL,NL,actual_offshore_wind_generation,Wind Offshore | Actual Consumption,2026-08-07T04:53:21Z
2026-08-07T04:50:48Z,2026-08-07T06:50:48+0200,9de41e72-ad84-4160-af68-c339f970a640,2026-08-04T13:15:00Z,2026-08-04T15:15:00+0200,1039.468,MW,NL,NL,actual_offshore_wind_generation,Wind Offshore | Actual Aggregated,2026-08-07T04:53:21Z
2026-08-07T04:50:48Z,2026-08-07T06:50:48+0200,9de41e72-ad84-4160-af68-c339f970a640,2026-08-04T13:15:00Z,2026-08-04T15:15:00+0200,3.318,MW,NL,NL,actual_offshore_wind_generation,Wind Offshore | Actual Consumption,2026-08-07T04:53:21Z
2026-08-07T04:50:48Z,2026-08-07T06:50:48+0200,9de41e72-ad84-4160-af68-c339f970a640,2026-08-04T13:30:00Z,2026-08-04T15:30:00+0200,1041.931,MW,NL,NL,actual_offshore_wind_generation,Wind Offshore | Actual Aggregated,2026-08-07T04:53:21Z
2026-08-07T04:50:48Z,2026-08-07T06:50:48+0200,9de41e72-ad84-4160-af68-c339f970a640,2026-08-04T13:30:00Z,2026-08-04T15:30:00+0200,2.949,MW,NL,NL,actual_offshore_wind_generation,Wind Offshore | Actual Consumption,2026-08-07T04:53:21Z
2026-08-07T04:50:48Z,2026-08-07T06:50:48+0200,9de41e72-ad84-4160-af68-c339f970a640,2026-08-04T13:45:00Z,2026-08-04T15:45:00+0200,991.294,MW,NL,NL,actual_offshore_wind_generation,Wind Offshore | Actual Aggregated,2026-08-07T04:53:21Z
2026-08-07T04:50:48Z,2026-08-07T06:50:48+0200,9de41e72-ad84-4160-af68-c339f970a640,2026-08-04T13:45:00Z,2026-08-04T15:45:00+0200,2.567,MW,NL,NL,actual_offshore_wind_generation,Wind Offshore | Actual Consumption,2026-08-07T04:53:21Z
2026-08-07T04:50:48Z,2026-08-07T06:50:48+0200,9de41e72-ad84-4160-af68-c339f970a640,2026-08-04T14:00:00Z,2026-08-04T16:00:00+0200,1054.159,MW,NL,NL,actual_offshore_wind_generation,Wind Offshore | Actual Aggregated,2026-08-07T04:53:21Z
2026-08-07T04:50:48Z,2026-08-07T06:50:48+0200,9de41e72-ad84-4160-af68-c339f970a640,2026-08-04T14:00:00Z,2026-08-04T16:00:00+0200,2.109,MW,NL,NL,actual_offshore_wind_generation,Wind Offshore | Actual Consumption,2026-08-07T04:53:21Z
2026-08-07T04:50:48Z,2026-08-07T06:50:48+0200,9de41e72-ad84-4160-af68-c339f970a640,2026-08-04T14:15:00Z,2026-08-04T16:15:00+0200,1092.758,MW,NL,NL,actual_offshore_wind_generation,Wind Offshore | Actual Aggregated,2026-08-07T04:53:21Z
2026-08-07T04:50:48Z,2026-08-07T06:50:48+0200,9de41e72-ad84-4160-af68-c339f970a640,2026-08-04T14:15:00Z,2026-08-04T16:15:00+0200,2.419,MW,NL,NL,actual_offshore_wind_generation,Wind Offshore | Actual Consumption,2026-08-07T04:53:21Z
2026-08-07T04:50:48Z,2026-08-07T06:50:48+0200,9de41e72-ad84-4160-af68-c339f970a640,2026-08-04T14:30:00Z,2026-08-04T16:30:00+0200,1385.121,MW,NL,NL,actual_offshore_wind_generation,Wind Offshore | Actual Aggregated,2026-08-07T04:53:21Z
2026-08-07T04:50:48Z,2026-08-07T06:50:48+0200,9de41e72-ad84-4160-af68-c339f970a640,2026-08-04T14:30:00Z,2026-08-04T16:30:00+0200,3.388,MW,NL,NL,actual_offshore_wind_generation,Wind Offshore | Actual Consumption,2026-08-07T04:53:21Z
2026-08-07T04:50:48Z,2026-08-07T06:50:48+0200,9de41e72-ad84-4160-af68-c339f970a640,2026-08-04T14:45:00Z,2026-08-04T16:45:00+0200,1737.316,MW,NL,NL,actual_offshore_wind_generation,Wind Offshore | Actual Aggregated,2026-08-07T04:53:21Z
2026-08-07T04:50:48Z,2026-08-07T06:50:48+0200,9de41e72-ad84-4160-af68-c339f970a640,2026-08-04T14:45:00Z,2026-08-04T16:45:00+0200,4.004,MW,NL,NL,actual_offshore_wind_generation,Wind Offshore | Actual Consumption,2026-08-07T04:53:21Z
2026-08-07T04:50:48Z,2026-08-07T06:50:48+0200,9de41e72-ad84-4160-af68-c339f970a640,2026-08-04T15:00:00Z,2026-08-04T17:00:00+0200,1632.244,MW,NL,NL,actual_offshore_wind_generation,Wind Offshore | Actual Aggregated,2026-08-07T04:53:21Z
2026-08-07T04:50:48Z,2026-08-07T06:50:48+0200,9de41e72-ad84-4160-af68-c339f970a640,2026-08-04T15:00:00Z,2026-08-04T17:00:00+0200,5.133,MW,NL,NL,actual_offshore_wind_generation,Wind Offshore | Actual Consumption,2026-08-07T04:53:21Z
2026-08-07T04:50:48Z,2026-08-07T06:50:48+0200,9de41e72-ad84-4160-af68-c339f970a640,2026-08-04T15:15:00Z,2026-08-04T17:15:00+0200,1877.628,MW,NL,NL,actual_offshore_wind_generation,Wind Offshore | Actual Aggregated,2026-08-07T04:53:21Z
2026-08-07T04:50:48Z,2026-08-07T06:50:48+0200,9de41e72-ad84-4160-af68-c339f970a640,2026-08-04T15:15:00Z,2026-08-04T17:15:00+0200,6.561,MW,NL,NL,actual_offshore_wind_generation,Wind Offshore | Actual Consumption,2026-08-07T04:53:21Z
2026-08-07T04:50:48Z,2026-08-07T06:50:48+0200,9de41e72-ad84-4160-af68-c339f970a640,2026-08-04T15:30:00Z,2026-08-04T17:30:00+0200,2188.442,MW,NL,NL,actual_offshore_wind_generation,Wind Offshore | Actual Aggregated,2026-08-07T04:53:21Z
2026-08-07T04:50:48Z,2026-08-07T06:50:48+0200,9de41e72-ad84-4160-af68-c339f970a640,2026-08-04T15:30:00Z,2026-08-04T17:30:00+0200,16.895,MW,NL,NL,actual_offshore_wind_generation,Wind Offshore | Actual Consumption,2026-08-07T04:53:21Z
2026-08-07T04:50:48Z,2026-08-07T06:50:48+0200,9de41e72-ad84-4160-af68-c339f970a640,2026-08-04T15:45:00Z,2026-08-04T17:45:00+0200,2256.73,MW,NL,NL,actual_offshore_wind_generation,Wind Offshore | Actual Aggregated,2026-08-07T04:53:21Z
2026-08-07T04:50:48Z,2026-08-07T06:50:48+0200,9de41e72-ad84-4160-af68-c339f970a640,2026-08-04T15:45:00Z,2026-08-04T17:45:00+0200,18.725,MW,NL,NL,actual_offshore_wind_generation,Wind Offshore | Actual Consumption,2026-08-07T04:53:21Z
2026-08-07T04:50:48Z,2026-08-07T06:50:48+0200,9de41e72-ad84-4160-af68-c339f970a640,2026-08-04T16:00:00Z,2026-08-04T18:00:00+0200,2197.393,MW,NL,NL,actual_offshore_wind_generation,Wind Offshore | Actual Aggregated,2026-08-07T04:53:21Z
2026-08-07T04:50:48Z,2026-08-07T06:50:48+0200,9de41e72-ad84-4160-af68-c339f970a640,2026-08-04T16:00:00Z,2026-08-04T18:00:00+0200,18.759,MW,NL,NL,actual_offshore_wind_generation,Wind Offshore | Actual Consumption,2026-08-07T04:53:21Z
2026-08-07T04:50:48Z,2026-08-07T06:50:48+0200,9de41e72-ad84-4160-af68-c339f970a640,2026-08-04T16:15:00Z,2026-08-04T18:15:00+0200,2122.546,MW,NL,NL,actual_offshore_wind_generation,Wind Offshore | Actual Aggregated,2026-08-07T04:53:21Z
2026-08-07T04:50:48Z,2026-08-07T06:50:48+0200,9de41e72-ad84-4160-af68-c339f970a640,2026-08-04T16:15:00Z,2026-08-04T18:15:00+0200,18.819,MW,NL,NL,actual_offshore_wind_generation,Wind Offshore | Actual Consumption,2026-08-07T04:53:21Z
2026-08-07T04:50:48Z,2026-08-07T06:50:48+0200,9de41e72-ad84-4160-af68-c339f970a640,2026-08-04T16:30:00Z,2026-08-04T18:30:00+0200,2139.717,MW,NL,NL,actual_offshore_wind_generation,Wind Offshore | Actual Aggregated,2026-08-07T04:53:21Z
2026-08-07T04:50:48Z,2026-08-07T06:50:48+0200,9de41e72-ad84-4160-af68-c339f970a640,2026-08-04T16:30:00Z,2026-08-04T18:30:00+0200,18.77,MW,NL,NL,actual_offshore_wind_generation,Wind Offshore | Actual Consumption,2026-08-07T04:53:21Z
2026-08-07T04:50:48Z,2026-08-07T06:50:48+0200,9de41e72-ad84-4160-af68-c339f970a640,2026-08-04T16:45:00Z,2026-08-04T18:45:00+0200,2270.944,MW,NL,NL,actual_offshore_wind_generation,Wind Offshore | Actual Aggregated,2026-08-07T04:53:21Z
2026-08-07T04:50:48Z,2026-08-07T06:50:48+0200,9de41e72-ad84-4160-af68-c339f970a640,2026-08-04T16:45:00Z,2026-08-04T18:45:00+0200,18.747,MW,NL,NL,actual_offshore_wind_generation,Wind Offshore | Actual Consumption,2026-08-07T04:53:21Z
2026-08-07T04:50:48Z,2026-08-07T06:50:48+0200,9de41e72-ad84-4160-af68-c339f970a640,2026-08-04T17:00:00Z,2026-08-04T19:00:00+0200,2492.034,MW,NL,NL,actual_offshore_wind_generation,Wind Offshore | Actual Aggregated,2026-08-07T04:53:21Z
2026-08-07T04:50:48Z,2026-08-07T06:50:48+0200,9de41e72-ad84-4160-af68-c339f970a640,2026-08-04T17:00:00Z,2026-08-04T19:00:00+0200,18.765,MW,NL,NL,actual_offshore_wind_generation,Wind Offshore | Actual Consumption,2026-08-07T04:53:21Z
2026-08-07T04:50:48Z,2026-08-07T06:50:48+0200,9de41e72-ad84-4160-af68-c339f970a640,2026-08-04T17:15:00Z,2026-08-04T19:15:00+0200,2661.12,MW,NL,NL,actual_offshore_wind_generation,Wind Offshore | Actual Aggregated,2026-08-07T04:53:21Z
2026-08-07T04:50:48Z,2026-08-07T06:50:48+0200,9de41e72-ad84-4160-af68-c339f970a640,2026-08-04T17:15:00Z,2026-08-04T19:15:00+0200,18.701,MW,NL,NL,actual_offshore_wind_generation,Wind Offshore | Actual Consumption,2026-08-07T04:53:21Z
2026-08-07T04:50:48Z,2026-08-07T06:50:48+0200,9de41e72-ad84-4160-af68-c339f970a640,2026-08-04T17:30:00Z,2026-08-04T19:30:00+0200,2735.846,MW,NL,NL,actual_offshore_wind_generation,Wind Offshore | Actual Aggregated,2026-08-07T04:53:21Z
2026-08-07T04:50:48Z,2026-08-07T06:50:48+0200,9de41e72-ad84-4160-af68-c339f970a640,2026-08-04T17:30:00Z,2026-08-04T19:30:00+0200,17.615,MW,NL,NL,actual_offshore_wind_generation,Wind Offshore | Actual Consumption,2026-08-07T04:53:21Z
2026-08-07T04:50:48Z,2026-08-07T06:50:48+0200,9de41e72-ad84-4160-af68-c339f970a640,2026-08-04T17:45:00Z,2026-08-04T19:45:00+0200,2971.815,MW,NL,NL,actual_offshore_wind_generation,Wind Offshore | Actual Aggregated,2026-08-07T04:53:21Z
2026-08-07T04:50:48Z,2026-08-07T06:50:48+0200,9de41e72-ad84-4160-af68-c339f970a640,2026-08-04T17:45:00Z,2026-08-04T19:45:00+0200,17.339,MW,NL,NL,actual_offshore_wind_generation,Wind Offshore | Actual Consumption,2026-08-07T04:53:21Z
2026-08-07T04:50:48Z,2026-08-07T06:50:48+0200,9de41e72-ad84-4160-af68-c339f970a640,2026-08-04T18:00:00Z,2026-08-04T20:00:00+0200,3287.141,MW,NL,NL,actual_offshore_wind_generation,Wind Offshore | Actual Aggregated,2026-08-07T04:53:21Z
2026-08-07T04:50:48Z,2026-08-07T06:50:48+0200,9de41e72-ad84-4160-af68-c339f970a640,2026-08-04T18:00:00Z,2026-08-04T20:00:00+0200,18.726,MW,NL,NL,actual_offshore_wind_generation,Wind Offshore | Actual Consumption,2026-08-07T04:53:21Z
2026-08-07T04:50:48Z,2026-08-07T06:50:48+0200,9de41e72-ad84-4160-af68-c339f970a640,2026-08-04T18:15:00Z,2026-08-04T20:15:00+0200,3375.764,MW,NL,NL,actual_offshore_wind_generation,Wind Offshore | Actual Aggregated,2026-08-07T04:53:21Z
2026-08-07T04:50:48Z,2026-08-07T06:50:48+0200,9de41e72-ad84-4160-af68-c339f970a640,2026-08-04T18:15:00Z,2026-08-04T20:15:00+0200,18.598,MW,NL,NL,actual_offshore_wind_generation,Wind Offshore | Actual Consumption,2026-08-07T04:53:21Z
2026-08-07T04:50:48Z,2026-08-07T06:50:48+0200,9de41e72-ad84-4160-af68-c339f970a640,2026-08-04T18:30:00Z,2026-08-04T20:30:00+0200,3473.109,MW,NL,NL,actual_offshore_wind_generation,Wind Offshore | Actual Aggregated,2026-08-07T04:53:21Z
2026-08-07T04:50:48Z,2026-08-07T06:50:48+0200,9de41e72-ad84-4160-af68-c339f970a640,2026-08-04T18:30:00Z,2026-08-04T20:30:00+0200,18.79,MW,NL,NL,actual_offshore_wind_generation,Wind Offshore | Actual Consumption,2026-08-07T04:53:21Z
2026-08-07T04:50:48Z,2026-08-07T06:50:48+0200,9de41e72-ad84-4160-af68-c339f970a640,2026-08-04T18:45:00Z,2026-08-04T20:45:00+0200,3614.481,MW,NL,NL,actual_offshore_wind_generation,Wind Offshore | Actual Aggregated,2026-08-07T04:53:21Z
2026-08-07T04:50:48Z,2026-08-07T06:50:48+0200,9de41e72-ad84-4160-af68-c339f970a640,2026-08-04T18:45:00Z,2026-08-04T20:45:00+0200,18.606,MW,NL,NL,actual_offshore_wind_generation,Wind Offshore | Actual Consumption,2026-08-07T04:53:21Z
2026-08-07T04:50:48Z,2026-08-07T06:50:48+0200,9de41e72-ad84-4160-af68-c339f970a640,2026-08-04T19:00:00Z,2026-08-04T21:00:00+0200,3469.575,MW,NL,NL,actual_offshore_wind_generation,Wind Offshore | Actual Aggregated,2026-08-07T04:53:21Z
2026-08-07T04:50:48Z,2026-08-07T06:50:48+0200,9de41e72-ad84-4160-af68-c339f970a640,2026-08-04T19:00:00Z,2026-08-04T21:00:00+0200,18.381,MW,NL,NL,actual_offshore_wind_generation,Wind Offshore | Actual Consumption,2026-08-07T04:53:21Z
2026-08-07T04:50:48Z,2026-08-07T06:50:48+0200,9de41e72-ad84-4160-af68-c339f970a640,2026-08-04T19:15:00Z,2026-08-04T21:15:00+0200,3316.247,MW,NL,NL,actual_offshore_wind_generation,Wind Offshore | Actual Aggregated,2026-08-07T04:53:21Z
2026-08-07T04:50:48Z,2026-08-07T06:50:48+0200,9de41e72-ad84-4160-af68-c339f970a640,2026-08-04T19:15:00Z,2026-08-04T21:15:00+0200,16.704,MW,NL,NL,actual_offshore_wind_generation,Wind Offshore | Actual Consumption,2026-08-07T04:53:21Z
2026-08-07T04:50:48Z,2026-08-07T06:50:48+0200,9de41e72-ad84-4160-af68-c339f970a640,2026-08-04T19:30:00Z,2026-08-04T21:30:00+0200,3155.878,MW,NL,NL,actual_offshore_wind_generation,Wind Offshore | Actual Aggregated,2026-08-07T04:53:21Z
2026-08-07T04:50:48Z,2026-08-07T06:50:48+0200,9de41e72-ad84-4160-af68-c339f970a640,2026-08-04T19:30:00Z,2026-08-04T21:30:00+0200,13.854,MW,NL,NL,actual_offshore_wind_generation,Wind Offshore | Actual Consumption,2026-08-07T04:53:21Z
2026-08-07T04:50:48Z,2026-08-07T06:50:48+0200,9de41e72-ad84-4160-af68-c339f970a640,2026-08-04T19:45:00Z,2026-08-04T21:45:00+0200,3156.287,MW,NL,NL,actual_offshore_wind_generation,Wind Offshore | Actual Aggregated,2026-08-07T04:53:21Z
2026-08-07T04:50:48Z,2026-08-07T06:50:48+0200,9de41e72-ad84-4160-af68-c339f970a640,2026-08-04T19:45:00Z,2026-08-04T21:45:00+0200,11.451,MW,NL,NL,actual_offshore_wind_generation,Wind Offshore | Actual Consumption,2026-08-07T04:53:21Z
2026-08-07T04:50:48Z,2026-08-07T06:50:48+0200,9de41e72-ad84-4160-af68-c339f970a640,2026-08-04T20:00:00Z,2026-08-04T22:00:00+0200,3008.055,MW,NL,NL,actual_offshore_wind_generation,Wind Offshore | Actual Aggregated,2026-08-07T04:53:21Z
2026-08-07T04:50:48Z,2026-08-07T06:50:48+0200,9de41e72-ad84-4160-af68-c339f970a640,2026-08-04T20:00:00Z,2026-08-04T22:00:00+0200,9.345,MW,NL,NL,actual_offshore_wind_generation,Wind Offshore | Actual Consumption,2026-08-07T04:53:21Z
2026-08-07T04:50:48Z,2026-08-07T06:50:48+0200,9de41e72-ad84-4160-af68-c339f970a640,2026-08-04T20:15:00Z,2026-08-04T22:15:00+0200,3073.534,MW,NL,NL,actual_offshore_wind_generation,Wind Offshore | Actual Aggregated,2026-08-07T04:53:21Z
2026-08-07T04:50:48Z,2026-08-07T06:50:48+0200,9de41e72-ad84-4160-af68-c339f970a640,2026-08-04T20:15:00Z,2026-08-04T22:15:00+0200,11.429,MW,NL,NL,actual_offshore_wind_generation,Wind Offshore | Actual Consumption,2026-08-07T04:53:21Z
2026-08-07T04:50:48Z,2026-08-07T06:50:48+0200,9de41e72-ad84-4160-af68-c339f970a640,2026-08-04T20:30:00Z,2026-08-04T22:30:00+0200,3154.872,MW,NL,NL,actual_offshore_wind_generation,Wind Offshore | Actual Aggregated,2026-08-07T04:53:21Z
2026-08-07T04:50:48Z,2026-08-07T06:50:48+0200,9de41e72-ad84-4160-af68-c339f970a640,2026-08-04T20:30:00Z,2026-08-04T22:30:00+0200,13.602,MW,NL,NL,actual_offshore_wind_generation,Wind Offshore | Actual Consumption,2026-08-07T04:53:21Z
2026-08-07T04:50:48Z,2026-08-07T06:50:48+0200,9de41e72-ad84-4160-af68-c339f970a640,2026-08-04T20:45:00Z,2026-08-04T22:45:00+0200,3305.168,MW,NL,NL,actual_offshore_wind_generation,Wind Offshore | Actual Aggregated,2026-08-07T04:53:21Z
2026-08-07T04:50:48Z,2026-08-07T06:50:48+0200,9de41e72-ad84-4160-af68-c339f970a640,2026-08-04T20:45:00Z,2026-08-04T22:45:00+0200,13.646,MW,NL,NL,actual_offshore_wind_generation,Wind Offshore | Actual Consumption,2026-08-07T04:53:21Z
2026-08-07T04:50:48Z,2026-08-07T06:50:48+0200,9de41e72-ad84-4160-af68-c339f970a640,2026-08-04T21:00:00Z,2026-08-04T23:00:00+0200,3325.017,MW,NL,NL,actual_offshore_wind_generation,Wind Offshore | Actual Aggregated,2026-08-07T04:53:21Z
2026-08-07T04:50:48Z,2026-08-07T06:50:48+0200,9de41e72-ad84-4160-af68-c339f970a640,2026-08-04T21:00:00Z,2026-08-04T23:00:00+0200,12.67,MW,NL,NL,actual_offshore_wind_generation,Wind Offshore | Actual Consumption,2026-08-07T04:53:21Z
2026-08-07T04:50:48Z,2026-08-07T06:50:48+0200,9de41e72-ad84-4160-af68-c339f970a640,2026-08-04T21:15:00Z,2026-08-04T23:15:00+0200,3281.29,MW,NL,NL,actual_offshore_wind_generation,Wind Offshore | Actual Aggregated,2026-08-07T04:53:21Z
2026-08-07T04:50:48Z,2026-08-07T06:50:48+0200,9de41e72-ad84-4160-af68-c339f970a640,2026-08-04T21:15:00Z,2026-08-04T23:15:00+0200,11.865,MW,NL,NL,actual_offshore_wind_generation,Wind Offshore | Actual Consumption,2026-08-07T04:53:21Z
2026-08-07T04:50:48Z,2026-08-07T06:50:48+0200,9de41e72-ad84-4160-af68-c339f970a640,2026-08-04T21:30:00Z,2026-08-04T23:30:00+0200,3144.233,MW,NL,NL,actual_offshore_wind_generation,Wind Offshore | Actual Aggregated,2026-08-07T04:53:21Z
2026-08-07T04:50:48Z,2026-08-07T06:50:48+0200,9de41e72-ad84-4160-af68-c339f970a640,2026-08-04T21:30:00Z,2026-08-04T23:30:00+0200,11.836,MW,NL,NL,actual_offshore_wind_generation,Wind Offshore | Actual Consumption,2026-08-07T04:53:21Z
2026-08-07T04:50:48Z,2026-08-07T06:50:48+0200,9de41e72-ad84-4160-af68-c339f970a640,2026-08-04T21:45:00Z,2026-08-04T23:45:00+0200,3217.255,MW,NL,NL,actual_offshore_wind_generation,Wind Offshore | Actual Aggregated,2026-08-07T04:53:21Z
2026-08-07T04:50:48Z,2026-08-07T06:50:48+0200,9de41e72-ad84-4160-af68-c339f970a640,2026-08-04T21:45:00Z,2026-08-04T23:45:00+0200,11.691,MW,NL,NL,actual_offshore_wind_generation,Wind Offshore | Actual Consumption,2026-08-07T04:53:21Z
2026-08-07T04:50:48Z,2026-08-07T06:50:48+0200,9de41e72-ad84-4160-af68-c339f970a640,2026-08-04T22:00:00Z,2026-08-05T00:00:00+0200,3431.047,MW,NL,NL,actual_offshore_wind_generation,Wind Offshore | Actual Aggregated,2026-08-07T04:53:21Z
2026-08-07T04:50:48Z,2026-08-07T06:50:48+0200,9de41e72-ad84-4160-af68-c339f970a640,2026-08-04T22:00:00Z,2026-08-05T00:00:00+0200,11.426,MW,NL,NL,actual_offshore_wind_generation,Wind Offshore | Actual Consumption,2026-08-07T04:53:21Z
2026-08-07T04:50:48Z,2026-08-07T06:50:48+0200,9de41e72-ad84-4160-af68-c339f970a640,2026-08-04T22:15:00Z,2026-08-05T00:15:00+0200,3542.406,MW,NL,NL,actual_offshore_wind_generation,Wind Offshore | Actual Aggregated,2026-08-07T04:53:21Z
2026-08-07T04:50:48Z,2026-08-07T06:50:48+0200,9de41e72-ad84-4160-af68-c339f970a640,2026-08-04T22:15:00Z,2026-08-05T00:15:00+0200,13.648,MW,NL,NL,actual_offshore_wind_generation,Wind Offshore | Actual Consumption,2026-08-07T04:53:21Z
2026-08-07T04:50:48Z,2026-08-07T06:50:48+0200,9de41e72-ad84-4160-af68-c339f970a640,2026-08-04T22:30:00Z,2026-08-05T00:30:00+0200,3595.945,MW,NL,NL,actual_offshore_wind_generation,Wind Offshore | Actual Aggregated,2026-08-07T04:53:21Z
2026-08-07T04:50:48Z,2026-08-07T06:50:48+0200,9de41e72-ad84-4160-af68-c339f970a640,2026-08-04T22:30:00Z,2026-08-05T00:30:00+0200,12.359,MW,NL,NL,actual_offshore_wind_generation,Wind Offshore | Actual Consumption,2026-08-07T04:53:21Z
2026-08-07T04:50:48Z,2026-08-07T06:50:48+0200,9de41e72-ad84-4160-af68-c339f970a640,2026-08-04T22:45:00Z,2026-08-05T00:45:00+0200,3606.784,MW,NL,NL,actual_offshore_wind_generation,Wind Offshore | Actual Aggregated,2026-08-07T04:53:21Z
2026-08-07T04:50:48Z,2026-08-07T06:50:48+0200,9de41e72-ad84-4160-af68-c339f970a640,2026-08-04T22:45:00Z,2026-08-05T00:45:00+0200,10.974,MW,NL,NL,actual_offshore_wind_generation,Wind Offshore | Actual Consumption,2026-08-07T04:53:21Z
2026-08-07T04:50:48Z,2026-08-07T06:50:48+0200,9de41e72-ad84-4160-af68-c339f970a640,2026-08-04T23:00:00Z,2026-08-05T01:00:00+0200,3557.341,MW,NL,NL,actual_offshore_wind_generation,Wind Offshore | Actual Aggregated,2026-08-07T04:53:21Z
2026-08-07T04:50:48Z,2026-08-07T06:50:48+0200,9de41e72-ad84-4160-af68-c339f970a640,2026-08-04T23:00:00Z,2026-08-05T01:00:00+0200,11.093,MW,NL,NL,actual_offshore_wind_generation,Wind Offshore | Actual Consumption,2026-08-07T04:53:21Z
2026-08-07T04:50:48Z,2026-08-07T06:50:48+0200,9de41e72-ad84-4160-af68-c339f970a640,2026-08-04T23:15:00Z,2026-08-05T01:15:00+0200,3511.992,MW,NL,NL,actual_offshore_wind_generation,Wind Offshore | Actual Aggregated,2026-08-07T04:53:21Z
2026-08-07T04:50:48Z,2026-08-07T06:50:48+0200,9de41e72-ad84-4160-af68-c339f970a640,2026-08-04T23:15:00Z,2026-08-05T01:15:00+0200,9.941,MW,NL,NL,actual_offshore_wind_generation,Wind Offshore | Actual Consumption,2026-08-07T04:53:21Z
2026-08-07T04:50:48Z,2026-08-07T06:50:48+0200,9de41e72-ad84-4160-af68-c339f970a640,2026-08-04T23:30:00Z,2026-08-05T01:30:00+0200,3608.806,MW,NL,NL,actual_offshore_wind_generation,Wind Offshore | Actual Aggregated,2026-08-07T04:53:21Z
2026-08-07T04:50:48Z,2026-08-07T06:50:48+0200,9de41e72-ad84-4160-af68-c339f970a640,2026-08-04T23:30:00Z,2026-08-05T01:30:00+0200,11.148,MW,NL,NL,actual_offshore_wind_generation,Wind Offshore | Actual Consumption,2026-08-07T04:53:21Z
2026-08-07T04:50:48Z,2026-08-07T06:50:48+0200,9de41e72-ad84-4160-af68-c339f970a640,2026-08-04T23:45:00Z,2026-08-05T01:45:00+0200,3691.975,MW,NL,NL,actual_offshore_wind_generation,Wind Offshore | Actual Aggregated,2026-08-07T04:53:21Z
2026-08-07T04:50:48Z,2026-08-07T06:50:48+0200,9de41e72-ad84-4160-af68-c339f970a640,2026-08-04T23:45:00Z,2026-08-05T01:45:00+0200,12.514,MW,NL,NL,actual_offshore_wind_generation,Wind Offshore | Actual Consumption,2026-08-07T04:53:21Z
2026-08-07T04:50:48Z,2026-08-07T06:50:48+0200,9de41e72-ad84-4160-af68-c339f970a640,2026-08-05T00:00:00Z,2026-08-05T02:00:00+0200,3737.955,MW,NL,NL,actual_offshore_wind_generation,Wind Offshore | Actual Aggregated,2026-08-07T04:53:21Z
2026-08-07T04:50:48Z,2026-08-07T06:50:48+0200,9de41e72-ad84-4160-af68-c339f970a640,2026-08-05T00:00:00Z,2026-08-05T02:00:00+0200,11.821,MW,NL,NL,actual_offshore_wind_generation,Wind Offshore | Actual Consumption,2026-08-07T04:53:21Z
2026-08-07T04:50:48Z,2026-08-07T06:50:48+0200,9de41e72-ad84-4160-af68-c339f970a640,2026-08-05T00:15:00Z,2026-08-05T02:15:00+0200,3759.707,MW,NL,NL,actual_offshore_wind_generation,Wind Offshore | Actual Aggregated,2026-08-07T04:53:21Z
2026-08-07T04:50:48Z,2026-08-07T06:50:48+0200,9de41e72-ad84-4160-af68-c339f970a640,2026-08-05T00:15:00Z,2026-08-05T02:15:00+0200,12.62,MW,NL,NL,actual_offshore_wind_generation,Wind Offshore | Actual Consumption,2026-08-07T04:53:21Z
2026-08-07T04:50:48Z,2026-08-07T06:50:48+0200,9de41e72-ad84-4160-af68-c339f970a640,2026-08-05T00:30:00Z,2026-08-05T02:30:00+0200,3705.095,MW,NL,NL,actual_offshore_wind_generation,Wind Offshore | Actual Aggregated,2026-08-07T04:53:21Z
2026-08-07T04:50:48Z,2026-08-07T06:50:48+0200,9de41e72-ad84-4160-af68-c339f970a640,2026-08-05T00:30:00Z,2026-08-05T02:30:00+0200,12.689,MW,NL,NL,actual_offshore_wind_generation,Wind Offshore | Actual Consumption,2026-08-07T04:53:21Z
2026-08-07T04:50:48Z,2026-08-07T06:50:48+0200,9de41e72-ad84-4160-af68-c339f970a640,2026-08-05T00:45:00Z,2026-08-05T02:45:00+0200,3585.795,MW,NL,NL,actual_offshore_wind_generation,Wind Offshore | Actual Aggregated,2026-08-07T04:53:21Z
2026-08-07T04:50:48Z,2026-08-07T06:50:48+0200,9de41e72-ad84-4160-af68-c339f970a640,2026-08-05T00:45:00Z,2026-08-05T02:45:00+0200,11.441,MW,NL,NL,actual_offshore_wind_generation,Wind Offshore | Actual Consumption,2026-08-07T04:53:21Z
2026-08-07T04:50:48Z,2026-08-07T06:50:48+0200,9de41e72-ad84-4160-af68-c339f970a640,2026-08-05T01:00:00Z,2026-08-05T03:00:00+0200,3426.907,MW,NL,NL,actual_offshore_wind_generation,Wind Offshore | Actual Aggregated,2026-08-07T04:53:21Z
2026-08-07T04:50:48Z,2026-08-07T06:50:48+0200,9de41e72-ad84-4160-af68-c339f970a640,2026-08-05T01:00:00Z,2026-08-05T03:00:00+0200,11.51,MW,NL,NL,actual_offshore_wind_generation,Wind Offshore | Actual Consumption,2026-08-07T04:53:21Z
2026-08-07T04:50:48Z,2026-08-07T06:50:48+0200,9de41e72-ad84-4160-af68-c339f970a640,2026-08-05T01:15:00Z,2026-08-05T03:15:00+0200,3433.375,MW,NL,NL,actual_offshore_wind_generation,Wind Offshore | Actual Aggregated,2026-08-07T04:53:21Z
2026-08-07T04:50:48Z,2026-08-07T06:50:48+0200,9de41e72-ad84-4160-af68-c339f970a640,2026-08-05T01:15:00Z,2026-08-05T03:15:00+0200,10.944,MW,NL,NL,actual_offshore_wind_generation,Wind Offshore | Actual Consumption,2026-08-07T04:53:21Z
2026-08-07T04:50:48Z,2026-08-07T06:50:48+0200,9de41e72-ad84-4160-af68-c339f970a640,2026-08-05T01:30:00Z,2026-08-05T03:30:00+0200,3560.246,MW,NL,NL,actual_offshore_wind_generation,Wind Offshore | Actual Aggregated,2026-08-07T04:53:21Z
2026-08-07T04:50:48Z,2026-08-07T06:50:48+0200,9de41e72-ad84-4160-af68-c339f970a640,2026-08-05T01:30:00Z,2026-08-05T03:30:00+0200,10.808,MW,NL,NL,actual_offshore_wind_generation,Wind Offshore | Actual Consumption,2026-08-07T04:53:21Z
2026-08-07T04:50:48Z,2026-08-07T06:50:48+0200,9de41e72-ad84-4160-af68-c339f970a640,2026-08-05T01:45:00Z,2026-08-05T03:45:00+0200,3612.154,MW,NL,NL,actual_offshore_wind_generation,Wind Offshore | Actual Aggregated,2026-08-07T04:53:21Z
2026-08-07T04:50:48Z,2026-08-07T06:50:48+0200,9de41e72-ad84-4160-af68-c339f970a640,2026-08-05T01:45:00Z,2026-08-05T03:45:00+0200,9.652,MW,NL,NL,actual_offshore_wind_generation,Wind Offshore | Actual Consumption,2026-08-07T04:53:21Z
2026-08-07T04:50:48Z,2026-08-07T06:50:48+0200,9de41e72-ad84-4160-af68-c339f970a640,2026-08-05T02:00:00Z,2026-08-05T04:00:00+0200,3523.378,MW,NL,NL,actual_offshore_wind_generation,Wind Offshore | Actual Aggregated,2026-08-07T04:53:21Z
2026-08-07T04:50:48Z,2026-08-07T06:50:48+0200,9de41e72-ad84-4160-af68-c339f970a640,2026-08-05T02:00:00Z,2026-08-05T04:00:00+0200,9.764,MW,NL,NL,actual_offshore_wind_generation,Wind Offshore | Actual Consumption,2026-08-07T04:53:21Z
2026-08-07T04:50:48Z,2026-08-07T06:50:48+0200,9de41e72-ad84-4160-af68-c339f970a640,2026-08-05T02:15:00Z,2026-08-05T04:15:00+0200,3463.082,MW,NL,NL,actual_offshore_wind_generation,Wind Offshore | Actual Aggregated,2026-08-07T04:53:21Z
2026-08-07T04:50:48Z,2026-08-07T06:50:48+0200,9de41e72-ad84-4160-af68-c339f970a640,2026-08-05T02:15:00Z,2026-08-05T04:15:00+0200,10.537,MW,NL,NL,actual_offshore_wind_generation,Wind Offshore | Actual Consumption,2026-08-07T04:53:21Z
2026-08-07T04:50:48Z,2026-08-07T06:50:48+0200,9de41e72-ad84-4160-af68-c339f970a640,2026-08-05T02:30:00Z,2026-08-05T04:30:00+0200,3529.085,MW,NL,NL,actual_offshore_wind_generation,Wind Offshore | Actual Aggregated,2026-08-07T04:53:21Z
2026-08-07T04:50:48Z,2026-08-07T06:50:48+0200,9de41e72-ad84-4160-af68-c339f970a640,2026-08-05T02:30:00Z,2026-08-05T04:30:00+0200,13.263,MW,NL,NL,actual_offshore_wind_generation,Wind Offshore | Actual Consumption,2026-08-07T04:53:21Z
2026-08-07T04:50:48Z,2026-08-07T06:50:48+0200,9de41e72-ad84-4160-af68-c339f970a640,2026-08-05T02:45:00Z,2026-08-05T04:45:00+0200,3532.652,MW,NL,NL,actual_offshore_wind_generation,Wind Offshore | Actual Aggregated,2026-08-07T04:53:21Z
2026-08-07T04:50:48Z,2026-08-07T06:50:48+0200,9de41e72-ad84-4160-af68-c339f970a640,2026-08-05T02:45:00Z,2026-08-05T04:45:00+0200,10.984,MW,NL,NL,actual_offshore_wind_generation,Wind Offshore | Actual Consumption,2026-08-07T04:53:21Z
2026-08-07T04:50:48Z,2026-08-07T06:50:48+0200,9de41e72-ad84-4160-af68-c339f970a640,2026-08-05T03:00:00Z,2026-08-05T05:00:00+0200,3544.84,MW,NL,NL,actual_offshore_wind_generation,Wind Offshore | Actual Aggregated,2026-08-07T04:53:21Z
2026-08-07T04:50:48Z,2026-08-07T06:50:48+0200,9de41e72-ad84-4160-af68-c339f970a640,2026-08-05T03:00:00Z,2026-08-05T05:00:00+0200,11.209,MW,NL,NL,actual_offshore_wind_generation,Wind Offshore | Actual Consumption,2026-08-07T04:53:21Z
2026-08-07T04:50:48Z,2026-08-07T06:50:48+0200,9de41e72-ad84-4160-af68-c339f970a640,2026-08-05T03:15:00Z,2026-08-05T05:15:00+0200,3552.646,MW,NL,NL,actual_offshore_wind_generation,Wind Offshore | Actual Aggregated,2026-08-07T04:53:21Z
2026-08-07T04:50:48Z,2026-08-07T06:50:48+0200,9de41e72-ad84-4160-af68-c339f970a640,2026-08-05T03:15:00Z,2026-08-05T05:15:00+0200,10.084,MW,NL,NL,actual_offshore_wind_generation,Wind Offshore | Actual Consumption,2026-08-07T04:53:21Z
2026-08-07T04:50:48Z,2026-08-07T06:50:48+0200,9de41e72-ad84-4160-af68-c339f970a640,2026-08-05T03:30:00Z,2026-08-05T05:30:00+0200,3412.487,MW,NL,NL,actual_offshore_wind_generation,Wind Offshore | Actual Aggregated,2026-08-07T04:53:21Z
2026-08-07T04:50:48Z,2026-08-07T06:50:48+0200,9de41e72-ad84-4160-af68-c339f970a640,2026-08-05T03:30:00Z,2026-08-05T05:30:00+0200,9.627,MW,NL,NL,actual_offshore_wind_generation,Wind Offshore | Actual Consumption,2026-08-07T04:53:21Z
2026-08-07T04:50:48Z,2026-08-07T06:50:48+0200,9de41e72-ad84-4160-af68-c339f970a640,2026-08-05T03:45:00Z,2026-08-05T05:45:00+0200,3513.36,MW,NL,NL,actual_offshore_wind_generation,Wind Offshore | Actual Aggregated,2026-08-07T04:53:21Z
2026-08-07T04:50:48Z,2026-08-07T06:50:48+0200,9de41e72-ad84-4160-af68-c339f970a640,2026-08-05T03:45:00Z,2026-08-05T05:45:00+0200,12.832,MW,NL,NL,actual_offshore_wind_generation,Wind Offshore | Actual Consumption,2026-08-07T04:53:21Z
2026-08-07T04:50:48Z,2026-08-07T06:50:48+0200,9de41e72-ad84-4160-af68-c339f970a640,2026-08-05T04:00:00Z,2026-08-05T06:00:00+0200,3583.318,MW,NL,NL,actual_offshore_wind_generation,Wind Offshore | Actual Aggregated,2026-08-07T04:53:21Z
2026-08-07T04:50:48Z,2026-08-07T06:50:48+0200,9de41e72-ad84-4160-af68-c339f970a640,2026-08-05T04:00:00Z,2026-08-05T06:00:00+0200,13.525,MW,NL,NL,actual_offshore_wind_generation,Wind Offshore | Actual Consumption,2026-08-07T04:53:21Z
2026-08-07T04:50:48Z,2026-08-07T06:50:48+0200,9de41e72-ad84-4160-af68-c339f970a640,2026-08-05T04:15:00Z,2026-08-05T06:15:00+0200,3753.128,MW,NL,NL,actual_offshore_wind_generation,Wind Offshore | Actual Aggregated,2026-08-07T04:53:21Z
2026-08-07T04:50:48Z,2026-08-07T06:50:48+0200,9de41e72-ad84-4160-af68-c339f970a640,2026-08-05T04:15:00Z,2026-08-05T06:15:00+0200,17.544,MW,NL,NL,actual_offshore_wind_generation,Wind Offshore | Actual Consumption,2026-08-07T04:53:21Z
2026-08-07T04:50:48Z,2026-08-07T06:50:48+0200,9de41e72-ad84-4160-af68-c339f970a640,2026-08-05T04:30:00Z,2026-08-05T06:30:00+0200,3833.344,MW,NL,NL,actual_offshore_wind_generation,Wind Offshore | Actual Aggregated,2026-08-07T04:53:21Z
2026-08-07T04:50:48Z,2026-08-07T06:50:48+0200,9de41e72-ad84-4160-af68-c339f970a640,2026-08-05T04:30:00Z,2026-08-05T06:30:00+0200,17.517,MW,NL,NL,actual_offshore_wind_generation,Wind Offshore | Actual Consumption,2026-08-07T04:53:21Z
2026-08-07T04:50:48Z,2026-08-07T06:50:48+0200,9de41e72-ad84-4160-af68-c339f970a640,2026-08-05T04:45:00Z,2026-08-05T06:45:00+0200,3797.938,MW,NL,NL,actual_offshore_wind_generation,Wind Offshore | Actual Aggregated,2026-08-07T04:53:21Z
2026-08-07T04:50:48Z,2026-08-07T06:50:48+0200,9de41e72-ad84-4160-af68-c339f970a640,2026-08-05T04:45:00Z,2026-08-05T06:45:00+0200,18.354,MW,NL,NL,actual_offshore_wind_generation,Wind Offshore | Actual Consumption,2026-08-07T04:53:21Z
2026-08-07T04:50:48Z,2026-08-07T06:50:48+0200,9de41e72-ad84-4160-af68-c339f970a640,2026-08-05T05:00:00Z,2026-08-05T07:00:00+0200,3756.359,MW,NL,NL,actual_offshore_wind_generation,Wind Offshore | Actual Aggregated,2026-08-07T04:53:21Z
2026-08-07T04:50:48Z,2026-08-07T06:50:48+0200,9de41e72-ad84-4160-af68-c339f970a640,2026-08-05T05:00:00Z,2026-08-05T07:00:00+0200,18.08,MW,NL,NL,actual_offshore_wind_generation,Wind Offshore | Actual Consumption,2026-08-07T04:53:21Z
2026-08-07T04:50:48Z,2026-08-07T06:50:48+0200,9de41e72-ad84-4160-af68-c339f970a640,2026-08-05T05:15:00Z,2026-08-05T07:15:00+0200,3733.435,MW,NL,NL,actual_offshore_wind_generation,Wind Offshore | Actual Aggregated,2026-08-07T04:53:21Z
2026-08-07T04:50:48Z,2026-08-07T06:50:48+0200,9de41e72-ad84-4160-af68-c339f970a640,2026-08-05T05:15:00Z,2026-08-05T07:15:00+0200,15.321,MW,NL,NL,actual_offshore_wind_generation,Wind Offshore | Actual Consumption,2026-08-07T04:53:21Z
2026-08-07T04:50:48Z,2026-08-07T06:50:48+0200,9de41e72-ad84-4160-af68-c339f970a640,2026-08-05T05:30:00Z,2026-08-05T07:30:00+0200,3846.875,MW,NL,NL,actual_offshore_wind_generation,Wind Offshore | Actual Aggregated,2026-08-07T04:53:21Z
2026-08-07T04:50:48Z,2026-08-07T06:50:48+0200,9de41e72-ad84-4160-af68-c339f970a640,2026-08-05T05:30:00Z,2026-08-05T07:30:00+0200,16.911,MW,NL,NL,actual_offshore_wind_generation,Wind Offshore | Actual Consumption,2026-08-07T04:53:21Z
2026-08-07T04:50:48Z,2026-08-07T06:50:48+0200,9de41e72-ad84-4160-af68-c339f970a640,2026-08-05T05:45:00Z,2026-08-05T07:45:00+0200,3953.263,MW,NL,NL,actual_offshore_wind_generation,Wind Offshore | Actual Aggregated,2026-08-07T04:53:21Z
2026-08-07T04:50:48Z,2026-08-07T06:50:48+0200,9de41e72-ad84-4160-af68-c339f970a640,2026-08-05T05:45:00Z,2026-08-05T07:45:00+0200,18.505,MW,NL,NL,actual_offshore_wind_generation,Wind Offshore | Actual Consumption,2026-08-07T04:53:21Z
2026-08-07T04:50:48Z,2026-08-07T06:50:48+0200,9de41e72-ad84-4160-af68-c339f970a640,2026-08-05T06:00:00Z,2026-08-05T08:00:00+0200,3950.454,MW,NL,NL,actual_offshore_wind_generation,Wind Offshore | Actual Aggregated,2026-08-07T04:53:21Z
2026-08-07T04:50:48Z,2026-08-07T06:50:48+0200,9de41e72-ad84-4160-af68-c339f970a640,2026-08-05T06:00:00Z,2026-08-05T08:00:00+0200,18.033,MW,NL,NL,actual_offshore_wind_generation,Wind Offshore | Actual Consumption,2026-08-07T04:53:21Z
2026-08-07T04:50:48Z,2026-08-07T06:50:48+0200,9de41e72-ad84-4160-af68-c339f970a640,2026-08-05T06:15:00Z,2026-08-05T08:15:00+0200,3862.275,MW,NL,NL,actual_offshore_wind_generation,Wind Offshore | Actual Aggregated,2026-08-07T04:53:21Z
2026-08-07T04:50:48Z,2026-08-07T06:50:48+0200,9de41e72-ad84-4160-af68-c339f970a640,2026-08-05T06:15:00Z,2026-08-05T08:15:00+0200,18.719,MW,NL,NL,actual_offshore_wind_generation,Wind Offshore | Actual Consumption,2026-08-07T04:53:21Z
2026-08-07T04:50:48Z,2026-08-07T06:50:48+0200,9de41e72-ad84-4160-af68-c339f970a640,2026-08-05T06:30:00Z,2026-08-05T08:30:00+0200,3815.256,MW,NL,NL,actual_offshore_wind_generation,Wind Offshore | Actual Aggregated,2026-08-07T04:53:21Z
2026-08-07T04:50:48Z,2026-08-07T06:50:48+0200,9de41e72-ad84-4160-af68-c339f970a640,2026-08-05T06:30:00Z,2026-08-05T08:30:00+0200,18.448,MW,NL,NL,actual_offshore_wind_generation,Wind Offshore | Actual Consumption,2026-08-07T04:53:21Z
2026-08-07T04:50:48Z,2026-08-07T06:50:48+0200,9de41e72-ad84-4160-af68-c339f970a640,2026-08-05T06:45:00Z,2026-08-05T08:45:00+0200,3891.126,MW,NL,NL,actual_offshore_wind_generation,Wind Offshore | Actual Aggregated,2026-08-07T04:53:21Z
2026-08-07T04:50:48Z,2026-08-07T06:50:48+0200,9de41e72-ad84-4160-af68-c339f970a640,2026-08-05T06:45:00Z,2026-08-05T08:45:00+0200,17.555,MW,NL,NL,actual_offshore_wind_generation,Wind Offshore | Actual Consumption,2026-08-07T04:53:21Z
2026-08-07T04:50:48Z,2026-08-07T06:50:48+0200,9de41e72-ad84-4160-af68-c339f970a640,2026-08-05T07:00:00Z,2026-08-05T09:00:00+0200,3928.364,MW,NL,NL,actual_offshore_wind_generation,Wind Offshore | Actual Aggregated,2026-08-07T04:53:21Z
2026-08-07T04:50:48Z,2026-08-07T06:50:48+0200,9de41e72-ad84-4160-af68-c339f970a640,2026-08-05T07:00:00Z,2026-08-05T09:00:00+0200,17.258,MW,NL,NL,actual_offshore_wind_generation,Wind Offshore | Actual Consumption,2026-08-07T04:53:21Z
2026-08-07T04:50:48Z,2026-08-07T06:50:48+0200,9de41e72-ad84-4160-af68-c339f970a640,2026-08-05T07:15:00Z,2026-08-05T09:15:00+0200,3922.416,MW,NL,NL,actual_offshore_wind_generation,Wind Offshore | Actual Aggregated,2026-08-07T04:53:21Z
2026-08-07T04:50:48Z,2026-08-07T06:50:48+0200,9de41e72-ad84-4160-af68-c339f970a640,2026-08-05T07:15:00Z,2026-08-05T09:15:00+0200,18.405,MW,NL,NL,actual_offshore_wind_generation,Wind Offshore | Actual Consumption,2026-08-07T04:53:21Z
2026-08-07T04:50:48Z,2026-08-07T06:50:48+0200,9de41e72-ad84-4160-af68-c339f970a640,2026-08-05T07:30:00Z,2026-08-05T09:30:00+0200,3882.036,MW,NL,NL,actual_offshore_wind_generation,Wind Offshore | Actual Aggregated,2026-08-07T04:53:21Z
2026-08-07T04:50:48Z,2026-08-07T06:50:48+0200,9de41e72-ad84-4160-af68-c339f970a640,2026-08-05T07:30:00Z,2026-08-05T09:30:00+0200,16.505,MW,NL,NL,actual_offshore_wind_generation,Wind Offshore | Actual Consumption,2026-08-07T04:53:21Z
2026-08-07T04:50:48Z,2026-08-07T06:50:48+0200,9de41e72-ad84-4160-af68-c339f970a640,2026-08-05T07:45:00Z,2026-08-05T09:45:00+0200,3791.806,MW,NL,NL,actual_offshore_wind_generation,Wind Offshore | Actual Aggregated,2026-08-07T04:53:21Z
2026-08-07T04:50:48Z,2026-08-07T06:50:48+0200,9de41e72-ad84-4160-af68-c339f970a640,2026-08-05T07:45:00Z,2026-08-05T09:45:00+0200,16.046,MW,NL,NL,actual_offshore_wind_generation,Wind Offshore | Actual Consumption,2026-08-07T04:53:21Z
2026-08-07T04:50:48Z,2026-08-07T06:50:48+0200,9de41e72-ad84-4160-af68-c339f970a640,2026-08-05T08:00:00Z,2026-08-05T10:00:00+0200,3875.521,MW,NL,NL,actual_offshore_wind_generation,Wind Offshore | Actual Aggregated,2026-08-07T04:53:21Z
2026-08-07T04:50:48Z,2026-08-07T06:50:48+0200,9de41e72-ad84-4160-af68-c339f970a640,2026-08-05T08:00:00Z,2026-08-05T10:00:00+0200,14.973,MW,NL,NL,actual_offshore_wind_generation,Wind Offshore | Actual Consumption,2026-08-07T04:53:21Z
2026-08-07T04:50:48Z,2026-08-07T06:50:48+0200,9de41e72-ad84-4160-af68-c339f970a640,2026-08-05T08:15:00Z,2026-08-05T10:15:00+0200,3889.71,MW,NL,NL,actual_offshore_wind_generation,Wind Offshore | Actual Aggregated,2026-08-07T04:53:21Z
2026-08-07T04:50:48Z,2026-08-07T06:50:48+0200,9de41e72-ad84-4160-af68-c339f970a640,2026-08-05T08:15:00Z,2026-08-05T10:15:00+0200,17.559,MW,NL,NL,actual_offshore_wind_generation,Wind Offshore | Actual Consumption,2026-08-07T04:53:21Z
2026-08-07T04:50:48Z,2026-08-07T06:50:48+0200,9de41e72-ad84-4160-af68-c339f970a640,2026-08-05T08:30:00Z,2026-08-05T10:30:00+0200,3869.453,MW,NL,NL,actual_offshore_wind_generation,Wind Offshore | Actual Aggregated,2026-08-07T04:53:21Z
2026-08-07T04:50:48Z,2026-08-07T06:50:48+0200,9de41e72-ad84-4160-af68-c339f970a640,2026-08-05T08:30:00Z,2026-08-05T10:30:00+0200,17.672,MW,NL,NL,actual_offshore_wind_generation,Wind Offshore | Actual Consumption,2026-08-07T04:53:21Z
2026-08-07T04:50:48Z,2026-08-07T06:50:48+0200,9de41e72-ad84-4160-af68-c339f970a640,2026-08-05T08:45:00Z,2026-08-05T10:45:00+0200,3880.096,MW,NL,NL,actual_offshore_wind_generation,Wind Offshore | Actual Aggregated,2026-08-07T04:53:21Z
2026-08-07T04:50:48Z,2026-08-07T06:50:48+0200,9de41e72-ad84-4160-af68-c339f970a640,2026-08-05T08:45:00Z,2026-08-05T10:45:00+0200,17.506,MW,NL,NL,actual_offshore_wind_generation,Wind Offshore | Actual Consumption,2026-08-07T04:53:21Z
2026-08-07T04:50:48Z,2026-08-07T06:50:48+0200,9de41e72-ad84-4160-af68-c339f970a640,2026-08-05T09:00:00Z,2026-08-05T11:00:00+0200,3439.89,MW,NL,NL,actual_offshore_wind_generation,Wind Offshore | Actual Aggregated,2026-08-07T04:53:21Z
2026-08-07T04:50:48Z,2026-08-07T06:50:48+0200,9de41e72-ad84-4160-af68-c339f970a640,2026-08-05T09:00:00Z,2026-08-05T11:00:00+0200,18.35,MW,NL,NL,actual_offshore_wind_generation,Wind Offshore | Actual Consumption,2026-08-07T04:53:21Z
2026-08-07T04:50:48Z,2026-08-07T06:50:48+0200,9de41e72-ad84-4160-af68-c339f970a640,2026-08-05T09:15:00Z,2026-08-05T11:15:00+0200,3365.115,MW,NL,NL,actual_offshore_wind_generation,Wind Offshore | Actual Aggregated,2026-08-07T04:53:21Z
2026-08-07T04:50:48Z,2026-08-07T06:50:48+0200,9de41e72-ad84-4160-af68-c339f970a640,2026-08-05T09:15:00Z,2026-08-05T11:15:00+0200,18.752,MW,NL,NL,actual_offshore_wind_generation,Wind Offshore | Actual Consumption,2026-08-07T04:53:21Z
2026-08-07T04:50:48Z,2026-08-07T06:50:48+0200,9de41e72-ad84-4160-af68-c339f970a640,2026-08-05T09:30:00Z,2026-08-05T11:30:00+0200,2736.255,MW,NL,NL,actual_offshore_wind_generation,Wind Offshore | Actual Aggregated,2026-08-07T04:53:21Z
2026-08-07T04:50:48Z,2026-08-07T06:50:48+0200,9de41e72-ad84-4160-af68-c339f970a640,2026-08-05T09:30:00Z,2026-08-05T11:30:00+0200,18.744,MW,NL,NL,actual_offshore_wind_generation,Wind Offshore | Actual Consumption,2026-08-07T04:53:21Z
2026-08-07T04:50:48Z,2026-08-07T06:50:48+0200,9de41e72-ad84-4160-af68-c339f970a640,2026-08-05T09:45:00Z,2026-08-05T11:45:00+0200,2881.519,MW,NL,NL,actual_offshore_wind_generation,Wind Offshore | Actual Aggregated,2026-08-07T04:53:21Z
2026-08-07T04:50:48Z,2026-08-07T06:50:48+0200,9de41e72-ad84-4160-af68-c339f970a640,2026-08-05T09:45:00Z,2026-08-05T11:45:00+0200,18.79,MW,NL,NL,actual_offshore_wind_generation,Wind Offshore | Actual Consumption,2026-08-07T04:53:21Z
2026-08-07T04:50:48Z,2026-08-07T06:50:48+0200,9de41e72-ad84-4160-af68-c339f970a640,2026-08-05T10:00:00Z,2026-08-05T12:00:00+0200,3866.236,MW,NL,NL,actual_offshore_wind_generation,Wind Offshore | Actual Aggregated,2026-08-07T04:53:21Z
2026-08-07T04:50:48Z,2026-08-07T06:50:48+0200,9de41e72-ad84-4160-af68-c339f970a640,2026-08-05T10:00:00Z,2026-08-05T12:00:00+0200,18.39,MW,NL,NL,actual_offshore_wind_generation,Wind Offshore | Actual Consumption,2026-08-07T04:53:21Z
2026-08-07T04:50:48Z,2026-08-07T06:50:48+0200,9de41e72-ad84-4160-af68-c339f970a640,2026-08-05T10:15:00Z,2026-08-05T12:15:00+0200,3820.316,MW,NL,NL,actual_offshore_wind_generation,Wind Offshore | Actual Aggregated,2026-08-07T04:53:21Z
2026-08-07T04:50:48Z,2026-08-07T06:50:48+0200,9de41e72-ad84-4160-af68-c339f970a640,2026-08-05T10:15:00Z,2026-08-05T12:15:00+0200,15.513,MW,NL,NL,actual_offshore_wind_generation,Wind Offshore | Actual Consumption,2026-08-07T04:53:21Z
2026-08-07T04:50:48Z,2026-08-07T06:50:48+0200,9de41e72-ad84-4160-af68-c339f970a640,2026-08-05T10:30:00Z,2026-08-05T12:30:00+0200,3489.166,MW,NL,NL,actual_offshore_wind_generation,Wind Offshore | Actual Aggregated,2026-08-07T04:53:21Z
2026-08-07T04:50:48Z,2026-08-07T06:50:48+0200,9de41e72-ad84-4160-af68-c339f970a640,2026-08-05T10:30:00Z,2026-08-05T12:30:00+0200,16.772,MW,NL,NL,actual_offshore_wind_generation,Wind Offshore | Actual Consumption,2026-08-07T04:53:21Z
2026-08-07T04:50:48Z,2026-08-07T06:50:48+0200,9de41e72-ad84-4160-af68-c339f970a640,2026-08-05T10:45:00Z,2026-08-05T12:45:00+0200,3365.693,MW,NL,NL,actual_offshore_wind_generation,Wind Offshore | Actual Aggregated,2026-08-07T04:53:21Z
2026-08-07T04:50:48Z,2026-08-07T06:50:48+0200,9de41e72-ad84-4160-af68-c339f970a640,2026-08-05T10:45:00Z,2026-08-05T12:45:00+0200,15.411,MW,NL,NL,actual_offshore_wind_generation,Wind Offshore | Actual Consumption,2026-08-07T04:53:21Z
2026-08-07T04:50:48Z,2026-08-07T06:50:48+0200,9de41e72-ad84-4160-af68-c339f970a640,2026-08-05T11:00:00Z,2026-08-05T13:00:00+0200,3299.738,MW,NL,NL,actual_offshore_wind_generation,Wind Offshore | Actual Aggregated,2026-08-07T04:53:21Z
2026-08-07T04:50:48Z,2026-08-07T06:50:48+0200,9de41e72-ad84-4160-af68-c339f970a640,2026-08-05T11:00:00Z,2026-08-05T13:00:00+0200,15.971,MW,NL,NL,actual_offshore_wind_generation,Wind Offshore | Actual Consumption,2026-08-07T04:53:21Z
2026-08-07T04:50:48Z,2026-08-07T06:50:48+0200,9de41e72-ad84-4160-af68-c339f970a640,2026-08-05T11:15:00Z,2026-08-05T13:15:00+0200,3301.721,MW,NL,NL,actual_offshore_wind_generation,Wind Offshore | Actual Aggregated,2026-08-07T04:53:21Z
2026-08-07T04:50:48Z,2026-08-07T06:50:48+0200,9de41e72-ad84-4160-af68-c339f970a640,2026-08-05T11:15:00Z,2026-08-05T13:15:00+0200,15.234,MW,NL,NL,actual_offshore_wind_generation,Wind Offshore | Actual Consumption,2026-08-07T04:53:21Z
2026-08-07T04:50:48Z,2026-08-07T06:50:48+0200,9de41e72-ad84-4160-af68-c339f970a640,2026-08-05T11:30:00Z,2026-08-05T13:30:00+0200,3182.417,MW,NL,NL,actual_offshore_wind_generation,Wind Offshore | Actual Aggregated,2026-08-07T04:53:21Z
2026-08-07T04:50:48Z,2026-08-07T06:50:48+0200,9de41e72-ad84-4160-af68-c339f970a640,2026-08-05T11:30:00Z,2026-08-05T13:30:00+0200,15.184,MW,NL,NL,actual_offshore_wind_generation,Wind Offshore | Actual Consumption,2026-08-07T04:53:21Z
2026-08-07T04:50:48Z,2026-08-07T06:50:48+0200,9de41e72-ad84-4160-af68-c339f970a640,2026-08-05T11:45:00Z,2026-08-05T13:45:00+0200,3124.145,MW,NL,NL,actual_offshore_wind_generation,Wind Offshore | Actual Aggregated,2026-08-07T04:53:21Z
2026-08-07T04:50:48Z,2026-08-07T06:50:48+0200,9de41e72-ad84-4160-af68-c339f970a640,2026-08-05T11:45:00Z,2026-08-05T13:45:00+0200,14.517,MW,NL,NL,actual_offshore_wind_generation,Wind Offshore | Actual Consumption,2026-08-07T04:53:21Z
2026-08-07T04:50:48Z,2026-08-07T06:50:48+0200,9de41e72-ad84-4160-af68-c339f970a640,2026-08-05T12:00:00Z,2026-08-05T14:00:00+0200,2860.172,MW,NL,NL,actual_offshore_wind_generation,Wind Offshore | Actual Aggregated,2026-08-07T04:53:21Z
2026-08-07T04:50:48Z,2026-08-07T06:50:48+0200,9de41e72-ad84-4160-af68-c339f970a640,2026-08-05T12:00:00Z,2026-08-05T14:00:00+0200,14.102,MW,NL,NL,actual_offshore_wind_generation,Wind Offshore | Actual Consumption,2026-08-07T04:53:21Z
2026-08-07T04:50:48Z,2026-08-07T06:50:48+0200,9de41e72-ad84-4160-af68-c339f970a640,2026-08-05T12:15:00Z,2026-08-05T14:15:00+0200,2727.808,MW,NL,NL,actual_offshore_wind_generation,Wind Offshore | Actual Aggregated,2026-08-07T04:53:21Z
2026-08-07T04:50:48Z,2026-08-07T06:50:48+0200,9de41e72-ad84-4160-af68-c339f970a640,2026-08-05T12:15:00Z,2026-08-05T14:15:00+0200,1.988,MW,NL,NL,actual_offshore_wind_generation,Wind Offshore | Actual Consumption,2026-08-07T04:53:21Z
2026-08-07T04:50:48Z,2026-08-07T06:50:48+0200,9de41e72-ad84-4160-af68-c339f970a640,2026-08-05T12:30:00Z,2026-08-05T14:30:00+0200,2485.441,MW,NL,NL,actual_offshore_wind_generation,Wind Offshore | Actual Aggregated,2026-08-07T04:53:21Z
2026-08-07T04:50:48Z,2026-08-07T06:50:48+0200,9de41e72-ad84-4160-af68-c339f970a640,2026-08-05T12:30:00Z,2026-08-05T14:30:00+0200,1.992,MW,NL,NL,actual_offshore_wind_generation,Wind Offshore | Actual Consumption,2026-08-07T04:53:21Z
2026-08-07T04:50:48Z,2026-08-07T06:50:48+0200,9de41e72-ad84-4160-af68-c339f970a640,2026-08-05T12:45:00Z,2026-08-05T14:45:00+0200,2634.114,MW,NL,NL,actual_offshore_wind_generation,Wind Offshore | Actual Aggregated,2026-08-07T04:53:21Z
2026-08-07T04:50:48Z,2026-08-07T06:50:48+0200,9de41e72-ad84-4160-af68-c339f970a640,2026-08-05T12:45:00Z,2026-08-05T14:45:00+0200,1.989,MW,NL,NL,actual_offshore_wind_generation,Wind Offshore | Actual Consumption,2026-08-07T04:53:21Z
2026-08-07T04:50:48Z,2026-08-07T06:50:48+0200,9de41e72-ad84-4160-af68-c339f970a640,2026-08-05T13:00:00Z,2026-08-05T15:00:00+0200,3034.055,MW,NL,NL,actual_offshore_wind_generation,Wind Offshore | Actual Aggregated,2026-08-07T04:53:21Z
2026-08-07T04:50:48Z,2026-08-07T06:50:48+0200,9de41e72-ad84-4160-af68-c339f970a640,2026-08-05T13:00:00Z,2026-08-05T15:00:00+0200,12.034,MW,NL,NL,actual_offshore_wind_generation,Wind Offshore | Actual Consumption,2026-08-07T04:53:21Z
2026-08-07T04:50:48Z,2026-08-07T06:50:48+0200,9de41e72-ad84-4160-af68-c339f970a640,2026-08-05T13:15:00Z,2026-08-05T15:15:00+0200,3064.119,MW,NL,NL,actual_offshore_wind_generation,Wind Offshore | Actual Aggregated,2026-08-07T04:53:21Z
2026-08-07T04:50:48Z,2026-08-07T06:50:48+0200,9de41e72-ad84-4160-af68-c339f970a640,2026-08-05T13:15:00Z,2026-08-05T15:15:00+0200,7.664,MW,NL,NL,actual_offshore_wind_generation,Wind Offshore | Actual Consumption,2026-08-07T04:53:21Z
2026-08-07T04:50:48Z,2026-08-07T06:50:48+0200,9de41e72-ad84-4160-af68-c339f970a640,2026-08-05T13:30:00Z,2026-08-05T15:30:00+0200,3038.947,MW,NL,NL,actual_offshore_wind_generation,Wind Offshore | Actual Aggregated,2026-08-07T04:53:21Z
2026-08-07T04:50:48Z,2026-08-07T06:50:48+0200,9de41e72-ad84-4160-af68-c339f970a640,2026-08-05T13:30:00Z,2026-08-05T15:30:00+0200,1.999,MW,NL,NL,actual_offshore_wind_generation,Wind Offshore | Actual Consumption,2026-08-07T04:53:21Z
2026-08-07T04:50:48Z,2026-08-07T06:50:48+0200,9de41e72-ad84-4160-af68-c339f970a640,2026-08-05T13:45:00Z,2026-08-05T15:45:00+0200,2971.294,MW,NL,NL,actual_offshore_wind_generation,Wind Offshore | Actual Aggregated,2026-08-07T04:53:21Z
2026-08-07T04:50:48Z,2026-08-07T06:50:48+0200,9de41e72-ad84-4160-af68-c339f970a640,2026-08-05T13:45:00Z,2026-08-05T15:45:00+0200,2.337,MW,NL,NL,actual_offshore_wind_generation,Wind Offshore | Actual Consumption,2026-08-07T04:53:21Z
2026-08-07T04:50:48Z,2026-08-07T06:50:48+0200,9de41e72-ad84-4160-af68-c339f970a640,2026-08-05T14:00:00Z,2026-08-05T16:00:00+0200,3338.345,MW,NL,NL,actual_offshore_wind_generation,Wind Offshore | Actual Aggregated,2026-08-07T04:53:21Z
2026-08-07T04:50:48Z,2026-08-07T06:50:48+0200,9de41e72-ad84-4160-af68-c339f970a640,2026-08-05T14:00:00Z,2026-08-05T16:00:00+0200,12.437,MW,NL,NL,actual_offshore_wind_generation,Wind Offshore | Actual Consumption,2026-08-07T04:53:21Z
2026-08-07T04:50:48Z,2026-08-07T06:50:48+0200,9de41e72-ad84-4160-af68-c339f970a640,2026-08-05T14:15:00Z,2026-08-05T16:15:00+0200,3751.659,MW,NL,NL,actual_offshore_wind_generation,Wind Offshore | Actual Aggregated,2026-08-07T04:53:21Z
2026-08-07T04:50:48Z,2026-08-07T06:50:48+0200,9de41e72-ad84-4160-af68-c339f970a640,2026-08-05T14:15:00Z,2026-08-05T16:15:00+0200,14.109,MW,NL,NL,actual_offshore_wind_generation,Wind Offshore | Actual Consumption,2026-08-07T04:53:21Z
2026-08-07T04:50:48Z,2026-08-07T06:50:48+0200,9de41e72-ad84-4160-af68-c339f970a640,2026-08-05T14:30:00Z,2026-08-05T16:30:00+0200,3759.998,MW,NL,NL,actual_offshore_wind_generation,Wind Offshore | Actual Aggregated,2026-08-07T04:53:21Z
2026-08-07T04:50:48Z,2026-08-07T06:50:48+0200,9de41e72-ad84-4160-af68-c339f970a640,2026-08-05T14:30:00Z,2026-08-05T16:30:00+0200,12.912,MW,NL,NL,actual_offshore_wind_generation,Wind Offshore | Actual Consumption,2026-08-07T04:53:21Z
2026-08-07T04:50:48Z,2026-08-07T06:50:48+0200,9de41e72-ad84-4160-af68-c339f970a640,2026-08-05T14:45:00Z,2026-08-05T16:45:00+0200,3758.905,MW,NL,NL,actual_offshore_wind_generation,Wind Offshore | Actual Aggregated,2026-08-07T04:53:21Z
2026-08-07T04:50:48Z,2026-08-07T06:50:48+0200,9de41e72-ad84-4160-af68-c339f970a640,2026-08-05T14:45:00Z,2026-08-05T16:45:00+0200,11.91,MW,NL,NL,actual_offshore_wind_generation,Wind Offshore | Actual Consumption,2026-08-07T04:53:21Z
2026-08-07T04:50:48Z,2026-08-07T06:50:48+0200,9de41e72-ad84-4160-af68-c339f970a640,2026-08-05T15:00:00Z,2026-08-05T17:00:00+0200,3072.415,MW,NL,NL,actual_offshore_wind_generation,Wind Offshore | Actual Aggregated,2026-08-07T04:53:21Z
2026-08-07T04:50:48Z,2026-08-07T06:50:48+0200,9de41e72-ad84-4160-af68-c339f970a640,2026-08-05T15:00:00Z,2026-08-05T17:00:00+0200,8.603,MW,NL,NL,actual_offshore_wind_generation,Wind Offshore | Actual Consumption,2026-08-07T04:53:21Z
2026-08-07T04:50:48Z,2026-08-07T06:50:48+0200,9de41e72-ad84-4160-af68-c339f970a640,2026-08-05T15:15:00Z,2026-08-05T17:15:00+0200,3733.535,MW,NL,NL,actual_offshore_wind_generation,Wind Offshore | Actual Aggregated,2026-08-07T04:53:21Z
2026-08-07T04:50:48Z,2026-08-07T06:50:48+0200,9de41e72-ad84-4160-af68-c339f970a640,2026-08-05T15:15:00Z,2026-08-05T17:15:00+0200,6.687,MW,NL,NL,actual_offshore_wind_generation,Wind Offshore | Actual Consumption,2026-08-07T04:53:21Z
2026-08-07T04:50:48Z,2026-08-07T06:50:48+0200,9de41e72-ad84-4160-af68-c339f970a640,2026-08-05T15:30:00Z,2026-08-05T17:30:00+0200,3647.685,MW,NL,NL,actual_offshore_wind_generation,Wind Offshore | Actual Aggregated,2026-08-07T04:53:21Z
2026-08-07T04:50:48Z,2026-08-07T06:50:48+0200,9de41e72-ad84-4160-af68-c339f970a640,2026-08-05T15:30:00Z,2026-08-05T17:30:00+0200,8.176,MW,NL,NL,actual_offshore_wind_generation,Wind Offshore | Actual Consumption,2026-08-07T04:53:21Z
2026-08-07T04:50:48Z,2026-08-07T06:50:48+0200,9de41e72-ad84-4160-af68-c339f970a640,2026-08-05T15:45:00Z,2026-08-05T17:45:00+0200,3832.179,MW,NL,NL,actual_offshore_wind_generation,Wind Offshore | Actual Aggregated,2026-08-07T04:53:21Z
2026-08-07T04:50:48Z,2026-08-07T06:50:48+0200,9de41e72-ad84-4160-af68-c339f970a640,2026-08-05T15:45:00Z,2026-08-05T17:45:00+0200,8.297,MW,NL,NL,actual_offshore_wind_generation,Wind Offshore | Actual Consumption,2026-08-07T04:53:21Z
2026-08-07T04:50:48Z,2026-08-07T06:50:48+0200,9de41e72-ad84-4160-af68-c339f970a640,2026-08-05T16:00:00Z,2026-08-05T18:00:00+0200,3677.155,MW,NL,NL,actual_offshore_wind_generation,Wind Offshore | Actual Aggregated,2026-08-07T04:53:21Z
2026-08-07T04:50:48Z,2026-08-07T06:50:48+0200,9de41e72-ad84-4160-af68-c339f970a640,2026-08-05T16:00:00Z,2026-08-05T18:00:00+0200,8.576,MW,NL,NL,actual_offshore_wind_generation,Wind Offshore | Actual Consumption,2026-08-07T04:53:21Z
2026-08-07T04:50:48Z,2026-08-07T06:50:48+0200,9de41e72-ad84-4160-af68-c339f970a640,2026-08-05T16:15:00Z,2026-08-05T18:15:00+0200,3732.992,MW,NL,NL,actual_offshore_wind_generation,Wind Offshore | Actual Aggregated,2026-08-07T04:53:21Z
2026-08-07T04:50:48Z,2026-08-07T06:50:48+0200,9de41e72-ad84-4160-af68-c339f970a640,2026-08-05T16:15:00Z,2026-08-05T18:15:00+0200,13.41,MW,NL,NL,actual_offshore_wind_generation,Wind Offshore | Actual Consumption,2026-08-07T04:53:21Z
2026-08-07T04:50:48Z,2026-08-07T06:50:48+0200,9de41e72-ad84-4160-af68-c339f970a640,2026-08-05T16:30:00Z,2026-08-05T18:30:00+0200,3920.279,MW,NL,NL,actual_offshore_wind_generation,Wind Offshore | Actual Aggregated,2026-08-07T04:53:21Z
2026-08-07T04:50:48Z,2026-08-07T06:50:48+0200,9de41e72-ad84-4160-af68-c339f970a640,2026-08-05T16:30:00Z,2026-08-05T18:30:00+0200,18.829,MW,NL,NL,actual_offshore_wind_generation,Wind Offshore | Actual Consumption,2026-08-07T04:53:21Z
2026-08-07T04:50:48Z,2026-08-07T06:50:48+0200,9de41e72-ad84-4160-af68-c339f970a640,2026-08-05T16:45:00Z,2026-08-05T18:45:00+0200,3805.944,MW,NL,NL,actual_offshore_wind_generation,Wind Offshore | Actual Aggregated,2026-08-07T04:53:21Z
2026-08-07T04:50:48Z,2026-08-07T06:50:48+0200,9de41e72-ad84-4160-af68-c339f970a640,2026-08-05T16:45:00Z,2026-08-05T18:45:00+0200,14.823,MW,NL,NL,actual_offshore_wind_generation,Wind Offshore | Actual Consumption,2026-08-07T04:53:21Z
2026-08-07T04:50:48Z,2026-08-07T06:50:48+0200,9de41e72-ad84-4160-af68-c339f970a640,2026-08-05T17:00:00Z,2026-08-05T19:00:00+0200,3849.236,MW,NL,NL,actual_offshore_wind_generation,Wind Offshore | Actual Aggregated,2026-08-07T04:53:21Z
2026-08-07T04:50:48Z,2026-08-07T06:50:48+0200,9de41e72-ad84-4160-af68-c339f970a640,2026-08-05T17:00:00Z,2026-08-05T19:00:00+0200,15.532,MW,NL,NL,actual_offshore_wind_generation,Wind Offshore | Actual Consumption,2026-08-07T04:53:21Z
2026-08-07T04:50:48Z,2026-08-07T06:50:48+0200,9de41e72-ad84-4160-af68-c339f970a640,2026-08-05T17:15:00Z,2026-08-05T19:15:00+0200,3697.155,MW,NL,NL,actual_offshore_wind_generation,Wind Offshore | Actual Aggregated,2026-08-07T04:53:21Z
2026-08-07T04:50:48Z,2026-08-07T06:50:48+0200,9de41e72-ad84-4160-af68-c339f970a640,2026-08-05T17:15:00Z,2026-08-05T19:15:00+0200,11.755,MW,NL,NL,actual_offshore_wind_generation,Wind Offshore | Actual Consumption,2026-08-07T04:53:21Z
2026-08-07T04:50:48Z,2026-08-07T06:50:48+0200,9de41e72-ad84-4160-af68-c339f970a640,2026-08-05T17:30:00Z,2026-08-05T19:30:00+0200,4026.309,MW,NL,NL,actual_offshore_wind_generation,Wind Offshore | Actual Aggregated,2026-08-07T04:53:21Z
2026-08-07T04:50:48Z,2026-08-07T06:50:48+0200,9de41e72-ad84-4160-af68-c339f970a640,2026-08-05T17:30:00Z,2026-08-05T19:30:00+0200,18.765,MW,NL,NL,actual_offshore_wind_generation,Wind Offshore | Actual Consumption,2026-08-07T04:53:21Z
2026-08-07T04:50:48Z,2026-08-07T06:50:48+0200,9de41e72-ad84-4160-af68-c339f970a640,2026-08-05T17:45:00Z,2026-08-05T19:45:00+0200,3962.866,MW,NL,NL,actual_offshore_wind_generation,Wind Offshore | Actual Aggregated,2026-08-07T04:53:21Z
2026-08-07T04:50:48Z,2026-08-07T06:50:48+0200,9de41e72-ad84-4160-af68-c339f970a640,2026-08-05T17:45:00Z,2026-08-05T19:45:00+0200,18.772,MW,NL,NL,actual_offshore_wind_generation,Wind Offshore | Actual Consumption,2026-08-07T04:53:21Z
2026-08-07T04:50:48Z,2026-08-07T06:50:48+0200,9de41e72-ad84-4160-af68-c339f970a640,2026-08-05T18:00:00Z,2026-08-05T20:00:00+0200,4006.542,MW,NL,NL,actual_offshore_wind_generation,Wind Offshore | Actual Aggregated,2026-08-07T04:53:21Z
2026-08-07T04:50:48Z,2026-08-07T06:50:48+0200,9de41e72-ad84-4160-af68-c339f970a640,2026-08-05T18:00:00Z,2026-08-05T20:00:00+0200,18.713,MW,NL,NL,actual_offshore_wind_generation,Wind Offshore | Actual Consumption,2026-08-07T04:53:21Z
2026-08-07T04:50:48Z,2026-08-07T06:50:48+0200,9de41e72-ad84-4160-af68-c339f970a640,2026-08-05T18:15:00Z,2026-08-05T20:15:00+0200,4034.038,MW,NL,NL,actual_offshore_wind_generation,Wind Offshore | Actual Aggregated,2026-08-07T04:53:21Z
2026-08-07T04:50:48Z,2026-08-07T06:50:48+0200,9de41e72-ad84-4160-af68-c339f970a640,2026-08-05T18:15:00Z,2026-08-05T20:15:00+0200,18.803,MW,NL,NL,actual_offshore_wind_generation,Wind Offshore | Actual Consumption,2026-08-07T04:53:21Z
2026-08-07T04:50:48Z,2026-08-07T06:50:48+0200,9de41e72-ad84-4160-af68-c339f970a640,2026-08-05T18:30:00Z,2026-08-05T20:30:00+0200,3934.958,MW,NL,NL,actual_offshore_wind_generation,Wind Offshore | Actual Aggregated,2026-08-07T04:53:21Z
2026-08-07T04:50:48Z,2026-08-07T06:50:48+0200,9de41e72-ad84-4160-af68-c339f970a640,2026-08-05T18:30:00Z,2026-08-05T20:30:00+0200,18.671,MW,NL,NL,actual_offshore_wind_generation,Wind Offshore | Actual Consumption,2026-08-07T04:53:21Z
2026-08-07T04:50:48Z,2026-08-07T06:50:48+0200,9de41e72-ad84-4160-af68-c339f970a640,2026-08-05T18:45:00Z,2026-08-05T20:45:00+0200,3798.292,MW,NL,NL,actual_offshore_wind_generation,Wind Offshore | Actual Aggregated,2026-08-07T04:53:21Z
2026-08-07T04:50:48Z,2026-08-07T06:50:48+0200,9de41e72-ad84-4160-af68-c339f970a640,2026-08-05T18:45:00Z,2026-08-05T20:45:00+0200,18.675,MW,NL,NL,actual_offshore_wind_generation,Wind Offshore | Actual Consumption,2026-08-07T04:53:21Z
2026-08-07T04:50:48Z,2026-08-07T06:50:48+0200,9de41e72-ad84-4160-af68-c339f970a640,2026-08-05T19:00:00Z,2026-08-05T21:00:00+0200,3755.875,MW,NL,NL,actual_offshore_wind_generation,Wind Offshore | Actual Aggregated,2026-08-07T04:53:21Z
2026-08-07T04:50:48Z,2026-08-07T06:50:48+0200,9de41e72-ad84-4160-af68-c339f970a640,2026-08-05T19:00:00Z,2026-08-05T21:00:00+0200,18.894,MW,NL,NL,actual_offshore_wind_generation,Wind Offshore | Actual Consumption,2026-08-07T04:53:21Z
2026-08-07T04:50:48Z,2026-08-07T06:50:48+0200,9de41e72-ad84-4160-af68-c339f970a640,2026-08-05T19:15:00Z,2026-08-05T21:15:00+0200,3748.664,MW,NL,NL,actual_offshore_wind_generation,Wind Offshore | Actual Aggregated,2026-08-07T04:53:21Z
2026-08-07T04:50:48Z,2026-08-07T06:50:48+0200,9de41e72-ad84-4160-af68-c339f970a640,2026-08-05T19:15:00Z,2026-08-05T21:15:00+0200,18.691,MW,NL,NL,actual_offshore_wind_generation,Wind Offshore | Actual Consumption,2026-08-07T04:53:21Z
2026-08-07T04:50:48Z,2026-08-07T06:50:48+0200,9de41e72-ad84-4160-af68-c339f970a640,2026-08-05T19:30:00Z,2026-08-05T21:30:00+0200,3715.111,MW,NL,NL,actual_offshore_wind_generation,Wind Offshore | Actual Aggregated,2026-08-07T04:53:21Z
2026-08-07T04:50:48Z,2026-08-07T06:50:48+0200,9de41e72-ad84-4160-af68-c339f970a640,2026-08-05T19:30:00Z,2026-08-05T21:30:00+0200,18.802,MW,NL,NL,actual_offshore_wind_generation,Wind Offshore | Actual Consumption,2026-08-07T04:53:21Z
2026-08-07T04:50:48Z,2026-08-07T06:50:48+0200,9de41e72-ad84-4160-af68-c339f970a640,2026-08-05T19:45:00Z,2026-08-05T21:45:00+0200,3681.612,MW,NL,NL,actual_offshore_wind_generation,Wind Offshore | Actual Aggregated,2026-08-07T04:53:21Z
2026-08-07T04:50:48Z,2026-08-07T06:50:48+0200,9de41e72-ad84-4160-af68-c339f970a640,2026-08-05T19:45:00Z,2026-08-05T21:45:00+0200,18.782,MW,NL,NL,actual_offshore_wind_generation,Wind Offshore | Actual Consumption,2026-08-07T04:53:21Z
2026-08-07T04:50:48Z,2026-08-07T06:50:48+0200,9de41e72-ad84-4160-af68-c339f970a640,2026-08-05T20:00:00Z,2026-08-05T22:00:00+0200,3620.335,MW,NL,NL,actual_offshore_wind_generation,Wind Offshore | Actual Aggregated,2026-08-07T04:53:21Z
2026-08-07T04:50:48Z,2026-08-07T06:50:48+0200,9de41e72-ad84-4160-af68-c339f970a640,2026-08-05T20:00:00Z,2026-08-05T22:00:00+0200,17.824,MW,NL,NL,actual_offshore_wind_generation,Wind Offshore | Actual Consumption,2026-08-07T04:53:21Z
2026-08-07T04:50:48Z,2026-08-07T06:50:48+0200,9de41e72-ad84-4160-af68-c339f970a640,2026-08-05T20:15:00Z,2026-08-05T22:15:00+0200,3611.842,MW,NL,NL,actual_offshore_wind_generation,Wind Offshore | Actual Aggregated,2026-08-07T04:53:21Z
2026-08-07T04:50:48Z,2026-08-07T06:50:48+0200,9de41e72-ad84-4160-af68-c339f970a640,2026-08-05T20:15:00Z,2026-08-05T22:15:00+0200,18.615,MW,NL,NL,actual_offshore_wind_generation,Wind Offshore | Actual Consumption,2026-08-07T04:53:21Z
2026-08-07T04:50:48Z,2026-08-07T06:50:48+0200,9de41e72-ad84-4160-af68-c339f970a640,2026-08-05T20:30:00Z,2026-08-05T22:30:00+0200,3524.517,MW,NL,NL,actual_offshore_wind_generation,Wind Offshore | Actual Aggregated,2026-08-07T04:53:21Z
2026-08-07T04:50:48Z,2026-08-07T06:50:48+0200,9de41e72-ad84-4160-af68-c339f970a640,2026-08-05T20:30:00Z,2026-08-05T22:30:00+0200,17.568,MW,NL,NL,actual_offshore_wind_generation,Wind Offshore | Actual Consumption,2026-08-07T04:53:21Z
2026-08-07T04:50:48Z,2026-08-07T06:50:48+0200,9de41e72-ad84-4160-af68-c339f970a640,2026-08-05T20:45:00Z,2026-08-05T22:45:00+0200,3281.036,MW,NL,NL,actual_offshore_wind_generation,Wind Offshore | Actual Aggregated,2026-08-07T04:53:21Z
2026-08-07T04:50:48Z,2026-08-07T06:50:48+0200,9de41e72-ad84-4160-af68-c339f970a640,2026-08-05T20:45:00Z,2026-08-05T22:45:00+0200,15.143,MW,NL,NL,actual_offshore_wind_generation,Wind Offshore | Actual Consumption,2026-08-07T04:53:21Z
2026-08-07T04:50:48Z,2026-08-07T06:50:48+0200,9de41e72-ad84-4160-af68-c339f970a640,2026-08-05T21:00:00Z,2026-08-05T23:00:00+0200,3042.075,MW,NL,NL,actual_offshore_wind_generation,Wind Offshore | Actual Aggregated,2026-08-07T04:53:21Z
2026-08-07T04:50:48Z,2026-08-07T06:50:48+0200,9de41e72-ad84-4160-af68-c339f970a640,2026-08-05T21:00:00Z,2026-08-05T23:00:00+0200,14.578,MW,NL,NL,actual_offshore_wind_generation,Wind Offshore | Actual Consumption,2026-08-07T04:53:21Z
2026-08-07T04:50:48Z,2026-08-07T06:50:48+0200,9de41e72-ad84-4160-af68-c339f970a640,2026-08-05T21:15:00Z,2026-08-05T23:15:00+0200,2850.986,MW,NL,NL,actual_offshore_wind_generation,Wind Offshore | Actual Aggregated,2026-08-07T04:53:21Z
2026-08-07T04:50:48Z,2026-08-07T06:50:48+0200,9de41e72-ad84-4160-af68-c339f970a640,2026-08-05T21:15:00Z,2026-08-05T23:15:00+0200,13.582,MW,NL,NL,actual_offshore_wind_generation,Wind Offshore | Actual Consumption,2026-08-07T04:53:21Z
2026-08-07T04:50:48Z,2026-08-07T06:50:48+0200,9de41e72-ad84-4160-af68-c339f970a640,2026-08-05T21:30:00Z,2026-08-05T23:30:00+0200,2497.981,MW,NL,NL,actual_offshore_wind_generation,Wind Offshore | Actual Aggregated,2026-08-07T04:53:21Z
2026-08-07T04:50:48Z,2026-08-07T06:50:48+0200,9de41e72-ad84-4160-af68-c339f970a640,2026-08-05T21:30:00Z,2026-08-05T23:30:00+0200,8.192,MW,NL,NL,actual_offshore_wind_generation,Wind Offshore | Actual Consumption,2026-08-07T04:53:21Z
2026-08-07T04:50:48Z,2026-08-07T06:50:48+0200,9de41e72-ad84-4160-af68-c339f970a640,2026-08-05T21:45:00Z,2026-08-05T23:45:00+0200,2252.264,MW,NL,NL,actual_offshore_wind_generation,Wind Offshore | Actual Aggregated,2026-08-07T04:53:21Z
2026-08-07T04:50:48Z,2026-08-07T06:50:48+0200,9de41e72-ad84-4160-af68-c339f970a640,2026-08-05T21:45:00Z,2026-08-05T23:45:00+0200,6.681,MW,NL,NL,actual_offshore_wind_generation,Wind Offshore | Actual Consumption,2026-08-07T04:53:21Z
2026-08-07T04:50:48Z,2026-08-07T06:50:48+0200,9de41e72-ad84-4160-af68-c339f970a640,2026-08-05T22:00:00Z,2026-08-06T00:00:00+0200,1950.944,MW,NL,NL,actual_offshore_wind_generation,Wind Offshore | Actual Aggregated,2026-08-07T04:53:21Z
2026-08-07T04:50:48Z,2026-08-07T06:50:48+0200,9de41e72-ad84-4160-af68-c339f970a640,2026-08-05T22:00:00Z,2026-08-06T00:00:00+0200,7.104,MW,NL,NL,actual_offshore_wind_generation,Wind Offshore | Actual Consumption,2026-08-07T04:53:21Z
2026-08-07T04:50:48Z,2026-08-07T06:50:48+0200,9de41e72-ad84-4160-af68-c339f970a640,2026-08-05T22:15:00Z,2026-08-06T00:15:00+0200,1661.858,MW,NL,NL,actual_offshore_wind_generation,Wind Offshore | Actual Aggregated,2026-08-07T04:53:21Z
2026-08-07T04:50:48Z,2026-08-07T06:50:48+0200,9de41e72-ad84-4160-af68-c339f970a640,2026-08-05T22:15:00Z,2026-08-06T00:15:00+0200,6.843,MW,NL,NL,actual_offshore_wind_generation,Wind Offshore | Actual Consumption,2026-08-07T04:53:21Z
2026-08-07T04:50:48Z,2026-08-07T06:50:48+0200,9de41e72-ad84-4160-af68-c339f970a640,2026-08-05T22:30:00Z,2026-08-06T00:30:00+0200,1418.592,MW,NL,NL,actual_offshore_wind_generation,Wind Offshore | Actual Aggregated,2026-08-07T04:53:21Z
2026-08-07T04:50:48Z,2026-08-07T06:50:48+0200,9de41e72-ad84-4160-af68-c339f970a640,2026-08-05T22:30:00Z,2026-08-06T00:30:00+0200,6.443,MW,NL,NL,actual_offshore_wind_generation,Wind Offshore | Actual Consumption,2026-08-07T04:53:21Z
2026-08-07T04:50:48Z,2026-08-07T06:50:48+0200,9de41e72-ad84-4160-af68-c339f970a640,2026-08-05T22:45:00Z,2026-08-06T00:45:00+0200,1326.665,MW,NL,NL,actual_offshore_wind_generation,Wind Offshore | Actual Aggregated,2026-08-07T04:53:21Z
2026-08-07T04:50:48Z,2026-08-07T06:50:48+0200,9de41e72-ad84-4160-af68-c339f970a640,2026-08-05T22:45:00Z,2026-08-06T00:45:00+0200,5.358,MW,NL,NL,actual_offshore_wind_generation,Wind Offshore | Actual Consumption,2026-08-07T04:53:21Z
2026-08-07T04:50:48Z,2026-08-07T06:50:48+0200,9de41e72-ad84-4160-af68-c339f970a640,2026-08-05T23:00:00Z,2026-08-06T01:00:00+0200,1340.664,MW,NL,NL,actual_offshore_wind_generation,Wind Offshore | Actual Aggregated,2026-08-07T04:53:21Z
2026-08-07T04:50:48Z,2026-08-07T06:50:48+0200,9de41e72-ad84-4160-af68-c339f970a640,2026-08-05T23:00:00Z,2026-08-06T01:00:00+0200,5.139,MW,NL,NL,actual_offshore_wind_generation,Wind Offshore | Actual Consumption,2026-08-07T04:53:21Z
2026-08-07T04:50:48Z,2026-08-07T06:50:48+0200,9de41e72-ad84-4160-af68-c339f970a640,2026-08-05T23:15:00Z,2026-08-06T01:15:00+0200,1243.629,MW,NL,NL,actual_offshore_wind_generation,Wind Offshore | Actual Aggregated,2026-08-07T04:53:21Z
2026-08-07T04:50:48Z,2026-08-07T06:50:48+0200,9de41e72-ad84-4160-af68-c339f970a640,2026-08-05T23:15:00Z,2026-08-06T01:15:00+0200,8.89,MW,NL,NL,actual_offshore_wind_generation,Wind Offshore | Actual Consumption,2026-08-07T04:53:21Z
2026-08-07T04:50:48Z,2026-08-07T06:50:48+0200,9de41e72-ad84-4160-af68-c339f970a640,2026-08-05T23:30:00Z,2026-08-06T01:30:00+0200,1217.285,MW,NL,NL,actual_offshore_wind_generation,Wind Offshore | Actual Aggregated,2026-08-07T04:53:21Z
2026-08-07T04:50:48Z,2026-08-07T06:50:48+0200,9de41e72-ad84-4160-af68-c339f970a640,2026-08-05T23:30:00Z,2026-08-06T01:30:00+0200,3.685,MW,NL,NL,actual_offshore_wind_generation,Wind Offshore | Actual Consumption,2026-08-07T04:53:21Z
2026-08-07T04:50:48Z,2026-08-07T06:50:48+0200,9de41e72-ad84-4160-af68-c339f970a640,2026-08-05T23:45:00Z,2026-08-06T01:45:00+0200,1243.877,MW,NL,NL,actual_offshore_wind_generation,Wind Offshore | Actual Aggregated,2026-08-07T04:53:21Z
2026-08-07T04:50:48Z,2026-08-07T06:50:48+0200,9de41e72-ad84-4160-af68-c339f970a640,2026-08-05T23:45:00Z,2026-08-06T01:45:00+0200,4.863,MW,NL,NL,actual_offshore_wind_generation,Wind Offshore | Actual Consumption,2026-08-07T04:53:21Z
2026-08-07T04:50:48Z,2026-08-07T06:50:48+0200,9de41e72-ad84-4160-af68-c339f970a640,2026-08-06T00:00:00Z,2026-08-06T02:00:00+0200,1357.384,MW,NL,NL,actual_offshore_wind_generation,Wind Offshore | Actual Aggregated,2026-08-07T04:53:21Z
2026-08-07T04:50:48Z,2026-08-07T06:50:48+0200,9de41e72-ad84-4160-af68-c339f970a640,2026-08-06T00:00:00Z,2026-08-06T02:00:00+0200,9.413,MW,NL,NL,actual_offshore_wind_generation,Wind Offshore | Actual Consumption,2026-08-07T04:53:21Z
2026-08-07T04:50:48Z,2026-08-07T06:50:48+0200,9de41e72-ad84-4160-af68-c339f970a640,2026-08-06T00:15:00Z,2026-08-06T02:15:00+0200,1510.087,MW,NL,NL,actual_offshore_wind_generation,Wind Offshore | Actual Aggregated,2026-08-07T04:53:21Z
2026-08-07T04:50:48Z,2026-08-07T06:50:48+0200,9de41e72-ad84-4160-af68-c339f970a640,2026-08-06T00:15:00Z,2026-08-06T02:15:00+0200,10.252,MW,NL,NL,actual_offshore_wind_generation,Wind Offshore | Actual Consumption,2026-08-07T04:53:21Z
2026-08-07T04:50:48Z,2026-08-07T06:50:48+0200,9de41e72-ad84-4160-af68-c339f970a640,2026-08-06T00:30:00Z,2026-08-06T02:30:00+0200,1526.408,MW,NL,NL,actual_offshore_wind_generation,Wind Offshore | Actual Aggregated,2026-08-07T04:53:21Z
2026-08-07T04:50:48Z,2026-08-07T06:50:48+0200,9de41e72-ad84-4160-af68-c339f970a640,2026-08-06T00:30:00Z,2026-08-06T02:30:00+0200,9.795,MW,NL,NL,actual_offshore_wind_generation,Wind Offshore | Actual Consumption,2026-08-07T04:53:21Z
2026-08-07T04:50:48Z,2026-08-07T06:50:48+0200,9de41e72-ad84-4160-af68-c339f970a640,2026-08-06T00:45:00Z,2026-08-06T02:45:00+0200,1500.595,MW,NL,NL,actual_offshore_wind_generation,Wind Offshore | Actual Aggregated,2026-08-07T04:53:21Z
2026-08-07T04:50:48Z,2026-08-07T06:50:48+0200,9de41e72-ad84-4160-af68-c339f970a640,2026-08-06T00:45:00Z,2026-08-06T02:45:00+0200,8.411,MW,NL,NL,actual_offshore_wind_generation,Wind Offshore | Actual Consumption,2026-08-07T04:53:21Z
2026-08-07T04:50:48Z,2026-08-07T06:50:48+0200,9de41e72-ad84-4160-af68-c339f970a640,2026-08-06T01:00:00Z,2026-08-06T03:00:00+0200,1527.722,MW,NL,NL,actual_offshore_wind_generation,Wind Offshore | Actual Aggregated,2026-08-07T04:53:21Z
2026-08-07T04:50:48Z,2026-08-07T06:50:48+0200,9de41e72-ad84-4160-af68-c339f970a640,2026-08-06T01:00:00Z,2026-08-06T03:00:00+0200,6.309,MW,NL,NL,actual_offshore_wind_generation,Wind Offshore | Actual Consumption,2026-08-07T04:53:21Z
2026-08-07T04:50:48Z,2026-08-07T06:50:48+0200,9de41e72-ad84-4160-af68-c339f970a640,2026-08-06T01:15:00Z,2026-08-06T03:15:00+0200,1605.045,MW,NL,NL,actual_offshore_wind_generation,Wind Offshore | Actual Aggregated,2026-08-07T04:53:21Z
2026-08-07T04:50:48Z,2026-08-07T06:50:48+0200,9de41e72-ad84-4160-af68-c339f970a640,2026-08-06T01:15:00Z,2026-08-06T03:15:00+0200,3.893,MW,NL,NL,actual_offshore_wind_generation,Wind Offshore | Actual Consumption,2026-08-07T04:53:21Z
2026-08-07T04:50:48Z,2026-08-07T06:50:48+0200,9de41e72-ad84-4160-af68-c339f970a640,2026-08-06T01:30:00Z,2026-08-06T03:30:00+0200,1689.834,MW,NL,NL,actual_offshore_wind_generation,Wind Offshore | Actual Aggregated,2026-08-07T04:53:21Z
2026-08-07T04:50:48Z,2026-08-07T06:50:48+0200,9de41e72-ad84-4160-af68-c339f970a640,2026-08-06T01:30:00Z,2026-08-06T03:30:00+0200,3.491,MW,NL,NL,actual_offshore_wind_generation,Wind Offshore | Actual Consumption,2026-08-07T04:53:21Z
2026-08-07T04:50:48Z,2026-08-07T06:50:48+0200,9de41e72-ad84-4160-af68-c339f970a640,2026-08-06T01:45:00Z,2026-08-06T03:45:00+0200,1730.438,MW,NL,NL,actual_offshore_wind_generation,Wind Offshore | Actual Aggregated,2026-08-07T04:53:21Z
2026-08-07T04:50:48Z,2026-08-07T06:50:48+0200,9de41e72-ad84-4160-af68-c339f970a640,2026-08-06T01:45:00Z,2026-08-06T03:45:00+0200,4.436,MW,NL,NL,actual_offshore_wind_generation,Wind Offshore | Actual Consumption,2026-08-07T04:53:21Z
2026-08-07T04:50:48Z,2026-08-07T06:50:48+0200,9de41e72-ad84-4160-af68-c339f970a640,2026-08-06T02:00:00Z,2026-08-06T04:00:00+0200,1773.823,MW,NL,NL,actual_offshore_wind_generation,Wind Offshore | Actual Aggregated,2026-08-07T04:53:21Z
2026-08-07T04:50:48Z,2026-08-07T06:50:48+0200,9de41e72-ad84-4160-af68-c339f970a640,2026-08-06T02:00:00Z,2026-08-06T04:00:00+0200,4.696,MW,NL,NL,actual_offshore_wind_generation,Wind Offshore | Actual Consumption,2026-08-07T04:53:21Z
2026-08-07T04:50:48Z,2026-08-07T06:50:48+0200,9de41e72-ad84-4160-af68-c339f970a640,2026-08-06T02:15:00Z,2026-08-06T04:15:00+0200,1811.284,MW,NL,NL,actual_offshore_wind_generation,Wind Offshore | Actual Aggregated,2026-08-07T04:53:21Z
2026-08-07T04:50:48Z,2026-08-07T06:50:48+0200,9de41e72-ad84-4160-af68-c339f970a640,2026-08-06T02:15:00Z,2026-08-06T04:15:00+0200,5.864,MW,NL,NL,actual_offshore_wind_generation,Wind Offshore | Actual Consumption,2026-08-07T04:53:21Z
2026-08-07T04:50:48Z,2026-08-07T06:50:48+0200,9de41e72-ad84-4160-af68-c339f970a640,2026-08-06T02:30:00Z,2026-08-06T04:30:00+0200,1698.757,MW,NL,NL,actual_offshore_wind_generation,Wind Offshore | Actual Aggregated,2026-08-07T04:53:21Z
2026-08-07T04:50:48Z,2026-08-07T06:50:48+0200,9de41e72-ad84-4160-af68-c339f970a640,2026-08-06T02:30:00Z,2026-08-06T04:30:00+0200,3.452,MW,NL,NL,actual_offshore_wind_generation,Wind Offshore | Actual Consumption,2026-08-07T04:53:21Z
2026-08-07T04:50:48Z,2026-08-07T06:50:48+0200,9de41e72-ad84-4160-af68-c339f970a640,2026-08-06T02:45:00Z,2026-08-06T04:45:00+0200,1633.771,MW,NL,NL,actual_offshore_wind_generation,Wind Offshore | Actual Aggregated,2026-08-07T04:53:21Z
2026-08-07T04:50:48Z,2026-08-07T06:50:48+0200,9de41e72-ad84-4160-af68-c339f970a640,2026-08-06T02:45:00Z,2026-08-06T04:45:00+0200,3.057,MW,NL,NL,actual_offshore_wind_generation,Wind Offshore | Actual Consumption,2026-08-07T04:53:21Z
2026-08-07T04:50:48Z,2026-08-07T06:50:48+0200,9de41e72-ad84-4160-af68-c339f970a640,2026-08-06T03:00:00Z,2026-08-06T05:00:00+0200,1571.798,MW,NL,NL,actual_offshore_wind_generation,Wind Offshore | Actual Aggregated,2026-08-07T04:53:21Z
2026-08-07T04:50:48Z,2026-08-07T06:50:48+0200,9de41e72-ad84-4160-af68-c339f970a640,2026-08-06T03:00:00Z,2026-08-06T05:00:00+0200,3.874,MW,NL,NL,actual_offshore_wind_generation,Wind Offshore | Actual Consumption,2026-08-07T04:53:21Z
2026-08-07T04:50:48Z,2026-08-07T06:50:48+0200,9de41e72-ad84-4160-af68-c339f970a640,2026-08-06T03:15:00Z,2026-08-06T05:15:00+0200,1503.803,MW,NL,NL,actual_offshore_wind_generation,Wind Offshore | Actual Aggregated,2026-08-07T04:53:21Z
2026-08-07T04:50:48Z,2026-08-07T06:50:48+0200,9de41e72-ad84-4160-af68-c339f970a640,2026-08-06T03:15:00Z,2026-08-06T05:15:00+0200,1.917,MW,NL,NL,actual_offshore_wind_generation,Wind Offshore | Actual Consumption,2026-08-07T04:53:21Z
2026-08-07T04:50:48Z,2026-08-07T06:50:48+0200,9de41e72-ad84-4160-af68-c339f970a640,2026-08-06T03:30:00Z,2026-08-06T05:30:00+0200,1471.737,MW,NL,NL,actual_offshore_wind_generation,Wind Offshore | Actual Aggregated,2026-08-07T04:53:21Z
2026-08-07T04:50:48Z,2026-08-07T06:50:48+0200,9de41e72-ad84-4160-af68-c339f970a640,2026-08-06T03:30:00Z,2026-08-06T05:30:00+0200,1.967,MW,NL,NL,actual_offshore_wind_generation,Wind Offshore | Actual Consumption,2026-08-07T04:53:21Z
2026-08-07T04:50:48Z,2026-08-07T06:50:48+0200,9de41e72-ad84-4160-af68-c339f970a640,2026-08-06T03:45:00Z,2026-08-06T05:45:00+0200,1468.982,MW,NL,NL,actual_offshore_wind_generation,Wind Offshore | Actual Aggregated,2026-08-07T04:53:21Z
2026-08-07T04:50:48Z,2026-08-07T06:50:48+0200,9de41e72-ad84-4160-af68-c339f970a640,2026-08-06T03:45:00Z,2026-08-06T05:45:00+0200,2.368,MW,NL,NL,actual_offshore_wind_generation,Wind Offshore | Actual Consumption,2026-08-07T04:53:21Z
2026-08-07T04:50:48Z,2026-08-07T06:50:48+0200,9de41e72-ad84-4160-af68-c339f970a640,2026-08-06T04:00:00Z,2026-08-06T06:00:00+0200,1551.483,MW,NL,NL,actual_offshore_wind_generation,Wind Offshore | Actual Aggregated,2026-08-07T04:53:21Z
2026-08-07T04:50:48Z,2026-08-07T06:50:48+0200,9de41e72-ad84-4160-af68-c339f970a640,2026-08-06T04:00:00Z,2026-08-06T06:00:00+0200,2.342,MW,NL,NL,actual_offshore_wind_generation,Wind Offshore | Actual Consumption,2026-08-07T04:53:21Z
2026-08-07T04:50:48Z,2026-08-07T06:50:48+0200,9de41e72-ad84-4160-af68-c339f970a640,2026-08-06T04:15:00Z,2026-08-06T06:15:00+0200,1618.52,MW,NL,NL,actual_offshore_wind_generation,Wind Offshore | Actual Aggregated,2026-08-07T04:53:21Z
2026-08-07T04:50:48Z,2026-08-07T06:50:48+0200,9de41e72-ad84-4160-af68-c339f970a640,2026-08-06T04:15:00Z,2026-08-06T06:15:00+0200,3.658,MW,NL,NL,actual_offshore_wind_generation,Wind Offshore | Actual Consumption,2026-08-07T04:53:21Z
2026-08-07T04:50:48Z,2026-08-07T06:50:48+0200,9de41e72-ad84-4160-af68-c339f970a640,2026-08-06T04:30:00Z,2026-08-06T06:30:00+0200,1672.313,MW,NL,NL,actual_offshore_wind_generation,Wind Offshore | Actual Aggregated,2026-08-07T04:53:21Z
2026-08-07T04:50:48Z,2026-08-07T06:50:48+0200,9de41e72-ad84-4160-af68-c339f970a640,2026-08-06T04:30:00Z,2026-08-06T06:30:00+0200,2.717,MW,NL,NL,actual_offshore_wind_generation,Wind Offshore | Actual Consumption,2026-08-07T04:53:21Z
2026-08-07T04:50:48Z,2026-08-07T06:50:48+0200,9de41e72-ad84-4160-af68-c339f970a640,2026-08-06T04:45:00Z,2026-08-06T06:45:00+0200,1687.699,MW,NL,NL,actual_offshore_wind_generation,Wind Offshore | Actual Aggregated,2026-08-07T04:53:21Z
2026-08-07T04:50:48Z,2026-08-07T06:50:48+0200,9de41e72-ad84-4160-af68-c339f970a640,2026-08-06T04:45:00Z,2026-08-06T06:45:00+0200,3.821,MW,NL,NL,actual_offshore_wind_generation,Wind Offshore | Actual Consumption,2026-08-07T04:53:21Z
2026-08-07T04:50:48Z,2026-08-07T06:50:48+0200,9de41e72-ad84-4160-af68-c339f970a640,2026-08-06T05:00:00Z,2026-08-06T07:00:00+0200,1665.303,MW,NL,NL,actual_offshore_wind_generation,Wind Offshore | Actual Aggregated,2026-08-07T04:53:21Z
2026-08-07T04:50:48Z,2026-08-07T06:50:48+0200,9de41e72-ad84-4160-af68-c339f970a640,2026-08-06T05:00:00Z,2026-08-06T07:00:00+0200,3.105,MW,NL,NL,actual_offshore_wind_generation,Wind Offshore | Actual Consumption,2026-08-07T04:53:21Z
2026-08-07T04:50:48Z,2026-08-07T06:50:48+0200,9de41e72-ad84-4160-af68-c339f970a640,2026-08-06T05:15:00Z,2026-08-06T07:15:00+0200,1671.181,MW,NL,NL,actual_offshore_wind_generation,Wind Offshore | Actual Aggregated,2026-08-07T04:53:21Z
2026-08-07T04:50:48Z,2026-08-07T06:50:48+0200,9de41e72-ad84-4160-af68-c339f970a640,2026-08-06T05:15:00Z,2026-08-06T07:15:00+0200,3.36,MW,NL,NL,actual_offshore_wind_generation,Wind Offshore | Actual Consumption,2026-08-07T04:53:21Z
2026-08-07T04:50:48Z,2026-08-07T06:50:48+0200,9de41e72-ad84-4160-af68-c339f970a640,2026-08-06T05:30:00Z,2026-08-06T07:30:00+0200,1734.015,MW,NL,NL,actual_offshore_wind_generation,Wind Offshore | Actual Aggregated,2026-08-07T04:53:21Z
2026-08-07T04:50:48Z,2026-08-07T06:50:48+0200,9de41e72-ad84-4160-af68-c339f970a640,2026-08-06T05:30:00Z,2026-08-06T07:30:00+0200,2.646,MW,NL,NL,actual_offshore_wind_generation,Wind Offshore | Actual Consumption,2026-08-07T04:53:21Z
2026-08-07T04:50:48Z,2026-08-07T06:50:48+0200,9de41e72-ad84-4160-af68-c339f970a640,2026-08-06T05:45:00Z,2026-08-06T07:45:00+0200,1819.928,MW,NL,NL,actual_offshore_wind_generation,Wind Offshore | Actual Aggregated,2026-08-07T04:53:21Z
2026-08-07T04:50:48Z,2026-08-07T06:50:48+0200,9de41e72-ad84-4160-af68-c339f970a640,2026-08-06T05:45:00Z,2026-08-06T07:45:00+0200,2.693,MW,NL,NL,actual_offshore_wind_generation,Wind Offshore | Actual Consumption,2026-08-07T04:53:21Z
2026-08-07T04:50:48Z,2026-08-07T06:50:48+0200,9de41e72-ad84-4160-af68-c339f970a640,2026-08-06T06:00:00Z,2026-08-06T08:00:00+0200,1850.416,MW,NL,NL,actual_offshore_wind_generation,Wind Offshore | Actual Aggregated,2026-08-07T04:53:21Z
2026-08-07T04:50:48Z,2026-08-07T06:50:48+0200,9de41e72-ad84-4160-af68-c339f970a640,2026-08-06T06:00:00Z,2026-08-06T08:00:00+0200,2.264,MW,NL,NL,actual_offshore_wind_generation,Wind Offshore | Actual Consumption,2026-08-07T04:53:21Z
2026-08-07T04:50:48Z,2026-08-07T06:50:48+0200,9de41e72-ad84-4160-af68-c339f970a640,2026-08-06T06:15:00Z,2026-08-06T08:15:00+0200,1887.75,MW,NL,NL,actual_offshore_wind_generation,Wind Offshore | Actual Aggregated,2026-08-07T04:53:21Z
2026-08-07T04:50:48Z,2026-08-07T06:50:48+0200,9de41e72-ad84-4160-af68-c339f970a640,2026-08-06T06:15:00Z,2026-08-06T08:15:00+0200,1.918,MW,NL,NL,actual_offshore_wind_generation,Wind Offshore | Actual Consumption,2026-08-07T04:53:21Z
2026-08-07T04:50:48Z,2026-08-07T06:50:48+0200,9de41e72-ad84-4160-af68-c339f970a640,2026-08-06T06:30:00Z,2026-08-06T08:30:00+0200,1914.222,MW,NL,NL,actual_offshore_wind_generation,Wind Offshore | Actual Aggregated,2026-08-07T04:53:21Z
2026-08-07T04:50:48Z,2026-08-07T06:50:48+0200,9de41e72-ad84-4160-af68-c339f970a640,2026-08-06T06:30:00Z,2026-08-06T08:30:00+0200,3.083,MW,NL,NL,actual_offshore_wind_generation,Wind Offshore | Actual Consumption,2026-08-07T04:53:21Z
2026-08-07T04:50:48Z,2026-08-07T06:50:48+0200,9de41e72-ad84-4160-af68-c339f970a640,2026-08-06T06:45:00Z,2026-08-06T08:45:00+0200,1929.194,MW,NL,NL,actual_offshore_wind_generation,Wind Offshore | Actual Aggregated,2026-08-07T04:53:21Z
2026-08-07T04:50:48Z,2026-08-07T06:50:48+0200,9de41e72-ad84-4160-af68-c339f970a640,2026-08-06T06:45:00Z,2026-08-06T08:45:00+0200,4.293,MW,NL,NL,actual_offshore_wind_generation,Wind Offshore | Actual Consumption,2026-08-07T04:53:21Z
2026-08-07T04:50:48Z,2026-08-07T06:50:48+0200,9de41e72-ad84-4160-af68-c339f970a640,2026-08-06T07:00:00Z,2026-08-06T09:00:00+0200,1902.388,MW,NL,NL,actual_offshore_wind_generation,Wind Offshore | Actual Aggregated,2026-08-07T04:53:21Z
2026-08-07T04:50:48Z,2026-08-07T06:50:48+0200,9de41e72-ad84-4160-af68-c339f970a640,2026-08-06T07:00:00Z,2026-08-06T09:00:00+0200,3.512,MW,NL,NL,actual_offshore_wind_generation,Wind Offshore | Actual Consumption,2026-08-07T04:53:21Z
2026-08-07T04:50:48Z,2026-08-07T06:50:48+0200,9de41e72-ad84-4160-af68-c339f970a640,2026-08-06T07:15:00Z,2026-08-06T09:15:00+0200,1849.967,MW,NL,NL,actual_offshore_wind_generation,Wind Offshore | Actual Aggregated,2026-08-07T04:53:21Z
2026-08-07T04:50:48Z,2026-08-07T06:50:48+0200,9de41e72-ad84-4160-af68-c339f970a640,2026-08-06T07:15:00Z,2026-08-06T09:15:00+0200,3.374,MW,NL,NL,actual_offshore_wind_generation,Wind Offshore | Actual Consumption,2026-08-07T04:53:21Z
2026-08-07T04:50:48Z,2026-08-07T06:50:48+0200,9de41e72-ad84-4160-af68-c339f970a640,2026-08-06T07:30:00Z,2026-08-06T09:30:00+0200,1797.605,MW,NL,NL,actual_offshore_wind_generation,Wind Offshore | Actual Aggregated,2026-08-07T04:53:21Z
2026-08-07T04:50:48Z,2026-08-07T06:50:48+0200,9de41e72-ad84-4160-af68-c339f970a640,2026-08-06T07:30:00Z,2026-08-06T09:30:00+0200,3.448,MW,NL,NL,actual_offshore_wind_generation,Wind Offshore | Actual Consumption,2026-08-07T04:53:21Z
2026-08-07T04:50:48Z,2026-08-07T06:50:48+0200,9de41e72-ad84-4160-af68-c339f970a640,2026-08-06T07:45:00Z,2026-08-06T09:45:00+0200,1728.922,MW,NL,NL,actual_offshore_wind_generation,Wind Offshore | Actual Aggregated,2026-08-07T04:53:21Z
2026-08-07T04:50:48Z,2026-08-07T06:50:48+0200,9de41e72-ad84-4160-af68-c339f970a640,2026-08-06T07:45:00Z,2026-08-06T09:45:00+0200,2.626,MW,NL,NL,actual_offshore_wind_generation,Wind Offshore | Actual Consumption,2026-08-07T04:53:21Z
2026-08-07T04:50:48Z,2026-08-07T06:50:48+0200,9de41e72-ad84-4160-af68-c339f970a640,2026-08-06T08:00:00Z,2026-08-06T10:00:00+0200,1668.379,MW,NL,NL,actual_offshore_wind_generation,Wind Offshore | Actual Aggregated,2026-08-07T04:53:21Z
2026-08-07T04:50:48Z,2026-08-07T06:50:48+0200,9de41e72-ad84-4160-af68-c339f970a640,2026-08-06T08:00:00Z,2026-08-06T10:00:00+0200,2.286,MW,NL,NL,actual_offshore_wind_generation,Wind Offshore | Actual Consumption,2026-08-07T04:53:21Z
2026-08-07T04:50:48Z,2026-08-07T06:50:48+0200,9de41e72-ad84-4160-af68-c339f970a640,2026-08-06T08:15:00Z,2026-08-06T10:15:00+0200,1664.357,MW,NL,NL,actual_offshore_wind_generation,Wind Offshore | Actual Aggregated,2026-08-07T04:53:21Z
2026-08-07T04:50:48Z,2026-08-07T06:50:48+0200,9de41e72-ad84-4160-af68-c339f970a640,2026-08-06T08:15:00Z,2026-08-06T10:15:00+0200,2.557,MW,NL,NL,actual_offshore_wind_generation,Wind Offshore | Actual Consumption,2026-08-07T04:53:21Z
2026-08-07T04:50:48Z,2026-08-07T06:50:48+0200,9de41e72-ad84-4160-af68-c339f970a640,2026-08-06T08:30:00Z,2026-08-06T10:30:00+0200,1647.769,MW,NL,NL,actual_offshore_wind_generation,Wind Offshore | Actual Aggregated,2026-08-07T04:53:21Z
2026-08-07T04:50:48Z,2026-08-07T06:50:48+0200,9de41e72-ad84-4160-af68-c339f970a640,2026-08-06T08:30:00Z,2026-08-06T10:30:00+0200,3.464,MW,NL,NL,actual_offshore_wind_generation,Wind Offshore | Actual Consumption,2026-08-07T04:53:21Z
2026-08-07T04:50:48Z,2026-08-07T06:50:48+0200,9de41e72-ad84-4160-af68-c339f970a640,2026-08-06T08:45:00Z,2026-08-06T10:45:00+0200,1750.199,MW,NL,NL,actual_offshore_wind_generation,Wind Offshore | Actual Aggregated,2026-08-07T04:53:21Z
2026-08-07T04:50:48Z,2026-08-07T06:50:48+0200,9de41e72-ad84-4160-af68-c339f970a640,2026-08-06T08:45:00Z,2026-08-06T10:45:00+0200,3.841,MW,NL,NL,actual_offshore_wind_generation,Wind Offshore | Actual Consumption,2026-08-07T04:53:21Z
2026-08-07T04:50:48Z,2026-08-07T06:50:48+0200,9de41e72-ad84-4160-af68-c339f970a640,2026-08-06T09:00:00Z,2026-08-06T11:00:00+0200,1740.324,MW,NL,NL,actual_offshore_wind_generation,Wind Offshore | Actual Aggregated,2026-08-07T04:53:21Z
2026-08-07T04:50:48Z,2026-08-07T06:50:48+0200,9de41e72-ad84-4160-af68-c339f970a640,2026-08-06T09:00:00Z,2026-08-06T11:00:00+0200,4.609,MW,NL,NL,actual_offshore_wind_generation,Wind Offshore | Actual Consumption,2026-08-07T04:53:21Z
2026-08-07T04:50:48Z,2026-08-07T06:50:48+0200,9de41e72-ad84-4160-af68-c339f970a640,2026-08-06T09:15:00Z,2026-08-06T11:15:00+0200,1790.921,MW,NL,NL,actual_offshore_wind_generation,Wind Offshore | Actual Aggregated,2026-08-07T04:53:21Z
2026-08-07T04:50:48Z,2026-08-07T06:50:48+0200,9de41e72-ad84-4160-af68-c339f970a640,2026-08-06T09:15:00Z,2026-08-06T11:15:00+0200,3.915,MW,NL,NL,actual_offshore_wind_generation,Wind Offshore | Actual Consumption,2026-08-07T04:53:21Z
2026-08-07T04:50:48Z,2026-08-07T06:50:48+0200,9de41e72-ad84-4160-af68-c339f970a640,2026-08-06T09:30:00Z,2026-08-06T11:30:00+0200,1704.285,MW,NL,NL,actual_offshore_wind_generation,Wind Offshore | Actual Aggregated,2026-08-07T04:53:21Z
2026-08-07T04:50:48Z,2026-08-07T06:50:48+0200,9de41e72-ad84-4160-af68-c339f970a640,2026-08-06T09:30:00Z,2026-08-06T11:30:00+0200,2.885,MW,NL,NL,actual_offshore_wind_generation,Wind Offshore | Actual Consumption,2026-08-07T04:53:21Z
2026-08-07T04:50:48Z,2026-08-07T06:50:48+0200,9de41e72-ad84-4160-af68-c339f970a640,2026-08-06T09:45:00Z,2026-08-06T11:45:00+0200,1653.328,MW,NL,NL,actual_offshore_wind_generation,Wind Offshore | Actual Aggregated,2026-08-07T04:53:21Z
2026-08-07T04:50:48Z,2026-08-07T06:50:48+0200,9de41e72-ad84-4160-af68-c339f970a640,2026-08-06T09:45:00Z,2026-08-06T11:45:00+0200,1.872,MW,NL,NL,actual_offshore_wind_generation,Wind Offshore | Actual Consumption,2026-08-07T04:53:21Z
2026-08-07T04:50:48Z,2026-08-07T06:50:48+0200,9de41e72-ad84-4160-af68-c339f970a640,2026-08-06T10:00:00Z,2026-08-06T12:00:00+0200,1726.68,MW,NL,NL,actual_offshore_wind_generation,Wind Offshore | Actual Aggregated,2026-08-07T04:53:21Z
2026-08-07T04:50:48Z,2026-08-07T06:50:48+0200,9de41e72-ad84-4160-af68-c339f970a640,2026-08-06T10:00:00Z,2026-08-06T12:00:00+0200,2.319,MW,NL,NL,actual_offshore_wind_generation,Wind Offshore | Actual Consumption,2026-08-07T04:53:21Z
2026-08-07T04:50:48Z,2026-08-07T06:50:48+0200,9de41e72-ad84-4160-af68-c339f970a640,2026-08-06T10:15:00Z,2026-08-06T12:15:00+0200,1391.736,MW,NL,NL,actual_offshore_wind_generation,Wind Offshore | Actual Aggregated,2026-08-07T04:53:21Z
2026-08-07T04:50:48Z,2026-08-07T06:50:48+0200,9de41e72-ad84-4160-af68-c339f970a640,2026-08-06T10:15:00Z,2026-08-06T12:15:00+0200,2.344,MW,NL,NL,actual_offshore_wind_generation,Wind Offshore | Actual Consumption,2026-08-07T04:53:21Z
2026-08-07T04:50:48Z,2026-08-07T06:50:48+0200,9de41e72-ad84-4160-af68-c339f970a640,2026-08-06T10:30:00Z,2026-08-06T12:30:00+0200,1126.202,MW,NL,NL,actual_offshore_wind_generation,Wind Offshore | Actual Aggregated,2026-08-07T04:53:21Z
2026-08-07T04:50:48Z,2026-08-07T06:50:48+0200,9de41e72-ad84-4160-af68-c339f970a640,2026-08-06T10:30:00Z,2026-08-06T12:30:00+0200,2.498,MW,NL,NL,actual_offshore_wind_generation,Wind Offshore | Actual Consumption,2026-08-07T04:53:21Z
2026-08-07T04:50:48Z,2026-08-07T06:50:48+0200,9de41e72-ad84-4160-af68-c339f970a640,2026-08-06T10:45:00Z,2026-08-06T12:45:00+0200,1039.154,MW,NL,NL,actual_offshore_wind_generation,Wind Offshore | Actual Aggregated,2026-08-07T04:53:21Z
2026-08-07T04:50:48Z,2026-08-07T06:50:48+0200,9de41e72-ad84-4160-af68-c339f970a640,2026-08-06T10:45:00Z,2026-08-06T12:45:00+0200,2.318,MW,NL,NL,actual_offshore_wind_generation,Wind Offshore | Actual Consumption,2026-08-07T04:53:21Z
2026-08-07T04:50:48Z,2026-08-07T06:50:48+0200,9de41e72-ad84-4160-af68-c339f970a640,2026-08-06T11:00:00Z,2026-08-06T13:00:00+0200,958.677,MW,NL,NL,actual_offshore_wind_generation,Wind Offshore | Actual Aggregated,2026-08-07T04:53:21Z
2026-08-07T04:50:48Z,2026-08-07T06:50:48+0200,9de41e72-ad84-4160-af68-c339f970a640,2026-08-06T11:00:00Z,2026-08-06T13:00:00+0200,2.212,MW,NL,NL,actual_offshore_wind_generation,Wind Offshore | Actual Consumption,2026-08-07T04:53:21Z
2026-08-07T04:50:48Z,2026-08-07T06:50:48+0200,9de41e72-ad84-4160-af68-c339f970a640,2026-08-06T11:15:00Z,2026-08-06T13:15:00+0200,845.975,MW,NL,NL,actual_offshore_wind_generation,Wind Offshore | Actual Aggregated,2026-08-07T04:53:21Z
2026-08-07T04:50:48Z,2026-08-07T06:50:48+0200,9de41e72-ad84-4160-af68-c339f970a640,2026-08-06T11:15:00Z,2026-08-06T13:15:00+0200,2.498,MW,NL,NL,actual_offshore_wind_generation,Wind Offshore | Actual Consumption,2026-08-07T04:53:21Z
2026-08-07T04:50:48Z,2026-08-07T06:50:48+0200,9de41e72-ad84-4160-af68-c339f970a640,2026-08-06T11:30:00Z,2026-08-06T13:30:00+0200,857.641,MW,NL,NL,actual_offshore_wind_generation,Wind Offshore | Actual Aggregated,2026-08-07T04:53:21Z
2026-08-07T04:50:48Z,2026-08-07T06:50:48+0200,9de41e72-ad84-4160-af68-c339f970a640,2026-08-06T11:30:00Z,2026-08-06T13:30:00+0200,2.601,MW,NL,NL,actual_offshore_wind_generation,Wind Offshore | Actual Consumption,2026-08-07T04:53:21Z
2026-08-07T04:50:48Z,2026-08-07T06:50:48+0200,9de41e72-ad84-4160-af68-c339f970a640,2026-08-06T11:45:00Z,2026-08-06T13:45:00+0200,836.455,MW,NL,NL,actual_offshore_wind_generation,Wind Offshore | Actual Aggregated,2026-08-07T04:53:21Z
2026-08-07T04:50:48Z,2026-08-07T06:50:48+0200,9de41e72-ad84-4160-af68-c339f970a640,2026-08-06T11:45:00Z,2026-08-06T13:45:00+0200,2.79,MW,NL,NL,actual_offshore_wind_generation,Wind Offshore | Actual Consumption,2026-08-07T04:53:21Z
2026-08-07T04:50:48Z,2026-08-07T06:50:48+0200,9de41e72-ad84-4160-af68-c339f970a640,2026-08-06T12:00:00Z,2026-08-06T14:00:00+0200,831.425,MW,NL,NL,actual_offshore_wind_generation,Wind Offshore | Actual Aggregated,2026-08-07T04:53:21Z
2026-08-07T04:50:48Z,2026-08-07T06:50:48+0200,9de41e72-ad84-4160-af68-c339f970a640,2026-08-06T12:00:00Z,2026-08-06T14:00:00+0200,2.444,MW,NL,NL,actual_offshore_wind_generation,Wind Offshore | Actual Consumption,2026-08-07T04:53:21Z
2026-08-07T04:50:48Z,2026-08-07T06:50:48+0200,9de41e72-ad84-4160-af68-c339f970a640,2026-08-06T12:15:00Z,2026-08-06T14:15:00+0200,940.73,MW,NL,NL,actual_offshore_wind_generation,Wind Offshore | Actual Aggregated,2026-08-07T04:53:21Z
2026-08-07T04:50:48Z,2026-08-07T06:50:48+0200,9de41e72-ad84-4160-af68-c339f970a640,2026-08-06T12:15:00Z,2026-08-06T14:15:00+0200,2.117,MW,NL,NL,actual_offshore_wind_generation,Wind Offshore | Actual Consumption,2026-08-07T04:53:21Z
2026-08-07T04:50:48Z,2026-08-07T06:50:48+0200,9de41e72-ad84-4160-af68-c339f970a640,2026-08-06T12:30:00Z,2026-08-06T14:30:00+0200,868.946,MW,NL,NL,actual_offshore_wind_generation,Wind Offshore | Actual Aggregated,2026-08-07T04:53:21Z
2026-08-07T04:50:48Z,2026-08-07T06:50:48+0200,9de41e72-ad84-4160-af68-c339f970a640,2026-08-06T12:30:00Z,2026-08-06T14:30:00+0200,2.055,MW,NL,NL,actual_offshore_wind_generation,Wind Offshore | Actual Consumption,2026-08-07T04:53:21Z
2026-08-07T04:50:48Z,2026-08-07T06:50:48+0200,9de41e72-ad84-4160-af68-c339f970a640,2026-08-06T12:45:00Z,2026-08-06T14:45:00+0200,773.808,MW,NL,NL,actual_offshore_wind_generation,Wind Offshore | Actual Aggregated,2026-08-07T04:53:21Z
2026-08-07T04:50:48Z,2026-08-07T06:50:48+0200,9de41e72-ad84-4160-af68-c339f970a640,2026-08-06T12:45:00Z,2026-08-06T14:45:00+0200,2.396,MW,NL,NL,actual_offshore_wind_generation,Wind Offshore | Actual Consumption,2026-08-07T04:53:21Z
2026-08-07T04:50:48Z,2026-08-07T06:50:48+0200,9de41e72-ad84-4160-af68-c339f970a640,2026-08-06T13:00:00Z,2026-08-06T15:00:00+0200,752.701,MW,NL,NL,actual_offshore_wind_generation,Wind Offshore | Actual Aggregated,2026-08-07T04:53:21Z
2026-08-07T04:50:48Z,2026-08-07T06:50:48+0200,9de41e72-ad84-4160-af68-c339f970a640,2026-08-06T13:00:00Z,2026-08-06T15:00:00+0200,2.755,MW,NL,NL,actual_offshore_wind_generation,Wind Offshore | Actual Consumption,2026-08-07T04:53:21Z
2026-08-07T04:50:48Z,2026-08-07T06:50:48+0200,9de41e72-ad84-4160-af68-c339f970a640,2026-08-06T13:15:00Z,2026-08-06T15:15:00+0200,788.828,MW,NL,NL,actual_offshore_wind_generation,Wind Offshore | Actual Aggregated,2026-08-07T04:53:21Z
2026-08-07T04:50:48Z,2026-08-07T06:50:48+0200,9de41e72-ad84-4160-af68-c339f970a640,2026-08-06T13:15:00Z,2026-08-06T15:15:00+0200,2.971,MW,NL,NL,actual_offshore_wind_generation,Wind Offshore | Actual Consumption,2026-08-07T04:53:21Z
2026-08-07T04:50:48Z,2026-08-07T06:50:48+0200,9de41e72-ad84-4160-af68-c339f970a640,2026-08-06T13:30:00Z,2026-08-06T15:30:00+0200,861.39,MW,NL,NL,actual_offshore_wind_generation,Wind Offshore | Actual Aggregated,2026-08-07T04:53:21Z
2026-08-07T04:50:48Z,2026-08-07T06:50:48+0200,9de41e72-ad84-4160-af68-c339f970a640,2026-08-06T13:30:00Z,2026-08-06T15:30:00+0200,3.32,MW,NL,NL,actual_offshore_wind_generation,Wind Offshore | Actual Consumption,2026-08-07T04:53:21Z
2026-08-07T04:50:48Z,2026-08-07T06:50:48+0200,9de41e72-ad84-4160-af68-c339f970a640,2026-08-06T13:45:00Z,2026-08-06T15:45:00+0200,777.326,MW,NL,NL,actual_offshore_wind_generation,Wind Offshore | Actual Aggregated,2026-08-07T04:53:21Z
2026-08-07T04:50:48Z,2026-08-07T06:50:48+0200,9de41e72-ad84-4160-af68-c339f970a640,2026-08-06T13:45:00Z,2026-08-06T15:45:00+0200,4.082,MW,NL,NL,actual_offshore_wind_generation,Wind Offshore | Actual Consumption,2026-08-07T04:53:21Z
2026-08-07T04:50:48Z,2026-08-07T06:50:48+0200,9de41e72-ad84-4160-af68-c339f970a640,2026-08-06T14:00:00Z,2026-08-06T16:00:00+0200,807.235,MW,NL,NL,actual_offshore_wind_generation,Wind Offshore | Actual Aggregated,2026-08-07T04:53:21Z
2026-08-07T04:50:48Z,2026-08-07T06:50:48+0200,9de41e72-ad84-4160-af68-c339f970a640,2026-08-06T14:00:00Z,2026-08-06T16:00:00+0200,2.901,MW,NL,NL,actual_offshore_wind_generation,Wind Offshore | Actual Consumption,2026-08-07T04:53:21Z
2026-08-07T04:50:48Z,2026-08-07T06:50:48+0200,9de41e72-ad84-4160-af68-c339f970a640,2026-08-06T14:15:00Z,2026-08-06T16:15:00+0200,811.355,MW,NL,NL,actual_offshore_wind_generation,Wind Offshore | Actual Aggregated,2026-08-07T04:53:21Z
2026-08-07T04:50:48Z,2026-08-07T06:50:48+0200,9de41e72-ad84-4160-af68-c339f970a640,2026-08-06T14:15:00Z,2026-08-06T16:15:00+0200,4.589,MW,NL,NL,actual_offshore_wind_generation,Wind Offshore | Actual Consumption,2026-08-07T04:53:21Z
2026-08-07T04:50:48Z,2026-08-07T06:50:48+0200,9de41e72-ad84-4160-af68-c339f970a640,2026-08-06T14:30:00Z,2026-08-06T16:30:00+0200,887.167,MW,NL,NL,actual_offshore_wind_generation,Wind Offshore | Actual Aggregated,2026-08-07T04:53:21Z
2026-08-07T04:50:48Z,2026-08-07T06:50:48+0200,9de41e72-ad84-4160-af68-c339f970a640,2026-08-06T14:30:00Z,2026-08-06T16:30:00+0200,3.331,MW,NL,NL,actual_offshore_wind_generation,Wind Offshore | Actual Consumption,2026-08-07T04:53:21Z
2026-08-07T04:50:48Z,2026-08-07T06:50:48+0200,9de41e72-ad84-4160-af68-c339f970a640,2026-08-06T14:45:00Z,2026-08-06T16:45:00+0200,874.79,MW,NL,NL,actual_offshore_wind_generation,Wind Offshore | Actual Aggregated,2026-08-07T04:53:21Z
2026-08-07T04:50:48Z,2026-08-07T06:50:48+0200,9de41e72-ad84-4160-af68-c339f970a640,2026-08-06T14:45:00Z,2026-08-06T16:45:00+0200,2.759,MW,NL,NL,actual_offshore_wind_generation,Wind Offshore | Actual Consumption,2026-08-07T04:53:21Z
2026-08-07T04:50:48Z,2026-08-07T06:50:48+0200,9de41e72-ad84-4160-af68-c339f970a640,2026-08-06T15:00:00Z,2026-08-06T17:00:00+0200,856.658,MW,NL,NL,actual_offshore_wind_generation,Wind Offshore | Actual Aggregated,2026-08-07T04:53:21Z
2026-08-07T04:50:48Z,2026-08-07T06:50:48+0200,9de41e72-ad84-4160-af68-c339f970a640,2026-08-06T15:00:00Z,2026-08-06T17:00:00+0200,2.172,MW,NL,NL,actual_offshore_wind_generation,Wind Offshore | Actual Consumption,2026-08-07T04:53:21Z
2026-08-07T04:50:48Z,2026-08-07T06:50:48+0200,9de41e72-ad84-4160-af68-c339f970a640,2026-08-06T15:15:00Z,2026-08-06T17:15:00+0200,832.831,MW,NL,NL,actual_offshore_wind_generation,Wind Offshore | Actual Aggregated,2026-08-07T04:53:21Z
2026-08-07T04:50:48Z,2026-08-07T06:50:48+0200,9de41e72-ad84-4160-af68-c339f970a640,2026-08-06T15:15:00Z,2026-08-06T17:15:00+0200,2.293,MW,NL,NL,actual_offshore_wind_generation,Wind Offshore | Actual Consumption,2026-08-07T04:53:21Z
2026-08-07T04:50:48Z,2026-08-07T06:50:48+0200,9de41e72-ad84-4160-af68-c339f970a640,2026-08-06T15:30:00Z,2026-08-06T17:30:00+0200,932.195,MW,NL,NL,actual_offshore_wind_generation,Wind Offshore | Actual Aggregated,2026-08-07T04:53:21Z
2026-08-07T04:50:48Z,2026-08-07T06:50:48+0200,9de41e72-ad84-4160-af68-c339f970a640,2026-08-06T15:30:00Z,2026-08-06T17:30:00+0200,2.129,MW,NL,NL,actual_offshore_wind_generation,Wind Offshore | Actual Consumption,2026-08-07T04:53:21Z
2026-08-07T04:50:48Z,2026-08-07T06:50:48+0200,9de41e72-ad84-4160-af68-c339f970a640,2026-08-06T15:45:00Z,2026-08-06T17:45:00+0200,970.663,MW,NL,NL,actual_offshore_wind_generation,Wind Offshore | Actual Aggregated,2026-08-07T04:53:21Z
2026-08-07T04:50:48Z,2026-08-07T06:50:48+0200,9de41e72-ad84-4160-af68-c339f970a640,2026-08-06T15:45:00Z,2026-08-06T17:45:00+0200,2.82,MW,NL,NL,actual_offshore_wind_generation,Wind Offshore | Actual Consumption,2026-08-07T04:53:21Z
2026-08-07T04:50:48Z,2026-08-07T06:50:48+0200,9de41e72-ad84-4160-af68-c339f970a640,2026-08-06T16:00:00Z,2026-08-06T18:00:00+0200,551.184,MW,NL,NL,actual_offshore_wind_generation,Wind Offshore | Actual Aggregated,2026-08-07T04:53:21Z
2026-08-07T04:50:48Z,2026-08-07T06:50:48+0200,9de41e72-ad84-4160-af68-c339f970a640,2026-08-06T16:00:00Z,2026-08-06T18:00:00+0200,2.258,MW,NL,NL,actual_offshore_wind_generation,Wind Offshore | Actual Consumption,2026-08-07T04:53:21Z
2026-08-07T04:50:48Z,2026-08-07T06:50:48+0200,9de41e72-ad84-4160-af68-c339f970a640,2026-08-06T16:15:00Z,2026-08-06T18:15:00+0200,764.949,MW,NL,NL,actual_offshore_wind_generation,Wind Offshore | Actual Aggregated,2026-08-07T04:53:21Z
2026-08-07T04:50:48Z,2026-08-07T06:50:48+0200,9de41e72-ad84-4160-af68-c339f970a640,2026-08-06T16:15:00Z,2026-08-06T18:15:00+0200,2.484,MW,NL,NL,actual_offshore_wind_generation,Wind Offshore | Actual Consumption,2026-08-07T04:53:21Z
2026-08-07T04:50:48Z,2026-08-07T06:50:48+0200,9de41e72-ad84-4160-af68-c339f970a640,2026-08-06T16:30:00Z,2026-08-06T18:30:00+0200,926.975,MW,NL,NL,actual_offshore_wind_generation,Wind Offshore | Actual Aggregated,2026-08-07T04:53:21Z
2026-08-07T04:50:48Z,2026-08-07T06:50:48+0200,9de41e72-ad84-4160-af68-c339f970a640,2026-08-06T16:30:00Z,2026-08-06T18:30:00+0200,1.527,MW,NL,NL,actual_offshore_wind_generation,Wind Offshore | Actual Consumption,2026-08-07T04:53:21Z
2026-08-07T04:50:48Z,2026-08-07T06:50:48+0200,9de41e72-ad84-4160-af68-c339f970a640,2026-08-06T16:45:00Z,2026-08-06T18:45:00+0200,988.447,MW,NL,NL,actual_offshore_wind_generation,Wind Offshore | Actual Aggregated,2026-08-07T04:53:21Z
2026-08-07T04:50:48Z,2026-08-07T06:50:48+0200,9de41e72-ad84-4160-af68-c339f970a640,2026-08-06T16:45:00Z,2026-08-06T18:45:00+0200,1.563,MW,NL,NL,actual_offshore_wind_generation,Wind Offshore | Actual Consumption,2026-08-07T04:53:21Z
2026-08-07T04:50:48Z,2026-08-07T06:50:48+0200,9de41e72-ad84-4160-af68-c339f970a640,2026-08-06T17:00:00Z,2026-08-06T19:00:00+0200,909.677,MW,NL,NL,actual_offshore_wind_generation,Wind Offshore | Actual Aggregated,2026-08-07T04:53:21Z
2026-08-07T04:50:48Z,2026-08-07T06:50:48+0200,9de41e72-ad84-4160-af68-c339f970a640,2026-08-06T17:00:00Z,2026-08-06T19:00:00+0200,1.213,MW,NL,NL,actual_offshore_wind_generation,Wind Offshore | Actual Consumption,2026-08-07T04:53:21Z
2026-08-07T04:50:48Z,2026-08-07T06:50:48+0200,9de41e72-ad84-4160-af68-c339f970a640,2026-08-06T17:15:00Z,2026-08-06T19:15:00+0200,948.595,MW,NL,NL,actual_offshore_wind_generation,Wind Offshore | Actual Aggregated,2026-08-07T04:53:21Z
2026-08-07T04:50:48Z,2026-08-07T06:50:48+0200,9de41e72-ad84-4160-af68-c339f970a640,2026-08-06T17:15:00Z,2026-08-06T19:15:00+0200,1.029,MW,NL,NL,actual_offshore_wind_generation,Wind Offshore | Actual Consumption,2026-08-07T04:53:21Z
2026-08-07T04:50:48Z,2026-08-07T06:50:48+0200,9de41e72-ad84-4160-af68-c339f970a640,2026-08-06T17:30:00Z,2026-08-06T19:30:00+0200,928.83,MW,NL,NL,actual_offshore_wind_generation,Wind Offshore | Actual Aggregated,2026-08-07T04:53:21Z
2026-08-07T04:50:48Z,2026-08-07T06:50:48+0200,9de41e72-ad84-4160-af68-c339f970a640,2026-08-06T17:30:00Z,2026-08-06T19:30:00+0200,1.964,MW,NL,NL,actual_offshore_wind_generation,Wind Offshore | Actual Consumption,2026-08-07T04:53:21Z
2026-08-07T04:50:48Z,2026-08-07T06:50:48+0200,9de41e72-ad84-4160-af68-c339f970a640,2026-08-06T17:45:00Z,2026-08-06T19:45:00+0200,797.339,MW,NL,NL,actual_offshore_wind_generation,Wind Offshore | Actual Aggregated,2026-08-07T04:53:21Z
2026-08-07T04:50:48Z,2026-08-07T06:50:48+0200,9de41e72-ad84-4160-af68-c339f970a640,2026-08-06T17:45:00Z,2026-08-06T19:45:00+0200,0.946,MW,NL,NL,actual_offshore_wind_generation,Wind Offshore | Actual Consumption,2026-08-07T04:53:21Z
2026-08-07T04:50:48Z,2026-08-07T06:50:48+0200,9de41e72-ad84-4160-af68-c339f970a640,2026-08-06T18:00:00Z,2026-08-06T20:00:00+0200,842.05,MW,NL,NL,actual_offshore_wind_generation,Wind Offshore | Actual Aggregated,2026-08-07T04:53:21Z
2026-08-07T04:50:48Z,2026-08-07T06:50:48+0200,9de41e72-ad84-4160-af68-c339f970a640,2026-08-06T18:00:00Z,2026-08-06T20:00:00+0200,1.064,MW,NL,NL,actual_offshore_wind_generation,Wind Offshore | Actual Consumption,2026-08-07T04:53:21Z
2026-08-07T04:50:48Z,2026-08-07T06:50:48+0200,9de41e72-ad84-4160-af68-c339f970a640,2026-08-06T18:15:00Z,2026-08-06T20:15:00+0200,792.87,MW,NL,NL,actual_offshore_wind_generation,Wind Offshore | Actual Aggregated,2026-08-07T04:53:21Z
2026-08-07T04:50:48Z,2026-08-07T06:50:48+0200,9de41e72-ad84-4160-af68-c339f970a640,2026-08-06T18:15:00Z,2026-08-06T20:15:00+0200,0.881,MW,NL,NL,actual_offshore_wind_generation,Wind Offshore | Actual Consumption,2026-08-07T04:53:21Z
2026-08-07T04:50:48Z,2026-08-07T06:50:48+0200,9de41e72-ad84-4160-af68-c339f970a640,2026-08-06T18:30:00Z,2026-08-06T20:30:00+0200,798.561,MW,NL,NL,actual_offshore_wind_generation,Wind Offshore | Actual Aggregated,2026-08-07T04:53:21Z
2026-08-07T04:50:48Z,2026-08-07T06:50:48+0200,9de41e72-ad84-4160-af68-c339f970a640,2026-08-06T18:30:00Z,2026-08-06T20:30:00+0200,0.892,MW,NL,NL,actual_offshore_wind_generation,Wind Offshore | Actual Consumption,2026-08-07T04:53:21Z
2026-08-07T04:50:48Z,2026-08-07T06:50:48+0200,9de41e72-ad84-4160-af68-c339f970a640,2026-08-06T18:45:00Z,2026-08-06T20:45:00+0200,826.773,MW,NL,NL,actual_offshore_wind_generation,Wind Offshore | Actual Aggregated,2026-08-07T04:53:21Z
2026-08-07T04:50:48Z,2026-08-07T06:50:48+0200,9de41e72-ad84-4160-af68-c339f970a640,2026-08-06T18:45:00Z,2026-08-06T20:45:00+0200,0.889,MW,NL,NL,actual_offshore_wind_generation,Wind Offshore | Actual Consumption,2026-08-07T04:53:21Z
2026-08-07T04:50:48Z,2026-08-07T06:50:48+0200,9de41e72-ad84-4160-af68-c339f970a640,2026-08-06T19:00:00Z,2026-08-06T21:00:00+0200,795.299,MW,NL,NL,actual_offshore_wind_generation,Wind Offshore | Actual Aggregated,2026-08-07T04:53:21Z
2026-08-07T04:50:48Z,2026-08-07T06:50:48+0200,9de41e72-ad84-4160-af68-c339f970a640,2026-08-06T19:00:00Z,2026-08-06T21:00:00+0200,1.61,MW,NL,NL,actual_offshore_wind_generation,Wind Offshore | Actual Consumption,2026-08-07T04:53:21Z
2026-08-07T04:50:48Z,2026-08-07T06:50:48+0200,9de41e72-ad84-4160-af68-c339f970a640,2026-08-06T19:15:00Z,2026-08-06T21:15:00+0200,737.058,MW,NL,NL,actual_offshore_wind_generation,Wind Offshore | Actual Aggregated,2026-08-07T04:53:21Z
2026-08-07T04:50:48Z,2026-08-07T06:50:48+0200,9de41e72-ad84-4160-af68-c339f970a640,2026-08-06T19:15:00Z,2026-08-06T21:15:00+0200,2.261,MW,NL,NL,actual_offshore_wind_generation,Wind Offshore | Actual Consumption,2026-08-07T04:53:21Z
2026-08-07T04:50:48Z,2026-08-07T06:50:48+0200,9de41e72-ad84-4160-af68-c339f970a640,2026-08-06T19:30:00Z,2026-08-06T21:30:00+0200,691.378,MW,NL,NL,actual_offshore_wind_generation,Wind Offshore | Actual Aggregated,2026-08-07T04:53:21Z
2026-08-07T04:50:48Z,2026-08-07T06:50:48+0200,9de41e72-ad84-4160-af68-c339f970a640,2026-08-06T19:30:00Z,2026-08-06T21:30:00+0200,1.321,MW,NL,NL,actual_offshore_wind_generation,Wind Offshore | Actual Consumption,2026-08-07T04:53:21Z
2026-08-07T04:50:48Z,2026-08-07T06:50:48+0200,9de41e72-ad84-4160-af68-c339f970a640,2026-08-06T19:45:00Z,2026-08-06T21:45:00+0200,709.935,MW,NL,NL,actual_offshore_wind_generation,Wind Offshore | Actual Aggregated,2026-08-07T04:53:21Z
2026-08-07T04:50:48Z,2026-08-07T06:50:48+0200,9de41e72-ad84-4160-af68-c339f970a640,2026-08-06T19:45:00Z,2026-08-06T21:45:00+0200,0.901,MW,NL,NL,actual_offshore_wind_generation,Wind Offshore | Actual Consumption,2026-08-07T04:53:21Z
2026-08-07T04:50:48Z,2026-08-07T06:50:48+0200,9de41e72-ad84-4160-af68-c339f970a640,2026-08-06T20:00:00Z,2026-08-06T22:00:00+0200,703.161,MW,NL,NL,actual_offshore_wind_generation,Wind Offshore | Actual Aggregated,2026-08-07T04:53:21Z
2026-08-07T04:50:48Z,2026-08-07T06:50:48+0200,9de41e72-ad84-4160-af68-c339f970a640,2026-08-06T20:00:00Z,2026-08-06T22:00:00+0200,1.374,MW,NL,NL,actual_offshore_wind_generation,Wind Offshore | Actual Consumption,2026-08-07T04:53:21Z
2026-08-07T04:50:48Z,2026-08-07T06:50:48+0200,9de41e72-ad84-4160-af68-c339f970a640,2026-08-06T20:15:00Z,2026-08-06T22:15:00+0200,716.531,MW,NL,NL,actual_offshore_wind_generation,Wind Offshore | Actual Aggregated,2026-08-07T04:53:21Z
2026-08-07T04:50:48Z,2026-08-07T06:50:48+0200,9de41e72-ad84-4160-af68-c339f970a640,2026-08-06T20:15:00Z,2026-08-06T22:15:00+0200,0.753,MW,NL,NL,actual_offshore_wind_generation,Wind Offshore | Actual Consumption,2026-08-07T04:53:21Z
2026-08-07T04:50:48Z,2026-08-07T06:50:48+0200,9de41e72-ad84-4160-af68-c339f970a640,2026-08-06T20:30:00Z,2026-08-06T22:30:00+0200,661.656,MW,NL,NL,actual_offshore_wind_generation,Wind Offshore | Actual Aggregated,2026-08-07T04:53:21Z
2026-08-07T04:50:48Z,2026-08-07T06:50:48+0200,9de41e72-ad84-4160-af68-c339f970a640,2026-08-06T20:30:00Z,2026-08-06T22:30:00+0200,0.563,MW,NL,NL,actual_offshore_wind_generation,Wind Offshore | Actual Consumption,2026-08-07T04:53:21Z
2026-08-07T04:50:48Z,2026-08-07T06:50:48+0200,9de41e72-ad84-4160-af68-c339f970a640,2026-08-06T20:45:00Z,2026-08-06T22:45:00+0200,605.924,MW,NL,NL,actual_offshore_wind_generation,Wind Offshore | Actual Aggregated,2026-08-07T04:53:21Z
2026-08-07T04:50:48Z,2026-08-07T06:50:48+0200,9de41e72-ad84-4160-af68-c339f970a640,2026-08-06T20:45:00Z,2026-08-06T22:45:00+0200,4.15,MW,NL,NL,actual_offshore_wind_generation,Wind Offshore | Actual Consumption,2026-08-07T04:53:21Z
2026-08-07T04:50:48Z,2026-08-07T06:50:48+0200,9de41e72-ad84-4160-af68-c339f970a640,2026-08-06T21:00:00Z,2026-08-06T23:00:00+0200,553.564,MW,NL,NL,actual_offshore_wind_generation,Wind Offshore | Actual Aggregated,2026-08-07T04:53:21Z
2026-08-07T04:50:48Z,2026-08-07T06:50:48+0200,9de41e72-ad84-4160-af68-c339f970a640,2026-08-06T21:00:00Z,2026-08-06T23:00:00+0200,8.006,MW,NL,NL,actual_offshore_wind_generation,Wind Offshore | Actual Consumption,2026-08-07T04:53:21Z
2026-08-07T04:50:48Z,2026-08-07T06:50:48+0200,9de41e72-ad84-4160-af68-c339f970a640,2026-08-06T21:15:00Z,2026-08-06T23:15:00+0200,543.192,MW,NL,NL,actual_offshore_wind_generation,Wind Offshore | Actual Aggregated,2026-08-07T04:53:21Z
2026-08-07T04:50:48Z,2026-08-07T06:50:48+0200,9de41e72-ad84-4160-af68-c339f970a640,2026-08-06T21:15:00Z,2026-08-06T23:15:00+0200,10.609,MW,NL,NL,actual_offshore_wind_generation,Wind Offshore | Actual Consumption,2026-08-07T04:53:21Z
2026-08-07T04:50:48Z,2026-08-07T06:50:48+0200,9de41e72-ad84-4160-af68-c339f970a640,2026-08-06T21:30:00Z,2026-08-06T23:30:00+0200,562.745,MW,NL,NL,actual_offshore_wind_generation,Wind Offshore | Actual Aggregated,2026-08-07T04:53:21Z
2026-08-07T04:50:48Z,2026-08-07T06:50:48+0200,9de41e72-ad84-4160-af68-c339f970a640,2026-08-06T21:30:00Z,2026-08-06T23:30:00+0200,10.897,MW,NL,NL,actual_offshore_wind_generation,Wind Offshore | Actual Consumption,2026-08-07T04:53:21Z
2026-08-07T04:50:48Z,2026-08-07T06:50:48+0200,9de41e72-ad84-4160-af68-c339f970a640,2026-08-06T21:45:00Z,2026-08-06T23:45:00+0200,531.283,MW,NL,NL,actual_offshore_wind_generation,Wind Offshore | Actual Aggregated,2026-08-07T04:53:21Z
2026-08-07T04:50:48Z,2026-08-07T06:50:48+0200,9de41e72-ad84-4160-af68-c339f970a640,2026-08-06T21:45:00Z,2026-08-06T23:45:00+0200,11.335,MW,NL,NL,actual_offshore_wind_generation,Wind Offshore | Actual Consumption,2026-08-07T04:53:21Z
2026-08-07T04:50:48Z,2026-08-07T06:50:48+0200,9de41e72-ad84-4160-af68-c339f970a640,2026-08-06T22:00:00Z,2026-08-07T00:00:00+0200,505.588,MW,NL,NL,actual_offshore_wind_generation,Wind Offshore | Actual Aggregated,2026-08-07T04:53:21Z
2026-08-07T04:50:48Z,2026-08-07T06:50:48+0200,9de41e72-ad84-4160-af68-c339f970a640,2026-08-06T22:00:00Z,2026-08-07T00:00:00+0200,12.324,MW,NL,NL,actual_offshore_wind_generation,Wind Offshore | Actual Consumption,2026-08-07T04:53:21Z
2026-08-07T04:50:48Z,2026-08-07T06:50:48+0200,9de41e72-ad84-4160-af68-c339f970a640,2026-08-06T22:15:00Z,2026-08-07T00:15:00+0200,511.82,MW,NL,NL,actual_offshore_wind_generation,Wind Offshore | Actual Aggregated,2026-08-07T04:53:21Z
2026-08-07T04:50:48Z,2026-08-07T06:50:48+0200,9de41e72-ad84-4160-af68-c339f970a640,2026-08-06T22:15:00Z,2026-08-07T00:15:00+0200,13.597,MW,NL,NL,actual_offshore_wind_generation,Wind Offshore | Actual Consumption,2026-08-07T04:53:21Z
2026-08-07T04:50:48Z,2026-08-07T06:50:48+0200,9de41e72-ad84-4160-af68-c339f970a640,2026-08-06T22:30:00Z,2026-08-07T00:30:00+0200,438.001,MW,NL,NL,actual_offshore_wind_generation,Wind Offshore | Actual Aggregated,2026-08-07T04:53:21Z
2026-08-07T04:50:48Z,2026-08-07T06:50:48+0200,9de41e72-ad84-4160-af68-c339f970a640,2026-08-06T22:30:00Z,2026-08-07T00:30:00+0200,13.962,MW,NL,NL,actual_offshore_wind_generation,Wind Offshore | Actual Consumption,2026-08-07T04:53:21Z
2026-08-07T04:50:48Z,2026-08-07T06:50:48+0200,9de41e72-ad84-4160-af68-c339f970a640,2026-08-06T22:45:00Z,2026-08-07T00:45:00+0200,368.583,MW,NL,NL,actual_offshore_wind_generation,Wind Offshore | Actual Aggregated,2026-08-07T04:53:21Z
2026-08-07T04:50:48Z,2026-08-07T06:50:48+0200,9de41e72-ad84-4160-af68-c339f970a640,2026-08-06T22:45:00Z,2026-08-07T00:45:00+0200,14.467,MW,NL,NL,actual_offshore_wind_generation,Wind Offshore | Actual Consumption,2026-08-07T04:53:21Z
2026-08-07T04:50:48Z,2026-08-07T06:50:48+0200,9de41e72-ad84-4160-af68-c339f970a640,2026-08-06T23:00:00Z,2026-08-07T01:00:00+0200,315.641,MW,NL,NL,actual_offshore_wind_generation,Wind Offshore | Actual Aggregated,2026-08-07T04:53:21Z
2026-08-07T04:50:48Z,2026-08-07T06:50:48+0200,9de41e72-ad84-4160-af68-c339f970a640,2026-08-06T23:00:00Z,2026-08-07T01:00:00+0200,13.954,MW,NL,NL,actual_offshore_wind_generation,Wind Offshore | Actual Consumption,2026-08-07T04:53:21Z
2026-08-07T04:50:48Z,2026-08-07T06:50:48+0200,9de41e72-ad84-4160-af68-c339f970a640,2026-08-06T23:15:00Z,2026-08-07T01:15:00+0200,252.019,MW,NL,NL,actual_offshore_wind_generation,Wind Offshore | Actual Aggregated,2026-08-07T04:53:21Z
2026-08-07T04:50:48Z,2026-08-07T06:50:48+0200,9de41e72-ad84-4160-af68-c339f970a640,2026-08-06T23:15:00Z,2026-08-07T01:15:00+0200,14.116,MW,NL,NL,actual_offshore_wind_generation,Wind Offshore | Actual Consumption,2026-08-07T04:53:21Z
2026-08-07T04:50:48Z,2026-08-07T06:50:48+0200,9de41e72-ad84-4160-af68-c339f970a640,2026-08-06T23:30:00Z,2026-08-07T01:30:00+0200,260.888,MW,NL,NL,actual_offshore_wind_generation,Wind Offshore | Actual Aggregated,2026-08-07T04:53:21Z
2026-08-07T04:50:48Z,2026-08-07T06:50:48+0200,9de41e72-ad84-4160-af68-c339f970a640,2026-08-06T23:30:00Z,2026-08-07T01:30:00+0200,14.139,MW,NL,NL,actual_offshore_wind_generation,Wind Offshore | Actual Consumption,2026-08-07T04:53:21Z
2026-08-07T04:50:48Z,2026-08-07T06:50:48+0200,9de41e72-ad84-4160-af68-c339f970a640,2026-08-06T23:45:00Z,2026-08-07T01:45:00+0200,284.586,MW,NL,NL,actual_offshore_wind_generation,Wind Offshore | Actual Aggregated,2026-08-07T04:53:21Z
2026-08-07T04:50:48Z,2026-08-07T06:50:48+0200,9de41e72-ad84-4160-af68-c339f970a640,2026-08-06T23:45:00Z,2026-08-07T01:45:00+0200,14.161,MW,NL,NL,actual_offshore_wind_generation,Wind Offshore | Actual Consumption,2026-08-07T04:53:21Z
2026-08-07T04:50:48Z,2026-08-07T06:50:48+0200,9de41e72-ad84-4160-af68-c339f970a640,2026-08-07T00:00:00Z,2026-08-07T02:00:00+0200,247.33,MW,NL,NL,actual_offshore_wind_generation,Wind Offshore | Actual Aggregated,2026-08-07T04:53:21Z
2026-08-07T04:50:48Z,2026-08-07T06:50:48+0200,9de41e72-ad84-4160-af68-c339f970a640,2026-08-07T00:00:00Z,2026-08-07T02:00:00+0200,14.089,MW,NL,NL,actual_offshore_wind_generation,Wind Offshore | Actual Consumption,2026-08-07T04:53:21Z
2026-08-07T04:50:48Z,2026-08-07T06:50:48+0200,9de41e72-ad84-4160-af68-c339f970a640,2026-08-07T00:15:00Z,2026-08-07T02:15:00+0200,204.587,MW,NL,NL,actual_offshore_wind_generation,Wind Offshore | Actual Aggregated,2026-08-07T04:53:21Z
2026-08-07T04:50:48Z,2026-08-07T06:50:48+0200,9de41e72-ad84-4160-af68-c339f970a640,2026-08-07T00:15:00Z,2026-08-07T02:15:00+0200,14.086,MW,NL,NL,actual_offshore_wind_generation,Wind Offshore | Actual Consumption,2026-08-07T04:53:21Z
2026-08-07T04:50:48Z,2026-08-07T06:50:48+0200,9de41e72-ad84-4160-af68-c339f970a640,2026-08-07T00:30:00Z,2026-08-07T02:30:00+0200,183.52,MW,NL,NL,actual_offshore_wind_generation,Wind Offshore | Actual Aggregated,2026-08-07T04:53:21Z
2026-08-07T04:50:48Z,2026-08-07T06:50:48+0200,9de41e72-ad84-4160-af68-c339f970a640,2026-08-07T00:30:00Z,2026-08-07T02:30:00+0200,14.136,MW,NL,NL,actual_offshore_wind_generation,Wind Offshore | Actual Consumption,2026-08-07T04:53:21Z
2026-08-07T04:50:48Z,2026-08-07T06:50:48+0200,9de41e72-ad84-4160-af68-c339f970a640,2026-08-07T00:45:00Z,2026-08-07T02:45:00+0200,185.335,MW,NL,NL,actual_offshore_wind_generation,Wind Offshore | Actual Aggregated,2026-08-07T04:53:21Z
2026-08-07T04:50:48Z,2026-08-07T06:50:48+0200,9de41e72-ad84-4160-af68-c339f970a640,2026-08-07T00:45:00Z,2026-08-07T02:45:00+0200,14.908,MW,NL,NL,actual_offshore_wind_generation,Wind Offshore | Actual Consumption,2026-08-07T04:53:21Z
2026-08-07T04:50:48Z,2026-08-07T06:50:48+0200,9de41e72-ad84-4160-af68-c339f970a640,2026-08-07T01:00:00Z,2026-08-07T03:00:00+0200,124.799,MW,NL,NL,actual_offshore_wind_generation,Wind Offshore | Actual Aggregated,2026-08-07T04:53:21Z
2026-08-07T04:50:48Z,2026-08-07T06:50:48+0200,9de41e72-ad84-4160-af68-c339f970a640,2026-08-07T01:00:00Z,2026-08-07T03:00:00+0200,21.174,MW,NL,NL,actual_offshore_wind_generation,Wind Offshore | Actual Consumption,2026-08-07T04:53:21Z
2026-08-07T04:50:48Z,2026-08-07T06:50:48+0200,9de41e72-ad84-4160-af68-c339f970a640,2026-08-07T01:15:00Z,2026-08-07T03:15:00+0200,84.232,MW,NL,NL,actual_offshore_wind_generation,Wind Offshore | Actual Aggregated,2026-08-07T04:53:21Z
2026-08-07T04:50:48Z,2026-08-07T06:50:48+0200,9de41e72-ad84-4160-af68-c339f970a640,2026-08-07T01:15:00Z,2026-08-07T03:15:00+0200,24.543,MW,NL,NL,actual_offshore_wind_generation,Wind Offshore | Actual Consumption,2026-08-07T04:53:21Z
2026-08-07T04:50:48Z,2026-08-07T06:50:48+0200,9de41e72-ad84-4160-af68-c339f970a640,2026-08-07T01:30:00Z,2026-08-07T03:30:00+0200,92.078,MW,NL,NL,actual_offshore_wind_generation,Wind Offshore | Actual Aggregated,2026-08-07T04:53:21Z
2026-08-07T04:50:48Z,2026-08-07T06:50:48+0200,9de41e72-ad84-4160-af68-c339f970a640,2026-08-07T01:30:00Z,2026-08-07T03:30:00+0200,25.5,MW,NL,NL,actual_offshore_wind_generation,Wind Offshore | Actual Consumption,2026-08-07T04:53:21Z
2026-08-07T04:50:48Z,2026-08-07T06:50:48+0200,9de41e72-ad84-4160-af68-c339f970a640,2026-08-07T01:45:00Z,2026-08-07T03:45:00+0200,88.029,MW,NL,NL,actual_offshore_wind_generation,Wind Offshore | Actual Aggregated,2026-08-07T04:53:21Z
2026-08-07T04:50:48Z,2026-08-07T06:50:48+0200,9de41e72-ad84-4160-af68-c339f970a640,2026-08-07T01:45:00Z,2026-08-07T03:45:00+0200,27.086,MW,NL,NL,actual_offshore_wind_generation,Wind Offshore | Actual Consumption,2026-08-07T04:53:21Z
2026-08-07T04:50:48Z,2026-08-07T06:50:48+0200,9de41e72-ad84-4160-af68-c339f970a640,2026-08-07T02:00:00Z,2026-08-07T04:00:00+0200,70.562,MW,NL,NL,actual_offshore_wind_generation,Wind Offshore | Actual Aggregated,2026-08-07T04:53:21Z
2026-08-07T04:50:48Z,2026-08-07T06:50:48+0200,9de41e72-ad84-4160-af68-c339f970a640,2026-08-07T02:00:00Z,2026-08-07T04:00:00+0200,26.793,MW,NL,NL,actual_offshore_wind_generation,Wind Offshore | Actual Consumption,2026-08-07T04:53:21Z
2026-08-07T04:50:48Z,2026-08-07T06:50:48+0200,9de41e72-ad84-4160-af68-c339f970a640,2026-08-07T02:15:00Z,2026-08-07T04:15:00+0200,89.038,MW,NL,NL,actual_offshore_wind_generation,Wind Offshore | Actual Aggregated,2026-08-07T04:53:21Z
2026-08-07T04:50:48Z,2026-08-07T06:50:48+0200,9de41e72-ad84-4160-af68-c339f970a640,2026-08-07T02:15:00Z,2026-08-07T04:15:00+0200,25.423,MW,NL,NL,actual_offshore_wind_generation,Wind Offshore | Actual Consumption,2026-08-07T04:53:21Z
2026-08-07T04:50:48Z,2026-08-07T06:50:48+0200,9de41e72-ad84-4160-af68-c339f970a640,2026-08-07T02:30:00Z,2026-08-07T04:30:00+0200,130.692,MW,NL,NL,actual_offshore_wind_generation,Wind Offshore | Actual Aggregated,2026-08-07T04:53:21Z
2026-08-07T04:50:48Z,2026-08-07T06:50:48+0200,9de41e72-ad84-4160-af68-c339f970a640,2026-08-07T02:30:00Z,2026-08-07T04:30:00+0200,23.127,MW,NL,NL,actual_offshore_wind_generation,Wind Offshore | Actual Consumption,2026-08-07T04:53:21Z
2026-08-07T04:50:48Z,2026-08-07T06:50:48+0200,9de41e72-ad84-4160-af68-c339f970a640,2026-08-07T02:45:00Z,2026-08-07T04:45:00+0200,168.829,MW,NL,NL,actual_offshore_wind_generation,Wind Offshore | Actual Aggregated,2026-08-07T04:53:21Z
2026-08-07T04:50:48Z,2026-08-07T06:50:48+0200,9de41e72-ad84-4160-af68-c339f970a640,2026-08-07T02:45:00Z,2026-08-07T04:45:00+0200,16.479,MW,NL,NL,actual_offshore_wind_generation,Wind Offshore | Actual Consumption,2026-08-07T04:53:21Z
2026-08-07T04:50:48Z,2026-08-07T06:50:48+0200,9de41e72-ad84-4160-af68-c339f970a640,2026-08-07T03:00:00Z,2026-08-07T05:00:00+0200,194.466,MW,NL,NL,actual_offshore_wind_generation,Wind Offshore | Actual Aggregated,2026-08-07T04:53:21Z
2026-08-07T04:50:48Z,2026-08-07T06:50:48+0200,9de41e72-ad84-4160-af68-c339f970a640,2026-08-07T03:00:00Z,2026-08-07T05:00:00+0200,13.133,MW,NL,NL,actual_offshore_wind_generation,Wind Offshore | Actual Consumption,2026-08-07T04:53:21Z
2026-08-07T04:50:48Z,2026-08-07T06:50:48+0200,9de41e72-ad84-4160-af68-c339f970a640,2026-08-07T03:15:00Z,2026-08-07T05:15:00+0200,192.263,MW,NL,NL,actual_offshore_wind_generation,Wind Offshore | Actual Aggregated,2026-08-07T04:53:21Z
2026-08-07T04:50:48Z,2026-08-07T06:50:48+0200,9de41e72-ad84-4160-af68-c339f970a640,2026-08-07T03:15:00Z,2026-08-07T05:15:00+0200,13.061,MW,NL,NL,actual_offshore_wind_generation,Wind Offshore | Actual Consumption,2026-08-07T04:53:21Z
2026-08-07T04:50:48Z,2026-08-07T06:50:48+0200,9de41e72-ad84-4160-af68-c339f970a640,2026-08-07T03:30:00Z,2026-08-07T05:30:00+0200,218.632,MW,NL,NL,actual_offshore_wind_generation,Wind Offshore | Actual Aggregated,2026-08-07T04:53:21Z
2026-08-07T04:50:48Z,2026-08-07T06:50:48+0200,9de41e72-ad84-4160-af68-c339f970a640,2026-08-07T03:30:00Z,2026-08-07T05:30:00+0200,13.732,MW,NL,NL,actual_offshore_wind_generation,Wind Offshore | Actual Consumption,2026-08-07T04:53:21Z
2026-08-07T04:50:48Z,2026-08-07T06:50:48+0200,9de41e72-ad84-4160-af68-c339f970a640,2026-08-07T03:45:00Z,2026-08-07T05:45:00+0200,217.693,MW,NL,NL,actual_offshore_wind_generation,Wind Offshore | Actual Aggregated,2026-08-07T04:53:21Z
2026-08-07T04:50:48Z,2026-08-07T06:50:48+0200,9de41e72-ad84-4160-af68-c339f970a640,2026-08-07T03:45:00Z,2026-08-07T05:45:00+0200,12.64,MW,NL,NL,actual_offshore_wind_generation,Wind Offshore | Actual Consumption,2026-08-07T04:53:21Z
2026-08-07T04:50:48Z,2026-08-07T06:50:48+0200,9de41e72-ad84-4160-af68-c339f970a640,2026-08-07T04:00:00Z,2026-08-07T06:00:00+0200,227.886,MW,NL,NL,actual_offshore_wind_generation,Wind Offshore | Actual Aggregated,2026-08-07T04:53:21Z
2026-08-07T04:50:48Z,2026-08-07T06:50:48+0200,9de41e72-ad84-4160-af68-c339f970a640,2026-08-07T04:00:00Z,2026-08-07T06:00:00+0200,13.674,MW,NL,NL,actual_offshore_wind_generation,Wind Offshore | Actual Consumption,2026-08-07T04:53:21Z
