collection_time_utc,collection_time_local,run_id,timestamp_utc,timestamp_local,value,unit,country,entsoe_area,variable,source,updated_at_utc
2026-07-03T17:43:44Z,2026-07-03T19:43:44+0200,58f0f667-5017-4e2f-a8f0-60c0494acd3e,2026-06-02T18:00:00Z,2026-06-02T20:00:00+0200,2902.47021,MW,FR,FR,forecast_solar_generation,Solar,2026-07-03T17:44:22Z
2026-07-03T17:43:44Z,2026-07-03T19:43:44+0200,58f0f667-5017-4e2f-a8f0-60c0494acd3e,2026-06-02T18:15:00Z,2026-06-02T20:15:00+0200,2198.71753,MW,FR,FR,forecast_solar_generation,Solar,2026-07-03T17:44:22Z
2026-07-03T17:43:44Z,2026-07-03T19:43:44+0200,58f0f667-5017-4e2f-a8f0-60c0494acd3e,2026-06-02T18:30:00Z,2026-06-02T20:30:00+0200,1585.54309,MW,FR,FR,forecast_solar_generation,Solar,2026-07-03T17:44:22Z
2026-07-03T17:43:44Z,2026-07-03T19:43:44+0200,58f0f667-5017-4e2f-a8f0-60c0494acd3e,2026-06-02T18:45:00Z,2026-06-02T20:45:00+0200,1136.08167,MW,FR,FR,forecast_solar_generation,Solar,2026-07-03T17:44:22Z
2026-07-03T17:43:44Z,2026-07-03T19:43:44+0200,58f0f667-5017-4e2f-a8f0-60c0494acd3e,2026-06-02T19:00:00Z,2026-06-02T21:00:00+0200,759.48871,MW,FR,FR,forecast_solar_generation,Solar,2026-07-03T17:44:22Z
2026-07-03T17:43:44Z,2026-07-03T19:43:44+0200,58f0f667-5017-4e2f-a8f0-60c0494acd3e,2026-06-02T19:15:00Z,2026-06-02T21:15:00+0200,415.50259,MW,FR,FR,forecast_solar_generation,Solar,2026-07-03T17:44:22Z
2026-07-03T17:43:44Z,2026-07-03T19:43:44+0200,58f0f667-5017-4e2f-a8f0-60c0494acd3e,2026-06-02T19:30:00Z,2026-06-02T21:30:00+0200,177.325,MW,FR,FR,forecast_solar_generation,Solar,2026-07-03T17:44:22Z
2026-07-03T17:43:44Z,2026-07-03T19:43:44+0200,58f0f667-5017-4e2f-a8f0-60c0494acd3e,2026-06-02T19:45:00Z,2026-06-02T21:45:00+0200,42.57121,MW,FR,FR,forecast_solar_generation,Solar,2026-07-03T17:44:22Z
2026-07-03T17:43:44Z,2026-07-03T19:43:44+0200,58f0f667-5017-4e2f-a8f0-60c0494acd3e,2026-06-02T20:00:00Z,2026-06-02T22:00:00+0200,2.78772,MW,FR,FR,forecast_solar_generation,Solar,2026-07-03T17:44:22Z
2026-07-03T17:43:44Z,2026-07-03T19:43:44+0200,58f0f667-5017-4e2f-a8f0-60c0494acd3e,2026-06-02T20:15:00Z,2026-06-02T22:15:00+0200,0.0,MW,FR,FR,forecast_solar_generation,Solar,2026-07-03T17:44:22Z
2026-07-03T17:43:44Z,2026-07-03T19:43:44+0200,58f0f667-5017-4e2f-a8f0-60c0494acd3e,2026-06-02T20:30:00Z,2026-06-02T22:30:00+0200,0.0,MW,FR,FR,forecast_solar_generation,Solar,2026-07-03T17:44:22Z
2026-07-03T17:43:44Z,2026-07-03T19:43:44+0200,58f0f667-5017-4e2f-a8f0-60c0494acd3e,2026-06-02T20:45:00Z,2026-06-02T22:45:00+0200,0.0,MW,FR,FR,forecast_solar_generation,Solar,2026-07-03T17:44:22Z
2026-07-03T17:43:44Z,2026-07-03T19:43:44+0200,58f0f667-5017-4e2f-a8f0-60c0494acd3e,2026-06-02T21:00:00Z,2026-06-02T23:00:00+0200,0.0,MW,FR,FR,forecast_solar_generation,Solar,2026-07-03T17:44:22Z
2026-07-03T17:43:44Z,2026-07-03T19:43:44+0200,58f0f667-5017-4e2f-a8f0-60c0494acd3e,2026-06-02T21:15:00Z,2026-06-02T23:15:00+0200,0.0,MW,FR,FR,forecast_solar_generation,Solar,2026-07-03T17:44:22Z
2026-07-03T17:43:44Z,2026-07-03T19:43:44+0200,58f0f667-5017-4e2f-a8f0-60c0494acd3e,2026-06-02T21:30:00Z,2026-06-02T23:30:00+0200,0.0,MW,FR,FR,forecast_solar_generation,Solar,2026-07-03T17:44:22Z
2026-07-03T17:43:44Z,2026-07-03T19:43:44+0200,58f0f667-5017-4e2f-a8f0-60c0494acd3e,2026-06-02T21:45:00Z,2026-06-02T23:45:00+0200,0.0,MW,FR,FR,forecast_solar_generation,Solar,2026-07-03T17:44:22Z
2026-07-03T17:43:44Z,2026-07-03T19:43:44+0200,58f0f667-5017-4e2f-a8f0-60c0494acd3e,2026-06-02T22:00:00Z,2026-06-03T00:00:00+0200,0.0,MW,FR,FR,forecast_solar_generation,Solar,2026-07-03T17:44:22Z
2026-07-03T17:43:44Z,2026-07-03T19:43:44+0200,58f0f667-5017-4e2f-a8f0-60c0494acd3e,2026-06-02T22:15:00Z,2026-06-03T00:15:00+0200,0.0,MW,FR,FR,forecast_solar_generation,Solar,2026-07-03T17:44:22Z
2026-07-03T17:43:44Z,2026-07-03T19:43:44+0200,58f0f667-5017-4e2f-a8f0-60c0494acd3e,2026-06-02T22:30:00Z,2026-06-03T00:30:00+0200,0.0,MW,FR,FR,forecast_solar_generation,Solar,2026-07-03T17:44:22Z
2026-07-03T17:43:44Z,2026-07-03T19:43:44+0200,58f0f667-5017-4e2f-a8f0-60c0494acd3e,2026-06-02T22:45:00Z,2026-06-03T00:45:00+0200,0.0,MW,FR,FR,forecast_solar_generation,Solar,2026-07-03T17:44:22Z
2026-07-03T17:43:44Z,2026-07-03T19:43:44+0200,58f0f667-5017-4e2f-a8f0-60c0494acd3e,2026-06-02T23:00:00Z,2026-06-03T01:00:00+0200,0.0,MW,FR,FR,forecast_solar_generation,Solar,2026-07-03T17:44:22Z
2026-07-03T17:43:44Z,2026-07-03T19:43:44+0200,58f0f667-5017-4e2f-a8f0-60c0494acd3e,2026-06-02T23:15:00Z,2026-06-03T01:15:00+0200,0.0,MW,FR,FR,forecast_solar_generation,Solar,2026-07-03T17:44:22Z
2026-07-03T17:43:44Z,2026-07-03T19:43:44+0200,58f0f667-5017-4e2f-a8f0-60c0494acd3e,2026-06-02T23:30:00Z,2026-06-03T01:30:00+0200,0.0,MW,FR,FR,forecast_solar_generation,Solar,2026-07-03T17:44:22Z
2026-07-03T17:43:44Z,2026-07-03T19:43:44+0200,58f0f667-5017-4e2f-a8f0-60c0494acd3e,2026-06-02T23:45:00Z,2026-06-03T01:45:00+0200,0.0,MW,FR,FR,forecast_solar_generation,Solar,2026-07-03T17:44:22Z
2026-07-03T17:43:44Z,2026-07-03T19:43:44+0200,58f0f667-5017-4e2f-a8f0-60c0494acd3e,2026-06-03T00:00:00Z,2026-06-03T02:00:00+0200,0.0,MW,FR,FR,forecast_solar_generation,Solar,2026-07-03T17:44:22Z
2026-07-03T17:43:44Z,2026-07-03T19:43:44+0200,58f0f667-5017-4e2f-a8f0-60c0494acd3e,2026-06-03T00:15:00Z,2026-06-03T02:15:00+0200,0.0,MW,FR,FR,forecast_solar_generation,Solar,2026-07-03T17:44:22Z
2026-07-03T17:43:44Z,2026-07-03T19:43:44+0200,58f0f667-5017-4e2f-a8f0-60c0494acd3e,2026-06-03T00:30:00Z,2026-06-03T02:30:00+0200,0.0,MW,FR,FR,forecast_solar_generation,Solar,2026-07-03T17:44:22Z
2026-07-03T17:43:44Z,2026-07-03T19:43:44+0200,58f0f667-5017-4e2f-a8f0-60c0494acd3e,2026-06-03T00:45:00Z,2026-06-03T02:45:00+0200,0.0,MW,FR,FR,forecast_solar_generation,Solar,2026-07-03T17:44:22Z
2026-07-03T17:43:44Z,2026-07-03T19:43:44+0200,58f0f667-5017-4e2f-a8f0-60c0494acd3e,2026-06-03T01:00:00Z,2026-06-03T03:00:00+0200,0.0,MW,FR,FR,forecast_solar_generation,Solar,2026-07-03T17:44:22Z
2026-07-03T17:43:44Z,2026-07-03T19:43:44+0200,58f0f667-5017-4e2f-a8f0-60c0494acd3e,2026-06-03T01:15:00Z,2026-06-03T03:15:00+0200,0.0,MW,FR,FR,forecast_solar_generation,Solar,2026-07-03T17:44:22Z
2026-07-03T17:43:44Z,2026-07-03T19:43:44+0200,58f0f667-5017-4e2f-a8f0-60c0494acd3e,2026-06-03T01:30:00Z,2026-06-03T03:30:00+0200,0.0,MW,FR,FR,forecast_solar_generation,Solar,2026-07-03T17:44:22Z
2026-07-03T17:43:44Z,2026-07-03T19:43:44+0200,58f0f667-5017-4e2f-a8f0-60c0494acd3e,2026-06-03T01:45:00Z,2026-06-03T03:45:00+0200,0.0,MW,FR,FR,forecast_solar_generation,Solar,2026-07-03T17:44:22Z
2026-07-03T17:43:44Z,2026-07-03T19:43:44+0200,58f0f667-5017-4e2f-a8f0-60c0494acd3e,2026-06-03T02:00:00Z,2026-06-03T04:00:00+0200,0.0,MW,FR,FR,forecast_solar_generation,Solar,2026-07-03T17:44:22Z
2026-07-03T17:43:44Z,2026-07-03T19:43:44+0200,58f0f667-5017-4e2f-a8f0-60c0494acd3e,2026-06-03T02:15:00Z,2026-06-03T04:15:00+0200,0.0,MW,FR,FR,forecast_solar_generation,Solar,2026-07-03T17:44:22Z
2026-07-03T17:43:44Z,2026-07-03T19:43:44+0200,58f0f667-5017-4e2f-a8f0-60c0494acd3e,2026-06-03T02:30:00Z,2026-06-03T04:30:00+0200,0.0,MW,FR,FR,forecast_solar_generation,Solar,2026-07-03T17:44:22Z
2026-07-03T17:43:44Z,2026-07-03T19:43:44+0200,58f0f667-5017-4e2f-a8f0-60c0494acd3e,2026-06-03T02:45:00Z,2026-06-03T04:45:00+0200,0.0,MW,FR,FR,forecast_solar_generation,Solar,2026-07-03T17:44:22Z
2026-07-03T17:43:44Z,2026-07-03T19:43:44+0200,58f0f667-5017-4e2f-a8f0-60c0494acd3e,2026-06-03T03:00:00Z,2026-06-03T05:00:00+0200,0.0,MW,FR,FR,forecast_solar_generation,Solar,2026-07-03T17:44:22Z
2026-07-03T17:43:44Z,2026-07-03T19:43:44+0200,58f0f667-5017-4e2f-a8f0-60c0494acd3e,2026-06-03T03:15:00Z,2026-06-03T05:15:00+0200,0.0,MW,FR,FR,forecast_solar_generation,Solar,2026-07-03T17:44:22Z
2026-07-03T17:43:44Z,2026-07-03T19:43:44+0200,58f0f667-5017-4e2f-a8f0-60c0494acd3e,2026-06-03T03:30:00Z,2026-06-03T05:30:00+0200,0.0,MW,FR,FR,forecast_solar_generation,Solar,2026-07-03T17:44:22Z
2026-07-03T17:43:44Z,2026-07-03T19:43:44+0200,58f0f667-5017-4e2f-a8f0-60c0494acd3e,2026-06-03T03:45:00Z,2026-06-03T05:45:00+0200,0.0,MW,FR,FR,forecast_solar_generation,Solar,2026-07-03T17:44:22Z
2026-07-03T17:43:44Z,2026-07-03T19:43:44+0200,58f0f667-5017-4e2f-a8f0-60c0494acd3e,2026-06-03T04:00:00Z,2026-06-03T06:00:00+0200,0.0,MW,FR,FR,forecast_solar_generation,Solar,2026-07-03T17:44:22Z
2026-07-03T17:43:44Z,2026-07-03T19:43:44+0200,58f0f667-5017-4e2f-a8f0-60c0494acd3e,2026-06-03T04:15:00Z,2026-06-03T06:15:00+0200,126.94884,MW,FR,FR,forecast_solar_generation,Solar,2026-07-03T17:44:22Z
2026-07-03T17:43:44Z,2026-07-03T19:43:44+0200,58f0f667-5017-4e2f-a8f0-60c0494acd3e,2026-06-03T04:30:00Z,2026-06-03T06:30:00+0200,242.69337,MW,FR,FR,forecast_solar_generation,Solar,2026-07-03T17:44:22Z
2026-07-03T17:43:44Z,2026-07-03T19:43:44+0200,58f0f667-5017-4e2f-a8f0-60c0494acd3e,2026-06-03T04:45:00Z,2026-06-03T06:45:00+0200,515.71924,MW,FR,FR,forecast_solar_generation,Solar,2026-07-03T17:44:22Z
2026-07-03T17:43:44Z,2026-07-03T19:43:44+0200,58f0f667-5017-4e2f-a8f0-60c0494acd3e,2026-06-03T05:00:00Z,2026-06-03T07:00:00+0200,890.35504,MW,FR,FR,forecast_solar_generation,Solar,2026-07-03T17:44:22Z
2026-07-03T17:43:44Z,2026-07-03T19:43:44+0200,58f0f667-5017-4e2f-a8f0-60c0494acd3e,2026-06-03T05:15:00Z,2026-06-03T07:15:00+0200,1322.85278,MW,FR,FR,forecast_solar_generation,Solar,2026-07-03T17:44:22Z
2026-07-03T17:43:44Z,2026-07-03T19:43:44+0200,58f0f667-5017-4e2f-a8f0-60c0494acd3e,2026-06-03T05:30:00Z,2026-06-03T07:30:00+0200,1825.71948,MW,FR,FR,forecast_solar_generation,Solar,2026-07-03T17:44:22Z
2026-07-03T17:43:44Z,2026-07-03T19:43:44+0200,58f0f667-5017-4e2f-a8f0-60c0494acd3e,2026-06-03T05:45:00Z,2026-06-03T07:45:00+0200,2505.27417,MW,FR,FR,forecast_solar_generation,Solar,2026-07-03T17:44:22Z
2026-07-03T17:43:44Z,2026-07-03T19:43:44+0200,58f0f667-5017-4e2f-a8f0-60c0494acd3e,2026-06-03T06:00:00Z,2026-06-03T08:00:00+0200,3228.3186,MW,FR,FR,forecast_solar_generation,Solar,2026-07-03T17:44:22Z
2026-07-03T17:43:44Z,2026-07-03T19:43:44+0200,58f0f667-5017-4e2f-a8f0-60c0494acd3e,2026-06-03T06:15:00Z,2026-06-03T08:15:00+0200,4081.44067,MW,FR,FR,forecast_solar_generation,Solar,2026-07-03T17:44:22Z
2026-07-03T17:43:44Z,2026-07-03T19:43:44+0200,58f0f667-5017-4e2f-a8f0-60c0494acd3e,2026-06-03T06:30:00Z,2026-06-03T08:30:00+0200,4940.58936,MW,FR,FR,forecast_solar_generation,Solar,2026-07-03T17:44:22Z
2026-07-03T17:43:44Z,2026-07-03T19:43:44+0200,58f0f667-5017-4e2f-a8f0-60c0494acd3e,2026-06-03T06:45:00Z,2026-06-03T08:45:00+0200,5799.44971,MW,FR,FR,forecast_solar_generation,Solar,2026-07-03T17:44:22Z
2026-07-03T17:43:44Z,2026-07-03T19:43:44+0200,58f0f667-5017-4e2f-a8f0-60c0494acd3e,2026-06-03T07:00:00Z,2026-06-03T09:00:00+0200,6588.58594,MW,FR,FR,forecast_solar_generation,Solar,2026-07-03T17:44:22Z
2026-07-03T17:43:44Z,2026-07-03T19:43:44+0200,58f0f667-5017-4e2f-a8f0-60c0494acd3e,2026-06-03T07:15:00Z,2026-06-03T09:15:00+0200,7449.23584,MW,FR,FR,forecast_solar_generation,Solar,2026-07-03T17:44:22Z
2026-07-03T17:43:44Z,2026-07-03T19:43:44+0200,58f0f667-5017-4e2f-a8f0-60c0494acd3e,2026-06-03T07:30:00Z,2026-06-03T09:30:00+0200,8294.55273,MW,FR,FR,forecast_solar_generation,Solar,2026-07-03T17:44:22Z
2026-07-03T17:43:44Z,2026-07-03T19:43:44+0200,58f0f667-5017-4e2f-a8f0-60c0494acd3e,2026-06-03T07:45:00Z,2026-06-03T09:45:00+0200,8971.04688,MW,FR,FR,forecast_solar_generation,Solar,2026-07-03T17:44:22Z
2026-07-03T17:43:44Z,2026-07-03T19:43:44+0200,58f0f667-5017-4e2f-a8f0-60c0494acd3e,2026-06-03T08:00:00Z,2026-06-03T10:00:00+0200,9650.87402,MW,FR,FR,forecast_solar_generation,Solar,2026-07-03T17:44:22Z
2026-07-03T17:43:44Z,2026-07-03T19:43:44+0200,58f0f667-5017-4e2f-a8f0-60c0494acd3e,2026-06-03T08:15:00Z,2026-06-03T10:15:00+0200,10481.94629,MW,FR,FR,forecast_solar_generation,Solar,2026-07-03T17:44:22Z
2026-07-03T17:43:44Z,2026-07-03T19:43:44+0200,58f0f667-5017-4e2f-a8f0-60c0494acd3e,2026-06-03T08:30:00Z,2026-06-03T10:30:00+0200,8332.40332,MW,FR,FR,forecast_solar_generation,Solar,2026-07-03T17:44:22Z
2026-07-03T17:43:44Z,2026-07-03T19:43:44+0200,58f0f667-5017-4e2f-a8f0-60c0494acd3e,2026-06-03T08:45:00Z,2026-06-03T10:45:00+0200,8735.64258,MW,FR,FR,forecast_solar_generation,Solar,2026-07-03T17:44:22Z
2026-07-03T17:43:44Z,2026-07-03T19:43:44+0200,58f0f667-5017-4e2f-a8f0-60c0494acd3e,2026-06-03T09:00:00Z,2026-06-03T11:00:00+0200,9089.7207,MW,FR,FR,forecast_solar_generation,Solar,2026-07-03T17:44:22Z
2026-07-03T17:43:44Z,2026-07-03T19:43:44+0200,58f0f667-5017-4e2f-a8f0-60c0494acd3e,2026-06-03T09:15:00Z,2026-06-03T11:15:00+0200,9561.60645,MW,FR,FR,forecast_solar_generation,Solar,2026-07-03T17:44:22Z
2026-07-03T17:43:44Z,2026-07-03T19:43:44+0200,58f0f667-5017-4e2f-a8f0-60c0494acd3e,2026-06-03T09:30:00Z,2026-06-03T11:30:00+0200,9932.47168,MW,FR,FR,forecast_solar_generation,Solar,2026-07-03T17:44:22Z
2026-07-03T17:43:44Z,2026-07-03T19:43:44+0200,58f0f667-5017-4e2f-a8f0-60c0494acd3e,2026-06-03T09:45:00Z,2026-06-03T11:45:00+0200,10137.64258,MW,FR,FR,forecast_solar_generation,Solar,2026-07-03T17:44:22Z
2026-07-03T17:43:44Z,2026-07-03T19:43:44+0200,58f0f667-5017-4e2f-a8f0-60c0494acd3e,2026-06-03T10:00:00Z,2026-06-03T12:00:00+0200,10379.54785,MW,FR,FR,forecast_solar_generation,Solar,2026-07-03T17:44:22Z
2026-07-03T17:43:44Z,2026-07-03T19:43:44+0200,58f0f667-5017-4e2f-a8f0-60c0494acd3e,2026-06-03T10:15:00Z,2026-06-03T12:15:00+0200,10591.18945,MW,FR,FR,forecast_solar_generation,Solar,2026-07-03T17:44:22Z
2026-07-03T17:43:44Z,2026-07-03T19:43:44+0200,58f0f667-5017-4e2f-a8f0-60c0494acd3e,2026-06-03T10:30:00Z,2026-06-03T12:30:00+0200,10882.18652,MW,FR,FR,forecast_solar_generation,Solar,2026-07-03T17:44:22Z
2026-07-03T17:43:44Z,2026-07-03T19:43:44+0200,58f0f667-5017-4e2f-a8f0-60c0494acd3e,2026-06-03T10:45:00Z,2026-06-03T12:45:00+0200,11008.80078,MW,FR,FR,forecast_solar_generation,Solar,2026-07-03T17:44:22Z
2026-07-03T17:43:44Z,2026-07-03T19:43:44+0200,58f0f667-5017-4e2f-a8f0-60c0494acd3e,2026-06-03T11:00:00Z,2026-06-03T13:00:00+0200,11179.28223,MW,FR,FR,forecast_solar_generation,Solar,2026-07-03T17:44:22Z
2026-07-03T17:43:44Z,2026-07-03T19:43:44+0200,58f0f667-5017-4e2f-a8f0-60c0494acd3e,2026-06-03T11:15:00Z,2026-06-03T13:15:00+0200,11267.89062,MW,FR,FR,forecast_solar_generation,Solar,2026-07-03T17:44:22Z
2026-07-03T17:43:44Z,2026-07-03T19:43:44+0200,58f0f667-5017-4e2f-a8f0-60c0494acd3e,2026-06-03T11:30:00Z,2026-06-03T13:30:00+0200,11349.71191,MW,FR,FR,forecast_solar_generation,Solar,2026-07-03T17:44:22Z
2026-07-03T17:43:44Z,2026-07-03T19:43:44+0200,58f0f667-5017-4e2f-a8f0-60c0494acd3e,2026-06-03T11:45:00Z,2026-06-03T13:45:00+0200,11278.07812,MW,FR,FR,forecast_solar_generation,Solar,2026-07-03T17:44:22Z
2026-07-03T17:43:44Z,2026-07-03T19:43:44+0200,58f0f667-5017-4e2f-a8f0-60c0494acd3e,2026-06-03T12:00:00Z,2026-06-03T14:00:00+0200,11175.00586,MW,FR,FR,forecast_solar_generation,Solar,2026-07-03T17:44:22Z
2026-07-03T17:43:44Z,2026-07-03T19:43:44+0200,58f0f667-5017-4e2f-a8f0-60c0494acd3e,2026-06-03T12:15:00Z,2026-06-03T14:15:00+0200,11109.93066,MW,FR,FR,forecast_solar_generation,Solar,2026-07-03T17:44:22Z
2026-07-03T17:43:44Z,2026-07-03T19:43:44+0200,58f0f667-5017-4e2f-a8f0-60c0494acd3e,2026-06-03T12:30:00Z,2026-06-03T14:30:00+0200,11034.21777,MW,FR,FR,forecast_solar_generation,Solar,2026-07-03T17:44:22Z
2026-07-03T17:43:44Z,2026-07-03T19:43:44+0200,58f0f667-5017-4e2f-a8f0-60c0494acd3e,2026-06-03T12:45:00Z,2026-06-03T14:45:00+0200,10963.35938,MW,FR,FR,forecast_solar_generation,Solar,2026-07-03T17:44:22Z
2026-07-03T17:43:44Z,2026-07-03T19:43:44+0200,58f0f667-5017-4e2f-a8f0-60c0494acd3e,2026-06-03T13:00:00Z,2026-06-03T15:00:00+0200,10871.80859,MW,FR,FR,forecast_solar_generation,Solar,2026-07-03T17:44:22Z
2026-07-03T17:43:44Z,2026-07-03T19:43:44+0200,58f0f667-5017-4e2f-a8f0-60c0494acd3e,2026-06-03T13:15:00Z,2026-06-03T15:15:00+0200,10774.84082,MW,FR,FR,forecast_solar_generation,Solar,2026-07-03T17:44:22Z
2026-07-03T17:43:44Z,2026-07-03T19:43:44+0200,58f0f667-5017-4e2f-a8f0-60c0494acd3e,2026-06-03T13:30:00Z,2026-06-03T15:30:00+0200,9369.59863,MW,FR,FR,forecast_solar_generation,Solar,2026-07-03T17:44:22Z
2026-07-03T17:43:44Z,2026-07-03T19:43:44+0200,58f0f667-5017-4e2f-a8f0-60c0494acd3e,2026-06-03T13:45:00Z,2026-06-03T15:45:00+0200,9084.35938,MW,FR,FR,forecast_solar_generation,Solar,2026-07-03T17:44:22Z
2026-07-03T17:43:44Z,2026-07-03T19:43:44+0200,58f0f667-5017-4e2f-a8f0-60c0494acd3e,2026-06-03T14:00:00Z,2026-06-03T16:00:00+0200,8791.81055,MW,FR,FR,forecast_solar_generation,Solar,2026-07-03T17:44:22Z
2026-07-03T17:43:44Z,2026-07-03T19:43:44+0200,58f0f667-5017-4e2f-a8f0-60c0494acd3e,2026-06-03T14:15:00Z,2026-06-03T16:15:00+0200,8528.7168,MW,FR,FR,forecast_solar_generation,Solar,2026-07-03T17:44:22Z
2026-07-03T17:43:44Z,2026-07-03T19:43:44+0200,58f0f667-5017-4e2f-a8f0-60c0494acd3e,2026-06-03T14:30:00Z,2026-06-03T16:30:00+0200,8190.53906,MW,FR,FR,forecast_solar_generation,Solar,2026-07-03T17:44:22Z
2026-07-03T17:43:44Z,2026-07-03T19:43:44+0200,58f0f667-5017-4e2f-a8f0-60c0494acd3e,2026-06-03T14:45:00Z,2026-06-03T16:45:00+0200,8783.66992,MW,FR,FR,forecast_solar_generation,Solar,2026-07-03T17:44:22Z
2026-07-03T17:43:44Z,2026-07-03T19:43:44+0200,58f0f667-5017-4e2f-a8f0-60c0494acd3e,2026-06-03T15:00:00Z,2026-06-03T17:00:00+0200,8258.51953,MW,FR,FR,forecast_solar_generation,Solar,2026-07-03T17:44:22Z
2026-07-03T17:43:44Z,2026-07-03T19:43:44+0200,58f0f667-5017-4e2f-a8f0-60c0494acd3e,2026-06-03T15:15:00Z,2026-06-03T17:15:00+0200,7726.27783,MW,FR,FR,forecast_solar_generation,Solar,2026-07-03T17:44:22Z
2026-07-03T17:43:44Z,2026-07-03T19:43:44+0200,58f0f667-5017-4e2f-a8f0-60c0494acd3e,2026-06-03T15:30:00Z,2026-06-03T17:30:00+0200,7187.81982,MW,FR,FR,forecast_solar_generation,Solar,2026-07-03T17:44:22Z
2026-07-03T17:43:44Z,2026-07-03T19:43:44+0200,58f0f667-5017-4e2f-a8f0-60c0494acd3e,2026-06-03T15:45:00Z,2026-06-03T17:45:00+0200,6676.94043,MW,FR,FR,forecast_solar_generation,Solar,2026-07-03T17:44:22Z
2026-07-03T17:43:44Z,2026-07-03T19:43:44+0200,58f0f667-5017-4e2f-a8f0-60c0494acd3e,2026-06-03T16:00:00Z,2026-06-03T18:00:00+0200,7952.78125,MW,FR,FR,forecast_solar_generation,Solar,2026-07-03T17:44:22Z
2026-07-03T17:43:44Z,2026-07-03T19:43:44+0200,58f0f667-5017-4e2f-a8f0-60c0494acd3e,2026-06-03T16:15:00Z,2026-06-03T18:15:00+0200,7083.82422,MW,FR,FR,forecast_solar_generation,Solar,2026-07-03T17:44:22Z
2026-07-03T17:43:44Z,2026-07-03T19:43:44+0200,58f0f667-5017-4e2f-a8f0-60c0494acd3e,2026-06-03T16:30:00Z,2026-06-03T18:30:00+0200,6269.45117,MW,FR,FR,forecast_solar_generation,Solar,2026-07-03T17:44:22Z
2026-07-03T17:43:44Z,2026-07-03T19:43:44+0200,58f0f667-5017-4e2f-a8f0-60c0494acd3e,2026-06-03T16:45:00Z,2026-06-03T18:45:00+0200,5648.8667,MW,FR,FR,forecast_solar_generation,Solar,2026-07-03T17:44:22Z
2026-07-03T17:43:44Z,2026-07-03T19:43:44+0200,58f0f667-5017-4e2f-a8f0-60c0494acd3e,2026-06-03T17:00:00Z,2026-06-03T19:00:00+0200,4765.78271,MW,FR,FR,forecast_solar_generation,Solar,2026-07-03T17:44:22Z
2026-07-03T17:43:44Z,2026-07-03T19:43:44+0200,58f0f667-5017-4e2f-a8f0-60c0494acd3e,2026-06-03T17:15:00Z,2026-06-03T19:15:00+0200,4121.72949,MW,FR,FR,forecast_solar_generation,Solar,2026-07-03T17:44:22Z
2026-07-03T17:43:44Z,2026-07-03T19:43:44+0200,58f0f667-5017-4e2f-a8f0-60c0494acd3e,2026-06-03T17:30:00Z,2026-06-03T19:30:00+0200,3347.20483,MW,FR,FR,forecast_solar_generation,Solar,2026-07-03T17:44:22Z
2026-07-03T17:43:44Z,2026-07-03T19:43:44+0200,58f0f667-5017-4e2f-a8f0-60c0494acd3e,2026-06-03T17:45:00Z,2026-06-03T19:45:00+0200,2780.0105,MW,FR,FR,forecast_solar_generation,Solar,2026-07-03T17:44:22Z
2026-07-03T17:43:44Z,2026-07-03T19:43:44+0200,58f0f667-5017-4e2f-a8f0-60c0494acd3e,2026-06-03T18:00:00Z,2026-06-03T20:00:00+0200,2131.41504,MW,FR,FR,forecast_solar_generation,Solar,2026-07-03T17:44:22Z
2026-07-03T17:43:44Z,2026-07-03T19:43:44+0200,58f0f667-5017-4e2f-a8f0-60c0494acd3e,2026-06-03T18:15:00Z,2026-06-03T20:15:00+0200,1643.59912,MW,FR,FR,forecast_solar_generation,Solar,2026-07-03T17:44:22Z
2026-07-03T17:43:44Z,2026-07-03T19:43:44+0200,58f0f667-5017-4e2f-a8f0-60c0494acd3e,2026-06-03T18:30:00Z,2026-06-03T20:30:00+0200,1199.17676,MW,FR,FR,forecast_solar_generation,Solar,2026-07-03T17:44:22Z
2026-07-03T17:43:44Z,2026-07-03T19:43:44+0200,58f0f667-5017-4e2f-a8f0-60c0494acd3e,2026-06-03T18:45:00Z,2026-06-03T20:45:00+0200,851.69043,MW,FR,FR,forecast_solar_generation,Solar,2026-07-03T17:44:22Z
2026-07-03T17:43:44Z,2026-07-03T19:43:44+0200,58f0f667-5017-4e2f-a8f0-60c0494acd3e,2026-06-03T19:00:00Z,2026-06-03T21:00:00+0200,535.76343,MW,FR,FR,forecast_solar_generation,Solar,2026-07-03T17:44:22Z
2026-07-03T17:43:44Z,2026-07-03T19:43:44+0200,58f0f667-5017-4e2f-a8f0-60c0494acd3e,2026-06-03T19:15:00Z,2026-06-03T21:15:00+0200,292.4057,MW,FR,FR,forecast_solar_generation,Solar,2026-07-03T17:44:22Z
2026-07-03T17:43:44Z,2026-07-03T19:43:44+0200,58f0f667-5017-4e2f-a8f0-60c0494acd3e,2026-06-03T19:30:00Z,2026-06-03T21:30:00+0200,151.2926,MW,FR,FR,forecast_solar_generation,Solar,2026-07-03T17:44:22Z
2026-07-03T17:43:44Z,2026-07-03T19:43:44+0200,58f0f667-5017-4e2f-a8f0-60c0494acd3e,2026-06-03T19:45:00Z,2026-06-03T21:45:00+0200,39.28644,MW,FR,FR,forecast_solar_generation,Solar,2026-07-03T17:44:22Z
2026-07-03T17:43:44Z,2026-07-03T19:43:44+0200,58f0f667-5017-4e2f-a8f0-60c0494acd3e,2026-06-03T20:00:00Z,2026-06-03T22:00:00+0200,3.66667,MW,FR,FR,forecast_solar_generation,Solar,2026-07-03T17:44:22Z
2026-07-03T17:43:44Z,2026-07-03T19:43:44+0200,58f0f667-5017-4e2f-a8f0-60c0494acd3e,2026-06-03T20:15:00Z,2026-06-03T22:15:00+0200,0.0,MW,FR,FR,forecast_solar_generation,Solar,2026-07-03T17:44:22Z
2026-07-03T17:43:44Z,2026-07-03T19:43:44+0200,58f0f667-5017-4e2f-a8f0-60c0494acd3e,2026-06-03T20:30:00Z,2026-06-03T22:30:00+0200,0.0,MW,FR,FR,forecast_solar_generation,Solar,2026-07-03T17:44:22Z
2026-07-03T17:43:44Z,2026-07-03T19:43:44+0200,58f0f667-5017-4e2f-a8f0-60c0494acd3e,2026-06-03T20:45:00Z,2026-06-03T22:45:00+0200,0.0,MW,FR,FR,forecast_solar_generation,Solar,2026-07-03T17:44:22Z
2026-07-03T17:43:44Z,2026-07-03T19:43:44+0200,58f0f667-5017-4e2f-a8f0-60c0494acd3e,2026-06-03T21:00:00Z,2026-06-03T23:00:00+0200,0.0,MW,FR,FR,forecast_solar_generation,Solar,2026-07-03T17:44:22Z
2026-07-03T17:43:44Z,2026-07-03T19:43:44+0200,58f0f667-5017-4e2f-a8f0-60c0494acd3e,2026-06-03T21:15:00Z,2026-06-03T23:15:00+0200,0.0,MW,FR,FR,forecast_solar_generation,Solar,2026-07-03T17:44:22Z
2026-07-03T17:43:44Z,2026-07-03T19:43:44+0200,58f0f667-5017-4e2f-a8f0-60c0494acd3e,2026-06-03T21:30:00Z,2026-06-03T23:30:00+0200,0.0,MW,FR,FR,forecast_solar_generation,Solar,2026-07-03T17:44:22Z
2026-07-03T17:43:44Z,2026-07-03T19:43:44+0200,58f0f667-5017-4e2f-a8f0-60c0494acd3e,2026-06-03T21:45:00Z,2026-06-03T23:45:00+0200,0.0,MW,FR,FR,forecast_solar_generation,Solar,2026-07-03T17:44:22Z
2026-07-03T17:43:44Z,2026-07-03T19:43:44+0200,58f0f667-5017-4e2f-a8f0-60c0494acd3e,2026-06-03T22:00:00Z,2026-06-04T00:00:00+0200,0.0,MW,FR,FR,forecast_solar_generation,Solar,2026-07-03T17:44:22Z
2026-07-03T17:43:44Z,2026-07-03T19:43:44+0200,58f0f667-5017-4e2f-a8f0-60c0494acd3e,2026-06-03T22:15:00Z,2026-06-04T00:15:00+0200,0.0,MW,FR,FR,forecast_solar_generation,Solar,2026-07-03T17:44:22Z
2026-07-03T17:43:44Z,2026-07-03T19:43:44+0200,58f0f667-5017-4e2f-a8f0-60c0494acd3e,2026-06-03T22:30:00Z,2026-06-04T00:30:00+0200,0.0,MW,FR,FR,forecast_solar_generation,Solar,2026-07-03T17:44:22Z
2026-07-03T17:43:44Z,2026-07-03T19:43:44+0200,58f0f667-5017-4e2f-a8f0-60c0494acd3e,2026-06-03T22:45:00Z,2026-06-04T00:45:00+0200,0.0,MW,FR,FR,forecast_solar_generation,Solar,2026-07-03T17:44:22Z
2026-07-03T17:43:44Z,2026-07-03T19:43:44+0200,58f0f667-5017-4e2f-a8f0-60c0494acd3e,2026-06-03T23:00:00Z,2026-06-04T01:00:00+0200,0.0,MW,FR,FR,forecast_solar_generation,Solar,2026-07-03T17:44:22Z
2026-07-03T17:43:44Z,2026-07-03T19:43:44+0200,58f0f667-5017-4e2f-a8f0-60c0494acd3e,2026-06-03T23:15:00Z,2026-06-04T01:15:00+0200,0.0,MW,FR,FR,forecast_solar_generation,Solar,2026-07-03T17:44:22Z
2026-07-03T17:43:44Z,2026-07-03T19:43:44+0200,58f0f667-5017-4e2f-a8f0-60c0494acd3e,2026-06-03T23:30:00Z,2026-06-04T01:30:00+0200,0.0,MW,FR,FR,forecast_solar_generation,Solar,2026-07-03T17:44:22Z
2026-07-03T17:43:44Z,2026-07-03T19:43:44+0200,58f0f667-5017-4e2f-a8f0-60c0494acd3e,2026-06-03T23:45:00Z,2026-06-04T01:45:00+0200,0.0,MW,FR,FR,forecast_solar_generation,Solar,2026-07-03T17:44:22Z
2026-07-03T17:43:44Z,2026-07-03T19:43:44+0200,58f0f667-5017-4e2f-a8f0-60c0494acd3e,2026-06-04T00:00:00Z,2026-06-04T02:00:00+0200,0.0,MW,FR,FR,forecast_solar_generation,Solar,2026-07-03T17:44:22Z
2026-07-03T17:43:44Z,2026-07-03T19:43:44+0200,58f0f667-5017-4e2f-a8f0-60c0494acd3e,2026-06-04T00:15:00Z,2026-06-04T02:15:00+0200,0.0,MW,FR,FR,forecast_solar_generation,Solar,2026-07-03T17:44:22Z
2026-07-03T17:43:44Z,2026-07-03T19:43:44+0200,58f0f667-5017-4e2f-a8f0-60c0494acd3e,2026-06-04T00:30:00Z,2026-06-04T02:30:00+0200,0.0,MW,FR,FR,forecast_solar_generation,Solar,2026-07-03T17:44:22Z
2026-07-03T17:43:44Z,2026-07-03T19:43:44+0200,58f0f667-5017-4e2f-a8f0-60c0494acd3e,2026-06-04T00:45:00Z,2026-06-04T02:45:00+0200,0.0,MW,FR,FR,forecast_solar_generation,Solar,2026-07-03T17:44:22Z
2026-07-03T17:43:44Z,2026-07-03T19:43:44+0200,58f0f667-5017-4e2f-a8f0-60c0494acd3e,2026-06-04T01:00:00Z,2026-06-04T03:00:00+0200,0.0,MW,FR,FR,forecast_solar_generation,Solar,2026-07-03T17:44:22Z
2026-07-03T17:43:44Z,2026-07-03T19:43:44+0200,58f0f667-5017-4e2f-a8f0-60c0494acd3e,2026-06-04T01:15:00Z,2026-06-04T03:15:00+0200,0.0,MW,FR,FR,forecast_solar_generation,Solar,2026-07-03T17:44:22Z
2026-07-03T17:43:44Z,2026-07-03T19:43:44+0200,58f0f667-5017-4e2f-a8f0-60c0494acd3e,2026-06-04T01:30:00Z,2026-06-04T03:30:00+0200,0.0,MW,FR,FR,forecast_solar_generation,Solar,2026-07-03T17:44:22Z
2026-07-03T17:43:44Z,2026-07-03T19:43:44+0200,58f0f667-5017-4e2f-a8f0-60c0494acd3e,2026-06-04T01:45:00Z,2026-06-04T03:45:00+0200,0.0,MW,FR,FR,forecast_solar_generation,Solar,2026-07-03T17:44:22Z
2026-07-03T17:43:44Z,2026-07-03T19:43:44+0200,58f0f667-5017-4e2f-a8f0-60c0494acd3e,2026-06-04T02:00:00Z,2026-06-04T04:00:00+0200,0.0,MW,FR,FR,forecast_solar_generation,Solar,2026-07-03T17:44:22Z
2026-07-03T17:43:44Z,2026-07-03T19:43:44+0200,58f0f667-5017-4e2f-a8f0-60c0494acd3e,2026-06-04T02:15:00Z,2026-06-04T04:15:00+0200,0.0,MW,FR,FR,forecast_solar_generation,Solar,2026-07-03T17:44:22Z
2026-07-03T17:43:44Z,2026-07-03T19:43:44+0200,58f0f667-5017-4e2f-a8f0-60c0494acd3e,2026-06-04T02:30:00Z,2026-06-04T04:30:00+0200,0.0,MW,FR,FR,forecast_solar_generation,Solar,2026-07-03T17:44:22Z
2026-07-03T17:43:44Z,2026-07-03T19:43:44+0200,58f0f667-5017-4e2f-a8f0-60c0494acd3e,2026-06-04T02:45:00Z,2026-06-04T04:45:00+0200,0.0,MW,FR,FR,forecast_solar_generation,Solar,2026-07-03T17:44:22Z
2026-07-03T17:43:44Z,2026-07-03T19:43:44+0200,58f0f667-5017-4e2f-a8f0-60c0494acd3e,2026-06-04T03:00:00Z,2026-06-04T05:00:00+0200,0.0,MW,FR,FR,forecast_solar_generation,Solar,2026-07-03T17:44:22Z
2026-07-03T17:43:44Z,2026-07-03T19:43:44+0200,58f0f667-5017-4e2f-a8f0-60c0494acd3e,2026-06-04T03:15:00Z,2026-06-04T05:15:00+0200,0.0,MW,FR,FR,forecast_solar_generation,Solar,2026-07-03T17:44:22Z
2026-07-03T17:43:44Z,2026-07-03T19:43:44+0200,58f0f667-5017-4e2f-a8f0-60c0494acd3e,2026-06-04T03:30:00Z,2026-06-04T05:30:00+0200,0.0,MW,FR,FR,forecast_solar_generation,Solar,2026-07-03T17:44:22Z
2026-07-03T17:43:44Z,2026-07-03T19:43:44+0200,58f0f667-5017-4e2f-a8f0-60c0494acd3e,2026-06-04T03:45:00Z,2026-06-04T05:45:00+0200,0.0,MW,FR,FR,forecast_solar_generation,Solar,2026-07-03T17:44:22Z
2026-07-03T17:43:44Z,2026-07-03T19:43:44+0200,58f0f667-5017-4e2f-a8f0-60c0494acd3e,2026-06-04T04:00:00Z,2026-06-04T06:00:00+0200,0.0,MW,FR,FR,forecast_solar_generation,Solar,2026-07-03T17:44:22Z
2026-07-03T17:43:44Z,2026-07-03T19:43:44+0200,58f0f667-5017-4e2f-a8f0-60c0494acd3e,2026-06-04T04:15:00Z,2026-06-04T06:15:00+0200,109.6966,MW,FR,FR,forecast_solar_generation,Solar,2026-07-03T17:44:22Z
2026-07-03T17:43:44Z,2026-07-03T19:43:44+0200,58f0f667-5017-4e2f-a8f0-60c0494acd3e,2026-06-04T04:30:00Z,2026-06-04T06:30:00+0200,209.77013,MW,FR,FR,forecast_solar_generation,Solar,2026-07-03T17:44:22Z
2026-07-03T17:43:44Z,2026-07-03T19:43:44+0200,58f0f667-5017-4e2f-a8f0-60c0494acd3e,2026-06-04T04:45:00Z,2026-06-04T06:45:00+0200,381.1507,MW,FR,FR,forecast_solar_generation,Solar,2026-07-03T17:44:22Z
2026-07-03T17:43:44Z,2026-07-03T19:43:44+0200,58f0f667-5017-4e2f-a8f0-60c0494acd3e,2026-06-04T05:00:00Z,2026-06-04T07:00:00+0200,638.23639,MW,FR,FR,forecast_solar_generation,Solar,2026-07-03T17:44:22Z
2026-07-03T17:43:44Z,2026-07-03T19:43:44+0200,58f0f667-5017-4e2f-a8f0-60c0494acd3e,2026-06-04T05:15:00Z,2026-06-04T07:15:00+0200,958.80054,MW,FR,FR,forecast_solar_generation,Solar,2026-07-03T17:44:22Z
2026-07-03T17:43:44Z,2026-07-03T19:43:44+0200,58f0f667-5017-4e2f-a8f0-60c0494acd3e,2026-06-04T05:30:00Z,2026-06-04T07:30:00+0200,1280.43201,MW,FR,FR,forecast_solar_generation,Solar,2026-07-03T17:44:22Z
2026-07-03T17:43:44Z,2026-07-03T19:43:44+0200,58f0f667-5017-4e2f-a8f0-60c0494acd3e,2026-06-04T05:45:00Z,2026-06-04T07:45:00+0200,1685.7439,MW,FR,FR,forecast_solar_generation,Solar,2026-07-03T17:44:22Z
2026-07-03T17:43:44Z,2026-07-03T19:43:44+0200,58f0f667-5017-4e2f-a8f0-60c0494acd3e,2026-06-04T06:00:00Z,2026-06-04T08:00:00+0200,2094.83569,MW,FR,FR,forecast_solar_generation,Solar,2026-07-03T17:44:22Z
2026-07-03T17:43:44Z,2026-07-03T19:43:44+0200,58f0f667-5017-4e2f-a8f0-60c0494acd3e,2026-06-04T06:15:00Z,2026-06-04T08:15:00+0200,2615.4126,MW,FR,FR,forecast_solar_generation,Solar,2026-07-03T17:44:22Z
2026-07-03T17:43:44Z,2026-07-03T19:43:44+0200,58f0f667-5017-4e2f-a8f0-60c0494acd3e,2026-06-04T06:30:00Z,2026-06-04T08:30:00+0200,3068.75366,MW,FR,FR,forecast_solar_generation,Solar,2026-07-03T17:44:22Z
2026-07-03T17:43:44Z,2026-07-03T19:43:44+0200,58f0f667-5017-4e2f-a8f0-60c0494acd3e,2026-06-04T06:45:00Z,2026-06-04T08:45:00+0200,3692.81055,MW,FR,FR,forecast_solar_generation,Solar,2026-07-03T17:44:22Z
2026-07-03T17:43:44Z,2026-07-03T19:43:44+0200,58f0f667-5017-4e2f-a8f0-60c0494acd3e,2026-06-04T07:00:00Z,2026-06-04T09:00:00+0200,4218.37256,MW,FR,FR,forecast_solar_generation,Solar,2026-07-03T17:44:22Z
2026-07-03T17:43:44Z,2026-07-03T19:43:44+0200,58f0f667-5017-4e2f-a8f0-60c0494acd3e,2026-06-04T07:15:00Z,2026-06-04T09:15:00+0200,4904.14404,MW,FR,FR,forecast_solar_generation,Solar,2026-07-03T17:44:22Z
2026-07-03T17:43:44Z,2026-07-03T19:43:44+0200,58f0f667-5017-4e2f-a8f0-60c0494acd3e,2026-06-04T07:30:00Z,2026-06-04T09:30:00+0200,5482.49707,MW,FR,FR,forecast_solar_generation,Solar,2026-07-03T17:44:22Z
2026-07-03T17:43:44Z,2026-07-03T19:43:44+0200,58f0f667-5017-4e2f-a8f0-60c0494acd3e,2026-06-04T07:45:00Z,2026-06-04T09:45:00+0200,6057.27002,MW,FR,FR,forecast_solar_generation,Solar,2026-07-03T17:44:22Z
2026-07-03T17:43:44Z,2026-07-03T19:43:44+0200,58f0f667-5017-4e2f-a8f0-60c0494acd3e,2026-06-04T08:00:00Z,2026-06-04T10:00:00+0200,6628.68994,MW,FR,FR,forecast_solar_generation,Solar,2026-07-03T17:44:22Z
2026-07-03T17:43:44Z,2026-07-03T19:43:44+0200,58f0f667-5017-4e2f-a8f0-60c0494acd3e,2026-06-04T08:15:00Z,2026-06-04T10:15:00+0200,7353.49707,MW,FR,FR,forecast_solar_generation,Solar,2026-07-03T17:44:22Z
2026-07-03T17:43:44Z,2026-07-03T19:43:44+0200,58f0f667-5017-4e2f-a8f0-60c0494acd3e,2026-06-04T08:30:00Z,2026-06-04T10:30:00+0200,7923.57275,MW,FR,FR,forecast_solar_generation,Solar,2026-07-03T17:44:22Z
2026-07-03T17:43:44Z,2026-07-03T19:43:44+0200,58f0f667-5017-4e2f-a8f0-60c0494acd3e,2026-06-04T08:45:00Z,2026-06-04T10:45:00+0200,8455.86035,MW,FR,FR,forecast_solar_generation,Solar,2026-07-03T17:44:22Z
2026-07-03T17:43:44Z,2026-07-03T19:43:44+0200,58f0f667-5017-4e2f-a8f0-60c0494acd3e,2026-06-04T09:00:00Z,2026-06-04T11:00:00+0200,9034.47852,MW,FR,FR,forecast_solar_generation,Solar,2026-07-03T17:44:22Z
2026-07-03T17:43:44Z,2026-07-03T19:43:44+0200,58f0f667-5017-4e2f-a8f0-60c0494acd3e,2026-06-04T09:15:00Z,2026-06-04T11:15:00+0200,9620.66309,MW,FR,FR,forecast_solar_generation,Solar,2026-07-03T17:44:22Z
2026-07-03T17:43:44Z,2026-07-03T19:43:44+0200,58f0f667-5017-4e2f-a8f0-60c0494acd3e,2026-06-04T09:30:00Z,2026-06-04T11:30:00+0200,10101.65039,MW,FR,FR,forecast_solar_generation,Solar,2026-07-03T17:44:22Z
2026-07-03T17:43:44Z,2026-07-03T19:43:44+0200,58f0f667-5017-4e2f-a8f0-60c0494acd3e,2026-06-04T09:45:00Z,2026-06-04T11:45:00+0200,7973.70703,MW,FR,FR,forecast_solar_generation,Solar,2026-07-03T17:44:22Z
2026-07-03T17:43:44Z,2026-07-03T19:43:44+0200,58f0f667-5017-4e2f-a8f0-60c0494acd3e,2026-06-04T10:00:00Z,2026-06-04T12:00:00+0200,8281.30859,MW,FR,FR,forecast_solar_generation,Solar,2026-07-03T17:44:22Z
2026-07-03T17:43:44Z,2026-07-03T19:43:44+0200,58f0f667-5017-4e2f-a8f0-60c0494acd3e,2026-06-04T10:15:00Z,2026-06-04T12:15:00+0200,11066.94824,MW,FR,FR,forecast_solar_generation,Solar,2026-07-03T17:44:22Z
2026-07-03T17:43:44Z,2026-07-03T19:43:44+0200,58f0f667-5017-4e2f-a8f0-60c0494acd3e,2026-06-04T10:30:00Z,2026-06-04T12:30:00+0200,11435.1748,MW,FR,FR,forecast_solar_generation,Solar,2026-07-03T17:44:22Z
2026-07-03T17:43:44Z,2026-07-03T19:43:44+0200,58f0f667-5017-4e2f-a8f0-60c0494acd3e,2026-06-04T10:45:00Z,2026-06-04T12:45:00+0200,8921.6709,MW,FR,FR,forecast_solar_generation,Solar,2026-07-03T17:44:22Z
2026-07-03T17:43:44Z,2026-07-03T19:43:44+0200,58f0f667-5017-4e2f-a8f0-60c0494acd3e,2026-06-04T11:00:00Z,2026-06-04T13:00:00+0200,9034.79883,MW,FR,FR,forecast_solar_generation,Solar,2026-07-03T17:44:22Z
2026-07-03T17:43:44Z,2026-07-03T19:43:44+0200,58f0f667-5017-4e2f-a8f0-60c0494acd3e,2026-06-04T11:15:00Z,2026-06-04T13:15:00+0200,9093.76367,MW,FR,FR,forecast_solar_generation,Solar,2026-07-03T17:44:22Z
2026-07-03T17:43:44Z,2026-07-03T19:43:44+0200,58f0f667-5017-4e2f-a8f0-60c0494acd3e,2026-06-04T11:30:00Z,2026-06-04T13:30:00+0200,9144.24316,MW,FR,FR,forecast_solar_generation,Solar,2026-07-03T17:44:22Z
2026-07-03T17:43:44Z,2026-07-03T19:43:44+0200,58f0f667-5017-4e2f-a8f0-60c0494acd3e,2026-06-04T11:45:00Z,2026-06-04T13:45:00+0200,9116.85449,MW,FR,FR,forecast_solar_generation,Solar,2026-07-03T17:44:22Z
2026-07-03T17:43:44Z,2026-07-03T19:43:44+0200,58f0f667-5017-4e2f-a8f0-60c0494acd3e,2026-06-04T12:00:00Z,2026-06-04T14:00:00+0200,9088.4707,MW,FR,FR,forecast_solar_generation,Solar,2026-07-03T17:44:22Z
2026-07-03T17:43:44Z,2026-07-03T19:43:44+0200,58f0f667-5017-4e2f-a8f0-60c0494acd3e,2026-06-04T12:15:00Z,2026-06-04T14:15:00+0200,9066.15527,MW,FR,FR,forecast_solar_generation,Solar,2026-07-03T17:44:22Z
2026-07-03T17:43:44Z,2026-07-03T19:43:44+0200,58f0f667-5017-4e2f-a8f0-60c0494acd3e,2026-06-04T12:30:00Z,2026-06-04T14:30:00+0200,9055.92773,MW,FR,FR,forecast_solar_generation,Solar,2026-07-03T17:44:22Z
2026-07-03T17:43:44Z,2026-07-03T19:43:44+0200,58f0f667-5017-4e2f-a8f0-60c0494acd3e,2026-06-04T12:45:00Z,2026-06-04T14:45:00+0200,8974.24512,MW,FR,FR,forecast_solar_generation,Solar,2026-07-03T17:44:22Z
2026-07-03T17:43:44Z,2026-07-03T19:43:44+0200,58f0f667-5017-4e2f-a8f0-60c0494acd3e,2026-06-04T13:00:00Z,2026-06-04T15:00:00+0200,8889.74805,MW,FR,FR,forecast_solar_generation,Solar,2026-07-03T17:44:22Z
2026-07-03T17:43:44Z,2026-07-03T19:43:44+0200,58f0f667-5017-4e2f-a8f0-60c0494acd3e,2026-06-04T13:15:00Z,2026-06-04T15:15:00+0200,8698.37109,MW,FR,FR,forecast_solar_generation,Solar,2026-07-03T17:44:22Z
2026-07-03T17:43:44Z,2026-07-03T19:43:44+0200,58f0f667-5017-4e2f-a8f0-60c0494acd3e,2026-06-04T13:30:00Z,2026-06-04T15:30:00+0200,8503.86719,MW,FR,FR,forecast_solar_generation,Solar,2026-07-03T17:44:22Z
2026-07-03T17:43:44Z,2026-07-03T19:43:44+0200,58f0f667-5017-4e2f-a8f0-60c0494acd3e,2026-06-04T13:45:00Z,2026-06-04T15:45:00+0200,8245.41797,MW,FR,FR,forecast_solar_generation,Solar,2026-07-03T17:44:22Z
2026-07-03T17:43:44Z,2026-07-03T19:43:44+0200,58f0f667-5017-4e2f-a8f0-60c0494acd3e,2026-06-04T14:00:00Z,2026-06-04T16:00:00+0200,8025.18652,MW,FR,FR,forecast_solar_generation,Solar,2026-07-03T17:44:22Z
2026-07-03T17:43:44Z,2026-07-03T19:43:44+0200,58f0f667-5017-4e2f-a8f0-60c0494acd3e,2026-06-04T14:15:00Z,2026-06-04T16:15:00+0200,7830.47656,MW,FR,FR,forecast_solar_generation,Solar,2026-07-03T17:44:22Z
2026-07-03T17:43:44Z,2026-07-03T19:43:44+0200,58f0f667-5017-4e2f-a8f0-60c0494acd3e,2026-06-04T14:30:00Z,2026-06-04T16:30:00+0200,7604.55908,MW,FR,FR,forecast_solar_generation,Solar,2026-07-03T17:44:22Z
2026-07-03T17:43:44Z,2026-07-03T19:43:44+0200,58f0f667-5017-4e2f-a8f0-60c0494acd3e,2026-06-04T14:45:00Z,2026-06-04T16:45:00+0200,7285.83936,MW,FR,FR,forecast_solar_generation,Solar,2026-07-03T17:44:22Z
2026-07-03T17:43:44Z,2026-07-03T19:43:44+0200,58f0f667-5017-4e2f-a8f0-60c0494acd3e,2026-06-04T15:00:00Z,2026-06-04T17:00:00+0200,6952.20996,MW,FR,FR,forecast_solar_generation,Solar,2026-07-03T17:44:22Z
2026-07-03T17:43:44Z,2026-07-03T19:43:44+0200,58f0f667-5017-4e2f-a8f0-60c0494acd3e,2026-06-04T15:15:00Z,2026-06-04T17:15:00+0200,6649.72266,MW,FR,FR,forecast_solar_generation,Solar,2026-07-03T17:44:22Z
2026-07-03T17:43:44Z,2026-07-03T19:43:44+0200,58f0f667-5017-4e2f-a8f0-60c0494acd3e,2026-06-04T15:30:00Z,2026-06-04T17:30:00+0200,6354.04297,MW,FR,FR,forecast_solar_generation,Solar,2026-07-03T17:44:22Z
2026-07-03T17:43:44Z,2026-07-03T19:43:44+0200,58f0f667-5017-4e2f-a8f0-60c0494acd3e,2026-06-04T15:45:00Z,2026-06-04T17:45:00+0200,6034.51221,MW,FR,FR,forecast_solar_generation,Solar,2026-07-03T17:44:22Z
2026-07-03T17:43:44Z,2026-07-03T19:43:44+0200,58f0f667-5017-4e2f-a8f0-60c0494acd3e,2026-06-04T16:00:00Z,2026-06-04T18:00:00+0200,5603.22998,MW,FR,FR,forecast_solar_generation,Solar,2026-07-03T17:44:22Z
2026-07-03T17:43:44Z,2026-07-03T19:43:44+0200,58f0f667-5017-4e2f-a8f0-60c0494acd3e,2026-06-04T16:15:00Z,2026-06-04T18:15:00+0200,5082.96338,MW,FR,FR,forecast_solar_generation,Solar,2026-07-03T17:44:22Z
2026-07-03T17:43:44Z,2026-07-03T19:43:44+0200,58f0f667-5017-4e2f-a8f0-60c0494acd3e,2026-06-04T16:30:00Z,2026-06-04T18:30:00+0200,6137.5332,MW,FR,FR,forecast_solar_generation,Solar,2026-07-03T17:44:22Z
2026-07-03T17:43:44Z,2026-07-03T19:43:44+0200,58f0f667-5017-4e2f-a8f0-60c0494acd3e,2026-06-04T16:45:00Z,2026-06-04T18:45:00+0200,5535.19336,MW,FR,FR,forecast_solar_generation,Solar,2026-07-03T17:44:22Z
2026-07-03T17:43:44Z,2026-07-03T19:43:44+0200,58f0f667-5017-4e2f-a8f0-60c0494acd3e,2026-06-04T17:00:00Z,2026-06-04T19:00:00+0200,4837.23047,MW,FR,FR,forecast_solar_generation,Solar,2026-07-03T17:44:22Z
2026-07-03T17:43:44Z,2026-07-03T19:43:44+0200,58f0f667-5017-4e2f-a8f0-60c0494acd3e,2026-06-04T17:15:00Z,2026-06-04T19:15:00+0200,4265.65918,MW,FR,FR,forecast_solar_generation,Solar,2026-07-03T17:44:22Z
2026-07-03T17:43:44Z,2026-07-03T19:43:44+0200,58f0f667-5017-4e2f-a8f0-60c0494acd3e,2026-06-04T17:30:00Z,2026-06-04T19:30:00+0200,3606.89819,MW,FR,FR,forecast_solar_generation,Solar,2026-07-03T17:44:22Z
2026-07-03T17:43:44Z,2026-07-03T19:43:44+0200,58f0f667-5017-4e2f-a8f0-60c0494acd3e,2026-06-04T17:45:00Z,2026-06-04T19:45:00+0200,3044.37427,MW,FR,FR,forecast_solar_generation,Solar,2026-07-03T17:44:22Z
2026-07-03T17:43:44Z,2026-07-03T19:43:44+0200,58f0f667-5017-4e2f-a8f0-60c0494acd3e,2026-06-04T18:00:00Z,2026-06-04T20:00:00+0200,2407.61108,MW,FR,FR,forecast_solar_generation,Solar,2026-07-03T17:44:22Z
2026-07-03T17:43:44Z,2026-07-03T19:43:44+0200,58f0f667-5017-4e2f-a8f0-60c0494acd3e,2026-06-04T18:15:00Z,2026-06-04T20:15:00+0200,1895.58569,MW,FR,FR,forecast_solar_generation,Solar,2026-07-03T17:44:22Z
2026-07-03T17:43:44Z,2026-07-03T19:43:44+0200,58f0f667-5017-4e2f-a8f0-60c0494acd3e,2026-06-04T18:30:00Z,2026-06-04T20:30:00+0200,1407.49805,MW,FR,FR,forecast_solar_generation,Solar,2026-07-03T17:44:22Z
2026-07-03T17:43:44Z,2026-07-03T19:43:44+0200,58f0f667-5017-4e2f-a8f0-60c0494acd3e,2026-06-04T18:45:00Z,2026-06-04T20:45:00+0200,1023.24908,MW,FR,FR,forecast_solar_generation,Solar,2026-07-03T17:44:22Z
2026-07-03T17:43:44Z,2026-07-03T19:43:44+0200,58f0f667-5017-4e2f-a8f0-60c0494acd3e,2026-06-04T19:00:00Z,2026-06-04T21:00:00+0200,695.29346,MW,FR,FR,forecast_solar_generation,Solar,2026-07-03T17:44:22Z
2026-07-03T17:43:44Z,2026-07-03T19:43:44+0200,58f0f667-5017-4e2f-a8f0-60c0494acd3e,2026-06-04T19:15:00Z,2026-06-04T21:15:00+0200,407.36298,MW,FR,FR,forecast_solar_generation,Solar,2026-07-03T17:44:22Z
2026-07-03T17:43:44Z,2026-07-03T19:43:44+0200,58f0f667-5017-4e2f-a8f0-60c0494acd3e,2026-06-04T19:30:00Z,2026-06-04T21:30:00+0200,177.04013,MW,FR,FR,forecast_solar_generation,Solar,2026-07-03T17:44:22Z
2026-07-03T17:43:44Z,2026-07-03T19:43:44+0200,58f0f667-5017-4e2f-a8f0-60c0494acd3e,2026-06-04T19:45:00Z,2026-06-04T21:45:00+0200,53.32351,MW,FR,FR,forecast_solar_generation,Solar,2026-07-03T17:44:22Z
2026-07-03T17:43:44Z,2026-07-03T19:43:44+0200,58f0f667-5017-4e2f-a8f0-60c0494acd3e,2026-06-04T20:00:00Z,2026-06-04T22:00:00+0200,5.20849,MW,FR,FR,forecast_solar_generation,Solar,2026-07-03T17:44:22Z
2026-07-03T17:43:44Z,2026-07-03T19:43:44+0200,58f0f667-5017-4e2f-a8f0-60c0494acd3e,2026-06-04T20:15:00Z,2026-06-04T22:15:00+0200,0.0,MW,FR,FR,forecast_solar_generation,Solar,2026-07-03T17:44:22Z
2026-07-03T17:43:44Z,2026-07-03T19:43:44+0200,58f0f667-5017-4e2f-a8f0-60c0494acd3e,2026-06-04T20:30:00Z,2026-06-04T22:30:00+0200,0.0,MW,FR,FR,forecast_solar_generation,Solar,2026-07-03T17:44:22Z
2026-07-03T17:43:44Z,2026-07-03T19:43:44+0200,58f0f667-5017-4e2f-a8f0-60c0494acd3e,2026-06-04T20:45:00Z,2026-06-04T22:45:00+0200,0.0,MW,FR,FR,forecast_solar_generation,Solar,2026-07-03T17:44:22Z
2026-07-03T17:43:44Z,2026-07-03T19:43:44+0200,58f0f667-5017-4e2f-a8f0-60c0494acd3e,2026-06-04T21:00:00Z,2026-06-04T23:00:00+0200,0.0,MW,FR,FR,forecast_solar_generation,Solar,2026-07-03T17:44:22Z
2026-07-03T17:43:44Z,2026-07-03T19:43:44+0200,58f0f667-5017-4e2f-a8f0-60c0494acd3e,2026-06-04T21:15:00Z,2026-06-04T23:15:00+0200,0.0,MW,FR,FR,forecast_solar_generation,Solar,2026-07-03T17:44:22Z
2026-07-03T17:43:44Z,2026-07-03T19:43:44+0200,58f0f667-5017-4e2f-a8f0-60c0494acd3e,2026-06-04T21:30:00Z,2026-06-04T23:30:00+0200,0.0,MW,FR,FR,forecast_solar_generation,Solar,2026-07-03T17:44:22Z
2026-07-03T17:43:44Z,2026-07-03T19:43:44+0200,58f0f667-5017-4e2f-a8f0-60c0494acd3e,2026-06-04T21:45:00Z,2026-06-04T23:45:00+0200,0.0,MW,FR,FR,forecast_solar_generation,Solar,2026-07-03T17:44:22Z
2026-07-03T17:43:44Z,2026-07-03T19:43:44+0200,58f0f667-5017-4e2f-a8f0-60c0494acd3e,2026-06-04T22:00:00Z,2026-06-05T00:00:00+0200,0.0,MW,FR,FR,forecast_solar_generation,Solar,2026-07-03T17:44:22Z
2026-07-03T17:43:44Z,2026-07-03T19:43:44+0200,58f0f667-5017-4e2f-a8f0-60c0494acd3e,2026-06-04T22:15:00Z,2026-06-05T00:15:00+0200,0.0,MW,FR,FR,forecast_solar_generation,Solar,2026-07-03T17:44:22Z
2026-07-03T17:43:44Z,2026-07-03T19:43:44+0200,58f0f667-5017-4e2f-a8f0-60c0494acd3e,2026-06-04T22:30:00Z,2026-06-05T00:30:00+0200,0.0,MW,FR,FR,forecast_solar_generation,Solar,2026-07-03T17:44:22Z
2026-07-03T17:43:44Z,2026-07-03T19:43:44+0200,58f0f667-5017-4e2f-a8f0-60c0494acd3e,2026-06-04T22:45:00Z,2026-06-05T00:45:00+0200,0.0,MW,FR,FR,forecast_solar_generation,Solar,2026-07-03T17:44:22Z
2026-07-03T17:43:44Z,2026-07-03T19:43:44+0200,58f0f667-5017-4e2f-a8f0-60c0494acd3e,2026-06-04T23:00:00Z,2026-06-05T01:00:00+0200,0.0,MW,FR,FR,forecast_solar_generation,Solar,2026-07-03T17:44:22Z
2026-07-03T17:43:44Z,2026-07-03T19:43:44+0200,58f0f667-5017-4e2f-a8f0-60c0494acd3e,2026-06-04T23:15:00Z,2026-06-05T01:15:00+0200,0.0,MW,FR,FR,forecast_solar_generation,Solar,2026-07-03T17:44:22Z
2026-07-03T17:43:44Z,2026-07-03T19:43:44+0200,58f0f667-5017-4e2f-a8f0-60c0494acd3e,2026-06-04T23:30:00Z,2026-06-05T01:30:00+0200,0.0,MW,FR,FR,forecast_solar_generation,Solar,2026-07-03T17:44:22Z
2026-07-03T17:43:44Z,2026-07-03T19:43:44+0200,58f0f667-5017-4e2f-a8f0-60c0494acd3e,2026-06-04T23:45:00Z,2026-06-05T01:45:00+0200,0.0,MW,FR,FR,forecast_solar_generation,Solar,2026-07-03T17:44:22Z
2026-07-03T17:43:44Z,2026-07-03T19:43:44+0200,58f0f667-5017-4e2f-a8f0-60c0494acd3e,2026-06-05T00:00:00Z,2026-06-05T02:00:00+0200,0.0,MW,FR,FR,forecast_solar_generation,Solar,2026-07-03T17:44:22Z
2026-07-03T17:43:44Z,2026-07-03T19:43:44+0200,58f0f667-5017-4e2f-a8f0-60c0494acd3e,2026-06-05T00:15:00Z,2026-06-05T02:15:00+0200,0.0,MW,FR,FR,forecast_solar_generation,Solar,2026-07-03T17:44:22Z
2026-07-03T17:43:44Z,2026-07-03T19:43:44+0200,58f0f667-5017-4e2f-a8f0-60c0494acd3e,2026-06-05T00:30:00Z,2026-06-05T02:30:00+0200,0.0,MW,FR,FR,forecast_solar_generation,Solar,2026-07-03T17:44:22Z
2026-07-03T17:43:44Z,2026-07-03T19:43:44+0200,58f0f667-5017-4e2f-a8f0-60c0494acd3e,2026-06-05T00:45:00Z,2026-06-05T02:45:00+0200,0.0,MW,FR,FR,forecast_solar_generation,Solar,2026-07-03T17:44:22Z
2026-07-03T17:43:44Z,2026-07-03T19:43:44+0200,58f0f667-5017-4e2f-a8f0-60c0494acd3e,2026-06-05T01:00:00Z,2026-06-05T03:00:00+0200,0.0,MW,FR,FR,forecast_solar_generation,Solar,2026-07-03T17:44:22Z
2026-07-03T17:43:44Z,2026-07-03T19:43:44+0200,58f0f667-5017-4e2f-a8f0-60c0494acd3e,2026-06-05T01:15:00Z,2026-06-05T03:15:00+0200,0.0,MW,FR,FR,forecast_solar_generation,Solar,2026-07-03T17:44:22Z
2026-07-03T17:43:44Z,2026-07-03T19:43:44+0200,58f0f667-5017-4e2f-a8f0-60c0494acd3e,2026-06-05T01:30:00Z,2026-06-05T03:30:00+0200,0.0,MW,FR,FR,forecast_solar_generation,Solar,2026-07-03T17:44:22Z
2026-07-03T17:43:44Z,2026-07-03T19:43:44+0200,58f0f667-5017-4e2f-a8f0-60c0494acd3e,2026-06-05T01:45:00Z,2026-06-05T03:45:00+0200,0.0,MW,FR,FR,forecast_solar_generation,Solar,2026-07-03T17:44:22Z
2026-07-03T17:43:44Z,2026-07-03T19:43:44+0200,58f0f667-5017-4e2f-a8f0-60c0494acd3e,2026-06-05T02:00:00Z,2026-06-05T04:00:00+0200,0.0,MW,FR,FR,forecast_solar_generation,Solar,2026-07-03T17:44:22Z
2026-07-03T17:43:44Z,2026-07-03T19:43:44+0200,58f0f667-5017-4e2f-a8f0-60c0494acd3e,2026-06-05T02:15:00Z,2026-06-05T04:15:00+0200,0.0,MW,FR,FR,forecast_solar_generation,Solar,2026-07-03T17:44:22Z
2026-07-03T17:43:44Z,2026-07-03T19:43:44+0200,58f0f667-5017-4e2f-a8f0-60c0494acd3e,2026-06-05T02:30:00Z,2026-06-05T04:30:00+0200,0.0,MW,FR,FR,forecast_solar_generation,Solar,2026-07-03T17:44:22Z
2026-07-03T17:43:44Z,2026-07-03T19:43:44+0200,58f0f667-5017-4e2f-a8f0-60c0494acd3e,2026-06-05T02:45:00Z,2026-06-05T04:45:00+0200,0.0,MW,FR,FR,forecast_solar_generation,Solar,2026-07-03T17:44:22Z
2026-07-03T17:43:44Z,2026-07-03T19:43:44+0200,58f0f667-5017-4e2f-a8f0-60c0494acd3e,2026-06-05T03:00:00Z,2026-06-05T05:00:00+0200,0.0,MW,FR,FR,forecast_solar_generation,Solar,2026-07-03T17:44:22Z
2026-07-03T17:43:44Z,2026-07-03T19:43:44+0200,58f0f667-5017-4e2f-a8f0-60c0494acd3e,2026-06-05T03:15:00Z,2026-06-05T05:15:00+0200,0.0,MW,FR,FR,forecast_solar_generation,Solar,2026-07-03T17:44:22Z
2026-07-03T17:43:44Z,2026-07-03T19:43:44+0200,58f0f667-5017-4e2f-a8f0-60c0494acd3e,2026-06-05T03:30:00Z,2026-06-05T05:30:00+0200,0.0,MW,FR,FR,forecast_solar_generation,Solar,2026-07-03T17:44:22Z
2026-07-03T17:43:44Z,2026-07-03T19:43:44+0200,58f0f667-5017-4e2f-a8f0-60c0494acd3e,2026-06-05T03:45:00Z,2026-06-05T05:45:00+0200,0.0,MW,FR,FR,forecast_solar_generation,Solar,2026-07-03T17:44:22Z
2026-07-03T17:43:44Z,2026-07-03T19:43:44+0200,58f0f667-5017-4e2f-a8f0-60c0494acd3e,2026-06-05T04:00:00Z,2026-06-05T06:00:00+0200,0.0,MW,FR,FR,forecast_solar_generation,Solar,2026-07-03T17:44:22Z
2026-07-03T17:43:44Z,2026-07-03T19:43:44+0200,58f0f667-5017-4e2f-a8f0-60c0494acd3e,2026-06-05T04:15:00Z,2026-06-05T06:15:00+0200,150.84904,MW,FR,FR,forecast_solar_generation,Solar,2026-07-03T17:44:22Z
2026-07-03T17:43:44Z,2026-07-03T19:43:44+0200,58f0f667-5017-4e2f-a8f0-60c0494acd3e,2026-06-05T04:30:00Z,2026-06-05T06:30:00+0200,281.38235,MW,FR,FR,forecast_solar_generation,Solar,2026-07-03T17:44:22Z
2026-07-03T17:43:44Z,2026-07-03T19:43:44+0200,58f0f667-5017-4e2f-a8f0-60c0494acd3e,2026-06-05T04:45:00Z,2026-06-05T06:45:00+0200,610.69696,MW,FR,FR,forecast_solar_generation,Solar,2026-07-03T17:44:22Z
2026-07-03T17:43:44Z,2026-07-03T19:43:44+0200,58f0f667-5017-4e2f-a8f0-60c0494acd3e,2026-06-05T05:00:00Z,2026-06-05T07:00:00+0200,1014.35773,MW,FR,FR,forecast_solar_generation,Solar,2026-07-03T17:44:22Z
2026-07-03T17:43:44Z,2026-07-03T19:43:44+0200,58f0f667-5017-4e2f-a8f0-60c0494acd3e,2026-06-05T05:15:00Z,2026-06-05T07:15:00+0200,1496.85938,MW,FR,FR,forecast_solar_generation,Solar,2026-07-03T17:44:22Z
2026-07-03T17:43:44Z,2026-07-03T19:43:44+0200,58f0f667-5017-4e2f-a8f0-60c0494acd3e,2026-06-05T05:30:00Z,2026-06-05T07:30:00+0200,2056.04639,MW,FR,FR,forecast_solar_generation,Solar,2026-07-03T17:44:22Z
2026-07-03T17:43:44Z,2026-07-03T19:43:44+0200,58f0f667-5017-4e2f-a8f0-60c0494acd3e,2026-06-05T05:45:00Z,2026-06-05T07:45:00+0200,2802.26343,MW,FR,FR,forecast_solar_generation,Solar,2026-07-03T17:44:22Z
2026-07-03T17:43:44Z,2026-07-03T19:43:44+0200,58f0f667-5017-4e2f-a8f0-60c0494acd3e,2026-06-05T06:00:00Z,2026-06-05T08:00:00+0200,3614.39038,MW,FR,FR,forecast_solar_generation,Solar,2026-07-03T17:44:22Z
2026-07-03T17:43:44Z,2026-07-03T19:43:44+0200,58f0f667-5017-4e2f-a8f0-60c0494acd3e,2026-06-05T06:15:00Z,2026-06-05T08:15:00+0200,4561.40625,MW,FR,FR,forecast_solar_generation,Solar,2026-07-03T17:44:22Z
2026-07-03T17:43:44Z,2026-07-03T19:43:44+0200,58f0f667-5017-4e2f-a8f0-60c0494acd3e,2026-06-05T06:30:00Z,2026-06-05T08:30:00+0200,5495.99072,MW,FR,FR,forecast_solar_generation,Solar,2026-07-03T17:44:22Z
2026-07-03T17:43:44Z,2026-07-03T19:43:44+0200,58f0f667-5017-4e2f-a8f0-60c0494acd3e,2026-06-05T06:45:00Z,2026-06-05T08:45:00+0200,6430.53369,MW,FR,FR,forecast_solar_generation,Solar,2026-07-03T17:44:22Z
2026-07-03T17:43:44Z,2026-07-03T19:43:44+0200,58f0f667-5017-4e2f-a8f0-60c0494acd3e,2026-06-05T07:00:00Z,2026-06-05T09:00:00+0200,7352.98145,MW,FR,FR,forecast_solar_generation,Solar,2026-07-03T17:44:22Z
2026-07-03T17:43:44Z,2026-07-03T19:43:44+0200,58f0f667-5017-4e2f-a8f0-60c0494acd3e,2026-06-05T07:15:00Z,2026-06-05T09:15:00+0200,8278.79199,MW,FR,FR,forecast_solar_generation,Solar,2026-07-03T17:44:22Z
2026-07-03T17:43:44Z,2026-07-03T19:43:44+0200,58f0f667-5017-4e2f-a8f0-60c0494acd3e,2026-06-05T07:30:00Z,2026-06-05T09:30:00+0200,9243.98242,MW,FR,FR,forecast_solar_generation,Solar,2026-07-03T17:44:22Z
2026-07-03T17:43:44Z,2026-07-03T19:43:44+0200,58f0f667-5017-4e2f-a8f0-60c0494acd3e,2026-06-05T07:45:00Z,2026-06-05T09:45:00+0200,10122.07227,MW,FR,FR,forecast_solar_generation,Solar,2026-07-03T17:44:22Z
2026-07-03T17:43:44Z,2026-07-03T19:43:44+0200,58f0f667-5017-4e2f-a8f0-60c0494acd3e,2026-06-05T08:00:00Z,2026-06-05T10:00:00+0200,10973.82031,MW,FR,FR,forecast_solar_generation,Solar,2026-07-03T17:44:22Z
2026-07-03T17:43:44Z,2026-07-03T19:43:44+0200,58f0f667-5017-4e2f-a8f0-60c0494acd3e,2026-06-05T08:15:00Z,2026-06-05T10:15:00+0200,11893.80371,MW,FR,FR,forecast_solar_generation,Solar,2026-07-03T17:44:22Z
2026-07-03T17:43:44Z,2026-07-03T19:43:44+0200,58f0f667-5017-4e2f-a8f0-60c0494acd3e,2026-06-05T08:30:00Z,2026-06-05T10:30:00+0200,12657.14453,MW,FR,FR,forecast_solar_generation,Solar,2026-07-03T17:44:22Z
2026-07-03T17:43:44Z,2026-07-03T19:43:44+0200,58f0f667-5017-4e2f-a8f0-60c0494acd3e,2026-06-05T08:45:00Z,2026-06-05T10:45:00+0200,13387.38281,MW,FR,FR,forecast_solar_generation,Solar,2026-07-03T17:44:22Z
2026-07-03T17:43:44Z,2026-07-03T19:43:44+0200,58f0f667-5017-4e2f-a8f0-60c0494acd3e,2026-06-05T09:00:00Z,2026-06-05T11:00:00+0200,14112.82422,MW,FR,FR,forecast_solar_generation,Solar,2026-07-03T17:44:22Z
2026-07-03T17:43:44Z,2026-07-03T19:43:44+0200,58f0f667-5017-4e2f-a8f0-60c0494acd3e,2026-06-05T09:15:00Z,2026-06-05T11:15:00+0200,14771.41895,MW,FR,FR,forecast_solar_generation,Solar,2026-07-03T17:44:22Z
2026-07-03T17:43:44Z,2026-07-03T19:43:44+0200,58f0f667-5017-4e2f-a8f0-60c0494acd3e,2026-06-05T09:30:00Z,2026-06-05T11:30:00+0200,15422.97754,MW,FR,FR,forecast_solar_generation,Solar,2026-07-03T17:44:22Z
2026-07-03T17:43:44Z,2026-07-03T19:43:44+0200,58f0f667-5017-4e2f-a8f0-60c0494acd3e,2026-06-05T09:45:00Z,2026-06-05T11:45:00+0200,15743.1543,MW,FR,FR,forecast_solar_generation,Solar,2026-07-03T17:44:22Z
2026-07-03T17:43:44Z,2026-07-03T19:43:44+0200,58f0f667-5017-4e2f-a8f0-60c0494acd3e,2026-06-05T10:00:00Z,2026-06-05T12:00:00+0200,16096.99316,MW,FR,FR,forecast_solar_generation,Solar,2026-07-03T17:44:22Z
2026-07-03T17:43:44Z,2026-07-03T19:43:44+0200,58f0f667-5017-4e2f-a8f0-60c0494acd3e,2026-06-05T10:15:00Z,2026-06-05T12:15:00+0200,16377.35742,MW,FR,FR,forecast_solar_generation,Solar,2026-07-03T17:44:22Z
2026-07-03T17:43:44Z,2026-07-03T19:43:44+0200,58f0f667-5017-4e2f-a8f0-60c0494acd3e,2026-06-05T10:30:00Z,2026-06-05T12:30:00+0200,16753.40234,MW,FR,FR,forecast_solar_generation,Solar,2026-07-03T17:44:22Z
2026-07-03T17:43:44Z,2026-07-03T19:43:44+0200,58f0f667-5017-4e2f-a8f0-60c0494acd3e,2026-06-05T10:45:00Z,2026-06-05T12:45:00+0200,16866.87695,MW,FR,FR,forecast_solar_generation,Solar,2026-07-03T17:44:22Z
2026-07-03T17:43:44Z,2026-07-03T19:43:44+0200,58f0f667-5017-4e2f-a8f0-60c0494acd3e,2026-06-05T11:00:00Z,2026-06-05T13:00:00+0200,17013.125,MW,FR,FR,forecast_solar_generation,Solar,2026-07-03T17:44:22Z
2026-07-03T17:43:44Z,2026-07-03T19:43:44+0200,58f0f667-5017-4e2f-a8f0-60c0494acd3e,2026-06-05T11:15:00Z,2026-06-05T13:15:00+0200,17023.94141,MW,FR,FR,forecast_solar_generation,Solar,2026-07-03T17:44:22Z
2026-07-03T17:43:44Z,2026-07-03T19:43:44+0200,58f0f667-5017-4e2f-a8f0-60c0494acd3e,2026-06-05T11:30:00Z,2026-06-05T13:30:00+0200,17101.32031,MW,FR,FR,forecast_solar_generation,Solar,2026-07-03T17:44:22Z
2026-07-03T17:43:44Z,2026-07-03T19:43:44+0200,58f0f667-5017-4e2f-a8f0-60c0494acd3e,2026-06-05T11:45:00Z,2026-06-05T13:45:00+0200,16908.55469,MW,FR,FR,forecast_solar_generation,Solar,2026-07-03T17:44:22Z
2026-07-03T17:43:44Z,2026-07-03T19:43:44+0200,58f0f667-5017-4e2f-a8f0-60c0494acd3e,2026-06-05T12:00:00Z,2026-06-05T14:00:00+0200,16709.39453,MW,FR,FR,forecast_solar_generation,Solar,2026-07-03T17:44:22Z
2026-07-03T17:43:44Z,2026-07-03T19:43:44+0200,58f0f667-5017-4e2f-a8f0-60c0494acd3e,2026-06-05T12:15:00Z,2026-06-05T14:15:00+0200,16523.18164,MW,FR,FR,forecast_solar_generation,Solar,2026-07-03T17:44:22Z
2026-07-03T17:43:44Z,2026-07-03T19:43:44+0200,58f0f667-5017-4e2f-a8f0-60c0494acd3e,2026-06-05T12:30:00Z,2026-06-05T14:30:00+0200,16280.93066,MW,FR,FR,forecast_solar_generation,Solar,2026-07-03T17:44:22Z
2026-07-03T17:43:44Z,2026-07-03T19:43:44+0200,58f0f667-5017-4e2f-a8f0-60c0494acd3e,2026-06-05T12:45:00Z,2026-06-05T14:45:00+0200,16084.37695,MW,FR,FR,forecast_solar_generation,Solar,2026-07-03T17:44:22Z
2026-07-03T17:43:44Z,2026-07-03T19:43:44+0200,58f0f667-5017-4e2f-a8f0-60c0494acd3e,2026-06-05T13:00:00Z,2026-06-05T15:00:00+0200,15811.69531,MW,FR,FR,forecast_solar_generation,Solar,2026-07-03T17:44:22Z
2026-07-03T17:43:44Z,2026-07-03T19:43:44+0200,58f0f667-5017-4e2f-a8f0-60c0494acd3e,2026-06-05T13:15:00Z,2026-06-05T15:15:00+0200,15543.17285,MW,FR,FR,forecast_solar_generation,Solar,2026-07-03T17:44:22Z
2026-07-03T17:43:44Z,2026-07-03T19:43:44+0200,58f0f667-5017-4e2f-a8f0-60c0494acd3e,2026-06-05T13:30:00Z,2026-06-05T15:30:00+0200,15220.06641,MW,FR,FR,forecast_solar_generation,Solar,2026-07-03T17:44:22Z
2026-07-03T17:43:44Z,2026-07-03T19:43:44+0200,58f0f667-5017-4e2f-a8f0-60c0494acd3e,2026-06-05T13:45:00Z,2026-06-05T15:45:00+0200,14753.0625,MW,FR,FR,forecast_solar_generation,Solar,2026-07-03T17:44:22Z
2026-07-03T17:43:44Z,2026-07-03T19:43:44+0200,58f0f667-5017-4e2f-a8f0-60c0494acd3e,2026-06-05T14:00:00Z,2026-06-05T16:00:00+0200,14346.83594,MW,FR,FR,forecast_solar_generation,Solar,2026-07-03T17:44:22Z
2026-07-03T17:43:44Z,2026-07-03T19:43:44+0200,58f0f667-5017-4e2f-a8f0-60c0494acd3e,2026-06-05T14:15:00Z,2026-06-05T16:15:00+0200,13963.46484,MW,FR,FR,forecast_solar_generation,Solar,2026-07-03T17:44:22Z
2026-07-03T17:43:44Z,2026-07-03T19:43:44+0200,58f0f667-5017-4e2f-a8f0-60c0494acd3e,2026-06-05T14:30:00Z,2026-06-05T16:30:00+0200,13502.31836,MW,FR,FR,forecast_solar_generation,Solar,2026-07-03T17:44:22Z
2026-07-03T17:43:44Z,2026-07-03T19:43:44+0200,58f0f667-5017-4e2f-a8f0-60c0494acd3e,2026-06-05T14:45:00Z,2026-06-05T16:45:00+0200,12900.97363,MW,FR,FR,forecast_solar_generation,Solar,2026-07-03T17:44:22Z
2026-07-03T17:43:44Z,2026-07-03T19:43:44+0200,58f0f667-5017-4e2f-a8f0-60c0494acd3e,2026-06-05T15:00:00Z,2026-06-05T17:00:00+0200,12205.19727,MW,FR,FR,forecast_solar_generation,Solar,2026-07-03T17:44:22Z
2026-07-03T17:43:44Z,2026-07-03T19:43:44+0200,58f0f667-5017-4e2f-a8f0-60c0494acd3e,2026-06-05T15:15:00Z,2026-06-05T17:15:00+0200,11421.96973,MW,FR,FR,forecast_solar_generation,Solar,2026-07-03T17:44:22Z
2026-07-03T17:43:44Z,2026-07-03T19:43:44+0200,58f0f667-5017-4e2f-a8f0-60c0494acd3e,2026-06-05T15:30:00Z,2026-06-05T17:30:00+0200,10702.34082,MW,FR,FR,forecast_solar_generation,Solar,2026-07-03T17:44:22Z
2026-07-03T17:43:44Z,2026-07-03T19:43:44+0200,58f0f667-5017-4e2f-a8f0-60c0494acd3e,2026-06-05T15:45:00Z,2026-06-05T17:45:00+0200,9931.88965,MW,FR,FR,forecast_solar_generation,Solar,2026-07-03T17:44:22Z
2026-07-03T17:43:44Z,2026-07-03T19:43:44+0200,58f0f667-5017-4e2f-a8f0-60c0494acd3e,2026-06-05T16:00:00Z,2026-06-05T18:00:00+0200,9045.17871,MW,FR,FR,forecast_solar_generation,Solar,2026-07-03T17:44:22Z
2026-07-03T17:43:44Z,2026-07-03T19:43:44+0200,58f0f667-5017-4e2f-a8f0-60c0494acd3e,2026-06-05T16:15:00Z,2026-06-05T18:15:00+0200,8000.04053,MW,FR,FR,forecast_solar_generation,Solar,2026-07-03T17:44:22Z
2026-07-03T17:43:44Z,2026-07-03T19:43:44+0200,58f0f667-5017-4e2f-a8f0-60c0494acd3e,2026-06-05T16:30:00Z,2026-06-05T18:30:00+0200,7117.85693,MW,FR,FR,forecast_solar_generation,Solar,2026-07-03T17:44:22Z
2026-07-03T17:43:44Z,2026-07-03T19:43:44+0200,58f0f667-5017-4e2f-a8f0-60c0494acd3e,2026-06-05T16:45:00Z,2026-06-05T18:45:00+0200,6396.11865,MW,FR,FR,forecast_solar_generation,Solar,2026-07-03T17:44:22Z
2026-07-03T17:43:44Z,2026-07-03T19:43:44+0200,58f0f667-5017-4e2f-a8f0-60c0494acd3e,2026-06-05T17:00:00Z,2026-06-05T19:00:00+0200,5418.41357,MW,FR,FR,forecast_solar_generation,Solar,2026-07-03T17:44:22Z
2026-07-03T17:43:44Z,2026-07-03T19:43:44+0200,58f0f667-5017-4e2f-a8f0-60c0494acd3e,2026-06-05T17:15:00Z,2026-06-05T19:15:00+0200,4696.99268,MW,FR,FR,forecast_solar_generation,Solar,2026-07-03T17:44:22Z
2026-07-03T17:43:44Z,2026-07-03T19:43:44+0200,58f0f667-5017-4e2f-a8f0-60c0494acd3e,2026-06-05T17:30:00Z,2026-06-05T19:30:00+0200,3781.26978,MW,FR,FR,forecast_solar_generation,Solar,2026-07-03T17:44:22Z
2026-07-03T17:43:44Z,2026-07-03T19:43:44+0200,58f0f667-5017-4e2f-a8f0-60c0494acd3e,2026-06-05T17:45:00Z,2026-06-05T19:45:00+0200,3190.88013,MW,FR,FR,forecast_solar_generation,Solar,2026-07-03T17:44:22Z
2026-07-03T17:43:44Z,2026-07-03T19:43:44+0200,58f0f667-5017-4e2f-a8f0-60c0494acd3e,2026-06-05T18:00:00Z,2026-06-05T20:00:00+0200,2477.45605,MW,FR,FR,forecast_solar_generation,Solar,2026-07-03T17:44:22Z
2026-07-03T17:43:44Z,2026-07-03T19:43:44+0200,58f0f667-5017-4e2f-a8f0-60c0494acd3e,2026-06-05T18:15:00Z,2026-06-05T20:15:00+0200,1915.44458,MW,FR,FR,forecast_solar_generation,Solar,2026-07-03T17:44:22Z
2026-07-03T17:43:44Z,2026-07-03T19:43:44+0200,58f0f667-5017-4e2f-a8f0-60c0494acd3e,2026-06-05T18:30:00Z,2026-06-05T20:30:00+0200,1386.64075,MW,FR,FR,forecast_solar_generation,Solar,2026-07-03T17:44:22Z
2026-07-03T17:43:44Z,2026-07-03T19:43:44+0200,58f0f667-5017-4e2f-a8f0-60c0494acd3e,2026-06-05T18:45:00Z,2026-06-05T20:45:00+0200,1008.46021,MW,FR,FR,forecast_solar_generation,Solar,2026-07-03T17:44:22Z
2026-07-03T17:43:44Z,2026-07-03T19:43:44+0200,58f0f667-5017-4e2f-a8f0-60c0494acd3e,2026-06-05T19:00:00Z,2026-06-05T21:00:00+0200,646.04669,MW,FR,FR,forecast_solar_generation,Solar,2026-07-03T17:44:22Z
2026-07-03T17:43:44Z,2026-07-03T19:43:44+0200,58f0f667-5017-4e2f-a8f0-60c0494acd3e,2026-06-05T19:15:00Z,2026-06-05T21:15:00+0200,342.24854,MW,FR,FR,forecast_solar_generation,Solar,2026-07-03T17:44:22Z
2026-07-03T17:43:44Z,2026-07-03T19:43:44+0200,58f0f667-5017-4e2f-a8f0-60c0494acd3e,2026-06-05T19:30:00Z,2026-06-05T21:30:00+0200,160.81229,MW,FR,FR,forecast_solar_generation,Solar,2026-07-03T17:44:22Z
2026-07-03T17:43:44Z,2026-07-03T19:43:44+0200,58f0f667-5017-4e2f-a8f0-60c0494acd3e,2026-06-05T19:45:00Z,2026-06-05T21:45:00+0200,46.05388,MW,FR,FR,forecast_solar_generation,Solar,2026-07-03T17:44:22Z
2026-07-03T17:43:44Z,2026-07-03T19:43:44+0200,58f0f667-5017-4e2f-a8f0-60c0494acd3e,2026-06-05T20:00:00Z,2026-06-05T22:00:00+0200,4.64949,MW,FR,FR,forecast_solar_generation,Solar,2026-07-03T17:44:22Z
2026-07-03T17:43:44Z,2026-07-03T19:43:44+0200,58f0f667-5017-4e2f-a8f0-60c0494acd3e,2026-06-05T20:15:00Z,2026-06-05T22:15:00+0200,0.0,MW,FR,FR,forecast_solar_generation,Solar,2026-07-03T17:44:22Z
2026-07-03T17:43:44Z,2026-07-03T19:43:44+0200,58f0f667-5017-4e2f-a8f0-60c0494acd3e,2026-06-05T20:30:00Z,2026-06-05T22:30:00+0200,0.0,MW,FR,FR,forecast_solar_generation,Solar,2026-07-03T17:44:22Z
2026-07-03T17:43:44Z,2026-07-03T19:43:44+0200,58f0f667-5017-4e2f-a8f0-60c0494acd3e,2026-06-05T20:45:00Z,2026-06-05T22:45:00+0200,0.0,MW,FR,FR,forecast_solar_generation,Solar,2026-07-03T17:44:22Z
2026-07-03T17:43:44Z,2026-07-03T19:43:44+0200,58f0f667-5017-4e2f-a8f0-60c0494acd3e,2026-06-05T21:00:00Z,2026-06-05T23:00:00+0200,0.0,MW,FR,FR,forecast_solar_generation,Solar,2026-07-03T17:44:22Z
2026-07-03T17:43:44Z,2026-07-03T19:43:44+0200,58f0f667-5017-4e2f-a8f0-60c0494acd3e,2026-06-05T21:15:00Z,2026-06-05T23:15:00+0200,0.0,MW,FR,FR,forecast_solar_generation,Solar,2026-07-03T17:44:22Z
2026-07-03T17:43:44Z,2026-07-03T19:43:44+0200,58f0f667-5017-4e2f-a8f0-60c0494acd3e,2026-06-05T21:30:00Z,2026-06-05T23:30:00+0200,0.0,MW,FR,FR,forecast_solar_generation,Solar,2026-07-03T17:44:22Z
2026-07-03T17:43:44Z,2026-07-03T19:43:44+0200,58f0f667-5017-4e2f-a8f0-60c0494acd3e,2026-06-05T21:45:00Z,2026-06-05T23:45:00+0200,0.0,MW,FR,FR,forecast_solar_generation,Solar,2026-07-03T17:44:22Z
2026-07-03T17:43:44Z,2026-07-03T19:43:44+0200,58f0f667-5017-4e2f-a8f0-60c0494acd3e,2026-06-05T22:00:00Z,2026-06-06T00:00:00+0200,0.0,MW,FR,FR,forecast_solar_generation,Solar,2026-07-03T17:44:22Z
2026-07-03T17:43:44Z,2026-07-03T19:43:44+0200,58f0f667-5017-4e2f-a8f0-60c0494acd3e,2026-06-05T22:15:00Z,2026-06-06T00:15:00+0200,0.0,MW,FR,FR,forecast_solar_generation,Solar,2026-07-03T17:44:22Z
2026-07-03T17:43:44Z,2026-07-03T19:43:44+0200,58f0f667-5017-4e2f-a8f0-60c0494acd3e,2026-06-05T22:30:00Z,2026-06-06T00:30:00+0200,0.0,MW,FR,FR,forecast_solar_generation,Solar,2026-07-03T17:44:22Z
2026-07-03T17:43:44Z,2026-07-03T19:43:44+0200,58f0f667-5017-4e2f-a8f0-60c0494acd3e,2026-06-05T22:45:00Z,2026-06-06T00:45:00+0200,0.0,MW,FR,FR,forecast_solar_generation,Solar,2026-07-03T17:44:22Z
2026-07-03T17:43:44Z,2026-07-03T19:43:44+0200,58f0f667-5017-4e2f-a8f0-60c0494acd3e,2026-06-05T23:00:00Z,2026-06-06T01:00:00+0200,0.0,MW,FR,FR,forecast_solar_generation,Solar,2026-07-03T17:44:22Z
2026-07-03T17:43:44Z,2026-07-03T19:43:44+0200,58f0f667-5017-4e2f-a8f0-60c0494acd3e,2026-06-05T23:15:00Z,2026-06-06T01:15:00+0200,0.0,MW,FR,FR,forecast_solar_generation,Solar,2026-07-03T17:44:22Z
2026-07-03T17:43:44Z,2026-07-03T19:43:44+0200,58f0f667-5017-4e2f-a8f0-60c0494acd3e,2026-06-05T23:30:00Z,2026-06-06T01:30:00+0200,0.0,MW,FR,FR,forecast_solar_generation,Solar,2026-07-03T17:44:22Z
2026-07-03T17:43:44Z,2026-07-03T19:43:44+0200,58f0f667-5017-4e2f-a8f0-60c0494acd3e,2026-06-05T23:45:00Z,2026-06-06T01:45:00+0200,0.0,MW,FR,FR,forecast_solar_generation,Solar,2026-07-03T17:44:22Z
2026-07-03T17:43:44Z,2026-07-03T19:43:44+0200,58f0f667-5017-4e2f-a8f0-60c0494acd3e,2026-06-06T00:00:00Z,2026-06-06T02:00:00+0200,0.0,MW,FR,FR,forecast_solar_generation,Solar,2026-07-03T17:44:22Z
2026-07-03T17:43:44Z,2026-07-03T19:43:44+0200,58f0f667-5017-4e2f-a8f0-60c0494acd3e,2026-06-06T00:15:00Z,2026-06-06T02:15:00+0200,0.0,MW,FR,FR,forecast_solar_generation,Solar,2026-07-03T17:44:22Z
2026-07-03T17:43:44Z,2026-07-03T19:43:44+0200,58f0f667-5017-4e2f-a8f0-60c0494acd3e,2026-06-06T00:30:00Z,2026-06-06T02:30:00+0200,0.0,MW,FR,FR,forecast_solar_generation,Solar,2026-07-03T17:44:22Z
2026-07-03T17:43:44Z,2026-07-03T19:43:44+0200,58f0f667-5017-4e2f-a8f0-60c0494acd3e,2026-06-06T00:45:00Z,2026-06-06T02:45:00+0200,0.0,MW,FR,FR,forecast_solar_generation,Solar,2026-07-03T17:44:22Z
2026-07-03T17:43:44Z,2026-07-03T19:43:44+0200,58f0f667-5017-4e2f-a8f0-60c0494acd3e,2026-06-06T01:00:00Z,2026-06-06T03:00:00+0200,0.0,MW,FR,FR,forecast_solar_generation,Solar,2026-07-03T17:44:22Z
2026-07-03T17:43:44Z,2026-07-03T19:43:44+0200,58f0f667-5017-4e2f-a8f0-60c0494acd3e,2026-06-06T01:15:00Z,2026-06-06T03:15:00+0200,0.0,MW,FR,FR,forecast_solar_generation,Solar,2026-07-03T17:44:22Z
2026-07-03T17:43:44Z,2026-07-03T19:43:44+0200,58f0f667-5017-4e2f-a8f0-60c0494acd3e,2026-06-06T01:30:00Z,2026-06-06T03:30:00+0200,0.0,MW,FR,FR,forecast_solar_generation,Solar,2026-07-03T17:44:22Z
2026-07-03T17:43:44Z,2026-07-03T19:43:44+0200,58f0f667-5017-4e2f-a8f0-60c0494acd3e,2026-06-06T01:45:00Z,2026-06-06T03:45:00+0200,0.0,MW,FR,FR,forecast_solar_generation,Solar,2026-07-03T17:44:22Z
2026-07-03T17:43:44Z,2026-07-03T19:43:44+0200,58f0f667-5017-4e2f-a8f0-60c0494acd3e,2026-06-06T02:00:00Z,2026-06-06T04:00:00+0200,0.0,MW,FR,FR,forecast_solar_generation,Solar,2026-07-03T17:44:22Z
2026-07-03T17:43:44Z,2026-07-03T19:43:44+0200,58f0f667-5017-4e2f-a8f0-60c0494acd3e,2026-06-06T02:15:00Z,2026-06-06T04:15:00+0200,0.0,MW,FR,FR,forecast_solar_generation,Solar,2026-07-03T17:44:22Z
2026-07-03T17:43:44Z,2026-07-03T19:43:44+0200,58f0f667-5017-4e2f-a8f0-60c0494acd3e,2026-06-06T02:30:00Z,2026-06-06T04:30:00+0200,0.0,MW,FR,FR,forecast_solar_generation,Solar,2026-07-03T17:44:22Z
2026-07-03T17:43:44Z,2026-07-03T19:43:44+0200,58f0f667-5017-4e2f-a8f0-60c0494acd3e,2026-06-06T02:45:00Z,2026-06-06T04:45:00+0200,0.0,MW,FR,FR,forecast_solar_generation,Solar,2026-07-03T17:44:22Z
2026-07-03T17:43:44Z,2026-07-03T19:43:44+0200,58f0f667-5017-4e2f-a8f0-60c0494acd3e,2026-06-06T03:00:00Z,2026-06-06T05:00:00+0200,0.0,MW,FR,FR,forecast_solar_generation,Solar,2026-07-03T17:44:22Z
2026-07-03T17:43:44Z,2026-07-03T19:43:44+0200,58f0f667-5017-4e2f-a8f0-60c0494acd3e,2026-06-06T03:15:00Z,2026-06-06T05:15:00+0200,0.0,MW,FR,FR,forecast_solar_generation,Solar,2026-07-03T17:44:22Z
2026-07-03T17:43:44Z,2026-07-03T19:43:44+0200,58f0f667-5017-4e2f-a8f0-60c0494acd3e,2026-06-06T03:30:00Z,2026-06-06T05:30:00+0200,0.0,MW,FR,FR,forecast_solar_generation,Solar,2026-07-03T17:44:22Z
2026-07-03T17:43:44Z,2026-07-03T19:43:44+0200,58f0f667-5017-4e2f-a8f0-60c0494acd3e,2026-06-06T03:45:00Z,2026-06-06T05:45:00+0200,0.0,MW,FR,FR,forecast_solar_generation,Solar,2026-07-03T17:44:22Z
2026-07-03T17:43:44Z,2026-07-03T19:43:44+0200,58f0f667-5017-4e2f-a8f0-60c0494acd3e,2026-06-06T04:00:00Z,2026-06-06T06:00:00+0200,0.0,MW,FR,FR,forecast_solar_generation,Solar,2026-07-03T17:44:22Z
2026-07-03T17:43:44Z,2026-07-03T19:43:44+0200,58f0f667-5017-4e2f-a8f0-60c0494acd3e,2026-06-06T04:15:00Z,2026-06-06T06:15:00+0200,138.75302,MW,FR,FR,forecast_solar_generation,Solar,2026-07-03T17:44:22Z
2026-07-03T17:43:44Z,2026-07-03T19:43:44+0200,58f0f667-5017-4e2f-a8f0-60c0494acd3e,2026-06-06T04:30:00Z,2026-06-06T06:30:00+0200,259.13959,MW,FR,FR,forecast_solar_generation,Solar,2026-07-03T17:44:22Z
2026-07-03T17:43:44Z,2026-07-03T19:43:44+0200,58f0f667-5017-4e2f-a8f0-60c0494acd3e,2026-06-06T04:45:00Z,2026-06-06T06:45:00+0200,555.78668,MW,FR,FR,forecast_solar_generation,Solar,2026-07-03T17:44:22Z
2026-07-03T17:43:44Z,2026-07-03T19:43:44+0200,58f0f667-5017-4e2f-a8f0-60c0494acd3e,2026-06-06T05:00:00Z,2026-06-06T07:00:00+0200,934.24847,MW,FR,FR,forecast_solar_generation,Solar,2026-07-03T17:44:22Z
2026-07-03T17:43:44Z,2026-07-03T19:43:44+0200,58f0f667-5017-4e2f-a8f0-60c0494acd3e,2026-06-06T05:15:00Z,2026-06-06T07:15:00+0200,1400.25757,MW,FR,FR,forecast_solar_generation,Solar,2026-07-03T17:44:22Z
2026-07-03T17:43:44Z,2026-07-03T19:43:44+0200,58f0f667-5017-4e2f-a8f0-60c0494acd3e,2026-06-06T05:30:00Z,2026-06-06T07:30:00+0200,1899.13928,MW,FR,FR,forecast_solar_generation,Solar,2026-07-03T17:44:22Z
2026-07-03T17:43:44Z,2026-07-03T19:43:44+0200,58f0f667-5017-4e2f-a8f0-60c0494acd3e,2026-06-06T05:45:00Z,2026-06-06T07:45:00+0200,2628.32935,MW,FR,FR,forecast_solar_generation,Solar,2026-07-03T17:44:22Z
2026-07-03T17:43:44Z,2026-07-03T19:43:44+0200,58f0f667-5017-4e2f-a8f0-60c0494acd3e,2026-06-06T06:00:00Z,2026-06-06T08:00:00+0200,3415.69702,MW,FR,FR,forecast_solar_generation,Solar,2026-07-03T17:44:22Z
2026-07-03T17:43:44Z,2026-07-03T19:43:44+0200,58f0f667-5017-4e2f-a8f0-60c0494acd3e,2026-06-06T06:15:00Z,2026-06-06T08:15:00+0200,4356.93066,MW,FR,FR,forecast_solar_generation,Solar,2026-07-03T17:44:22Z
2026-07-03T17:43:44Z,2026-07-03T19:43:44+0200,58f0f667-5017-4e2f-a8f0-60c0494acd3e,2026-06-06T06:30:00Z,2026-06-06T08:30:00+0200,5305.9751,MW,FR,FR,forecast_solar_generation,Solar,2026-07-03T17:44:22Z
2026-07-03T17:43:44Z,2026-07-03T19:43:44+0200,58f0f667-5017-4e2f-a8f0-60c0494acd3e,2026-06-06T06:45:00Z,2026-06-06T08:45:00+0200,6296.10938,MW,FR,FR,forecast_solar_generation,Solar,2026-07-03T17:44:22Z
2026-07-03T17:43:44Z,2026-07-03T19:43:44+0200,58f0f667-5017-4e2f-a8f0-60c0494acd3e,2026-06-06T07:00:00Z,2026-06-06T09:00:00+0200,7261.89209,MW,FR,FR,forecast_solar_generation,Solar,2026-07-03T17:44:22Z
2026-07-03T17:43:44Z,2026-07-03T19:43:44+0200,58f0f667-5017-4e2f-a8f0-60c0494acd3e,2026-06-06T07:15:00Z,2026-06-06T09:15:00+0200,8336.125,MW,FR,FR,forecast_solar_generation,Solar,2026-07-03T17:44:22Z
2026-07-03T17:43:44Z,2026-07-03T19:43:44+0200,58f0f667-5017-4e2f-a8f0-60c0494acd3e,2026-06-06T07:30:00Z,2026-06-06T09:30:00+0200,9325.83496,MW,FR,FR,forecast_solar_generation,Solar,2026-07-03T17:44:22Z
2026-07-03T17:43:44Z,2026-07-03T19:43:44+0200,58f0f667-5017-4e2f-a8f0-60c0494acd3e,2026-06-06T07:45:00Z,2026-06-06T09:45:00+0200,10216.42383,MW,FR,FR,forecast_solar_generation,Solar,2026-07-03T17:44:22Z
2026-07-03T17:43:44Z,2026-07-03T19:43:44+0200,58f0f667-5017-4e2f-a8f0-60c0494acd3e,2026-06-06T08:00:00Z,2026-06-06T10:00:00+0200,8435.55078,MW,FR,FR,forecast_solar_generation,Solar,2026-07-03T17:44:22Z
2026-07-03T17:43:44Z,2026-07-03T19:43:44+0200,58f0f667-5017-4e2f-a8f0-60c0494acd3e,2026-06-06T08:15:00Z,2026-06-06T10:15:00+0200,9259.33398,MW,FR,FR,forecast_solar_generation,Solar,2026-07-03T17:44:22Z
2026-07-03T17:43:44Z,2026-07-03T19:43:44+0200,58f0f667-5017-4e2f-a8f0-60c0494acd3e,2026-06-06T08:30:00Z,2026-06-06T10:30:00+0200,9933.39844,MW,FR,FR,forecast_solar_generation,Solar,2026-07-03T17:44:22Z
2026-07-03T17:43:44Z,2026-07-03T19:43:44+0200,58f0f667-5017-4e2f-a8f0-60c0494acd3e,2026-06-06T08:45:00Z,2026-06-06T10:45:00+0200,10492.19238,MW,FR,FR,forecast_solar_generation,Solar,2026-07-03T17:44:22Z
2026-07-03T17:43:44Z,2026-07-03T19:43:44+0200,58f0f667-5017-4e2f-a8f0-60c0494acd3e,2026-06-06T09:00:00Z,2026-06-06T11:00:00+0200,10679.67285,MW,FR,FR,forecast_solar_generation,Solar,2026-07-03T17:44:22Z
2026-07-03T17:43:44Z,2026-07-03T19:43:44+0200,58f0f667-5017-4e2f-a8f0-60c0494acd3e,2026-06-06T09:15:00Z,2026-06-06T11:15:00+0200,11258.42578,MW,FR,FR,forecast_solar_generation,Solar,2026-07-03T17:44:22Z
2026-07-03T17:43:44Z,2026-07-03T19:43:44+0200,58f0f667-5017-4e2f-a8f0-60c0494acd3e,2026-06-06T09:30:00Z,2026-06-06T11:30:00+0200,11745.0332,MW,FR,FR,forecast_solar_generation,Solar,2026-07-03T17:44:22Z
2026-07-03T17:43:44Z,2026-07-03T19:43:44+0200,58f0f667-5017-4e2f-a8f0-60c0494acd3e,2026-06-06T09:45:00Z,2026-06-06T11:45:00+0200,12010.08984,MW,FR,FR,forecast_solar_generation,Solar,2026-07-03T17:44:22Z
2026-07-03T17:43:44Z,2026-07-03T19:43:44+0200,58f0f667-5017-4e2f-a8f0-60c0494acd3e,2026-06-06T10:00:00Z,2026-06-06T12:00:00+0200,12719.74414,MW,FR,FR,forecast_solar_generation,Solar,2026-07-03T17:44:22Z
2026-07-03T17:43:44Z,2026-07-03T19:43:44+0200,58f0f667-5017-4e2f-a8f0-60c0494acd3e,2026-06-06T10:15:00Z,2026-06-06T12:15:00+0200,13010.95312,MW,FR,FR,forecast_solar_generation,Solar,2026-07-03T17:44:22Z
2026-07-03T17:43:44Z,2026-07-03T19:43:44+0200,58f0f667-5017-4e2f-a8f0-60c0494acd3e,2026-06-06T10:30:00Z,2026-06-06T12:30:00+0200,13308.76172,MW,FR,FR,forecast_solar_generation,Solar,2026-07-03T17:44:22Z
2026-07-03T17:43:44Z,2026-07-03T19:43:44+0200,58f0f667-5017-4e2f-a8f0-60c0494acd3e,2026-06-06T10:45:00Z,2026-06-06T12:45:00+0200,13409.57617,MW,FR,FR,forecast_solar_generation,Solar,2026-07-03T17:44:22Z
2026-07-03T17:43:44Z,2026-07-03T19:43:44+0200,58f0f667-5017-4e2f-a8f0-60c0494acd3e,2026-06-06T11:00:00Z,2026-06-06T13:00:00+0200,13464.28027,MW,FR,FR,forecast_solar_generation,Solar,2026-07-03T17:44:22Z
2026-07-03T17:43:44Z,2026-07-03T19:43:44+0200,58f0f667-5017-4e2f-a8f0-60c0494acd3e,2026-06-06T11:15:00Z,2026-06-06T13:15:00+0200,13440.23438,MW,FR,FR,forecast_solar_generation,Solar,2026-07-03T17:44:22Z
2026-07-03T17:43:44Z,2026-07-03T19:43:44+0200,58f0f667-5017-4e2f-a8f0-60c0494acd3e,2026-06-06T11:30:00Z,2026-06-06T13:30:00+0200,13415.45703,MW,FR,FR,forecast_solar_generation,Solar,2026-07-03T17:44:22Z
2026-07-03T17:43:44Z,2026-07-03T19:43:44+0200,58f0f667-5017-4e2f-a8f0-60c0494acd3e,2026-06-06T11:45:00Z,2026-06-06T13:45:00+0200,13330.50391,MW,FR,FR,forecast_solar_generation,Solar,2026-07-03T17:44:22Z
2026-07-03T17:43:44Z,2026-07-03T19:43:44+0200,58f0f667-5017-4e2f-a8f0-60c0494acd3e,2026-06-06T12:00:00Z,2026-06-06T14:00:00+0200,13243.79395,MW,FR,FR,forecast_solar_generation,Solar,2026-07-03T17:44:22Z
2026-07-03T17:43:44Z,2026-07-03T19:43:44+0200,58f0f667-5017-4e2f-a8f0-60c0494acd3e,2026-06-06T12:15:00Z,2026-06-06T14:15:00+0200,13156.625,MW,FR,FR,forecast_solar_generation,Solar,2026-07-03T17:44:22Z
2026-07-03T17:43:44Z,2026-07-03T19:43:44+0200,58f0f667-5017-4e2f-a8f0-60c0494acd3e,2026-06-06T12:30:00Z,2026-06-06T14:30:00+0200,13107.72852,MW,FR,FR,forecast_solar_generation,Solar,2026-07-03T17:44:22Z
2026-07-03T17:43:44Z,2026-07-03T19:43:44+0200,58f0f667-5017-4e2f-a8f0-60c0494acd3e,2026-06-06T12:45:00Z,2026-06-06T14:45:00+0200,12628.30273,MW,FR,FR,forecast_solar_generation,Solar,2026-07-03T17:44:22Z
2026-07-03T17:43:44Z,2026-07-03T19:43:44+0200,58f0f667-5017-4e2f-a8f0-60c0494acd3e,2026-06-06T13:00:00Z,2026-06-06T15:00:00+0200,12476.08105,MW,FR,FR,forecast_solar_generation,Solar,2026-07-03T17:44:22Z
2026-07-03T17:43:44Z,2026-07-03T19:43:44+0200,58f0f667-5017-4e2f-a8f0-60c0494acd3e,2026-06-06T13:15:00Z,2026-06-06T15:15:00+0200,12316.52051,MW,FR,FR,forecast_solar_generation,Solar,2026-07-03T17:44:22Z
2026-07-03T17:43:44Z,2026-07-03T19:43:44+0200,58f0f667-5017-4e2f-a8f0-60c0494acd3e,2026-06-06T13:30:00Z,2026-06-06T15:30:00+0200,11973.86621,MW,FR,FR,forecast_solar_generation,Solar,2026-07-03T17:44:22Z
2026-07-03T17:43:44Z,2026-07-03T19:43:44+0200,58f0f667-5017-4e2f-a8f0-60c0494acd3e,2026-06-06T13:45:00Z,2026-06-06T15:45:00+0200,11554.93848,MW,FR,FR,forecast_solar_generation,Solar,2026-07-03T17:44:22Z
2026-07-03T17:43:44Z,2026-07-03T19:43:44+0200,58f0f667-5017-4e2f-a8f0-60c0494acd3e,2026-06-06T14:00:00Z,2026-06-06T16:00:00+0200,11158.02441,MW,FR,FR,forecast_solar_generation,Solar,2026-07-03T17:44:22Z
2026-07-03T17:43:44Z,2026-07-03T19:43:44+0200,58f0f667-5017-4e2f-a8f0-60c0494acd3e,2026-06-06T14:15:00Z,2026-06-06T16:15:00+0200,10853.14062,MW,FR,FR,forecast_solar_generation,Solar,2026-07-03T17:44:22Z
2026-07-03T17:43:44Z,2026-07-03T19:43:44+0200,58f0f667-5017-4e2f-a8f0-60c0494acd3e,2026-06-06T14:30:00Z,2026-06-06T16:30:00+0200,10534.49316,MW,FR,FR,forecast_solar_generation,Solar,2026-07-03T17:44:22Z
2026-07-03T17:43:44Z,2026-07-03T19:43:44+0200,58f0f667-5017-4e2f-a8f0-60c0494acd3e,2026-06-06T14:45:00Z,2026-06-06T16:45:00+0200,10093.66992,MW,FR,FR,forecast_solar_generation,Solar,2026-07-03T17:44:22Z
2026-07-03T17:43:44Z,2026-07-03T19:43:44+0200,58f0f667-5017-4e2f-a8f0-60c0494acd3e,2026-06-06T15:00:00Z,2026-06-06T17:00:00+0200,9959.86035,MW,FR,FR,forecast_solar_generation,Solar,2026-07-03T17:44:22Z
2026-07-03T17:43:44Z,2026-07-03T19:43:44+0200,58f0f667-5017-4e2f-a8f0-60c0494acd3e,2026-06-06T15:15:00Z,2026-06-06T17:15:00+0200,9432.99219,MW,FR,FR,forecast_solar_generation,Solar,2026-07-03T17:44:22Z
2026-07-03T17:43:44Z,2026-07-03T19:43:44+0200,58f0f667-5017-4e2f-a8f0-60c0494acd3e,2026-06-06T15:30:00Z,2026-06-06T17:30:00+0200,8924.54785,MW,FR,FR,forecast_solar_generation,Solar,2026-07-03T17:44:22Z
2026-07-03T17:43:44Z,2026-07-03T19:43:44+0200,58f0f667-5017-4e2f-a8f0-60c0494acd3e,2026-06-06T15:45:00Z,2026-06-06T17:45:00+0200,8412.57617,MW,FR,FR,forecast_solar_generation,Solar,2026-07-03T17:44:22Z
2026-07-03T17:43:44Z,2026-07-03T19:43:44+0200,58f0f667-5017-4e2f-a8f0-60c0494acd3e,2026-06-06T16:00:00Z,2026-06-06T18:00:00+0200,7772.65869,MW,FR,FR,forecast_solar_generation,Solar,2026-07-03T17:44:22Z
2026-07-03T17:43:44Z,2026-07-03T19:43:44+0200,58f0f667-5017-4e2f-a8f0-60c0494acd3e,2026-06-06T16:15:00Z,2026-06-06T18:15:00+0200,7035.71387,MW,FR,FR,forecast_solar_generation,Solar,2026-07-03T17:44:22Z
2026-07-03T17:43:44Z,2026-07-03T19:43:44+0200,58f0f667-5017-4e2f-a8f0-60c0494acd3e,2026-06-06T16:30:00Z,2026-06-06T18:30:00+0200,8330.90918,MW,FR,FR,forecast_solar_generation,Solar,2026-07-03T17:44:22Z
2026-07-03T17:43:44Z,2026-07-03T19:43:44+0200,58f0f667-5017-4e2f-a8f0-60c0494acd3e,2026-06-06T16:45:00Z,2026-06-06T18:45:00+0200,7519.25146,MW,FR,FR,forecast_solar_generation,Solar,2026-07-03T17:44:22Z
2026-07-03T17:43:44Z,2026-07-03T19:43:44+0200,58f0f667-5017-4e2f-a8f0-60c0494acd3e,2026-06-06T17:00:00Z,2026-06-06T19:00:00+0200,6491.15137,MW,FR,FR,forecast_solar_generation,Solar,2026-07-03T17:44:22Z
2026-07-03T17:43:44Z,2026-07-03T19:43:44+0200,58f0f667-5017-4e2f-a8f0-60c0494acd3e,2026-06-06T17:15:00Z,2026-06-06T19:15:00+0200,5683.55371,MW,FR,FR,forecast_solar_generation,Solar,2026-07-03T17:44:22Z
2026-07-03T17:43:44Z,2026-07-03T19:43:44+0200,58f0f667-5017-4e2f-a8f0-60c0494acd3e,2026-06-06T17:30:00Z,2026-06-06T19:30:00+0200,4640.79199,MW,FR,FR,forecast_solar_generation,Solar,2026-07-03T17:44:22Z
2026-07-03T17:43:44Z,2026-07-03T19:43:44+0200,58f0f667-5017-4e2f-a8f0-60c0494acd3e,2026-06-06T17:45:00Z,2026-06-06T19:45:00+0200,3914.75317,MW,FR,FR,forecast_solar_generation,Solar,2026-07-03T17:44:22Z
2026-07-03T17:43:44Z,2026-07-03T19:43:44+0200,58f0f667-5017-4e2f-a8f0-60c0494acd3e,2026-06-06T18:00:00Z,2026-06-06T20:00:00+0200,3026.53589,MW,FR,FR,forecast_solar_generation,Solar,2026-07-03T17:44:22Z
2026-07-03T17:43:44Z,2026-07-03T19:43:44+0200,58f0f667-5017-4e2f-a8f0-60c0494acd3e,2026-06-06T18:15:00Z,2026-06-06T20:15:00+0200,2349.00342,MW,FR,FR,forecast_solar_generation,Solar,2026-07-03T17:44:22Z
2026-07-03T17:43:44Z,2026-07-03T19:43:44+0200,58f0f667-5017-4e2f-a8f0-60c0494acd3e,2026-06-06T18:30:00Z,2026-06-06T20:30:00+0200,1692.56409,MW,FR,FR,forecast_solar_generation,Solar,2026-07-03T17:44:22Z
2026-07-03T17:43:44Z,2026-07-03T19:43:44+0200,58f0f667-5017-4e2f-a8f0-60c0494acd3e,2026-06-06T18:45:00Z,2026-06-06T20:45:00+0200,1240.61792,MW,FR,FR,forecast_solar_generation,Solar,2026-07-03T17:44:22Z
2026-07-03T17:43:44Z,2026-07-03T19:43:44+0200,58f0f667-5017-4e2f-a8f0-60c0494acd3e,2026-06-06T19:00:00Z,2026-06-06T21:00:00+0200,813.10602,MW,FR,FR,forecast_solar_generation,Solar,2026-07-03T17:44:22Z
2026-07-03T17:43:44Z,2026-07-03T19:43:44+0200,58f0f667-5017-4e2f-a8f0-60c0494acd3e,2026-06-06T19:15:00Z,2026-06-06T21:15:00+0200,447.62967,MW,FR,FR,forecast_solar_generation,Solar,2026-07-03T17:44:22Z
2026-07-03T17:43:44Z,2026-07-03T19:43:44+0200,58f0f667-5017-4e2f-a8f0-60c0494acd3e,2026-06-06T19:30:00Z,2026-06-06T21:30:00+0200,184.93315,MW,FR,FR,forecast_solar_generation,Solar,2026-07-03T17:44:22Z
2026-07-03T17:43:44Z,2026-07-03T19:43:44+0200,58f0f667-5017-4e2f-a8f0-60c0494acd3e,2026-06-06T19:45:00Z,2026-06-06T21:45:00+0200,58.88154,MW,FR,FR,forecast_solar_generation,Solar,2026-07-03T17:44:22Z
2026-07-03T17:43:44Z,2026-07-03T19:43:44+0200,58f0f667-5017-4e2f-a8f0-60c0494acd3e,2026-06-06T20:00:00Z,2026-06-06T22:00:00+0200,5.68271,MW,FR,FR,forecast_solar_generation,Solar,2026-07-03T17:44:22Z
2026-07-03T17:43:44Z,2026-07-03T19:43:44+0200,58f0f667-5017-4e2f-a8f0-60c0494acd3e,2026-06-06T20:15:00Z,2026-06-06T22:15:00+0200,0.0,MW,FR,FR,forecast_solar_generation,Solar,2026-07-03T17:44:22Z
2026-07-03T17:43:44Z,2026-07-03T19:43:44+0200,58f0f667-5017-4e2f-a8f0-60c0494acd3e,2026-06-06T20:30:00Z,2026-06-06T22:30:00+0200,0.0,MW,FR,FR,forecast_solar_generation,Solar,2026-07-03T17:44:22Z
2026-07-03T17:43:44Z,2026-07-03T19:43:44+0200,58f0f667-5017-4e2f-a8f0-60c0494acd3e,2026-06-06T20:45:00Z,2026-06-06T22:45:00+0200,0.0,MW,FR,FR,forecast_solar_generation,Solar,2026-07-03T17:44:22Z
2026-07-03T17:43:44Z,2026-07-03T19:43:44+0200,58f0f667-5017-4e2f-a8f0-60c0494acd3e,2026-06-06T21:00:00Z,2026-06-06T23:00:00+0200,0.0,MW,FR,FR,forecast_solar_generation,Solar,2026-07-03T17:44:22Z
2026-07-03T17:43:44Z,2026-07-03T19:43:44+0200,58f0f667-5017-4e2f-a8f0-60c0494acd3e,2026-06-06T21:15:00Z,2026-06-06T23:15:00+0200,0.0,MW,FR,FR,forecast_solar_generation,Solar,2026-07-03T17:44:22Z
2026-07-03T17:43:44Z,2026-07-03T19:43:44+0200,58f0f667-5017-4e2f-a8f0-60c0494acd3e,2026-06-06T21:30:00Z,2026-06-06T23:30:00+0200,0.0,MW,FR,FR,forecast_solar_generation,Solar,2026-07-03T17:44:22Z
2026-07-03T17:43:44Z,2026-07-03T19:43:44+0200,58f0f667-5017-4e2f-a8f0-60c0494acd3e,2026-06-06T21:45:00Z,2026-06-06T23:45:00+0200,0.0,MW,FR,FR,forecast_solar_generation,Solar,2026-07-03T17:44:22Z
2026-07-03T17:43:44Z,2026-07-03T19:43:44+0200,58f0f667-5017-4e2f-a8f0-60c0494acd3e,2026-06-06T22:00:00Z,2026-06-07T00:00:00+0200,0.0,MW,FR,FR,forecast_solar_generation,Solar,2026-07-03T17:44:22Z
2026-07-03T17:43:44Z,2026-07-03T19:43:44+0200,58f0f667-5017-4e2f-a8f0-60c0494acd3e,2026-06-06T22:15:00Z,2026-06-07T00:15:00+0200,0.0,MW,FR,FR,forecast_solar_generation,Solar,2026-07-03T17:44:22Z
2026-07-03T17:43:44Z,2026-07-03T19:43:44+0200,58f0f667-5017-4e2f-a8f0-60c0494acd3e,2026-06-06T22:30:00Z,2026-06-07T00:30:00+0200,0.0,MW,FR,FR,forecast_solar_generation,Solar,2026-07-03T17:44:22Z
2026-07-03T17:43:44Z,2026-07-03T19:43:44+0200,58f0f667-5017-4e2f-a8f0-60c0494acd3e,2026-06-06T22:45:00Z,2026-06-07T00:45:00+0200,0.0,MW,FR,FR,forecast_solar_generation,Solar,2026-07-03T17:44:22Z
2026-07-03T17:43:44Z,2026-07-03T19:43:44+0200,58f0f667-5017-4e2f-a8f0-60c0494acd3e,2026-06-06T23:00:00Z,2026-06-07T01:00:00+0200,0.0,MW,FR,FR,forecast_solar_generation,Solar,2026-07-03T17:44:22Z
2026-07-03T17:43:44Z,2026-07-03T19:43:44+0200,58f0f667-5017-4e2f-a8f0-60c0494acd3e,2026-06-06T23:15:00Z,2026-06-07T01:15:00+0200,0.0,MW,FR,FR,forecast_solar_generation,Solar,2026-07-03T17:44:22Z
2026-07-03T17:43:44Z,2026-07-03T19:43:44+0200,58f0f667-5017-4e2f-a8f0-60c0494acd3e,2026-06-06T23:30:00Z,2026-06-07T01:30:00+0200,0.0,MW,FR,FR,forecast_solar_generation,Solar,2026-07-03T17:44:22Z
2026-07-03T17:43:44Z,2026-07-03T19:43:44+0200,58f0f667-5017-4e2f-a8f0-60c0494acd3e,2026-06-06T23:45:00Z,2026-06-07T01:45:00+0200,0.0,MW,FR,FR,forecast_solar_generation,Solar,2026-07-03T17:44:22Z
2026-07-03T17:43:44Z,2026-07-03T19:43:44+0200,58f0f667-5017-4e2f-a8f0-60c0494acd3e,2026-06-07T00:00:00Z,2026-06-07T02:00:00+0200,0.0,MW,FR,FR,forecast_solar_generation,Solar,2026-07-03T17:44:22Z
2026-07-03T17:43:44Z,2026-07-03T19:43:44+0200,58f0f667-5017-4e2f-a8f0-60c0494acd3e,2026-06-07T00:15:00Z,2026-06-07T02:15:00+0200,0.0,MW,FR,FR,forecast_solar_generation,Solar,2026-07-03T17:44:22Z
2026-07-03T17:43:44Z,2026-07-03T19:43:44+0200,58f0f667-5017-4e2f-a8f0-60c0494acd3e,2026-06-07T00:30:00Z,2026-06-07T02:30:00+0200,0.0,MW,FR,FR,forecast_solar_generation,Solar,2026-07-03T17:44:22Z
2026-07-03T17:43:44Z,2026-07-03T19:43:44+0200,58f0f667-5017-4e2f-a8f0-60c0494acd3e,2026-06-07T00:45:00Z,2026-06-07T02:45:00+0200,0.0,MW,FR,FR,forecast_solar_generation,Solar,2026-07-03T17:44:22Z
2026-07-03T17:43:44Z,2026-07-03T19:43:44+0200,58f0f667-5017-4e2f-a8f0-60c0494acd3e,2026-06-07T01:00:00Z,2026-06-07T03:00:00+0200,0.0,MW,FR,FR,forecast_solar_generation,Solar,2026-07-03T17:44:22Z
2026-07-03T17:43:44Z,2026-07-03T19:43:44+0200,58f0f667-5017-4e2f-a8f0-60c0494acd3e,2026-06-07T01:15:00Z,2026-06-07T03:15:00+0200,0.0,MW,FR,FR,forecast_solar_generation,Solar,2026-07-03T17:44:22Z
2026-07-03T17:43:44Z,2026-07-03T19:43:44+0200,58f0f667-5017-4e2f-a8f0-60c0494acd3e,2026-06-07T01:30:00Z,2026-06-07T03:30:00+0200,0.0,MW,FR,FR,forecast_solar_generation,Solar,2026-07-03T17:44:22Z
2026-07-03T17:43:44Z,2026-07-03T19:43:44+0200,58f0f667-5017-4e2f-a8f0-60c0494acd3e,2026-06-07T01:45:00Z,2026-06-07T03:45:00+0200,0.0,MW,FR,FR,forecast_solar_generation,Solar,2026-07-03T17:44:22Z
2026-07-03T17:43:44Z,2026-07-03T19:43:44+0200,58f0f667-5017-4e2f-a8f0-60c0494acd3e,2026-06-07T02:00:00Z,2026-06-07T04:00:00+0200,0.0,MW,FR,FR,forecast_solar_generation,Solar,2026-07-03T17:44:22Z
2026-07-03T17:43:44Z,2026-07-03T19:43:44+0200,58f0f667-5017-4e2f-a8f0-60c0494acd3e,2026-06-07T02:15:00Z,2026-06-07T04:15:00+0200,0.0,MW,FR,FR,forecast_solar_generation,Solar,2026-07-03T17:44:22Z
2026-07-03T17:43:44Z,2026-07-03T19:43:44+0200,58f0f667-5017-4e2f-a8f0-60c0494acd3e,2026-06-07T02:30:00Z,2026-06-07T04:30:00+0200,0.0,MW,FR,FR,forecast_solar_generation,Solar,2026-07-03T17:44:22Z
2026-07-03T17:43:44Z,2026-07-03T19:43:44+0200,58f0f667-5017-4e2f-a8f0-60c0494acd3e,2026-06-07T02:45:00Z,2026-06-07T04:45:00+0200,0.0,MW,FR,FR,forecast_solar_generation,Solar,2026-07-03T17:44:22Z
2026-07-03T17:43:44Z,2026-07-03T19:43:44+0200,58f0f667-5017-4e2f-a8f0-60c0494acd3e,2026-06-07T03:00:00Z,2026-06-07T05:00:00+0200,0.0,MW,FR,FR,forecast_solar_generation,Solar,2026-07-03T17:44:22Z
2026-07-03T17:43:44Z,2026-07-03T19:43:44+0200,58f0f667-5017-4e2f-a8f0-60c0494acd3e,2026-06-07T03:15:00Z,2026-06-07T05:15:00+0200,0.0,MW,FR,FR,forecast_solar_generation,Solar,2026-07-03T17:44:22Z
2026-07-03T17:43:44Z,2026-07-03T19:43:44+0200,58f0f667-5017-4e2f-a8f0-60c0494acd3e,2026-06-07T03:30:00Z,2026-06-07T05:30:00+0200,0.0,MW,FR,FR,forecast_solar_generation,Solar,2026-07-03T17:44:22Z
2026-07-03T17:43:44Z,2026-07-03T19:43:44+0200,58f0f667-5017-4e2f-a8f0-60c0494acd3e,2026-06-07T03:45:00Z,2026-06-07T05:45:00+0200,0.0,MW,FR,FR,forecast_solar_generation,Solar,2026-07-03T17:44:22Z
2026-07-03T17:43:44Z,2026-07-03T19:43:44+0200,58f0f667-5017-4e2f-a8f0-60c0494acd3e,2026-06-07T04:00:00Z,2026-06-07T06:00:00+0200,0.0,MW,FR,FR,forecast_solar_generation,Solar,2026-07-03T17:44:22Z
2026-07-03T17:43:44Z,2026-07-03T19:43:44+0200,58f0f667-5017-4e2f-a8f0-60c0494acd3e,2026-06-07T04:15:00Z,2026-06-07T06:15:00+0200,166.35074,MW,FR,FR,forecast_solar_generation,Solar,2026-07-03T17:44:22Z
2026-07-03T17:43:44Z,2026-07-03T19:43:44+0200,58f0f667-5017-4e2f-a8f0-60c0494acd3e,2026-06-07T04:30:00Z,2026-06-07T06:30:00+0200,302.09741,MW,FR,FR,forecast_solar_generation,Solar,2026-07-03T17:44:22Z
2026-07-03T17:43:44Z,2026-07-03T19:43:44+0200,58f0f667-5017-4e2f-a8f0-60c0494acd3e,2026-06-07T04:45:00Z,2026-06-07T06:45:00+0200,619.83716,MW,FR,FR,forecast_solar_generation,Solar,2026-07-03T17:44:22Z
2026-07-03T17:43:44Z,2026-07-03T19:43:44+0200,58f0f667-5017-4e2f-a8f0-60c0494acd3e,2026-06-07T05:00:00Z,2026-06-07T07:00:00+0200,1024.99878,MW,FR,FR,forecast_solar_generation,Solar,2026-07-03T17:44:22Z
2026-07-03T17:43:44Z,2026-07-03T19:43:44+0200,58f0f667-5017-4e2f-a8f0-60c0494acd3e,2026-06-07T05:15:00Z,2026-06-07T07:15:00+0200,1495.41992,MW,FR,FR,forecast_solar_generation,Solar,2026-07-03T17:44:22Z
2026-07-03T17:43:44Z,2026-07-03T19:43:44+0200,58f0f667-5017-4e2f-a8f0-60c0494acd3e,2026-06-07T05:30:00Z,2026-06-07T07:30:00+0200,2046.89282,MW,FR,FR,forecast_solar_generation,Solar,2026-07-03T17:44:22Z
2026-07-03T17:43:44Z,2026-07-03T19:43:44+0200,58f0f667-5017-4e2f-a8f0-60c0494acd3e,2026-06-07T05:45:00Z,2026-06-07T07:45:00+0200,2117.03857,MW,FR,FR,forecast_solar_generation,Solar,2026-07-03T17:44:22Z
2026-07-03T17:43:44Z,2026-07-03T19:43:44+0200,58f0f667-5017-4e2f-a8f0-60c0494acd3e,2026-06-07T06:00:00Z,2026-06-07T08:00:00+0200,2732.91528,MW,FR,FR,forecast_solar_generation,Solar,2026-07-03T17:44:22Z
2026-07-03T17:43:44Z,2026-07-03T19:43:44+0200,58f0f667-5017-4e2f-a8f0-60c0494acd3e,2026-06-07T06:15:00Z,2026-06-07T08:15:00+0200,3445.92944,MW,FR,FR,forecast_solar_generation,Solar,2026-07-03T17:44:22Z
2026-07-03T17:43:44Z,2026-07-03T19:43:44+0200,58f0f667-5017-4e2f-a8f0-60c0494acd3e,2026-06-07T06:30:00Z,2026-06-07T08:30:00+0200,4067.27173,MW,FR,FR,forecast_solar_generation,Solar,2026-07-03T17:44:22Z
2026-07-03T17:43:44Z,2026-07-03T19:43:44+0200,58f0f667-5017-4e2f-a8f0-60c0494acd3e,2026-06-07T06:45:00Z,2026-06-07T08:45:00+0200,4335.53027,MW,FR,FR,forecast_solar_generation,Solar,2026-07-03T17:44:22Z
2026-07-03T17:43:44Z,2026-07-03T19:43:44+0200,58f0f667-5017-4e2f-a8f0-60c0494acd3e,2026-06-07T07:00:00Z,2026-06-07T09:00:00+0200,5033.52783,MW,FR,FR,forecast_solar_generation,Solar,2026-07-03T17:44:22Z
2026-07-03T17:43:44Z,2026-07-03T19:43:44+0200,58f0f667-5017-4e2f-a8f0-60c0494acd3e,2026-06-07T07:15:00Z,2026-06-07T09:15:00+0200,5729.36719,MW,FR,FR,forecast_solar_generation,Solar,2026-07-03T17:44:22Z
2026-07-03T17:43:44Z,2026-07-03T19:43:44+0200,58f0f667-5017-4e2f-a8f0-60c0494acd3e,2026-06-07T07:30:00Z,2026-06-07T09:30:00+0200,6447.31152,MW,FR,FR,forecast_solar_generation,Solar,2026-07-03T17:44:22Z
2026-07-03T17:43:44Z,2026-07-03T19:43:44+0200,58f0f667-5017-4e2f-a8f0-60c0494acd3e,2026-06-07T07:45:00Z,2026-06-07T09:45:00+0200,6953.37793,MW,FR,FR,forecast_solar_generation,Solar,2026-07-03T17:44:22Z
2026-07-03T17:43:44Z,2026-07-03T19:43:44+0200,58f0f667-5017-4e2f-a8f0-60c0494acd3e,2026-06-07T08:00:00Z,2026-06-07T10:00:00+0200,7453.36182,MW,FR,FR,forecast_solar_generation,Solar,2026-07-03T17:44:22Z
2026-07-03T17:43:44Z,2026-07-03T19:43:44+0200,58f0f667-5017-4e2f-a8f0-60c0494acd3e,2026-06-07T08:15:00Z,2026-06-07T10:15:00+0200,7955.16162,MW,FR,FR,forecast_solar_generation,Solar,2026-07-03T17:44:22Z
2026-07-03T17:43:44Z,2026-07-03T19:43:44+0200,58f0f667-5017-4e2f-a8f0-60c0494acd3e,2026-06-07T08:30:00Z,2026-06-07T10:30:00+0200,8389.61719,MW,FR,FR,forecast_solar_generation,Solar,2026-07-03T17:44:22Z
2026-07-03T17:43:44Z,2026-07-03T19:43:44+0200,58f0f667-5017-4e2f-a8f0-60c0494acd3e,2026-06-07T08:45:00Z,2026-06-07T10:45:00+0200,8722.34863,MW,FR,FR,forecast_solar_generation,Solar,2026-07-03T17:44:22Z
2026-07-03T17:43:44Z,2026-07-03T19:43:44+0200,58f0f667-5017-4e2f-a8f0-60c0494acd3e,2026-06-07T09:00:00Z,2026-06-07T11:00:00+0200,9063.20605,MW,FR,FR,forecast_solar_generation,Solar,2026-07-03T17:44:22Z
2026-07-03T17:43:44Z,2026-07-03T19:43:44+0200,58f0f667-5017-4e2f-a8f0-60c0494acd3e,2026-06-07T09:15:00Z,2026-06-07T11:15:00+0200,9400.41797,MW,FR,FR,forecast_solar_generation,Solar,2026-07-03T17:44:22Z
2026-07-03T17:43:44Z,2026-07-03T19:43:44+0200,58f0f667-5017-4e2f-a8f0-60c0494acd3e,2026-06-07T09:30:00Z,2026-06-07T11:30:00+0200,9752.47363,MW,FR,FR,forecast_solar_generation,Solar,2026-07-03T17:44:22Z
2026-07-03T17:43:44Z,2026-07-03T19:43:44+0200,58f0f667-5017-4e2f-a8f0-60c0494acd3e,2026-06-07T09:45:00Z,2026-06-07T11:45:00+0200,10097.00879,MW,FR,FR,forecast_solar_generation,Solar,2026-07-03T17:44:22Z
2026-07-03T17:43:44Z,2026-07-03T19:43:44+0200,58f0f667-5017-4e2f-a8f0-60c0494acd3e,2026-06-07T10:00:00Z,2026-06-07T12:00:00+0200,10468.97559,MW,FR,FR,forecast_solar_generation,Solar,2026-07-03T17:44:22Z
2026-07-03T17:43:44Z,2026-07-03T19:43:44+0200,58f0f667-5017-4e2f-a8f0-60c0494acd3e,2026-06-07T10:15:00Z,2026-06-07T12:15:00+0200,10787.73926,MW,FR,FR,forecast_solar_generation,Solar,2026-07-03T17:44:22Z
2026-07-03T17:43:44Z,2026-07-03T19:43:44+0200,58f0f667-5017-4e2f-a8f0-60c0494acd3e,2026-06-07T10:30:00Z,2026-06-07T12:30:00+0200,11143.18164,MW,FR,FR,forecast_solar_generation,Solar,2026-07-03T17:44:22Z
2026-07-03T17:43:44Z,2026-07-03T19:43:44+0200,58f0f667-5017-4e2f-a8f0-60c0494acd3e,2026-06-07T10:45:00Z,2026-06-07T12:45:00+0200,11485.70508,MW,FR,FR,forecast_solar_generation,Solar,2026-07-03T17:44:22Z
2026-07-03T17:43:44Z,2026-07-03T19:43:44+0200,58f0f667-5017-4e2f-a8f0-60c0494acd3e,2026-06-07T11:00:00Z,2026-06-07T13:00:00+0200,11785.57031,MW,FR,FR,forecast_solar_generation,Solar,2026-07-03T17:44:22Z
2026-07-03T17:43:44Z,2026-07-03T19:43:44+0200,58f0f667-5017-4e2f-a8f0-60c0494acd3e,2026-06-07T11:15:00Z,2026-06-07T13:15:00+0200,11943.74219,MW,FR,FR,forecast_solar_generation,Solar,2026-07-03T17:44:22Z
2026-07-03T17:43:44Z,2026-07-03T19:43:44+0200,58f0f667-5017-4e2f-a8f0-60c0494acd3e,2026-06-07T11:30:00Z,2026-06-07T13:30:00+0200,12079.07617,MW,FR,FR,forecast_solar_generation,Solar,2026-07-03T17:44:22Z
2026-07-03T17:43:44Z,2026-07-03T19:43:44+0200,58f0f667-5017-4e2f-a8f0-60c0494acd3e,2026-06-07T11:45:00Z,2026-06-07T13:45:00+0200,12146.7793,MW,FR,FR,forecast_solar_generation,Solar,2026-07-03T17:44:22Z
2026-07-03T17:43:44Z,2026-07-03T19:43:44+0200,58f0f667-5017-4e2f-a8f0-60c0494acd3e,2026-06-07T12:00:00Z,2026-06-07T14:00:00+0200,12238.00391,MW,FR,FR,forecast_solar_generation,Solar,2026-07-03T17:44:22Z
2026-07-03T17:43:44Z,2026-07-03T19:43:44+0200,58f0f667-5017-4e2f-a8f0-60c0494acd3e,2026-06-07T12:15:00Z,2026-06-07T14:15:00+0200,12278.45312,MW,FR,FR,forecast_solar_generation,Solar,2026-07-03T17:44:22Z
2026-07-03T17:43:44Z,2026-07-03T19:43:44+0200,58f0f667-5017-4e2f-a8f0-60c0494acd3e,2026-06-07T12:30:00Z,2026-06-07T14:30:00+0200,12327.20605,MW,FR,FR,forecast_solar_generation,Solar,2026-07-03T17:44:22Z
2026-07-03T17:43:44Z,2026-07-03T19:43:44+0200,58f0f667-5017-4e2f-a8f0-60c0494acd3e,2026-06-07T12:45:00Z,2026-06-07T14:45:00+0200,12306.75098,MW,FR,FR,forecast_solar_generation,Solar,2026-07-03T17:44:22Z
2026-07-03T17:43:44Z,2026-07-03T19:43:44+0200,58f0f667-5017-4e2f-a8f0-60c0494acd3e,2026-06-07T13:00:00Z,2026-06-07T15:00:00+0200,12237.99902,MW,FR,FR,forecast_solar_generation,Solar,2026-07-03T17:44:22Z
2026-07-03T17:43:44Z,2026-07-03T19:43:44+0200,58f0f667-5017-4e2f-a8f0-60c0494acd3e,2026-06-07T13:15:00Z,2026-06-07T15:15:00+0200,12114.12402,MW,FR,FR,forecast_solar_generation,Solar,2026-07-03T17:44:22Z
2026-07-03T17:43:44Z,2026-07-03T19:43:44+0200,58f0f667-5017-4e2f-a8f0-60c0494acd3e,2026-06-07T13:30:00Z,2026-06-07T15:30:00+0200,11862.46484,MW,FR,FR,forecast_solar_generation,Solar,2026-07-03T17:44:22Z
2026-07-03T17:43:44Z,2026-07-03T19:43:44+0200,58f0f667-5017-4e2f-a8f0-60c0494acd3e,2026-06-07T13:45:00Z,2026-06-07T15:45:00+0200,11596.76953,MW,FR,FR,forecast_solar_generation,Solar,2026-07-03T17:44:22Z
2026-07-03T17:43:44Z,2026-07-03T19:43:44+0200,58f0f667-5017-4e2f-a8f0-60c0494acd3e,2026-06-07T14:00:00Z,2026-06-07T16:00:00+0200,11327.12988,MW,FR,FR,forecast_solar_generation,Solar,2026-07-03T17:44:22Z
2026-07-03T17:43:44Z,2026-07-03T19:43:44+0200,58f0f667-5017-4e2f-a8f0-60c0494acd3e,2026-06-07T14:15:00Z,2026-06-07T16:15:00+0200,11032.86328,MW,FR,FR,forecast_solar_generation,Solar,2026-07-03T17:44:22Z
2026-07-03T17:43:44Z,2026-07-03T19:43:44+0200,58f0f667-5017-4e2f-a8f0-60c0494acd3e,2026-06-07T14:30:00Z,2026-06-07T16:30:00+0200,10666.73145,MW,FR,FR,forecast_solar_generation,Solar,2026-07-03T17:44:22Z
2026-07-03T17:43:44Z,2026-07-03T19:43:44+0200,58f0f667-5017-4e2f-a8f0-60c0494acd3e,2026-06-07T14:45:00Z,2026-06-07T16:45:00+0200,10174.19434,MW,FR,FR,forecast_solar_generation,Solar,2026-07-03T17:44:22Z
2026-07-03T17:43:44Z,2026-07-03T19:43:44+0200,58f0f667-5017-4e2f-a8f0-60c0494acd3e,2026-06-07T15:00:00Z,2026-06-07T17:00:00+0200,9691.46094,MW,FR,FR,forecast_solar_generation,Solar,2026-07-03T17:44:22Z
2026-07-03T17:43:44Z,2026-07-03T19:43:44+0200,58f0f667-5017-4e2f-a8f0-60c0494acd3e,2026-06-07T15:15:00Z,2026-06-07T17:15:00+0200,9196.93555,MW,FR,FR,forecast_solar_generation,Solar,2026-07-03T17:44:22Z
2026-07-03T17:43:44Z,2026-07-03T19:43:44+0200,58f0f667-5017-4e2f-a8f0-60c0494acd3e,2026-06-07T15:30:00Z,2026-06-07T17:30:00+0200,8698.16016,MW,FR,FR,forecast_solar_generation,Solar,2026-07-03T17:44:22Z
2026-07-03T17:43:44Z,2026-07-03T19:43:44+0200,58f0f667-5017-4e2f-a8f0-60c0494acd3e,2026-06-07T15:45:00Z,2026-06-07T17:45:00+0200,9384.37402,MW,FR,FR,forecast_solar_generation,Solar,2026-07-03T17:44:22Z
2026-07-03T17:43:44Z,2026-07-03T19:43:44+0200,58f0f667-5017-4e2f-a8f0-60c0494acd3e,2026-06-07T16:00:00Z,2026-06-07T18:00:00+0200,11431.62305,MW,FR,FR,forecast_solar_generation,Solar,2026-07-03T17:44:22Z
2026-07-03T17:43:44Z,2026-07-03T19:43:44+0200,58f0f667-5017-4e2f-a8f0-60c0494acd3e,2026-06-07T16:15:00Z,2026-06-07T18:15:00+0200,10377.03809,MW,FR,FR,forecast_solar_generation,Solar,2026-07-03T17:44:22Z
2026-07-03T17:43:44Z,2026-07-03T19:43:44+0200,58f0f667-5017-4e2f-a8f0-60c0494acd3e,2026-06-07T16:30:00Z,2026-06-07T18:30:00+0200,9322.98535,MW,FR,FR,forecast_solar_generation,Solar,2026-07-03T17:44:22Z
2026-07-03T17:43:44Z,2026-07-03T19:43:44+0200,58f0f667-5017-4e2f-a8f0-60c0494acd3e,2026-06-07T16:45:00Z,2026-06-07T18:45:00+0200,8298.50781,MW,FR,FR,forecast_solar_generation,Solar,2026-07-03T17:44:22Z
2026-07-03T17:43:44Z,2026-07-03T19:43:44+0200,58f0f667-5017-4e2f-a8f0-60c0494acd3e,2026-06-07T17:00:00Z,2026-06-07T19:00:00+0200,7133.74561,MW,FR,FR,forecast_solar_generation,Solar,2026-07-03T17:44:22Z
2026-07-03T17:43:44Z,2026-07-03T19:43:44+0200,58f0f667-5017-4e2f-a8f0-60c0494acd3e,2026-06-07T17:15:00Z,2026-06-07T19:15:00+0200,6141.7832,MW,FR,FR,forecast_solar_generation,Solar,2026-07-03T17:44:22Z
2026-07-03T17:43:44Z,2026-07-03T19:43:44+0200,58f0f667-5017-4e2f-a8f0-60c0494acd3e,2026-06-07T17:30:00Z,2026-06-07T19:30:00+0200,4985.18018,MW,FR,FR,forecast_solar_generation,Solar,2026-07-03T17:44:22Z
2026-07-03T17:43:44Z,2026-07-03T19:43:44+0200,58f0f667-5017-4e2f-a8f0-60c0494acd3e,2026-06-07T17:45:00Z,2026-06-07T19:45:00+0200,4141.84326,MW,FR,FR,forecast_solar_generation,Solar,2026-07-03T17:44:22Z
2026-07-03T17:43:44Z,2026-07-03T19:43:44+0200,58f0f667-5017-4e2f-a8f0-60c0494acd3e,2026-06-07T18:00:00Z,2026-06-07T20:00:00+0200,3136.89355,MW,FR,FR,forecast_solar_generation,Solar,2026-07-03T17:44:22Z
2026-07-03T17:43:44Z,2026-07-03T19:43:44+0200,58f0f667-5017-4e2f-a8f0-60c0494acd3e,2026-06-07T18:15:00Z,2026-06-07T20:15:00+0200,2383.79248,MW,FR,FR,forecast_solar_generation,Solar,2026-07-03T17:44:22Z
2026-07-03T17:43:44Z,2026-07-03T19:43:44+0200,58f0f667-5017-4e2f-a8f0-60c0494acd3e,2026-06-07T18:30:00Z,2026-06-07T20:30:00+0200,1691.25818,MW,FR,FR,forecast_solar_generation,Solar,2026-07-03T17:44:22Z
2026-07-03T17:43:44Z,2026-07-03T19:43:44+0200,58f0f667-5017-4e2f-a8f0-60c0494acd3e,2026-06-07T18:45:00Z,2026-06-07T20:45:00+0200,1232.41064,MW,FR,FR,forecast_solar_generation,Solar,2026-07-03T17:44:22Z
2026-07-03T17:43:44Z,2026-07-03T19:43:44+0200,58f0f667-5017-4e2f-a8f0-60c0494acd3e,2026-06-07T19:00:00Z,2026-06-07T21:00:00+0200,818.75562,MW,FR,FR,forecast_solar_generation,Solar,2026-07-03T17:44:22Z
2026-07-03T17:43:44Z,2026-07-03T19:43:44+0200,58f0f667-5017-4e2f-a8f0-60c0494acd3e,2026-06-07T19:15:00Z,2026-06-07T21:15:00+0200,439.73734,MW,FR,FR,forecast_solar_generation,Solar,2026-07-03T17:44:22Z
2026-07-03T17:43:44Z,2026-07-03T19:43:44+0200,58f0f667-5017-4e2f-a8f0-60c0494acd3e,2026-06-07T19:30:00Z,2026-06-07T21:30:00+0200,180.28419,MW,FR,FR,forecast_solar_generation,Solar,2026-07-03T17:44:22Z
2026-07-03T17:43:44Z,2026-07-03T19:43:44+0200,58f0f667-5017-4e2f-a8f0-60c0494acd3e,2026-06-07T19:45:00Z,2026-06-07T21:45:00+0200,56.20853,MW,FR,FR,forecast_solar_generation,Solar,2026-07-03T17:44:22Z
2026-07-03T17:43:44Z,2026-07-03T19:43:44+0200,58f0f667-5017-4e2f-a8f0-60c0494acd3e,2026-06-07T20:00:00Z,2026-06-07T22:00:00+0200,6.30173,MW,FR,FR,forecast_solar_generation,Solar,2026-07-03T17:44:22Z
2026-07-03T17:43:44Z,2026-07-03T19:43:44+0200,58f0f667-5017-4e2f-a8f0-60c0494acd3e,2026-06-07T20:15:00Z,2026-06-07T22:15:00+0200,0.0,MW,FR,FR,forecast_solar_generation,Solar,2026-07-03T17:44:22Z
2026-07-03T17:43:44Z,2026-07-03T19:43:44+0200,58f0f667-5017-4e2f-a8f0-60c0494acd3e,2026-06-07T20:30:00Z,2026-06-07T22:30:00+0200,0.0,MW,FR,FR,forecast_solar_generation,Solar,2026-07-03T17:44:22Z
2026-07-03T17:43:44Z,2026-07-03T19:43:44+0200,58f0f667-5017-4e2f-a8f0-60c0494acd3e,2026-06-07T20:45:00Z,2026-06-07T22:45:00+0200,0.0,MW,FR,FR,forecast_solar_generation,Solar,2026-07-03T17:44:22Z
2026-07-03T17:43:44Z,2026-07-03T19:43:44+0200,58f0f667-5017-4e2f-a8f0-60c0494acd3e,2026-06-07T21:00:00Z,2026-06-07T23:00:00+0200,0.0,MW,FR,FR,forecast_solar_generation,Solar,2026-07-03T17:44:22Z
2026-07-03T17:43:44Z,2026-07-03T19:43:44+0200,58f0f667-5017-4e2f-a8f0-60c0494acd3e,2026-06-07T21:15:00Z,2026-06-07T23:15:00+0200,0.0,MW,FR,FR,forecast_solar_generation,Solar,2026-07-03T17:44:22Z
2026-07-03T17:43:44Z,2026-07-03T19:43:44+0200,58f0f667-5017-4e2f-a8f0-60c0494acd3e,2026-06-07T21:30:00Z,2026-06-07T23:30:00+0200,0.0,MW,FR,FR,forecast_solar_generation,Solar,2026-07-03T17:44:22Z
2026-07-03T17:43:44Z,2026-07-03T19:43:44+0200,58f0f667-5017-4e2f-a8f0-60c0494acd3e,2026-06-07T21:45:00Z,2026-06-07T23:45:00+0200,0.0,MW,FR,FR,forecast_solar_generation,Solar,2026-07-03T17:44:22Z
2026-07-03T17:43:44Z,2026-07-03T19:43:44+0200,58f0f667-5017-4e2f-a8f0-60c0494acd3e,2026-06-07T22:00:00Z,2026-06-08T00:00:00+0200,0.0,MW,FR,FR,forecast_solar_generation,Solar,2026-07-03T17:44:22Z
2026-07-03T17:43:44Z,2026-07-03T19:43:44+0200,58f0f667-5017-4e2f-a8f0-60c0494acd3e,2026-06-07T22:15:00Z,2026-06-08T00:15:00+0200,0.0,MW,FR,FR,forecast_solar_generation,Solar,2026-07-03T17:44:22Z
2026-07-03T17:43:44Z,2026-07-03T19:43:44+0200,58f0f667-5017-4e2f-a8f0-60c0494acd3e,2026-06-07T22:30:00Z,2026-06-08T00:30:00+0200,0.0,MW,FR,FR,forecast_solar_generation,Solar,2026-07-03T17:44:22Z
2026-07-03T17:43:44Z,2026-07-03T19:43:44+0200,58f0f667-5017-4e2f-a8f0-60c0494acd3e,2026-06-07T22:45:00Z,2026-06-08T00:45:00+0200,0.0,MW,FR,FR,forecast_solar_generation,Solar,2026-07-03T17:44:22Z
2026-07-03T17:43:44Z,2026-07-03T19:43:44+0200,58f0f667-5017-4e2f-a8f0-60c0494acd3e,2026-06-07T23:00:00Z,2026-06-08T01:00:00+0200,0.0,MW,FR,FR,forecast_solar_generation,Solar,2026-07-03T17:44:22Z
2026-07-03T17:43:44Z,2026-07-03T19:43:44+0200,58f0f667-5017-4e2f-a8f0-60c0494acd3e,2026-06-07T23:15:00Z,2026-06-08T01:15:00+0200,0.0,MW,FR,FR,forecast_solar_generation,Solar,2026-07-03T17:44:22Z
2026-07-03T17:43:44Z,2026-07-03T19:43:44+0200,58f0f667-5017-4e2f-a8f0-60c0494acd3e,2026-06-07T23:30:00Z,2026-06-08T01:30:00+0200,0.0,MW,FR,FR,forecast_solar_generation,Solar,2026-07-03T17:44:22Z
2026-07-03T17:43:44Z,2026-07-03T19:43:44+0200,58f0f667-5017-4e2f-a8f0-60c0494acd3e,2026-06-07T23:45:00Z,2026-06-08T01:45:00+0200,0.0,MW,FR,FR,forecast_solar_generation,Solar,2026-07-03T17:44:22Z
2026-07-03T17:43:44Z,2026-07-03T19:43:44+0200,58f0f667-5017-4e2f-a8f0-60c0494acd3e,2026-06-08T00:00:00Z,2026-06-08T02:00:00+0200,0.0,MW,FR,FR,forecast_solar_generation,Solar,2026-07-03T17:44:22Z
2026-07-03T17:43:44Z,2026-07-03T19:43:44+0200,58f0f667-5017-4e2f-a8f0-60c0494acd3e,2026-06-08T00:15:00Z,2026-06-08T02:15:00+0200,0.0,MW,FR,FR,forecast_solar_generation,Solar,2026-07-03T17:44:22Z
2026-07-03T17:43:44Z,2026-07-03T19:43:44+0200,58f0f667-5017-4e2f-a8f0-60c0494acd3e,2026-06-08T00:30:00Z,2026-06-08T02:30:00+0200,0.0,MW,FR,FR,forecast_solar_generation,Solar,2026-07-03T17:44:22Z
2026-07-03T17:43:44Z,2026-07-03T19:43:44+0200,58f0f667-5017-4e2f-a8f0-60c0494acd3e,2026-06-08T00:45:00Z,2026-06-08T02:45:00+0200,0.0,MW,FR,FR,forecast_solar_generation,Solar,2026-07-03T17:44:22Z
2026-07-03T17:43:44Z,2026-07-03T19:43:44+0200,58f0f667-5017-4e2f-a8f0-60c0494acd3e,2026-06-08T01:00:00Z,2026-06-08T03:00:00+0200,0.0,MW,FR,FR,forecast_solar_generation,Solar,2026-07-03T17:44:22Z
2026-07-03T17:43:44Z,2026-07-03T19:43:44+0200,58f0f667-5017-4e2f-a8f0-60c0494acd3e,2026-06-08T01:15:00Z,2026-06-08T03:15:00+0200,0.0,MW,FR,FR,forecast_solar_generation,Solar,2026-07-03T17:44:22Z
2026-07-03T17:43:44Z,2026-07-03T19:43:44+0200,58f0f667-5017-4e2f-a8f0-60c0494acd3e,2026-06-08T01:30:00Z,2026-06-08T03:30:00+0200,0.0,MW,FR,FR,forecast_solar_generation,Solar,2026-07-03T17:44:22Z
2026-07-03T17:43:44Z,2026-07-03T19:43:44+0200,58f0f667-5017-4e2f-a8f0-60c0494acd3e,2026-06-08T01:45:00Z,2026-06-08T03:45:00+0200,0.0,MW,FR,FR,forecast_solar_generation,Solar,2026-07-03T17:44:22Z
2026-07-03T17:43:44Z,2026-07-03T19:43:44+0200,58f0f667-5017-4e2f-a8f0-60c0494acd3e,2026-06-08T02:00:00Z,2026-06-08T04:00:00+0200,0.0,MW,FR,FR,forecast_solar_generation,Solar,2026-07-03T17:44:22Z
2026-07-03T17:43:44Z,2026-07-03T19:43:44+0200,58f0f667-5017-4e2f-a8f0-60c0494acd3e,2026-06-08T02:15:00Z,2026-06-08T04:15:00+0200,0.0,MW,FR,FR,forecast_solar_generation,Solar,2026-07-03T17:44:22Z
2026-07-03T17:43:44Z,2026-07-03T19:43:44+0200,58f0f667-5017-4e2f-a8f0-60c0494acd3e,2026-06-08T02:30:00Z,2026-06-08T04:30:00+0200,0.0,MW,FR,FR,forecast_solar_generation,Solar,2026-07-03T17:44:22Z
2026-07-03T17:43:44Z,2026-07-03T19:43:44+0200,58f0f667-5017-4e2f-a8f0-60c0494acd3e,2026-06-08T02:45:00Z,2026-06-08T04:45:00+0200,0.0,MW,FR,FR,forecast_solar_generation,Solar,2026-07-03T17:44:22Z
2026-07-03T17:43:44Z,2026-07-03T19:43:44+0200,58f0f667-5017-4e2f-a8f0-60c0494acd3e,2026-06-08T03:00:00Z,2026-06-08T05:00:00+0200,0.0,MW,FR,FR,forecast_solar_generation,Solar,2026-07-03T17:44:22Z
2026-07-03T17:43:44Z,2026-07-03T19:43:44+0200,58f0f667-5017-4e2f-a8f0-60c0494acd3e,2026-06-08T03:15:00Z,2026-06-08T05:15:00+0200,0.0,MW,FR,FR,forecast_solar_generation,Solar,2026-07-03T17:44:22Z
2026-07-03T17:43:44Z,2026-07-03T19:43:44+0200,58f0f667-5017-4e2f-a8f0-60c0494acd3e,2026-06-08T03:30:00Z,2026-06-08T05:30:00+0200,0.0,MW,FR,FR,forecast_solar_generation,Solar,2026-07-03T17:44:22Z
2026-07-03T17:43:44Z,2026-07-03T19:43:44+0200,58f0f667-5017-4e2f-a8f0-60c0494acd3e,2026-06-08T03:45:00Z,2026-06-08T05:45:00+0200,0.0,MW,FR,FR,forecast_solar_generation,Solar,2026-07-03T17:44:22Z
2026-07-03T17:43:44Z,2026-07-03T19:43:44+0200,58f0f667-5017-4e2f-a8f0-60c0494acd3e,2026-06-08T04:00:00Z,2026-06-08T06:00:00+0200,0.0,MW,FR,FR,forecast_solar_generation,Solar,2026-07-03T17:44:22Z
2026-07-03T17:43:44Z,2026-07-03T19:43:44+0200,58f0f667-5017-4e2f-a8f0-60c0494acd3e,2026-06-08T04:15:00Z,2026-06-08T06:15:00+0200,170.25081,MW,FR,FR,forecast_solar_generation,Solar,2026-07-03T17:44:22Z
2026-07-03T17:43:44Z,2026-07-03T19:43:44+0200,58f0f667-5017-4e2f-a8f0-60c0494acd3e,2026-06-08T04:30:00Z,2026-06-08T06:30:00+0200,298.56909,MW,FR,FR,forecast_solar_generation,Solar,2026-07-03T17:44:22Z
2026-07-03T17:43:44Z,2026-07-03T19:43:44+0200,58f0f667-5017-4e2f-a8f0-60c0494acd3e,2026-06-08T04:45:00Z,2026-06-08T06:45:00+0200,581.28613,MW,FR,FR,forecast_solar_generation,Solar,2026-07-03T17:44:22Z
2026-07-03T17:43:44Z,2026-07-03T19:43:44+0200,58f0f667-5017-4e2f-a8f0-60c0494acd3e,2026-06-08T05:00:00Z,2026-06-08T07:00:00+0200,944.70251,MW,FR,FR,forecast_solar_generation,Solar,2026-07-03T17:44:22Z
2026-07-03T17:43:44Z,2026-07-03T19:43:44+0200,58f0f667-5017-4e2f-a8f0-60c0494acd3e,2026-06-08T05:15:00Z,2026-06-08T07:15:00+0200,1396.74231,MW,FR,FR,forecast_solar_generation,Solar,2026-07-03T17:44:22Z
2026-07-03T17:43:44Z,2026-07-03T19:43:44+0200,58f0f667-5017-4e2f-a8f0-60c0494acd3e,2026-06-08T05:30:00Z,2026-06-08T07:30:00+0200,1896.22388,MW,FR,FR,forecast_solar_generation,Solar,2026-07-03T17:44:22Z
2026-07-03T17:43:44Z,2026-07-03T19:43:44+0200,58f0f667-5017-4e2f-a8f0-60c0494acd3e,2026-06-08T05:45:00Z,2026-06-08T07:45:00+0200,2518.98999,MW,FR,FR,forecast_solar_generation,Solar,2026-07-03T17:44:22Z
2026-07-03T17:43:44Z,2026-07-03T19:43:44+0200,58f0f667-5017-4e2f-a8f0-60c0494acd3e,2026-06-08T06:00:00Z,2026-06-08T08:00:00+0200,3192.323,MW,FR,FR,forecast_solar_generation,Solar,2026-07-03T17:44:22Z
2026-07-03T17:43:44Z,2026-07-03T19:43:44+0200,58f0f667-5017-4e2f-a8f0-60c0494acd3e,2026-06-08T06:15:00Z,2026-06-08T08:15:00+0200,3965.50195,MW,FR,FR,forecast_solar_generation,Solar,2026-07-03T17:44:22Z
2026-07-03T17:43:44Z,2026-07-03T19:43:44+0200,58f0f667-5017-4e2f-a8f0-60c0494acd3e,2026-06-08T06:30:00Z,2026-06-08T08:30:00+0200,4715.07568,MW,FR,FR,forecast_solar_generation,Solar,2026-07-03T17:44:22Z
2026-07-03T17:43:44Z,2026-07-03T19:43:44+0200,58f0f667-5017-4e2f-a8f0-60c0494acd3e,2026-06-08T06:45:00Z,2026-06-08T08:45:00+0200,5557.01074,MW,FR,FR,forecast_solar_generation,Solar,2026-07-03T17:44:22Z
2026-07-03T17:43:44Z,2026-07-03T19:43:44+0200,58f0f667-5017-4e2f-a8f0-60c0494acd3e,2026-06-08T07:00:00Z,2026-06-08T09:00:00+0200,6330.51562,MW,FR,FR,forecast_solar_generation,Solar,2026-07-03T17:44:22Z
2026-07-03T17:43:44Z,2026-07-03T19:43:44+0200,58f0f667-5017-4e2f-a8f0-60c0494acd3e,2026-06-08T07:15:00Z,2026-06-08T09:15:00+0200,7206.17188,MW,FR,FR,forecast_solar_generation,Solar,2026-07-03T17:44:22Z
2026-07-03T17:43:44Z,2026-07-03T19:43:44+0200,58f0f667-5017-4e2f-a8f0-60c0494acd3e,2026-06-08T07:30:00Z,2026-06-08T09:30:00+0200,7989.47656,MW,FR,FR,forecast_solar_generation,Solar,2026-07-03T17:44:22Z
2026-07-03T17:43:44Z,2026-07-03T19:43:44+0200,58f0f667-5017-4e2f-a8f0-60c0494acd3e,2026-06-08T07:45:00Z,2026-06-08T09:45:00+0200,8719.00879,MW,FR,FR,forecast_solar_generation,Solar,2026-07-03T17:44:22Z
2026-07-03T17:43:44Z,2026-07-03T19:43:44+0200,58f0f667-5017-4e2f-a8f0-60c0494acd3e,2026-06-08T08:00:00Z,2026-06-08T10:00:00+0200,9410.13965,MW,FR,FR,forecast_solar_generation,Solar,2026-07-03T17:44:22Z
2026-07-03T17:43:44Z,2026-07-03T19:43:44+0200,58f0f667-5017-4e2f-a8f0-60c0494acd3e,2026-06-08T08:15:00Z,2026-06-08T10:15:00+0200,10278.33789,MW,FR,FR,forecast_solar_generation,Solar,2026-07-03T17:44:22Z
2026-07-03T17:43:44Z,2026-07-03T19:43:44+0200,58f0f667-5017-4e2f-a8f0-60c0494acd3e,2026-06-08T08:30:00Z,2026-06-08T10:30:00+0200,10908.52344,MW,FR,FR,forecast_solar_generation,Solar,2026-07-03T17:44:22Z
2026-07-03T17:43:44Z,2026-07-03T19:43:44+0200,58f0f667-5017-4e2f-a8f0-60c0494acd3e,2026-06-08T08:45:00Z,2026-06-08T10:45:00+0200,11424.02832,MW,FR,FR,forecast_solar_generation,Solar,2026-07-03T17:44:22Z
2026-07-03T17:43:44Z,2026-07-03T19:43:44+0200,58f0f667-5017-4e2f-a8f0-60c0494acd3e,2026-06-08T09:00:00Z,2026-06-08T11:00:00+0200,11938.7793,MW,FR,FR,forecast_solar_generation,Solar,2026-07-03T17:44:22Z
2026-07-03T17:43:44Z,2026-07-03T19:43:44+0200,58f0f667-5017-4e2f-a8f0-60c0494acd3e,2026-06-08T09:15:00Z,2026-06-08T11:15:00+0200,12571.61621,MW,FR,FR,forecast_solar_generation,Solar,2026-07-03T17:44:22Z
2026-07-03T17:43:44Z,2026-07-03T19:43:44+0200,58f0f667-5017-4e2f-a8f0-60c0494acd3e,2026-06-08T09:30:00Z,2026-06-08T11:30:00+0200,13071.20605,MW,FR,FR,forecast_solar_generation,Solar,2026-07-03T17:44:22Z
2026-07-03T17:43:44Z,2026-07-03T19:43:44+0200,58f0f667-5017-4e2f-a8f0-60c0494acd3e,2026-06-08T09:45:00Z,2026-06-08T11:45:00+0200,13353.9209,MW,FR,FR,forecast_solar_generation,Solar,2026-07-03T17:44:22Z
2026-07-03T17:43:44Z,2026-07-03T19:43:44+0200,58f0f667-5017-4e2f-a8f0-60c0494acd3e,2026-06-08T10:00:00Z,2026-06-08T12:00:00+0200,13668.38867,MW,FR,FR,forecast_solar_generation,Solar,2026-07-03T17:44:22Z
2026-07-03T17:43:44Z,2026-07-03T19:43:44+0200,58f0f667-5017-4e2f-a8f0-60c0494acd3e,2026-06-08T10:15:00Z,2026-06-08T12:15:00+0200,13977.90039,MW,FR,FR,forecast_solar_generation,Solar,2026-07-03T17:44:22Z
2026-07-03T17:43:44Z,2026-07-03T19:43:44+0200,58f0f667-5017-4e2f-a8f0-60c0494acd3e,2026-06-08T10:30:00Z,2026-06-08T12:30:00+0200,14311.4248,MW,FR,FR,forecast_solar_generation,Solar,2026-07-03T17:44:22Z
2026-07-03T17:43:44Z,2026-07-03T19:43:44+0200,58f0f667-5017-4e2f-a8f0-60c0494acd3e,2026-06-08T10:45:00Z,2026-06-08T12:45:00+0200,14387.625,MW,FR,FR,forecast_solar_generation,Solar,2026-07-03T17:44:22Z
2026-07-03T17:43:44Z,2026-07-03T19:43:44+0200,58f0f667-5017-4e2f-a8f0-60c0494acd3e,2026-06-08T11:00:00Z,2026-06-08T13:00:00+0200,14481.26367,MW,FR,FR,forecast_solar_generation,Solar,2026-07-03T17:44:22Z
2026-07-03T17:43:44Z,2026-07-03T19:43:44+0200,58f0f667-5017-4e2f-a8f0-60c0494acd3e,2026-06-08T11:15:00Z,2026-06-08T13:15:00+0200,14439.30957,MW,FR,FR,forecast_solar_generation,Solar,2026-07-03T17:44:22Z
2026-07-03T17:43:44Z,2026-07-03T19:43:44+0200,58f0f667-5017-4e2f-a8f0-60c0494acd3e,2026-06-08T11:30:00Z,2026-06-08T13:30:00+0200,14393.2041,MW,FR,FR,forecast_solar_generation,Solar,2026-07-03T17:44:22Z
2026-07-03T17:43:44Z,2026-07-03T19:43:44+0200,58f0f667-5017-4e2f-a8f0-60c0494acd3e,2026-06-08T11:45:00Z,2026-06-08T13:45:00+0200,14391.12012,MW,FR,FR,forecast_solar_generation,Solar,2026-07-03T17:44:22Z
2026-07-03T17:43:44Z,2026-07-03T19:43:44+0200,58f0f667-5017-4e2f-a8f0-60c0494acd3e,2026-06-08T12:00:00Z,2026-06-08T14:00:00+0200,14395.59082,MW,FR,FR,forecast_solar_generation,Solar,2026-07-03T17:44:22Z
2026-07-03T17:43:44Z,2026-07-03T19:43:44+0200,58f0f667-5017-4e2f-a8f0-60c0494acd3e,2026-06-08T12:15:00Z,2026-06-08T14:15:00+0200,14451.25781,MW,FR,FR,forecast_solar_generation,Solar,2026-07-03T17:44:22Z
2026-07-03T17:43:44Z,2026-07-03T19:43:44+0200,58f0f667-5017-4e2f-a8f0-60c0494acd3e,2026-06-08T12:30:00Z,2026-06-08T14:30:00+0200,14503.83984,MW,FR,FR,forecast_solar_generation,Solar,2026-07-03T17:44:22Z
2026-07-03T17:43:44Z,2026-07-03T19:43:44+0200,58f0f667-5017-4e2f-a8f0-60c0494acd3e,2026-06-08T12:45:00Z,2026-06-08T14:45:00+0200,14470.99805,MW,FR,FR,forecast_solar_generation,Solar,2026-07-03T17:44:22Z
2026-07-03T17:43:44Z,2026-07-03T19:43:44+0200,58f0f667-5017-4e2f-a8f0-60c0494acd3e,2026-06-08T13:00:00Z,2026-06-08T15:00:00+0200,14365.04395,MW,FR,FR,forecast_solar_generation,Solar,2026-07-03T17:44:22Z
2026-07-03T17:43:44Z,2026-07-03T19:43:44+0200,58f0f667-5017-4e2f-a8f0-60c0494acd3e,2026-06-08T13:15:00Z,2026-06-08T15:15:00+0200,14198.16016,MW,FR,FR,forecast_solar_generation,Solar,2026-07-03T17:44:22Z
2026-07-03T17:43:44Z,2026-07-03T19:43:44+0200,58f0f667-5017-4e2f-a8f0-60c0494acd3e,2026-06-08T13:30:00Z,2026-06-08T15:30:00+0200,13886.44531,MW,FR,FR,forecast_solar_generation,Solar,2026-07-03T17:44:22Z
2026-07-03T17:43:44Z,2026-07-03T19:43:44+0200,58f0f667-5017-4e2f-a8f0-60c0494acd3e,2026-06-08T13:45:00Z,2026-06-08T15:45:00+0200,13416.60645,MW,FR,FR,forecast_solar_generation,Solar,2026-07-03T17:44:22Z
2026-07-03T17:43:44Z,2026-07-03T19:43:44+0200,58f0f667-5017-4e2f-a8f0-60c0494acd3e,2026-06-08T14:00:00Z,2026-06-08T16:00:00+0200,13033.06055,MW,FR,FR,forecast_solar_generation,Solar,2026-07-03T17:44:22Z
2026-07-03T17:43:44Z,2026-07-03T19:43:44+0200,58f0f667-5017-4e2f-a8f0-60c0494acd3e,2026-06-08T14:15:00Z,2026-06-08T16:15:00+0200,12723.41602,MW,FR,FR,forecast_solar_generation,Solar,2026-07-03T17:44:22Z
2026-07-03T17:43:44Z,2026-07-03T19:43:44+0200,58f0f667-5017-4e2f-a8f0-60c0494acd3e,2026-06-08T14:30:00Z,2026-06-08T16:30:00+0200,12275.90527,MW,FR,FR,forecast_solar_generation,Solar,2026-07-03T17:44:22Z
2026-07-03T17:43:44Z,2026-07-03T19:43:44+0200,58f0f667-5017-4e2f-a8f0-60c0494acd3e,2026-06-08T14:45:00Z,2026-06-08T16:45:00+0200,11726.65234,MW,FR,FR,forecast_solar_generation,Solar,2026-07-03T17:44:22Z
2026-07-03T17:43:44Z,2026-07-03T19:43:44+0200,58f0f667-5017-4e2f-a8f0-60c0494acd3e,2026-06-08T15:00:00Z,2026-06-08T17:00:00+0200,11127.26172,MW,FR,FR,forecast_solar_generation,Solar,2026-07-03T17:44:22Z
2026-07-03T17:43:44Z,2026-07-03T19:43:44+0200,58f0f667-5017-4e2f-a8f0-60c0494acd3e,2026-06-08T15:15:00Z,2026-06-08T17:15:00+0200,10458.06055,MW,FR,FR,forecast_solar_generation,Solar,2026-07-03T17:44:22Z
2026-07-03T17:43:44Z,2026-07-03T19:43:44+0200,58f0f667-5017-4e2f-a8f0-60c0494acd3e,2026-06-08T15:30:00Z,2026-06-08T17:30:00+0200,9810.47461,MW,FR,FR,forecast_solar_generation,Solar,2026-07-03T17:44:22Z
2026-07-03T17:43:44Z,2026-07-03T19:43:44+0200,58f0f667-5017-4e2f-a8f0-60c0494acd3e,2026-06-08T15:45:00Z,2026-06-08T17:45:00+0200,9191.74805,MW,FR,FR,forecast_solar_generation,Solar,2026-07-03T17:44:22Z
2026-07-03T17:43:44Z,2026-07-03T19:43:44+0200,58f0f667-5017-4e2f-a8f0-60c0494acd3e,2026-06-08T16:00:00Z,2026-06-08T18:00:00+0200,8360.48828,MW,FR,FR,forecast_solar_generation,Solar,2026-07-03T17:44:22Z
2026-07-03T17:43:44Z,2026-07-03T19:43:44+0200,58f0f667-5017-4e2f-a8f0-60c0494acd3e,2026-06-08T16:15:00Z,2026-06-08T18:15:00+0200,7495.26367,MW,FR,FR,forecast_solar_generation,Solar,2026-07-03T17:44:22Z
2026-07-03T17:43:44Z,2026-07-03T19:43:44+0200,58f0f667-5017-4e2f-a8f0-60c0494acd3e,2026-06-08T16:30:00Z,2026-06-08T18:30:00+0200,6781.80957,MW,FR,FR,forecast_solar_generation,Solar,2026-07-03T17:44:22Z
2026-07-03T17:43:44Z,2026-07-03T19:43:44+0200,58f0f667-5017-4e2f-a8f0-60c0494acd3e,2026-06-08T16:45:00Z,2026-06-08T18:45:00+0200,6168.91064,MW,FR,FR,forecast_solar_generation,Solar,2026-07-03T17:44:22Z
2026-07-03T17:43:44Z,2026-07-03T19:43:44+0200,58f0f667-5017-4e2f-a8f0-60c0494acd3e,2026-06-08T17:00:00Z,2026-06-08T19:00:00+0200,5274.48535,MW,FR,FR,forecast_solar_generation,Solar,2026-07-03T17:44:22Z
2026-07-03T17:43:44Z,2026-07-03T19:43:44+0200,58f0f667-5017-4e2f-a8f0-60c0494acd3e,2026-06-08T17:15:00Z,2026-06-08T19:15:00+0200,4632.72656,MW,FR,FR,forecast_solar_generation,Solar,2026-07-03T17:44:22Z
2026-07-03T17:43:44Z,2026-07-03T19:43:44+0200,58f0f667-5017-4e2f-a8f0-60c0494acd3e,2026-06-08T17:30:00Z,2026-06-08T19:30:00+0200,3823.01685,MW,FR,FR,forecast_solar_generation,Solar,2026-07-03T17:44:22Z
2026-07-03T17:43:44Z,2026-07-03T19:43:44+0200,58f0f667-5017-4e2f-a8f0-60c0494acd3e,2026-06-08T17:45:00Z,2026-06-08T19:45:00+0200,3235.81274,MW,FR,FR,forecast_solar_generation,Solar,2026-07-03T17:44:22Z
2026-07-03T17:43:44Z,2026-07-03T19:43:44+0200,58f0f667-5017-4e2f-a8f0-60c0494acd3e,2026-06-08T18:00:00Z,2026-06-08T20:00:00+0200,2526.28369,MW,FR,FR,forecast_solar_generation,Solar,2026-07-03T17:44:22Z
2026-07-03T17:43:44Z,2026-07-03T19:43:44+0200,58f0f667-5017-4e2f-a8f0-60c0494acd3e,2026-06-08T18:15:00Z,2026-06-08T20:15:00+0200,1985.41089,MW,FR,FR,forecast_solar_generation,Solar,2026-07-03T17:44:22Z
2026-07-03T17:43:44Z,2026-07-03T19:43:44+0200,58f0f667-5017-4e2f-a8f0-60c0494acd3e,2026-06-08T18:30:00Z,2026-06-08T20:30:00+0200,1472.55811,MW,FR,FR,forecast_solar_generation,Solar,2026-07-03T17:44:22Z
2026-07-03T17:43:44Z,2026-07-03T19:43:44+0200,58f0f667-5017-4e2f-a8f0-60c0494acd3e,2026-06-08T18:45:00Z,2026-06-08T20:45:00+0200,1073.61267,MW,FR,FR,forecast_solar_generation,Solar,2026-07-03T17:44:22Z
2026-07-03T17:43:44Z,2026-07-03T19:43:44+0200,58f0f667-5017-4e2f-a8f0-60c0494acd3e,2026-06-08T19:00:00Z,2026-06-08T21:00:00+0200,719.62262,MW,FR,FR,forecast_solar_generation,Solar,2026-07-03T17:44:22Z
2026-07-03T17:43:44Z,2026-07-03T19:43:44+0200,58f0f667-5017-4e2f-a8f0-60c0494acd3e,2026-06-08T19:15:00Z,2026-06-08T21:15:00+0200,408.15112,MW,FR,FR,forecast_solar_generation,Solar,2026-07-03T17:44:22Z
2026-07-03T17:43:44Z,2026-07-03T19:43:44+0200,58f0f667-5017-4e2f-a8f0-60c0494acd3e,2026-06-08T19:30:00Z,2026-06-08T21:30:00+0200,196.04036,MW,FR,FR,forecast_solar_generation,Solar,2026-07-03T17:44:22Z
2026-07-03T17:43:44Z,2026-07-03T19:43:44+0200,58f0f667-5017-4e2f-a8f0-60c0494acd3e,2026-06-08T19:45:00Z,2026-06-08T21:45:00+0200,64.17681,MW,FR,FR,forecast_solar_generation,Solar,2026-07-03T17:44:22Z
2026-07-03T17:43:44Z,2026-07-03T19:43:44+0200,58f0f667-5017-4e2f-a8f0-60c0494acd3e,2026-06-08T20:00:00Z,2026-06-08T22:00:00+0200,9.04045,MW,FR,FR,forecast_solar_generation,Solar,2026-07-03T17:44:22Z
2026-07-03T17:43:44Z,2026-07-03T19:43:44+0200,58f0f667-5017-4e2f-a8f0-60c0494acd3e,2026-06-08T20:15:00Z,2026-06-08T22:15:00+0200,0.0,MW,FR,FR,forecast_solar_generation,Solar,2026-07-03T17:44:22Z
2026-07-03T17:43:44Z,2026-07-03T19:43:44+0200,58f0f667-5017-4e2f-a8f0-60c0494acd3e,2026-06-08T20:30:00Z,2026-06-08T22:30:00+0200,0.0,MW,FR,FR,forecast_solar_generation,Solar,2026-07-03T17:44:22Z
2026-07-03T17:43:44Z,2026-07-03T19:43:44+0200,58f0f667-5017-4e2f-a8f0-60c0494acd3e,2026-06-08T20:45:00Z,2026-06-08T22:45:00+0200,0.0,MW,FR,FR,forecast_solar_generation,Solar,2026-07-03T17:44:22Z
2026-07-03T17:43:44Z,2026-07-03T19:43:44+0200,58f0f667-5017-4e2f-a8f0-60c0494acd3e,2026-06-08T21:00:00Z,2026-06-08T23:00:00+0200,0.0,MW,FR,FR,forecast_solar_generation,Solar,2026-07-03T17:44:22Z
2026-07-03T17:43:44Z,2026-07-03T19:43:44+0200,58f0f667-5017-4e2f-a8f0-60c0494acd3e,2026-06-08T21:15:00Z,2026-06-08T23:15:00+0200,0.0,MW,FR,FR,forecast_solar_generation,Solar,2026-07-03T17:44:22Z
2026-07-03T17:43:44Z,2026-07-03T19:43:44+0200,58f0f667-5017-4e2f-a8f0-60c0494acd3e,2026-06-08T21:30:00Z,2026-06-08T23:30:00+0200,0.0,MW,FR,FR,forecast_solar_generation,Solar,2026-07-03T17:44:22Z
2026-07-03T17:43:44Z,2026-07-03T19:43:44+0200,58f0f667-5017-4e2f-a8f0-60c0494acd3e,2026-06-08T21:45:00Z,2026-06-08T23:45:00+0200,0.0,MW,FR,FR,forecast_solar_generation,Solar,2026-07-03T17:44:22Z
2026-07-03T17:43:44Z,2026-07-03T19:43:44+0200,58f0f667-5017-4e2f-a8f0-60c0494acd3e,2026-06-08T22:00:00Z,2026-06-09T00:00:00+0200,0.0,MW,FR,FR,forecast_solar_generation,Solar,2026-07-03T17:44:22Z
2026-07-03T17:43:44Z,2026-07-03T19:43:44+0200,58f0f667-5017-4e2f-a8f0-60c0494acd3e,2026-06-08T22:15:00Z,2026-06-09T00:15:00+0200,0.0,MW,FR,FR,forecast_solar_generation,Solar,2026-07-03T17:44:22Z
2026-07-03T17:43:44Z,2026-07-03T19:43:44+0200,58f0f667-5017-4e2f-a8f0-60c0494acd3e,2026-06-08T22:30:00Z,2026-06-09T00:30:00+0200,0.0,MW,FR,FR,forecast_solar_generation,Solar,2026-07-03T17:44:22Z
2026-07-03T17:43:44Z,2026-07-03T19:43:44+0200,58f0f667-5017-4e2f-a8f0-60c0494acd3e,2026-06-08T22:45:00Z,2026-06-09T00:45:00+0200,0.0,MW,FR,FR,forecast_solar_generation,Solar,2026-07-03T17:44:22Z
2026-07-03T17:43:44Z,2026-07-03T19:43:44+0200,58f0f667-5017-4e2f-a8f0-60c0494acd3e,2026-06-08T23:00:00Z,2026-06-09T01:00:00+0200,0.0,MW,FR,FR,forecast_solar_generation,Solar,2026-07-03T17:44:22Z
2026-07-03T17:43:44Z,2026-07-03T19:43:44+0200,58f0f667-5017-4e2f-a8f0-60c0494acd3e,2026-06-08T23:15:00Z,2026-06-09T01:15:00+0200,0.0,MW,FR,FR,forecast_solar_generation,Solar,2026-07-03T17:44:22Z
2026-07-03T17:43:44Z,2026-07-03T19:43:44+0200,58f0f667-5017-4e2f-a8f0-60c0494acd3e,2026-06-08T23:30:00Z,2026-06-09T01:30:00+0200,0.0,MW,FR,FR,forecast_solar_generation,Solar,2026-07-03T17:44:22Z
2026-07-03T17:43:44Z,2026-07-03T19:43:44+0200,58f0f667-5017-4e2f-a8f0-60c0494acd3e,2026-06-08T23:45:00Z,2026-06-09T01:45:00+0200,0.0,MW,FR,FR,forecast_solar_generation,Solar,2026-07-03T17:44:22Z
2026-07-03T17:43:44Z,2026-07-03T19:43:44+0200,58f0f667-5017-4e2f-a8f0-60c0494acd3e,2026-06-09T00:00:00Z,2026-06-09T02:00:00+0200,0.0,MW,FR,FR,forecast_solar_generation,Solar,2026-07-03T17:44:22Z
2026-07-03T17:43:44Z,2026-07-03T19:43:44+0200,58f0f667-5017-4e2f-a8f0-60c0494acd3e,2026-06-09T00:15:00Z,2026-06-09T02:15:00+0200,0.0,MW,FR,FR,forecast_solar_generation,Solar,2026-07-03T17:44:22Z
2026-07-03T17:43:44Z,2026-07-03T19:43:44+0200,58f0f667-5017-4e2f-a8f0-60c0494acd3e,2026-06-09T00:30:00Z,2026-06-09T02:30:00+0200,0.0,MW,FR,FR,forecast_solar_generation,Solar,2026-07-03T17:44:22Z
2026-07-03T17:43:44Z,2026-07-03T19:43:44+0200,58f0f667-5017-4e2f-a8f0-60c0494acd3e,2026-06-09T00:45:00Z,2026-06-09T02:45:00+0200,0.0,MW,FR,FR,forecast_solar_generation,Solar,2026-07-03T17:44:22Z
2026-07-03T17:43:44Z,2026-07-03T19:43:44+0200,58f0f667-5017-4e2f-a8f0-60c0494acd3e,2026-06-09T01:00:00Z,2026-06-09T03:00:00+0200,0.0,MW,FR,FR,forecast_solar_generation,Solar,2026-07-03T17:44:22Z
2026-07-03T17:43:44Z,2026-07-03T19:43:44+0200,58f0f667-5017-4e2f-a8f0-60c0494acd3e,2026-06-09T01:15:00Z,2026-06-09T03:15:00+0200,0.0,MW,FR,FR,forecast_solar_generation,Solar,2026-07-03T17:44:22Z
2026-07-03T17:43:44Z,2026-07-03T19:43:44+0200,58f0f667-5017-4e2f-a8f0-60c0494acd3e,2026-06-09T01:30:00Z,2026-06-09T03:30:00+0200,0.0,MW,FR,FR,forecast_solar_generation,Solar,2026-07-03T17:44:22Z
2026-07-03T17:43:44Z,2026-07-03T19:43:44+0200,58f0f667-5017-4e2f-a8f0-60c0494acd3e,2026-06-09T01:45:00Z,2026-06-09T03:45:00+0200,0.0,MW,FR,FR,forecast_solar_generation,Solar,2026-07-03T17:44:22Z
2026-07-03T17:43:44Z,2026-07-03T19:43:44+0200,58f0f667-5017-4e2f-a8f0-60c0494acd3e,2026-06-09T02:00:00Z,2026-06-09T04:00:00+0200,0.0,MW,FR,FR,forecast_solar_generation,Solar,2026-07-03T17:44:22Z
2026-07-03T17:43:44Z,2026-07-03T19:43:44+0200,58f0f667-5017-4e2f-a8f0-60c0494acd3e,2026-06-09T02:15:00Z,2026-06-09T04:15:00+0200,0.0,MW,FR,FR,forecast_solar_generation,Solar,2026-07-03T17:44:22Z
2026-07-03T17:43:44Z,2026-07-03T19:43:44+0200,58f0f667-5017-4e2f-a8f0-60c0494acd3e,2026-06-09T02:30:00Z,2026-06-09T04:30:00+0200,0.0,MW,FR,FR,forecast_solar_generation,Solar,2026-07-03T17:44:22Z
2026-07-03T17:43:44Z,2026-07-03T19:43:44+0200,58f0f667-5017-4e2f-a8f0-60c0494acd3e,2026-06-09T02:45:00Z,2026-06-09T04:45:00+0200,0.0,MW,FR,FR,forecast_solar_generation,Solar,2026-07-03T17:44:22Z
2026-07-03T17:43:44Z,2026-07-03T19:43:44+0200,58f0f667-5017-4e2f-a8f0-60c0494acd3e,2026-06-09T03:00:00Z,2026-06-09T05:00:00+0200,0.0,MW,FR,FR,forecast_solar_generation,Solar,2026-07-03T17:44:22Z
2026-07-03T17:43:44Z,2026-07-03T19:43:44+0200,58f0f667-5017-4e2f-a8f0-60c0494acd3e,2026-06-09T03:15:00Z,2026-06-09T05:15:00+0200,0.0,MW,FR,FR,forecast_solar_generation,Solar,2026-07-03T17:44:22Z
2026-07-03T17:43:44Z,2026-07-03T19:43:44+0200,58f0f667-5017-4e2f-a8f0-60c0494acd3e,2026-06-09T03:30:00Z,2026-06-09T05:30:00+0200,0.0,MW,FR,FR,forecast_solar_generation,Solar,2026-07-03T17:44:22Z
2026-07-03T17:43:44Z,2026-07-03T19:43:44+0200,58f0f667-5017-4e2f-a8f0-60c0494acd3e,2026-06-09T03:45:00Z,2026-06-09T05:45:00+0200,0.0,MW,FR,FR,forecast_solar_generation,Solar,2026-07-03T17:44:22Z
2026-07-03T17:43:44Z,2026-07-03T19:43:44+0200,58f0f667-5017-4e2f-a8f0-60c0494acd3e,2026-06-09T04:00:00Z,2026-06-09T06:00:00+0200,0.0,MW,FR,FR,forecast_solar_generation,Solar,2026-07-03T17:44:22Z
2026-07-03T17:43:44Z,2026-07-03T19:43:44+0200,58f0f667-5017-4e2f-a8f0-60c0494acd3e,2026-06-09T04:15:00Z,2026-06-09T06:15:00+0200,145.39372,MW,FR,FR,forecast_solar_generation,Solar,2026-07-03T17:44:22Z
2026-07-03T17:43:44Z,2026-07-03T19:43:44+0200,58f0f667-5017-4e2f-a8f0-60c0494acd3e,2026-06-09T04:30:00Z,2026-06-09T06:30:00+0200,260.45996,MW,FR,FR,forecast_solar_generation,Solar,2026-07-03T17:44:22Z
2026-07-03T17:43:44Z,2026-07-03T19:43:44+0200,58f0f667-5017-4e2f-a8f0-60c0494acd3e,2026-06-09T04:45:00Z,2026-06-09T06:45:00+0200,546.04974,MW,FR,FR,forecast_solar_generation,Solar,2026-07-03T17:44:22Z
2026-07-03T17:43:44Z,2026-07-03T19:43:44+0200,58f0f667-5017-4e2f-a8f0-60c0494acd3e,2026-06-09T05:00:00Z,2026-06-09T07:00:00+0200,906.53015,MW,FR,FR,forecast_solar_generation,Solar,2026-07-03T17:44:22Z
2026-07-03T17:43:44Z,2026-07-03T19:43:44+0200,58f0f667-5017-4e2f-a8f0-60c0494acd3e,2026-06-09T05:15:00Z,2026-06-09T07:15:00+0200,1339.91589,MW,FR,FR,forecast_solar_generation,Solar,2026-07-03T17:44:22Z
2026-07-03T17:43:44Z,2026-07-03T19:43:44+0200,58f0f667-5017-4e2f-a8f0-60c0494acd3e,2026-06-09T05:30:00Z,2026-06-09T07:30:00+0200,1820.29761,MW,FR,FR,forecast_solar_generation,Solar,2026-07-03T17:44:22Z
2026-07-03T17:43:44Z,2026-07-03T19:43:44+0200,58f0f667-5017-4e2f-a8f0-60c0494acd3e,2026-06-09T05:45:00Z,2026-06-09T07:45:00+0200,2497.47314,MW,FR,FR,forecast_solar_generation,Solar,2026-07-03T17:44:22Z
2026-07-03T17:43:44Z,2026-07-03T19:43:44+0200,58f0f667-5017-4e2f-a8f0-60c0494acd3e,2026-06-09T06:00:00Z,2026-06-09T08:00:00+0200,3165.37866,MW,FR,FR,forecast_solar_generation,Solar,2026-07-03T17:44:22Z
2026-07-03T17:43:44Z,2026-07-03T19:43:44+0200,58f0f667-5017-4e2f-a8f0-60c0494acd3e,2026-06-09T06:15:00Z,2026-06-09T08:15:00+0200,3999.15308,MW,FR,FR,forecast_solar_generation,Solar,2026-07-03T17:44:22Z
2026-07-03T17:43:44Z,2026-07-03T19:43:44+0200,58f0f667-5017-4e2f-a8f0-60c0494acd3e,2026-06-09T06:30:00Z,2026-06-09T08:30:00+0200,4823.8374,MW,FR,FR,forecast_solar_generation,Solar,2026-07-03T17:44:22Z
2026-07-03T17:43:44Z,2026-07-03T19:43:44+0200,58f0f667-5017-4e2f-a8f0-60c0494acd3e,2026-06-09T06:45:00Z,2026-06-09T08:45:00+0200,5746.81055,MW,FR,FR,forecast_solar_generation,Solar,2026-07-03T17:44:22Z
2026-07-03T17:43:44Z,2026-07-03T19:43:44+0200,58f0f667-5017-4e2f-a8f0-60c0494acd3e,2026-06-09T07:00:00Z,2026-06-09T09:00:00+0200,6672.98193,MW,FR,FR,forecast_solar_generation,Solar,2026-07-03T17:44:22Z
2026-07-03T17:43:44Z,2026-07-03T19:43:44+0200,58f0f667-5017-4e2f-a8f0-60c0494acd3e,2026-06-09T07:15:00Z,2026-06-09T09:15:00+0200,7644.21094,MW,FR,FR,forecast_solar_generation,Solar,2026-07-03T17:44:22Z
2026-07-03T17:43:44Z,2026-07-03T19:43:44+0200,58f0f667-5017-4e2f-a8f0-60c0494acd3e,2026-06-09T07:30:00Z,2026-06-09T09:30:00+0200,8595.37793,MW,FR,FR,forecast_solar_generation,Solar,2026-07-03T17:44:22Z
2026-07-03T17:43:44Z,2026-07-03T19:43:44+0200,58f0f667-5017-4e2f-a8f0-60c0494acd3e,2026-06-09T07:45:00Z,2026-06-09T09:45:00+0200,9463.70703,MW,FR,FR,forecast_solar_generation,Solar,2026-07-03T17:44:22Z
2026-07-03T17:43:44Z,2026-07-03T19:43:44+0200,58f0f667-5017-4e2f-a8f0-60c0494acd3e,2026-06-09T08:00:00Z,2026-06-09T10:00:00+0200,10329.42773,MW,FR,FR,forecast_solar_generation,Solar,2026-07-03T17:44:22Z
2026-07-03T17:43:44Z,2026-07-03T19:43:44+0200,58f0f667-5017-4e2f-a8f0-60c0494acd3e,2026-06-09T08:15:00Z,2026-06-09T10:15:00+0200,8440.20996,MW,FR,FR,forecast_solar_generation,Solar,2026-07-03T17:44:22Z
2026-07-03T17:43:44Z,2026-07-03T19:43:44+0200,58f0f667-5017-4e2f-a8f0-60c0494acd3e,2026-06-09T08:30:00Z,2026-06-09T10:30:00+0200,9053.06152,MW,FR,FR,forecast_solar_generation,Solar,2026-07-03T17:44:22Z
2026-07-03T17:43:44Z,2026-07-03T19:43:44+0200,58f0f667-5017-4e2f-a8f0-60c0494acd3e,2026-06-09T08:45:00Z,2026-06-09T10:45:00+0200,9521.68555,MW,FR,FR,forecast_solar_generation,Solar,2026-07-03T17:44:22Z
2026-07-03T17:43:44Z,2026-07-03T19:43:44+0200,58f0f667-5017-4e2f-a8f0-60c0494acd3e,2026-06-09T09:00:00Z,2026-06-09T11:00:00+0200,10003.53418,MW,FR,FR,forecast_solar_generation,Solar,2026-07-03T17:44:22Z
2026-07-03T17:43:44Z,2026-07-03T19:43:44+0200,58f0f667-5017-4e2f-a8f0-60c0494acd3e,2026-06-09T09:15:00Z,2026-06-09T11:15:00+0200,10465.11133,MW,FR,FR,forecast_solar_generation,Solar,2026-07-03T17:44:22Z
2026-07-03T17:43:44Z,2026-07-03T19:43:44+0200,58f0f667-5017-4e2f-a8f0-60c0494acd3e,2026-06-09T09:30:00Z,2026-06-09T11:30:00+0200,10933.37207,MW,FR,FR,forecast_solar_generation,Solar,2026-07-03T17:44:22Z
2026-07-03T17:43:44Z,2026-07-03T19:43:44+0200,58f0f667-5017-4e2f-a8f0-60c0494acd3e,2026-06-09T09:45:00Z,2026-06-09T11:45:00+0200,11163.50684,MW,FR,FR,forecast_solar_generation,Solar,2026-07-03T17:44:22Z
2026-07-03T17:43:44Z,2026-07-03T19:43:44+0200,58f0f667-5017-4e2f-a8f0-60c0494acd3e,2026-06-09T10:00:00Z,2026-06-09T12:00:00+0200,11455.3623,MW,FR,FR,forecast_solar_generation,Solar,2026-07-03T17:44:22Z
2026-07-03T17:43:44Z,2026-07-03T19:43:44+0200,58f0f667-5017-4e2f-a8f0-60c0494acd3e,2026-06-09T10:15:00Z,2026-06-09T12:15:00+0200,11689.97266,MW,FR,FR,forecast_solar_generation,Solar,2026-07-03T17:44:22Z
2026-07-03T17:43:44Z,2026-07-03T19:43:44+0200,58f0f667-5017-4e2f-a8f0-60c0494acd3e,2026-06-09T10:30:00Z,2026-06-09T12:30:00+0200,11922.30762,MW,FR,FR,forecast_solar_generation,Solar,2026-07-03T17:44:22Z
2026-07-03T17:43:44Z,2026-07-03T19:43:44+0200,58f0f667-5017-4e2f-a8f0-60c0494acd3e,2026-06-09T10:45:00Z,2026-06-09T12:45:00+0200,12068.56641,MW,FR,FR,forecast_solar_generation,Solar,2026-07-03T17:44:22Z
2026-07-03T17:43:44Z,2026-07-03T19:43:44+0200,58f0f667-5017-4e2f-a8f0-60c0494acd3e,2026-06-09T11:00:00Z,2026-06-09T13:00:00+0200,12310.85547,MW,FR,FR,forecast_solar_generation,Solar,2026-07-03T17:44:22Z
2026-07-03T17:43:44Z,2026-07-03T19:43:44+0200,58f0f667-5017-4e2f-a8f0-60c0494acd3e,2026-06-09T11:15:00Z,2026-06-09T13:15:00+0200,12426.98633,MW,FR,FR,forecast_solar_generation,Solar,2026-07-03T17:44:22Z
2026-07-03T17:43:44Z,2026-07-03T19:43:44+0200,58f0f667-5017-4e2f-a8f0-60c0494acd3e,2026-06-09T11:30:00Z,2026-06-09T13:30:00+0200,12593.40234,MW,FR,FR,forecast_solar_generation,Solar,2026-07-03T17:44:22Z
2026-07-03T17:43:44Z,2026-07-03T19:43:44+0200,58f0f667-5017-4e2f-a8f0-60c0494acd3e,2026-06-09T11:45:00Z,2026-06-09T13:45:00+0200,12613.66602,MW,FR,FR,forecast_solar_generation,Solar,2026-07-03T17:44:22Z
2026-07-03T17:43:44Z,2026-07-03T19:43:44+0200,58f0f667-5017-4e2f-a8f0-60c0494acd3e,2026-06-09T12:00:00Z,2026-06-09T14:00:00+0200,12606.05469,MW,FR,FR,forecast_solar_generation,Solar,2026-07-03T17:44:22Z
2026-07-03T17:43:44Z,2026-07-03T19:43:44+0200,58f0f667-5017-4e2f-a8f0-60c0494acd3e,2026-06-09T12:15:00Z,2026-06-09T14:15:00+0200,12569.9248,MW,FR,FR,forecast_solar_generation,Solar,2026-07-03T17:44:22Z
2026-07-03T17:43:44Z,2026-07-03T19:43:44+0200,58f0f667-5017-4e2f-a8f0-60c0494acd3e,2026-06-09T12:30:00Z,2026-06-09T14:30:00+0200,12546.6543,MW,FR,FR,forecast_solar_generation,Solar,2026-07-03T17:44:22Z
2026-07-03T17:43:44Z,2026-07-03T19:43:44+0200,58f0f667-5017-4e2f-a8f0-60c0494acd3e,2026-06-09T12:45:00Z,2026-06-09T14:45:00+0200,12439.99707,MW,FR,FR,forecast_solar_generation,Solar,2026-07-03T17:44:22Z
2026-07-03T17:43:44Z,2026-07-03T19:43:44+0200,58f0f667-5017-4e2f-a8f0-60c0494acd3e,2026-06-09T13:00:00Z,2026-06-09T15:00:00+0200,12256.27344,MW,FR,FR,forecast_solar_generation,Solar,2026-07-03T17:44:22Z
2026-07-03T17:43:44Z,2026-07-03T19:43:44+0200,58f0f667-5017-4e2f-a8f0-60c0494acd3e,2026-06-09T13:15:00Z,2026-06-09T15:15:00+0200,12083.34277,MW,FR,FR,forecast_solar_generation,Solar,2026-07-03T17:44:22Z
2026-07-03T17:43:44Z,2026-07-03T19:43:44+0200,58f0f667-5017-4e2f-a8f0-60c0494acd3e,2026-06-09T13:30:00Z,2026-06-09T15:30:00+0200,11853.72168,MW,FR,FR,forecast_solar_generation,Solar,2026-07-03T17:44:22Z
2026-07-03T17:43:44Z,2026-07-03T19:43:44+0200,58f0f667-5017-4e2f-a8f0-60c0494acd3e,2026-06-09T13:45:00Z,2026-06-09T15:45:00+0200,11535.40918,MW,FR,FR,forecast_solar_generation,Solar,2026-07-03T17:44:22Z
2026-07-03T17:43:44Z,2026-07-03T19:43:44+0200,58f0f667-5017-4e2f-a8f0-60c0494acd3e,2026-06-09T14:00:00Z,2026-06-09T16:00:00+0200,11183.50391,MW,FR,FR,forecast_solar_generation,Solar,2026-07-03T17:44:22Z
2026-07-03T17:43:44Z,2026-07-03T19:43:44+0200,58f0f667-5017-4e2f-a8f0-60c0494acd3e,2026-06-09T14:15:00Z,2026-06-09T16:15:00+0200,10844.8877,MW,FR,FR,forecast_solar_generation,Solar,2026-07-03T17:44:22Z
2026-07-03T17:43:44Z,2026-07-03T19:43:44+0200,58f0f667-5017-4e2f-a8f0-60c0494acd3e,2026-06-09T14:30:00Z,2026-06-09T16:30:00+0200,10432.7666,MW,FR,FR,forecast_solar_generation,Solar,2026-07-03T17:44:22Z
2026-07-03T17:43:44Z,2026-07-03T19:43:44+0200,58f0f667-5017-4e2f-a8f0-60c0494acd3e,2026-06-09T14:45:00Z,2026-06-09T16:45:00+0200,9978.54883,MW,FR,FR,forecast_solar_generation,Solar,2026-07-03T17:44:22Z
2026-07-03T17:43:44Z,2026-07-03T19:43:44+0200,58f0f667-5017-4e2f-a8f0-60c0494acd3e,2026-06-09T15:00:00Z,2026-06-09T17:00:00+0200,9505.62012,MW,FR,FR,forecast_solar_generation,Solar,2026-07-03T17:44:22Z
2026-07-03T17:43:44Z,2026-07-03T19:43:44+0200,58f0f667-5017-4e2f-a8f0-60c0494acd3e,2026-06-09T15:15:00Z,2026-06-09T17:15:00+0200,8966.64648,MW,FR,FR,forecast_solar_generation,Solar,2026-07-03T17:44:22Z
2026-07-03T17:43:44Z,2026-07-03T19:43:44+0200,58f0f667-5017-4e2f-a8f0-60c0494acd3e,2026-06-09T15:30:00Z,2026-06-09T17:30:00+0200,8461.90137,MW,FR,FR,forecast_solar_generation,Solar,2026-07-03T17:44:22Z
2026-07-03T17:43:44Z,2026-07-03T19:43:44+0200,58f0f667-5017-4e2f-a8f0-60c0494acd3e,2026-06-09T15:45:00Z,2026-06-09T17:45:00+0200,10373.29102,MW,FR,FR,forecast_solar_generation,Solar,2026-07-03T17:44:22Z
2026-07-03T17:43:44Z,2026-07-03T19:43:44+0200,58f0f667-5017-4e2f-a8f0-60c0494acd3e,2026-06-09T16:00:00Z,2026-06-09T18:00:00+0200,9507.39551,MW,FR,FR,forecast_solar_generation,Solar,2026-07-03T17:44:22Z
2026-07-03T17:43:44Z,2026-07-03T19:43:44+0200,58f0f667-5017-4e2f-a8f0-60c0494acd3e,2026-06-09T16:15:00Z,2026-06-09T18:15:00+0200,8559.1543,MW,FR,FR,forecast_solar_generation,Solar,2026-07-03T17:44:22Z
2026-07-03T17:43:44Z,2026-07-03T19:43:44+0200,58f0f667-5017-4e2f-a8f0-60c0494acd3e,2026-06-09T16:30:00Z,2026-06-09T18:30:00+0200,7695.31543,MW,FR,FR,forecast_solar_generation,Solar,2026-07-03T17:44:22Z
2026-07-03T17:43:44Z,2026-07-03T19:43:44+0200,58f0f667-5017-4e2f-a8f0-60c0494acd3e,2026-06-09T16:45:00Z,2026-06-09T18:45:00+0200,6944.56885,MW,FR,FR,forecast_solar_generation,Solar,2026-07-03T17:44:22Z
2026-07-03T17:43:44Z,2026-07-03T19:43:44+0200,58f0f667-5017-4e2f-a8f0-60c0494acd3e,2026-06-09T17:00:00Z,2026-06-09T19:00:00+0200,5973.17041,MW,FR,FR,forecast_solar_generation,Solar,2026-07-03T17:44:22Z
2026-07-03T17:43:44Z,2026-07-03T19:43:44+0200,58f0f667-5017-4e2f-a8f0-60c0494acd3e,2026-06-09T17:15:00Z,2026-06-09T19:15:00+0200,5198.00781,MW,FR,FR,forecast_solar_generation,Solar,2026-07-03T17:44:22Z
2026-07-03T17:43:44Z,2026-07-03T19:43:44+0200,58f0f667-5017-4e2f-a8f0-60c0494acd3e,2026-06-09T17:30:00Z,2026-06-09T19:30:00+0200,4238.76367,MW,FR,FR,forecast_solar_generation,Solar,2026-07-03T17:44:22Z
2026-07-03T17:43:44Z,2026-07-03T19:43:44+0200,58f0f667-5017-4e2f-a8f0-60c0494acd3e,2026-06-09T17:45:00Z,2026-06-09T19:45:00+0200,3593.27393,MW,FR,FR,forecast_solar_generation,Solar,2026-07-03T17:44:22Z
2026-07-03T17:43:44Z,2026-07-03T19:43:44+0200,58f0f667-5017-4e2f-a8f0-60c0494acd3e,2026-06-09T18:00:00Z,2026-06-09T20:00:00+0200,2806.3252,MW,FR,FR,forecast_solar_generation,Solar,2026-07-03T17:44:22Z
2026-07-03T17:43:44Z,2026-07-03T19:43:44+0200,58f0f667-5017-4e2f-a8f0-60c0494acd3e,2026-06-09T18:15:00Z,2026-06-09T20:15:00+0200,2161.77197,MW,FR,FR,forecast_solar_generation,Solar,2026-07-03T17:44:22Z
2026-07-03T17:43:44Z,2026-07-03T19:43:44+0200,58f0f667-5017-4e2f-a8f0-60c0494acd3e,2026-06-09T18:30:00Z,2026-06-09T20:30:00+0200,1580.20105,MW,FR,FR,forecast_solar_generation,Solar,2026-07-03T17:44:22Z
2026-07-03T17:43:44Z,2026-07-03T19:43:44+0200,58f0f667-5017-4e2f-a8f0-60c0494acd3e,2026-06-09T18:45:00Z,2026-06-09T20:45:00+0200,1147.89368,MW,FR,FR,forecast_solar_generation,Solar,2026-07-03T17:44:22Z
2026-07-03T17:43:44Z,2026-07-03T19:43:44+0200,58f0f667-5017-4e2f-a8f0-60c0494acd3e,2026-06-09T19:00:00Z,2026-06-09T21:00:00+0200,753.97192,MW,FR,FR,forecast_solar_generation,Solar,2026-07-03T17:44:22Z
2026-07-03T17:43:44Z,2026-07-03T19:43:44+0200,58f0f667-5017-4e2f-a8f0-60c0494acd3e,2026-06-09T19:15:00Z,2026-06-09T21:15:00+0200,421.24918,MW,FR,FR,forecast_solar_generation,Solar,2026-07-03T17:44:22Z
2026-07-03T17:43:44Z,2026-07-03T19:43:44+0200,58f0f667-5017-4e2f-a8f0-60c0494acd3e,2026-06-09T19:30:00Z,2026-06-09T21:30:00+0200,192.4572,MW,FR,FR,forecast_solar_generation,Solar,2026-07-03T17:44:22Z
2026-07-03T17:43:44Z,2026-07-03T19:43:44+0200,58f0f667-5017-4e2f-a8f0-60c0494acd3e,2026-06-09T19:45:00Z,2026-06-09T21:45:00+0200,65.69398,MW,FR,FR,forecast_solar_generation,Solar,2026-07-03T17:44:22Z
2026-07-03T17:43:44Z,2026-07-03T19:43:44+0200,58f0f667-5017-4e2f-a8f0-60c0494acd3e,2026-06-09T20:00:00Z,2026-06-09T22:00:00+0200,8.49234,MW,FR,FR,forecast_solar_generation,Solar,2026-07-03T17:44:22Z
2026-07-03T17:43:44Z,2026-07-03T19:43:44+0200,58f0f667-5017-4e2f-a8f0-60c0494acd3e,2026-06-09T20:15:00Z,2026-06-09T22:15:00+0200,0.0,MW,FR,FR,forecast_solar_generation,Solar,2026-07-03T17:44:22Z
2026-07-03T17:43:44Z,2026-07-03T19:43:44+0200,58f0f667-5017-4e2f-a8f0-60c0494acd3e,2026-06-09T20:30:00Z,2026-06-09T22:30:00+0200,0.0,MW,FR,FR,forecast_solar_generation,Solar,2026-07-03T17:44:22Z
2026-07-03T17:43:44Z,2026-07-03T19:43:44+0200,58f0f667-5017-4e2f-a8f0-60c0494acd3e,2026-06-09T20:45:00Z,2026-06-09T22:45:00+0200,0.0,MW,FR,FR,forecast_solar_generation,Solar,2026-07-03T17:44:22Z
2026-07-03T17:43:44Z,2026-07-03T19:43:44+0200,58f0f667-5017-4e2f-a8f0-60c0494acd3e,2026-06-09T21:00:00Z,2026-06-09T23:00:00+0200,0.0,MW,FR,FR,forecast_solar_generation,Solar,2026-07-03T17:44:22Z
2026-07-03T17:43:44Z,2026-07-03T19:43:44+0200,58f0f667-5017-4e2f-a8f0-60c0494acd3e,2026-06-09T21:15:00Z,2026-06-09T23:15:00+0200,0.0,MW,FR,FR,forecast_solar_generation,Solar,2026-07-03T17:44:22Z
2026-07-03T17:43:44Z,2026-07-03T19:43:44+0200,58f0f667-5017-4e2f-a8f0-60c0494acd3e,2026-06-09T21:30:00Z,2026-06-09T23:30:00+0200,0.0,MW,FR,FR,forecast_solar_generation,Solar,2026-07-03T17:44:22Z
2026-07-03T17:43:44Z,2026-07-03T19:43:44+0200,58f0f667-5017-4e2f-a8f0-60c0494acd3e,2026-06-09T21:45:00Z,2026-06-09T23:45:00+0200,0.0,MW,FR,FR,forecast_solar_generation,Solar,2026-07-03T17:44:22Z
2026-07-03T17:43:44Z,2026-07-03T19:43:44+0200,58f0f667-5017-4e2f-a8f0-60c0494acd3e,2026-06-09T22:00:00Z,2026-06-10T00:00:00+0200,0.0,MW,FR,FR,forecast_solar_generation,Solar,2026-07-03T17:44:22Z
2026-07-03T17:43:44Z,2026-07-03T19:43:44+0200,58f0f667-5017-4e2f-a8f0-60c0494acd3e,2026-06-09T22:15:00Z,2026-06-10T00:15:00+0200,0.0,MW,FR,FR,forecast_solar_generation,Solar,2026-07-03T17:44:22Z
2026-07-03T17:43:44Z,2026-07-03T19:43:44+0200,58f0f667-5017-4e2f-a8f0-60c0494acd3e,2026-06-09T22:30:00Z,2026-06-10T00:30:00+0200,0.0,MW,FR,FR,forecast_solar_generation,Solar,2026-07-03T17:44:22Z
2026-07-03T17:43:44Z,2026-07-03T19:43:44+0200,58f0f667-5017-4e2f-a8f0-60c0494acd3e,2026-06-09T22:45:00Z,2026-06-10T00:45:00+0200,0.0,MW,FR,FR,forecast_solar_generation,Solar,2026-07-03T17:44:22Z
2026-07-03T17:43:44Z,2026-07-03T19:43:44+0200,58f0f667-5017-4e2f-a8f0-60c0494acd3e,2026-06-09T23:00:00Z,2026-06-10T01:00:00+0200,0.0,MW,FR,FR,forecast_solar_generation,Solar,2026-07-03T17:44:22Z
2026-07-03T17:43:44Z,2026-07-03T19:43:44+0200,58f0f667-5017-4e2f-a8f0-60c0494acd3e,2026-06-09T23:15:00Z,2026-06-10T01:15:00+0200,0.0,MW,FR,FR,forecast_solar_generation,Solar,2026-07-03T17:44:22Z
2026-07-03T17:43:44Z,2026-07-03T19:43:44+0200,58f0f667-5017-4e2f-a8f0-60c0494acd3e,2026-06-09T23:30:00Z,2026-06-10T01:30:00+0200,0.0,MW,FR,FR,forecast_solar_generation,Solar,2026-07-03T17:44:22Z
2026-07-03T17:43:44Z,2026-07-03T19:43:44+0200,58f0f667-5017-4e2f-a8f0-60c0494acd3e,2026-06-09T23:45:00Z,2026-06-10T01:45:00+0200,0.0,MW,FR,FR,forecast_solar_generation,Solar,2026-07-03T17:44:22Z
2026-07-03T17:43:44Z,2026-07-03T19:43:44+0200,58f0f667-5017-4e2f-a8f0-60c0494acd3e,2026-06-10T00:00:00Z,2026-06-10T02:00:00+0200,0.0,MW,FR,FR,forecast_solar_generation,Solar,2026-07-03T17:44:22Z
2026-07-03T17:43:44Z,2026-07-03T19:43:44+0200,58f0f667-5017-4e2f-a8f0-60c0494acd3e,2026-06-10T00:15:00Z,2026-06-10T02:15:00+0200,0.0,MW,FR,FR,forecast_solar_generation,Solar,2026-07-03T17:44:22Z
2026-07-03T17:43:44Z,2026-07-03T19:43:44+0200,58f0f667-5017-4e2f-a8f0-60c0494acd3e,2026-06-10T00:30:00Z,2026-06-10T02:30:00+0200,0.0,MW,FR,FR,forecast_solar_generation,Solar,2026-07-03T17:44:22Z
2026-07-03T17:43:44Z,2026-07-03T19:43:44+0200,58f0f667-5017-4e2f-a8f0-60c0494acd3e,2026-06-10T00:45:00Z,2026-06-10T02:45:00+0200,0.0,MW,FR,FR,forecast_solar_generation,Solar,2026-07-03T17:44:22Z
2026-07-03T17:43:44Z,2026-07-03T19:43:44+0200,58f0f667-5017-4e2f-a8f0-60c0494acd3e,2026-06-10T01:00:00Z,2026-06-10T03:00:00+0200,0.0,MW,FR,FR,forecast_solar_generation,Solar,2026-07-03T17:44:22Z
2026-07-03T17:43:44Z,2026-07-03T19:43:44+0200,58f0f667-5017-4e2f-a8f0-60c0494acd3e,2026-06-10T01:15:00Z,2026-06-10T03:15:00+0200,0.0,MW,FR,FR,forecast_solar_generation,Solar,2026-07-03T17:44:22Z
2026-07-03T17:43:44Z,2026-07-03T19:43:44+0200,58f0f667-5017-4e2f-a8f0-60c0494acd3e,2026-06-10T01:30:00Z,2026-06-10T03:30:00+0200,0.0,MW,FR,FR,forecast_solar_generation,Solar,2026-07-03T17:44:22Z
2026-07-03T17:43:44Z,2026-07-03T19:43:44+0200,58f0f667-5017-4e2f-a8f0-60c0494acd3e,2026-06-10T01:45:00Z,2026-06-10T03:45:00+0200,0.0,MW,FR,FR,forecast_solar_generation,Solar,2026-07-03T17:44:22Z
2026-07-03T17:43:44Z,2026-07-03T19:43:44+0200,58f0f667-5017-4e2f-a8f0-60c0494acd3e,2026-06-10T02:00:00Z,2026-06-10T04:00:00+0200,0.0,MW,FR,FR,forecast_solar_generation,Solar,2026-07-03T17:44:22Z
2026-07-03T17:43:44Z,2026-07-03T19:43:44+0200,58f0f667-5017-4e2f-a8f0-60c0494acd3e,2026-06-10T02:15:00Z,2026-06-10T04:15:00+0200,0.0,MW,FR,FR,forecast_solar_generation,Solar,2026-07-03T17:44:22Z
2026-07-03T17:43:44Z,2026-07-03T19:43:44+0200,58f0f667-5017-4e2f-a8f0-60c0494acd3e,2026-06-10T02:30:00Z,2026-06-10T04:30:00+0200,0.0,MW,FR,FR,forecast_solar_generation,Solar,2026-07-03T17:44:22Z
2026-07-03T17:43:44Z,2026-07-03T19:43:44+0200,58f0f667-5017-4e2f-a8f0-60c0494acd3e,2026-06-10T02:45:00Z,2026-06-10T04:45:00+0200,0.0,MW,FR,FR,forecast_solar_generation,Solar,2026-07-03T17:44:22Z
2026-07-03T17:43:44Z,2026-07-03T19:43:44+0200,58f0f667-5017-4e2f-a8f0-60c0494acd3e,2026-06-10T03:00:00Z,2026-06-10T05:00:00+0200,0.0,MW,FR,FR,forecast_solar_generation,Solar,2026-07-03T17:44:22Z
2026-07-03T17:43:44Z,2026-07-03T19:43:44+0200,58f0f667-5017-4e2f-a8f0-60c0494acd3e,2026-06-10T03:15:00Z,2026-06-10T05:15:00+0200,0.0,MW,FR,FR,forecast_solar_generation,Solar,2026-07-03T17:44:22Z
2026-07-03T17:43:44Z,2026-07-03T19:43:44+0200,58f0f667-5017-4e2f-a8f0-60c0494acd3e,2026-06-10T03:30:00Z,2026-06-10T05:30:00+0200,0.0,MW,FR,FR,forecast_solar_generation,Solar,2026-07-03T17:44:22Z
2026-07-03T17:43:44Z,2026-07-03T19:43:44+0200,58f0f667-5017-4e2f-a8f0-60c0494acd3e,2026-06-10T03:45:00Z,2026-06-10T05:45:00+0200,0.0,MW,FR,FR,forecast_solar_generation,Solar,2026-07-03T17:44:22Z
2026-07-03T17:43:44Z,2026-07-03T19:43:44+0200,58f0f667-5017-4e2f-a8f0-60c0494acd3e,2026-06-10T04:00:00Z,2026-06-10T06:00:00+0200,0.0,MW,FR,FR,forecast_solar_generation,Solar,2026-07-03T17:44:22Z
2026-07-03T17:43:44Z,2026-07-03T19:43:44+0200,58f0f667-5017-4e2f-a8f0-60c0494acd3e,2026-06-10T04:15:00Z,2026-06-10T06:15:00+0200,158.2345,MW,FR,FR,forecast_solar_generation,Solar,2026-07-03T17:44:22Z
2026-07-03T17:43:44Z,2026-07-03T19:43:44+0200,58f0f667-5017-4e2f-a8f0-60c0494acd3e,2026-06-10T04:30:00Z,2026-06-10T06:30:00+0200,285.76849,MW,FR,FR,forecast_solar_generation,Solar,2026-07-03T17:44:22Z
2026-07-03T17:43:44Z,2026-07-03T19:43:44+0200,58f0f667-5017-4e2f-a8f0-60c0494acd3e,2026-06-10T04:45:00Z,2026-06-10T06:45:00+0200,591.11096,MW,FR,FR,forecast_solar_generation,Solar,2026-07-03T17:44:22Z
2026-07-03T17:43:44Z,2026-07-03T19:43:44+0200,58f0f667-5017-4e2f-a8f0-60c0494acd3e,2026-06-10T05:00:00Z,2026-06-10T07:00:00+0200,966.48096,MW,FR,FR,forecast_solar_generation,Solar,2026-07-03T17:44:22Z
2026-07-03T17:43:44Z,2026-07-03T19:43:44+0200,58f0f667-5017-4e2f-a8f0-60c0494acd3e,2026-06-10T05:15:00Z,2026-06-10T07:15:00+0200,1419.03333,MW,FR,FR,forecast_solar_generation,Solar,2026-07-03T17:44:22Z
2026-07-03T17:43:44Z,2026-07-03T19:43:44+0200,58f0f667-5017-4e2f-a8f0-60c0494acd3e,2026-06-10T05:30:00Z,2026-06-10T07:30:00+0200,1945.422,MW,FR,FR,forecast_solar_generation,Solar,2026-07-03T17:44:22Z
2026-07-03T17:43:44Z,2026-07-03T19:43:44+0200,58f0f667-5017-4e2f-a8f0-60c0494acd3e,2026-06-10T05:45:00Z,2026-06-10T07:45:00+0200,2598.92676,MW,FR,FR,forecast_solar_generation,Solar,2026-07-03T17:44:22Z
2026-07-03T17:43:44Z,2026-07-03T19:43:44+0200,58f0f667-5017-4e2f-a8f0-60c0494acd3e,2026-06-10T06:00:00Z,2026-06-10T08:00:00+0200,3305.2229,MW,FR,FR,forecast_solar_generation,Solar,2026-07-03T17:44:22Z
2026-07-03T17:43:44Z,2026-07-03T19:43:44+0200,58f0f667-5017-4e2f-a8f0-60c0494acd3e,2026-06-10T06:15:00Z,2026-06-10T08:15:00+0200,4140.03711,MW,FR,FR,forecast_solar_generation,Solar,2026-07-03T17:44:22Z
2026-07-03T17:43:44Z,2026-07-03T19:43:44+0200,58f0f667-5017-4e2f-a8f0-60c0494acd3e,2026-06-10T06:30:00Z,2026-06-10T08:30:00+0200,4976.11816,MW,FR,FR,forecast_solar_generation,Solar,2026-07-03T17:44:22Z
2026-07-03T17:43:44Z,2026-07-03T19:43:44+0200,58f0f667-5017-4e2f-a8f0-60c0494acd3e,2026-06-10T06:45:00Z,2026-06-10T08:45:00+0200,5909.82861,MW,FR,FR,forecast_solar_generation,Solar,2026-07-03T17:44:22Z
2026-07-03T17:43:44Z,2026-07-03T19:43:44+0200,58f0f667-5017-4e2f-a8f0-60c0494acd3e,2026-06-10T07:00:00Z,2026-06-10T09:00:00+0200,6812.61768,MW,FR,FR,forecast_solar_generation,Solar,2026-07-03T17:44:22Z
2026-07-03T17:43:44Z,2026-07-03T19:43:44+0200,58f0f667-5017-4e2f-a8f0-60c0494acd3e,2026-06-10T07:15:00Z,2026-06-10T09:15:00+0200,7793.53271,MW,FR,FR,forecast_solar_generation,Solar,2026-07-03T17:44:22Z
2026-07-03T17:43:44Z,2026-07-03T19:43:44+0200,58f0f667-5017-4e2f-a8f0-60c0494acd3e,2026-06-10T07:30:00Z,2026-06-10T09:30:00+0200,8741.83887,MW,FR,FR,forecast_solar_generation,Solar,2026-07-03T17:44:22Z
2026-07-03T17:43:44Z,2026-07-03T19:43:44+0200,58f0f667-5017-4e2f-a8f0-60c0494acd3e,2026-06-10T07:45:00Z,2026-06-10T09:45:00+0200,9569.55957,MW,FR,FR,forecast_solar_generation,Solar,2026-07-03T17:44:22Z
2026-07-03T17:43:44Z,2026-07-03T19:43:44+0200,58f0f667-5017-4e2f-a8f0-60c0494acd3e,2026-06-10T08:00:00Z,2026-06-10T10:00:00+0200,10420.43066,MW,FR,FR,forecast_solar_generation,Solar,2026-07-03T17:44:22Z
2026-07-03T17:43:44Z,2026-07-03T19:43:44+0200,58f0f667-5017-4e2f-a8f0-60c0494acd3e,2026-06-10T08:15:00Z,2026-06-10T10:15:00+0200,11351.80176,MW,FR,FR,forecast_solar_generation,Solar,2026-07-03T17:44:22Z
2026-07-03T17:43:44Z,2026-07-03T19:43:44+0200,58f0f667-5017-4e2f-a8f0-60c0494acd3e,2026-06-10T08:30:00Z,2026-06-10T10:30:00+0200,12088.60938,MW,FR,FR,forecast_solar_generation,Solar,2026-07-03T17:44:22Z
2026-07-03T17:43:44Z,2026-07-03T19:43:44+0200,58f0f667-5017-4e2f-a8f0-60c0494acd3e,2026-06-10T08:45:00Z,2026-06-10T10:45:00+0200,9678.29785,MW,FR,FR,forecast_solar_generation,Solar,2026-07-03T17:44:22Z
2026-07-03T17:43:44Z,2026-07-03T19:43:44+0200,58f0f667-5017-4e2f-a8f0-60c0494acd3e,2026-06-10T09:00:00Z,2026-06-10T11:00:00+0200,10141.58398,MW,FR,FR,forecast_solar_generation,Solar,2026-07-03T17:44:22Z
2026-07-03T17:43:44Z,2026-07-03T19:43:44+0200,58f0f667-5017-4e2f-a8f0-60c0494acd3e,2026-06-10T09:15:00Z,2026-06-10T11:15:00+0200,10602.00488,MW,FR,FR,forecast_solar_generation,Solar,2026-07-03T17:44:22Z
2026-07-03T17:43:44Z,2026-07-03T19:43:44+0200,58f0f667-5017-4e2f-a8f0-60c0494acd3e,2026-06-10T09:30:00Z,2026-06-10T11:30:00+0200,11012.60156,MW,FR,FR,forecast_solar_generation,Solar,2026-07-03T17:44:22Z
2026-07-03T17:43:44Z,2026-07-03T19:43:44+0200,58f0f667-5017-4e2f-a8f0-60c0494acd3e,2026-06-10T09:45:00Z,2026-06-10T11:45:00+0200,11251.22656,MW,FR,FR,forecast_solar_generation,Solar,2026-07-03T17:44:22Z
2026-07-03T17:43:44Z,2026-07-03T19:43:44+0200,58f0f667-5017-4e2f-a8f0-60c0494acd3e,2026-06-10T10:00:00Z,2026-06-10T12:00:00+0200,11521.625,MW,FR,FR,forecast_solar_generation,Solar,2026-07-03T17:44:22Z
2026-07-03T17:43:44Z,2026-07-03T19:43:44+0200,58f0f667-5017-4e2f-a8f0-60c0494acd3e,2026-06-10T10:15:00Z,2026-06-10T12:15:00+0200,11776.40723,MW,FR,FR,forecast_solar_generation,Solar,2026-07-03T17:44:22Z
2026-07-03T17:43:44Z,2026-07-03T19:43:44+0200,58f0f667-5017-4e2f-a8f0-60c0494acd3e,2026-06-10T10:30:00Z,2026-06-10T12:30:00+0200,12049.87207,MW,FR,FR,forecast_solar_generation,Solar,2026-07-03T17:44:22Z
2026-07-03T17:43:44Z,2026-07-03T19:43:44+0200,58f0f667-5017-4e2f-a8f0-60c0494acd3e,2026-06-10T10:45:00Z,2026-06-10T12:45:00+0200,12193.71094,MW,FR,FR,forecast_solar_generation,Solar,2026-07-03T17:44:22Z
2026-07-03T17:43:44Z,2026-07-03T19:43:44+0200,58f0f667-5017-4e2f-a8f0-60c0494acd3e,2026-06-10T11:00:00Z,2026-06-10T13:00:00+0200,12384.86816,MW,FR,FR,forecast_solar_generation,Solar,2026-07-03T17:44:22Z
2026-07-03T17:43:44Z,2026-07-03T19:43:44+0200,58f0f667-5017-4e2f-a8f0-60c0494acd3e,2026-06-10T11:15:00Z,2026-06-10T13:15:00+0200,12470.81641,MW,FR,FR,forecast_solar_generation,Solar,2026-07-03T17:44:22Z
2026-07-03T17:43:44Z,2026-07-03T19:43:44+0200,58f0f667-5017-4e2f-a8f0-60c0494acd3e,2026-06-10T11:30:00Z,2026-06-10T13:30:00+0200,12550.43457,MW,FR,FR,forecast_solar_generation,Solar,2026-07-03T17:44:22Z
2026-07-03T17:43:44Z,2026-07-03T19:43:44+0200,58f0f667-5017-4e2f-a8f0-60c0494acd3e,2026-06-10T11:45:00Z,2026-06-10T13:45:00+0200,12563.32617,MW,FR,FR,forecast_solar_generation,Solar,2026-07-03T17:44:22Z
2026-07-03T17:43:44Z,2026-07-03T19:43:44+0200,58f0f667-5017-4e2f-a8f0-60c0494acd3e,2026-06-10T12:00:00Z,2026-06-10T14:00:00+0200,12603.24219,MW,FR,FR,forecast_solar_generation,Solar,2026-07-03T17:44:22Z
2026-07-03T17:43:44Z,2026-07-03T19:43:44+0200,58f0f667-5017-4e2f-a8f0-60c0494acd3e,2026-06-10T12:15:00Z,2026-06-10T14:15:00+0200,12638.71777,MW,FR,FR,forecast_solar_generation,Solar,2026-07-03T17:44:22Z
2026-07-03T17:43:44Z,2026-07-03T19:43:44+0200,58f0f667-5017-4e2f-a8f0-60c0494acd3e,2026-06-10T12:30:00Z,2026-06-10T14:30:00+0200,12669.48828,MW,FR,FR,forecast_solar_generation,Solar,2026-07-03T17:44:22Z
2026-07-03T17:43:44Z,2026-07-03T19:43:44+0200,58f0f667-5017-4e2f-a8f0-60c0494acd3e,2026-06-10T12:45:00Z,2026-06-10T14:45:00+0200,12527.57617,MW,FR,FR,forecast_solar_generation,Solar,2026-07-03T17:44:22Z
2026-07-03T17:43:44Z,2026-07-03T19:43:44+0200,58f0f667-5017-4e2f-a8f0-60c0494acd3e,2026-06-10T13:00:00Z,2026-06-10T15:00:00+0200,12372.2002,MW,FR,FR,forecast_solar_generation,Solar,2026-07-03T17:44:22Z
2026-07-03T17:43:44Z,2026-07-03T19:43:44+0200,58f0f667-5017-4e2f-a8f0-60c0494acd3e,2026-06-10T13:15:00Z,2026-06-10T15:15:00+0200,12167.73828,MW,FR,FR,forecast_solar_generation,Solar,2026-07-03T17:44:22Z
2026-07-03T17:43:44Z,2026-07-03T19:43:44+0200,58f0f667-5017-4e2f-a8f0-60c0494acd3e,2026-06-10T13:30:00Z,2026-06-10T15:30:00+0200,11486.41602,MW,FR,FR,forecast_solar_generation,Solar,2026-07-03T17:44:22Z
2026-07-03T17:43:44Z,2026-07-03T19:43:44+0200,58f0f667-5017-4e2f-a8f0-60c0494acd3e,2026-06-10T13:45:00Z,2026-06-10T15:45:00+0200,11096.00684,MW,FR,FR,forecast_solar_generation,Solar,2026-07-03T17:44:22Z
2026-07-03T17:43:44Z,2026-07-03T19:43:44+0200,58f0f667-5017-4e2f-a8f0-60c0494acd3e,2026-06-10T14:00:00Z,2026-06-10T16:00:00+0200,10764.07129,MW,FR,FR,forecast_solar_generation,Solar,2026-07-03T17:44:22Z
2026-07-03T17:43:44Z,2026-07-03T19:43:44+0200,58f0f667-5017-4e2f-a8f0-60c0494acd3e,2026-06-10T14:15:00Z,2026-06-10T16:15:00+0200,10468.51172,MW,FR,FR,forecast_solar_generation,Solar,2026-07-03T17:44:22Z
2026-07-03T17:43:44Z,2026-07-03T19:43:44+0200,58f0f667-5017-4e2f-a8f0-60c0494acd3e,2026-06-10T14:30:00Z,2026-06-10T16:30:00+0200,10135.09961,MW,FR,FR,forecast_solar_generation,Solar,2026-07-03T17:44:22Z
2026-07-03T17:43:44Z,2026-07-03T19:43:44+0200,58f0f667-5017-4e2f-a8f0-60c0494acd3e,2026-06-10T14:45:00Z,2026-06-10T16:45:00+0200,9743.03516,MW,FR,FR,forecast_solar_generation,Solar,2026-07-03T17:44:22Z
2026-07-03T17:43:44Z,2026-07-03T19:43:44+0200,58f0f667-5017-4e2f-a8f0-60c0494acd3e,2026-06-10T15:00:00Z,2026-06-10T17:00:00+0200,9274.7793,MW,FR,FR,forecast_solar_generation,Solar,2026-07-03T17:44:22Z
2026-07-03T17:43:44Z,2026-07-03T19:43:44+0200,58f0f667-5017-4e2f-a8f0-60c0494acd3e,2026-06-10T15:15:00Z,2026-06-10T17:15:00+0200,9011.40527,MW,FR,FR,forecast_solar_generation,Solar,2026-07-03T17:44:22Z
2026-07-03T17:43:44Z,2026-07-03T19:43:44+0200,58f0f667-5017-4e2f-a8f0-60c0494acd3e,2026-06-10T15:30:00Z,2026-06-10T17:30:00+0200,8488.00195,MW,FR,FR,forecast_solar_generation,Solar,2026-07-03T17:44:22Z
2026-07-03T17:43:44Z,2026-07-03T19:43:44+0200,58f0f667-5017-4e2f-a8f0-60c0494acd3e,2026-06-10T15:45:00Z,2026-06-10T17:45:00+0200,7944.06592,MW,FR,FR,forecast_solar_generation,Solar,2026-07-03T17:44:22Z
2026-07-03T17:43:44Z,2026-07-03T19:43:44+0200,58f0f667-5017-4e2f-a8f0-60c0494acd3e,2026-06-10T16:00:00Z,2026-06-10T18:00:00+0200,7301.60156,MW,FR,FR,forecast_solar_generation,Solar,2026-07-03T17:44:22Z
2026-07-03T17:43:44Z,2026-07-03T19:43:44+0200,58f0f667-5017-4e2f-a8f0-60c0494acd3e,2026-06-10T16:15:00Z,2026-06-10T18:15:00+0200,8600.31348,MW,FR,FR,forecast_solar_generation,Solar,2026-07-03T17:44:22Z
2026-07-03T17:43:44Z,2026-07-03T19:43:44+0200,58f0f667-5017-4e2f-a8f0-60c0494acd3e,2026-06-10T16:30:00Z,2026-06-10T18:30:00+0200,7739.39209,MW,FR,FR,forecast_solar_generation,Solar,2026-07-03T17:44:22Z
2026-07-03T17:43:44Z,2026-07-03T19:43:44+0200,58f0f667-5017-4e2f-a8f0-60c0494acd3e,2026-06-10T16:45:00Z,2026-06-10T18:45:00+0200,7014.81494,MW,FR,FR,forecast_solar_generation,Solar,2026-07-03T17:44:22Z
2026-07-03T17:43:44Z,2026-07-03T19:43:44+0200,58f0f667-5017-4e2f-a8f0-60c0494acd3e,2026-06-10T17:00:00Z,2026-06-10T19:00:00+0200,6050.14844,MW,FR,FR,forecast_solar_generation,Solar,2026-07-03T17:44:22Z
2026-07-03T17:43:44Z,2026-07-03T19:43:44+0200,58f0f667-5017-4e2f-a8f0-60c0494acd3e,2026-06-10T17:15:00Z,2026-06-10T19:15:00+0200,5325.88574,MW,FR,FR,forecast_solar_generation,Solar,2026-07-03T17:44:22Z
2026-07-03T17:43:44Z,2026-07-03T19:43:44+0200,58f0f667-5017-4e2f-a8f0-60c0494acd3e,2026-06-10T17:30:00Z,2026-06-10T19:30:00+0200,4392.68213,MW,FR,FR,forecast_solar_generation,Solar,2026-07-03T17:44:22Z
2026-07-03T17:43:44Z,2026-07-03T19:43:44+0200,58f0f667-5017-4e2f-a8f0-60c0494acd3e,2026-06-10T17:45:00Z,2026-06-10T19:45:00+0200,3715.07007,MW,FR,FR,forecast_solar_generation,Solar,2026-07-03T17:44:22Z
2026-07-03T17:43:44Z,2026-07-03T19:43:44+0200,58f0f667-5017-4e2f-a8f0-60c0494acd3e,2026-06-10T18:00:00Z,2026-06-10T20:00:00+0200,2924.35522,MW,FR,FR,forecast_solar_generation,Solar,2026-07-03T17:44:22Z
2026-07-03T17:43:44Z,2026-07-03T19:43:44+0200,58f0f667-5017-4e2f-a8f0-60c0494acd3e,2026-06-10T18:15:00Z,2026-06-10T20:15:00+0200,2305.3103,MW,FR,FR,forecast_solar_generation,Solar,2026-07-03T17:44:22Z
2026-07-03T17:43:44Z,2026-07-03T19:43:44+0200,58f0f667-5017-4e2f-a8f0-60c0494acd3e,2026-06-10T18:30:00Z,2026-06-10T20:30:00+0200,1700.71118,MW,FR,FR,forecast_solar_generation,Solar,2026-07-03T17:44:22Z
2026-07-03T17:43:44Z,2026-07-03T19:43:44+0200,58f0f667-5017-4e2f-a8f0-60c0494acd3e,2026-06-10T18:45:00Z,2026-06-10T20:45:00+0200,1263.55396,MW,FR,FR,forecast_solar_generation,Solar,2026-07-03T17:44:22Z
2026-07-03T17:43:44Z,2026-07-03T19:43:44+0200,58f0f667-5017-4e2f-a8f0-60c0494acd3e,2026-06-10T19:00:00Z,2026-06-10T21:00:00+0200,832.73499,MW,FR,FR,forecast_solar_generation,Solar,2026-07-03T17:44:22Z
2026-07-03T17:43:44Z,2026-07-03T19:43:44+0200,58f0f667-5017-4e2f-a8f0-60c0494acd3e,2026-06-10T19:15:00Z,2026-06-10T21:15:00+0200,470.08563,MW,FR,FR,forecast_solar_generation,Solar,2026-07-03T17:44:22Z
2026-07-03T17:43:44Z,2026-07-03T19:43:44+0200,58f0f667-5017-4e2f-a8f0-60c0494acd3e,2026-06-10T19:30:00Z,2026-06-10T21:30:00+0200,210.97517,MW,FR,FR,forecast_solar_generation,Solar,2026-07-03T17:44:22Z
2026-07-03T17:43:44Z,2026-07-03T19:43:44+0200,58f0f667-5017-4e2f-a8f0-60c0494acd3e,2026-06-10T19:45:00Z,2026-06-10T21:45:00+0200,71.32663,MW,FR,FR,forecast_solar_generation,Solar,2026-07-03T17:44:22Z
2026-07-03T17:43:44Z,2026-07-03T19:43:44+0200,58f0f667-5017-4e2f-a8f0-60c0494acd3e,2026-06-10T20:00:00Z,2026-06-10T22:00:00+0200,9.6029,MW,FR,FR,forecast_solar_generation,Solar,2026-07-03T17:44:22Z
2026-07-03T17:43:44Z,2026-07-03T19:43:44+0200,58f0f667-5017-4e2f-a8f0-60c0494acd3e,2026-06-10T20:15:00Z,2026-06-10T22:15:00+0200,0.0,MW,FR,FR,forecast_solar_generation,Solar,2026-07-03T17:44:22Z
2026-07-03T17:43:44Z,2026-07-03T19:43:44+0200,58f0f667-5017-4e2f-a8f0-60c0494acd3e,2026-06-10T20:30:00Z,2026-06-10T22:30:00+0200,0.0,MW,FR,FR,forecast_solar_generation,Solar,2026-07-03T17:44:22Z
2026-07-03T17:43:44Z,2026-07-03T19:43:44+0200,58f0f667-5017-4e2f-a8f0-60c0494acd3e,2026-06-10T20:45:00Z,2026-06-10T22:45:00+0200,0.0,MW,FR,FR,forecast_solar_generation,Solar,2026-07-03T17:44:22Z
2026-07-03T17:43:44Z,2026-07-03T19:43:44+0200,58f0f667-5017-4e2f-a8f0-60c0494acd3e,2026-06-10T21:00:00Z,2026-06-10T23:00:00+0200,0.0,MW,FR,FR,forecast_solar_generation,Solar,2026-07-03T17:44:22Z
2026-07-03T17:43:44Z,2026-07-03T19:43:44+0200,58f0f667-5017-4e2f-a8f0-60c0494acd3e,2026-06-10T21:15:00Z,2026-06-10T23:15:00+0200,0.0,MW,FR,FR,forecast_solar_generation,Solar,2026-07-03T17:44:22Z
2026-07-03T17:43:44Z,2026-07-03T19:43:44+0200,58f0f667-5017-4e2f-a8f0-60c0494acd3e,2026-06-10T21:30:00Z,2026-06-10T23:30:00+0200,0.0,MW,FR,FR,forecast_solar_generation,Solar,2026-07-03T17:44:22Z
2026-07-03T17:43:44Z,2026-07-03T19:43:44+0200,58f0f667-5017-4e2f-a8f0-60c0494acd3e,2026-06-10T21:45:00Z,2026-06-10T23:45:00+0200,0.0,MW,FR,FR,forecast_solar_generation,Solar,2026-07-03T17:44:22Z
2026-07-03T17:43:44Z,2026-07-03T19:43:44+0200,58f0f667-5017-4e2f-a8f0-60c0494acd3e,2026-06-10T22:00:00Z,2026-06-11T00:00:00+0200,0.0,MW,FR,FR,forecast_solar_generation,Solar,2026-07-03T17:44:22Z
2026-07-03T17:43:44Z,2026-07-03T19:43:44+0200,58f0f667-5017-4e2f-a8f0-60c0494acd3e,2026-06-10T22:15:00Z,2026-06-11T00:15:00+0200,0.0,MW,FR,FR,forecast_solar_generation,Solar,2026-07-03T17:44:22Z
2026-07-03T17:43:44Z,2026-07-03T19:43:44+0200,58f0f667-5017-4e2f-a8f0-60c0494acd3e,2026-06-10T22:30:00Z,2026-06-11T00:30:00+0200,0.0,MW,FR,FR,forecast_solar_generation,Solar,2026-07-03T17:44:22Z
2026-07-03T17:43:44Z,2026-07-03T19:43:44+0200,58f0f667-5017-4e2f-a8f0-60c0494acd3e,2026-06-10T22:45:00Z,2026-06-11T00:45:00+0200,0.0,MW,FR,FR,forecast_solar_generation,Solar,2026-07-03T17:44:22Z
2026-07-03T17:43:44Z,2026-07-03T19:43:44+0200,58f0f667-5017-4e2f-a8f0-60c0494acd3e,2026-06-10T23:00:00Z,2026-06-11T01:00:00+0200,0.0,MW,FR,FR,forecast_solar_generation,Solar,2026-07-03T17:44:22Z
2026-07-03T17:43:44Z,2026-07-03T19:43:44+0200,58f0f667-5017-4e2f-a8f0-60c0494acd3e,2026-06-10T23:15:00Z,2026-06-11T01:15:00+0200,0.0,MW,FR,FR,forecast_solar_generation,Solar,2026-07-03T17:44:22Z
2026-07-03T17:43:44Z,2026-07-03T19:43:44+0200,58f0f667-5017-4e2f-a8f0-60c0494acd3e,2026-06-10T23:30:00Z,2026-06-11T01:30:00+0200,0.0,MW,FR,FR,forecast_solar_generation,Solar,2026-07-03T17:44:22Z
2026-07-03T17:43:44Z,2026-07-03T19:43:44+0200,58f0f667-5017-4e2f-a8f0-60c0494acd3e,2026-06-10T23:45:00Z,2026-06-11T01:45:00+0200,0.0,MW,FR,FR,forecast_solar_generation,Solar,2026-07-03T17:44:22Z
2026-07-03T17:43:44Z,2026-07-03T19:43:44+0200,58f0f667-5017-4e2f-a8f0-60c0494acd3e,2026-06-11T00:00:00Z,2026-06-11T02:00:00+0200,0.0,MW,FR,FR,forecast_solar_generation,Solar,2026-07-03T17:44:22Z
2026-07-03T17:43:44Z,2026-07-03T19:43:44+0200,58f0f667-5017-4e2f-a8f0-60c0494acd3e,2026-06-11T00:15:00Z,2026-06-11T02:15:00+0200,0.0,MW,FR,FR,forecast_solar_generation,Solar,2026-07-03T17:44:22Z
2026-07-03T17:43:44Z,2026-07-03T19:43:44+0200,58f0f667-5017-4e2f-a8f0-60c0494acd3e,2026-06-11T00:30:00Z,2026-06-11T02:30:00+0200,0.0,MW,FR,FR,forecast_solar_generation,Solar,2026-07-03T17:44:22Z
2026-07-03T17:43:44Z,2026-07-03T19:43:44+0200,58f0f667-5017-4e2f-a8f0-60c0494acd3e,2026-06-11T00:45:00Z,2026-06-11T02:45:00+0200,0.0,MW,FR,FR,forecast_solar_generation,Solar,2026-07-03T17:44:22Z
2026-07-03T17:43:44Z,2026-07-03T19:43:44+0200,58f0f667-5017-4e2f-a8f0-60c0494acd3e,2026-06-11T01:00:00Z,2026-06-11T03:00:00+0200,0.0,MW,FR,FR,forecast_solar_generation,Solar,2026-07-03T17:44:22Z
2026-07-03T17:43:44Z,2026-07-03T19:43:44+0200,58f0f667-5017-4e2f-a8f0-60c0494acd3e,2026-06-11T01:15:00Z,2026-06-11T03:15:00+0200,0.0,MW,FR,FR,forecast_solar_generation,Solar,2026-07-03T17:44:22Z
2026-07-03T17:43:44Z,2026-07-03T19:43:44+0200,58f0f667-5017-4e2f-a8f0-60c0494acd3e,2026-06-11T01:30:00Z,2026-06-11T03:30:00+0200,0.0,MW,FR,FR,forecast_solar_generation,Solar,2026-07-03T17:44:22Z
2026-07-03T17:43:44Z,2026-07-03T19:43:44+0200,58f0f667-5017-4e2f-a8f0-60c0494acd3e,2026-06-11T01:45:00Z,2026-06-11T03:45:00+0200,0.0,MW,FR,FR,forecast_solar_generation,Solar,2026-07-03T17:44:22Z
2026-07-03T17:43:44Z,2026-07-03T19:43:44+0200,58f0f667-5017-4e2f-a8f0-60c0494acd3e,2026-06-11T02:00:00Z,2026-06-11T04:00:00+0200,0.0,MW,FR,FR,forecast_solar_generation,Solar,2026-07-03T17:44:22Z
2026-07-03T17:43:44Z,2026-07-03T19:43:44+0200,58f0f667-5017-4e2f-a8f0-60c0494acd3e,2026-06-11T02:15:00Z,2026-06-11T04:15:00+0200,0.0,MW,FR,FR,forecast_solar_generation,Solar,2026-07-03T17:44:22Z
2026-07-03T17:43:44Z,2026-07-03T19:43:44+0200,58f0f667-5017-4e2f-a8f0-60c0494acd3e,2026-06-11T02:30:00Z,2026-06-11T04:30:00+0200,0.0,MW,FR,FR,forecast_solar_generation,Solar,2026-07-03T17:44:22Z
2026-07-03T17:43:44Z,2026-07-03T19:43:44+0200,58f0f667-5017-4e2f-a8f0-60c0494acd3e,2026-06-11T02:45:00Z,2026-06-11T04:45:00+0200,0.0,MW,FR,FR,forecast_solar_generation,Solar,2026-07-03T17:44:22Z
2026-07-03T17:43:44Z,2026-07-03T19:43:44+0200,58f0f667-5017-4e2f-a8f0-60c0494acd3e,2026-06-11T03:00:00Z,2026-06-11T05:00:00+0200,0.0,MW,FR,FR,forecast_solar_generation,Solar,2026-07-03T17:44:22Z
2026-07-03T17:43:44Z,2026-07-03T19:43:44+0200,58f0f667-5017-4e2f-a8f0-60c0494acd3e,2026-06-11T03:15:00Z,2026-06-11T05:15:00+0200,0.0,MW,FR,FR,forecast_solar_generation,Solar,2026-07-03T17:44:22Z
2026-07-03T17:43:44Z,2026-07-03T19:43:44+0200,58f0f667-5017-4e2f-a8f0-60c0494acd3e,2026-06-11T03:30:00Z,2026-06-11T05:30:00+0200,0.0,MW,FR,FR,forecast_solar_generation,Solar,2026-07-03T17:44:22Z
2026-07-03T17:43:44Z,2026-07-03T19:43:44+0200,58f0f667-5017-4e2f-a8f0-60c0494acd3e,2026-06-11T03:45:00Z,2026-06-11T05:45:00+0200,0.0,MW,FR,FR,forecast_solar_generation,Solar,2026-07-03T17:44:22Z
2026-07-03T17:43:44Z,2026-07-03T19:43:44+0200,58f0f667-5017-4e2f-a8f0-60c0494acd3e,2026-06-11T04:00:00Z,2026-06-11T06:00:00+0200,0.0,MW,FR,FR,forecast_solar_generation,Solar,2026-07-03T17:44:22Z
2026-07-03T17:43:44Z,2026-07-03T19:43:44+0200,58f0f667-5017-4e2f-a8f0-60c0494acd3e,2026-06-11T04:15:00Z,2026-06-11T06:15:00+0200,190.94414,MW,FR,FR,forecast_solar_generation,Solar,2026-07-03T17:44:22Z
2026-07-03T17:43:44Z,2026-07-03T19:43:44+0200,58f0f667-5017-4e2f-a8f0-60c0494acd3e,2026-06-11T04:30:00Z,2026-06-11T06:30:00+0200,334.36615,MW,FR,FR,forecast_solar_generation,Solar,2026-07-03T17:44:22Z
2026-07-03T17:43:44Z,2026-07-03T19:43:44+0200,58f0f667-5017-4e2f-a8f0-60c0494acd3e,2026-06-11T04:45:00Z,2026-06-11T06:45:00+0200,679.92725,MW,FR,FR,forecast_solar_generation,Solar,2026-07-03T17:44:22Z
2026-07-03T17:43:44Z,2026-07-03T19:43:44+0200,58f0f667-5017-4e2f-a8f0-60c0494acd3e,2026-06-11T05:00:00Z,2026-06-11T07:00:00+0200,1086.99683,MW,FR,FR,forecast_solar_generation,Solar,2026-07-03T17:44:22Z
2026-07-03T17:43:44Z,2026-07-03T19:43:44+0200,58f0f667-5017-4e2f-a8f0-60c0494acd3e,2026-06-11T05:15:00Z,2026-06-11T07:15:00+0200,1596.89539,MW,FR,FR,forecast_solar_generation,Solar,2026-07-03T17:44:22Z
2026-07-03T17:43:44Z,2026-07-03T19:43:44+0200,58f0f667-5017-4e2f-a8f0-60c0494acd3e,2026-06-11T05:30:00Z,2026-06-11T07:30:00+0200,2156.90869,MW,FR,FR,forecast_solar_generation,Solar,2026-07-03T17:44:22Z
2026-07-03T17:43:44Z,2026-07-03T19:43:44+0200,58f0f667-5017-4e2f-a8f0-60c0494acd3e,2026-06-11T05:45:00Z,2026-06-11T07:45:00+0200,2936.17261,MW,FR,FR,forecast_solar_generation,Solar,2026-07-03T17:44:22Z
2026-07-03T17:43:44Z,2026-07-03T19:43:44+0200,58f0f667-5017-4e2f-a8f0-60c0494acd3e,2026-06-11T06:00:00Z,2026-06-11T08:00:00+0200,3755.11938,MW,FR,FR,forecast_solar_generation,Solar,2026-07-03T17:44:22Z
2026-07-03T17:43:44Z,2026-07-03T19:43:44+0200,58f0f667-5017-4e2f-a8f0-60c0494acd3e,2026-06-11T06:15:00Z,2026-06-11T08:15:00+0200,4720.5332,MW,FR,FR,forecast_solar_generation,Solar,2026-07-03T17:44:22Z
2026-07-03T17:43:44Z,2026-07-03T19:43:44+0200,58f0f667-5017-4e2f-a8f0-60c0494acd3e,2026-06-11T06:30:00Z,2026-06-11T08:30:00+0200,5689.14893,MW,FR,FR,forecast_solar_generation,Solar,2026-07-03T17:44:22Z
2026-07-03T17:43:44Z,2026-07-03T19:43:44+0200,58f0f667-5017-4e2f-a8f0-60c0494acd3e,2026-06-11T06:45:00Z,2026-06-11T08:45:00+0200,6764.3374,MW,FR,FR,forecast_solar_generation,Solar,2026-07-03T17:44:22Z
2026-07-03T17:43:44Z,2026-07-03T19:43:44+0200,58f0f667-5017-4e2f-a8f0-60c0494acd3e,2026-06-11T07:00:00Z,2026-06-11T09:00:00+0200,7794.72461,MW,FR,FR,forecast_solar_generation,Solar,2026-07-03T17:44:22Z
2026-07-03T17:43:44Z,2026-07-03T19:43:44+0200,58f0f667-5017-4e2f-a8f0-60c0494acd3e,2026-06-11T07:15:00Z,2026-06-11T09:15:00+0200,8837.48926,MW,FR,FR,forecast_solar_generation,Solar,2026-07-03T17:44:22Z
2026-07-03T17:43:44Z,2026-07-03T19:43:44+0200,58f0f667-5017-4e2f-a8f0-60c0494acd3e,2026-06-11T07:30:00Z,2026-06-11T09:30:00+0200,9868.36621,MW,FR,FR,forecast_solar_generation,Solar,2026-07-03T17:44:22Z
2026-07-03T17:43:44Z,2026-07-03T19:43:44+0200,58f0f667-5017-4e2f-a8f0-60c0494acd3e,2026-06-11T07:45:00Z,2026-06-11T09:45:00+0200,10653.46875,MW,FR,FR,forecast_solar_generation,Solar,2026-07-03T17:44:22Z
2026-07-03T17:43:44Z,2026-07-03T19:43:44+0200,58f0f667-5017-4e2f-a8f0-60c0494acd3e,2026-06-11T08:00:00Z,2026-06-11T10:00:00+0200,11404.97949,MW,FR,FR,forecast_solar_generation,Solar,2026-07-03T17:44:22Z
2026-07-03T17:43:44Z,2026-07-03T19:43:44+0200,58f0f667-5017-4e2f-a8f0-60c0494acd3e,2026-06-11T08:15:00Z,2026-06-11T10:15:00+0200,12148.34473,MW,FR,FR,forecast_solar_generation,Solar,2026-07-03T17:44:22Z
2026-07-03T17:43:44Z,2026-07-03T19:43:44+0200,58f0f667-5017-4e2f-a8f0-60c0494acd3e,2026-06-11T08:30:00Z,2026-06-11T10:30:00+0200,12784.00879,MW,FR,FR,forecast_solar_generation,Solar,2026-07-03T17:44:22Z
2026-07-03T17:43:44Z,2026-07-03T19:43:44+0200,58f0f667-5017-4e2f-a8f0-60c0494acd3e,2026-06-11T08:45:00Z,2026-06-11T10:45:00+0200,9979.49805,MW,FR,FR,forecast_solar_generation,Solar,2026-07-03T17:44:22Z
2026-07-03T17:43:44Z,2026-07-03T19:43:44+0200,58f0f667-5017-4e2f-a8f0-60c0494acd3e,2026-06-11T09:00:00Z,2026-06-11T11:00:00+0200,10279.80566,MW,FR,FR,forecast_solar_generation,Solar,2026-07-03T17:44:22Z
2026-07-03T17:43:44Z,2026-07-03T19:43:44+0200,58f0f667-5017-4e2f-a8f0-60c0494acd3e,2026-06-11T09:15:00Z,2026-06-11T11:15:00+0200,10684.84375,MW,FR,FR,forecast_solar_generation,Solar,2026-07-03T17:44:22Z
2026-07-03T17:43:44Z,2026-07-03T19:43:44+0200,58f0f667-5017-4e2f-a8f0-60c0494acd3e,2026-06-11T09:30:00Z,2026-06-11T11:30:00+0200,11023.09766,MW,FR,FR,forecast_solar_generation,Solar,2026-07-03T17:44:22Z
2026-07-03T17:43:44Z,2026-07-03T19:43:44+0200,58f0f667-5017-4e2f-a8f0-60c0494acd3e,2026-06-11T09:45:00Z,2026-06-11T11:45:00+0200,11241.17578,MW,FR,FR,forecast_solar_generation,Solar,2026-07-03T17:44:22Z
2026-07-03T17:43:44Z,2026-07-03T19:43:44+0200,58f0f667-5017-4e2f-a8f0-60c0494acd3e,2026-06-11T10:00:00Z,2026-06-11T12:00:00+0200,11497.14551,MW,FR,FR,forecast_solar_generation,Solar,2026-07-03T17:44:22Z
2026-07-03T17:43:44Z,2026-07-03T19:43:44+0200,58f0f667-5017-4e2f-a8f0-60c0494acd3e,2026-06-11T10:15:00Z,2026-06-11T12:15:00+0200,11793.93164,MW,FR,FR,forecast_solar_generation,Solar,2026-07-03T17:44:22Z
2026-07-03T17:43:44Z,2026-07-03T19:43:44+0200,58f0f667-5017-4e2f-a8f0-60c0494acd3e,2026-06-11T10:30:00Z,2026-06-11T12:30:00+0200,12110.76074,MW,FR,FR,forecast_solar_generation,Solar,2026-07-03T17:44:22Z
2026-07-03T17:43:44Z,2026-07-03T19:43:44+0200,58f0f667-5017-4e2f-a8f0-60c0494acd3e,2026-06-11T10:45:00Z,2026-06-11T12:45:00+0200,12282.28809,MW,FR,FR,forecast_solar_generation,Solar,2026-07-03T17:44:22Z
2026-07-03T17:43:44Z,2026-07-03T19:43:44+0200,58f0f667-5017-4e2f-a8f0-60c0494acd3e,2026-06-11T11:00:00Z,2026-06-11T13:00:00+0200,12339.89648,MW,FR,FR,forecast_solar_generation,Solar,2026-07-03T17:44:22Z
2026-07-03T17:43:44Z,2026-07-03T19:43:44+0200,58f0f667-5017-4e2f-a8f0-60c0494acd3e,2026-06-11T11:15:00Z,2026-06-11T13:15:00+0200,12329.37891,MW,FR,FR,forecast_solar_generation,Solar,2026-07-03T17:44:22Z
2026-07-03T17:43:44Z,2026-07-03T19:43:44+0200,58f0f667-5017-4e2f-a8f0-60c0494acd3e,2026-06-11T11:30:00Z,2026-06-11T13:30:00+0200,12355.90332,MW,FR,FR,forecast_solar_generation,Solar,2026-07-03T17:44:22Z
2026-07-03T17:43:44Z,2026-07-03T19:43:44+0200,58f0f667-5017-4e2f-a8f0-60c0494acd3e,2026-06-11T11:45:00Z,2026-06-11T13:45:00+0200,12363.49805,MW,FR,FR,forecast_solar_generation,Solar,2026-07-03T17:44:22Z
2026-07-03T17:43:44Z,2026-07-03T19:43:44+0200,58f0f667-5017-4e2f-a8f0-60c0494acd3e,2026-06-11T12:00:00Z,2026-06-11T14:00:00+0200,12371.52246,MW,FR,FR,forecast_solar_generation,Solar,2026-07-03T17:44:22Z
2026-07-03T17:43:44Z,2026-07-03T19:43:44+0200,58f0f667-5017-4e2f-a8f0-60c0494acd3e,2026-06-11T12:15:00Z,2026-06-11T14:15:00+0200,12414.56934,MW,FR,FR,forecast_solar_generation,Solar,2026-07-03T17:44:22Z
2026-07-03T17:43:44Z,2026-07-03T19:43:44+0200,58f0f667-5017-4e2f-a8f0-60c0494acd3e,2026-06-11T12:30:00Z,2026-06-11T14:30:00+0200,12438.3916,MW,FR,FR,forecast_solar_generation,Solar,2026-07-03T17:44:22Z
2026-07-03T17:43:44Z,2026-07-03T19:43:44+0200,58f0f667-5017-4e2f-a8f0-60c0494acd3e,2026-06-11T12:45:00Z,2026-06-11T14:45:00+0200,12376.16113,MW,FR,FR,forecast_solar_generation,Solar,2026-07-03T17:44:22Z
2026-07-03T17:43:44Z,2026-07-03T19:43:44+0200,58f0f667-5017-4e2f-a8f0-60c0494acd3e,2026-06-11T13:00:00Z,2026-06-11T15:00:00+0200,12256.97559,MW,FR,FR,forecast_solar_generation,Solar,2026-07-03T17:44:22Z
2026-07-03T17:43:44Z,2026-07-03T19:43:44+0200,58f0f667-5017-4e2f-a8f0-60c0494acd3e,2026-06-11T13:15:00Z,2026-06-11T15:15:00+0200,12141.88574,MW,FR,FR,forecast_solar_generation,Solar,2026-07-03T17:44:22Z
2026-07-03T17:43:44Z,2026-07-03T19:43:44+0200,58f0f667-5017-4e2f-a8f0-60c0494acd3e,2026-06-11T13:30:00Z,2026-06-11T15:30:00+0200,11890.29102,MW,FR,FR,forecast_solar_generation,Solar,2026-07-03T17:44:22Z
2026-07-03T17:43:44Z,2026-07-03T19:43:44+0200,58f0f667-5017-4e2f-a8f0-60c0494acd3e,2026-06-11T13:45:00Z,2026-06-11T15:45:00+0200,11508.47266,MW,FR,FR,forecast_solar_generation,Solar,2026-07-03T17:44:22Z
2026-07-03T17:43:44Z,2026-07-03T19:43:44+0200,58f0f667-5017-4e2f-a8f0-60c0494acd3e,2026-06-11T14:00:00Z,2026-06-11T16:00:00+0200,11113.21777,MW,FR,FR,forecast_solar_generation,Solar,2026-07-03T17:44:22Z
2026-07-03T17:43:44Z,2026-07-03T19:43:44+0200,58f0f667-5017-4e2f-a8f0-60c0494acd3e,2026-06-11T14:15:00Z,2026-06-11T16:15:00+0200,10819.89648,MW,FR,FR,forecast_solar_generation,Solar,2026-07-03T17:44:22Z
2026-07-03T17:43:44Z,2026-07-03T19:43:44+0200,58f0f667-5017-4e2f-a8f0-60c0494acd3e,2026-06-11T14:30:00Z,2026-06-11T16:30:00+0200,10440.47168,MW,FR,FR,forecast_solar_generation,Solar,2026-07-03T17:44:22Z
2026-07-03T17:43:44Z,2026-07-03T19:43:44+0200,58f0f667-5017-4e2f-a8f0-60c0494acd3e,2026-06-11T14:45:00Z,2026-06-11T16:45:00+0200,10021.37598,MW,FR,FR,forecast_solar_generation,Solar,2026-07-03T17:44:22Z
2026-07-03T17:43:44Z,2026-07-03T19:43:44+0200,58f0f667-5017-4e2f-a8f0-60c0494acd3e,2026-06-11T15:00:00Z,2026-06-11T17:00:00+0200,9549.3623,MW,FR,FR,forecast_solar_generation,Solar,2026-07-03T17:44:22Z
2026-07-03T17:43:44Z,2026-07-03T19:43:44+0200,58f0f667-5017-4e2f-a8f0-60c0494acd3e,2026-06-11T15:15:00Z,2026-06-11T17:15:00+0200,11762.2666,MW,FR,FR,forecast_solar_generation,Solar,2026-07-03T17:44:22Z
2026-07-03T17:43:44Z,2026-07-03T19:43:44+0200,58f0f667-5017-4e2f-a8f0-60c0494acd3e,2026-06-11T15:30:00Z,2026-06-11T17:30:00+0200,11093.8457,MW,FR,FR,forecast_solar_generation,Solar,2026-07-03T17:44:22Z
2026-07-03T17:43:44Z,2026-07-03T19:43:44+0200,58f0f667-5017-4e2f-a8f0-60c0494acd3e,2026-06-11T15:45:00Z,2026-06-11T17:45:00+0200,10466.0293,MW,FR,FR,forecast_solar_generation,Solar,2026-07-03T17:44:22Z
2026-07-03T17:43:44Z,2026-07-03T19:43:44+0200,58f0f667-5017-4e2f-a8f0-60c0494acd3e,2026-06-11T16:00:00Z,2026-06-11T18:00:00+0200,9686.82422,MW,FR,FR,forecast_solar_generation,Solar,2026-07-03T17:44:22Z
2026-07-03T17:43:44Z,2026-07-03T19:43:44+0200,58f0f667-5017-4e2f-a8f0-60c0494acd3e,2026-06-11T16:15:00Z,2026-06-11T18:15:00+0200,8829.46777,MW,FR,FR,forecast_solar_generation,Solar,2026-07-03T17:44:22Z
2026-07-03T17:43:44Z,2026-07-03T19:43:44+0200,58f0f667-5017-4e2f-a8f0-60c0494acd3e,2026-06-11T16:30:00Z,2026-06-11T18:30:00+0200,8017.16943,MW,FR,FR,forecast_solar_generation,Solar,2026-07-03T17:44:22Z
2026-07-03T17:43:44Z,2026-07-03T19:43:44+0200,58f0f667-5017-4e2f-a8f0-60c0494acd3e,2026-06-11T16:45:00Z,2026-06-11T18:45:00+0200,7283.09082,MW,FR,FR,forecast_solar_generation,Solar,2026-07-03T17:44:22Z
2026-07-03T17:43:44Z,2026-07-03T19:43:44+0200,58f0f667-5017-4e2f-a8f0-60c0494acd3e,2026-06-11T17:00:00Z,2026-06-11T19:00:00+0200,6300.51172,MW,FR,FR,forecast_solar_generation,Solar,2026-07-03T17:44:22Z
2026-07-03T17:43:44Z,2026-07-03T19:43:44+0200,58f0f667-5017-4e2f-a8f0-60c0494acd3e,2026-06-11T17:15:00Z,2026-06-11T19:15:00+0200,5557.6001,MW,FR,FR,forecast_solar_generation,Solar,2026-07-03T17:44:22Z
2026-07-03T17:43:44Z,2026-07-03T19:43:44+0200,58f0f667-5017-4e2f-a8f0-60c0494acd3e,2026-06-11T17:30:00Z,2026-06-11T19:30:00+0200,4603.55566,MW,FR,FR,forecast_solar_generation,Solar,2026-07-03T17:44:22Z
2026-07-03T17:43:44Z,2026-07-03T19:43:44+0200,58f0f667-5017-4e2f-a8f0-60c0494acd3e,2026-06-11T17:45:00Z,2026-06-11T19:45:00+0200,3885.3811,MW,FR,FR,forecast_solar_generation,Solar,2026-07-03T17:44:22Z
2026-07-03T17:43:44Z,2026-07-03T19:43:44+0200,58f0f667-5017-4e2f-a8f0-60c0494acd3e,2026-06-11T18:00:00Z,2026-06-11T20:00:00+0200,3058.59521,MW,FR,FR,forecast_solar_generation,Solar,2026-07-03T17:44:22Z
2026-07-03T17:43:44Z,2026-07-03T19:43:44+0200,58f0f667-5017-4e2f-a8f0-60c0494acd3e,2026-06-11T18:15:00Z,2026-06-11T20:15:00+0200,2399.85205,MW,FR,FR,forecast_solar_generation,Solar,2026-07-03T17:44:22Z
2026-07-03T17:43:44Z,2026-07-03T19:43:44+0200,58f0f667-5017-4e2f-a8f0-60c0494acd3e,2026-06-11T18:30:00Z,2026-06-11T20:30:00+0200,1765.20276,MW,FR,FR,forecast_solar_generation,Solar,2026-07-03T17:44:22Z
2026-07-03T17:43:44Z,2026-07-03T19:43:44+0200,58f0f667-5017-4e2f-a8f0-60c0494acd3e,2026-06-11T18:45:00Z,2026-06-11T20:45:00+0200,1301.50867,MW,FR,FR,forecast_solar_generation,Solar,2026-07-03T17:44:22Z
2026-07-03T17:43:44Z,2026-07-03T19:43:44+0200,58f0f667-5017-4e2f-a8f0-60c0494acd3e,2026-06-11T19:00:00Z,2026-06-11T21:00:00+0200,865.44543,MW,FR,FR,forecast_solar_generation,Solar,2026-07-03T17:44:22Z
2026-07-03T17:43:44Z,2026-07-03T19:43:44+0200,58f0f667-5017-4e2f-a8f0-60c0494acd3e,2026-06-11T19:15:00Z,2026-06-11T21:15:00+0200,494.3656,MW,FR,FR,forecast_solar_generation,Solar,2026-07-03T17:44:22Z
2026-07-03T17:43:44Z,2026-07-03T19:43:44+0200,58f0f667-5017-4e2f-a8f0-60c0494acd3e,2026-06-11T19:30:00Z,2026-06-11T21:30:00+0200,223.45866,MW,FR,FR,forecast_solar_generation,Solar,2026-07-03T17:44:22Z
2026-07-03T17:43:44Z,2026-07-03T19:43:44+0200,58f0f667-5017-4e2f-a8f0-60c0494acd3e,2026-06-11T19:45:00Z,2026-06-11T21:45:00+0200,74.93891,MW,FR,FR,forecast_solar_generation,Solar,2026-07-03T17:44:22Z
2026-07-03T17:43:44Z,2026-07-03T19:43:44+0200,58f0f667-5017-4e2f-a8f0-60c0494acd3e,2026-06-11T20:00:00Z,2026-06-11T22:00:00+0200,11.1748,MW,FR,FR,forecast_solar_generation,Solar,2026-07-03T17:44:22Z
2026-07-03T17:43:44Z,2026-07-03T19:43:44+0200,58f0f667-5017-4e2f-a8f0-60c0494acd3e,2026-06-11T20:15:00Z,2026-06-11T22:15:00+0200,0.0,MW,FR,FR,forecast_solar_generation,Solar,2026-07-03T17:44:22Z
2026-07-03T17:43:44Z,2026-07-03T19:43:44+0200,58f0f667-5017-4e2f-a8f0-60c0494acd3e,2026-06-11T20:30:00Z,2026-06-11T22:30:00+0200,0.0,MW,FR,FR,forecast_solar_generation,Solar,2026-07-03T17:44:22Z
2026-07-03T17:43:44Z,2026-07-03T19:43:44+0200,58f0f667-5017-4e2f-a8f0-60c0494acd3e,2026-06-11T20:45:00Z,2026-06-11T22:45:00+0200,0.0,MW,FR,FR,forecast_solar_generation,Solar,2026-07-03T17:44:22Z
2026-07-03T17:43:44Z,2026-07-03T19:43:44+0200,58f0f667-5017-4e2f-a8f0-60c0494acd3e,2026-06-11T21:00:00Z,2026-06-11T23:00:00+0200,0.0,MW,FR,FR,forecast_solar_generation,Solar,2026-07-03T17:44:22Z
2026-07-03T17:43:44Z,2026-07-03T19:43:44+0200,58f0f667-5017-4e2f-a8f0-60c0494acd3e,2026-06-11T21:15:00Z,2026-06-11T23:15:00+0200,0.0,MW,FR,FR,forecast_solar_generation,Solar,2026-07-03T17:44:22Z
2026-07-03T17:43:44Z,2026-07-03T19:43:44+0200,58f0f667-5017-4e2f-a8f0-60c0494acd3e,2026-06-11T21:30:00Z,2026-06-11T23:30:00+0200,0.0,MW,FR,FR,forecast_solar_generation,Solar,2026-07-03T17:44:22Z
2026-07-03T17:43:44Z,2026-07-03T19:43:44+0200,58f0f667-5017-4e2f-a8f0-60c0494acd3e,2026-06-11T21:45:00Z,2026-06-11T23:45:00+0200,0.0,MW,FR,FR,forecast_solar_generation,Solar,2026-07-03T17:44:22Z
2026-07-03T17:43:44Z,2026-07-03T19:43:44+0200,58f0f667-5017-4e2f-a8f0-60c0494acd3e,2026-06-11T22:00:00Z,2026-06-12T00:00:00+0200,0.0,MW,FR,FR,forecast_solar_generation,Solar,2026-07-03T17:44:22Z
2026-07-03T17:43:44Z,2026-07-03T19:43:44+0200,58f0f667-5017-4e2f-a8f0-60c0494acd3e,2026-06-11T22:15:00Z,2026-06-12T00:15:00+0200,0.0,MW,FR,FR,forecast_solar_generation,Solar,2026-07-03T17:44:22Z
2026-07-03T17:43:44Z,2026-07-03T19:43:44+0200,58f0f667-5017-4e2f-a8f0-60c0494acd3e,2026-06-11T22:30:00Z,2026-06-12T00:30:00+0200,0.0,MW,FR,FR,forecast_solar_generation,Solar,2026-07-03T17:44:22Z
2026-07-03T17:43:44Z,2026-07-03T19:43:44+0200,58f0f667-5017-4e2f-a8f0-60c0494acd3e,2026-06-11T22:45:00Z,2026-06-12T00:45:00+0200,0.0,MW,FR,FR,forecast_solar_generation,Solar,2026-07-03T17:44:22Z
2026-07-03T17:43:44Z,2026-07-03T19:43:44+0200,58f0f667-5017-4e2f-a8f0-60c0494acd3e,2026-06-11T23:00:00Z,2026-06-12T01:00:00+0200,0.0,MW,FR,FR,forecast_solar_generation,Solar,2026-07-03T17:44:22Z
2026-07-03T17:43:44Z,2026-07-03T19:43:44+0200,58f0f667-5017-4e2f-a8f0-60c0494acd3e,2026-06-11T23:15:00Z,2026-06-12T01:15:00+0200,0.0,MW,FR,FR,forecast_solar_generation,Solar,2026-07-03T17:44:22Z
2026-07-03T17:43:44Z,2026-07-03T19:43:44+0200,58f0f667-5017-4e2f-a8f0-60c0494acd3e,2026-06-11T23:30:00Z,2026-06-12T01:30:00+0200,0.0,MW,FR,FR,forecast_solar_generation,Solar,2026-07-03T17:44:22Z
2026-07-03T17:43:44Z,2026-07-03T19:43:44+0200,58f0f667-5017-4e2f-a8f0-60c0494acd3e,2026-06-11T23:45:00Z,2026-06-12T01:45:00+0200,0.0,MW,FR,FR,forecast_solar_generation,Solar,2026-07-03T17:44:22Z
2026-07-03T17:43:44Z,2026-07-03T19:43:44+0200,58f0f667-5017-4e2f-a8f0-60c0494acd3e,2026-06-12T00:00:00Z,2026-06-12T02:00:00+0200,0.0,MW,FR,FR,forecast_solar_generation,Solar,2026-07-03T17:44:22Z
2026-07-03T17:43:44Z,2026-07-03T19:43:44+0200,58f0f667-5017-4e2f-a8f0-60c0494acd3e,2026-06-12T00:15:00Z,2026-06-12T02:15:00+0200,0.0,MW,FR,FR,forecast_solar_generation,Solar,2026-07-03T17:44:22Z
2026-07-03T17:43:44Z,2026-07-03T19:43:44+0200,58f0f667-5017-4e2f-a8f0-60c0494acd3e,2026-06-12T00:30:00Z,2026-06-12T02:30:00+0200,0.0,MW,FR,FR,forecast_solar_generation,Solar,2026-07-03T17:44:22Z
2026-07-03T17:43:44Z,2026-07-03T19:43:44+0200,58f0f667-5017-4e2f-a8f0-60c0494acd3e,2026-06-12T00:45:00Z,2026-06-12T02:45:00+0200,0.0,MW,FR,FR,forecast_solar_generation,Solar,2026-07-03T17:44:22Z
2026-07-03T17:43:44Z,2026-07-03T19:43:44+0200,58f0f667-5017-4e2f-a8f0-60c0494acd3e,2026-06-12T01:00:00Z,2026-06-12T03:00:00+0200,0.0,MW,FR,FR,forecast_solar_generation,Solar,2026-07-03T17:44:22Z
2026-07-03T17:43:44Z,2026-07-03T19:43:44+0200,58f0f667-5017-4e2f-a8f0-60c0494acd3e,2026-06-12T01:15:00Z,2026-06-12T03:15:00+0200,0.0,MW,FR,FR,forecast_solar_generation,Solar,2026-07-03T17:44:22Z
2026-07-03T17:43:44Z,2026-07-03T19:43:44+0200,58f0f667-5017-4e2f-a8f0-60c0494acd3e,2026-06-12T01:30:00Z,2026-06-12T03:30:00+0200,0.0,MW,FR,FR,forecast_solar_generation,Solar,2026-07-03T17:44:22Z
2026-07-03T17:43:44Z,2026-07-03T19:43:44+0200,58f0f667-5017-4e2f-a8f0-60c0494acd3e,2026-06-12T01:45:00Z,2026-06-12T03:45:00+0200,0.0,MW,FR,FR,forecast_solar_generation,Solar,2026-07-03T17:44:22Z
2026-07-03T17:43:44Z,2026-07-03T19:43:44+0200,58f0f667-5017-4e2f-a8f0-60c0494acd3e,2026-06-12T02:00:00Z,2026-06-12T04:00:00+0200,0.0,MW,FR,FR,forecast_solar_generation,Solar,2026-07-03T17:44:22Z
2026-07-03T17:43:44Z,2026-07-03T19:43:44+0200,58f0f667-5017-4e2f-a8f0-60c0494acd3e,2026-06-12T02:15:00Z,2026-06-12T04:15:00+0200,0.0,MW,FR,FR,forecast_solar_generation,Solar,2026-07-03T17:44:22Z
2026-07-03T17:43:44Z,2026-07-03T19:43:44+0200,58f0f667-5017-4e2f-a8f0-60c0494acd3e,2026-06-12T02:30:00Z,2026-06-12T04:30:00+0200,0.0,MW,FR,FR,forecast_solar_generation,Solar,2026-07-03T17:44:22Z
2026-07-03T17:43:44Z,2026-07-03T19:43:44+0200,58f0f667-5017-4e2f-a8f0-60c0494acd3e,2026-06-12T02:45:00Z,2026-06-12T04:45:00+0200,0.0,MW,FR,FR,forecast_solar_generation,Solar,2026-07-03T17:44:22Z
2026-07-03T17:43:44Z,2026-07-03T19:43:44+0200,58f0f667-5017-4e2f-a8f0-60c0494acd3e,2026-06-12T03:00:00Z,2026-06-12T05:00:00+0200,0.0,MW,FR,FR,forecast_solar_generation,Solar,2026-07-03T17:44:22Z
2026-07-03T17:43:44Z,2026-07-03T19:43:44+0200,58f0f667-5017-4e2f-a8f0-60c0494acd3e,2026-06-12T03:15:00Z,2026-06-12T05:15:00+0200,0.0,MW,FR,FR,forecast_solar_generation,Solar,2026-07-03T17:44:22Z
2026-07-03T17:43:44Z,2026-07-03T19:43:44+0200,58f0f667-5017-4e2f-a8f0-60c0494acd3e,2026-06-12T03:30:00Z,2026-06-12T05:30:00+0200,0.0,MW,FR,FR,forecast_solar_generation,Solar,2026-07-03T17:44:22Z
2026-07-03T17:43:44Z,2026-07-03T19:43:44+0200,58f0f667-5017-4e2f-a8f0-60c0494acd3e,2026-06-12T03:45:00Z,2026-06-12T05:45:00+0200,0.0,MW,FR,FR,forecast_solar_generation,Solar,2026-07-03T17:44:22Z
2026-07-03T17:43:44Z,2026-07-03T19:43:44+0200,58f0f667-5017-4e2f-a8f0-60c0494acd3e,2026-06-12T04:00:00Z,2026-06-12T06:00:00+0200,0.0,MW,FR,FR,forecast_solar_generation,Solar,2026-07-03T17:44:22Z
2026-07-03T17:43:44Z,2026-07-03T19:43:44+0200,58f0f667-5017-4e2f-a8f0-60c0494acd3e,2026-06-12T04:15:00Z,2026-06-12T06:15:00+0200,150.52583,MW,FR,FR,forecast_solar_generation,Solar,2026-07-03T17:44:22Z
2026-07-03T17:43:44Z,2026-07-03T19:43:44+0200,58f0f667-5017-4e2f-a8f0-60c0494acd3e,2026-06-12T04:30:00Z,2026-06-12T06:30:00+0200,265.13205,MW,FR,FR,forecast_solar_generation,Solar,2026-07-03T17:44:22Z
2026-07-03T17:43:44Z,2026-07-03T19:43:44+0200,58f0f667-5017-4e2f-a8f0-60c0494acd3e,2026-06-12T04:45:00Z,2026-06-12T06:45:00+0200,562.67242,MW,FR,FR,forecast_solar_generation,Solar,2026-07-03T17:44:22Z
2026-07-03T17:43:44Z,2026-07-03T19:43:44+0200,58f0f667-5017-4e2f-a8f0-60c0494acd3e,2026-06-12T05:00:00Z,2026-06-12T07:00:00+0200,949.17871,MW,FR,FR,forecast_solar_generation,Solar,2026-07-03T17:44:22Z
2026-07-03T17:43:44Z,2026-07-03T19:43:44+0200,58f0f667-5017-4e2f-a8f0-60c0494acd3e,2026-06-12T05:15:00Z,2026-06-12T07:15:00+0200,1398.4928,MW,FR,FR,forecast_solar_generation,Solar,2026-07-03T17:44:22Z
2026-07-03T17:43:44Z,2026-07-03T19:43:44+0200,58f0f667-5017-4e2f-a8f0-60c0494acd3e,2026-06-12T05:30:00Z,2026-06-12T07:30:00+0200,1925.45789,MW,FR,FR,forecast_solar_generation,Solar,2026-07-03T17:44:22Z
2026-07-03T17:43:44Z,2026-07-03T19:43:44+0200,58f0f667-5017-4e2f-a8f0-60c0494acd3e,2026-06-12T05:45:00Z,2026-06-12T07:45:00+0200,2623.76367,MW,FR,FR,forecast_solar_generation,Solar,2026-07-03T17:44:22Z
2026-07-03T17:43:44Z,2026-07-03T19:43:44+0200,58f0f667-5017-4e2f-a8f0-60c0494acd3e,2026-06-12T06:00:00Z,2026-06-12T08:00:00+0200,3425.38501,MW,FR,FR,forecast_solar_generation,Solar,2026-07-03T17:44:22Z
2026-07-03T17:43:44Z,2026-07-03T19:43:44+0200,58f0f667-5017-4e2f-a8f0-60c0494acd3e,2026-06-12T06:15:00Z,2026-06-12T08:15:00+0200,4298.49512,MW,FR,FR,forecast_solar_generation,Solar,2026-07-03T17:44:22Z
2026-07-03T17:43:44Z,2026-07-03T19:43:44+0200,58f0f667-5017-4e2f-a8f0-60c0494acd3e,2026-06-12T06:30:00Z,2026-06-12T08:30:00+0200,5266.16846,MW,FR,FR,forecast_solar_generation,Solar,2026-07-03T17:44:22Z
2026-07-03T17:43:44Z,2026-07-03T19:43:44+0200,58f0f667-5017-4e2f-a8f0-60c0494acd3e,2026-06-12T06:45:00Z,2026-06-12T08:45:00+0200,6207.2998,MW,FR,FR,forecast_solar_generation,Solar,2026-07-03T17:44:22Z
2026-07-03T17:43:44Z,2026-07-03T19:43:44+0200,58f0f667-5017-4e2f-a8f0-60c0494acd3e,2026-06-12T07:00:00Z,2026-06-12T09:00:00+0200,7175.48584,MW,FR,FR,forecast_solar_generation,Solar,2026-07-03T17:44:22Z
2026-07-03T17:43:44Z,2026-07-03T19:43:44+0200,58f0f667-5017-4e2f-a8f0-60c0494acd3e,2026-06-12T07:15:00Z,2026-06-12T09:15:00+0200,8148.11426,MW,FR,FR,forecast_solar_generation,Solar,2026-07-03T17:44:22Z
2026-07-03T17:43:44Z,2026-07-03T19:43:44+0200,58f0f667-5017-4e2f-a8f0-60c0494acd3e,2026-06-12T07:30:00Z,2026-06-12T09:30:00+0200,9106.93066,MW,FR,FR,forecast_solar_generation,Solar,2026-07-03T17:44:22Z
2026-07-03T17:43:44Z,2026-07-03T19:43:44+0200,58f0f667-5017-4e2f-a8f0-60c0494acd3e,2026-06-12T07:45:00Z,2026-06-12T09:45:00+0200,7559.67822,MW,FR,FR,forecast_solar_generation,Solar,2026-07-03T17:44:22Z
2026-07-03T17:43:44Z,2026-07-03T19:43:44+0200,58f0f667-5017-4e2f-a8f0-60c0494acd3e,2026-06-12T08:00:00Z,2026-06-12T10:00:00+0200,8228.19629,MW,FR,FR,forecast_solar_generation,Solar,2026-07-03T17:44:22Z
2026-07-03T17:43:44Z,2026-07-03T19:43:44+0200,58f0f667-5017-4e2f-a8f0-60c0494acd3e,2026-06-12T08:15:00Z,2026-06-12T10:15:00+0200,11774.64941,MW,FR,FR,forecast_solar_generation,Solar,2026-07-03T17:44:22Z
2026-07-03T17:43:44Z,2026-07-03T19:43:44+0200,58f0f667-5017-4e2f-a8f0-60c0494acd3e,2026-06-12T08:30:00Z,2026-06-12T10:30:00+0200,9515.04004,MW,FR,FR,forecast_solar_generation,Solar,2026-07-03T17:44:22Z
2026-07-03T17:43:44Z,2026-07-03T19:43:44+0200,58f0f667-5017-4e2f-a8f0-60c0494acd3e,2026-06-12T08:45:00Z,2026-06-12T10:45:00+0200,10018.84863,MW,FR,FR,forecast_solar_generation,Solar,2026-07-03T17:44:22Z
2026-07-03T17:43:44Z,2026-07-03T19:43:44+0200,58f0f667-5017-4e2f-a8f0-60c0494acd3e,2026-06-12T09:00:00Z,2026-06-12T11:00:00+0200,10516.74316,MW,FR,FR,forecast_solar_generation,Solar,2026-07-03T17:44:22Z
2026-07-03T17:43:44Z,2026-07-03T19:43:44+0200,58f0f667-5017-4e2f-a8f0-60c0494acd3e,2026-06-12T09:15:00Z,2026-06-12T11:15:00+0200,11130.75879,MW,FR,FR,forecast_solar_generation,Solar,2026-07-03T17:44:22Z
2026-07-03T17:43:44Z,2026-07-03T19:43:44+0200,58f0f667-5017-4e2f-a8f0-60c0494acd3e,2026-06-12T09:30:00Z,2026-06-12T11:30:00+0200,11600.47461,MW,FR,FR,forecast_solar_generation,Solar,2026-07-03T17:44:22Z
2026-07-03T17:43:44Z,2026-07-03T19:43:44+0200,58f0f667-5017-4e2f-a8f0-60c0494acd3e,2026-06-12T09:45:00Z,2026-06-12T11:45:00+0200,12069.77734,MW,FR,FR,forecast_solar_generation,Solar,2026-07-03T17:44:22Z
2026-07-03T17:43:44Z,2026-07-03T19:43:44+0200,58f0f667-5017-4e2f-a8f0-60c0494acd3e,2026-06-12T10:00:00Z,2026-06-12T12:00:00+0200,12498.38574,MW,FR,FR,forecast_solar_generation,Solar,2026-07-03T17:44:22Z
2026-07-03T17:43:44Z,2026-07-03T19:43:44+0200,58f0f667-5017-4e2f-a8f0-60c0494acd3e,2026-06-12T10:15:00Z,2026-06-12T12:15:00+0200,12855.03711,MW,FR,FR,forecast_solar_generation,Solar,2026-07-03T17:44:22Z
2026-07-03T17:43:44Z,2026-07-03T19:43:44+0200,58f0f667-5017-4e2f-a8f0-60c0494acd3e,2026-06-12T10:30:00Z,2026-06-12T12:30:00+0200,13158.7998,MW,FR,FR,forecast_solar_generation,Solar,2026-07-03T17:44:22Z
2026-07-03T17:43:44Z,2026-07-03T19:43:44+0200,58f0f667-5017-4e2f-a8f0-60c0494acd3e,2026-06-12T10:45:00Z,2026-06-12T12:45:00+0200,13405.56641,MW,FR,FR,forecast_solar_generation,Solar,2026-07-03T17:44:22Z
2026-07-03T17:43:44Z,2026-07-03T19:43:44+0200,58f0f667-5017-4e2f-a8f0-60c0494acd3e,2026-06-12T11:00:00Z,2026-06-12T13:00:00+0200,13646.97656,MW,FR,FR,forecast_solar_generation,Solar,2026-07-03T17:44:22Z
2026-07-03T17:43:44Z,2026-07-03T19:43:44+0200,58f0f667-5017-4e2f-a8f0-60c0494acd3e,2026-06-12T11:15:00Z,2026-06-12T13:15:00+0200,13828.50977,MW,FR,FR,forecast_solar_generation,Solar,2026-07-03T17:44:22Z
2026-07-03T17:43:44Z,2026-07-03T19:43:44+0200,58f0f667-5017-4e2f-a8f0-60c0494acd3e,2026-06-12T11:30:00Z,2026-06-12T13:30:00+0200,13950.93555,MW,FR,FR,forecast_solar_generation,Solar,2026-07-03T17:44:22Z
2026-07-03T17:43:44Z,2026-07-03T19:43:44+0200,58f0f667-5017-4e2f-a8f0-60c0494acd3e,2026-06-12T11:45:00Z,2026-06-12T13:45:00+0200,14012.6543,MW,FR,FR,forecast_solar_generation,Solar,2026-07-03T17:44:22Z
2026-07-03T17:43:44Z,2026-07-03T19:43:44+0200,58f0f667-5017-4e2f-a8f0-60c0494acd3e,2026-06-12T12:00:00Z,2026-06-12T14:00:00+0200,14094.47754,MW,FR,FR,forecast_solar_generation,Solar,2026-07-03T17:44:22Z
2026-07-03T17:43:44Z,2026-07-03T19:43:44+0200,58f0f667-5017-4e2f-a8f0-60c0494acd3e,2026-06-12T12:15:00Z,2026-06-12T14:15:00+0200,14144.97266,MW,FR,FR,forecast_solar_generation,Solar,2026-07-03T17:44:22Z
2026-07-03T17:43:44Z,2026-07-03T19:43:44+0200,58f0f667-5017-4e2f-a8f0-60c0494acd3e,2026-06-12T12:30:00Z,2026-06-12T14:30:00+0200,14188.28613,MW,FR,FR,forecast_solar_generation,Solar,2026-07-03T17:44:22Z
2026-07-03T17:43:44Z,2026-07-03T19:43:44+0200,58f0f667-5017-4e2f-a8f0-60c0494acd3e,2026-06-12T12:45:00Z,2026-06-12T14:45:00+0200,14214.10254,MW,FR,FR,forecast_solar_generation,Solar,2026-07-03T17:44:22Z
2026-07-03T17:43:44Z,2026-07-03T19:43:44+0200,58f0f667-5017-4e2f-a8f0-60c0494acd3e,2026-06-12T13:00:00Z,2026-06-12T15:00:00+0200,14191.56055,MW,FR,FR,forecast_solar_generation,Solar,2026-07-03T17:44:22Z
2026-07-03T17:43:44Z,2026-07-03T19:43:44+0200,58f0f667-5017-4e2f-a8f0-60c0494acd3e,2026-06-12T13:15:00Z,2026-06-12T15:15:00+0200,14096.72754,MW,FR,FR,forecast_solar_generation,Solar,2026-07-03T17:44:22Z
2026-07-03T17:43:44Z,2026-07-03T19:43:44+0200,58f0f667-5017-4e2f-a8f0-60c0494acd3e,2026-06-12T13:30:00Z,2026-06-12T15:30:00+0200,13866.15039,MW,FR,FR,forecast_solar_generation,Solar,2026-07-03T17:44:22Z
2026-07-03T17:43:44Z,2026-07-03T19:43:44+0200,58f0f667-5017-4e2f-a8f0-60c0494acd3e,2026-06-12T13:45:00Z,2026-06-12T15:45:00+0200,13566.83887,MW,FR,FR,forecast_solar_generation,Solar,2026-07-03T17:44:22Z
2026-07-03T17:43:44Z,2026-07-03T19:43:44+0200,58f0f667-5017-4e2f-a8f0-60c0494acd3e,2026-06-12T14:00:00Z,2026-06-12T16:00:00+0200,13267.21191,MW,FR,FR,forecast_solar_generation,Solar,2026-07-03T17:44:22Z
2026-07-03T17:43:44Z,2026-07-03T19:43:44+0200,58f0f667-5017-4e2f-a8f0-60c0494acd3e,2026-06-12T14:15:00Z,2026-06-12T16:15:00+0200,12974.3418,MW,FR,FR,forecast_solar_generation,Solar,2026-07-03T17:44:22Z
2026-07-03T17:43:44Z,2026-07-03T19:43:44+0200,58f0f667-5017-4e2f-a8f0-60c0494acd3e,2026-06-12T14:30:00Z,2026-06-12T16:30:00+0200,12557.39453,MW,FR,FR,forecast_solar_generation,Solar,2026-07-03T17:44:22Z
2026-07-03T17:43:44Z,2026-07-03T19:43:44+0200,58f0f667-5017-4e2f-a8f0-60c0494acd3e,2026-06-12T14:45:00Z,2026-06-12T16:45:00+0200,12028.92969,MW,FR,FR,forecast_solar_generation,Solar,2026-07-03T17:44:22Z
2026-07-03T17:43:44Z,2026-07-03T19:43:44+0200,58f0f667-5017-4e2f-a8f0-60c0494acd3e,2026-06-12T15:00:00Z,2026-06-12T17:00:00+0200,11504.55371,MW,FR,FR,forecast_solar_generation,Solar,2026-07-03T17:44:22Z
2026-07-03T17:43:44Z,2026-07-03T19:43:44+0200,58f0f667-5017-4e2f-a8f0-60c0494acd3e,2026-06-12T15:15:00Z,2026-06-12T17:15:00+0200,10984.79199,MW,FR,FR,forecast_solar_generation,Solar,2026-07-03T17:44:22Z
2026-07-03T17:43:44Z,2026-07-03T19:43:44+0200,58f0f667-5017-4e2f-a8f0-60c0494acd3e,2026-06-12T15:30:00Z,2026-06-12T17:30:00+0200,10447.92676,MW,FR,FR,forecast_solar_generation,Solar,2026-07-03T17:44:22Z
2026-07-03T17:43:44Z,2026-07-03T19:43:44+0200,58f0f667-5017-4e2f-a8f0-60c0494acd3e,2026-06-12T15:45:00Z,2026-06-12T17:45:00+0200,12815.57129,MW,FR,FR,forecast_solar_generation,Solar,2026-07-03T17:44:22Z
2026-07-03T17:43:44Z,2026-07-03T19:43:44+0200,58f0f667-5017-4e2f-a8f0-60c0494acd3e,2026-06-12T16:00:00Z,2026-06-12T18:00:00+0200,11877.49219,MW,FR,FR,forecast_solar_generation,Solar,2026-07-03T17:44:22Z
2026-07-03T17:43:44Z,2026-07-03T19:43:44+0200,58f0f667-5017-4e2f-a8f0-60c0494acd3e,2026-06-12T16:15:00Z,2026-06-12T18:15:00+0200,10900.34766,MW,FR,FR,forecast_solar_generation,Solar,2026-07-03T17:44:22Z
2026-07-03T17:43:44Z,2026-07-03T19:43:44+0200,58f0f667-5017-4e2f-a8f0-60c0494acd3e,2026-06-12T16:30:00Z,2026-06-12T18:30:00+0200,9889.34863,MW,FR,FR,forecast_solar_generation,Solar,2026-07-03T17:44:22Z
2026-07-03T17:43:44Z,2026-07-03T19:43:44+0200,58f0f667-5017-4e2f-a8f0-60c0494acd3e,2026-06-12T16:45:00Z,2026-06-12T18:45:00+0200,8924.57227,MW,FR,FR,forecast_solar_generation,Solar,2026-07-03T17:44:22Z
2026-07-03T17:43:44Z,2026-07-03T19:43:44+0200,58f0f667-5017-4e2f-a8f0-60c0494acd3e,2026-06-12T17:00:00Z,2026-06-12T19:00:00+0200,7756.41504,MW,FR,FR,forecast_solar_generation,Solar,2026-07-03T17:44:22Z
2026-07-03T17:43:44Z,2026-07-03T19:43:44+0200,58f0f667-5017-4e2f-a8f0-60c0494acd3e,2026-06-12T17:15:00Z,2026-06-12T19:15:00+0200,6747.09717,MW,FR,FR,forecast_solar_generation,Solar,2026-07-03T17:44:22Z
2026-07-03T17:43:44Z,2026-07-03T19:43:44+0200,58f0f667-5017-4e2f-a8f0-60c0494acd3e,2026-06-12T17:30:00Z,2026-06-12T19:30:00+0200,5592.74268,MW,FR,FR,forecast_solar_generation,Solar,2026-07-03T17:44:22Z
2026-07-03T17:43:44Z,2026-07-03T19:43:44+0200,58f0f667-5017-4e2f-a8f0-60c0494acd3e,2026-06-12T17:45:00Z,2026-06-12T19:45:00+0200,4655.26953,MW,FR,FR,forecast_solar_generation,Solar,2026-07-03T17:44:22Z
2026-07-03T17:43:44Z,2026-07-03T19:43:44+0200,58f0f667-5017-4e2f-a8f0-60c0494acd3e,2026-06-12T18:00:00Z,2026-06-12T20:00:00+0200,3639.22681,MW,FR,FR,forecast_solar_generation,Solar,2026-07-03T17:44:22Z
2026-07-03T17:43:44Z,2026-07-03T19:43:44+0200,58f0f667-5017-4e2f-a8f0-60c0494acd3e,2026-06-12T18:15:00Z,2026-06-12T20:15:00+0200,2776.78418,MW,FR,FR,forecast_solar_generation,Solar,2026-07-03T17:44:22Z
2026-07-03T17:43:44Z,2026-07-03T19:43:44+0200,58f0f667-5017-4e2f-a8f0-60c0494acd3e,2026-06-12T18:30:00Z,2026-06-12T20:30:00+0200,2010.21777,MW,FR,FR,forecast_solar_generation,Solar,2026-07-03T17:44:22Z
2026-07-03T17:43:44Z,2026-07-03T19:43:44+0200,58f0f667-5017-4e2f-a8f0-60c0494acd3e,2026-06-12T18:45:00Z,2026-06-12T20:45:00+0200,1465.07532,MW,FR,FR,forecast_solar_generation,Solar,2026-07-03T17:44:22Z
2026-07-03T17:43:44Z,2026-07-03T19:43:44+0200,58f0f667-5017-4e2f-a8f0-60c0494acd3e,2026-06-12T19:00:00Z,2026-06-12T21:00:00+0200,978.92224,MW,FR,FR,forecast_solar_generation,Solar,2026-07-03T17:44:22Z
2026-07-03T17:43:44Z,2026-07-03T19:43:44+0200,58f0f667-5017-4e2f-a8f0-60c0494acd3e,2026-06-12T19:15:00Z,2026-06-12T21:15:00+0200,569.35846,MW,FR,FR,forecast_solar_generation,Solar,2026-07-03T17:44:22Z
2026-07-03T17:43:44Z,2026-07-03T19:43:44+0200,58f0f667-5017-4e2f-a8f0-60c0494acd3e,2026-06-12T19:30:00Z,2026-06-12T21:30:00+0200,239.07233,MW,FR,FR,forecast_solar_generation,Solar,2026-07-03T17:44:22Z
2026-07-03T17:43:44Z,2026-07-03T19:43:44+0200,58f0f667-5017-4e2f-a8f0-60c0494acd3e,2026-06-12T19:45:00Z,2026-06-12T21:45:00+0200,84.11826,MW,FR,FR,forecast_solar_generation,Solar,2026-07-03T17:44:22Z
2026-07-03T17:43:44Z,2026-07-03T19:43:44+0200,58f0f667-5017-4e2f-a8f0-60c0494acd3e,2026-06-12T20:00:00Z,2026-06-12T22:00:00+0200,12.86708,MW,FR,FR,forecast_solar_generation,Solar,2026-07-03T17:44:22Z
2026-07-03T17:43:44Z,2026-07-03T19:43:44+0200,58f0f667-5017-4e2f-a8f0-60c0494acd3e,2026-06-12T20:15:00Z,2026-06-12T22:15:00+0200,0.0,MW,FR,FR,forecast_solar_generation,Solar,2026-07-03T17:44:22Z
2026-07-03T17:43:44Z,2026-07-03T19:43:44+0200,58f0f667-5017-4e2f-a8f0-60c0494acd3e,2026-06-12T20:30:00Z,2026-06-12T22:30:00+0200,0.0,MW,FR,FR,forecast_solar_generation,Solar,2026-07-03T17:44:22Z
2026-07-03T17:43:44Z,2026-07-03T19:43:44+0200,58f0f667-5017-4e2f-a8f0-60c0494acd3e,2026-06-12T20:45:00Z,2026-06-12T22:45:00+0200,0.0,MW,FR,FR,forecast_solar_generation,Solar,2026-07-03T17:44:22Z
2026-07-03T17:43:44Z,2026-07-03T19:43:44+0200,58f0f667-5017-4e2f-a8f0-60c0494acd3e,2026-06-12T21:00:00Z,2026-06-12T23:00:00+0200,0.0,MW,FR,FR,forecast_solar_generation,Solar,2026-07-03T17:44:22Z
2026-07-03T17:43:44Z,2026-07-03T19:43:44+0200,58f0f667-5017-4e2f-a8f0-60c0494acd3e,2026-06-12T21:15:00Z,2026-06-12T23:15:00+0200,0.0,MW,FR,FR,forecast_solar_generation,Solar,2026-07-03T17:44:22Z
2026-07-03T17:43:44Z,2026-07-03T19:43:44+0200,58f0f667-5017-4e2f-a8f0-60c0494acd3e,2026-06-12T21:30:00Z,2026-06-12T23:30:00+0200,0.0,MW,FR,FR,forecast_solar_generation,Solar,2026-07-03T17:44:22Z
2026-07-03T17:43:44Z,2026-07-03T19:43:44+0200,58f0f667-5017-4e2f-a8f0-60c0494acd3e,2026-06-12T21:45:00Z,2026-06-12T23:45:00+0200,0.0,MW,FR,FR,forecast_solar_generation,Solar,2026-07-03T17:44:22Z
2026-07-03T17:43:44Z,2026-07-03T19:43:44+0200,58f0f667-5017-4e2f-a8f0-60c0494acd3e,2026-06-12T22:00:00Z,2026-06-13T00:00:00+0200,0.0,MW,FR,FR,forecast_solar_generation,Solar,2026-07-03T17:44:22Z
2026-07-03T17:43:44Z,2026-07-03T19:43:44+0200,58f0f667-5017-4e2f-a8f0-60c0494acd3e,2026-06-12T22:15:00Z,2026-06-13T00:15:00+0200,0.0,MW,FR,FR,forecast_solar_generation,Solar,2026-07-03T17:44:22Z
2026-07-03T17:43:44Z,2026-07-03T19:43:44+0200,58f0f667-5017-4e2f-a8f0-60c0494acd3e,2026-06-12T22:30:00Z,2026-06-13T00:30:00+0200,0.0,MW,FR,FR,forecast_solar_generation,Solar,2026-07-03T17:44:22Z
2026-07-03T17:43:44Z,2026-07-03T19:43:44+0200,58f0f667-5017-4e2f-a8f0-60c0494acd3e,2026-06-12T22:45:00Z,2026-06-13T00:45:00+0200,0.0,MW,FR,FR,forecast_solar_generation,Solar,2026-07-03T17:44:22Z
2026-07-03T17:43:44Z,2026-07-03T19:43:44+0200,58f0f667-5017-4e2f-a8f0-60c0494acd3e,2026-06-12T23:00:00Z,2026-06-13T01:00:00+0200,0.0,MW,FR,FR,forecast_solar_generation,Solar,2026-07-03T17:44:22Z
2026-07-03T17:43:44Z,2026-07-03T19:43:44+0200,58f0f667-5017-4e2f-a8f0-60c0494acd3e,2026-06-12T23:15:00Z,2026-06-13T01:15:00+0200,0.0,MW,FR,FR,forecast_solar_generation,Solar,2026-07-03T17:44:22Z
2026-07-03T17:43:44Z,2026-07-03T19:43:44+0200,58f0f667-5017-4e2f-a8f0-60c0494acd3e,2026-06-12T23:30:00Z,2026-06-13T01:30:00+0200,0.0,MW,FR,FR,forecast_solar_generation,Solar,2026-07-03T17:44:22Z
2026-07-03T17:43:44Z,2026-07-03T19:43:44+0200,58f0f667-5017-4e2f-a8f0-60c0494acd3e,2026-06-12T23:45:00Z,2026-06-13T01:45:00+0200,0.0,MW,FR,FR,forecast_solar_generation,Solar,2026-07-03T17:44:22Z
2026-07-03T17:43:44Z,2026-07-03T19:43:44+0200,58f0f667-5017-4e2f-a8f0-60c0494acd3e,2026-06-13T00:00:00Z,2026-06-13T02:00:00+0200,0.0,MW,FR,FR,forecast_solar_generation,Solar,2026-07-03T17:44:22Z
2026-07-03T17:43:44Z,2026-07-03T19:43:44+0200,58f0f667-5017-4e2f-a8f0-60c0494acd3e,2026-06-13T00:15:00Z,2026-06-13T02:15:00+0200,0.0,MW,FR,FR,forecast_solar_generation,Solar,2026-07-03T17:44:22Z
2026-07-03T17:43:44Z,2026-07-03T19:43:44+0200,58f0f667-5017-4e2f-a8f0-60c0494acd3e,2026-06-13T00:30:00Z,2026-06-13T02:30:00+0200,0.0,MW,FR,FR,forecast_solar_generation,Solar,2026-07-03T17:44:22Z
2026-07-03T17:43:44Z,2026-07-03T19:43:44+0200,58f0f667-5017-4e2f-a8f0-60c0494acd3e,2026-06-13T00:45:00Z,2026-06-13T02:45:00+0200,0.0,MW,FR,FR,forecast_solar_generation,Solar,2026-07-03T17:44:22Z
2026-07-03T17:43:44Z,2026-07-03T19:43:44+0200,58f0f667-5017-4e2f-a8f0-60c0494acd3e,2026-06-13T01:00:00Z,2026-06-13T03:00:00+0200,0.0,MW,FR,FR,forecast_solar_generation,Solar,2026-07-03T17:44:22Z
2026-07-03T17:43:44Z,2026-07-03T19:43:44+0200,58f0f667-5017-4e2f-a8f0-60c0494acd3e,2026-06-13T01:15:00Z,2026-06-13T03:15:00+0200,0.0,MW,FR,FR,forecast_solar_generation,Solar,2026-07-03T17:44:22Z
2026-07-03T17:43:44Z,2026-07-03T19:43:44+0200,58f0f667-5017-4e2f-a8f0-60c0494acd3e,2026-06-13T01:30:00Z,2026-06-13T03:30:00+0200,0.0,MW,FR,FR,forecast_solar_generation,Solar,2026-07-03T17:44:22Z
2026-07-03T17:43:44Z,2026-07-03T19:43:44+0200,58f0f667-5017-4e2f-a8f0-60c0494acd3e,2026-06-13T01:45:00Z,2026-06-13T03:45:00+0200,0.0,MW,FR,FR,forecast_solar_generation,Solar,2026-07-03T17:44:22Z
2026-07-03T17:43:44Z,2026-07-03T19:43:44+0200,58f0f667-5017-4e2f-a8f0-60c0494acd3e,2026-06-13T02:00:00Z,2026-06-13T04:00:00+0200,0.0,MW,FR,FR,forecast_solar_generation,Solar,2026-07-03T17:44:22Z
2026-07-03T17:43:44Z,2026-07-03T19:43:44+0200,58f0f667-5017-4e2f-a8f0-60c0494acd3e,2026-06-13T02:15:00Z,2026-06-13T04:15:00+0200,0.0,MW,FR,FR,forecast_solar_generation,Solar,2026-07-03T17:44:22Z
2026-07-03T17:43:44Z,2026-07-03T19:43:44+0200,58f0f667-5017-4e2f-a8f0-60c0494acd3e,2026-06-13T02:30:00Z,2026-06-13T04:30:00+0200,0.0,MW,FR,FR,forecast_solar_generation,Solar,2026-07-03T17:44:22Z
2026-07-03T17:43:44Z,2026-07-03T19:43:44+0200,58f0f667-5017-4e2f-a8f0-60c0494acd3e,2026-06-13T02:45:00Z,2026-06-13T04:45:00+0200,0.0,MW,FR,FR,forecast_solar_generation,Solar,2026-07-03T17:44:22Z
2026-07-03T17:43:44Z,2026-07-03T19:43:44+0200,58f0f667-5017-4e2f-a8f0-60c0494acd3e,2026-06-13T03:00:00Z,2026-06-13T05:00:00+0200,0.0,MW,FR,FR,forecast_solar_generation,Solar,2026-07-03T17:44:22Z
2026-07-03T17:43:44Z,2026-07-03T19:43:44+0200,58f0f667-5017-4e2f-a8f0-60c0494acd3e,2026-06-13T03:15:00Z,2026-06-13T05:15:00+0200,0.0,MW,FR,FR,forecast_solar_generation,Solar,2026-07-03T17:44:22Z
2026-07-03T17:43:44Z,2026-07-03T19:43:44+0200,58f0f667-5017-4e2f-a8f0-60c0494acd3e,2026-06-13T03:30:00Z,2026-06-13T05:30:00+0200,0.0,MW,FR,FR,forecast_solar_generation,Solar,2026-07-03T17:44:22Z
2026-07-03T17:43:44Z,2026-07-03T19:43:44+0200,58f0f667-5017-4e2f-a8f0-60c0494acd3e,2026-06-13T03:45:00Z,2026-06-13T05:45:00+0200,0.0,MW,FR,FR,forecast_solar_generation,Solar,2026-07-03T17:44:22Z
2026-07-03T17:43:44Z,2026-07-03T19:43:44+0200,58f0f667-5017-4e2f-a8f0-60c0494acd3e,2026-06-13T04:00:00Z,2026-06-13T06:00:00+0200,0.0,MW,FR,FR,forecast_solar_generation,Solar,2026-07-03T17:44:22Z
2026-07-03T17:43:44Z,2026-07-03T19:43:44+0200,58f0f667-5017-4e2f-a8f0-60c0494acd3e,2026-06-13T04:15:00Z,2026-06-13T06:15:00+0200,169.59798,MW,FR,FR,forecast_solar_generation,Solar,2026-07-03T17:44:22Z
2026-07-03T17:43:44Z,2026-07-03T19:43:44+0200,58f0f667-5017-4e2f-a8f0-60c0494acd3e,2026-06-13T04:30:00Z,2026-06-13T06:30:00+0200,302.12073,MW,FR,FR,forecast_solar_generation,Solar,2026-07-03T17:44:22Z
2026-07-03T17:43:44Z,2026-07-03T19:43:44+0200,58f0f667-5017-4e2f-a8f0-60c0494acd3e,2026-06-13T04:45:00Z,2026-06-13T06:45:00+0200,655.33228,MW,FR,FR,forecast_solar_generation,Solar,2026-07-03T17:44:22Z
2026-07-03T17:43:44Z,2026-07-03T19:43:44+0200,58f0f667-5017-4e2f-a8f0-60c0494acd3e,2026-06-13T05:00:00Z,2026-06-13T07:00:00+0200,1094.4967,MW,FR,FR,forecast_solar_generation,Solar,2026-07-03T17:44:22Z
2026-07-03T17:43:44Z,2026-07-03T19:43:44+0200,58f0f667-5017-4e2f-a8f0-60c0494acd3e,2026-06-13T05:15:00Z,2026-06-13T07:15:00+0200,1590.52869,MW,FR,FR,forecast_solar_generation,Solar,2026-07-03T17:44:22Z
2026-07-03T17:43:44Z,2026-07-03T19:43:44+0200,58f0f667-5017-4e2f-a8f0-60c0494acd3e,2026-06-13T05:30:00Z,2026-06-13T07:30:00+0200,2187.74756,MW,FR,FR,forecast_solar_generation,Solar,2026-07-03T17:44:22Z
2026-07-03T17:43:44Z,2026-07-03T19:43:44+0200,58f0f667-5017-4e2f-a8f0-60c0494acd3e,2026-06-13T05:45:00Z,2026-06-13T07:45:00+0200,2947.86426,MW,FR,FR,forecast_solar_generation,Solar,2026-07-03T17:44:22Z
2026-07-03T17:43:44Z,2026-07-03T19:43:44+0200,58f0f667-5017-4e2f-a8f0-60c0494acd3e,2026-06-13T06:00:00Z,2026-06-13T08:00:00+0200,3824.396,MW,FR,FR,forecast_solar_generation,Solar,2026-07-03T17:44:22Z
2026-07-03T17:43:44Z,2026-07-03T19:43:44+0200,58f0f667-5017-4e2f-a8f0-60c0494acd3e,2026-06-13T06:15:00Z,2026-06-13T08:15:00+0200,4809.49561,MW,FR,FR,forecast_solar_generation,Solar,2026-07-03T17:44:22Z
2026-07-03T17:43:44Z,2026-07-03T19:43:44+0200,58f0f667-5017-4e2f-a8f0-60c0494acd3e,2026-06-13T06:30:00Z,2026-06-13T08:30:00+0200,4410.72119,MW,FR,FR,forecast_solar_generation,Solar,2026-07-03T17:44:22Z
2026-07-03T17:43:44Z,2026-07-03T19:43:44+0200,58f0f667-5017-4e2f-a8f0-60c0494acd3e,2026-06-13T06:45:00Z,2026-06-13T08:45:00+0200,5276.84717,MW,FR,FR,forecast_solar_generation,Solar,2026-07-03T17:44:22Z
2026-07-03T17:43:44Z,2026-07-03T19:43:44+0200,58f0f667-5017-4e2f-a8f0-60c0494acd3e,2026-06-13T07:00:00Z,2026-06-13T09:00:00+0200,6138.19922,MW,FR,FR,forecast_solar_generation,Solar,2026-07-03T17:44:22Z
2026-07-03T17:43:44Z,2026-07-03T19:43:44+0200,58f0f667-5017-4e2f-a8f0-60c0494acd3e,2026-06-13T07:15:00Z,2026-06-13T09:15:00+0200,6052.47949,MW,FR,FR,forecast_solar_generation,Solar,2026-07-03T17:44:22Z
2026-07-03T17:43:44Z,2026-07-03T19:43:44+0200,58f0f667-5017-4e2f-a8f0-60c0494acd3e,2026-06-13T07:30:00Z,2026-06-13T09:30:00+0200,6819.20361,MW,FR,FR,forecast_solar_generation,Solar,2026-07-03T17:44:22Z
2026-07-03T17:43:44Z,2026-07-03T19:43:44+0200,58f0f667-5017-4e2f-a8f0-60c0494acd3e,2026-06-13T07:45:00Z,2026-06-13T09:45:00+0200,7626.6792,MW,FR,FR,forecast_solar_generation,Solar,2026-07-03T17:44:22Z
2026-07-03T17:43:44Z,2026-07-03T19:43:44+0200,58f0f667-5017-4e2f-a8f0-60c0494acd3e,2026-06-13T08:00:00Z,2026-06-13T10:00:00+0200,8420.58203,MW,FR,FR,forecast_solar_generation,Solar,2026-07-03T17:44:22Z
2026-07-03T17:43:44Z,2026-07-03T19:43:44+0200,58f0f667-5017-4e2f-a8f0-60c0494acd3e,2026-06-13T08:15:00Z,2026-06-13T10:15:00+0200,9184.54102,MW,FR,FR,forecast_solar_generation,Solar,2026-07-03T17:44:22Z
2026-07-03T17:43:44Z,2026-07-03T19:43:44+0200,58f0f667-5017-4e2f-a8f0-60c0494acd3e,2026-06-13T08:30:00Z,2026-06-13T10:30:00+0200,9854.00293,MW,FR,FR,forecast_solar_generation,Solar,2026-07-03T17:44:22Z
2026-07-03T17:43:44Z,2026-07-03T19:43:44+0200,58f0f667-5017-4e2f-a8f0-60c0494acd3e,2026-06-13T08:45:00Z,2026-06-13T10:45:00+0200,10427.64941,MW,FR,FR,forecast_solar_generation,Solar,2026-07-03T17:44:22Z
2026-07-03T17:43:44Z,2026-07-03T19:43:44+0200,58f0f667-5017-4e2f-a8f0-60c0494acd3e,2026-06-13T09:00:00Z,2026-06-13T11:00:00+0200,10970.62988,MW,FR,FR,forecast_solar_generation,Solar,2026-07-03T17:44:22Z
2026-07-03T17:43:44Z,2026-07-03T19:43:44+0200,58f0f667-5017-4e2f-a8f0-60c0494acd3e,2026-06-13T09:15:00Z,2026-06-13T11:15:00+0200,11523.56641,MW,FR,FR,forecast_solar_generation,Solar,2026-07-03T17:44:22Z
2026-07-03T17:43:44Z,2026-07-03T19:43:44+0200,58f0f667-5017-4e2f-a8f0-60c0494acd3e,2026-06-13T09:30:00Z,2026-06-13T11:30:00+0200,12023.46484,MW,FR,FR,forecast_solar_generation,Solar,2026-07-03T17:44:22Z
2026-07-03T17:43:44Z,2026-07-03T19:43:44+0200,58f0f667-5017-4e2f-a8f0-60c0494acd3e,2026-06-13T09:45:00Z,2026-06-13T11:45:00+0200,12382.39941,MW,FR,FR,forecast_solar_generation,Solar,2026-07-03T17:44:22Z
2026-07-03T17:43:44Z,2026-07-03T19:43:44+0200,58f0f667-5017-4e2f-a8f0-60c0494acd3e,2026-06-13T10:00:00Z,2026-06-13T12:00:00+0200,12721.02051,MW,FR,FR,forecast_solar_generation,Solar,2026-07-03T17:44:22Z
2026-07-03T17:43:44Z,2026-07-03T19:43:44+0200,58f0f667-5017-4e2f-a8f0-60c0494acd3e,2026-06-13T10:15:00Z,2026-06-13T12:15:00+0200,13008.66211,MW,FR,FR,forecast_solar_generation,Solar,2026-07-03T17:44:22Z
2026-07-03T17:43:44Z,2026-07-03T19:43:44+0200,58f0f667-5017-4e2f-a8f0-60c0494acd3e,2026-06-13T10:30:00Z,2026-06-13T12:30:00+0200,13281.41504,MW,FR,FR,forecast_solar_generation,Solar,2026-07-03T17:44:22Z
2026-07-03T17:43:44Z,2026-07-03T19:43:44+0200,58f0f667-5017-4e2f-a8f0-60c0494acd3e,2026-06-13T10:45:00Z,2026-06-13T12:45:00+0200,13455.38086,MW,FR,FR,forecast_solar_generation,Solar,2026-07-03T17:44:22Z
2026-07-03T17:43:44Z,2026-07-03T19:43:44+0200,58f0f667-5017-4e2f-a8f0-60c0494acd3e,2026-06-13T11:00:00Z,2026-06-13T13:00:00+0200,13592.22363,MW,FR,FR,forecast_solar_generation,Solar,2026-07-03T17:44:22Z
2026-07-03T17:43:44Z,2026-07-03T19:43:44+0200,58f0f667-5017-4e2f-a8f0-60c0494acd3e,2026-06-13T11:15:00Z,2026-06-13T13:15:00+0200,13619.36621,MW,FR,FR,forecast_solar_generation,Solar,2026-07-03T17:44:22Z
2026-07-03T17:43:44Z,2026-07-03T19:43:44+0200,58f0f667-5017-4e2f-a8f0-60c0494acd3e,2026-06-13T11:30:00Z,2026-06-13T13:30:00+0200,13630.63867,MW,FR,FR,forecast_solar_generation,Solar,2026-07-03T17:44:22Z
2026-07-03T17:43:44Z,2026-07-03T19:43:44+0200,58f0f667-5017-4e2f-a8f0-60c0494acd3e,2026-06-13T11:45:00Z,2026-06-13T13:45:00+0200,13617.66016,MW,FR,FR,forecast_solar_generation,Solar,2026-07-03T17:44:22Z
2026-07-03T17:43:44Z,2026-07-03T19:43:44+0200,58f0f667-5017-4e2f-a8f0-60c0494acd3e,2026-06-13T12:00:00Z,2026-06-13T14:00:00+0200,13618.0332,MW,FR,FR,forecast_solar_generation,Solar,2026-07-03T17:44:22Z
2026-07-03T17:43:44Z,2026-07-03T19:43:44+0200,58f0f667-5017-4e2f-a8f0-60c0494acd3e,2026-06-13T12:15:00Z,2026-06-13T14:15:00+0200,13591.51758,MW,FR,FR,forecast_solar_generation,Solar,2026-07-03T17:44:22Z
2026-07-03T17:43:44Z,2026-07-03T19:43:44+0200,58f0f667-5017-4e2f-a8f0-60c0494acd3e,2026-06-13T12:30:00Z,2026-06-13T14:30:00+0200,13587.09668,MW,FR,FR,forecast_solar_generation,Solar,2026-07-03T17:44:22Z
2026-07-03T17:43:44Z,2026-07-03T19:43:44+0200,58f0f667-5017-4e2f-a8f0-60c0494acd3e,2026-06-13T12:45:00Z,2026-06-13T14:45:00+0200,13551.46387,MW,FR,FR,forecast_solar_generation,Solar,2026-07-03T17:44:22Z
2026-07-03T17:43:44Z,2026-07-03T19:43:44+0200,58f0f667-5017-4e2f-a8f0-60c0494acd3e,2026-06-13T13:00:00Z,2026-06-13T15:00:00+0200,13474.41602,MW,FR,FR,forecast_solar_generation,Solar,2026-07-03T17:44:22Z
2026-07-03T17:43:44Z,2026-07-03T19:43:44+0200,58f0f667-5017-4e2f-a8f0-60c0494acd3e,2026-06-13T13:15:00Z,2026-06-13T15:15:00+0200,13305.8291,MW,FR,FR,forecast_solar_generation,Solar,2026-07-03T17:44:22Z
2026-07-03T17:43:44Z,2026-07-03T19:43:44+0200,58f0f667-5017-4e2f-a8f0-60c0494acd3e,2026-06-13T13:30:00Z,2026-06-13T15:30:00+0200,13078.0752,MW,FR,FR,forecast_solar_generation,Solar,2026-07-03T17:44:22Z
2026-07-03T17:43:44Z,2026-07-03T19:43:44+0200,58f0f667-5017-4e2f-a8f0-60c0494acd3e,2026-06-13T13:45:00Z,2026-06-13T15:45:00+0200,12747.0,MW,FR,FR,forecast_solar_generation,Solar,2026-07-03T17:44:22Z
2026-07-03T17:43:44Z,2026-07-03T19:43:44+0200,58f0f667-5017-4e2f-a8f0-60c0494acd3e,2026-06-13T14:00:00Z,2026-06-13T16:00:00+0200,12417.84375,MW,FR,FR,forecast_solar_generation,Solar,2026-07-03T17:44:22Z
2026-07-03T17:43:44Z,2026-07-03T19:43:44+0200,58f0f667-5017-4e2f-a8f0-60c0494acd3e,2026-06-13T14:15:00Z,2026-06-13T16:15:00+0200,12061.12402,MW,FR,FR,forecast_solar_generation,Solar,2026-07-03T17:44:22Z
2026-07-03T17:43:44Z,2026-07-03T19:43:44+0200,58f0f667-5017-4e2f-a8f0-60c0494acd3e,2026-06-13T14:30:00Z,2026-06-13T16:30:00+0200,11646.69727,MW,FR,FR,forecast_solar_generation,Solar,2026-07-03T17:44:22Z
2026-07-03T17:43:44Z,2026-07-03T19:43:44+0200,58f0f667-5017-4e2f-a8f0-60c0494acd3e,2026-06-13T14:45:00Z,2026-06-13T16:45:00+0200,11110.84668,MW,FR,FR,forecast_solar_generation,Solar,2026-07-03T17:44:22Z
2026-07-03T17:43:44Z,2026-07-03T19:43:44+0200,58f0f667-5017-4e2f-a8f0-60c0494acd3e,2026-06-13T15:00:00Z,2026-06-13T17:00:00+0200,10581.21289,MW,FR,FR,forecast_solar_generation,Solar,2026-07-03T17:44:22Z
2026-07-03T17:43:44Z,2026-07-03T19:43:44+0200,58f0f667-5017-4e2f-a8f0-60c0494acd3e,2026-06-13T15:15:00Z,2026-06-13T17:15:00+0200,10045.25684,MW,FR,FR,forecast_solar_generation,Solar,2026-07-03T17:44:22Z
2026-07-03T17:43:44Z,2026-07-03T19:43:44+0200,58f0f667-5017-4e2f-a8f0-60c0494acd3e,2026-06-13T15:30:00Z,2026-06-13T17:30:00+0200,9527.9668,MW,FR,FR,forecast_solar_generation,Solar,2026-07-03T17:44:22Z
2026-07-03T17:43:44Z,2026-07-03T19:43:44+0200,58f0f667-5017-4e2f-a8f0-60c0494acd3e,2026-06-13T15:45:00Z,2026-06-13T17:45:00+0200,8902.02051,MW,FR,FR,forecast_solar_generation,Solar,2026-07-03T17:44:22Z
2026-07-03T17:43:44Z,2026-07-03T19:43:44+0200,58f0f667-5017-4e2f-a8f0-60c0494acd3e,2026-06-13T16:00:00Z,2026-06-13T18:00:00+0200,8228.34375,MW,FR,FR,forecast_solar_generation,Solar,2026-07-03T17:44:22Z
2026-07-03T17:43:44Z,2026-07-03T19:43:44+0200,58f0f667-5017-4e2f-a8f0-60c0494acd3e,2026-06-13T16:15:00Z,2026-06-13T18:15:00+0200,8637.70703,MW,FR,FR,forecast_solar_generation,Solar,2026-07-03T17:44:22Z
2026-07-03T17:43:44Z,2026-07-03T19:43:44+0200,58f0f667-5017-4e2f-a8f0-60c0494acd3e,2026-06-13T16:30:00Z,2026-06-13T18:30:00+0200,10201.0752,MW,FR,FR,forecast_solar_generation,Solar,2026-07-03T17:44:22Z
2026-07-03T17:43:44Z,2026-07-03T19:43:44+0200,58f0f667-5017-4e2f-a8f0-60c0494acd3e,2026-06-13T16:45:00Z,2026-06-13T18:45:00+0200,9138.94141,MW,FR,FR,forecast_solar_generation,Solar,2026-07-03T17:44:22Z
2026-07-03T17:43:44Z,2026-07-03T19:43:44+0200,58f0f667-5017-4e2f-a8f0-60c0494acd3e,2026-06-13T17:00:00Z,2026-06-13T19:00:00+0200,7924.41406,MW,FR,FR,forecast_solar_generation,Solar,2026-07-03T17:44:22Z
2026-07-03T17:43:44Z,2026-07-03T19:43:44+0200,58f0f667-5017-4e2f-a8f0-60c0494acd3e,2026-06-13T17:15:00Z,2026-06-13T19:15:00+0200,6844.43408,MW,FR,FR,forecast_solar_generation,Solar,2026-07-03T17:44:22Z
2026-07-03T17:43:44Z,2026-07-03T19:43:44+0200,58f0f667-5017-4e2f-a8f0-60c0494acd3e,2026-06-13T17:30:00Z,2026-06-13T19:30:00+0200,5617.375,MW,FR,FR,forecast_solar_generation,Solar,2026-07-03T17:44:22Z
2026-07-03T17:43:44Z,2026-07-03T19:43:44+0200,58f0f667-5017-4e2f-a8f0-60c0494acd3e,2026-06-13T17:45:00Z,2026-06-13T19:45:00+0200,4670.61914,MW,FR,FR,forecast_solar_generation,Solar,2026-07-03T17:44:22Z
2026-07-03T17:43:44Z,2026-07-03T19:43:44+0200,58f0f667-5017-4e2f-a8f0-60c0494acd3e,2026-06-13T18:00:00Z,2026-06-13T20:00:00+0200,3633.12305,MW,FR,FR,forecast_solar_generation,Solar,2026-07-03T17:44:22Z
2026-07-03T17:43:44Z,2026-07-03T19:43:44+0200,58f0f667-5017-4e2f-a8f0-60c0494acd3e,2026-06-13T18:15:00Z,2026-06-13T20:15:00+0200,2772.24072,MW,FR,FR,forecast_solar_generation,Solar,2026-07-03T17:44:22Z
2026-07-03T17:43:44Z,2026-07-03T19:43:44+0200,58f0f667-5017-4e2f-a8f0-60c0494acd3e,2026-06-13T18:30:00Z,2026-06-13T20:30:00+0200,1996.42151,MW,FR,FR,forecast_solar_generation,Solar,2026-07-03T17:44:22Z
2026-07-03T17:43:44Z,2026-07-03T19:43:44+0200,58f0f667-5017-4e2f-a8f0-60c0494acd3e,2026-06-13T18:45:00Z,2026-06-13T20:45:00+0200,1470.87292,MW,FR,FR,forecast_solar_generation,Solar,2026-07-03T17:44:22Z
2026-07-03T17:43:44Z,2026-07-03T19:43:44+0200,58f0f667-5017-4e2f-a8f0-60c0494acd3e,2026-06-13T19:00:00Z,2026-06-13T21:00:00+0200,997.12866,MW,FR,FR,forecast_solar_generation,Solar,2026-07-03T17:44:22Z
2026-07-03T17:43:44Z,2026-07-03T19:43:44+0200,58f0f667-5017-4e2f-a8f0-60c0494acd3e,2026-06-13T19:15:00Z,2026-06-13T21:15:00+0200,583.50531,MW,FR,FR,forecast_solar_generation,Solar,2026-07-03T17:44:22Z
2026-07-03T17:43:44Z,2026-07-03T19:43:44+0200,58f0f667-5017-4e2f-a8f0-60c0494acd3e,2026-06-13T19:30:00Z,2026-06-13T21:30:00+0200,252.71469,MW,FR,FR,forecast_solar_generation,Solar,2026-07-03T17:44:22Z
2026-07-03T17:43:44Z,2026-07-03T19:43:44+0200,58f0f667-5017-4e2f-a8f0-60c0494acd3e,2026-06-13T19:45:00Z,2026-06-13T21:45:00+0200,92.17408,MW,FR,FR,forecast_solar_generation,Solar,2026-07-03T17:44:22Z
2026-07-03T17:43:44Z,2026-07-03T19:43:44+0200,58f0f667-5017-4e2f-a8f0-60c0494acd3e,2026-06-13T20:00:00Z,2026-06-13T22:00:00+0200,14.56988,MW,FR,FR,forecast_solar_generation,Solar,2026-07-03T17:44:22Z
2026-07-03T17:43:44Z,2026-07-03T19:43:44+0200,58f0f667-5017-4e2f-a8f0-60c0494acd3e,2026-06-13T20:15:00Z,2026-06-13T22:15:00+0200,0.0,MW,FR,FR,forecast_solar_generation,Solar,2026-07-03T17:44:22Z
2026-07-03T17:43:44Z,2026-07-03T19:43:44+0200,58f0f667-5017-4e2f-a8f0-60c0494acd3e,2026-06-13T20:30:00Z,2026-06-13T22:30:00+0200,0.0,MW,FR,FR,forecast_solar_generation,Solar,2026-07-03T17:44:22Z
2026-07-03T17:43:44Z,2026-07-03T19:43:44+0200,58f0f667-5017-4e2f-a8f0-60c0494acd3e,2026-06-13T20:45:00Z,2026-06-13T22:45:00+0200,0.0,MW,FR,FR,forecast_solar_generation,Solar,2026-07-03T17:44:22Z
2026-07-03T17:43:44Z,2026-07-03T19:43:44+0200,58f0f667-5017-4e2f-a8f0-60c0494acd3e,2026-06-13T21:00:00Z,2026-06-13T23:00:00+0200,0.0,MW,FR,FR,forecast_solar_generation,Solar,2026-07-03T17:44:22Z
2026-07-03T17:43:44Z,2026-07-03T19:43:44+0200,58f0f667-5017-4e2f-a8f0-60c0494acd3e,2026-06-13T21:15:00Z,2026-06-13T23:15:00+0200,0.0,MW,FR,FR,forecast_solar_generation,Solar,2026-07-03T17:44:22Z
2026-07-03T17:43:44Z,2026-07-03T19:43:44+0200,58f0f667-5017-4e2f-a8f0-60c0494acd3e,2026-06-13T21:30:00Z,2026-06-13T23:30:00+0200,0.0,MW,FR,FR,forecast_solar_generation,Solar,2026-07-03T17:44:22Z
2026-07-03T17:43:44Z,2026-07-03T19:43:44+0200,58f0f667-5017-4e2f-a8f0-60c0494acd3e,2026-06-13T21:45:00Z,2026-06-13T23:45:00+0200,0.0,MW,FR,FR,forecast_solar_generation,Solar,2026-07-03T17:44:22Z
2026-07-03T17:43:44Z,2026-07-03T19:43:44+0200,58f0f667-5017-4e2f-a8f0-60c0494acd3e,2026-06-13T22:00:00Z,2026-06-14T00:00:00+0200,0.0,MW,FR,FR,forecast_solar_generation,Solar,2026-07-03T17:44:22Z
2026-07-03T17:43:44Z,2026-07-03T19:43:44+0200,58f0f667-5017-4e2f-a8f0-60c0494acd3e,2026-06-13T22:15:00Z,2026-06-14T00:15:00+0200,0.0,MW,FR,FR,forecast_solar_generation,Solar,2026-07-03T17:44:22Z
2026-07-03T17:43:44Z,2026-07-03T19:43:44+0200,58f0f667-5017-4e2f-a8f0-60c0494acd3e,2026-06-13T22:30:00Z,2026-06-14T00:30:00+0200,0.0,MW,FR,FR,forecast_solar_generation,Solar,2026-07-03T17:44:22Z
2026-07-03T17:43:44Z,2026-07-03T19:43:44+0200,58f0f667-5017-4e2f-a8f0-60c0494acd3e,2026-06-13T22:45:00Z,2026-06-14T00:45:00+0200,0.0,MW,FR,FR,forecast_solar_generation,Solar,2026-07-03T17:44:22Z
2026-07-03T17:43:44Z,2026-07-03T19:43:44+0200,58f0f667-5017-4e2f-a8f0-60c0494acd3e,2026-06-13T23:00:00Z,2026-06-14T01:00:00+0200,0.0,MW,FR,FR,forecast_solar_generation,Solar,2026-07-03T17:44:22Z
2026-07-03T17:43:44Z,2026-07-03T19:43:44+0200,58f0f667-5017-4e2f-a8f0-60c0494acd3e,2026-06-13T23:15:00Z,2026-06-14T01:15:00+0200,0.0,MW,FR,FR,forecast_solar_generation,Solar,2026-07-03T17:44:22Z
2026-07-03T17:43:44Z,2026-07-03T19:43:44+0200,58f0f667-5017-4e2f-a8f0-60c0494acd3e,2026-06-13T23:30:00Z,2026-06-14T01:30:00+0200,0.0,MW,FR,FR,forecast_solar_generation,Solar,2026-07-03T17:44:22Z
2026-07-03T17:43:44Z,2026-07-03T19:43:44+0200,58f0f667-5017-4e2f-a8f0-60c0494acd3e,2026-06-13T23:45:00Z,2026-06-14T01:45:00+0200,0.0,MW,FR,FR,forecast_solar_generation,Solar,2026-07-03T17:44:22Z
2026-07-03T17:43:44Z,2026-07-03T19:43:44+0200,58f0f667-5017-4e2f-a8f0-60c0494acd3e,2026-06-14T00:00:00Z,2026-06-14T02:00:00+0200,0.0,MW,FR,FR,forecast_solar_generation,Solar,2026-07-03T17:44:22Z
2026-07-03T17:43:44Z,2026-07-03T19:43:44+0200,58f0f667-5017-4e2f-a8f0-60c0494acd3e,2026-06-14T00:15:00Z,2026-06-14T02:15:00+0200,0.0,MW,FR,FR,forecast_solar_generation,Solar,2026-07-03T17:44:22Z
2026-07-03T17:43:44Z,2026-07-03T19:43:44+0200,58f0f667-5017-4e2f-a8f0-60c0494acd3e,2026-06-14T00:30:00Z,2026-06-14T02:30:00+0200,0.0,MW,FR,FR,forecast_solar_generation,Solar,2026-07-03T17:44:22Z
2026-07-03T17:43:44Z,2026-07-03T19:43:44+0200,58f0f667-5017-4e2f-a8f0-60c0494acd3e,2026-06-14T00:45:00Z,2026-06-14T02:45:00+0200,0.0,MW,FR,FR,forecast_solar_generation,Solar,2026-07-03T17:44:22Z
2026-07-03T17:43:44Z,2026-07-03T19:43:44+0200,58f0f667-5017-4e2f-a8f0-60c0494acd3e,2026-06-14T01:00:00Z,2026-06-14T03:00:00+0200,0.0,MW,FR,FR,forecast_solar_generation,Solar,2026-07-03T17:44:22Z
2026-07-03T17:43:44Z,2026-07-03T19:43:44+0200,58f0f667-5017-4e2f-a8f0-60c0494acd3e,2026-06-14T01:15:00Z,2026-06-14T03:15:00+0200,0.0,MW,FR,FR,forecast_solar_generation,Solar,2026-07-03T17:44:22Z
2026-07-03T17:43:44Z,2026-07-03T19:43:44+0200,58f0f667-5017-4e2f-a8f0-60c0494acd3e,2026-06-14T01:30:00Z,2026-06-14T03:30:00+0200,0.0,MW,FR,FR,forecast_solar_generation,Solar,2026-07-03T17:44:22Z
2026-07-03T17:43:44Z,2026-07-03T19:43:44+0200,58f0f667-5017-4e2f-a8f0-60c0494acd3e,2026-06-14T01:45:00Z,2026-06-14T03:45:00+0200,0.0,MW,FR,FR,forecast_solar_generation,Solar,2026-07-03T17:44:22Z
2026-07-03T17:43:44Z,2026-07-03T19:43:44+0200,58f0f667-5017-4e2f-a8f0-60c0494acd3e,2026-06-14T02:00:00Z,2026-06-14T04:00:00+0200,0.0,MW,FR,FR,forecast_solar_generation,Solar,2026-07-03T17:44:22Z
2026-07-03T17:43:44Z,2026-07-03T19:43:44+0200,58f0f667-5017-4e2f-a8f0-60c0494acd3e,2026-06-14T02:15:00Z,2026-06-14T04:15:00+0200,0.0,MW,FR,FR,forecast_solar_generation,Solar,2026-07-03T17:44:22Z
2026-07-03T17:43:44Z,2026-07-03T19:43:44+0200,58f0f667-5017-4e2f-a8f0-60c0494acd3e,2026-06-14T02:30:00Z,2026-06-14T04:30:00+0200,0.0,MW,FR,FR,forecast_solar_generation,Solar,2026-07-03T17:44:22Z
2026-07-03T17:43:44Z,2026-07-03T19:43:44+0200,58f0f667-5017-4e2f-a8f0-60c0494acd3e,2026-06-14T02:45:00Z,2026-06-14T04:45:00+0200,0.0,MW,FR,FR,forecast_solar_generation,Solar,2026-07-03T17:44:22Z
2026-07-03T17:43:44Z,2026-07-03T19:43:44+0200,58f0f667-5017-4e2f-a8f0-60c0494acd3e,2026-06-14T03:00:00Z,2026-06-14T05:00:00+0200,0.0,MW,FR,FR,forecast_solar_generation,Solar,2026-07-03T17:44:22Z
2026-07-03T17:43:44Z,2026-07-03T19:43:44+0200,58f0f667-5017-4e2f-a8f0-60c0494acd3e,2026-06-14T03:15:00Z,2026-06-14T05:15:00+0200,0.0,MW,FR,FR,forecast_solar_generation,Solar,2026-07-03T17:44:22Z
2026-07-03T17:43:44Z,2026-07-03T19:43:44+0200,58f0f667-5017-4e2f-a8f0-60c0494acd3e,2026-06-14T03:30:00Z,2026-06-14T05:30:00+0200,0.0,MW,FR,FR,forecast_solar_generation,Solar,2026-07-03T17:44:22Z
2026-07-03T17:43:44Z,2026-07-03T19:43:44+0200,58f0f667-5017-4e2f-a8f0-60c0494acd3e,2026-06-14T03:45:00Z,2026-06-14T05:45:00+0200,0.0,MW,FR,FR,forecast_solar_generation,Solar,2026-07-03T17:44:22Z
2026-07-03T17:43:44Z,2026-07-03T19:43:44+0200,58f0f667-5017-4e2f-a8f0-60c0494acd3e,2026-06-14T04:00:00Z,2026-06-14T06:00:00+0200,0.0,MW,FR,FR,forecast_solar_generation,Solar,2026-07-03T17:44:22Z
2026-07-03T17:43:44Z,2026-07-03T19:43:44+0200,58f0f667-5017-4e2f-a8f0-60c0494acd3e,2026-06-14T04:15:00Z,2026-06-14T06:15:00+0200,198.20612,MW,FR,FR,forecast_solar_generation,Solar,2026-07-03T17:44:22Z
2026-07-03T17:43:44Z,2026-07-03T19:43:44+0200,58f0f667-5017-4e2f-a8f0-60c0494acd3e,2026-06-14T04:30:00Z,2026-06-14T06:30:00+0200,336.89792,MW,FR,FR,forecast_solar_generation,Solar,2026-07-03T17:44:22Z
2026-07-03T17:43:44Z,2026-07-03T19:43:44+0200,58f0f667-5017-4e2f-a8f0-60c0494acd3e,2026-06-14T04:45:00Z,2026-06-14T06:45:00+0200,718.39136,MW,FR,FR,forecast_solar_generation,Solar,2026-07-03T17:44:22Z
2026-07-03T17:43:44Z,2026-07-03T19:43:44+0200,58f0f667-5017-4e2f-a8f0-60c0494acd3e,2026-06-14T05:00:00Z,2026-06-14T07:00:00+0200,1161.33264,MW,FR,FR,forecast_solar_generation,Solar,2026-07-03T17:44:22Z
2026-07-03T17:43:44Z,2026-07-03T19:43:44+0200,58f0f667-5017-4e2f-a8f0-60c0494acd3e,2026-06-14T05:15:00Z,2026-06-14T07:15:00+0200,1702.32996,MW,FR,FR,forecast_solar_generation,Solar,2026-07-03T17:44:22Z
2026-07-03T17:43:44Z,2026-07-03T19:43:44+0200,58f0f667-5017-4e2f-a8f0-60c0494acd3e,2026-06-14T05:30:00Z,2026-06-14T07:30:00+0200,1719.9458,MW,FR,FR,forecast_solar_generation,Solar,2026-07-03T17:44:22Z
2026-07-03T17:43:44Z,2026-07-03T19:43:44+0200,58f0f667-5017-4e2f-a8f0-60c0494acd3e,2026-06-14T05:45:00Z,2026-06-14T07:45:00+0200,2368.99146,MW,FR,FR,forecast_solar_generation,Solar,2026-07-03T17:44:22Z
2026-07-03T17:43:44Z,2026-07-03T19:43:44+0200,58f0f667-5017-4e2f-a8f0-60c0494acd3e,2026-06-14T06:00:00Z,2026-06-14T08:00:00+0200,3063.42822,MW,FR,FR,forecast_solar_generation,Solar,2026-07-03T17:44:22Z
2026-07-03T17:43:44Z,2026-07-03T19:43:44+0200,58f0f667-5017-4e2f-a8f0-60c0494acd3e,2026-06-14T06:15:00Z,2026-06-14T08:15:00+0200,3860.24707,MW,FR,FR,forecast_solar_generation,Solar,2026-07-03T17:44:22Z
2026-07-03T17:43:44Z,2026-07-03T19:43:44+0200,58f0f667-5017-4e2f-a8f0-60c0494acd3e,2026-06-14T06:30:00Z,2026-06-14T08:30:00+0200,4100.02344,MW,FR,FR,forecast_solar_generation,Solar,2026-07-03T17:44:22Z
2026-07-03T17:43:44Z,2026-07-03T19:43:44+0200,58f0f667-5017-4e2f-a8f0-60c0494acd3e,2026-06-14T06:45:00Z,2026-06-14T08:45:00+0200,4888.56396,MW,FR,FR,forecast_solar_generation,Solar,2026-07-03T17:44:22Z
2026-07-03T17:43:44Z,2026-07-03T19:43:44+0200,58f0f667-5017-4e2f-a8f0-60c0494acd3e,2026-06-14T07:00:00Z,2026-06-14T09:00:00+0200,5668.19727,MW,FR,FR,forecast_solar_generation,Solar,2026-07-03T17:44:22Z
2026-07-03T17:43:44Z,2026-07-03T19:43:44+0200,58f0f667-5017-4e2f-a8f0-60c0494acd3e,2026-06-14T07:15:00Z,2026-06-14T09:15:00+0200,6431.75439,MW,FR,FR,forecast_solar_generation,Solar,2026-07-03T17:44:22Z
2026-07-03T17:43:44Z,2026-07-03T19:43:44+0200,58f0f667-5017-4e2f-a8f0-60c0494acd3e,2026-06-14T07:30:00Z,2026-06-14T09:30:00+0200,7189.95508,MW,FR,FR,forecast_solar_generation,Solar,2026-07-03T17:44:22Z
2026-07-03T17:43:44Z,2026-07-03T19:43:44+0200,58f0f667-5017-4e2f-a8f0-60c0494acd3e,2026-06-14T07:45:00Z,2026-06-14T09:45:00+0200,7931.87793,MW,FR,FR,forecast_solar_generation,Solar,2026-07-03T17:44:22Z
2026-07-03T17:43:44Z,2026-07-03T19:43:44+0200,58f0f667-5017-4e2f-a8f0-60c0494acd3e,2026-06-14T08:00:00Z,2026-06-14T10:00:00+0200,8610.40723,MW,FR,FR,forecast_solar_generation,Solar,2026-07-03T17:44:22Z
2026-07-03T17:43:44Z,2026-07-03T19:43:44+0200,58f0f667-5017-4e2f-a8f0-60c0494acd3e,2026-06-14T08:15:00Z,2026-06-14T10:15:00+0200,9219.10938,MW,FR,FR,forecast_solar_generation,Solar,2026-07-03T17:44:22Z
2026-07-03T17:43:44Z,2026-07-03T19:43:44+0200,58f0f667-5017-4e2f-a8f0-60c0494acd3e,2026-06-14T08:30:00Z,2026-06-14T10:30:00+0200,9815.34668,MW,FR,FR,forecast_solar_generation,Solar,2026-07-03T17:44:22Z
2026-07-03T17:43:44Z,2026-07-03T19:43:44+0200,58f0f667-5017-4e2f-a8f0-60c0494acd3e,2026-06-14T08:45:00Z,2026-06-14T10:45:00+0200,10319.09473,MW,FR,FR,forecast_solar_generation,Solar,2026-07-03T17:44:22Z
2026-07-03T17:43:44Z,2026-07-03T19:43:44+0200,58f0f667-5017-4e2f-a8f0-60c0494acd3e,2026-06-14T09:00:00Z,2026-06-14T11:00:00+0200,10803.33398,MW,FR,FR,forecast_solar_generation,Solar,2026-07-03T17:44:22Z
2026-07-03T17:43:44Z,2026-07-03T19:43:44+0200,58f0f667-5017-4e2f-a8f0-60c0494acd3e,2026-06-14T09:15:00Z,2026-06-14T11:15:00+0200,11339.66406,MW,FR,FR,forecast_solar_generation,Solar,2026-07-03T17:44:22Z
2026-07-03T17:43:44Z,2026-07-03T19:43:44+0200,58f0f667-5017-4e2f-a8f0-60c0494acd3e,2026-06-14T09:30:00Z,2026-06-14T11:30:00+0200,11791.1377,MW,FR,FR,forecast_solar_generation,Solar,2026-07-03T17:44:22Z
2026-07-03T17:43:44Z,2026-07-03T19:43:44+0200,58f0f667-5017-4e2f-a8f0-60c0494acd3e,2026-06-14T09:45:00Z,2026-06-14T11:45:00+0200,12139.17871,MW,FR,FR,forecast_solar_generation,Solar,2026-07-03T17:44:22Z
2026-07-03T17:43:44Z,2026-07-03T19:43:44+0200,58f0f667-5017-4e2f-a8f0-60c0494acd3e,2026-06-14T10:00:00Z,2026-06-14T12:00:00+0200,12464.0625,MW,FR,FR,forecast_solar_generation,Solar,2026-07-03T17:44:22Z
2026-07-03T17:43:44Z,2026-07-03T19:43:44+0200,58f0f667-5017-4e2f-a8f0-60c0494acd3e,2026-06-14T10:15:00Z,2026-06-14T12:15:00+0200,12780.25195,MW,FR,FR,forecast_solar_generation,Solar,2026-07-03T17:44:22Z
2026-07-03T17:43:44Z,2026-07-03T19:43:44+0200,58f0f667-5017-4e2f-a8f0-60c0494acd3e,2026-06-14T10:30:00Z,2026-06-14T12:30:00+0200,13056.54004,MW,FR,FR,forecast_solar_generation,Solar,2026-07-03T17:44:22Z
2026-07-03T17:43:44Z,2026-07-03T19:43:44+0200,58f0f667-5017-4e2f-a8f0-60c0494acd3e,2026-06-14T10:45:00Z,2026-06-14T12:45:00+0200,13198.5918,MW,FR,FR,forecast_solar_generation,Solar,2026-07-03T17:44:22Z
2026-07-03T17:43:44Z,2026-07-03T19:43:44+0200,58f0f667-5017-4e2f-a8f0-60c0494acd3e,2026-06-14T11:00:00Z,2026-06-14T13:00:00+0200,13307.62109,MW,FR,FR,forecast_solar_generation,Solar,2026-07-03T17:44:22Z
2026-07-03T17:43:44Z,2026-07-03T19:43:44+0200,58f0f667-5017-4e2f-a8f0-60c0494acd3e,2026-06-14T11:15:00Z,2026-06-14T13:15:00+0200,13357.77539,MW,FR,FR,forecast_solar_generation,Solar,2026-07-03T17:44:22Z
2026-07-03T17:43:44Z,2026-07-03T19:43:44+0200,58f0f667-5017-4e2f-a8f0-60c0494acd3e,2026-06-14T11:30:00Z,2026-06-14T13:30:00+0200,13382.47266,MW,FR,FR,forecast_solar_generation,Solar,2026-07-03T17:44:22Z
2026-07-03T17:43:44Z,2026-07-03T19:43:44+0200,58f0f667-5017-4e2f-a8f0-60c0494acd3e,2026-06-14T11:45:00Z,2026-06-14T13:45:00+0200,13381.89453,MW,FR,FR,forecast_solar_generation,Solar,2026-07-03T17:44:22Z
2026-07-03T17:43:44Z,2026-07-03T19:43:44+0200,58f0f667-5017-4e2f-a8f0-60c0494acd3e,2026-06-14T12:00:00Z,2026-06-14T14:00:00+0200,13396.65625,MW,FR,FR,forecast_solar_generation,Solar,2026-07-03T17:44:22Z
2026-07-03T17:43:44Z,2026-07-03T19:43:44+0200,58f0f667-5017-4e2f-a8f0-60c0494acd3e,2026-06-14T12:15:00Z,2026-06-14T14:15:00+0200,13384.58691,MW,FR,FR,forecast_solar_generation,Solar,2026-07-03T17:44:22Z
2026-07-03T17:43:44Z,2026-07-03T19:43:44+0200,58f0f667-5017-4e2f-a8f0-60c0494acd3e,2026-06-14T12:30:00Z,2026-06-14T14:30:00+0200,13392.05957,MW,FR,FR,forecast_solar_generation,Solar,2026-07-03T17:44:22Z
2026-07-03T17:43:44Z,2026-07-03T19:43:44+0200,58f0f667-5017-4e2f-a8f0-60c0494acd3e,2026-06-14T12:45:00Z,2026-06-14T14:45:00+0200,13362.85254,MW,FR,FR,forecast_solar_generation,Solar,2026-07-03T17:44:22Z
2026-07-03T17:43:44Z,2026-07-03T19:43:44+0200,58f0f667-5017-4e2f-a8f0-60c0494acd3e,2026-06-14T13:00:00Z,2026-06-14T15:00:00+0200,13303.0498,MW,FR,FR,forecast_solar_generation,Solar,2026-07-03T17:44:22Z
2026-07-03T17:43:44Z,2026-07-03T19:43:44+0200,58f0f667-5017-4e2f-a8f0-60c0494acd3e,2026-06-14T13:15:00Z,2026-06-14T15:15:00+0200,13163.26953,MW,FR,FR,forecast_solar_generation,Solar,2026-07-03T17:44:22Z
2026-07-03T17:43:44Z,2026-07-03T19:43:44+0200,58f0f667-5017-4e2f-a8f0-60c0494acd3e,2026-06-14T13:30:00Z,2026-06-14T15:30:00+0200,12926.89648,MW,FR,FR,forecast_solar_generation,Solar,2026-07-03T17:44:22Z
2026-07-03T17:43:44Z,2026-07-03T19:43:44+0200,58f0f667-5017-4e2f-a8f0-60c0494acd3e,2026-06-14T13:45:00Z,2026-06-14T15:45:00+0200,12587.33887,MW,FR,FR,forecast_solar_generation,Solar,2026-07-03T17:44:22Z
2026-07-03T17:43:44Z,2026-07-03T19:43:44+0200,58f0f667-5017-4e2f-a8f0-60c0494acd3e,2026-06-14T14:00:00Z,2026-06-14T16:00:00+0200,12246.7998,MW,FR,FR,forecast_solar_generation,Solar,2026-07-03T17:44:22Z
2026-07-03T17:43:44Z,2026-07-03T19:43:44+0200,58f0f667-5017-4e2f-a8f0-60c0494acd3e,2026-06-14T14:15:00Z,2026-06-14T16:15:00+0200,11915.40234,MW,FR,FR,forecast_solar_generation,Solar,2026-07-03T17:44:22Z
2026-07-03T17:43:44Z,2026-07-03T19:43:44+0200,58f0f667-5017-4e2f-a8f0-60c0494acd3e,2026-06-14T14:30:00Z,2026-06-14T16:30:00+0200,11543.35352,MW,FR,FR,forecast_solar_generation,Solar,2026-07-03T17:44:22Z
2026-07-03T17:43:44Z,2026-07-03T19:43:44+0200,58f0f667-5017-4e2f-a8f0-60c0494acd3e,2026-06-14T14:45:00Z,2026-06-14T16:45:00+0200,11035.24707,MW,FR,FR,forecast_solar_generation,Solar,2026-07-03T17:44:22Z
2026-07-03T17:43:44Z,2026-07-03T19:43:44+0200,58f0f667-5017-4e2f-a8f0-60c0494acd3e,2026-06-14T15:00:00Z,2026-06-14T17:00:00+0200,10560.83594,MW,FR,FR,forecast_solar_generation,Solar,2026-07-03T17:44:22Z
2026-07-03T17:43:44Z,2026-07-03T19:43:44+0200,58f0f667-5017-4e2f-a8f0-60c0494acd3e,2026-06-14T15:15:00Z,2026-06-14T17:15:00+0200,10069.35449,MW,FR,FR,forecast_solar_generation,Solar,2026-07-03T17:44:22Z
2026-07-03T17:43:44Z,2026-07-03T19:43:44+0200,58f0f667-5017-4e2f-a8f0-60c0494acd3e,2026-06-14T15:30:00Z,2026-06-14T17:30:00+0200,9555.31738,MW,FR,FR,forecast_solar_generation,Solar,2026-07-03T17:44:22Z
2026-07-03T17:43:44Z,2026-07-03T19:43:44+0200,58f0f667-5017-4e2f-a8f0-60c0494acd3e,2026-06-14T15:45:00Z,2026-06-14T17:45:00+0200,10286.52148,MW,FR,FR,forecast_solar_generation,Solar,2026-07-03T17:44:22Z
2026-07-03T17:43:44Z,2026-07-03T19:43:44+0200,58f0f667-5017-4e2f-a8f0-60c0494acd3e,2026-06-14T16:00:00Z,2026-06-14T18:00:00+0200,12574.9834,MW,FR,FR,forecast_solar_generation,Solar,2026-07-03T17:44:22Z
2026-07-03T17:43:44Z,2026-07-03T19:43:44+0200,58f0f667-5017-4e2f-a8f0-60c0494acd3e,2026-06-14T16:15:00Z,2026-06-14T18:15:00+0200,11515.57227,MW,FR,FR,forecast_solar_generation,Solar,2026-07-03T17:44:22Z
2026-07-03T17:43:44Z,2026-07-03T19:43:44+0200,58f0f667-5017-4e2f-a8f0-60c0494acd3e,2026-06-14T16:30:00Z,2026-06-14T18:30:00+0200,10434.98242,MW,FR,FR,forecast_solar_generation,Solar,2026-07-03T17:44:22Z
2026-07-03T17:43:44Z,2026-07-03T19:43:44+0200,58f0f667-5017-4e2f-a8f0-60c0494acd3e,2026-06-14T16:45:00Z,2026-06-14T18:45:00+0200,9370.31934,MW,FR,FR,forecast_solar_generation,Solar,2026-07-03T17:44:22Z
2026-07-03T17:43:44Z,2026-07-03T19:43:44+0200,58f0f667-5017-4e2f-a8f0-60c0494acd3e,2026-06-14T17:00:00Z,2026-06-14T19:00:00+0200,8165.30908,MW,FR,FR,forecast_solar_generation,Solar,2026-07-03T17:44:22Z
2026-07-03T17:43:44Z,2026-07-03T19:43:44+0200,58f0f667-5017-4e2f-a8f0-60c0494acd3e,2026-06-14T17:15:00Z,2026-06-14T19:15:00+0200,7067.86865,MW,FR,FR,forecast_solar_generation,Solar,2026-07-03T17:44:22Z
2026-07-03T17:43:44Z,2026-07-03T19:43:44+0200,58f0f667-5017-4e2f-a8f0-60c0494acd3e,2026-06-14T17:30:00Z,2026-06-14T19:30:00+0200,5843.95508,MW,FR,FR,forecast_solar_generation,Solar,2026-07-03T17:44:22Z
2026-07-03T17:43:44Z,2026-07-03T19:43:44+0200,58f0f667-5017-4e2f-a8f0-60c0494acd3e,2026-06-14T17:45:00Z,2026-06-14T19:45:00+0200,4849.5376,MW,FR,FR,forecast_solar_generation,Solar,2026-07-03T17:44:22Z
2026-07-03T17:43:44Z,2026-07-03T19:43:44+0200,58f0f667-5017-4e2f-a8f0-60c0494acd3e,2026-06-14T18:00:00Z,2026-06-14T20:00:00+0200,3786.62524,MW,FR,FR,forecast_solar_generation,Solar,2026-07-03T17:44:22Z
2026-07-03T17:43:44Z,2026-07-03T19:43:44+0200,58f0f667-5017-4e2f-a8f0-60c0494acd3e,2026-06-14T18:15:00Z,2026-06-14T20:15:00+0200,2862.93042,MW,FR,FR,forecast_solar_generation,Solar,2026-07-03T17:44:22Z
2026-07-03T17:43:44Z,2026-07-03T19:43:44+0200,58f0f667-5017-4e2f-a8f0-60c0494acd3e,2026-06-14T18:30:00Z,2026-06-14T20:30:00+0200,2064.76172,MW,FR,FR,forecast_solar_generation,Solar,2026-07-03T17:44:22Z
2026-07-03T17:43:44Z,2026-07-03T19:43:44+0200,58f0f667-5017-4e2f-a8f0-60c0494acd3e,2026-06-14T18:45:00Z,2026-06-14T20:45:00+0200,1504.8728,MW,FR,FR,forecast_solar_generation,Solar,2026-07-03T17:44:22Z
2026-07-03T17:43:44Z,2026-07-03T19:43:44+0200,58f0f667-5017-4e2f-a8f0-60c0494acd3e,2026-06-14T19:00:00Z,2026-06-14T21:00:00+0200,1019.54193,MW,FR,FR,forecast_solar_generation,Solar,2026-07-03T17:44:22Z
2026-07-03T17:43:44Z,2026-07-03T19:43:44+0200,58f0f667-5017-4e2f-a8f0-60c0494acd3e,2026-06-14T19:15:00Z,2026-06-14T21:15:00+0200,595.9007,MW,FR,FR,forecast_solar_generation,Solar,2026-07-03T17:44:22Z
2026-07-03T17:43:44Z,2026-07-03T19:43:44+0200,58f0f667-5017-4e2f-a8f0-60c0494acd3e,2026-06-14T19:30:00Z,2026-06-14T21:30:00+0200,256.38239,MW,FR,FR,forecast_solar_generation,Solar,2026-07-03T17:44:22Z
2026-07-03T17:43:44Z,2026-07-03T19:43:44+0200,58f0f667-5017-4e2f-a8f0-60c0494acd3e,2026-06-14T19:45:00Z,2026-06-14T21:45:00+0200,95.48386,MW,FR,FR,forecast_solar_generation,Solar,2026-07-03T17:44:22Z
2026-07-03T17:43:44Z,2026-07-03T19:43:44+0200,58f0f667-5017-4e2f-a8f0-60c0494acd3e,2026-06-14T20:00:00Z,2026-06-14T22:00:00+0200,16.24573,MW,FR,FR,forecast_solar_generation,Solar,2026-07-03T17:44:22Z
2026-07-03T17:43:44Z,2026-07-03T19:43:44+0200,58f0f667-5017-4e2f-a8f0-60c0494acd3e,2026-06-14T20:15:00Z,2026-06-14T22:15:00+0200,0.02589,MW,FR,FR,forecast_solar_generation,Solar,2026-07-03T17:44:22Z
2026-07-03T17:43:44Z,2026-07-03T19:43:44+0200,58f0f667-5017-4e2f-a8f0-60c0494acd3e,2026-06-14T20:30:00Z,2026-06-14T22:30:00+0200,0.0,MW,FR,FR,forecast_solar_generation,Solar,2026-07-03T17:44:22Z
2026-07-03T17:43:44Z,2026-07-03T19:43:44+0200,58f0f667-5017-4e2f-a8f0-60c0494acd3e,2026-06-14T20:45:00Z,2026-06-14T22:45:00+0200,0.0,MW,FR,FR,forecast_solar_generation,Solar,2026-07-03T17:44:22Z
2026-07-03T17:43:44Z,2026-07-03T19:43:44+0200,58f0f667-5017-4e2f-a8f0-60c0494acd3e,2026-06-14T21:00:00Z,2026-06-14T23:00:00+0200,0.0,MW,FR,FR,forecast_solar_generation,Solar,2026-07-03T17:44:22Z
2026-07-03T17:43:44Z,2026-07-03T19:43:44+0200,58f0f667-5017-4e2f-a8f0-60c0494acd3e,2026-06-14T21:15:00Z,2026-06-14T23:15:00+0200,0.0,MW,FR,FR,forecast_solar_generation,Solar,2026-07-03T17:44:22Z
2026-07-03T17:43:44Z,2026-07-03T19:43:44+0200,58f0f667-5017-4e2f-a8f0-60c0494acd3e,2026-06-14T21:30:00Z,2026-06-14T23:30:00+0200,0.0,MW,FR,FR,forecast_solar_generation,Solar,2026-07-03T17:44:22Z
2026-07-03T17:43:44Z,2026-07-03T19:43:44+0200,58f0f667-5017-4e2f-a8f0-60c0494acd3e,2026-06-14T21:45:00Z,2026-06-14T23:45:00+0200,0.0,MW,FR,FR,forecast_solar_generation,Solar,2026-07-03T17:44:22Z
2026-07-03T17:43:44Z,2026-07-03T19:43:44+0200,58f0f667-5017-4e2f-a8f0-60c0494acd3e,2026-06-14T22:00:00Z,2026-06-15T00:00:00+0200,0.0,MW,FR,FR,forecast_solar_generation,Solar,2026-07-03T17:44:22Z
2026-07-03T17:43:44Z,2026-07-03T19:43:44+0200,58f0f667-5017-4e2f-a8f0-60c0494acd3e,2026-06-14T22:15:00Z,2026-06-15T00:15:00+0200,0.0,MW,FR,FR,forecast_solar_generation,Solar,2026-07-03T17:44:22Z
2026-07-03T17:43:44Z,2026-07-03T19:43:44+0200,58f0f667-5017-4e2f-a8f0-60c0494acd3e,2026-06-14T22:30:00Z,2026-06-15T00:30:00+0200,0.0,MW,FR,FR,forecast_solar_generation,Solar,2026-07-03T17:44:22Z
2026-07-03T17:43:44Z,2026-07-03T19:43:44+0200,58f0f667-5017-4e2f-a8f0-60c0494acd3e,2026-06-14T22:45:00Z,2026-06-15T00:45:00+0200,0.0,MW,FR,FR,forecast_solar_generation,Solar,2026-07-03T17:44:22Z
2026-07-03T17:43:44Z,2026-07-03T19:43:44+0200,58f0f667-5017-4e2f-a8f0-60c0494acd3e,2026-06-14T23:00:00Z,2026-06-15T01:00:00+0200,0.0,MW,FR,FR,forecast_solar_generation,Solar,2026-07-03T17:44:22Z
2026-07-03T17:43:44Z,2026-07-03T19:43:44+0200,58f0f667-5017-4e2f-a8f0-60c0494acd3e,2026-06-14T23:15:00Z,2026-06-15T01:15:00+0200,0.0,MW,FR,FR,forecast_solar_generation,Solar,2026-07-03T17:44:22Z
2026-07-03T17:43:44Z,2026-07-03T19:43:44+0200,58f0f667-5017-4e2f-a8f0-60c0494acd3e,2026-06-14T23:30:00Z,2026-06-15T01:30:00+0200,0.0,MW,FR,FR,forecast_solar_generation,Solar,2026-07-03T17:44:22Z
2026-07-03T17:43:44Z,2026-07-03T19:43:44+0200,58f0f667-5017-4e2f-a8f0-60c0494acd3e,2026-06-14T23:45:00Z,2026-06-15T01:45:00+0200,0.0,MW,FR,FR,forecast_solar_generation,Solar,2026-07-03T17:44:22Z
2026-07-03T17:43:44Z,2026-07-03T19:43:44+0200,58f0f667-5017-4e2f-a8f0-60c0494acd3e,2026-06-15T00:00:00Z,2026-06-15T02:00:00+0200,0.0,MW,FR,FR,forecast_solar_generation,Solar,2026-07-03T17:44:22Z
2026-07-03T17:43:44Z,2026-07-03T19:43:44+0200,58f0f667-5017-4e2f-a8f0-60c0494acd3e,2026-06-15T00:15:00Z,2026-06-15T02:15:00+0200,0.0,MW,FR,FR,forecast_solar_generation,Solar,2026-07-03T17:44:22Z
2026-07-03T17:43:44Z,2026-07-03T19:43:44+0200,58f0f667-5017-4e2f-a8f0-60c0494acd3e,2026-06-15T00:30:00Z,2026-06-15T02:30:00+0200,0.0,MW,FR,FR,forecast_solar_generation,Solar,2026-07-03T17:44:22Z
2026-07-03T17:43:44Z,2026-07-03T19:43:44+0200,58f0f667-5017-4e2f-a8f0-60c0494acd3e,2026-06-15T00:45:00Z,2026-06-15T02:45:00+0200,0.0,MW,FR,FR,forecast_solar_generation,Solar,2026-07-03T17:44:22Z
2026-07-03T17:43:44Z,2026-07-03T19:43:44+0200,58f0f667-5017-4e2f-a8f0-60c0494acd3e,2026-06-15T01:00:00Z,2026-06-15T03:00:00+0200,0.0,MW,FR,FR,forecast_solar_generation,Solar,2026-07-03T17:44:22Z
2026-07-03T17:43:44Z,2026-07-03T19:43:44+0200,58f0f667-5017-4e2f-a8f0-60c0494acd3e,2026-06-15T01:15:00Z,2026-06-15T03:15:00+0200,0.0,MW,FR,FR,forecast_solar_generation,Solar,2026-07-03T17:44:22Z
2026-07-03T17:43:44Z,2026-07-03T19:43:44+0200,58f0f667-5017-4e2f-a8f0-60c0494acd3e,2026-06-15T01:30:00Z,2026-06-15T03:30:00+0200,0.0,MW,FR,FR,forecast_solar_generation,Solar,2026-07-03T17:44:22Z
2026-07-03T17:43:44Z,2026-07-03T19:43:44+0200,58f0f667-5017-4e2f-a8f0-60c0494acd3e,2026-06-15T01:45:00Z,2026-06-15T03:45:00+0200,0.0,MW,FR,FR,forecast_solar_generation,Solar,2026-07-03T17:44:22Z
2026-07-03T17:43:44Z,2026-07-03T19:43:44+0200,58f0f667-5017-4e2f-a8f0-60c0494acd3e,2026-06-15T02:00:00Z,2026-06-15T04:00:00+0200,0.0,MW,FR,FR,forecast_solar_generation,Solar,2026-07-03T17:44:22Z
2026-07-03T17:43:44Z,2026-07-03T19:43:44+0200,58f0f667-5017-4e2f-a8f0-60c0494acd3e,2026-06-15T02:15:00Z,2026-06-15T04:15:00+0200,0.0,MW,FR,FR,forecast_solar_generation,Solar,2026-07-03T17:44:22Z
2026-07-03T17:43:44Z,2026-07-03T19:43:44+0200,58f0f667-5017-4e2f-a8f0-60c0494acd3e,2026-06-15T02:30:00Z,2026-06-15T04:30:00+0200,0.0,MW,FR,FR,forecast_solar_generation,Solar,2026-07-03T17:44:22Z
2026-07-03T17:43:44Z,2026-07-03T19:43:44+0200,58f0f667-5017-4e2f-a8f0-60c0494acd3e,2026-06-15T02:45:00Z,2026-06-15T04:45:00+0200,0.0,MW,FR,FR,forecast_solar_generation,Solar,2026-07-03T17:44:22Z
2026-07-03T17:43:44Z,2026-07-03T19:43:44+0200,58f0f667-5017-4e2f-a8f0-60c0494acd3e,2026-06-15T03:00:00Z,2026-06-15T05:00:00+0200,0.0,MW,FR,FR,forecast_solar_generation,Solar,2026-07-03T17:44:22Z
2026-07-03T17:43:44Z,2026-07-03T19:43:44+0200,58f0f667-5017-4e2f-a8f0-60c0494acd3e,2026-06-15T03:15:00Z,2026-06-15T05:15:00+0200,0.0,MW,FR,FR,forecast_solar_generation,Solar,2026-07-03T17:44:22Z
2026-07-03T17:43:44Z,2026-07-03T19:43:44+0200,58f0f667-5017-4e2f-a8f0-60c0494acd3e,2026-06-15T03:30:00Z,2026-06-15T05:30:00+0200,0.0,MW,FR,FR,forecast_solar_generation,Solar,2026-07-03T17:44:22Z
2026-07-03T17:43:44Z,2026-07-03T19:43:44+0200,58f0f667-5017-4e2f-a8f0-60c0494acd3e,2026-06-15T03:45:00Z,2026-06-15T05:45:00+0200,0.0,MW,FR,FR,forecast_solar_generation,Solar,2026-07-03T17:44:22Z
2026-07-03T17:43:44Z,2026-07-03T19:43:44+0200,58f0f667-5017-4e2f-a8f0-60c0494acd3e,2026-06-15T04:00:00Z,2026-06-15T06:00:00+0200,0.0,MW,FR,FR,forecast_solar_generation,Solar,2026-07-03T17:44:22Z
2026-07-03T17:43:44Z,2026-07-03T19:43:44+0200,58f0f667-5017-4e2f-a8f0-60c0494acd3e,2026-06-15T04:15:00Z,2026-06-15T06:15:00+0200,192.61145,MW,FR,FR,forecast_solar_generation,Solar,2026-07-03T17:44:22Z
2026-07-03T17:43:44Z,2026-07-03T19:43:44+0200,58f0f667-5017-4e2f-a8f0-60c0494acd3e,2026-06-15T04:30:00Z,2026-06-15T06:30:00+0200,330.45511,MW,FR,FR,forecast_solar_generation,Solar,2026-07-03T17:44:22Z
2026-07-03T17:43:44Z,2026-07-03T19:43:44+0200,58f0f667-5017-4e2f-a8f0-60c0494acd3e,2026-06-15T04:45:00Z,2026-06-15T06:45:00+0200,716.83521,MW,FR,FR,forecast_solar_generation,Solar,2026-07-03T17:44:22Z
2026-07-03T17:43:44Z,2026-07-03T19:43:44+0200,58f0f667-5017-4e2f-a8f0-60c0494acd3e,2026-06-15T05:00:00Z,2026-06-15T07:00:00+0200,1190.84314,MW,FR,FR,forecast_solar_generation,Solar,2026-07-03T17:44:22Z
2026-07-03T17:43:44Z,2026-07-03T19:43:44+0200,58f0f667-5017-4e2f-a8f0-60c0494acd3e,2026-06-15T05:15:00Z,2026-06-15T07:15:00+0200,1732.33923,MW,FR,FR,forecast_solar_generation,Solar,2026-07-03T17:44:22Z
2026-07-03T17:43:44Z,2026-07-03T19:43:44+0200,58f0f667-5017-4e2f-a8f0-60c0494acd3e,2026-06-15T05:30:00Z,2026-06-15T07:30:00+0200,2386.09839,MW,FR,FR,forecast_solar_generation,Solar,2026-07-03T17:44:22Z
2026-07-03T17:43:44Z,2026-07-03T19:43:44+0200,58f0f667-5017-4e2f-a8f0-60c0494acd3e,2026-06-15T05:45:00Z,2026-06-15T07:45:00+0200,3244.44238,MW,FR,FR,forecast_solar_generation,Solar,2026-07-03T17:44:22Z
2026-07-03T17:43:44Z,2026-07-03T19:43:44+0200,58f0f667-5017-4e2f-a8f0-60c0494acd3e,2026-06-15T06:00:00Z,2026-06-15T08:00:00+0200,4231.28516,MW,FR,FR,forecast_solar_generation,Solar,2026-07-03T17:44:22Z
2026-07-03T17:43:44Z,2026-07-03T19:43:44+0200,58f0f667-5017-4e2f-a8f0-60c0494acd3e,2026-06-15T06:15:00Z,2026-06-15T08:15:00+0200,5311.71436,MW,FR,FR,forecast_solar_generation,Solar,2026-07-03T17:44:22Z
2026-07-03T17:43:44Z,2026-07-03T19:43:44+0200,58f0f667-5017-4e2f-a8f0-60c0494acd3e,2026-06-15T06:30:00Z,2026-06-15T08:30:00+0200,6499.31543,MW,FR,FR,forecast_solar_generation,Solar,2026-07-03T17:44:22Z
2026-07-03T17:43:44Z,2026-07-03T19:43:44+0200,58f0f667-5017-4e2f-a8f0-60c0494acd3e,2026-06-15T06:45:00Z,2026-06-15T08:45:00+0200,7677.58936,MW,FR,FR,forecast_solar_generation,Solar,2026-07-03T17:44:22Z
2026-07-03T17:43:44Z,2026-07-03T19:43:44+0200,58f0f667-5017-4e2f-a8f0-60c0494acd3e,2026-06-15T07:00:00Z,2026-06-15T09:00:00+0200,8885.83105,MW,FR,FR,forecast_solar_generation,Solar,2026-07-03T17:44:22Z
2026-07-03T17:43:44Z,2026-07-03T19:43:44+0200,58f0f667-5017-4e2f-a8f0-60c0494acd3e,2026-06-15T07:15:00Z,2026-06-15T09:15:00+0200,10059.51172,MW,FR,FR,forecast_solar_generation,Solar,2026-07-03T17:44:22Z
2026-07-03T17:43:44Z,2026-07-03T19:43:44+0200,58f0f667-5017-4e2f-a8f0-60c0494acd3e,2026-06-15T07:30:00Z,2026-06-15T09:30:00+0200,11233.70605,MW,FR,FR,forecast_solar_generation,Solar,2026-07-03T17:44:22Z
2026-07-03T17:43:44Z,2026-07-03T19:43:44+0200,58f0f667-5017-4e2f-a8f0-60c0494acd3e,2026-06-15T07:45:00Z,2026-06-15T09:45:00+0200,12374.05078,MW,FR,FR,forecast_solar_generation,Solar,2026-07-03T17:44:22Z
2026-07-03T17:43:44Z,2026-07-03T19:43:44+0200,58f0f667-5017-4e2f-a8f0-60c0494acd3e,2026-06-15T08:00:00Z,2026-06-15T10:00:00+0200,13406.40137,MW,FR,FR,forecast_solar_generation,Solar,2026-07-03T17:44:22Z
2026-07-03T17:43:44Z,2026-07-03T19:43:44+0200,58f0f667-5017-4e2f-a8f0-60c0494acd3e,2026-06-15T08:15:00Z,2026-06-15T10:15:00+0200,14473.28125,MW,FR,FR,forecast_solar_generation,Solar,2026-07-03T17:44:22Z
2026-07-03T17:43:44Z,2026-07-03T19:43:44+0200,58f0f667-5017-4e2f-a8f0-60c0494acd3e,2026-06-15T08:30:00Z,2026-06-15T10:30:00+0200,15406.40137,MW,FR,FR,forecast_solar_generation,Solar,2026-07-03T17:44:22Z
2026-07-03T17:43:44Z,2026-07-03T19:43:44+0200,58f0f667-5017-4e2f-a8f0-60c0494acd3e,2026-06-15T08:45:00Z,2026-06-15T10:45:00+0200,16199.1748,MW,FR,FR,forecast_solar_generation,Solar,2026-07-03T17:44:22Z
2026-07-03T17:43:44Z,2026-07-03T19:43:44+0200,58f0f667-5017-4e2f-a8f0-60c0494acd3e,2026-06-15T09:00:00Z,2026-06-15T11:00:00+0200,16886.73633,MW,FR,FR,forecast_solar_generation,Solar,2026-07-03T17:44:22Z
2026-07-03T17:43:44Z,2026-07-03T19:43:44+0200,58f0f667-5017-4e2f-a8f0-60c0494acd3e,2026-06-15T09:15:00Z,2026-06-15T11:15:00+0200,17643.82812,MW,FR,FR,forecast_solar_generation,Solar,2026-07-03T17:44:22Z
2026-07-03T17:43:44Z,2026-07-03T19:43:44+0200,58f0f667-5017-4e2f-a8f0-60c0494acd3e,2026-06-15T09:30:00Z,2026-06-15T11:30:00+0200,18277.1582,MW,FR,FR,forecast_solar_generation,Solar,2026-07-03T17:44:22Z
2026-07-03T17:43:44Z,2026-07-03T19:43:44+0200,58f0f667-5017-4e2f-a8f0-60c0494acd3e,2026-06-15T09:45:00Z,2026-06-15T11:45:00+0200,18783.5625,MW,FR,FR,forecast_solar_generation,Solar,2026-07-03T17:44:22Z
2026-07-03T17:43:44Z,2026-07-03T19:43:44+0200,58f0f667-5017-4e2f-a8f0-60c0494acd3e,2026-06-15T10:00:00Z,2026-06-15T12:00:00+0200,19207.56836,MW,FR,FR,forecast_solar_generation,Solar,2026-07-03T17:44:22Z
2026-07-03T17:43:44Z,2026-07-03T19:43:44+0200,58f0f667-5017-4e2f-a8f0-60c0494acd3e,2026-06-15T10:15:00Z,2026-06-15T12:15:00+0200,19608.41992,MW,FR,FR,forecast_solar_generation,Solar,2026-07-03T17:44:22Z
2026-07-03T17:43:44Z,2026-07-03T19:43:44+0200,58f0f667-5017-4e2f-a8f0-60c0494acd3e,2026-06-15T10:30:00Z,2026-06-15T12:30:00+0200,19945.44922,MW,FR,FR,forecast_solar_generation,Solar,2026-07-03T17:44:22Z
2026-07-03T17:43:44Z,2026-07-03T19:43:44+0200,58f0f667-5017-4e2f-a8f0-60c0494acd3e,2026-06-15T10:45:00Z,2026-06-15T12:45:00+0200,20207.61523,MW,FR,FR,forecast_solar_generation,Solar,2026-07-03T17:44:22Z
2026-07-03T17:43:44Z,2026-07-03T19:43:44+0200,58f0f667-5017-4e2f-a8f0-60c0494acd3e,2026-06-15T11:00:00Z,2026-06-15T13:00:00+0200,20419.53125,MW,FR,FR,forecast_solar_generation,Solar,2026-07-03T17:44:22Z
2026-07-03T17:43:44Z,2026-07-03T19:43:44+0200,58f0f667-5017-4e2f-a8f0-60c0494acd3e,2026-06-15T11:15:00Z,2026-06-15T13:15:00+0200,20485.33008,MW,FR,FR,forecast_solar_generation,Solar,2026-07-03T17:44:22Z
2026-07-03T17:43:44Z,2026-07-03T19:43:44+0200,58f0f667-5017-4e2f-a8f0-60c0494acd3e,2026-06-15T11:30:00Z,2026-06-15T13:30:00+0200,20518.69141,MW,FR,FR,forecast_solar_generation,Solar,2026-07-03T17:44:22Z
2026-07-03T17:43:44Z,2026-07-03T19:43:44+0200,58f0f667-5017-4e2f-a8f0-60c0494acd3e,2026-06-15T11:45:00Z,2026-06-15T13:45:00+0200,20514.89258,MW,FR,FR,forecast_solar_generation,Solar,2026-07-03T17:44:22Z
2026-07-03T17:43:44Z,2026-07-03T19:43:44+0200,58f0f667-5017-4e2f-a8f0-60c0494acd3e,2026-06-15T12:00:00Z,2026-06-15T14:00:00+0200,20536.55078,MW,FR,FR,forecast_solar_generation,Solar,2026-07-03T17:44:22Z
2026-07-03T17:43:44Z,2026-07-03T19:43:44+0200,58f0f667-5017-4e2f-a8f0-60c0494acd3e,2026-06-15T12:15:00Z,2026-06-15T14:15:00+0200,20489.59375,MW,FR,FR,forecast_solar_generation,Solar,2026-07-03T17:44:22Z
2026-07-03T17:43:44Z,2026-07-03T19:43:44+0200,58f0f667-5017-4e2f-a8f0-60c0494acd3e,2026-06-15T12:30:00Z,2026-06-15T14:30:00+0200,20491.92188,MW,FR,FR,forecast_solar_generation,Solar,2026-07-03T17:44:22Z
2026-07-03T17:43:44Z,2026-07-03T19:43:44+0200,58f0f667-5017-4e2f-a8f0-60c0494acd3e,2026-06-15T12:45:00Z,2026-06-15T14:45:00+0200,20445.34961,MW,FR,FR,forecast_solar_generation,Solar,2026-07-03T17:44:22Z
2026-07-03T17:43:44Z,2026-07-03T19:43:44+0200,58f0f667-5017-4e2f-a8f0-60c0494acd3e,2026-06-15T13:00:00Z,2026-06-15T15:00:00+0200,20316.08594,MW,FR,FR,forecast_solar_generation,Solar,2026-07-03T17:44:22Z
2026-07-03T17:43:44Z,2026-07-03T19:43:44+0200,58f0f667-5017-4e2f-a8f0-60c0494acd3e,2026-06-15T13:15:00Z,2026-06-15T15:15:00+0200,20042.4668,MW,FR,FR,forecast_solar_generation,Solar,2026-07-03T17:44:22Z
2026-07-03T17:43:44Z,2026-07-03T19:43:44+0200,58f0f667-5017-4e2f-a8f0-60c0494acd3e,2026-06-15T13:30:00Z,2026-06-15T15:30:00+0200,19655.57031,MW,FR,FR,forecast_solar_generation,Solar,2026-07-03T17:44:22Z
2026-07-03T17:43:44Z,2026-07-03T19:43:44+0200,58f0f667-5017-4e2f-a8f0-60c0494acd3e,2026-06-15T13:45:00Z,2026-06-15T15:45:00+0200,19162.56641,MW,FR,FR,forecast_solar_generation,Solar,2026-07-03T17:44:22Z
2026-07-03T17:43:44Z,2026-07-03T19:43:44+0200,58f0f667-5017-4e2f-a8f0-60c0494acd3e,2026-06-15T14:00:00Z,2026-06-15T16:00:00+0200,18662.78125,MW,FR,FR,forecast_solar_generation,Solar,2026-07-03T17:44:22Z
2026-07-03T17:43:44Z,2026-07-03T19:43:44+0200,58f0f667-5017-4e2f-a8f0-60c0494acd3e,2026-06-15T14:15:00Z,2026-06-15T16:15:00+0200,18168.0957,MW,FR,FR,forecast_solar_generation,Solar,2026-07-03T17:44:22Z
2026-07-03T17:43:44Z,2026-07-03T19:43:44+0200,58f0f667-5017-4e2f-a8f0-60c0494acd3e,2026-06-15T14:30:00Z,2026-06-15T16:30:00+0200,17539.8418,MW,FR,FR,forecast_solar_generation,Solar,2026-07-03T17:44:22Z
2026-07-03T17:43:44Z,2026-07-03T19:43:44+0200,58f0f667-5017-4e2f-a8f0-60c0494acd3e,2026-06-15T14:45:00Z,2026-06-15T16:45:00+0200,16790.4043,MW,FR,FR,forecast_solar_generation,Solar,2026-07-03T17:44:22Z
2026-07-03T17:43:44Z,2026-07-03T19:43:44+0200,58f0f667-5017-4e2f-a8f0-60c0494acd3e,2026-06-15T15:00:00Z,2026-06-15T17:00:00+0200,16021.09668,MW,FR,FR,forecast_solar_generation,Solar,2026-07-03T17:44:22Z
2026-07-03T17:43:44Z,2026-07-03T19:43:44+0200,58f0f667-5017-4e2f-a8f0-60c0494acd3e,2026-06-15T15:15:00Z,2026-06-15T17:15:00+0200,15215.60254,MW,FR,FR,forecast_solar_generation,Solar,2026-07-03T17:44:22Z
2026-07-03T17:43:44Z,2026-07-03T19:43:44+0200,58f0f667-5017-4e2f-a8f0-60c0494acd3e,2026-06-15T15:30:00Z,2026-06-15T17:30:00+0200,14401.77734,MW,FR,FR,forecast_solar_generation,Solar,2026-07-03T17:44:22Z
2026-07-03T17:43:44Z,2026-07-03T19:43:44+0200,58f0f667-5017-4e2f-a8f0-60c0494acd3e,2026-06-15T15:45:00Z,2026-06-15T17:45:00+0200,13460.02441,MW,FR,FR,forecast_solar_generation,Solar,2026-07-03T17:44:22Z
2026-07-03T17:43:44Z,2026-07-03T19:43:44+0200,58f0f667-5017-4e2f-a8f0-60c0494acd3e,2026-06-15T16:00:00Z,2026-06-15T18:00:00+0200,12477.4873,MW,FR,FR,forecast_solar_generation,Solar,2026-07-03T17:44:22Z
2026-07-03T17:43:44Z,2026-07-03T19:43:44+0200,58f0f667-5017-4e2f-a8f0-60c0494acd3e,2026-06-15T16:15:00Z,2026-06-15T18:15:00+0200,11441.29492,MW,FR,FR,forecast_solar_generation,Solar,2026-07-03T17:44:22Z
2026-07-03T17:43:44Z,2026-07-03T19:43:44+0200,58f0f667-5017-4e2f-a8f0-60c0494acd3e,2026-06-15T16:30:00Z,2026-06-15T18:30:00+0200,10368.18555,MW,FR,FR,forecast_solar_generation,Solar,2026-07-03T17:44:22Z
2026-07-03T17:43:44Z,2026-07-03T19:43:44+0200,58f0f667-5017-4e2f-a8f0-60c0494acd3e,2026-06-15T16:45:00Z,2026-06-15T18:45:00+0200,9293.85059,MW,FR,FR,forecast_solar_generation,Solar,2026-07-03T17:44:22Z
2026-07-03T17:43:44Z,2026-07-03T19:43:44+0200,58f0f667-5017-4e2f-a8f0-60c0494acd3e,2026-06-15T17:00:00Z,2026-06-15T19:00:00+0200,8101.1084,MW,FR,FR,forecast_solar_generation,Solar,2026-07-03T17:44:22Z
2026-07-03T17:43:44Z,2026-07-03T19:43:44+0200,58f0f667-5017-4e2f-a8f0-60c0494acd3e,2026-06-15T17:15:00Z,2026-06-15T19:15:00+0200,6998.97998,MW,FR,FR,forecast_solar_generation,Solar,2026-07-03T17:44:22Z
2026-07-03T17:43:44Z,2026-07-03T19:43:44+0200,58f0f667-5017-4e2f-a8f0-60c0494acd3e,2026-06-15T17:30:00Z,2026-06-15T19:30:00+0200,5762.23291,MW,FR,FR,forecast_solar_generation,Solar,2026-07-03T17:44:22Z
2026-07-03T17:43:44Z,2026-07-03T19:43:44+0200,58f0f667-5017-4e2f-a8f0-60c0494acd3e,2026-06-15T17:45:00Z,2026-06-15T19:45:00+0200,4766.88965,MW,FR,FR,forecast_solar_generation,Solar,2026-07-03T17:44:22Z
2026-07-03T17:43:44Z,2026-07-03T19:43:44+0200,58f0f667-5017-4e2f-a8f0-60c0494acd3e,2026-06-15T18:00:00Z,2026-06-15T20:00:00+0200,3705.23511,MW,FR,FR,forecast_solar_generation,Solar,2026-07-03T17:44:22Z
2026-07-03T17:43:44Z,2026-07-03T19:43:44+0200,58f0f667-5017-4e2f-a8f0-60c0494acd3e,2026-06-15T18:15:00Z,2026-06-15T20:15:00+0200,2787.54688,MW,FR,FR,forecast_solar_generation,Solar,2026-07-03T17:44:22Z
2026-07-03T17:43:44Z,2026-07-03T19:43:44+0200,58f0f667-5017-4e2f-a8f0-60c0494acd3e,2026-06-15T18:30:00Z,2026-06-15T20:30:00+0200,2010.46448,MW,FR,FR,forecast_solar_generation,Solar,2026-07-03T17:44:22Z
2026-07-03T17:43:44Z,2026-07-03T19:43:44+0200,58f0f667-5017-4e2f-a8f0-60c0494acd3e,2026-06-15T18:45:00Z,2026-06-15T20:45:00+0200,1457.68945,MW,FR,FR,forecast_solar_generation,Solar,2026-07-03T17:44:22Z
2026-07-03T17:43:44Z,2026-07-03T19:43:44+0200,58f0f667-5017-4e2f-a8f0-60c0494acd3e,2026-06-15T19:00:00Z,2026-06-15T21:00:00+0200,985.99103,MW,FR,FR,forecast_solar_generation,Solar,2026-07-03T17:44:22Z
2026-07-03T17:43:44Z,2026-07-03T19:43:44+0200,58f0f667-5017-4e2f-a8f0-60c0494acd3e,2026-06-15T19:15:00Z,2026-06-15T21:15:00+0200,571.04028,MW,FR,FR,forecast_solar_generation,Solar,2026-07-03T17:44:22Z
2026-07-03T17:43:44Z,2026-07-03T19:43:44+0200,58f0f667-5017-4e2f-a8f0-60c0494acd3e,2026-06-15T19:30:00Z,2026-06-15T21:30:00+0200,235.87035,MW,FR,FR,forecast_solar_generation,Solar,2026-07-03T17:44:22Z
2026-07-03T17:43:44Z,2026-07-03T19:43:44+0200,58f0f667-5017-4e2f-a8f0-60c0494acd3e,2026-06-15T19:45:00Z,2026-06-15T21:45:00+0200,88.96356,MW,FR,FR,forecast_solar_generation,Solar,2026-07-03T17:44:22Z
2026-07-03T17:43:44Z,2026-07-03T19:43:44+0200,58f0f667-5017-4e2f-a8f0-60c0494acd3e,2026-06-15T20:00:00Z,2026-06-15T22:00:00+0200,13.0152,MW,FR,FR,forecast_solar_generation,Solar,2026-07-03T17:44:22Z
2026-07-03T17:43:44Z,2026-07-03T19:43:44+0200,58f0f667-5017-4e2f-a8f0-60c0494acd3e,2026-06-15T20:15:00Z,2026-06-15T22:15:00+0200,0.03356,MW,FR,FR,forecast_solar_generation,Solar,2026-07-03T17:44:22Z
2026-07-03T17:43:44Z,2026-07-03T19:43:44+0200,58f0f667-5017-4e2f-a8f0-60c0494acd3e,2026-06-15T20:30:00Z,2026-06-15T22:30:00+0200,0.0,MW,FR,FR,forecast_solar_generation,Solar,2026-07-03T17:44:22Z
2026-07-03T17:43:44Z,2026-07-03T19:43:44+0200,58f0f667-5017-4e2f-a8f0-60c0494acd3e,2026-06-15T20:45:00Z,2026-06-15T22:45:00+0200,0.0,MW,FR,FR,forecast_solar_generation,Solar,2026-07-03T17:44:22Z
2026-07-03T17:43:44Z,2026-07-03T19:43:44+0200,58f0f667-5017-4e2f-a8f0-60c0494acd3e,2026-06-15T21:00:00Z,2026-06-15T23:00:00+0200,0.0,MW,FR,FR,forecast_solar_generation,Solar,2026-07-03T17:44:22Z
2026-07-03T17:43:44Z,2026-07-03T19:43:44+0200,58f0f667-5017-4e2f-a8f0-60c0494acd3e,2026-06-15T21:15:00Z,2026-06-15T23:15:00+0200,0.0,MW,FR,FR,forecast_solar_generation,Solar,2026-07-03T17:44:22Z
2026-07-03T17:43:44Z,2026-07-03T19:43:44+0200,58f0f667-5017-4e2f-a8f0-60c0494acd3e,2026-06-15T21:30:00Z,2026-06-15T23:30:00+0200,0.0,MW,FR,FR,forecast_solar_generation,Solar,2026-07-03T17:44:22Z
2026-07-03T17:43:44Z,2026-07-03T19:43:44+0200,58f0f667-5017-4e2f-a8f0-60c0494acd3e,2026-06-15T21:45:00Z,2026-06-15T23:45:00+0200,0.0,MW,FR,FR,forecast_solar_generation,Solar,2026-07-03T17:44:22Z
2026-07-03T17:43:44Z,2026-07-03T19:43:44+0200,58f0f667-5017-4e2f-a8f0-60c0494acd3e,2026-06-15T22:00:00Z,2026-06-16T00:00:00+0200,0.0,MW,FR,FR,forecast_solar_generation,Solar,2026-07-03T17:44:22Z
2026-07-03T17:43:44Z,2026-07-03T19:43:44+0200,58f0f667-5017-4e2f-a8f0-60c0494acd3e,2026-06-15T22:15:00Z,2026-06-16T00:15:00+0200,0.0,MW,FR,FR,forecast_solar_generation,Solar,2026-07-03T17:44:22Z
2026-07-03T17:43:44Z,2026-07-03T19:43:44+0200,58f0f667-5017-4e2f-a8f0-60c0494acd3e,2026-06-15T22:30:00Z,2026-06-16T00:30:00+0200,0.0,MW,FR,FR,forecast_solar_generation,Solar,2026-07-03T17:44:22Z
2026-07-03T17:43:44Z,2026-07-03T19:43:44+0200,58f0f667-5017-4e2f-a8f0-60c0494acd3e,2026-06-15T22:45:00Z,2026-06-16T00:45:00+0200,0.0,MW,FR,FR,forecast_solar_generation,Solar,2026-07-03T17:44:22Z
2026-07-03T17:43:44Z,2026-07-03T19:43:44+0200,58f0f667-5017-4e2f-a8f0-60c0494acd3e,2026-06-15T23:00:00Z,2026-06-16T01:00:00+0200,0.0,MW,FR,FR,forecast_solar_generation,Solar,2026-07-03T17:44:22Z
2026-07-03T17:43:44Z,2026-07-03T19:43:44+0200,58f0f667-5017-4e2f-a8f0-60c0494acd3e,2026-06-15T23:15:00Z,2026-06-16T01:15:00+0200,0.0,MW,FR,FR,forecast_solar_generation,Solar,2026-07-03T17:44:22Z
2026-07-03T17:43:44Z,2026-07-03T19:43:44+0200,58f0f667-5017-4e2f-a8f0-60c0494acd3e,2026-06-15T23:30:00Z,2026-06-16T01:30:00+0200,0.0,MW,FR,FR,forecast_solar_generation,Solar,2026-07-03T17:44:22Z
2026-07-03T17:43:44Z,2026-07-03T19:43:44+0200,58f0f667-5017-4e2f-a8f0-60c0494acd3e,2026-06-15T23:45:00Z,2026-06-16T01:45:00+0200,0.0,MW,FR,FR,forecast_solar_generation,Solar,2026-07-03T17:44:22Z
2026-07-03T17:43:44Z,2026-07-03T19:43:44+0200,58f0f667-5017-4e2f-a8f0-60c0494acd3e,2026-06-16T00:00:00Z,2026-06-16T02:00:00+0200,0.0,MW,FR,FR,forecast_solar_generation,Solar,2026-07-03T17:44:22Z
2026-07-03T17:43:44Z,2026-07-03T19:43:44+0200,58f0f667-5017-4e2f-a8f0-60c0494acd3e,2026-06-16T00:15:00Z,2026-06-16T02:15:00+0200,0.0,MW,FR,FR,forecast_solar_generation,Solar,2026-07-03T17:44:22Z
2026-07-03T17:43:44Z,2026-07-03T19:43:44+0200,58f0f667-5017-4e2f-a8f0-60c0494acd3e,2026-06-16T00:30:00Z,2026-06-16T02:30:00+0200,0.0,MW,FR,FR,forecast_solar_generation,Solar,2026-07-03T17:44:22Z
2026-07-03T17:43:44Z,2026-07-03T19:43:44+0200,58f0f667-5017-4e2f-a8f0-60c0494acd3e,2026-06-16T00:45:00Z,2026-06-16T02:45:00+0200,0.0,MW,FR,FR,forecast_solar_generation,Solar,2026-07-03T17:44:22Z
2026-07-03T17:43:44Z,2026-07-03T19:43:44+0200,58f0f667-5017-4e2f-a8f0-60c0494acd3e,2026-06-16T01:00:00Z,2026-06-16T03:00:00+0200,0.0,MW,FR,FR,forecast_solar_generation,Solar,2026-07-03T17:44:22Z
2026-07-03T17:43:44Z,2026-07-03T19:43:44+0200,58f0f667-5017-4e2f-a8f0-60c0494acd3e,2026-06-16T01:15:00Z,2026-06-16T03:15:00+0200,0.0,MW,FR,FR,forecast_solar_generation,Solar,2026-07-03T17:44:22Z
2026-07-03T17:43:44Z,2026-07-03T19:43:44+0200,58f0f667-5017-4e2f-a8f0-60c0494acd3e,2026-06-16T01:30:00Z,2026-06-16T03:30:00+0200,0.0,MW,FR,FR,forecast_solar_generation,Solar,2026-07-03T17:44:22Z
2026-07-03T17:43:44Z,2026-07-03T19:43:44+0200,58f0f667-5017-4e2f-a8f0-60c0494acd3e,2026-06-16T01:45:00Z,2026-06-16T03:45:00+0200,0.0,MW,FR,FR,forecast_solar_generation,Solar,2026-07-03T17:44:22Z
2026-07-03T17:43:44Z,2026-07-03T19:43:44+0200,58f0f667-5017-4e2f-a8f0-60c0494acd3e,2026-06-16T02:00:00Z,2026-06-16T04:00:00+0200,0.0,MW,FR,FR,forecast_solar_generation,Solar,2026-07-03T17:44:22Z
2026-07-03T17:43:44Z,2026-07-03T19:43:44+0200,58f0f667-5017-4e2f-a8f0-60c0494acd3e,2026-06-16T02:15:00Z,2026-06-16T04:15:00+0200,0.0,MW,FR,FR,forecast_solar_generation,Solar,2026-07-03T17:44:22Z
2026-07-03T17:43:44Z,2026-07-03T19:43:44+0200,58f0f667-5017-4e2f-a8f0-60c0494acd3e,2026-06-16T02:30:00Z,2026-06-16T04:30:00+0200,0.0,MW,FR,FR,forecast_solar_generation,Solar,2026-07-03T17:44:22Z
2026-07-03T17:43:44Z,2026-07-03T19:43:44+0200,58f0f667-5017-4e2f-a8f0-60c0494acd3e,2026-06-16T02:45:00Z,2026-06-16T04:45:00+0200,0.0,MW,FR,FR,forecast_solar_generation,Solar,2026-07-03T17:44:22Z
2026-07-03T17:43:44Z,2026-07-03T19:43:44+0200,58f0f667-5017-4e2f-a8f0-60c0494acd3e,2026-06-16T03:00:00Z,2026-06-16T05:00:00+0200,0.0,MW,FR,FR,forecast_solar_generation,Solar,2026-07-03T17:44:22Z
2026-07-03T17:43:44Z,2026-07-03T19:43:44+0200,58f0f667-5017-4e2f-a8f0-60c0494acd3e,2026-06-16T03:15:00Z,2026-06-16T05:15:00+0200,0.0,MW,FR,FR,forecast_solar_generation,Solar,2026-07-03T17:44:22Z
2026-07-03T17:43:44Z,2026-07-03T19:43:44+0200,58f0f667-5017-4e2f-a8f0-60c0494acd3e,2026-06-16T03:30:00Z,2026-06-16T05:30:00+0200,0.0,MW,FR,FR,forecast_solar_generation,Solar,2026-07-03T17:44:22Z
2026-07-03T17:43:44Z,2026-07-03T19:43:44+0200,58f0f667-5017-4e2f-a8f0-60c0494acd3e,2026-06-16T03:45:00Z,2026-06-16T05:45:00+0200,0.0,MW,FR,FR,forecast_solar_generation,Solar,2026-07-03T17:44:22Z
2026-07-03T17:43:44Z,2026-07-03T19:43:44+0200,58f0f667-5017-4e2f-a8f0-60c0494acd3e,2026-06-16T04:00:00Z,2026-06-16T06:00:00+0200,0.0,MW,FR,FR,forecast_solar_generation,Solar,2026-07-03T17:44:22Z
2026-07-03T17:43:44Z,2026-07-03T19:43:44+0200,58f0f667-5017-4e2f-a8f0-60c0494acd3e,2026-06-16T04:15:00Z,2026-06-16T06:15:00+0200,166.68217,MW,FR,FR,forecast_solar_generation,Solar,2026-07-03T17:44:22Z
2026-07-03T17:43:44Z,2026-07-03T19:43:44+0200,58f0f667-5017-4e2f-a8f0-60c0494acd3e,2026-06-16T04:30:00Z,2026-06-16T06:30:00+0200,286.33951,MW,FR,FR,forecast_solar_generation,Solar,2026-07-03T17:44:22Z
2026-07-03T17:43:44Z,2026-07-03T19:43:44+0200,58f0f667-5017-4e2f-a8f0-60c0494acd3e,2026-06-16T04:45:00Z,2026-06-16T06:45:00+0200,570.85046,MW,FR,FR,forecast_solar_generation,Solar,2026-07-03T17:44:22Z
2026-07-03T17:43:44Z,2026-07-03T19:43:44+0200,58f0f667-5017-4e2f-a8f0-60c0494acd3e,2026-06-16T05:00:00Z,2026-06-16T07:00:00+0200,926.69189,MW,FR,FR,forecast_solar_generation,Solar,2026-07-03T17:44:22Z
2026-07-03T17:43:44Z,2026-07-03T19:43:44+0200,58f0f667-5017-4e2f-a8f0-60c0494acd3e,2026-06-16T05:15:00Z,2026-06-16T07:15:00+0200,1362.47595,MW,FR,FR,forecast_solar_generation,Solar,2026-07-03T17:44:22Z
2026-07-03T17:43:44Z,2026-07-03T19:43:44+0200,58f0f667-5017-4e2f-a8f0-60c0494acd3e,2026-06-16T05:30:00Z,2026-06-16T07:30:00+0200,1857.31958,MW,FR,FR,forecast_solar_generation,Solar,2026-07-03T17:44:22Z
2026-07-03T17:43:44Z,2026-07-03T19:43:44+0200,58f0f667-5017-4e2f-a8f0-60c0494acd3e,2026-06-16T05:45:00Z,2026-06-16T07:45:00+0200,2468.99243,MW,FR,FR,forecast_solar_generation,Solar,2026-07-03T17:44:22Z
2026-07-03T17:43:44Z,2026-07-03T19:43:44+0200,58f0f667-5017-4e2f-a8f0-60c0494acd3e,2026-06-16T06:00:00Z,2026-06-16T08:00:00+0200,3129.42944,MW,FR,FR,forecast_solar_generation,Solar,2026-07-03T17:44:22Z
2026-07-03T17:43:44Z,2026-07-03T19:43:44+0200,58f0f667-5017-4e2f-a8f0-60c0494acd3e,2026-06-16T06:15:00Z,2026-06-16T08:15:00+0200,3900.53394,MW,FR,FR,forecast_solar_generation,Solar,2026-07-03T17:44:22Z
2026-07-03T17:43:44Z,2026-07-03T19:43:44+0200,58f0f667-5017-4e2f-a8f0-60c0494acd3e,2026-06-16T06:30:00Z,2026-06-16T08:30:00+0200,4637.4668,MW,FR,FR,forecast_solar_generation,Solar,2026-07-03T17:44:22Z
2026-07-03T17:43:44Z,2026-07-03T19:43:44+0200,58f0f667-5017-4e2f-a8f0-60c0494acd3e,2026-06-16T06:45:00Z,2026-06-16T08:45:00+0200,5533.35303,MW,FR,FR,forecast_solar_generation,Solar,2026-07-03T17:44:22Z
2026-07-03T17:43:44Z,2026-07-03T19:43:44+0200,58f0f667-5017-4e2f-a8f0-60c0494acd3e,2026-06-16T07:00:00Z,2026-06-16T09:00:00+0200,6395.53809,MW,FR,FR,forecast_solar_generation,Solar,2026-07-03T17:44:22Z
2026-07-03T17:43:44Z,2026-07-03T19:43:44+0200,58f0f667-5017-4e2f-a8f0-60c0494acd3e,2026-06-16T07:15:00Z,2026-06-16T09:15:00+0200,7338.3335,MW,FR,FR,forecast_solar_generation,Solar,2026-07-03T17:44:22Z
2026-07-03T17:43:44Z,2026-07-03T19:43:44+0200,58f0f667-5017-4e2f-a8f0-60c0494acd3e,2026-06-16T07:30:00Z,2026-06-16T09:30:00+0200,8232.99316,MW,FR,FR,forecast_solar_generation,Solar,2026-07-03T17:44:22Z
2026-07-03T17:43:44Z,2026-07-03T19:43:44+0200,58f0f667-5017-4e2f-a8f0-60c0494acd3e,2026-06-16T07:45:00Z,2026-06-16T09:45:00+0200,9205.60254,MW,FR,FR,forecast_solar_generation,Solar,2026-07-03T17:44:22Z
2026-07-03T17:43:44Z,2026-07-03T19:43:44+0200,58f0f667-5017-4e2f-a8f0-60c0494acd3e,2026-06-16T08:00:00Z,2026-06-16T10:00:00+0200,10139.96875,MW,FR,FR,forecast_solar_generation,Solar,2026-07-03T17:44:22Z
2026-07-03T17:43:44Z,2026-07-03T19:43:44+0200,58f0f667-5017-4e2f-a8f0-60c0494acd3e,2026-06-16T08:15:00Z,2026-06-16T10:15:00+0200,11235.77734,MW,FR,FR,forecast_solar_generation,Solar,2026-07-03T17:44:22Z
2026-07-03T17:43:44Z,2026-07-03T19:43:44+0200,58f0f667-5017-4e2f-a8f0-60c0494acd3e,2026-06-16T08:30:00Z,2026-06-16T10:30:00+0200,12124.63867,MW,FR,FR,forecast_solar_generation,Solar,2026-07-03T17:44:22Z
2026-07-03T17:43:44Z,2026-07-03T19:43:44+0200,58f0f667-5017-4e2f-a8f0-60c0494acd3e,2026-06-16T08:45:00Z,2026-06-16T10:45:00+0200,12976.02441,MW,FR,FR,forecast_solar_generation,Solar,2026-07-03T17:44:22Z
2026-07-03T17:43:44Z,2026-07-03T19:43:44+0200,58f0f667-5017-4e2f-a8f0-60c0494acd3e,2026-06-16T09:00:00Z,2026-06-16T11:00:00+0200,13813.96582,MW,FR,FR,forecast_solar_generation,Solar,2026-07-03T17:44:22Z
2026-07-03T17:43:44Z,2026-07-03T19:43:44+0200,58f0f667-5017-4e2f-a8f0-60c0494acd3e,2026-06-16T09:15:00Z,2026-06-16T11:15:00+0200,14722.2373,MW,FR,FR,forecast_solar_generation,Solar,2026-07-03T17:44:22Z
2026-07-03T17:43:44Z,2026-07-03T19:43:44+0200,58f0f667-5017-4e2f-a8f0-60c0494acd3e,2026-06-16T09:30:00Z,2026-06-16T11:30:00+0200,15470.39551,MW,FR,FR,forecast_solar_generation,Solar,2026-07-03T17:44:22Z
2026-07-03T17:43:44Z,2026-07-03T19:43:44+0200,58f0f667-5017-4e2f-a8f0-60c0494acd3e,2026-06-16T09:45:00Z,2026-06-16T11:45:00+0200,16125.10352,MW,FR,FR,forecast_solar_generation,Solar,2026-07-03T17:44:22Z
2026-07-03T17:43:44Z,2026-07-03T19:43:44+0200,58f0f667-5017-4e2f-a8f0-60c0494acd3e,2026-06-16T10:00:00Z,2026-06-16T12:00:00+0200,16784.17773,MW,FR,FR,forecast_solar_generation,Solar,2026-07-03T17:44:22Z
2026-07-03T17:43:44Z,2026-07-03T19:43:44+0200,58f0f667-5017-4e2f-a8f0-60c0494acd3e,2026-06-16T10:15:00Z,2026-06-16T12:15:00+0200,17419.70117,MW,FR,FR,forecast_solar_generation,Solar,2026-07-03T17:44:22Z
2026-07-03T17:43:44Z,2026-07-03T19:43:44+0200,58f0f667-5017-4e2f-a8f0-60c0494acd3e,2026-06-16T10:30:00Z,2026-06-16T12:30:00+0200,18081.78711,MW,FR,FR,forecast_solar_generation,Solar,2026-07-03T17:44:22Z
2026-07-03T17:43:44Z,2026-07-03T19:43:44+0200,58f0f667-5017-4e2f-a8f0-60c0494acd3e,2026-06-16T10:45:00Z,2026-06-16T12:45:00+0200,18472.22852,MW,FR,FR,forecast_solar_generation,Solar,2026-07-03T17:44:22Z
2026-07-03T17:43:44Z,2026-07-03T19:43:44+0200,58f0f667-5017-4e2f-a8f0-60c0494acd3e,2026-06-16T11:00:00Z,2026-06-16T13:00:00+0200,18800.45312,MW,FR,FR,forecast_solar_generation,Solar,2026-07-03T17:44:22Z
2026-07-03T17:43:44Z,2026-07-03T19:43:44+0200,58f0f667-5017-4e2f-a8f0-60c0494acd3e,2026-06-16T11:15:00Z,2026-06-16T13:15:00+0200,19041.22266,MW,FR,FR,forecast_solar_generation,Solar,2026-07-03T17:44:22Z
2026-07-03T17:43:44Z,2026-07-03T19:43:44+0200,58f0f667-5017-4e2f-a8f0-60c0494acd3e,2026-06-16T11:30:00Z,2026-06-16T13:30:00+0200,19216.70508,MW,FR,FR,forecast_solar_generation,Solar,2026-07-03T17:44:22Z
2026-07-03T17:43:44Z,2026-07-03T19:43:44+0200,58f0f667-5017-4e2f-a8f0-60c0494acd3e,2026-06-16T11:45:00Z,2026-06-16T13:45:00+0200,19201.65625,MW,FR,FR,forecast_solar_generation,Solar,2026-07-03T17:44:22Z
2026-07-03T17:43:44Z,2026-07-03T19:43:44+0200,58f0f667-5017-4e2f-a8f0-60c0494acd3e,2026-06-16T12:00:00Z,2026-06-16T14:00:00+0200,19200.34375,MW,FR,FR,forecast_solar_generation,Solar,2026-07-03T17:44:22Z
2026-07-03T17:43:44Z,2026-07-03T19:43:44+0200,58f0f667-5017-4e2f-a8f0-60c0494acd3e,2026-06-16T12:15:00Z,2026-06-16T14:15:00+0200,19173.95898,MW,FR,FR,forecast_solar_generation,Solar,2026-07-03T17:44:22Z
2026-07-03T17:43:44Z,2026-07-03T19:43:44+0200,58f0f667-5017-4e2f-a8f0-60c0494acd3e,2026-06-16T12:30:00Z,2026-06-16T14:30:00+0200,19163.43945,MW,FR,FR,forecast_solar_generation,Solar,2026-07-03T17:44:22Z
2026-07-03T17:43:44Z,2026-07-03T19:43:44+0200,58f0f667-5017-4e2f-a8f0-60c0494acd3e,2026-06-16T12:45:00Z,2026-06-16T14:45:00+0200,19060.92969,MW,FR,FR,forecast_solar_generation,Solar,2026-07-03T17:44:22Z
2026-07-03T17:43:44Z,2026-07-03T19:43:44+0200,58f0f667-5017-4e2f-a8f0-60c0494acd3e,2026-06-16T13:00:00Z,2026-06-16T15:00:00+0200,18876.4707,MW,FR,FR,forecast_solar_generation,Solar,2026-07-03T17:44:22Z
2026-07-03T17:43:44Z,2026-07-03T19:43:44+0200,58f0f667-5017-4e2f-a8f0-60c0494acd3e,2026-06-16T13:15:00Z,2026-06-16T15:15:00+0200,18562.52148,MW,FR,FR,forecast_solar_generation,Solar,2026-07-03T17:44:22Z
2026-07-03T17:43:44Z,2026-07-03T19:43:44+0200,58f0f667-5017-4e2f-a8f0-60c0494acd3e,2026-06-16T13:30:00Z,2026-06-16T15:30:00+0200,18177.79492,MW,FR,FR,forecast_solar_generation,Solar,2026-07-03T17:44:22Z
2026-07-03T17:43:44Z,2026-07-03T19:43:44+0200,58f0f667-5017-4e2f-a8f0-60c0494acd3e,2026-06-16T13:45:00Z,2026-06-16T15:45:00+0200,17634.625,MW,FR,FR,forecast_solar_generation,Solar,2026-07-03T17:44:22Z
2026-07-03T17:43:44Z,2026-07-03T19:43:44+0200,58f0f667-5017-4e2f-a8f0-60c0494acd3e,2026-06-16T14:00:00Z,2026-06-16T16:00:00+0200,17141.03711,MW,FR,FR,forecast_solar_generation,Solar,2026-07-03T17:44:22Z
2026-07-03T17:43:44Z,2026-07-03T19:43:44+0200,58f0f667-5017-4e2f-a8f0-60c0494acd3e,2026-06-16T14:15:00Z,2026-06-16T16:15:00+0200,16675.76758,MW,FR,FR,forecast_solar_generation,Solar,2026-07-03T17:44:22Z
2026-07-03T17:43:44Z,2026-07-03T19:43:44+0200,58f0f667-5017-4e2f-a8f0-60c0494acd3e,2026-06-16T14:30:00Z,2026-06-16T16:30:00+0200,16096.43164,MW,FR,FR,forecast_solar_generation,Solar,2026-07-03T17:44:22Z
2026-07-03T17:43:44Z,2026-07-03T19:43:44+0200,58f0f667-5017-4e2f-a8f0-60c0494acd3e,2026-06-16T14:45:00Z,2026-06-16T16:45:00+0200,15439.00586,MW,FR,FR,forecast_solar_generation,Solar,2026-07-03T17:44:22Z
2026-07-03T17:43:44Z,2026-07-03T19:43:44+0200,58f0f667-5017-4e2f-a8f0-60c0494acd3e,2026-06-16T15:00:00Z,2026-06-16T17:00:00+0200,14760.52148,MW,FR,FR,forecast_solar_generation,Solar,2026-07-03T17:44:22Z
2026-07-03T17:43:44Z,2026-07-03T19:43:44+0200,58f0f667-5017-4e2f-a8f0-60c0494acd3e,2026-06-16T15:15:00Z,2026-06-16T17:15:00+0200,14034.49609,MW,FR,FR,forecast_solar_generation,Solar,2026-07-03T17:44:22Z
2026-07-03T17:43:44Z,2026-07-03T19:43:44+0200,58f0f667-5017-4e2f-a8f0-60c0494acd3e,2026-06-16T15:30:00Z,2026-06-16T17:30:00+0200,13272.98242,MW,FR,FR,forecast_solar_generation,Solar,2026-07-03T17:44:22Z
2026-07-03T17:43:44Z,2026-07-03T19:43:44+0200,58f0f667-5017-4e2f-a8f0-60c0494acd3e,2026-06-16T15:45:00Z,2026-06-16T17:45:00+0200,12474.13086,MW,FR,FR,forecast_solar_generation,Solar,2026-07-03T17:44:22Z
2026-07-03T17:43:44Z,2026-07-03T19:43:44+0200,58f0f667-5017-4e2f-a8f0-60c0494acd3e,2026-06-16T16:00:00Z,2026-06-16T18:00:00+0200,11597.6123,MW,FR,FR,forecast_solar_generation,Solar,2026-07-03T17:44:22Z
2026-07-03T17:43:44Z,2026-07-03T19:43:44+0200,58f0f667-5017-4e2f-a8f0-60c0494acd3e,2026-06-16T16:15:00Z,2026-06-16T18:15:00+0200,10657.50488,MW,FR,FR,forecast_solar_generation,Solar,2026-07-03T17:44:22Z
2026-07-03T17:43:44Z,2026-07-03T19:43:44+0200,58f0f667-5017-4e2f-a8f0-60c0494acd3e,2026-06-16T16:30:00Z,2026-06-16T18:30:00+0200,9667.2998,MW,FR,FR,forecast_solar_generation,Solar,2026-07-03T17:44:22Z
2026-07-03T17:43:44Z,2026-07-03T19:43:44+0200,58f0f667-5017-4e2f-a8f0-60c0494acd3e,2026-06-16T16:45:00Z,2026-06-16T18:45:00+0200,8737.75293,MW,FR,FR,forecast_solar_generation,Solar,2026-07-03T17:44:22Z
2026-07-03T17:43:44Z,2026-07-03T19:43:44+0200,58f0f667-5017-4e2f-a8f0-60c0494acd3e,2026-06-16T17:00:00Z,2026-06-16T19:00:00+0200,7629.35986,MW,FR,FR,forecast_solar_generation,Solar,2026-07-03T17:44:22Z
2026-07-03T17:43:44Z,2026-07-03T19:43:44+0200,58f0f667-5017-4e2f-a8f0-60c0494acd3e,2026-06-16T17:15:00Z,2026-06-16T19:15:00+0200,6658.38525,MW,FR,FR,forecast_solar_generation,Solar,2026-07-03T17:44:22Z
2026-07-03T17:43:44Z,2026-07-03T19:43:44+0200,58f0f667-5017-4e2f-a8f0-60c0494acd3e,2026-06-16T17:30:00Z,2026-06-16T19:30:00+0200,5519.00391,MW,FR,FR,forecast_solar_generation,Solar,2026-07-03T17:44:22Z
2026-07-03T17:43:44Z,2026-07-03T19:43:44+0200,58f0f667-5017-4e2f-a8f0-60c0494acd3e,2026-06-16T17:45:00Z,2026-06-16T19:45:00+0200,4629.14697,MW,FR,FR,forecast_solar_generation,Solar,2026-07-03T17:44:22Z
2026-07-03T17:43:44Z,2026-07-03T19:43:44+0200,58f0f667-5017-4e2f-a8f0-60c0494acd3e,2026-06-16T18:00:00Z,2026-06-16T20:00:00+0200,3630.2583,MW,FR,FR,forecast_solar_generation,Solar,2026-07-03T17:44:22Z
2026-07-03T17:43:44Z,2026-07-03T19:43:44+0200,58f0f667-5017-4e2f-a8f0-60c0494acd3e,2026-06-16T18:15:00Z,2026-06-16T20:15:00+0200,2785.96143,MW,FR,FR,forecast_solar_generation,Solar,2026-07-03T17:44:22Z
2026-07-03T17:43:44Z,2026-07-03T19:43:44+0200,58f0f667-5017-4e2f-a8f0-60c0494acd3e,2026-06-16T18:30:00Z,2026-06-16T20:30:00+0200,2034.07275,MW,FR,FR,forecast_solar_generation,Solar,2026-07-03T17:44:22Z
2026-07-03T17:43:44Z,2026-07-03T19:43:44+0200,58f0f667-5017-4e2f-a8f0-60c0494acd3e,2026-06-16T18:45:00Z,2026-06-16T20:45:00+0200,1495.87695,MW,FR,FR,forecast_solar_generation,Solar,2026-07-03T17:44:22Z
2026-07-03T17:43:44Z,2026-07-03T19:43:44+0200,58f0f667-5017-4e2f-a8f0-60c0494acd3e,2026-06-16T19:00:00Z,2026-06-16T21:00:00+0200,1019.4978,MW,FR,FR,forecast_solar_generation,Solar,2026-07-03T17:44:22Z
2026-07-03T17:43:44Z,2026-07-03T19:43:44+0200,58f0f667-5017-4e2f-a8f0-60c0494acd3e,2026-06-16T19:15:00Z,2026-06-16T21:15:00+0200,610.66296,MW,FR,FR,forecast_solar_generation,Solar,2026-07-03T17:44:22Z
2026-07-03T17:43:44Z,2026-07-03T19:43:44+0200,58f0f667-5017-4e2f-a8f0-60c0494acd3e,2026-06-16T19:30:00Z,2026-06-16T21:30:00+0200,266.21783,MW,FR,FR,forecast_solar_generation,Solar,2026-07-03T17:44:22Z
2026-07-03T17:43:44Z,2026-07-03T19:43:44+0200,58f0f667-5017-4e2f-a8f0-60c0494acd3e,2026-06-16T19:45:00Z,2026-06-16T21:45:00+0200,96.52287,MW,FR,FR,forecast_solar_generation,Solar,2026-07-03T17:44:22Z
2026-07-03T17:43:44Z,2026-07-03T19:43:44+0200,58f0f667-5017-4e2f-a8f0-60c0494acd3e,2026-06-16T20:00:00Z,2026-06-16T22:00:00+0200,16.30145,MW,FR,FR,forecast_solar_generation,Solar,2026-07-03T17:44:22Z
2026-07-03T17:43:44Z,2026-07-03T19:43:44+0200,58f0f667-5017-4e2f-a8f0-60c0494acd3e,2026-06-16T20:15:00Z,2026-06-16T22:15:00+0200,0.03039,MW,FR,FR,forecast_solar_generation,Solar,2026-07-03T17:44:22Z
2026-07-03T17:43:44Z,2026-07-03T19:43:44+0200,58f0f667-5017-4e2f-a8f0-60c0494acd3e,2026-06-16T20:30:00Z,2026-06-16T22:30:00+0200,0.0,MW,FR,FR,forecast_solar_generation,Solar,2026-07-03T17:44:22Z
2026-07-03T17:43:44Z,2026-07-03T19:43:44+0200,58f0f667-5017-4e2f-a8f0-60c0494acd3e,2026-06-16T20:45:00Z,2026-06-16T22:45:00+0200,0.0,MW,FR,FR,forecast_solar_generation,Solar,2026-07-03T17:44:22Z
2026-07-03T17:43:44Z,2026-07-03T19:43:44+0200,58f0f667-5017-4e2f-a8f0-60c0494acd3e,2026-06-16T21:00:00Z,2026-06-16T23:00:00+0200,0.0,MW,FR,FR,forecast_solar_generation,Solar,2026-07-03T17:44:22Z
2026-07-03T17:43:44Z,2026-07-03T19:43:44+0200,58f0f667-5017-4e2f-a8f0-60c0494acd3e,2026-06-16T21:15:00Z,2026-06-16T23:15:00+0200,0.0,MW,FR,FR,forecast_solar_generation,Solar,2026-07-03T17:44:22Z
2026-07-03T17:43:44Z,2026-07-03T19:43:44+0200,58f0f667-5017-4e2f-a8f0-60c0494acd3e,2026-06-16T21:30:00Z,2026-06-16T23:30:00+0200,0.0,MW,FR,FR,forecast_solar_generation,Solar,2026-07-03T17:44:22Z
2026-07-03T17:43:44Z,2026-07-03T19:43:44+0200,58f0f667-5017-4e2f-a8f0-60c0494acd3e,2026-06-16T21:45:00Z,2026-06-16T23:45:00+0200,0.0,MW,FR,FR,forecast_solar_generation,Solar,2026-07-03T17:44:22Z
2026-07-03T17:43:44Z,2026-07-03T19:43:44+0200,58f0f667-5017-4e2f-a8f0-60c0494acd3e,2026-06-16T22:00:00Z,2026-06-17T00:00:00+0200,0.0,MW,FR,FR,forecast_solar_generation,Solar,2026-07-03T17:44:22Z
2026-07-03T17:43:44Z,2026-07-03T19:43:44+0200,58f0f667-5017-4e2f-a8f0-60c0494acd3e,2026-06-16T22:15:00Z,2026-06-17T00:15:00+0200,0.0,MW,FR,FR,forecast_solar_generation,Solar,2026-07-03T17:44:22Z
2026-07-03T17:43:44Z,2026-07-03T19:43:44+0200,58f0f667-5017-4e2f-a8f0-60c0494acd3e,2026-06-16T22:30:00Z,2026-06-17T00:30:00+0200,0.0,MW,FR,FR,forecast_solar_generation,Solar,2026-07-03T17:44:22Z
2026-07-03T17:43:44Z,2026-07-03T19:43:44+0200,58f0f667-5017-4e2f-a8f0-60c0494acd3e,2026-06-16T22:45:00Z,2026-06-17T00:45:00+0200,0.0,MW,FR,FR,forecast_solar_generation,Solar,2026-07-03T17:44:22Z
2026-07-03T17:43:44Z,2026-07-03T19:43:44+0200,58f0f667-5017-4e2f-a8f0-60c0494acd3e,2026-06-16T23:00:00Z,2026-06-17T01:00:00+0200,0.0,MW,FR,FR,forecast_solar_generation,Solar,2026-07-03T17:44:22Z
2026-07-03T17:43:44Z,2026-07-03T19:43:44+0200,58f0f667-5017-4e2f-a8f0-60c0494acd3e,2026-06-16T23:15:00Z,2026-06-17T01:15:00+0200,0.0,MW,FR,FR,forecast_solar_generation,Solar,2026-07-03T17:44:22Z
2026-07-03T17:43:44Z,2026-07-03T19:43:44+0200,58f0f667-5017-4e2f-a8f0-60c0494acd3e,2026-06-16T23:30:00Z,2026-06-17T01:30:00+0200,0.0,MW,FR,FR,forecast_solar_generation,Solar,2026-07-03T17:44:22Z
2026-07-03T17:43:44Z,2026-07-03T19:43:44+0200,58f0f667-5017-4e2f-a8f0-60c0494acd3e,2026-06-16T23:45:00Z,2026-06-17T01:45:00+0200,0.0,MW,FR,FR,forecast_solar_generation,Solar,2026-07-03T17:44:22Z
2026-07-03T17:43:44Z,2026-07-03T19:43:44+0200,58f0f667-5017-4e2f-a8f0-60c0494acd3e,2026-06-17T00:00:00Z,2026-06-17T02:00:00+0200,0.0,MW,FR,FR,forecast_solar_generation,Solar,2026-07-03T17:44:22Z
2026-07-03T17:43:44Z,2026-07-03T19:43:44+0200,58f0f667-5017-4e2f-a8f0-60c0494acd3e,2026-06-17T00:15:00Z,2026-06-17T02:15:00+0200,0.0,MW,FR,FR,forecast_solar_generation,Solar,2026-07-03T17:44:22Z
2026-07-03T17:43:44Z,2026-07-03T19:43:44+0200,58f0f667-5017-4e2f-a8f0-60c0494acd3e,2026-06-17T00:30:00Z,2026-06-17T02:30:00+0200,0.0,MW,FR,FR,forecast_solar_generation,Solar,2026-07-03T17:44:22Z
2026-07-03T17:43:44Z,2026-07-03T19:43:44+0200,58f0f667-5017-4e2f-a8f0-60c0494acd3e,2026-06-17T00:45:00Z,2026-06-17T02:45:00+0200,0.0,MW,FR,FR,forecast_solar_generation,Solar,2026-07-03T17:44:22Z
2026-07-03T17:43:44Z,2026-07-03T19:43:44+0200,58f0f667-5017-4e2f-a8f0-60c0494acd3e,2026-06-17T01:00:00Z,2026-06-17T03:00:00+0200,0.0,MW,FR,FR,forecast_solar_generation,Solar,2026-07-03T17:44:22Z
2026-07-03T17:43:44Z,2026-07-03T19:43:44+0200,58f0f667-5017-4e2f-a8f0-60c0494acd3e,2026-06-17T01:15:00Z,2026-06-17T03:15:00+0200,0.0,MW,FR,FR,forecast_solar_generation,Solar,2026-07-03T17:44:22Z
2026-07-03T17:43:44Z,2026-07-03T19:43:44+0200,58f0f667-5017-4e2f-a8f0-60c0494acd3e,2026-06-17T01:30:00Z,2026-06-17T03:30:00+0200,0.0,MW,FR,FR,forecast_solar_generation,Solar,2026-07-03T17:44:22Z
2026-07-03T17:43:44Z,2026-07-03T19:43:44+0200,58f0f667-5017-4e2f-a8f0-60c0494acd3e,2026-06-17T01:45:00Z,2026-06-17T03:45:00+0200,0.0,MW,FR,FR,forecast_solar_generation,Solar,2026-07-03T17:44:22Z
2026-07-03T17:43:44Z,2026-07-03T19:43:44+0200,58f0f667-5017-4e2f-a8f0-60c0494acd3e,2026-06-17T02:00:00Z,2026-06-17T04:00:00+0200,0.0,MW,FR,FR,forecast_solar_generation,Solar,2026-07-03T17:44:22Z
2026-07-03T17:43:44Z,2026-07-03T19:43:44+0200,58f0f667-5017-4e2f-a8f0-60c0494acd3e,2026-06-17T02:15:00Z,2026-06-17T04:15:00+0200,0.0,MW,FR,FR,forecast_solar_generation,Solar,2026-07-03T17:44:22Z
2026-07-03T17:43:44Z,2026-07-03T19:43:44+0200,58f0f667-5017-4e2f-a8f0-60c0494acd3e,2026-06-17T02:30:00Z,2026-06-17T04:30:00+0200,0.0,MW,FR,FR,forecast_solar_generation,Solar,2026-07-03T17:44:22Z
2026-07-03T17:43:44Z,2026-07-03T19:43:44+0200,58f0f667-5017-4e2f-a8f0-60c0494acd3e,2026-06-17T02:45:00Z,2026-06-17T04:45:00+0200,0.0,MW,FR,FR,forecast_solar_generation,Solar,2026-07-03T17:44:22Z
2026-07-03T17:43:44Z,2026-07-03T19:43:44+0200,58f0f667-5017-4e2f-a8f0-60c0494acd3e,2026-06-17T03:00:00Z,2026-06-17T05:00:00+0200,0.0,MW,FR,FR,forecast_solar_generation,Solar,2026-07-03T17:44:22Z
2026-07-03T17:43:44Z,2026-07-03T19:43:44+0200,58f0f667-5017-4e2f-a8f0-60c0494acd3e,2026-06-17T03:15:00Z,2026-06-17T05:15:00+0200,0.0,MW,FR,FR,forecast_solar_generation,Solar,2026-07-03T17:44:22Z
2026-07-03T17:43:44Z,2026-07-03T19:43:44+0200,58f0f667-5017-4e2f-a8f0-60c0494acd3e,2026-06-17T03:30:00Z,2026-06-17T05:30:00+0200,0.0,MW,FR,FR,forecast_solar_generation,Solar,2026-07-03T17:44:22Z
2026-07-03T17:43:44Z,2026-07-03T19:43:44+0200,58f0f667-5017-4e2f-a8f0-60c0494acd3e,2026-06-17T03:45:00Z,2026-06-17T05:45:00+0200,0.0,MW,FR,FR,forecast_solar_generation,Solar,2026-07-03T17:44:22Z
2026-07-03T17:43:44Z,2026-07-03T19:43:44+0200,58f0f667-5017-4e2f-a8f0-60c0494acd3e,2026-06-17T04:00:00Z,2026-06-17T06:00:00+0200,0.0,MW,FR,FR,forecast_solar_generation,Solar,2026-07-03T17:44:22Z
2026-07-03T17:43:44Z,2026-07-03T19:43:44+0200,58f0f667-5017-4e2f-a8f0-60c0494acd3e,2026-06-17T04:15:00Z,2026-06-17T06:15:00+0200,192.57841,MW,FR,FR,forecast_solar_generation,Solar,2026-07-03T17:44:22Z
2026-07-03T17:43:44Z,2026-07-03T19:43:44+0200,58f0f667-5017-4e2f-a8f0-60c0494acd3e,2026-06-17T04:30:00Z,2026-06-17T06:30:00+0200,324.75925,MW,FR,FR,forecast_solar_generation,Solar,2026-07-03T17:44:22Z
2026-07-03T17:43:44Z,2026-07-03T19:43:44+0200,58f0f667-5017-4e2f-a8f0-60c0494acd3e,2026-06-17T04:45:00Z,2026-06-17T06:45:00+0200,696.82977,MW,FR,FR,forecast_solar_generation,Solar,2026-07-03T17:44:22Z
2026-07-03T17:43:44Z,2026-07-03T19:43:44+0200,58f0f667-5017-4e2f-a8f0-60c0494acd3e,2026-06-17T05:00:00Z,2026-06-17T07:00:00+0200,1135.62024,MW,FR,FR,forecast_solar_generation,Solar,2026-07-03T17:44:22Z
2026-07-03T17:43:44Z,2026-07-03T19:43:44+0200,58f0f667-5017-4e2f-a8f0-60c0494acd3e,2026-06-17T05:15:00Z,2026-06-17T07:15:00+0200,1655.03687,MW,FR,FR,forecast_solar_generation,Solar,2026-07-03T17:44:22Z
2026-07-03T17:43:44Z,2026-07-03T19:43:44+0200,58f0f667-5017-4e2f-a8f0-60c0494acd3e,2026-06-17T05:30:00Z,2026-06-17T07:30:00+0200,2255.17529,MW,FR,FR,forecast_solar_generation,Solar,2026-07-03T17:44:22Z
2026-07-03T17:43:44Z,2026-07-03T19:43:44+0200,58f0f667-5017-4e2f-a8f0-60c0494acd3e,2026-06-17T05:45:00Z,2026-06-17T07:45:00+0200,3093.66211,MW,FR,FR,forecast_solar_generation,Solar,2026-07-03T17:44:22Z
2026-07-03T17:43:44Z,2026-07-03T19:43:44+0200,58f0f667-5017-4e2f-a8f0-60c0494acd3e,2026-06-17T06:00:00Z,2026-06-17T08:00:00+0200,4033.698,MW,FR,FR,forecast_solar_generation,Solar,2026-07-03T17:44:22Z
2026-07-03T17:43:44Z,2026-07-03T19:43:44+0200,58f0f667-5017-4e2f-a8f0-60c0494acd3e,2026-06-17T06:15:00Z,2026-06-17T08:15:00+0200,5051.26172,MW,FR,FR,forecast_solar_generation,Solar,2026-07-03T17:44:22Z
2026-07-03T17:43:44Z,2026-07-03T19:43:44+0200,58f0f667-5017-4e2f-a8f0-60c0494acd3e,2026-06-17T06:30:00Z,2026-06-17T08:30:00+0200,6214.2373,MW,FR,FR,forecast_solar_generation,Solar,2026-07-03T17:44:22Z
2026-07-03T17:43:44Z,2026-07-03T19:43:44+0200,58f0f667-5017-4e2f-a8f0-60c0494acd3e,2026-06-17T06:45:00Z,2026-06-17T08:45:00+0200,7342.28418,MW,FR,FR,forecast_solar_generation,Solar,2026-07-03T17:44:22Z
2026-07-03T17:43:44Z,2026-07-03T19:43:44+0200,58f0f667-5017-4e2f-a8f0-60c0494acd3e,2026-06-17T07:00:00Z,2026-06-17T09:00:00+0200,8557.97656,MW,FR,FR,forecast_solar_generation,Solar,2026-07-03T17:44:22Z
2026-07-03T17:43:44Z,2026-07-03T19:43:44+0200,58f0f667-5017-4e2f-a8f0-60c0494acd3e,2026-06-17T07:15:00Z,2026-06-17T09:15:00+0200,9676.45508,MW,FR,FR,forecast_solar_generation,Solar,2026-07-03T17:44:22Z
2026-07-03T17:43:44Z,2026-07-03T19:43:44+0200,58f0f667-5017-4e2f-a8f0-60c0494acd3e,2026-06-17T07:30:00Z,2026-06-17T09:30:00+0200,10857.83008,MW,FR,FR,forecast_solar_generation,Solar,2026-07-03T17:44:22Z
2026-07-03T17:43:44Z,2026-07-03T19:43:44+0200,58f0f667-5017-4e2f-a8f0-60c0494acd3e,2026-06-17T07:45:00Z,2026-06-17T09:45:00+0200,11947.31152,MW,FR,FR,forecast_solar_generation,Solar,2026-07-03T17:44:22Z
2026-07-03T17:43:44Z,2026-07-03T19:43:44+0200,58f0f667-5017-4e2f-a8f0-60c0494acd3e,2026-06-17T08:00:00Z,2026-06-17T10:00:00+0200,13054.26367,MW,FR,FR,forecast_solar_generation,Solar,2026-07-03T17:44:22Z
2026-07-03T17:43:44Z,2026-07-03T19:43:44+0200,58f0f667-5017-4e2f-a8f0-60c0494acd3e,2026-06-17T08:15:00Z,2026-06-17T10:15:00+0200,14036.09473,MW,FR,FR,forecast_solar_generation,Solar,2026-07-03T17:44:22Z
2026-07-03T17:43:44Z,2026-07-03T19:43:44+0200,58f0f667-5017-4e2f-a8f0-60c0494acd3e,2026-06-17T08:30:00Z,2026-06-17T10:30:00+0200,15028.83301,MW,FR,FR,forecast_solar_generation,Solar,2026-07-03T17:44:22Z
2026-07-03T17:43:44Z,2026-07-03T19:43:44+0200,58f0f667-5017-4e2f-a8f0-60c0494acd3e,2026-06-17T08:45:00Z,2026-06-17T10:45:00+0200,15822.375,MW,FR,FR,forecast_solar_generation,Solar,2026-07-03T17:44:22Z
2026-07-03T17:43:44Z,2026-07-03T19:43:44+0200,58f0f667-5017-4e2f-a8f0-60c0494acd3e,2026-06-17T09:00:00Z,2026-06-17T11:00:00+0200,16563.97852,MW,FR,FR,forecast_solar_generation,Solar,2026-07-03T17:44:22Z
2026-07-03T17:43:44Z,2026-07-03T19:43:44+0200,58f0f667-5017-4e2f-a8f0-60c0494acd3e,2026-06-17T09:15:00Z,2026-06-17T11:15:00+0200,17256.66211,MW,FR,FR,forecast_solar_generation,Solar,2026-07-03T17:44:22Z
2026-07-03T17:43:44Z,2026-07-03T19:43:44+0200,58f0f667-5017-4e2f-a8f0-60c0494acd3e,2026-06-17T09:30:00Z,2026-06-17T11:30:00+0200,17925.97656,MW,FR,FR,forecast_solar_generation,Solar,2026-07-03T17:44:22Z
2026-07-03T17:43:44Z,2026-07-03T19:43:44+0200,58f0f667-5017-4e2f-a8f0-60c0494acd3e,2026-06-17T09:45:00Z,2026-06-17T11:45:00+0200,18461.19531,MW,FR,FR,forecast_solar_generation,Solar,2026-07-03T17:44:22Z
2026-07-03T17:43:44Z,2026-07-03T19:43:44+0200,58f0f667-5017-4e2f-a8f0-60c0494acd3e,2026-06-17T10:00:00Z,2026-06-17T12:00:00+0200,18915.42578,MW,FR,FR,forecast_solar_generation,Solar,2026-07-03T17:44:22Z
2026-07-03T17:43:44Z,2026-07-03T19:43:44+0200,58f0f667-5017-4e2f-a8f0-60c0494acd3e,2026-06-17T10:15:00Z,2026-06-17T12:15:00+0200,19299.6543,MW,FR,FR,forecast_solar_generation,Solar,2026-07-03T17:44:22Z
2026-07-03T17:43:44Z,2026-07-03T19:43:44+0200,58f0f667-5017-4e2f-a8f0-60c0494acd3e,2026-06-17T10:30:00Z,2026-06-17T12:30:00+0200,19678.45117,MW,FR,FR,forecast_solar_generation,Solar,2026-07-03T17:44:22Z
2026-07-03T17:43:44Z,2026-07-03T19:43:44+0200,58f0f667-5017-4e2f-a8f0-60c0494acd3e,2026-06-17T10:45:00Z,2026-06-17T12:45:00+0200,19893.20898,MW,FR,FR,forecast_solar_generation,Solar,2026-07-03T17:44:22Z
2026-07-03T17:43:44Z,2026-07-03T19:43:44+0200,58f0f667-5017-4e2f-a8f0-60c0494acd3e,2026-06-17T11:00:00Z,2026-06-17T13:00:00+0200,20065.2168,MW,FR,FR,forecast_solar_generation,Solar,2026-07-03T17:44:22Z
2026-07-03T17:43:44Z,2026-07-03T19:43:44+0200,58f0f667-5017-4e2f-a8f0-60c0494acd3e,2026-06-17T11:15:00Z,2026-06-17T13:15:00+0200,20117.80664,MW,FR,FR,forecast_solar_generation,Solar,2026-07-03T17:44:22Z
2026-07-03T17:43:44Z,2026-07-03T19:43:44+0200,58f0f667-5017-4e2f-a8f0-60c0494acd3e,2026-06-17T11:30:00Z,2026-06-17T13:30:00+0200,20182.3418,MW,FR,FR,forecast_solar_generation,Solar,2026-07-03T17:44:22Z
2026-07-03T17:43:44Z,2026-07-03T19:43:44+0200,58f0f667-5017-4e2f-a8f0-60c0494acd3e,2026-06-17T11:45:00Z,2026-06-17T13:45:00+0200,20201.48828,MW,FR,FR,forecast_solar_generation,Solar,2026-07-03T17:44:22Z
2026-07-03T17:43:44Z,2026-07-03T19:43:44+0200,58f0f667-5017-4e2f-a8f0-60c0494acd3e,2026-06-17T12:00:00Z,2026-06-17T14:00:00+0200,20220.54883,MW,FR,FR,forecast_solar_generation,Solar,2026-07-03T17:44:22Z
2026-07-03T17:43:44Z,2026-07-03T19:43:44+0200,58f0f667-5017-4e2f-a8f0-60c0494acd3e,2026-06-17T12:15:00Z,2026-06-17T14:15:00+0200,20175.26562,MW,FR,FR,forecast_solar_generation,Solar,2026-07-03T17:44:22Z
2026-07-03T17:43:44Z,2026-07-03T19:43:44+0200,58f0f667-5017-4e2f-a8f0-60c0494acd3e,2026-06-17T12:30:00Z,2026-06-17T14:30:00+0200,20128.79883,MW,FR,FR,forecast_solar_generation,Solar,2026-07-03T17:44:22Z
2026-07-03T17:43:44Z,2026-07-03T19:43:44+0200,58f0f667-5017-4e2f-a8f0-60c0494acd3e,2026-06-17T12:45:00Z,2026-06-17T14:45:00+0200,19979.38281,MW,FR,FR,forecast_solar_generation,Solar,2026-07-03T17:44:22Z
2026-07-03T17:43:44Z,2026-07-03T19:43:44+0200,58f0f667-5017-4e2f-a8f0-60c0494acd3e,2026-06-17T13:00:00Z,2026-06-17T15:00:00+0200,19730.26758,MW,FR,FR,forecast_solar_generation,Solar,2026-07-03T17:44:22Z
2026-07-03T17:43:44Z,2026-07-03T19:43:44+0200,58f0f667-5017-4e2f-a8f0-60c0494acd3e,2026-06-17T13:15:00Z,2026-06-17T15:15:00+0200,19394.19922,MW,FR,FR,forecast_solar_generation,Solar,2026-07-03T17:44:22Z
2026-07-03T17:43:44Z,2026-07-03T19:43:44+0200,58f0f667-5017-4e2f-a8f0-60c0494acd3e,2026-06-17T13:30:00Z,2026-06-17T15:30:00+0200,19003.65234,MW,FR,FR,forecast_solar_generation,Solar,2026-07-03T17:44:22Z
2026-07-03T17:43:44Z,2026-07-03T19:43:44+0200,58f0f667-5017-4e2f-a8f0-60c0494acd3e,2026-06-17T13:45:00Z,2026-06-17T15:45:00+0200,18515.73242,MW,FR,FR,forecast_solar_generation,Solar,2026-07-03T17:44:22Z
2026-07-03T17:43:44Z,2026-07-03T19:43:44+0200,58f0f667-5017-4e2f-a8f0-60c0494acd3e,2026-06-17T14:00:00Z,2026-06-17T16:00:00+0200,18051.24219,MW,FR,FR,forecast_solar_generation,Solar,2026-07-03T17:44:22Z
2026-07-03T17:43:44Z,2026-07-03T19:43:44+0200,58f0f667-5017-4e2f-a8f0-60c0494acd3e,2026-06-17T14:15:00Z,2026-06-17T16:15:00+0200,17529.53906,MW,FR,FR,forecast_solar_generation,Solar,2026-07-03T17:44:22Z
2026-07-03T17:43:44Z,2026-07-03T19:43:44+0200,58f0f667-5017-4e2f-a8f0-60c0494acd3e,2026-06-17T14:30:00Z,2026-06-17T16:30:00+0200,16906.23047,MW,FR,FR,forecast_solar_generation,Solar,2026-07-03T17:44:22Z
2026-07-03T17:43:44Z,2026-07-03T19:43:44+0200,58f0f667-5017-4e2f-a8f0-60c0494acd3e,2026-06-17T14:45:00Z,2026-06-17T16:45:00+0200,16199.27441,MW,FR,FR,forecast_solar_generation,Solar,2026-07-03T17:44:22Z
2026-07-03T17:43:44Z,2026-07-03T19:43:44+0200,58f0f667-5017-4e2f-a8f0-60c0494acd3e,2026-06-17T15:00:00Z,2026-06-17T17:00:00+0200,15478.06445,MW,FR,FR,forecast_solar_generation,Solar,2026-07-03T17:44:22Z
2026-07-03T17:43:44Z,2026-07-03T19:43:44+0200,58f0f667-5017-4e2f-a8f0-60c0494acd3e,2026-06-17T15:15:00Z,2026-06-17T17:15:00+0200,14631.57031,MW,FR,FR,forecast_solar_generation,Solar,2026-07-03T17:44:22Z
2026-07-03T17:43:44Z,2026-07-03T19:43:44+0200,58f0f667-5017-4e2f-a8f0-60c0494acd3e,2026-06-17T15:30:00Z,2026-06-17T17:30:00+0200,13797.69824,MW,FR,FR,forecast_solar_generation,Solar,2026-07-03T17:44:22Z
2026-07-03T17:43:44Z,2026-07-03T19:43:44+0200,58f0f667-5017-4e2f-a8f0-60c0494acd3e,2026-06-17T15:45:00Z,2026-06-17T17:45:00+0200,12910.81055,MW,FR,FR,forecast_solar_generation,Solar,2026-07-03T17:44:22Z
2026-07-03T17:43:44Z,2026-07-03T19:43:44+0200,58f0f667-5017-4e2f-a8f0-60c0494acd3e,2026-06-17T16:00:00Z,2026-06-17T18:00:00+0200,11949.76953,MW,FR,FR,forecast_solar_generation,Solar,2026-07-03T17:44:22Z
2026-07-03T17:43:44Z,2026-07-03T19:43:44+0200,58f0f667-5017-4e2f-a8f0-60c0494acd3e,2026-06-17T16:15:00Z,2026-06-17T18:15:00+0200,10927.88184,MW,FR,FR,forecast_solar_generation,Solar,2026-07-03T17:44:22Z
2026-07-03T17:43:44Z,2026-07-03T19:43:44+0200,58f0f667-5017-4e2f-a8f0-60c0494acd3e,2026-06-17T16:30:00Z,2026-06-17T18:30:00+0200,9884.58301,MW,FR,FR,forecast_solar_generation,Solar,2026-07-03T17:44:22Z
2026-07-03T17:43:44Z,2026-07-03T19:43:44+0200,58f0f667-5017-4e2f-a8f0-60c0494acd3e,2026-06-17T16:45:00Z,2026-06-17T18:45:00+0200,8907.33594,MW,FR,FR,forecast_solar_generation,Solar,2026-07-03T17:44:22Z
2026-07-03T17:43:44Z,2026-07-03T19:43:44+0200,58f0f667-5017-4e2f-a8f0-60c0494acd3e,2026-06-17T17:00:00Z,2026-06-17T19:00:00+0200,7744.89111,MW,FR,FR,forecast_solar_generation,Solar,2026-07-03T17:44:22Z
2026-07-03T17:43:44Z,2026-07-03T19:43:44+0200,58f0f667-5017-4e2f-a8f0-60c0494acd3e,2026-06-17T17:15:00Z,2026-06-17T19:15:00+0200,6725.76367,MW,FR,FR,forecast_solar_generation,Solar,2026-07-03T17:44:22Z
2026-07-03T17:43:44Z,2026-07-03T19:43:44+0200,58f0f667-5017-4e2f-a8f0-60c0494acd3e,2026-06-17T17:30:00Z,2026-06-17T19:30:00+0200,5569.52344,MW,FR,FR,forecast_solar_generation,Solar,2026-07-03T17:44:22Z
2026-07-03T17:43:44Z,2026-07-03T19:43:44+0200,58f0f667-5017-4e2f-a8f0-60c0494acd3e,2026-06-17T17:45:00Z,2026-06-17T19:45:00+0200,4656.28271,MW,FR,FR,forecast_solar_generation,Solar,2026-07-03T17:44:22Z
2026-07-03T17:43:44Z,2026-07-03T19:43:44+0200,58f0f667-5017-4e2f-a8f0-60c0494acd3e,2026-06-17T18:00:00Z,2026-06-17T20:00:00+0200,3609.60449,MW,FR,FR,forecast_solar_generation,Solar,2026-07-03T17:44:22Z
2026-07-03T17:43:44Z,2026-07-03T19:43:44+0200,58f0f667-5017-4e2f-a8f0-60c0494acd3e,2026-06-17T18:15:00Z,2026-06-17T20:15:00+0200,2770.92358,MW,FR,FR,forecast_solar_generation,Solar,2026-07-03T17:44:22Z
2026-07-03T17:43:44Z,2026-07-03T19:43:44+0200,58f0f667-5017-4e2f-a8f0-60c0494acd3e,2026-06-17T18:30:00Z,2026-06-17T20:30:00+0200,2017.28528,MW,FR,FR,forecast_solar_generation,Solar,2026-07-03T17:44:22Z
2026-07-03T17:43:44Z,2026-07-03T19:43:44+0200,58f0f667-5017-4e2f-a8f0-60c0494acd3e,2026-06-17T18:45:00Z,2026-06-17T20:45:00+0200,1482.0592,MW,FR,FR,forecast_solar_generation,Solar,2026-07-03T17:44:22Z
2026-07-03T17:43:44Z,2026-07-03T19:43:44+0200,58f0f667-5017-4e2f-a8f0-60c0494acd3e,2026-06-17T19:00:00Z,2026-06-17T21:00:00+0200,1010.8114,MW,FR,FR,forecast_solar_generation,Solar,2026-07-03T17:44:22Z
2026-07-03T17:43:44Z,2026-07-03T19:43:44+0200,58f0f667-5017-4e2f-a8f0-60c0494acd3e,2026-06-17T19:15:00Z,2026-06-17T21:15:00+0200,604.7301,MW,FR,FR,forecast_solar_generation,Solar,2026-07-03T17:44:22Z
2026-07-03T17:43:44Z,2026-07-03T19:43:44+0200,58f0f667-5017-4e2f-a8f0-60c0494acd3e,2026-06-17T19:30:00Z,2026-06-17T21:30:00+0200,266.30844,MW,FR,FR,forecast_solar_generation,Solar,2026-07-03T17:44:22Z
2026-07-03T17:43:44Z,2026-07-03T19:43:44+0200,58f0f667-5017-4e2f-a8f0-60c0494acd3e,2026-06-17T19:45:00Z,2026-06-17T21:45:00+0200,101.41918,MW,FR,FR,forecast_solar_generation,Solar,2026-07-03T17:44:22Z
2026-07-03T17:43:44Z,2026-07-03T19:43:44+0200,58f0f667-5017-4e2f-a8f0-60c0494acd3e,2026-06-17T20:00:00Z,2026-06-17T22:00:00+0200,16.63485,MW,FR,FR,forecast_solar_generation,Solar,2026-07-03T17:44:22Z
2026-07-03T17:43:44Z,2026-07-03T19:43:44+0200,58f0f667-5017-4e2f-a8f0-60c0494acd3e,2026-06-17T20:15:00Z,2026-06-17T22:15:00+0200,0.02673,MW,FR,FR,forecast_solar_generation,Solar,2026-07-03T17:44:22Z
2026-07-03T17:43:44Z,2026-07-03T19:43:44+0200,58f0f667-5017-4e2f-a8f0-60c0494acd3e,2026-06-17T20:30:00Z,2026-06-17T22:30:00+0200,0.0,MW,FR,FR,forecast_solar_generation,Solar,2026-07-03T17:44:22Z
2026-07-03T17:43:44Z,2026-07-03T19:43:44+0200,58f0f667-5017-4e2f-a8f0-60c0494acd3e,2026-06-17T20:45:00Z,2026-06-17T22:45:00+0200,0.0,MW,FR,FR,forecast_solar_generation,Solar,2026-07-03T17:44:22Z
2026-07-03T17:43:44Z,2026-07-03T19:43:44+0200,58f0f667-5017-4e2f-a8f0-60c0494acd3e,2026-06-17T21:00:00Z,2026-06-17T23:00:00+0200,0.0,MW,FR,FR,forecast_solar_generation,Solar,2026-07-03T17:44:22Z
2026-07-03T17:43:44Z,2026-07-03T19:43:44+0200,58f0f667-5017-4e2f-a8f0-60c0494acd3e,2026-06-17T21:15:00Z,2026-06-17T23:15:00+0200,0.0,MW,FR,FR,forecast_solar_generation,Solar,2026-07-03T17:44:22Z
2026-07-03T17:43:44Z,2026-07-03T19:43:44+0200,58f0f667-5017-4e2f-a8f0-60c0494acd3e,2026-06-17T21:30:00Z,2026-06-17T23:30:00+0200,0.0,MW,FR,FR,forecast_solar_generation,Solar,2026-07-03T17:44:22Z
2026-07-03T17:43:44Z,2026-07-03T19:43:44+0200,58f0f667-5017-4e2f-a8f0-60c0494acd3e,2026-06-17T21:45:00Z,2026-06-17T23:45:00+0200,0.0,MW,FR,FR,forecast_solar_generation,Solar,2026-07-03T17:44:22Z
2026-07-03T17:43:44Z,2026-07-03T19:43:44+0200,58f0f667-5017-4e2f-a8f0-60c0494acd3e,2026-06-17T22:00:00Z,2026-06-18T00:00:00+0200,0.0,MW,FR,FR,forecast_solar_generation,Solar,2026-07-03T17:44:22Z
2026-07-03T17:43:44Z,2026-07-03T19:43:44+0200,58f0f667-5017-4e2f-a8f0-60c0494acd3e,2026-06-17T22:15:00Z,2026-06-18T00:15:00+0200,0.0,MW,FR,FR,forecast_solar_generation,Solar,2026-07-03T17:44:22Z
2026-07-03T17:43:44Z,2026-07-03T19:43:44+0200,58f0f667-5017-4e2f-a8f0-60c0494acd3e,2026-06-17T22:30:00Z,2026-06-18T00:30:00+0200,0.0,MW,FR,FR,forecast_solar_generation,Solar,2026-07-03T17:44:22Z
2026-07-03T17:43:44Z,2026-07-03T19:43:44+0200,58f0f667-5017-4e2f-a8f0-60c0494acd3e,2026-06-17T22:45:00Z,2026-06-18T00:45:00+0200,0.0,MW,FR,FR,forecast_solar_generation,Solar,2026-07-03T17:44:22Z
2026-07-03T17:43:44Z,2026-07-03T19:43:44+0200,58f0f667-5017-4e2f-a8f0-60c0494acd3e,2026-06-17T23:00:00Z,2026-06-18T01:00:00+0200,0.0,MW,FR,FR,forecast_solar_generation,Solar,2026-07-03T17:44:22Z
2026-07-03T17:43:44Z,2026-07-03T19:43:44+0200,58f0f667-5017-4e2f-a8f0-60c0494acd3e,2026-06-17T23:15:00Z,2026-06-18T01:15:00+0200,0.0,MW,FR,FR,forecast_solar_generation,Solar,2026-07-03T17:44:22Z
2026-07-03T17:43:44Z,2026-07-03T19:43:44+0200,58f0f667-5017-4e2f-a8f0-60c0494acd3e,2026-06-17T23:30:00Z,2026-06-18T01:30:00+0200,0.0,MW,FR,FR,forecast_solar_generation,Solar,2026-07-03T17:44:22Z
2026-07-03T17:43:44Z,2026-07-03T19:43:44+0200,58f0f667-5017-4e2f-a8f0-60c0494acd3e,2026-06-17T23:45:00Z,2026-06-18T01:45:00+0200,0.0,MW,FR,FR,forecast_solar_generation,Solar,2026-07-03T17:44:22Z
2026-07-03T17:43:44Z,2026-07-03T19:43:44+0200,58f0f667-5017-4e2f-a8f0-60c0494acd3e,2026-06-18T00:00:00Z,2026-06-18T02:00:00+0200,0.0,MW,FR,FR,forecast_solar_generation,Solar,2026-07-03T17:44:22Z
2026-07-03T17:43:44Z,2026-07-03T19:43:44+0200,58f0f667-5017-4e2f-a8f0-60c0494acd3e,2026-06-18T00:15:00Z,2026-06-18T02:15:00+0200,0.0,MW,FR,FR,forecast_solar_generation,Solar,2026-07-03T17:44:22Z
2026-07-03T17:43:44Z,2026-07-03T19:43:44+0200,58f0f667-5017-4e2f-a8f0-60c0494acd3e,2026-06-18T00:30:00Z,2026-06-18T02:30:00+0200,0.0,MW,FR,FR,forecast_solar_generation,Solar,2026-07-03T17:44:22Z
2026-07-03T17:43:44Z,2026-07-03T19:43:44+0200,58f0f667-5017-4e2f-a8f0-60c0494acd3e,2026-06-18T00:45:00Z,2026-06-18T02:45:00+0200,0.0,MW,FR,FR,forecast_solar_generation,Solar,2026-07-03T17:44:22Z
2026-07-03T17:43:44Z,2026-07-03T19:43:44+0200,58f0f667-5017-4e2f-a8f0-60c0494acd3e,2026-06-18T01:00:00Z,2026-06-18T03:00:00+0200,0.0,MW,FR,FR,forecast_solar_generation,Solar,2026-07-03T17:44:22Z
2026-07-03T17:43:44Z,2026-07-03T19:43:44+0200,58f0f667-5017-4e2f-a8f0-60c0494acd3e,2026-06-18T01:15:00Z,2026-06-18T03:15:00+0200,0.0,MW,FR,FR,forecast_solar_generation,Solar,2026-07-03T17:44:22Z
2026-07-03T17:43:44Z,2026-07-03T19:43:44+0200,58f0f667-5017-4e2f-a8f0-60c0494acd3e,2026-06-18T01:30:00Z,2026-06-18T03:30:00+0200,0.0,MW,FR,FR,forecast_solar_generation,Solar,2026-07-03T17:44:22Z
2026-07-03T17:43:44Z,2026-07-03T19:43:44+0200,58f0f667-5017-4e2f-a8f0-60c0494acd3e,2026-06-18T01:45:00Z,2026-06-18T03:45:00+0200,0.0,MW,FR,FR,forecast_solar_generation,Solar,2026-07-03T17:44:22Z
2026-07-03T17:43:44Z,2026-07-03T19:43:44+0200,58f0f667-5017-4e2f-a8f0-60c0494acd3e,2026-06-18T02:00:00Z,2026-06-18T04:00:00+0200,0.0,MW,FR,FR,forecast_solar_generation,Solar,2026-07-03T17:44:22Z
2026-07-03T17:43:44Z,2026-07-03T19:43:44+0200,58f0f667-5017-4e2f-a8f0-60c0494acd3e,2026-06-18T02:15:00Z,2026-06-18T04:15:00+0200,0.0,MW,FR,FR,forecast_solar_generation,Solar,2026-07-03T17:44:22Z
2026-07-03T17:43:44Z,2026-07-03T19:43:44+0200,58f0f667-5017-4e2f-a8f0-60c0494acd3e,2026-06-18T02:30:00Z,2026-06-18T04:30:00+0200,0.0,MW,FR,FR,forecast_solar_generation,Solar,2026-07-03T17:44:22Z
2026-07-03T17:43:44Z,2026-07-03T19:43:44+0200,58f0f667-5017-4e2f-a8f0-60c0494acd3e,2026-06-18T02:45:00Z,2026-06-18T04:45:00+0200,0.0,MW,FR,FR,forecast_solar_generation,Solar,2026-07-03T17:44:22Z
2026-07-03T17:43:44Z,2026-07-03T19:43:44+0200,58f0f667-5017-4e2f-a8f0-60c0494acd3e,2026-06-18T03:00:00Z,2026-06-18T05:00:00+0200,0.0,MW,FR,FR,forecast_solar_generation,Solar,2026-07-03T17:44:22Z
2026-07-03T17:43:44Z,2026-07-03T19:43:44+0200,58f0f667-5017-4e2f-a8f0-60c0494acd3e,2026-06-18T03:15:00Z,2026-06-18T05:15:00+0200,0.0,MW,FR,FR,forecast_solar_generation,Solar,2026-07-03T17:44:22Z
2026-07-03T17:43:44Z,2026-07-03T19:43:44+0200,58f0f667-5017-4e2f-a8f0-60c0494acd3e,2026-06-18T03:30:00Z,2026-06-18T05:30:00+0200,0.0,MW,FR,FR,forecast_solar_generation,Solar,2026-07-03T17:44:22Z
2026-07-03T17:43:44Z,2026-07-03T19:43:44+0200,58f0f667-5017-4e2f-a8f0-60c0494acd3e,2026-06-18T03:45:00Z,2026-06-18T05:45:00+0200,0.0,MW,FR,FR,forecast_solar_generation,Solar,2026-07-03T17:44:22Z
2026-07-03T17:43:44Z,2026-07-03T19:43:44+0200,58f0f667-5017-4e2f-a8f0-60c0494acd3e,2026-06-18T04:00:00Z,2026-06-18T06:00:00+0200,0.0,MW,FR,FR,forecast_solar_generation,Solar,2026-07-03T17:44:22Z
2026-07-03T17:43:44Z,2026-07-03T19:43:44+0200,58f0f667-5017-4e2f-a8f0-60c0494acd3e,2026-06-18T04:15:00Z,2026-06-18T06:15:00+0200,191.96938,MW,FR,FR,forecast_solar_generation,Solar,2026-07-03T17:44:22Z
2026-07-03T17:43:44Z,2026-07-03T19:43:44+0200,58f0f667-5017-4e2f-a8f0-60c0494acd3e,2026-06-18T04:30:00Z,2026-06-18T06:30:00+0200,320.91122,MW,FR,FR,forecast_solar_generation,Solar,2026-07-03T17:44:22Z
2026-07-03T17:43:44Z,2026-07-03T19:43:44+0200,58f0f667-5017-4e2f-a8f0-60c0494acd3e,2026-06-18T04:45:00Z,2026-06-18T06:45:00+0200,684.60809,MW,FR,FR,forecast_solar_generation,Solar,2026-07-03T17:44:22Z
2026-07-03T17:43:44Z,2026-07-03T19:43:44+0200,58f0f667-5017-4e2f-a8f0-60c0494acd3e,2026-06-18T05:00:00Z,2026-06-18T07:00:00+0200,1121.63306,MW,FR,FR,forecast_solar_generation,Solar,2026-07-03T17:44:22Z
2026-07-03T17:43:44Z,2026-07-03T19:43:44+0200,58f0f667-5017-4e2f-a8f0-60c0494acd3e,2026-06-18T05:15:00Z,2026-06-18T07:15:00+0200,1640.40479,MW,FR,FR,forecast_solar_generation,Solar,2026-07-03T17:44:22Z
2026-07-03T17:43:44Z,2026-07-03T19:43:44+0200,58f0f667-5017-4e2f-a8f0-60c0494acd3e,2026-06-18T05:30:00Z,2026-06-18T07:30:00+0200,2256.46655,MW,FR,FR,forecast_solar_generation,Solar,2026-07-03T17:44:22Z
2026-07-03T17:43:44Z,2026-07-03T19:43:44+0200,58f0f667-5017-4e2f-a8f0-60c0494acd3e,2026-06-18T05:45:00Z,2026-06-18T07:45:00+0200,3098.54834,MW,FR,FR,forecast_solar_generation,Solar,2026-07-03T17:44:22Z
2026-07-03T17:43:44Z,2026-07-03T19:43:44+0200,58f0f667-5017-4e2f-a8f0-60c0494acd3e,2026-06-18T06:00:00Z,2026-06-18T08:00:00+0200,4018.66797,MW,FR,FR,forecast_solar_generation,Solar,2026-07-03T17:44:22Z
2026-07-03T17:43:44Z,2026-07-03T19:43:44+0200,58f0f667-5017-4e2f-a8f0-60c0494acd3e,2026-06-18T06:15:00Z,2026-06-18T08:15:00+0200,5058.55908,MW,FR,FR,forecast_solar_generation,Solar,2026-07-03T17:44:22Z
2026-07-03T17:43:44Z,2026-07-03T19:43:44+0200,58f0f667-5017-4e2f-a8f0-60c0494acd3e,2026-06-18T06:30:00Z,2026-06-18T08:30:00+0200,6202.08154,MW,FR,FR,forecast_solar_generation,Solar,2026-07-03T17:44:22Z
2026-07-03T17:43:44Z,2026-07-03T19:43:44+0200,58f0f667-5017-4e2f-a8f0-60c0494acd3e,2026-06-18T06:45:00Z,2026-06-18T08:45:00+0200,7320.80225,MW,FR,FR,forecast_solar_generation,Solar,2026-07-03T17:44:22Z
2026-07-03T17:43:44Z,2026-07-03T19:43:44+0200,58f0f667-5017-4e2f-a8f0-60c0494acd3e,2026-06-18T07:00:00Z,2026-06-18T09:00:00+0200,8518.95996,MW,FR,FR,forecast_solar_generation,Solar,2026-07-03T17:44:22Z
2026-07-03T17:43:44Z,2026-07-03T19:43:44+0200,58f0f667-5017-4e2f-a8f0-60c0494acd3e,2026-06-18T07:15:00Z,2026-06-18T09:15:00+0200,9630.26855,MW,FR,FR,forecast_solar_generation,Solar,2026-07-03T17:44:22Z
2026-07-03T17:43:44Z,2026-07-03T19:43:44+0200,58f0f667-5017-4e2f-a8f0-60c0494acd3e,2026-06-18T07:30:00Z,2026-06-18T09:30:00+0200,10801.16992,MW,FR,FR,forecast_solar_generation,Solar,2026-07-03T17:44:22Z
2026-07-03T17:43:44Z,2026-07-03T19:43:44+0200,58f0f667-5017-4e2f-a8f0-60c0494acd3e,2026-06-18T07:45:00Z,2026-06-18T09:45:00+0200,11845.75586,MW,FR,FR,forecast_solar_generation,Solar,2026-07-03T17:44:22Z
2026-07-03T17:43:44Z,2026-07-03T19:43:44+0200,58f0f667-5017-4e2f-a8f0-60c0494acd3e,2026-06-18T08:00:00Z,2026-06-18T10:00:00+0200,12902.1123,MW,FR,FR,forecast_solar_generation,Solar,2026-07-03T17:44:22Z
2026-07-03T17:43:44Z,2026-07-03T19:43:44+0200,58f0f667-5017-4e2f-a8f0-60c0494acd3e,2026-06-18T08:15:00Z,2026-06-18T10:15:00+0200,13914.63379,MW,FR,FR,forecast_solar_generation,Solar,2026-07-03T17:44:22Z
2026-07-03T17:43:44Z,2026-07-03T19:43:44+0200,58f0f667-5017-4e2f-a8f0-60c0494acd3e,2026-06-18T08:30:00Z,2026-06-18T10:30:00+0200,14896.53223,MW,FR,FR,forecast_solar_generation,Solar,2026-07-03T17:44:22Z
2026-07-03T17:43:44Z,2026-07-03T19:43:44+0200,58f0f667-5017-4e2f-a8f0-60c0494acd3e,2026-06-18T08:45:00Z,2026-06-18T10:45:00+0200,15634.76367,MW,FR,FR,forecast_solar_generation,Solar,2026-07-03T17:44:22Z
2026-07-03T17:43:44Z,2026-07-03T19:43:44+0200,58f0f667-5017-4e2f-a8f0-60c0494acd3e,2026-06-18T09:00:00Z,2026-06-18T11:00:00+0200,16324.56934,MW,FR,FR,forecast_solar_generation,Solar,2026-07-03T17:44:22Z
2026-07-03T17:43:44Z,2026-07-03T19:43:44+0200,58f0f667-5017-4e2f-a8f0-60c0494acd3e,2026-06-18T09:15:00Z,2026-06-18T11:15:00+0200,16994.23438,MW,FR,FR,forecast_solar_generation,Solar,2026-07-03T17:44:22Z
2026-07-03T17:43:44Z,2026-07-03T19:43:44+0200,58f0f667-5017-4e2f-a8f0-60c0494acd3e,2026-06-18T09:30:00Z,2026-06-18T11:30:00+0200,17590.30273,MW,FR,FR,forecast_solar_generation,Solar,2026-07-03T17:44:22Z
2026-07-03T17:43:44Z,2026-07-03T19:43:44+0200,58f0f667-5017-4e2f-a8f0-60c0494acd3e,2026-06-18T09:45:00Z,2026-06-18T11:45:00+0200,18113.87891,MW,FR,FR,forecast_solar_generation,Solar,2026-07-03T17:44:22Z
2026-07-03T17:43:44Z,2026-07-03T19:43:44+0200,58f0f667-5017-4e2f-a8f0-60c0494acd3e,2026-06-18T10:00:00Z,2026-06-18T12:00:00+0200,18543.57617,MW,FR,FR,forecast_solar_generation,Solar,2026-07-03T17:44:22Z
2026-07-03T17:43:44Z,2026-07-03T19:43:44+0200,58f0f667-5017-4e2f-a8f0-60c0494acd3e,2026-06-18T10:15:00Z,2026-06-18T12:15:00+0200,18900.57422,MW,FR,FR,forecast_solar_generation,Solar,2026-07-03T17:44:22Z
2026-07-03T17:43:44Z,2026-07-03T19:43:44+0200,58f0f667-5017-4e2f-a8f0-60c0494acd3e,2026-06-18T10:30:00Z,2026-06-18T12:30:00+0200,19231.26367,MW,FR,FR,forecast_solar_generation,Solar,2026-07-03T17:44:22Z
2026-07-03T17:43:44Z,2026-07-03T19:43:44+0200,58f0f667-5017-4e2f-a8f0-60c0494acd3e,2026-06-18T10:45:00Z,2026-06-18T12:45:00+0200,19468.67578,MW,FR,FR,forecast_solar_generation,Solar,2026-07-03T17:44:22Z
2026-07-03T17:43:44Z,2026-07-03T19:43:44+0200,58f0f667-5017-4e2f-a8f0-60c0494acd3e,2026-06-18T11:00:00Z,2026-06-18T13:00:00+0200,19709.91016,MW,FR,FR,forecast_solar_generation,Solar,2026-07-03T17:44:22Z
2026-07-03T17:43:44Z,2026-07-03T19:43:44+0200,58f0f667-5017-4e2f-a8f0-60c0494acd3e,2026-06-18T11:15:00Z,2026-06-18T13:15:00+0200,19817.08984,MW,FR,FR,forecast_solar_generation,Solar,2026-07-03T17:44:22Z
2026-07-03T17:43:44Z,2026-07-03T19:43:44+0200,58f0f667-5017-4e2f-a8f0-60c0494acd3e,2026-06-18T11:30:00Z,2026-06-18T13:30:00+0200,19899.52148,MW,FR,FR,forecast_solar_generation,Solar,2026-07-03T17:44:22Z
2026-07-03T17:43:44Z,2026-07-03T19:43:44+0200,58f0f667-5017-4e2f-a8f0-60c0494acd3e,2026-06-18T11:45:00Z,2026-06-18T13:45:00+0200,19899.81445,MW,FR,FR,forecast_solar_generation,Solar,2026-07-03T17:44:22Z
2026-07-03T17:43:44Z,2026-07-03T19:43:44+0200,58f0f667-5017-4e2f-a8f0-60c0494acd3e,2026-06-18T12:00:00Z,2026-06-18T14:00:00+0200,19870.72266,MW,FR,FR,forecast_solar_generation,Solar,2026-07-03T17:44:22Z
2026-07-03T17:43:44Z,2026-07-03T19:43:44+0200,58f0f667-5017-4e2f-a8f0-60c0494acd3e,2026-06-18T12:15:00Z,2026-06-18T14:15:00+0200,19781.57617,MW,FR,FR,forecast_solar_generation,Solar,2026-07-03T17:44:22Z
2026-07-03T17:43:44Z,2026-07-03T19:43:44+0200,58f0f667-5017-4e2f-a8f0-60c0494acd3e,2026-06-18T12:30:00Z,2026-06-18T14:30:00+0200,19654.89453,MW,FR,FR,forecast_solar_generation,Solar,2026-07-03T17:44:22Z
2026-07-03T17:43:44Z,2026-07-03T19:43:44+0200,58f0f667-5017-4e2f-a8f0-60c0494acd3e,2026-06-18T12:45:00Z,2026-06-18T14:45:00+0200,19438.10938,MW,FR,FR,forecast_solar_generation,Solar,2026-07-03T17:44:22Z
2026-07-03T17:43:44Z,2026-07-03T19:43:44+0200,58f0f667-5017-4e2f-a8f0-60c0494acd3e,2026-06-18T13:00:00Z,2026-06-18T15:00:00+0200,19123.40039,MW,FR,FR,forecast_solar_generation,Solar,2026-07-03T17:44:22Z
2026-07-03T17:43:44Z,2026-07-03T19:43:44+0200,58f0f667-5017-4e2f-a8f0-60c0494acd3e,2026-06-18T13:15:00Z,2026-06-18T15:15:00+0200,18729.19336,MW,FR,FR,forecast_solar_generation,Solar,2026-07-03T17:44:22Z
2026-07-03T17:43:44Z,2026-07-03T19:43:44+0200,58f0f667-5017-4e2f-a8f0-60c0494acd3e,2026-06-18T13:30:00Z,2026-06-18T15:30:00+0200,18308.78125,MW,FR,FR,forecast_solar_generation,Solar,2026-07-03T17:44:22Z
2026-07-03T17:43:44Z,2026-07-03T19:43:44+0200,58f0f667-5017-4e2f-a8f0-60c0494acd3e,2026-06-18T13:45:00Z,2026-06-18T15:45:00+0200,17774.35742,MW,FR,FR,forecast_solar_generation,Solar,2026-07-03T17:44:22Z
2026-07-03T17:43:44Z,2026-07-03T19:43:44+0200,58f0f667-5017-4e2f-a8f0-60c0494acd3e,2026-06-18T14:00:00Z,2026-06-18T16:00:00+0200,17211.63867,MW,FR,FR,forecast_solar_generation,Solar,2026-07-03T17:44:22Z
2026-07-03T17:43:44Z,2026-07-03T19:43:44+0200,58f0f667-5017-4e2f-a8f0-60c0494acd3e,2026-06-18T14:15:00Z,2026-06-18T16:15:00+0200,16621.16211,MW,FR,FR,forecast_solar_generation,Solar,2026-07-03T17:44:22Z
2026-07-03T17:43:44Z,2026-07-03T19:43:44+0200,58f0f667-5017-4e2f-a8f0-60c0494acd3e,2026-06-18T14:30:00Z,2026-06-18T16:30:00+0200,15944.81152,MW,FR,FR,forecast_solar_generation,Solar,2026-07-03T17:44:22Z
2026-07-03T17:43:44Z,2026-07-03T19:43:44+0200,58f0f667-5017-4e2f-a8f0-60c0494acd3e,2026-06-18T14:45:00Z,2026-06-18T16:45:00+0200,15170.54004,MW,FR,FR,forecast_solar_generation,Solar,2026-07-03T17:44:22Z
2026-07-03T17:43:44Z,2026-07-03T19:43:44+0200,58f0f667-5017-4e2f-a8f0-60c0494acd3e,2026-06-18T15:00:00Z,2026-06-18T17:00:00+0200,14367.42773,MW,FR,FR,forecast_solar_generation,Solar,2026-07-03T17:44:22Z
2026-07-03T17:43:44Z,2026-07-03T19:43:44+0200,58f0f667-5017-4e2f-a8f0-60c0494acd3e,2026-06-18T15:15:00Z,2026-06-18T17:15:00+0200,13512.67871,MW,FR,FR,forecast_solar_generation,Solar,2026-07-03T17:44:22Z
2026-07-03T17:43:44Z,2026-07-03T19:43:44+0200,58f0f667-5017-4e2f-a8f0-60c0494acd3e,2026-06-18T15:30:00Z,2026-06-18T17:30:00+0200,12685.60449,MW,FR,FR,forecast_solar_generation,Solar,2026-07-03T17:44:22Z
2026-07-03T17:43:44Z,2026-07-03T19:43:44+0200,58f0f667-5017-4e2f-a8f0-60c0494acd3e,2026-06-18T15:45:00Z,2026-06-18T17:45:00+0200,11888.11035,MW,FR,FR,forecast_solar_generation,Solar,2026-07-03T17:44:22Z
2026-07-03T17:43:44Z,2026-07-03T19:43:44+0200,58f0f667-5017-4e2f-a8f0-60c0494acd3e,2026-06-18T16:00:00Z,2026-06-18T18:00:00+0200,10991.62207,MW,FR,FR,forecast_solar_generation,Solar,2026-07-03T17:44:22Z
2026-07-03T17:43:44Z,2026-07-03T19:43:44+0200,58f0f667-5017-4e2f-a8f0-60c0494acd3e,2026-06-18T16:15:00Z,2026-06-18T18:15:00+0200,10038.92285,MW,FR,FR,forecast_solar_generation,Solar,2026-07-03T17:44:22Z
2026-07-03T17:43:44Z,2026-07-03T19:43:44+0200,58f0f667-5017-4e2f-a8f0-60c0494acd3e,2026-06-18T16:30:00Z,2026-06-18T18:30:00+0200,9080.38379,MW,FR,FR,forecast_solar_generation,Solar,2026-07-03T17:44:22Z
2026-07-03T17:43:44Z,2026-07-03T19:43:44+0200,58f0f667-5017-4e2f-a8f0-60c0494acd3e,2026-06-18T16:45:00Z,2026-06-18T18:45:00+0200,8219.61426,MW,FR,FR,forecast_solar_generation,Solar,2026-07-03T17:44:22Z
2026-07-03T17:43:44Z,2026-07-03T19:43:44+0200,58f0f667-5017-4e2f-a8f0-60c0494acd3e,2026-06-18T17:00:00Z,2026-06-18T19:00:00+0200,7124.30078,MW,FR,FR,forecast_solar_generation,Solar,2026-07-03T17:44:22Z
2026-07-03T17:43:44Z,2026-07-03T19:43:44+0200,58f0f667-5017-4e2f-a8f0-60c0494acd3e,2026-06-18T17:15:00Z,2026-06-18T19:15:00+0200,6229.86621,MW,FR,FR,forecast_solar_generation,Solar,2026-07-03T17:44:22Z
2026-07-03T17:43:44Z,2026-07-03T19:43:44+0200,58f0f667-5017-4e2f-a8f0-60c0494acd3e,2026-06-18T17:30:00Z,2026-06-18T19:30:00+0200,5132.60254,MW,FR,FR,forecast_solar_generation,Solar,2026-07-03T17:44:22Z
2026-07-03T17:43:44Z,2026-07-03T19:43:44+0200,58f0f667-5017-4e2f-a8f0-60c0494acd3e,2026-06-18T17:45:00Z,2026-06-18T19:45:00+0200,4318.18799,MW,FR,FR,forecast_solar_generation,Solar,2026-07-03T17:44:22Z
2026-07-03T17:43:44Z,2026-07-03T19:43:44+0200,58f0f667-5017-4e2f-a8f0-60c0494acd3e,2026-06-18T18:00:00Z,2026-06-18T20:00:00+0200,3359.38354,MW,FR,FR,forecast_solar_generation,Solar,2026-07-03T17:44:22Z
2026-07-03T17:43:44Z,2026-07-03T19:43:44+0200,58f0f667-5017-4e2f-a8f0-60c0494acd3e,2026-06-18T18:15:00Z,2026-06-18T20:15:00+0200,2603.70703,MW,FR,FR,forecast_solar_generation,Solar,2026-07-03T17:44:22Z
2026-07-03T17:43:44Z,2026-07-03T19:43:44+0200,58f0f667-5017-4e2f-a8f0-60c0494acd3e,2026-06-18T18:30:00Z,2026-06-18T20:30:00+0200,1903.96594,MW,FR,FR,forecast_solar_generation,Solar,2026-07-03T17:44:22Z
2026-07-03T17:43:44Z,2026-07-03T19:43:44+0200,58f0f667-5017-4e2f-a8f0-60c0494acd3e,2026-06-18T18:45:00Z,2026-06-18T20:45:00+0200,1411.1073,MW,FR,FR,forecast_solar_generation,Solar,2026-07-03T17:44:22Z
2026-07-03T17:43:44Z,2026-07-03T19:43:44+0200,58f0f667-5017-4e2f-a8f0-60c0494acd3e,2026-06-18T19:00:00Z,2026-06-18T21:00:00+0200,958.75879,MW,FR,FR,forecast_solar_generation,Solar,2026-07-03T17:44:22Z
2026-07-03T17:43:44Z,2026-07-03T19:43:44+0200,58f0f667-5017-4e2f-a8f0-60c0494acd3e,2026-06-18T19:15:00Z,2026-06-18T21:15:00+0200,559.75165,MW,FR,FR,forecast_solar_generation,Solar,2026-07-03T17:44:22Z
2026-07-03T17:43:44Z,2026-07-03T19:43:44+0200,58f0f667-5017-4e2f-a8f0-60c0494acd3e,2026-06-18T19:30:00Z,2026-06-18T21:30:00+0200,252.21924,MW,FR,FR,forecast_solar_generation,Solar,2026-07-03T17:44:22Z
2026-07-03T17:43:44Z,2026-07-03T19:43:44+0200,58f0f667-5017-4e2f-a8f0-60c0494acd3e,2026-06-18T19:45:00Z,2026-06-18T21:45:00+0200,94.46753,MW,FR,FR,forecast_solar_generation,Solar,2026-07-03T17:44:22Z
2026-07-03T17:43:44Z,2026-07-03T19:43:44+0200,58f0f667-5017-4e2f-a8f0-60c0494acd3e,2026-06-18T20:00:00Z,2026-06-18T22:00:00+0200,15.95922,MW,FR,FR,forecast_solar_generation,Solar,2026-07-03T17:44:22Z
2026-07-03T17:43:44Z,2026-07-03T19:43:44+0200,58f0f667-5017-4e2f-a8f0-60c0494acd3e,2026-06-18T20:15:00Z,2026-06-18T22:15:00+0200,0.05592,MW,FR,FR,forecast_solar_generation,Solar,2026-07-03T17:44:22Z
2026-07-03T17:43:44Z,2026-07-03T19:43:44+0200,58f0f667-5017-4e2f-a8f0-60c0494acd3e,2026-06-18T20:30:00Z,2026-06-18T22:30:00+0200,0.0,MW,FR,FR,forecast_solar_generation,Solar,2026-07-03T17:44:22Z
2026-07-03T17:43:44Z,2026-07-03T19:43:44+0200,58f0f667-5017-4e2f-a8f0-60c0494acd3e,2026-06-18T20:45:00Z,2026-06-18T22:45:00+0200,0.0,MW,FR,FR,forecast_solar_generation,Solar,2026-07-03T17:44:22Z
2026-07-03T17:43:44Z,2026-07-03T19:43:44+0200,58f0f667-5017-4e2f-a8f0-60c0494acd3e,2026-06-18T21:00:00Z,2026-06-18T23:00:00+0200,0.0,MW,FR,FR,forecast_solar_generation,Solar,2026-07-03T17:44:22Z
2026-07-03T17:43:44Z,2026-07-03T19:43:44+0200,58f0f667-5017-4e2f-a8f0-60c0494acd3e,2026-06-18T21:15:00Z,2026-06-18T23:15:00+0200,0.0,MW,FR,FR,forecast_solar_generation,Solar,2026-07-03T17:44:22Z
2026-07-03T17:43:44Z,2026-07-03T19:43:44+0200,58f0f667-5017-4e2f-a8f0-60c0494acd3e,2026-06-18T21:30:00Z,2026-06-18T23:30:00+0200,0.0,MW,FR,FR,forecast_solar_generation,Solar,2026-07-03T17:44:22Z
2026-07-03T17:43:44Z,2026-07-03T19:43:44+0200,58f0f667-5017-4e2f-a8f0-60c0494acd3e,2026-06-18T21:45:00Z,2026-06-18T23:45:00+0200,0.0,MW,FR,FR,forecast_solar_generation,Solar,2026-07-03T17:44:22Z
2026-07-03T17:43:44Z,2026-07-03T19:43:44+0200,58f0f667-5017-4e2f-a8f0-60c0494acd3e,2026-06-18T22:00:00Z,2026-06-19T00:00:00+0200,0.0,MW,FR,FR,forecast_solar_generation,Solar,2026-07-03T17:44:22Z
2026-07-03T17:43:44Z,2026-07-03T19:43:44+0200,58f0f667-5017-4e2f-a8f0-60c0494acd3e,2026-06-18T22:15:00Z,2026-06-19T00:15:00+0200,0.0,MW,FR,FR,forecast_solar_generation,Solar,2026-07-03T17:44:22Z
2026-07-03T17:43:44Z,2026-07-03T19:43:44+0200,58f0f667-5017-4e2f-a8f0-60c0494acd3e,2026-06-18T22:30:00Z,2026-06-19T00:30:00+0200,0.0,MW,FR,FR,forecast_solar_generation,Solar,2026-07-03T17:44:22Z
2026-07-03T17:43:44Z,2026-07-03T19:43:44+0200,58f0f667-5017-4e2f-a8f0-60c0494acd3e,2026-06-18T22:45:00Z,2026-06-19T00:45:00+0200,0.0,MW,FR,FR,forecast_solar_generation,Solar,2026-07-03T17:44:22Z
2026-07-03T17:43:44Z,2026-07-03T19:43:44+0200,58f0f667-5017-4e2f-a8f0-60c0494acd3e,2026-06-18T23:00:00Z,2026-06-19T01:00:00+0200,0.0,MW,FR,FR,forecast_solar_generation,Solar,2026-07-03T17:44:22Z
2026-07-03T17:43:44Z,2026-07-03T19:43:44+0200,58f0f667-5017-4e2f-a8f0-60c0494acd3e,2026-06-18T23:15:00Z,2026-06-19T01:15:00+0200,0.0,MW,FR,FR,forecast_solar_generation,Solar,2026-07-03T17:44:22Z
2026-07-03T17:43:44Z,2026-07-03T19:43:44+0200,58f0f667-5017-4e2f-a8f0-60c0494acd3e,2026-06-18T23:30:00Z,2026-06-19T01:30:00+0200,0.0,MW,FR,FR,forecast_solar_generation,Solar,2026-07-03T17:44:22Z
2026-07-03T17:43:44Z,2026-07-03T19:43:44+0200,58f0f667-5017-4e2f-a8f0-60c0494acd3e,2026-06-18T23:45:00Z,2026-06-19T01:45:00+0200,0.0,MW,FR,FR,forecast_solar_generation,Solar,2026-07-03T17:44:22Z
2026-07-03T17:43:44Z,2026-07-03T19:43:44+0200,58f0f667-5017-4e2f-a8f0-60c0494acd3e,2026-06-19T00:00:00Z,2026-06-19T02:00:00+0200,0.0,MW,FR,FR,forecast_solar_generation,Solar,2026-07-03T17:44:22Z
2026-07-03T17:43:44Z,2026-07-03T19:43:44+0200,58f0f667-5017-4e2f-a8f0-60c0494acd3e,2026-06-19T00:15:00Z,2026-06-19T02:15:00+0200,0.0,MW,FR,FR,forecast_solar_generation,Solar,2026-07-03T17:44:22Z
2026-07-03T17:43:44Z,2026-07-03T19:43:44+0200,58f0f667-5017-4e2f-a8f0-60c0494acd3e,2026-06-19T00:30:00Z,2026-06-19T02:30:00+0200,0.0,MW,FR,FR,forecast_solar_generation,Solar,2026-07-03T17:44:22Z
2026-07-03T17:43:44Z,2026-07-03T19:43:44+0200,58f0f667-5017-4e2f-a8f0-60c0494acd3e,2026-06-19T00:45:00Z,2026-06-19T02:45:00+0200,0.0,MW,FR,FR,forecast_solar_generation,Solar,2026-07-03T17:44:22Z
2026-07-03T17:43:44Z,2026-07-03T19:43:44+0200,58f0f667-5017-4e2f-a8f0-60c0494acd3e,2026-06-19T01:00:00Z,2026-06-19T03:00:00+0200,0.0,MW,FR,FR,forecast_solar_generation,Solar,2026-07-03T17:44:22Z
2026-07-03T17:43:44Z,2026-07-03T19:43:44+0200,58f0f667-5017-4e2f-a8f0-60c0494acd3e,2026-06-19T01:15:00Z,2026-06-19T03:15:00+0200,0.0,MW,FR,FR,forecast_solar_generation,Solar,2026-07-03T17:44:22Z
2026-07-03T17:43:44Z,2026-07-03T19:43:44+0200,58f0f667-5017-4e2f-a8f0-60c0494acd3e,2026-06-19T01:30:00Z,2026-06-19T03:30:00+0200,0.0,MW,FR,FR,forecast_solar_generation,Solar,2026-07-03T17:44:22Z
2026-07-03T17:43:44Z,2026-07-03T19:43:44+0200,58f0f667-5017-4e2f-a8f0-60c0494acd3e,2026-06-19T01:45:00Z,2026-06-19T03:45:00+0200,0.0,MW,FR,FR,forecast_solar_generation,Solar,2026-07-03T17:44:22Z
2026-07-03T17:43:44Z,2026-07-03T19:43:44+0200,58f0f667-5017-4e2f-a8f0-60c0494acd3e,2026-06-19T02:00:00Z,2026-06-19T04:00:00+0200,0.0,MW,FR,FR,forecast_solar_generation,Solar,2026-07-03T17:44:22Z
2026-07-03T17:43:44Z,2026-07-03T19:43:44+0200,58f0f667-5017-4e2f-a8f0-60c0494acd3e,2026-06-19T02:15:00Z,2026-06-19T04:15:00+0200,0.0,MW,FR,FR,forecast_solar_generation,Solar,2026-07-03T17:44:22Z
2026-07-03T17:43:44Z,2026-07-03T19:43:44+0200,58f0f667-5017-4e2f-a8f0-60c0494acd3e,2026-06-19T02:30:00Z,2026-06-19T04:30:00+0200,0.0,MW,FR,FR,forecast_solar_generation,Solar,2026-07-03T17:44:22Z
2026-07-03T17:43:44Z,2026-07-03T19:43:44+0200,58f0f667-5017-4e2f-a8f0-60c0494acd3e,2026-06-19T02:45:00Z,2026-06-19T04:45:00+0200,0.0,MW,FR,FR,forecast_solar_generation,Solar,2026-07-03T17:44:22Z
2026-07-03T17:43:44Z,2026-07-03T19:43:44+0200,58f0f667-5017-4e2f-a8f0-60c0494acd3e,2026-06-19T03:00:00Z,2026-06-19T05:00:00+0200,0.0,MW,FR,FR,forecast_solar_generation,Solar,2026-07-03T17:44:22Z
2026-07-03T17:43:44Z,2026-07-03T19:43:44+0200,58f0f667-5017-4e2f-a8f0-60c0494acd3e,2026-06-19T03:15:00Z,2026-06-19T05:15:00+0200,0.0,MW,FR,FR,forecast_solar_generation,Solar,2026-07-03T17:44:22Z
2026-07-03T17:43:44Z,2026-07-03T19:43:44+0200,58f0f667-5017-4e2f-a8f0-60c0494acd3e,2026-06-19T03:30:00Z,2026-06-19T05:30:00+0200,0.0,MW,FR,FR,forecast_solar_generation,Solar,2026-07-03T17:44:22Z
2026-07-03T17:43:44Z,2026-07-03T19:43:44+0200,58f0f667-5017-4e2f-a8f0-60c0494acd3e,2026-06-19T03:45:00Z,2026-06-19T05:45:00+0200,0.0,MW,FR,FR,forecast_solar_generation,Solar,2026-07-03T17:44:22Z
2026-07-03T17:43:44Z,2026-07-03T19:43:44+0200,58f0f667-5017-4e2f-a8f0-60c0494acd3e,2026-06-19T04:00:00Z,2026-06-19T06:00:00+0200,0.0,MW,FR,FR,forecast_solar_generation,Solar,2026-07-03T17:44:22Z
2026-07-03T17:43:44Z,2026-07-03T19:43:44+0200,58f0f667-5017-4e2f-a8f0-60c0494acd3e,2026-06-19T04:15:00Z,2026-06-19T06:15:00+0200,185.89294,MW,FR,FR,forecast_solar_generation,Solar,2026-07-03T17:44:22Z
2026-07-03T17:43:44Z,2026-07-03T19:43:44+0200,58f0f667-5017-4e2f-a8f0-60c0494acd3e,2026-06-19T04:30:00Z,2026-06-19T06:30:00+0200,310.79037,MW,FR,FR,forecast_solar_generation,Solar,2026-07-03T17:44:22Z
2026-07-03T17:43:44Z,2026-07-03T19:43:44+0200,58f0f667-5017-4e2f-a8f0-60c0494acd3e,2026-06-19T04:45:00Z,2026-06-19T06:45:00+0200,670.17804,MW,FR,FR,forecast_solar_generation,Solar,2026-07-03T17:44:22Z
2026-07-03T17:43:44Z,2026-07-03T19:43:44+0200,58f0f667-5017-4e2f-a8f0-60c0494acd3e,2026-06-19T05:00:00Z,2026-06-19T07:00:00+0200,1110.15308,MW,FR,FR,forecast_solar_generation,Solar,2026-07-03T17:44:22Z
2026-07-03T17:43:44Z,2026-07-03T19:43:44+0200,58f0f667-5017-4e2f-a8f0-60c0494acd3e,2026-06-19T05:15:00Z,2026-06-19T07:15:00+0200,1626.0675,MW,FR,FR,forecast_solar_generation,Solar,2026-07-03T17:44:22Z
2026-07-03T17:43:44Z,2026-07-03T19:43:44+0200,58f0f667-5017-4e2f-a8f0-60c0494acd3e,2026-06-19T05:30:00Z,2026-06-19T07:30:00+0200,2236.46582,MW,FR,FR,forecast_solar_generation,Solar,2026-07-03T17:44:22Z
2026-07-03T17:43:44Z,2026-07-03T19:43:44+0200,58f0f667-5017-4e2f-a8f0-60c0494acd3e,2026-06-19T05:45:00Z,2026-06-19T07:45:00+0200,3076.70557,MW,FR,FR,forecast_solar_generation,Solar,2026-07-03T17:44:22Z
2026-07-03T17:43:44Z,2026-07-03T19:43:44+0200,58f0f667-5017-4e2f-a8f0-60c0494acd3e,2026-06-19T06:00:00Z,2026-06-19T08:00:00+0200,3989.85376,MW,FR,FR,forecast_solar_generation,Solar,2026-07-03T17:44:22Z
2026-07-03T17:43:44Z,2026-07-03T19:43:44+0200,58f0f667-5017-4e2f-a8f0-60c0494acd3e,2026-06-19T06:15:00Z,2026-06-19T08:15:00+0200,5033.83789,MW,FR,FR,forecast_solar_generation,Solar,2026-07-03T17:44:22Z
2026-07-03T17:43:44Z,2026-07-03T19:43:44+0200,58f0f667-5017-4e2f-a8f0-60c0494acd3e,2026-06-19T06:30:00Z,2026-06-19T08:30:00+0200,6150.16992,MW,FR,FR,forecast_solar_generation,Solar,2026-07-03T17:44:22Z
2026-07-03T17:43:44Z,2026-07-03T19:43:44+0200,58f0f667-5017-4e2f-a8f0-60c0494acd3e,2026-06-19T06:45:00Z,2026-06-19T08:45:00+0200,7252.58057,MW,FR,FR,forecast_solar_generation,Solar,2026-07-03T17:44:22Z
2026-07-03T17:43:44Z,2026-07-03T19:43:44+0200,58f0f667-5017-4e2f-a8f0-60c0494acd3e,2026-06-19T07:00:00Z,2026-06-19T09:00:00+0200,8418.75781,MW,FR,FR,forecast_solar_generation,Solar,2026-07-03T17:44:22Z
2026-07-03T17:43:44Z,2026-07-03T19:43:44+0200,58f0f667-5017-4e2f-a8f0-60c0494acd3e,2026-06-19T07:15:00Z,2026-06-19T09:15:00+0200,9479.99609,MW,FR,FR,forecast_solar_generation,Solar,2026-07-03T17:44:22Z
2026-07-03T17:43:44Z,2026-07-03T19:43:44+0200,58f0f667-5017-4e2f-a8f0-60c0494acd3e,2026-06-19T07:30:00Z,2026-06-19T09:30:00+0200,10597.09473,MW,FR,FR,forecast_solar_generation,Solar,2026-07-03T17:44:22Z
2026-07-03T17:43:44Z,2026-07-03T19:43:44+0200,58f0f667-5017-4e2f-a8f0-60c0494acd3e,2026-06-19T07:45:00Z,2026-06-19T09:45:00+0200,11638.35742,MW,FR,FR,forecast_solar_generation,Solar,2026-07-03T17:44:22Z
2026-07-03T17:43:44Z,2026-07-03T19:43:44+0200,58f0f667-5017-4e2f-a8f0-60c0494acd3e,2026-06-19T08:00:00Z,2026-06-19T10:00:00+0200,12683.29688,MW,FR,FR,forecast_solar_generation,Solar,2026-07-03T17:44:22Z
2026-07-03T17:43:44Z,2026-07-03T19:43:44+0200,58f0f667-5017-4e2f-a8f0-60c0494acd3e,2026-06-19T08:15:00Z,2026-06-19T10:15:00+0200,13683.00488,MW,FR,FR,forecast_solar_generation,Solar,2026-07-03T17:44:22Z
2026-07-03T17:43:44Z,2026-07-03T19:43:44+0200,58f0f667-5017-4e2f-a8f0-60c0494acd3e,2026-06-19T08:30:00Z,2026-06-19T10:30:00+0200,14645.57812,MW,FR,FR,forecast_solar_generation,Solar,2026-07-03T17:44:22Z
2026-07-03T17:43:44Z,2026-07-03T19:43:44+0200,58f0f667-5017-4e2f-a8f0-60c0494acd3e,2026-06-19T08:45:00Z,2026-06-19T10:45:00+0200,15417.50977,MW,FR,FR,forecast_solar_generation,Solar,2026-07-03T17:44:22Z
2026-07-03T17:43:44Z,2026-07-03T19:43:44+0200,58f0f667-5017-4e2f-a8f0-60c0494acd3e,2026-06-19T09:00:00Z,2026-06-19T11:00:00+0200,16105.91992,MW,FR,FR,forecast_solar_generation,Solar,2026-07-03T17:44:22Z
2026-07-03T17:43:44Z,2026-07-03T19:43:44+0200,58f0f667-5017-4e2f-a8f0-60c0494acd3e,2026-06-19T09:15:00Z,2026-06-19T11:15:00+0200,16721.83789,MW,FR,FR,forecast_solar_generation,Solar,2026-07-03T17:44:22Z
2026-07-03T17:43:44Z,2026-07-03T19:43:44+0200,58f0f667-5017-4e2f-a8f0-60c0494acd3e,2026-06-19T09:30:00Z,2026-06-19T11:30:00+0200,17394.85742,MW,FR,FR,forecast_solar_generation,Solar,2026-07-03T17:44:22Z
2026-07-03T17:43:44Z,2026-07-03T19:43:44+0200,58f0f667-5017-4e2f-a8f0-60c0494acd3e,2026-06-19T09:45:00Z,2026-06-19T11:45:00+0200,17879.83789,MW,FR,FR,forecast_solar_generation,Solar,2026-07-03T17:44:22Z
2026-07-03T17:43:44Z,2026-07-03T19:43:44+0200,58f0f667-5017-4e2f-a8f0-60c0494acd3e,2026-06-19T10:00:00Z,2026-06-19T12:00:00+0200,18348.89648,MW,FR,FR,forecast_solar_generation,Solar,2026-07-03T17:44:22Z
2026-07-03T17:43:44Z,2026-07-03T19:43:44+0200,58f0f667-5017-4e2f-a8f0-60c0494acd3e,2026-06-19T10:15:00Z,2026-06-19T12:15:00+0200,18691.24609,MW,FR,FR,forecast_solar_generation,Solar,2026-07-03T17:44:22Z
2026-07-03T17:43:44Z,2026-07-03T19:43:44+0200,58f0f667-5017-4e2f-a8f0-60c0494acd3e,2026-06-19T10:30:00Z,2026-06-19T12:30:00+0200,19014.18945,MW,FR,FR,forecast_solar_generation,Solar,2026-07-03T17:44:22Z
2026-07-03T17:43:44Z,2026-07-03T19:43:44+0200,58f0f667-5017-4e2f-a8f0-60c0494acd3e,2026-06-19T10:45:00Z,2026-06-19T12:45:00+0200,19243.43555,MW,FR,FR,forecast_solar_generation,Solar,2026-07-03T17:44:22Z
2026-07-03T17:43:44Z,2026-07-03T19:43:44+0200,58f0f667-5017-4e2f-a8f0-60c0494acd3e,2026-06-19T11:00:00Z,2026-06-19T13:00:00+0200,19459.06055,MW,FR,FR,forecast_solar_generation,Solar,2026-07-03T17:44:22Z
2026-07-03T17:43:44Z,2026-07-03T19:43:44+0200,58f0f667-5017-4e2f-a8f0-60c0494acd3e,2026-06-19T11:15:00Z,2026-06-19T13:15:00+0200,19530.61719,MW,FR,FR,forecast_solar_generation,Solar,2026-07-03T17:44:22Z
2026-07-03T17:43:44Z,2026-07-03T19:43:44+0200,58f0f667-5017-4e2f-a8f0-60c0494acd3e,2026-06-19T11:30:00Z,2026-06-19T13:30:00+0200,19591.5,MW,FR,FR,forecast_solar_generation,Solar,2026-07-03T17:44:22Z
2026-07-03T17:43:44Z,2026-07-03T19:43:44+0200,58f0f667-5017-4e2f-a8f0-60c0494acd3e,2026-06-19T11:45:00Z,2026-06-19T13:45:00+0200,19606.33984,MW,FR,FR,forecast_solar_generation,Solar,2026-07-03T17:44:22Z
2026-07-03T17:43:44Z,2026-07-03T19:43:44+0200,58f0f667-5017-4e2f-a8f0-60c0494acd3e,2026-06-19T12:00:00Z,2026-06-19T14:00:00+0200,19590.03125,MW,FR,FR,forecast_solar_generation,Solar,2026-07-03T17:44:22Z
2026-07-03T17:43:44Z,2026-07-03T19:43:44+0200,58f0f667-5017-4e2f-a8f0-60c0494acd3e,2026-06-19T12:15:00Z,2026-06-19T14:15:00+0200,19473.84766,MW,FR,FR,forecast_solar_generation,Solar,2026-07-03T17:44:22Z
2026-07-03T17:43:44Z,2026-07-03T19:43:44+0200,58f0f667-5017-4e2f-a8f0-60c0494acd3e,2026-06-19T12:30:00Z,2026-06-19T14:30:00+0200,19341.79102,MW,FR,FR,forecast_solar_generation,Solar,2026-07-03T17:44:22Z
2026-07-03T17:43:44Z,2026-07-03T19:43:44+0200,58f0f667-5017-4e2f-a8f0-60c0494acd3e,2026-06-19T12:45:00Z,2026-06-19T14:45:00+0200,19154.65234,MW,FR,FR,forecast_solar_generation,Solar,2026-07-03T17:44:22Z
2026-07-03T17:43:44Z,2026-07-03T19:43:44+0200,58f0f667-5017-4e2f-a8f0-60c0494acd3e,2026-06-19T13:00:00Z,2026-06-19T15:00:00+0200,18850.8457,MW,FR,FR,forecast_solar_generation,Solar,2026-07-03T17:44:22Z
2026-07-03T17:43:44Z,2026-07-03T19:43:44+0200,58f0f667-5017-4e2f-a8f0-60c0494acd3e,2026-06-19T13:15:00Z,2026-06-19T15:15:00+0200,18439.8457,MW,FR,FR,forecast_solar_generation,Solar,2026-07-03T17:44:22Z
2026-07-03T17:43:44Z,2026-07-03T19:43:44+0200,58f0f667-5017-4e2f-a8f0-60c0494acd3e,2026-06-19T13:30:00Z,2026-06-19T15:30:00+0200,18026.41406,MW,FR,FR,forecast_solar_generation,Solar,2026-07-03T17:44:22Z
2026-07-03T17:43:44Z,2026-07-03T19:43:44+0200,58f0f667-5017-4e2f-a8f0-60c0494acd3e,2026-06-19T13:45:00Z,2026-06-19T15:45:00+0200,17578.45703,MW,FR,FR,forecast_solar_generation,Solar,2026-07-03T17:44:22Z
2026-07-03T17:43:44Z,2026-07-03T19:43:44+0200,58f0f667-5017-4e2f-a8f0-60c0494acd3e,2026-06-19T14:00:00Z,2026-06-19T16:00:00+0200,17107.66406,MW,FR,FR,forecast_solar_generation,Solar,2026-07-03T17:44:22Z
2026-07-03T17:43:44Z,2026-07-03T19:43:44+0200,58f0f667-5017-4e2f-a8f0-60c0494acd3e,2026-06-19T14:15:00Z,2026-06-19T16:15:00+0200,16640.60156,MW,FR,FR,forecast_solar_generation,Solar,2026-07-03T17:44:22Z
2026-07-03T17:43:44Z,2026-07-03T19:43:44+0200,58f0f667-5017-4e2f-a8f0-60c0494acd3e,2026-06-19T14:30:00Z,2026-06-19T16:30:00+0200,16116.44238,MW,FR,FR,forecast_solar_generation,Solar,2026-07-03T17:44:22Z
2026-07-03T17:43:44Z,2026-07-03T19:43:44+0200,58f0f667-5017-4e2f-a8f0-60c0494acd3e,2026-06-19T14:45:00Z,2026-06-19T16:45:00+0200,15429.47754,MW,FR,FR,forecast_solar_generation,Solar,2026-07-03T17:44:22Z
2026-07-03T17:43:44Z,2026-07-03T19:43:44+0200,58f0f667-5017-4e2f-a8f0-60c0494acd3e,2026-06-19T15:00:00Z,2026-06-19T17:00:00+0200,14753.85156,MW,FR,FR,forecast_solar_generation,Solar,2026-07-03T17:44:22Z
2026-07-03T17:43:44Z,2026-07-03T19:43:44+0200,58f0f667-5017-4e2f-a8f0-60c0494acd3e,2026-06-19T15:15:00Z,2026-06-19T17:15:00+0200,13993.49609,MW,FR,FR,forecast_solar_generation,Solar,2026-07-03T17:44:22Z
2026-07-03T17:43:44Z,2026-07-03T19:43:44+0200,58f0f667-5017-4e2f-a8f0-60c0494acd3e,2026-06-19T15:30:00Z,2026-06-19T17:30:00+0200,13181.38672,MW,FR,FR,forecast_solar_generation,Solar,2026-07-03T17:44:22Z
2026-07-03T17:43:44Z,2026-07-03T19:43:44+0200,58f0f667-5017-4e2f-a8f0-60c0494acd3e,2026-06-19T15:45:00Z,2026-06-19T17:45:00+0200,12345.32227,MW,FR,FR,forecast_solar_generation,Solar,2026-07-03T17:44:22Z
2026-07-03T17:43:44Z,2026-07-03T19:43:44+0200,58f0f667-5017-4e2f-a8f0-60c0494acd3e,2026-06-19T16:00:00Z,2026-06-19T18:00:00+0200,11386.7959,MW,FR,FR,forecast_solar_generation,Solar,2026-07-03T17:44:22Z
2026-07-03T17:43:44Z,2026-07-03T19:43:44+0200,58f0f667-5017-4e2f-a8f0-60c0494acd3e,2026-06-19T16:15:00Z,2026-06-19T18:15:00+0200,10416.58984,MW,FR,FR,forecast_solar_generation,Solar,2026-07-03T17:44:22Z
2026-07-03T17:43:44Z,2026-07-03T19:43:44+0200,58f0f667-5017-4e2f-a8f0-60c0494acd3e,2026-06-19T16:30:00Z,2026-06-19T18:30:00+0200,9397.55664,MW,FR,FR,forecast_solar_generation,Solar,2026-07-03T17:44:22Z
2026-07-03T17:43:44Z,2026-07-03T19:43:44+0200,58f0f667-5017-4e2f-a8f0-60c0494acd3e,2026-06-19T16:45:00Z,2026-06-19T18:45:00+0200,8495.35156,MW,FR,FR,forecast_solar_generation,Solar,2026-07-03T17:44:22Z
2026-07-03T17:43:44Z,2026-07-03T19:43:44+0200,58f0f667-5017-4e2f-a8f0-60c0494acd3e,2026-06-19T17:00:00Z,2026-06-19T19:00:00+0200,7376.92578,MW,FR,FR,forecast_solar_generation,Solar,2026-07-03T17:44:22Z
2026-07-03T17:43:44Z,2026-07-03T19:43:44+0200,58f0f667-5017-4e2f-a8f0-60c0494acd3e,2026-06-19T17:15:00Z,2026-06-19T19:15:00+0200,6380.15234,MW,FR,FR,forecast_solar_generation,Solar,2026-07-03T17:44:22Z
2026-07-03T17:43:44Z,2026-07-03T19:43:44+0200,58f0f667-5017-4e2f-a8f0-60c0494acd3e,2026-06-19T17:30:00Z,2026-06-19T19:30:00+0200,5257.11621,MW,FR,FR,forecast_solar_generation,Solar,2026-07-03T17:44:22Z
2026-07-03T17:43:44Z,2026-07-03T19:43:44+0200,58f0f667-5017-4e2f-a8f0-60c0494acd3e,2026-06-19T17:45:00Z,2026-06-19T19:45:00+0200,4375.33691,MW,FR,FR,forecast_solar_generation,Solar,2026-07-03T17:44:22Z
2026-07-03T17:43:44Z,2026-07-03T19:43:44+0200,58f0f667-5017-4e2f-a8f0-60c0494acd3e,2026-06-19T18:00:00Z,2026-06-19T20:00:00+0200,3401.13843,MW,FR,FR,forecast_solar_generation,Solar,2026-07-03T17:44:22Z
2026-07-03T17:43:44Z,2026-07-03T19:43:44+0200,58f0f667-5017-4e2f-a8f0-60c0494acd3e,2026-06-19T18:15:00Z,2026-06-19T20:15:00+0200,2610.21655,MW,FR,FR,forecast_solar_generation,Solar,2026-07-03T17:44:22Z
2026-07-03T17:43:44Z,2026-07-03T19:43:44+0200,58f0f667-5017-4e2f-a8f0-60c0494acd3e,2026-06-19T18:30:00Z,2026-06-19T20:30:00+0200,1897.02844,MW,FR,FR,forecast_solar_generation,Solar,2026-07-03T17:44:22Z
2026-07-03T17:43:44Z,2026-07-03T19:43:44+0200,58f0f667-5017-4e2f-a8f0-60c0494acd3e,2026-06-19T18:45:00Z,2026-06-19T20:45:00+0200,1384.73438,MW,FR,FR,forecast_solar_generation,Solar,2026-07-03T17:44:22Z
2026-07-03T17:43:44Z,2026-07-03T19:43:44+0200,58f0f667-5017-4e2f-a8f0-60c0494acd3e,2026-06-19T19:00:00Z,2026-06-19T21:00:00+0200,932.27087,MW,FR,FR,forecast_solar_generation,Solar,2026-07-03T17:44:22Z
2026-07-03T17:43:44Z,2026-07-03T19:43:44+0200,58f0f667-5017-4e2f-a8f0-60c0494acd3e,2026-06-19T19:15:00Z,2026-06-19T21:15:00+0200,538.0697,MW,FR,FR,forecast_solar_generation,Solar,2026-07-03T17:44:22Z
2026-07-03T17:43:44Z,2026-07-03T19:43:44+0200,58f0f667-5017-4e2f-a8f0-60c0494acd3e,2026-06-19T19:30:00Z,2026-06-19T21:30:00+0200,233.48186,MW,FR,FR,forecast_solar_generation,Solar,2026-07-03T17:44:22Z
2026-07-03T17:43:44Z,2026-07-03T19:43:44+0200,58f0f667-5017-4e2f-a8f0-60c0494acd3e,2026-06-19T19:45:00Z,2026-06-19T21:45:00+0200,95.29816,MW,FR,FR,forecast_solar_generation,Solar,2026-07-03T17:44:22Z
2026-07-03T17:43:44Z,2026-07-03T19:43:44+0200,58f0f667-5017-4e2f-a8f0-60c0494acd3e,2026-06-19T20:00:00Z,2026-06-19T22:00:00+0200,15.95471,MW,FR,FR,forecast_solar_generation,Solar,2026-07-03T17:44:22Z
2026-07-03T17:43:44Z,2026-07-03T19:43:44+0200,58f0f667-5017-4e2f-a8f0-60c0494acd3e,2026-06-19T20:15:00Z,2026-06-19T22:15:00+0200,0.02713,MW,FR,FR,forecast_solar_generation,Solar,2026-07-03T17:44:22Z
2026-07-03T17:43:44Z,2026-07-03T19:43:44+0200,58f0f667-5017-4e2f-a8f0-60c0494acd3e,2026-06-19T20:30:00Z,2026-06-19T22:30:00+0200,0.0,MW,FR,FR,forecast_solar_generation,Solar,2026-07-03T17:44:22Z
2026-07-03T17:43:44Z,2026-07-03T19:43:44+0200,58f0f667-5017-4e2f-a8f0-60c0494acd3e,2026-06-19T20:45:00Z,2026-06-19T22:45:00+0200,0.0,MW,FR,FR,forecast_solar_generation,Solar,2026-07-03T17:44:22Z
2026-07-03T17:43:44Z,2026-07-03T19:43:44+0200,58f0f667-5017-4e2f-a8f0-60c0494acd3e,2026-06-19T21:00:00Z,2026-06-19T23:00:00+0200,0.0,MW,FR,FR,forecast_solar_generation,Solar,2026-07-03T17:44:22Z
2026-07-03T17:43:44Z,2026-07-03T19:43:44+0200,58f0f667-5017-4e2f-a8f0-60c0494acd3e,2026-06-19T21:15:00Z,2026-06-19T23:15:00+0200,0.0,MW,FR,FR,forecast_solar_generation,Solar,2026-07-03T17:44:22Z
2026-07-03T17:43:44Z,2026-07-03T19:43:44+0200,58f0f667-5017-4e2f-a8f0-60c0494acd3e,2026-06-19T21:30:00Z,2026-06-19T23:30:00+0200,0.0,MW,FR,FR,forecast_solar_generation,Solar,2026-07-03T17:44:22Z
2026-07-03T17:43:44Z,2026-07-03T19:43:44+0200,58f0f667-5017-4e2f-a8f0-60c0494acd3e,2026-06-19T21:45:00Z,2026-06-19T23:45:00+0200,0.0,MW,FR,FR,forecast_solar_generation,Solar,2026-07-03T17:44:22Z
2026-07-03T17:43:44Z,2026-07-03T19:43:44+0200,58f0f667-5017-4e2f-a8f0-60c0494acd3e,2026-06-19T22:00:00Z,2026-06-20T00:00:00+0200,0.0,MW,FR,FR,forecast_solar_generation,Solar,2026-07-03T17:44:22Z
2026-07-03T17:43:44Z,2026-07-03T19:43:44+0200,58f0f667-5017-4e2f-a8f0-60c0494acd3e,2026-06-19T22:15:00Z,2026-06-20T00:15:00+0200,0.0,MW,FR,FR,forecast_solar_generation,Solar,2026-07-03T17:44:22Z
2026-07-03T17:43:44Z,2026-07-03T19:43:44+0200,58f0f667-5017-4e2f-a8f0-60c0494acd3e,2026-06-19T22:30:00Z,2026-06-20T00:30:00+0200,0.0,MW,FR,FR,forecast_solar_generation,Solar,2026-07-03T17:44:22Z
2026-07-03T17:43:44Z,2026-07-03T19:43:44+0200,58f0f667-5017-4e2f-a8f0-60c0494acd3e,2026-06-19T22:45:00Z,2026-06-20T00:45:00+0200,0.0,MW,FR,FR,forecast_solar_generation,Solar,2026-07-03T17:44:22Z
2026-07-03T17:43:44Z,2026-07-03T19:43:44+0200,58f0f667-5017-4e2f-a8f0-60c0494acd3e,2026-06-19T23:00:00Z,2026-06-20T01:00:00+0200,0.0,MW,FR,FR,forecast_solar_generation,Solar,2026-07-03T17:44:22Z
2026-07-03T17:43:44Z,2026-07-03T19:43:44+0200,58f0f667-5017-4e2f-a8f0-60c0494acd3e,2026-06-19T23:15:00Z,2026-06-20T01:15:00+0200,0.0,MW,FR,FR,forecast_solar_generation,Solar,2026-07-03T17:44:22Z
2026-07-03T17:43:44Z,2026-07-03T19:43:44+0200,58f0f667-5017-4e2f-a8f0-60c0494acd3e,2026-06-19T23:30:00Z,2026-06-20T01:30:00+0200,0.0,MW,FR,FR,forecast_solar_generation,Solar,2026-07-03T17:44:22Z
2026-07-03T17:43:44Z,2026-07-03T19:43:44+0200,58f0f667-5017-4e2f-a8f0-60c0494acd3e,2026-06-19T23:45:00Z,2026-06-20T01:45:00+0200,0.0,MW,FR,FR,forecast_solar_generation,Solar,2026-07-03T17:44:22Z
2026-07-03T17:43:44Z,2026-07-03T19:43:44+0200,58f0f667-5017-4e2f-a8f0-60c0494acd3e,2026-06-20T00:00:00Z,2026-06-20T02:00:00+0200,0.0,MW,FR,FR,forecast_solar_generation,Solar,2026-07-03T17:44:22Z
2026-07-03T17:43:44Z,2026-07-03T19:43:44+0200,58f0f667-5017-4e2f-a8f0-60c0494acd3e,2026-06-20T00:15:00Z,2026-06-20T02:15:00+0200,0.0,MW,FR,FR,forecast_solar_generation,Solar,2026-07-03T17:44:22Z
2026-07-03T17:43:44Z,2026-07-03T19:43:44+0200,58f0f667-5017-4e2f-a8f0-60c0494acd3e,2026-06-20T00:30:00Z,2026-06-20T02:30:00+0200,0.0,MW,FR,FR,forecast_solar_generation,Solar,2026-07-03T17:44:22Z
2026-07-03T17:43:44Z,2026-07-03T19:43:44+0200,58f0f667-5017-4e2f-a8f0-60c0494acd3e,2026-06-20T00:45:00Z,2026-06-20T02:45:00+0200,0.0,MW,FR,FR,forecast_solar_generation,Solar,2026-07-03T17:44:22Z
2026-07-03T17:43:44Z,2026-07-03T19:43:44+0200,58f0f667-5017-4e2f-a8f0-60c0494acd3e,2026-06-20T01:00:00Z,2026-06-20T03:00:00+0200,0.0,MW,FR,FR,forecast_solar_generation,Solar,2026-07-03T17:44:22Z
2026-07-03T17:43:44Z,2026-07-03T19:43:44+0200,58f0f667-5017-4e2f-a8f0-60c0494acd3e,2026-06-20T01:15:00Z,2026-06-20T03:15:00+0200,0.0,MW,FR,FR,forecast_solar_generation,Solar,2026-07-03T17:44:22Z
2026-07-03T17:43:44Z,2026-07-03T19:43:44+0200,58f0f667-5017-4e2f-a8f0-60c0494acd3e,2026-06-20T01:30:00Z,2026-06-20T03:30:00+0200,0.0,MW,FR,FR,forecast_solar_generation,Solar,2026-07-03T17:44:22Z
2026-07-03T17:43:44Z,2026-07-03T19:43:44+0200,58f0f667-5017-4e2f-a8f0-60c0494acd3e,2026-06-20T01:45:00Z,2026-06-20T03:45:00+0200,0.0,MW,FR,FR,forecast_solar_generation,Solar,2026-07-03T17:44:22Z
2026-07-03T17:43:44Z,2026-07-03T19:43:44+0200,58f0f667-5017-4e2f-a8f0-60c0494acd3e,2026-06-20T02:00:00Z,2026-06-20T04:00:00+0200,0.0,MW,FR,FR,forecast_solar_generation,Solar,2026-07-03T17:44:22Z
2026-07-03T17:43:44Z,2026-07-03T19:43:44+0200,58f0f667-5017-4e2f-a8f0-60c0494acd3e,2026-06-20T02:15:00Z,2026-06-20T04:15:00+0200,0.0,MW,FR,FR,forecast_solar_generation,Solar,2026-07-03T17:44:22Z
2026-07-03T17:43:44Z,2026-07-03T19:43:44+0200,58f0f667-5017-4e2f-a8f0-60c0494acd3e,2026-06-20T02:30:00Z,2026-06-20T04:30:00+0200,0.0,MW,FR,FR,forecast_solar_generation,Solar,2026-07-03T17:44:22Z
2026-07-03T17:43:44Z,2026-07-03T19:43:44+0200,58f0f667-5017-4e2f-a8f0-60c0494acd3e,2026-06-20T02:45:00Z,2026-06-20T04:45:00+0200,0.0,MW,FR,FR,forecast_solar_generation,Solar,2026-07-03T17:44:22Z
2026-07-03T17:43:44Z,2026-07-03T19:43:44+0200,58f0f667-5017-4e2f-a8f0-60c0494acd3e,2026-06-20T03:00:00Z,2026-06-20T05:00:00+0200,0.0,MW,FR,FR,forecast_solar_generation,Solar,2026-07-03T17:44:22Z
2026-07-03T17:43:44Z,2026-07-03T19:43:44+0200,58f0f667-5017-4e2f-a8f0-60c0494acd3e,2026-06-20T03:15:00Z,2026-06-20T05:15:00+0200,0.0,MW,FR,FR,forecast_solar_generation,Solar,2026-07-03T17:44:22Z
2026-07-03T17:43:44Z,2026-07-03T19:43:44+0200,58f0f667-5017-4e2f-a8f0-60c0494acd3e,2026-06-20T03:30:00Z,2026-06-20T05:30:00+0200,0.0,MW,FR,FR,forecast_solar_generation,Solar,2026-07-03T17:44:22Z
2026-07-03T17:43:44Z,2026-07-03T19:43:44+0200,58f0f667-5017-4e2f-a8f0-60c0494acd3e,2026-06-20T03:45:00Z,2026-06-20T05:45:00+0200,0.0,MW,FR,FR,forecast_solar_generation,Solar,2026-07-03T17:44:22Z
2026-07-03T17:43:44Z,2026-07-03T19:43:44+0200,58f0f667-5017-4e2f-a8f0-60c0494acd3e,2026-06-20T04:00:00Z,2026-06-20T06:00:00+0200,0.0,MW,FR,FR,forecast_solar_generation,Solar,2026-07-03T17:44:22Z
2026-07-03T17:43:44Z,2026-07-03T19:43:44+0200,58f0f667-5017-4e2f-a8f0-60c0494acd3e,2026-06-20T04:15:00Z,2026-06-20T06:15:00+0200,177.47026,MW,FR,FR,forecast_solar_generation,Solar,2026-07-03T17:44:22Z
2026-07-03T17:43:44Z,2026-07-03T19:43:44+0200,58f0f667-5017-4e2f-a8f0-60c0494acd3e,2026-06-20T04:30:00Z,2026-06-20T06:30:00+0200,299.54095,MW,FR,FR,forecast_solar_generation,Solar,2026-07-03T17:44:22Z
2026-07-03T17:43:44Z,2026-07-03T19:43:44+0200,58f0f667-5017-4e2f-a8f0-60c0494acd3e,2026-06-20T04:45:00Z,2026-06-20T06:45:00+0200,657.81567,MW,FR,FR,forecast_solar_generation,Solar,2026-07-03T17:44:22Z
2026-07-03T17:43:44Z,2026-07-03T19:43:44+0200,58f0f667-5017-4e2f-a8f0-60c0494acd3e,2026-06-20T05:00:00Z,2026-06-20T07:00:00+0200,1084.18286,MW,FR,FR,forecast_solar_generation,Solar,2026-07-03T17:44:22Z
2026-07-03T17:43:44Z,2026-07-03T19:43:44+0200,58f0f667-5017-4e2f-a8f0-60c0494acd3e,2026-06-20T05:15:00Z,2026-06-20T07:15:00+0200,1607.49988,MW,FR,FR,forecast_solar_generation,Solar,2026-07-03T17:44:22Z
2026-07-03T17:43:44Z,2026-07-03T19:43:44+0200,58f0f667-5017-4e2f-a8f0-60c0494acd3e,2026-06-20T05:30:00Z,2026-06-20T07:30:00+0200,2192.62866,MW,FR,FR,forecast_solar_generation,Solar,2026-07-03T17:44:22Z
2026-07-03T17:43:44Z,2026-07-03T19:43:44+0200,58f0f667-5017-4e2f-a8f0-60c0494acd3e,2026-06-20T05:45:00Z,2026-06-20T07:45:00+0200,3018.90405,MW,FR,FR,forecast_solar_generation,Solar,2026-07-03T17:44:22Z
2026-07-03T17:43:44Z,2026-07-03T19:43:44+0200,58f0f667-5017-4e2f-a8f0-60c0494acd3e,2026-06-20T06:00:00Z,2026-06-20T08:00:00+0200,3912.71899,MW,FR,FR,forecast_solar_generation,Solar,2026-07-03T17:44:22Z
2026-07-03T17:43:44Z,2026-07-03T19:43:44+0200,58f0f667-5017-4e2f-a8f0-60c0494acd3e,2026-06-20T06:15:00Z,2026-06-20T08:15:00+0200,4905.24951,MW,FR,FR,forecast_solar_generation,Solar,2026-07-03T17:44:22Z
2026-07-03T17:43:44Z,2026-07-03T19:43:44+0200,58f0f667-5017-4e2f-a8f0-60c0494acd3e,2026-06-20T06:30:00Z,2026-06-20T08:30:00+0200,5989.72461,MW,FR,FR,forecast_solar_generation,Solar,2026-07-03T17:44:22Z
2026-07-03T17:43:44Z,2026-07-03T19:43:44+0200,58f0f667-5017-4e2f-a8f0-60c0494acd3e,2026-06-20T06:45:00Z,2026-06-20T08:45:00+0200,7066.31787,MW,FR,FR,forecast_solar_generation,Solar,2026-07-03T17:44:22Z
2026-07-03T17:43:44Z,2026-07-03T19:43:44+0200,58f0f667-5017-4e2f-a8f0-60c0494acd3e,2026-06-20T07:00:00Z,2026-06-20T09:00:00+0200,8174.20752,MW,FR,FR,forecast_solar_generation,Solar,2026-07-03T17:44:22Z
2026-07-03T17:43:44Z,2026-07-03T19:43:44+0200,58f0f667-5017-4e2f-a8f0-60c0494acd3e,2026-06-20T07:15:00Z,2026-06-20T09:15:00+0200,9216.35449,MW,FR,FR,forecast_solar_generation,Solar,2026-07-03T17:44:22Z
2026-07-03T17:43:44Z,2026-07-03T19:43:44+0200,58f0f667-5017-4e2f-a8f0-60c0494acd3e,2026-06-20T07:30:00Z,2026-06-20T09:30:00+0200,10305.84473,MW,FR,FR,forecast_solar_generation,Solar,2026-07-03T17:44:22Z
2026-07-03T17:43:44Z,2026-07-03T19:43:44+0200,58f0f667-5017-4e2f-a8f0-60c0494acd3e,2026-06-20T07:45:00Z,2026-06-20T09:45:00+0200,11333.00195,MW,FR,FR,forecast_solar_generation,Solar,2026-07-03T17:44:22Z
2026-07-03T17:43:44Z,2026-07-03T19:43:44+0200,58f0f667-5017-4e2f-a8f0-60c0494acd3e,2026-06-20T08:00:00Z,2026-06-20T10:00:00+0200,12366.61719,MW,FR,FR,forecast_solar_generation,Solar,2026-07-03T17:44:22Z
2026-07-03T17:43:44Z,2026-07-03T19:43:44+0200,58f0f667-5017-4e2f-a8f0-60c0494acd3e,2026-06-20T08:15:00Z,2026-06-20T10:15:00+0200,13362.24219,MW,FR,FR,forecast_solar_generation,Solar,2026-07-03T17:44:22Z
2026-07-03T17:43:44Z,2026-07-03T19:43:44+0200,58f0f667-5017-4e2f-a8f0-60c0494acd3e,2026-06-20T08:30:00Z,2026-06-20T10:30:00+0200,14273.06445,MW,FR,FR,forecast_solar_generation,Solar,2026-07-03T17:44:22Z
2026-07-03T17:43:44Z,2026-07-03T19:43:44+0200,58f0f667-5017-4e2f-a8f0-60c0494acd3e,2026-06-20T08:45:00Z,2026-06-20T10:45:00+0200,15061.19824,MW,FR,FR,forecast_solar_generation,Solar,2026-07-03T17:44:22Z
2026-07-03T17:43:44Z,2026-07-03T19:43:44+0200,58f0f667-5017-4e2f-a8f0-60c0494acd3e,2026-06-20T09:00:00Z,2026-06-20T11:00:00+0200,15787.75391,MW,FR,FR,forecast_solar_generation,Solar,2026-07-03T17:44:22Z
2026-07-03T17:43:44Z,2026-07-03T19:43:44+0200,58f0f667-5017-4e2f-a8f0-60c0494acd3e,2026-06-20T09:15:00Z,2026-06-20T11:15:00+0200,16446.23047,MW,FR,FR,forecast_solar_generation,Solar,2026-07-03T17:44:22Z
2026-07-03T17:43:44Z,2026-07-03T19:43:44+0200,58f0f667-5017-4e2f-a8f0-60c0494acd3e,2026-06-20T09:30:00Z,2026-06-20T11:30:00+0200,17109.97656,MW,FR,FR,forecast_solar_generation,Solar,2026-07-03T17:44:22Z
2026-07-03T17:43:44Z,2026-07-03T19:43:44+0200,58f0f667-5017-4e2f-a8f0-60c0494acd3e,2026-06-20T09:45:00Z,2026-06-20T11:45:00+0200,13337.13477,MW,FR,FR,forecast_solar_generation,Solar,2026-07-03T17:44:22Z
2026-07-03T17:43:44Z,2026-07-03T19:43:44+0200,58f0f667-5017-4e2f-a8f0-60c0494acd3e,2026-06-20T10:00:00Z,2026-06-20T12:00:00+0200,13711.69824,MW,FR,FR,forecast_solar_generation,Solar,2026-07-03T17:44:22Z
2026-07-03T17:43:44Z,2026-07-03T19:43:44+0200,58f0f667-5017-4e2f-a8f0-60c0494acd3e,2026-06-20T10:15:00Z,2026-06-20T12:15:00+0200,14032.70996,MW,FR,FR,forecast_solar_generation,Solar,2026-07-03T17:44:22Z
2026-07-03T17:43:44Z,2026-07-03T19:43:44+0200,58f0f667-5017-4e2f-a8f0-60c0494acd3e,2026-06-20T10:30:00Z,2026-06-20T12:30:00+0200,14336.05566,MW,FR,FR,forecast_solar_generation,Solar,2026-07-03T17:44:22Z
2026-07-03T17:43:44Z,2026-07-03T19:43:44+0200,58f0f667-5017-4e2f-a8f0-60c0494acd3e,2026-06-20T10:45:00Z,2026-06-20T12:45:00+0200,14546.8916,MW,FR,FR,forecast_solar_generation,Solar,2026-07-03T17:44:22Z
2026-07-03T17:43:44Z,2026-07-03T19:43:44+0200,58f0f667-5017-4e2f-a8f0-60c0494acd3e,2026-06-20T11:00:00Z,2026-06-20T13:00:00+0200,14746.25195,MW,FR,FR,forecast_solar_generation,Solar,2026-07-03T17:44:22Z
2026-07-03T17:43:44Z,2026-07-03T19:43:44+0200,58f0f667-5017-4e2f-a8f0-60c0494acd3e,2026-06-20T11:15:00Z,2026-06-20T13:15:00+0200,14866.21191,MW,FR,FR,forecast_solar_generation,Solar,2026-07-03T17:44:22Z
2026-07-03T17:43:44Z,2026-07-03T19:43:44+0200,58f0f667-5017-4e2f-a8f0-60c0494acd3e,2026-06-20T11:30:00Z,2026-06-20T13:30:00+0200,14932.42383,MW,FR,FR,forecast_solar_generation,Solar,2026-07-03T17:44:22Z
2026-07-03T17:43:44Z,2026-07-03T19:43:44+0200,58f0f667-5017-4e2f-a8f0-60c0494acd3e,2026-06-20T11:45:00Z,2026-06-20T13:45:00+0200,14944.75391,MW,FR,FR,forecast_solar_generation,Solar,2026-07-03T17:44:22Z
2026-07-03T17:43:44Z,2026-07-03T19:43:44+0200,58f0f667-5017-4e2f-a8f0-60c0494acd3e,2026-06-20T12:00:00Z,2026-06-20T14:00:00+0200,14932.79102,MW,FR,FR,forecast_solar_generation,Solar,2026-07-03T17:44:22Z
2026-07-03T17:43:44Z,2026-07-03T19:43:44+0200,58f0f667-5017-4e2f-a8f0-60c0494acd3e,2026-06-20T12:15:00Z,2026-06-20T14:15:00+0200,14856.0332,MW,FR,FR,forecast_solar_generation,Solar,2026-07-03T17:44:22Z
2026-07-03T17:43:44Z,2026-07-03T19:43:44+0200,58f0f667-5017-4e2f-a8f0-60c0494acd3e,2026-06-20T12:30:00Z,2026-06-20T14:30:00+0200,14764.27832,MW,FR,FR,forecast_solar_generation,Solar,2026-07-03T17:44:22Z
2026-07-03T17:43:44Z,2026-07-03T19:43:44+0200,58f0f667-5017-4e2f-a8f0-60c0494acd3e,2026-06-20T12:45:00Z,2026-06-20T14:45:00+0200,14594.53516,MW,FR,FR,forecast_solar_generation,Solar,2026-07-03T17:44:22Z
2026-07-03T17:43:44Z,2026-07-03T19:43:44+0200,58f0f667-5017-4e2f-a8f0-60c0494acd3e,2026-06-20T13:00:00Z,2026-06-20T15:00:00+0200,14351.98242,MW,FR,FR,forecast_solar_generation,Solar,2026-07-03T17:44:22Z
2026-07-03T17:43:44Z,2026-07-03T19:43:44+0200,58f0f667-5017-4e2f-a8f0-60c0494acd3e,2026-06-20T13:15:00Z,2026-06-20T15:15:00+0200,18410.33398,MW,FR,FR,forecast_solar_generation,Solar,2026-07-03T17:44:22Z
2026-07-03T17:43:44Z,2026-07-03T19:43:44+0200,58f0f667-5017-4e2f-a8f0-60c0494acd3e,2026-06-20T13:30:00Z,2026-06-20T15:30:00+0200,17944.55273,MW,FR,FR,forecast_solar_generation,Solar,2026-07-03T17:44:22Z
2026-07-03T17:43:44Z,2026-07-03T19:43:44+0200,58f0f667-5017-4e2f-a8f0-60c0494acd3e,2026-06-20T13:45:00Z,2026-06-20T15:45:00+0200,17383.55469,MW,FR,FR,forecast_solar_generation,Solar,2026-07-03T17:44:22Z
2026-07-03T17:43:44Z,2026-07-03T19:43:44+0200,58f0f667-5017-4e2f-a8f0-60c0494acd3e,2026-06-20T14:00:00Z,2026-06-20T16:00:00+0200,16770.5918,MW,FR,FR,forecast_solar_generation,Solar,2026-07-03T17:44:22Z
2026-07-03T17:43:44Z,2026-07-03T19:43:44+0200,58f0f667-5017-4e2f-a8f0-60c0494acd3e,2026-06-20T14:15:00Z,2026-06-20T16:15:00+0200,16182.29102,MW,FR,FR,forecast_solar_generation,Solar,2026-07-03T17:44:22Z
2026-07-03T17:43:44Z,2026-07-03T19:43:44+0200,58f0f667-5017-4e2f-a8f0-60c0494acd3e,2026-06-20T14:30:00Z,2026-06-20T16:30:00+0200,15516.70215,MW,FR,FR,forecast_solar_generation,Solar,2026-07-03T17:44:22Z
2026-07-03T17:43:44Z,2026-07-03T19:43:44+0200,58f0f667-5017-4e2f-a8f0-60c0494acd3e,2026-06-20T14:45:00Z,2026-06-20T16:45:00+0200,14791.86426,MW,FR,FR,forecast_solar_generation,Solar,2026-07-03T17:44:22Z
2026-07-03T17:43:44Z,2026-07-03T19:43:44+0200,58f0f667-5017-4e2f-a8f0-60c0494acd3e,2026-06-20T15:00:00Z,2026-06-20T17:00:00+0200,14001.79395,MW,FR,FR,forecast_solar_generation,Solar,2026-07-03T17:44:22Z
2026-07-03T17:43:44Z,2026-07-03T19:43:44+0200,58f0f667-5017-4e2f-a8f0-60c0494acd3e,2026-06-20T15:15:00Z,2026-06-20T17:15:00+0200,13182.68848,MW,FR,FR,forecast_solar_generation,Solar,2026-07-03T17:44:22Z
2026-07-03T17:43:44Z,2026-07-03T19:43:44+0200,58f0f667-5017-4e2f-a8f0-60c0494acd3e,2026-06-20T15:30:00Z,2026-06-20T17:30:00+0200,12351.91016,MW,FR,FR,forecast_solar_generation,Solar,2026-07-03T17:44:22Z
2026-07-03T17:43:44Z,2026-07-03T19:43:44+0200,58f0f667-5017-4e2f-a8f0-60c0494acd3e,2026-06-20T15:45:00Z,2026-06-20T17:45:00+0200,11550.81836,MW,FR,FR,forecast_solar_generation,Solar,2026-07-03T17:44:22Z
2026-07-03T17:43:44Z,2026-07-03T19:43:44+0200,58f0f667-5017-4e2f-a8f0-60c0494acd3e,2026-06-20T16:00:00Z,2026-06-20T18:00:00+0200,10653.74805,MW,FR,FR,forecast_solar_generation,Solar,2026-07-03T17:44:22Z
2026-07-03T17:43:44Z,2026-07-03T19:43:44+0200,58f0f667-5017-4e2f-a8f0-60c0494acd3e,2026-06-20T16:15:00Z,2026-06-20T18:15:00+0200,9708.10742,MW,FR,FR,forecast_solar_generation,Solar,2026-07-03T17:44:22Z
2026-07-03T17:43:44Z,2026-07-03T19:43:44+0200,58f0f667-5017-4e2f-a8f0-60c0494acd3e,2026-06-20T16:30:00Z,2026-06-20T18:30:00+0200,8763.44727,MW,FR,FR,forecast_solar_generation,Solar,2026-07-03T17:44:22Z
2026-07-03T17:43:44Z,2026-07-03T19:43:44+0200,58f0f667-5017-4e2f-a8f0-60c0494acd3e,2026-06-20T16:45:00Z,2026-06-20T18:45:00+0200,7900.64453,MW,FR,FR,forecast_solar_generation,Solar,2026-07-03T17:44:22Z
2026-07-03T17:43:44Z,2026-07-03T19:43:44+0200,58f0f667-5017-4e2f-a8f0-60c0494acd3e,2026-06-20T17:00:00Z,2026-06-20T19:00:00+0200,6870.80127,MW,FR,FR,forecast_solar_generation,Solar,2026-07-03T17:44:22Z
2026-07-03T17:43:44Z,2026-07-03T19:43:44+0200,58f0f667-5017-4e2f-a8f0-60c0494acd3e,2026-06-20T17:15:00Z,2026-06-20T19:15:00+0200,5965.78125,MW,FR,FR,forecast_solar_generation,Solar,2026-07-03T17:44:22Z
2026-07-03T17:43:44Z,2026-07-03T19:43:44+0200,58f0f667-5017-4e2f-a8f0-60c0494acd3e,2026-06-20T17:30:00Z,2026-06-20T19:30:00+0200,4912.03809,MW,FR,FR,forecast_solar_generation,Solar,2026-07-03T17:44:22Z
2026-07-03T17:43:44Z,2026-07-03T19:43:44+0200,58f0f667-5017-4e2f-a8f0-60c0494acd3e,2026-06-20T17:45:00Z,2026-06-20T19:45:00+0200,4124.87793,MW,FR,FR,forecast_solar_generation,Solar,2026-07-03T17:44:22Z
2026-07-03T17:43:44Z,2026-07-03T19:43:44+0200,58f0f667-5017-4e2f-a8f0-60c0494acd3e,2026-06-20T18:00:00Z,2026-06-20T20:00:00+0200,3195.47388,MW,FR,FR,forecast_solar_generation,Solar,2026-07-03T17:44:22Z
2026-07-03T17:43:44Z,2026-07-03T19:43:44+0200,58f0f667-5017-4e2f-a8f0-60c0494acd3e,2026-06-20T18:15:00Z,2026-06-20T20:15:00+0200,2484.49463,MW,FR,FR,forecast_solar_generation,Solar,2026-07-03T17:44:22Z
2026-07-03T17:43:44Z,2026-07-03T19:43:44+0200,58f0f667-5017-4e2f-a8f0-60c0494acd3e,2026-06-20T18:30:00Z,2026-06-20T20:30:00+0200,1802.06494,MW,FR,FR,forecast_solar_generation,Solar,2026-07-03T17:44:22Z
2026-07-03T17:43:44Z,2026-07-03T19:43:44+0200,58f0f667-5017-4e2f-a8f0-60c0494acd3e,2026-06-20T18:45:00Z,2026-06-20T20:45:00+0200,1328.20056,MW,FR,FR,forecast_solar_generation,Solar,2026-07-03T17:44:22Z
2026-07-03T17:43:44Z,2026-07-03T19:43:44+0200,58f0f667-5017-4e2f-a8f0-60c0494acd3e,2026-06-20T19:00:00Z,2026-06-20T21:00:00+0200,893.15076,MW,FR,FR,forecast_solar_generation,Solar,2026-07-03T17:44:22Z
2026-07-03T17:43:44Z,2026-07-03T19:43:44+0200,58f0f667-5017-4e2f-a8f0-60c0494acd3e,2026-06-20T19:15:00Z,2026-06-20T21:15:00+0200,517.33252,MW,FR,FR,forecast_solar_generation,Solar,2026-07-03T17:44:22Z
2026-07-03T17:43:44Z,2026-07-03T19:43:44+0200,58f0f667-5017-4e2f-a8f0-60c0494acd3e,2026-06-20T19:30:00Z,2026-06-20T21:30:00+0200,226.66776,MW,FR,FR,forecast_solar_generation,Solar,2026-07-03T17:44:22Z
2026-07-03T17:43:44Z,2026-07-03T19:43:44+0200,58f0f667-5017-4e2f-a8f0-60c0494acd3e,2026-06-20T19:45:00Z,2026-06-20T21:45:00+0200,86.65946,MW,FR,FR,forecast_solar_generation,Solar,2026-07-03T17:44:22Z
2026-07-03T17:43:44Z,2026-07-03T19:43:44+0200,58f0f667-5017-4e2f-a8f0-60c0494acd3e,2026-06-20T20:00:00Z,2026-06-20T22:00:00+0200,14.97526,MW,FR,FR,forecast_solar_generation,Solar,2026-07-03T17:44:22Z
2026-07-03T17:43:44Z,2026-07-03T19:43:44+0200,58f0f667-5017-4e2f-a8f0-60c0494acd3e,2026-06-20T20:15:00Z,2026-06-20T22:15:00+0200,0.05755,MW,FR,FR,forecast_solar_generation,Solar,2026-07-03T17:44:22Z
2026-07-03T17:43:44Z,2026-07-03T19:43:44+0200,58f0f667-5017-4e2f-a8f0-60c0494acd3e,2026-06-20T20:30:00Z,2026-06-20T22:30:00+0200,0.0,MW,FR,FR,forecast_solar_generation,Solar,2026-07-03T17:44:22Z
2026-07-03T17:43:44Z,2026-07-03T19:43:44+0200,58f0f667-5017-4e2f-a8f0-60c0494acd3e,2026-06-20T20:45:00Z,2026-06-20T22:45:00+0200,0.0,MW,FR,FR,forecast_solar_generation,Solar,2026-07-03T17:44:22Z
2026-07-03T17:43:44Z,2026-07-03T19:43:44+0200,58f0f667-5017-4e2f-a8f0-60c0494acd3e,2026-06-20T21:00:00Z,2026-06-20T23:00:00+0200,0.0,MW,FR,FR,forecast_solar_generation,Solar,2026-07-03T17:44:22Z
2026-07-03T17:43:44Z,2026-07-03T19:43:44+0200,58f0f667-5017-4e2f-a8f0-60c0494acd3e,2026-06-20T21:15:00Z,2026-06-20T23:15:00+0200,0.0,MW,FR,FR,forecast_solar_generation,Solar,2026-07-03T17:44:22Z
2026-07-03T17:43:44Z,2026-07-03T19:43:44+0200,58f0f667-5017-4e2f-a8f0-60c0494acd3e,2026-06-20T21:30:00Z,2026-06-20T23:30:00+0200,0.0,MW,FR,FR,forecast_solar_generation,Solar,2026-07-03T17:44:22Z
2026-07-03T17:43:44Z,2026-07-03T19:43:44+0200,58f0f667-5017-4e2f-a8f0-60c0494acd3e,2026-06-20T21:45:00Z,2026-06-20T23:45:00+0200,0.0,MW,FR,FR,forecast_solar_generation,Solar,2026-07-03T17:44:22Z
2026-07-03T17:43:44Z,2026-07-03T19:43:44+0200,58f0f667-5017-4e2f-a8f0-60c0494acd3e,2026-06-20T22:00:00Z,2026-06-21T00:00:00+0200,0.0,MW,FR,FR,forecast_solar_generation,Solar,2026-07-03T17:44:22Z
2026-07-03T17:43:44Z,2026-07-03T19:43:44+0200,58f0f667-5017-4e2f-a8f0-60c0494acd3e,2026-06-20T22:15:00Z,2026-06-21T00:15:00+0200,0.0,MW,FR,FR,forecast_solar_generation,Solar,2026-07-03T17:44:22Z
2026-07-03T17:43:44Z,2026-07-03T19:43:44+0200,58f0f667-5017-4e2f-a8f0-60c0494acd3e,2026-06-20T22:30:00Z,2026-06-21T00:30:00+0200,0.0,MW,FR,FR,forecast_solar_generation,Solar,2026-07-03T17:44:22Z
2026-07-03T17:43:44Z,2026-07-03T19:43:44+0200,58f0f667-5017-4e2f-a8f0-60c0494acd3e,2026-06-20T22:45:00Z,2026-06-21T00:45:00+0200,0.0,MW,FR,FR,forecast_solar_generation,Solar,2026-07-03T17:44:22Z
2026-07-03T17:43:44Z,2026-07-03T19:43:44+0200,58f0f667-5017-4e2f-a8f0-60c0494acd3e,2026-06-20T23:00:00Z,2026-06-21T01:00:00+0200,0.0,MW,FR,FR,forecast_solar_generation,Solar,2026-07-03T17:44:22Z
2026-07-03T17:43:44Z,2026-07-03T19:43:44+0200,58f0f667-5017-4e2f-a8f0-60c0494acd3e,2026-06-20T23:15:00Z,2026-06-21T01:15:00+0200,0.0,MW,FR,FR,forecast_solar_generation,Solar,2026-07-03T17:44:22Z
2026-07-03T17:43:44Z,2026-07-03T19:43:44+0200,58f0f667-5017-4e2f-a8f0-60c0494acd3e,2026-06-20T23:30:00Z,2026-06-21T01:30:00+0200,0.0,MW,FR,FR,forecast_solar_generation,Solar,2026-07-03T17:44:22Z
2026-07-03T17:43:44Z,2026-07-03T19:43:44+0200,58f0f667-5017-4e2f-a8f0-60c0494acd3e,2026-06-20T23:45:00Z,2026-06-21T01:45:00+0200,0.0,MW,FR,FR,forecast_solar_generation,Solar,2026-07-03T17:44:22Z
2026-07-03T17:43:44Z,2026-07-03T19:43:44+0200,58f0f667-5017-4e2f-a8f0-60c0494acd3e,2026-06-21T00:00:00Z,2026-06-21T02:00:00+0200,0.0,MW,FR,FR,forecast_solar_generation,Solar,2026-07-03T17:44:22Z
2026-07-03T17:43:44Z,2026-07-03T19:43:44+0200,58f0f667-5017-4e2f-a8f0-60c0494acd3e,2026-06-21T00:15:00Z,2026-06-21T02:15:00+0200,0.0,MW,FR,FR,forecast_solar_generation,Solar,2026-07-03T17:44:22Z
2026-07-03T17:43:44Z,2026-07-03T19:43:44+0200,58f0f667-5017-4e2f-a8f0-60c0494acd3e,2026-06-21T00:30:00Z,2026-06-21T02:30:00+0200,0.0,MW,FR,FR,forecast_solar_generation,Solar,2026-07-03T17:44:22Z
2026-07-03T17:43:44Z,2026-07-03T19:43:44+0200,58f0f667-5017-4e2f-a8f0-60c0494acd3e,2026-06-21T00:45:00Z,2026-06-21T02:45:00+0200,0.0,MW,FR,FR,forecast_solar_generation,Solar,2026-07-03T17:44:22Z
2026-07-03T17:43:44Z,2026-07-03T19:43:44+0200,58f0f667-5017-4e2f-a8f0-60c0494acd3e,2026-06-21T01:00:00Z,2026-06-21T03:00:00+0200,0.0,MW,FR,FR,forecast_solar_generation,Solar,2026-07-03T17:44:22Z
2026-07-03T17:43:44Z,2026-07-03T19:43:44+0200,58f0f667-5017-4e2f-a8f0-60c0494acd3e,2026-06-21T01:15:00Z,2026-06-21T03:15:00+0200,0.0,MW,FR,FR,forecast_solar_generation,Solar,2026-07-03T17:44:22Z
2026-07-03T17:43:44Z,2026-07-03T19:43:44+0200,58f0f667-5017-4e2f-a8f0-60c0494acd3e,2026-06-21T01:30:00Z,2026-06-21T03:30:00+0200,0.0,MW,FR,FR,forecast_solar_generation,Solar,2026-07-03T17:44:22Z
2026-07-03T17:43:44Z,2026-07-03T19:43:44+0200,58f0f667-5017-4e2f-a8f0-60c0494acd3e,2026-06-21T01:45:00Z,2026-06-21T03:45:00+0200,0.0,MW,FR,FR,forecast_solar_generation,Solar,2026-07-03T17:44:22Z
2026-07-03T17:43:44Z,2026-07-03T19:43:44+0200,58f0f667-5017-4e2f-a8f0-60c0494acd3e,2026-06-21T02:00:00Z,2026-06-21T04:00:00+0200,0.0,MW,FR,FR,forecast_solar_generation,Solar,2026-07-03T17:44:22Z
2026-07-03T17:43:44Z,2026-07-03T19:43:44+0200,58f0f667-5017-4e2f-a8f0-60c0494acd3e,2026-06-21T02:15:00Z,2026-06-21T04:15:00+0200,0.0,MW,FR,FR,forecast_solar_generation,Solar,2026-07-03T17:44:22Z
2026-07-03T17:43:44Z,2026-07-03T19:43:44+0200,58f0f667-5017-4e2f-a8f0-60c0494acd3e,2026-06-21T02:30:00Z,2026-06-21T04:30:00+0200,0.0,MW,FR,FR,forecast_solar_generation,Solar,2026-07-03T17:44:22Z
2026-07-03T17:43:44Z,2026-07-03T19:43:44+0200,58f0f667-5017-4e2f-a8f0-60c0494acd3e,2026-06-21T02:45:00Z,2026-06-21T04:45:00+0200,0.0,MW,FR,FR,forecast_solar_generation,Solar,2026-07-03T17:44:22Z
2026-07-03T17:43:44Z,2026-07-03T19:43:44+0200,58f0f667-5017-4e2f-a8f0-60c0494acd3e,2026-06-21T03:00:00Z,2026-06-21T05:00:00+0200,0.0,MW,FR,FR,forecast_solar_generation,Solar,2026-07-03T17:44:22Z
2026-07-03T17:43:44Z,2026-07-03T19:43:44+0200,58f0f667-5017-4e2f-a8f0-60c0494acd3e,2026-06-21T03:15:00Z,2026-06-21T05:15:00+0200,0.0,MW,FR,FR,forecast_solar_generation,Solar,2026-07-03T17:44:22Z
2026-07-03T17:43:44Z,2026-07-03T19:43:44+0200,58f0f667-5017-4e2f-a8f0-60c0494acd3e,2026-06-21T03:30:00Z,2026-06-21T05:30:00+0200,0.0,MW,FR,FR,forecast_solar_generation,Solar,2026-07-03T17:44:22Z
2026-07-03T17:43:44Z,2026-07-03T19:43:44+0200,58f0f667-5017-4e2f-a8f0-60c0494acd3e,2026-06-21T03:45:00Z,2026-06-21T05:45:00+0200,0.0,MW,FR,FR,forecast_solar_generation,Solar,2026-07-03T17:44:22Z
2026-07-03T17:43:44Z,2026-07-03T19:43:44+0200,58f0f667-5017-4e2f-a8f0-60c0494acd3e,2026-06-21T04:00:00Z,2026-06-21T06:00:00+0200,0.0,MW,FR,FR,forecast_solar_generation,Solar,2026-07-03T17:44:22Z
2026-07-03T17:43:44Z,2026-07-03T19:43:44+0200,58f0f667-5017-4e2f-a8f0-60c0494acd3e,2026-06-21T04:15:00Z,2026-06-21T06:15:00+0200,175.24854,MW,FR,FR,forecast_solar_generation,Solar,2026-07-03T17:44:22Z
2026-07-03T17:43:44Z,2026-07-03T19:43:44+0200,58f0f667-5017-4e2f-a8f0-60c0494acd3e,2026-06-21T04:30:00Z,2026-06-21T06:30:00+0200,289.64676,MW,FR,FR,forecast_solar_generation,Solar,2026-07-03T17:44:22Z
2026-07-03T17:43:44Z,2026-07-03T19:43:44+0200,58f0f667-5017-4e2f-a8f0-60c0494acd3e,2026-06-21T04:45:00Z,2026-06-21T06:45:00+0200,634.32416,MW,FR,FR,forecast_solar_generation,Solar,2026-07-03T17:44:22Z
2026-07-03T17:43:44Z,2026-07-03T19:43:44+0200,58f0f667-5017-4e2f-a8f0-60c0494acd3e,2026-06-21T05:00:00Z,2026-06-21T07:00:00+0200,1053.82776,MW,FR,FR,forecast_solar_generation,Solar,2026-07-03T17:44:22Z
2026-07-03T17:43:44Z,2026-07-03T19:43:44+0200,58f0f667-5017-4e2f-a8f0-60c0494acd3e,2026-06-21T05:15:00Z,2026-06-21T07:15:00+0200,1557.56384,MW,FR,FR,forecast_solar_generation,Solar,2026-07-03T17:44:22Z
2026-07-03T17:43:44Z,2026-07-03T19:43:44+0200,58f0f667-5017-4e2f-a8f0-60c0494acd3e,2026-06-21T05:30:00Z,2026-06-21T07:30:00+0200,2122.59326,MW,FR,FR,forecast_solar_generation,Solar,2026-07-03T17:44:22Z
2026-07-03T17:43:44Z,2026-07-03T19:43:44+0200,58f0f667-5017-4e2f-a8f0-60c0494acd3e,2026-06-21T05:45:00Z,2026-06-21T07:45:00+0200,2944.979,MW,FR,FR,forecast_solar_generation,Solar,2026-07-03T17:44:22Z
2026-07-03T17:43:44Z,2026-07-03T19:43:44+0200,58f0f667-5017-4e2f-a8f0-60c0494acd3e,2026-06-21T06:00:00Z,2026-06-21T08:00:00+0200,3826.53784,MW,FR,FR,forecast_solar_generation,Solar,2026-07-03T17:44:22Z
2026-07-03T17:43:44Z,2026-07-03T19:43:44+0200,58f0f667-5017-4e2f-a8f0-60c0494acd3e,2026-06-21T06:15:00Z,2026-06-21T08:15:00+0200,4832.34229,MW,FR,FR,forecast_solar_generation,Solar,2026-07-03T17:44:22Z
2026-07-03T17:43:44Z,2026-07-03T19:43:44+0200,58f0f667-5017-4e2f-a8f0-60c0494acd3e,2026-06-21T06:30:00Z,2026-06-21T08:30:00+0200,5917.65137,MW,FR,FR,forecast_solar_generation,Solar,2026-07-03T17:44:22Z
2026-07-03T17:43:44Z,2026-07-03T19:43:44+0200,58f0f667-5017-4e2f-a8f0-60c0494acd3e,2026-06-21T06:45:00Z,2026-06-21T08:45:00+0200,7014.71729,MW,FR,FR,forecast_solar_generation,Solar,2026-07-03T17:44:22Z
2026-07-03T17:43:44Z,2026-07-03T19:43:44+0200,58f0f667-5017-4e2f-a8f0-60c0494acd3e,2026-06-21T07:00:00Z,2026-06-21T09:00:00+0200,8165.03418,MW,FR,FR,forecast_solar_generation,Solar,2026-07-03T17:44:22Z
2026-07-03T17:43:44Z,2026-07-03T19:43:44+0200,58f0f667-5017-4e2f-a8f0-60c0494acd3e,2026-06-21T07:15:00Z,2026-06-21T09:15:00+0200,9216.33008,MW,FR,FR,forecast_solar_generation,Solar,2026-07-03T17:44:22Z
2026-07-03T17:43:44Z,2026-07-03T19:43:44+0200,58f0f667-5017-4e2f-a8f0-60c0494acd3e,2026-06-21T07:30:00Z,2026-06-21T09:30:00+0200,10313.76172,MW,FR,FR,forecast_solar_generation,Solar,2026-07-03T17:44:22Z
2026-07-03T17:43:44Z,2026-07-03T19:43:44+0200,58f0f667-5017-4e2f-a8f0-60c0494acd3e,2026-06-21T07:45:00Z,2026-06-21T09:45:00+0200,11340.41797,MW,FR,FR,forecast_solar_generation,Solar,2026-07-03T17:44:22Z
2026-07-03T17:43:44Z,2026-07-03T19:43:44+0200,58f0f667-5017-4e2f-a8f0-60c0494acd3e,2026-06-21T08:00:00Z,2026-06-21T10:00:00+0200,12382.64062,MW,FR,FR,forecast_solar_generation,Solar,2026-07-03T17:44:22Z
2026-07-03T17:43:44Z,2026-07-03T19:43:44+0200,58f0f667-5017-4e2f-a8f0-60c0494acd3e,2026-06-21T08:15:00Z,2026-06-21T10:15:00+0200,13383.38086,MW,FR,FR,forecast_solar_generation,Solar,2026-07-03T17:44:22Z
2026-07-03T17:43:44Z,2026-07-03T19:43:44+0200,58f0f667-5017-4e2f-a8f0-60c0494acd3e,2026-06-21T08:30:00Z,2026-06-21T10:30:00+0200,14352.77148,MW,FR,FR,forecast_solar_generation,Solar,2026-07-03T17:44:22Z
2026-07-03T17:43:44Z,2026-07-03T19:43:44+0200,58f0f667-5017-4e2f-a8f0-60c0494acd3e,2026-06-21T08:45:00Z,2026-06-21T10:45:00+0200,15157.79395,MW,FR,FR,forecast_solar_generation,Solar,2026-07-03T17:44:22Z
2026-07-03T17:43:44Z,2026-07-03T19:43:44+0200,58f0f667-5017-4e2f-a8f0-60c0494acd3e,2026-06-21T09:00:00Z,2026-06-21T11:00:00+0200,15864.73242,MW,FR,FR,forecast_solar_generation,Solar,2026-07-03T17:44:22Z
2026-07-03T17:43:44Z,2026-07-03T19:43:44+0200,58f0f667-5017-4e2f-a8f0-60c0494acd3e,2026-06-21T09:15:00Z,2026-06-21T11:15:00+0200,16530.04102,MW,FR,FR,forecast_solar_generation,Solar,2026-07-03T17:44:22Z
2026-07-03T17:43:44Z,2026-07-03T19:43:44+0200,58f0f667-5017-4e2f-a8f0-60c0494acd3e,2026-06-21T09:30:00Z,2026-06-21T11:30:00+0200,17204.49219,MW,FR,FR,forecast_solar_generation,Solar,2026-07-03T17:44:22Z
2026-07-03T17:43:44Z,2026-07-03T19:43:44+0200,58f0f667-5017-4e2f-a8f0-60c0494acd3e,2026-06-21T09:45:00Z,2026-06-21T11:45:00+0200,13414.9668,MW,FR,FR,forecast_solar_generation,Solar,2026-07-03T17:44:22Z
2026-07-03T17:43:44Z,2026-07-03T19:43:44+0200,58f0f667-5017-4e2f-a8f0-60c0494acd3e,2026-06-21T10:00:00Z,2026-06-21T12:00:00+0200,13787.52246,MW,FR,FR,forecast_solar_generation,Solar,2026-07-03T17:44:22Z
2026-07-03T17:43:44Z,2026-07-03T19:43:44+0200,58f0f667-5017-4e2f-a8f0-60c0494acd3e,2026-06-21T10:15:00Z,2026-06-21T12:15:00+0200,14063.01953,MW,FR,FR,forecast_solar_generation,Solar,2026-07-03T17:44:22Z
2026-07-03T17:43:44Z,2026-07-03T19:43:44+0200,58f0f667-5017-4e2f-a8f0-60c0494acd3e,2026-06-21T10:30:00Z,2026-06-21T12:30:00+0200,14340.4502,MW,FR,FR,forecast_solar_generation,Solar,2026-07-03T17:44:22Z
2026-07-03T17:43:44Z,2026-07-03T19:43:44+0200,58f0f667-5017-4e2f-a8f0-60c0494acd3e,2026-06-21T10:45:00Z,2026-06-21T12:45:00+0200,14494.54395,MW,FR,FR,forecast_solar_generation,Solar,2026-07-03T17:44:22Z
2026-07-03T17:43:44Z,2026-07-03T19:43:44+0200,58f0f667-5017-4e2f-a8f0-60c0494acd3e,2026-06-21T11:00:00Z,2026-06-21T13:00:00+0200,14653.87988,MW,FR,FR,forecast_solar_generation,Solar,2026-07-03T17:44:22Z
2026-07-03T17:43:44Z,2026-07-03T19:43:44+0200,58f0f667-5017-4e2f-a8f0-60c0494acd3e,2026-06-21T11:15:00Z,2026-06-21T13:15:00+0200,14749.5459,MW,FR,FR,forecast_solar_generation,Solar,2026-07-03T17:44:22Z
2026-07-03T17:43:44Z,2026-07-03T19:43:44+0200,58f0f667-5017-4e2f-a8f0-60c0494acd3e,2026-06-21T11:30:00Z,2026-06-21T13:30:00+0200,14839.32227,MW,FR,FR,forecast_solar_generation,Solar,2026-07-03T17:44:22Z
2026-07-03T17:43:44Z,2026-07-03T19:43:44+0200,58f0f667-5017-4e2f-a8f0-60c0494acd3e,2026-06-21T11:45:00Z,2026-06-21T13:45:00+0200,14862.64355,MW,FR,FR,forecast_solar_generation,Solar,2026-07-03T17:44:22Z
2026-07-03T17:43:44Z,2026-07-03T19:43:44+0200,58f0f667-5017-4e2f-a8f0-60c0494acd3e,2026-06-21T12:00:00Z,2026-06-21T14:00:00+0200,14855.49121,MW,FR,FR,forecast_solar_generation,Solar,2026-07-03T17:44:22Z
2026-07-03T17:43:44Z,2026-07-03T19:43:44+0200,58f0f667-5017-4e2f-a8f0-60c0494acd3e,2026-06-21T12:15:00Z,2026-06-21T14:15:00+0200,14795.66797,MW,FR,FR,forecast_solar_generation,Solar,2026-07-03T17:44:22Z
2026-07-03T17:43:44Z,2026-07-03T19:43:44+0200,58f0f667-5017-4e2f-a8f0-60c0494acd3e,2026-06-21T12:30:00Z,2026-06-21T14:30:00+0200,14695.50391,MW,FR,FR,forecast_solar_generation,Solar,2026-07-03T17:44:22Z
2026-07-03T17:43:44Z,2026-07-03T19:43:44+0200,58f0f667-5017-4e2f-a8f0-60c0494acd3e,2026-06-21T12:45:00Z,2026-06-21T14:45:00+0200,19125.18359,MW,FR,FR,forecast_solar_generation,Solar,2026-07-03T17:44:22Z
2026-07-03T17:43:44Z,2026-07-03T19:43:44+0200,58f0f667-5017-4e2f-a8f0-60c0494acd3e,2026-06-21T13:00:00Z,2026-06-21T15:00:00+0200,18840.85156,MW,FR,FR,forecast_solar_generation,Solar,2026-07-03T17:44:22Z
2026-07-03T17:43:44Z,2026-07-03T19:43:44+0200,58f0f667-5017-4e2f-a8f0-60c0494acd3e,2026-06-21T13:15:00Z,2026-06-21T15:15:00+0200,18445.20898,MW,FR,FR,forecast_solar_generation,Solar,2026-07-03T17:44:22Z
2026-07-03T17:43:44Z,2026-07-03T19:43:44+0200,58f0f667-5017-4e2f-a8f0-60c0494acd3e,2026-06-21T13:30:00Z,2026-06-21T15:30:00+0200,18079.47656,MW,FR,FR,forecast_solar_generation,Solar,2026-07-03T17:44:22Z
2026-07-03T17:43:44Z,2026-07-03T19:43:44+0200,58f0f667-5017-4e2f-a8f0-60c0494acd3e,2026-06-21T13:45:00Z,2026-06-21T15:45:00+0200,17583.7207,MW,FR,FR,forecast_solar_generation,Solar,2026-07-03T17:44:22Z
2026-07-03T17:43:44Z,2026-07-03T19:43:44+0200,58f0f667-5017-4e2f-a8f0-60c0494acd3e,2026-06-21T14:00:00Z,2026-06-21T16:00:00+0200,17048.55273,MW,FR,FR,forecast_solar_generation,Solar,2026-07-03T17:44:22Z
2026-07-03T17:43:44Z,2026-07-03T19:43:44+0200,58f0f667-5017-4e2f-a8f0-60c0494acd3e,2026-06-21T14:15:00Z,2026-06-21T16:15:00+0200,16503.57812,MW,FR,FR,forecast_solar_generation,Solar,2026-07-03T17:44:22Z
2026-07-03T17:43:44Z,2026-07-03T19:43:44+0200,58f0f667-5017-4e2f-a8f0-60c0494acd3e,2026-06-21T14:30:00Z,2026-06-21T16:30:00+0200,15862.44531,MW,FR,FR,forecast_solar_generation,Solar,2026-07-03T17:44:22Z
2026-07-03T17:43:44Z,2026-07-03T19:43:44+0200,58f0f667-5017-4e2f-a8f0-60c0494acd3e,2026-06-21T14:45:00Z,2026-06-21T16:45:00+0200,15138.41699,MW,FR,FR,forecast_solar_generation,Solar,2026-07-03T17:44:22Z
2026-07-03T17:43:44Z,2026-07-03T19:43:44+0200,58f0f667-5017-4e2f-a8f0-60c0494acd3e,2026-06-21T15:00:00Z,2026-06-21T17:00:00+0200,14430.82812,MW,FR,FR,forecast_solar_generation,Solar,2026-07-03T17:44:22Z
2026-07-03T17:43:44Z,2026-07-03T19:43:44+0200,58f0f667-5017-4e2f-a8f0-60c0494acd3e,2026-06-21T15:15:00Z,2026-06-21T17:15:00+0200,13719.76758,MW,FR,FR,forecast_solar_generation,Solar,2026-07-03T17:44:22Z
2026-07-03T17:43:44Z,2026-07-03T19:43:44+0200,58f0f667-5017-4e2f-a8f0-60c0494acd3e,2026-06-21T15:30:00Z,2026-06-21T17:30:00+0200,12942.16699,MW,FR,FR,forecast_solar_generation,Solar,2026-07-03T17:44:22Z
2026-07-03T17:43:44Z,2026-07-03T19:43:44+0200,58f0f667-5017-4e2f-a8f0-60c0494acd3e,2026-06-21T15:45:00Z,2026-06-21T17:45:00+0200,12082.0498,MW,FR,FR,forecast_solar_generation,Solar,2026-07-03T17:44:22Z
2026-07-03T17:43:44Z,2026-07-03T19:43:44+0200,58f0f667-5017-4e2f-a8f0-60c0494acd3e,2026-06-21T16:00:00Z,2026-06-21T18:00:00+0200,11202.2627,MW,FR,FR,forecast_solar_generation,Solar,2026-07-03T17:44:22Z
2026-07-03T17:43:44Z,2026-07-03T19:43:44+0200,58f0f667-5017-4e2f-a8f0-60c0494acd3e,2026-06-21T16:15:00Z,2026-06-21T18:15:00+0200,10252.79297,MW,FR,FR,forecast_solar_generation,Solar,2026-07-03T17:44:22Z
2026-07-03T17:43:44Z,2026-07-03T19:43:44+0200,58f0f667-5017-4e2f-a8f0-60c0494acd3e,2026-06-21T16:30:00Z,2026-06-21T18:30:00+0200,9277.93945,MW,FR,FR,forecast_solar_generation,Solar,2026-07-03T17:44:22Z
2026-07-03T17:43:44Z,2026-07-03T19:43:44+0200,58f0f667-5017-4e2f-a8f0-60c0494acd3e,2026-06-21T16:45:00Z,2026-06-21T18:45:00+0200,8375.29883,MW,FR,FR,forecast_solar_generation,Solar,2026-07-03T17:44:22Z
2026-07-03T17:43:44Z,2026-07-03T19:43:44+0200,58f0f667-5017-4e2f-a8f0-60c0494acd3e,2026-06-21T17:00:00Z,2026-06-21T19:00:00+0200,7304.05762,MW,FR,FR,forecast_solar_generation,Solar,2026-07-03T17:44:22Z
2026-07-03T17:43:44Z,2026-07-03T19:43:44+0200,58f0f667-5017-4e2f-a8f0-60c0494acd3e,2026-06-21T17:15:00Z,2026-06-21T19:15:00+0200,6359.57568,MW,FR,FR,forecast_solar_generation,Solar,2026-07-03T17:44:22Z
2026-07-03T17:43:44Z,2026-07-03T19:43:44+0200,58f0f667-5017-4e2f-a8f0-60c0494acd3e,2026-06-21T17:30:00Z,2026-06-21T19:30:00+0200,5240.27002,MW,FR,FR,forecast_solar_generation,Solar,2026-07-03T17:44:22Z
2026-07-03T17:43:44Z,2026-07-03T19:43:44+0200,58f0f667-5017-4e2f-a8f0-60c0494acd3e,2026-06-21T17:45:00Z,2026-06-21T19:45:00+0200,4384.39062,MW,FR,FR,forecast_solar_generation,Solar,2026-07-03T17:44:22Z
2026-07-03T17:43:44Z,2026-07-03T19:43:44+0200,58f0f667-5017-4e2f-a8f0-60c0494acd3e,2026-06-21T18:00:00Z,2026-06-21T20:00:00+0200,3393.68579,MW,FR,FR,forecast_solar_generation,Solar,2026-07-03T17:44:22Z
2026-07-03T17:43:44Z,2026-07-03T19:43:44+0200,58f0f667-5017-4e2f-a8f0-60c0494acd3e,2026-06-21T18:15:00Z,2026-06-21T20:15:00+0200,2585.9668,MW,FR,FR,forecast_solar_generation,Solar,2026-07-03T17:44:22Z
2026-07-03T17:43:44Z,2026-07-03T19:43:44+0200,58f0f667-5017-4e2f-a8f0-60c0494acd3e,2026-06-21T18:30:00Z,2026-06-21T20:30:00+0200,1871.06128,MW,FR,FR,forecast_solar_generation,Solar,2026-07-03T17:44:22Z
2026-07-03T17:43:44Z,2026-07-03T19:43:44+0200,58f0f667-5017-4e2f-a8f0-60c0494acd3e,2026-06-21T18:45:00Z,2026-06-21T20:45:00+0200,1352.72473,MW,FR,FR,forecast_solar_generation,Solar,2026-07-03T17:44:22Z
2026-07-03T17:43:44Z,2026-07-03T19:43:44+0200,58f0f667-5017-4e2f-a8f0-60c0494acd3e,2026-06-21T19:00:00Z,2026-06-21T21:00:00+0200,913.16754,MW,FR,FR,forecast_solar_generation,Solar,2026-07-03T17:44:22Z
2026-07-03T17:43:44Z,2026-07-03T19:43:44+0200,58f0f667-5017-4e2f-a8f0-60c0494acd3e,2026-06-21T19:15:00Z,2026-06-21T21:15:00+0200,530.56573,MW,FR,FR,forecast_solar_generation,Solar,2026-07-03T17:44:22Z
2026-07-03T17:43:44Z,2026-07-03T19:43:44+0200,58f0f667-5017-4e2f-a8f0-60c0494acd3e,2026-06-21T19:30:00Z,2026-06-21T21:30:00+0200,226.69119,MW,FR,FR,forecast_solar_generation,Solar,2026-07-03T17:44:22Z
2026-07-03T17:43:44Z,2026-07-03T19:43:44+0200,58f0f667-5017-4e2f-a8f0-60c0494acd3e,2026-06-21T19:45:00Z,2026-06-21T21:45:00+0200,82.58344,MW,FR,FR,forecast_solar_generation,Solar,2026-07-03T17:44:22Z
2026-07-03T17:43:44Z,2026-07-03T19:43:44+0200,58f0f667-5017-4e2f-a8f0-60c0494acd3e,2026-06-21T20:00:00Z,2026-06-21T22:00:00+0200,14.95396,MW,FR,FR,forecast_solar_generation,Solar,2026-07-03T17:44:22Z
2026-07-03T17:43:44Z,2026-07-03T19:43:44+0200,58f0f667-5017-4e2f-a8f0-60c0494acd3e,2026-06-21T20:15:00Z,2026-06-21T22:15:00+0200,0.03266,MW,FR,FR,forecast_solar_generation,Solar,2026-07-03T17:44:22Z
2026-07-03T17:43:44Z,2026-07-03T19:43:44+0200,58f0f667-5017-4e2f-a8f0-60c0494acd3e,2026-06-21T20:30:00Z,2026-06-21T22:30:00+0200,0.0,MW,FR,FR,forecast_solar_generation,Solar,2026-07-03T17:44:22Z
2026-07-03T17:43:44Z,2026-07-03T19:43:44+0200,58f0f667-5017-4e2f-a8f0-60c0494acd3e,2026-06-21T20:45:00Z,2026-06-21T22:45:00+0200,0.0,MW,FR,FR,forecast_solar_generation,Solar,2026-07-03T17:44:22Z
2026-07-03T17:43:44Z,2026-07-03T19:43:44+0200,58f0f667-5017-4e2f-a8f0-60c0494acd3e,2026-06-21T21:00:00Z,2026-06-21T23:00:00+0200,0.0,MW,FR,FR,forecast_solar_generation,Solar,2026-07-03T17:44:22Z
2026-07-03T17:43:44Z,2026-07-03T19:43:44+0200,58f0f667-5017-4e2f-a8f0-60c0494acd3e,2026-06-21T21:15:00Z,2026-06-21T23:15:00+0200,0.0,MW,FR,FR,forecast_solar_generation,Solar,2026-07-03T17:44:22Z
2026-07-03T17:43:44Z,2026-07-03T19:43:44+0200,58f0f667-5017-4e2f-a8f0-60c0494acd3e,2026-06-21T21:30:00Z,2026-06-21T23:30:00+0200,0.0,MW,FR,FR,forecast_solar_generation,Solar,2026-07-03T17:44:22Z
2026-07-03T17:43:44Z,2026-07-03T19:43:44+0200,58f0f667-5017-4e2f-a8f0-60c0494acd3e,2026-06-21T21:45:00Z,2026-06-21T23:45:00+0200,0.0,MW,FR,FR,forecast_solar_generation,Solar,2026-07-03T17:44:22Z
2026-07-03T17:43:44Z,2026-07-03T19:43:44+0200,58f0f667-5017-4e2f-a8f0-60c0494acd3e,2026-06-21T22:00:00Z,2026-06-22T00:00:00+0200,0.0,MW,FR,FR,forecast_solar_generation,Solar,2026-07-03T17:44:22Z
2026-07-03T17:43:44Z,2026-07-03T19:43:44+0200,58f0f667-5017-4e2f-a8f0-60c0494acd3e,2026-06-21T22:15:00Z,2026-06-22T00:15:00+0200,0.0,MW,FR,FR,forecast_solar_generation,Solar,2026-07-03T17:44:22Z
2026-07-03T17:43:44Z,2026-07-03T19:43:44+0200,58f0f667-5017-4e2f-a8f0-60c0494acd3e,2026-06-21T22:30:00Z,2026-06-22T00:30:00+0200,0.0,MW,FR,FR,forecast_solar_generation,Solar,2026-07-03T17:44:22Z
2026-07-03T17:43:44Z,2026-07-03T19:43:44+0200,58f0f667-5017-4e2f-a8f0-60c0494acd3e,2026-06-21T22:45:00Z,2026-06-22T00:45:00+0200,0.0,MW,FR,FR,forecast_solar_generation,Solar,2026-07-03T17:44:22Z
2026-07-03T17:43:44Z,2026-07-03T19:43:44+0200,58f0f667-5017-4e2f-a8f0-60c0494acd3e,2026-06-21T23:00:00Z,2026-06-22T01:00:00+0200,0.0,MW,FR,FR,forecast_solar_generation,Solar,2026-07-03T17:44:22Z
2026-07-03T17:43:44Z,2026-07-03T19:43:44+0200,58f0f667-5017-4e2f-a8f0-60c0494acd3e,2026-06-21T23:15:00Z,2026-06-22T01:15:00+0200,0.0,MW,FR,FR,forecast_solar_generation,Solar,2026-07-03T17:44:22Z
2026-07-03T17:43:44Z,2026-07-03T19:43:44+0200,58f0f667-5017-4e2f-a8f0-60c0494acd3e,2026-06-21T23:30:00Z,2026-06-22T01:30:00+0200,0.0,MW,FR,FR,forecast_solar_generation,Solar,2026-07-03T17:44:22Z
2026-07-03T17:43:44Z,2026-07-03T19:43:44+0200,58f0f667-5017-4e2f-a8f0-60c0494acd3e,2026-06-21T23:45:00Z,2026-06-22T01:45:00+0200,0.0,MW,FR,FR,forecast_solar_generation,Solar,2026-07-03T17:44:22Z
2026-07-03T17:43:44Z,2026-07-03T19:43:44+0200,58f0f667-5017-4e2f-a8f0-60c0494acd3e,2026-06-22T00:00:00Z,2026-06-22T02:00:00+0200,0.0,MW,FR,FR,forecast_solar_generation,Solar,2026-07-03T17:44:22Z
2026-07-03T17:43:44Z,2026-07-03T19:43:44+0200,58f0f667-5017-4e2f-a8f0-60c0494acd3e,2026-06-22T00:15:00Z,2026-06-22T02:15:00+0200,0.0,MW,FR,FR,forecast_solar_generation,Solar,2026-07-03T17:44:22Z
2026-07-03T17:43:44Z,2026-07-03T19:43:44+0200,58f0f667-5017-4e2f-a8f0-60c0494acd3e,2026-06-22T00:30:00Z,2026-06-22T02:30:00+0200,0.0,MW,FR,FR,forecast_solar_generation,Solar,2026-07-03T17:44:22Z
2026-07-03T17:43:44Z,2026-07-03T19:43:44+0200,58f0f667-5017-4e2f-a8f0-60c0494acd3e,2026-06-22T00:45:00Z,2026-06-22T02:45:00+0200,0.0,MW,FR,FR,forecast_solar_generation,Solar,2026-07-03T17:44:22Z
2026-07-03T17:43:44Z,2026-07-03T19:43:44+0200,58f0f667-5017-4e2f-a8f0-60c0494acd3e,2026-06-22T01:00:00Z,2026-06-22T03:00:00+0200,0.0,MW,FR,FR,forecast_solar_generation,Solar,2026-07-03T17:44:22Z
2026-07-03T17:43:44Z,2026-07-03T19:43:44+0200,58f0f667-5017-4e2f-a8f0-60c0494acd3e,2026-06-22T01:15:00Z,2026-06-22T03:15:00+0200,0.0,MW,FR,FR,forecast_solar_generation,Solar,2026-07-03T17:44:22Z
2026-07-03T17:43:44Z,2026-07-03T19:43:44+0200,58f0f667-5017-4e2f-a8f0-60c0494acd3e,2026-06-22T01:30:00Z,2026-06-22T03:30:00+0200,0.0,MW,FR,FR,forecast_solar_generation,Solar,2026-07-03T17:44:22Z
2026-07-03T17:43:44Z,2026-07-03T19:43:44+0200,58f0f667-5017-4e2f-a8f0-60c0494acd3e,2026-06-22T01:45:00Z,2026-06-22T03:45:00+0200,0.0,MW,FR,FR,forecast_solar_generation,Solar,2026-07-03T17:44:22Z
2026-07-03T17:43:44Z,2026-07-03T19:43:44+0200,58f0f667-5017-4e2f-a8f0-60c0494acd3e,2026-06-22T02:00:00Z,2026-06-22T04:00:00+0200,0.0,MW,FR,FR,forecast_solar_generation,Solar,2026-07-03T17:44:22Z
2026-07-03T17:43:44Z,2026-07-03T19:43:44+0200,58f0f667-5017-4e2f-a8f0-60c0494acd3e,2026-06-22T02:15:00Z,2026-06-22T04:15:00+0200,0.0,MW,FR,FR,forecast_solar_generation,Solar,2026-07-03T17:44:22Z
2026-07-03T17:43:44Z,2026-07-03T19:43:44+0200,58f0f667-5017-4e2f-a8f0-60c0494acd3e,2026-06-22T02:30:00Z,2026-06-22T04:30:00+0200,0.0,MW,FR,FR,forecast_solar_generation,Solar,2026-07-03T17:44:22Z
2026-07-03T17:43:44Z,2026-07-03T19:43:44+0200,58f0f667-5017-4e2f-a8f0-60c0494acd3e,2026-06-22T02:45:00Z,2026-06-22T04:45:00+0200,0.0,MW,FR,FR,forecast_solar_generation,Solar,2026-07-03T17:44:22Z
2026-07-03T17:43:44Z,2026-07-03T19:43:44+0200,58f0f667-5017-4e2f-a8f0-60c0494acd3e,2026-06-22T03:00:00Z,2026-06-22T05:00:00+0200,0.0,MW,FR,FR,forecast_solar_generation,Solar,2026-07-03T17:44:22Z
2026-07-03T17:43:44Z,2026-07-03T19:43:44+0200,58f0f667-5017-4e2f-a8f0-60c0494acd3e,2026-06-22T03:15:00Z,2026-06-22T05:15:00+0200,0.0,MW,FR,FR,forecast_solar_generation,Solar,2026-07-03T17:44:22Z
2026-07-03T17:43:44Z,2026-07-03T19:43:44+0200,58f0f667-5017-4e2f-a8f0-60c0494acd3e,2026-06-22T03:30:00Z,2026-06-22T05:30:00+0200,0.0,MW,FR,FR,forecast_solar_generation,Solar,2026-07-03T17:44:22Z
2026-07-03T17:43:44Z,2026-07-03T19:43:44+0200,58f0f667-5017-4e2f-a8f0-60c0494acd3e,2026-06-22T03:45:00Z,2026-06-22T05:45:00+0200,0.0,MW,FR,FR,forecast_solar_generation,Solar,2026-07-03T17:44:22Z
2026-07-03T17:43:44Z,2026-07-03T19:43:44+0200,58f0f667-5017-4e2f-a8f0-60c0494acd3e,2026-06-22T04:00:00Z,2026-06-22T06:00:00+0200,0.0,MW,FR,FR,forecast_solar_generation,Solar,2026-07-03T17:44:22Z
2026-07-03T17:43:44Z,2026-07-03T19:43:44+0200,58f0f667-5017-4e2f-a8f0-60c0494acd3e,2026-06-22T04:15:00Z,2026-06-22T06:15:00+0200,172.43452,MW,FR,FR,forecast_solar_generation,Solar,2026-07-03T17:44:22Z
2026-07-03T17:43:44Z,2026-07-03T19:43:44+0200,58f0f667-5017-4e2f-a8f0-60c0494acd3e,2026-06-22T04:30:00Z,2026-06-22T06:30:00+0200,292.61273,MW,FR,FR,forecast_solar_generation,Solar,2026-07-03T17:44:22Z
2026-07-03T17:43:44Z,2026-07-03T19:43:44+0200,58f0f667-5017-4e2f-a8f0-60c0494acd3e,2026-06-22T04:45:00Z,2026-06-22T06:45:00+0200,647.76111,MW,FR,FR,forecast_solar_generation,Solar,2026-07-03T17:44:22Z
2026-07-03T17:43:44Z,2026-07-03T19:43:44+0200,58f0f667-5017-4e2f-a8f0-60c0494acd3e,2026-06-22T05:00:00Z,2026-06-22T07:00:00+0200,1090.79077,MW,FR,FR,forecast_solar_generation,Solar,2026-07-03T17:44:22Z
2026-07-03T17:43:44Z,2026-07-03T19:43:44+0200,58f0f667-5017-4e2f-a8f0-60c0494acd3e,2026-06-22T05:15:00Z,2026-06-22T07:15:00+0200,1594.39001,MW,FR,FR,forecast_solar_generation,Solar,2026-07-03T17:44:22Z
2026-07-03T17:43:44Z,2026-07-03T19:43:44+0200,58f0f667-5017-4e2f-a8f0-60c0494acd3e,2026-06-22T05:30:00Z,2026-06-22T07:30:00+0200,2199.13477,MW,FR,FR,forecast_solar_generation,Solar,2026-07-03T17:44:22Z
2026-07-03T17:43:44Z,2026-07-03T19:43:44+0200,58f0f667-5017-4e2f-a8f0-60c0494acd3e,2026-06-22T05:45:00Z,2026-06-22T07:45:00+0200,3062.06323,MW,FR,FR,forecast_solar_generation,Solar,2026-07-03T17:44:22Z
2026-07-03T17:43:44Z,2026-07-03T19:43:44+0200,58f0f667-5017-4e2f-a8f0-60c0494acd3e,2026-06-22T06:00:00Z,2026-06-22T08:00:00+0200,3988.85205,MW,FR,FR,forecast_solar_generation,Solar,2026-07-03T17:44:22Z
2026-07-03T17:43:44Z,2026-07-03T19:43:44+0200,58f0f667-5017-4e2f-a8f0-60c0494acd3e,2026-06-22T06:15:00Z,2026-06-22T08:15:00+0200,5019.33057,MW,FR,FR,forecast_solar_generation,Solar,2026-07-03T17:44:22Z
2026-07-03T17:43:44Z,2026-07-03T19:43:44+0200,58f0f667-5017-4e2f-a8f0-60c0494acd3e,2026-06-22T06:30:00Z,2026-06-22T08:30:00+0200,6204.57275,MW,FR,FR,forecast_solar_generation,Solar,2026-07-03T17:44:22Z
2026-07-03T17:43:44Z,2026-07-03T19:43:44+0200,58f0f667-5017-4e2f-a8f0-60c0494acd3e,2026-06-22T06:45:00Z,2026-06-22T08:45:00+0200,7333.22363,MW,FR,FR,forecast_solar_generation,Solar,2026-07-03T17:44:22Z
2026-07-03T17:43:44Z,2026-07-03T19:43:44+0200,58f0f667-5017-4e2f-a8f0-60c0494acd3e,2026-06-22T07:00:00Z,2026-06-22T09:00:00+0200,8535.08398,MW,FR,FR,forecast_solar_generation,Solar,2026-07-03T17:44:22Z
2026-07-03T17:43:44Z,2026-07-03T19:43:44+0200,58f0f667-5017-4e2f-a8f0-60c0494acd3e,2026-06-22T07:15:00Z,2026-06-22T09:15:00+0200,9614.18652,MW,FR,FR,forecast_solar_generation,Solar,2026-07-03T17:44:22Z
2026-07-03T17:43:44Z,2026-07-03T19:43:44+0200,58f0f667-5017-4e2f-a8f0-60c0494acd3e,2026-06-22T07:30:00Z,2026-06-22T09:30:00+0200,10755.58105,MW,FR,FR,forecast_solar_generation,Solar,2026-07-03T17:44:22Z
2026-07-03T17:43:44Z,2026-07-03T19:43:44+0200,58f0f667-5017-4e2f-a8f0-60c0494acd3e,2026-06-22T07:45:00Z,2026-06-22T09:45:00+0200,11841.00488,MW,FR,FR,forecast_solar_generation,Solar,2026-07-03T17:44:22Z
2026-07-03T17:43:44Z,2026-07-03T19:43:44+0200,58f0f667-5017-4e2f-a8f0-60c0494acd3e,2026-06-22T08:00:00Z,2026-06-22T10:00:00+0200,12919.86914,MW,FR,FR,forecast_solar_generation,Solar,2026-07-03T17:44:22Z
2026-07-03T17:43:44Z,2026-07-03T19:43:44+0200,58f0f667-5017-4e2f-a8f0-60c0494acd3e,2026-06-22T08:15:00Z,2026-06-22T10:15:00+0200,13934.60352,MW,FR,FR,forecast_solar_generation,Solar,2026-07-03T17:44:22Z
2026-07-03T17:43:44Z,2026-07-03T19:43:44+0200,58f0f667-5017-4e2f-a8f0-60c0494acd3e,2026-06-22T08:30:00Z,2026-06-22T10:30:00+0200,14926.86426,MW,FR,FR,forecast_solar_generation,Solar,2026-07-03T17:44:22Z
2026-07-03T17:43:44Z,2026-07-03T19:43:44+0200,58f0f667-5017-4e2f-a8f0-60c0494acd3e,2026-06-22T08:45:00Z,2026-06-22T10:45:00+0200,15705.03418,MW,FR,FR,forecast_solar_generation,Solar,2026-07-03T17:44:22Z
2026-07-03T17:43:44Z,2026-07-03T19:43:44+0200,58f0f667-5017-4e2f-a8f0-60c0494acd3e,2026-06-22T09:00:00Z,2026-06-22T11:00:00+0200,16390.0293,MW,FR,FR,forecast_solar_generation,Solar,2026-07-03T17:44:22Z
2026-07-03T17:43:44Z,2026-07-03T19:43:44+0200,58f0f667-5017-4e2f-a8f0-60c0494acd3e,2026-06-22T09:15:00Z,2026-06-22T11:15:00+0200,17086.9375,MW,FR,FR,forecast_solar_generation,Solar,2026-07-03T17:44:22Z
2026-07-03T17:43:44Z,2026-07-03T19:43:44+0200,58f0f667-5017-4e2f-a8f0-60c0494acd3e,2026-06-22T09:30:00Z,2026-06-22T11:30:00+0200,17741.37695,MW,FR,FR,forecast_solar_generation,Solar,2026-07-03T17:44:22Z
2026-07-03T17:43:44Z,2026-07-03T19:43:44+0200,58f0f667-5017-4e2f-a8f0-60c0494acd3e,2026-06-22T09:45:00Z,2026-06-22T11:45:00+0200,18294.61523,MW,FR,FR,forecast_solar_generation,Solar,2026-07-03T17:44:22Z
2026-07-03T17:43:44Z,2026-07-03T19:43:44+0200,58f0f667-5017-4e2f-a8f0-60c0494acd3e,2026-06-22T10:00:00Z,2026-06-22T12:00:00+0200,18731.11328,MW,FR,FR,forecast_solar_generation,Solar,2026-07-03T17:44:22Z
2026-07-03T17:43:44Z,2026-07-03T19:43:44+0200,58f0f667-5017-4e2f-a8f0-60c0494acd3e,2026-06-22T10:15:00Z,2026-06-22T12:15:00+0200,19098.66602,MW,FR,FR,forecast_solar_generation,Solar,2026-07-03T17:44:22Z
2026-07-03T17:43:44Z,2026-07-03T19:43:44+0200,58f0f667-5017-4e2f-a8f0-60c0494acd3e,2026-06-22T10:30:00Z,2026-06-22T12:30:00+0200,19393.25195,MW,FR,FR,forecast_solar_generation,Solar,2026-07-03T17:44:22Z
2026-07-03T17:43:44Z,2026-07-03T19:43:44+0200,58f0f667-5017-4e2f-a8f0-60c0494acd3e,2026-06-22T10:45:00Z,2026-06-22T12:45:00+0200,19583.7207,MW,FR,FR,forecast_solar_generation,Solar,2026-07-03T17:44:22Z
2026-07-03T17:43:44Z,2026-07-03T19:43:44+0200,58f0f667-5017-4e2f-a8f0-60c0494acd3e,2026-06-22T11:00:00Z,2026-06-22T13:00:00+0200,19749.16211,MW,FR,FR,forecast_solar_generation,Solar,2026-07-03T17:44:22Z
2026-07-03T17:43:44Z,2026-07-03T19:43:44+0200,58f0f667-5017-4e2f-a8f0-60c0494acd3e,2026-06-22T11:15:00Z,2026-06-22T13:15:00+0200,19839.32617,MW,FR,FR,forecast_solar_generation,Solar,2026-07-03T17:44:22Z
2026-07-03T17:43:44Z,2026-07-03T19:43:44+0200,58f0f667-5017-4e2f-a8f0-60c0494acd3e,2026-06-22T11:30:00Z,2026-06-22T13:30:00+0200,19901.07812,MW,FR,FR,forecast_solar_generation,Solar,2026-07-03T17:44:22Z
2026-07-03T17:43:44Z,2026-07-03T19:43:44+0200,58f0f667-5017-4e2f-a8f0-60c0494acd3e,2026-06-22T11:45:00Z,2026-06-22T13:45:00+0200,19931.91602,MW,FR,FR,forecast_solar_generation,Solar,2026-07-03T17:44:22Z
2026-07-03T17:43:44Z,2026-07-03T19:43:44+0200,58f0f667-5017-4e2f-a8f0-60c0494acd3e,2026-06-22T12:00:00Z,2026-06-22T14:00:00+0200,19934.27148,MW,FR,FR,forecast_solar_generation,Solar,2026-07-03T17:44:22Z
2026-07-03T17:43:44Z,2026-07-03T19:43:44+0200,58f0f667-5017-4e2f-a8f0-60c0494acd3e,2026-06-22T12:15:00Z,2026-06-22T14:15:00+0200,19852.61914,MW,FR,FR,forecast_solar_generation,Solar,2026-07-03T17:44:22Z
2026-07-03T17:43:44Z,2026-07-03T19:43:44+0200,58f0f667-5017-4e2f-a8f0-60c0494acd3e,2026-06-22T12:30:00Z,2026-06-22T14:30:00+0200,19748.24414,MW,FR,FR,forecast_solar_generation,Solar,2026-07-03T17:44:22Z
2026-07-03T17:43:44Z,2026-07-03T19:43:44+0200,58f0f667-5017-4e2f-a8f0-60c0494acd3e,2026-06-22T12:45:00Z,2026-06-22T14:45:00+0200,19565.83398,MW,FR,FR,forecast_solar_generation,Solar,2026-07-03T17:44:22Z
2026-07-03T17:43:44Z,2026-07-03T19:43:44+0200,58f0f667-5017-4e2f-a8f0-60c0494acd3e,2026-06-22T13:00:00Z,2026-06-22T15:00:00+0200,19326.74805,MW,FR,FR,forecast_solar_generation,Solar,2026-07-03T17:44:22Z
2026-07-03T17:43:44Z,2026-07-03T19:43:44+0200,58f0f667-5017-4e2f-a8f0-60c0494acd3e,2026-06-22T13:15:00Z,2026-06-22T15:15:00+0200,19039.14453,MW,FR,FR,forecast_solar_generation,Solar,2026-07-03T17:44:22Z
2026-07-03T17:43:44Z,2026-07-03T19:43:44+0200,58f0f667-5017-4e2f-a8f0-60c0494acd3e,2026-06-22T13:30:00Z,2026-06-22T15:30:00+0200,18734.74219,MW,FR,FR,forecast_solar_generation,Solar,2026-07-03T17:44:22Z
2026-07-03T17:43:44Z,2026-07-03T19:43:44+0200,58f0f667-5017-4e2f-a8f0-60c0494acd3e,2026-06-22T13:45:00Z,2026-06-22T15:45:00+0200,18265.75391,MW,FR,FR,forecast_solar_generation,Solar,2026-07-03T17:44:22Z
2026-07-03T17:43:44Z,2026-07-03T19:43:44+0200,58f0f667-5017-4e2f-a8f0-60c0494acd3e,2026-06-22T14:00:00Z,2026-06-22T16:00:00+0200,17729.79102,MW,FR,FR,forecast_solar_generation,Solar,2026-07-03T17:44:22Z
2026-07-03T17:43:44Z,2026-07-03T19:43:44+0200,58f0f667-5017-4e2f-a8f0-60c0494acd3e,2026-06-22T14:15:00Z,2026-06-22T16:15:00+0200,17130.25781,MW,FR,FR,forecast_solar_generation,Solar,2026-07-03T17:44:22Z
2026-07-03T17:43:44Z,2026-07-03T19:43:44+0200,58f0f667-5017-4e2f-a8f0-60c0494acd3e,2026-06-22T14:30:00Z,2026-06-22T16:30:00+0200,16482.18945,MW,FR,FR,forecast_solar_generation,Solar,2026-07-03T17:44:22Z
2026-07-03T17:43:44Z,2026-07-03T19:43:44+0200,58f0f667-5017-4e2f-a8f0-60c0494acd3e,2026-06-22T14:45:00Z,2026-06-22T16:45:00+0200,15692.49902,MW,FR,FR,forecast_solar_generation,Solar,2026-07-03T17:44:22Z
2026-07-03T17:43:44Z,2026-07-03T19:43:44+0200,58f0f667-5017-4e2f-a8f0-60c0494acd3e,2026-06-22T15:00:00Z,2026-06-22T17:00:00+0200,14935.7334,MW,FR,FR,forecast_solar_generation,Solar,2026-07-03T17:44:22Z
2026-07-03T17:43:44Z,2026-07-03T19:43:44+0200,58f0f667-5017-4e2f-a8f0-60c0494acd3e,2026-06-22T15:15:00Z,2026-06-22T17:15:00+0200,14101.68262,MW,FR,FR,forecast_solar_generation,Solar,2026-07-03T17:44:22Z
2026-07-03T17:43:44Z,2026-07-03T19:43:44+0200,58f0f667-5017-4e2f-a8f0-60c0494acd3e,2026-06-22T15:30:00Z,2026-06-22T17:30:00+0200,13231.78418,MW,FR,FR,forecast_solar_generation,Solar,2026-07-03T17:44:22Z
2026-07-03T17:43:44Z,2026-07-03T19:43:44+0200,58f0f667-5017-4e2f-a8f0-60c0494acd3e,2026-06-22T15:45:00Z,2026-06-22T17:45:00+0200,12346.93848,MW,FR,FR,forecast_solar_generation,Solar,2026-07-03T17:44:22Z
2026-07-03T17:43:44Z,2026-07-03T19:43:44+0200,58f0f667-5017-4e2f-a8f0-60c0494acd3e,2026-06-22T16:00:00Z,2026-06-22T18:00:00+0200,11366.71777,MW,FR,FR,forecast_solar_generation,Solar,2026-07-03T17:44:22Z
2026-07-03T17:43:44Z,2026-07-03T19:43:44+0200,58f0f667-5017-4e2f-a8f0-60c0494acd3e,2026-06-22T16:15:00Z,2026-06-22T18:15:00+0200,10409.54297,MW,FR,FR,forecast_solar_generation,Solar,2026-07-03T17:44:22Z
2026-07-03T17:43:44Z,2026-07-03T19:43:44+0200,58f0f667-5017-4e2f-a8f0-60c0494acd3e,2026-06-22T16:30:00Z,2026-06-22T18:30:00+0200,9428.0957,MW,FR,FR,forecast_solar_generation,Solar,2026-07-03T17:44:22Z
2026-07-03T17:43:44Z,2026-07-03T19:43:44+0200,58f0f667-5017-4e2f-a8f0-60c0494acd3e,2026-06-22T16:45:00Z,2026-06-22T18:45:00+0200,8481.20605,MW,FR,FR,forecast_solar_generation,Solar,2026-07-03T17:44:22Z
2026-07-03T17:43:44Z,2026-07-03T19:43:44+0200,58f0f667-5017-4e2f-a8f0-60c0494acd3e,2026-06-22T17:00:00Z,2026-06-22T19:00:00+0200,7396.27979,MW,FR,FR,forecast_solar_generation,Solar,2026-07-03T17:44:22Z
2026-07-03T17:43:44Z,2026-07-03T19:43:44+0200,58f0f667-5017-4e2f-a8f0-60c0494acd3e,2026-06-22T17:15:00Z,2026-06-22T19:15:00+0200,6402.30029,MW,FR,FR,forecast_solar_generation,Solar,2026-07-03T17:44:22Z
2026-07-03T17:43:44Z,2026-07-03T19:43:44+0200,58f0f667-5017-4e2f-a8f0-60c0494acd3e,2026-06-22T17:30:00Z,2026-06-22T19:30:00+0200,5274.30273,MW,FR,FR,forecast_solar_generation,Solar,2026-07-03T17:44:22Z
2026-07-03T17:43:44Z,2026-07-03T19:43:44+0200,58f0f667-5017-4e2f-a8f0-60c0494acd3e,2026-06-22T17:45:00Z,2026-06-22T19:45:00+0200,4377.1084,MW,FR,FR,forecast_solar_generation,Solar,2026-07-03T17:44:22Z
2026-07-03T17:43:44Z,2026-07-03T19:43:44+0200,58f0f667-5017-4e2f-a8f0-60c0494acd3e,2026-06-22T18:00:00Z,2026-06-22T20:00:00+0200,3405.08643,MW,FR,FR,forecast_solar_generation,Solar,2026-07-03T17:44:22Z
2026-07-03T17:43:44Z,2026-07-03T19:43:44+0200,58f0f667-5017-4e2f-a8f0-60c0494acd3e,2026-06-22T18:15:00Z,2026-06-22T20:15:00+0200,2569.26733,MW,FR,FR,forecast_solar_generation,Solar,2026-07-03T17:44:22Z
2026-07-03T17:43:44Z,2026-07-03T19:43:44+0200,58f0f667-5017-4e2f-a8f0-60c0494acd3e,2026-06-22T18:30:00Z,2026-06-22T20:30:00+0200,1859.03369,MW,FR,FR,forecast_solar_generation,Solar,2026-07-03T17:44:22Z
2026-07-03T17:43:44Z,2026-07-03T19:43:44+0200,58f0f667-5017-4e2f-a8f0-60c0494acd3e,2026-06-22T18:45:00Z,2026-06-22T20:45:00+0200,1331.69458,MW,FR,FR,forecast_solar_generation,Solar,2026-07-03T17:44:22Z
2026-07-03T17:43:44Z,2026-07-03T19:43:44+0200,58f0f667-5017-4e2f-a8f0-60c0494acd3e,2026-06-22T19:00:00Z,2026-06-22T21:00:00+0200,893.34839,MW,FR,FR,forecast_solar_generation,Solar,2026-07-03T17:44:22Z
2026-07-03T17:43:44Z,2026-07-03T19:43:44+0200,58f0f667-5017-4e2f-a8f0-60c0494acd3e,2026-06-22T19:15:00Z,2026-06-22T21:15:00+0200,518.70441,MW,FR,FR,forecast_solar_generation,Solar,2026-07-03T17:44:22Z
2026-07-03T17:43:44Z,2026-07-03T19:43:44+0200,58f0f667-5017-4e2f-a8f0-60c0494acd3e,2026-06-22T19:30:00Z,2026-06-22T21:30:00+0200,217.8725,MW,FR,FR,forecast_solar_generation,Solar,2026-07-03T17:44:22Z
2026-07-03T17:43:44Z,2026-07-03T19:43:44+0200,58f0f667-5017-4e2f-a8f0-60c0494acd3e,2026-06-22T19:45:00Z,2026-06-22T21:45:00+0200,73.58953,MW,FR,FR,forecast_solar_generation,Solar,2026-07-03T17:44:22Z
2026-07-03T17:43:44Z,2026-07-03T19:43:44+0200,58f0f667-5017-4e2f-a8f0-60c0494acd3e,2026-06-22T20:00:00Z,2026-06-22T22:00:00+0200,13.13012,MW,FR,FR,forecast_solar_generation,Solar,2026-07-03T17:44:22Z
2026-07-03T17:43:44Z,2026-07-03T19:43:44+0200,58f0f667-5017-4e2f-a8f0-60c0494acd3e,2026-06-22T20:15:00Z,2026-06-22T22:15:00+0200,0.01285,MW,FR,FR,forecast_solar_generation,Solar,2026-07-03T17:44:22Z
2026-07-03T17:43:44Z,2026-07-03T19:43:44+0200,58f0f667-5017-4e2f-a8f0-60c0494acd3e,2026-06-22T20:30:00Z,2026-06-22T22:30:00+0200,0.0,MW,FR,FR,forecast_solar_generation,Solar,2026-07-03T17:44:22Z
2026-07-03T17:43:44Z,2026-07-03T19:43:44+0200,58f0f667-5017-4e2f-a8f0-60c0494acd3e,2026-06-22T20:45:00Z,2026-06-22T22:45:00+0200,0.0,MW,FR,FR,forecast_solar_generation,Solar,2026-07-03T17:44:22Z
2026-07-03T17:43:44Z,2026-07-03T19:43:44+0200,58f0f667-5017-4e2f-a8f0-60c0494acd3e,2026-06-22T21:00:00Z,2026-06-22T23:00:00+0200,0.0,MW,FR,FR,forecast_solar_generation,Solar,2026-07-03T17:44:22Z
2026-07-03T17:43:44Z,2026-07-03T19:43:44+0200,58f0f667-5017-4e2f-a8f0-60c0494acd3e,2026-06-22T21:15:00Z,2026-06-22T23:15:00+0200,0.0,MW,FR,FR,forecast_solar_generation,Solar,2026-07-03T17:44:22Z
2026-07-03T17:43:44Z,2026-07-03T19:43:44+0200,58f0f667-5017-4e2f-a8f0-60c0494acd3e,2026-06-22T21:30:00Z,2026-06-22T23:30:00+0200,0.0,MW,FR,FR,forecast_solar_generation,Solar,2026-07-03T17:44:22Z
2026-07-03T17:43:44Z,2026-07-03T19:43:44+0200,58f0f667-5017-4e2f-a8f0-60c0494acd3e,2026-06-22T21:45:00Z,2026-06-22T23:45:00+0200,0.0,MW,FR,FR,forecast_solar_generation,Solar,2026-07-03T17:44:22Z
2026-07-03T17:43:44Z,2026-07-03T19:43:44+0200,58f0f667-5017-4e2f-a8f0-60c0494acd3e,2026-06-22T22:00:00Z,2026-06-23T00:00:00+0200,0.0,MW,FR,FR,forecast_solar_generation,Solar,2026-07-03T17:44:22Z
2026-07-03T17:43:44Z,2026-07-03T19:43:44+0200,58f0f667-5017-4e2f-a8f0-60c0494acd3e,2026-06-22T22:15:00Z,2026-06-23T00:15:00+0200,0.0,MW,FR,FR,forecast_solar_generation,Solar,2026-07-03T17:44:22Z
2026-07-03T17:43:44Z,2026-07-03T19:43:44+0200,58f0f667-5017-4e2f-a8f0-60c0494acd3e,2026-06-22T22:30:00Z,2026-06-23T00:30:00+0200,0.0,MW,FR,FR,forecast_solar_generation,Solar,2026-07-03T17:44:22Z
2026-07-03T17:43:44Z,2026-07-03T19:43:44+0200,58f0f667-5017-4e2f-a8f0-60c0494acd3e,2026-06-22T22:45:00Z,2026-06-23T00:45:00+0200,0.0,MW,FR,FR,forecast_solar_generation,Solar,2026-07-03T17:44:22Z
2026-07-03T17:43:44Z,2026-07-03T19:43:44+0200,58f0f667-5017-4e2f-a8f0-60c0494acd3e,2026-06-22T23:00:00Z,2026-06-23T01:00:00+0200,0.0,MW,FR,FR,forecast_solar_generation,Solar,2026-07-03T17:44:22Z
2026-07-03T17:43:44Z,2026-07-03T19:43:44+0200,58f0f667-5017-4e2f-a8f0-60c0494acd3e,2026-06-22T23:15:00Z,2026-06-23T01:15:00+0200,0.0,MW,FR,FR,forecast_solar_generation,Solar,2026-07-03T17:44:22Z
2026-07-03T17:43:44Z,2026-07-03T19:43:44+0200,58f0f667-5017-4e2f-a8f0-60c0494acd3e,2026-06-22T23:30:00Z,2026-06-23T01:30:00+0200,0.0,MW,FR,FR,forecast_solar_generation,Solar,2026-07-03T17:44:22Z
2026-07-03T17:43:44Z,2026-07-03T19:43:44+0200,58f0f667-5017-4e2f-a8f0-60c0494acd3e,2026-06-22T23:45:00Z,2026-06-23T01:45:00+0200,0.0,MW,FR,FR,forecast_solar_generation,Solar,2026-07-03T17:44:22Z
2026-07-03T17:43:44Z,2026-07-03T19:43:44+0200,58f0f667-5017-4e2f-a8f0-60c0494acd3e,2026-06-23T00:00:00Z,2026-06-23T02:00:00+0200,0.0,MW,FR,FR,forecast_solar_generation,Solar,2026-07-03T17:44:22Z
2026-07-03T17:43:44Z,2026-07-03T19:43:44+0200,58f0f667-5017-4e2f-a8f0-60c0494acd3e,2026-06-23T00:15:00Z,2026-06-23T02:15:00+0200,0.0,MW,FR,FR,forecast_solar_generation,Solar,2026-07-03T17:44:22Z
2026-07-03T17:43:44Z,2026-07-03T19:43:44+0200,58f0f667-5017-4e2f-a8f0-60c0494acd3e,2026-06-23T00:30:00Z,2026-06-23T02:30:00+0200,0.0,MW,FR,FR,forecast_solar_generation,Solar,2026-07-03T17:44:22Z
2026-07-03T17:43:44Z,2026-07-03T19:43:44+0200,58f0f667-5017-4e2f-a8f0-60c0494acd3e,2026-06-23T00:45:00Z,2026-06-23T02:45:00+0200,0.0,MW,FR,FR,forecast_solar_generation,Solar,2026-07-03T17:44:22Z
2026-07-03T17:43:44Z,2026-07-03T19:43:44+0200,58f0f667-5017-4e2f-a8f0-60c0494acd3e,2026-06-23T01:00:00Z,2026-06-23T03:00:00+0200,0.0,MW,FR,FR,forecast_solar_generation,Solar,2026-07-03T17:44:22Z
2026-07-03T17:43:44Z,2026-07-03T19:43:44+0200,58f0f667-5017-4e2f-a8f0-60c0494acd3e,2026-06-23T01:15:00Z,2026-06-23T03:15:00+0200,0.0,MW,FR,FR,forecast_solar_generation,Solar,2026-07-03T17:44:22Z
2026-07-03T17:43:44Z,2026-07-03T19:43:44+0200,58f0f667-5017-4e2f-a8f0-60c0494acd3e,2026-06-23T01:30:00Z,2026-06-23T03:30:00+0200,0.0,MW,FR,FR,forecast_solar_generation,Solar,2026-07-03T17:44:22Z
2026-07-03T17:43:44Z,2026-07-03T19:43:44+0200,58f0f667-5017-4e2f-a8f0-60c0494acd3e,2026-06-23T01:45:00Z,2026-06-23T03:45:00+0200,0.0,MW,FR,FR,forecast_solar_generation,Solar,2026-07-03T17:44:22Z
2026-07-03T17:43:44Z,2026-07-03T19:43:44+0200,58f0f667-5017-4e2f-a8f0-60c0494acd3e,2026-06-23T02:00:00Z,2026-06-23T04:00:00+0200,0.0,MW,FR,FR,forecast_solar_generation,Solar,2026-07-03T17:44:22Z
2026-07-03T17:43:44Z,2026-07-03T19:43:44+0200,58f0f667-5017-4e2f-a8f0-60c0494acd3e,2026-06-23T02:15:00Z,2026-06-23T04:15:00+0200,0.0,MW,FR,FR,forecast_solar_generation,Solar,2026-07-03T17:44:22Z
2026-07-03T17:43:44Z,2026-07-03T19:43:44+0200,58f0f667-5017-4e2f-a8f0-60c0494acd3e,2026-06-23T02:30:00Z,2026-06-23T04:30:00+0200,0.0,MW,FR,FR,forecast_solar_generation,Solar,2026-07-03T17:44:22Z
2026-07-03T17:43:44Z,2026-07-03T19:43:44+0200,58f0f667-5017-4e2f-a8f0-60c0494acd3e,2026-06-23T02:45:00Z,2026-06-23T04:45:00+0200,0.0,MW,FR,FR,forecast_solar_generation,Solar,2026-07-03T17:44:22Z
2026-07-03T17:43:44Z,2026-07-03T19:43:44+0200,58f0f667-5017-4e2f-a8f0-60c0494acd3e,2026-06-23T03:00:00Z,2026-06-23T05:00:00+0200,0.0,MW,FR,FR,forecast_solar_generation,Solar,2026-07-03T17:44:22Z
2026-07-03T17:43:44Z,2026-07-03T19:43:44+0200,58f0f667-5017-4e2f-a8f0-60c0494acd3e,2026-06-23T03:15:00Z,2026-06-23T05:15:00+0200,0.0,MW,FR,FR,forecast_solar_generation,Solar,2026-07-03T17:44:22Z
2026-07-03T17:43:44Z,2026-07-03T19:43:44+0200,58f0f667-5017-4e2f-a8f0-60c0494acd3e,2026-06-23T03:30:00Z,2026-06-23T05:30:00+0200,0.0,MW,FR,FR,forecast_solar_generation,Solar,2026-07-03T17:44:22Z
2026-07-03T17:43:44Z,2026-07-03T19:43:44+0200,58f0f667-5017-4e2f-a8f0-60c0494acd3e,2026-06-23T03:45:00Z,2026-06-23T05:45:00+0200,0.0,MW,FR,FR,forecast_solar_generation,Solar,2026-07-03T17:44:22Z
2026-07-03T17:43:44Z,2026-07-03T19:43:44+0200,58f0f667-5017-4e2f-a8f0-60c0494acd3e,2026-06-23T04:00:00Z,2026-06-23T06:00:00+0200,0.0,MW,FR,FR,forecast_solar_generation,Solar,2026-07-03T17:44:22Z
2026-07-03T17:43:44Z,2026-07-03T19:43:44+0200,58f0f667-5017-4e2f-a8f0-60c0494acd3e,2026-06-23T04:15:00Z,2026-06-23T06:15:00+0200,194.99722,MW,FR,FR,forecast_solar_generation,Solar,2026-07-03T17:44:22Z
2026-07-03T17:43:44Z,2026-07-03T19:43:44+0200,58f0f667-5017-4e2f-a8f0-60c0494acd3e,2026-06-23T04:30:00Z,2026-06-23T06:30:00+0200,325.71045,MW,FR,FR,forecast_solar_generation,Solar,2026-07-03T17:44:22Z
2026-07-03T17:43:44Z,2026-07-03T19:43:44+0200,58f0f667-5017-4e2f-a8f0-60c0494acd3e,2026-06-23T04:45:00Z,2026-06-23T06:45:00+0200,689.28528,MW,FR,FR,forecast_solar_generation,Solar,2026-07-03T17:44:22Z
2026-07-03T17:43:44Z,2026-07-03T19:43:44+0200,58f0f667-5017-4e2f-a8f0-60c0494acd3e,2026-06-23T05:00:00Z,2026-06-23T07:00:00+0200,1132.06335,MW,FR,FR,forecast_solar_generation,Solar,2026-07-03T17:44:22Z
2026-07-03T17:43:44Z,2026-07-03T19:43:44+0200,58f0f667-5017-4e2f-a8f0-60c0494acd3e,2026-06-23T05:15:00Z,2026-06-23T07:15:00+0200,1650.57898,MW,FR,FR,forecast_solar_generation,Solar,2026-07-03T17:44:22Z
2026-07-03T17:43:44Z,2026-07-03T19:43:44+0200,58f0f667-5017-4e2f-a8f0-60c0494acd3e,2026-06-23T05:30:00Z,2026-06-23T07:30:00+0200,2250.3103,MW,FR,FR,forecast_solar_generation,Solar,2026-07-03T17:44:22Z
2026-07-03T17:43:44Z,2026-07-03T19:43:44+0200,58f0f667-5017-4e2f-a8f0-60c0494acd3e,2026-06-23T05:45:00Z,2026-06-23T07:45:00+0200,3120.99146,MW,FR,FR,forecast_solar_generation,Solar,2026-07-03T17:44:22Z
2026-07-03T17:43:44Z,2026-07-03T19:43:44+0200,58f0f667-5017-4e2f-a8f0-60c0494acd3e,2026-06-23T06:00:00Z,2026-06-23T08:00:00+0200,4054.19507,MW,FR,FR,forecast_solar_generation,Solar,2026-07-03T17:44:22Z
2026-07-03T17:43:44Z,2026-07-03T19:43:44+0200,58f0f667-5017-4e2f-a8f0-60c0494acd3e,2026-06-23T06:15:00Z,2026-06-23T08:15:00+0200,5103.39111,MW,FR,FR,forecast_solar_generation,Solar,2026-07-03T17:44:22Z
2026-07-03T17:43:44Z,2026-07-03T19:43:44+0200,58f0f667-5017-4e2f-a8f0-60c0494acd3e,2026-06-23T06:30:00Z,2026-06-23T08:30:00+0200,6293.77246,MW,FR,FR,forecast_solar_generation,Solar,2026-07-03T17:44:22Z
2026-07-03T17:43:44Z,2026-07-03T19:43:44+0200,58f0f667-5017-4e2f-a8f0-60c0494acd3e,2026-06-23T06:45:00Z,2026-06-23T08:45:00+0200,7430.98389,MW,FR,FR,forecast_solar_generation,Solar,2026-07-03T17:44:22Z
2026-07-03T17:43:44Z,2026-07-03T19:43:44+0200,58f0f667-5017-4e2f-a8f0-60c0494acd3e,2026-06-23T07:00:00Z,2026-06-23T09:00:00+0200,8662.18945,MW,FR,FR,forecast_solar_generation,Solar,2026-07-03T17:44:22Z
2026-07-03T17:43:44Z,2026-07-03T19:43:44+0200,58f0f667-5017-4e2f-a8f0-60c0494acd3e,2026-06-23T07:15:00Z,2026-06-23T09:15:00+0200,9789.50684,MW,FR,FR,forecast_solar_generation,Solar,2026-07-03T17:44:22Z
2026-07-03T17:43:44Z,2026-07-03T19:43:44+0200,58f0f667-5017-4e2f-a8f0-60c0494acd3e,2026-06-23T07:30:00Z,2026-06-23T09:30:00+0200,10980.08789,MW,FR,FR,forecast_solar_generation,Solar,2026-07-03T17:44:22Z
2026-07-03T17:43:44Z,2026-07-03T19:43:44+0200,58f0f667-5017-4e2f-a8f0-60c0494acd3e,2026-06-23T07:45:00Z,2026-06-23T09:45:00+0200,12066.96094,MW,FR,FR,forecast_solar_generation,Solar,2026-07-03T17:44:22Z
2026-07-03T17:43:44Z,2026-07-03T19:43:44+0200,58f0f667-5017-4e2f-a8f0-60c0494acd3e,2026-06-23T08:00:00Z,2026-06-23T10:00:00+0200,13162.31836,MW,FR,FR,forecast_solar_generation,Solar,2026-07-03T17:44:22Z
2026-07-03T17:43:44Z,2026-07-03T19:43:44+0200,58f0f667-5017-4e2f-a8f0-60c0494acd3e,2026-06-23T08:15:00Z,2026-06-23T10:15:00+0200,14161.91406,MW,FR,FR,forecast_solar_generation,Solar,2026-07-03T17:44:22Z
2026-07-03T17:43:44Z,2026-07-03T19:43:44+0200,58f0f667-5017-4e2f-a8f0-60c0494acd3e,2026-06-23T08:30:00Z,2026-06-23T10:30:00+0200,15165.96289,MW,FR,FR,forecast_solar_generation,Solar,2026-07-03T17:44:22Z
2026-07-03T17:43:44Z,2026-07-03T19:43:44+0200,58f0f667-5017-4e2f-a8f0-60c0494acd3e,2026-06-23T08:45:00Z,2026-06-23T10:45:00+0200,15938.11914,MW,FR,FR,forecast_solar_generation,Solar,2026-07-03T17:44:22Z
2026-07-03T17:43:44Z,2026-07-03T19:43:44+0200,58f0f667-5017-4e2f-a8f0-60c0494acd3e,2026-06-23T09:00:00Z,2026-06-23T11:00:00+0200,16611.60938,MW,FR,FR,forecast_solar_generation,Solar,2026-07-03T17:44:22Z
2026-07-03T17:43:44Z,2026-07-03T19:43:44+0200,58f0f667-5017-4e2f-a8f0-60c0494acd3e,2026-06-23T09:15:00Z,2026-06-23T11:15:00+0200,17306.8125,MW,FR,FR,forecast_solar_generation,Solar,2026-07-03T17:44:22Z
2026-07-03T17:43:44Z,2026-07-03T19:43:44+0200,58f0f667-5017-4e2f-a8f0-60c0494acd3e,2026-06-23T09:30:00Z,2026-06-23T11:30:00+0200,17971.94141,MW,FR,FR,forecast_solar_generation,Solar,2026-07-03T17:44:22Z
2026-07-03T17:43:44Z,2026-07-03T19:43:44+0200,58f0f667-5017-4e2f-a8f0-60c0494acd3e,2026-06-23T09:45:00Z,2026-06-23T11:45:00+0200,18472.08398,MW,FR,FR,forecast_solar_generation,Solar,2026-07-03T17:44:22Z
2026-07-03T17:43:44Z,2026-07-03T19:43:44+0200,58f0f667-5017-4e2f-a8f0-60c0494acd3e,2026-06-23T10:00:00Z,2026-06-23T12:00:00+0200,18925.79297,MW,FR,FR,forecast_solar_generation,Solar,2026-07-03T17:44:22Z
2026-07-03T17:43:44Z,2026-07-03T19:43:44+0200,58f0f667-5017-4e2f-a8f0-60c0494acd3e,2026-06-23T10:15:00Z,2026-06-23T12:15:00+0200,19286.09375,MW,FR,FR,forecast_solar_generation,Solar,2026-07-03T17:44:22Z
2026-07-03T17:43:44Z,2026-07-03T19:43:44+0200,58f0f667-5017-4e2f-a8f0-60c0494acd3e,2026-06-23T10:30:00Z,2026-06-23T12:30:00+0200,19604.28125,MW,FR,FR,forecast_solar_generation,Solar,2026-07-03T17:44:22Z
2026-07-03T17:43:44Z,2026-07-03T19:43:44+0200,58f0f667-5017-4e2f-a8f0-60c0494acd3e,2026-06-23T10:45:00Z,2026-06-23T12:45:00+0200,19794.4668,MW,FR,FR,forecast_solar_generation,Solar,2026-07-03T17:44:22Z
2026-07-03T17:43:44Z,2026-07-03T19:43:44+0200,58f0f667-5017-4e2f-a8f0-60c0494acd3e,2026-06-23T11:00:00Z,2026-06-23T13:00:00+0200,19993.88281,MW,FR,FR,forecast_solar_generation,Solar,2026-07-03T17:44:22Z
2026-07-03T17:43:44Z,2026-07-03T19:43:44+0200,58f0f667-5017-4e2f-a8f0-60c0494acd3e,2026-06-23T11:15:00Z,2026-06-23T13:15:00+0200,20111.33203,MW,FR,FR,forecast_solar_generation,Solar,2026-07-03T17:44:22Z
2026-07-03T17:43:44Z,2026-07-03T19:43:44+0200,58f0f667-5017-4e2f-a8f0-60c0494acd3e,2026-06-23T11:30:00Z,2026-06-23T13:30:00+0200,20189.25977,MW,FR,FR,forecast_solar_generation,Solar,2026-07-03T17:44:22Z
2026-07-03T17:43:44Z,2026-07-03T19:43:44+0200,58f0f667-5017-4e2f-a8f0-60c0494acd3e,2026-06-23T11:45:00Z,2026-06-23T13:45:00+0200,20206.92188,MW,FR,FR,forecast_solar_generation,Solar,2026-07-03T17:44:22Z
2026-07-03T17:43:44Z,2026-07-03T19:43:44+0200,58f0f667-5017-4e2f-a8f0-60c0494acd3e,2026-06-23T12:00:00Z,2026-06-23T14:00:00+0200,20194.01562,MW,FR,FR,forecast_solar_generation,Solar,2026-07-03T17:44:22Z
2026-07-03T17:43:44Z,2026-07-03T19:43:44+0200,58f0f667-5017-4e2f-a8f0-60c0494acd3e,2026-06-23T12:15:00Z,2026-06-23T14:15:00+0200,20118.85156,MW,FR,FR,forecast_solar_generation,Solar,2026-07-03T17:44:22Z
2026-07-03T17:43:44Z,2026-07-03T19:43:44+0200,58f0f667-5017-4e2f-a8f0-60c0494acd3e,2026-06-23T12:30:00Z,2026-06-23T14:30:00+0200,20021.05078,MW,FR,FR,forecast_solar_generation,Solar,2026-07-03T17:44:22Z
2026-07-03T17:43:44Z,2026-07-03T19:43:44+0200,58f0f667-5017-4e2f-a8f0-60c0494acd3e,2026-06-23T12:45:00Z,2026-06-23T14:45:00+0200,19808.81836,MW,FR,FR,forecast_solar_generation,Solar,2026-07-03T17:44:22Z
2026-07-03T17:43:44Z,2026-07-03T19:43:44+0200,58f0f667-5017-4e2f-a8f0-60c0494acd3e,2026-06-23T13:00:00Z,2026-06-23T15:00:00+0200,19516.22461,MW,FR,FR,forecast_solar_generation,Solar,2026-07-03T17:44:22Z
2026-07-03T17:43:44Z,2026-07-03T19:43:44+0200,58f0f667-5017-4e2f-a8f0-60c0494acd3e,2026-06-23T13:15:00Z,2026-06-23T15:15:00+0200,19165.03516,MW,FR,FR,forecast_solar_generation,Solar,2026-07-03T17:44:22Z
2026-07-03T17:43:44Z,2026-07-03T19:43:44+0200,58f0f667-5017-4e2f-a8f0-60c0494acd3e,2026-06-23T13:30:00Z,2026-06-23T15:30:00+0200,18756.32617,MW,FR,FR,forecast_solar_generation,Solar,2026-07-03T17:44:22Z
2026-07-03T17:43:44Z,2026-07-03T19:43:44+0200,58f0f667-5017-4e2f-a8f0-60c0494acd3e,2026-06-23T13:45:00Z,2026-06-23T15:45:00+0200,18250.77344,MW,FR,FR,forecast_solar_generation,Solar,2026-07-03T17:44:22Z
2026-07-03T17:43:44Z,2026-07-03T19:43:44+0200,58f0f667-5017-4e2f-a8f0-60c0494acd3e,2026-06-23T14:00:00Z,2026-06-23T16:00:00+0200,17698.35938,MW,FR,FR,forecast_solar_generation,Solar,2026-07-03T17:44:22Z
2026-07-03T17:43:44Z,2026-07-03T19:43:44+0200,58f0f667-5017-4e2f-a8f0-60c0494acd3e,2026-06-23T14:15:00Z,2026-06-23T16:15:00+0200,17108.33789,MW,FR,FR,forecast_solar_generation,Solar,2026-07-03T17:44:22Z
2026-07-03T17:43:44Z,2026-07-03T19:43:44+0200,58f0f667-5017-4e2f-a8f0-60c0494acd3e,2026-06-23T14:30:00Z,2026-06-23T16:30:00+0200,16465.15625,MW,FR,FR,forecast_solar_generation,Solar,2026-07-03T17:44:22Z
2026-07-03T17:43:44Z,2026-07-03T19:43:44+0200,58f0f667-5017-4e2f-a8f0-60c0494acd3e,2026-06-23T14:45:00Z,2026-06-23T16:45:00+0200,15772.79688,MW,FR,FR,forecast_solar_generation,Solar,2026-07-03T17:44:22Z
2026-07-03T17:43:44Z,2026-07-03T19:43:44+0200,58f0f667-5017-4e2f-a8f0-60c0494acd3e,2026-06-23T15:00:00Z,2026-06-23T17:00:00+0200,15053.39062,MW,FR,FR,forecast_solar_generation,Solar,2026-07-03T17:44:22Z
2026-07-03T17:43:44Z,2026-07-03T19:43:44+0200,58f0f667-5017-4e2f-a8f0-60c0494acd3e,2026-06-23T15:15:00Z,2026-06-23T17:15:00+0200,14292.78809,MW,FR,FR,forecast_solar_generation,Solar,2026-07-03T17:44:22Z
2026-07-03T17:43:44Z,2026-07-03T19:43:44+0200,58f0f667-5017-4e2f-a8f0-60c0494acd3e,2026-06-23T15:30:00Z,2026-06-23T17:30:00+0200,13488.0625,MW,FR,FR,forecast_solar_generation,Solar,2026-07-03T17:44:22Z
2026-07-03T17:43:44Z,2026-07-03T19:43:44+0200,58f0f667-5017-4e2f-a8f0-60c0494acd3e,2026-06-23T15:45:00Z,2026-06-23T17:45:00+0200,12637.72266,MW,FR,FR,forecast_solar_generation,Solar,2026-07-03T17:44:22Z
2026-07-03T17:43:44Z,2026-07-03T19:43:44+0200,58f0f667-5017-4e2f-a8f0-60c0494acd3e,2026-06-23T16:00:00Z,2026-06-23T18:00:00+0200,11704.00391,MW,FR,FR,forecast_solar_generation,Solar,2026-07-03T17:44:22Z
2026-07-03T17:43:44Z,2026-07-03T19:43:44+0200,58f0f667-5017-4e2f-a8f0-60c0494acd3e,2026-06-23T16:15:00Z,2026-06-23T18:15:00+0200,10722.78223,MW,FR,FR,forecast_solar_generation,Solar,2026-07-03T17:44:22Z
2026-07-03T17:43:44Z,2026-07-03T19:43:44+0200,58f0f667-5017-4e2f-a8f0-60c0494acd3e,2026-06-23T16:30:00Z,2026-06-23T18:30:00+0200,9744.25586,MW,FR,FR,forecast_solar_generation,Solar,2026-07-03T17:44:22Z
2026-07-03T17:43:44Z,2026-07-03T19:43:44+0200,58f0f667-5017-4e2f-a8f0-60c0494acd3e,2026-06-23T16:45:00Z,2026-06-23T18:45:00+0200,8748.43848,MW,FR,FR,forecast_solar_generation,Solar,2026-07-03T17:44:22Z
2026-07-03T17:43:44Z,2026-07-03T19:43:44+0200,58f0f667-5017-4e2f-a8f0-60c0494acd3e,2026-06-23T17:00:00Z,2026-06-23T19:00:00+0200,7655.22119,MW,FR,FR,forecast_solar_generation,Solar,2026-07-03T17:44:22Z
2026-07-03T17:43:44Z,2026-07-03T19:43:44+0200,58f0f667-5017-4e2f-a8f0-60c0494acd3e,2026-06-23T17:15:00Z,2026-06-23T19:15:00+0200,6632.47754,MW,FR,FR,forecast_solar_generation,Solar,2026-07-03T17:44:22Z
2026-07-03T17:43:44Z,2026-07-03T19:43:44+0200,58f0f667-5017-4e2f-a8f0-60c0494acd3e,2026-06-23T17:30:00Z,2026-06-23T19:30:00+0200,5506.66357,MW,FR,FR,forecast_solar_generation,Solar,2026-07-03T17:44:22Z
2026-07-03T17:43:44Z,2026-07-03T19:43:44+0200,58f0f667-5017-4e2f-a8f0-60c0494acd3e,2026-06-23T17:45:00Z,2026-06-23T19:45:00+0200,4582.76172,MW,FR,FR,forecast_solar_generation,Solar,2026-07-03T17:44:22Z
2026-07-03T17:43:44Z,2026-07-03T19:43:44+0200,58f0f667-5017-4e2f-a8f0-60c0494acd3e,2026-06-23T18:00:00Z,2026-06-23T20:00:00+0200,3577.05371,MW,FR,FR,forecast_solar_generation,Solar,2026-07-03T17:44:22Z
2026-07-03T17:43:44Z,2026-07-03T19:43:44+0200,58f0f667-5017-4e2f-a8f0-60c0494acd3e,2026-06-23T18:15:00Z,2026-06-23T20:15:00+0200,2710.05005,MW,FR,FR,forecast_solar_generation,Solar,2026-07-03T17:44:22Z
2026-07-03T17:43:44Z,2026-07-03T19:43:44+0200,58f0f667-5017-4e2f-a8f0-60c0494acd3e,2026-06-23T18:30:00Z,2026-06-23T20:30:00+0200,1977.37793,MW,FR,FR,forecast_solar_generation,Solar,2026-07-03T17:44:22Z
2026-07-03T17:43:44Z,2026-07-03T19:43:44+0200,58f0f667-5017-4e2f-a8f0-60c0494acd3e,2026-06-23T18:45:00Z,2026-06-23T20:45:00+0200,1426.82385,MW,FR,FR,forecast_solar_generation,Solar,2026-07-03T17:44:22Z
2026-07-03T17:43:44Z,2026-07-03T19:43:44+0200,58f0f667-5017-4e2f-a8f0-60c0494acd3e,2026-06-23T19:00:00Z,2026-06-23T21:00:00+0200,975.88251,MW,FR,FR,forecast_solar_generation,Solar,2026-07-03T17:44:22Z
2026-07-03T17:43:44Z,2026-07-03T19:43:44+0200,58f0f667-5017-4e2f-a8f0-60c0494acd3e,2026-06-23T19:15:00Z,2026-06-23T21:15:00+0200,577.69922,MW,FR,FR,forecast_solar_generation,Solar,2026-07-03T17:44:22Z
2026-07-03T17:43:44Z,2026-07-03T19:43:44+0200,58f0f667-5017-4e2f-a8f0-60c0494acd3e,2026-06-23T19:30:00Z,2026-06-23T21:30:00+0200,242.66682,MW,FR,FR,forecast_solar_generation,Solar,2026-07-03T17:44:22Z
2026-07-03T17:43:44Z,2026-07-03T19:43:44+0200,58f0f667-5017-4e2f-a8f0-60c0494acd3e,2026-06-23T19:45:00Z,2026-06-23T21:45:00+0200,83.08143,MW,FR,FR,forecast_solar_generation,Solar,2026-07-03T17:44:22Z
2026-07-03T17:43:44Z,2026-07-03T19:43:44+0200,58f0f667-5017-4e2f-a8f0-60c0494acd3e,2026-06-23T20:00:00Z,2026-06-23T22:00:00+0200,13.69317,MW,FR,FR,forecast_solar_generation,Solar,2026-07-03T17:44:22Z
2026-07-03T17:43:44Z,2026-07-03T19:43:44+0200,58f0f667-5017-4e2f-a8f0-60c0494acd3e,2026-06-23T20:15:00Z,2026-06-23T22:15:00+0200,0.01579,MW,FR,FR,forecast_solar_generation,Solar,2026-07-03T17:44:22Z
2026-07-03T17:43:44Z,2026-07-03T19:43:44+0200,58f0f667-5017-4e2f-a8f0-60c0494acd3e,2026-06-23T20:30:00Z,2026-06-23T22:30:00+0200,0.0,MW,FR,FR,forecast_solar_generation,Solar,2026-07-03T17:44:22Z
2026-07-03T17:43:44Z,2026-07-03T19:43:44+0200,58f0f667-5017-4e2f-a8f0-60c0494acd3e,2026-06-23T20:45:00Z,2026-06-23T22:45:00+0200,0.0,MW,FR,FR,forecast_solar_generation,Solar,2026-07-03T17:44:22Z
2026-07-03T17:43:44Z,2026-07-03T19:43:44+0200,58f0f667-5017-4e2f-a8f0-60c0494acd3e,2026-06-23T21:00:00Z,2026-06-23T23:00:00+0200,0.0,MW,FR,FR,forecast_solar_generation,Solar,2026-07-03T17:44:22Z
2026-07-03T17:43:44Z,2026-07-03T19:43:44+0200,58f0f667-5017-4e2f-a8f0-60c0494acd3e,2026-06-23T21:15:00Z,2026-06-23T23:15:00+0200,0.0,MW,FR,FR,forecast_solar_generation,Solar,2026-07-03T17:44:22Z
2026-07-03T17:43:44Z,2026-07-03T19:43:44+0200,58f0f667-5017-4e2f-a8f0-60c0494acd3e,2026-06-23T21:30:00Z,2026-06-23T23:30:00+0200,0.0,MW,FR,FR,forecast_solar_generation,Solar,2026-07-03T17:44:22Z
2026-07-03T17:43:44Z,2026-07-03T19:43:44+0200,58f0f667-5017-4e2f-a8f0-60c0494acd3e,2026-06-23T21:45:00Z,2026-06-23T23:45:00+0200,0.0,MW,FR,FR,forecast_solar_generation,Solar,2026-07-03T17:44:22Z
2026-07-03T17:43:44Z,2026-07-03T19:43:44+0200,58f0f667-5017-4e2f-a8f0-60c0494acd3e,2026-06-23T22:00:00Z,2026-06-24T00:00:00+0200,0.0,MW,FR,FR,forecast_solar_generation,Solar,2026-07-03T17:44:22Z
2026-07-03T17:43:44Z,2026-07-03T19:43:44+0200,58f0f667-5017-4e2f-a8f0-60c0494acd3e,2026-06-23T22:15:00Z,2026-06-24T00:15:00+0200,0.0,MW,FR,FR,forecast_solar_generation,Solar,2026-07-03T17:44:22Z
2026-07-03T17:43:44Z,2026-07-03T19:43:44+0200,58f0f667-5017-4e2f-a8f0-60c0494acd3e,2026-06-23T22:30:00Z,2026-06-24T00:30:00+0200,0.0,MW,FR,FR,forecast_solar_generation,Solar,2026-07-03T17:44:22Z
2026-07-03T17:43:44Z,2026-07-03T19:43:44+0200,58f0f667-5017-4e2f-a8f0-60c0494acd3e,2026-06-23T22:45:00Z,2026-06-24T00:45:00+0200,0.0,MW,FR,FR,forecast_solar_generation,Solar,2026-07-03T17:44:22Z
2026-07-03T17:43:44Z,2026-07-03T19:43:44+0200,58f0f667-5017-4e2f-a8f0-60c0494acd3e,2026-06-23T23:00:00Z,2026-06-24T01:00:00+0200,0.0,MW,FR,FR,forecast_solar_generation,Solar,2026-07-03T17:44:22Z
2026-07-03T17:43:44Z,2026-07-03T19:43:44+0200,58f0f667-5017-4e2f-a8f0-60c0494acd3e,2026-06-23T23:15:00Z,2026-06-24T01:15:00+0200,0.0,MW,FR,FR,forecast_solar_generation,Solar,2026-07-03T17:44:22Z
2026-07-03T17:43:44Z,2026-07-03T19:43:44+0200,58f0f667-5017-4e2f-a8f0-60c0494acd3e,2026-06-23T23:30:00Z,2026-06-24T01:30:00+0200,0.0,MW,FR,FR,forecast_solar_generation,Solar,2026-07-03T17:44:22Z
2026-07-03T17:43:44Z,2026-07-03T19:43:44+0200,58f0f667-5017-4e2f-a8f0-60c0494acd3e,2026-06-23T23:45:00Z,2026-06-24T01:45:00+0200,0.0,MW,FR,FR,forecast_solar_generation,Solar,2026-07-03T17:44:22Z
2026-07-03T17:43:44Z,2026-07-03T19:43:44+0200,58f0f667-5017-4e2f-a8f0-60c0494acd3e,2026-06-24T00:00:00Z,2026-06-24T02:00:00+0200,0.0,MW,FR,FR,forecast_solar_generation,Solar,2026-07-03T17:44:22Z
2026-07-03T17:43:44Z,2026-07-03T19:43:44+0200,58f0f667-5017-4e2f-a8f0-60c0494acd3e,2026-06-24T00:15:00Z,2026-06-24T02:15:00+0200,0.0,MW,FR,FR,forecast_solar_generation,Solar,2026-07-03T17:44:22Z
2026-07-03T17:43:44Z,2026-07-03T19:43:44+0200,58f0f667-5017-4e2f-a8f0-60c0494acd3e,2026-06-24T00:30:00Z,2026-06-24T02:30:00+0200,0.0,MW,FR,FR,forecast_solar_generation,Solar,2026-07-03T17:44:22Z
2026-07-03T17:43:44Z,2026-07-03T19:43:44+0200,58f0f667-5017-4e2f-a8f0-60c0494acd3e,2026-06-24T00:45:00Z,2026-06-24T02:45:00+0200,0.0,MW,FR,FR,forecast_solar_generation,Solar,2026-07-03T17:44:22Z
2026-07-03T17:43:44Z,2026-07-03T19:43:44+0200,58f0f667-5017-4e2f-a8f0-60c0494acd3e,2026-06-24T01:00:00Z,2026-06-24T03:00:00+0200,0.0,MW,FR,FR,forecast_solar_generation,Solar,2026-07-03T17:44:22Z
2026-07-03T17:43:44Z,2026-07-03T19:43:44+0200,58f0f667-5017-4e2f-a8f0-60c0494acd3e,2026-06-24T01:15:00Z,2026-06-24T03:15:00+0200,0.0,MW,FR,FR,forecast_solar_generation,Solar,2026-07-03T17:44:22Z
2026-07-03T17:43:44Z,2026-07-03T19:43:44+0200,58f0f667-5017-4e2f-a8f0-60c0494acd3e,2026-06-24T01:30:00Z,2026-06-24T03:30:00+0200,0.0,MW,FR,FR,forecast_solar_generation,Solar,2026-07-03T17:44:22Z
2026-07-03T17:43:44Z,2026-07-03T19:43:44+0200,58f0f667-5017-4e2f-a8f0-60c0494acd3e,2026-06-24T01:45:00Z,2026-06-24T03:45:00+0200,0.0,MW,FR,FR,forecast_solar_generation,Solar,2026-07-03T17:44:22Z
2026-07-03T17:43:44Z,2026-07-03T19:43:44+0200,58f0f667-5017-4e2f-a8f0-60c0494acd3e,2026-06-24T02:00:00Z,2026-06-24T04:00:00+0200,0.0,MW,FR,FR,forecast_solar_generation,Solar,2026-07-03T17:44:22Z
2026-07-03T17:43:44Z,2026-07-03T19:43:44+0200,58f0f667-5017-4e2f-a8f0-60c0494acd3e,2026-06-24T02:15:00Z,2026-06-24T04:15:00+0200,0.0,MW,FR,FR,forecast_solar_generation,Solar,2026-07-03T17:44:22Z
2026-07-03T17:43:44Z,2026-07-03T19:43:44+0200,58f0f667-5017-4e2f-a8f0-60c0494acd3e,2026-06-24T02:30:00Z,2026-06-24T04:30:00+0200,0.0,MW,FR,FR,forecast_solar_generation,Solar,2026-07-03T17:44:22Z
2026-07-03T17:43:44Z,2026-07-03T19:43:44+0200,58f0f667-5017-4e2f-a8f0-60c0494acd3e,2026-06-24T02:45:00Z,2026-06-24T04:45:00+0200,0.0,MW,FR,FR,forecast_solar_generation,Solar,2026-07-03T17:44:22Z
2026-07-03T17:43:44Z,2026-07-03T19:43:44+0200,58f0f667-5017-4e2f-a8f0-60c0494acd3e,2026-06-24T03:00:00Z,2026-06-24T05:00:00+0200,0.0,MW,FR,FR,forecast_solar_generation,Solar,2026-07-03T17:44:22Z
2026-07-03T17:43:44Z,2026-07-03T19:43:44+0200,58f0f667-5017-4e2f-a8f0-60c0494acd3e,2026-06-24T03:15:00Z,2026-06-24T05:15:00+0200,0.0,MW,FR,FR,forecast_solar_generation,Solar,2026-07-03T17:44:22Z
2026-07-03T17:43:44Z,2026-07-03T19:43:44+0200,58f0f667-5017-4e2f-a8f0-60c0494acd3e,2026-06-24T03:30:00Z,2026-06-24T05:30:00+0200,0.0,MW,FR,FR,forecast_solar_generation,Solar,2026-07-03T17:44:22Z
2026-07-03T17:43:44Z,2026-07-03T19:43:44+0200,58f0f667-5017-4e2f-a8f0-60c0494acd3e,2026-06-24T03:45:00Z,2026-06-24T05:45:00+0200,0.0,MW,FR,FR,forecast_solar_generation,Solar,2026-07-03T17:44:22Z
2026-07-03T17:43:44Z,2026-07-03T19:43:44+0200,58f0f667-5017-4e2f-a8f0-60c0494acd3e,2026-06-24T04:00:00Z,2026-06-24T06:00:00+0200,0.0,MW,FR,FR,forecast_solar_generation,Solar,2026-07-03T17:44:22Z
2026-07-03T17:43:44Z,2026-07-03T19:43:44+0200,58f0f667-5017-4e2f-a8f0-60c0494acd3e,2026-06-24T04:15:00Z,2026-06-24T06:15:00+0200,192.71149,MW,FR,FR,forecast_solar_generation,Solar,2026-07-03T17:44:22Z
2026-07-03T17:43:44Z,2026-07-03T19:43:44+0200,58f0f667-5017-4e2f-a8f0-60c0494acd3e,2026-06-24T04:30:00Z,2026-06-24T06:30:00+0200,323.8934,MW,FR,FR,forecast_solar_generation,Solar,2026-07-03T17:44:22Z
2026-07-03T17:43:44Z,2026-07-03T19:43:44+0200,58f0f667-5017-4e2f-a8f0-60c0494acd3e,2026-06-24T04:45:00Z,2026-06-24T06:45:00+0200,689.36481,MW,FR,FR,forecast_solar_generation,Solar,2026-07-03T17:44:22Z
2026-07-03T17:43:44Z,2026-07-03T19:43:44+0200,58f0f667-5017-4e2f-a8f0-60c0494acd3e,2026-06-24T05:00:00Z,2026-06-24T07:00:00+0200,1126.74878,MW,FR,FR,forecast_solar_generation,Solar,2026-07-03T17:44:22Z
2026-07-03T17:43:44Z,2026-07-03T19:43:44+0200,58f0f667-5017-4e2f-a8f0-60c0494acd3e,2026-06-24T05:15:00Z,2026-06-24T07:15:00+0200,1650.4519,MW,FR,FR,forecast_solar_generation,Solar,2026-07-03T17:44:22Z
2026-07-03T17:43:44Z,2026-07-03T19:43:44+0200,58f0f667-5017-4e2f-a8f0-60c0494acd3e,2026-06-24T05:30:00Z,2026-06-24T07:30:00+0200,2250.51538,MW,FR,FR,forecast_solar_generation,Solar,2026-07-03T17:44:22Z
2026-07-03T17:43:44Z,2026-07-03T19:43:44+0200,58f0f667-5017-4e2f-a8f0-60c0494acd3e,2026-06-24T05:45:00Z,2026-06-24T07:45:00+0200,3123.06958,MW,FR,FR,forecast_solar_generation,Solar,2026-07-03T17:44:22Z
2026-07-03T17:43:44Z,2026-07-03T19:43:44+0200,58f0f667-5017-4e2f-a8f0-60c0494acd3e,2026-06-24T06:00:00Z,2026-06-24T08:00:00+0200,4042.99341,MW,FR,FR,forecast_solar_generation,Solar,2026-07-03T17:44:22Z
2026-07-03T17:43:44Z,2026-07-03T19:43:44+0200,58f0f667-5017-4e2f-a8f0-60c0494acd3e,2026-06-24T06:15:00Z,2026-06-24T08:15:00+0200,5109.46191,MW,FR,FR,forecast_solar_generation,Solar,2026-07-03T17:44:22Z
2026-07-03T17:43:44Z,2026-07-03T19:43:44+0200,58f0f667-5017-4e2f-a8f0-60c0494acd3e,2026-06-24T06:30:00Z,2026-06-24T08:30:00+0200,6281.0752,MW,FR,FR,forecast_solar_generation,Solar,2026-07-03T17:44:22Z
2026-07-03T17:43:44Z,2026-07-03T19:43:44+0200,58f0f667-5017-4e2f-a8f0-60c0494acd3e,2026-06-24T06:45:00Z,2026-06-24T08:45:00+0200,7448.20312,MW,FR,FR,forecast_solar_generation,Solar,2026-07-03T17:44:22Z
2026-07-03T17:43:44Z,2026-07-03T19:43:44+0200,58f0f667-5017-4e2f-a8f0-60c0494acd3e,2026-06-24T07:00:00Z,2026-06-24T09:00:00+0200,8668.02832,MW,FR,FR,forecast_solar_generation,Solar,2026-07-03T17:44:22Z
2026-07-03T17:43:44Z,2026-07-03T19:43:44+0200,58f0f667-5017-4e2f-a8f0-60c0494acd3e,2026-06-24T07:15:00Z,2026-06-24T09:15:00+0200,9848.01465,MW,FR,FR,forecast_solar_generation,Solar,2026-07-03T17:44:22Z
2026-07-03T17:43:44Z,2026-07-03T19:43:44+0200,58f0f667-5017-4e2f-a8f0-60c0494acd3e,2026-06-24T07:30:00Z,2026-06-24T09:30:00+0200,11016.2793,MW,FR,FR,forecast_solar_generation,Solar,2026-07-03T17:44:22Z
2026-07-03T17:43:44Z,2026-07-03T19:43:44+0200,58f0f667-5017-4e2f-a8f0-60c0494acd3e,2026-06-24T07:45:00Z,2026-06-24T09:45:00+0200,12121.59375,MW,FR,FR,forecast_solar_generation,Solar,2026-07-03T17:44:22Z
2026-07-03T17:43:44Z,2026-07-03T19:43:44+0200,58f0f667-5017-4e2f-a8f0-60c0494acd3e,2026-06-24T08:00:00Z,2026-06-24T10:00:00+0200,13190.9082,MW,FR,FR,forecast_solar_generation,Solar,2026-07-03T17:44:22Z
2026-07-03T17:43:44Z,2026-07-03T19:43:44+0200,58f0f667-5017-4e2f-a8f0-60c0494acd3e,2026-06-24T08:15:00Z,2026-06-24T10:15:00+0200,14228.25488,MW,FR,FR,forecast_solar_generation,Solar,2026-07-03T17:44:22Z
2026-07-03T17:43:44Z,2026-07-03T19:43:44+0200,58f0f667-5017-4e2f-a8f0-60c0494acd3e,2026-06-24T08:30:00Z,2026-06-24T10:30:00+0200,15218.45605,MW,FR,FR,forecast_solar_generation,Solar,2026-07-03T17:44:22Z
2026-07-03T17:43:44Z,2026-07-03T19:43:44+0200,58f0f667-5017-4e2f-a8f0-60c0494acd3e,2026-06-24T08:45:00Z,2026-06-24T10:45:00+0200,15993.75391,MW,FR,FR,forecast_solar_generation,Solar,2026-07-03T17:44:22Z
2026-07-03T17:43:44Z,2026-07-03T19:43:44+0200,58f0f667-5017-4e2f-a8f0-60c0494acd3e,2026-06-24T09:00:00Z,2026-06-24T11:00:00+0200,16682.56055,MW,FR,FR,forecast_solar_generation,Solar,2026-07-03T17:44:22Z
2026-07-03T17:43:44Z,2026-07-03T19:43:44+0200,58f0f667-5017-4e2f-a8f0-60c0494acd3e,2026-06-24T09:15:00Z,2026-06-24T11:15:00+0200,17381.52539,MW,FR,FR,forecast_solar_generation,Solar,2026-07-03T17:44:22Z
2026-07-03T17:43:44Z,2026-07-03T19:43:44+0200,58f0f667-5017-4e2f-a8f0-60c0494acd3e,2026-06-24T09:30:00Z,2026-06-24T11:30:00+0200,18067.95312,MW,FR,FR,forecast_solar_generation,Solar,2026-07-03T17:44:22Z
2026-07-03T17:43:44Z,2026-07-03T19:43:44+0200,58f0f667-5017-4e2f-a8f0-60c0494acd3e,2026-06-24T09:45:00Z,2026-06-24T11:45:00+0200,18549.96289,MW,FR,FR,forecast_solar_generation,Solar,2026-07-03T17:44:22Z
2026-07-03T17:43:44Z,2026-07-03T19:43:44+0200,58f0f667-5017-4e2f-a8f0-60c0494acd3e,2026-06-24T10:00:00Z,2026-06-24T12:00:00+0200,18989.69922,MW,FR,FR,forecast_solar_generation,Solar,2026-07-03T17:44:22Z
2026-07-03T17:43:44Z,2026-07-03T19:43:44+0200,58f0f667-5017-4e2f-a8f0-60c0494acd3e,2026-06-24T10:15:00Z,2026-06-24T12:15:00+0200,19350.5625,MW,FR,FR,forecast_solar_generation,Solar,2026-07-03T17:44:22Z
2026-07-03T17:43:44Z,2026-07-03T19:43:44+0200,58f0f667-5017-4e2f-a8f0-60c0494acd3e,2026-06-24T10:30:00Z,2026-06-24T12:30:00+0200,19674.76367,MW,FR,FR,forecast_solar_generation,Solar,2026-07-03T17:44:22Z
2026-07-03T17:43:44Z,2026-07-03T19:43:44+0200,58f0f667-5017-4e2f-a8f0-60c0494acd3e,2026-06-24T10:45:00Z,2026-06-24T12:45:00+0200,19863.83789,MW,FR,FR,forecast_solar_generation,Solar,2026-07-03T17:44:22Z
2026-07-03T17:43:44Z,2026-07-03T19:43:44+0200,58f0f667-5017-4e2f-a8f0-60c0494acd3e,2026-06-24T11:00:00Z,2026-06-24T13:00:00+0200,20043.4668,MW,FR,FR,forecast_solar_generation,Solar,2026-07-03T17:44:22Z
2026-07-03T17:43:44Z,2026-07-03T19:43:44+0200,58f0f667-5017-4e2f-a8f0-60c0494acd3e,2026-06-24T11:15:00Z,2026-06-24T13:15:00+0200,20151.84766,MW,FR,FR,forecast_solar_generation,Solar,2026-07-03T17:44:22Z
2026-07-03T17:43:44Z,2026-07-03T19:43:44+0200,58f0f667-5017-4e2f-a8f0-60c0494acd3e,2026-06-24T11:30:00Z,2026-06-24T13:30:00+0200,20184.50391,MW,FR,FR,forecast_solar_generation,Solar,2026-07-03T17:44:22Z
2026-07-03T17:43:44Z,2026-07-03T19:43:44+0200,58f0f667-5017-4e2f-a8f0-60c0494acd3e,2026-06-24T11:45:00Z,2026-06-24T13:45:00+0200,20136.42578,MW,FR,FR,forecast_solar_generation,Solar,2026-07-03T17:44:22Z
2026-07-03T17:43:44Z,2026-07-03T19:43:44+0200,58f0f667-5017-4e2f-a8f0-60c0494acd3e,2026-06-24T12:00:00Z,2026-06-24T14:00:00+0200,20061.76367,MW,FR,FR,forecast_solar_generation,Solar,2026-07-03T17:44:22Z
2026-07-03T17:43:44Z,2026-07-03T19:43:44+0200,58f0f667-5017-4e2f-a8f0-60c0494acd3e,2026-06-24T12:15:00Z,2026-06-24T14:15:00+0200,19945.39844,MW,FR,FR,forecast_solar_generation,Solar,2026-07-03T17:44:22Z
2026-07-03T17:43:44Z,2026-07-03T19:43:44+0200,58f0f667-5017-4e2f-a8f0-60c0494acd3e,2026-06-24T12:30:00Z,2026-06-24T14:30:00+0200,19824.04492,MW,FR,FR,forecast_solar_generation,Solar,2026-07-03T17:44:22Z
2026-07-03T17:43:44Z,2026-07-03T19:43:44+0200,58f0f667-5017-4e2f-a8f0-60c0494acd3e,2026-06-24T12:45:00Z,2026-06-24T14:45:00+0200,19616.73242,MW,FR,FR,forecast_solar_generation,Solar,2026-07-03T17:44:22Z
2026-07-03T17:43:44Z,2026-07-03T19:43:44+0200,58f0f667-5017-4e2f-a8f0-60c0494acd3e,2026-06-24T13:00:00Z,2026-06-24T15:00:00+0200,19313.55078,MW,FR,FR,forecast_solar_generation,Solar,2026-07-03T17:44:22Z
2026-07-03T17:43:44Z,2026-07-03T19:43:44+0200,58f0f667-5017-4e2f-a8f0-60c0494acd3e,2026-06-24T13:15:00Z,2026-06-24T15:15:00+0200,18906.59375,MW,FR,FR,forecast_solar_generation,Solar,2026-07-03T17:44:22Z
2026-07-03T17:43:44Z,2026-07-03T19:43:44+0200,58f0f667-5017-4e2f-a8f0-60c0494acd3e,2026-06-24T13:30:00Z,2026-06-24T15:30:00+0200,18462.96875,MW,FR,FR,forecast_solar_generation,Solar,2026-07-03T17:44:22Z
2026-07-03T17:43:44Z,2026-07-03T19:43:44+0200,58f0f667-5017-4e2f-a8f0-60c0494acd3e,2026-06-24T13:45:00Z,2026-06-24T15:45:00+0200,17905.5625,MW,FR,FR,forecast_solar_generation,Solar,2026-07-03T17:44:22Z
2026-07-03T17:43:44Z,2026-07-03T19:43:44+0200,58f0f667-5017-4e2f-a8f0-60c0494acd3e,2026-06-24T14:00:00Z,2026-06-24T16:00:00+0200,17317.29492,MW,FR,FR,forecast_solar_generation,Solar,2026-07-03T17:44:22Z
2026-07-03T17:43:44Z,2026-07-03T19:43:44+0200,58f0f667-5017-4e2f-a8f0-60c0494acd3e,2026-06-24T14:15:00Z,2026-06-24T16:15:00+0200,16691.82617,MW,FR,FR,forecast_solar_generation,Solar,2026-07-03T17:44:22Z
2026-07-03T17:43:44Z,2026-07-03T19:43:44+0200,58f0f667-5017-4e2f-a8f0-60c0494acd3e,2026-06-24T14:30:00Z,2026-06-24T16:30:00+0200,16043.37012,MW,FR,FR,forecast_solar_generation,Solar,2026-07-03T17:44:22Z
2026-07-03T17:43:44Z,2026-07-03T19:43:44+0200,58f0f667-5017-4e2f-a8f0-60c0494acd3e,2026-06-24T14:45:00Z,2026-06-24T16:45:00+0200,15279.69434,MW,FR,FR,forecast_solar_generation,Solar,2026-07-03T17:44:22Z
2026-07-03T17:43:44Z,2026-07-03T19:43:44+0200,58f0f667-5017-4e2f-a8f0-60c0494acd3e,2026-06-24T15:00:00Z,2026-06-24T17:00:00+0200,14523.24023,MW,FR,FR,forecast_solar_generation,Solar,2026-07-03T17:44:22Z
2026-07-03T17:43:44Z,2026-07-03T19:43:44+0200,58f0f667-5017-4e2f-a8f0-60c0494acd3e,2026-06-24T15:15:00Z,2026-06-24T17:15:00+0200,13701.16309,MW,FR,FR,forecast_solar_generation,Solar,2026-07-03T17:44:22Z
2026-07-03T17:43:44Z,2026-07-03T19:43:44+0200,58f0f667-5017-4e2f-a8f0-60c0494acd3e,2026-06-24T15:30:00Z,2026-06-24T17:30:00+0200,12844.98145,MW,FR,FR,forecast_solar_generation,Solar,2026-07-03T17:44:22Z
2026-07-03T17:43:44Z,2026-07-03T19:43:44+0200,58f0f667-5017-4e2f-a8f0-60c0494acd3e,2026-06-24T15:45:00Z,2026-06-24T17:45:00+0200,11988.45312,MW,FR,FR,forecast_solar_generation,Solar,2026-07-03T17:44:22Z
2026-07-03T17:43:44Z,2026-07-03T19:43:44+0200,58f0f667-5017-4e2f-a8f0-60c0494acd3e,2026-06-24T16:00:00Z,2026-06-24T18:00:00+0200,11076.54297,MW,FR,FR,forecast_solar_generation,Solar,2026-07-03T17:44:22Z
2026-07-03T17:43:44Z,2026-07-03T19:43:44+0200,58f0f667-5017-4e2f-a8f0-60c0494acd3e,2026-06-24T16:15:00Z,2026-06-24T18:15:00+0200,10081.24707,MW,FR,FR,forecast_solar_generation,Solar,2026-07-03T17:44:22Z
2026-07-03T17:43:44Z,2026-07-03T19:43:44+0200,58f0f667-5017-4e2f-a8f0-60c0494acd3e,2026-06-24T16:30:00Z,2026-06-24T18:30:00+0200,9107.1748,MW,FR,FR,forecast_solar_generation,Solar,2026-07-03T17:44:22Z
2026-07-03T17:43:44Z,2026-07-03T19:43:44+0200,58f0f667-5017-4e2f-a8f0-60c0494acd3e,2026-06-24T16:45:00Z,2026-06-24T18:45:00+0200,8197.22754,MW,FR,FR,forecast_solar_generation,Solar,2026-07-03T17:44:22Z
2026-07-03T17:43:44Z,2026-07-03T19:43:44+0200,58f0f667-5017-4e2f-a8f0-60c0494acd3e,2026-06-24T17:00:00Z,2026-06-24T19:00:00+0200,7177.41357,MW,FR,FR,forecast_solar_generation,Solar,2026-07-03T17:44:22Z
2026-07-03T17:43:44Z,2026-07-03T19:43:44+0200,58f0f667-5017-4e2f-a8f0-60c0494acd3e,2026-06-24T17:15:00Z,2026-06-24T19:15:00+0200,6251.88721,MW,FR,FR,forecast_solar_generation,Solar,2026-07-03T17:44:22Z
2026-07-03T17:43:44Z,2026-07-03T19:43:44+0200,58f0f667-5017-4e2f-a8f0-60c0494acd3e,2026-06-24T17:30:00Z,2026-06-24T19:30:00+0200,5184.65527,MW,FR,FR,forecast_solar_generation,Solar,2026-07-03T17:44:22Z
2026-07-03T17:43:44Z,2026-07-03T19:43:44+0200,58f0f667-5017-4e2f-a8f0-60c0494acd3e,2026-06-24T17:45:00Z,2026-06-24T19:45:00+0200,4352.99463,MW,FR,FR,forecast_solar_generation,Solar,2026-07-03T17:44:22Z
2026-07-03T17:43:44Z,2026-07-03T19:43:44+0200,58f0f667-5017-4e2f-a8f0-60c0494acd3e,2026-06-24T18:00:00Z,2026-06-24T20:00:00+0200,3418.99146,MW,FR,FR,forecast_solar_generation,Solar,2026-07-03T17:44:22Z
2026-07-03T17:43:44Z,2026-07-03T19:43:44+0200,58f0f667-5017-4e2f-a8f0-60c0494acd3e,2026-06-24T18:15:00Z,2026-06-24T20:15:00+0200,2635.95801,MW,FR,FR,forecast_solar_generation,Solar,2026-07-03T17:44:22Z
2026-07-03T17:43:44Z,2026-07-03T19:43:44+0200,58f0f667-5017-4e2f-a8f0-60c0494acd3e,2026-06-24T18:30:00Z,2026-06-24T20:30:00+0200,1940.75659,MW,FR,FR,forecast_solar_generation,Solar,2026-07-03T17:44:22Z
2026-07-03T17:43:44Z,2026-07-03T19:43:44+0200,58f0f667-5017-4e2f-a8f0-60c0494acd3e,2026-06-24T18:45:00Z,2026-06-24T20:45:00+0200,1421.59985,MW,FR,FR,forecast_solar_generation,Solar,2026-07-03T17:44:22Z
2026-07-03T17:43:44Z,2026-07-03T19:43:44+0200,58f0f667-5017-4e2f-a8f0-60c0494acd3e,2026-06-24T19:00:00Z,2026-06-24T21:00:00+0200,962.62769,MW,FR,FR,forecast_solar_generation,Solar,2026-07-03T17:44:22Z
2026-07-03T17:43:44Z,2026-07-03T19:43:44+0200,58f0f667-5017-4e2f-a8f0-60c0494acd3e,2026-06-24T19:15:00Z,2026-06-24T21:15:00+0200,573.42706,MW,FR,FR,forecast_solar_generation,Solar,2026-07-03T17:44:22Z
2026-07-03T17:43:44Z,2026-07-03T19:43:44+0200,58f0f667-5017-4e2f-a8f0-60c0494acd3e,2026-06-24T19:30:00Z,2026-06-24T21:30:00+0200,250.5799,MW,FR,FR,forecast_solar_generation,Solar,2026-07-03T17:44:22Z
2026-07-03T17:43:44Z,2026-07-03T19:43:44+0200,58f0f667-5017-4e2f-a8f0-60c0494acd3e,2026-06-24T19:45:00Z,2026-06-24T21:45:00+0200,79.87558,MW,FR,FR,forecast_solar_generation,Solar,2026-07-03T17:44:22Z
2026-07-03T17:43:44Z,2026-07-03T19:43:44+0200,58f0f667-5017-4e2f-a8f0-60c0494acd3e,2026-06-24T20:00:00Z,2026-06-24T22:00:00+0200,14.43668,MW,FR,FR,forecast_solar_generation,Solar,2026-07-03T17:44:22Z
2026-07-03T17:43:44Z,2026-07-03T19:43:44+0200,58f0f667-5017-4e2f-a8f0-60c0494acd3e,2026-06-24T20:15:00Z,2026-06-24T22:15:00+0200,0.01604,MW,FR,FR,forecast_solar_generation,Solar,2026-07-03T17:44:22Z
2026-07-03T17:43:44Z,2026-07-03T19:43:44+0200,58f0f667-5017-4e2f-a8f0-60c0494acd3e,2026-06-24T20:30:00Z,2026-06-24T22:30:00+0200,0.0,MW,FR,FR,forecast_solar_generation,Solar,2026-07-03T17:44:22Z
2026-07-03T17:43:44Z,2026-07-03T19:43:44+0200,58f0f667-5017-4e2f-a8f0-60c0494acd3e,2026-06-24T20:45:00Z,2026-06-24T22:45:00+0200,0.0,MW,FR,FR,forecast_solar_generation,Solar,2026-07-03T17:44:22Z
2026-07-03T17:43:44Z,2026-07-03T19:43:44+0200,58f0f667-5017-4e2f-a8f0-60c0494acd3e,2026-06-24T21:00:00Z,2026-06-24T23:00:00+0200,0.0,MW,FR,FR,forecast_solar_generation,Solar,2026-07-03T17:44:22Z
2026-07-03T17:43:44Z,2026-07-03T19:43:44+0200,58f0f667-5017-4e2f-a8f0-60c0494acd3e,2026-06-24T21:15:00Z,2026-06-24T23:15:00+0200,0.0,MW,FR,FR,forecast_solar_generation,Solar,2026-07-03T17:44:22Z
2026-07-03T17:43:44Z,2026-07-03T19:43:44+0200,58f0f667-5017-4e2f-a8f0-60c0494acd3e,2026-06-24T21:30:00Z,2026-06-24T23:30:00+0200,0.0,MW,FR,FR,forecast_solar_generation,Solar,2026-07-03T17:44:22Z
2026-07-03T17:43:44Z,2026-07-03T19:43:44+0200,58f0f667-5017-4e2f-a8f0-60c0494acd3e,2026-06-24T21:45:00Z,2026-06-24T23:45:00+0200,0.0,MW,FR,FR,forecast_solar_generation,Solar,2026-07-03T17:44:22Z
2026-07-03T17:43:44Z,2026-07-03T19:43:44+0200,58f0f667-5017-4e2f-a8f0-60c0494acd3e,2026-06-24T22:00:00Z,2026-06-25T00:00:00+0200,0.0,MW,FR,FR,forecast_solar_generation,Solar,2026-07-03T17:44:22Z
2026-07-03T17:43:44Z,2026-07-03T19:43:44+0200,58f0f667-5017-4e2f-a8f0-60c0494acd3e,2026-06-24T22:15:00Z,2026-06-25T00:15:00+0200,0.0,MW,FR,FR,forecast_solar_generation,Solar,2026-07-03T17:44:22Z
2026-07-03T17:43:44Z,2026-07-03T19:43:44+0200,58f0f667-5017-4e2f-a8f0-60c0494acd3e,2026-06-24T22:30:00Z,2026-06-25T00:30:00+0200,0.0,MW,FR,FR,forecast_solar_generation,Solar,2026-07-03T17:44:22Z
2026-07-03T17:43:44Z,2026-07-03T19:43:44+0200,58f0f667-5017-4e2f-a8f0-60c0494acd3e,2026-06-24T22:45:00Z,2026-06-25T00:45:00+0200,0.0,MW,FR,FR,forecast_solar_generation,Solar,2026-07-03T17:44:22Z
2026-07-03T17:43:44Z,2026-07-03T19:43:44+0200,58f0f667-5017-4e2f-a8f0-60c0494acd3e,2026-06-24T23:00:00Z,2026-06-25T01:00:00+0200,0.0,MW,FR,FR,forecast_solar_generation,Solar,2026-07-03T17:44:22Z
2026-07-03T17:43:44Z,2026-07-03T19:43:44+0200,58f0f667-5017-4e2f-a8f0-60c0494acd3e,2026-06-24T23:15:00Z,2026-06-25T01:15:00+0200,0.0,MW,FR,FR,forecast_solar_generation,Solar,2026-07-03T17:44:22Z
2026-07-03T17:43:44Z,2026-07-03T19:43:44+0200,58f0f667-5017-4e2f-a8f0-60c0494acd3e,2026-06-24T23:30:00Z,2026-06-25T01:30:00+0200,0.0,MW,FR,FR,forecast_solar_generation,Solar,2026-07-03T17:44:22Z
2026-07-03T17:43:44Z,2026-07-03T19:43:44+0200,58f0f667-5017-4e2f-a8f0-60c0494acd3e,2026-06-24T23:45:00Z,2026-06-25T01:45:00+0200,0.0,MW,FR,FR,forecast_solar_generation,Solar,2026-07-03T17:44:22Z
2026-07-03T17:43:44Z,2026-07-03T19:43:44+0200,58f0f667-5017-4e2f-a8f0-60c0494acd3e,2026-06-25T00:00:00Z,2026-06-25T02:00:00+0200,0.0,MW,FR,FR,forecast_solar_generation,Solar,2026-07-03T17:44:22Z
2026-07-03T17:43:44Z,2026-07-03T19:43:44+0200,58f0f667-5017-4e2f-a8f0-60c0494acd3e,2026-06-25T00:15:00Z,2026-06-25T02:15:00+0200,0.0,MW,FR,FR,forecast_solar_generation,Solar,2026-07-03T17:44:22Z
2026-07-03T17:43:44Z,2026-07-03T19:43:44+0200,58f0f667-5017-4e2f-a8f0-60c0494acd3e,2026-06-25T00:30:00Z,2026-06-25T02:30:00+0200,0.0,MW,FR,FR,forecast_solar_generation,Solar,2026-07-03T17:44:22Z
2026-07-03T17:43:44Z,2026-07-03T19:43:44+0200,58f0f667-5017-4e2f-a8f0-60c0494acd3e,2026-06-25T00:45:00Z,2026-06-25T02:45:00+0200,0.0,MW,FR,FR,forecast_solar_generation,Solar,2026-07-03T17:44:22Z
2026-07-03T17:43:44Z,2026-07-03T19:43:44+0200,58f0f667-5017-4e2f-a8f0-60c0494acd3e,2026-06-25T01:00:00Z,2026-06-25T03:00:00+0200,0.0,MW,FR,FR,forecast_solar_generation,Solar,2026-07-03T17:44:22Z
2026-07-03T17:43:44Z,2026-07-03T19:43:44+0200,58f0f667-5017-4e2f-a8f0-60c0494acd3e,2026-06-25T01:15:00Z,2026-06-25T03:15:00+0200,0.0,MW,FR,FR,forecast_solar_generation,Solar,2026-07-03T17:44:22Z
2026-07-03T17:43:44Z,2026-07-03T19:43:44+0200,58f0f667-5017-4e2f-a8f0-60c0494acd3e,2026-06-25T01:30:00Z,2026-06-25T03:30:00+0200,0.0,MW,FR,FR,forecast_solar_generation,Solar,2026-07-03T17:44:22Z
2026-07-03T17:43:44Z,2026-07-03T19:43:44+0200,58f0f667-5017-4e2f-a8f0-60c0494acd3e,2026-06-25T01:45:00Z,2026-06-25T03:45:00+0200,0.0,MW,FR,FR,forecast_solar_generation,Solar,2026-07-03T17:44:22Z
2026-07-03T17:43:44Z,2026-07-03T19:43:44+0200,58f0f667-5017-4e2f-a8f0-60c0494acd3e,2026-06-25T02:00:00Z,2026-06-25T04:00:00+0200,0.0,MW,FR,FR,forecast_solar_generation,Solar,2026-07-03T17:44:22Z
2026-07-03T17:43:44Z,2026-07-03T19:43:44+0200,58f0f667-5017-4e2f-a8f0-60c0494acd3e,2026-06-25T02:15:00Z,2026-06-25T04:15:00+0200,0.0,MW,FR,FR,forecast_solar_generation,Solar,2026-07-03T17:44:22Z
2026-07-03T17:43:44Z,2026-07-03T19:43:44+0200,58f0f667-5017-4e2f-a8f0-60c0494acd3e,2026-06-25T02:30:00Z,2026-06-25T04:30:00+0200,0.0,MW,FR,FR,forecast_solar_generation,Solar,2026-07-03T17:44:22Z
2026-07-03T17:43:44Z,2026-07-03T19:43:44+0200,58f0f667-5017-4e2f-a8f0-60c0494acd3e,2026-06-25T02:45:00Z,2026-06-25T04:45:00+0200,0.0,MW,FR,FR,forecast_solar_generation,Solar,2026-07-03T17:44:22Z
2026-07-03T17:43:44Z,2026-07-03T19:43:44+0200,58f0f667-5017-4e2f-a8f0-60c0494acd3e,2026-06-25T03:00:00Z,2026-06-25T05:00:00+0200,0.0,MW,FR,FR,forecast_solar_generation,Solar,2026-07-03T17:44:22Z
2026-07-03T17:43:44Z,2026-07-03T19:43:44+0200,58f0f667-5017-4e2f-a8f0-60c0494acd3e,2026-06-25T03:15:00Z,2026-06-25T05:15:00+0200,0.0,MW,FR,FR,forecast_solar_generation,Solar,2026-07-03T17:44:22Z
2026-07-03T17:43:44Z,2026-07-03T19:43:44+0200,58f0f667-5017-4e2f-a8f0-60c0494acd3e,2026-06-25T03:30:00Z,2026-06-25T05:30:00+0200,0.0,MW,FR,FR,forecast_solar_generation,Solar,2026-07-03T17:44:22Z
2026-07-03T17:43:44Z,2026-07-03T19:43:44+0200,58f0f667-5017-4e2f-a8f0-60c0494acd3e,2026-06-25T03:45:00Z,2026-06-25T05:45:00+0200,0.0,MW,FR,FR,forecast_solar_generation,Solar,2026-07-03T17:44:22Z
2026-07-03T17:43:44Z,2026-07-03T19:43:44+0200,58f0f667-5017-4e2f-a8f0-60c0494acd3e,2026-06-25T04:00:00Z,2026-06-25T06:00:00+0200,0.0,MW,FR,FR,forecast_solar_generation,Solar,2026-07-03T17:44:22Z
2026-07-03T17:43:44Z,2026-07-03T19:43:44+0200,58f0f667-5017-4e2f-a8f0-60c0494acd3e,2026-06-25T04:15:00Z,2026-06-25T06:15:00+0200,192.3774,MW,FR,FR,forecast_solar_generation,Solar,2026-07-03T17:44:22Z
2026-07-03T17:43:44Z,2026-07-03T19:43:44+0200,58f0f667-5017-4e2f-a8f0-60c0494acd3e,2026-06-25T04:30:00Z,2026-06-25T06:30:00+0200,316.57996,MW,FR,FR,forecast_solar_generation,Solar,2026-07-03T17:44:22Z
2026-07-03T17:43:44Z,2026-07-03T19:43:44+0200,58f0f667-5017-4e2f-a8f0-60c0494acd3e,2026-06-25T04:45:00Z,2026-06-25T06:45:00+0200,668.04913,MW,FR,FR,forecast_solar_generation,Solar,2026-07-03T17:44:22Z
2026-07-03T17:43:44Z,2026-07-03T19:43:44+0200,58f0f667-5017-4e2f-a8f0-60c0494acd3e,2026-06-25T05:00:00Z,2026-06-25T07:00:00+0200,1095.37317,MW,FR,FR,forecast_solar_generation,Solar,2026-07-03T17:44:22Z
2026-07-03T17:43:44Z,2026-07-03T19:43:44+0200,58f0f667-5017-4e2f-a8f0-60c0494acd3e,2026-06-25T05:15:00Z,2026-06-25T07:15:00+0200,1612.22083,MW,FR,FR,forecast_solar_generation,Solar,2026-07-03T17:44:22Z
2026-07-03T17:43:44Z,2026-07-03T19:43:44+0200,58f0f667-5017-4e2f-a8f0-60c0494acd3e,2026-06-25T05:30:00Z,2026-06-25T07:30:00+0200,2186.75513,MW,FR,FR,forecast_solar_generation,Solar,2026-07-03T17:44:22Z
2026-07-03T17:43:44Z,2026-07-03T19:43:44+0200,58f0f667-5017-4e2f-a8f0-60c0494acd3e,2026-06-25T05:45:00Z,2026-06-25T07:45:00+0200,3061.05981,MW,FR,FR,forecast_solar_generation,Solar,2026-07-03T17:44:22Z
2026-07-03T17:43:44Z,2026-07-03T19:43:44+0200,58f0f667-5017-4e2f-a8f0-60c0494acd3e,2026-06-25T06:00:00Z,2026-06-25T08:00:00+0200,3958.13989,MW,FR,FR,forecast_solar_generation,Solar,2026-07-03T17:44:22Z
2026-07-03T17:43:44Z,2026-07-03T19:43:44+0200,58f0f667-5017-4e2f-a8f0-60c0494acd3e,2026-06-25T06:15:00Z,2026-06-25T08:15:00+0200,5014.05029,MW,FR,FR,forecast_solar_generation,Solar,2026-07-03T17:44:22Z
2026-07-03T17:43:44Z,2026-07-03T19:43:44+0200,58f0f667-5017-4e2f-a8f0-60c0494acd3e,2026-06-25T06:30:00Z,2026-06-25T08:30:00+0200,6171.44434,MW,FR,FR,forecast_solar_generation,Solar,2026-07-03T17:44:22Z
2026-07-03T17:43:44Z,2026-07-03T19:43:44+0200,58f0f667-5017-4e2f-a8f0-60c0494acd3e,2026-06-25T06:45:00Z,2026-06-25T08:45:00+0200,7312.13574,MW,FR,FR,forecast_solar_generation,Solar,2026-07-03T17:44:22Z
2026-07-03T17:43:44Z,2026-07-03T19:43:44+0200,58f0f667-5017-4e2f-a8f0-60c0494acd3e,2026-06-25T07:00:00Z,2026-06-25T09:00:00+0200,8534.25391,MW,FR,FR,forecast_solar_generation,Solar,2026-07-03T17:44:22Z
2026-07-03T17:43:44Z,2026-07-03T19:43:44+0200,58f0f667-5017-4e2f-a8f0-60c0494acd3e,2026-06-25T07:15:00Z,2026-06-25T09:15:00+0200,9670.42188,MW,FR,FR,forecast_solar_generation,Solar,2026-07-03T17:44:22Z
2026-07-03T17:43:44Z,2026-07-03T19:43:44+0200,58f0f667-5017-4e2f-a8f0-60c0494acd3e,2026-06-25T07:30:00Z,2026-06-25T09:30:00+0200,10820.02051,MW,FR,FR,forecast_solar_generation,Solar,2026-07-03T17:44:22Z
2026-07-03T17:43:44Z,2026-07-03T19:43:44+0200,58f0f667-5017-4e2f-a8f0-60c0494acd3e,2026-06-25T07:45:00Z,2026-06-25T09:45:00+0200,11902.4707,MW,FR,FR,forecast_solar_generation,Solar,2026-07-03T17:44:22Z
2026-07-03T17:43:44Z,2026-07-03T19:43:44+0200,58f0f667-5017-4e2f-a8f0-60c0494acd3e,2026-06-25T08:00:00Z,2026-06-25T10:00:00+0200,12976.2002,MW,FR,FR,forecast_solar_generation,Solar,2026-07-03T17:44:22Z
2026-07-03T17:43:44Z,2026-07-03T19:43:44+0200,58f0f667-5017-4e2f-a8f0-60c0494acd3e,2026-06-25T08:15:00Z,2026-06-25T10:15:00+0200,13969.86035,MW,FR,FR,forecast_solar_generation,Solar,2026-07-03T17:44:22Z
2026-07-03T17:43:44Z,2026-07-03T19:43:44+0200,58f0f667-5017-4e2f-a8f0-60c0494acd3e,2026-06-25T08:30:00Z,2026-06-25T10:30:00+0200,14974.95703,MW,FR,FR,forecast_solar_generation,Solar,2026-07-03T17:44:22Z
2026-07-03T17:43:44Z,2026-07-03T19:43:44+0200,58f0f667-5017-4e2f-a8f0-60c0494acd3e,2026-06-25T08:45:00Z,2026-06-25T10:45:00+0200,15745.61328,MW,FR,FR,forecast_solar_generation,Solar,2026-07-03T17:44:22Z
2026-07-03T17:43:44Z,2026-07-03T19:43:44+0200,58f0f667-5017-4e2f-a8f0-60c0494acd3e,2026-06-25T09:00:00Z,2026-06-25T11:00:00+0200,16441.96289,MW,FR,FR,forecast_solar_generation,Solar,2026-07-03T17:44:22Z
2026-07-03T17:43:44Z,2026-07-03T19:43:44+0200,58f0f667-5017-4e2f-a8f0-60c0494acd3e,2026-06-25T09:15:00Z,2026-06-25T11:15:00+0200,17068.09375,MW,FR,FR,forecast_solar_generation,Solar,2026-07-03T17:44:22Z
2026-07-03T17:43:44Z,2026-07-03T19:43:44+0200,58f0f667-5017-4e2f-a8f0-60c0494acd3e,2026-06-25T09:30:00Z,2026-06-25T11:30:00+0200,17749.32422,MW,FR,FR,forecast_solar_generation,Solar,2026-07-03T17:44:22Z
2026-07-03T17:43:44Z,2026-07-03T19:43:44+0200,58f0f667-5017-4e2f-a8f0-60c0494acd3e,2026-06-25T09:45:00Z,2026-06-25T11:45:00+0200,18241.14258,MW,FR,FR,forecast_solar_generation,Solar,2026-07-03T17:44:22Z
2026-07-03T17:43:44Z,2026-07-03T19:43:44+0200,58f0f667-5017-4e2f-a8f0-60c0494acd3e,2026-06-25T10:00:00Z,2026-06-25T12:00:00+0200,18687.47656,MW,FR,FR,forecast_solar_generation,Solar,2026-07-03T17:44:22Z
2026-07-03T17:43:44Z,2026-07-03T19:43:44+0200,58f0f667-5017-4e2f-a8f0-60c0494acd3e,2026-06-25T10:15:00Z,2026-06-25T12:15:00+0200,19010.11133,MW,FR,FR,forecast_solar_generation,Solar,2026-07-03T17:44:22Z
2026-07-03T17:43:44Z,2026-07-03T19:43:44+0200,58f0f667-5017-4e2f-a8f0-60c0494acd3e,2026-06-25T10:30:00Z,2026-06-25T12:30:00+0200,19333.97656,MW,FR,FR,forecast_solar_generation,Solar,2026-07-03T17:44:22Z
2026-07-03T17:43:44Z,2026-07-03T19:43:44+0200,58f0f667-5017-4e2f-a8f0-60c0494acd3e,2026-06-25T10:45:00Z,2026-06-25T12:45:00+0200,19488.24219,MW,FR,FR,forecast_solar_generation,Solar,2026-07-03T17:44:22Z
2026-07-03T17:43:44Z,2026-07-03T19:43:44+0200,58f0f667-5017-4e2f-a8f0-60c0494acd3e,2026-06-25T11:00:00Z,2026-06-25T13:00:00+0200,19674.61328,MW,FR,FR,forecast_solar_generation,Solar,2026-07-03T17:44:22Z
2026-07-03T17:43:44Z,2026-07-03T19:43:44+0200,58f0f667-5017-4e2f-a8f0-60c0494acd3e,2026-06-25T11:15:00Z,2026-06-25T13:15:00+0200,19760.9043,MW,FR,FR,forecast_solar_generation,Solar,2026-07-03T17:44:22Z
2026-07-03T17:43:44Z,2026-07-03T19:43:44+0200,58f0f667-5017-4e2f-a8f0-60c0494acd3e,2026-06-25T11:30:00Z,2026-06-25T13:30:00+0200,19811.63867,MW,FR,FR,forecast_solar_generation,Solar,2026-07-03T17:44:22Z
2026-07-03T17:43:44Z,2026-07-03T19:43:44+0200,58f0f667-5017-4e2f-a8f0-60c0494acd3e,2026-06-25T11:45:00Z,2026-06-25T13:45:00+0200,19755.375,MW,FR,FR,forecast_solar_generation,Solar,2026-07-03T17:44:22Z
2026-07-03T17:43:44Z,2026-07-03T19:43:44+0200,58f0f667-5017-4e2f-a8f0-60c0494acd3e,2026-06-25T12:00:00Z,2026-06-25T14:00:00+0200,19678.88477,MW,FR,FR,forecast_solar_generation,Solar,2026-07-03T17:44:22Z
2026-07-03T17:43:44Z,2026-07-03T19:43:44+0200,58f0f667-5017-4e2f-a8f0-60c0494acd3e,2026-06-25T12:15:00Z,2026-06-25T14:15:00+0200,19473.23242,MW,FR,FR,forecast_solar_generation,Solar,2026-07-03T17:44:22Z
2026-07-03T17:43:44Z,2026-07-03T19:43:44+0200,58f0f667-5017-4e2f-a8f0-60c0494acd3e,2026-06-25T12:30:00Z,2026-06-25T14:30:00+0200,19271.10547,MW,FR,FR,forecast_solar_generation,Solar,2026-07-03T17:44:22Z
2026-07-03T17:43:44Z,2026-07-03T19:43:44+0200,58f0f667-5017-4e2f-a8f0-60c0494acd3e,2026-06-25T12:45:00Z,2026-06-25T14:45:00+0200,18945.79492,MW,FR,FR,forecast_solar_generation,Solar,2026-07-03T17:44:22Z
2026-07-03T17:43:44Z,2026-07-03T19:43:44+0200,58f0f667-5017-4e2f-a8f0-60c0494acd3e,2026-06-25T13:00:00Z,2026-06-25T15:00:00+0200,18504.88867,MW,FR,FR,forecast_solar_generation,Solar,2026-07-03T17:44:22Z
2026-07-03T17:43:44Z,2026-07-03T19:43:44+0200,58f0f667-5017-4e2f-a8f0-60c0494acd3e,2026-06-25T13:15:00Z,2026-06-25T15:15:00+0200,17929.57422,MW,FR,FR,forecast_solar_generation,Solar,2026-07-03T17:44:22Z
2026-07-03T17:43:44Z,2026-07-03T19:43:44+0200,58f0f667-5017-4e2f-a8f0-60c0494acd3e,2026-06-25T13:30:00Z,2026-06-25T15:30:00+0200,17438.55469,MW,FR,FR,forecast_solar_generation,Solar,2026-07-03T17:44:22Z
2026-07-03T17:43:44Z,2026-07-03T19:43:44+0200,58f0f667-5017-4e2f-a8f0-60c0494acd3e,2026-06-25T13:45:00Z,2026-06-25T15:45:00+0200,16821.59375,MW,FR,FR,forecast_solar_generation,Solar,2026-07-03T17:44:22Z
2026-07-03T17:43:44Z,2026-07-03T19:43:44+0200,58f0f667-5017-4e2f-a8f0-60c0494acd3e,2026-06-25T14:00:00Z,2026-06-25T16:00:00+0200,16207.88672,MW,FR,FR,forecast_solar_generation,Solar,2026-07-03T17:44:22Z
2026-07-03T17:43:44Z,2026-07-03T19:43:44+0200,58f0f667-5017-4e2f-a8f0-60c0494acd3e,2026-06-25T14:15:00Z,2026-06-25T16:15:00+0200,15545.38574,MW,FR,FR,forecast_solar_generation,Solar,2026-07-03T17:44:22Z
2026-07-03T17:43:44Z,2026-07-03T19:43:44+0200,58f0f667-5017-4e2f-a8f0-60c0494acd3e,2026-06-25T14:30:00Z,2026-06-25T16:30:00+0200,14912.67969,MW,FR,FR,forecast_solar_generation,Solar,2026-07-03T17:44:22Z
2026-07-03T17:43:44Z,2026-07-03T19:43:44+0200,58f0f667-5017-4e2f-a8f0-60c0494acd3e,2026-06-25T14:45:00Z,2026-06-25T16:45:00+0200,14229.06641,MW,FR,FR,forecast_solar_generation,Solar,2026-07-03T17:44:22Z
2026-07-03T17:43:44Z,2026-07-03T19:43:44+0200,58f0f667-5017-4e2f-a8f0-60c0494acd3e,2026-06-25T15:00:00Z,2026-06-25T17:00:00+0200,13500.66309,MW,FR,FR,forecast_solar_generation,Solar,2026-07-03T17:44:22Z
2026-07-03T17:43:44Z,2026-07-03T19:43:44+0200,58f0f667-5017-4e2f-a8f0-60c0494acd3e,2026-06-25T15:15:00Z,2026-06-25T17:15:00+0200,12758.5957,MW,FR,FR,forecast_solar_generation,Solar,2026-07-03T17:44:22Z
2026-07-03T17:43:44Z,2026-07-03T19:43:44+0200,58f0f667-5017-4e2f-a8f0-60c0494acd3e,2026-06-25T15:30:00Z,2026-06-25T17:30:00+0200,11974.71973,MW,FR,FR,forecast_solar_generation,Solar,2026-07-03T17:44:22Z
2026-07-03T17:43:44Z,2026-07-03T19:43:44+0200,58f0f667-5017-4e2f-a8f0-60c0494acd3e,2026-06-25T15:45:00Z,2026-06-25T17:45:00+0200,11163.79102,MW,FR,FR,forecast_solar_generation,Solar,2026-07-03T17:44:22Z
2026-07-03T17:43:44Z,2026-07-03T19:43:44+0200,58f0f667-5017-4e2f-a8f0-60c0494acd3e,2026-06-25T16:00:00Z,2026-06-25T18:00:00+0200,10321.10449,MW,FR,FR,forecast_solar_generation,Solar,2026-07-03T17:44:22Z
2026-07-03T17:43:44Z,2026-07-03T19:43:44+0200,58f0f667-5017-4e2f-a8f0-60c0494acd3e,2026-06-25T16:15:00Z,2026-06-25T18:15:00+0200,9351.82812,MW,FR,FR,forecast_solar_generation,Solar,2026-07-03T17:44:22Z
2026-07-03T17:43:44Z,2026-07-03T19:43:44+0200,58f0f667-5017-4e2f-a8f0-60c0494acd3e,2026-06-25T16:30:00Z,2026-06-25T18:30:00+0200,8443.04199,MW,FR,FR,forecast_solar_generation,Solar,2026-07-03T17:44:22Z
2026-07-03T17:43:44Z,2026-07-03T19:43:44+0200,58f0f667-5017-4e2f-a8f0-60c0494acd3e,2026-06-25T16:45:00Z,2026-06-25T18:45:00+0200,7571.55957,MW,FR,FR,forecast_solar_generation,Solar,2026-07-03T17:44:22Z
2026-07-03T17:43:44Z,2026-07-03T19:43:44+0200,58f0f667-5017-4e2f-a8f0-60c0494acd3e,2026-06-25T17:00:00Z,2026-06-25T19:00:00+0200,6583.6665,MW,FR,FR,forecast_solar_generation,Solar,2026-07-03T17:44:22Z
2026-07-03T17:43:44Z,2026-07-03T19:43:44+0200,58f0f667-5017-4e2f-a8f0-60c0494acd3e,2026-06-25T17:15:00Z,2026-06-25T19:15:00+0200,5754.07324,MW,FR,FR,forecast_solar_generation,Solar,2026-07-03T17:44:22Z
2026-07-03T17:43:44Z,2026-07-03T19:43:44+0200,58f0f667-5017-4e2f-a8f0-60c0494acd3e,2026-06-25T17:30:00Z,2026-06-25T19:30:00+0200,4732.729,MW,FR,FR,forecast_solar_generation,Solar,2026-07-03T17:44:22Z
2026-07-03T17:43:44Z,2026-07-03T19:43:44+0200,58f0f667-5017-4e2f-a8f0-60c0494acd3e,2026-06-25T17:45:00Z,2026-06-25T19:45:00+0200,4019.2373,MW,FR,FR,forecast_solar_generation,Solar,2026-07-03T17:44:22Z
2026-07-03T17:43:44Z,2026-07-03T19:43:44+0200,58f0f667-5017-4e2f-a8f0-60c0494acd3e,2026-06-25T18:00:00Z,2026-06-25T20:00:00+0200,3130.60571,MW,FR,FR,forecast_solar_generation,Solar,2026-07-03T17:44:22Z
2026-07-03T17:43:44Z,2026-07-03T19:43:44+0200,58f0f667-5017-4e2f-a8f0-60c0494acd3e,2026-06-25T18:15:00Z,2026-06-25T20:15:00+0200,2470.01221,MW,FR,FR,forecast_solar_generation,Solar,2026-07-03T17:44:22Z
2026-07-03T17:43:44Z,2026-07-03T19:43:44+0200,58f0f667-5017-4e2f-a8f0-60c0494acd3e,2026-06-25T18:30:00Z,2026-06-25T20:30:00+0200,1821.83545,MW,FR,FR,forecast_solar_generation,Solar,2026-07-03T17:44:22Z
2026-07-03T17:43:44Z,2026-07-03T19:43:44+0200,58f0f667-5017-4e2f-a8f0-60c0494acd3e,2026-06-25T18:45:00Z,2026-06-25T20:45:00+0200,1356.84607,MW,FR,FR,forecast_solar_generation,Solar,2026-07-03T17:44:22Z
2026-07-03T17:43:44Z,2026-07-03T19:43:44+0200,58f0f667-5017-4e2f-a8f0-60c0494acd3e,2026-06-25T19:00:00Z,2026-06-25T21:00:00+0200,928.55322,MW,FR,FR,forecast_solar_generation,Solar,2026-07-03T17:44:22Z
2026-07-03T17:43:44Z,2026-07-03T19:43:44+0200,58f0f667-5017-4e2f-a8f0-60c0494acd3e,2026-06-25T19:15:00Z,2026-06-25T21:15:00+0200,553.58636,MW,FR,FR,forecast_solar_generation,Solar,2026-07-03T17:44:22Z
2026-07-03T17:43:44Z,2026-07-03T19:43:44+0200,58f0f667-5017-4e2f-a8f0-60c0494acd3e,2026-06-25T19:30:00Z,2026-06-25T21:30:00+0200,253.92818,MW,FR,FR,forecast_solar_generation,Solar,2026-07-03T17:44:22Z
2026-07-03T17:43:44Z,2026-07-03T19:43:44+0200,58f0f667-5017-4e2f-a8f0-60c0494acd3e,2026-06-25T19:45:00Z,2026-06-25T21:45:00+0200,87.51433,MW,FR,FR,forecast_solar_generation,Solar,2026-07-03T17:44:22Z
2026-07-03T17:43:44Z,2026-07-03T19:43:44+0200,58f0f667-5017-4e2f-a8f0-60c0494acd3e,2026-06-25T20:00:00Z,2026-06-25T22:00:00+0200,15.2178,MW,FR,FR,forecast_solar_generation,Solar,2026-07-03T17:44:22Z
2026-07-03T17:43:44Z,2026-07-03T19:43:44+0200,58f0f667-5017-4e2f-a8f0-60c0494acd3e,2026-06-25T20:15:00Z,2026-06-25T22:15:00+0200,0.02556,MW,FR,FR,forecast_solar_generation,Solar,2026-07-03T17:44:22Z
2026-07-03T17:43:44Z,2026-07-03T19:43:44+0200,58f0f667-5017-4e2f-a8f0-60c0494acd3e,2026-06-25T20:30:00Z,2026-06-25T22:30:00+0200,0.0,MW,FR,FR,forecast_solar_generation,Solar,2026-07-03T17:44:22Z
2026-07-03T17:43:44Z,2026-07-03T19:43:44+0200,58f0f667-5017-4e2f-a8f0-60c0494acd3e,2026-06-25T20:45:00Z,2026-06-25T22:45:00+0200,0.0,MW,FR,FR,forecast_solar_generation,Solar,2026-07-03T17:44:22Z
2026-07-03T17:43:44Z,2026-07-03T19:43:44+0200,58f0f667-5017-4e2f-a8f0-60c0494acd3e,2026-06-25T21:00:00Z,2026-06-25T23:00:00+0200,0.0,MW,FR,FR,forecast_solar_generation,Solar,2026-07-03T17:44:22Z
2026-07-03T17:43:44Z,2026-07-03T19:43:44+0200,58f0f667-5017-4e2f-a8f0-60c0494acd3e,2026-06-25T21:15:00Z,2026-06-25T23:15:00+0200,0.0,MW,FR,FR,forecast_solar_generation,Solar,2026-07-03T17:44:22Z
2026-07-03T17:43:44Z,2026-07-03T19:43:44+0200,58f0f667-5017-4e2f-a8f0-60c0494acd3e,2026-06-25T21:30:00Z,2026-06-25T23:30:00+0200,0.0,MW,FR,FR,forecast_solar_generation,Solar,2026-07-03T17:44:22Z
2026-07-03T17:43:44Z,2026-07-03T19:43:44+0200,58f0f667-5017-4e2f-a8f0-60c0494acd3e,2026-06-25T21:45:00Z,2026-06-25T23:45:00+0200,0.0,MW,FR,FR,forecast_solar_generation,Solar,2026-07-03T17:44:22Z
2026-07-03T17:43:44Z,2026-07-03T19:43:44+0200,58f0f667-5017-4e2f-a8f0-60c0494acd3e,2026-06-25T22:00:00Z,2026-06-26T00:00:00+0200,0.0,MW,FR,FR,forecast_solar_generation,Solar,2026-07-03T17:44:22Z
2026-07-03T17:43:44Z,2026-07-03T19:43:44+0200,58f0f667-5017-4e2f-a8f0-60c0494acd3e,2026-06-25T22:15:00Z,2026-06-26T00:15:00+0200,0.0,MW,FR,FR,forecast_solar_generation,Solar,2026-07-03T17:44:22Z
2026-07-03T17:43:44Z,2026-07-03T19:43:44+0200,58f0f667-5017-4e2f-a8f0-60c0494acd3e,2026-06-25T22:30:00Z,2026-06-26T00:30:00+0200,0.0,MW,FR,FR,forecast_solar_generation,Solar,2026-07-03T17:44:22Z
2026-07-03T17:43:44Z,2026-07-03T19:43:44+0200,58f0f667-5017-4e2f-a8f0-60c0494acd3e,2026-06-25T22:45:00Z,2026-06-26T00:45:00+0200,0.0,MW,FR,FR,forecast_solar_generation,Solar,2026-07-03T17:44:22Z
2026-07-03T17:43:44Z,2026-07-03T19:43:44+0200,58f0f667-5017-4e2f-a8f0-60c0494acd3e,2026-06-25T23:00:00Z,2026-06-26T01:00:00+0200,0.0,MW,FR,FR,forecast_solar_generation,Solar,2026-07-03T17:44:22Z
2026-07-03T17:43:44Z,2026-07-03T19:43:44+0200,58f0f667-5017-4e2f-a8f0-60c0494acd3e,2026-06-25T23:15:00Z,2026-06-26T01:15:00+0200,0.0,MW,FR,FR,forecast_solar_generation,Solar,2026-07-03T17:44:22Z
2026-07-03T17:43:44Z,2026-07-03T19:43:44+0200,58f0f667-5017-4e2f-a8f0-60c0494acd3e,2026-06-25T23:30:00Z,2026-06-26T01:30:00+0200,0.0,MW,FR,FR,forecast_solar_generation,Solar,2026-07-03T17:44:22Z
2026-07-03T17:43:44Z,2026-07-03T19:43:44+0200,58f0f667-5017-4e2f-a8f0-60c0494acd3e,2026-06-25T23:45:00Z,2026-06-26T01:45:00+0200,0.0,MW,FR,FR,forecast_solar_generation,Solar,2026-07-03T17:44:22Z
2026-07-03T17:43:44Z,2026-07-03T19:43:44+0200,58f0f667-5017-4e2f-a8f0-60c0494acd3e,2026-06-26T00:00:00Z,2026-06-26T02:00:00+0200,0.0,MW,FR,FR,forecast_solar_generation,Solar,2026-07-03T17:44:22Z
2026-07-03T17:43:44Z,2026-07-03T19:43:44+0200,58f0f667-5017-4e2f-a8f0-60c0494acd3e,2026-06-26T00:15:00Z,2026-06-26T02:15:00+0200,0.0,MW,FR,FR,forecast_solar_generation,Solar,2026-07-03T17:44:22Z
2026-07-03T17:43:44Z,2026-07-03T19:43:44+0200,58f0f667-5017-4e2f-a8f0-60c0494acd3e,2026-06-26T00:30:00Z,2026-06-26T02:30:00+0200,0.0,MW,FR,FR,forecast_solar_generation,Solar,2026-07-03T17:44:22Z
2026-07-03T17:43:44Z,2026-07-03T19:43:44+0200,58f0f667-5017-4e2f-a8f0-60c0494acd3e,2026-06-26T00:45:00Z,2026-06-26T02:45:00+0200,0.0,MW,FR,FR,forecast_solar_generation,Solar,2026-07-03T17:44:22Z
2026-07-03T17:43:44Z,2026-07-03T19:43:44+0200,58f0f667-5017-4e2f-a8f0-60c0494acd3e,2026-06-26T01:00:00Z,2026-06-26T03:00:00+0200,0.0,MW,FR,FR,forecast_solar_generation,Solar,2026-07-03T17:44:22Z
2026-07-03T17:43:44Z,2026-07-03T19:43:44+0200,58f0f667-5017-4e2f-a8f0-60c0494acd3e,2026-06-26T01:15:00Z,2026-06-26T03:15:00+0200,0.0,MW,FR,FR,forecast_solar_generation,Solar,2026-07-03T17:44:22Z
2026-07-03T17:43:44Z,2026-07-03T19:43:44+0200,58f0f667-5017-4e2f-a8f0-60c0494acd3e,2026-06-26T01:30:00Z,2026-06-26T03:30:00+0200,0.0,MW,FR,FR,forecast_solar_generation,Solar,2026-07-03T17:44:22Z
2026-07-03T17:43:44Z,2026-07-03T19:43:44+0200,58f0f667-5017-4e2f-a8f0-60c0494acd3e,2026-06-26T01:45:00Z,2026-06-26T03:45:00+0200,0.0,MW,FR,FR,forecast_solar_generation,Solar,2026-07-03T17:44:22Z
2026-07-03T17:43:44Z,2026-07-03T19:43:44+0200,58f0f667-5017-4e2f-a8f0-60c0494acd3e,2026-06-26T02:00:00Z,2026-06-26T04:00:00+0200,0.0,MW,FR,FR,forecast_solar_generation,Solar,2026-07-03T17:44:22Z
2026-07-03T17:43:44Z,2026-07-03T19:43:44+0200,58f0f667-5017-4e2f-a8f0-60c0494acd3e,2026-06-26T02:15:00Z,2026-06-26T04:15:00+0200,0.0,MW,FR,FR,forecast_solar_generation,Solar,2026-07-03T17:44:22Z
2026-07-03T17:43:44Z,2026-07-03T19:43:44+0200,58f0f667-5017-4e2f-a8f0-60c0494acd3e,2026-06-26T02:30:00Z,2026-06-26T04:30:00+0200,0.0,MW,FR,FR,forecast_solar_generation,Solar,2026-07-03T17:44:22Z
2026-07-03T17:43:44Z,2026-07-03T19:43:44+0200,58f0f667-5017-4e2f-a8f0-60c0494acd3e,2026-06-26T02:45:00Z,2026-06-26T04:45:00+0200,0.0,MW,FR,FR,forecast_solar_generation,Solar,2026-07-03T17:44:22Z
2026-07-03T17:43:44Z,2026-07-03T19:43:44+0200,58f0f667-5017-4e2f-a8f0-60c0494acd3e,2026-06-26T03:00:00Z,2026-06-26T05:00:00+0200,0.0,MW,FR,FR,forecast_solar_generation,Solar,2026-07-03T17:44:22Z
2026-07-03T17:43:44Z,2026-07-03T19:43:44+0200,58f0f667-5017-4e2f-a8f0-60c0494acd3e,2026-06-26T03:15:00Z,2026-06-26T05:15:00+0200,0.0,MW,FR,FR,forecast_solar_generation,Solar,2026-07-03T17:44:22Z
2026-07-03T17:43:44Z,2026-07-03T19:43:44+0200,58f0f667-5017-4e2f-a8f0-60c0494acd3e,2026-06-26T03:30:00Z,2026-06-26T05:30:00+0200,0.0,MW,FR,FR,forecast_solar_generation,Solar,2026-07-03T17:44:22Z
2026-07-03T17:43:44Z,2026-07-03T19:43:44+0200,58f0f667-5017-4e2f-a8f0-60c0494acd3e,2026-06-26T03:45:00Z,2026-06-26T05:45:00+0200,0.0,MW,FR,FR,forecast_solar_generation,Solar,2026-07-03T17:44:22Z
2026-07-03T17:43:44Z,2026-07-03T19:43:44+0200,58f0f667-5017-4e2f-a8f0-60c0494acd3e,2026-06-26T04:00:00Z,2026-06-26T06:00:00+0200,0.0,MW,FR,FR,forecast_solar_generation,Solar,2026-07-03T17:44:22Z
2026-07-03T17:43:44Z,2026-07-03T19:43:44+0200,58f0f667-5017-4e2f-a8f0-60c0494acd3e,2026-06-26T04:15:00Z,2026-06-26T06:15:00+0200,191.95583,MW,FR,FR,forecast_solar_generation,Solar,2026-07-03T17:44:22Z
2026-07-03T17:43:44Z,2026-07-03T19:43:44+0200,58f0f667-5017-4e2f-a8f0-60c0494acd3e,2026-06-26T04:30:00Z,2026-06-26T06:30:00+0200,303.81171,MW,FR,FR,forecast_solar_generation,Solar,2026-07-03T17:44:22Z
2026-07-03T17:43:44Z,2026-07-03T19:43:44+0200,58f0f667-5017-4e2f-a8f0-60c0494acd3e,2026-06-26T04:45:00Z,2026-06-26T06:45:00+0200,645.59381,MW,FR,FR,forecast_solar_generation,Solar,2026-07-03T17:44:22Z
2026-07-03T17:43:44Z,2026-07-03T19:43:44+0200,58f0f667-5017-4e2f-a8f0-60c0494acd3e,2026-06-26T05:00:00Z,2026-06-26T07:00:00+0200,1048.2124,MW,FR,FR,forecast_solar_generation,Solar,2026-07-03T17:44:22Z
2026-07-03T17:43:44Z,2026-07-03T19:43:44+0200,58f0f667-5017-4e2f-a8f0-60c0494acd3e,2026-06-26T05:15:00Z,2026-06-26T07:15:00+0200,1548.90503,MW,FR,FR,forecast_solar_generation,Solar,2026-07-03T17:44:22Z
2026-07-03T17:43:44Z,2026-07-03T19:43:44+0200,58f0f667-5017-4e2f-a8f0-60c0494acd3e,2026-06-26T05:30:00Z,2026-06-26T07:30:00+0200,2107.32886,MW,FR,FR,forecast_solar_generation,Solar,2026-07-03T17:44:22Z
2026-07-03T17:43:44Z,2026-07-03T19:43:44+0200,58f0f667-5017-4e2f-a8f0-60c0494acd3e,2026-06-26T05:45:00Z,2026-06-26T07:45:00+0200,2956.31641,MW,FR,FR,forecast_solar_generation,Solar,2026-07-03T17:44:22Z
2026-07-03T17:43:44Z,2026-07-03T19:43:44+0200,58f0f667-5017-4e2f-a8f0-60c0494acd3e,2026-06-26T06:00:00Z,2026-06-26T08:00:00+0200,3809.85376,MW,FR,FR,forecast_solar_generation,Solar,2026-07-03T17:44:22Z
2026-07-03T17:43:44Z,2026-07-03T19:43:44+0200,58f0f667-5017-4e2f-a8f0-60c0494acd3e,2026-06-26T06:15:00Z,2026-06-26T08:15:00+0200,4857.69092,MW,FR,FR,forecast_solar_generation,Solar,2026-07-03T17:44:22Z
2026-07-03T17:43:44Z,2026-07-03T19:43:44+0200,58f0f667-5017-4e2f-a8f0-60c0494acd3e,2026-06-26T06:30:00Z,2026-06-26T08:30:00+0200,5929.01367,MW,FR,FR,forecast_solar_generation,Solar,2026-07-03T17:44:22Z
2026-07-03T17:43:44Z,2026-07-03T19:43:44+0200,58f0f667-5017-4e2f-a8f0-60c0494acd3e,2026-06-26T06:45:00Z,2026-06-26T08:45:00+0200,7072.9873,MW,FR,FR,forecast_solar_generation,Solar,2026-07-03T17:44:22Z
2026-07-03T17:43:44Z,2026-07-03T19:43:44+0200,58f0f667-5017-4e2f-a8f0-60c0494acd3e,2026-06-26T07:00:00Z,2026-06-26T09:00:00+0200,8251.98242,MW,FR,FR,forecast_solar_generation,Solar,2026-07-03T17:44:22Z
2026-07-03T17:43:44Z,2026-07-03T19:43:44+0200,58f0f667-5017-4e2f-a8f0-60c0494acd3e,2026-06-26T07:15:00Z,2026-06-26T09:15:00+0200,9387.02441,MW,FR,FR,forecast_solar_generation,Solar,2026-07-03T17:44:22Z
2026-07-03T17:43:44Z,2026-07-03T19:43:44+0200,58f0f667-5017-4e2f-a8f0-60c0494acd3e,2026-06-26T07:30:00Z,2026-06-26T09:30:00+0200,10524.66699,MW,FR,FR,forecast_solar_generation,Solar,2026-07-03T17:44:22Z
2026-07-03T17:43:44Z,2026-07-03T19:43:44+0200,58f0f667-5017-4e2f-a8f0-60c0494acd3e,2026-06-26T07:45:00Z,2026-06-26T09:45:00+0200,11597.62695,MW,FR,FR,forecast_solar_generation,Solar,2026-07-03T17:44:22Z
2026-07-03T17:43:44Z,2026-07-03T19:43:44+0200,58f0f667-5017-4e2f-a8f0-60c0494acd3e,2026-06-26T08:00:00Z,2026-06-26T10:00:00+0200,12706.80664,MW,FR,FR,forecast_solar_generation,Solar,2026-07-03T17:44:22Z
2026-07-03T17:43:44Z,2026-07-03T19:43:44+0200,58f0f667-5017-4e2f-a8f0-60c0494acd3e,2026-06-26T08:15:00Z,2026-06-26T10:15:00+0200,13745.9248,MW,FR,FR,forecast_solar_generation,Solar,2026-07-03T17:44:22Z
2026-07-03T17:43:44Z,2026-07-03T19:43:44+0200,58f0f667-5017-4e2f-a8f0-60c0494acd3e,2026-06-26T08:30:00Z,2026-06-26T10:30:00+0200,14743.64746,MW,FR,FR,forecast_solar_generation,Solar,2026-07-03T17:44:22Z
2026-07-03T17:43:44Z,2026-07-03T19:43:44+0200,58f0f667-5017-4e2f-a8f0-60c0494acd3e,2026-06-26T08:45:00Z,2026-06-26T10:45:00+0200,15559.89062,MW,FR,FR,forecast_solar_generation,Solar,2026-07-03T17:44:22Z
2026-07-03T17:43:44Z,2026-07-03T19:43:44+0200,58f0f667-5017-4e2f-a8f0-60c0494acd3e,2026-06-26T09:00:00Z,2026-06-26T11:00:00+0200,16296.04199,MW,FR,FR,forecast_solar_generation,Solar,2026-07-03T17:44:22Z
2026-07-03T17:43:44Z,2026-07-03T19:43:44+0200,58f0f667-5017-4e2f-a8f0-60c0494acd3e,2026-06-26T09:15:00Z,2026-06-26T11:15:00+0200,16964.30469,MW,FR,FR,forecast_solar_generation,Solar,2026-07-03T17:44:22Z
2026-07-03T17:43:44Z,2026-07-03T19:43:44+0200,58f0f667-5017-4e2f-a8f0-60c0494acd3e,2026-06-26T09:30:00Z,2026-06-26T11:30:00+0200,17603.15234,MW,FR,FR,forecast_solar_generation,Solar,2026-07-03T17:44:22Z
2026-07-03T17:43:44Z,2026-07-03T19:43:44+0200,58f0f667-5017-4e2f-a8f0-60c0494acd3e,2026-06-26T09:45:00Z,2026-06-26T11:45:00+0200,18152.43555,MW,FR,FR,forecast_solar_generation,Solar,2026-07-03T17:44:22Z
2026-07-03T17:43:44Z,2026-07-03T19:43:44+0200,58f0f667-5017-4e2f-a8f0-60c0494acd3e,2026-06-26T10:00:00Z,2026-06-26T12:00:00+0200,18615.92773,MW,FR,FR,forecast_solar_generation,Solar,2026-07-03T17:44:22Z
2026-07-03T17:43:44Z,2026-07-03T19:43:44+0200,58f0f667-5017-4e2f-a8f0-60c0494acd3e,2026-06-26T10:15:00Z,2026-06-26T12:15:00+0200,18982.51758,MW,FR,FR,forecast_solar_generation,Solar,2026-07-03T17:44:22Z
2026-07-03T17:43:44Z,2026-07-03T19:43:44+0200,58f0f667-5017-4e2f-a8f0-60c0494acd3e,2026-06-26T10:30:00Z,2026-06-26T12:30:00+0200,19316.67969,MW,FR,FR,forecast_solar_generation,Solar,2026-07-03T17:44:22Z
2026-07-03T17:43:44Z,2026-07-03T19:43:44+0200,58f0f667-5017-4e2f-a8f0-60c0494acd3e,2026-06-26T10:45:00Z,2026-06-26T12:45:00+0200,19538.20703,MW,FR,FR,forecast_solar_generation,Solar,2026-07-03T17:44:22Z
2026-07-03T17:43:44Z,2026-07-03T19:43:44+0200,58f0f667-5017-4e2f-a8f0-60c0494acd3e,2026-06-26T11:00:00Z,2026-06-26T13:00:00+0200,19749.64453,MW,FR,FR,forecast_solar_generation,Solar,2026-07-03T17:44:22Z
2026-07-03T17:43:44Z,2026-07-03T19:43:44+0200,58f0f667-5017-4e2f-a8f0-60c0494acd3e,2026-06-26T11:15:00Z,2026-06-26T13:15:00+0200,19871.59961,MW,FR,FR,forecast_solar_generation,Solar,2026-07-03T17:44:22Z
2026-07-03T17:43:44Z,2026-07-03T19:43:44+0200,58f0f667-5017-4e2f-a8f0-60c0494acd3e,2026-06-26T11:30:00Z,2026-06-26T13:30:00+0200,19965.60938,MW,FR,FR,forecast_solar_generation,Solar,2026-07-03T17:44:22Z
2026-07-03T17:43:44Z,2026-07-03T19:43:44+0200,58f0f667-5017-4e2f-a8f0-60c0494acd3e,2026-06-26T11:45:00Z,2026-06-26T13:45:00+0200,19963.93555,MW,FR,FR,forecast_solar_generation,Solar,2026-07-03T17:44:22Z
2026-07-03T17:43:44Z,2026-07-03T19:43:44+0200,58f0f667-5017-4e2f-a8f0-60c0494acd3e,2026-06-26T12:00:00Z,2026-06-26T14:00:00+0200,19928.55078,MW,FR,FR,forecast_solar_generation,Solar,2026-07-03T17:44:22Z
2026-07-03T17:43:44Z,2026-07-03T19:43:44+0200,58f0f667-5017-4e2f-a8f0-60c0494acd3e,2026-06-26T12:15:00Z,2026-06-26T14:15:00+0200,19786.63086,MW,FR,FR,forecast_solar_generation,Solar,2026-07-03T17:44:22Z
2026-07-03T17:43:44Z,2026-07-03T19:43:44+0200,58f0f667-5017-4e2f-a8f0-60c0494acd3e,2026-06-26T12:30:00Z,2026-06-26T14:30:00+0200,19663.18945,MW,FR,FR,forecast_solar_generation,Solar,2026-07-03T17:44:22Z
2026-07-03T17:43:44Z,2026-07-03T19:43:44+0200,58f0f667-5017-4e2f-a8f0-60c0494acd3e,2026-06-26T12:45:00Z,2026-06-26T14:45:00+0200,19420.55859,MW,FR,FR,forecast_solar_generation,Solar,2026-07-03T17:44:22Z
2026-07-03T17:43:44Z,2026-07-03T19:43:44+0200,58f0f667-5017-4e2f-a8f0-60c0494acd3e,2026-06-26T13:00:00Z,2026-06-26T15:00:00+0200,19074.89844,MW,FR,FR,forecast_solar_generation,Solar,2026-07-03T17:44:22Z
2026-07-03T17:43:44Z,2026-07-03T19:43:44+0200,58f0f667-5017-4e2f-a8f0-60c0494acd3e,2026-06-26T13:15:00Z,2026-06-26T15:15:00+0200,18635.49023,MW,FR,FR,forecast_solar_generation,Solar,2026-07-03T17:44:22Z
2026-07-03T17:43:44Z,2026-07-03T19:43:44+0200,58f0f667-5017-4e2f-a8f0-60c0494acd3e,2026-06-26T13:30:00Z,2026-06-26T15:30:00+0200,18194.49609,MW,FR,FR,forecast_solar_generation,Solar,2026-07-03T17:44:22Z
2026-07-03T17:43:44Z,2026-07-03T19:43:44+0200,58f0f667-5017-4e2f-a8f0-60c0494acd3e,2026-06-26T13:45:00Z,2026-06-26T15:45:00+0200,17625.81445,MW,FR,FR,forecast_solar_generation,Solar,2026-07-03T17:44:22Z
2026-07-03T17:43:44Z,2026-07-03T19:43:44+0200,58f0f667-5017-4e2f-a8f0-60c0494acd3e,2026-06-26T14:00:00Z,2026-06-26T16:00:00+0200,16997.21875,MW,FR,FR,forecast_solar_generation,Solar,2026-07-03T17:44:22Z
2026-07-03T17:43:44Z,2026-07-03T19:43:44+0200,58f0f667-5017-4e2f-a8f0-60c0494acd3e,2026-06-26T14:15:00Z,2026-06-26T16:15:00+0200,16405.6582,MW,FR,FR,forecast_solar_generation,Solar,2026-07-03T17:44:22Z
2026-07-03T17:43:44Z,2026-07-03T19:43:44+0200,58f0f667-5017-4e2f-a8f0-60c0494acd3e,2026-06-26T14:30:00Z,2026-06-26T16:30:00+0200,15702.3457,MW,FR,FR,forecast_solar_generation,Solar,2026-07-03T17:44:22Z
2026-07-03T17:43:44Z,2026-07-03T19:43:44+0200,58f0f667-5017-4e2f-a8f0-60c0494acd3e,2026-06-26T14:45:00Z,2026-06-26T16:45:00+0200,15049.84277,MW,FR,FR,forecast_solar_generation,Solar,2026-07-03T17:44:22Z
2026-07-03T17:43:44Z,2026-07-03T19:43:44+0200,58f0f667-5017-4e2f-a8f0-60c0494acd3e,2026-06-26T15:00:00Z,2026-06-26T17:00:00+0200,14325.77734,MW,FR,FR,forecast_solar_generation,Solar,2026-07-03T17:44:22Z
2026-07-03T17:43:44Z,2026-07-03T19:43:44+0200,58f0f667-5017-4e2f-a8f0-60c0494acd3e,2026-06-26T15:15:00Z,2026-06-26T17:15:00+0200,13553.33594,MW,FR,FR,forecast_solar_generation,Solar,2026-07-03T17:44:22Z
2026-07-03T17:43:44Z,2026-07-03T19:43:44+0200,58f0f667-5017-4e2f-a8f0-60c0494acd3e,2026-06-26T15:30:00Z,2026-06-26T17:30:00+0200,12729.10547,MW,FR,FR,forecast_solar_generation,Solar,2026-07-03T17:44:22Z
2026-07-03T17:43:44Z,2026-07-03T19:43:44+0200,58f0f667-5017-4e2f-a8f0-60c0494acd3e,2026-06-26T15:45:00Z,2026-06-26T17:45:00+0200,11911.50488,MW,FR,FR,forecast_solar_generation,Solar,2026-07-03T17:44:22Z
2026-07-03T17:43:44Z,2026-07-03T19:43:44+0200,58f0f667-5017-4e2f-a8f0-60c0494acd3e,2026-06-26T16:00:00Z,2026-06-26T18:00:00+0200,11031.20605,MW,FR,FR,forecast_solar_generation,Solar,2026-07-03T17:44:22Z
2026-07-03T17:43:44Z,2026-07-03T19:43:44+0200,58f0f667-5017-4e2f-a8f0-60c0494acd3e,2026-06-26T16:15:00Z,2026-06-26T18:15:00+0200,10068.47949,MW,FR,FR,forecast_solar_generation,Solar,2026-07-03T17:44:22Z
2026-07-03T17:43:44Z,2026-07-03T19:43:44+0200,58f0f667-5017-4e2f-a8f0-60c0494acd3e,2026-06-26T16:30:00Z,2026-06-26T18:30:00+0200,9115.86035,MW,FR,FR,forecast_solar_generation,Solar,2026-07-03T17:44:22Z
2026-07-03T17:43:44Z,2026-07-03T19:43:44+0200,58f0f667-5017-4e2f-a8f0-60c0494acd3e,2026-06-26T16:45:00Z,2026-06-26T18:45:00+0200,8200.12793,MW,FR,FR,forecast_solar_generation,Solar,2026-07-03T17:44:22Z
2026-07-03T17:43:44Z,2026-07-03T19:43:44+0200,58f0f667-5017-4e2f-a8f0-60c0494acd3e,2026-06-26T17:00:00Z,2026-06-26T19:00:00+0200,7179.46582,MW,FR,FR,forecast_solar_generation,Solar,2026-07-03T17:44:22Z
2026-07-03T17:43:44Z,2026-07-03T19:43:44+0200,58f0f667-5017-4e2f-a8f0-60c0494acd3e,2026-06-26T17:15:00Z,2026-06-26T19:15:00+0200,6256.00146,MW,FR,FR,forecast_solar_generation,Solar,2026-07-03T17:44:22Z
2026-07-03T17:43:44Z,2026-07-03T19:43:44+0200,58f0f667-5017-4e2f-a8f0-60c0494acd3e,2026-06-26T17:30:00Z,2026-06-26T19:30:00+0200,5196.63281,MW,FR,FR,forecast_solar_generation,Solar,2026-07-03T17:44:22Z
2026-07-03T17:43:44Z,2026-07-03T19:43:44+0200,58f0f667-5017-4e2f-a8f0-60c0494acd3e,2026-06-26T17:45:00Z,2026-06-26T19:45:00+0200,4384.57861,MW,FR,FR,forecast_solar_generation,Solar,2026-07-03T17:44:22Z
2026-07-03T17:43:44Z,2026-07-03T19:43:44+0200,58f0f667-5017-4e2f-a8f0-60c0494acd3e,2026-06-26T18:00:00Z,2026-06-26T20:00:00+0200,3405.14893,MW,FR,FR,forecast_solar_generation,Solar,2026-07-03T17:44:22Z
2026-07-03T17:43:44Z,2026-07-03T19:43:44+0200,58f0f667-5017-4e2f-a8f0-60c0494acd3e,2026-06-26T18:15:00Z,2026-06-26T20:15:00+0200,2648.95557,MW,FR,FR,forecast_solar_generation,Solar,2026-07-03T17:44:22Z
2026-07-03T17:43:44Z,2026-07-03T19:43:44+0200,58f0f667-5017-4e2f-a8f0-60c0494acd3e,2026-06-26T18:30:00Z,2026-06-26T20:30:00+0200,1934.71777,MW,FR,FR,forecast_solar_generation,Solar,2026-07-03T17:44:22Z
2026-07-03T17:43:44Z,2026-07-03T19:43:44+0200,58f0f667-5017-4e2f-a8f0-60c0494acd3e,2026-06-26T18:45:00Z,2026-06-26T20:45:00+0200,1433.09436,MW,FR,FR,forecast_solar_generation,Solar,2026-07-03T17:44:22Z
2026-07-03T17:43:44Z,2026-07-03T19:43:44+0200,58f0f667-5017-4e2f-a8f0-60c0494acd3e,2026-06-26T19:00:00Z,2026-06-26T21:00:00+0200,980.66675,MW,FR,FR,forecast_solar_generation,Solar,2026-07-03T17:44:22Z
2026-07-03T17:43:44Z,2026-07-03T19:43:44+0200,58f0f667-5017-4e2f-a8f0-60c0494acd3e,2026-06-26T19:15:00Z,2026-06-26T21:15:00+0200,590.03241,MW,FR,FR,forecast_solar_generation,Solar,2026-07-03T17:44:22Z
2026-07-03T17:43:44Z,2026-07-03T19:43:44+0200,58f0f667-5017-4e2f-a8f0-60c0494acd3e,2026-06-26T19:30:00Z,2026-06-26T21:30:00+0200,264.12177,MW,FR,FR,forecast_solar_generation,Solar,2026-07-03T17:44:22Z
2026-07-03T17:43:44Z,2026-07-03T19:43:44+0200,58f0f667-5017-4e2f-a8f0-60c0494acd3e,2026-06-26T19:45:00Z,2026-06-26T21:45:00+0200,100.99188,MW,FR,FR,forecast_solar_generation,Solar,2026-07-03T17:44:22Z
2026-07-03T17:43:44Z,2026-07-03T19:43:44+0200,58f0f667-5017-4e2f-a8f0-60c0494acd3e,2026-06-26T20:00:00Z,2026-06-26T22:00:00+0200,17.8191,MW,FR,FR,forecast_solar_generation,Solar,2026-07-03T17:44:22Z
2026-07-03T17:43:44Z,2026-07-03T19:43:44+0200,58f0f667-5017-4e2f-a8f0-60c0494acd3e,2026-06-26T20:15:00Z,2026-06-26T22:15:00+0200,0.01562,MW,FR,FR,forecast_solar_generation,Solar,2026-07-03T17:44:22Z
2026-07-03T17:43:44Z,2026-07-03T19:43:44+0200,58f0f667-5017-4e2f-a8f0-60c0494acd3e,2026-06-26T20:30:00Z,2026-06-26T22:30:00+0200,0.0,MW,FR,FR,forecast_solar_generation,Solar,2026-07-03T17:44:22Z
2026-07-03T17:43:44Z,2026-07-03T19:43:44+0200,58f0f667-5017-4e2f-a8f0-60c0494acd3e,2026-06-26T20:45:00Z,2026-06-26T22:45:00+0200,0.0,MW,FR,FR,forecast_solar_generation,Solar,2026-07-03T17:44:22Z
2026-07-03T17:43:44Z,2026-07-03T19:43:44+0200,58f0f667-5017-4e2f-a8f0-60c0494acd3e,2026-06-26T21:00:00Z,2026-06-26T23:00:00+0200,0.0,MW,FR,FR,forecast_solar_generation,Solar,2026-07-03T17:44:22Z
2026-07-03T17:43:44Z,2026-07-03T19:43:44+0200,58f0f667-5017-4e2f-a8f0-60c0494acd3e,2026-06-26T21:15:00Z,2026-06-26T23:15:00+0200,0.0,MW,FR,FR,forecast_solar_generation,Solar,2026-07-03T17:44:22Z
2026-07-03T17:43:44Z,2026-07-03T19:43:44+0200,58f0f667-5017-4e2f-a8f0-60c0494acd3e,2026-06-26T21:30:00Z,2026-06-26T23:30:00+0200,0.0,MW,FR,FR,forecast_solar_generation,Solar,2026-07-03T17:44:22Z
2026-07-03T17:43:44Z,2026-07-03T19:43:44+0200,58f0f667-5017-4e2f-a8f0-60c0494acd3e,2026-06-26T21:45:00Z,2026-06-26T23:45:00+0200,0.0,MW,FR,FR,forecast_solar_generation,Solar,2026-07-03T17:44:22Z
2026-07-03T17:43:44Z,2026-07-03T19:43:44+0200,58f0f667-5017-4e2f-a8f0-60c0494acd3e,2026-06-26T22:00:00Z,2026-06-27T00:00:00+0200,0.0,MW,FR,FR,forecast_solar_generation,Solar,2026-07-03T17:44:22Z
2026-07-03T17:43:44Z,2026-07-03T19:43:44+0200,58f0f667-5017-4e2f-a8f0-60c0494acd3e,2026-06-26T22:15:00Z,2026-06-27T00:15:00+0200,0.0,MW,FR,FR,forecast_solar_generation,Solar,2026-07-03T17:44:22Z
2026-07-03T17:43:44Z,2026-07-03T19:43:44+0200,58f0f667-5017-4e2f-a8f0-60c0494acd3e,2026-06-26T22:30:00Z,2026-06-27T00:30:00+0200,0.0,MW,FR,FR,forecast_solar_generation,Solar,2026-07-03T17:44:22Z
2026-07-03T17:43:44Z,2026-07-03T19:43:44+0200,58f0f667-5017-4e2f-a8f0-60c0494acd3e,2026-06-26T22:45:00Z,2026-06-27T00:45:00+0200,0.0,MW,FR,FR,forecast_solar_generation,Solar,2026-07-03T17:44:22Z
2026-07-03T17:43:44Z,2026-07-03T19:43:44+0200,58f0f667-5017-4e2f-a8f0-60c0494acd3e,2026-06-26T23:00:00Z,2026-06-27T01:00:00+0200,0.0,MW,FR,FR,forecast_solar_generation,Solar,2026-07-03T17:44:22Z
2026-07-03T17:43:44Z,2026-07-03T19:43:44+0200,58f0f667-5017-4e2f-a8f0-60c0494acd3e,2026-06-26T23:15:00Z,2026-06-27T01:15:00+0200,0.0,MW,FR,FR,forecast_solar_generation,Solar,2026-07-03T17:44:22Z
2026-07-03T17:43:44Z,2026-07-03T19:43:44+0200,58f0f667-5017-4e2f-a8f0-60c0494acd3e,2026-06-26T23:30:00Z,2026-06-27T01:30:00+0200,0.0,MW,FR,FR,forecast_solar_generation,Solar,2026-07-03T17:44:22Z
2026-07-03T17:43:44Z,2026-07-03T19:43:44+0200,58f0f667-5017-4e2f-a8f0-60c0494acd3e,2026-06-26T23:45:00Z,2026-06-27T01:45:00+0200,0.0,MW,FR,FR,forecast_solar_generation,Solar,2026-07-03T17:44:22Z
2026-07-03T17:43:44Z,2026-07-03T19:43:44+0200,58f0f667-5017-4e2f-a8f0-60c0494acd3e,2026-06-27T00:00:00Z,2026-06-27T02:00:00+0200,0.0,MW,FR,FR,forecast_solar_generation,Solar,2026-07-03T17:44:22Z
2026-07-03T17:43:44Z,2026-07-03T19:43:44+0200,58f0f667-5017-4e2f-a8f0-60c0494acd3e,2026-06-27T00:15:00Z,2026-06-27T02:15:00+0200,0.0,MW,FR,FR,forecast_solar_generation,Solar,2026-07-03T17:44:22Z
2026-07-03T17:43:44Z,2026-07-03T19:43:44+0200,58f0f667-5017-4e2f-a8f0-60c0494acd3e,2026-06-27T00:30:00Z,2026-06-27T02:30:00+0200,0.0,MW,FR,FR,forecast_solar_generation,Solar,2026-07-03T17:44:22Z
2026-07-03T17:43:44Z,2026-07-03T19:43:44+0200,58f0f667-5017-4e2f-a8f0-60c0494acd3e,2026-06-27T00:45:00Z,2026-06-27T02:45:00+0200,0.0,MW,FR,FR,forecast_solar_generation,Solar,2026-07-03T17:44:22Z
2026-07-03T17:43:44Z,2026-07-03T19:43:44+0200,58f0f667-5017-4e2f-a8f0-60c0494acd3e,2026-06-27T01:00:00Z,2026-06-27T03:00:00+0200,0.0,MW,FR,FR,forecast_solar_generation,Solar,2026-07-03T17:44:22Z
2026-07-03T17:43:44Z,2026-07-03T19:43:44+0200,58f0f667-5017-4e2f-a8f0-60c0494acd3e,2026-06-27T01:15:00Z,2026-06-27T03:15:00+0200,0.0,MW,FR,FR,forecast_solar_generation,Solar,2026-07-03T17:44:22Z
2026-07-03T17:43:44Z,2026-07-03T19:43:44+0200,58f0f667-5017-4e2f-a8f0-60c0494acd3e,2026-06-27T01:30:00Z,2026-06-27T03:30:00+0200,0.0,MW,FR,FR,forecast_solar_generation,Solar,2026-07-03T17:44:22Z
2026-07-03T17:43:44Z,2026-07-03T19:43:44+0200,58f0f667-5017-4e2f-a8f0-60c0494acd3e,2026-06-27T01:45:00Z,2026-06-27T03:45:00+0200,0.0,MW,FR,FR,forecast_solar_generation,Solar,2026-07-03T17:44:22Z
2026-07-03T17:43:44Z,2026-07-03T19:43:44+0200,58f0f667-5017-4e2f-a8f0-60c0494acd3e,2026-06-27T02:00:00Z,2026-06-27T04:00:00+0200,0.0,MW,FR,FR,forecast_solar_generation,Solar,2026-07-03T17:44:22Z
2026-07-03T17:43:44Z,2026-07-03T19:43:44+0200,58f0f667-5017-4e2f-a8f0-60c0494acd3e,2026-06-27T02:15:00Z,2026-06-27T04:15:00+0200,0.0,MW,FR,FR,forecast_solar_generation,Solar,2026-07-03T17:44:22Z
2026-07-03T17:43:44Z,2026-07-03T19:43:44+0200,58f0f667-5017-4e2f-a8f0-60c0494acd3e,2026-06-27T02:30:00Z,2026-06-27T04:30:00+0200,0.0,MW,FR,FR,forecast_solar_generation,Solar,2026-07-03T17:44:22Z
2026-07-03T17:43:44Z,2026-07-03T19:43:44+0200,58f0f667-5017-4e2f-a8f0-60c0494acd3e,2026-06-27T02:45:00Z,2026-06-27T04:45:00+0200,0.0,MW,FR,FR,forecast_solar_generation,Solar,2026-07-03T17:44:22Z
2026-07-03T17:43:44Z,2026-07-03T19:43:44+0200,58f0f667-5017-4e2f-a8f0-60c0494acd3e,2026-06-27T03:00:00Z,2026-06-27T05:00:00+0200,0.0,MW,FR,FR,forecast_solar_generation,Solar,2026-07-03T17:44:22Z
2026-07-03T17:43:44Z,2026-07-03T19:43:44+0200,58f0f667-5017-4e2f-a8f0-60c0494acd3e,2026-06-27T03:15:00Z,2026-06-27T05:15:00+0200,0.0,MW,FR,FR,forecast_solar_generation,Solar,2026-07-03T17:44:22Z
2026-07-03T17:43:44Z,2026-07-03T19:43:44+0200,58f0f667-5017-4e2f-a8f0-60c0494acd3e,2026-06-27T03:30:00Z,2026-06-27T05:30:00+0200,0.0,MW,FR,FR,forecast_solar_generation,Solar,2026-07-03T17:44:22Z
2026-07-03T17:43:44Z,2026-07-03T19:43:44+0200,58f0f667-5017-4e2f-a8f0-60c0494acd3e,2026-06-27T03:45:00Z,2026-06-27T05:45:00+0200,0.0,MW,FR,FR,forecast_solar_generation,Solar,2026-07-03T17:44:22Z
2026-07-03T17:43:44Z,2026-07-03T19:43:44+0200,58f0f667-5017-4e2f-a8f0-60c0494acd3e,2026-06-27T04:00:00Z,2026-06-27T06:00:00+0200,0.0,MW,FR,FR,forecast_solar_generation,Solar,2026-07-03T17:44:22Z
2026-07-03T17:43:44Z,2026-07-03T19:43:44+0200,58f0f667-5017-4e2f-a8f0-60c0494acd3e,2026-06-27T04:15:00Z,2026-06-27T06:15:00+0200,182.25661,MW,FR,FR,forecast_solar_generation,Solar,2026-07-03T17:44:22Z
2026-07-03T17:43:44Z,2026-07-03T19:43:44+0200,58f0f667-5017-4e2f-a8f0-60c0494acd3e,2026-06-27T04:30:00Z,2026-06-27T06:30:00+0200,298.99271,MW,FR,FR,forecast_solar_generation,Solar,2026-07-03T17:44:22Z
2026-07-03T17:43:44Z,2026-07-03T19:43:44+0200,58f0f667-5017-4e2f-a8f0-60c0494acd3e,2026-06-27T04:45:00Z,2026-06-27T06:45:00+0200,643.04138,MW,FR,FR,forecast_solar_generation,Solar,2026-07-03T17:44:22Z
2026-07-03T17:43:44Z,2026-07-03T19:43:44+0200,58f0f667-5017-4e2f-a8f0-60c0494acd3e,2026-06-27T05:00:00Z,2026-06-27T07:00:00+0200,1047.46948,MW,FR,FR,forecast_solar_generation,Solar,2026-07-03T17:44:22Z
2026-07-03T17:43:44Z,2026-07-03T19:43:44+0200,58f0f667-5017-4e2f-a8f0-60c0494acd3e,2026-06-27T05:15:00Z,2026-06-27T07:15:00+0200,1558.08252,MW,FR,FR,forecast_solar_generation,Solar,2026-07-03T17:44:22Z
2026-07-03T17:43:44Z,2026-07-03T19:43:44+0200,58f0f667-5017-4e2f-a8f0-60c0494acd3e,2026-06-27T05:30:00Z,2026-06-27T07:30:00+0200,2122.42798,MW,FR,FR,forecast_solar_generation,Solar,2026-07-03T17:44:22Z
2026-07-03T17:43:44Z,2026-07-03T19:43:44+0200,58f0f667-5017-4e2f-a8f0-60c0494acd3e,2026-06-27T05:45:00Z,2026-06-27T07:45:00+0200,2936.16943,MW,FR,FR,forecast_solar_generation,Solar,2026-07-03T17:44:22Z
2026-07-03T17:43:44Z,2026-07-03T19:43:44+0200,58f0f667-5017-4e2f-a8f0-60c0494acd3e,2026-06-27T06:00:00Z,2026-06-27T08:00:00+0200,3829.32715,MW,FR,FR,forecast_solar_generation,Solar,2026-07-03T17:44:22Z
2026-07-03T17:43:44Z,2026-07-03T19:43:44+0200,58f0f667-5017-4e2f-a8f0-60c0494acd3e,2026-06-27T06:15:00Z,2026-06-27T08:15:00+0200,4817.86621,MW,FR,FR,forecast_solar_generation,Solar,2026-07-03T17:44:22Z
2026-07-03T17:43:44Z,2026-07-03T19:43:44+0200,58f0f667-5017-4e2f-a8f0-60c0494acd3e,2026-06-27T06:30:00Z,2026-06-27T08:30:00+0200,5918.74023,MW,FR,FR,forecast_solar_generation,Solar,2026-07-03T17:44:22Z
2026-07-03T17:43:44Z,2026-07-03T19:43:44+0200,58f0f667-5017-4e2f-a8f0-60c0494acd3e,2026-06-27T06:45:00Z,2026-06-27T08:45:00+0200,7028.10498,MW,FR,FR,forecast_solar_generation,Solar,2026-07-03T17:44:22Z
2026-07-03T17:43:44Z,2026-07-03T19:43:44+0200,58f0f667-5017-4e2f-a8f0-60c0494acd3e,2026-06-27T07:00:00Z,2026-06-27T09:00:00+0200,8193.11328,MW,FR,FR,forecast_solar_generation,Solar,2026-07-03T17:44:22Z
2026-07-03T17:43:44Z,2026-07-03T19:43:44+0200,58f0f667-5017-4e2f-a8f0-60c0494acd3e,2026-06-27T07:15:00Z,2026-06-27T09:15:00+0200,9289.39844,MW,FR,FR,forecast_solar_generation,Solar,2026-07-03T17:44:22Z
2026-07-03T17:43:44Z,2026-07-03T19:43:44+0200,58f0f667-5017-4e2f-a8f0-60c0494acd3e,2026-06-27T07:30:00Z,2026-06-27T09:30:00+0200,10411.70801,MW,FR,FR,forecast_solar_generation,Solar,2026-07-03T17:44:22Z
2026-07-03T17:43:44Z,2026-07-03T19:43:44+0200,58f0f667-5017-4e2f-a8f0-60c0494acd3e,2026-06-27T07:45:00Z,2026-06-27T09:45:00+0200,11412.64648,MW,FR,FR,forecast_solar_generation,Solar,2026-07-03T17:44:22Z
2026-07-03T17:43:44Z,2026-07-03T19:43:44+0200,58f0f667-5017-4e2f-a8f0-60c0494acd3e,2026-06-27T08:00:00Z,2026-06-27T10:00:00+0200,12418.92871,MW,FR,FR,forecast_solar_generation,Solar,2026-07-03T17:44:22Z
2026-07-03T17:43:44Z,2026-07-03T19:43:44+0200,58f0f667-5017-4e2f-a8f0-60c0494acd3e,2026-06-27T08:15:00Z,2026-06-27T10:15:00+0200,13406.5166,MW,FR,FR,forecast_solar_generation,Solar,2026-07-03T17:44:22Z
2026-07-03T17:43:44Z,2026-07-03T19:43:44+0200,58f0f667-5017-4e2f-a8f0-60c0494acd3e,2026-06-27T08:30:00Z,2026-06-27T10:30:00+0200,14321.99121,MW,FR,FR,forecast_solar_generation,Solar,2026-07-03T17:44:22Z
2026-07-03T17:43:44Z,2026-07-03T19:43:44+0200,58f0f667-5017-4e2f-a8f0-60c0494acd3e,2026-06-27T08:45:00Z,2026-06-27T10:45:00+0200,15058.68262,MW,FR,FR,forecast_solar_generation,Solar,2026-07-03T17:44:22Z
2026-07-03T17:43:44Z,2026-07-03T19:43:44+0200,58f0f667-5017-4e2f-a8f0-60c0494acd3e,2026-06-27T09:00:00Z,2026-06-27T11:00:00+0200,15705.83301,MW,FR,FR,forecast_solar_generation,Solar,2026-07-03T17:44:22Z
2026-07-03T17:43:44Z,2026-07-03T19:43:44+0200,58f0f667-5017-4e2f-a8f0-60c0494acd3e,2026-06-27T09:15:00Z,2026-06-27T11:15:00+0200,16335.83691,MW,FR,FR,forecast_solar_generation,Solar,2026-07-03T17:44:22Z
2026-07-03T17:43:44Z,2026-07-03T19:43:44+0200,58f0f667-5017-4e2f-a8f0-60c0494acd3e,2026-06-27T09:30:00Z,2026-06-27T11:30:00+0200,16905.62891,MW,FR,FR,forecast_solar_generation,Solar,2026-07-03T17:44:22Z
2026-07-03T17:43:44Z,2026-07-03T19:43:44+0200,58f0f667-5017-4e2f-a8f0-60c0494acd3e,2026-06-27T09:45:00Z,2026-06-27T11:45:00+0200,17402.18164,MW,FR,FR,forecast_solar_generation,Solar,2026-07-03T17:44:22Z
2026-07-03T17:43:44Z,2026-07-03T19:43:44+0200,58f0f667-5017-4e2f-a8f0-60c0494acd3e,2026-06-27T10:00:00Z,2026-06-27T12:00:00+0200,17843.26172,MW,FR,FR,forecast_solar_generation,Solar,2026-07-03T17:44:22Z
2026-07-03T17:43:44Z,2026-07-03T19:43:44+0200,58f0f667-5017-4e2f-a8f0-60c0494acd3e,2026-06-27T10:15:00Z,2026-06-27T12:15:00+0200,18225.18555,MW,FR,FR,forecast_solar_generation,Solar,2026-07-03T17:44:22Z
2026-07-03T17:43:44Z,2026-07-03T19:43:44+0200,58f0f667-5017-4e2f-a8f0-60c0494acd3e,2026-06-27T10:30:00Z,2026-06-27T12:30:00+0200,18545.65234,MW,FR,FR,forecast_solar_generation,Solar,2026-07-03T17:44:22Z
2026-07-03T17:43:44Z,2026-07-03T19:43:44+0200,58f0f667-5017-4e2f-a8f0-60c0494acd3e,2026-06-27T10:45:00Z,2026-06-27T12:45:00+0200,18735.09375,MW,FR,FR,forecast_solar_generation,Solar,2026-07-03T17:44:22Z
2026-07-03T17:43:44Z,2026-07-03T19:43:44+0200,58f0f667-5017-4e2f-a8f0-60c0494acd3e,2026-06-27T11:00:00Z,2026-06-27T13:00:00+0200,18937.56836,MW,FR,FR,forecast_solar_generation,Solar,2026-07-03T17:44:22Z
2026-07-03T17:43:44Z,2026-07-03T19:43:44+0200,58f0f667-5017-4e2f-a8f0-60c0494acd3e,2026-06-27T11:15:00Z,2026-06-27T13:15:00+0200,19062.47656,MW,FR,FR,forecast_solar_generation,Solar,2026-07-03T17:44:22Z
2026-07-03T17:43:44Z,2026-07-03T19:43:44+0200,58f0f667-5017-4e2f-a8f0-60c0494acd3e,2026-06-27T11:30:00Z,2026-06-27T13:30:00+0200,19183.91992,MW,FR,FR,forecast_solar_generation,Solar,2026-07-03T17:44:22Z
2026-07-03T17:43:44Z,2026-07-03T19:43:44+0200,58f0f667-5017-4e2f-a8f0-60c0494acd3e,2026-06-27T11:45:00Z,2026-06-27T13:45:00+0200,19239.38477,MW,FR,FR,forecast_solar_generation,Solar,2026-07-03T17:44:22Z
2026-07-03T17:43:44Z,2026-07-03T19:43:44+0200,58f0f667-5017-4e2f-a8f0-60c0494acd3e,2026-06-27T12:00:00Z,2026-06-27T14:00:00+0200,19273.95898,MW,FR,FR,forecast_solar_generation,Solar,2026-07-03T17:44:22Z
2026-07-03T17:43:44Z,2026-07-03T19:43:44+0200,58f0f667-5017-4e2f-a8f0-60c0494acd3e,2026-06-27T12:15:00Z,2026-06-27T14:15:00+0200,19224.19531,MW,FR,FR,forecast_solar_generation,Solar,2026-07-03T17:44:22Z
2026-07-03T17:43:44Z,2026-07-03T19:43:44+0200,58f0f667-5017-4e2f-a8f0-60c0494acd3e,2026-06-27T12:30:00Z,2026-06-27T14:30:00+0200,19182.64648,MW,FR,FR,forecast_solar_generation,Solar,2026-07-03T17:44:22Z
2026-07-03T17:43:44Z,2026-07-03T19:43:44+0200,58f0f667-5017-4e2f-a8f0-60c0494acd3e,2026-06-27T12:45:00Z,2026-06-27T14:45:00+0200,18987.87891,MW,FR,FR,forecast_solar_generation,Solar,2026-07-03T17:44:22Z
2026-07-03T17:43:44Z,2026-07-03T19:43:44+0200,58f0f667-5017-4e2f-a8f0-60c0494acd3e,2026-06-27T13:00:00Z,2026-06-27T15:00:00+0200,18743.61719,MW,FR,FR,forecast_solar_generation,Solar,2026-07-03T17:44:22Z
2026-07-03T17:43:44Z,2026-07-03T19:43:44+0200,58f0f667-5017-4e2f-a8f0-60c0494acd3e,2026-06-27T13:15:00Z,2026-06-27T15:15:00+0200,18450.69531,MW,FR,FR,forecast_solar_generation,Solar,2026-07-03T17:44:22Z
2026-07-03T17:43:44Z,2026-07-03T19:43:44+0200,58f0f667-5017-4e2f-a8f0-60c0494acd3e,2026-06-27T13:30:00Z,2026-06-27T15:30:00+0200,18077.68945,MW,FR,FR,forecast_solar_generation,Solar,2026-07-03T17:44:22Z
2026-07-03T17:43:44Z,2026-07-03T19:43:44+0200,58f0f667-5017-4e2f-a8f0-60c0494acd3e,2026-06-27T13:45:00Z,2026-06-27T15:45:00+0200,17617.96094,MW,FR,FR,forecast_solar_generation,Solar,2026-07-03T17:44:22Z
2026-07-03T17:43:44Z,2026-07-03T19:43:44+0200,58f0f667-5017-4e2f-a8f0-60c0494acd3e,2026-06-27T14:00:00Z,2026-06-27T16:00:00+0200,17125.98242,MW,FR,FR,forecast_solar_generation,Solar,2026-07-03T17:44:22Z
2026-07-03T17:43:44Z,2026-07-03T19:43:44+0200,58f0f667-5017-4e2f-a8f0-60c0494acd3e,2026-06-27T14:15:00Z,2026-06-27T16:15:00+0200,16569.56445,MW,FR,FR,forecast_solar_generation,Solar,2026-07-03T17:44:22Z
2026-07-03T17:43:44Z,2026-07-03T19:43:44+0200,58f0f667-5017-4e2f-a8f0-60c0494acd3e,2026-06-27T14:30:00Z,2026-06-27T16:30:00+0200,15993.31543,MW,FR,FR,forecast_solar_generation,Solar,2026-07-03T17:44:22Z
2026-07-03T17:43:44Z,2026-07-03T19:43:44+0200,58f0f667-5017-4e2f-a8f0-60c0494acd3e,2026-06-27T14:45:00Z,2026-06-27T16:45:00+0200,15356.48438,MW,FR,FR,forecast_solar_generation,Solar,2026-07-03T17:44:22Z
2026-07-03T17:43:44Z,2026-07-03T19:43:44+0200,58f0f667-5017-4e2f-a8f0-60c0494acd3e,2026-06-27T15:00:00Z,2026-06-27T17:00:00+0200,14642.52734,MW,FR,FR,forecast_solar_generation,Solar,2026-07-03T17:44:22Z
2026-07-03T17:43:44Z,2026-07-03T19:43:44+0200,58f0f667-5017-4e2f-a8f0-60c0494acd3e,2026-06-27T15:15:00Z,2026-06-27T17:15:00+0200,13871.68848,MW,FR,FR,forecast_solar_generation,Solar,2026-07-03T17:44:22Z
2026-07-03T17:43:44Z,2026-07-03T19:43:44+0200,58f0f667-5017-4e2f-a8f0-60c0494acd3e,2026-06-27T15:30:00Z,2026-06-27T17:30:00+0200,13075.77734,MW,FR,FR,forecast_solar_generation,Solar,2026-07-03T17:44:22Z
2026-07-03T17:43:44Z,2026-07-03T19:43:44+0200,58f0f667-5017-4e2f-a8f0-60c0494acd3e,2026-06-27T15:45:00Z,2026-06-27T17:45:00+0200,12278.19531,MW,FR,FR,forecast_solar_generation,Solar,2026-07-03T17:44:22Z
2026-07-03T17:43:44Z,2026-07-03T19:43:44+0200,58f0f667-5017-4e2f-a8f0-60c0494acd3e,2026-06-27T16:00:00Z,2026-06-27T18:00:00+0200,11372.41309,MW,FR,FR,forecast_solar_generation,Solar,2026-07-03T17:44:22Z
2026-07-03T17:43:44Z,2026-07-03T19:43:44+0200,58f0f667-5017-4e2f-a8f0-60c0494acd3e,2026-06-27T16:15:00Z,2026-06-27T18:15:00+0200,10428.92188,MW,FR,FR,forecast_solar_generation,Solar,2026-07-03T17:44:22Z
2026-07-03T17:43:44Z,2026-07-03T19:43:44+0200,58f0f667-5017-4e2f-a8f0-60c0494acd3e,2026-06-27T16:30:00Z,2026-06-27T18:30:00+0200,9493.0957,MW,FR,FR,forecast_solar_generation,Solar,2026-07-03T17:44:22Z
2026-07-03T17:43:44Z,2026-07-03T19:43:44+0200,58f0f667-5017-4e2f-a8f0-60c0494acd3e,2026-06-27T16:45:00Z,2026-06-27T18:45:00+0200,8528.56055,MW,FR,FR,forecast_solar_generation,Solar,2026-07-03T17:44:22Z
2026-07-03T17:43:44Z,2026-07-03T19:43:44+0200,58f0f667-5017-4e2f-a8f0-60c0494acd3e,2026-06-27T17:00:00Z,2026-06-27T19:00:00+0200,7444.15381,MW,FR,FR,forecast_solar_generation,Solar,2026-07-03T17:44:22Z
2026-07-03T17:43:44Z,2026-07-03T19:43:44+0200,58f0f667-5017-4e2f-a8f0-60c0494acd3e,2026-06-27T17:15:00Z,2026-06-27T19:15:00+0200,6475.44775,MW,FR,FR,forecast_solar_generation,Solar,2026-07-03T17:44:22Z
2026-07-03T17:43:44Z,2026-07-03T19:43:44+0200,58f0f667-5017-4e2f-a8f0-60c0494acd3e,2026-06-27T17:30:00Z,2026-06-27T19:30:00+0200,5372.46045,MW,FR,FR,forecast_solar_generation,Solar,2026-07-03T17:44:22Z
2026-07-03T17:43:44Z,2026-07-03T19:43:44+0200,58f0f667-5017-4e2f-a8f0-60c0494acd3e,2026-06-27T17:45:00Z,2026-06-27T19:45:00+0200,4513.20947,MW,FR,FR,forecast_solar_generation,Solar,2026-07-03T17:44:22Z
2026-07-03T17:43:44Z,2026-07-03T19:43:44+0200,58f0f667-5017-4e2f-a8f0-60c0494acd3e,2026-06-27T18:00:00Z,2026-06-27T20:00:00+0200,3508.16382,MW,FR,FR,forecast_solar_generation,Solar,2026-07-03T17:44:22Z
2026-07-03T17:43:44Z,2026-07-03T19:43:44+0200,58f0f667-5017-4e2f-a8f0-60c0494acd3e,2026-06-27T18:15:00Z,2026-06-27T20:15:00+0200,2705.71875,MW,FR,FR,forecast_solar_generation,Solar,2026-07-03T17:44:22Z
2026-07-03T17:43:44Z,2026-07-03T19:43:44+0200,58f0f667-5017-4e2f-a8f0-60c0494acd3e,2026-06-27T18:30:00Z,2026-06-27T20:30:00+0200,1981.33459,MW,FR,FR,forecast_solar_generation,Solar,2026-07-03T17:44:22Z
2026-07-03T17:43:44Z,2026-07-03T19:43:44+0200,58f0f667-5017-4e2f-a8f0-60c0494acd3e,2026-06-27T18:45:00Z,2026-06-27T20:45:00+0200,1458.43689,MW,FR,FR,forecast_solar_generation,Solar,2026-07-03T17:44:22Z
2026-07-03T17:43:44Z,2026-07-03T19:43:44+0200,58f0f667-5017-4e2f-a8f0-60c0494acd3e,2026-06-27T19:00:00Z,2026-06-27T21:00:00+0200,1004.22125,MW,FR,FR,forecast_solar_generation,Solar,2026-07-03T17:44:22Z
2026-07-03T17:43:44Z,2026-07-03T19:43:44+0200,58f0f667-5017-4e2f-a8f0-60c0494acd3e,2026-06-27T19:15:00Z,2026-06-27T21:15:00+0200,603.16541,MW,FR,FR,forecast_solar_generation,Solar,2026-07-03T17:44:22Z
2026-07-03T17:43:44Z,2026-07-03T19:43:44+0200,58f0f667-5017-4e2f-a8f0-60c0494acd3e,2026-06-27T19:30:00Z,2026-06-27T21:30:00+0200,275.78775,MW,FR,FR,forecast_solar_generation,Solar,2026-07-03T17:44:22Z
2026-07-03T17:43:44Z,2026-07-03T19:43:44+0200,58f0f667-5017-4e2f-a8f0-60c0494acd3e,2026-06-27T19:45:00Z,2026-06-27T21:45:00+0200,106.09245,MW,FR,FR,forecast_solar_generation,Solar,2026-07-03T17:44:22Z
2026-07-03T17:43:44Z,2026-07-03T19:43:44+0200,58f0f667-5017-4e2f-a8f0-60c0494acd3e,2026-06-27T20:00:00Z,2026-06-27T22:00:00+0200,16.08236,MW,FR,FR,forecast_solar_generation,Solar,2026-07-03T17:44:22Z
2026-07-03T17:43:44Z,2026-07-03T19:43:44+0200,58f0f667-5017-4e2f-a8f0-60c0494acd3e,2026-06-27T20:15:00Z,2026-06-27T22:15:00+0200,0.01499,MW,FR,FR,forecast_solar_generation,Solar,2026-07-03T17:44:22Z
2026-07-03T17:43:44Z,2026-07-03T19:43:44+0200,58f0f667-5017-4e2f-a8f0-60c0494acd3e,2026-06-27T20:30:00Z,2026-06-27T22:30:00+0200,0.0,MW,FR,FR,forecast_solar_generation,Solar,2026-07-03T17:44:22Z
2026-07-03T17:43:44Z,2026-07-03T19:43:44+0200,58f0f667-5017-4e2f-a8f0-60c0494acd3e,2026-06-27T20:45:00Z,2026-06-27T22:45:00+0200,0.0,MW,FR,FR,forecast_solar_generation,Solar,2026-07-03T17:44:22Z
2026-07-03T17:43:44Z,2026-07-03T19:43:44+0200,58f0f667-5017-4e2f-a8f0-60c0494acd3e,2026-06-27T21:00:00Z,2026-06-27T23:00:00+0200,0.0,MW,FR,FR,forecast_solar_generation,Solar,2026-07-03T17:44:22Z
2026-07-03T17:43:44Z,2026-07-03T19:43:44+0200,58f0f667-5017-4e2f-a8f0-60c0494acd3e,2026-06-27T21:15:00Z,2026-06-27T23:15:00+0200,0.0,MW,FR,FR,forecast_solar_generation,Solar,2026-07-03T17:44:22Z
2026-07-03T17:43:44Z,2026-07-03T19:43:44+0200,58f0f667-5017-4e2f-a8f0-60c0494acd3e,2026-06-27T21:30:00Z,2026-06-27T23:30:00+0200,0.0,MW,FR,FR,forecast_solar_generation,Solar,2026-07-03T17:44:22Z
2026-07-03T17:43:44Z,2026-07-03T19:43:44+0200,58f0f667-5017-4e2f-a8f0-60c0494acd3e,2026-06-27T21:45:00Z,2026-06-27T23:45:00+0200,0.0,MW,FR,FR,forecast_solar_generation,Solar,2026-07-03T17:44:22Z
2026-07-03T17:43:44Z,2026-07-03T19:43:44+0200,58f0f667-5017-4e2f-a8f0-60c0494acd3e,2026-06-27T22:00:00Z,2026-06-28T00:00:00+0200,0.0,MW,FR,FR,forecast_solar_generation,Solar,2026-07-03T17:44:22Z
2026-07-03T17:43:44Z,2026-07-03T19:43:44+0200,58f0f667-5017-4e2f-a8f0-60c0494acd3e,2026-06-27T22:15:00Z,2026-06-28T00:15:00+0200,0.0,MW,FR,FR,forecast_solar_generation,Solar,2026-07-03T17:44:22Z
2026-07-03T17:43:44Z,2026-07-03T19:43:44+0200,58f0f667-5017-4e2f-a8f0-60c0494acd3e,2026-06-27T22:30:00Z,2026-06-28T00:30:00+0200,0.0,MW,FR,FR,forecast_solar_generation,Solar,2026-07-03T17:44:22Z
2026-07-03T17:43:44Z,2026-07-03T19:43:44+0200,58f0f667-5017-4e2f-a8f0-60c0494acd3e,2026-06-27T22:45:00Z,2026-06-28T00:45:00+0200,0.0,MW,FR,FR,forecast_solar_generation,Solar,2026-07-03T17:44:22Z
2026-07-03T17:43:44Z,2026-07-03T19:43:44+0200,58f0f667-5017-4e2f-a8f0-60c0494acd3e,2026-06-27T23:00:00Z,2026-06-28T01:00:00+0200,0.0,MW,FR,FR,forecast_solar_generation,Solar,2026-07-03T17:44:22Z
2026-07-03T17:43:44Z,2026-07-03T19:43:44+0200,58f0f667-5017-4e2f-a8f0-60c0494acd3e,2026-06-27T23:15:00Z,2026-06-28T01:15:00+0200,0.0,MW,FR,FR,forecast_solar_generation,Solar,2026-07-03T17:44:22Z
2026-07-03T17:43:44Z,2026-07-03T19:43:44+0200,58f0f667-5017-4e2f-a8f0-60c0494acd3e,2026-06-27T23:30:00Z,2026-06-28T01:30:00+0200,0.0,MW,FR,FR,forecast_solar_generation,Solar,2026-07-03T17:44:22Z
2026-07-03T17:43:44Z,2026-07-03T19:43:44+0200,58f0f667-5017-4e2f-a8f0-60c0494acd3e,2026-06-27T23:45:00Z,2026-06-28T01:45:00+0200,0.0,MW,FR,FR,forecast_solar_generation,Solar,2026-07-03T17:44:22Z
2026-07-03T17:43:44Z,2026-07-03T19:43:44+0200,58f0f667-5017-4e2f-a8f0-60c0494acd3e,2026-06-28T00:00:00Z,2026-06-28T02:00:00+0200,0.0,MW,FR,FR,forecast_solar_generation,Solar,2026-07-03T17:44:22Z
2026-07-03T17:43:44Z,2026-07-03T19:43:44+0200,58f0f667-5017-4e2f-a8f0-60c0494acd3e,2026-06-28T00:15:00Z,2026-06-28T02:15:00+0200,0.0,MW,FR,FR,forecast_solar_generation,Solar,2026-07-03T17:44:22Z
2026-07-03T17:43:44Z,2026-07-03T19:43:44+0200,58f0f667-5017-4e2f-a8f0-60c0494acd3e,2026-06-28T00:30:00Z,2026-06-28T02:30:00+0200,0.0,MW,FR,FR,forecast_solar_generation,Solar,2026-07-03T17:44:22Z
2026-07-03T17:43:44Z,2026-07-03T19:43:44+0200,58f0f667-5017-4e2f-a8f0-60c0494acd3e,2026-06-28T00:45:00Z,2026-06-28T02:45:00+0200,0.0,MW,FR,FR,forecast_solar_generation,Solar,2026-07-03T17:44:22Z
2026-07-03T17:43:44Z,2026-07-03T19:43:44+0200,58f0f667-5017-4e2f-a8f0-60c0494acd3e,2026-06-28T01:00:00Z,2026-06-28T03:00:00+0200,0.0,MW,FR,FR,forecast_solar_generation,Solar,2026-07-03T17:44:22Z
2026-07-03T17:43:44Z,2026-07-03T19:43:44+0200,58f0f667-5017-4e2f-a8f0-60c0494acd3e,2026-06-28T01:15:00Z,2026-06-28T03:15:00+0200,0.0,MW,FR,FR,forecast_solar_generation,Solar,2026-07-03T17:44:22Z
2026-07-03T17:43:44Z,2026-07-03T19:43:44+0200,58f0f667-5017-4e2f-a8f0-60c0494acd3e,2026-06-28T01:30:00Z,2026-06-28T03:30:00+0200,0.0,MW,FR,FR,forecast_solar_generation,Solar,2026-07-03T17:44:22Z
2026-07-03T17:43:44Z,2026-07-03T19:43:44+0200,58f0f667-5017-4e2f-a8f0-60c0494acd3e,2026-06-28T01:45:00Z,2026-06-28T03:45:00+0200,0.0,MW,FR,FR,forecast_solar_generation,Solar,2026-07-03T17:44:22Z
2026-07-03T17:43:44Z,2026-07-03T19:43:44+0200,58f0f667-5017-4e2f-a8f0-60c0494acd3e,2026-06-28T02:00:00Z,2026-06-28T04:00:00+0200,0.0,MW,FR,FR,forecast_solar_generation,Solar,2026-07-03T17:44:22Z
2026-07-03T17:43:44Z,2026-07-03T19:43:44+0200,58f0f667-5017-4e2f-a8f0-60c0494acd3e,2026-06-28T02:15:00Z,2026-06-28T04:15:00+0200,0.0,MW,FR,FR,forecast_solar_generation,Solar,2026-07-03T17:44:22Z
2026-07-03T17:43:44Z,2026-07-03T19:43:44+0200,58f0f667-5017-4e2f-a8f0-60c0494acd3e,2026-06-28T02:30:00Z,2026-06-28T04:30:00+0200,0.0,MW,FR,FR,forecast_solar_generation,Solar,2026-07-03T17:44:22Z
2026-07-03T17:43:44Z,2026-07-03T19:43:44+0200,58f0f667-5017-4e2f-a8f0-60c0494acd3e,2026-06-28T02:45:00Z,2026-06-28T04:45:00+0200,0.0,MW,FR,FR,forecast_solar_generation,Solar,2026-07-03T17:44:22Z
2026-07-03T17:43:44Z,2026-07-03T19:43:44+0200,58f0f667-5017-4e2f-a8f0-60c0494acd3e,2026-06-28T03:00:00Z,2026-06-28T05:00:00+0200,0.0,MW,FR,FR,forecast_solar_generation,Solar,2026-07-03T17:44:22Z
2026-07-03T17:43:44Z,2026-07-03T19:43:44+0200,58f0f667-5017-4e2f-a8f0-60c0494acd3e,2026-06-28T03:15:00Z,2026-06-28T05:15:00+0200,0.0,MW,FR,FR,forecast_solar_generation,Solar,2026-07-03T17:44:22Z
2026-07-03T17:43:44Z,2026-07-03T19:43:44+0200,58f0f667-5017-4e2f-a8f0-60c0494acd3e,2026-06-28T03:30:00Z,2026-06-28T05:30:00+0200,0.0,MW,FR,FR,forecast_solar_generation,Solar,2026-07-03T17:44:22Z
2026-07-03T17:43:44Z,2026-07-03T19:43:44+0200,58f0f667-5017-4e2f-a8f0-60c0494acd3e,2026-06-28T03:45:00Z,2026-06-28T05:45:00+0200,0.0,MW,FR,FR,forecast_solar_generation,Solar,2026-07-03T17:44:22Z
2026-07-03T17:43:44Z,2026-07-03T19:43:44+0200,58f0f667-5017-4e2f-a8f0-60c0494acd3e,2026-06-28T04:00:00Z,2026-06-28T06:00:00+0200,0.0,MW,FR,FR,forecast_solar_generation,Solar,2026-07-03T17:44:22Z
2026-07-03T17:43:44Z,2026-07-03T19:43:44+0200,58f0f667-5017-4e2f-a8f0-60c0494acd3e,2026-06-28T04:15:00Z,2026-06-28T06:15:00+0200,172.37794,MW,FR,FR,forecast_solar_generation,Solar,2026-07-03T17:44:22Z
2026-07-03T17:43:44Z,2026-07-03T19:43:44+0200,58f0f667-5017-4e2f-a8f0-60c0494acd3e,2026-06-28T04:30:00Z,2026-06-28T06:30:00+0200,282.95862,MW,FR,FR,forecast_solar_generation,Solar,2026-07-03T17:44:22Z
2026-07-03T17:43:44Z,2026-07-03T19:43:44+0200,58f0f667-5017-4e2f-a8f0-60c0494acd3e,2026-06-28T04:45:00Z,2026-06-28T06:45:00+0200,607.99121,MW,FR,FR,forecast_solar_generation,Solar,2026-07-03T17:44:22Z
2026-07-03T17:43:44Z,2026-07-03T19:43:44+0200,58f0f667-5017-4e2f-a8f0-60c0494acd3e,2026-06-28T05:00:00Z,2026-06-28T07:00:00+0200,992.67969,MW,FR,FR,forecast_solar_generation,Solar,2026-07-03T17:44:22Z
2026-07-03T17:43:44Z,2026-07-03T19:43:44+0200,58f0f667-5017-4e2f-a8f0-60c0494acd3e,2026-06-28T05:15:00Z,2026-06-28T07:15:00+0200,1490.44434,MW,FR,FR,forecast_solar_generation,Solar,2026-07-03T17:44:22Z
2026-07-03T17:43:44Z,2026-07-03T19:43:44+0200,58f0f667-5017-4e2f-a8f0-60c0494acd3e,2026-06-28T05:30:00Z,2026-06-28T07:30:00+0200,2026.19934,MW,FR,FR,forecast_solar_generation,Solar,2026-07-03T17:44:22Z
2026-07-03T17:43:44Z,2026-07-03T19:43:44+0200,58f0f667-5017-4e2f-a8f0-60c0494acd3e,2026-06-28T05:45:00Z,2026-06-28T07:45:00+0200,2790.80566,MW,FR,FR,forecast_solar_generation,Solar,2026-07-03T17:44:22Z
2026-07-03T17:43:44Z,2026-07-03T19:43:44+0200,58f0f667-5017-4e2f-a8f0-60c0494acd3e,2026-06-28T06:00:00Z,2026-06-28T08:00:00+0200,3601.02271,MW,FR,FR,forecast_solar_generation,Solar,2026-07-03T17:44:22Z
2026-07-03T17:43:44Z,2026-07-03T19:43:44+0200,58f0f667-5017-4e2f-a8f0-60c0494acd3e,2026-06-28T06:15:00Z,2026-06-28T08:15:00+0200,4551.06104,MW,FR,FR,forecast_solar_generation,Solar,2026-07-03T17:44:22Z
2026-07-03T17:43:44Z,2026-07-03T19:43:44+0200,58f0f667-5017-4e2f-a8f0-60c0494acd3e,2026-06-28T06:30:00Z,2026-06-28T08:30:00+0200,5530.62109,MW,FR,FR,forecast_solar_generation,Solar,2026-07-03T17:44:22Z
2026-07-03T17:43:44Z,2026-07-03T19:43:44+0200,58f0f667-5017-4e2f-a8f0-60c0494acd3e,2026-06-28T06:45:00Z,2026-06-28T08:45:00+0200,6540.31885,MW,FR,FR,forecast_solar_generation,Solar,2026-07-03T17:44:22Z
2026-07-03T17:43:44Z,2026-07-03T19:43:44+0200,58f0f667-5017-4e2f-a8f0-60c0494acd3e,2026-06-28T07:00:00Z,2026-06-28T09:00:00+0200,7576.88672,MW,FR,FR,forecast_solar_generation,Solar,2026-07-03T17:44:22Z
2026-07-03T17:43:44Z,2026-07-03T19:43:44+0200,58f0f667-5017-4e2f-a8f0-60c0494acd3e,2026-06-28T07:15:00Z,2026-06-28T09:15:00+0200,8602.58789,MW,FR,FR,forecast_solar_generation,Solar,2026-07-03T17:44:22Z
2026-07-03T17:43:44Z,2026-07-03T19:43:44+0200,58f0f667-5017-4e2f-a8f0-60c0494acd3e,2026-06-28T07:30:00Z,2026-06-28T09:30:00+0200,9595.88086,MW,FR,FR,forecast_solar_generation,Solar,2026-07-03T17:44:22Z
2026-07-03T17:43:44Z,2026-07-03T19:43:44+0200,58f0f667-5017-4e2f-a8f0-60c0494acd3e,2026-06-28T07:45:00Z,2026-06-28T09:45:00+0200,10533.6377,MW,FR,FR,forecast_solar_generation,Solar,2026-07-03T17:44:22Z
2026-07-03T17:43:44Z,2026-07-03T19:43:44+0200,58f0f667-5017-4e2f-a8f0-60c0494acd3e,2026-06-28T08:00:00Z,2026-06-28T10:00:00+0200,11497.23145,MW,FR,FR,forecast_solar_generation,Solar,2026-07-03T17:44:22Z
2026-07-03T17:43:44Z,2026-07-03T19:43:44+0200,58f0f667-5017-4e2f-a8f0-60c0494acd3e,2026-06-28T08:15:00Z,2026-06-28T10:15:00+0200,12469.74121,MW,FR,FR,forecast_solar_generation,Solar,2026-07-03T17:44:22Z
2026-07-03T17:43:44Z,2026-07-03T19:43:44+0200,58f0f667-5017-4e2f-a8f0-60c0494acd3e,2026-06-28T08:30:00Z,2026-06-28T10:30:00+0200,13356.3877,MW,FR,FR,forecast_solar_generation,Solar,2026-07-03T17:44:22Z
2026-07-03T17:43:44Z,2026-07-03T19:43:44+0200,58f0f667-5017-4e2f-a8f0-60c0494acd3e,2026-06-28T08:45:00Z,2026-06-28T10:45:00+0200,14069.33887,MW,FR,FR,forecast_solar_generation,Solar,2026-07-03T17:44:22Z
2026-07-03T17:43:44Z,2026-07-03T19:43:44+0200,58f0f667-5017-4e2f-a8f0-60c0494acd3e,2026-06-28T09:00:00Z,2026-06-28T11:00:00+0200,14738.99121,MW,FR,FR,forecast_solar_generation,Solar,2026-07-03T17:44:22Z
2026-07-03T17:43:44Z,2026-07-03T19:43:44+0200,58f0f667-5017-4e2f-a8f0-60c0494acd3e,2026-06-28T09:15:00Z,2026-06-28T11:15:00+0200,15404.71289,MW,FR,FR,forecast_solar_generation,Solar,2026-07-03T17:44:22Z
2026-07-03T17:43:44Z,2026-07-03T19:43:44+0200,58f0f667-5017-4e2f-a8f0-60c0494acd3e,2026-06-28T09:30:00Z,2026-06-28T11:30:00+0200,15975.7959,MW,FR,FR,forecast_solar_generation,Solar,2026-07-03T17:44:22Z
2026-07-03T17:43:44Z,2026-07-03T19:43:44+0200,58f0f667-5017-4e2f-a8f0-60c0494acd3e,2026-06-28T09:45:00Z,2026-06-28T11:45:00+0200,16393.66992,MW,FR,FR,forecast_solar_generation,Solar,2026-07-03T17:44:22Z
2026-07-03T17:43:44Z,2026-07-03T19:43:44+0200,58f0f667-5017-4e2f-a8f0-60c0494acd3e,2026-06-28T10:00:00Z,2026-06-28T12:00:00+0200,16766.5332,MW,FR,FR,forecast_solar_generation,Solar,2026-07-03T17:44:22Z
2026-07-03T17:43:44Z,2026-07-03T19:43:44+0200,58f0f667-5017-4e2f-a8f0-60c0494acd3e,2026-06-28T10:15:00Z,2026-06-28T12:15:00+0200,17071.80664,MW,FR,FR,forecast_solar_generation,Solar,2026-07-03T17:44:22Z
2026-07-03T17:43:44Z,2026-07-03T19:43:44+0200,58f0f667-5017-4e2f-a8f0-60c0494acd3e,2026-06-28T10:30:00Z,2026-06-28T12:30:00+0200,17355.01758,MW,FR,FR,forecast_solar_generation,Solar,2026-07-03T17:44:22Z
2026-07-03T17:43:44Z,2026-07-03T19:43:44+0200,58f0f667-5017-4e2f-a8f0-60c0494acd3e,2026-06-28T10:45:00Z,2026-06-28T12:45:00+0200,17571.92773,MW,FR,FR,forecast_solar_generation,Solar,2026-07-03T17:44:22Z
2026-07-03T17:43:44Z,2026-07-03T19:43:44+0200,58f0f667-5017-4e2f-a8f0-60c0494acd3e,2026-06-28T11:00:00Z,2026-06-28T13:00:00+0200,17815.71094,MW,FR,FR,forecast_solar_generation,Solar,2026-07-03T17:44:22Z
2026-07-03T17:43:44Z,2026-07-03T19:43:44+0200,58f0f667-5017-4e2f-a8f0-60c0494acd3e,2026-06-28T11:15:00Z,2026-06-28T13:15:00+0200,17952.80664,MW,FR,FR,forecast_solar_generation,Solar,2026-07-03T17:44:22Z
2026-07-03T17:43:44Z,2026-07-03T19:43:44+0200,58f0f667-5017-4e2f-a8f0-60c0494acd3e,2026-06-28T11:30:00Z,2026-06-28T13:30:00+0200,18105.58203,MW,FR,FR,forecast_solar_generation,Solar,2026-07-03T17:44:22Z
2026-07-03T17:43:44Z,2026-07-03T19:43:44+0200,58f0f667-5017-4e2f-a8f0-60c0494acd3e,2026-06-28T11:45:00Z,2026-06-28T13:45:00+0200,18042.92383,MW,FR,FR,forecast_solar_generation,Solar,2026-07-03T17:44:22Z
2026-07-03T17:43:44Z,2026-07-03T19:43:44+0200,58f0f667-5017-4e2f-a8f0-60c0494acd3e,2026-06-28T12:00:00Z,2026-06-28T14:00:00+0200,17956.2793,MW,FR,FR,forecast_solar_generation,Solar,2026-07-03T17:44:22Z
2026-07-03T17:43:44Z,2026-07-03T19:43:44+0200,58f0f667-5017-4e2f-a8f0-60c0494acd3e,2026-06-28T12:15:00Z,2026-06-28T14:15:00+0200,17830.19531,MW,FR,FR,forecast_solar_generation,Solar,2026-07-03T17:44:22Z
2026-07-03T17:43:44Z,2026-07-03T19:43:44+0200,58f0f667-5017-4e2f-a8f0-60c0494acd3e,2026-06-28T12:30:00Z,2026-06-28T14:30:00+0200,17698.88477,MW,FR,FR,forecast_solar_generation,Solar,2026-07-03T17:44:22Z
2026-07-03T17:43:44Z,2026-07-03T19:43:44+0200,58f0f667-5017-4e2f-a8f0-60c0494acd3e,2026-06-28T12:45:00Z,2026-06-28T14:45:00+0200,17410.75586,MW,FR,FR,forecast_solar_generation,Solar,2026-07-03T17:44:22Z
2026-07-03T17:43:44Z,2026-07-03T19:43:44+0200,58f0f667-5017-4e2f-a8f0-60c0494acd3e,2026-06-28T13:00:00Z,2026-06-28T15:00:00+0200,17023.71289,MW,FR,FR,forecast_solar_generation,Solar,2026-07-03T17:44:22Z
2026-07-03T17:43:44Z,2026-07-03T19:43:44+0200,58f0f667-5017-4e2f-a8f0-60c0494acd3e,2026-06-28T13:15:00Z,2026-06-28T15:15:00+0200,16639.51367,MW,FR,FR,forecast_solar_generation,Solar,2026-07-03T17:44:22Z
2026-07-03T17:43:44Z,2026-07-03T19:43:44+0200,58f0f667-5017-4e2f-a8f0-60c0494acd3e,2026-06-28T13:30:00Z,2026-06-28T15:30:00+0200,16217.42773,MW,FR,FR,forecast_solar_generation,Solar,2026-07-03T17:44:22Z
2026-07-03T17:43:44Z,2026-07-03T19:43:44+0200,58f0f667-5017-4e2f-a8f0-60c0494acd3e,2026-06-28T13:45:00Z,2026-06-28T15:45:00+0200,15697.9248,MW,FR,FR,forecast_solar_generation,Solar,2026-07-03T17:44:22Z
2026-07-03T17:43:44Z,2026-07-03T19:43:44+0200,58f0f667-5017-4e2f-a8f0-60c0494acd3e,2026-06-28T14:00:00Z,2026-06-28T16:00:00+0200,15169.44434,MW,FR,FR,forecast_solar_generation,Solar,2026-07-03T17:44:22Z
2026-07-03T17:43:44Z,2026-07-03T19:43:44+0200,58f0f667-5017-4e2f-a8f0-60c0494acd3e,2026-06-28T14:15:00Z,2026-06-28T16:15:00+0200,14660.97949,MW,FR,FR,forecast_solar_generation,Solar,2026-07-03T17:44:22Z
2026-07-03T17:43:44Z,2026-07-03T19:43:44+0200,58f0f667-5017-4e2f-a8f0-60c0494acd3e,2026-06-28T14:30:00Z,2026-06-28T16:30:00+0200,14052.73633,MW,FR,FR,forecast_solar_generation,Solar,2026-07-03T17:44:22Z
2026-07-03T17:43:44Z,2026-07-03T19:43:44+0200,58f0f667-5017-4e2f-a8f0-60c0494acd3e,2026-06-28T14:45:00Z,2026-06-28T16:45:00+0200,13429.12598,MW,FR,FR,forecast_solar_generation,Solar,2026-07-03T17:44:22Z
2026-07-03T17:43:44Z,2026-07-03T19:43:44+0200,58f0f667-5017-4e2f-a8f0-60c0494acd3e,2026-06-28T15:00:00Z,2026-06-28T17:00:00+0200,12745.66113,MW,FR,FR,forecast_solar_generation,Solar,2026-07-03T17:44:22Z
2026-07-03T17:43:44Z,2026-07-03T19:43:44+0200,58f0f667-5017-4e2f-a8f0-60c0494acd3e,2026-06-28T15:15:00Z,2026-06-28T17:15:00+0200,11976.13281,MW,FR,FR,forecast_solar_generation,Solar,2026-07-03T17:44:22Z
2026-07-03T17:43:44Z,2026-07-03T19:43:44+0200,58f0f667-5017-4e2f-a8f0-60c0494acd3e,2026-06-28T15:30:00Z,2026-06-28T17:30:00+0200,11283.63867,MW,FR,FR,forecast_solar_generation,Solar,2026-07-03T17:44:22Z
2026-07-03T17:43:44Z,2026-07-03T19:43:44+0200,58f0f667-5017-4e2f-a8f0-60c0494acd3e,2026-06-28T15:45:00Z,2026-06-28T17:45:00+0200,10560.22461,MW,FR,FR,forecast_solar_generation,Solar,2026-07-03T17:44:22Z
2026-07-03T17:43:44Z,2026-07-03T19:43:44+0200,58f0f667-5017-4e2f-a8f0-60c0494acd3e,2026-06-28T16:00:00Z,2026-06-28T18:00:00+0200,9667.83887,MW,FR,FR,forecast_solar_generation,Solar,2026-07-03T17:44:22Z
2026-07-03T17:43:44Z,2026-07-03T19:43:44+0200,58f0f667-5017-4e2f-a8f0-60c0494acd3e,2026-06-28T16:15:00Z,2026-06-28T18:15:00+0200,8708.47754,MW,FR,FR,forecast_solar_generation,Solar,2026-07-03T17:44:22Z
2026-07-03T17:43:44Z,2026-07-03T19:43:44+0200,58f0f667-5017-4e2f-a8f0-60c0494acd3e,2026-06-28T16:30:00Z,2026-06-28T18:30:00+0200,7866.2666,MW,FR,FR,forecast_solar_generation,Solar,2026-07-03T17:44:22Z
2026-07-03T17:43:44Z,2026-07-03T19:43:44+0200,58f0f667-5017-4e2f-a8f0-60c0494acd3e,2026-06-28T16:45:00Z,2026-06-28T18:45:00+0200,7100.91406,MW,FR,FR,forecast_solar_generation,Solar,2026-07-03T17:44:22Z
2026-07-03T17:43:44Z,2026-07-03T19:43:44+0200,58f0f667-5017-4e2f-a8f0-60c0494acd3e,2026-06-28T17:00:00Z,2026-06-28T19:00:00+0200,6087.21631,MW,FR,FR,forecast_solar_generation,Solar,2026-07-03T17:44:22Z
2026-07-03T17:43:44Z,2026-07-03T19:43:44+0200,58f0f667-5017-4e2f-a8f0-60c0494acd3e,2026-06-28T17:15:00Z,2026-06-28T19:15:00+0200,5330.44629,MW,FR,FR,forecast_solar_generation,Solar,2026-07-03T17:44:22Z
2026-07-03T17:43:44Z,2026-07-03T19:43:44+0200,58f0f667-5017-4e2f-a8f0-60c0494acd3e,2026-06-28T17:30:00Z,2026-06-28T19:30:00+0200,4363.29932,MW,FR,FR,forecast_solar_generation,Solar,2026-07-03T17:44:22Z
2026-07-03T17:43:44Z,2026-07-03T19:43:44+0200,58f0f667-5017-4e2f-a8f0-60c0494acd3e,2026-06-28T17:45:00Z,2026-06-28T19:45:00+0200,3687.37427,MW,FR,FR,forecast_solar_generation,Solar,2026-07-03T17:44:22Z
2026-07-03T17:43:44Z,2026-07-03T19:43:44+0200,58f0f667-5017-4e2f-a8f0-60c0494acd3e,2026-06-28T18:00:00Z,2026-06-28T20:00:00+0200,2886.76465,MW,FR,FR,forecast_solar_generation,Solar,2026-07-03T17:44:22Z
2026-07-03T17:43:44Z,2026-07-03T19:43:44+0200,58f0f667-5017-4e2f-a8f0-60c0494acd3e,2026-06-28T18:15:00Z,2026-06-28T20:15:00+0200,2293.67334,MW,FR,FR,forecast_solar_generation,Solar,2026-07-03T17:44:22Z
2026-07-03T17:43:44Z,2026-07-03T19:43:44+0200,58f0f667-5017-4e2f-a8f0-60c0494acd3e,2026-06-28T18:30:00Z,2026-06-28T20:30:00+0200,1690.56897,MW,FR,FR,forecast_solar_generation,Solar,2026-07-03T17:44:22Z
2026-07-03T17:43:44Z,2026-07-03T19:43:44+0200,58f0f667-5017-4e2f-a8f0-60c0494acd3e,2026-06-28T18:45:00Z,2026-06-28T20:45:00+0200,1279.25867,MW,FR,FR,forecast_solar_generation,Solar,2026-07-03T17:44:22Z
2026-07-03T17:43:44Z,2026-07-03T19:43:44+0200,58f0f667-5017-4e2f-a8f0-60c0494acd3e,2026-06-28T19:00:00Z,2026-06-28T21:00:00+0200,873.20966,MW,FR,FR,forecast_solar_generation,Solar,2026-07-03T17:44:22Z
2026-07-03T17:43:44Z,2026-07-03T19:43:44+0200,58f0f667-5017-4e2f-a8f0-60c0494acd3e,2026-06-28T19:15:00Z,2026-06-28T21:15:00+0200,535.54321,MW,FR,FR,forecast_solar_generation,Solar,2026-07-03T17:44:22Z
2026-07-03T17:43:44Z,2026-07-03T19:43:44+0200,58f0f667-5017-4e2f-a8f0-60c0494acd3e,2026-06-28T19:30:00Z,2026-06-28T21:30:00+0200,275.68896,MW,FR,FR,forecast_solar_generation,Solar,2026-07-03T17:44:22Z
2026-07-03T17:43:44Z,2026-07-03T19:43:44+0200,58f0f667-5017-4e2f-a8f0-60c0494acd3e,2026-06-28T19:45:00Z,2026-06-28T21:45:00+0200,106.71686,MW,FR,FR,forecast_solar_generation,Solar,2026-07-03T17:44:22Z
2026-07-03T17:43:44Z,2026-07-03T19:43:44+0200,58f0f667-5017-4e2f-a8f0-60c0494acd3e,2026-06-28T20:00:00Z,2026-06-28T22:00:00+0200,13.04518,MW,FR,FR,forecast_solar_generation,Solar,2026-07-03T17:44:22Z
2026-07-03T17:43:44Z,2026-07-03T19:43:44+0200,58f0f667-5017-4e2f-a8f0-60c0494acd3e,2026-06-28T20:15:00Z,2026-06-28T22:15:00+0200,0.0173,MW,FR,FR,forecast_solar_generation,Solar,2026-07-03T17:44:22Z
2026-07-03T17:43:44Z,2026-07-03T19:43:44+0200,58f0f667-5017-4e2f-a8f0-60c0494acd3e,2026-06-28T20:30:00Z,2026-06-28T22:30:00+0200,0.0,MW,FR,FR,forecast_solar_generation,Solar,2026-07-03T17:44:22Z
2026-07-03T17:43:44Z,2026-07-03T19:43:44+0200,58f0f667-5017-4e2f-a8f0-60c0494acd3e,2026-06-28T20:45:00Z,2026-06-28T22:45:00+0200,0.0,MW,FR,FR,forecast_solar_generation,Solar,2026-07-03T17:44:22Z
2026-07-03T17:43:44Z,2026-07-03T19:43:44+0200,58f0f667-5017-4e2f-a8f0-60c0494acd3e,2026-06-28T21:00:00Z,2026-06-28T23:00:00+0200,0.0,MW,FR,FR,forecast_solar_generation,Solar,2026-07-03T17:44:22Z
2026-07-03T17:43:44Z,2026-07-03T19:43:44+0200,58f0f667-5017-4e2f-a8f0-60c0494acd3e,2026-06-28T21:15:00Z,2026-06-28T23:15:00+0200,0.0,MW,FR,FR,forecast_solar_generation,Solar,2026-07-03T17:44:22Z
2026-07-03T17:43:44Z,2026-07-03T19:43:44+0200,58f0f667-5017-4e2f-a8f0-60c0494acd3e,2026-06-28T21:30:00Z,2026-06-28T23:30:00+0200,0.0,MW,FR,FR,forecast_solar_generation,Solar,2026-07-03T17:44:22Z
2026-07-03T17:43:44Z,2026-07-03T19:43:44+0200,58f0f667-5017-4e2f-a8f0-60c0494acd3e,2026-06-28T21:45:00Z,2026-06-28T23:45:00+0200,0.0,MW,FR,FR,forecast_solar_generation,Solar,2026-07-03T17:44:22Z
2026-07-03T17:43:44Z,2026-07-03T19:43:44+0200,58f0f667-5017-4e2f-a8f0-60c0494acd3e,2026-06-28T22:00:00Z,2026-06-29T00:00:00+0200,0.0,MW,FR,FR,forecast_solar_generation,Solar,2026-07-03T17:44:22Z
2026-07-03T17:43:44Z,2026-07-03T19:43:44+0200,58f0f667-5017-4e2f-a8f0-60c0494acd3e,2026-06-28T22:15:00Z,2026-06-29T00:15:00+0200,0.0,MW,FR,FR,forecast_solar_generation,Solar,2026-07-03T17:44:22Z
2026-07-03T17:43:44Z,2026-07-03T19:43:44+0200,58f0f667-5017-4e2f-a8f0-60c0494acd3e,2026-06-28T22:30:00Z,2026-06-29T00:30:00+0200,0.0,MW,FR,FR,forecast_solar_generation,Solar,2026-07-03T17:44:22Z
2026-07-03T17:43:44Z,2026-07-03T19:43:44+0200,58f0f667-5017-4e2f-a8f0-60c0494acd3e,2026-06-28T22:45:00Z,2026-06-29T00:45:00+0200,0.0,MW,FR,FR,forecast_solar_generation,Solar,2026-07-03T17:44:22Z
2026-07-03T17:43:44Z,2026-07-03T19:43:44+0200,58f0f667-5017-4e2f-a8f0-60c0494acd3e,2026-06-28T23:00:00Z,2026-06-29T01:00:00+0200,0.0,MW,FR,FR,forecast_solar_generation,Solar,2026-07-03T17:44:22Z
2026-07-03T17:43:44Z,2026-07-03T19:43:44+0200,58f0f667-5017-4e2f-a8f0-60c0494acd3e,2026-06-28T23:15:00Z,2026-06-29T01:15:00+0200,0.0,MW,FR,FR,forecast_solar_generation,Solar,2026-07-03T17:44:22Z
2026-07-03T17:43:44Z,2026-07-03T19:43:44+0200,58f0f667-5017-4e2f-a8f0-60c0494acd3e,2026-06-28T23:30:00Z,2026-06-29T01:30:00+0200,0.0,MW,FR,FR,forecast_solar_generation,Solar,2026-07-03T17:44:22Z
2026-07-03T17:43:44Z,2026-07-03T19:43:44+0200,58f0f667-5017-4e2f-a8f0-60c0494acd3e,2026-06-28T23:45:00Z,2026-06-29T01:45:00+0200,0.0,MW,FR,FR,forecast_solar_generation,Solar,2026-07-03T17:44:22Z
2026-07-03T17:43:44Z,2026-07-03T19:43:44+0200,58f0f667-5017-4e2f-a8f0-60c0494acd3e,2026-06-29T00:00:00Z,2026-06-29T02:00:00+0200,0.0,MW,FR,FR,forecast_solar_generation,Solar,2026-07-03T17:44:22Z
2026-07-03T17:43:44Z,2026-07-03T19:43:44+0200,58f0f667-5017-4e2f-a8f0-60c0494acd3e,2026-06-29T00:15:00Z,2026-06-29T02:15:00+0200,0.0,MW,FR,FR,forecast_solar_generation,Solar,2026-07-03T17:44:22Z
2026-07-03T17:43:44Z,2026-07-03T19:43:44+0200,58f0f667-5017-4e2f-a8f0-60c0494acd3e,2026-06-29T00:30:00Z,2026-06-29T02:30:00+0200,0.0,MW,FR,FR,forecast_solar_generation,Solar,2026-07-03T17:44:22Z
2026-07-03T17:43:44Z,2026-07-03T19:43:44+0200,58f0f667-5017-4e2f-a8f0-60c0494acd3e,2026-06-29T00:45:00Z,2026-06-29T02:45:00+0200,0.0,MW,FR,FR,forecast_solar_generation,Solar,2026-07-03T17:44:22Z
2026-07-03T17:43:44Z,2026-07-03T19:43:44+0200,58f0f667-5017-4e2f-a8f0-60c0494acd3e,2026-06-29T01:00:00Z,2026-06-29T03:00:00+0200,0.0,MW,FR,FR,forecast_solar_generation,Solar,2026-07-03T17:44:22Z
2026-07-03T17:43:44Z,2026-07-03T19:43:44+0200,58f0f667-5017-4e2f-a8f0-60c0494acd3e,2026-06-29T01:15:00Z,2026-06-29T03:15:00+0200,0.0,MW,FR,FR,forecast_solar_generation,Solar,2026-07-03T17:44:22Z
2026-07-03T17:43:44Z,2026-07-03T19:43:44+0200,58f0f667-5017-4e2f-a8f0-60c0494acd3e,2026-06-29T01:30:00Z,2026-06-29T03:30:00+0200,0.0,MW,FR,FR,forecast_solar_generation,Solar,2026-07-03T17:44:22Z
2026-07-03T17:43:44Z,2026-07-03T19:43:44+0200,58f0f667-5017-4e2f-a8f0-60c0494acd3e,2026-06-29T01:45:00Z,2026-06-29T03:45:00+0200,0.0,MW,FR,FR,forecast_solar_generation,Solar,2026-07-03T17:44:22Z
2026-07-03T17:43:44Z,2026-07-03T19:43:44+0200,58f0f667-5017-4e2f-a8f0-60c0494acd3e,2026-06-29T02:00:00Z,2026-06-29T04:00:00+0200,0.0,MW,FR,FR,forecast_solar_generation,Solar,2026-07-03T17:44:22Z
2026-07-03T17:43:44Z,2026-07-03T19:43:44+0200,58f0f667-5017-4e2f-a8f0-60c0494acd3e,2026-06-29T02:15:00Z,2026-06-29T04:15:00+0200,0.0,MW,FR,FR,forecast_solar_generation,Solar,2026-07-03T17:44:22Z
2026-07-03T17:43:44Z,2026-07-03T19:43:44+0200,58f0f667-5017-4e2f-a8f0-60c0494acd3e,2026-06-29T02:30:00Z,2026-06-29T04:30:00+0200,0.0,MW,FR,FR,forecast_solar_generation,Solar,2026-07-03T17:44:22Z
2026-07-03T17:43:44Z,2026-07-03T19:43:44+0200,58f0f667-5017-4e2f-a8f0-60c0494acd3e,2026-06-29T02:45:00Z,2026-06-29T04:45:00+0200,0.0,MW,FR,FR,forecast_solar_generation,Solar,2026-07-03T17:44:22Z
2026-07-03T17:43:44Z,2026-07-03T19:43:44+0200,58f0f667-5017-4e2f-a8f0-60c0494acd3e,2026-06-29T03:00:00Z,2026-06-29T05:00:00+0200,0.0,MW,FR,FR,forecast_solar_generation,Solar,2026-07-03T17:44:22Z
2026-07-03T17:43:44Z,2026-07-03T19:43:44+0200,58f0f667-5017-4e2f-a8f0-60c0494acd3e,2026-06-29T03:15:00Z,2026-06-29T05:15:00+0200,0.0,MW,FR,FR,forecast_solar_generation,Solar,2026-07-03T17:44:22Z
2026-07-03T17:43:44Z,2026-07-03T19:43:44+0200,58f0f667-5017-4e2f-a8f0-60c0494acd3e,2026-06-29T03:30:00Z,2026-06-29T05:30:00+0200,0.0,MW,FR,FR,forecast_solar_generation,Solar,2026-07-03T17:44:22Z
2026-07-03T17:43:44Z,2026-07-03T19:43:44+0200,58f0f667-5017-4e2f-a8f0-60c0494acd3e,2026-06-29T03:45:00Z,2026-06-29T05:45:00+0200,0.0,MW,FR,FR,forecast_solar_generation,Solar,2026-07-03T17:44:22Z
2026-07-03T17:43:44Z,2026-07-03T19:43:44+0200,58f0f667-5017-4e2f-a8f0-60c0494acd3e,2026-06-29T04:00:00Z,2026-06-29T06:00:00+0200,0.0,MW,FR,FR,forecast_solar_generation,Solar,2026-07-03T17:44:22Z
2026-07-03T17:43:44Z,2026-07-03T19:43:44+0200,58f0f667-5017-4e2f-a8f0-60c0494acd3e,2026-06-29T04:15:00Z,2026-06-29T06:15:00+0200,132.21529,MW,FR,FR,forecast_solar_generation,Solar,2026-07-03T17:44:22Z
2026-07-03T17:43:44Z,2026-07-03T19:43:44+0200,58f0f667-5017-4e2f-a8f0-60c0494acd3e,2026-06-29T04:30:00Z,2026-06-29T06:30:00+0200,224.02249,MW,FR,FR,forecast_solar_generation,Solar,2026-07-03T17:44:22Z
2026-07-03T17:43:44Z,2026-07-03T19:43:44+0200,58f0f667-5017-4e2f-a8f0-60c0494acd3e,2026-06-29T04:45:00Z,2026-06-29T06:45:00+0200,486.67355,MW,FR,FR,forecast_solar_generation,Solar,2026-07-03T17:44:22Z
2026-07-03T17:43:44Z,2026-07-03T19:43:44+0200,58f0f667-5017-4e2f-a8f0-60c0494acd3e,2026-06-29T05:00:00Z,2026-06-29T07:00:00+0200,845.69849,MW,FR,FR,forecast_solar_generation,Solar,2026-07-03T17:44:22Z
2026-07-03T17:43:44Z,2026-07-03T19:43:44+0200,58f0f667-5017-4e2f-a8f0-60c0494acd3e,2026-06-29T05:15:00Z,2026-06-29T07:15:00+0200,1266.245,MW,FR,FR,forecast_solar_generation,Solar,2026-07-03T17:44:22Z
2026-07-03T17:43:44Z,2026-07-03T19:43:44+0200,58f0f667-5017-4e2f-a8f0-60c0494acd3e,2026-06-29T05:30:00Z,2026-06-29T07:30:00+0200,1741.36646,MW,FR,FR,forecast_solar_generation,Solar,2026-07-03T17:44:22Z
2026-07-03T17:43:44Z,2026-07-03T19:43:44+0200,58f0f667-5017-4e2f-a8f0-60c0494acd3e,2026-06-29T05:45:00Z,2026-06-29T07:45:00+0200,2445.86621,MW,FR,FR,forecast_solar_generation,Solar,2026-07-03T17:44:22Z
2026-07-03T17:43:44Z,2026-07-03T19:43:44+0200,58f0f667-5017-4e2f-a8f0-60c0494acd3e,2026-06-29T06:00:00Z,2026-06-29T08:00:00+0200,3186.55933,MW,FR,FR,forecast_solar_generation,Solar,2026-07-03T17:44:22Z
2026-07-03T17:43:44Z,2026-07-03T19:43:44+0200,58f0f667-5017-4e2f-a8f0-60c0494acd3e,2026-06-29T06:15:00Z,2026-06-29T08:15:00+0200,4060.26172,MW,FR,FR,forecast_solar_generation,Solar,2026-07-03T17:44:22Z
2026-07-03T17:43:44Z,2026-07-03T19:43:44+0200,58f0f667-5017-4e2f-a8f0-60c0494acd3e,2026-06-29T06:30:00Z,2026-06-29T08:30:00+0200,4934.94043,MW,FR,FR,forecast_solar_generation,Solar,2026-07-03T17:44:22Z
2026-07-03T17:43:44Z,2026-07-03T19:43:44+0200,58f0f667-5017-4e2f-a8f0-60c0494acd3e,2026-06-29T06:45:00Z,2026-06-29T08:45:00+0200,5903.7666,MW,FR,FR,forecast_solar_generation,Solar,2026-07-03T17:44:22Z
2026-07-03T17:43:44Z,2026-07-03T19:43:44+0200,58f0f667-5017-4e2f-a8f0-60c0494acd3e,2026-06-29T07:00:00Z,2026-06-29T09:00:00+0200,6871.89844,MW,FR,FR,forecast_solar_generation,Solar,2026-07-03T17:44:22Z
2026-07-03T17:43:44Z,2026-07-03T19:43:44+0200,58f0f667-5017-4e2f-a8f0-60c0494acd3e,2026-06-29T07:15:00Z,2026-06-29T09:15:00+0200,7859.43896,MW,FR,FR,forecast_solar_generation,Solar,2026-07-03T17:44:22Z
2026-07-03T17:43:44Z,2026-07-03T19:43:44+0200,58f0f667-5017-4e2f-a8f0-60c0494acd3e,2026-06-29T07:30:00Z,2026-06-29T09:30:00+0200,8836.60254,MW,FR,FR,forecast_solar_generation,Solar,2026-07-03T17:44:22Z
2026-07-03T17:43:44Z,2026-07-03T19:43:44+0200,58f0f667-5017-4e2f-a8f0-60c0494acd3e,2026-06-29T07:45:00Z,2026-06-29T09:45:00+0200,9776.71191,MW,FR,FR,forecast_solar_generation,Solar,2026-07-03T17:44:22Z
2026-07-03T17:43:44Z,2026-07-03T19:43:44+0200,58f0f667-5017-4e2f-a8f0-60c0494acd3e,2026-06-29T08:00:00Z,2026-06-29T10:00:00+0200,10701.01074,MW,FR,FR,forecast_solar_generation,Solar,2026-07-03T17:44:22Z
2026-07-03T17:43:44Z,2026-07-03T19:43:44+0200,58f0f667-5017-4e2f-a8f0-60c0494acd3e,2026-06-29T08:15:00Z,2026-06-29T10:15:00+0200,11687.73047,MW,FR,FR,forecast_solar_generation,Solar,2026-07-03T17:44:22Z
2026-07-03T17:43:44Z,2026-07-03T19:43:44+0200,58f0f667-5017-4e2f-a8f0-60c0494acd3e,2026-06-29T08:30:00Z,2026-06-29T10:30:00+0200,12516.23438,MW,FR,FR,forecast_solar_generation,Solar,2026-07-03T17:44:22Z
2026-07-03T17:43:44Z,2026-07-03T19:43:44+0200,58f0f667-5017-4e2f-a8f0-60c0494acd3e,2026-06-29T08:45:00Z,2026-06-29T10:45:00+0200,13263.61133,MW,FR,FR,forecast_solar_generation,Solar,2026-07-03T17:44:22Z
2026-07-03T17:43:44Z,2026-07-03T19:43:44+0200,58f0f667-5017-4e2f-a8f0-60c0494acd3e,2026-06-29T09:00:00Z,2026-06-29T11:00:00+0200,13981.47559,MW,FR,FR,forecast_solar_generation,Solar,2026-07-03T17:44:22Z
2026-07-03T17:43:44Z,2026-07-03T19:43:44+0200,58f0f667-5017-4e2f-a8f0-60c0494acd3e,2026-06-29T09:15:00Z,2026-06-29T11:15:00+0200,14664.9248,MW,FR,FR,forecast_solar_generation,Solar,2026-07-03T17:44:22Z
2026-07-03T17:43:44Z,2026-07-03T19:43:44+0200,58f0f667-5017-4e2f-a8f0-60c0494acd3e,2026-06-29T09:30:00Z,2026-06-29T11:30:00+0200,15318.58691,MW,FR,FR,forecast_solar_generation,Solar,2026-07-03T17:44:22Z
2026-07-03T17:43:44Z,2026-07-03T19:43:44+0200,58f0f667-5017-4e2f-a8f0-60c0494acd3e,2026-06-29T09:45:00Z,2026-06-29T11:45:00+0200,15866.125,MW,FR,FR,forecast_solar_generation,Solar,2026-07-03T17:44:22Z
2026-07-03T17:43:44Z,2026-07-03T19:43:44+0200,58f0f667-5017-4e2f-a8f0-60c0494acd3e,2026-06-29T10:00:00Z,2026-06-29T12:00:00+0200,16437.62891,MW,FR,FR,forecast_solar_generation,Solar,2026-07-03T17:44:22Z
2026-07-03T17:43:44Z,2026-07-03T19:43:44+0200,58f0f667-5017-4e2f-a8f0-60c0494acd3e,2026-06-29T10:15:00Z,2026-06-29T12:15:00+0200,16844.04297,MW,FR,FR,forecast_solar_generation,Solar,2026-07-03T17:44:22Z
2026-07-03T17:43:44Z,2026-07-03T19:43:44+0200,58f0f667-5017-4e2f-a8f0-60c0494acd3e,2026-06-29T10:30:00Z,2026-06-29T12:30:00+0200,17300.25781,MW,FR,FR,forecast_solar_generation,Solar,2026-07-03T17:44:22Z
2026-07-03T17:43:44Z,2026-07-03T19:43:44+0200,58f0f667-5017-4e2f-a8f0-60c0494acd3e,2026-06-29T10:45:00Z,2026-06-29T12:45:00+0200,17586.57617,MW,FR,FR,forecast_solar_generation,Solar,2026-07-03T17:44:22Z
2026-07-03T17:43:44Z,2026-07-03T19:43:44+0200,58f0f667-5017-4e2f-a8f0-60c0494acd3e,2026-06-29T11:00:00Z,2026-06-29T13:00:00+0200,17937.95703,MW,FR,FR,forecast_solar_generation,Solar,2026-07-03T17:44:22Z
2026-07-03T17:43:44Z,2026-07-03T19:43:44+0200,58f0f667-5017-4e2f-a8f0-60c0494acd3e,2026-06-29T11:15:00Z,2026-06-29T13:15:00+0200,18167.33203,MW,FR,FR,forecast_solar_generation,Solar,2026-07-03T17:44:22Z
2026-07-03T17:43:44Z,2026-07-03T19:43:44+0200,58f0f667-5017-4e2f-a8f0-60c0494acd3e,2026-06-29T11:30:00Z,2026-06-29T13:30:00+0200,18409.95898,MW,FR,FR,forecast_solar_generation,Solar,2026-07-03T17:44:22Z
2026-07-03T17:43:44Z,2026-07-03T19:43:44+0200,58f0f667-5017-4e2f-a8f0-60c0494acd3e,2026-06-29T11:45:00Z,2026-06-29T13:45:00+0200,18338.13867,MW,FR,FR,forecast_solar_generation,Solar,2026-07-03T17:44:22Z
2026-07-03T17:43:44Z,2026-07-03T19:43:44+0200,58f0f667-5017-4e2f-a8f0-60c0494acd3e,2026-06-29T12:00:00Z,2026-06-29T14:00:00+0200,18228.95117,MW,FR,FR,forecast_solar_generation,Solar,2026-07-03T17:44:22Z
2026-07-03T17:43:44Z,2026-07-03T19:43:44+0200,58f0f667-5017-4e2f-a8f0-60c0494acd3e,2026-06-29T12:15:00Z,2026-06-29T14:15:00+0200,18029.64258,MW,FR,FR,forecast_solar_generation,Solar,2026-07-03T17:44:22Z
2026-07-03T17:43:44Z,2026-07-03T19:43:44+0200,58f0f667-5017-4e2f-a8f0-60c0494acd3e,2026-06-29T12:30:00Z,2026-06-29T14:30:00+0200,17793.10352,MW,FR,FR,forecast_solar_generation,Solar,2026-07-03T17:44:22Z
2026-07-03T17:43:44Z,2026-07-03T19:43:44+0200,58f0f667-5017-4e2f-a8f0-60c0494acd3e,2026-06-29T12:45:00Z,2026-06-29T14:45:00+0200,17523.61523,MW,FR,FR,forecast_solar_generation,Solar,2026-07-03T17:44:22Z
2026-07-03T17:43:44Z,2026-07-03T19:43:44+0200,58f0f667-5017-4e2f-a8f0-60c0494acd3e,2026-06-29T13:00:00Z,2026-06-29T15:00:00+0200,17244.32031,MW,FR,FR,forecast_solar_generation,Solar,2026-07-03T17:44:22Z
2026-07-03T17:43:44Z,2026-07-03T19:43:44+0200,58f0f667-5017-4e2f-a8f0-60c0494acd3e,2026-06-29T13:15:00Z,2026-06-29T15:15:00+0200,16949.14258,MW,FR,FR,forecast_solar_generation,Solar,2026-07-03T17:44:22Z
2026-07-03T17:43:44Z,2026-07-03T19:43:44+0200,58f0f667-5017-4e2f-a8f0-60c0494acd3e,2026-06-29T13:30:00Z,2026-06-29T15:30:00+0200,16609.97461,MW,FR,FR,forecast_solar_generation,Solar,2026-07-03T17:44:22Z
2026-07-03T17:43:44Z,2026-07-03T19:43:44+0200,58f0f667-5017-4e2f-a8f0-60c0494acd3e,2026-06-29T13:45:00Z,2026-06-29T15:45:00+0200,16227.43945,MW,FR,FR,forecast_solar_generation,Solar,2026-07-03T17:44:22Z
2026-07-03T17:43:44Z,2026-07-03T19:43:44+0200,58f0f667-5017-4e2f-a8f0-60c0494acd3e,2026-06-29T14:00:00Z,2026-06-29T16:00:00+0200,15802.04297,MW,FR,FR,forecast_solar_generation,Solar,2026-07-03T17:44:22Z
2026-07-03T17:43:44Z,2026-07-03T19:43:44+0200,58f0f667-5017-4e2f-a8f0-60c0494acd3e,2026-06-29T14:15:00Z,2026-06-29T16:15:00+0200,15346.92188,MW,FR,FR,forecast_solar_generation,Solar,2026-07-03T17:44:22Z
2026-07-03T17:43:44Z,2026-07-03T19:43:44+0200,58f0f667-5017-4e2f-a8f0-60c0494acd3e,2026-06-29T14:30:00Z,2026-06-29T16:30:00+0200,14863.46484,MW,FR,FR,forecast_solar_generation,Solar,2026-07-03T17:44:22Z
2026-07-03T17:43:44Z,2026-07-03T19:43:44+0200,58f0f667-5017-4e2f-a8f0-60c0494acd3e,2026-06-29T14:45:00Z,2026-06-29T16:45:00+0200,14255.16309,MW,FR,FR,forecast_solar_generation,Solar,2026-07-03T17:44:22Z
2026-07-03T17:43:44Z,2026-07-03T19:43:44+0200,58f0f667-5017-4e2f-a8f0-60c0494acd3e,2026-06-29T15:00:00Z,2026-06-29T17:00:00+0200,13678.55664,MW,FR,FR,forecast_solar_generation,Solar,2026-07-03T17:44:22Z
2026-07-03T17:43:44Z,2026-07-03T19:43:44+0200,58f0f667-5017-4e2f-a8f0-60c0494acd3e,2026-06-29T15:15:00Z,2026-06-29T17:15:00+0200,12979.70898,MW,FR,FR,forecast_solar_generation,Solar,2026-07-03T17:44:22Z
2026-07-03T17:43:44Z,2026-07-03T19:43:44+0200,58f0f667-5017-4e2f-a8f0-60c0494acd3e,2026-06-29T15:30:00Z,2026-06-29T17:30:00+0200,12302.39062,MW,FR,FR,forecast_solar_generation,Solar,2026-07-03T17:44:22Z
2026-07-03T17:43:44Z,2026-07-03T19:43:44+0200,58f0f667-5017-4e2f-a8f0-60c0494acd3e,2026-06-29T15:45:00Z,2026-06-29T17:45:00+0200,11583.94336,MW,FR,FR,forecast_solar_generation,Solar,2026-07-03T17:44:22Z
2026-07-03T17:43:44Z,2026-07-03T19:43:44+0200,58f0f667-5017-4e2f-a8f0-60c0494acd3e,2026-06-29T16:00:00Z,2026-06-29T18:00:00+0200,10808.54688,MW,FR,FR,forecast_solar_generation,Solar,2026-07-03T17:44:22Z
2026-07-03T17:43:44Z,2026-07-03T19:43:44+0200,58f0f667-5017-4e2f-a8f0-60c0494acd3e,2026-06-29T16:15:00Z,2026-06-29T18:15:00+0200,9937.43652,MW,FR,FR,forecast_solar_generation,Solar,2026-07-03T17:44:22Z
2026-07-03T17:43:44Z,2026-07-03T19:43:44+0200,58f0f667-5017-4e2f-a8f0-60c0494acd3e,2026-06-29T16:30:00Z,2026-06-29T18:30:00+0200,9085.17969,MW,FR,FR,forecast_solar_generation,Solar,2026-07-03T17:44:22Z
2026-07-03T17:43:44Z,2026-07-03T19:43:44+0200,58f0f667-5017-4e2f-a8f0-60c0494acd3e,2026-06-29T16:45:00Z,2026-06-29T18:45:00+0200,8204.04004,MW,FR,FR,forecast_solar_generation,Solar,2026-07-03T17:44:22Z
2026-07-03T17:43:44Z,2026-07-03T19:43:44+0200,58f0f667-5017-4e2f-a8f0-60c0494acd3e,2026-06-29T17:00:00Z,2026-06-29T19:00:00+0200,7158.78125,MW,FR,FR,forecast_solar_generation,Solar,2026-07-03T17:44:22Z
2026-07-03T17:43:44Z,2026-07-03T19:43:44+0200,58f0f667-5017-4e2f-a8f0-60c0494acd3e,2026-06-29T17:15:00Z,2026-06-29T19:15:00+0200,6262.97168,MW,FR,FR,forecast_solar_generation,Solar,2026-07-03T17:44:22Z
2026-07-03T17:43:44Z,2026-07-03T19:43:44+0200,58f0f667-5017-4e2f-a8f0-60c0494acd3e,2026-06-29T17:30:00Z,2026-06-29T19:30:00+0200,5200.34375,MW,FR,FR,forecast_solar_generation,Solar,2026-07-03T17:44:22Z
2026-07-03T17:43:44Z,2026-07-03T19:43:44+0200,58f0f667-5017-4e2f-a8f0-60c0494acd3e,2026-06-29T17:45:00Z,2026-06-29T19:45:00+0200,4361.29248,MW,FR,FR,forecast_solar_generation,Solar,2026-07-03T17:44:22Z
2026-07-03T17:43:44Z,2026-07-03T19:43:44+0200,58f0f667-5017-4e2f-a8f0-60c0494acd3e,2026-06-29T18:00:00Z,2026-06-29T20:00:00+0200,3418.54565,MW,FR,FR,forecast_solar_generation,Solar,2026-07-03T17:44:22Z
2026-07-03T17:43:44Z,2026-07-03T19:43:44+0200,58f0f667-5017-4e2f-a8f0-60c0494acd3e,2026-06-29T18:15:00Z,2026-06-29T20:15:00+0200,2628.61401,MW,FR,FR,forecast_solar_generation,Solar,2026-07-03T17:44:22Z
2026-07-03T17:43:44Z,2026-07-03T19:43:44+0200,58f0f667-5017-4e2f-a8f0-60c0494acd3e,2026-06-29T18:30:00Z,2026-06-29T20:30:00+0200,1916.42822,MW,FR,FR,forecast_solar_generation,Solar,2026-07-03T17:44:22Z
2026-07-03T17:43:44Z,2026-07-03T19:43:44+0200,58f0f667-5017-4e2f-a8f0-60c0494acd3e,2026-06-29T18:45:00Z,2026-06-29T20:45:00+0200,1395.66931,MW,FR,FR,forecast_solar_generation,Solar,2026-07-03T17:44:22Z
2026-07-03T17:43:44Z,2026-07-03T19:43:44+0200,58f0f667-5017-4e2f-a8f0-60c0494acd3e,2026-06-29T19:00:00Z,2026-06-29T21:00:00+0200,937.9292,MW,FR,FR,forecast_solar_generation,Solar,2026-07-03T17:44:22Z
2026-07-03T17:43:44Z,2026-07-03T19:43:44+0200,58f0f667-5017-4e2f-a8f0-60c0494acd3e,2026-06-29T19:15:00Z,2026-06-29T21:15:00+0200,555.29962,MW,FR,FR,forecast_solar_generation,Solar,2026-07-03T17:44:22Z
2026-07-03T17:43:44Z,2026-07-03T19:43:44+0200,58f0f667-5017-4e2f-a8f0-60c0494acd3e,2026-06-29T19:30:00Z,2026-06-29T21:30:00+0200,234.30634,MW,FR,FR,forecast_solar_generation,Solar,2026-07-03T17:44:22Z
2026-07-03T17:43:44Z,2026-07-03T19:43:44+0200,58f0f667-5017-4e2f-a8f0-60c0494acd3e,2026-06-29T19:45:00Z,2026-06-29T21:45:00+0200,89.5729,MW,FR,FR,forecast_solar_generation,Solar,2026-07-03T17:44:22Z
2026-07-03T17:43:44Z,2026-07-03T19:43:44+0200,58f0f667-5017-4e2f-a8f0-60c0494acd3e,2026-06-29T20:00:00Z,2026-06-29T22:00:00+0200,13.35442,MW,FR,FR,forecast_solar_generation,Solar,2026-07-03T17:44:22Z
2026-07-03T17:43:44Z,2026-07-03T19:43:44+0200,58f0f667-5017-4e2f-a8f0-60c0494acd3e,2026-06-29T20:15:00Z,2026-06-29T22:15:00+0200,0.01393,MW,FR,FR,forecast_solar_generation,Solar,2026-07-03T17:44:22Z
2026-07-03T17:43:44Z,2026-07-03T19:43:44+0200,58f0f667-5017-4e2f-a8f0-60c0494acd3e,2026-06-29T20:30:00Z,2026-06-29T22:30:00+0200,0.0,MW,FR,FR,forecast_solar_generation,Solar,2026-07-03T17:44:22Z
2026-07-03T17:43:44Z,2026-07-03T19:43:44+0200,58f0f667-5017-4e2f-a8f0-60c0494acd3e,2026-06-29T20:45:00Z,2026-06-29T22:45:00+0200,0.0,MW,FR,FR,forecast_solar_generation,Solar,2026-07-03T17:44:22Z
2026-07-03T17:43:44Z,2026-07-03T19:43:44+0200,58f0f667-5017-4e2f-a8f0-60c0494acd3e,2026-06-29T21:00:00Z,2026-06-29T23:00:00+0200,0.0,MW,FR,FR,forecast_solar_generation,Solar,2026-07-03T17:44:22Z
2026-07-03T17:43:44Z,2026-07-03T19:43:44+0200,58f0f667-5017-4e2f-a8f0-60c0494acd3e,2026-06-29T21:15:00Z,2026-06-29T23:15:00+0200,0.0,MW,FR,FR,forecast_solar_generation,Solar,2026-07-03T17:44:22Z
2026-07-03T17:43:44Z,2026-07-03T19:43:44+0200,58f0f667-5017-4e2f-a8f0-60c0494acd3e,2026-06-29T21:30:00Z,2026-06-29T23:30:00+0200,0.0,MW,FR,FR,forecast_solar_generation,Solar,2026-07-03T17:44:22Z
2026-07-03T17:43:44Z,2026-07-03T19:43:44+0200,58f0f667-5017-4e2f-a8f0-60c0494acd3e,2026-06-29T21:45:00Z,2026-06-29T23:45:00+0200,0.0,MW,FR,FR,forecast_solar_generation,Solar,2026-07-03T17:44:22Z
2026-07-03T17:43:44Z,2026-07-03T19:43:44+0200,58f0f667-5017-4e2f-a8f0-60c0494acd3e,2026-06-29T22:00:00Z,2026-06-30T00:00:00+0200,0.0,MW,FR,FR,forecast_solar_generation,Solar,2026-07-03T17:44:22Z
2026-07-03T17:43:44Z,2026-07-03T19:43:44+0200,58f0f667-5017-4e2f-a8f0-60c0494acd3e,2026-06-29T22:15:00Z,2026-06-30T00:15:00+0200,0.0,MW,FR,FR,forecast_solar_generation,Solar,2026-07-03T17:44:22Z
2026-07-03T17:43:44Z,2026-07-03T19:43:44+0200,58f0f667-5017-4e2f-a8f0-60c0494acd3e,2026-06-29T22:30:00Z,2026-06-30T00:30:00+0200,0.0,MW,FR,FR,forecast_solar_generation,Solar,2026-07-03T17:44:22Z
2026-07-03T17:43:44Z,2026-07-03T19:43:44+0200,58f0f667-5017-4e2f-a8f0-60c0494acd3e,2026-06-29T22:45:00Z,2026-06-30T00:45:00+0200,0.0,MW,FR,FR,forecast_solar_generation,Solar,2026-07-03T17:44:22Z
2026-07-03T17:43:44Z,2026-07-03T19:43:44+0200,58f0f667-5017-4e2f-a8f0-60c0494acd3e,2026-06-29T23:00:00Z,2026-06-30T01:00:00+0200,0.0,MW,FR,FR,forecast_solar_generation,Solar,2026-07-03T17:44:22Z
2026-07-03T17:43:44Z,2026-07-03T19:43:44+0200,58f0f667-5017-4e2f-a8f0-60c0494acd3e,2026-06-29T23:15:00Z,2026-06-30T01:15:00+0200,0.0,MW,FR,FR,forecast_solar_generation,Solar,2026-07-03T17:44:22Z
2026-07-03T17:43:44Z,2026-07-03T19:43:44+0200,58f0f667-5017-4e2f-a8f0-60c0494acd3e,2026-06-29T23:30:00Z,2026-06-30T01:30:00+0200,0.0,MW,FR,FR,forecast_solar_generation,Solar,2026-07-03T17:44:22Z
2026-07-03T17:43:44Z,2026-07-03T19:43:44+0200,58f0f667-5017-4e2f-a8f0-60c0494acd3e,2026-06-29T23:45:00Z,2026-06-30T01:45:00+0200,0.0,MW,FR,FR,forecast_solar_generation,Solar,2026-07-03T17:44:22Z
2026-07-03T17:43:44Z,2026-07-03T19:43:44+0200,58f0f667-5017-4e2f-a8f0-60c0494acd3e,2026-06-30T00:00:00Z,2026-06-30T02:00:00+0200,0.0,MW,FR,FR,forecast_solar_generation,Solar,2026-07-03T17:44:22Z
2026-07-03T17:43:44Z,2026-07-03T19:43:44+0200,58f0f667-5017-4e2f-a8f0-60c0494acd3e,2026-06-30T00:15:00Z,2026-06-30T02:15:00+0200,0.0,MW,FR,FR,forecast_solar_generation,Solar,2026-07-03T17:44:22Z
2026-07-03T17:43:44Z,2026-07-03T19:43:44+0200,58f0f667-5017-4e2f-a8f0-60c0494acd3e,2026-06-30T00:30:00Z,2026-06-30T02:30:00+0200,0.0,MW,FR,FR,forecast_solar_generation,Solar,2026-07-03T17:44:22Z
2026-07-03T17:43:44Z,2026-07-03T19:43:44+0200,58f0f667-5017-4e2f-a8f0-60c0494acd3e,2026-06-30T00:45:00Z,2026-06-30T02:45:00+0200,0.0,MW,FR,FR,forecast_solar_generation,Solar,2026-07-03T17:44:22Z
2026-07-03T17:43:44Z,2026-07-03T19:43:44+0200,58f0f667-5017-4e2f-a8f0-60c0494acd3e,2026-06-30T01:00:00Z,2026-06-30T03:00:00+0200,0.0,MW,FR,FR,forecast_solar_generation,Solar,2026-07-03T17:44:22Z
2026-07-03T17:43:44Z,2026-07-03T19:43:44+0200,58f0f667-5017-4e2f-a8f0-60c0494acd3e,2026-06-30T01:15:00Z,2026-06-30T03:15:00+0200,0.0,MW,FR,FR,forecast_solar_generation,Solar,2026-07-03T17:44:22Z
2026-07-03T17:43:44Z,2026-07-03T19:43:44+0200,58f0f667-5017-4e2f-a8f0-60c0494acd3e,2026-06-30T01:30:00Z,2026-06-30T03:30:00+0200,0.0,MW,FR,FR,forecast_solar_generation,Solar,2026-07-03T17:44:22Z
2026-07-03T17:43:44Z,2026-07-03T19:43:44+0200,58f0f667-5017-4e2f-a8f0-60c0494acd3e,2026-06-30T01:45:00Z,2026-06-30T03:45:00+0200,0.0,MW,FR,FR,forecast_solar_generation,Solar,2026-07-03T17:44:22Z
2026-07-03T17:43:44Z,2026-07-03T19:43:44+0200,58f0f667-5017-4e2f-a8f0-60c0494acd3e,2026-06-30T02:00:00Z,2026-06-30T04:00:00+0200,0.0,MW,FR,FR,forecast_solar_generation,Solar,2026-07-03T17:44:22Z
2026-07-03T17:43:44Z,2026-07-03T19:43:44+0200,58f0f667-5017-4e2f-a8f0-60c0494acd3e,2026-06-30T02:15:00Z,2026-06-30T04:15:00+0200,0.0,MW,FR,FR,forecast_solar_generation,Solar,2026-07-03T17:44:22Z
2026-07-03T17:43:44Z,2026-07-03T19:43:44+0200,58f0f667-5017-4e2f-a8f0-60c0494acd3e,2026-06-30T02:30:00Z,2026-06-30T04:30:00+0200,0.0,MW,FR,FR,forecast_solar_generation,Solar,2026-07-03T17:44:22Z
2026-07-03T17:43:44Z,2026-07-03T19:43:44+0200,58f0f667-5017-4e2f-a8f0-60c0494acd3e,2026-06-30T02:45:00Z,2026-06-30T04:45:00+0200,0.0,MW,FR,FR,forecast_solar_generation,Solar,2026-07-03T17:44:22Z
2026-07-03T17:43:44Z,2026-07-03T19:43:44+0200,58f0f667-5017-4e2f-a8f0-60c0494acd3e,2026-06-30T03:00:00Z,2026-06-30T05:00:00+0200,0.0,MW,FR,FR,forecast_solar_generation,Solar,2026-07-03T17:44:22Z
2026-07-03T17:43:44Z,2026-07-03T19:43:44+0200,58f0f667-5017-4e2f-a8f0-60c0494acd3e,2026-06-30T03:15:00Z,2026-06-30T05:15:00+0200,0.0,MW,FR,FR,forecast_solar_generation,Solar,2026-07-03T17:44:22Z
2026-07-03T17:43:44Z,2026-07-03T19:43:44+0200,58f0f667-5017-4e2f-a8f0-60c0494acd3e,2026-06-30T03:30:00Z,2026-06-30T05:30:00+0200,0.0,MW,FR,FR,forecast_solar_generation,Solar,2026-07-03T17:44:22Z
2026-07-03T17:43:44Z,2026-07-03T19:43:44+0200,58f0f667-5017-4e2f-a8f0-60c0494acd3e,2026-06-30T03:45:00Z,2026-06-30T05:45:00+0200,0.0,MW,FR,FR,forecast_solar_generation,Solar,2026-07-03T17:44:22Z
2026-07-03T17:43:44Z,2026-07-03T19:43:44+0200,58f0f667-5017-4e2f-a8f0-60c0494acd3e,2026-06-30T04:00:00Z,2026-06-30T06:00:00+0200,0.0,MW,FR,FR,forecast_solar_generation,Solar,2026-07-03T17:44:22Z
2026-07-03T17:43:44Z,2026-07-03T19:43:44+0200,58f0f667-5017-4e2f-a8f0-60c0494acd3e,2026-06-30T04:15:00Z,2026-06-30T06:15:00+0200,133.74435,MW,FR,FR,forecast_solar_generation,Solar,2026-07-03T17:44:22Z
2026-07-03T17:43:44Z,2026-07-03T19:43:44+0200,58f0f667-5017-4e2f-a8f0-60c0494acd3e,2026-06-30T04:30:00Z,2026-06-30T06:30:00+0200,226.64125,MW,FR,FR,forecast_solar_generation,Solar,2026-07-03T17:44:22Z
2026-07-03T17:43:44Z,2026-07-03T19:43:44+0200,58f0f667-5017-4e2f-a8f0-60c0494acd3e,2026-06-30T04:45:00Z,2026-06-30T06:45:00+0200,536.67865,MW,FR,FR,forecast_solar_generation,Solar,2026-07-03T17:44:22Z
2026-07-03T17:43:44Z,2026-07-03T19:43:44+0200,58f0f667-5017-4e2f-a8f0-60c0494acd3e,2026-06-30T05:00:00Z,2026-06-30T07:00:00+0200,918.58777,MW,FR,FR,forecast_solar_generation,Solar,2026-07-03T17:44:22Z
2026-07-03T17:43:44Z,2026-07-03T19:43:44+0200,58f0f667-5017-4e2f-a8f0-60c0494acd3e,2026-06-30T05:15:00Z,2026-06-30T07:15:00+0200,1396.97803,MW,FR,FR,forecast_solar_generation,Solar,2026-07-03T17:44:22Z
2026-07-03T17:43:44Z,2026-07-03T19:43:44+0200,58f0f667-5017-4e2f-a8f0-60c0494acd3e,2026-06-30T05:30:00Z,2026-06-30T07:30:00+0200,1910.51489,MW,FR,FR,forecast_solar_generation,Solar,2026-07-03T17:44:22Z
2026-07-03T17:43:44Z,2026-07-03T19:43:44+0200,58f0f667-5017-4e2f-a8f0-60c0494acd3e,2026-06-30T05:45:00Z,2026-06-30T07:45:00+0200,2720.375,MW,FR,FR,forecast_solar_generation,Solar,2026-07-03T17:44:22Z
2026-07-03T17:43:44Z,2026-07-03T19:43:44+0200,58f0f667-5017-4e2f-a8f0-60c0494acd3e,2026-06-30T06:00:00Z,2026-06-30T08:00:00+0200,3505.34448,MW,FR,FR,forecast_solar_generation,Solar,2026-07-03T17:44:22Z
2026-07-03T17:43:44Z,2026-07-03T19:43:44+0200,58f0f667-5017-4e2f-a8f0-60c0494acd3e,2026-06-30T06:15:00Z,2026-06-30T08:15:00+0200,4476.39404,MW,FR,FR,forecast_solar_generation,Solar,2026-07-03T17:44:22Z
2026-07-03T17:43:44Z,2026-07-03T19:43:44+0200,58f0f667-5017-4e2f-a8f0-60c0494acd3e,2026-06-30T06:30:00Z,2026-06-30T08:30:00+0200,5450.99707,MW,FR,FR,forecast_solar_generation,Solar,2026-07-03T17:44:22Z
2026-07-03T17:43:44Z,2026-07-03T19:43:44+0200,58f0f667-5017-4e2f-a8f0-60c0494acd3e,2026-06-30T06:45:00Z,2026-06-30T08:45:00+0200,6530.94336,MW,FR,FR,forecast_solar_generation,Solar,2026-07-03T17:44:22Z
2026-07-03T17:43:44Z,2026-07-03T19:43:44+0200,58f0f667-5017-4e2f-a8f0-60c0494acd3e,2026-06-30T07:00:00Z,2026-06-30T09:00:00+0200,7556.93799,MW,FR,FR,forecast_solar_generation,Solar,2026-07-03T17:44:22Z
2026-07-03T17:43:44Z,2026-07-03T19:43:44+0200,58f0f667-5017-4e2f-a8f0-60c0494acd3e,2026-06-30T07:15:00Z,2026-06-30T09:15:00+0200,8574.78613,MW,FR,FR,forecast_solar_generation,Solar,2026-07-03T17:44:22Z
2026-07-03T17:43:44Z,2026-07-03T19:43:44+0200,58f0f667-5017-4e2f-a8f0-60c0494acd3e,2026-06-30T07:30:00Z,2026-06-30T09:30:00+0200,9548.03613,MW,FR,FR,forecast_solar_generation,Solar,2026-07-03T17:44:22Z
2026-07-03T17:43:44Z,2026-07-03T19:43:44+0200,58f0f667-5017-4e2f-a8f0-60c0494acd3e,2026-06-30T07:45:00Z,2026-06-30T09:45:00+0200,10460.52539,MW,FR,FR,forecast_solar_generation,Solar,2026-07-03T17:44:22Z
2026-07-03T17:43:44Z,2026-07-03T19:43:44+0200,58f0f667-5017-4e2f-a8f0-60c0494acd3e,2026-06-30T08:00:00Z,2026-06-30T10:00:00+0200,11384.66797,MW,FR,FR,forecast_solar_generation,Solar,2026-07-03T17:44:22Z
2026-07-03T17:43:44Z,2026-07-03T19:43:44+0200,58f0f667-5017-4e2f-a8f0-60c0494acd3e,2026-06-30T08:15:00Z,2026-06-30T10:15:00+0200,12264.80762,MW,FR,FR,forecast_solar_generation,Solar,2026-07-03T17:44:22Z
2026-07-03T17:43:44Z,2026-07-03T19:43:44+0200,58f0f667-5017-4e2f-a8f0-60c0494acd3e,2026-06-30T08:30:00Z,2026-06-30T10:30:00+0200,13134.18066,MW,FR,FR,forecast_solar_generation,Solar,2026-07-03T17:44:22Z
2026-07-03T17:43:44Z,2026-07-03T19:43:44+0200,58f0f667-5017-4e2f-a8f0-60c0494acd3e,2026-06-30T08:45:00Z,2026-06-30T10:45:00+0200,13799.77832,MW,FR,FR,forecast_solar_generation,Solar,2026-07-03T17:44:22Z
2026-07-03T17:43:44Z,2026-07-03T19:43:44+0200,58f0f667-5017-4e2f-a8f0-60c0494acd3e,2026-06-30T09:00:00Z,2026-06-30T11:00:00+0200,14493.31641,MW,FR,FR,forecast_solar_generation,Solar,2026-07-03T17:44:22Z
2026-07-03T17:43:44Z,2026-07-03T19:43:44+0200,58f0f667-5017-4e2f-a8f0-60c0494acd3e,2026-06-30T09:15:00Z,2026-06-30T11:15:00+0200,15113.02246,MW,FR,FR,forecast_solar_generation,Solar,2026-07-03T17:44:22Z
2026-07-03T17:43:44Z,2026-07-03T19:43:44+0200,58f0f667-5017-4e2f-a8f0-60c0494acd3e,2026-06-30T09:30:00Z,2026-06-30T11:30:00+0200,15799.63477,MW,FR,FR,forecast_solar_generation,Solar,2026-07-03T17:44:22Z
2026-07-03T17:43:44Z,2026-07-03T19:43:44+0200,58f0f667-5017-4e2f-a8f0-60c0494acd3e,2026-06-30T09:45:00Z,2026-06-30T11:45:00+0200,16286.72461,MW,FR,FR,forecast_solar_generation,Solar,2026-07-03T17:44:22Z
2026-07-03T17:43:44Z,2026-07-03T19:43:44+0200,58f0f667-5017-4e2f-a8f0-60c0494acd3e,2026-06-30T10:00:00Z,2026-06-30T12:00:00+0200,16799.67383,MW,FR,FR,forecast_solar_generation,Solar,2026-07-03T17:44:22Z
2026-07-03T17:43:44Z,2026-07-03T19:43:44+0200,58f0f667-5017-4e2f-a8f0-60c0494acd3e,2026-06-30T10:15:00Z,2026-06-30T12:15:00+0200,17195.9375,MW,FR,FR,forecast_solar_generation,Solar,2026-07-03T17:44:22Z
2026-07-03T17:43:44Z,2026-07-03T19:43:44+0200,58f0f667-5017-4e2f-a8f0-60c0494acd3e,2026-06-30T10:30:00Z,2026-06-30T12:30:00+0200,17568.2793,MW,FR,FR,forecast_solar_generation,Solar,2026-07-03T17:44:22Z
2026-07-03T17:43:44Z,2026-07-03T19:43:44+0200,58f0f667-5017-4e2f-a8f0-60c0494acd3e,2026-06-30T10:45:00Z,2026-06-30T12:45:00+0200,17786.30664,MW,FR,FR,forecast_solar_generation,Solar,2026-07-03T17:44:22Z
2026-07-03T17:43:44Z,2026-07-03T19:43:44+0200,58f0f667-5017-4e2f-a8f0-60c0494acd3e,2026-06-30T11:00:00Z,2026-06-30T13:00:00+0200,18043.38672,MW,FR,FR,forecast_solar_generation,Solar,2026-07-03T17:44:22Z
2026-07-03T17:43:44Z,2026-07-03T19:43:44+0200,58f0f667-5017-4e2f-a8f0-60c0494acd3e,2026-06-30T11:15:00Z,2026-06-30T13:15:00+0200,18195.21875,MW,FR,FR,forecast_solar_generation,Solar,2026-07-03T17:44:22Z
2026-07-03T17:43:44Z,2026-07-03T19:43:44+0200,58f0f667-5017-4e2f-a8f0-60c0494acd3e,2026-06-30T11:30:00Z,2026-06-30T13:30:00+0200,18331.19531,MW,FR,FR,forecast_solar_generation,Solar,2026-07-03T17:44:22Z
2026-07-03T17:43:44Z,2026-07-03T19:43:44+0200,58f0f667-5017-4e2f-a8f0-60c0494acd3e,2026-06-30T11:45:00Z,2026-06-30T13:45:00+0200,18340.38477,MW,FR,FR,forecast_solar_generation,Solar,2026-07-03T17:44:22Z
2026-07-03T17:43:44Z,2026-07-03T19:43:44+0200,58f0f667-5017-4e2f-a8f0-60c0494acd3e,2026-06-30T12:00:00Z,2026-06-30T14:00:00+0200,18284.13672,MW,FR,FR,forecast_solar_generation,Solar,2026-07-03T17:44:22Z
2026-07-03T17:43:44Z,2026-07-03T19:43:44+0200,58f0f667-5017-4e2f-a8f0-60c0494acd3e,2026-06-30T12:15:00Z,2026-06-30T14:15:00+0200,18172.95117,MW,FR,FR,forecast_solar_generation,Solar,2026-07-03T17:44:22Z
2026-07-03T17:43:44Z,2026-07-03T19:43:44+0200,58f0f667-5017-4e2f-a8f0-60c0494acd3e,2026-06-30T12:30:00Z,2026-06-30T14:30:00+0200,18071.11914,MW,FR,FR,forecast_solar_generation,Solar,2026-07-03T17:44:22Z
2026-07-03T17:43:44Z,2026-07-03T19:43:44+0200,58f0f667-5017-4e2f-a8f0-60c0494acd3e,2026-06-30T12:45:00Z,2026-06-30T14:45:00+0200,17854.61133,MW,FR,FR,forecast_solar_generation,Solar,2026-07-03T17:44:22Z
2026-07-03T17:43:44Z,2026-07-03T19:43:44+0200,58f0f667-5017-4e2f-a8f0-60c0494acd3e,2026-06-30T13:00:00Z,2026-06-30T15:00:00+0200,17556.83789,MW,FR,FR,forecast_solar_generation,Solar,2026-07-03T17:44:22Z
2026-07-03T17:43:44Z,2026-07-03T19:43:44+0200,58f0f667-5017-4e2f-a8f0-60c0494acd3e,2026-06-30T13:15:00Z,2026-06-30T15:15:00+0200,17254.89258,MW,FR,FR,forecast_solar_generation,Solar,2026-07-03T17:44:22Z
2026-07-03T17:43:44Z,2026-07-03T19:43:44+0200,58f0f667-5017-4e2f-a8f0-60c0494acd3e,2026-06-30T13:30:00Z,2026-06-30T15:30:00+0200,16931.99609,MW,FR,FR,forecast_solar_generation,Solar,2026-07-03T17:44:22Z
2026-07-03T17:43:44Z,2026-07-03T19:43:44+0200,58f0f667-5017-4e2f-a8f0-60c0494acd3e,2026-06-30T13:45:00Z,2026-06-30T15:45:00+0200,16509.29492,MW,FR,FR,forecast_solar_generation,Solar,2026-07-03T17:44:22Z
2026-07-03T17:43:44Z,2026-07-03T19:43:44+0200,58f0f667-5017-4e2f-a8f0-60c0494acd3e,2026-06-30T14:00:00Z,2026-06-30T16:00:00+0200,16091.89941,MW,FR,FR,forecast_solar_generation,Solar,2026-07-03T17:44:22Z
2026-07-03T17:43:44Z,2026-07-03T19:43:44+0200,58f0f667-5017-4e2f-a8f0-60c0494acd3e,2026-06-30T14:15:00Z,2026-06-30T16:15:00+0200,15661.38184,MW,FR,FR,forecast_solar_generation,Solar,2026-07-03T17:44:22Z
2026-07-03T17:43:44Z,2026-07-03T19:43:44+0200,58f0f667-5017-4e2f-a8f0-60c0494acd3e,2026-06-30T14:30:00Z,2026-06-30T16:30:00+0200,15172.15332,MW,FR,FR,forecast_solar_generation,Solar,2026-07-03T17:44:22Z
2026-07-03T17:43:44Z,2026-07-03T19:43:44+0200,58f0f667-5017-4e2f-a8f0-60c0494acd3e,2026-06-30T14:45:00Z,2026-06-30T16:45:00+0200,14537.56641,MW,FR,FR,forecast_solar_generation,Solar,2026-07-03T17:44:22Z
2026-07-03T17:43:44Z,2026-07-03T19:43:44+0200,58f0f667-5017-4e2f-a8f0-60c0494acd3e,2026-06-30T15:00:00Z,2026-06-30T17:00:00+0200,13900.57812,MW,FR,FR,forecast_solar_generation,Solar,2026-07-03T17:44:22Z
2026-07-03T17:43:44Z,2026-07-03T19:43:44+0200,58f0f667-5017-4e2f-a8f0-60c0494acd3e,2026-06-30T15:15:00Z,2026-06-30T17:15:00+0200,13222.68457,MW,FR,FR,forecast_solar_generation,Solar,2026-07-03T17:44:22Z
2026-07-03T17:43:44Z,2026-07-03T19:43:44+0200,58f0f667-5017-4e2f-a8f0-60c0494acd3e,2026-06-30T15:30:00Z,2026-06-30T17:30:00+0200,12497.37598,MW,FR,FR,forecast_solar_generation,Solar,2026-07-03T17:44:22Z
2026-07-03T17:43:44Z,2026-07-03T19:43:44+0200,58f0f667-5017-4e2f-a8f0-60c0494acd3e,2026-06-30T15:45:00Z,2026-06-30T17:45:00+0200,11769.06543,MW,FR,FR,forecast_solar_generation,Solar,2026-07-03T17:44:22Z
2026-07-03T17:43:44Z,2026-07-03T19:43:44+0200,58f0f667-5017-4e2f-a8f0-60c0494acd3e,2026-06-30T16:00:00Z,2026-06-30T18:00:00+0200,10953.80957,MW,FR,FR,forecast_solar_generation,Solar,2026-07-03T17:44:22Z
2026-07-03T17:43:44Z,2026-07-03T19:43:44+0200,58f0f667-5017-4e2f-a8f0-60c0494acd3e,2026-06-30T16:15:00Z,2026-06-30T18:15:00+0200,10086.92773,MW,FR,FR,forecast_solar_generation,Solar,2026-07-03T17:44:22Z
2026-07-03T17:43:44Z,2026-07-03T19:43:44+0200,58f0f667-5017-4e2f-a8f0-60c0494acd3e,2026-06-30T16:30:00Z,2026-06-30T18:30:00+0200,9222.43066,MW,FR,FR,forecast_solar_generation,Solar,2026-07-03T17:44:22Z
2026-07-03T17:43:44Z,2026-07-03T19:43:44+0200,58f0f667-5017-4e2f-a8f0-60c0494acd3e,2026-06-30T16:45:00Z,2026-06-30T18:45:00+0200,8306.65625,MW,FR,FR,forecast_solar_generation,Solar,2026-07-03T17:44:22Z
2026-07-03T17:43:44Z,2026-07-03T19:43:44+0200,58f0f667-5017-4e2f-a8f0-60c0494acd3e,2026-06-30T17:00:00Z,2026-06-30T19:00:00+0200,7279.50146,MW,FR,FR,forecast_solar_generation,Solar,2026-07-03T17:44:22Z
2026-07-03T17:43:44Z,2026-07-03T19:43:44+0200,58f0f667-5017-4e2f-a8f0-60c0494acd3e,2026-06-30T17:15:00Z,2026-06-30T19:15:00+0200,6364.59277,MW,FR,FR,forecast_solar_generation,Solar,2026-07-03T17:44:22Z
2026-07-03T17:43:44Z,2026-07-03T19:43:44+0200,58f0f667-5017-4e2f-a8f0-60c0494acd3e,2026-06-30T17:30:00Z,2026-06-30T19:30:00+0200,5289.91455,MW,FR,FR,forecast_solar_generation,Solar,2026-07-03T17:44:22Z
2026-07-03T17:43:44Z,2026-07-03T19:43:44+0200,58f0f667-5017-4e2f-a8f0-60c0494acd3e,2026-06-30T17:45:00Z,2026-06-30T19:45:00+0200,4454.24707,MW,FR,FR,forecast_solar_generation,Solar,2026-07-03T17:44:22Z
2026-07-03T17:43:44Z,2026-07-03T19:43:44+0200,58f0f667-5017-4e2f-a8f0-60c0494acd3e,2026-06-30T18:00:00Z,2026-06-30T20:00:00+0200,3515.70337,MW,FR,FR,forecast_solar_generation,Solar,2026-07-03T17:44:22Z
2026-07-03T17:43:44Z,2026-07-03T19:43:44+0200,58f0f667-5017-4e2f-a8f0-60c0494acd3e,2026-06-30T18:15:00Z,2026-06-30T20:15:00+0200,2698.68945,MW,FR,FR,forecast_solar_generation,Solar,2026-07-03T17:44:22Z
2026-07-03T17:43:44Z,2026-07-03T19:43:44+0200,58f0f667-5017-4e2f-a8f0-60c0494acd3e,2026-06-30T18:30:00Z,2026-06-30T20:30:00+0200,1994.94226,MW,FR,FR,forecast_solar_generation,Solar,2026-07-03T17:44:22Z
2026-07-03T17:43:44Z,2026-07-03T19:43:44+0200,58f0f667-5017-4e2f-a8f0-60c0494acd3e,2026-06-30T18:45:00Z,2026-06-30T20:45:00+0200,1466.71948,MW,FR,FR,forecast_solar_generation,Solar,2026-07-03T17:44:22Z
2026-07-03T17:43:44Z,2026-07-03T19:43:44+0200,58f0f667-5017-4e2f-a8f0-60c0494acd3e,2026-06-30T19:00:00Z,2026-06-30T21:00:00+0200,986.69775,MW,FR,FR,forecast_solar_generation,Solar,2026-07-03T17:44:22Z
2026-07-03T17:43:44Z,2026-07-03T19:43:44+0200,58f0f667-5017-4e2f-a8f0-60c0494acd3e,2026-06-30T19:15:00Z,2026-06-30T21:15:00+0200,590.79156,MW,FR,FR,forecast_solar_generation,Solar,2026-07-03T17:44:22Z
2026-07-03T17:43:44Z,2026-07-03T19:43:44+0200,58f0f667-5017-4e2f-a8f0-60c0494acd3e,2026-06-30T19:30:00Z,2026-06-30T21:30:00+0200,243.46255,MW,FR,FR,forecast_solar_generation,Solar,2026-07-03T17:44:22Z
2026-07-03T17:43:44Z,2026-07-03T19:43:44+0200,58f0f667-5017-4e2f-a8f0-60c0494acd3e,2026-06-30T19:45:00Z,2026-06-30T21:45:00+0200,89.32732,MW,FR,FR,forecast_solar_generation,Solar,2026-07-03T17:44:22Z
2026-07-03T17:43:44Z,2026-07-03T19:43:44+0200,58f0f667-5017-4e2f-a8f0-60c0494acd3e,2026-06-30T20:00:00Z,2026-06-30T22:00:00+0200,12.30273,MW,FR,FR,forecast_solar_generation,Solar,2026-07-03T17:44:22Z
2026-07-03T17:43:44Z,2026-07-03T19:43:44+0200,58f0f667-5017-4e2f-a8f0-60c0494acd3e,2026-06-30T20:15:00Z,2026-06-30T22:15:00+0200,0.0,MW,FR,FR,forecast_solar_generation,Solar,2026-07-03T17:44:22Z
2026-07-03T17:43:44Z,2026-07-03T19:43:44+0200,58f0f667-5017-4e2f-a8f0-60c0494acd3e,2026-06-30T20:30:00Z,2026-06-30T22:30:00+0200,0.0,MW,FR,FR,forecast_solar_generation,Solar,2026-07-03T17:44:22Z
2026-07-03T17:43:44Z,2026-07-03T19:43:44+0200,58f0f667-5017-4e2f-a8f0-60c0494acd3e,2026-06-30T20:45:00Z,2026-06-30T22:45:00+0200,0.0,MW,FR,FR,forecast_solar_generation,Solar,2026-07-03T17:44:22Z
2026-07-03T17:43:44Z,2026-07-03T19:43:44+0200,58f0f667-5017-4e2f-a8f0-60c0494acd3e,2026-06-30T21:00:00Z,2026-06-30T23:00:00+0200,0.0,MW,FR,FR,forecast_solar_generation,Solar,2026-07-03T17:44:22Z
2026-07-03T17:43:44Z,2026-07-03T19:43:44+0200,58f0f667-5017-4e2f-a8f0-60c0494acd3e,2026-06-30T21:15:00Z,2026-06-30T23:15:00+0200,0.0,MW,FR,FR,forecast_solar_generation,Solar,2026-07-03T17:44:22Z
2026-07-03T17:43:44Z,2026-07-03T19:43:44+0200,58f0f667-5017-4e2f-a8f0-60c0494acd3e,2026-06-30T21:30:00Z,2026-06-30T23:30:00+0200,0.0,MW,FR,FR,forecast_solar_generation,Solar,2026-07-03T17:44:22Z
2026-07-03T17:43:44Z,2026-07-03T19:43:44+0200,58f0f667-5017-4e2f-a8f0-60c0494acd3e,2026-06-30T21:45:00Z,2026-06-30T23:45:00+0200,0.0,MW,FR,FR,forecast_solar_generation,Solar,2026-07-03T17:44:22Z
2026-07-03T17:43:44Z,2026-07-03T19:43:44+0200,58f0f667-5017-4e2f-a8f0-60c0494acd3e,2026-06-30T22:00:00Z,2026-07-01T00:00:00+0200,0.0,MW,FR,FR,forecast_solar_generation,Solar,2026-07-03T17:44:22Z
2026-07-03T17:43:44Z,2026-07-03T19:43:44+0200,58f0f667-5017-4e2f-a8f0-60c0494acd3e,2026-06-30T22:15:00Z,2026-07-01T00:15:00+0200,0.0,MW,FR,FR,forecast_solar_generation,Solar,2026-07-03T17:44:22Z
2026-07-03T17:43:44Z,2026-07-03T19:43:44+0200,58f0f667-5017-4e2f-a8f0-60c0494acd3e,2026-06-30T22:30:00Z,2026-07-01T00:30:00+0200,0.0,MW,FR,FR,forecast_solar_generation,Solar,2026-07-03T17:44:22Z
2026-07-03T17:43:44Z,2026-07-03T19:43:44+0200,58f0f667-5017-4e2f-a8f0-60c0494acd3e,2026-06-30T22:45:00Z,2026-07-01T00:45:00+0200,0.0,MW,FR,FR,forecast_solar_generation,Solar,2026-07-03T17:44:22Z
2026-07-03T17:43:44Z,2026-07-03T19:43:44+0200,58f0f667-5017-4e2f-a8f0-60c0494acd3e,2026-06-30T23:00:00Z,2026-07-01T01:00:00+0200,0.0,MW,FR,FR,forecast_solar_generation,Solar,2026-07-03T17:44:22Z
2026-07-03T17:43:44Z,2026-07-03T19:43:44+0200,58f0f667-5017-4e2f-a8f0-60c0494acd3e,2026-06-30T23:15:00Z,2026-07-01T01:15:00+0200,0.0,MW,FR,FR,forecast_solar_generation,Solar,2026-07-03T17:44:22Z
2026-07-03T17:43:44Z,2026-07-03T19:43:44+0200,58f0f667-5017-4e2f-a8f0-60c0494acd3e,2026-06-30T23:30:00Z,2026-07-01T01:30:00+0200,0.0,MW,FR,FR,forecast_solar_generation,Solar,2026-07-03T17:44:22Z
2026-07-03T17:43:44Z,2026-07-03T19:43:44+0200,58f0f667-5017-4e2f-a8f0-60c0494acd3e,2026-06-30T23:45:00Z,2026-07-01T01:45:00+0200,0.0,MW,FR,FR,forecast_solar_generation,Solar,2026-07-03T17:44:22Z
2026-07-03T17:43:44Z,2026-07-03T19:43:44+0200,58f0f667-5017-4e2f-a8f0-60c0494acd3e,2026-07-01T00:00:00Z,2026-07-01T02:00:00+0200,0.0,MW,FR,FR,forecast_solar_generation,Solar,2026-07-03T17:44:22Z
2026-07-03T17:43:44Z,2026-07-03T19:43:44+0200,58f0f667-5017-4e2f-a8f0-60c0494acd3e,2026-07-01T00:15:00Z,2026-07-01T02:15:00+0200,0.0,MW,FR,FR,forecast_solar_generation,Solar,2026-07-03T17:44:22Z
2026-07-03T17:43:44Z,2026-07-03T19:43:44+0200,58f0f667-5017-4e2f-a8f0-60c0494acd3e,2026-07-01T00:30:00Z,2026-07-01T02:30:00+0200,0.0,MW,FR,FR,forecast_solar_generation,Solar,2026-07-03T17:44:22Z
2026-07-03T17:43:44Z,2026-07-03T19:43:44+0200,58f0f667-5017-4e2f-a8f0-60c0494acd3e,2026-07-01T00:45:00Z,2026-07-01T02:45:00+0200,0.0,MW,FR,FR,forecast_solar_generation,Solar,2026-07-03T17:44:22Z
2026-07-03T17:43:44Z,2026-07-03T19:43:44+0200,58f0f667-5017-4e2f-a8f0-60c0494acd3e,2026-07-01T01:00:00Z,2026-07-01T03:00:00+0200,0.0,MW,FR,FR,forecast_solar_generation,Solar,2026-07-03T17:44:22Z
2026-07-03T17:43:44Z,2026-07-03T19:43:44+0200,58f0f667-5017-4e2f-a8f0-60c0494acd3e,2026-07-01T01:15:00Z,2026-07-01T03:15:00+0200,0.0,MW,FR,FR,forecast_solar_generation,Solar,2026-07-03T17:44:22Z
2026-07-03T17:43:44Z,2026-07-03T19:43:44+0200,58f0f667-5017-4e2f-a8f0-60c0494acd3e,2026-07-01T01:30:00Z,2026-07-01T03:30:00+0200,0.0,MW,FR,FR,forecast_solar_generation,Solar,2026-07-03T17:44:22Z
2026-07-03T17:43:44Z,2026-07-03T19:43:44+0200,58f0f667-5017-4e2f-a8f0-60c0494acd3e,2026-07-01T01:45:00Z,2026-07-01T03:45:00+0200,0.0,MW,FR,FR,forecast_solar_generation,Solar,2026-07-03T17:44:22Z
2026-07-03T17:43:44Z,2026-07-03T19:43:44+0200,58f0f667-5017-4e2f-a8f0-60c0494acd3e,2026-07-01T02:00:00Z,2026-07-01T04:00:00+0200,0.0,MW,FR,FR,forecast_solar_generation,Solar,2026-07-03T17:44:22Z
2026-07-03T17:43:44Z,2026-07-03T19:43:44+0200,58f0f667-5017-4e2f-a8f0-60c0494acd3e,2026-07-01T02:15:00Z,2026-07-01T04:15:00+0200,0.0,MW,FR,FR,forecast_solar_generation,Solar,2026-07-03T17:44:22Z
2026-07-03T17:43:44Z,2026-07-03T19:43:44+0200,58f0f667-5017-4e2f-a8f0-60c0494acd3e,2026-07-01T02:30:00Z,2026-07-01T04:30:00+0200,0.0,MW,FR,FR,forecast_solar_generation,Solar,2026-07-03T17:44:22Z
2026-07-03T17:43:44Z,2026-07-03T19:43:44+0200,58f0f667-5017-4e2f-a8f0-60c0494acd3e,2026-07-01T02:45:00Z,2026-07-01T04:45:00+0200,0.0,MW,FR,FR,forecast_solar_generation,Solar,2026-07-03T17:44:22Z
2026-07-03T17:43:44Z,2026-07-03T19:43:44+0200,58f0f667-5017-4e2f-a8f0-60c0494acd3e,2026-07-01T03:00:00Z,2026-07-01T05:00:00+0200,0.0,MW,FR,FR,forecast_solar_generation,Solar,2026-07-03T17:44:22Z
2026-07-03T17:43:44Z,2026-07-03T19:43:44+0200,58f0f667-5017-4e2f-a8f0-60c0494acd3e,2026-07-01T03:15:00Z,2026-07-01T05:15:00+0200,0.0,MW,FR,FR,forecast_solar_generation,Solar,2026-07-03T17:44:22Z
2026-07-03T17:43:44Z,2026-07-03T19:43:44+0200,58f0f667-5017-4e2f-a8f0-60c0494acd3e,2026-07-01T03:30:00Z,2026-07-01T05:30:00+0200,0.08428,MW,FR,FR,forecast_solar_generation,Solar,2026-07-03T17:44:22Z
2026-07-03T17:43:44Z,2026-07-03T19:43:44+0200,58f0f667-5017-4e2f-a8f0-60c0494acd3e,2026-07-01T03:45:00Z,2026-07-01T05:45:00+0200,15.73785,MW,FR,FR,forecast_solar_generation,Solar,2026-07-03T17:44:22Z
2026-07-03T17:43:44Z,2026-07-03T19:43:44+0200,58f0f667-5017-4e2f-a8f0-60c0494acd3e,2026-07-01T04:00:00Z,2026-07-01T06:00:00+0200,53.32134,MW,FR,FR,forecast_solar_generation,Solar,2026-07-03T17:44:22Z
2026-07-03T17:43:44Z,2026-07-03T19:43:44+0200,58f0f667-5017-4e2f-a8f0-60c0494acd3e,2026-07-01T04:15:00Z,2026-07-01T06:15:00+0200,140.02664,MW,FR,FR,forecast_solar_generation,Solar,2026-07-03T17:44:22Z
2026-07-03T17:43:44Z,2026-07-03T19:43:44+0200,58f0f667-5017-4e2f-a8f0-60c0494acd3e,2026-07-01T04:30:00Z,2026-07-01T06:30:00+0200,240.37291,MW,FR,FR,forecast_solar_generation,Solar,2026-07-03T17:44:22Z
2026-07-03T17:43:44Z,2026-07-03T19:43:44+0200,58f0f667-5017-4e2f-a8f0-60c0494acd3e,2026-07-01T04:45:00Z,2026-07-01T06:45:00+0200,525.13934,MW,FR,FR,forecast_solar_generation,Solar,2026-07-03T17:44:22Z
2026-07-03T17:43:44Z,2026-07-03T19:43:44+0200,58f0f667-5017-4e2f-a8f0-60c0494acd3e,2026-07-01T05:00:00Z,2026-07-01T07:00:00+0200,895.81915,MW,FR,FR,forecast_solar_generation,Solar,2026-07-03T17:44:22Z
2026-07-03T17:43:44Z,2026-07-03T19:43:44+0200,58f0f667-5017-4e2f-a8f0-60c0494acd3e,2026-07-01T05:15:00Z,2026-07-01T07:15:00+0200,1352.15808,MW,FR,FR,forecast_solar_generation,Solar,2026-07-03T17:44:22Z
2026-07-03T17:43:44Z,2026-07-03T19:43:44+0200,58f0f667-5017-4e2f-a8f0-60c0494acd3e,2026-07-01T05:30:00Z,2026-07-01T07:30:00+0200,1855.25867,MW,FR,FR,forecast_solar_generation,Solar,2026-07-03T17:44:22Z
2026-07-03T17:43:44Z,2026-07-03T19:43:44+0200,58f0f667-5017-4e2f-a8f0-60c0494acd3e,2026-07-01T05:45:00Z,2026-07-01T07:45:00+0200,2611.84375,MW,FR,FR,forecast_solar_generation,Solar,2026-07-03T17:44:22Z
2026-07-03T17:43:44Z,2026-07-03T19:43:44+0200,58f0f667-5017-4e2f-a8f0-60c0494acd3e,2026-07-01T06:00:00Z,2026-07-01T08:00:00+0200,3352.948,MW,FR,FR,forecast_solar_generation,Solar,2026-07-03T17:44:22Z
2026-07-03T17:43:44Z,2026-07-03T19:43:44+0200,58f0f667-5017-4e2f-a8f0-60c0494acd3e,2026-07-01T06:15:00Z,2026-07-01T08:15:00+0200,4279.17725,MW,FR,FR,forecast_solar_generation,Solar,2026-07-03T17:44:22Z
2026-07-03T17:43:44Z,2026-07-03T19:43:44+0200,58f0f667-5017-4e2f-a8f0-60c0494acd3e,2026-07-01T06:30:00Z,2026-07-01T08:30:00+0200,5182.78906,MW,FR,FR,forecast_solar_generation,Solar,2026-07-03T17:44:22Z
2026-07-03T17:43:44Z,2026-07-03T19:43:44+0200,58f0f667-5017-4e2f-a8f0-60c0494acd3e,2026-07-01T06:45:00Z,2026-07-01T08:45:00+0200,6233.57861,MW,FR,FR,forecast_solar_generation,Solar,2026-07-03T17:44:22Z
2026-07-03T17:43:44Z,2026-07-03T19:43:44+0200,58f0f667-5017-4e2f-a8f0-60c0494acd3e,2026-07-01T07:00:00Z,2026-07-01T09:00:00+0200,7247.27539,MW,FR,FR,forecast_solar_generation,Solar,2026-07-03T17:44:22Z
2026-07-03T17:43:44Z,2026-07-03T19:43:44+0200,58f0f667-5017-4e2f-a8f0-60c0494acd3e,2026-07-01T07:15:00Z,2026-07-01T09:15:00+0200,8291.73633,MW,FR,FR,forecast_solar_generation,Solar,2026-07-03T17:44:22Z
2026-07-03T17:43:44Z,2026-07-03T19:43:44+0200,58f0f667-5017-4e2f-a8f0-60c0494acd3e,2026-07-01T07:30:00Z,2026-07-01T09:30:00+0200,9265.33398,MW,FR,FR,forecast_solar_generation,Solar,2026-07-03T17:44:22Z
2026-07-03T17:43:44Z,2026-07-03T19:43:44+0200,58f0f667-5017-4e2f-a8f0-60c0494acd3e,2026-07-01T07:45:00Z,2026-07-01T09:45:00+0200,10123.4707,MW,FR,FR,forecast_solar_generation,Solar,2026-07-03T17:44:22Z
2026-07-03T17:43:44Z,2026-07-03T19:43:44+0200,58f0f667-5017-4e2f-a8f0-60c0494acd3e,2026-07-01T08:00:00Z,2026-07-01T10:00:00+0200,11015.12695,MW,FR,FR,forecast_solar_generation,Solar,2026-07-03T17:44:22Z
2026-07-03T17:43:44Z,2026-07-03T19:43:44+0200,58f0f667-5017-4e2f-a8f0-60c0494acd3e,2026-07-01T08:15:00Z,2026-07-01T10:15:00+0200,11908.24414,MW,FR,FR,forecast_solar_generation,Solar,2026-07-03T17:44:22Z
2026-07-03T17:43:44Z,2026-07-03T19:43:44+0200,58f0f667-5017-4e2f-a8f0-60c0494acd3e,2026-07-01T08:30:00Z,2026-07-01T10:30:00+0200,12658.71094,MW,FR,FR,forecast_solar_generation,Solar,2026-07-03T17:44:22Z
2026-07-03T17:43:44Z,2026-07-03T19:43:44+0200,58f0f667-5017-4e2f-a8f0-60c0494acd3e,2026-07-01T08:45:00Z,2026-07-01T10:45:00+0200,13214.25488,MW,FR,FR,forecast_solar_generation,Solar,2026-07-03T17:44:22Z
2026-07-03T17:43:44Z,2026-07-03T19:43:44+0200,58f0f667-5017-4e2f-a8f0-60c0494acd3e,2026-07-01T09:00:00Z,2026-07-01T11:00:00+0200,13768.51074,MW,FR,FR,forecast_solar_generation,Solar,2026-07-03T17:44:22Z
2026-07-03T17:43:44Z,2026-07-03T19:43:44+0200,58f0f667-5017-4e2f-a8f0-60c0494acd3e,2026-07-01T09:15:00Z,2026-07-01T11:15:00+0200,14331.88574,MW,FR,FR,forecast_solar_generation,Solar,2026-07-03T17:44:22Z
2026-07-03T17:43:44Z,2026-07-03T19:43:44+0200,58f0f667-5017-4e2f-a8f0-60c0494acd3e,2026-07-01T09:30:00Z,2026-07-01T11:30:00+0200,14834.80469,MW,FR,FR,forecast_solar_generation,Solar,2026-07-03T17:44:22Z
2026-07-03T17:43:44Z,2026-07-03T19:43:44+0200,58f0f667-5017-4e2f-a8f0-60c0494acd3e,2026-07-01T09:45:00Z,2026-07-01T11:45:00+0200,15223.33887,MW,FR,FR,forecast_solar_generation,Solar,2026-07-03T17:44:22Z
2026-07-03T17:43:44Z,2026-07-03T19:43:44+0200,58f0f667-5017-4e2f-a8f0-60c0494acd3e,2026-07-01T10:00:00Z,2026-07-01T12:00:00+0200,15655.27637,MW,FR,FR,forecast_solar_generation,Solar,2026-07-03T17:44:22Z
2026-07-03T17:43:44Z,2026-07-03T19:43:44+0200,58f0f667-5017-4e2f-a8f0-60c0494acd3e,2026-07-01T10:15:00Z,2026-07-01T12:15:00+0200,15945.74902,MW,FR,FR,forecast_solar_generation,Solar,2026-07-03T17:44:22Z
2026-07-03T17:43:44Z,2026-07-03T19:43:44+0200,58f0f667-5017-4e2f-a8f0-60c0494acd3e,2026-07-01T10:30:00Z,2026-07-01T12:30:00+0200,16254.40332,MW,FR,FR,forecast_solar_generation,Solar,2026-07-03T17:44:22Z
2026-07-03T17:43:44Z,2026-07-03T19:43:44+0200,58f0f667-5017-4e2f-a8f0-60c0494acd3e,2026-07-01T10:45:00Z,2026-07-01T12:45:00+0200,16563.23438,MW,FR,FR,forecast_solar_generation,Solar,2026-07-03T17:44:22Z
2026-07-03T17:43:44Z,2026-07-03T19:43:44+0200,58f0f667-5017-4e2f-a8f0-60c0494acd3e,2026-07-01T11:00:00Z,2026-07-01T13:00:00+0200,16929.3457,MW,FR,FR,forecast_solar_generation,Solar,2026-07-03T17:44:22Z
2026-07-03T17:43:44Z,2026-07-03T19:43:44+0200,58f0f667-5017-4e2f-a8f0-60c0494acd3e,2026-07-01T11:15:00Z,2026-07-01T13:15:00+0200,17174.25781,MW,FR,FR,forecast_solar_generation,Solar,2026-07-03T17:44:22Z
2026-07-03T17:43:44Z,2026-07-03T19:43:44+0200,58f0f667-5017-4e2f-a8f0-60c0494acd3e,2026-07-01T11:30:00Z,2026-07-01T13:30:00+0200,17416.07031,MW,FR,FR,forecast_solar_generation,Solar,2026-07-03T17:44:22Z
2026-07-03T17:43:44Z,2026-07-03T19:43:44+0200,58f0f667-5017-4e2f-a8f0-60c0494acd3e,2026-07-01T11:45:00Z,2026-07-01T13:45:00+0200,17446.8418,MW,FR,FR,forecast_solar_generation,Solar,2026-07-03T17:44:22Z
2026-07-03T17:43:44Z,2026-07-03T19:43:44+0200,58f0f667-5017-4e2f-a8f0-60c0494acd3e,2026-07-01T12:00:00Z,2026-07-01T14:00:00+0200,17492.66406,MW,FR,FR,forecast_solar_generation,Solar,2026-07-03T17:44:22Z
2026-07-03T17:43:44Z,2026-07-03T19:43:44+0200,58f0f667-5017-4e2f-a8f0-60c0494acd3e,2026-07-01T12:15:00Z,2026-07-01T14:15:00+0200,17485.67578,MW,FR,FR,forecast_solar_generation,Solar,2026-07-03T17:44:22Z
2026-07-03T17:43:44Z,2026-07-03T19:43:44+0200,58f0f667-5017-4e2f-a8f0-60c0494acd3e,2026-07-01T12:30:00Z,2026-07-01T14:30:00+0200,17497.58203,MW,FR,FR,forecast_solar_generation,Solar,2026-07-03T17:44:22Z
2026-07-03T17:43:44Z,2026-07-03T19:43:44+0200,58f0f667-5017-4e2f-a8f0-60c0494acd3e,2026-07-01T12:45:00Z,2026-07-01T14:45:00+0200,17355.17969,MW,FR,FR,forecast_solar_generation,Solar,2026-07-03T17:44:22Z
2026-07-03T17:43:44Z,2026-07-03T19:43:44+0200,58f0f667-5017-4e2f-a8f0-60c0494acd3e,2026-07-01T13:00:00Z,2026-07-01T15:00:00+0200,17146.48438,MW,FR,FR,forecast_solar_generation,Solar,2026-07-03T17:44:22Z
2026-07-03T17:43:44Z,2026-07-03T19:43:44+0200,58f0f667-5017-4e2f-a8f0-60c0494acd3e,2026-07-01T13:15:00Z,2026-07-01T15:15:00+0200,16828.75977,MW,FR,FR,forecast_solar_generation,Solar,2026-07-03T17:44:22Z
2026-07-03T17:43:44Z,2026-07-03T19:43:44+0200,58f0f667-5017-4e2f-a8f0-60c0494acd3e,2026-07-01T13:30:00Z,2026-07-01T15:30:00+0200,16531.84766,MW,FR,FR,forecast_solar_generation,Solar,2026-07-03T17:44:22Z
2026-07-03T17:43:44Z,2026-07-03T19:43:44+0200,58f0f667-5017-4e2f-a8f0-60c0494acd3e,2026-07-01T13:45:00Z,2026-07-01T15:45:00+0200,16121.67383,MW,FR,FR,forecast_solar_generation,Solar,2026-07-03T17:44:22Z
2026-07-03T17:43:44Z,2026-07-03T19:43:44+0200,58f0f667-5017-4e2f-a8f0-60c0494acd3e,2026-07-01T14:00:00Z,2026-07-01T16:00:00+0200,15751.36914,MW,FR,FR,forecast_solar_generation,Solar,2026-07-03T17:44:22Z
2026-07-03T17:43:44Z,2026-07-03T19:43:44+0200,58f0f667-5017-4e2f-a8f0-60c0494acd3e,2026-07-01T14:15:00Z,2026-07-01T16:15:00+0200,15361.08301,MW,FR,FR,forecast_solar_generation,Solar,2026-07-03T17:44:22Z
2026-07-03T17:43:44Z,2026-07-03T19:43:44+0200,58f0f667-5017-4e2f-a8f0-60c0494acd3e,2026-07-01T14:30:00Z,2026-07-01T16:30:00+0200,14874.52832,MW,FR,FR,forecast_solar_generation,Solar,2026-07-03T17:44:22Z
2026-07-03T17:43:44Z,2026-07-03T19:43:44+0200,58f0f667-5017-4e2f-a8f0-60c0494acd3e,2026-07-01T14:45:00Z,2026-07-01T16:45:00+0200,14318.90137,MW,FR,FR,forecast_solar_generation,Solar,2026-07-03T17:44:22Z
2026-07-03T17:43:44Z,2026-07-03T19:43:44+0200,58f0f667-5017-4e2f-a8f0-60c0494acd3e,2026-07-01T15:00:00Z,2026-07-01T17:00:00+0200,13720.80859,MW,FR,FR,forecast_solar_generation,Solar,2026-07-03T17:44:22Z
2026-07-03T17:43:44Z,2026-07-03T19:43:44+0200,58f0f667-5017-4e2f-a8f0-60c0494acd3e,2026-07-01T15:15:00Z,2026-07-01T17:15:00+0200,13019.30859,MW,FR,FR,forecast_solar_generation,Solar,2026-07-03T17:44:22Z
2026-07-03T17:43:44Z,2026-07-03T19:43:44+0200,58f0f667-5017-4e2f-a8f0-60c0494acd3e,2026-07-01T15:30:00Z,2026-07-01T17:30:00+0200,12317.67188,MW,FR,FR,forecast_solar_generation,Solar,2026-07-03T17:44:22Z
2026-07-03T17:43:44Z,2026-07-03T19:43:44+0200,58f0f667-5017-4e2f-a8f0-60c0494acd3e,2026-07-01T15:45:00Z,2026-07-01T17:45:00+0200,11611.61719,MW,FR,FR,forecast_solar_generation,Solar,2026-07-03T17:44:22Z
2026-07-03T17:43:44Z,2026-07-03T19:43:44+0200,58f0f667-5017-4e2f-a8f0-60c0494acd3e,2026-07-01T16:00:00Z,2026-07-01T18:00:00+0200,10797.82031,MW,FR,FR,forecast_solar_generation,Solar,2026-07-03T17:44:22Z
2026-07-03T17:43:44Z,2026-07-03T19:43:44+0200,58f0f667-5017-4e2f-a8f0-60c0494acd3e,2026-07-01T16:15:00Z,2026-07-01T18:15:00+0200,9913.5293,MW,FR,FR,forecast_solar_generation,Solar,2026-07-03T17:44:22Z
2026-07-03T17:43:44Z,2026-07-03T19:43:44+0200,58f0f667-5017-4e2f-a8f0-60c0494acd3e,2026-07-01T16:30:00Z,2026-07-01T18:30:00+0200,9037.12891,MW,FR,FR,forecast_solar_generation,Solar,2026-07-03T17:44:22Z
2026-07-03T17:43:44Z,2026-07-03T19:43:44+0200,58f0f667-5017-4e2f-a8f0-60c0494acd3e,2026-07-01T16:45:00Z,2026-07-01T18:45:00+0200,8169.37695,MW,FR,FR,forecast_solar_generation,Solar,2026-07-03T17:44:22Z
2026-07-03T17:43:44Z,2026-07-03T19:43:44+0200,58f0f667-5017-4e2f-a8f0-60c0494acd3e,2026-07-01T17:00:00Z,2026-07-01T19:00:00+0200,7139.39404,MW,FR,FR,forecast_solar_generation,Solar,2026-07-03T17:44:22Z
2026-07-03T17:43:44Z,2026-07-03T19:43:44+0200,58f0f667-5017-4e2f-a8f0-60c0494acd3e,2026-07-01T17:15:00Z,2026-07-01T19:15:00+0200,6253.34375,MW,FR,FR,forecast_solar_generation,Solar,2026-07-03T17:44:22Z
2026-07-03T17:43:44Z,2026-07-03T19:43:44+0200,58f0f667-5017-4e2f-a8f0-60c0494acd3e,2026-07-01T17:30:00Z,2026-07-01T19:30:00+0200,5191.16602,MW,FR,FR,forecast_solar_generation,Solar,2026-07-03T17:44:22Z
2026-07-03T17:43:44Z,2026-07-03T19:43:44+0200,58f0f667-5017-4e2f-a8f0-60c0494acd3e,2026-07-01T17:45:00Z,2026-07-01T19:45:00+0200,4355.33154,MW,FR,FR,forecast_solar_generation,Solar,2026-07-03T17:44:22Z
2026-07-03T17:43:44Z,2026-07-03T19:43:44+0200,58f0f667-5017-4e2f-a8f0-60c0494acd3e,2026-07-01T18:00:00Z,2026-07-01T20:00:00+0200,3441.95459,MW,FR,FR,forecast_solar_generation,Solar,2026-07-03T17:44:22Z
2026-07-03T17:43:44Z,2026-07-03T19:43:44+0200,58f0f667-5017-4e2f-a8f0-60c0494acd3e,2026-07-01T18:15:00Z,2026-07-01T20:15:00+0200,2675.29785,MW,FR,FR,forecast_solar_generation,Solar,2026-07-03T17:44:22Z
2026-07-03T17:43:44Z,2026-07-03T19:43:44+0200,58f0f667-5017-4e2f-a8f0-60c0494acd3e,2026-07-01T18:30:00Z,2026-07-01T20:30:00+0200,1979.49292,MW,FR,FR,forecast_solar_generation,Solar,2026-07-03T17:44:22Z
2026-07-03T17:43:44Z,2026-07-03T19:43:44+0200,58f0f667-5017-4e2f-a8f0-60c0494acd3e,2026-07-01T18:45:00Z,2026-07-01T20:45:00+0200,1467.87268,MW,FR,FR,forecast_solar_generation,Solar,2026-07-03T17:44:22Z
2026-07-03T17:43:44Z,2026-07-03T19:43:44+0200,58f0f667-5017-4e2f-a8f0-60c0494acd3e,2026-07-01T19:00:00Z,2026-07-01T21:00:00+0200,995.44336,MW,FR,FR,forecast_solar_generation,Solar,2026-07-03T17:44:22Z
2026-07-03T17:43:44Z,2026-07-03T19:43:44+0200,58f0f667-5017-4e2f-a8f0-60c0494acd3e,2026-07-01T19:15:00Z,2026-07-01T21:15:00+0200,587.15442,MW,FR,FR,forecast_solar_generation,Solar,2026-07-03T17:44:22Z
2026-07-03T17:43:44Z,2026-07-03T19:43:44+0200,58f0f667-5017-4e2f-a8f0-60c0494acd3e,2026-07-01T19:30:00Z,2026-07-01T21:30:00+0200,232.33315,MW,FR,FR,forecast_solar_generation,Solar,2026-07-03T17:44:22Z
2026-07-03T17:43:44Z,2026-07-03T19:43:44+0200,58f0f667-5017-4e2f-a8f0-60c0494acd3e,2026-07-01T19:45:00Z,2026-07-01T21:45:00+0200,85.87844,MW,FR,FR,forecast_solar_generation,Solar,2026-07-03T17:44:22Z
2026-07-03T17:43:44Z,2026-07-03T19:43:44+0200,58f0f667-5017-4e2f-a8f0-60c0494acd3e,2026-07-01T20:00:00Z,2026-07-01T22:00:00+0200,13.40572,MW,FR,FR,forecast_solar_generation,Solar,2026-07-03T17:44:22Z
2026-07-03T17:43:44Z,2026-07-03T19:43:44+0200,58f0f667-5017-4e2f-a8f0-60c0494acd3e,2026-07-01T20:15:00Z,2026-07-01T22:15:00+0200,0.0,MW,FR,FR,forecast_solar_generation,Solar,2026-07-03T17:44:22Z
2026-07-03T17:43:44Z,2026-07-03T19:43:44+0200,58f0f667-5017-4e2f-a8f0-60c0494acd3e,2026-07-01T20:30:00Z,2026-07-01T22:30:00+0200,0.0,MW,FR,FR,forecast_solar_generation,Solar,2026-07-03T17:44:22Z
2026-07-03T17:43:44Z,2026-07-03T19:43:44+0200,58f0f667-5017-4e2f-a8f0-60c0494acd3e,2026-07-01T20:45:00Z,2026-07-01T22:45:00+0200,0.0,MW,FR,FR,forecast_solar_generation,Solar,2026-07-03T17:44:22Z
2026-07-03T17:43:44Z,2026-07-03T19:43:44+0200,58f0f667-5017-4e2f-a8f0-60c0494acd3e,2026-07-01T21:00:00Z,2026-07-01T23:00:00+0200,0.0,MW,FR,FR,forecast_solar_generation,Solar,2026-07-03T17:44:22Z
2026-07-03T17:43:44Z,2026-07-03T19:43:44+0200,58f0f667-5017-4e2f-a8f0-60c0494acd3e,2026-07-01T21:15:00Z,2026-07-01T23:15:00+0200,0.0,MW,FR,FR,forecast_solar_generation,Solar,2026-07-03T17:44:22Z
2026-07-03T17:43:44Z,2026-07-03T19:43:44+0200,58f0f667-5017-4e2f-a8f0-60c0494acd3e,2026-07-01T21:30:00Z,2026-07-01T23:30:00+0200,0.0,MW,FR,FR,forecast_solar_generation,Solar,2026-07-03T17:44:22Z
2026-07-03T17:43:44Z,2026-07-03T19:43:44+0200,58f0f667-5017-4e2f-a8f0-60c0494acd3e,2026-07-01T21:45:00Z,2026-07-01T23:45:00+0200,0.0,MW,FR,FR,forecast_solar_generation,Solar,2026-07-03T17:44:22Z
2026-07-03T17:43:44Z,2026-07-03T19:43:44+0200,58f0f667-5017-4e2f-a8f0-60c0494acd3e,2026-07-01T22:00:00Z,2026-07-02T00:00:00+0200,0.0,MW,FR,FR,forecast_solar_generation,Solar,2026-07-03T17:44:22Z
2026-07-03T17:43:44Z,2026-07-03T19:43:44+0200,58f0f667-5017-4e2f-a8f0-60c0494acd3e,2026-07-01T22:15:00Z,2026-07-02T00:15:00+0200,0.0,MW,FR,FR,forecast_solar_generation,Solar,2026-07-03T17:44:22Z
2026-07-03T17:43:44Z,2026-07-03T19:43:44+0200,58f0f667-5017-4e2f-a8f0-60c0494acd3e,2026-07-01T22:30:00Z,2026-07-02T00:30:00+0200,0.0,MW,FR,FR,forecast_solar_generation,Solar,2026-07-03T17:44:22Z
2026-07-03T17:43:44Z,2026-07-03T19:43:44+0200,58f0f667-5017-4e2f-a8f0-60c0494acd3e,2026-07-01T22:45:00Z,2026-07-02T00:45:00+0200,0.0,MW,FR,FR,forecast_solar_generation,Solar,2026-07-03T17:44:22Z
2026-07-03T17:43:44Z,2026-07-03T19:43:44+0200,58f0f667-5017-4e2f-a8f0-60c0494acd3e,2026-07-01T23:00:00Z,2026-07-02T01:00:00+0200,0.0,MW,FR,FR,forecast_solar_generation,Solar,2026-07-03T17:44:22Z
2026-07-03T17:43:44Z,2026-07-03T19:43:44+0200,58f0f667-5017-4e2f-a8f0-60c0494acd3e,2026-07-01T23:15:00Z,2026-07-02T01:15:00+0200,0.0,MW,FR,FR,forecast_solar_generation,Solar,2026-07-03T17:44:22Z
2026-07-03T17:43:44Z,2026-07-03T19:43:44+0200,58f0f667-5017-4e2f-a8f0-60c0494acd3e,2026-07-01T23:30:00Z,2026-07-02T01:30:00+0200,0.0,MW,FR,FR,forecast_solar_generation,Solar,2026-07-03T17:44:22Z
2026-07-03T17:43:44Z,2026-07-03T19:43:44+0200,58f0f667-5017-4e2f-a8f0-60c0494acd3e,2026-07-01T23:45:00Z,2026-07-02T01:45:00+0200,0.0,MW,FR,FR,forecast_solar_generation,Solar,2026-07-03T17:44:22Z
2026-07-03T17:43:44Z,2026-07-03T19:43:44+0200,58f0f667-5017-4e2f-a8f0-60c0494acd3e,2026-07-02T00:00:00Z,2026-07-02T02:00:00+0200,0.0,MW,FR,FR,forecast_solar_generation,Solar,2026-07-03T17:44:22Z
2026-07-03T17:43:44Z,2026-07-03T19:43:44+0200,58f0f667-5017-4e2f-a8f0-60c0494acd3e,2026-07-02T00:15:00Z,2026-07-02T02:15:00+0200,0.0,MW,FR,FR,forecast_solar_generation,Solar,2026-07-03T17:44:22Z
2026-07-03T17:43:44Z,2026-07-03T19:43:44+0200,58f0f667-5017-4e2f-a8f0-60c0494acd3e,2026-07-02T00:30:00Z,2026-07-02T02:30:00+0200,0.0,MW,FR,FR,forecast_solar_generation,Solar,2026-07-03T17:44:22Z
2026-07-03T17:43:44Z,2026-07-03T19:43:44+0200,58f0f667-5017-4e2f-a8f0-60c0494acd3e,2026-07-02T00:45:00Z,2026-07-02T02:45:00+0200,0.0,MW,FR,FR,forecast_solar_generation,Solar,2026-07-03T17:44:22Z
2026-07-03T17:43:44Z,2026-07-03T19:43:44+0200,58f0f667-5017-4e2f-a8f0-60c0494acd3e,2026-07-02T01:00:00Z,2026-07-02T03:00:00+0200,0.0,MW,FR,FR,forecast_solar_generation,Solar,2026-07-03T17:44:22Z
2026-07-03T17:43:44Z,2026-07-03T19:43:44+0200,58f0f667-5017-4e2f-a8f0-60c0494acd3e,2026-07-02T01:15:00Z,2026-07-02T03:15:00+0200,0.0,MW,FR,FR,forecast_solar_generation,Solar,2026-07-03T17:44:22Z
2026-07-03T17:43:44Z,2026-07-03T19:43:44+0200,58f0f667-5017-4e2f-a8f0-60c0494acd3e,2026-07-02T01:30:00Z,2026-07-02T03:30:00+0200,0.0,MW,FR,FR,forecast_solar_generation,Solar,2026-07-03T17:44:22Z
2026-07-03T17:43:44Z,2026-07-03T19:43:44+0200,58f0f667-5017-4e2f-a8f0-60c0494acd3e,2026-07-02T01:45:00Z,2026-07-02T03:45:00+0200,0.0,MW,FR,FR,forecast_solar_generation,Solar,2026-07-03T17:44:22Z
2026-07-03T17:43:44Z,2026-07-03T19:43:44+0200,58f0f667-5017-4e2f-a8f0-60c0494acd3e,2026-07-02T02:00:00Z,2026-07-02T04:00:00+0200,0.0,MW,FR,FR,forecast_solar_generation,Solar,2026-07-03T17:44:22Z
2026-07-03T17:43:44Z,2026-07-03T19:43:44+0200,58f0f667-5017-4e2f-a8f0-60c0494acd3e,2026-07-02T02:15:00Z,2026-07-02T04:15:00+0200,0.0,MW,FR,FR,forecast_solar_generation,Solar,2026-07-03T17:44:22Z
2026-07-03T17:43:44Z,2026-07-03T19:43:44+0200,58f0f667-5017-4e2f-a8f0-60c0494acd3e,2026-07-02T02:30:00Z,2026-07-02T04:30:00+0200,0.0,MW,FR,FR,forecast_solar_generation,Solar,2026-07-03T17:44:22Z
2026-07-03T17:43:44Z,2026-07-03T19:43:44+0200,58f0f667-5017-4e2f-a8f0-60c0494acd3e,2026-07-02T02:45:00Z,2026-07-02T04:45:00+0200,0.0,MW,FR,FR,forecast_solar_generation,Solar,2026-07-03T17:44:22Z
2026-07-03T17:43:44Z,2026-07-03T19:43:44+0200,58f0f667-5017-4e2f-a8f0-60c0494acd3e,2026-07-02T03:00:00Z,2026-07-02T05:00:00+0200,0.0,MW,FR,FR,forecast_solar_generation,Solar,2026-07-03T17:44:22Z
2026-07-03T17:43:44Z,2026-07-03T19:43:44+0200,58f0f667-5017-4e2f-a8f0-60c0494acd3e,2026-07-02T03:15:00Z,2026-07-02T05:15:00+0200,0.0,MW,FR,FR,forecast_solar_generation,Solar,2026-07-03T17:44:22Z
2026-07-03T17:43:44Z,2026-07-03T19:43:44+0200,58f0f667-5017-4e2f-a8f0-60c0494acd3e,2026-07-02T03:30:00Z,2026-07-02T05:30:00+0200,0.0,MW,FR,FR,forecast_solar_generation,Solar,2026-07-03T17:44:22Z
2026-07-03T17:43:44Z,2026-07-03T19:43:44+0200,58f0f667-5017-4e2f-a8f0-60c0494acd3e,2026-07-02T03:45:00Z,2026-07-02T05:45:00+0200,13.43074,MW,FR,FR,forecast_solar_generation,Solar,2026-07-03T17:44:22Z
2026-07-03T17:43:44Z,2026-07-03T19:43:44+0200,58f0f667-5017-4e2f-a8f0-60c0494acd3e,2026-07-02T04:00:00Z,2026-07-02T06:00:00+0200,58.31111,MW,FR,FR,forecast_solar_generation,Solar,2026-07-03T17:44:22Z
2026-07-03T17:43:44Z,2026-07-03T19:43:44+0200,58f0f667-5017-4e2f-a8f0-60c0494acd3e,2026-07-02T04:15:00Z,2026-07-02T06:15:00+0200,164.1674,MW,FR,FR,forecast_solar_generation,Solar,2026-07-03T17:44:22Z
2026-07-03T17:43:44Z,2026-07-03T19:43:44+0200,58f0f667-5017-4e2f-a8f0-60c0494acd3e,2026-07-02T04:30:00Z,2026-07-02T06:30:00+0200,274.70493,MW,FR,FR,forecast_solar_generation,Solar,2026-07-03T17:44:22Z
2026-07-03T17:43:44Z,2026-07-03T19:43:44+0200,58f0f667-5017-4e2f-a8f0-60c0494acd3e,2026-07-02T04:45:00Z,2026-07-02T06:45:00+0200,617.64398,MW,FR,FR,forecast_solar_generation,Solar,2026-07-03T17:44:22Z
2026-07-03T17:43:44Z,2026-07-03T19:43:44+0200,58f0f667-5017-4e2f-a8f0-60c0494acd3e,2026-07-02T05:00:00Z,2026-07-02T07:00:00+0200,1044.4751,MW,FR,FR,forecast_solar_generation,Solar,2026-07-03T17:44:22Z
2026-07-03T17:43:44Z,2026-07-03T19:43:44+0200,58f0f667-5017-4e2f-a8f0-60c0494acd3e,2026-07-02T05:15:00Z,2026-07-02T07:15:00+0200,1580.94348,MW,FR,FR,forecast_solar_generation,Solar,2026-07-03T17:44:22Z
2026-07-03T17:43:44Z,2026-07-03T19:43:44+0200,58f0f667-5017-4e2f-a8f0-60c0494acd3e,2026-07-02T05:30:00Z,2026-07-02T07:30:00+0200,2171.02222,MW,FR,FR,forecast_solar_generation,Solar,2026-07-03T17:44:22Z
2026-07-03T17:43:44Z,2026-07-03T19:43:44+0200,58f0f667-5017-4e2f-a8f0-60c0494acd3e,2026-07-02T05:45:00Z,2026-07-02T07:45:00+0200,3050.76074,MW,FR,FR,forecast_solar_generation,Solar,2026-07-03T17:44:22Z
2026-07-03T17:43:44Z,2026-07-03T19:43:44+0200,58f0f667-5017-4e2f-a8f0-60c0494acd3e,2026-07-02T06:00:00Z,2026-07-02T08:00:00+0200,3971.46631,MW,FR,FR,forecast_solar_generation,Solar,2026-07-03T17:44:22Z
2026-07-03T17:43:44Z,2026-07-03T19:43:44+0200,58f0f667-5017-4e2f-a8f0-60c0494acd3e,2026-07-02T06:15:00Z,2026-07-02T08:15:00+0200,5054.87451,MW,FR,FR,forecast_solar_generation,Solar,2026-07-03T17:44:22Z
2026-07-03T17:43:44Z,2026-07-03T19:43:44+0200,58f0f667-5017-4e2f-a8f0-60c0494acd3e,2026-07-02T06:30:00Z,2026-07-02T08:30:00+0200,6223.36768,MW,FR,FR,forecast_solar_generation,Solar,2026-07-03T17:44:22Z
2026-07-03T17:43:44Z,2026-07-03T19:43:44+0200,58f0f667-5017-4e2f-a8f0-60c0494acd3e,2026-07-02T06:45:00Z,2026-07-02T08:45:00+0200,7374.4082,MW,FR,FR,forecast_solar_generation,Solar,2026-07-03T17:44:22Z
2026-07-03T17:43:44Z,2026-07-03T19:43:44+0200,58f0f667-5017-4e2f-a8f0-60c0494acd3e,2026-07-02T07:00:00Z,2026-07-02T09:00:00+0200,8575.73047,MW,FR,FR,forecast_solar_generation,Solar,2026-07-03T17:44:22Z
2026-07-03T17:43:44Z,2026-07-03T19:43:44+0200,58f0f667-5017-4e2f-a8f0-60c0494acd3e,2026-07-02T07:15:00Z,2026-07-02T09:15:00+0200,9684.90625,MW,FR,FR,forecast_solar_generation,Solar,2026-07-03T17:44:22Z
2026-07-03T17:43:44Z,2026-07-03T19:43:44+0200,58f0f667-5017-4e2f-a8f0-60c0494acd3e,2026-07-02T07:30:00Z,2026-07-02T09:30:00+0200,10847.53906,MW,FR,FR,forecast_solar_generation,Solar,2026-07-03T17:44:22Z
2026-07-03T17:43:44Z,2026-07-03T19:43:44+0200,58f0f667-5017-4e2f-a8f0-60c0494acd3e,2026-07-02T07:45:00Z,2026-07-02T09:45:00+0200,11836.12793,MW,FR,FR,forecast_solar_generation,Solar,2026-07-03T17:44:22Z
2026-07-03T17:43:44Z,2026-07-03T19:43:44+0200,58f0f667-5017-4e2f-a8f0-60c0494acd3e,2026-07-02T08:00:00Z,2026-07-02T10:00:00+0200,12874.25293,MW,FR,FR,forecast_solar_generation,Solar,2026-07-03T17:44:22Z
2026-07-03T17:43:44Z,2026-07-03T19:43:44+0200,58f0f667-5017-4e2f-a8f0-60c0494acd3e,2026-07-02T08:15:00Z,2026-07-02T10:15:00+0200,13866.8623,MW,FR,FR,forecast_solar_generation,Solar,2026-07-03T17:44:22Z
2026-07-03T17:43:44Z,2026-07-03T19:43:44+0200,58f0f667-5017-4e2f-a8f0-60c0494acd3e,2026-07-02T08:30:00Z,2026-07-02T10:30:00+0200,14786.08301,MW,FR,FR,forecast_solar_generation,Solar,2026-07-03T17:44:22Z
2026-07-03T17:43:44Z,2026-07-03T19:43:44+0200,58f0f667-5017-4e2f-a8f0-60c0494acd3e,2026-07-02T08:45:00Z,2026-07-02T10:45:00+0200,15488.95117,MW,FR,FR,forecast_solar_generation,Solar,2026-07-03T17:44:22Z
2026-07-03T17:43:44Z,2026-07-03T19:43:44+0200,58f0f667-5017-4e2f-a8f0-60c0494acd3e,2026-07-02T09:00:00Z,2026-07-02T11:00:00+0200,16192.37012,MW,FR,FR,forecast_solar_generation,Solar,2026-07-03T17:44:22Z
2026-07-03T17:43:44Z,2026-07-03T19:43:44+0200,58f0f667-5017-4e2f-a8f0-60c0494acd3e,2026-07-02T09:15:00Z,2026-07-02T11:15:00+0200,12966.97852,MW,FR,FR,forecast_solar_generation,Solar,2026-07-03T17:44:22Z
2026-07-03T17:43:44Z,2026-07-03T19:43:44+0200,58f0f667-5017-4e2f-a8f0-60c0494acd3e,2026-07-02T09:30:00Z,2026-07-02T11:30:00+0200,13493.44336,MW,FR,FR,forecast_solar_generation,Solar,2026-07-03T17:44:22Z
2026-07-03T17:43:44Z,2026-07-03T19:43:44+0200,58f0f667-5017-4e2f-a8f0-60c0494acd3e,2026-07-02T09:45:00Z,2026-07-02T11:45:00+0200,13919.26953,MW,FR,FR,forecast_solar_generation,Solar,2026-07-03T17:44:22Z
2026-07-03T17:43:44Z,2026-07-03T19:43:44+0200,58f0f667-5017-4e2f-a8f0-60c0494acd3e,2026-07-02T10:00:00Z,2026-07-02T12:00:00+0200,14323.28711,MW,FR,FR,forecast_solar_generation,Solar,2026-07-03T17:44:22Z
2026-07-03T17:43:44Z,2026-07-03T19:43:44+0200,58f0f667-5017-4e2f-a8f0-60c0494acd3e,2026-07-02T10:15:00Z,2026-07-02T12:15:00+0200,14622.50195,MW,FR,FR,forecast_solar_generation,Solar,2026-07-03T17:44:22Z
2026-07-03T17:43:44Z,2026-07-03T19:43:44+0200,58f0f667-5017-4e2f-a8f0-60c0494acd3e,2026-07-02T10:30:00Z,2026-07-02T12:30:00+0200,14953.2168,MW,FR,FR,forecast_solar_generation,Solar,2026-07-03T17:44:22Z
2026-07-03T17:43:44Z,2026-07-03T19:43:44+0200,58f0f667-5017-4e2f-a8f0-60c0494acd3e,2026-07-02T10:45:00Z,2026-07-02T12:45:00+0200,15151.18555,MW,FR,FR,forecast_solar_generation,Solar,2026-07-03T17:44:22Z
2026-07-03T17:43:44Z,2026-07-03T19:43:44+0200,58f0f667-5017-4e2f-a8f0-60c0494acd3e,2026-07-02T11:00:00Z,2026-07-02T13:00:00+0200,15369.58594,MW,FR,FR,forecast_solar_generation,Solar,2026-07-03T17:44:22Z
2026-07-03T17:43:44Z,2026-07-03T19:43:44+0200,58f0f667-5017-4e2f-a8f0-60c0494acd3e,2026-07-02T11:15:00Z,2026-07-02T13:15:00+0200,15482.4082,MW,FR,FR,forecast_solar_generation,Solar,2026-07-03T17:44:22Z
2026-07-03T17:43:44Z,2026-07-03T19:43:44+0200,58f0f667-5017-4e2f-a8f0-60c0494acd3e,2026-07-02T11:30:00Z,2026-07-02T13:30:00+0200,15527.80859,MW,FR,FR,forecast_solar_generation,Solar,2026-07-03T17:44:22Z
2026-07-03T17:43:44Z,2026-07-03T19:43:44+0200,58f0f667-5017-4e2f-a8f0-60c0494acd3e,2026-07-02T11:45:00Z,2026-07-02T13:45:00+0200,15561.65918,MW,FR,FR,forecast_solar_generation,Solar,2026-07-03T17:44:22Z
2026-07-03T17:43:44Z,2026-07-03T19:43:44+0200,58f0f667-5017-4e2f-a8f0-60c0494acd3e,2026-07-02T12:00:00Z,2026-07-02T14:00:00+0200,15588.88574,MW,FR,FR,forecast_solar_generation,Solar,2026-07-03T17:44:22Z
2026-07-03T17:43:44Z,2026-07-03T19:43:44+0200,58f0f667-5017-4e2f-a8f0-60c0494acd3e,2026-07-02T12:15:00Z,2026-07-02T14:15:00+0200,15570.14746,MW,FR,FR,forecast_solar_generation,Solar,2026-07-03T17:44:22Z
2026-07-03T17:43:44Z,2026-07-03T19:43:44+0200,58f0f667-5017-4e2f-a8f0-60c0494acd3e,2026-07-02T12:30:00Z,2026-07-02T14:30:00+0200,15552.36914,MW,FR,FR,forecast_solar_generation,Solar,2026-07-03T17:44:22Z
2026-07-03T17:43:44Z,2026-07-03T19:43:44+0200,58f0f667-5017-4e2f-a8f0-60c0494acd3e,2026-07-02T12:45:00Z,2026-07-02T14:45:00+0200,15472.62891,MW,FR,FR,forecast_solar_generation,Solar,2026-07-03T17:44:22Z
2026-07-03T17:43:44Z,2026-07-03T19:43:44+0200,58f0f667-5017-4e2f-a8f0-60c0494acd3e,2026-07-02T13:00:00Z,2026-07-02T15:00:00+0200,15358.34082,MW,FR,FR,forecast_solar_generation,Solar,2026-07-03T17:44:22Z
2026-07-03T17:43:44Z,2026-07-03T19:43:44+0200,58f0f667-5017-4e2f-a8f0-60c0494acd3e,2026-07-02T13:15:00Z,2026-07-02T15:15:00+0200,15181.4707,MW,FR,FR,forecast_solar_generation,Solar,2026-07-03T17:44:22Z
2026-07-03T17:43:44Z,2026-07-03T19:43:44+0200,58f0f667-5017-4e2f-a8f0-60c0494acd3e,2026-07-02T13:30:00Z,2026-07-02T15:30:00+0200,14870.26953,MW,FR,FR,forecast_solar_generation,Solar,2026-07-03T17:44:22Z
2026-07-03T17:43:44Z,2026-07-03T19:43:44+0200,58f0f667-5017-4e2f-a8f0-60c0494acd3e,2026-07-02T13:45:00Z,2026-07-02T15:45:00+0200,14503.44141,MW,FR,FR,forecast_solar_generation,Solar,2026-07-03T17:44:22Z
2026-07-03T17:43:44Z,2026-07-03T19:43:44+0200,58f0f667-5017-4e2f-a8f0-60c0494acd3e,2026-07-02T14:00:00Z,2026-07-02T16:00:00+0200,14109.77734,MW,FR,FR,forecast_solar_generation,Solar,2026-07-03T17:44:22Z
2026-07-03T17:43:44Z,2026-07-03T19:43:44+0200,58f0f667-5017-4e2f-a8f0-60c0494acd3e,2026-07-02T14:15:00Z,2026-07-02T16:15:00+0200,13725.60547,MW,FR,FR,forecast_solar_generation,Solar,2026-07-03T17:44:22Z
2026-07-03T17:43:44Z,2026-07-03T19:43:44+0200,58f0f667-5017-4e2f-a8f0-60c0494acd3e,2026-07-02T14:30:00Z,2026-07-02T16:30:00+0200,13249.07617,MW,FR,FR,forecast_solar_generation,Solar,2026-07-03T17:44:22Z
2026-07-03T17:43:44Z,2026-07-03T19:43:44+0200,58f0f667-5017-4e2f-a8f0-60c0494acd3e,2026-07-02T14:45:00Z,2026-07-02T16:45:00+0200,12645.61133,MW,FR,FR,forecast_solar_generation,Solar,2026-07-03T17:44:22Z
2026-07-03T17:43:44Z,2026-07-03T19:43:44+0200,58f0f667-5017-4e2f-a8f0-60c0494acd3e,2026-07-02T15:00:00Z,2026-07-02T17:00:00+0200,12033.68945,MW,FR,FR,forecast_solar_generation,Solar,2026-07-03T17:44:22Z
2026-07-03T17:43:44Z,2026-07-03T19:43:44+0200,58f0f667-5017-4e2f-a8f0-60c0494acd3e,2026-07-02T15:15:00Z,2026-07-02T17:15:00+0200,14750.30469,MW,FR,FR,forecast_solar_generation,Solar,2026-07-03T17:44:22Z
2026-07-03T17:43:44Z,2026-07-03T19:43:44+0200,58f0f667-5017-4e2f-a8f0-60c0494acd3e,2026-07-02T15:30:00Z,2026-07-02T17:30:00+0200,13934.85645,MW,FR,FR,forecast_solar_generation,Solar,2026-07-03T17:44:22Z
2026-07-03T17:43:44Z,2026-07-03T19:43:44+0200,58f0f667-5017-4e2f-a8f0-60c0494acd3e,2026-07-02T15:45:00Z,2026-07-02T17:45:00+0200,13022.60938,MW,FR,FR,forecast_solar_generation,Solar,2026-07-03T17:44:22Z
2026-07-03T17:43:44Z,2026-07-03T19:43:44+0200,58f0f667-5017-4e2f-a8f0-60c0494acd3e,2026-07-02T16:00:00Z,2026-07-02T18:00:00+0200,12074.46875,MW,FR,FR,forecast_solar_generation,Solar,2026-07-03T17:44:22Z
2026-07-03T17:43:44Z,2026-07-03T19:43:44+0200,58f0f667-5017-4e2f-a8f0-60c0494acd3e,2026-07-02T16:15:00Z,2026-07-02T18:15:00+0200,10998.3291,MW,FR,FR,forecast_solar_generation,Solar,2026-07-03T17:44:22Z
2026-07-03T17:43:44Z,2026-07-03T19:43:44+0200,58f0f667-5017-4e2f-a8f0-60c0494acd3e,2026-07-02T16:30:00Z,2026-07-02T18:30:00+0200,9966.36523,MW,FR,FR,forecast_solar_generation,Solar,2026-07-03T17:44:22Z
2026-07-03T17:43:44Z,2026-07-03T19:43:44+0200,58f0f667-5017-4e2f-a8f0-60c0494acd3e,2026-07-02T16:45:00Z,2026-07-02T18:45:00+0200,8986.60059,MW,FR,FR,forecast_solar_generation,Solar,2026-07-03T17:44:22Z
2026-07-03T17:43:44Z,2026-07-03T19:43:44+0200,58f0f667-5017-4e2f-a8f0-60c0494acd3e,2026-07-02T17:00:00Z,2026-07-02T19:00:00+0200,7819.61133,MW,FR,FR,forecast_solar_generation,Solar,2026-07-03T17:44:22Z
2026-07-03T17:43:44Z,2026-07-03T19:43:44+0200,58f0f667-5017-4e2f-a8f0-60c0494acd3e,2026-07-02T17:15:00Z,2026-07-02T19:15:00+0200,6808.67725,MW,FR,FR,forecast_solar_generation,Solar,2026-07-03T17:44:22Z
2026-07-03T17:43:44Z,2026-07-03T19:43:44+0200,58f0f667-5017-4e2f-a8f0-60c0494acd3e,2026-07-02T17:30:00Z,2026-07-02T19:30:00+0200,5638.12061,MW,FR,FR,forecast_solar_generation,Solar,2026-07-03T17:44:22Z
2026-07-03T17:43:44Z,2026-07-03T19:43:44+0200,58f0f667-5017-4e2f-a8f0-60c0494acd3e,2026-07-02T17:45:00Z,2026-07-02T19:45:00+0200,4693.43945,MW,FR,FR,forecast_solar_generation,Solar,2026-07-03T17:44:22Z
2026-07-03T17:43:44Z,2026-07-03T19:43:44+0200,58f0f667-5017-4e2f-a8f0-60c0494acd3e,2026-07-02T18:00:00Z,2026-07-02T20:00:00+0200,3709.1145,MW,FR,FR,forecast_solar_generation,Solar,2026-07-03T17:44:22Z
2026-07-03T17:43:44Z,2026-07-03T19:43:44+0200,58f0f667-5017-4e2f-a8f0-60c0494acd3e,2026-07-02T18:15:00Z,2026-07-02T20:15:00+0200,2856.36841,MW,FR,FR,forecast_solar_generation,Solar,2026-07-03T17:44:22Z
2026-07-03T17:43:44Z,2026-07-03T19:43:44+0200,58f0f667-5017-4e2f-a8f0-60c0494acd3e,2026-07-02T18:30:00Z,2026-07-02T20:30:00+0200,2106.70239,MW,FR,FR,forecast_solar_generation,Solar,2026-07-03T17:44:22Z
2026-07-03T17:43:44Z,2026-07-03T19:43:44+0200,58f0f667-5017-4e2f-a8f0-60c0494acd3e,2026-07-02T18:45:00Z,2026-07-02T20:45:00+0200,1567.4436,MW,FR,FR,forecast_solar_generation,Solar,2026-07-03T17:44:22Z
2026-07-03T17:43:44Z,2026-07-03T19:43:44+0200,58f0f667-5017-4e2f-a8f0-60c0494acd3e,2026-07-02T19:00:00Z,2026-07-02T21:00:00+0200,1062.14832,MW,FR,FR,forecast_solar_generation,Solar,2026-07-03T17:44:22Z
2026-07-03T17:43:44Z,2026-07-03T19:43:44+0200,58f0f667-5017-4e2f-a8f0-60c0494acd3e,2026-07-02T19:15:00Z,2026-07-02T21:15:00+0200,622.38751,MW,FR,FR,forecast_solar_generation,Solar,2026-07-03T17:44:22Z
2026-07-03T17:43:44Z,2026-07-03T19:43:44+0200,58f0f667-5017-4e2f-a8f0-60c0494acd3e,2026-07-02T19:30:00Z,2026-07-02T21:30:00+0200,243.64252,MW,FR,FR,forecast_solar_generation,Solar,2026-07-03T17:44:22Z
2026-07-03T17:43:44Z,2026-07-03T19:43:44+0200,58f0f667-5017-4e2f-a8f0-60c0494acd3e,2026-07-02T19:45:00Z,2026-07-02T21:45:00+0200,87.50378,MW,FR,FR,forecast_solar_generation,Solar,2026-07-03T17:44:22Z
2026-07-03T17:43:44Z,2026-07-03T19:43:44+0200,58f0f667-5017-4e2f-a8f0-60c0494acd3e,2026-07-02T20:00:00Z,2026-07-02T22:00:00+0200,12.70969,MW,FR,FR,forecast_solar_generation,Solar,2026-07-03T17:44:22Z
2026-07-03T17:43:44Z,2026-07-03T19:43:44+0200,58f0f667-5017-4e2f-a8f0-60c0494acd3e,2026-07-02T20:15:00Z,2026-07-02T22:15:00+0200,0.0,MW,FR,FR,forecast_solar_generation,Solar,2026-07-03T17:44:22Z
2026-07-03T17:43:44Z,2026-07-03T19:43:44+0200,58f0f667-5017-4e2f-a8f0-60c0494acd3e,2026-07-02T20:30:00Z,2026-07-02T22:30:00+0200,0.0,MW,FR,FR,forecast_solar_generation,Solar,2026-07-03T17:44:22Z
2026-07-03T17:43:44Z,2026-07-03T19:43:44+0200,58f0f667-5017-4e2f-a8f0-60c0494acd3e,2026-07-02T20:45:00Z,2026-07-02T22:45:00+0200,0.0,MW,FR,FR,forecast_solar_generation,Solar,2026-07-03T17:44:22Z
2026-07-03T17:43:44Z,2026-07-03T19:43:44+0200,58f0f667-5017-4e2f-a8f0-60c0494acd3e,2026-07-02T21:00:00Z,2026-07-02T23:00:00+0200,0.0,MW,FR,FR,forecast_solar_generation,Solar,2026-07-03T17:44:22Z
2026-07-03T17:43:44Z,2026-07-03T19:43:44+0200,58f0f667-5017-4e2f-a8f0-60c0494acd3e,2026-07-02T21:15:00Z,2026-07-02T23:15:00+0200,0.0,MW,FR,FR,forecast_solar_generation,Solar,2026-07-03T17:44:22Z
2026-07-03T17:43:44Z,2026-07-03T19:43:44+0200,58f0f667-5017-4e2f-a8f0-60c0494acd3e,2026-07-02T21:30:00Z,2026-07-02T23:30:00+0200,0.0,MW,FR,FR,forecast_solar_generation,Solar,2026-07-03T17:44:22Z
2026-07-03T17:43:44Z,2026-07-03T19:43:44+0200,58f0f667-5017-4e2f-a8f0-60c0494acd3e,2026-07-02T21:45:00Z,2026-07-02T23:45:00+0200,0.0,MW,FR,FR,forecast_solar_generation,Solar,2026-07-03T17:44:22Z
2026-07-03T17:43:44Z,2026-07-03T19:43:44+0200,58f0f667-5017-4e2f-a8f0-60c0494acd3e,2026-07-02T22:00:00Z,2026-07-03T00:00:00+0200,0.0,MW,FR,FR,forecast_solar_generation,Solar,2026-07-03T17:44:22Z
2026-07-03T17:43:44Z,2026-07-03T19:43:44+0200,58f0f667-5017-4e2f-a8f0-60c0494acd3e,2026-07-02T22:15:00Z,2026-07-03T00:15:00+0200,0.0,MW,FR,FR,forecast_solar_generation,Solar,2026-07-03T17:44:22Z
2026-07-03T17:43:44Z,2026-07-03T19:43:44+0200,58f0f667-5017-4e2f-a8f0-60c0494acd3e,2026-07-02T22:30:00Z,2026-07-03T00:30:00+0200,0.0,MW,FR,FR,forecast_solar_generation,Solar,2026-07-03T17:44:22Z
2026-07-03T17:43:44Z,2026-07-03T19:43:44+0200,58f0f667-5017-4e2f-a8f0-60c0494acd3e,2026-07-02T22:45:00Z,2026-07-03T00:45:00+0200,0.0,MW,FR,FR,forecast_solar_generation,Solar,2026-07-03T17:44:22Z
2026-07-03T17:43:44Z,2026-07-03T19:43:44+0200,58f0f667-5017-4e2f-a8f0-60c0494acd3e,2026-07-02T23:00:00Z,2026-07-03T01:00:00+0200,0.0,MW,FR,FR,forecast_solar_generation,Solar,2026-07-03T17:44:22Z
2026-07-03T17:43:44Z,2026-07-03T19:43:44+0200,58f0f667-5017-4e2f-a8f0-60c0494acd3e,2026-07-02T23:15:00Z,2026-07-03T01:15:00+0200,0.0,MW,FR,FR,forecast_solar_generation,Solar,2026-07-03T17:44:22Z
2026-07-03T17:43:44Z,2026-07-03T19:43:44+0200,58f0f667-5017-4e2f-a8f0-60c0494acd3e,2026-07-02T23:30:00Z,2026-07-03T01:30:00+0200,0.0,MW,FR,FR,forecast_solar_generation,Solar,2026-07-03T17:44:22Z
2026-07-03T17:43:44Z,2026-07-03T19:43:44+0200,58f0f667-5017-4e2f-a8f0-60c0494acd3e,2026-07-02T23:45:00Z,2026-07-03T01:45:00+0200,0.0,MW,FR,FR,forecast_solar_generation,Solar,2026-07-03T17:44:22Z
2026-07-03T17:43:44Z,2026-07-03T19:43:44+0200,58f0f667-5017-4e2f-a8f0-60c0494acd3e,2026-07-03T00:00:00Z,2026-07-03T02:00:00+0200,0.0,MW,FR,FR,forecast_solar_generation,Solar,2026-07-03T17:44:22Z
2026-07-03T17:43:44Z,2026-07-03T19:43:44+0200,58f0f667-5017-4e2f-a8f0-60c0494acd3e,2026-07-03T00:15:00Z,2026-07-03T02:15:00+0200,0.0,MW,FR,FR,forecast_solar_generation,Solar,2026-07-03T17:44:22Z
2026-07-03T17:43:44Z,2026-07-03T19:43:44+0200,58f0f667-5017-4e2f-a8f0-60c0494acd3e,2026-07-03T00:30:00Z,2026-07-03T02:30:00+0200,0.0,MW,FR,FR,forecast_solar_generation,Solar,2026-07-03T17:44:22Z
2026-07-03T17:43:44Z,2026-07-03T19:43:44+0200,58f0f667-5017-4e2f-a8f0-60c0494acd3e,2026-07-03T00:45:00Z,2026-07-03T02:45:00+0200,0.0,MW,FR,FR,forecast_solar_generation,Solar,2026-07-03T17:44:22Z
2026-07-03T17:43:44Z,2026-07-03T19:43:44+0200,58f0f667-5017-4e2f-a8f0-60c0494acd3e,2026-07-03T01:00:00Z,2026-07-03T03:00:00+0200,0.0,MW,FR,FR,forecast_solar_generation,Solar,2026-07-03T17:44:22Z
2026-07-03T17:43:44Z,2026-07-03T19:43:44+0200,58f0f667-5017-4e2f-a8f0-60c0494acd3e,2026-07-03T01:15:00Z,2026-07-03T03:15:00+0200,0.0,MW,FR,FR,forecast_solar_generation,Solar,2026-07-03T17:44:22Z
2026-07-03T17:43:44Z,2026-07-03T19:43:44+0200,58f0f667-5017-4e2f-a8f0-60c0494acd3e,2026-07-03T01:30:00Z,2026-07-03T03:30:00+0200,0.0,MW,FR,FR,forecast_solar_generation,Solar,2026-07-03T17:44:22Z
2026-07-03T17:43:44Z,2026-07-03T19:43:44+0200,58f0f667-5017-4e2f-a8f0-60c0494acd3e,2026-07-03T01:45:00Z,2026-07-03T03:45:00+0200,0.0,MW,FR,FR,forecast_solar_generation,Solar,2026-07-03T17:44:22Z
2026-07-03T17:43:44Z,2026-07-03T19:43:44+0200,58f0f667-5017-4e2f-a8f0-60c0494acd3e,2026-07-03T02:00:00Z,2026-07-03T04:00:00+0200,0.0,MW,FR,FR,forecast_solar_generation,Solar,2026-07-03T17:44:22Z
2026-07-03T17:43:44Z,2026-07-03T19:43:44+0200,58f0f667-5017-4e2f-a8f0-60c0494acd3e,2026-07-03T02:15:00Z,2026-07-03T04:15:00+0200,0.0,MW,FR,FR,forecast_solar_generation,Solar,2026-07-03T17:44:22Z
2026-07-03T17:43:44Z,2026-07-03T19:43:44+0200,58f0f667-5017-4e2f-a8f0-60c0494acd3e,2026-07-03T02:30:00Z,2026-07-03T04:30:00+0200,0.0,MW,FR,FR,forecast_solar_generation,Solar,2026-07-03T17:44:22Z
2026-07-03T17:43:44Z,2026-07-03T19:43:44+0200,58f0f667-5017-4e2f-a8f0-60c0494acd3e,2026-07-03T02:45:00Z,2026-07-03T04:45:00+0200,0.0,MW,FR,FR,forecast_solar_generation,Solar,2026-07-03T17:44:22Z
2026-07-03T17:43:44Z,2026-07-03T19:43:44+0200,58f0f667-5017-4e2f-a8f0-60c0494acd3e,2026-07-03T03:00:00Z,2026-07-03T05:00:00+0200,0.0,MW,FR,FR,forecast_solar_generation,Solar,2026-07-03T17:44:22Z
2026-07-03T17:43:44Z,2026-07-03T19:43:44+0200,58f0f667-5017-4e2f-a8f0-60c0494acd3e,2026-07-03T03:15:00Z,2026-07-03T05:15:00+0200,0.0,MW,FR,FR,forecast_solar_generation,Solar,2026-07-03T17:44:22Z
2026-07-03T17:43:44Z,2026-07-03T19:43:44+0200,58f0f667-5017-4e2f-a8f0-60c0494acd3e,2026-07-03T03:30:00Z,2026-07-03T05:30:00+0200,0.0,MW,FR,FR,forecast_solar_generation,Solar,2026-07-03T17:44:22Z
2026-07-03T17:43:44Z,2026-07-03T19:43:44+0200,58f0f667-5017-4e2f-a8f0-60c0494acd3e,2026-07-03T03:45:00Z,2026-07-03T05:45:00+0200,13.6573,MW,FR,FR,forecast_solar_generation,Solar,2026-07-03T17:44:22Z
2026-07-03T17:43:44Z,2026-07-03T19:43:44+0200,58f0f667-5017-4e2f-a8f0-60c0494acd3e,2026-07-03T04:00:00Z,2026-07-03T06:00:00+0200,56.17888,MW,FR,FR,forecast_solar_generation,Solar,2026-07-03T17:44:22Z
2026-07-03T17:43:44Z,2026-07-03T19:43:44+0200,58f0f667-5017-4e2f-a8f0-60c0494acd3e,2026-07-03T04:15:00Z,2026-07-03T06:15:00+0200,163.46664,MW,FR,FR,forecast_solar_generation,Solar,2026-07-03T17:44:22Z
2026-07-03T17:43:44Z,2026-07-03T19:43:44+0200,58f0f667-5017-4e2f-a8f0-60c0494acd3e,2026-07-03T04:30:00Z,2026-07-03T06:30:00+0200,277.4921,MW,FR,FR,forecast_solar_generation,Solar,2026-07-03T17:44:22Z
2026-07-03T17:43:44Z,2026-07-03T19:43:44+0200,58f0f667-5017-4e2f-a8f0-60c0494acd3e,2026-07-03T04:45:00Z,2026-07-03T06:45:00+0200,587.90167,MW,FR,FR,forecast_solar_generation,Solar,2026-07-03T17:44:22Z
2026-07-03T17:43:44Z,2026-07-03T19:43:44+0200,58f0f667-5017-4e2f-a8f0-60c0494acd3e,2026-07-03T05:00:00Z,2026-07-03T07:00:00+0200,985.37494,MW,FR,FR,forecast_solar_generation,Solar,2026-07-03T17:44:22Z
2026-07-03T17:43:44Z,2026-07-03T19:43:44+0200,58f0f667-5017-4e2f-a8f0-60c0494acd3e,2026-07-03T05:15:00Z,2026-07-03T07:15:00+0200,1498.78992,MW,FR,FR,forecast_solar_generation,Solar,2026-07-03T17:44:22Z
2026-07-03T17:43:44Z,2026-07-03T19:43:44+0200,58f0f667-5017-4e2f-a8f0-60c0494acd3e,2026-07-03T05:30:00Z,2026-07-03T07:30:00+0200,2047.96838,MW,FR,FR,forecast_solar_generation,Solar,2026-07-03T17:44:22Z
2026-07-03T17:43:44Z,2026-07-03T19:43:44+0200,58f0f667-5017-4e2f-a8f0-60c0494acd3e,2026-07-03T05:45:00Z,2026-07-03T07:45:00+0200,2861.78125,MW,FR,FR,forecast_solar_generation,Solar,2026-07-03T17:44:22Z
2026-07-03T17:43:44Z,2026-07-03T19:43:44+0200,58f0f667-5017-4e2f-a8f0-60c0494acd3e,2026-07-03T06:00:00Z,2026-07-03T08:00:00+0200,3667.02295,MW,FR,FR,forecast_solar_generation,Solar,2026-07-03T17:44:22Z
2026-07-03T17:43:44Z,2026-07-03T19:43:44+0200,58f0f667-5017-4e2f-a8f0-60c0494acd3e,2026-07-03T06:15:00Z,2026-07-03T08:15:00+0200,4684.89355,MW,FR,FR,forecast_solar_generation,Solar,2026-07-03T17:44:22Z
2026-07-03T17:43:44Z,2026-07-03T19:43:44+0200,58f0f667-5017-4e2f-a8f0-60c0494acd3e,2026-07-03T06:30:00Z,2026-07-03T08:30:00+0200,5645.20215,MW,FR,FR,forecast_solar_generation,Solar,2026-07-03T17:44:22Z
2026-07-03T17:43:44Z,2026-07-03T19:43:44+0200,58f0f667-5017-4e2f-a8f0-60c0494acd3e,2026-07-03T06:45:00Z,2026-07-03T08:45:00+0200,6767.82178,MW,FR,FR,forecast_solar_generation,Solar,2026-07-03T17:44:22Z
2026-07-03T17:43:44Z,2026-07-03T19:43:44+0200,58f0f667-5017-4e2f-a8f0-60c0494acd3e,2026-07-03T07:00:00Z,2026-07-03T09:00:00+0200,7842.7583,MW,FR,FR,forecast_solar_generation,Solar,2026-07-03T17:44:22Z
2026-07-03T17:43:44Z,2026-07-03T19:43:44+0200,58f0f667-5017-4e2f-a8f0-60c0494acd3e,2026-07-03T07:15:00Z,2026-07-03T09:15:00+0200,8980.63281,MW,FR,FR,forecast_solar_generation,Solar,2026-07-03T17:44:22Z
2026-07-03T17:43:44Z,2026-07-03T19:43:44+0200,58f0f667-5017-4e2f-a8f0-60c0494acd3e,2026-07-03T07:30:00Z,2026-07-03T09:30:00+0200,10034.15527,MW,FR,FR,forecast_solar_generation,Solar,2026-07-03T17:44:22Z
2026-07-03T17:43:44Z,2026-07-03T19:43:44+0200,58f0f667-5017-4e2f-a8f0-60c0494acd3e,2026-07-03T07:45:00Z,2026-07-03T09:45:00+0200,11057.50098,MW,FR,FR,forecast_solar_generation,Solar,2026-07-03T17:44:22Z
2026-07-03T17:43:44Z,2026-07-03T19:43:44+0200,58f0f667-5017-4e2f-a8f0-60c0494acd3e,2026-07-03T08:00:00Z,2026-07-03T10:00:00+0200,12029.85059,MW,FR,FR,forecast_solar_generation,Solar,2026-07-03T17:44:22Z
2026-07-03T17:43:44Z,2026-07-03T19:43:44+0200,58f0f667-5017-4e2f-a8f0-60c0494acd3e,2026-07-03T08:15:00Z,2026-07-03T10:15:00+0200,13086.69238,MW,FR,FR,forecast_solar_generation,Solar,2026-07-03T17:44:22Z
2026-07-03T17:43:44Z,2026-07-03T19:43:44+0200,58f0f667-5017-4e2f-a8f0-60c0494acd3e,2026-07-03T08:30:00Z,2026-07-03T10:30:00+0200,13991.72559,MW,FR,FR,forecast_solar_generation,Solar,2026-07-03T17:44:22Z
2026-07-03T17:43:44Z,2026-07-03T19:43:44+0200,58f0f667-5017-4e2f-a8f0-60c0494acd3e,2026-07-03T08:45:00Z,2026-07-03T10:45:00+0200,14694.30762,MW,FR,FR,forecast_solar_generation,Solar,2026-07-03T17:44:22Z
2026-07-03T17:43:44Z,2026-07-03T19:43:44+0200,58f0f667-5017-4e2f-a8f0-60c0494acd3e,2026-07-03T09:00:00Z,2026-07-03T11:00:00+0200,15407.53711,MW,FR,FR,forecast_solar_generation,Solar,2026-07-03T17:44:22Z
2026-07-03T17:43:44Z,2026-07-03T19:43:44+0200,58f0f667-5017-4e2f-a8f0-60c0494acd3e,2026-07-03T09:15:00Z,2026-07-03T11:15:00+0200,16097.37012,MW,FR,FR,forecast_solar_generation,Solar,2026-07-03T17:44:22Z
2026-07-03T17:43:44Z,2026-07-03T19:43:44+0200,58f0f667-5017-4e2f-a8f0-60c0494acd3e,2026-07-03T09:30:00Z,2026-07-03T11:30:00+0200,16729.44922,MW,FR,FR,forecast_solar_generation,Solar,2026-07-03T17:44:22Z
2026-07-03T17:43:44Z,2026-07-03T19:43:44+0200,58f0f667-5017-4e2f-a8f0-60c0494acd3e,2026-07-03T09:45:00Z,2026-07-03T11:45:00+0200,17314.2793,MW,FR,FR,forecast_solar_generation,Solar,2026-07-03T17:44:22Z
2026-07-03T17:43:44Z,2026-07-03T19:43:44+0200,58f0f667-5017-4e2f-a8f0-60c0494acd3e,2026-07-03T10:00:00Z,2026-07-03T12:00:00+0200,17891.18164,MW,FR,FR,forecast_solar_generation,Solar,2026-07-03T17:44:22Z
2026-07-03T17:43:44Z,2026-07-03T19:43:44+0200,58f0f667-5017-4e2f-a8f0-60c0494acd3e,2026-07-03T10:15:00Z,2026-07-03T12:15:00+0200,18357.45898,MW,FR,FR,forecast_solar_generation,Solar,2026-07-03T17:44:22Z
2026-07-03T17:43:44Z,2026-07-03T19:43:44+0200,58f0f667-5017-4e2f-a8f0-60c0494acd3e,2026-07-03T10:30:00Z,2026-07-03T12:30:00+0200,18850.28906,MW,FR,FR,forecast_solar_generation,Solar,2026-07-03T17:44:22Z
2026-07-03T17:43:44Z,2026-07-03T19:43:44+0200,58f0f667-5017-4e2f-a8f0-60c0494acd3e,2026-07-03T10:45:00Z,2026-07-03T12:45:00+0200,19256.08789,MW,FR,FR,forecast_solar_generation,Solar,2026-07-03T17:44:22Z
2026-07-03T17:43:44Z,2026-07-03T19:43:44+0200,58f0f667-5017-4e2f-a8f0-60c0494acd3e,2026-07-03T11:00:00Z,2026-07-03T13:00:00+0200,19651.44141,MW,FR,FR,forecast_solar_generation,Solar,2026-07-03T17:44:22Z
2026-07-03T17:43:44Z,2026-07-03T19:43:44+0200,58f0f667-5017-4e2f-a8f0-60c0494acd3e,2026-07-03T11:15:00Z,2026-07-03T13:15:00+0200,19945.66602,MW,FR,FR,forecast_solar_generation,Solar,2026-07-03T17:44:22Z
2026-07-03T17:43:44Z,2026-07-03T19:43:44+0200,58f0f667-5017-4e2f-a8f0-60c0494acd3e,2026-07-03T11:30:00Z,2026-07-03T13:30:00+0200,20162.76758,MW,FR,FR,forecast_solar_generation,Solar,2026-07-03T17:44:22Z
2026-07-03T17:43:44Z,2026-07-03T19:43:44+0200,58f0f667-5017-4e2f-a8f0-60c0494acd3e,2026-07-03T11:45:00Z,2026-07-03T13:45:00+0200,20233.80859,MW,FR,FR,forecast_solar_generation,Solar,2026-07-03T17:44:22Z
2026-07-03T17:43:44Z,2026-07-03T19:43:44+0200,58f0f667-5017-4e2f-a8f0-60c0494acd3e,2026-07-03T12:00:00Z,2026-07-03T14:00:00+0200,20304.7793,MW,FR,FR,forecast_solar_generation,Solar,2026-07-03T17:44:22Z
2026-07-03T17:43:44Z,2026-07-03T19:43:44+0200,58f0f667-5017-4e2f-a8f0-60c0494acd3e,2026-07-03T12:15:00Z,2026-07-03T14:15:00+0200,20324.75195,MW,FR,FR,forecast_solar_generation,Solar,2026-07-03T17:44:22Z
2026-07-03T17:43:44Z,2026-07-03T19:43:44+0200,58f0f667-5017-4e2f-a8f0-60c0494acd3e,2026-07-03T12:30:00Z,2026-07-03T14:30:00+0200,20347.32031,MW,FR,FR,forecast_solar_generation,Solar,2026-07-03T17:44:22Z
2026-07-03T17:43:44Z,2026-07-03T19:43:44+0200,58f0f667-5017-4e2f-a8f0-60c0494acd3e,2026-07-03T12:45:00Z,2026-07-03T14:45:00+0200,20307.19922,MW,FR,FR,forecast_solar_generation,Solar,2026-07-03T17:44:22Z
2026-07-03T17:43:44Z,2026-07-03T19:43:44+0200,58f0f667-5017-4e2f-a8f0-60c0494acd3e,2026-07-03T13:00:00Z,2026-07-03T15:00:00+0200,20225.55469,MW,FR,FR,forecast_solar_generation,Solar,2026-07-03T17:44:22Z
2026-07-03T17:43:44Z,2026-07-03T19:43:44+0200,58f0f667-5017-4e2f-a8f0-60c0494acd3e,2026-07-03T13:15:00Z,2026-07-03T15:15:00+0200,20042.15625,MW,FR,FR,forecast_solar_generation,Solar,2026-07-03T17:44:22Z
2026-07-03T17:43:44Z,2026-07-03T19:43:44+0200,58f0f667-5017-4e2f-a8f0-60c0494acd3e,2026-07-03T13:30:00Z,2026-07-03T15:30:00+0200,19732.44922,MW,FR,FR,forecast_solar_generation,Solar,2026-07-03T17:44:22Z
2026-07-03T17:43:44Z,2026-07-03T19:43:44+0200,58f0f667-5017-4e2f-a8f0-60c0494acd3e,2026-07-03T13:45:00Z,2026-07-03T15:45:00+0200,19310.04688,MW,FR,FR,forecast_solar_generation,Solar,2026-07-03T17:44:22Z
2026-07-03T17:43:44Z,2026-07-03T19:43:44+0200,58f0f667-5017-4e2f-a8f0-60c0494acd3e,2026-07-03T14:00:00Z,2026-07-03T16:00:00+0200,18869.7207,MW,FR,FR,forecast_solar_generation,Solar,2026-07-03T17:44:22Z
2026-07-03T17:43:44Z,2026-07-03T19:43:44+0200,58f0f667-5017-4e2f-a8f0-60c0494acd3e,2026-07-03T14:15:00Z,2026-07-03T16:15:00+0200,18416.77539,MW,FR,FR,forecast_solar_generation,Solar,2026-07-03T17:44:22Z
2026-07-03T17:43:44Z,2026-07-03T19:43:44+0200,58f0f667-5017-4e2f-a8f0-60c0494acd3e,2026-07-03T14:30:00Z,2026-07-03T16:30:00+0200,17835.35742,MW,FR,FR,forecast_solar_generation,Solar,2026-07-03T17:44:22Z
2026-07-03T17:43:44Z,2026-07-03T19:43:44+0200,58f0f667-5017-4e2f-a8f0-60c0494acd3e,2026-07-03T14:45:00Z,2026-07-03T16:45:00+0200,17146.90039,MW,FR,FR,forecast_solar_generation,Solar,2026-07-03T17:44:22Z
2026-07-03T17:43:44Z,2026-07-03T19:43:44+0200,58f0f667-5017-4e2f-a8f0-60c0494acd3e,2026-07-03T15:00:00Z,2026-07-03T17:00:00+0200,16446.15039,MW,FR,FR,forecast_solar_generation,Solar,2026-07-03T17:44:22Z
2026-07-03T17:43:44Z,2026-07-03T19:43:44+0200,58f0f667-5017-4e2f-a8f0-60c0494acd3e,2026-07-03T15:15:00Z,2026-07-03T17:15:00+0200,15642.39355,MW,FR,FR,forecast_solar_generation,Solar,2026-07-03T17:44:22Z
2026-07-03T17:43:44Z,2026-07-03T19:43:44+0200,58f0f667-5017-4e2f-a8f0-60c0494acd3e,2026-07-03T15:30:00Z,2026-07-03T17:30:00+0200,14845.55176,MW,FR,FR,forecast_solar_generation,Solar,2026-07-03T17:44:22Z
2026-07-03T17:43:44Z,2026-07-03T19:43:44+0200,58f0f667-5017-4e2f-a8f0-60c0494acd3e,2026-07-03T15:45:00Z,2026-07-03T17:45:00+0200,13970.82031,MW,FR,FR,forecast_solar_generation,Solar,2026-07-03T17:44:22Z
2026-07-03T17:43:44Z,2026-07-03T19:43:44+0200,58f0f667-5017-4e2f-a8f0-60c0494acd3e,2026-07-03T16:00:00Z,2026-07-03T18:00:00+0200,13039.58105,MW,FR,FR,forecast_solar_generation,Solar,2026-07-03T17:44:22Z
2026-07-03T17:43:44Z,2026-07-03T19:43:44+0200,58f0f667-5017-4e2f-a8f0-60c0494acd3e,2026-07-03T16:15:00Z,2026-07-03T18:15:00+0200,12000.61523,MW,FR,FR,forecast_solar_generation,Solar,2026-07-03T17:44:22Z
2026-07-03T17:43:44Z,2026-07-03T19:43:44+0200,58f0f667-5017-4e2f-a8f0-60c0494acd3e,2026-07-03T16:30:00Z,2026-07-03T18:30:00+0200,10959.50684,MW,FR,FR,forecast_solar_generation,Solar,2026-07-03T17:44:22Z
2026-07-03T17:43:44Z,2026-07-03T19:43:44+0200,58f0f667-5017-4e2f-a8f0-60c0494acd3e,2026-07-03T16:45:00Z,2026-07-03T18:45:00+0200,9879.03125,MW,FR,FR,forecast_solar_generation,Solar,2026-07-03T17:44:22Z
2026-07-03T17:43:44Z,2026-07-03T19:43:44+0200,58f0f667-5017-4e2f-a8f0-60c0494acd3e,2026-07-03T17:00:00Z,2026-07-03T19:00:00+0200,8669.14453,MW,FR,FR,forecast_solar_generation,Solar,2026-07-03T17:44:22Z
2026-07-03T17:43:44Z,2026-07-03T19:43:44+0200,58f0f667-5017-4e2f-a8f0-60c0494acd3e,2026-07-03T17:15:00Z,2026-07-03T19:15:00+0200,7517.4043,MW,FR,FR,forecast_solar_generation,Solar,2026-07-03T17:44:22Z
2026-07-03T17:43:44Z,2026-07-03T19:43:44+0200,58f0f667-5017-4e2f-a8f0-60c0494acd3e,2026-07-03T17:30:00Z,2026-07-03T19:30:00+0200,6264.62061,MW,FR,FR,forecast_solar_generation,Solar,2026-07-03T17:44:22Z
2026-07-03T17:43:44Z,2026-07-03T19:43:44+0200,58f0f667-5017-4e2f-a8f0-60c0494acd3e,2026-07-03T17:45:00Z,2026-07-03T19:45:00+0200,5206.75439,MW,FR,FR,forecast_solar_generation,Solar,2026-07-03T17:44:22Z
