collection_time_utc,collection_time_local,run_id,timestamp_utc,timestamp_local,value,unit,country,entsoe_area,variable,source,updated_at_utc
2026-09-22T07:58:25Z,2026-09-22T09:58:25+0200,34db2902-3fa2-47f0-b130-91fd3aa797b3,2026-09-15T08:00:00Z,2026-09-15T10:00:00+0200,20497.0,MW,ES,ES,forecast_solar_generation,Solar,2026-09-22T07:59:36Z
2026-09-22T07:58:25Z,2026-09-22T09:58:25+0200,34db2902-3fa2-47f0-b130-91fd3aa797b3,2026-09-15T08:15:00Z,2026-09-15T10:15:00+0200,21798.0,MW,ES,ES,forecast_solar_generation,Solar,2026-09-22T07:59:36Z
2026-09-22T07:58:25Z,2026-09-22T09:58:25+0200,34db2902-3fa2-47f0-b130-91fd3aa797b3,2026-09-15T08:30:00Z,2026-09-15T10:30:00+0200,22687.0,MW,ES,ES,forecast_solar_generation,Solar,2026-09-22T07:59:36Z
2026-09-22T07:58:25Z,2026-09-22T09:58:25+0200,34db2902-3fa2-47f0-b130-91fd3aa797b3,2026-09-15T08:45:00Z,2026-09-15T10:45:00+0200,23319.0,MW,ES,ES,forecast_solar_generation,Solar,2026-09-22T07:59:36Z
2026-09-22T07:58:25Z,2026-09-22T09:58:25+0200,34db2902-3fa2-47f0-b130-91fd3aa797b3,2026-09-15T09:00:00Z,2026-09-15T11:00:00+0200,24660.0,MW,ES,ES,forecast_solar_generation,Solar,2026-09-22T07:59:36Z
2026-09-22T07:58:25Z,2026-09-22T09:58:25+0200,34db2902-3fa2-47f0-b130-91fd3aa797b3,2026-09-15T09:15:00Z,2026-09-15T11:15:00+0200,25426.0,MW,ES,ES,forecast_solar_generation,Solar,2026-09-22T07:59:36Z
2026-09-22T07:58:25Z,2026-09-22T09:58:25+0200,34db2902-3fa2-47f0-b130-91fd3aa797b3,2026-09-15T09:30:00Z,2026-09-15T11:30:00+0200,25766.0,MW,ES,ES,forecast_solar_generation,Solar,2026-09-22T07:59:36Z
2026-09-22T07:58:25Z,2026-09-22T09:58:25+0200,34db2902-3fa2-47f0-b130-91fd3aa797b3,2026-09-15T09:45:00Z,2026-09-15T11:45:00+0200,25810.0,MW,ES,ES,forecast_solar_generation,Solar,2026-09-22T07:59:36Z
2026-09-22T07:58:25Z,2026-09-22T09:58:25+0200,34db2902-3fa2-47f0-b130-91fd3aa797b3,2026-09-15T10:00:00Z,2026-09-15T12:00:00+0200,26174.0,MW,ES,ES,forecast_solar_generation,Solar,2026-09-22T07:59:36Z
2026-09-22T07:58:25Z,2026-09-22T09:58:25+0200,34db2902-3fa2-47f0-b130-91fd3aa797b3,2026-09-15T10:15:00Z,2026-09-15T12:15:00+0200,26260.0,MW,ES,ES,forecast_solar_generation,Solar,2026-09-22T07:59:36Z
2026-09-22T07:58:25Z,2026-09-22T09:58:25+0200,34db2902-3fa2-47f0-b130-91fd3aa797b3,2026-09-15T10:30:00Z,2026-09-15T12:30:00+0200,26290.0,MW,ES,ES,forecast_solar_generation,Solar,2026-09-22T07:59:36Z
2026-09-22T07:58:25Z,2026-09-22T09:58:25+0200,34db2902-3fa2-47f0-b130-91fd3aa797b3,2026-09-15T10:45:00Z,2026-09-15T12:45:00+0200,26295.0,MW,ES,ES,forecast_solar_generation,Solar,2026-09-22T07:59:36Z
2026-09-22T07:58:25Z,2026-09-22T09:58:25+0200,34db2902-3fa2-47f0-b130-91fd3aa797b3,2026-09-15T11:00:00Z,2026-09-15T13:00:00+0200,26810.0,MW,ES,ES,forecast_solar_generation,Solar,2026-09-22T07:59:36Z
2026-09-22T07:58:25Z,2026-09-22T09:58:25+0200,34db2902-3fa2-47f0-b130-91fd3aa797b3,2026-09-15T11:15:00Z,2026-09-15T13:15:00+0200,27094.0,MW,ES,ES,forecast_solar_generation,Solar,2026-09-22T07:59:36Z
2026-09-22T07:58:25Z,2026-09-22T09:58:25+0200,34db2902-3fa2-47f0-b130-91fd3aa797b3,2026-09-15T11:30:00Z,2026-09-15T13:30:00+0200,27106.0,MW,ES,ES,forecast_solar_generation,Solar,2026-09-22T07:59:36Z
2026-09-22T07:58:25Z,2026-09-22T09:58:25+0200,34db2902-3fa2-47f0-b130-91fd3aa797b3,2026-09-15T11:45:00Z,2026-09-15T13:45:00+0200,26787.0,MW,ES,ES,forecast_solar_generation,Solar,2026-09-22T07:59:36Z
2026-09-22T07:58:25Z,2026-09-22T09:58:25+0200,34db2902-3fa2-47f0-b130-91fd3aa797b3,2026-09-15T12:00:00Z,2026-09-15T14:00:00+0200,26168.0,MW,ES,ES,forecast_solar_generation,Solar,2026-09-22T07:59:36Z
2026-09-22T07:58:25Z,2026-09-22T09:58:25+0200,34db2902-3fa2-47f0-b130-91fd3aa797b3,2026-09-15T12:15:00Z,2026-09-15T14:15:00+0200,25844.0,MW,ES,ES,forecast_solar_generation,Solar,2026-09-22T07:59:36Z
2026-09-22T07:58:25Z,2026-09-22T09:58:25+0200,34db2902-3fa2-47f0-b130-91fd3aa797b3,2026-09-15T12:30:00Z,2026-09-15T14:30:00+0200,25714.0,MW,ES,ES,forecast_solar_generation,Solar,2026-09-22T07:59:36Z
2026-09-22T07:58:25Z,2026-09-22T09:58:25+0200,34db2902-3fa2-47f0-b130-91fd3aa797b3,2026-09-15T12:45:00Z,2026-09-15T14:45:00+0200,25105.0,MW,ES,ES,forecast_solar_generation,Solar,2026-09-22T07:59:36Z
2026-09-22T07:58:25Z,2026-09-22T09:58:25+0200,34db2902-3fa2-47f0-b130-91fd3aa797b3,2026-09-15T13:00:00Z,2026-09-15T15:00:00+0200,24608.0,MW,ES,ES,forecast_solar_generation,Solar,2026-09-22T07:59:36Z
2026-09-22T07:58:25Z,2026-09-22T09:58:25+0200,34db2902-3fa2-47f0-b130-91fd3aa797b3,2026-09-15T13:15:00Z,2026-09-15T15:15:00+0200,24398.0,MW,ES,ES,forecast_solar_generation,Solar,2026-09-22T07:59:36Z
2026-09-22T07:58:25Z,2026-09-22T09:58:25+0200,34db2902-3fa2-47f0-b130-91fd3aa797b3,2026-09-15T13:30:00Z,2026-09-15T15:30:00+0200,24195.0,MW,ES,ES,forecast_solar_generation,Solar,2026-09-22T07:59:36Z
2026-09-22T07:58:25Z,2026-09-22T09:58:25+0200,34db2902-3fa2-47f0-b130-91fd3aa797b3,2026-09-15T13:45:00Z,2026-09-15T15:45:00+0200,23996.0,MW,ES,ES,forecast_solar_generation,Solar,2026-09-22T07:59:36Z
2026-09-22T07:58:25Z,2026-09-22T09:58:25+0200,34db2902-3fa2-47f0-b130-91fd3aa797b3,2026-09-15T14:00:00Z,2026-09-15T16:00:00+0200,23805.0,MW,ES,ES,forecast_solar_generation,Solar,2026-09-22T07:59:36Z
2026-09-22T07:58:25Z,2026-09-22T09:58:25+0200,34db2902-3fa2-47f0-b130-91fd3aa797b3,2026-09-15T14:15:00Z,2026-09-15T16:15:00+0200,23563.0,MW,ES,ES,forecast_solar_generation,Solar,2026-09-22T07:59:36Z
2026-09-22T07:58:25Z,2026-09-22T09:58:25+0200,34db2902-3fa2-47f0-b130-91fd3aa797b3,2026-09-15T14:30:00Z,2026-09-15T16:30:00+0200,23239.0,MW,ES,ES,forecast_solar_generation,Solar,2026-09-22T07:59:36Z
2026-09-22T07:58:25Z,2026-09-22T09:58:25+0200,34db2902-3fa2-47f0-b130-91fd3aa797b3,2026-09-15T14:45:00Z,2026-09-15T16:45:00+0200,22917.0,MW,ES,ES,forecast_solar_generation,Solar,2026-09-22T07:59:36Z
2026-09-22T07:58:25Z,2026-09-22T09:58:25+0200,34db2902-3fa2-47f0-b130-91fd3aa797b3,2026-09-15T15:00:00Z,2026-09-15T17:00:00+0200,22990.0,MW,ES,ES,forecast_solar_generation,Solar,2026-09-22T07:59:36Z
2026-09-22T07:58:25Z,2026-09-22T09:58:25+0200,34db2902-3fa2-47f0-b130-91fd3aa797b3,2026-09-15T15:15:00Z,2026-09-15T17:15:00+0200,22519.0,MW,ES,ES,forecast_solar_generation,Solar,2026-09-22T07:59:36Z
2026-09-22T07:58:25Z,2026-09-22T09:58:25+0200,34db2902-3fa2-47f0-b130-91fd3aa797b3,2026-09-15T15:30:00Z,2026-09-15T17:30:00+0200,21863.0,MW,ES,ES,forecast_solar_generation,Solar,2026-09-22T07:59:36Z
2026-09-22T07:58:25Z,2026-09-22T09:58:25+0200,34db2902-3fa2-47f0-b130-91fd3aa797b3,2026-09-15T15:45:00Z,2026-09-15T17:45:00+0200,21017.0,MW,ES,ES,forecast_solar_generation,Solar,2026-09-22T07:59:36Z
2026-09-22T07:58:25Z,2026-09-22T09:58:25+0200,34db2902-3fa2-47f0-b130-91fd3aa797b3,2026-09-15T16:00:00Z,2026-09-15T18:00:00+0200,21242.0,MW,ES,ES,forecast_solar_generation,Solar,2026-09-22T07:59:36Z
2026-09-22T07:58:25Z,2026-09-22T09:58:25+0200,34db2902-3fa2-47f0-b130-91fd3aa797b3,2026-09-15T16:15:00Z,2026-09-15T18:15:00+0200,19909.0,MW,ES,ES,forecast_solar_generation,Solar,2026-09-22T07:59:36Z
2026-09-22T07:58:25Z,2026-09-22T09:58:25+0200,34db2902-3fa2-47f0-b130-91fd3aa797b3,2026-09-15T16:30:00Z,2026-09-15T18:30:00+0200,17887.0,MW,ES,ES,forecast_solar_generation,Solar,2026-09-22T07:59:36Z
2026-09-22T07:58:25Z,2026-09-22T09:58:25+0200,34db2902-3fa2-47f0-b130-91fd3aa797b3,2026-09-15T16:45:00Z,2026-09-15T18:45:00+0200,15129.0,MW,ES,ES,forecast_solar_generation,Solar,2026-09-22T07:59:36Z
2026-09-22T07:58:25Z,2026-09-22T09:58:25+0200,34db2902-3fa2-47f0-b130-91fd3aa797b3,2026-09-15T17:00:00Z,2026-09-15T19:00:00+0200,12892.0,MW,ES,ES,forecast_solar_generation,Solar,2026-09-22T07:59:36Z
2026-09-22T07:58:25Z,2026-09-22T09:58:25+0200,34db2902-3fa2-47f0-b130-91fd3aa797b3,2026-09-15T17:15:00Z,2026-09-15T19:15:00+0200,9970.0,MW,ES,ES,forecast_solar_generation,Solar,2026-09-22T07:59:36Z
2026-09-22T07:58:25Z,2026-09-22T09:58:25+0200,34db2902-3fa2-47f0-b130-91fd3aa797b3,2026-09-15T17:30:00Z,2026-09-15T19:30:00+0200,7236.0,MW,ES,ES,forecast_solar_generation,Solar,2026-09-22T07:59:36Z
2026-09-22T07:58:25Z,2026-09-22T09:58:25+0200,34db2902-3fa2-47f0-b130-91fd3aa797b3,2026-09-15T17:45:00Z,2026-09-15T19:45:00+0200,4836.0,MW,ES,ES,forecast_solar_generation,Solar,2026-09-22T07:59:36Z
2026-09-22T07:58:25Z,2026-09-22T09:58:25+0200,34db2902-3fa2-47f0-b130-91fd3aa797b3,2026-09-15T18:00:00Z,2026-09-15T20:00:00+0200,2926.0,MW,ES,ES,forecast_solar_generation,Solar,2026-09-22T07:59:36Z
2026-09-22T07:58:25Z,2026-09-22T09:58:25+0200,34db2902-3fa2-47f0-b130-91fd3aa797b3,2026-09-15T18:15:00Z,2026-09-15T20:15:00+0200,1629.0,MW,ES,ES,forecast_solar_generation,Solar,2026-09-22T07:59:36Z
2026-09-22T07:58:25Z,2026-09-22T09:58:25+0200,34db2902-3fa2-47f0-b130-91fd3aa797b3,2026-09-15T18:30:00Z,2026-09-15T20:30:00+0200,896.0,MW,ES,ES,forecast_solar_generation,Solar,2026-09-22T07:59:36Z
2026-09-22T07:58:25Z,2026-09-22T09:58:25+0200,34db2902-3fa2-47f0-b130-91fd3aa797b3,2026-09-15T18:45:00Z,2026-09-15T20:45:00+0200,720.0,MW,ES,ES,forecast_solar_generation,Solar,2026-09-22T07:59:36Z
2026-09-22T07:58:25Z,2026-09-22T09:58:25+0200,34db2902-3fa2-47f0-b130-91fd3aa797b3,2026-09-15T19:00:00Z,2026-09-15T21:00:00+0200,657.0,MW,ES,ES,forecast_solar_generation,Solar,2026-09-22T07:59:36Z
2026-09-22T07:58:25Z,2026-09-22T09:58:25+0200,34db2902-3fa2-47f0-b130-91fd3aa797b3,2026-09-15T19:15:00Z,2026-09-15T21:15:00+0200,628.0,MW,ES,ES,forecast_solar_generation,Solar,2026-09-22T07:59:36Z
2026-09-22T07:58:25Z,2026-09-22T09:58:25+0200,34db2902-3fa2-47f0-b130-91fd3aa797b3,2026-09-15T19:30:00Z,2026-09-15T21:30:00+0200,608.0,MW,ES,ES,forecast_solar_generation,Solar,2026-09-22T07:59:36Z
2026-09-22T07:58:25Z,2026-09-22T09:58:25+0200,34db2902-3fa2-47f0-b130-91fd3aa797b3,2026-09-15T19:45:00Z,2026-09-15T21:45:00+0200,595.0,MW,ES,ES,forecast_solar_generation,Solar,2026-09-22T07:59:36Z
2026-09-22T07:58:25Z,2026-09-22T09:58:25+0200,34db2902-3fa2-47f0-b130-91fd3aa797b3,2026-09-15T20:00:00Z,2026-09-15T22:00:00+0200,582.0,MW,ES,ES,forecast_solar_generation,Solar,2026-09-22T07:59:36Z
2026-09-22T07:58:25Z,2026-09-22T09:58:25+0200,34db2902-3fa2-47f0-b130-91fd3aa797b3,2026-09-15T20:15:00Z,2026-09-15T22:15:00+0200,577.0,MW,ES,ES,forecast_solar_generation,Solar,2026-09-22T07:59:36Z
2026-09-22T07:58:25Z,2026-09-22T09:58:25+0200,34db2902-3fa2-47f0-b130-91fd3aa797b3,2026-09-15T20:30:00Z,2026-09-15T22:30:00+0200,574.0,MW,ES,ES,forecast_solar_generation,Solar,2026-09-22T07:59:36Z
2026-09-22T07:58:25Z,2026-09-22T09:58:25+0200,34db2902-3fa2-47f0-b130-91fd3aa797b3,2026-09-15T20:45:00Z,2026-09-15T22:45:00+0200,571.0,MW,ES,ES,forecast_solar_generation,Solar,2026-09-22T07:59:36Z
2026-09-22T07:58:25Z,2026-09-22T09:58:25+0200,34db2902-3fa2-47f0-b130-91fd3aa797b3,2026-09-15T21:00:00Z,2026-09-15T23:00:00+0200,572.0,MW,ES,ES,forecast_solar_generation,Solar,2026-09-22T07:59:36Z
2026-09-22T07:58:25Z,2026-09-22T09:58:25+0200,34db2902-3fa2-47f0-b130-91fd3aa797b3,2026-09-15T21:15:00Z,2026-09-15T23:15:00+0200,568.0,MW,ES,ES,forecast_solar_generation,Solar,2026-09-22T07:59:36Z
2026-09-22T07:58:25Z,2026-09-22T09:58:25+0200,34db2902-3fa2-47f0-b130-91fd3aa797b3,2026-09-15T21:30:00Z,2026-09-15T23:30:00+0200,562.0,MW,ES,ES,forecast_solar_generation,Solar,2026-09-22T07:59:36Z
2026-09-22T07:58:25Z,2026-09-22T09:58:25+0200,34db2902-3fa2-47f0-b130-91fd3aa797b3,2026-09-15T21:45:00Z,2026-09-15T23:45:00+0200,554.0,MW,ES,ES,forecast_solar_generation,Solar,2026-09-22T07:59:36Z
2026-09-22T07:58:25Z,2026-09-22T09:58:25+0200,34db2902-3fa2-47f0-b130-91fd3aa797b3,2026-09-15T22:00:00Z,2026-09-16T00:00:00+0200,540.0,MW,ES,ES,forecast_solar_generation,Solar,2026-09-22T07:59:36Z
2026-09-22T07:58:25Z,2026-09-22T09:58:25+0200,34db2902-3fa2-47f0-b130-91fd3aa797b3,2026-09-15T22:15:00Z,2026-09-16T00:15:00+0200,527.0,MW,ES,ES,forecast_solar_generation,Solar,2026-09-22T07:59:36Z
2026-09-22T07:58:25Z,2026-09-22T09:58:25+0200,34db2902-3fa2-47f0-b130-91fd3aa797b3,2026-09-15T22:30:00Z,2026-09-16T00:30:00+0200,516.0,MW,ES,ES,forecast_solar_generation,Solar,2026-09-22T07:59:36Z
2026-09-22T07:58:25Z,2026-09-22T09:58:25+0200,34db2902-3fa2-47f0-b130-91fd3aa797b3,2026-09-15T22:45:00Z,2026-09-16T00:45:00+0200,507.0,MW,ES,ES,forecast_solar_generation,Solar,2026-09-22T07:59:36Z
2026-09-22T07:58:25Z,2026-09-22T09:58:25+0200,34db2902-3fa2-47f0-b130-91fd3aa797b3,2026-09-15T23:00:00Z,2026-09-16T01:00:00+0200,496.0,MW,ES,ES,forecast_solar_generation,Solar,2026-09-22T07:59:36Z
2026-09-22T07:58:25Z,2026-09-22T09:58:25+0200,34db2902-3fa2-47f0-b130-91fd3aa797b3,2026-09-15T23:15:00Z,2026-09-16T01:15:00+0200,493.0,MW,ES,ES,forecast_solar_generation,Solar,2026-09-22T07:59:36Z
2026-09-22T07:58:25Z,2026-09-22T09:58:25+0200,34db2902-3fa2-47f0-b130-91fd3aa797b3,2026-09-15T23:30:00Z,2026-09-16T01:30:00+0200,493.0,MW,ES,ES,forecast_solar_generation,Solar,2026-09-22T07:59:36Z
2026-09-22T07:58:25Z,2026-09-22T09:58:25+0200,34db2902-3fa2-47f0-b130-91fd3aa797b3,2026-09-15T23:45:00Z,2026-09-16T01:45:00+0200,494.0,MW,ES,ES,forecast_solar_generation,Solar,2026-09-22T07:59:36Z
2026-09-22T07:58:25Z,2026-09-22T09:58:25+0200,34db2902-3fa2-47f0-b130-91fd3aa797b3,2026-09-16T00:00:00Z,2026-09-16T02:00:00+0200,502.0,MW,ES,ES,forecast_solar_generation,Solar,2026-09-22T07:59:36Z
2026-09-22T07:58:25Z,2026-09-22T09:58:25+0200,34db2902-3fa2-47f0-b130-91fd3aa797b3,2026-09-16T00:15:00Z,2026-09-16T02:15:00+0200,498.0,MW,ES,ES,forecast_solar_generation,Solar,2026-09-22T07:59:36Z
2026-09-22T07:58:25Z,2026-09-22T09:58:25+0200,34db2902-3fa2-47f0-b130-91fd3aa797b3,2026-09-16T00:30:00Z,2026-09-16T02:30:00+0200,489.0,MW,ES,ES,forecast_solar_generation,Solar,2026-09-22T07:59:36Z
2026-09-22T07:58:25Z,2026-09-22T09:58:25+0200,34db2902-3fa2-47f0-b130-91fd3aa797b3,2026-09-16T00:45:00Z,2026-09-16T02:45:00+0200,475.0,MW,ES,ES,forecast_solar_generation,Solar,2026-09-22T07:59:36Z
2026-09-22T07:58:25Z,2026-09-22T09:58:25+0200,34db2902-3fa2-47f0-b130-91fd3aa797b3,2026-09-16T01:00:00Z,2026-09-16T03:00:00+0200,462.0,MW,ES,ES,forecast_solar_generation,Solar,2026-09-22T07:59:36Z
2026-09-22T07:58:25Z,2026-09-22T09:58:25+0200,34db2902-3fa2-47f0-b130-91fd3aa797b3,2026-09-16T01:15:00Z,2026-09-16T03:15:00+0200,444.0,MW,ES,ES,forecast_solar_generation,Solar,2026-09-22T07:59:36Z
2026-09-22T07:58:25Z,2026-09-22T09:58:25+0200,34db2902-3fa2-47f0-b130-91fd3aa797b3,2026-09-16T01:30:00Z,2026-09-16T03:30:00+0200,426.0,MW,ES,ES,forecast_solar_generation,Solar,2026-09-22T07:59:36Z
2026-09-22T07:58:25Z,2026-09-22T09:58:25+0200,34db2902-3fa2-47f0-b130-91fd3aa797b3,2026-09-16T01:45:00Z,2026-09-16T03:45:00+0200,406.0,MW,ES,ES,forecast_solar_generation,Solar,2026-09-22T07:59:36Z
2026-09-22T07:58:25Z,2026-09-22T09:58:25+0200,34db2902-3fa2-47f0-b130-91fd3aa797b3,2026-09-16T02:00:00Z,2026-09-16T04:00:00+0200,395.0,MW,ES,ES,forecast_solar_generation,Solar,2026-09-22T07:59:36Z
2026-09-22T07:58:25Z,2026-09-22T09:58:25+0200,34db2902-3fa2-47f0-b130-91fd3aa797b3,2026-09-16T02:15:00Z,2026-09-16T04:15:00+0200,368.0,MW,ES,ES,forecast_solar_generation,Solar,2026-09-22T07:59:36Z
2026-09-22T07:58:25Z,2026-09-22T09:58:25+0200,34db2902-3fa2-47f0-b130-91fd3aa797b3,2026-09-16T02:30:00Z,2026-09-16T04:30:00+0200,335.0,MW,ES,ES,forecast_solar_generation,Solar,2026-09-22T07:59:36Z
2026-09-22T07:58:25Z,2026-09-22T09:58:25+0200,34db2902-3fa2-47f0-b130-91fd3aa797b3,2026-09-16T02:45:00Z,2026-09-16T04:45:00+0200,299.0,MW,ES,ES,forecast_solar_generation,Solar,2026-09-22T07:59:36Z
2026-09-22T07:58:25Z,2026-09-22T09:58:25+0200,34db2902-3fa2-47f0-b130-91fd3aa797b3,2026-09-16T03:00:00Z,2026-09-16T05:00:00+0200,266.0,MW,ES,ES,forecast_solar_generation,Solar,2026-09-22T07:59:36Z
2026-09-22T07:58:25Z,2026-09-22T09:58:25+0200,34db2902-3fa2-47f0-b130-91fd3aa797b3,2026-09-16T03:15:00Z,2026-09-16T05:15:00+0200,229.0,MW,ES,ES,forecast_solar_generation,Solar,2026-09-22T07:59:36Z
2026-09-22T07:58:25Z,2026-09-22T09:58:25+0200,34db2902-3fa2-47f0-b130-91fd3aa797b3,2026-09-16T03:30:00Z,2026-09-16T05:30:00+0200,196.0,MW,ES,ES,forecast_solar_generation,Solar,2026-09-22T07:59:36Z
2026-09-22T07:58:25Z,2026-09-22T09:58:25+0200,34db2902-3fa2-47f0-b130-91fd3aa797b3,2026-09-16T03:45:00Z,2026-09-16T05:45:00+0200,167.0,MW,ES,ES,forecast_solar_generation,Solar,2026-09-22T07:59:36Z
2026-09-22T07:58:25Z,2026-09-22T09:58:25+0200,34db2902-3fa2-47f0-b130-91fd3aa797b3,2026-09-16T04:00:00Z,2026-09-16T06:00:00+0200,138.0,MW,ES,ES,forecast_solar_generation,Solar,2026-09-22T07:59:36Z
2026-09-22T07:58:25Z,2026-09-22T09:58:25+0200,34db2902-3fa2-47f0-b130-91fd3aa797b3,2026-09-16T04:15:00Z,2026-09-16T06:15:00+0200,120.0,MW,ES,ES,forecast_solar_generation,Solar,2026-09-22T07:59:36Z
2026-09-22T07:58:25Z,2026-09-22T09:58:25+0200,34db2902-3fa2-47f0-b130-91fd3aa797b3,2026-09-16T04:30:00Z,2026-09-16T06:30:00+0200,106.0,MW,ES,ES,forecast_solar_generation,Solar,2026-09-22T07:59:36Z
2026-09-22T07:58:25Z,2026-09-22T09:58:25+0200,34db2902-3fa2-47f0-b130-91fd3aa797b3,2026-09-16T04:45:00Z,2026-09-16T06:45:00+0200,98.0,MW,ES,ES,forecast_solar_generation,Solar,2026-09-22T07:59:36Z
2026-09-22T07:58:25Z,2026-09-22T09:58:25+0200,34db2902-3fa2-47f0-b130-91fd3aa797b3,2026-09-16T05:00:00Z,2026-09-16T07:00:00+0200,88.0,MW,ES,ES,forecast_solar_generation,Solar,2026-09-22T07:59:36Z
2026-09-22T07:58:25Z,2026-09-22T09:58:25+0200,34db2902-3fa2-47f0-b130-91fd3aa797b3,2026-09-16T05:15:00Z,2026-09-16T07:15:00+0200,91.0,MW,ES,ES,forecast_solar_generation,Solar,2026-09-22T07:59:36Z
2026-09-22T07:58:25Z,2026-09-22T09:58:25+0200,34db2902-3fa2-47f0-b130-91fd3aa797b3,2026-09-16T05:30:00Z,2026-09-16T07:30:00+0200,124.0,MW,ES,ES,forecast_solar_generation,Solar,2026-09-22T07:59:36Z
2026-09-22T07:58:25Z,2026-09-22T09:58:25+0200,34db2902-3fa2-47f0-b130-91fd3aa797b3,2026-09-16T05:45:00Z,2026-09-16T07:45:00+0200,184.0,MW,ES,ES,forecast_solar_generation,Solar,2026-09-22T07:59:36Z
2026-09-22T07:58:25Z,2026-09-22T09:58:25+0200,34db2902-3fa2-47f0-b130-91fd3aa797b3,2026-09-16T06:00:00Z,2026-09-16T08:00:00+0200,1316.0,MW,ES,ES,forecast_solar_generation,Solar,2026-09-22T07:59:36Z
2026-09-22T07:58:25Z,2026-09-22T09:58:25+0200,34db2902-3fa2-47f0-b130-91fd3aa797b3,2026-09-16T06:15:00Z,2026-09-16T08:15:00+0200,2344.0,MW,ES,ES,forecast_solar_generation,Solar,2026-09-22T07:59:36Z
2026-09-22T07:58:25Z,2026-09-22T09:58:25+0200,34db2902-3fa2-47f0-b130-91fd3aa797b3,2026-09-16T06:30:00Z,2026-09-16T08:30:00+0200,3712.0,MW,ES,ES,forecast_solar_generation,Solar,2026-09-22T07:59:36Z
2026-09-22T07:58:25Z,2026-09-22T09:58:25+0200,34db2902-3fa2-47f0-b130-91fd3aa797b3,2026-09-16T06:45:00Z,2026-09-16T08:45:00+0200,5312.0,MW,ES,ES,forecast_solar_generation,Solar,2026-09-22T07:59:36Z
2026-09-22T07:58:25Z,2026-09-22T09:58:25+0200,34db2902-3fa2-47f0-b130-91fd3aa797b3,2026-09-16T07:00:00Z,2026-09-16T09:00:00+0200,8584.0,MW,ES,ES,forecast_solar_generation,Solar,2026-09-22T07:59:36Z
2026-09-22T07:58:25Z,2026-09-22T09:58:25+0200,34db2902-3fa2-47f0-b130-91fd3aa797b3,2026-09-16T07:15:00Z,2026-09-16T09:15:00+0200,10791.0,MW,ES,ES,forecast_solar_generation,Solar,2026-09-22T07:59:36Z
2026-09-22T07:58:25Z,2026-09-22T09:58:25+0200,34db2902-3fa2-47f0-b130-91fd3aa797b3,2026-09-16T07:30:00Z,2026-09-16T09:30:00+0200,12828.0,MW,ES,ES,forecast_solar_generation,Solar,2026-09-22T07:59:36Z
2026-09-22T07:58:25Z,2026-09-22T09:58:25+0200,34db2902-3fa2-47f0-b130-91fd3aa797b3,2026-09-16T07:45:00Z,2026-09-16T09:45:00+0200,14670.0,MW,ES,ES,forecast_solar_generation,Solar,2026-09-22T07:59:36Z
2026-09-22T07:58:25Z,2026-09-22T09:58:25+0200,34db2902-3fa2-47f0-b130-91fd3aa797b3,2026-09-16T08:00:00Z,2026-09-16T10:00:00+0200,17130.0,MW,ES,ES,forecast_solar_generation,Solar,2026-09-22T07:59:36Z
2026-09-22T07:58:25Z,2026-09-22T09:58:25+0200,34db2902-3fa2-47f0-b130-91fd3aa797b3,2026-09-16T08:15:00Z,2026-09-16T10:15:00+0200,18527.0,MW,ES,ES,forecast_solar_generation,Solar,2026-09-22T07:59:36Z
2026-09-22T07:58:25Z,2026-09-22T09:58:25+0200,34db2902-3fa2-47f0-b130-91fd3aa797b3,2026-09-16T08:30:00Z,2026-09-16T10:30:00+0200,19545.0,MW,ES,ES,forecast_solar_generation,Solar,2026-09-22T07:59:36Z
2026-09-22T07:58:25Z,2026-09-22T09:58:25+0200,34db2902-3fa2-47f0-b130-91fd3aa797b3,2026-09-16T08:45:00Z,2026-09-16T10:45:00+0200,20121.0,MW,ES,ES,forecast_solar_generation,Solar,2026-09-22T07:59:36Z
2026-09-22T07:58:25Z,2026-09-22T09:58:25+0200,34db2902-3fa2-47f0-b130-91fd3aa797b3,2026-09-16T09:00:00Z,2026-09-16T11:00:00+0200,19697.0,MW,ES,ES,forecast_solar_generation,Solar,2026-09-22T07:59:36Z
2026-09-22T07:58:25Z,2026-09-22T09:58:25+0200,34db2902-3fa2-47f0-b130-91fd3aa797b3,2026-09-16T09:15:00Z,2026-09-16T11:15:00+0200,19969.0,MW,ES,ES,forecast_solar_generation,Solar,2026-09-22T07:59:36Z
2026-09-22T07:58:25Z,2026-09-22T09:58:25+0200,34db2902-3fa2-47f0-b130-91fd3aa797b3,2026-09-16T09:30:00Z,2026-09-16T11:30:00+0200,20260.0,MW,ES,ES,forecast_solar_generation,Solar,2026-09-22T07:59:36Z
2026-09-22T07:58:25Z,2026-09-22T09:58:25+0200,34db2902-3fa2-47f0-b130-91fd3aa797b3,2026-09-16T09:45:00Z,2026-09-16T11:45:00+0200,20495.0,MW,ES,ES,forecast_solar_generation,Solar,2026-09-22T07:59:36Z
2026-09-22T07:58:25Z,2026-09-22T09:58:25+0200,34db2902-3fa2-47f0-b130-91fd3aa797b3,2026-09-16T10:00:00Z,2026-09-16T12:00:00+0200,21222.0,MW,ES,ES,forecast_solar_generation,Solar,2026-09-22T07:59:36Z
2026-09-22T07:58:25Z,2026-09-22T09:58:25+0200,34db2902-3fa2-47f0-b130-91fd3aa797b3,2026-09-16T10:15:00Z,2026-09-16T12:15:00+0200,21379.0,MW,ES,ES,forecast_solar_generation,Solar,2026-09-22T07:59:36Z
2026-09-22T07:58:25Z,2026-09-22T09:58:25+0200,34db2902-3fa2-47f0-b130-91fd3aa797b3,2026-09-16T10:30:00Z,2026-09-16T12:30:00+0200,21556.0,MW,ES,ES,forecast_solar_generation,Solar,2026-09-22T07:59:36Z
2026-09-22T07:58:25Z,2026-09-22T09:58:25+0200,34db2902-3fa2-47f0-b130-91fd3aa797b3,2026-09-16T10:45:00Z,2026-09-16T12:45:00+0200,21693.0,MW,ES,ES,forecast_solar_generation,Solar,2026-09-22T07:59:36Z
2026-09-22T07:58:25Z,2026-09-22T09:58:25+0200,34db2902-3fa2-47f0-b130-91fd3aa797b3,2026-09-16T11:00:00Z,2026-09-16T13:00:00+0200,22057.0,MW,ES,ES,forecast_solar_generation,Solar,2026-09-22T07:59:36Z
2026-09-22T07:58:25Z,2026-09-22T09:58:25+0200,34db2902-3fa2-47f0-b130-91fd3aa797b3,2026-09-16T11:15:00Z,2026-09-16T13:15:00+0200,22106.0,MW,ES,ES,forecast_solar_generation,Solar,2026-09-22T07:59:36Z
2026-09-22T07:58:25Z,2026-09-22T09:58:25+0200,34db2902-3fa2-47f0-b130-91fd3aa797b3,2026-09-16T11:30:00Z,2026-09-16T13:30:00+0200,22109.0,MW,ES,ES,forecast_solar_generation,Solar,2026-09-22T07:59:36Z
2026-09-22T07:58:25Z,2026-09-22T09:58:25+0200,34db2902-3fa2-47f0-b130-91fd3aa797b3,2026-09-16T11:45:00Z,2026-09-16T13:45:00+0200,22061.0,MW,ES,ES,forecast_solar_generation,Solar,2026-09-22T07:59:36Z
2026-09-22T07:58:25Z,2026-09-22T09:58:25+0200,34db2902-3fa2-47f0-b130-91fd3aa797b3,2026-09-16T12:00:00Z,2026-09-16T14:00:00+0200,21572.0,MW,ES,ES,forecast_solar_generation,Solar,2026-09-22T07:59:36Z
2026-09-22T07:58:25Z,2026-09-22T09:58:25+0200,34db2902-3fa2-47f0-b130-91fd3aa797b3,2026-09-16T12:15:00Z,2026-09-16T14:15:00+0200,21476.0,MW,ES,ES,forecast_solar_generation,Solar,2026-09-22T07:59:36Z
2026-09-22T07:58:25Z,2026-09-22T09:58:25+0200,34db2902-3fa2-47f0-b130-91fd3aa797b3,2026-09-16T12:30:00Z,2026-09-16T14:30:00+0200,21332.0,MW,ES,ES,forecast_solar_generation,Solar,2026-09-22T07:59:36Z
2026-09-22T07:58:25Z,2026-09-22T09:58:25+0200,34db2902-3fa2-47f0-b130-91fd3aa797b3,2026-09-16T12:45:00Z,2026-09-16T14:45:00+0200,21162.0,MW,ES,ES,forecast_solar_generation,Solar,2026-09-22T07:59:36Z
2026-09-22T07:58:25Z,2026-09-22T09:58:25+0200,34db2902-3fa2-47f0-b130-91fd3aa797b3,2026-09-16T13:00:00Z,2026-09-16T15:00:00+0200,21712.0,MW,ES,ES,forecast_solar_generation,Solar,2026-09-22T07:59:36Z
2026-09-22T07:58:25Z,2026-09-22T09:58:25+0200,34db2902-3fa2-47f0-b130-91fd3aa797b3,2026-09-16T13:15:00Z,2026-09-16T15:15:00+0200,21513.0,MW,ES,ES,forecast_solar_generation,Solar,2026-09-22T07:59:36Z
2026-09-22T07:58:25Z,2026-09-22T09:58:25+0200,34db2902-3fa2-47f0-b130-91fd3aa797b3,2026-09-16T13:30:00Z,2026-09-16T15:30:00+0200,21313.0,MW,ES,ES,forecast_solar_generation,Solar,2026-09-22T07:59:36Z
2026-09-22T07:58:25Z,2026-09-22T09:58:25+0200,34db2902-3fa2-47f0-b130-91fd3aa797b3,2026-09-16T13:45:00Z,2026-09-16T15:45:00+0200,21153.0,MW,ES,ES,forecast_solar_generation,Solar,2026-09-22T07:59:36Z
2026-09-22T07:58:25Z,2026-09-22T09:58:25+0200,34db2902-3fa2-47f0-b130-91fd3aa797b3,2026-09-16T14:00:00Z,2026-09-16T16:00:00+0200,21084.0,MW,ES,ES,forecast_solar_generation,Solar,2026-09-22T07:59:36Z
2026-09-22T07:58:25Z,2026-09-22T09:58:25+0200,34db2902-3fa2-47f0-b130-91fd3aa797b3,2026-09-16T14:15:00Z,2026-09-16T16:15:00+0200,20879.0,MW,ES,ES,forecast_solar_generation,Solar,2026-09-22T07:59:36Z
2026-09-22T07:58:25Z,2026-09-22T09:58:25+0200,34db2902-3fa2-47f0-b130-91fd3aa797b3,2026-09-16T14:30:00Z,2026-09-16T16:30:00+0200,20595.0,MW,ES,ES,forecast_solar_generation,Solar,2026-09-22T07:59:36Z
2026-09-22T07:58:25Z,2026-09-22T09:58:25+0200,34db2902-3fa2-47f0-b130-91fd3aa797b3,2026-09-16T14:45:00Z,2026-09-16T16:45:00+0200,20159.0,MW,ES,ES,forecast_solar_generation,Solar,2026-09-22T07:59:36Z
2026-09-22T07:58:25Z,2026-09-22T09:58:25+0200,34db2902-3fa2-47f0-b130-91fd3aa797b3,2026-09-16T15:00:00Z,2026-09-16T17:00:00+0200,20157.0,MW,ES,ES,forecast_solar_generation,Solar,2026-09-22T07:59:36Z
2026-09-22T07:58:25Z,2026-09-22T09:58:25+0200,34db2902-3fa2-47f0-b130-91fd3aa797b3,2026-09-16T15:15:00Z,2026-09-16T17:15:00+0200,19538.0,MW,ES,ES,forecast_solar_generation,Solar,2026-09-22T07:59:36Z
2026-09-22T07:58:25Z,2026-09-22T09:58:25+0200,34db2902-3fa2-47f0-b130-91fd3aa797b3,2026-09-16T15:30:00Z,2026-09-16T17:30:00+0200,18752.0,MW,ES,ES,forecast_solar_generation,Solar,2026-09-22T07:59:36Z
2026-09-22T07:58:25Z,2026-09-22T09:58:25+0200,34db2902-3fa2-47f0-b130-91fd3aa797b3,2026-09-16T15:45:00Z,2026-09-16T17:45:00+0200,17847.0,MW,ES,ES,forecast_solar_generation,Solar,2026-09-22T07:59:36Z
2026-09-22T07:58:25Z,2026-09-22T09:58:25+0200,34db2902-3fa2-47f0-b130-91fd3aa797b3,2026-09-16T16:00:00Z,2026-09-16T18:00:00+0200,16958.0,MW,ES,ES,forecast_solar_generation,Solar,2026-09-22T07:59:36Z
2026-09-22T07:58:25Z,2026-09-22T09:58:25+0200,34db2902-3fa2-47f0-b130-91fd3aa797b3,2026-09-16T16:15:00Z,2026-09-16T18:15:00+0200,15778.0,MW,ES,ES,forecast_solar_generation,Solar,2026-09-22T07:59:36Z
2026-09-22T07:58:25Z,2026-09-22T09:58:25+0200,34db2902-3fa2-47f0-b130-91fd3aa797b3,2026-09-16T16:30:00Z,2026-09-16T18:30:00+0200,14156.0,MW,ES,ES,forecast_solar_generation,Solar,2026-09-22T07:59:36Z
2026-09-22T07:58:25Z,2026-09-22T09:58:25+0200,34db2902-3fa2-47f0-b130-91fd3aa797b3,2026-09-16T16:45:00Z,2026-09-16T18:45:00+0200,12157.0,MW,ES,ES,forecast_solar_generation,Solar,2026-09-22T07:59:36Z
2026-09-22T07:58:25Z,2026-09-22T09:58:25+0200,34db2902-3fa2-47f0-b130-91fd3aa797b3,2026-09-16T17:00:00Z,2026-09-16T19:00:00+0200,10695.0,MW,ES,ES,forecast_solar_generation,Solar,2026-09-22T07:59:36Z
2026-09-22T07:58:25Z,2026-09-22T09:58:25+0200,34db2902-3fa2-47f0-b130-91fd3aa797b3,2026-09-16T17:15:00Z,2026-09-16T19:15:00+0200,8476.0,MW,ES,ES,forecast_solar_generation,Solar,2026-09-22T07:59:36Z
2026-09-22T07:58:25Z,2026-09-22T09:58:25+0200,34db2902-3fa2-47f0-b130-91fd3aa797b3,2026-09-16T17:30:00Z,2026-09-16T19:30:00+0200,6541.0,MW,ES,ES,forecast_solar_generation,Solar,2026-09-22T07:59:36Z
2026-09-22T07:58:25Z,2026-09-22T09:58:25+0200,34db2902-3fa2-47f0-b130-91fd3aa797b3,2026-09-16T17:45:00Z,2026-09-16T19:45:00+0200,4495.0,MW,ES,ES,forecast_solar_generation,Solar,2026-09-22T07:59:36Z
2026-09-22T07:58:25Z,2026-09-22T09:58:25+0200,34db2902-3fa2-47f0-b130-91fd3aa797b3,2026-09-16T18:00:00Z,2026-09-16T20:00:00+0200,2640.0,MW,ES,ES,forecast_solar_generation,Solar,2026-09-22T07:59:36Z
2026-09-22T07:58:25Z,2026-09-22T09:58:25+0200,34db2902-3fa2-47f0-b130-91fd3aa797b3,2026-09-16T18:15:00Z,2026-09-16T20:15:00+0200,1484.0,MW,ES,ES,forecast_solar_generation,Solar,2026-09-22T07:59:36Z
2026-09-22T07:58:25Z,2026-09-22T09:58:25+0200,34db2902-3fa2-47f0-b130-91fd3aa797b3,2026-09-16T18:30:00Z,2026-09-16T20:30:00+0200,817.0,MW,ES,ES,forecast_solar_generation,Solar,2026-09-22T07:59:36Z
2026-09-22T07:58:25Z,2026-09-22T09:58:25+0200,34db2902-3fa2-47f0-b130-91fd3aa797b3,2026-09-16T18:45:00Z,2026-09-16T20:45:00+0200,652.0,MW,ES,ES,forecast_solar_generation,Solar,2026-09-22T07:59:36Z
2026-09-22T07:58:25Z,2026-09-22T09:58:25+0200,34db2902-3fa2-47f0-b130-91fd3aa797b3,2026-09-16T19:00:00Z,2026-09-16T21:00:00+0200,591.0,MW,ES,ES,forecast_solar_generation,Solar,2026-09-22T07:59:36Z
2026-09-22T07:58:25Z,2026-09-22T09:58:25+0200,34db2902-3fa2-47f0-b130-91fd3aa797b3,2026-09-16T19:15:00Z,2026-09-16T21:15:00+0200,560.0,MW,ES,ES,forecast_solar_generation,Solar,2026-09-22T07:59:36Z
2026-09-22T07:58:25Z,2026-09-22T09:58:25+0200,34db2902-3fa2-47f0-b130-91fd3aa797b3,2026-09-16T19:30:00Z,2026-09-16T21:30:00+0200,535.0,MW,ES,ES,forecast_solar_generation,Solar,2026-09-22T07:59:36Z
2026-09-22T07:58:25Z,2026-09-22T09:58:25+0200,34db2902-3fa2-47f0-b130-91fd3aa797b3,2026-09-16T19:45:00Z,2026-09-16T21:45:00+0200,516.0,MW,ES,ES,forecast_solar_generation,Solar,2026-09-22T07:59:36Z
2026-09-22T07:58:25Z,2026-09-22T09:58:25+0200,34db2902-3fa2-47f0-b130-91fd3aa797b3,2026-09-16T20:00:00Z,2026-09-16T22:00:00+0200,493.0,MW,ES,ES,forecast_solar_generation,Solar,2026-09-22T07:59:36Z
2026-09-22T07:58:25Z,2026-09-22T09:58:25+0200,34db2902-3fa2-47f0-b130-91fd3aa797b3,2026-09-16T20:15:00Z,2026-09-16T22:15:00+0200,487.0,MW,ES,ES,forecast_solar_generation,Solar,2026-09-22T07:59:36Z
2026-09-22T07:58:25Z,2026-09-22T09:58:25+0200,34db2902-3fa2-47f0-b130-91fd3aa797b3,2026-09-16T20:30:00Z,2026-09-16T22:30:00+0200,486.0,MW,ES,ES,forecast_solar_generation,Solar,2026-09-22T07:59:36Z
2026-09-22T07:58:25Z,2026-09-22T09:58:25+0200,34db2902-3fa2-47f0-b130-91fd3aa797b3,2026-09-16T20:45:00Z,2026-09-16T22:45:00+0200,488.0,MW,ES,ES,forecast_solar_generation,Solar,2026-09-22T07:59:36Z
2026-09-22T07:58:25Z,2026-09-22T09:58:25+0200,34db2902-3fa2-47f0-b130-91fd3aa797b3,2026-09-16T21:00:00Z,2026-09-16T23:00:00+0200,504.0,MW,ES,ES,forecast_solar_generation,Solar,2026-09-22T07:59:36Z
2026-09-22T07:58:25Z,2026-09-22T09:58:25+0200,34db2902-3fa2-47f0-b130-91fd3aa797b3,2026-09-16T21:15:00Z,2026-09-16T23:15:00+0200,494.0,MW,ES,ES,forecast_solar_generation,Solar,2026-09-22T07:59:36Z
2026-09-22T07:58:25Z,2026-09-22T09:58:25+0200,34db2902-3fa2-47f0-b130-91fd3aa797b3,2026-09-16T21:30:00Z,2026-09-16T23:30:00+0200,473.0,MW,ES,ES,forecast_solar_generation,Solar,2026-09-22T07:59:36Z
2026-09-22T07:58:25Z,2026-09-22T09:58:25+0200,34db2902-3fa2-47f0-b130-91fd3aa797b3,2026-09-16T21:45:00Z,2026-09-16T23:45:00+0200,444.0,MW,ES,ES,forecast_solar_generation,Solar,2026-09-22T07:59:36Z
2026-09-22T07:58:25Z,2026-09-22T09:58:25+0200,34db2902-3fa2-47f0-b130-91fd3aa797b3,2026-09-16T22:00:00Z,2026-09-17T00:00:00+0200,329.0,MW,ES,ES,forecast_solar_generation,Solar,2026-09-22T07:59:36Z
2026-09-22T07:58:25Z,2026-09-22T09:58:25+0200,34db2902-3fa2-47f0-b130-91fd3aa797b3,2026-09-16T22:15:00Z,2026-09-17T00:15:00+0200,314.0,MW,ES,ES,forecast_solar_generation,Solar,2026-09-22T07:59:36Z
2026-09-22T07:58:25Z,2026-09-22T09:58:25+0200,34db2902-3fa2-47f0-b130-91fd3aa797b3,2026-09-16T22:30:00Z,2026-09-17T00:30:00+0200,304.0,MW,ES,ES,forecast_solar_generation,Solar,2026-09-22T07:59:36Z
2026-09-22T07:58:25Z,2026-09-22T09:58:25+0200,34db2902-3fa2-47f0-b130-91fd3aa797b3,2026-09-16T22:45:00Z,2026-09-17T00:45:00+0200,298.0,MW,ES,ES,forecast_solar_generation,Solar,2026-09-22T07:59:36Z
2026-09-22T07:58:25Z,2026-09-22T09:58:25+0200,34db2902-3fa2-47f0-b130-91fd3aa797b3,2026-09-16T23:00:00Z,2026-09-17T01:00:00+0200,291.0,MW,ES,ES,forecast_solar_generation,Solar,2026-09-22T07:59:36Z
2026-09-22T07:58:25Z,2026-09-22T09:58:25+0200,34db2902-3fa2-47f0-b130-91fd3aa797b3,2026-09-16T23:15:00Z,2026-09-17T01:15:00+0200,290.0,MW,ES,ES,forecast_solar_generation,Solar,2026-09-22T07:59:36Z
2026-09-22T07:58:25Z,2026-09-22T09:58:25+0200,34db2902-3fa2-47f0-b130-91fd3aa797b3,2026-09-16T23:30:00Z,2026-09-17T01:30:00+0200,290.0,MW,ES,ES,forecast_solar_generation,Solar,2026-09-22T07:59:36Z
2026-09-22T07:58:25Z,2026-09-22T09:58:25+0200,34db2902-3fa2-47f0-b130-91fd3aa797b3,2026-09-16T23:45:00Z,2026-09-17T01:45:00+0200,291.0,MW,ES,ES,forecast_solar_generation,Solar,2026-09-22T07:59:36Z
2026-09-22T07:58:25Z,2026-09-22T09:58:25+0200,34db2902-3fa2-47f0-b130-91fd3aa797b3,2026-09-17T00:00:00Z,2026-09-17T02:00:00+0200,292.0,MW,ES,ES,forecast_solar_generation,Solar,2026-09-22T07:59:36Z
2026-09-22T07:58:25Z,2026-09-22T09:58:25+0200,34db2902-3fa2-47f0-b130-91fd3aa797b3,2026-09-17T00:15:00Z,2026-09-17T02:15:00+0200,293.0,MW,ES,ES,forecast_solar_generation,Solar,2026-09-22T07:59:36Z
2026-09-22T07:58:25Z,2026-09-22T09:58:25+0200,34db2902-3fa2-47f0-b130-91fd3aa797b3,2026-09-17T00:30:00Z,2026-09-17T02:30:00+0200,292.0,MW,ES,ES,forecast_solar_generation,Solar,2026-09-22T07:59:36Z
2026-09-22T07:58:25Z,2026-09-22T09:58:25+0200,34db2902-3fa2-47f0-b130-91fd3aa797b3,2026-09-17T00:45:00Z,2026-09-17T02:45:00+0200,291.0,MW,ES,ES,forecast_solar_generation,Solar,2026-09-22T07:59:36Z
2026-09-22T07:58:25Z,2026-09-22T09:58:25+0200,34db2902-3fa2-47f0-b130-91fd3aa797b3,2026-09-17T01:00:00Z,2026-09-17T03:00:00+0200,291.0,MW,ES,ES,forecast_solar_generation,Solar,2026-09-22T07:59:36Z
2026-09-22T07:58:25Z,2026-09-22T09:58:25+0200,34db2902-3fa2-47f0-b130-91fd3aa797b3,2026-09-17T01:15:00Z,2026-09-17T03:15:00+0200,287.0,MW,ES,ES,forecast_solar_generation,Solar,2026-09-22T07:59:36Z
2026-09-22T07:58:25Z,2026-09-22T09:58:25+0200,34db2902-3fa2-47f0-b130-91fd3aa797b3,2026-09-17T01:30:00Z,2026-09-17T03:30:00+0200,282.0,MW,ES,ES,forecast_solar_generation,Solar,2026-09-22T07:59:36Z
2026-09-22T07:58:25Z,2026-09-22T09:58:25+0200,34db2902-3fa2-47f0-b130-91fd3aa797b3,2026-09-17T01:45:00Z,2026-09-17T03:45:00+0200,275.0,MW,ES,ES,forecast_solar_generation,Solar,2026-09-22T07:59:36Z
2026-09-22T07:58:25Z,2026-09-22T09:58:25+0200,34db2902-3fa2-47f0-b130-91fd3aa797b3,2026-09-17T02:00:00Z,2026-09-17T04:00:00+0200,272.0,MW,ES,ES,forecast_solar_generation,Solar,2026-09-22T07:59:36Z
2026-09-22T07:58:25Z,2026-09-22T09:58:25+0200,34db2902-3fa2-47f0-b130-91fd3aa797b3,2026-09-17T02:15:00Z,2026-09-17T04:15:00+0200,259.0,MW,ES,ES,forecast_solar_generation,Solar,2026-09-22T07:59:36Z
2026-09-22T07:58:25Z,2026-09-22T09:58:25+0200,34db2902-3fa2-47f0-b130-91fd3aa797b3,2026-09-17T02:30:00Z,2026-09-17T04:30:00+0200,242.0,MW,ES,ES,forecast_solar_generation,Solar,2026-09-22T07:59:36Z
2026-09-22T07:58:25Z,2026-09-22T09:58:25+0200,34db2902-3fa2-47f0-b130-91fd3aa797b3,2026-09-17T02:45:00Z,2026-09-17T04:45:00+0200,222.0,MW,ES,ES,forecast_solar_generation,Solar,2026-09-22T07:59:36Z
2026-09-22T07:58:25Z,2026-09-22T09:58:25+0200,34db2902-3fa2-47f0-b130-91fd3aa797b3,2026-09-17T03:00:00Z,2026-09-17T05:00:00+0200,203.0,MW,ES,ES,forecast_solar_generation,Solar,2026-09-22T07:59:36Z
2026-09-22T07:58:25Z,2026-09-22T09:58:25+0200,34db2902-3fa2-47f0-b130-91fd3aa797b3,2026-09-17T03:15:00Z,2026-09-17T05:15:00+0200,181.0,MW,ES,ES,forecast_solar_generation,Solar,2026-09-22T07:59:36Z
2026-09-22T07:58:25Z,2026-09-22T09:58:25+0200,34db2902-3fa2-47f0-b130-91fd3aa797b3,2026-09-17T03:30:00Z,2026-09-17T05:30:00+0200,161.0,MW,ES,ES,forecast_solar_generation,Solar,2026-09-22T07:59:36Z
2026-09-22T07:58:25Z,2026-09-22T09:58:25+0200,34db2902-3fa2-47f0-b130-91fd3aa797b3,2026-09-17T03:45:00Z,2026-09-17T05:45:00+0200,142.0,MW,ES,ES,forecast_solar_generation,Solar,2026-09-22T07:59:36Z
2026-09-22T07:58:25Z,2026-09-22T09:58:25+0200,34db2902-3fa2-47f0-b130-91fd3aa797b3,2026-09-17T04:00:00Z,2026-09-17T06:00:00+0200,121.0,MW,ES,ES,forecast_solar_generation,Solar,2026-09-22T07:59:36Z
2026-09-22T07:58:25Z,2026-09-22T09:58:25+0200,34db2902-3fa2-47f0-b130-91fd3aa797b3,2026-09-17T04:15:00Z,2026-09-17T06:15:00+0200,111.0,MW,ES,ES,forecast_solar_generation,Solar,2026-09-22T07:59:36Z
2026-09-22T07:58:25Z,2026-09-22T09:58:25+0200,34db2902-3fa2-47f0-b130-91fd3aa797b3,2026-09-17T04:30:00Z,2026-09-17T06:30:00+0200,105.0,MW,ES,ES,forecast_solar_generation,Solar,2026-09-22T07:59:36Z
2026-09-22T07:58:25Z,2026-09-22T09:58:25+0200,34db2902-3fa2-47f0-b130-91fd3aa797b3,2026-09-17T04:45:00Z,2026-09-17T06:45:00+0200,103.0,MW,ES,ES,forecast_solar_generation,Solar,2026-09-22T07:59:36Z
2026-09-22T07:58:25Z,2026-09-22T09:58:25+0200,34db2902-3fa2-47f0-b130-91fd3aa797b3,2026-09-17T05:00:00Z,2026-09-17T07:00:00+0200,106.0,MW,ES,ES,forecast_solar_generation,Solar,2026-09-22T07:59:36Z
2026-09-22T07:58:25Z,2026-09-22T09:58:25+0200,34db2902-3fa2-47f0-b130-91fd3aa797b3,2026-09-17T05:15:00Z,2026-09-17T07:15:00+0200,102.0,MW,ES,ES,forecast_solar_generation,Solar,2026-09-22T07:59:36Z
2026-09-22T07:58:25Z,2026-09-22T09:58:25+0200,34db2902-3fa2-47f0-b130-91fd3aa797b3,2026-09-17T05:30:00Z,2026-09-17T07:30:00+0200,108.0,MW,ES,ES,forecast_solar_generation,Solar,2026-09-22T07:59:36Z
2026-09-22T07:58:25Z,2026-09-22T09:58:25+0200,34db2902-3fa2-47f0-b130-91fd3aa797b3,2026-09-17T05:45:00Z,2026-09-17T07:45:00+0200,128.0,MW,ES,ES,forecast_solar_generation,Solar,2026-09-22T07:59:36Z
2026-09-22T07:58:25Z,2026-09-22T09:58:25+0200,34db2902-3fa2-47f0-b130-91fd3aa797b3,2026-09-17T06:00:00Z,2026-09-17T08:00:00+0200,1012.0,MW,ES,ES,forecast_solar_generation,Solar,2026-09-22T07:59:36Z
2026-09-22T07:58:25Z,2026-09-22T09:58:25+0200,34db2902-3fa2-47f0-b130-91fd3aa797b3,2026-09-17T06:15:00Z,2026-09-17T08:15:00+0200,1872.0,MW,ES,ES,forecast_solar_generation,Solar,2026-09-22T07:59:36Z
2026-09-22T07:58:25Z,2026-09-22T09:58:25+0200,34db2902-3fa2-47f0-b130-91fd3aa797b3,2026-09-17T06:30:00Z,2026-09-17T08:30:00+0200,3048.0,MW,ES,ES,forecast_solar_generation,Solar,2026-09-22T07:59:36Z
2026-09-22T07:58:25Z,2026-09-22T09:58:25+0200,34db2902-3fa2-47f0-b130-91fd3aa797b3,2026-09-17T06:45:00Z,2026-09-17T08:45:00+0200,4447.0,MW,ES,ES,forecast_solar_generation,Solar,2026-09-22T07:59:36Z
2026-09-22T07:58:25Z,2026-09-22T09:58:25+0200,34db2902-3fa2-47f0-b130-91fd3aa797b3,2026-09-17T07:00:00Z,2026-09-17T09:00:00+0200,7631.0,MW,ES,ES,forecast_solar_generation,Solar,2026-09-22T07:59:36Z
2026-09-22T07:58:25Z,2026-09-22T09:58:25+0200,34db2902-3fa2-47f0-b130-91fd3aa797b3,2026-09-17T07:15:00Z,2026-09-17T09:15:00+0200,9360.0,MW,ES,ES,forecast_solar_generation,Solar,2026-09-22T07:59:36Z
2026-09-22T07:58:25Z,2026-09-22T09:58:25+0200,34db2902-3fa2-47f0-b130-91fd3aa797b3,2026-09-17T07:30:00Z,2026-09-17T09:30:00+0200,11282.0,MW,ES,ES,forecast_solar_generation,Solar,2026-09-22T07:59:36Z
2026-09-22T07:58:25Z,2026-09-22T09:58:25+0200,34db2902-3fa2-47f0-b130-91fd3aa797b3,2026-09-17T07:45:00Z,2026-09-17T09:45:00+0200,13062.0,MW,ES,ES,forecast_solar_generation,Solar,2026-09-22T07:59:36Z
2026-09-22T07:58:25Z,2026-09-22T09:58:25+0200,34db2902-3fa2-47f0-b130-91fd3aa797b3,2026-09-17T08:00:00Z,2026-09-17T10:00:00+0200,15483.0,MW,ES,ES,forecast_solar_generation,Solar,2026-09-22T07:59:36Z
2026-09-22T07:58:25Z,2026-09-22T09:58:25+0200,34db2902-3fa2-47f0-b130-91fd3aa797b3,2026-09-17T08:15:00Z,2026-09-17T10:15:00+0200,16956.0,MW,ES,ES,forecast_solar_generation,Solar,2026-09-22T07:59:36Z
2026-09-22T07:58:25Z,2026-09-22T09:58:25+0200,34db2902-3fa2-47f0-b130-91fd3aa797b3,2026-09-17T08:30:00Z,2026-09-17T10:30:00+0200,17978.0,MW,ES,ES,forecast_solar_generation,Solar,2026-09-22T07:59:36Z
2026-09-22T07:58:25Z,2026-09-22T09:58:25+0200,34db2902-3fa2-47f0-b130-91fd3aa797b3,2026-09-17T08:45:00Z,2026-09-17T10:45:00+0200,18972.0,MW,ES,ES,forecast_solar_generation,Solar,2026-09-22T07:59:36Z
2026-09-22T07:58:25Z,2026-09-22T09:58:25+0200,34db2902-3fa2-47f0-b130-91fd3aa797b3,2026-09-17T09:00:00Z,2026-09-17T11:00:00+0200,19666.0,MW,ES,ES,forecast_solar_generation,Solar,2026-09-22T07:59:36Z
2026-09-22T07:58:25Z,2026-09-22T09:58:25+0200,34db2902-3fa2-47f0-b130-91fd3aa797b3,2026-09-17T09:15:00Z,2026-09-17T11:15:00+0200,20366.0,MW,ES,ES,forecast_solar_generation,Solar,2026-09-22T07:59:36Z
2026-09-22T07:58:25Z,2026-09-22T09:58:25+0200,34db2902-3fa2-47f0-b130-91fd3aa797b3,2026-09-17T09:30:00Z,2026-09-17T11:30:00+0200,20761.0,MW,ES,ES,forecast_solar_generation,Solar,2026-09-22T07:59:36Z
2026-09-22T07:58:25Z,2026-09-22T09:58:25+0200,34db2902-3fa2-47f0-b130-91fd3aa797b3,2026-09-17T09:45:00Z,2026-09-17T11:45:00+0200,21195.0,MW,ES,ES,forecast_solar_generation,Solar,2026-09-22T07:59:36Z
2026-09-22T07:58:25Z,2026-09-22T09:58:25+0200,34db2902-3fa2-47f0-b130-91fd3aa797b3,2026-09-17T10:00:00Z,2026-09-17T12:00:00+0200,21466.0,MW,ES,ES,forecast_solar_generation,Solar,2026-09-22T07:59:36Z
2026-09-22T07:58:25Z,2026-09-22T09:58:25+0200,34db2902-3fa2-47f0-b130-91fd3aa797b3,2026-09-17T10:15:00Z,2026-09-17T12:15:00+0200,21840.0,MW,ES,ES,forecast_solar_generation,Solar,2026-09-22T07:59:36Z
2026-09-22T07:58:25Z,2026-09-22T09:58:25+0200,34db2902-3fa2-47f0-b130-91fd3aa797b3,2026-09-17T10:30:00Z,2026-09-17T12:30:00+0200,22157.0,MW,ES,ES,forecast_solar_generation,Solar,2026-09-22T07:59:36Z
2026-09-22T07:58:25Z,2026-09-22T09:58:25+0200,34db2902-3fa2-47f0-b130-91fd3aa797b3,2026-09-17T10:45:00Z,2026-09-17T12:45:00+0200,22425.0,MW,ES,ES,forecast_solar_generation,Solar,2026-09-22T07:59:36Z
2026-09-22T07:58:25Z,2026-09-22T09:58:25+0200,34db2902-3fa2-47f0-b130-91fd3aa797b3,2026-09-17T11:00:00Z,2026-09-17T13:00:00+0200,23565.0,MW,ES,ES,forecast_solar_generation,Solar,2026-09-22T07:59:36Z
2026-09-22T07:58:25Z,2026-09-22T09:58:25+0200,34db2902-3fa2-47f0-b130-91fd3aa797b3,2026-09-17T11:15:00Z,2026-09-17T13:15:00+0200,23420.0,MW,ES,ES,forecast_solar_generation,Solar,2026-09-22T07:59:36Z
2026-09-22T07:58:25Z,2026-09-22T09:58:25+0200,34db2902-3fa2-47f0-b130-91fd3aa797b3,2026-09-17T11:30:00Z,2026-09-17T13:30:00+0200,23471.0,MW,ES,ES,forecast_solar_generation,Solar,2026-09-22T07:59:36Z
2026-09-22T07:58:25Z,2026-09-22T09:58:25+0200,34db2902-3fa2-47f0-b130-91fd3aa797b3,2026-09-17T11:45:00Z,2026-09-17T13:45:00+0200,23468.0,MW,ES,ES,forecast_solar_generation,Solar,2026-09-22T07:59:36Z
2026-09-22T07:58:25Z,2026-09-22T09:58:25+0200,34db2902-3fa2-47f0-b130-91fd3aa797b3,2026-09-17T12:00:00Z,2026-09-17T14:00:00+0200,23462.0,MW,ES,ES,forecast_solar_generation,Solar,2026-09-22T07:59:36Z
2026-09-22T07:58:25Z,2026-09-22T09:58:25+0200,34db2902-3fa2-47f0-b130-91fd3aa797b3,2026-09-17T12:15:00Z,2026-09-17T14:15:00+0200,23398.0,MW,ES,ES,forecast_solar_generation,Solar,2026-09-22T07:59:36Z
2026-09-22T07:58:25Z,2026-09-22T09:58:25+0200,34db2902-3fa2-47f0-b130-91fd3aa797b3,2026-09-17T12:30:00Z,2026-09-17T14:30:00+0200,23307.0,MW,ES,ES,forecast_solar_generation,Solar,2026-09-22T07:59:36Z
2026-09-22T07:58:25Z,2026-09-22T09:58:25+0200,34db2902-3fa2-47f0-b130-91fd3aa797b3,2026-09-17T12:45:00Z,2026-09-17T14:45:00+0200,23194.0,MW,ES,ES,forecast_solar_generation,Solar,2026-09-22T07:59:36Z
2026-09-22T07:58:25Z,2026-09-22T09:58:25+0200,34db2902-3fa2-47f0-b130-91fd3aa797b3,2026-09-17T13:00:00Z,2026-09-17T15:00:00+0200,23208.0,MW,ES,ES,forecast_solar_generation,Solar,2026-09-22T07:59:36Z
2026-09-22T07:58:25Z,2026-09-22T09:58:25+0200,34db2902-3fa2-47f0-b130-91fd3aa797b3,2026-09-17T13:15:00Z,2026-09-17T15:15:00+0200,23172.0,MW,ES,ES,forecast_solar_generation,Solar,2026-09-22T07:59:36Z
2026-09-22T07:58:25Z,2026-09-22T09:58:25+0200,34db2902-3fa2-47f0-b130-91fd3aa797b3,2026-09-17T13:30:00Z,2026-09-17T15:30:00+0200,22974.0,MW,ES,ES,forecast_solar_generation,Solar,2026-09-22T07:59:36Z
2026-09-22T07:58:25Z,2026-09-22T09:58:25+0200,34db2902-3fa2-47f0-b130-91fd3aa797b3,2026-09-17T13:45:00Z,2026-09-17T15:45:00+0200,22736.0,MW,ES,ES,forecast_solar_generation,Solar,2026-09-22T07:59:36Z
2026-09-22T07:58:25Z,2026-09-22T09:58:25+0200,34db2902-3fa2-47f0-b130-91fd3aa797b3,2026-09-17T14:00:00Z,2026-09-17T16:00:00+0200,22636.0,MW,ES,ES,forecast_solar_generation,Solar,2026-09-22T07:59:36Z
2026-09-22T07:58:25Z,2026-09-22T09:58:25+0200,34db2902-3fa2-47f0-b130-91fd3aa797b3,2026-09-17T14:15:00Z,2026-09-17T16:15:00+0200,22307.0,MW,ES,ES,forecast_solar_generation,Solar,2026-09-22T07:59:36Z
2026-09-22T07:58:25Z,2026-09-22T09:58:25+0200,34db2902-3fa2-47f0-b130-91fd3aa797b3,2026-09-17T14:30:00Z,2026-09-17T16:30:00+0200,21885.0,MW,ES,ES,forecast_solar_generation,Solar,2026-09-22T07:59:36Z
2026-09-22T07:58:25Z,2026-09-22T09:58:25+0200,34db2902-3fa2-47f0-b130-91fd3aa797b3,2026-09-17T14:45:00Z,2026-09-17T16:45:00+0200,21368.0,MW,ES,ES,forecast_solar_generation,Solar,2026-09-22T07:59:36Z
2026-09-22T07:58:25Z,2026-09-22T09:58:25+0200,34db2902-3fa2-47f0-b130-91fd3aa797b3,2026-09-17T15:00:00Z,2026-09-17T17:00:00+0200,21261.0,MW,ES,ES,forecast_solar_generation,Solar,2026-09-22T07:59:36Z
2026-09-22T07:58:25Z,2026-09-22T09:58:25+0200,34db2902-3fa2-47f0-b130-91fd3aa797b3,2026-09-17T15:15:00Z,2026-09-17T17:15:00+0200,20456.0,MW,ES,ES,forecast_solar_generation,Solar,2026-09-22T07:59:36Z
2026-09-22T07:58:25Z,2026-09-22T09:58:25+0200,34db2902-3fa2-47f0-b130-91fd3aa797b3,2026-09-17T15:30:00Z,2026-09-17T17:30:00+0200,19485.0,MW,ES,ES,forecast_solar_generation,Solar,2026-09-22T07:59:36Z
2026-09-22T07:58:25Z,2026-09-22T09:58:25+0200,34db2902-3fa2-47f0-b130-91fd3aa797b3,2026-09-17T15:45:00Z,2026-09-17T17:45:00+0200,18321.0,MW,ES,ES,forecast_solar_generation,Solar,2026-09-22T07:59:36Z
2026-09-22T07:58:25Z,2026-09-22T09:58:25+0200,34db2902-3fa2-47f0-b130-91fd3aa797b3,2026-09-17T16:00:00Z,2026-09-17T18:00:00+0200,17441.0,MW,ES,ES,forecast_solar_generation,Solar,2026-09-22T07:59:36Z
2026-09-22T07:58:25Z,2026-09-22T09:58:25+0200,34db2902-3fa2-47f0-b130-91fd3aa797b3,2026-09-17T16:15:00Z,2026-09-17T18:15:00+0200,15944.0,MW,ES,ES,forecast_solar_generation,Solar,2026-09-22T07:59:36Z
2026-09-22T07:58:25Z,2026-09-22T09:58:25+0200,34db2902-3fa2-47f0-b130-91fd3aa797b3,2026-09-17T16:30:00Z,2026-09-17T18:30:00+0200,13862.0,MW,ES,ES,forecast_solar_generation,Solar,2026-09-22T07:59:36Z
2026-09-22T07:58:25Z,2026-09-22T09:58:25+0200,34db2902-3fa2-47f0-b130-91fd3aa797b3,2026-09-17T16:45:00Z,2026-09-17T18:45:00+0200,11603.0,MW,ES,ES,forecast_solar_generation,Solar,2026-09-22T07:59:36Z
2026-09-22T07:58:25Z,2026-09-22T09:58:25+0200,34db2902-3fa2-47f0-b130-91fd3aa797b3,2026-09-17T17:00:00Z,2026-09-17T19:00:00+0200,9583.0,MW,ES,ES,forecast_solar_generation,Solar,2026-09-22T07:59:36Z
2026-09-22T07:58:25Z,2026-09-22T09:58:25+0200,34db2902-3fa2-47f0-b130-91fd3aa797b3,2026-09-17T17:15:00Z,2026-09-17T19:15:00+0200,7309.0,MW,ES,ES,forecast_solar_generation,Solar,2026-09-22T07:59:36Z
2026-09-22T07:58:25Z,2026-09-22T09:58:25+0200,34db2902-3fa2-47f0-b130-91fd3aa797b3,2026-09-17T17:30:00Z,2026-09-17T19:30:00+0200,5240.0,MW,ES,ES,forecast_solar_generation,Solar,2026-09-22T07:59:36Z
2026-09-22T07:58:25Z,2026-09-22T09:58:25+0200,34db2902-3fa2-47f0-b130-91fd3aa797b3,2026-09-17T17:45:00Z,2026-09-17T19:45:00+0200,3712.0,MW,ES,ES,forecast_solar_generation,Solar,2026-09-22T07:59:36Z
2026-09-22T07:58:25Z,2026-09-22T09:58:25+0200,34db2902-3fa2-47f0-b130-91fd3aa797b3,2026-09-17T18:00:00Z,2026-09-17T20:00:00+0200,2230.0,MW,ES,ES,forecast_solar_generation,Solar,2026-09-22T07:59:36Z
2026-09-22T07:58:25Z,2026-09-22T09:58:25+0200,34db2902-3fa2-47f0-b130-91fd3aa797b3,2026-09-17T18:15:00Z,2026-09-17T20:15:00+0200,1252.0,MW,ES,ES,forecast_solar_generation,Solar,2026-09-22T07:59:36Z
2026-09-22T07:58:25Z,2026-09-22T09:58:25+0200,34db2902-3fa2-47f0-b130-91fd3aa797b3,2026-09-17T18:30:00Z,2026-09-17T20:30:00+0200,687.0,MW,ES,ES,forecast_solar_generation,Solar,2026-09-22T07:59:36Z
2026-09-22T07:58:25Z,2026-09-22T09:58:25+0200,34db2902-3fa2-47f0-b130-91fd3aa797b3,2026-09-17T18:45:00Z,2026-09-17T20:45:00+0200,491.0,MW,ES,ES,forecast_solar_generation,Solar,2026-09-22T07:59:36Z
2026-09-22T07:58:25Z,2026-09-22T09:58:25+0200,34db2902-3fa2-47f0-b130-91fd3aa797b3,2026-09-17T19:00:00Z,2026-09-17T21:00:00+0200,443.0,MW,ES,ES,forecast_solar_generation,Solar,2026-09-22T07:59:36Z
2026-09-22T07:58:25Z,2026-09-22T09:58:25+0200,34db2902-3fa2-47f0-b130-91fd3aa797b3,2026-09-17T19:15:00Z,2026-09-17T21:15:00+0200,416.0,MW,ES,ES,forecast_solar_generation,Solar,2026-09-22T07:59:36Z
2026-09-22T07:58:25Z,2026-09-22T09:58:25+0200,34db2902-3fa2-47f0-b130-91fd3aa797b3,2026-09-17T19:30:00Z,2026-09-17T21:30:00+0200,396.0,MW,ES,ES,forecast_solar_generation,Solar,2026-09-22T07:59:36Z
2026-09-22T07:58:25Z,2026-09-22T09:58:25+0200,34db2902-3fa2-47f0-b130-91fd3aa797b3,2026-09-17T19:45:00Z,2026-09-17T21:45:00+0200,382.0,MW,ES,ES,forecast_solar_generation,Solar,2026-09-22T07:59:36Z
2026-09-22T07:58:25Z,2026-09-22T09:58:25+0200,34db2902-3fa2-47f0-b130-91fd3aa797b3,2026-09-17T20:00:00Z,2026-09-17T22:00:00+0200,364.0,MW,ES,ES,forecast_solar_generation,Solar,2026-09-22T07:59:36Z
2026-09-22T07:58:25Z,2026-09-22T09:58:25+0200,34db2902-3fa2-47f0-b130-91fd3aa797b3,2026-09-17T20:15:00Z,2026-09-17T22:15:00+0200,364.0,MW,ES,ES,forecast_solar_generation,Solar,2026-09-22T07:59:36Z
2026-09-22T07:58:25Z,2026-09-22T09:58:25+0200,34db2902-3fa2-47f0-b130-91fd3aa797b3,2026-09-17T20:30:00Z,2026-09-17T22:30:00+0200,370.0,MW,ES,ES,forecast_solar_generation,Solar,2026-09-22T07:59:36Z
2026-09-22T07:58:25Z,2026-09-22T09:58:25+0200,34db2902-3fa2-47f0-b130-91fd3aa797b3,2026-09-17T20:45:00Z,2026-09-17T22:45:00+0200,378.0,MW,ES,ES,forecast_solar_generation,Solar,2026-09-22T07:59:36Z
2026-09-22T07:58:25Z,2026-09-22T09:58:25+0200,34db2902-3fa2-47f0-b130-91fd3aa797b3,2026-09-17T21:00:00Z,2026-09-17T23:00:00+0200,404.0,MW,ES,ES,forecast_solar_generation,Solar,2026-09-22T07:59:36Z
2026-09-22T07:58:25Z,2026-09-22T09:58:25+0200,34db2902-3fa2-47f0-b130-91fd3aa797b3,2026-09-17T21:15:00Z,2026-09-17T23:15:00+0200,397.0,MW,ES,ES,forecast_solar_generation,Solar,2026-09-22T07:59:36Z
2026-09-22T07:58:25Z,2026-09-22T09:58:25+0200,34db2902-3fa2-47f0-b130-91fd3aa797b3,2026-09-17T21:30:00Z,2026-09-17T23:30:00+0200,375.0,MW,ES,ES,forecast_solar_generation,Solar,2026-09-22T07:59:36Z
2026-09-22T07:58:25Z,2026-09-22T09:58:25+0200,34db2902-3fa2-47f0-b130-91fd3aa797b3,2026-09-17T21:45:00Z,2026-09-17T23:45:00+0200,344.0,MW,ES,ES,forecast_solar_generation,Solar,2026-09-22T07:59:36Z
2026-09-22T07:58:25Z,2026-09-22T09:58:25+0200,34db2902-3fa2-47f0-b130-91fd3aa797b3,2026-09-17T22:00:00Z,2026-09-18T00:00:00+0200,307.0,MW,ES,ES,forecast_solar_generation,Solar,2026-09-22T07:59:36Z
2026-09-22T07:58:25Z,2026-09-22T09:58:25+0200,34db2902-3fa2-47f0-b130-91fd3aa797b3,2026-09-17T22:15:00Z,2026-09-18T00:15:00+0200,299.0,MW,ES,ES,forecast_solar_generation,Solar,2026-09-22T07:59:36Z
2026-09-22T07:58:25Z,2026-09-22T09:58:25+0200,34db2902-3fa2-47f0-b130-91fd3aa797b3,2026-09-17T22:30:00Z,2026-09-18T00:30:00+0200,292.0,MW,ES,ES,forecast_solar_generation,Solar,2026-09-22T07:59:36Z
2026-09-22T07:58:25Z,2026-09-22T09:58:25+0200,34db2902-3fa2-47f0-b130-91fd3aa797b3,2026-09-17T22:45:00Z,2026-09-18T00:45:00+0200,286.0,MW,ES,ES,forecast_solar_generation,Solar,2026-09-22T07:59:36Z
2026-09-22T07:58:25Z,2026-09-22T09:58:25+0200,34db2902-3fa2-47f0-b130-91fd3aa797b3,2026-09-17T23:00:00Z,2026-09-18T01:00:00+0200,279.0,MW,ES,ES,forecast_solar_generation,Solar,2026-09-22T07:59:36Z
2026-09-22T07:58:25Z,2026-09-22T09:58:25+0200,34db2902-3fa2-47f0-b130-91fd3aa797b3,2026-09-17T23:15:00Z,2026-09-18T01:15:00+0200,276.0,MW,ES,ES,forecast_solar_generation,Solar,2026-09-22T07:59:36Z
2026-09-22T07:58:25Z,2026-09-22T09:58:25+0200,34db2902-3fa2-47f0-b130-91fd3aa797b3,2026-09-17T23:30:00Z,2026-09-18T01:30:00+0200,276.0,MW,ES,ES,forecast_solar_generation,Solar,2026-09-22T07:59:36Z
2026-09-22T07:58:25Z,2026-09-22T09:58:25+0200,34db2902-3fa2-47f0-b130-91fd3aa797b3,2026-09-17T23:45:00Z,2026-09-18T01:45:00+0200,277.0,MW,ES,ES,forecast_solar_generation,Solar,2026-09-22T07:59:36Z
2026-09-22T07:58:25Z,2026-09-22T09:58:25+0200,34db2902-3fa2-47f0-b130-91fd3aa797b3,2026-09-18T00:00:00Z,2026-09-18T02:00:00+0200,280.0,MW,ES,ES,forecast_solar_generation,Solar,2026-09-22T07:59:36Z
2026-09-22T07:58:25Z,2026-09-22T09:58:25+0200,34db2902-3fa2-47f0-b130-91fd3aa797b3,2026-09-18T00:15:00Z,2026-09-18T02:15:00+0200,279.0,MW,ES,ES,forecast_solar_generation,Solar,2026-09-22T07:59:36Z
2026-09-22T07:58:25Z,2026-09-22T09:58:25+0200,34db2902-3fa2-47f0-b130-91fd3aa797b3,2026-09-18T00:30:00Z,2026-09-18T02:30:00+0200,275.0,MW,ES,ES,forecast_solar_generation,Solar,2026-09-22T07:59:36Z
2026-09-22T07:58:25Z,2026-09-22T09:58:25+0200,34db2902-3fa2-47f0-b130-91fd3aa797b3,2026-09-18T00:45:00Z,2026-09-18T02:45:00+0200,270.0,MW,ES,ES,forecast_solar_generation,Solar,2026-09-22T07:59:36Z
2026-09-22T07:58:25Z,2026-09-22T09:58:25+0200,34db2902-3fa2-47f0-b130-91fd3aa797b3,2026-09-18T01:00:00Z,2026-09-18T03:00:00+0200,264.0,MW,ES,ES,forecast_solar_generation,Solar,2026-09-22T07:59:36Z
2026-09-22T07:58:25Z,2026-09-22T09:58:25+0200,34db2902-3fa2-47f0-b130-91fd3aa797b3,2026-09-18T01:15:00Z,2026-09-18T03:15:00+0200,256.0,MW,ES,ES,forecast_solar_generation,Solar,2026-09-22T07:59:36Z
2026-09-22T07:58:25Z,2026-09-22T09:58:25+0200,34db2902-3fa2-47f0-b130-91fd3aa797b3,2026-09-18T01:30:00Z,2026-09-18T03:30:00+0200,248.0,MW,ES,ES,forecast_solar_generation,Solar,2026-09-22T07:59:36Z
2026-09-22T07:58:25Z,2026-09-22T09:58:25+0200,34db2902-3fa2-47f0-b130-91fd3aa797b3,2026-09-18T01:45:00Z,2026-09-18T03:45:00+0200,240.0,MW,ES,ES,forecast_solar_generation,Solar,2026-09-22T07:59:36Z
2026-09-22T07:58:25Z,2026-09-22T09:58:25+0200,34db2902-3fa2-47f0-b130-91fd3aa797b3,2026-09-18T02:00:00Z,2026-09-18T04:00:00+0200,234.0,MW,ES,ES,forecast_solar_generation,Solar,2026-09-22T07:59:36Z
2026-09-22T07:58:25Z,2026-09-22T09:58:25+0200,34db2902-3fa2-47f0-b130-91fd3aa797b3,2026-09-18T02:15:00Z,2026-09-18T04:15:00+0200,224.0,MW,ES,ES,forecast_solar_generation,Solar,2026-09-22T07:59:36Z
2026-09-22T07:58:25Z,2026-09-22T09:58:25+0200,34db2902-3fa2-47f0-b130-91fd3aa797b3,2026-09-18T02:30:00Z,2026-09-18T04:30:00+0200,214.0,MW,ES,ES,forecast_solar_generation,Solar,2026-09-22T07:59:36Z
2026-09-22T07:58:25Z,2026-09-22T09:58:25+0200,34db2902-3fa2-47f0-b130-91fd3aa797b3,2026-09-18T02:45:00Z,2026-09-18T04:45:00+0200,202.0,MW,ES,ES,forecast_solar_generation,Solar,2026-09-22T07:59:36Z
2026-09-22T07:58:25Z,2026-09-22T09:58:25+0200,34db2902-3fa2-47f0-b130-91fd3aa797b3,2026-09-18T03:00:00Z,2026-09-18T05:00:00+0200,192.0,MW,ES,ES,forecast_solar_generation,Solar,2026-09-22T07:59:36Z
2026-09-22T07:58:25Z,2026-09-22T09:58:25+0200,34db2902-3fa2-47f0-b130-91fd3aa797b3,2026-09-18T03:15:00Z,2026-09-18T05:15:00+0200,178.0,MW,ES,ES,forecast_solar_generation,Solar,2026-09-22T07:59:36Z
2026-09-22T07:58:25Z,2026-09-22T09:58:25+0200,34db2902-3fa2-47f0-b130-91fd3aa797b3,2026-09-18T03:30:00Z,2026-09-18T05:30:00+0200,163.0,MW,ES,ES,forecast_solar_generation,Solar,2026-09-22T07:59:36Z
2026-09-22T07:58:25Z,2026-09-22T09:58:25+0200,34db2902-3fa2-47f0-b130-91fd3aa797b3,2026-09-18T03:45:00Z,2026-09-18T05:45:00+0200,148.0,MW,ES,ES,forecast_solar_generation,Solar,2026-09-22T07:59:36Z
2026-09-22T07:58:25Z,2026-09-22T09:58:25+0200,34db2902-3fa2-47f0-b130-91fd3aa797b3,2026-09-18T04:00:00Z,2026-09-18T06:00:00+0200,132.0,MW,ES,ES,forecast_solar_generation,Solar,2026-09-22T07:59:36Z
2026-09-22T07:58:25Z,2026-09-22T09:58:25+0200,34db2902-3fa2-47f0-b130-91fd3aa797b3,2026-09-18T04:15:00Z,2026-09-18T06:15:00+0200,119.0,MW,ES,ES,forecast_solar_generation,Solar,2026-09-22T07:59:36Z
2026-09-22T07:58:25Z,2026-09-22T09:58:25+0200,34db2902-3fa2-47f0-b130-91fd3aa797b3,2026-09-18T04:30:00Z,2026-09-18T06:30:00+0200,108.0,MW,ES,ES,forecast_solar_generation,Solar,2026-09-22T07:59:36Z
2026-09-22T07:58:25Z,2026-09-22T09:58:25+0200,34db2902-3fa2-47f0-b130-91fd3aa797b3,2026-09-18T04:45:00Z,2026-09-18T06:45:00+0200,98.0,MW,ES,ES,forecast_solar_generation,Solar,2026-09-22T07:59:36Z
2026-09-22T07:58:25Z,2026-09-22T09:58:25+0200,34db2902-3fa2-47f0-b130-91fd3aa797b3,2026-09-18T05:00:00Z,2026-09-18T07:00:00+0200,89.0,MW,ES,ES,forecast_solar_generation,Solar,2026-09-22T07:59:36Z
2026-09-22T07:58:25Z,2026-09-22T09:58:25+0200,34db2902-3fa2-47f0-b130-91fd3aa797b3,2026-09-18T05:15:00Z,2026-09-18T07:15:00+0200,84.0,MW,ES,ES,forecast_solar_generation,Solar,2026-09-22T07:59:36Z
2026-09-22T07:58:25Z,2026-09-22T09:58:25+0200,34db2902-3fa2-47f0-b130-91fd3aa797b3,2026-09-18T05:30:00Z,2026-09-18T07:30:00+0200,88.0,MW,ES,ES,forecast_solar_generation,Solar,2026-09-22T07:59:36Z
2026-09-22T07:58:25Z,2026-09-22T09:58:25+0200,34db2902-3fa2-47f0-b130-91fd3aa797b3,2026-09-18T05:45:00Z,2026-09-18T07:45:00+0200,108.0,MW,ES,ES,forecast_solar_generation,Solar,2026-09-22T07:59:36Z
2026-09-22T07:58:25Z,2026-09-22T09:58:25+0200,34db2902-3fa2-47f0-b130-91fd3aa797b3,2026-09-18T06:00:00Z,2026-09-18T08:00:00+0200,926.0,MW,ES,ES,forecast_solar_generation,Solar,2026-09-22T07:59:36Z
2026-09-22T07:58:25Z,2026-09-22T09:58:25+0200,34db2902-3fa2-47f0-b130-91fd3aa797b3,2026-09-18T06:15:00Z,2026-09-18T08:15:00+0200,1753.0,MW,ES,ES,forecast_solar_generation,Solar,2026-09-22T07:59:36Z
2026-09-22T07:58:25Z,2026-09-22T09:58:25+0200,34db2902-3fa2-47f0-b130-91fd3aa797b3,2026-09-18T06:30:00Z,2026-09-18T08:30:00+0200,2963.0,MW,ES,ES,forecast_solar_generation,Solar,2026-09-22T07:59:36Z
2026-09-22T07:58:25Z,2026-09-22T09:58:25+0200,34db2902-3fa2-47f0-b130-91fd3aa797b3,2026-09-18T06:45:00Z,2026-09-18T08:45:00+0200,4428.0,MW,ES,ES,forecast_solar_generation,Solar,2026-09-22T07:59:36Z
2026-09-22T07:58:25Z,2026-09-22T09:58:25+0200,34db2902-3fa2-47f0-b130-91fd3aa797b3,2026-09-18T07:00:00Z,2026-09-18T09:00:00+0200,7876.0,MW,ES,ES,forecast_solar_generation,Solar,2026-09-22T07:59:36Z
2026-09-22T07:58:25Z,2026-09-22T09:58:25+0200,34db2902-3fa2-47f0-b130-91fd3aa797b3,2026-09-18T07:15:00Z,2026-09-18T09:15:00+0200,9866.0,MW,ES,ES,forecast_solar_generation,Solar,2026-09-22T07:59:36Z
2026-09-22T07:58:25Z,2026-09-22T09:58:25+0200,34db2902-3fa2-47f0-b130-91fd3aa797b3,2026-09-18T07:30:00Z,2026-09-18T09:30:00+0200,11967.0,MW,ES,ES,forecast_solar_generation,Solar,2026-09-22T07:59:36Z
2026-09-22T07:58:25Z,2026-09-22T09:58:25+0200,34db2902-3fa2-47f0-b130-91fd3aa797b3,2026-09-18T07:45:00Z,2026-09-18T09:45:00+0200,13950.0,MW,ES,ES,forecast_solar_generation,Solar,2026-09-22T07:59:36Z
2026-09-22T07:58:25Z,2026-09-22T09:58:25+0200,34db2902-3fa2-47f0-b130-91fd3aa797b3,2026-09-18T08:00:00Z,2026-09-18T10:00:00+0200,16878.0,MW,ES,ES,forecast_solar_generation,Solar,2026-09-22T07:59:36Z
2026-09-22T07:58:25Z,2026-09-22T09:58:25+0200,34db2902-3fa2-47f0-b130-91fd3aa797b3,2026-09-18T08:15:00Z,2026-09-18T10:15:00+0200,18406.0,MW,ES,ES,forecast_solar_generation,Solar,2026-09-22T07:59:36Z
2026-09-22T07:58:25Z,2026-09-22T09:58:25+0200,34db2902-3fa2-47f0-b130-91fd3aa797b3,2026-09-18T08:30:00Z,2026-09-18T10:30:00+0200,19563.0,MW,ES,ES,forecast_solar_generation,Solar,2026-09-22T07:59:36Z
2026-09-22T07:58:25Z,2026-09-22T09:58:25+0200,34db2902-3fa2-47f0-b130-91fd3aa797b3,2026-09-18T08:45:00Z,2026-09-18T10:45:00+0200,20460.0,MW,ES,ES,forecast_solar_generation,Solar,2026-09-22T07:59:36Z
2026-09-22T07:58:25Z,2026-09-22T09:58:25+0200,34db2902-3fa2-47f0-b130-91fd3aa797b3,2026-09-18T09:00:00Z,2026-09-18T11:00:00+0200,20922.0,MW,ES,ES,forecast_solar_generation,Solar,2026-09-22T07:59:36Z
2026-09-22T07:58:25Z,2026-09-22T09:58:25+0200,34db2902-3fa2-47f0-b130-91fd3aa797b3,2026-09-18T09:15:00Z,2026-09-18T11:15:00+0200,21407.0,MW,ES,ES,forecast_solar_generation,Solar,2026-09-22T07:59:36Z
2026-09-22T07:58:25Z,2026-09-22T09:58:25+0200,34db2902-3fa2-47f0-b130-91fd3aa797b3,2026-09-18T09:30:00Z,2026-09-18T11:30:00+0200,21775.0,MW,ES,ES,forecast_solar_generation,Solar,2026-09-22T07:59:36Z
2026-09-22T07:58:25Z,2026-09-22T09:58:25+0200,34db2902-3fa2-47f0-b130-91fd3aa797b3,2026-09-18T09:45:00Z,2026-09-18T11:45:00+0200,22102.0,MW,ES,ES,forecast_solar_generation,Solar,2026-09-22T07:59:36Z
2026-09-22T07:58:25Z,2026-09-22T09:58:25+0200,34db2902-3fa2-47f0-b130-91fd3aa797b3,2026-09-18T10:00:00Z,2026-09-18T12:00:00+0200,22786.0,MW,ES,ES,forecast_solar_generation,Solar,2026-09-22T07:59:36Z
2026-09-22T07:58:25Z,2026-09-22T09:58:25+0200,34db2902-3fa2-47f0-b130-91fd3aa797b3,2026-09-18T10:15:00Z,2026-09-18T12:15:00+0200,22962.0,MW,ES,ES,forecast_solar_generation,Solar,2026-09-22T07:59:36Z
2026-09-22T07:58:25Z,2026-09-22T09:58:25+0200,34db2902-3fa2-47f0-b130-91fd3aa797b3,2026-09-18T10:30:00Z,2026-09-18T12:30:00+0200,23096.0,MW,ES,ES,forecast_solar_generation,Solar,2026-09-22T07:59:36Z
2026-09-22T07:58:25Z,2026-09-22T09:58:25+0200,34db2902-3fa2-47f0-b130-91fd3aa797b3,2026-09-18T10:45:00Z,2026-09-18T12:45:00+0200,23176.0,MW,ES,ES,forecast_solar_generation,Solar,2026-09-22T07:59:36Z
2026-09-22T07:58:25Z,2026-09-22T09:58:25+0200,34db2902-3fa2-47f0-b130-91fd3aa797b3,2026-09-18T11:00:00Z,2026-09-18T13:00:00+0200,23312.0,MW,ES,ES,forecast_solar_generation,Solar,2026-09-22T07:59:36Z
2026-09-22T07:58:25Z,2026-09-22T09:58:25+0200,34db2902-3fa2-47f0-b130-91fd3aa797b3,2026-09-18T11:15:00Z,2026-09-18T13:15:00+0200,23436.0,MW,ES,ES,forecast_solar_generation,Solar,2026-09-22T07:59:36Z
2026-09-22T07:58:25Z,2026-09-22T09:58:25+0200,34db2902-3fa2-47f0-b130-91fd3aa797b3,2026-09-18T11:30:00Z,2026-09-18T13:30:00+0200,23462.0,MW,ES,ES,forecast_solar_generation,Solar,2026-09-22T07:59:36Z
2026-09-22T07:58:25Z,2026-09-22T09:58:25+0200,34db2902-3fa2-47f0-b130-91fd3aa797b3,2026-09-18T11:45:00Z,2026-09-18T13:45:00+0200,23463.0,MW,ES,ES,forecast_solar_generation,Solar,2026-09-22T07:59:36Z
2026-09-22T07:58:25Z,2026-09-22T09:58:25+0200,34db2902-3fa2-47f0-b130-91fd3aa797b3,2026-09-18T12:00:00Z,2026-09-18T14:00:00+0200,23886.0,MW,ES,ES,forecast_solar_generation,Solar,2026-09-22T07:59:36Z
2026-09-22T07:58:25Z,2026-09-22T09:58:25+0200,34db2902-3fa2-47f0-b130-91fd3aa797b3,2026-09-18T12:15:00Z,2026-09-18T14:15:00+0200,23790.0,MW,ES,ES,forecast_solar_generation,Solar,2026-09-22T07:59:36Z
2026-09-22T07:58:25Z,2026-09-22T09:58:25+0200,34db2902-3fa2-47f0-b130-91fd3aa797b3,2026-09-18T12:30:00Z,2026-09-18T14:30:00+0200,23671.0,MW,ES,ES,forecast_solar_generation,Solar,2026-09-22T07:59:36Z
2026-09-22T07:58:25Z,2026-09-22T09:58:25+0200,34db2902-3fa2-47f0-b130-91fd3aa797b3,2026-09-18T12:45:00Z,2026-09-18T14:45:00+0200,23529.0,MW,ES,ES,forecast_solar_generation,Solar,2026-09-22T07:59:36Z
2026-09-22T07:58:25Z,2026-09-22T09:58:25+0200,34db2902-3fa2-47f0-b130-91fd3aa797b3,2026-09-18T13:00:00Z,2026-09-18T15:00:00+0200,23413.0,MW,ES,ES,forecast_solar_generation,Solar,2026-09-22T07:59:36Z
2026-09-22T07:58:25Z,2026-09-22T09:58:25+0200,34db2902-3fa2-47f0-b130-91fd3aa797b3,2026-09-18T13:15:00Z,2026-09-18T15:15:00+0200,23282.0,MW,ES,ES,forecast_solar_generation,Solar,2026-09-22T07:59:36Z
2026-09-22T07:58:25Z,2026-09-22T09:58:25+0200,34db2902-3fa2-47f0-b130-91fd3aa797b3,2026-09-18T13:30:00Z,2026-09-18T15:30:00+0200,23107.0,MW,ES,ES,forecast_solar_generation,Solar,2026-09-22T07:59:36Z
2026-09-22T07:58:25Z,2026-09-22T09:58:25+0200,34db2902-3fa2-47f0-b130-91fd3aa797b3,2026-09-18T13:45:00Z,2026-09-18T15:45:00+0200,22924.0,MW,ES,ES,forecast_solar_generation,Solar,2026-09-22T07:59:36Z
2026-09-22T07:58:25Z,2026-09-22T09:58:25+0200,34db2902-3fa2-47f0-b130-91fd3aa797b3,2026-09-18T14:00:00Z,2026-09-18T16:00:00+0200,22732.0,MW,ES,ES,forecast_solar_generation,Solar,2026-09-22T07:59:36Z
2026-09-22T07:58:25Z,2026-09-22T09:58:25+0200,34db2902-3fa2-47f0-b130-91fd3aa797b3,2026-09-18T14:15:00Z,2026-09-18T16:15:00+0200,22488.0,MW,ES,ES,forecast_solar_generation,Solar,2026-09-22T07:59:36Z
2026-09-22T07:58:25Z,2026-09-22T09:58:25+0200,34db2902-3fa2-47f0-b130-91fd3aa797b3,2026-09-18T14:30:00Z,2026-09-18T16:30:00+0200,22222.0,MW,ES,ES,forecast_solar_generation,Solar,2026-09-22T07:59:36Z
2026-09-22T07:58:25Z,2026-09-22T09:58:25+0200,34db2902-3fa2-47f0-b130-91fd3aa797b3,2026-09-18T14:45:00Z,2026-09-18T16:45:00+0200,21903.0,MW,ES,ES,forecast_solar_generation,Solar,2026-09-22T07:59:36Z
2026-09-22T07:58:25Z,2026-09-22T09:58:25+0200,34db2902-3fa2-47f0-b130-91fd3aa797b3,2026-09-18T15:00:00Z,2026-09-18T17:00:00+0200,21637.0,MW,ES,ES,forecast_solar_generation,Solar,2026-09-22T07:59:36Z
2026-09-22T07:58:25Z,2026-09-22T09:58:25+0200,34db2902-3fa2-47f0-b130-91fd3aa797b3,2026-09-18T15:15:00Z,2026-09-18T17:15:00+0200,21023.0,MW,ES,ES,forecast_solar_generation,Solar,2026-09-22T07:59:36Z
2026-09-22T07:58:25Z,2026-09-22T09:58:25+0200,34db2902-3fa2-47f0-b130-91fd3aa797b3,2026-09-18T15:30:00Z,2026-09-18T17:30:00+0200,20206.0,MW,ES,ES,forecast_solar_generation,Solar,2026-09-22T07:59:36Z
2026-09-22T07:58:25Z,2026-09-22T09:58:25+0200,34db2902-3fa2-47f0-b130-91fd3aa797b3,2026-09-18T15:45:00Z,2026-09-18T17:45:00+0200,19220.0,MW,ES,ES,forecast_solar_generation,Solar,2026-09-22T07:59:36Z
2026-09-22T07:58:25Z,2026-09-22T09:58:25+0200,34db2902-3fa2-47f0-b130-91fd3aa797b3,2026-09-18T16:00:00Z,2026-09-18T18:00:00+0200,18608.0,MW,ES,ES,forecast_solar_generation,Solar,2026-09-22T07:59:36Z
2026-09-22T07:58:25Z,2026-09-22T09:58:25+0200,34db2902-3fa2-47f0-b130-91fd3aa797b3,2026-09-18T16:15:00Z,2026-09-18T18:15:00+0200,16903.0,MW,ES,ES,forecast_solar_generation,Solar,2026-09-22T07:59:36Z
2026-09-22T07:58:25Z,2026-09-22T09:58:25+0200,34db2902-3fa2-47f0-b130-91fd3aa797b3,2026-09-18T16:30:00Z,2026-09-18T18:30:00+0200,14824.0,MW,ES,ES,forecast_solar_generation,Solar,2026-09-22T07:59:36Z
2026-09-22T07:58:25Z,2026-09-22T09:58:25+0200,34db2902-3fa2-47f0-b130-91fd3aa797b3,2026-09-18T16:45:00Z,2026-09-18T18:45:00+0200,12456.0,MW,ES,ES,forecast_solar_generation,Solar,2026-09-22T07:59:36Z
2026-09-22T07:58:25Z,2026-09-22T09:58:25+0200,34db2902-3fa2-47f0-b130-91fd3aa797b3,2026-09-18T17:00:00Z,2026-09-18T19:00:00+0200,10519.0,MW,ES,ES,forecast_solar_generation,Solar,2026-09-22T07:59:36Z
2026-09-22T07:58:25Z,2026-09-22T09:58:25+0200,34db2902-3fa2-47f0-b130-91fd3aa797b3,2026-09-18T17:15:00Z,2026-09-18T19:15:00+0200,8049.0,MW,ES,ES,forecast_solar_generation,Solar,2026-09-22T07:59:36Z
2026-09-22T07:58:25Z,2026-09-22T09:58:25+0200,34db2902-3fa2-47f0-b130-91fd3aa797b3,2026-09-18T17:30:00Z,2026-09-18T19:30:00+0200,5758.0,MW,ES,ES,forecast_solar_generation,Solar,2026-09-22T07:59:36Z
2026-09-22T07:58:25Z,2026-09-22T09:58:25+0200,34db2902-3fa2-47f0-b130-91fd3aa797b3,2026-09-18T17:45:00Z,2026-09-18T19:45:00+0200,3760.0,MW,ES,ES,forecast_solar_generation,Solar,2026-09-22T07:59:36Z
2026-09-22T07:58:25Z,2026-09-22T09:58:25+0200,34db2902-3fa2-47f0-b130-91fd3aa797b3,2026-09-18T18:00:00Z,2026-09-18T20:00:00+0200,2282.0,MW,ES,ES,forecast_solar_generation,Solar,2026-09-22T07:59:36Z
2026-09-22T07:58:25Z,2026-09-22T09:58:25+0200,34db2902-3fa2-47f0-b130-91fd3aa797b3,2026-09-18T18:15:00Z,2026-09-18T20:15:00+0200,1238.0,MW,ES,ES,forecast_solar_generation,Solar,2026-09-22T07:59:36Z
2026-09-22T07:58:25Z,2026-09-22T09:58:25+0200,34db2902-3fa2-47f0-b130-91fd3aa797b3,2026-09-18T18:30:00Z,2026-09-18T20:30:00+0200,658.0,MW,ES,ES,forecast_solar_generation,Solar,2026-09-22T07:59:36Z
2026-09-22T07:58:25Z,2026-09-22T09:58:25+0200,34db2902-3fa2-47f0-b130-91fd3aa797b3,2026-09-18T18:45:00Z,2026-09-18T20:45:00+0200,571.0,MW,ES,ES,forecast_solar_generation,Solar,2026-09-22T07:59:36Z
2026-09-22T07:58:25Z,2026-09-22T09:58:25+0200,34db2902-3fa2-47f0-b130-91fd3aa797b3,2026-09-18T19:00:00Z,2026-09-18T21:00:00+0200,524.0,MW,ES,ES,forecast_solar_generation,Solar,2026-09-22T07:59:36Z
2026-09-22T07:58:25Z,2026-09-22T09:58:25+0200,34db2902-3fa2-47f0-b130-91fd3aa797b3,2026-09-18T19:15:00Z,2026-09-18T21:15:00+0200,494.0,MW,ES,ES,forecast_solar_generation,Solar,2026-09-22T07:59:36Z
2026-09-22T07:58:25Z,2026-09-22T09:58:25+0200,34db2902-3fa2-47f0-b130-91fd3aa797b3,2026-09-18T19:30:00Z,2026-09-18T21:30:00+0200,470.0,MW,ES,ES,forecast_solar_generation,Solar,2026-09-22T07:59:36Z
2026-09-22T07:58:25Z,2026-09-22T09:58:25+0200,34db2902-3fa2-47f0-b130-91fd3aa797b3,2026-09-18T19:45:00Z,2026-09-18T21:45:00+0200,452.0,MW,ES,ES,forecast_solar_generation,Solar,2026-09-22T07:59:36Z
2026-09-22T07:58:25Z,2026-09-22T09:58:25+0200,34db2902-3fa2-47f0-b130-91fd3aa797b3,2026-09-18T20:00:00Z,2026-09-18T22:00:00+0200,428.0,MW,ES,ES,forecast_solar_generation,Solar,2026-09-22T07:59:36Z
2026-09-22T07:58:25Z,2026-09-22T09:58:25+0200,34db2902-3fa2-47f0-b130-91fd3aa797b3,2026-09-18T20:15:00Z,2026-09-18T22:15:00+0200,425.0,MW,ES,ES,forecast_solar_generation,Solar,2026-09-22T07:59:36Z
2026-09-22T07:58:25Z,2026-09-22T09:58:25+0200,34db2902-3fa2-47f0-b130-91fd3aa797b3,2026-09-18T20:30:00Z,2026-09-18T22:30:00+0200,429.0,MW,ES,ES,forecast_solar_generation,Solar,2026-09-22T07:59:36Z
2026-09-22T07:58:25Z,2026-09-22T09:58:25+0200,34db2902-3fa2-47f0-b130-91fd3aa797b3,2026-09-18T20:45:00Z,2026-09-18T22:45:00+0200,437.0,MW,ES,ES,forecast_solar_generation,Solar,2026-09-22T07:59:36Z
2026-09-22T07:58:25Z,2026-09-22T09:58:25+0200,34db2902-3fa2-47f0-b130-91fd3aa797b3,2026-09-18T21:00:00Z,2026-09-18T23:00:00+0200,455.0,MW,ES,ES,forecast_solar_generation,Solar,2026-09-22T07:59:36Z
2026-09-22T07:58:25Z,2026-09-22T09:58:25+0200,34db2902-3fa2-47f0-b130-91fd3aa797b3,2026-09-18T21:15:00Z,2026-09-18T23:15:00+0200,458.0,MW,ES,ES,forecast_solar_generation,Solar,2026-09-22T07:59:36Z
2026-09-22T07:58:25Z,2026-09-22T09:58:25+0200,34db2902-3fa2-47f0-b130-91fd3aa797b3,2026-09-18T21:30:00Z,2026-09-18T23:30:00+0200,453.0,MW,ES,ES,forecast_solar_generation,Solar,2026-09-22T07:59:36Z
2026-09-22T07:58:25Z,2026-09-22T09:58:25+0200,34db2902-3fa2-47f0-b130-91fd3aa797b3,2026-09-18T21:45:00Z,2026-09-18T23:45:00+0200,441.0,MW,ES,ES,forecast_solar_generation,Solar,2026-09-22T07:59:36Z
2026-09-22T07:58:25Z,2026-09-22T09:58:25+0200,34db2902-3fa2-47f0-b130-91fd3aa797b3,2026-09-18T22:00:00Z,2026-09-19T00:00:00+0200,330.0,MW,ES,ES,forecast_solar_generation,Solar,2026-09-22T07:59:36Z
2026-09-22T07:58:25Z,2026-09-22T09:58:25+0200,34db2902-3fa2-47f0-b130-91fd3aa797b3,2026-09-18T22:15:00Z,2026-09-19T00:15:00+0200,314.0,MW,ES,ES,forecast_solar_generation,Solar,2026-09-22T07:59:36Z
2026-09-22T07:58:25Z,2026-09-22T09:58:25+0200,34db2902-3fa2-47f0-b130-91fd3aa797b3,2026-09-18T22:30:00Z,2026-09-19T00:30:00+0200,299.0,MW,ES,ES,forecast_solar_generation,Solar,2026-09-22T07:59:36Z
2026-09-22T07:58:25Z,2026-09-22T09:58:25+0200,34db2902-3fa2-47f0-b130-91fd3aa797b3,2026-09-18T22:45:00Z,2026-09-19T00:45:00+0200,284.0,MW,ES,ES,forecast_solar_generation,Solar,2026-09-22T07:59:36Z
2026-09-22T07:58:25Z,2026-09-22T09:58:25+0200,34db2902-3fa2-47f0-b130-91fd3aa797b3,2026-09-18T23:00:00Z,2026-09-19T01:00:00+0200,265.0,MW,ES,ES,forecast_solar_generation,Solar,2026-09-22T07:59:36Z
2026-09-22T07:58:25Z,2026-09-22T09:58:25+0200,34db2902-3fa2-47f0-b130-91fd3aa797b3,2026-09-18T23:15:00Z,2026-09-19T01:15:00+0200,258.0,MW,ES,ES,forecast_solar_generation,Solar,2026-09-22T07:59:36Z
2026-09-22T07:58:25Z,2026-09-22T09:58:25+0200,34db2902-3fa2-47f0-b130-91fd3aa797b3,2026-09-18T23:30:00Z,2026-09-19T01:30:00+0200,255.0,MW,ES,ES,forecast_solar_generation,Solar,2026-09-22T07:59:36Z
2026-09-22T07:58:25Z,2026-09-22T09:58:25+0200,34db2902-3fa2-47f0-b130-91fd3aa797b3,2026-09-18T23:45:00Z,2026-09-19T01:45:00+0200,256.0,MW,ES,ES,forecast_solar_generation,Solar,2026-09-22T07:59:36Z
2026-09-22T07:58:25Z,2026-09-22T09:58:25+0200,34db2902-3fa2-47f0-b130-91fd3aa797b3,2026-09-19T00:00:00Z,2026-09-19T02:00:00+0200,262.0,MW,ES,ES,forecast_solar_generation,Solar,2026-09-22T07:59:36Z
2026-09-22T07:58:25Z,2026-09-22T09:58:25+0200,34db2902-3fa2-47f0-b130-91fd3aa797b3,2026-09-19T00:15:00Z,2026-09-19T02:15:00+0200,263.0,MW,ES,ES,forecast_solar_generation,Solar,2026-09-22T07:59:36Z
2026-09-22T07:58:25Z,2026-09-22T09:58:25+0200,34db2902-3fa2-47f0-b130-91fd3aa797b3,2026-09-19T00:30:00Z,2026-09-19T02:30:00+0200,261.0,MW,ES,ES,forecast_solar_generation,Solar,2026-09-22T07:59:36Z
2026-09-22T07:58:25Z,2026-09-22T09:58:25+0200,34db2902-3fa2-47f0-b130-91fd3aa797b3,2026-09-19T00:45:00Z,2026-09-19T02:45:00+0200,256.0,MW,ES,ES,forecast_solar_generation,Solar,2026-09-22T07:59:36Z
2026-09-22T07:58:25Z,2026-09-22T09:58:25+0200,34db2902-3fa2-47f0-b130-91fd3aa797b3,2026-09-19T01:00:00Z,2026-09-19T03:00:00+0200,253.0,MW,ES,ES,forecast_solar_generation,Solar,2026-09-22T07:59:36Z
2026-09-22T07:58:25Z,2026-09-22T09:58:25+0200,34db2902-3fa2-47f0-b130-91fd3aa797b3,2026-09-19T01:15:00Z,2026-09-19T03:15:00+0200,244.0,MW,ES,ES,forecast_solar_generation,Solar,2026-09-22T07:59:36Z
2026-09-22T07:58:25Z,2026-09-22T09:58:25+0200,34db2902-3fa2-47f0-b130-91fd3aa797b3,2026-09-19T01:30:00Z,2026-09-19T03:30:00+0200,233.0,MW,ES,ES,forecast_solar_generation,Solar,2026-09-22T07:59:36Z
2026-09-22T07:58:25Z,2026-09-22T09:58:25+0200,34db2902-3fa2-47f0-b130-91fd3aa797b3,2026-09-19T01:45:00Z,2026-09-19T03:45:00+0200,220.0,MW,ES,ES,forecast_solar_generation,Solar,2026-09-22T07:59:36Z
2026-09-22T07:58:25Z,2026-09-22T09:58:25+0200,34db2902-3fa2-47f0-b130-91fd3aa797b3,2026-09-19T02:00:00Z,2026-09-19T04:00:00+0200,210.0,MW,ES,ES,forecast_solar_generation,Solar,2026-09-22T07:59:36Z
2026-09-22T07:58:25Z,2026-09-22T09:58:25+0200,34db2902-3fa2-47f0-b130-91fd3aa797b3,2026-09-19T02:15:00Z,2026-09-19T04:15:00+0200,196.0,MW,ES,ES,forecast_solar_generation,Solar,2026-09-22T07:59:36Z
2026-09-22T07:58:25Z,2026-09-22T09:58:25+0200,34db2902-3fa2-47f0-b130-91fd3aa797b3,2026-09-19T02:30:00Z,2026-09-19T04:30:00+0200,181.0,MW,ES,ES,forecast_solar_generation,Solar,2026-09-22T07:59:36Z
2026-09-22T07:58:25Z,2026-09-22T09:58:25+0200,34db2902-3fa2-47f0-b130-91fd3aa797b3,2026-09-19T02:45:00Z,2026-09-19T04:45:00+0200,166.0,MW,ES,ES,forecast_solar_generation,Solar,2026-09-22T07:59:36Z
2026-09-22T07:58:25Z,2026-09-22T09:58:25+0200,34db2902-3fa2-47f0-b130-91fd3aa797b3,2026-09-19T03:00:00Z,2026-09-19T05:00:00+0200,151.0,MW,ES,ES,forecast_solar_generation,Solar,2026-09-22T07:59:36Z
2026-09-22T07:58:25Z,2026-09-22T09:58:25+0200,34db2902-3fa2-47f0-b130-91fd3aa797b3,2026-09-19T03:15:00Z,2026-09-19T05:15:00+0200,138.0,MW,ES,ES,forecast_solar_generation,Solar,2026-09-22T07:59:36Z
2026-09-22T07:58:25Z,2026-09-22T09:58:25+0200,34db2902-3fa2-47f0-b130-91fd3aa797b3,2026-09-19T03:30:00Z,2026-09-19T05:30:00+0200,127.0,MW,ES,ES,forecast_solar_generation,Solar,2026-09-22T07:59:36Z
2026-09-22T07:58:25Z,2026-09-22T09:58:25+0200,34db2902-3fa2-47f0-b130-91fd3aa797b3,2026-09-19T03:45:00Z,2026-09-19T05:45:00+0200,118.0,MW,ES,ES,forecast_solar_generation,Solar,2026-09-22T07:59:36Z
2026-09-22T07:58:25Z,2026-09-22T09:58:25+0200,34db2902-3fa2-47f0-b130-91fd3aa797b3,2026-09-19T04:00:00Z,2026-09-19T06:00:00+0200,112.0,MW,ES,ES,forecast_solar_generation,Solar,2026-09-22T07:59:36Z
2026-09-22T07:58:25Z,2026-09-22T09:58:25+0200,34db2902-3fa2-47f0-b130-91fd3aa797b3,2026-09-19T04:15:00Z,2026-09-19T06:15:00+0200,102.0,MW,ES,ES,forecast_solar_generation,Solar,2026-09-22T07:59:36Z
2026-09-22T07:58:25Z,2026-09-22T09:58:25+0200,34db2902-3fa2-47f0-b130-91fd3aa797b3,2026-09-19T04:30:00Z,2026-09-19T06:30:00+0200,92.0,MW,ES,ES,forecast_solar_generation,Solar,2026-09-22T07:59:36Z
2026-09-22T07:58:25Z,2026-09-22T09:58:25+0200,34db2902-3fa2-47f0-b130-91fd3aa797b3,2026-09-19T04:45:00Z,2026-09-19T06:45:00+0200,82.0,MW,ES,ES,forecast_solar_generation,Solar,2026-09-22T07:59:36Z
2026-09-22T07:58:25Z,2026-09-22T09:58:25+0200,34db2902-3fa2-47f0-b130-91fd3aa797b3,2026-09-19T05:00:00Z,2026-09-19T07:00:00+0200,69.0,MW,ES,ES,forecast_solar_generation,Solar,2026-09-22T07:59:36Z
2026-09-22T07:58:25Z,2026-09-22T09:58:25+0200,34db2902-3fa2-47f0-b130-91fd3aa797b3,2026-09-19T05:15:00Z,2026-09-19T07:15:00+0200,65.0,MW,ES,ES,forecast_solar_generation,Solar,2026-09-22T07:59:36Z
2026-09-22T07:58:25Z,2026-09-22T09:58:25+0200,34db2902-3fa2-47f0-b130-91fd3aa797b3,2026-09-19T05:30:00Z,2026-09-19T07:30:00+0200,78.0,MW,ES,ES,forecast_solar_generation,Solar,2026-09-22T07:59:36Z
2026-09-22T07:58:25Z,2026-09-22T09:58:25+0200,34db2902-3fa2-47f0-b130-91fd3aa797b3,2026-09-19T05:45:00Z,2026-09-19T07:45:00+0200,104.0,MW,ES,ES,forecast_solar_generation,Solar,2026-09-22T07:59:36Z
2026-09-22T07:58:25Z,2026-09-22T09:58:25+0200,34db2902-3fa2-47f0-b130-91fd3aa797b3,2026-09-19T06:00:00Z,2026-09-19T08:00:00+0200,1329.0,MW,ES,ES,forecast_solar_generation,Solar,2026-09-22T07:59:36Z
2026-09-22T07:58:25Z,2026-09-22T09:58:25+0200,34db2902-3fa2-47f0-b130-91fd3aa797b3,2026-09-19T06:15:00Z,2026-09-19T08:15:00+0200,2393.0,MW,ES,ES,forecast_solar_generation,Solar,2026-09-22T07:59:36Z
2026-09-22T07:58:25Z,2026-09-22T09:58:25+0200,34db2902-3fa2-47f0-b130-91fd3aa797b3,2026-09-19T06:30:00Z,2026-09-19T08:30:00+0200,3828.0,MW,ES,ES,forecast_solar_generation,Solar,2026-09-22T07:59:36Z
2026-09-22T07:58:25Z,2026-09-22T09:58:25+0200,34db2902-3fa2-47f0-b130-91fd3aa797b3,2026-09-19T06:45:00Z,2026-09-19T08:45:00+0200,5512.0,MW,ES,ES,forecast_solar_generation,Solar,2026-09-22T07:59:36Z
2026-09-22T07:58:25Z,2026-09-22T09:58:25+0200,34db2902-3fa2-47f0-b130-91fd3aa797b3,2026-09-19T07:00:00Z,2026-09-19T09:00:00+0200,9300.0,MW,ES,ES,forecast_solar_generation,Solar,2026-09-22T07:59:36Z
2026-09-22T07:58:25Z,2026-09-22T09:58:25+0200,34db2902-3fa2-47f0-b130-91fd3aa797b3,2026-09-19T07:15:00Z,2026-09-19T09:15:00+0200,11686.0,MW,ES,ES,forecast_solar_generation,Solar,2026-09-22T07:59:36Z
2026-09-22T07:58:25Z,2026-09-22T09:58:25+0200,34db2902-3fa2-47f0-b130-91fd3aa797b3,2026-09-19T07:30:00Z,2026-09-19T09:30:00+0200,13731.0,MW,ES,ES,forecast_solar_generation,Solar,2026-09-22T07:59:36Z
2026-09-22T07:58:25Z,2026-09-22T09:58:25+0200,34db2902-3fa2-47f0-b130-91fd3aa797b3,2026-09-19T07:45:00Z,2026-09-19T09:45:00+0200,15666.0,MW,ES,ES,forecast_solar_generation,Solar,2026-09-22T07:59:36Z
2026-09-22T07:58:25Z,2026-09-22T09:58:25+0200,34db2902-3fa2-47f0-b130-91fd3aa797b3,2026-09-19T08:00:00Z,2026-09-19T10:00:00+0200,18353.0,MW,ES,ES,forecast_solar_generation,Solar,2026-09-22T07:59:36Z
2026-09-22T07:58:25Z,2026-09-22T09:58:25+0200,34db2902-3fa2-47f0-b130-91fd3aa797b3,2026-09-19T08:15:00Z,2026-09-19T10:15:00+0200,19830.0,MW,ES,ES,forecast_solar_generation,Solar,2026-09-22T07:59:36Z
2026-09-22T07:58:25Z,2026-09-22T09:58:25+0200,34db2902-3fa2-47f0-b130-91fd3aa797b3,2026-09-19T08:30:00Z,2026-09-19T10:30:00+0200,20828.0,MW,ES,ES,forecast_solar_generation,Solar,2026-09-22T07:59:36Z
2026-09-22T07:58:25Z,2026-09-22T09:58:25+0200,34db2902-3fa2-47f0-b130-91fd3aa797b3,2026-09-19T08:45:00Z,2026-09-19T10:45:00+0200,21286.0,MW,ES,ES,forecast_solar_generation,Solar,2026-09-22T07:59:36Z
2026-09-22T07:58:25Z,2026-09-22T09:58:25+0200,34db2902-3fa2-47f0-b130-91fd3aa797b3,2026-09-19T09:00:00Z,2026-09-19T11:00:00+0200,21851.0,MW,ES,ES,forecast_solar_generation,Solar,2026-09-22T07:59:36Z
2026-09-22T07:58:25Z,2026-09-22T09:58:25+0200,34db2902-3fa2-47f0-b130-91fd3aa797b3,2026-09-19T09:15:00Z,2026-09-19T11:15:00+0200,22347.0,MW,ES,ES,forecast_solar_generation,Solar,2026-09-22T07:59:36Z
2026-09-22T07:58:25Z,2026-09-22T09:58:25+0200,34db2902-3fa2-47f0-b130-91fd3aa797b3,2026-09-19T09:30:00Z,2026-09-19T11:30:00+0200,22670.0,MW,ES,ES,forecast_solar_generation,Solar,2026-09-22T07:59:36Z
2026-09-22T07:58:25Z,2026-09-22T09:58:25+0200,34db2902-3fa2-47f0-b130-91fd3aa797b3,2026-09-19T09:45:00Z,2026-09-19T11:45:00+0200,22877.0,MW,ES,ES,forecast_solar_generation,Solar,2026-09-22T07:59:36Z
2026-09-22T07:58:25Z,2026-09-22T09:58:25+0200,34db2902-3fa2-47f0-b130-91fd3aa797b3,2026-09-19T10:00:00Z,2026-09-19T12:00:00+0200,23200.0,MW,ES,ES,forecast_solar_generation,Solar,2026-09-22T07:59:36Z
2026-09-22T07:58:25Z,2026-09-22T09:58:25+0200,34db2902-3fa2-47f0-b130-91fd3aa797b3,2026-09-19T10:15:00Z,2026-09-19T12:15:00+0200,23349.0,MW,ES,ES,forecast_solar_generation,Solar,2026-09-22T07:59:36Z
2026-09-22T07:58:25Z,2026-09-22T09:58:25+0200,34db2902-3fa2-47f0-b130-91fd3aa797b3,2026-09-19T10:30:00Z,2026-09-19T12:30:00+0200,23414.0,MW,ES,ES,forecast_solar_generation,Solar,2026-09-22T07:59:36Z
2026-09-22T07:58:25Z,2026-09-22T09:58:25+0200,34db2902-3fa2-47f0-b130-91fd3aa797b3,2026-09-19T10:45:00Z,2026-09-19T12:45:00+0200,23382.0,MW,ES,ES,forecast_solar_generation,Solar,2026-09-22T07:59:36Z
2026-09-22T07:58:25Z,2026-09-22T09:58:25+0200,34db2902-3fa2-47f0-b130-91fd3aa797b3,2026-09-19T11:00:00Z,2026-09-19T13:00:00+0200,23311.0,MW,ES,ES,forecast_solar_generation,Solar,2026-09-22T07:59:36Z
2026-09-22T07:58:25Z,2026-09-22T09:58:25+0200,34db2902-3fa2-47f0-b130-91fd3aa797b3,2026-09-19T11:15:00Z,2026-09-19T13:15:00+0200,23291.0,MW,ES,ES,forecast_solar_generation,Solar,2026-09-22T07:59:36Z
2026-09-22T07:58:25Z,2026-09-22T09:58:25+0200,34db2902-3fa2-47f0-b130-91fd3aa797b3,2026-09-19T11:30:00Z,2026-09-19T13:30:00+0200,24694.0,MW,ES,ES,forecast_solar_generation,Solar,2026-09-22T07:59:36Z
2026-09-22T07:58:25Z,2026-09-22T09:58:25+0200,34db2902-3fa2-47f0-b130-91fd3aa797b3,2026-09-19T11:45:00Z,2026-09-19T13:45:00+0200,24647.0,MW,ES,ES,forecast_solar_generation,Solar,2026-09-22T07:59:36Z
2026-09-22T07:58:25Z,2026-09-22T09:58:25+0200,34db2902-3fa2-47f0-b130-91fd3aa797b3,2026-09-19T12:00:00Z,2026-09-19T14:00:00+0200,24578.0,MW,ES,ES,forecast_solar_generation,Solar,2026-09-22T07:59:36Z
2026-09-22T07:58:25Z,2026-09-22T09:58:25+0200,34db2902-3fa2-47f0-b130-91fd3aa797b3,2026-09-19T12:15:00Z,2026-09-19T14:15:00+0200,24511.0,MW,ES,ES,forecast_solar_generation,Solar,2026-09-22T07:59:36Z
2026-09-22T07:58:25Z,2026-09-22T09:58:25+0200,34db2902-3fa2-47f0-b130-91fd3aa797b3,2026-09-19T12:30:00Z,2026-09-19T14:30:00+0200,24458.0,MW,ES,ES,forecast_solar_generation,Solar,2026-09-22T07:59:36Z
2026-09-22T07:58:25Z,2026-09-22T09:58:25+0200,34db2902-3fa2-47f0-b130-91fd3aa797b3,2026-09-19T12:45:00Z,2026-09-19T14:45:00+0200,24369.0,MW,ES,ES,forecast_solar_generation,Solar,2026-09-22T07:59:36Z
2026-09-22T07:58:25Z,2026-09-22T09:58:25+0200,34db2902-3fa2-47f0-b130-91fd3aa797b3,2026-09-19T13:00:00Z,2026-09-19T15:00:00+0200,23118.0,MW,ES,ES,forecast_solar_generation,Solar,2026-09-22T07:59:36Z
2026-09-22T07:58:25Z,2026-09-22T09:58:25+0200,34db2902-3fa2-47f0-b130-91fd3aa797b3,2026-09-19T13:15:00Z,2026-09-19T15:15:00+0200,23093.0,MW,ES,ES,forecast_solar_generation,Solar,2026-09-22T07:59:36Z
2026-09-22T07:58:25Z,2026-09-22T09:58:25+0200,34db2902-3fa2-47f0-b130-91fd3aa797b3,2026-09-19T13:30:00Z,2026-09-19T15:30:00+0200,23039.0,MW,ES,ES,forecast_solar_generation,Solar,2026-09-22T07:59:36Z
2026-09-22T07:58:25Z,2026-09-22T09:58:25+0200,34db2902-3fa2-47f0-b130-91fd3aa797b3,2026-09-19T13:45:00Z,2026-09-19T15:45:00+0200,22891.0,MW,ES,ES,forecast_solar_generation,Solar,2026-09-22T07:59:36Z
2026-09-22T07:58:25Z,2026-09-22T09:58:25+0200,34db2902-3fa2-47f0-b130-91fd3aa797b3,2026-09-19T14:00:00Z,2026-09-19T16:00:00+0200,22774.0,MW,ES,ES,forecast_solar_generation,Solar,2026-09-22T07:59:36Z
2026-09-22T07:58:25Z,2026-09-22T09:58:25+0200,34db2902-3fa2-47f0-b130-91fd3aa797b3,2026-09-19T14:15:00Z,2026-09-19T16:15:00+0200,22568.0,MW,ES,ES,forecast_solar_generation,Solar,2026-09-22T07:59:36Z
2026-09-22T07:58:25Z,2026-09-22T09:58:25+0200,34db2902-3fa2-47f0-b130-91fd3aa797b3,2026-09-19T14:30:00Z,2026-09-19T16:30:00+0200,22276.0,MW,ES,ES,forecast_solar_generation,Solar,2026-09-22T07:59:36Z
2026-09-22T07:58:25Z,2026-09-22T09:58:25+0200,34db2902-3fa2-47f0-b130-91fd3aa797b3,2026-09-19T14:45:00Z,2026-09-19T16:45:00+0200,22029.0,MW,ES,ES,forecast_solar_generation,Solar,2026-09-22T07:59:36Z
2026-09-22T07:58:25Z,2026-09-22T09:58:25+0200,34db2902-3fa2-47f0-b130-91fd3aa797b3,2026-09-19T15:00:00Z,2026-09-19T17:00:00+0200,22020.0,MW,ES,ES,forecast_solar_generation,Solar,2026-09-22T07:59:36Z
2026-09-22T07:58:25Z,2026-09-22T09:58:25+0200,34db2902-3fa2-47f0-b130-91fd3aa797b3,2026-09-19T15:15:00Z,2026-09-19T17:15:00+0200,21366.0,MW,ES,ES,forecast_solar_generation,Solar,2026-09-22T07:59:36Z
2026-09-22T07:58:25Z,2026-09-22T09:58:25+0200,34db2902-3fa2-47f0-b130-91fd3aa797b3,2026-09-19T15:30:00Z,2026-09-19T17:30:00+0200,20785.0,MW,ES,ES,forecast_solar_generation,Solar,2026-09-22T07:59:36Z
2026-09-22T07:58:25Z,2026-09-22T09:58:25+0200,34db2902-3fa2-47f0-b130-91fd3aa797b3,2026-09-19T15:45:00Z,2026-09-19T17:45:00+0200,19819.0,MW,ES,ES,forecast_solar_generation,Solar,2026-09-22T07:59:36Z
2026-09-22T07:58:25Z,2026-09-22T09:58:25+0200,34db2902-3fa2-47f0-b130-91fd3aa797b3,2026-09-19T16:00:00Z,2026-09-19T18:00:00+0200,18996.0,MW,ES,ES,forecast_solar_generation,Solar,2026-09-22T07:59:36Z
2026-09-22T07:58:25Z,2026-09-22T09:58:25+0200,34db2902-3fa2-47f0-b130-91fd3aa797b3,2026-09-19T16:15:00Z,2026-09-19T18:15:00+0200,17514.0,MW,ES,ES,forecast_solar_generation,Solar,2026-09-22T07:59:36Z
2026-09-22T07:58:25Z,2026-09-22T09:58:25+0200,34db2902-3fa2-47f0-b130-91fd3aa797b3,2026-09-19T16:30:00Z,2026-09-19T18:30:00+0200,15581.0,MW,ES,ES,forecast_solar_generation,Solar,2026-09-22T07:59:36Z
2026-09-22T07:58:25Z,2026-09-22T09:58:25+0200,34db2902-3fa2-47f0-b130-91fd3aa797b3,2026-09-19T16:45:00Z,2026-09-19T18:45:00+0200,13346.0,MW,ES,ES,forecast_solar_generation,Solar,2026-09-22T07:59:36Z
2026-09-22T07:58:25Z,2026-09-22T09:58:25+0200,34db2902-3fa2-47f0-b130-91fd3aa797b3,2026-09-19T17:00:00Z,2026-09-19T19:00:00+0200,11376.0,MW,ES,ES,forecast_solar_generation,Solar,2026-09-22T07:59:36Z
2026-09-22T07:58:25Z,2026-09-22T09:58:25+0200,34db2902-3fa2-47f0-b130-91fd3aa797b3,2026-09-19T17:15:00Z,2026-09-19T19:15:00+0200,8679.0,MW,ES,ES,forecast_solar_generation,Solar,2026-09-22T07:59:36Z
2026-09-22T07:58:25Z,2026-09-22T09:58:25+0200,34db2902-3fa2-47f0-b130-91fd3aa797b3,2026-09-19T17:30:00Z,2026-09-19T19:30:00+0200,6406.0,MW,ES,ES,forecast_solar_generation,Solar,2026-09-22T07:59:36Z
2026-09-22T07:58:25Z,2026-09-22T09:58:25+0200,34db2902-3fa2-47f0-b130-91fd3aa797b3,2026-09-19T17:45:00Z,2026-09-19T19:45:00+0200,4228.0,MW,ES,ES,forecast_solar_generation,Solar,2026-09-22T07:59:36Z
2026-09-22T07:58:25Z,2026-09-22T09:58:25+0200,34db2902-3fa2-47f0-b130-91fd3aa797b3,2026-09-19T18:00:00Z,2026-09-19T20:00:00+0200,2267.0,MW,ES,ES,forecast_solar_generation,Solar,2026-09-22T07:59:36Z
2026-09-22T07:58:25Z,2026-09-22T09:58:25+0200,34db2902-3fa2-47f0-b130-91fd3aa797b3,2026-09-19T18:15:00Z,2026-09-19T20:15:00+0200,1221.0,MW,ES,ES,forecast_solar_generation,Solar,2026-09-22T07:59:36Z
2026-09-22T07:58:25Z,2026-09-22T09:58:25+0200,34db2902-3fa2-47f0-b130-91fd3aa797b3,2026-09-19T18:30:00Z,2026-09-19T20:30:00+0200,684.0,MW,ES,ES,forecast_solar_generation,Solar,2026-09-22T07:59:36Z
2026-09-22T07:58:25Z,2026-09-22T09:58:25+0200,34db2902-3fa2-47f0-b130-91fd3aa797b3,2026-09-19T18:45:00Z,2026-09-19T20:45:00+0200,630.0,MW,ES,ES,forecast_solar_generation,Solar,2026-09-22T07:59:36Z
2026-09-22T07:58:25Z,2026-09-22T09:58:25+0200,34db2902-3fa2-47f0-b130-91fd3aa797b3,2026-09-19T19:00:00Z,2026-09-19T21:00:00+0200,576.0,MW,ES,ES,forecast_solar_generation,Solar,2026-09-22T07:59:36Z
2026-09-22T07:58:25Z,2026-09-22T09:58:25+0200,34db2902-3fa2-47f0-b130-91fd3aa797b3,2026-09-19T19:15:00Z,2026-09-19T21:15:00+0200,552.0,MW,ES,ES,forecast_solar_generation,Solar,2026-09-22T07:59:36Z
2026-09-22T07:58:25Z,2026-09-22T09:58:25+0200,34db2902-3fa2-47f0-b130-91fd3aa797b3,2026-09-19T19:30:00Z,2026-09-19T21:30:00+0200,535.0,MW,ES,ES,forecast_solar_generation,Solar,2026-09-22T07:59:36Z
2026-09-22T07:58:25Z,2026-09-22T09:58:25+0200,34db2902-3fa2-47f0-b130-91fd3aa797b3,2026-09-19T19:45:00Z,2026-09-19T21:45:00+0200,525.0,MW,ES,ES,forecast_solar_generation,Solar,2026-09-22T07:59:36Z
2026-09-22T07:58:25Z,2026-09-22T09:58:25+0200,34db2902-3fa2-47f0-b130-91fd3aa797b3,2026-09-19T20:00:00Z,2026-09-19T22:00:00+0200,516.0,MW,ES,ES,forecast_solar_generation,Solar,2026-09-22T07:59:36Z
2026-09-22T07:58:25Z,2026-09-22T09:58:25+0200,34db2902-3fa2-47f0-b130-91fd3aa797b3,2026-09-19T20:15:00Z,2026-09-19T22:15:00+0200,514.0,MW,ES,ES,forecast_solar_generation,Solar,2026-09-22T07:59:36Z
2026-09-22T07:58:25Z,2026-09-22T09:58:25+0200,34db2902-3fa2-47f0-b130-91fd3aa797b3,2026-09-19T20:30:00Z,2026-09-19T22:30:00+0200,513.0,MW,ES,ES,forecast_solar_generation,Solar,2026-09-22T07:59:36Z
2026-09-22T07:58:25Z,2026-09-22T09:58:25+0200,34db2902-3fa2-47f0-b130-91fd3aa797b3,2026-09-19T20:45:00Z,2026-09-19T22:45:00+0200,511.0,MW,ES,ES,forecast_solar_generation,Solar,2026-09-22T07:59:36Z
2026-09-22T07:58:25Z,2026-09-22T09:58:25+0200,34db2902-3fa2-47f0-b130-91fd3aa797b3,2026-09-19T21:00:00Z,2026-09-19T23:00:00+0200,519.0,MW,ES,ES,forecast_solar_generation,Solar,2026-09-22T07:59:36Z
2026-09-22T07:58:25Z,2026-09-22T09:58:25+0200,34db2902-3fa2-47f0-b130-91fd3aa797b3,2026-09-19T21:15:00Z,2026-09-19T23:15:00+0200,507.0,MW,ES,ES,forecast_solar_generation,Solar,2026-09-22T07:59:36Z
2026-09-22T07:58:25Z,2026-09-22T09:58:25+0200,34db2902-3fa2-47f0-b130-91fd3aa797b3,2026-09-19T21:30:00Z,2026-09-19T23:30:00+0200,487.0,MW,ES,ES,forecast_solar_generation,Solar,2026-09-22T07:59:36Z
2026-09-22T07:58:25Z,2026-09-22T09:58:25+0200,34db2902-3fa2-47f0-b130-91fd3aa797b3,2026-09-19T21:45:00Z,2026-09-19T23:45:00+0200,463.0,MW,ES,ES,forecast_solar_generation,Solar,2026-09-22T07:59:36Z
2026-09-22T07:58:25Z,2026-09-22T09:58:25+0200,34db2902-3fa2-47f0-b130-91fd3aa797b3,2026-09-19T22:00:00Z,2026-09-20T00:00:00+0200,448.0,MW,ES,ES,forecast_solar_generation,Solar,2026-09-22T07:59:36Z
2026-09-22T07:58:25Z,2026-09-22T09:58:25+0200,34db2902-3fa2-47f0-b130-91fd3aa797b3,2026-09-19T22:15:00Z,2026-09-20T00:15:00+0200,436.0,MW,ES,ES,forecast_solar_generation,Solar,2026-09-22T07:59:36Z
2026-09-22T07:58:25Z,2026-09-22T09:58:25+0200,34db2902-3fa2-47f0-b130-91fd3aa797b3,2026-09-19T22:30:00Z,2026-09-20T00:30:00+0200,425.0,MW,ES,ES,forecast_solar_generation,Solar,2026-09-22T07:59:36Z
2026-09-22T07:58:25Z,2026-09-22T09:58:25+0200,34db2902-3fa2-47f0-b130-91fd3aa797b3,2026-09-19T22:45:00Z,2026-09-20T00:45:00+0200,417.0,MW,ES,ES,forecast_solar_generation,Solar,2026-09-22T07:59:36Z
2026-09-22T07:58:25Z,2026-09-22T09:58:25+0200,34db2902-3fa2-47f0-b130-91fd3aa797b3,2026-09-19T23:00:00Z,2026-09-20T01:00:00+0200,406.0,MW,ES,ES,forecast_solar_generation,Solar,2026-09-22T07:59:36Z
2026-09-22T07:58:25Z,2026-09-22T09:58:25+0200,34db2902-3fa2-47f0-b130-91fd3aa797b3,2026-09-19T23:15:00Z,2026-09-20T01:15:00+0200,402.0,MW,ES,ES,forecast_solar_generation,Solar,2026-09-22T07:59:36Z
2026-09-22T07:58:25Z,2026-09-22T09:58:25+0200,34db2902-3fa2-47f0-b130-91fd3aa797b3,2026-09-19T23:30:00Z,2026-09-20T01:30:00+0200,401.0,MW,ES,ES,forecast_solar_generation,Solar,2026-09-22T07:59:36Z
2026-09-22T07:58:25Z,2026-09-22T09:58:25+0200,34db2902-3fa2-47f0-b130-91fd3aa797b3,2026-09-19T23:45:00Z,2026-09-20T01:45:00+0200,401.0,MW,ES,ES,forecast_solar_generation,Solar,2026-09-22T07:59:36Z
2026-09-22T07:58:25Z,2026-09-22T09:58:25+0200,34db2902-3fa2-47f0-b130-91fd3aa797b3,2026-09-20T00:00:00Z,2026-09-20T02:00:00+0200,405.0,MW,ES,ES,forecast_solar_generation,Solar,2026-09-22T07:59:36Z
2026-09-22T07:58:25Z,2026-09-22T09:58:25+0200,34db2902-3fa2-47f0-b130-91fd3aa797b3,2026-09-20T00:15:00Z,2026-09-20T02:15:00+0200,403.0,MW,ES,ES,forecast_solar_generation,Solar,2026-09-22T07:59:36Z
2026-09-22T07:58:25Z,2026-09-22T09:58:25+0200,34db2902-3fa2-47f0-b130-91fd3aa797b3,2026-09-20T00:30:00Z,2026-09-20T02:30:00+0200,396.0,MW,ES,ES,forecast_solar_generation,Solar,2026-09-22T07:59:36Z
2026-09-22T07:58:25Z,2026-09-22T09:58:25+0200,34db2902-3fa2-47f0-b130-91fd3aa797b3,2026-09-20T00:45:00Z,2026-09-20T02:45:00+0200,387.0,MW,ES,ES,forecast_solar_generation,Solar,2026-09-22T07:59:36Z
2026-09-22T07:58:25Z,2026-09-22T09:58:25+0200,34db2902-3fa2-47f0-b130-91fd3aa797b3,2026-09-20T01:00:00Z,2026-09-20T03:00:00+0200,379.0,MW,ES,ES,forecast_solar_generation,Solar,2026-09-22T07:59:36Z
2026-09-22T07:58:25Z,2026-09-22T09:58:25+0200,34db2902-3fa2-47f0-b130-91fd3aa797b3,2026-09-20T01:15:00Z,2026-09-20T03:15:00+0200,365.0,MW,ES,ES,forecast_solar_generation,Solar,2026-09-22T07:59:36Z
2026-09-22T07:58:25Z,2026-09-22T09:58:25+0200,34db2902-3fa2-47f0-b130-91fd3aa797b3,2026-09-20T01:30:00Z,2026-09-20T03:30:00+0200,350.0,MW,ES,ES,forecast_solar_generation,Solar,2026-09-22T07:59:36Z
2026-09-22T07:58:25Z,2026-09-22T09:58:25+0200,34db2902-3fa2-47f0-b130-91fd3aa797b3,2026-09-20T01:45:00Z,2026-09-20T03:45:00+0200,334.0,MW,ES,ES,forecast_solar_generation,Solar,2026-09-22T07:59:36Z
2026-09-22T07:58:25Z,2026-09-22T09:58:25+0200,34db2902-3fa2-47f0-b130-91fd3aa797b3,2026-09-20T02:00:00Z,2026-09-20T04:00:00+0200,320.0,MW,ES,ES,forecast_solar_generation,Solar,2026-09-22T07:59:36Z
2026-09-22T07:58:25Z,2026-09-22T09:58:25+0200,34db2902-3fa2-47f0-b130-91fd3aa797b3,2026-09-20T02:15:00Z,2026-09-20T04:15:00+0200,302.0,MW,ES,ES,forecast_solar_generation,Solar,2026-09-22T07:59:36Z
2026-09-22T07:58:25Z,2026-09-22T09:58:25+0200,34db2902-3fa2-47f0-b130-91fd3aa797b3,2026-09-20T02:30:00Z,2026-09-20T04:30:00+0200,283.0,MW,ES,ES,forecast_solar_generation,Solar,2026-09-22T07:59:36Z
2026-09-22T07:58:25Z,2026-09-22T09:58:25+0200,34db2902-3fa2-47f0-b130-91fd3aa797b3,2026-09-20T02:45:00Z,2026-09-20T04:45:00+0200,265.0,MW,ES,ES,forecast_solar_generation,Solar,2026-09-22T07:59:36Z
2026-09-22T07:58:25Z,2026-09-22T09:58:25+0200,34db2902-3fa2-47f0-b130-91fd3aa797b3,2026-09-20T03:00:00Z,2026-09-20T05:00:00+0200,248.0,MW,ES,ES,forecast_solar_generation,Solar,2026-09-22T07:59:36Z
2026-09-22T07:58:25Z,2026-09-22T09:58:25+0200,34db2902-3fa2-47f0-b130-91fd3aa797b3,2026-09-20T03:15:00Z,2026-09-20T05:15:00+0200,230.0,MW,ES,ES,forecast_solar_generation,Solar,2026-09-22T07:59:36Z
2026-09-22T07:58:25Z,2026-09-22T09:58:25+0200,34db2902-3fa2-47f0-b130-91fd3aa797b3,2026-09-20T03:30:00Z,2026-09-20T05:30:00+0200,213.0,MW,ES,ES,forecast_solar_generation,Solar,2026-09-22T07:59:36Z
2026-09-22T07:58:25Z,2026-09-22T09:58:25+0200,34db2902-3fa2-47f0-b130-91fd3aa797b3,2026-09-20T03:45:00Z,2026-09-20T05:45:00+0200,197.0,MW,ES,ES,forecast_solar_generation,Solar,2026-09-22T07:59:36Z
2026-09-22T07:58:25Z,2026-09-22T09:58:25+0200,34db2902-3fa2-47f0-b130-91fd3aa797b3,2026-09-20T04:00:00Z,2026-09-20T06:00:00+0200,183.0,MW,ES,ES,forecast_solar_generation,Solar,2026-09-22T07:59:36Z
2026-09-22T07:58:25Z,2026-09-22T09:58:25+0200,34db2902-3fa2-47f0-b130-91fd3aa797b3,2026-09-20T04:15:00Z,2026-09-20T06:15:00+0200,167.0,MW,ES,ES,forecast_solar_generation,Solar,2026-09-22T07:59:36Z
2026-09-22T07:58:25Z,2026-09-22T09:58:25+0200,34db2902-3fa2-47f0-b130-91fd3aa797b3,2026-09-20T04:30:00Z,2026-09-20T06:30:00+0200,152.0,MW,ES,ES,forecast_solar_generation,Solar,2026-09-22T07:59:36Z
2026-09-22T07:58:25Z,2026-09-22T09:58:25+0200,34db2902-3fa2-47f0-b130-91fd3aa797b3,2026-09-20T04:45:00Z,2026-09-20T06:45:00+0200,138.0,MW,ES,ES,forecast_solar_generation,Solar,2026-09-22T07:59:36Z
2026-09-22T07:58:25Z,2026-09-22T09:58:25+0200,34db2902-3fa2-47f0-b130-91fd3aa797b3,2026-09-20T05:00:00Z,2026-09-20T07:00:00+0200,123.0,MW,ES,ES,forecast_solar_generation,Solar,2026-09-22T07:59:36Z
2026-09-22T07:58:25Z,2026-09-22T09:58:25+0200,34db2902-3fa2-47f0-b130-91fd3aa797b3,2026-09-20T05:15:00Z,2026-09-20T07:15:00+0200,113.0,MW,ES,ES,forecast_solar_generation,Solar,2026-09-22T07:59:36Z
2026-09-22T07:58:25Z,2026-09-22T09:58:25+0200,34db2902-3fa2-47f0-b130-91fd3aa797b3,2026-09-20T05:30:00Z,2026-09-20T07:30:00+0200,114.0,MW,ES,ES,forecast_solar_generation,Solar,2026-09-22T07:59:36Z
2026-09-22T07:58:25Z,2026-09-22T09:58:25+0200,34db2902-3fa2-47f0-b130-91fd3aa797b3,2026-09-20T05:45:00Z,2026-09-20T07:45:00+0200,129.0,MW,ES,ES,forecast_solar_generation,Solar,2026-09-22T07:59:36Z
2026-09-22T07:58:25Z,2026-09-22T09:58:25+0200,34db2902-3fa2-47f0-b130-91fd3aa797b3,2026-09-20T06:00:00Z,2026-09-20T08:00:00+0200,1229.0,MW,ES,ES,forecast_solar_generation,Solar,2026-09-22T07:59:36Z
2026-09-22T07:58:25Z,2026-09-22T09:58:25+0200,34db2902-3fa2-47f0-b130-91fd3aa797b3,2026-09-20T06:15:00Z,2026-09-20T08:15:00+0200,2312.0,MW,ES,ES,forecast_solar_generation,Solar,2026-09-22T07:59:36Z
2026-09-22T07:58:25Z,2026-09-22T09:58:25+0200,34db2902-3fa2-47f0-b130-91fd3aa797b3,2026-09-20T06:30:00Z,2026-09-20T08:30:00+0200,3854.0,MW,ES,ES,forecast_solar_generation,Solar,2026-09-22T07:59:36Z
2026-09-22T07:58:25Z,2026-09-22T09:58:25+0200,34db2902-3fa2-47f0-b130-91fd3aa797b3,2026-09-20T06:45:00Z,2026-09-20T08:45:00+0200,5696.0,MW,ES,ES,forecast_solar_generation,Solar,2026-09-22T07:59:36Z
2026-09-22T07:58:25Z,2026-09-22T09:58:25+0200,34db2902-3fa2-47f0-b130-91fd3aa797b3,2026-09-20T07:00:00Z,2026-09-20T09:00:00+0200,10033.0,MW,ES,ES,forecast_solar_generation,Solar,2026-09-22T07:59:36Z
2026-09-22T07:58:25Z,2026-09-22T09:58:25+0200,34db2902-3fa2-47f0-b130-91fd3aa797b3,2026-09-20T07:15:00Z,2026-09-20T09:15:00+0200,12647.0,MW,ES,ES,forecast_solar_generation,Solar,2026-09-22T07:59:36Z
2026-09-22T07:58:25Z,2026-09-22T09:58:25+0200,34db2902-3fa2-47f0-b130-91fd3aa797b3,2026-09-20T07:30:00Z,2026-09-20T09:30:00+0200,15037.0,MW,ES,ES,forecast_solar_generation,Solar,2026-09-22T07:59:36Z
2026-09-22T07:58:25Z,2026-09-22T09:58:25+0200,34db2902-3fa2-47f0-b130-91fd3aa797b3,2026-09-20T07:45:00Z,2026-09-20T09:45:00+0200,16917.0,MW,ES,ES,forecast_solar_generation,Solar,2026-09-22T07:59:36Z
2026-09-22T07:58:25Z,2026-09-22T09:58:25+0200,34db2902-3fa2-47f0-b130-91fd3aa797b3,2026-09-20T08:00:00Z,2026-09-20T10:00:00+0200,19227.0,MW,ES,ES,forecast_solar_generation,Solar,2026-09-22T07:59:36Z
2026-09-22T07:58:25Z,2026-09-22T09:58:25+0200,34db2902-3fa2-47f0-b130-91fd3aa797b3,2026-09-20T08:15:00Z,2026-09-20T10:15:00+0200,20495.0,MW,ES,ES,forecast_solar_generation,Solar,2026-09-22T07:59:36Z
2026-09-22T07:58:25Z,2026-09-22T09:58:25+0200,34db2902-3fa2-47f0-b130-91fd3aa797b3,2026-09-20T08:30:00Z,2026-09-20T10:30:00+0200,21586.0,MW,ES,ES,forecast_solar_generation,Solar,2026-09-22T07:59:36Z
2026-09-22T07:58:25Z,2026-09-22T09:58:25+0200,34db2902-3fa2-47f0-b130-91fd3aa797b3,2026-09-20T08:45:00Z,2026-09-20T10:45:00+0200,22410.0,MW,ES,ES,forecast_solar_generation,Solar,2026-09-22T07:59:36Z
2026-09-22T07:58:25Z,2026-09-22T09:58:25+0200,34db2902-3fa2-47f0-b130-91fd3aa797b3,2026-09-20T09:00:00Z,2026-09-20T11:00:00+0200,23046.0,MW,ES,ES,forecast_solar_generation,Solar,2026-09-22T07:59:36Z
2026-09-22T07:58:25Z,2026-09-22T09:58:25+0200,34db2902-3fa2-47f0-b130-91fd3aa797b3,2026-09-20T09:15:00Z,2026-09-20T11:15:00+0200,23533.0,MW,ES,ES,forecast_solar_generation,Solar,2026-09-22T07:59:36Z
2026-09-22T07:58:25Z,2026-09-22T09:58:25+0200,34db2902-3fa2-47f0-b130-91fd3aa797b3,2026-09-20T09:30:00Z,2026-09-20T11:30:00+0200,23929.0,MW,ES,ES,forecast_solar_generation,Solar,2026-09-22T07:59:36Z
2026-09-22T07:58:25Z,2026-09-22T09:58:25+0200,34db2902-3fa2-47f0-b130-91fd3aa797b3,2026-09-20T09:45:00Z,2026-09-20T11:45:00+0200,24262.0,MW,ES,ES,forecast_solar_generation,Solar,2026-09-22T07:59:36Z
2026-09-22T07:58:25Z,2026-09-22T09:58:25+0200,34db2902-3fa2-47f0-b130-91fd3aa797b3,2026-09-20T10:00:00Z,2026-09-20T12:00:00+0200,24766.0,MW,ES,ES,forecast_solar_generation,Solar,2026-09-22T07:59:36Z
2026-09-22T07:58:25Z,2026-09-22T09:58:25+0200,34db2902-3fa2-47f0-b130-91fd3aa797b3,2026-09-20T10:15:00Z,2026-09-20T12:15:00+0200,24944.0,MW,ES,ES,forecast_solar_generation,Solar,2026-09-22T07:59:36Z
2026-09-22T07:58:25Z,2026-09-22T09:58:25+0200,34db2902-3fa2-47f0-b130-91fd3aa797b3,2026-09-20T10:30:00Z,2026-09-20T12:30:00+0200,25055.0,MW,ES,ES,forecast_solar_generation,Solar,2026-09-22T07:59:36Z
2026-09-22T07:58:25Z,2026-09-22T09:58:25+0200,34db2902-3fa2-47f0-b130-91fd3aa797b3,2026-09-20T10:45:00Z,2026-09-20T12:45:00+0200,25113.0,MW,ES,ES,forecast_solar_generation,Solar,2026-09-22T07:59:36Z
2026-09-22T07:58:25Z,2026-09-22T09:58:25+0200,34db2902-3fa2-47f0-b130-91fd3aa797b3,2026-09-20T11:00:00Z,2026-09-20T13:00:00+0200,25554.0,MW,ES,ES,forecast_solar_generation,Solar,2026-09-22T07:59:36Z
2026-09-22T07:58:25Z,2026-09-22T09:58:25+0200,34db2902-3fa2-47f0-b130-91fd3aa797b3,2026-09-20T11:15:00Z,2026-09-20T13:15:00+0200,25558.0,MW,ES,ES,forecast_solar_generation,Solar,2026-09-22T07:59:36Z
2026-09-22T07:58:25Z,2026-09-22T09:58:25+0200,34db2902-3fa2-47f0-b130-91fd3aa797b3,2026-09-20T11:30:00Z,2026-09-20T13:30:00+0200,25629.0,MW,ES,ES,forecast_solar_generation,Solar,2026-09-22T07:59:36Z
2026-09-22T07:58:25Z,2026-09-22T09:58:25+0200,34db2902-3fa2-47f0-b130-91fd3aa797b3,2026-09-20T11:45:00Z,2026-09-20T13:45:00+0200,25654.0,MW,ES,ES,forecast_solar_generation,Solar,2026-09-22T07:59:36Z
2026-09-22T07:58:25Z,2026-09-22T09:58:25+0200,34db2902-3fa2-47f0-b130-91fd3aa797b3,2026-09-20T12:00:00Z,2026-09-20T14:00:00+0200,25501.0,MW,ES,ES,forecast_solar_generation,Solar,2026-09-22T07:59:36Z
2026-09-22T07:58:25Z,2026-09-22T09:58:25+0200,34db2902-3fa2-47f0-b130-91fd3aa797b3,2026-09-20T12:15:00Z,2026-09-20T14:15:00+0200,25457.0,MW,ES,ES,forecast_solar_generation,Solar,2026-09-22T07:59:36Z
2026-09-22T07:58:25Z,2026-09-22T09:58:25+0200,34db2902-3fa2-47f0-b130-91fd3aa797b3,2026-09-20T12:30:00Z,2026-09-20T14:30:00+0200,25311.0,MW,ES,ES,forecast_solar_generation,Solar,2026-09-22T07:59:36Z
2026-09-22T07:58:25Z,2026-09-22T09:58:25+0200,34db2902-3fa2-47f0-b130-91fd3aa797b3,2026-09-20T12:45:00Z,2026-09-20T14:45:00+0200,25179.0,MW,ES,ES,forecast_solar_generation,Solar,2026-09-22T07:59:36Z
2026-09-22T07:58:25Z,2026-09-22T09:58:25+0200,34db2902-3fa2-47f0-b130-91fd3aa797b3,2026-09-20T13:00:00Z,2026-09-20T15:00:00+0200,25026.0,MW,ES,ES,forecast_solar_generation,Solar,2026-09-22T07:59:36Z
2026-09-22T07:58:25Z,2026-09-22T09:58:25+0200,34db2902-3fa2-47f0-b130-91fd3aa797b3,2026-09-20T13:15:00Z,2026-09-20T15:15:00+0200,24871.0,MW,ES,ES,forecast_solar_generation,Solar,2026-09-22T07:59:36Z
2026-09-22T07:58:25Z,2026-09-22T09:58:25+0200,34db2902-3fa2-47f0-b130-91fd3aa797b3,2026-09-20T13:30:00Z,2026-09-20T15:30:00+0200,24708.0,MW,ES,ES,forecast_solar_generation,Solar,2026-09-22T07:59:36Z
2026-09-22T07:58:25Z,2026-09-22T09:58:25+0200,34db2902-3fa2-47f0-b130-91fd3aa797b3,2026-09-20T13:45:00Z,2026-09-20T15:45:00+0200,24563.0,MW,ES,ES,forecast_solar_generation,Solar,2026-09-22T07:59:36Z
2026-09-22T07:58:25Z,2026-09-22T09:58:25+0200,34db2902-3fa2-47f0-b130-91fd3aa797b3,2026-09-20T14:00:00Z,2026-09-20T16:00:00+0200,24600.0,MW,ES,ES,forecast_solar_generation,Solar,2026-09-22T07:59:36Z
2026-09-22T07:58:25Z,2026-09-22T09:58:25+0200,34db2902-3fa2-47f0-b130-91fd3aa797b3,2026-09-20T14:15:00Z,2026-09-20T16:15:00+0200,24310.0,MW,ES,ES,forecast_solar_generation,Solar,2026-09-22T07:59:36Z
2026-09-22T07:58:25Z,2026-09-22T09:58:25+0200,34db2902-3fa2-47f0-b130-91fd3aa797b3,2026-09-20T14:30:00Z,2026-09-20T16:30:00+0200,23892.0,MW,ES,ES,forecast_solar_generation,Solar,2026-09-22T07:59:36Z
2026-09-22T07:58:25Z,2026-09-22T09:58:25+0200,34db2902-3fa2-47f0-b130-91fd3aa797b3,2026-09-20T14:45:00Z,2026-09-20T16:45:00+0200,23403.0,MW,ES,ES,forecast_solar_generation,Solar,2026-09-22T07:59:36Z
2026-09-22T07:58:25Z,2026-09-22T09:58:25+0200,34db2902-3fa2-47f0-b130-91fd3aa797b3,2026-09-20T15:00:00Z,2026-09-20T17:00:00+0200,22212.0,MW,ES,ES,forecast_solar_generation,Solar,2026-09-22T07:59:36Z
2026-09-22T07:58:25Z,2026-09-22T09:58:25+0200,34db2902-3fa2-47f0-b130-91fd3aa797b3,2026-09-20T15:15:00Z,2026-09-20T17:15:00+0200,21529.0,MW,ES,ES,forecast_solar_generation,Solar,2026-09-22T07:59:36Z
2026-09-22T07:58:25Z,2026-09-22T09:58:25+0200,34db2902-3fa2-47f0-b130-91fd3aa797b3,2026-09-20T15:30:00Z,2026-09-20T17:30:00+0200,21055.0,MW,ES,ES,forecast_solar_generation,Solar,2026-09-22T07:59:36Z
2026-09-22T07:58:25Z,2026-09-22T09:58:25+0200,34db2902-3fa2-47f0-b130-91fd3aa797b3,2026-09-20T15:45:00Z,2026-09-20T17:45:00+0200,20252.0,MW,ES,ES,forecast_solar_generation,Solar,2026-09-22T07:59:36Z
2026-09-22T07:58:25Z,2026-09-22T09:58:25+0200,34db2902-3fa2-47f0-b130-91fd3aa797b3,2026-09-20T16:00:00Z,2026-09-20T18:00:00+0200,20138.0,MW,ES,ES,forecast_solar_generation,Solar,2026-09-22T07:59:36Z
2026-09-22T07:58:25Z,2026-09-22T09:58:25+0200,34db2902-3fa2-47f0-b130-91fd3aa797b3,2026-09-20T16:15:00Z,2026-09-20T18:15:00+0200,18488.0,MW,ES,ES,forecast_solar_generation,Solar,2026-09-22T07:59:36Z
2026-09-22T07:58:25Z,2026-09-22T09:58:25+0200,34db2902-3fa2-47f0-b130-91fd3aa797b3,2026-09-20T16:30:00Z,2026-09-20T18:30:00+0200,16330.0,MW,ES,ES,forecast_solar_generation,Solar,2026-09-22T07:59:36Z
2026-09-22T07:58:25Z,2026-09-22T09:58:25+0200,34db2902-3fa2-47f0-b130-91fd3aa797b3,2026-09-20T16:45:00Z,2026-09-20T18:45:00+0200,13845.0,MW,ES,ES,forecast_solar_generation,Solar,2026-09-22T07:59:36Z
2026-09-22T07:58:25Z,2026-09-22T09:58:25+0200,34db2902-3fa2-47f0-b130-91fd3aa797b3,2026-09-20T17:00:00Z,2026-09-20T19:00:00+0200,11616.0,MW,ES,ES,forecast_solar_generation,Solar,2026-09-22T07:59:36Z
2026-09-22T07:58:25Z,2026-09-22T09:58:25+0200,34db2902-3fa2-47f0-b130-91fd3aa797b3,2026-09-20T17:15:00Z,2026-09-20T19:15:00+0200,9061.0,MW,ES,ES,forecast_solar_generation,Solar,2026-09-22T07:59:36Z
2026-09-22T07:58:25Z,2026-09-22T09:58:25+0200,34db2902-3fa2-47f0-b130-91fd3aa797b3,2026-09-20T17:30:00Z,2026-09-20T19:30:00+0200,6428.0,MW,ES,ES,forecast_solar_generation,Solar,2026-09-22T07:59:36Z
2026-09-22T07:58:25Z,2026-09-22T09:58:25+0200,34db2902-3fa2-47f0-b130-91fd3aa797b3,2026-09-20T17:45:00Z,2026-09-20T19:45:00+0200,4223.0,MW,ES,ES,forecast_solar_generation,Solar,2026-09-22T07:59:36Z
2026-09-22T07:58:25Z,2026-09-22T09:58:25+0200,34db2902-3fa2-47f0-b130-91fd3aa797b3,2026-09-20T18:00:00Z,2026-09-20T20:00:00+0200,2217.0,MW,ES,ES,forecast_solar_generation,Solar,2026-09-22T07:59:36Z
2026-09-22T07:58:25Z,2026-09-22T09:58:25+0200,34db2902-3fa2-47f0-b130-91fd3aa797b3,2026-09-20T18:15:00Z,2026-09-20T20:15:00+0200,1214.0,MW,ES,ES,forecast_solar_generation,Solar,2026-09-22T07:59:36Z
2026-09-22T07:58:25Z,2026-09-22T09:58:25+0200,34db2902-3fa2-47f0-b130-91fd3aa797b3,2026-09-20T18:30:00Z,2026-09-20T20:30:00+0200,725.0,MW,ES,ES,forecast_solar_generation,Solar,2026-09-22T07:59:36Z
2026-09-22T07:58:25Z,2026-09-22T09:58:25+0200,34db2902-3fa2-47f0-b130-91fd3aa797b3,2026-09-20T18:45:00Z,2026-09-20T20:45:00+0200,666.0,MW,ES,ES,forecast_solar_generation,Solar,2026-09-22T07:59:36Z
2026-09-22T07:58:25Z,2026-09-22T09:58:25+0200,34db2902-3fa2-47f0-b130-91fd3aa797b3,2026-09-20T19:00:00Z,2026-09-20T21:00:00+0200,608.0,MW,ES,ES,forecast_solar_generation,Solar,2026-09-22T07:59:36Z
2026-09-22T07:58:25Z,2026-09-22T09:58:25+0200,34db2902-3fa2-47f0-b130-91fd3aa797b3,2026-09-20T19:15:00Z,2026-09-20T21:15:00+0200,583.0,MW,ES,ES,forecast_solar_generation,Solar,2026-09-22T07:59:36Z
2026-09-22T07:58:25Z,2026-09-22T09:58:25+0200,34db2902-3fa2-47f0-b130-91fd3aa797b3,2026-09-20T19:30:00Z,2026-09-20T21:30:00+0200,567.0,MW,ES,ES,forecast_solar_generation,Solar,2026-09-22T07:59:36Z
2026-09-22T07:58:25Z,2026-09-22T09:58:25+0200,34db2902-3fa2-47f0-b130-91fd3aa797b3,2026-09-20T19:45:00Z,2026-09-20T21:45:00+0200,558.0,MW,ES,ES,forecast_solar_generation,Solar,2026-09-22T07:59:36Z
2026-09-22T07:58:25Z,2026-09-22T09:58:25+0200,34db2902-3fa2-47f0-b130-91fd3aa797b3,2026-09-20T20:00:00Z,2026-09-20T22:00:00+0200,552.0,MW,ES,ES,forecast_solar_generation,Solar,2026-09-22T07:59:36Z
2026-09-22T07:58:25Z,2026-09-22T09:58:25+0200,34db2902-3fa2-47f0-b130-91fd3aa797b3,2026-09-20T20:15:00Z,2026-09-20T22:15:00+0200,548.0,MW,ES,ES,forecast_solar_generation,Solar,2026-09-22T07:59:36Z
2026-09-22T07:58:25Z,2026-09-22T09:58:25+0200,34db2902-3fa2-47f0-b130-91fd3aa797b3,2026-09-20T20:30:00Z,2026-09-20T22:30:00+0200,544.0,MW,ES,ES,forecast_solar_generation,Solar,2026-09-22T07:59:36Z
2026-09-22T07:58:25Z,2026-09-22T09:58:25+0200,34db2902-3fa2-47f0-b130-91fd3aa797b3,2026-09-20T20:45:00Z,2026-09-20T22:45:00+0200,537.0,MW,ES,ES,forecast_solar_generation,Solar,2026-09-22T07:59:36Z
2026-09-22T07:58:25Z,2026-09-22T09:58:25+0200,34db2902-3fa2-47f0-b130-91fd3aa797b3,2026-09-20T21:00:00Z,2026-09-20T23:00:00+0200,537.0,MW,ES,ES,forecast_solar_generation,Solar,2026-09-22T07:59:36Z
2026-09-22T07:58:25Z,2026-09-22T09:58:25+0200,34db2902-3fa2-47f0-b130-91fd3aa797b3,2026-09-20T21:15:00Z,2026-09-20T23:15:00+0200,523.0,MW,ES,ES,forecast_solar_generation,Solar,2026-09-22T07:59:36Z
2026-09-22T07:58:25Z,2026-09-22T09:58:25+0200,34db2902-3fa2-47f0-b130-91fd3aa797b3,2026-09-20T21:30:00Z,2026-09-20T23:30:00+0200,505.0,MW,ES,ES,forecast_solar_generation,Solar,2026-09-22T07:59:36Z
2026-09-22T07:58:25Z,2026-09-22T09:58:25+0200,34db2902-3fa2-47f0-b130-91fd3aa797b3,2026-09-20T21:45:00Z,2026-09-20T23:45:00+0200,484.0,MW,ES,ES,forecast_solar_generation,Solar,2026-09-22T07:59:36Z
2026-09-22T07:58:25Z,2026-09-22T09:58:25+0200,34db2902-3fa2-47f0-b130-91fd3aa797b3,2026-09-20T22:00:00Z,2026-09-21T00:00:00+0200,481.0,MW,ES,ES,forecast_solar_generation,Solar,2026-09-22T07:59:36Z
2026-09-22T07:58:25Z,2026-09-22T09:58:25+0200,34db2902-3fa2-47f0-b130-91fd3aa797b3,2026-09-20T22:15:00Z,2026-09-21T00:15:00+0200,468.0,MW,ES,ES,forecast_solar_generation,Solar,2026-09-22T07:59:36Z
2026-09-22T07:58:25Z,2026-09-22T09:58:25+0200,34db2902-3fa2-47f0-b130-91fd3aa797b3,2026-09-20T22:30:00Z,2026-09-21T00:30:00+0200,460.0,MW,ES,ES,forecast_solar_generation,Solar,2026-09-22T07:59:36Z
2026-09-22T07:58:25Z,2026-09-22T09:58:25+0200,34db2902-3fa2-47f0-b130-91fd3aa797b3,2026-09-20T22:45:00Z,2026-09-21T00:45:00+0200,456.0,MW,ES,ES,forecast_solar_generation,Solar,2026-09-22T07:59:36Z
2026-09-22T07:58:25Z,2026-09-22T09:58:25+0200,34db2902-3fa2-47f0-b130-91fd3aa797b3,2026-09-20T23:00:00Z,2026-09-21T01:00:00+0200,454.0,MW,ES,ES,forecast_solar_generation,Solar,2026-09-22T07:59:36Z
2026-09-22T07:58:25Z,2026-09-22T09:58:25+0200,34db2902-3fa2-47f0-b130-91fd3aa797b3,2026-09-20T23:15:00Z,2026-09-21T01:15:00+0200,453.0,MW,ES,ES,forecast_solar_generation,Solar,2026-09-22T07:59:36Z
2026-09-22T07:58:25Z,2026-09-22T09:58:25+0200,34db2902-3fa2-47f0-b130-91fd3aa797b3,2026-09-20T23:30:00Z,2026-09-21T01:30:00+0200,450.0,MW,ES,ES,forecast_solar_generation,Solar,2026-09-22T07:59:36Z
2026-09-22T07:58:25Z,2026-09-22T09:58:25+0200,34db2902-3fa2-47f0-b130-91fd3aa797b3,2026-09-20T23:45:00Z,2026-09-21T01:45:00+0200,447.0,MW,ES,ES,forecast_solar_generation,Solar,2026-09-22T07:59:36Z
2026-09-22T07:58:25Z,2026-09-22T09:58:25+0200,34db2902-3fa2-47f0-b130-91fd3aa797b3,2026-09-21T00:00:00Z,2026-09-21T02:00:00+0200,444.0,MW,ES,ES,forecast_solar_generation,Solar,2026-09-22T07:59:36Z
2026-09-22T07:58:25Z,2026-09-22T09:58:25+0200,34db2902-3fa2-47f0-b130-91fd3aa797b3,2026-09-21T00:15:00Z,2026-09-21T02:15:00+0200,439.0,MW,ES,ES,forecast_solar_generation,Solar,2026-09-22T07:59:36Z
2026-09-22T07:58:25Z,2026-09-22T09:58:25+0200,34db2902-3fa2-47f0-b130-91fd3aa797b3,2026-09-21T00:30:00Z,2026-09-21T02:30:00+0200,433.0,MW,ES,ES,forecast_solar_generation,Solar,2026-09-22T07:59:36Z
2026-09-22T07:58:25Z,2026-09-22T09:58:25+0200,34db2902-3fa2-47f0-b130-91fd3aa797b3,2026-09-21T00:45:00Z,2026-09-21T02:45:00+0200,426.0,MW,ES,ES,forecast_solar_generation,Solar,2026-09-22T07:59:36Z
2026-09-22T07:58:25Z,2026-09-22T09:58:25+0200,34db2902-3fa2-47f0-b130-91fd3aa797b3,2026-09-21T01:00:00Z,2026-09-21T03:00:00+0200,423.0,MW,ES,ES,forecast_solar_generation,Solar,2026-09-22T07:59:36Z
2026-09-22T07:58:25Z,2026-09-22T09:58:25+0200,34db2902-3fa2-47f0-b130-91fd3aa797b3,2026-09-21T01:15:00Z,2026-09-21T03:15:00+0200,411.0,MW,ES,ES,forecast_solar_generation,Solar,2026-09-22T07:59:36Z
2026-09-22T07:58:25Z,2026-09-22T09:58:25+0200,34db2902-3fa2-47f0-b130-91fd3aa797b3,2026-09-21T01:30:00Z,2026-09-21T03:30:00+0200,394.0,MW,ES,ES,forecast_solar_generation,Solar,2026-09-22T07:59:36Z
2026-09-22T07:58:25Z,2026-09-22T09:58:25+0200,34db2902-3fa2-47f0-b130-91fd3aa797b3,2026-09-21T01:45:00Z,2026-09-21T03:45:00+0200,373.0,MW,ES,ES,forecast_solar_generation,Solar,2026-09-22T07:59:36Z
2026-09-22T07:58:25Z,2026-09-22T09:58:25+0200,34db2902-3fa2-47f0-b130-91fd3aa797b3,2026-09-21T02:00:00Z,2026-09-21T04:00:00+0200,362.0,MW,ES,ES,forecast_solar_generation,Solar,2026-09-22T07:59:36Z
2026-09-22T07:58:25Z,2026-09-22T09:58:25+0200,34db2902-3fa2-47f0-b130-91fd3aa797b3,2026-09-21T02:15:00Z,2026-09-21T04:15:00+0200,329.0,MW,ES,ES,forecast_solar_generation,Solar,2026-09-22T07:59:36Z
2026-09-22T07:58:25Z,2026-09-22T09:58:25+0200,34db2902-3fa2-47f0-b130-91fd3aa797b3,2026-09-21T02:30:00Z,2026-09-21T04:30:00+0200,291.0,MW,ES,ES,forecast_solar_generation,Solar,2026-09-22T07:59:36Z
2026-09-22T07:58:25Z,2026-09-22T09:58:25+0200,34db2902-3fa2-47f0-b130-91fd3aa797b3,2026-09-21T02:45:00Z,2026-09-21T04:45:00+0200,250.0,MW,ES,ES,forecast_solar_generation,Solar,2026-09-22T07:59:36Z
2026-09-22T07:58:25Z,2026-09-22T09:58:25+0200,34db2902-3fa2-47f0-b130-91fd3aa797b3,2026-09-21T03:00:00Z,2026-09-21T05:00:00+0200,211.0,MW,ES,ES,forecast_solar_generation,Solar,2026-09-22T07:59:36Z
2026-09-22T07:58:25Z,2026-09-22T09:58:25+0200,34db2902-3fa2-47f0-b130-91fd3aa797b3,2026-09-21T03:15:00Z,2026-09-21T05:15:00+0200,173.0,MW,ES,ES,forecast_solar_generation,Solar,2026-09-22T07:59:36Z
2026-09-22T07:58:25Z,2026-09-22T09:58:25+0200,34db2902-3fa2-47f0-b130-91fd3aa797b3,2026-09-21T03:30:00Z,2026-09-21T05:30:00+0200,141.0,MW,ES,ES,forecast_solar_generation,Solar,2026-09-22T07:59:36Z
2026-09-22T07:58:25Z,2026-09-22T09:58:25+0200,34db2902-3fa2-47f0-b130-91fd3aa797b3,2026-09-21T03:45:00Z,2026-09-21T05:45:00+0200,116.0,MW,ES,ES,forecast_solar_generation,Solar,2026-09-22T07:59:36Z
2026-09-22T07:58:25Z,2026-09-22T09:58:25+0200,34db2902-3fa2-47f0-b130-91fd3aa797b3,2026-09-21T04:00:00Z,2026-09-21T06:00:00+0200,89.0,MW,ES,ES,forecast_solar_generation,Solar,2026-09-22T07:59:36Z
2026-09-22T07:58:25Z,2026-09-22T09:58:25+0200,34db2902-3fa2-47f0-b130-91fd3aa797b3,2026-09-21T04:15:00Z,2026-09-21T06:15:00+0200,80.0,MW,ES,ES,forecast_solar_generation,Solar,2026-09-22T07:59:36Z
2026-09-22T07:58:25Z,2026-09-22T09:58:25+0200,34db2902-3fa2-47f0-b130-91fd3aa797b3,2026-09-21T04:30:00Z,2026-09-21T06:30:00+0200,79.0,MW,ES,ES,forecast_solar_generation,Solar,2026-09-22T07:59:36Z
2026-09-22T07:58:25Z,2026-09-22T09:58:25+0200,34db2902-3fa2-47f0-b130-91fd3aa797b3,2026-09-21T04:45:00Z,2026-09-21T06:45:00+0200,83.0,MW,ES,ES,forecast_solar_generation,Solar,2026-09-22T07:59:36Z
2026-09-22T07:58:25Z,2026-09-22T09:58:25+0200,34db2902-3fa2-47f0-b130-91fd3aa797b3,2026-09-21T05:00:00Z,2026-09-21T07:00:00+0200,96.0,MW,ES,ES,forecast_solar_generation,Solar,2026-09-22T07:59:36Z
2026-09-22T07:58:25Z,2026-09-22T09:58:25+0200,34db2902-3fa2-47f0-b130-91fd3aa797b3,2026-09-21T05:15:00Z,2026-09-21T07:15:00+0200,97.0,MW,ES,ES,forecast_solar_generation,Solar,2026-09-22T07:59:36Z
2026-09-22T07:58:25Z,2026-09-22T09:58:25+0200,34db2902-3fa2-47f0-b130-91fd3aa797b3,2026-09-21T05:30:00Z,2026-09-21T07:30:00+0200,102.0,MW,ES,ES,forecast_solar_generation,Solar,2026-09-22T07:59:36Z
2026-09-22T07:58:25Z,2026-09-22T09:58:25+0200,34db2902-3fa2-47f0-b130-91fd3aa797b3,2026-09-21T05:45:00Z,2026-09-21T07:45:00+0200,108.0,MW,ES,ES,forecast_solar_generation,Solar,2026-09-22T07:59:36Z
2026-09-22T07:58:25Z,2026-09-22T09:58:25+0200,34db2902-3fa2-47f0-b130-91fd3aa797b3,2026-09-21T06:00:00Z,2026-09-21T08:00:00+0200,1198.0,MW,ES,ES,forecast_solar_generation,Solar,2026-09-22T07:59:36Z
2026-09-22T07:58:25Z,2026-09-22T09:58:25+0200,34db2902-3fa2-47f0-b130-91fd3aa797b3,2026-09-21T06:15:00Z,2026-09-21T08:15:00+0200,2223.0,MW,ES,ES,forecast_solar_generation,Solar,2026-09-22T07:59:36Z
2026-09-22T07:58:25Z,2026-09-22T09:58:25+0200,34db2902-3fa2-47f0-b130-91fd3aa797b3,2026-09-21T06:30:00Z,2026-09-21T08:30:00+0200,3748.0,MW,ES,ES,forecast_solar_generation,Solar,2026-09-22T07:59:36Z
2026-09-22T07:58:25Z,2026-09-22T09:58:25+0200,34db2902-3fa2-47f0-b130-91fd3aa797b3,2026-09-21T06:45:00Z,2026-09-21T08:45:00+0200,5490.0,MW,ES,ES,forecast_solar_generation,Solar,2026-09-22T07:59:36Z
2026-09-22T07:58:25Z,2026-09-22T09:58:25+0200,34db2902-3fa2-47f0-b130-91fd3aa797b3,2026-09-21T07:00:00Z,2026-09-21T09:00:00+0200,9534.0,MW,ES,ES,forecast_solar_generation,Solar,2026-09-22T07:59:36Z
2026-09-22T07:58:25Z,2026-09-22T09:58:25+0200,34db2902-3fa2-47f0-b130-91fd3aa797b3,2026-09-21T07:15:00Z,2026-09-21T09:15:00+0200,12161.0,MW,ES,ES,forecast_solar_generation,Solar,2026-09-22T07:59:36Z
2026-09-22T07:58:25Z,2026-09-22T09:58:25+0200,34db2902-3fa2-47f0-b130-91fd3aa797b3,2026-09-21T07:30:00Z,2026-09-21T09:30:00+0200,14643.0,MW,ES,ES,forecast_solar_generation,Solar,2026-09-22T07:59:36Z
2026-09-22T07:58:25Z,2026-09-22T09:58:25+0200,34db2902-3fa2-47f0-b130-91fd3aa797b3,2026-09-21T07:45:00Z,2026-09-21T09:45:00+0200,16577.0,MW,ES,ES,forecast_solar_generation,Solar,2026-09-22T07:59:36Z
2026-09-22T07:58:25Z,2026-09-22T09:58:25+0200,34db2902-3fa2-47f0-b130-91fd3aa797b3,2026-09-21T08:00:00Z,2026-09-21T10:00:00+0200,18995.0,MW,ES,ES,forecast_solar_generation,Solar,2026-09-22T07:59:36Z
2026-09-22T07:58:25Z,2026-09-22T09:58:25+0200,34db2902-3fa2-47f0-b130-91fd3aa797b3,2026-09-21T08:15:00Z,2026-09-21T10:15:00+0200,20261.0,MW,ES,ES,forecast_solar_generation,Solar,2026-09-22T07:59:36Z
2026-09-22T07:58:25Z,2026-09-22T09:58:25+0200,34db2902-3fa2-47f0-b130-91fd3aa797b3,2026-09-21T08:30:00Z,2026-09-21T10:30:00+0200,21082.0,MW,ES,ES,forecast_solar_generation,Solar,2026-09-22T07:59:36Z
2026-09-22T07:58:25Z,2026-09-22T09:58:25+0200,34db2902-3fa2-47f0-b130-91fd3aa797b3,2026-09-21T08:45:00Z,2026-09-21T10:45:00+0200,21664.0,MW,ES,ES,forecast_solar_generation,Solar,2026-09-22T07:59:36Z
2026-09-22T07:58:25Z,2026-09-22T09:58:25+0200,34db2902-3fa2-47f0-b130-91fd3aa797b3,2026-09-21T09:00:00Z,2026-09-21T11:00:00+0200,22995.0,MW,ES,ES,forecast_solar_generation,Solar,2026-09-22T07:59:36Z
2026-09-22T07:58:25Z,2026-09-22T09:58:25+0200,34db2902-3fa2-47f0-b130-91fd3aa797b3,2026-09-21T09:15:00Z,2026-09-21T11:15:00+0200,23487.0,MW,ES,ES,forecast_solar_generation,Solar,2026-09-22T07:59:36Z
2026-09-22T07:58:25Z,2026-09-22T09:58:25+0200,34db2902-3fa2-47f0-b130-91fd3aa797b3,2026-09-21T09:30:00Z,2026-09-21T11:30:00+0200,23768.0,MW,ES,ES,forecast_solar_generation,Solar,2026-09-22T07:59:36Z
2026-09-22T07:58:25Z,2026-09-22T09:58:25+0200,34db2902-3fa2-47f0-b130-91fd3aa797b3,2026-09-21T09:45:00Z,2026-09-21T11:45:00+0200,23983.0,MW,ES,ES,forecast_solar_generation,Solar,2026-09-22T07:59:36Z
2026-09-22T07:58:25Z,2026-09-22T09:58:25+0200,34db2902-3fa2-47f0-b130-91fd3aa797b3,2026-09-21T10:00:00Z,2026-09-21T12:00:00+0200,24489.0,MW,ES,ES,forecast_solar_generation,Solar,2026-09-22T07:59:36Z
2026-09-22T07:58:25Z,2026-09-22T09:58:25+0200,34db2902-3fa2-47f0-b130-91fd3aa797b3,2026-09-21T10:15:00Z,2026-09-21T12:15:00+0200,24658.0,MW,ES,ES,forecast_solar_generation,Solar,2026-09-22T07:59:36Z
2026-09-22T07:58:25Z,2026-09-22T09:58:25+0200,34db2902-3fa2-47f0-b130-91fd3aa797b3,2026-09-21T10:30:00Z,2026-09-21T12:30:00+0200,24780.0,MW,ES,ES,forecast_solar_generation,Solar,2026-09-22T07:59:36Z
2026-09-22T07:58:25Z,2026-09-22T09:58:25+0200,34db2902-3fa2-47f0-b130-91fd3aa797b3,2026-09-21T10:45:00Z,2026-09-21T12:45:00+0200,24874.0,MW,ES,ES,forecast_solar_generation,Solar,2026-09-22T07:59:36Z
2026-09-22T07:58:25Z,2026-09-22T09:58:25+0200,34db2902-3fa2-47f0-b130-91fd3aa797b3,2026-09-21T11:00:00Z,2026-09-21T13:00:00+0200,25081.0,MW,ES,ES,forecast_solar_generation,Solar,2026-09-22T07:59:36Z
2026-09-22T07:58:25Z,2026-09-22T09:58:25+0200,34db2902-3fa2-47f0-b130-91fd3aa797b3,2026-09-21T11:15:00Z,2026-09-21T13:15:00+0200,25084.0,MW,ES,ES,forecast_solar_generation,Solar,2026-09-22T07:59:36Z
2026-09-22T07:58:25Z,2026-09-22T09:58:25+0200,34db2902-3fa2-47f0-b130-91fd3aa797b3,2026-09-21T11:30:00Z,2026-09-21T13:30:00+0200,25088.0,MW,ES,ES,forecast_solar_generation,Solar,2026-09-22T07:59:36Z
2026-09-22T07:58:25Z,2026-09-22T09:58:25+0200,34db2902-3fa2-47f0-b130-91fd3aa797b3,2026-09-21T11:45:00Z,2026-09-21T13:45:00+0200,25063.0,MW,ES,ES,forecast_solar_generation,Solar,2026-09-22T07:59:36Z
2026-09-22T07:58:25Z,2026-09-22T09:58:25+0200,34db2902-3fa2-47f0-b130-91fd3aa797b3,2026-09-21T12:00:00Z,2026-09-21T14:00:00+0200,25085.0,MW,ES,ES,forecast_solar_generation,Solar,2026-09-22T07:59:36Z
2026-09-22T07:58:25Z,2026-09-22T09:58:25+0200,34db2902-3fa2-47f0-b130-91fd3aa797b3,2026-09-21T12:15:00Z,2026-09-21T14:15:00+0200,25047.0,MW,ES,ES,forecast_solar_generation,Solar,2026-09-22T07:59:36Z
2026-09-22T07:58:25Z,2026-09-22T09:58:25+0200,34db2902-3fa2-47f0-b130-91fd3aa797b3,2026-09-21T12:30:00Z,2026-09-21T14:30:00+0200,24973.0,MW,ES,ES,forecast_solar_generation,Solar,2026-09-22T07:59:36Z
2026-09-22T07:58:25Z,2026-09-22T09:58:25+0200,34db2902-3fa2-47f0-b130-91fd3aa797b3,2026-09-21T12:45:00Z,2026-09-21T14:45:00+0200,24669.0,MW,ES,ES,forecast_solar_generation,Solar,2026-09-22T07:59:36Z
2026-09-22T07:58:25Z,2026-09-22T09:58:25+0200,34db2902-3fa2-47f0-b130-91fd3aa797b3,2026-09-21T13:00:00Z,2026-09-21T15:00:00+0200,24914.0,MW,ES,ES,forecast_solar_generation,Solar,2026-09-22T07:59:36Z
2026-09-22T07:58:25Z,2026-09-22T09:58:25+0200,34db2902-3fa2-47f0-b130-91fd3aa797b3,2026-09-21T13:15:00Z,2026-09-21T15:15:00+0200,24861.0,MW,ES,ES,forecast_solar_generation,Solar,2026-09-22T07:59:36Z
2026-09-22T07:58:25Z,2026-09-22T09:58:25+0200,34db2902-3fa2-47f0-b130-91fd3aa797b3,2026-09-21T13:30:00Z,2026-09-21T15:30:00+0200,24663.0,MW,ES,ES,forecast_solar_generation,Solar,2026-09-22T07:59:36Z
2026-09-22T07:58:25Z,2026-09-22T09:58:25+0200,34db2902-3fa2-47f0-b130-91fd3aa797b3,2026-09-21T13:45:00Z,2026-09-21T15:45:00+0200,24585.0,MW,ES,ES,forecast_solar_generation,Solar,2026-09-22T07:59:36Z
2026-09-22T07:58:25Z,2026-09-22T09:58:25+0200,34db2902-3fa2-47f0-b130-91fd3aa797b3,2026-09-21T14:00:00Z,2026-09-21T16:00:00+0200,25177.0,MW,ES,ES,forecast_solar_generation,Solar,2026-09-22T07:59:36Z
2026-09-22T07:58:25Z,2026-09-22T09:58:25+0200,34db2902-3fa2-47f0-b130-91fd3aa797b3,2026-09-21T14:15:00Z,2026-09-21T16:15:00+0200,24938.0,MW,ES,ES,forecast_solar_generation,Solar,2026-09-22T07:59:36Z
2026-09-22T07:58:25Z,2026-09-22T09:58:25+0200,34db2902-3fa2-47f0-b130-91fd3aa797b3,2026-09-21T14:30:00Z,2026-09-21T16:30:00+0200,24606.0,MW,ES,ES,forecast_solar_generation,Solar,2026-09-22T07:59:36Z
2026-09-22T07:58:25Z,2026-09-22T09:58:25+0200,34db2902-3fa2-47f0-b130-91fd3aa797b3,2026-09-21T14:45:00Z,2026-09-21T16:45:00+0200,23910.0,MW,ES,ES,forecast_solar_generation,Solar,2026-09-22T07:59:36Z
2026-09-22T07:58:25Z,2026-09-22T09:58:25+0200,34db2902-3fa2-47f0-b130-91fd3aa797b3,2026-09-21T15:00:00Z,2026-09-21T17:00:00+0200,23756.0,MW,ES,ES,forecast_solar_generation,Solar,2026-09-22T07:59:36Z
2026-09-22T07:58:25Z,2026-09-22T09:58:25+0200,34db2902-3fa2-47f0-b130-91fd3aa797b3,2026-09-21T15:15:00Z,2026-09-21T17:15:00+0200,23083.0,MW,ES,ES,forecast_solar_generation,Solar,2026-09-22T07:59:36Z
2026-09-22T07:58:25Z,2026-09-22T09:58:25+0200,34db2902-3fa2-47f0-b130-91fd3aa797b3,2026-09-21T15:30:00Z,2026-09-21T17:30:00+0200,22222.0,MW,ES,ES,forecast_solar_generation,Solar,2026-09-22T07:59:36Z
2026-09-22T07:58:25Z,2026-09-22T09:58:25+0200,34db2902-3fa2-47f0-b130-91fd3aa797b3,2026-09-21T15:45:00Z,2026-09-21T17:45:00+0200,21072.0,MW,ES,ES,forecast_solar_generation,Solar,2026-09-22T07:59:36Z
2026-09-22T07:58:25Z,2026-09-22T09:58:25+0200,34db2902-3fa2-47f0-b130-91fd3aa797b3,2026-09-21T16:00:00Z,2026-09-21T18:00:00+0200,20752.0,MW,ES,ES,forecast_solar_generation,Solar,2026-09-22T07:59:36Z
2026-09-22T07:58:25Z,2026-09-22T09:58:25+0200,34db2902-3fa2-47f0-b130-91fd3aa797b3,2026-09-21T16:15:00Z,2026-09-21T18:15:00+0200,18852.0,MW,ES,ES,forecast_solar_generation,Solar,2026-09-22T07:59:36Z
2026-09-22T07:58:25Z,2026-09-22T09:58:25+0200,34db2902-3fa2-47f0-b130-91fd3aa797b3,2026-09-21T16:30:00Z,2026-09-21T18:30:00+0200,16531.0,MW,ES,ES,forecast_solar_generation,Solar,2026-09-22T07:59:36Z
2026-09-22T07:58:25Z,2026-09-22T09:58:25+0200,34db2902-3fa2-47f0-b130-91fd3aa797b3,2026-09-21T16:45:00Z,2026-09-21T18:45:00+0200,13635.0,MW,ES,ES,forecast_solar_generation,Solar,2026-09-22T07:59:36Z
2026-09-22T07:58:25Z,2026-09-22T09:58:25+0200,34db2902-3fa2-47f0-b130-91fd3aa797b3,2026-09-21T17:00:00Z,2026-09-21T19:00:00+0200,11243.0,MW,ES,ES,forecast_solar_generation,Solar,2026-09-22T07:59:36Z
2026-09-22T07:58:25Z,2026-09-22T09:58:25+0200,34db2902-3fa2-47f0-b130-91fd3aa797b3,2026-09-21T17:15:00Z,2026-09-21T19:15:00+0200,8422.0,MW,ES,ES,forecast_solar_generation,Solar,2026-09-22T07:59:36Z
2026-09-22T07:58:25Z,2026-09-22T09:58:25+0200,34db2902-3fa2-47f0-b130-91fd3aa797b3,2026-09-21T17:30:00Z,2026-09-21T19:30:00+0200,5881.0,MW,ES,ES,forecast_solar_generation,Solar,2026-09-22T07:59:36Z
2026-09-22T07:58:25Z,2026-09-22T09:58:25+0200,34db2902-3fa2-47f0-b130-91fd3aa797b3,2026-09-21T17:45:00Z,2026-09-21T19:45:00+0200,3991.0,MW,ES,ES,forecast_solar_generation,Solar,2026-09-22T07:59:36Z
2026-09-22T07:58:25Z,2026-09-22T09:58:25+0200,34db2902-3fa2-47f0-b130-91fd3aa797b3,2026-09-21T18:00:00Z,2026-09-21T20:00:00+0200,1991.0,MW,ES,ES,forecast_solar_generation,Solar,2026-09-22T07:59:36Z
2026-09-22T07:58:25Z,2026-09-22T09:58:25+0200,34db2902-3fa2-47f0-b130-91fd3aa797b3,2026-09-21T18:15:00Z,2026-09-21T20:15:00+0200,1058.0,MW,ES,ES,forecast_solar_generation,Solar,2026-09-22T07:59:36Z
2026-09-22T07:58:25Z,2026-09-22T09:58:25+0200,34db2902-3fa2-47f0-b130-91fd3aa797b3,2026-09-21T18:30:00Z,2026-09-21T20:30:00+0200,624.0,MW,ES,ES,forecast_solar_generation,Solar,2026-09-22T07:59:36Z
2026-09-22T07:58:25Z,2026-09-22T09:58:25+0200,34db2902-3fa2-47f0-b130-91fd3aa797b3,2026-09-21T18:45:00Z,2026-09-21T20:45:00+0200,564.0,MW,ES,ES,forecast_solar_generation,Solar,2026-09-22T07:59:36Z
2026-09-22T07:58:25Z,2026-09-22T09:58:25+0200,34db2902-3fa2-47f0-b130-91fd3aa797b3,2026-09-21T19:00:00Z,2026-09-21T21:00:00+0200,505.0,MW,ES,ES,forecast_solar_generation,Solar,2026-09-22T07:59:36Z
2026-09-22T07:58:25Z,2026-09-22T09:58:25+0200,34db2902-3fa2-47f0-b130-91fd3aa797b3,2026-09-21T19:15:00Z,2026-09-21T21:15:00+0200,483.0,MW,ES,ES,forecast_solar_generation,Solar,2026-09-22T07:59:36Z
2026-09-22T07:58:25Z,2026-09-22T09:58:25+0200,34db2902-3fa2-47f0-b130-91fd3aa797b3,2026-09-21T19:30:00Z,2026-09-21T21:30:00+0200,471.0,MW,ES,ES,forecast_solar_generation,Solar,2026-09-22T07:59:36Z
2026-09-22T07:58:25Z,2026-09-22T09:58:25+0200,34db2902-3fa2-47f0-b130-91fd3aa797b3,2026-09-21T19:45:00Z,2026-09-21T21:45:00+0200,468.0,MW,ES,ES,forecast_solar_generation,Solar,2026-09-22T07:59:36Z
2026-09-22T07:58:25Z,2026-09-22T09:58:25+0200,34db2902-3fa2-47f0-b130-91fd3aa797b3,2026-09-21T20:00:00Z,2026-09-21T22:00:00+0200,467.0,MW,ES,ES,forecast_solar_generation,Solar,2026-09-22T07:59:36Z
2026-09-22T07:58:25Z,2026-09-22T09:58:25+0200,34db2902-3fa2-47f0-b130-91fd3aa797b3,2026-09-21T20:15:00Z,2026-09-21T22:15:00+0200,471.0,MW,ES,ES,forecast_solar_generation,Solar,2026-09-22T07:59:36Z
2026-09-22T07:58:25Z,2026-09-22T09:58:25+0200,34db2902-3fa2-47f0-b130-91fd3aa797b3,2026-09-21T20:30:00Z,2026-09-21T22:30:00+0200,474.0,MW,ES,ES,forecast_solar_generation,Solar,2026-09-22T07:59:36Z
2026-09-22T07:58:25Z,2026-09-22T09:58:25+0200,34db2902-3fa2-47f0-b130-91fd3aa797b3,2026-09-21T20:45:00Z,2026-09-21T22:45:00+0200,474.0,MW,ES,ES,forecast_solar_generation,Solar,2026-09-22T07:59:36Z
2026-09-22T07:58:25Z,2026-09-22T09:58:25+0200,34db2902-3fa2-47f0-b130-91fd3aa797b3,2026-09-21T21:00:00Z,2026-09-21T23:00:00+0200,482.0,MW,ES,ES,forecast_solar_generation,Solar,2026-09-22T07:59:36Z
2026-09-22T07:58:25Z,2026-09-22T09:58:25+0200,34db2902-3fa2-47f0-b130-91fd3aa797b3,2026-09-21T21:15:00Z,2026-09-21T23:15:00+0200,474.0,MW,ES,ES,forecast_solar_generation,Solar,2026-09-22T07:59:36Z
2026-09-22T07:58:25Z,2026-09-22T09:58:25+0200,34db2902-3fa2-47f0-b130-91fd3aa797b3,2026-09-21T21:30:00Z,2026-09-21T23:30:00+0200,460.0,MW,ES,ES,forecast_solar_generation,Solar,2026-09-22T07:59:36Z
2026-09-22T07:58:25Z,2026-09-22T09:58:25+0200,34db2902-3fa2-47f0-b130-91fd3aa797b3,2026-09-21T21:45:00Z,2026-09-21T23:45:00+0200,443.0,MW,ES,ES,forecast_solar_generation,Solar,2026-09-22T07:59:36Z
2026-09-22T07:58:25Z,2026-09-22T09:58:25+0200,34db2902-3fa2-47f0-b130-91fd3aa797b3,2026-09-21T22:00:00Z,2026-09-22T00:00:00+0200,481.0,MW,ES,ES,forecast_solar_generation,Solar,2026-09-22T07:59:36Z
2026-09-22T07:58:25Z,2026-09-22T09:58:25+0200,34db2902-3fa2-47f0-b130-91fd3aa797b3,2026-09-21T22:15:00Z,2026-09-22T00:15:00+0200,472.0,MW,ES,ES,forecast_solar_generation,Solar,2026-09-22T07:59:36Z
2026-09-22T07:58:25Z,2026-09-22T09:58:25+0200,34db2902-3fa2-47f0-b130-91fd3aa797b3,2026-09-21T22:30:00Z,2026-09-22T00:30:00+0200,462.0,MW,ES,ES,forecast_solar_generation,Solar,2026-09-22T07:59:36Z
2026-09-22T07:58:25Z,2026-09-22T09:58:25+0200,34db2902-3fa2-47f0-b130-91fd3aa797b3,2026-09-21T22:45:00Z,2026-09-22T00:45:00+0200,452.0,MW,ES,ES,forecast_solar_generation,Solar,2026-09-22T07:59:36Z
2026-09-22T07:58:25Z,2026-09-22T09:58:25+0200,34db2902-3fa2-47f0-b130-91fd3aa797b3,2026-09-21T23:00:00Z,2026-09-22T01:00:00+0200,440.0,MW,ES,ES,forecast_solar_generation,Solar,2026-09-22T07:59:36Z
2026-09-22T07:58:25Z,2026-09-22T09:58:25+0200,34db2902-3fa2-47f0-b130-91fd3aa797b3,2026-09-21T23:15:00Z,2026-09-22T01:15:00+0200,433.0,MW,ES,ES,forecast_solar_generation,Solar,2026-09-22T07:59:36Z
2026-09-22T07:58:25Z,2026-09-22T09:58:25+0200,34db2902-3fa2-47f0-b130-91fd3aa797b3,2026-09-21T23:30:00Z,2026-09-22T01:30:00+0200,429.0,MW,ES,ES,forecast_solar_generation,Solar,2026-09-22T07:59:36Z
2026-09-22T07:58:25Z,2026-09-22T09:58:25+0200,34db2902-3fa2-47f0-b130-91fd3aa797b3,2026-09-21T23:45:00Z,2026-09-22T01:45:00+0200,427.0,MW,ES,ES,forecast_solar_generation,Solar,2026-09-22T07:59:36Z
2026-09-22T07:58:25Z,2026-09-22T09:58:25+0200,34db2902-3fa2-47f0-b130-91fd3aa797b3,2026-09-22T00:00:00Z,2026-09-22T02:00:00+0200,427.0,MW,ES,ES,forecast_solar_generation,Solar,2026-09-22T07:59:36Z
2026-09-22T07:58:25Z,2026-09-22T09:58:25+0200,34db2902-3fa2-47f0-b130-91fd3aa797b3,2026-09-22T00:15:00Z,2026-09-22T02:15:00+0200,426.0,MW,ES,ES,forecast_solar_generation,Solar,2026-09-22T07:59:36Z
2026-09-22T07:58:25Z,2026-09-22T09:58:25+0200,34db2902-3fa2-47f0-b130-91fd3aa797b3,2026-09-22T00:30:00Z,2026-09-22T02:30:00+0200,426.0,MW,ES,ES,forecast_solar_generation,Solar,2026-09-22T07:59:36Z
2026-09-22T07:58:25Z,2026-09-22T09:58:25+0200,34db2902-3fa2-47f0-b130-91fd3aa797b3,2026-09-22T00:45:00Z,2026-09-22T02:45:00+0200,423.0,MW,ES,ES,forecast_solar_generation,Solar,2026-09-22T07:59:36Z
2026-09-22T07:58:25Z,2026-09-22T09:58:25+0200,34db2902-3fa2-47f0-b130-91fd3aa797b3,2026-09-22T01:00:00Z,2026-09-22T03:00:00+0200,427.0,MW,ES,ES,forecast_solar_generation,Solar,2026-09-22T07:59:36Z
2026-09-22T07:58:25Z,2026-09-22T09:58:25+0200,34db2902-3fa2-47f0-b130-91fd3aa797b3,2026-09-22T01:15:00Z,2026-09-22T03:15:00+0200,417.0,MW,ES,ES,forecast_solar_generation,Solar,2026-09-22T07:59:36Z
2026-09-22T07:58:25Z,2026-09-22T09:58:25+0200,34db2902-3fa2-47f0-b130-91fd3aa797b3,2026-09-22T01:30:00Z,2026-09-22T03:30:00+0200,403.0,MW,ES,ES,forecast_solar_generation,Solar,2026-09-22T07:59:36Z
2026-09-22T07:58:25Z,2026-09-22T09:58:25+0200,34db2902-3fa2-47f0-b130-91fd3aa797b3,2026-09-22T01:45:00Z,2026-09-22T03:45:00+0200,384.0,MW,ES,ES,forecast_solar_generation,Solar,2026-09-22T07:59:36Z
2026-09-22T07:58:25Z,2026-09-22T09:58:25+0200,34db2902-3fa2-47f0-b130-91fd3aa797b3,2026-09-22T02:00:00Z,2026-09-22T04:00:00+0200,369.0,MW,ES,ES,forecast_solar_generation,Solar,2026-09-22T07:59:36Z
2026-09-22T07:58:25Z,2026-09-22T09:58:25+0200,34db2902-3fa2-47f0-b130-91fd3aa797b3,2026-09-22T02:15:00Z,2026-09-22T04:15:00+0200,344.0,MW,ES,ES,forecast_solar_generation,Solar,2026-09-22T07:59:36Z
2026-09-22T07:58:25Z,2026-09-22T09:58:25+0200,34db2902-3fa2-47f0-b130-91fd3aa797b3,2026-09-22T02:30:00Z,2026-09-22T04:30:00+0200,317.0,MW,ES,ES,forecast_solar_generation,Solar,2026-09-22T07:59:36Z
2026-09-22T07:58:25Z,2026-09-22T09:58:25+0200,34db2902-3fa2-47f0-b130-91fd3aa797b3,2026-09-22T02:45:00Z,2026-09-22T04:45:00+0200,289.0,MW,ES,ES,forecast_solar_generation,Solar,2026-09-22T07:59:36Z
2026-09-22T07:58:25Z,2026-09-22T09:58:25+0200,34db2902-3fa2-47f0-b130-91fd3aa797b3,2026-09-22T03:00:00Z,2026-09-22T05:00:00+0200,265.0,MW,ES,ES,forecast_solar_generation,Solar,2026-09-22T07:59:36Z
2026-09-22T07:58:25Z,2026-09-22T09:58:25+0200,34db2902-3fa2-47f0-b130-91fd3aa797b3,2026-09-22T03:15:00Z,2026-09-22T05:15:00+0200,237.0,MW,ES,ES,forecast_solar_generation,Solar,2026-09-22T07:59:36Z
2026-09-22T07:58:25Z,2026-09-22T09:58:25+0200,34db2902-3fa2-47f0-b130-91fd3aa797b3,2026-09-22T03:30:00Z,2026-09-22T05:30:00+0200,210.0,MW,ES,ES,forecast_solar_generation,Solar,2026-09-22T07:59:36Z
2026-09-22T07:58:25Z,2026-09-22T09:58:25+0200,34db2902-3fa2-47f0-b130-91fd3aa797b3,2026-09-22T03:45:00Z,2026-09-22T05:45:00+0200,184.0,MW,ES,ES,forecast_solar_generation,Solar,2026-09-22T07:59:36Z
2026-09-22T07:58:25Z,2026-09-22T09:58:25+0200,34db2902-3fa2-47f0-b130-91fd3aa797b3,2026-09-22T04:00:00Z,2026-09-22T06:00:00+0200,164.0,MW,ES,ES,forecast_solar_generation,Solar,2026-09-22T07:59:36Z
2026-09-22T07:58:25Z,2026-09-22T09:58:25+0200,34db2902-3fa2-47f0-b130-91fd3aa797b3,2026-09-22T04:15:00Z,2026-09-22T06:15:00+0200,139.0,MW,ES,ES,forecast_solar_generation,Solar,2026-09-22T07:59:36Z
2026-09-22T07:58:25Z,2026-09-22T09:58:25+0200,34db2902-3fa2-47f0-b130-91fd3aa797b3,2026-09-22T04:30:00Z,2026-09-22T06:30:00+0200,115.0,MW,ES,ES,forecast_solar_generation,Solar,2026-09-22T07:59:36Z
2026-09-22T07:58:25Z,2026-09-22T09:58:25+0200,34db2902-3fa2-47f0-b130-91fd3aa797b3,2026-09-22T04:45:00Z,2026-09-22T06:45:00+0200,94.0,MW,ES,ES,forecast_solar_generation,Solar,2026-09-22T07:59:36Z
2026-09-22T07:58:25Z,2026-09-22T09:58:25+0200,34db2902-3fa2-47f0-b130-91fd3aa797b3,2026-09-22T05:00:00Z,2026-09-22T07:00:00+0200,69.0,MW,ES,ES,forecast_solar_generation,Solar,2026-09-22T07:59:36Z
2026-09-22T07:58:25Z,2026-09-22T09:58:25+0200,34db2902-3fa2-47f0-b130-91fd3aa797b3,2026-09-22T05:15:00Z,2026-09-22T07:15:00+0200,62.0,MW,ES,ES,forecast_solar_generation,Solar,2026-09-22T07:59:36Z
2026-09-22T07:58:25Z,2026-09-22T09:58:25+0200,34db2902-3fa2-47f0-b130-91fd3aa797b3,2026-09-22T05:30:00Z,2026-09-22T07:30:00+0200,72.0,MW,ES,ES,forecast_solar_generation,Solar,2026-09-22T07:59:36Z
2026-09-22T07:58:25Z,2026-09-22T09:58:25+0200,34db2902-3fa2-47f0-b130-91fd3aa797b3,2026-09-22T05:45:00Z,2026-09-22T07:45:00+0200,101.0,MW,ES,ES,forecast_solar_generation,Solar,2026-09-22T07:59:36Z
2026-09-22T07:58:25Z,2026-09-22T09:58:25+0200,34db2902-3fa2-47f0-b130-91fd3aa797b3,2026-09-22T06:00:00Z,2026-09-22T08:00:00+0200,1216.0,MW,ES,ES,forecast_solar_generation,Solar,2026-09-22T07:59:36Z
2026-09-22T07:58:25Z,2026-09-22T09:58:25+0200,34db2902-3fa2-47f0-b130-91fd3aa797b3,2026-09-22T06:15:00Z,2026-09-22T08:15:00+0200,2261.0,MW,ES,ES,forecast_solar_generation,Solar,2026-09-22T07:59:36Z
2026-09-22T07:58:25Z,2026-09-22T09:58:25+0200,34db2902-3fa2-47f0-b130-91fd3aa797b3,2026-09-22T06:30:00Z,2026-09-22T08:30:00+0200,3779.0,MW,ES,ES,forecast_solar_generation,Solar,2026-09-22T07:59:36Z
2026-09-22T07:58:25Z,2026-09-22T09:58:25+0200,34db2902-3fa2-47f0-b130-91fd3aa797b3,2026-09-22T06:45:00Z,2026-09-22T08:45:00+0200,5600.0,MW,ES,ES,forecast_solar_generation,Solar,2026-09-22T07:59:36Z
2026-09-22T07:58:25Z,2026-09-22T09:58:25+0200,34db2902-3fa2-47f0-b130-91fd3aa797b3,2026-09-22T07:00:00Z,2026-09-22T09:00:00+0200,9647.0,MW,ES,ES,forecast_solar_generation,Solar,2026-09-22T07:59:36Z
2026-09-22T07:58:25Z,2026-09-22T09:58:25+0200,34db2902-3fa2-47f0-b130-91fd3aa797b3,2026-09-22T07:15:00Z,2026-09-22T09:15:00+0200,12305.0,MW,ES,ES,forecast_solar_generation,Solar,2026-09-22T07:59:36Z
2026-09-22T07:58:25Z,2026-09-22T09:58:25+0200,34db2902-3fa2-47f0-b130-91fd3aa797b3,2026-09-22T07:30:00Z,2026-09-22T09:30:00+0200,14734.0,MW,ES,ES,forecast_solar_generation,Solar,2026-09-22T07:59:36Z
2026-09-22T07:58:25Z,2026-09-22T09:58:25+0200,34db2902-3fa2-47f0-b130-91fd3aa797b3,2026-09-22T07:45:00Z,2026-09-22T09:45:00+0200,16850.0,MW,ES,ES,forecast_solar_generation,Solar,2026-09-22T07:59:36Z
2026-09-22T07:58:25Z,2026-09-22T09:58:25+0200,34db2902-3fa2-47f0-b130-91fd3aa797b3,2026-09-22T08:00:00Z,2026-09-22T10:00:00+0200,19931.0,MW,ES,ES,forecast_solar_generation,Solar,2026-09-22T07:59:37Z
2026-09-22T07:58:25Z,2026-09-22T09:58:25+0200,34db2902-3fa2-47f0-b130-91fd3aa797b3,2026-09-22T08:15:00Z,2026-09-22T10:15:00+0200,21331.0,MW,ES,ES,forecast_solar_generation,Solar,2026-09-22T07:59:37Z
2026-09-22T07:58:25Z,2026-09-22T09:58:25+0200,34db2902-3fa2-47f0-b130-91fd3aa797b3,2026-09-22T08:30:00Z,2026-09-22T10:30:00+0200,22286.0,MW,ES,ES,forecast_solar_generation,Solar,2026-09-22T07:59:37Z
2026-09-22T07:58:25Z,2026-09-22T09:58:25+0200,34db2902-3fa2-47f0-b130-91fd3aa797b3,2026-09-22T08:45:00Z,2026-09-22T10:45:00+0200,22455.0,MW,ES,ES,forecast_solar_generation,Solar,2026-09-22T07:59:37Z
2026-09-22T07:58:25Z,2026-09-22T09:58:25+0200,34db2902-3fa2-47f0-b130-91fd3aa797b3,2026-09-22T09:00:00Z,2026-09-22T11:00:00+0200,21707.0,MW,ES,ES,forecast_solar_generation,Solar,2026-09-22T07:59:37Z
2026-09-22T07:58:25Z,2026-09-22T09:58:25+0200,34db2902-3fa2-47f0-b130-91fd3aa797b3,2026-09-22T09:15:00Z,2026-09-22T11:15:00+0200,21959.0,MW,ES,ES,forecast_solar_generation,Solar,2026-09-22T07:59:37Z
2026-09-22T07:58:25Z,2026-09-22T09:58:25+0200,34db2902-3fa2-47f0-b130-91fd3aa797b3,2026-09-22T09:30:00Z,2026-09-22T11:30:00+0200,22149.0,MW,ES,ES,forecast_solar_generation,Solar,2026-09-22T07:59:37Z
2026-09-22T07:58:25Z,2026-09-22T09:58:25+0200,34db2902-3fa2-47f0-b130-91fd3aa797b3,2026-09-22T09:45:00Z,2026-09-22T11:45:00+0200,22333.0,MW,ES,ES,forecast_solar_generation,Solar,2026-09-22T07:59:37Z
2026-09-22T07:58:25Z,2026-09-22T09:58:25+0200,34db2902-3fa2-47f0-b130-91fd3aa797b3,2026-09-22T10:00:00Z,2026-09-22T12:00:00+0200,22822.0,MW,ES,ES,forecast_solar_generation,Solar,2026-09-22T07:59:37Z
2026-09-22T07:58:25Z,2026-09-22T09:58:25+0200,34db2902-3fa2-47f0-b130-91fd3aa797b3,2026-09-22T10:15:00Z,2026-09-22T12:15:00+0200,23384.0,MW,ES,ES,forecast_solar_generation,Solar,2026-09-22T07:59:37Z
2026-09-22T07:58:25Z,2026-09-22T09:58:25+0200,34db2902-3fa2-47f0-b130-91fd3aa797b3,2026-09-22T10:30:00Z,2026-09-22T12:30:00+0200,23882.0,MW,ES,ES,forecast_solar_generation,Solar,2026-09-22T07:59:37Z
2026-09-22T07:58:25Z,2026-09-22T09:58:25+0200,34db2902-3fa2-47f0-b130-91fd3aa797b3,2026-09-22T10:45:00Z,2026-09-22T12:45:00+0200,23960.0,MW,ES,ES,forecast_solar_generation,Solar,2026-09-22T07:59:37Z
2026-09-22T07:58:25Z,2026-09-22T09:58:25+0200,34db2902-3fa2-47f0-b130-91fd3aa797b3,2026-09-22T11:00:00Z,2026-09-22T13:00:00+0200,24215.0,MW,ES,ES,forecast_solar_generation,Solar,2026-09-22T07:59:37Z
2026-09-22T07:58:25Z,2026-09-22T09:58:25+0200,34db2902-3fa2-47f0-b130-91fd3aa797b3,2026-09-22T11:15:00Z,2026-09-22T13:15:00+0200,24557.0,MW,ES,ES,forecast_solar_generation,Solar,2026-09-22T07:59:37Z
2026-09-22T07:58:25Z,2026-09-22T09:58:25+0200,34db2902-3fa2-47f0-b130-91fd3aa797b3,2026-09-22T11:30:00Z,2026-09-22T13:30:00+0200,24725.0,MW,ES,ES,forecast_solar_generation,Solar,2026-09-22T07:59:37Z
2026-09-22T07:58:25Z,2026-09-22T09:58:25+0200,34db2902-3fa2-47f0-b130-91fd3aa797b3,2026-09-22T11:45:00Z,2026-09-22T13:45:00+0200,24524.0,MW,ES,ES,forecast_solar_generation,Solar,2026-09-22T07:59:37Z
2026-09-22T07:58:25Z,2026-09-22T09:58:25+0200,34db2902-3fa2-47f0-b130-91fd3aa797b3,2026-09-22T12:00:00Z,2026-09-22T14:00:00+0200,25421.0,MW,ES,ES,forecast_solar_generation,Solar,2026-09-22T07:59:37Z
2026-09-22T07:58:25Z,2026-09-22T09:58:25+0200,34db2902-3fa2-47f0-b130-91fd3aa797b3,2026-09-22T12:15:00Z,2026-09-22T14:15:00+0200,25331.0,MW,ES,ES,forecast_solar_generation,Solar,2026-09-22T07:59:37Z
2026-09-22T07:58:25Z,2026-09-22T09:58:25+0200,34db2902-3fa2-47f0-b130-91fd3aa797b3,2026-09-22T12:30:00Z,2026-09-22T14:30:00+0200,25262.0,MW,ES,ES,forecast_solar_generation,Solar,2026-09-22T07:59:37Z
2026-09-22T07:58:25Z,2026-09-22T09:58:25+0200,34db2902-3fa2-47f0-b130-91fd3aa797b3,2026-09-22T12:45:00Z,2026-09-22T14:45:00+0200,25083.0,MW,ES,ES,forecast_solar_generation,Solar,2026-09-22T07:59:37Z
2026-09-22T07:58:25Z,2026-09-22T09:58:25+0200,34db2902-3fa2-47f0-b130-91fd3aa797b3,2026-09-22T13:00:00Z,2026-09-22T15:00:00+0200,24683.0,MW,ES,ES,forecast_solar_generation,Solar,2026-09-22T07:59:37Z
2026-09-22T07:58:25Z,2026-09-22T09:58:25+0200,34db2902-3fa2-47f0-b130-91fd3aa797b3,2026-09-22T13:15:00Z,2026-09-22T15:15:00+0200,24533.0,MW,ES,ES,forecast_solar_generation,Solar,2026-09-22T07:59:37Z
2026-09-22T07:58:25Z,2026-09-22T09:58:25+0200,34db2902-3fa2-47f0-b130-91fd3aa797b3,2026-09-22T13:30:00Z,2026-09-22T15:30:00+0200,24470.0,MW,ES,ES,forecast_solar_generation,Solar,2026-09-22T07:59:37Z
2026-09-22T07:58:25Z,2026-09-22T09:58:25+0200,34db2902-3fa2-47f0-b130-91fd3aa797b3,2026-09-22T13:45:00Z,2026-09-22T15:45:00+0200,24158.0,MW,ES,ES,forecast_solar_generation,Solar,2026-09-22T07:59:37Z
2026-09-22T07:58:25Z,2026-09-22T09:58:25+0200,34db2902-3fa2-47f0-b130-91fd3aa797b3,2026-09-22T14:00:00Z,2026-09-22T16:00:00+0200,25240.0,MW,ES,ES,forecast_solar_generation,Solar,2026-09-22T07:59:37Z
2026-09-22T07:58:25Z,2026-09-22T09:58:25+0200,34db2902-3fa2-47f0-b130-91fd3aa797b3,2026-09-22T14:15:00Z,2026-09-22T16:15:00+0200,25046.0,MW,ES,ES,forecast_solar_generation,Solar,2026-09-22T07:59:37Z
2026-09-22T07:58:25Z,2026-09-22T09:58:25+0200,34db2902-3fa2-47f0-b130-91fd3aa797b3,2026-09-22T14:30:00Z,2026-09-22T16:30:00+0200,24789.0,MW,ES,ES,forecast_solar_generation,Solar,2026-09-22T07:59:37Z
2026-09-22T07:58:25Z,2026-09-22T09:58:25+0200,34db2902-3fa2-47f0-b130-91fd3aa797b3,2026-09-22T14:45:00Z,2026-09-22T16:45:00+0200,24080.0,MW,ES,ES,forecast_solar_generation,Solar,2026-09-22T07:59:37Z
2026-09-22T07:58:25Z,2026-09-22T09:58:25+0200,34db2902-3fa2-47f0-b130-91fd3aa797b3,2026-09-22T15:00:00Z,2026-09-22T17:00:00+0200,23697.0,MW,ES,ES,forecast_solar_generation,Solar,2026-09-22T07:59:37Z
2026-09-22T07:58:25Z,2026-09-22T09:58:25+0200,34db2902-3fa2-47f0-b130-91fd3aa797b3,2026-09-22T15:15:00Z,2026-09-22T17:15:00+0200,23099.0,MW,ES,ES,forecast_solar_generation,Solar,2026-09-22T07:59:37Z
2026-09-22T07:58:25Z,2026-09-22T09:58:25+0200,34db2902-3fa2-47f0-b130-91fd3aa797b3,2026-09-22T15:30:00Z,2026-09-22T17:30:00+0200,22289.0,MW,ES,ES,forecast_solar_generation,Solar,2026-09-22T07:59:37Z
2026-09-22T07:58:25Z,2026-09-22T09:58:25+0200,34db2902-3fa2-47f0-b130-91fd3aa797b3,2026-09-22T15:45:00Z,2026-09-22T17:45:00+0200,20996.0,MW,ES,ES,forecast_solar_generation,Solar,2026-09-22T07:59:37Z
2026-09-22T07:58:25Z,2026-09-22T09:58:25+0200,34db2902-3fa2-47f0-b130-91fd3aa797b3,2026-09-22T16:00:00Z,2026-09-22T18:00:00+0200,20086.0,MW,ES,ES,forecast_solar_generation,Solar,2026-09-22T07:59:37Z
2026-09-22T07:58:25Z,2026-09-22T09:58:25+0200,34db2902-3fa2-47f0-b130-91fd3aa797b3,2026-09-22T16:15:00Z,2026-09-22T18:15:00+0200,18348.0,MW,ES,ES,forecast_solar_generation,Solar,2026-09-22T07:59:37Z
2026-09-22T07:58:25Z,2026-09-22T09:58:25+0200,34db2902-3fa2-47f0-b130-91fd3aa797b3,2026-09-22T16:30:00Z,2026-09-22T18:30:00+0200,16094.0,MW,ES,ES,forecast_solar_generation,Solar,2026-09-22T07:59:37Z
2026-09-22T07:58:25Z,2026-09-22T09:58:25+0200,34db2902-3fa2-47f0-b130-91fd3aa797b3,2026-09-22T16:45:00Z,2026-09-22T18:45:00+0200,13240.0,MW,ES,ES,forecast_solar_generation,Solar,2026-09-22T07:59:37Z
2026-09-22T07:58:25Z,2026-09-22T09:58:25+0200,34db2902-3fa2-47f0-b130-91fd3aa797b3,2026-09-22T17:00:00Z,2026-09-22T19:00:00+0200,10937.0,MW,ES,ES,forecast_solar_generation,Solar,2026-09-22T07:59:37Z
2026-09-22T07:58:25Z,2026-09-22T09:58:25+0200,34db2902-3fa2-47f0-b130-91fd3aa797b3,2026-09-22T17:15:00Z,2026-09-22T19:15:00+0200,8121.0,MW,ES,ES,forecast_solar_generation,Solar,2026-09-22T07:59:37Z
2026-09-22T07:58:25Z,2026-09-22T09:58:25+0200,34db2902-3fa2-47f0-b130-91fd3aa797b3,2026-09-22T17:30:00Z,2026-09-22T19:30:00+0200,5642.0,MW,ES,ES,forecast_solar_generation,Solar,2026-09-22T07:59:37Z
2026-09-22T07:58:25Z,2026-09-22T09:58:25+0200,34db2902-3fa2-47f0-b130-91fd3aa797b3,2026-09-22T17:45:00Z,2026-09-22T19:45:00+0200,3555.0,MW,ES,ES,forecast_solar_generation,Solar,2026-09-22T07:59:37Z
2026-09-22T07:58:25Z,2026-09-22T09:58:25+0200,34db2902-3fa2-47f0-b130-91fd3aa797b3,2026-09-22T18:00:00Z,2026-09-22T20:00:00+0200,1752.0,MW,ES,ES,forecast_solar_generation,Solar,2026-09-22T07:59:37Z
2026-09-22T07:58:25Z,2026-09-22T09:58:25+0200,34db2902-3fa2-47f0-b130-91fd3aa797b3,2026-09-22T18:15:00Z,2026-09-22T20:15:00+0200,983.0,MW,ES,ES,forecast_solar_generation,Solar,2026-09-22T07:59:37Z
2026-09-22T07:58:25Z,2026-09-22T09:58:25+0200,34db2902-3fa2-47f0-b130-91fd3aa797b3,2026-09-22T18:30:00Z,2026-09-22T20:30:00+0200,687.0,MW,ES,ES,forecast_solar_generation,Solar,2026-09-22T07:59:37Z
2026-09-22T07:58:25Z,2026-09-22T09:58:25+0200,34db2902-3fa2-47f0-b130-91fd3aa797b3,2026-09-22T18:45:00Z,2026-09-22T20:45:00+0200,636.0,MW,ES,ES,forecast_solar_generation,Solar,2026-09-22T07:59:37Z
2026-09-22T07:58:25Z,2026-09-22T09:58:25+0200,34db2902-3fa2-47f0-b130-91fd3aa797b3,2026-09-22T19:00:00Z,2026-09-22T21:00:00+0200,586.0,MW,ES,ES,forecast_solar_generation,Solar,2026-09-22T07:59:37Z
2026-09-22T07:58:25Z,2026-09-22T09:58:25+0200,34db2902-3fa2-47f0-b130-91fd3aa797b3,2026-09-22T19:15:00Z,2026-09-22T21:15:00+0200,560.0,MW,ES,ES,forecast_solar_generation,Solar,2026-09-22T07:59:37Z
2026-09-22T07:58:25Z,2026-09-22T09:58:25+0200,34db2902-3fa2-47f0-b130-91fd3aa797b3,2026-09-22T19:30:00Z,2026-09-22T21:30:00+0200,542.0,MW,ES,ES,forecast_solar_generation,Solar,2026-09-22T07:59:37Z
2026-09-22T07:58:25Z,2026-09-22T09:58:25+0200,34db2902-3fa2-47f0-b130-91fd3aa797b3,2026-09-22T19:45:00Z,2026-09-22T21:45:00+0200,530.0,MW,ES,ES,forecast_solar_generation,Solar,2026-09-22T07:59:37Z
2026-09-22T07:58:25Z,2026-09-22T09:58:25+0200,34db2902-3fa2-47f0-b130-91fd3aa797b3,2026-09-22T20:00:00Z,2026-09-22T22:00:00+0200,516.0,MW,ES,ES,forecast_solar_generation,Solar,2026-09-22T07:59:37Z
2026-09-22T07:58:25Z,2026-09-22T09:58:25+0200,34db2902-3fa2-47f0-b130-91fd3aa797b3,2026-09-22T20:15:00Z,2026-09-22T22:15:00+0200,514.0,MW,ES,ES,forecast_solar_generation,Solar,2026-09-22T07:59:37Z
2026-09-22T07:58:25Z,2026-09-22T09:58:25+0200,34db2902-3fa2-47f0-b130-91fd3aa797b3,2026-09-22T20:30:00Z,2026-09-22T22:30:00+0200,514.0,MW,ES,ES,forecast_solar_generation,Solar,2026-09-22T07:59:37Z
2026-09-22T07:58:25Z,2026-09-22T09:58:25+0200,34db2902-3fa2-47f0-b130-91fd3aa797b3,2026-09-22T20:45:00Z,2026-09-22T22:45:00+0200,516.0,MW,ES,ES,forecast_solar_generation,Solar,2026-09-22T07:59:37Z
2026-09-22T07:58:25Z,2026-09-22T09:58:25+0200,34db2902-3fa2-47f0-b130-91fd3aa797b3,2026-09-22T21:00:00Z,2026-09-22T23:00:00+0200,526.0,MW,ES,ES,forecast_solar_generation,Solar,2026-09-22T07:59:37Z
2026-09-22T07:58:25Z,2026-09-22T09:58:25+0200,34db2902-3fa2-47f0-b130-91fd3aa797b3,2026-09-22T21:15:00Z,2026-09-22T23:15:00+0200,519.0,MW,ES,ES,forecast_solar_generation,Solar,2026-09-22T07:59:37Z
2026-09-22T07:58:25Z,2026-09-22T09:58:25+0200,34db2902-3fa2-47f0-b130-91fd3aa797b3,2026-09-22T21:30:00Z,2026-09-22T23:30:00+0200,505.0,MW,ES,ES,forecast_solar_generation,Solar,2026-09-22T07:59:37Z
2026-09-22T07:58:25Z,2026-09-22T09:58:25+0200,34db2902-3fa2-47f0-b130-91fd3aa797b3,2026-09-22T21:45:00Z,2026-09-22T23:45:00+0200,486.0,MW,ES,ES,forecast_solar_generation,Solar,2026-09-22T07:59:37Z
