collection_time_utc,collection_time_local,run_id,timestamp_utc,timestamp_local,value,unit,country,entsoe_area,variable,source,updated_at_utc
2026-09-14T05:45:40Z,2026-09-14T07:45:40+0200,651c044f-8b9e-4447-8180-ed0fd11aec35,2026-09-07T06:00:00Z,2026-09-07T08:00:00+0200,1750.0,MW,ES,ES,forecast_solar_generation,Solar,2026-09-14T05:46:43Z
2026-09-14T05:45:40Z,2026-09-14T07:45:40+0200,651c044f-8b9e-4447-8180-ed0fd11aec35,2026-09-07T06:15:00Z,2026-09-07T08:15:00+0200,2979.0,MW,ES,ES,forecast_solar_generation,Solar,2026-09-14T05:46:43Z
2026-09-14T05:45:40Z,2026-09-14T07:45:40+0200,651c044f-8b9e-4447-8180-ed0fd11aec35,2026-09-07T06:30:00Z,2026-09-07T08:30:00+0200,4547.0,MW,ES,ES,forecast_solar_generation,Solar,2026-09-14T05:46:43Z
2026-09-14T05:45:40Z,2026-09-14T07:45:40+0200,651c044f-8b9e-4447-8180-ed0fd11aec35,2026-09-07T06:45:00Z,2026-09-07T08:45:00+0200,6414.0,MW,ES,ES,forecast_solar_generation,Solar,2026-09-14T05:46:43Z
2026-09-14T05:45:40Z,2026-09-14T07:45:40+0200,651c044f-8b9e-4447-8180-ed0fd11aec35,2026-09-07T07:00:00Z,2026-09-07T09:00:00+0200,9931.0,MW,ES,ES,forecast_solar_generation,Solar,2026-09-14T05:46:43Z
2026-09-14T05:45:40Z,2026-09-14T07:45:40+0200,651c044f-8b9e-4447-8180-ed0fd11aec35,2026-09-07T07:15:00Z,2026-09-07T09:15:00+0200,12512.0,MW,ES,ES,forecast_solar_generation,Solar,2026-09-14T05:46:43Z
2026-09-14T05:45:40Z,2026-09-14T07:45:40+0200,651c044f-8b9e-4447-8180-ed0fd11aec35,2026-09-07T07:30:00Z,2026-09-07T09:30:00+0200,14944.0,MW,ES,ES,forecast_solar_generation,Solar,2026-09-14T05:46:43Z
2026-09-14T05:45:40Z,2026-09-14T07:45:40+0200,651c044f-8b9e-4447-8180-ed0fd11aec35,2026-09-07T07:45:00Z,2026-09-07T09:45:00+0200,17112.0,MW,ES,ES,forecast_solar_generation,Solar,2026-09-14T05:46:43Z
2026-09-14T05:45:40Z,2026-09-14T07:45:40+0200,651c044f-8b9e-4447-8180-ed0fd11aec35,2026-09-07T08:00:00Z,2026-09-07T10:00:00+0200,19928.0,MW,ES,ES,forecast_solar_generation,Solar,2026-09-14T05:46:43Z
2026-09-14T05:45:40Z,2026-09-14T07:45:40+0200,651c044f-8b9e-4447-8180-ed0fd11aec35,2026-09-07T08:15:00Z,2026-09-07T10:15:00+0200,21307.0,MW,ES,ES,forecast_solar_generation,Solar,2026-09-14T05:46:43Z
2026-09-14T05:45:40Z,2026-09-14T07:45:40+0200,651c044f-8b9e-4447-8180-ed0fd11aec35,2026-09-07T08:30:00Z,2026-09-07T10:30:00+0200,22260.0,MW,ES,ES,forecast_solar_generation,Solar,2026-09-14T05:46:43Z
2026-09-14T05:45:40Z,2026-09-14T07:45:40+0200,651c044f-8b9e-4447-8180-ed0fd11aec35,2026-09-07T08:45:00Z,2026-09-07T10:45:00+0200,22876.0,MW,ES,ES,forecast_solar_generation,Solar,2026-09-14T05:46:43Z
2026-09-14T05:45:40Z,2026-09-14T07:45:40+0200,651c044f-8b9e-4447-8180-ed0fd11aec35,2026-09-07T09:00:00Z,2026-09-07T11:00:00+0200,23215.0,MW,ES,ES,forecast_solar_generation,Solar,2026-09-14T05:46:43Z
2026-09-14T05:45:40Z,2026-09-14T07:45:40+0200,651c044f-8b9e-4447-8180-ed0fd11aec35,2026-09-07T09:15:00Z,2026-09-07T11:15:00+0200,23570.0,MW,ES,ES,forecast_solar_generation,Solar,2026-09-14T05:46:43Z
2026-09-14T05:45:40Z,2026-09-14T07:45:40+0200,651c044f-8b9e-4447-8180-ed0fd11aec35,2026-09-07T09:30:00Z,2026-09-07T11:30:00+0200,23864.0,MW,ES,ES,forecast_solar_generation,Solar,2026-09-14T05:46:43Z
2026-09-14T05:45:40Z,2026-09-14T07:45:40+0200,651c044f-8b9e-4447-8180-ed0fd11aec35,2026-09-07T09:45:00Z,2026-09-07T11:45:00+0200,24121.0,MW,ES,ES,forecast_solar_generation,Solar,2026-09-14T05:46:43Z
2026-09-14T05:45:40Z,2026-09-14T07:45:40+0200,651c044f-8b9e-4447-8180-ed0fd11aec35,2026-09-07T10:00:00Z,2026-09-07T12:00:00+0200,23208.0,MW,ES,ES,forecast_solar_generation,Solar,2026-09-14T05:46:43Z
2026-09-14T05:45:40Z,2026-09-14T07:45:40+0200,651c044f-8b9e-4447-8180-ed0fd11aec35,2026-09-07T10:15:00Z,2026-09-07T12:15:00+0200,23360.0,MW,ES,ES,forecast_solar_generation,Solar,2026-09-14T05:46:43Z
2026-09-14T05:45:40Z,2026-09-14T07:45:40+0200,651c044f-8b9e-4447-8180-ed0fd11aec35,2026-09-07T10:30:00Z,2026-09-07T12:30:00+0200,23506.0,MW,ES,ES,forecast_solar_generation,Solar,2026-09-14T05:46:43Z
2026-09-14T05:45:40Z,2026-09-14T07:45:40+0200,651c044f-8b9e-4447-8180-ed0fd11aec35,2026-09-07T10:45:00Z,2026-09-07T12:45:00+0200,23582.0,MW,ES,ES,forecast_solar_generation,Solar,2026-09-14T05:46:43Z
2026-09-14T05:45:40Z,2026-09-14T07:45:40+0200,651c044f-8b9e-4447-8180-ed0fd11aec35,2026-09-07T11:00:00Z,2026-09-07T13:00:00+0200,24447.0,MW,ES,ES,forecast_solar_generation,Solar,2026-09-14T05:46:43Z
2026-09-14T05:45:40Z,2026-09-14T07:45:40+0200,651c044f-8b9e-4447-8180-ed0fd11aec35,2026-09-07T11:15:00Z,2026-09-07T13:15:00+0200,24949.0,MW,ES,ES,forecast_solar_generation,Solar,2026-09-14T05:46:43Z
2026-09-14T05:45:40Z,2026-09-14T07:45:40+0200,651c044f-8b9e-4447-8180-ed0fd11aec35,2026-09-07T11:30:00Z,2026-09-07T13:30:00+0200,25383.0,MW,ES,ES,forecast_solar_generation,Solar,2026-09-14T05:46:43Z
2026-09-14T05:45:40Z,2026-09-14T07:45:40+0200,651c044f-8b9e-4447-8180-ed0fd11aec35,2026-09-07T11:45:00Z,2026-09-07T13:45:00+0200,25357.0,MW,ES,ES,forecast_solar_generation,Solar,2026-09-14T05:46:43Z
2026-09-14T05:45:40Z,2026-09-14T07:45:40+0200,651c044f-8b9e-4447-8180-ed0fd11aec35,2026-09-07T12:00:00Z,2026-09-07T14:00:00+0200,24952.0,MW,ES,ES,forecast_solar_generation,Solar,2026-09-14T05:46:43Z
2026-09-14T05:45:40Z,2026-09-14T07:45:40+0200,651c044f-8b9e-4447-8180-ed0fd11aec35,2026-09-07T12:15:00Z,2026-09-07T14:15:00+0200,24927.0,MW,ES,ES,forecast_solar_generation,Solar,2026-09-14T05:46:43Z
2026-09-14T05:45:40Z,2026-09-14T07:45:40+0200,651c044f-8b9e-4447-8180-ed0fd11aec35,2026-09-07T12:30:00Z,2026-09-07T14:30:00+0200,24386.0,MW,ES,ES,forecast_solar_generation,Solar,2026-09-14T05:46:43Z
2026-09-14T05:45:40Z,2026-09-14T07:45:40+0200,651c044f-8b9e-4447-8180-ed0fd11aec35,2026-09-07T12:45:00Z,2026-09-07T14:45:00+0200,23800.0,MW,ES,ES,forecast_solar_generation,Solar,2026-09-14T05:46:43Z
2026-09-14T05:45:40Z,2026-09-14T07:45:40+0200,651c044f-8b9e-4447-8180-ed0fd11aec35,2026-09-07T13:00:00Z,2026-09-07T15:00:00+0200,23288.0,MW,ES,ES,forecast_solar_generation,Solar,2026-09-14T05:46:43Z
2026-09-14T05:45:40Z,2026-09-14T07:45:40+0200,651c044f-8b9e-4447-8180-ed0fd11aec35,2026-09-07T13:15:00Z,2026-09-07T15:15:00+0200,23121.0,MW,ES,ES,forecast_solar_generation,Solar,2026-09-14T05:46:43Z
2026-09-14T05:45:40Z,2026-09-14T07:45:40+0200,651c044f-8b9e-4447-8180-ed0fd11aec35,2026-09-07T13:30:00Z,2026-09-07T15:30:00+0200,22903.0,MW,ES,ES,forecast_solar_generation,Solar,2026-09-14T05:46:43Z
2026-09-14T05:45:40Z,2026-09-14T07:45:40+0200,651c044f-8b9e-4447-8180-ed0fd11aec35,2026-09-07T13:45:00Z,2026-09-07T15:45:00+0200,22675.0,MW,ES,ES,forecast_solar_generation,Solar,2026-09-14T05:46:43Z
2026-09-14T05:45:40Z,2026-09-14T07:45:40+0200,651c044f-8b9e-4447-8180-ed0fd11aec35,2026-09-07T14:00:00Z,2026-09-07T16:00:00+0200,22844.0,MW,ES,ES,forecast_solar_generation,Solar,2026-09-14T05:46:43Z
2026-09-14T05:45:40Z,2026-09-14T07:45:40+0200,651c044f-8b9e-4447-8180-ed0fd11aec35,2026-09-07T14:15:00Z,2026-09-07T16:15:00+0200,22534.0,MW,ES,ES,forecast_solar_generation,Solar,2026-09-14T05:46:43Z
2026-09-14T05:45:40Z,2026-09-14T07:45:40+0200,651c044f-8b9e-4447-8180-ed0fd11aec35,2026-09-07T14:30:00Z,2026-09-07T16:30:00+0200,22208.0,MW,ES,ES,forecast_solar_generation,Solar,2026-09-14T05:46:43Z
2026-09-14T05:45:40Z,2026-09-14T07:45:40+0200,651c044f-8b9e-4447-8180-ed0fd11aec35,2026-09-07T14:45:00Z,2026-09-07T16:45:00+0200,21439.0,MW,ES,ES,forecast_solar_generation,Solar,2026-09-14T05:46:43Z
2026-09-14T05:45:40Z,2026-09-14T07:45:40+0200,651c044f-8b9e-4447-8180-ed0fd11aec35,2026-09-07T15:00:00Z,2026-09-07T17:00:00+0200,20652.0,MW,ES,ES,forecast_solar_generation,Solar,2026-09-14T05:46:43Z
2026-09-14T05:45:40Z,2026-09-14T07:45:40+0200,651c044f-8b9e-4447-8180-ed0fd11aec35,2026-09-07T15:15:00Z,2026-09-07T17:15:00+0200,19817.0,MW,ES,ES,forecast_solar_generation,Solar,2026-09-14T05:46:43Z
2026-09-14T05:45:40Z,2026-09-14T07:45:40+0200,651c044f-8b9e-4447-8180-ed0fd11aec35,2026-09-07T15:30:00Z,2026-09-07T17:30:00+0200,19296.0,MW,ES,ES,forecast_solar_generation,Solar,2026-09-14T05:46:43Z
2026-09-14T05:45:40Z,2026-09-14T07:45:40+0200,651c044f-8b9e-4447-8180-ed0fd11aec35,2026-09-07T15:45:00Z,2026-09-07T17:45:00+0200,18664.0,MW,ES,ES,forecast_solar_generation,Solar,2026-09-14T05:46:43Z
2026-09-14T05:45:40Z,2026-09-14T07:45:40+0200,651c044f-8b9e-4447-8180-ed0fd11aec35,2026-09-07T16:00:00Z,2026-09-07T18:00:00+0200,19255.0,MW,ES,ES,forecast_solar_generation,Solar,2026-09-14T05:46:43Z
2026-09-14T05:45:40Z,2026-09-14T07:45:40+0200,651c044f-8b9e-4447-8180-ed0fd11aec35,2026-09-07T16:15:00Z,2026-09-07T18:15:00+0200,18546.0,MW,ES,ES,forecast_solar_generation,Solar,2026-09-14T05:46:43Z
2026-09-14T05:45:40Z,2026-09-14T07:45:40+0200,651c044f-8b9e-4447-8180-ed0fd11aec35,2026-09-07T16:30:00Z,2026-09-07T18:30:00+0200,16922.0,MW,ES,ES,forecast_solar_generation,Solar,2026-09-14T05:46:43Z
2026-09-14T05:45:40Z,2026-09-14T07:45:40+0200,651c044f-8b9e-4447-8180-ed0fd11aec35,2026-09-07T16:45:00Z,2026-09-07T18:45:00+0200,14921.0,MW,ES,ES,forecast_solar_generation,Solar,2026-09-14T05:46:43Z
2026-09-14T05:45:40Z,2026-09-14T07:45:40+0200,651c044f-8b9e-4447-8180-ed0fd11aec35,2026-09-07T17:00:00Z,2026-09-07T19:00:00+0200,13223.0,MW,ES,ES,forecast_solar_generation,Solar,2026-09-14T05:46:43Z
2026-09-14T05:45:40Z,2026-09-14T07:45:40+0200,651c044f-8b9e-4447-8180-ed0fd11aec35,2026-09-07T17:15:00Z,2026-09-07T19:15:00+0200,10734.0,MW,ES,ES,forecast_solar_generation,Solar,2026-09-14T05:46:43Z
2026-09-14T05:45:40Z,2026-09-14T07:45:40+0200,651c044f-8b9e-4447-8180-ed0fd11aec35,2026-09-07T17:30:00Z,2026-09-07T19:30:00+0200,8193.0,MW,ES,ES,forecast_solar_generation,Solar,2026-09-14T05:46:43Z
2026-09-14T05:45:40Z,2026-09-14T07:45:40+0200,651c044f-8b9e-4447-8180-ed0fd11aec35,2026-09-07T17:45:00Z,2026-09-07T19:45:00+0200,5816.0,MW,ES,ES,forecast_solar_generation,Solar,2026-09-14T05:46:43Z
2026-09-14T05:45:40Z,2026-09-14T07:45:40+0200,651c044f-8b9e-4447-8180-ed0fd11aec35,2026-09-07T18:00:00Z,2026-09-07T20:00:00+0200,4022.0,MW,ES,ES,forecast_solar_generation,Solar,2026-09-14T05:46:43Z
2026-09-14T05:45:40Z,2026-09-14T07:45:40+0200,651c044f-8b9e-4447-8180-ed0fd11aec35,2026-09-07T18:15:00Z,2026-09-07T20:15:00+0200,2433.0,MW,ES,ES,forecast_solar_generation,Solar,2026-09-14T05:46:43Z
2026-09-14T05:45:40Z,2026-09-14T07:45:40+0200,651c044f-8b9e-4447-8180-ed0fd11aec35,2026-09-07T18:30:00Z,2026-09-07T20:30:00+0200,1418.0,MW,ES,ES,forecast_solar_generation,Solar,2026-09-14T05:46:43Z
2026-09-14T05:45:40Z,2026-09-14T07:45:40+0200,651c044f-8b9e-4447-8180-ed0fd11aec35,2026-09-07T18:45:00Z,2026-09-07T20:45:00+0200,875.0,MW,ES,ES,forecast_solar_generation,Solar,2026-09-14T05:46:43Z
2026-09-14T05:45:40Z,2026-09-14T07:45:40+0200,651c044f-8b9e-4447-8180-ed0fd11aec35,2026-09-07T19:00:00Z,2026-09-07T21:00:00+0200,610.0,MW,ES,ES,forecast_solar_generation,Solar,2026-09-14T05:46:43Z
2026-09-14T05:45:40Z,2026-09-14T07:45:40+0200,651c044f-8b9e-4447-8180-ed0fd11aec35,2026-09-07T19:15:00Z,2026-09-07T21:15:00+0200,567.0,MW,ES,ES,forecast_solar_generation,Solar,2026-09-14T05:46:43Z
2026-09-14T05:45:40Z,2026-09-14T07:45:40+0200,651c044f-8b9e-4447-8180-ed0fd11aec35,2026-09-07T19:30:00Z,2026-09-07T21:30:00+0200,538.0,MW,ES,ES,forecast_solar_generation,Solar,2026-09-14T05:46:43Z
2026-09-14T05:45:40Z,2026-09-14T07:45:40+0200,651c044f-8b9e-4447-8180-ed0fd11aec35,2026-09-07T19:45:00Z,2026-09-07T21:45:00+0200,518.0,MW,ES,ES,forecast_solar_generation,Solar,2026-09-14T05:46:43Z
2026-09-14T05:45:40Z,2026-09-14T07:45:40+0200,651c044f-8b9e-4447-8180-ed0fd11aec35,2026-09-07T20:00:00Z,2026-09-07T22:00:00+0200,501.0,MW,ES,ES,forecast_solar_generation,Solar,2026-09-14T05:46:43Z
2026-09-14T05:45:40Z,2026-09-14T07:45:40+0200,651c044f-8b9e-4447-8180-ed0fd11aec35,2026-09-07T20:15:00Z,2026-09-07T22:15:00+0200,493.0,MW,ES,ES,forecast_solar_generation,Solar,2026-09-14T05:46:43Z
2026-09-14T05:45:40Z,2026-09-14T07:45:40+0200,651c044f-8b9e-4447-8180-ed0fd11aec35,2026-09-07T20:30:00Z,2026-09-07T22:30:00+0200,485.0,MW,ES,ES,forecast_solar_generation,Solar,2026-09-14T05:46:43Z
2026-09-14T05:45:40Z,2026-09-14T07:45:40+0200,651c044f-8b9e-4447-8180-ed0fd11aec35,2026-09-07T20:45:00Z,2026-09-07T22:45:00+0200,478.0,MW,ES,ES,forecast_solar_generation,Solar,2026-09-14T05:46:43Z
2026-09-14T05:45:40Z,2026-09-14T07:45:40+0200,651c044f-8b9e-4447-8180-ed0fd11aec35,2026-09-07T21:00:00Z,2026-09-07T23:00:00+0200,471.0,MW,ES,ES,forecast_solar_generation,Solar,2026-09-14T05:46:43Z
2026-09-14T05:45:40Z,2026-09-14T07:45:40+0200,651c044f-8b9e-4447-8180-ed0fd11aec35,2026-09-07T21:15:00Z,2026-09-07T23:15:00+0200,465.0,MW,ES,ES,forecast_solar_generation,Solar,2026-09-14T05:46:43Z
2026-09-14T05:45:40Z,2026-09-14T07:45:40+0200,651c044f-8b9e-4447-8180-ed0fd11aec35,2026-09-07T21:30:00Z,2026-09-07T23:30:00+0200,460.0,MW,ES,ES,forecast_solar_generation,Solar,2026-09-14T05:46:43Z
2026-09-14T05:45:40Z,2026-09-14T07:45:40+0200,651c044f-8b9e-4447-8180-ed0fd11aec35,2026-09-07T21:45:00Z,2026-09-07T23:45:00+0200,455.0,MW,ES,ES,forecast_solar_generation,Solar,2026-09-14T05:46:43Z
2026-09-14T05:45:40Z,2026-09-14T07:45:40+0200,651c044f-8b9e-4447-8180-ed0fd11aec35,2026-09-07T22:00:00Z,2026-09-08T00:00:00+0200,422.0,MW,ES,ES,forecast_solar_generation,Solar,2026-09-14T05:46:43Z
2026-09-14T05:45:40Z,2026-09-14T07:45:40+0200,651c044f-8b9e-4447-8180-ed0fd11aec35,2026-09-07T22:15:00Z,2026-09-08T00:15:00+0200,404.0,MW,ES,ES,forecast_solar_generation,Solar,2026-09-14T05:46:43Z
2026-09-14T05:45:40Z,2026-09-14T07:45:40+0200,651c044f-8b9e-4447-8180-ed0fd11aec35,2026-09-07T22:30:00Z,2026-09-08T00:30:00+0200,390.0,MW,ES,ES,forecast_solar_generation,Solar,2026-09-14T05:46:43Z
2026-09-14T05:45:40Z,2026-09-14T07:45:40+0200,651c044f-8b9e-4447-8180-ed0fd11aec35,2026-09-07T22:45:00Z,2026-09-08T00:45:00+0200,379.0,MW,ES,ES,forecast_solar_generation,Solar,2026-09-14T05:46:43Z
2026-09-14T05:45:40Z,2026-09-14T07:45:40+0200,651c044f-8b9e-4447-8180-ed0fd11aec35,2026-09-07T23:00:00Z,2026-09-08T01:00:00+0200,374.0,MW,ES,ES,forecast_solar_generation,Solar,2026-09-14T05:46:43Z
2026-09-14T05:45:40Z,2026-09-14T07:45:40+0200,651c044f-8b9e-4447-8180-ed0fd11aec35,2026-09-07T23:15:00Z,2026-09-08T01:15:00+0200,362.0,MW,ES,ES,forecast_solar_generation,Solar,2026-09-14T05:46:43Z
2026-09-14T05:45:40Z,2026-09-14T07:45:40+0200,651c044f-8b9e-4447-8180-ed0fd11aec35,2026-09-07T23:30:00Z,2026-09-08T01:30:00+0200,345.0,MW,ES,ES,forecast_solar_generation,Solar,2026-09-14T05:46:43Z
2026-09-14T05:45:40Z,2026-09-14T07:45:40+0200,651c044f-8b9e-4447-8180-ed0fd11aec35,2026-09-07T23:45:00Z,2026-09-08T01:45:00+0200,326.0,MW,ES,ES,forecast_solar_generation,Solar,2026-09-14T05:46:43Z
2026-09-14T05:45:40Z,2026-09-14T07:45:40+0200,651c044f-8b9e-4447-8180-ed0fd11aec35,2026-09-08T00:00:00Z,2026-09-08T02:00:00+0200,303.0,MW,ES,ES,forecast_solar_generation,Solar,2026-09-14T05:46:43Z
2026-09-14T05:45:40Z,2026-09-14T07:45:40+0200,651c044f-8b9e-4447-8180-ed0fd11aec35,2026-09-08T00:15:00Z,2026-09-08T02:15:00+0200,287.0,MW,ES,ES,forecast_solar_generation,Solar,2026-09-14T05:46:43Z
2026-09-14T05:45:40Z,2026-09-14T07:45:40+0200,651c044f-8b9e-4447-8180-ed0fd11aec35,2026-09-08T00:30:00Z,2026-09-08T02:30:00+0200,276.0,MW,ES,ES,forecast_solar_generation,Solar,2026-09-14T05:46:43Z
2026-09-14T05:45:40Z,2026-09-14T07:45:40+0200,651c044f-8b9e-4447-8180-ed0fd11aec35,2026-09-08T00:45:00Z,2026-09-08T02:45:00+0200,268.0,MW,ES,ES,forecast_solar_generation,Solar,2026-09-14T05:46:43Z
2026-09-14T05:45:40Z,2026-09-14T07:45:40+0200,651c044f-8b9e-4447-8180-ed0fd11aec35,2026-09-08T01:00:00Z,2026-09-08T03:00:00+0200,262.0,MW,ES,ES,forecast_solar_generation,Solar,2026-09-14T05:46:43Z
2026-09-14T05:45:40Z,2026-09-14T07:45:40+0200,651c044f-8b9e-4447-8180-ed0fd11aec35,2026-09-08T01:15:00Z,2026-09-08T03:15:00+0200,257.0,MW,ES,ES,forecast_solar_generation,Solar,2026-09-14T05:46:43Z
2026-09-14T05:45:40Z,2026-09-14T07:45:40+0200,651c044f-8b9e-4447-8180-ed0fd11aec35,2026-09-08T01:30:00Z,2026-09-08T03:30:00+0200,251.0,MW,ES,ES,forecast_solar_generation,Solar,2026-09-14T05:46:43Z
2026-09-14T05:45:40Z,2026-09-14T07:45:40+0200,651c044f-8b9e-4447-8180-ed0fd11aec35,2026-09-08T01:45:00Z,2026-09-08T03:45:00+0200,243.0,MW,ES,ES,forecast_solar_generation,Solar,2026-09-14T05:46:43Z
2026-09-14T05:45:40Z,2026-09-14T07:45:40+0200,651c044f-8b9e-4447-8180-ed0fd11aec35,2026-09-08T02:00:00Z,2026-09-08T04:00:00+0200,239.0,MW,ES,ES,forecast_solar_generation,Solar,2026-09-14T05:46:43Z
2026-09-14T05:45:40Z,2026-09-14T07:45:40+0200,651c044f-8b9e-4447-8180-ed0fd11aec35,2026-09-08T02:15:00Z,2026-09-08T04:15:00+0200,228.0,MW,ES,ES,forecast_solar_generation,Solar,2026-09-14T05:46:43Z
2026-09-14T05:45:40Z,2026-09-14T07:45:40+0200,651c044f-8b9e-4447-8180-ed0fd11aec35,2026-09-08T02:30:00Z,2026-09-08T04:30:00+0200,215.0,MW,ES,ES,forecast_solar_generation,Solar,2026-09-14T05:46:43Z
2026-09-14T05:45:40Z,2026-09-14T07:45:40+0200,651c044f-8b9e-4447-8180-ed0fd11aec35,2026-09-08T02:45:00Z,2026-09-08T04:45:00+0200,200.0,MW,ES,ES,forecast_solar_generation,Solar,2026-09-14T05:46:43Z
2026-09-14T05:45:40Z,2026-09-14T07:45:40+0200,651c044f-8b9e-4447-8180-ed0fd11aec35,2026-09-08T03:00:00Z,2026-09-08T05:00:00+0200,186.0,MW,ES,ES,forecast_solar_generation,Solar,2026-09-14T05:46:43Z
2026-09-14T05:45:40Z,2026-09-14T07:45:40+0200,651c044f-8b9e-4447-8180-ed0fd11aec35,2026-09-08T03:15:00Z,2026-09-08T05:15:00+0200,172.0,MW,ES,ES,forecast_solar_generation,Solar,2026-09-14T05:46:43Z
2026-09-14T05:45:40Z,2026-09-14T07:45:40+0200,651c044f-8b9e-4447-8180-ed0fd11aec35,2026-09-08T03:30:00Z,2026-09-08T05:30:00+0200,157.0,MW,ES,ES,forecast_solar_generation,Solar,2026-09-14T05:46:43Z
2026-09-14T05:45:40Z,2026-09-14T07:45:40+0200,651c044f-8b9e-4447-8180-ed0fd11aec35,2026-09-08T03:45:00Z,2026-09-08T05:45:00+0200,144.0,MW,ES,ES,forecast_solar_generation,Solar,2026-09-14T05:46:43Z
2026-09-14T05:45:40Z,2026-09-14T07:45:40+0200,651c044f-8b9e-4447-8180-ed0fd11aec35,2026-09-08T04:00:00Z,2026-09-08T06:00:00+0200,133.0,MW,ES,ES,forecast_solar_generation,Solar,2026-09-14T05:46:43Z
2026-09-14T05:45:40Z,2026-09-14T07:45:40+0200,651c044f-8b9e-4447-8180-ed0fd11aec35,2026-09-08T04:15:00Z,2026-09-08T06:15:00+0200,120.0,MW,ES,ES,forecast_solar_generation,Solar,2026-09-14T05:46:43Z
2026-09-14T05:45:40Z,2026-09-14T07:45:40+0200,651c044f-8b9e-4447-8180-ed0fd11aec35,2026-09-08T04:30:00Z,2026-09-08T06:30:00+0200,105.0,MW,ES,ES,forecast_solar_generation,Solar,2026-09-14T05:46:43Z
2026-09-14T05:45:40Z,2026-09-14T07:45:40+0200,651c044f-8b9e-4447-8180-ed0fd11aec35,2026-09-08T04:45:00Z,2026-09-08T06:45:00+0200,91.0,MW,ES,ES,forecast_solar_generation,Solar,2026-09-14T05:46:43Z
2026-09-14T05:45:40Z,2026-09-14T07:45:40+0200,651c044f-8b9e-4447-8180-ed0fd11aec35,2026-09-08T05:00:00Z,2026-09-08T07:00:00+0200,76.0,MW,ES,ES,forecast_solar_generation,Solar,2026-09-14T05:46:43Z
2026-09-14T05:45:40Z,2026-09-14T07:45:40+0200,651c044f-8b9e-4447-8180-ed0fd11aec35,2026-09-08T05:15:00Z,2026-09-08T07:15:00+0200,73.0,MW,ES,ES,forecast_solar_generation,Solar,2026-09-14T05:46:43Z
2026-09-14T05:45:40Z,2026-09-14T07:45:40+0200,651c044f-8b9e-4447-8180-ed0fd11aec35,2026-09-08T05:30:00Z,2026-09-08T07:30:00+0200,109.0,MW,ES,ES,forecast_solar_generation,Solar,2026-09-14T05:46:43Z
2026-09-14T05:45:40Z,2026-09-14T07:45:40+0200,651c044f-8b9e-4447-8180-ed0fd11aec35,2026-09-08T05:45:00Z,2026-09-08T07:45:00+0200,188.0,MW,ES,ES,forecast_solar_generation,Solar,2026-09-14T05:46:43Z
2026-09-14T05:45:40Z,2026-09-14T07:45:40+0200,651c044f-8b9e-4447-8180-ed0fd11aec35,2026-09-08T06:00:00Z,2026-09-08T08:00:00+0200,1357.0,MW,ES,ES,forecast_solar_generation,Solar,2026-09-14T05:46:43Z
2026-09-14T05:45:40Z,2026-09-14T07:45:40+0200,651c044f-8b9e-4447-8180-ed0fd11aec35,2026-09-08T06:15:00Z,2026-09-08T08:15:00+0200,2483.0,MW,ES,ES,forecast_solar_generation,Solar,2026-09-14T05:46:43Z
2026-09-14T05:45:40Z,2026-09-14T07:45:40+0200,651c044f-8b9e-4447-8180-ed0fd11aec35,2026-09-08T06:30:00Z,2026-09-08T08:30:00+0200,3967.0,MW,ES,ES,forecast_solar_generation,Solar,2026-09-14T05:46:43Z
2026-09-14T05:45:40Z,2026-09-14T07:45:40+0200,651c044f-8b9e-4447-8180-ed0fd11aec35,2026-09-08T06:45:00Z,2026-09-08T08:45:00+0200,5777.0,MW,ES,ES,forecast_solar_generation,Solar,2026-09-14T05:46:43Z
2026-09-14T05:45:40Z,2026-09-14T07:45:40+0200,651c044f-8b9e-4447-8180-ed0fd11aec35,2026-09-08T07:00:00Z,2026-09-08T09:00:00+0200,9824.0,MW,ES,ES,forecast_solar_generation,Solar,2026-09-14T05:46:43Z
2026-09-14T05:45:40Z,2026-09-14T07:45:40+0200,651c044f-8b9e-4447-8180-ed0fd11aec35,2026-09-08T07:15:00Z,2026-09-08T09:15:00+0200,12332.0,MW,ES,ES,forecast_solar_generation,Solar,2026-09-14T05:46:43Z
2026-09-14T05:45:40Z,2026-09-14T07:45:40+0200,651c044f-8b9e-4447-8180-ed0fd11aec35,2026-09-08T07:30:00Z,2026-09-08T09:30:00+0200,14451.0,MW,ES,ES,forecast_solar_generation,Solar,2026-09-14T05:46:43Z
2026-09-14T05:45:40Z,2026-09-14T07:45:40+0200,651c044f-8b9e-4447-8180-ed0fd11aec35,2026-09-08T07:45:00Z,2026-09-08T09:45:00+0200,16507.0,MW,ES,ES,forecast_solar_generation,Solar,2026-09-14T05:46:43Z
2026-09-14T05:45:40Z,2026-09-14T07:45:40+0200,651c044f-8b9e-4447-8180-ed0fd11aec35,2026-09-08T08:00:00Z,2026-09-08T10:00:00+0200,19407.0,MW,ES,ES,forecast_solar_generation,Solar,2026-09-14T05:46:43Z
2026-09-14T05:45:40Z,2026-09-14T07:45:40+0200,651c044f-8b9e-4447-8180-ed0fd11aec35,2026-09-08T08:15:00Z,2026-09-08T10:15:00+0200,20991.0,MW,ES,ES,forecast_solar_generation,Solar,2026-09-14T05:46:43Z
2026-09-14T05:45:40Z,2026-09-14T07:45:40+0200,651c044f-8b9e-4447-8180-ed0fd11aec35,2026-09-08T08:30:00Z,2026-09-08T10:30:00+0200,22093.0,MW,ES,ES,forecast_solar_generation,Solar,2026-09-14T05:46:43Z
2026-09-14T05:45:40Z,2026-09-14T07:45:40+0200,651c044f-8b9e-4447-8180-ed0fd11aec35,2026-09-08T08:45:00Z,2026-09-08T10:45:00+0200,22872.0,MW,ES,ES,forecast_solar_generation,Solar,2026-09-14T05:46:43Z
2026-09-14T05:45:40Z,2026-09-14T07:45:40+0200,651c044f-8b9e-4447-8180-ed0fd11aec35,2026-09-08T09:00:00Z,2026-09-08T11:00:00+0200,22229.0,MW,ES,ES,forecast_solar_generation,Solar,2026-09-14T05:46:43Z
2026-09-14T05:45:40Z,2026-09-14T07:45:40+0200,651c044f-8b9e-4447-8180-ed0fd11aec35,2026-09-08T09:15:00Z,2026-09-08T11:15:00+0200,22554.0,MW,ES,ES,forecast_solar_generation,Solar,2026-09-14T05:46:43Z
2026-09-14T05:45:40Z,2026-09-14T07:45:40+0200,651c044f-8b9e-4447-8180-ed0fd11aec35,2026-09-08T09:30:00Z,2026-09-08T11:30:00+0200,22815.0,MW,ES,ES,forecast_solar_generation,Solar,2026-09-14T05:46:43Z
2026-09-14T05:45:40Z,2026-09-14T07:45:40+0200,651c044f-8b9e-4447-8180-ed0fd11aec35,2026-09-08T09:45:00Z,2026-09-08T11:45:00+0200,23065.0,MW,ES,ES,forecast_solar_generation,Solar,2026-09-14T05:46:43Z
2026-09-14T05:45:40Z,2026-09-14T07:45:40+0200,651c044f-8b9e-4447-8180-ed0fd11aec35,2026-09-08T10:00:00Z,2026-09-08T12:00:00+0200,23307.0,MW,ES,ES,forecast_solar_generation,Solar,2026-09-14T05:46:43Z
2026-09-14T05:45:40Z,2026-09-14T07:45:40+0200,651c044f-8b9e-4447-8180-ed0fd11aec35,2026-09-08T10:15:00Z,2026-09-08T12:15:00+0200,23469.0,MW,ES,ES,forecast_solar_generation,Solar,2026-09-14T05:46:43Z
2026-09-14T05:45:40Z,2026-09-14T07:45:40+0200,651c044f-8b9e-4447-8180-ed0fd11aec35,2026-09-08T10:30:00Z,2026-09-08T12:30:00+0200,23585.0,MW,ES,ES,forecast_solar_generation,Solar,2026-09-14T05:46:43Z
2026-09-14T05:45:40Z,2026-09-14T07:45:40+0200,651c044f-8b9e-4447-8180-ed0fd11aec35,2026-09-08T10:45:00Z,2026-09-08T12:45:00+0200,23665.0,MW,ES,ES,forecast_solar_generation,Solar,2026-09-14T05:46:43Z
2026-09-14T05:45:40Z,2026-09-14T07:45:40+0200,651c044f-8b9e-4447-8180-ed0fd11aec35,2026-09-08T11:00:00Z,2026-09-08T13:00:00+0200,23809.0,MW,ES,ES,forecast_solar_generation,Solar,2026-09-14T05:46:43Z
2026-09-14T05:45:40Z,2026-09-14T07:45:40+0200,651c044f-8b9e-4447-8180-ed0fd11aec35,2026-09-08T11:15:00Z,2026-09-08T13:15:00+0200,24093.0,MW,ES,ES,forecast_solar_generation,Solar,2026-09-14T05:46:43Z
2026-09-14T05:45:40Z,2026-09-14T07:45:40+0200,651c044f-8b9e-4447-8180-ed0fd11aec35,2026-09-08T11:30:00Z,2026-09-08T13:30:00+0200,24060.0,MW,ES,ES,forecast_solar_generation,Solar,2026-09-14T05:46:43Z
2026-09-14T05:45:40Z,2026-09-14T07:45:40+0200,651c044f-8b9e-4447-8180-ed0fd11aec35,2026-09-08T11:45:00Z,2026-09-08T13:45:00+0200,23704.0,MW,ES,ES,forecast_solar_generation,Solar,2026-09-14T05:46:43Z
2026-09-14T05:45:40Z,2026-09-14T07:45:40+0200,651c044f-8b9e-4447-8180-ed0fd11aec35,2026-09-08T12:00:00Z,2026-09-08T14:00:00+0200,23624.0,MW,ES,ES,forecast_solar_generation,Solar,2026-09-14T05:46:43Z
2026-09-14T05:45:40Z,2026-09-14T07:45:40+0200,651c044f-8b9e-4447-8180-ed0fd11aec35,2026-09-08T12:15:00Z,2026-09-08T14:15:00+0200,23490.0,MW,ES,ES,forecast_solar_generation,Solar,2026-09-14T05:46:43Z
2026-09-14T05:45:40Z,2026-09-14T07:45:40+0200,651c044f-8b9e-4447-8180-ed0fd11aec35,2026-09-08T12:30:00Z,2026-09-08T14:30:00+0200,23325.0,MW,ES,ES,forecast_solar_generation,Solar,2026-09-14T05:46:43Z
2026-09-14T05:45:40Z,2026-09-14T07:45:40+0200,651c044f-8b9e-4447-8180-ed0fd11aec35,2026-09-08T12:45:00Z,2026-09-08T14:45:00+0200,23123.0,MW,ES,ES,forecast_solar_generation,Solar,2026-09-14T05:46:43Z
2026-09-14T05:45:40Z,2026-09-14T07:45:40+0200,651c044f-8b9e-4447-8180-ed0fd11aec35,2026-09-08T13:00:00Z,2026-09-08T15:00:00+0200,22521.0,MW,ES,ES,forecast_solar_generation,Solar,2026-09-14T05:46:43Z
2026-09-14T05:45:40Z,2026-09-14T07:45:40+0200,651c044f-8b9e-4447-8180-ed0fd11aec35,2026-09-08T13:15:00Z,2026-09-08T15:15:00+0200,22282.0,MW,ES,ES,forecast_solar_generation,Solar,2026-09-14T05:46:43Z
2026-09-14T05:45:40Z,2026-09-14T07:45:40+0200,651c044f-8b9e-4447-8180-ed0fd11aec35,2026-09-08T13:30:00Z,2026-09-08T15:30:00+0200,21955.0,MW,ES,ES,forecast_solar_generation,Solar,2026-09-14T05:46:43Z
2026-09-14T05:45:40Z,2026-09-14T07:45:40+0200,651c044f-8b9e-4447-8180-ed0fd11aec35,2026-09-08T13:45:00Z,2026-09-08T15:45:00+0200,21945.0,MW,ES,ES,forecast_solar_generation,Solar,2026-09-14T05:46:43Z
2026-09-14T05:45:40Z,2026-09-14T07:45:40+0200,651c044f-8b9e-4447-8180-ed0fd11aec35,2026-09-08T14:00:00Z,2026-09-08T16:00:00+0200,21930.0,MW,ES,ES,forecast_solar_generation,Solar,2026-09-14T05:46:43Z
2026-09-14T05:45:40Z,2026-09-14T07:45:40+0200,651c044f-8b9e-4447-8180-ed0fd11aec35,2026-09-08T14:15:00Z,2026-09-08T16:15:00+0200,21649.0,MW,ES,ES,forecast_solar_generation,Solar,2026-09-14T05:46:43Z
2026-09-14T05:45:40Z,2026-09-14T07:45:40+0200,651c044f-8b9e-4447-8180-ed0fd11aec35,2026-09-08T14:30:00Z,2026-09-08T16:30:00+0200,21068.0,MW,ES,ES,forecast_solar_generation,Solar,2026-09-14T05:46:43Z
2026-09-14T05:45:40Z,2026-09-14T07:45:40+0200,651c044f-8b9e-4447-8180-ed0fd11aec35,2026-09-08T14:45:00Z,2026-09-08T16:45:00+0200,20414.0,MW,ES,ES,forecast_solar_generation,Solar,2026-09-14T05:46:43Z
2026-09-14T05:45:40Z,2026-09-14T07:45:40+0200,651c044f-8b9e-4447-8180-ed0fd11aec35,2026-09-08T15:00:00Z,2026-09-08T17:00:00+0200,19705.0,MW,ES,ES,forecast_solar_generation,Solar,2026-09-14T05:46:43Z
2026-09-14T05:45:40Z,2026-09-14T07:45:40+0200,651c044f-8b9e-4447-8180-ed0fd11aec35,2026-09-08T15:15:00Z,2026-09-08T17:15:00+0200,18878.0,MW,ES,ES,forecast_solar_generation,Solar,2026-09-14T05:46:43Z
2026-09-14T05:45:40Z,2026-09-14T07:45:40+0200,651c044f-8b9e-4447-8180-ed0fd11aec35,2026-09-08T15:30:00Z,2026-09-08T17:30:00+0200,18043.0,MW,ES,ES,forecast_solar_generation,Solar,2026-09-14T05:46:43Z
2026-09-14T05:45:40Z,2026-09-14T07:45:40+0200,651c044f-8b9e-4447-8180-ed0fd11aec35,2026-09-08T15:45:00Z,2026-09-08T17:45:00+0200,17184.0,MW,ES,ES,forecast_solar_generation,Solar,2026-09-14T05:46:43Z
2026-09-14T05:45:40Z,2026-09-14T07:45:40+0200,651c044f-8b9e-4447-8180-ed0fd11aec35,2026-09-08T16:00:00Z,2026-09-08T18:00:00+0200,16874.0,MW,ES,ES,forecast_solar_generation,Solar,2026-09-14T05:46:43Z
2026-09-14T05:45:40Z,2026-09-14T07:45:40+0200,651c044f-8b9e-4447-8180-ed0fd11aec35,2026-09-08T16:15:00Z,2026-09-08T18:15:00+0200,15432.0,MW,ES,ES,forecast_solar_generation,Solar,2026-09-14T05:46:43Z
2026-09-14T05:45:40Z,2026-09-14T07:45:40+0200,651c044f-8b9e-4447-8180-ed0fd11aec35,2026-09-08T16:30:00Z,2026-09-08T18:30:00+0200,13905.0,MW,ES,ES,forecast_solar_generation,Solar,2026-09-14T05:46:43Z
2026-09-14T05:45:40Z,2026-09-14T07:45:40+0200,651c044f-8b9e-4447-8180-ed0fd11aec35,2026-09-08T16:45:00Z,2026-09-08T18:45:00+0200,12121.0,MW,ES,ES,forecast_solar_generation,Solar,2026-09-14T05:46:43Z
2026-09-14T05:45:40Z,2026-09-14T07:45:40+0200,651c044f-8b9e-4447-8180-ed0fd11aec35,2026-09-08T17:00:00Z,2026-09-08T19:00:00+0200,10436.0,MW,ES,ES,forecast_solar_generation,Solar,2026-09-14T05:46:43Z
2026-09-14T05:45:40Z,2026-09-14T07:45:40+0200,651c044f-8b9e-4447-8180-ed0fd11aec35,2026-09-08T17:15:00Z,2026-09-08T19:15:00+0200,8435.0,MW,ES,ES,forecast_solar_generation,Solar,2026-09-14T05:46:43Z
2026-09-14T05:45:40Z,2026-09-14T07:45:40+0200,651c044f-8b9e-4447-8180-ed0fd11aec35,2026-09-08T17:30:00Z,2026-09-08T19:30:00+0200,6392.0,MW,ES,ES,forecast_solar_generation,Solar,2026-09-14T05:46:43Z
2026-09-14T05:45:40Z,2026-09-14T07:45:40+0200,651c044f-8b9e-4447-8180-ed0fd11aec35,2026-09-08T17:45:00Z,2026-09-08T19:45:00+0200,4525.0,MW,ES,ES,forecast_solar_generation,Solar,2026-09-14T05:46:43Z
2026-09-14T05:45:40Z,2026-09-14T07:45:40+0200,651c044f-8b9e-4447-8180-ed0fd11aec35,2026-09-08T18:00:00Z,2026-09-08T20:00:00+0200,3172.0,MW,ES,ES,forecast_solar_generation,Solar,2026-09-14T05:46:43Z
2026-09-14T05:45:40Z,2026-09-14T07:45:40+0200,651c044f-8b9e-4447-8180-ed0fd11aec35,2026-09-08T18:15:00Z,2026-09-08T20:15:00+0200,1918.0,MW,ES,ES,forecast_solar_generation,Solar,2026-09-14T05:46:43Z
2026-09-14T05:45:40Z,2026-09-14T07:45:40+0200,651c044f-8b9e-4447-8180-ed0fd11aec35,2026-09-08T18:30:00Z,2026-09-08T20:30:00+0200,1133.0,MW,ES,ES,forecast_solar_generation,Solar,2026-09-14T05:46:43Z
2026-09-14T05:45:40Z,2026-09-14T07:45:40+0200,651c044f-8b9e-4447-8180-ed0fd11aec35,2026-09-08T18:45:00Z,2026-09-08T20:45:00+0200,728.0,MW,ES,ES,forecast_solar_generation,Solar,2026-09-14T05:46:43Z
2026-09-14T05:45:40Z,2026-09-14T07:45:40+0200,651c044f-8b9e-4447-8180-ed0fd11aec35,2026-09-08T19:00:00Z,2026-09-08T21:00:00+0200,570.0,MW,ES,ES,forecast_solar_generation,Solar,2026-09-14T05:46:43Z
2026-09-14T05:45:40Z,2026-09-14T07:45:40+0200,651c044f-8b9e-4447-8180-ed0fd11aec35,2026-09-08T19:15:00Z,2026-09-08T21:15:00+0200,526.0,MW,ES,ES,forecast_solar_generation,Solar,2026-09-14T05:46:43Z
2026-09-14T05:45:40Z,2026-09-14T07:45:40+0200,651c044f-8b9e-4447-8180-ed0fd11aec35,2026-09-08T19:30:00Z,2026-09-08T21:30:00+0200,497.0,MW,ES,ES,forecast_solar_generation,Solar,2026-09-14T05:46:43Z
2026-09-14T05:45:40Z,2026-09-14T07:45:40+0200,651c044f-8b9e-4447-8180-ed0fd11aec35,2026-09-08T19:45:00Z,2026-09-08T21:45:00+0200,479.0,MW,ES,ES,forecast_solar_generation,Solar,2026-09-14T05:46:43Z
2026-09-14T05:45:40Z,2026-09-14T07:45:40+0200,651c044f-8b9e-4447-8180-ed0fd11aec35,2026-09-08T20:00:00Z,2026-09-08T22:00:00+0200,460.0,MW,ES,ES,forecast_solar_generation,Solar,2026-09-14T05:46:43Z
2026-09-14T05:45:40Z,2026-09-14T07:45:40+0200,651c044f-8b9e-4447-8180-ed0fd11aec35,2026-09-08T20:15:00Z,2026-09-08T22:15:00+0200,461.0,MW,ES,ES,forecast_solar_generation,Solar,2026-09-14T05:46:43Z
2026-09-14T05:45:40Z,2026-09-14T07:45:40+0200,651c044f-8b9e-4447-8180-ed0fd11aec35,2026-09-08T20:30:00Z,2026-09-08T22:30:00+0200,466.0,MW,ES,ES,forecast_solar_generation,Solar,2026-09-14T05:46:43Z
2026-09-14T05:45:40Z,2026-09-14T07:45:40+0200,651c044f-8b9e-4447-8180-ed0fd11aec35,2026-09-08T20:45:00Z,2026-09-08T22:45:00+0200,471.0,MW,ES,ES,forecast_solar_generation,Solar,2026-09-14T05:46:43Z
2026-09-14T05:45:40Z,2026-09-14T07:45:40+0200,651c044f-8b9e-4447-8180-ed0fd11aec35,2026-09-08T21:00:00Z,2026-09-08T23:00:00+0200,500.0,MW,ES,ES,forecast_solar_generation,Solar,2026-09-14T05:46:43Z
2026-09-14T05:45:40Z,2026-09-14T07:45:40+0200,651c044f-8b9e-4447-8180-ed0fd11aec35,2026-09-08T21:15:00Z,2026-09-08T23:15:00+0200,481.0,MW,ES,ES,forecast_solar_generation,Solar,2026-09-14T05:46:43Z
2026-09-14T05:45:40Z,2026-09-14T07:45:40+0200,651c044f-8b9e-4447-8180-ed0fd11aec35,2026-09-08T21:30:00Z,2026-09-08T23:30:00+0200,443.0,MW,ES,ES,forecast_solar_generation,Solar,2026-09-14T05:46:43Z
2026-09-14T05:45:40Z,2026-09-14T07:45:40+0200,651c044f-8b9e-4447-8180-ed0fd11aec35,2026-09-08T21:45:00Z,2026-09-08T23:45:00+0200,393.0,MW,ES,ES,forecast_solar_generation,Solar,2026-09-14T05:46:43Z
2026-09-14T05:45:40Z,2026-09-14T07:45:40+0200,651c044f-8b9e-4447-8180-ed0fd11aec35,2026-09-08T22:00:00Z,2026-09-09T00:00:00+0200,276.0,MW,ES,ES,forecast_solar_generation,Solar,2026-09-14T05:46:43Z
2026-09-14T05:45:40Z,2026-09-14T07:45:40+0200,651c044f-8b9e-4447-8180-ed0fd11aec35,2026-09-08T22:15:00Z,2026-09-09T00:15:00+0200,266.0,MW,ES,ES,forecast_solar_generation,Solar,2026-09-14T05:46:43Z
2026-09-14T05:45:40Z,2026-09-14T07:45:40+0200,651c044f-8b9e-4447-8180-ed0fd11aec35,2026-09-08T22:30:00Z,2026-09-09T00:30:00+0200,258.0,MW,ES,ES,forecast_solar_generation,Solar,2026-09-14T05:46:43Z
2026-09-14T05:45:40Z,2026-09-14T07:45:40+0200,651c044f-8b9e-4447-8180-ed0fd11aec35,2026-09-08T22:45:00Z,2026-09-09T00:45:00+0200,251.0,MW,ES,ES,forecast_solar_generation,Solar,2026-09-14T05:46:43Z
2026-09-14T05:45:40Z,2026-09-14T07:45:40+0200,651c044f-8b9e-4447-8180-ed0fd11aec35,2026-09-08T23:00:00Z,2026-09-09T01:00:00+0200,245.0,MW,ES,ES,forecast_solar_generation,Solar,2026-09-14T05:46:43Z
2026-09-14T05:45:40Z,2026-09-14T07:45:40+0200,651c044f-8b9e-4447-8180-ed0fd11aec35,2026-09-08T23:15:00Z,2026-09-09T01:15:00+0200,241.0,MW,ES,ES,forecast_solar_generation,Solar,2026-09-14T05:46:43Z
2026-09-14T05:45:40Z,2026-09-14T07:45:40+0200,651c044f-8b9e-4447-8180-ed0fd11aec35,2026-09-08T23:30:00Z,2026-09-09T01:30:00+0200,238.0,MW,ES,ES,forecast_solar_generation,Solar,2026-09-14T05:46:43Z
2026-09-14T05:45:40Z,2026-09-14T07:45:40+0200,651c044f-8b9e-4447-8180-ed0fd11aec35,2026-09-08T23:45:00Z,2026-09-09T01:45:00+0200,235.0,MW,ES,ES,forecast_solar_generation,Solar,2026-09-14T05:46:43Z
2026-09-14T05:45:40Z,2026-09-14T07:45:40+0200,651c044f-8b9e-4447-8180-ed0fd11aec35,2026-09-09T00:00:00Z,2026-09-09T02:00:00+0200,234.0,MW,ES,ES,forecast_solar_generation,Solar,2026-09-14T05:46:43Z
2026-09-14T05:45:40Z,2026-09-14T07:45:40+0200,651c044f-8b9e-4447-8180-ed0fd11aec35,2026-09-09T00:15:00Z,2026-09-09T02:15:00+0200,230.0,MW,ES,ES,forecast_solar_generation,Solar,2026-09-14T05:46:43Z
2026-09-14T05:45:40Z,2026-09-14T07:45:40+0200,651c044f-8b9e-4447-8180-ed0fd11aec35,2026-09-09T00:30:00Z,2026-09-09T02:30:00+0200,226.0,MW,ES,ES,forecast_solar_generation,Solar,2026-09-14T05:46:43Z
2026-09-14T05:45:40Z,2026-09-14T07:45:40+0200,651c044f-8b9e-4447-8180-ed0fd11aec35,2026-09-09T00:45:00Z,2026-09-09T02:45:00+0200,220.0,MW,ES,ES,forecast_solar_generation,Solar,2026-09-14T05:46:43Z
2026-09-14T05:45:40Z,2026-09-14T07:45:40+0200,651c044f-8b9e-4447-8180-ed0fd11aec35,2026-09-09T01:00:00Z,2026-09-09T03:00:00+0200,215.0,MW,ES,ES,forecast_solar_generation,Solar,2026-09-14T05:46:43Z
2026-09-14T05:45:40Z,2026-09-14T07:45:40+0200,651c044f-8b9e-4447-8180-ed0fd11aec35,2026-09-09T01:15:00Z,2026-09-09T03:15:00+0200,209.0,MW,ES,ES,forecast_solar_generation,Solar,2026-09-14T05:46:43Z
2026-09-14T05:45:40Z,2026-09-14T07:45:40+0200,651c044f-8b9e-4447-8180-ed0fd11aec35,2026-09-09T01:30:00Z,2026-09-09T03:30:00+0200,203.0,MW,ES,ES,forecast_solar_generation,Solar,2026-09-14T05:46:43Z
2026-09-14T05:45:40Z,2026-09-14T07:45:40+0200,651c044f-8b9e-4447-8180-ed0fd11aec35,2026-09-09T01:45:00Z,2026-09-09T03:45:00+0200,198.0,MW,ES,ES,forecast_solar_generation,Solar,2026-09-14T05:46:43Z
2026-09-14T05:45:40Z,2026-09-14T07:45:40+0200,651c044f-8b9e-4447-8180-ed0fd11aec35,2026-09-09T02:00:00Z,2026-09-09T04:00:00+0200,194.0,MW,ES,ES,forecast_solar_generation,Solar,2026-09-14T05:46:43Z
2026-09-14T05:45:40Z,2026-09-14T07:45:40+0200,651c044f-8b9e-4447-8180-ed0fd11aec35,2026-09-09T02:15:00Z,2026-09-09T04:15:00+0200,188.0,MW,ES,ES,forecast_solar_generation,Solar,2026-09-14T05:46:43Z
2026-09-14T05:45:40Z,2026-09-14T07:45:40+0200,651c044f-8b9e-4447-8180-ed0fd11aec35,2026-09-09T02:30:00Z,2026-09-09T04:30:00+0200,181.0,MW,ES,ES,forecast_solar_generation,Solar,2026-09-14T05:46:43Z
2026-09-14T05:45:40Z,2026-09-14T07:45:40+0200,651c044f-8b9e-4447-8180-ed0fd11aec35,2026-09-09T02:45:00Z,2026-09-09T04:45:00+0200,173.0,MW,ES,ES,forecast_solar_generation,Solar,2026-09-14T05:46:43Z
2026-09-14T05:45:40Z,2026-09-14T07:45:40+0200,651c044f-8b9e-4447-8180-ed0fd11aec35,2026-09-09T03:00:00Z,2026-09-09T05:00:00+0200,166.0,MW,ES,ES,forecast_solar_generation,Solar,2026-09-14T05:46:43Z
2026-09-14T05:45:40Z,2026-09-14T07:45:40+0200,651c044f-8b9e-4447-8180-ed0fd11aec35,2026-09-09T03:15:00Z,2026-09-09T05:15:00+0200,158.0,MW,ES,ES,forecast_solar_generation,Solar,2026-09-14T05:46:43Z
2026-09-14T05:45:40Z,2026-09-14T07:45:40+0200,651c044f-8b9e-4447-8180-ed0fd11aec35,2026-09-09T03:30:00Z,2026-09-09T05:30:00+0200,150.0,MW,ES,ES,forecast_solar_generation,Solar,2026-09-14T05:46:43Z
2026-09-14T05:45:40Z,2026-09-14T07:45:40+0200,651c044f-8b9e-4447-8180-ed0fd11aec35,2026-09-09T03:45:00Z,2026-09-09T05:45:00+0200,141.0,MW,ES,ES,forecast_solar_generation,Solar,2026-09-14T05:46:43Z
2026-09-14T05:45:40Z,2026-09-14T07:45:40+0200,651c044f-8b9e-4447-8180-ed0fd11aec35,2026-09-09T04:00:00Z,2026-09-09T06:00:00+0200,135.0,MW,ES,ES,forecast_solar_generation,Solar,2026-09-14T05:46:43Z
2026-09-14T05:45:40Z,2026-09-14T07:45:40+0200,651c044f-8b9e-4447-8180-ed0fd11aec35,2026-09-09T04:15:00Z,2026-09-09T06:15:00+0200,125.0,MW,ES,ES,forecast_solar_generation,Solar,2026-09-14T05:46:43Z
2026-09-14T05:45:40Z,2026-09-14T07:45:40+0200,651c044f-8b9e-4447-8180-ed0fd11aec35,2026-09-09T04:30:00Z,2026-09-09T06:30:00+0200,115.0,MW,ES,ES,forecast_solar_generation,Solar,2026-09-14T05:46:43Z
2026-09-14T05:45:40Z,2026-09-14T07:45:40+0200,651c044f-8b9e-4447-8180-ed0fd11aec35,2026-09-09T04:45:00Z,2026-09-09T06:45:00+0200,104.0,MW,ES,ES,forecast_solar_generation,Solar,2026-09-14T05:46:43Z
2026-09-14T05:45:40Z,2026-09-14T07:45:40+0200,651c044f-8b9e-4447-8180-ed0fd11aec35,2026-09-09T05:00:00Z,2026-09-09T07:00:00+0200,91.0,MW,ES,ES,forecast_solar_generation,Solar,2026-09-14T05:46:43Z
2026-09-14T05:45:40Z,2026-09-14T07:45:40+0200,651c044f-8b9e-4447-8180-ed0fd11aec35,2026-09-09T05:15:00Z,2026-09-09T07:15:00+0200,86.0,MW,ES,ES,forecast_solar_generation,Solar,2026-09-14T05:46:43Z
2026-09-14T05:45:40Z,2026-09-14T07:45:40+0200,651c044f-8b9e-4447-8180-ed0fd11aec35,2026-09-09T05:30:00Z,2026-09-09T07:30:00+0200,102.0,MW,ES,ES,forecast_solar_generation,Solar,2026-09-14T05:46:43Z
2026-09-14T05:45:40Z,2026-09-14T07:45:40+0200,651c044f-8b9e-4447-8180-ed0fd11aec35,2026-09-09T05:45:00Z,2026-09-09T07:45:00+0200,141.0,MW,ES,ES,forecast_solar_generation,Solar,2026-09-14T05:46:43Z
2026-09-14T05:45:40Z,2026-09-14T07:45:40+0200,651c044f-8b9e-4447-8180-ed0fd11aec35,2026-09-09T06:00:00Z,2026-09-09T08:00:00+0200,876.0,MW,ES,ES,forecast_solar_generation,Solar,2026-09-14T05:46:43Z
2026-09-14T05:45:40Z,2026-09-14T07:45:40+0200,651c044f-8b9e-4447-8180-ed0fd11aec35,2026-09-09T06:15:00Z,2026-09-09T08:15:00+0200,1638.0,MW,ES,ES,forecast_solar_generation,Solar,2026-09-14T05:46:43Z
2026-09-14T05:45:40Z,2026-09-14T07:45:40+0200,651c044f-8b9e-4447-8180-ed0fd11aec35,2026-09-09T06:30:00Z,2026-09-09T08:30:00+0200,2642.0,MW,ES,ES,forecast_solar_generation,Solar,2026-09-14T05:46:43Z
2026-09-14T05:45:40Z,2026-09-14T07:45:40+0200,651c044f-8b9e-4447-8180-ed0fd11aec35,2026-09-09T06:45:00Z,2026-09-09T08:45:00+0200,3875.0,MW,ES,ES,forecast_solar_generation,Solar,2026-09-14T05:46:43Z
2026-09-14T05:45:40Z,2026-09-14T07:45:40+0200,651c044f-8b9e-4447-8180-ed0fd11aec35,2026-09-09T07:00:00Z,2026-09-09T09:00:00+0200,6677.0,MW,ES,ES,forecast_solar_generation,Solar,2026-09-14T05:46:43Z
2026-09-14T05:45:40Z,2026-09-14T07:45:40+0200,651c044f-8b9e-4447-8180-ed0fd11aec35,2026-09-09T07:15:00Z,2026-09-09T09:15:00+0200,8479.0,MW,ES,ES,forecast_solar_generation,Solar,2026-09-14T05:46:43Z
2026-09-14T05:45:40Z,2026-09-14T07:45:40+0200,651c044f-8b9e-4447-8180-ed0fd11aec35,2026-09-09T07:30:00Z,2026-09-09T09:30:00+0200,10254.0,MW,ES,ES,forecast_solar_generation,Solar,2026-09-14T05:46:43Z
2026-09-14T05:45:40Z,2026-09-14T07:45:40+0200,651c044f-8b9e-4447-8180-ed0fd11aec35,2026-09-09T07:45:00Z,2026-09-09T09:45:00+0200,11910.0,MW,ES,ES,forecast_solar_generation,Solar,2026-09-14T05:46:43Z
2026-09-14T05:45:40Z,2026-09-14T07:45:40+0200,651c044f-8b9e-4447-8180-ed0fd11aec35,2026-09-09T08:00:00Z,2026-09-09T10:00:00+0200,14478.0,MW,ES,ES,forecast_solar_generation,Solar,2026-09-14T05:46:43Z
2026-09-14T05:45:40Z,2026-09-14T07:45:40+0200,651c044f-8b9e-4447-8180-ed0fd11aec35,2026-09-09T08:15:00Z,2026-09-09T10:15:00+0200,15862.0,MW,ES,ES,forecast_solar_generation,Solar,2026-09-14T05:46:43Z
2026-09-14T05:45:40Z,2026-09-14T07:45:40+0200,651c044f-8b9e-4447-8180-ed0fd11aec35,2026-09-09T08:30:00Z,2026-09-09T10:30:00+0200,17068.0,MW,ES,ES,forecast_solar_generation,Solar,2026-09-14T05:46:43Z
2026-09-14T05:45:40Z,2026-09-14T07:45:40+0200,651c044f-8b9e-4447-8180-ed0fd11aec35,2026-09-09T08:45:00Z,2026-09-09T10:45:00+0200,17761.0,MW,ES,ES,forecast_solar_generation,Solar,2026-09-14T05:46:43Z
2026-09-14T05:45:40Z,2026-09-14T07:45:40+0200,651c044f-8b9e-4447-8180-ed0fd11aec35,2026-09-09T09:00:00Z,2026-09-09T11:00:00+0200,18612.0,MW,ES,ES,forecast_solar_generation,Solar,2026-09-14T05:46:43Z
2026-09-14T05:45:40Z,2026-09-14T07:45:40+0200,651c044f-8b9e-4447-8180-ed0fd11aec35,2026-09-09T09:15:00Z,2026-09-09T11:15:00+0200,19211.0,MW,ES,ES,forecast_solar_generation,Solar,2026-09-14T05:46:43Z
2026-09-14T05:45:40Z,2026-09-14T07:45:40+0200,651c044f-8b9e-4447-8180-ed0fd11aec35,2026-09-09T09:30:00Z,2026-09-09T11:30:00+0200,19730.0,MW,ES,ES,forecast_solar_generation,Solar,2026-09-14T05:46:43Z
2026-09-14T05:45:40Z,2026-09-14T07:45:40+0200,651c044f-8b9e-4447-8180-ed0fd11aec35,2026-09-09T09:45:00Z,2026-09-09T11:45:00+0200,20213.0,MW,ES,ES,forecast_solar_generation,Solar,2026-09-14T05:46:43Z
2026-09-14T05:45:40Z,2026-09-14T07:45:40+0200,651c044f-8b9e-4447-8180-ed0fd11aec35,2026-09-09T10:00:00Z,2026-09-09T12:00:00+0200,21095.0,MW,ES,ES,forecast_solar_generation,Solar,2026-09-14T05:46:43Z
2026-09-14T05:45:40Z,2026-09-14T07:45:40+0200,651c044f-8b9e-4447-8180-ed0fd11aec35,2026-09-09T10:15:00Z,2026-09-09T12:15:00+0200,21473.0,MW,ES,ES,forecast_solar_generation,Solar,2026-09-14T05:46:43Z
2026-09-14T05:45:40Z,2026-09-14T07:45:40+0200,651c044f-8b9e-4447-8180-ed0fd11aec35,2026-09-09T10:30:00Z,2026-09-09T12:30:00+0200,21784.0,MW,ES,ES,forecast_solar_generation,Solar,2026-09-14T05:46:43Z
2026-09-14T05:45:40Z,2026-09-14T07:45:40+0200,651c044f-8b9e-4447-8180-ed0fd11aec35,2026-09-09T10:45:00Z,2026-09-09T12:45:00+0200,22032.0,MW,ES,ES,forecast_solar_generation,Solar,2026-09-14T05:46:43Z
2026-09-14T05:45:40Z,2026-09-14T07:45:40+0200,651c044f-8b9e-4447-8180-ed0fd11aec35,2026-09-09T11:00:00Z,2026-09-09T13:00:00+0200,22356.0,MW,ES,ES,forecast_solar_generation,Solar,2026-09-14T05:46:43Z
2026-09-14T05:45:40Z,2026-09-14T07:45:40+0200,651c044f-8b9e-4447-8180-ed0fd11aec35,2026-09-09T11:15:00Z,2026-09-09T13:15:00+0200,22511.0,MW,ES,ES,forecast_solar_generation,Solar,2026-09-14T05:46:43Z
2026-09-14T05:45:40Z,2026-09-14T07:45:40+0200,651c044f-8b9e-4447-8180-ed0fd11aec35,2026-09-09T11:30:00Z,2026-09-09T13:30:00+0200,22628.0,MW,ES,ES,forecast_solar_generation,Solar,2026-09-14T05:46:43Z
2026-09-14T05:45:40Z,2026-09-14T07:45:40+0200,651c044f-8b9e-4447-8180-ed0fd11aec35,2026-09-09T11:45:00Z,2026-09-09T13:45:00+0200,22706.0,MW,ES,ES,forecast_solar_generation,Solar,2026-09-14T05:46:43Z
2026-09-14T05:45:40Z,2026-09-14T07:45:40+0200,651c044f-8b9e-4447-8180-ed0fd11aec35,2026-09-09T12:00:00Z,2026-09-09T14:00:00+0200,22865.0,MW,ES,ES,forecast_solar_generation,Solar,2026-09-14T05:46:43Z
2026-09-14T05:45:40Z,2026-09-14T07:45:40+0200,651c044f-8b9e-4447-8180-ed0fd11aec35,2026-09-09T12:15:00Z,2026-09-09T14:15:00+0200,22852.0,MW,ES,ES,forecast_solar_generation,Solar,2026-09-14T05:46:43Z
2026-09-14T05:45:40Z,2026-09-14T07:45:40+0200,651c044f-8b9e-4447-8180-ed0fd11aec35,2026-09-09T12:30:00Z,2026-09-09T14:30:00+0200,22788.0,MW,ES,ES,forecast_solar_generation,Solar,2026-09-14T05:46:43Z
2026-09-14T05:45:40Z,2026-09-14T07:45:40+0200,651c044f-8b9e-4447-8180-ed0fd11aec35,2026-09-09T12:45:00Z,2026-09-09T14:45:00+0200,22676.0,MW,ES,ES,forecast_solar_generation,Solar,2026-09-14T05:46:43Z
2026-09-14T05:45:40Z,2026-09-14T07:45:40+0200,651c044f-8b9e-4447-8180-ed0fd11aec35,2026-09-09T13:00:00Z,2026-09-09T15:00:00+0200,22732.0,MW,ES,ES,forecast_solar_generation,Solar,2026-09-14T05:46:43Z
2026-09-14T05:45:40Z,2026-09-14T07:45:40+0200,651c044f-8b9e-4447-8180-ed0fd11aec35,2026-09-09T13:15:00Z,2026-09-09T15:15:00+0200,22490.0,MW,ES,ES,forecast_solar_generation,Solar,2026-09-14T05:46:43Z
2026-09-14T05:45:40Z,2026-09-14T07:45:40+0200,651c044f-8b9e-4447-8180-ed0fd11aec35,2026-09-09T13:30:00Z,2026-09-09T15:30:00+0200,22272.0,MW,ES,ES,forecast_solar_generation,Solar,2026-09-14T05:46:43Z
2026-09-14T05:45:40Z,2026-09-14T07:45:40+0200,651c044f-8b9e-4447-8180-ed0fd11aec35,2026-09-09T13:45:00Z,2026-09-09T15:45:00+0200,22020.0,MW,ES,ES,forecast_solar_generation,Solar,2026-09-14T05:46:43Z
2026-09-14T05:45:40Z,2026-09-14T07:45:40+0200,651c044f-8b9e-4447-8180-ed0fd11aec35,2026-09-09T14:00:00Z,2026-09-09T16:00:00+0200,22021.0,MW,ES,ES,forecast_solar_generation,Solar,2026-09-14T05:46:43Z
2026-09-14T05:45:40Z,2026-09-14T07:45:40+0200,651c044f-8b9e-4447-8180-ed0fd11aec35,2026-09-09T14:15:00Z,2026-09-09T16:15:00+0200,21696.0,MW,ES,ES,forecast_solar_generation,Solar,2026-09-14T05:46:43Z
2026-09-14T05:45:40Z,2026-09-14T07:45:40+0200,651c044f-8b9e-4447-8180-ed0fd11aec35,2026-09-09T14:30:00Z,2026-09-09T16:30:00+0200,21629.0,MW,ES,ES,forecast_solar_generation,Solar,2026-09-14T05:46:43Z
2026-09-14T05:45:40Z,2026-09-14T07:45:40+0200,651c044f-8b9e-4447-8180-ed0fd11aec35,2026-09-09T14:45:00Z,2026-09-09T16:45:00+0200,21248.0,MW,ES,ES,forecast_solar_generation,Solar,2026-09-14T05:46:43Z
2026-09-14T05:45:40Z,2026-09-14T07:45:40+0200,651c044f-8b9e-4447-8180-ed0fd11aec35,2026-09-09T15:00:00Z,2026-09-09T17:00:00+0200,20972.0,MW,ES,ES,forecast_solar_generation,Solar,2026-09-14T05:46:43Z
2026-09-14T05:45:40Z,2026-09-14T07:45:40+0200,651c044f-8b9e-4447-8180-ed0fd11aec35,2026-09-09T15:15:00Z,2026-09-09T17:15:00+0200,20365.0,MW,ES,ES,forecast_solar_generation,Solar,2026-09-14T05:46:43Z
2026-09-14T05:45:40Z,2026-09-14T07:45:40+0200,651c044f-8b9e-4447-8180-ed0fd11aec35,2026-09-09T15:30:00Z,2026-09-09T17:30:00+0200,19485.0,MW,ES,ES,forecast_solar_generation,Solar,2026-09-14T05:46:43Z
2026-09-14T05:45:40Z,2026-09-14T07:45:40+0200,651c044f-8b9e-4447-8180-ed0fd11aec35,2026-09-09T15:45:00Z,2026-09-09T17:45:00+0200,18687.0,MW,ES,ES,forecast_solar_generation,Solar,2026-09-14T05:46:43Z
2026-09-14T05:45:40Z,2026-09-14T07:45:40+0200,651c044f-8b9e-4447-8180-ed0fd11aec35,2026-09-09T16:00:00Z,2026-09-09T18:00:00+0200,18603.0,MW,ES,ES,forecast_solar_generation,Solar,2026-09-14T05:46:43Z
2026-09-14T05:45:40Z,2026-09-14T07:45:40+0200,651c044f-8b9e-4447-8180-ed0fd11aec35,2026-09-09T16:15:00Z,2026-09-09T18:15:00+0200,17212.0,MW,ES,ES,forecast_solar_generation,Solar,2026-09-14T05:46:43Z
2026-09-14T05:45:40Z,2026-09-14T07:45:40+0200,651c044f-8b9e-4447-8180-ed0fd11aec35,2026-09-09T16:30:00Z,2026-09-09T18:30:00+0200,15439.0,MW,ES,ES,forecast_solar_generation,Solar,2026-09-14T05:46:43Z
2026-09-14T05:45:40Z,2026-09-14T07:45:40+0200,651c044f-8b9e-4447-8180-ed0fd11aec35,2026-09-09T16:45:00Z,2026-09-09T18:45:00+0200,13381.0,MW,ES,ES,forecast_solar_generation,Solar,2026-09-14T05:46:43Z
2026-09-14T05:45:40Z,2026-09-14T07:45:40+0200,651c044f-8b9e-4447-8180-ed0fd11aec35,2026-09-09T17:00:00Z,2026-09-09T19:00:00+0200,12017.0,MW,ES,ES,forecast_solar_generation,Solar,2026-09-14T05:46:43Z
2026-09-14T05:45:40Z,2026-09-14T07:45:40+0200,651c044f-8b9e-4447-8180-ed0fd11aec35,2026-09-09T17:15:00Z,2026-09-09T19:15:00+0200,9561.0,MW,ES,ES,forecast_solar_generation,Solar,2026-09-14T05:46:43Z
2026-09-14T05:45:40Z,2026-09-14T07:45:40+0200,651c044f-8b9e-4447-8180-ed0fd11aec35,2026-09-09T17:30:00Z,2026-09-09T19:30:00+0200,7203.0,MW,ES,ES,forecast_solar_generation,Solar,2026-09-14T05:46:43Z
2026-09-14T05:45:40Z,2026-09-14T07:45:40+0200,651c044f-8b9e-4447-8180-ed0fd11aec35,2026-09-09T17:45:00Z,2026-09-09T19:45:00+0200,5067.0,MW,ES,ES,forecast_solar_generation,Solar,2026-09-14T05:46:43Z
2026-09-14T05:45:40Z,2026-09-14T07:45:40+0200,651c044f-8b9e-4447-8180-ed0fd11aec35,2026-09-09T18:00:00Z,2026-09-09T20:00:00+0200,3281.0,MW,ES,ES,forecast_solar_generation,Solar,2026-09-14T05:46:43Z
2026-09-14T05:45:40Z,2026-09-14T07:45:40+0200,651c044f-8b9e-4447-8180-ed0fd11aec35,2026-09-09T18:15:00Z,2026-09-09T20:15:00+0200,1918.0,MW,ES,ES,forecast_solar_generation,Solar,2026-09-14T05:46:43Z
2026-09-14T05:45:40Z,2026-09-14T07:45:40+0200,651c044f-8b9e-4447-8180-ed0fd11aec35,2026-09-09T18:30:00Z,2026-09-09T20:30:00+0200,1086.0,MW,ES,ES,forecast_solar_generation,Solar,2026-09-14T05:46:43Z
2026-09-14T05:45:40Z,2026-09-14T07:45:40+0200,651c044f-8b9e-4447-8180-ed0fd11aec35,2026-09-09T18:45:00Z,2026-09-09T20:45:00+0200,679.0,MW,ES,ES,forecast_solar_generation,Solar,2026-09-14T05:46:43Z
2026-09-14T05:45:40Z,2026-09-14T07:45:40+0200,651c044f-8b9e-4447-8180-ed0fd11aec35,2026-09-09T19:00:00Z,2026-09-09T21:00:00+0200,567.0,MW,ES,ES,forecast_solar_generation,Solar,2026-09-14T05:46:43Z
2026-09-14T05:45:40Z,2026-09-14T07:45:40+0200,651c044f-8b9e-4447-8180-ed0fd11aec35,2026-09-09T19:15:00Z,2026-09-09T21:15:00+0200,523.0,MW,ES,ES,forecast_solar_generation,Solar,2026-09-14T05:46:43Z
2026-09-14T05:45:40Z,2026-09-14T07:45:40+0200,651c044f-8b9e-4447-8180-ed0fd11aec35,2026-09-09T19:30:00Z,2026-09-09T21:30:00+0200,493.0,MW,ES,ES,forecast_solar_generation,Solar,2026-09-14T05:46:43Z
2026-09-14T05:45:40Z,2026-09-14T07:45:40+0200,651c044f-8b9e-4447-8180-ed0fd11aec35,2026-09-09T19:45:00Z,2026-09-09T21:45:00+0200,474.0,MW,ES,ES,forecast_solar_generation,Solar,2026-09-14T05:46:43Z
2026-09-14T05:45:40Z,2026-09-14T07:45:40+0200,651c044f-8b9e-4447-8180-ed0fd11aec35,2026-09-09T20:00:00Z,2026-09-09T22:00:00+0200,457.0,MW,ES,ES,forecast_solar_generation,Solar,2026-09-14T05:46:43Z
2026-09-14T05:45:40Z,2026-09-14T07:45:40+0200,651c044f-8b9e-4447-8180-ed0fd11aec35,2026-09-09T20:15:00Z,2026-09-09T22:15:00+0200,450.0,MW,ES,ES,forecast_solar_generation,Solar,2026-09-14T05:46:43Z
2026-09-14T05:45:40Z,2026-09-14T07:45:40+0200,651c044f-8b9e-4447-8180-ed0fd11aec35,2026-09-09T20:30:00Z,2026-09-09T22:30:00+0200,444.0,MW,ES,ES,forecast_solar_generation,Solar,2026-09-14T05:46:43Z
2026-09-14T05:45:40Z,2026-09-14T07:45:40+0200,651c044f-8b9e-4447-8180-ed0fd11aec35,2026-09-09T20:45:00Z,2026-09-09T22:45:00+0200,437.0,MW,ES,ES,forecast_solar_generation,Solar,2026-09-14T05:46:43Z
2026-09-14T05:45:40Z,2026-09-14T07:45:40+0200,651c044f-8b9e-4447-8180-ed0fd11aec35,2026-09-09T21:00:00Z,2026-09-09T23:00:00+0200,438.0,MW,ES,ES,forecast_solar_generation,Solar,2026-09-14T05:46:43Z
2026-09-14T05:45:40Z,2026-09-14T07:45:40+0200,651c044f-8b9e-4447-8180-ed0fd11aec35,2026-09-09T21:15:00Z,2026-09-09T23:15:00+0200,423.0,MW,ES,ES,forecast_solar_generation,Solar,2026-09-14T05:46:43Z
2026-09-14T05:45:40Z,2026-09-14T07:45:40+0200,651c044f-8b9e-4447-8180-ed0fd11aec35,2026-09-09T21:30:00Z,2026-09-09T23:30:00+0200,401.0,MW,ES,ES,forecast_solar_generation,Solar,2026-09-14T05:46:43Z
2026-09-14T05:45:40Z,2026-09-14T07:45:40+0200,651c044f-8b9e-4447-8180-ed0fd11aec35,2026-09-09T21:45:00Z,2026-09-09T23:45:00+0200,375.0,MW,ES,ES,forecast_solar_generation,Solar,2026-09-14T05:46:43Z
2026-09-14T05:45:40Z,2026-09-14T07:45:40+0200,651c044f-8b9e-4447-8180-ed0fd11aec35,2026-09-09T22:00:00Z,2026-09-10T00:00:00+0200,278.0,MW,ES,ES,forecast_solar_generation,Solar,2026-09-14T05:46:43Z
2026-09-14T05:45:40Z,2026-09-14T07:45:40+0200,651c044f-8b9e-4447-8180-ed0fd11aec35,2026-09-09T22:15:00Z,2026-09-10T00:15:00+0200,260.0,MW,ES,ES,forecast_solar_generation,Solar,2026-09-14T05:46:43Z
2026-09-14T05:45:40Z,2026-09-14T07:45:40+0200,651c044f-8b9e-4447-8180-ed0fd11aec35,2026-09-09T22:30:00Z,2026-09-10T00:30:00+0200,242.0,MW,ES,ES,forecast_solar_generation,Solar,2026-09-14T05:46:43Z
2026-09-14T05:45:40Z,2026-09-14T07:45:40+0200,651c044f-8b9e-4447-8180-ed0fd11aec35,2026-09-09T22:45:00Z,2026-09-10T00:45:00+0200,227.0,MW,ES,ES,forecast_solar_generation,Solar,2026-09-14T05:46:43Z
2026-09-14T05:45:40Z,2026-09-14T07:45:40+0200,651c044f-8b9e-4447-8180-ed0fd11aec35,2026-09-09T23:00:00Z,2026-09-10T01:00:00+0200,207.0,MW,ES,ES,forecast_solar_generation,Solar,2026-09-14T05:46:43Z
2026-09-14T05:45:40Z,2026-09-14T07:45:40+0200,651c044f-8b9e-4447-8180-ed0fd11aec35,2026-09-09T23:15:00Z,2026-09-10T01:15:00+0200,199.0,MW,ES,ES,forecast_solar_generation,Solar,2026-09-14T05:46:43Z
2026-09-14T05:45:40Z,2026-09-14T07:45:40+0200,651c044f-8b9e-4447-8180-ed0fd11aec35,2026-09-09T23:30:00Z,2026-09-10T01:30:00+0200,196.0,MW,ES,ES,forecast_solar_generation,Solar,2026-09-14T05:46:43Z
2026-09-14T05:45:40Z,2026-09-14T07:45:40+0200,651c044f-8b9e-4447-8180-ed0fd11aec35,2026-09-09T23:45:00Z,2026-09-10T01:45:00+0200,197.0,MW,ES,ES,forecast_solar_generation,Solar,2026-09-14T05:46:43Z
2026-09-14T05:45:40Z,2026-09-14T07:45:40+0200,651c044f-8b9e-4447-8180-ed0fd11aec35,2026-09-10T00:00:00Z,2026-09-10T02:00:00+0200,202.0,MW,ES,ES,forecast_solar_generation,Solar,2026-09-14T05:46:43Z
2026-09-14T05:45:40Z,2026-09-14T07:45:40+0200,651c044f-8b9e-4447-8180-ed0fd11aec35,2026-09-10T00:15:00Z,2026-09-10T02:15:00+0200,201.0,MW,ES,ES,forecast_solar_generation,Solar,2026-09-14T05:46:43Z
2026-09-14T05:45:40Z,2026-09-14T07:45:40+0200,651c044f-8b9e-4447-8180-ed0fd11aec35,2026-09-10T00:30:00Z,2026-09-10T02:30:00+0200,198.0,MW,ES,ES,forecast_solar_generation,Solar,2026-09-14T05:46:43Z
2026-09-14T05:45:40Z,2026-09-14T07:45:40+0200,651c044f-8b9e-4447-8180-ed0fd11aec35,2026-09-10T00:45:00Z,2026-09-10T02:45:00+0200,192.0,MW,ES,ES,forecast_solar_generation,Solar,2026-09-14T05:46:43Z
2026-09-14T05:45:40Z,2026-09-14T07:45:40+0200,651c044f-8b9e-4447-8180-ed0fd11aec35,2026-09-10T01:00:00Z,2026-09-10T03:00:00+0200,185.0,MW,ES,ES,forecast_solar_generation,Solar,2026-09-14T05:46:43Z
2026-09-14T05:45:40Z,2026-09-14T07:45:40+0200,651c044f-8b9e-4447-8180-ed0fd11aec35,2026-09-10T01:15:00Z,2026-09-10T03:15:00+0200,177.0,MW,ES,ES,forecast_solar_generation,Solar,2026-09-14T05:46:43Z
2026-09-14T05:45:40Z,2026-09-14T07:45:40+0200,651c044f-8b9e-4447-8180-ed0fd11aec35,2026-09-10T01:30:00Z,2026-09-10T03:30:00+0200,169.0,MW,ES,ES,forecast_solar_generation,Solar,2026-09-14T05:46:43Z
2026-09-14T05:45:40Z,2026-09-14T07:45:40+0200,651c044f-8b9e-4447-8180-ed0fd11aec35,2026-09-10T01:45:00Z,2026-09-10T03:45:00+0200,161.0,MW,ES,ES,forecast_solar_generation,Solar,2026-09-14T05:46:43Z
2026-09-14T05:45:40Z,2026-09-14T07:45:40+0200,651c044f-8b9e-4447-8180-ed0fd11aec35,2026-09-10T02:00:00Z,2026-09-10T04:00:00+0200,155.0,MW,ES,ES,forecast_solar_generation,Solar,2026-09-14T05:46:43Z
2026-09-14T05:45:40Z,2026-09-14T07:45:40+0200,651c044f-8b9e-4447-8180-ed0fd11aec35,2026-09-10T02:15:00Z,2026-09-10T04:15:00+0200,146.0,MW,ES,ES,forecast_solar_generation,Solar,2026-09-14T05:46:43Z
2026-09-14T05:45:40Z,2026-09-14T07:45:40+0200,651c044f-8b9e-4447-8180-ed0fd11aec35,2026-09-10T02:30:00Z,2026-09-10T04:30:00+0200,137.0,MW,ES,ES,forecast_solar_generation,Solar,2026-09-14T05:46:43Z
2026-09-14T05:45:40Z,2026-09-14T07:45:40+0200,651c044f-8b9e-4447-8180-ed0fd11aec35,2026-09-10T02:45:00Z,2026-09-10T04:45:00+0200,128.0,MW,ES,ES,forecast_solar_generation,Solar,2026-09-14T05:46:43Z
2026-09-14T05:45:40Z,2026-09-14T07:45:40+0200,651c044f-8b9e-4447-8180-ed0fd11aec35,2026-09-10T03:00:00Z,2026-09-10T05:00:00+0200,119.0,MW,ES,ES,forecast_solar_generation,Solar,2026-09-14T05:46:43Z
2026-09-14T05:45:40Z,2026-09-14T07:45:40+0200,651c044f-8b9e-4447-8180-ed0fd11aec35,2026-09-10T03:15:00Z,2026-09-10T05:15:00+0200,111.0,MW,ES,ES,forecast_solar_generation,Solar,2026-09-14T05:46:43Z
2026-09-14T05:45:40Z,2026-09-14T07:45:40+0200,651c044f-8b9e-4447-8180-ed0fd11aec35,2026-09-10T03:30:00Z,2026-09-10T05:30:00+0200,103.0,MW,ES,ES,forecast_solar_generation,Solar,2026-09-14T05:46:43Z
2026-09-14T05:45:40Z,2026-09-14T07:45:40+0200,651c044f-8b9e-4447-8180-ed0fd11aec35,2026-09-10T03:45:00Z,2026-09-10T05:45:00+0200,96.0,MW,ES,ES,forecast_solar_generation,Solar,2026-09-14T05:46:43Z
2026-09-14T05:45:40Z,2026-09-14T07:45:40+0200,651c044f-8b9e-4447-8180-ed0fd11aec35,2026-09-10T04:00:00Z,2026-09-10T06:00:00+0200,91.0,MW,ES,ES,forecast_solar_generation,Solar,2026-09-14T05:46:43Z
2026-09-14T05:45:40Z,2026-09-14T07:45:40+0200,651c044f-8b9e-4447-8180-ed0fd11aec35,2026-09-10T04:15:00Z,2026-09-10T06:15:00+0200,83.0,MW,ES,ES,forecast_solar_generation,Solar,2026-09-14T05:46:43Z
2026-09-14T05:45:40Z,2026-09-14T07:45:40+0200,651c044f-8b9e-4447-8180-ed0fd11aec35,2026-09-10T04:30:00Z,2026-09-10T06:30:00+0200,75.0,MW,ES,ES,forecast_solar_generation,Solar,2026-09-14T05:46:43Z
2026-09-14T05:45:40Z,2026-09-14T07:45:40+0200,651c044f-8b9e-4447-8180-ed0fd11aec35,2026-09-10T04:45:00Z,2026-09-10T06:45:00+0200,68.0,MW,ES,ES,forecast_solar_generation,Solar,2026-09-14T05:46:43Z
2026-09-14T05:45:40Z,2026-09-14T07:45:40+0200,651c044f-8b9e-4447-8180-ed0fd11aec35,2026-09-10T05:00:00Z,2026-09-10T07:00:00+0200,58.0,MW,ES,ES,forecast_solar_generation,Solar,2026-09-14T05:46:43Z
2026-09-14T05:45:40Z,2026-09-14T07:45:40+0200,651c044f-8b9e-4447-8180-ed0fd11aec35,2026-09-10T05:15:00Z,2026-09-10T07:15:00+0200,65.0,MW,ES,ES,forecast_solar_generation,Solar,2026-09-14T05:46:43Z
2026-09-14T05:45:40Z,2026-09-14T07:45:40+0200,651c044f-8b9e-4447-8180-ed0fd11aec35,2026-09-10T05:30:00Z,2026-09-10T07:30:00+0200,116.0,MW,ES,ES,forecast_solar_generation,Solar,2026-09-14T05:46:43Z
2026-09-14T05:45:40Z,2026-09-14T07:45:40+0200,651c044f-8b9e-4447-8180-ed0fd11aec35,2026-09-10T05:45:00Z,2026-09-10T07:45:00+0200,211.0,MW,ES,ES,forecast_solar_generation,Solar,2026-09-14T05:46:43Z
2026-09-14T05:45:40Z,2026-09-14T07:45:40+0200,651c044f-8b9e-4447-8180-ed0fd11aec35,2026-09-10T06:00:00Z,2026-09-10T08:00:00+0200,1397.0,MW,ES,ES,forecast_solar_generation,Solar,2026-09-14T05:46:43Z
2026-09-14T05:45:40Z,2026-09-14T07:45:40+0200,651c044f-8b9e-4447-8180-ed0fd11aec35,2026-09-10T06:15:00Z,2026-09-10T08:15:00+0200,2508.0,MW,ES,ES,forecast_solar_generation,Solar,2026-09-14T05:46:43Z
2026-09-14T05:45:40Z,2026-09-14T07:45:40+0200,651c044f-8b9e-4447-8180-ed0fd11aec35,2026-09-10T06:30:00Z,2026-09-10T08:30:00+0200,3847.0,MW,ES,ES,forecast_solar_generation,Solar,2026-09-14T05:46:43Z
2026-09-14T05:45:40Z,2026-09-14T07:45:40+0200,651c044f-8b9e-4447-8180-ed0fd11aec35,2026-09-10T06:45:00Z,2026-09-10T08:45:00+0200,5574.0,MW,ES,ES,forecast_solar_generation,Solar,2026-09-14T05:46:43Z
2026-09-14T05:45:40Z,2026-09-14T07:45:40+0200,651c044f-8b9e-4447-8180-ed0fd11aec35,2026-09-10T07:00:00Z,2026-09-10T09:00:00+0200,9258.0,MW,ES,ES,forecast_solar_generation,Solar,2026-09-14T05:46:43Z
2026-09-14T05:45:40Z,2026-09-14T07:45:40+0200,651c044f-8b9e-4447-8180-ed0fd11aec35,2026-09-10T07:15:00Z,2026-09-10T09:15:00+0200,11641.0,MW,ES,ES,forecast_solar_generation,Solar,2026-09-14T05:46:43Z
2026-09-14T05:45:40Z,2026-09-14T07:45:40+0200,651c044f-8b9e-4447-8180-ed0fd11aec35,2026-09-10T07:30:00Z,2026-09-10T09:30:00+0200,13932.0,MW,ES,ES,forecast_solar_generation,Solar,2026-09-14T05:46:43Z
2026-09-14T05:45:40Z,2026-09-14T07:45:40+0200,651c044f-8b9e-4447-8180-ed0fd11aec35,2026-09-10T07:45:00Z,2026-09-10T09:45:00+0200,16022.0,MW,ES,ES,forecast_solar_generation,Solar,2026-09-14T05:46:43Z
2026-09-14T05:45:40Z,2026-09-14T07:45:40+0200,651c044f-8b9e-4447-8180-ed0fd11aec35,2026-09-10T08:00:00Z,2026-09-10T10:00:00+0200,18947.0,MW,ES,ES,forecast_solar_generation,Solar,2026-09-14T05:46:43Z
2026-09-14T05:45:40Z,2026-09-14T07:45:40+0200,651c044f-8b9e-4447-8180-ed0fd11aec35,2026-09-10T08:15:00Z,2026-09-10T10:15:00+0200,20542.0,MW,ES,ES,forecast_solar_generation,Solar,2026-09-14T05:46:43Z
2026-09-14T05:45:40Z,2026-09-14T07:45:40+0200,651c044f-8b9e-4447-8180-ed0fd11aec35,2026-09-10T08:30:00Z,2026-09-10T10:30:00+0200,21688.0,MW,ES,ES,forecast_solar_generation,Solar,2026-09-14T05:46:43Z
2026-09-14T05:45:40Z,2026-09-14T07:45:40+0200,651c044f-8b9e-4447-8180-ed0fd11aec35,2026-09-10T08:45:00Z,2026-09-10T10:45:00+0200,22331.0,MW,ES,ES,forecast_solar_generation,Solar,2026-09-14T05:46:43Z
2026-09-14T05:45:40Z,2026-09-14T07:45:40+0200,651c044f-8b9e-4447-8180-ed0fd11aec35,2026-09-10T09:00:00Z,2026-09-10T11:00:00+0200,22354.0,MW,ES,ES,forecast_solar_generation,Solar,2026-09-14T05:46:43Z
2026-09-14T05:45:40Z,2026-09-14T07:45:40+0200,651c044f-8b9e-4447-8180-ed0fd11aec35,2026-09-10T09:15:00Z,2026-09-10T11:15:00+0200,22541.0,MW,ES,ES,forecast_solar_generation,Solar,2026-09-14T05:46:43Z
2026-09-14T05:45:40Z,2026-09-14T07:45:40+0200,651c044f-8b9e-4447-8180-ed0fd11aec35,2026-09-10T09:30:00Z,2026-09-10T11:30:00+0200,22835.0,MW,ES,ES,forecast_solar_generation,Solar,2026-09-14T05:46:43Z
2026-09-14T05:45:40Z,2026-09-14T07:45:40+0200,651c044f-8b9e-4447-8180-ed0fd11aec35,2026-09-10T09:45:00Z,2026-09-10T11:45:00+0200,23107.0,MW,ES,ES,forecast_solar_generation,Solar,2026-09-14T05:46:43Z
2026-09-14T05:45:40Z,2026-09-14T07:45:40+0200,651c044f-8b9e-4447-8180-ed0fd11aec35,2026-09-10T10:00:00Z,2026-09-10T12:00:00+0200,23881.0,MW,ES,ES,forecast_solar_generation,Solar,2026-09-14T05:46:43Z
2026-09-14T05:45:40Z,2026-09-14T07:45:40+0200,651c044f-8b9e-4447-8180-ed0fd11aec35,2026-09-10T10:15:00Z,2026-09-10T12:15:00+0200,24075.0,MW,ES,ES,forecast_solar_generation,Solar,2026-09-14T05:46:43Z
2026-09-14T05:45:40Z,2026-09-14T07:45:40+0200,651c044f-8b9e-4447-8180-ed0fd11aec35,2026-09-10T10:30:00Z,2026-09-10T12:30:00+0200,24179.0,MW,ES,ES,forecast_solar_generation,Solar,2026-09-14T05:46:43Z
2026-09-14T05:45:40Z,2026-09-14T07:45:40+0200,651c044f-8b9e-4447-8180-ed0fd11aec35,2026-09-10T10:45:00Z,2026-09-10T12:45:00+0200,24309.0,MW,ES,ES,forecast_solar_generation,Solar,2026-09-14T05:46:43Z
2026-09-14T05:45:40Z,2026-09-14T07:45:40+0200,651c044f-8b9e-4447-8180-ed0fd11aec35,2026-09-10T11:00:00Z,2026-09-10T13:00:00+0200,24702.0,MW,ES,ES,forecast_solar_generation,Solar,2026-09-14T05:46:43Z
2026-09-14T05:45:40Z,2026-09-14T07:45:40+0200,651c044f-8b9e-4447-8180-ed0fd11aec35,2026-09-10T11:15:00Z,2026-09-10T13:15:00+0200,24776.0,MW,ES,ES,forecast_solar_generation,Solar,2026-09-14T05:46:43Z
2026-09-14T05:45:40Z,2026-09-14T07:45:40+0200,651c044f-8b9e-4447-8180-ed0fd11aec35,2026-09-10T11:30:00Z,2026-09-10T13:30:00+0200,24802.0,MW,ES,ES,forecast_solar_generation,Solar,2026-09-14T05:46:43Z
2026-09-14T05:45:40Z,2026-09-14T07:45:40+0200,651c044f-8b9e-4447-8180-ed0fd11aec35,2026-09-10T11:45:00Z,2026-09-10T13:45:00+0200,24528.0,MW,ES,ES,forecast_solar_generation,Solar,2026-09-14T05:46:43Z
2026-09-14T05:45:40Z,2026-09-14T07:45:40+0200,651c044f-8b9e-4447-8180-ed0fd11aec35,2026-09-10T12:00:00Z,2026-09-10T14:00:00+0200,24725.0,MW,ES,ES,forecast_solar_generation,Solar,2026-09-14T05:46:43Z
2026-09-14T05:45:40Z,2026-09-14T07:45:40+0200,651c044f-8b9e-4447-8180-ed0fd11aec35,2026-09-10T12:15:00Z,2026-09-10T14:15:00+0200,24682.0,MW,ES,ES,forecast_solar_generation,Solar,2026-09-14T05:46:43Z
2026-09-14T05:45:40Z,2026-09-14T07:45:40+0200,651c044f-8b9e-4447-8180-ed0fd11aec35,2026-09-10T12:30:00Z,2026-09-10T14:30:00+0200,24684.0,MW,ES,ES,forecast_solar_generation,Solar,2026-09-14T05:46:43Z
2026-09-14T05:45:40Z,2026-09-14T07:45:40+0200,651c044f-8b9e-4447-8180-ed0fd11aec35,2026-09-10T12:45:00Z,2026-09-10T14:45:00+0200,24244.0,MW,ES,ES,forecast_solar_generation,Solar,2026-09-14T05:46:43Z
2026-09-14T05:45:40Z,2026-09-14T07:45:40+0200,651c044f-8b9e-4447-8180-ed0fd11aec35,2026-09-10T13:00:00Z,2026-09-10T15:00:00+0200,24216.0,MW,ES,ES,forecast_solar_generation,Solar,2026-09-14T05:46:43Z
2026-09-14T05:45:40Z,2026-09-14T07:45:40+0200,651c044f-8b9e-4447-8180-ed0fd11aec35,2026-09-10T13:15:00Z,2026-09-10T15:15:00+0200,24130.0,MW,ES,ES,forecast_solar_generation,Solar,2026-09-14T05:46:43Z
2026-09-14T05:45:40Z,2026-09-14T07:45:40+0200,651c044f-8b9e-4447-8180-ed0fd11aec35,2026-09-10T13:30:00Z,2026-09-10T15:30:00+0200,24006.0,MW,ES,ES,forecast_solar_generation,Solar,2026-09-14T05:46:43Z
2026-09-14T05:45:40Z,2026-09-14T07:45:40+0200,651c044f-8b9e-4447-8180-ed0fd11aec35,2026-09-10T13:45:00Z,2026-09-10T15:45:00+0200,23931.0,MW,ES,ES,forecast_solar_generation,Solar,2026-09-14T05:46:43Z
2026-09-14T05:45:40Z,2026-09-14T07:45:40+0200,651c044f-8b9e-4447-8180-ed0fd11aec35,2026-09-10T14:00:00Z,2026-09-10T16:00:00+0200,23905.0,MW,ES,ES,forecast_solar_generation,Solar,2026-09-14T05:46:43Z
2026-09-14T05:45:40Z,2026-09-14T07:45:40+0200,651c044f-8b9e-4447-8180-ed0fd11aec35,2026-09-10T14:15:00Z,2026-09-10T16:15:00+0200,23758.0,MW,ES,ES,forecast_solar_generation,Solar,2026-09-14T05:46:43Z
2026-09-14T05:45:40Z,2026-09-14T07:45:40+0200,651c044f-8b9e-4447-8180-ed0fd11aec35,2026-09-10T14:30:00Z,2026-09-10T16:30:00+0200,23582.0,MW,ES,ES,forecast_solar_generation,Solar,2026-09-14T05:46:43Z
2026-09-14T05:45:40Z,2026-09-14T07:45:40+0200,651c044f-8b9e-4447-8180-ed0fd11aec35,2026-09-10T14:45:00Z,2026-09-10T16:45:00+0200,22858.0,MW,ES,ES,forecast_solar_generation,Solar,2026-09-14T05:46:43Z
2026-09-14T05:45:40Z,2026-09-14T07:45:40+0200,651c044f-8b9e-4447-8180-ed0fd11aec35,2026-09-10T15:00:00Z,2026-09-10T17:00:00+0200,23131.0,MW,ES,ES,forecast_solar_generation,Solar,2026-09-14T05:46:43Z
2026-09-14T05:45:40Z,2026-09-14T07:45:40+0200,651c044f-8b9e-4447-8180-ed0fd11aec35,2026-09-10T15:15:00Z,2026-09-10T17:15:00+0200,22708.0,MW,ES,ES,forecast_solar_generation,Solar,2026-09-14T05:46:43Z
2026-09-14T05:45:40Z,2026-09-14T07:45:40+0200,651c044f-8b9e-4447-8180-ed0fd11aec35,2026-09-10T15:30:00Z,2026-09-10T17:30:00+0200,22127.0,MW,ES,ES,forecast_solar_generation,Solar,2026-09-14T05:46:43Z
2026-09-14T05:45:40Z,2026-09-14T07:45:40+0200,651c044f-8b9e-4447-8180-ed0fd11aec35,2026-09-10T15:45:00Z,2026-09-10T17:45:00+0200,21438.0,MW,ES,ES,forecast_solar_generation,Solar,2026-09-14T05:46:43Z
2026-09-14T05:45:40Z,2026-09-14T07:45:40+0200,651c044f-8b9e-4447-8180-ed0fd11aec35,2026-09-10T16:00:00Z,2026-09-10T18:00:00+0200,21483.0,MW,ES,ES,forecast_solar_generation,Solar,2026-09-14T05:46:43Z
2026-09-14T05:45:40Z,2026-09-14T07:45:40+0200,651c044f-8b9e-4447-8180-ed0fd11aec35,2026-09-10T16:15:00Z,2026-09-10T18:15:00+0200,20126.0,MW,ES,ES,forecast_solar_generation,Solar,2026-09-14T05:46:43Z
2026-09-14T05:45:40Z,2026-09-14T07:45:40+0200,651c044f-8b9e-4447-8180-ed0fd11aec35,2026-09-10T16:30:00Z,2026-09-10T18:30:00+0200,18302.0,MW,ES,ES,forecast_solar_generation,Solar,2026-09-14T05:46:43Z
2026-09-14T05:45:40Z,2026-09-14T07:45:40+0200,651c044f-8b9e-4447-8180-ed0fd11aec35,2026-09-10T16:45:00Z,2026-09-10T18:45:00+0200,15852.0,MW,ES,ES,forecast_solar_generation,Solar,2026-09-14T05:46:43Z
2026-09-14T05:45:40Z,2026-09-14T07:45:40+0200,651c044f-8b9e-4447-8180-ed0fd11aec35,2026-09-10T17:00:00Z,2026-09-10T19:00:00+0200,13677.0,MW,ES,ES,forecast_solar_generation,Solar,2026-09-14T05:46:43Z
2026-09-14T05:45:40Z,2026-09-14T07:45:40+0200,651c044f-8b9e-4447-8180-ed0fd11aec35,2026-09-10T17:15:00Z,2026-09-10T19:15:00+0200,10908.0,MW,ES,ES,forecast_solar_generation,Solar,2026-09-14T05:46:43Z
2026-09-14T05:45:40Z,2026-09-14T07:45:40+0200,651c044f-8b9e-4447-8180-ed0fd11aec35,2026-09-10T17:30:00Z,2026-09-10T19:30:00+0200,8162.0,MW,ES,ES,forecast_solar_generation,Solar,2026-09-14T05:46:43Z
2026-09-14T05:45:40Z,2026-09-14T07:45:40+0200,651c044f-8b9e-4447-8180-ed0fd11aec35,2026-09-10T17:45:00Z,2026-09-10T19:45:00+0200,5636.0,MW,ES,ES,forecast_solar_generation,Solar,2026-09-14T05:46:43Z
2026-09-14T05:45:40Z,2026-09-14T07:45:40+0200,651c044f-8b9e-4447-8180-ed0fd11aec35,2026-09-10T18:00:00Z,2026-09-10T20:00:00+0200,3650.0,MW,ES,ES,forecast_solar_generation,Solar,2026-09-14T05:46:43Z
2026-09-14T05:45:40Z,2026-09-14T07:45:40+0200,651c044f-8b9e-4447-8180-ed0fd11aec35,2026-09-10T18:15:00Z,2026-09-10T20:15:00+0200,2067.0,MW,ES,ES,forecast_solar_generation,Solar,2026-09-14T05:46:43Z
2026-09-14T05:45:40Z,2026-09-14T07:45:40+0200,651c044f-8b9e-4447-8180-ed0fd11aec35,2026-09-10T18:30:00Z,2026-09-10T20:30:00+0200,1121.0,MW,ES,ES,forecast_solar_generation,Solar,2026-09-14T05:46:43Z
2026-09-14T05:45:40Z,2026-09-14T07:45:40+0200,651c044f-8b9e-4447-8180-ed0fd11aec35,2026-09-10T18:45:00Z,2026-09-10T20:45:00+0200,719.0,MW,ES,ES,forecast_solar_generation,Solar,2026-09-14T05:46:43Z
2026-09-14T05:45:40Z,2026-09-14T07:45:40+0200,651c044f-8b9e-4447-8180-ed0fd11aec35,2026-09-10T19:00:00Z,2026-09-10T21:00:00+0200,623.0,MW,ES,ES,forecast_solar_generation,Solar,2026-09-14T05:46:43Z
2026-09-14T05:45:40Z,2026-09-14T07:45:40+0200,651c044f-8b9e-4447-8180-ed0fd11aec35,2026-09-10T19:15:00Z,2026-09-10T21:15:00+0200,573.0,MW,ES,ES,forecast_solar_generation,Solar,2026-09-14T05:46:43Z
2026-09-14T05:45:40Z,2026-09-14T07:45:40+0200,651c044f-8b9e-4447-8180-ed0fd11aec35,2026-09-10T19:30:00Z,2026-09-10T21:30:00+0200,541.0,MW,ES,ES,forecast_solar_generation,Solar,2026-09-14T05:46:43Z
2026-09-14T05:45:40Z,2026-09-14T07:45:40+0200,651c044f-8b9e-4447-8180-ed0fd11aec35,2026-09-10T19:45:00Z,2026-09-10T21:45:00+0200,524.0,MW,ES,ES,forecast_solar_generation,Solar,2026-09-14T05:46:43Z
2026-09-14T05:45:40Z,2026-09-14T07:45:40+0200,651c044f-8b9e-4447-8180-ed0fd11aec35,2026-09-10T20:00:00Z,2026-09-10T22:00:00+0200,509.0,MW,ES,ES,forecast_solar_generation,Solar,2026-09-14T05:46:43Z
2026-09-14T05:45:40Z,2026-09-14T07:45:40+0200,651c044f-8b9e-4447-8180-ed0fd11aec35,2026-09-10T20:15:00Z,2026-09-10T22:15:00+0200,509.0,MW,ES,ES,forecast_solar_generation,Solar,2026-09-14T05:46:43Z
2026-09-14T05:45:40Z,2026-09-14T07:45:40+0200,651c044f-8b9e-4447-8180-ed0fd11aec35,2026-09-10T20:30:00Z,2026-09-10T22:30:00+0200,512.0,MW,ES,ES,forecast_solar_generation,Solar,2026-09-14T05:46:43Z
2026-09-14T05:45:40Z,2026-09-14T07:45:40+0200,651c044f-8b9e-4447-8180-ed0fd11aec35,2026-09-10T20:45:00Z,2026-09-10T22:45:00+0200,514.0,MW,ES,ES,forecast_solar_generation,Solar,2026-09-14T05:46:43Z
2026-09-14T05:45:40Z,2026-09-14T07:45:40+0200,651c044f-8b9e-4447-8180-ed0fd11aec35,2026-09-10T21:00:00Z,2026-09-10T23:00:00+0200,528.0,MW,ES,ES,forecast_solar_generation,Solar,2026-09-14T05:46:43Z
2026-09-14T05:45:40Z,2026-09-14T07:45:40+0200,651c044f-8b9e-4447-8180-ed0fd11aec35,2026-09-10T21:15:00Z,2026-09-10T23:15:00+0200,518.0,MW,ES,ES,forecast_solar_generation,Solar,2026-09-14T05:46:43Z
2026-09-14T05:45:40Z,2026-09-14T07:45:40+0200,651c044f-8b9e-4447-8180-ed0fd11aec35,2026-09-10T21:30:00Z,2026-09-10T23:30:00+0200,497.0,MW,ES,ES,forecast_solar_generation,Solar,2026-09-14T05:46:43Z
2026-09-14T05:45:40Z,2026-09-14T07:45:40+0200,651c044f-8b9e-4447-8180-ed0fd11aec35,2026-09-10T21:45:00Z,2026-09-10T23:45:00+0200,469.0,MW,ES,ES,forecast_solar_generation,Solar,2026-09-14T05:46:43Z
2026-09-14T05:45:40Z,2026-09-14T07:45:40+0200,651c044f-8b9e-4447-8180-ed0fd11aec35,2026-09-10T22:00:00Z,2026-09-11T00:00:00+0200,439.0,MW,ES,ES,forecast_solar_generation,Solar,2026-09-14T05:46:43Z
2026-09-14T05:45:40Z,2026-09-14T07:45:40+0200,651c044f-8b9e-4447-8180-ed0fd11aec35,2026-09-10T22:15:00Z,2026-09-11T00:15:00+0200,424.0,MW,ES,ES,forecast_solar_generation,Solar,2026-09-14T05:46:43Z
2026-09-14T05:45:40Z,2026-09-14T07:45:40+0200,651c044f-8b9e-4447-8180-ed0fd11aec35,2026-09-10T22:30:00Z,2026-09-11T00:30:00+0200,414.0,MW,ES,ES,forecast_solar_generation,Solar,2026-09-14T05:46:43Z
2026-09-14T05:45:40Z,2026-09-14T07:45:40+0200,651c044f-8b9e-4447-8180-ed0fd11aec35,2026-09-10T22:45:00Z,2026-09-11T00:45:00+0200,408.0,MW,ES,ES,forecast_solar_generation,Solar,2026-09-14T05:46:43Z
2026-09-14T05:45:40Z,2026-09-14T07:45:40+0200,651c044f-8b9e-4447-8180-ed0fd11aec35,2026-09-10T23:00:00Z,2026-09-11T01:00:00+0200,404.0,MW,ES,ES,forecast_solar_generation,Solar,2026-09-14T05:46:43Z
2026-09-14T05:45:40Z,2026-09-14T07:45:40+0200,651c044f-8b9e-4447-8180-ed0fd11aec35,2026-09-10T23:15:00Z,2026-09-11T01:15:00+0200,402.0,MW,ES,ES,forecast_solar_generation,Solar,2026-09-14T05:46:43Z
2026-09-14T05:45:40Z,2026-09-14T07:45:40+0200,651c044f-8b9e-4447-8180-ed0fd11aec35,2026-09-10T23:30:00Z,2026-09-11T01:30:00+0200,400.0,MW,ES,ES,forecast_solar_generation,Solar,2026-09-14T05:46:43Z
2026-09-14T05:45:40Z,2026-09-14T07:45:40+0200,651c044f-8b9e-4447-8180-ed0fd11aec35,2026-09-10T23:45:00Z,2026-09-11T01:45:00+0200,397.0,MW,ES,ES,forecast_solar_generation,Solar,2026-09-14T05:46:43Z
2026-09-14T05:45:40Z,2026-09-14T07:45:40+0200,651c044f-8b9e-4447-8180-ed0fd11aec35,2026-09-11T00:00:00Z,2026-09-11T02:00:00+0200,397.0,MW,ES,ES,forecast_solar_generation,Solar,2026-09-14T05:46:43Z
2026-09-14T05:45:40Z,2026-09-14T07:45:40+0200,651c044f-8b9e-4447-8180-ed0fd11aec35,2026-09-11T00:15:00Z,2026-09-11T02:15:00+0200,391.0,MW,ES,ES,forecast_solar_generation,Solar,2026-09-14T05:46:43Z
2026-09-14T05:45:40Z,2026-09-14T07:45:40+0200,651c044f-8b9e-4447-8180-ed0fd11aec35,2026-09-11T00:30:00Z,2026-09-11T02:30:00+0200,381.0,MW,ES,ES,forecast_solar_generation,Solar,2026-09-14T05:46:43Z
2026-09-14T05:45:40Z,2026-09-14T07:45:40+0200,651c044f-8b9e-4447-8180-ed0fd11aec35,2026-09-11T00:45:00Z,2026-09-11T02:45:00+0200,370.0,MW,ES,ES,forecast_solar_generation,Solar,2026-09-14T05:46:43Z
2026-09-14T05:45:40Z,2026-09-14T07:45:40+0200,651c044f-8b9e-4447-8180-ed0fd11aec35,2026-09-11T01:00:00Z,2026-09-11T03:00:00+0200,358.0,MW,ES,ES,forecast_solar_generation,Solar,2026-09-14T05:46:43Z
2026-09-14T05:45:40Z,2026-09-14T07:45:40+0200,651c044f-8b9e-4447-8180-ed0fd11aec35,2026-09-11T01:15:00Z,2026-09-11T03:15:00+0200,346.0,MW,ES,ES,forecast_solar_generation,Solar,2026-09-14T05:46:43Z
2026-09-14T05:45:40Z,2026-09-14T07:45:40+0200,651c044f-8b9e-4447-8180-ed0fd11aec35,2026-09-11T01:30:00Z,2026-09-11T03:30:00+0200,334.0,MW,ES,ES,forecast_solar_generation,Solar,2026-09-14T05:46:43Z
2026-09-14T05:45:40Z,2026-09-14T07:45:40+0200,651c044f-8b9e-4447-8180-ed0fd11aec35,2026-09-11T01:45:00Z,2026-09-11T03:45:00+0200,323.0,MW,ES,ES,forecast_solar_generation,Solar,2026-09-14T05:46:43Z
2026-09-14T05:45:40Z,2026-09-14T07:45:40+0200,651c044f-8b9e-4447-8180-ed0fd11aec35,2026-09-11T02:00:00Z,2026-09-11T04:00:00+0200,316.0,MW,ES,ES,forecast_solar_generation,Solar,2026-09-14T05:46:43Z
2026-09-14T05:45:40Z,2026-09-14T07:45:40+0200,651c044f-8b9e-4447-8180-ed0fd11aec35,2026-09-11T02:15:00Z,2026-09-11T04:15:00+0200,302.0,MW,ES,ES,forecast_solar_generation,Solar,2026-09-14T05:46:43Z
2026-09-14T05:45:40Z,2026-09-14T07:45:40+0200,651c044f-8b9e-4447-8180-ed0fd11aec35,2026-09-11T02:30:00Z,2026-09-11T04:30:00+0200,285.0,MW,ES,ES,forecast_solar_generation,Solar,2026-09-14T05:46:43Z
2026-09-14T05:45:40Z,2026-09-14T07:45:40+0200,651c044f-8b9e-4447-8180-ed0fd11aec35,2026-09-11T02:45:00Z,2026-09-11T04:45:00+0200,266.0,MW,ES,ES,forecast_solar_generation,Solar,2026-09-14T05:46:43Z
2026-09-14T05:45:40Z,2026-09-14T07:45:40+0200,651c044f-8b9e-4447-8180-ed0fd11aec35,2026-09-11T03:00:00Z,2026-09-11T05:00:00+0200,248.0,MW,ES,ES,forecast_solar_generation,Solar,2026-09-14T05:46:43Z
2026-09-14T05:45:40Z,2026-09-14T07:45:40+0200,651c044f-8b9e-4447-8180-ed0fd11aec35,2026-09-11T03:15:00Z,2026-09-11T05:15:00+0200,229.0,MW,ES,ES,forecast_solar_generation,Solar,2026-09-14T05:46:43Z
2026-09-14T05:45:40Z,2026-09-14T07:45:40+0200,651c044f-8b9e-4447-8180-ed0fd11aec35,2026-09-11T03:30:00Z,2026-09-11T05:30:00+0200,211.0,MW,ES,ES,forecast_solar_generation,Solar,2026-09-14T05:46:43Z
2026-09-14T05:45:40Z,2026-09-14T07:45:40+0200,651c044f-8b9e-4447-8180-ed0fd11aec35,2026-09-11T03:45:00Z,2026-09-11T05:45:00+0200,194.0,MW,ES,ES,forecast_solar_generation,Solar,2026-09-14T05:46:43Z
2026-09-14T05:45:40Z,2026-09-14T07:45:40+0200,651c044f-8b9e-4447-8180-ed0fd11aec35,2026-09-11T04:00:00Z,2026-09-11T06:00:00+0200,180.0,MW,ES,ES,forecast_solar_generation,Solar,2026-09-14T05:46:43Z
2026-09-14T05:45:40Z,2026-09-14T07:45:40+0200,651c044f-8b9e-4447-8180-ed0fd11aec35,2026-09-11T04:15:00Z,2026-09-11T06:15:00+0200,164.0,MW,ES,ES,forecast_solar_generation,Solar,2026-09-14T05:46:43Z
2026-09-14T05:45:40Z,2026-09-14T07:45:40+0200,651c044f-8b9e-4447-8180-ed0fd11aec35,2026-09-11T04:30:00Z,2026-09-11T06:30:00+0200,148.0,MW,ES,ES,forecast_solar_generation,Solar,2026-09-14T05:46:43Z
2026-09-14T05:45:40Z,2026-09-14T07:45:40+0200,651c044f-8b9e-4447-8180-ed0fd11aec35,2026-09-11T04:45:00Z,2026-09-11T06:45:00+0200,132.0,MW,ES,ES,forecast_solar_generation,Solar,2026-09-14T05:46:43Z
2026-09-14T05:45:40Z,2026-09-14T07:45:40+0200,651c044f-8b9e-4447-8180-ed0fd11aec35,2026-09-11T05:00:00Z,2026-09-11T07:00:00+0200,117.0,MW,ES,ES,forecast_solar_generation,Solar,2026-09-14T05:46:43Z
2026-09-14T05:45:40Z,2026-09-14T07:45:40+0200,651c044f-8b9e-4447-8180-ed0fd11aec35,2026-09-11T05:15:00Z,2026-09-11T07:15:00+0200,113.0,MW,ES,ES,forecast_solar_generation,Solar,2026-09-14T05:46:43Z
2026-09-14T05:45:40Z,2026-09-14T07:45:40+0200,651c044f-8b9e-4447-8180-ed0fd11aec35,2026-09-11T05:30:00Z,2026-09-11T07:30:00+0200,163.0,MW,ES,ES,forecast_solar_generation,Solar,2026-09-14T05:46:43Z
2026-09-14T05:45:40Z,2026-09-14T07:45:40+0200,651c044f-8b9e-4447-8180-ed0fd11aec35,2026-09-11T05:45:00Z,2026-09-11T07:45:00+0200,262.0,MW,ES,ES,forecast_solar_generation,Solar,2026-09-14T05:46:43Z
2026-09-14T05:45:40Z,2026-09-14T07:45:40+0200,651c044f-8b9e-4447-8180-ed0fd11aec35,2026-09-11T06:00:00Z,2026-09-11T08:00:00+0200,1778.0,MW,ES,ES,forecast_solar_generation,Solar,2026-09-14T05:46:43Z
2026-09-14T05:45:40Z,2026-09-14T07:45:40+0200,651c044f-8b9e-4447-8180-ed0fd11aec35,2026-09-11T06:15:00Z,2026-09-11T08:15:00+0200,3071.0,MW,ES,ES,forecast_solar_generation,Solar,2026-09-14T05:46:43Z
2026-09-14T05:45:40Z,2026-09-14T07:45:40+0200,651c044f-8b9e-4447-8180-ed0fd11aec35,2026-09-11T06:30:00Z,2026-09-11T08:30:00+0200,4736.0,MW,ES,ES,forecast_solar_generation,Solar,2026-09-14T05:46:43Z
2026-09-14T05:45:40Z,2026-09-14T07:45:40+0200,651c044f-8b9e-4447-8180-ed0fd11aec35,2026-09-11T06:45:00Z,2026-09-11T08:45:00+0200,6667.0,MW,ES,ES,forecast_solar_generation,Solar,2026-09-14T05:46:43Z
2026-09-14T05:45:40Z,2026-09-14T07:45:40+0200,651c044f-8b9e-4447-8180-ed0fd11aec35,2026-09-11T07:00:00Z,2026-09-11T09:00:00+0200,10584.0,MW,ES,ES,forecast_solar_generation,Solar,2026-09-14T05:46:43Z
2026-09-14T05:45:40Z,2026-09-14T07:45:40+0200,651c044f-8b9e-4447-8180-ed0fd11aec35,2026-09-11T07:15:00Z,2026-09-11T09:15:00+0200,13180.0,MW,ES,ES,forecast_solar_generation,Solar,2026-09-14T05:46:43Z
2026-09-14T05:45:40Z,2026-09-14T07:45:40+0200,651c044f-8b9e-4447-8180-ed0fd11aec35,2026-09-11T07:30:00Z,2026-09-11T09:30:00+0200,15554.0,MW,ES,ES,forecast_solar_generation,Solar,2026-09-14T05:46:43Z
2026-09-14T05:45:40Z,2026-09-14T07:45:40+0200,651c044f-8b9e-4447-8180-ed0fd11aec35,2026-09-11T07:45:00Z,2026-09-11T09:45:00+0200,17308.0,MW,ES,ES,forecast_solar_generation,Solar,2026-09-14T05:46:43Z
2026-09-14T05:45:40Z,2026-09-14T07:45:40+0200,651c044f-8b9e-4447-8180-ed0fd11aec35,2026-09-11T08:00:00Z,2026-09-11T10:00:00+0200,19810.0,MW,ES,ES,forecast_solar_generation,Solar,2026-09-14T05:46:43Z
2026-09-14T05:45:40Z,2026-09-14T07:45:40+0200,651c044f-8b9e-4447-8180-ed0fd11aec35,2026-09-11T08:15:00Z,2026-09-11T10:15:00+0200,20832.0,MW,ES,ES,forecast_solar_generation,Solar,2026-09-14T05:46:43Z
2026-09-14T05:45:40Z,2026-09-14T07:45:40+0200,651c044f-8b9e-4447-8180-ed0fd11aec35,2026-09-11T08:30:00Z,2026-09-11T10:30:00+0200,21662.0,MW,ES,ES,forecast_solar_generation,Solar,2026-09-14T05:46:43Z
2026-09-14T05:45:40Z,2026-09-14T07:45:40+0200,651c044f-8b9e-4447-8180-ed0fd11aec35,2026-09-11T08:45:00Z,2026-09-11T10:45:00+0200,21825.0,MW,ES,ES,forecast_solar_generation,Solar,2026-09-14T05:46:43Z
2026-09-14T05:45:40Z,2026-09-14T07:45:40+0200,651c044f-8b9e-4447-8180-ed0fd11aec35,2026-09-11T09:00:00Z,2026-09-11T11:00:00+0200,20957.0,MW,ES,ES,forecast_solar_generation,Solar,2026-09-14T05:46:43Z
2026-09-14T05:45:40Z,2026-09-14T07:45:40+0200,651c044f-8b9e-4447-8180-ed0fd11aec35,2026-09-11T09:15:00Z,2026-09-11T11:15:00+0200,21221.0,MW,ES,ES,forecast_solar_generation,Solar,2026-09-14T05:46:43Z
2026-09-14T05:45:40Z,2026-09-14T07:45:40+0200,651c044f-8b9e-4447-8180-ed0fd11aec35,2026-09-11T09:30:00Z,2026-09-11T11:30:00+0200,21431.0,MW,ES,ES,forecast_solar_generation,Solar,2026-09-14T05:46:43Z
2026-09-14T05:45:40Z,2026-09-14T07:45:40+0200,651c044f-8b9e-4447-8180-ed0fd11aec35,2026-09-11T09:45:00Z,2026-09-11T11:45:00+0200,21580.0,MW,ES,ES,forecast_solar_generation,Solar,2026-09-14T05:46:43Z
2026-09-14T05:45:40Z,2026-09-14T07:45:40+0200,651c044f-8b9e-4447-8180-ed0fd11aec35,2026-09-11T10:00:00Z,2026-09-11T12:00:00+0200,22153.0,MW,ES,ES,forecast_solar_generation,Solar,2026-09-14T05:46:43Z
2026-09-14T05:45:40Z,2026-09-14T07:45:40+0200,651c044f-8b9e-4447-8180-ed0fd11aec35,2026-09-11T10:15:00Z,2026-09-11T12:15:00+0200,22216.0,MW,ES,ES,forecast_solar_generation,Solar,2026-09-14T05:46:43Z
2026-09-14T05:45:40Z,2026-09-14T07:45:40+0200,651c044f-8b9e-4447-8180-ed0fd11aec35,2026-09-11T10:30:00Z,2026-09-11T12:30:00+0200,22277.0,MW,ES,ES,forecast_solar_generation,Solar,2026-09-14T05:46:43Z
2026-09-14T05:45:40Z,2026-09-14T07:45:40+0200,651c044f-8b9e-4447-8180-ed0fd11aec35,2026-09-11T10:45:00Z,2026-09-11T12:45:00+0200,22130.0,MW,ES,ES,forecast_solar_generation,Solar,2026-09-14T05:46:43Z
2026-09-14T05:45:40Z,2026-09-14T07:45:40+0200,651c044f-8b9e-4447-8180-ed0fd11aec35,2026-09-11T11:00:00Z,2026-09-11T13:00:00+0200,22133.0,MW,ES,ES,forecast_solar_generation,Solar,2026-09-14T05:46:43Z
2026-09-14T05:45:40Z,2026-09-14T07:45:40+0200,651c044f-8b9e-4447-8180-ed0fd11aec35,2026-09-11T11:15:00Z,2026-09-11T13:15:00+0200,22122.0,MW,ES,ES,forecast_solar_generation,Solar,2026-09-14T05:46:43Z
2026-09-14T05:45:40Z,2026-09-14T07:45:40+0200,651c044f-8b9e-4447-8180-ed0fd11aec35,2026-09-11T11:30:00Z,2026-09-11T13:30:00+0200,22109.0,MW,ES,ES,forecast_solar_generation,Solar,2026-09-14T05:46:43Z
2026-09-14T05:45:40Z,2026-09-14T07:45:40+0200,651c044f-8b9e-4447-8180-ed0fd11aec35,2026-09-11T11:45:00Z,2026-09-11T13:45:00+0200,22105.0,MW,ES,ES,forecast_solar_generation,Solar,2026-09-14T05:46:43Z
2026-09-14T05:45:40Z,2026-09-14T07:45:40+0200,651c044f-8b9e-4447-8180-ed0fd11aec35,2026-09-11T12:00:00Z,2026-09-11T14:00:00+0200,21970.0,MW,ES,ES,forecast_solar_generation,Solar,2026-09-14T05:46:43Z
2026-09-14T05:45:40Z,2026-09-14T07:45:40+0200,651c044f-8b9e-4447-8180-ed0fd11aec35,2026-09-11T12:15:00Z,2026-09-11T14:15:00+0200,21931.0,MW,ES,ES,forecast_solar_generation,Solar,2026-09-14T05:46:43Z
2026-09-14T05:45:40Z,2026-09-14T07:45:40+0200,651c044f-8b9e-4447-8180-ed0fd11aec35,2026-09-11T12:30:00Z,2026-09-11T14:30:00+0200,21888.0,MW,ES,ES,forecast_solar_generation,Solar,2026-09-14T05:46:43Z
2026-09-14T05:45:40Z,2026-09-14T07:45:40+0200,651c044f-8b9e-4447-8180-ed0fd11aec35,2026-09-11T12:45:00Z,2026-09-11T14:45:00+0200,21748.0,MW,ES,ES,forecast_solar_generation,Solar,2026-09-14T05:46:43Z
2026-09-14T05:45:40Z,2026-09-14T07:45:40+0200,651c044f-8b9e-4447-8180-ed0fd11aec35,2026-09-11T13:00:00Z,2026-09-11T15:00:00+0200,21413.0,MW,ES,ES,forecast_solar_generation,Solar,2026-09-14T05:46:43Z
2026-09-14T05:45:40Z,2026-09-14T07:45:40+0200,651c044f-8b9e-4447-8180-ed0fd11aec35,2026-09-11T13:15:00Z,2026-09-11T15:15:00+0200,21352.0,MW,ES,ES,forecast_solar_generation,Solar,2026-09-14T05:46:43Z
2026-09-14T05:45:40Z,2026-09-14T07:45:40+0200,651c044f-8b9e-4447-8180-ed0fd11aec35,2026-09-11T13:30:00Z,2026-09-11T15:30:00+0200,21283.0,MW,ES,ES,forecast_solar_generation,Solar,2026-09-14T05:46:43Z
2026-09-14T05:45:40Z,2026-09-14T07:45:40+0200,651c044f-8b9e-4447-8180-ed0fd11aec35,2026-09-11T13:45:00Z,2026-09-11T15:45:00+0200,21213.0,MW,ES,ES,forecast_solar_generation,Solar,2026-09-14T05:46:43Z
2026-09-14T05:45:40Z,2026-09-14T07:45:40+0200,651c044f-8b9e-4447-8180-ed0fd11aec35,2026-09-11T14:00:00Z,2026-09-11T16:00:00+0200,21180.0,MW,ES,ES,forecast_solar_generation,Solar,2026-09-14T05:46:43Z
2026-09-14T05:45:40Z,2026-09-14T07:45:40+0200,651c044f-8b9e-4447-8180-ed0fd11aec35,2026-09-11T14:15:00Z,2026-09-11T16:15:00+0200,21025.0,MW,ES,ES,forecast_solar_generation,Solar,2026-09-14T05:46:43Z
2026-09-14T05:45:40Z,2026-09-14T07:45:40+0200,651c044f-8b9e-4447-8180-ed0fd11aec35,2026-09-11T14:30:00Z,2026-09-11T16:30:00+0200,20832.0,MW,ES,ES,forecast_solar_generation,Solar,2026-09-14T05:46:43Z
2026-09-14T05:45:40Z,2026-09-14T07:45:40+0200,651c044f-8b9e-4447-8180-ed0fd11aec35,2026-09-11T14:45:00Z,2026-09-11T16:45:00+0200,20243.0,MW,ES,ES,forecast_solar_generation,Solar,2026-09-14T05:46:43Z
2026-09-14T05:45:40Z,2026-09-14T07:45:40+0200,651c044f-8b9e-4447-8180-ed0fd11aec35,2026-09-11T15:00:00Z,2026-09-11T17:00:00+0200,20660.0,MW,ES,ES,forecast_solar_generation,Solar,2026-09-14T05:46:43Z
2026-09-14T05:45:40Z,2026-09-14T07:45:40+0200,651c044f-8b9e-4447-8180-ed0fd11aec35,2026-09-11T15:15:00Z,2026-09-11T17:15:00+0200,20234.0,MW,ES,ES,forecast_solar_generation,Solar,2026-09-14T05:46:43Z
2026-09-14T05:45:40Z,2026-09-14T07:45:40+0200,651c044f-8b9e-4447-8180-ed0fd11aec35,2026-09-11T15:30:00Z,2026-09-11T17:30:00+0200,19725.0,MW,ES,ES,forecast_solar_generation,Solar,2026-09-14T05:46:43Z
2026-09-14T05:45:40Z,2026-09-14T07:45:40+0200,651c044f-8b9e-4447-8180-ed0fd11aec35,2026-09-11T15:45:00Z,2026-09-11T17:45:00+0200,19048.0,MW,ES,ES,forecast_solar_generation,Solar,2026-09-14T05:46:43Z
2026-09-14T05:45:40Z,2026-09-14T07:45:40+0200,651c044f-8b9e-4447-8180-ed0fd11aec35,2026-09-11T16:00:00Z,2026-09-11T18:00:00+0200,19384.0,MW,ES,ES,forecast_solar_generation,Solar,2026-09-14T05:46:43Z
2026-09-14T05:45:40Z,2026-09-14T07:45:40+0200,651c044f-8b9e-4447-8180-ed0fd11aec35,2026-09-11T16:15:00Z,2026-09-11T18:15:00+0200,18629.0,MW,ES,ES,forecast_solar_generation,Solar,2026-09-14T05:46:43Z
2026-09-14T05:45:40Z,2026-09-14T07:45:40+0200,651c044f-8b9e-4447-8180-ed0fd11aec35,2026-09-11T16:30:00Z,2026-09-11T18:30:00+0200,17362.0,MW,ES,ES,forecast_solar_generation,Solar,2026-09-14T05:46:43Z
2026-09-14T05:45:40Z,2026-09-14T07:45:40+0200,651c044f-8b9e-4447-8180-ed0fd11aec35,2026-09-11T16:45:00Z,2026-09-11T18:45:00+0200,15227.0,MW,ES,ES,forecast_solar_generation,Solar,2026-09-14T05:46:43Z
2026-09-14T05:45:40Z,2026-09-14T07:45:40+0200,651c044f-8b9e-4447-8180-ed0fd11aec35,2026-09-11T17:00:00Z,2026-09-11T19:00:00+0200,13865.0,MW,ES,ES,forecast_solar_generation,Solar,2026-09-14T05:46:43Z
2026-09-14T05:45:40Z,2026-09-14T07:45:40+0200,651c044f-8b9e-4447-8180-ed0fd11aec35,2026-09-11T17:15:00Z,2026-09-11T19:15:00+0200,11118.0,MW,ES,ES,forecast_solar_generation,Solar,2026-09-14T05:46:43Z
2026-09-14T05:45:40Z,2026-09-14T07:45:40+0200,651c044f-8b9e-4447-8180-ed0fd11aec35,2026-09-11T17:30:00Z,2026-09-11T19:30:00+0200,8323.0,MW,ES,ES,forecast_solar_generation,Solar,2026-09-14T05:46:43Z
2026-09-14T05:45:40Z,2026-09-14T07:45:40+0200,651c044f-8b9e-4447-8180-ed0fd11aec35,2026-09-11T17:45:00Z,2026-09-11T19:45:00+0200,5767.0,MW,ES,ES,forecast_solar_generation,Solar,2026-09-14T05:46:43Z
2026-09-14T05:45:40Z,2026-09-14T07:45:40+0200,651c044f-8b9e-4447-8180-ed0fd11aec35,2026-09-11T18:00:00Z,2026-09-11T20:00:00+0200,3791.0,MW,ES,ES,forecast_solar_generation,Solar,2026-09-14T05:46:43Z
2026-09-14T05:45:40Z,2026-09-14T07:45:40+0200,651c044f-8b9e-4447-8180-ed0fd11aec35,2026-09-11T18:15:00Z,2026-09-11T20:15:00+0200,2183.0,MW,ES,ES,forecast_solar_generation,Solar,2026-09-14T05:46:43Z
2026-09-14T05:45:40Z,2026-09-14T07:45:40+0200,651c044f-8b9e-4447-8180-ed0fd11aec35,2026-09-11T18:30:00Z,2026-09-11T20:30:00+0200,1217.0,MW,ES,ES,forecast_solar_generation,Solar,2026-09-14T05:46:43Z
2026-09-14T05:45:40Z,2026-09-14T07:45:40+0200,651c044f-8b9e-4447-8180-ed0fd11aec35,2026-09-11T18:45:00Z,2026-09-11T20:45:00+0200,768.0,MW,ES,ES,forecast_solar_generation,Solar,2026-09-14T05:46:43Z
2026-09-14T05:45:40Z,2026-09-14T07:45:40+0200,651c044f-8b9e-4447-8180-ed0fd11aec35,2026-09-11T19:00:00Z,2026-09-11T21:00:00+0200,676.0,MW,ES,ES,forecast_solar_generation,Solar,2026-09-14T05:46:43Z
2026-09-14T05:45:40Z,2026-09-14T07:45:40+0200,651c044f-8b9e-4447-8180-ed0fd11aec35,2026-09-11T19:15:00Z,2026-09-11T21:15:00+0200,624.0,MW,ES,ES,forecast_solar_generation,Solar,2026-09-14T05:46:43Z
2026-09-14T05:45:40Z,2026-09-14T07:45:40+0200,651c044f-8b9e-4447-8180-ed0fd11aec35,2026-09-11T19:30:00Z,2026-09-11T21:30:00+0200,587.0,MW,ES,ES,forecast_solar_generation,Solar,2026-09-14T05:46:43Z
2026-09-14T05:45:40Z,2026-09-14T07:45:40+0200,651c044f-8b9e-4447-8180-ed0fd11aec35,2026-09-11T19:45:00Z,2026-09-11T21:45:00+0200,564.0,MW,ES,ES,forecast_solar_generation,Solar,2026-09-14T05:46:43Z
2026-09-14T05:45:40Z,2026-09-14T07:45:40+0200,651c044f-8b9e-4447-8180-ed0fd11aec35,2026-09-11T20:00:00Z,2026-09-11T22:00:00+0200,539.0,MW,ES,ES,forecast_solar_generation,Solar,2026-09-14T05:46:43Z
2026-09-14T05:45:40Z,2026-09-14T07:45:40+0200,651c044f-8b9e-4447-8180-ed0fd11aec35,2026-09-11T20:15:00Z,2026-09-11T22:15:00+0200,536.0,MW,ES,ES,forecast_solar_generation,Solar,2026-09-14T05:46:43Z
2026-09-14T05:45:40Z,2026-09-14T07:45:40+0200,651c044f-8b9e-4447-8180-ed0fd11aec35,2026-09-11T20:30:00Z,2026-09-11T22:30:00+0200,537.0,MW,ES,ES,forecast_solar_generation,Solar,2026-09-14T05:46:43Z
2026-09-14T05:45:40Z,2026-09-14T07:45:40+0200,651c044f-8b9e-4447-8180-ed0fd11aec35,2026-09-11T20:45:00Z,2026-09-11T22:45:00+0200,541.0,MW,ES,ES,forecast_solar_generation,Solar,2026-09-14T05:46:43Z
2026-09-14T05:45:40Z,2026-09-14T07:45:40+0200,651c044f-8b9e-4447-8180-ed0fd11aec35,2026-09-11T21:00:00Z,2026-09-11T23:00:00+0200,554.0,MW,ES,ES,forecast_solar_generation,Solar,2026-09-14T05:46:43Z
2026-09-14T05:45:40Z,2026-09-14T07:45:40+0200,651c044f-8b9e-4447-8180-ed0fd11aec35,2026-09-11T21:15:00Z,2026-09-11T23:15:00+0200,553.0,MW,ES,ES,forecast_solar_generation,Solar,2026-09-14T05:46:43Z
2026-09-14T05:45:40Z,2026-09-14T07:45:40+0200,651c044f-8b9e-4447-8180-ed0fd11aec35,2026-09-11T21:30:00Z,2026-09-11T23:30:00+0200,544.0,MW,ES,ES,forecast_solar_generation,Solar,2026-09-14T05:46:43Z
2026-09-14T05:45:40Z,2026-09-14T07:45:40+0200,651c044f-8b9e-4447-8180-ed0fd11aec35,2026-09-11T21:45:00Z,2026-09-11T23:45:00+0200,531.0,MW,ES,ES,forecast_solar_generation,Solar,2026-09-14T05:46:43Z
2026-09-14T05:45:40Z,2026-09-14T07:45:40+0200,651c044f-8b9e-4447-8180-ed0fd11aec35,2026-09-11T22:00:00Z,2026-09-12T00:00:00+0200,520.0,MW,ES,ES,forecast_solar_generation,Solar,2026-09-14T05:46:43Z
2026-09-14T05:45:40Z,2026-09-14T07:45:40+0200,651c044f-8b9e-4447-8180-ed0fd11aec35,2026-09-11T22:15:00Z,2026-09-12T00:15:00+0200,504.0,MW,ES,ES,forecast_solar_generation,Solar,2026-09-14T05:46:43Z
2026-09-14T05:45:40Z,2026-09-14T07:45:40+0200,651c044f-8b9e-4447-8180-ed0fd11aec35,2026-09-11T22:30:00Z,2026-09-12T00:30:00+0200,495.0,MW,ES,ES,forecast_solar_generation,Solar,2026-09-14T05:46:43Z
2026-09-14T05:45:40Z,2026-09-14T07:45:40+0200,651c044f-8b9e-4447-8180-ed0fd11aec35,2026-09-11T22:45:00Z,2026-09-12T00:45:00+0200,492.0,MW,ES,ES,forecast_solar_generation,Solar,2026-09-14T05:46:43Z
2026-09-14T05:45:40Z,2026-09-14T07:45:40+0200,651c044f-8b9e-4447-8180-ed0fd11aec35,2026-09-11T23:00:00Z,2026-09-12T01:00:00+0200,491.0,MW,ES,ES,forecast_solar_generation,Solar,2026-09-14T05:46:43Z
2026-09-14T05:45:40Z,2026-09-14T07:45:40+0200,651c044f-8b9e-4447-8180-ed0fd11aec35,2026-09-11T23:15:00Z,2026-09-12T01:15:00+0200,492.0,MW,ES,ES,forecast_solar_generation,Solar,2026-09-14T05:46:43Z
2026-09-14T05:45:40Z,2026-09-14T07:45:40+0200,651c044f-8b9e-4447-8180-ed0fd11aec35,2026-09-11T23:30:00Z,2026-09-12T01:30:00+0200,493.0,MW,ES,ES,forecast_solar_generation,Solar,2026-09-14T05:46:43Z
2026-09-14T05:45:40Z,2026-09-14T07:45:40+0200,651c044f-8b9e-4447-8180-ed0fd11aec35,2026-09-11T23:45:00Z,2026-09-12T01:45:00+0200,492.0,MW,ES,ES,forecast_solar_generation,Solar,2026-09-14T05:46:43Z
2026-09-14T05:45:40Z,2026-09-14T07:45:40+0200,651c044f-8b9e-4447-8180-ed0fd11aec35,2026-09-12T00:00:00Z,2026-09-12T02:00:00+0200,491.0,MW,ES,ES,forecast_solar_generation,Solar,2026-09-14T05:46:43Z
2026-09-14T05:45:40Z,2026-09-14T07:45:40+0200,651c044f-8b9e-4447-8180-ed0fd11aec35,2026-09-12T00:15:00Z,2026-09-12T02:15:00+0200,490.0,MW,ES,ES,forecast_solar_generation,Solar,2026-09-14T05:46:43Z
2026-09-14T05:45:40Z,2026-09-14T07:45:40+0200,651c044f-8b9e-4447-8180-ed0fd11aec35,2026-09-12T00:30:00Z,2026-09-12T02:30:00+0200,489.0,MW,ES,ES,forecast_solar_generation,Solar,2026-09-14T05:46:43Z
2026-09-14T05:45:40Z,2026-09-14T07:45:40+0200,651c044f-8b9e-4447-8180-ed0fd11aec35,2026-09-12T00:45:00Z,2026-09-12T02:45:00+0200,488.0,MW,ES,ES,forecast_solar_generation,Solar,2026-09-14T05:46:43Z
2026-09-14T05:45:40Z,2026-09-14T07:45:40+0200,651c044f-8b9e-4447-8180-ed0fd11aec35,2026-09-12T01:00:00Z,2026-09-12T03:00:00+0200,489.0,MW,ES,ES,forecast_solar_generation,Solar,2026-09-14T05:46:43Z
2026-09-14T05:45:40Z,2026-09-14T07:45:40+0200,651c044f-8b9e-4447-8180-ed0fd11aec35,2026-09-12T01:15:00Z,2026-09-12T03:15:00+0200,487.0,MW,ES,ES,forecast_solar_generation,Solar,2026-09-14T05:46:43Z
2026-09-14T05:45:40Z,2026-09-14T07:45:40+0200,651c044f-8b9e-4447-8180-ed0fd11aec35,2026-09-12T01:30:00Z,2026-09-12T03:30:00+0200,483.0,MW,ES,ES,forecast_solar_generation,Solar,2026-09-14T05:46:43Z
2026-09-14T05:45:40Z,2026-09-14T07:45:40+0200,651c044f-8b9e-4447-8180-ed0fd11aec35,2026-09-12T01:45:00Z,2026-09-12T03:45:00+0200,476.0,MW,ES,ES,forecast_solar_generation,Solar,2026-09-14T05:46:43Z
2026-09-14T05:45:40Z,2026-09-14T07:45:40+0200,651c044f-8b9e-4447-8180-ed0fd11aec35,2026-09-12T02:00:00Z,2026-09-12T04:00:00+0200,481.0,MW,ES,ES,forecast_solar_generation,Solar,2026-09-14T05:46:43Z
2026-09-14T05:45:40Z,2026-09-14T07:45:40+0200,651c044f-8b9e-4447-8180-ed0fd11aec35,2026-09-12T02:15:00Z,2026-09-12T04:15:00+0200,460.0,MW,ES,ES,forecast_solar_generation,Solar,2026-09-14T05:46:43Z
2026-09-14T05:45:40Z,2026-09-14T07:45:40+0200,651c044f-8b9e-4447-8180-ed0fd11aec35,2026-09-12T02:30:00Z,2026-09-12T04:30:00+0200,428.0,MW,ES,ES,forecast_solar_generation,Solar,2026-09-14T05:46:43Z
2026-09-14T05:45:40Z,2026-09-14T07:45:40+0200,651c044f-8b9e-4447-8180-ed0fd11aec35,2026-09-12T02:45:00Z,2026-09-12T04:45:00+0200,389.0,MW,ES,ES,forecast_solar_generation,Solar,2026-09-14T05:46:43Z
2026-09-14T05:45:40Z,2026-09-14T07:45:40+0200,651c044f-8b9e-4447-8180-ed0fd11aec35,2026-09-12T03:00:00Z,2026-09-12T05:00:00+0200,351.0,MW,ES,ES,forecast_solar_generation,Solar,2026-09-14T05:46:43Z
2026-09-14T05:45:40Z,2026-09-14T07:45:40+0200,651c044f-8b9e-4447-8180-ed0fd11aec35,2026-09-12T03:15:00Z,2026-09-12T05:15:00+0200,310.0,MW,ES,ES,forecast_solar_generation,Solar,2026-09-14T05:46:43Z
2026-09-14T05:45:40Z,2026-09-14T07:45:40+0200,651c044f-8b9e-4447-8180-ed0fd11aec35,2026-09-12T03:30:00Z,2026-09-12T05:30:00+0200,273.0,MW,ES,ES,forecast_solar_generation,Solar,2026-09-14T05:46:43Z
2026-09-14T05:45:40Z,2026-09-14T07:45:40+0200,651c044f-8b9e-4447-8180-ed0fd11aec35,2026-09-12T03:45:00Z,2026-09-12T05:45:00+0200,241.0,MW,ES,ES,forecast_solar_generation,Solar,2026-09-14T05:46:43Z
2026-09-14T05:45:40Z,2026-09-14T07:45:40+0200,651c044f-8b9e-4447-8180-ed0fd11aec35,2026-09-12T04:00:00Z,2026-09-12T06:00:00+0200,213.0,MW,ES,ES,forecast_solar_generation,Solar,2026-09-14T05:46:43Z
2026-09-14T05:45:40Z,2026-09-14T07:45:40+0200,651c044f-8b9e-4447-8180-ed0fd11aec35,2026-09-12T04:15:00Z,2026-09-12T06:15:00+0200,188.0,MW,ES,ES,forecast_solar_generation,Solar,2026-09-14T05:46:43Z
2026-09-14T05:45:40Z,2026-09-14T07:45:40+0200,651c044f-8b9e-4447-8180-ed0fd11aec35,2026-09-12T04:30:00Z,2026-09-12T06:30:00+0200,164.0,MW,ES,ES,forecast_solar_generation,Solar,2026-09-14T05:46:43Z
2026-09-14T05:45:40Z,2026-09-14T07:45:40+0200,651c044f-8b9e-4447-8180-ed0fd11aec35,2026-09-12T04:45:00Z,2026-09-12T06:45:00+0200,143.0,MW,ES,ES,forecast_solar_generation,Solar,2026-09-14T05:46:43Z
2026-09-14T05:45:40Z,2026-09-14T07:45:40+0200,651c044f-8b9e-4447-8180-ed0fd11aec35,2026-09-12T05:00:00Z,2026-09-12T07:00:00+0200,123.0,MW,ES,ES,forecast_solar_generation,Solar,2026-09-14T05:46:43Z
2026-09-14T05:45:40Z,2026-09-14T07:45:40+0200,651c044f-8b9e-4447-8180-ed0fd11aec35,2026-09-12T05:15:00Z,2026-09-12T07:15:00+0200,114.0,MW,ES,ES,forecast_solar_generation,Solar,2026-09-14T05:46:43Z
2026-09-14T05:45:40Z,2026-09-14T07:45:40+0200,651c044f-8b9e-4447-8180-ed0fd11aec35,2026-09-12T05:30:00Z,2026-09-12T07:30:00+0200,148.0,MW,ES,ES,forecast_solar_generation,Solar,2026-09-14T05:46:43Z
2026-09-14T05:45:40Z,2026-09-14T07:45:40+0200,651c044f-8b9e-4447-8180-ed0fd11aec35,2026-09-12T05:45:00Z,2026-09-12T07:45:00+0200,221.0,MW,ES,ES,forecast_solar_generation,Solar,2026-09-14T05:46:43Z
2026-09-14T05:45:40Z,2026-09-14T07:45:40+0200,651c044f-8b9e-4447-8180-ed0fd11aec35,2026-09-12T06:00:00Z,2026-09-12T08:00:00+0200,1623.0,MW,ES,ES,forecast_solar_generation,Solar,2026-09-14T05:46:43Z
2026-09-14T05:45:40Z,2026-09-14T07:45:40+0200,651c044f-8b9e-4447-8180-ed0fd11aec35,2026-09-12T06:15:00Z,2026-09-12T08:15:00+0200,2856.0,MW,ES,ES,forecast_solar_generation,Solar,2026-09-14T05:46:43Z
2026-09-14T05:45:40Z,2026-09-14T07:45:40+0200,651c044f-8b9e-4447-8180-ed0fd11aec35,2026-09-12T06:30:00Z,2026-09-12T08:30:00+0200,4433.0,MW,ES,ES,forecast_solar_generation,Solar,2026-09-14T05:46:43Z
2026-09-14T05:45:40Z,2026-09-14T07:45:40+0200,651c044f-8b9e-4447-8180-ed0fd11aec35,2026-09-12T06:45:00Z,2026-09-12T08:45:00+0200,6326.0,MW,ES,ES,forecast_solar_generation,Solar,2026-09-14T05:46:43Z
2026-09-14T05:45:40Z,2026-09-14T07:45:40+0200,651c044f-8b9e-4447-8180-ed0fd11aec35,2026-09-12T07:00:00Z,2026-09-12T09:00:00+0200,10156.0,MW,ES,ES,forecast_solar_generation,Solar,2026-09-14T05:46:43Z
2026-09-14T05:45:40Z,2026-09-14T07:45:40+0200,651c044f-8b9e-4447-8180-ed0fd11aec35,2026-09-12T07:15:00Z,2026-09-12T09:15:00+0200,12732.0,MW,ES,ES,forecast_solar_generation,Solar,2026-09-14T05:46:43Z
2026-09-14T05:45:40Z,2026-09-14T07:45:40+0200,651c044f-8b9e-4447-8180-ed0fd11aec35,2026-09-12T07:30:00Z,2026-09-12T09:30:00+0200,15054.0,MW,ES,ES,forecast_solar_generation,Solar,2026-09-14T05:46:43Z
2026-09-14T05:45:40Z,2026-09-14T07:45:40+0200,651c044f-8b9e-4447-8180-ed0fd11aec35,2026-09-12T07:45:00Z,2026-09-12T09:45:00+0200,16979.0,MW,ES,ES,forecast_solar_generation,Solar,2026-09-14T05:46:43Z
2026-09-14T05:45:40Z,2026-09-14T07:45:40+0200,651c044f-8b9e-4447-8180-ed0fd11aec35,2026-09-12T08:00:00Z,2026-09-12T10:00:00+0200,19583.0,MW,ES,ES,forecast_solar_generation,Solar,2026-09-14T05:46:43Z
2026-09-14T05:45:40Z,2026-09-14T07:45:40+0200,651c044f-8b9e-4447-8180-ed0fd11aec35,2026-09-12T08:15:00Z,2026-09-12T10:15:00+0200,20889.0,MW,ES,ES,forecast_solar_generation,Solar,2026-09-14T05:46:43Z
2026-09-14T05:45:40Z,2026-09-14T07:45:40+0200,651c044f-8b9e-4447-8180-ed0fd11aec35,2026-09-12T08:30:00Z,2026-09-12T10:30:00+0200,21789.0,MW,ES,ES,forecast_solar_generation,Solar,2026-09-14T05:46:43Z
2026-09-14T05:45:40Z,2026-09-14T07:45:40+0200,651c044f-8b9e-4447-8180-ed0fd11aec35,2026-09-12T08:45:00Z,2026-09-12T10:45:00+0200,22313.0,MW,ES,ES,forecast_solar_generation,Solar,2026-09-14T05:46:43Z
2026-09-14T05:45:40Z,2026-09-14T07:45:40+0200,651c044f-8b9e-4447-8180-ed0fd11aec35,2026-09-12T09:00:00Z,2026-09-12T11:00:00+0200,22817.0,MW,ES,ES,forecast_solar_generation,Solar,2026-09-14T05:46:43Z
2026-09-14T05:45:40Z,2026-09-14T07:45:40+0200,651c044f-8b9e-4447-8180-ed0fd11aec35,2026-09-12T09:15:00Z,2026-09-12T11:15:00+0200,23102.0,MW,ES,ES,forecast_solar_generation,Solar,2026-09-14T05:46:43Z
2026-09-14T05:45:40Z,2026-09-14T07:45:40+0200,651c044f-8b9e-4447-8180-ed0fd11aec35,2026-09-12T09:30:00Z,2026-09-12T11:30:00+0200,23362.0,MW,ES,ES,forecast_solar_generation,Solar,2026-09-14T05:46:43Z
2026-09-14T05:45:40Z,2026-09-14T07:45:40+0200,651c044f-8b9e-4447-8180-ed0fd11aec35,2026-09-12T09:45:00Z,2026-09-12T11:45:00+0200,23494.0,MW,ES,ES,forecast_solar_generation,Solar,2026-09-14T05:46:43Z
2026-09-14T05:45:40Z,2026-09-14T07:45:40+0200,651c044f-8b9e-4447-8180-ed0fd11aec35,2026-09-12T10:00:00Z,2026-09-12T12:00:00+0200,23896.0,MW,ES,ES,forecast_solar_generation,Solar,2026-09-14T05:46:43Z
2026-09-14T05:45:40Z,2026-09-14T07:45:40+0200,651c044f-8b9e-4447-8180-ed0fd11aec35,2026-09-12T10:15:00Z,2026-09-12T12:15:00+0200,24027.0,MW,ES,ES,forecast_solar_generation,Solar,2026-09-14T05:46:43Z
2026-09-14T05:45:40Z,2026-09-14T07:45:40+0200,651c044f-8b9e-4447-8180-ed0fd11aec35,2026-09-12T10:30:00Z,2026-09-12T12:30:00+0200,24115.0,MW,ES,ES,forecast_solar_generation,Solar,2026-09-14T05:46:43Z
2026-09-14T05:45:40Z,2026-09-14T07:45:40+0200,651c044f-8b9e-4447-8180-ed0fd11aec35,2026-09-12T10:45:00Z,2026-09-12T12:45:00+0200,24153.0,MW,ES,ES,forecast_solar_generation,Solar,2026-09-14T05:46:43Z
2026-09-14T05:45:40Z,2026-09-14T07:45:40+0200,651c044f-8b9e-4447-8180-ed0fd11aec35,2026-09-12T11:00:00Z,2026-09-12T13:00:00+0200,24360.0,MW,ES,ES,forecast_solar_generation,Solar,2026-09-14T05:46:43Z
2026-09-14T05:45:40Z,2026-09-14T07:45:40+0200,651c044f-8b9e-4447-8180-ed0fd11aec35,2026-09-12T11:15:00Z,2026-09-12T13:15:00+0200,24290.0,MW,ES,ES,forecast_solar_generation,Solar,2026-09-14T05:46:43Z
2026-09-14T05:45:40Z,2026-09-14T07:45:40+0200,651c044f-8b9e-4447-8180-ed0fd11aec35,2026-09-12T11:30:00Z,2026-09-12T13:30:00+0200,24194.0,MW,ES,ES,forecast_solar_generation,Solar,2026-09-14T05:46:43Z
2026-09-14T05:45:40Z,2026-09-14T07:45:40+0200,651c044f-8b9e-4447-8180-ed0fd11aec35,2026-09-12T11:45:00Z,2026-09-12T13:45:00+0200,24089.0,MW,ES,ES,forecast_solar_generation,Solar,2026-09-14T05:46:43Z
2026-09-14T05:45:40Z,2026-09-14T07:45:40+0200,651c044f-8b9e-4447-8180-ed0fd11aec35,2026-09-12T12:00:00Z,2026-09-12T14:00:00+0200,24020.0,MW,ES,ES,forecast_solar_generation,Solar,2026-09-14T05:46:43Z
2026-09-14T05:45:40Z,2026-09-14T07:45:40+0200,651c044f-8b9e-4447-8180-ed0fd11aec35,2026-09-12T12:15:00Z,2026-09-12T14:15:00+0200,24070.0,MW,ES,ES,forecast_solar_generation,Solar,2026-09-14T05:46:43Z
2026-09-14T05:45:40Z,2026-09-14T07:45:40+0200,651c044f-8b9e-4447-8180-ed0fd11aec35,2026-09-12T12:30:00Z,2026-09-12T14:30:00+0200,24151.0,MW,ES,ES,forecast_solar_generation,Solar,2026-09-14T05:46:43Z
2026-09-14T05:45:40Z,2026-09-14T07:45:40+0200,651c044f-8b9e-4447-8180-ed0fd11aec35,2026-09-12T12:45:00Z,2026-09-12T14:45:00+0200,24221.0,MW,ES,ES,forecast_solar_generation,Solar,2026-09-14T05:46:43Z
2026-09-14T05:45:40Z,2026-09-14T07:45:40+0200,651c044f-8b9e-4447-8180-ed0fd11aec35,2026-09-12T13:00:00Z,2026-09-12T15:00:00+0200,24324.0,MW,ES,ES,forecast_solar_generation,Solar,2026-09-14T05:46:43Z
2026-09-14T05:45:40Z,2026-09-14T07:45:40+0200,651c044f-8b9e-4447-8180-ed0fd11aec35,2026-09-12T13:15:00Z,2026-09-12T15:15:00+0200,24211.0,MW,ES,ES,forecast_solar_generation,Solar,2026-09-14T05:46:43Z
2026-09-14T05:45:40Z,2026-09-14T07:45:40+0200,651c044f-8b9e-4447-8180-ed0fd11aec35,2026-09-12T13:30:00Z,2026-09-12T15:30:00+0200,24090.0,MW,ES,ES,forecast_solar_generation,Solar,2026-09-14T05:46:43Z
2026-09-14T05:45:40Z,2026-09-14T07:45:40+0200,651c044f-8b9e-4447-8180-ed0fd11aec35,2026-09-12T13:45:00Z,2026-09-12T15:45:00+0200,23700.0,MW,ES,ES,forecast_solar_generation,Solar,2026-09-14T05:46:43Z
2026-09-14T05:45:40Z,2026-09-14T07:45:40+0200,651c044f-8b9e-4447-8180-ed0fd11aec35,2026-09-12T14:00:00Z,2026-09-12T16:00:00+0200,23273.0,MW,ES,ES,forecast_solar_generation,Solar,2026-09-14T05:46:43Z
2026-09-14T05:45:40Z,2026-09-14T07:45:40+0200,651c044f-8b9e-4447-8180-ed0fd11aec35,2026-09-12T14:15:00Z,2026-09-12T16:15:00+0200,22837.0,MW,ES,ES,forecast_solar_generation,Solar,2026-09-14T05:46:43Z
2026-09-14T05:45:40Z,2026-09-14T07:45:40+0200,651c044f-8b9e-4447-8180-ed0fd11aec35,2026-09-12T14:30:00Z,2026-09-12T16:30:00+0200,22497.0,MW,ES,ES,forecast_solar_generation,Solar,2026-09-14T05:46:43Z
2026-09-14T05:45:40Z,2026-09-14T07:45:40+0200,651c044f-8b9e-4447-8180-ed0fd11aec35,2026-09-12T14:45:00Z,2026-09-12T16:45:00+0200,22122.0,MW,ES,ES,forecast_solar_generation,Solar,2026-09-14T05:46:43Z
2026-09-14T05:45:40Z,2026-09-14T07:45:40+0200,651c044f-8b9e-4447-8180-ed0fd11aec35,2026-09-12T15:00:00Z,2026-09-12T17:00:00+0200,22076.0,MW,ES,ES,forecast_solar_generation,Solar,2026-09-14T05:46:43Z
2026-09-14T05:45:40Z,2026-09-14T07:45:40+0200,651c044f-8b9e-4447-8180-ed0fd11aec35,2026-09-12T15:15:00Z,2026-09-12T17:15:00+0200,21684.0,MW,ES,ES,forecast_solar_generation,Solar,2026-09-14T05:46:43Z
2026-09-14T05:45:40Z,2026-09-14T07:45:40+0200,651c044f-8b9e-4447-8180-ed0fd11aec35,2026-09-12T15:30:00Z,2026-09-12T17:30:00+0200,21126.0,MW,ES,ES,forecast_solar_generation,Solar,2026-09-14T05:46:43Z
2026-09-14T05:45:40Z,2026-09-14T07:45:40+0200,651c044f-8b9e-4447-8180-ed0fd11aec35,2026-09-12T15:45:00Z,2026-09-12T17:45:00+0200,20242.0,MW,ES,ES,forecast_solar_generation,Solar,2026-09-14T05:46:43Z
2026-09-14T05:45:40Z,2026-09-14T07:45:40+0200,651c044f-8b9e-4447-8180-ed0fd11aec35,2026-09-12T16:00:00Z,2026-09-12T18:00:00+0200,19803.0,MW,ES,ES,forecast_solar_generation,Solar,2026-09-14T05:46:43Z
2026-09-14T05:45:40Z,2026-09-14T07:45:40+0200,651c044f-8b9e-4447-8180-ed0fd11aec35,2026-09-12T16:15:00Z,2026-09-12T18:15:00+0200,18500.0,MW,ES,ES,forecast_solar_generation,Solar,2026-09-14T05:46:43Z
2026-09-14T05:45:40Z,2026-09-14T07:45:40+0200,651c044f-8b9e-4447-8180-ed0fd11aec35,2026-09-12T16:30:00Z,2026-09-12T18:30:00+0200,16800.0,MW,ES,ES,forecast_solar_generation,Solar,2026-09-14T05:46:43Z
2026-09-14T05:45:40Z,2026-09-14T07:45:40+0200,651c044f-8b9e-4447-8180-ed0fd11aec35,2026-09-12T16:45:00Z,2026-09-12T18:45:00+0200,14683.0,MW,ES,ES,forecast_solar_generation,Solar,2026-09-14T05:46:43Z
2026-09-14T05:45:40Z,2026-09-14T07:45:40+0200,651c044f-8b9e-4447-8180-ed0fd11aec35,2026-09-12T17:00:00Z,2026-09-12T19:00:00+0200,13365.0,MW,ES,ES,forecast_solar_generation,Solar,2026-09-14T05:46:43Z
2026-09-14T05:45:40Z,2026-09-14T07:45:40+0200,651c044f-8b9e-4447-8180-ed0fd11aec35,2026-09-12T17:15:00Z,2026-09-12T19:15:00+0200,10873.0,MW,ES,ES,forecast_solar_generation,Solar,2026-09-14T05:46:43Z
2026-09-14T05:45:40Z,2026-09-14T07:45:40+0200,651c044f-8b9e-4447-8180-ed0fd11aec35,2026-09-12T17:30:00Z,2026-09-12T19:30:00+0200,8310.0,MW,ES,ES,forecast_solar_generation,Solar,2026-09-14T05:46:43Z
2026-09-14T05:45:40Z,2026-09-14T07:45:40+0200,651c044f-8b9e-4447-8180-ed0fd11aec35,2026-09-12T17:45:00Z,2026-09-12T19:45:00+0200,5785.0,MW,ES,ES,forecast_solar_generation,Solar,2026-09-14T05:46:43Z
2026-09-14T05:45:40Z,2026-09-14T07:45:40+0200,651c044f-8b9e-4447-8180-ed0fd11aec35,2026-09-12T18:00:00Z,2026-09-12T20:00:00+0200,3849.0,MW,ES,ES,forecast_solar_generation,Solar,2026-09-14T05:46:43Z
2026-09-14T05:45:40Z,2026-09-14T07:45:40+0200,651c044f-8b9e-4447-8180-ed0fd11aec35,2026-09-12T18:15:00Z,2026-09-12T20:15:00+0200,2214.0,MW,ES,ES,forecast_solar_generation,Solar,2026-09-14T05:46:43Z
2026-09-14T05:45:40Z,2026-09-14T07:45:40+0200,651c044f-8b9e-4447-8180-ed0fd11aec35,2026-09-12T18:30:00Z,2026-09-12T20:30:00+0200,1226.0,MW,ES,ES,forecast_solar_generation,Solar,2026-09-14T05:46:43Z
2026-09-14T05:45:40Z,2026-09-14T07:45:40+0200,651c044f-8b9e-4447-8180-ed0fd11aec35,2026-09-12T18:45:00Z,2026-09-12T20:45:00+0200,761.0,MW,ES,ES,forecast_solar_generation,Solar,2026-09-14T05:46:43Z
2026-09-14T05:45:40Z,2026-09-14T07:45:40+0200,651c044f-8b9e-4447-8180-ed0fd11aec35,2026-09-12T19:00:00Z,2026-09-12T21:00:00+0200,665.0,MW,ES,ES,forecast_solar_generation,Solar,2026-09-14T05:46:43Z
2026-09-14T05:45:40Z,2026-09-14T07:45:40+0200,651c044f-8b9e-4447-8180-ed0fd11aec35,2026-09-12T19:15:00Z,2026-09-12T21:15:00+0200,629.0,MW,ES,ES,forecast_solar_generation,Solar,2026-09-14T05:46:43Z
2026-09-14T05:45:40Z,2026-09-14T07:45:40+0200,651c044f-8b9e-4447-8180-ed0fd11aec35,2026-09-12T19:30:00Z,2026-09-12T21:30:00+0200,603.0,MW,ES,ES,forecast_solar_generation,Solar,2026-09-14T05:46:43Z
2026-09-14T05:45:40Z,2026-09-14T07:45:40+0200,651c044f-8b9e-4447-8180-ed0fd11aec35,2026-09-12T19:45:00Z,2026-09-12T21:45:00+0200,585.0,MW,ES,ES,forecast_solar_generation,Solar,2026-09-14T05:46:43Z
2026-09-14T05:45:40Z,2026-09-14T07:45:40+0200,651c044f-8b9e-4447-8180-ed0fd11aec35,2026-09-12T20:00:00Z,2026-09-12T22:00:00+0200,567.0,MW,ES,ES,forecast_solar_generation,Solar,2026-09-14T05:46:43Z
2026-09-14T05:45:40Z,2026-09-14T07:45:40+0200,651c044f-8b9e-4447-8180-ed0fd11aec35,2026-09-12T20:15:00Z,2026-09-12T22:15:00+0200,560.0,MW,ES,ES,forecast_solar_generation,Solar,2026-09-14T05:46:43Z
2026-09-14T05:45:40Z,2026-09-14T07:45:40+0200,651c044f-8b9e-4447-8180-ed0fd11aec35,2026-09-12T20:30:00Z,2026-09-12T22:30:00+0200,557.0,MW,ES,ES,forecast_solar_generation,Solar,2026-09-14T05:46:43Z
2026-09-14T05:45:40Z,2026-09-14T07:45:40+0200,651c044f-8b9e-4447-8180-ed0fd11aec35,2026-09-12T20:45:00Z,2026-09-12T22:45:00+0200,553.0,MW,ES,ES,forecast_solar_generation,Solar,2026-09-14T05:46:43Z
2026-09-14T05:45:40Z,2026-09-14T07:45:40+0200,651c044f-8b9e-4447-8180-ed0fd11aec35,2026-09-12T21:00:00Z,2026-09-12T23:00:00+0200,557.0,MW,ES,ES,forecast_solar_generation,Solar,2026-09-14T05:46:43Z
2026-09-14T05:45:40Z,2026-09-14T07:45:40+0200,651c044f-8b9e-4447-8180-ed0fd11aec35,2026-09-12T21:15:00Z,2026-09-12T23:15:00+0200,549.0,MW,ES,ES,forecast_solar_generation,Solar,2026-09-14T05:46:43Z
2026-09-14T05:45:40Z,2026-09-14T07:45:40+0200,651c044f-8b9e-4447-8180-ed0fd11aec35,2026-09-12T21:30:00Z,2026-09-12T23:30:00+0200,535.0,MW,ES,ES,forecast_solar_generation,Solar,2026-09-14T05:46:43Z
2026-09-14T05:45:40Z,2026-09-14T07:45:40+0200,651c044f-8b9e-4447-8180-ed0fd11aec35,2026-09-12T21:45:00Z,2026-09-12T23:45:00+0200,517.0,MW,ES,ES,forecast_solar_generation,Solar,2026-09-14T05:46:43Z
2026-09-14T05:45:40Z,2026-09-14T07:45:40+0200,651c044f-8b9e-4447-8180-ed0fd11aec35,2026-09-12T22:00:00Z,2026-09-13T00:00:00+0200,496.0,MW,ES,ES,forecast_solar_generation,Solar,2026-09-14T05:46:43Z
2026-09-14T05:45:40Z,2026-09-14T07:45:40+0200,651c044f-8b9e-4447-8180-ed0fd11aec35,2026-09-12T22:15:00Z,2026-09-13T00:15:00+0200,477.0,MW,ES,ES,forecast_solar_generation,Solar,2026-09-14T05:46:43Z
2026-09-14T05:45:40Z,2026-09-14T07:45:40+0200,651c044f-8b9e-4447-8180-ed0fd11aec35,2026-09-12T22:30:00Z,2026-09-13T00:30:00+0200,468.0,MW,ES,ES,forecast_solar_generation,Solar,2026-09-14T05:46:43Z
2026-09-14T05:45:40Z,2026-09-14T07:45:40+0200,651c044f-8b9e-4447-8180-ed0fd11aec35,2026-09-12T22:45:00Z,2026-09-13T00:45:00+0200,467.0,MW,ES,ES,forecast_solar_generation,Solar,2026-09-14T05:46:43Z
2026-09-14T05:45:40Z,2026-09-14T07:45:40+0200,651c044f-8b9e-4447-8180-ed0fd11aec35,2026-09-12T23:00:00Z,2026-09-13T01:00:00+0200,470.0,MW,ES,ES,forecast_solar_generation,Solar,2026-09-14T05:46:43Z
2026-09-14T05:45:40Z,2026-09-14T07:45:40+0200,651c044f-8b9e-4447-8180-ed0fd11aec35,2026-09-12T23:15:00Z,2026-09-13T01:15:00+0200,473.0,MW,ES,ES,forecast_solar_generation,Solar,2026-09-14T05:46:43Z
2026-09-14T05:45:40Z,2026-09-14T07:45:40+0200,651c044f-8b9e-4447-8180-ed0fd11aec35,2026-09-12T23:30:00Z,2026-09-13T01:30:00+0200,474.0,MW,ES,ES,forecast_solar_generation,Solar,2026-09-14T05:46:43Z
2026-09-14T05:45:40Z,2026-09-14T07:45:40+0200,651c044f-8b9e-4447-8180-ed0fd11aec35,2026-09-12T23:45:00Z,2026-09-13T01:45:00+0200,473.0,MW,ES,ES,forecast_solar_generation,Solar,2026-09-14T05:46:43Z
2026-09-14T05:45:40Z,2026-09-14T07:45:40+0200,651c044f-8b9e-4447-8180-ed0fd11aec35,2026-09-13T00:00:00Z,2026-09-13T02:00:00+0200,471.0,MW,ES,ES,forecast_solar_generation,Solar,2026-09-14T05:46:43Z
2026-09-14T05:45:40Z,2026-09-14T07:45:40+0200,651c044f-8b9e-4447-8180-ed0fd11aec35,2026-09-13T00:15:00Z,2026-09-13T02:15:00+0200,471.0,MW,ES,ES,forecast_solar_generation,Solar,2026-09-14T05:46:43Z
2026-09-14T05:45:40Z,2026-09-14T07:45:40+0200,651c044f-8b9e-4447-8180-ed0fd11aec35,2026-09-13T00:30:00Z,2026-09-13T02:30:00+0200,472.0,MW,ES,ES,forecast_solar_generation,Solar,2026-09-14T05:46:43Z
2026-09-14T05:45:40Z,2026-09-14T07:45:40+0200,651c044f-8b9e-4447-8180-ed0fd11aec35,2026-09-13T00:45:00Z,2026-09-13T02:45:00+0200,474.0,MW,ES,ES,forecast_solar_generation,Solar,2026-09-14T05:46:43Z
2026-09-14T05:45:40Z,2026-09-14T07:45:40+0200,651c044f-8b9e-4447-8180-ed0fd11aec35,2026-09-13T01:00:00Z,2026-09-13T03:00:00+0200,483.0,MW,ES,ES,forecast_solar_generation,Solar,2026-09-14T05:46:43Z
2026-09-14T05:45:40Z,2026-09-14T07:45:40+0200,651c044f-8b9e-4447-8180-ed0fd11aec35,2026-09-13T01:15:00Z,2026-09-13T03:15:00+0200,478.0,MW,ES,ES,forecast_solar_generation,Solar,2026-09-14T05:46:43Z
2026-09-14T05:45:40Z,2026-09-14T07:45:40+0200,651c044f-8b9e-4447-8180-ed0fd11aec35,2026-09-13T01:30:00Z,2026-09-13T03:30:00+0200,469.0,MW,ES,ES,forecast_solar_generation,Solar,2026-09-14T05:46:43Z
2026-09-14T05:45:40Z,2026-09-14T07:45:40+0200,651c044f-8b9e-4447-8180-ed0fd11aec35,2026-09-13T01:45:00Z,2026-09-13T03:45:00+0200,454.0,MW,ES,ES,forecast_solar_generation,Solar,2026-09-14T05:46:43Z
2026-09-14T05:45:40Z,2026-09-14T07:45:40+0200,651c044f-8b9e-4447-8180-ed0fd11aec35,2026-09-13T02:00:00Z,2026-09-13T04:00:00+0200,444.0,MW,ES,ES,forecast_solar_generation,Solar,2026-09-14T05:46:43Z
2026-09-14T05:45:40Z,2026-09-14T07:45:40+0200,651c044f-8b9e-4447-8180-ed0fd11aec35,2026-09-13T02:15:00Z,2026-09-13T04:15:00+0200,419.0,MW,ES,ES,forecast_solar_generation,Solar,2026-09-14T05:46:43Z
2026-09-14T05:45:40Z,2026-09-14T07:45:40+0200,651c044f-8b9e-4447-8180-ed0fd11aec35,2026-09-13T02:30:00Z,2026-09-13T04:30:00+0200,390.0,MW,ES,ES,forecast_solar_generation,Solar,2026-09-14T05:46:43Z
2026-09-14T05:45:40Z,2026-09-14T07:45:40+0200,651c044f-8b9e-4447-8180-ed0fd11aec35,2026-09-13T02:45:00Z,2026-09-13T04:45:00+0200,356.0,MW,ES,ES,forecast_solar_generation,Solar,2026-09-14T05:46:43Z
2026-09-14T05:45:40Z,2026-09-14T07:45:40+0200,651c044f-8b9e-4447-8180-ed0fd11aec35,2026-09-13T03:00:00Z,2026-09-13T05:00:00+0200,335.0,MW,ES,ES,forecast_solar_generation,Solar,2026-09-14T05:46:43Z
2026-09-14T05:45:40Z,2026-09-14T07:45:40+0200,651c044f-8b9e-4447-8180-ed0fd11aec35,2026-09-13T03:15:00Z,2026-09-13T05:15:00+0200,290.0,MW,ES,ES,forecast_solar_generation,Solar,2026-09-14T05:46:43Z
2026-09-14T05:45:40Z,2026-09-14T07:45:40+0200,651c044f-8b9e-4447-8180-ed0fd11aec35,2026-09-13T03:30:00Z,2026-09-13T05:30:00+0200,240.0,MW,ES,ES,forecast_solar_generation,Solar,2026-09-14T05:46:43Z
2026-09-14T05:45:40Z,2026-09-14T07:45:40+0200,651c044f-8b9e-4447-8180-ed0fd11aec35,2026-09-13T03:45:00Z,2026-09-13T05:45:00+0200,189.0,MW,ES,ES,forecast_solar_generation,Solar,2026-09-14T05:46:43Z
2026-09-14T05:45:40Z,2026-09-14T07:45:40+0200,651c044f-8b9e-4447-8180-ed0fd11aec35,2026-09-13T04:00:00Z,2026-09-13T06:00:00+0200,138.0,MW,ES,ES,forecast_solar_generation,Solar,2026-09-14T05:46:43Z
2026-09-14T05:45:40Z,2026-09-14T07:45:40+0200,651c044f-8b9e-4447-8180-ed0fd11aec35,2026-09-13T04:15:00Z,2026-09-13T06:15:00+0200,103.0,MW,ES,ES,forecast_solar_generation,Solar,2026-09-14T05:46:43Z
2026-09-14T05:45:40Z,2026-09-14T07:45:40+0200,651c044f-8b9e-4447-8180-ed0fd11aec35,2026-09-13T04:30:00Z,2026-09-13T06:30:00+0200,79.0,MW,ES,ES,forecast_solar_generation,Solar,2026-09-14T05:46:43Z
2026-09-14T05:45:40Z,2026-09-14T07:45:40+0200,651c044f-8b9e-4447-8180-ed0fd11aec35,2026-09-13T04:45:00Z,2026-09-13T06:45:00+0200,66.0,MW,ES,ES,forecast_solar_generation,Solar,2026-09-14T05:46:43Z
2026-09-14T05:45:40Z,2026-09-14T07:45:40+0200,651c044f-8b9e-4447-8180-ed0fd11aec35,2026-09-13T05:00:00Z,2026-09-13T07:00:00+0200,56.0,MW,ES,ES,forecast_solar_generation,Solar,2026-09-14T05:46:43Z
2026-09-14T05:45:40Z,2026-09-14T07:45:40+0200,651c044f-8b9e-4447-8180-ed0fd11aec35,2026-09-13T05:15:00Z,2026-09-13T07:15:00+0200,71.0,MW,ES,ES,forecast_solar_generation,Solar,2026-09-14T05:46:43Z
2026-09-14T05:45:40Z,2026-09-14T07:45:40+0200,651c044f-8b9e-4447-8180-ed0fd11aec35,2026-09-13T05:30:00Z,2026-09-13T07:30:00+0200,155.0,MW,ES,ES,forecast_solar_generation,Solar,2026-09-14T05:46:43Z
2026-09-14T05:45:40Z,2026-09-14T07:45:40+0200,651c044f-8b9e-4447-8180-ed0fd11aec35,2026-09-13T05:45:00Z,2026-09-13T07:45:00+0200,305.0,MW,ES,ES,forecast_solar_generation,Solar,2026-09-14T05:46:43Z
2026-09-14T05:45:40Z,2026-09-14T07:45:40+0200,651c044f-8b9e-4447-8180-ed0fd11aec35,2026-09-13T06:00:00Z,2026-09-13T08:00:00+0200,2033.0,MW,ES,ES,forecast_solar_generation,Solar,2026-09-14T05:46:43Z
2026-09-14T05:45:40Z,2026-09-14T07:45:40+0200,651c044f-8b9e-4447-8180-ed0fd11aec35,2026-09-13T06:15:00Z,2026-09-13T08:15:00+0200,3392.0,MW,ES,ES,forecast_solar_generation,Solar,2026-09-14T05:46:43Z
2026-09-14T05:45:40Z,2026-09-14T07:45:40+0200,651c044f-8b9e-4447-8180-ed0fd11aec35,2026-09-13T06:30:00Z,2026-09-13T08:30:00+0200,4974.0,MW,ES,ES,forecast_solar_generation,Solar,2026-09-14T05:46:43Z
2026-09-14T05:45:40Z,2026-09-14T07:45:40+0200,651c044f-8b9e-4447-8180-ed0fd11aec35,2026-09-13T06:45:00Z,2026-09-13T08:45:00+0200,6902.0,MW,ES,ES,forecast_solar_generation,Solar,2026-09-14T05:46:43Z
2026-09-14T05:45:40Z,2026-09-14T07:45:40+0200,651c044f-8b9e-4447-8180-ed0fd11aec35,2026-09-13T07:00:00Z,2026-09-13T09:00:00+0200,10395.0,MW,ES,ES,forecast_solar_generation,Solar,2026-09-14T05:46:43Z
2026-09-14T05:45:40Z,2026-09-14T07:45:40+0200,651c044f-8b9e-4447-8180-ed0fd11aec35,2026-09-13T07:15:00Z,2026-09-13T09:15:00+0200,12861.0,MW,ES,ES,forecast_solar_generation,Solar,2026-09-14T05:46:43Z
2026-09-14T05:45:40Z,2026-09-14T07:45:40+0200,651c044f-8b9e-4447-8180-ed0fd11aec35,2026-09-13T07:30:00Z,2026-09-13T09:30:00+0200,15112.0,MW,ES,ES,forecast_solar_generation,Solar,2026-09-14T05:46:43Z
2026-09-14T05:45:40Z,2026-09-14T07:45:40+0200,651c044f-8b9e-4447-8180-ed0fd11aec35,2026-09-13T07:45:00Z,2026-09-13T09:45:00+0200,16935.0,MW,ES,ES,forecast_solar_generation,Solar,2026-09-14T05:46:43Z
2026-09-14T05:45:40Z,2026-09-14T07:45:40+0200,651c044f-8b9e-4447-8180-ed0fd11aec35,2026-09-13T08:00:00Z,2026-09-13T10:00:00+0200,19309.0,MW,ES,ES,forecast_solar_generation,Solar,2026-09-14T05:46:43Z
2026-09-14T05:45:40Z,2026-09-14T07:45:40+0200,651c044f-8b9e-4447-8180-ed0fd11aec35,2026-09-13T08:15:00Z,2026-09-13T10:15:00+0200,20444.0,MW,ES,ES,forecast_solar_generation,Solar,2026-09-14T05:46:43Z
2026-09-14T05:45:40Z,2026-09-14T07:45:40+0200,651c044f-8b9e-4447-8180-ed0fd11aec35,2026-09-13T08:30:00Z,2026-09-13T10:30:00+0200,21285.0,MW,ES,ES,forecast_solar_generation,Solar,2026-09-14T05:46:43Z
2026-09-14T05:45:40Z,2026-09-14T07:45:40+0200,651c044f-8b9e-4447-8180-ed0fd11aec35,2026-09-13T08:45:00Z,2026-09-13T10:45:00+0200,21580.0,MW,ES,ES,forecast_solar_generation,Solar,2026-09-14T05:46:43Z
2026-09-14T05:45:40Z,2026-09-14T07:45:40+0200,651c044f-8b9e-4447-8180-ed0fd11aec35,2026-09-13T09:00:00Z,2026-09-13T11:00:00+0200,21987.0,MW,ES,ES,forecast_solar_generation,Solar,2026-09-14T05:46:43Z
2026-09-14T05:45:40Z,2026-09-14T07:45:40+0200,651c044f-8b9e-4447-8180-ed0fd11aec35,2026-09-13T09:15:00Z,2026-09-13T11:15:00+0200,22087.0,MW,ES,ES,forecast_solar_generation,Solar,2026-09-14T05:46:43Z
2026-09-14T05:45:40Z,2026-09-14T07:45:40+0200,651c044f-8b9e-4447-8180-ed0fd11aec35,2026-09-13T09:30:00Z,2026-09-13T11:30:00+0200,22200.0,MW,ES,ES,forecast_solar_generation,Solar,2026-09-14T05:46:43Z
2026-09-14T05:45:40Z,2026-09-14T07:45:40+0200,651c044f-8b9e-4447-8180-ed0fd11aec35,2026-09-13T09:45:00Z,2026-09-13T11:45:00+0200,22145.0,MW,ES,ES,forecast_solar_generation,Solar,2026-09-14T05:46:43Z
2026-09-14T05:45:40Z,2026-09-14T07:45:40+0200,651c044f-8b9e-4447-8180-ed0fd11aec35,2026-09-13T10:00:00Z,2026-09-13T12:00:00+0200,22076.0,MW,ES,ES,forecast_solar_generation,Solar,2026-09-14T05:46:43Z
2026-09-14T05:45:40Z,2026-09-14T07:45:40+0200,651c044f-8b9e-4447-8180-ed0fd11aec35,2026-09-13T10:15:00Z,2026-09-13T12:15:00+0200,22059.0,MW,ES,ES,forecast_solar_generation,Solar,2026-09-14T05:46:43Z
2026-09-14T05:45:40Z,2026-09-14T07:45:40+0200,651c044f-8b9e-4447-8180-ed0fd11aec35,2026-09-13T10:30:00Z,2026-09-13T12:30:00+0200,22009.0,MW,ES,ES,forecast_solar_generation,Solar,2026-09-14T05:46:43Z
2026-09-14T05:45:40Z,2026-09-14T07:45:40+0200,651c044f-8b9e-4447-8180-ed0fd11aec35,2026-09-13T10:45:00Z,2026-09-13T12:45:00+0200,21950.0,MW,ES,ES,forecast_solar_generation,Solar,2026-09-14T05:46:43Z
2026-09-14T05:45:40Z,2026-09-14T07:45:40+0200,651c044f-8b9e-4447-8180-ed0fd11aec35,2026-09-13T11:00:00Z,2026-09-13T13:00:00+0200,21659.0,MW,ES,ES,forecast_solar_generation,Solar,2026-09-14T05:46:43Z
2026-09-14T05:45:40Z,2026-09-14T07:45:40+0200,651c044f-8b9e-4447-8180-ed0fd11aec35,2026-09-13T11:15:00Z,2026-09-13T13:15:00+0200,21600.0,MW,ES,ES,forecast_solar_generation,Solar,2026-09-14T05:46:43Z
2026-09-14T05:45:40Z,2026-09-14T07:45:40+0200,651c044f-8b9e-4447-8180-ed0fd11aec35,2026-09-13T11:30:00Z,2026-09-13T13:30:00+0200,21515.0,MW,ES,ES,forecast_solar_generation,Solar,2026-09-14T05:46:43Z
2026-09-14T05:45:40Z,2026-09-14T07:45:40+0200,651c044f-8b9e-4447-8180-ed0fd11aec35,2026-09-13T11:45:00Z,2026-09-13T13:45:00+0200,21457.0,MW,ES,ES,forecast_solar_generation,Solar,2026-09-14T05:46:43Z
2026-09-14T05:45:40Z,2026-09-14T07:45:40+0200,651c044f-8b9e-4447-8180-ed0fd11aec35,2026-09-13T12:00:00Z,2026-09-13T14:00:00+0200,21783.0,MW,ES,ES,forecast_solar_generation,Solar,2026-09-14T05:46:43Z
2026-09-14T05:45:40Z,2026-09-14T07:45:40+0200,651c044f-8b9e-4447-8180-ed0fd11aec35,2026-09-13T12:15:00Z,2026-09-13T14:15:00+0200,21851.0,MW,ES,ES,forecast_solar_generation,Solar,2026-09-14T05:46:43Z
2026-09-14T05:45:40Z,2026-09-14T07:45:40+0200,651c044f-8b9e-4447-8180-ed0fd11aec35,2026-09-13T12:30:00Z,2026-09-13T14:30:00+0200,21874.0,MW,ES,ES,forecast_solar_generation,Solar,2026-09-14T05:46:43Z
2026-09-14T05:45:40Z,2026-09-14T07:45:40+0200,651c044f-8b9e-4447-8180-ed0fd11aec35,2026-09-13T12:45:00Z,2026-09-13T14:45:00+0200,21752.0,MW,ES,ES,forecast_solar_generation,Solar,2026-09-14T05:46:43Z
2026-09-14T05:45:40Z,2026-09-14T07:45:40+0200,651c044f-8b9e-4447-8180-ed0fd11aec35,2026-09-13T13:00:00Z,2026-09-13T15:00:00+0200,21680.0,MW,ES,ES,forecast_solar_generation,Solar,2026-09-14T05:46:43Z
2026-09-14T05:45:40Z,2026-09-14T07:45:40+0200,651c044f-8b9e-4447-8180-ed0fd11aec35,2026-09-13T13:15:00Z,2026-09-13T15:15:00+0200,21662.0,MW,ES,ES,forecast_solar_generation,Solar,2026-09-14T05:46:43Z
2026-09-14T05:45:40Z,2026-09-14T07:45:40+0200,651c044f-8b9e-4447-8180-ed0fd11aec35,2026-09-13T13:30:00Z,2026-09-13T15:30:00+0200,21606.0,MW,ES,ES,forecast_solar_generation,Solar,2026-09-14T05:46:43Z
2026-09-14T05:45:40Z,2026-09-14T07:45:40+0200,651c044f-8b9e-4447-8180-ed0fd11aec35,2026-09-13T13:45:00Z,2026-09-13T15:45:00+0200,21561.0,MW,ES,ES,forecast_solar_generation,Solar,2026-09-14T05:46:43Z
2026-09-14T05:45:40Z,2026-09-14T07:45:40+0200,651c044f-8b9e-4447-8180-ed0fd11aec35,2026-09-13T14:00:00Z,2026-09-13T16:00:00+0200,21695.0,MW,ES,ES,forecast_solar_generation,Solar,2026-09-14T05:46:43Z
2026-09-14T05:45:40Z,2026-09-14T07:45:40+0200,651c044f-8b9e-4447-8180-ed0fd11aec35,2026-09-13T14:15:00Z,2026-09-13T16:15:00+0200,21602.0,MW,ES,ES,forecast_solar_generation,Solar,2026-09-14T05:46:43Z
2026-09-14T05:45:40Z,2026-09-14T07:45:40+0200,651c044f-8b9e-4447-8180-ed0fd11aec35,2026-09-13T14:30:00Z,2026-09-13T16:30:00+0200,21480.0,MW,ES,ES,forecast_solar_generation,Solar,2026-09-14T05:46:43Z
2026-09-14T05:45:40Z,2026-09-14T07:45:40+0200,651c044f-8b9e-4447-8180-ed0fd11aec35,2026-09-13T14:45:00Z,2026-09-13T16:45:00+0200,21234.0,MW,ES,ES,forecast_solar_generation,Solar,2026-09-14T05:46:43Z
2026-09-14T05:45:40Z,2026-09-14T07:45:40+0200,651c044f-8b9e-4447-8180-ed0fd11aec35,2026-09-13T15:00:00Z,2026-09-13T17:00:00+0200,21514.0,MW,ES,ES,forecast_solar_generation,Solar,2026-09-14T05:46:43Z
2026-09-14T05:45:40Z,2026-09-14T07:45:40+0200,651c044f-8b9e-4447-8180-ed0fd11aec35,2026-09-13T15:15:00Z,2026-09-13T17:15:00+0200,21188.0,MW,ES,ES,forecast_solar_generation,Solar,2026-09-14T05:46:43Z
2026-09-14T05:45:40Z,2026-09-14T07:45:40+0200,651c044f-8b9e-4447-8180-ed0fd11aec35,2026-09-13T15:30:00Z,2026-09-13T17:30:00+0200,20776.0,MW,ES,ES,forecast_solar_generation,Solar,2026-09-14T05:46:43Z
2026-09-14T05:45:40Z,2026-09-14T07:45:40+0200,651c044f-8b9e-4447-8180-ed0fd11aec35,2026-09-13T15:45:00Z,2026-09-13T17:45:00+0200,20106.0,MW,ES,ES,forecast_solar_generation,Solar,2026-09-14T05:46:43Z
2026-09-14T05:45:40Z,2026-09-14T07:45:40+0200,651c044f-8b9e-4447-8180-ed0fd11aec35,2026-09-13T16:00:00Z,2026-09-13T18:00:00+0200,20440.0,MW,ES,ES,forecast_solar_generation,Solar,2026-09-14T05:46:43Z
2026-09-14T05:45:40Z,2026-09-14T07:45:40+0200,651c044f-8b9e-4447-8180-ed0fd11aec35,2026-09-13T16:15:00Z,2026-09-13T18:15:00+0200,19305.0,MW,ES,ES,forecast_solar_generation,Solar,2026-09-14T05:46:43Z
2026-09-14T05:45:40Z,2026-09-14T07:45:40+0200,651c044f-8b9e-4447-8180-ed0fd11aec35,2026-09-13T16:30:00Z,2026-09-13T18:30:00+0200,17678.0,MW,ES,ES,forecast_solar_generation,Solar,2026-09-14T05:46:43Z
2026-09-14T05:45:40Z,2026-09-14T07:45:40+0200,651c044f-8b9e-4447-8180-ed0fd11aec35,2026-09-13T16:45:00Z,2026-09-13T18:45:00+0200,15370.0,MW,ES,ES,forecast_solar_generation,Solar,2026-09-14T05:46:43Z
2026-09-14T05:45:40Z,2026-09-14T07:45:40+0200,651c044f-8b9e-4447-8180-ed0fd11aec35,2026-09-13T17:00:00Z,2026-09-13T19:00:00+0200,13337.0,MW,ES,ES,forecast_solar_generation,Solar,2026-09-14T05:46:43Z
2026-09-14T05:45:40Z,2026-09-14T07:45:40+0200,651c044f-8b9e-4447-8180-ed0fd11aec35,2026-09-13T17:15:00Z,2026-09-13T19:15:00+0200,10577.0,MW,ES,ES,forecast_solar_generation,Solar,2026-09-14T05:46:43Z
2026-09-14T05:45:40Z,2026-09-14T07:45:40+0200,651c044f-8b9e-4447-8180-ed0fd11aec35,2026-09-13T17:30:00Z,2026-09-13T19:30:00+0200,7910.0,MW,ES,ES,forecast_solar_generation,Solar,2026-09-14T05:46:43Z
2026-09-14T05:45:40Z,2026-09-14T07:45:40+0200,651c044f-8b9e-4447-8180-ed0fd11aec35,2026-09-13T17:45:00Z,2026-09-13T19:45:00+0200,5472.0,MW,ES,ES,forecast_solar_generation,Solar,2026-09-14T05:46:43Z
2026-09-14T05:45:40Z,2026-09-14T07:45:40+0200,651c044f-8b9e-4447-8180-ed0fd11aec35,2026-09-13T18:00:00Z,2026-09-13T20:00:00+0200,3661.0,MW,ES,ES,forecast_solar_generation,Solar,2026-09-14T05:46:43Z
2026-09-14T05:45:40Z,2026-09-14T07:45:40+0200,651c044f-8b9e-4447-8180-ed0fd11aec35,2026-09-13T18:15:00Z,2026-09-13T20:15:00+0200,2099.0,MW,ES,ES,forecast_solar_generation,Solar,2026-09-14T05:46:43Z
2026-09-14T05:45:40Z,2026-09-14T07:45:40+0200,651c044f-8b9e-4447-8180-ed0fd11aec35,2026-09-13T18:30:00Z,2026-09-13T20:30:00+0200,1159.0,MW,ES,ES,forecast_solar_generation,Solar,2026-09-14T05:46:43Z
2026-09-14T05:45:40Z,2026-09-14T07:45:40+0200,651c044f-8b9e-4447-8180-ed0fd11aec35,2026-09-13T18:45:00Z,2026-09-13T20:45:00+0200,722.0,MW,ES,ES,forecast_solar_generation,Solar,2026-09-14T05:46:43Z
2026-09-14T05:45:40Z,2026-09-14T07:45:40+0200,651c044f-8b9e-4447-8180-ed0fd11aec35,2026-09-13T19:00:00Z,2026-09-13T21:00:00+0200,635.0,MW,ES,ES,forecast_solar_generation,Solar,2026-09-14T05:46:43Z
2026-09-14T05:45:40Z,2026-09-14T07:45:40+0200,651c044f-8b9e-4447-8180-ed0fd11aec35,2026-09-13T19:15:00Z,2026-09-13T21:15:00+0200,606.0,MW,ES,ES,forecast_solar_generation,Solar,2026-09-14T05:46:43Z
2026-09-14T05:45:40Z,2026-09-14T07:45:40+0200,651c044f-8b9e-4447-8180-ed0fd11aec35,2026-09-13T19:30:00Z,2026-09-13T21:30:00+0200,586.0,MW,ES,ES,forecast_solar_generation,Solar,2026-09-14T05:46:43Z
2026-09-14T05:45:40Z,2026-09-14T07:45:40+0200,651c044f-8b9e-4447-8180-ed0fd11aec35,2026-09-13T19:45:00Z,2026-09-13T21:45:00+0200,571.0,MW,ES,ES,forecast_solar_generation,Solar,2026-09-14T05:46:43Z
2026-09-14T05:45:40Z,2026-09-14T07:45:40+0200,651c044f-8b9e-4447-8180-ed0fd11aec35,2026-09-13T20:00:00Z,2026-09-13T22:00:00+0200,556.0,MW,ES,ES,forecast_solar_generation,Solar,2026-09-14T05:46:43Z
2026-09-14T05:45:40Z,2026-09-14T07:45:40+0200,651c044f-8b9e-4447-8180-ed0fd11aec35,2026-09-13T20:15:00Z,2026-09-13T22:15:00+0200,549.0,MW,ES,ES,forecast_solar_generation,Solar,2026-09-14T05:46:43Z
2026-09-14T05:45:40Z,2026-09-14T07:45:40+0200,651c044f-8b9e-4447-8180-ed0fd11aec35,2026-09-13T20:30:00Z,2026-09-13T22:30:00+0200,544.0,MW,ES,ES,forecast_solar_generation,Solar,2026-09-14T05:46:43Z
2026-09-14T05:45:40Z,2026-09-14T07:45:40+0200,651c044f-8b9e-4447-8180-ed0fd11aec35,2026-09-13T20:45:00Z,2026-09-13T22:45:00+0200,540.0,MW,ES,ES,forecast_solar_generation,Solar,2026-09-14T05:46:43Z
2026-09-14T05:45:40Z,2026-09-14T07:45:40+0200,651c044f-8b9e-4447-8180-ed0fd11aec35,2026-09-13T21:00:00Z,2026-09-13T23:00:00+0200,539.0,MW,ES,ES,forecast_solar_generation,Solar,2026-09-14T05:46:43Z
2026-09-14T05:45:40Z,2026-09-14T07:45:40+0200,651c044f-8b9e-4447-8180-ed0fd11aec35,2026-09-13T21:15:00Z,2026-09-13T23:15:00+0200,533.0,MW,ES,ES,forecast_solar_generation,Solar,2026-09-14T05:46:43Z
2026-09-14T05:45:40Z,2026-09-14T07:45:40+0200,651c044f-8b9e-4447-8180-ed0fd11aec35,2026-09-13T21:30:00Z,2026-09-13T23:30:00+0200,524.0,MW,ES,ES,forecast_solar_generation,Solar,2026-09-14T05:46:43Z
2026-09-14T05:45:40Z,2026-09-14T07:45:40+0200,651c044f-8b9e-4447-8180-ed0fd11aec35,2026-09-13T21:45:00Z,2026-09-13T23:45:00+0200,514.0,MW,ES,ES,forecast_solar_generation,Solar,2026-09-14T05:46:43Z
2026-09-14T05:45:40Z,2026-09-14T07:45:40+0200,651c044f-8b9e-4447-8180-ed0fd11aec35,2026-09-13T22:00:00Z,2026-09-14T00:00:00+0200,508.0,MW,ES,ES,forecast_solar_generation,Solar,2026-09-14T05:46:43Z
2026-09-14T05:45:40Z,2026-09-14T07:45:40+0200,651c044f-8b9e-4447-8180-ed0fd11aec35,2026-09-13T22:15:00Z,2026-09-14T00:15:00+0200,500.0,MW,ES,ES,forecast_solar_generation,Solar,2026-09-14T05:46:43Z
2026-09-14T05:45:40Z,2026-09-14T07:45:40+0200,651c044f-8b9e-4447-8180-ed0fd11aec35,2026-09-13T22:30:00Z,2026-09-14T00:30:00+0200,496.0,MW,ES,ES,forecast_solar_generation,Solar,2026-09-14T05:46:43Z
2026-09-14T05:45:40Z,2026-09-14T07:45:40+0200,651c044f-8b9e-4447-8180-ed0fd11aec35,2026-09-13T22:45:00Z,2026-09-14T00:45:00+0200,495.0,MW,ES,ES,forecast_solar_generation,Solar,2026-09-14T05:46:43Z
2026-09-14T05:45:40Z,2026-09-14T07:45:40+0200,651c044f-8b9e-4447-8180-ed0fd11aec35,2026-09-13T23:00:00Z,2026-09-14T01:00:00+0200,496.0,MW,ES,ES,forecast_solar_generation,Solar,2026-09-14T05:46:43Z
2026-09-14T05:45:40Z,2026-09-14T07:45:40+0200,651c044f-8b9e-4447-8180-ed0fd11aec35,2026-09-13T23:15:00Z,2026-09-14T01:15:00+0200,497.0,MW,ES,ES,forecast_solar_generation,Solar,2026-09-14T05:46:43Z
2026-09-14T05:45:40Z,2026-09-14T07:45:40+0200,651c044f-8b9e-4447-8180-ed0fd11aec35,2026-09-13T23:30:00Z,2026-09-14T01:30:00+0200,496.0,MW,ES,ES,forecast_solar_generation,Solar,2026-09-14T05:46:43Z
2026-09-14T05:45:40Z,2026-09-14T07:45:40+0200,651c044f-8b9e-4447-8180-ed0fd11aec35,2026-09-13T23:45:00Z,2026-09-14T01:45:00+0200,495.0,MW,ES,ES,forecast_solar_generation,Solar,2026-09-14T05:46:43Z
2026-09-14T05:45:40Z,2026-09-14T07:45:40+0200,651c044f-8b9e-4447-8180-ed0fd11aec35,2026-09-14T00:00:00Z,2026-09-14T02:00:00+0200,493.0,MW,ES,ES,forecast_solar_generation,Solar,2026-09-14T05:46:43Z
2026-09-14T05:45:40Z,2026-09-14T07:45:40+0200,651c044f-8b9e-4447-8180-ed0fd11aec35,2026-09-14T00:15:00Z,2026-09-14T02:15:00+0200,493.0,MW,ES,ES,forecast_solar_generation,Solar,2026-09-14T05:46:43Z
2026-09-14T05:45:40Z,2026-09-14T07:45:40+0200,651c044f-8b9e-4447-8180-ed0fd11aec35,2026-09-14T00:30:00Z,2026-09-14T02:30:00+0200,493.0,MW,ES,ES,forecast_solar_generation,Solar,2026-09-14T05:46:43Z
2026-09-14T05:45:40Z,2026-09-14T07:45:40+0200,651c044f-8b9e-4447-8180-ed0fd11aec35,2026-09-14T00:45:00Z,2026-09-14T02:45:00+0200,492.0,MW,ES,ES,forecast_solar_generation,Solar,2026-09-14T05:46:43Z
2026-09-14T05:45:40Z,2026-09-14T07:45:40+0200,651c044f-8b9e-4447-8180-ed0fd11aec35,2026-09-14T01:00:00Z,2026-09-14T03:00:00+0200,498.0,MW,ES,ES,forecast_solar_generation,Solar,2026-09-14T05:46:43Z
2026-09-14T05:45:40Z,2026-09-14T07:45:40+0200,651c044f-8b9e-4447-8180-ed0fd11aec35,2026-09-14T01:15:00Z,2026-09-14T03:15:00+0200,493.0,MW,ES,ES,forecast_solar_generation,Solar,2026-09-14T05:46:43Z
2026-09-14T05:45:40Z,2026-09-14T07:45:40+0200,651c044f-8b9e-4447-8180-ed0fd11aec35,2026-09-14T01:30:00Z,2026-09-14T03:30:00+0200,483.0,MW,ES,ES,forecast_solar_generation,Solar,2026-09-14T05:46:43Z
2026-09-14T05:45:40Z,2026-09-14T07:45:40+0200,651c044f-8b9e-4447-8180-ed0fd11aec35,2026-09-14T01:45:00Z,2026-09-14T03:45:00+0200,467.0,MW,ES,ES,forecast_solar_generation,Solar,2026-09-14T05:46:43Z
2026-09-14T05:45:40Z,2026-09-14T07:45:40+0200,651c044f-8b9e-4447-8180-ed0fd11aec35,2026-09-14T02:00:00Z,2026-09-14T04:00:00+0200,465.0,MW,ES,ES,forecast_solar_generation,Solar,2026-09-14T05:46:43Z
2026-09-14T05:45:40Z,2026-09-14T07:45:40+0200,651c044f-8b9e-4447-8180-ed0fd11aec35,2026-09-14T02:15:00Z,2026-09-14T04:15:00+0200,431.0,MW,ES,ES,forecast_solar_generation,Solar,2026-09-14T05:46:43Z
2026-09-14T05:45:40Z,2026-09-14T07:45:40+0200,651c044f-8b9e-4447-8180-ed0fd11aec35,2026-09-14T02:30:00Z,2026-09-14T04:30:00+0200,387.0,MW,ES,ES,forecast_solar_generation,Solar,2026-09-14T05:46:43Z
2026-09-14T05:45:40Z,2026-09-14T07:45:40+0200,651c044f-8b9e-4447-8180-ed0fd11aec35,2026-09-14T02:45:00Z,2026-09-14T04:45:00+0200,338.0,MW,ES,ES,forecast_solar_generation,Solar,2026-09-14T05:46:43Z
2026-09-14T05:45:40Z,2026-09-14T07:45:40+0200,651c044f-8b9e-4447-8180-ed0fd11aec35,2026-09-14T03:00:00Z,2026-09-14T05:00:00+0200,290.0,MW,ES,ES,forecast_solar_generation,Solar,2026-09-14T05:46:43Z
2026-09-14T05:45:40Z,2026-09-14T07:45:40+0200,651c044f-8b9e-4447-8180-ed0fd11aec35,2026-09-14T03:15:00Z,2026-09-14T05:15:00+0200,243.0,MW,ES,ES,forecast_solar_generation,Solar,2026-09-14T05:46:43Z
2026-09-14T05:45:40Z,2026-09-14T07:45:40+0200,651c044f-8b9e-4447-8180-ed0fd11aec35,2026-09-14T03:30:00Z,2026-09-14T05:30:00+0200,203.0,MW,ES,ES,forecast_solar_generation,Solar,2026-09-14T05:46:43Z
2026-09-14T05:45:40Z,2026-09-14T07:45:40+0200,651c044f-8b9e-4447-8180-ed0fd11aec35,2026-09-14T03:45:00Z,2026-09-14T05:45:00+0200,170.0,MW,ES,ES,forecast_solar_generation,Solar,2026-09-14T05:46:43Z
2026-09-14T05:45:40Z,2026-09-14T07:45:40+0200,651c044f-8b9e-4447-8180-ed0fd11aec35,2026-09-14T04:00:00Z,2026-09-14T06:00:00+0200,145.0,MW,ES,ES,forecast_solar_generation,Solar,2026-09-14T05:46:43Z
2026-09-14T05:45:40Z,2026-09-14T07:45:40+0200,651c044f-8b9e-4447-8180-ed0fd11aec35,2026-09-14T04:15:00Z,2026-09-14T06:15:00+0200,120.0,MW,ES,ES,forecast_solar_generation,Solar,2026-09-14T05:46:43Z
2026-09-14T05:45:40Z,2026-09-14T07:45:40+0200,651c044f-8b9e-4447-8180-ed0fd11aec35,2026-09-14T04:30:00Z,2026-09-14T06:30:00+0200,97.0,MW,ES,ES,forecast_solar_generation,Solar,2026-09-14T05:46:43Z
2026-09-14T05:45:40Z,2026-09-14T07:45:40+0200,651c044f-8b9e-4447-8180-ed0fd11aec35,2026-09-14T04:45:00Z,2026-09-14T06:45:00+0200,78.0,MW,ES,ES,forecast_solar_generation,Solar,2026-09-14T05:46:43Z
2026-09-14T05:45:40Z,2026-09-14T07:45:40+0200,651c044f-8b9e-4447-8180-ed0fd11aec35,2026-09-14T05:00:00Z,2026-09-14T07:00:00+0200,55.0,MW,ES,ES,forecast_solar_generation,Solar,2026-09-14T05:46:43Z
2026-09-14T05:45:40Z,2026-09-14T07:45:40+0200,651c044f-8b9e-4447-8180-ed0fd11aec35,2026-09-14T05:15:00Z,2026-09-14T07:15:00+0200,57.0,MW,ES,ES,forecast_solar_generation,Solar,2026-09-14T05:46:43Z
2026-09-14T05:45:40Z,2026-09-14T07:45:40+0200,651c044f-8b9e-4447-8180-ed0fd11aec35,2026-09-14T05:30:00Z,2026-09-14T07:30:00+0200,118.0,MW,ES,ES,forecast_solar_generation,Solar,2026-09-14T05:46:43Z
2026-09-14T05:45:40Z,2026-09-14T07:45:40+0200,651c044f-8b9e-4447-8180-ed0fd11aec35,2026-09-14T05:45:00Z,2026-09-14T07:45:00+0200,227.0,MW,ES,ES,forecast_solar_generation,Solar,2026-09-14T05:46:43Z
2026-09-14T05:45:40Z,2026-09-14T07:45:40+0200,651c044f-8b9e-4447-8180-ed0fd11aec35,2026-09-14T06:00:00Z,2026-09-14T08:00:00+0200,1888.0,MW,ES,ES,forecast_solar_generation,Solar,2026-09-14T05:46:52Z
2026-09-14T05:45:40Z,2026-09-14T07:45:40+0200,651c044f-8b9e-4447-8180-ed0fd11aec35,2026-09-14T06:15:00Z,2026-09-14T08:15:00+0200,3236.0,MW,ES,ES,forecast_solar_generation,Solar,2026-09-14T05:46:52Z
2026-09-14T05:45:40Z,2026-09-14T07:45:40+0200,651c044f-8b9e-4447-8180-ed0fd11aec35,2026-09-14T06:30:00Z,2026-09-14T08:30:00+0200,4930.0,MW,ES,ES,forecast_solar_generation,Solar,2026-09-14T05:46:52Z
2026-09-14T05:45:40Z,2026-09-14T07:45:40+0200,651c044f-8b9e-4447-8180-ed0fd11aec35,2026-09-14T06:45:00Z,2026-09-14T08:45:00+0200,6866.0,MW,ES,ES,forecast_solar_generation,Solar,2026-09-14T05:46:52Z
2026-09-14T05:45:40Z,2026-09-14T07:45:40+0200,651c044f-8b9e-4447-8180-ed0fd11aec35,2026-09-14T07:00:00Z,2026-09-14T09:00:00+0200,10579.0,MW,ES,ES,forecast_solar_generation,Solar,2026-09-14T05:46:52Z
2026-09-14T05:45:40Z,2026-09-14T07:45:40+0200,651c044f-8b9e-4447-8180-ed0fd11aec35,2026-09-14T07:15:00Z,2026-09-14T09:15:00+0200,13210.0,MW,ES,ES,forecast_solar_generation,Solar,2026-09-14T05:46:52Z
2026-09-14T05:45:40Z,2026-09-14T07:45:40+0200,651c044f-8b9e-4447-8180-ed0fd11aec35,2026-09-14T07:30:00Z,2026-09-14T09:30:00+0200,15375.0,MW,ES,ES,forecast_solar_generation,Solar,2026-09-14T05:46:52Z
2026-09-14T05:45:40Z,2026-09-14T07:45:40+0200,651c044f-8b9e-4447-8180-ed0fd11aec35,2026-09-14T07:45:00Z,2026-09-14T09:45:00+0200,17187.0,MW,ES,ES,forecast_solar_generation,Solar,2026-09-14T05:46:52Z
2026-09-14T05:45:40Z,2026-09-14T07:45:40+0200,651c044f-8b9e-4447-8180-ed0fd11aec35,2026-09-14T08:00:00Z,2026-09-14T10:00:00+0200,20276.0,MW,ES,ES,forecast_solar_generation,Solar,2026-09-14T05:46:52Z
2026-09-14T05:45:40Z,2026-09-14T07:45:40+0200,651c044f-8b9e-4447-8180-ed0fd11aec35,2026-09-14T08:15:00Z,2026-09-14T10:15:00+0200,21572.0,MW,ES,ES,forecast_solar_generation,Solar,2026-09-14T05:46:52Z
2026-09-14T05:45:40Z,2026-09-14T07:45:40+0200,651c044f-8b9e-4447-8180-ed0fd11aec35,2026-09-14T08:30:00Z,2026-09-14T10:30:00+0200,22457.0,MW,ES,ES,forecast_solar_generation,Solar,2026-09-14T05:46:52Z
2026-09-14T05:45:40Z,2026-09-14T07:45:40+0200,651c044f-8b9e-4447-8180-ed0fd11aec35,2026-09-14T08:45:00Z,2026-09-14T10:45:00+0200,23032.0,MW,ES,ES,forecast_solar_generation,Solar,2026-09-14T05:46:52Z
2026-09-14T05:45:40Z,2026-09-14T07:45:40+0200,651c044f-8b9e-4447-8180-ed0fd11aec35,2026-09-14T09:00:00Z,2026-09-14T11:00:00+0200,23762.0,MW,ES,ES,forecast_solar_generation,Solar,2026-09-14T05:46:52Z
2026-09-14T05:45:40Z,2026-09-14T07:45:40+0200,651c044f-8b9e-4447-8180-ed0fd11aec35,2026-09-14T09:15:00Z,2026-09-14T11:15:00+0200,23963.0,MW,ES,ES,forecast_solar_generation,Solar,2026-09-14T05:46:52Z
2026-09-14T05:45:40Z,2026-09-14T07:45:40+0200,651c044f-8b9e-4447-8180-ed0fd11aec35,2026-09-14T09:30:00Z,2026-09-14T11:30:00+0200,24145.0,MW,ES,ES,forecast_solar_generation,Solar,2026-09-14T05:46:52Z
2026-09-14T05:45:40Z,2026-09-14T07:45:40+0200,651c044f-8b9e-4447-8180-ed0fd11aec35,2026-09-14T09:45:00Z,2026-09-14T11:45:00+0200,23881.0,MW,ES,ES,forecast_solar_generation,Solar,2026-09-14T05:46:52Z
2026-09-14T05:45:40Z,2026-09-14T07:45:40+0200,651c044f-8b9e-4447-8180-ed0fd11aec35,2026-09-14T10:00:00Z,2026-09-14T12:00:00+0200,24193.0,MW,ES,ES,forecast_solar_generation,Solar,2026-09-14T05:46:52Z
2026-09-14T05:45:40Z,2026-09-14T07:45:40+0200,651c044f-8b9e-4447-8180-ed0fd11aec35,2026-09-14T10:15:00Z,2026-09-14T12:15:00+0200,24233.0,MW,ES,ES,forecast_solar_generation,Solar,2026-09-14T05:46:52Z
2026-09-14T05:45:40Z,2026-09-14T07:45:40+0200,651c044f-8b9e-4447-8180-ed0fd11aec35,2026-09-14T10:30:00Z,2026-09-14T12:30:00+0200,24218.0,MW,ES,ES,forecast_solar_generation,Solar,2026-09-14T05:46:52Z
2026-09-14T05:45:40Z,2026-09-14T07:45:40+0200,651c044f-8b9e-4447-8180-ed0fd11aec35,2026-09-14T10:45:00Z,2026-09-14T12:45:00+0200,23953.0,MW,ES,ES,forecast_solar_generation,Solar,2026-09-14T05:46:52Z
2026-09-14T05:45:40Z,2026-09-14T07:45:40+0200,651c044f-8b9e-4447-8180-ed0fd11aec35,2026-09-14T11:00:00Z,2026-09-14T13:00:00+0200,23799.0,MW,ES,ES,forecast_solar_generation,Solar,2026-09-14T05:46:52Z
2026-09-14T05:45:40Z,2026-09-14T07:45:40+0200,651c044f-8b9e-4447-8180-ed0fd11aec35,2026-09-14T11:15:00Z,2026-09-14T13:15:00+0200,23758.0,MW,ES,ES,forecast_solar_generation,Solar,2026-09-14T05:46:52Z
2026-09-14T05:45:40Z,2026-09-14T07:45:40+0200,651c044f-8b9e-4447-8180-ed0fd11aec35,2026-09-14T11:30:00Z,2026-09-14T13:30:00+0200,23759.0,MW,ES,ES,forecast_solar_generation,Solar,2026-09-14T05:46:52Z
2026-09-14T05:45:40Z,2026-09-14T07:45:40+0200,651c044f-8b9e-4447-8180-ed0fd11aec35,2026-09-14T11:45:00Z,2026-09-14T13:45:00+0200,23800.0,MW,ES,ES,forecast_solar_generation,Solar,2026-09-14T05:46:52Z
2026-09-14T05:45:40Z,2026-09-14T07:45:40+0200,651c044f-8b9e-4447-8180-ed0fd11aec35,2026-09-14T12:00:00Z,2026-09-14T14:00:00+0200,24071.0,MW,ES,ES,forecast_solar_generation,Solar,2026-09-14T05:46:52Z
2026-09-14T05:45:40Z,2026-09-14T07:45:40+0200,651c044f-8b9e-4447-8180-ed0fd11aec35,2026-09-14T12:15:00Z,2026-09-14T14:15:00+0200,24108.0,MW,ES,ES,forecast_solar_generation,Solar,2026-09-14T05:46:52Z
2026-09-14T05:45:40Z,2026-09-14T07:45:40+0200,651c044f-8b9e-4447-8180-ed0fd11aec35,2026-09-14T12:30:00Z,2026-09-14T14:30:00+0200,24108.0,MW,ES,ES,forecast_solar_generation,Solar,2026-09-14T05:46:52Z
2026-09-14T05:45:40Z,2026-09-14T07:45:40+0200,651c044f-8b9e-4447-8180-ed0fd11aec35,2026-09-14T12:45:00Z,2026-09-14T14:45:00+0200,23785.0,MW,ES,ES,forecast_solar_generation,Solar,2026-09-14T05:46:52Z
2026-09-14T05:45:40Z,2026-09-14T07:45:40+0200,651c044f-8b9e-4447-8180-ed0fd11aec35,2026-09-14T13:00:00Z,2026-09-14T15:00:00+0200,23746.0,MW,ES,ES,forecast_solar_generation,Solar,2026-09-14T05:46:52Z
2026-09-14T05:45:40Z,2026-09-14T07:45:40+0200,651c044f-8b9e-4447-8180-ed0fd11aec35,2026-09-14T13:15:00Z,2026-09-14T15:15:00+0200,23710.0,MW,ES,ES,forecast_solar_generation,Solar,2026-09-14T05:46:52Z
2026-09-14T05:45:40Z,2026-09-14T07:45:40+0200,651c044f-8b9e-4447-8180-ed0fd11aec35,2026-09-14T13:30:00Z,2026-09-14T15:30:00+0200,23679.0,MW,ES,ES,forecast_solar_generation,Solar,2026-09-14T05:46:52Z
2026-09-14T05:45:40Z,2026-09-14T07:45:40+0200,651c044f-8b9e-4447-8180-ed0fd11aec35,2026-09-14T13:45:00Z,2026-09-14T15:45:00+0200,23641.0,MW,ES,ES,forecast_solar_generation,Solar,2026-09-14T05:46:52Z
2026-09-14T05:45:40Z,2026-09-14T07:45:40+0200,651c044f-8b9e-4447-8180-ed0fd11aec35,2026-09-14T14:00:00Z,2026-09-14T16:00:00+0200,23657.0,MW,ES,ES,forecast_solar_generation,Solar,2026-09-14T05:46:52Z
2026-09-14T05:45:40Z,2026-09-14T07:45:40+0200,651c044f-8b9e-4447-8180-ed0fd11aec35,2026-09-14T14:15:00Z,2026-09-14T16:15:00+0200,23531.0,MW,ES,ES,forecast_solar_generation,Solar,2026-09-14T05:46:52Z
2026-09-14T05:45:40Z,2026-09-14T07:45:40+0200,651c044f-8b9e-4447-8180-ed0fd11aec35,2026-09-14T14:30:00Z,2026-09-14T16:30:00+0200,23331.0,MW,ES,ES,forecast_solar_generation,Solar,2026-09-14T05:46:52Z
2026-09-14T05:45:40Z,2026-09-14T07:45:40+0200,651c044f-8b9e-4447-8180-ed0fd11aec35,2026-09-14T14:45:00Z,2026-09-14T16:45:00+0200,22681.0,MW,ES,ES,forecast_solar_generation,Solar,2026-09-14T05:46:52Z
2026-09-14T05:45:40Z,2026-09-14T07:45:40+0200,651c044f-8b9e-4447-8180-ed0fd11aec35,2026-09-14T15:00:00Z,2026-09-14T17:00:00+0200,22489.0,MW,ES,ES,forecast_solar_generation,Solar,2026-09-14T05:46:52Z
2026-09-14T05:45:40Z,2026-09-14T07:45:40+0200,651c044f-8b9e-4447-8180-ed0fd11aec35,2026-09-14T15:15:00Z,2026-09-14T17:15:00+0200,22027.0,MW,ES,ES,forecast_solar_generation,Solar,2026-09-14T05:46:52Z
2026-09-14T05:45:40Z,2026-09-14T07:45:40+0200,651c044f-8b9e-4447-8180-ed0fd11aec35,2026-09-14T15:30:00Z,2026-09-14T17:30:00+0200,21400.0,MW,ES,ES,forecast_solar_generation,Solar,2026-09-14T05:46:52Z
2026-09-14T05:45:40Z,2026-09-14T07:45:40+0200,651c044f-8b9e-4447-8180-ed0fd11aec35,2026-09-14T15:45:00Z,2026-09-14T17:45:00+0200,20295.0,MW,ES,ES,forecast_solar_generation,Solar,2026-09-14T05:46:52Z
2026-09-14T05:45:40Z,2026-09-14T07:45:40+0200,651c044f-8b9e-4447-8180-ed0fd11aec35,2026-09-14T16:00:00Z,2026-09-14T18:00:00+0200,19592.0,MW,ES,ES,forecast_solar_generation,Solar,2026-09-14T05:46:52Z
2026-09-14T05:45:40Z,2026-09-14T07:45:40+0200,651c044f-8b9e-4447-8180-ed0fd11aec35,2026-09-14T16:15:00Z,2026-09-14T18:15:00+0200,18315.0,MW,ES,ES,forecast_solar_generation,Solar,2026-09-14T05:46:52Z
2026-09-14T05:45:40Z,2026-09-14T07:45:40+0200,651c044f-8b9e-4447-8180-ed0fd11aec35,2026-09-14T16:30:00Z,2026-09-14T18:30:00+0200,16793.0,MW,ES,ES,forecast_solar_generation,Solar,2026-09-14T05:46:52Z
2026-09-14T05:45:40Z,2026-09-14T07:45:40+0200,651c044f-8b9e-4447-8180-ed0fd11aec35,2026-09-14T16:45:00Z,2026-09-14T18:45:00+0200,14817.0,MW,ES,ES,forecast_solar_generation,Solar,2026-09-14T05:46:52Z
2026-09-14T05:45:40Z,2026-09-14T07:45:40+0200,651c044f-8b9e-4447-8180-ed0fd11aec35,2026-09-14T17:00:00Z,2026-09-14T19:00:00+0200,13121.0,MW,ES,ES,forecast_solar_generation,Solar,2026-09-14T05:46:52Z
2026-09-14T05:45:40Z,2026-09-14T07:45:40+0200,651c044f-8b9e-4447-8180-ed0fd11aec35,2026-09-14T17:15:00Z,2026-09-14T19:15:00+0200,10462.0,MW,ES,ES,forecast_solar_generation,Solar,2026-09-14T05:46:52Z
2026-09-14T05:45:40Z,2026-09-14T07:45:40+0200,651c044f-8b9e-4447-8180-ed0fd11aec35,2026-09-14T17:30:00Z,2026-09-14T19:30:00+0200,7687.0,MW,ES,ES,forecast_solar_generation,Solar,2026-09-14T05:46:52Z
2026-09-14T05:45:40Z,2026-09-14T07:45:40+0200,651c044f-8b9e-4447-8180-ed0fd11aec35,2026-09-14T17:45:00Z,2026-09-14T19:45:00+0200,5441.0,MW,ES,ES,forecast_solar_generation,Solar,2026-09-14T05:46:52Z
2026-09-14T05:45:40Z,2026-09-14T07:45:40+0200,651c044f-8b9e-4447-8180-ed0fd11aec35,2026-09-14T18:00:00Z,2026-09-14T20:00:00+0200,3349.0,MW,ES,ES,forecast_solar_generation,Solar,2026-09-14T05:46:52Z
2026-09-14T05:45:40Z,2026-09-14T07:45:40+0200,651c044f-8b9e-4447-8180-ed0fd11aec35,2026-09-14T18:15:00Z,2026-09-14T20:15:00+0200,1880.0,MW,ES,ES,forecast_solar_generation,Solar,2026-09-14T05:46:52Z
2026-09-14T05:45:40Z,2026-09-14T07:45:40+0200,651c044f-8b9e-4447-8180-ed0fd11aec35,2026-09-14T18:30:00Z,2026-09-14T20:30:00+0200,1020.0,MW,ES,ES,forecast_solar_generation,Solar,2026-09-14T05:46:52Z
2026-09-14T05:45:40Z,2026-09-14T07:45:40+0200,651c044f-8b9e-4447-8180-ed0fd11aec35,2026-09-14T18:45:00Z,2026-09-14T20:45:00+0200,675.0,MW,ES,ES,forecast_solar_generation,Solar,2026-09-14T05:46:52Z
2026-09-14T05:45:40Z,2026-09-14T07:45:40+0200,651c044f-8b9e-4447-8180-ed0fd11aec35,2026-09-14T19:00:00Z,2026-09-14T21:00:00+0200,611.0,MW,ES,ES,forecast_solar_generation,Solar,2026-09-14T05:46:52Z
2026-09-14T05:45:40Z,2026-09-14T07:45:40+0200,651c044f-8b9e-4447-8180-ed0fd11aec35,2026-09-14T19:15:00Z,2026-09-14T21:15:00+0200,580.0,MW,ES,ES,forecast_solar_generation,Solar,2026-09-14T05:46:52Z
2026-09-14T05:45:40Z,2026-09-14T07:45:40+0200,651c044f-8b9e-4447-8180-ed0fd11aec35,2026-09-14T19:30:00Z,2026-09-14T21:30:00+0200,559.0,MW,ES,ES,forecast_solar_generation,Solar,2026-09-14T05:46:52Z
2026-09-14T05:45:40Z,2026-09-14T07:45:40+0200,651c044f-8b9e-4447-8180-ed0fd11aec35,2026-09-14T19:45:00Z,2026-09-14T21:45:00+0200,544.0,MW,ES,ES,forecast_solar_generation,Solar,2026-09-14T05:46:52Z
2026-09-14T05:45:40Z,2026-09-14T07:45:40+0200,651c044f-8b9e-4447-8180-ed0fd11aec35,2026-09-14T20:00:00Z,2026-09-14T22:00:00+0200,527.0,MW,ES,ES,forecast_solar_generation,Solar,2026-09-14T05:46:52Z
2026-09-14T05:45:40Z,2026-09-14T07:45:40+0200,651c044f-8b9e-4447-8180-ed0fd11aec35,2026-09-14T20:15:00Z,2026-09-14T22:15:00+0200,523.0,MW,ES,ES,forecast_solar_generation,Solar,2026-09-14T05:46:52Z
2026-09-14T05:45:40Z,2026-09-14T07:45:40+0200,651c044f-8b9e-4447-8180-ed0fd11aec35,2026-09-14T20:30:00Z,2026-09-14T22:30:00+0200,522.0,MW,ES,ES,forecast_solar_generation,Solar,2026-09-14T05:46:52Z
2026-09-14T05:45:40Z,2026-09-14T07:45:40+0200,651c044f-8b9e-4447-8180-ed0fd11aec35,2026-09-14T20:45:00Z,2026-09-14T22:45:00+0200,522.0,MW,ES,ES,forecast_solar_generation,Solar,2026-09-14T05:46:52Z
2026-09-14T05:45:40Z,2026-09-14T07:45:40+0200,651c044f-8b9e-4447-8180-ed0fd11aec35,2026-09-14T21:00:00Z,2026-09-14T23:00:00+0200,527.0,MW,ES,ES,forecast_solar_generation,Solar,2026-09-14T05:46:52Z
2026-09-14T05:45:40Z,2026-09-14T07:45:40+0200,651c044f-8b9e-4447-8180-ed0fd11aec35,2026-09-14T21:15:00Z,2026-09-14T23:15:00+0200,526.0,MW,ES,ES,forecast_solar_generation,Solar,2026-09-14T05:46:52Z
2026-09-14T05:45:40Z,2026-09-14T07:45:40+0200,651c044f-8b9e-4447-8180-ed0fd11aec35,2026-09-14T21:30:00Z,2026-09-14T23:30:00+0200,522.0,MW,ES,ES,forecast_solar_generation,Solar,2026-09-14T05:46:52Z
2026-09-14T05:45:40Z,2026-09-14T07:45:40+0200,651c044f-8b9e-4447-8180-ed0fd11aec35,2026-09-14T21:45:00Z,2026-09-14T23:45:00+0200,514.0,MW,ES,ES,forecast_solar_generation,Solar,2026-09-14T05:46:52Z
