collection_time_utc,collection_time_local,run_id,timestamp_utc,timestamp_local,value,unit,country,entsoe_area,variable,source,updated_at_utc
2026-09-05T23:28:32Z,2026-09-06T01:28:32+0200,df6061e3-16eb-4891-bb33-0f084c8ab78c,2026-08-30T00:00:00Z,2026-08-30T02:00:00+0200,447.0,MW,ES,ES,forecast_solar_generation,Solar,2026-09-05T23:28:55Z
2026-09-05T23:28:32Z,2026-09-06T01:28:32+0200,df6061e3-16eb-4891-bb33-0f084c8ab78c,2026-08-30T00:15:00Z,2026-08-30T02:15:00+0200,454.0,MW,ES,ES,forecast_solar_generation,Solar,2026-09-05T23:28:55Z
2026-09-05T23:28:32Z,2026-09-06T01:28:32+0200,df6061e3-16eb-4891-bb33-0f084c8ab78c,2026-08-30T00:30:00Z,2026-08-30T02:30:00+0200,451.0,MW,ES,ES,forecast_solar_generation,Solar,2026-09-05T23:28:55Z
2026-09-05T23:28:32Z,2026-09-06T01:28:32+0200,df6061e3-16eb-4891-bb33-0f084c8ab78c,2026-08-30T00:45:00Z,2026-08-30T02:45:00+0200,440.0,MW,ES,ES,forecast_solar_generation,Solar,2026-09-05T23:28:55Z
2026-09-05T23:28:32Z,2026-09-06T01:28:32+0200,df6061e3-16eb-4891-bb33-0f084c8ab78c,2026-08-30T01:00:00Z,2026-08-30T03:00:00+0200,424.0,MW,ES,ES,forecast_solar_generation,Solar,2026-09-05T23:28:55Z
2026-09-05T23:28:32Z,2026-09-06T01:28:32+0200,df6061e3-16eb-4891-bb33-0f084c8ab78c,2026-08-30T01:15:00Z,2026-08-30T03:15:00+0200,409.0,MW,ES,ES,forecast_solar_generation,Solar,2026-09-05T23:28:55Z
2026-09-05T23:28:32Z,2026-09-06T01:28:32+0200,df6061e3-16eb-4891-bb33-0f084c8ab78c,2026-08-30T01:30:00Z,2026-08-30T03:30:00+0200,397.0,MW,ES,ES,forecast_solar_generation,Solar,2026-09-05T23:28:55Z
2026-09-05T23:28:32Z,2026-09-06T01:28:32+0200,df6061e3-16eb-4891-bb33-0f084c8ab78c,2026-08-30T01:45:00Z,2026-08-30T03:45:00+0200,387.0,MW,ES,ES,forecast_solar_generation,Solar,2026-09-05T23:28:55Z
2026-09-05T23:28:32Z,2026-09-06T01:28:32+0200,df6061e3-16eb-4891-bb33-0f084c8ab78c,2026-08-30T02:00:00Z,2026-08-30T04:00:00+0200,384.0,MW,ES,ES,forecast_solar_generation,Solar,2026-09-05T23:28:55Z
2026-09-05T23:28:32Z,2026-09-06T01:28:32+0200,df6061e3-16eb-4891-bb33-0f084c8ab78c,2026-08-30T02:15:00Z,2026-08-30T04:15:00+0200,370.0,MW,ES,ES,forecast_solar_generation,Solar,2026-09-05T23:28:55Z
2026-09-05T23:28:32Z,2026-09-06T01:28:32+0200,df6061e3-16eb-4891-bb33-0f084c8ab78c,2026-08-30T02:30:00Z,2026-08-30T04:30:00+0200,352.0,MW,ES,ES,forecast_solar_generation,Solar,2026-09-05T23:28:55Z
2026-09-05T23:28:32Z,2026-09-06T01:28:32+0200,df6061e3-16eb-4891-bb33-0f084c8ab78c,2026-08-30T02:45:00Z,2026-08-30T04:45:00+0200,328.0,MW,ES,ES,forecast_solar_generation,Solar,2026-09-05T23:28:55Z
2026-09-05T23:28:32Z,2026-09-06T01:28:32+0200,df6061e3-16eb-4891-bb33-0f084c8ab78c,2026-08-30T03:00:00Z,2026-08-30T05:00:00+0200,311.0,MW,ES,ES,forecast_solar_generation,Solar,2026-09-05T23:28:55Z
2026-09-05T23:28:32Z,2026-09-06T01:28:32+0200,df6061e3-16eb-4891-bb33-0f084c8ab78c,2026-08-30T03:15:00Z,2026-08-30T05:15:00+0200,279.0,MW,ES,ES,forecast_solar_generation,Solar,2026-09-05T23:28:55Z
2026-09-05T23:28:32Z,2026-09-06T01:28:32+0200,df6061e3-16eb-4891-bb33-0f084c8ab78c,2026-08-30T03:30:00Z,2026-08-30T05:30:00+0200,244.0,MW,ES,ES,forecast_solar_generation,Solar,2026-09-05T23:28:55Z
2026-09-05T23:28:32Z,2026-09-06T01:28:32+0200,df6061e3-16eb-4891-bb33-0f084c8ab78c,2026-08-30T03:45:00Z,2026-08-30T05:45:00+0200,210.0,MW,ES,ES,forecast_solar_generation,Solar,2026-09-05T23:28:55Z
2026-09-05T23:28:32Z,2026-09-06T01:28:32+0200,df6061e3-16eb-4891-bb33-0f084c8ab78c,2026-08-30T04:00:00Z,2026-08-30T06:00:00+0200,170.0,MW,ES,ES,forecast_solar_generation,Solar,2026-09-05T23:28:55Z
2026-09-05T23:28:32Z,2026-09-06T01:28:32+0200,df6061e3-16eb-4891-bb33-0f084c8ab78c,2026-08-30T04:15:00Z,2026-08-30T06:15:00+0200,150.0,MW,ES,ES,forecast_solar_generation,Solar,2026-09-05T23:28:55Z
2026-09-05T23:28:32Z,2026-09-06T01:28:32+0200,df6061e3-16eb-4891-bb33-0f084c8ab78c,2026-08-30T04:30:00Z,2026-08-30T06:30:00+0200,141.0,MW,ES,ES,forecast_solar_generation,Solar,2026-09-05T23:28:55Z
2026-09-05T23:28:32Z,2026-09-06T01:28:32+0200,df6061e3-16eb-4891-bb33-0f084c8ab78c,2026-08-30T04:45:00Z,2026-08-30T06:45:00+0200,138.0,MW,ES,ES,forecast_solar_generation,Solar,2026-09-05T23:28:55Z
2026-09-05T23:28:32Z,2026-09-06T01:28:32+0200,df6061e3-16eb-4891-bb33-0f084c8ab78c,2026-08-30T05:00:00Z,2026-08-30T07:00:00+0200,142.0,MW,ES,ES,forecast_solar_generation,Solar,2026-09-05T23:28:55Z
2026-09-05T23:28:32Z,2026-09-06T01:28:32+0200,df6061e3-16eb-4891-bb33-0f084c8ab78c,2026-08-30T05:15:00Z,2026-08-30T07:15:00+0200,208.0,MW,ES,ES,forecast_solar_generation,Solar,2026-09-05T23:28:55Z
2026-09-05T23:28:32Z,2026-09-06T01:28:32+0200,df6061e3-16eb-4891-bb33-0f084c8ab78c,2026-08-30T05:30:00Z,2026-08-30T07:30:00+0200,381.0,MW,ES,ES,forecast_solar_generation,Solar,2026-09-05T23:28:55Z
2026-09-05T23:28:32Z,2026-09-06T01:28:32+0200,df6061e3-16eb-4891-bb33-0f084c8ab78c,2026-08-30T05:45:00Z,2026-08-30T07:45:00+0200,666.0,MW,ES,ES,forecast_solar_generation,Solar,2026-09-05T23:28:55Z
2026-09-05T23:28:32Z,2026-09-06T01:28:32+0200,df6061e3-16eb-4891-bb33-0f084c8ab78c,2026-08-30T06:00:00Z,2026-08-30T08:00:00+0200,2396.0,MW,ES,ES,forecast_solar_generation,Solar,2026-09-05T23:28:55Z
2026-09-05T23:28:32Z,2026-09-06T01:28:32+0200,df6061e3-16eb-4891-bb33-0f084c8ab78c,2026-08-30T06:15:00Z,2026-08-30T08:15:00+0200,3837.0,MW,ES,ES,forecast_solar_generation,Solar,2026-09-05T23:28:55Z
2026-09-05T23:28:32Z,2026-09-06T01:28:32+0200,df6061e3-16eb-4891-bb33-0f084c8ab78c,2026-08-30T06:30:00Z,2026-08-30T08:30:00+0200,5645.0,MW,ES,ES,forecast_solar_generation,Solar,2026-09-05T23:28:55Z
2026-09-05T23:28:32Z,2026-09-06T01:28:32+0200,df6061e3-16eb-4891-bb33-0f084c8ab78c,2026-08-30T06:45:00Z,2026-08-30T08:45:00+0200,7727.0,MW,ES,ES,forecast_solar_generation,Solar,2026-09-05T23:28:55Z
2026-09-05T23:28:32Z,2026-09-06T01:28:32+0200,df6061e3-16eb-4891-bb33-0f084c8ab78c,2026-08-30T07:00:00Z,2026-08-30T09:00:00+0200,11681.0,MW,ES,ES,forecast_solar_generation,Solar,2026-09-05T23:28:55Z
2026-09-05T23:28:32Z,2026-09-06T01:28:32+0200,df6061e3-16eb-4891-bb33-0f084c8ab78c,2026-08-30T07:15:00Z,2026-08-30T09:15:00+0200,14125.0,MW,ES,ES,forecast_solar_generation,Solar,2026-09-05T23:28:55Z
2026-09-05T23:28:32Z,2026-09-06T01:28:32+0200,df6061e3-16eb-4891-bb33-0f084c8ab78c,2026-08-30T07:30:00Z,2026-08-30T09:30:00+0200,15940.0,MW,ES,ES,forecast_solar_generation,Solar,2026-09-05T23:28:55Z
2026-09-05T23:28:32Z,2026-09-06T01:28:32+0200,df6061e3-16eb-4891-bb33-0f084c8ab78c,2026-08-30T07:45:00Z,2026-08-30T09:45:00+0200,17620.0,MW,ES,ES,forecast_solar_generation,Solar,2026-09-05T23:28:55Z
2026-09-05T23:28:32Z,2026-09-06T01:28:32+0200,df6061e3-16eb-4891-bb33-0f084c8ab78c,2026-08-30T08:00:00Z,2026-08-30T10:00:00+0200,19747.0,MW,ES,ES,forecast_solar_generation,Solar,2026-09-05T23:28:55Z
2026-09-05T23:28:32Z,2026-09-06T01:28:32+0200,df6061e3-16eb-4891-bb33-0f084c8ab78c,2026-08-30T08:15:00Z,2026-08-30T10:15:00+0200,20858.0,MW,ES,ES,forecast_solar_generation,Solar,2026-09-05T23:28:55Z
2026-09-05T23:28:32Z,2026-09-06T01:28:32+0200,df6061e3-16eb-4891-bb33-0f084c8ab78c,2026-08-30T08:30:00Z,2026-08-30T10:30:00+0200,21649.0,MW,ES,ES,forecast_solar_generation,Solar,2026-09-05T23:28:55Z
2026-09-05T23:28:32Z,2026-09-06T01:28:32+0200,df6061e3-16eb-4891-bb33-0f084c8ab78c,2026-08-30T08:45:00Z,2026-08-30T10:45:00+0200,22206.0,MW,ES,ES,forecast_solar_generation,Solar,2026-09-05T23:28:55Z
2026-09-05T23:28:32Z,2026-09-06T01:28:32+0200,df6061e3-16eb-4891-bb33-0f084c8ab78c,2026-08-30T09:00:00Z,2026-08-30T11:00:00+0200,22824.0,MW,ES,ES,forecast_solar_generation,Solar,2026-09-05T23:28:55Z
2026-09-05T23:28:32Z,2026-09-06T01:28:32+0200,df6061e3-16eb-4891-bb33-0f084c8ab78c,2026-08-30T09:15:00Z,2026-08-30T11:15:00+0200,23011.0,MW,ES,ES,forecast_solar_generation,Solar,2026-09-05T23:28:55Z
2026-09-05T23:28:32Z,2026-09-06T01:28:32+0200,df6061e3-16eb-4891-bb33-0f084c8ab78c,2026-08-30T09:30:00Z,2026-08-30T11:30:00+0200,23172.0,MW,ES,ES,forecast_solar_generation,Solar,2026-09-05T23:28:55Z
2026-09-05T23:28:32Z,2026-09-06T01:28:32+0200,df6061e3-16eb-4891-bb33-0f084c8ab78c,2026-08-30T09:45:00Z,2026-08-30T11:45:00+0200,23382.0,MW,ES,ES,forecast_solar_generation,Solar,2026-09-05T23:28:55Z
2026-09-05T23:28:32Z,2026-09-06T01:28:32+0200,df6061e3-16eb-4891-bb33-0f084c8ab78c,2026-08-30T10:00:00Z,2026-08-30T12:00:00+0200,23382.0,MW,ES,ES,forecast_solar_generation,Solar,2026-09-05T23:28:55Z
2026-09-05T23:28:32Z,2026-09-06T01:28:32+0200,df6061e3-16eb-4891-bb33-0f084c8ab78c,2026-08-30T10:15:00Z,2026-08-30T12:15:00+0200,23473.0,MW,ES,ES,forecast_solar_generation,Solar,2026-09-05T23:28:55Z
2026-09-05T23:28:32Z,2026-09-06T01:28:32+0200,df6061e3-16eb-4891-bb33-0f084c8ab78c,2026-08-30T10:30:00Z,2026-08-30T12:30:00+0200,23535.0,MW,ES,ES,forecast_solar_generation,Solar,2026-09-05T23:28:55Z
2026-09-05T23:28:32Z,2026-09-06T01:28:32+0200,df6061e3-16eb-4891-bb33-0f084c8ab78c,2026-08-30T10:45:00Z,2026-08-30T12:45:00+0200,23559.0,MW,ES,ES,forecast_solar_generation,Solar,2026-09-05T23:28:55Z
2026-09-05T23:28:32Z,2026-09-06T01:28:32+0200,df6061e3-16eb-4891-bb33-0f084c8ab78c,2026-08-30T11:00:00Z,2026-08-30T13:00:00+0200,23541.0,MW,ES,ES,forecast_solar_generation,Solar,2026-09-05T23:28:55Z
2026-09-05T23:28:32Z,2026-09-06T01:28:32+0200,df6061e3-16eb-4891-bb33-0f084c8ab78c,2026-08-30T11:15:00Z,2026-08-30T13:15:00+0200,23697.0,MW,ES,ES,forecast_solar_generation,Solar,2026-09-05T23:28:55Z
2026-09-05T23:28:32Z,2026-09-06T01:28:32+0200,df6061e3-16eb-4891-bb33-0f084c8ab78c,2026-08-30T11:30:00Z,2026-08-30T13:30:00+0200,23652.0,MW,ES,ES,forecast_solar_generation,Solar,2026-09-05T23:28:55Z
2026-09-05T23:28:32Z,2026-09-06T01:28:32+0200,df6061e3-16eb-4891-bb33-0f084c8ab78c,2026-08-30T11:45:00Z,2026-08-30T13:45:00+0200,23727.0,MW,ES,ES,forecast_solar_generation,Solar,2026-09-05T23:28:55Z
2026-09-05T23:28:32Z,2026-09-06T01:28:32+0200,df6061e3-16eb-4891-bb33-0f084c8ab78c,2026-08-30T12:00:00Z,2026-08-30T14:00:00+0200,24235.0,MW,ES,ES,forecast_solar_generation,Solar,2026-09-05T23:28:55Z
2026-09-05T23:28:32Z,2026-09-06T01:28:32+0200,df6061e3-16eb-4891-bb33-0f084c8ab78c,2026-08-30T12:15:00Z,2026-08-30T14:15:00+0200,24193.0,MW,ES,ES,forecast_solar_generation,Solar,2026-09-05T23:28:55Z
2026-09-05T23:28:32Z,2026-09-06T01:28:32+0200,df6061e3-16eb-4891-bb33-0f084c8ab78c,2026-08-30T12:30:00Z,2026-08-30T14:30:00+0200,24041.0,MW,ES,ES,forecast_solar_generation,Solar,2026-09-05T23:28:55Z
2026-09-05T23:28:32Z,2026-09-06T01:28:32+0200,df6061e3-16eb-4891-bb33-0f084c8ab78c,2026-08-30T12:45:00Z,2026-08-30T14:45:00+0200,23800.0,MW,ES,ES,forecast_solar_generation,Solar,2026-09-05T23:28:55Z
2026-09-05T23:28:32Z,2026-09-06T01:28:32+0200,df6061e3-16eb-4891-bb33-0f084c8ab78c,2026-08-30T13:00:00Z,2026-08-30T15:00:00+0200,23391.0,MW,ES,ES,forecast_solar_generation,Solar,2026-09-05T23:28:55Z
2026-09-05T23:28:32Z,2026-09-06T01:28:32+0200,df6061e3-16eb-4891-bb33-0f084c8ab78c,2026-08-30T13:15:00Z,2026-08-30T15:15:00+0200,22996.0,MW,ES,ES,forecast_solar_generation,Solar,2026-09-05T23:28:55Z
2026-09-05T23:28:32Z,2026-09-06T01:28:32+0200,df6061e3-16eb-4891-bb33-0f084c8ab78c,2026-08-30T13:30:00Z,2026-08-30T15:30:00+0200,22543.0,MW,ES,ES,forecast_solar_generation,Solar,2026-09-05T23:28:55Z
2026-09-05T23:28:32Z,2026-09-06T01:28:32+0200,df6061e3-16eb-4891-bb33-0f084c8ab78c,2026-08-30T13:45:00Z,2026-08-30T15:45:00+0200,22056.0,MW,ES,ES,forecast_solar_generation,Solar,2026-09-05T23:28:55Z
2026-09-05T23:28:32Z,2026-09-06T01:28:32+0200,df6061e3-16eb-4891-bb33-0f084c8ab78c,2026-08-30T14:00:00Z,2026-08-30T16:00:00+0200,21642.0,MW,ES,ES,forecast_solar_generation,Solar,2026-09-05T23:28:55Z
2026-09-05T23:28:32Z,2026-09-06T01:28:32+0200,df6061e3-16eb-4891-bb33-0f084c8ab78c,2026-08-30T14:15:00Z,2026-08-30T16:15:00+0200,21394.0,MW,ES,ES,forecast_solar_generation,Solar,2026-09-05T23:28:55Z
2026-09-05T23:28:32Z,2026-09-06T01:28:32+0200,df6061e3-16eb-4891-bb33-0f084c8ab78c,2026-08-30T14:30:00Z,2026-08-30T16:30:00+0200,21172.0,MW,ES,ES,forecast_solar_generation,Solar,2026-09-05T23:28:55Z
2026-09-05T23:28:32Z,2026-09-06T01:28:32+0200,df6061e3-16eb-4891-bb33-0f084c8ab78c,2026-08-30T14:45:00Z,2026-08-30T16:45:00+0200,21006.0,MW,ES,ES,forecast_solar_generation,Solar,2026-09-05T23:28:55Z
2026-09-05T23:28:32Z,2026-09-06T01:28:32+0200,df6061e3-16eb-4891-bb33-0f084c8ab78c,2026-08-30T15:00:00Z,2026-08-30T17:00:00+0200,20682.0,MW,ES,ES,forecast_solar_generation,Solar,2026-09-05T23:28:55Z
2026-09-05T23:28:32Z,2026-09-06T01:28:32+0200,df6061e3-16eb-4891-bb33-0f084c8ab78c,2026-08-30T15:15:00Z,2026-08-30T17:15:00+0200,20466.0,MW,ES,ES,forecast_solar_generation,Solar,2026-09-05T23:28:55Z
2026-09-05T23:28:32Z,2026-09-06T01:28:32+0200,df6061e3-16eb-4891-bb33-0f084c8ab78c,2026-08-30T15:30:00Z,2026-08-30T17:30:00+0200,20186.0,MW,ES,ES,forecast_solar_generation,Solar,2026-09-05T23:28:55Z
2026-09-05T23:28:32Z,2026-09-06T01:28:32+0200,df6061e3-16eb-4891-bb33-0f084c8ab78c,2026-08-30T15:45:00Z,2026-08-30T17:45:00+0200,19823.0,MW,ES,ES,forecast_solar_generation,Solar,2026-09-05T23:28:55Z
2026-09-05T23:28:32Z,2026-09-06T01:28:32+0200,df6061e3-16eb-4891-bb33-0f084c8ab78c,2026-08-30T16:00:00Z,2026-08-30T18:00:00+0200,19613.0,MW,ES,ES,forecast_solar_generation,Solar,2026-09-05T23:28:55Z
2026-09-05T23:28:32Z,2026-09-06T01:28:32+0200,df6061e3-16eb-4891-bb33-0f084c8ab78c,2026-08-30T16:15:00Z,2026-08-30T18:15:00+0200,18736.0,MW,ES,ES,forecast_solar_generation,Solar,2026-09-05T23:28:55Z
2026-09-05T23:28:32Z,2026-09-06T01:28:32+0200,df6061e3-16eb-4891-bb33-0f084c8ab78c,2026-08-30T16:30:00Z,2026-08-30T18:30:00+0200,17545.0,MW,ES,ES,forecast_solar_generation,Solar,2026-09-05T23:28:55Z
2026-09-05T23:28:32Z,2026-09-06T01:28:32+0200,df6061e3-16eb-4891-bb33-0f084c8ab78c,2026-08-30T16:45:00Z,2026-08-30T18:45:00+0200,16053.0,MW,ES,ES,forecast_solar_generation,Solar,2026-09-05T23:28:55Z
2026-09-05T23:28:32Z,2026-09-06T01:28:32+0200,df6061e3-16eb-4891-bb33-0f084c8ab78c,2026-08-30T17:00:00Z,2026-08-30T19:00:00+0200,15292.0,MW,ES,ES,forecast_solar_generation,Solar,2026-09-05T23:28:55Z
2026-09-05T23:28:32Z,2026-09-06T01:28:32+0200,df6061e3-16eb-4891-bb33-0f084c8ab78c,2026-08-30T17:15:00Z,2026-08-30T19:15:00+0200,13145.0,MW,ES,ES,forecast_solar_generation,Solar,2026-09-05T23:28:55Z
2026-09-05T23:28:32Z,2026-09-06T01:28:32+0200,df6061e3-16eb-4891-bb33-0f084c8ab78c,2026-08-30T17:30:00Z,2026-08-30T19:30:00+0200,10530.0,MW,ES,ES,forecast_solar_generation,Solar,2026-09-05T23:28:55Z
2026-09-05T23:28:32Z,2026-09-06T01:28:32+0200,df6061e3-16eb-4891-bb33-0f084c8ab78c,2026-08-30T17:45:00Z,2026-08-30T19:45:00+0200,7929.0,MW,ES,ES,forecast_solar_generation,Solar,2026-09-05T23:28:55Z
2026-09-05T23:28:32Z,2026-09-06T01:28:32+0200,df6061e3-16eb-4891-bb33-0f084c8ab78c,2026-08-30T18:00:00Z,2026-08-30T20:00:00+0200,5782.0,MW,ES,ES,forecast_solar_generation,Solar,2026-09-05T23:28:55Z
2026-09-05T23:28:32Z,2026-09-06T01:28:32+0200,df6061e3-16eb-4891-bb33-0f084c8ab78c,2026-08-30T18:15:00Z,2026-08-30T20:15:00+0200,3725.0,MW,ES,ES,forecast_solar_generation,Solar,2026-09-05T23:28:55Z
2026-09-05T23:28:32Z,2026-09-06T01:28:32+0200,df6061e3-16eb-4891-bb33-0f084c8ab78c,2026-08-30T18:30:00Z,2026-08-30T20:30:00+0200,2298.0,MW,ES,ES,forecast_solar_generation,Solar,2026-09-05T23:28:55Z
2026-09-05T23:28:32Z,2026-09-06T01:28:32+0200,df6061e3-16eb-4891-bb33-0f084c8ab78c,2026-08-30T18:45:00Z,2026-08-30T20:45:00+0200,1419.0,MW,ES,ES,forecast_solar_generation,Solar,2026-09-05T23:28:55Z
2026-09-05T23:28:32Z,2026-09-06T01:28:32+0200,df6061e3-16eb-4891-bb33-0f084c8ab78c,2026-08-30T19:00:00Z,2026-08-30T21:00:00+0200,739.0,MW,ES,ES,forecast_solar_generation,Solar,2026-09-05T23:28:55Z
2026-09-05T23:28:32Z,2026-09-06T01:28:32+0200,df6061e3-16eb-4891-bb33-0f084c8ab78c,2026-08-30T19:15:00Z,2026-08-30T21:15:00+0200,682.0,MW,ES,ES,forecast_solar_generation,Solar,2026-09-05T23:28:55Z
2026-09-05T23:28:32Z,2026-09-06T01:28:32+0200,df6061e3-16eb-4891-bb33-0f084c8ab78c,2026-08-30T19:30:00Z,2026-08-30T21:30:00+0200,636.0,MW,ES,ES,forecast_solar_generation,Solar,2026-09-05T23:28:55Z
2026-09-05T23:28:32Z,2026-09-06T01:28:32+0200,df6061e3-16eb-4891-bb33-0f084c8ab78c,2026-08-30T19:45:00Z,2026-08-30T21:45:00+0200,607.0,MW,ES,ES,forecast_solar_generation,Solar,2026-09-05T23:28:55Z
2026-09-05T23:28:32Z,2026-09-06T01:28:32+0200,df6061e3-16eb-4891-bb33-0f084c8ab78c,2026-08-30T20:00:00Z,2026-08-30T22:00:00+0200,581.0,MW,ES,ES,forecast_solar_generation,Solar,2026-09-05T23:28:55Z
2026-09-05T23:28:32Z,2026-09-06T01:28:32+0200,df6061e3-16eb-4891-bb33-0f084c8ab78c,2026-08-30T20:15:00Z,2026-08-30T22:15:00+0200,572.0,MW,ES,ES,forecast_solar_generation,Solar,2026-09-05T23:28:55Z
2026-09-05T23:28:32Z,2026-09-06T01:28:32+0200,df6061e3-16eb-4891-bb33-0f084c8ab78c,2026-08-30T20:30:00Z,2026-08-30T22:30:00+0200,564.0,MW,ES,ES,forecast_solar_generation,Solar,2026-09-05T23:28:55Z
2026-09-05T23:28:32Z,2026-09-06T01:28:32+0200,df6061e3-16eb-4891-bb33-0f084c8ab78c,2026-08-30T20:45:00Z,2026-08-30T22:45:00+0200,558.0,MW,ES,ES,forecast_solar_generation,Solar,2026-09-05T23:28:55Z
2026-09-05T23:28:32Z,2026-09-06T01:28:32+0200,df6061e3-16eb-4891-bb33-0f084c8ab78c,2026-08-30T21:00:00Z,2026-08-30T23:00:00+0200,552.0,MW,ES,ES,forecast_solar_generation,Solar,2026-09-05T23:28:55Z
2026-09-05T23:28:32Z,2026-09-06T01:28:32+0200,df6061e3-16eb-4891-bb33-0f084c8ab78c,2026-08-30T21:15:00Z,2026-08-30T23:15:00+0200,549.0,MW,ES,ES,forecast_solar_generation,Solar,2026-09-05T23:28:55Z
2026-09-05T23:28:32Z,2026-09-06T01:28:32+0200,df6061e3-16eb-4891-bb33-0f084c8ab78c,2026-08-30T21:30:00Z,2026-08-30T23:30:00+0200,548.0,MW,ES,ES,forecast_solar_generation,Solar,2026-09-05T23:28:55Z
2026-09-05T23:28:32Z,2026-09-06T01:28:32+0200,df6061e3-16eb-4891-bb33-0f084c8ab78c,2026-08-30T21:45:00Z,2026-08-30T23:45:00+0200,547.0,MW,ES,ES,forecast_solar_generation,Solar,2026-09-05T23:28:55Z
2026-09-05T23:28:32Z,2026-09-06T01:28:32+0200,df6061e3-16eb-4891-bb33-0f084c8ab78c,2026-08-30T22:00:00Z,2026-08-31T00:00:00+0200,536.0,MW,ES,ES,forecast_solar_generation,Solar,2026-09-05T23:28:55Z
2026-09-05T23:28:32Z,2026-09-06T01:28:32+0200,df6061e3-16eb-4891-bb33-0f084c8ab78c,2026-08-30T22:15:00Z,2026-08-31T00:15:00+0200,518.0,MW,ES,ES,forecast_solar_generation,Solar,2026-09-05T23:28:55Z
2026-09-05T23:28:32Z,2026-09-06T01:28:32+0200,df6061e3-16eb-4891-bb33-0f084c8ab78c,2026-08-30T22:30:00Z,2026-08-31T00:30:00+0200,500.0,MW,ES,ES,forecast_solar_generation,Solar,2026-09-05T23:28:55Z
2026-09-05T23:28:32Z,2026-09-06T01:28:32+0200,df6061e3-16eb-4891-bb33-0f084c8ab78c,2026-08-30T22:45:00Z,2026-08-31T00:45:00+0200,485.0,MW,ES,ES,forecast_solar_generation,Solar,2026-09-05T23:28:55Z
2026-09-05T23:28:32Z,2026-09-06T01:28:32+0200,df6061e3-16eb-4891-bb33-0f084c8ab78c,2026-08-30T23:00:00Z,2026-08-31T01:00:00+0200,462.0,MW,ES,ES,forecast_solar_generation,Solar,2026-09-05T23:28:55Z
2026-09-05T23:28:32Z,2026-09-06T01:28:32+0200,df6061e3-16eb-4891-bb33-0f084c8ab78c,2026-08-30T23:15:00Z,2026-08-31T01:15:00+0200,458.0,MW,ES,ES,forecast_solar_generation,Solar,2026-09-05T23:28:55Z
2026-09-05T23:28:32Z,2026-09-06T01:28:32+0200,df6061e3-16eb-4891-bb33-0f084c8ab78c,2026-08-30T23:30:00Z,2026-08-31T01:30:00+0200,460.0,MW,ES,ES,forecast_solar_generation,Solar,2026-09-05T23:28:55Z
2026-09-05T23:28:32Z,2026-09-06T01:28:32+0200,df6061e3-16eb-4891-bb33-0f084c8ab78c,2026-08-30T23:45:00Z,2026-08-31T01:45:00+0200,467.0,MW,ES,ES,forecast_solar_generation,Solar,2026-09-05T23:28:55Z
2026-09-05T23:28:32Z,2026-09-06T01:28:32+0200,df6061e3-16eb-4891-bb33-0f084c8ab78c,2026-08-31T00:00:00Z,2026-08-31T02:00:00+0200,483.0,MW,ES,ES,forecast_solar_generation,Solar,2026-09-05T23:28:55Z
2026-09-05T23:28:32Z,2026-09-06T01:28:32+0200,df6061e3-16eb-4891-bb33-0f084c8ab78c,2026-08-31T00:15:00Z,2026-08-31T02:15:00+0200,486.0,MW,ES,ES,forecast_solar_generation,Solar,2026-09-05T23:28:55Z
2026-09-05T23:28:32Z,2026-09-06T01:28:32+0200,df6061e3-16eb-4891-bb33-0f084c8ab78c,2026-08-31T00:30:00Z,2026-08-31T02:30:00+0200,483.0,MW,ES,ES,forecast_solar_generation,Solar,2026-09-05T23:28:55Z
2026-09-05T23:28:32Z,2026-09-06T01:28:32+0200,df6061e3-16eb-4891-bb33-0f084c8ab78c,2026-08-31T00:45:00Z,2026-08-31T02:45:00+0200,475.0,MW,ES,ES,forecast_solar_generation,Solar,2026-09-05T23:28:55Z
2026-09-05T23:28:32Z,2026-09-06T01:28:32+0200,df6061e3-16eb-4891-bb33-0f084c8ab78c,2026-08-31T01:00:00Z,2026-08-31T03:00:00+0200,463.0,MW,ES,ES,forecast_solar_generation,Solar,2026-09-05T23:28:55Z
2026-09-05T23:28:32Z,2026-09-06T01:28:32+0200,df6061e3-16eb-4891-bb33-0f084c8ab78c,2026-08-31T01:15:00Z,2026-08-31T03:15:00+0200,454.0,MW,ES,ES,forecast_solar_generation,Solar,2026-09-05T23:28:55Z
2026-09-05T23:28:32Z,2026-09-06T01:28:32+0200,df6061e3-16eb-4891-bb33-0f084c8ab78c,2026-08-31T01:30:00Z,2026-08-31T03:30:00+0200,446.0,MW,ES,ES,forecast_solar_generation,Solar,2026-09-05T23:28:55Z
2026-09-05T23:28:32Z,2026-09-06T01:28:32+0200,df6061e3-16eb-4891-bb33-0f084c8ab78c,2026-08-31T01:45:00Z,2026-08-31T03:45:00+0200,441.0,MW,ES,ES,forecast_solar_generation,Solar,2026-09-05T23:28:55Z
2026-09-05T23:28:32Z,2026-09-06T01:28:32+0200,df6061e3-16eb-4891-bb33-0f084c8ab78c,2026-08-31T02:00:00Z,2026-08-31T04:00:00+0200,441.0,MW,ES,ES,forecast_solar_generation,Solar,2026-09-05T23:28:55Z
2026-09-05T23:28:32Z,2026-09-06T01:28:32+0200,df6061e3-16eb-4891-bb33-0f084c8ab78c,2026-08-31T02:15:00Z,2026-08-31T04:15:00+0200,431.0,MW,ES,ES,forecast_solar_generation,Solar,2026-09-05T23:28:55Z
2026-09-05T23:28:32Z,2026-09-06T01:28:32+0200,df6061e3-16eb-4891-bb33-0f084c8ab78c,2026-08-31T02:30:00Z,2026-08-31T04:30:00+0200,416.0,MW,ES,ES,forecast_solar_generation,Solar,2026-09-05T23:28:55Z
2026-09-05T23:28:32Z,2026-09-06T01:28:32+0200,df6061e3-16eb-4891-bb33-0f084c8ab78c,2026-08-31T02:45:00Z,2026-08-31T04:45:00+0200,396.0,MW,ES,ES,forecast_solar_generation,Solar,2026-09-05T23:28:55Z
2026-09-05T23:28:32Z,2026-09-06T01:28:32+0200,df6061e3-16eb-4891-bb33-0f084c8ab78c,2026-08-31T03:00:00Z,2026-08-31T05:00:00+0200,384.0,MW,ES,ES,forecast_solar_generation,Solar,2026-09-05T23:28:55Z
2026-09-05T23:28:32Z,2026-09-06T01:28:32+0200,df6061e3-16eb-4891-bb33-0f084c8ab78c,2026-08-31T03:15:00Z,2026-08-31T05:15:00+0200,353.0,MW,ES,ES,forecast_solar_generation,Solar,2026-09-05T23:28:55Z
2026-09-05T23:28:32Z,2026-09-06T01:28:32+0200,df6061e3-16eb-4891-bb33-0f084c8ab78c,2026-08-31T03:30:00Z,2026-08-31T05:30:00+0200,318.0,MW,ES,ES,forecast_solar_generation,Solar,2026-09-05T23:28:55Z
2026-09-05T23:28:32Z,2026-09-06T01:28:32+0200,df6061e3-16eb-4891-bb33-0f084c8ab78c,2026-08-31T03:45:00Z,2026-08-31T05:45:00+0200,279.0,MW,ES,ES,forecast_solar_generation,Solar,2026-09-05T23:28:55Z
2026-09-05T23:28:32Z,2026-09-06T01:28:32+0200,df6061e3-16eb-4891-bb33-0f084c8ab78c,2026-08-31T04:00:00Z,2026-08-31T06:00:00+0200,244.0,MW,ES,ES,forecast_solar_generation,Solar,2026-09-05T23:28:55Z
2026-09-05T23:28:32Z,2026-09-06T01:28:32+0200,df6061e3-16eb-4891-bb33-0f084c8ab78c,2026-08-31T04:15:00Z,2026-08-31T06:15:00+0200,207.0,MW,ES,ES,forecast_solar_generation,Solar,2026-09-05T23:28:55Z
2026-09-05T23:28:32Z,2026-09-06T01:28:32+0200,df6061e3-16eb-4891-bb33-0f084c8ab78c,2026-08-31T04:30:00Z,2026-08-31T06:30:00+0200,175.0,MW,ES,ES,forecast_solar_generation,Solar,2026-09-05T23:28:55Z
2026-09-05T23:28:32Z,2026-09-06T01:28:32+0200,df6061e3-16eb-4891-bb33-0f084c8ab78c,2026-08-31T04:45:00Z,2026-08-31T06:45:00+0200,147.0,MW,ES,ES,forecast_solar_generation,Solar,2026-09-05T23:28:55Z
2026-09-05T23:28:32Z,2026-09-06T01:28:32+0200,df6061e3-16eb-4891-bb33-0f084c8ab78c,2026-08-31T05:00:00Z,2026-08-31T07:00:00+0200,116.0,MW,ES,ES,forecast_solar_generation,Solar,2026-09-05T23:28:55Z
2026-09-05T23:28:32Z,2026-09-06T01:28:32+0200,df6061e3-16eb-4891-bb33-0f084c8ab78c,2026-08-31T05:15:00Z,2026-08-31T07:15:00+0200,160.0,MW,ES,ES,forecast_solar_generation,Solar,2026-09-05T23:28:55Z
2026-09-05T23:28:32Z,2026-09-06T01:28:32+0200,df6061e3-16eb-4891-bb33-0f084c8ab78c,2026-08-31T05:30:00Z,2026-08-31T07:30:00+0200,312.0,MW,ES,ES,forecast_solar_generation,Solar,2026-09-05T23:28:55Z
2026-09-05T23:28:32Z,2026-09-06T01:28:32+0200,df6061e3-16eb-4891-bb33-0f084c8ab78c,2026-08-31T05:45:00Z,2026-08-31T07:45:00+0200,578.0,MW,ES,ES,forecast_solar_generation,Solar,2026-09-05T23:28:55Z
2026-09-05T23:28:32Z,2026-09-06T01:28:32+0200,df6061e3-16eb-4891-bb33-0f084c8ab78c,2026-08-31T06:00:00Z,2026-08-31T08:00:00+0200,2233.0,MW,ES,ES,forecast_solar_generation,Solar,2026-09-05T23:28:55Z
2026-09-05T23:28:32Z,2026-09-06T01:28:32+0200,df6061e3-16eb-4891-bb33-0f084c8ab78c,2026-08-31T06:15:00Z,2026-08-31T08:15:00+0200,3634.0,MW,ES,ES,forecast_solar_generation,Solar,2026-09-05T23:28:55Z
2026-09-05T23:28:32Z,2026-09-06T01:28:32+0200,df6061e3-16eb-4891-bb33-0f084c8ab78c,2026-08-31T06:30:00Z,2026-08-31T08:30:00+0200,5406.0,MW,ES,ES,forecast_solar_generation,Solar,2026-09-05T23:28:55Z
2026-09-05T23:28:32Z,2026-09-06T01:28:32+0200,df6061e3-16eb-4891-bb33-0f084c8ab78c,2026-08-31T06:45:00Z,2026-08-31T08:45:00+0200,7461.0,MW,ES,ES,forecast_solar_generation,Solar,2026-09-05T23:28:55Z
2026-09-05T23:28:32Z,2026-09-06T01:28:32+0200,df6061e3-16eb-4891-bb33-0f084c8ab78c,2026-08-31T07:00:00Z,2026-08-31T09:00:00+0200,11831.0,MW,ES,ES,forecast_solar_generation,Solar,2026-09-05T23:28:55Z
2026-09-05T23:28:32Z,2026-09-06T01:28:32+0200,df6061e3-16eb-4891-bb33-0f084c8ab78c,2026-08-31T07:15:00Z,2026-08-31T09:15:00+0200,14438.0,MW,ES,ES,forecast_solar_generation,Solar,2026-09-05T23:28:55Z
2026-09-05T23:28:32Z,2026-09-06T01:28:32+0200,df6061e3-16eb-4891-bb33-0f084c8ab78c,2026-08-31T07:30:00Z,2026-08-31T09:30:00+0200,16456.0,MW,ES,ES,forecast_solar_generation,Solar,2026-09-05T23:28:55Z
2026-09-05T23:28:32Z,2026-09-06T01:28:32+0200,df6061e3-16eb-4891-bb33-0f084c8ab78c,2026-08-31T07:45:00Z,2026-08-31T09:45:00+0200,18438.0,MW,ES,ES,forecast_solar_generation,Solar,2026-09-05T23:28:55Z
2026-09-05T23:28:32Z,2026-09-06T01:28:32+0200,df6061e3-16eb-4891-bb33-0f084c8ab78c,2026-08-31T08:00:00Z,2026-08-31T10:00:00+0200,20569.0,MW,ES,ES,forecast_solar_generation,Solar,2026-09-05T23:28:55Z
2026-09-05T23:28:32Z,2026-09-06T01:28:32+0200,df6061e3-16eb-4891-bb33-0f084c8ab78c,2026-08-31T08:15:00Z,2026-08-31T10:15:00+0200,21845.0,MW,ES,ES,forecast_solar_generation,Solar,2026-09-05T23:28:55Z
2026-09-05T23:28:32Z,2026-09-06T01:28:32+0200,df6061e3-16eb-4891-bb33-0f084c8ab78c,2026-08-31T08:30:00Z,2026-08-31T10:30:00+0200,22504.0,MW,ES,ES,forecast_solar_generation,Solar,2026-09-05T23:28:55Z
2026-09-05T23:28:32Z,2026-09-06T01:28:32+0200,df6061e3-16eb-4891-bb33-0f084c8ab78c,2026-08-31T08:45:00Z,2026-08-31T10:45:00+0200,23913.0,MW,ES,ES,forecast_solar_generation,Solar,2026-09-05T23:28:55Z
2026-09-05T23:28:32Z,2026-09-06T01:28:32+0200,df6061e3-16eb-4891-bb33-0f084c8ab78c,2026-08-31T09:00:00Z,2026-08-31T11:00:00+0200,24211.0,MW,ES,ES,forecast_solar_generation,Solar,2026-09-05T23:28:55Z
2026-09-05T23:28:32Z,2026-09-06T01:28:32+0200,df6061e3-16eb-4891-bb33-0f084c8ab78c,2026-08-31T09:15:00Z,2026-08-31T11:15:00+0200,24593.0,MW,ES,ES,forecast_solar_generation,Solar,2026-09-05T23:28:55Z
2026-09-05T23:28:32Z,2026-09-06T01:28:32+0200,df6061e3-16eb-4891-bb33-0f084c8ab78c,2026-08-31T09:30:00Z,2026-08-31T11:30:00+0200,24917.0,MW,ES,ES,forecast_solar_generation,Solar,2026-09-05T23:28:55Z
2026-09-05T23:28:32Z,2026-09-06T01:28:32+0200,df6061e3-16eb-4891-bb33-0f084c8ab78c,2026-08-31T09:45:00Z,2026-08-31T11:45:00+0200,25196.0,MW,ES,ES,forecast_solar_generation,Solar,2026-09-05T23:28:55Z
2026-09-05T23:28:32Z,2026-09-06T01:28:32+0200,df6061e3-16eb-4891-bb33-0f084c8ab78c,2026-08-31T10:00:00Z,2026-08-31T12:00:00+0200,25657.0,MW,ES,ES,forecast_solar_generation,Solar,2026-09-05T23:28:55Z
2026-09-05T23:28:32Z,2026-09-06T01:28:32+0200,df6061e3-16eb-4891-bb33-0f084c8ab78c,2026-08-31T10:15:00Z,2026-08-31T12:15:00+0200,25852.0,MW,ES,ES,forecast_solar_generation,Solar,2026-09-05T23:28:55Z
2026-09-05T23:28:32Z,2026-09-06T01:28:32+0200,df6061e3-16eb-4891-bb33-0f084c8ab78c,2026-08-31T10:30:00Z,2026-08-31T12:30:00+0200,26004.0,MW,ES,ES,forecast_solar_generation,Solar,2026-09-05T23:28:55Z
2026-09-05T23:28:32Z,2026-09-06T01:28:32+0200,df6061e3-16eb-4891-bb33-0f084c8ab78c,2026-08-31T10:45:00Z,2026-08-31T12:45:00+0200,26132.0,MW,ES,ES,forecast_solar_generation,Solar,2026-09-05T23:28:55Z
2026-09-05T23:28:32Z,2026-09-06T01:28:32+0200,df6061e3-16eb-4891-bb33-0f084c8ab78c,2026-08-31T11:00:00Z,2026-08-31T13:00:00+0200,25462.0,MW,ES,ES,forecast_solar_generation,Solar,2026-09-05T23:28:55Z
2026-09-05T23:28:32Z,2026-09-06T01:28:32+0200,df6061e3-16eb-4891-bb33-0f084c8ab78c,2026-08-31T11:15:00Z,2026-08-31T13:15:00+0200,25596.0,MW,ES,ES,forecast_solar_generation,Solar,2026-09-05T23:28:55Z
2026-09-05T23:28:32Z,2026-09-06T01:28:32+0200,df6061e3-16eb-4891-bb33-0f084c8ab78c,2026-08-31T11:30:00Z,2026-08-31T13:30:00+0200,25661.0,MW,ES,ES,forecast_solar_generation,Solar,2026-09-05T23:28:55Z
2026-09-05T23:28:32Z,2026-09-06T01:28:32+0200,df6061e3-16eb-4891-bb33-0f084c8ab78c,2026-08-31T11:45:00Z,2026-08-31T13:45:00+0200,25745.0,MW,ES,ES,forecast_solar_generation,Solar,2026-09-05T23:28:55Z
2026-09-05T23:28:32Z,2026-09-06T01:28:32+0200,df6061e3-16eb-4891-bb33-0f084c8ab78c,2026-08-31T12:00:00Z,2026-08-31T14:00:00+0200,25964.0,MW,ES,ES,forecast_solar_generation,Solar,2026-09-05T23:28:55Z
2026-09-05T23:28:32Z,2026-09-06T01:28:32+0200,df6061e3-16eb-4891-bb33-0f084c8ab78c,2026-08-31T12:15:00Z,2026-08-31T14:15:00+0200,25924.0,MW,ES,ES,forecast_solar_generation,Solar,2026-09-05T23:28:55Z
2026-09-05T23:28:32Z,2026-09-06T01:28:32+0200,df6061e3-16eb-4891-bb33-0f084c8ab78c,2026-08-31T12:30:00Z,2026-08-31T14:30:00+0200,25795.0,MW,ES,ES,forecast_solar_generation,Solar,2026-09-05T23:28:55Z
2026-09-05T23:28:32Z,2026-09-06T01:28:32+0200,df6061e3-16eb-4891-bb33-0f084c8ab78c,2026-08-31T12:45:00Z,2026-08-31T14:45:00+0200,25610.0,MW,ES,ES,forecast_solar_generation,Solar,2026-09-05T23:28:55Z
2026-09-05T23:28:32Z,2026-09-06T01:28:32+0200,df6061e3-16eb-4891-bb33-0f084c8ab78c,2026-08-31T13:00:00Z,2026-08-31T15:00:00+0200,25413.0,MW,ES,ES,forecast_solar_generation,Solar,2026-09-05T23:28:55Z
2026-09-05T23:28:32Z,2026-09-06T01:28:32+0200,df6061e3-16eb-4891-bb33-0f084c8ab78c,2026-08-31T13:15:00Z,2026-08-31T15:15:00+0200,25162.0,MW,ES,ES,forecast_solar_generation,Solar,2026-09-05T23:28:55Z
2026-09-05T23:28:32Z,2026-09-06T01:28:32+0200,df6061e3-16eb-4891-bb33-0f084c8ab78c,2026-08-31T13:30:00Z,2026-08-31T15:30:00+0200,24857.0,MW,ES,ES,forecast_solar_generation,Solar,2026-09-05T23:28:55Z
2026-09-05T23:28:32Z,2026-09-06T01:28:32+0200,df6061e3-16eb-4891-bb33-0f084c8ab78c,2026-08-31T13:45:00Z,2026-08-31T15:45:00+0200,24607.0,MW,ES,ES,forecast_solar_generation,Solar,2026-09-05T23:28:55Z
2026-09-05T23:28:32Z,2026-09-06T01:28:32+0200,df6061e3-16eb-4891-bb33-0f084c8ab78c,2026-08-31T14:00:00Z,2026-08-31T16:00:00+0200,24347.0,MW,ES,ES,forecast_solar_generation,Solar,2026-09-05T23:28:55Z
2026-09-05T23:28:32Z,2026-09-06T01:28:32+0200,df6061e3-16eb-4891-bb33-0f084c8ab78c,2026-08-31T14:15:00Z,2026-08-31T16:15:00+0200,24033.0,MW,ES,ES,forecast_solar_generation,Solar,2026-09-05T23:28:55Z
2026-09-05T23:28:32Z,2026-09-06T01:28:32+0200,df6061e3-16eb-4891-bb33-0f084c8ab78c,2026-08-31T14:30:00Z,2026-08-31T16:30:00+0200,23698.0,MW,ES,ES,forecast_solar_generation,Solar,2026-09-05T23:28:55Z
2026-09-05T23:28:32Z,2026-09-06T01:28:32+0200,df6061e3-16eb-4891-bb33-0f084c8ab78c,2026-08-31T14:45:00Z,2026-08-31T16:45:00+0200,23270.0,MW,ES,ES,forecast_solar_generation,Solar,2026-09-05T23:28:55Z
2026-09-05T23:28:32Z,2026-09-06T01:28:32+0200,df6061e3-16eb-4891-bb33-0f084c8ab78c,2026-08-31T15:00:00Z,2026-08-31T17:00:00+0200,22939.0,MW,ES,ES,forecast_solar_generation,Solar,2026-09-05T23:28:55Z
2026-09-05T23:28:32Z,2026-09-06T01:28:32+0200,df6061e3-16eb-4891-bb33-0f084c8ab78c,2026-08-31T15:15:00Z,2026-08-31T17:15:00+0200,22505.0,MW,ES,ES,forecast_solar_generation,Solar,2026-09-05T23:28:55Z
2026-09-05T23:28:32Z,2026-09-06T01:28:32+0200,df6061e3-16eb-4891-bb33-0f084c8ab78c,2026-08-31T15:30:00Z,2026-08-31T17:30:00+0200,22029.0,MW,ES,ES,forecast_solar_generation,Solar,2026-09-05T23:28:55Z
2026-09-05T23:28:32Z,2026-09-06T01:28:32+0200,df6061e3-16eb-4891-bb33-0f084c8ab78c,2026-08-31T15:45:00Z,2026-08-31T17:45:00+0200,21365.0,MW,ES,ES,forecast_solar_generation,Solar,2026-09-05T23:28:55Z
2026-09-05T23:28:32Z,2026-09-06T01:28:32+0200,df6061e3-16eb-4891-bb33-0f084c8ab78c,2026-08-31T16:00:00Z,2026-08-31T18:00:00+0200,21386.0,MW,ES,ES,forecast_solar_generation,Solar,2026-09-05T23:28:55Z
2026-09-05T23:28:32Z,2026-09-06T01:28:32+0200,df6061e3-16eb-4891-bb33-0f084c8ab78c,2026-08-31T16:15:00Z,2026-08-31T18:15:00+0200,20194.0,MW,ES,ES,forecast_solar_generation,Solar,2026-09-05T23:28:55Z
2026-09-05T23:28:32Z,2026-09-06T01:28:32+0200,df6061e3-16eb-4891-bb33-0f084c8ab78c,2026-08-31T16:30:00Z,2026-08-31T18:30:00+0200,18675.0,MW,ES,ES,forecast_solar_generation,Solar,2026-09-05T23:28:55Z
2026-09-05T23:28:32Z,2026-09-06T01:28:32+0200,df6061e3-16eb-4891-bb33-0f084c8ab78c,2026-08-31T16:45:00Z,2026-08-31T18:45:00+0200,16686.0,MW,ES,ES,forecast_solar_generation,Solar,2026-09-05T23:28:55Z
2026-09-05T23:28:32Z,2026-09-06T01:28:32+0200,df6061e3-16eb-4891-bb33-0f084c8ab78c,2026-08-31T17:00:00Z,2026-08-31T19:00:00+0200,15702.0,MW,ES,ES,forecast_solar_generation,Solar,2026-09-05T23:28:55Z
2026-09-05T23:28:32Z,2026-09-06T01:28:32+0200,df6061e3-16eb-4891-bb33-0f084c8ab78c,2026-08-31T17:15:00Z,2026-08-31T19:15:00+0200,13205.0,MW,ES,ES,forecast_solar_generation,Solar,2026-09-05T23:28:55Z
2026-09-05T23:28:32Z,2026-09-06T01:28:32+0200,df6061e3-16eb-4891-bb33-0f084c8ab78c,2026-08-31T17:30:00Z,2026-08-31T19:30:00+0200,10563.0,MW,ES,ES,forecast_solar_generation,Solar,2026-09-05T23:28:55Z
2026-09-05T23:28:32Z,2026-09-06T01:28:32+0200,df6061e3-16eb-4891-bb33-0f084c8ab78c,2026-08-31T17:45:00Z,2026-08-31T19:45:00+0200,8032.0,MW,ES,ES,forecast_solar_generation,Solar,2026-09-05T23:28:55Z
2026-09-05T23:28:32Z,2026-09-06T01:28:32+0200,df6061e3-16eb-4891-bb33-0f084c8ab78c,2026-08-31T18:00:00Z,2026-08-31T20:00:00+0200,5645.0,MW,ES,ES,forecast_solar_generation,Solar,2026-09-05T23:28:55Z
2026-09-05T23:28:32Z,2026-09-06T01:28:32+0200,df6061e3-16eb-4891-bb33-0f084c8ab78c,2026-08-31T18:15:00Z,2026-08-31T20:15:00+0200,3620.0,MW,ES,ES,forecast_solar_generation,Solar,2026-09-05T23:28:55Z
2026-09-05T23:28:32Z,2026-09-06T01:28:32+0200,df6061e3-16eb-4891-bb33-0f084c8ab78c,2026-08-31T18:30:00Z,2026-08-31T20:30:00+0200,2228.0,MW,ES,ES,forecast_solar_generation,Solar,2026-09-05T23:28:55Z
2026-09-05T23:28:32Z,2026-09-06T01:28:32+0200,df6061e3-16eb-4891-bb33-0f084c8ab78c,2026-08-31T18:45:00Z,2026-08-31T20:45:00+0200,1387.0,MW,ES,ES,forecast_solar_generation,Solar,2026-09-05T23:28:55Z
2026-09-05T23:28:32Z,2026-09-06T01:28:32+0200,df6061e3-16eb-4891-bb33-0f084c8ab78c,2026-08-31T19:00:00Z,2026-08-31T21:00:00+0200,751.0,MW,ES,ES,forecast_solar_generation,Solar,2026-09-05T23:28:55Z
2026-09-05T23:28:32Z,2026-09-06T01:28:32+0200,df6061e3-16eb-4891-bb33-0f084c8ab78c,2026-08-31T19:15:00Z,2026-08-31T21:15:00+0200,703.0,MW,ES,ES,forecast_solar_generation,Solar,2026-09-05T23:28:55Z
2026-09-05T23:28:32Z,2026-09-06T01:28:32+0200,df6061e3-16eb-4891-bb33-0f084c8ab78c,2026-08-31T19:30:00Z,2026-08-31T21:30:00+0200,660.0,MW,ES,ES,forecast_solar_generation,Solar,2026-09-05T23:28:55Z
2026-09-05T23:28:32Z,2026-09-06T01:28:32+0200,df6061e3-16eb-4891-bb33-0f084c8ab78c,2026-08-31T19:45:00Z,2026-08-31T21:45:00+0200,633.0,MW,ES,ES,forecast_solar_generation,Solar,2026-09-05T23:28:55Z
2026-09-05T23:28:32Z,2026-09-06T01:28:32+0200,df6061e3-16eb-4891-bb33-0f084c8ab78c,2026-08-31T20:00:00Z,2026-08-31T22:00:00+0200,608.0,MW,ES,ES,forecast_solar_generation,Solar,2026-09-05T23:28:55Z
2026-09-05T23:28:32Z,2026-09-06T01:28:32+0200,df6061e3-16eb-4891-bb33-0f084c8ab78c,2026-08-31T20:15:00Z,2026-08-31T22:15:00+0200,598.0,MW,ES,ES,forecast_solar_generation,Solar,2026-09-05T23:28:55Z
2026-09-05T23:28:32Z,2026-09-06T01:28:32+0200,df6061e3-16eb-4891-bb33-0f084c8ab78c,2026-08-31T20:30:00Z,2026-08-31T22:30:00+0200,591.0,MW,ES,ES,forecast_solar_generation,Solar,2026-09-05T23:28:55Z
2026-09-05T23:28:32Z,2026-09-06T01:28:32+0200,df6061e3-16eb-4891-bb33-0f084c8ab78c,2026-08-31T20:45:00Z,2026-08-31T22:45:00+0200,586.0,MW,ES,ES,forecast_solar_generation,Solar,2026-09-05T23:28:55Z
2026-09-05T23:28:32Z,2026-09-06T01:28:32+0200,df6061e3-16eb-4891-bb33-0f084c8ab78c,2026-08-31T21:00:00Z,2026-08-31T23:00:00+0200,581.0,MW,ES,ES,forecast_solar_generation,Solar,2026-09-05T23:28:55Z
2026-09-05T23:28:32Z,2026-09-06T01:28:32+0200,df6061e3-16eb-4891-bb33-0f084c8ab78c,2026-08-31T21:15:00Z,2026-08-31T23:15:00+0200,577.0,MW,ES,ES,forecast_solar_generation,Solar,2026-09-05T23:28:55Z
2026-09-05T23:28:32Z,2026-09-06T01:28:32+0200,df6061e3-16eb-4891-bb33-0f084c8ab78c,2026-08-31T21:30:00Z,2026-08-31T23:30:00+0200,574.0,MW,ES,ES,forecast_solar_generation,Solar,2026-09-05T23:28:55Z
2026-09-05T23:28:32Z,2026-09-06T01:28:32+0200,df6061e3-16eb-4891-bb33-0f084c8ab78c,2026-08-31T21:45:00Z,2026-08-31T23:45:00+0200,571.0,MW,ES,ES,forecast_solar_generation,Solar,2026-09-05T23:28:55Z
2026-09-05T23:28:32Z,2026-09-06T01:28:32+0200,df6061e3-16eb-4891-bb33-0f084c8ab78c,2026-08-31T22:00:00Z,2026-09-01T00:00:00+0200,488.0,MW,ES,ES,forecast_solar_generation,Solar,2026-09-05T23:28:55Z
2026-09-05T23:28:32Z,2026-09-06T01:28:32+0200,df6061e3-16eb-4891-bb33-0f084c8ab78c,2026-08-31T22:15:00Z,2026-09-01T00:15:00+0200,461.0,MW,ES,ES,forecast_solar_generation,Solar,2026-09-05T23:28:55Z
2026-09-05T23:28:32Z,2026-09-06T01:28:32+0200,df6061e3-16eb-4891-bb33-0f084c8ab78c,2026-08-31T22:30:00Z,2026-09-01T00:30:00+0200,442.0,MW,ES,ES,forecast_solar_generation,Solar,2026-09-05T23:28:55Z
2026-09-05T23:28:32Z,2026-09-06T01:28:32+0200,df6061e3-16eb-4891-bb33-0f084c8ab78c,2026-08-31T22:45:00Z,2026-09-01T00:45:00+0200,430.0,MW,ES,ES,forecast_solar_generation,Solar,2026-09-05T23:28:55Z
2026-09-05T23:28:32Z,2026-09-06T01:28:32+0200,df6061e3-16eb-4891-bb33-0f084c8ab78c,2026-08-31T23:00:00Z,2026-09-01T01:00:00+0200,416.0,MW,ES,ES,forecast_solar_generation,Solar,2026-09-05T23:28:55Z
2026-09-05T23:28:32Z,2026-09-06T01:28:32+0200,df6061e3-16eb-4891-bb33-0f084c8ab78c,2026-08-31T23:15:00Z,2026-09-01T01:15:00+0200,415.0,MW,ES,ES,forecast_solar_generation,Solar,2026-09-05T23:28:55Z
2026-09-05T23:28:32Z,2026-09-06T01:28:32+0200,df6061e3-16eb-4891-bb33-0f084c8ab78c,2026-08-31T23:30:00Z,2026-09-01T01:30:00+0200,416.0,MW,ES,ES,forecast_solar_generation,Solar,2026-09-05T23:28:55Z
2026-09-05T23:28:32Z,2026-09-06T01:28:32+0200,df6061e3-16eb-4891-bb33-0f084c8ab78c,2026-08-31T23:45:00Z,2026-09-01T01:45:00+0200,419.0,MW,ES,ES,forecast_solar_generation,Solar,2026-09-05T23:28:55Z
2026-09-05T23:28:32Z,2026-09-06T01:28:32+0200,df6061e3-16eb-4891-bb33-0f084c8ab78c,2026-09-01T00:00:00Z,2026-09-01T02:00:00+0200,429.0,MW,ES,ES,forecast_solar_generation,Solar,2026-09-05T23:28:55Z
2026-09-05T23:28:32Z,2026-09-06T01:28:32+0200,df6061e3-16eb-4891-bb33-0f084c8ab78c,2026-09-01T00:15:00Z,2026-09-01T02:15:00+0200,426.0,MW,ES,ES,forecast_solar_generation,Solar,2026-09-05T23:28:55Z
2026-09-05T23:28:32Z,2026-09-06T01:28:32+0200,df6061e3-16eb-4891-bb33-0f084c8ab78c,2026-09-01T00:30:00Z,2026-09-01T02:30:00+0200,418.0,MW,ES,ES,forecast_solar_generation,Solar,2026-09-05T23:28:55Z
2026-09-05T23:28:32Z,2026-09-06T01:28:32+0200,df6061e3-16eb-4891-bb33-0f084c8ab78c,2026-09-01T00:45:00Z,2026-09-01T02:45:00+0200,406.0,MW,ES,ES,forecast_solar_generation,Solar,2026-09-05T23:28:55Z
2026-09-05T23:28:32Z,2026-09-06T01:28:32+0200,df6061e3-16eb-4891-bb33-0f084c8ab78c,2026-09-01T01:00:00Z,2026-09-01T03:00:00+0200,393.0,MW,ES,ES,forecast_solar_generation,Solar,2026-09-05T23:28:55Z
2026-09-05T23:28:32Z,2026-09-06T01:28:32+0200,df6061e3-16eb-4891-bb33-0f084c8ab78c,2026-09-01T01:15:00Z,2026-09-01T03:15:00+0200,378.0,MW,ES,ES,forecast_solar_generation,Solar,2026-09-05T23:28:55Z
2026-09-05T23:28:32Z,2026-09-06T01:28:32+0200,df6061e3-16eb-4891-bb33-0f084c8ab78c,2026-09-01T01:30:00Z,2026-09-01T03:30:00+0200,363.0,MW,ES,ES,forecast_solar_generation,Solar,2026-09-05T23:28:55Z
2026-09-05T23:28:32Z,2026-09-06T01:28:32+0200,df6061e3-16eb-4891-bb33-0f084c8ab78c,2026-09-01T01:45:00Z,2026-09-01T03:45:00+0200,347.0,MW,ES,ES,forecast_solar_generation,Solar,2026-09-05T23:28:55Z
2026-09-05T23:28:32Z,2026-09-06T01:28:32+0200,df6061e3-16eb-4891-bb33-0f084c8ab78c,2026-09-01T02:00:00Z,2026-09-01T04:00:00+0200,338.0,MW,ES,ES,forecast_solar_generation,Solar,2026-09-05T23:28:55Z
2026-09-05T23:28:32Z,2026-09-06T01:28:32+0200,df6061e3-16eb-4891-bb33-0f084c8ab78c,2026-09-01T02:15:00Z,2026-09-01T04:15:00+0200,319.0,MW,ES,ES,forecast_solar_generation,Solar,2026-09-05T23:28:55Z
2026-09-05T23:28:32Z,2026-09-06T01:28:32+0200,df6061e3-16eb-4891-bb33-0f084c8ab78c,2026-09-01T02:30:00Z,2026-09-01T04:30:00+0200,297.0,MW,ES,ES,forecast_solar_generation,Solar,2026-09-05T23:28:55Z
2026-09-05T23:28:32Z,2026-09-06T01:28:32+0200,df6061e3-16eb-4891-bb33-0f084c8ab78c,2026-09-01T02:45:00Z,2026-09-01T04:45:00+0200,272.0,MW,ES,ES,forecast_solar_generation,Solar,2026-09-05T23:28:55Z
2026-09-05T23:28:32Z,2026-09-06T01:28:32+0200,df6061e3-16eb-4891-bb33-0f084c8ab78c,2026-09-01T03:00:00Z,2026-09-01T05:00:00+0200,253.0,MW,ES,ES,forecast_solar_generation,Solar,2026-09-05T23:28:55Z
2026-09-05T23:28:32Z,2026-09-06T01:28:32+0200,df6061e3-16eb-4891-bb33-0f084c8ab78c,2026-09-01T03:15:00Z,2026-09-01T05:15:00+0200,224.0,MW,ES,ES,forecast_solar_generation,Solar,2026-09-05T23:28:55Z
2026-09-05T23:28:32Z,2026-09-06T01:28:32+0200,df6061e3-16eb-4891-bb33-0f084c8ab78c,2026-09-01T03:30:00Z,2026-09-01T05:30:00+0200,194.0,MW,ES,ES,forecast_solar_generation,Solar,2026-09-05T23:28:55Z
2026-09-05T23:28:32Z,2026-09-06T01:28:32+0200,df6061e3-16eb-4891-bb33-0f084c8ab78c,2026-09-01T03:45:00Z,2026-09-01T05:45:00+0200,164.0,MW,ES,ES,forecast_solar_generation,Solar,2026-09-05T23:28:55Z
2026-09-05T23:28:32Z,2026-09-06T01:28:32+0200,df6061e3-16eb-4891-bb33-0f084c8ab78c,2026-09-01T04:00:00Z,2026-09-01T06:00:00+0200,136.0,MW,ES,ES,forecast_solar_generation,Solar,2026-09-05T23:28:55Z
2026-09-05T23:28:32Z,2026-09-06T01:28:32+0200,df6061e3-16eb-4891-bb33-0f084c8ab78c,2026-09-01T04:15:00Z,2026-09-01T06:15:00+0200,111.0,MW,ES,ES,forecast_solar_generation,Solar,2026-09-05T23:28:55Z
2026-09-05T23:28:32Z,2026-09-06T01:28:32+0200,df6061e3-16eb-4891-bb33-0f084c8ab78c,2026-09-01T04:30:00Z,2026-09-01T06:30:00+0200,92.0,MW,ES,ES,forecast_solar_generation,Solar,2026-09-05T23:28:55Z
2026-09-05T23:28:32Z,2026-09-06T01:28:32+0200,df6061e3-16eb-4891-bb33-0f084c8ab78c,2026-09-01T04:45:00Z,2026-09-01T06:45:00+0200,77.0,MW,ES,ES,forecast_solar_generation,Solar,2026-09-05T23:28:55Z
2026-09-05T23:28:32Z,2026-09-06T01:28:32+0200,df6061e3-16eb-4891-bb33-0f084c8ab78c,2026-09-01T05:00:00Z,2026-09-01T07:00:00+0200,61.0,MW,ES,ES,forecast_solar_generation,Solar,2026-09-05T23:28:55Z
2026-09-05T23:28:32Z,2026-09-06T01:28:32+0200,df6061e3-16eb-4891-bb33-0f084c8ab78c,2026-09-01T05:15:00Z,2026-09-01T07:15:00+0200,99.0,MW,ES,ES,forecast_solar_generation,Solar,2026-09-05T23:28:55Z
2026-09-05T23:28:32Z,2026-09-06T01:28:32+0200,df6061e3-16eb-4891-bb33-0f084c8ab78c,2026-09-01T05:30:00Z,2026-09-01T07:30:00+0200,215.0,MW,ES,ES,forecast_solar_generation,Solar,2026-09-05T23:28:55Z
2026-09-05T23:28:32Z,2026-09-06T01:28:32+0200,df6061e3-16eb-4891-bb33-0f084c8ab78c,2026-09-01T05:45:00Z,2026-09-01T07:45:00+0200,418.0,MW,ES,ES,forecast_solar_generation,Solar,2026-09-05T23:28:55Z
2026-09-05T23:28:32Z,2026-09-06T01:28:32+0200,df6061e3-16eb-4891-bb33-0f084c8ab78c,2026-09-01T06:00:00Z,2026-09-01T08:00:00+0200,1730.0,MW,ES,ES,forecast_solar_generation,Solar,2026-09-05T23:28:55Z
2026-09-05T23:28:32Z,2026-09-06T01:28:32+0200,df6061e3-16eb-4891-bb33-0f084c8ab78c,2026-09-01T06:15:00Z,2026-09-01T08:15:00+0200,2851.0,MW,ES,ES,forecast_solar_generation,Solar,2026-09-05T23:28:55Z
2026-09-05T23:28:32Z,2026-09-06T01:28:32+0200,df6061e3-16eb-4891-bb33-0f084c8ab78c,2026-09-01T06:30:00Z,2026-09-01T08:30:00+0200,4339.0,MW,ES,ES,forecast_solar_generation,Solar,2026-09-05T23:28:55Z
2026-09-05T23:28:32Z,2026-09-06T01:28:32+0200,df6061e3-16eb-4891-bb33-0f084c8ab78c,2026-09-01T06:45:00Z,2026-09-01T08:45:00+0200,6090.0,MW,ES,ES,forecast_solar_generation,Solar,2026-09-05T23:28:55Z
2026-09-05T23:28:32Z,2026-09-06T01:28:32+0200,df6061e3-16eb-4891-bb33-0f084c8ab78c,2026-09-01T07:00:00Z,2026-09-01T09:00:00+0200,9512.0,MW,ES,ES,forecast_solar_generation,Solar,2026-09-05T23:28:55Z
2026-09-05T23:28:32Z,2026-09-06T01:28:32+0200,df6061e3-16eb-4891-bb33-0f084c8ab78c,2026-09-01T07:15:00Z,2026-09-01T09:15:00+0200,11801.0,MW,ES,ES,forecast_solar_generation,Solar,2026-09-05T23:28:55Z
2026-09-05T23:28:32Z,2026-09-06T01:28:32+0200,df6061e3-16eb-4891-bb33-0f084c8ab78c,2026-09-01T07:30:00Z,2026-09-01T09:30:00+0200,13868.0,MW,ES,ES,forecast_solar_generation,Solar,2026-09-05T23:28:55Z
2026-09-05T23:28:32Z,2026-09-06T01:28:32+0200,df6061e3-16eb-4891-bb33-0f084c8ab78c,2026-09-01T07:45:00Z,2026-09-01T09:45:00+0200,15550.0,MW,ES,ES,forecast_solar_generation,Solar,2026-09-05T23:28:55Z
2026-09-05T23:28:32Z,2026-09-06T01:28:32+0200,df6061e3-16eb-4891-bb33-0f084c8ab78c,2026-09-01T08:00:00Z,2026-09-01T10:00:00+0200,17461.0,MW,ES,ES,forecast_solar_generation,Solar,2026-09-05T23:28:55Z
2026-09-05T23:28:32Z,2026-09-06T01:28:32+0200,df6061e3-16eb-4891-bb33-0f084c8ab78c,2026-09-01T08:15:00Z,2026-09-01T10:15:00+0200,18433.0,MW,ES,ES,forecast_solar_generation,Solar,2026-09-05T23:28:55Z
2026-09-05T23:28:32Z,2026-09-06T01:28:32+0200,df6061e3-16eb-4891-bb33-0f084c8ab78c,2026-09-01T08:30:00Z,2026-09-01T10:30:00+0200,19300.0,MW,ES,ES,forecast_solar_generation,Solar,2026-09-05T23:28:55Z
2026-09-05T23:28:32Z,2026-09-06T01:28:32+0200,df6061e3-16eb-4891-bb33-0f084c8ab78c,2026-09-01T08:45:00Z,2026-09-01T10:45:00+0200,19898.0,MW,ES,ES,forecast_solar_generation,Solar,2026-09-05T23:28:55Z
2026-09-05T23:28:32Z,2026-09-06T01:28:32+0200,df6061e3-16eb-4891-bb33-0f084c8ab78c,2026-09-01T09:00:00Z,2026-09-01T11:00:00+0200,20388.0,MW,ES,ES,forecast_solar_generation,Solar,2026-09-05T23:28:55Z
2026-09-05T23:28:32Z,2026-09-06T01:28:32+0200,df6061e3-16eb-4891-bb33-0f084c8ab78c,2026-09-01T09:15:00Z,2026-09-01T11:15:00+0200,20708.0,MW,ES,ES,forecast_solar_generation,Solar,2026-09-05T23:28:55Z
2026-09-05T23:28:32Z,2026-09-06T01:28:32+0200,df6061e3-16eb-4891-bb33-0f084c8ab78c,2026-09-01T09:30:00Z,2026-09-01T11:30:00+0200,20999.0,MW,ES,ES,forecast_solar_generation,Solar,2026-09-05T23:28:55Z
2026-09-05T23:28:32Z,2026-09-06T01:28:32+0200,df6061e3-16eb-4891-bb33-0f084c8ab78c,2026-09-01T09:45:00Z,2026-09-01T11:45:00+0200,21267.0,MW,ES,ES,forecast_solar_generation,Solar,2026-09-05T23:28:55Z
2026-09-05T23:28:32Z,2026-09-06T01:28:32+0200,df6061e3-16eb-4891-bb33-0f084c8ab78c,2026-09-01T10:00:00Z,2026-09-01T12:00:00+0200,21840.0,MW,ES,ES,forecast_solar_generation,Solar,2026-09-05T23:28:55Z
2026-09-05T23:28:32Z,2026-09-06T01:28:32+0200,df6061e3-16eb-4891-bb33-0f084c8ab78c,2026-09-01T10:15:00Z,2026-09-01T12:15:00+0200,22029.0,MW,ES,ES,forecast_solar_generation,Solar,2026-09-05T23:28:55Z
2026-09-05T23:28:32Z,2026-09-06T01:28:32+0200,df6061e3-16eb-4891-bb33-0f084c8ab78c,2026-09-01T10:30:00Z,2026-09-01T12:30:00+0200,22202.0,MW,ES,ES,forecast_solar_generation,Solar,2026-09-05T23:28:55Z
2026-09-05T23:28:32Z,2026-09-06T01:28:32+0200,df6061e3-16eb-4891-bb33-0f084c8ab78c,2026-09-01T10:45:00Z,2026-09-01T12:45:00+0200,22351.0,MW,ES,ES,forecast_solar_generation,Solar,2026-09-05T23:28:55Z
2026-09-05T23:28:32Z,2026-09-06T01:28:32+0200,df6061e3-16eb-4891-bb33-0f084c8ab78c,2026-09-01T11:00:00Z,2026-09-01T13:00:00+0200,22499.0,MW,ES,ES,forecast_solar_generation,Solar,2026-09-05T23:28:55Z
2026-09-05T23:28:32Z,2026-09-06T01:28:32+0200,df6061e3-16eb-4891-bb33-0f084c8ab78c,2026-09-01T11:15:00Z,2026-09-01T13:15:00+0200,22590.0,MW,ES,ES,forecast_solar_generation,Solar,2026-09-05T23:28:55Z
2026-09-05T23:28:32Z,2026-09-06T01:28:32+0200,df6061e3-16eb-4891-bb33-0f084c8ab78c,2026-09-01T11:30:00Z,2026-09-01T13:30:00+0200,22642.0,MW,ES,ES,forecast_solar_generation,Solar,2026-09-05T23:28:55Z
2026-09-05T23:28:32Z,2026-09-06T01:28:32+0200,df6061e3-16eb-4891-bb33-0f084c8ab78c,2026-09-01T11:45:00Z,2026-09-01T13:45:00+0200,22666.0,MW,ES,ES,forecast_solar_generation,Solar,2026-09-05T23:28:55Z
2026-09-05T23:28:32Z,2026-09-06T01:28:32+0200,df6061e3-16eb-4891-bb33-0f084c8ab78c,2026-09-01T12:00:00Z,2026-09-01T14:00:00+0200,23148.0,MW,ES,ES,forecast_solar_generation,Solar,2026-09-05T23:28:55Z
2026-09-05T23:28:32Z,2026-09-06T01:28:32+0200,df6061e3-16eb-4891-bb33-0f084c8ab78c,2026-09-01T12:15:00Z,2026-09-01T14:15:00+0200,23082.0,MW,ES,ES,forecast_solar_generation,Solar,2026-09-05T23:28:55Z
2026-09-05T23:28:32Z,2026-09-06T01:28:32+0200,df6061e3-16eb-4891-bb33-0f084c8ab78c,2026-09-01T12:30:00Z,2026-09-01T14:30:00+0200,22706.0,MW,ES,ES,forecast_solar_generation,Solar,2026-09-05T23:28:55Z
2026-09-05T23:28:32Z,2026-09-06T01:28:32+0200,df6061e3-16eb-4891-bb33-0f084c8ab78c,2026-09-01T12:45:00Z,2026-09-01T14:45:00+0200,22559.0,MW,ES,ES,forecast_solar_generation,Solar,2026-09-05T23:28:55Z
2026-09-05T23:28:32Z,2026-09-06T01:28:32+0200,df6061e3-16eb-4891-bb33-0f084c8ab78c,2026-09-01T13:00:00Z,2026-09-01T15:00:00+0200,21962.0,MW,ES,ES,forecast_solar_generation,Solar,2026-09-05T23:28:55Z
2026-09-05T23:28:32Z,2026-09-06T01:28:32+0200,df6061e3-16eb-4891-bb33-0f084c8ab78c,2026-09-01T13:15:00Z,2026-09-01T15:15:00+0200,21779.0,MW,ES,ES,forecast_solar_generation,Solar,2026-09-05T23:28:55Z
2026-09-05T23:28:32Z,2026-09-06T01:28:32+0200,df6061e3-16eb-4891-bb33-0f084c8ab78c,2026-09-01T13:30:00Z,2026-09-01T15:30:00+0200,21218.0,MW,ES,ES,forecast_solar_generation,Solar,2026-09-05T23:28:55Z
2026-09-05T23:28:32Z,2026-09-06T01:28:32+0200,df6061e3-16eb-4891-bb33-0f084c8ab78c,2026-09-01T13:45:00Z,2026-09-01T15:45:00+0200,21040.0,MW,ES,ES,forecast_solar_generation,Solar,2026-09-05T23:28:55Z
2026-09-05T23:28:32Z,2026-09-06T01:28:32+0200,df6061e3-16eb-4891-bb33-0f084c8ab78c,2026-09-01T14:00:00Z,2026-09-01T16:00:00+0200,20798.0,MW,ES,ES,forecast_solar_generation,Solar,2026-09-05T23:28:55Z
2026-09-05T23:28:32Z,2026-09-06T01:28:32+0200,df6061e3-16eb-4891-bb33-0f084c8ab78c,2026-09-01T14:15:00Z,2026-09-01T16:15:00+0200,20546.0,MW,ES,ES,forecast_solar_generation,Solar,2026-09-05T23:28:55Z
2026-09-05T23:28:32Z,2026-09-06T01:28:32+0200,df6061e3-16eb-4891-bb33-0f084c8ab78c,2026-09-01T14:30:00Z,2026-09-01T16:30:00+0200,20078.0,MW,ES,ES,forecast_solar_generation,Solar,2026-09-05T23:28:55Z
2026-09-05T23:28:32Z,2026-09-06T01:28:32+0200,df6061e3-16eb-4891-bb33-0f084c8ab78c,2026-09-01T14:45:00Z,2026-09-01T16:45:00+0200,19728.0,MW,ES,ES,forecast_solar_generation,Solar,2026-09-05T23:28:55Z
2026-09-05T23:28:32Z,2026-09-06T01:28:32+0200,df6061e3-16eb-4891-bb33-0f084c8ab78c,2026-09-01T15:00:00Z,2026-09-01T17:00:00+0200,18706.0,MW,ES,ES,forecast_solar_generation,Solar,2026-09-05T23:28:55Z
2026-09-05T23:28:32Z,2026-09-06T01:28:32+0200,df6061e3-16eb-4891-bb33-0f084c8ab78c,2026-09-01T15:15:00Z,2026-09-01T17:15:00+0200,18284.0,MW,ES,ES,forecast_solar_generation,Solar,2026-09-05T23:28:55Z
2026-09-05T23:28:32Z,2026-09-06T01:28:32+0200,df6061e3-16eb-4891-bb33-0f084c8ab78c,2026-09-01T15:30:00Z,2026-09-01T17:30:00+0200,17824.0,MW,ES,ES,forecast_solar_generation,Solar,2026-09-05T23:28:55Z
2026-09-05T23:28:32Z,2026-09-06T01:28:32+0200,df6061e3-16eb-4891-bb33-0f084c8ab78c,2026-09-01T15:45:00Z,2026-09-01T17:45:00+0200,17380.0,MW,ES,ES,forecast_solar_generation,Solar,2026-09-05T23:28:55Z
2026-09-05T23:28:32Z,2026-09-06T01:28:32+0200,df6061e3-16eb-4891-bb33-0f084c8ab78c,2026-09-01T16:00:00Z,2026-09-01T18:00:00+0200,17565.0,MW,ES,ES,forecast_solar_generation,Solar,2026-09-05T23:28:55Z
2026-09-05T23:28:32Z,2026-09-06T01:28:32+0200,df6061e3-16eb-4891-bb33-0f084c8ab78c,2026-09-01T16:15:00Z,2026-09-01T18:15:00+0200,17115.0,MW,ES,ES,forecast_solar_generation,Solar,2026-09-05T23:28:55Z
2026-09-05T23:28:32Z,2026-09-06T01:28:32+0200,df6061e3-16eb-4891-bb33-0f084c8ab78c,2026-09-01T16:30:00Z,2026-09-01T18:30:00+0200,16334.0,MW,ES,ES,forecast_solar_generation,Solar,2026-09-05T23:28:55Z
2026-09-05T23:28:32Z,2026-09-06T01:28:32+0200,df6061e3-16eb-4891-bb33-0f084c8ab78c,2026-09-01T16:45:00Z,2026-09-01T18:45:00+0200,15001.0,MW,ES,ES,forecast_solar_generation,Solar,2026-09-05T23:28:55Z
2026-09-05T23:28:32Z,2026-09-06T01:28:32+0200,df6061e3-16eb-4891-bb33-0f084c8ab78c,2026-09-01T17:00:00Z,2026-09-01T19:00:00+0200,14176.0,MW,ES,ES,forecast_solar_generation,Solar,2026-09-05T23:28:55Z
2026-09-05T23:28:32Z,2026-09-06T01:28:32+0200,df6061e3-16eb-4891-bb33-0f084c8ab78c,2026-09-01T17:15:00Z,2026-09-01T19:15:00+0200,11747.0,MW,ES,ES,forecast_solar_generation,Solar,2026-09-05T23:28:55Z
2026-09-05T23:28:32Z,2026-09-06T01:28:32+0200,df6061e3-16eb-4891-bb33-0f084c8ab78c,2026-09-01T17:30:00Z,2026-09-01T19:30:00+0200,9221.0,MW,ES,ES,forecast_solar_generation,Solar,2026-09-05T23:28:55Z
2026-09-05T23:28:32Z,2026-09-06T01:28:32+0200,df6061e3-16eb-4891-bb33-0f084c8ab78c,2026-09-01T17:45:00Z,2026-09-01T19:45:00+0200,6701.0,MW,ES,ES,forecast_solar_generation,Solar,2026-09-05T23:28:55Z
2026-09-05T23:28:32Z,2026-09-06T01:28:32+0200,df6061e3-16eb-4891-bb33-0f084c8ab78c,2026-09-01T18:00:00Z,2026-09-01T20:00:00+0200,4700.0,MW,ES,ES,forecast_solar_generation,Solar,2026-09-05T23:28:55Z
2026-09-05T23:28:32Z,2026-09-06T01:28:32+0200,df6061e3-16eb-4891-bb33-0f084c8ab78c,2026-09-01T18:15:00Z,2026-09-01T20:15:00+0200,2857.0,MW,ES,ES,forecast_solar_generation,Solar,2026-09-05T23:28:55Z
2026-09-05T23:28:32Z,2026-09-06T01:28:32+0200,df6061e3-16eb-4891-bb33-0f084c8ab78c,2026-09-01T18:30:00Z,2026-09-01T20:30:00+0200,1645.0,MW,ES,ES,forecast_solar_generation,Solar,2026-09-05T23:28:55Z
2026-09-05T23:28:32Z,2026-09-06T01:28:32+0200,df6061e3-16eb-4891-bb33-0f084c8ab78c,2026-09-01T18:45:00Z,2026-09-01T20:45:00+0200,963.0,MW,ES,ES,forecast_solar_generation,Solar,2026-09-05T23:28:55Z
2026-09-05T23:28:32Z,2026-09-06T01:28:32+0200,df6061e3-16eb-4891-bb33-0f084c8ab78c,2026-09-01T19:00:00Z,2026-09-01T21:00:00+0200,553.0,MW,ES,ES,forecast_solar_generation,Solar,2026-09-05T23:28:55Z
2026-09-05T23:28:32Z,2026-09-06T01:28:32+0200,df6061e3-16eb-4891-bb33-0f084c8ab78c,2026-09-01T19:15:00Z,2026-09-01T21:15:00+0200,510.0,MW,ES,ES,forecast_solar_generation,Solar,2026-09-05T23:28:55Z
2026-09-05T23:28:32Z,2026-09-06T01:28:32+0200,df6061e3-16eb-4891-bb33-0f084c8ab78c,2026-09-01T19:30:00Z,2026-09-01T21:30:00+0200,478.0,MW,ES,ES,forecast_solar_generation,Solar,2026-09-05T23:28:55Z
2026-09-05T23:28:32Z,2026-09-06T01:28:32+0200,df6061e3-16eb-4891-bb33-0f084c8ab78c,2026-09-01T19:45:00Z,2026-09-01T21:45:00+0200,457.0,MW,ES,ES,forecast_solar_generation,Solar,2026-09-05T23:28:55Z
2026-09-05T23:28:32Z,2026-09-06T01:28:32+0200,df6061e3-16eb-4891-bb33-0f084c8ab78c,2026-09-01T20:00:00Z,2026-09-01T22:00:00+0200,438.0,MW,ES,ES,forecast_solar_generation,Solar,2026-09-05T23:28:55Z
2026-09-05T23:28:32Z,2026-09-06T01:28:32+0200,df6061e3-16eb-4891-bb33-0f084c8ab78c,2026-09-01T20:15:00Z,2026-09-01T22:15:00+0200,425.0,MW,ES,ES,forecast_solar_generation,Solar,2026-09-05T23:28:55Z
2026-09-05T23:28:32Z,2026-09-06T01:28:32+0200,df6061e3-16eb-4891-bb33-0f084c8ab78c,2026-09-01T20:30:00Z,2026-09-01T22:30:00+0200,412.0,MW,ES,ES,forecast_solar_generation,Solar,2026-09-05T23:28:55Z
2026-09-05T23:28:32Z,2026-09-06T01:28:32+0200,df6061e3-16eb-4891-bb33-0f084c8ab78c,2026-09-01T20:45:00Z,2026-09-01T22:45:00+0200,400.0,MW,ES,ES,forecast_solar_generation,Solar,2026-09-05T23:28:55Z
2026-09-05T23:28:32Z,2026-09-06T01:28:32+0200,df6061e3-16eb-4891-bb33-0f084c8ab78c,2026-09-01T21:00:00Z,2026-09-01T23:00:00+0200,383.0,MW,ES,ES,forecast_solar_generation,Solar,2026-09-05T23:28:55Z
2026-09-05T23:28:32Z,2026-09-06T01:28:32+0200,df6061e3-16eb-4891-bb33-0f084c8ab78c,2026-09-01T21:15:00Z,2026-09-01T23:15:00+0200,378.0,MW,ES,ES,forecast_solar_generation,Solar,2026-09-05T23:28:55Z
2026-09-05T23:28:32Z,2026-09-06T01:28:32+0200,df6061e3-16eb-4891-bb33-0f084c8ab78c,2026-09-01T21:30:00Z,2026-09-01T23:30:00+0200,377.0,MW,ES,ES,forecast_solar_generation,Solar,2026-09-05T23:28:55Z
2026-09-05T23:28:32Z,2026-09-06T01:28:32+0200,df6061e3-16eb-4891-bb33-0f084c8ab78c,2026-09-01T21:45:00Z,2026-09-01T23:45:00+0200,380.0,MW,ES,ES,forecast_solar_generation,Solar,2026-09-05T23:28:55Z
2026-09-05T23:28:32Z,2026-09-06T01:28:32+0200,df6061e3-16eb-4891-bb33-0f084c8ab78c,2026-09-01T22:00:00Z,2026-09-02T00:00:00+0200,407.0,MW,ES,ES,forecast_solar_generation,Solar,2026-09-05T23:28:55Z
2026-09-05T23:28:32Z,2026-09-06T01:28:32+0200,df6061e3-16eb-4891-bb33-0f084c8ab78c,2026-09-01T22:15:00Z,2026-09-02T00:15:00+0200,393.0,MW,ES,ES,forecast_solar_generation,Solar,2026-09-05T23:28:55Z
2026-09-05T23:28:32Z,2026-09-06T01:28:32+0200,df6061e3-16eb-4891-bb33-0f084c8ab78c,2026-09-01T22:30:00Z,2026-09-02T00:30:00+0200,382.0,MW,ES,ES,forecast_solar_generation,Solar,2026-09-05T23:28:55Z
2026-09-05T23:28:32Z,2026-09-06T01:28:32+0200,df6061e3-16eb-4891-bb33-0f084c8ab78c,2026-09-01T22:45:00Z,2026-09-02T00:45:00+0200,373.0,MW,ES,ES,forecast_solar_generation,Solar,2026-09-05T23:28:55Z
2026-09-05T23:28:32Z,2026-09-06T01:28:32+0200,df6061e3-16eb-4891-bb33-0f084c8ab78c,2026-09-01T23:00:00Z,2026-09-02T01:00:00+0200,362.0,MW,ES,ES,forecast_solar_generation,Solar,2026-09-05T23:28:55Z
2026-09-05T23:28:32Z,2026-09-06T01:28:32+0200,df6061e3-16eb-4891-bb33-0f084c8ab78c,2026-09-01T23:15:00Z,2026-09-02T01:15:00+0200,359.0,MW,ES,ES,forecast_solar_generation,Solar,2026-09-05T23:28:55Z
2026-09-05T23:28:32Z,2026-09-06T01:28:32+0200,df6061e3-16eb-4891-bb33-0f084c8ab78c,2026-09-01T23:30:00Z,2026-09-02T01:30:00+0200,359.0,MW,ES,ES,forecast_solar_generation,Solar,2026-09-05T23:28:55Z
2026-09-05T23:28:32Z,2026-09-06T01:28:32+0200,df6061e3-16eb-4891-bb33-0f084c8ab78c,2026-09-01T23:45:00Z,2026-09-02T01:45:00+0200,361.0,MW,ES,ES,forecast_solar_generation,Solar,2026-09-05T23:28:55Z
2026-09-05T23:28:32Z,2026-09-06T01:28:32+0200,df6061e3-16eb-4891-bb33-0f084c8ab78c,2026-09-02T00:00:00Z,2026-09-02T02:00:00+0200,366.0,MW,ES,ES,forecast_solar_generation,Solar,2026-09-05T23:28:55Z
2026-09-05T23:28:32Z,2026-09-06T01:28:32+0200,df6061e3-16eb-4891-bb33-0f084c8ab78c,2026-09-02T00:15:00Z,2026-09-02T02:15:00+0200,368.0,MW,ES,ES,forecast_solar_generation,Solar,2026-09-05T23:28:55Z
2026-09-05T23:28:32Z,2026-09-06T01:28:32+0200,df6061e3-16eb-4891-bb33-0f084c8ab78c,2026-09-02T00:30:00Z,2026-09-02T02:30:00+0200,369.0,MW,ES,ES,forecast_solar_generation,Solar,2026-09-05T23:28:55Z
2026-09-05T23:28:32Z,2026-09-06T01:28:32+0200,df6061e3-16eb-4891-bb33-0f084c8ab78c,2026-09-02T00:45:00Z,2026-09-02T02:45:00+0200,367.0,MW,ES,ES,forecast_solar_generation,Solar,2026-09-05T23:28:55Z
2026-09-05T23:28:32Z,2026-09-06T01:28:32+0200,df6061e3-16eb-4891-bb33-0f084c8ab78c,2026-09-02T01:00:00Z,2026-09-02T03:00:00+0200,369.0,MW,ES,ES,forecast_solar_generation,Solar,2026-09-05T23:28:55Z
2026-09-05T23:28:32Z,2026-09-06T01:28:32+0200,df6061e3-16eb-4891-bb33-0f084c8ab78c,2026-09-02T01:15:00Z,2026-09-02T03:15:00+0200,362.0,MW,ES,ES,forecast_solar_generation,Solar,2026-09-05T23:28:55Z
2026-09-05T23:28:32Z,2026-09-06T01:28:32+0200,df6061e3-16eb-4891-bb33-0f084c8ab78c,2026-09-02T01:30:00Z,2026-09-02T03:30:00+0200,353.0,MW,ES,ES,forecast_solar_generation,Solar,2026-09-05T23:28:55Z
2026-09-05T23:28:32Z,2026-09-06T01:28:32+0200,df6061e3-16eb-4891-bb33-0f084c8ab78c,2026-09-02T01:45:00Z,2026-09-02T03:45:00+0200,341.0,MW,ES,ES,forecast_solar_generation,Solar,2026-09-05T23:28:55Z
2026-09-05T23:28:32Z,2026-09-06T01:28:32+0200,df6061e3-16eb-4891-bb33-0f084c8ab78c,2026-09-02T02:00:00Z,2026-09-02T04:00:00+0200,331.0,MW,ES,ES,forecast_solar_generation,Solar,2026-09-05T23:28:55Z
2026-09-05T23:28:32Z,2026-09-06T01:28:32+0200,df6061e3-16eb-4891-bb33-0f084c8ab78c,2026-09-02T02:15:00Z,2026-09-02T04:15:00+0200,316.0,MW,ES,ES,forecast_solar_generation,Solar,2026-09-05T23:28:55Z
2026-09-05T23:28:32Z,2026-09-06T01:28:32+0200,df6061e3-16eb-4891-bb33-0f084c8ab78c,2026-09-02T02:30:00Z,2026-09-02T04:30:00+0200,299.0,MW,ES,ES,forecast_solar_generation,Solar,2026-09-05T23:28:55Z
2026-09-05T23:28:32Z,2026-09-06T01:28:32+0200,df6061e3-16eb-4891-bb33-0f084c8ab78c,2026-09-02T02:45:00Z,2026-09-02T04:45:00+0200,281.0,MW,ES,ES,forecast_solar_generation,Solar,2026-09-05T23:28:55Z
2026-09-05T23:28:32Z,2026-09-06T01:28:32+0200,df6061e3-16eb-4891-bb33-0f084c8ab78c,2026-09-02T03:00:00Z,2026-09-02T05:00:00+0200,266.0,MW,ES,ES,forecast_solar_generation,Solar,2026-09-05T23:28:55Z
2026-09-05T23:28:32Z,2026-09-06T01:28:32+0200,df6061e3-16eb-4891-bb33-0f084c8ab78c,2026-09-02T03:15:00Z,2026-09-02T05:15:00+0200,246.0,MW,ES,ES,forecast_solar_generation,Solar,2026-09-05T23:28:55Z
2026-09-05T23:28:32Z,2026-09-06T01:28:32+0200,df6061e3-16eb-4891-bb33-0f084c8ab78c,2026-09-02T03:30:00Z,2026-09-02T05:30:00+0200,227.0,MW,ES,ES,forecast_solar_generation,Solar,2026-09-05T23:28:55Z
2026-09-05T23:28:32Z,2026-09-06T01:28:32+0200,df6061e3-16eb-4891-bb33-0f084c8ab78c,2026-09-02T03:45:00Z,2026-09-02T05:45:00+0200,207.0,MW,ES,ES,forecast_solar_generation,Solar,2026-09-05T23:28:55Z
2026-09-05T23:28:32Z,2026-09-06T01:28:32+0200,df6061e3-16eb-4891-bb33-0f084c8ab78c,2026-09-02T04:00:00Z,2026-09-02T06:00:00+0200,191.0,MW,ES,ES,forecast_solar_generation,Solar,2026-09-05T23:28:55Z
2026-09-05T23:28:32Z,2026-09-06T01:28:32+0200,df6061e3-16eb-4891-bb33-0f084c8ab78c,2026-09-02T04:15:00Z,2026-09-02T06:15:00+0200,170.0,MW,ES,ES,forecast_solar_generation,Solar,2026-09-05T23:28:55Z
2026-09-05T23:28:32Z,2026-09-06T01:28:32+0200,df6061e3-16eb-4891-bb33-0f084c8ab78c,2026-09-02T04:30:00Z,2026-09-02T06:30:00+0200,150.0,MW,ES,ES,forecast_solar_generation,Solar,2026-09-05T23:28:55Z
2026-09-05T23:28:32Z,2026-09-06T01:28:32+0200,df6061e3-16eb-4891-bb33-0f084c8ab78c,2026-09-02T04:45:00Z,2026-09-02T06:45:00+0200,131.0,MW,ES,ES,forecast_solar_generation,Solar,2026-09-05T23:28:55Z
2026-09-05T23:28:32Z,2026-09-06T01:28:32+0200,df6061e3-16eb-4891-bb33-0f084c8ab78c,2026-09-02T05:00:00Z,2026-09-02T07:00:00+0200,109.0,MW,ES,ES,forecast_solar_generation,Solar,2026-09-05T23:28:55Z
2026-09-05T23:28:32Z,2026-09-06T01:28:32+0200,df6061e3-16eb-4891-bb33-0f084c8ab78c,2026-09-02T05:15:00Z,2026-09-02T07:15:00+0200,142.0,MW,ES,ES,forecast_solar_generation,Solar,2026-09-05T23:28:55Z
2026-09-05T23:28:32Z,2026-09-06T01:28:32+0200,df6061e3-16eb-4891-bb33-0f084c8ab78c,2026-09-02T05:30:00Z,2026-09-02T07:30:00+0200,256.0,MW,ES,ES,forecast_solar_generation,Solar,2026-09-05T23:28:55Z
2026-09-05T23:28:32Z,2026-09-06T01:28:32+0200,df6061e3-16eb-4891-bb33-0f084c8ab78c,2026-09-02T05:45:00Z,2026-09-02T07:45:00+0200,466.0,MW,ES,ES,forecast_solar_generation,Solar,2026-09-05T23:28:55Z
2026-09-05T23:28:32Z,2026-09-06T01:28:32+0200,df6061e3-16eb-4891-bb33-0f084c8ab78c,2026-09-02T06:00:00Z,2026-09-02T08:00:00+0200,1790.0,MW,ES,ES,forecast_solar_generation,Solar,2026-09-05T23:28:55Z
2026-09-05T23:28:32Z,2026-09-06T01:28:32+0200,df6061e3-16eb-4891-bb33-0f084c8ab78c,2026-09-02T06:15:00Z,2026-09-02T08:15:00+0200,3034.0,MW,ES,ES,forecast_solar_generation,Solar,2026-09-05T23:28:55Z
2026-09-05T23:28:32Z,2026-09-06T01:28:32+0200,df6061e3-16eb-4891-bb33-0f084c8ab78c,2026-09-02T06:30:00Z,2026-09-02T08:30:00+0200,4660.0,MW,ES,ES,forecast_solar_generation,Solar,2026-09-05T23:28:55Z
2026-09-05T23:28:32Z,2026-09-06T01:28:32+0200,df6061e3-16eb-4891-bb33-0f084c8ab78c,2026-09-02T06:45:00Z,2026-09-02T08:45:00+0200,6498.0,MW,ES,ES,forecast_solar_generation,Solar,2026-09-05T23:28:55Z
2026-09-05T23:28:32Z,2026-09-06T01:28:32+0200,df6061e3-16eb-4891-bb33-0f084c8ab78c,2026-09-02T07:00:00Z,2026-09-02T09:00:00+0200,10381.0,MW,ES,ES,forecast_solar_generation,Solar,2026-09-05T23:28:55Z
2026-09-05T23:28:32Z,2026-09-06T01:28:32+0200,df6061e3-16eb-4891-bb33-0f084c8ab78c,2026-09-02T07:15:00Z,2026-09-02T09:15:00+0200,12878.0,MW,ES,ES,forecast_solar_generation,Solar,2026-09-05T23:28:55Z
2026-09-05T23:28:32Z,2026-09-06T01:28:32+0200,df6061e3-16eb-4891-bb33-0f084c8ab78c,2026-09-02T07:30:00Z,2026-09-02T09:30:00+0200,15185.0,MW,ES,ES,forecast_solar_generation,Solar,2026-09-05T23:28:55Z
2026-09-05T23:28:32Z,2026-09-06T01:28:32+0200,df6061e3-16eb-4891-bb33-0f084c8ab78c,2026-09-02T07:45:00Z,2026-09-02T09:45:00+0200,16937.0,MW,ES,ES,forecast_solar_generation,Solar,2026-09-05T23:28:55Z
2026-09-05T23:28:32Z,2026-09-06T01:28:32+0200,df6061e3-16eb-4891-bb33-0f084c8ab78c,2026-09-02T08:00:00Z,2026-09-02T10:00:00+0200,18982.0,MW,ES,ES,forecast_solar_generation,Solar,2026-09-05T23:28:55Z
2026-09-05T23:28:32Z,2026-09-06T01:28:32+0200,df6061e3-16eb-4891-bb33-0f084c8ab78c,2026-09-02T08:15:00Z,2026-09-02T10:15:00+0200,20050.0,MW,ES,ES,forecast_solar_generation,Solar,2026-09-05T23:28:55Z
2026-09-05T23:28:32Z,2026-09-06T01:28:32+0200,df6061e3-16eb-4891-bb33-0f084c8ab78c,2026-09-02T08:30:00Z,2026-09-02T10:30:00+0200,20803.0,MW,ES,ES,forecast_solar_generation,Solar,2026-09-05T23:28:55Z
2026-09-05T23:28:32Z,2026-09-06T01:28:32+0200,df6061e3-16eb-4891-bb33-0f084c8ab78c,2026-09-02T08:45:00Z,2026-09-02T10:45:00+0200,21319.0,MW,ES,ES,forecast_solar_generation,Solar,2026-09-05T23:28:55Z
2026-09-05T23:28:32Z,2026-09-06T01:28:32+0200,df6061e3-16eb-4891-bb33-0f084c8ab78c,2026-09-02T09:00:00Z,2026-09-02T11:00:00+0200,22171.0,MW,ES,ES,forecast_solar_generation,Solar,2026-09-05T23:28:55Z
2026-09-05T23:28:32Z,2026-09-06T01:28:32+0200,df6061e3-16eb-4891-bb33-0f084c8ab78c,2026-09-02T09:15:00Z,2026-09-02T11:15:00+0200,22445.0,MW,ES,ES,forecast_solar_generation,Solar,2026-09-05T23:28:55Z
2026-09-05T23:28:32Z,2026-09-06T01:28:32+0200,df6061e3-16eb-4891-bb33-0f084c8ab78c,2026-09-02T09:30:00Z,2026-09-02T11:30:00+0200,22674.0,MW,ES,ES,forecast_solar_generation,Solar,2026-09-05T23:28:55Z
2026-09-05T23:28:32Z,2026-09-06T01:28:32+0200,df6061e3-16eb-4891-bb33-0f084c8ab78c,2026-09-02T09:45:00Z,2026-09-02T11:45:00+0200,22871.0,MW,ES,ES,forecast_solar_generation,Solar,2026-09-05T23:28:55Z
2026-09-05T23:28:32Z,2026-09-06T01:28:32+0200,df6061e3-16eb-4891-bb33-0f084c8ab78c,2026-09-02T10:00:00Z,2026-09-02T12:00:00+0200,23071.0,MW,ES,ES,forecast_solar_generation,Solar,2026-09-05T23:28:55Z
2026-09-05T23:28:32Z,2026-09-06T01:28:32+0200,df6061e3-16eb-4891-bb33-0f084c8ab78c,2026-09-02T10:15:00Z,2026-09-02T12:15:00+0200,23182.0,MW,ES,ES,forecast_solar_generation,Solar,2026-09-05T23:28:55Z
2026-09-05T23:28:32Z,2026-09-06T01:28:32+0200,df6061e3-16eb-4891-bb33-0f084c8ab78c,2026-09-02T10:30:00Z,2026-09-02T12:30:00+0200,23317.0,MW,ES,ES,forecast_solar_generation,Solar,2026-09-05T23:28:55Z
2026-09-05T23:28:32Z,2026-09-06T01:28:32+0200,df6061e3-16eb-4891-bb33-0f084c8ab78c,2026-09-02T10:45:00Z,2026-09-02T12:45:00+0200,23476.0,MW,ES,ES,forecast_solar_generation,Solar,2026-09-05T23:28:55Z
2026-09-05T23:28:32Z,2026-09-06T01:28:32+0200,df6061e3-16eb-4891-bb33-0f084c8ab78c,2026-09-02T11:00:00Z,2026-09-02T13:00:00+0200,23224.0,MW,ES,ES,forecast_solar_generation,Solar,2026-09-05T23:28:55Z
2026-09-05T23:28:32Z,2026-09-06T01:28:32+0200,df6061e3-16eb-4891-bb33-0f084c8ab78c,2026-09-02T11:15:00Z,2026-09-02T13:15:00+0200,23311.0,MW,ES,ES,forecast_solar_generation,Solar,2026-09-05T23:28:55Z
2026-09-05T23:28:32Z,2026-09-06T01:28:32+0200,df6061e3-16eb-4891-bb33-0f084c8ab78c,2026-09-02T11:30:00Z,2026-09-02T13:30:00+0200,23377.0,MW,ES,ES,forecast_solar_generation,Solar,2026-09-05T23:28:55Z
2026-09-05T23:28:32Z,2026-09-06T01:28:32+0200,df6061e3-16eb-4891-bb33-0f084c8ab78c,2026-09-02T11:45:00Z,2026-09-02T13:45:00+0200,23406.0,MW,ES,ES,forecast_solar_generation,Solar,2026-09-05T23:28:55Z
2026-09-05T23:28:32Z,2026-09-06T01:28:32+0200,df6061e3-16eb-4891-bb33-0f084c8ab78c,2026-09-02T12:00:00Z,2026-09-02T14:00:00+0200,24033.0,MW,ES,ES,forecast_solar_generation,Solar,2026-09-05T23:28:55Z
2026-09-05T23:28:32Z,2026-09-06T01:28:32+0200,df6061e3-16eb-4891-bb33-0f084c8ab78c,2026-09-02T12:15:00Z,2026-09-02T14:15:00+0200,23967.0,MW,ES,ES,forecast_solar_generation,Solar,2026-09-05T23:28:55Z
2026-09-05T23:28:32Z,2026-09-06T01:28:32+0200,df6061e3-16eb-4891-bb33-0f084c8ab78c,2026-09-02T12:30:00Z,2026-09-02T14:30:00+0200,23849.0,MW,ES,ES,forecast_solar_generation,Solar,2026-09-05T23:28:55Z
2026-09-05T23:28:32Z,2026-09-06T01:28:32+0200,df6061e3-16eb-4891-bb33-0f084c8ab78c,2026-09-02T12:45:00Z,2026-09-02T14:45:00+0200,23286.0,MW,ES,ES,forecast_solar_generation,Solar,2026-09-05T23:28:55Z
2026-09-05T23:28:32Z,2026-09-06T01:28:32+0200,df6061e3-16eb-4891-bb33-0f084c8ab78c,2026-09-02T13:00:00Z,2026-09-02T15:00:00+0200,22979.0,MW,ES,ES,forecast_solar_generation,Solar,2026-09-05T23:28:55Z
2026-09-05T23:28:32Z,2026-09-06T01:28:32+0200,df6061e3-16eb-4891-bb33-0f084c8ab78c,2026-09-02T13:15:00Z,2026-09-02T15:15:00+0200,22785.0,MW,ES,ES,forecast_solar_generation,Solar,2026-09-05T23:28:55Z
2026-09-05T23:28:32Z,2026-09-06T01:28:32+0200,df6061e3-16eb-4891-bb33-0f084c8ab78c,2026-09-02T13:30:00Z,2026-09-02T15:30:00+0200,22593.0,MW,ES,ES,forecast_solar_generation,Solar,2026-09-05T23:28:55Z
2026-09-05T23:28:32Z,2026-09-06T01:28:32+0200,df6061e3-16eb-4891-bb33-0f084c8ab78c,2026-09-02T13:45:00Z,2026-09-02T15:45:00+0200,22420.0,MW,ES,ES,forecast_solar_generation,Solar,2026-09-05T23:28:55Z
2026-09-05T23:28:32Z,2026-09-06T01:28:32+0200,df6061e3-16eb-4891-bb33-0f084c8ab78c,2026-09-02T14:00:00Z,2026-09-02T16:00:00+0200,22246.0,MW,ES,ES,forecast_solar_generation,Solar,2026-09-05T23:28:55Z
2026-09-05T23:28:32Z,2026-09-06T01:28:32+0200,df6061e3-16eb-4891-bb33-0f084c8ab78c,2026-09-02T14:15:00Z,2026-09-02T16:15:00+0200,22030.0,MW,ES,ES,forecast_solar_generation,Solar,2026-09-05T23:28:55Z
2026-09-05T23:28:32Z,2026-09-06T01:28:32+0200,df6061e3-16eb-4891-bb33-0f084c8ab78c,2026-09-02T14:30:00Z,2026-09-02T16:30:00+0200,21744.0,MW,ES,ES,forecast_solar_generation,Solar,2026-09-05T23:28:55Z
2026-09-05T23:28:32Z,2026-09-06T01:28:32+0200,df6061e3-16eb-4891-bb33-0f084c8ab78c,2026-09-02T14:45:00Z,2026-09-02T16:45:00+0200,21414.0,MW,ES,ES,forecast_solar_generation,Solar,2026-09-05T23:28:55Z
2026-09-05T23:28:32Z,2026-09-06T01:28:32+0200,df6061e3-16eb-4891-bb33-0f084c8ab78c,2026-09-02T15:00:00Z,2026-09-02T17:00:00+0200,20814.0,MW,ES,ES,forecast_solar_generation,Solar,2026-09-05T23:28:55Z
2026-09-05T23:28:32Z,2026-09-06T01:28:32+0200,df6061e3-16eb-4891-bb33-0f084c8ab78c,2026-09-02T15:15:00Z,2026-09-02T17:15:00+0200,20392.0,MW,ES,ES,forecast_solar_generation,Solar,2026-09-05T23:28:55Z
2026-09-05T23:28:32Z,2026-09-06T01:28:32+0200,df6061e3-16eb-4891-bb33-0f084c8ab78c,2026-09-02T15:30:00Z,2026-09-02T17:30:00+0200,19922.0,MW,ES,ES,forecast_solar_generation,Solar,2026-09-05T23:28:55Z
2026-09-05T23:28:32Z,2026-09-06T01:28:32+0200,df6061e3-16eb-4891-bb33-0f084c8ab78c,2026-09-02T15:45:00Z,2026-09-02T17:45:00+0200,19401.0,MW,ES,ES,forecast_solar_generation,Solar,2026-09-05T23:28:55Z
2026-09-05T23:28:32Z,2026-09-06T01:28:32+0200,df6061e3-16eb-4891-bb33-0f084c8ab78c,2026-09-02T16:00:00Z,2026-09-02T18:00:00+0200,19359.0,MW,ES,ES,forecast_solar_generation,Solar,2026-09-05T23:28:55Z
2026-09-05T23:28:32Z,2026-09-06T01:28:32+0200,df6061e3-16eb-4891-bb33-0f084c8ab78c,2026-09-02T16:15:00Z,2026-09-02T18:15:00+0200,18386.0,MW,ES,ES,forecast_solar_generation,Solar,2026-09-05T23:28:55Z
2026-09-05T23:28:32Z,2026-09-06T01:28:32+0200,df6061e3-16eb-4891-bb33-0f084c8ab78c,2026-09-02T16:30:00Z,2026-09-02T18:30:00+0200,17088.0,MW,ES,ES,forecast_solar_generation,Solar,2026-09-05T23:28:55Z
2026-09-05T23:28:32Z,2026-09-06T01:28:32+0200,df6061e3-16eb-4891-bb33-0f084c8ab78c,2026-09-02T16:45:00Z,2026-09-02T18:45:00+0200,15528.0,MW,ES,ES,forecast_solar_generation,Solar,2026-09-05T23:28:55Z
2026-09-05T23:28:32Z,2026-09-06T01:28:32+0200,df6061e3-16eb-4891-bb33-0f084c8ab78c,2026-09-02T17:00:00Z,2026-09-02T19:00:00+0200,14452.0,MW,ES,ES,forecast_solar_generation,Solar,2026-09-05T23:28:55Z
2026-09-05T23:28:32Z,2026-09-06T01:28:32+0200,df6061e3-16eb-4891-bb33-0f084c8ab78c,2026-09-02T17:15:00Z,2026-09-02T19:15:00+0200,12170.0,MW,ES,ES,forecast_solar_generation,Solar,2026-09-05T23:28:55Z
2026-09-05T23:28:32Z,2026-09-06T01:28:32+0200,df6061e3-16eb-4891-bb33-0f084c8ab78c,2026-09-02T17:30:00Z,2026-09-02T19:30:00+0200,9503.0,MW,ES,ES,forecast_solar_generation,Solar,2026-09-05T23:28:55Z
2026-09-05T23:28:32Z,2026-09-06T01:28:32+0200,df6061e3-16eb-4891-bb33-0f084c8ab78c,2026-09-02T17:45:00Z,2026-09-02T19:45:00+0200,6871.0,MW,ES,ES,forecast_solar_generation,Solar,2026-09-05T23:28:55Z
2026-09-05T23:28:32Z,2026-09-06T01:28:32+0200,df6061e3-16eb-4891-bb33-0f084c8ab78c,2026-09-02T18:00:00Z,2026-09-02T20:00:00+0200,4754.0,MW,ES,ES,forecast_solar_generation,Solar,2026-09-05T23:28:55Z
2026-09-05T23:28:32Z,2026-09-06T01:28:32+0200,df6061e3-16eb-4891-bb33-0f084c8ab78c,2026-09-02T18:15:00Z,2026-09-02T20:15:00+0200,2843.0,MW,ES,ES,forecast_solar_generation,Solar,2026-09-05T23:28:55Z
2026-09-05T23:28:32Z,2026-09-06T01:28:32+0200,df6061e3-16eb-4891-bb33-0f084c8ab78c,2026-09-02T18:30:00Z,2026-09-02T20:30:00+0200,1615.0,MW,ES,ES,forecast_solar_generation,Solar,2026-09-05T23:28:55Z
2026-09-05T23:28:32Z,2026-09-06T01:28:32+0200,df6061e3-16eb-4891-bb33-0f084c8ab78c,2026-09-02T18:45:00Z,2026-09-02T20:45:00+0200,953.0,MW,ES,ES,forecast_solar_generation,Solar,2026-09-05T23:28:55Z
2026-09-05T23:28:32Z,2026-09-06T01:28:32+0200,df6061e3-16eb-4891-bb33-0f084c8ab78c,2026-09-02T19:00:00Z,2026-09-02T21:00:00+0200,614.0,MW,ES,ES,forecast_solar_generation,Solar,2026-09-05T23:28:55Z
2026-09-05T23:28:32Z,2026-09-06T01:28:32+0200,df6061e3-16eb-4891-bb33-0f084c8ab78c,2026-09-02T19:15:00Z,2026-09-02T21:15:00+0200,575.0,MW,ES,ES,forecast_solar_generation,Solar,2026-09-05T23:28:55Z
2026-09-05T23:28:32Z,2026-09-06T01:28:32+0200,df6061e3-16eb-4891-bb33-0f084c8ab78c,2026-09-02T19:30:00Z,2026-09-02T21:30:00+0200,544.0,MW,ES,ES,forecast_solar_generation,Solar,2026-09-05T23:28:55Z
2026-09-05T23:28:32Z,2026-09-06T01:28:32+0200,df6061e3-16eb-4891-bb33-0f084c8ab78c,2026-09-02T19:45:00Z,2026-09-02T21:45:00+0200,522.0,MW,ES,ES,forecast_solar_generation,Solar,2026-09-05T23:28:55Z
2026-09-05T23:28:32Z,2026-09-06T01:28:32+0200,df6061e3-16eb-4891-bb33-0f084c8ab78c,2026-09-02T20:00:00Z,2026-09-02T22:00:00+0200,498.0,MW,ES,ES,forecast_solar_generation,Solar,2026-09-05T23:28:55Z
2026-09-05T23:28:32Z,2026-09-06T01:28:32+0200,df6061e3-16eb-4891-bb33-0f084c8ab78c,2026-09-02T20:15:00Z,2026-09-02T22:15:00+0200,486.0,MW,ES,ES,forecast_solar_generation,Solar,2026-09-05T23:28:55Z
2026-09-05T23:28:32Z,2026-09-06T01:28:32+0200,df6061e3-16eb-4891-bb33-0f084c8ab78c,2026-09-02T20:30:00Z,2026-09-02T22:30:00+0200,478.0,MW,ES,ES,forecast_solar_generation,Solar,2026-09-05T23:28:55Z
2026-09-05T23:28:32Z,2026-09-06T01:28:32+0200,df6061e3-16eb-4891-bb33-0f084c8ab78c,2026-09-02T20:45:00Z,2026-09-02T22:45:00+0200,473.0,MW,ES,ES,forecast_solar_generation,Solar,2026-09-05T23:28:55Z
2026-09-05T23:28:32Z,2026-09-06T01:28:32+0200,df6061e3-16eb-4891-bb33-0f084c8ab78c,2026-09-02T21:00:00Z,2026-09-02T23:00:00+0200,470.0,MW,ES,ES,forecast_solar_generation,Solar,2026-09-05T23:28:55Z
2026-09-05T23:28:32Z,2026-09-06T01:28:32+0200,df6061e3-16eb-4891-bb33-0f084c8ab78c,2026-09-02T21:15:00Z,2026-09-02T23:15:00+0200,464.0,MW,ES,ES,forecast_solar_generation,Solar,2026-09-05T23:28:55Z
2026-09-05T23:28:32Z,2026-09-06T01:28:32+0200,df6061e3-16eb-4891-bb33-0f084c8ab78c,2026-09-02T21:30:00Z,2026-09-02T23:30:00+0200,456.0,MW,ES,ES,forecast_solar_generation,Solar,2026-09-05T23:28:55Z
2026-09-05T23:28:32Z,2026-09-06T01:28:32+0200,df6061e3-16eb-4891-bb33-0f084c8ab78c,2026-09-02T21:45:00Z,2026-09-02T23:45:00+0200,447.0,MW,ES,ES,forecast_solar_generation,Solar,2026-09-05T23:28:55Z
2026-09-05T23:28:32Z,2026-09-06T01:28:32+0200,df6061e3-16eb-4891-bb33-0f084c8ab78c,2026-09-02T22:00:00Z,2026-09-03T00:00:00+0200,464.0,MW,ES,ES,forecast_solar_generation,Solar,2026-09-05T23:28:55Z
2026-09-05T23:28:32Z,2026-09-06T01:28:32+0200,df6061e3-16eb-4891-bb33-0f084c8ab78c,2026-09-02T22:15:00Z,2026-09-03T00:15:00+0200,452.0,MW,ES,ES,forecast_solar_generation,Solar,2026-09-05T23:28:55Z
2026-09-05T23:28:32Z,2026-09-06T01:28:32+0200,df6061e3-16eb-4891-bb33-0f084c8ab78c,2026-09-02T22:30:00Z,2026-09-03T00:30:00+0200,440.0,MW,ES,ES,forecast_solar_generation,Solar,2026-09-05T23:28:55Z
2026-09-05T23:28:32Z,2026-09-06T01:28:32+0200,df6061e3-16eb-4891-bb33-0f084c8ab78c,2026-09-02T22:45:00Z,2026-09-03T00:45:00+0200,431.0,MW,ES,ES,forecast_solar_generation,Solar,2026-09-05T23:28:55Z
2026-09-05T23:28:32Z,2026-09-06T01:28:32+0200,df6061e3-16eb-4891-bb33-0f084c8ab78c,2026-09-02T23:00:00Z,2026-09-03T01:00:00+0200,419.0,MW,ES,ES,forecast_solar_generation,Solar,2026-09-05T23:28:55Z
2026-09-05T23:28:32Z,2026-09-06T01:28:32+0200,df6061e3-16eb-4891-bb33-0f084c8ab78c,2026-09-02T23:15:00Z,2026-09-03T01:15:00+0200,416.0,MW,ES,ES,forecast_solar_generation,Solar,2026-09-05T23:28:55Z
2026-09-05T23:28:32Z,2026-09-06T01:28:32+0200,df6061e3-16eb-4891-bb33-0f084c8ab78c,2026-09-02T23:30:00Z,2026-09-03T01:30:00+0200,415.0,MW,ES,ES,forecast_solar_generation,Solar,2026-09-05T23:28:55Z
2026-09-05T23:28:32Z,2026-09-06T01:28:32+0200,df6061e3-16eb-4891-bb33-0f084c8ab78c,2026-09-02T23:45:00Z,2026-09-03T01:45:00+0200,415.0,MW,ES,ES,forecast_solar_generation,Solar,2026-09-05T23:28:55Z
2026-09-05T23:28:32Z,2026-09-06T01:28:32+0200,df6061e3-16eb-4891-bb33-0f084c8ab78c,2026-09-03T00:00:00Z,2026-09-03T02:00:00+0200,420.0,MW,ES,ES,forecast_solar_generation,Solar,2026-09-05T23:28:55Z
2026-09-05T23:28:32Z,2026-09-06T01:28:32+0200,df6061e3-16eb-4891-bb33-0f084c8ab78c,2026-09-03T00:15:00Z,2026-09-03T02:15:00+0200,419.0,MW,ES,ES,forecast_solar_generation,Solar,2026-09-05T23:28:55Z
2026-09-05T23:28:32Z,2026-09-06T01:28:32+0200,df6061e3-16eb-4891-bb33-0f084c8ab78c,2026-09-03T00:30:00Z,2026-09-03T02:30:00+0200,416.0,MW,ES,ES,forecast_solar_generation,Solar,2026-09-05T23:28:55Z
2026-09-05T23:28:32Z,2026-09-06T01:28:32+0200,df6061e3-16eb-4891-bb33-0f084c8ab78c,2026-09-03T00:45:00Z,2026-09-03T02:45:00+0200,410.0,MW,ES,ES,forecast_solar_generation,Solar,2026-09-05T23:28:55Z
2026-09-05T23:28:32Z,2026-09-06T01:28:32+0200,df6061e3-16eb-4891-bb33-0f084c8ab78c,2026-09-03T01:00:00Z,2026-09-03T03:00:00+0200,405.0,MW,ES,ES,forecast_solar_generation,Solar,2026-09-05T23:28:55Z
2026-09-05T23:28:32Z,2026-09-06T01:28:32+0200,df6061e3-16eb-4891-bb33-0f084c8ab78c,2026-09-03T01:15:00Z,2026-09-03T03:15:00+0200,396.0,MW,ES,ES,forecast_solar_generation,Solar,2026-09-05T23:28:55Z
2026-09-05T23:28:32Z,2026-09-06T01:28:32+0200,df6061e3-16eb-4891-bb33-0f084c8ab78c,2026-09-03T01:30:00Z,2026-09-03T03:30:00+0200,386.0,MW,ES,ES,forecast_solar_generation,Solar,2026-09-05T23:28:55Z
2026-09-05T23:28:32Z,2026-09-06T01:28:32+0200,df6061e3-16eb-4891-bb33-0f084c8ab78c,2026-09-03T01:45:00Z,2026-09-03T03:45:00+0200,375.0,MW,ES,ES,forecast_solar_generation,Solar,2026-09-05T23:28:55Z
2026-09-05T23:28:32Z,2026-09-06T01:28:32+0200,df6061e3-16eb-4891-bb33-0f084c8ab78c,2026-09-03T02:00:00Z,2026-09-03T04:00:00+0200,369.0,MW,ES,ES,forecast_solar_generation,Solar,2026-09-05T23:28:55Z
2026-09-05T23:28:32Z,2026-09-06T01:28:32+0200,df6061e3-16eb-4891-bb33-0f084c8ab78c,2026-09-03T02:15:00Z,2026-09-03T04:15:00+0200,350.0,MW,ES,ES,forecast_solar_generation,Solar,2026-09-05T23:28:55Z
2026-09-05T23:28:32Z,2026-09-06T01:28:32+0200,df6061e3-16eb-4891-bb33-0f084c8ab78c,2026-09-03T02:30:00Z,2026-09-03T04:30:00+0200,327.0,MW,ES,ES,forecast_solar_generation,Solar,2026-09-05T23:28:55Z
2026-09-05T23:28:32Z,2026-09-06T01:28:32+0200,df6061e3-16eb-4891-bb33-0f084c8ab78c,2026-09-03T02:45:00Z,2026-09-03T04:45:00+0200,301.0,MW,ES,ES,forecast_solar_generation,Solar,2026-09-05T23:28:55Z
2026-09-05T23:28:32Z,2026-09-06T01:28:32+0200,df6061e3-16eb-4891-bb33-0f084c8ab78c,2026-09-03T03:00:00Z,2026-09-03T05:00:00+0200,275.0,MW,ES,ES,forecast_solar_generation,Solar,2026-09-05T23:28:55Z
2026-09-05T23:28:32Z,2026-09-06T01:28:32+0200,df6061e3-16eb-4891-bb33-0f084c8ab78c,2026-09-03T03:15:00Z,2026-09-03T05:15:00+0200,250.0,MW,ES,ES,forecast_solar_generation,Solar,2026-09-05T23:28:55Z
2026-09-05T23:28:32Z,2026-09-06T01:28:32+0200,df6061e3-16eb-4891-bb33-0f084c8ab78c,2026-09-03T03:30:00Z,2026-09-03T05:30:00+0200,227.0,MW,ES,ES,forecast_solar_generation,Solar,2026-09-05T23:28:55Z
2026-09-05T23:28:32Z,2026-09-06T01:28:32+0200,df6061e3-16eb-4891-bb33-0f084c8ab78c,2026-09-03T03:45:00Z,2026-09-03T05:45:00+0200,208.0,MW,ES,ES,forecast_solar_generation,Solar,2026-09-05T23:28:55Z
2026-09-05T23:28:32Z,2026-09-06T01:28:32+0200,df6061e3-16eb-4891-bb33-0f084c8ab78c,2026-09-03T04:00:00Z,2026-09-03T06:00:00+0200,191.0,MW,ES,ES,forecast_solar_generation,Solar,2026-09-05T23:28:55Z
2026-09-05T23:28:32Z,2026-09-06T01:28:32+0200,df6061e3-16eb-4891-bb33-0f084c8ab78c,2026-09-03T04:15:00Z,2026-09-03T06:15:00+0200,175.0,MW,ES,ES,forecast_solar_generation,Solar,2026-09-05T23:28:55Z
2026-09-05T23:28:32Z,2026-09-06T01:28:32+0200,df6061e3-16eb-4891-bb33-0f084c8ab78c,2026-09-03T04:30:00Z,2026-09-03T06:30:00+0200,159.0,MW,ES,ES,forecast_solar_generation,Solar,2026-09-05T23:28:55Z
2026-09-05T23:28:32Z,2026-09-06T01:28:32+0200,df6061e3-16eb-4891-bb33-0f084c8ab78c,2026-09-03T04:45:00Z,2026-09-03T06:45:00+0200,144.0,MW,ES,ES,forecast_solar_generation,Solar,2026-09-05T23:28:55Z
2026-09-05T23:28:32Z,2026-09-06T01:28:32+0200,df6061e3-16eb-4891-bb33-0f084c8ab78c,2026-09-03T05:00:00Z,2026-09-03T07:00:00+0200,130.0,MW,ES,ES,forecast_solar_generation,Solar,2026-09-05T23:28:55Z
2026-09-05T23:28:32Z,2026-09-06T01:28:32+0200,df6061e3-16eb-4891-bb33-0f084c8ab78c,2026-09-03T05:15:00Z,2026-09-03T07:15:00+0200,143.0,MW,ES,ES,forecast_solar_generation,Solar,2026-09-05T23:28:55Z
2026-09-05T23:28:32Z,2026-09-06T01:28:32+0200,df6061e3-16eb-4891-bb33-0f084c8ab78c,2026-09-03T05:30:00Z,2026-09-03T07:30:00+0200,230.0,MW,ES,ES,forecast_solar_generation,Solar,2026-09-05T23:28:55Z
2026-09-05T23:28:32Z,2026-09-06T01:28:32+0200,df6061e3-16eb-4891-bb33-0f084c8ab78c,2026-09-03T05:45:00Z,2026-09-03T07:45:00+0200,392.0,MW,ES,ES,forecast_solar_generation,Solar,2026-09-05T23:28:55Z
2026-09-05T23:28:32Z,2026-09-06T01:28:32+0200,df6061e3-16eb-4891-bb33-0f084c8ab78c,2026-09-03T06:00:00Z,2026-09-03T08:00:00+0200,1846.0,MW,ES,ES,forecast_solar_generation,Solar,2026-09-05T23:28:55Z
2026-09-05T23:28:32Z,2026-09-06T01:28:32+0200,df6061e3-16eb-4891-bb33-0f084c8ab78c,2026-09-03T06:15:00Z,2026-09-03T08:15:00+0200,3119.0,MW,ES,ES,forecast_solar_generation,Solar,2026-09-05T23:28:55Z
2026-09-05T23:28:32Z,2026-09-06T01:28:32+0200,df6061e3-16eb-4891-bb33-0f084c8ab78c,2026-09-03T06:30:00Z,2026-09-03T08:30:00+0200,4769.0,MW,ES,ES,forecast_solar_generation,Solar,2026-09-05T23:28:55Z
2026-09-05T23:28:32Z,2026-09-06T01:28:32+0200,df6061e3-16eb-4891-bb33-0f084c8ab78c,2026-09-03T06:45:00Z,2026-09-03T08:45:00+0200,6710.0,MW,ES,ES,forecast_solar_generation,Solar,2026-09-05T23:28:55Z
2026-09-05T23:28:32Z,2026-09-06T01:28:32+0200,df6061e3-16eb-4891-bb33-0f084c8ab78c,2026-09-03T07:00:00Z,2026-09-03T09:00:00+0200,10871.0,MW,ES,ES,forecast_solar_generation,Solar,2026-09-05T23:28:55Z
2026-09-05T23:28:32Z,2026-09-06T01:28:32+0200,df6061e3-16eb-4891-bb33-0f084c8ab78c,2026-09-03T07:15:00Z,2026-09-03T09:15:00+0200,13001.0,MW,ES,ES,forecast_solar_generation,Solar,2026-09-05T23:28:55Z
2026-09-05T23:28:32Z,2026-09-06T01:28:32+0200,df6061e3-16eb-4891-bb33-0f084c8ab78c,2026-09-03T07:30:00Z,2026-09-03T09:30:00+0200,15333.0,MW,ES,ES,forecast_solar_generation,Solar,2026-09-05T23:28:55Z
2026-09-05T23:28:32Z,2026-09-06T01:28:32+0200,df6061e3-16eb-4891-bb33-0f084c8ab78c,2026-09-03T07:45:00Z,2026-09-03T09:45:00+0200,17334.0,MW,ES,ES,forecast_solar_generation,Solar,2026-09-05T23:28:55Z
2026-09-05T23:28:32Z,2026-09-06T01:28:32+0200,df6061e3-16eb-4891-bb33-0f084c8ab78c,2026-09-03T08:00:00Z,2026-09-03T10:00:00+0200,19640.0,MW,ES,ES,forecast_solar_generation,Solar,2026-09-05T23:28:55Z
2026-09-05T23:28:32Z,2026-09-06T01:28:32+0200,df6061e3-16eb-4891-bb33-0f084c8ab78c,2026-09-03T08:15:00Z,2026-09-03T10:15:00+0200,20889.0,MW,ES,ES,forecast_solar_generation,Solar,2026-09-05T23:28:55Z
2026-09-05T23:28:32Z,2026-09-06T01:28:32+0200,df6061e3-16eb-4891-bb33-0f084c8ab78c,2026-09-03T08:30:00Z,2026-09-03T10:30:00+0200,21861.0,MW,ES,ES,forecast_solar_generation,Solar,2026-09-05T23:28:55Z
2026-09-05T23:28:32Z,2026-09-06T01:28:32+0200,df6061e3-16eb-4891-bb33-0f084c8ab78c,2026-09-03T08:45:00Z,2026-09-03T10:45:00+0200,22580.0,MW,ES,ES,forecast_solar_generation,Solar,2026-09-05T23:28:55Z
2026-09-05T23:28:32Z,2026-09-06T01:28:32+0200,df6061e3-16eb-4891-bb33-0f084c8ab78c,2026-09-03T09:00:00Z,2026-09-03T11:00:00+0200,23785.0,MW,ES,ES,forecast_solar_generation,Solar,2026-09-05T23:28:55Z
2026-09-05T23:28:32Z,2026-09-06T01:28:32+0200,df6061e3-16eb-4891-bb33-0f084c8ab78c,2026-09-03T09:15:00Z,2026-09-03T11:15:00+0200,24202.0,MW,ES,ES,forecast_solar_generation,Solar,2026-09-05T23:28:55Z
2026-09-05T23:28:32Z,2026-09-06T01:28:32+0200,df6061e3-16eb-4891-bb33-0f084c8ab78c,2026-09-03T09:30:00Z,2026-09-03T11:30:00+0200,24522.0,MW,ES,ES,forecast_solar_generation,Solar,2026-09-05T23:28:55Z
2026-09-05T23:28:32Z,2026-09-06T01:28:32+0200,df6061e3-16eb-4891-bb33-0f084c8ab78c,2026-09-03T09:45:00Z,2026-09-03T11:45:00+0200,24787.0,MW,ES,ES,forecast_solar_generation,Solar,2026-09-05T23:28:55Z
2026-09-05T23:28:32Z,2026-09-06T01:28:32+0200,df6061e3-16eb-4891-bb33-0f084c8ab78c,2026-09-03T10:00:00Z,2026-09-03T12:00:00+0200,24692.0,MW,ES,ES,forecast_solar_generation,Solar,2026-09-05T23:28:55Z
2026-09-05T23:28:32Z,2026-09-06T01:28:32+0200,df6061e3-16eb-4891-bb33-0f084c8ab78c,2026-09-03T10:15:00Z,2026-09-03T12:15:00+0200,24884.0,MW,ES,ES,forecast_solar_generation,Solar,2026-09-05T23:28:55Z
2026-09-05T23:28:32Z,2026-09-06T01:28:32+0200,df6061e3-16eb-4891-bb33-0f084c8ab78c,2026-09-03T10:30:00Z,2026-09-03T12:30:00+0200,24962.0,MW,ES,ES,forecast_solar_generation,Solar,2026-09-05T23:28:55Z
2026-09-05T23:28:32Z,2026-09-06T01:28:32+0200,df6061e3-16eb-4891-bb33-0f084c8ab78c,2026-09-03T10:45:00Z,2026-09-03T12:45:00+0200,25083.0,MW,ES,ES,forecast_solar_generation,Solar,2026-09-05T23:28:55Z
2026-09-05T23:28:32Z,2026-09-06T01:28:32+0200,df6061e3-16eb-4891-bb33-0f084c8ab78c,2026-09-03T11:00:00Z,2026-09-03T13:00:00+0200,25348.0,MW,ES,ES,forecast_solar_generation,Solar,2026-09-05T23:28:55Z
2026-09-05T23:28:32Z,2026-09-06T01:28:32+0200,df6061e3-16eb-4891-bb33-0f084c8ab78c,2026-09-03T11:15:00Z,2026-09-03T13:15:00+0200,25696.0,MW,ES,ES,forecast_solar_generation,Solar,2026-09-05T23:28:55Z
2026-09-05T23:28:32Z,2026-09-06T01:28:32+0200,df6061e3-16eb-4891-bb33-0f084c8ab78c,2026-09-03T11:30:00Z,2026-09-03T13:30:00+0200,25944.0,MW,ES,ES,forecast_solar_generation,Solar,2026-09-05T23:28:55Z
2026-09-05T23:28:32Z,2026-09-06T01:28:32+0200,df6061e3-16eb-4891-bb33-0f084c8ab78c,2026-09-03T11:45:00Z,2026-09-03T13:45:00+0200,26060.0,MW,ES,ES,forecast_solar_generation,Solar,2026-09-05T23:28:55Z
2026-09-05T23:28:32Z,2026-09-06T01:28:32+0200,df6061e3-16eb-4891-bb33-0f084c8ab78c,2026-09-03T12:00:00Z,2026-09-03T14:00:00+0200,26616.0,MW,ES,ES,forecast_solar_generation,Solar,2026-09-05T23:28:55Z
2026-09-05T23:28:32Z,2026-09-06T01:28:32+0200,df6061e3-16eb-4891-bb33-0f084c8ab78c,2026-09-03T12:15:00Z,2026-09-03T14:15:00+0200,26616.0,MW,ES,ES,forecast_solar_generation,Solar,2026-09-05T23:28:55Z
2026-09-05T23:28:32Z,2026-09-06T01:28:32+0200,df6061e3-16eb-4891-bb33-0f084c8ab78c,2026-09-03T12:30:00Z,2026-09-03T14:30:00+0200,26264.0,MW,ES,ES,forecast_solar_generation,Solar,2026-09-05T23:28:55Z
2026-09-05T23:28:32Z,2026-09-06T01:28:32+0200,df6061e3-16eb-4891-bb33-0f084c8ab78c,2026-09-03T12:45:00Z,2026-09-03T14:45:00+0200,25912.0,MW,ES,ES,forecast_solar_generation,Solar,2026-09-05T23:28:55Z
2026-09-05T23:28:32Z,2026-09-06T01:28:32+0200,df6061e3-16eb-4891-bb33-0f084c8ab78c,2026-09-03T13:00:00Z,2026-09-03T15:00:00+0200,25553.0,MW,ES,ES,forecast_solar_generation,Solar,2026-09-05T23:28:55Z
2026-09-05T23:28:32Z,2026-09-06T01:28:32+0200,df6061e3-16eb-4891-bb33-0f084c8ab78c,2026-09-03T13:15:00Z,2026-09-03T15:15:00+0200,25395.0,MW,ES,ES,forecast_solar_generation,Solar,2026-09-05T23:28:55Z
2026-09-05T23:28:32Z,2026-09-06T01:28:32+0200,df6061e3-16eb-4891-bb33-0f084c8ab78c,2026-09-03T13:30:00Z,2026-09-03T15:30:00+0200,25195.0,MW,ES,ES,forecast_solar_generation,Solar,2026-09-05T23:28:55Z
2026-09-05T23:28:32Z,2026-09-06T01:28:32+0200,df6061e3-16eb-4891-bb33-0f084c8ab78c,2026-09-03T13:45:00Z,2026-09-03T15:45:00+0200,24658.0,MW,ES,ES,forecast_solar_generation,Solar,2026-09-05T23:28:55Z
2026-09-05T23:28:32Z,2026-09-06T01:28:32+0200,df6061e3-16eb-4891-bb33-0f084c8ab78c,2026-09-03T14:00:00Z,2026-09-03T16:00:00+0200,24374.0,MW,ES,ES,forecast_solar_generation,Solar,2026-09-05T23:28:55Z
2026-09-05T23:28:32Z,2026-09-06T01:28:32+0200,df6061e3-16eb-4891-bb33-0f084c8ab78c,2026-09-03T14:15:00Z,2026-09-03T16:15:00+0200,24110.0,MW,ES,ES,forecast_solar_generation,Solar,2026-09-05T23:28:55Z
2026-09-05T23:28:32Z,2026-09-06T01:28:32+0200,df6061e3-16eb-4891-bb33-0f084c8ab78c,2026-09-03T14:30:00Z,2026-09-03T16:30:00+0200,23792.0,MW,ES,ES,forecast_solar_generation,Solar,2026-09-05T23:28:55Z
2026-09-05T23:28:32Z,2026-09-06T01:28:32+0200,df6061e3-16eb-4891-bb33-0f084c8ab78c,2026-09-03T14:45:00Z,2026-09-03T16:45:00+0200,23076.0,MW,ES,ES,forecast_solar_generation,Solar,2026-09-05T23:28:55Z
2026-09-05T23:28:32Z,2026-09-06T01:28:32+0200,df6061e3-16eb-4891-bb33-0f084c8ab78c,2026-09-03T15:00:00Z,2026-09-03T17:00:00+0200,22295.0,MW,ES,ES,forecast_solar_generation,Solar,2026-09-05T23:28:55Z
2026-09-05T23:28:32Z,2026-09-06T01:28:32+0200,df6061e3-16eb-4891-bb33-0f084c8ab78c,2026-09-03T15:15:00Z,2026-09-03T17:15:00+0200,21879.0,MW,ES,ES,forecast_solar_generation,Solar,2026-09-05T23:28:55Z
2026-09-05T23:28:32Z,2026-09-06T01:28:32+0200,df6061e3-16eb-4891-bb33-0f084c8ab78c,2026-09-03T15:30:00Z,2026-09-03T17:30:00+0200,21330.0,MW,ES,ES,forecast_solar_generation,Solar,2026-09-05T23:28:55Z
2026-09-05T23:28:32Z,2026-09-06T01:28:32+0200,df6061e3-16eb-4891-bb33-0f084c8ab78c,2026-09-03T15:45:00Z,2026-09-03T17:45:00+0200,20649.0,MW,ES,ES,forecast_solar_generation,Solar,2026-09-05T23:28:55Z
2026-09-05T23:28:32Z,2026-09-06T01:28:32+0200,df6061e3-16eb-4891-bb33-0f084c8ab78c,2026-09-03T16:00:00Z,2026-09-03T18:00:00+0200,20341.0,MW,ES,ES,forecast_solar_generation,Solar,2026-09-05T23:28:55Z
2026-09-05T23:28:32Z,2026-09-06T01:28:32+0200,df6061e3-16eb-4891-bb33-0f084c8ab78c,2026-09-03T16:15:00Z,2026-09-03T18:15:00+0200,19230.0,MW,ES,ES,forecast_solar_generation,Solar,2026-09-05T23:28:55Z
2026-09-05T23:28:32Z,2026-09-06T01:28:32+0200,df6061e3-16eb-4891-bb33-0f084c8ab78c,2026-09-03T16:30:00Z,2026-09-03T18:30:00+0200,17737.0,MW,ES,ES,forecast_solar_generation,Solar,2026-09-05T23:28:55Z
2026-09-05T23:28:32Z,2026-09-06T01:28:32+0200,df6061e3-16eb-4891-bb33-0f084c8ab78c,2026-09-03T16:45:00Z,2026-09-03T18:45:00+0200,15925.0,MW,ES,ES,forecast_solar_generation,Solar,2026-09-05T23:28:55Z
2026-09-05T23:28:32Z,2026-09-06T01:28:32+0200,df6061e3-16eb-4891-bb33-0f084c8ab78c,2026-09-03T17:00:00Z,2026-09-03T19:00:00+0200,14602.0,MW,ES,ES,forecast_solar_generation,Solar,2026-09-05T23:28:55Z
2026-09-05T23:28:32Z,2026-09-06T01:28:32+0200,df6061e3-16eb-4891-bb33-0f084c8ab78c,2026-09-03T17:15:00Z,2026-09-03T19:15:00+0200,12003.0,MW,ES,ES,forecast_solar_generation,Solar,2026-09-05T23:28:55Z
2026-09-05T23:28:32Z,2026-09-06T01:28:32+0200,df6061e3-16eb-4891-bb33-0f084c8ab78c,2026-09-03T17:30:00Z,2026-09-03T19:30:00+0200,9292.0,MW,ES,ES,forecast_solar_generation,Solar,2026-09-05T23:28:55Z
2026-09-05T23:28:32Z,2026-09-06T01:28:32+0200,df6061e3-16eb-4891-bb33-0f084c8ab78c,2026-09-03T17:45:00Z,2026-09-03T19:45:00+0200,6718.0,MW,ES,ES,forecast_solar_generation,Solar,2026-09-05T23:28:55Z
2026-09-05T23:28:32Z,2026-09-06T01:28:32+0200,df6061e3-16eb-4891-bb33-0f084c8ab78c,2026-09-03T18:00:00Z,2026-09-03T20:00:00+0200,4659.0,MW,ES,ES,forecast_solar_generation,Solar,2026-09-05T23:28:55Z
2026-09-05T23:28:32Z,2026-09-06T01:28:32+0200,df6061e3-16eb-4891-bb33-0f084c8ab78c,2026-09-03T18:15:00Z,2026-09-03T20:15:00+0200,2809.0,MW,ES,ES,forecast_solar_generation,Solar,2026-09-05T23:28:55Z
2026-09-05T23:28:32Z,2026-09-06T01:28:32+0200,df6061e3-16eb-4891-bb33-0f084c8ab78c,2026-09-03T18:30:00Z,2026-09-03T20:30:00+0200,1611.0,MW,ES,ES,forecast_solar_generation,Solar,2026-09-05T23:28:55Z
2026-09-05T23:28:32Z,2026-09-06T01:28:32+0200,df6061e3-16eb-4891-bb33-0f084c8ab78c,2026-09-03T18:45:00Z,2026-09-03T20:45:00+0200,951.0,MW,ES,ES,forecast_solar_generation,Solar,2026-09-05T23:28:55Z
2026-09-05T23:28:32Z,2026-09-06T01:28:32+0200,df6061e3-16eb-4891-bb33-0f084c8ab78c,2026-09-03T19:00:00Z,2026-09-03T21:00:00+0200,589.0,MW,ES,ES,forecast_solar_generation,Solar,2026-09-05T23:28:55Z
2026-09-05T23:28:32Z,2026-09-06T01:28:32+0200,df6061e3-16eb-4891-bb33-0f084c8ab78c,2026-09-03T19:15:00Z,2026-09-03T21:15:00+0200,542.0,MW,ES,ES,forecast_solar_generation,Solar,2026-09-05T23:28:55Z
2026-09-05T23:28:32Z,2026-09-06T01:28:32+0200,df6061e3-16eb-4891-bb33-0f084c8ab78c,2026-09-03T19:30:00Z,2026-09-03T21:30:00+0200,512.0,MW,ES,ES,forecast_solar_generation,Solar,2026-09-05T23:28:55Z
2026-09-05T23:28:32Z,2026-09-06T01:28:32+0200,df6061e3-16eb-4891-bb33-0f084c8ab78c,2026-09-03T19:45:00Z,2026-09-03T21:45:00+0200,495.0,MW,ES,ES,forecast_solar_generation,Solar,2026-09-05T23:28:55Z
2026-09-05T23:28:32Z,2026-09-06T01:28:32+0200,df6061e3-16eb-4891-bb33-0f084c8ab78c,2026-09-03T20:00:00Z,2026-09-03T22:00:00+0200,482.0,MW,ES,ES,forecast_solar_generation,Solar,2026-09-05T23:28:55Z
2026-09-05T23:28:32Z,2026-09-06T01:28:32+0200,df6061e3-16eb-4891-bb33-0f084c8ab78c,2026-09-03T20:15:00Z,2026-09-03T22:15:00+0200,478.0,MW,ES,ES,forecast_solar_generation,Solar,2026-09-05T23:28:55Z
2026-09-05T23:28:32Z,2026-09-06T01:28:32+0200,df6061e3-16eb-4891-bb33-0f084c8ab78c,2026-09-03T20:30:00Z,2026-09-03T22:30:00+0200,474.0,MW,ES,ES,forecast_solar_generation,Solar,2026-09-05T23:28:55Z
2026-09-05T23:28:32Z,2026-09-06T01:28:32+0200,df6061e3-16eb-4891-bb33-0f084c8ab78c,2026-09-03T20:45:00Z,2026-09-03T22:45:00+0200,468.0,MW,ES,ES,forecast_solar_generation,Solar,2026-09-05T23:28:55Z
2026-09-05T23:28:32Z,2026-09-06T01:28:32+0200,df6061e3-16eb-4891-bb33-0f084c8ab78c,2026-09-03T21:00:00Z,2026-09-03T23:00:00+0200,465.0,MW,ES,ES,forecast_solar_generation,Solar,2026-09-05T23:28:55Z
2026-09-05T23:28:32Z,2026-09-06T01:28:32+0200,df6061e3-16eb-4891-bb33-0f084c8ab78c,2026-09-03T21:15:00Z,2026-09-03T23:15:00+0200,456.0,MW,ES,ES,forecast_solar_generation,Solar,2026-09-05T23:28:55Z
2026-09-05T23:28:32Z,2026-09-06T01:28:32+0200,df6061e3-16eb-4891-bb33-0f084c8ab78c,2026-09-03T21:30:00Z,2026-09-03T23:30:00+0200,446.0,MW,ES,ES,forecast_solar_generation,Solar,2026-09-05T23:28:55Z
2026-09-05T23:28:32Z,2026-09-06T01:28:32+0200,df6061e3-16eb-4891-bb33-0f084c8ab78c,2026-09-03T21:45:00Z,2026-09-03T23:45:00+0200,435.0,MW,ES,ES,forecast_solar_generation,Solar,2026-09-05T23:28:55Z
2026-09-05T23:28:32Z,2026-09-06T01:28:32+0200,df6061e3-16eb-4891-bb33-0f084c8ab78c,2026-09-03T22:00:00Z,2026-09-04T00:00:00+0200,468.0,MW,ES,ES,forecast_solar_generation,Solar,2026-09-05T23:28:55Z
2026-09-05T23:28:32Z,2026-09-06T01:28:32+0200,df6061e3-16eb-4891-bb33-0f084c8ab78c,2026-09-03T22:15:00Z,2026-09-04T00:15:00+0200,457.0,MW,ES,ES,forecast_solar_generation,Solar,2026-09-05T23:28:55Z
2026-09-05T23:28:32Z,2026-09-06T01:28:32+0200,df6061e3-16eb-4891-bb33-0f084c8ab78c,2026-09-03T22:30:00Z,2026-09-04T00:30:00+0200,448.0,MW,ES,ES,forecast_solar_generation,Solar,2026-09-05T23:28:55Z
2026-09-05T23:28:32Z,2026-09-06T01:28:32+0200,df6061e3-16eb-4891-bb33-0f084c8ab78c,2026-09-03T22:45:00Z,2026-09-04T00:45:00+0200,441.0,MW,ES,ES,forecast_solar_generation,Solar,2026-09-05T23:28:55Z
2026-09-05T23:28:32Z,2026-09-06T01:28:32+0200,df6061e3-16eb-4891-bb33-0f084c8ab78c,2026-09-03T23:00:00Z,2026-09-04T01:00:00+0200,434.0,MW,ES,ES,forecast_solar_generation,Solar,2026-09-05T23:28:55Z
2026-09-05T23:28:32Z,2026-09-06T01:28:32+0200,df6061e3-16eb-4891-bb33-0f084c8ab78c,2026-09-03T23:15:00Z,2026-09-04T01:15:00+0200,430.0,MW,ES,ES,forecast_solar_generation,Solar,2026-09-05T23:28:55Z
2026-09-05T23:28:32Z,2026-09-06T01:28:32+0200,df6061e3-16eb-4891-bb33-0f084c8ab78c,2026-09-03T23:30:00Z,2026-09-04T01:30:00+0200,427.0,MW,ES,ES,forecast_solar_generation,Solar,2026-09-05T23:28:55Z
2026-09-05T23:28:32Z,2026-09-06T01:28:32+0200,df6061e3-16eb-4891-bb33-0f084c8ab78c,2026-09-03T23:45:00Z,2026-09-04T01:45:00+0200,423.0,MW,ES,ES,forecast_solar_generation,Solar,2026-09-05T23:28:55Z
2026-09-05T23:28:32Z,2026-09-06T01:28:32+0200,df6061e3-16eb-4891-bb33-0f084c8ab78c,2026-09-04T00:00:00Z,2026-09-04T02:00:00+0200,420.0,MW,ES,ES,forecast_solar_generation,Solar,2026-09-05T23:28:55Z
2026-09-05T23:28:32Z,2026-09-06T01:28:32+0200,df6061e3-16eb-4891-bb33-0f084c8ab78c,2026-09-04T00:15:00Z,2026-09-04T02:15:00+0200,418.0,MW,ES,ES,forecast_solar_generation,Solar,2026-09-05T23:28:55Z
2026-09-05T23:28:32Z,2026-09-06T01:28:32+0200,df6061e3-16eb-4891-bb33-0f084c8ab78c,2026-09-04T00:30:00Z,2026-09-04T02:30:00+0200,416.0,MW,ES,ES,forecast_solar_generation,Solar,2026-09-05T23:28:55Z
2026-09-05T23:28:32Z,2026-09-06T01:28:32+0200,df6061e3-16eb-4891-bb33-0f084c8ab78c,2026-09-04T00:45:00Z,2026-09-04T02:45:00+0200,413.0,MW,ES,ES,forecast_solar_generation,Solar,2026-09-05T23:28:55Z
2026-09-05T23:28:32Z,2026-09-06T01:28:32+0200,df6061e3-16eb-4891-bb33-0f084c8ab78c,2026-09-04T01:00:00Z,2026-09-04T03:00:00+0200,416.0,MW,ES,ES,forecast_solar_generation,Solar,2026-09-05T23:28:55Z
2026-09-05T23:28:32Z,2026-09-06T01:28:32+0200,df6061e3-16eb-4891-bb33-0f084c8ab78c,2026-09-04T01:15:00Z,2026-09-04T03:15:00+0200,406.0,MW,ES,ES,forecast_solar_generation,Solar,2026-09-05T23:28:55Z
2026-09-05T23:28:32Z,2026-09-06T01:28:32+0200,df6061e3-16eb-4891-bb33-0f084c8ab78c,2026-09-04T01:30:00Z,2026-09-04T03:30:00+0200,391.0,MW,ES,ES,forecast_solar_generation,Solar,2026-09-05T23:28:55Z
2026-09-05T23:28:32Z,2026-09-06T01:28:32+0200,df6061e3-16eb-4891-bb33-0f084c8ab78c,2026-09-04T01:45:00Z,2026-09-04T03:45:00+0200,371.0,MW,ES,ES,forecast_solar_generation,Solar,2026-09-05T23:28:55Z
2026-09-05T23:28:32Z,2026-09-06T01:28:32+0200,df6061e3-16eb-4891-bb33-0f084c8ab78c,2026-09-04T02:00:00Z,2026-09-04T04:00:00+0200,353.0,MW,ES,ES,forecast_solar_generation,Solar,2026-09-05T23:28:55Z
2026-09-05T23:28:32Z,2026-09-06T01:28:32+0200,df6061e3-16eb-4891-bb33-0f084c8ab78c,2026-09-04T02:15:00Z,2026-09-04T04:15:00+0200,330.0,MW,ES,ES,forecast_solar_generation,Solar,2026-09-05T23:28:55Z
2026-09-05T23:28:32Z,2026-09-06T01:28:32+0200,df6061e3-16eb-4891-bb33-0f084c8ab78c,2026-09-04T02:30:00Z,2026-09-04T04:30:00+0200,308.0,MW,ES,ES,forecast_solar_generation,Solar,2026-09-05T23:28:55Z
2026-09-05T23:28:32Z,2026-09-06T01:28:32+0200,df6061e3-16eb-4891-bb33-0f084c8ab78c,2026-09-04T02:45:00Z,2026-09-04T04:45:00+0200,286.0,MW,ES,ES,forecast_solar_generation,Solar,2026-09-05T23:28:55Z
2026-09-05T23:28:32Z,2026-09-06T01:28:32+0200,df6061e3-16eb-4891-bb33-0f084c8ab78c,2026-09-04T03:00:00Z,2026-09-04T05:00:00+0200,270.0,MW,ES,ES,forecast_solar_generation,Solar,2026-09-05T23:28:55Z
2026-09-05T23:28:32Z,2026-09-06T01:28:32+0200,df6061e3-16eb-4891-bb33-0f084c8ab78c,2026-09-04T03:15:00Z,2026-09-04T05:15:00+0200,246.0,MW,ES,ES,forecast_solar_generation,Solar,2026-09-05T23:28:55Z
2026-09-05T23:28:32Z,2026-09-06T01:28:32+0200,df6061e3-16eb-4891-bb33-0f084c8ab78c,2026-09-04T03:30:00Z,2026-09-04T05:30:00+0200,221.0,MW,ES,ES,forecast_solar_generation,Solar,2026-09-05T23:28:55Z
2026-09-05T23:28:32Z,2026-09-06T01:28:32+0200,df6061e3-16eb-4891-bb33-0f084c8ab78c,2026-09-04T03:45:00Z,2026-09-04T05:45:00+0200,195.0,MW,ES,ES,forecast_solar_generation,Solar,2026-09-05T23:28:55Z
2026-09-05T23:28:32Z,2026-09-06T01:28:32+0200,df6061e3-16eb-4891-bb33-0f084c8ab78c,2026-09-04T04:00:00Z,2026-09-04T06:00:00+0200,173.0,MW,ES,ES,forecast_solar_generation,Solar,2026-09-05T23:28:55Z
2026-09-05T23:28:32Z,2026-09-06T01:28:32+0200,df6061e3-16eb-4891-bb33-0f084c8ab78c,2026-09-04T04:15:00Z,2026-09-04T06:15:00+0200,147.0,MW,ES,ES,forecast_solar_generation,Solar,2026-09-05T23:28:55Z
2026-09-05T23:28:32Z,2026-09-06T01:28:32+0200,df6061e3-16eb-4891-bb33-0f084c8ab78c,2026-09-04T04:30:00Z,2026-09-04T06:30:00+0200,122.0,MW,ES,ES,forecast_solar_generation,Solar,2026-09-05T23:28:55Z
2026-09-05T23:28:32Z,2026-09-06T01:28:32+0200,df6061e3-16eb-4891-bb33-0f084c8ab78c,2026-09-04T04:45:00Z,2026-09-04T06:45:00+0200,101.0,MW,ES,ES,forecast_solar_generation,Solar,2026-09-05T23:28:55Z
2026-09-05T23:28:32Z,2026-09-06T01:28:32+0200,df6061e3-16eb-4891-bb33-0f084c8ab78c,2026-09-04T05:00:00Z,2026-09-04T07:00:00+0200,78.0,MW,ES,ES,forecast_solar_generation,Solar,2026-09-05T23:28:55Z
2026-09-05T23:28:32Z,2026-09-06T01:28:32+0200,df6061e3-16eb-4891-bb33-0f084c8ab78c,2026-09-04T05:15:00Z,2026-09-04T07:15:00+0200,87.0,MW,ES,ES,forecast_solar_generation,Solar,2026-09-05T23:28:55Z
2026-09-05T23:28:32Z,2026-09-06T01:28:32+0200,df6061e3-16eb-4891-bb33-0f084c8ab78c,2026-09-04T05:30:00Z,2026-09-04T07:30:00+0200,164.0,MW,ES,ES,forecast_solar_generation,Solar,2026-09-05T23:28:55Z
2026-09-05T23:28:32Z,2026-09-06T01:28:32+0200,df6061e3-16eb-4891-bb33-0f084c8ab78c,2026-09-04T05:45:00Z,2026-09-04T07:45:00+0200,312.0,MW,ES,ES,forecast_solar_generation,Solar,2026-09-05T23:28:55Z
2026-09-05T23:28:32Z,2026-09-06T01:28:32+0200,df6061e3-16eb-4891-bb33-0f084c8ab78c,2026-09-04T06:00:00Z,2026-09-04T08:00:00+0200,1623.0,MW,ES,ES,forecast_solar_generation,Solar,2026-09-05T23:28:55Z
2026-09-05T23:28:32Z,2026-09-06T01:28:32+0200,df6061e3-16eb-4891-bb33-0f084c8ab78c,2026-09-04T06:15:00Z,2026-09-04T08:15:00+0200,2784.0,MW,ES,ES,forecast_solar_generation,Solar,2026-09-05T23:28:55Z
2026-09-05T23:28:32Z,2026-09-06T01:28:32+0200,df6061e3-16eb-4891-bb33-0f084c8ab78c,2026-09-04T06:30:00Z,2026-09-04T08:30:00+0200,4326.0,MW,ES,ES,forecast_solar_generation,Solar,2026-09-05T23:28:55Z
2026-09-05T23:28:32Z,2026-09-06T01:28:32+0200,df6061e3-16eb-4891-bb33-0f084c8ab78c,2026-09-04T06:45:00Z,2026-09-04T08:45:00+0200,6153.0,MW,ES,ES,forecast_solar_generation,Solar,2026-09-05T23:28:55Z
2026-09-05T23:28:32Z,2026-09-06T01:28:32+0200,df6061e3-16eb-4891-bb33-0f084c8ab78c,2026-09-04T07:00:00Z,2026-09-04T09:00:00+0200,10109.0,MW,ES,ES,forecast_solar_generation,Solar,2026-09-05T23:28:55Z
2026-09-05T23:28:32Z,2026-09-06T01:28:32+0200,df6061e3-16eb-4891-bb33-0f084c8ab78c,2026-09-04T07:15:00Z,2026-09-04T09:15:00+0200,12527.0,MW,ES,ES,forecast_solar_generation,Solar,2026-09-05T23:28:55Z
2026-09-05T23:28:32Z,2026-09-06T01:28:32+0200,df6061e3-16eb-4891-bb33-0f084c8ab78c,2026-09-04T07:30:00Z,2026-09-04T09:30:00+0200,14757.0,MW,ES,ES,forecast_solar_generation,Solar,2026-09-05T23:28:55Z
2026-09-05T23:28:32Z,2026-09-06T01:28:32+0200,df6061e3-16eb-4891-bb33-0f084c8ab78c,2026-09-04T07:45:00Z,2026-09-04T09:45:00+0200,16744.0,MW,ES,ES,forecast_solar_generation,Solar,2026-09-05T23:28:55Z
2026-09-05T23:28:32Z,2026-09-06T01:28:32+0200,df6061e3-16eb-4891-bb33-0f084c8ab78c,2026-09-04T08:00:00Z,2026-09-04T10:00:00+0200,19570.0,MW,ES,ES,forecast_solar_generation,Solar,2026-09-05T23:28:55Z
2026-09-05T23:28:32Z,2026-09-06T01:28:32+0200,df6061e3-16eb-4891-bb33-0f084c8ab78c,2026-09-04T08:15:00Z,2026-09-04T10:15:00+0200,20365.0,MW,ES,ES,forecast_solar_generation,Solar,2026-09-05T23:28:55Z
2026-09-05T23:28:32Z,2026-09-06T01:28:32+0200,df6061e3-16eb-4891-bb33-0f084c8ab78c,2026-09-04T08:30:00Z,2026-09-04T10:30:00+0200,21485.0,MW,ES,ES,forecast_solar_generation,Solar,2026-09-05T23:28:55Z
2026-09-05T23:28:32Z,2026-09-06T01:28:32+0200,df6061e3-16eb-4891-bb33-0f084c8ab78c,2026-09-04T08:45:00Z,2026-09-04T10:45:00+0200,22379.0,MW,ES,ES,forecast_solar_generation,Solar,2026-09-05T23:28:55Z
2026-09-05T23:28:32Z,2026-09-06T01:28:32+0200,df6061e3-16eb-4891-bb33-0f084c8ab78c,2026-09-04T09:00:00Z,2026-09-04T11:00:00+0200,23334.0,MW,ES,ES,forecast_solar_generation,Solar,2026-09-05T23:28:55Z
2026-09-05T23:28:32Z,2026-09-06T01:28:32+0200,df6061e3-16eb-4891-bb33-0f084c8ab78c,2026-09-04T09:15:00Z,2026-09-04T11:15:00+0200,23918.0,MW,ES,ES,forecast_solar_generation,Solar,2026-09-05T23:28:55Z
2026-09-05T23:28:32Z,2026-09-06T01:28:32+0200,df6061e3-16eb-4891-bb33-0f084c8ab78c,2026-09-04T09:30:00Z,2026-09-04T11:30:00+0200,24376.0,MW,ES,ES,forecast_solar_generation,Solar,2026-09-05T23:28:55Z
2026-09-05T23:28:32Z,2026-09-06T01:28:32+0200,df6061e3-16eb-4891-bb33-0f084c8ab78c,2026-09-04T09:45:00Z,2026-09-04T11:45:00+0200,24721.0,MW,ES,ES,forecast_solar_generation,Solar,2026-09-05T23:28:55Z
2026-09-05T23:28:32Z,2026-09-06T01:28:32+0200,df6061e3-16eb-4891-bb33-0f084c8ab78c,2026-09-04T10:00:00Z,2026-09-04T12:00:00+0200,25331.0,MW,ES,ES,forecast_solar_generation,Solar,2026-09-05T23:28:55Z
2026-09-05T23:28:32Z,2026-09-06T01:28:32+0200,df6061e3-16eb-4891-bb33-0f084c8ab78c,2026-09-04T10:15:00Z,2026-09-04T12:15:00+0200,25527.0,MW,ES,ES,forecast_solar_generation,Solar,2026-09-05T23:28:55Z
2026-09-05T23:28:32Z,2026-09-06T01:28:32+0200,df6061e3-16eb-4891-bb33-0f084c8ab78c,2026-09-04T10:30:00Z,2026-09-04T12:30:00+0200,25624.0,MW,ES,ES,forecast_solar_generation,Solar,2026-09-05T23:28:55Z
2026-09-05T23:28:32Z,2026-09-06T01:28:32+0200,df6061e3-16eb-4891-bb33-0f084c8ab78c,2026-09-04T10:45:00Z,2026-09-04T12:45:00+0200,25651.0,MW,ES,ES,forecast_solar_generation,Solar,2026-09-05T23:28:55Z
2026-09-05T23:28:32Z,2026-09-06T01:28:32+0200,df6061e3-16eb-4891-bb33-0f084c8ab78c,2026-09-04T11:00:00Z,2026-09-04T13:00:00+0200,25746.0,MW,ES,ES,forecast_solar_generation,Solar,2026-09-05T23:28:55Z
2026-09-05T23:28:32Z,2026-09-06T01:28:32+0200,df6061e3-16eb-4891-bb33-0f084c8ab78c,2026-09-04T11:15:00Z,2026-09-04T13:15:00+0200,25726.0,MW,ES,ES,forecast_solar_generation,Solar,2026-09-05T23:28:55Z
2026-09-05T23:28:32Z,2026-09-06T01:28:32+0200,df6061e3-16eb-4891-bb33-0f084c8ab78c,2026-09-04T11:30:00Z,2026-09-04T13:30:00+0200,25689.0,MW,ES,ES,forecast_solar_generation,Solar,2026-09-05T23:28:55Z
2026-09-05T23:28:32Z,2026-09-06T01:28:32+0200,df6061e3-16eb-4891-bb33-0f084c8ab78c,2026-09-04T11:45:00Z,2026-09-04T13:45:00+0200,25648.0,MW,ES,ES,forecast_solar_generation,Solar,2026-09-05T23:28:55Z
2026-09-05T23:28:32Z,2026-09-06T01:28:32+0200,df6061e3-16eb-4891-bb33-0f084c8ab78c,2026-09-04T12:00:00Z,2026-09-04T14:00:00+0200,25349.0,MW,ES,ES,forecast_solar_generation,Solar,2026-09-05T23:28:55Z
2026-09-05T23:28:32Z,2026-09-06T01:28:32+0200,df6061e3-16eb-4891-bb33-0f084c8ab78c,2026-09-04T12:15:00Z,2026-09-04T14:15:00+0200,25237.0,MW,ES,ES,forecast_solar_generation,Solar,2026-09-05T23:28:55Z
2026-09-05T23:28:32Z,2026-09-06T01:28:32+0200,df6061e3-16eb-4891-bb33-0f084c8ab78c,2026-09-04T12:30:00Z,2026-09-04T14:30:00+0200,25121.0,MW,ES,ES,forecast_solar_generation,Solar,2026-09-05T23:28:55Z
2026-09-05T23:28:32Z,2026-09-06T01:28:32+0200,df6061e3-16eb-4891-bb33-0f084c8ab78c,2026-09-04T12:45:00Z,2026-09-04T14:45:00+0200,24875.0,MW,ES,ES,forecast_solar_generation,Solar,2026-09-05T23:28:55Z
2026-09-05T23:28:32Z,2026-09-06T01:28:32+0200,df6061e3-16eb-4891-bb33-0f084c8ab78c,2026-09-04T13:00:00Z,2026-09-04T15:00:00+0200,24520.0,MW,ES,ES,forecast_solar_generation,Solar,2026-09-05T23:28:55Z
2026-09-05T23:28:32Z,2026-09-06T01:28:32+0200,df6061e3-16eb-4891-bb33-0f084c8ab78c,2026-09-04T13:15:00Z,2026-09-04T15:15:00+0200,24234.0,MW,ES,ES,forecast_solar_generation,Solar,2026-09-05T23:28:55Z
2026-09-05T23:28:32Z,2026-09-06T01:28:32+0200,df6061e3-16eb-4891-bb33-0f084c8ab78c,2026-09-04T13:30:00Z,2026-09-04T15:30:00+0200,23891.0,MW,ES,ES,forecast_solar_generation,Solar,2026-09-05T23:28:55Z
2026-09-05T23:28:32Z,2026-09-06T01:28:32+0200,df6061e3-16eb-4891-bb33-0f084c8ab78c,2026-09-04T13:45:00Z,2026-09-04T15:45:00+0200,23519.0,MW,ES,ES,forecast_solar_generation,Solar,2026-09-05T23:28:55Z
2026-09-05T23:28:32Z,2026-09-06T01:28:32+0200,df6061e3-16eb-4891-bb33-0f084c8ab78c,2026-09-04T14:00:00Z,2026-09-04T16:00:00+0200,23315.0,MW,ES,ES,forecast_solar_generation,Solar,2026-09-05T23:28:55Z
2026-09-05T23:28:32Z,2026-09-06T01:28:32+0200,df6061e3-16eb-4891-bb33-0f084c8ab78c,2026-09-04T14:15:00Z,2026-09-04T16:15:00+0200,22788.0,MW,ES,ES,forecast_solar_generation,Solar,2026-09-05T23:28:55Z
2026-09-05T23:28:32Z,2026-09-06T01:28:32+0200,df6061e3-16eb-4891-bb33-0f084c8ab78c,2026-09-04T14:30:00Z,2026-09-04T16:30:00+0200,22175.0,MW,ES,ES,forecast_solar_generation,Solar,2026-09-05T23:28:55Z
2026-09-05T23:28:32Z,2026-09-06T01:28:32+0200,df6061e3-16eb-4891-bb33-0f084c8ab78c,2026-09-04T14:45:00Z,2026-09-04T16:45:00+0200,21471.0,MW,ES,ES,forecast_solar_generation,Solar,2026-09-05T23:28:55Z
2026-09-05T23:28:32Z,2026-09-06T01:28:32+0200,df6061e3-16eb-4891-bb33-0f084c8ab78c,2026-09-04T15:00:00Z,2026-09-04T17:00:00+0200,21050.0,MW,ES,ES,forecast_solar_generation,Solar,2026-09-05T23:28:55Z
2026-09-05T23:28:32Z,2026-09-06T01:28:32+0200,df6061e3-16eb-4891-bb33-0f084c8ab78c,2026-09-04T15:15:00Z,2026-09-04T17:15:00+0200,20149.0,MW,ES,ES,forecast_solar_generation,Solar,2026-09-05T23:28:55Z
2026-09-05T23:28:32Z,2026-09-06T01:28:32+0200,df6061e3-16eb-4891-bb33-0f084c8ab78c,2026-09-04T15:30:00Z,2026-09-04T17:30:00+0200,19156.0,MW,ES,ES,forecast_solar_generation,Solar,2026-09-05T23:28:55Z
2026-09-05T23:28:32Z,2026-09-06T01:28:32+0200,df6061e3-16eb-4891-bb33-0f084c8ab78c,2026-09-04T15:45:00Z,2026-09-04T17:45:00+0200,18058.0,MW,ES,ES,forecast_solar_generation,Solar,2026-09-05T23:28:55Z
2026-09-05T23:28:32Z,2026-09-06T01:28:32+0200,df6061e3-16eb-4891-bb33-0f084c8ab78c,2026-09-04T16:00:00Z,2026-09-04T18:00:00+0200,18015.0,MW,ES,ES,forecast_solar_generation,Solar,2026-09-05T23:28:55Z
2026-09-05T23:28:32Z,2026-09-06T01:28:32+0200,df6061e3-16eb-4891-bb33-0f084c8ab78c,2026-09-04T16:15:00Z,2026-09-04T18:15:00+0200,16318.0,MW,ES,ES,forecast_solar_generation,Solar,2026-09-05T23:28:55Z
2026-09-05T23:28:32Z,2026-09-06T01:28:32+0200,df6061e3-16eb-4891-bb33-0f084c8ab78c,2026-09-04T16:30:00Z,2026-09-04T18:30:00+0200,14452.0,MW,ES,ES,forecast_solar_generation,Solar,2026-09-05T23:28:55Z
2026-09-05T23:28:32Z,2026-09-06T01:28:32+0200,df6061e3-16eb-4891-bb33-0f084c8ab78c,2026-09-04T16:45:00Z,2026-09-04T18:45:00+0200,12411.0,MW,ES,ES,forecast_solar_generation,Solar,2026-09-05T23:28:55Z
2026-09-05T23:28:32Z,2026-09-06T01:28:32+0200,df6061e3-16eb-4891-bb33-0f084c8ab78c,2026-09-04T17:00:00Z,2026-09-04T19:00:00+0200,10957.0,MW,ES,ES,forecast_solar_generation,Solar,2026-09-05T23:28:55Z
2026-09-05T23:28:32Z,2026-09-06T01:28:32+0200,df6061e3-16eb-4891-bb33-0f084c8ab78c,2026-09-04T17:15:00Z,2026-09-04T19:15:00+0200,8705.0,MW,ES,ES,forecast_solar_generation,Solar,2026-09-05T23:28:55Z
2026-09-05T23:28:32Z,2026-09-06T01:28:32+0200,df6061e3-16eb-4891-bb33-0f084c8ab78c,2026-09-04T17:30:00Z,2026-09-04T19:30:00+0200,6560.0,MW,ES,ES,forecast_solar_generation,Solar,2026-09-05T23:28:55Z
2026-09-05T23:28:32Z,2026-09-06T01:28:32+0200,df6061e3-16eb-4891-bb33-0f084c8ab78c,2026-09-04T17:45:00Z,2026-09-04T19:45:00+0200,4618.0,MW,ES,ES,forecast_solar_generation,Solar,2026-09-05T23:28:55Z
2026-09-05T23:28:32Z,2026-09-06T01:28:32+0200,df6061e3-16eb-4891-bb33-0f084c8ab78c,2026-09-04T18:00:00Z,2026-09-04T20:00:00+0200,2983.0,MW,ES,ES,forecast_solar_generation,Solar,2026-09-05T23:28:55Z
2026-09-05T23:28:32Z,2026-09-06T01:28:32+0200,df6061e3-16eb-4891-bb33-0f084c8ab78c,2026-09-04T18:15:00Z,2026-09-04T20:15:00+0200,1725.0,MW,ES,ES,forecast_solar_generation,Solar,2026-09-05T23:28:55Z
2026-09-05T23:28:32Z,2026-09-06T01:28:32+0200,df6061e3-16eb-4891-bb33-0f084c8ab78c,2026-09-04T18:30:00Z,2026-09-04T20:30:00+0200,922.0,MW,ES,ES,forecast_solar_generation,Solar,2026-09-05T23:28:55Z
2026-09-05T23:28:32Z,2026-09-06T01:28:32+0200,df6061e3-16eb-4891-bb33-0f084c8ab78c,2026-09-04T18:45:00Z,2026-09-04T20:45:00+0200,489.0,MW,ES,ES,forecast_solar_generation,Solar,2026-09-05T23:28:55Z
2026-09-05T23:28:32Z,2026-09-06T01:28:32+0200,df6061e3-16eb-4891-bb33-0f084c8ab78c,2026-09-04T19:00:00Z,2026-09-04T21:00:00+0200,257.0,MW,ES,ES,forecast_solar_generation,Solar,2026-09-05T23:28:55Z
2026-09-05T23:28:32Z,2026-09-06T01:28:32+0200,df6061e3-16eb-4891-bb33-0f084c8ab78c,2026-09-04T19:15:00Z,2026-09-04T21:15:00+0200,248.0,MW,ES,ES,forecast_solar_generation,Solar,2026-09-05T23:28:55Z
2026-09-05T23:28:32Z,2026-09-06T01:28:32+0200,df6061e3-16eb-4891-bb33-0f084c8ab78c,2026-09-04T19:30:00Z,2026-09-04T21:30:00+0200,238.0,MW,ES,ES,forecast_solar_generation,Solar,2026-09-05T23:28:55Z
2026-09-05T23:28:32Z,2026-09-06T01:28:32+0200,df6061e3-16eb-4891-bb33-0f084c8ab78c,2026-09-04T19:45:00Z,2026-09-04T21:45:00+0200,228.0,MW,ES,ES,forecast_solar_generation,Solar,2026-09-05T23:28:55Z
2026-09-05T23:28:32Z,2026-09-06T01:28:32+0200,df6061e3-16eb-4891-bb33-0f084c8ab78c,2026-09-04T20:00:00Z,2026-09-04T22:00:00+0200,214.0,MW,ES,ES,forecast_solar_generation,Solar,2026-09-05T23:28:55Z
2026-09-05T23:28:32Z,2026-09-06T01:28:32+0200,df6061e3-16eb-4891-bb33-0f084c8ab78c,2026-09-04T20:15:00Z,2026-09-04T22:15:00+0200,208.0,MW,ES,ES,forecast_solar_generation,Solar,2026-09-05T23:28:55Z
2026-09-05T23:28:32Z,2026-09-06T01:28:32+0200,df6061e3-16eb-4891-bb33-0f084c8ab78c,2026-09-04T20:30:00Z,2026-09-04T22:30:00+0200,207.0,MW,ES,ES,forecast_solar_generation,Solar,2026-09-05T23:28:55Z
2026-09-05T23:28:32Z,2026-09-06T01:28:32+0200,df6061e3-16eb-4891-bb33-0f084c8ab78c,2026-09-04T20:45:00Z,2026-09-04T22:45:00+0200,208.0,MW,ES,ES,forecast_solar_generation,Solar,2026-09-05T23:28:55Z
2026-09-05T23:28:32Z,2026-09-06T01:28:32+0200,df6061e3-16eb-4891-bb33-0f084c8ab78c,2026-09-04T21:00:00Z,2026-09-04T23:00:00+0200,214.0,MW,ES,ES,forecast_solar_generation,Solar,2026-09-05T23:28:55Z
2026-09-05T23:28:32Z,2026-09-06T01:28:32+0200,df6061e3-16eb-4891-bb33-0f084c8ab78c,2026-09-04T21:15:00Z,2026-09-04T23:15:00+0200,214.0,MW,ES,ES,forecast_solar_generation,Solar,2026-09-05T23:28:55Z
2026-09-05T23:28:32Z,2026-09-06T01:28:32+0200,df6061e3-16eb-4891-bb33-0f084c8ab78c,2026-09-04T21:30:00Z,2026-09-04T23:30:00+0200,211.0,MW,ES,ES,forecast_solar_generation,Solar,2026-09-05T23:28:55Z
2026-09-05T23:28:32Z,2026-09-06T01:28:32+0200,df6061e3-16eb-4891-bb33-0f084c8ab78c,2026-09-04T21:45:00Z,2026-09-04T23:45:00+0200,205.0,MW,ES,ES,forecast_solar_generation,Solar,2026-09-05T23:28:55Z
2026-09-05T23:28:32Z,2026-09-06T01:28:32+0200,df6061e3-16eb-4891-bb33-0f084c8ab78c,2026-09-04T22:00:00Z,2026-09-05T00:00:00+0200,193.0,MW,ES,ES,forecast_solar_generation,Solar,2026-09-05T23:28:55Z
2026-09-05T23:28:32Z,2026-09-06T01:28:32+0200,df6061e3-16eb-4891-bb33-0f084c8ab78c,2026-09-04T22:15:00Z,2026-09-05T00:15:00+0200,184.0,MW,ES,ES,forecast_solar_generation,Solar,2026-09-05T23:28:55Z
2026-09-05T23:28:32Z,2026-09-06T01:28:32+0200,df6061e3-16eb-4891-bb33-0f084c8ab78c,2026-09-04T22:30:00Z,2026-09-05T00:30:00+0200,180.0,MW,ES,ES,forecast_solar_generation,Solar,2026-09-05T23:28:55Z
2026-09-05T23:28:32Z,2026-09-06T01:28:32+0200,df6061e3-16eb-4891-bb33-0f084c8ab78c,2026-09-04T22:45:00Z,2026-09-05T00:45:00+0200,181.0,MW,ES,ES,forecast_solar_generation,Solar,2026-09-05T23:28:55Z
2026-09-05T23:28:32Z,2026-09-06T01:28:32+0200,df6061e3-16eb-4891-bb33-0f084c8ab78c,2026-09-04T23:00:00Z,2026-09-05T01:00:00+0200,184.0,MW,ES,ES,forecast_solar_generation,Solar,2026-09-05T23:28:55Z
2026-09-05T23:28:32Z,2026-09-06T01:28:32+0200,df6061e3-16eb-4891-bb33-0f084c8ab78c,2026-09-04T23:15:00Z,2026-09-05T01:15:00+0200,188.0,MW,ES,ES,forecast_solar_generation,Solar,2026-09-05T23:28:55Z
2026-09-05T23:28:32Z,2026-09-06T01:28:32+0200,df6061e3-16eb-4891-bb33-0f084c8ab78c,2026-09-04T23:30:00Z,2026-09-05T01:30:00+0200,189.0,MW,ES,ES,forecast_solar_generation,Solar,2026-09-05T23:28:55Z
2026-09-05T23:28:32Z,2026-09-06T01:28:32+0200,df6061e3-16eb-4891-bb33-0f084c8ab78c,2026-09-04T23:45:00Z,2026-09-05T01:45:00+0200,189.0,MW,ES,ES,forecast_solar_generation,Solar,2026-09-05T23:28:55Z
2026-09-05T23:28:32Z,2026-09-06T01:28:32+0200,df6061e3-16eb-4891-bb33-0f084c8ab78c,2026-09-05T00:00:00Z,2026-09-05T02:00:00+0200,181.0,MW,ES,ES,forecast_solar_generation,Solar,2026-09-05T23:28:55Z
2026-09-05T23:28:32Z,2026-09-06T01:28:32+0200,df6061e3-16eb-4891-bb33-0f084c8ab78c,2026-09-05T00:15:00Z,2026-09-05T02:15:00+0200,181.0,MW,ES,ES,forecast_solar_generation,Solar,2026-09-05T23:28:55Z
2026-09-05T23:28:32Z,2026-09-06T01:28:32+0200,df6061e3-16eb-4891-bb33-0f084c8ab78c,2026-09-05T00:30:00Z,2026-09-05T02:30:00+0200,180.0,MW,ES,ES,forecast_solar_generation,Solar,2026-09-05T23:28:55Z
2026-09-05T23:28:32Z,2026-09-06T01:28:32+0200,df6061e3-16eb-4891-bb33-0f084c8ab78c,2026-09-05T00:45:00Z,2026-09-05T02:45:00+0200,179.0,MW,ES,ES,forecast_solar_generation,Solar,2026-09-05T23:28:55Z
2026-09-05T23:28:32Z,2026-09-06T01:28:32+0200,df6061e3-16eb-4891-bb33-0f084c8ab78c,2026-09-05T01:00:00Z,2026-09-05T03:00:00+0200,150.0,MW,ES,ES,forecast_solar_generation,Solar,2026-09-05T23:28:55Z
2026-09-05T23:28:32Z,2026-09-06T01:28:32+0200,df6061e3-16eb-4891-bb33-0f084c8ab78c,2026-09-05T01:15:00Z,2026-09-05T03:15:00+0200,150.0,MW,ES,ES,forecast_solar_generation,Solar,2026-09-05T23:28:55Z
2026-09-05T23:28:32Z,2026-09-06T01:28:32+0200,df6061e3-16eb-4891-bb33-0f084c8ab78c,2026-09-05T01:30:00Z,2026-09-05T03:30:00+0200,150.0,MW,ES,ES,forecast_solar_generation,Solar,2026-09-05T23:28:55Z
2026-09-05T23:28:32Z,2026-09-06T01:28:32+0200,df6061e3-16eb-4891-bb33-0f084c8ab78c,2026-09-05T01:45:00Z,2026-09-05T03:45:00+0200,150.0,MW,ES,ES,forecast_solar_generation,Solar,2026-09-05T23:28:55Z
2026-09-05T23:28:32Z,2026-09-06T01:28:32+0200,df6061e3-16eb-4891-bb33-0f084c8ab78c,2026-09-05T02:00:00Z,2026-09-05T04:00:00+0200,150.0,MW,ES,ES,forecast_solar_generation,Solar,2026-09-05T23:28:55Z
2026-09-05T23:28:32Z,2026-09-06T01:28:32+0200,df6061e3-16eb-4891-bb33-0f084c8ab78c,2026-09-05T02:15:00Z,2026-09-05T04:15:00+0200,145.0,MW,ES,ES,forecast_solar_generation,Solar,2026-09-05T23:28:55Z
2026-09-05T23:28:32Z,2026-09-06T01:28:32+0200,df6061e3-16eb-4891-bb33-0f084c8ab78c,2026-09-05T02:30:00Z,2026-09-05T04:30:00+0200,134.0,MW,ES,ES,forecast_solar_generation,Solar,2026-09-05T23:28:55Z
2026-09-05T23:28:32Z,2026-09-06T01:28:32+0200,df6061e3-16eb-4891-bb33-0f084c8ab78c,2026-09-05T02:45:00Z,2026-09-05T04:45:00+0200,123.0,MW,ES,ES,forecast_solar_generation,Solar,2026-09-05T23:28:55Z
2026-09-05T23:28:32Z,2026-09-06T01:28:32+0200,df6061e3-16eb-4891-bb33-0f084c8ab78c,2026-09-05T03:00:00Z,2026-09-05T05:00:00+0200,112.0,MW,ES,ES,forecast_solar_generation,Solar,2026-09-05T23:28:55Z
2026-09-05T23:28:32Z,2026-09-06T01:28:32+0200,df6061e3-16eb-4891-bb33-0f084c8ab78c,2026-09-05T03:15:00Z,2026-09-05T05:15:00+0200,102.0,MW,ES,ES,forecast_solar_generation,Solar,2026-09-05T23:28:55Z
2026-09-05T23:28:32Z,2026-09-06T01:28:32+0200,df6061e3-16eb-4891-bb33-0f084c8ab78c,2026-09-05T03:30:00Z,2026-09-05T05:30:00+0200,93.0,MW,ES,ES,forecast_solar_generation,Solar,2026-09-05T23:28:55Z
2026-09-05T23:28:32Z,2026-09-06T01:28:32+0200,df6061e3-16eb-4891-bb33-0f084c8ab78c,2026-09-05T03:45:00Z,2026-09-05T05:45:00+0200,86.0,MW,ES,ES,forecast_solar_generation,Solar,2026-09-05T23:28:55Z
2026-09-05T23:28:32Z,2026-09-06T01:28:32+0200,df6061e3-16eb-4891-bb33-0f084c8ab78c,2026-09-05T04:00:00Z,2026-09-05T06:00:00+0200,82.0,MW,ES,ES,forecast_solar_generation,Solar,2026-09-05T23:28:55Z
2026-09-05T23:28:32Z,2026-09-06T01:28:32+0200,df6061e3-16eb-4891-bb33-0f084c8ab78c,2026-09-05T04:15:00Z,2026-09-05T06:15:00+0200,72.0,MW,ES,ES,forecast_solar_generation,Solar,2026-09-05T23:28:55Z
2026-09-05T23:28:32Z,2026-09-06T01:28:32+0200,df6061e3-16eb-4891-bb33-0f084c8ab78c,2026-09-05T04:30:00Z,2026-09-05T06:30:00+0200,60.0,MW,ES,ES,forecast_solar_generation,Solar,2026-09-05T23:28:55Z
2026-09-05T23:28:32Z,2026-09-06T01:28:32+0200,df6061e3-16eb-4891-bb33-0f084c8ab78c,2026-09-05T04:45:00Z,2026-09-05T06:45:00+0200,49.0,MW,ES,ES,forecast_solar_generation,Solar,2026-09-05T23:28:55Z
2026-09-05T23:28:32Z,2026-09-06T01:28:32+0200,df6061e3-16eb-4891-bb33-0f084c8ab78c,2026-09-05T05:00:00Z,2026-09-05T07:00:00+0200,32.0,MW,ES,ES,forecast_solar_generation,Solar,2026-09-05T23:28:55Z
2026-09-05T23:28:32Z,2026-09-06T01:28:32+0200,df6061e3-16eb-4891-bb33-0f084c8ab78c,2026-09-05T05:15:00Z,2026-09-05T07:15:00+0200,41.0,MW,ES,ES,forecast_solar_generation,Solar,2026-09-05T23:28:55Z
2026-09-05T23:28:32Z,2026-09-06T01:28:32+0200,df6061e3-16eb-4891-bb33-0f084c8ab78c,2026-09-05T05:30:00Z,2026-09-05T07:30:00+0200,98.0,MW,ES,ES,forecast_solar_generation,Solar,2026-09-05T23:28:55Z
2026-09-05T23:28:32Z,2026-09-06T01:28:32+0200,df6061e3-16eb-4891-bb33-0f084c8ab78c,2026-09-05T05:45:00Z,2026-09-05T07:45:00+0200,198.0,MW,ES,ES,forecast_solar_generation,Solar,2026-09-05T23:28:55Z
2026-09-05T23:28:32Z,2026-09-06T01:28:32+0200,df6061e3-16eb-4891-bb33-0f084c8ab78c,2026-09-05T06:00:00Z,2026-09-05T08:00:00+0200,1221.0,MW,ES,ES,forecast_solar_generation,Solar,2026-09-05T23:28:55Z
2026-09-05T23:28:32Z,2026-09-06T01:28:32+0200,df6061e3-16eb-4891-bb33-0f084c8ab78c,2026-09-05T06:15:00Z,2026-09-05T08:15:00+0200,2053.0,MW,ES,ES,forecast_solar_generation,Solar,2026-09-05T23:28:55Z
2026-09-05T23:28:32Z,2026-09-06T01:28:32+0200,df6061e3-16eb-4891-bb33-0f084c8ab78c,2026-09-05T06:30:00Z,2026-09-05T08:30:00+0200,3136.0,MW,ES,ES,forecast_solar_generation,Solar,2026-09-05T23:28:55Z
2026-09-05T23:28:32Z,2026-09-06T01:28:32+0200,df6061e3-16eb-4891-bb33-0f084c8ab78c,2026-09-05T06:45:00Z,2026-09-05T08:45:00+0200,4418.0,MW,ES,ES,forecast_solar_generation,Solar,2026-09-05T23:28:55Z
2026-09-05T23:28:32Z,2026-09-06T01:28:32+0200,df6061e3-16eb-4891-bb33-0f084c8ab78c,2026-09-05T07:00:00Z,2026-09-05T09:00:00+0200,7072.0,MW,ES,ES,forecast_solar_generation,Solar,2026-09-05T23:28:55Z
2026-09-05T23:28:32Z,2026-09-06T01:28:32+0200,df6061e3-16eb-4891-bb33-0f084c8ab78c,2026-09-05T07:15:00Z,2026-09-05T09:15:00+0200,8792.0,MW,ES,ES,forecast_solar_generation,Solar,2026-09-05T23:28:55Z
2026-09-05T23:28:32Z,2026-09-06T01:28:32+0200,df6061e3-16eb-4891-bb33-0f084c8ab78c,2026-09-05T07:30:00Z,2026-09-05T09:30:00+0200,10479.0,MW,ES,ES,forecast_solar_generation,Solar,2026-09-05T23:28:55Z
2026-09-05T23:28:32Z,2026-09-06T01:28:32+0200,df6061e3-16eb-4891-bb33-0f084c8ab78c,2026-09-05T07:45:00Z,2026-09-05T09:45:00+0200,12053.0,MW,ES,ES,forecast_solar_generation,Solar,2026-09-05T23:28:55Z
2026-09-05T23:28:32Z,2026-09-06T01:28:32+0200,df6061e3-16eb-4891-bb33-0f084c8ab78c,2026-09-05T08:00:00Z,2026-09-05T10:00:00+0200,14326.0,MW,ES,ES,forecast_solar_generation,Solar,2026-09-05T23:28:55Z
2026-09-05T23:28:32Z,2026-09-06T01:28:32+0200,df6061e3-16eb-4891-bb33-0f084c8ab78c,2026-09-05T08:15:00Z,2026-09-05T10:15:00+0200,15688.0,MW,ES,ES,forecast_solar_generation,Solar,2026-09-05T23:28:55Z
2026-09-05T23:28:32Z,2026-09-06T01:28:32+0200,df6061e3-16eb-4891-bb33-0f084c8ab78c,2026-09-05T08:30:00Z,2026-09-05T10:30:00+0200,16845.0,MW,ES,ES,forecast_solar_generation,Solar,2026-09-05T23:28:55Z
2026-09-05T23:28:32Z,2026-09-06T01:28:32+0200,df6061e3-16eb-4891-bb33-0f084c8ab78c,2026-09-05T08:45:00Z,2026-09-05T10:45:00+0200,17815.0,MW,ES,ES,forecast_solar_generation,Solar,2026-09-05T23:28:55Z
2026-09-05T23:28:32Z,2026-09-06T01:28:32+0200,df6061e3-16eb-4891-bb33-0f084c8ab78c,2026-09-05T09:00:00Z,2026-09-05T11:00:00+0200,18892.0,MW,ES,ES,forecast_solar_generation,Solar,2026-09-05T23:28:55Z
2026-09-05T23:28:32Z,2026-09-06T01:28:32+0200,df6061e3-16eb-4891-bb33-0f084c8ab78c,2026-09-05T09:15:00Z,2026-09-05T11:15:00+0200,19573.0,MW,ES,ES,forecast_solar_generation,Solar,2026-09-05T23:28:55Z
2026-09-05T23:28:32Z,2026-09-06T01:28:32+0200,df6061e3-16eb-4891-bb33-0f084c8ab78c,2026-09-05T09:30:00Z,2026-09-05T11:30:00+0200,20141.0,MW,ES,ES,forecast_solar_generation,Solar,2026-09-05T23:28:55Z
2026-09-05T23:28:32Z,2026-09-06T01:28:32+0200,df6061e3-16eb-4891-bb33-0f084c8ab78c,2026-09-05T09:45:00Z,2026-09-05T11:45:00+0200,20609.0,MW,ES,ES,forecast_solar_generation,Solar,2026-09-05T23:28:55Z
2026-09-05T23:28:32Z,2026-09-06T01:28:32+0200,df6061e3-16eb-4891-bb33-0f084c8ab78c,2026-09-05T10:00:00Z,2026-09-05T12:00:00+0200,21167.0,MW,ES,ES,forecast_solar_generation,Solar,2026-09-05T23:28:55Z
2026-09-05T23:28:32Z,2026-09-06T01:28:32+0200,df6061e3-16eb-4891-bb33-0f084c8ab78c,2026-09-05T10:15:00Z,2026-09-05T12:15:00+0200,21428.0,MW,ES,ES,forecast_solar_generation,Solar,2026-09-05T23:28:55Z
2026-09-05T23:28:32Z,2026-09-06T01:28:32+0200,df6061e3-16eb-4891-bb33-0f084c8ab78c,2026-09-05T10:30:00Z,2026-09-05T12:30:00+0200,21582.0,MW,ES,ES,forecast_solar_generation,Solar,2026-09-05T23:28:55Z
2026-09-05T23:28:32Z,2026-09-06T01:28:32+0200,df6061e3-16eb-4891-bb33-0f084c8ab78c,2026-09-05T10:45:00Z,2026-09-05T12:45:00+0200,21659.0,MW,ES,ES,forecast_solar_generation,Solar,2026-09-05T23:28:55Z
2026-09-05T23:28:32Z,2026-09-06T01:28:32+0200,df6061e3-16eb-4891-bb33-0f084c8ab78c,2026-09-05T11:00:00Z,2026-09-05T13:00:00+0200,20987.0,MW,ES,ES,forecast_solar_generation,Solar,2026-09-05T23:28:55Z
2026-09-05T23:28:32Z,2026-09-06T01:28:32+0200,df6061e3-16eb-4891-bb33-0f084c8ab78c,2026-09-05T11:15:00Z,2026-09-05T13:15:00+0200,21008.0,MW,ES,ES,forecast_solar_generation,Solar,2026-09-05T23:28:55Z
2026-09-05T23:28:32Z,2026-09-06T01:28:32+0200,df6061e3-16eb-4891-bb33-0f084c8ab78c,2026-09-05T11:30:00Z,2026-09-05T13:30:00+0200,21054.0,MW,ES,ES,forecast_solar_generation,Solar,2026-09-05T23:28:55Z
2026-09-05T23:28:32Z,2026-09-06T01:28:32+0200,df6061e3-16eb-4891-bb33-0f084c8ab78c,2026-09-05T11:45:00Z,2026-09-05T13:45:00+0200,21894.0,MW,ES,ES,forecast_solar_generation,Solar,2026-09-05T23:28:55Z
2026-09-05T23:28:32Z,2026-09-06T01:28:32+0200,df6061e3-16eb-4891-bb33-0f084c8ab78c,2026-09-05T12:00:00Z,2026-09-05T14:00:00+0200,20835.0,MW,ES,ES,forecast_solar_generation,Solar,2026-09-05T23:28:55Z
2026-09-05T23:28:32Z,2026-09-06T01:28:32+0200,df6061e3-16eb-4891-bb33-0f084c8ab78c,2026-09-05T12:15:00Z,2026-09-05T14:15:00+0200,20768.0,MW,ES,ES,forecast_solar_generation,Solar,2026-09-05T23:28:55Z
2026-09-05T23:28:32Z,2026-09-06T01:28:32+0200,df6061e3-16eb-4891-bb33-0f084c8ab78c,2026-09-05T12:30:00Z,2026-09-05T14:30:00+0200,21666.0,MW,ES,ES,forecast_solar_generation,Solar,2026-09-05T23:28:55Z
2026-09-05T23:28:32Z,2026-09-06T01:28:32+0200,df6061e3-16eb-4891-bb33-0f084c8ab78c,2026-09-05T12:45:00Z,2026-09-05T14:45:00+0200,21376.0,MW,ES,ES,forecast_solar_generation,Solar,2026-09-05T23:28:55Z
2026-09-05T23:28:32Z,2026-09-06T01:28:32+0200,df6061e3-16eb-4891-bb33-0f084c8ab78c,2026-09-05T13:00:00Z,2026-09-05T15:00:00+0200,19350.0,MW,ES,ES,forecast_solar_generation,Solar,2026-09-05T23:28:55Z
2026-09-05T23:28:32Z,2026-09-06T01:28:32+0200,df6061e3-16eb-4891-bb33-0f084c8ab78c,2026-09-05T13:15:00Z,2026-09-05T15:15:00+0200,19065.0,MW,ES,ES,forecast_solar_generation,Solar,2026-09-05T23:28:55Z
2026-09-05T23:28:32Z,2026-09-06T01:28:32+0200,df6061e3-16eb-4891-bb33-0f084c8ab78c,2026-09-05T13:30:00Z,2026-09-05T15:30:00+0200,18769.0,MW,ES,ES,forecast_solar_generation,Solar,2026-09-05T23:28:55Z
2026-09-05T23:28:32Z,2026-09-06T01:28:32+0200,df6061e3-16eb-4891-bb33-0f084c8ab78c,2026-09-05T13:45:00Z,2026-09-05T15:45:00+0200,18423.0,MW,ES,ES,forecast_solar_generation,Solar,2026-09-05T23:28:55Z
2026-09-05T23:28:32Z,2026-09-06T01:28:32+0200,df6061e3-16eb-4891-bb33-0f084c8ab78c,2026-09-05T14:00:00Z,2026-09-05T16:00:00+0200,18401.0,MW,ES,ES,forecast_solar_generation,Solar,2026-09-05T23:28:55Z
2026-09-05T23:28:32Z,2026-09-06T01:28:32+0200,df6061e3-16eb-4891-bb33-0f084c8ab78c,2026-09-05T14:15:00Z,2026-09-05T16:15:00+0200,18010.0,MW,ES,ES,forecast_solar_generation,Solar,2026-09-05T23:28:55Z
2026-09-05T23:28:32Z,2026-09-06T01:28:32+0200,df6061e3-16eb-4891-bb33-0f084c8ab78c,2026-09-05T14:30:00Z,2026-09-05T16:30:00+0200,17558.0,MW,ES,ES,forecast_solar_generation,Solar,2026-09-05T23:28:55Z
2026-09-05T23:28:32Z,2026-09-06T01:28:32+0200,df6061e3-16eb-4891-bb33-0f084c8ab78c,2026-09-05T14:45:00Z,2026-09-05T16:45:00+0200,17060.0,MW,ES,ES,forecast_solar_generation,Solar,2026-09-05T23:28:55Z
2026-09-05T23:28:32Z,2026-09-06T01:28:32+0200,df6061e3-16eb-4891-bb33-0f084c8ab78c,2026-09-05T15:00:00Z,2026-09-05T17:00:00+0200,16961.0,MW,ES,ES,forecast_solar_generation,Solar,2026-09-05T23:28:55Z
2026-09-05T23:28:32Z,2026-09-06T01:28:32+0200,df6061e3-16eb-4891-bb33-0f084c8ab78c,2026-09-05T15:15:00Z,2026-09-05T17:15:00+0200,16998.0,MW,ES,ES,forecast_solar_generation,Solar,2026-09-05T23:28:55Z
2026-09-05T23:28:32Z,2026-09-06T01:28:32+0200,df6061e3-16eb-4891-bb33-0f084c8ab78c,2026-09-05T15:30:00Z,2026-09-05T17:30:00+0200,16126.0,MW,ES,ES,forecast_solar_generation,Solar,2026-09-05T23:28:55Z
2026-09-05T23:28:32Z,2026-09-06T01:28:32+0200,df6061e3-16eb-4891-bb33-0f084c8ab78c,2026-09-05T15:45:00Z,2026-09-05T17:45:00+0200,14445.0,MW,ES,ES,forecast_solar_generation,Solar,2026-09-05T23:28:55Z
2026-09-05T23:28:32Z,2026-09-06T01:28:32+0200,df6061e3-16eb-4891-bb33-0f084c8ab78c,2026-09-05T16:00:00Z,2026-09-05T18:00:00+0200,13825.0,MW,ES,ES,forecast_solar_generation,Solar,2026-09-05T23:28:55Z
2026-09-05T23:28:32Z,2026-09-06T01:28:32+0200,df6061e3-16eb-4891-bb33-0f084c8ab78c,2026-09-05T16:15:00Z,2026-09-05T18:15:00+0200,12607.0,MW,ES,ES,forecast_solar_generation,Solar,2026-09-05T23:28:55Z
2026-09-05T23:28:32Z,2026-09-06T01:28:32+0200,df6061e3-16eb-4891-bb33-0f084c8ab78c,2026-09-05T16:30:00Z,2026-09-05T18:30:00+0200,11238.0,MW,ES,ES,forecast_solar_generation,Solar,2026-09-05T23:28:55Z
2026-09-05T23:28:32Z,2026-09-06T01:28:32+0200,df6061e3-16eb-4891-bb33-0f084c8ab78c,2026-09-05T16:45:00Z,2026-09-05T18:45:00+0200,10125.0,MW,ES,ES,forecast_solar_generation,Solar,2026-09-05T23:28:55Z
2026-09-05T23:28:32Z,2026-09-06T01:28:32+0200,df6061e3-16eb-4891-bb33-0f084c8ab78c,2026-09-05T17:00:00Z,2026-09-05T19:00:00+0200,8440.0,MW,ES,ES,forecast_solar_generation,Solar,2026-09-05T23:28:55Z
2026-09-05T23:28:32Z,2026-09-06T01:28:32+0200,df6061e3-16eb-4891-bb33-0f084c8ab78c,2026-09-05T17:15:00Z,2026-09-05T19:15:00+0200,7126.0,MW,ES,ES,forecast_solar_generation,Solar,2026-09-05T23:28:55Z
2026-09-05T23:28:32Z,2026-09-06T01:28:32+0200,df6061e3-16eb-4891-bb33-0f084c8ab78c,2026-09-05T17:30:00Z,2026-09-05T19:30:00+0200,5383.0,MW,ES,ES,forecast_solar_generation,Solar,2026-09-05T23:28:55Z
2026-09-05T23:28:32Z,2026-09-06T01:28:32+0200,df6061e3-16eb-4891-bb33-0f084c8ab78c,2026-09-05T17:45:00Z,2026-09-05T19:45:00+0200,3790.0,MW,ES,ES,forecast_solar_generation,Solar,2026-09-05T23:28:55Z
2026-09-05T23:28:32Z,2026-09-06T01:28:32+0200,df6061e3-16eb-4891-bb33-0f084c8ab78c,2026-09-05T18:00:00Z,2026-09-05T20:00:00+0200,2453.0,MW,ES,ES,forecast_solar_generation,Solar,2026-09-05T23:28:55Z
2026-09-05T23:28:32Z,2026-09-06T01:28:32+0200,df6061e3-16eb-4891-bb33-0f084c8ab78c,2026-09-05T18:15:00Z,2026-09-05T20:15:00+0200,1398.0,MW,ES,ES,forecast_solar_generation,Solar,2026-09-05T23:28:55Z
2026-09-05T23:28:32Z,2026-09-06T01:28:32+0200,df6061e3-16eb-4891-bb33-0f084c8ab78c,2026-09-05T18:30:00Z,2026-09-05T20:30:00+0200,724.0,MW,ES,ES,forecast_solar_generation,Solar,2026-09-05T23:28:55Z
2026-09-05T23:28:32Z,2026-09-06T01:28:32+0200,df6061e3-16eb-4891-bb33-0f084c8ab78c,2026-09-05T18:45:00Z,2026-09-05T20:45:00+0200,358.0,MW,ES,ES,forecast_solar_generation,Solar,2026-09-05T23:28:55Z
2026-09-05T23:28:32Z,2026-09-06T01:28:32+0200,df6061e3-16eb-4891-bb33-0f084c8ab78c,2026-09-05T19:00:00Z,2026-09-05T21:00:00+0200,162.0,MW,ES,ES,forecast_solar_generation,Solar,2026-09-05T23:28:55Z
2026-09-05T23:28:32Z,2026-09-06T01:28:32+0200,df6061e3-16eb-4891-bb33-0f084c8ab78c,2026-09-05T19:15:00Z,2026-09-05T21:15:00+0200,158.0,MW,ES,ES,forecast_solar_generation,Solar,2026-09-05T23:28:55Z
2026-09-05T23:28:32Z,2026-09-06T01:28:32+0200,df6061e3-16eb-4891-bb33-0f084c8ab78c,2026-09-05T19:30:00Z,2026-09-05T21:30:00+0200,154.0,MW,ES,ES,forecast_solar_generation,Solar,2026-09-05T23:28:55Z
2026-09-05T23:28:32Z,2026-09-06T01:28:32+0200,df6061e3-16eb-4891-bb33-0f084c8ab78c,2026-09-05T19:45:00Z,2026-09-05T21:45:00+0200,150.0,MW,ES,ES,forecast_solar_generation,Solar,2026-09-05T23:28:55Z
2026-09-05T23:28:32Z,2026-09-06T01:28:32+0200,df6061e3-16eb-4891-bb33-0f084c8ab78c,2026-09-05T20:00:00Z,2026-09-05T22:00:00+0200,146.0,MW,ES,ES,forecast_solar_generation,Solar,2026-09-05T23:28:55Z
2026-09-05T23:28:32Z,2026-09-06T01:28:32+0200,df6061e3-16eb-4891-bb33-0f084c8ab78c,2026-09-05T20:15:00Z,2026-09-05T22:15:00+0200,142.0,MW,ES,ES,forecast_solar_generation,Solar,2026-09-05T23:28:55Z
2026-09-05T23:28:32Z,2026-09-06T01:28:32+0200,df6061e3-16eb-4891-bb33-0f084c8ab78c,2026-09-05T20:30:00Z,2026-09-05T22:30:00+0200,137.0,MW,ES,ES,forecast_solar_generation,Solar,2026-09-05T23:28:55Z
2026-09-05T23:28:32Z,2026-09-06T01:28:32+0200,df6061e3-16eb-4891-bb33-0f084c8ab78c,2026-09-05T20:45:00Z,2026-09-05T22:45:00+0200,134.0,MW,ES,ES,forecast_solar_generation,Solar,2026-09-05T23:28:55Z
2026-09-05T23:28:32Z,2026-09-06T01:28:32+0200,df6061e3-16eb-4891-bb33-0f084c8ab78c,2026-09-05T21:00:00Z,2026-09-05T23:00:00+0200,127.0,MW,ES,ES,forecast_solar_generation,Solar,2026-09-05T23:28:55Z
2026-09-05T23:28:32Z,2026-09-06T01:28:32+0200,df6061e3-16eb-4891-bb33-0f084c8ab78c,2026-09-05T21:15:00Z,2026-09-05T23:15:00+0200,130.0,MW,ES,ES,forecast_solar_generation,Solar,2026-09-05T23:28:55Z
2026-09-05T23:28:32Z,2026-09-06T01:28:32+0200,df6061e3-16eb-4891-bb33-0f084c8ab78c,2026-09-05T21:30:00Z,2026-09-05T23:30:00+0200,136.0,MW,ES,ES,forecast_solar_generation,Solar,2026-09-05T23:28:55Z
2026-09-05T23:28:32Z,2026-09-06T01:28:32+0200,df6061e3-16eb-4891-bb33-0f084c8ab78c,2026-09-05T21:45:00Z,2026-09-05T23:45:00+0200,144.0,MW,ES,ES,forecast_solar_generation,Solar,2026-09-05T23:28:55Z
2026-09-05T23:28:32Z,2026-09-06T01:28:32+0200,df6061e3-16eb-4891-bb33-0f084c8ab78c,2026-09-05T22:00:00Z,2026-09-06T00:00:00+0200,148.0,MW,ES,ES,forecast_solar_generation,Solar,2026-09-05T23:28:55Z
2026-09-05T23:28:32Z,2026-09-06T01:28:32+0200,df6061e3-16eb-4891-bb33-0f084c8ab78c,2026-09-05T22:15:00Z,2026-09-06T00:15:00+0200,146.0,MW,ES,ES,forecast_solar_generation,Solar,2026-09-05T23:28:55Z
2026-09-05T23:28:32Z,2026-09-06T01:28:32+0200,df6061e3-16eb-4891-bb33-0f084c8ab78c,2026-09-05T22:30:00Z,2026-09-06T00:30:00+0200,144.0,MW,ES,ES,forecast_solar_generation,Solar,2026-09-05T23:28:55Z
2026-09-05T23:28:32Z,2026-09-06T01:28:32+0200,df6061e3-16eb-4891-bb33-0f084c8ab78c,2026-09-05T22:45:00Z,2026-09-06T00:45:00+0200,142.0,MW,ES,ES,forecast_solar_generation,Solar,2026-09-05T23:28:55Z
2026-09-05T23:28:32Z,2026-09-06T01:28:32+0200,df6061e3-16eb-4891-bb33-0f084c8ab78c,2026-09-05T23:00:00Z,2026-09-06T01:00:00+0200,139.0,MW,ES,ES,forecast_solar_generation,Solar,2026-09-05T23:28:55Z
2026-09-05T23:28:32Z,2026-09-06T01:28:32+0200,df6061e3-16eb-4891-bb33-0f084c8ab78c,2026-09-05T23:15:00Z,2026-09-06T01:15:00+0200,139.0,MW,ES,ES,forecast_solar_generation,Solar,2026-09-05T23:28:55Z
2026-09-05T23:28:32Z,2026-09-06T01:28:32+0200,df6061e3-16eb-4891-bb33-0f084c8ab78c,2026-09-05T23:30:00Z,2026-09-06T01:30:00+0200,140.0,MW,ES,ES,forecast_solar_generation,Solar,2026-09-05T23:28:55Z
2026-09-05T23:28:32Z,2026-09-06T01:28:32+0200,df6061e3-16eb-4891-bb33-0f084c8ab78c,2026-09-06T00:00:00Z,2026-09-06T02:00:00+0200,145.0,MW,ES,ES,forecast_solar_generation,Solar,2026-09-05T23:28:57Z
2026-09-05T23:28:32Z,2026-09-06T01:28:32+0200,df6061e3-16eb-4891-bb33-0f084c8ab78c,2026-09-06T00:15:00Z,2026-09-06T02:15:00+0200,146.0,MW,ES,ES,forecast_solar_generation,Solar,2026-09-05T23:28:57Z
2026-09-05T23:28:32Z,2026-09-06T01:28:32+0200,df6061e3-16eb-4891-bb33-0f084c8ab78c,2026-09-06T00:30:00Z,2026-09-06T02:30:00+0200,147.0,MW,ES,ES,forecast_solar_generation,Solar,2026-09-05T23:28:57Z
2026-09-05T23:28:32Z,2026-09-06T01:28:32+0200,df6061e3-16eb-4891-bb33-0f084c8ab78c,2026-09-06T00:45:00Z,2026-09-06T02:45:00+0200,146.0,MW,ES,ES,forecast_solar_generation,Solar,2026-09-05T23:28:57Z
2026-09-05T23:28:32Z,2026-09-06T01:28:32+0200,df6061e3-16eb-4891-bb33-0f084c8ab78c,2026-09-06T01:00:00Z,2026-09-06T03:00:00+0200,146.0,MW,ES,ES,forecast_solar_generation,Solar,2026-09-05T23:28:57Z
2026-09-05T23:28:32Z,2026-09-06T01:28:32+0200,df6061e3-16eb-4891-bb33-0f084c8ab78c,2026-09-06T01:15:00Z,2026-09-06T03:15:00+0200,145.0,MW,ES,ES,forecast_solar_generation,Solar,2026-09-05T23:28:57Z
2026-09-05T23:28:32Z,2026-09-06T01:28:32+0200,df6061e3-16eb-4891-bb33-0f084c8ab78c,2026-09-06T01:30:00Z,2026-09-06T03:30:00+0200,143.0,MW,ES,ES,forecast_solar_generation,Solar,2026-09-05T23:28:57Z
2026-09-05T23:28:32Z,2026-09-06T01:28:32+0200,df6061e3-16eb-4891-bb33-0f084c8ab78c,2026-09-06T01:45:00Z,2026-09-06T03:45:00+0200,141.0,MW,ES,ES,forecast_solar_generation,Solar,2026-09-05T23:28:57Z
2026-09-05T23:28:32Z,2026-09-06T01:28:32+0200,df6061e3-16eb-4891-bb33-0f084c8ab78c,2026-09-06T02:00:00Z,2026-09-06T04:00:00+0200,142.0,MW,ES,ES,forecast_solar_generation,Solar,2026-09-05T23:28:57Z
2026-09-05T23:28:32Z,2026-09-06T01:28:32+0200,df6061e3-16eb-4891-bb33-0f084c8ab78c,2026-09-06T02:15:00Z,2026-09-06T04:15:00+0200,136.0,MW,ES,ES,forecast_solar_generation,Solar,2026-09-05T23:28:57Z
2026-09-05T23:28:32Z,2026-09-06T01:28:32+0200,df6061e3-16eb-4891-bb33-0f084c8ab78c,2026-09-06T02:30:00Z,2026-09-06T04:30:00+0200,127.0,MW,ES,ES,forecast_solar_generation,Solar,2026-09-05T23:28:57Z
2026-09-05T23:28:32Z,2026-09-06T01:28:32+0200,df6061e3-16eb-4891-bb33-0f084c8ab78c,2026-09-06T02:45:00Z,2026-09-06T04:45:00+0200,116.0,MW,ES,ES,forecast_solar_generation,Solar,2026-09-05T23:28:57Z
2026-09-05T23:28:32Z,2026-09-06T01:28:32+0200,df6061e3-16eb-4891-bb33-0f084c8ab78c,2026-09-06T03:00:00Z,2026-09-06T05:00:00+0200,104.0,MW,ES,ES,forecast_solar_generation,Solar,2026-09-05T23:28:57Z
2026-09-05T23:28:32Z,2026-09-06T01:28:32+0200,df6061e3-16eb-4891-bb33-0f084c8ab78c,2026-09-06T03:15:00Z,2026-09-06T05:15:00+0200,93.0,MW,ES,ES,forecast_solar_generation,Solar,2026-09-05T23:28:57Z
2026-09-05T23:28:32Z,2026-09-06T01:28:32+0200,df6061e3-16eb-4891-bb33-0f084c8ab78c,2026-09-06T03:30:00Z,2026-09-06T05:30:00+0200,84.0,MW,ES,ES,forecast_solar_generation,Solar,2026-09-05T23:28:57Z
2026-09-05T23:28:32Z,2026-09-06T01:28:32+0200,df6061e3-16eb-4891-bb33-0f084c8ab78c,2026-09-06T03:45:00Z,2026-09-06T05:45:00+0200,75.0,MW,ES,ES,forecast_solar_generation,Solar,2026-09-05T23:28:57Z
2026-09-05T23:28:32Z,2026-09-06T01:28:32+0200,df6061e3-16eb-4891-bb33-0f084c8ab78c,2026-09-06T04:00:00Z,2026-09-06T06:00:00+0200,71.0,MW,ES,ES,forecast_solar_generation,Solar,2026-09-05T23:28:57Z
2026-09-05T23:28:32Z,2026-09-06T01:28:32+0200,df6061e3-16eb-4891-bb33-0f084c8ab78c,2026-09-06T04:15:00Z,2026-09-06T06:15:00+0200,61.0,MW,ES,ES,forecast_solar_generation,Solar,2026-09-05T23:28:57Z
2026-09-05T23:28:32Z,2026-09-06T01:28:32+0200,df6061e3-16eb-4891-bb33-0f084c8ab78c,2026-09-06T04:30:00Z,2026-09-06T06:30:00+0200,48.0,MW,ES,ES,forecast_solar_generation,Solar,2026-09-05T23:28:57Z
2026-09-05T23:28:32Z,2026-09-06T01:28:32+0200,df6061e3-16eb-4891-bb33-0f084c8ab78c,2026-09-06T04:45:00Z,2026-09-06T06:45:00+0200,36.0,MW,ES,ES,forecast_solar_generation,Solar,2026-09-05T23:28:57Z
2026-09-05T23:28:32Z,2026-09-06T01:28:32+0200,df6061e3-16eb-4891-bb33-0f084c8ab78c,2026-09-06T05:00:00Z,2026-09-06T07:00:00+0200,19.0,MW,ES,ES,forecast_solar_generation,Solar,2026-09-05T23:28:57Z
2026-09-05T23:28:32Z,2026-09-06T01:28:32+0200,df6061e3-16eb-4891-bb33-0f084c8ab78c,2026-09-06T05:15:00Z,2026-09-06T07:15:00+0200,26.0,MW,ES,ES,forecast_solar_generation,Solar,2026-09-05T23:28:57Z
2026-09-05T23:28:32Z,2026-09-06T01:28:32+0200,df6061e3-16eb-4891-bb33-0f084c8ab78c,2026-09-06T05:30:00Z,2026-09-06T07:30:00+0200,82.0,MW,ES,ES,forecast_solar_generation,Solar,2026-09-05T23:28:57Z
2026-09-05T23:28:32Z,2026-09-06T01:28:32+0200,df6061e3-16eb-4891-bb33-0f084c8ab78c,2026-09-06T05:45:00Z,2026-09-06T07:45:00+0200,183.0,MW,ES,ES,forecast_solar_generation,Solar,2026-09-05T23:28:57Z
2026-09-05T23:28:32Z,2026-09-06T01:28:32+0200,df6061e3-16eb-4891-bb33-0f084c8ab78c,2026-09-06T06:00:00Z,2026-09-06T08:00:00+0200,1248.0,MW,ES,ES,forecast_solar_generation,Solar,2026-09-05T23:28:57Z
2026-09-05T23:28:32Z,2026-09-06T01:28:32+0200,df6061e3-16eb-4891-bb33-0f084c8ab78c,2026-09-06T06:15:00Z,2026-09-06T08:15:00+0200,2188.0,MW,ES,ES,forecast_solar_generation,Solar,2026-09-05T23:28:57Z
2026-09-05T23:28:32Z,2026-09-06T01:28:32+0200,df6061e3-16eb-4891-bb33-0f084c8ab78c,2026-09-06T06:30:00Z,2026-09-06T08:30:00+0200,3398.0,MW,ES,ES,forecast_solar_generation,Solar,2026-09-05T23:28:57Z
2026-09-05T23:28:32Z,2026-09-06T01:28:32+0200,df6061e3-16eb-4891-bb33-0f084c8ab78c,2026-09-06T06:45:00Z,2026-09-06T08:45:00+0200,4843.0,MW,ES,ES,forecast_solar_generation,Solar,2026-09-05T23:28:57Z
2026-09-05T23:28:32Z,2026-09-06T01:28:32+0200,df6061e3-16eb-4891-bb33-0f084c8ab78c,2026-09-06T07:00:00Z,2026-09-06T09:00:00+0200,7975.0,MW,ES,ES,forecast_solar_generation,Solar,2026-09-05T23:28:57Z
2026-09-05T23:28:32Z,2026-09-06T01:28:32+0200,df6061e3-16eb-4891-bb33-0f084c8ab78c,2026-09-06T07:15:00Z,2026-09-06T09:15:00+0200,9956.0,MW,ES,ES,forecast_solar_generation,Solar,2026-09-05T23:28:57Z
2026-09-05T23:28:32Z,2026-09-06T01:28:32+0200,df6061e3-16eb-4891-bb33-0f084c8ab78c,2026-09-06T07:30:00Z,2026-09-06T09:30:00+0200,11491.0,MW,ES,ES,forecast_solar_generation,Solar,2026-09-05T23:28:57Z
2026-09-05T23:28:32Z,2026-09-06T01:28:32+0200,df6061e3-16eb-4891-bb33-0f084c8ab78c,2026-09-06T07:45:00Z,2026-09-06T09:45:00+0200,13226.0,MW,ES,ES,forecast_solar_generation,Solar,2026-09-05T23:28:57Z
2026-09-05T23:28:32Z,2026-09-06T01:28:32+0200,df6061e3-16eb-4891-bb33-0f084c8ab78c,2026-09-06T08:00:00Z,2026-09-06T10:00:00+0200,15756.0,MW,ES,ES,forecast_solar_generation,Solar,2026-09-05T23:28:57Z
2026-09-05T23:28:32Z,2026-09-06T01:28:32+0200,df6061e3-16eb-4891-bb33-0f084c8ab78c,2026-09-06T08:15:00Z,2026-09-06T10:15:00+0200,17187.0,MW,ES,ES,forecast_solar_generation,Solar,2026-09-05T23:28:57Z
2026-09-05T23:28:32Z,2026-09-06T01:28:32+0200,df6061e3-16eb-4891-bb33-0f084c8ab78c,2026-09-06T08:30:00Z,2026-09-06T10:30:00+0200,18275.0,MW,ES,ES,forecast_solar_generation,Solar,2026-09-05T23:28:57Z
2026-09-05T23:28:32Z,2026-09-06T01:28:32+0200,df6061e3-16eb-4891-bb33-0f084c8ab78c,2026-09-06T08:45:00Z,2026-09-06T10:45:00+0200,19127.0,MW,ES,ES,forecast_solar_generation,Solar,2026-09-05T23:28:57Z
2026-09-05T23:28:32Z,2026-09-06T01:28:32+0200,df6061e3-16eb-4891-bb33-0f084c8ab78c,2026-09-06T09:00:00Z,2026-09-06T11:00:00+0200,19777.0,MW,ES,ES,forecast_solar_generation,Solar,2026-09-05T23:28:57Z
2026-09-05T23:28:32Z,2026-09-06T01:28:32+0200,df6061e3-16eb-4891-bb33-0f084c8ab78c,2026-09-06T09:15:00Z,2026-09-06T11:15:00+0200,20309.0,MW,ES,ES,forecast_solar_generation,Solar,2026-09-05T23:28:57Z
2026-09-05T23:28:32Z,2026-09-06T01:28:32+0200,df6061e3-16eb-4891-bb33-0f084c8ab78c,2026-09-06T09:30:00Z,2026-09-06T11:30:00+0200,20687.0,MW,ES,ES,forecast_solar_generation,Solar,2026-09-05T23:28:57Z
2026-09-05T23:28:32Z,2026-09-06T01:28:32+0200,df6061e3-16eb-4891-bb33-0f084c8ab78c,2026-09-06T09:45:00Z,2026-09-06T11:45:00+0200,21006.0,MW,ES,ES,forecast_solar_generation,Solar,2026-09-05T23:28:57Z
2026-09-05T23:28:32Z,2026-09-06T01:28:32+0200,df6061e3-16eb-4891-bb33-0f084c8ab78c,2026-09-06T10:00:00Z,2026-09-06T12:00:00+0200,21645.0,MW,ES,ES,forecast_solar_generation,Solar,2026-09-05T23:28:57Z
2026-09-05T23:28:32Z,2026-09-06T01:28:32+0200,df6061e3-16eb-4891-bb33-0f084c8ab78c,2026-09-06T10:15:00Z,2026-09-06T12:15:00+0200,21939.0,MW,ES,ES,forecast_solar_generation,Solar,2026-09-05T23:28:57Z
2026-09-05T23:28:32Z,2026-09-06T01:28:32+0200,df6061e3-16eb-4891-bb33-0f084c8ab78c,2026-09-06T10:30:00Z,2026-09-06T12:30:00+0200,22172.0,MW,ES,ES,forecast_solar_generation,Solar,2026-09-05T23:28:57Z
2026-09-05T23:28:32Z,2026-09-06T01:28:32+0200,df6061e3-16eb-4891-bb33-0f084c8ab78c,2026-09-06T10:45:00Z,2026-09-06T12:45:00+0200,22348.0,MW,ES,ES,forecast_solar_generation,Solar,2026-09-05T23:28:57Z
2026-09-05T23:28:32Z,2026-09-06T01:28:32+0200,df6061e3-16eb-4891-bb33-0f084c8ab78c,2026-09-06T11:00:00Z,2026-09-06T13:00:00+0200,22533.0,MW,ES,ES,forecast_solar_generation,Solar,2026-09-05T23:28:57Z
2026-09-05T23:28:32Z,2026-09-06T01:28:32+0200,df6061e3-16eb-4891-bb33-0f084c8ab78c,2026-09-06T11:15:00Z,2026-09-06T13:15:00+0200,22615.0,MW,ES,ES,forecast_solar_generation,Solar,2026-09-05T23:28:57Z
2026-09-05T23:28:32Z,2026-09-06T01:28:32+0200,df6061e3-16eb-4891-bb33-0f084c8ab78c,2026-09-06T11:30:00Z,2026-09-06T13:30:00+0200,22665.0,MW,ES,ES,forecast_solar_generation,Solar,2026-09-05T23:28:57Z
2026-09-05T23:28:32Z,2026-09-06T01:28:32+0200,df6061e3-16eb-4891-bb33-0f084c8ab78c,2026-09-06T11:45:00Z,2026-09-06T13:45:00+0200,22655.0,MW,ES,ES,forecast_solar_generation,Solar,2026-09-05T23:28:57Z
2026-09-05T23:28:32Z,2026-09-06T01:28:32+0200,df6061e3-16eb-4891-bb33-0f084c8ab78c,2026-09-06T12:00:00Z,2026-09-06T14:00:00+0200,22494.0,MW,ES,ES,forecast_solar_generation,Solar,2026-09-05T23:28:57Z
2026-09-05T23:28:32Z,2026-09-06T01:28:32+0200,df6061e3-16eb-4891-bb33-0f084c8ab78c,2026-09-06T12:15:00Z,2026-09-06T14:15:00+0200,22404.0,MW,ES,ES,forecast_solar_generation,Solar,2026-09-05T23:28:57Z
2026-09-05T23:28:32Z,2026-09-06T01:28:32+0200,df6061e3-16eb-4891-bb33-0f084c8ab78c,2026-09-06T12:30:00Z,2026-09-06T14:30:00+0200,22277.0,MW,ES,ES,forecast_solar_generation,Solar,2026-09-05T23:28:57Z
2026-09-05T23:28:32Z,2026-09-06T01:28:32+0200,df6061e3-16eb-4891-bb33-0f084c8ab78c,2026-09-06T12:45:00Z,2026-09-06T14:45:00+0200,22001.0,MW,ES,ES,forecast_solar_generation,Solar,2026-09-05T23:28:57Z
2026-09-05T23:28:32Z,2026-09-06T01:28:32+0200,df6061e3-16eb-4891-bb33-0f084c8ab78c,2026-09-06T13:00:00Z,2026-09-06T15:00:00+0200,21787.0,MW,ES,ES,forecast_solar_generation,Solar,2026-09-05T23:28:57Z
2026-09-05T23:28:32Z,2026-09-06T01:28:32+0200,df6061e3-16eb-4891-bb33-0f084c8ab78c,2026-09-06T13:15:00Z,2026-09-06T15:15:00+0200,21562.0,MW,ES,ES,forecast_solar_generation,Solar,2026-09-05T23:28:57Z
2026-09-05T23:28:32Z,2026-09-06T01:28:32+0200,df6061e3-16eb-4891-bb33-0f084c8ab78c,2026-09-06T13:30:00Z,2026-09-06T15:30:00+0200,21361.0,MW,ES,ES,forecast_solar_generation,Solar,2026-09-05T23:28:57Z
2026-09-05T23:28:32Z,2026-09-06T01:28:32+0200,df6061e3-16eb-4891-bb33-0f084c8ab78c,2026-09-06T13:45:00Z,2026-09-06T15:45:00+0200,21133.0,MW,ES,ES,forecast_solar_generation,Solar,2026-09-05T23:28:57Z
2026-09-05T23:28:32Z,2026-09-06T01:28:32+0200,df6061e3-16eb-4891-bb33-0f084c8ab78c,2026-09-06T14:00:00Z,2026-09-06T16:00:00+0200,20912.0,MW,ES,ES,forecast_solar_generation,Solar,2026-09-05T23:28:57Z
2026-09-05T23:28:32Z,2026-09-06T01:28:32+0200,df6061e3-16eb-4891-bb33-0f084c8ab78c,2026-09-06T14:15:00Z,2026-09-06T16:15:00+0200,20466.0,MW,ES,ES,forecast_solar_generation,Solar,2026-09-05T23:28:57Z
2026-09-05T23:28:32Z,2026-09-06T01:28:32+0200,df6061e3-16eb-4891-bb33-0f084c8ab78c,2026-09-06T14:30:00Z,2026-09-06T16:30:00+0200,19933.0,MW,ES,ES,forecast_solar_generation,Solar,2026-09-05T23:28:57Z
2026-09-05T23:28:32Z,2026-09-06T01:28:32+0200,df6061e3-16eb-4891-bb33-0f084c8ab78c,2026-09-06T14:45:00Z,2026-09-06T16:45:00+0200,19313.0,MW,ES,ES,forecast_solar_generation,Solar,2026-09-05T23:28:57Z
2026-09-05T23:28:32Z,2026-09-06T01:28:32+0200,df6061e3-16eb-4891-bb33-0f084c8ab78c,2026-09-06T15:00:00Z,2026-09-06T17:00:00+0200,18557.0,MW,ES,ES,forecast_solar_generation,Solar,2026-09-05T23:28:57Z
2026-09-05T23:28:32Z,2026-09-06T01:28:32+0200,df6061e3-16eb-4891-bb33-0f084c8ab78c,2026-09-06T15:15:00Z,2026-09-06T17:15:00+0200,17741.0,MW,ES,ES,forecast_solar_generation,Solar,2026-09-05T23:28:57Z
2026-09-05T23:28:32Z,2026-09-06T01:28:32+0200,df6061e3-16eb-4891-bb33-0f084c8ab78c,2026-09-06T15:30:00Z,2026-09-06T17:30:00+0200,16948.0,MW,ES,ES,forecast_solar_generation,Solar,2026-09-05T23:28:57Z
2026-09-05T23:28:32Z,2026-09-06T01:28:32+0200,df6061e3-16eb-4891-bb33-0f084c8ab78c,2026-09-06T15:45:00Z,2026-09-06T17:45:00+0200,16099.0,MW,ES,ES,forecast_solar_generation,Solar,2026-09-05T23:28:57Z
2026-09-05T23:28:32Z,2026-09-06T01:28:32+0200,df6061e3-16eb-4891-bb33-0f084c8ab78c,2026-09-06T16:00:00Z,2026-09-06T18:00:00+0200,15324.0,MW,ES,ES,forecast_solar_generation,Solar,2026-09-05T23:28:57Z
2026-09-05T23:28:32Z,2026-09-06T01:28:32+0200,df6061e3-16eb-4891-bb33-0f084c8ab78c,2026-09-06T16:15:00Z,2026-09-06T18:15:00+0200,14484.0,MW,ES,ES,forecast_solar_generation,Solar,2026-09-05T23:28:57Z
2026-09-05T23:28:32Z,2026-09-06T01:28:32+0200,df6061e3-16eb-4891-bb33-0f084c8ab78c,2026-09-06T16:30:00Z,2026-09-06T18:30:00+0200,13546.0,MW,ES,ES,forecast_solar_generation,Solar,2026-09-05T23:28:57Z
2026-09-05T23:28:32Z,2026-09-06T01:28:32+0200,df6061e3-16eb-4891-bb33-0f084c8ab78c,2026-09-06T16:45:00Z,2026-09-06T18:45:00+0200,12308.0,MW,ES,ES,forecast_solar_generation,Solar,2026-09-05T23:28:57Z
2026-09-05T23:28:32Z,2026-09-06T01:28:32+0200,df6061e3-16eb-4891-bb33-0f084c8ab78c,2026-09-06T17:00:00Z,2026-09-06T19:00:00+0200,11227.0,MW,ES,ES,forecast_solar_generation,Solar,2026-09-05T23:28:57Z
2026-09-05T23:28:32Z,2026-09-06T01:28:32+0200,df6061e3-16eb-4891-bb33-0f084c8ab78c,2026-09-06T17:15:00Z,2026-09-06T19:15:00+0200,9420.0,MW,ES,ES,forecast_solar_generation,Solar,2026-09-05T23:28:57Z
2026-09-05T23:28:32Z,2026-09-06T01:28:32+0200,df6061e3-16eb-4891-bb33-0f084c8ab78c,2026-09-06T17:30:00Z,2026-09-06T19:30:00+0200,7363.0,MW,ES,ES,forecast_solar_generation,Solar,2026-09-05T23:28:57Z
2026-09-05T23:28:32Z,2026-09-06T01:28:32+0200,df6061e3-16eb-4891-bb33-0f084c8ab78c,2026-09-06T17:45:00Z,2026-09-06T19:45:00+0200,5278.0,MW,ES,ES,forecast_solar_generation,Solar,2026-09-05T23:28:57Z
2026-09-05T23:28:32Z,2026-09-06T01:28:32+0200,df6061e3-16eb-4891-bb33-0f084c8ab78c,2026-09-06T18:00:00Z,2026-09-06T20:00:00+0200,3678.0,MW,ES,ES,forecast_solar_generation,Solar,2026-09-05T23:28:57Z
2026-09-05T23:28:32Z,2026-09-06T01:28:32+0200,df6061e3-16eb-4891-bb33-0f084c8ab78c,2026-09-06T18:15:00Z,2026-09-06T20:15:00+0200,2224.0,MW,ES,ES,forecast_solar_generation,Solar,2026-09-05T23:28:57Z
2026-09-05T23:28:32Z,2026-09-06T01:28:32+0200,df6061e3-16eb-4891-bb33-0f084c8ab78c,2026-09-06T18:30:00Z,2026-09-06T20:30:00+0200,1287.0,MW,ES,ES,forecast_solar_generation,Solar,2026-09-05T23:28:57Z
2026-09-05T23:28:32Z,2026-09-06T01:28:32+0200,df6061e3-16eb-4891-bb33-0f084c8ab78c,2026-09-06T18:45:00Z,2026-09-06T20:45:00+0200,776.0,MW,ES,ES,forecast_solar_generation,Solar,2026-09-05T23:28:57Z
2026-09-05T23:28:32Z,2026-09-06T01:28:32+0200,df6061e3-16eb-4891-bb33-0f084c8ab78c,2026-09-06T19:00:00Z,2026-09-06T21:00:00+0200,513.0,MW,ES,ES,forecast_solar_generation,Solar,2026-09-05T23:28:57Z
2026-09-05T23:28:32Z,2026-09-06T01:28:32+0200,df6061e3-16eb-4891-bb33-0f084c8ab78c,2026-09-06T19:15:00Z,2026-09-06T21:15:00+0200,472.0,MW,ES,ES,forecast_solar_generation,Solar,2026-09-05T23:28:57Z
2026-09-05T23:28:32Z,2026-09-06T01:28:32+0200,df6061e3-16eb-4891-bb33-0f084c8ab78c,2026-09-06T19:30:00Z,2026-09-06T21:30:00+0200,446.0,MW,ES,ES,forecast_solar_generation,Solar,2026-09-05T23:28:57Z
2026-09-05T23:28:32Z,2026-09-06T01:28:32+0200,df6061e3-16eb-4891-bb33-0f084c8ab78c,2026-09-06T19:45:00Z,2026-09-06T21:45:00+0200,433.0,MW,ES,ES,forecast_solar_generation,Solar,2026-09-05T23:28:57Z
2026-09-05T23:28:32Z,2026-09-06T01:28:32+0200,df6061e3-16eb-4891-bb33-0f084c8ab78c,2026-09-06T20:00:00Z,2026-09-06T22:00:00+0200,423.0,MW,ES,ES,forecast_solar_generation,Solar,2026-09-05T23:28:57Z
2026-09-05T23:28:32Z,2026-09-06T01:28:32+0200,df6061e3-16eb-4891-bb33-0f084c8ab78c,2026-09-06T20:15:00Z,2026-09-06T22:15:00+0200,420.0,MW,ES,ES,forecast_solar_generation,Solar,2026-09-05T23:28:57Z
2026-09-05T23:28:32Z,2026-09-06T01:28:32+0200,df6061e3-16eb-4891-bb33-0f084c8ab78c,2026-09-06T20:30:00Z,2026-09-06T22:30:00+0200,417.0,MW,ES,ES,forecast_solar_generation,Solar,2026-09-05T23:28:57Z
2026-09-05T23:28:32Z,2026-09-06T01:28:32+0200,df6061e3-16eb-4891-bb33-0f084c8ab78c,2026-09-06T20:45:00Z,2026-09-06T22:45:00+0200,413.0,MW,ES,ES,forecast_solar_generation,Solar,2026-09-05T23:28:57Z
2026-09-05T23:28:32Z,2026-09-06T01:28:32+0200,df6061e3-16eb-4891-bb33-0f084c8ab78c,2026-09-06T21:00:00Z,2026-09-06T23:00:00+0200,411.0,MW,ES,ES,forecast_solar_generation,Solar,2026-09-05T23:28:57Z
2026-09-05T23:28:32Z,2026-09-06T01:28:32+0200,df6061e3-16eb-4891-bb33-0f084c8ab78c,2026-09-06T21:15:00Z,2026-09-06T23:15:00+0200,405.0,MW,ES,ES,forecast_solar_generation,Solar,2026-09-05T23:28:57Z
2026-09-05T23:28:32Z,2026-09-06T01:28:32+0200,df6061e3-16eb-4891-bb33-0f084c8ab78c,2026-09-06T21:30:00Z,2026-09-06T23:30:00+0200,399.0,MW,ES,ES,forecast_solar_generation,Solar,2026-09-05T23:28:57Z
2026-09-05T23:28:32Z,2026-09-06T01:28:32+0200,df6061e3-16eb-4891-bb33-0f084c8ab78c,2026-09-06T21:45:00Z,2026-09-06T23:45:00+0200,392.0,MW,ES,ES,forecast_solar_generation,Solar,2026-09-05T23:28:57Z
