collection_time_utc,collection_time_local,run_id,timestamp_utc,timestamp_local,value,unit,country,entsoe_area,variable,source,updated_at_utc
2026-09-25T05:31:59Z,2026-09-25T07:31:59+0200,5a97bbcb-9e72-4f4c-baa4-b4df21b2bc14,2026-09-18T06:00:00Z,2026-09-18T08:00:00+0200,26.0,MW,NL,NL,forecast_solar_generation,Solar,2026-09-25T05:33:17Z
2026-09-25T05:31:59Z,2026-09-25T07:31:59+0200,5a97bbcb-9e72-4f4c-baa4-b4df21b2bc14,2026-09-18T06:15:00Z,2026-09-18T08:15:00+0200,267.0,MW,NL,NL,forecast_solar_generation,Solar,2026-09-25T05:33:17Z
2026-09-25T05:31:59Z,2026-09-25T07:31:59+0200,5a97bbcb-9e72-4f4c-baa4-b4df21b2bc14,2026-09-18T06:30:00Z,2026-09-18T08:30:00+0200,505.0,MW,NL,NL,forecast_solar_generation,Solar,2026-09-25T05:33:17Z
2026-09-25T05:31:59Z,2026-09-25T07:31:59+0200,5a97bbcb-9e72-4f4c-baa4-b4df21b2bc14,2026-09-18T06:45:00Z,2026-09-18T08:45:00+0200,744.0,MW,NL,NL,forecast_solar_generation,Solar,2026-09-25T05:33:17Z
2026-09-25T05:31:59Z,2026-09-25T07:31:59+0200,5a97bbcb-9e72-4f4c-baa4-b4df21b2bc14,2026-09-18T07:00:00Z,2026-09-18T09:00:00+0200,983.0,MW,NL,NL,forecast_solar_generation,Solar,2026-09-25T05:33:17Z
2026-09-25T05:31:59Z,2026-09-25T07:31:59+0200,5a97bbcb-9e72-4f4c-baa4-b4df21b2bc14,2026-09-18T07:15:00Z,2026-09-18T09:15:00+0200,1218.0,MW,NL,NL,forecast_solar_generation,Solar,2026-09-25T05:33:17Z
2026-09-25T05:31:59Z,2026-09-25T07:31:59+0200,5a97bbcb-9e72-4f4c-baa4-b4df21b2bc14,2026-09-18T07:30:00Z,2026-09-18T09:30:00+0200,1453.0,MW,NL,NL,forecast_solar_generation,Solar,2026-09-25T05:33:17Z
2026-09-25T05:31:59Z,2026-09-25T07:31:59+0200,5a97bbcb-9e72-4f4c-baa4-b4df21b2bc14,2026-09-18T07:45:00Z,2026-09-18T09:45:00+0200,1689.0,MW,NL,NL,forecast_solar_generation,Solar,2026-09-25T05:33:17Z
2026-09-25T05:31:59Z,2026-09-25T07:31:59+0200,5a97bbcb-9e72-4f4c-baa4-b4df21b2bc14,2026-09-18T08:00:00Z,2026-09-18T10:00:00+0200,1925.0,MW,NL,NL,forecast_solar_generation,Solar,2026-09-25T05:33:17Z
2026-09-25T05:31:59Z,2026-09-25T07:31:59+0200,5a97bbcb-9e72-4f4c-baa4-b4df21b2bc14,2026-09-18T08:15:00Z,2026-09-18T10:15:00+0200,2139.0,MW,NL,NL,forecast_solar_generation,Solar,2026-09-25T05:33:17Z
2026-09-25T05:31:59Z,2026-09-25T07:31:59+0200,5a97bbcb-9e72-4f4c-baa4-b4df21b2bc14,2026-09-18T08:30:00Z,2026-09-18T10:30:00+0200,2359.0,MW,NL,NL,forecast_solar_generation,Solar,2026-09-25T05:33:17Z
2026-09-25T05:31:59Z,2026-09-25T07:31:59+0200,5a97bbcb-9e72-4f4c-baa4-b4df21b2bc14,2026-09-18T08:45:00Z,2026-09-18T10:45:00+0200,2575.0,MW,NL,NL,forecast_solar_generation,Solar,2026-09-25T05:33:17Z
2026-09-25T05:31:59Z,2026-09-25T07:31:59+0200,5a97bbcb-9e72-4f4c-baa4-b4df21b2bc14,2026-09-18T09:00:00Z,2026-09-18T11:00:00+0200,2790.0,MW,NL,NL,forecast_solar_generation,Solar,2026-09-25T05:33:17Z
2026-09-25T05:31:59Z,2026-09-25T07:31:59+0200,5a97bbcb-9e72-4f4c-baa4-b4df21b2bc14,2026-09-18T09:15:00Z,2026-09-18T11:15:00+0200,2903.0,MW,NL,NL,forecast_solar_generation,Solar,2026-09-25T05:33:17Z
2026-09-25T05:31:59Z,2026-09-25T07:31:59+0200,5a97bbcb-9e72-4f4c-baa4-b4df21b2bc14,2026-09-18T09:30:00Z,2026-09-18T11:30:00+0200,3018.0,MW,NL,NL,forecast_solar_generation,Solar,2026-09-25T05:33:17Z
2026-09-25T05:31:59Z,2026-09-25T07:31:59+0200,5a97bbcb-9e72-4f4c-baa4-b4df21b2bc14,2026-09-18T09:45:00Z,2026-09-18T11:45:00+0200,3129.0,MW,NL,NL,forecast_solar_generation,Solar,2026-09-25T05:33:17Z
2026-09-25T05:31:59Z,2026-09-25T07:31:59+0200,5a97bbcb-9e72-4f4c-baa4-b4df21b2bc14,2026-09-18T10:00:00Z,2026-09-18T12:00:00+0200,3243.0,MW,NL,NL,forecast_solar_generation,Solar,2026-09-25T05:33:17Z
2026-09-25T05:31:59Z,2026-09-25T07:31:59+0200,5a97bbcb-9e72-4f4c-baa4-b4df21b2bc14,2026-09-18T10:15:00Z,2026-09-18T12:15:00+0200,3344.0,MW,NL,NL,forecast_solar_generation,Solar,2026-09-25T05:33:17Z
2026-09-25T05:31:59Z,2026-09-25T07:31:59+0200,5a97bbcb-9e72-4f4c-baa4-b4df21b2bc14,2026-09-18T10:30:00Z,2026-09-18T12:30:00+0200,3449.0,MW,NL,NL,forecast_solar_generation,Solar,2026-09-25T05:33:17Z
2026-09-25T05:31:59Z,2026-09-25T07:31:59+0200,5a97bbcb-9e72-4f4c-baa4-b4df21b2bc14,2026-09-18T10:45:00Z,2026-09-18T12:45:00+0200,3550.0,MW,NL,NL,forecast_solar_generation,Solar,2026-09-25T05:33:17Z
2026-09-25T05:31:59Z,2026-09-25T07:31:59+0200,5a97bbcb-9e72-4f4c-baa4-b4df21b2bc14,2026-09-18T11:00:00Z,2026-09-18T13:00:00+0200,3653.0,MW,NL,NL,forecast_solar_generation,Solar,2026-09-25T05:33:17Z
2026-09-25T05:31:59Z,2026-09-25T07:31:59+0200,5a97bbcb-9e72-4f4c-baa4-b4df21b2bc14,2026-09-18T11:15:00Z,2026-09-18T13:15:00+0200,3688.0,MW,NL,NL,forecast_solar_generation,Solar,2026-09-25T05:33:17Z
2026-09-25T05:31:59Z,2026-09-25T07:31:59+0200,5a97bbcb-9e72-4f4c-baa4-b4df21b2bc14,2026-09-18T11:30:00Z,2026-09-18T13:30:00+0200,3725.0,MW,NL,NL,forecast_solar_generation,Solar,2026-09-25T05:33:17Z
2026-09-25T05:31:59Z,2026-09-25T07:31:59+0200,5a97bbcb-9e72-4f4c-baa4-b4df21b2bc14,2026-09-18T11:45:00Z,2026-09-18T13:45:00+0200,3763.0,MW,NL,NL,forecast_solar_generation,Solar,2026-09-25T05:33:17Z
2026-09-25T05:31:59Z,2026-09-25T07:31:59+0200,5a97bbcb-9e72-4f4c-baa4-b4df21b2bc14,2026-09-18T12:00:00Z,2026-09-18T14:00:00+0200,3797.0,MW,NL,NL,forecast_solar_generation,Solar,2026-09-25T05:33:17Z
2026-09-25T05:31:59Z,2026-09-25T07:31:59+0200,5a97bbcb-9e72-4f4c-baa4-b4df21b2bc14,2026-09-18T12:15:00Z,2026-09-18T14:15:00+0200,3662.0,MW,NL,NL,forecast_solar_generation,Solar,2026-09-25T05:33:17Z
2026-09-25T05:31:59Z,2026-09-25T07:31:59+0200,5a97bbcb-9e72-4f4c-baa4-b4df21b2bc14,2026-09-18T12:30:00Z,2026-09-18T14:30:00+0200,3525.0,MW,NL,NL,forecast_solar_generation,Solar,2026-09-25T05:33:17Z
2026-09-25T05:31:59Z,2026-09-25T07:31:59+0200,5a97bbcb-9e72-4f4c-baa4-b4df21b2bc14,2026-09-18T12:45:00Z,2026-09-18T14:45:00+0200,3390.0,MW,NL,NL,forecast_solar_generation,Solar,2026-09-25T05:33:17Z
2026-09-25T05:31:59Z,2026-09-25T07:31:59+0200,5a97bbcb-9e72-4f4c-baa4-b4df21b2bc14,2026-09-18T13:00:00Z,2026-09-18T15:00:00+0200,3254.0,MW,NL,NL,forecast_solar_generation,Solar,2026-09-25T05:33:17Z
2026-09-25T05:31:59Z,2026-09-25T07:31:59+0200,5a97bbcb-9e72-4f4c-baa4-b4df21b2bc14,2026-09-18T13:15:00Z,2026-09-18T15:15:00+0200,3162.0,MW,NL,NL,forecast_solar_generation,Solar,2026-09-25T05:33:17Z
2026-09-25T05:31:59Z,2026-09-25T07:31:59+0200,5a97bbcb-9e72-4f4c-baa4-b4df21b2bc14,2026-09-18T13:30:00Z,2026-09-18T15:30:00+0200,3071.0,MW,NL,NL,forecast_solar_generation,Solar,2026-09-25T05:33:17Z
2026-09-25T05:31:59Z,2026-09-25T07:31:59+0200,5a97bbcb-9e72-4f4c-baa4-b4df21b2bc14,2026-09-18T13:45:00Z,2026-09-18T15:45:00+0200,2982.0,MW,NL,NL,forecast_solar_generation,Solar,2026-09-25T05:33:17Z
2026-09-25T05:31:59Z,2026-09-25T07:31:59+0200,5a97bbcb-9e72-4f4c-baa4-b4df21b2bc14,2026-09-18T14:00:00Z,2026-09-18T16:00:00+0200,2893.0,MW,NL,NL,forecast_solar_generation,Solar,2026-09-25T05:33:17Z
2026-09-25T05:31:59Z,2026-09-25T07:31:59+0200,5a97bbcb-9e72-4f4c-baa4-b4df21b2bc14,2026-09-18T14:15:00Z,2026-09-18T16:15:00+0200,2749.0,MW,NL,NL,forecast_solar_generation,Solar,2026-09-25T05:33:17Z
2026-09-25T05:31:59Z,2026-09-25T07:31:59+0200,5a97bbcb-9e72-4f4c-baa4-b4df21b2bc14,2026-09-18T14:30:00Z,2026-09-18T16:30:00+0200,2608.0,MW,NL,NL,forecast_solar_generation,Solar,2026-09-25T05:33:17Z
2026-09-25T05:31:59Z,2026-09-25T07:31:59+0200,5a97bbcb-9e72-4f4c-baa4-b4df21b2bc14,2026-09-18T14:45:00Z,2026-09-18T16:45:00+0200,2466.0,MW,NL,NL,forecast_solar_generation,Solar,2026-09-25T05:33:17Z
2026-09-25T05:31:59Z,2026-09-25T07:31:59+0200,5a97bbcb-9e72-4f4c-baa4-b4df21b2bc14,2026-09-18T15:00:00Z,2026-09-18T17:00:00+0200,2324.0,MW,NL,NL,forecast_solar_generation,Solar,2026-09-25T05:33:17Z
2026-09-25T05:31:59Z,2026-09-25T07:31:59+0200,5a97bbcb-9e72-4f4c-baa4-b4df21b2bc14,2026-09-18T15:15:00Z,2026-09-18T17:15:00+0200,2112.0,MW,NL,NL,forecast_solar_generation,Solar,2026-09-25T05:33:17Z
2026-09-25T05:31:59Z,2026-09-25T07:31:59+0200,5a97bbcb-9e72-4f4c-baa4-b4df21b2bc14,2026-09-18T15:30:00Z,2026-09-18T17:30:00+0200,1899.0,MW,NL,NL,forecast_solar_generation,Solar,2026-09-25T05:33:17Z
2026-09-25T05:31:59Z,2026-09-25T07:31:59+0200,5a97bbcb-9e72-4f4c-baa4-b4df21b2bc14,2026-09-18T15:45:00Z,2026-09-18T17:45:00+0200,1686.0,MW,NL,NL,forecast_solar_generation,Solar,2026-09-25T05:33:17Z
2026-09-25T05:31:59Z,2026-09-25T07:31:59+0200,5a97bbcb-9e72-4f4c-baa4-b4df21b2bc14,2026-09-18T16:00:00Z,2026-09-18T18:00:00+0200,1471.0,MW,NL,NL,forecast_solar_generation,Solar,2026-09-25T05:33:17Z
2026-09-25T05:31:59Z,2026-09-25T07:31:59+0200,5a97bbcb-9e72-4f4c-baa4-b4df21b2bc14,2026-09-18T16:15:00Z,2026-09-18T18:15:00+0200,1293.0,MW,NL,NL,forecast_solar_generation,Solar,2026-09-25T05:33:17Z
2026-09-25T05:31:59Z,2026-09-25T07:31:59+0200,5a97bbcb-9e72-4f4c-baa4-b4df21b2bc14,2026-09-18T16:30:00Z,2026-09-18T18:30:00+0200,1116.0,MW,NL,NL,forecast_solar_generation,Solar,2026-09-25T05:33:17Z
2026-09-25T05:31:59Z,2026-09-25T07:31:59+0200,5a97bbcb-9e72-4f4c-baa4-b4df21b2bc14,2026-09-18T16:45:00Z,2026-09-18T18:45:00+0200,935.0,MW,NL,NL,forecast_solar_generation,Solar,2026-09-25T05:33:17Z
2026-09-25T05:31:59Z,2026-09-25T07:31:59+0200,5a97bbcb-9e72-4f4c-baa4-b4df21b2bc14,2026-09-18T17:00:00Z,2026-09-18T19:00:00+0200,759.0,MW,NL,NL,forecast_solar_generation,Solar,2026-09-25T05:33:17Z
2026-09-25T05:31:59Z,2026-09-25T07:31:59+0200,5a97bbcb-9e72-4f4c-baa4-b4df21b2bc14,2026-09-18T17:15:00Z,2026-09-18T19:15:00+0200,579.0,MW,NL,NL,forecast_solar_generation,Solar,2026-09-25T05:33:17Z
2026-09-25T05:31:59Z,2026-09-25T07:31:59+0200,5a97bbcb-9e72-4f4c-baa4-b4df21b2bc14,2026-09-18T17:30:00Z,2026-09-18T19:30:00+0200,403.0,MW,NL,NL,forecast_solar_generation,Solar,2026-09-25T05:33:17Z
2026-09-25T05:31:59Z,2026-09-25T07:31:59+0200,5a97bbcb-9e72-4f4c-baa4-b4df21b2bc14,2026-09-18T17:45:00Z,2026-09-18T19:45:00+0200,226.0,MW,NL,NL,forecast_solar_generation,Solar,2026-09-25T05:33:17Z
2026-09-25T05:31:59Z,2026-09-25T07:31:59+0200,5a97bbcb-9e72-4f4c-baa4-b4df21b2bc14,2026-09-18T18:00:00Z,2026-09-18T20:00:00+0200,49.0,MW,NL,NL,forecast_solar_generation,Solar,2026-09-25T05:33:17Z
2026-09-25T05:31:59Z,2026-09-25T07:31:59+0200,5a97bbcb-9e72-4f4c-baa4-b4df21b2bc14,2026-09-18T18:15:00Z,2026-09-18T20:15:00+0200,38.0,MW,NL,NL,forecast_solar_generation,Solar,2026-09-25T05:33:17Z
2026-09-25T05:31:59Z,2026-09-25T07:31:59+0200,5a97bbcb-9e72-4f4c-baa4-b4df21b2bc14,2026-09-18T18:30:00Z,2026-09-18T20:30:00+0200,25.0,MW,NL,NL,forecast_solar_generation,Solar,2026-09-25T05:33:17Z
2026-09-25T05:31:59Z,2026-09-25T07:31:59+0200,5a97bbcb-9e72-4f4c-baa4-b4df21b2bc14,2026-09-18T18:45:00Z,2026-09-18T20:45:00+0200,12.0,MW,NL,NL,forecast_solar_generation,Solar,2026-09-25T05:33:17Z
2026-09-25T05:31:59Z,2026-09-25T07:31:59+0200,5a97bbcb-9e72-4f4c-baa4-b4df21b2bc14,2026-09-18T19:00:00Z,2026-09-18T21:00:00+0200,0.0,MW,NL,NL,forecast_solar_generation,Solar,2026-09-25T05:33:17Z
2026-09-25T05:31:59Z,2026-09-25T07:31:59+0200,5a97bbcb-9e72-4f4c-baa4-b4df21b2bc14,2026-09-18T19:15:00Z,2026-09-18T21:15:00+0200,0.0,MW,NL,NL,forecast_solar_generation,Solar,2026-09-25T05:33:17Z
2026-09-25T05:31:59Z,2026-09-25T07:31:59+0200,5a97bbcb-9e72-4f4c-baa4-b4df21b2bc14,2026-09-18T19:30:00Z,2026-09-18T21:30:00+0200,0.0,MW,NL,NL,forecast_solar_generation,Solar,2026-09-25T05:33:17Z
2026-09-25T05:31:59Z,2026-09-25T07:31:59+0200,5a97bbcb-9e72-4f4c-baa4-b4df21b2bc14,2026-09-18T19:45:00Z,2026-09-18T21:45:00+0200,0.0,MW,NL,NL,forecast_solar_generation,Solar,2026-09-25T05:33:17Z
2026-09-25T05:31:59Z,2026-09-25T07:31:59+0200,5a97bbcb-9e72-4f4c-baa4-b4df21b2bc14,2026-09-18T20:00:00Z,2026-09-18T22:00:00+0200,0.0,MW,NL,NL,forecast_solar_generation,Solar,2026-09-25T05:33:17Z
2026-09-25T05:31:59Z,2026-09-25T07:31:59+0200,5a97bbcb-9e72-4f4c-baa4-b4df21b2bc14,2026-09-18T20:15:00Z,2026-09-18T22:15:00+0200,0.0,MW,NL,NL,forecast_solar_generation,Solar,2026-09-25T05:33:17Z
2026-09-25T05:31:59Z,2026-09-25T07:31:59+0200,5a97bbcb-9e72-4f4c-baa4-b4df21b2bc14,2026-09-18T20:30:00Z,2026-09-18T22:30:00+0200,0.0,MW,NL,NL,forecast_solar_generation,Solar,2026-09-25T05:33:17Z
2026-09-25T05:31:59Z,2026-09-25T07:31:59+0200,5a97bbcb-9e72-4f4c-baa4-b4df21b2bc14,2026-09-18T20:45:00Z,2026-09-18T22:45:00+0200,0.0,MW,NL,NL,forecast_solar_generation,Solar,2026-09-25T05:33:17Z
2026-09-25T05:31:59Z,2026-09-25T07:31:59+0200,5a97bbcb-9e72-4f4c-baa4-b4df21b2bc14,2026-09-18T21:00:00Z,2026-09-18T23:00:00+0200,0.0,MW,NL,NL,forecast_solar_generation,Solar,2026-09-25T05:33:17Z
2026-09-25T05:31:59Z,2026-09-25T07:31:59+0200,5a97bbcb-9e72-4f4c-baa4-b4df21b2bc14,2026-09-18T21:15:00Z,2026-09-18T23:15:00+0200,0.0,MW,NL,NL,forecast_solar_generation,Solar,2026-09-25T05:33:17Z
2026-09-25T05:31:59Z,2026-09-25T07:31:59+0200,5a97bbcb-9e72-4f4c-baa4-b4df21b2bc14,2026-09-18T21:30:00Z,2026-09-18T23:30:00+0200,0.0,MW,NL,NL,forecast_solar_generation,Solar,2026-09-25T05:33:17Z
2026-09-25T05:31:59Z,2026-09-25T07:31:59+0200,5a97bbcb-9e72-4f4c-baa4-b4df21b2bc14,2026-09-18T21:45:00Z,2026-09-18T23:45:00+0200,0.0,MW,NL,NL,forecast_solar_generation,Solar,2026-09-25T05:33:17Z
2026-09-25T05:31:59Z,2026-09-25T07:31:59+0200,5a97bbcb-9e72-4f4c-baa4-b4df21b2bc14,2026-09-18T22:00:00Z,2026-09-19T00:00:00+0200,0.0,MW,NL,NL,forecast_solar_generation,Solar,2026-09-25T05:33:17Z
2026-09-25T05:31:59Z,2026-09-25T07:31:59+0200,5a97bbcb-9e72-4f4c-baa4-b4df21b2bc14,2026-09-18T22:15:00Z,2026-09-19T00:15:00+0200,0.0,MW,NL,NL,forecast_solar_generation,Solar,2026-09-25T05:33:17Z
2026-09-25T05:31:59Z,2026-09-25T07:31:59+0200,5a97bbcb-9e72-4f4c-baa4-b4df21b2bc14,2026-09-18T22:30:00Z,2026-09-19T00:30:00+0200,0.0,MW,NL,NL,forecast_solar_generation,Solar,2026-09-25T05:33:17Z
2026-09-25T05:31:59Z,2026-09-25T07:31:59+0200,5a97bbcb-9e72-4f4c-baa4-b4df21b2bc14,2026-09-18T22:45:00Z,2026-09-19T00:45:00+0200,0.0,MW,NL,NL,forecast_solar_generation,Solar,2026-09-25T05:33:17Z
2026-09-25T05:31:59Z,2026-09-25T07:31:59+0200,5a97bbcb-9e72-4f4c-baa4-b4df21b2bc14,2026-09-18T23:00:00Z,2026-09-19T01:00:00+0200,0.0,MW,NL,NL,forecast_solar_generation,Solar,2026-09-25T05:33:17Z
2026-09-25T05:31:59Z,2026-09-25T07:31:59+0200,5a97bbcb-9e72-4f4c-baa4-b4df21b2bc14,2026-09-18T23:15:00Z,2026-09-19T01:15:00+0200,0.0,MW,NL,NL,forecast_solar_generation,Solar,2026-09-25T05:33:17Z
2026-09-25T05:31:59Z,2026-09-25T07:31:59+0200,5a97bbcb-9e72-4f4c-baa4-b4df21b2bc14,2026-09-18T23:30:00Z,2026-09-19T01:30:00+0200,0.0,MW,NL,NL,forecast_solar_generation,Solar,2026-09-25T05:33:17Z
2026-09-25T05:31:59Z,2026-09-25T07:31:59+0200,5a97bbcb-9e72-4f4c-baa4-b4df21b2bc14,2026-09-18T23:45:00Z,2026-09-19T01:45:00+0200,0.0,MW,NL,NL,forecast_solar_generation,Solar,2026-09-25T05:33:17Z
2026-09-25T05:31:59Z,2026-09-25T07:31:59+0200,5a97bbcb-9e72-4f4c-baa4-b4df21b2bc14,2026-09-19T00:00:00Z,2026-09-19T02:00:00+0200,0.0,MW,NL,NL,forecast_solar_generation,Solar,2026-09-25T05:33:17Z
2026-09-25T05:31:59Z,2026-09-25T07:31:59+0200,5a97bbcb-9e72-4f4c-baa4-b4df21b2bc14,2026-09-19T00:15:00Z,2026-09-19T02:15:00+0200,0.0,MW,NL,NL,forecast_solar_generation,Solar,2026-09-25T05:33:17Z
2026-09-25T05:31:59Z,2026-09-25T07:31:59+0200,5a97bbcb-9e72-4f4c-baa4-b4df21b2bc14,2026-09-19T00:30:00Z,2026-09-19T02:30:00+0200,0.0,MW,NL,NL,forecast_solar_generation,Solar,2026-09-25T05:33:17Z
2026-09-25T05:31:59Z,2026-09-25T07:31:59+0200,5a97bbcb-9e72-4f4c-baa4-b4df21b2bc14,2026-09-19T00:45:00Z,2026-09-19T02:45:00+0200,0.0,MW,NL,NL,forecast_solar_generation,Solar,2026-09-25T05:33:17Z
2026-09-25T05:31:59Z,2026-09-25T07:31:59+0200,5a97bbcb-9e72-4f4c-baa4-b4df21b2bc14,2026-09-19T01:00:00Z,2026-09-19T03:00:00+0200,0.0,MW,NL,NL,forecast_solar_generation,Solar,2026-09-25T05:33:17Z
2026-09-25T05:31:59Z,2026-09-25T07:31:59+0200,5a97bbcb-9e72-4f4c-baa4-b4df21b2bc14,2026-09-19T01:15:00Z,2026-09-19T03:15:00+0200,0.0,MW,NL,NL,forecast_solar_generation,Solar,2026-09-25T05:33:17Z
2026-09-25T05:31:59Z,2026-09-25T07:31:59+0200,5a97bbcb-9e72-4f4c-baa4-b4df21b2bc14,2026-09-19T01:30:00Z,2026-09-19T03:30:00+0200,0.0,MW,NL,NL,forecast_solar_generation,Solar,2026-09-25T05:33:17Z
2026-09-25T05:31:59Z,2026-09-25T07:31:59+0200,5a97bbcb-9e72-4f4c-baa4-b4df21b2bc14,2026-09-19T01:45:00Z,2026-09-19T03:45:00+0200,0.0,MW,NL,NL,forecast_solar_generation,Solar,2026-09-25T05:33:17Z
2026-09-25T05:31:59Z,2026-09-25T07:31:59+0200,5a97bbcb-9e72-4f4c-baa4-b4df21b2bc14,2026-09-19T02:00:00Z,2026-09-19T04:00:00+0200,0.0,MW,NL,NL,forecast_solar_generation,Solar,2026-09-25T05:33:17Z
2026-09-25T05:31:59Z,2026-09-25T07:31:59+0200,5a97bbcb-9e72-4f4c-baa4-b4df21b2bc14,2026-09-19T02:15:00Z,2026-09-19T04:15:00+0200,0.0,MW,NL,NL,forecast_solar_generation,Solar,2026-09-25T05:33:17Z
2026-09-25T05:31:59Z,2026-09-25T07:31:59+0200,5a97bbcb-9e72-4f4c-baa4-b4df21b2bc14,2026-09-19T02:30:00Z,2026-09-19T04:30:00+0200,0.0,MW,NL,NL,forecast_solar_generation,Solar,2026-09-25T05:33:17Z
2026-09-25T05:31:59Z,2026-09-25T07:31:59+0200,5a97bbcb-9e72-4f4c-baa4-b4df21b2bc14,2026-09-19T02:45:00Z,2026-09-19T04:45:00+0200,0.0,MW,NL,NL,forecast_solar_generation,Solar,2026-09-25T05:33:17Z
2026-09-25T05:31:59Z,2026-09-25T07:31:59+0200,5a97bbcb-9e72-4f4c-baa4-b4df21b2bc14,2026-09-19T03:00:00Z,2026-09-19T05:00:00+0200,0.0,MW,NL,NL,forecast_solar_generation,Solar,2026-09-25T05:33:17Z
2026-09-25T05:31:59Z,2026-09-25T07:31:59+0200,5a97bbcb-9e72-4f4c-baa4-b4df21b2bc14,2026-09-19T03:15:00Z,2026-09-19T05:15:00+0200,0.0,MW,NL,NL,forecast_solar_generation,Solar,2026-09-25T05:33:17Z
2026-09-25T05:31:59Z,2026-09-25T07:31:59+0200,5a97bbcb-9e72-4f4c-baa4-b4df21b2bc14,2026-09-19T03:30:00Z,2026-09-19T05:30:00+0200,0.0,MW,NL,NL,forecast_solar_generation,Solar,2026-09-25T05:33:17Z
2026-09-25T05:31:59Z,2026-09-25T07:31:59+0200,5a97bbcb-9e72-4f4c-baa4-b4df21b2bc14,2026-09-19T03:45:00Z,2026-09-19T05:45:00+0200,0.0,MW,NL,NL,forecast_solar_generation,Solar,2026-09-25T05:33:17Z
2026-09-25T05:31:59Z,2026-09-25T07:31:59+0200,5a97bbcb-9e72-4f4c-baa4-b4df21b2bc14,2026-09-19T04:00:00Z,2026-09-19T06:00:00+0200,0.0,MW,NL,NL,forecast_solar_generation,Solar,2026-09-25T05:33:17Z
2026-09-25T05:31:59Z,2026-09-25T07:31:59+0200,5a97bbcb-9e72-4f4c-baa4-b4df21b2bc14,2026-09-19T04:15:00Z,2026-09-19T06:15:00+0200,0.0,MW,NL,NL,forecast_solar_generation,Solar,2026-09-25T05:33:17Z
2026-09-25T05:31:59Z,2026-09-25T07:31:59+0200,5a97bbcb-9e72-4f4c-baa4-b4df21b2bc14,2026-09-19T04:30:00Z,2026-09-19T06:30:00+0200,0.0,MW,NL,NL,forecast_solar_generation,Solar,2026-09-25T05:33:17Z
2026-09-25T05:31:59Z,2026-09-25T07:31:59+0200,5a97bbcb-9e72-4f4c-baa4-b4df21b2bc14,2026-09-19T04:45:00Z,2026-09-19T06:45:00+0200,0.0,MW,NL,NL,forecast_solar_generation,Solar,2026-09-25T05:33:17Z
2026-09-25T05:31:59Z,2026-09-25T07:31:59+0200,5a97bbcb-9e72-4f4c-baa4-b4df21b2bc14,2026-09-19T05:00:00Z,2026-09-19T07:00:00+0200,0.0,MW,NL,NL,forecast_solar_generation,Solar,2026-09-25T05:33:17Z
2026-09-25T05:31:59Z,2026-09-25T07:31:59+0200,5a97bbcb-9e72-4f4c-baa4-b4df21b2bc14,2026-09-19T05:15:00Z,2026-09-19T07:15:00+0200,7.0,MW,NL,NL,forecast_solar_generation,Solar,2026-09-25T05:33:17Z
2026-09-25T05:31:59Z,2026-09-25T07:31:59+0200,5a97bbcb-9e72-4f4c-baa4-b4df21b2bc14,2026-09-19T05:30:00Z,2026-09-19T07:30:00+0200,15.0,MW,NL,NL,forecast_solar_generation,Solar,2026-09-25T05:33:17Z
2026-09-25T05:31:59Z,2026-09-25T07:31:59+0200,5a97bbcb-9e72-4f4c-baa4-b4df21b2bc14,2026-09-19T05:45:00Z,2026-09-19T07:45:00+0200,23.0,MW,NL,NL,forecast_solar_generation,Solar,2026-09-25T05:33:17Z
2026-09-25T05:31:59Z,2026-09-25T07:31:59+0200,5a97bbcb-9e72-4f4c-baa4-b4df21b2bc14,2026-09-19T06:00:00Z,2026-09-19T08:00:00+0200,32.0,MW,NL,NL,forecast_solar_generation,Solar,2026-09-25T05:33:17Z
2026-09-25T05:31:59Z,2026-09-25T07:31:59+0200,5a97bbcb-9e72-4f4c-baa4-b4df21b2bc14,2026-09-19T06:15:00Z,2026-09-19T08:15:00+0200,122.0,MW,NL,NL,forecast_solar_generation,Solar,2026-09-25T05:33:17Z
2026-09-25T05:31:59Z,2026-09-25T07:31:59+0200,5a97bbcb-9e72-4f4c-baa4-b4df21b2bc14,2026-09-19T06:30:00Z,2026-09-19T08:30:00+0200,215.0,MW,NL,NL,forecast_solar_generation,Solar,2026-09-25T05:33:17Z
2026-09-25T05:31:59Z,2026-09-25T07:31:59+0200,5a97bbcb-9e72-4f4c-baa4-b4df21b2bc14,2026-09-19T06:45:00Z,2026-09-19T08:45:00+0200,306.0,MW,NL,NL,forecast_solar_generation,Solar,2026-09-25T05:33:17Z
2026-09-25T05:31:59Z,2026-09-25T07:31:59+0200,5a97bbcb-9e72-4f4c-baa4-b4df21b2bc14,2026-09-19T07:00:00Z,2026-09-19T09:00:00+0200,397.0,MW,NL,NL,forecast_solar_generation,Solar,2026-09-25T05:33:17Z
2026-09-25T05:31:59Z,2026-09-25T07:31:59+0200,5a97bbcb-9e72-4f4c-baa4-b4df21b2bc14,2026-09-19T07:15:00Z,2026-09-19T09:15:00+0200,503.0,MW,NL,NL,forecast_solar_generation,Solar,2026-09-25T05:33:17Z
2026-09-25T05:31:59Z,2026-09-25T07:31:59+0200,5a97bbcb-9e72-4f4c-baa4-b4df21b2bc14,2026-09-19T07:30:00Z,2026-09-19T09:30:00+0200,604.0,MW,NL,NL,forecast_solar_generation,Solar,2026-09-25T05:33:17Z
2026-09-25T05:31:59Z,2026-09-25T07:31:59+0200,5a97bbcb-9e72-4f4c-baa4-b4df21b2bc14,2026-09-19T07:45:00Z,2026-09-19T09:45:00+0200,710.0,MW,NL,NL,forecast_solar_generation,Solar,2026-09-25T05:33:17Z
2026-09-25T05:31:59Z,2026-09-25T07:31:59+0200,5a97bbcb-9e72-4f4c-baa4-b4df21b2bc14,2026-09-19T08:00:00Z,2026-09-19T10:00:00+0200,814.0,MW,NL,NL,forecast_solar_generation,Solar,2026-09-25T05:33:17Z
2026-09-25T05:31:59Z,2026-09-25T07:31:59+0200,5a97bbcb-9e72-4f4c-baa4-b4df21b2bc14,2026-09-19T08:15:00Z,2026-09-19T10:15:00+0200,915.0,MW,NL,NL,forecast_solar_generation,Solar,2026-09-25T05:33:17Z
2026-09-25T05:31:59Z,2026-09-25T07:31:59+0200,5a97bbcb-9e72-4f4c-baa4-b4df21b2bc14,2026-09-19T08:30:00Z,2026-09-19T10:30:00+0200,1016.0,MW,NL,NL,forecast_solar_generation,Solar,2026-09-25T05:33:17Z
2026-09-25T05:31:59Z,2026-09-25T07:31:59+0200,5a97bbcb-9e72-4f4c-baa4-b4df21b2bc14,2026-09-19T08:45:00Z,2026-09-19T10:45:00+0200,1117.0,MW,NL,NL,forecast_solar_generation,Solar,2026-09-25T05:33:17Z
2026-09-25T05:31:59Z,2026-09-25T07:31:59+0200,5a97bbcb-9e72-4f4c-baa4-b4df21b2bc14,2026-09-19T09:00:00Z,2026-09-19T11:00:00+0200,1218.0,MW,NL,NL,forecast_solar_generation,Solar,2026-09-25T05:33:17Z
2026-09-25T05:31:59Z,2026-09-25T07:31:59+0200,5a97bbcb-9e72-4f4c-baa4-b4df21b2bc14,2026-09-19T09:15:00Z,2026-09-19T11:15:00+0200,1360.0,MW,NL,NL,forecast_solar_generation,Solar,2026-09-25T05:33:17Z
2026-09-25T05:31:59Z,2026-09-25T07:31:59+0200,5a97bbcb-9e72-4f4c-baa4-b4df21b2bc14,2026-09-19T09:30:00Z,2026-09-19T11:30:00+0200,1504.0,MW,NL,NL,forecast_solar_generation,Solar,2026-09-25T05:33:17Z
2026-09-25T05:31:59Z,2026-09-25T07:31:59+0200,5a97bbcb-9e72-4f4c-baa4-b4df21b2bc14,2026-09-19T09:45:00Z,2026-09-19T11:45:00+0200,1645.0,MW,NL,NL,forecast_solar_generation,Solar,2026-09-25T05:33:17Z
2026-09-25T05:31:59Z,2026-09-25T07:31:59+0200,5a97bbcb-9e72-4f4c-baa4-b4df21b2bc14,2026-09-19T10:00:00Z,2026-09-19T12:00:00+0200,1785.0,MW,NL,NL,forecast_solar_generation,Solar,2026-09-25T05:33:17Z
2026-09-25T05:31:59Z,2026-09-25T07:31:59+0200,5a97bbcb-9e72-4f4c-baa4-b4df21b2bc14,2026-09-19T10:15:00Z,2026-09-19T12:15:00+0200,1849.0,MW,NL,NL,forecast_solar_generation,Solar,2026-09-25T05:33:17Z
2026-09-25T05:31:59Z,2026-09-25T07:31:59+0200,5a97bbcb-9e72-4f4c-baa4-b4df21b2bc14,2026-09-19T10:30:00Z,2026-09-19T12:30:00+0200,1913.0,MW,NL,NL,forecast_solar_generation,Solar,2026-09-25T05:33:17Z
2026-09-25T05:31:59Z,2026-09-25T07:31:59+0200,5a97bbcb-9e72-4f4c-baa4-b4df21b2bc14,2026-09-19T10:45:00Z,2026-09-19T12:45:00+0200,1977.0,MW,NL,NL,forecast_solar_generation,Solar,2026-09-25T05:33:17Z
2026-09-25T05:31:59Z,2026-09-25T07:31:59+0200,5a97bbcb-9e72-4f4c-baa4-b4df21b2bc14,2026-09-19T11:00:00Z,2026-09-19T13:00:00+0200,2040.0,MW,NL,NL,forecast_solar_generation,Solar,2026-09-25T05:33:17Z
2026-09-25T05:31:59Z,2026-09-25T07:31:59+0200,5a97bbcb-9e72-4f4c-baa4-b4df21b2bc14,2026-09-19T11:15:00Z,2026-09-19T13:15:00+0200,2065.0,MW,NL,NL,forecast_solar_generation,Solar,2026-09-25T05:33:17Z
2026-09-25T05:31:59Z,2026-09-25T07:31:59+0200,5a97bbcb-9e72-4f4c-baa4-b4df21b2bc14,2026-09-19T11:30:00Z,2026-09-19T13:30:00+0200,2086.0,MW,NL,NL,forecast_solar_generation,Solar,2026-09-25T05:33:17Z
2026-09-25T05:31:59Z,2026-09-25T07:31:59+0200,5a97bbcb-9e72-4f4c-baa4-b4df21b2bc14,2026-09-19T11:45:00Z,2026-09-19T13:45:00+0200,2111.0,MW,NL,NL,forecast_solar_generation,Solar,2026-09-25T05:33:17Z
2026-09-25T05:31:59Z,2026-09-25T07:31:59+0200,5a97bbcb-9e72-4f4c-baa4-b4df21b2bc14,2026-09-19T12:00:00Z,2026-09-19T14:00:00+0200,2131.0,MW,NL,NL,forecast_solar_generation,Solar,2026-09-25T05:33:17Z
2026-09-25T05:31:59Z,2026-09-25T07:31:59+0200,5a97bbcb-9e72-4f4c-baa4-b4df21b2bc14,2026-09-19T12:15:00Z,2026-09-19T14:15:00+0200,2230.0,MW,NL,NL,forecast_solar_generation,Solar,2026-09-25T05:33:17Z
2026-09-25T05:31:59Z,2026-09-25T07:31:59+0200,5a97bbcb-9e72-4f4c-baa4-b4df21b2bc14,2026-09-19T12:30:00Z,2026-09-19T14:30:00+0200,2326.0,MW,NL,NL,forecast_solar_generation,Solar,2026-09-25T05:33:17Z
2026-09-25T05:31:59Z,2026-09-25T07:31:59+0200,5a97bbcb-9e72-4f4c-baa4-b4df21b2bc14,2026-09-19T12:45:00Z,2026-09-19T14:45:00+0200,2423.0,MW,NL,NL,forecast_solar_generation,Solar,2026-09-25T05:33:17Z
2026-09-25T05:31:59Z,2026-09-25T07:31:59+0200,5a97bbcb-9e72-4f4c-baa4-b4df21b2bc14,2026-09-19T13:00:00Z,2026-09-19T15:00:00+0200,2520.0,MW,NL,NL,forecast_solar_generation,Solar,2026-09-25T05:33:17Z
2026-09-25T05:31:59Z,2026-09-25T07:31:59+0200,5a97bbcb-9e72-4f4c-baa4-b4df21b2bc14,2026-09-19T13:15:00Z,2026-09-19T15:15:00+0200,2448.0,MW,NL,NL,forecast_solar_generation,Solar,2026-09-25T05:33:17Z
2026-09-25T05:31:59Z,2026-09-25T07:31:59+0200,5a97bbcb-9e72-4f4c-baa4-b4df21b2bc14,2026-09-19T13:30:00Z,2026-09-19T15:30:00+0200,2373.0,MW,NL,NL,forecast_solar_generation,Solar,2026-09-25T05:33:17Z
2026-09-25T05:31:59Z,2026-09-25T07:31:59+0200,5a97bbcb-9e72-4f4c-baa4-b4df21b2bc14,2026-09-19T13:45:00Z,2026-09-19T15:45:00+0200,2300.0,MW,NL,NL,forecast_solar_generation,Solar,2026-09-25T05:33:17Z
2026-09-25T05:31:59Z,2026-09-25T07:31:59+0200,5a97bbcb-9e72-4f4c-baa4-b4df21b2bc14,2026-09-19T14:00:00Z,2026-09-19T16:00:00+0200,2226.0,MW,NL,NL,forecast_solar_generation,Solar,2026-09-25T05:33:17Z
2026-09-25T05:31:59Z,2026-09-25T07:31:59+0200,5a97bbcb-9e72-4f4c-baa4-b4df21b2bc14,2026-09-19T14:15:00Z,2026-09-19T16:15:00+0200,2108.0,MW,NL,NL,forecast_solar_generation,Solar,2026-09-25T05:33:17Z
2026-09-25T05:31:59Z,2026-09-25T07:31:59+0200,5a97bbcb-9e72-4f4c-baa4-b4df21b2bc14,2026-09-19T14:30:00Z,2026-09-19T16:30:00+0200,1994.0,MW,NL,NL,forecast_solar_generation,Solar,2026-09-25T05:33:17Z
2026-09-25T05:31:59Z,2026-09-25T07:31:59+0200,5a97bbcb-9e72-4f4c-baa4-b4df21b2bc14,2026-09-19T14:45:00Z,2026-09-19T16:45:00+0200,1876.0,MW,NL,NL,forecast_solar_generation,Solar,2026-09-25T05:33:17Z
2026-09-25T05:31:59Z,2026-09-25T07:31:59+0200,5a97bbcb-9e72-4f4c-baa4-b4df21b2bc14,2026-09-19T15:00:00Z,2026-09-19T17:00:00+0200,1760.0,MW,NL,NL,forecast_solar_generation,Solar,2026-09-25T05:33:17Z
2026-09-25T05:31:59Z,2026-09-25T07:31:59+0200,5a97bbcb-9e72-4f4c-baa4-b4df21b2bc14,2026-09-19T15:15:00Z,2026-09-19T17:15:00+0200,1587.0,MW,NL,NL,forecast_solar_generation,Solar,2026-09-25T05:33:17Z
2026-09-25T05:31:59Z,2026-09-25T07:31:59+0200,5a97bbcb-9e72-4f4c-baa4-b4df21b2bc14,2026-09-19T15:30:00Z,2026-09-19T17:30:00+0200,1418.0,MW,NL,NL,forecast_solar_generation,Solar,2026-09-25T05:33:17Z
2026-09-25T05:31:59Z,2026-09-25T07:31:59+0200,5a97bbcb-9e72-4f4c-baa4-b4df21b2bc14,2026-09-19T15:45:00Z,2026-09-19T17:45:00+0200,1244.0,MW,NL,NL,forecast_solar_generation,Solar,2026-09-25T05:33:17Z
2026-09-25T05:31:59Z,2026-09-25T07:31:59+0200,5a97bbcb-9e72-4f4c-baa4-b4df21b2bc14,2026-09-19T16:00:00Z,2026-09-19T18:00:00+0200,1072.0,MW,NL,NL,forecast_solar_generation,Solar,2026-09-25T05:33:17Z
2026-09-25T05:31:59Z,2026-09-25T07:31:59+0200,5a97bbcb-9e72-4f4c-baa4-b4df21b2bc14,2026-09-19T16:15:00Z,2026-09-19T18:15:00+0200,938.0,MW,NL,NL,forecast_solar_generation,Solar,2026-09-25T05:33:17Z
2026-09-25T05:31:59Z,2026-09-25T07:31:59+0200,5a97bbcb-9e72-4f4c-baa4-b4df21b2bc14,2026-09-19T16:30:00Z,2026-09-19T18:30:00+0200,806.0,MW,NL,NL,forecast_solar_generation,Solar,2026-09-25T05:33:17Z
2026-09-25T05:31:59Z,2026-09-25T07:31:59+0200,5a97bbcb-9e72-4f4c-baa4-b4df21b2bc14,2026-09-19T16:45:00Z,2026-09-19T18:45:00+0200,673.0,MW,NL,NL,forecast_solar_generation,Solar,2026-09-25T05:33:17Z
2026-09-25T05:31:59Z,2026-09-25T07:31:59+0200,5a97bbcb-9e72-4f4c-baa4-b4df21b2bc14,2026-09-19T17:00:00Z,2026-09-19T19:00:00+0200,543.0,MW,NL,NL,forecast_solar_generation,Solar,2026-09-25T05:33:17Z
2026-09-25T05:31:59Z,2026-09-25T07:31:59+0200,5a97bbcb-9e72-4f4c-baa4-b4df21b2bc14,2026-09-19T17:15:00Z,2026-09-19T19:15:00+0200,414.0,MW,NL,NL,forecast_solar_generation,Solar,2026-09-25T05:33:17Z
2026-09-25T05:31:59Z,2026-09-25T07:31:59+0200,5a97bbcb-9e72-4f4c-baa4-b4df21b2bc14,2026-09-19T17:30:00Z,2026-09-19T19:30:00+0200,286.0,MW,NL,NL,forecast_solar_generation,Solar,2026-09-25T05:33:17Z
2026-09-25T05:31:59Z,2026-09-25T07:31:59+0200,5a97bbcb-9e72-4f4c-baa4-b4df21b2bc14,2026-09-19T17:45:00Z,2026-09-19T19:45:00+0200,158.0,MW,NL,NL,forecast_solar_generation,Solar,2026-09-25T05:33:17Z
2026-09-25T05:31:59Z,2026-09-25T07:31:59+0200,5a97bbcb-9e72-4f4c-baa4-b4df21b2bc14,2026-09-19T18:00:00Z,2026-09-19T20:00:00+0200,30.0,MW,NL,NL,forecast_solar_generation,Solar,2026-09-25T05:33:17Z
2026-09-25T05:31:59Z,2026-09-25T07:31:59+0200,5a97bbcb-9e72-4f4c-baa4-b4df21b2bc14,2026-09-19T18:15:00Z,2026-09-19T20:15:00+0200,22.0,MW,NL,NL,forecast_solar_generation,Solar,2026-09-25T05:33:17Z
2026-09-25T05:31:59Z,2026-09-25T07:31:59+0200,5a97bbcb-9e72-4f4c-baa4-b4df21b2bc14,2026-09-19T18:30:00Z,2026-09-19T20:30:00+0200,15.0,MW,NL,NL,forecast_solar_generation,Solar,2026-09-25T05:33:17Z
2026-09-25T05:31:59Z,2026-09-25T07:31:59+0200,5a97bbcb-9e72-4f4c-baa4-b4df21b2bc14,2026-09-19T18:45:00Z,2026-09-19T20:45:00+0200,6.0,MW,NL,NL,forecast_solar_generation,Solar,2026-09-25T05:33:17Z
2026-09-25T05:31:59Z,2026-09-25T07:31:59+0200,5a97bbcb-9e72-4f4c-baa4-b4df21b2bc14,2026-09-19T19:00:00Z,2026-09-19T21:00:00+0200,0.0,MW,NL,NL,forecast_solar_generation,Solar,2026-09-25T05:33:17Z
2026-09-25T05:31:59Z,2026-09-25T07:31:59+0200,5a97bbcb-9e72-4f4c-baa4-b4df21b2bc14,2026-09-19T19:15:00Z,2026-09-19T21:15:00+0200,0.0,MW,NL,NL,forecast_solar_generation,Solar,2026-09-25T05:33:17Z
2026-09-25T05:31:59Z,2026-09-25T07:31:59+0200,5a97bbcb-9e72-4f4c-baa4-b4df21b2bc14,2026-09-19T19:30:00Z,2026-09-19T21:30:00+0200,0.0,MW,NL,NL,forecast_solar_generation,Solar,2026-09-25T05:33:17Z
2026-09-25T05:31:59Z,2026-09-25T07:31:59+0200,5a97bbcb-9e72-4f4c-baa4-b4df21b2bc14,2026-09-19T19:45:00Z,2026-09-19T21:45:00+0200,0.0,MW,NL,NL,forecast_solar_generation,Solar,2026-09-25T05:33:17Z
2026-09-25T05:31:59Z,2026-09-25T07:31:59+0200,5a97bbcb-9e72-4f4c-baa4-b4df21b2bc14,2026-09-19T20:00:00Z,2026-09-19T22:00:00+0200,0.0,MW,NL,NL,forecast_solar_generation,Solar,2026-09-25T05:33:17Z
2026-09-25T05:31:59Z,2026-09-25T07:31:59+0200,5a97bbcb-9e72-4f4c-baa4-b4df21b2bc14,2026-09-19T20:15:00Z,2026-09-19T22:15:00+0200,0.0,MW,NL,NL,forecast_solar_generation,Solar,2026-09-25T05:33:17Z
2026-09-25T05:31:59Z,2026-09-25T07:31:59+0200,5a97bbcb-9e72-4f4c-baa4-b4df21b2bc14,2026-09-19T20:30:00Z,2026-09-19T22:30:00+0200,0.0,MW,NL,NL,forecast_solar_generation,Solar,2026-09-25T05:33:17Z
2026-09-25T05:31:59Z,2026-09-25T07:31:59+0200,5a97bbcb-9e72-4f4c-baa4-b4df21b2bc14,2026-09-19T20:45:00Z,2026-09-19T22:45:00+0200,0.0,MW,NL,NL,forecast_solar_generation,Solar,2026-09-25T05:33:17Z
2026-09-25T05:31:59Z,2026-09-25T07:31:59+0200,5a97bbcb-9e72-4f4c-baa4-b4df21b2bc14,2026-09-19T21:00:00Z,2026-09-19T23:00:00+0200,0.0,MW,NL,NL,forecast_solar_generation,Solar,2026-09-25T05:33:17Z
2026-09-25T05:31:59Z,2026-09-25T07:31:59+0200,5a97bbcb-9e72-4f4c-baa4-b4df21b2bc14,2026-09-19T21:15:00Z,2026-09-19T23:15:00+0200,0.0,MW,NL,NL,forecast_solar_generation,Solar,2026-09-25T05:33:17Z
2026-09-25T05:31:59Z,2026-09-25T07:31:59+0200,5a97bbcb-9e72-4f4c-baa4-b4df21b2bc14,2026-09-19T21:30:00Z,2026-09-19T23:30:00+0200,0.0,MW,NL,NL,forecast_solar_generation,Solar,2026-09-25T05:33:17Z
2026-09-25T05:31:59Z,2026-09-25T07:31:59+0200,5a97bbcb-9e72-4f4c-baa4-b4df21b2bc14,2026-09-19T21:45:00Z,2026-09-19T23:45:00+0200,0.0,MW,NL,NL,forecast_solar_generation,Solar,2026-09-25T05:33:17Z
2026-09-25T05:31:59Z,2026-09-25T07:31:59+0200,5a97bbcb-9e72-4f4c-baa4-b4df21b2bc14,2026-09-19T22:00:00Z,2026-09-20T00:00:00+0200,0.0,MW,NL,NL,forecast_solar_generation,Solar,2026-09-25T05:33:17Z
2026-09-25T05:31:59Z,2026-09-25T07:31:59+0200,5a97bbcb-9e72-4f4c-baa4-b4df21b2bc14,2026-09-19T22:15:00Z,2026-09-20T00:15:00+0200,0.0,MW,NL,NL,forecast_solar_generation,Solar,2026-09-25T05:33:17Z
2026-09-25T05:31:59Z,2026-09-25T07:31:59+0200,5a97bbcb-9e72-4f4c-baa4-b4df21b2bc14,2026-09-19T22:30:00Z,2026-09-20T00:30:00+0200,0.0,MW,NL,NL,forecast_solar_generation,Solar,2026-09-25T05:33:17Z
2026-09-25T05:31:59Z,2026-09-25T07:31:59+0200,5a97bbcb-9e72-4f4c-baa4-b4df21b2bc14,2026-09-19T22:45:00Z,2026-09-20T00:45:00+0200,0.0,MW,NL,NL,forecast_solar_generation,Solar,2026-09-25T05:33:17Z
2026-09-25T05:31:59Z,2026-09-25T07:31:59+0200,5a97bbcb-9e72-4f4c-baa4-b4df21b2bc14,2026-09-19T23:00:00Z,2026-09-20T01:00:00+0200,0.0,MW,NL,NL,forecast_solar_generation,Solar,2026-09-25T05:33:17Z
2026-09-25T05:31:59Z,2026-09-25T07:31:59+0200,5a97bbcb-9e72-4f4c-baa4-b4df21b2bc14,2026-09-19T23:15:00Z,2026-09-20T01:15:00+0200,0.0,MW,NL,NL,forecast_solar_generation,Solar,2026-09-25T05:33:17Z
2026-09-25T05:31:59Z,2026-09-25T07:31:59+0200,5a97bbcb-9e72-4f4c-baa4-b4df21b2bc14,2026-09-19T23:30:00Z,2026-09-20T01:30:00+0200,0.0,MW,NL,NL,forecast_solar_generation,Solar,2026-09-25T05:33:17Z
2026-09-25T05:31:59Z,2026-09-25T07:31:59+0200,5a97bbcb-9e72-4f4c-baa4-b4df21b2bc14,2026-09-19T23:45:00Z,2026-09-20T01:45:00+0200,0.0,MW,NL,NL,forecast_solar_generation,Solar,2026-09-25T05:33:17Z
2026-09-25T05:31:59Z,2026-09-25T07:31:59+0200,5a97bbcb-9e72-4f4c-baa4-b4df21b2bc14,2026-09-20T00:00:00Z,2026-09-20T02:00:00+0200,0.0,MW,NL,NL,forecast_solar_generation,Solar,2026-09-25T05:33:17Z
2026-09-25T05:31:59Z,2026-09-25T07:31:59+0200,5a97bbcb-9e72-4f4c-baa4-b4df21b2bc14,2026-09-20T00:15:00Z,2026-09-20T02:15:00+0200,0.0,MW,NL,NL,forecast_solar_generation,Solar,2026-09-25T05:33:17Z
2026-09-25T05:31:59Z,2026-09-25T07:31:59+0200,5a97bbcb-9e72-4f4c-baa4-b4df21b2bc14,2026-09-20T00:30:00Z,2026-09-20T02:30:00+0200,0.0,MW,NL,NL,forecast_solar_generation,Solar,2026-09-25T05:33:17Z
2026-09-25T05:31:59Z,2026-09-25T07:31:59+0200,5a97bbcb-9e72-4f4c-baa4-b4df21b2bc14,2026-09-20T00:45:00Z,2026-09-20T02:45:00+0200,0.0,MW,NL,NL,forecast_solar_generation,Solar,2026-09-25T05:33:17Z
2026-09-25T05:31:59Z,2026-09-25T07:31:59+0200,5a97bbcb-9e72-4f4c-baa4-b4df21b2bc14,2026-09-20T01:00:00Z,2026-09-20T03:00:00+0200,0.0,MW,NL,NL,forecast_solar_generation,Solar,2026-09-25T05:33:17Z
2026-09-25T05:31:59Z,2026-09-25T07:31:59+0200,5a97bbcb-9e72-4f4c-baa4-b4df21b2bc14,2026-09-20T01:15:00Z,2026-09-20T03:15:00+0200,0.0,MW,NL,NL,forecast_solar_generation,Solar,2026-09-25T05:33:17Z
2026-09-25T05:31:59Z,2026-09-25T07:31:59+0200,5a97bbcb-9e72-4f4c-baa4-b4df21b2bc14,2026-09-20T01:30:00Z,2026-09-20T03:30:00+0200,0.0,MW,NL,NL,forecast_solar_generation,Solar,2026-09-25T05:33:17Z
2026-09-25T05:31:59Z,2026-09-25T07:31:59+0200,5a97bbcb-9e72-4f4c-baa4-b4df21b2bc14,2026-09-20T01:45:00Z,2026-09-20T03:45:00+0200,0.0,MW,NL,NL,forecast_solar_generation,Solar,2026-09-25T05:33:17Z
2026-09-25T05:31:59Z,2026-09-25T07:31:59+0200,5a97bbcb-9e72-4f4c-baa4-b4df21b2bc14,2026-09-20T02:00:00Z,2026-09-20T04:00:00+0200,0.0,MW,NL,NL,forecast_solar_generation,Solar,2026-09-25T05:33:17Z
2026-09-25T05:31:59Z,2026-09-25T07:31:59+0200,5a97bbcb-9e72-4f4c-baa4-b4df21b2bc14,2026-09-20T02:15:00Z,2026-09-20T04:15:00+0200,0.0,MW,NL,NL,forecast_solar_generation,Solar,2026-09-25T05:33:17Z
2026-09-25T05:31:59Z,2026-09-25T07:31:59+0200,5a97bbcb-9e72-4f4c-baa4-b4df21b2bc14,2026-09-20T02:30:00Z,2026-09-20T04:30:00+0200,0.0,MW,NL,NL,forecast_solar_generation,Solar,2026-09-25T05:33:17Z
2026-09-25T05:31:59Z,2026-09-25T07:31:59+0200,5a97bbcb-9e72-4f4c-baa4-b4df21b2bc14,2026-09-20T02:45:00Z,2026-09-20T04:45:00+0200,0.0,MW,NL,NL,forecast_solar_generation,Solar,2026-09-25T05:33:17Z
2026-09-25T05:31:59Z,2026-09-25T07:31:59+0200,5a97bbcb-9e72-4f4c-baa4-b4df21b2bc14,2026-09-20T03:00:00Z,2026-09-20T05:00:00+0200,0.0,MW,NL,NL,forecast_solar_generation,Solar,2026-09-25T05:33:17Z
2026-09-25T05:31:59Z,2026-09-25T07:31:59+0200,5a97bbcb-9e72-4f4c-baa4-b4df21b2bc14,2026-09-20T03:15:00Z,2026-09-20T05:15:00+0200,0.0,MW,NL,NL,forecast_solar_generation,Solar,2026-09-25T05:33:17Z
2026-09-25T05:31:59Z,2026-09-25T07:31:59+0200,5a97bbcb-9e72-4f4c-baa4-b4df21b2bc14,2026-09-20T03:30:00Z,2026-09-20T05:30:00+0200,0.0,MW,NL,NL,forecast_solar_generation,Solar,2026-09-25T05:33:17Z
2026-09-25T05:31:59Z,2026-09-25T07:31:59+0200,5a97bbcb-9e72-4f4c-baa4-b4df21b2bc14,2026-09-20T03:45:00Z,2026-09-20T05:45:00+0200,0.0,MW,NL,NL,forecast_solar_generation,Solar,2026-09-25T05:33:17Z
2026-09-25T05:31:59Z,2026-09-25T07:31:59+0200,5a97bbcb-9e72-4f4c-baa4-b4df21b2bc14,2026-09-20T04:00:00Z,2026-09-20T06:00:00+0200,0.0,MW,NL,NL,forecast_solar_generation,Solar,2026-09-25T05:33:17Z
2026-09-25T05:31:59Z,2026-09-25T07:31:59+0200,5a97bbcb-9e72-4f4c-baa4-b4df21b2bc14,2026-09-20T04:15:00Z,2026-09-20T06:15:00+0200,0.0,MW,NL,NL,forecast_solar_generation,Solar,2026-09-25T05:33:17Z
2026-09-25T05:31:59Z,2026-09-25T07:31:59+0200,5a97bbcb-9e72-4f4c-baa4-b4df21b2bc14,2026-09-20T04:30:00Z,2026-09-20T06:30:00+0200,0.0,MW,NL,NL,forecast_solar_generation,Solar,2026-09-25T05:33:17Z
2026-09-25T05:31:59Z,2026-09-25T07:31:59+0200,5a97bbcb-9e72-4f4c-baa4-b4df21b2bc14,2026-09-20T04:45:00Z,2026-09-20T06:45:00+0200,0.0,MW,NL,NL,forecast_solar_generation,Solar,2026-09-25T05:33:17Z
2026-09-25T05:31:59Z,2026-09-25T07:31:59+0200,5a97bbcb-9e72-4f4c-baa4-b4df21b2bc14,2026-09-20T05:00:00Z,2026-09-20T07:00:00+0200,0.0,MW,NL,NL,forecast_solar_generation,Solar,2026-09-25T05:33:17Z
2026-09-25T05:31:59Z,2026-09-25T07:31:59+0200,5a97bbcb-9e72-4f4c-baa4-b4df21b2bc14,2026-09-20T05:15:00Z,2026-09-20T07:15:00+0200,5.0,MW,NL,NL,forecast_solar_generation,Solar,2026-09-25T05:33:17Z
2026-09-25T05:31:59Z,2026-09-25T07:31:59+0200,5a97bbcb-9e72-4f4c-baa4-b4df21b2bc14,2026-09-20T05:30:00Z,2026-09-20T07:30:00+0200,12.0,MW,NL,NL,forecast_solar_generation,Solar,2026-09-25T05:33:17Z
2026-09-25T05:31:59Z,2026-09-25T07:31:59+0200,5a97bbcb-9e72-4f4c-baa4-b4df21b2bc14,2026-09-20T05:45:00Z,2026-09-20T07:45:00+0200,18.0,MW,NL,NL,forecast_solar_generation,Solar,2026-09-25T05:33:17Z
2026-09-25T05:31:59Z,2026-09-25T07:31:59+0200,5a97bbcb-9e72-4f4c-baa4-b4df21b2bc14,2026-09-20T06:00:00Z,2026-09-20T08:00:00+0200,22.0,MW,NL,NL,forecast_solar_generation,Solar,2026-09-25T05:33:17Z
2026-09-25T05:31:59Z,2026-09-25T07:31:59+0200,5a97bbcb-9e72-4f4c-baa4-b4df21b2bc14,2026-09-20T06:15:00Z,2026-09-20T08:15:00+0200,187.0,MW,NL,NL,forecast_solar_generation,Solar,2026-09-25T05:33:17Z
2026-09-25T05:31:59Z,2026-09-25T07:31:59+0200,5a97bbcb-9e72-4f4c-baa4-b4df21b2bc14,2026-09-20T06:30:00Z,2026-09-20T08:30:00+0200,349.0,MW,NL,NL,forecast_solar_generation,Solar,2026-09-25T05:33:17Z
2026-09-25T05:31:59Z,2026-09-25T07:31:59+0200,5a97bbcb-9e72-4f4c-baa4-b4df21b2bc14,2026-09-20T06:45:00Z,2026-09-20T08:45:00+0200,513.0,MW,NL,NL,forecast_solar_generation,Solar,2026-09-25T05:33:17Z
2026-09-25T05:31:59Z,2026-09-25T07:31:59+0200,5a97bbcb-9e72-4f4c-baa4-b4df21b2bc14,2026-09-20T07:00:00Z,2026-09-20T09:00:00+0200,675.0,MW,NL,NL,forecast_solar_generation,Solar,2026-09-25T05:33:17Z
2026-09-25T05:31:59Z,2026-09-25T07:31:59+0200,5a97bbcb-9e72-4f4c-baa4-b4df21b2bc14,2026-09-20T07:15:00Z,2026-09-20T09:15:00+0200,845.0,MW,NL,NL,forecast_solar_generation,Solar,2026-09-25T05:33:17Z
2026-09-25T05:31:59Z,2026-09-25T07:31:59+0200,5a97bbcb-9e72-4f4c-baa4-b4df21b2bc14,2026-09-20T07:30:00Z,2026-09-20T09:30:00+0200,1015.0,MW,NL,NL,forecast_solar_generation,Solar,2026-09-25T05:33:17Z
2026-09-25T05:31:59Z,2026-09-25T07:31:59+0200,5a97bbcb-9e72-4f4c-baa4-b4df21b2bc14,2026-09-20T07:45:00Z,2026-09-20T09:45:00+0200,1184.0,MW,NL,NL,forecast_solar_generation,Solar,2026-09-25T05:33:17Z
2026-09-25T05:31:59Z,2026-09-25T07:31:59+0200,5a97bbcb-9e72-4f4c-baa4-b4df21b2bc14,2026-09-20T08:00:00Z,2026-09-20T10:00:00+0200,1355.0,MW,NL,NL,forecast_solar_generation,Solar,2026-09-25T05:33:17Z
2026-09-25T05:31:59Z,2026-09-25T07:31:59+0200,5a97bbcb-9e72-4f4c-baa4-b4df21b2bc14,2026-09-20T08:15:00Z,2026-09-20T10:15:00+0200,1518.0,MW,NL,NL,forecast_solar_generation,Solar,2026-09-25T05:33:17Z
2026-09-25T05:31:59Z,2026-09-25T07:31:59+0200,5a97bbcb-9e72-4f4c-baa4-b4df21b2bc14,2026-09-20T08:30:00Z,2026-09-20T10:30:00+0200,1681.0,MW,NL,NL,forecast_solar_generation,Solar,2026-09-25T05:33:17Z
2026-09-25T05:31:59Z,2026-09-25T07:31:59+0200,5a97bbcb-9e72-4f4c-baa4-b4df21b2bc14,2026-09-20T08:45:00Z,2026-09-20T10:45:00+0200,1843.0,MW,NL,NL,forecast_solar_generation,Solar,2026-09-25T05:33:17Z
2026-09-25T05:31:59Z,2026-09-25T07:31:59+0200,5a97bbcb-9e72-4f4c-baa4-b4df21b2bc14,2026-09-20T09:00:00Z,2026-09-20T11:00:00+0200,2004.0,MW,NL,NL,forecast_solar_generation,Solar,2026-09-25T05:33:17Z
2026-09-25T05:31:59Z,2026-09-25T07:31:59+0200,5a97bbcb-9e72-4f4c-baa4-b4df21b2bc14,2026-09-20T09:15:00Z,2026-09-20T11:15:00+0200,2263.0,MW,NL,NL,forecast_solar_generation,Solar,2026-09-25T05:33:17Z
2026-09-25T05:31:59Z,2026-09-25T07:31:59+0200,5a97bbcb-9e72-4f4c-baa4-b4df21b2bc14,2026-09-20T09:30:00Z,2026-09-20T11:30:00+0200,2519.0,MW,NL,NL,forecast_solar_generation,Solar,2026-09-25T05:33:17Z
2026-09-25T05:31:59Z,2026-09-25T07:31:59+0200,5a97bbcb-9e72-4f4c-baa4-b4df21b2bc14,2026-09-20T09:45:00Z,2026-09-20T11:45:00+0200,2775.0,MW,NL,NL,forecast_solar_generation,Solar,2026-09-25T05:33:17Z
2026-09-25T05:31:59Z,2026-09-25T07:31:59+0200,5a97bbcb-9e72-4f4c-baa4-b4df21b2bc14,2026-09-20T10:00:00Z,2026-09-20T12:00:00+0200,3032.0,MW,NL,NL,forecast_solar_generation,Solar,2026-09-25T05:33:17Z
2026-09-25T05:31:59Z,2026-09-25T07:31:59+0200,5a97bbcb-9e72-4f4c-baa4-b4df21b2bc14,2026-09-20T10:15:00Z,2026-09-20T12:15:00+0200,3129.0,MW,NL,NL,forecast_solar_generation,Solar,2026-09-25T05:33:17Z
2026-09-25T05:31:59Z,2026-09-25T07:31:59+0200,5a97bbcb-9e72-4f4c-baa4-b4df21b2bc14,2026-09-20T10:30:00Z,2026-09-20T12:30:00+0200,3224.0,MW,NL,NL,forecast_solar_generation,Solar,2026-09-25T05:33:17Z
2026-09-25T05:31:59Z,2026-09-25T07:31:59+0200,5a97bbcb-9e72-4f4c-baa4-b4df21b2bc14,2026-09-20T10:45:00Z,2026-09-20T12:45:00+0200,3321.0,MW,NL,NL,forecast_solar_generation,Solar,2026-09-25T05:33:17Z
2026-09-25T05:31:59Z,2026-09-25T07:31:59+0200,5a97bbcb-9e72-4f4c-baa4-b4df21b2bc14,2026-09-20T11:00:00Z,2026-09-20T13:00:00+0200,3418.0,MW,NL,NL,forecast_solar_generation,Solar,2026-09-25T05:33:17Z
2026-09-25T05:31:59Z,2026-09-25T07:31:59+0200,5a97bbcb-9e72-4f4c-baa4-b4df21b2bc14,2026-09-20T11:15:00Z,2026-09-20T13:15:00+0200,3452.0,MW,NL,NL,forecast_solar_generation,Solar,2026-09-25T05:33:17Z
2026-09-25T05:31:59Z,2026-09-25T07:31:59+0200,5a97bbcb-9e72-4f4c-baa4-b4df21b2bc14,2026-09-20T11:30:00Z,2026-09-20T13:30:00+0200,3485.0,MW,NL,NL,forecast_solar_generation,Solar,2026-09-25T05:33:17Z
2026-09-25T05:31:59Z,2026-09-25T07:31:59+0200,5a97bbcb-9e72-4f4c-baa4-b4df21b2bc14,2026-09-20T11:45:00Z,2026-09-20T13:45:00+0200,3520.0,MW,NL,NL,forecast_solar_generation,Solar,2026-09-25T05:33:17Z
2026-09-25T05:31:59Z,2026-09-25T07:31:59+0200,5a97bbcb-9e72-4f4c-baa4-b4df21b2bc14,2026-09-20T12:00:00Z,2026-09-20T14:00:00+0200,3552.0,MW,NL,NL,forecast_solar_generation,Solar,2026-09-25T05:33:17Z
2026-09-25T05:31:59Z,2026-09-25T07:31:59+0200,5a97bbcb-9e72-4f4c-baa4-b4df21b2bc14,2026-09-20T12:15:00Z,2026-09-20T14:15:00+0200,3641.0,MW,NL,NL,forecast_solar_generation,Solar,2026-09-25T05:33:17Z
2026-09-25T05:31:59Z,2026-09-25T07:31:59+0200,5a97bbcb-9e72-4f4c-baa4-b4df21b2bc14,2026-09-20T12:30:00Z,2026-09-20T14:30:00+0200,3728.0,MW,NL,NL,forecast_solar_generation,Solar,2026-09-25T05:33:17Z
2026-09-25T05:31:59Z,2026-09-25T07:31:59+0200,5a97bbcb-9e72-4f4c-baa4-b4df21b2bc14,2026-09-20T12:45:00Z,2026-09-20T14:45:00+0200,3818.0,MW,NL,NL,forecast_solar_generation,Solar,2026-09-25T05:33:17Z
2026-09-25T05:31:59Z,2026-09-25T07:31:59+0200,5a97bbcb-9e72-4f4c-baa4-b4df21b2bc14,2026-09-20T13:00:00Z,2026-09-20T15:00:00+0200,3904.0,MW,NL,NL,forecast_solar_generation,Solar,2026-09-25T05:33:17Z
2026-09-25T05:31:59Z,2026-09-25T07:31:59+0200,5a97bbcb-9e72-4f4c-baa4-b4df21b2bc14,2026-09-20T13:15:00Z,2026-09-20T15:15:00+0200,3799.0,MW,NL,NL,forecast_solar_generation,Solar,2026-09-25T05:33:17Z
2026-09-25T05:31:59Z,2026-09-25T07:31:59+0200,5a97bbcb-9e72-4f4c-baa4-b4df21b2bc14,2026-09-20T13:30:00Z,2026-09-20T15:30:00+0200,3697.0,MW,NL,NL,forecast_solar_generation,Solar,2026-09-25T05:33:17Z
2026-09-25T05:31:59Z,2026-09-25T07:31:59+0200,5a97bbcb-9e72-4f4c-baa4-b4df21b2bc14,2026-09-20T13:45:00Z,2026-09-20T15:45:00+0200,3588.0,MW,NL,NL,forecast_solar_generation,Solar,2026-09-25T05:33:17Z
2026-09-25T05:31:59Z,2026-09-25T07:31:59+0200,5a97bbcb-9e72-4f4c-baa4-b4df21b2bc14,2026-09-20T14:00:00Z,2026-09-20T16:00:00+0200,3483.0,MW,NL,NL,forecast_solar_generation,Solar,2026-09-25T05:33:17Z
2026-09-25T05:31:59Z,2026-09-25T07:31:59+0200,5a97bbcb-9e72-4f4c-baa4-b4df21b2bc14,2026-09-20T14:15:00Z,2026-09-20T16:15:00+0200,3315.0,MW,NL,NL,forecast_solar_generation,Solar,2026-09-25T05:33:17Z
2026-09-25T05:31:59Z,2026-09-25T07:31:59+0200,5a97bbcb-9e72-4f4c-baa4-b4df21b2bc14,2026-09-20T14:30:00Z,2026-09-20T16:30:00+0200,3149.0,MW,NL,NL,forecast_solar_generation,Solar,2026-09-25T05:33:17Z
2026-09-25T05:31:59Z,2026-09-25T07:31:59+0200,5a97bbcb-9e72-4f4c-baa4-b4df21b2bc14,2026-09-20T14:45:00Z,2026-09-20T16:45:00+0200,2979.0,MW,NL,NL,forecast_solar_generation,Solar,2026-09-25T05:33:17Z
2026-09-25T05:31:59Z,2026-09-25T07:31:59+0200,5a97bbcb-9e72-4f4c-baa4-b4df21b2bc14,2026-09-20T15:00:00Z,2026-09-20T17:00:00+0200,2814.0,MW,NL,NL,forecast_solar_generation,Solar,2026-09-25T05:33:17Z
2026-09-25T05:31:59Z,2026-09-25T07:31:59+0200,5a97bbcb-9e72-4f4c-baa4-b4df21b2bc14,2026-09-20T15:15:00Z,2026-09-20T17:15:00+0200,2632.0,MW,NL,NL,forecast_solar_generation,Solar,2026-09-25T05:33:17Z
2026-09-25T05:31:59Z,2026-09-25T07:31:59+0200,5a97bbcb-9e72-4f4c-baa4-b4df21b2bc14,2026-09-20T15:30:00Z,2026-09-20T17:30:00+0200,2449.0,MW,NL,NL,forecast_solar_generation,Solar,2026-09-25T05:33:17Z
2026-09-25T05:31:59Z,2026-09-25T07:31:59+0200,5a97bbcb-9e72-4f4c-baa4-b4df21b2bc14,2026-09-20T15:45:00Z,2026-09-20T17:45:00+0200,2267.0,MW,NL,NL,forecast_solar_generation,Solar,2026-09-25T05:33:17Z
2026-09-25T05:31:59Z,2026-09-25T07:31:59+0200,5a97bbcb-9e72-4f4c-baa4-b4df21b2bc14,2026-09-20T16:00:00Z,2026-09-20T18:00:00+0200,2084.0,MW,NL,NL,forecast_solar_generation,Solar,2026-09-25T05:33:17Z
2026-09-25T05:31:59Z,2026-09-25T07:31:59+0200,5a97bbcb-9e72-4f4c-baa4-b4df21b2bc14,2026-09-20T16:15:00Z,2026-09-20T18:15:00+0200,1832.0,MW,NL,NL,forecast_solar_generation,Solar,2026-09-25T05:33:17Z
2026-09-25T05:31:59Z,2026-09-25T07:31:59+0200,5a97bbcb-9e72-4f4c-baa4-b4df21b2bc14,2026-09-20T16:30:00Z,2026-09-20T18:30:00+0200,1582.0,MW,NL,NL,forecast_solar_generation,Solar,2026-09-25T05:33:17Z
2026-09-25T05:31:59Z,2026-09-25T07:31:59+0200,5a97bbcb-9e72-4f4c-baa4-b4df21b2bc14,2026-09-20T16:45:00Z,2026-09-20T18:45:00+0200,1328.0,MW,NL,NL,forecast_solar_generation,Solar,2026-09-25T05:33:17Z
2026-09-25T05:31:59Z,2026-09-25T07:31:59+0200,5a97bbcb-9e72-4f4c-baa4-b4df21b2bc14,2026-09-20T17:00:00Z,2026-09-20T19:00:00+0200,1075.0,MW,NL,NL,forecast_solar_generation,Solar,2026-09-25T05:33:17Z
2026-09-25T05:31:59Z,2026-09-25T07:31:59+0200,5a97bbcb-9e72-4f4c-baa4-b4df21b2bc14,2026-09-20T17:15:00Z,2026-09-20T19:15:00+0200,822.0,MW,NL,NL,forecast_solar_generation,Solar,2026-09-25T05:33:17Z
2026-09-25T05:31:59Z,2026-09-25T07:31:59+0200,5a97bbcb-9e72-4f4c-baa4-b4df21b2bc14,2026-09-20T17:30:00Z,2026-09-20T19:30:00+0200,566.0,MW,NL,NL,forecast_solar_generation,Solar,2026-09-25T05:33:17Z
2026-09-25T05:31:59Z,2026-09-25T07:31:59+0200,5a97bbcb-9e72-4f4c-baa4-b4df21b2bc14,2026-09-20T17:45:00Z,2026-09-20T19:45:00+0200,311.0,MW,NL,NL,forecast_solar_generation,Solar,2026-09-25T05:33:17Z
2026-09-25T05:31:59Z,2026-09-25T07:31:59+0200,5a97bbcb-9e72-4f4c-baa4-b4df21b2bc14,2026-09-20T18:00:00Z,2026-09-20T20:00:00+0200,55.0,MW,NL,NL,forecast_solar_generation,Solar,2026-09-25T05:33:17Z
2026-09-25T05:31:59Z,2026-09-25T07:31:59+0200,5a97bbcb-9e72-4f4c-baa4-b4df21b2bc14,2026-09-20T18:15:00Z,2026-09-20T20:15:00+0200,43.0,MW,NL,NL,forecast_solar_generation,Solar,2026-09-25T05:33:17Z
2026-09-25T05:31:59Z,2026-09-25T07:31:59+0200,5a97bbcb-9e72-4f4c-baa4-b4df21b2bc14,2026-09-20T18:30:00Z,2026-09-20T20:30:00+0200,30.0,MW,NL,NL,forecast_solar_generation,Solar,2026-09-25T05:33:17Z
2026-09-25T05:31:59Z,2026-09-25T07:31:59+0200,5a97bbcb-9e72-4f4c-baa4-b4df21b2bc14,2026-09-20T18:45:00Z,2026-09-20T20:45:00+0200,13.0,MW,NL,NL,forecast_solar_generation,Solar,2026-09-25T05:33:17Z
2026-09-25T05:31:59Z,2026-09-25T07:31:59+0200,5a97bbcb-9e72-4f4c-baa4-b4df21b2bc14,2026-09-20T19:00:00Z,2026-09-20T21:00:00+0200,0.0,MW,NL,NL,forecast_solar_generation,Solar,2026-09-25T05:33:17Z
2026-09-25T05:31:59Z,2026-09-25T07:31:59+0200,5a97bbcb-9e72-4f4c-baa4-b4df21b2bc14,2026-09-20T19:15:00Z,2026-09-20T21:15:00+0200,0.0,MW,NL,NL,forecast_solar_generation,Solar,2026-09-25T05:33:17Z
2026-09-25T05:31:59Z,2026-09-25T07:31:59+0200,5a97bbcb-9e72-4f4c-baa4-b4df21b2bc14,2026-09-20T19:30:00Z,2026-09-20T21:30:00+0200,0.0,MW,NL,NL,forecast_solar_generation,Solar,2026-09-25T05:33:17Z
2026-09-25T05:31:59Z,2026-09-25T07:31:59+0200,5a97bbcb-9e72-4f4c-baa4-b4df21b2bc14,2026-09-20T19:45:00Z,2026-09-20T21:45:00+0200,0.0,MW,NL,NL,forecast_solar_generation,Solar,2026-09-25T05:33:17Z
2026-09-25T05:31:59Z,2026-09-25T07:31:59+0200,5a97bbcb-9e72-4f4c-baa4-b4df21b2bc14,2026-09-20T20:00:00Z,2026-09-20T22:00:00+0200,0.0,MW,NL,NL,forecast_solar_generation,Solar,2026-09-25T05:33:17Z
2026-09-25T05:31:59Z,2026-09-25T07:31:59+0200,5a97bbcb-9e72-4f4c-baa4-b4df21b2bc14,2026-09-20T20:15:00Z,2026-09-20T22:15:00+0200,0.0,MW,NL,NL,forecast_solar_generation,Solar,2026-09-25T05:33:17Z
2026-09-25T05:31:59Z,2026-09-25T07:31:59+0200,5a97bbcb-9e72-4f4c-baa4-b4df21b2bc14,2026-09-20T20:30:00Z,2026-09-20T22:30:00+0200,0.0,MW,NL,NL,forecast_solar_generation,Solar,2026-09-25T05:33:17Z
2026-09-25T05:31:59Z,2026-09-25T07:31:59+0200,5a97bbcb-9e72-4f4c-baa4-b4df21b2bc14,2026-09-20T20:45:00Z,2026-09-20T22:45:00+0200,0.0,MW,NL,NL,forecast_solar_generation,Solar,2026-09-25T05:33:17Z
2026-09-25T05:31:59Z,2026-09-25T07:31:59+0200,5a97bbcb-9e72-4f4c-baa4-b4df21b2bc14,2026-09-20T21:00:00Z,2026-09-20T23:00:00+0200,0.0,MW,NL,NL,forecast_solar_generation,Solar,2026-09-25T05:33:17Z
2026-09-25T05:31:59Z,2026-09-25T07:31:59+0200,5a97bbcb-9e72-4f4c-baa4-b4df21b2bc14,2026-09-20T21:15:00Z,2026-09-20T23:15:00+0200,0.0,MW,NL,NL,forecast_solar_generation,Solar,2026-09-25T05:33:17Z
2026-09-25T05:31:59Z,2026-09-25T07:31:59+0200,5a97bbcb-9e72-4f4c-baa4-b4df21b2bc14,2026-09-20T21:30:00Z,2026-09-20T23:30:00+0200,0.0,MW,NL,NL,forecast_solar_generation,Solar,2026-09-25T05:33:17Z
2026-09-25T05:31:59Z,2026-09-25T07:31:59+0200,5a97bbcb-9e72-4f4c-baa4-b4df21b2bc14,2026-09-20T21:45:00Z,2026-09-20T23:45:00+0200,0.0,MW,NL,NL,forecast_solar_generation,Solar,2026-09-25T05:33:17Z
2026-09-25T05:31:59Z,2026-09-25T07:31:59+0200,5a97bbcb-9e72-4f4c-baa4-b4df21b2bc14,2026-09-20T22:00:00Z,2026-09-21T00:00:00+0200,0.0,MW,NL,NL,forecast_solar_generation,Solar,2026-09-25T05:33:17Z
2026-09-25T05:31:59Z,2026-09-25T07:31:59+0200,5a97bbcb-9e72-4f4c-baa4-b4df21b2bc14,2026-09-20T22:15:00Z,2026-09-21T00:15:00+0200,0.0,MW,NL,NL,forecast_solar_generation,Solar,2026-09-25T05:33:17Z
2026-09-25T05:31:59Z,2026-09-25T07:31:59+0200,5a97bbcb-9e72-4f4c-baa4-b4df21b2bc14,2026-09-20T22:30:00Z,2026-09-21T00:30:00+0200,0.0,MW,NL,NL,forecast_solar_generation,Solar,2026-09-25T05:33:17Z
2026-09-25T05:31:59Z,2026-09-25T07:31:59+0200,5a97bbcb-9e72-4f4c-baa4-b4df21b2bc14,2026-09-20T22:45:00Z,2026-09-21T00:45:00+0200,0.0,MW,NL,NL,forecast_solar_generation,Solar,2026-09-25T05:33:17Z
2026-09-25T05:31:59Z,2026-09-25T07:31:59+0200,5a97bbcb-9e72-4f4c-baa4-b4df21b2bc14,2026-09-20T23:00:00Z,2026-09-21T01:00:00+0200,0.0,MW,NL,NL,forecast_solar_generation,Solar,2026-09-25T05:33:17Z
2026-09-25T05:31:59Z,2026-09-25T07:31:59+0200,5a97bbcb-9e72-4f4c-baa4-b4df21b2bc14,2026-09-20T23:15:00Z,2026-09-21T01:15:00+0200,0.0,MW,NL,NL,forecast_solar_generation,Solar,2026-09-25T05:33:17Z
2026-09-25T05:31:59Z,2026-09-25T07:31:59+0200,5a97bbcb-9e72-4f4c-baa4-b4df21b2bc14,2026-09-20T23:30:00Z,2026-09-21T01:30:00+0200,0.0,MW,NL,NL,forecast_solar_generation,Solar,2026-09-25T05:33:17Z
2026-09-25T05:31:59Z,2026-09-25T07:31:59+0200,5a97bbcb-9e72-4f4c-baa4-b4df21b2bc14,2026-09-20T23:45:00Z,2026-09-21T01:45:00+0200,0.0,MW,NL,NL,forecast_solar_generation,Solar,2026-09-25T05:33:17Z
2026-09-25T05:31:59Z,2026-09-25T07:31:59+0200,5a97bbcb-9e72-4f4c-baa4-b4df21b2bc14,2026-09-21T00:00:00Z,2026-09-21T02:00:00+0200,0.0,MW,NL,NL,forecast_solar_generation,Solar,2026-09-25T05:33:17Z
2026-09-25T05:31:59Z,2026-09-25T07:31:59+0200,5a97bbcb-9e72-4f4c-baa4-b4df21b2bc14,2026-09-21T00:15:00Z,2026-09-21T02:15:00+0200,0.0,MW,NL,NL,forecast_solar_generation,Solar,2026-09-25T05:33:17Z
2026-09-25T05:31:59Z,2026-09-25T07:31:59+0200,5a97bbcb-9e72-4f4c-baa4-b4df21b2bc14,2026-09-21T00:30:00Z,2026-09-21T02:30:00+0200,0.0,MW,NL,NL,forecast_solar_generation,Solar,2026-09-25T05:33:17Z
2026-09-25T05:31:59Z,2026-09-25T07:31:59+0200,5a97bbcb-9e72-4f4c-baa4-b4df21b2bc14,2026-09-21T00:45:00Z,2026-09-21T02:45:00+0200,0.0,MW,NL,NL,forecast_solar_generation,Solar,2026-09-25T05:33:17Z
2026-09-25T05:31:59Z,2026-09-25T07:31:59+0200,5a97bbcb-9e72-4f4c-baa4-b4df21b2bc14,2026-09-21T01:00:00Z,2026-09-21T03:00:00+0200,0.0,MW,NL,NL,forecast_solar_generation,Solar,2026-09-25T05:33:17Z
2026-09-25T05:31:59Z,2026-09-25T07:31:59+0200,5a97bbcb-9e72-4f4c-baa4-b4df21b2bc14,2026-09-21T01:15:00Z,2026-09-21T03:15:00+0200,0.0,MW,NL,NL,forecast_solar_generation,Solar,2026-09-25T05:33:17Z
2026-09-25T05:31:59Z,2026-09-25T07:31:59+0200,5a97bbcb-9e72-4f4c-baa4-b4df21b2bc14,2026-09-21T01:30:00Z,2026-09-21T03:30:00+0200,0.0,MW,NL,NL,forecast_solar_generation,Solar,2026-09-25T05:33:17Z
2026-09-25T05:31:59Z,2026-09-25T07:31:59+0200,5a97bbcb-9e72-4f4c-baa4-b4df21b2bc14,2026-09-21T01:45:00Z,2026-09-21T03:45:00+0200,0.0,MW,NL,NL,forecast_solar_generation,Solar,2026-09-25T05:33:17Z
2026-09-25T05:31:59Z,2026-09-25T07:31:59+0200,5a97bbcb-9e72-4f4c-baa4-b4df21b2bc14,2026-09-21T02:00:00Z,2026-09-21T04:00:00+0200,0.0,MW,NL,NL,forecast_solar_generation,Solar,2026-09-25T05:33:17Z
2026-09-25T05:31:59Z,2026-09-25T07:31:59+0200,5a97bbcb-9e72-4f4c-baa4-b4df21b2bc14,2026-09-21T02:15:00Z,2026-09-21T04:15:00+0200,0.0,MW,NL,NL,forecast_solar_generation,Solar,2026-09-25T05:33:17Z
2026-09-25T05:31:59Z,2026-09-25T07:31:59+0200,5a97bbcb-9e72-4f4c-baa4-b4df21b2bc14,2026-09-21T02:30:00Z,2026-09-21T04:30:00+0200,0.0,MW,NL,NL,forecast_solar_generation,Solar,2026-09-25T05:33:17Z
2026-09-25T05:31:59Z,2026-09-25T07:31:59+0200,5a97bbcb-9e72-4f4c-baa4-b4df21b2bc14,2026-09-21T02:45:00Z,2026-09-21T04:45:00+0200,0.0,MW,NL,NL,forecast_solar_generation,Solar,2026-09-25T05:33:17Z
2026-09-25T05:31:59Z,2026-09-25T07:31:59+0200,5a97bbcb-9e72-4f4c-baa4-b4df21b2bc14,2026-09-21T03:00:00Z,2026-09-21T05:00:00+0200,0.0,MW,NL,NL,forecast_solar_generation,Solar,2026-09-25T05:33:17Z
2026-09-25T05:31:59Z,2026-09-25T07:31:59+0200,5a97bbcb-9e72-4f4c-baa4-b4df21b2bc14,2026-09-21T03:15:00Z,2026-09-21T05:15:00+0200,0.0,MW,NL,NL,forecast_solar_generation,Solar,2026-09-25T05:33:17Z
2026-09-25T05:31:59Z,2026-09-25T07:31:59+0200,5a97bbcb-9e72-4f4c-baa4-b4df21b2bc14,2026-09-21T03:30:00Z,2026-09-21T05:30:00+0200,0.0,MW,NL,NL,forecast_solar_generation,Solar,2026-09-25T05:33:17Z
2026-09-25T05:31:59Z,2026-09-25T07:31:59+0200,5a97bbcb-9e72-4f4c-baa4-b4df21b2bc14,2026-09-21T03:45:00Z,2026-09-21T05:45:00+0200,0.0,MW,NL,NL,forecast_solar_generation,Solar,2026-09-25T05:33:17Z
2026-09-25T05:31:59Z,2026-09-25T07:31:59+0200,5a97bbcb-9e72-4f4c-baa4-b4df21b2bc14,2026-09-21T04:00:00Z,2026-09-21T06:00:00+0200,0.0,MW,NL,NL,forecast_solar_generation,Solar,2026-09-25T05:33:17Z
2026-09-25T05:31:59Z,2026-09-25T07:31:59+0200,5a97bbcb-9e72-4f4c-baa4-b4df21b2bc14,2026-09-21T04:15:00Z,2026-09-21T06:15:00+0200,0.0,MW,NL,NL,forecast_solar_generation,Solar,2026-09-25T05:33:17Z
2026-09-25T05:31:59Z,2026-09-25T07:31:59+0200,5a97bbcb-9e72-4f4c-baa4-b4df21b2bc14,2026-09-21T04:30:00Z,2026-09-21T06:30:00+0200,0.0,MW,NL,NL,forecast_solar_generation,Solar,2026-09-25T05:33:17Z
2026-09-25T05:31:59Z,2026-09-25T07:31:59+0200,5a97bbcb-9e72-4f4c-baa4-b4df21b2bc14,2026-09-21T04:45:00Z,2026-09-21T06:45:00+0200,0.0,MW,NL,NL,forecast_solar_generation,Solar,2026-09-25T05:33:17Z
2026-09-25T05:31:59Z,2026-09-25T07:31:59+0200,5a97bbcb-9e72-4f4c-baa4-b4df21b2bc14,2026-09-21T05:00:00Z,2026-09-21T07:00:00+0200,0.0,MW,NL,NL,forecast_solar_generation,Solar,2026-09-25T05:33:17Z
2026-09-25T05:31:59Z,2026-09-25T07:31:59+0200,5a97bbcb-9e72-4f4c-baa4-b4df21b2bc14,2026-09-21T05:15:00Z,2026-09-21T07:15:00+0200,5.0,MW,NL,NL,forecast_solar_generation,Solar,2026-09-25T05:33:17Z
2026-09-25T05:31:59Z,2026-09-25T07:31:59+0200,5a97bbcb-9e72-4f4c-baa4-b4df21b2bc14,2026-09-21T05:30:00Z,2026-09-21T07:30:00+0200,10.0,MW,NL,NL,forecast_solar_generation,Solar,2026-09-25T05:33:17Z
2026-09-25T05:31:59Z,2026-09-25T07:31:59+0200,5a97bbcb-9e72-4f4c-baa4-b4df21b2bc14,2026-09-21T05:45:00Z,2026-09-21T07:45:00+0200,17.0,MW,NL,NL,forecast_solar_generation,Solar,2026-09-25T05:33:17Z
2026-09-25T05:31:59Z,2026-09-25T07:31:59+0200,5a97bbcb-9e72-4f4c-baa4-b4df21b2bc14,2026-09-21T06:00:00Z,2026-09-21T08:00:00+0200,22.0,MW,NL,NL,forecast_solar_generation,Solar,2026-09-25T05:33:17Z
2026-09-25T05:31:59Z,2026-09-25T07:31:59+0200,5a97bbcb-9e72-4f4c-baa4-b4df21b2bc14,2026-09-21T06:15:00Z,2026-09-21T08:15:00+0200,160.0,MW,NL,NL,forecast_solar_generation,Solar,2026-09-25T05:33:17Z
2026-09-25T05:31:59Z,2026-09-25T07:31:59+0200,5a97bbcb-9e72-4f4c-baa4-b4df21b2bc14,2026-09-21T06:30:00Z,2026-09-21T08:30:00+0200,299.0,MW,NL,NL,forecast_solar_generation,Solar,2026-09-25T05:33:17Z
2026-09-25T05:31:59Z,2026-09-25T07:31:59+0200,5a97bbcb-9e72-4f4c-baa4-b4df21b2bc14,2026-09-21T06:45:00Z,2026-09-21T08:45:00+0200,437.0,MW,NL,NL,forecast_solar_generation,Solar,2026-09-25T05:33:17Z
2026-09-25T05:31:59Z,2026-09-25T07:31:59+0200,5a97bbcb-9e72-4f4c-baa4-b4df21b2bc14,2026-09-21T07:00:00Z,2026-09-21T09:00:00+0200,574.0,MW,NL,NL,forecast_solar_generation,Solar,2026-09-25T05:33:17Z
2026-09-25T05:31:59Z,2026-09-25T07:31:59+0200,5a97bbcb-9e72-4f4c-baa4-b4df21b2bc14,2026-09-21T07:15:00Z,2026-09-21T09:15:00+0200,722.0,MW,NL,NL,forecast_solar_generation,Solar,2026-09-25T05:33:17Z
2026-09-25T05:31:59Z,2026-09-25T07:31:59+0200,5a97bbcb-9e72-4f4c-baa4-b4df21b2bc14,2026-09-21T07:30:00Z,2026-09-21T09:30:00+0200,872.0,MW,NL,NL,forecast_solar_generation,Solar,2026-09-25T05:33:17Z
2026-09-25T05:31:59Z,2026-09-25T07:31:59+0200,5a97bbcb-9e72-4f4c-baa4-b4df21b2bc14,2026-09-21T07:45:00Z,2026-09-21T09:45:00+0200,1019.0,MW,NL,NL,forecast_solar_generation,Solar,2026-09-25T05:33:17Z
2026-09-25T05:31:59Z,2026-09-25T07:31:59+0200,5a97bbcb-9e72-4f4c-baa4-b4df21b2bc14,2026-09-21T08:00:00Z,2026-09-21T10:00:00+0200,1170.0,MW,NL,NL,forecast_solar_generation,Solar,2026-09-25T05:33:17Z
2026-09-25T05:31:59Z,2026-09-25T07:31:59+0200,5a97bbcb-9e72-4f4c-baa4-b4df21b2bc14,2026-09-21T08:15:00Z,2026-09-21T10:15:00+0200,1312.0,MW,NL,NL,forecast_solar_generation,Solar,2026-09-25T05:33:17Z
2026-09-25T05:31:59Z,2026-09-25T07:31:59+0200,5a97bbcb-9e72-4f4c-baa4-b4df21b2bc14,2026-09-21T08:30:00Z,2026-09-21T10:30:00+0200,1457.0,MW,NL,NL,forecast_solar_generation,Solar,2026-09-25T05:33:17Z
2026-09-25T05:31:59Z,2026-09-25T07:31:59+0200,5a97bbcb-9e72-4f4c-baa4-b4df21b2bc14,2026-09-21T08:45:00Z,2026-09-21T10:45:00+0200,1601.0,MW,NL,NL,forecast_solar_generation,Solar,2026-09-25T05:33:17Z
2026-09-25T05:31:59Z,2026-09-25T07:31:59+0200,5a97bbcb-9e72-4f4c-baa4-b4df21b2bc14,2026-09-21T09:00:00Z,2026-09-21T11:00:00+0200,1743.0,MW,NL,NL,forecast_solar_generation,Solar,2026-09-25T05:33:17Z
2026-09-25T05:31:59Z,2026-09-25T07:31:59+0200,5a97bbcb-9e72-4f4c-baa4-b4df21b2bc14,2026-09-21T09:15:00Z,2026-09-21T11:15:00+0200,1953.0,MW,NL,NL,forecast_solar_generation,Solar,2026-09-25T05:33:17Z
2026-09-25T05:31:59Z,2026-09-25T07:31:59+0200,5a97bbcb-9e72-4f4c-baa4-b4df21b2bc14,2026-09-21T09:30:00Z,2026-09-21T11:30:00+0200,2164.0,MW,NL,NL,forecast_solar_generation,Solar,2026-09-25T05:33:17Z
2026-09-25T05:31:59Z,2026-09-25T07:31:59+0200,5a97bbcb-9e72-4f4c-baa4-b4df21b2bc14,2026-09-21T09:45:00Z,2026-09-21T11:45:00+0200,2372.0,MW,NL,NL,forecast_solar_generation,Solar,2026-09-25T05:33:17Z
2026-09-25T05:31:59Z,2026-09-25T07:31:59+0200,5a97bbcb-9e72-4f4c-baa4-b4df21b2bc14,2026-09-21T10:00:00Z,2026-09-21T12:00:00+0200,2583.0,MW,NL,NL,forecast_solar_generation,Solar,2026-09-25T05:33:17Z
2026-09-25T05:31:59Z,2026-09-25T07:31:59+0200,5a97bbcb-9e72-4f4c-baa4-b4df21b2bc14,2026-09-21T10:15:00Z,2026-09-21T12:15:00+0200,2666.0,MW,NL,NL,forecast_solar_generation,Solar,2026-09-25T05:33:17Z
2026-09-25T05:31:59Z,2026-09-25T07:31:59+0200,5a97bbcb-9e72-4f4c-baa4-b4df21b2bc14,2026-09-21T10:30:00Z,2026-09-21T12:30:00+0200,2754.0,MW,NL,NL,forecast_solar_generation,Solar,2026-09-25T05:33:17Z
2026-09-25T05:31:59Z,2026-09-25T07:31:59+0200,5a97bbcb-9e72-4f4c-baa4-b4df21b2bc14,2026-09-21T10:45:00Z,2026-09-21T12:45:00+0200,2838.0,MW,NL,NL,forecast_solar_generation,Solar,2026-09-25T05:33:17Z
2026-09-25T05:31:59Z,2026-09-25T07:31:59+0200,5a97bbcb-9e72-4f4c-baa4-b4df21b2bc14,2026-09-21T11:00:00Z,2026-09-21T13:00:00+0200,2924.0,MW,NL,NL,forecast_solar_generation,Solar,2026-09-25T05:33:17Z
2026-09-25T05:31:59Z,2026-09-25T07:31:59+0200,5a97bbcb-9e72-4f4c-baa4-b4df21b2bc14,2026-09-21T11:15:00Z,2026-09-21T13:15:00+0200,2953.0,MW,NL,NL,forecast_solar_generation,Solar,2026-09-25T05:33:17Z
2026-09-25T05:31:59Z,2026-09-25T07:31:59+0200,5a97bbcb-9e72-4f4c-baa4-b4df21b2bc14,2026-09-21T11:30:00Z,2026-09-21T13:30:00+0200,2985.0,MW,NL,NL,forecast_solar_generation,Solar,2026-09-25T05:33:17Z
2026-09-25T05:31:59Z,2026-09-25T07:31:59+0200,5a97bbcb-9e72-4f4c-baa4-b4df21b2bc14,2026-09-21T11:45:00Z,2026-09-21T13:45:00+0200,3014.0,MW,NL,NL,forecast_solar_generation,Solar,2026-09-25T05:33:17Z
2026-09-25T05:31:59Z,2026-09-25T07:31:59+0200,5a97bbcb-9e72-4f4c-baa4-b4df21b2bc14,2026-09-21T12:00:00Z,2026-09-21T14:00:00+0200,3043.0,MW,NL,NL,forecast_solar_generation,Solar,2026-09-25T05:33:17Z
2026-09-25T05:31:59Z,2026-09-25T07:31:59+0200,5a97bbcb-9e72-4f4c-baa4-b4df21b2bc14,2026-09-21T12:15:00Z,2026-09-21T14:15:00+0200,3091.0,MW,NL,NL,forecast_solar_generation,Solar,2026-09-25T05:33:17Z
2026-09-25T05:31:59Z,2026-09-25T07:31:59+0200,5a97bbcb-9e72-4f4c-baa4-b4df21b2bc14,2026-09-21T12:30:00Z,2026-09-21T14:30:00+0200,3137.0,MW,NL,NL,forecast_solar_generation,Solar,2026-09-25T05:33:17Z
2026-09-25T05:31:59Z,2026-09-25T07:31:59+0200,5a97bbcb-9e72-4f4c-baa4-b4df21b2bc14,2026-09-21T12:45:00Z,2026-09-21T14:45:00+0200,3185.0,MW,NL,NL,forecast_solar_generation,Solar,2026-09-25T05:33:17Z
2026-09-25T05:31:59Z,2026-09-25T07:31:59+0200,5a97bbcb-9e72-4f4c-baa4-b4df21b2bc14,2026-09-21T13:00:00Z,2026-09-21T15:00:00+0200,3232.0,MW,NL,NL,forecast_solar_generation,Solar,2026-09-25T05:33:17Z
2026-09-25T05:31:59Z,2026-09-25T07:31:59+0200,5a97bbcb-9e72-4f4c-baa4-b4df21b2bc14,2026-09-21T13:15:00Z,2026-09-21T15:15:00+0200,3140.0,MW,NL,NL,forecast_solar_generation,Solar,2026-09-25T05:33:17Z
2026-09-25T05:31:59Z,2026-09-25T07:31:59+0200,5a97bbcb-9e72-4f4c-baa4-b4df21b2bc14,2026-09-21T13:30:00Z,2026-09-21T15:30:00+0200,3050.0,MW,NL,NL,forecast_solar_generation,Solar,2026-09-25T05:33:17Z
2026-09-25T05:31:59Z,2026-09-25T07:31:59+0200,5a97bbcb-9e72-4f4c-baa4-b4df21b2bc14,2026-09-21T13:45:00Z,2026-09-21T15:45:00+0200,2957.0,MW,NL,NL,forecast_solar_generation,Solar,2026-09-25T05:33:17Z
2026-09-25T05:31:59Z,2026-09-25T07:31:59+0200,5a97bbcb-9e72-4f4c-baa4-b4df21b2bc14,2026-09-21T14:00:00Z,2026-09-21T16:00:00+0200,2866.0,MW,NL,NL,forecast_solar_generation,Solar,2026-09-25T05:33:17Z
2026-09-25T05:31:59Z,2026-09-25T07:31:59+0200,5a97bbcb-9e72-4f4c-baa4-b4df21b2bc14,2026-09-21T14:15:00Z,2026-09-21T16:15:00+0200,2720.0,MW,NL,NL,forecast_solar_generation,Solar,2026-09-25T05:33:17Z
2026-09-25T05:31:59Z,2026-09-25T07:31:59+0200,5a97bbcb-9e72-4f4c-baa4-b4df21b2bc14,2026-09-21T14:30:00Z,2026-09-21T16:30:00+0200,2576.0,MW,NL,NL,forecast_solar_generation,Solar,2026-09-25T05:33:17Z
2026-09-25T05:31:59Z,2026-09-25T07:31:59+0200,5a97bbcb-9e72-4f4c-baa4-b4df21b2bc14,2026-09-21T14:45:00Z,2026-09-21T16:45:00+0200,2435.0,MW,NL,NL,forecast_solar_generation,Solar,2026-09-25T05:33:17Z
2026-09-25T05:31:59Z,2026-09-25T07:31:59+0200,5a97bbcb-9e72-4f4c-baa4-b4df21b2bc14,2026-09-21T15:00:00Z,2026-09-21T17:00:00+0200,2290.0,MW,NL,NL,forecast_solar_generation,Solar,2026-09-25T05:33:17Z
2026-09-25T05:31:59Z,2026-09-25T07:31:59+0200,5a97bbcb-9e72-4f4c-baa4-b4df21b2bc14,2026-09-21T15:15:00Z,2026-09-21T17:15:00+0200,2163.0,MW,NL,NL,forecast_solar_generation,Solar,2026-09-25T05:33:17Z
2026-09-25T05:31:59Z,2026-09-25T07:31:59+0200,5a97bbcb-9e72-4f4c-baa4-b4df21b2bc14,2026-09-21T15:30:00Z,2026-09-21T17:30:00+0200,2032.0,MW,NL,NL,forecast_solar_generation,Solar,2026-09-25T05:33:17Z
2026-09-25T05:31:59Z,2026-09-25T07:31:59+0200,5a97bbcb-9e72-4f4c-baa4-b4df21b2bc14,2026-09-21T15:45:00Z,2026-09-21T17:45:00+0200,1907.0,MW,NL,NL,forecast_solar_generation,Solar,2026-09-25T05:33:17Z
2026-09-25T05:31:59Z,2026-09-25T07:31:59+0200,5a97bbcb-9e72-4f4c-baa4-b4df21b2bc14,2026-09-21T16:00:00Z,2026-09-21T18:00:00+0200,1779.0,MW,NL,NL,forecast_solar_generation,Solar,2026-09-25T05:33:17Z
2026-09-25T05:31:59Z,2026-09-25T07:31:59+0200,5a97bbcb-9e72-4f4c-baa4-b4df21b2bc14,2026-09-21T16:15:00Z,2026-09-21T18:15:00+0200,1559.0,MW,NL,NL,forecast_solar_generation,Solar,2026-09-25T05:33:17Z
2026-09-25T05:31:59Z,2026-09-25T07:31:59+0200,5a97bbcb-9e72-4f4c-baa4-b4df21b2bc14,2026-09-21T16:30:00Z,2026-09-21T18:30:00+0200,1341.0,MW,NL,NL,forecast_solar_generation,Solar,2026-09-25T05:33:17Z
2026-09-25T05:31:59Z,2026-09-25T07:31:59+0200,5a97bbcb-9e72-4f4c-baa4-b4df21b2bc14,2026-09-21T16:45:00Z,2026-09-21T18:45:00+0200,1122.0,MW,NL,NL,forecast_solar_generation,Solar,2026-09-25T05:33:17Z
2026-09-25T05:31:59Z,2026-09-25T07:31:59+0200,5a97bbcb-9e72-4f4c-baa4-b4df21b2bc14,2026-09-21T17:00:00Z,2026-09-21T19:00:00+0200,902.0,MW,NL,NL,forecast_solar_generation,Solar,2026-09-25T05:33:17Z
2026-09-25T05:31:59Z,2026-09-25T07:31:59+0200,5a97bbcb-9e72-4f4c-baa4-b4df21b2bc14,2026-09-21T17:15:00Z,2026-09-21T19:15:00+0200,685.0,MW,NL,NL,forecast_solar_generation,Solar,2026-09-25T05:33:17Z
2026-09-25T05:31:59Z,2026-09-25T07:31:59+0200,5a97bbcb-9e72-4f4c-baa4-b4df21b2bc14,2026-09-21T17:30:00Z,2026-09-21T19:30:00+0200,472.0,MW,NL,NL,forecast_solar_generation,Solar,2026-09-25T05:33:17Z
2026-09-25T05:31:59Z,2026-09-25T07:31:59+0200,5a97bbcb-9e72-4f4c-baa4-b4df21b2bc14,2026-09-21T17:45:00Z,2026-09-21T19:45:00+0200,256.0,MW,NL,NL,forecast_solar_generation,Solar,2026-09-25T05:33:17Z
2026-09-25T05:31:59Z,2026-09-25T07:31:59+0200,5a97bbcb-9e72-4f4c-baa4-b4df21b2bc14,2026-09-21T18:00:00Z,2026-09-21T20:00:00+0200,40.0,MW,NL,NL,forecast_solar_generation,Solar,2026-09-25T05:33:17Z
2026-09-25T05:31:59Z,2026-09-25T07:31:59+0200,5a97bbcb-9e72-4f4c-baa4-b4df21b2bc14,2026-09-21T18:15:00Z,2026-09-21T20:15:00+0200,31.0,MW,NL,NL,forecast_solar_generation,Solar,2026-09-25T05:33:17Z
2026-09-25T05:31:59Z,2026-09-25T07:31:59+0200,5a97bbcb-9e72-4f4c-baa4-b4df21b2bc14,2026-09-21T18:30:00Z,2026-09-21T20:30:00+0200,20.0,MW,NL,NL,forecast_solar_generation,Solar,2026-09-25T05:33:17Z
2026-09-25T05:31:59Z,2026-09-25T07:31:59+0200,5a97bbcb-9e72-4f4c-baa4-b4df21b2bc14,2026-09-21T18:45:00Z,2026-09-21T20:45:00+0200,9.0,MW,NL,NL,forecast_solar_generation,Solar,2026-09-25T05:33:17Z
2026-09-25T05:31:59Z,2026-09-25T07:31:59+0200,5a97bbcb-9e72-4f4c-baa4-b4df21b2bc14,2026-09-21T19:00:00Z,2026-09-21T21:00:00+0200,0.0,MW,NL,NL,forecast_solar_generation,Solar,2026-09-25T05:33:17Z
2026-09-25T05:31:59Z,2026-09-25T07:31:59+0200,5a97bbcb-9e72-4f4c-baa4-b4df21b2bc14,2026-09-21T19:15:00Z,2026-09-21T21:15:00+0200,0.0,MW,NL,NL,forecast_solar_generation,Solar,2026-09-25T05:33:17Z
2026-09-25T05:31:59Z,2026-09-25T07:31:59+0200,5a97bbcb-9e72-4f4c-baa4-b4df21b2bc14,2026-09-21T19:30:00Z,2026-09-21T21:30:00+0200,0.0,MW,NL,NL,forecast_solar_generation,Solar,2026-09-25T05:33:17Z
2026-09-25T05:31:59Z,2026-09-25T07:31:59+0200,5a97bbcb-9e72-4f4c-baa4-b4df21b2bc14,2026-09-21T19:45:00Z,2026-09-21T21:45:00+0200,0.0,MW,NL,NL,forecast_solar_generation,Solar,2026-09-25T05:33:17Z
2026-09-25T05:31:59Z,2026-09-25T07:31:59+0200,5a97bbcb-9e72-4f4c-baa4-b4df21b2bc14,2026-09-21T20:00:00Z,2026-09-21T22:00:00+0200,0.0,MW,NL,NL,forecast_solar_generation,Solar,2026-09-25T05:33:17Z
2026-09-25T05:31:59Z,2026-09-25T07:31:59+0200,5a97bbcb-9e72-4f4c-baa4-b4df21b2bc14,2026-09-21T20:15:00Z,2026-09-21T22:15:00+0200,0.0,MW,NL,NL,forecast_solar_generation,Solar,2026-09-25T05:33:17Z
2026-09-25T05:31:59Z,2026-09-25T07:31:59+0200,5a97bbcb-9e72-4f4c-baa4-b4df21b2bc14,2026-09-21T20:30:00Z,2026-09-21T22:30:00+0200,0.0,MW,NL,NL,forecast_solar_generation,Solar,2026-09-25T05:33:17Z
2026-09-25T05:31:59Z,2026-09-25T07:31:59+0200,5a97bbcb-9e72-4f4c-baa4-b4df21b2bc14,2026-09-21T20:45:00Z,2026-09-21T22:45:00+0200,0.0,MW,NL,NL,forecast_solar_generation,Solar,2026-09-25T05:33:17Z
2026-09-25T05:31:59Z,2026-09-25T07:31:59+0200,5a97bbcb-9e72-4f4c-baa4-b4df21b2bc14,2026-09-21T21:00:00Z,2026-09-21T23:00:00+0200,0.0,MW,NL,NL,forecast_solar_generation,Solar,2026-09-25T05:33:17Z
2026-09-25T05:31:59Z,2026-09-25T07:31:59+0200,5a97bbcb-9e72-4f4c-baa4-b4df21b2bc14,2026-09-21T21:15:00Z,2026-09-21T23:15:00+0200,0.0,MW,NL,NL,forecast_solar_generation,Solar,2026-09-25T05:33:17Z
2026-09-25T05:31:59Z,2026-09-25T07:31:59+0200,5a97bbcb-9e72-4f4c-baa4-b4df21b2bc14,2026-09-21T21:30:00Z,2026-09-21T23:30:00+0200,0.0,MW,NL,NL,forecast_solar_generation,Solar,2026-09-25T05:33:17Z
2026-09-25T05:31:59Z,2026-09-25T07:31:59+0200,5a97bbcb-9e72-4f4c-baa4-b4df21b2bc14,2026-09-21T21:45:00Z,2026-09-21T23:45:00+0200,0.0,MW,NL,NL,forecast_solar_generation,Solar,2026-09-25T05:33:17Z
2026-09-25T05:31:59Z,2026-09-25T07:31:59+0200,5a97bbcb-9e72-4f4c-baa4-b4df21b2bc14,2026-09-21T22:00:00Z,2026-09-22T00:00:00+0200,0.0,MW,NL,NL,forecast_solar_generation,Solar,2026-09-25T05:33:17Z
2026-09-25T05:31:59Z,2026-09-25T07:31:59+0200,5a97bbcb-9e72-4f4c-baa4-b4df21b2bc14,2026-09-21T22:15:00Z,2026-09-22T00:15:00+0200,0.0,MW,NL,NL,forecast_solar_generation,Solar,2026-09-25T05:33:17Z
2026-09-25T05:31:59Z,2026-09-25T07:31:59+0200,5a97bbcb-9e72-4f4c-baa4-b4df21b2bc14,2026-09-21T22:30:00Z,2026-09-22T00:30:00+0200,0.0,MW,NL,NL,forecast_solar_generation,Solar,2026-09-25T05:33:17Z
2026-09-25T05:31:59Z,2026-09-25T07:31:59+0200,5a97bbcb-9e72-4f4c-baa4-b4df21b2bc14,2026-09-21T22:45:00Z,2026-09-22T00:45:00+0200,0.0,MW,NL,NL,forecast_solar_generation,Solar,2026-09-25T05:33:17Z
2026-09-25T05:31:59Z,2026-09-25T07:31:59+0200,5a97bbcb-9e72-4f4c-baa4-b4df21b2bc14,2026-09-21T23:00:00Z,2026-09-22T01:00:00+0200,0.0,MW,NL,NL,forecast_solar_generation,Solar,2026-09-25T05:33:17Z
2026-09-25T05:31:59Z,2026-09-25T07:31:59+0200,5a97bbcb-9e72-4f4c-baa4-b4df21b2bc14,2026-09-21T23:15:00Z,2026-09-22T01:15:00+0200,0.0,MW,NL,NL,forecast_solar_generation,Solar,2026-09-25T05:33:17Z
2026-09-25T05:31:59Z,2026-09-25T07:31:59+0200,5a97bbcb-9e72-4f4c-baa4-b4df21b2bc14,2026-09-21T23:30:00Z,2026-09-22T01:30:00+0200,0.0,MW,NL,NL,forecast_solar_generation,Solar,2026-09-25T05:33:17Z
2026-09-25T05:31:59Z,2026-09-25T07:31:59+0200,5a97bbcb-9e72-4f4c-baa4-b4df21b2bc14,2026-09-21T23:45:00Z,2026-09-22T01:45:00+0200,0.0,MW,NL,NL,forecast_solar_generation,Solar,2026-09-25T05:33:17Z
2026-09-25T05:31:59Z,2026-09-25T07:31:59+0200,5a97bbcb-9e72-4f4c-baa4-b4df21b2bc14,2026-09-22T00:00:00Z,2026-09-22T02:00:00+0200,0.0,MW,NL,NL,forecast_solar_generation,Solar,2026-09-25T05:33:17Z
2026-09-25T05:31:59Z,2026-09-25T07:31:59+0200,5a97bbcb-9e72-4f4c-baa4-b4df21b2bc14,2026-09-22T00:15:00Z,2026-09-22T02:15:00+0200,0.0,MW,NL,NL,forecast_solar_generation,Solar,2026-09-25T05:33:17Z
2026-09-25T05:31:59Z,2026-09-25T07:31:59+0200,5a97bbcb-9e72-4f4c-baa4-b4df21b2bc14,2026-09-22T00:30:00Z,2026-09-22T02:30:00+0200,0.0,MW,NL,NL,forecast_solar_generation,Solar,2026-09-25T05:33:17Z
2026-09-25T05:31:59Z,2026-09-25T07:31:59+0200,5a97bbcb-9e72-4f4c-baa4-b4df21b2bc14,2026-09-22T00:45:00Z,2026-09-22T02:45:00+0200,0.0,MW,NL,NL,forecast_solar_generation,Solar,2026-09-25T05:33:17Z
2026-09-25T05:31:59Z,2026-09-25T07:31:59+0200,5a97bbcb-9e72-4f4c-baa4-b4df21b2bc14,2026-09-22T01:00:00Z,2026-09-22T03:00:00+0200,0.0,MW,NL,NL,forecast_solar_generation,Solar,2026-09-25T05:33:17Z
2026-09-25T05:31:59Z,2026-09-25T07:31:59+0200,5a97bbcb-9e72-4f4c-baa4-b4df21b2bc14,2026-09-22T01:15:00Z,2026-09-22T03:15:00+0200,0.0,MW,NL,NL,forecast_solar_generation,Solar,2026-09-25T05:33:17Z
2026-09-25T05:31:59Z,2026-09-25T07:31:59+0200,5a97bbcb-9e72-4f4c-baa4-b4df21b2bc14,2026-09-22T01:30:00Z,2026-09-22T03:30:00+0200,0.0,MW,NL,NL,forecast_solar_generation,Solar,2026-09-25T05:33:17Z
2026-09-25T05:31:59Z,2026-09-25T07:31:59+0200,5a97bbcb-9e72-4f4c-baa4-b4df21b2bc14,2026-09-22T01:45:00Z,2026-09-22T03:45:00+0200,0.0,MW,NL,NL,forecast_solar_generation,Solar,2026-09-25T05:33:17Z
2026-09-25T05:31:59Z,2026-09-25T07:31:59+0200,5a97bbcb-9e72-4f4c-baa4-b4df21b2bc14,2026-09-22T02:00:00Z,2026-09-22T04:00:00+0200,0.0,MW,NL,NL,forecast_solar_generation,Solar,2026-09-25T05:33:17Z
2026-09-25T05:31:59Z,2026-09-25T07:31:59+0200,5a97bbcb-9e72-4f4c-baa4-b4df21b2bc14,2026-09-22T02:15:00Z,2026-09-22T04:15:00+0200,0.0,MW,NL,NL,forecast_solar_generation,Solar,2026-09-25T05:33:17Z
2026-09-25T05:31:59Z,2026-09-25T07:31:59+0200,5a97bbcb-9e72-4f4c-baa4-b4df21b2bc14,2026-09-22T02:30:00Z,2026-09-22T04:30:00+0200,0.0,MW,NL,NL,forecast_solar_generation,Solar,2026-09-25T05:33:17Z
2026-09-25T05:31:59Z,2026-09-25T07:31:59+0200,5a97bbcb-9e72-4f4c-baa4-b4df21b2bc14,2026-09-22T02:45:00Z,2026-09-22T04:45:00+0200,0.0,MW,NL,NL,forecast_solar_generation,Solar,2026-09-25T05:33:17Z
2026-09-25T05:31:59Z,2026-09-25T07:31:59+0200,5a97bbcb-9e72-4f4c-baa4-b4df21b2bc14,2026-09-22T03:00:00Z,2026-09-22T05:00:00+0200,0.0,MW,NL,NL,forecast_solar_generation,Solar,2026-09-25T05:33:17Z
2026-09-25T05:31:59Z,2026-09-25T07:31:59+0200,5a97bbcb-9e72-4f4c-baa4-b4df21b2bc14,2026-09-22T03:15:00Z,2026-09-22T05:15:00+0200,0.0,MW,NL,NL,forecast_solar_generation,Solar,2026-09-25T05:33:17Z
2026-09-25T05:31:59Z,2026-09-25T07:31:59+0200,5a97bbcb-9e72-4f4c-baa4-b4df21b2bc14,2026-09-22T03:30:00Z,2026-09-22T05:30:00+0200,0.0,MW,NL,NL,forecast_solar_generation,Solar,2026-09-25T05:33:17Z
2026-09-25T05:31:59Z,2026-09-25T07:31:59+0200,5a97bbcb-9e72-4f4c-baa4-b4df21b2bc14,2026-09-22T03:45:00Z,2026-09-22T05:45:00+0200,0.0,MW,NL,NL,forecast_solar_generation,Solar,2026-09-25T05:33:17Z
2026-09-25T05:31:59Z,2026-09-25T07:31:59+0200,5a97bbcb-9e72-4f4c-baa4-b4df21b2bc14,2026-09-22T04:00:00Z,2026-09-22T06:00:00+0200,0.0,MW,NL,NL,forecast_solar_generation,Solar,2026-09-25T05:33:17Z
2026-09-25T05:31:59Z,2026-09-25T07:31:59+0200,5a97bbcb-9e72-4f4c-baa4-b4df21b2bc14,2026-09-22T04:15:00Z,2026-09-22T06:15:00+0200,0.0,MW,NL,NL,forecast_solar_generation,Solar,2026-09-25T05:33:17Z
2026-09-25T05:31:59Z,2026-09-25T07:31:59+0200,5a97bbcb-9e72-4f4c-baa4-b4df21b2bc14,2026-09-22T04:30:00Z,2026-09-22T06:30:00+0200,0.0,MW,NL,NL,forecast_solar_generation,Solar,2026-09-25T05:33:17Z
2026-09-25T05:31:59Z,2026-09-25T07:31:59+0200,5a97bbcb-9e72-4f4c-baa4-b4df21b2bc14,2026-09-22T04:45:00Z,2026-09-22T06:45:00+0200,0.0,MW,NL,NL,forecast_solar_generation,Solar,2026-09-25T05:33:17Z
2026-09-25T05:31:59Z,2026-09-25T07:31:59+0200,5a97bbcb-9e72-4f4c-baa4-b4df21b2bc14,2026-09-22T05:00:00Z,2026-09-22T07:00:00+0200,0.0,MW,NL,NL,forecast_solar_generation,Solar,2026-09-25T05:33:17Z
2026-09-25T05:31:59Z,2026-09-25T07:31:59+0200,5a97bbcb-9e72-4f4c-baa4-b4df21b2bc14,2026-09-22T05:15:00Z,2026-09-22T07:15:00+0200,4.0,MW,NL,NL,forecast_solar_generation,Solar,2026-09-25T05:33:17Z
2026-09-25T05:31:59Z,2026-09-25T07:31:59+0200,5a97bbcb-9e72-4f4c-baa4-b4df21b2bc14,2026-09-22T05:30:00Z,2026-09-22T07:30:00+0200,9.0,MW,NL,NL,forecast_solar_generation,Solar,2026-09-25T05:33:17Z
2026-09-25T05:31:59Z,2026-09-25T07:31:59+0200,5a97bbcb-9e72-4f4c-baa4-b4df21b2bc14,2026-09-22T05:45:00Z,2026-09-22T07:45:00+0200,15.0,MW,NL,NL,forecast_solar_generation,Solar,2026-09-25T05:33:17Z
2026-09-25T05:31:59Z,2026-09-25T07:31:59+0200,5a97bbcb-9e72-4f4c-baa4-b4df21b2bc14,2026-09-22T06:00:00Z,2026-09-22T08:00:00+0200,21.0,MW,NL,NL,forecast_solar_generation,Solar,2026-09-25T05:33:17Z
2026-09-25T05:31:59Z,2026-09-25T07:31:59+0200,5a97bbcb-9e72-4f4c-baa4-b4df21b2bc14,2026-09-22T06:15:00Z,2026-09-22T08:15:00+0200,142.0,MW,NL,NL,forecast_solar_generation,Solar,2026-09-25T05:33:17Z
2026-09-25T05:31:59Z,2026-09-25T07:31:59+0200,5a97bbcb-9e72-4f4c-baa4-b4df21b2bc14,2026-09-22T06:30:00Z,2026-09-22T08:30:00+0200,262.0,MW,NL,NL,forecast_solar_generation,Solar,2026-09-25T05:33:17Z
2026-09-25T05:31:59Z,2026-09-25T07:31:59+0200,5a97bbcb-9e72-4f4c-baa4-b4df21b2bc14,2026-09-22T06:45:00Z,2026-09-22T08:45:00+0200,381.0,MW,NL,NL,forecast_solar_generation,Solar,2026-09-25T05:33:17Z
2026-09-25T05:31:59Z,2026-09-25T07:31:59+0200,5a97bbcb-9e72-4f4c-baa4-b4df21b2bc14,2026-09-22T07:00:00Z,2026-09-22T09:00:00+0200,504.0,MW,NL,NL,forecast_solar_generation,Solar,2026-09-25T05:33:17Z
2026-09-25T05:31:59Z,2026-09-25T07:31:59+0200,5a97bbcb-9e72-4f4c-baa4-b4df21b2bc14,2026-09-22T07:15:00Z,2026-09-22T09:15:00+0200,638.0,MW,NL,NL,forecast_solar_generation,Solar,2026-09-25T05:33:17Z
2026-09-25T05:31:59Z,2026-09-25T07:31:59+0200,5a97bbcb-9e72-4f4c-baa4-b4df21b2bc14,2026-09-22T07:30:00Z,2026-09-22T09:30:00+0200,771.0,MW,NL,NL,forecast_solar_generation,Solar,2026-09-25T05:33:17Z
2026-09-25T05:31:59Z,2026-09-25T07:31:59+0200,5a97bbcb-9e72-4f4c-baa4-b4df21b2bc14,2026-09-22T07:45:00Z,2026-09-22T09:45:00+0200,906.0,MW,NL,NL,forecast_solar_generation,Solar,2026-09-25T05:33:17Z
2026-09-25T05:31:59Z,2026-09-25T07:31:59+0200,5a97bbcb-9e72-4f4c-baa4-b4df21b2bc14,2026-09-22T08:00:00Z,2026-09-22T10:00:00+0200,1040.0,MW,NL,NL,forecast_solar_generation,Solar,2026-09-25T05:33:17Z
2026-09-25T05:31:59Z,2026-09-25T07:31:59+0200,5a97bbcb-9e72-4f4c-baa4-b4df21b2bc14,2026-09-22T08:15:00Z,2026-09-22T10:15:00+0200,1170.0,MW,NL,NL,forecast_solar_generation,Solar,2026-09-25T05:33:17Z
2026-09-25T05:31:59Z,2026-09-25T07:31:59+0200,5a97bbcb-9e72-4f4c-baa4-b4df21b2bc14,2026-09-22T08:30:00Z,2026-09-22T10:30:00+0200,1301.0,MW,NL,NL,forecast_solar_generation,Solar,2026-09-25T05:33:17Z
2026-09-25T05:31:59Z,2026-09-25T07:31:59+0200,5a97bbcb-9e72-4f4c-baa4-b4df21b2bc14,2026-09-22T08:45:00Z,2026-09-22T10:45:00+0200,1429.0,MW,NL,NL,forecast_solar_generation,Solar,2026-09-25T05:33:17Z
2026-09-25T05:31:59Z,2026-09-25T07:31:59+0200,5a97bbcb-9e72-4f4c-baa4-b4df21b2bc14,2026-09-22T09:00:00Z,2026-09-22T11:00:00+0200,1561.0,MW,NL,NL,forecast_solar_generation,Solar,2026-09-25T05:33:17Z
2026-09-25T05:31:59Z,2026-09-25T07:31:59+0200,5a97bbcb-9e72-4f4c-baa4-b4df21b2bc14,2026-09-22T09:15:00Z,2026-09-22T11:15:00+0200,1746.0,MW,NL,NL,forecast_solar_generation,Solar,2026-09-25T05:33:17Z
2026-09-25T05:31:59Z,2026-09-25T07:31:59+0200,5a97bbcb-9e72-4f4c-baa4-b4df21b2bc14,2026-09-22T09:30:00Z,2026-09-22T11:30:00+0200,1931.0,MW,NL,NL,forecast_solar_generation,Solar,2026-09-25T05:33:17Z
2026-09-25T05:31:59Z,2026-09-25T07:31:59+0200,5a97bbcb-9e72-4f4c-baa4-b4df21b2bc14,2026-09-22T09:45:00Z,2026-09-22T11:45:00+0200,2117.0,MW,NL,NL,forecast_solar_generation,Solar,2026-09-25T05:33:17Z
2026-09-25T05:31:59Z,2026-09-25T07:31:59+0200,5a97bbcb-9e72-4f4c-baa4-b4df21b2bc14,2026-09-22T10:00:00Z,2026-09-22T12:00:00+0200,2304.0,MW,NL,NL,forecast_solar_generation,Solar,2026-09-25T05:33:17Z
2026-09-25T05:31:59Z,2026-09-25T07:31:59+0200,5a97bbcb-9e72-4f4c-baa4-b4df21b2bc14,2026-09-22T10:15:00Z,2026-09-22T12:15:00+0200,2383.0,MW,NL,NL,forecast_solar_generation,Solar,2026-09-25T05:33:17Z
2026-09-25T05:31:59Z,2026-09-25T07:31:59+0200,5a97bbcb-9e72-4f4c-baa4-b4df21b2bc14,2026-09-22T10:30:00Z,2026-09-22T12:30:00+0200,2461.0,MW,NL,NL,forecast_solar_generation,Solar,2026-09-25T05:33:17Z
2026-09-25T05:31:59Z,2026-09-25T07:31:59+0200,5a97bbcb-9e72-4f4c-baa4-b4df21b2bc14,2026-09-22T10:45:00Z,2026-09-22T12:45:00+0200,2537.0,MW,NL,NL,forecast_solar_generation,Solar,2026-09-25T05:33:17Z
2026-09-25T05:31:59Z,2026-09-25T07:31:59+0200,5a97bbcb-9e72-4f4c-baa4-b4df21b2bc14,2026-09-22T11:00:00Z,2026-09-22T13:00:00+0200,2614.0,MW,NL,NL,forecast_solar_generation,Solar,2026-09-25T05:33:17Z
2026-09-25T05:31:59Z,2026-09-25T07:31:59+0200,5a97bbcb-9e72-4f4c-baa4-b4df21b2bc14,2026-09-22T11:15:00Z,2026-09-22T13:15:00+0200,2639.0,MW,NL,NL,forecast_solar_generation,Solar,2026-09-25T05:33:17Z
2026-09-25T05:31:59Z,2026-09-25T07:31:59+0200,5a97bbcb-9e72-4f4c-baa4-b4df21b2bc14,2026-09-22T11:30:00Z,2026-09-22T13:30:00+0200,2670.0,MW,NL,NL,forecast_solar_generation,Solar,2026-09-25T05:33:17Z
2026-09-25T05:31:59Z,2026-09-25T07:31:59+0200,5a97bbcb-9e72-4f4c-baa4-b4df21b2bc14,2026-09-22T11:45:00Z,2026-09-22T13:45:00+0200,2697.0,MW,NL,NL,forecast_solar_generation,Solar,2026-09-25T05:33:17Z
2026-09-25T05:31:59Z,2026-09-25T07:31:59+0200,5a97bbcb-9e72-4f4c-baa4-b4df21b2bc14,2026-09-22T12:00:00Z,2026-09-22T14:00:00+0200,2722.0,MW,NL,NL,forecast_solar_generation,Solar,2026-09-25T05:33:17Z
2026-09-25T05:31:59Z,2026-09-25T07:31:59+0200,5a97bbcb-9e72-4f4c-baa4-b4df21b2bc14,2026-09-22T12:15:00Z,2026-09-22T14:15:00+0200,2486.0,MW,NL,NL,forecast_solar_generation,Solar,2026-09-25T05:33:17Z
2026-09-25T05:31:59Z,2026-09-25T07:31:59+0200,5a97bbcb-9e72-4f4c-baa4-b4df21b2bc14,2026-09-22T12:30:00Z,2026-09-22T14:30:00+0200,2250.0,MW,NL,NL,forecast_solar_generation,Solar,2026-09-25T05:33:17Z
2026-09-25T05:31:59Z,2026-09-25T07:31:59+0200,5a97bbcb-9e72-4f4c-baa4-b4df21b2bc14,2026-09-22T12:45:00Z,2026-09-22T14:45:00+0200,2013.0,MW,NL,NL,forecast_solar_generation,Solar,2026-09-25T05:33:17Z
2026-09-25T05:31:59Z,2026-09-25T07:31:59+0200,5a97bbcb-9e72-4f4c-baa4-b4df21b2bc14,2026-09-22T13:00:00Z,2026-09-22T15:00:00+0200,1774.0,MW,NL,NL,forecast_solar_generation,Solar,2026-09-25T05:33:17Z
2026-09-25T05:31:59Z,2026-09-25T07:31:59+0200,5a97bbcb-9e72-4f4c-baa4-b4df21b2bc14,2026-09-22T13:15:00Z,2026-09-22T15:15:00+0200,1719.0,MW,NL,NL,forecast_solar_generation,Solar,2026-09-25T05:33:17Z
2026-09-25T05:31:59Z,2026-09-25T07:31:59+0200,5a97bbcb-9e72-4f4c-baa4-b4df21b2bc14,2026-09-22T13:30:00Z,2026-09-22T15:30:00+0200,1668.0,MW,NL,NL,forecast_solar_generation,Solar,2026-09-25T05:33:17Z
2026-09-25T05:31:59Z,2026-09-25T07:31:59+0200,5a97bbcb-9e72-4f4c-baa4-b4df21b2bc14,2026-09-22T13:45:00Z,2026-09-22T15:45:00+0200,1612.0,MW,NL,NL,forecast_solar_generation,Solar,2026-09-25T05:33:17Z
2026-09-25T05:31:59Z,2026-09-25T07:31:59+0200,5a97bbcb-9e72-4f4c-baa4-b4df21b2bc14,2026-09-22T14:00:00Z,2026-09-22T16:00:00+0200,1558.0,MW,NL,NL,forecast_solar_generation,Solar,2026-09-25T05:33:17Z
2026-09-25T05:31:59Z,2026-09-25T07:31:59+0200,5a97bbcb-9e72-4f4c-baa4-b4df21b2bc14,2026-09-22T14:15:00Z,2026-09-22T16:15:00+0200,1474.0,MW,NL,NL,forecast_solar_generation,Solar,2026-09-25T05:33:17Z
2026-09-25T05:31:59Z,2026-09-25T07:31:59+0200,5a97bbcb-9e72-4f4c-baa4-b4df21b2bc14,2026-09-22T14:30:00Z,2026-09-22T16:30:00+0200,1392.0,MW,NL,NL,forecast_solar_generation,Solar,2026-09-25T05:33:17Z
2026-09-25T05:31:59Z,2026-09-25T07:31:59+0200,5a97bbcb-9e72-4f4c-baa4-b4df21b2bc14,2026-09-22T14:45:00Z,2026-09-22T16:45:00+0200,1306.0,MW,NL,NL,forecast_solar_generation,Solar,2026-09-25T05:33:17Z
2026-09-25T05:31:59Z,2026-09-25T07:31:59+0200,5a97bbcb-9e72-4f4c-baa4-b4df21b2bc14,2026-09-22T15:00:00Z,2026-09-22T17:00:00+0200,1221.0,MW,NL,NL,forecast_solar_generation,Solar,2026-09-25T05:33:17Z
2026-09-25T05:31:59Z,2026-09-25T07:31:59+0200,5a97bbcb-9e72-4f4c-baa4-b4df21b2bc14,2026-09-22T15:15:00Z,2026-09-22T17:15:00+0200,1140.0,MW,NL,NL,forecast_solar_generation,Solar,2026-09-25T05:33:17Z
2026-09-25T05:31:59Z,2026-09-25T07:31:59+0200,5a97bbcb-9e72-4f4c-baa4-b4df21b2bc14,2026-09-22T15:30:00Z,2026-09-22T17:30:00+0200,1057.0,MW,NL,NL,forecast_solar_generation,Solar,2026-09-25T05:33:17Z
2026-09-25T05:31:59Z,2026-09-25T07:31:59+0200,5a97bbcb-9e72-4f4c-baa4-b4df21b2bc14,2026-09-22T15:45:00Z,2026-09-22T17:45:00+0200,974.0,MW,NL,NL,forecast_solar_generation,Solar,2026-09-25T05:33:17Z
2026-09-25T05:31:59Z,2026-09-25T07:31:59+0200,5a97bbcb-9e72-4f4c-baa4-b4df21b2bc14,2026-09-22T16:00:00Z,2026-09-22T18:00:00+0200,893.0,MW,NL,NL,forecast_solar_generation,Solar,2026-09-25T05:33:17Z
2026-09-25T05:31:59Z,2026-09-25T07:31:59+0200,5a97bbcb-9e72-4f4c-baa4-b4df21b2bc14,2026-09-22T16:15:00Z,2026-09-22T18:15:00+0200,777.0,MW,NL,NL,forecast_solar_generation,Solar,2026-09-25T05:33:17Z
2026-09-25T05:31:59Z,2026-09-25T07:31:59+0200,5a97bbcb-9e72-4f4c-baa4-b4df21b2bc14,2026-09-22T16:30:00Z,2026-09-22T18:30:00+0200,665.0,MW,NL,NL,forecast_solar_generation,Solar,2026-09-25T05:33:17Z
2026-09-25T05:31:59Z,2026-09-25T07:31:59+0200,5a97bbcb-9e72-4f4c-baa4-b4df21b2bc14,2026-09-22T16:45:00Z,2026-09-22T18:45:00+0200,551.0,MW,NL,NL,forecast_solar_generation,Solar,2026-09-25T05:33:17Z
2026-09-25T05:31:59Z,2026-09-25T07:31:59+0200,5a97bbcb-9e72-4f4c-baa4-b4df21b2bc14,2026-09-22T17:00:00Z,2026-09-22T19:00:00+0200,432.0,MW,NL,NL,forecast_solar_generation,Solar,2026-09-25T05:33:17Z
2026-09-25T05:31:59Z,2026-09-25T07:31:59+0200,5a97bbcb-9e72-4f4c-baa4-b4df21b2bc14,2026-09-22T17:15:00Z,2026-09-22T19:15:00+0200,331.0,MW,NL,NL,forecast_solar_generation,Solar,2026-09-25T05:33:17Z
2026-09-25T05:31:59Z,2026-09-25T07:31:59+0200,5a97bbcb-9e72-4f4c-baa4-b4df21b2bc14,2026-09-22T17:30:00Z,2026-09-22T19:30:00+0200,226.0,MW,NL,NL,forecast_solar_generation,Solar,2026-09-25T05:33:17Z
2026-09-25T05:31:59Z,2026-09-25T07:31:59+0200,5a97bbcb-9e72-4f4c-baa4-b4df21b2bc14,2026-09-22T17:45:00Z,2026-09-22T19:45:00+0200,122.0,MW,NL,NL,forecast_solar_generation,Solar,2026-09-25T05:33:17Z
2026-09-25T05:31:59Z,2026-09-25T07:31:59+0200,5a97bbcb-9e72-4f4c-baa4-b4df21b2bc14,2026-09-22T18:00:00Z,2026-09-22T20:00:00+0200,17.0,MW,NL,NL,forecast_solar_generation,Solar,2026-09-25T05:33:17Z
2026-09-25T05:31:59Z,2026-09-25T07:31:59+0200,5a97bbcb-9e72-4f4c-baa4-b4df21b2bc14,2026-09-22T18:15:00Z,2026-09-22T20:15:00+0200,13.0,MW,NL,NL,forecast_solar_generation,Solar,2026-09-25T05:33:17Z
2026-09-25T05:31:59Z,2026-09-25T07:31:59+0200,5a97bbcb-9e72-4f4c-baa4-b4df21b2bc14,2026-09-22T18:30:00Z,2026-09-22T20:30:00+0200,8.0,MW,NL,NL,forecast_solar_generation,Solar,2026-09-25T05:33:17Z
2026-09-25T05:31:59Z,2026-09-25T07:31:59+0200,5a97bbcb-9e72-4f4c-baa4-b4df21b2bc14,2026-09-22T18:45:00Z,2026-09-22T20:45:00+0200,3.0,MW,NL,NL,forecast_solar_generation,Solar,2026-09-25T05:33:17Z
2026-09-25T05:31:59Z,2026-09-25T07:31:59+0200,5a97bbcb-9e72-4f4c-baa4-b4df21b2bc14,2026-09-22T19:00:00Z,2026-09-22T21:00:00+0200,0.0,MW,NL,NL,forecast_solar_generation,Solar,2026-09-25T05:33:17Z
2026-09-25T05:31:59Z,2026-09-25T07:31:59+0200,5a97bbcb-9e72-4f4c-baa4-b4df21b2bc14,2026-09-22T19:15:00Z,2026-09-22T21:15:00+0200,0.0,MW,NL,NL,forecast_solar_generation,Solar,2026-09-25T05:33:17Z
2026-09-25T05:31:59Z,2026-09-25T07:31:59+0200,5a97bbcb-9e72-4f4c-baa4-b4df21b2bc14,2026-09-22T19:30:00Z,2026-09-22T21:30:00+0200,0.0,MW,NL,NL,forecast_solar_generation,Solar,2026-09-25T05:33:17Z
2026-09-25T05:31:59Z,2026-09-25T07:31:59+0200,5a97bbcb-9e72-4f4c-baa4-b4df21b2bc14,2026-09-22T19:45:00Z,2026-09-22T21:45:00+0200,0.0,MW,NL,NL,forecast_solar_generation,Solar,2026-09-25T05:33:17Z
2026-09-25T05:31:59Z,2026-09-25T07:31:59+0200,5a97bbcb-9e72-4f4c-baa4-b4df21b2bc14,2026-09-22T20:00:00Z,2026-09-22T22:00:00+0200,0.0,MW,NL,NL,forecast_solar_generation,Solar,2026-09-25T05:33:17Z
2026-09-25T05:31:59Z,2026-09-25T07:31:59+0200,5a97bbcb-9e72-4f4c-baa4-b4df21b2bc14,2026-09-22T20:15:00Z,2026-09-22T22:15:00+0200,0.0,MW,NL,NL,forecast_solar_generation,Solar,2026-09-25T05:33:17Z
2026-09-25T05:31:59Z,2026-09-25T07:31:59+0200,5a97bbcb-9e72-4f4c-baa4-b4df21b2bc14,2026-09-22T20:30:00Z,2026-09-22T22:30:00+0200,0.0,MW,NL,NL,forecast_solar_generation,Solar,2026-09-25T05:33:17Z
2026-09-25T05:31:59Z,2026-09-25T07:31:59+0200,5a97bbcb-9e72-4f4c-baa4-b4df21b2bc14,2026-09-22T20:45:00Z,2026-09-22T22:45:00+0200,0.0,MW,NL,NL,forecast_solar_generation,Solar,2026-09-25T05:33:17Z
2026-09-25T05:31:59Z,2026-09-25T07:31:59+0200,5a97bbcb-9e72-4f4c-baa4-b4df21b2bc14,2026-09-22T21:00:00Z,2026-09-22T23:00:00+0200,0.0,MW,NL,NL,forecast_solar_generation,Solar,2026-09-25T05:33:17Z
2026-09-25T05:31:59Z,2026-09-25T07:31:59+0200,5a97bbcb-9e72-4f4c-baa4-b4df21b2bc14,2026-09-22T21:15:00Z,2026-09-22T23:15:00+0200,0.0,MW,NL,NL,forecast_solar_generation,Solar,2026-09-25T05:33:17Z
2026-09-25T05:31:59Z,2026-09-25T07:31:59+0200,5a97bbcb-9e72-4f4c-baa4-b4df21b2bc14,2026-09-22T21:30:00Z,2026-09-22T23:30:00+0200,0.0,MW,NL,NL,forecast_solar_generation,Solar,2026-09-25T05:33:17Z
2026-09-25T05:31:59Z,2026-09-25T07:31:59+0200,5a97bbcb-9e72-4f4c-baa4-b4df21b2bc14,2026-09-22T21:45:00Z,2026-09-22T23:45:00+0200,0.0,MW,NL,NL,forecast_solar_generation,Solar,2026-09-25T05:33:17Z
2026-09-25T05:31:59Z,2026-09-25T07:31:59+0200,5a97bbcb-9e72-4f4c-baa4-b4df21b2bc14,2026-09-22T22:00:00Z,2026-09-23T00:00:00+0200,0.0,MW,NL,NL,forecast_solar_generation,Solar,2026-09-25T05:33:17Z
2026-09-25T05:31:59Z,2026-09-25T07:31:59+0200,5a97bbcb-9e72-4f4c-baa4-b4df21b2bc14,2026-09-22T22:15:00Z,2026-09-23T00:15:00+0200,0.0,MW,NL,NL,forecast_solar_generation,Solar,2026-09-25T05:33:17Z
2026-09-25T05:31:59Z,2026-09-25T07:31:59+0200,5a97bbcb-9e72-4f4c-baa4-b4df21b2bc14,2026-09-22T22:30:00Z,2026-09-23T00:30:00+0200,0.0,MW,NL,NL,forecast_solar_generation,Solar,2026-09-25T05:33:17Z
2026-09-25T05:31:59Z,2026-09-25T07:31:59+0200,5a97bbcb-9e72-4f4c-baa4-b4df21b2bc14,2026-09-22T22:45:00Z,2026-09-23T00:45:00+0200,0.0,MW,NL,NL,forecast_solar_generation,Solar,2026-09-25T05:33:17Z
2026-09-25T05:31:59Z,2026-09-25T07:31:59+0200,5a97bbcb-9e72-4f4c-baa4-b4df21b2bc14,2026-09-22T23:00:00Z,2026-09-23T01:00:00+0200,0.0,MW,NL,NL,forecast_solar_generation,Solar,2026-09-25T05:33:17Z
2026-09-25T05:31:59Z,2026-09-25T07:31:59+0200,5a97bbcb-9e72-4f4c-baa4-b4df21b2bc14,2026-09-22T23:15:00Z,2026-09-23T01:15:00+0200,0.0,MW,NL,NL,forecast_solar_generation,Solar,2026-09-25T05:33:17Z
2026-09-25T05:31:59Z,2026-09-25T07:31:59+0200,5a97bbcb-9e72-4f4c-baa4-b4df21b2bc14,2026-09-22T23:30:00Z,2026-09-23T01:30:00+0200,0.0,MW,NL,NL,forecast_solar_generation,Solar,2026-09-25T05:33:17Z
2026-09-25T05:31:59Z,2026-09-25T07:31:59+0200,5a97bbcb-9e72-4f4c-baa4-b4df21b2bc14,2026-09-22T23:45:00Z,2026-09-23T01:45:00+0200,0.0,MW,NL,NL,forecast_solar_generation,Solar,2026-09-25T05:33:17Z
2026-09-25T05:31:59Z,2026-09-25T07:31:59+0200,5a97bbcb-9e72-4f4c-baa4-b4df21b2bc14,2026-09-23T00:00:00Z,2026-09-23T02:00:00+0200,0.0,MW,NL,NL,forecast_solar_generation,Solar,2026-09-25T05:33:17Z
2026-09-25T05:31:59Z,2026-09-25T07:31:59+0200,5a97bbcb-9e72-4f4c-baa4-b4df21b2bc14,2026-09-23T00:15:00Z,2026-09-23T02:15:00+0200,0.0,MW,NL,NL,forecast_solar_generation,Solar,2026-09-25T05:33:17Z
2026-09-25T05:31:59Z,2026-09-25T07:31:59+0200,5a97bbcb-9e72-4f4c-baa4-b4df21b2bc14,2026-09-23T00:30:00Z,2026-09-23T02:30:00+0200,0.0,MW,NL,NL,forecast_solar_generation,Solar,2026-09-25T05:33:17Z
2026-09-25T05:31:59Z,2026-09-25T07:31:59+0200,5a97bbcb-9e72-4f4c-baa4-b4df21b2bc14,2026-09-23T00:45:00Z,2026-09-23T02:45:00+0200,0.0,MW,NL,NL,forecast_solar_generation,Solar,2026-09-25T05:33:17Z
2026-09-25T05:31:59Z,2026-09-25T07:31:59+0200,5a97bbcb-9e72-4f4c-baa4-b4df21b2bc14,2026-09-23T01:00:00Z,2026-09-23T03:00:00+0200,0.0,MW,NL,NL,forecast_solar_generation,Solar,2026-09-25T05:33:17Z
2026-09-25T05:31:59Z,2026-09-25T07:31:59+0200,5a97bbcb-9e72-4f4c-baa4-b4df21b2bc14,2026-09-23T01:15:00Z,2026-09-23T03:15:00+0200,0.0,MW,NL,NL,forecast_solar_generation,Solar,2026-09-25T05:33:17Z
2026-09-25T05:31:59Z,2026-09-25T07:31:59+0200,5a97bbcb-9e72-4f4c-baa4-b4df21b2bc14,2026-09-23T01:30:00Z,2026-09-23T03:30:00+0200,0.0,MW,NL,NL,forecast_solar_generation,Solar,2026-09-25T05:33:17Z
2026-09-25T05:31:59Z,2026-09-25T07:31:59+0200,5a97bbcb-9e72-4f4c-baa4-b4df21b2bc14,2026-09-23T01:45:00Z,2026-09-23T03:45:00+0200,0.0,MW,NL,NL,forecast_solar_generation,Solar,2026-09-25T05:33:17Z
2026-09-25T05:31:59Z,2026-09-25T07:31:59+0200,5a97bbcb-9e72-4f4c-baa4-b4df21b2bc14,2026-09-23T02:00:00Z,2026-09-23T04:00:00+0200,0.0,MW,NL,NL,forecast_solar_generation,Solar,2026-09-25T05:33:17Z
2026-09-25T05:31:59Z,2026-09-25T07:31:59+0200,5a97bbcb-9e72-4f4c-baa4-b4df21b2bc14,2026-09-23T02:15:00Z,2026-09-23T04:15:00+0200,0.0,MW,NL,NL,forecast_solar_generation,Solar,2026-09-25T05:33:17Z
2026-09-25T05:31:59Z,2026-09-25T07:31:59+0200,5a97bbcb-9e72-4f4c-baa4-b4df21b2bc14,2026-09-23T02:30:00Z,2026-09-23T04:30:00+0200,0.0,MW,NL,NL,forecast_solar_generation,Solar,2026-09-25T05:33:17Z
2026-09-25T05:31:59Z,2026-09-25T07:31:59+0200,5a97bbcb-9e72-4f4c-baa4-b4df21b2bc14,2026-09-23T02:45:00Z,2026-09-23T04:45:00+0200,0.0,MW,NL,NL,forecast_solar_generation,Solar,2026-09-25T05:33:17Z
2026-09-25T05:31:59Z,2026-09-25T07:31:59+0200,5a97bbcb-9e72-4f4c-baa4-b4df21b2bc14,2026-09-23T03:00:00Z,2026-09-23T05:00:00+0200,0.0,MW,NL,NL,forecast_solar_generation,Solar,2026-09-25T05:33:17Z
2026-09-25T05:31:59Z,2026-09-25T07:31:59+0200,5a97bbcb-9e72-4f4c-baa4-b4df21b2bc14,2026-09-23T03:15:00Z,2026-09-23T05:15:00+0200,0.0,MW,NL,NL,forecast_solar_generation,Solar,2026-09-25T05:33:17Z
2026-09-25T05:31:59Z,2026-09-25T07:31:59+0200,5a97bbcb-9e72-4f4c-baa4-b4df21b2bc14,2026-09-23T03:30:00Z,2026-09-23T05:30:00+0200,0.0,MW,NL,NL,forecast_solar_generation,Solar,2026-09-25T05:33:17Z
2026-09-25T05:31:59Z,2026-09-25T07:31:59+0200,5a97bbcb-9e72-4f4c-baa4-b4df21b2bc14,2026-09-23T03:45:00Z,2026-09-23T05:45:00+0200,0.0,MW,NL,NL,forecast_solar_generation,Solar,2026-09-25T05:33:17Z
2026-09-25T05:31:59Z,2026-09-25T07:31:59+0200,5a97bbcb-9e72-4f4c-baa4-b4df21b2bc14,2026-09-23T04:00:00Z,2026-09-23T06:00:00+0200,0.0,MW,NL,NL,forecast_solar_generation,Solar,2026-09-25T05:33:17Z
2026-09-25T05:31:59Z,2026-09-25T07:31:59+0200,5a97bbcb-9e72-4f4c-baa4-b4df21b2bc14,2026-09-23T04:15:00Z,2026-09-23T06:15:00+0200,0.0,MW,NL,NL,forecast_solar_generation,Solar,2026-09-25T05:33:17Z
2026-09-25T05:31:59Z,2026-09-25T07:31:59+0200,5a97bbcb-9e72-4f4c-baa4-b4df21b2bc14,2026-09-23T04:30:00Z,2026-09-23T06:30:00+0200,0.0,MW,NL,NL,forecast_solar_generation,Solar,2026-09-25T05:33:17Z
2026-09-25T05:31:59Z,2026-09-25T07:31:59+0200,5a97bbcb-9e72-4f4c-baa4-b4df21b2bc14,2026-09-23T04:45:00Z,2026-09-23T06:45:00+0200,0.0,MW,NL,NL,forecast_solar_generation,Solar,2026-09-25T05:33:17Z
2026-09-25T05:31:59Z,2026-09-25T07:31:59+0200,5a97bbcb-9e72-4f4c-baa4-b4df21b2bc14,2026-09-23T05:00:00Z,2026-09-23T07:00:00+0200,0.0,MW,NL,NL,forecast_solar_generation,Solar,2026-09-25T05:33:17Z
2026-09-25T05:31:59Z,2026-09-25T07:31:59+0200,5a97bbcb-9e72-4f4c-baa4-b4df21b2bc14,2026-09-23T05:15:00Z,2026-09-23T07:15:00+0200,3.0,MW,NL,NL,forecast_solar_generation,Solar,2026-09-25T05:33:17Z
2026-09-25T05:31:59Z,2026-09-25T07:31:59+0200,5a97bbcb-9e72-4f4c-baa4-b4df21b2bc14,2026-09-23T05:30:00Z,2026-09-23T07:30:00+0200,7.0,MW,NL,NL,forecast_solar_generation,Solar,2026-09-25T05:33:17Z
2026-09-25T05:31:59Z,2026-09-25T07:31:59+0200,5a97bbcb-9e72-4f4c-baa4-b4df21b2bc14,2026-09-23T05:45:00Z,2026-09-23T07:45:00+0200,12.0,MW,NL,NL,forecast_solar_generation,Solar,2026-09-25T05:33:17Z
2026-09-25T05:31:59Z,2026-09-25T07:31:59+0200,5a97bbcb-9e72-4f4c-baa4-b4df21b2bc14,2026-09-23T06:00:00Z,2026-09-23T08:00:00+0200,14.0,MW,NL,NL,forecast_solar_generation,Solar,2026-09-25T05:33:17Z
2026-09-25T05:31:59Z,2026-09-25T07:31:59+0200,5a97bbcb-9e72-4f4c-baa4-b4df21b2bc14,2026-09-23T06:15:00Z,2026-09-23T08:15:00+0200,168.0,MW,NL,NL,forecast_solar_generation,Solar,2026-09-25T05:33:17Z
2026-09-25T05:31:59Z,2026-09-25T07:31:59+0200,5a97bbcb-9e72-4f4c-baa4-b4df21b2bc14,2026-09-23T06:30:00Z,2026-09-23T08:30:00+0200,317.0,MW,NL,NL,forecast_solar_generation,Solar,2026-09-25T05:33:17Z
2026-09-25T05:31:59Z,2026-09-25T07:31:59+0200,5a97bbcb-9e72-4f4c-baa4-b4df21b2bc14,2026-09-23T06:45:00Z,2026-09-23T08:45:00+0200,467.0,MW,NL,NL,forecast_solar_generation,Solar,2026-09-25T05:33:17Z
2026-09-25T05:31:59Z,2026-09-25T07:31:59+0200,5a97bbcb-9e72-4f4c-baa4-b4df21b2bc14,2026-09-23T07:00:00Z,2026-09-23T09:00:00+0200,618.0,MW,NL,NL,forecast_solar_generation,Solar,2026-09-25T05:33:17Z
2026-09-25T05:31:59Z,2026-09-25T07:31:59+0200,5a97bbcb-9e72-4f4c-baa4-b4df21b2bc14,2026-09-23T07:15:00Z,2026-09-23T09:15:00+0200,780.0,MW,NL,NL,forecast_solar_generation,Solar,2026-09-25T05:33:17Z
2026-09-25T05:31:59Z,2026-09-25T07:31:59+0200,5a97bbcb-9e72-4f4c-baa4-b4df21b2bc14,2026-09-23T07:30:00Z,2026-09-23T09:30:00+0200,942.0,MW,NL,NL,forecast_solar_generation,Solar,2026-09-25T05:33:17Z
2026-09-25T05:31:59Z,2026-09-25T07:31:59+0200,5a97bbcb-9e72-4f4c-baa4-b4df21b2bc14,2026-09-23T07:45:00Z,2026-09-23T09:45:00+0200,1102.0,MW,NL,NL,forecast_solar_generation,Solar,2026-09-25T05:33:17Z
2026-09-25T05:31:59Z,2026-09-25T07:31:59+0200,5a97bbcb-9e72-4f4c-baa4-b4df21b2bc14,2026-09-23T08:00:00Z,2026-09-23T10:00:00+0200,1266.0,MW,NL,NL,forecast_solar_generation,Solar,2026-09-25T05:33:17Z
2026-09-25T05:31:59Z,2026-09-25T07:31:59+0200,5a97bbcb-9e72-4f4c-baa4-b4df21b2bc14,2026-09-23T08:15:00Z,2026-09-23T10:15:00+0200,1421.0,MW,NL,NL,forecast_solar_generation,Solar,2026-09-25T05:33:17Z
2026-09-25T05:31:59Z,2026-09-25T07:31:59+0200,5a97bbcb-9e72-4f4c-baa4-b4df21b2bc14,2026-09-23T08:30:00Z,2026-09-23T10:30:00+0200,1575.0,MW,NL,NL,forecast_solar_generation,Solar,2026-09-25T05:33:17Z
2026-09-25T05:31:59Z,2026-09-25T07:31:59+0200,5a97bbcb-9e72-4f4c-baa4-b4df21b2bc14,2026-09-23T08:45:00Z,2026-09-23T10:45:00+0200,1730.0,MW,NL,NL,forecast_solar_generation,Solar,2026-09-25T05:33:17Z
2026-09-25T05:31:59Z,2026-09-25T07:31:59+0200,5a97bbcb-9e72-4f4c-baa4-b4df21b2bc14,2026-09-23T09:00:00Z,2026-09-23T11:00:00+0200,1888.0,MW,NL,NL,forecast_solar_generation,Solar,2026-09-25T05:33:17Z
2026-09-25T05:31:59Z,2026-09-25T07:31:59+0200,5a97bbcb-9e72-4f4c-baa4-b4df21b2bc14,2026-09-23T09:15:00Z,2026-09-23T11:15:00+0200,2167.0,MW,NL,NL,forecast_solar_generation,Solar,2026-09-25T05:33:17Z
2026-09-25T05:31:59Z,2026-09-25T07:31:59+0200,5a97bbcb-9e72-4f4c-baa4-b4df21b2bc14,2026-09-23T09:30:00Z,2026-09-23T11:30:00+0200,2442.0,MW,NL,NL,forecast_solar_generation,Solar,2026-09-25T05:33:17Z
2026-09-25T05:31:59Z,2026-09-25T07:31:59+0200,5a97bbcb-9e72-4f4c-baa4-b4df21b2bc14,2026-09-23T09:45:00Z,2026-09-23T11:45:00+0200,2720.0,MW,NL,NL,forecast_solar_generation,Solar,2026-09-25T05:33:17Z
2026-09-25T05:31:59Z,2026-09-25T07:31:59+0200,5a97bbcb-9e72-4f4c-baa4-b4df21b2bc14,2026-09-23T10:00:00Z,2026-09-23T12:00:00+0200,2999.0,MW,NL,NL,forecast_solar_generation,Solar,2026-09-25T05:33:17Z
2026-09-25T05:31:59Z,2026-09-25T07:31:59+0200,5a97bbcb-9e72-4f4c-baa4-b4df21b2bc14,2026-09-23T10:15:00Z,2026-09-23T12:15:00+0200,3095.0,MW,NL,NL,forecast_solar_generation,Solar,2026-09-25T05:33:17Z
2026-09-25T05:31:59Z,2026-09-25T07:31:59+0200,5a97bbcb-9e72-4f4c-baa4-b4df21b2bc14,2026-09-23T10:30:00Z,2026-09-23T12:30:00+0200,3190.0,MW,NL,NL,forecast_solar_generation,Solar,2026-09-25T05:33:17Z
2026-09-25T05:31:59Z,2026-09-25T07:31:59+0200,5a97bbcb-9e72-4f4c-baa4-b4df21b2bc14,2026-09-23T10:45:00Z,2026-09-23T12:45:00+0200,3286.0,MW,NL,NL,forecast_solar_generation,Solar,2026-09-25T05:33:17Z
2026-09-25T05:31:59Z,2026-09-25T07:31:59+0200,5a97bbcb-9e72-4f4c-baa4-b4df21b2bc14,2026-09-23T11:00:00Z,2026-09-23T13:00:00+0200,3385.0,MW,NL,NL,forecast_solar_generation,Solar,2026-09-25T05:33:17Z
2026-09-25T05:31:59Z,2026-09-25T07:31:59+0200,5a97bbcb-9e72-4f4c-baa4-b4df21b2bc14,2026-09-23T11:15:00Z,2026-09-23T13:15:00+0200,3415.0,MW,NL,NL,forecast_solar_generation,Solar,2026-09-25T05:33:17Z
2026-09-25T05:31:59Z,2026-09-25T07:31:59+0200,5a97bbcb-9e72-4f4c-baa4-b4df21b2bc14,2026-09-23T11:30:00Z,2026-09-23T13:30:00+0200,3449.0,MW,NL,NL,forecast_solar_generation,Solar,2026-09-25T05:33:17Z
2026-09-25T05:31:59Z,2026-09-25T07:31:59+0200,5a97bbcb-9e72-4f4c-baa4-b4df21b2bc14,2026-09-23T11:45:00Z,2026-09-23T13:45:00+0200,3481.0,MW,NL,NL,forecast_solar_generation,Solar,2026-09-25T05:33:17Z
2026-09-25T05:31:59Z,2026-09-25T07:31:59+0200,5a97bbcb-9e72-4f4c-baa4-b4df21b2bc14,2026-09-23T12:00:00Z,2026-09-23T14:00:00+0200,3514.0,MW,NL,NL,forecast_solar_generation,Solar,2026-09-25T05:33:17Z
2026-09-25T05:31:59Z,2026-09-25T07:31:59+0200,5a97bbcb-9e72-4f4c-baa4-b4df21b2bc14,2026-09-23T12:15:00Z,2026-09-23T14:15:00+0200,3388.0,MW,NL,NL,forecast_solar_generation,Solar,2026-09-25T05:33:17Z
2026-09-25T05:31:59Z,2026-09-25T07:31:59+0200,5a97bbcb-9e72-4f4c-baa4-b4df21b2bc14,2026-09-23T12:30:00Z,2026-09-23T14:30:00+0200,3261.0,MW,NL,NL,forecast_solar_generation,Solar,2026-09-25T05:33:17Z
2026-09-25T05:31:59Z,2026-09-25T07:31:59+0200,5a97bbcb-9e72-4f4c-baa4-b4df21b2bc14,2026-09-23T12:45:00Z,2026-09-23T14:45:00+0200,3134.0,MW,NL,NL,forecast_solar_generation,Solar,2026-09-25T05:33:17Z
2026-09-25T05:31:59Z,2026-09-25T07:31:59+0200,5a97bbcb-9e72-4f4c-baa4-b4df21b2bc14,2026-09-23T13:00:00Z,2026-09-23T15:00:00+0200,3007.0,MW,NL,NL,forecast_solar_generation,Solar,2026-09-25T05:33:17Z
2026-09-25T05:31:59Z,2026-09-25T07:31:59+0200,5a97bbcb-9e72-4f4c-baa4-b4df21b2bc14,2026-09-23T13:15:00Z,2026-09-23T15:15:00+0200,2922.0,MW,NL,NL,forecast_solar_generation,Solar,2026-09-25T05:33:17Z
2026-09-25T05:31:59Z,2026-09-25T07:31:59+0200,5a97bbcb-9e72-4f4c-baa4-b4df21b2bc14,2026-09-23T13:30:00Z,2026-09-23T15:30:00+0200,2831.0,MW,NL,NL,forecast_solar_generation,Solar,2026-09-25T05:33:17Z
2026-09-25T05:31:59Z,2026-09-25T07:31:59+0200,5a97bbcb-9e72-4f4c-baa4-b4df21b2bc14,2026-09-23T13:45:00Z,2026-09-23T15:45:00+0200,2747.0,MW,NL,NL,forecast_solar_generation,Solar,2026-09-25T05:33:17Z
2026-09-25T05:31:59Z,2026-09-25T07:31:59+0200,5a97bbcb-9e72-4f4c-baa4-b4df21b2bc14,2026-09-23T14:00:00Z,2026-09-23T16:00:00+0200,2658.0,MW,NL,NL,forecast_solar_generation,Solar,2026-09-25T05:33:17Z
2026-09-25T05:31:59Z,2026-09-25T07:31:59+0200,5a97bbcb-9e72-4f4c-baa4-b4df21b2bc14,2026-09-23T14:15:00Z,2026-09-23T16:15:00+0200,2519.0,MW,NL,NL,forecast_solar_generation,Solar,2026-09-25T05:33:17Z
2026-09-25T05:31:59Z,2026-09-25T07:31:59+0200,5a97bbcb-9e72-4f4c-baa4-b4df21b2bc14,2026-09-23T14:30:00Z,2026-09-23T16:30:00+0200,2384.0,MW,NL,NL,forecast_solar_generation,Solar,2026-09-25T05:33:17Z
2026-09-25T05:31:59Z,2026-09-25T07:31:59+0200,5a97bbcb-9e72-4f4c-baa4-b4df21b2bc14,2026-09-23T14:45:00Z,2026-09-23T16:45:00+0200,2248.0,MW,NL,NL,forecast_solar_generation,Solar,2026-09-25T05:33:17Z
2026-09-25T05:31:59Z,2026-09-25T07:31:59+0200,5a97bbcb-9e72-4f4c-baa4-b4df21b2bc14,2026-09-23T15:00:00Z,2026-09-23T17:00:00+0200,2111.0,MW,NL,NL,forecast_solar_generation,Solar,2026-09-25T05:33:17Z
2026-09-25T05:31:59Z,2026-09-25T07:31:59+0200,5a97bbcb-9e72-4f4c-baa4-b4df21b2bc14,2026-09-23T15:15:00Z,2026-09-23T17:15:00+0200,1990.0,MW,NL,NL,forecast_solar_generation,Solar,2026-09-25T05:33:17Z
2026-09-25T05:31:59Z,2026-09-25T07:31:59+0200,5a97bbcb-9e72-4f4c-baa4-b4df21b2bc14,2026-09-23T15:30:00Z,2026-09-23T17:30:00+0200,1871.0,MW,NL,NL,forecast_solar_generation,Solar,2026-09-25T05:33:17Z
2026-09-25T05:31:59Z,2026-09-25T07:31:59+0200,5a97bbcb-9e72-4f4c-baa4-b4df21b2bc14,2026-09-23T15:45:00Z,2026-09-23T17:45:00+0200,1752.0,MW,NL,NL,forecast_solar_generation,Solar,2026-09-25T05:33:17Z
2026-09-25T05:31:59Z,2026-09-25T07:31:59+0200,5a97bbcb-9e72-4f4c-baa4-b4df21b2bc14,2026-09-23T16:00:00Z,2026-09-23T18:00:00+0200,1632.0,MW,NL,NL,forecast_solar_generation,Solar,2026-09-25T05:33:17Z
2026-09-25T05:31:59Z,2026-09-25T07:31:59+0200,5a97bbcb-9e72-4f4c-baa4-b4df21b2bc14,2026-09-23T16:15:00Z,2026-09-23T18:15:00+0200,1427.0,MW,NL,NL,forecast_solar_generation,Solar,2026-09-25T05:33:17Z
2026-09-25T05:31:59Z,2026-09-25T07:31:59+0200,5a97bbcb-9e72-4f4c-baa4-b4df21b2bc14,2026-09-23T16:30:00Z,2026-09-23T18:30:00+0200,1220.0,MW,NL,NL,forecast_solar_generation,Solar,2026-09-25T05:33:17Z
2026-09-25T05:31:59Z,2026-09-25T07:31:59+0200,5a97bbcb-9e72-4f4c-baa4-b4df21b2bc14,2026-09-23T16:45:00Z,2026-09-23T18:45:00+0200,1015.0,MW,NL,NL,forecast_solar_generation,Solar,2026-09-25T05:33:17Z
2026-09-25T05:31:59Z,2026-09-25T07:31:59+0200,5a97bbcb-9e72-4f4c-baa4-b4df21b2bc14,2026-09-23T17:00:00Z,2026-09-23T19:00:00+0200,812.0,MW,NL,NL,forecast_solar_generation,Solar,2026-09-25T05:33:17Z
2026-09-25T05:31:59Z,2026-09-25T07:31:59+0200,5a97bbcb-9e72-4f4c-baa4-b4df21b2bc14,2026-09-23T17:15:00Z,2026-09-23T19:15:00+0200,614.0,MW,NL,NL,forecast_solar_generation,Solar,2026-09-25T05:33:17Z
2026-09-25T05:31:59Z,2026-09-25T07:31:59+0200,5a97bbcb-9e72-4f4c-baa4-b4df21b2bc14,2026-09-23T17:30:00Z,2026-09-23T19:30:00+0200,418.0,MW,NL,NL,forecast_solar_generation,Solar,2026-09-25T05:33:17Z
2026-09-25T05:31:59Z,2026-09-25T07:31:59+0200,5a97bbcb-9e72-4f4c-baa4-b4df21b2bc14,2026-09-23T17:45:00Z,2026-09-23T19:45:00+0200,223.0,MW,NL,NL,forecast_solar_generation,Solar,2026-09-25T05:33:17Z
2026-09-25T05:31:59Z,2026-09-25T07:31:59+0200,5a97bbcb-9e72-4f4c-baa4-b4df21b2bc14,2026-09-23T18:00:00Z,2026-09-23T20:00:00+0200,27.0,MW,NL,NL,forecast_solar_generation,Solar,2026-09-25T05:33:17Z
2026-09-25T05:31:59Z,2026-09-25T07:31:59+0200,5a97bbcb-9e72-4f4c-baa4-b4df21b2bc14,2026-09-23T18:15:00Z,2026-09-23T20:15:00+0200,20.0,MW,NL,NL,forecast_solar_generation,Solar,2026-09-25T05:33:17Z
2026-09-25T05:31:59Z,2026-09-25T07:31:59+0200,5a97bbcb-9e72-4f4c-baa4-b4df21b2bc14,2026-09-23T18:30:00Z,2026-09-23T20:30:00+0200,12.0,MW,NL,NL,forecast_solar_generation,Solar,2026-09-25T05:33:17Z
2026-09-25T05:31:59Z,2026-09-25T07:31:59+0200,5a97bbcb-9e72-4f4c-baa4-b4df21b2bc14,2026-09-23T18:45:00Z,2026-09-23T20:45:00+0200,6.0,MW,NL,NL,forecast_solar_generation,Solar,2026-09-25T05:33:17Z
2026-09-25T05:31:59Z,2026-09-25T07:31:59+0200,5a97bbcb-9e72-4f4c-baa4-b4df21b2bc14,2026-09-23T19:00:00Z,2026-09-23T21:00:00+0200,0.0,MW,NL,NL,forecast_solar_generation,Solar,2026-09-25T05:33:17Z
2026-09-25T05:31:59Z,2026-09-25T07:31:59+0200,5a97bbcb-9e72-4f4c-baa4-b4df21b2bc14,2026-09-23T19:15:00Z,2026-09-23T21:15:00+0200,0.0,MW,NL,NL,forecast_solar_generation,Solar,2026-09-25T05:33:17Z
2026-09-25T05:31:59Z,2026-09-25T07:31:59+0200,5a97bbcb-9e72-4f4c-baa4-b4df21b2bc14,2026-09-23T19:30:00Z,2026-09-23T21:30:00+0200,0.0,MW,NL,NL,forecast_solar_generation,Solar,2026-09-25T05:33:17Z
2026-09-25T05:31:59Z,2026-09-25T07:31:59+0200,5a97bbcb-9e72-4f4c-baa4-b4df21b2bc14,2026-09-23T19:45:00Z,2026-09-23T21:45:00+0200,0.0,MW,NL,NL,forecast_solar_generation,Solar,2026-09-25T05:33:17Z
2026-09-25T05:31:59Z,2026-09-25T07:31:59+0200,5a97bbcb-9e72-4f4c-baa4-b4df21b2bc14,2026-09-23T20:00:00Z,2026-09-23T22:00:00+0200,0.0,MW,NL,NL,forecast_solar_generation,Solar,2026-09-25T05:33:17Z
2026-09-25T05:31:59Z,2026-09-25T07:31:59+0200,5a97bbcb-9e72-4f4c-baa4-b4df21b2bc14,2026-09-23T20:15:00Z,2026-09-23T22:15:00+0200,0.0,MW,NL,NL,forecast_solar_generation,Solar,2026-09-25T05:33:17Z
2026-09-25T05:31:59Z,2026-09-25T07:31:59+0200,5a97bbcb-9e72-4f4c-baa4-b4df21b2bc14,2026-09-23T20:30:00Z,2026-09-23T22:30:00+0200,0.0,MW,NL,NL,forecast_solar_generation,Solar,2026-09-25T05:33:17Z
2026-09-25T05:31:59Z,2026-09-25T07:31:59+0200,5a97bbcb-9e72-4f4c-baa4-b4df21b2bc14,2026-09-23T20:45:00Z,2026-09-23T22:45:00+0200,0.0,MW,NL,NL,forecast_solar_generation,Solar,2026-09-25T05:33:17Z
2026-09-25T05:31:59Z,2026-09-25T07:31:59+0200,5a97bbcb-9e72-4f4c-baa4-b4df21b2bc14,2026-09-23T21:00:00Z,2026-09-23T23:00:00+0200,0.0,MW,NL,NL,forecast_solar_generation,Solar,2026-09-25T05:33:17Z
2026-09-25T05:31:59Z,2026-09-25T07:31:59+0200,5a97bbcb-9e72-4f4c-baa4-b4df21b2bc14,2026-09-23T21:15:00Z,2026-09-23T23:15:00+0200,0.0,MW,NL,NL,forecast_solar_generation,Solar,2026-09-25T05:33:17Z
2026-09-25T05:31:59Z,2026-09-25T07:31:59+0200,5a97bbcb-9e72-4f4c-baa4-b4df21b2bc14,2026-09-23T21:30:00Z,2026-09-23T23:30:00+0200,0.0,MW,NL,NL,forecast_solar_generation,Solar,2026-09-25T05:33:17Z
2026-09-25T05:31:59Z,2026-09-25T07:31:59+0200,5a97bbcb-9e72-4f4c-baa4-b4df21b2bc14,2026-09-23T21:45:00Z,2026-09-23T23:45:00+0200,0.0,MW,NL,NL,forecast_solar_generation,Solar,2026-09-25T05:33:17Z
2026-09-25T05:31:59Z,2026-09-25T07:31:59+0200,5a97bbcb-9e72-4f4c-baa4-b4df21b2bc14,2026-09-23T22:00:00Z,2026-09-24T00:00:00+0200,0.0,MW,NL,NL,forecast_solar_generation,Solar,2026-09-25T05:33:17Z
2026-09-25T05:31:59Z,2026-09-25T07:31:59+0200,5a97bbcb-9e72-4f4c-baa4-b4df21b2bc14,2026-09-23T22:15:00Z,2026-09-24T00:15:00+0200,0.0,MW,NL,NL,forecast_solar_generation,Solar,2026-09-25T05:33:17Z
2026-09-25T05:31:59Z,2026-09-25T07:31:59+0200,5a97bbcb-9e72-4f4c-baa4-b4df21b2bc14,2026-09-23T22:30:00Z,2026-09-24T00:30:00+0200,0.0,MW,NL,NL,forecast_solar_generation,Solar,2026-09-25T05:33:17Z
2026-09-25T05:31:59Z,2026-09-25T07:31:59+0200,5a97bbcb-9e72-4f4c-baa4-b4df21b2bc14,2026-09-23T22:45:00Z,2026-09-24T00:45:00+0200,0.0,MW,NL,NL,forecast_solar_generation,Solar,2026-09-25T05:33:17Z
2026-09-25T05:31:59Z,2026-09-25T07:31:59+0200,5a97bbcb-9e72-4f4c-baa4-b4df21b2bc14,2026-09-23T23:00:00Z,2026-09-24T01:00:00+0200,0.0,MW,NL,NL,forecast_solar_generation,Solar,2026-09-25T05:33:17Z
2026-09-25T05:31:59Z,2026-09-25T07:31:59+0200,5a97bbcb-9e72-4f4c-baa4-b4df21b2bc14,2026-09-23T23:15:00Z,2026-09-24T01:15:00+0200,0.0,MW,NL,NL,forecast_solar_generation,Solar,2026-09-25T05:33:17Z
2026-09-25T05:31:59Z,2026-09-25T07:31:59+0200,5a97bbcb-9e72-4f4c-baa4-b4df21b2bc14,2026-09-23T23:30:00Z,2026-09-24T01:30:00+0200,0.0,MW,NL,NL,forecast_solar_generation,Solar,2026-09-25T05:33:17Z
2026-09-25T05:31:59Z,2026-09-25T07:31:59+0200,5a97bbcb-9e72-4f4c-baa4-b4df21b2bc14,2026-09-23T23:45:00Z,2026-09-24T01:45:00+0200,0.0,MW,NL,NL,forecast_solar_generation,Solar,2026-09-25T05:33:17Z
2026-09-25T05:31:59Z,2026-09-25T07:31:59+0200,5a97bbcb-9e72-4f4c-baa4-b4df21b2bc14,2026-09-24T00:00:00Z,2026-09-24T02:00:00+0200,0.0,MW,NL,NL,forecast_solar_generation,Solar,2026-09-25T05:33:17Z
2026-09-25T05:31:59Z,2026-09-25T07:31:59+0200,5a97bbcb-9e72-4f4c-baa4-b4df21b2bc14,2026-09-24T00:15:00Z,2026-09-24T02:15:00+0200,0.0,MW,NL,NL,forecast_solar_generation,Solar,2026-09-25T05:33:17Z
2026-09-25T05:31:59Z,2026-09-25T07:31:59+0200,5a97bbcb-9e72-4f4c-baa4-b4df21b2bc14,2026-09-24T00:30:00Z,2026-09-24T02:30:00+0200,0.0,MW,NL,NL,forecast_solar_generation,Solar,2026-09-25T05:33:17Z
2026-09-25T05:31:59Z,2026-09-25T07:31:59+0200,5a97bbcb-9e72-4f4c-baa4-b4df21b2bc14,2026-09-24T00:45:00Z,2026-09-24T02:45:00+0200,0.0,MW,NL,NL,forecast_solar_generation,Solar,2026-09-25T05:33:17Z
2026-09-25T05:31:59Z,2026-09-25T07:31:59+0200,5a97bbcb-9e72-4f4c-baa4-b4df21b2bc14,2026-09-24T01:00:00Z,2026-09-24T03:00:00+0200,0.0,MW,NL,NL,forecast_solar_generation,Solar,2026-09-25T05:33:17Z
2026-09-25T05:31:59Z,2026-09-25T07:31:59+0200,5a97bbcb-9e72-4f4c-baa4-b4df21b2bc14,2026-09-24T01:15:00Z,2026-09-24T03:15:00+0200,0.0,MW,NL,NL,forecast_solar_generation,Solar,2026-09-25T05:33:17Z
2026-09-25T05:31:59Z,2026-09-25T07:31:59+0200,5a97bbcb-9e72-4f4c-baa4-b4df21b2bc14,2026-09-24T01:30:00Z,2026-09-24T03:30:00+0200,0.0,MW,NL,NL,forecast_solar_generation,Solar,2026-09-25T05:33:17Z
2026-09-25T05:31:59Z,2026-09-25T07:31:59+0200,5a97bbcb-9e72-4f4c-baa4-b4df21b2bc14,2026-09-24T01:45:00Z,2026-09-24T03:45:00+0200,0.0,MW,NL,NL,forecast_solar_generation,Solar,2026-09-25T05:33:17Z
2026-09-25T05:31:59Z,2026-09-25T07:31:59+0200,5a97bbcb-9e72-4f4c-baa4-b4df21b2bc14,2026-09-24T02:00:00Z,2026-09-24T04:00:00+0200,0.0,MW,NL,NL,forecast_solar_generation,Solar,2026-09-25T05:33:17Z
2026-09-25T05:31:59Z,2026-09-25T07:31:59+0200,5a97bbcb-9e72-4f4c-baa4-b4df21b2bc14,2026-09-24T02:15:00Z,2026-09-24T04:15:00+0200,0.0,MW,NL,NL,forecast_solar_generation,Solar,2026-09-25T05:33:17Z
2026-09-25T05:31:59Z,2026-09-25T07:31:59+0200,5a97bbcb-9e72-4f4c-baa4-b4df21b2bc14,2026-09-24T02:30:00Z,2026-09-24T04:30:00+0200,0.0,MW,NL,NL,forecast_solar_generation,Solar,2026-09-25T05:33:17Z
2026-09-25T05:31:59Z,2026-09-25T07:31:59+0200,5a97bbcb-9e72-4f4c-baa4-b4df21b2bc14,2026-09-24T02:45:00Z,2026-09-24T04:45:00+0200,0.0,MW,NL,NL,forecast_solar_generation,Solar,2026-09-25T05:33:17Z
2026-09-25T05:31:59Z,2026-09-25T07:31:59+0200,5a97bbcb-9e72-4f4c-baa4-b4df21b2bc14,2026-09-24T03:00:00Z,2026-09-24T05:00:00+0200,0.0,MW,NL,NL,forecast_solar_generation,Solar,2026-09-25T05:33:17Z
2026-09-25T05:31:59Z,2026-09-25T07:31:59+0200,5a97bbcb-9e72-4f4c-baa4-b4df21b2bc14,2026-09-24T03:15:00Z,2026-09-24T05:15:00+0200,0.0,MW,NL,NL,forecast_solar_generation,Solar,2026-09-25T05:33:17Z
2026-09-25T05:31:59Z,2026-09-25T07:31:59+0200,5a97bbcb-9e72-4f4c-baa4-b4df21b2bc14,2026-09-24T03:30:00Z,2026-09-24T05:30:00+0200,0.0,MW,NL,NL,forecast_solar_generation,Solar,2026-09-25T05:33:17Z
2026-09-25T05:31:59Z,2026-09-25T07:31:59+0200,5a97bbcb-9e72-4f4c-baa4-b4df21b2bc14,2026-09-24T03:45:00Z,2026-09-24T05:45:00+0200,0.0,MW,NL,NL,forecast_solar_generation,Solar,2026-09-25T05:33:17Z
2026-09-25T05:31:59Z,2026-09-25T07:31:59+0200,5a97bbcb-9e72-4f4c-baa4-b4df21b2bc14,2026-09-24T04:00:00Z,2026-09-24T06:00:00+0200,0.0,MW,NL,NL,forecast_solar_generation,Solar,2026-09-25T05:33:17Z
2026-09-25T05:31:59Z,2026-09-25T07:31:59+0200,5a97bbcb-9e72-4f4c-baa4-b4df21b2bc14,2026-09-24T04:15:00Z,2026-09-24T06:15:00+0200,0.0,MW,NL,NL,forecast_solar_generation,Solar,2026-09-25T05:33:17Z
2026-09-25T05:31:59Z,2026-09-25T07:31:59+0200,5a97bbcb-9e72-4f4c-baa4-b4df21b2bc14,2026-09-24T04:30:00Z,2026-09-24T06:30:00+0200,0.0,MW,NL,NL,forecast_solar_generation,Solar,2026-09-25T05:33:17Z
2026-09-25T05:31:59Z,2026-09-25T07:31:59+0200,5a97bbcb-9e72-4f4c-baa4-b4df21b2bc14,2026-09-24T04:45:00Z,2026-09-24T06:45:00+0200,0.0,MW,NL,NL,forecast_solar_generation,Solar,2026-09-25T05:33:17Z
2026-09-25T05:31:59Z,2026-09-25T07:31:59+0200,5a97bbcb-9e72-4f4c-baa4-b4df21b2bc14,2026-09-24T05:00:00Z,2026-09-24T07:00:00+0200,0.0,MW,NL,NL,forecast_solar_generation,Solar,2026-09-25T05:33:17Z
2026-09-25T05:31:59Z,2026-09-25T07:31:59+0200,5a97bbcb-9e72-4f4c-baa4-b4df21b2bc14,2026-09-24T05:15:00Z,2026-09-24T07:15:00+0200,0.0,MW,NL,NL,forecast_solar_generation,Solar,2026-09-25T05:33:17Z
2026-09-25T05:31:59Z,2026-09-25T07:31:59+0200,5a97bbcb-9e72-4f4c-baa4-b4df21b2bc14,2026-09-24T05:30:00Z,2026-09-24T07:30:00+0200,6.0,MW,NL,NL,forecast_solar_generation,Solar,2026-09-25T05:33:17Z
2026-09-25T05:31:59Z,2026-09-25T07:31:59+0200,5a97bbcb-9e72-4f4c-baa4-b4df21b2bc14,2026-09-24T05:45:00Z,2026-09-24T07:45:00+0200,7.0,MW,NL,NL,forecast_solar_generation,Solar,2026-09-25T05:33:17Z
2026-09-25T05:31:59Z,2026-09-25T07:31:59+0200,5a97bbcb-9e72-4f4c-baa4-b4df21b2bc14,2026-09-24T06:00:00Z,2026-09-24T08:00:00+0200,14.0,MW,NL,NL,forecast_solar_generation,Solar,2026-09-25T05:33:17Z
2026-09-25T05:31:59Z,2026-09-25T07:31:59+0200,5a97bbcb-9e72-4f4c-baa4-b4df21b2bc14,2026-09-24T06:15:00Z,2026-09-24T08:15:00+0200,246.0,MW,NL,NL,forecast_solar_generation,Solar,2026-09-25T05:33:17Z
2026-09-25T05:31:59Z,2026-09-25T07:31:59+0200,5a97bbcb-9e72-4f4c-baa4-b4df21b2bc14,2026-09-24T06:30:00Z,2026-09-24T08:30:00+0200,477.0,MW,NL,NL,forecast_solar_generation,Solar,2026-09-25T05:33:17Z
2026-09-25T05:31:59Z,2026-09-25T07:31:59+0200,5a97bbcb-9e72-4f4c-baa4-b4df21b2bc14,2026-09-24T06:45:00Z,2026-09-24T08:45:00+0200,711.0,MW,NL,NL,forecast_solar_generation,Solar,2026-09-25T05:33:17Z
2026-09-25T05:31:59Z,2026-09-25T07:31:59+0200,5a97bbcb-9e72-4f4c-baa4-b4df21b2bc14,2026-09-24T07:00:00Z,2026-09-24T09:00:00+0200,943.0,MW,NL,NL,forecast_solar_generation,Solar,2026-09-25T05:33:17Z
2026-09-25T05:31:59Z,2026-09-25T07:31:59+0200,5a97bbcb-9e72-4f4c-baa4-b4df21b2bc14,2026-09-24T07:15:00Z,2026-09-24T09:15:00+0200,1178.0,MW,NL,NL,forecast_solar_generation,Solar,2026-09-25T05:33:17Z
2026-09-25T05:31:59Z,2026-09-25T07:31:59+0200,5a97bbcb-9e72-4f4c-baa4-b4df21b2bc14,2026-09-24T07:30:00Z,2026-09-24T09:30:00+0200,1413.0,MW,NL,NL,forecast_solar_generation,Solar,2026-09-25T05:33:17Z
2026-09-25T05:31:59Z,2026-09-25T07:31:59+0200,5a97bbcb-9e72-4f4c-baa4-b4df21b2bc14,2026-09-24T07:45:00Z,2026-09-24T09:45:00+0200,1646.0,MW,NL,NL,forecast_solar_generation,Solar,2026-09-25T05:33:17Z
2026-09-25T05:31:59Z,2026-09-25T07:31:59+0200,5a97bbcb-9e72-4f4c-baa4-b4df21b2bc14,2026-09-24T08:00:00Z,2026-09-24T10:00:00+0200,1881.0,MW,NL,NL,forecast_solar_generation,Solar,2026-09-25T05:33:17Z
2026-09-25T05:31:59Z,2026-09-25T07:31:59+0200,5a97bbcb-9e72-4f4c-baa4-b4df21b2bc14,2026-09-24T08:15:00Z,2026-09-24T10:15:00+0200,2099.0,MW,NL,NL,forecast_solar_generation,Solar,2026-09-25T05:33:17Z
2026-09-25T05:31:59Z,2026-09-25T07:31:59+0200,5a97bbcb-9e72-4f4c-baa4-b4df21b2bc14,2026-09-24T08:30:00Z,2026-09-24T10:30:00+0200,2313.0,MW,NL,NL,forecast_solar_generation,Solar,2026-09-25T05:33:17Z
2026-09-25T05:31:59Z,2026-09-25T07:31:59+0200,5a97bbcb-9e72-4f4c-baa4-b4df21b2bc14,2026-09-24T08:45:00Z,2026-09-24T10:45:00+0200,2530.0,MW,NL,NL,forecast_solar_generation,Solar,2026-09-25T05:33:17Z
2026-09-25T05:31:59Z,2026-09-25T07:31:59+0200,5a97bbcb-9e72-4f4c-baa4-b4df21b2bc14,2026-09-24T09:00:00Z,2026-09-24T11:00:00+0200,2748.0,MW,NL,NL,forecast_solar_generation,Solar,2026-09-25T05:33:17Z
2026-09-25T05:31:59Z,2026-09-25T07:31:59+0200,5a97bbcb-9e72-4f4c-baa4-b4df21b2bc14,2026-09-24T09:15:00Z,2026-09-24T11:15:00+0200,2887.0,MW,NL,NL,forecast_solar_generation,Solar,2026-09-25T05:33:17Z
2026-09-25T05:31:59Z,2026-09-25T07:31:59+0200,5a97bbcb-9e72-4f4c-baa4-b4df21b2bc14,2026-09-24T09:30:00Z,2026-09-24T11:30:00+0200,3026.0,MW,NL,NL,forecast_solar_generation,Solar,2026-09-25T05:33:17Z
2026-09-25T05:31:59Z,2026-09-25T07:31:59+0200,5a97bbcb-9e72-4f4c-baa4-b4df21b2bc14,2026-09-24T09:45:00Z,2026-09-24T11:45:00+0200,3168.0,MW,NL,NL,forecast_solar_generation,Solar,2026-09-25T05:33:17Z
2026-09-25T05:31:59Z,2026-09-25T07:31:59+0200,5a97bbcb-9e72-4f4c-baa4-b4df21b2bc14,2026-09-24T10:00:00Z,2026-09-24T12:00:00+0200,3309.0,MW,NL,NL,forecast_solar_generation,Solar,2026-09-25T05:33:17Z
2026-09-25T05:31:59Z,2026-09-25T07:31:59+0200,5a97bbcb-9e72-4f4c-baa4-b4df21b2bc14,2026-09-24T10:15:00Z,2026-09-24T12:15:00+0200,3413.0,MW,NL,NL,forecast_solar_generation,Solar,2026-09-25T05:33:17Z
2026-09-25T05:31:59Z,2026-09-25T07:31:59+0200,5a97bbcb-9e72-4f4c-baa4-b4df21b2bc14,2026-09-24T10:30:00Z,2026-09-24T12:30:00+0200,3516.0,MW,NL,NL,forecast_solar_generation,Solar,2026-09-25T05:33:17Z
2026-09-25T05:31:59Z,2026-09-25T07:31:59+0200,5a97bbcb-9e72-4f4c-baa4-b4df21b2bc14,2026-09-24T10:45:00Z,2026-09-24T12:45:00+0200,3619.0,MW,NL,NL,forecast_solar_generation,Solar,2026-09-25T05:33:17Z
2026-09-25T05:31:59Z,2026-09-25T07:31:59+0200,5a97bbcb-9e72-4f4c-baa4-b4df21b2bc14,2026-09-24T11:00:00Z,2026-09-24T13:00:00+0200,3725.0,MW,NL,NL,forecast_solar_generation,Solar,2026-09-25T05:33:17Z
2026-09-25T05:31:59Z,2026-09-25T07:31:59+0200,5a97bbcb-9e72-4f4c-baa4-b4df21b2bc14,2026-09-24T11:15:00Z,2026-09-24T13:15:00+0200,3760.0,MW,NL,NL,forecast_solar_generation,Solar,2026-09-25T05:33:17Z
2026-09-25T05:31:59Z,2026-09-25T07:31:59+0200,5a97bbcb-9e72-4f4c-baa4-b4df21b2bc14,2026-09-24T11:30:00Z,2026-09-24T13:30:00+0200,3794.0,MW,NL,NL,forecast_solar_generation,Solar,2026-09-25T05:33:17Z
2026-09-25T05:31:59Z,2026-09-25T07:31:59+0200,5a97bbcb-9e72-4f4c-baa4-b4df21b2bc14,2026-09-24T11:45:00Z,2026-09-24T13:45:00+0200,3829.0,MW,NL,NL,forecast_solar_generation,Solar,2026-09-25T05:33:17Z
2026-09-25T05:31:59Z,2026-09-25T07:31:59+0200,5a97bbcb-9e72-4f4c-baa4-b4df21b2bc14,2026-09-24T12:00:00Z,2026-09-24T14:00:00+0200,3863.0,MW,NL,NL,forecast_solar_generation,Solar,2026-09-25T05:33:17Z
2026-09-25T05:31:59Z,2026-09-25T07:31:59+0200,5a97bbcb-9e72-4f4c-baa4-b4df21b2bc14,2026-09-24T12:15:00Z,2026-09-24T14:15:00+0200,3883.0,MW,NL,NL,forecast_solar_generation,Solar,2026-09-25T05:33:17Z
2026-09-25T05:31:59Z,2026-09-25T07:31:59+0200,5a97bbcb-9e72-4f4c-baa4-b4df21b2bc14,2026-09-24T12:30:00Z,2026-09-24T14:30:00+0200,3903.0,MW,NL,NL,forecast_solar_generation,Solar,2026-09-25T05:33:17Z
2026-09-25T05:31:59Z,2026-09-25T07:31:59+0200,5a97bbcb-9e72-4f4c-baa4-b4df21b2bc14,2026-09-24T12:45:00Z,2026-09-24T14:45:00+0200,3924.0,MW,NL,NL,forecast_solar_generation,Solar,2026-09-25T05:33:17Z
2026-09-25T05:31:59Z,2026-09-25T07:31:59+0200,5a97bbcb-9e72-4f4c-baa4-b4df21b2bc14,2026-09-24T13:00:00Z,2026-09-24T15:00:00+0200,3940.0,MW,NL,NL,forecast_solar_generation,Solar,2026-09-25T05:33:17Z
2026-09-25T05:31:59Z,2026-09-25T07:31:59+0200,5a97bbcb-9e72-4f4c-baa4-b4df21b2bc14,2026-09-24T13:15:00Z,2026-09-24T15:15:00+0200,3832.0,MW,NL,NL,forecast_solar_generation,Solar,2026-09-25T05:33:17Z
2026-09-25T05:31:59Z,2026-09-25T07:31:59+0200,5a97bbcb-9e72-4f4c-baa4-b4df21b2bc14,2026-09-24T13:30:00Z,2026-09-24T15:30:00+0200,3722.0,MW,NL,NL,forecast_solar_generation,Solar,2026-09-25T05:33:17Z
2026-09-25T05:31:59Z,2026-09-25T07:31:59+0200,5a97bbcb-9e72-4f4c-baa4-b4df21b2bc14,2026-09-24T13:45:00Z,2026-09-24T15:45:00+0200,3615.0,MW,NL,NL,forecast_solar_generation,Solar,2026-09-25T05:33:17Z
2026-09-25T05:31:59Z,2026-09-25T07:31:59+0200,5a97bbcb-9e72-4f4c-baa4-b4df21b2bc14,2026-09-24T14:00:00Z,2026-09-24T16:00:00+0200,3506.0,MW,NL,NL,forecast_solar_generation,Solar,2026-09-25T05:33:17Z
2026-09-25T05:31:59Z,2026-09-25T07:31:59+0200,5a97bbcb-9e72-4f4c-baa4-b4df21b2bc14,2026-09-24T14:15:00Z,2026-09-24T16:15:00+0200,3333.0,MW,NL,NL,forecast_solar_generation,Solar,2026-09-25T05:33:17Z
2026-09-25T05:31:59Z,2026-09-25T07:31:59+0200,5a97bbcb-9e72-4f4c-baa4-b4df21b2bc14,2026-09-24T14:30:00Z,2026-09-24T16:30:00+0200,3158.0,MW,NL,NL,forecast_solar_generation,Solar,2026-09-25T05:33:17Z
2026-09-25T05:31:59Z,2026-09-25T07:31:59+0200,5a97bbcb-9e72-4f4c-baa4-b4df21b2bc14,2026-09-24T14:45:00Z,2026-09-24T16:45:00+0200,2987.0,MW,NL,NL,forecast_solar_generation,Solar,2026-09-25T05:33:17Z
2026-09-25T05:31:59Z,2026-09-25T07:31:59+0200,5a97bbcb-9e72-4f4c-baa4-b4df21b2bc14,2026-09-24T15:00:00Z,2026-09-24T17:00:00+0200,2813.0,MW,NL,NL,forecast_solar_generation,Solar,2026-09-25T05:33:17Z
2026-09-25T05:31:59Z,2026-09-25T07:31:59+0200,5a97bbcb-9e72-4f4c-baa4-b4df21b2bc14,2026-09-24T15:15:00Z,2026-09-24T17:15:00+0200,2600.0,MW,NL,NL,forecast_solar_generation,Solar,2026-09-25T05:33:17Z
2026-09-25T05:31:59Z,2026-09-25T07:31:59+0200,5a97bbcb-9e72-4f4c-baa4-b4df21b2bc14,2026-09-24T15:30:00Z,2026-09-24T17:30:00+0200,2385.0,MW,NL,NL,forecast_solar_generation,Solar,2026-09-25T05:33:17Z
2026-09-25T05:31:59Z,2026-09-25T07:31:59+0200,5a97bbcb-9e72-4f4c-baa4-b4df21b2bc14,2026-09-24T15:45:00Z,2026-09-24T17:45:00+0200,2171.0,MW,NL,NL,forecast_solar_generation,Solar,2026-09-25T05:33:17Z
2026-09-25T05:31:59Z,2026-09-25T07:31:59+0200,5a97bbcb-9e72-4f4c-baa4-b4df21b2bc14,2026-09-24T16:00:00Z,2026-09-24T18:00:00+0200,1955.0,MW,NL,NL,forecast_solar_generation,Solar,2026-09-25T05:33:17Z
2026-09-25T05:31:59Z,2026-09-25T07:31:59+0200,5a97bbcb-9e72-4f4c-baa4-b4df21b2bc14,2026-09-24T16:15:00Z,2026-09-24T18:15:00+0200,1711.0,MW,NL,NL,forecast_solar_generation,Solar,2026-09-25T05:33:17Z
2026-09-25T05:31:59Z,2026-09-25T07:31:59+0200,5a97bbcb-9e72-4f4c-baa4-b4df21b2bc14,2026-09-24T16:30:00Z,2026-09-24T18:30:00+0200,1466.0,MW,NL,NL,forecast_solar_generation,Solar,2026-09-25T05:33:17Z
2026-09-25T05:31:59Z,2026-09-25T07:31:59+0200,5a97bbcb-9e72-4f4c-baa4-b4df21b2bc14,2026-09-24T16:45:00Z,2026-09-24T18:45:00+0200,1218.0,MW,NL,NL,forecast_solar_generation,Solar,2026-09-25T05:33:17Z
2026-09-25T05:31:59Z,2026-09-25T07:31:59+0200,5a97bbcb-9e72-4f4c-baa4-b4df21b2bc14,2026-09-24T17:00:00Z,2026-09-24T19:00:00+0200,972.0,MW,NL,NL,forecast_solar_generation,Solar,2026-09-25T05:33:17Z
2026-09-25T05:31:59Z,2026-09-25T07:31:59+0200,5a97bbcb-9e72-4f4c-baa4-b4df21b2bc14,2026-09-24T17:15:00Z,2026-09-24T19:15:00+0200,735.0,MW,NL,NL,forecast_solar_generation,Solar,2026-09-25T05:33:17Z
2026-09-25T05:31:59Z,2026-09-25T07:31:59+0200,5a97bbcb-9e72-4f4c-baa4-b4df21b2bc14,2026-09-24T17:30:00Z,2026-09-24T19:30:00+0200,500.0,MW,NL,NL,forecast_solar_generation,Solar,2026-09-25T05:33:17Z
2026-09-25T05:31:59Z,2026-09-25T07:31:59+0200,5a97bbcb-9e72-4f4c-baa4-b4df21b2bc14,2026-09-24T17:45:00Z,2026-09-24T19:45:00+0200,261.0,MW,NL,NL,forecast_solar_generation,Solar,2026-09-25T05:33:17Z
2026-09-25T05:31:59Z,2026-09-25T07:31:59+0200,5a97bbcb-9e72-4f4c-baa4-b4df21b2bc14,2026-09-24T18:00:00Z,2026-09-24T20:00:00+0200,26.0,MW,NL,NL,forecast_solar_generation,Solar,2026-09-25T05:33:17Z
2026-09-25T05:31:59Z,2026-09-25T07:31:59+0200,5a97bbcb-9e72-4f4c-baa4-b4df21b2bc14,2026-09-24T18:15:00Z,2026-09-24T20:15:00+0200,19.0,MW,NL,NL,forecast_solar_generation,Solar,2026-09-25T05:33:17Z
2026-09-25T05:31:59Z,2026-09-25T07:31:59+0200,5a97bbcb-9e72-4f4c-baa4-b4df21b2bc14,2026-09-24T18:30:00Z,2026-09-24T20:30:00+0200,11.0,MW,NL,NL,forecast_solar_generation,Solar,2026-09-25T05:33:17Z
2026-09-25T05:31:59Z,2026-09-25T07:31:59+0200,5a97bbcb-9e72-4f4c-baa4-b4df21b2bc14,2026-09-24T18:45:00Z,2026-09-24T20:45:00+0200,5.0,MW,NL,NL,forecast_solar_generation,Solar,2026-09-25T05:33:17Z
2026-09-25T05:31:59Z,2026-09-25T07:31:59+0200,5a97bbcb-9e72-4f4c-baa4-b4df21b2bc14,2026-09-24T19:00:00Z,2026-09-24T21:00:00+0200,0.0,MW,NL,NL,forecast_solar_generation,Solar,2026-09-25T05:33:17Z
2026-09-25T05:31:59Z,2026-09-25T07:31:59+0200,5a97bbcb-9e72-4f4c-baa4-b4df21b2bc14,2026-09-24T19:15:00Z,2026-09-24T21:15:00+0200,0.0,MW,NL,NL,forecast_solar_generation,Solar,2026-09-25T05:33:17Z
2026-09-25T05:31:59Z,2026-09-25T07:31:59+0200,5a97bbcb-9e72-4f4c-baa4-b4df21b2bc14,2026-09-24T19:30:00Z,2026-09-24T21:30:00+0200,0.0,MW,NL,NL,forecast_solar_generation,Solar,2026-09-25T05:33:17Z
2026-09-25T05:31:59Z,2026-09-25T07:31:59+0200,5a97bbcb-9e72-4f4c-baa4-b4df21b2bc14,2026-09-24T19:45:00Z,2026-09-24T21:45:00+0200,0.0,MW,NL,NL,forecast_solar_generation,Solar,2026-09-25T05:33:17Z
2026-09-25T05:31:59Z,2026-09-25T07:31:59+0200,5a97bbcb-9e72-4f4c-baa4-b4df21b2bc14,2026-09-24T20:00:00Z,2026-09-24T22:00:00+0200,0.0,MW,NL,NL,forecast_solar_generation,Solar,2026-09-25T05:33:17Z
2026-09-25T05:31:59Z,2026-09-25T07:31:59+0200,5a97bbcb-9e72-4f4c-baa4-b4df21b2bc14,2026-09-24T20:15:00Z,2026-09-24T22:15:00+0200,0.0,MW,NL,NL,forecast_solar_generation,Solar,2026-09-25T05:33:17Z
2026-09-25T05:31:59Z,2026-09-25T07:31:59+0200,5a97bbcb-9e72-4f4c-baa4-b4df21b2bc14,2026-09-24T20:30:00Z,2026-09-24T22:30:00+0200,0.0,MW,NL,NL,forecast_solar_generation,Solar,2026-09-25T05:33:17Z
2026-09-25T05:31:59Z,2026-09-25T07:31:59+0200,5a97bbcb-9e72-4f4c-baa4-b4df21b2bc14,2026-09-24T20:45:00Z,2026-09-24T22:45:00+0200,0.0,MW,NL,NL,forecast_solar_generation,Solar,2026-09-25T05:33:17Z
2026-09-25T05:31:59Z,2026-09-25T07:31:59+0200,5a97bbcb-9e72-4f4c-baa4-b4df21b2bc14,2026-09-24T21:00:00Z,2026-09-24T23:00:00+0200,0.0,MW,NL,NL,forecast_solar_generation,Solar,2026-09-25T05:33:17Z
2026-09-25T05:31:59Z,2026-09-25T07:31:59+0200,5a97bbcb-9e72-4f4c-baa4-b4df21b2bc14,2026-09-24T21:15:00Z,2026-09-24T23:15:00+0200,0.0,MW,NL,NL,forecast_solar_generation,Solar,2026-09-25T05:33:17Z
2026-09-25T05:31:59Z,2026-09-25T07:31:59+0200,5a97bbcb-9e72-4f4c-baa4-b4df21b2bc14,2026-09-24T21:30:00Z,2026-09-24T23:30:00+0200,0.0,MW,NL,NL,forecast_solar_generation,Solar,2026-09-25T05:33:17Z
2026-09-25T05:31:59Z,2026-09-25T07:31:59+0200,5a97bbcb-9e72-4f4c-baa4-b4df21b2bc14,2026-09-24T21:45:00Z,2026-09-24T23:45:00+0200,0.0,MW,NL,NL,forecast_solar_generation,Solar,2026-09-25T05:33:17Z
2026-09-25T05:31:59Z,2026-09-25T07:31:59+0200,5a97bbcb-9e72-4f4c-baa4-b4df21b2bc14,2026-09-24T22:00:00Z,2026-09-25T00:00:00+0200,0.0,MW,NL,NL,forecast_solar_generation,Solar,2026-09-25T05:33:17Z
2026-09-25T05:31:59Z,2026-09-25T07:31:59+0200,5a97bbcb-9e72-4f4c-baa4-b4df21b2bc14,2026-09-24T22:15:00Z,2026-09-25T00:15:00+0200,0.0,MW,NL,NL,forecast_solar_generation,Solar,2026-09-25T05:33:17Z
2026-09-25T05:31:59Z,2026-09-25T07:31:59+0200,5a97bbcb-9e72-4f4c-baa4-b4df21b2bc14,2026-09-24T22:30:00Z,2026-09-25T00:30:00+0200,0.0,MW,NL,NL,forecast_solar_generation,Solar,2026-09-25T05:33:17Z
2026-09-25T05:31:59Z,2026-09-25T07:31:59+0200,5a97bbcb-9e72-4f4c-baa4-b4df21b2bc14,2026-09-24T22:45:00Z,2026-09-25T00:45:00+0200,0.0,MW,NL,NL,forecast_solar_generation,Solar,2026-09-25T05:33:17Z
2026-09-25T05:31:59Z,2026-09-25T07:31:59+0200,5a97bbcb-9e72-4f4c-baa4-b4df21b2bc14,2026-09-24T23:00:00Z,2026-09-25T01:00:00+0200,0.0,MW,NL,NL,forecast_solar_generation,Solar,2026-09-25T05:33:17Z
2026-09-25T05:31:59Z,2026-09-25T07:31:59+0200,5a97bbcb-9e72-4f4c-baa4-b4df21b2bc14,2026-09-24T23:15:00Z,2026-09-25T01:15:00+0200,0.0,MW,NL,NL,forecast_solar_generation,Solar,2026-09-25T05:33:17Z
2026-09-25T05:31:59Z,2026-09-25T07:31:59+0200,5a97bbcb-9e72-4f4c-baa4-b4df21b2bc14,2026-09-24T23:30:00Z,2026-09-25T01:30:00+0200,0.0,MW,NL,NL,forecast_solar_generation,Solar,2026-09-25T05:33:17Z
2026-09-25T05:31:59Z,2026-09-25T07:31:59+0200,5a97bbcb-9e72-4f4c-baa4-b4df21b2bc14,2026-09-24T23:45:00Z,2026-09-25T01:45:00+0200,0.0,MW,NL,NL,forecast_solar_generation,Solar,2026-09-25T05:33:17Z
2026-09-25T05:31:59Z,2026-09-25T07:31:59+0200,5a97bbcb-9e72-4f4c-baa4-b4df21b2bc14,2026-09-25T00:00:00Z,2026-09-25T02:00:00+0200,0.0,MW,NL,NL,forecast_solar_generation,Solar,2026-09-25T05:33:17Z
2026-09-25T05:31:59Z,2026-09-25T07:31:59+0200,5a97bbcb-9e72-4f4c-baa4-b4df21b2bc14,2026-09-25T00:15:00Z,2026-09-25T02:15:00+0200,0.0,MW,NL,NL,forecast_solar_generation,Solar,2026-09-25T05:33:17Z
2026-09-25T05:31:59Z,2026-09-25T07:31:59+0200,5a97bbcb-9e72-4f4c-baa4-b4df21b2bc14,2026-09-25T00:30:00Z,2026-09-25T02:30:00+0200,0.0,MW,NL,NL,forecast_solar_generation,Solar,2026-09-25T05:33:17Z
2026-09-25T05:31:59Z,2026-09-25T07:31:59+0200,5a97bbcb-9e72-4f4c-baa4-b4df21b2bc14,2026-09-25T00:45:00Z,2026-09-25T02:45:00+0200,0.0,MW,NL,NL,forecast_solar_generation,Solar,2026-09-25T05:33:17Z
2026-09-25T05:31:59Z,2026-09-25T07:31:59+0200,5a97bbcb-9e72-4f4c-baa4-b4df21b2bc14,2026-09-25T01:00:00Z,2026-09-25T03:00:00+0200,0.0,MW,NL,NL,forecast_solar_generation,Solar,2026-09-25T05:33:17Z
2026-09-25T05:31:59Z,2026-09-25T07:31:59+0200,5a97bbcb-9e72-4f4c-baa4-b4df21b2bc14,2026-09-25T01:15:00Z,2026-09-25T03:15:00+0200,0.0,MW,NL,NL,forecast_solar_generation,Solar,2026-09-25T05:33:17Z
2026-09-25T05:31:59Z,2026-09-25T07:31:59+0200,5a97bbcb-9e72-4f4c-baa4-b4df21b2bc14,2026-09-25T01:30:00Z,2026-09-25T03:30:00+0200,0.0,MW,NL,NL,forecast_solar_generation,Solar,2026-09-25T05:33:17Z
2026-09-25T05:31:59Z,2026-09-25T07:31:59+0200,5a97bbcb-9e72-4f4c-baa4-b4df21b2bc14,2026-09-25T01:45:00Z,2026-09-25T03:45:00+0200,0.0,MW,NL,NL,forecast_solar_generation,Solar,2026-09-25T05:33:17Z
2026-09-25T05:31:59Z,2026-09-25T07:31:59+0200,5a97bbcb-9e72-4f4c-baa4-b4df21b2bc14,2026-09-25T02:00:00Z,2026-09-25T04:00:00+0200,0.0,MW,NL,NL,forecast_solar_generation,Solar,2026-09-25T05:33:17Z
2026-09-25T05:31:59Z,2026-09-25T07:31:59+0200,5a97bbcb-9e72-4f4c-baa4-b4df21b2bc14,2026-09-25T02:15:00Z,2026-09-25T04:15:00+0200,0.0,MW,NL,NL,forecast_solar_generation,Solar,2026-09-25T05:33:17Z
2026-09-25T05:31:59Z,2026-09-25T07:31:59+0200,5a97bbcb-9e72-4f4c-baa4-b4df21b2bc14,2026-09-25T02:30:00Z,2026-09-25T04:30:00+0200,0.0,MW,NL,NL,forecast_solar_generation,Solar,2026-09-25T05:33:17Z
2026-09-25T05:31:59Z,2026-09-25T07:31:59+0200,5a97bbcb-9e72-4f4c-baa4-b4df21b2bc14,2026-09-25T02:45:00Z,2026-09-25T04:45:00+0200,0.0,MW,NL,NL,forecast_solar_generation,Solar,2026-09-25T05:33:17Z
2026-09-25T05:31:59Z,2026-09-25T07:31:59+0200,5a97bbcb-9e72-4f4c-baa4-b4df21b2bc14,2026-09-25T03:00:00Z,2026-09-25T05:00:00+0200,0.0,MW,NL,NL,forecast_solar_generation,Solar,2026-09-25T05:33:17Z
2026-09-25T05:31:59Z,2026-09-25T07:31:59+0200,5a97bbcb-9e72-4f4c-baa4-b4df21b2bc14,2026-09-25T03:15:00Z,2026-09-25T05:15:00+0200,0.0,MW,NL,NL,forecast_solar_generation,Solar,2026-09-25T05:33:17Z
2026-09-25T05:31:59Z,2026-09-25T07:31:59+0200,5a97bbcb-9e72-4f4c-baa4-b4df21b2bc14,2026-09-25T03:30:00Z,2026-09-25T05:30:00+0200,0.0,MW,NL,NL,forecast_solar_generation,Solar,2026-09-25T05:33:17Z
2026-09-25T05:31:59Z,2026-09-25T07:31:59+0200,5a97bbcb-9e72-4f4c-baa4-b4df21b2bc14,2026-09-25T03:45:00Z,2026-09-25T05:45:00+0200,0.0,MW,NL,NL,forecast_solar_generation,Solar,2026-09-25T05:33:17Z
2026-09-25T05:31:59Z,2026-09-25T07:31:59+0200,5a97bbcb-9e72-4f4c-baa4-b4df21b2bc14,2026-09-25T04:00:00Z,2026-09-25T06:00:00+0200,0.0,MW,NL,NL,forecast_solar_generation,Solar,2026-09-25T05:33:17Z
2026-09-25T05:31:59Z,2026-09-25T07:31:59+0200,5a97bbcb-9e72-4f4c-baa4-b4df21b2bc14,2026-09-25T04:15:00Z,2026-09-25T06:15:00+0200,0.0,MW,NL,NL,forecast_solar_generation,Solar,2026-09-25T05:33:17Z
2026-09-25T05:31:59Z,2026-09-25T07:31:59+0200,5a97bbcb-9e72-4f4c-baa4-b4df21b2bc14,2026-09-25T04:30:00Z,2026-09-25T06:30:00+0200,0.0,MW,NL,NL,forecast_solar_generation,Solar,2026-09-25T05:33:17Z
2026-09-25T05:31:59Z,2026-09-25T07:31:59+0200,5a97bbcb-9e72-4f4c-baa4-b4df21b2bc14,2026-09-25T04:45:00Z,2026-09-25T06:45:00+0200,0.0,MW,NL,NL,forecast_solar_generation,Solar,2026-09-25T05:33:17Z
2026-09-25T05:31:59Z,2026-09-25T07:31:59+0200,5a97bbcb-9e72-4f4c-baa4-b4df21b2bc14,2026-09-25T05:00:00Z,2026-09-25T07:00:00+0200,0.0,MW,NL,NL,forecast_solar_generation,Solar,2026-09-25T05:33:17Z
2026-09-25T05:31:59Z,2026-09-25T07:31:59+0200,5a97bbcb-9e72-4f4c-baa4-b4df21b2bc14,2026-09-25T05:15:00Z,2026-09-25T07:15:00+0200,0.0,MW,NL,NL,forecast_solar_generation,Solar,2026-09-25T05:33:17Z
2026-09-25T05:31:59Z,2026-09-25T07:31:59+0200,5a97bbcb-9e72-4f4c-baa4-b4df21b2bc14,2026-09-25T05:30:00Z,2026-09-25T07:30:00+0200,5.0,MW,NL,NL,forecast_solar_generation,Solar,2026-09-25T05:33:17Z
2026-09-25T05:31:59Z,2026-09-25T07:31:59+0200,5a97bbcb-9e72-4f4c-baa4-b4df21b2bc14,2026-09-25T05:45:00Z,2026-09-25T07:45:00+0200,7.0,MW,NL,NL,forecast_solar_generation,Solar,2026-09-25T05:33:17Z
2026-09-25T05:31:59Z,2026-09-25T07:31:59+0200,5a97bbcb-9e72-4f4c-baa4-b4df21b2bc14,2026-09-25T06:00:00Z,2026-09-25T08:00:00+0200,10.0,MW,NL,NL,forecast_solar_generation,Solar,2026-09-25T05:33:19Z
2026-09-25T05:31:59Z,2026-09-25T07:31:59+0200,5a97bbcb-9e72-4f4c-baa4-b4df21b2bc14,2026-09-25T06:15:00Z,2026-09-25T08:15:00+0200,280.0,MW,NL,NL,forecast_solar_generation,Solar,2026-09-25T05:33:19Z
2026-09-25T05:31:59Z,2026-09-25T07:31:59+0200,5a97bbcb-9e72-4f4c-baa4-b4df21b2bc14,2026-09-25T06:30:00Z,2026-09-25T08:30:00+0200,549.0,MW,NL,NL,forecast_solar_generation,Solar,2026-09-25T05:33:19Z
2026-09-25T05:31:59Z,2026-09-25T07:31:59+0200,5a97bbcb-9e72-4f4c-baa4-b4df21b2bc14,2026-09-25T06:45:00Z,2026-09-25T08:45:00+0200,818.0,MW,NL,NL,forecast_solar_generation,Solar,2026-09-25T05:33:19Z
2026-09-25T05:31:59Z,2026-09-25T07:31:59+0200,5a97bbcb-9e72-4f4c-baa4-b4df21b2bc14,2026-09-25T07:00:00Z,2026-09-25T09:00:00+0200,1087.0,MW,NL,NL,forecast_solar_generation,Solar,2026-09-25T05:33:19Z
2026-09-25T05:31:59Z,2026-09-25T07:31:59+0200,5a97bbcb-9e72-4f4c-baa4-b4df21b2bc14,2026-09-25T07:15:00Z,2026-09-25T09:15:00+0200,1352.0,MW,NL,NL,forecast_solar_generation,Solar,2026-09-25T05:33:19Z
2026-09-25T05:31:59Z,2026-09-25T07:31:59+0200,5a97bbcb-9e72-4f4c-baa4-b4df21b2bc14,2026-09-25T07:30:00Z,2026-09-25T09:30:00+0200,1621.0,MW,NL,NL,forecast_solar_generation,Solar,2026-09-25T05:33:19Z
2026-09-25T05:31:59Z,2026-09-25T07:31:59+0200,5a97bbcb-9e72-4f4c-baa4-b4df21b2bc14,2026-09-25T07:45:00Z,2026-09-25T09:45:00+0200,1886.0,MW,NL,NL,forecast_solar_generation,Solar,2026-09-25T05:33:19Z
2026-09-25T05:31:59Z,2026-09-25T07:31:59+0200,5a97bbcb-9e72-4f4c-baa4-b4df21b2bc14,2026-09-25T08:00:00Z,2026-09-25T10:00:00+0200,2153.0,MW,NL,NL,forecast_solar_generation,Solar,2026-09-25T05:33:19Z
2026-09-25T05:31:59Z,2026-09-25T07:31:59+0200,5a97bbcb-9e72-4f4c-baa4-b4df21b2bc14,2026-09-25T08:15:00Z,2026-09-25T10:15:00+0200,2392.0,MW,NL,NL,forecast_solar_generation,Solar,2026-09-25T05:33:19Z
2026-09-25T05:31:59Z,2026-09-25T07:31:59+0200,5a97bbcb-9e72-4f4c-baa4-b4df21b2bc14,2026-09-25T08:30:00Z,2026-09-25T10:30:00+0200,2627.0,MW,NL,NL,forecast_solar_generation,Solar,2026-09-25T05:33:19Z
2026-09-25T05:31:59Z,2026-09-25T07:31:59+0200,5a97bbcb-9e72-4f4c-baa4-b4df21b2bc14,2026-09-25T08:45:00Z,2026-09-25T10:45:00+0200,2866.0,MW,NL,NL,forecast_solar_generation,Solar,2026-09-25T05:33:19Z
2026-09-25T05:31:59Z,2026-09-25T07:31:59+0200,5a97bbcb-9e72-4f4c-baa4-b4df21b2bc14,2026-09-25T09:00:00Z,2026-09-25T11:00:00+0200,3104.0,MW,NL,NL,forecast_solar_generation,Solar,2026-09-25T05:33:19Z
2026-09-25T05:31:59Z,2026-09-25T07:31:59+0200,5a97bbcb-9e72-4f4c-baa4-b4df21b2bc14,2026-09-25T09:15:00Z,2026-09-25T11:15:00+0200,3292.0,MW,NL,NL,forecast_solar_generation,Solar,2026-09-25T05:33:19Z
2026-09-25T05:31:59Z,2026-09-25T07:31:59+0200,5a97bbcb-9e72-4f4c-baa4-b4df21b2bc14,2026-09-25T09:30:00Z,2026-09-25T11:30:00+0200,3480.0,MW,NL,NL,forecast_solar_generation,Solar,2026-09-25T05:33:19Z
2026-09-25T05:31:59Z,2026-09-25T07:31:59+0200,5a97bbcb-9e72-4f4c-baa4-b4df21b2bc14,2026-09-25T09:45:00Z,2026-09-25T11:45:00+0200,3670.0,MW,NL,NL,forecast_solar_generation,Solar,2026-09-25T05:33:19Z
2026-09-25T05:31:59Z,2026-09-25T07:31:59+0200,5a97bbcb-9e72-4f4c-baa4-b4df21b2bc14,2026-09-25T10:00:00Z,2026-09-25T12:00:00+0200,3857.0,MW,NL,NL,forecast_solar_generation,Solar,2026-09-25T05:33:19Z
2026-09-25T05:31:59Z,2026-09-25T07:31:59+0200,5a97bbcb-9e72-4f4c-baa4-b4df21b2bc14,2026-09-25T10:15:00Z,2026-09-25T12:15:00+0200,3974.0,MW,NL,NL,forecast_solar_generation,Solar,2026-09-25T05:33:19Z
2026-09-25T05:31:59Z,2026-09-25T07:31:59+0200,5a97bbcb-9e72-4f4c-baa4-b4df21b2bc14,2026-09-25T10:30:00Z,2026-09-25T12:30:00+0200,4092.0,MW,NL,NL,forecast_solar_generation,Solar,2026-09-25T05:33:19Z
2026-09-25T05:31:59Z,2026-09-25T07:31:59+0200,5a97bbcb-9e72-4f4c-baa4-b4df21b2bc14,2026-09-25T10:45:00Z,2026-09-25T12:45:00+0200,4207.0,MW,NL,NL,forecast_solar_generation,Solar,2026-09-25T05:33:19Z
2026-09-25T05:31:59Z,2026-09-25T07:31:59+0200,5a97bbcb-9e72-4f4c-baa4-b4df21b2bc14,2026-09-25T11:00:00Z,2026-09-25T13:00:00+0200,4321.0,MW,NL,NL,forecast_solar_generation,Solar,2026-09-25T05:33:19Z
2026-09-25T05:31:59Z,2026-09-25T07:31:59+0200,5a97bbcb-9e72-4f4c-baa4-b4df21b2bc14,2026-09-25T11:15:00Z,2026-09-25T13:15:00+0200,4360.0,MW,NL,NL,forecast_solar_generation,Solar,2026-09-25T05:33:19Z
2026-09-25T05:31:59Z,2026-09-25T07:31:59+0200,5a97bbcb-9e72-4f4c-baa4-b4df21b2bc14,2026-09-25T11:30:00Z,2026-09-25T13:30:00+0200,4398.0,MW,NL,NL,forecast_solar_generation,Solar,2026-09-25T05:33:19Z
2026-09-25T05:31:59Z,2026-09-25T07:31:59+0200,5a97bbcb-9e72-4f4c-baa4-b4df21b2bc14,2026-09-25T11:45:00Z,2026-09-25T13:45:00+0200,4439.0,MW,NL,NL,forecast_solar_generation,Solar,2026-09-25T05:33:19Z
2026-09-25T05:31:59Z,2026-09-25T07:31:59+0200,5a97bbcb-9e72-4f4c-baa4-b4df21b2bc14,2026-09-25T12:00:00Z,2026-09-25T14:00:00+0200,4476.0,MW,NL,NL,forecast_solar_generation,Solar,2026-09-25T05:33:19Z
2026-09-25T05:31:59Z,2026-09-25T07:31:59+0200,5a97bbcb-9e72-4f4c-baa4-b4df21b2bc14,2026-09-25T12:15:00Z,2026-09-25T14:15:00+0200,4454.0,MW,NL,NL,forecast_solar_generation,Solar,2026-09-25T05:33:19Z
2026-09-25T05:31:59Z,2026-09-25T07:31:59+0200,5a97bbcb-9e72-4f4c-baa4-b4df21b2bc14,2026-09-25T12:30:00Z,2026-09-25T14:30:00+0200,4433.0,MW,NL,NL,forecast_solar_generation,Solar,2026-09-25T05:33:19Z
2026-09-25T05:31:59Z,2026-09-25T07:31:59+0200,5a97bbcb-9e72-4f4c-baa4-b4df21b2bc14,2026-09-25T12:45:00Z,2026-09-25T14:45:00+0200,4411.0,MW,NL,NL,forecast_solar_generation,Solar,2026-09-25T05:33:19Z
2026-09-25T05:31:59Z,2026-09-25T07:31:59+0200,5a97bbcb-9e72-4f4c-baa4-b4df21b2bc14,2026-09-25T13:00:00Z,2026-09-25T15:00:00+0200,4387.0,MW,NL,NL,forecast_solar_generation,Solar,2026-09-25T05:33:19Z
2026-09-25T05:31:59Z,2026-09-25T07:31:59+0200,5a97bbcb-9e72-4f4c-baa4-b4df21b2bc14,2026-09-25T13:15:00Z,2026-09-25T15:15:00+0200,4271.0,MW,NL,NL,forecast_solar_generation,Solar,2026-09-25T05:33:19Z
2026-09-25T05:31:59Z,2026-09-25T07:31:59+0200,5a97bbcb-9e72-4f4c-baa4-b4df21b2bc14,2026-09-25T13:30:00Z,2026-09-25T15:30:00+0200,4151.0,MW,NL,NL,forecast_solar_generation,Solar,2026-09-25T05:33:19Z
2026-09-25T05:31:59Z,2026-09-25T07:31:59+0200,5a97bbcb-9e72-4f4c-baa4-b4df21b2bc14,2026-09-25T13:45:00Z,2026-09-25T15:45:00+0200,4029.0,MW,NL,NL,forecast_solar_generation,Solar,2026-09-25T05:33:19Z
2026-09-25T05:31:59Z,2026-09-25T07:31:59+0200,5a97bbcb-9e72-4f4c-baa4-b4df21b2bc14,2026-09-25T14:00:00Z,2026-09-25T16:00:00+0200,3910.0,MW,NL,NL,forecast_solar_generation,Solar,2026-09-25T05:33:19Z
2026-09-25T05:31:59Z,2026-09-25T07:31:59+0200,5a97bbcb-9e72-4f4c-baa4-b4df21b2bc14,2026-09-25T14:15:00Z,2026-09-25T16:15:00+0200,3721.0,MW,NL,NL,forecast_solar_generation,Solar,2026-09-25T05:33:19Z
2026-09-25T05:31:59Z,2026-09-25T07:31:59+0200,5a97bbcb-9e72-4f4c-baa4-b4df21b2bc14,2026-09-25T14:30:00Z,2026-09-25T16:30:00+0200,3533.0,MW,NL,NL,forecast_solar_generation,Solar,2026-09-25T05:33:19Z
2026-09-25T05:31:59Z,2026-09-25T07:31:59+0200,5a97bbcb-9e72-4f4c-baa4-b4df21b2bc14,2026-09-25T14:45:00Z,2026-09-25T16:45:00+0200,3344.0,MW,NL,NL,forecast_solar_generation,Solar,2026-09-25T05:33:19Z
2026-09-25T05:31:59Z,2026-09-25T07:31:59+0200,5a97bbcb-9e72-4f4c-baa4-b4df21b2bc14,2026-09-25T15:00:00Z,2026-09-25T17:00:00+0200,3154.0,MW,NL,NL,forecast_solar_generation,Solar,2026-09-25T05:33:19Z
2026-09-25T05:31:59Z,2026-09-25T07:31:59+0200,5a97bbcb-9e72-4f4c-baa4-b4df21b2bc14,2026-09-25T15:15:00Z,2026-09-25T17:15:00+0200,2938.0,MW,NL,NL,forecast_solar_generation,Solar,2026-09-25T05:33:19Z
2026-09-25T05:31:59Z,2026-09-25T07:31:59+0200,5a97bbcb-9e72-4f4c-baa4-b4df21b2bc14,2026-09-25T15:30:00Z,2026-09-25T17:30:00+0200,2720.0,MW,NL,NL,forecast_solar_generation,Solar,2026-09-25T05:33:19Z
2026-09-25T05:31:59Z,2026-09-25T07:31:59+0200,5a97bbcb-9e72-4f4c-baa4-b4df21b2bc14,2026-09-25T15:45:00Z,2026-09-25T17:45:00+0200,2504.0,MW,NL,NL,forecast_solar_generation,Solar,2026-09-25T05:33:19Z
2026-09-25T05:31:59Z,2026-09-25T07:31:59+0200,5a97bbcb-9e72-4f4c-baa4-b4df21b2bc14,2026-09-25T16:00:00Z,2026-09-25T18:00:00+0200,2286.0,MW,NL,NL,forecast_solar_generation,Solar,2026-09-25T05:33:19Z
2026-09-25T05:31:59Z,2026-09-25T07:31:59+0200,5a97bbcb-9e72-4f4c-baa4-b4df21b2bc14,2026-09-25T16:15:00Z,2026-09-25T18:15:00+0200,2002.0,MW,NL,NL,forecast_solar_generation,Solar,2026-09-25T05:33:19Z
2026-09-25T05:31:59Z,2026-09-25T07:31:59+0200,5a97bbcb-9e72-4f4c-baa4-b4df21b2bc14,2026-09-25T16:30:00Z,2026-09-25T18:30:00+0200,1718.0,MW,NL,NL,forecast_solar_generation,Solar,2026-09-25T05:33:19Z
2026-09-25T05:31:59Z,2026-09-25T07:31:59+0200,5a97bbcb-9e72-4f4c-baa4-b4df21b2bc14,2026-09-25T16:45:00Z,2026-09-25T18:45:00+0200,1432.0,MW,NL,NL,forecast_solar_generation,Solar,2026-09-25T05:33:19Z
2026-09-25T05:31:59Z,2026-09-25T07:31:59+0200,5a97bbcb-9e72-4f4c-baa4-b4df21b2bc14,2026-09-25T17:00:00Z,2026-09-25T19:00:00+0200,1150.0,MW,NL,NL,forecast_solar_generation,Solar,2026-09-25T05:33:19Z
2026-09-25T05:31:59Z,2026-09-25T07:31:59+0200,5a97bbcb-9e72-4f4c-baa4-b4df21b2bc14,2026-09-25T17:15:00Z,2026-09-25T19:15:00+0200,870.0,MW,NL,NL,forecast_solar_generation,Solar,2026-09-25T05:33:19Z
2026-09-25T05:31:59Z,2026-09-25T07:31:59+0200,5a97bbcb-9e72-4f4c-baa4-b4df21b2bc14,2026-09-25T17:30:00Z,2026-09-25T19:30:00+0200,587.0,MW,NL,NL,forecast_solar_generation,Solar,2026-09-25T05:33:19Z
2026-09-25T05:31:59Z,2026-09-25T07:31:59+0200,5a97bbcb-9e72-4f4c-baa4-b4df21b2bc14,2026-09-25T17:45:00Z,2026-09-25T19:45:00+0200,306.0,MW,NL,NL,forecast_solar_generation,Solar,2026-09-25T05:33:19Z
2026-09-25T05:31:59Z,2026-09-25T07:31:59+0200,5a97bbcb-9e72-4f4c-baa4-b4df21b2bc14,2026-09-25T18:00:00Z,2026-09-25T20:00:00+0200,23.0,MW,NL,NL,forecast_solar_generation,Solar,2026-09-25T05:33:19Z
2026-09-25T05:31:59Z,2026-09-25T07:31:59+0200,5a97bbcb-9e72-4f4c-baa4-b4df21b2bc14,2026-09-25T18:15:00Z,2026-09-25T20:15:00+0200,17.0,MW,NL,NL,forecast_solar_generation,Solar,2026-09-25T05:33:19Z
2026-09-25T05:31:59Z,2026-09-25T07:31:59+0200,5a97bbcb-9e72-4f4c-baa4-b4df21b2bc14,2026-09-25T18:30:00Z,2026-09-25T20:30:00+0200,12.0,MW,NL,NL,forecast_solar_generation,Solar,2026-09-25T05:33:19Z
2026-09-25T05:31:59Z,2026-09-25T07:31:59+0200,5a97bbcb-9e72-4f4c-baa4-b4df21b2bc14,2026-09-25T18:45:00Z,2026-09-25T20:45:00+0200,5.0,MW,NL,NL,forecast_solar_generation,Solar,2026-09-25T05:33:19Z
2026-09-25T05:31:59Z,2026-09-25T07:31:59+0200,5a97bbcb-9e72-4f4c-baa4-b4df21b2bc14,2026-09-25T19:00:00Z,2026-09-25T21:00:00+0200,0.0,MW,NL,NL,forecast_solar_generation,Solar,2026-09-25T05:33:19Z
2026-09-25T05:31:59Z,2026-09-25T07:31:59+0200,5a97bbcb-9e72-4f4c-baa4-b4df21b2bc14,2026-09-25T19:15:00Z,2026-09-25T21:15:00+0200,0.0,MW,NL,NL,forecast_solar_generation,Solar,2026-09-25T05:33:19Z
2026-09-25T05:31:59Z,2026-09-25T07:31:59+0200,5a97bbcb-9e72-4f4c-baa4-b4df21b2bc14,2026-09-25T19:30:00Z,2026-09-25T21:30:00+0200,0.0,MW,NL,NL,forecast_solar_generation,Solar,2026-09-25T05:33:19Z
2026-09-25T05:31:59Z,2026-09-25T07:31:59+0200,5a97bbcb-9e72-4f4c-baa4-b4df21b2bc14,2026-09-25T19:45:00Z,2026-09-25T21:45:00+0200,0.0,MW,NL,NL,forecast_solar_generation,Solar,2026-09-25T05:33:19Z
2026-09-25T05:31:59Z,2026-09-25T07:31:59+0200,5a97bbcb-9e72-4f4c-baa4-b4df21b2bc14,2026-09-25T20:00:00Z,2026-09-25T22:00:00+0200,0.0,MW,NL,NL,forecast_solar_generation,Solar,2026-09-25T05:33:19Z
2026-09-25T05:31:59Z,2026-09-25T07:31:59+0200,5a97bbcb-9e72-4f4c-baa4-b4df21b2bc14,2026-09-25T20:15:00Z,2026-09-25T22:15:00+0200,0.0,MW,NL,NL,forecast_solar_generation,Solar,2026-09-25T05:33:19Z
2026-09-25T05:31:59Z,2026-09-25T07:31:59+0200,5a97bbcb-9e72-4f4c-baa4-b4df21b2bc14,2026-09-25T20:30:00Z,2026-09-25T22:30:00+0200,0.0,MW,NL,NL,forecast_solar_generation,Solar,2026-09-25T05:33:19Z
2026-09-25T05:31:59Z,2026-09-25T07:31:59+0200,5a97bbcb-9e72-4f4c-baa4-b4df21b2bc14,2026-09-25T20:45:00Z,2026-09-25T22:45:00+0200,0.0,MW,NL,NL,forecast_solar_generation,Solar,2026-09-25T05:33:19Z
2026-09-25T05:31:59Z,2026-09-25T07:31:59+0200,5a97bbcb-9e72-4f4c-baa4-b4df21b2bc14,2026-09-25T21:00:00Z,2026-09-25T23:00:00+0200,0.0,MW,NL,NL,forecast_solar_generation,Solar,2026-09-25T05:33:19Z
2026-09-25T05:31:59Z,2026-09-25T07:31:59+0200,5a97bbcb-9e72-4f4c-baa4-b4df21b2bc14,2026-09-25T21:15:00Z,2026-09-25T23:15:00+0200,0.0,MW,NL,NL,forecast_solar_generation,Solar,2026-09-25T05:33:19Z
2026-09-25T05:31:59Z,2026-09-25T07:31:59+0200,5a97bbcb-9e72-4f4c-baa4-b4df21b2bc14,2026-09-25T21:30:00Z,2026-09-25T23:30:00+0200,0.0,MW,NL,NL,forecast_solar_generation,Solar,2026-09-25T05:33:19Z
2026-09-25T05:31:59Z,2026-09-25T07:31:59+0200,5a97bbcb-9e72-4f4c-baa4-b4df21b2bc14,2026-09-25T21:45:00Z,2026-09-25T23:45:00+0200,0.0,MW,NL,NL,forecast_solar_generation,Solar,2026-09-25T05:33:19Z
