collection_time_utc,collection_time_local,run_id,timestamp_utc,timestamp_local,value,unit,country,entsoe_area,variable,source,updated_at_utc
2026-09-14T00:59:01Z,2026-09-14T02:59:01+0200,5bd299e4-c9b8-415b-91e4-c2d3175f74bc,2026-09-07T01:15:00Z,2026-09-07T03:15:00+0200,770.833333,MW,DK1,DK_1,forecast_offshore_wind_generation,Wind Offshore,2026-09-14T01:01:22Z
2026-09-14T00:59:01Z,2026-09-14T02:59:01+0200,5bd299e4-c9b8-415b-91e4-c2d3175f74bc,2026-09-07T01:30:00Z,2026-09-07T03:30:00+0200,759.833333,MW,DK1,DK_1,forecast_offshore_wind_generation,Wind Offshore,2026-09-14T01:01:22Z
2026-09-14T00:59:01Z,2026-09-14T02:59:01+0200,5bd299e4-c9b8-415b-91e4-c2d3175f74bc,2026-09-07T01:45:00Z,2026-09-07T03:45:00+0200,749.666666,MW,DK1,DK_1,forecast_offshore_wind_generation,Wind Offshore,2026-09-14T01:01:22Z
2026-09-14T00:59:01Z,2026-09-14T02:59:01+0200,5bd299e4-c9b8-415b-91e4-c2d3175f74bc,2026-09-07T02:00:00Z,2026-09-07T04:00:00+0200,742.833333,MW,DK1,DK_1,forecast_offshore_wind_generation,Wind Offshore,2026-09-14T01:01:22Z
2026-09-14T00:59:01Z,2026-09-14T02:59:01+0200,5bd299e4-c9b8-415b-91e4-c2d3175f74bc,2026-09-07T02:15:00Z,2026-09-07T04:15:00+0200,736.0,MW,DK1,DK_1,forecast_offshore_wind_generation,Wind Offshore,2026-09-14T01:01:22Z
2026-09-14T00:59:01Z,2026-09-14T02:59:01+0200,5bd299e4-c9b8-415b-91e4-c2d3175f74bc,2026-09-07T02:30:00Z,2026-09-07T04:30:00+0200,730.5,MW,DK1,DK_1,forecast_offshore_wind_generation,Wind Offshore,2026-09-14T01:01:22Z
2026-09-14T00:59:01Z,2026-09-14T02:59:01+0200,5bd299e4-c9b8-415b-91e4-c2d3175f74bc,2026-09-07T02:45:00Z,2026-09-07T04:45:00+0200,727.833333,MW,DK1,DK_1,forecast_offshore_wind_generation,Wind Offshore,2026-09-14T01:01:22Z
2026-09-14T00:59:01Z,2026-09-14T02:59:01+0200,5bd299e4-c9b8-415b-91e4-c2d3175f74bc,2026-09-07T03:00:00Z,2026-09-07T05:00:00+0200,727.666666,MW,DK1,DK_1,forecast_offshore_wind_generation,Wind Offshore,2026-09-14T01:01:22Z
2026-09-14T00:59:01Z,2026-09-14T02:59:01+0200,5bd299e4-c9b8-415b-91e4-c2d3175f74bc,2026-09-07T03:15:00Z,2026-09-07T05:15:00+0200,730.5,MW,DK1,DK_1,forecast_offshore_wind_generation,Wind Offshore,2026-09-14T01:01:22Z
2026-09-14T00:59:01Z,2026-09-14T02:59:01+0200,5bd299e4-c9b8-415b-91e4-c2d3175f74bc,2026-09-07T03:30:00Z,2026-09-07T05:30:00+0200,734.5,MW,DK1,DK_1,forecast_offshore_wind_generation,Wind Offshore,2026-09-14T01:01:22Z
2026-09-14T00:59:01Z,2026-09-14T02:59:01+0200,5bd299e4-c9b8-415b-91e4-c2d3175f74bc,2026-09-07T03:45:00Z,2026-09-07T05:45:00+0200,739.5,MW,DK1,DK_1,forecast_offshore_wind_generation,Wind Offshore,2026-09-14T01:01:22Z
2026-09-14T00:59:01Z,2026-09-14T02:59:01+0200,5bd299e4-c9b8-415b-91e4-c2d3175f74bc,2026-09-07T04:00:00Z,2026-09-07T06:00:00+0200,744.0,MW,DK1,DK_1,forecast_offshore_wind_generation,Wind Offshore,2026-09-14T01:01:22Z
2026-09-14T00:59:01Z,2026-09-14T02:59:01+0200,5bd299e4-c9b8-415b-91e4-c2d3175f74bc,2026-09-07T04:15:00Z,2026-09-07T06:15:00+0200,748.333333,MW,DK1,DK_1,forecast_offshore_wind_generation,Wind Offshore,2026-09-14T01:01:22Z
2026-09-14T00:59:01Z,2026-09-14T02:59:01+0200,5bd299e4-c9b8-415b-91e4-c2d3175f74bc,2026-09-07T04:30:00Z,2026-09-07T06:30:00+0200,752.333333,MW,DK1,DK_1,forecast_offshore_wind_generation,Wind Offshore,2026-09-14T01:01:22Z
2026-09-14T00:59:01Z,2026-09-14T02:59:01+0200,5bd299e4-c9b8-415b-91e4-c2d3175f74bc,2026-09-07T04:45:00Z,2026-09-07T06:45:00+0200,755.333333,MW,DK1,DK_1,forecast_offshore_wind_generation,Wind Offshore,2026-09-14T01:01:22Z
2026-09-14T00:59:01Z,2026-09-14T02:59:01+0200,5bd299e4-c9b8-415b-91e4-c2d3175f74bc,2026-09-07T05:00:00Z,2026-09-07T07:00:00+0200,757.0,MW,DK1,DK_1,forecast_offshore_wind_generation,Wind Offshore,2026-09-14T01:01:22Z
2026-09-14T00:59:01Z,2026-09-14T02:59:01+0200,5bd299e4-c9b8-415b-91e4-c2d3175f74bc,2026-09-07T05:15:00Z,2026-09-07T07:15:00+0200,758.5,MW,DK1,DK_1,forecast_offshore_wind_generation,Wind Offshore,2026-09-14T01:01:22Z
2026-09-14T00:59:01Z,2026-09-14T02:59:01+0200,5bd299e4-c9b8-415b-91e4-c2d3175f74bc,2026-09-07T05:30:00Z,2026-09-07T07:30:00+0200,758.0,MW,DK1,DK_1,forecast_offshore_wind_generation,Wind Offshore,2026-09-14T01:01:22Z
2026-09-14T00:59:01Z,2026-09-14T02:59:01+0200,5bd299e4-c9b8-415b-91e4-c2d3175f74bc,2026-09-07T05:45:00Z,2026-09-07T07:45:00+0200,755.5,MW,DK1,DK_1,forecast_offshore_wind_generation,Wind Offshore,2026-09-14T01:01:22Z
2026-09-14T00:59:01Z,2026-09-14T02:59:01+0200,5bd299e4-c9b8-415b-91e4-c2d3175f74bc,2026-09-07T06:00:00Z,2026-09-07T08:00:00+0200,751.5,MW,DK1,DK_1,forecast_offshore_wind_generation,Wind Offshore,2026-09-14T01:01:22Z
2026-09-14T00:59:01Z,2026-09-14T02:59:01+0200,5bd299e4-c9b8-415b-91e4-c2d3175f74bc,2026-09-07T06:15:00Z,2026-09-07T08:15:00+0200,746.0,MW,DK1,DK_1,forecast_offshore_wind_generation,Wind Offshore,2026-09-14T01:01:22Z
2026-09-14T00:59:01Z,2026-09-14T02:59:01+0200,5bd299e4-c9b8-415b-91e4-c2d3175f74bc,2026-09-07T06:30:00Z,2026-09-07T08:30:00+0200,740.5,MW,DK1,DK_1,forecast_offshore_wind_generation,Wind Offshore,2026-09-14T01:01:22Z
2026-09-14T00:59:01Z,2026-09-14T02:59:01+0200,5bd299e4-c9b8-415b-91e4-c2d3175f74bc,2026-09-07T06:45:00Z,2026-09-07T08:45:00+0200,737.166666,MW,DK1,DK_1,forecast_offshore_wind_generation,Wind Offshore,2026-09-14T01:01:22Z
2026-09-14T00:59:01Z,2026-09-14T02:59:01+0200,5bd299e4-c9b8-415b-91e4-c2d3175f74bc,2026-09-07T07:00:00Z,2026-09-07T09:00:00+0200,737.833333,MW,DK1,DK_1,forecast_offshore_wind_generation,Wind Offshore,2026-09-14T01:01:22Z
2026-09-14T00:59:01Z,2026-09-14T02:59:01+0200,5bd299e4-c9b8-415b-91e4-c2d3175f74bc,2026-09-07T07:15:00Z,2026-09-07T09:15:00+0200,742.166666,MW,DK1,DK_1,forecast_offshore_wind_generation,Wind Offshore,2026-09-14T01:01:22Z
2026-09-14T00:59:01Z,2026-09-14T02:59:01+0200,5bd299e4-c9b8-415b-91e4-c2d3175f74bc,2026-09-07T07:30:00Z,2026-09-07T09:30:00+0200,748.0,MW,DK1,DK_1,forecast_offshore_wind_generation,Wind Offshore,2026-09-14T01:01:22Z
2026-09-14T00:59:01Z,2026-09-14T02:59:01+0200,5bd299e4-c9b8-415b-91e4-c2d3175f74bc,2026-09-07T07:45:00Z,2026-09-07T09:45:00+0200,752.833333,MW,DK1,DK_1,forecast_offshore_wind_generation,Wind Offshore,2026-09-14T01:01:22Z
2026-09-14T00:59:01Z,2026-09-14T02:59:01+0200,5bd299e4-c9b8-415b-91e4-c2d3175f74bc,2026-09-07T08:00:00Z,2026-09-07T10:00:00+0200,753.833333,MW,DK1,DK_1,forecast_offshore_wind_generation,Wind Offshore,2026-09-14T01:01:22Z
2026-09-14T00:59:01Z,2026-09-14T02:59:01+0200,5bd299e4-c9b8-415b-91e4-c2d3175f74bc,2026-09-07T08:15:00Z,2026-09-07T10:15:00+0200,751.0,MW,DK1,DK_1,forecast_offshore_wind_generation,Wind Offshore,2026-09-14T01:01:22Z
2026-09-14T00:59:01Z,2026-09-14T02:59:01+0200,5bd299e4-c9b8-415b-91e4-c2d3175f74bc,2026-09-07T08:30:00Z,2026-09-07T10:30:00+0200,745.5,MW,DK1,DK_1,forecast_offshore_wind_generation,Wind Offshore,2026-09-14T01:01:22Z
2026-09-14T00:59:01Z,2026-09-14T02:59:01+0200,5bd299e4-c9b8-415b-91e4-c2d3175f74bc,2026-09-07T08:45:00Z,2026-09-07T10:45:00+0200,739.5,MW,DK1,DK_1,forecast_offshore_wind_generation,Wind Offshore,2026-09-14T01:01:22Z
2026-09-14T00:59:01Z,2026-09-14T02:59:01+0200,5bd299e4-c9b8-415b-91e4-c2d3175f74bc,2026-09-07T09:00:00Z,2026-09-07T11:00:00+0200,734.0,MW,DK1,DK_1,forecast_offshore_wind_generation,Wind Offshore,2026-09-14T01:01:22Z
2026-09-14T00:59:01Z,2026-09-14T02:59:01+0200,5bd299e4-c9b8-415b-91e4-c2d3175f74bc,2026-09-07T09:15:00Z,2026-09-07T11:15:00+0200,727.5,MW,DK1,DK_1,forecast_offshore_wind_generation,Wind Offshore,2026-09-14T01:01:22Z
2026-09-14T00:59:01Z,2026-09-14T02:59:01+0200,5bd299e4-c9b8-415b-91e4-c2d3175f74bc,2026-09-07T09:30:00Z,2026-09-07T11:30:00+0200,720.333333,MW,DK1,DK_1,forecast_offshore_wind_generation,Wind Offshore,2026-09-14T01:01:22Z
2026-09-14T00:59:01Z,2026-09-14T02:59:01+0200,5bd299e4-c9b8-415b-91e4-c2d3175f74bc,2026-09-07T09:45:00Z,2026-09-07T11:45:00+0200,715.833333,MW,DK1,DK_1,forecast_offshore_wind_generation,Wind Offshore,2026-09-14T01:01:22Z
2026-09-14T00:59:01Z,2026-09-14T02:59:01+0200,5bd299e4-c9b8-415b-91e4-c2d3175f74bc,2026-09-07T10:00:00Z,2026-09-07T12:00:00+0200,715.0,MW,DK1,DK_1,forecast_offshore_wind_generation,Wind Offshore,2026-09-14T01:01:22Z
2026-09-14T00:59:01Z,2026-09-14T02:59:01+0200,5bd299e4-c9b8-415b-91e4-c2d3175f74bc,2026-09-07T10:15:00Z,2026-09-07T12:15:00+0200,715.5,MW,DK1,DK_1,forecast_offshore_wind_generation,Wind Offshore,2026-09-14T01:01:22Z
2026-09-14T00:59:01Z,2026-09-14T02:59:01+0200,5bd299e4-c9b8-415b-91e4-c2d3175f74bc,2026-09-07T10:30:00Z,2026-09-07T12:30:00+0200,717.5,MW,DK1,DK_1,forecast_offshore_wind_generation,Wind Offshore,2026-09-14T01:01:22Z
2026-09-14T00:59:01Z,2026-09-14T02:59:01+0200,5bd299e4-c9b8-415b-91e4-c2d3175f74bc,2026-09-07T10:45:00Z,2026-09-07T12:45:00+0200,721.333333,MW,DK1,DK_1,forecast_offshore_wind_generation,Wind Offshore,2026-09-14T01:01:22Z
2026-09-14T00:59:01Z,2026-09-14T02:59:01+0200,5bd299e4-c9b8-415b-91e4-c2d3175f74bc,2026-09-07T11:00:00Z,2026-09-07T13:00:00+0200,726.833333,MW,DK1,DK_1,forecast_offshore_wind_generation,Wind Offshore,2026-09-14T01:01:22Z
2026-09-14T00:59:01Z,2026-09-14T02:59:01+0200,5bd299e4-c9b8-415b-91e4-c2d3175f74bc,2026-09-07T11:15:00Z,2026-09-07T13:15:00+0200,738.666666,MW,DK1,DK_1,forecast_offshore_wind_generation,Wind Offshore,2026-09-14T01:01:22Z
2026-09-14T00:59:01Z,2026-09-14T02:59:01+0200,5bd299e4-c9b8-415b-91e4-c2d3175f74bc,2026-09-07T11:30:00Z,2026-09-07T13:30:00+0200,752.333333,MW,DK1,DK_1,forecast_offshore_wind_generation,Wind Offshore,2026-09-14T01:01:22Z
2026-09-14T00:59:01Z,2026-09-14T02:59:01+0200,5bd299e4-c9b8-415b-91e4-c2d3175f74bc,2026-09-07T11:45:00Z,2026-09-07T13:45:00+0200,760.666666,MW,DK1,DK_1,forecast_offshore_wind_generation,Wind Offshore,2026-09-14T01:01:22Z
2026-09-14T00:59:01Z,2026-09-14T02:59:01+0200,5bd299e4-c9b8-415b-91e4-c2d3175f74bc,2026-09-07T12:00:00Z,2026-09-07T14:00:00+0200,760.666666,MW,DK1,DK_1,forecast_offshore_wind_generation,Wind Offshore,2026-09-14T01:01:22Z
2026-09-14T00:59:01Z,2026-09-14T02:59:01+0200,5bd299e4-c9b8-415b-91e4-c2d3175f74bc,2026-09-07T12:15:00Z,2026-09-07T14:15:00+0200,751.833333,MW,DK1,DK_1,forecast_offshore_wind_generation,Wind Offshore,2026-09-14T01:01:22Z
2026-09-14T00:59:01Z,2026-09-14T02:59:01+0200,5bd299e4-c9b8-415b-91e4-c2d3175f74bc,2026-09-07T12:30:00Z,2026-09-07T14:30:00+0200,738.333333,MW,DK1,DK_1,forecast_offshore_wind_generation,Wind Offshore,2026-09-14T01:01:22Z
2026-09-14T00:59:01Z,2026-09-14T02:59:01+0200,5bd299e4-c9b8-415b-91e4-c2d3175f74bc,2026-09-07T12:45:00Z,2026-09-07T14:45:00+0200,725.166666,MW,DK1,DK_1,forecast_offshore_wind_generation,Wind Offshore,2026-09-14T01:01:22Z
2026-09-14T00:59:01Z,2026-09-14T02:59:01+0200,5bd299e4-c9b8-415b-91e4-c2d3175f74bc,2026-09-07T13:00:00Z,2026-09-07T15:00:00+0200,715.333333,MW,DK1,DK_1,forecast_offshore_wind_generation,Wind Offshore,2026-09-14T01:01:22Z
2026-09-14T00:59:01Z,2026-09-14T02:59:01+0200,5bd299e4-c9b8-415b-91e4-c2d3175f74bc,2026-09-07T13:15:00Z,2026-09-07T15:15:00+0200,704.833333,MW,DK1,DK_1,forecast_offshore_wind_generation,Wind Offshore,2026-09-14T01:01:22Z
2026-09-14T00:59:01Z,2026-09-14T02:59:01+0200,5bd299e4-c9b8-415b-91e4-c2d3175f74bc,2026-09-07T13:30:00Z,2026-09-07T15:30:00+0200,693.166666,MW,DK1,DK_1,forecast_offshore_wind_generation,Wind Offshore,2026-09-14T01:01:22Z
2026-09-14T00:59:01Z,2026-09-14T02:59:01+0200,5bd299e4-c9b8-415b-91e4-c2d3175f74bc,2026-09-07T13:45:00Z,2026-09-07T15:45:00+0200,684.166666,MW,DK1,DK_1,forecast_offshore_wind_generation,Wind Offshore,2026-09-14T01:01:22Z
2026-09-14T00:59:01Z,2026-09-14T02:59:01+0200,5bd299e4-c9b8-415b-91e4-c2d3175f74bc,2026-09-07T14:00:00Z,2026-09-07T16:00:00+0200,679.5,MW,DK1,DK_1,forecast_offshore_wind_generation,Wind Offshore,2026-09-14T01:01:22Z
2026-09-14T00:59:01Z,2026-09-14T02:59:01+0200,5bd299e4-c9b8-415b-91e4-c2d3175f74bc,2026-09-07T14:15:00Z,2026-09-07T16:15:00+0200,677.0,MW,DK1,DK_1,forecast_offshore_wind_generation,Wind Offshore,2026-09-14T01:01:22Z
2026-09-14T00:59:01Z,2026-09-14T02:59:01+0200,5bd299e4-c9b8-415b-91e4-c2d3175f74bc,2026-09-07T14:30:00Z,2026-09-07T16:30:00+0200,675.0,MW,DK1,DK_1,forecast_offshore_wind_generation,Wind Offshore,2026-09-14T01:01:22Z
2026-09-14T00:59:01Z,2026-09-14T02:59:01+0200,5bd299e4-c9b8-415b-91e4-c2d3175f74bc,2026-09-07T14:45:00Z,2026-09-07T16:45:00+0200,672.5,MW,DK1,DK_1,forecast_offshore_wind_generation,Wind Offshore,2026-09-14T01:01:22Z
2026-09-14T00:59:01Z,2026-09-14T02:59:01+0200,5bd299e4-c9b8-415b-91e4-c2d3175f74bc,2026-09-07T15:00:00Z,2026-09-07T17:00:00+0200,668.666666,MW,DK1,DK_1,forecast_offshore_wind_generation,Wind Offshore,2026-09-14T01:01:22Z
2026-09-14T00:59:01Z,2026-09-14T02:59:01+0200,5bd299e4-c9b8-415b-91e4-c2d3175f74bc,2026-09-07T15:15:00Z,2026-09-07T17:15:00+0200,664.0,MW,DK1,DK_1,forecast_offshore_wind_generation,Wind Offshore,2026-09-14T01:01:22Z
2026-09-14T00:59:01Z,2026-09-14T02:59:01+0200,5bd299e4-c9b8-415b-91e4-c2d3175f74bc,2026-09-07T15:30:00Z,2026-09-07T17:30:00+0200,658.0,MW,DK1,DK_1,forecast_offshore_wind_generation,Wind Offshore,2026-09-14T01:01:22Z
2026-09-14T00:59:01Z,2026-09-14T02:59:01+0200,5bd299e4-c9b8-415b-91e4-c2d3175f74bc,2026-09-07T15:45:00Z,2026-09-07T17:45:00+0200,651.0,MW,DK1,DK_1,forecast_offshore_wind_generation,Wind Offshore,2026-09-14T01:01:22Z
2026-09-14T00:59:01Z,2026-09-14T02:59:01+0200,5bd299e4-c9b8-415b-91e4-c2d3175f74bc,2026-09-07T16:00:00Z,2026-09-07T18:00:00+0200,642.166666,MW,DK1,DK_1,forecast_offshore_wind_generation,Wind Offshore,2026-09-14T01:01:22Z
2026-09-14T00:59:01Z,2026-09-14T02:59:01+0200,5bd299e4-c9b8-415b-91e4-c2d3175f74bc,2026-09-07T16:15:00Z,2026-09-07T18:15:00+0200,629.5,MW,DK1,DK_1,forecast_offshore_wind_generation,Wind Offshore,2026-09-14T01:01:22Z
2026-09-14T00:59:01Z,2026-09-14T02:59:01+0200,5bd299e4-c9b8-415b-91e4-c2d3175f74bc,2026-09-07T16:30:00Z,2026-09-07T18:30:00+0200,616.666666,MW,DK1,DK_1,forecast_offshore_wind_generation,Wind Offshore,2026-09-14T01:01:22Z
2026-09-14T00:59:01Z,2026-09-14T02:59:01+0200,5bd299e4-c9b8-415b-91e4-c2d3175f74bc,2026-09-07T16:45:00Z,2026-09-07T18:45:00+0200,605.666666,MW,DK1,DK_1,forecast_offshore_wind_generation,Wind Offshore,2026-09-14T01:01:22Z
2026-09-14T00:59:01Z,2026-09-14T02:59:01+0200,5bd299e4-c9b8-415b-91e4-c2d3175f74bc,2026-09-07T17:00:00Z,2026-09-07T19:00:00+0200,598.0,MW,DK1,DK_1,forecast_offshore_wind_generation,Wind Offshore,2026-09-14T01:01:22Z
2026-09-14T00:59:01Z,2026-09-14T02:59:01+0200,5bd299e4-c9b8-415b-91e4-c2d3175f74bc,2026-09-07T17:15:00Z,2026-09-07T19:15:00+0200,592.666666,MW,DK1,DK_1,forecast_offshore_wind_generation,Wind Offshore,2026-09-14T01:01:22Z
2026-09-14T00:59:01Z,2026-09-14T02:59:01+0200,5bd299e4-c9b8-415b-91e4-c2d3175f74bc,2026-09-07T17:30:00Z,2026-09-07T19:30:00+0200,589.5,MW,DK1,DK_1,forecast_offshore_wind_generation,Wind Offshore,2026-09-14T01:01:22Z
2026-09-14T00:59:01Z,2026-09-14T02:59:01+0200,5bd299e4-c9b8-415b-91e4-c2d3175f74bc,2026-09-07T17:45:00Z,2026-09-07T19:45:00+0200,587.0,MW,DK1,DK_1,forecast_offshore_wind_generation,Wind Offshore,2026-09-14T01:01:22Z
2026-09-14T00:59:01Z,2026-09-14T02:59:01+0200,5bd299e4-c9b8-415b-91e4-c2d3175f74bc,2026-09-07T18:00:00Z,2026-09-07T20:00:00+0200,583.0,MW,DK1,DK_1,forecast_offshore_wind_generation,Wind Offshore,2026-09-14T01:01:22Z
2026-09-14T00:59:01Z,2026-09-14T02:59:01+0200,5bd299e4-c9b8-415b-91e4-c2d3175f74bc,2026-09-07T18:15:00Z,2026-09-07T20:15:00+0200,574.833333,MW,DK1,DK_1,forecast_offshore_wind_generation,Wind Offshore,2026-09-14T01:01:22Z
2026-09-14T00:59:01Z,2026-09-14T02:59:01+0200,5bd299e4-c9b8-415b-91e4-c2d3175f74bc,2026-09-07T18:30:00Z,2026-09-07T20:30:00+0200,563.0,MW,DK1,DK_1,forecast_offshore_wind_generation,Wind Offshore,2026-09-14T01:01:22Z
2026-09-14T00:59:01Z,2026-09-14T02:59:01+0200,5bd299e4-c9b8-415b-91e4-c2d3175f74bc,2026-09-07T18:45:00Z,2026-09-07T20:45:00+0200,552.166666,MW,DK1,DK_1,forecast_offshore_wind_generation,Wind Offshore,2026-09-14T01:01:22Z
2026-09-14T00:59:01Z,2026-09-14T02:59:01+0200,5bd299e4-c9b8-415b-91e4-c2d3175f74bc,2026-09-07T19:00:00Z,2026-09-07T21:00:00+0200,545.166666,MW,DK1,DK_1,forecast_offshore_wind_generation,Wind Offshore,2026-09-14T01:01:22Z
2026-09-14T00:59:01Z,2026-09-14T02:59:01+0200,5bd299e4-c9b8-415b-91e4-c2d3175f74bc,2026-09-07T19:15:00Z,2026-09-07T21:15:00+0200,542.166666,MW,DK1,DK_1,forecast_offshore_wind_generation,Wind Offshore,2026-09-14T01:01:22Z
2026-09-14T00:59:01Z,2026-09-14T02:59:01+0200,5bd299e4-c9b8-415b-91e4-c2d3175f74bc,2026-09-07T19:30:00Z,2026-09-07T21:30:00+0200,541.833333,MW,DK1,DK_1,forecast_offshore_wind_generation,Wind Offshore,2026-09-14T01:01:22Z
2026-09-14T00:59:01Z,2026-09-14T02:59:01+0200,5bd299e4-c9b8-415b-91e4-c2d3175f74bc,2026-09-07T19:45:00Z,2026-09-07T21:45:00+0200,540.333333,MW,DK1,DK_1,forecast_offshore_wind_generation,Wind Offshore,2026-09-14T01:01:22Z
2026-09-14T00:59:01Z,2026-09-14T02:59:01+0200,5bd299e4-c9b8-415b-91e4-c2d3175f74bc,2026-09-07T20:00:00Z,2026-09-07T22:00:00+0200,536.5,MW,DK1,DK_1,forecast_offshore_wind_generation,Wind Offshore,2026-09-14T01:01:22Z
2026-09-14T00:59:01Z,2026-09-14T02:59:01+0200,5bd299e4-c9b8-415b-91e4-c2d3175f74bc,2026-09-07T20:15:00Z,2026-09-07T22:15:00+0200,530.833333,MW,DK1,DK_1,forecast_offshore_wind_generation,Wind Offshore,2026-09-14T01:01:22Z
2026-09-14T00:59:01Z,2026-09-14T02:59:01+0200,5bd299e4-c9b8-415b-91e4-c2d3175f74bc,2026-09-07T20:30:00Z,2026-09-07T22:30:00+0200,523.833333,MW,DK1,DK_1,forecast_offshore_wind_generation,Wind Offshore,2026-09-14T01:01:22Z
2026-09-14T00:59:01Z,2026-09-14T02:59:01+0200,5bd299e4-c9b8-415b-91e4-c2d3175f74bc,2026-09-07T20:45:00Z,2026-09-07T22:45:00+0200,517.0,MW,DK1,DK_1,forecast_offshore_wind_generation,Wind Offshore,2026-09-14T01:01:22Z
2026-09-14T00:59:01Z,2026-09-14T02:59:01+0200,5bd299e4-c9b8-415b-91e4-c2d3175f74bc,2026-09-07T21:00:00Z,2026-09-07T23:00:00+0200,511.0,MW,DK1,DK_1,forecast_offshore_wind_generation,Wind Offshore,2026-09-14T01:01:22Z
2026-09-14T00:59:01Z,2026-09-14T02:59:01+0200,5bd299e4-c9b8-415b-91e4-c2d3175f74bc,2026-09-07T21:15:00Z,2026-09-07T23:15:00+0200,505.0,MW,DK1,DK_1,forecast_offshore_wind_generation,Wind Offshore,2026-09-14T01:01:22Z
2026-09-14T00:59:01Z,2026-09-14T02:59:01+0200,5bd299e4-c9b8-415b-91e4-c2d3175f74bc,2026-09-07T21:30:00Z,2026-09-07T23:30:00+0200,499.166666,MW,DK1,DK_1,forecast_offshore_wind_generation,Wind Offshore,2026-09-14T01:01:22Z
2026-09-14T00:59:01Z,2026-09-14T02:59:01+0200,5bd299e4-c9b8-415b-91e4-c2d3175f74bc,2026-09-07T21:45:00Z,2026-09-07T23:45:00+0200,494.0,MW,DK1,DK_1,forecast_offshore_wind_generation,Wind Offshore,2026-09-14T01:01:22Z
2026-09-14T00:59:01Z,2026-09-14T02:59:01+0200,5bd299e4-c9b8-415b-91e4-c2d3175f74bc,2026-09-07T22:00:00Z,2026-09-08T00:00:00+0200,482.166666,MW,DK1,DK_1,forecast_offshore_wind_generation,Wind Offshore,2026-09-14T01:01:22Z
2026-09-14T00:59:01Z,2026-09-14T02:59:01+0200,5bd299e4-c9b8-415b-91e4-c2d3175f74bc,2026-09-07T22:15:00Z,2026-09-08T00:15:00+0200,483.166666,MW,DK1,DK_1,forecast_offshore_wind_generation,Wind Offshore,2026-09-14T01:01:22Z
2026-09-14T00:59:01Z,2026-09-14T02:59:01+0200,5bd299e4-c9b8-415b-91e4-c2d3175f74bc,2026-09-07T22:30:00Z,2026-09-08T00:30:00+0200,486.333333,MW,DK1,DK_1,forecast_offshore_wind_generation,Wind Offshore,2026-09-14T01:01:22Z
2026-09-14T00:59:01Z,2026-09-14T02:59:01+0200,5bd299e4-c9b8-415b-91e4-c2d3175f74bc,2026-09-07T22:45:00Z,2026-09-08T00:45:00+0200,487.5,MW,DK1,DK_1,forecast_offshore_wind_generation,Wind Offshore,2026-09-14T01:01:22Z
2026-09-14T00:59:01Z,2026-09-14T02:59:01+0200,5bd299e4-c9b8-415b-91e4-c2d3175f74bc,2026-09-07T23:00:00Z,2026-09-08T01:00:00+0200,482.666666,MW,DK1,DK_1,forecast_offshore_wind_generation,Wind Offshore,2026-09-14T01:01:22Z
2026-09-14T00:59:01Z,2026-09-14T02:59:01+0200,5bd299e4-c9b8-415b-91e4-c2d3175f74bc,2026-09-07T23:15:00Z,2026-09-08T01:15:00+0200,471.833333,MW,DK1,DK_1,forecast_offshore_wind_generation,Wind Offshore,2026-09-14T01:01:22Z
2026-09-14T00:59:01Z,2026-09-14T02:59:01+0200,5bd299e4-c9b8-415b-91e4-c2d3175f74bc,2026-09-07T23:30:00Z,2026-09-08T01:30:00+0200,457.166666,MW,DK1,DK_1,forecast_offshore_wind_generation,Wind Offshore,2026-09-14T01:01:22Z
2026-09-14T00:59:01Z,2026-09-14T02:59:01+0200,5bd299e4-c9b8-415b-91e4-c2d3175f74bc,2026-09-07T23:45:00Z,2026-09-08T01:45:00+0200,443.833333,MW,DK1,DK_1,forecast_offshore_wind_generation,Wind Offshore,2026-09-14T01:01:22Z
2026-09-14T00:59:01Z,2026-09-14T02:59:01+0200,5bd299e4-c9b8-415b-91e4-c2d3175f74bc,2026-09-08T00:00:00Z,2026-09-08T02:00:00+0200,435.5,MW,DK1,DK_1,forecast_offshore_wind_generation,Wind Offshore,2026-09-14T01:01:22Z
2026-09-14T00:59:01Z,2026-09-14T02:59:01+0200,5bd299e4-c9b8-415b-91e4-c2d3175f74bc,2026-09-08T00:15:00Z,2026-09-08T02:15:00+0200,428.166666,MW,DK1,DK_1,forecast_offshore_wind_generation,Wind Offshore,2026-09-14T01:01:22Z
2026-09-14T00:59:01Z,2026-09-14T02:59:01+0200,5bd299e4-c9b8-415b-91e4-c2d3175f74bc,2026-09-08T00:30:00Z,2026-09-08T02:30:00+0200,421.166666,MW,DK1,DK_1,forecast_offshore_wind_generation,Wind Offshore,2026-09-14T01:01:22Z
2026-09-14T00:59:01Z,2026-09-14T02:59:01+0200,5bd299e4-c9b8-415b-91e4-c2d3175f74bc,2026-09-08T00:45:00Z,2026-09-08T02:45:00+0200,416.5,MW,DK1,DK_1,forecast_offshore_wind_generation,Wind Offshore,2026-09-14T01:01:22Z
2026-09-14T00:59:01Z,2026-09-14T02:59:01+0200,5bd299e4-c9b8-415b-91e4-c2d3175f74bc,2026-09-08T01:00:00Z,2026-09-08T03:00:00+0200,417.5,MW,DK1,DK_1,forecast_offshore_wind_generation,Wind Offshore,2026-09-14T01:01:22Z
2026-09-14T00:59:01Z,2026-09-14T02:59:01+0200,5bd299e4-c9b8-415b-91e4-c2d3175f74bc,2026-09-08T01:15:00Z,2026-09-08T03:15:00+0200,430.166666,MW,DK1,DK_1,forecast_offshore_wind_generation,Wind Offshore,2026-09-14T01:01:22Z
2026-09-14T00:59:01Z,2026-09-14T02:59:01+0200,5bd299e4-c9b8-415b-91e4-c2d3175f74bc,2026-09-08T01:30:00Z,2026-09-08T03:30:00+0200,449.5,MW,DK1,DK_1,forecast_offshore_wind_generation,Wind Offshore,2026-09-14T01:01:22Z
2026-09-14T00:59:01Z,2026-09-14T02:59:01+0200,5bd299e4-c9b8-415b-91e4-c2d3175f74bc,2026-09-08T01:45:00Z,2026-09-08T03:45:00+0200,468.0,MW,DK1,DK_1,forecast_offshore_wind_generation,Wind Offshore,2026-09-14T01:01:22Z
2026-09-14T00:59:01Z,2026-09-14T02:59:01+0200,5bd299e4-c9b8-415b-91e4-c2d3175f74bc,2026-09-08T02:00:00Z,2026-09-08T04:00:00+0200,476.833333,MW,DK1,DK_1,forecast_offshore_wind_generation,Wind Offshore,2026-09-14T01:01:22Z
2026-09-14T00:59:01Z,2026-09-14T02:59:01+0200,5bd299e4-c9b8-415b-91e4-c2d3175f74bc,2026-09-08T02:15:00Z,2026-09-08T04:15:00+0200,481.166666,MW,DK1,DK_1,forecast_offshore_wind_generation,Wind Offshore,2026-09-14T01:01:22Z
2026-09-14T00:59:01Z,2026-09-14T02:59:01+0200,5bd299e4-c9b8-415b-91e4-c2d3175f74bc,2026-09-08T02:30:00Z,2026-09-08T04:30:00+0200,482.666666,MW,DK1,DK_1,forecast_offshore_wind_generation,Wind Offshore,2026-09-14T01:01:22Z
2026-09-14T00:59:01Z,2026-09-14T02:59:01+0200,5bd299e4-c9b8-415b-91e4-c2d3175f74bc,2026-09-08T02:45:00Z,2026-09-08T04:45:00+0200,484.5,MW,DK1,DK_1,forecast_offshore_wind_generation,Wind Offshore,2026-09-14T01:01:22Z
2026-09-14T00:59:01Z,2026-09-14T02:59:01+0200,5bd299e4-c9b8-415b-91e4-c2d3175f74bc,2026-09-08T03:00:00Z,2026-09-08T05:00:00+0200,485.5,MW,DK1,DK_1,forecast_offshore_wind_generation,Wind Offshore,2026-09-14T01:01:22Z
2026-09-14T00:59:01Z,2026-09-14T02:59:01+0200,5bd299e4-c9b8-415b-91e4-c2d3175f74bc,2026-09-08T03:15:00Z,2026-09-08T05:15:00+0200,485.833333,MW,DK1,DK_1,forecast_offshore_wind_generation,Wind Offshore,2026-09-14T01:01:22Z
2026-09-14T00:59:01Z,2026-09-14T02:59:01+0200,5bd299e4-c9b8-415b-91e4-c2d3175f74bc,2026-09-08T03:30:00Z,2026-09-08T05:30:00+0200,484.333333,MW,DK1,DK_1,forecast_offshore_wind_generation,Wind Offshore,2026-09-14T01:01:22Z
2026-09-14T00:59:01Z,2026-09-14T02:59:01+0200,5bd299e4-c9b8-415b-91e4-c2d3175f74bc,2026-09-08T03:45:00Z,2026-09-08T05:45:00+0200,480.0,MW,DK1,DK_1,forecast_offshore_wind_generation,Wind Offshore,2026-09-14T01:01:22Z
2026-09-14T00:59:01Z,2026-09-14T02:59:01+0200,5bd299e4-c9b8-415b-91e4-c2d3175f74bc,2026-09-08T04:00:00Z,2026-09-08T06:00:00+0200,472.333333,MW,DK1,DK_1,forecast_offshore_wind_generation,Wind Offshore,2026-09-14T01:01:22Z
2026-09-14T00:59:01Z,2026-09-14T02:59:01+0200,5bd299e4-c9b8-415b-91e4-c2d3175f74bc,2026-09-08T04:15:00Z,2026-09-08T06:15:00+0200,461.833333,MW,DK1,DK_1,forecast_offshore_wind_generation,Wind Offshore,2026-09-14T01:01:22Z
2026-09-14T00:59:01Z,2026-09-14T02:59:01+0200,5bd299e4-c9b8-415b-91e4-c2d3175f74bc,2026-09-08T04:30:00Z,2026-09-08T06:30:00+0200,450.833333,MW,DK1,DK_1,forecast_offshore_wind_generation,Wind Offshore,2026-09-14T01:01:22Z
2026-09-14T00:59:01Z,2026-09-14T02:59:01+0200,5bd299e4-c9b8-415b-91e4-c2d3175f74bc,2026-09-08T04:45:00Z,2026-09-08T06:45:00+0200,439.833333,MW,DK1,DK_1,forecast_offshore_wind_generation,Wind Offshore,2026-09-14T01:01:22Z
2026-09-14T00:59:01Z,2026-09-14T02:59:01+0200,5bd299e4-c9b8-415b-91e4-c2d3175f74bc,2026-09-08T05:00:00Z,2026-09-08T07:00:00+0200,434.166666,MW,DK1,DK_1,forecast_offshore_wind_generation,Wind Offshore,2026-09-14T01:01:22Z
2026-09-14T00:59:01Z,2026-09-14T02:59:01+0200,5bd299e4-c9b8-415b-91e4-c2d3175f74bc,2026-09-08T05:15:00Z,2026-09-08T07:15:00+0200,433.5,MW,DK1,DK_1,forecast_offshore_wind_generation,Wind Offshore,2026-09-14T01:01:22Z
2026-09-14T00:59:01Z,2026-09-14T02:59:01+0200,5bd299e4-c9b8-415b-91e4-c2d3175f74bc,2026-09-08T05:30:00Z,2026-09-08T07:30:00+0200,435.5,MW,DK1,DK_1,forecast_offshore_wind_generation,Wind Offshore,2026-09-14T01:01:22Z
2026-09-14T00:59:01Z,2026-09-14T02:59:01+0200,5bd299e4-c9b8-415b-91e4-c2d3175f74bc,2026-09-08T05:45:00Z,2026-09-08T07:45:00+0200,438.5,MW,DK1,DK_1,forecast_offshore_wind_generation,Wind Offshore,2026-09-14T01:01:22Z
2026-09-14T00:59:01Z,2026-09-14T02:59:01+0200,5bd299e4-c9b8-415b-91e4-c2d3175f74bc,2026-09-08T06:00:00Z,2026-09-08T08:00:00+0200,442.166666,MW,DK1,DK_1,forecast_offshore_wind_generation,Wind Offshore,2026-09-14T01:01:22Z
2026-09-14T00:59:01Z,2026-09-14T02:59:01+0200,5bd299e4-c9b8-415b-91e4-c2d3175f74bc,2026-09-08T06:15:00Z,2026-09-08T08:15:00+0200,448.666666,MW,DK1,DK_1,forecast_offshore_wind_generation,Wind Offshore,2026-09-14T01:01:22Z
2026-09-14T00:59:01Z,2026-09-14T02:59:01+0200,5bd299e4-c9b8-415b-91e4-c2d3175f74bc,2026-09-08T06:30:00Z,2026-09-08T08:30:00+0200,457.666666,MW,DK1,DK_1,forecast_offshore_wind_generation,Wind Offshore,2026-09-14T01:01:22Z
2026-09-14T00:59:01Z,2026-09-14T02:59:01+0200,5bd299e4-c9b8-415b-91e4-c2d3175f74bc,2026-09-08T06:45:00Z,2026-09-08T08:45:00+0200,470.5,MW,DK1,DK_1,forecast_offshore_wind_generation,Wind Offshore,2026-09-14T01:01:22Z
2026-09-14T00:59:01Z,2026-09-14T02:59:01+0200,5bd299e4-c9b8-415b-91e4-c2d3175f74bc,2026-09-08T07:00:00Z,2026-09-08T09:00:00+0200,490.166666,MW,DK1,DK_1,forecast_offshore_wind_generation,Wind Offshore,2026-09-14T01:01:22Z
2026-09-14T00:59:01Z,2026-09-14T02:59:01+0200,5bd299e4-c9b8-415b-91e4-c2d3175f74bc,2026-09-08T07:15:00Z,2026-09-08T09:15:00+0200,529.5,MW,DK1,DK_1,forecast_offshore_wind_generation,Wind Offshore,2026-09-14T01:01:22Z
2026-09-14T00:59:01Z,2026-09-14T02:59:01+0200,5bd299e4-c9b8-415b-91e4-c2d3175f74bc,2026-09-08T07:30:00Z,2026-09-08T09:30:00+0200,578.0,MW,DK1,DK_1,forecast_offshore_wind_generation,Wind Offshore,2026-09-14T01:01:22Z
2026-09-14T00:59:01Z,2026-09-14T02:59:01+0200,5bd299e4-c9b8-415b-91e4-c2d3175f74bc,2026-09-08T07:45:00Z,2026-09-08T09:45:00+0200,613.666666,MW,DK1,DK_1,forecast_offshore_wind_generation,Wind Offshore,2026-09-14T01:01:22Z
2026-09-14T00:59:01Z,2026-09-14T02:59:01+0200,5bd299e4-c9b8-415b-91e4-c2d3175f74bc,2026-09-08T08:00:00Z,2026-09-08T10:00:00+0200,638.333333,MW,DK1,DK_1,forecast_offshore_wind_generation,Wind Offshore,2026-09-14T01:01:22Z
2026-09-14T00:59:01Z,2026-09-14T02:59:01+0200,5bd299e4-c9b8-415b-91e4-c2d3175f74bc,2026-09-08T08:15:00Z,2026-09-08T10:15:00+0200,648.833333,MW,DK1,DK_1,forecast_offshore_wind_generation,Wind Offshore,2026-09-14T01:01:22Z
2026-09-14T00:59:01Z,2026-09-14T02:59:01+0200,5bd299e4-c9b8-415b-91e4-c2d3175f74bc,2026-09-08T08:30:00Z,2026-09-08T10:30:00+0200,651.666666,MW,DK1,DK_1,forecast_offshore_wind_generation,Wind Offshore,2026-09-14T01:01:22Z
2026-09-14T00:59:01Z,2026-09-14T02:59:01+0200,5bd299e4-c9b8-415b-91e4-c2d3175f74bc,2026-09-08T08:45:00Z,2026-09-08T10:45:00+0200,662.833333,MW,DK1,DK_1,forecast_offshore_wind_generation,Wind Offshore,2026-09-14T01:01:22Z
2026-09-14T00:59:01Z,2026-09-14T02:59:01+0200,5bd299e4-c9b8-415b-91e4-c2d3175f74bc,2026-09-08T09:00:00Z,2026-09-08T11:00:00+0200,671.0,MW,DK1,DK_1,forecast_offshore_wind_generation,Wind Offshore,2026-09-14T01:01:22Z
2026-09-14T00:59:01Z,2026-09-14T02:59:01+0200,5bd299e4-c9b8-415b-91e4-c2d3175f74bc,2026-09-08T09:15:00Z,2026-09-08T11:15:00+0200,677.0,MW,DK1,DK_1,forecast_offshore_wind_generation,Wind Offshore,2026-09-14T01:01:22Z
2026-09-14T00:59:01Z,2026-09-14T02:59:01+0200,5bd299e4-c9b8-415b-91e4-c2d3175f74bc,2026-09-08T09:30:00Z,2026-09-08T11:30:00+0200,680.5,MW,DK1,DK_1,forecast_offshore_wind_generation,Wind Offshore,2026-09-14T01:01:22Z
2026-09-14T00:59:01Z,2026-09-14T02:59:01+0200,5bd299e4-c9b8-415b-91e4-c2d3175f74bc,2026-09-08T09:45:00Z,2026-09-08T11:45:00+0200,681.666666,MW,DK1,DK_1,forecast_offshore_wind_generation,Wind Offshore,2026-09-14T01:01:22Z
2026-09-14T00:59:01Z,2026-09-14T02:59:01+0200,5bd299e4-c9b8-415b-91e4-c2d3175f74bc,2026-09-08T10:00:00Z,2026-09-08T12:00:00+0200,686.166666,MW,DK1,DK_1,forecast_offshore_wind_generation,Wind Offshore,2026-09-14T01:01:22Z
2026-09-14T00:59:01Z,2026-09-14T02:59:01+0200,5bd299e4-c9b8-415b-91e4-c2d3175f74bc,2026-09-08T10:15:00Z,2026-09-08T12:15:00+0200,696.0,MW,DK1,DK_1,forecast_offshore_wind_generation,Wind Offshore,2026-09-14T01:01:22Z
2026-09-14T00:59:01Z,2026-09-14T02:59:01+0200,5bd299e4-c9b8-415b-91e4-c2d3175f74bc,2026-09-08T10:30:00Z,2026-09-08T12:30:00+0200,713.0,MW,DK1,DK_1,forecast_offshore_wind_generation,Wind Offshore,2026-09-14T01:01:22Z
2026-09-14T00:59:01Z,2026-09-14T02:59:01+0200,5bd299e4-c9b8-415b-91e4-c2d3175f74bc,2026-09-08T10:45:00Z,2026-09-08T12:45:00+0200,729.833333,MW,DK1,DK_1,forecast_offshore_wind_generation,Wind Offshore,2026-09-14T01:01:22Z
2026-09-14T00:59:01Z,2026-09-14T02:59:01+0200,5bd299e4-c9b8-415b-91e4-c2d3175f74bc,2026-09-08T11:00:00Z,2026-09-08T13:00:00+0200,742.833333,MW,DK1,DK_1,forecast_offshore_wind_generation,Wind Offshore,2026-09-14T01:01:22Z
2026-09-14T00:59:01Z,2026-09-14T02:59:01+0200,5bd299e4-c9b8-415b-91e4-c2d3175f74bc,2026-09-08T11:15:00Z,2026-09-08T13:15:00+0200,752.833333,MW,DK1,DK_1,forecast_offshore_wind_generation,Wind Offshore,2026-09-14T01:01:22Z
2026-09-14T00:59:01Z,2026-09-14T02:59:01+0200,5bd299e4-c9b8-415b-91e4-c2d3175f74bc,2026-09-08T11:30:00Z,2026-09-08T13:30:00+0200,760.0,MW,DK1,DK_1,forecast_offshore_wind_generation,Wind Offshore,2026-09-14T01:01:22Z
2026-09-14T00:59:01Z,2026-09-14T02:59:01+0200,5bd299e4-c9b8-415b-91e4-c2d3175f74bc,2026-09-08T11:45:00Z,2026-09-08T13:45:00+0200,765.833333,MW,DK1,DK_1,forecast_offshore_wind_generation,Wind Offshore,2026-09-14T01:01:22Z
2026-09-14T00:59:01Z,2026-09-14T02:59:01+0200,5bd299e4-c9b8-415b-91e4-c2d3175f74bc,2026-09-08T12:00:00Z,2026-09-08T14:00:00+0200,769.5,MW,DK1,DK_1,forecast_offshore_wind_generation,Wind Offshore,2026-09-14T01:01:22Z
2026-09-14T00:59:01Z,2026-09-14T02:59:01+0200,5bd299e4-c9b8-415b-91e4-c2d3175f74bc,2026-09-08T12:15:00Z,2026-09-08T14:15:00+0200,771.833333,MW,DK1,DK_1,forecast_offshore_wind_generation,Wind Offshore,2026-09-14T01:01:22Z
2026-09-14T00:59:01Z,2026-09-14T02:59:01+0200,5bd299e4-c9b8-415b-91e4-c2d3175f74bc,2026-09-08T12:30:00Z,2026-09-08T14:30:00+0200,771.0,MW,DK1,DK_1,forecast_offshore_wind_generation,Wind Offshore,2026-09-14T01:01:22Z
2026-09-14T00:59:01Z,2026-09-14T02:59:01+0200,5bd299e4-c9b8-415b-91e4-c2d3175f74bc,2026-09-08T12:45:00Z,2026-09-08T14:45:00+0200,768.5,MW,DK1,DK_1,forecast_offshore_wind_generation,Wind Offshore,2026-09-14T01:01:22Z
2026-09-14T00:59:01Z,2026-09-14T02:59:01+0200,5bd299e4-c9b8-415b-91e4-c2d3175f74bc,2026-09-08T13:00:00Z,2026-09-08T15:00:00+0200,764.833333,MW,DK1,DK_1,forecast_offshore_wind_generation,Wind Offshore,2026-09-14T01:01:22Z
2026-09-14T00:59:01Z,2026-09-14T02:59:01+0200,5bd299e4-c9b8-415b-91e4-c2d3175f74bc,2026-09-08T13:15:00Z,2026-09-08T15:15:00+0200,759.0,MW,DK1,DK_1,forecast_offshore_wind_generation,Wind Offshore,2026-09-14T01:01:22Z
2026-09-14T00:59:01Z,2026-09-14T02:59:01+0200,5bd299e4-c9b8-415b-91e4-c2d3175f74bc,2026-09-08T13:30:00Z,2026-09-08T15:30:00+0200,752.0,MW,DK1,DK_1,forecast_offshore_wind_generation,Wind Offshore,2026-09-14T01:01:22Z
2026-09-14T00:59:01Z,2026-09-14T02:59:01+0200,5bd299e4-c9b8-415b-91e4-c2d3175f74bc,2026-09-08T13:45:00Z,2026-09-08T15:45:00+0200,744.166666,MW,DK1,DK_1,forecast_offshore_wind_generation,Wind Offshore,2026-09-14T01:01:22Z
2026-09-14T00:59:01Z,2026-09-14T02:59:01+0200,5bd299e4-c9b8-415b-91e4-c2d3175f74bc,2026-09-08T14:00:00Z,2026-09-08T16:00:00+0200,732.666666,MW,DK1,DK_1,forecast_offshore_wind_generation,Wind Offshore,2026-09-14T01:01:22Z
2026-09-14T00:59:01Z,2026-09-14T02:59:01+0200,5bd299e4-c9b8-415b-91e4-c2d3175f74bc,2026-09-08T14:15:00Z,2026-09-08T16:15:00+0200,704.166666,MW,DK1,DK_1,forecast_offshore_wind_generation,Wind Offshore,2026-09-14T01:01:22Z
2026-09-14T00:59:01Z,2026-09-14T02:59:01+0200,5bd299e4-c9b8-415b-91e4-c2d3175f74bc,2026-09-08T14:30:00Z,2026-09-08T16:30:00+0200,668.166666,MW,DK1,DK_1,forecast_offshore_wind_generation,Wind Offshore,2026-09-14T01:01:22Z
2026-09-14T00:59:01Z,2026-09-14T02:59:01+0200,5bd299e4-c9b8-415b-91e4-c2d3175f74bc,2026-09-08T14:45:00Z,2026-09-08T16:45:00+0200,639.333333,MW,DK1,DK_1,forecast_offshore_wind_generation,Wind Offshore,2026-09-14T01:01:22Z
2026-09-14T00:59:01Z,2026-09-14T02:59:01+0200,5bd299e4-c9b8-415b-91e4-c2d3175f74bc,2026-09-08T15:00:00Z,2026-09-08T17:00:00+0200,626.5,MW,DK1,DK_1,forecast_offshore_wind_generation,Wind Offshore,2026-09-14T01:01:22Z
2026-09-14T00:59:01Z,2026-09-14T02:59:01+0200,5bd299e4-c9b8-415b-91e4-c2d3175f74bc,2026-09-08T15:15:00Z,2026-09-08T17:15:00+0200,618.333333,MW,DK1,DK_1,forecast_offshore_wind_generation,Wind Offshore,2026-09-14T01:01:22Z
2026-09-14T00:59:01Z,2026-09-14T02:59:01+0200,5bd299e4-c9b8-415b-91e4-c2d3175f74bc,2026-09-08T15:30:00Z,2026-09-08T17:30:00+0200,610.5,MW,DK1,DK_1,forecast_offshore_wind_generation,Wind Offshore,2026-09-14T01:01:22Z
2026-09-14T00:59:01Z,2026-09-14T02:59:01+0200,5bd299e4-c9b8-415b-91e4-c2d3175f74bc,2026-09-08T15:45:00Z,2026-09-08T17:45:00+0200,606.166666,MW,DK1,DK_1,forecast_offshore_wind_generation,Wind Offshore,2026-09-14T01:01:22Z
2026-09-14T00:59:01Z,2026-09-14T02:59:01+0200,5bd299e4-c9b8-415b-91e4-c2d3175f74bc,2026-09-08T16:00:00Z,2026-09-08T18:00:00+0200,608.166666,MW,DK1,DK_1,forecast_offshore_wind_generation,Wind Offshore,2026-09-14T01:01:22Z
2026-09-14T00:59:01Z,2026-09-14T02:59:01+0200,5bd299e4-c9b8-415b-91e4-c2d3175f74bc,2026-09-08T16:15:00Z,2026-09-08T18:15:00+0200,615.666666,MW,DK1,DK_1,forecast_offshore_wind_generation,Wind Offshore,2026-09-14T01:01:22Z
2026-09-14T00:59:01Z,2026-09-14T02:59:01+0200,5bd299e4-c9b8-415b-91e4-c2d3175f74bc,2026-09-08T16:30:00Z,2026-09-08T18:30:00+0200,627.0,MW,DK1,DK_1,forecast_offshore_wind_generation,Wind Offshore,2026-09-14T01:01:22Z
2026-09-14T00:59:01Z,2026-09-14T02:59:01+0200,5bd299e4-c9b8-415b-91e4-c2d3175f74bc,2026-09-08T16:45:00Z,2026-09-08T18:45:00+0200,637.5,MW,DK1,DK_1,forecast_offshore_wind_generation,Wind Offshore,2026-09-14T01:01:22Z
2026-09-14T00:59:01Z,2026-09-14T02:59:01+0200,5bd299e4-c9b8-415b-91e4-c2d3175f74bc,2026-09-08T17:00:00Z,2026-09-08T19:00:00+0200,645.833333,MW,DK1,DK_1,forecast_offshore_wind_generation,Wind Offshore,2026-09-14T01:01:22Z
2026-09-14T00:59:01Z,2026-09-14T02:59:01+0200,5bd299e4-c9b8-415b-91e4-c2d3175f74bc,2026-09-08T17:15:00Z,2026-09-08T19:15:00+0200,656.0,MW,DK1,DK_1,forecast_offshore_wind_generation,Wind Offshore,2026-09-14T01:01:22Z
2026-09-14T00:59:01Z,2026-09-14T02:59:01+0200,5bd299e4-c9b8-415b-91e4-c2d3175f74bc,2026-09-08T17:30:00Z,2026-09-08T19:30:00+0200,665.833333,MW,DK1,DK_1,forecast_offshore_wind_generation,Wind Offshore,2026-09-14T01:01:22Z
2026-09-14T00:59:01Z,2026-09-14T02:59:01+0200,5bd299e4-c9b8-415b-91e4-c2d3175f74bc,2026-09-08T17:45:00Z,2026-09-08T19:45:00+0200,672.833333,MW,DK1,DK_1,forecast_offshore_wind_generation,Wind Offshore,2026-09-14T01:01:22Z
2026-09-14T00:59:01Z,2026-09-14T02:59:01+0200,5bd299e4-c9b8-415b-91e4-c2d3175f74bc,2026-09-08T18:00:00Z,2026-09-08T20:00:00+0200,676.5,MW,DK1,DK_1,forecast_offshore_wind_generation,Wind Offshore,2026-09-14T01:01:22Z
2026-09-14T00:59:01Z,2026-09-14T02:59:01+0200,5bd299e4-c9b8-415b-91e4-c2d3175f74bc,2026-09-08T18:15:00Z,2026-09-08T20:15:00+0200,678.666666,MW,DK1,DK_1,forecast_offshore_wind_generation,Wind Offshore,2026-09-14T01:01:22Z
2026-09-14T00:59:01Z,2026-09-14T02:59:01+0200,5bd299e4-c9b8-415b-91e4-c2d3175f74bc,2026-09-08T18:30:00Z,2026-09-08T20:30:00+0200,680.5,MW,DK1,DK_1,forecast_offshore_wind_generation,Wind Offshore,2026-09-14T01:01:22Z
2026-09-14T00:59:01Z,2026-09-14T02:59:01+0200,5bd299e4-c9b8-415b-91e4-c2d3175f74bc,2026-09-08T18:45:00Z,2026-09-08T20:45:00+0200,679.833333,MW,DK1,DK_1,forecast_offshore_wind_generation,Wind Offshore,2026-09-14T01:01:22Z
2026-09-14T00:59:01Z,2026-09-14T02:59:01+0200,5bd299e4-c9b8-415b-91e4-c2d3175f74bc,2026-09-08T19:00:00Z,2026-09-08T21:00:00+0200,675.666666,MW,DK1,DK_1,forecast_offshore_wind_generation,Wind Offshore,2026-09-14T01:01:22Z
2026-09-14T00:59:01Z,2026-09-14T02:59:01+0200,5bd299e4-c9b8-415b-91e4-c2d3175f74bc,2026-09-08T19:15:00Z,2026-09-08T21:15:00+0200,667.0,MW,DK1,DK_1,forecast_offshore_wind_generation,Wind Offshore,2026-09-14T01:01:22Z
2026-09-14T00:59:01Z,2026-09-14T02:59:01+0200,5bd299e4-c9b8-415b-91e4-c2d3175f74bc,2026-09-08T19:30:00Z,2026-09-08T21:30:00+0200,656.0,MW,DK1,DK_1,forecast_offshore_wind_generation,Wind Offshore,2026-09-14T01:01:22Z
2026-09-14T00:59:01Z,2026-09-14T02:59:01+0200,5bd299e4-c9b8-415b-91e4-c2d3175f74bc,2026-09-08T19:45:00Z,2026-09-08T21:45:00+0200,644.166666,MW,DK1,DK_1,forecast_offshore_wind_generation,Wind Offshore,2026-09-14T01:01:22Z
2026-09-14T00:59:01Z,2026-09-14T02:59:01+0200,5bd299e4-c9b8-415b-91e4-c2d3175f74bc,2026-09-08T20:00:00Z,2026-09-08T22:00:00+0200,634.333333,MW,DK1,DK_1,forecast_offshore_wind_generation,Wind Offshore,2026-09-14T01:01:22Z
2026-09-14T00:59:01Z,2026-09-14T02:59:01+0200,5bd299e4-c9b8-415b-91e4-c2d3175f74bc,2026-09-08T20:15:00Z,2026-09-08T22:15:00+0200,623.0,MW,DK1,DK_1,forecast_offshore_wind_generation,Wind Offshore,2026-09-14T01:01:22Z
2026-09-14T00:59:01Z,2026-09-14T02:59:01+0200,5bd299e4-c9b8-415b-91e4-c2d3175f74bc,2026-09-08T20:30:00Z,2026-09-08T22:30:00+0200,610.166666,MW,DK1,DK_1,forecast_offshore_wind_generation,Wind Offshore,2026-09-14T01:01:22Z
2026-09-14T00:59:01Z,2026-09-14T02:59:01+0200,5bd299e4-c9b8-415b-91e4-c2d3175f74bc,2026-09-08T20:45:00Z,2026-09-08T22:45:00+0200,598.166666,MW,DK1,DK_1,forecast_offshore_wind_generation,Wind Offshore,2026-09-14T01:01:22Z
2026-09-14T00:59:01Z,2026-09-14T02:59:01+0200,5bd299e4-c9b8-415b-91e4-c2d3175f74bc,2026-09-08T21:00:00Z,2026-09-08T23:00:00+0200,589.333333,MW,DK1,DK_1,forecast_offshore_wind_generation,Wind Offshore,2026-09-14T01:01:22Z
2026-09-14T00:59:01Z,2026-09-14T02:59:01+0200,5bd299e4-c9b8-415b-91e4-c2d3175f74bc,2026-09-08T21:15:00Z,2026-09-08T23:15:00+0200,580.333333,MW,DK1,DK_1,forecast_offshore_wind_generation,Wind Offshore,2026-09-14T01:01:22Z
2026-09-14T00:59:01Z,2026-09-14T02:59:01+0200,5bd299e4-c9b8-415b-91e4-c2d3175f74bc,2026-09-08T21:30:00Z,2026-09-08T23:30:00+0200,571.5,MW,DK1,DK_1,forecast_offshore_wind_generation,Wind Offshore,2026-09-14T01:01:22Z
2026-09-14T00:59:01Z,2026-09-14T02:59:01+0200,5bd299e4-c9b8-415b-91e4-c2d3175f74bc,2026-09-08T21:45:00Z,2026-09-08T23:45:00+0200,564.666666,MW,DK1,DK_1,forecast_offshore_wind_generation,Wind Offshore,2026-09-14T01:01:22Z
2026-09-14T00:59:01Z,2026-09-14T02:59:01+0200,5bd299e4-c9b8-415b-91e4-c2d3175f74bc,2026-09-08T22:00:00Z,2026-09-09T00:00:00+0200,271.666666,MW,DK1,DK_1,forecast_offshore_wind_generation,Wind Offshore,2026-09-14T01:01:22Z
2026-09-14T00:59:01Z,2026-09-14T02:59:01+0200,5bd299e4-c9b8-415b-91e4-c2d3175f74bc,2026-09-08T22:15:00Z,2026-09-09T00:15:00+0200,268.666666,MW,DK1,DK_1,forecast_offshore_wind_generation,Wind Offshore,2026-09-14T01:01:22Z
2026-09-14T00:59:01Z,2026-09-14T02:59:01+0200,5bd299e4-c9b8-415b-91e4-c2d3175f74bc,2026-09-08T22:30:00Z,2026-09-09T00:30:00+0200,267.5,MW,DK1,DK_1,forecast_offshore_wind_generation,Wind Offshore,2026-09-14T01:01:22Z
2026-09-14T00:59:01Z,2026-09-14T02:59:01+0200,5bd299e4-c9b8-415b-91e4-c2d3175f74bc,2026-09-08T22:45:00Z,2026-09-09T00:45:00+0200,266.0,MW,DK1,DK_1,forecast_offshore_wind_generation,Wind Offshore,2026-09-14T01:01:22Z
2026-09-14T00:59:01Z,2026-09-14T02:59:01+0200,5bd299e4-c9b8-415b-91e4-c2d3175f74bc,2026-09-08T23:00:00Z,2026-09-09T01:00:00+0200,263.5,MW,DK1,DK_1,forecast_offshore_wind_generation,Wind Offshore,2026-09-14T01:01:22Z
2026-09-14T00:59:01Z,2026-09-14T02:59:01+0200,5bd299e4-c9b8-415b-91e4-c2d3175f74bc,2026-09-08T23:15:00Z,2026-09-09T01:15:00+0200,260.0,MW,DK1,DK_1,forecast_offshore_wind_generation,Wind Offshore,2026-09-14T01:01:22Z
2026-09-14T00:59:01Z,2026-09-14T02:59:01+0200,5bd299e4-c9b8-415b-91e4-c2d3175f74bc,2026-09-08T23:30:00Z,2026-09-09T01:30:00+0200,255.666666,MW,DK1,DK_1,forecast_offshore_wind_generation,Wind Offshore,2026-09-14T01:01:22Z
2026-09-14T00:59:01Z,2026-09-14T02:59:01+0200,5bd299e4-c9b8-415b-91e4-c2d3175f74bc,2026-09-08T23:45:00Z,2026-09-09T01:45:00+0200,253.5,MW,DK1,DK_1,forecast_offshore_wind_generation,Wind Offshore,2026-09-14T01:01:22Z
2026-09-14T00:59:01Z,2026-09-14T02:59:01+0200,5bd299e4-c9b8-415b-91e4-c2d3175f74bc,2026-09-09T00:00:00Z,2026-09-09T02:00:00+0200,252.833333,MW,DK1,DK_1,forecast_offshore_wind_generation,Wind Offshore,2026-09-14T01:01:22Z
2026-09-14T00:59:01Z,2026-09-14T02:59:01+0200,5bd299e4-c9b8-415b-91e4-c2d3175f74bc,2026-09-09T00:15:00Z,2026-09-09T02:15:00+0200,252.0,MW,DK1,DK_1,forecast_offshore_wind_generation,Wind Offshore,2026-09-14T01:01:22Z
2026-09-14T00:59:01Z,2026-09-14T02:59:01+0200,5bd299e4-c9b8-415b-91e4-c2d3175f74bc,2026-09-09T00:30:00Z,2026-09-09T02:30:00+0200,252.0,MW,DK1,DK_1,forecast_offshore_wind_generation,Wind Offshore,2026-09-14T01:01:22Z
2026-09-14T00:59:01Z,2026-09-14T02:59:01+0200,5bd299e4-c9b8-415b-91e4-c2d3175f74bc,2026-09-09T00:45:00Z,2026-09-09T02:45:00+0200,252.666666,MW,DK1,DK_1,forecast_offshore_wind_generation,Wind Offshore,2026-09-14T01:01:22Z
2026-09-14T00:59:01Z,2026-09-14T02:59:01+0200,5bd299e4-c9b8-415b-91e4-c2d3175f74bc,2026-09-09T01:00:00Z,2026-09-09T03:00:00+0200,255.833333,MW,DK1,DK_1,forecast_offshore_wind_generation,Wind Offshore,2026-09-14T01:01:22Z
2026-09-14T00:59:01Z,2026-09-14T02:59:01+0200,5bd299e4-c9b8-415b-91e4-c2d3175f74bc,2026-09-09T01:15:00Z,2026-09-09T03:15:00+0200,264.0,MW,DK1,DK_1,forecast_offshore_wind_generation,Wind Offshore,2026-09-14T01:01:22Z
2026-09-14T00:59:01Z,2026-09-14T02:59:01+0200,5bd299e4-c9b8-415b-91e4-c2d3175f74bc,2026-09-09T01:30:00Z,2026-09-09T03:30:00+0200,273.666666,MW,DK1,DK_1,forecast_offshore_wind_generation,Wind Offshore,2026-09-14T01:01:22Z
2026-09-14T00:59:01Z,2026-09-14T02:59:01+0200,5bd299e4-c9b8-415b-91e4-c2d3175f74bc,2026-09-09T01:45:00Z,2026-09-09T03:45:00+0200,284.0,MW,DK1,DK_1,forecast_offshore_wind_generation,Wind Offshore,2026-09-14T01:01:22Z
2026-09-14T00:59:01Z,2026-09-14T02:59:01+0200,5bd299e4-c9b8-415b-91e4-c2d3175f74bc,2026-09-09T02:00:00Z,2026-09-09T04:00:00+0200,293.166666,MW,DK1,DK_1,forecast_offshore_wind_generation,Wind Offshore,2026-09-14T01:01:22Z
2026-09-14T00:59:01Z,2026-09-14T02:59:01+0200,5bd299e4-c9b8-415b-91e4-c2d3175f74bc,2026-09-09T02:15:00Z,2026-09-09T04:15:00+0200,303.0,MW,DK1,DK_1,forecast_offshore_wind_generation,Wind Offshore,2026-09-14T01:01:22Z
2026-09-14T00:59:01Z,2026-09-14T02:59:01+0200,5bd299e4-c9b8-415b-91e4-c2d3175f74bc,2026-09-09T02:30:00Z,2026-09-09T04:30:00+0200,312.333333,MW,DK1,DK_1,forecast_offshore_wind_generation,Wind Offshore,2026-09-14T01:01:22Z
2026-09-14T00:59:01Z,2026-09-14T02:59:01+0200,5bd299e4-c9b8-415b-91e4-c2d3175f74bc,2026-09-09T02:45:00Z,2026-09-09T04:45:00+0200,320.0,MW,DK1,DK_1,forecast_offshore_wind_generation,Wind Offshore,2026-09-14T01:01:22Z
2026-09-14T00:59:01Z,2026-09-14T02:59:01+0200,5bd299e4-c9b8-415b-91e4-c2d3175f74bc,2026-09-09T03:00:00Z,2026-09-09T05:00:00+0200,327.0,MW,DK1,DK_1,forecast_offshore_wind_generation,Wind Offshore,2026-09-14T01:01:22Z
2026-09-14T00:59:01Z,2026-09-14T02:59:01+0200,5bd299e4-c9b8-415b-91e4-c2d3175f74bc,2026-09-09T03:15:00Z,2026-09-09T05:15:00+0200,333.0,MW,DK1,DK_1,forecast_offshore_wind_generation,Wind Offshore,2026-09-14T01:01:22Z
2026-09-14T00:59:01Z,2026-09-14T02:59:01+0200,5bd299e4-c9b8-415b-91e4-c2d3175f74bc,2026-09-09T03:30:00Z,2026-09-09T05:30:00+0200,338.166666,MW,DK1,DK_1,forecast_offshore_wind_generation,Wind Offshore,2026-09-14T01:01:22Z
2026-09-14T00:59:01Z,2026-09-14T02:59:01+0200,5bd299e4-c9b8-415b-91e4-c2d3175f74bc,2026-09-09T03:45:00Z,2026-09-09T05:45:00+0200,337.333333,MW,DK1,DK_1,forecast_offshore_wind_generation,Wind Offshore,2026-09-14T01:01:22Z
2026-09-14T00:59:01Z,2026-09-14T02:59:01+0200,5bd299e4-c9b8-415b-91e4-c2d3175f74bc,2026-09-09T04:00:00Z,2026-09-09T06:00:00+0200,329.0,MW,DK1,DK_1,forecast_offshore_wind_generation,Wind Offshore,2026-09-14T01:01:22Z
2026-09-14T00:59:01Z,2026-09-14T02:59:01+0200,5bd299e4-c9b8-415b-91e4-c2d3175f74bc,2026-09-09T04:15:00Z,2026-09-09T06:15:00+0200,315.5,MW,DK1,DK_1,forecast_offshore_wind_generation,Wind Offshore,2026-09-14T01:01:22Z
2026-09-14T00:59:01Z,2026-09-14T02:59:01+0200,5bd299e4-c9b8-415b-91e4-c2d3175f74bc,2026-09-09T04:30:00Z,2026-09-09T06:30:00+0200,301.166666,MW,DK1,DK_1,forecast_offshore_wind_generation,Wind Offshore,2026-09-14T01:01:22Z
2026-09-14T00:59:01Z,2026-09-14T02:59:01+0200,5bd299e4-c9b8-415b-91e4-c2d3175f74bc,2026-09-09T04:45:00Z,2026-09-09T06:45:00+0200,288.0,MW,DK1,DK_1,forecast_offshore_wind_generation,Wind Offshore,2026-09-14T01:01:22Z
2026-09-14T00:59:01Z,2026-09-14T02:59:01+0200,5bd299e4-c9b8-415b-91e4-c2d3175f74bc,2026-09-09T05:00:00Z,2026-09-09T07:00:00+0200,285.333333,MW,DK1,DK_1,forecast_offshore_wind_generation,Wind Offshore,2026-09-14T01:01:22Z
2026-09-14T00:59:01Z,2026-09-14T02:59:01+0200,5bd299e4-c9b8-415b-91e4-c2d3175f74bc,2026-09-09T05:15:00Z,2026-09-09T07:15:00+0200,295.0,MW,DK1,DK_1,forecast_offshore_wind_generation,Wind Offshore,2026-09-14T01:01:22Z
2026-09-14T00:59:01Z,2026-09-14T02:59:01+0200,5bd299e4-c9b8-415b-91e4-c2d3175f74bc,2026-09-09T05:30:00Z,2026-09-09T07:30:00+0200,307.0,MW,DK1,DK_1,forecast_offshore_wind_generation,Wind Offshore,2026-09-14T01:01:22Z
2026-09-14T00:59:01Z,2026-09-14T02:59:01+0200,5bd299e4-c9b8-415b-91e4-c2d3175f74bc,2026-09-09T05:45:00Z,2026-09-09T07:45:00+0200,316.833333,MW,DK1,DK_1,forecast_offshore_wind_generation,Wind Offshore,2026-09-14T01:01:22Z
2026-09-14T00:59:01Z,2026-09-14T02:59:01+0200,5bd299e4-c9b8-415b-91e4-c2d3175f74bc,2026-09-09T06:00:00Z,2026-09-09T08:00:00+0200,322.333333,MW,DK1,DK_1,forecast_offshore_wind_generation,Wind Offshore,2026-09-14T01:01:22Z
2026-09-14T00:59:01Z,2026-09-14T02:59:01+0200,5bd299e4-c9b8-415b-91e4-c2d3175f74bc,2026-09-09T06:15:00Z,2026-09-09T08:15:00+0200,326.333333,MW,DK1,DK_1,forecast_offshore_wind_generation,Wind Offshore,2026-09-14T01:01:22Z
2026-09-14T00:59:01Z,2026-09-14T02:59:01+0200,5bd299e4-c9b8-415b-91e4-c2d3175f74bc,2026-09-09T06:30:00Z,2026-09-09T08:30:00+0200,328.0,MW,DK1,DK_1,forecast_offshore_wind_generation,Wind Offshore,2026-09-14T01:01:22Z
2026-09-14T00:59:01Z,2026-09-14T02:59:01+0200,5bd299e4-c9b8-415b-91e4-c2d3175f74bc,2026-09-09T06:45:00Z,2026-09-09T08:45:00+0200,326.333333,MW,DK1,DK_1,forecast_offshore_wind_generation,Wind Offshore,2026-09-14T01:01:22Z
2026-09-14T00:59:01Z,2026-09-14T02:59:01+0200,5bd299e4-c9b8-415b-91e4-c2d3175f74bc,2026-09-09T07:00:00Z,2026-09-09T09:00:00+0200,319.5,MW,DK1,DK_1,forecast_offshore_wind_generation,Wind Offshore,2026-09-14T01:01:22Z
2026-09-14T00:59:01Z,2026-09-14T02:59:01+0200,5bd299e4-c9b8-415b-91e4-c2d3175f74bc,2026-09-09T07:15:00Z,2026-09-09T09:15:00+0200,309.5,MW,DK1,DK_1,forecast_offshore_wind_generation,Wind Offshore,2026-09-14T01:01:22Z
2026-09-14T00:59:01Z,2026-09-14T02:59:01+0200,5bd299e4-c9b8-415b-91e4-c2d3175f74bc,2026-09-09T07:30:00Z,2026-09-09T09:30:00+0200,299.0,MW,DK1,DK_1,forecast_offshore_wind_generation,Wind Offshore,2026-09-14T01:01:22Z
2026-09-14T00:59:01Z,2026-09-14T02:59:01+0200,5bd299e4-c9b8-415b-91e4-c2d3175f74bc,2026-09-09T07:45:00Z,2026-09-09T09:45:00+0200,288.833333,MW,DK1,DK_1,forecast_offshore_wind_generation,Wind Offshore,2026-09-14T01:01:22Z
2026-09-14T00:59:01Z,2026-09-14T02:59:01+0200,5bd299e4-c9b8-415b-91e4-c2d3175f74bc,2026-09-09T08:00:00Z,2026-09-09T10:00:00+0200,281.0,MW,DK1,DK_1,forecast_offshore_wind_generation,Wind Offshore,2026-09-14T01:01:22Z
2026-09-14T00:59:01Z,2026-09-14T02:59:01+0200,5bd299e4-c9b8-415b-91e4-c2d3175f74bc,2026-09-09T08:15:00Z,2026-09-09T10:15:00+0200,274.166666,MW,DK1,DK_1,forecast_offshore_wind_generation,Wind Offshore,2026-09-14T01:01:22Z
2026-09-14T00:59:01Z,2026-09-14T02:59:01+0200,5bd299e4-c9b8-415b-91e4-c2d3175f74bc,2026-09-09T08:30:00Z,2026-09-09T10:30:00+0200,270.5,MW,DK1,DK_1,forecast_offshore_wind_generation,Wind Offshore,2026-09-14T01:01:22Z
2026-09-14T00:59:01Z,2026-09-14T02:59:01+0200,5bd299e4-c9b8-415b-91e4-c2d3175f74bc,2026-09-09T08:45:00Z,2026-09-09T10:45:00+0200,267.5,MW,DK1,DK_1,forecast_offshore_wind_generation,Wind Offshore,2026-09-14T01:01:22Z
2026-09-14T00:59:01Z,2026-09-14T02:59:01+0200,5bd299e4-c9b8-415b-91e4-c2d3175f74bc,2026-09-09T09:00:00Z,2026-09-09T11:00:00+0200,264.5,MW,DK1,DK_1,forecast_offshore_wind_generation,Wind Offshore,2026-09-14T01:01:22Z
2026-09-14T00:59:01Z,2026-09-14T02:59:01+0200,5bd299e4-c9b8-415b-91e4-c2d3175f74bc,2026-09-09T09:15:00Z,2026-09-09T11:15:00+0200,261.5,MW,DK1,DK_1,forecast_offshore_wind_generation,Wind Offshore,2026-09-14T01:01:22Z
2026-09-14T00:59:01Z,2026-09-14T02:59:01+0200,5bd299e4-c9b8-415b-91e4-c2d3175f74bc,2026-09-09T09:30:00Z,2026-09-09T11:30:00+0200,259.666666,MW,DK1,DK_1,forecast_offshore_wind_generation,Wind Offshore,2026-09-14T01:01:22Z
2026-09-14T00:59:01Z,2026-09-14T02:59:01+0200,5bd299e4-c9b8-415b-91e4-c2d3175f74bc,2026-09-09T09:45:00Z,2026-09-09T11:45:00+0200,261.666666,MW,DK1,DK_1,forecast_offshore_wind_generation,Wind Offshore,2026-09-14T01:01:22Z
2026-09-14T00:59:01Z,2026-09-14T02:59:01+0200,5bd299e4-c9b8-415b-91e4-c2d3175f74bc,2026-09-09T10:00:00Z,2026-09-09T12:00:00+0200,270.333333,MW,DK1,DK_1,forecast_offshore_wind_generation,Wind Offshore,2026-09-14T01:01:22Z
2026-09-14T00:59:01Z,2026-09-14T02:59:01+0200,5bd299e4-c9b8-415b-91e4-c2d3175f74bc,2026-09-09T10:15:00Z,2026-09-09T12:15:00+0200,289.166666,MW,DK1,DK_1,forecast_offshore_wind_generation,Wind Offshore,2026-09-14T01:01:22Z
2026-09-14T00:59:01Z,2026-09-14T02:59:01+0200,5bd299e4-c9b8-415b-91e4-c2d3175f74bc,2026-09-09T10:30:00Z,2026-09-09T12:30:00+0200,313.833333,MW,DK1,DK_1,forecast_offshore_wind_generation,Wind Offshore,2026-09-14T01:01:22Z
2026-09-14T00:59:01Z,2026-09-14T02:59:01+0200,5bd299e4-c9b8-415b-91e4-c2d3175f74bc,2026-09-09T10:45:00Z,2026-09-09T12:45:00+0200,335.666666,MW,DK1,DK_1,forecast_offshore_wind_generation,Wind Offshore,2026-09-14T01:01:22Z
2026-09-14T00:59:01Z,2026-09-14T02:59:01+0200,5bd299e4-c9b8-415b-91e4-c2d3175f74bc,2026-09-09T11:00:00Z,2026-09-09T13:00:00+0200,352.666666,MW,DK1,DK_1,forecast_offshore_wind_generation,Wind Offshore,2026-09-14T01:01:22Z
2026-09-14T00:59:01Z,2026-09-14T02:59:01+0200,5bd299e4-c9b8-415b-91e4-c2d3175f74bc,2026-09-09T11:15:00Z,2026-09-09T13:15:00+0200,371.5,MW,DK1,DK_1,forecast_offshore_wind_generation,Wind Offshore,2026-09-14T01:01:22Z
2026-09-14T00:59:01Z,2026-09-14T02:59:01+0200,5bd299e4-c9b8-415b-91e4-c2d3175f74bc,2026-09-09T11:30:00Z,2026-09-09T13:30:00+0200,390.0,MW,DK1,DK_1,forecast_offshore_wind_generation,Wind Offshore,2026-09-14T01:01:22Z
2026-09-14T00:59:01Z,2026-09-14T02:59:01+0200,5bd299e4-c9b8-415b-91e4-c2d3175f74bc,2026-09-09T11:45:00Z,2026-09-09T13:45:00+0200,409.0,MW,DK1,DK_1,forecast_offshore_wind_generation,Wind Offshore,2026-09-14T01:01:22Z
2026-09-14T00:59:01Z,2026-09-14T02:59:01+0200,5bd299e4-c9b8-415b-91e4-c2d3175f74bc,2026-09-09T12:00:00Z,2026-09-09T14:00:00+0200,430.333333,MW,DK1,DK_1,forecast_offshore_wind_generation,Wind Offshore,2026-09-14T01:01:22Z
2026-09-14T00:59:01Z,2026-09-14T02:59:01+0200,5bd299e4-c9b8-415b-91e4-c2d3175f74bc,2026-09-09T12:15:00Z,2026-09-09T14:15:00+0200,457.166666,MW,DK1,DK_1,forecast_offshore_wind_generation,Wind Offshore,2026-09-14T01:01:22Z
2026-09-14T00:59:01Z,2026-09-14T02:59:01+0200,5bd299e4-c9b8-415b-91e4-c2d3175f74bc,2026-09-09T12:30:00Z,2026-09-09T14:30:00+0200,487.5,MW,DK1,DK_1,forecast_offshore_wind_generation,Wind Offshore,2026-09-14T01:01:22Z
2026-09-14T00:59:01Z,2026-09-14T02:59:01+0200,5bd299e4-c9b8-415b-91e4-c2d3175f74bc,2026-09-09T12:45:00Z,2026-09-09T14:45:00+0200,516.5,MW,DK1,DK_1,forecast_offshore_wind_generation,Wind Offshore,2026-09-14T01:01:22Z
2026-09-14T00:59:01Z,2026-09-14T02:59:01+0200,5bd299e4-c9b8-415b-91e4-c2d3175f74bc,2026-09-09T13:00:00Z,2026-09-09T15:00:00+0200,544.0,MW,DK1,DK_1,forecast_offshore_wind_generation,Wind Offshore,2026-09-14T01:01:22Z
2026-09-14T00:59:01Z,2026-09-14T02:59:01+0200,5bd299e4-c9b8-415b-91e4-c2d3175f74bc,2026-09-09T13:15:00Z,2026-09-09T15:15:00+0200,573.0,MW,DK1,DK_1,forecast_offshore_wind_generation,Wind Offshore,2026-09-14T01:01:22Z
2026-09-14T00:59:01Z,2026-09-14T02:59:01+0200,5bd299e4-c9b8-415b-91e4-c2d3175f74bc,2026-09-09T13:30:00Z,2026-09-09T15:30:00+0200,603.333333,MW,DK1,DK_1,forecast_offshore_wind_generation,Wind Offshore,2026-09-14T01:01:22Z
2026-09-14T00:59:01Z,2026-09-14T02:59:01+0200,5bd299e4-c9b8-415b-91e4-c2d3175f74bc,2026-09-09T13:45:00Z,2026-09-09T15:45:00+0200,630.833333,MW,DK1,DK_1,forecast_offshore_wind_generation,Wind Offshore,2026-09-14T01:01:22Z
2026-09-14T00:59:01Z,2026-09-14T02:59:01+0200,5bd299e4-c9b8-415b-91e4-c2d3175f74bc,2026-09-09T14:00:00Z,2026-09-09T16:00:00+0200,654.166666,MW,DK1,DK_1,forecast_offshore_wind_generation,Wind Offshore,2026-09-14T01:01:22Z
2026-09-14T00:59:01Z,2026-09-14T02:59:01+0200,5bd299e4-c9b8-415b-91e4-c2d3175f74bc,2026-09-09T14:15:00Z,2026-09-09T16:15:00+0200,678.0,MW,DK1,DK_1,forecast_offshore_wind_generation,Wind Offshore,2026-09-14T01:01:22Z
2026-09-14T00:59:01Z,2026-09-14T02:59:01+0200,5bd299e4-c9b8-415b-91e4-c2d3175f74bc,2026-09-09T14:30:00Z,2026-09-09T16:30:00+0200,700.333333,MW,DK1,DK_1,forecast_offshore_wind_generation,Wind Offshore,2026-09-14T01:01:22Z
2026-09-14T00:59:01Z,2026-09-14T02:59:01+0200,5bd299e4-c9b8-415b-91e4-c2d3175f74bc,2026-09-09T14:45:00Z,2026-09-09T16:45:00+0200,718.666666,MW,DK1,DK_1,forecast_offshore_wind_generation,Wind Offshore,2026-09-14T01:01:22Z
2026-09-14T00:59:01Z,2026-09-14T02:59:01+0200,5bd299e4-c9b8-415b-91e4-c2d3175f74bc,2026-09-09T15:00:00Z,2026-09-09T17:00:00+0200,732.666666,MW,DK1,DK_1,forecast_offshore_wind_generation,Wind Offshore,2026-09-14T01:01:22Z
2026-09-14T00:59:01Z,2026-09-14T02:59:01+0200,5bd299e4-c9b8-415b-91e4-c2d3175f74bc,2026-09-09T15:15:00Z,2026-09-09T17:15:00+0200,747.5,MW,DK1,DK_1,forecast_offshore_wind_generation,Wind Offshore,2026-09-14T01:01:22Z
2026-09-14T00:59:01Z,2026-09-14T02:59:01+0200,5bd299e4-c9b8-415b-91e4-c2d3175f74bc,2026-09-09T15:30:00Z,2026-09-09T17:30:00+0200,762.5,MW,DK1,DK_1,forecast_offshore_wind_generation,Wind Offshore,2026-09-14T01:01:22Z
2026-09-14T00:59:01Z,2026-09-14T02:59:01+0200,5bd299e4-c9b8-415b-91e4-c2d3175f74bc,2026-09-09T15:45:00Z,2026-09-09T17:45:00+0200,776.833333,MW,DK1,DK_1,forecast_offshore_wind_generation,Wind Offshore,2026-09-14T01:01:22Z
2026-09-14T00:59:01Z,2026-09-14T02:59:01+0200,5bd299e4-c9b8-415b-91e4-c2d3175f74bc,2026-09-09T16:00:00Z,2026-09-09T18:00:00+0200,788.333333,MW,DK1,DK_1,forecast_offshore_wind_generation,Wind Offshore,2026-09-14T01:01:22Z
2026-09-14T00:59:01Z,2026-09-14T02:59:01+0200,5bd299e4-c9b8-415b-91e4-c2d3175f74bc,2026-09-09T16:15:00Z,2026-09-09T18:15:00+0200,801.166666,MW,DK1,DK_1,forecast_offshore_wind_generation,Wind Offshore,2026-09-14T01:01:22Z
2026-09-14T00:59:01Z,2026-09-14T02:59:01+0200,5bd299e4-c9b8-415b-91e4-c2d3175f74bc,2026-09-09T16:30:00Z,2026-09-09T18:30:00+0200,815.333333,MW,DK1,DK_1,forecast_offshore_wind_generation,Wind Offshore,2026-09-14T01:01:22Z
2026-09-14T00:59:01Z,2026-09-14T02:59:01+0200,5bd299e4-c9b8-415b-91e4-c2d3175f74bc,2026-09-09T16:45:00Z,2026-09-09T18:45:00+0200,828.666666,MW,DK1,DK_1,forecast_offshore_wind_generation,Wind Offshore,2026-09-14T01:01:22Z
2026-09-14T00:59:01Z,2026-09-14T02:59:01+0200,5bd299e4-c9b8-415b-91e4-c2d3175f74bc,2026-09-09T17:00:00Z,2026-09-09T19:00:00+0200,839.5,MW,DK1,DK_1,forecast_offshore_wind_generation,Wind Offshore,2026-09-14T01:01:22Z
2026-09-14T00:59:01Z,2026-09-14T02:59:01+0200,5bd299e4-c9b8-415b-91e4-c2d3175f74bc,2026-09-09T17:15:00Z,2026-09-09T19:15:00+0200,851.5,MW,DK1,DK_1,forecast_offshore_wind_generation,Wind Offshore,2026-09-14T01:01:22Z
2026-09-14T00:59:01Z,2026-09-14T02:59:01+0200,5bd299e4-c9b8-415b-91e4-c2d3175f74bc,2026-09-09T17:30:00Z,2026-09-09T19:30:00+0200,862.833333,MW,DK1,DK_1,forecast_offshore_wind_generation,Wind Offshore,2026-09-14T01:01:22Z
2026-09-14T00:59:01Z,2026-09-14T02:59:01+0200,5bd299e4-c9b8-415b-91e4-c2d3175f74bc,2026-09-09T17:45:00Z,2026-09-09T19:45:00+0200,870.666666,MW,DK1,DK_1,forecast_offshore_wind_generation,Wind Offshore,2026-09-14T01:01:22Z
2026-09-14T00:59:01Z,2026-09-14T02:59:01+0200,5bd299e4-c9b8-415b-91e4-c2d3175f74bc,2026-09-09T18:00:00Z,2026-09-09T20:00:00+0200,873.833333,MW,DK1,DK_1,forecast_offshore_wind_generation,Wind Offshore,2026-09-14T01:01:22Z
2026-09-14T00:59:01Z,2026-09-14T02:59:01+0200,5bd299e4-c9b8-415b-91e4-c2d3175f74bc,2026-09-09T18:15:00Z,2026-09-09T20:15:00+0200,874.333333,MW,DK1,DK_1,forecast_offshore_wind_generation,Wind Offshore,2026-09-14T01:01:22Z
2026-09-14T00:59:01Z,2026-09-14T02:59:01+0200,5bd299e4-c9b8-415b-91e4-c2d3175f74bc,2026-09-09T18:30:00Z,2026-09-09T20:30:00+0200,873.833333,MW,DK1,DK_1,forecast_offshore_wind_generation,Wind Offshore,2026-09-14T01:01:22Z
2026-09-14T00:59:01Z,2026-09-14T02:59:01+0200,5bd299e4-c9b8-415b-91e4-c2d3175f74bc,2026-09-09T18:45:00Z,2026-09-09T20:45:00+0200,873.0,MW,DK1,DK_1,forecast_offshore_wind_generation,Wind Offshore,2026-09-14T01:01:22Z
2026-09-14T00:59:01Z,2026-09-14T02:59:01+0200,5bd299e4-c9b8-415b-91e4-c2d3175f74bc,2026-09-09T19:00:00Z,2026-09-09T21:00:00+0200,873.0,MW,DK1,DK_1,forecast_offshore_wind_generation,Wind Offshore,2026-09-14T01:01:22Z
2026-09-14T00:59:01Z,2026-09-14T02:59:01+0200,5bd299e4-c9b8-415b-91e4-c2d3175f74bc,2026-09-09T19:15:00Z,2026-09-09T21:15:00+0200,872.5,MW,DK1,DK_1,forecast_offshore_wind_generation,Wind Offshore,2026-09-14T01:01:22Z
2026-09-14T00:59:01Z,2026-09-14T02:59:01+0200,5bd299e4-c9b8-415b-91e4-c2d3175f74bc,2026-09-09T19:30:00Z,2026-09-09T21:30:00+0200,872.0,MW,DK1,DK_1,forecast_offshore_wind_generation,Wind Offshore,2026-09-14T01:01:22Z
2026-09-14T00:59:01Z,2026-09-14T02:59:01+0200,5bd299e4-c9b8-415b-91e4-c2d3175f74bc,2026-09-09T19:45:00Z,2026-09-09T21:45:00+0200,871.166666,MW,DK1,DK_1,forecast_offshore_wind_generation,Wind Offshore,2026-09-14T01:01:22Z
2026-09-14T00:59:01Z,2026-09-14T02:59:01+0200,5bd299e4-c9b8-415b-91e4-c2d3175f74bc,2026-09-09T20:00:00Z,2026-09-09T22:00:00+0200,871.166666,MW,DK1,DK_1,forecast_offshore_wind_generation,Wind Offshore,2026-09-14T01:01:22Z
2026-09-14T00:59:01Z,2026-09-14T02:59:01+0200,5bd299e4-c9b8-415b-91e4-c2d3175f74bc,2026-09-09T20:15:00Z,2026-09-09T22:15:00+0200,872.0,MW,DK1,DK_1,forecast_offshore_wind_generation,Wind Offshore,2026-09-14T01:01:22Z
2026-09-14T00:59:01Z,2026-09-14T02:59:01+0200,5bd299e4-c9b8-415b-91e4-c2d3175f74bc,2026-09-09T20:30:00Z,2026-09-09T22:30:00+0200,872.833333,MW,DK1,DK_1,forecast_offshore_wind_generation,Wind Offshore,2026-09-14T01:01:22Z
2026-09-14T00:59:01Z,2026-09-14T02:59:01+0200,5bd299e4-c9b8-415b-91e4-c2d3175f74bc,2026-09-09T20:45:00Z,2026-09-09T22:45:00+0200,873.0,MW,DK1,DK_1,forecast_offshore_wind_generation,Wind Offshore,2026-09-14T01:01:22Z
2026-09-14T00:59:01Z,2026-09-14T02:59:01+0200,5bd299e4-c9b8-415b-91e4-c2d3175f74bc,2026-09-09T21:00:00Z,2026-09-09T23:00:00+0200,871.333333,MW,DK1,DK_1,forecast_offshore_wind_generation,Wind Offshore,2026-09-14T01:01:22Z
2026-09-14T00:59:01Z,2026-09-14T02:59:01+0200,5bd299e4-c9b8-415b-91e4-c2d3175f74bc,2026-09-09T21:15:00Z,2026-09-09T23:15:00+0200,865.166666,MW,DK1,DK_1,forecast_offshore_wind_generation,Wind Offshore,2026-09-14T01:01:22Z
2026-09-14T00:59:01Z,2026-09-14T02:59:01+0200,5bd299e4-c9b8-415b-91e4-c2d3175f74bc,2026-09-09T21:30:00Z,2026-09-09T23:30:00+0200,855.5,MW,DK1,DK_1,forecast_offshore_wind_generation,Wind Offshore,2026-09-14T01:01:22Z
2026-09-14T00:59:01Z,2026-09-14T02:59:01+0200,5bd299e4-c9b8-415b-91e4-c2d3175f74bc,2026-09-09T21:45:00Z,2026-09-09T23:45:00+0200,846.5,MW,DK1,DK_1,forecast_offshore_wind_generation,Wind Offshore,2026-09-14T01:01:22Z
2026-09-14T00:59:01Z,2026-09-14T02:59:01+0200,5bd299e4-c9b8-415b-91e4-c2d3175f74bc,2026-09-09T22:00:00Z,2026-09-10T00:00:00+0200,921.833333,MW,DK1,DK_1,forecast_offshore_wind_generation,Wind Offshore,2026-09-14T01:01:22Z
2026-09-14T00:59:01Z,2026-09-14T02:59:01+0200,5bd299e4-c9b8-415b-91e4-c2d3175f74bc,2026-09-09T22:15:00Z,2026-09-10T00:15:00+0200,914.166666,MW,DK1,DK_1,forecast_offshore_wind_generation,Wind Offshore,2026-09-14T01:01:22Z
2026-09-14T00:59:01Z,2026-09-14T02:59:01+0200,5bd299e4-c9b8-415b-91e4-c2d3175f74bc,2026-09-09T22:30:00Z,2026-09-10T00:30:00+0200,904.5,MW,DK1,DK_1,forecast_offshore_wind_generation,Wind Offshore,2026-09-14T01:01:22Z
2026-09-14T00:59:01Z,2026-09-14T02:59:01+0200,5bd299e4-c9b8-415b-91e4-c2d3175f74bc,2026-09-09T22:45:00Z,2026-09-10T00:45:00+0200,895.666666,MW,DK1,DK_1,forecast_offshore_wind_generation,Wind Offshore,2026-09-14T01:01:22Z
2026-09-14T00:59:01Z,2026-09-14T02:59:01+0200,5bd299e4-c9b8-415b-91e4-c2d3175f74bc,2026-09-09T23:00:00Z,2026-09-10T01:00:00+0200,888.0,MW,DK1,DK_1,forecast_offshore_wind_generation,Wind Offshore,2026-09-14T01:01:22Z
2026-09-14T00:59:01Z,2026-09-14T02:59:01+0200,5bd299e4-c9b8-415b-91e4-c2d3175f74bc,2026-09-09T23:15:00Z,2026-09-10T01:15:00+0200,879.5,MW,DK1,DK_1,forecast_offshore_wind_generation,Wind Offshore,2026-09-14T01:01:22Z
2026-09-14T00:59:01Z,2026-09-14T02:59:01+0200,5bd299e4-c9b8-415b-91e4-c2d3175f74bc,2026-09-09T23:30:00Z,2026-09-10T01:30:00+0200,872.0,MW,DK1,DK_1,forecast_offshore_wind_generation,Wind Offshore,2026-09-14T01:01:22Z
2026-09-14T00:59:01Z,2026-09-14T02:59:01+0200,5bd299e4-c9b8-415b-91e4-c2d3175f74bc,2026-09-09T23:45:00Z,2026-09-10T01:45:00+0200,866.166666,MW,DK1,DK_1,forecast_offshore_wind_generation,Wind Offshore,2026-09-14T01:01:22Z
2026-09-14T00:59:01Z,2026-09-14T02:59:01+0200,5bd299e4-c9b8-415b-91e4-c2d3175f74bc,2026-09-10T00:00:00Z,2026-09-10T02:00:00+0200,863.0,MW,DK1,DK_1,forecast_offshore_wind_generation,Wind Offshore,2026-09-14T01:01:22Z
2026-09-14T00:59:01Z,2026-09-14T02:59:01+0200,5bd299e4-c9b8-415b-91e4-c2d3175f74bc,2026-09-10T00:15:00Z,2026-09-10T02:15:00+0200,862.5,MW,DK1,DK_1,forecast_offshore_wind_generation,Wind Offshore,2026-09-14T01:01:22Z
2026-09-14T00:59:01Z,2026-09-14T02:59:01+0200,5bd299e4-c9b8-415b-91e4-c2d3175f74bc,2026-09-10T00:30:00Z,2026-09-10T02:30:00+0200,862.833333,MW,DK1,DK_1,forecast_offshore_wind_generation,Wind Offshore,2026-09-14T01:01:22Z
2026-09-14T00:59:01Z,2026-09-14T02:59:01+0200,5bd299e4-c9b8-415b-91e4-c2d3175f74bc,2026-09-10T00:45:00Z,2026-09-10T02:45:00+0200,860.333333,MW,DK1,DK_1,forecast_offshore_wind_generation,Wind Offshore,2026-09-14T01:01:22Z
2026-09-14T00:59:01Z,2026-09-14T02:59:01+0200,5bd299e4-c9b8-415b-91e4-c2d3175f74bc,2026-09-10T01:00:00Z,2026-09-10T03:00:00+0200,854.166666,MW,DK1,DK_1,forecast_offshore_wind_generation,Wind Offshore,2026-09-14T01:01:22Z
2026-09-14T00:59:01Z,2026-09-14T02:59:01+0200,5bd299e4-c9b8-415b-91e4-c2d3175f74bc,2026-09-10T01:15:00Z,2026-09-10T03:15:00+0200,842.5,MW,DK1,DK_1,forecast_offshore_wind_generation,Wind Offshore,2026-09-14T01:01:22Z
2026-09-14T00:59:01Z,2026-09-14T02:59:01+0200,5bd299e4-c9b8-415b-91e4-c2d3175f74bc,2026-09-10T01:30:00Z,2026-09-10T03:30:00+0200,828.666666,MW,DK1,DK_1,forecast_offshore_wind_generation,Wind Offshore,2026-09-14T01:01:22Z
2026-09-14T00:59:01Z,2026-09-14T02:59:01+0200,5bd299e4-c9b8-415b-91e4-c2d3175f74bc,2026-09-10T01:45:00Z,2026-09-10T03:45:00+0200,815.833333,MW,DK1,DK_1,forecast_offshore_wind_generation,Wind Offshore,2026-09-14T01:01:22Z
2026-09-14T00:59:01Z,2026-09-14T02:59:01+0200,5bd299e4-c9b8-415b-91e4-c2d3175f74bc,2026-09-10T02:00:00Z,2026-09-10T04:00:00+0200,806.5,MW,DK1,DK_1,forecast_offshore_wind_generation,Wind Offshore,2026-09-14T01:01:22Z
2026-09-14T00:59:01Z,2026-09-14T02:59:01+0200,5bd299e4-c9b8-415b-91e4-c2d3175f74bc,2026-09-10T02:15:00Z,2026-09-10T04:15:00+0200,797.5,MW,DK1,DK_1,forecast_offshore_wind_generation,Wind Offshore,2026-09-14T01:01:22Z
2026-09-14T00:59:01Z,2026-09-14T02:59:01+0200,5bd299e4-c9b8-415b-91e4-c2d3175f74bc,2026-09-10T02:30:00Z,2026-09-10T04:30:00+0200,789.0,MW,DK1,DK_1,forecast_offshore_wind_generation,Wind Offshore,2026-09-14T01:01:22Z
2026-09-14T00:59:01Z,2026-09-14T02:59:01+0200,5bd299e4-c9b8-415b-91e4-c2d3175f74bc,2026-09-10T02:45:00Z,2026-09-10T04:45:00+0200,782.833333,MW,DK1,DK_1,forecast_offshore_wind_generation,Wind Offshore,2026-09-14T01:01:22Z
2026-09-14T00:59:01Z,2026-09-14T02:59:01+0200,5bd299e4-c9b8-415b-91e4-c2d3175f74bc,2026-09-10T03:00:00Z,2026-09-10T05:00:00+0200,778.5,MW,DK1,DK_1,forecast_offshore_wind_generation,Wind Offshore,2026-09-14T01:01:22Z
2026-09-14T00:59:01Z,2026-09-14T02:59:01+0200,5bd299e4-c9b8-415b-91e4-c2d3175f74bc,2026-09-10T03:15:00Z,2026-09-10T05:15:00+0200,776.0,MW,DK1,DK_1,forecast_offshore_wind_generation,Wind Offshore,2026-09-14T01:01:22Z
2026-09-14T00:59:01Z,2026-09-14T02:59:01+0200,5bd299e4-c9b8-415b-91e4-c2d3175f74bc,2026-09-10T03:30:00Z,2026-09-10T05:30:00+0200,774.333333,MW,DK1,DK_1,forecast_offshore_wind_generation,Wind Offshore,2026-09-14T01:01:22Z
2026-09-14T00:59:01Z,2026-09-14T02:59:01+0200,5bd299e4-c9b8-415b-91e4-c2d3175f74bc,2026-09-10T03:45:00Z,2026-09-10T05:45:00+0200,772.333333,MW,DK1,DK_1,forecast_offshore_wind_generation,Wind Offshore,2026-09-14T01:01:22Z
2026-09-14T00:59:01Z,2026-09-14T02:59:01+0200,5bd299e4-c9b8-415b-91e4-c2d3175f74bc,2026-09-10T04:00:00Z,2026-09-10T06:00:00+0200,770.166666,MW,DK1,DK_1,forecast_offshore_wind_generation,Wind Offshore,2026-09-14T01:01:22Z
2026-09-14T00:59:01Z,2026-09-14T02:59:01+0200,5bd299e4-c9b8-415b-91e4-c2d3175f74bc,2026-09-10T04:15:00Z,2026-09-10T06:15:00+0200,766.5,MW,DK1,DK_1,forecast_offshore_wind_generation,Wind Offshore,2026-09-14T01:01:22Z
2026-09-14T00:59:01Z,2026-09-14T02:59:01+0200,5bd299e4-c9b8-415b-91e4-c2d3175f74bc,2026-09-10T04:30:00Z,2026-09-10T06:30:00+0200,762.166666,MW,DK1,DK_1,forecast_offshore_wind_generation,Wind Offshore,2026-09-14T01:01:22Z
2026-09-14T00:59:01Z,2026-09-14T02:59:01+0200,5bd299e4-c9b8-415b-91e4-c2d3175f74bc,2026-09-10T04:45:00Z,2026-09-10T06:45:00+0200,758.0,MW,DK1,DK_1,forecast_offshore_wind_generation,Wind Offshore,2026-09-14T01:01:22Z
2026-09-14T00:59:01Z,2026-09-14T02:59:01+0200,5bd299e4-c9b8-415b-91e4-c2d3175f74bc,2026-09-10T05:00:00Z,2026-09-10T07:00:00+0200,752.166666,MW,DK1,DK_1,forecast_offshore_wind_generation,Wind Offshore,2026-09-14T01:01:22Z
2026-09-14T00:59:01Z,2026-09-14T02:59:01+0200,5bd299e4-c9b8-415b-91e4-c2d3175f74bc,2026-09-10T05:15:00Z,2026-09-10T07:15:00+0200,742.0,MW,DK1,DK_1,forecast_offshore_wind_generation,Wind Offshore,2026-09-14T01:01:22Z
2026-09-14T00:59:01Z,2026-09-14T02:59:01+0200,5bd299e4-c9b8-415b-91e4-c2d3175f74bc,2026-09-10T05:30:00Z,2026-09-10T07:30:00+0200,731.0,MW,DK1,DK_1,forecast_offshore_wind_generation,Wind Offshore,2026-09-14T01:01:22Z
2026-09-14T00:59:01Z,2026-09-14T02:59:01+0200,5bd299e4-c9b8-415b-91e4-c2d3175f74bc,2026-09-10T05:45:00Z,2026-09-10T07:45:00+0200,719.0,MW,DK1,DK_1,forecast_offshore_wind_generation,Wind Offshore,2026-09-14T01:01:22Z
2026-09-14T00:59:01Z,2026-09-14T02:59:01+0200,5bd299e4-c9b8-415b-91e4-c2d3175f74bc,2026-09-10T06:00:00Z,2026-09-10T08:00:00+0200,706.666666,MW,DK1,DK_1,forecast_offshore_wind_generation,Wind Offshore,2026-09-14T01:01:22Z
2026-09-14T00:59:01Z,2026-09-14T02:59:01+0200,5bd299e4-c9b8-415b-91e4-c2d3175f74bc,2026-09-10T06:15:00Z,2026-09-10T08:15:00+0200,690.833333,MW,DK1,DK_1,forecast_offshore_wind_generation,Wind Offshore,2026-09-14T01:01:22Z
2026-09-14T00:59:01Z,2026-09-14T02:59:01+0200,5bd299e4-c9b8-415b-91e4-c2d3175f74bc,2026-09-10T06:30:00Z,2026-09-10T08:30:00+0200,672.166666,MW,DK1,DK_1,forecast_offshore_wind_generation,Wind Offshore,2026-09-14T01:01:22Z
2026-09-14T00:59:01Z,2026-09-14T02:59:01+0200,5bd299e4-c9b8-415b-91e4-c2d3175f74bc,2026-09-10T06:45:00Z,2026-09-10T08:45:00+0200,653.166666,MW,DK1,DK_1,forecast_offshore_wind_generation,Wind Offshore,2026-09-14T01:01:22Z
2026-09-14T00:59:01Z,2026-09-14T02:59:01+0200,5bd299e4-c9b8-415b-91e4-c2d3175f74bc,2026-09-10T07:00:00Z,2026-09-10T09:00:00+0200,634.833333,MW,DK1,DK_1,forecast_offshore_wind_generation,Wind Offshore,2026-09-14T01:01:22Z
2026-09-14T00:59:01Z,2026-09-14T02:59:01+0200,5bd299e4-c9b8-415b-91e4-c2d3175f74bc,2026-09-10T07:15:00Z,2026-09-10T09:15:00+0200,613.0,MW,DK1,DK_1,forecast_offshore_wind_generation,Wind Offshore,2026-09-14T01:01:22Z
2026-09-14T00:59:01Z,2026-09-14T02:59:01+0200,5bd299e4-c9b8-415b-91e4-c2d3175f74bc,2026-09-10T07:30:00Z,2026-09-10T09:30:00+0200,589.0,MW,DK1,DK_1,forecast_offshore_wind_generation,Wind Offshore,2026-09-14T01:01:22Z
2026-09-14T00:59:01Z,2026-09-14T02:59:01+0200,5bd299e4-c9b8-415b-91e4-c2d3175f74bc,2026-09-10T07:45:00Z,2026-09-10T09:45:00+0200,565.166666,MW,DK1,DK_1,forecast_offshore_wind_generation,Wind Offshore,2026-09-14T01:01:22Z
2026-09-14T00:59:01Z,2026-09-14T02:59:01+0200,5bd299e4-c9b8-415b-91e4-c2d3175f74bc,2026-09-10T08:00:00Z,2026-09-10T10:00:00+0200,541.833333,MW,DK1,DK_1,forecast_offshore_wind_generation,Wind Offshore,2026-09-14T01:01:22Z
2026-09-14T00:59:01Z,2026-09-14T02:59:01+0200,5bd299e4-c9b8-415b-91e4-c2d3175f74bc,2026-09-10T08:15:00Z,2026-09-10T10:15:00+0200,515.666666,MW,DK1,DK_1,forecast_offshore_wind_generation,Wind Offshore,2026-09-14T01:01:22Z
2026-09-14T00:59:01Z,2026-09-14T02:59:01+0200,5bd299e4-c9b8-415b-91e4-c2d3175f74bc,2026-09-10T08:30:00Z,2026-09-10T10:30:00+0200,490.333333,MW,DK1,DK_1,forecast_offshore_wind_generation,Wind Offshore,2026-09-14T01:01:22Z
2026-09-14T00:59:01Z,2026-09-14T02:59:01+0200,5bd299e4-c9b8-415b-91e4-c2d3175f74bc,2026-09-10T08:45:00Z,2026-09-10T10:45:00+0200,470.5,MW,DK1,DK_1,forecast_offshore_wind_generation,Wind Offshore,2026-09-14T01:01:22Z
2026-09-14T00:59:01Z,2026-09-14T02:59:01+0200,5bd299e4-c9b8-415b-91e4-c2d3175f74bc,2026-09-10T09:00:00Z,2026-09-10T11:00:00+0200,459.666666,MW,DK1,DK_1,forecast_offshore_wind_generation,Wind Offshore,2026-09-14T01:01:22Z
2026-09-14T00:59:01Z,2026-09-14T02:59:01+0200,5bd299e4-c9b8-415b-91e4-c2d3175f74bc,2026-09-10T09:15:00Z,2026-09-10T11:15:00+0200,452.166666,MW,DK1,DK_1,forecast_offshore_wind_generation,Wind Offshore,2026-09-14T01:01:22Z
2026-09-14T00:59:01Z,2026-09-14T02:59:01+0200,5bd299e4-c9b8-415b-91e4-c2d3175f74bc,2026-09-10T09:30:00Z,2026-09-10T11:30:00+0200,446.0,MW,DK1,DK_1,forecast_offshore_wind_generation,Wind Offshore,2026-09-14T01:01:22Z
2026-09-14T00:59:01Z,2026-09-14T02:59:01+0200,5bd299e4-c9b8-415b-91e4-c2d3175f74bc,2026-09-10T09:45:00Z,2026-09-10T11:45:00+0200,440.666666,MW,DK1,DK_1,forecast_offshore_wind_generation,Wind Offshore,2026-09-14T01:01:22Z
2026-09-14T00:59:01Z,2026-09-14T02:59:01+0200,5bd299e4-c9b8-415b-91e4-c2d3175f74bc,2026-09-10T10:00:00Z,2026-09-10T12:00:00+0200,436.166666,MW,DK1,DK_1,forecast_offshore_wind_generation,Wind Offshore,2026-09-14T01:01:22Z
2026-09-14T00:59:01Z,2026-09-14T02:59:01+0200,5bd299e4-c9b8-415b-91e4-c2d3175f74bc,2026-09-10T10:15:00Z,2026-09-10T12:15:00+0200,431.0,MW,DK1,DK_1,forecast_offshore_wind_generation,Wind Offshore,2026-09-14T01:01:22Z
2026-09-14T00:59:01Z,2026-09-14T02:59:01+0200,5bd299e4-c9b8-415b-91e4-c2d3175f74bc,2026-09-10T10:30:00Z,2026-09-10T12:30:00+0200,425.0,MW,DK1,DK_1,forecast_offshore_wind_generation,Wind Offshore,2026-09-14T01:01:22Z
2026-09-14T00:59:01Z,2026-09-14T02:59:01+0200,5bd299e4-c9b8-415b-91e4-c2d3175f74bc,2026-09-10T10:45:00Z,2026-09-10T12:45:00+0200,420.0,MW,DK1,DK_1,forecast_offshore_wind_generation,Wind Offshore,2026-09-14T01:01:22Z
2026-09-14T00:59:01Z,2026-09-14T02:59:01+0200,5bd299e4-c9b8-415b-91e4-c2d3175f74bc,2026-09-10T11:00:00Z,2026-09-10T13:00:00+0200,415.666666,MW,DK1,DK_1,forecast_offshore_wind_generation,Wind Offshore,2026-09-14T01:01:22Z
2026-09-14T00:59:01Z,2026-09-14T02:59:01+0200,5bd299e4-c9b8-415b-91e4-c2d3175f74bc,2026-09-10T11:15:00Z,2026-09-10T13:15:00+0200,411.5,MW,DK1,DK_1,forecast_offshore_wind_generation,Wind Offshore,2026-09-14T01:01:22Z
2026-09-14T00:59:01Z,2026-09-14T02:59:01+0200,5bd299e4-c9b8-415b-91e4-c2d3175f74bc,2026-09-10T11:30:00Z,2026-09-10T13:30:00+0200,406.833333,MW,DK1,DK_1,forecast_offshore_wind_generation,Wind Offshore,2026-09-14T01:01:22Z
2026-09-14T00:59:01Z,2026-09-14T02:59:01+0200,5bd299e4-c9b8-415b-91e4-c2d3175f74bc,2026-09-10T11:45:00Z,2026-09-10T13:45:00+0200,401.833333,MW,DK1,DK_1,forecast_offshore_wind_generation,Wind Offshore,2026-09-14T01:01:22Z
2026-09-14T00:59:01Z,2026-09-14T02:59:01+0200,5bd299e4-c9b8-415b-91e4-c2d3175f74bc,2026-09-10T12:00:00Z,2026-09-10T14:00:00+0200,393.833333,MW,DK1,DK_1,forecast_offshore_wind_generation,Wind Offshore,2026-09-14T01:01:22Z
2026-09-14T00:59:01Z,2026-09-14T02:59:01+0200,5bd299e4-c9b8-415b-91e4-c2d3175f74bc,2026-09-10T12:15:00Z,2026-09-10T14:15:00+0200,381.0,MW,DK1,DK_1,forecast_offshore_wind_generation,Wind Offshore,2026-09-14T01:01:22Z
2026-09-14T00:59:01Z,2026-09-14T02:59:01+0200,5bd299e4-c9b8-415b-91e4-c2d3175f74bc,2026-09-10T12:30:00Z,2026-09-10T14:30:00+0200,366.666666,MW,DK1,DK_1,forecast_offshore_wind_generation,Wind Offshore,2026-09-14T01:01:22Z
2026-09-14T00:59:01Z,2026-09-14T02:59:01+0200,5bd299e4-c9b8-415b-91e4-c2d3175f74bc,2026-09-10T12:45:00Z,2026-09-10T14:45:00+0200,354.666666,MW,DK1,DK_1,forecast_offshore_wind_generation,Wind Offshore,2026-09-14T01:01:22Z
2026-09-14T00:59:01Z,2026-09-14T02:59:01+0200,5bd299e4-c9b8-415b-91e4-c2d3175f74bc,2026-09-10T13:00:00Z,2026-09-10T15:00:00+0200,346.5,MW,DK1,DK_1,forecast_offshore_wind_generation,Wind Offshore,2026-09-14T01:01:22Z
2026-09-14T00:59:01Z,2026-09-14T02:59:01+0200,5bd299e4-c9b8-415b-91e4-c2d3175f74bc,2026-09-10T13:15:00Z,2026-09-10T15:15:00+0200,339.166666,MW,DK1,DK_1,forecast_offshore_wind_generation,Wind Offshore,2026-09-14T01:01:22Z
2026-09-14T00:59:01Z,2026-09-14T02:59:01+0200,5bd299e4-c9b8-415b-91e4-c2d3175f74bc,2026-09-10T13:30:00Z,2026-09-10T15:30:00+0200,333.0,MW,DK1,DK_1,forecast_offshore_wind_generation,Wind Offshore,2026-09-14T01:01:22Z
2026-09-14T00:59:01Z,2026-09-14T02:59:01+0200,5bd299e4-c9b8-415b-91e4-c2d3175f74bc,2026-09-10T13:45:00Z,2026-09-10T15:45:00+0200,328.5,MW,DK1,DK_1,forecast_offshore_wind_generation,Wind Offshore,2026-09-14T01:01:22Z
2026-09-14T00:59:01Z,2026-09-14T02:59:01+0200,5bd299e4-c9b8-415b-91e4-c2d3175f74bc,2026-09-10T14:00:00Z,2026-09-10T16:00:00+0200,327.166666,MW,DK1,DK_1,forecast_offshore_wind_generation,Wind Offshore,2026-09-14T01:01:22Z
2026-09-14T00:59:01Z,2026-09-14T02:59:01+0200,5bd299e4-c9b8-415b-91e4-c2d3175f74bc,2026-09-10T14:15:00Z,2026-09-10T16:15:00+0200,329.5,MW,DK1,DK_1,forecast_offshore_wind_generation,Wind Offshore,2026-09-14T01:01:22Z
2026-09-14T00:59:01Z,2026-09-14T02:59:01+0200,5bd299e4-c9b8-415b-91e4-c2d3175f74bc,2026-09-10T14:30:00Z,2026-09-10T16:30:00+0200,332.333333,MW,DK1,DK_1,forecast_offshore_wind_generation,Wind Offshore,2026-09-14T01:01:22Z
2026-09-14T00:59:01Z,2026-09-14T02:59:01+0200,5bd299e4-c9b8-415b-91e4-c2d3175f74bc,2026-09-10T14:45:00Z,2026-09-10T16:45:00+0200,333.833333,MW,DK1,DK_1,forecast_offshore_wind_generation,Wind Offshore,2026-09-14T01:01:22Z
2026-09-14T00:59:01Z,2026-09-14T02:59:01+0200,5bd299e4-c9b8-415b-91e4-c2d3175f74bc,2026-09-10T15:00:00Z,2026-09-10T17:00:00+0200,333.5,MW,DK1,DK_1,forecast_offshore_wind_generation,Wind Offshore,2026-09-14T01:01:22Z
2026-09-14T00:59:01Z,2026-09-14T02:59:01+0200,5bd299e4-c9b8-415b-91e4-c2d3175f74bc,2026-09-10T15:15:00Z,2026-09-10T17:15:00+0200,332.833333,MW,DK1,DK_1,forecast_offshore_wind_generation,Wind Offshore,2026-09-14T01:01:22Z
2026-09-14T00:59:01Z,2026-09-14T02:59:01+0200,5bd299e4-c9b8-415b-91e4-c2d3175f74bc,2026-09-10T15:30:00Z,2026-09-10T17:30:00+0200,332.0,MW,DK1,DK_1,forecast_offshore_wind_generation,Wind Offshore,2026-09-14T01:01:22Z
2026-09-14T00:59:01Z,2026-09-14T02:59:01+0200,5bd299e4-c9b8-415b-91e4-c2d3175f74bc,2026-09-10T15:45:00Z,2026-09-10T17:45:00+0200,332.0,MW,DK1,DK_1,forecast_offshore_wind_generation,Wind Offshore,2026-09-14T01:01:22Z
2026-09-14T00:59:01Z,2026-09-14T02:59:01+0200,5bd299e4-c9b8-415b-91e4-c2d3175f74bc,2026-09-10T16:00:00Z,2026-09-10T18:00:00+0200,332.166666,MW,DK1,DK_1,forecast_offshore_wind_generation,Wind Offshore,2026-09-14T01:01:22Z
2026-09-14T00:59:01Z,2026-09-14T02:59:01+0200,5bd299e4-c9b8-415b-91e4-c2d3175f74bc,2026-09-10T16:15:00Z,2026-09-10T18:15:00+0200,334.333333,MW,DK1,DK_1,forecast_offshore_wind_generation,Wind Offshore,2026-09-14T01:01:22Z
2026-09-14T00:59:01Z,2026-09-14T02:59:01+0200,5bd299e4-c9b8-415b-91e4-c2d3175f74bc,2026-09-10T16:30:00Z,2026-09-10T18:30:00+0200,336.5,MW,DK1,DK_1,forecast_offshore_wind_generation,Wind Offshore,2026-09-14T01:01:22Z
2026-09-14T00:59:01Z,2026-09-14T02:59:01+0200,5bd299e4-c9b8-415b-91e4-c2d3175f74bc,2026-09-10T16:45:00Z,2026-09-10T18:45:00+0200,339.0,MW,DK1,DK_1,forecast_offshore_wind_generation,Wind Offshore,2026-09-14T01:01:22Z
2026-09-14T00:59:01Z,2026-09-14T02:59:01+0200,5bd299e4-c9b8-415b-91e4-c2d3175f74bc,2026-09-10T17:00:00Z,2026-09-10T19:00:00+0200,341.0,MW,DK1,DK_1,forecast_offshore_wind_generation,Wind Offshore,2026-09-14T01:01:22Z
2026-09-14T00:59:01Z,2026-09-14T02:59:01+0200,5bd299e4-c9b8-415b-91e4-c2d3175f74bc,2026-09-10T17:15:00Z,2026-09-10T19:15:00+0200,343.5,MW,DK1,DK_1,forecast_offshore_wind_generation,Wind Offshore,2026-09-14T01:01:22Z
2026-09-14T00:59:01Z,2026-09-14T02:59:01+0200,5bd299e4-c9b8-415b-91e4-c2d3175f74bc,2026-09-10T17:30:00Z,2026-09-10T19:30:00+0200,346.5,MW,DK1,DK_1,forecast_offshore_wind_generation,Wind Offshore,2026-09-14T01:01:22Z
2026-09-14T00:59:01Z,2026-09-14T02:59:01+0200,5bd299e4-c9b8-415b-91e4-c2d3175f74bc,2026-09-10T17:45:00Z,2026-09-10T19:45:00+0200,350.5,MW,DK1,DK_1,forecast_offshore_wind_generation,Wind Offshore,2026-09-14T01:01:22Z
2026-09-14T00:59:01Z,2026-09-14T02:59:01+0200,5bd299e4-c9b8-415b-91e4-c2d3175f74bc,2026-09-10T18:00:00Z,2026-09-10T20:00:00+0200,355.833333,MW,DK1,DK_1,forecast_offshore_wind_generation,Wind Offshore,2026-09-14T01:01:22Z
2026-09-14T00:59:01Z,2026-09-14T02:59:01+0200,5bd299e4-c9b8-415b-91e4-c2d3175f74bc,2026-09-10T18:15:00Z,2026-09-10T20:15:00+0200,365.0,MW,DK1,DK_1,forecast_offshore_wind_generation,Wind Offshore,2026-09-14T01:01:22Z
2026-09-14T00:59:01Z,2026-09-14T02:59:01+0200,5bd299e4-c9b8-415b-91e4-c2d3175f74bc,2026-09-10T18:30:00Z,2026-09-10T20:30:00+0200,375.833333,MW,DK1,DK_1,forecast_offshore_wind_generation,Wind Offshore,2026-09-14T01:01:22Z
2026-09-14T00:59:01Z,2026-09-14T02:59:01+0200,5bd299e4-c9b8-415b-91e4-c2d3175f74bc,2026-09-10T18:45:00Z,2026-09-10T20:45:00+0200,386.166666,MW,DK1,DK_1,forecast_offshore_wind_generation,Wind Offshore,2026-09-14T01:01:22Z
2026-09-14T00:59:01Z,2026-09-14T02:59:01+0200,5bd299e4-c9b8-415b-91e4-c2d3175f74bc,2026-09-10T19:00:00Z,2026-09-10T21:00:00+0200,393.666666,MW,DK1,DK_1,forecast_offshore_wind_generation,Wind Offshore,2026-09-14T01:01:22Z
2026-09-14T00:59:01Z,2026-09-14T02:59:01+0200,5bd299e4-c9b8-415b-91e4-c2d3175f74bc,2026-09-10T19:15:00Z,2026-09-10T21:15:00+0200,401.666666,MW,DK1,DK_1,forecast_offshore_wind_generation,Wind Offshore,2026-09-14T01:01:22Z
2026-09-14T00:59:01Z,2026-09-14T02:59:01+0200,5bd299e4-c9b8-415b-91e4-c2d3175f74bc,2026-09-10T19:30:00Z,2026-09-10T21:30:00+0200,409.833333,MW,DK1,DK_1,forecast_offshore_wind_generation,Wind Offshore,2026-09-14T01:01:22Z
2026-09-14T00:59:01Z,2026-09-14T02:59:01+0200,5bd299e4-c9b8-415b-91e4-c2d3175f74bc,2026-09-10T19:45:00Z,2026-09-10T21:45:00+0200,417.0,MW,DK1,DK_1,forecast_offshore_wind_generation,Wind Offshore,2026-09-14T01:01:22Z
2026-09-14T00:59:01Z,2026-09-14T02:59:01+0200,5bd299e4-c9b8-415b-91e4-c2d3175f74bc,2026-09-10T20:00:00Z,2026-09-10T22:00:00+0200,424.666666,MW,DK1,DK_1,forecast_offshore_wind_generation,Wind Offshore,2026-09-14T01:01:22Z
2026-09-14T00:59:01Z,2026-09-14T02:59:01+0200,5bd299e4-c9b8-415b-91e4-c2d3175f74bc,2026-09-10T20:15:00Z,2026-09-10T22:15:00+0200,433.5,MW,DK1,DK_1,forecast_offshore_wind_generation,Wind Offshore,2026-09-14T01:01:22Z
2026-09-14T00:59:01Z,2026-09-14T02:59:01+0200,5bd299e4-c9b8-415b-91e4-c2d3175f74bc,2026-09-10T20:30:00Z,2026-09-10T22:30:00+0200,443.333333,MW,DK1,DK_1,forecast_offshore_wind_generation,Wind Offshore,2026-09-14T01:01:22Z
2026-09-14T00:59:01Z,2026-09-14T02:59:01+0200,5bd299e4-c9b8-415b-91e4-c2d3175f74bc,2026-09-10T20:45:00Z,2026-09-10T22:45:00+0200,452.833333,MW,DK1,DK_1,forecast_offshore_wind_generation,Wind Offshore,2026-09-14T01:01:22Z
2026-09-14T00:59:01Z,2026-09-14T02:59:01+0200,5bd299e4-c9b8-415b-91e4-c2d3175f74bc,2026-09-10T21:00:00Z,2026-09-10T23:00:00+0200,462.333333,MW,DK1,DK_1,forecast_offshore_wind_generation,Wind Offshore,2026-09-14T01:01:22Z
2026-09-14T00:59:01Z,2026-09-14T02:59:01+0200,5bd299e4-c9b8-415b-91e4-c2d3175f74bc,2026-09-10T21:15:00Z,2026-09-10T23:15:00+0200,477.166666,MW,DK1,DK_1,forecast_offshore_wind_generation,Wind Offshore,2026-09-14T01:01:22Z
2026-09-14T00:59:01Z,2026-09-14T02:59:01+0200,5bd299e4-c9b8-415b-91e4-c2d3175f74bc,2026-09-10T21:30:00Z,2026-09-10T23:30:00+0200,496.333333,MW,DK1,DK_1,forecast_offshore_wind_generation,Wind Offshore,2026-09-14T01:01:22Z
2026-09-14T00:59:01Z,2026-09-14T02:59:01+0200,5bd299e4-c9b8-415b-91e4-c2d3175f74bc,2026-09-10T21:45:00Z,2026-09-10T23:45:00+0200,515.0,MW,DK1,DK_1,forecast_offshore_wind_generation,Wind Offshore,2026-09-14T01:01:22Z
2026-09-14T00:59:01Z,2026-09-14T02:59:01+0200,5bd299e4-c9b8-415b-91e4-c2d3175f74bc,2026-09-10T22:00:00Z,2026-09-11T00:00:00+0200,579.333333,MW,DK1,DK_1,forecast_offshore_wind_generation,Wind Offshore,2026-09-14T01:01:22Z
2026-09-14T00:59:01Z,2026-09-14T02:59:01+0200,5bd299e4-c9b8-415b-91e4-c2d3175f74bc,2026-09-10T22:15:00Z,2026-09-11T00:15:00+0200,593.333333,MW,DK1,DK_1,forecast_offshore_wind_generation,Wind Offshore,2026-09-14T01:01:22Z
2026-09-14T00:59:01Z,2026-09-14T02:59:01+0200,5bd299e4-c9b8-415b-91e4-c2d3175f74bc,2026-09-10T22:30:00Z,2026-09-11T00:30:00+0200,606.0,MW,DK1,DK_1,forecast_offshore_wind_generation,Wind Offshore,2026-09-14T01:01:22Z
2026-09-14T00:59:01Z,2026-09-14T02:59:01+0200,5bd299e4-c9b8-415b-91e4-c2d3175f74bc,2026-09-10T22:45:00Z,2026-09-11T00:45:00+0200,618.833333,MW,DK1,DK_1,forecast_offshore_wind_generation,Wind Offshore,2026-09-14T01:01:22Z
2026-09-14T00:59:01Z,2026-09-14T02:59:01+0200,5bd299e4-c9b8-415b-91e4-c2d3175f74bc,2026-09-10T23:00:00Z,2026-09-11T01:00:00+0200,631.0,MW,DK1,DK_1,forecast_offshore_wind_generation,Wind Offshore,2026-09-14T01:01:22Z
2026-09-14T00:59:01Z,2026-09-14T02:59:01+0200,5bd299e4-c9b8-415b-91e4-c2d3175f74bc,2026-09-10T23:15:00Z,2026-09-11T01:15:00+0200,643.833333,MW,DK1,DK_1,forecast_offshore_wind_generation,Wind Offshore,2026-09-14T01:01:22Z
2026-09-14T00:59:01Z,2026-09-14T02:59:01+0200,5bd299e4-c9b8-415b-91e4-c2d3175f74bc,2026-09-10T23:30:00Z,2026-09-11T01:30:00+0200,656.166666,MW,DK1,DK_1,forecast_offshore_wind_generation,Wind Offshore,2026-09-14T01:01:22Z
2026-09-14T00:59:01Z,2026-09-14T02:59:01+0200,5bd299e4-c9b8-415b-91e4-c2d3175f74bc,2026-09-10T23:45:00Z,2026-09-11T01:45:00+0200,664.5,MW,DK1,DK_1,forecast_offshore_wind_generation,Wind Offshore,2026-09-14T01:01:22Z
2026-09-14T00:59:01Z,2026-09-14T02:59:01+0200,5bd299e4-c9b8-415b-91e4-c2d3175f74bc,2026-09-11T00:00:00Z,2026-09-11T02:00:00+0200,673.166666,MW,DK1,DK_1,forecast_offshore_wind_generation,Wind Offshore,2026-09-14T01:01:22Z
2026-09-14T00:59:01Z,2026-09-14T02:59:01+0200,5bd299e4-c9b8-415b-91e4-c2d3175f74bc,2026-09-11T00:15:00Z,2026-09-11T02:15:00+0200,686.166666,MW,DK1,DK_1,forecast_offshore_wind_generation,Wind Offshore,2026-09-14T01:01:22Z
2026-09-14T00:59:01Z,2026-09-14T02:59:01+0200,5bd299e4-c9b8-415b-91e4-c2d3175f74bc,2026-09-11T00:30:00Z,2026-09-11T02:30:00+0200,700.833333,MW,DK1,DK_1,forecast_offshore_wind_generation,Wind Offshore,2026-09-14T01:01:22Z
2026-09-14T00:59:01Z,2026-09-14T02:59:01+0200,5bd299e4-c9b8-415b-91e4-c2d3175f74bc,2026-09-11T00:45:00Z,2026-09-11T02:45:00+0200,712.166666,MW,DK1,DK_1,forecast_offshore_wind_generation,Wind Offshore,2026-09-14T01:01:22Z
2026-09-14T00:59:01Z,2026-09-14T02:59:01+0200,5bd299e4-c9b8-415b-91e4-c2d3175f74bc,2026-09-11T01:00:00Z,2026-09-11T03:00:00+0200,719.833333,MW,DK1,DK_1,forecast_offshore_wind_generation,Wind Offshore,2026-09-14T01:01:22Z
2026-09-14T00:59:01Z,2026-09-14T02:59:01+0200,5bd299e4-c9b8-415b-91e4-c2d3175f74bc,2026-09-11T01:15:00Z,2026-09-11T03:15:00+0200,727.333333,MW,DK1,DK_1,forecast_offshore_wind_generation,Wind Offshore,2026-09-14T01:01:22Z
2026-09-14T00:59:01Z,2026-09-14T02:59:01+0200,5bd299e4-c9b8-415b-91e4-c2d3175f74bc,2026-09-11T01:30:00Z,2026-09-11T03:30:00+0200,733.166666,MW,DK1,DK_1,forecast_offshore_wind_generation,Wind Offshore,2026-09-14T01:01:22Z
2026-09-14T00:59:01Z,2026-09-14T02:59:01+0200,5bd299e4-c9b8-415b-91e4-c2d3175f74bc,2026-09-11T01:45:00Z,2026-09-11T03:45:00+0200,738.333333,MW,DK1,DK_1,forecast_offshore_wind_generation,Wind Offshore,2026-09-14T01:01:22Z
2026-09-14T00:59:01Z,2026-09-14T02:59:01+0200,5bd299e4-c9b8-415b-91e4-c2d3175f74bc,2026-09-11T02:00:00Z,2026-09-11T04:00:00+0200,742.166666,MW,DK1,DK_1,forecast_offshore_wind_generation,Wind Offshore,2026-09-14T01:01:22Z
2026-09-14T00:59:01Z,2026-09-14T02:59:01+0200,5bd299e4-c9b8-415b-91e4-c2d3175f74bc,2026-09-11T02:15:00Z,2026-09-11T04:15:00+0200,747.5,MW,DK1,DK_1,forecast_offshore_wind_generation,Wind Offshore,2026-09-14T01:01:22Z
2026-09-14T00:59:01Z,2026-09-14T02:59:01+0200,5bd299e4-c9b8-415b-91e4-c2d3175f74bc,2026-09-11T02:30:00Z,2026-09-11T04:30:00+0200,753.0,MW,DK1,DK_1,forecast_offshore_wind_generation,Wind Offshore,2026-09-14T01:01:22Z
2026-09-14T00:59:01Z,2026-09-14T02:59:01+0200,5bd299e4-c9b8-415b-91e4-c2d3175f74bc,2026-09-11T02:45:00Z,2026-09-11T04:45:00+0200,759.833333,MW,DK1,DK_1,forecast_offshore_wind_generation,Wind Offshore,2026-09-14T01:01:22Z
2026-09-14T00:59:01Z,2026-09-14T02:59:01+0200,5bd299e4-c9b8-415b-91e4-c2d3175f74bc,2026-09-11T03:00:00Z,2026-09-11T05:00:00+0200,766.5,MW,DK1,DK_1,forecast_offshore_wind_generation,Wind Offshore,2026-09-14T01:01:22Z
2026-09-14T00:59:01Z,2026-09-14T02:59:01+0200,5bd299e4-c9b8-415b-91e4-c2d3175f74bc,2026-09-11T03:15:00Z,2026-09-11T05:15:00+0200,774.333333,MW,DK1,DK_1,forecast_offshore_wind_generation,Wind Offshore,2026-09-14T01:01:22Z
2026-09-14T00:59:01Z,2026-09-14T02:59:01+0200,5bd299e4-c9b8-415b-91e4-c2d3175f74bc,2026-09-11T03:30:00Z,2026-09-11T05:30:00+0200,782.0,MW,DK1,DK_1,forecast_offshore_wind_generation,Wind Offshore,2026-09-14T01:01:22Z
2026-09-14T00:59:01Z,2026-09-14T02:59:01+0200,5bd299e4-c9b8-415b-91e4-c2d3175f74bc,2026-09-11T03:45:00Z,2026-09-11T05:45:00+0200,788.833333,MW,DK1,DK_1,forecast_offshore_wind_generation,Wind Offshore,2026-09-14T01:01:22Z
2026-09-14T00:59:01Z,2026-09-14T02:59:01+0200,5bd299e4-c9b8-415b-91e4-c2d3175f74bc,2026-09-11T04:00:00Z,2026-09-11T06:00:00+0200,793.333333,MW,DK1,DK_1,forecast_offshore_wind_generation,Wind Offshore,2026-09-14T01:01:22Z
2026-09-14T00:59:01Z,2026-09-14T02:59:01+0200,5bd299e4-c9b8-415b-91e4-c2d3175f74bc,2026-09-11T04:15:00Z,2026-09-11T06:15:00+0200,796.333333,MW,DK1,DK_1,forecast_offshore_wind_generation,Wind Offshore,2026-09-14T01:01:22Z
2026-09-14T00:59:01Z,2026-09-14T02:59:01+0200,5bd299e4-c9b8-415b-91e4-c2d3175f74bc,2026-09-11T04:30:00Z,2026-09-11T06:30:00+0200,798.333333,MW,DK1,DK_1,forecast_offshore_wind_generation,Wind Offshore,2026-09-14T01:01:22Z
2026-09-14T00:59:01Z,2026-09-14T02:59:01+0200,5bd299e4-c9b8-415b-91e4-c2d3175f74bc,2026-09-11T04:45:00Z,2026-09-11T06:45:00+0200,799.833333,MW,DK1,DK_1,forecast_offshore_wind_generation,Wind Offshore,2026-09-14T01:01:22Z
2026-09-14T00:59:01Z,2026-09-14T02:59:01+0200,5bd299e4-c9b8-415b-91e4-c2d3175f74bc,2026-09-11T05:00:00Z,2026-09-11T07:00:00+0200,802.0,MW,DK1,DK_1,forecast_offshore_wind_generation,Wind Offshore,2026-09-14T01:01:22Z
2026-09-14T00:59:01Z,2026-09-14T02:59:01+0200,5bd299e4-c9b8-415b-91e4-c2d3175f74bc,2026-09-11T05:15:00Z,2026-09-11T07:15:00+0200,806.166666,MW,DK1,DK_1,forecast_offshore_wind_generation,Wind Offshore,2026-09-14T01:01:22Z
2026-09-14T00:59:01Z,2026-09-14T02:59:01+0200,5bd299e4-c9b8-415b-91e4-c2d3175f74bc,2026-09-11T05:30:00Z,2026-09-11T07:30:00+0200,812.0,MW,DK1,DK_1,forecast_offshore_wind_generation,Wind Offshore,2026-09-14T01:01:22Z
2026-09-14T00:59:01Z,2026-09-14T02:59:01+0200,5bd299e4-c9b8-415b-91e4-c2d3175f74bc,2026-09-11T05:45:00Z,2026-09-11T07:45:00+0200,817.5,MW,DK1,DK_1,forecast_offshore_wind_generation,Wind Offshore,2026-09-14T01:01:22Z
2026-09-14T00:59:01Z,2026-09-14T02:59:01+0200,5bd299e4-c9b8-415b-91e4-c2d3175f74bc,2026-09-11T06:00:00Z,2026-09-11T08:00:00+0200,823.5,MW,DK1,DK_1,forecast_offshore_wind_generation,Wind Offshore,2026-09-14T01:01:22Z
2026-09-14T00:59:01Z,2026-09-14T02:59:01+0200,5bd299e4-c9b8-415b-91e4-c2d3175f74bc,2026-09-11T06:15:00Z,2026-09-11T08:15:00+0200,831.0,MW,DK1,DK_1,forecast_offshore_wind_generation,Wind Offshore,2026-09-14T01:01:22Z
2026-09-14T00:59:01Z,2026-09-14T02:59:01+0200,5bd299e4-c9b8-415b-91e4-c2d3175f74bc,2026-09-11T06:30:00Z,2026-09-11T08:30:00+0200,839.0,MW,DK1,DK_1,forecast_offshore_wind_generation,Wind Offshore,2026-09-14T01:01:22Z
2026-09-14T00:59:01Z,2026-09-14T02:59:01+0200,5bd299e4-c9b8-415b-91e4-c2d3175f74bc,2026-09-11T06:45:00Z,2026-09-11T08:45:00+0200,846.0,MW,DK1,DK_1,forecast_offshore_wind_generation,Wind Offshore,2026-09-14T01:01:22Z
2026-09-14T00:59:01Z,2026-09-14T02:59:01+0200,5bd299e4-c9b8-415b-91e4-c2d3175f74bc,2026-09-11T07:00:00Z,2026-09-11T09:00:00+0200,851.5,MW,DK1,DK_1,forecast_offshore_wind_generation,Wind Offshore,2026-09-14T01:01:22Z
2026-09-14T00:59:01Z,2026-09-14T02:59:01+0200,5bd299e4-c9b8-415b-91e4-c2d3175f74bc,2026-09-11T07:15:00Z,2026-09-11T09:15:00+0200,856.0,MW,DK1,DK_1,forecast_offshore_wind_generation,Wind Offshore,2026-09-14T01:01:22Z
2026-09-14T00:59:01Z,2026-09-14T02:59:01+0200,5bd299e4-c9b8-415b-91e4-c2d3175f74bc,2026-09-11T07:30:00Z,2026-09-11T09:30:00+0200,860.0,MW,DK1,DK_1,forecast_offshore_wind_generation,Wind Offshore,2026-09-14T01:01:22Z
2026-09-14T00:59:01Z,2026-09-14T02:59:01+0200,5bd299e4-c9b8-415b-91e4-c2d3175f74bc,2026-09-11T07:45:00Z,2026-09-11T09:45:00+0200,863.5,MW,DK1,DK_1,forecast_offshore_wind_generation,Wind Offshore,2026-09-14T01:01:22Z
2026-09-14T00:59:01Z,2026-09-14T02:59:01+0200,5bd299e4-c9b8-415b-91e4-c2d3175f74bc,2026-09-11T08:00:00Z,2026-09-11T10:00:00+0200,866.0,MW,DK1,DK_1,forecast_offshore_wind_generation,Wind Offshore,2026-09-14T01:01:22Z
2026-09-14T00:59:01Z,2026-09-14T02:59:01+0200,5bd299e4-c9b8-415b-91e4-c2d3175f74bc,2026-09-11T08:15:00Z,2026-09-11T10:15:00+0200,868.0,MW,DK1,DK_1,forecast_offshore_wind_generation,Wind Offshore,2026-09-14T01:01:22Z
2026-09-14T00:59:01Z,2026-09-14T02:59:01+0200,5bd299e4-c9b8-415b-91e4-c2d3175f74bc,2026-09-11T08:30:00Z,2026-09-11T10:30:00+0200,869.5,MW,DK1,DK_1,forecast_offshore_wind_generation,Wind Offshore,2026-09-14T01:01:22Z
2026-09-14T00:59:01Z,2026-09-14T02:59:01+0200,5bd299e4-c9b8-415b-91e4-c2d3175f74bc,2026-09-11T08:45:00Z,2026-09-11T10:45:00+0200,869.833333,MW,DK1,DK_1,forecast_offshore_wind_generation,Wind Offshore,2026-09-14T01:01:22Z
2026-09-14T00:59:01Z,2026-09-14T02:59:01+0200,5bd299e4-c9b8-415b-91e4-c2d3175f74bc,2026-09-11T09:00:00Z,2026-09-11T11:00:00+0200,866.833333,MW,DK1,DK_1,forecast_offshore_wind_generation,Wind Offshore,2026-09-14T01:01:22Z
2026-09-14T00:59:01Z,2026-09-14T02:59:01+0200,5bd299e4-c9b8-415b-91e4-c2d3175f74bc,2026-09-11T09:15:00Z,2026-09-11T11:15:00+0200,860.166666,MW,DK1,DK_1,forecast_offshore_wind_generation,Wind Offshore,2026-09-14T01:01:22Z
2026-09-14T00:59:01Z,2026-09-14T02:59:01+0200,5bd299e4-c9b8-415b-91e4-c2d3175f74bc,2026-09-11T09:30:00Z,2026-09-11T11:30:00+0200,848.833333,MW,DK1,DK_1,forecast_offshore_wind_generation,Wind Offshore,2026-09-14T01:01:22Z
2026-09-14T00:59:01Z,2026-09-14T02:59:01+0200,5bd299e4-c9b8-415b-91e4-c2d3175f74bc,2026-09-11T09:45:00Z,2026-09-11T11:45:00+0200,834.0,MW,DK1,DK_1,forecast_offshore_wind_generation,Wind Offshore,2026-09-14T01:01:22Z
2026-09-14T00:59:01Z,2026-09-14T02:59:01+0200,5bd299e4-c9b8-415b-91e4-c2d3175f74bc,2026-09-11T10:00:00Z,2026-09-11T12:00:00+0200,817.5,MW,DK1,DK_1,forecast_offshore_wind_generation,Wind Offshore,2026-09-14T01:01:22Z
2026-09-14T00:59:01Z,2026-09-14T02:59:01+0200,5bd299e4-c9b8-415b-91e4-c2d3175f74bc,2026-09-11T10:15:00Z,2026-09-11T12:15:00+0200,797.333333,MW,DK1,DK_1,forecast_offshore_wind_generation,Wind Offshore,2026-09-14T01:01:22Z
2026-09-14T00:59:01Z,2026-09-14T02:59:01+0200,5bd299e4-c9b8-415b-91e4-c2d3175f74bc,2026-09-11T10:30:00Z,2026-09-11T12:30:00+0200,766.5,MW,DK1,DK_1,forecast_offshore_wind_generation,Wind Offshore,2026-09-14T01:01:22Z
2026-09-14T00:59:01Z,2026-09-14T02:59:01+0200,5bd299e4-c9b8-415b-91e4-c2d3175f74bc,2026-09-11T10:45:00Z,2026-09-11T12:45:00+0200,732.333333,MW,DK1,DK_1,forecast_offshore_wind_generation,Wind Offshore,2026-09-14T01:01:22Z
2026-09-14T00:59:01Z,2026-09-14T02:59:01+0200,5bd299e4-c9b8-415b-91e4-c2d3175f74bc,2026-09-11T11:00:00Z,2026-09-11T13:00:00+0200,700.0,MW,DK1,DK_1,forecast_offshore_wind_generation,Wind Offshore,2026-09-14T01:01:22Z
2026-09-14T00:59:01Z,2026-09-14T02:59:01+0200,5bd299e4-c9b8-415b-91e4-c2d3175f74bc,2026-09-11T11:15:00Z,2026-09-11T13:15:00+0200,661.0,MW,DK1,DK_1,forecast_offshore_wind_generation,Wind Offshore,2026-09-14T01:01:22Z
2026-09-14T00:59:01Z,2026-09-14T02:59:01+0200,5bd299e4-c9b8-415b-91e4-c2d3175f74bc,2026-09-11T11:30:00Z,2026-09-11T13:30:00+0200,617.833333,MW,DK1,DK_1,forecast_offshore_wind_generation,Wind Offshore,2026-09-14T01:01:22Z
2026-09-14T00:59:01Z,2026-09-14T02:59:01+0200,5bd299e4-c9b8-415b-91e4-c2d3175f74bc,2026-09-11T11:45:00Z,2026-09-11T13:45:00+0200,580.5,MW,DK1,DK_1,forecast_offshore_wind_generation,Wind Offshore,2026-09-14T01:01:22Z
2026-09-14T00:59:01Z,2026-09-14T02:59:01+0200,5bd299e4-c9b8-415b-91e4-c2d3175f74bc,2026-09-11T12:00:00Z,2026-09-11T14:00:00+0200,554.666666,MW,DK1,DK_1,forecast_offshore_wind_generation,Wind Offshore,2026-09-14T01:01:22Z
2026-09-14T00:59:01Z,2026-09-14T02:59:01+0200,5bd299e4-c9b8-415b-91e4-c2d3175f74bc,2026-09-11T12:15:00Z,2026-09-11T14:15:00+0200,534.5,MW,DK1,DK_1,forecast_offshore_wind_generation,Wind Offshore,2026-09-14T01:01:22Z
2026-09-14T00:59:01Z,2026-09-14T02:59:01+0200,5bd299e4-c9b8-415b-91e4-c2d3175f74bc,2026-09-11T12:30:00Z,2026-09-11T14:30:00+0200,516.166666,MW,DK1,DK_1,forecast_offshore_wind_generation,Wind Offshore,2026-09-14T01:01:22Z
2026-09-14T00:59:01Z,2026-09-14T02:59:01+0200,5bd299e4-c9b8-415b-91e4-c2d3175f74bc,2026-09-11T12:45:00Z,2026-09-11T14:45:00+0200,500.833333,MW,DK1,DK_1,forecast_offshore_wind_generation,Wind Offshore,2026-09-14T01:01:22Z
2026-09-14T00:59:01Z,2026-09-14T02:59:01+0200,5bd299e4-c9b8-415b-91e4-c2d3175f74bc,2026-09-11T13:00:00Z,2026-09-11T15:00:00+0200,489.166666,MW,DK1,DK_1,forecast_offshore_wind_generation,Wind Offshore,2026-09-14T01:01:22Z
2026-09-14T00:59:01Z,2026-09-14T02:59:01+0200,5bd299e4-c9b8-415b-91e4-c2d3175f74bc,2026-09-11T13:15:00Z,2026-09-11T15:15:00+0200,480.0,MW,DK1,DK_1,forecast_offshore_wind_generation,Wind Offshore,2026-09-14T01:01:22Z
2026-09-14T00:59:01Z,2026-09-14T02:59:01+0200,5bd299e4-c9b8-415b-91e4-c2d3175f74bc,2026-09-11T13:30:00Z,2026-09-11T15:30:00+0200,472.0,MW,DK1,DK_1,forecast_offshore_wind_generation,Wind Offshore,2026-09-14T01:01:22Z
2026-09-14T00:59:01Z,2026-09-14T02:59:01+0200,5bd299e4-c9b8-415b-91e4-c2d3175f74bc,2026-09-11T13:45:00Z,2026-09-11T15:45:00+0200,465.0,MW,DK1,DK_1,forecast_offshore_wind_generation,Wind Offshore,2026-09-14T01:01:22Z
2026-09-14T00:59:01Z,2026-09-14T02:59:01+0200,5bd299e4-c9b8-415b-91e4-c2d3175f74bc,2026-09-11T14:00:00Z,2026-09-11T16:00:00+0200,458.833333,MW,DK1,DK_1,forecast_offshore_wind_generation,Wind Offshore,2026-09-14T01:01:22Z
2026-09-14T00:59:01Z,2026-09-14T02:59:01+0200,5bd299e4-c9b8-415b-91e4-c2d3175f74bc,2026-09-11T14:15:00Z,2026-09-11T16:15:00+0200,451.0,MW,DK1,DK_1,forecast_offshore_wind_generation,Wind Offshore,2026-09-14T01:01:22Z
2026-09-14T00:59:01Z,2026-09-14T02:59:01+0200,5bd299e4-c9b8-415b-91e4-c2d3175f74bc,2026-09-11T14:30:00Z,2026-09-11T16:30:00+0200,443.5,MW,DK1,DK_1,forecast_offshore_wind_generation,Wind Offshore,2026-09-14T01:01:22Z
2026-09-14T00:59:01Z,2026-09-14T02:59:01+0200,5bd299e4-c9b8-415b-91e4-c2d3175f74bc,2026-09-11T14:45:00Z,2026-09-11T16:45:00+0200,437.5,MW,DK1,DK_1,forecast_offshore_wind_generation,Wind Offshore,2026-09-14T01:01:22Z
2026-09-14T00:59:01Z,2026-09-14T02:59:01+0200,5bd299e4-c9b8-415b-91e4-c2d3175f74bc,2026-09-11T15:00:00Z,2026-09-11T17:00:00+0200,434.5,MW,DK1,DK_1,forecast_offshore_wind_generation,Wind Offshore,2026-09-14T01:01:22Z
2026-09-14T00:59:01Z,2026-09-14T02:59:01+0200,5bd299e4-c9b8-415b-91e4-c2d3175f74bc,2026-09-11T15:15:00Z,2026-09-11T17:15:00+0200,434.166666,MW,DK1,DK_1,forecast_offshore_wind_generation,Wind Offshore,2026-09-14T01:01:22Z
2026-09-14T00:59:01Z,2026-09-14T02:59:01+0200,5bd299e4-c9b8-415b-91e4-c2d3175f74bc,2026-09-11T15:30:00Z,2026-09-11T17:30:00+0200,435.166666,MW,DK1,DK_1,forecast_offshore_wind_generation,Wind Offshore,2026-09-14T01:01:22Z
2026-09-14T00:59:01Z,2026-09-14T02:59:01+0200,5bd299e4-c9b8-415b-91e4-c2d3175f74bc,2026-09-11T15:45:00Z,2026-09-11T17:45:00+0200,435.833333,MW,DK1,DK_1,forecast_offshore_wind_generation,Wind Offshore,2026-09-14T01:01:22Z
2026-09-14T00:59:01Z,2026-09-14T02:59:01+0200,5bd299e4-c9b8-415b-91e4-c2d3175f74bc,2026-09-11T16:00:00Z,2026-09-11T18:00:00+0200,433.0,MW,DK1,DK_1,forecast_offshore_wind_generation,Wind Offshore,2026-09-14T01:01:22Z
2026-09-14T00:59:01Z,2026-09-14T02:59:01+0200,5bd299e4-c9b8-415b-91e4-c2d3175f74bc,2026-09-11T16:15:00Z,2026-09-11T18:15:00+0200,428.5,MW,DK1,DK_1,forecast_offshore_wind_generation,Wind Offshore,2026-09-14T01:01:22Z
2026-09-14T00:59:01Z,2026-09-14T02:59:01+0200,5bd299e4-c9b8-415b-91e4-c2d3175f74bc,2026-09-11T16:30:00Z,2026-09-11T18:30:00+0200,423.5,MW,DK1,DK_1,forecast_offshore_wind_generation,Wind Offshore,2026-09-14T01:01:22Z
2026-09-14T00:59:01Z,2026-09-14T02:59:01+0200,5bd299e4-c9b8-415b-91e4-c2d3175f74bc,2026-09-11T16:45:00Z,2026-09-11T18:45:00+0200,420.0,MW,DK1,DK_1,forecast_offshore_wind_generation,Wind Offshore,2026-09-14T01:01:22Z
2026-09-14T00:59:01Z,2026-09-14T02:59:01+0200,5bd299e4-c9b8-415b-91e4-c2d3175f74bc,2026-09-11T17:00:00Z,2026-09-11T19:00:00+0200,420.0,MW,DK1,DK_1,forecast_offshore_wind_generation,Wind Offshore,2026-09-14T01:01:22Z
2026-09-14T00:59:01Z,2026-09-14T02:59:01+0200,5bd299e4-c9b8-415b-91e4-c2d3175f74bc,2026-09-11T17:15:00Z,2026-09-11T19:15:00+0200,423.166666,MW,DK1,DK_1,forecast_offshore_wind_generation,Wind Offshore,2026-09-14T01:01:22Z
2026-09-14T00:59:01Z,2026-09-14T02:59:01+0200,5bd299e4-c9b8-415b-91e4-c2d3175f74bc,2026-09-11T17:30:00Z,2026-09-11T19:30:00+0200,428.0,MW,DK1,DK_1,forecast_offshore_wind_generation,Wind Offshore,2026-09-14T01:01:22Z
2026-09-14T00:59:01Z,2026-09-14T02:59:01+0200,5bd299e4-c9b8-415b-91e4-c2d3175f74bc,2026-09-11T17:45:00Z,2026-09-11T19:45:00+0200,432.166666,MW,DK1,DK_1,forecast_offshore_wind_generation,Wind Offshore,2026-09-14T01:01:22Z
2026-09-14T00:59:01Z,2026-09-14T02:59:01+0200,5bd299e4-c9b8-415b-91e4-c2d3175f74bc,2026-09-11T18:00:00Z,2026-09-11T20:00:00+0200,432.333333,MW,DK1,DK_1,forecast_offshore_wind_generation,Wind Offshore,2026-09-14T01:01:22Z
2026-09-14T00:59:01Z,2026-09-14T02:59:01+0200,5bd299e4-c9b8-415b-91e4-c2d3175f74bc,2026-09-11T18:15:00Z,2026-09-11T20:15:00+0200,426.5,MW,DK1,DK_1,forecast_offshore_wind_generation,Wind Offshore,2026-09-14T01:01:22Z
2026-09-14T00:59:01Z,2026-09-14T02:59:01+0200,5bd299e4-c9b8-415b-91e4-c2d3175f74bc,2026-09-11T18:30:00Z,2026-09-11T20:30:00+0200,416.166666,MW,DK1,DK_1,forecast_offshore_wind_generation,Wind Offshore,2026-09-14T01:01:22Z
2026-09-14T00:59:01Z,2026-09-14T02:59:01+0200,5bd299e4-c9b8-415b-91e4-c2d3175f74bc,2026-09-11T18:45:00Z,2026-09-11T20:45:00+0200,405.666666,MW,DK1,DK_1,forecast_offshore_wind_generation,Wind Offshore,2026-09-14T01:01:22Z
2026-09-14T00:59:01Z,2026-09-14T02:59:01+0200,5bd299e4-c9b8-415b-91e4-c2d3175f74bc,2026-09-11T19:00:00Z,2026-09-11T21:00:00+0200,396.333333,MW,DK1,DK_1,forecast_offshore_wind_generation,Wind Offshore,2026-09-14T01:01:22Z
2026-09-14T00:59:01Z,2026-09-14T02:59:01+0200,5bd299e4-c9b8-415b-91e4-c2d3175f74bc,2026-09-11T19:15:00Z,2026-09-11T21:15:00+0200,384.5,MW,DK1,DK_1,forecast_offshore_wind_generation,Wind Offshore,2026-09-14T01:01:22Z
2026-09-14T00:59:01Z,2026-09-14T02:59:01+0200,5bd299e4-c9b8-415b-91e4-c2d3175f74bc,2026-09-11T19:30:00Z,2026-09-11T21:30:00+0200,372.5,MW,DK1,DK_1,forecast_offshore_wind_generation,Wind Offshore,2026-09-14T01:01:22Z
2026-09-14T00:59:01Z,2026-09-14T02:59:01+0200,5bd299e4-c9b8-415b-91e4-c2d3175f74bc,2026-09-11T19:45:00Z,2026-09-11T21:45:00+0200,361.833333,MW,DK1,DK_1,forecast_offshore_wind_generation,Wind Offshore,2026-09-14T01:01:22Z
2026-09-14T00:59:01Z,2026-09-14T02:59:01+0200,5bd299e4-c9b8-415b-91e4-c2d3175f74bc,2026-09-11T20:00:00Z,2026-09-11T22:00:00+0200,355.666666,MW,DK1,DK_1,forecast_offshore_wind_generation,Wind Offshore,2026-09-14T01:01:22Z
2026-09-14T00:59:01Z,2026-09-14T02:59:01+0200,5bd299e4-c9b8-415b-91e4-c2d3175f74bc,2026-09-11T20:15:00Z,2026-09-11T22:15:00+0200,353.0,MW,DK1,DK_1,forecast_offshore_wind_generation,Wind Offshore,2026-09-14T01:01:22Z
2026-09-14T00:59:01Z,2026-09-14T02:59:01+0200,5bd299e4-c9b8-415b-91e4-c2d3175f74bc,2026-09-11T20:30:00Z,2026-09-11T22:30:00+0200,351.5,MW,DK1,DK_1,forecast_offshore_wind_generation,Wind Offshore,2026-09-14T01:01:22Z
2026-09-14T00:59:01Z,2026-09-14T02:59:01+0200,5bd299e4-c9b8-415b-91e4-c2d3175f74bc,2026-09-11T20:45:00Z,2026-09-11T22:45:00+0200,349.5,MW,DK1,DK_1,forecast_offshore_wind_generation,Wind Offshore,2026-09-14T01:01:22Z
2026-09-14T00:59:01Z,2026-09-14T02:59:01+0200,5bd299e4-c9b8-415b-91e4-c2d3175f74bc,2026-09-11T21:00:00Z,2026-09-11T23:00:00+0200,345.5,MW,DK1,DK_1,forecast_offshore_wind_generation,Wind Offshore,2026-09-14T01:01:22Z
2026-09-14T00:59:01Z,2026-09-14T02:59:01+0200,5bd299e4-c9b8-415b-91e4-c2d3175f74bc,2026-09-11T21:15:00Z,2026-09-11T23:15:00+0200,341.333333,MW,DK1,DK_1,forecast_offshore_wind_generation,Wind Offshore,2026-09-14T01:01:22Z
2026-09-14T00:59:01Z,2026-09-14T02:59:01+0200,5bd299e4-c9b8-415b-91e4-c2d3175f74bc,2026-09-11T21:30:00Z,2026-09-11T23:30:00+0200,336.0,MW,DK1,DK_1,forecast_offshore_wind_generation,Wind Offshore,2026-09-14T01:01:22Z
2026-09-14T00:59:01Z,2026-09-14T02:59:01+0200,5bd299e4-c9b8-415b-91e4-c2d3175f74bc,2026-09-11T21:45:00Z,2026-09-11T23:45:00+0200,329.333333,MW,DK1,DK_1,forecast_offshore_wind_generation,Wind Offshore,2026-09-14T01:01:22Z
2026-09-14T00:59:01Z,2026-09-14T02:59:01+0200,5bd299e4-c9b8-415b-91e4-c2d3175f74bc,2026-09-11T22:00:00Z,2026-09-12T00:00:00+0200,276.0,MW,DK1,DK_1,forecast_offshore_wind_generation,Wind Offshore,2026-09-14T01:01:22Z
2026-09-14T00:59:01Z,2026-09-14T02:59:01+0200,5bd299e4-c9b8-415b-91e4-c2d3175f74bc,2026-09-11T22:15:00Z,2026-09-12T00:15:00+0200,256.0,MW,DK1,DK_1,forecast_offshore_wind_generation,Wind Offshore,2026-09-14T01:01:22Z
2026-09-14T00:59:01Z,2026-09-14T02:59:01+0200,5bd299e4-c9b8-415b-91e4-c2d3175f74bc,2026-09-11T22:30:00Z,2026-09-12T00:30:00+0200,237.5,MW,DK1,DK_1,forecast_offshore_wind_generation,Wind Offshore,2026-09-14T01:01:22Z
2026-09-14T00:59:01Z,2026-09-14T02:59:01+0200,5bd299e4-c9b8-415b-91e4-c2d3175f74bc,2026-09-11T22:45:00Z,2026-09-12T00:45:00+0200,220.833333,MW,DK1,DK_1,forecast_offshore_wind_generation,Wind Offshore,2026-09-14T01:01:22Z
2026-09-14T00:59:01Z,2026-09-14T02:59:01+0200,5bd299e4-c9b8-415b-91e4-c2d3175f74bc,2026-09-11T23:00:00Z,2026-09-12T01:00:00+0200,207.833333,MW,DK1,DK_1,forecast_offshore_wind_generation,Wind Offshore,2026-09-14T01:01:22Z
2026-09-14T00:59:01Z,2026-09-14T02:59:01+0200,5bd299e4-c9b8-415b-91e4-c2d3175f74bc,2026-09-11T23:15:00Z,2026-09-12T01:15:00+0200,194.0,MW,DK1,DK_1,forecast_offshore_wind_generation,Wind Offshore,2026-09-14T01:01:22Z
2026-09-14T00:59:01Z,2026-09-14T02:59:01+0200,5bd299e4-c9b8-415b-91e4-c2d3175f74bc,2026-09-11T23:30:00Z,2026-09-12T01:30:00+0200,181.0,MW,DK1,DK_1,forecast_offshore_wind_generation,Wind Offshore,2026-09-14T01:01:22Z
2026-09-14T00:59:01Z,2026-09-14T02:59:01+0200,5bd299e4-c9b8-415b-91e4-c2d3175f74bc,2026-09-11T23:45:00Z,2026-09-12T01:45:00+0200,170.166666,MW,DK1,DK_1,forecast_offshore_wind_generation,Wind Offshore,2026-09-14T01:01:22Z
2026-09-14T00:59:01Z,2026-09-14T02:59:01+0200,5bd299e4-c9b8-415b-91e4-c2d3175f74bc,2026-09-12T00:00:00Z,2026-09-12T02:00:00+0200,162.166666,MW,DK1,DK_1,forecast_offshore_wind_generation,Wind Offshore,2026-09-14T01:01:22Z
2026-09-14T00:59:01Z,2026-09-14T02:59:01+0200,5bd299e4-c9b8-415b-91e4-c2d3175f74bc,2026-09-12T00:15:00Z,2026-09-12T02:15:00+0200,156.0,MW,DK1,DK_1,forecast_offshore_wind_generation,Wind Offshore,2026-09-14T01:01:22Z
2026-09-14T00:59:01Z,2026-09-14T02:59:01+0200,5bd299e4-c9b8-415b-91e4-c2d3175f74bc,2026-09-12T00:30:00Z,2026-09-12T02:30:00+0200,150.666666,MW,DK1,DK_1,forecast_offshore_wind_generation,Wind Offshore,2026-09-14T01:01:22Z
2026-09-14T00:59:01Z,2026-09-14T02:59:01+0200,5bd299e4-c9b8-415b-91e4-c2d3175f74bc,2026-09-12T00:45:00Z,2026-09-12T02:45:00+0200,149.0,MW,DK1,DK_1,forecast_offshore_wind_generation,Wind Offshore,2026-09-14T01:01:22Z
2026-09-14T00:59:01Z,2026-09-14T02:59:01+0200,5bd299e4-c9b8-415b-91e4-c2d3175f74bc,2026-09-12T01:00:00Z,2026-09-12T03:00:00+0200,150.0,MW,DK1,DK_1,forecast_offshore_wind_generation,Wind Offshore,2026-09-14T01:01:22Z
2026-09-14T00:59:01Z,2026-09-14T02:59:01+0200,5bd299e4-c9b8-415b-91e4-c2d3175f74bc,2026-09-12T01:15:00Z,2026-09-12T03:15:00+0200,152.666666,MW,DK1,DK_1,forecast_offshore_wind_generation,Wind Offshore,2026-09-14T01:01:22Z
2026-09-14T00:59:01Z,2026-09-14T02:59:01+0200,5bd299e4-c9b8-415b-91e4-c2d3175f74bc,2026-09-12T01:30:00Z,2026-09-12T03:30:00+0200,157.166666,MW,DK1,DK_1,forecast_offshore_wind_generation,Wind Offshore,2026-09-14T01:01:22Z
2026-09-14T00:59:01Z,2026-09-14T02:59:01+0200,5bd299e4-c9b8-415b-91e4-c2d3175f74bc,2026-09-12T01:45:00Z,2026-09-12T03:45:00+0200,161.5,MW,DK1,DK_1,forecast_offshore_wind_generation,Wind Offshore,2026-09-14T01:01:22Z
2026-09-14T00:59:01Z,2026-09-14T02:59:01+0200,5bd299e4-c9b8-415b-91e4-c2d3175f74bc,2026-09-12T02:00:00Z,2026-09-12T04:00:00+0200,164.0,MW,DK1,DK_1,forecast_offshore_wind_generation,Wind Offshore,2026-09-14T01:01:22Z
2026-09-14T00:59:01Z,2026-09-14T02:59:01+0200,5bd299e4-c9b8-415b-91e4-c2d3175f74bc,2026-09-12T02:15:00Z,2026-09-12T04:15:00+0200,165.666666,MW,DK1,DK_1,forecast_offshore_wind_generation,Wind Offshore,2026-09-14T01:01:22Z
2026-09-14T00:59:01Z,2026-09-14T02:59:01+0200,5bd299e4-c9b8-415b-91e4-c2d3175f74bc,2026-09-12T02:30:00Z,2026-09-12T04:30:00+0200,167.166666,MW,DK1,DK_1,forecast_offshore_wind_generation,Wind Offshore,2026-09-14T01:01:22Z
2026-09-14T00:59:01Z,2026-09-14T02:59:01+0200,5bd299e4-c9b8-415b-91e4-c2d3175f74bc,2026-09-12T02:45:00Z,2026-09-12T04:45:00+0200,166.666666,MW,DK1,DK_1,forecast_offshore_wind_generation,Wind Offshore,2026-09-14T01:01:22Z
2026-09-14T00:59:01Z,2026-09-14T02:59:01+0200,5bd299e4-c9b8-415b-91e4-c2d3175f74bc,2026-09-12T03:00:00Z,2026-09-12T05:00:00+0200,165.0,MW,DK1,DK_1,forecast_offshore_wind_generation,Wind Offshore,2026-09-14T01:01:22Z
2026-09-14T00:59:01Z,2026-09-14T02:59:01+0200,5bd299e4-c9b8-415b-91e4-c2d3175f74bc,2026-09-12T03:15:00Z,2026-09-12T05:15:00+0200,162.5,MW,DK1,DK_1,forecast_offshore_wind_generation,Wind Offshore,2026-09-14T01:01:22Z
2026-09-14T00:59:01Z,2026-09-14T02:59:01+0200,5bd299e4-c9b8-415b-91e4-c2d3175f74bc,2026-09-12T03:30:00Z,2026-09-12T05:30:00+0200,160.0,MW,DK1,DK_1,forecast_offshore_wind_generation,Wind Offshore,2026-09-14T01:01:22Z
2026-09-14T00:59:01Z,2026-09-14T02:59:01+0200,5bd299e4-c9b8-415b-91e4-c2d3175f74bc,2026-09-12T03:45:00Z,2026-09-12T05:45:00+0200,159.0,MW,DK1,DK_1,forecast_offshore_wind_generation,Wind Offshore,2026-09-14T01:01:22Z
2026-09-14T00:59:01Z,2026-09-14T02:59:01+0200,5bd299e4-c9b8-415b-91e4-c2d3175f74bc,2026-09-12T04:00:00Z,2026-09-12T06:00:00+0200,159.166666,MW,DK1,DK_1,forecast_offshore_wind_generation,Wind Offshore,2026-09-14T01:01:22Z
2026-09-14T00:59:01Z,2026-09-14T02:59:01+0200,5bd299e4-c9b8-415b-91e4-c2d3175f74bc,2026-09-12T04:15:00Z,2026-09-12T06:15:00+0200,161.5,MW,DK1,DK_1,forecast_offshore_wind_generation,Wind Offshore,2026-09-14T01:01:22Z
2026-09-14T00:59:01Z,2026-09-14T02:59:01+0200,5bd299e4-c9b8-415b-91e4-c2d3175f74bc,2026-09-12T04:30:00Z,2026-09-12T06:30:00+0200,165.0,MW,DK1,DK_1,forecast_offshore_wind_generation,Wind Offshore,2026-09-14T01:01:22Z
2026-09-14T00:59:01Z,2026-09-14T02:59:01+0200,5bd299e4-c9b8-415b-91e4-c2d3175f74bc,2026-09-12T04:45:00Z,2026-09-12T06:45:00+0200,169.0,MW,DK1,DK_1,forecast_offshore_wind_generation,Wind Offshore,2026-09-14T01:01:22Z
2026-09-14T00:59:01Z,2026-09-14T02:59:01+0200,5bd299e4-c9b8-415b-91e4-c2d3175f74bc,2026-09-12T05:00:00Z,2026-09-12T07:00:00+0200,171.833333,MW,DK1,DK_1,forecast_offshore_wind_generation,Wind Offshore,2026-09-14T01:01:22Z
2026-09-14T00:59:01Z,2026-09-14T02:59:01+0200,5bd299e4-c9b8-415b-91e4-c2d3175f74bc,2026-09-12T05:15:00Z,2026-09-12T07:15:00+0200,171.166666,MW,DK1,DK_1,forecast_offshore_wind_generation,Wind Offshore,2026-09-14T01:01:22Z
2026-09-14T00:59:01Z,2026-09-14T02:59:01+0200,5bd299e4-c9b8-415b-91e4-c2d3175f74bc,2026-09-12T05:30:00Z,2026-09-12T07:30:00+0200,170.166666,MW,DK1,DK_1,forecast_offshore_wind_generation,Wind Offshore,2026-09-14T01:01:22Z
2026-09-14T00:59:01Z,2026-09-14T02:59:01+0200,5bd299e4-c9b8-415b-91e4-c2d3175f74bc,2026-09-12T05:45:00Z,2026-09-12T07:45:00+0200,170.333333,MW,DK1,DK_1,forecast_offshore_wind_generation,Wind Offshore,2026-09-14T01:01:22Z
2026-09-14T00:59:01Z,2026-09-14T02:59:01+0200,5bd299e4-c9b8-415b-91e4-c2d3175f74bc,2026-09-12T06:00:00Z,2026-09-12T08:00:00+0200,174.333333,MW,DK1,DK_1,forecast_offshore_wind_generation,Wind Offshore,2026-09-14T01:01:22Z
2026-09-14T00:59:01Z,2026-09-14T02:59:01+0200,5bd299e4-c9b8-415b-91e4-c2d3175f74bc,2026-09-12T06:15:00Z,2026-09-12T08:15:00+0200,183.833333,MW,DK1,DK_1,forecast_offshore_wind_generation,Wind Offshore,2026-09-14T01:01:22Z
2026-09-14T00:59:01Z,2026-09-14T02:59:01+0200,5bd299e4-c9b8-415b-91e4-c2d3175f74bc,2026-09-12T06:30:00Z,2026-09-12T08:30:00+0200,200.0,MW,DK1,DK_1,forecast_offshore_wind_generation,Wind Offshore,2026-09-14T01:01:22Z
2026-09-14T00:59:01Z,2026-09-14T02:59:01+0200,5bd299e4-c9b8-415b-91e4-c2d3175f74bc,2026-09-12T06:45:00Z,2026-09-12T08:45:00+0200,219.333333,MW,DK1,DK_1,forecast_offshore_wind_generation,Wind Offshore,2026-09-14T01:01:22Z
2026-09-14T00:59:01Z,2026-09-14T02:59:01+0200,5bd299e4-c9b8-415b-91e4-c2d3175f74bc,2026-09-12T07:00:00Z,2026-09-12T09:00:00+0200,238.833333,MW,DK1,DK_1,forecast_offshore_wind_generation,Wind Offshore,2026-09-14T01:01:22Z
2026-09-14T00:59:01Z,2026-09-14T02:59:01+0200,5bd299e4-c9b8-415b-91e4-c2d3175f74bc,2026-09-12T07:15:00Z,2026-09-12T09:15:00+0200,263.833333,MW,DK1,DK_1,forecast_offshore_wind_generation,Wind Offshore,2026-09-14T01:01:22Z
2026-09-14T00:59:01Z,2026-09-14T02:59:01+0200,5bd299e4-c9b8-415b-91e4-c2d3175f74bc,2026-09-12T07:30:00Z,2026-09-12T09:30:00+0200,294.0,MW,DK1,DK_1,forecast_offshore_wind_generation,Wind Offshore,2026-09-14T01:01:22Z
2026-09-14T00:59:01Z,2026-09-14T02:59:01+0200,5bd299e4-c9b8-415b-91e4-c2d3175f74bc,2026-09-12T07:45:00Z,2026-09-12T09:45:00+0200,321.833333,MW,DK1,DK_1,forecast_offshore_wind_generation,Wind Offshore,2026-09-14T01:01:22Z
2026-09-14T00:59:01Z,2026-09-14T02:59:01+0200,5bd299e4-c9b8-415b-91e4-c2d3175f74bc,2026-09-12T08:00:00Z,2026-09-12T10:00:00+0200,348.333333,MW,DK1,DK_1,forecast_offshore_wind_generation,Wind Offshore,2026-09-14T01:01:22Z
2026-09-14T00:59:01Z,2026-09-14T02:59:01+0200,5bd299e4-c9b8-415b-91e4-c2d3175f74bc,2026-09-12T08:15:00Z,2026-09-12T10:15:00+0200,380.5,MW,DK1,DK_1,forecast_offshore_wind_generation,Wind Offshore,2026-09-14T01:01:22Z
2026-09-14T00:59:01Z,2026-09-14T02:59:01+0200,5bd299e4-c9b8-415b-91e4-c2d3175f74bc,2026-09-12T08:30:00Z,2026-09-12T10:30:00+0200,412.5,MW,DK1,DK_1,forecast_offshore_wind_generation,Wind Offshore,2026-09-14T01:01:22Z
2026-09-14T00:59:01Z,2026-09-14T02:59:01+0200,5bd299e4-c9b8-415b-91e4-c2d3175f74bc,2026-09-12T08:45:00Z,2026-09-12T10:45:00+0200,435.5,MW,DK1,DK_1,forecast_offshore_wind_generation,Wind Offshore,2026-09-14T01:01:22Z
2026-09-14T00:59:01Z,2026-09-14T02:59:01+0200,5bd299e4-c9b8-415b-91e4-c2d3175f74bc,2026-09-12T09:00:00Z,2026-09-12T11:00:00+0200,445.333333,MW,DK1,DK_1,forecast_offshore_wind_generation,Wind Offshore,2026-09-14T01:01:22Z
2026-09-14T00:59:01Z,2026-09-14T02:59:01+0200,5bd299e4-c9b8-415b-91e4-c2d3175f74bc,2026-09-12T09:15:00Z,2026-09-12T11:15:00+0200,444.833333,MW,DK1,DK_1,forecast_offshore_wind_generation,Wind Offshore,2026-09-14T01:01:22Z
2026-09-14T00:59:01Z,2026-09-14T02:59:01+0200,5bd299e4-c9b8-415b-91e4-c2d3175f74bc,2026-09-12T09:30:00Z,2026-09-12T11:30:00+0200,439.0,MW,DK1,DK_1,forecast_offshore_wind_generation,Wind Offshore,2026-09-14T01:01:22Z
2026-09-14T00:59:01Z,2026-09-14T02:59:01+0200,5bd299e4-c9b8-415b-91e4-c2d3175f74bc,2026-09-12T09:45:00Z,2026-09-12T11:45:00+0200,435.333333,MW,DK1,DK_1,forecast_offshore_wind_generation,Wind Offshore,2026-09-14T01:01:22Z
2026-09-14T00:59:01Z,2026-09-14T02:59:01+0200,5bd299e4-c9b8-415b-91e4-c2d3175f74bc,2026-09-12T10:00:00Z,2026-09-12T12:00:00+0200,440.666666,MW,DK1,DK_1,forecast_offshore_wind_generation,Wind Offshore,2026-09-14T01:01:22Z
2026-09-14T00:59:01Z,2026-09-14T02:59:01+0200,5bd299e4-c9b8-415b-91e4-c2d3175f74bc,2026-09-12T10:15:00Z,2026-09-12T12:15:00+0200,457.666666,MW,DK1,DK_1,forecast_offshore_wind_generation,Wind Offshore,2026-09-14T01:01:22Z
2026-09-14T00:59:01Z,2026-09-14T02:59:01+0200,5bd299e4-c9b8-415b-91e4-c2d3175f74bc,2026-09-12T10:30:00Z,2026-09-12T12:30:00+0200,479.333333,MW,DK1,DK_1,forecast_offshore_wind_generation,Wind Offshore,2026-09-14T01:01:22Z
2026-09-14T00:59:01Z,2026-09-14T02:59:01+0200,5bd299e4-c9b8-415b-91e4-c2d3175f74bc,2026-09-12T10:45:00Z,2026-09-12T12:45:00+0200,498.666666,MW,DK1,DK_1,forecast_offshore_wind_generation,Wind Offshore,2026-09-14T01:01:22Z
2026-09-14T00:59:01Z,2026-09-14T02:59:01+0200,5bd299e4-c9b8-415b-91e4-c2d3175f74bc,2026-09-12T11:00:00Z,2026-09-12T13:00:00+0200,510.333333,MW,DK1,DK_1,forecast_offshore_wind_generation,Wind Offshore,2026-09-14T01:01:22Z
2026-09-14T00:59:01Z,2026-09-14T02:59:01+0200,5bd299e4-c9b8-415b-91e4-c2d3175f74bc,2026-09-12T11:15:00Z,2026-09-12T13:15:00+0200,516.0,MW,DK1,DK_1,forecast_offshore_wind_generation,Wind Offshore,2026-09-14T01:01:22Z
2026-09-14T00:59:01Z,2026-09-14T02:59:01+0200,5bd299e4-c9b8-415b-91e4-c2d3175f74bc,2026-09-12T11:30:00Z,2026-09-12T13:30:00+0200,519.5,MW,DK1,DK_1,forecast_offshore_wind_generation,Wind Offshore,2026-09-14T01:01:22Z
2026-09-14T00:59:01Z,2026-09-14T02:59:01+0200,5bd299e4-c9b8-415b-91e4-c2d3175f74bc,2026-09-12T11:45:00Z,2026-09-12T13:45:00+0200,523.5,MW,DK1,DK_1,forecast_offshore_wind_generation,Wind Offshore,2026-09-14T01:01:22Z
2026-09-14T00:59:01Z,2026-09-14T02:59:01+0200,5bd299e4-c9b8-415b-91e4-c2d3175f74bc,2026-09-12T12:00:00Z,2026-09-12T14:00:00+0200,529.833333,MW,DK1,DK_1,forecast_offshore_wind_generation,Wind Offshore,2026-09-14T01:01:22Z
2026-09-14T00:59:01Z,2026-09-14T02:59:01+0200,5bd299e4-c9b8-415b-91e4-c2d3175f74bc,2026-09-12T12:15:00Z,2026-09-12T14:15:00+0200,541.166666,MW,DK1,DK_1,forecast_offshore_wind_generation,Wind Offshore,2026-09-14T01:01:22Z
2026-09-14T00:59:01Z,2026-09-14T02:59:01+0200,5bd299e4-c9b8-415b-91e4-c2d3175f74bc,2026-09-12T12:30:00Z,2026-09-12T14:30:00+0200,555.0,MW,DK1,DK_1,forecast_offshore_wind_generation,Wind Offshore,2026-09-14T01:01:22Z
2026-09-14T00:59:01Z,2026-09-14T02:59:01+0200,5bd299e4-c9b8-415b-91e4-c2d3175f74bc,2026-09-12T12:45:00Z,2026-09-12T14:45:00+0200,569.5,MW,DK1,DK_1,forecast_offshore_wind_generation,Wind Offshore,2026-09-14T01:01:22Z
2026-09-14T00:59:01Z,2026-09-14T02:59:01+0200,5bd299e4-c9b8-415b-91e4-c2d3175f74bc,2026-09-12T13:00:00Z,2026-09-12T15:00:00+0200,586.0,MW,DK1,DK_1,forecast_offshore_wind_generation,Wind Offshore,2026-09-14T01:01:22Z
2026-09-14T00:59:01Z,2026-09-14T02:59:01+0200,5bd299e4-c9b8-415b-91e4-c2d3175f74bc,2026-09-12T13:15:00Z,2026-09-12T15:15:00+0200,610.333333,MW,DK1,DK_1,forecast_offshore_wind_generation,Wind Offshore,2026-09-14T01:01:22Z
2026-09-14T00:59:01Z,2026-09-14T02:59:01+0200,5bd299e4-c9b8-415b-91e4-c2d3175f74bc,2026-09-12T13:30:00Z,2026-09-12T15:30:00+0200,634.0,MW,DK1,DK_1,forecast_offshore_wind_generation,Wind Offshore,2026-09-14T01:01:22Z
2026-09-14T00:59:01Z,2026-09-14T02:59:01+0200,5bd299e4-c9b8-415b-91e4-c2d3175f74bc,2026-09-12T13:45:00Z,2026-09-12T15:45:00+0200,653.833333,MW,DK1,DK_1,forecast_offshore_wind_generation,Wind Offshore,2026-09-14T01:01:22Z
2026-09-14T00:59:01Z,2026-09-14T02:59:01+0200,5bd299e4-c9b8-415b-91e4-c2d3175f74bc,2026-09-12T14:00:00Z,2026-09-12T16:00:00+0200,668.0,MW,DK1,DK_1,forecast_offshore_wind_generation,Wind Offshore,2026-09-14T01:01:22Z
2026-09-14T00:59:01Z,2026-09-14T02:59:01+0200,5bd299e4-c9b8-415b-91e4-c2d3175f74bc,2026-09-12T14:15:00Z,2026-09-12T16:15:00+0200,679.333333,MW,DK1,DK_1,forecast_offshore_wind_generation,Wind Offshore,2026-09-14T01:01:22Z
2026-09-14T00:59:01Z,2026-09-14T02:59:01+0200,5bd299e4-c9b8-415b-91e4-c2d3175f74bc,2026-09-12T14:30:00Z,2026-09-12T16:30:00+0200,687.833333,MW,DK1,DK_1,forecast_offshore_wind_generation,Wind Offshore,2026-09-14T01:01:22Z
2026-09-14T00:59:01Z,2026-09-14T02:59:01+0200,5bd299e4-c9b8-415b-91e4-c2d3175f74bc,2026-09-12T14:45:00Z,2026-09-12T16:45:00+0200,693.166666,MW,DK1,DK_1,forecast_offshore_wind_generation,Wind Offshore,2026-09-14T01:01:22Z
2026-09-14T00:59:01Z,2026-09-14T02:59:01+0200,5bd299e4-c9b8-415b-91e4-c2d3175f74bc,2026-09-12T15:00:00Z,2026-09-12T17:00:00+0200,697.333333,MW,DK1,DK_1,forecast_offshore_wind_generation,Wind Offshore,2026-09-14T01:01:22Z
2026-09-14T00:59:01Z,2026-09-14T02:59:01+0200,5bd299e4-c9b8-415b-91e4-c2d3175f74bc,2026-09-12T15:15:00Z,2026-09-12T17:15:00+0200,697.833333,MW,DK1,DK_1,forecast_offshore_wind_generation,Wind Offshore,2026-09-14T01:01:22Z
2026-09-14T00:59:01Z,2026-09-14T02:59:01+0200,5bd299e4-c9b8-415b-91e4-c2d3175f74bc,2026-09-12T15:30:00Z,2026-09-12T17:30:00+0200,696.0,MW,DK1,DK_1,forecast_offshore_wind_generation,Wind Offshore,2026-09-14T01:01:22Z
2026-09-14T00:59:01Z,2026-09-14T02:59:01+0200,5bd299e4-c9b8-415b-91e4-c2d3175f74bc,2026-09-12T15:45:00Z,2026-09-12T17:45:00+0200,695.333333,MW,DK1,DK_1,forecast_offshore_wind_generation,Wind Offshore,2026-09-14T01:01:22Z
2026-09-14T00:59:01Z,2026-09-14T02:59:01+0200,5bd299e4-c9b8-415b-91e4-c2d3175f74bc,2026-09-12T16:00:00Z,2026-09-12T18:00:00+0200,702.833333,MW,DK1,DK_1,forecast_offshore_wind_generation,Wind Offshore,2026-09-14T01:01:22Z
2026-09-14T00:59:01Z,2026-09-14T02:59:01+0200,5bd299e4-c9b8-415b-91e4-c2d3175f74bc,2026-09-12T16:15:00Z,2026-09-12T18:15:00+0200,719.166666,MW,DK1,DK_1,forecast_offshore_wind_generation,Wind Offshore,2026-09-14T01:01:22Z
2026-09-14T00:59:01Z,2026-09-14T02:59:01+0200,5bd299e4-c9b8-415b-91e4-c2d3175f74bc,2026-09-12T16:30:00Z,2026-09-12T18:30:00+0200,739.666666,MW,DK1,DK_1,forecast_offshore_wind_generation,Wind Offshore,2026-09-14T01:01:22Z
2026-09-14T00:59:01Z,2026-09-14T02:59:01+0200,5bd299e4-c9b8-415b-91e4-c2d3175f74bc,2026-09-12T16:45:00Z,2026-09-12T18:45:00+0200,751.833333,MW,DK1,DK_1,forecast_offshore_wind_generation,Wind Offshore,2026-09-14T01:01:22Z
2026-09-14T00:59:01Z,2026-09-14T02:59:01+0200,5bd299e4-c9b8-415b-91e4-c2d3175f74bc,2026-09-12T17:00:00Z,2026-09-12T19:00:00+0200,757.0,MW,DK1,DK_1,forecast_offshore_wind_generation,Wind Offshore,2026-09-14T01:01:22Z
2026-09-14T00:59:01Z,2026-09-14T02:59:01+0200,5bd299e4-c9b8-415b-91e4-c2d3175f74bc,2026-09-12T17:15:00Z,2026-09-12T19:15:00+0200,763.666666,MW,DK1,DK_1,forecast_offshore_wind_generation,Wind Offshore,2026-09-14T01:01:22Z
2026-09-14T00:59:01Z,2026-09-14T02:59:01+0200,5bd299e4-c9b8-415b-91e4-c2d3175f74bc,2026-09-12T17:30:00Z,2026-09-12T19:30:00+0200,767.333333,MW,DK1,DK_1,forecast_offshore_wind_generation,Wind Offshore,2026-09-14T01:01:22Z
2026-09-14T00:59:01Z,2026-09-14T02:59:01+0200,5bd299e4-c9b8-415b-91e4-c2d3175f74bc,2026-09-12T17:45:00Z,2026-09-12T19:45:00+0200,767.5,MW,DK1,DK_1,forecast_offshore_wind_generation,Wind Offshore,2026-09-14T01:01:22Z
2026-09-14T00:59:01Z,2026-09-14T02:59:01+0200,5bd299e4-c9b8-415b-91e4-c2d3175f74bc,2026-09-12T18:00:00Z,2026-09-12T20:00:00+0200,765.5,MW,DK1,DK_1,forecast_offshore_wind_generation,Wind Offshore,2026-09-14T01:01:22Z
2026-09-14T00:59:01Z,2026-09-14T02:59:01+0200,5bd299e4-c9b8-415b-91e4-c2d3175f74bc,2026-09-12T18:15:00Z,2026-09-12T20:15:00+0200,761.833333,MW,DK1,DK_1,forecast_offshore_wind_generation,Wind Offshore,2026-09-14T01:01:22Z
2026-09-14T00:59:01Z,2026-09-14T02:59:01+0200,5bd299e4-c9b8-415b-91e4-c2d3175f74bc,2026-09-12T18:30:00Z,2026-09-12T20:30:00+0200,756.0,MW,DK1,DK_1,forecast_offshore_wind_generation,Wind Offshore,2026-09-14T01:01:22Z
2026-09-14T00:59:01Z,2026-09-14T02:59:01+0200,5bd299e4-c9b8-415b-91e4-c2d3175f74bc,2026-09-12T18:45:00Z,2026-09-12T20:45:00+0200,750.166666,MW,DK1,DK_1,forecast_offshore_wind_generation,Wind Offshore,2026-09-14T01:01:22Z
2026-09-14T00:59:01Z,2026-09-14T02:59:01+0200,5bd299e4-c9b8-415b-91e4-c2d3175f74bc,2026-09-12T19:00:00Z,2026-09-12T21:00:00+0200,745.666666,MW,DK1,DK_1,forecast_offshore_wind_generation,Wind Offshore,2026-09-14T01:01:22Z
2026-09-14T00:59:01Z,2026-09-14T02:59:01+0200,5bd299e4-c9b8-415b-91e4-c2d3175f74bc,2026-09-12T19:15:00Z,2026-09-12T21:15:00+0200,741.5,MW,DK1,DK_1,forecast_offshore_wind_generation,Wind Offshore,2026-09-14T01:01:22Z
2026-09-14T00:59:01Z,2026-09-14T02:59:01+0200,5bd299e4-c9b8-415b-91e4-c2d3175f74bc,2026-09-12T19:30:00Z,2026-09-12T21:30:00+0200,736.0,MW,DK1,DK_1,forecast_offshore_wind_generation,Wind Offshore,2026-09-14T01:01:22Z
2026-09-14T00:59:01Z,2026-09-14T02:59:01+0200,5bd299e4-c9b8-415b-91e4-c2d3175f74bc,2026-09-12T19:45:00Z,2026-09-12T21:45:00+0200,728.5,MW,DK1,DK_1,forecast_offshore_wind_generation,Wind Offshore,2026-09-14T01:01:22Z
2026-09-14T00:59:01Z,2026-09-14T02:59:01+0200,5bd299e4-c9b8-415b-91e4-c2d3175f74bc,2026-09-12T20:00:00Z,2026-09-12T22:00:00+0200,720.0,MW,DK1,DK_1,forecast_offshore_wind_generation,Wind Offshore,2026-09-14T01:01:22Z
2026-09-14T00:59:01Z,2026-09-14T02:59:01+0200,5bd299e4-c9b8-415b-91e4-c2d3175f74bc,2026-09-12T20:15:00Z,2026-09-12T22:15:00+0200,712.5,MW,DK1,DK_1,forecast_offshore_wind_generation,Wind Offshore,2026-09-14T01:01:22Z
2026-09-14T00:59:01Z,2026-09-14T02:59:01+0200,5bd299e4-c9b8-415b-91e4-c2d3175f74bc,2026-09-12T20:30:00Z,2026-09-12T22:30:00+0200,705.166666,MW,DK1,DK_1,forecast_offshore_wind_generation,Wind Offshore,2026-09-14T01:01:22Z
2026-09-14T00:59:01Z,2026-09-14T02:59:01+0200,5bd299e4-c9b8-415b-91e4-c2d3175f74bc,2026-09-12T20:45:00Z,2026-09-12T22:45:00+0200,694.833333,MW,DK1,DK_1,forecast_offshore_wind_generation,Wind Offshore,2026-09-14T01:01:22Z
2026-09-14T00:59:01Z,2026-09-14T02:59:01+0200,5bd299e4-c9b8-415b-91e4-c2d3175f74bc,2026-09-12T21:00:00Z,2026-09-12T23:00:00+0200,682.0,MW,DK1,DK_1,forecast_offshore_wind_generation,Wind Offshore,2026-09-14T01:01:22Z
2026-09-14T00:59:01Z,2026-09-14T02:59:01+0200,5bd299e4-c9b8-415b-91e4-c2d3175f74bc,2026-09-12T21:15:00Z,2026-09-12T23:15:00+0200,666.5,MW,DK1,DK_1,forecast_offshore_wind_generation,Wind Offshore,2026-09-14T01:01:22Z
2026-09-14T00:59:01Z,2026-09-14T02:59:01+0200,5bd299e4-c9b8-415b-91e4-c2d3175f74bc,2026-09-12T21:30:00Z,2026-09-12T23:30:00+0200,649.5,MW,DK1,DK_1,forecast_offshore_wind_generation,Wind Offshore,2026-09-14T01:01:22Z
2026-09-14T00:59:01Z,2026-09-14T02:59:01+0200,5bd299e4-c9b8-415b-91e4-c2d3175f74bc,2026-09-12T21:45:00Z,2026-09-12T23:45:00+0200,633.666666,MW,DK1,DK_1,forecast_offshore_wind_generation,Wind Offshore,2026-09-14T01:01:22Z
2026-09-14T00:59:01Z,2026-09-14T02:59:01+0200,5bd299e4-c9b8-415b-91e4-c2d3175f74bc,2026-09-12T22:00:00Z,2026-09-13T00:00:00+0200,689.333333,MW,DK1,DK_1,forecast_offshore_wind_generation,Wind Offshore,2026-09-14T01:01:22Z
2026-09-14T00:59:01Z,2026-09-14T02:59:01+0200,5bd299e4-c9b8-415b-91e4-c2d3175f74bc,2026-09-12T22:15:00Z,2026-09-13T00:15:00+0200,666.833333,MW,DK1,DK_1,forecast_offshore_wind_generation,Wind Offshore,2026-09-14T01:01:22Z
2026-09-14T00:59:01Z,2026-09-14T02:59:01+0200,5bd299e4-c9b8-415b-91e4-c2d3175f74bc,2026-09-12T22:30:00Z,2026-09-13T00:30:00+0200,642.0,MW,DK1,DK_1,forecast_offshore_wind_generation,Wind Offshore,2026-09-14T01:01:22Z
2026-09-14T00:59:01Z,2026-09-14T02:59:01+0200,5bd299e4-c9b8-415b-91e4-c2d3175f74bc,2026-09-12T22:45:00Z,2026-09-13T00:45:00+0200,619.166666,MW,DK1,DK_1,forecast_offshore_wind_generation,Wind Offshore,2026-09-14T01:01:22Z
2026-09-14T00:59:01Z,2026-09-14T02:59:01+0200,5bd299e4-c9b8-415b-91e4-c2d3175f74bc,2026-09-12T23:00:00Z,2026-09-13T01:00:00+0200,599.666666,MW,DK1,DK_1,forecast_offshore_wind_generation,Wind Offshore,2026-09-14T01:01:22Z
2026-09-14T00:59:01Z,2026-09-14T02:59:01+0200,5bd299e4-c9b8-415b-91e4-c2d3175f74bc,2026-09-12T23:15:00Z,2026-09-13T01:15:00+0200,577.833333,MW,DK1,DK_1,forecast_offshore_wind_generation,Wind Offshore,2026-09-14T01:01:22Z
2026-09-14T00:59:01Z,2026-09-14T02:59:01+0200,5bd299e4-c9b8-415b-91e4-c2d3175f74bc,2026-09-12T23:30:00Z,2026-09-13T01:30:00+0200,554.666666,MW,DK1,DK_1,forecast_offshore_wind_generation,Wind Offshore,2026-09-14T01:01:22Z
2026-09-14T00:59:01Z,2026-09-14T02:59:01+0200,5bd299e4-c9b8-415b-91e4-c2d3175f74bc,2026-09-12T23:45:00Z,2026-09-13T01:45:00+0200,535.666666,MW,DK1,DK_1,forecast_offshore_wind_generation,Wind Offshore,2026-09-14T01:01:22Z
2026-09-14T00:59:01Z,2026-09-14T02:59:01+0200,5bd299e4-c9b8-415b-91e4-c2d3175f74bc,2026-09-13T00:00:00Z,2026-09-13T02:00:00+0200,523.333333,MW,DK1,DK_1,forecast_offshore_wind_generation,Wind Offshore,2026-09-14T01:01:22Z
2026-09-14T00:59:01Z,2026-09-14T02:59:01+0200,5bd299e4-c9b8-415b-91e4-c2d3175f74bc,2026-09-13T00:15:00Z,2026-09-13T02:15:00+0200,513.333333,MW,DK1,DK_1,forecast_offshore_wind_generation,Wind Offshore,2026-09-14T01:01:22Z
2026-09-14T00:59:01Z,2026-09-14T02:59:01+0200,5bd299e4-c9b8-415b-91e4-c2d3175f74bc,2026-09-13T00:30:00Z,2026-09-13T02:30:00+0200,503.5,MW,DK1,DK_1,forecast_offshore_wind_generation,Wind Offshore,2026-09-14T01:01:22Z
2026-09-14T00:59:01Z,2026-09-14T02:59:01+0200,5bd299e4-c9b8-415b-91e4-c2d3175f74bc,2026-09-13T00:45:00Z,2026-09-13T02:45:00+0200,494.0,MW,DK1,DK_1,forecast_offshore_wind_generation,Wind Offshore,2026-09-14T01:01:22Z
2026-09-14T00:59:01Z,2026-09-14T02:59:01+0200,5bd299e4-c9b8-415b-91e4-c2d3175f74bc,2026-09-13T01:00:00Z,2026-09-13T03:00:00+0200,483.833333,MW,DK1,DK_1,forecast_offshore_wind_generation,Wind Offshore,2026-09-14T01:01:22Z
2026-09-14T00:59:01Z,2026-09-14T02:59:01+0200,5bd299e4-c9b8-415b-91e4-c2d3175f74bc,2026-09-13T01:15:00Z,2026-09-13T03:15:00+0200,471.833333,MW,DK1,DK_1,forecast_offshore_wind_generation,Wind Offshore,2026-09-14T01:01:22Z
2026-09-14T00:59:01Z,2026-09-14T02:59:01+0200,5bd299e4-c9b8-415b-91e4-c2d3175f74bc,2026-09-13T01:30:00Z,2026-09-13T03:30:00+0200,458.5,MW,DK1,DK_1,forecast_offshore_wind_generation,Wind Offshore,2026-09-14T01:01:22Z
2026-09-14T00:59:01Z,2026-09-14T02:59:01+0200,5bd299e4-c9b8-415b-91e4-c2d3175f74bc,2026-09-13T01:45:00Z,2026-09-13T03:45:00+0200,447.5,MW,DK1,DK_1,forecast_offshore_wind_generation,Wind Offshore,2026-09-14T01:01:22Z
2026-09-14T00:59:01Z,2026-09-14T02:59:01+0200,5bd299e4-c9b8-415b-91e4-c2d3175f74bc,2026-09-13T02:00:00Z,2026-09-13T04:00:00+0200,439.333333,MW,DK1,DK_1,forecast_offshore_wind_generation,Wind Offshore,2026-09-14T01:01:22Z
2026-09-14T00:59:01Z,2026-09-14T02:59:01+0200,5bd299e4-c9b8-415b-91e4-c2d3175f74bc,2026-09-13T02:15:00Z,2026-09-13T04:15:00+0200,429.5,MW,DK1,DK_1,forecast_offshore_wind_generation,Wind Offshore,2026-09-14T01:01:22Z
2026-09-14T00:59:01Z,2026-09-14T02:59:01+0200,5bd299e4-c9b8-415b-91e4-c2d3175f74bc,2026-09-13T02:30:00Z,2026-09-13T04:30:00+0200,419.666666,MW,DK1,DK_1,forecast_offshore_wind_generation,Wind Offshore,2026-09-14T01:01:22Z
2026-09-14T00:59:01Z,2026-09-14T02:59:01+0200,5bd299e4-c9b8-415b-91e4-c2d3175f74bc,2026-09-13T02:45:00Z,2026-09-13T04:45:00+0200,415.333333,MW,DK1,DK_1,forecast_offshore_wind_generation,Wind Offshore,2026-09-14T01:01:22Z
2026-09-14T00:59:01Z,2026-09-14T02:59:01+0200,5bd299e4-c9b8-415b-91e4-c2d3175f74bc,2026-09-13T03:00:00Z,2026-09-13T05:00:00+0200,413.666666,MW,DK1,DK_1,forecast_offshore_wind_generation,Wind Offshore,2026-09-14T01:01:22Z
2026-09-14T00:59:01Z,2026-09-14T02:59:01+0200,5bd299e4-c9b8-415b-91e4-c2d3175f74bc,2026-09-13T03:15:00Z,2026-09-13T05:15:00+0200,414.666666,MW,DK1,DK_1,forecast_offshore_wind_generation,Wind Offshore,2026-09-14T01:01:22Z
2026-09-14T00:59:01Z,2026-09-14T02:59:01+0200,5bd299e4-c9b8-415b-91e4-c2d3175f74bc,2026-09-13T03:30:00Z,2026-09-13T05:30:00+0200,418.5,MW,DK1,DK_1,forecast_offshore_wind_generation,Wind Offshore,2026-09-14T01:01:22Z
2026-09-14T00:59:01Z,2026-09-14T02:59:01+0200,5bd299e4-c9b8-415b-91e4-c2d3175f74bc,2026-09-13T03:45:00Z,2026-09-13T05:45:00+0200,425.5,MW,DK1,DK_1,forecast_offshore_wind_generation,Wind Offshore,2026-09-14T01:01:22Z
2026-09-14T00:59:01Z,2026-09-14T02:59:01+0200,5bd299e4-c9b8-415b-91e4-c2d3175f74bc,2026-09-13T04:00:00Z,2026-09-13T06:00:00+0200,436.166666,MW,DK1,DK_1,forecast_offshore_wind_generation,Wind Offshore,2026-09-14T01:01:22Z
2026-09-14T00:59:01Z,2026-09-14T02:59:01+0200,5bd299e4-c9b8-415b-91e4-c2d3175f74bc,2026-09-13T04:15:00Z,2026-09-13T06:15:00+0200,451.0,MW,DK1,DK_1,forecast_offshore_wind_generation,Wind Offshore,2026-09-14T01:01:22Z
2026-09-14T00:59:01Z,2026-09-14T02:59:01+0200,5bd299e4-c9b8-415b-91e4-c2d3175f74bc,2026-09-13T04:30:00Z,2026-09-13T06:30:00+0200,468.166666,MW,DK1,DK_1,forecast_offshore_wind_generation,Wind Offshore,2026-09-14T01:01:22Z
2026-09-14T00:59:01Z,2026-09-14T02:59:01+0200,5bd299e4-c9b8-415b-91e4-c2d3175f74bc,2026-09-13T04:45:00Z,2026-09-13T06:45:00+0200,486.166666,MW,DK1,DK_1,forecast_offshore_wind_generation,Wind Offshore,2026-09-14T01:01:22Z
2026-09-14T00:59:01Z,2026-09-14T02:59:01+0200,5bd299e4-c9b8-415b-91e4-c2d3175f74bc,2026-09-13T05:00:00Z,2026-09-13T07:00:00+0200,501.166666,MW,DK1,DK_1,forecast_offshore_wind_generation,Wind Offshore,2026-09-14T01:01:22Z
2026-09-14T00:59:01Z,2026-09-14T02:59:01+0200,5bd299e4-c9b8-415b-91e4-c2d3175f74bc,2026-09-13T05:15:00Z,2026-09-13T07:15:00+0200,520.333333,MW,DK1,DK_1,forecast_offshore_wind_generation,Wind Offshore,2026-09-14T01:01:22Z
2026-09-14T00:59:01Z,2026-09-14T02:59:01+0200,5bd299e4-c9b8-415b-91e4-c2d3175f74bc,2026-09-13T05:30:00Z,2026-09-13T07:30:00+0200,539.0,MW,DK1,DK_1,forecast_offshore_wind_generation,Wind Offshore,2026-09-14T01:01:22Z
2026-09-14T00:59:01Z,2026-09-14T02:59:01+0200,5bd299e4-c9b8-415b-91e4-c2d3175f74bc,2026-09-13T05:45:00Z,2026-09-13T07:45:00+0200,553.666666,MW,DK1,DK_1,forecast_offshore_wind_generation,Wind Offshore,2026-09-14T01:01:22Z
2026-09-14T00:59:01Z,2026-09-14T02:59:01+0200,5bd299e4-c9b8-415b-91e4-c2d3175f74bc,2026-09-13T06:00:00Z,2026-09-13T08:00:00+0200,560.5,MW,DK1,DK_1,forecast_offshore_wind_generation,Wind Offshore,2026-09-14T01:01:22Z
2026-09-14T00:59:01Z,2026-09-14T02:59:01+0200,5bd299e4-c9b8-415b-91e4-c2d3175f74bc,2026-09-13T06:15:00Z,2026-09-13T08:15:00+0200,566.166666,MW,DK1,DK_1,forecast_offshore_wind_generation,Wind Offshore,2026-09-14T01:01:22Z
2026-09-14T00:59:01Z,2026-09-14T02:59:01+0200,5bd299e4-c9b8-415b-91e4-c2d3175f74bc,2026-09-13T06:30:00Z,2026-09-13T08:30:00+0200,573.0,MW,DK1,DK_1,forecast_offshore_wind_generation,Wind Offshore,2026-09-14T01:01:22Z
2026-09-14T00:59:01Z,2026-09-14T02:59:01+0200,5bd299e4-c9b8-415b-91e4-c2d3175f74bc,2026-09-13T06:45:00Z,2026-09-13T08:45:00+0200,579.0,MW,DK1,DK_1,forecast_offshore_wind_generation,Wind Offshore,2026-09-14T01:01:22Z
2026-09-14T00:59:01Z,2026-09-14T02:59:01+0200,5bd299e4-c9b8-415b-91e4-c2d3175f74bc,2026-09-13T07:00:00Z,2026-09-13T09:00:00+0200,584.5,MW,DK1,DK_1,forecast_offshore_wind_generation,Wind Offshore,2026-09-14T01:01:22Z
2026-09-14T00:59:01Z,2026-09-14T02:59:01+0200,5bd299e4-c9b8-415b-91e4-c2d3175f74bc,2026-09-13T07:15:00Z,2026-09-13T09:15:00+0200,590.833333,MW,DK1,DK_1,forecast_offshore_wind_generation,Wind Offshore,2026-09-14T01:01:22Z
2026-09-14T00:59:01Z,2026-09-14T02:59:01+0200,5bd299e4-c9b8-415b-91e4-c2d3175f74bc,2026-09-13T07:30:00Z,2026-09-13T09:30:00+0200,596.0,MW,DK1,DK_1,forecast_offshore_wind_generation,Wind Offshore,2026-09-14T01:01:22Z
2026-09-14T00:59:01Z,2026-09-14T02:59:01+0200,5bd299e4-c9b8-415b-91e4-c2d3175f74bc,2026-09-13T07:45:00Z,2026-09-13T09:45:00+0200,599.0,MW,DK1,DK_1,forecast_offshore_wind_generation,Wind Offshore,2026-09-14T01:01:22Z
2026-09-14T00:59:01Z,2026-09-14T02:59:01+0200,5bd299e4-c9b8-415b-91e4-c2d3175f74bc,2026-09-13T08:00:00Z,2026-09-13T10:00:00+0200,599.166666,MW,DK1,DK_1,forecast_offshore_wind_generation,Wind Offshore,2026-09-14T01:01:22Z
2026-09-14T00:59:01Z,2026-09-14T02:59:01+0200,5bd299e4-c9b8-415b-91e4-c2d3175f74bc,2026-09-13T08:15:00Z,2026-09-13T10:15:00+0200,594.666666,MW,DK1,DK_1,forecast_offshore_wind_generation,Wind Offshore,2026-09-14T01:01:22Z
2026-09-14T00:59:01Z,2026-09-14T02:59:01+0200,5bd299e4-c9b8-415b-91e4-c2d3175f74bc,2026-09-13T08:30:00Z,2026-09-13T10:30:00+0200,588.0,MW,DK1,DK_1,forecast_offshore_wind_generation,Wind Offshore,2026-09-14T01:01:22Z
2026-09-14T00:59:01Z,2026-09-14T02:59:01+0200,5bd299e4-c9b8-415b-91e4-c2d3175f74bc,2026-09-13T08:45:00Z,2026-09-13T10:45:00+0200,582.666666,MW,DK1,DK_1,forecast_offshore_wind_generation,Wind Offshore,2026-09-14T01:01:22Z
2026-09-14T00:59:01Z,2026-09-14T02:59:01+0200,5bd299e4-c9b8-415b-91e4-c2d3175f74bc,2026-09-13T09:00:00Z,2026-09-13T11:00:00+0200,579.5,MW,DK1,DK_1,forecast_offshore_wind_generation,Wind Offshore,2026-09-14T01:01:22Z
2026-09-14T00:59:01Z,2026-09-14T02:59:01+0200,5bd299e4-c9b8-415b-91e4-c2d3175f74bc,2026-09-13T09:15:00Z,2026-09-13T11:15:00+0200,576.5,MW,DK1,DK_1,forecast_offshore_wind_generation,Wind Offshore,2026-09-14T01:01:22Z
2026-09-14T00:59:01Z,2026-09-14T02:59:01+0200,5bd299e4-c9b8-415b-91e4-c2d3175f74bc,2026-09-13T09:30:00Z,2026-09-13T11:30:00+0200,573.666666,MW,DK1,DK_1,forecast_offshore_wind_generation,Wind Offshore,2026-09-14T01:01:22Z
2026-09-14T00:59:01Z,2026-09-14T02:59:01+0200,5bd299e4-c9b8-415b-91e4-c2d3175f74bc,2026-09-13T09:45:00Z,2026-09-13T11:45:00+0200,572.166666,MW,DK1,DK_1,forecast_offshore_wind_generation,Wind Offshore,2026-09-14T01:01:22Z
2026-09-14T00:59:01Z,2026-09-14T02:59:01+0200,5bd299e4-c9b8-415b-91e4-c2d3175f74bc,2026-09-13T10:00:00Z,2026-09-13T12:00:00+0200,573.0,MW,DK1,DK_1,forecast_offshore_wind_generation,Wind Offshore,2026-09-14T01:01:22Z
2026-09-14T00:59:01Z,2026-09-14T02:59:01+0200,5bd299e4-c9b8-415b-91e4-c2d3175f74bc,2026-09-13T10:15:00Z,2026-09-13T12:15:00+0200,575.666666,MW,DK1,DK_1,forecast_offshore_wind_generation,Wind Offshore,2026-09-14T01:01:22Z
2026-09-14T00:59:01Z,2026-09-14T02:59:01+0200,5bd299e4-c9b8-415b-91e4-c2d3175f74bc,2026-09-13T10:30:00Z,2026-09-13T12:30:00+0200,579.666666,MW,DK1,DK_1,forecast_offshore_wind_generation,Wind Offshore,2026-09-14T01:01:22Z
2026-09-14T00:59:01Z,2026-09-14T02:59:01+0200,5bd299e4-c9b8-415b-91e4-c2d3175f74bc,2026-09-13T10:45:00Z,2026-09-13T12:45:00+0200,583.333333,MW,DK1,DK_1,forecast_offshore_wind_generation,Wind Offshore,2026-09-14T01:01:22Z
2026-09-14T00:59:01Z,2026-09-14T02:59:01+0200,5bd299e4-c9b8-415b-91e4-c2d3175f74bc,2026-09-13T11:00:00Z,2026-09-13T13:00:00+0200,586.5,MW,DK1,DK_1,forecast_offshore_wind_generation,Wind Offshore,2026-09-14T01:01:22Z
2026-09-14T00:59:01Z,2026-09-14T02:59:01+0200,5bd299e4-c9b8-415b-91e4-c2d3175f74bc,2026-09-13T11:15:00Z,2026-09-13T13:15:00+0200,593.0,MW,DK1,DK_1,forecast_offshore_wind_generation,Wind Offshore,2026-09-14T01:01:22Z
2026-09-14T00:59:01Z,2026-09-14T02:59:01+0200,5bd299e4-c9b8-415b-91e4-c2d3175f74bc,2026-09-13T11:30:00Z,2026-09-13T13:30:00+0200,601.0,MW,DK1,DK_1,forecast_offshore_wind_generation,Wind Offshore,2026-09-14T01:01:22Z
2026-09-14T00:59:01Z,2026-09-14T02:59:01+0200,5bd299e4-c9b8-415b-91e4-c2d3175f74bc,2026-09-13T11:45:00Z,2026-09-13T13:45:00+0200,607.333333,MW,DK1,DK_1,forecast_offshore_wind_generation,Wind Offshore,2026-09-14T01:01:22Z
2026-09-14T00:59:01Z,2026-09-14T02:59:01+0200,5bd299e4-c9b8-415b-91e4-c2d3175f74bc,2026-09-13T12:00:00Z,2026-09-13T14:00:00+0200,609.0,MW,DK1,DK_1,forecast_offshore_wind_generation,Wind Offshore,2026-09-14T01:01:22Z
2026-09-14T00:59:01Z,2026-09-14T02:59:01+0200,5bd299e4-c9b8-415b-91e4-c2d3175f74bc,2026-09-13T12:15:00Z,2026-09-13T14:15:00+0200,609.0,MW,DK1,DK_1,forecast_offshore_wind_generation,Wind Offshore,2026-09-14T01:01:22Z
2026-09-14T00:59:01Z,2026-09-14T02:59:01+0200,5bd299e4-c9b8-415b-91e4-c2d3175f74bc,2026-09-13T12:30:00Z,2026-09-13T14:30:00+0200,609.0,MW,DK1,DK_1,forecast_offshore_wind_generation,Wind Offshore,2026-09-14T01:01:22Z
2026-09-14T00:59:01Z,2026-09-14T02:59:01+0200,5bd299e4-c9b8-415b-91e4-c2d3175f74bc,2026-09-13T12:45:00Z,2026-09-13T14:45:00+0200,609.5,MW,DK1,DK_1,forecast_offshore_wind_generation,Wind Offshore,2026-09-14T01:01:22Z
2026-09-14T00:59:01Z,2026-09-14T02:59:01+0200,5bd299e4-c9b8-415b-91e4-c2d3175f74bc,2026-09-13T13:00:00Z,2026-09-13T15:00:00+0200,611.0,MW,DK1,DK_1,forecast_offshore_wind_generation,Wind Offshore,2026-09-14T01:01:22Z
2026-09-14T00:59:01Z,2026-09-14T02:59:01+0200,5bd299e4-c9b8-415b-91e4-c2d3175f74bc,2026-09-13T13:15:00Z,2026-09-13T15:15:00+0200,613.0,MW,DK1,DK_1,forecast_offshore_wind_generation,Wind Offshore,2026-09-14T01:01:22Z
2026-09-14T00:59:01Z,2026-09-14T02:59:01+0200,5bd299e4-c9b8-415b-91e4-c2d3175f74bc,2026-09-13T13:30:00Z,2026-09-13T15:30:00+0200,615.333333,MW,DK1,DK_1,forecast_offshore_wind_generation,Wind Offshore,2026-09-14T01:01:22Z
2026-09-14T00:59:01Z,2026-09-14T02:59:01+0200,5bd299e4-c9b8-415b-91e4-c2d3175f74bc,2026-09-13T13:45:00Z,2026-09-13T15:45:00+0200,616.833333,MW,DK1,DK_1,forecast_offshore_wind_generation,Wind Offshore,2026-09-14T01:01:22Z
2026-09-14T00:59:01Z,2026-09-14T02:59:01+0200,5bd299e4-c9b8-415b-91e4-c2d3175f74bc,2026-09-13T14:00:00Z,2026-09-13T16:00:00+0200,617.833333,MW,DK1,DK_1,forecast_offshore_wind_generation,Wind Offshore,2026-09-14T01:01:22Z
2026-09-14T00:59:01Z,2026-09-14T02:59:01+0200,5bd299e4-c9b8-415b-91e4-c2d3175f74bc,2026-09-13T14:15:00Z,2026-09-13T16:15:00+0200,618.166666,MW,DK1,DK_1,forecast_offshore_wind_generation,Wind Offshore,2026-09-14T01:01:22Z
2026-09-14T00:59:01Z,2026-09-14T02:59:01+0200,5bd299e4-c9b8-415b-91e4-c2d3175f74bc,2026-09-13T14:30:00Z,2026-09-13T16:30:00+0200,619.166666,MW,DK1,DK_1,forecast_offshore_wind_generation,Wind Offshore,2026-09-14T01:01:22Z
2026-09-14T00:59:01Z,2026-09-14T02:59:01+0200,5bd299e4-c9b8-415b-91e4-c2d3175f74bc,2026-09-13T14:45:00Z,2026-09-13T16:45:00+0200,620.666666,MW,DK1,DK_1,forecast_offshore_wind_generation,Wind Offshore,2026-09-14T01:01:22Z
2026-09-14T00:59:01Z,2026-09-14T02:59:01+0200,5bd299e4-c9b8-415b-91e4-c2d3175f74bc,2026-09-13T15:00:00Z,2026-09-13T17:00:00+0200,624.333333,MW,DK1,DK_1,forecast_offshore_wind_generation,Wind Offshore,2026-09-14T01:01:22Z
2026-09-14T00:59:01Z,2026-09-14T02:59:01+0200,5bd299e4-c9b8-415b-91e4-c2d3175f74bc,2026-09-13T15:15:00Z,2026-09-13T17:15:00+0200,631.833333,MW,DK1,DK_1,forecast_offshore_wind_generation,Wind Offshore,2026-09-14T01:01:22Z
2026-09-14T00:59:01Z,2026-09-14T02:59:01+0200,5bd299e4-c9b8-415b-91e4-c2d3175f74bc,2026-09-13T15:30:00Z,2026-09-13T17:30:00+0200,638.0,MW,DK1,DK_1,forecast_offshore_wind_generation,Wind Offshore,2026-09-14T01:01:22Z
2026-09-14T00:59:01Z,2026-09-14T02:59:01+0200,5bd299e4-c9b8-415b-91e4-c2d3175f74bc,2026-09-13T15:45:00Z,2026-09-13T17:45:00+0200,642.5,MW,DK1,DK_1,forecast_offshore_wind_generation,Wind Offshore,2026-09-14T01:01:22Z
2026-09-14T00:59:01Z,2026-09-14T02:59:01+0200,5bd299e4-c9b8-415b-91e4-c2d3175f74bc,2026-09-13T16:00:00Z,2026-09-13T18:00:00+0200,644.166666,MW,DK1,DK_1,forecast_offshore_wind_generation,Wind Offshore,2026-09-14T01:01:22Z
2026-09-14T00:59:01Z,2026-09-14T02:59:01+0200,5bd299e4-c9b8-415b-91e4-c2d3175f74bc,2026-09-13T16:15:00Z,2026-09-13T18:15:00+0200,645.166666,MW,DK1,DK_1,forecast_offshore_wind_generation,Wind Offshore,2026-09-14T01:01:22Z
2026-09-14T00:59:01Z,2026-09-14T02:59:01+0200,5bd299e4-c9b8-415b-91e4-c2d3175f74bc,2026-09-13T16:30:00Z,2026-09-13T18:30:00+0200,646.5,MW,DK1,DK_1,forecast_offshore_wind_generation,Wind Offshore,2026-09-14T01:01:22Z
2026-09-14T00:59:01Z,2026-09-14T02:59:01+0200,5bd299e4-c9b8-415b-91e4-c2d3175f74bc,2026-09-13T16:45:00Z,2026-09-13T18:45:00+0200,647.5,MW,DK1,DK_1,forecast_offshore_wind_generation,Wind Offshore,2026-09-14T01:01:22Z
2026-09-14T00:59:01Z,2026-09-14T02:59:01+0200,5bd299e4-c9b8-415b-91e4-c2d3175f74bc,2026-09-13T17:00:00Z,2026-09-13T19:00:00+0200,648.0,MW,DK1,DK_1,forecast_offshore_wind_generation,Wind Offshore,2026-09-14T01:01:22Z
2026-09-14T00:59:01Z,2026-09-14T02:59:01+0200,5bd299e4-c9b8-415b-91e4-c2d3175f74bc,2026-09-13T17:15:00Z,2026-09-13T19:15:00+0200,647.0,MW,DK1,DK_1,forecast_offshore_wind_generation,Wind Offshore,2026-09-14T01:01:22Z
2026-09-14T00:59:01Z,2026-09-14T02:59:01+0200,5bd299e4-c9b8-415b-91e4-c2d3175f74bc,2026-09-13T17:30:00Z,2026-09-13T19:30:00+0200,645.333333,MW,DK1,DK_1,forecast_offshore_wind_generation,Wind Offshore,2026-09-14T01:01:22Z
2026-09-14T00:59:01Z,2026-09-14T02:59:01+0200,5bd299e4-c9b8-415b-91e4-c2d3175f74bc,2026-09-13T17:45:00Z,2026-09-13T19:45:00+0200,641.666666,MW,DK1,DK_1,forecast_offshore_wind_generation,Wind Offshore,2026-09-14T01:01:22Z
2026-09-14T00:59:01Z,2026-09-14T02:59:01+0200,5bd299e4-c9b8-415b-91e4-c2d3175f74bc,2026-09-13T18:00:00Z,2026-09-13T20:00:00+0200,637.833333,MW,DK1,DK_1,forecast_offshore_wind_generation,Wind Offshore,2026-09-14T01:01:22Z
2026-09-14T00:59:01Z,2026-09-14T02:59:01+0200,5bd299e4-c9b8-415b-91e4-c2d3175f74bc,2026-09-13T18:15:00Z,2026-09-13T20:15:00+0200,632.0,MW,DK1,DK_1,forecast_offshore_wind_generation,Wind Offshore,2026-09-14T01:01:22Z
2026-09-14T00:59:01Z,2026-09-14T02:59:01+0200,5bd299e4-c9b8-415b-91e4-c2d3175f74bc,2026-09-13T18:30:00Z,2026-09-13T20:30:00+0200,625.333333,MW,DK1,DK_1,forecast_offshore_wind_generation,Wind Offshore,2026-09-14T01:01:22Z
2026-09-14T00:59:01Z,2026-09-14T02:59:01+0200,5bd299e4-c9b8-415b-91e4-c2d3175f74bc,2026-09-13T18:45:00Z,2026-09-13T20:45:00+0200,617.0,MW,DK1,DK_1,forecast_offshore_wind_generation,Wind Offshore,2026-09-14T01:01:22Z
2026-09-14T00:59:01Z,2026-09-14T02:59:01+0200,5bd299e4-c9b8-415b-91e4-c2d3175f74bc,2026-09-13T19:00:00Z,2026-09-13T21:00:00+0200,607.333333,MW,DK1,DK_1,forecast_offshore_wind_generation,Wind Offshore,2026-09-14T01:01:22Z
2026-09-14T00:59:01Z,2026-09-14T02:59:01+0200,5bd299e4-c9b8-415b-91e4-c2d3175f74bc,2026-09-13T19:15:00Z,2026-09-13T21:15:00+0200,593.0,MW,DK1,DK_1,forecast_offshore_wind_generation,Wind Offshore,2026-09-14T01:01:22Z
2026-09-14T00:59:01Z,2026-09-14T02:59:01+0200,5bd299e4-c9b8-415b-91e4-c2d3175f74bc,2026-09-13T19:30:00Z,2026-09-13T21:30:00+0200,577.666666,MW,DK1,DK_1,forecast_offshore_wind_generation,Wind Offshore,2026-09-14T01:01:22Z
2026-09-14T00:59:01Z,2026-09-14T02:59:01+0200,5bd299e4-c9b8-415b-91e4-c2d3175f74bc,2026-09-13T19:45:00Z,2026-09-13T21:45:00+0200,565.833333,MW,DK1,DK_1,forecast_offshore_wind_generation,Wind Offshore,2026-09-14T01:01:22Z
2026-09-14T00:59:01Z,2026-09-14T02:59:01+0200,5bd299e4-c9b8-415b-91e4-c2d3175f74bc,2026-09-13T20:00:00Z,2026-09-13T22:00:00+0200,560.666666,MW,DK1,DK_1,forecast_offshore_wind_generation,Wind Offshore,2026-09-14T01:01:22Z
2026-09-14T00:59:01Z,2026-09-14T02:59:01+0200,5bd299e4-c9b8-415b-91e4-c2d3175f74bc,2026-09-13T20:15:00Z,2026-09-13T22:15:00+0200,558.5,MW,DK1,DK_1,forecast_offshore_wind_generation,Wind Offshore,2026-09-14T01:01:22Z
2026-09-14T00:59:01Z,2026-09-14T02:59:01+0200,5bd299e4-c9b8-415b-91e4-c2d3175f74bc,2026-09-13T20:30:00Z,2026-09-13T22:30:00+0200,556.333333,MW,DK1,DK_1,forecast_offshore_wind_generation,Wind Offshore,2026-09-14T01:01:22Z
2026-09-14T00:59:01Z,2026-09-14T02:59:01+0200,5bd299e4-c9b8-415b-91e4-c2d3175f74bc,2026-09-13T20:45:00Z,2026-09-13T22:45:00+0200,553.5,MW,DK1,DK_1,forecast_offshore_wind_generation,Wind Offshore,2026-09-14T01:01:22Z
2026-09-14T00:59:01Z,2026-09-14T02:59:01+0200,5bd299e4-c9b8-415b-91e4-c2d3175f74bc,2026-09-13T21:00:00Z,2026-09-13T23:00:00+0200,550.333333,MW,DK1,DK_1,forecast_offshore_wind_generation,Wind Offshore,2026-09-14T01:01:22Z
2026-09-14T00:59:01Z,2026-09-14T02:59:01+0200,5bd299e4-c9b8-415b-91e4-c2d3175f74bc,2026-09-13T21:15:00Z,2026-09-13T23:15:00+0200,545.0,MW,DK1,DK_1,forecast_offshore_wind_generation,Wind Offshore,2026-09-14T01:01:22Z
2026-09-14T00:59:01Z,2026-09-14T02:59:01+0200,5bd299e4-c9b8-415b-91e4-c2d3175f74bc,2026-09-13T21:30:00Z,2026-09-13T23:30:00+0200,538.166666,MW,DK1,DK_1,forecast_offshore_wind_generation,Wind Offshore,2026-09-14T01:01:22Z
2026-09-14T00:59:01Z,2026-09-14T02:59:01+0200,5bd299e4-c9b8-415b-91e4-c2d3175f74bc,2026-09-13T21:45:00Z,2026-09-13T23:45:00+0200,532.166666,MW,DK1,DK_1,forecast_offshore_wind_generation,Wind Offshore,2026-09-14T01:01:22Z
2026-09-14T00:59:01Z,2026-09-14T02:59:01+0200,5bd299e4-c9b8-415b-91e4-c2d3175f74bc,2026-09-13T22:00:00Z,2026-09-14T00:00:00+0200,628.166666,MW,DK1,DK_1,forecast_offshore_wind_generation,Wind Offshore,2026-09-14T01:01:22Z
2026-09-14T00:59:01Z,2026-09-14T02:59:01+0200,5bd299e4-c9b8-415b-91e4-c2d3175f74bc,2026-09-13T22:15:00Z,2026-09-14T00:15:00+0200,620.833333,MW,DK1,DK_1,forecast_offshore_wind_generation,Wind Offshore,2026-09-14T01:01:22Z
2026-09-14T00:59:01Z,2026-09-14T02:59:01+0200,5bd299e4-c9b8-415b-91e4-c2d3175f74bc,2026-09-13T22:30:00Z,2026-09-14T00:30:00+0200,611.5,MW,DK1,DK_1,forecast_offshore_wind_generation,Wind Offshore,2026-09-14T01:01:22Z
2026-09-14T00:59:01Z,2026-09-14T02:59:01+0200,5bd299e4-c9b8-415b-91e4-c2d3175f74bc,2026-09-13T22:45:00Z,2026-09-14T00:45:00+0200,604.0,MW,DK1,DK_1,forecast_offshore_wind_generation,Wind Offshore,2026-09-14T01:01:22Z
2026-09-14T00:59:01Z,2026-09-14T02:59:01+0200,5bd299e4-c9b8-415b-91e4-c2d3175f74bc,2026-09-13T23:00:00Z,2026-09-14T01:00:00+0200,601.166666,MW,DK1,DK_1,forecast_offshore_wind_generation,Wind Offshore,2026-09-14T01:01:22Z
2026-09-14T00:59:01Z,2026-09-14T02:59:01+0200,5bd299e4-c9b8-415b-91e4-c2d3175f74bc,2026-09-13T23:15:00Z,2026-09-14T01:15:00+0200,604.166666,MW,DK1,DK_1,forecast_offshore_wind_generation,Wind Offshore,2026-09-14T01:01:22Z
2026-09-14T00:59:01Z,2026-09-14T02:59:01+0200,5bd299e4-c9b8-415b-91e4-c2d3175f74bc,2026-09-13T23:30:00Z,2026-09-14T01:30:00+0200,609.333333,MW,DK1,DK_1,forecast_offshore_wind_generation,Wind Offshore,2026-09-14T01:01:22Z
2026-09-14T00:59:01Z,2026-09-14T02:59:01+0200,5bd299e4-c9b8-415b-91e4-c2d3175f74bc,2026-09-13T23:45:00Z,2026-09-14T01:45:00+0200,611.5,MW,DK1,DK_1,forecast_offshore_wind_generation,Wind Offshore,2026-09-14T01:01:22Z
2026-09-14T00:59:01Z,2026-09-14T02:59:01+0200,5bd299e4-c9b8-415b-91e4-c2d3175f74bc,2026-09-14T00:00:00Z,2026-09-14T02:00:00+0200,606.166666,MW,DK1,DK_1,forecast_offshore_wind_generation,Wind Offshore,2026-09-14T01:01:22Z
2026-09-14T00:59:01Z,2026-09-14T02:59:01+0200,5bd299e4-c9b8-415b-91e4-c2d3175f74bc,2026-09-14T00:15:00Z,2026-09-14T02:15:00+0200,594.5,MW,DK1,DK_1,forecast_offshore_wind_generation,Wind Offshore,2026-09-14T01:01:22Z
2026-09-14T00:59:01Z,2026-09-14T02:59:01+0200,5bd299e4-c9b8-415b-91e4-c2d3175f74bc,2026-09-14T00:30:00Z,2026-09-14T02:30:00+0200,580.5,MW,DK1,DK_1,forecast_offshore_wind_generation,Wind Offshore,2026-09-14T01:01:22Z
2026-09-14T00:59:01Z,2026-09-14T02:59:01+0200,5bd299e4-c9b8-415b-91e4-c2d3175f74bc,2026-09-14T00:45:00Z,2026-09-14T02:45:00+0200,566.166666,MW,DK1,DK_1,forecast_offshore_wind_generation,Wind Offshore,2026-09-14T01:01:22Z
2026-09-14T00:59:01Z,2026-09-14T02:59:01+0200,5bd299e4-c9b8-415b-91e4-c2d3175f74bc,2026-09-14T01:15:00Z,2026-09-14T03:15:00+0200,542.0,MW,DK1,DK_1,forecast_offshore_wind_generation,Wind Offshore,2026-09-14T01:01:30Z
2026-09-14T00:59:01Z,2026-09-14T02:59:01+0200,5bd299e4-c9b8-415b-91e4-c2d3175f74bc,2026-09-14T01:30:00Z,2026-09-14T03:30:00+0200,530.0,MW,DK1,DK_1,forecast_offshore_wind_generation,Wind Offshore,2026-09-14T01:01:30Z
2026-09-14T00:59:01Z,2026-09-14T02:59:01+0200,5bd299e4-c9b8-415b-91e4-c2d3175f74bc,2026-09-14T01:45:00Z,2026-09-14T03:45:00+0200,520.166666,MW,DK1,DK_1,forecast_offshore_wind_generation,Wind Offshore,2026-09-14T01:01:30Z
2026-09-14T00:59:01Z,2026-09-14T02:59:01+0200,5bd299e4-c9b8-415b-91e4-c2d3175f74bc,2026-09-14T02:00:00Z,2026-09-14T04:00:00+0200,514.5,MW,DK1,DK_1,forecast_offshore_wind_generation,Wind Offshore,2026-09-14T01:01:30Z
2026-09-14T00:59:01Z,2026-09-14T02:59:01+0200,5bd299e4-c9b8-415b-91e4-c2d3175f74bc,2026-09-14T02:15:00Z,2026-09-14T04:15:00+0200,510.5,MW,DK1,DK_1,forecast_offshore_wind_generation,Wind Offshore,2026-09-14T01:01:30Z
2026-09-14T00:59:01Z,2026-09-14T02:59:01+0200,5bd299e4-c9b8-415b-91e4-c2d3175f74bc,2026-09-14T02:30:00Z,2026-09-14T04:30:00+0200,506.666666,MW,DK1,DK_1,forecast_offshore_wind_generation,Wind Offshore,2026-09-14T01:01:30Z
2026-09-14T00:59:01Z,2026-09-14T02:59:01+0200,5bd299e4-c9b8-415b-91e4-c2d3175f74bc,2026-09-14T02:45:00Z,2026-09-14T04:45:00+0200,502.166666,MW,DK1,DK_1,forecast_offshore_wind_generation,Wind Offshore,2026-09-14T01:01:30Z
2026-09-14T00:59:01Z,2026-09-14T02:59:01+0200,5bd299e4-c9b8-415b-91e4-c2d3175f74bc,2026-09-14T03:00:00Z,2026-09-14T05:00:00+0200,497.0,MW,DK1,DK_1,forecast_offshore_wind_generation,Wind Offshore,2026-09-14T01:01:30Z
2026-09-14T00:59:01Z,2026-09-14T02:59:01+0200,5bd299e4-c9b8-415b-91e4-c2d3175f74bc,2026-09-14T03:15:00Z,2026-09-14T05:15:00+0200,491.0,MW,DK1,DK_1,forecast_offshore_wind_generation,Wind Offshore,2026-09-14T01:01:30Z
2026-09-14T00:59:01Z,2026-09-14T02:59:01+0200,5bd299e4-c9b8-415b-91e4-c2d3175f74bc,2026-09-14T03:30:00Z,2026-09-14T05:30:00+0200,484.833333,MW,DK1,DK_1,forecast_offshore_wind_generation,Wind Offshore,2026-09-14T01:01:30Z
2026-09-14T00:59:01Z,2026-09-14T02:59:01+0200,5bd299e4-c9b8-415b-91e4-c2d3175f74bc,2026-09-14T03:45:00Z,2026-09-14T05:45:00+0200,476.5,MW,DK1,DK_1,forecast_offshore_wind_generation,Wind Offshore,2026-09-14T01:01:30Z
2026-09-14T00:59:01Z,2026-09-14T02:59:01+0200,5bd299e4-c9b8-415b-91e4-c2d3175f74bc,2026-09-14T04:00:00Z,2026-09-14T06:00:00+0200,467.333333,MW,DK1,DK_1,forecast_offshore_wind_generation,Wind Offshore,2026-09-14T01:01:30Z
2026-09-14T00:59:01Z,2026-09-14T02:59:01+0200,5bd299e4-c9b8-415b-91e4-c2d3175f74bc,2026-09-14T04:15:00Z,2026-09-14T06:15:00+0200,456.0,MW,DK1,DK_1,forecast_offshore_wind_generation,Wind Offshore,2026-09-14T01:01:30Z
2026-09-14T00:59:01Z,2026-09-14T02:59:01+0200,5bd299e4-c9b8-415b-91e4-c2d3175f74bc,2026-09-14T04:30:00Z,2026-09-14T06:30:00+0200,443.0,MW,DK1,DK_1,forecast_offshore_wind_generation,Wind Offshore,2026-09-14T01:01:30Z
2026-09-14T00:59:01Z,2026-09-14T02:59:01+0200,5bd299e4-c9b8-415b-91e4-c2d3175f74bc,2026-09-14T04:45:00Z,2026-09-14T06:45:00+0200,430.0,MW,DK1,DK_1,forecast_offshore_wind_generation,Wind Offshore,2026-09-14T01:01:30Z
2026-09-14T00:59:01Z,2026-09-14T02:59:01+0200,5bd299e4-c9b8-415b-91e4-c2d3175f74bc,2026-09-14T05:00:00Z,2026-09-14T07:00:00+0200,417.333333,MW,DK1,DK_1,forecast_offshore_wind_generation,Wind Offshore,2026-09-14T01:01:30Z
2026-09-14T00:59:01Z,2026-09-14T02:59:01+0200,5bd299e4-c9b8-415b-91e4-c2d3175f74bc,2026-09-14T05:15:00Z,2026-09-14T07:15:00+0200,402.5,MW,DK1,DK_1,forecast_offshore_wind_generation,Wind Offshore,2026-09-14T01:01:30Z
2026-09-14T00:59:01Z,2026-09-14T02:59:01+0200,5bd299e4-c9b8-415b-91e4-c2d3175f74bc,2026-09-14T05:30:00Z,2026-09-14T07:30:00+0200,388.5,MW,DK1,DK_1,forecast_offshore_wind_generation,Wind Offshore,2026-09-14T01:01:30Z
2026-09-14T00:59:01Z,2026-09-14T02:59:01+0200,5bd299e4-c9b8-415b-91e4-c2d3175f74bc,2026-09-14T05:45:00Z,2026-09-14T07:45:00+0200,376.5,MW,DK1,DK_1,forecast_offshore_wind_generation,Wind Offshore,2026-09-14T01:01:30Z
2026-09-14T00:59:01Z,2026-09-14T02:59:01+0200,5bd299e4-c9b8-415b-91e4-c2d3175f74bc,2026-09-14T06:00:00Z,2026-09-14T08:00:00+0200,367.5,MW,DK1,DK_1,forecast_offshore_wind_generation,Wind Offshore,2026-09-14T01:01:30Z
2026-09-14T00:59:01Z,2026-09-14T02:59:01+0200,5bd299e4-c9b8-415b-91e4-c2d3175f74bc,2026-09-14T06:15:00Z,2026-09-14T08:15:00+0200,361.0,MW,DK1,DK_1,forecast_offshore_wind_generation,Wind Offshore,2026-09-14T01:01:30Z
2026-09-14T00:59:01Z,2026-09-14T02:59:01+0200,5bd299e4-c9b8-415b-91e4-c2d3175f74bc,2026-09-14T06:30:00Z,2026-09-14T08:30:00+0200,355.0,MW,DK1,DK_1,forecast_offshore_wind_generation,Wind Offshore,2026-09-14T01:01:30Z
2026-09-14T00:59:01Z,2026-09-14T02:59:01+0200,5bd299e4-c9b8-415b-91e4-c2d3175f74bc,2026-09-14T06:45:00Z,2026-09-14T08:45:00+0200,348.833333,MW,DK1,DK_1,forecast_offshore_wind_generation,Wind Offshore,2026-09-14T01:01:30Z
2026-09-14T00:59:01Z,2026-09-14T02:59:01+0200,5bd299e4-c9b8-415b-91e4-c2d3175f74bc,2026-09-14T07:00:00Z,2026-09-14T09:00:00+0200,341.5,MW,DK1,DK_1,forecast_offshore_wind_generation,Wind Offshore,2026-09-14T01:01:30Z
2026-09-14T00:59:01Z,2026-09-14T02:59:01+0200,5bd299e4-c9b8-415b-91e4-c2d3175f74bc,2026-09-14T07:15:00Z,2026-09-14T09:15:00+0200,334.0,MW,DK1,DK_1,forecast_offshore_wind_generation,Wind Offshore,2026-09-14T01:01:30Z
2026-09-14T00:59:01Z,2026-09-14T02:59:01+0200,5bd299e4-c9b8-415b-91e4-c2d3175f74bc,2026-09-14T07:30:00Z,2026-09-14T09:30:00+0200,326.5,MW,DK1,DK_1,forecast_offshore_wind_generation,Wind Offshore,2026-09-14T01:01:30Z
2026-09-14T00:59:01Z,2026-09-14T02:59:01+0200,5bd299e4-c9b8-415b-91e4-c2d3175f74bc,2026-09-14T07:45:00Z,2026-09-14T09:45:00+0200,319.166666,MW,DK1,DK_1,forecast_offshore_wind_generation,Wind Offshore,2026-09-14T01:01:30Z
2026-09-14T00:59:01Z,2026-09-14T02:59:01+0200,5bd299e4-c9b8-415b-91e4-c2d3175f74bc,2026-09-14T08:00:00Z,2026-09-14T10:00:00+0200,312.0,MW,DK1,DK_1,forecast_offshore_wind_generation,Wind Offshore,2026-09-14T01:01:30Z
2026-09-14T00:59:01Z,2026-09-14T02:59:01+0200,5bd299e4-c9b8-415b-91e4-c2d3175f74bc,2026-09-14T08:15:00Z,2026-09-14T10:15:00+0200,303.333333,MW,DK1,DK_1,forecast_offshore_wind_generation,Wind Offshore,2026-09-14T01:01:30Z
2026-09-14T00:59:01Z,2026-09-14T02:59:01+0200,5bd299e4-c9b8-415b-91e4-c2d3175f74bc,2026-09-14T08:30:00Z,2026-09-14T10:30:00+0200,293.5,MW,DK1,DK_1,forecast_offshore_wind_generation,Wind Offshore,2026-09-14T01:01:30Z
2026-09-14T00:59:01Z,2026-09-14T02:59:01+0200,5bd299e4-c9b8-415b-91e4-c2d3175f74bc,2026-09-14T08:45:00Z,2026-09-14T10:45:00+0200,285.666666,MW,DK1,DK_1,forecast_offshore_wind_generation,Wind Offshore,2026-09-14T01:01:30Z
2026-09-14T00:59:01Z,2026-09-14T02:59:01+0200,5bd299e4-c9b8-415b-91e4-c2d3175f74bc,2026-09-14T09:00:00Z,2026-09-14T11:00:00+0200,279.833333,MW,DK1,DK_1,forecast_offshore_wind_generation,Wind Offshore,2026-09-14T01:01:30Z
2026-09-14T00:59:01Z,2026-09-14T02:59:01+0200,5bd299e4-c9b8-415b-91e4-c2d3175f74bc,2026-09-14T09:15:00Z,2026-09-14T11:15:00+0200,271.5,MW,DK1,DK_1,forecast_offshore_wind_generation,Wind Offshore,2026-09-14T01:01:30Z
2026-09-14T00:59:01Z,2026-09-14T02:59:01+0200,5bd299e4-c9b8-415b-91e4-c2d3175f74bc,2026-09-14T09:30:00Z,2026-09-14T11:30:00+0200,262.0,MW,DK1,DK_1,forecast_offshore_wind_generation,Wind Offshore,2026-09-14T01:01:30Z
2026-09-14T00:59:01Z,2026-09-14T02:59:01+0200,5bd299e4-c9b8-415b-91e4-c2d3175f74bc,2026-09-14T09:45:00Z,2026-09-14T11:45:00+0200,253.166666,MW,DK1,DK_1,forecast_offshore_wind_generation,Wind Offshore,2026-09-14T01:01:30Z
2026-09-14T00:59:01Z,2026-09-14T02:59:01+0200,5bd299e4-c9b8-415b-91e4-c2d3175f74bc,2026-09-14T10:00:00Z,2026-09-14T12:00:00+0200,247.5,MW,DK1,DK_1,forecast_offshore_wind_generation,Wind Offshore,2026-09-14T01:01:30Z
2026-09-14T00:59:01Z,2026-09-14T02:59:01+0200,5bd299e4-c9b8-415b-91e4-c2d3175f74bc,2026-09-14T10:15:00Z,2026-09-14T12:15:00+0200,243.0,MW,DK1,DK_1,forecast_offshore_wind_generation,Wind Offshore,2026-09-14T01:01:30Z
2026-09-14T00:59:01Z,2026-09-14T02:59:01+0200,5bd299e4-c9b8-415b-91e4-c2d3175f74bc,2026-09-14T10:30:00Z,2026-09-14T12:30:00+0200,238.5,MW,DK1,DK_1,forecast_offshore_wind_generation,Wind Offshore,2026-09-14T01:01:30Z
2026-09-14T00:59:01Z,2026-09-14T02:59:01+0200,5bd299e4-c9b8-415b-91e4-c2d3175f74bc,2026-09-14T10:45:00Z,2026-09-14T12:45:00+0200,234.0,MW,DK1,DK_1,forecast_offshore_wind_generation,Wind Offshore,2026-09-14T01:01:30Z
2026-09-14T00:59:01Z,2026-09-14T02:59:01+0200,5bd299e4-c9b8-415b-91e4-c2d3175f74bc,2026-09-14T11:00:00Z,2026-09-14T13:00:00+0200,230.0,MW,DK1,DK_1,forecast_offshore_wind_generation,Wind Offshore,2026-09-14T01:01:30Z
2026-09-14T00:59:01Z,2026-09-14T02:59:01+0200,5bd299e4-c9b8-415b-91e4-c2d3175f74bc,2026-09-14T11:15:00Z,2026-09-14T13:15:00+0200,226.5,MW,DK1,DK_1,forecast_offshore_wind_generation,Wind Offshore,2026-09-14T01:01:30Z
2026-09-14T00:59:01Z,2026-09-14T02:59:01+0200,5bd299e4-c9b8-415b-91e4-c2d3175f74bc,2026-09-14T11:30:00Z,2026-09-14T13:30:00+0200,223.5,MW,DK1,DK_1,forecast_offshore_wind_generation,Wind Offshore,2026-09-14T01:01:30Z
2026-09-14T00:59:01Z,2026-09-14T02:59:01+0200,5bd299e4-c9b8-415b-91e4-c2d3175f74bc,2026-09-14T11:45:00Z,2026-09-14T13:45:00+0200,221.333333,MW,DK1,DK_1,forecast_offshore_wind_generation,Wind Offshore,2026-09-14T01:01:30Z
2026-09-14T00:59:01Z,2026-09-14T02:59:01+0200,5bd299e4-c9b8-415b-91e4-c2d3175f74bc,2026-09-14T12:00:00Z,2026-09-14T14:00:00+0200,219.333333,MW,DK1,DK_1,forecast_offshore_wind_generation,Wind Offshore,2026-09-14T01:01:30Z
2026-09-14T00:59:01Z,2026-09-14T02:59:01+0200,5bd299e4-c9b8-415b-91e4-c2d3175f74bc,2026-09-14T12:15:00Z,2026-09-14T14:15:00+0200,216.666666,MW,DK1,DK_1,forecast_offshore_wind_generation,Wind Offshore,2026-09-14T01:01:30Z
2026-09-14T00:59:01Z,2026-09-14T02:59:01+0200,5bd299e4-c9b8-415b-91e4-c2d3175f74bc,2026-09-14T12:30:00Z,2026-09-14T14:30:00+0200,214.666666,MW,DK1,DK_1,forecast_offshore_wind_generation,Wind Offshore,2026-09-14T01:01:30Z
2026-09-14T00:59:01Z,2026-09-14T02:59:01+0200,5bd299e4-c9b8-415b-91e4-c2d3175f74bc,2026-09-14T12:45:00Z,2026-09-14T14:45:00+0200,213.166666,MW,DK1,DK_1,forecast_offshore_wind_generation,Wind Offshore,2026-09-14T01:01:30Z
2026-09-14T00:59:01Z,2026-09-14T02:59:01+0200,5bd299e4-c9b8-415b-91e4-c2d3175f74bc,2026-09-14T13:00:00Z,2026-09-14T15:00:00+0200,213.0,MW,DK1,DK_1,forecast_offshore_wind_generation,Wind Offshore,2026-09-14T01:01:30Z
2026-09-14T00:59:01Z,2026-09-14T02:59:01+0200,5bd299e4-c9b8-415b-91e4-c2d3175f74bc,2026-09-14T13:15:00Z,2026-09-14T15:15:00+0200,213.166666,MW,DK1,DK_1,forecast_offshore_wind_generation,Wind Offshore,2026-09-14T01:01:30Z
2026-09-14T00:59:01Z,2026-09-14T02:59:01+0200,5bd299e4-c9b8-415b-91e4-c2d3175f74bc,2026-09-14T13:30:00Z,2026-09-14T15:30:00+0200,214.0,MW,DK1,DK_1,forecast_offshore_wind_generation,Wind Offshore,2026-09-14T01:01:30Z
2026-09-14T00:59:01Z,2026-09-14T02:59:01+0200,5bd299e4-c9b8-415b-91e4-c2d3175f74bc,2026-09-14T13:45:00Z,2026-09-14T15:45:00+0200,214.166666,MW,DK1,DK_1,forecast_offshore_wind_generation,Wind Offshore,2026-09-14T01:01:30Z
2026-09-14T00:59:01Z,2026-09-14T02:59:01+0200,5bd299e4-c9b8-415b-91e4-c2d3175f74bc,2026-09-14T14:00:00Z,2026-09-14T16:00:00+0200,216.5,MW,DK1,DK_1,forecast_offshore_wind_generation,Wind Offshore,2026-09-14T01:01:30Z
2026-09-14T00:59:01Z,2026-09-14T02:59:01+0200,5bd299e4-c9b8-415b-91e4-c2d3175f74bc,2026-09-14T14:15:00Z,2026-09-14T16:15:00+0200,221.0,MW,DK1,DK_1,forecast_offshore_wind_generation,Wind Offshore,2026-09-14T01:01:30Z
2026-09-14T00:59:01Z,2026-09-14T02:59:01+0200,5bd299e4-c9b8-415b-91e4-c2d3175f74bc,2026-09-14T14:30:00Z,2026-09-14T16:30:00+0200,226.166666,MW,DK1,DK_1,forecast_offshore_wind_generation,Wind Offshore,2026-09-14T01:01:30Z
2026-09-14T00:59:01Z,2026-09-14T02:59:01+0200,5bd299e4-c9b8-415b-91e4-c2d3175f74bc,2026-09-14T14:45:00Z,2026-09-14T16:45:00+0200,230.5,MW,DK1,DK_1,forecast_offshore_wind_generation,Wind Offshore,2026-09-14T01:01:30Z
2026-09-14T00:59:01Z,2026-09-14T02:59:01+0200,5bd299e4-c9b8-415b-91e4-c2d3175f74bc,2026-09-14T15:00:00Z,2026-09-14T17:00:00+0200,233.5,MW,DK1,DK_1,forecast_offshore_wind_generation,Wind Offshore,2026-09-14T01:01:30Z
2026-09-14T00:59:01Z,2026-09-14T02:59:01+0200,5bd299e4-c9b8-415b-91e4-c2d3175f74bc,2026-09-14T15:15:00Z,2026-09-14T17:15:00+0200,236.666666,MW,DK1,DK_1,forecast_offshore_wind_generation,Wind Offshore,2026-09-14T01:01:30Z
2026-09-14T00:59:01Z,2026-09-14T02:59:01+0200,5bd299e4-c9b8-415b-91e4-c2d3175f74bc,2026-09-14T15:30:00Z,2026-09-14T17:30:00+0200,241.166666,MW,DK1,DK_1,forecast_offshore_wind_generation,Wind Offshore,2026-09-14T01:01:30Z
2026-09-14T00:59:01Z,2026-09-14T02:59:01+0200,5bd299e4-c9b8-415b-91e4-c2d3175f74bc,2026-09-14T15:45:00Z,2026-09-14T17:45:00+0200,246.5,MW,DK1,DK_1,forecast_offshore_wind_generation,Wind Offshore,2026-09-14T01:01:30Z
2026-09-14T00:59:01Z,2026-09-14T02:59:01+0200,5bd299e4-c9b8-415b-91e4-c2d3175f74bc,2026-09-14T16:00:00Z,2026-09-14T18:00:00+0200,251.166666,MW,DK1,DK_1,forecast_offshore_wind_generation,Wind Offshore,2026-09-14T01:01:30Z
2026-09-14T00:59:01Z,2026-09-14T02:59:01+0200,5bd299e4-c9b8-415b-91e4-c2d3175f74bc,2026-09-14T16:15:00Z,2026-09-14T18:15:00+0200,257.0,MW,DK1,DK_1,forecast_offshore_wind_generation,Wind Offshore,2026-09-14T01:01:30Z
2026-09-14T00:59:01Z,2026-09-14T02:59:01+0200,5bd299e4-c9b8-415b-91e4-c2d3175f74bc,2026-09-14T16:30:00Z,2026-09-14T18:30:00+0200,263.5,MW,DK1,DK_1,forecast_offshore_wind_generation,Wind Offshore,2026-09-14T01:01:30Z
2026-09-14T00:59:01Z,2026-09-14T02:59:01+0200,5bd299e4-c9b8-415b-91e4-c2d3175f74bc,2026-09-14T16:45:00Z,2026-09-14T18:45:00+0200,270.0,MW,DK1,DK_1,forecast_offshore_wind_generation,Wind Offshore,2026-09-14T01:01:30Z
2026-09-14T00:59:01Z,2026-09-14T02:59:01+0200,5bd299e4-c9b8-415b-91e4-c2d3175f74bc,2026-09-14T17:00:00Z,2026-09-14T19:00:00+0200,276.833333,MW,DK1,DK_1,forecast_offshore_wind_generation,Wind Offshore,2026-09-14T01:01:30Z
2026-09-14T00:59:01Z,2026-09-14T02:59:01+0200,5bd299e4-c9b8-415b-91e4-c2d3175f74bc,2026-09-14T17:15:00Z,2026-09-14T19:15:00+0200,287.166666,MW,DK1,DK_1,forecast_offshore_wind_generation,Wind Offshore,2026-09-14T01:01:30Z
2026-09-14T00:59:01Z,2026-09-14T02:59:01+0200,5bd299e4-c9b8-415b-91e4-c2d3175f74bc,2026-09-14T17:30:00Z,2026-09-14T19:30:00+0200,298.833333,MW,DK1,DK_1,forecast_offshore_wind_generation,Wind Offshore,2026-09-14T01:01:30Z
2026-09-14T00:59:01Z,2026-09-14T02:59:01+0200,5bd299e4-c9b8-415b-91e4-c2d3175f74bc,2026-09-14T17:45:00Z,2026-09-14T19:45:00+0200,307.333333,MW,DK1,DK_1,forecast_offshore_wind_generation,Wind Offshore,2026-09-14T01:01:30Z
2026-09-14T00:59:01Z,2026-09-14T02:59:01+0200,5bd299e4-c9b8-415b-91e4-c2d3175f74bc,2026-09-14T18:00:00Z,2026-09-14T20:00:00+0200,310.0,MW,DK1,DK_1,forecast_offshore_wind_generation,Wind Offshore,2026-09-14T01:01:30Z
2026-09-14T00:59:01Z,2026-09-14T02:59:01+0200,5bd299e4-c9b8-415b-91e4-c2d3175f74bc,2026-09-14T18:15:00Z,2026-09-14T20:15:00+0200,308.333333,MW,DK1,DK_1,forecast_offshore_wind_generation,Wind Offshore,2026-09-14T01:01:30Z
2026-09-14T00:59:01Z,2026-09-14T02:59:01+0200,5bd299e4-c9b8-415b-91e4-c2d3175f74bc,2026-09-14T18:30:00Z,2026-09-14T20:30:00+0200,304.0,MW,DK1,DK_1,forecast_offshore_wind_generation,Wind Offshore,2026-09-14T01:01:30Z
2026-09-14T00:59:01Z,2026-09-14T02:59:01+0200,5bd299e4-c9b8-415b-91e4-c2d3175f74bc,2026-09-14T18:45:00Z,2026-09-14T20:45:00+0200,300.5,MW,DK1,DK_1,forecast_offshore_wind_generation,Wind Offshore,2026-09-14T01:01:30Z
2026-09-14T00:59:01Z,2026-09-14T02:59:01+0200,5bd299e4-c9b8-415b-91e4-c2d3175f74bc,2026-09-14T19:00:00Z,2026-09-14T21:00:00+0200,298.833333,MW,DK1,DK_1,forecast_offshore_wind_generation,Wind Offshore,2026-09-14T01:01:30Z
2026-09-14T00:59:01Z,2026-09-14T02:59:01+0200,5bd299e4-c9b8-415b-91e4-c2d3175f74bc,2026-09-14T19:15:00Z,2026-09-14T21:15:00+0200,298.166666,MW,DK1,DK_1,forecast_offshore_wind_generation,Wind Offshore,2026-09-14T01:01:30Z
2026-09-14T00:59:01Z,2026-09-14T02:59:01+0200,5bd299e4-c9b8-415b-91e4-c2d3175f74bc,2026-09-14T19:30:00Z,2026-09-14T21:30:00+0200,299.833333,MW,DK1,DK_1,forecast_offshore_wind_generation,Wind Offshore,2026-09-14T01:01:30Z
2026-09-14T00:59:01Z,2026-09-14T02:59:01+0200,5bd299e4-c9b8-415b-91e4-c2d3175f74bc,2026-09-14T19:45:00Z,2026-09-14T21:45:00+0200,305.0,MW,DK1,DK_1,forecast_offshore_wind_generation,Wind Offshore,2026-09-14T01:01:30Z
2026-09-14T00:59:01Z,2026-09-14T02:59:01+0200,5bd299e4-c9b8-415b-91e4-c2d3175f74bc,2026-09-14T20:00:00Z,2026-09-14T22:00:00+0200,312.666666,MW,DK1,DK_1,forecast_offshore_wind_generation,Wind Offshore,2026-09-14T01:01:30Z
2026-09-14T00:59:01Z,2026-09-14T02:59:01+0200,5bd299e4-c9b8-415b-91e4-c2d3175f74bc,2026-09-14T20:15:00Z,2026-09-14T22:15:00+0200,324.0,MW,DK1,DK_1,forecast_offshore_wind_generation,Wind Offshore,2026-09-14T01:01:30Z
2026-09-14T00:59:01Z,2026-09-14T02:59:01+0200,5bd299e4-c9b8-415b-91e4-c2d3175f74bc,2026-09-14T20:30:00Z,2026-09-14T22:30:00+0200,337.666666,MW,DK1,DK_1,forecast_offshore_wind_generation,Wind Offshore,2026-09-14T01:01:30Z
2026-09-14T00:59:01Z,2026-09-14T02:59:01+0200,5bd299e4-c9b8-415b-91e4-c2d3175f74bc,2026-09-14T20:45:00Z,2026-09-14T22:45:00+0200,353.333333,MW,DK1,DK_1,forecast_offshore_wind_generation,Wind Offshore,2026-09-14T01:01:30Z
2026-09-14T00:59:01Z,2026-09-14T02:59:01+0200,5bd299e4-c9b8-415b-91e4-c2d3175f74bc,2026-09-14T21:00:00Z,2026-09-14T23:00:00+0200,367.666666,MW,DK1,DK_1,forecast_offshore_wind_generation,Wind Offshore,2026-09-14T01:01:30Z
2026-09-14T00:59:01Z,2026-09-14T02:59:01+0200,5bd299e4-c9b8-415b-91e4-c2d3175f74bc,2026-09-14T21:15:00Z,2026-09-14T23:15:00+0200,384.0,MW,DK1,DK_1,forecast_offshore_wind_generation,Wind Offshore,2026-09-14T01:01:30Z
2026-09-14T00:59:01Z,2026-09-14T02:59:01+0200,5bd299e4-c9b8-415b-91e4-c2d3175f74bc,2026-09-14T21:30:00Z,2026-09-14T23:30:00+0200,400.5,MW,DK1,DK_1,forecast_offshore_wind_generation,Wind Offshore,2026-09-14T01:01:30Z
2026-09-14T00:59:01Z,2026-09-14T02:59:01+0200,5bd299e4-c9b8-415b-91e4-c2d3175f74bc,2026-09-14T21:45:00Z,2026-09-14T23:45:00+0200,416.5,MW,DK1,DK_1,forecast_offshore_wind_generation,Wind Offshore,2026-09-14T01:01:30Z
