collection_time_utc,collection_time_local,run_id,timestamp_utc,timestamp_local,value,unit,country,entsoe_area,variable,source,updated_at_utc
2026-08-09T16:49:56Z,2026-08-09T18:49:56+0200,eeb12da0-7c50-4259-bd40-a1d833ebd7ef,2026-07-09T17:00:00Z,2026-07-09T19:00:00+0200,867.553333,MW,DK1,DK_1,forecast_solar_generation,Solar,2026-08-09T16:53:20Z
2026-08-09T16:49:56Z,2026-08-09T18:49:56+0200,eeb12da0-7c50-4259-bd40-a1d833ebd7ef,2026-07-09T17:15:00Z,2026-07-09T19:15:00+0200,738.421666,MW,DK1,DK_1,forecast_solar_generation,Solar,2026-08-09T16:53:20Z
2026-08-09T16:49:56Z,2026-08-09T18:49:56+0200,eeb12da0-7c50-4259-bd40-a1d833ebd7ef,2026-07-09T17:30:00Z,2026-07-09T19:30:00+0200,614.255,MW,DK1,DK_1,forecast_solar_generation,Solar,2026-08-09T16:53:20Z
2026-08-09T16:49:56Z,2026-08-09T18:49:56+0200,eeb12da0-7c50-4259-bd40-a1d833ebd7ef,2026-07-09T17:45:00Z,2026-07-09T19:45:00+0200,496.99,MW,DK1,DK_1,forecast_solar_generation,Solar,2026-08-09T16:53:20Z
2026-08-09T16:49:56Z,2026-08-09T18:49:56+0200,eeb12da0-7c50-4259-bd40-a1d833ebd7ef,2026-07-09T18:00:00Z,2026-07-09T20:00:00+0200,390.213333,MW,DK1,DK_1,forecast_solar_generation,Solar,2026-08-09T16:53:20Z
2026-08-09T16:49:56Z,2026-08-09T18:49:56+0200,eeb12da0-7c50-4259-bd40-a1d833ebd7ef,2026-07-09T18:15:00Z,2026-07-09T20:15:00+0200,293.969999,MW,DK1,DK_1,forecast_solar_generation,Solar,2026-08-09T16:53:20Z
2026-08-09T16:49:56Z,2026-08-09T18:49:56+0200,eeb12da0-7c50-4259-bd40-a1d833ebd7ef,2026-07-09T18:30:00Z,2026-07-09T20:30:00+0200,209.525,MW,DK1,DK_1,forecast_solar_generation,Solar,2026-08-09T16:53:20Z
2026-08-09T16:49:56Z,2026-08-09T18:49:56+0200,eeb12da0-7c50-4259-bd40-a1d833ebd7ef,2026-07-09T18:45:00Z,2026-07-09T20:45:00+0200,137.833333,MW,DK1,DK_1,forecast_solar_generation,Solar,2026-08-09T16:53:20Z
2026-08-09T16:49:56Z,2026-08-09T18:49:56+0200,eeb12da0-7c50-4259-bd40-a1d833ebd7ef,2026-07-09T19:00:00Z,2026-07-09T21:00:00+0200,79.036666,MW,DK1,DK_1,forecast_solar_generation,Solar,2026-08-09T16:53:20Z
2026-08-09T16:49:56Z,2026-08-09T18:49:56+0200,eeb12da0-7c50-4259-bd40-a1d833ebd7ef,2026-07-09T19:15:00Z,2026-07-09T21:15:00+0200,34.681666,MW,DK1,DK_1,forecast_solar_generation,Solar,2026-08-09T16:53:20Z
2026-08-09T16:49:56Z,2026-08-09T18:49:56+0200,eeb12da0-7c50-4259-bd40-a1d833ebd7ef,2026-07-09T19:30:00Z,2026-07-09T21:30:00+0200,9.184999,MW,DK1,DK_1,forecast_solar_generation,Solar,2026-08-09T16:53:20Z
2026-08-09T16:49:56Z,2026-08-09T18:49:56+0200,eeb12da0-7c50-4259-bd40-a1d833ebd7ef,2026-07-09T19:45:00Z,2026-07-09T21:45:00+0200,1.091666,MW,DK1,DK_1,forecast_solar_generation,Solar,2026-08-09T16:53:20Z
2026-08-09T16:49:56Z,2026-08-09T18:49:56+0200,eeb12da0-7c50-4259-bd40-a1d833ebd7ef,2026-07-09T20:00:00Z,2026-07-09T22:00:00+0200,0.038333,MW,DK1,DK_1,forecast_solar_generation,Solar,2026-08-09T16:53:20Z
2026-08-09T16:49:56Z,2026-08-09T18:49:56+0200,eeb12da0-7c50-4259-bd40-a1d833ebd7ef,2026-07-09T20:15:00Z,2026-07-09T22:15:00+0200,0.0,MW,DK1,DK_1,forecast_solar_generation,Solar,2026-08-09T16:53:20Z
2026-08-09T16:49:56Z,2026-08-09T18:49:56+0200,eeb12da0-7c50-4259-bd40-a1d833ebd7ef,2026-07-09T20:30:00Z,2026-07-09T22:30:00+0200,0.0,MW,DK1,DK_1,forecast_solar_generation,Solar,2026-08-09T16:53:20Z
2026-08-09T16:49:56Z,2026-08-09T18:49:56+0200,eeb12da0-7c50-4259-bd40-a1d833ebd7ef,2026-07-09T20:45:00Z,2026-07-09T22:45:00+0200,0.0,MW,DK1,DK_1,forecast_solar_generation,Solar,2026-08-09T16:53:20Z
2026-08-09T16:49:56Z,2026-08-09T18:49:56+0200,eeb12da0-7c50-4259-bd40-a1d833ebd7ef,2026-07-09T21:00:00Z,2026-07-09T23:00:00+0200,0.0,MW,DK1,DK_1,forecast_solar_generation,Solar,2026-08-09T16:53:20Z
2026-08-09T16:49:56Z,2026-08-09T18:49:56+0200,eeb12da0-7c50-4259-bd40-a1d833ebd7ef,2026-07-09T21:15:00Z,2026-07-09T23:15:00+0200,0.0,MW,DK1,DK_1,forecast_solar_generation,Solar,2026-08-09T16:53:20Z
2026-08-09T16:49:56Z,2026-08-09T18:49:56+0200,eeb12da0-7c50-4259-bd40-a1d833ebd7ef,2026-07-09T21:30:00Z,2026-07-09T23:30:00+0200,0.0,MW,DK1,DK_1,forecast_solar_generation,Solar,2026-08-09T16:53:20Z
2026-08-09T16:49:56Z,2026-08-09T18:49:56+0200,eeb12da0-7c50-4259-bd40-a1d833ebd7ef,2026-07-09T21:45:00Z,2026-07-09T23:45:00+0200,0.0,MW,DK1,DK_1,forecast_solar_generation,Solar,2026-08-09T16:53:20Z
2026-08-09T16:49:56Z,2026-08-09T18:49:56+0200,eeb12da0-7c50-4259-bd40-a1d833ebd7ef,2026-07-09T22:00:00Z,2026-07-10T00:00:00+0200,0.0,MW,DK1,DK_1,forecast_solar_generation,Solar,2026-08-09T16:53:20Z
2026-08-09T16:49:56Z,2026-08-09T18:49:56+0200,eeb12da0-7c50-4259-bd40-a1d833ebd7ef,2026-07-09T22:15:00Z,2026-07-10T00:15:00+0200,0.0,MW,DK1,DK_1,forecast_solar_generation,Solar,2026-08-09T16:53:20Z
2026-08-09T16:49:56Z,2026-08-09T18:49:56+0200,eeb12da0-7c50-4259-bd40-a1d833ebd7ef,2026-07-09T22:30:00Z,2026-07-10T00:30:00+0200,0.0,MW,DK1,DK_1,forecast_solar_generation,Solar,2026-08-09T16:53:20Z
2026-08-09T16:49:56Z,2026-08-09T18:49:56+0200,eeb12da0-7c50-4259-bd40-a1d833ebd7ef,2026-07-09T22:45:00Z,2026-07-10T00:45:00+0200,0.0,MW,DK1,DK_1,forecast_solar_generation,Solar,2026-08-09T16:53:20Z
2026-08-09T16:49:56Z,2026-08-09T18:49:56+0200,eeb12da0-7c50-4259-bd40-a1d833ebd7ef,2026-07-09T23:00:00Z,2026-07-10T01:00:00+0200,0.0,MW,DK1,DK_1,forecast_solar_generation,Solar,2026-08-09T16:53:20Z
2026-08-09T16:49:56Z,2026-08-09T18:49:56+0200,eeb12da0-7c50-4259-bd40-a1d833ebd7ef,2026-07-09T23:15:00Z,2026-07-10T01:15:00+0200,0.0,MW,DK1,DK_1,forecast_solar_generation,Solar,2026-08-09T16:53:20Z
2026-08-09T16:49:56Z,2026-08-09T18:49:56+0200,eeb12da0-7c50-4259-bd40-a1d833ebd7ef,2026-07-09T23:30:00Z,2026-07-10T01:30:00+0200,0.0,MW,DK1,DK_1,forecast_solar_generation,Solar,2026-08-09T16:53:20Z
2026-08-09T16:49:56Z,2026-08-09T18:49:56+0200,eeb12da0-7c50-4259-bd40-a1d833ebd7ef,2026-07-09T23:45:00Z,2026-07-10T01:45:00+0200,0.0,MW,DK1,DK_1,forecast_solar_generation,Solar,2026-08-09T16:53:20Z
2026-08-09T16:49:56Z,2026-08-09T18:49:56+0200,eeb12da0-7c50-4259-bd40-a1d833ebd7ef,2026-07-10T00:00:00Z,2026-07-10T02:00:00+0200,0.0,MW,DK1,DK_1,forecast_solar_generation,Solar,2026-08-09T16:53:20Z
2026-08-09T16:49:56Z,2026-08-09T18:49:56+0200,eeb12da0-7c50-4259-bd40-a1d833ebd7ef,2026-07-10T00:15:00Z,2026-07-10T02:15:00+0200,0.0,MW,DK1,DK_1,forecast_solar_generation,Solar,2026-08-09T16:53:20Z
2026-08-09T16:49:56Z,2026-08-09T18:49:56+0200,eeb12da0-7c50-4259-bd40-a1d833ebd7ef,2026-07-10T00:30:00Z,2026-07-10T02:30:00+0200,0.0,MW,DK1,DK_1,forecast_solar_generation,Solar,2026-08-09T16:53:20Z
2026-08-09T16:49:56Z,2026-08-09T18:49:56+0200,eeb12da0-7c50-4259-bd40-a1d833ebd7ef,2026-07-10T00:45:00Z,2026-07-10T02:45:00+0200,0.0,MW,DK1,DK_1,forecast_solar_generation,Solar,2026-08-09T16:53:20Z
2026-08-09T16:49:56Z,2026-08-09T18:49:56+0200,eeb12da0-7c50-4259-bd40-a1d833ebd7ef,2026-07-10T01:00:00Z,2026-07-10T03:00:00+0200,0.0,MW,DK1,DK_1,forecast_solar_generation,Solar,2026-08-09T16:53:20Z
2026-08-09T16:49:56Z,2026-08-09T18:49:56+0200,eeb12da0-7c50-4259-bd40-a1d833ebd7ef,2026-07-10T01:15:00Z,2026-07-10T03:15:00+0200,0.0,MW,DK1,DK_1,forecast_solar_generation,Solar,2026-08-09T16:53:20Z
2026-08-09T16:49:56Z,2026-08-09T18:49:56+0200,eeb12da0-7c50-4259-bd40-a1d833ebd7ef,2026-07-10T01:30:00Z,2026-07-10T03:30:00+0200,0.0,MW,DK1,DK_1,forecast_solar_generation,Solar,2026-08-09T16:53:20Z
2026-08-09T16:49:56Z,2026-08-09T18:49:56+0200,eeb12da0-7c50-4259-bd40-a1d833ebd7ef,2026-07-10T01:45:00Z,2026-07-10T03:45:00+0200,0.0,MW,DK1,DK_1,forecast_solar_generation,Solar,2026-08-09T16:53:20Z
2026-08-09T16:49:56Z,2026-08-09T18:49:56+0200,eeb12da0-7c50-4259-bd40-a1d833ebd7ef,2026-07-10T02:00:00Z,2026-07-10T04:00:00+0200,0.0,MW,DK1,DK_1,forecast_solar_generation,Solar,2026-08-09T16:53:20Z
2026-08-09T16:49:56Z,2026-08-09T18:49:56+0200,eeb12da0-7c50-4259-bd40-a1d833ebd7ef,2026-07-10T02:15:00Z,2026-07-10T04:15:00+0200,0.0,MW,DK1,DK_1,forecast_solar_generation,Solar,2026-08-09T16:53:20Z
2026-08-09T16:49:56Z,2026-08-09T18:49:56+0200,eeb12da0-7c50-4259-bd40-a1d833ebd7ef,2026-07-10T02:30:00Z,2026-07-10T04:30:00+0200,0.001666,MW,DK1,DK_1,forecast_solar_generation,Solar,2026-08-09T16:53:20Z
2026-08-09T16:49:56Z,2026-08-09T18:49:56+0200,eeb12da0-7c50-4259-bd40-a1d833ebd7ef,2026-07-10T02:45:00Z,2026-07-10T04:45:00+0200,0.171666,MW,DK1,DK_1,forecast_solar_generation,Solar,2026-08-09T16:53:20Z
2026-08-09T16:49:56Z,2026-08-09T18:49:56+0200,eeb12da0-7c50-4259-bd40-a1d833ebd7ef,2026-07-10T03:00:00Z,2026-07-10T05:00:00+0200,2.511666,MW,DK1,DK_1,forecast_solar_generation,Solar,2026-08-09T16:53:20Z
2026-08-09T16:49:56Z,2026-08-09T18:49:56+0200,eeb12da0-7c50-4259-bd40-a1d833ebd7ef,2026-07-10T03:15:00Z,2026-07-10T05:15:00+0200,15.37,MW,DK1,DK_1,forecast_solar_generation,Solar,2026-08-09T16:53:20Z
2026-08-09T16:49:56Z,2026-08-09T18:49:56+0200,eeb12da0-7c50-4259-bd40-a1d833ebd7ef,2026-07-10T03:30:00Z,2026-07-10T05:30:00+0200,46.981666,MW,DK1,DK_1,forecast_solar_generation,Solar,2026-08-09T16:53:20Z
2026-08-09T16:49:56Z,2026-08-09T18:49:56+0200,eeb12da0-7c50-4259-bd40-a1d833ebd7ef,2026-07-10T03:45:00Z,2026-07-10T05:45:00+0200,96.19,MW,DK1,DK_1,forecast_solar_generation,Solar,2026-08-09T16:53:20Z
2026-08-09T16:49:56Z,2026-08-09T18:49:56+0200,eeb12da0-7c50-4259-bd40-a1d833ebd7ef,2026-07-10T04:00:00Z,2026-07-10T06:00:00+0200,159.648333,MW,DK1,DK_1,forecast_solar_generation,Solar,2026-08-09T16:53:20Z
2026-08-09T16:49:56Z,2026-08-09T18:49:56+0200,eeb12da0-7c50-4259-bd40-a1d833ebd7ef,2026-07-10T04:15:00Z,2026-07-10T06:15:00+0200,236.331666,MW,DK1,DK_1,forecast_solar_generation,Solar,2026-08-09T16:53:20Z
2026-08-09T16:49:56Z,2026-08-09T18:49:56+0200,eeb12da0-7c50-4259-bd40-a1d833ebd7ef,2026-07-10T04:30:00Z,2026-07-10T06:30:00+0200,325.771666,MW,DK1,DK_1,forecast_solar_generation,Solar,2026-08-09T16:53:20Z
2026-08-09T16:49:56Z,2026-08-09T18:49:56+0200,eeb12da0-7c50-4259-bd40-a1d833ebd7ef,2026-07-10T04:45:00Z,2026-07-10T06:45:00+0200,427.826666,MW,DK1,DK_1,forecast_solar_generation,Solar,2026-08-09T16:53:20Z
2026-08-09T16:49:56Z,2026-08-09T18:49:56+0200,eeb12da0-7c50-4259-bd40-a1d833ebd7ef,2026-07-10T05:00:00Z,2026-07-10T07:00:00+0200,542.758333,MW,DK1,DK_1,forecast_solar_generation,Solar,2026-08-09T16:53:20Z
2026-08-09T16:49:56Z,2026-08-09T18:49:56+0200,eeb12da0-7c50-4259-bd40-a1d833ebd7ef,2026-07-10T05:15:00Z,2026-07-10T07:15:00+0200,666.761666,MW,DK1,DK_1,forecast_solar_generation,Solar,2026-08-09T16:53:20Z
2026-08-09T16:49:56Z,2026-08-09T18:49:56+0200,eeb12da0-7c50-4259-bd40-a1d833ebd7ef,2026-07-10T05:30:00Z,2026-07-10T07:30:00+0200,797.305,MW,DK1,DK_1,forecast_solar_generation,Solar,2026-08-09T16:53:20Z
2026-08-09T16:49:56Z,2026-08-09T18:49:56+0200,eeb12da0-7c50-4259-bd40-a1d833ebd7ef,2026-07-10T05:45:00Z,2026-07-10T07:45:00+0200,932.305,MW,DK1,DK_1,forecast_solar_generation,Solar,2026-08-09T16:53:20Z
2026-08-09T16:49:56Z,2026-08-09T18:49:56+0200,eeb12da0-7c50-4259-bd40-a1d833ebd7ef,2026-07-10T06:00:00Z,2026-07-10T08:00:00+0200,1070.106666,MW,DK1,DK_1,forecast_solar_generation,Solar,2026-08-09T16:53:20Z
2026-08-09T16:49:56Z,2026-08-09T18:49:56+0200,eeb12da0-7c50-4259-bd40-a1d833ebd7ef,2026-07-10T06:15:00Z,2026-07-10T08:15:00+0200,1209.303333,MW,DK1,DK_1,forecast_solar_generation,Solar,2026-08-09T16:53:20Z
2026-08-09T16:49:56Z,2026-08-09T18:49:56+0200,eeb12da0-7c50-4259-bd40-a1d833ebd7ef,2026-07-10T06:30:00Z,2026-07-10T08:30:00+0200,1348.325,MW,DK1,DK_1,forecast_solar_generation,Solar,2026-08-09T16:53:20Z
2026-08-09T16:49:56Z,2026-08-09T18:49:56+0200,eeb12da0-7c50-4259-bd40-a1d833ebd7ef,2026-07-10T06:45:00Z,2026-07-10T08:45:00+0200,1485.516666,MW,DK1,DK_1,forecast_solar_generation,Solar,2026-08-09T16:53:20Z
2026-08-09T16:49:56Z,2026-08-09T18:49:56+0200,eeb12da0-7c50-4259-bd40-a1d833ebd7ef,2026-07-10T07:00:00Z,2026-07-10T09:00:00+0200,1619.476666,MW,DK1,DK_1,forecast_solar_generation,Solar,2026-08-09T16:53:20Z
2026-08-09T16:49:56Z,2026-08-09T18:49:56+0200,eeb12da0-7c50-4259-bd40-a1d833ebd7ef,2026-07-10T07:15:00Z,2026-07-10T09:15:00+0200,1748.919999,MW,DK1,DK_1,forecast_solar_generation,Solar,2026-08-09T16:53:20Z
2026-08-09T16:49:56Z,2026-08-09T18:49:56+0200,eeb12da0-7c50-4259-bd40-a1d833ebd7ef,2026-07-10T07:30:00Z,2026-07-10T09:30:00+0200,1870.826666,MW,DK1,DK_1,forecast_solar_generation,Solar,2026-08-09T16:53:20Z
2026-08-09T16:49:56Z,2026-08-09T18:49:56+0200,eeb12da0-7c50-4259-bd40-a1d833ebd7ef,2026-07-10T07:45:00Z,2026-07-10T09:45:00+0200,1980.205,MW,DK1,DK_1,forecast_solar_generation,Solar,2026-08-09T16:53:20Z
2026-08-09T16:49:56Z,2026-08-09T18:49:56+0200,eeb12da0-7c50-4259-bd40-a1d833ebd7ef,2026-07-10T08:00:00Z,2026-07-10T10:00:00+0200,2075.361666,MW,DK1,DK_1,forecast_solar_generation,Solar,2026-08-09T16:53:20Z
2026-08-09T16:49:56Z,2026-08-09T18:49:56+0200,eeb12da0-7c50-4259-bd40-a1d833ebd7ef,2026-07-10T08:15:00Z,2026-07-10T10:15:00+0200,2156.361666,MW,DK1,DK_1,forecast_solar_generation,Solar,2026-08-09T16:53:20Z
2026-08-09T16:49:56Z,2026-08-09T18:49:56+0200,eeb12da0-7c50-4259-bd40-a1d833ebd7ef,2026-07-10T08:30:00Z,2026-07-10T10:30:00+0200,2222.776666,MW,DK1,DK_1,forecast_solar_generation,Solar,2026-08-09T16:53:20Z
2026-08-09T16:49:56Z,2026-08-09T18:49:56+0200,eeb12da0-7c50-4259-bd40-a1d833ebd7ef,2026-07-10T08:45:00Z,2026-07-10T10:45:00+0200,2273.408333,MW,DK1,DK_1,forecast_solar_generation,Solar,2026-08-09T16:53:20Z
2026-08-09T16:49:56Z,2026-08-09T18:49:56+0200,eeb12da0-7c50-4259-bd40-a1d833ebd7ef,2026-07-10T09:00:00Z,2026-07-10T11:00:00+0200,2308.683333,MW,DK1,DK_1,forecast_solar_generation,Solar,2026-08-09T16:53:20Z
2026-08-09T16:49:56Z,2026-08-09T18:49:56+0200,eeb12da0-7c50-4259-bd40-a1d833ebd7ef,2026-07-10T09:15:00Z,2026-07-10T11:15:00+0200,2336.633333,MW,DK1,DK_1,forecast_solar_generation,Solar,2026-08-09T16:53:20Z
2026-08-09T16:49:56Z,2026-08-09T18:49:56+0200,eeb12da0-7c50-4259-bd40-a1d833ebd7ef,2026-07-10T09:30:00Z,2026-07-10T11:30:00+0200,2360.446666,MW,DK1,DK_1,forecast_solar_generation,Solar,2026-08-09T16:53:20Z
2026-08-09T16:49:56Z,2026-08-09T18:49:56+0200,eeb12da0-7c50-4259-bd40-a1d833ebd7ef,2026-07-10T09:45:00Z,2026-07-10T11:45:00+0200,2382.105,MW,DK1,DK_1,forecast_solar_generation,Solar,2026-08-09T16:53:20Z
2026-08-09T16:49:56Z,2026-08-09T18:49:56+0200,eeb12da0-7c50-4259-bd40-a1d833ebd7ef,2026-07-10T10:00:00Z,2026-07-10T12:00:00+0200,2402.52,MW,DK1,DK_1,forecast_solar_generation,Solar,2026-08-09T16:53:20Z
2026-08-09T16:49:56Z,2026-08-09T18:49:56+0200,eeb12da0-7c50-4259-bd40-a1d833ebd7ef,2026-07-10T10:15:00Z,2026-07-10T12:15:00+0200,2421.236666,MW,DK1,DK_1,forecast_solar_generation,Solar,2026-08-09T16:53:20Z
2026-08-09T16:49:56Z,2026-08-09T18:49:56+0200,eeb12da0-7c50-4259-bd40-a1d833ebd7ef,2026-07-10T10:30:00Z,2026-07-10T12:30:00+0200,2437.015,MW,DK1,DK_1,forecast_solar_generation,Solar,2026-08-09T16:53:20Z
2026-08-09T16:49:56Z,2026-08-09T18:49:56+0200,eeb12da0-7c50-4259-bd40-a1d833ebd7ef,2026-07-10T10:45:00Z,2026-07-10T12:45:00+0200,2449.011666,MW,DK1,DK_1,forecast_solar_generation,Solar,2026-08-09T16:53:20Z
2026-08-09T16:49:56Z,2026-08-09T18:49:56+0200,eeb12da0-7c50-4259-bd40-a1d833ebd7ef,2026-07-10T11:00:00Z,2026-07-10T13:00:00+0200,2456.398333,MW,DK1,DK_1,forecast_solar_generation,Solar,2026-08-09T16:53:20Z
2026-08-09T16:49:56Z,2026-08-09T18:49:56+0200,eeb12da0-7c50-4259-bd40-a1d833ebd7ef,2026-07-10T11:15:00Z,2026-07-10T13:15:00+0200,2459.483333,MW,DK1,DK_1,forecast_solar_generation,Solar,2026-08-09T16:53:20Z
2026-08-09T16:49:56Z,2026-08-09T18:49:56+0200,eeb12da0-7c50-4259-bd40-a1d833ebd7ef,2026-07-10T11:30:00Z,2026-07-10T13:30:00+0200,2458.068333,MW,DK1,DK_1,forecast_solar_generation,Solar,2026-08-09T16:53:20Z
2026-08-09T16:49:56Z,2026-08-09T18:49:56+0200,eeb12da0-7c50-4259-bd40-a1d833ebd7ef,2026-07-10T11:45:00Z,2026-07-10T13:45:00+0200,2451.97,MW,DK1,DK_1,forecast_solar_generation,Solar,2026-08-09T16:53:20Z
2026-08-09T16:49:56Z,2026-08-09T18:49:56+0200,eeb12da0-7c50-4259-bd40-a1d833ebd7ef,2026-07-10T12:00:00Z,2026-07-10T14:00:00+0200,2440.743333,MW,DK1,DK_1,forecast_solar_generation,Solar,2026-08-09T16:53:20Z
2026-08-09T16:49:56Z,2026-08-09T18:49:56+0200,eeb12da0-7c50-4259-bd40-a1d833ebd7ef,2026-07-10T12:15:00Z,2026-07-10T14:15:00+0200,2424.9,MW,DK1,DK_1,forecast_solar_generation,Solar,2026-08-09T16:53:20Z
2026-08-09T16:49:56Z,2026-08-09T18:49:56+0200,eeb12da0-7c50-4259-bd40-a1d833ebd7ef,2026-07-10T12:30:00Z,2026-07-10T14:30:00+0200,2406.025,MW,DK1,DK_1,forecast_solar_generation,Solar,2026-08-09T16:53:20Z
2026-08-09T16:49:56Z,2026-08-09T18:49:56+0200,eeb12da0-7c50-4259-bd40-a1d833ebd7ef,2026-07-10T12:45:00Z,2026-07-10T14:45:00+0200,2384.578333,MW,DK1,DK_1,forecast_solar_generation,Solar,2026-08-09T16:53:20Z
2026-08-09T16:49:56Z,2026-08-09T18:49:56+0200,eeb12da0-7c50-4259-bd40-a1d833ebd7ef,2026-07-10T13:00:00Z,2026-07-10T15:00:00+0200,2361.22,MW,DK1,DK_1,forecast_solar_generation,Solar,2026-08-09T16:53:20Z
2026-08-09T16:49:56Z,2026-08-09T18:49:56+0200,eeb12da0-7c50-4259-bd40-a1d833ebd7ef,2026-07-10T13:15:00Z,2026-07-10T15:15:00+0200,2335.608333,MW,DK1,DK_1,forecast_solar_generation,Solar,2026-08-09T16:53:20Z
2026-08-09T16:49:56Z,2026-08-09T18:49:56+0200,eeb12da0-7c50-4259-bd40-a1d833ebd7ef,2026-07-10T13:30:00Z,2026-07-10T15:30:00+0200,2306.276666,MW,DK1,DK_1,forecast_solar_generation,Solar,2026-08-09T16:53:20Z
2026-08-09T16:49:56Z,2026-08-09T18:49:56+0200,eeb12da0-7c50-4259-bd40-a1d833ebd7ef,2026-07-10T13:45:00Z,2026-07-10T15:45:00+0200,2270.965,MW,DK1,DK_1,forecast_solar_generation,Solar,2026-08-09T16:53:20Z
2026-08-09T16:49:56Z,2026-08-09T18:49:56+0200,eeb12da0-7c50-4259-bd40-a1d833ebd7ef,2026-07-10T14:00:00Z,2026-07-10T16:00:00+0200,2221.96,MW,DK1,DK_1,forecast_solar_generation,Solar,2026-08-09T16:53:20Z
2026-08-09T16:49:56Z,2026-08-09T18:49:56+0200,eeb12da0-7c50-4259-bd40-a1d833ebd7ef,2026-07-10T14:15:00Z,2026-07-10T16:15:00+0200,2159.486666,MW,DK1,DK_1,forecast_solar_generation,Solar,2026-08-09T16:53:20Z
2026-08-09T16:49:56Z,2026-08-09T18:49:56+0200,eeb12da0-7c50-4259-bd40-a1d833ebd7ef,2026-07-10T14:30:00Z,2026-07-10T16:30:00+0200,2085.408333,MW,DK1,DK_1,forecast_solar_generation,Solar,2026-08-09T16:53:20Z
2026-08-09T16:49:56Z,2026-08-09T18:49:56+0200,eeb12da0-7c50-4259-bd40-a1d833ebd7ef,2026-07-10T14:45:00Z,2026-07-10T16:45:00+0200,1997.936666,MW,DK1,DK_1,forecast_solar_generation,Solar,2026-08-09T16:53:20Z
2026-08-09T16:49:56Z,2026-08-09T18:49:56+0200,eeb12da0-7c50-4259-bd40-a1d833ebd7ef,2026-07-10T15:00:00Z,2026-07-10T17:00:00+0200,1898.151666,MW,DK1,DK_1,forecast_solar_generation,Solar,2026-08-09T16:53:20Z
2026-08-09T16:49:56Z,2026-08-09T18:49:56+0200,eeb12da0-7c50-4259-bd40-a1d833ebd7ef,2026-07-10T15:15:00Z,2026-07-10T17:15:00+0200,1786.603333,MW,DK1,DK_1,forecast_solar_generation,Solar,2026-08-09T16:53:20Z
2026-08-09T16:49:56Z,2026-08-09T18:49:56+0200,eeb12da0-7c50-4259-bd40-a1d833ebd7ef,2026-07-10T15:30:00Z,2026-07-10T17:30:00+0200,1665.013333,MW,DK1,DK_1,forecast_solar_generation,Solar,2026-08-09T16:53:20Z
2026-08-09T16:49:56Z,2026-08-09T18:49:56+0200,eeb12da0-7c50-4259-bd40-a1d833ebd7ef,2026-07-10T15:45:00Z,2026-07-10T17:45:00+0200,1539.386666,MW,DK1,DK_1,forecast_solar_generation,Solar,2026-08-09T16:53:20Z
2026-08-09T16:49:56Z,2026-08-09T18:49:56+0200,eeb12da0-7c50-4259-bd40-a1d833ebd7ef,2026-07-10T16:00:00Z,2026-07-10T18:00:00+0200,1423.76,MW,DK1,DK_1,forecast_solar_generation,Solar,2026-08-09T16:53:20Z
2026-08-09T16:49:56Z,2026-08-09T18:49:56+0200,eeb12da0-7c50-4259-bd40-a1d833ebd7ef,2026-07-10T16:15:00Z,2026-07-10T18:15:00+0200,1289.603333,MW,DK1,DK_1,forecast_solar_generation,Solar,2026-08-09T16:53:20Z
2026-08-09T16:49:56Z,2026-08-09T18:49:56+0200,eeb12da0-7c50-4259-bd40-a1d833ebd7ef,2026-07-10T16:30:00Z,2026-07-10T18:30:00+0200,1152.296666,MW,DK1,DK_1,forecast_solar_generation,Solar,2026-08-09T16:53:20Z
2026-08-09T16:49:56Z,2026-08-09T18:49:56+0200,eeb12da0-7c50-4259-bd40-a1d833ebd7ef,2026-07-10T16:45:00Z,2026-07-10T18:45:00+0200,1015.716666,MW,DK1,DK_1,forecast_solar_generation,Solar,2026-08-09T16:53:20Z
2026-08-09T16:49:56Z,2026-08-09T18:49:56+0200,eeb12da0-7c50-4259-bd40-a1d833ebd7ef,2026-07-10T17:00:00Z,2026-07-10T19:00:00+0200,881.075,MW,DK1,DK_1,forecast_solar_generation,Solar,2026-08-09T16:53:20Z
2026-08-09T16:49:56Z,2026-08-09T18:49:56+0200,eeb12da0-7c50-4259-bd40-a1d833ebd7ef,2026-07-10T17:15:00Z,2026-07-10T19:15:00+0200,749.538333,MW,DK1,DK_1,forecast_solar_generation,Solar,2026-08-09T16:53:20Z
2026-08-09T16:49:56Z,2026-08-09T18:49:56+0200,eeb12da0-7c50-4259-bd40-a1d833ebd7ef,2026-07-10T17:30:00Z,2026-07-10T19:30:00+0200,622.641666,MW,DK1,DK_1,forecast_solar_generation,Solar,2026-08-09T16:53:20Z
2026-08-09T16:49:56Z,2026-08-09T18:49:56+0200,eeb12da0-7c50-4259-bd40-a1d833ebd7ef,2026-07-10T17:45:00Z,2026-07-10T19:45:00+0200,502.535,MW,DK1,DK_1,forecast_solar_generation,Solar,2026-08-09T16:53:20Z
2026-08-09T16:49:56Z,2026-08-09T18:49:56+0200,eeb12da0-7c50-4259-bd40-a1d833ebd7ef,2026-07-10T18:00:00Z,2026-07-10T20:00:00+0200,393.256666,MW,DK1,DK_1,forecast_solar_generation,Solar,2026-08-09T16:53:20Z
2026-08-09T16:49:56Z,2026-08-09T18:49:56+0200,eeb12da0-7c50-4259-bd40-a1d833ebd7ef,2026-07-10T18:15:00Z,2026-07-10T20:15:00+0200,295.103333,MW,DK1,DK_1,forecast_solar_generation,Solar,2026-08-09T16:53:20Z
2026-08-09T16:49:56Z,2026-08-09T18:49:56+0200,eeb12da0-7c50-4259-bd40-a1d833ebd7ef,2026-07-10T18:30:00Z,2026-07-10T20:30:00+0200,209.515,MW,DK1,DK_1,forecast_solar_generation,Solar,2026-08-09T16:53:20Z
2026-08-09T16:49:56Z,2026-08-09T18:49:56+0200,eeb12da0-7c50-4259-bd40-a1d833ebd7ef,2026-07-10T18:45:00Z,2026-07-10T20:45:00+0200,137.119999,MW,DK1,DK_1,forecast_solar_generation,Solar,2026-08-09T16:53:20Z
2026-08-09T16:49:56Z,2026-08-09T18:49:56+0200,eeb12da0-7c50-4259-bd40-a1d833ebd7ef,2026-07-10T19:00:00Z,2026-07-10T21:00:00+0200,77.91,MW,DK1,DK_1,forecast_solar_generation,Solar,2026-08-09T16:53:20Z
2026-08-09T16:49:56Z,2026-08-09T18:49:56+0200,eeb12da0-7c50-4259-bd40-a1d833ebd7ef,2026-07-10T19:15:00Z,2026-07-10T21:15:00+0200,33.518333,MW,DK1,DK_1,forecast_solar_generation,Solar,2026-08-09T16:53:20Z
2026-08-09T16:49:56Z,2026-08-09T18:49:56+0200,eeb12da0-7c50-4259-bd40-a1d833ebd7ef,2026-07-10T19:30:00Z,2026-07-10T21:30:00+0200,8.566666,MW,DK1,DK_1,forecast_solar_generation,Solar,2026-08-09T16:53:20Z
2026-08-09T16:49:56Z,2026-08-09T18:49:56+0200,eeb12da0-7c50-4259-bd40-a1d833ebd7ef,2026-07-10T19:45:00Z,2026-07-10T21:45:00+0200,0.933333,MW,DK1,DK_1,forecast_solar_generation,Solar,2026-08-09T16:53:20Z
2026-08-09T16:49:56Z,2026-08-09T18:49:56+0200,eeb12da0-7c50-4259-bd40-a1d833ebd7ef,2026-07-10T20:00:00Z,2026-07-10T22:00:00+0200,0.024999,MW,DK1,DK_1,forecast_solar_generation,Solar,2026-08-09T16:53:20Z
2026-08-09T16:49:56Z,2026-08-09T18:49:56+0200,eeb12da0-7c50-4259-bd40-a1d833ebd7ef,2026-07-10T20:15:00Z,2026-07-10T22:15:00+0200,0.0,MW,DK1,DK_1,forecast_solar_generation,Solar,2026-08-09T16:53:20Z
2026-08-09T16:49:56Z,2026-08-09T18:49:56+0200,eeb12da0-7c50-4259-bd40-a1d833ebd7ef,2026-07-10T20:30:00Z,2026-07-10T22:30:00+0200,0.0,MW,DK1,DK_1,forecast_solar_generation,Solar,2026-08-09T16:53:20Z
2026-08-09T16:49:56Z,2026-08-09T18:49:56+0200,eeb12da0-7c50-4259-bd40-a1d833ebd7ef,2026-07-10T20:45:00Z,2026-07-10T22:45:00+0200,0.0,MW,DK1,DK_1,forecast_solar_generation,Solar,2026-08-09T16:53:20Z
2026-08-09T16:49:56Z,2026-08-09T18:49:56+0200,eeb12da0-7c50-4259-bd40-a1d833ebd7ef,2026-07-10T21:00:00Z,2026-07-10T23:00:00+0200,0.0,MW,DK1,DK_1,forecast_solar_generation,Solar,2026-08-09T16:53:20Z
2026-08-09T16:49:56Z,2026-08-09T18:49:56+0200,eeb12da0-7c50-4259-bd40-a1d833ebd7ef,2026-07-10T21:15:00Z,2026-07-10T23:15:00+0200,0.0,MW,DK1,DK_1,forecast_solar_generation,Solar,2026-08-09T16:53:20Z
2026-08-09T16:49:56Z,2026-08-09T18:49:56+0200,eeb12da0-7c50-4259-bd40-a1d833ebd7ef,2026-07-10T21:30:00Z,2026-07-10T23:30:00+0200,0.0,MW,DK1,DK_1,forecast_solar_generation,Solar,2026-08-09T16:53:20Z
2026-08-09T16:49:56Z,2026-08-09T18:49:56+0200,eeb12da0-7c50-4259-bd40-a1d833ebd7ef,2026-07-10T21:45:00Z,2026-07-10T23:45:00+0200,0.0,MW,DK1,DK_1,forecast_solar_generation,Solar,2026-08-09T16:53:20Z
2026-08-09T16:49:56Z,2026-08-09T18:49:56+0200,eeb12da0-7c50-4259-bd40-a1d833ebd7ef,2026-07-10T22:00:00Z,2026-07-11T00:00:00+0200,0.0,MW,DK1,DK_1,forecast_solar_generation,Solar,2026-08-09T16:53:20Z
2026-08-09T16:49:56Z,2026-08-09T18:49:56+0200,eeb12da0-7c50-4259-bd40-a1d833ebd7ef,2026-07-10T22:15:00Z,2026-07-11T00:15:00+0200,0.0,MW,DK1,DK_1,forecast_solar_generation,Solar,2026-08-09T16:53:20Z
2026-08-09T16:49:56Z,2026-08-09T18:49:56+0200,eeb12da0-7c50-4259-bd40-a1d833ebd7ef,2026-07-10T22:30:00Z,2026-07-11T00:30:00+0200,0.0,MW,DK1,DK_1,forecast_solar_generation,Solar,2026-08-09T16:53:20Z
2026-08-09T16:49:56Z,2026-08-09T18:49:56+0200,eeb12da0-7c50-4259-bd40-a1d833ebd7ef,2026-07-10T22:45:00Z,2026-07-11T00:45:00+0200,0.0,MW,DK1,DK_1,forecast_solar_generation,Solar,2026-08-09T16:53:20Z
2026-08-09T16:49:56Z,2026-08-09T18:49:56+0200,eeb12da0-7c50-4259-bd40-a1d833ebd7ef,2026-07-10T23:00:00Z,2026-07-11T01:00:00+0200,0.0,MW,DK1,DK_1,forecast_solar_generation,Solar,2026-08-09T16:53:20Z
2026-08-09T16:49:56Z,2026-08-09T18:49:56+0200,eeb12da0-7c50-4259-bd40-a1d833ebd7ef,2026-07-10T23:15:00Z,2026-07-11T01:15:00+0200,0.0,MW,DK1,DK_1,forecast_solar_generation,Solar,2026-08-09T16:53:20Z
2026-08-09T16:49:56Z,2026-08-09T18:49:56+0200,eeb12da0-7c50-4259-bd40-a1d833ebd7ef,2026-07-10T23:30:00Z,2026-07-11T01:30:00+0200,0.0,MW,DK1,DK_1,forecast_solar_generation,Solar,2026-08-09T16:53:20Z
2026-08-09T16:49:56Z,2026-08-09T18:49:56+0200,eeb12da0-7c50-4259-bd40-a1d833ebd7ef,2026-07-10T23:45:00Z,2026-07-11T01:45:00+0200,0.0,MW,DK1,DK_1,forecast_solar_generation,Solar,2026-08-09T16:53:20Z
2026-08-09T16:49:56Z,2026-08-09T18:49:56+0200,eeb12da0-7c50-4259-bd40-a1d833ebd7ef,2026-07-11T00:00:00Z,2026-07-11T02:00:00+0200,0.0,MW,DK1,DK_1,forecast_solar_generation,Solar,2026-08-09T16:53:20Z
2026-08-09T16:49:56Z,2026-08-09T18:49:56+0200,eeb12da0-7c50-4259-bd40-a1d833ebd7ef,2026-07-11T00:15:00Z,2026-07-11T02:15:00+0200,0.0,MW,DK1,DK_1,forecast_solar_generation,Solar,2026-08-09T16:53:20Z
2026-08-09T16:49:56Z,2026-08-09T18:49:56+0200,eeb12da0-7c50-4259-bd40-a1d833ebd7ef,2026-07-11T00:30:00Z,2026-07-11T02:30:00+0200,0.0,MW,DK1,DK_1,forecast_solar_generation,Solar,2026-08-09T16:53:20Z
2026-08-09T16:49:56Z,2026-08-09T18:49:56+0200,eeb12da0-7c50-4259-bd40-a1d833ebd7ef,2026-07-11T00:45:00Z,2026-07-11T02:45:00+0200,0.0,MW,DK1,DK_1,forecast_solar_generation,Solar,2026-08-09T16:53:20Z
2026-08-09T16:49:56Z,2026-08-09T18:49:56+0200,eeb12da0-7c50-4259-bd40-a1d833ebd7ef,2026-07-11T01:00:00Z,2026-07-11T03:00:00+0200,0.0,MW,DK1,DK_1,forecast_solar_generation,Solar,2026-08-09T16:53:20Z
2026-08-09T16:49:56Z,2026-08-09T18:49:56+0200,eeb12da0-7c50-4259-bd40-a1d833ebd7ef,2026-07-11T01:15:00Z,2026-07-11T03:15:00+0200,0.0,MW,DK1,DK_1,forecast_solar_generation,Solar,2026-08-09T16:53:20Z
2026-08-09T16:49:56Z,2026-08-09T18:49:56+0200,eeb12da0-7c50-4259-bd40-a1d833ebd7ef,2026-07-11T01:30:00Z,2026-07-11T03:30:00+0200,0.0,MW,DK1,DK_1,forecast_solar_generation,Solar,2026-08-09T16:53:20Z
2026-08-09T16:49:56Z,2026-08-09T18:49:56+0200,eeb12da0-7c50-4259-bd40-a1d833ebd7ef,2026-07-11T01:45:00Z,2026-07-11T03:45:00+0200,0.0,MW,DK1,DK_1,forecast_solar_generation,Solar,2026-08-09T16:53:20Z
2026-08-09T16:49:56Z,2026-08-09T18:49:56+0200,eeb12da0-7c50-4259-bd40-a1d833ebd7ef,2026-07-11T02:00:00Z,2026-07-11T04:00:00+0200,0.0,MW,DK1,DK_1,forecast_solar_generation,Solar,2026-08-09T16:53:20Z
2026-08-09T16:49:56Z,2026-08-09T18:49:56+0200,eeb12da0-7c50-4259-bd40-a1d833ebd7ef,2026-07-11T02:15:00Z,2026-07-11T04:15:00+0200,0.0,MW,DK1,DK_1,forecast_solar_generation,Solar,2026-08-09T16:53:20Z
2026-08-09T16:49:56Z,2026-08-09T18:49:56+0200,eeb12da0-7c50-4259-bd40-a1d833ebd7ef,2026-07-11T02:30:00Z,2026-07-11T04:30:00+0200,0.001666,MW,DK1,DK_1,forecast_solar_generation,Solar,2026-08-09T16:53:20Z
2026-08-09T16:49:56Z,2026-08-09T18:49:56+0200,eeb12da0-7c50-4259-bd40-a1d833ebd7ef,2026-07-11T02:45:00Z,2026-07-11T04:45:00+0200,0.111666,MW,DK1,DK_1,forecast_solar_generation,Solar,2026-08-09T16:53:20Z
2026-08-09T16:49:56Z,2026-08-09T18:49:56+0200,eeb12da0-7c50-4259-bd40-a1d833ebd7ef,2026-07-11T03:00:00Z,2026-07-11T05:00:00+0200,1.916666,MW,DK1,DK_1,forecast_solar_generation,Solar,2026-08-09T16:53:20Z
2026-08-09T16:49:56Z,2026-08-09T18:49:56+0200,eeb12da0-7c50-4259-bd40-a1d833ebd7ef,2026-07-11T03:15:00Z,2026-07-11T05:15:00+0200,13.258333,MW,DK1,DK_1,forecast_solar_generation,Solar,2026-08-09T16:53:20Z
2026-08-09T16:49:56Z,2026-08-09T18:49:56+0200,eeb12da0-7c50-4259-bd40-a1d833ebd7ef,2026-07-11T03:30:00Z,2026-07-11T05:30:00+0200,42.883333,MW,DK1,DK_1,forecast_solar_generation,Solar,2026-08-09T16:53:20Z
2026-08-09T16:49:56Z,2026-08-09T18:49:56+0200,eeb12da0-7c50-4259-bd40-a1d833ebd7ef,2026-07-11T03:45:00Z,2026-07-11T05:45:00+0200,89.798333,MW,DK1,DK_1,forecast_solar_generation,Solar,2026-08-09T16:53:20Z
2026-08-09T16:49:56Z,2026-08-09T18:49:56+0200,eeb12da0-7c50-4259-bd40-a1d833ebd7ef,2026-07-11T04:00:00Z,2026-07-11T06:00:00+0200,149.901666,MW,DK1,DK_1,forecast_solar_generation,Solar,2026-08-09T16:53:20Z
2026-08-09T16:49:56Z,2026-08-09T18:49:56+0200,eeb12da0-7c50-4259-bd40-a1d833ebd7ef,2026-07-11T04:15:00Z,2026-07-11T06:15:00+0200,222.385,MW,DK1,DK_1,forecast_solar_generation,Solar,2026-08-09T16:53:20Z
2026-08-09T16:49:56Z,2026-08-09T18:49:56+0200,eeb12da0-7c50-4259-bd40-a1d833ebd7ef,2026-07-11T04:30:00Z,2026-07-11T06:30:00+0200,307.91,MW,DK1,DK_1,forecast_solar_generation,Solar,2026-08-09T16:53:20Z
2026-08-09T16:49:56Z,2026-08-09T18:49:56+0200,eeb12da0-7c50-4259-bd40-a1d833ebd7ef,2026-07-11T04:45:00Z,2026-07-11T06:45:00+0200,406.49,MW,DK1,DK_1,forecast_solar_generation,Solar,2026-08-09T16:53:20Z
2026-08-09T16:49:56Z,2026-08-09T18:49:56+0200,eeb12da0-7c50-4259-bd40-a1d833ebd7ef,2026-07-11T05:00:00Z,2026-07-11T07:00:00+0200,518.441666,MW,DK1,DK_1,forecast_solar_generation,Solar,2026-08-09T16:53:20Z
2026-08-09T16:49:56Z,2026-08-09T18:49:56+0200,eeb12da0-7c50-4259-bd40-a1d833ebd7ef,2026-07-11T05:15:00Z,2026-07-11T07:15:00+0200,640.123333,MW,DK1,DK_1,forecast_solar_generation,Solar,2026-08-09T16:53:20Z
2026-08-09T16:49:56Z,2026-08-09T18:49:56+0200,eeb12da0-7c50-4259-bd40-a1d833ebd7ef,2026-07-11T05:30:00Z,2026-07-11T07:30:00+0200,769.344999,MW,DK1,DK_1,forecast_solar_generation,Solar,2026-08-09T16:53:20Z
2026-08-09T16:49:56Z,2026-08-09T18:49:56+0200,eeb12da0-7c50-4259-bd40-a1d833ebd7ef,2026-07-11T05:45:00Z,2026-07-11T07:45:00+0200,905.719999,MW,DK1,DK_1,forecast_solar_generation,Solar,2026-08-09T16:53:20Z
2026-08-09T16:49:56Z,2026-08-09T18:49:56+0200,eeb12da0-7c50-4259-bd40-a1d833ebd7ef,2026-07-11T06:00:00Z,2026-07-11T08:00:00+0200,1047.018333,MW,DK1,DK_1,forecast_solar_generation,Solar,2026-08-09T16:53:20Z
2026-08-09T16:49:56Z,2026-08-09T18:49:56+0200,eeb12da0-7c50-4259-bd40-a1d833ebd7ef,2026-07-11T06:15:00Z,2026-07-11T08:15:00+0200,1189.636666,MW,DK1,DK_1,forecast_solar_generation,Solar,2026-08-09T16:53:20Z
2026-08-09T16:49:56Z,2026-08-09T18:49:56+0200,eeb12da0-7c50-4259-bd40-a1d833ebd7ef,2026-07-11T06:30:00Z,2026-07-11T08:30:00+0200,1330.18,MW,DK1,DK_1,forecast_solar_generation,Solar,2026-08-09T16:53:20Z
2026-08-09T16:49:56Z,2026-08-09T18:49:56+0200,eeb12da0-7c50-4259-bd40-a1d833ebd7ef,2026-07-11T06:45:00Z,2026-07-11T08:45:00+0200,1468.416666,MW,DK1,DK_1,forecast_solar_generation,Solar,2026-08-09T16:53:20Z
2026-08-09T16:49:56Z,2026-08-09T18:49:56+0200,eeb12da0-7c50-4259-bd40-a1d833ebd7ef,2026-07-11T07:00:00Z,2026-07-11T09:00:00+0200,1603.45,MW,DK1,DK_1,forecast_solar_generation,Solar,2026-08-09T16:53:20Z
2026-08-09T16:49:56Z,2026-08-09T18:49:56+0200,eeb12da0-7c50-4259-bd40-a1d833ebd7ef,2026-07-11T07:15:00Z,2026-07-11T09:15:00+0200,1733.888333,MW,DK1,DK_1,forecast_solar_generation,Solar,2026-08-09T16:53:20Z
2026-08-09T16:49:56Z,2026-08-09T18:49:56+0200,eeb12da0-7c50-4259-bd40-a1d833ebd7ef,2026-07-11T07:30:00Z,2026-07-11T09:30:00+0200,1857.034999,MW,DK1,DK_1,forecast_solar_generation,Solar,2026-08-09T16:53:20Z
2026-08-09T16:49:56Z,2026-08-09T18:49:56+0200,eeb12da0-7c50-4259-bd40-a1d833ebd7ef,2026-07-11T07:45:00Z,2026-07-11T09:45:00+0200,1969.814999,MW,DK1,DK_1,forecast_solar_generation,Solar,2026-08-09T16:53:20Z
2026-08-09T16:49:56Z,2026-08-09T18:49:56+0200,eeb12da0-7c50-4259-bd40-a1d833ebd7ef,2026-07-11T08:00:00Z,2026-07-11T10:00:00+0200,2069.325,MW,DK1,DK_1,forecast_solar_generation,Solar,2026-08-09T16:53:20Z
2026-08-09T16:49:56Z,2026-08-09T18:49:56+0200,eeb12da0-7c50-4259-bd40-a1d833ebd7ef,2026-07-11T08:15:00Z,2026-07-11T10:15:00+0200,2139.856666,MW,DK1,DK_1,forecast_solar_generation,Solar,2026-08-09T16:53:20Z
2026-08-09T16:49:56Z,2026-08-09T18:49:56+0200,eeb12da0-7c50-4259-bd40-a1d833ebd7ef,2026-07-11T08:30:00Z,2026-07-11T10:30:00+0200,2136.131666,MW,DK1,DK_1,forecast_solar_generation,Solar,2026-08-09T16:53:20Z
2026-08-09T16:49:56Z,2026-08-09T18:49:56+0200,eeb12da0-7c50-4259-bd40-a1d833ebd7ef,2026-07-11T08:45:00Z,2026-07-11T10:45:00+0200,2193.986666,MW,DK1,DK_1,forecast_solar_generation,Solar,2026-08-09T16:53:20Z
2026-08-09T16:49:56Z,2026-08-09T18:49:56+0200,eeb12da0-7c50-4259-bd40-a1d833ebd7ef,2026-07-11T09:00:00Z,2026-07-11T11:00:00+0200,2316.898333,MW,DK1,DK_1,forecast_solar_generation,Solar,2026-08-09T16:53:20Z
2026-08-09T16:49:56Z,2026-08-09T18:49:56+0200,eeb12da0-7c50-4259-bd40-a1d833ebd7ef,2026-07-11T09:15:00Z,2026-07-11T11:15:00+0200,2342.586666,MW,DK1,DK_1,forecast_solar_generation,Solar,2026-08-09T16:53:20Z
2026-08-09T16:49:56Z,2026-08-09T18:49:56+0200,eeb12da0-7c50-4259-bd40-a1d833ebd7ef,2026-07-11T09:30:00Z,2026-07-11T11:30:00+0200,2330.941666,MW,DK1,DK_1,forecast_solar_generation,Solar,2026-08-09T16:53:20Z
2026-08-09T16:49:56Z,2026-08-09T18:49:56+0200,eeb12da0-7c50-4259-bd40-a1d833ebd7ef,2026-07-11T09:45:00Z,2026-07-11T11:45:00+0200,2320.006666,MW,DK1,DK_1,forecast_solar_generation,Solar,2026-08-09T16:53:20Z
2026-08-09T16:49:56Z,2026-08-09T18:49:56+0200,eeb12da0-7c50-4259-bd40-a1d833ebd7ef,2026-07-11T10:00:00Z,2026-07-11T12:00:00+0200,2403.11,MW,DK1,DK_1,forecast_solar_generation,Solar,2026-08-09T16:53:20Z
2026-08-09T16:49:56Z,2026-08-09T18:49:56+0200,eeb12da0-7c50-4259-bd40-a1d833ebd7ef,2026-07-11T10:15:00Z,2026-07-11T12:15:00+0200,2399.205,MW,DK1,DK_1,forecast_solar_generation,Solar,2026-08-09T16:53:20Z
2026-08-09T16:49:56Z,2026-08-09T18:49:56+0200,eeb12da0-7c50-4259-bd40-a1d833ebd7ef,2026-07-11T10:30:00Z,2026-07-11T12:30:00+0200,2350.286666,MW,DK1,DK_1,forecast_solar_generation,Solar,2026-08-09T16:53:20Z
2026-08-09T16:49:56Z,2026-08-09T18:49:56+0200,eeb12da0-7c50-4259-bd40-a1d833ebd7ef,2026-07-11T10:45:00Z,2026-07-11T12:45:00+0200,2354.035,MW,DK1,DK_1,forecast_solar_generation,Solar,2026-08-09T16:53:20Z
2026-08-09T16:49:56Z,2026-08-09T18:49:56+0200,eeb12da0-7c50-4259-bd40-a1d833ebd7ef,2026-07-11T11:00:00Z,2026-07-11T13:00:00+0200,2346.783333,MW,DK1,DK_1,forecast_solar_generation,Solar,2026-08-09T16:53:20Z
2026-08-09T16:49:56Z,2026-08-09T18:49:56+0200,eeb12da0-7c50-4259-bd40-a1d833ebd7ef,2026-07-11T11:15:00Z,2026-07-11T13:15:00+0200,2338.868333,MW,DK1,DK_1,forecast_solar_generation,Solar,2026-08-09T16:53:20Z
2026-08-09T16:49:56Z,2026-08-09T18:49:56+0200,eeb12da0-7c50-4259-bd40-a1d833ebd7ef,2026-07-11T11:30:00Z,2026-07-11T13:30:00+0200,2334.273333,MW,DK1,DK_1,forecast_solar_generation,Solar,2026-08-09T16:53:20Z
2026-08-09T16:49:56Z,2026-08-09T18:49:56+0200,eeb12da0-7c50-4259-bd40-a1d833ebd7ef,2026-07-11T11:45:00Z,2026-07-11T13:45:00+0200,2324.856666,MW,DK1,DK_1,forecast_solar_generation,Solar,2026-08-09T16:53:20Z
2026-08-09T16:49:56Z,2026-08-09T18:49:56+0200,eeb12da0-7c50-4259-bd40-a1d833ebd7ef,2026-07-11T12:00:00Z,2026-07-11T14:00:00+0200,2329.296666,MW,DK1,DK_1,forecast_solar_generation,Solar,2026-08-09T16:53:20Z
2026-08-09T16:49:56Z,2026-08-09T18:49:56+0200,eeb12da0-7c50-4259-bd40-a1d833ebd7ef,2026-07-11T12:15:00Z,2026-07-11T14:15:00+0200,2306.735,MW,DK1,DK_1,forecast_solar_generation,Solar,2026-08-09T16:53:20Z
2026-08-09T16:49:56Z,2026-08-09T18:49:56+0200,eeb12da0-7c50-4259-bd40-a1d833ebd7ef,2026-07-11T12:30:00Z,2026-07-11T14:30:00+0200,2289.451666,MW,DK1,DK_1,forecast_solar_generation,Solar,2026-08-09T16:53:20Z
2026-08-09T16:49:56Z,2026-08-09T18:49:56+0200,eeb12da0-7c50-4259-bd40-a1d833ebd7ef,2026-07-11T12:45:00Z,2026-07-11T14:45:00+0200,2268.618333,MW,DK1,DK_1,forecast_solar_generation,Solar,2026-08-09T16:53:20Z
2026-08-09T16:49:56Z,2026-08-09T18:49:56+0200,eeb12da0-7c50-4259-bd40-a1d833ebd7ef,2026-07-11T13:00:00Z,2026-07-11T15:00:00+0200,2244.431666,MW,DK1,DK_1,forecast_solar_generation,Solar,2026-08-09T16:53:20Z
2026-08-09T16:49:56Z,2026-08-09T18:49:56+0200,eeb12da0-7c50-4259-bd40-a1d833ebd7ef,2026-07-11T13:15:00Z,2026-07-11T15:15:00+0200,2215.838333,MW,DK1,DK_1,forecast_solar_generation,Solar,2026-08-09T16:53:20Z
2026-08-09T16:49:56Z,2026-08-09T18:49:56+0200,eeb12da0-7c50-4259-bd40-a1d833ebd7ef,2026-07-11T13:30:00Z,2026-07-11T15:30:00+0200,2184.85,MW,DK1,DK_1,forecast_solar_generation,Solar,2026-08-09T16:53:20Z
2026-08-09T16:49:56Z,2026-08-09T18:49:56+0200,eeb12da0-7c50-4259-bd40-a1d833ebd7ef,2026-07-11T13:45:00Z,2026-07-11T15:45:00+0200,2149.058333,MW,DK1,DK_1,forecast_solar_generation,Solar,2026-08-09T16:53:20Z
2026-08-09T16:49:56Z,2026-08-09T18:49:56+0200,eeb12da0-7c50-4259-bd40-a1d833ebd7ef,2026-07-11T14:00:00Z,2026-07-11T16:00:00+0200,2061.131666,MW,DK1,DK_1,forecast_solar_generation,Solar,2026-08-09T16:53:20Z
2026-08-09T16:49:56Z,2026-08-09T18:49:56+0200,eeb12da0-7c50-4259-bd40-a1d833ebd7ef,2026-07-11T14:15:00Z,2026-07-11T16:15:00+0200,2016.418333,MW,DK1,DK_1,forecast_solar_generation,Solar,2026-08-09T16:53:20Z
2026-08-09T16:49:56Z,2026-08-09T18:49:56+0200,eeb12da0-7c50-4259-bd40-a1d833ebd7ef,2026-07-11T14:30:00Z,2026-07-11T16:30:00+0200,1957.511666,MW,DK1,DK_1,forecast_solar_generation,Solar,2026-08-09T16:53:20Z
2026-08-09T16:49:56Z,2026-08-09T18:49:56+0200,eeb12da0-7c50-4259-bd40-a1d833ebd7ef,2026-07-11T14:45:00Z,2026-07-11T16:45:00+0200,1923.208333,MW,DK1,DK_1,forecast_solar_generation,Solar,2026-08-09T16:53:20Z
2026-08-09T16:49:56Z,2026-08-09T18:49:56+0200,eeb12da0-7c50-4259-bd40-a1d833ebd7ef,2026-07-11T15:00:00Z,2026-07-11T17:00:00+0200,1808.246666,MW,DK1,DK_1,forecast_solar_generation,Solar,2026-08-09T16:53:20Z
2026-08-09T16:49:56Z,2026-08-09T18:49:56+0200,eeb12da0-7c50-4259-bd40-a1d833ebd7ef,2026-07-11T15:15:00Z,2026-07-11T17:15:00+0200,1685.713333,MW,DK1,DK_1,forecast_solar_generation,Solar,2026-08-09T16:53:20Z
2026-08-09T16:49:56Z,2026-08-09T18:49:56+0200,eeb12da0-7c50-4259-bd40-a1d833ebd7ef,2026-07-11T15:30:00Z,2026-07-11T17:30:00+0200,1558.988333,MW,DK1,DK_1,forecast_solar_generation,Solar,2026-08-09T16:53:20Z
2026-08-09T16:49:56Z,2026-08-09T18:49:56+0200,eeb12da0-7c50-4259-bd40-a1d833ebd7ef,2026-07-11T15:45:00Z,2026-07-11T17:45:00+0200,1429.408333,MW,DK1,DK_1,forecast_solar_generation,Solar,2026-08-09T16:53:20Z
2026-08-09T16:49:56Z,2026-08-09T18:49:56+0200,eeb12da0-7c50-4259-bd40-a1d833ebd7ef,2026-07-11T16:00:00Z,2026-07-11T18:00:00+0200,1310.931666,MW,DK1,DK_1,forecast_solar_generation,Solar,2026-08-09T16:53:20Z
2026-08-09T16:49:56Z,2026-08-09T18:49:56+0200,eeb12da0-7c50-4259-bd40-a1d833ebd7ef,2026-07-11T16:15:00Z,2026-07-11T18:15:00+0200,1178.37,MW,DK1,DK_1,forecast_solar_generation,Solar,2026-08-09T16:53:20Z
2026-08-09T16:49:56Z,2026-08-09T18:49:56+0200,eeb12da0-7c50-4259-bd40-a1d833ebd7ef,2026-07-11T16:30:00Z,2026-07-11T18:30:00+0200,1046.77,MW,DK1,DK_1,forecast_solar_generation,Solar,2026-08-09T16:53:20Z
2026-08-09T16:49:56Z,2026-08-09T18:49:56+0200,eeb12da0-7c50-4259-bd40-a1d833ebd7ef,2026-07-11T16:45:00Z,2026-07-11T18:45:00+0200,916.61,MW,DK1,DK_1,forecast_solar_generation,Solar,2026-08-09T16:53:20Z
2026-08-09T16:49:56Z,2026-08-09T18:49:56+0200,eeb12da0-7c50-4259-bd40-a1d833ebd7ef,2026-07-11T17:00:00Z,2026-07-11T19:00:00+0200,790.103333,MW,DK1,DK_1,forecast_solar_generation,Solar,2026-08-09T16:53:20Z
2026-08-09T16:49:56Z,2026-08-09T18:49:56+0200,eeb12da0-7c50-4259-bd40-a1d833ebd7ef,2026-07-11T17:15:00Z,2026-07-11T19:15:00+0200,669.77,MW,DK1,DK_1,forecast_solar_generation,Solar,2026-08-09T16:53:20Z
2026-08-09T16:49:56Z,2026-08-09T18:49:56+0200,eeb12da0-7c50-4259-bd40-a1d833ebd7ef,2026-07-11T17:30:00Z,2026-07-11T19:30:00+0200,557.236666,MW,DK1,DK_1,forecast_solar_generation,Solar,2026-08-09T16:53:20Z
2026-08-09T16:49:56Z,2026-08-09T18:49:56+0200,eeb12da0-7c50-4259-bd40-a1d833ebd7ef,2026-07-11T17:45:00Z,2026-07-11T19:45:00+0200,453.111666,MW,DK1,DK_1,forecast_solar_generation,Solar,2026-08-09T16:53:20Z
2026-08-09T16:49:56Z,2026-08-09T18:49:56+0200,eeb12da0-7c50-4259-bd40-a1d833ebd7ef,2026-07-11T18:00:00Z,2026-07-11T20:00:00+0200,358.216666,MW,DK1,DK_1,forecast_solar_generation,Solar,2026-08-09T16:53:20Z
2026-08-09T16:49:56Z,2026-08-09T18:49:56+0200,eeb12da0-7c50-4259-bd40-a1d833ebd7ef,2026-07-11T18:15:00Z,2026-07-11T20:15:00+0200,271.171666,MW,DK1,DK_1,forecast_solar_generation,Solar,2026-08-09T16:53:20Z
2026-08-09T16:49:56Z,2026-08-09T18:49:56+0200,eeb12da0-7c50-4259-bd40-a1d833ebd7ef,2026-07-11T18:30:00Z,2026-07-11T20:30:00+0200,193.65,MW,DK1,DK_1,forecast_solar_generation,Solar,2026-08-09T16:53:20Z
2026-08-09T16:49:56Z,2026-08-09T18:49:56+0200,eeb12da0-7c50-4259-bd40-a1d833ebd7ef,2026-07-11T18:45:00Z,2026-07-11T20:45:00+0200,127.75,MW,DK1,DK_1,forecast_solar_generation,Solar,2026-08-09T16:53:20Z
2026-08-09T16:49:56Z,2026-08-09T18:49:56+0200,eeb12da0-7c50-4259-bd40-a1d833ebd7ef,2026-07-11T19:00:00Z,2026-07-11T21:00:00+0200,72.855,MW,DK1,DK_1,forecast_solar_generation,Solar,2026-08-09T16:53:20Z
2026-08-09T16:49:56Z,2026-08-09T18:49:56+0200,eeb12da0-7c50-4259-bd40-a1d833ebd7ef,2026-07-11T19:15:00Z,2026-07-11T21:15:00+0200,30.866666,MW,DK1,DK_1,forecast_solar_generation,Solar,2026-08-09T16:53:20Z
2026-08-09T16:49:56Z,2026-08-09T18:49:56+0200,eeb12da0-7c50-4259-bd40-a1d833ebd7ef,2026-07-11T19:30:00Z,2026-07-11T21:30:00+0200,7.611666,MW,DK1,DK_1,forecast_solar_generation,Solar,2026-08-09T16:53:20Z
2026-08-09T16:49:56Z,2026-08-09T18:49:56+0200,eeb12da0-7c50-4259-bd40-a1d833ebd7ef,2026-07-11T19:45:00Z,2026-07-11T21:45:00+0200,0.781666,MW,DK1,DK_1,forecast_solar_generation,Solar,2026-08-09T16:53:20Z
2026-08-09T16:49:56Z,2026-08-09T18:49:56+0200,eeb12da0-7c50-4259-bd40-a1d833ebd7ef,2026-07-11T20:00:00Z,2026-07-11T22:00:00+0200,0.018333,MW,DK1,DK_1,forecast_solar_generation,Solar,2026-08-09T16:53:20Z
2026-08-09T16:49:56Z,2026-08-09T18:49:56+0200,eeb12da0-7c50-4259-bd40-a1d833ebd7ef,2026-07-11T20:15:00Z,2026-07-11T22:15:00+0200,0.0,MW,DK1,DK_1,forecast_solar_generation,Solar,2026-08-09T16:53:20Z
2026-08-09T16:49:56Z,2026-08-09T18:49:56+0200,eeb12da0-7c50-4259-bd40-a1d833ebd7ef,2026-07-11T20:30:00Z,2026-07-11T22:30:00+0200,0.0,MW,DK1,DK_1,forecast_solar_generation,Solar,2026-08-09T16:53:20Z
2026-08-09T16:49:56Z,2026-08-09T18:49:56+0200,eeb12da0-7c50-4259-bd40-a1d833ebd7ef,2026-07-11T20:45:00Z,2026-07-11T22:45:00+0200,0.0,MW,DK1,DK_1,forecast_solar_generation,Solar,2026-08-09T16:53:20Z
2026-08-09T16:49:56Z,2026-08-09T18:49:56+0200,eeb12da0-7c50-4259-bd40-a1d833ebd7ef,2026-07-11T21:00:00Z,2026-07-11T23:00:00+0200,0.0,MW,DK1,DK_1,forecast_solar_generation,Solar,2026-08-09T16:53:20Z
2026-08-09T16:49:56Z,2026-08-09T18:49:56+0200,eeb12da0-7c50-4259-bd40-a1d833ebd7ef,2026-07-11T21:15:00Z,2026-07-11T23:15:00+0200,0.0,MW,DK1,DK_1,forecast_solar_generation,Solar,2026-08-09T16:53:20Z
2026-08-09T16:49:56Z,2026-08-09T18:49:56+0200,eeb12da0-7c50-4259-bd40-a1d833ebd7ef,2026-07-11T21:30:00Z,2026-07-11T23:30:00+0200,0.0,MW,DK1,DK_1,forecast_solar_generation,Solar,2026-08-09T16:53:20Z
2026-08-09T16:49:56Z,2026-08-09T18:49:56+0200,eeb12da0-7c50-4259-bd40-a1d833ebd7ef,2026-07-11T21:45:00Z,2026-07-11T23:45:00+0200,0.0,MW,DK1,DK_1,forecast_solar_generation,Solar,2026-08-09T16:53:20Z
2026-08-09T16:49:56Z,2026-08-09T18:49:56+0200,eeb12da0-7c50-4259-bd40-a1d833ebd7ef,2026-07-11T22:00:00Z,2026-07-12T00:00:00+0200,0.0,MW,DK1,DK_1,forecast_solar_generation,Solar,2026-08-09T16:53:20Z
2026-08-09T16:49:56Z,2026-08-09T18:49:56+0200,eeb12da0-7c50-4259-bd40-a1d833ebd7ef,2026-07-11T22:15:00Z,2026-07-12T00:15:00+0200,0.0,MW,DK1,DK_1,forecast_solar_generation,Solar,2026-08-09T16:53:20Z
2026-08-09T16:49:56Z,2026-08-09T18:49:56+0200,eeb12da0-7c50-4259-bd40-a1d833ebd7ef,2026-07-11T22:30:00Z,2026-07-12T00:30:00+0200,0.0,MW,DK1,DK_1,forecast_solar_generation,Solar,2026-08-09T16:53:20Z
2026-08-09T16:49:56Z,2026-08-09T18:49:56+0200,eeb12da0-7c50-4259-bd40-a1d833ebd7ef,2026-07-11T22:45:00Z,2026-07-12T00:45:00+0200,0.0,MW,DK1,DK_1,forecast_solar_generation,Solar,2026-08-09T16:53:20Z
2026-08-09T16:49:56Z,2026-08-09T18:49:56+0200,eeb12da0-7c50-4259-bd40-a1d833ebd7ef,2026-07-11T23:00:00Z,2026-07-12T01:00:00+0200,0.0,MW,DK1,DK_1,forecast_solar_generation,Solar,2026-08-09T16:53:20Z
2026-08-09T16:49:56Z,2026-08-09T18:49:56+0200,eeb12da0-7c50-4259-bd40-a1d833ebd7ef,2026-07-11T23:15:00Z,2026-07-12T01:15:00+0200,0.0,MW,DK1,DK_1,forecast_solar_generation,Solar,2026-08-09T16:53:20Z
2026-08-09T16:49:56Z,2026-08-09T18:49:56+0200,eeb12da0-7c50-4259-bd40-a1d833ebd7ef,2026-07-11T23:30:00Z,2026-07-12T01:30:00+0200,0.0,MW,DK1,DK_1,forecast_solar_generation,Solar,2026-08-09T16:53:20Z
2026-08-09T16:49:56Z,2026-08-09T18:49:56+0200,eeb12da0-7c50-4259-bd40-a1d833ebd7ef,2026-07-11T23:45:00Z,2026-07-12T01:45:00+0200,0.0,MW,DK1,DK_1,forecast_solar_generation,Solar,2026-08-09T16:53:20Z
2026-08-09T16:49:56Z,2026-08-09T18:49:56+0200,eeb12da0-7c50-4259-bd40-a1d833ebd7ef,2026-07-12T00:00:00Z,2026-07-12T02:00:00+0200,0.0,MW,DK1,DK_1,forecast_solar_generation,Solar,2026-08-09T16:53:20Z
2026-08-09T16:49:56Z,2026-08-09T18:49:56+0200,eeb12da0-7c50-4259-bd40-a1d833ebd7ef,2026-07-12T00:15:00Z,2026-07-12T02:15:00+0200,0.0,MW,DK1,DK_1,forecast_solar_generation,Solar,2026-08-09T16:53:20Z
2026-08-09T16:49:56Z,2026-08-09T18:49:56+0200,eeb12da0-7c50-4259-bd40-a1d833ebd7ef,2026-07-12T00:30:00Z,2026-07-12T02:30:00+0200,0.0,MW,DK1,DK_1,forecast_solar_generation,Solar,2026-08-09T16:53:20Z
2026-08-09T16:49:56Z,2026-08-09T18:49:56+0200,eeb12da0-7c50-4259-bd40-a1d833ebd7ef,2026-07-12T00:45:00Z,2026-07-12T02:45:00+0200,0.0,MW,DK1,DK_1,forecast_solar_generation,Solar,2026-08-09T16:53:20Z
2026-08-09T16:49:56Z,2026-08-09T18:49:56+0200,eeb12da0-7c50-4259-bd40-a1d833ebd7ef,2026-07-12T01:00:00Z,2026-07-12T03:00:00+0200,0.0,MW,DK1,DK_1,forecast_solar_generation,Solar,2026-08-09T16:53:20Z
2026-08-09T16:49:56Z,2026-08-09T18:49:56+0200,eeb12da0-7c50-4259-bd40-a1d833ebd7ef,2026-07-12T01:15:00Z,2026-07-12T03:15:00+0200,0.0,MW,DK1,DK_1,forecast_solar_generation,Solar,2026-08-09T16:53:20Z
2026-08-09T16:49:56Z,2026-08-09T18:49:56+0200,eeb12da0-7c50-4259-bd40-a1d833ebd7ef,2026-07-12T01:30:00Z,2026-07-12T03:30:00+0200,0.0,MW,DK1,DK_1,forecast_solar_generation,Solar,2026-08-09T16:53:20Z
2026-08-09T16:49:56Z,2026-08-09T18:49:56+0200,eeb12da0-7c50-4259-bd40-a1d833ebd7ef,2026-07-12T01:45:00Z,2026-07-12T03:45:00+0200,0.0,MW,DK1,DK_1,forecast_solar_generation,Solar,2026-08-09T16:53:20Z
2026-08-09T16:49:56Z,2026-08-09T18:49:56+0200,eeb12da0-7c50-4259-bd40-a1d833ebd7ef,2026-07-12T02:00:00Z,2026-07-12T04:00:00+0200,0.0,MW,DK1,DK_1,forecast_solar_generation,Solar,2026-08-09T16:53:20Z
2026-08-09T16:49:56Z,2026-08-09T18:49:56+0200,eeb12da0-7c50-4259-bd40-a1d833ebd7ef,2026-07-12T02:15:00Z,2026-07-12T04:15:00+0200,0.0,MW,DK1,DK_1,forecast_solar_generation,Solar,2026-08-09T16:53:20Z
2026-08-09T16:49:56Z,2026-08-09T18:49:56+0200,eeb12da0-7c50-4259-bd40-a1d833ebd7ef,2026-07-12T02:30:00Z,2026-07-12T04:30:00+0200,0.0,MW,DK1,DK_1,forecast_solar_generation,Solar,2026-08-09T16:53:20Z
2026-08-09T16:49:56Z,2026-08-09T18:49:56+0200,eeb12da0-7c50-4259-bd40-a1d833ebd7ef,2026-07-12T02:45:00Z,2026-07-12T04:45:00+0200,0.08,MW,DK1,DK_1,forecast_solar_generation,Solar,2026-08-09T16:53:20Z
2026-08-09T16:49:56Z,2026-08-09T18:49:56+0200,eeb12da0-7c50-4259-bd40-a1d833ebd7ef,2026-07-12T03:00:00Z,2026-07-12T05:00:00+0200,1.528333,MW,DK1,DK_1,forecast_solar_generation,Solar,2026-08-09T16:53:20Z
2026-08-09T16:49:56Z,2026-08-09T18:49:56+0200,eeb12da0-7c50-4259-bd40-a1d833ebd7ef,2026-07-12T03:15:00Z,2026-07-12T05:15:00+0200,11.424999,MW,DK1,DK_1,forecast_solar_generation,Solar,2026-08-09T16:53:20Z
2026-08-09T16:49:56Z,2026-08-09T18:49:56+0200,eeb12da0-7c50-4259-bd40-a1d833ebd7ef,2026-07-12T03:30:00Z,2026-07-12T05:30:00+0200,39.055,MW,DK1,DK_1,forecast_solar_generation,Solar,2026-08-09T16:53:20Z
2026-08-09T16:49:56Z,2026-08-09T18:49:56+0200,eeb12da0-7c50-4259-bd40-a1d833ebd7ef,2026-07-12T03:45:00Z,2026-07-12T05:45:00+0200,83.914999,MW,DK1,DK_1,forecast_solar_generation,Solar,2026-08-09T16:53:20Z
2026-08-09T16:49:56Z,2026-08-09T18:49:56+0200,eeb12da0-7c50-4259-bd40-a1d833ebd7ef,2026-07-12T04:00:00Z,2026-07-12T06:00:00+0200,141.086666,MW,DK1,DK_1,forecast_solar_generation,Solar,2026-08-09T16:53:20Z
2026-08-09T16:49:56Z,2026-08-09T18:49:56+0200,eeb12da0-7c50-4259-bd40-a1d833ebd7ef,2026-07-12T04:15:00Z,2026-07-12T06:15:00+0200,209.465,MW,DK1,DK_1,forecast_solar_generation,Solar,2026-08-09T16:53:20Z
2026-08-09T16:49:56Z,2026-08-09T18:49:56+0200,eeb12da0-7c50-4259-bd40-a1d833ebd7ef,2026-07-12T04:30:00Z,2026-07-12T06:30:00+0200,289.665,MW,DK1,DK_1,forecast_solar_generation,Solar,2026-08-09T16:53:20Z
2026-08-09T16:49:56Z,2026-08-09T18:49:56+0200,eeb12da0-7c50-4259-bd40-a1d833ebd7ef,2026-07-12T04:45:00Z,2026-07-12T06:45:00+0200,380.24,MW,DK1,DK_1,forecast_solar_generation,Solar,2026-08-09T16:53:20Z
2026-08-09T16:49:56Z,2026-08-09T18:49:56+0200,eeb12da0-7c50-4259-bd40-a1d833ebd7ef,2026-07-12T05:00:00Z,2026-07-12T07:00:00+0200,480.516666,MW,DK1,DK_1,forecast_solar_generation,Solar,2026-08-09T16:53:20Z
2026-08-09T16:49:56Z,2026-08-09T18:49:56+0200,eeb12da0-7c50-4259-bd40-a1d833ebd7ef,2026-07-12T05:15:00Z,2026-07-12T07:15:00+0200,588.408333,MW,DK1,DK_1,forecast_solar_generation,Solar,2026-08-09T16:53:20Z
2026-08-09T16:49:56Z,2026-08-09T18:49:56+0200,eeb12da0-7c50-4259-bd40-a1d833ebd7ef,2026-07-12T05:30:00Z,2026-07-12T07:30:00+0200,703.616666,MW,DK1,DK_1,forecast_solar_generation,Solar,2026-08-09T16:53:20Z
2026-08-09T16:49:56Z,2026-08-09T18:49:56+0200,eeb12da0-7c50-4259-bd40-a1d833ebd7ef,2026-07-12T05:45:00Z,2026-07-12T07:45:00+0200,823.818333,MW,DK1,DK_1,forecast_solar_generation,Solar,2026-08-09T16:53:20Z
2026-08-09T16:49:56Z,2026-08-09T18:49:56+0200,eeb12da0-7c50-4259-bd40-a1d833ebd7ef,2026-07-12T06:00:00Z,2026-07-12T08:00:00+0200,946.996666,MW,DK1,DK_1,forecast_solar_generation,Solar,2026-08-09T16:53:20Z
2026-08-09T16:49:56Z,2026-08-09T18:49:56+0200,eeb12da0-7c50-4259-bd40-a1d833ebd7ef,2026-07-12T06:15:00Z,2026-07-12T08:15:00+0200,1071.501666,MW,DK1,DK_1,forecast_solar_generation,Solar,2026-08-09T16:53:20Z
2026-08-09T16:49:56Z,2026-08-09T18:49:56+0200,eeb12da0-7c50-4259-bd40-a1d833ebd7ef,2026-07-12T06:30:00Z,2026-07-12T08:30:00+0200,1195.546666,MW,DK1,DK_1,forecast_solar_generation,Solar,2026-08-09T16:53:20Z
2026-08-09T16:49:56Z,2026-08-09T18:49:56+0200,eeb12da0-7c50-4259-bd40-a1d833ebd7ef,2026-07-12T06:45:00Z,2026-07-12T08:45:00+0200,1318.076666,MW,DK1,DK_1,forecast_solar_generation,Solar,2026-08-09T16:53:20Z
2026-08-09T16:49:56Z,2026-08-09T18:49:56+0200,eeb12da0-7c50-4259-bd40-a1d833ebd7ef,2026-07-12T07:00:00Z,2026-07-12T09:00:00+0200,1396.046666,MW,DK1,DK_1,forecast_solar_generation,Solar,2026-08-09T16:53:20Z
2026-08-09T16:49:56Z,2026-08-09T18:49:56+0200,eeb12da0-7c50-4259-bd40-a1d833ebd7ef,2026-07-12T07:15:00Z,2026-07-12T09:15:00+0200,1274.615,MW,DK1,DK_1,forecast_solar_generation,Solar,2026-08-09T16:53:20Z
2026-08-09T16:49:56Z,2026-08-09T18:49:56+0200,eeb12da0-7c50-4259-bd40-a1d833ebd7ef,2026-07-12T07:30:00Z,2026-07-12T09:30:00+0200,1363.036666,MW,DK1,DK_1,forecast_solar_generation,Solar,2026-08-09T16:53:20Z
2026-08-09T16:49:56Z,2026-08-09T18:49:56+0200,eeb12da0-7c50-4259-bd40-a1d833ebd7ef,2026-07-12T07:45:00Z,2026-07-12T09:45:00+0200,1448.79,MW,DK1,DK_1,forecast_solar_generation,Solar,2026-08-09T16:53:20Z
2026-08-09T16:49:56Z,2026-08-09T18:49:56+0200,eeb12da0-7c50-4259-bd40-a1d833ebd7ef,2026-07-12T08:00:00Z,2026-07-12T10:00:00+0200,1530.353333,MW,DK1,DK_1,forecast_solar_generation,Solar,2026-08-09T16:53:20Z
2026-08-09T16:49:56Z,2026-08-09T18:49:56+0200,eeb12da0-7c50-4259-bd40-a1d833ebd7ef,2026-07-12T08:15:00Z,2026-07-12T10:15:00+0200,1597.076666,MW,DK1,DK_1,forecast_solar_generation,Solar,2026-08-09T16:53:20Z
2026-08-09T16:49:56Z,2026-08-09T18:49:56+0200,eeb12da0-7c50-4259-bd40-a1d833ebd7ef,2026-07-12T08:30:00Z,2026-07-12T10:30:00+0200,1633.791666,MW,DK1,DK_1,forecast_solar_generation,Solar,2026-08-09T16:53:20Z
2026-08-09T16:49:56Z,2026-08-09T18:49:56+0200,eeb12da0-7c50-4259-bd40-a1d833ebd7ef,2026-07-12T08:45:00Z,2026-07-12T10:45:00+0200,1691.523333,MW,DK1,DK_1,forecast_solar_generation,Solar,2026-08-09T16:53:20Z
2026-08-09T16:49:56Z,2026-08-09T18:49:56+0200,eeb12da0-7c50-4259-bd40-a1d833ebd7ef,2026-07-12T09:00:00Z,2026-07-12T11:00:00+0200,1735.461666,MW,DK1,DK_1,forecast_solar_generation,Solar,2026-08-09T16:53:20Z
2026-08-09T16:49:56Z,2026-08-09T18:49:56+0200,eeb12da0-7c50-4259-bd40-a1d833ebd7ef,2026-07-12T09:15:00Z,2026-07-12T11:15:00+0200,1696.208333,MW,DK1,DK_1,forecast_solar_generation,Solar,2026-08-09T16:53:20Z
2026-08-09T16:49:56Z,2026-08-09T18:49:56+0200,eeb12da0-7c50-4259-bd40-a1d833ebd7ef,2026-07-12T09:30:00Z,2026-07-12T11:30:00+0200,1602.343333,MW,DK1,DK_1,forecast_solar_generation,Solar,2026-08-09T16:53:20Z
2026-08-09T16:49:56Z,2026-08-09T18:49:56+0200,eeb12da0-7c50-4259-bd40-a1d833ebd7ef,2026-07-12T09:45:00Z,2026-07-12T11:45:00+0200,1315.661666,MW,DK1,DK_1,forecast_solar_generation,Solar,2026-08-09T16:53:20Z
2026-08-09T16:49:56Z,2026-08-09T18:49:56+0200,eeb12da0-7c50-4259-bd40-a1d833ebd7ef,2026-07-12T10:00:00Z,2026-07-12T12:00:00+0200,1319.238333,MW,DK1,DK_1,forecast_solar_generation,Solar,2026-08-09T16:53:20Z
2026-08-09T16:49:56Z,2026-08-09T18:49:56+0200,eeb12da0-7c50-4259-bd40-a1d833ebd7ef,2026-07-12T10:15:00Z,2026-07-12T12:15:00+0200,1285.46,MW,DK1,DK_1,forecast_solar_generation,Solar,2026-08-09T16:53:20Z
2026-08-09T16:49:56Z,2026-08-09T18:49:56+0200,eeb12da0-7c50-4259-bd40-a1d833ebd7ef,2026-07-12T10:30:00Z,2026-07-12T12:30:00+0200,1294.645,MW,DK1,DK_1,forecast_solar_generation,Solar,2026-08-09T16:53:20Z
2026-08-09T16:49:56Z,2026-08-09T18:49:56+0200,eeb12da0-7c50-4259-bd40-a1d833ebd7ef,2026-07-12T10:45:00Z,2026-07-12T12:45:00+0200,1310.885,MW,DK1,DK_1,forecast_solar_generation,Solar,2026-08-09T16:53:20Z
2026-08-09T16:49:56Z,2026-08-09T18:49:56+0200,eeb12da0-7c50-4259-bd40-a1d833ebd7ef,2026-07-12T11:00:00Z,2026-07-12T13:00:00+0200,1358.596666,MW,DK1,DK_1,forecast_solar_generation,Solar,2026-08-09T16:53:20Z
2026-08-09T16:49:56Z,2026-08-09T18:49:56+0200,eeb12da0-7c50-4259-bd40-a1d833ebd7ef,2026-07-12T11:15:00Z,2026-07-12T13:15:00+0200,1358.035,MW,DK1,DK_1,forecast_solar_generation,Solar,2026-08-09T16:53:20Z
2026-08-09T16:49:56Z,2026-08-09T18:49:56+0200,eeb12da0-7c50-4259-bd40-a1d833ebd7ef,2026-07-12T11:30:00Z,2026-07-12T13:30:00+0200,1355.138333,MW,DK1,DK_1,forecast_solar_generation,Solar,2026-08-09T16:53:20Z
2026-08-09T16:49:56Z,2026-08-09T18:49:56+0200,eeb12da0-7c50-4259-bd40-a1d833ebd7ef,2026-07-12T11:45:00Z,2026-07-12T13:45:00+0200,1350.764999,MW,DK1,DK_1,forecast_solar_generation,Solar,2026-08-09T16:53:20Z
2026-08-09T16:49:56Z,2026-08-09T18:49:56+0200,eeb12da0-7c50-4259-bd40-a1d833ebd7ef,2026-07-12T12:00:00Z,2026-07-12T14:00:00+0200,1343.76,MW,DK1,DK_1,forecast_solar_generation,Solar,2026-08-09T16:53:20Z
2026-08-09T16:49:56Z,2026-08-09T18:49:56+0200,eeb12da0-7c50-4259-bd40-a1d833ebd7ef,2026-07-12T12:15:00Z,2026-07-12T14:15:00+0200,1332.885,MW,DK1,DK_1,forecast_solar_generation,Solar,2026-08-09T16:53:20Z
2026-08-09T16:49:56Z,2026-08-09T18:49:56+0200,eeb12da0-7c50-4259-bd40-a1d833ebd7ef,2026-07-12T12:30:00Z,2026-07-12T14:30:00+0200,1317.906666,MW,DK1,DK_1,forecast_solar_generation,Solar,2026-08-09T16:53:20Z
2026-08-09T16:49:56Z,2026-08-09T18:49:56+0200,eeb12da0-7c50-4259-bd40-a1d833ebd7ef,2026-07-12T12:45:00Z,2026-07-12T14:45:00+0200,1290.791666,MW,DK1,DK_1,forecast_solar_generation,Solar,2026-08-09T16:53:20Z
2026-08-09T16:49:56Z,2026-08-09T18:49:56+0200,eeb12da0-7c50-4259-bd40-a1d833ebd7ef,2026-07-12T13:00:00Z,2026-07-12T15:00:00+0200,1225.863333,MW,DK1,DK_1,forecast_solar_generation,Solar,2026-08-09T16:53:20Z
2026-08-09T16:49:56Z,2026-08-09T18:49:56+0200,eeb12da0-7c50-4259-bd40-a1d833ebd7ef,2026-07-12T13:15:00Z,2026-07-12T15:15:00+0200,1212.034999,MW,DK1,DK_1,forecast_solar_generation,Solar,2026-08-09T16:53:20Z
2026-08-09T16:49:56Z,2026-08-09T18:49:56+0200,eeb12da0-7c50-4259-bd40-a1d833ebd7ef,2026-07-12T13:30:00Z,2026-07-12T15:30:00+0200,1230.668333,MW,DK1,DK_1,forecast_solar_generation,Solar,2026-08-09T16:53:20Z
2026-08-09T16:49:56Z,2026-08-09T18:49:56+0200,eeb12da0-7c50-4259-bd40-a1d833ebd7ef,2026-07-12T13:45:00Z,2026-07-12T15:45:00+0200,1200.208333,MW,DK1,DK_1,forecast_solar_generation,Solar,2026-08-09T16:53:20Z
2026-08-09T16:49:56Z,2026-08-09T18:49:56+0200,eeb12da0-7c50-4259-bd40-a1d833ebd7ef,2026-07-12T14:00:00Z,2026-07-12T16:00:00+0200,1207.481666,MW,DK1,DK_1,forecast_solar_generation,Solar,2026-08-09T16:53:20Z
2026-08-09T16:49:56Z,2026-08-09T18:49:56+0200,eeb12da0-7c50-4259-bd40-a1d833ebd7ef,2026-07-12T14:15:00Z,2026-07-12T16:15:00+0200,1453.053333,MW,DK1,DK_1,forecast_solar_generation,Solar,2026-08-09T16:53:20Z
2026-08-09T16:49:56Z,2026-08-09T18:49:56+0200,eeb12da0-7c50-4259-bd40-a1d833ebd7ef,2026-07-12T14:30:00Z,2026-07-12T16:30:00+0200,1510.503333,MW,DK1,DK_1,forecast_solar_generation,Solar,2026-08-09T16:53:20Z
2026-08-09T16:49:56Z,2026-08-09T18:49:56+0200,eeb12da0-7c50-4259-bd40-a1d833ebd7ef,2026-07-12T14:45:00Z,2026-07-12T16:45:00+0200,1427.475,MW,DK1,DK_1,forecast_solar_generation,Solar,2026-08-09T16:53:20Z
2026-08-09T16:49:56Z,2026-08-09T18:49:56+0200,eeb12da0-7c50-4259-bd40-a1d833ebd7ef,2026-07-12T15:00:00Z,2026-07-12T17:00:00+0200,1441.37,MW,DK1,DK_1,forecast_solar_generation,Solar,2026-08-09T16:53:20Z
2026-08-09T16:49:56Z,2026-08-09T18:49:56+0200,eeb12da0-7c50-4259-bd40-a1d833ebd7ef,2026-07-12T15:15:00Z,2026-07-12T17:15:00+0200,1458.906666,MW,DK1,DK_1,forecast_solar_generation,Solar,2026-08-09T16:53:20Z
2026-08-09T16:49:56Z,2026-08-09T18:49:56+0200,eeb12da0-7c50-4259-bd40-a1d833ebd7ef,2026-07-12T15:30:00Z,2026-07-12T17:30:00+0200,1450.356666,MW,DK1,DK_1,forecast_solar_generation,Solar,2026-08-09T16:53:20Z
2026-08-09T16:49:56Z,2026-08-09T18:49:56+0200,eeb12da0-7c50-4259-bd40-a1d833ebd7ef,2026-07-12T15:45:00Z,2026-07-12T17:45:00+0200,1338.501666,MW,DK1,DK_1,forecast_solar_generation,Solar,2026-08-09T16:53:20Z
2026-08-09T16:49:56Z,2026-08-09T18:49:56+0200,eeb12da0-7c50-4259-bd40-a1d833ebd7ef,2026-07-12T16:00:00Z,2026-07-12T18:00:00+0200,1228.875,MW,DK1,DK_1,forecast_solar_generation,Solar,2026-08-09T16:53:20Z
2026-08-09T16:49:56Z,2026-08-09T18:49:56+0200,eeb12da0-7c50-4259-bd40-a1d833ebd7ef,2026-07-12T16:15:00Z,2026-07-12T18:15:00+0200,1106.561666,MW,DK1,DK_1,forecast_solar_generation,Solar,2026-08-09T16:53:20Z
2026-08-09T16:49:56Z,2026-08-09T18:49:56+0200,eeb12da0-7c50-4259-bd40-a1d833ebd7ef,2026-07-12T16:30:00Z,2026-07-12T18:30:00+0200,984.921666,MW,DK1,DK_1,forecast_solar_generation,Solar,2026-08-09T16:53:20Z
2026-08-09T16:49:56Z,2026-08-09T18:49:56+0200,eeb12da0-7c50-4259-bd40-a1d833ebd7ef,2026-07-12T16:45:00Z,2026-07-12T18:45:00+0200,863.313333,MW,DK1,DK_1,forecast_solar_generation,Solar,2026-08-09T16:53:20Z
2026-08-09T16:49:56Z,2026-08-09T18:49:56+0200,eeb12da0-7c50-4259-bd40-a1d833ebd7ef,2026-07-12T17:00:00Z,2026-07-12T19:00:00+0200,744.078333,MW,DK1,DK_1,forecast_solar_generation,Solar,2026-08-09T16:53:20Z
2026-08-09T16:49:56Z,2026-08-09T18:49:56+0200,eeb12da0-7c50-4259-bd40-a1d833ebd7ef,2026-07-12T17:15:00Z,2026-07-12T19:15:00+0200,630.196666,MW,DK1,DK_1,forecast_solar_generation,Solar,2026-08-09T16:53:20Z
2026-08-09T16:49:56Z,2026-08-09T18:49:56+0200,eeb12da0-7c50-4259-bd40-a1d833ebd7ef,2026-07-12T17:30:00Z,2026-07-12T19:30:00+0200,523.113333,MW,DK1,DK_1,forecast_solar_generation,Solar,2026-08-09T16:53:20Z
2026-08-09T16:49:56Z,2026-08-09T18:49:56+0200,eeb12da0-7c50-4259-bd40-a1d833ebd7ef,2026-07-12T17:45:00Z,2026-07-12T19:45:00+0200,422.178333,MW,DK1,DK_1,forecast_solar_generation,Solar,2026-08-09T16:53:20Z
2026-08-09T16:49:56Z,2026-08-09T18:49:56+0200,eeb12da0-7c50-4259-bd40-a1d833ebd7ef,2026-07-12T18:00:00Z,2026-07-12T20:00:00+0200,329.303333,MW,DK1,DK_1,forecast_solar_generation,Solar,2026-08-09T16:53:20Z
2026-08-09T16:49:56Z,2026-08-09T18:49:56+0200,eeb12da0-7c50-4259-bd40-a1d833ebd7ef,2026-07-12T18:15:00Z,2026-07-12T20:15:00+0200,245.574999,MW,DK1,DK_1,forecast_solar_generation,Solar,2026-08-09T16:53:20Z
2026-08-09T16:49:56Z,2026-08-09T18:49:56+0200,eeb12da0-7c50-4259-bd40-a1d833ebd7ef,2026-07-12T18:30:00Z,2026-07-12T20:30:00+0200,172.976666,MW,DK1,DK_1,forecast_solar_generation,Solar,2026-08-09T16:53:20Z
2026-08-09T16:49:56Z,2026-08-09T18:49:56+0200,eeb12da0-7c50-4259-bd40-a1d833ebd7ef,2026-07-12T18:45:00Z,2026-07-12T20:45:00+0200,112.166666,MW,DK1,DK_1,forecast_solar_generation,Solar,2026-08-09T16:53:20Z
2026-08-09T16:49:56Z,2026-08-09T18:49:56+0200,eeb12da0-7c50-4259-bd40-a1d833ebd7ef,2026-07-12T19:00:00Z,2026-07-12T21:00:00+0200,62.398333,MW,DK1,DK_1,forecast_solar_generation,Solar,2026-08-09T16:53:20Z
2026-08-09T16:49:56Z,2026-08-09T18:49:56+0200,eeb12da0-7c50-4259-bd40-a1d833ebd7ef,2026-07-12T19:15:00Z,2026-07-12T21:15:00+0200,25.331666,MW,DK1,DK_1,forecast_solar_generation,Solar,2026-08-09T16:53:20Z
2026-08-09T16:49:56Z,2026-08-09T18:49:56+0200,eeb12da0-7c50-4259-bd40-a1d833ebd7ef,2026-07-12T19:30:00Z,2026-07-12T21:30:00+0200,5.971666,MW,DK1,DK_1,forecast_solar_generation,Solar,2026-08-09T16:53:20Z
2026-08-09T16:49:56Z,2026-08-09T18:49:56+0200,eeb12da0-7c50-4259-bd40-a1d833ebd7ef,2026-07-12T19:45:00Z,2026-07-12T21:45:00+0200,0.553333,MW,DK1,DK_1,forecast_solar_generation,Solar,2026-08-09T16:53:20Z
2026-08-09T16:49:56Z,2026-08-09T18:49:56+0200,eeb12da0-7c50-4259-bd40-a1d833ebd7ef,2026-07-12T20:00:00Z,2026-07-12T22:00:00+0200,0.011666,MW,DK1,DK_1,forecast_solar_generation,Solar,2026-08-09T16:53:20Z
2026-08-09T16:49:56Z,2026-08-09T18:49:56+0200,eeb12da0-7c50-4259-bd40-a1d833ebd7ef,2026-07-12T20:15:00Z,2026-07-12T22:15:00+0200,0.0,MW,DK1,DK_1,forecast_solar_generation,Solar,2026-08-09T16:53:20Z
2026-08-09T16:49:56Z,2026-08-09T18:49:56+0200,eeb12da0-7c50-4259-bd40-a1d833ebd7ef,2026-07-12T20:30:00Z,2026-07-12T22:30:00+0200,0.0,MW,DK1,DK_1,forecast_solar_generation,Solar,2026-08-09T16:53:20Z
2026-08-09T16:49:56Z,2026-08-09T18:49:56+0200,eeb12da0-7c50-4259-bd40-a1d833ebd7ef,2026-07-12T20:45:00Z,2026-07-12T22:45:00+0200,0.0,MW,DK1,DK_1,forecast_solar_generation,Solar,2026-08-09T16:53:20Z
2026-08-09T16:49:56Z,2026-08-09T18:49:56+0200,eeb12da0-7c50-4259-bd40-a1d833ebd7ef,2026-07-12T21:00:00Z,2026-07-12T23:00:00+0200,0.0,MW,DK1,DK_1,forecast_solar_generation,Solar,2026-08-09T16:53:20Z
2026-08-09T16:49:56Z,2026-08-09T18:49:56+0200,eeb12da0-7c50-4259-bd40-a1d833ebd7ef,2026-07-12T21:15:00Z,2026-07-12T23:15:00+0200,0.0,MW,DK1,DK_1,forecast_solar_generation,Solar,2026-08-09T16:53:20Z
2026-08-09T16:49:56Z,2026-08-09T18:49:56+0200,eeb12da0-7c50-4259-bd40-a1d833ebd7ef,2026-07-12T21:30:00Z,2026-07-12T23:30:00+0200,0.0,MW,DK1,DK_1,forecast_solar_generation,Solar,2026-08-09T16:53:20Z
2026-08-09T16:49:56Z,2026-08-09T18:49:56+0200,eeb12da0-7c50-4259-bd40-a1d833ebd7ef,2026-07-12T21:45:00Z,2026-07-12T23:45:00+0200,0.0,MW,DK1,DK_1,forecast_solar_generation,Solar,2026-08-09T16:53:20Z
2026-08-09T16:49:56Z,2026-08-09T18:49:56+0200,eeb12da0-7c50-4259-bd40-a1d833ebd7ef,2026-07-12T22:00:00Z,2026-07-13T00:00:00+0200,0.0,MW,DK1,DK_1,forecast_solar_generation,Solar,2026-08-09T16:53:20Z
2026-08-09T16:49:56Z,2026-08-09T18:49:56+0200,eeb12da0-7c50-4259-bd40-a1d833ebd7ef,2026-07-12T22:15:00Z,2026-07-13T00:15:00+0200,0.0,MW,DK1,DK_1,forecast_solar_generation,Solar,2026-08-09T16:53:20Z
2026-08-09T16:49:56Z,2026-08-09T18:49:56+0200,eeb12da0-7c50-4259-bd40-a1d833ebd7ef,2026-07-12T22:30:00Z,2026-07-13T00:30:00+0200,0.0,MW,DK1,DK_1,forecast_solar_generation,Solar,2026-08-09T16:53:20Z
2026-08-09T16:49:56Z,2026-08-09T18:49:56+0200,eeb12da0-7c50-4259-bd40-a1d833ebd7ef,2026-07-12T22:45:00Z,2026-07-13T00:45:00+0200,0.0,MW,DK1,DK_1,forecast_solar_generation,Solar,2026-08-09T16:53:20Z
2026-08-09T16:49:56Z,2026-08-09T18:49:56+0200,eeb12da0-7c50-4259-bd40-a1d833ebd7ef,2026-07-12T23:00:00Z,2026-07-13T01:00:00+0200,0.0,MW,DK1,DK_1,forecast_solar_generation,Solar,2026-08-09T16:53:20Z
2026-08-09T16:49:56Z,2026-08-09T18:49:56+0200,eeb12da0-7c50-4259-bd40-a1d833ebd7ef,2026-07-12T23:15:00Z,2026-07-13T01:15:00+0200,0.0,MW,DK1,DK_1,forecast_solar_generation,Solar,2026-08-09T16:53:20Z
2026-08-09T16:49:56Z,2026-08-09T18:49:56+0200,eeb12da0-7c50-4259-bd40-a1d833ebd7ef,2026-07-12T23:30:00Z,2026-07-13T01:30:00+0200,0.0,MW,DK1,DK_1,forecast_solar_generation,Solar,2026-08-09T16:53:20Z
2026-08-09T16:49:56Z,2026-08-09T18:49:56+0200,eeb12da0-7c50-4259-bd40-a1d833ebd7ef,2026-07-12T23:45:00Z,2026-07-13T01:45:00+0200,0.0,MW,DK1,DK_1,forecast_solar_generation,Solar,2026-08-09T16:53:20Z
2026-08-09T16:49:56Z,2026-08-09T18:49:56+0200,eeb12da0-7c50-4259-bd40-a1d833ebd7ef,2026-07-13T00:00:00Z,2026-07-13T02:00:00+0200,0.0,MW,DK1,DK_1,forecast_solar_generation,Solar,2026-08-09T16:53:20Z
2026-08-09T16:49:56Z,2026-08-09T18:49:56+0200,eeb12da0-7c50-4259-bd40-a1d833ebd7ef,2026-07-13T00:15:00Z,2026-07-13T02:15:00+0200,0.0,MW,DK1,DK_1,forecast_solar_generation,Solar,2026-08-09T16:53:20Z
2026-08-09T16:49:56Z,2026-08-09T18:49:56+0200,eeb12da0-7c50-4259-bd40-a1d833ebd7ef,2026-07-13T00:30:00Z,2026-07-13T02:30:00+0200,0.0,MW,DK1,DK_1,forecast_solar_generation,Solar,2026-08-09T16:53:20Z
2026-08-09T16:49:56Z,2026-08-09T18:49:56+0200,eeb12da0-7c50-4259-bd40-a1d833ebd7ef,2026-07-13T00:45:00Z,2026-07-13T02:45:00+0200,0.0,MW,DK1,DK_1,forecast_solar_generation,Solar,2026-08-09T16:53:20Z
2026-08-09T16:49:56Z,2026-08-09T18:49:56+0200,eeb12da0-7c50-4259-bd40-a1d833ebd7ef,2026-07-13T01:00:00Z,2026-07-13T03:00:00+0200,0.0,MW,DK1,DK_1,forecast_solar_generation,Solar,2026-08-09T16:53:20Z
2026-08-09T16:49:56Z,2026-08-09T18:49:56+0200,eeb12da0-7c50-4259-bd40-a1d833ebd7ef,2026-07-13T01:15:00Z,2026-07-13T03:15:00+0200,0.0,MW,DK1,DK_1,forecast_solar_generation,Solar,2026-08-09T16:53:20Z
2026-08-09T16:49:56Z,2026-08-09T18:49:56+0200,eeb12da0-7c50-4259-bd40-a1d833ebd7ef,2026-07-13T01:30:00Z,2026-07-13T03:30:00+0200,0.0,MW,DK1,DK_1,forecast_solar_generation,Solar,2026-08-09T16:53:20Z
2026-08-09T16:49:56Z,2026-08-09T18:49:56+0200,eeb12da0-7c50-4259-bd40-a1d833ebd7ef,2026-07-13T01:45:00Z,2026-07-13T03:45:00+0200,0.0,MW,DK1,DK_1,forecast_solar_generation,Solar,2026-08-09T16:53:20Z
2026-08-09T16:49:56Z,2026-08-09T18:49:56+0200,eeb12da0-7c50-4259-bd40-a1d833ebd7ef,2026-07-13T02:00:00Z,2026-07-13T04:00:00+0200,0.0,MW,DK1,DK_1,forecast_solar_generation,Solar,2026-08-09T16:53:20Z
2026-08-09T16:49:56Z,2026-08-09T18:49:56+0200,eeb12da0-7c50-4259-bd40-a1d833ebd7ef,2026-07-13T02:15:00Z,2026-07-13T04:15:00+0200,0.0,MW,DK1,DK_1,forecast_solar_generation,Solar,2026-08-09T16:53:20Z
2026-08-09T16:49:56Z,2026-08-09T18:49:56+0200,eeb12da0-7c50-4259-bd40-a1d833ebd7ef,2026-07-13T02:30:00Z,2026-07-13T04:30:00+0200,0.0,MW,DK1,DK_1,forecast_solar_generation,Solar,2026-08-09T16:53:20Z
2026-08-09T16:49:56Z,2026-08-09T18:49:56+0200,eeb12da0-7c50-4259-bd40-a1d833ebd7ef,2026-07-13T02:45:00Z,2026-07-13T04:45:00+0200,0.048333,MW,DK1,DK_1,forecast_solar_generation,Solar,2026-08-09T16:53:20Z
2026-08-09T16:49:56Z,2026-08-09T18:49:56+0200,eeb12da0-7c50-4259-bd40-a1d833ebd7ef,2026-07-13T03:00:00Z,2026-07-13T05:00:00+0200,0.995,MW,DK1,DK_1,forecast_solar_generation,Solar,2026-08-09T16:53:20Z
2026-08-09T16:49:56Z,2026-08-09T18:49:56+0200,eeb12da0-7c50-4259-bd40-a1d833ebd7ef,2026-07-13T03:15:00Z,2026-07-13T05:15:00+0200,7.998333,MW,DK1,DK_1,forecast_solar_generation,Solar,2026-08-09T16:53:20Z
2026-08-09T16:49:56Z,2026-08-09T18:49:56+0200,eeb12da0-7c50-4259-bd40-a1d833ebd7ef,2026-07-13T03:30:00Z,2026-07-13T05:30:00+0200,29.283333,MW,DK1,DK_1,forecast_solar_generation,Solar,2026-08-09T16:53:20Z
2026-08-09T16:49:56Z,2026-08-09T18:49:56+0200,eeb12da0-7c50-4259-bd40-a1d833ebd7ef,2026-07-13T03:45:00Z,2026-07-13T05:45:00+0200,64.455,MW,DK1,DK_1,forecast_solar_generation,Solar,2026-08-09T16:53:20Z
2026-08-09T16:49:56Z,2026-08-09T18:49:56+0200,eeb12da0-7c50-4259-bd40-a1d833ebd7ef,2026-07-13T04:00:00Z,2026-07-13T06:00:00+0200,108.141666,MW,DK1,DK_1,forecast_solar_generation,Solar,2026-08-09T16:53:20Z
2026-08-09T16:49:56Z,2026-08-09T18:49:56+0200,eeb12da0-7c50-4259-bd40-a1d833ebd7ef,2026-07-13T04:15:00Z,2026-07-13T06:15:00+0200,159.185,MW,DK1,DK_1,forecast_solar_generation,Solar,2026-08-09T16:53:20Z
2026-08-09T16:49:56Z,2026-08-09T18:49:56+0200,eeb12da0-7c50-4259-bd40-a1d833ebd7ef,2026-07-13T04:30:00Z,2026-07-13T06:30:00+0200,219.72,MW,DK1,DK_1,forecast_solar_generation,Solar,2026-08-09T16:53:20Z
2026-08-09T16:49:56Z,2026-08-09T18:49:56+0200,eeb12da0-7c50-4259-bd40-a1d833ebd7ef,2026-07-13T04:45:00Z,2026-07-13T06:45:00+0200,287.595,MW,DK1,DK_1,forecast_solar_generation,Solar,2026-08-09T16:53:20Z
2026-08-09T16:49:56Z,2026-08-09T18:49:56+0200,eeb12da0-7c50-4259-bd40-a1d833ebd7ef,2026-07-13T05:00:00Z,2026-07-13T07:00:00+0200,361.146666,MW,DK1,DK_1,forecast_solar_generation,Solar,2026-08-09T16:53:20Z
2026-08-09T16:49:56Z,2026-08-09T18:49:56+0200,eeb12da0-7c50-4259-bd40-a1d833ebd7ef,2026-07-13T05:15:00Z,2026-07-13T07:15:00+0200,439.788333,MW,DK1,DK_1,forecast_solar_generation,Solar,2026-08-09T16:53:20Z
2026-08-09T16:49:56Z,2026-08-09T18:49:56+0200,eeb12da0-7c50-4259-bd40-a1d833ebd7ef,2026-07-13T05:30:00Z,2026-07-13T07:30:00+0200,524.973333,MW,DK1,DK_1,forecast_solar_generation,Solar,2026-08-09T16:53:20Z
2026-08-09T16:49:56Z,2026-08-09T18:49:56+0200,eeb12da0-7c50-4259-bd40-a1d833ebd7ef,2026-07-13T05:45:00Z,2026-07-13T07:45:00+0200,617.283333,MW,DK1,DK_1,forecast_solar_generation,Solar,2026-08-09T16:53:20Z
2026-08-09T16:49:56Z,2026-08-09T18:49:56+0200,eeb12da0-7c50-4259-bd40-a1d833ebd7ef,2026-07-13T06:00:00Z,2026-07-13T08:00:00+0200,714.528333,MW,DK1,DK_1,forecast_solar_generation,Solar,2026-08-09T16:53:20Z
2026-08-09T16:49:56Z,2026-08-09T18:49:56+0200,eeb12da0-7c50-4259-bd40-a1d833ebd7ef,2026-07-13T06:15:00Z,2026-07-13T08:15:00+0200,812.498333,MW,DK1,DK_1,forecast_solar_generation,Solar,2026-08-09T16:53:20Z
2026-08-09T16:49:56Z,2026-08-09T18:49:56+0200,eeb12da0-7c50-4259-bd40-a1d833ebd7ef,2026-07-13T06:30:00Z,2026-07-13T08:30:00+0200,907.01,MW,DK1,DK_1,forecast_solar_generation,Solar,2026-08-09T16:53:20Z
2026-08-09T16:49:56Z,2026-08-09T18:49:56+0200,eeb12da0-7c50-4259-bd40-a1d833ebd7ef,2026-07-13T06:45:00Z,2026-07-13T08:45:00+0200,1000.435,MW,DK1,DK_1,forecast_solar_generation,Solar,2026-08-09T16:53:20Z
2026-08-09T16:49:56Z,2026-08-09T18:49:56+0200,eeb12da0-7c50-4259-bd40-a1d833ebd7ef,2026-07-13T07:00:00Z,2026-07-13T09:00:00+0200,1092.096666,MW,DK1,DK_1,forecast_solar_generation,Solar,2026-08-09T16:53:20Z
2026-08-09T16:49:56Z,2026-08-09T18:49:56+0200,eeb12da0-7c50-4259-bd40-a1d833ebd7ef,2026-07-13T07:15:00Z,2026-07-13T09:15:00+0200,1179.495,MW,DK1,DK_1,forecast_solar_generation,Solar,2026-08-09T16:53:20Z
2026-08-09T16:49:56Z,2026-08-09T18:49:56+0200,eeb12da0-7c50-4259-bd40-a1d833ebd7ef,2026-07-13T07:30:00Z,2026-07-13T09:30:00+0200,1258.649999,MW,DK1,DK_1,forecast_solar_generation,Solar,2026-08-09T16:53:20Z
2026-08-09T16:49:56Z,2026-08-09T18:49:56+0200,eeb12da0-7c50-4259-bd40-a1d833ebd7ef,2026-07-13T07:45:00Z,2026-07-13T09:45:00+0200,1325.443333,MW,DK1,DK_1,forecast_solar_generation,Solar,2026-08-09T16:53:20Z
2026-08-09T16:49:56Z,2026-08-09T18:49:56+0200,eeb12da0-7c50-4259-bd40-a1d833ebd7ef,2026-07-13T08:00:00Z,2026-07-13T10:00:00+0200,1379.79,MW,DK1,DK_1,forecast_solar_generation,Solar,2026-08-09T16:53:20Z
2026-08-09T16:49:56Z,2026-08-09T18:49:56+0200,eeb12da0-7c50-4259-bd40-a1d833ebd7ef,2026-07-13T08:15:00Z,2026-07-13T10:15:00+0200,1424.903333,MW,DK1,DK_1,forecast_solar_generation,Solar,2026-08-09T16:53:20Z
2026-08-09T16:49:56Z,2026-08-09T18:49:56+0200,eeb12da0-7c50-4259-bd40-a1d833ebd7ef,2026-07-13T08:30:00Z,2026-07-13T10:30:00+0200,1465.293333,MW,DK1,DK_1,forecast_solar_generation,Solar,2026-08-09T16:53:20Z
2026-08-09T16:49:56Z,2026-08-09T18:49:56+0200,eeb12da0-7c50-4259-bd40-a1d833ebd7ef,2026-07-13T08:45:00Z,2026-07-13T10:45:00+0200,1503.635,MW,DK1,DK_1,forecast_solar_generation,Solar,2026-08-09T16:53:20Z
2026-08-09T16:49:56Z,2026-08-09T18:49:56+0200,eeb12da0-7c50-4259-bd40-a1d833ebd7ef,2026-07-13T09:00:00Z,2026-07-13T11:00:00+0200,1538.875,MW,DK1,DK_1,forecast_solar_generation,Solar,2026-08-09T16:53:20Z
2026-08-09T16:49:56Z,2026-08-09T18:49:56+0200,eeb12da0-7c50-4259-bd40-a1d833ebd7ef,2026-07-13T09:15:00Z,2026-07-13T11:15:00+0200,1568.881666,MW,DK1,DK_1,forecast_solar_generation,Solar,2026-08-09T16:53:20Z
2026-08-09T16:49:56Z,2026-08-09T18:49:56+0200,eeb12da0-7c50-4259-bd40-a1d833ebd7ef,2026-07-13T09:30:00Z,2026-07-13T11:30:00+0200,1593.435,MW,DK1,DK_1,forecast_solar_generation,Solar,2026-08-09T16:53:20Z
2026-08-09T16:49:56Z,2026-08-09T18:49:56+0200,eeb12da0-7c50-4259-bd40-a1d833ebd7ef,2026-07-13T09:45:00Z,2026-07-13T11:45:00+0200,1619.851666,MW,DK1,DK_1,forecast_solar_generation,Solar,2026-08-09T16:53:20Z
2026-08-09T16:49:56Z,2026-08-09T18:49:56+0200,eeb12da0-7c50-4259-bd40-a1d833ebd7ef,2026-07-13T10:00:00Z,2026-07-13T12:00:00+0200,1647.315,MW,DK1,DK_1,forecast_solar_generation,Solar,2026-08-09T16:53:20Z
2026-08-09T16:49:56Z,2026-08-09T18:49:56+0200,eeb12da0-7c50-4259-bd40-a1d833ebd7ef,2026-07-13T10:15:00Z,2026-07-13T12:15:00+0200,1670.393333,MW,DK1,DK_1,forecast_solar_generation,Solar,2026-08-09T16:53:20Z
2026-08-09T16:49:56Z,2026-08-09T18:49:56+0200,eeb12da0-7c50-4259-bd40-a1d833ebd7ef,2026-07-13T10:30:00Z,2026-07-13T12:30:00+0200,1683.106666,MW,DK1,DK_1,forecast_solar_generation,Solar,2026-08-09T16:53:20Z
2026-08-09T16:49:56Z,2026-08-09T18:49:56+0200,eeb12da0-7c50-4259-bd40-a1d833ebd7ef,2026-07-13T10:45:00Z,2026-07-13T12:45:00+0200,1688.004999,MW,DK1,DK_1,forecast_solar_generation,Solar,2026-08-09T16:53:20Z
2026-08-09T16:49:56Z,2026-08-09T18:49:56+0200,eeb12da0-7c50-4259-bd40-a1d833ebd7ef,2026-07-13T11:00:00Z,2026-07-13T13:00:00+0200,1688.76,MW,DK1,DK_1,forecast_solar_generation,Solar,2026-08-09T16:53:20Z
2026-08-09T16:49:56Z,2026-08-09T18:49:56+0200,eeb12da0-7c50-4259-bd40-a1d833ebd7ef,2026-07-13T11:15:00Z,2026-07-13T13:15:00+0200,1687.585,MW,DK1,DK_1,forecast_solar_generation,Solar,2026-08-09T16:53:20Z
2026-08-09T16:49:56Z,2026-08-09T18:49:56+0200,eeb12da0-7c50-4259-bd40-a1d833ebd7ef,2026-07-13T11:30:00Z,2026-07-13T13:30:00+0200,1686.678333,MW,DK1,DK_1,forecast_solar_generation,Solar,2026-08-09T16:53:20Z
2026-08-09T16:49:56Z,2026-08-09T18:49:56+0200,eeb12da0-7c50-4259-bd40-a1d833ebd7ef,2026-07-13T11:45:00Z,2026-07-13T13:45:00+0200,1682.278333,MW,DK1,DK_1,forecast_solar_generation,Solar,2026-08-09T16:53:20Z
2026-08-09T16:49:56Z,2026-08-09T18:49:56+0200,eeb12da0-7c50-4259-bd40-a1d833ebd7ef,2026-07-13T12:00:00Z,2026-07-13T14:00:00+0200,1672.396666,MW,DK1,DK_1,forecast_solar_generation,Solar,2026-08-09T16:53:20Z
2026-08-09T16:49:56Z,2026-08-09T18:49:56+0200,eeb12da0-7c50-4259-bd40-a1d833ebd7ef,2026-07-13T12:15:00Z,2026-07-13T14:15:00+0200,1661.995,MW,DK1,DK_1,forecast_solar_generation,Solar,2026-08-09T16:53:20Z
2026-08-09T16:49:56Z,2026-08-09T18:49:56+0200,eeb12da0-7c50-4259-bd40-a1d833ebd7ef,2026-07-13T12:30:00Z,2026-07-13T14:30:00+0200,1655.391666,MW,DK1,DK_1,forecast_solar_generation,Solar,2026-08-09T16:53:20Z
2026-08-09T16:49:56Z,2026-08-09T18:49:56+0200,eeb12da0-7c50-4259-bd40-a1d833ebd7ef,2026-07-13T12:45:00Z,2026-07-13T14:45:00+0200,1658.698333,MW,DK1,DK_1,forecast_solar_generation,Solar,2026-08-09T16:53:20Z
2026-08-09T16:49:56Z,2026-08-09T18:49:56+0200,eeb12da0-7c50-4259-bd40-a1d833ebd7ef,2026-07-13T13:00:00Z,2026-07-13T15:00:00+0200,1666.788333,MW,DK1,DK_1,forecast_solar_generation,Solar,2026-08-09T16:53:20Z
2026-08-09T16:49:56Z,2026-08-09T18:49:56+0200,eeb12da0-7c50-4259-bd40-a1d833ebd7ef,2026-07-13T13:15:00Z,2026-07-13T15:15:00+0200,1669.889999,MW,DK1,DK_1,forecast_solar_generation,Solar,2026-08-09T16:53:20Z
2026-08-09T16:49:56Z,2026-08-09T18:49:56+0200,eeb12da0-7c50-4259-bd40-a1d833ebd7ef,2026-07-13T13:30:00Z,2026-07-13T15:30:00+0200,1663.931666,MW,DK1,DK_1,forecast_solar_generation,Solar,2026-08-09T16:53:20Z
2026-08-09T16:49:56Z,2026-08-09T18:49:56+0200,eeb12da0-7c50-4259-bd40-a1d833ebd7ef,2026-07-13T13:45:00Z,2026-07-13T15:45:00+0200,1662.22,MW,DK1,DK_1,forecast_solar_generation,Solar,2026-08-09T16:53:20Z
2026-08-09T16:49:56Z,2026-08-09T18:49:56+0200,eeb12da0-7c50-4259-bd40-a1d833ebd7ef,2026-07-13T14:00:00Z,2026-07-13T16:00:00+0200,1658.693333,MW,DK1,DK_1,forecast_solar_generation,Solar,2026-08-09T16:53:20Z
2026-08-09T16:49:56Z,2026-08-09T18:49:56+0200,eeb12da0-7c50-4259-bd40-a1d833ebd7ef,2026-07-13T14:15:00Z,2026-07-13T16:15:00+0200,1641.11,MW,DK1,DK_1,forecast_solar_generation,Solar,2026-08-09T16:53:20Z
2026-08-09T16:49:56Z,2026-08-09T18:49:56+0200,eeb12da0-7c50-4259-bd40-a1d833ebd7ef,2026-07-13T14:30:00Z,2026-07-13T16:30:00+0200,1602.488333,MW,DK1,DK_1,forecast_solar_generation,Solar,2026-08-09T16:53:20Z
2026-08-09T16:49:56Z,2026-08-09T18:49:56+0200,eeb12da0-7c50-4259-bd40-a1d833ebd7ef,2026-07-13T14:45:00Z,2026-07-13T16:45:00+0200,1550.945,MW,DK1,DK_1,forecast_solar_generation,Solar,2026-08-09T16:53:20Z
2026-08-09T16:49:56Z,2026-08-09T18:49:56+0200,eeb12da0-7c50-4259-bd40-a1d833ebd7ef,2026-07-13T15:00:00Z,2026-07-13T17:00:00+0200,1489.141666,MW,DK1,DK_1,forecast_solar_generation,Solar,2026-08-09T16:53:20Z
2026-08-09T16:49:56Z,2026-08-09T18:49:56+0200,eeb12da0-7c50-4259-bd40-a1d833ebd7ef,2026-07-13T15:15:00Z,2026-07-13T17:15:00+0200,1415.306666,MW,DK1,DK_1,forecast_solar_generation,Solar,2026-08-09T16:53:20Z
2026-08-09T16:49:56Z,2026-08-09T18:49:56+0200,eeb12da0-7c50-4259-bd40-a1d833ebd7ef,2026-07-13T15:30:00Z,2026-07-13T17:30:00+0200,1331.123333,MW,DK1,DK_1,forecast_solar_generation,Solar,2026-08-09T16:53:20Z
2026-08-09T16:49:56Z,2026-08-09T18:49:56+0200,eeb12da0-7c50-4259-bd40-a1d833ebd7ef,2026-07-13T15:45:00Z,2026-07-13T17:45:00+0200,1245.466666,MW,DK1,DK_1,forecast_solar_generation,Solar,2026-08-09T16:53:20Z
2026-08-09T16:49:56Z,2026-08-09T18:49:56+0200,eeb12da0-7c50-4259-bd40-a1d833ebd7ef,2026-07-13T16:00:00Z,2026-07-13T18:00:00+0200,1169.655,MW,DK1,DK_1,forecast_solar_generation,Solar,2026-08-09T16:53:20Z
2026-08-09T16:49:56Z,2026-08-09T18:49:56+0200,eeb12da0-7c50-4259-bd40-a1d833ebd7ef,2026-07-13T16:15:00Z,2026-07-13T18:15:00+0200,1071.246666,MW,DK1,DK_1,forecast_solar_generation,Solar,2026-08-09T16:53:20Z
2026-08-09T16:49:56Z,2026-08-09T18:49:56+0200,eeb12da0-7c50-4259-bd40-a1d833ebd7ef,2026-07-13T16:30:00Z,2026-07-13T18:30:00+0200,964.088333,MW,DK1,DK_1,forecast_solar_generation,Solar,2026-08-09T16:53:20Z
2026-08-09T16:49:56Z,2026-08-09T18:49:56+0200,eeb12da0-7c50-4259-bd40-a1d833ebd7ef,2026-07-13T16:45:00Z,2026-07-13T18:45:00+0200,855.286666,MW,DK1,DK_1,forecast_solar_generation,Solar,2026-08-09T16:53:20Z
2026-08-09T16:49:56Z,2026-08-09T18:49:56+0200,eeb12da0-7c50-4259-bd40-a1d833ebd7ef,2026-07-13T17:00:00Z,2026-07-13T19:00:00+0200,746.665,MW,DK1,DK_1,forecast_solar_generation,Solar,2026-08-09T16:53:20Z
2026-08-09T16:49:56Z,2026-08-09T18:49:56+0200,eeb12da0-7c50-4259-bd40-a1d833ebd7ef,2026-07-13T17:15:00Z,2026-07-13T19:15:00+0200,638.953333,MW,DK1,DK_1,forecast_solar_generation,Solar,2026-08-09T16:53:20Z
2026-08-09T16:49:56Z,2026-08-09T18:49:56+0200,eeb12da0-7c50-4259-bd40-a1d833ebd7ef,2026-07-13T17:30:00Z,2026-07-13T19:30:00+0200,534.283333,MW,DK1,DK_1,forecast_solar_generation,Solar,2026-08-09T16:53:20Z
2026-08-09T16:49:56Z,2026-08-09T18:49:56+0200,eeb12da0-7c50-4259-bd40-a1d833ebd7ef,2026-07-13T17:45:00Z,2026-07-13T19:45:00+0200,435.94,MW,DK1,DK_1,forecast_solar_generation,Solar,2026-08-09T16:53:20Z
2026-08-09T16:49:56Z,2026-08-09T18:49:56+0200,eeb12da0-7c50-4259-bd40-a1d833ebd7ef,2026-07-13T18:00:00Z,2026-07-13T20:00:00+0200,344.683333,MW,DK1,DK_1,forecast_solar_generation,Solar,2026-08-09T16:53:20Z
2026-08-09T16:49:56Z,2026-08-09T18:49:56+0200,eeb12da0-7c50-4259-bd40-a1d833ebd7ef,2026-07-13T18:15:00Z,2026-07-13T20:15:00+0200,259.745,MW,DK1,DK_1,forecast_solar_generation,Solar,2026-08-09T16:53:20Z
2026-08-09T16:49:56Z,2026-08-09T18:49:56+0200,eeb12da0-7c50-4259-bd40-a1d833ebd7ef,2026-07-13T18:30:00Z,2026-07-13T20:30:00+0200,183.373333,MW,DK1,DK_1,forecast_solar_generation,Solar,2026-08-09T16:53:20Z
2026-08-09T16:49:56Z,2026-08-09T18:49:56+0200,eeb12da0-7c50-4259-bd40-a1d833ebd7ef,2026-07-13T18:45:00Z,2026-07-13T20:45:00+0200,118.058333,MW,DK1,DK_1,forecast_solar_generation,Solar,2026-08-09T16:53:20Z
2026-08-09T16:49:56Z,2026-08-09T18:49:56+0200,eeb12da0-7c50-4259-bd40-a1d833ebd7ef,2026-07-13T19:00:00Z,2026-07-13T21:00:00+0200,64.633333,MW,DK1,DK_1,forecast_solar_generation,Solar,2026-08-09T16:53:20Z
2026-08-09T16:49:56Z,2026-08-09T18:49:56+0200,eeb12da0-7c50-4259-bd40-a1d833ebd7ef,2026-07-13T19:15:00Z,2026-07-13T21:15:00+0200,25.63,MW,DK1,DK_1,forecast_solar_generation,Solar,2026-08-09T16:53:20Z
2026-08-09T16:49:56Z,2026-08-09T18:49:56+0200,eeb12da0-7c50-4259-bd40-a1d833ebd7ef,2026-07-13T19:30:00Z,2026-07-13T21:30:00+0200,5.823333,MW,DK1,DK_1,forecast_solar_generation,Solar,2026-08-09T16:53:20Z
2026-08-09T16:49:56Z,2026-08-09T18:49:56+0200,eeb12da0-7c50-4259-bd40-a1d833ebd7ef,2026-07-13T19:45:00Z,2026-07-13T21:45:00+0200,0.525,MW,DK1,DK_1,forecast_solar_generation,Solar,2026-08-09T16:53:20Z
2026-08-09T16:49:56Z,2026-08-09T18:49:56+0200,eeb12da0-7c50-4259-bd40-a1d833ebd7ef,2026-07-13T20:00:00Z,2026-07-13T22:00:00+0200,0.006666,MW,DK1,DK_1,forecast_solar_generation,Solar,2026-08-09T16:53:20Z
2026-08-09T16:49:56Z,2026-08-09T18:49:56+0200,eeb12da0-7c50-4259-bd40-a1d833ebd7ef,2026-07-13T20:15:00Z,2026-07-13T22:15:00+0200,0.0,MW,DK1,DK_1,forecast_solar_generation,Solar,2026-08-09T16:53:20Z
2026-08-09T16:49:56Z,2026-08-09T18:49:56+0200,eeb12da0-7c50-4259-bd40-a1d833ebd7ef,2026-07-13T20:30:00Z,2026-07-13T22:30:00+0200,0.0,MW,DK1,DK_1,forecast_solar_generation,Solar,2026-08-09T16:53:20Z
2026-08-09T16:49:56Z,2026-08-09T18:49:56+0200,eeb12da0-7c50-4259-bd40-a1d833ebd7ef,2026-07-13T20:45:00Z,2026-07-13T22:45:00+0200,0.0,MW,DK1,DK_1,forecast_solar_generation,Solar,2026-08-09T16:53:20Z
2026-08-09T16:49:56Z,2026-08-09T18:49:56+0200,eeb12da0-7c50-4259-bd40-a1d833ebd7ef,2026-07-13T21:00:00Z,2026-07-13T23:00:00+0200,0.0,MW,DK1,DK_1,forecast_solar_generation,Solar,2026-08-09T16:53:20Z
2026-08-09T16:49:56Z,2026-08-09T18:49:56+0200,eeb12da0-7c50-4259-bd40-a1d833ebd7ef,2026-07-13T21:15:00Z,2026-07-13T23:15:00+0200,0.0,MW,DK1,DK_1,forecast_solar_generation,Solar,2026-08-09T16:53:20Z
2026-08-09T16:49:56Z,2026-08-09T18:49:56+0200,eeb12da0-7c50-4259-bd40-a1d833ebd7ef,2026-07-13T21:30:00Z,2026-07-13T23:30:00+0200,0.0,MW,DK1,DK_1,forecast_solar_generation,Solar,2026-08-09T16:53:20Z
2026-08-09T16:49:56Z,2026-08-09T18:49:56+0200,eeb12da0-7c50-4259-bd40-a1d833ebd7ef,2026-07-13T21:45:00Z,2026-07-13T23:45:00+0200,0.0,MW,DK1,DK_1,forecast_solar_generation,Solar,2026-08-09T16:53:20Z
2026-08-09T16:49:56Z,2026-08-09T18:49:56+0200,eeb12da0-7c50-4259-bd40-a1d833ebd7ef,2026-07-13T22:00:00Z,2026-07-14T00:00:00+0200,0.0,MW,DK1,DK_1,forecast_solar_generation,Solar,2026-08-09T16:53:20Z
2026-08-09T16:49:56Z,2026-08-09T18:49:56+0200,eeb12da0-7c50-4259-bd40-a1d833ebd7ef,2026-07-13T22:15:00Z,2026-07-14T00:15:00+0200,0.0,MW,DK1,DK_1,forecast_solar_generation,Solar,2026-08-09T16:53:20Z
2026-08-09T16:49:56Z,2026-08-09T18:49:56+0200,eeb12da0-7c50-4259-bd40-a1d833ebd7ef,2026-07-13T22:30:00Z,2026-07-14T00:30:00+0200,0.0,MW,DK1,DK_1,forecast_solar_generation,Solar,2026-08-09T16:53:20Z
2026-08-09T16:49:56Z,2026-08-09T18:49:56+0200,eeb12da0-7c50-4259-bd40-a1d833ebd7ef,2026-07-13T22:45:00Z,2026-07-14T00:45:00+0200,0.0,MW,DK1,DK_1,forecast_solar_generation,Solar,2026-08-09T16:53:20Z
2026-08-09T16:49:56Z,2026-08-09T18:49:56+0200,eeb12da0-7c50-4259-bd40-a1d833ebd7ef,2026-07-13T23:00:00Z,2026-07-14T01:00:00+0200,0.0,MW,DK1,DK_1,forecast_solar_generation,Solar,2026-08-09T16:53:20Z
2026-08-09T16:49:56Z,2026-08-09T18:49:56+0200,eeb12da0-7c50-4259-bd40-a1d833ebd7ef,2026-07-13T23:15:00Z,2026-07-14T01:15:00+0200,0.0,MW,DK1,DK_1,forecast_solar_generation,Solar,2026-08-09T16:53:20Z
2026-08-09T16:49:56Z,2026-08-09T18:49:56+0200,eeb12da0-7c50-4259-bd40-a1d833ebd7ef,2026-07-13T23:30:00Z,2026-07-14T01:30:00+0200,0.0,MW,DK1,DK_1,forecast_solar_generation,Solar,2026-08-09T16:53:20Z
2026-08-09T16:49:56Z,2026-08-09T18:49:56+0200,eeb12da0-7c50-4259-bd40-a1d833ebd7ef,2026-07-13T23:45:00Z,2026-07-14T01:45:00+0200,0.0,MW,DK1,DK_1,forecast_solar_generation,Solar,2026-08-09T16:53:20Z
2026-08-09T16:49:56Z,2026-08-09T18:49:56+0200,eeb12da0-7c50-4259-bd40-a1d833ebd7ef,2026-07-14T00:00:00Z,2026-07-14T02:00:00+0200,0.0,MW,DK1,DK_1,forecast_solar_generation,Solar,2026-08-09T16:53:20Z
2026-08-09T16:49:56Z,2026-08-09T18:49:56+0200,eeb12da0-7c50-4259-bd40-a1d833ebd7ef,2026-07-14T00:15:00Z,2026-07-14T02:15:00+0200,0.0,MW,DK1,DK_1,forecast_solar_generation,Solar,2026-08-09T16:53:20Z
2026-08-09T16:49:56Z,2026-08-09T18:49:56+0200,eeb12da0-7c50-4259-bd40-a1d833ebd7ef,2026-07-14T00:30:00Z,2026-07-14T02:30:00+0200,0.0,MW,DK1,DK_1,forecast_solar_generation,Solar,2026-08-09T16:53:20Z
2026-08-09T16:49:56Z,2026-08-09T18:49:56+0200,eeb12da0-7c50-4259-bd40-a1d833ebd7ef,2026-07-14T00:45:00Z,2026-07-14T02:45:00+0200,0.0,MW,DK1,DK_1,forecast_solar_generation,Solar,2026-08-09T16:53:20Z
2026-08-09T16:49:56Z,2026-08-09T18:49:56+0200,eeb12da0-7c50-4259-bd40-a1d833ebd7ef,2026-07-14T01:00:00Z,2026-07-14T03:00:00+0200,0.0,MW,DK1,DK_1,forecast_solar_generation,Solar,2026-08-09T16:53:20Z
2026-08-09T16:49:56Z,2026-08-09T18:49:56+0200,eeb12da0-7c50-4259-bd40-a1d833ebd7ef,2026-07-14T01:15:00Z,2026-07-14T03:15:00+0200,0.0,MW,DK1,DK_1,forecast_solar_generation,Solar,2026-08-09T16:53:20Z
2026-08-09T16:49:56Z,2026-08-09T18:49:56+0200,eeb12da0-7c50-4259-bd40-a1d833ebd7ef,2026-07-14T01:30:00Z,2026-07-14T03:30:00+0200,0.0,MW,DK1,DK_1,forecast_solar_generation,Solar,2026-08-09T16:53:20Z
2026-08-09T16:49:56Z,2026-08-09T18:49:56+0200,eeb12da0-7c50-4259-bd40-a1d833ebd7ef,2026-07-14T01:45:00Z,2026-07-14T03:45:00+0200,0.0,MW,DK1,DK_1,forecast_solar_generation,Solar,2026-08-09T16:53:20Z
2026-08-09T16:49:56Z,2026-08-09T18:49:56+0200,eeb12da0-7c50-4259-bd40-a1d833ebd7ef,2026-07-14T02:00:00Z,2026-07-14T04:00:00+0200,0.0,MW,DK1,DK_1,forecast_solar_generation,Solar,2026-08-09T16:53:20Z
2026-08-09T16:49:56Z,2026-08-09T18:49:56+0200,eeb12da0-7c50-4259-bd40-a1d833ebd7ef,2026-07-14T02:15:00Z,2026-07-14T04:15:00+0200,0.0,MW,DK1,DK_1,forecast_solar_generation,Solar,2026-08-09T16:53:20Z
2026-08-09T16:49:56Z,2026-08-09T18:49:56+0200,eeb12da0-7c50-4259-bd40-a1d833ebd7ef,2026-07-14T02:30:00Z,2026-07-14T04:30:00+0200,0.0,MW,DK1,DK_1,forecast_solar_generation,Solar,2026-08-09T16:53:20Z
2026-08-09T16:49:56Z,2026-08-09T18:49:56+0200,eeb12da0-7c50-4259-bd40-a1d833ebd7ef,2026-07-14T02:45:00Z,2026-07-14T04:45:00+0200,0.038333,MW,DK1,DK_1,forecast_solar_generation,Solar,2026-08-09T16:53:20Z
2026-08-09T16:49:56Z,2026-08-09T18:49:56+0200,eeb12da0-7c50-4259-bd40-a1d833ebd7ef,2026-07-14T03:00:00Z,2026-07-14T05:00:00+0200,0.898333,MW,DK1,DK_1,forecast_solar_generation,Solar,2026-08-09T16:53:20Z
2026-08-09T16:49:56Z,2026-08-09T18:49:56+0200,eeb12da0-7c50-4259-bd40-a1d833ebd7ef,2026-07-14T03:15:00Z,2026-07-14T05:15:00+0200,8.471666,MW,DK1,DK_1,forecast_solar_generation,Solar,2026-08-09T16:53:20Z
2026-08-09T16:49:56Z,2026-08-09T18:49:56+0200,eeb12da0-7c50-4259-bd40-a1d833ebd7ef,2026-07-14T03:30:00Z,2026-07-14T05:30:00+0200,33.721666,MW,DK1,DK_1,forecast_solar_generation,Solar,2026-08-09T16:53:20Z
2026-08-09T16:49:56Z,2026-08-09T18:49:56+0200,eeb12da0-7c50-4259-bd40-a1d833ebd7ef,2026-07-14T03:45:00Z,2026-07-14T05:45:00+0200,78.398333,MW,DK1,DK_1,forecast_solar_generation,Solar,2026-08-09T16:53:20Z
2026-08-09T16:49:56Z,2026-08-09T18:49:56+0200,eeb12da0-7c50-4259-bd40-a1d833ebd7ef,2026-07-14T04:00:00Z,2026-07-14T06:00:00+0200,137.571666,MW,DK1,DK_1,forecast_solar_generation,Solar,2026-08-09T16:53:20Z
2026-08-09T16:49:56Z,2026-08-09T18:49:56+0200,eeb12da0-7c50-4259-bd40-a1d833ebd7ef,2026-07-14T04:15:00Z,2026-07-14T06:15:00+0200,209.573333,MW,DK1,DK_1,forecast_solar_generation,Solar,2026-08-09T16:53:20Z
2026-08-09T16:49:56Z,2026-08-09T18:49:56+0200,eeb12da0-7c50-4259-bd40-a1d833ebd7ef,2026-07-14T04:30:00Z,2026-07-14T06:30:00+0200,294.585,MW,DK1,DK_1,forecast_solar_generation,Solar,2026-08-09T16:53:20Z
2026-08-09T16:49:56Z,2026-08-09T18:49:56+0200,eeb12da0-7c50-4259-bd40-a1d833ebd7ef,2026-07-14T04:45:00Z,2026-07-14T06:45:00+0200,393.09,MW,DK1,DK_1,forecast_solar_generation,Solar,2026-08-09T16:53:20Z
2026-08-09T16:49:56Z,2026-08-09T18:49:56+0200,eeb12da0-7c50-4259-bd40-a1d833ebd7ef,2026-07-14T05:00:00Z,2026-07-14T07:00:00+0200,505.106666,MW,DK1,DK_1,forecast_solar_generation,Solar,2026-08-09T16:53:20Z
2026-08-09T16:49:56Z,2026-08-09T18:49:56+0200,eeb12da0-7c50-4259-bd40-a1d833ebd7ef,2026-07-14T05:15:00Z,2026-07-14T07:15:00+0200,626.851666,MW,DK1,DK_1,forecast_solar_generation,Solar,2026-08-09T16:53:20Z
2026-08-09T16:49:56Z,2026-08-09T18:49:56+0200,eeb12da0-7c50-4259-bd40-a1d833ebd7ef,2026-07-14T05:30:00Z,2026-07-14T07:30:00+0200,755.581666,MW,DK1,DK_1,forecast_solar_generation,Solar,2026-08-09T16:53:20Z
2026-08-09T16:49:56Z,2026-08-09T18:49:56+0200,eeb12da0-7c50-4259-bd40-a1d833ebd7ef,2026-07-14T05:45:00Z,2026-07-14T07:45:00+0200,889.823333,MW,DK1,DK_1,forecast_solar_generation,Solar,2026-08-09T16:53:20Z
2026-08-09T16:49:56Z,2026-08-09T18:49:56+0200,eeb12da0-7c50-4259-bd40-a1d833ebd7ef,2026-07-14T06:00:00Z,2026-07-14T08:00:00+0200,1027.721666,MW,DK1,DK_1,forecast_solar_generation,Solar,2026-08-09T16:53:20Z
2026-08-09T16:49:56Z,2026-08-09T18:49:56+0200,eeb12da0-7c50-4259-bd40-a1d833ebd7ef,2026-07-14T06:15:00Z,2026-07-14T08:15:00+0200,1167.236666,MW,DK1,DK_1,forecast_solar_generation,Solar,2026-08-09T16:53:20Z
2026-08-09T16:49:56Z,2026-08-09T18:49:56+0200,eeb12da0-7c50-4259-bd40-a1d833ebd7ef,2026-07-14T06:30:00Z,2026-07-14T08:30:00+0200,1306.35,MW,DK1,DK_1,forecast_solar_generation,Solar,2026-08-09T16:53:20Z
2026-08-09T16:49:56Z,2026-08-09T18:49:56+0200,eeb12da0-7c50-4259-bd40-a1d833ebd7ef,2026-07-14T06:45:00Z,2026-07-14T08:45:00+0200,1442.861666,MW,DK1,DK_1,forecast_solar_generation,Solar,2026-08-09T16:53:20Z
2026-08-09T16:49:56Z,2026-08-09T18:49:56+0200,eeb12da0-7c50-4259-bd40-a1d833ebd7ef,2026-07-14T07:00:00Z,2026-07-14T09:00:00+0200,1575.625,MW,DK1,DK_1,forecast_solar_generation,Solar,2026-08-09T16:53:20Z
2026-08-09T16:49:56Z,2026-08-09T18:49:56+0200,eeb12da0-7c50-4259-bd40-a1d833ebd7ef,2026-07-14T07:15:00Z,2026-07-14T09:15:00+0200,1704.195,MW,DK1,DK_1,forecast_solar_generation,Solar,2026-08-09T16:53:20Z
2026-08-09T16:49:56Z,2026-08-09T18:49:56+0200,eeb12da0-7c50-4259-bd40-a1d833ebd7ef,2026-07-14T07:30:00Z,2026-07-14T09:30:00+0200,1826.811666,MW,DK1,DK_1,forecast_solar_generation,Solar,2026-08-09T16:53:20Z
2026-08-09T16:49:56Z,2026-08-09T18:49:56+0200,eeb12da0-7c50-4259-bd40-a1d833ebd7ef,2026-07-14T07:45:00Z,2026-07-14T09:45:00+0200,1937.023333,MW,DK1,DK_1,forecast_solar_generation,Solar,2026-08-09T16:53:20Z
2026-08-09T16:49:56Z,2026-08-09T18:49:56+0200,eeb12da0-7c50-4259-bd40-a1d833ebd7ef,2026-07-14T08:00:00Z,2026-07-14T10:00:00+0200,2032.846666,MW,DK1,DK_1,forecast_solar_generation,Solar,2026-08-09T16:53:20Z
2026-08-09T16:49:56Z,2026-08-09T18:49:56+0200,eeb12da0-7c50-4259-bd40-a1d833ebd7ef,2026-07-14T08:15:00Z,2026-07-14T10:15:00+0200,2113.498333,MW,DK1,DK_1,forecast_solar_generation,Solar,2026-08-09T16:53:20Z
2026-08-09T16:49:56Z,2026-08-09T18:49:56+0200,eeb12da0-7c50-4259-bd40-a1d833ebd7ef,2026-07-14T08:30:00Z,2026-07-14T10:30:00+0200,2179.183333,MW,DK1,DK_1,forecast_solar_generation,Solar,2026-08-09T16:53:20Z
2026-08-09T16:49:56Z,2026-08-09T18:49:56+0200,eeb12da0-7c50-4259-bd40-a1d833ebd7ef,2026-07-14T08:45:00Z,2026-07-14T10:45:00+0200,2229.878333,MW,DK1,DK_1,forecast_solar_generation,Solar,2026-08-09T16:53:20Z
2026-08-09T16:49:56Z,2026-08-09T18:49:56+0200,eeb12da0-7c50-4259-bd40-a1d833ebd7ef,2026-07-14T09:00:00Z,2026-07-14T11:00:00+0200,2265.381666,MW,DK1,DK_1,forecast_solar_generation,Solar,2026-08-09T16:53:20Z
2026-08-09T16:49:56Z,2026-08-09T18:49:56+0200,eeb12da0-7c50-4259-bd40-a1d833ebd7ef,2026-07-14T09:15:00Z,2026-07-14T11:15:00+0200,2289.964999,MW,DK1,DK_1,forecast_solar_generation,Solar,2026-08-09T16:53:20Z
2026-08-09T16:49:56Z,2026-08-09T18:49:56+0200,eeb12da0-7c50-4259-bd40-a1d833ebd7ef,2026-07-14T09:30:00Z,2026-07-14T11:30:00+0200,2308.271666,MW,DK1,DK_1,forecast_solar_generation,Solar,2026-08-09T16:53:20Z
2026-08-09T16:49:56Z,2026-08-09T18:49:56+0200,eeb12da0-7c50-4259-bd40-a1d833ebd7ef,2026-07-14T09:45:00Z,2026-07-14T11:45:00+0200,2322.223333,MW,DK1,DK_1,forecast_solar_generation,Solar,2026-08-09T16:53:20Z
2026-08-09T16:49:56Z,2026-08-09T18:49:56+0200,eeb12da0-7c50-4259-bd40-a1d833ebd7ef,2026-07-14T10:00:00Z,2026-07-14T12:00:00+0200,2334.035,MW,DK1,DK_1,forecast_solar_generation,Solar,2026-08-09T16:53:20Z
2026-08-09T16:49:56Z,2026-08-09T18:49:56+0200,eeb12da0-7c50-4259-bd40-a1d833ebd7ef,2026-07-14T10:15:00Z,2026-07-14T12:15:00+0200,2345.166666,MW,DK1,DK_1,forecast_solar_generation,Solar,2026-08-09T16:53:20Z
2026-08-09T16:49:56Z,2026-08-09T18:49:56+0200,eeb12da0-7c50-4259-bd40-a1d833ebd7ef,2026-07-14T10:30:00Z,2026-07-14T12:30:00+0200,2354.976666,MW,DK1,DK_1,forecast_solar_generation,Solar,2026-08-09T16:53:20Z
2026-08-09T16:49:56Z,2026-08-09T18:49:56+0200,eeb12da0-7c50-4259-bd40-a1d833ebd7ef,2026-07-14T10:45:00Z,2026-07-14T12:45:00+0200,2359.23,MW,DK1,DK_1,forecast_solar_generation,Solar,2026-08-09T16:53:20Z
2026-08-09T16:49:56Z,2026-08-09T18:49:56+0200,eeb12da0-7c50-4259-bd40-a1d833ebd7ef,2026-07-14T11:00:00Z,2026-07-14T13:00:00+0200,2357.401666,MW,DK1,DK_1,forecast_solar_generation,Solar,2026-08-09T16:53:20Z
2026-08-09T16:49:56Z,2026-08-09T18:49:56+0200,eeb12da0-7c50-4259-bd40-a1d833ebd7ef,2026-07-14T11:15:00Z,2026-07-14T13:15:00+0200,2350.918333,MW,DK1,DK_1,forecast_solar_generation,Solar,2026-08-09T16:53:20Z
2026-08-09T16:49:56Z,2026-08-09T18:49:56+0200,eeb12da0-7c50-4259-bd40-a1d833ebd7ef,2026-07-14T11:30:00Z,2026-07-14T13:30:00+0200,2341.936666,MW,DK1,DK_1,forecast_solar_generation,Solar,2026-08-09T16:53:20Z
2026-08-09T16:49:56Z,2026-08-09T18:49:56+0200,eeb12da0-7c50-4259-bd40-a1d833ebd7ef,2026-07-14T11:45:00Z,2026-07-14T13:45:00+0200,2328.293333,MW,DK1,DK_1,forecast_solar_generation,Solar,2026-08-09T16:53:20Z
2026-08-09T16:49:56Z,2026-08-09T18:49:56+0200,eeb12da0-7c50-4259-bd40-a1d833ebd7ef,2026-07-14T12:00:00Z,2026-07-14T14:00:00+0200,2308.94,MW,DK1,DK_1,forecast_solar_generation,Solar,2026-08-09T16:53:20Z
2026-08-09T16:49:56Z,2026-08-09T18:49:56+0200,eeb12da0-7c50-4259-bd40-a1d833ebd7ef,2026-07-14T12:15:00Z,2026-07-14T14:15:00+0200,2285.11,MW,DK1,DK_1,forecast_solar_generation,Solar,2026-08-09T16:53:20Z
2026-08-09T16:49:56Z,2026-08-09T18:49:56+0200,eeb12da0-7c50-4259-bd40-a1d833ebd7ef,2026-07-14T12:30:00Z,2026-07-14T14:30:00+0200,2258.94,MW,DK1,DK_1,forecast_solar_generation,Solar,2026-08-09T16:53:20Z
2026-08-09T16:49:56Z,2026-08-09T18:49:56+0200,eeb12da0-7c50-4259-bd40-a1d833ebd7ef,2026-07-14T12:45:00Z,2026-07-14T14:45:00+0200,2232.963333,MW,DK1,DK_1,forecast_solar_generation,Solar,2026-08-09T16:53:20Z
2026-08-09T16:49:56Z,2026-08-09T18:49:56+0200,eeb12da0-7c50-4259-bd40-a1d833ebd7ef,2026-07-14T13:00:00Z,2026-07-14T15:00:00+0200,2206.921666,MW,DK1,DK_1,forecast_solar_generation,Solar,2026-08-09T16:53:20Z
2026-08-09T16:49:56Z,2026-08-09T18:49:56+0200,eeb12da0-7c50-4259-bd40-a1d833ebd7ef,2026-07-14T13:15:00Z,2026-07-14T15:15:00+0200,2178.215,MW,DK1,DK_1,forecast_solar_generation,Solar,2026-08-09T16:53:20Z
2026-08-09T16:49:56Z,2026-08-09T18:49:56+0200,eeb12da0-7c50-4259-bd40-a1d833ebd7ef,2026-07-14T13:30:00Z,2026-07-14T15:30:00+0200,2144.535,MW,DK1,DK_1,forecast_solar_generation,Solar,2026-08-09T16:53:20Z
2026-08-09T16:49:56Z,2026-08-09T18:49:56+0200,eeb12da0-7c50-4259-bd40-a1d833ebd7ef,2026-07-14T13:45:00Z,2026-07-14T15:45:00+0200,2104.29,MW,DK1,DK_1,forecast_solar_generation,Solar,2026-08-09T16:53:20Z
2026-08-09T16:49:56Z,2026-08-09T18:49:56+0200,eeb12da0-7c50-4259-bd40-a1d833ebd7ef,2026-07-14T14:00:00Z,2026-07-14T16:00:00+0200,2051.013333,MW,DK1,DK_1,forecast_solar_generation,Solar,2026-08-09T16:53:20Z
2026-08-09T16:49:56Z,2026-08-09T18:49:56+0200,eeb12da0-7c50-4259-bd40-a1d833ebd7ef,2026-07-14T14:15:00Z,2026-07-14T16:15:00+0200,1986.743333,MW,DK1,DK_1,forecast_solar_generation,Solar,2026-08-09T16:53:20Z
2026-08-09T16:49:56Z,2026-08-09T18:49:56+0200,eeb12da0-7c50-4259-bd40-a1d833ebd7ef,2026-07-14T14:30:00Z,2026-07-14T16:30:00+0200,1911.38,MW,DK1,DK_1,forecast_solar_generation,Solar,2026-08-09T16:53:20Z
2026-08-09T16:49:56Z,2026-08-09T18:49:56+0200,eeb12da0-7c50-4259-bd40-a1d833ebd7ef,2026-07-14T14:45:00Z,2026-07-14T16:45:00+0200,1823.013333,MW,DK1,DK_1,forecast_solar_generation,Solar,2026-08-09T16:53:20Z
2026-08-09T16:49:56Z,2026-08-09T18:49:56+0200,eeb12da0-7c50-4259-bd40-a1d833ebd7ef,2026-07-14T15:00:00Z,2026-07-14T17:00:00+0200,1723.688333,MW,DK1,DK_1,forecast_solar_generation,Solar,2026-08-09T16:53:20Z
2026-08-09T16:49:56Z,2026-08-09T18:49:56+0200,eeb12da0-7c50-4259-bd40-a1d833ebd7ef,2026-07-14T15:15:00Z,2026-07-14T17:15:00+0200,1615.611666,MW,DK1,DK_1,forecast_solar_generation,Solar,2026-08-09T16:53:20Z
2026-08-09T16:49:56Z,2026-08-09T18:49:56+0200,eeb12da0-7c50-4259-bd40-a1d833ebd7ef,2026-07-14T15:30:00Z,2026-07-14T17:30:00+0200,1501.246666,MW,DK1,DK_1,forecast_solar_generation,Solar,2026-08-09T16:53:20Z
2026-08-09T16:49:56Z,2026-08-09T18:49:56+0200,eeb12da0-7c50-4259-bd40-a1d833ebd7ef,2026-07-14T15:45:00Z,2026-07-14T17:45:00+0200,1382.575,MW,DK1,DK_1,forecast_solar_generation,Solar,2026-08-09T16:53:20Z
2026-08-09T16:49:56Z,2026-08-09T18:49:56+0200,eeb12da0-7c50-4259-bd40-a1d833ebd7ef,2026-07-14T16:00:00Z,2026-07-14T18:00:00+0200,1271.371666,MW,DK1,DK_1,forecast_solar_generation,Solar,2026-08-09T16:53:20Z
2026-08-09T16:49:56Z,2026-08-09T18:49:56+0200,eeb12da0-7c50-4259-bd40-a1d833ebd7ef,2026-07-14T16:15:00Z,2026-07-14T18:15:00+0200,1146.386666,MW,DK1,DK_1,forecast_solar_generation,Solar,2026-08-09T16:53:20Z
2026-08-09T16:49:56Z,2026-08-09T18:49:56+0200,eeb12da0-7c50-4259-bd40-a1d833ebd7ef,2026-07-14T16:30:00Z,2026-07-14T18:30:00+0200,1021.736666,MW,DK1,DK_1,forecast_solar_generation,Solar,2026-08-09T16:53:20Z
2026-08-09T16:49:56Z,2026-08-09T18:49:56+0200,eeb12da0-7c50-4259-bd40-a1d833ebd7ef,2026-07-14T16:45:00Z,2026-07-14T18:45:00+0200,903.086666,MW,DK1,DK_1,forecast_solar_generation,Solar,2026-08-09T16:53:20Z
2026-08-09T16:49:56Z,2026-08-09T18:49:56+0200,eeb12da0-7c50-4259-bd40-a1d833ebd7ef,2026-07-14T17:00:00Z,2026-07-14T19:00:00+0200,787.616666,MW,DK1,DK_1,forecast_solar_generation,Solar,2026-08-09T16:53:20Z
2026-08-09T16:49:56Z,2026-08-09T18:49:56+0200,eeb12da0-7c50-4259-bd40-a1d833ebd7ef,2026-07-14T17:15:00Z,2026-07-14T19:15:00+0200,672.538333,MW,DK1,DK_1,forecast_solar_generation,Solar,2026-08-09T16:53:20Z
2026-08-09T16:49:56Z,2026-08-09T18:49:56+0200,eeb12da0-7c50-4259-bd40-a1d833ebd7ef,2026-07-14T17:30:00Z,2026-07-14T19:30:00+0200,558.9,MW,DK1,DK_1,forecast_solar_generation,Solar,2026-08-09T16:53:20Z
2026-08-09T16:49:56Z,2026-08-09T18:49:56+0200,eeb12da0-7c50-4259-bd40-a1d833ebd7ef,2026-07-14T17:45:00Z,2026-07-14T19:45:00+0200,452.68,MW,DK1,DK_1,forecast_solar_generation,Solar,2026-08-09T16:53:20Z
2026-08-09T16:49:56Z,2026-08-09T18:49:56+0200,eeb12da0-7c50-4259-bd40-a1d833ebd7ef,2026-07-14T18:00:00Z,2026-07-14T20:00:00+0200,355.465,MW,DK1,DK_1,forecast_solar_generation,Solar,2026-08-09T16:53:20Z
2026-08-09T16:49:56Z,2026-08-09T18:49:56+0200,eeb12da0-7c50-4259-bd40-a1d833ebd7ef,2026-07-14T18:15:00Z,2026-07-14T20:15:00+0200,265.903333,MW,DK1,DK_1,forecast_solar_generation,Solar,2026-08-09T16:53:20Z
2026-08-09T16:49:56Z,2026-08-09T18:49:56+0200,eeb12da0-7c50-4259-bd40-a1d833ebd7ef,2026-07-14T18:30:00Z,2026-07-14T20:30:00+0200,186.236666,MW,DK1,DK_1,forecast_solar_generation,Solar,2026-08-09T16:53:20Z
2026-08-09T16:49:56Z,2026-08-09T18:49:56+0200,eeb12da0-7c50-4259-bd40-a1d833ebd7ef,2026-07-14T18:45:00Z,2026-07-14T20:45:00+0200,118.975,MW,DK1,DK_1,forecast_solar_generation,Solar,2026-08-09T16:53:20Z
2026-08-09T16:49:56Z,2026-08-09T18:49:56+0200,eeb12da0-7c50-4259-bd40-a1d833ebd7ef,2026-07-14T19:00:00Z,2026-07-14T21:00:00+0200,64.218333,MW,DK1,DK_1,forecast_solar_generation,Solar,2026-08-09T16:53:20Z
2026-08-09T16:49:56Z,2026-08-09T18:49:56+0200,eeb12da0-7c50-4259-bd40-a1d833ebd7ef,2026-07-14T19:15:00Z,2026-07-14T21:15:00+0200,24.471666,MW,DK1,DK_1,forecast_solar_generation,Solar,2026-08-09T16:53:20Z
2026-08-09T16:49:56Z,2026-08-09T18:49:56+0200,eeb12da0-7c50-4259-bd40-a1d833ebd7ef,2026-07-14T19:30:00Z,2026-07-14T21:30:00+0200,5.156666,MW,DK1,DK_1,forecast_solar_generation,Solar,2026-08-09T16:53:20Z
2026-08-09T16:49:56Z,2026-08-09T18:49:56+0200,eeb12da0-7c50-4259-bd40-a1d833ebd7ef,2026-07-14T19:45:00Z,2026-07-14T21:45:00+0200,0.398333,MW,DK1,DK_1,forecast_solar_generation,Solar,2026-08-09T16:53:20Z
2026-08-09T16:49:56Z,2026-08-09T18:49:56+0200,eeb12da0-7c50-4259-bd40-a1d833ebd7ef,2026-07-14T20:00:00Z,2026-07-14T22:00:00+0200,0.005,MW,DK1,DK_1,forecast_solar_generation,Solar,2026-08-09T16:53:20Z
2026-08-09T16:49:56Z,2026-08-09T18:49:56+0200,eeb12da0-7c50-4259-bd40-a1d833ebd7ef,2026-07-14T20:15:00Z,2026-07-14T22:15:00+0200,0.0,MW,DK1,DK_1,forecast_solar_generation,Solar,2026-08-09T16:53:20Z
2026-08-09T16:49:56Z,2026-08-09T18:49:56+0200,eeb12da0-7c50-4259-bd40-a1d833ebd7ef,2026-07-14T20:30:00Z,2026-07-14T22:30:00+0200,0.0,MW,DK1,DK_1,forecast_solar_generation,Solar,2026-08-09T16:53:20Z
2026-08-09T16:49:56Z,2026-08-09T18:49:56+0200,eeb12da0-7c50-4259-bd40-a1d833ebd7ef,2026-07-14T20:45:00Z,2026-07-14T22:45:00+0200,0.0,MW,DK1,DK_1,forecast_solar_generation,Solar,2026-08-09T16:53:20Z
2026-08-09T16:49:56Z,2026-08-09T18:49:56+0200,eeb12da0-7c50-4259-bd40-a1d833ebd7ef,2026-07-14T21:00:00Z,2026-07-14T23:00:00+0200,0.0,MW,DK1,DK_1,forecast_solar_generation,Solar,2026-08-09T16:53:20Z
2026-08-09T16:49:56Z,2026-08-09T18:49:56+0200,eeb12da0-7c50-4259-bd40-a1d833ebd7ef,2026-07-14T21:15:00Z,2026-07-14T23:15:00+0200,0.0,MW,DK1,DK_1,forecast_solar_generation,Solar,2026-08-09T16:53:20Z
2026-08-09T16:49:56Z,2026-08-09T18:49:56+0200,eeb12da0-7c50-4259-bd40-a1d833ebd7ef,2026-07-14T21:30:00Z,2026-07-14T23:30:00+0200,0.0,MW,DK1,DK_1,forecast_solar_generation,Solar,2026-08-09T16:53:20Z
2026-08-09T16:49:56Z,2026-08-09T18:49:56+0200,eeb12da0-7c50-4259-bd40-a1d833ebd7ef,2026-07-14T21:45:00Z,2026-07-14T23:45:00+0200,0.0,MW,DK1,DK_1,forecast_solar_generation,Solar,2026-08-09T16:53:20Z
2026-08-09T16:49:56Z,2026-08-09T18:49:56+0200,eeb12da0-7c50-4259-bd40-a1d833ebd7ef,2026-07-14T22:00:00Z,2026-07-15T00:00:00+0200,0.0,MW,DK1,DK_1,forecast_solar_generation,Solar,2026-08-09T16:53:20Z
2026-08-09T16:49:56Z,2026-08-09T18:49:56+0200,eeb12da0-7c50-4259-bd40-a1d833ebd7ef,2026-07-14T22:15:00Z,2026-07-15T00:15:00+0200,0.0,MW,DK1,DK_1,forecast_solar_generation,Solar,2026-08-09T16:53:20Z
2026-08-09T16:49:56Z,2026-08-09T18:49:56+0200,eeb12da0-7c50-4259-bd40-a1d833ebd7ef,2026-07-14T22:30:00Z,2026-07-15T00:30:00+0200,0.0,MW,DK1,DK_1,forecast_solar_generation,Solar,2026-08-09T16:53:20Z
2026-08-09T16:49:56Z,2026-08-09T18:49:56+0200,eeb12da0-7c50-4259-bd40-a1d833ebd7ef,2026-07-14T22:45:00Z,2026-07-15T00:45:00+0200,0.0,MW,DK1,DK_1,forecast_solar_generation,Solar,2026-08-09T16:53:20Z
2026-08-09T16:49:56Z,2026-08-09T18:49:56+0200,eeb12da0-7c50-4259-bd40-a1d833ebd7ef,2026-07-14T23:00:00Z,2026-07-15T01:00:00+0200,0.0,MW,DK1,DK_1,forecast_solar_generation,Solar,2026-08-09T16:53:20Z
2026-08-09T16:49:56Z,2026-08-09T18:49:56+0200,eeb12da0-7c50-4259-bd40-a1d833ebd7ef,2026-07-14T23:15:00Z,2026-07-15T01:15:00+0200,0.0,MW,DK1,DK_1,forecast_solar_generation,Solar,2026-08-09T16:53:20Z
2026-08-09T16:49:56Z,2026-08-09T18:49:56+0200,eeb12da0-7c50-4259-bd40-a1d833ebd7ef,2026-07-14T23:30:00Z,2026-07-15T01:30:00+0200,0.0,MW,DK1,DK_1,forecast_solar_generation,Solar,2026-08-09T16:53:20Z
2026-08-09T16:49:56Z,2026-08-09T18:49:56+0200,eeb12da0-7c50-4259-bd40-a1d833ebd7ef,2026-07-14T23:45:00Z,2026-07-15T01:45:00+0200,0.0,MW,DK1,DK_1,forecast_solar_generation,Solar,2026-08-09T16:53:20Z
2026-08-09T16:49:56Z,2026-08-09T18:49:56+0200,eeb12da0-7c50-4259-bd40-a1d833ebd7ef,2026-07-15T00:00:00Z,2026-07-15T02:00:00+0200,0.0,MW,DK1,DK_1,forecast_solar_generation,Solar,2026-08-09T16:53:20Z
2026-08-09T16:49:56Z,2026-08-09T18:49:56+0200,eeb12da0-7c50-4259-bd40-a1d833ebd7ef,2026-07-15T00:15:00Z,2026-07-15T02:15:00+0200,0.0,MW,DK1,DK_1,forecast_solar_generation,Solar,2026-08-09T16:53:20Z
2026-08-09T16:49:56Z,2026-08-09T18:49:56+0200,eeb12da0-7c50-4259-bd40-a1d833ebd7ef,2026-07-15T00:30:00Z,2026-07-15T02:30:00+0200,0.0,MW,DK1,DK_1,forecast_solar_generation,Solar,2026-08-09T16:53:20Z
2026-08-09T16:49:56Z,2026-08-09T18:49:56+0200,eeb12da0-7c50-4259-bd40-a1d833ebd7ef,2026-07-15T00:45:00Z,2026-07-15T02:45:00+0200,0.0,MW,DK1,DK_1,forecast_solar_generation,Solar,2026-08-09T16:53:20Z
2026-08-09T16:49:56Z,2026-08-09T18:49:56+0200,eeb12da0-7c50-4259-bd40-a1d833ebd7ef,2026-07-15T01:00:00Z,2026-07-15T03:00:00+0200,0.0,MW,DK1,DK_1,forecast_solar_generation,Solar,2026-08-09T16:53:20Z
2026-08-09T16:49:56Z,2026-08-09T18:49:56+0200,eeb12da0-7c50-4259-bd40-a1d833ebd7ef,2026-07-15T01:15:00Z,2026-07-15T03:15:00+0200,0.0,MW,DK1,DK_1,forecast_solar_generation,Solar,2026-08-09T16:53:20Z
2026-08-09T16:49:56Z,2026-08-09T18:49:56+0200,eeb12da0-7c50-4259-bd40-a1d833ebd7ef,2026-07-15T01:30:00Z,2026-07-15T03:30:00+0200,0.0,MW,DK1,DK_1,forecast_solar_generation,Solar,2026-08-09T16:53:20Z
2026-08-09T16:49:56Z,2026-08-09T18:49:56+0200,eeb12da0-7c50-4259-bd40-a1d833ebd7ef,2026-07-15T01:45:00Z,2026-07-15T03:45:00+0200,0.0,MW,DK1,DK_1,forecast_solar_generation,Solar,2026-08-09T16:53:20Z
2026-08-09T16:49:56Z,2026-08-09T18:49:56+0200,eeb12da0-7c50-4259-bd40-a1d833ebd7ef,2026-07-15T02:00:00Z,2026-07-15T04:00:00+0200,0.0,MW,DK1,DK_1,forecast_solar_generation,Solar,2026-08-09T16:53:20Z
2026-08-09T16:49:56Z,2026-08-09T18:49:56+0200,eeb12da0-7c50-4259-bd40-a1d833ebd7ef,2026-07-15T02:15:00Z,2026-07-15T04:15:00+0200,0.0,MW,DK1,DK_1,forecast_solar_generation,Solar,2026-08-09T16:53:20Z
2026-08-09T16:49:56Z,2026-08-09T18:49:56+0200,eeb12da0-7c50-4259-bd40-a1d833ebd7ef,2026-07-15T02:30:00Z,2026-07-15T04:30:00+0200,0.0,MW,DK1,DK_1,forecast_solar_generation,Solar,2026-08-09T16:53:20Z
2026-08-09T16:49:56Z,2026-08-09T18:49:56+0200,eeb12da0-7c50-4259-bd40-a1d833ebd7ef,2026-07-15T02:45:00Z,2026-07-15T04:45:00+0200,0.021666,MW,DK1,DK_1,forecast_solar_generation,Solar,2026-08-09T16:53:20Z
2026-08-09T16:49:56Z,2026-08-09T18:49:56+0200,eeb12da0-7c50-4259-bd40-a1d833ebd7ef,2026-07-15T03:00:00Z,2026-07-15T05:00:00+0200,0.716666,MW,DK1,DK_1,forecast_solar_generation,Solar,2026-08-09T16:53:20Z
2026-08-09T16:49:56Z,2026-08-09T18:49:56+0200,eeb12da0-7c50-4259-bd40-a1d833ebd7ef,2026-07-15T03:15:00Z,2026-07-15T05:15:00+0200,7.614999,MW,DK1,DK_1,forecast_solar_generation,Solar,2026-08-09T16:53:20Z
2026-08-09T16:49:56Z,2026-08-09T18:49:56+0200,eeb12da0-7c50-4259-bd40-a1d833ebd7ef,2026-07-15T03:30:00Z,2026-07-15T05:30:00+0200,31.598333,MW,DK1,DK_1,forecast_solar_generation,Solar,2026-08-09T16:53:20Z
2026-08-09T16:49:56Z,2026-08-09T18:49:56+0200,eeb12da0-7c50-4259-bd40-a1d833ebd7ef,2026-07-15T03:45:00Z,2026-07-15T05:45:00+0200,75.088333,MW,DK1,DK_1,forecast_solar_generation,Solar,2026-08-09T16:53:20Z
2026-08-09T16:49:56Z,2026-08-09T18:49:56+0200,eeb12da0-7c50-4259-bd40-a1d833ebd7ef,2026-07-15T04:00:00Z,2026-07-15T06:00:00+0200,133.163333,MW,DK1,DK_1,forecast_solar_generation,Solar,2026-08-09T16:53:20Z
2026-08-09T16:49:56Z,2026-08-09T18:49:56+0200,eeb12da0-7c50-4259-bd40-a1d833ebd7ef,2026-07-15T04:15:00Z,2026-07-15T06:15:00+0200,204.235,MW,DK1,DK_1,forecast_solar_generation,Solar,2026-08-09T16:53:20Z
2026-08-09T16:49:56Z,2026-08-09T18:49:56+0200,eeb12da0-7c50-4259-bd40-a1d833ebd7ef,2026-07-15T04:30:00Z,2026-07-15T06:30:00+0200,288.553333,MW,DK1,DK_1,forecast_solar_generation,Solar,2026-08-09T16:53:20Z
2026-08-09T16:49:56Z,2026-08-09T18:49:56+0200,eeb12da0-7c50-4259-bd40-a1d833ebd7ef,2026-07-15T04:45:00Z,2026-07-15T06:45:00+0200,386.266666,MW,DK1,DK_1,forecast_solar_generation,Solar,2026-08-09T16:53:20Z
2026-08-09T16:49:56Z,2026-08-09T18:49:56+0200,eeb12da0-7c50-4259-bd40-a1d833ebd7ef,2026-07-15T05:00:00Z,2026-07-15T07:00:00+0200,497.316666,MW,DK1,DK_1,forecast_solar_generation,Solar,2026-08-09T16:53:20Z
2026-08-09T16:49:56Z,2026-08-09T18:49:56+0200,eeb12da0-7c50-4259-bd40-a1d833ebd7ef,2026-07-15T05:15:00Z,2026-07-15T07:15:00+0200,618.348333,MW,DK1,DK_1,forecast_solar_generation,Solar,2026-08-09T16:53:20Z
2026-08-09T16:49:56Z,2026-08-09T18:49:56+0200,eeb12da0-7c50-4259-bd40-a1d833ebd7ef,2026-07-15T05:30:00Z,2026-07-15T07:30:00+0200,747.31,MW,DK1,DK_1,forecast_solar_generation,Solar,2026-08-09T16:53:20Z
2026-08-09T16:49:56Z,2026-08-09T18:49:56+0200,eeb12da0-7c50-4259-bd40-a1d833ebd7ef,2026-07-15T05:45:00Z,2026-07-15T07:45:00+0200,882.696666,MW,DK1,DK_1,forecast_solar_generation,Solar,2026-08-09T16:53:20Z
2026-08-09T16:49:56Z,2026-08-09T18:49:56+0200,eeb12da0-7c50-4259-bd40-a1d833ebd7ef,2026-07-15T06:00:00Z,2026-07-15T08:00:00+0200,1030.438333,MW,DK1,DK_1,forecast_solar_generation,Solar,2026-08-09T16:53:20Z
2026-08-09T16:49:56Z,2026-08-09T18:49:56+0200,eeb12da0-7c50-4259-bd40-a1d833ebd7ef,2026-07-15T06:15:00Z,2026-07-15T08:15:00+0200,1174.595,MW,DK1,DK_1,forecast_solar_generation,Solar,2026-08-09T16:53:20Z
2026-08-09T16:49:56Z,2026-08-09T18:49:56+0200,eeb12da0-7c50-4259-bd40-a1d833ebd7ef,2026-07-15T06:30:00Z,2026-07-15T08:30:00+0200,1317.313333,MW,DK1,DK_1,forecast_solar_generation,Solar,2026-08-09T16:53:20Z
2026-08-09T16:49:56Z,2026-08-09T18:49:56+0200,eeb12da0-7c50-4259-bd40-a1d833ebd7ef,2026-07-15T06:45:00Z,2026-07-15T08:45:00+0200,1461.296666,MW,DK1,DK_1,forecast_solar_generation,Solar,2026-08-09T16:53:20Z
2026-08-09T16:49:56Z,2026-08-09T18:49:56+0200,eeb12da0-7c50-4259-bd40-a1d833ebd7ef,2026-07-15T07:00:00Z,2026-07-15T09:00:00+0200,1604.498333,MW,DK1,DK_1,forecast_solar_generation,Solar,2026-08-09T16:53:20Z
2026-08-09T16:49:56Z,2026-08-09T18:49:56+0200,eeb12da0-7c50-4259-bd40-a1d833ebd7ef,2026-07-15T07:15:00Z,2026-07-15T09:15:00+0200,1742.678333,MW,DK1,DK_1,forecast_solar_generation,Solar,2026-08-09T16:53:20Z
2026-08-09T16:49:56Z,2026-08-09T18:49:56+0200,eeb12da0-7c50-4259-bd40-a1d833ebd7ef,2026-07-15T07:30:00Z,2026-07-15T09:30:00+0200,1871.348333,MW,DK1,DK_1,forecast_solar_generation,Solar,2026-08-09T16:53:20Z
2026-08-09T16:49:56Z,2026-08-09T18:49:56+0200,eeb12da0-7c50-4259-bd40-a1d833ebd7ef,2026-07-15T07:45:00Z,2026-07-15T09:45:00+0200,1987.533333,MW,DK1,DK_1,forecast_solar_generation,Solar,2026-08-09T16:53:20Z
2026-08-09T16:49:56Z,2026-08-09T18:49:56+0200,eeb12da0-7c50-4259-bd40-a1d833ebd7ef,2026-07-15T08:00:00Z,2026-07-15T10:00:00+0200,2089.246666,MW,DK1,DK_1,forecast_solar_generation,Solar,2026-08-09T16:53:20Z
2026-08-09T16:49:56Z,2026-08-09T18:49:56+0200,eeb12da0-7c50-4259-bd40-a1d833ebd7ef,2026-07-15T08:15:00Z,2026-07-15T10:15:00+0200,2175.141666,MW,DK1,DK_1,forecast_solar_generation,Solar,2026-08-09T16:53:20Z
2026-08-09T16:49:56Z,2026-08-09T18:49:56+0200,eeb12da0-7c50-4259-bd40-a1d833ebd7ef,2026-07-15T08:30:00Z,2026-07-15T10:30:00+0200,2244.591666,MW,DK1,DK_1,forecast_solar_generation,Solar,2026-08-09T16:53:20Z
2026-08-09T16:49:56Z,2026-08-09T18:49:56+0200,eeb12da0-7c50-4259-bd40-a1d833ebd7ef,2026-07-15T08:45:00Z,2026-07-15T10:45:00+0200,2298.786666,MW,DK1,DK_1,forecast_solar_generation,Solar,2026-08-09T16:53:20Z
2026-08-09T16:49:56Z,2026-08-09T18:49:56+0200,eeb12da0-7c50-4259-bd40-a1d833ebd7ef,2026-07-15T09:00:00Z,2026-07-15T11:00:00+0200,2337.715,MW,DK1,DK_1,forecast_solar_generation,Solar,2026-08-09T16:53:20Z
2026-08-09T16:49:56Z,2026-08-09T18:49:56+0200,eeb12da0-7c50-4259-bd40-a1d833ebd7ef,2026-07-15T09:15:00Z,2026-07-15T11:15:00+0200,2367.664999,MW,DK1,DK_1,forecast_solar_generation,Solar,2026-08-09T16:53:20Z
2026-08-09T16:49:56Z,2026-08-09T18:49:56+0200,eeb12da0-7c50-4259-bd40-a1d833ebd7ef,2026-07-15T09:30:00Z,2026-07-15T11:30:00+0200,2392.568333,MW,DK1,DK_1,forecast_solar_generation,Solar,2026-08-09T16:53:20Z
2026-08-09T16:49:56Z,2026-08-09T18:49:56+0200,eeb12da0-7c50-4259-bd40-a1d833ebd7ef,2026-07-15T09:45:00Z,2026-07-15T11:45:00+0200,2414.313333,MW,DK1,DK_1,forecast_solar_generation,Solar,2026-08-09T16:53:20Z
2026-08-09T16:49:56Z,2026-08-09T18:49:56+0200,eeb12da0-7c50-4259-bd40-a1d833ebd7ef,2026-07-15T10:00:00Z,2026-07-15T12:00:00+0200,2433.913333,MW,DK1,DK_1,forecast_solar_generation,Solar,2026-08-09T16:53:20Z
2026-08-09T16:49:56Z,2026-08-09T18:49:56+0200,eeb12da0-7c50-4259-bd40-a1d833ebd7ef,2026-07-15T10:15:00Z,2026-07-15T12:15:00+0200,2451.468333,MW,DK1,DK_1,forecast_solar_generation,Solar,2026-08-09T16:53:20Z
2026-08-09T16:49:56Z,2026-08-09T18:49:56+0200,eeb12da0-7c50-4259-bd40-a1d833ebd7ef,2026-07-15T10:30:00Z,2026-07-15T12:30:00+0200,2466.175,MW,DK1,DK_1,forecast_solar_generation,Solar,2026-08-09T16:53:20Z
2026-08-09T16:49:56Z,2026-08-09T18:49:56+0200,eeb12da0-7c50-4259-bd40-a1d833ebd7ef,2026-07-15T10:45:00Z,2026-07-15T12:45:00+0200,2476.955,MW,DK1,DK_1,forecast_solar_generation,Solar,2026-08-09T16:53:20Z
2026-08-09T16:49:56Z,2026-08-09T18:49:56+0200,eeb12da0-7c50-4259-bd40-a1d833ebd7ef,2026-07-15T11:00:00Z,2026-07-15T13:00:00+0200,2483.563333,MW,DK1,DK_1,forecast_solar_generation,Solar,2026-08-09T16:53:20Z
2026-08-09T16:49:56Z,2026-08-09T18:49:56+0200,eeb12da0-7c50-4259-bd40-a1d833ebd7ef,2026-07-15T11:15:00Z,2026-07-15T13:15:00+0200,2486.145,MW,DK1,DK_1,forecast_solar_generation,Solar,2026-08-09T16:53:20Z
2026-08-09T16:49:56Z,2026-08-09T18:49:56+0200,eeb12da0-7c50-4259-bd40-a1d833ebd7ef,2026-07-15T11:30:00Z,2026-07-15T13:30:00+0200,2484.663333,MW,DK1,DK_1,forecast_solar_generation,Solar,2026-08-09T16:53:20Z
2026-08-09T16:49:56Z,2026-08-09T18:49:56+0200,eeb12da0-7c50-4259-bd40-a1d833ebd7ef,2026-07-15T11:45:00Z,2026-07-15T13:45:00+0200,2478.818333,MW,DK1,DK_1,forecast_solar_generation,Solar,2026-08-09T16:53:20Z
2026-08-09T16:49:56Z,2026-08-09T18:49:56+0200,eeb12da0-7c50-4259-bd40-a1d833ebd7ef,2026-07-15T12:00:00Z,2026-07-15T14:00:00+0200,2468.58,MW,DK1,DK_1,forecast_solar_generation,Solar,2026-08-09T16:53:20Z
2026-08-09T16:49:56Z,2026-08-09T18:49:56+0200,eeb12da0-7c50-4259-bd40-a1d833ebd7ef,2026-07-15T12:15:00Z,2026-07-15T14:15:00+0200,2454.024999,MW,DK1,DK_1,forecast_solar_generation,Solar,2026-08-09T16:53:20Z
2026-08-09T16:49:56Z,2026-08-09T18:49:56+0200,eeb12da0-7c50-4259-bd40-a1d833ebd7ef,2026-07-15T12:30:00Z,2026-07-15T14:30:00+0200,2436.025,MW,DK1,DK_1,forecast_solar_generation,Solar,2026-08-09T16:53:20Z
2026-08-09T16:49:56Z,2026-08-09T18:49:56+0200,eeb12da0-7c50-4259-bd40-a1d833ebd7ef,2026-07-15T12:45:00Z,2026-07-15T14:45:00+0200,2415.705,MW,DK1,DK_1,forecast_solar_generation,Solar,2026-08-09T16:53:20Z
2026-08-09T16:49:56Z,2026-08-09T18:49:56+0200,eeb12da0-7c50-4259-bd40-a1d833ebd7ef,2026-07-15T13:00:00Z,2026-07-15T15:00:00+0200,2393.56,MW,DK1,DK_1,forecast_solar_generation,Solar,2026-08-09T16:53:20Z
2026-08-09T16:49:56Z,2026-08-09T18:49:56+0200,eeb12da0-7c50-4259-bd40-a1d833ebd7ef,2026-07-15T13:15:00Z,2026-07-15T15:15:00+0200,2368.305,MW,DK1,DK_1,forecast_solar_generation,Solar,2026-08-09T16:53:20Z
2026-08-09T16:49:56Z,2026-08-09T18:49:56+0200,eeb12da0-7c50-4259-bd40-a1d833ebd7ef,2026-07-15T13:30:00Z,2026-07-15T15:30:00+0200,2338.648333,MW,DK1,DK_1,forecast_solar_generation,Solar,2026-08-09T16:53:20Z
2026-08-09T16:49:56Z,2026-08-09T18:49:56+0200,eeb12da0-7c50-4259-bd40-a1d833ebd7ef,2026-07-15T13:45:00Z,2026-07-15T15:45:00+0200,2301.676666,MW,DK1,DK_1,forecast_solar_generation,Solar,2026-08-09T16:53:20Z
2026-08-09T16:49:56Z,2026-08-09T18:49:56+0200,eeb12da0-7c50-4259-bd40-a1d833ebd7ef,2026-07-15T14:00:00Z,2026-07-15T16:00:00+0200,2249.816666,MW,DK1,DK_1,forecast_solar_generation,Solar,2026-08-09T16:53:20Z
2026-08-09T16:49:56Z,2026-08-09T18:49:56+0200,eeb12da0-7c50-4259-bd40-a1d833ebd7ef,2026-07-15T14:15:00Z,2026-07-15T16:15:00+0200,2183.424999,MW,DK1,DK_1,forecast_solar_generation,Solar,2026-08-09T16:53:20Z
2026-08-09T16:49:56Z,2026-08-09T18:49:56+0200,eeb12da0-7c50-4259-bd40-a1d833ebd7ef,2026-07-15T14:30:00Z,2026-07-15T16:30:00+0200,2103.446666,MW,DK1,DK_1,forecast_solar_generation,Solar,2026-08-09T16:53:20Z
2026-08-09T16:49:56Z,2026-08-09T18:49:56+0200,eeb12da0-7c50-4259-bd40-a1d833ebd7ef,2026-07-15T14:45:00Z,2026-07-15T16:45:00+0200,2008.791666,MW,DK1,DK_1,forecast_solar_generation,Solar,2026-08-09T16:53:20Z
2026-08-09T16:49:56Z,2026-08-09T18:49:56+0200,eeb12da0-7c50-4259-bd40-a1d833ebd7ef,2026-07-15T15:00:00Z,2026-07-15T17:00:00+0200,1901.236666,MW,DK1,DK_1,forecast_solar_generation,Solar,2026-08-09T16:53:20Z
2026-08-09T16:49:56Z,2026-08-09T18:49:56+0200,eeb12da0-7c50-4259-bd40-a1d833ebd7ef,2026-07-15T15:15:00Z,2026-07-15T17:15:00+0200,1782.47,MW,DK1,DK_1,forecast_solar_generation,Solar,2026-08-09T16:53:20Z
2026-08-09T16:49:56Z,2026-08-09T18:49:56+0200,eeb12da0-7c50-4259-bd40-a1d833ebd7ef,2026-07-15T15:30:00Z,2026-07-15T17:30:00+0200,1655.088333,MW,DK1,DK_1,forecast_solar_generation,Solar,2026-08-09T16:53:20Z
2026-08-09T16:49:56Z,2026-08-09T18:49:56+0200,eeb12da0-7c50-4259-bd40-a1d833ebd7ef,2026-07-15T15:45:00Z,2026-07-15T17:45:00+0200,1524.03,MW,DK1,DK_1,forecast_solar_generation,Solar,2026-08-09T16:53:20Z
2026-08-09T16:49:56Z,2026-08-09T18:49:56+0200,eeb12da0-7c50-4259-bd40-a1d833ebd7ef,2026-07-15T16:00:00Z,2026-07-15T18:00:00+0200,1404.063333,MW,DK1,DK_1,forecast_solar_generation,Solar,2026-08-09T16:53:20Z
2026-08-09T16:49:56Z,2026-08-09T18:49:56+0200,eeb12da0-7c50-4259-bd40-a1d833ebd7ef,2026-07-15T16:15:00Z,2026-07-15T18:15:00+0200,1267.083333,MW,DK1,DK_1,forecast_solar_generation,Solar,2026-08-09T16:53:20Z
2026-08-09T16:49:56Z,2026-08-09T18:49:56+0200,eeb12da0-7c50-4259-bd40-a1d833ebd7ef,2026-07-15T16:30:00Z,2026-07-15T18:30:00+0200,1129.03,MW,DK1,DK_1,forecast_solar_generation,Solar,2026-08-09T16:53:20Z
2026-08-09T16:49:56Z,2026-08-09T18:49:56+0200,eeb12da0-7c50-4259-bd40-a1d833ebd7ef,2026-07-15T16:45:00Z,2026-07-15T18:45:00+0200,992.888333,MW,DK1,DK_1,forecast_solar_generation,Solar,2026-08-09T16:53:20Z
2026-08-09T16:49:56Z,2026-08-09T18:49:56+0200,eeb12da0-7c50-4259-bd40-a1d833ebd7ef,2026-07-15T17:00:00Z,2026-07-15T19:00:00+0200,858.975,MW,DK1,DK_1,forecast_solar_generation,Solar,2026-08-09T16:53:20Z
2026-08-09T16:49:56Z,2026-08-09T18:49:56+0200,eeb12da0-7c50-4259-bd40-a1d833ebd7ef,2026-07-15T17:15:00Z,2026-07-15T19:15:00+0200,727.916666,MW,DK1,DK_1,forecast_solar_generation,Solar,2026-08-09T16:53:20Z
2026-08-09T16:49:56Z,2026-08-09T18:49:56+0200,eeb12da0-7c50-4259-bd40-a1d833ebd7ef,2026-07-15T17:30:00Z,2026-07-15T19:30:00+0200,601.335,MW,DK1,DK_1,forecast_solar_generation,Solar,2026-08-09T16:53:20Z
2026-08-09T16:49:56Z,2026-08-09T18:49:56+0200,eeb12da0-7c50-4259-bd40-a1d833ebd7ef,2026-07-15T17:45:00Z,2026-07-15T19:45:00+0200,481.981666,MW,DK1,DK_1,forecast_solar_generation,Solar,2026-08-09T16:53:20Z
2026-08-09T16:49:56Z,2026-08-09T18:49:56+0200,eeb12da0-7c50-4259-bd40-a1d833ebd7ef,2026-07-15T18:00:00Z,2026-07-15T20:00:00+0200,373.146666,MW,DK1,DK_1,forecast_solar_generation,Solar,2026-08-09T16:53:20Z
2026-08-09T16:49:56Z,2026-08-09T18:49:56+0200,eeb12da0-7c50-4259-bd40-a1d833ebd7ef,2026-07-15T18:15:00Z,2026-07-15T20:15:00+0200,275.325,MW,DK1,DK_1,forecast_solar_generation,Solar,2026-08-09T16:53:20Z
2026-08-09T16:49:56Z,2026-08-09T18:49:56+0200,eeb12da0-7c50-4259-bd40-a1d833ebd7ef,2026-07-15T18:30:00Z,2026-07-15T20:30:00+0200,190.493333,MW,DK1,DK_1,forecast_solar_generation,Solar,2026-08-09T16:53:20Z
2026-08-09T16:49:56Z,2026-08-09T18:49:56+0200,eeb12da0-7c50-4259-bd40-a1d833ebd7ef,2026-07-15T18:45:00Z,2026-07-15T20:45:00+0200,119.398333,MW,DK1,DK_1,forecast_solar_generation,Solar,2026-08-09T16:53:20Z
2026-08-09T16:49:56Z,2026-08-09T18:49:56+0200,eeb12da0-7c50-4259-bd40-a1d833ebd7ef,2026-07-15T19:00:00Z,2026-07-15T21:00:00+0200,62.579999,MW,DK1,DK_1,forecast_solar_generation,Solar,2026-08-09T16:53:20Z
2026-08-09T16:49:56Z,2026-08-09T18:49:56+0200,eeb12da0-7c50-4259-bd40-a1d833ebd7ef,2026-07-15T19:15:00Z,2026-07-15T21:15:00+0200,22.774999,MW,DK1,DK_1,forecast_solar_generation,Solar,2026-08-09T16:53:20Z
2026-08-09T16:49:56Z,2026-08-09T18:49:56+0200,eeb12da0-7c50-4259-bd40-a1d833ebd7ef,2026-07-15T19:30:00Z,2026-07-15T21:30:00+0200,4.518333,MW,DK1,DK_1,forecast_solar_generation,Solar,2026-08-09T16:53:20Z
2026-08-09T16:49:56Z,2026-08-09T18:49:56+0200,eeb12da0-7c50-4259-bd40-a1d833ebd7ef,2026-07-15T19:45:00Z,2026-07-15T21:45:00+0200,0.306666,MW,DK1,DK_1,forecast_solar_generation,Solar,2026-08-09T16:53:20Z
2026-08-09T16:49:56Z,2026-08-09T18:49:56+0200,eeb12da0-7c50-4259-bd40-a1d833ebd7ef,2026-07-15T20:00:00Z,2026-07-15T22:00:00+0200,0.001666,MW,DK1,DK_1,forecast_solar_generation,Solar,2026-08-09T16:53:20Z
2026-08-09T16:49:56Z,2026-08-09T18:49:56+0200,eeb12da0-7c50-4259-bd40-a1d833ebd7ef,2026-07-15T20:15:00Z,2026-07-15T22:15:00+0200,0.0,MW,DK1,DK_1,forecast_solar_generation,Solar,2026-08-09T16:53:20Z
2026-08-09T16:49:56Z,2026-08-09T18:49:56+0200,eeb12da0-7c50-4259-bd40-a1d833ebd7ef,2026-07-15T20:30:00Z,2026-07-15T22:30:00+0200,0.0,MW,DK1,DK_1,forecast_solar_generation,Solar,2026-08-09T16:53:20Z
2026-08-09T16:49:56Z,2026-08-09T18:49:56+0200,eeb12da0-7c50-4259-bd40-a1d833ebd7ef,2026-07-15T20:45:00Z,2026-07-15T22:45:00+0200,0.0,MW,DK1,DK_1,forecast_solar_generation,Solar,2026-08-09T16:53:20Z
2026-08-09T16:49:56Z,2026-08-09T18:49:56+0200,eeb12da0-7c50-4259-bd40-a1d833ebd7ef,2026-07-15T21:00:00Z,2026-07-15T23:00:00+0200,0.0,MW,DK1,DK_1,forecast_solar_generation,Solar,2026-08-09T16:53:20Z
2026-08-09T16:49:56Z,2026-08-09T18:49:56+0200,eeb12da0-7c50-4259-bd40-a1d833ebd7ef,2026-07-15T21:15:00Z,2026-07-15T23:15:00+0200,0.0,MW,DK1,DK_1,forecast_solar_generation,Solar,2026-08-09T16:53:20Z
2026-08-09T16:49:56Z,2026-08-09T18:49:56+0200,eeb12da0-7c50-4259-bd40-a1d833ebd7ef,2026-07-15T21:30:00Z,2026-07-15T23:30:00+0200,0.0,MW,DK1,DK_1,forecast_solar_generation,Solar,2026-08-09T16:53:20Z
2026-08-09T16:49:56Z,2026-08-09T18:49:56+0200,eeb12da0-7c50-4259-bd40-a1d833ebd7ef,2026-07-15T21:45:00Z,2026-07-15T23:45:00+0200,0.0,MW,DK1,DK_1,forecast_solar_generation,Solar,2026-08-09T16:53:20Z
2026-08-09T16:49:56Z,2026-08-09T18:49:56+0200,eeb12da0-7c50-4259-bd40-a1d833ebd7ef,2026-07-15T22:00:00Z,2026-07-16T00:00:00+0200,0.0,MW,DK1,DK_1,forecast_solar_generation,Solar,2026-08-09T16:53:20Z
2026-08-09T16:49:56Z,2026-08-09T18:49:56+0200,eeb12da0-7c50-4259-bd40-a1d833ebd7ef,2026-07-15T22:15:00Z,2026-07-16T00:15:00+0200,0.0,MW,DK1,DK_1,forecast_solar_generation,Solar,2026-08-09T16:53:20Z
2026-08-09T16:49:56Z,2026-08-09T18:49:56+0200,eeb12da0-7c50-4259-bd40-a1d833ebd7ef,2026-07-15T22:30:00Z,2026-07-16T00:30:00+0200,0.0,MW,DK1,DK_1,forecast_solar_generation,Solar,2026-08-09T16:53:20Z
2026-08-09T16:49:56Z,2026-08-09T18:49:56+0200,eeb12da0-7c50-4259-bd40-a1d833ebd7ef,2026-07-15T22:45:00Z,2026-07-16T00:45:00+0200,0.0,MW,DK1,DK_1,forecast_solar_generation,Solar,2026-08-09T16:53:20Z
2026-08-09T16:49:56Z,2026-08-09T18:49:56+0200,eeb12da0-7c50-4259-bd40-a1d833ebd7ef,2026-07-15T23:00:00Z,2026-07-16T01:00:00+0200,0.0,MW,DK1,DK_1,forecast_solar_generation,Solar,2026-08-09T16:53:20Z
2026-08-09T16:49:56Z,2026-08-09T18:49:56+0200,eeb12da0-7c50-4259-bd40-a1d833ebd7ef,2026-07-15T23:15:00Z,2026-07-16T01:15:00+0200,0.0,MW,DK1,DK_1,forecast_solar_generation,Solar,2026-08-09T16:53:20Z
2026-08-09T16:49:56Z,2026-08-09T18:49:56+0200,eeb12da0-7c50-4259-bd40-a1d833ebd7ef,2026-07-15T23:30:00Z,2026-07-16T01:30:00+0200,0.0,MW,DK1,DK_1,forecast_solar_generation,Solar,2026-08-09T16:53:20Z
2026-08-09T16:49:56Z,2026-08-09T18:49:56+0200,eeb12da0-7c50-4259-bd40-a1d833ebd7ef,2026-07-15T23:45:00Z,2026-07-16T01:45:00+0200,0.0,MW,DK1,DK_1,forecast_solar_generation,Solar,2026-08-09T16:53:20Z
2026-08-09T16:49:56Z,2026-08-09T18:49:56+0200,eeb12da0-7c50-4259-bd40-a1d833ebd7ef,2026-07-16T00:00:00Z,2026-07-16T02:00:00+0200,0.0,MW,DK1,DK_1,forecast_solar_generation,Solar,2026-08-09T16:53:20Z
2026-08-09T16:49:56Z,2026-08-09T18:49:56+0200,eeb12da0-7c50-4259-bd40-a1d833ebd7ef,2026-07-16T00:15:00Z,2026-07-16T02:15:00+0200,0.0,MW,DK1,DK_1,forecast_solar_generation,Solar,2026-08-09T16:53:20Z
2026-08-09T16:49:56Z,2026-08-09T18:49:56+0200,eeb12da0-7c50-4259-bd40-a1d833ebd7ef,2026-07-16T00:30:00Z,2026-07-16T02:30:00+0200,0.0,MW,DK1,DK_1,forecast_solar_generation,Solar,2026-08-09T16:53:20Z
2026-08-09T16:49:56Z,2026-08-09T18:49:56+0200,eeb12da0-7c50-4259-bd40-a1d833ebd7ef,2026-07-16T00:45:00Z,2026-07-16T02:45:00+0200,0.0,MW,DK1,DK_1,forecast_solar_generation,Solar,2026-08-09T16:53:20Z
2026-08-09T16:49:56Z,2026-08-09T18:49:56+0200,eeb12da0-7c50-4259-bd40-a1d833ebd7ef,2026-07-16T01:00:00Z,2026-07-16T03:00:00+0200,0.0,MW,DK1,DK_1,forecast_solar_generation,Solar,2026-08-09T16:53:20Z
2026-08-09T16:49:56Z,2026-08-09T18:49:56+0200,eeb12da0-7c50-4259-bd40-a1d833ebd7ef,2026-07-16T01:15:00Z,2026-07-16T03:15:00+0200,0.0,MW,DK1,DK_1,forecast_solar_generation,Solar,2026-08-09T16:53:20Z
2026-08-09T16:49:56Z,2026-08-09T18:49:56+0200,eeb12da0-7c50-4259-bd40-a1d833ebd7ef,2026-07-16T01:30:00Z,2026-07-16T03:30:00+0200,0.0,MW,DK1,DK_1,forecast_solar_generation,Solar,2026-08-09T16:53:20Z
2026-08-09T16:49:56Z,2026-08-09T18:49:56+0200,eeb12da0-7c50-4259-bd40-a1d833ebd7ef,2026-07-16T01:45:00Z,2026-07-16T03:45:00+0200,0.0,MW,DK1,DK_1,forecast_solar_generation,Solar,2026-08-09T16:53:20Z
2026-08-09T16:49:56Z,2026-08-09T18:49:56+0200,eeb12da0-7c50-4259-bd40-a1d833ebd7ef,2026-07-16T02:00:00Z,2026-07-16T04:00:00+0200,0.0,MW,DK1,DK_1,forecast_solar_generation,Solar,2026-08-09T16:53:20Z
2026-08-09T16:49:56Z,2026-08-09T18:49:56+0200,eeb12da0-7c50-4259-bd40-a1d833ebd7ef,2026-07-16T02:15:00Z,2026-07-16T04:15:00+0200,0.0,MW,DK1,DK_1,forecast_solar_generation,Solar,2026-08-09T16:53:20Z
2026-08-09T16:49:56Z,2026-08-09T18:49:56+0200,eeb12da0-7c50-4259-bd40-a1d833ebd7ef,2026-07-16T02:30:00Z,2026-07-16T04:30:00+0200,0.0,MW,DK1,DK_1,forecast_solar_generation,Solar,2026-08-09T16:53:20Z
2026-08-09T16:49:56Z,2026-08-09T18:49:56+0200,eeb12da0-7c50-4259-bd40-a1d833ebd7ef,2026-07-16T02:45:00Z,2026-07-16T04:45:00+0200,0.011666,MW,DK1,DK_1,forecast_solar_generation,Solar,2026-08-09T16:53:20Z
2026-08-09T16:49:56Z,2026-08-09T18:49:56+0200,eeb12da0-7c50-4259-bd40-a1d833ebd7ef,2026-07-16T03:00:00Z,2026-07-16T05:00:00+0200,0.545,MW,DK1,DK_1,forecast_solar_generation,Solar,2026-08-09T16:53:20Z
2026-08-09T16:49:56Z,2026-08-09T18:49:56+0200,eeb12da0-7c50-4259-bd40-a1d833ebd7ef,2026-07-16T03:15:00Z,2026-07-16T05:15:00+0200,6.289999,MW,DK1,DK_1,forecast_solar_generation,Solar,2026-08-09T16:53:20Z
2026-08-09T16:49:56Z,2026-08-09T18:49:56+0200,eeb12da0-7c50-4259-bd40-a1d833ebd7ef,2026-07-16T03:30:00Z,2026-07-16T05:30:00+0200,28.186666,MW,DK1,DK_1,forecast_solar_generation,Solar,2026-08-09T16:53:20Z
2026-08-09T16:49:56Z,2026-08-09T18:49:56+0200,eeb12da0-7c50-4259-bd40-a1d833ebd7ef,2026-07-16T03:45:00Z,2026-07-16T05:45:00+0200,69.748333,MW,DK1,DK_1,forecast_solar_generation,Solar,2026-08-09T16:53:20Z
2026-08-09T16:49:56Z,2026-08-09T18:49:56+0200,eeb12da0-7c50-4259-bd40-a1d833ebd7ef,2026-07-16T04:00:00Z,2026-07-16T06:00:00+0200,125.463333,MW,DK1,DK_1,forecast_solar_generation,Solar,2026-08-09T16:53:20Z
2026-08-09T16:49:56Z,2026-08-09T18:49:56+0200,eeb12da0-7c50-4259-bd40-a1d833ebd7ef,2026-07-16T04:15:00Z,2026-07-16T06:15:00+0200,193.595,MW,DK1,DK_1,forecast_solar_generation,Solar,2026-08-09T16:53:20Z
2026-08-09T16:49:56Z,2026-08-09T18:49:56+0200,eeb12da0-7c50-4259-bd40-a1d833ebd7ef,2026-07-16T04:30:00Z,2026-07-16T06:30:00+0200,274.826666,MW,DK1,DK_1,forecast_solar_generation,Solar,2026-08-09T16:53:20Z
2026-08-09T16:49:56Z,2026-08-09T18:49:56+0200,eeb12da0-7c50-4259-bd40-a1d833ebd7ef,2026-07-16T04:45:00Z,2026-07-16T06:45:00+0200,368.456666,MW,DK1,DK_1,forecast_solar_generation,Solar,2026-08-09T16:53:20Z
2026-08-09T16:49:56Z,2026-08-09T18:49:56+0200,eeb12da0-7c50-4259-bd40-a1d833ebd7ef,2026-07-16T05:00:00Z,2026-07-16T07:00:00+0200,473.649999,MW,DK1,DK_1,forecast_solar_generation,Solar,2026-08-09T16:53:20Z
2026-08-09T16:49:56Z,2026-08-09T18:49:56+0200,eeb12da0-7c50-4259-bd40-a1d833ebd7ef,2026-07-16T05:15:00Z,2026-07-16T07:15:00+0200,587.813333,MW,DK1,DK_1,forecast_solar_generation,Solar,2026-08-09T16:53:20Z
2026-08-09T16:49:56Z,2026-08-09T18:49:56+0200,eeb12da0-7c50-4259-bd40-a1d833ebd7ef,2026-07-16T05:30:00Z,2026-07-16T07:30:00+0200,709.791666,MW,DK1,DK_1,forecast_solar_generation,Solar,2026-08-09T16:53:20Z
2026-08-09T16:49:56Z,2026-08-09T18:49:56+0200,eeb12da0-7c50-4259-bd40-a1d833ebd7ef,2026-07-16T05:45:00Z,2026-07-16T07:45:00+0200,836.49,MW,DK1,DK_1,forecast_solar_generation,Solar,2026-08-09T16:53:20Z
2026-08-09T16:49:56Z,2026-08-09T18:49:56+0200,eeb12da0-7c50-4259-bd40-a1d833ebd7ef,2026-07-16T06:00:00Z,2026-07-16T08:00:00+0200,955.493333,MW,DK1,DK_1,forecast_solar_generation,Solar,2026-08-09T16:53:20Z
2026-08-09T16:49:56Z,2026-08-09T18:49:56+0200,eeb12da0-7c50-4259-bd40-a1d833ebd7ef,2026-07-16T06:15:00Z,2026-07-16T08:15:00+0200,1086.766666,MW,DK1,DK_1,forecast_solar_generation,Solar,2026-08-09T16:53:20Z
2026-08-09T16:49:56Z,2026-08-09T18:49:56+0200,eeb12da0-7c50-4259-bd40-a1d833ebd7ef,2026-07-16T06:30:00Z,2026-07-16T08:30:00+0200,1218.318333,MW,DK1,DK_1,forecast_solar_generation,Solar,2026-08-09T16:53:20Z
2026-08-09T16:49:56Z,2026-08-09T18:49:56+0200,eeb12da0-7c50-4259-bd40-a1d833ebd7ef,2026-07-16T06:45:00Z,2026-07-16T08:45:00+0200,1343.348333,MW,DK1,DK_1,forecast_solar_generation,Solar,2026-08-09T16:53:20Z
2026-08-09T16:49:56Z,2026-08-09T18:49:56+0200,eeb12da0-7c50-4259-bd40-a1d833ebd7ef,2026-07-16T07:00:00Z,2026-07-16T09:00:00+0200,1454.835,MW,DK1,DK_1,forecast_solar_generation,Solar,2026-08-09T16:53:20Z
2026-08-09T16:49:56Z,2026-08-09T18:49:56+0200,eeb12da0-7c50-4259-bd40-a1d833ebd7ef,2026-07-16T07:15:00Z,2026-07-16T09:15:00+0200,1571.333333,MW,DK1,DK_1,forecast_solar_generation,Solar,2026-08-09T16:53:20Z
2026-08-09T16:49:56Z,2026-08-09T18:49:56+0200,eeb12da0-7c50-4259-bd40-a1d833ebd7ef,2026-07-16T07:30:00Z,2026-07-16T09:30:00+0200,1683.345,MW,DK1,DK_1,forecast_solar_generation,Solar,2026-08-09T16:53:20Z
2026-08-09T16:49:56Z,2026-08-09T18:49:56+0200,eeb12da0-7c50-4259-bd40-a1d833ebd7ef,2026-07-16T07:45:00Z,2026-07-16T09:45:00+0200,1783.631666,MW,DK1,DK_1,forecast_solar_generation,Solar,2026-08-09T16:53:20Z
2026-08-09T16:49:56Z,2026-08-09T18:49:56+0200,eeb12da0-7c50-4259-bd40-a1d833ebd7ef,2026-07-16T08:00:00Z,2026-07-16T10:00:00+0200,1870.786666,MW,DK1,DK_1,forecast_solar_generation,Solar,2026-08-09T16:53:20Z
2026-08-09T16:49:56Z,2026-08-09T18:49:56+0200,eeb12da0-7c50-4259-bd40-a1d833ebd7ef,2026-07-16T08:15:00Z,2026-07-16T10:15:00+0200,1945.003333,MW,DK1,DK_1,forecast_solar_generation,Solar,2026-08-09T16:53:20Z
2026-08-09T16:49:56Z,2026-08-09T18:49:56+0200,eeb12da0-7c50-4259-bd40-a1d833ebd7ef,2026-07-16T08:30:00Z,2026-07-16T10:30:00+0200,2008.678333,MW,DK1,DK_1,forecast_solar_generation,Solar,2026-08-09T16:53:20Z
2026-08-09T16:49:56Z,2026-08-09T18:49:56+0200,eeb12da0-7c50-4259-bd40-a1d833ebd7ef,2026-07-16T08:45:00Z,2026-07-16T10:45:00+0200,2064.333333,MW,DK1,DK_1,forecast_solar_generation,Solar,2026-08-09T16:53:20Z
2026-08-09T16:49:56Z,2026-08-09T18:49:56+0200,eeb12da0-7c50-4259-bd40-a1d833ebd7ef,2026-07-16T09:00:00Z,2026-07-16T11:00:00+0200,2109.54,MW,DK1,DK_1,forecast_solar_generation,Solar,2026-08-09T16:53:20Z
2026-08-09T16:49:56Z,2026-08-09T18:49:56+0200,eeb12da0-7c50-4259-bd40-a1d833ebd7ef,2026-07-16T09:15:00Z,2026-07-16T11:15:00+0200,2145.258333,MW,DK1,DK_1,forecast_solar_generation,Solar,2026-08-09T16:53:20Z
2026-08-09T16:49:56Z,2026-08-09T18:49:56+0200,eeb12da0-7c50-4259-bd40-a1d833ebd7ef,2026-07-16T09:30:00Z,2026-07-16T11:30:00+0200,2174.4,MW,DK1,DK_1,forecast_solar_generation,Solar,2026-08-09T16:53:20Z
2026-08-09T16:49:56Z,2026-08-09T18:49:56+0200,eeb12da0-7c50-4259-bd40-a1d833ebd7ef,2026-07-16T09:45:00Z,2026-07-16T11:45:00+0200,2199.853333,MW,DK1,DK_1,forecast_solar_generation,Solar,2026-08-09T16:53:20Z
2026-08-09T16:49:56Z,2026-08-09T18:49:56+0200,eeb12da0-7c50-4259-bd40-a1d833ebd7ef,2026-07-16T10:00:00Z,2026-07-16T12:00:00+0200,2234.04,MW,DK1,DK_1,forecast_solar_generation,Solar,2026-08-09T16:53:20Z
2026-08-09T16:49:56Z,2026-08-09T18:49:56+0200,eeb12da0-7c50-4259-bd40-a1d833ebd7ef,2026-07-16T10:15:00Z,2026-07-16T12:15:00+0200,2253.846666,MW,DK1,DK_1,forecast_solar_generation,Solar,2026-08-09T16:53:20Z
2026-08-09T16:49:56Z,2026-08-09T18:49:56+0200,eeb12da0-7c50-4259-bd40-a1d833ebd7ef,2026-07-16T10:30:00Z,2026-07-16T12:30:00+0200,2268.268333,MW,DK1,DK_1,forecast_solar_generation,Solar,2026-08-09T16:53:20Z
2026-08-09T16:49:56Z,2026-08-09T18:49:56+0200,eeb12da0-7c50-4259-bd40-a1d833ebd7ef,2026-07-16T10:45:00Z,2026-07-16T12:45:00+0200,2278.073333,MW,DK1,DK_1,forecast_solar_generation,Solar,2026-08-09T16:53:20Z
2026-08-09T16:49:56Z,2026-08-09T18:49:56+0200,eeb12da0-7c50-4259-bd40-a1d833ebd7ef,2026-07-16T11:00:00Z,2026-07-16T13:00:00+0200,2280.661666,MW,DK1,DK_1,forecast_solar_generation,Solar,2026-08-09T16:53:20Z
2026-08-09T16:49:56Z,2026-08-09T18:49:56+0200,eeb12da0-7c50-4259-bd40-a1d833ebd7ef,2026-07-16T11:15:00Z,2026-07-16T13:15:00+0200,2277.98,MW,DK1,DK_1,forecast_solar_generation,Solar,2026-08-09T16:53:20Z
2026-08-09T16:49:56Z,2026-08-09T18:49:56+0200,eeb12da0-7c50-4259-bd40-a1d833ebd7ef,2026-07-16T11:30:00Z,2026-07-16T13:30:00+0200,2270.666666,MW,DK1,DK_1,forecast_solar_generation,Solar,2026-08-09T16:53:20Z
2026-08-09T16:49:56Z,2026-08-09T18:49:56+0200,eeb12da0-7c50-4259-bd40-a1d833ebd7ef,2026-07-16T11:45:00Z,2026-07-16T13:45:00+0200,2256.48,MW,DK1,DK_1,forecast_solar_generation,Solar,2026-08-09T16:53:20Z
2026-08-09T16:49:56Z,2026-08-09T18:49:56+0200,eeb12da0-7c50-4259-bd40-a1d833ebd7ef,2026-07-16T12:00:00Z,2026-07-16T14:00:00+0200,2237.171666,MW,DK1,DK_1,forecast_solar_generation,Solar,2026-08-09T16:53:20Z
2026-08-09T16:49:56Z,2026-08-09T18:49:56+0200,eeb12da0-7c50-4259-bd40-a1d833ebd7ef,2026-07-16T12:15:00Z,2026-07-16T14:15:00+0200,2216.365,MW,DK1,DK_1,forecast_solar_generation,Solar,2026-08-09T16:53:20Z
2026-08-09T16:49:56Z,2026-08-09T18:49:56+0200,eeb12da0-7c50-4259-bd40-a1d833ebd7ef,2026-07-16T12:30:00Z,2026-07-16T14:30:00+0200,2195.566666,MW,DK1,DK_1,forecast_solar_generation,Solar,2026-08-09T16:53:20Z
2026-08-09T16:49:56Z,2026-08-09T18:49:56+0200,eeb12da0-7c50-4259-bd40-a1d833ebd7ef,2026-07-16T12:45:00Z,2026-07-16T14:45:00+0200,2175.575,MW,DK1,DK_1,forecast_solar_generation,Solar,2026-08-09T16:53:20Z
2026-08-09T16:49:56Z,2026-08-09T18:49:56+0200,eeb12da0-7c50-4259-bd40-a1d833ebd7ef,2026-07-16T13:00:00Z,2026-07-16T15:00:00+0200,2155.96,MW,DK1,DK_1,forecast_solar_generation,Solar,2026-08-09T16:53:20Z
2026-08-09T16:49:56Z,2026-08-09T18:49:56+0200,eeb12da0-7c50-4259-bd40-a1d833ebd7ef,2026-07-16T13:15:00Z,2026-07-16T15:15:00+0200,2134.876666,MW,DK1,DK_1,forecast_solar_generation,Solar,2026-08-09T16:53:20Z
2026-08-09T16:49:56Z,2026-08-09T18:49:56+0200,eeb12da0-7c50-4259-bd40-a1d833ebd7ef,2026-07-16T13:30:00Z,2026-07-16T15:30:00+0200,2110.379999,MW,DK1,DK_1,forecast_solar_generation,Solar,2026-08-09T16:53:20Z
2026-08-09T16:49:56Z,2026-08-09T18:49:56+0200,eeb12da0-7c50-4259-bd40-a1d833ebd7ef,2026-07-16T13:45:00Z,2026-07-16T15:45:00+0200,2080.775,MW,DK1,DK_1,forecast_solar_generation,Solar,2026-08-09T16:53:20Z
2026-08-09T16:49:56Z,2026-08-09T18:49:56+0200,eeb12da0-7c50-4259-bd40-a1d833ebd7ef,2026-07-16T14:00:00Z,2026-07-16T16:00:00+0200,2038.478333,MW,DK1,DK_1,forecast_solar_generation,Solar,2026-08-09T16:53:20Z
2026-08-09T16:49:56Z,2026-08-09T18:49:56+0200,eeb12da0-7c50-4259-bd40-a1d833ebd7ef,2026-07-16T14:15:00Z,2026-07-16T16:15:00+0200,1982.75,MW,DK1,DK_1,forecast_solar_generation,Solar,2026-08-09T16:53:20Z
2026-08-09T16:49:56Z,2026-08-09T18:49:56+0200,eeb12da0-7c50-4259-bd40-a1d833ebd7ef,2026-07-16T14:30:00Z,2026-07-16T16:30:00+0200,1911.663333,MW,DK1,DK_1,forecast_solar_generation,Solar,2026-08-09T16:53:20Z
2026-08-09T16:49:56Z,2026-08-09T18:49:56+0200,eeb12da0-7c50-4259-bd40-a1d833ebd7ef,2026-07-16T14:45:00Z,2026-07-16T16:45:00+0200,1821.185,MW,DK1,DK_1,forecast_solar_generation,Solar,2026-08-09T16:53:20Z
2026-08-09T16:49:56Z,2026-08-09T18:49:56+0200,eeb12da0-7c50-4259-bd40-a1d833ebd7ef,2026-07-16T15:00:00Z,2026-07-16T17:00:00+0200,1717.314999,MW,DK1,DK_1,forecast_solar_generation,Solar,2026-08-09T16:53:20Z
2026-08-09T16:49:56Z,2026-08-09T18:49:56+0200,eeb12da0-7c50-4259-bd40-a1d833ebd7ef,2026-07-16T15:15:00Z,2026-07-16T17:15:00+0200,1606.091666,MW,DK1,DK_1,forecast_solar_generation,Solar,2026-08-09T16:53:20Z
2026-08-09T16:49:56Z,2026-08-09T18:49:56+0200,eeb12da0-7c50-4259-bd40-a1d833ebd7ef,2026-07-16T15:30:00Z,2026-07-16T17:30:00+0200,1492.533333,MW,DK1,DK_1,forecast_solar_generation,Solar,2026-08-09T16:53:20Z
2026-08-09T16:49:56Z,2026-08-09T18:49:56+0200,eeb12da0-7c50-4259-bd40-a1d833ebd7ef,2026-07-16T15:45:00Z,2026-07-16T17:45:00+0200,1378.171666,MW,DK1,DK_1,forecast_solar_generation,Solar,2026-08-09T16:53:20Z
2026-08-09T16:49:56Z,2026-08-09T18:49:56+0200,eeb12da0-7c50-4259-bd40-a1d833ebd7ef,2026-07-16T16:00:00Z,2026-07-16T18:00:00+0200,1274.598333,MW,DK1,DK_1,forecast_solar_generation,Solar,2026-08-09T16:53:20Z
2026-08-09T16:49:56Z,2026-08-09T18:49:56+0200,eeb12da0-7c50-4259-bd40-a1d833ebd7ef,2026-07-16T16:15:00Z,2026-07-16T18:15:00+0200,1152.555,MW,DK1,DK_1,forecast_solar_generation,Solar,2026-08-09T16:53:20Z
2026-08-09T16:49:56Z,2026-08-09T18:49:56+0200,eeb12da0-7c50-4259-bd40-a1d833ebd7ef,2026-07-16T16:30:00Z,2026-07-16T18:30:00+0200,1027.07,MW,DK1,DK_1,forecast_solar_generation,Solar,2026-08-09T16:53:20Z
2026-08-09T16:49:56Z,2026-08-09T18:49:56+0200,eeb12da0-7c50-4259-bd40-a1d833ebd7ef,2026-07-16T16:45:00Z,2026-07-16T18:45:00+0200,902.52,MW,DK1,DK_1,forecast_solar_generation,Solar,2026-08-09T16:53:20Z
2026-08-09T16:49:56Z,2026-08-09T18:49:56+0200,eeb12da0-7c50-4259-bd40-a1d833ebd7ef,2026-07-16T17:00:00Z,2026-07-16T19:00:00+0200,780.055,MW,DK1,DK_1,forecast_solar_generation,Solar,2026-08-09T16:53:20Z
2026-08-09T16:49:56Z,2026-08-09T18:49:56+0200,eeb12da0-7c50-4259-bd40-a1d833ebd7ef,2026-07-16T17:15:00Z,2026-07-16T19:15:00+0200,660.408333,MW,DK1,DK_1,forecast_solar_generation,Solar,2026-08-09T16:53:20Z
2026-08-09T16:49:56Z,2026-08-09T18:49:56+0200,eeb12da0-7c50-4259-bd40-a1d833ebd7ef,2026-07-16T17:30:00Z,2026-07-16T19:30:00+0200,545.18,MW,DK1,DK_1,forecast_solar_generation,Solar,2026-08-09T16:53:20Z
2026-08-09T16:49:56Z,2026-08-09T18:49:56+0200,eeb12da0-7c50-4259-bd40-a1d833ebd7ef,2026-07-16T17:45:00Z,2026-07-16T19:45:00+0200,437.235,MW,DK1,DK_1,forecast_solar_generation,Solar,2026-08-09T16:53:20Z
2026-08-09T16:49:56Z,2026-08-09T18:49:56+0200,eeb12da0-7c50-4259-bd40-a1d833ebd7ef,2026-07-16T18:00:00Z,2026-07-16T20:00:00+0200,338.851666,MW,DK1,DK_1,forecast_solar_generation,Solar,2026-08-09T16:53:20Z
2026-08-09T16:49:56Z,2026-08-09T18:49:56+0200,eeb12da0-7c50-4259-bd40-a1d833ebd7ef,2026-07-16T18:15:00Z,2026-07-16T20:15:00+0200,250.141666,MW,DK1,DK_1,forecast_solar_generation,Solar,2026-08-09T16:53:20Z
2026-08-09T16:49:56Z,2026-08-09T18:49:56+0200,eeb12da0-7c50-4259-bd40-a1d833ebd7ef,2026-07-16T18:30:00Z,2026-07-16T20:30:00+0200,173.176666,MW,DK1,DK_1,forecast_solar_generation,Solar,2026-08-09T16:53:20Z
2026-08-09T16:49:56Z,2026-08-09T18:49:56+0200,eeb12da0-7c50-4259-bd40-a1d833ebd7ef,2026-07-16T18:45:00Z,2026-07-16T20:45:00+0200,108.998333,MW,DK1,DK_1,forecast_solar_generation,Solar,2026-08-09T16:53:20Z
2026-08-09T16:49:56Z,2026-08-09T18:49:56+0200,eeb12da0-7c50-4259-bd40-a1d833ebd7ef,2026-07-16T19:00:00Z,2026-07-16T21:00:00+0200,56.94,MW,DK1,DK_1,forecast_solar_generation,Solar,2026-08-09T16:53:20Z
2026-08-09T16:49:56Z,2026-08-09T18:49:56+0200,eeb12da0-7c50-4259-bd40-a1d833ebd7ef,2026-07-16T19:15:00Z,2026-07-16T21:15:00+0200,20.115,MW,DK1,DK_1,forecast_solar_generation,Solar,2026-08-09T16:53:20Z
2026-08-09T16:49:56Z,2026-08-09T18:49:56+0200,eeb12da0-7c50-4259-bd40-a1d833ebd7ef,2026-07-16T19:30:00Z,2026-07-16T21:30:00+0200,3.765,MW,DK1,DK_1,forecast_solar_generation,Solar,2026-08-09T16:53:20Z
2026-08-09T16:49:56Z,2026-08-09T18:49:56+0200,eeb12da0-7c50-4259-bd40-a1d833ebd7ef,2026-07-16T19:45:00Z,2026-07-16T21:45:00+0200,0.233333,MW,DK1,DK_1,forecast_solar_generation,Solar,2026-08-09T16:53:20Z
2026-08-09T16:49:56Z,2026-08-09T18:49:56+0200,eeb12da0-7c50-4259-bd40-a1d833ebd7ef,2026-07-16T20:00:00Z,2026-07-16T22:00:00+0200,0.001666,MW,DK1,DK_1,forecast_solar_generation,Solar,2026-08-09T16:53:20Z
2026-08-09T16:49:56Z,2026-08-09T18:49:56+0200,eeb12da0-7c50-4259-bd40-a1d833ebd7ef,2026-07-16T20:15:00Z,2026-07-16T22:15:00+0200,0.0,MW,DK1,DK_1,forecast_solar_generation,Solar,2026-08-09T16:53:20Z
2026-08-09T16:49:56Z,2026-08-09T18:49:56+0200,eeb12da0-7c50-4259-bd40-a1d833ebd7ef,2026-07-16T20:30:00Z,2026-07-16T22:30:00+0200,0.0,MW,DK1,DK_1,forecast_solar_generation,Solar,2026-08-09T16:53:20Z
2026-08-09T16:49:56Z,2026-08-09T18:49:56+0200,eeb12da0-7c50-4259-bd40-a1d833ebd7ef,2026-07-16T20:45:00Z,2026-07-16T22:45:00+0200,0.0,MW,DK1,DK_1,forecast_solar_generation,Solar,2026-08-09T16:53:20Z
2026-08-09T16:49:56Z,2026-08-09T18:49:56+0200,eeb12da0-7c50-4259-bd40-a1d833ebd7ef,2026-07-16T21:00:00Z,2026-07-16T23:00:00+0200,0.0,MW,DK1,DK_1,forecast_solar_generation,Solar,2026-08-09T16:53:20Z
2026-08-09T16:49:56Z,2026-08-09T18:49:56+0200,eeb12da0-7c50-4259-bd40-a1d833ebd7ef,2026-07-16T21:15:00Z,2026-07-16T23:15:00+0200,0.0,MW,DK1,DK_1,forecast_solar_generation,Solar,2026-08-09T16:53:20Z
2026-08-09T16:49:56Z,2026-08-09T18:49:56+0200,eeb12da0-7c50-4259-bd40-a1d833ebd7ef,2026-07-16T21:30:00Z,2026-07-16T23:30:00+0200,0.0,MW,DK1,DK_1,forecast_solar_generation,Solar,2026-08-09T16:53:20Z
2026-08-09T16:49:56Z,2026-08-09T18:49:56+0200,eeb12da0-7c50-4259-bd40-a1d833ebd7ef,2026-07-16T21:45:00Z,2026-07-16T23:45:00+0200,0.0,MW,DK1,DK_1,forecast_solar_generation,Solar,2026-08-09T16:53:20Z
2026-08-09T16:49:56Z,2026-08-09T18:49:56+0200,eeb12da0-7c50-4259-bd40-a1d833ebd7ef,2026-07-16T22:00:00Z,2026-07-17T00:00:00+0200,0.0,MW,DK1,DK_1,forecast_solar_generation,Solar,2026-08-09T16:53:20Z
2026-08-09T16:49:56Z,2026-08-09T18:49:56+0200,eeb12da0-7c50-4259-bd40-a1d833ebd7ef,2026-07-16T22:15:00Z,2026-07-17T00:15:00+0200,0.0,MW,DK1,DK_1,forecast_solar_generation,Solar,2026-08-09T16:53:20Z
2026-08-09T16:49:56Z,2026-08-09T18:49:56+0200,eeb12da0-7c50-4259-bd40-a1d833ebd7ef,2026-07-16T22:30:00Z,2026-07-17T00:30:00+0200,0.0,MW,DK1,DK_1,forecast_solar_generation,Solar,2026-08-09T16:53:20Z
2026-08-09T16:49:56Z,2026-08-09T18:49:56+0200,eeb12da0-7c50-4259-bd40-a1d833ebd7ef,2026-07-16T22:45:00Z,2026-07-17T00:45:00+0200,0.0,MW,DK1,DK_1,forecast_solar_generation,Solar,2026-08-09T16:53:20Z
2026-08-09T16:49:56Z,2026-08-09T18:49:56+0200,eeb12da0-7c50-4259-bd40-a1d833ebd7ef,2026-07-16T23:00:00Z,2026-07-17T01:00:00+0200,0.0,MW,DK1,DK_1,forecast_solar_generation,Solar,2026-08-09T16:53:20Z
2026-08-09T16:49:56Z,2026-08-09T18:49:56+0200,eeb12da0-7c50-4259-bd40-a1d833ebd7ef,2026-07-16T23:15:00Z,2026-07-17T01:15:00+0200,0.0,MW,DK1,DK_1,forecast_solar_generation,Solar,2026-08-09T16:53:20Z
2026-08-09T16:49:56Z,2026-08-09T18:49:56+0200,eeb12da0-7c50-4259-bd40-a1d833ebd7ef,2026-07-16T23:30:00Z,2026-07-17T01:30:00+0200,0.0,MW,DK1,DK_1,forecast_solar_generation,Solar,2026-08-09T16:53:20Z
2026-08-09T16:49:56Z,2026-08-09T18:49:56+0200,eeb12da0-7c50-4259-bd40-a1d833ebd7ef,2026-07-16T23:45:00Z,2026-07-17T01:45:00+0200,0.0,MW,DK1,DK_1,forecast_solar_generation,Solar,2026-08-09T16:53:20Z
2026-08-09T16:49:56Z,2026-08-09T18:49:56+0200,eeb12da0-7c50-4259-bd40-a1d833ebd7ef,2026-07-17T00:00:00Z,2026-07-17T02:00:00+0200,0.0,MW,DK1,DK_1,forecast_solar_generation,Solar,2026-08-09T16:53:20Z
2026-08-09T16:49:56Z,2026-08-09T18:49:56+0200,eeb12da0-7c50-4259-bd40-a1d833ebd7ef,2026-07-17T00:15:00Z,2026-07-17T02:15:00+0200,0.0,MW,DK1,DK_1,forecast_solar_generation,Solar,2026-08-09T16:53:20Z
2026-08-09T16:49:56Z,2026-08-09T18:49:56+0200,eeb12da0-7c50-4259-bd40-a1d833ebd7ef,2026-07-17T00:30:00Z,2026-07-17T02:30:00+0200,0.0,MW,DK1,DK_1,forecast_solar_generation,Solar,2026-08-09T16:53:20Z
2026-08-09T16:49:56Z,2026-08-09T18:49:56+0200,eeb12da0-7c50-4259-bd40-a1d833ebd7ef,2026-07-17T00:45:00Z,2026-07-17T02:45:00+0200,0.0,MW,DK1,DK_1,forecast_solar_generation,Solar,2026-08-09T16:53:20Z
2026-08-09T16:49:56Z,2026-08-09T18:49:56+0200,eeb12da0-7c50-4259-bd40-a1d833ebd7ef,2026-07-17T01:00:00Z,2026-07-17T03:00:00+0200,0.0,MW,DK1,DK_1,forecast_solar_generation,Solar,2026-08-09T16:53:20Z
2026-08-09T16:49:56Z,2026-08-09T18:49:56+0200,eeb12da0-7c50-4259-bd40-a1d833ebd7ef,2026-07-17T01:15:00Z,2026-07-17T03:15:00+0200,0.0,MW,DK1,DK_1,forecast_solar_generation,Solar,2026-08-09T16:53:20Z
2026-08-09T16:49:56Z,2026-08-09T18:49:56+0200,eeb12da0-7c50-4259-bd40-a1d833ebd7ef,2026-07-17T01:30:00Z,2026-07-17T03:30:00+0200,0.0,MW,DK1,DK_1,forecast_solar_generation,Solar,2026-08-09T16:53:20Z
2026-08-09T16:49:56Z,2026-08-09T18:49:56+0200,eeb12da0-7c50-4259-bd40-a1d833ebd7ef,2026-07-17T01:45:00Z,2026-07-17T03:45:00+0200,0.0,MW,DK1,DK_1,forecast_solar_generation,Solar,2026-08-09T16:53:20Z
2026-08-09T16:49:56Z,2026-08-09T18:49:56+0200,eeb12da0-7c50-4259-bd40-a1d833ebd7ef,2026-07-17T02:00:00Z,2026-07-17T04:00:00+0200,0.0,MW,DK1,DK_1,forecast_solar_generation,Solar,2026-08-09T16:53:20Z
2026-08-09T16:49:56Z,2026-08-09T18:49:56+0200,eeb12da0-7c50-4259-bd40-a1d833ebd7ef,2026-07-17T02:15:00Z,2026-07-17T04:15:00+0200,0.0,MW,DK1,DK_1,forecast_solar_generation,Solar,2026-08-09T16:53:20Z
2026-08-09T16:49:56Z,2026-08-09T18:49:56+0200,eeb12da0-7c50-4259-bd40-a1d833ebd7ef,2026-07-17T02:30:00Z,2026-07-17T04:30:00+0200,0.0,MW,DK1,DK_1,forecast_solar_generation,Solar,2026-08-09T16:53:20Z
2026-08-09T16:49:56Z,2026-08-09T18:49:56+0200,eeb12da0-7c50-4259-bd40-a1d833ebd7ef,2026-07-17T02:45:00Z,2026-07-17T04:45:00+0200,0.008333,MW,DK1,DK_1,forecast_solar_generation,Solar,2026-08-09T16:53:20Z
2026-08-09T16:49:56Z,2026-08-09T18:49:56+0200,eeb12da0-7c50-4259-bd40-a1d833ebd7ef,2026-07-17T03:00:00Z,2026-07-17T05:00:00+0200,0.378333,MW,DK1,DK_1,forecast_solar_generation,Solar,2026-08-09T16:53:20Z
2026-08-09T16:49:56Z,2026-08-09T18:49:56+0200,eeb12da0-7c50-4259-bd40-a1d833ebd7ef,2026-07-17T03:15:00Z,2026-07-17T05:15:00+0200,4.773333,MW,DK1,DK_1,forecast_solar_generation,Solar,2026-08-09T16:53:20Z
2026-08-09T16:49:56Z,2026-08-09T18:49:56+0200,eeb12da0-7c50-4259-bd40-a1d833ebd7ef,2026-07-17T03:30:00Z,2026-07-17T05:30:00+0200,22.755,MW,DK1,DK_1,forecast_solar_generation,Solar,2026-08-09T16:53:20Z
2026-08-09T16:49:56Z,2026-08-09T18:49:56+0200,eeb12da0-7c50-4259-bd40-a1d833ebd7ef,2026-07-17T03:45:00Z,2026-07-17T05:45:00+0200,58.496666,MW,DK1,DK_1,forecast_solar_generation,Solar,2026-08-09T16:53:20Z
2026-08-09T16:49:56Z,2026-08-09T18:49:56+0200,eeb12da0-7c50-4259-bd40-a1d833ebd7ef,2026-07-17T04:00:00Z,2026-07-17T06:00:00+0200,106.535,MW,DK1,DK_1,forecast_solar_generation,Solar,2026-08-09T16:53:20Z
2026-08-09T16:49:56Z,2026-08-09T18:49:56+0200,eeb12da0-7c50-4259-bd40-a1d833ebd7ef,2026-07-17T04:15:00Z,2026-07-17T06:15:00+0200,164.448333,MW,DK1,DK_1,forecast_solar_generation,Solar,2026-08-09T16:53:20Z
2026-08-09T16:49:56Z,2026-08-09T18:49:56+0200,eeb12da0-7c50-4259-bd40-a1d833ebd7ef,2026-07-17T04:30:00Z,2026-07-17T06:30:00+0200,232.101666,MW,DK1,DK_1,forecast_solar_generation,Solar,2026-08-09T16:53:20Z
2026-08-09T16:49:56Z,2026-08-09T18:49:56+0200,eeb12da0-7c50-4259-bd40-a1d833ebd7ef,2026-07-17T04:45:00Z,2026-07-17T06:45:00+0200,305.581666,MW,DK1,DK_1,forecast_solar_generation,Solar,2026-08-09T16:53:20Z
2026-08-09T16:49:56Z,2026-08-09T18:49:56+0200,eeb12da0-7c50-4259-bd40-a1d833ebd7ef,2026-07-17T05:00:00Z,2026-07-17T07:00:00+0200,383.573333,MW,DK1,DK_1,forecast_solar_generation,Solar,2026-08-09T16:53:20Z
2026-08-09T16:49:56Z,2026-08-09T18:49:56+0200,eeb12da0-7c50-4259-bd40-a1d833ebd7ef,2026-07-17T05:15:00Z,2026-07-17T07:15:00+0200,466.431666,MW,DK1,DK_1,forecast_solar_generation,Solar,2026-08-09T16:53:20Z
2026-08-09T16:49:56Z,2026-08-09T18:49:56+0200,eeb12da0-7c50-4259-bd40-a1d833ebd7ef,2026-07-17T05:30:00Z,2026-07-17T07:30:00+0200,557.356666,MW,DK1,DK_1,forecast_solar_generation,Solar,2026-08-09T16:53:20Z
2026-08-09T16:49:56Z,2026-08-09T18:49:56+0200,eeb12da0-7c50-4259-bd40-a1d833ebd7ef,2026-07-17T05:45:00Z,2026-07-17T07:45:00+0200,651.189999,MW,DK1,DK_1,forecast_solar_generation,Solar,2026-08-09T16:53:20Z
2026-08-09T16:49:56Z,2026-08-09T18:49:56+0200,eeb12da0-7c50-4259-bd40-a1d833ebd7ef,2026-07-17T06:00:00Z,2026-07-17T08:00:00+0200,746.05,MW,DK1,DK_1,forecast_solar_generation,Solar,2026-08-09T16:53:20Z
2026-08-09T16:49:56Z,2026-08-09T18:49:56+0200,eeb12da0-7c50-4259-bd40-a1d833ebd7ef,2026-07-17T06:15:00Z,2026-07-17T08:15:00+0200,843.478333,MW,DK1,DK_1,forecast_solar_generation,Solar,2026-08-09T16:53:20Z
2026-08-09T16:49:56Z,2026-08-09T18:49:56+0200,eeb12da0-7c50-4259-bd40-a1d833ebd7ef,2026-07-17T06:30:00Z,2026-07-17T08:30:00+0200,946.42,MW,DK1,DK_1,forecast_solar_generation,Solar,2026-08-09T16:53:20Z
2026-08-09T16:49:56Z,2026-08-09T18:49:56+0200,eeb12da0-7c50-4259-bd40-a1d833ebd7ef,2026-07-17T06:45:00Z,2026-07-17T08:45:00+0200,1056.835,MW,DK1,DK_1,forecast_solar_generation,Solar,2026-08-09T16:53:20Z
2026-08-09T16:49:56Z,2026-08-09T18:49:56+0200,eeb12da0-7c50-4259-bd40-a1d833ebd7ef,2026-07-17T07:00:00Z,2026-07-17T09:00:00+0200,1170.963333,MW,DK1,DK_1,forecast_solar_generation,Solar,2026-08-09T16:53:20Z
2026-08-09T16:49:56Z,2026-08-09T18:49:56+0200,eeb12da0-7c50-4259-bd40-a1d833ebd7ef,2026-07-17T07:15:00Z,2026-07-17T09:15:00+0200,1282.18,MW,DK1,DK_1,forecast_solar_generation,Solar,2026-08-09T16:53:20Z
2026-08-09T16:49:56Z,2026-08-09T18:49:56+0200,eeb12da0-7c50-4259-bd40-a1d833ebd7ef,2026-07-17T07:30:00Z,2026-07-17T09:30:00+0200,1385.305,MW,DK1,DK_1,forecast_solar_generation,Solar,2026-08-09T16:53:20Z
2026-08-09T16:49:56Z,2026-08-09T18:49:56+0200,eeb12da0-7c50-4259-bd40-a1d833ebd7ef,2026-07-17T07:45:00Z,2026-07-17T09:45:00+0200,1486.401666,MW,DK1,DK_1,forecast_solar_generation,Solar,2026-08-09T16:53:20Z
2026-08-09T16:49:56Z,2026-08-09T18:49:56+0200,eeb12da0-7c50-4259-bd40-a1d833ebd7ef,2026-07-17T08:00:00Z,2026-07-17T10:00:00+0200,1583.193333,MW,DK1,DK_1,forecast_solar_generation,Solar,2026-08-09T16:53:20Z
2026-08-09T16:49:56Z,2026-08-09T18:49:56+0200,eeb12da0-7c50-4259-bd40-a1d833ebd7ef,2026-07-17T08:15:00Z,2026-07-17T10:15:00+0200,1668.448333,MW,DK1,DK_1,forecast_solar_generation,Solar,2026-08-09T16:53:20Z
2026-08-09T16:49:56Z,2026-08-09T18:49:56+0200,eeb12da0-7c50-4259-bd40-a1d833ebd7ef,2026-07-17T08:30:00Z,2026-07-17T10:30:00+0200,1735.458333,MW,DK1,DK_1,forecast_solar_generation,Solar,2026-08-09T16:53:20Z
2026-08-09T16:49:56Z,2026-08-09T18:49:56+0200,eeb12da0-7c50-4259-bd40-a1d833ebd7ef,2026-07-17T08:45:00Z,2026-07-17T10:45:00+0200,1787.323333,MW,DK1,DK_1,forecast_solar_generation,Solar,2026-08-09T16:53:20Z
2026-08-09T16:49:56Z,2026-08-09T18:49:56+0200,eeb12da0-7c50-4259-bd40-a1d833ebd7ef,2026-07-17T09:00:00Z,2026-07-17T11:00:00+0200,1827.295,MW,DK1,DK_1,forecast_solar_generation,Solar,2026-08-09T16:53:20Z
2026-08-09T16:49:56Z,2026-08-09T18:49:56+0200,eeb12da0-7c50-4259-bd40-a1d833ebd7ef,2026-07-17T09:15:00Z,2026-07-17T11:15:00+0200,1857.998333,MW,DK1,DK_1,forecast_solar_generation,Solar,2026-08-09T16:53:20Z
2026-08-09T16:49:56Z,2026-08-09T18:49:56+0200,eeb12da0-7c50-4259-bd40-a1d833ebd7ef,2026-07-17T09:30:00Z,2026-07-17T11:30:00+0200,1876.171666,MW,DK1,DK_1,forecast_solar_generation,Solar,2026-08-09T16:53:20Z
2026-08-09T16:49:56Z,2026-08-09T18:49:56+0200,eeb12da0-7c50-4259-bd40-a1d833ebd7ef,2026-07-17T09:45:00Z,2026-07-17T11:45:00+0200,1870.303333,MW,DK1,DK_1,forecast_solar_generation,Solar,2026-08-09T16:53:20Z
2026-08-09T16:49:56Z,2026-08-09T18:49:56+0200,eeb12da0-7c50-4259-bd40-a1d833ebd7ef,2026-07-17T10:00:00Z,2026-07-17T12:00:00+0200,1853.386666,MW,DK1,DK_1,forecast_solar_generation,Solar,2026-08-09T16:53:20Z
2026-08-09T16:49:56Z,2026-08-09T18:49:56+0200,eeb12da0-7c50-4259-bd40-a1d833ebd7ef,2026-07-17T10:15:00Z,2026-07-17T12:15:00+0200,1842.396666,MW,DK1,DK_1,forecast_solar_generation,Solar,2026-08-09T16:53:20Z
2026-08-09T16:49:56Z,2026-08-09T18:49:56+0200,eeb12da0-7c50-4259-bd40-a1d833ebd7ef,2026-07-17T10:30:00Z,2026-07-17T12:30:00+0200,1845.618333,MW,DK1,DK_1,forecast_solar_generation,Solar,2026-08-09T16:53:20Z
2026-08-09T16:49:56Z,2026-08-09T18:49:56+0200,eeb12da0-7c50-4259-bd40-a1d833ebd7ef,2026-07-17T10:45:00Z,2026-07-17T12:45:00+0200,1850.043333,MW,DK1,DK_1,forecast_solar_generation,Solar,2026-08-09T16:53:20Z
2026-08-09T16:49:56Z,2026-08-09T18:49:56+0200,eeb12da0-7c50-4259-bd40-a1d833ebd7ef,2026-07-17T11:00:00Z,2026-07-17T13:00:00+0200,1849.423333,MW,DK1,DK_1,forecast_solar_generation,Solar,2026-08-09T16:53:20Z
2026-08-09T16:49:56Z,2026-08-09T18:49:56+0200,eeb12da0-7c50-4259-bd40-a1d833ebd7ef,2026-07-17T11:15:00Z,2026-07-17T13:15:00+0200,1841.603333,MW,DK1,DK_1,forecast_solar_generation,Solar,2026-08-09T16:53:20Z
2026-08-09T16:49:56Z,2026-08-09T18:49:56+0200,eeb12da0-7c50-4259-bd40-a1d833ebd7ef,2026-07-17T11:30:00Z,2026-07-17T13:30:00+0200,1827.261666,MW,DK1,DK_1,forecast_solar_generation,Solar,2026-08-09T16:53:20Z
2026-08-09T16:49:56Z,2026-08-09T18:49:56+0200,eeb12da0-7c50-4259-bd40-a1d833ebd7ef,2026-07-17T11:45:00Z,2026-07-17T13:45:00+0200,1806.655,MW,DK1,DK_1,forecast_solar_generation,Solar,2026-08-09T16:53:20Z
2026-08-09T16:49:56Z,2026-08-09T18:49:56+0200,eeb12da0-7c50-4259-bd40-a1d833ebd7ef,2026-07-17T12:00:00Z,2026-07-17T14:00:00+0200,1784.393333,MW,DK1,DK_1,forecast_solar_generation,Solar,2026-08-09T16:53:20Z
2026-08-09T16:49:56Z,2026-08-09T18:49:56+0200,eeb12da0-7c50-4259-bd40-a1d833ebd7ef,2026-07-17T12:15:00Z,2026-07-17T14:15:00+0200,1763.266666,MW,DK1,DK_1,forecast_solar_generation,Solar,2026-08-09T16:53:20Z
2026-08-09T16:49:56Z,2026-08-09T18:49:56+0200,eeb12da0-7c50-4259-bd40-a1d833ebd7ef,2026-07-17T12:30:00Z,2026-07-17T14:30:00+0200,1753.393333,MW,DK1,DK_1,forecast_solar_generation,Solar,2026-08-09T16:53:20Z
2026-08-09T16:49:56Z,2026-08-09T18:49:56+0200,eeb12da0-7c50-4259-bd40-a1d833ebd7ef,2026-07-17T12:45:00Z,2026-07-17T14:45:00+0200,1768.385,MW,DK1,DK_1,forecast_solar_generation,Solar,2026-08-09T16:53:20Z
2026-08-09T16:49:56Z,2026-08-09T18:49:56+0200,eeb12da0-7c50-4259-bd40-a1d833ebd7ef,2026-07-17T13:00:00Z,2026-07-17T15:00:00+0200,1794.406666,MW,DK1,DK_1,forecast_solar_generation,Solar,2026-08-09T16:53:20Z
2026-08-09T16:49:56Z,2026-08-09T18:49:56+0200,eeb12da0-7c50-4259-bd40-a1d833ebd7ef,2026-07-17T13:15:00Z,2026-07-17T15:15:00+0200,1809.41,MW,DK1,DK_1,forecast_solar_generation,Solar,2026-08-09T16:53:20Z
2026-08-09T16:49:56Z,2026-08-09T18:49:56+0200,eeb12da0-7c50-4259-bd40-a1d833ebd7ef,2026-07-17T13:30:00Z,2026-07-17T15:30:00+0200,1797.883333,MW,DK1,DK_1,forecast_solar_generation,Solar,2026-08-09T16:53:20Z
2026-08-09T16:49:56Z,2026-08-09T18:49:56+0200,eeb12da0-7c50-4259-bd40-a1d833ebd7ef,2026-07-17T13:45:00Z,2026-07-17T15:45:00+0200,1772.08,MW,DK1,DK_1,forecast_solar_generation,Solar,2026-08-09T16:53:20Z
2026-08-09T16:49:56Z,2026-08-09T18:49:56+0200,eeb12da0-7c50-4259-bd40-a1d833ebd7ef,2026-07-17T14:00:00Z,2026-07-17T16:00:00+0200,1735.181666,MW,DK1,DK_1,forecast_solar_generation,Solar,2026-08-09T16:53:20Z
2026-08-09T16:49:56Z,2026-08-09T18:49:56+0200,eeb12da0-7c50-4259-bd40-a1d833ebd7ef,2026-07-17T14:15:00Z,2026-07-17T16:15:00+0200,1686.831666,MW,DK1,DK_1,forecast_solar_generation,Solar,2026-08-09T16:53:20Z
2026-08-09T16:49:56Z,2026-08-09T18:49:56+0200,eeb12da0-7c50-4259-bd40-a1d833ebd7ef,2026-07-17T14:30:00Z,2026-07-17T16:30:00+0200,1627.556666,MW,DK1,DK_1,forecast_solar_generation,Solar,2026-08-09T16:53:20Z
2026-08-09T16:49:56Z,2026-08-09T18:49:56+0200,eeb12da0-7c50-4259-bd40-a1d833ebd7ef,2026-07-17T14:45:00Z,2026-07-17T16:45:00+0200,1563.868333,MW,DK1,DK_1,forecast_solar_generation,Solar,2026-08-09T16:53:20Z
2026-08-09T16:49:56Z,2026-08-09T18:49:56+0200,eeb12da0-7c50-4259-bd40-a1d833ebd7ef,2026-07-17T15:00:00Z,2026-07-17T17:00:00+0200,1504.171666,MW,DK1,DK_1,forecast_solar_generation,Solar,2026-08-09T16:53:20Z
2026-08-09T16:49:56Z,2026-08-09T18:49:56+0200,eeb12da0-7c50-4259-bd40-a1d833ebd7ef,2026-07-17T15:15:00Z,2026-07-17T17:15:00+0200,1421.953333,MW,DK1,DK_1,forecast_solar_generation,Solar,2026-08-09T16:53:20Z
2026-08-09T16:49:56Z,2026-08-09T18:49:56+0200,eeb12da0-7c50-4259-bd40-a1d833ebd7ef,2026-07-17T15:30:00Z,2026-07-17T17:30:00+0200,1328.774999,MW,DK1,DK_1,forecast_solar_generation,Solar,2026-08-09T16:53:20Z
2026-08-09T16:49:56Z,2026-08-09T18:49:56+0200,eeb12da0-7c50-4259-bd40-a1d833ebd7ef,2026-07-17T15:45:00Z,2026-07-17T17:45:00+0200,1233.626666,MW,DK1,DK_1,forecast_solar_generation,Solar,2026-08-09T16:53:20Z
2026-08-09T16:49:56Z,2026-08-09T18:49:56+0200,eeb12da0-7c50-4259-bd40-a1d833ebd7ef,2026-07-17T16:00:00Z,2026-07-17T18:00:00+0200,1136.178333,MW,DK1,DK_1,forecast_solar_generation,Solar,2026-08-09T16:53:20Z
2026-08-09T16:49:56Z,2026-08-09T18:49:56+0200,eeb12da0-7c50-4259-bd40-a1d833ebd7ef,2026-07-17T16:15:00Z,2026-07-17T18:15:00+0200,1034.274999,MW,DK1,DK_1,forecast_solar_generation,Solar,2026-08-09T16:53:20Z
2026-08-09T16:49:56Z,2026-08-09T18:49:56+0200,eeb12da0-7c50-4259-bd40-a1d833ebd7ef,2026-07-17T16:30:00Z,2026-07-17T18:30:00+0200,930.4,MW,DK1,DK_1,forecast_solar_generation,Solar,2026-08-09T16:53:20Z
2026-08-09T16:49:56Z,2026-08-09T18:49:56+0200,eeb12da0-7c50-4259-bd40-a1d833ebd7ef,2026-07-17T16:45:00Z,2026-07-17T18:45:00+0200,833.079999,MW,DK1,DK_1,forecast_solar_generation,Solar,2026-08-09T16:53:20Z
2026-08-09T16:49:56Z,2026-08-09T18:49:56+0200,eeb12da0-7c50-4259-bd40-a1d833ebd7ef,2026-07-17T17:00:00Z,2026-07-17T19:00:00+0200,737.366666,MW,DK1,DK_1,forecast_solar_generation,Solar,2026-08-09T16:53:20Z
2026-08-09T16:49:56Z,2026-08-09T18:49:56+0200,eeb12da0-7c50-4259-bd40-a1d833ebd7ef,2026-07-17T17:15:00Z,2026-07-17T19:15:00+0200,637.303333,MW,DK1,DK_1,forecast_solar_generation,Solar,2026-08-09T16:53:20Z
2026-08-09T16:49:56Z,2026-08-09T18:49:56+0200,eeb12da0-7c50-4259-bd40-a1d833ebd7ef,2026-07-17T17:30:00Z,2026-07-17T19:30:00+0200,532.54,MW,DK1,DK_1,forecast_solar_generation,Solar,2026-08-09T16:53:20Z
2026-08-09T16:49:56Z,2026-08-09T18:49:56+0200,eeb12da0-7c50-4259-bd40-a1d833ebd7ef,2026-07-17T17:45:00Z,2026-07-17T19:45:00+0200,430.338333,MW,DK1,DK_1,forecast_solar_generation,Solar,2026-08-09T16:53:20Z
2026-08-09T16:49:56Z,2026-08-09T18:49:56+0200,eeb12da0-7c50-4259-bd40-a1d833ebd7ef,2026-07-17T18:00:00Z,2026-07-17T20:00:00+0200,335.061666,MW,DK1,DK_1,forecast_solar_generation,Solar,2026-08-09T16:53:20Z
2026-08-09T16:49:56Z,2026-08-09T18:49:56+0200,eeb12da0-7c50-4259-bd40-a1d833ebd7ef,2026-07-17T18:15:00Z,2026-07-17T20:15:00+0200,247.795,MW,DK1,DK_1,forecast_solar_generation,Solar,2026-08-09T16:53:20Z
2026-08-09T16:49:56Z,2026-08-09T18:49:56+0200,eeb12da0-7c50-4259-bd40-a1d833ebd7ef,2026-07-17T18:30:00Z,2026-07-17T20:30:00+0200,171.018333,MW,DK1,DK_1,forecast_solar_generation,Solar,2026-08-09T16:53:20Z
2026-08-09T16:49:56Z,2026-08-09T18:49:56+0200,eeb12da0-7c50-4259-bd40-a1d833ebd7ef,2026-07-17T18:45:00Z,2026-07-17T20:45:00+0200,106.339999,MW,DK1,DK_1,forecast_solar_generation,Solar,2026-08-09T16:53:20Z
2026-08-09T16:49:56Z,2026-08-09T18:49:56+0200,eeb12da0-7c50-4259-bd40-a1d833ebd7ef,2026-07-17T19:00:00Z,2026-07-17T21:00:00+0200,54.141666,MW,DK1,DK_1,forecast_solar_generation,Solar,2026-08-09T16:53:20Z
2026-08-09T16:49:56Z,2026-08-09T18:49:56+0200,eeb12da0-7c50-4259-bd40-a1d833ebd7ef,2026-07-17T19:15:00Z,2026-07-17T21:15:00+0200,18.241666,MW,DK1,DK_1,forecast_solar_generation,Solar,2026-08-09T16:53:20Z
2026-08-09T16:49:56Z,2026-08-09T18:49:56+0200,eeb12da0-7c50-4259-bd40-a1d833ebd7ef,2026-07-17T19:30:00Z,2026-07-17T21:30:00+0200,3.171666,MW,DK1,DK_1,forecast_solar_generation,Solar,2026-08-09T16:53:20Z
2026-08-09T16:49:56Z,2026-08-09T18:49:56+0200,eeb12da0-7c50-4259-bd40-a1d833ebd7ef,2026-07-17T19:45:00Z,2026-07-17T21:45:00+0200,0.175,MW,DK1,DK_1,forecast_solar_generation,Solar,2026-08-09T16:53:20Z
2026-08-09T16:49:56Z,2026-08-09T18:49:56+0200,eeb12da0-7c50-4259-bd40-a1d833ebd7ef,2026-07-17T20:00:00Z,2026-07-17T22:00:00+0200,0.0,MW,DK1,DK_1,forecast_solar_generation,Solar,2026-08-09T16:53:20Z
2026-08-09T16:49:56Z,2026-08-09T18:49:56+0200,eeb12da0-7c50-4259-bd40-a1d833ebd7ef,2026-07-17T20:15:00Z,2026-07-17T22:15:00+0200,0.0,MW,DK1,DK_1,forecast_solar_generation,Solar,2026-08-09T16:53:20Z
2026-08-09T16:49:56Z,2026-08-09T18:49:56+0200,eeb12da0-7c50-4259-bd40-a1d833ebd7ef,2026-07-17T20:30:00Z,2026-07-17T22:30:00+0200,0.0,MW,DK1,DK_1,forecast_solar_generation,Solar,2026-08-09T16:53:20Z
2026-08-09T16:49:56Z,2026-08-09T18:49:56+0200,eeb12da0-7c50-4259-bd40-a1d833ebd7ef,2026-07-17T20:45:00Z,2026-07-17T22:45:00+0200,0.0,MW,DK1,DK_1,forecast_solar_generation,Solar,2026-08-09T16:53:20Z
2026-08-09T16:49:56Z,2026-08-09T18:49:56+0200,eeb12da0-7c50-4259-bd40-a1d833ebd7ef,2026-07-17T21:00:00Z,2026-07-17T23:00:00+0200,0.0,MW,DK1,DK_1,forecast_solar_generation,Solar,2026-08-09T16:53:20Z
2026-08-09T16:49:56Z,2026-08-09T18:49:56+0200,eeb12da0-7c50-4259-bd40-a1d833ebd7ef,2026-07-17T21:15:00Z,2026-07-17T23:15:00+0200,0.0,MW,DK1,DK_1,forecast_solar_generation,Solar,2026-08-09T16:53:20Z
2026-08-09T16:49:56Z,2026-08-09T18:49:56+0200,eeb12da0-7c50-4259-bd40-a1d833ebd7ef,2026-07-17T21:30:00Z,2026-07-17T23:30:00+0200,0.0,MW,DK1,DK_1,forecast_solar_generation,Solar,2026-08-09T16:53:20Z
2026-08-09T16:49:56Z,2026-08-09T18:49:56+0200,eeb12da0-7c50-4259-bd40-a1d833ebd7ef,2026-07-17T21:45:00Z,2026-07-17T23:45:00+0200,0.0,MW,DK1,DK_1,forecast_solar_generation,Solar,2026-08-09T16:53:20Z
2026-08-09T16:49:56Z,2026-08-09T18:49:56+0200,eeb12da0-7c50-4259-bd40-a1d833ebd7ef,2026-07-17T22:00:00Z,2026-07-18T00:00:00+0200,0.0,MW,DK1,DK_1,forecast_solar_generation,Solar,2026-08-09T16:53:20Z
2026-08-09T16:49:56Z,2026-08-09T18:49:56+0200,eeb12da0-7c50-4259-bd40-a1d833ebd7ef,2026-07-17T22:15:00Z,2026-07-18T00:15:00+0200,0.0,MW,DK1,DK_1,forecast_solar_generation,Solar,2026-08-09T16:53:20Z
2026-08-09T16:49:56Z,2026-08-09T18:49:56+0200,eeb12da0-7c50-4259-bd40-a1d833ebd7ef,2026-07-17T22:30:00Z,2026-07-18T00:30:00+0200,0.0,MW,DK1,DK_1,forecast_solar_generation,Solar,2026-08-09T16:53:20Z
2026-08-09T16:49:56Z,2026-08-09T18:49:56+0200,eeb12da0-7c50-4259-bd40-a1d833ebd7ef,2026-07-17T22:45:00Z,2026-07-18T00:45:00+0200,0.0,MW,DK1,DK_1,forecast_solar_generation,Solar,2026-08-09T16:53:20Z
2026-08-09T16:49:56Z,2026-08-09T18:49:56+0200,eeb12da0-7c50-4259-bd40-a1d833ebd7ef,2026-07-17T23:00:00Z,2026-07-18T01:00:00+0200,0.0,MW,DK1,DK_1,forecast_solar_generation,Solar,2026-08-09T16:53:20Z
2026-08-09T16:49:56Z,2026-08-09T18:49:56+0200,eeb12da0-7c50-4259-bd40-a1d833ebd7ef,2026-07-17T23:15:00Z,2026-07-18T01:15:00+0200,0.0,MW,DK1,DK_1,forecast_solar_generation,Solar,2026-08-09T16:53:20Z
2026-08-09T16:49:56Z,2026-08-09T18:49:56+0200,eeb12da0-7c50-4259-bd40-a1d833ebd7ef,2026-07-17T23:30:00Z,2026-07-18T01:30:00+0200,0.0,MW,DK1,DK_1,forecast_solar_generation,Solar,2026-08-09T16:53:20Z
2026-08-09T16:49:56Z,2026-08-09T18:49:56+0200,eeb12da0-7c50-4259-bd40-a1d833ebd7ef,2026-07-17T23:45:00Z,2026-07-18T01:45:00+0200,0.0,MW,DK1,DK_1,forecast_solar_generation,Solar,2026-08-09T16:53:20Z
2026-08-09T16:49:56Z,2026-08-09T18:49:56+0200,eeb12da0-7c50-4259-bd40-a1d833ebd7ef,2026-07-18T00:00:00Z,2026-07-18T02:00:00+0200,0.0,MW,DK1,DK_1,forecast_solar_generation,Solar,2026-08-09T16:53:20Z
2026-08-09T16:49:56Z,2026-08-09T18:49:56+0200,eeb12da0-7c50-4259-bd40-a1d833ebd7ef,2026-07-18T00:15:00Z,2026-07-18T02:15:00+0200,0.0,MW,DK1,DK_1,forecast_solar_generation,Solar,2026-08-09T16:53:20Z
2026-08-09T16:49:56Z,2026-08-09T18:49:56+0200,eeb12da0-7c50-4259-bd40-a1d833ebd7ef,2026-07-18T00:30:00Z,2026-07-18T02:30:00+0200,0.0,MW,DK1,DK_1,forecast_solar_generation,Solar,2026-08-09T16:53:20Z
2026-08-09T16:49:56Z,2026-08-09T18:49:56+0200,eeb12da0-7c50-4259-bd40-a1d833ebd7ef,2026-07-18T00:45:00Z,2026-07-18T02:45:00+0200,0.0,MW,DK1,DK_1,forecast_solar_generation,Solar,2026-08-09T16:53:20Z
2026-08-09T16:49:56Z,2026-08-09T18:49:56+0200,eeb12da0-7c50-4259-bd40-a1d833ebd7ef,2026-07-18T01:00:00Z,2026-07-18T03:00:00+0200,0.0,MW,DK1,DK_1,forecast_solar_generation,Solar,2026-08-09T16:53:20Z
2026-08-09T16:49:56Z,2026-08-09T18:49:56+0200,eeb12da0-7c50-4259-bd40-a1d833ebd7ef,2026-07-18T01:15:00Z,2026-07-18T03:15:00+0200,0.0,MW,DK1,DK_1,forecast_solar_generation,Solar,2026-08-09T16:53:20Z
2026-08-09T16:49:56Z,2026-08-09T18:49:56+0200,eeb12da0-7c50-4259-bd40-a1d833ebd7ef,2026-07-18T01:30:00Z,2026-07-18T03:30:00+0200,0.0,MW,DK1,DK_1,forecast_solar_generation,Solar,2026-08-09T16:53:20Z
2026-08-09T16:49:56Z,2026-08-09T18:49:56+0200,eeb12da0-7c50-4259-bd40-a1d833ebd7ef,2026-07-18T01:45:00Z,2026-07-18T03:45:00+0200,0.0,MW,DK1,DK_1,forecast_solar_generation,Solar,2026-08-09T16:53:20Z
2026-08-09T16:49:56Z,2026-08-09T18:49:56+0200,eeb12da0-7c50-4259-bd40-a1d833ebd7ef,2026-07-18T02:00:00Z,2026-07-18T04:00:00+0200,0.0,MW,DK1,DK_1,forecast_solar_generation,Solar,2026-08-09T16:53:20Z
2026-08-09T16:49:56Z,2026-08-09T18:49:56+0200,eeb12da0-7c50-4259-bd40-a1d833ebd7ef,2026-07-18T02:15:00Z,2026-07-18T04:15:00+0200,0.0,MW,DK1,DK_1,forecast_solar_generation,Solar,2026-08-09T16:53:20Z
2026-08-09T16:49:56Z,2026-08-09T18:49:56+0200,eeb12da0-7c50-4259-bd40-a1d833ebd7ef,2026-07-18T02:30:00Z,2026-07-18T04:30:00+0200,0.0,MW,DK1,DK_1,forecast_solar_generation,Solar,2026-08-09T16:53:20Z
2026-08-09T16:49:56Z,2026-08-09T18:49:56+0200,eeb12da0-7c50-4259-bd40-a1d833ebd7ef,2026-07-18T02:45:00Z,2026-07-18T04:45:00+0200,0.003333,MW,DK1,DK_1,forecast_solar_generation,Solar,2026-08-09T16:53:20Z
2026-08-09T16:49:56Z,2026-08-09T18:49:56+0200,eeb12da0-7c50-4259-bd40-a1d833ebd7ef,2026-07-18T03:00:00Z,2026-07-18T05:00:00+0200,0.273333,MW,DK1,DK_1,forecast_solar_generation,Solar,2026-08-09T16:53:20Z
2026-08-09T16:49:56Z,2026-08-09T18:49:56+0200,eeb12da0-7c50-4259-bd40-a1d833ebd7ef,2026-07-18T03:15:00Z,2026-07-18T05:15:00+0200,3.451666,MW,DK1,DK_1,forecast_solar_generation,Solar,2026-08-09T16:53:20Z
2026-08-09T16:49:56Z,2026-08-09T18:49:56+0200,eeb12da0-7c50-4259-bd40-a1d833ebd7ef,2026-07-18T03:30:00Z,2026-07-18T05:30:00+0200,17.518333,MW,DK1,DK_1,forecast_solar_generation,Solar,2026-08-09T16:53:20Z
2026-08-09T16:49:56Z,2026-08-09T18:49:56+0200,eeb12da0-7c50-4259-bd40-a1d833ebd7ef,2026-07-18T03:45:00Z,2026-07-18T05:45:00+0200,46.413333,MW,DK1,DK_1,forecast_solar_generation,Solar,2026-08-09T16:53:20Z
2026-08-09T16:49:56Z,2026-08-09T18:49:56+0200,eeb12da0-7c50-4259-bd40-a1d833ebd7ef,2026-07-18T04:00:00Z,2026-07-18T06:00:00+0200,85.143333,MW,DK1,DK_1,forecast_solar_generation,Solar,2026-08-09T16:53:20Z
2026-08-09T16:49:56Z,2026-08-09T18:49:56+0200,eeb12da0-7c50-4259-bd40-a1d833ebd7ef,2026-07-18T04:15:00Z,2026-07-18T06:15:00+0200,131.458333,MW,DK1,DK_1,forecast_solar_generation,Solar,2026-08-09T16:53:20Z
2026-08-09T16:49:56Z,2026-08-09T18:49:56+0200,eeb12da0-7c50-4259-bd40-a1d833ebd7ef,2026-07-18T04:30:00Z,2026-07-18T06:30:00+0200,188.081666,MW,DK1,DK_1,forecast_solar_generation,Solar,2026-08-09T16:53:20Z
2026-08-09T16:49:56Z,2026-08-09T18:49:56+0200,eeb12da0-7c50-4259-bd40-a1d833ebd7ef,2026-07-18T04:45:00Z,2026-07-18T06:45:00+0200,254.623333,MW,DK1,DK_1,forecast_solar_generation,Solar,2026-08-09T16:53:20Z
2026-08-09T16:49:56Z,2026-08-09T18:49:56+0200,eeb12da0-7c50-4259-bd40-a1d833ebd7ef,2026-07-18T05:00:00Z,2026-07-18T07:00:00+0200,329.526666,MW,DK1,DK_1,forecast_solar_generation,Solar,2026-08-09T16:53:20Z
2026-08-09T16:49:56Z,2026-08-09T18:49:56+0200,eeb12da0-7c50-4259-bd40-a1d833ebd7ef,2026-07-18T05:15:00Z,2026-07-18T07:15:00+0200,410.234999,MW,DK1,DK_1,forecast_solar_generation,Solar,2026-08-09T16:53:20Z
2026-08-09T16:49:56Z,2026-08-09T18:49:56+0200,eeb12da0-7c50-4259-bd40-a1d833ebd7ef,2026-07-18T05:30:00Z,2026-07-18T07:30:00+0200,494.818333,MW,DK1,DK_1,forecast_solar_generation,Solar,2026-08-09T16:53:20Z
2026-08-09T16:49:56Z,2026-08-09T18:49:56+0200,eeb12da0-7c50-4259-bd40-a1d833ebd7ef,2026-07-18T05:45:00Z,2026-07-18T07:45:00+0200,581.706666,MW,DK1,DK_1,forecast_solar_generation,Solar,2026-08-09T16:53:20Z
2026-08-09T16:49:56Z,2026-08-09T18:49:56+0200,eeb12da0-7c50-4259-bd40-a1d833ebd7ef,2026-07-18T06:00:00Z,2026-07-18T08:00:00+0200,670.345,MW,DK1,DK_1,forecast_solar_generation,Solar,2026-08-09T16:53:20Z
2026-08-09T16:49:56Z,2026-08-09T18:49:56+0200,eeb12da0-7c50-4259-bd40-a1d833ebd7ef,2026-07-18T06:15:00Z,2026-07-18T08:15:00+0200,760.981666,MW,DK1,DK_1,forecast_solar_generation,Solar,2026-08-09T16:53:20Z
2026-08-09T16:49:56Z,2026-08-09T18:49:56+0200,eeb12da0-7c50-4259-bd40-a1d833ebd7ef,2026-07-18T06:30:00Z,2026-07-18T08:30:00+0200,855.226666,MW,DK1,DK_1,forecast_solar_generation,Solar,2026-08-09T16:53:20Z
2026-08-09T16:49:56Z,2026-08-09T18:49:56+0200,eeb12da0-7c50-4259-bd40-a1d833ebd7ef,2026-07-18T06:45:00Z,2026-07-18T08:45:00+0200,955.485,MW,DK1,DK_1,forecast_solar_generation,Solar,2026-08-09T16:53:20Z
2026-08-09T16:49:56Z,2026-08-09T18:49:56+0200,eeb12da0-7c50-4259-bd40-a1d833ebd7ef,2026-07-18T07:00:00Z,2026-07-18T09:00:00+0200,1059.636666,MW,DK1,DK_1,forecast_solar_generation,Solar,2026-08-09T16:53:20Z
2026-08-09T16:49:56Z,2026-08-09T18:49:56+0200,eeb12da0-7c50-4259-bd40-a1d833ebd7ef,2026-07-18T07:15:00Z,2026-07-18T09:15:00+0200,1162.78,MW,DK1,DK_1,forecast_solar_generation,Solar,2026-08-09T16:53:20Z
2026-08-09T16:49:56Z,2026-08-09T18:49:56+0200,eeb12da0-7c50-4259-bd40-a1d833ebd7ef,2026-07-18T07:30:00Z,2026-07-18T09:30:00+0200,1264.075,MW,DK1,DK_1,forecast_solar_generation,Solar,2026-08-09T16:53:20Z
2026-08-09T16:49:56Z,2026-08-09T18:49:56+0200,eeb12da0-7c50-4259-bd40-a1d833ebd7ef,2026-07-18T07:45:00Z,2026-07-18T09:45:00+0200,1377.063333,MW,DK1,DK_1,forecast_solar_generation,Solar,2026-08-09T16:53:20Z
2026-08-09T16:49:56Z,2026-08-09T18:49:56+0200,eeb12da0-7c50-4259-bd40-a1d833ebd7ef,2026-07-18T08:00:00Z,2026-07-18T10:00:00+0200,1495.935,MW,DK1,DK_1,forecast_solar_generation,Solar,2026-08-09T16:53:20Z
2026-08-09T16:49:56Z,2026-08-09T18:49:56+0200,eeb12da0-7c50-4259-bd40-a1d833ebd7ef,2026-07-18T08:15:00Z,2026-07-18T10:15:00+0200,1588.47,MW,DK1,DK_1,forecast_solar_generation,Solar,2026-08-09T16:53:20Z
2026-08-09T16:49:56Z,2026-08-09T18:49:56+0200,eeb12da0-7c50-4259-bd40-a1d833ebd7ef,2026-07-18T08:30:00Z,2026-07-18T10:30:00+0200,1560.348333,MW,DK1,DK_1,forecast_solar_generation,Solar,2026-08-09T16:53:20Z
2026-08-09T16:49:56Z,2026-08-09T18:49:56+0200,eeb12da0-7c50-4259-bd40-a1d833ebd7ef,2026-07-18T08:45:00Z,2026-07-18T10:45:00+0200,1458.245,MW,DK1,DK_1,forecast_solar_generation,Solar,2026-08-09T16:53:20Z
2026-08-09T16:49:56Z,2026-08-09T18:49:56+0200,eeb12da0-7c50-4259-bd40-a1d833ebd7ef,2026-07-18T09:00:00Z,2026-07-18T11:00:00+0200,1509.551666,MW,DK1,DK_1,forecast_solar_generation,Solar,2026-08-09T16:53:20Z
2026-08-09T16:49:56Z,2026-08-09T18:49:56+0200,eeb12da0-7c50-4259-bd40-a1d833ebd7ef,2026-07-18T09:15:00Z,2026-07-18T11:15:00+0200,1541.439999,MW,DK1,DK_1,forecast_solar_generation,Solar,2026-08-09T16:53:20Z
2026-08-09T16:49:56Z,2026-08-09T18:49:56+0200,eeb12da0-7c50-4259-bd40-a1d833ebd7ef,2026-07-18T09:30:00Z,2026-07-18T11:30:00+0200,1586.008333,MW,DK1,DK_1,forecast_solar_generation,Solar,2026-08-09T16:53:20Z
2026-08-09T16:49:56Z,2026-08-09T18:49:56+0200,eeb12da0-7c50-4259-bd40-a1d833ebd7ef,2026-07-18T09:45:00Z,2026-07-18T11:45:00+0200,1544.273333,MW,DK1,DK_1,forecast_solar_generation,Solar,2026-08-09T16:53:20Z
2026-08-09T16:49:56Z,2026-08-09T18:49:56+0200,eeb12da0-7c50-4259-bd40-a1d833ebd7ef,2026-07-18T10:00:00Z,2026-07-18T12:00:00+0200,1167.093333,MW,DK1,DK_1,forecast_solar_generation,Solar,2026-08-09T16:53:20Z
2026-08-09T16:49:56Z,2026-08-09T18:49:56+0200,eeb12da0-7c50-4259-bd40-a1d833ebd7ef,2026-07-18T10:15:00Z,2026-07-18T12:15:00+0200,1178.446666,MW,DK1,DK_1,forecast_solar_generation,Solar,2026-08-09T16:53:20Z
2026-08-09T16:49:56Z,2026-08-09T18:49:56+0200,eeb12da0-7c50-4259-bd40-a1d833ebd7ef,2026-07-18T10:30:00Z,2026-07-18T12:30:00+0200,1188.77,MW,DK1,DK_1,forecast_solar_generation,Solar,2026-08-09T16:53:20Z
2026-08-09T16:49:56Z,2026-08-09T18:49:56+0200,eeb12da0-7c50-4259-bd40-a1d833ebd7ef,2026-07-18T10:45:00Z,2026-07-18T12:45:00+0200,1185.678333,MW,DK1,DK_1,forecast_solar_generation,Solar,2026-08-09T16:53:20Z
2026-08-09T16:49:56Z,2026-08-09T18:49:56+0200,eeb12da0-7c50-4259-bd40-a1d833ebd7ef,2026-07-18T11:00:00Z,2026-07-18T13:00:00+0200,1139.861666,MW,DK1,DK_1,forecast_solar_generation,Solar,2026-08-09T16:53:20Z
2026-08-09T16:49:56Z,2026-08-09T18:49:56+0200,eeb12da0-7c50-4259-bd40-a1d833ebd7ef,2026-07-18T11:15:00Z,2026-07-18T13:15:00+0200,1137.98,MW,DK1,DK_1,forecast_solar_generation,Solar,2026-08-09T16:53:20Z
2026-08-09T16:49:56Z,2026-08-09T18:49:56+0200,eeb12da0-7c50-4259-bd40-a1d833ebd7ef,2026-07-18T11:30:00Z,2026-07-18T13:30:00+0200,1133.524999,MW,DK1,DK_1,forecast_solar_generation,Solar,2026-08-09T16:53:20Z
2026-08-09T16:49:56Z,2026-08-09T18:49:56+0200,eeb12da0-7c50-4259-bd40-a1d833ebd7ef,2026-07-18T11:45:00Z,2026-07-18T13:45:00+0200,1126.658333,MW,DK1,DK_1,forecast_solar_generation,Solar,2026-08-09T16:53:20Z
2026-08-09T16:49:56Z,2026-08-09T18:49:56+0200,eeb12da0-7c50-4259-bd40-a1d833ebd7ef,2026-07-18T12:00:00Z,2026-07-18T14:00:00+0200,1116.78,MW,DK1,DK_1,forecast_solar_generation,Solar,2026-08-09T16:53:20Z
2026-08-09T16:49:56Z,2026-08-09T18:49:56+0200,eeb12da0-7c50-4259-bd40-a1d833ebd7ef,2026-07-18T12:15:00Z,2026-07-18T14:15:00+0200,1103.22,MW,DK1,DK_1,forecast_solar_generation,Solar,2026-08-09T16:53:20Z
2026-08-09T16:49:56Z,2026-08-09T18:49:56+0200,eeb12da0-7c50-4259-bd40-a1d833ebd7ef,2026-07-18T12:30:00Z,2026-07-18T14:30:00+0200,1083.765,MW,DK1,DK_1,forecast_solar_generation,Solar,2026-08-09T16:53:20Z
2026-08-09T16:49:56Z,2026-08-09T18:49:56+0200,eeb12da0-7c50-4259-bd40-a1d833ebd7ef,2026-07-18T12:45:00Z,2026-07-18T14:45:00+0200,1054.566666,MW,DK1,DK_1,forecast_solar_generation,Solar,2026-08-09T16:53:20Z
2026-08-09T16:49:56Z,2026-08-09T18:49:56+0200,eeb12da0-7c50-4259-bd40-a1d833ebd7ef,2026-07-18T13:00:00Z,2026-07-18T15:00:00+0200,1020.078333,MW,DK1,DK_1,forecast_solar_generation,Solar,2026-08-09T16:53:20Z
2026-08-09T16:49:56Z,2026-08-09T18:49:56+0200,eeb12da0-7c50-4259-bd40-a1d833ebd7ef,2026-07-18T13:15:00Z,2026-07-18T15:15:00+0200,987.045,MW,DK1,DK_1,forecast_solar_generation,Solar,2026-08-09T16:53:20Z
2026-08-09T16:49:56Z,2026-08-09T18:49:56+0200,eeb12da0-7c50-4259-bd40-a1d833ebd7ef,2026-07-18T13:30:00Z,2026-07-18T15:30:00+0200,957.931666,MW,DK1,DK_1,forecast_solar_generation,Solar,2026-08-09T16:53:20Z
2026-08-09T16:49:56Z,2026-08-09T18:49:56+0200,eeb12da0-7c50-4259-bd40-a1d833ebd7ef,2026-07-18T13:45:00Z,2026-07-18T15:45:00+0200,924.27,MW,DK1,DK_1,forecast_solar_generation,Solar,2026-08-09T16:53:20Z
2026-08-09T16:49:56Z,2026-08-09T18:49:56+0200,eeb12da0-7c50-4259-bd40-a1d833ebd7ef,2026-07-18T14:00:00Z,2026-07-18T16:00:00+0200,886.271666,MW,DK1,DK_1,forecast_solar_generation,Solar,2026-08-09T16:53:20Z
2026-08-09T16:49:56Z,2026-08-09T18:49:56+0200,eeb12da0-7c50-4259-bd40-a1d833ebd7ef,2026-07-18T14:15:00Z,2026-07-18T16:15:00+0200,855.46,MW,DK1,DK_1,forecast_solar_generation,Solar,2026-08-09T16:53:20Z
2026-08-09T16:49:56Z,2026-08-09T18:49:56+0200,eeb12da0-7c50-4259-bd40-a1d833ebd7ef,2026-07-18T14:30:00Z,2026-07-18T16:30:00+0200,915.0,MW,DK1,DK_1,forecast_solar_generation,Solar,2026-08-09T16:53:20Z
2026-08-09T16:49:56Z,2026-08-09T18:49:56+0200,eeb12da0-7c50-4259-bd40-a1d833ebd7ef,2026-07-18T14:45:00Z,2026-07-18T16:45:00+0200,1118.468333,MW,DK1,DK_1,forecast_solar_generation,Solar,2026-08-09T16:53:20Z
2026-08-09T16:49:56Z,2026-08-09T18:49:56+0200,eeb12da0-7c50-4259-bd40-a1d833ebd7ef,2026-07-18T15:00:00Z,2026-07-18T17:00:00+0200,802.123333,MW,DK1,DK_1,forecast_solar_generation,Solar,2026-08-09T16:53:20Z
2026-08-09T16:49:56Z,2026-08-09T18:49:56+0200,eeb12da0-7c50-4259-bd40-a1d833ebd7ef,2026-07-18T15:15:00Z,2026-07-18T17:15:00+0200,992.941666,MW,DK1,DK_1,forecast_solar_generation,Solar,2026-08-09T16:53:20Z
2026-08-09T16:49:56Z,2026-08-09T18:49:56+0200,eeb12da0-7c50-4259-bd40-a1d833ebd7ef,2026-07-18T15:30:00Z,2026-07-18T17:30:00+0200,959.706666,MW,DK1,DK_1,forecast_solar_generation,Solar,2026-08-09T16:53:20Z
2026-08-09T16:49:56Z,2026-08-09T18:49:56+0200,eeb12da0-7c50-4259-bd40-a1d833ebd7ef,2026-07-18T15:45:00Z,2026-07-18T17:45:00+0200,974.441666,MW,DK1,DK_1,forecast_solar_generation,Solar,2026-08-09T16:53:20Z
2026-08-09T16:49:56Z,2026-08-09T18:49:56+0200,eeb12da0-7c50-4259-bd40-a1d833ebd7ef,2026-07-18T16:00:00Z,2026-07-18T18:00:00+0200,931.695,MW,DK1,DK_1,forecast_solar_generation,Solar,2026-08-09T16:53:20Z
2026-08-09T16:49:56Z,2026-08-09T18:49:56+0200,eeb12da0-7c50-4259-bd40-a1d833ebd7ef,2026-07-18T16:15:00Z,2026-07-18T18:15:00+0200,927.503333,MW,DK1,DK_1,forecast_solar_generation,Solar,2026-08-09T16:53:20Z
2026-08-09T16:49:56Z,2026-08-09T18:49:56+0200,eeb12da0-7c50-4259-bd40-a1d833ebd7ef,2026-07-18T16:30:00Z,2026-07-18T18:30:00+0200,827.811666,MW,DK1,DK_1,forecast_solar_generation,Solar,2026-08-09T16:53:20Z
2026-08-09T16:49:56Z,2026-08-09T18:49:56+0200,eeb12da0-7c50-4259-bd40-a1d833ebd7ef,2026-07-18T16:45:00Z,2026-07-18T18:45:00+0200,724.156666,MW,DK1,DK_1,forecast_solar_generation,Solar,2026-08-09T16:53:20Z
2026-08-09T16:49:56Z,2026-08-09T18:49:56+0200,eeb12da0-7c50-4259-bd40-a1d833ebd7ef,2026-07-18T17:00:00Z,2026-07-18T19:00:00+0200,627.961666,MW,DK1,DK_1,forecast_solar_generation,Solar,2026-08-09T16:53:20Z
2026-08-09T16:49:56Z,2026-08-09T18:49:56+0200,eeb12da0-7c50-4259-bd40-a1d833ebd7ef,2026-07-18T17:15:00Z,2026-07-18T19:15:00+0200,531.546666,MW,DK1,DK_1,forecast_solar_generation,Solar,2026-08-09T16:53:20Z
2026-08-09T16:49:56Z,2026-08-09T18:49:56+0200,eeb12da0-7c50-4259-bd40-a1d833ebd7ef,2026-07-18T17:30:00Z,2026-07-18T19:30:00+0200,441.69,MW,DK1,DK_1,forecast_solar_generation,Solar,2026-08-09T16:53:20Z
2026-08-09T16:49:56Z,2026-08-09T18:49:56+0200,eeb12da0-7c50-4259-bd40-a1d833ebd7ef,2026-07-18T17:45:00Z,2026-07-18T19:45:00+0200,357.445,MW,DK1,DK_1,forecast_solar_generation,Solar,2026-08-09T16:53:20Z
2026-08-09T16:49:56Z,2026-08-09T18:49:56+0200,eeb12da0-7c50-4259-bd40-a1d833ebd7ef,2026-07-18T18:00:00Z,2026-07-18T20:00:00+0200,278.49,MW,DK1,DK_1,forecast_solar_generation,Solar,2026-08-09T16:53:20Z
2026-08-09T16:49:56Z,2026-08-09T18:49:56+0200,eeb12da0-7c50-4259-bd40-a1d833ebd7ef,2026-07-18T18:15:00Z,2026-07-18T20:15:00+0200,205.475,MW,DK1,DK_1,forecast_solar_generation,Solar,2026-08-09T16:53:20Z
2026-08-09T16:49:56Z,2026-08-09T18:49:56+0200,eeb12da0-7c50-4259-bd40-a1d833ebd7ef,2026-07-18T18:30:00Z,2026-07-18T20:30:00+0200,140.793333,MW,DK1,DK_1,forecast_solar_generation,Solar,2026-08-09T16:53:20Z
2026-08-09T16:49:56Z,2026-08-09T18:49:56+0200,eeb12da0-7c50-4259-bd40-a1d833ebd7ef,2026-07-18T18:45:00Z,2026-07-18T20:45:00+0200,85.768333,MW,DK1,DK_1,forecast_solar_generation,Solar,2026-08-09T16:53:20Z
2026-08-09T16:49:56Z,2026-08-09T18:49:56+0200,eeb12da0-7c50-4259-bd40-a1d833ebd7ef,2026-07-18T19:00:00Z,2026-07-18T21:00:00+0200,41.8,MW,DK1,DK_1,forecast_solar_generation,Solar,2026-08-09T16:53:20Z
2026-08-09T16:49:56Z,2026-08-09T18:49:56+0200,eeb12da0-7c50-4259-bd40-a1d833ebd7ef,2026-07-18T19:15:00Z,2026-07-18T21:15:00+0200,13.045,MW,DK1,DK_1,forecast_solar_generation,Solar,2026-08-09T16:53:20Z
2026-08-09T16:49:56Z,2026-08-09T18:49:56+0200,eeb12da0-7c50-4259-bd40-a1d833ebd7ef,2026-07-18T19:30:00Z,2026-07-18T21:30:00+0200,2.073333,MW,DK1,DK_1,forecast_solar_generation,Solar,2026-08-09T16:53:20Z
2026-08-09T16:49:56Z,2026-08-09T18:49:56+0200,eeb12da0-7c50-4259-bd40-a1d833ebd7ef,2026-07-18T19:45:00Z,2026-07-18T21:45:00+0200,0.103333,MW,DK1,DK_1,forecast_solar_generation,Solar,2026-08-09T16:53:20Z
2026-08-09T16:49:56Z,2026-08-09T18:49:56+0200,eeb12da0-7c50-4259-bd40-a1d833ebd7ef,2026-07-18T20:00:00Z,2026-07-18T22:00:00+0200,0.0,MW,DK1,DK_1,forecast_solar_generation,Solar,2026-08-09T16:53:20Z
2026-08-09T16:49:56Z,2026-08-09T18:49:56+0200,eeb12da0-7c50-4259-bd40-a1d833ebd7ef,2026-07-18T20:15:00Z,2026-07-18T22:15:00+0200,0.0,MW,DK1,DK_1,forecast_solar_generation,Solar,2026-08-09T16:53:20Z
2026-08-09T16:49:56Z,2026-08-09T18:49:56+0200,eeb12da0-7c50-4259-bd40-a1d833ebd7ef,2026-07-18T20:30:00Z,2026-07-18T22:30:00+0200,0.0,MW,DK1,DK_1,forecast_solar_generation,Solar,2026-08-09T16:53:20Z
2026-08-09T16:49:56Z,2026-08-09T18:49:56+0200,eeb12da0-7c50-4259-bd40-a1d833ebd7ef,2026-07-18T20:45:00Z,2026-07-18T22:45:00+0200,0.0,MW,DK1,DK_1,forecast_solar_generation,Solar,2026-08-09T16:53:20Z
2026-08-09T16:49:56Z,2026-08-09T18:49:56+0200,eeb12da0-7c50-4259-bd40-a1d833ebd7ef,2026-07-18T21:00:00Z,2026-07-18T23:00:00+0200,0.0,MW,DK1,DK_1,forecast_solar_generation,Solar,2026-08-09T16:53:20Z
2026-08-09T16:49:56Z,2026-08-09T18:49:56+0200,eeb12da0-7c50-4259-bd40-a1d833ebd7ef,2026-07-18T21:15:00Z,2026-07-18T23:15:00+0200,0.0,MW,DK1,DK_1,forecast_solar_generation,Solar,2026-08-09T16:53:20Z
2026-08-09T16:49:56Z,2026-08-09T18:49:56+0200,eeb12da0-7c50-4259-bd40-a1d833ebd7ef,2026-07-18T21:30:00Z,2026-07-18T23:30:00+0200,0.0,MW,DK1,DK_1,forecast_solar_generation,Solar,2026-08-09T16:53:20Z
2026-08-09T16:49:56Z,2026-08-09T18:49:56+0200,eeb12da0-7c50-4259-bd40-a1d833ebd7ef,2026-07-18T21:45:00Z,2026-07-18T23:45:00+0200,0.0,MW,DK1,DK_1,forecast_solar_generation,Solar,2026-08-09T16:53:20Z
2026-08-09T16:49:56Z,2026-08-09T18:49:56+0200,eeb12da0-7c50-4259-bd40-a1d833ebd7ef,2026-07-18T22:00:00Z,2026-07-19T00:00:00+0200,0.0,MW,DK1,DK_1,forecast_solar_generation,Solar,2026-08-09T16:53:20Z
2026-08-09T16:49:56Z,2026-08-09T18:49:56+0200,eeb12da0-7c50-4259-bd40-a1d833ebd7ef,2026-07-18T22:15:00Z,2026-07-19T00:15:00+0200,0.0,MW,DK1,DK_1,forecast_solar_generation,Solar,2026-08-09T16:53:20Z
2026-08-09T16:49:56Z,2026-08-09T18:49:56+0200,eeb12da0-7c50-4259-bd40-a1d833ebd7ef,2026-07-18T22:30:00Z,2026-07-19T00:30:00+0200,0.0,MW,DK1,DK_1,forecast_solar_generation,Solar,2026-08-09T16:53:20Z
2026-08-09T16:49:56Z,2026-08-09T18:49:56+0200,eeb12da0-7c50-4259-bd40-a1d833ebd7ef,2026-07-18T22:45:00Z,2026-07-19T00:45:00+0200,0.0,MW,DK1,DK_1,forecast_solar_generation,Solar,2026-08-09T16:53:20Z
2026-08-09T16:49:56Z,2026-08-09T18:49:56+0200,eeb12da0-7c50-4259-bd40-a1d833ebd7ef,2026-07-18T23:00:00Z,2026-07-19T01:00:00+0200,0.0,MW,DK1,DK_1,forecast_solar_generation,Solar,2026-08-09T16:53:20Z
2026-08-09T16:49:56Z,2026-08-09T18:49:56+0200,eeb12da0-7c50-4259-bd40-a1d833ebd7ef,2026-07-18T23:15:00Z,2026-07-19T01:15:00+0200,0.0,MW,DK1,DK_1,forecast_solar_generation,Solar,2026-08-09T16:53:20Z
2026-08-09T16:49:56Z,2026-08-09T18:49:56+0200,eeb12da0-7c50-4259-bd40-a1d833ebd7ef,2026-07-18T23:30:00Z,2026-07-19T01:30:00+0200,0.0,MW,DK1,DK_1,forecast_solar_generation,Solar,2026-08-09T16:53:20Z
2026-08-09T16:49:56Z,2026-08-09T18:49:56+0200,eeb12da0-7c50-4259-bd40-a1d833ebd7ef,2026-07-18T23:45:00Z,2026-07-19T01:45:00+0200,0.0,MW,DK1,DK_1,forecast_solar_generation,Solar,2026-08-09T16:53:20Z
2026-08-09T16:49:56Z,2026-08-09T18:49:56+0200,eeb12da0-7c50-4259-bd40-a1d833ebd7ef,2026-07-19T00:00:00Z,2026-07-19T02:00:00+0200,0.0,MW,DK1,DK_1,forecast_solar_generation,Solar,2026-08-09T16:53:20Z
2026-08-09T16:49:56Z,2026-08-09T18:49:56+0200,eeb12da0-7c50-4259-bd40-a1d833ebd7ef,2026-07-19T00:15:00Z,2026-07-19T02:15:00+0200,0.0,MW,DK1,DK_1,forecast_solar_generation,Solar,2026-08-09T16:53:20Z
2026-08-09T16:49:56Z,2026-08-09T18:49:56+0200,eeb12da0-7c50-4259-bd40-a1d833ebd7ef,2026-07-19T00:30:00Z,2026-07-19T02:30:00+0200,0.0,MW,DK1,DK_1,forecast_solar_generation,Solar,2026-08-09T16:53:20Z
2026-08-09T16:49:56Z,2026-08-09T18:49:56+0200,eeb12da0-7c50-4259-bd40-a1d833ebd7ef,2026-07-19T00:45:00Z,2026-07-19T02:45:00+0200,0.0,MW,DK1,DK_1,forecast_solar_generation,Solar,2026-08-09T16:53:20Z
2026-08-09T16:49:56Z,2026-08-09T18:49:56+0200,eeb12da0-7c50-4259-bd40-a1d833ebd7ef,2026-07-19T01:00:00Z,2026-07-19T03:00:00+0200,0.0,MW,DK1,DK_1,forecast_solar_generation,Solar,2026-08-09T16:53:20Z
2026-08-09T16:49:56Z,2026-08-09T18:49:56+0200,eeb12da0-7c50-4259-bd40-a1d833ebd7ef,2026-07-19T01:15:00Z,2026-07-19T03:15:00+0200,0.0,MW,DK1,DK_1,forecast_solar_generation,Solar,2026-08-09T16:53:20Z
2026-08-09T16:49:56Z,2026-08-09T18:49:56+0200,eeb12da0-7c50-4259-bd40-a1d833ebd7ef,2026-07-19T01:30:00Z,2026-07-19T03:30:00+0200,0.0,MW,DK1,DK_1,forecast_solar_generation,Solar,2026-08-09T16:53:20Z
2026-08-09T16:49:56Z,2026-08-09T18:49:56+0200,eeb12da0-7c50-4259-bd40-a1d833ebd7ef,2026-07-19T01:45:00Z,2026-07-19T03:45:00+0200,0.0,MW,DK1,DK_1,forecast_solar_generation,Solar,2026-08-09T16:53:20Z
2026-08-09T16:49:56Z,2026-08-09T18:49:56+0200,eeb12da0-7c50-4259-bd40-a1d833ebd7ef,2026-07-19T02:00:00Z,2026-07-19T04:00:00+0200,0.0,MW,DK1,DK_1,forecast_solar_generation,Solar,2026-08-09T16:53:20Z
2026-08-09T16:49:56Z,2026-08-09T18:49:56+0200,eeb12da0-7c50-4259-bd40-a1d833ebd7ef,2026-07-19T02:15:00Z,2026-07-19T04:15:00+0200,0.0,MW,DK1,DK_1,forecast_solar_generation,Solar,2026-08-09T16:53:20Z
2026-08-09T16:49:56Z,2026-08-09T18:49:56+0200,eeb12da0-7c50-4259-bd40-a1d833ebd7ef,2026-07-19T02:30:00Z,2026-07-19T04:30:00+0200,0.0,MW,DK1,DK_1,forecast_solar_generation,Solar,2026-08-09T16:53:20Z
2026-08-09T16:49:56Z,2026-08-09T18:49:56+0200,eeb12da0-7c50-4259-bd40-a1d833ebd7ef,2026-07-19T02:45:00Z,2026-07-19T04:45:00+0200,0.0,MW,DK1,DK_1,forecast_solar_generation,Solar,2026-08-09T16:53:20Z
2026-08-09T16:49:56Z,2026-08-09T18:49:56+0200,eeb12da0-7c50-4259-bd40-a1d833ebd7ef,2026-07-19T03:00:00Z,2026-07-19T05:00:00+0200,0.12,MW,DK1,DK_1,forecast_solar_generation,Solar,2026-08-09T16:53:20Z
2026-08-09T16:49:56Z,2026-08-09T18:49:56+0200,eeb12da0-7c50-4259-bd40-a1d833ebd7ef,2026-07-19T03:15:00Z,2026-07-19T05:15:00+0200,1.93,MW,DK1,DK_1,forecast_solar_generation,Solar,2026-08-09T16:53:20Z
2026-08-09T16:49:56Z,2026-08-09T18:49:56+0200,eeb12da0-7c50-4259-bd40-a1d833ebd7ef,2026-07-19T03:30:00Z,2026-07-19T05:30:00+0200,11.501666,MW,DK1,DK_1,forecast_solar_generation,Solar,2026-08-09T16:53:20Z
2026-08-09T16:49:56Z,2026-08-09T18:49:56+0200,eeb12da0-7c50-4259-bd40-a1d833ebd7ef,2026-07-19T03:45:00Z,2026-07-19T05:45:00+0200,34.095,MW,DK1,DK_1,forecast_solar_generation,Solar,2026-08-09T16:53:20Z
2026-08-09T16:49:56Z,2026-08-09T18:49:56+0200,eeb12da0-7c50-4259-bd40-a1d833ebd7ef,2026-07-19T04:00:00Z,2026-07-19T06:00:00+0200,64.69,MW,DK1,DK_1,forecast_solar_generation,Solar,2026-08-09T16:53:20Z
2026-08-09T16:49:56Z,2026-08-09T18:49:56+0200,eeb12da0-7c50-4259-bd40-a1d833ebd7ef,2026-07-19T04:15:00Z,2026-07-19T06:15:00+0200,100.961666,MW,DK1,DK_1,forecast_solar_generation,Solar,2026-08-09T16:53:20Z
2026-08-09T16:49:56Z,2026-08-09T18:49:56+0200,eeb12da0-7c50-4259-bd40-a1d833ebd7ef,2026-07-19T04:30:00Z,2026-07-19T06:30:00+0200,145.28,MW,DK1,DK_1,forecast_solar_generation,Solar,2026-08-09T16:53:20Z
2026-08-09T16:49:56Z,2026-08-09T18:49:56+0200,eeb12da0-7c50-4259-bd40-a1d833ebd7ef,2026-07-19T04:45:00Z,2026-07-19T06:45:00+0200,195.049999,MW,DK1,DK_1,forecast_solar_generation,Solar,2026-08-09T16:53:20Z
2026-08-09T16:49:56Z,2026-08-09T18:49:56+0200,eeb12da0-7c50-4259-bd40-a1d833ebd7ef,2026-07-19T05:00:00Z,2026-07-19T07:00:00+0200,246.761666,MW,DK1,DK_1,forecast_solar_generation,Solar,2026-08-09T16:53:20Z
2026-08-09T16:49:56Z,2026-08-09T18:49:56+0200,eeb12da0-7c50-4259-bd40-a1d833ebd7ef,2026-07-19T05:15:00Z,2026-07-19T07:15:00+0200,298.465,MW,DK1,DK_1,forecast_solar_generation,Solar,2026-08-09T16:53:20Z
2026-08-09T16:49:56Z,2026-08-09T18:49:56+0200,eeb12da0-7c50-4259-bd40-a1d833ebd7ef,2026-07-19T05:30:00Z,2026-07-19T07:30:00+0200,349.046666,MW,DK1,DK_1,forecast_solar_generation,Solar,2026-08-09T16:53:20Z
2026-08-09T16:49:56Z,2026-08-09T18:49:56+0200,eeb12da0-7c50-4259-bd40-a1d833ebd7ef,2026-07-19T05:45:00Z,2026-07-19T07:45:00+0200,393.388333,MW,DK1,DK_1,forecast_solar_generation,Solar,2026-08-09T16:53:20Z
2026-08-09T16:49:56Z,2026-08-09T18:49:56+0200,eeb12da0-7c50-4259-bd40-a1d833ebd7ef,2026-07-19T06:00:00Z,2026-07-19T08:00:00+0200,431.241666,MW,DK1,DK_1,forecast_solar_generation,Solar,2026-08-09T16:53:20Z
2026-08-09T16:49:56Z,2026-08-09T18:49:56+0200,eeb12da0-7c50-4259-bd40-a1d833ebd7ef,2026-07-19T06:15:00Z,2026-07-19T08:15:00+0200,466.028333,MW,DK1,DK_1,forecast_solar_generation,Solar,2026-08-09T16:53:20Z
2026-08-09T16:49:56Z,2026-08-09T18:49:56+0200,eeb12da0-7c50-4259-bd40-a1d833ebd7ef,2026-07-19T06:30:00Z,2026-07-19T08:30:00+0200,501.301666,MW,DK1,DK_1,forecast_solar_generation,Solar,2026-08-09T16:53:20Z
2026-08-09T16:49:56Z,2026-08-09T18:49:56+0200,eeb12da0-7c50-4259-bd40-a1d833ebd7ef,2026-07-19T06:45:00Z,2026-07-19T08:45:00+0200,533.515,MW,DK1,DK_1,forecast_solar_generation,Solar,2026-08-09T16:53:20Z
2026-08-09T16:49:56Z,2026-08-09T18:49:56+0200,eeb12da0-7c50-4259-bd40-a1d833ebd7ef,2026-07-19T07:00:00Z,2026-07-19T09:00:00+0200,553.673333,MW,DK1,DK_1,forecast_solar_generation,Solar,2026-08-09T16:53:20Z
2026-08-09T16:49:56Z,2026-08-09T18:49:56+0200,eeb12da0-7c50-4259-bd40-a1d833ebd7ef,2026-07-19T07:15:00Z,2026-07-19T09:15:00+0200,537.943333,MW,DK1,DK_1,forecast_solar_generation,Solar,2026-08-09T16:53:20Z
2026-08-09T16:49:56Z,2026-08-09T18:49:56+0200,eeb12da0-7c50-4259-bd40-a1d833ebd7ef,2026-07-19T07:30:00Z,2026-07-19T09:30:00+0200,500.963333,MW,DK1,DK_1,forecast_solar_generation,Solar,2026-08-09T16:53:20Z
2026-08-09T16:49:56Z,2026-08-09T18:49:56+0200,eeb12da0-7c50-4259-bd40-a1d833ebd7ef,2026-07-19T07:45:00Z,2026-07-19T09:45:00+0200,502.475,MW,DK1,DK_1,forecast_solar_generation,Solar,2026-08-09T16:53:20Z
2026-08-09T16:49:56Z,2026-08-09T18:49:56+0200,eeb12da0-7c50-4259-bd40-a1d833ebd7ef,2026-07-19T08:00:00Z,2026-07-19T10:00:00+0200,504.443333,MW,DK1,DK_1,forecast_solar_generation,Solar,2026-08-09T16:53:20Z
2026-08-09T16:49:56Z,2026-08-09T18:49:56+0200,eeb12da0-7c50-4259-bd40-a1d833ebd7ef,2026-07-19T08:15:00Z,2026-07-19T10:15:00+0200,493.191666,MW,DK1,DK_1,forecast_solar_generation,Solar,2026-08-09T16:53:20Z
2026-08-09T16:49:56Z,2026-08-09T18:49:56+0200,eeb12da0-7c50-4259-bd40-a1d833ebd7ef,2026-07-19T08:30:00Z,2026-07-19T10:30:00+0200,490.926666,MW,DK1,DK_1,forecast_solar_generation,Solar,2026-08-09T16:53:20Z
2026-08-09T16:49:56Z,2026-08-09T18:49:56+0200,eeb12da0-7c50-4259-bd40-a1d833ebd7ef,2026-07-19T08:45:00Z,2026-07-19T10:45:00+0200,456.39,MW,DK1,DK_1,forecast_solar_generation,Solar,2026-08-09T16:53:20Z
2026-08-09T16:49:56Z,2026-08-09T18:49:56+0200,eeb12da0-7c50-4259-bd40-a1d833ebd7ef,2026-07-19T09:00:00Z,2026-07-19T11:00:00+0200,361.336666,MW,DK1,DK_1,forecast_solar_generation,Solar,2026-08-09T16:53:20Z
2026-08-09T16:49:56Z,2026-08-09T18:49:56+0200,eeb12da0-7c50-4259-bd40-a1d833ebd7ef,2026-07-19T09:15:00Z,2026-07-19T11:15:00+0200,358.719999,MW,DK1,DK_1,forecast_solar_generation,Solar,2026-08-09T16:53:20Z
2026-08-09T16:49:56Z,2026-08-09T18:49:56+0200,eeb12da0-7c50-4259-bd40-a1d833ebd7ef,2026-07-19T09:30:00Z,2026-07-19T11:30:00+0200,355.986666,MW,DK1,DK_1,forecast_solar_generation,Solar,2026-08-09T16:53:20Z
2026-08-09T16:49:56Z,2026-08-09T18:49:56+0200,eeb12da0-7c50-4259-bd40-a1d833ebd7ef,2026-07-19T09:45:00Z,2026-07-19T11:45:00+0200,351.635,MW,DK1,DK_1,forecast_solar_generation,Solar,2026-08-09T16:53:20Z
2026-08-09T16:49:56Z,2026-08-09T18:49:56+0200,eeb12da0-7c50-4259-bd40-a1d833ebd7ef,2026-07-19T10:00:00Z,2026-07-19T12:00:00+0200,349.723333,MW,DK1,DK_1,forecast_solar_generation,Solar,2026-08-09T16:53:20Z
2026-08-09T16:49:56Z,2026-08-09T18:49:56+0200,eeb12da0-7c50-4259-bd40-a1d833ebd7ef,2026-07-19T10:15:00Z,2026-07-19T12:15:00+0200,347.638333,MW,DK1,DK_1,forecast_solar_generation,Solar,2026-08-09T16:53:20Z
2026-08-09T16:49:56Z,2026-08-09T18:49:56+0200,eeb12da0-7c50-4259-bd40-a1d833ebd7ef,2026-07-19T10:30:00Z,2026-07-19T12:30:00+0200,349.03,MW,DK1,DK_1,forecast_solar_generation,Solar,2026-08-09T16:53:20Z
2026-08-09T16:49:56Z,2026-08-09T18:49:56+0200,eeb12da0-7c50-4259-bd40-a1d833ebd7ef,2026-07-19T10:45:00Z,2026-07-19T12:45:00+0200,355.553333,MW,DK1,DK_1,forecast_solar_generation,Solar,2026-08-09T16:53:20Z
2026-08-09T16:49:56Z,2026-08-09T18:49:56+0200,eeb12da0-7c50-4259-bd40-a1d833ebd7ef,2026-07-19T11:00:00Z,2026-07-19T13:00:00+0200,364.42,MW,DK1,DK_1,forecast_solar_generation,Solar,2026-08-09T16:53:20Z
2026-08-09T16:49:56Z,2026-08-09T18:49:56+0200,eeb12da0-7c50-4259-bd40-a1d833ebd7ef,2026-07-19T11:15:00Z,2026-07-19T13:15:00+0200,371.73,MW,DK1,DK_1,forecast_solar_generation,Solar,2026-08-09T16:53:20Z
2026-08-09T16:49:56Z,2026-08-09T18:49:56+0200,eeb12da0-7c50-4259-bd40-a1d833ebd7ef,2026-07-19T11:30:00Z,2026-07-19T13:30:00+0200,375.308333,MW,DK1,DK_1,forecast_solar_generation,Solar,2026-08-09T16:53:20Z
2026-08-09T16:49:56Z,2026-08-09T18:49:56+0200,eeb12da0-7c50-4259-bd40-a1d833ebd7ef,2026-07-19T11:45:00Z,2026-07-19T13:45:00+0200,378.79,MW,DK1,DK_1,forecast_solar_generation,Solar,2026-08-09T16:53:20Z
2026-08-09T16:49:56Z,2026-08-09T18:49:56+0200,eeb12da0-7c50-4259-bd40-a1d833ebd7ef,2026-07-19T12:00:00Z,2026-07-19T14:00:00+0200,382.068333,MW,DK1,DK_1,forecast_solar_generation,Solar,2026-08-09T16:53:20Z
2026-08-09T16:49:56Z,2026-08-09T18:49:56+0200,eeb12da0-7c50-4259-bd40-a1d833ebd7ef,2026-07-19T12:15:00Z,2026-07-19T14:15:00+0200,383.286666,MW,DK1,DK_1,forecast_solar_generation,Solar,2026-08-09T16:53:20Z
2026-08-09T16:49:56Z,2026-08-09T18:49:56+0200,eeb12da0-7c50-4259-bd40-a1d833ebd7ef,2026-07-19T12:30:00Z,2026-07-19T14:30:00+0200,381.908333,MW,DK1,DK_1,forecast_solar_generation,Solar,2026-08-09T16:53:20Z
2026-08-09T16:49:56Z,2026-08-09T18:49:56+0200,eeb12da0-7c50-4259-bd40-a1d833ebd7ef,2026-07-19T12:45:00Z,2026-07-19T14:45:00+0200,405.468333,MW,DK1,DK_1,forecast_solar_generation,Solar,2026-08-09T16:53:20Z
2026-08-09T16:49:56Z,2026-08-09T18:49:56+0200,eeb12da0-7c50-4259-bd40-a1d833ebd7ef,2026-07-19T13:00:00Z,2026-07-19T15:00:00+0200,526.964999,MW,DK1,DK_1,forecast_solar_generation,Solar,2026-08-09T16:53:20Z
2026-08-09T16:49:56Z,2026-08-09T18:49:56+0200,eeb12da0-7c50-4259-bd40-a1d833ebd7ef,2026-07-19T13:15:00Z,2026-07-19T15:15:00+0200,494.353333,MW,DK1,DK_1,forecast_solar_generation,Solar,2026-08-09T16:53:20Z
2026-08-09T16:49:56Z,2026-08-09T18:49:56+0200,eeb12da0-7c50-4259-bd40-a1d833ebd7ef,2026-07-19T13:30:00Z,2026-07-19T15:30:00+0200,500.69,MW,DK1,DK_1,forecast_solar_generation,Solar,2026-08-09T16:53:20Z
2026-08-09T16:49:56Z,2026-08-09T18:49:56+0200,eeb12da0-7c50-4259-bd40-a1d833ebd7ef,2026-07-19T13:45:00Z,2026-07-19T15:45:00+0200,458.77,MW,DK1,DK_1,forecast_solar_generation,Solar,2026-08-09T16:53:20Z
2026-08-09T16:49:56Z,2026-08-09T18:49:56+0200,eeb12da0-7c50-4259-bd40-a1d833ebd7ef,2026-07-19T14:00:00Z,2026-07-19T16:00:00+0200,459.333333,MW,DK1,DK_1,forecast_solar_generation,Solar,2026-08-09T16:53:20Z
2026-08-09T16:49:56Z,2026-08-09T18:49:56+0200,eeb12da0-7c50-4259-bd40-a1d833ebd7ef,2026-07-19T14:15:00Z,2026-07-19T16:15:00+0200,422.893333,MW,DK1,DK_1,forecast_solar_generation,Solar,2026-08-09T16:53:20Z
2026-08-09T16:49:56Z,2026-08-09T18:49:56+0200,eeb12da0-7c50-4259-bd40-a1d833ebd7ef,2026-07-19T14:30:00Z,2026-07-19T16:30:00+0200,441.763333,MW,DK1,DK_1,forecast_solar_generation,Solar,2026-08-09T16:53:20Z
2026-08-09T16:49:56Z,2026-08-09T18:49:56+0200,eeb12da0-7c50-4259-bd40-a1d833ebd7ef,2026-07-19T14:45:00Z,2026-07-19T16:45:00+0200,456.79,MW,DK1,DK_1,forecast_solar_generation,Solar,2026-08-09T16:53:20Z
2026-08-09T16:49:56Z,2026-08-09T18:49:56+0200,eeb12da0-7c50-4259-bd40-a1d833ebd7ef,2026-07-19T15:00:00Z,2026-07-19T17:00:00+0200,404.458333,MW,DK1,DK_1,forecast_solar_generation,Solar,2026-08-09T16:53:20Z
2026-08-09T16:49:56Z,2026-08-09T18:49:56+0200,eeb12da0-7c50-4259-bd40-a1d833ebd7ef,2026-07-19T15:15:00Z,2026-07-19T17:15:00+0200,419.491666,MW,DK1,DK_1,forecast_solar_generation,Solar,2026-08-09T16:53:20Z
2026-08-09T16:49:56Z,2026-08-09T18:49:56+0200,eeb12da0-7c50-4259-bd40-a1d833ebd7ef,2026-07-19T15:30:00Z,2026-07-19T17:30:00+0200,399.83,MW,DK1,DK_1,forecast_solar_generation,Solar,2026-08-09T16:53:20Z
2026-08-09T16:49:56Z,2026-08-09T18:49:56+0200,eeb12da0-7c50-4259-bd40-a1d833ebd7ef,2026-07-19T15:45:00Z,2026-07-19T17:45:00+0200,374.576666,MW,DK1,DK_1,forecast_solar_generation,Solar,2026-08-09T16:53:20Z
2026-08-09T16:49:56Z,2026-08-09T18:49:56+0200,eeb12da0-7c50-4259-bd40-a1d833ebd7ef,2026-07-19T16:00:00Z,2026-07-19T18:00:00+0200,325.145,MW,DK1,DK_1,forecast_solar_generation,Solar,2026-08-09T16:53:20Z
2026-08-09T16:49:56Z,2026-08-09T18:49:56+0200,eeb12da0-7c50-4259-bd40-a1d833ebd7ef,2026-07-19T16:15:00Z,2026-07-19T18:15:00+0200,342.011666,MW,DK1,DK_1,forecast_solar_generation,Solar,2026-08-09T16:53:20Z
2026-08-09T16:49:56Z,2026-08-09T18:49:56+0200,eeb12da0-7c50-4259-bd40-a1d833ebd7ef,2026-07-19T16:30:00Z,2026-07-19T18:30:00+0200,310.855,MW,DK1,DK_1,forecast_solar_generation,Solar,2026-08-09T16:53:20Z
2026-08-09T16:49:56Z,2026-08-09T18:49:56+0200,eeb12da0-7c50-4259-bd40-a1d833ebd7ef,2026-07-19T16:45:00Z,2026-07-19T18:45:00+0200,279.856666,MW,DK1,DK_1,forecast_solar_generation,Solar,2026-08-09T16:53:20Z
2026-08-09T16:49:56Z,2026-08-09T18:49:56+0200,eeb12da0-7c50-4259-bd40-a1d833ebd7ef,2026-07-19T17:00:00Z,2026-07-19T19:00:00+0200,250.881666,MW,DK1,DK_1,forecast_solar_generation,Solar,2026-08-09T16:53:20Z
2026-08-09T16:49:56Z,2026-08-09T18:49:56+0200,eeb12da0-7c50-4259-bd40-a1d833ebd7ef,2026-07-19T17:15:00Z,2026-07-19T19:15:00+0200,218.803333,MW,DK1,DK_1,forecast_solar_generation,Solar,2026-08-09T16:53:20Z
2026-08-09T16:49:56Z,2026-08-09T18:49:56+0200,eeb12da0-7c50-4259-bd40-a1d833ebd7ef,2026-07-19T17:30:00Z,2026-07-19T19:30:00+0200,186.011666,MW,DK1,DK_1,forecast_solar_generation,Solar,2026-08-09T16:53:20Z
2026-08-09T16:49:56Z,2026-08-09T18:49:56+0200,eeb12da0-7c50-4259-bd40-a1d833ebd7ef,2026-07-19T17:45:00Z,2026-07-19T19:45:00+0200,153.875,MW,DK1,DK_1,forecast_solar_generation,Solar,2026-08-09T16:53:20Z
2026-08-09T16:49:56Z,2026-08-09T18:49:56+0200,eeb12da0-7c50-4259-bd40-a1d833ebd7ef,2026-07-19T18:00:00Z,2026-07-19T20:00:00+0200,122.276666,MW,DK1,DK_1,forecast_solar_generation,Solar,2026-08-09T16:53:20Z
2026-08-09T16:49:56Z,2026-08-09T18:49:56+0200,eeb12da0-7c50-4259-bd40-a1d833ebd7ef,2026-07-19T18:15:00Z,2026-07-19T20:15:00+0200,91.898333,MW,DK1,DK_1,forecast_solar_generation,Solar,2026-08-09T16:53:20Z
2026-08-09T16:49:56Z,2026-08-09T18:49:56+0200,eeb12da0-7c50-4259-bd40-a1d833ebd7ef,2026-07-19T18:30:00Z,2026-07-19T20:30:00+0200,64.306666,MW,DK1,DK_1,forecast_solar_generation,Solar,2026-08-09T16:53:20Z
2026-08-09T16:49:56Z,2026-08-09T18:49:56+0200,eeb12da0-7c50-4259-bd40-a1d833ebd7ef,2026-07-19T18:45:00Z,2026-07-19T20:45:00+0200,40.578333,MW,DK1,DK_1,forecast_solar_generation,Solar,2026-08-09T16:53:20Z
2026-08-09T16:49:56Z,2026-08-09T18:49:56+0200,eeb12da0-7c50-4259-bd40-a1d833ebd7ef,2026-07-19T19:00:00Z,2026-07-19T21:00:00+0200,20.051666,MW,DK1,DK_1,forecast_solar_generation,Solar,2026-08-09T16:53:20Z
2026-08-09T16:49:56Z,2026-08-09T18:49:56+0200,eeb12da0-7c50-4259-bd40-a1d833ebd7ef,2026-07-19T19:15:00Z,2026-07-19T21:15:00+0200,6.325,MW,DK1,DK_1,forecast_solar_generation,Solar,2026-08-09T16:53:20Z
2026-08-09T16:49:56Z,2026-08-09T18:49:56+0200,eeb12da0-7c50-4259-bd40-a1d833ebd7ef,2026-07-19T19:30:00Z,2026-07-19T21:30:00+0200,0.971666,MW,DK1,DK_1,forecast_solar_generation,Solar,2026-08-09T16:53:20Z
2026-08-09T16:49:56Z,2026-08-09T18:49:56+0200,eeb12da0-7c50-4259-bd40-a1d833ebd7ef,2026-07-19T19:45:00Z,2026-07-19T21:45:00+0200,0.049999,MW,DK1,DK_1,forecast_solar_generation,Solar,2026-08-09T16:53:20Z
2026-08-09T16:49:56Z,2026-08-09T18:49:56+0200,eeb12da0-7c50-4259-bd40-a1d833ebd7ef,2026-07-19T20:00:00Z,2026-07-19T22:00:00+0200,0.0,MW,DK1,DK_1,forecast_solar_generation,Solar,2026-08-09T16:53:20Z
2026-08-09T16:49:56Z,2026-08-09T18:49:56+0200,eeb12da0-7c50-4259-bd40-a1d833ebd7ef,2026-07-19T20:15:00Z,2026-07-19T22:15:00+0200,0.0,MW,DK1,DK_1,forecast_solar_generation,Solar,2026-08-09T16:53:20Z
2026-08-09T16:49:56Z,2026-08-09T18:49:56+0200,eeb12da0-7c50-4259-bd40-a1d833ebd7ef,2026-07-19T20:30:00Z,2026-07-19T22:30:00+0200,0.0,MW,DK1,DK_1,forecast_solar_generation,Solar,2026-08-09T16:53:20Z
2026-08-09T16:49:56Z,2026-08-09T18:49:56+0200,eeb12da0-7c50-4259-bd40-a1d833ebd7ef,2026-07-19T20:45:00Z,2026-07-19T22:45:00+0200,0.0,MW,DK1,DK_1,forecast_solar_generation,Solar,2026-08-09T16:53:20Z
2026-08-09T16:49:56Z,2026-08-09T18:49:56+0200,eeb12da0-7c50-4259-bd40-a1d833ebd7ef,2026-07-19T21:00:00Z,2026-07-19T23:00:00+0200,0.0,MW,DK1,DK_1,forecast_solar_generation,Solar,2026-08-09T16:53:20Z
2026-08-09T16:49:56Z,2026-08-09T18:49:56+0200,eeb12da0-7c50-4259-bd40-a1d833ebd7ef,2026-07-19T21:15:00Z,2026-07-19T23:15:00+0200,0.0,MW,DK1,DK_1,forecast_solar_generation,Solar,2026-08-09T16:53:20Z
2026-08-09T16:49:56Z,2026-08-09T18:49:56+0200,eeb12da0-7c50-4259-bd40-a1d833ebd7ef,2026-07-19T21:30:00Z,2026-07-19T23:30:00+0200,0.0,MW,DK1,DK_1,forecast_solar_generation,Solar,2026-08-09T16:53:20Z
2026-08-09T16:49:56Z,2026-08-09T18:49:56+0200,eeb12da0-7c50-4259-bd40-a1d833ebd7ef,2026-07-19T21:45:00Z,2026-07-19T23:45:00+0200,0.0,MW,DK1,DK_1,forecast_solar_generation,Solar,2026-08-09T16:53:20Z
2026-08-09T16:49:56Z,2026-08-09T18:49:56+0200,eeb12da0-7c50-4259-bd40-a1d833ebd7ef,2026-07-19T22:00:00Z,2026-07-20T00:00:00+0200,0.0,MW,DK1,DK_1,forecast_solar_generation,Solar,2026-08-09T16:53:20Z
2026-08-09T16:49:56Z,2026-08-09T18:49:56+0200,eeb12da0-7c50-4259-bd40-a1d833ebd7ef,2026-07-19T22:15:00Z,2026-07-20T00:15:00+0200,0.0,MW,DK1,DK_1,forecast_solar_generation,Solar,2026-08-09T16:53:20Z
2026-08-09T16:49:56Z,2026-08-09T18:49:56+0200,eeb12da0-7c50-4259-bd40-a1d833ebd7ef,2026-07-19T22:30:00Z,2026-07-20T00:30:00+0200,0.0,MW,DK1,DK_1,forecast_solar_generation,Solar,2026-08-09T16:53:20Z
2026-08-09T16:49:56Z,2026-08-09T18:49:56+0200,eeb12da0-7c50-4259-bd40-a1d833ebd7ef,2026-07-19T22:45:00Z,2026-07-20T00:45:00+0200,0.0,MW,DK1,DK_1,forecast_solar_generation,Solar,2026-08-09T16:53:20Z
2026-08-09T16:49:56Z,2026-08-09T18:49:56+0200,eeb12da0-7c50-4259-bd40-a1d833ebd7ef,2026-07-19T23:00:00Z,2026-07-20T01:00:00+0200,0.0,MW,DK1,DK_1,forecast_solar_generation,Solar,2026-08-09T16:53:20Z
2026-08-09T16:49:56Z,2026-08-09T18:49:56+0200,eeb12da0-7c50-4259-bd40-a1d833ebd7ef,2026-07-19T23:15:00Z,2026-07-20T01:15:00+0200,0.0,MW,DK1,DK_1,forecast_solar_generation,Solar,2026-08-09T16:53:20Z
2026-08-09T16:49:56Z,2026-08-09T18:49:56+0200,eeb12da0-7c50-4259-bd40-a1d833ebd7ef,2026-07-19T23:30:00Z,2026-07-20T01:30:00+0200,0.0,MW,DK1,DK_1,forecast_solar_generation,Solar,2026-08-09T16:53:20Z
2026-08-09T16:49:56Z,2026-08-09T18:49:56+0200,eeb12da0-7c50-4259-bd40-a1d833ebd7ef,2026-07-19T23:45:00Z,2026-07-20T01:45:00+0200,0.0,MW,DK1,DK_1,forecast_solar_generation,Solar,2026-08-09T16:53:20Z
2026-08-09T16:49:56Z,2026-08-09T18:49:56+0200,eeb12da0-7c50-4259-bd40-a1d833ebd7ef,2026-07-20T00:00:00Z,2026-07-20T02:00:00+0200,0.0,MW,DK1,DK_1,forecast_solar_generation,Solar,2026-08-09T16:53:20Z
2026-08-09T16:49:56Z,2026-08-09T18:49:56+0200,eeb12da0-7c50-4259-bd40-a1d833ebd7ef,2026-07-20T00:15:00Z,2026-07-20T02:15:00+0200,0.0,MW,DK1,DK_1,forecast_solar_generation,Solar,2026-08-09T16:53:20Z
2026-08-09T16:49:56Z,2026-08-09T18:49:56+0200,eeb12da0-7c50-4259-bd40-a1d833ebd7ef,2026-07-20T00:30:00Z,2026-07-20T02:30:00+0200,0.0,MW,DK1,DK_1,forecast_solar_generation,Solar,2026-08-09T16:53:20Z
2026-08-09T16:49:56Z,2026-08-09T18:49:56+0200,eeb12da0-7c50-4259-bd40-a1d833ebd7ef,2026-07-20T00:45:00Z,2026-07-20T02:45:00+0200,0.0,MW,DK1,DK_1,forecast_solar_generation,Solar,2026-08-09T16:53:20Z
2026-08-09T16:49:56Z,2026-08-09T18:49:56+0200,eeb12da0-7c50-4259-bd40-a1d833ebd7ef,2026-07-20T01:00:00Z,2026-07-20T03:00:00+0200,0.0,MW,DK1,DK_1,forecast_solar_generation,Solar,2026-08-09T16:53:20Z
2026-08-09T16:49:56Z,2026-08-09T18:49:56+0200,eeb12da0-7c50-4259-bd40-a1d833ebd7ef,2026-07-20T01:15:00Z,2026-07-20T03:15:00+0200,0.0,MW,DK1,DK_1,forecast_solar_generation,Solar,2026-08-09T16:53:20Z
2026-08-09T16:49:56Z,2026-08-09T18:49:56+0200,eeb12da0-7c50-4259-bd40-a1d833ebd7ef,2026-07-20T01:30:00Z,2026-07-20T03:30:00+0200,0.0,MW,DK1,DK_1,forecast_solar_generation,Solar,2026-08-09T16:53:20Z
2026-08-09T16:49:56Z,2026-08-09T18:49:56+0200,eeb12da0-7c50-4259-bd40-a1d833ebd7ef,2026-07-20T01:45:00Z,2026-07-20T03:45:00+0200,0.0,MW,DK1,DK_1,forecast_solar_generation,Solar,2026-08-09T16:53:20Z
2026-08-09T16:49:56Z,2026-08-09T18:49:56+0200,eeb12da0-7c50-4259-bd40-a1d833ebd7ef,2026-07-20T02:00:00Z,2026-07-20T04:00:00+0200,0.0,MW,DK1,DK_1,forecast_solar_generation,Solar,2026-08-09T16:53:20Z
2026-08-09T16:49:56Z,2026-08-09T18:49:56+0200,eeb12da0-7c50-4259-bd40-a1d833ebd7ef,2026-07-20T02:15:00Z,2026-07-20T04:15:00+0200,0.0,MW,DK1,DK_1,forecast_solar_generation,Solar,2026-08-09T16:53:20Z
2026-08-09T16:49:56Z,2026-08-09T18:49:56+0200,eeb12da0-7c50-4259-bd40-a1d833ebd7ef,2026-07-20T02:30:00Z,2026-07-20T04:30:00+0200,0.0,MW,DK1,DK_1,forecast_solar_generation,Solar,2026-08-09T16:53:20Z
2026-08-09T16:49:56Z,2026-08-09T18:49:56+0200,eeb12da0-7c50-4259-bd40-a1d833ebd7ef,2026-07-20T02:45:00Z,2026-07-20T04:45:00+0200,0.0,MW,DK1,DK_1,forecast_solar_generation,Solar,2026-08-09T16:53:20Z
2026-08-09T16:49:56Z,2026-08-09T18:49:56+0200,eeb12da0-7c50-4259-bd40-a1d833ebd7ef,2026-07-20T03:00:00Z,2026-07-20T05:00:00+0200,0.145,MW,DK1,DK_1,forecast_solar_generation,Solar,2026-08-09T16:53:20Z
2026-08-09T16:49:56Z,2026-08-09T18:49:56+0200,eeb12da0-7c50-4259-bd40-a1d833ebd7ef,2026-07-20T03:15:00Z,2026-07-20T05:15:00+0200,2.505,MW,DK1,DK_1,forecast_solar_generation,Solar,2026-08-09T16:53:20Z
2026-08-09T16:49:56Z,2026-08-09T18:49:56+0200,eeb12da0-7c50-4259-bd40-a1d833ebd7ef,2026-07-20T03:30:00Z,2026-07-20T05:30:00+0200,14.613333,MW,DK1,DK_1,forecast_solar_generation,Solar,2026-08-09T16:53:20Z
2026-08-09T16:49:56Z,2026-08-09T18:49:56+0200,eeb12da0-7c50-4259-bd40-a1d833ebd7ef,2026-07-20T03:45:00Z,2026-07-20T05:45:00+0200,43.046666,MW,DK1,DK_1,forecast_solar_generation,Solar,2026-08-09T16:53:20Z
2026-08-09T16:49:56Z,2026-08-09T18:49:56+0200,eeb12da0-7c50-4259-bd40-a1d833ebd7ef,2026-07-20T04:00:00Z,2026-07-20T06:00:00+0200,85.423333,MW,DK1,DK_1,forecast_solar_generation,Solar,2026-08-09T16:53:20Z
2026-08-09T16:49:56Z,2026-08-09T18:49:56+0200,eeb12da0-7c50-4259-bd40-a1d833ebd7ef,2026-07-20T04:15:00Z,2026-07-20T06:15:00+0200,138.888333,MW,DK1,DK_1,forecast_solar_generation,Solar,2026-08-09T16:53:20Z
2026-08-09T16:49:56Z,2026-08-09T18:49:56+0200,eeb12da0-7c50-4259-bd40-a1d833ebd7ef,2026-07-20T04:30:00Z,2026-07-20T06:30:00+0200,203.556666,MW,DK1,DK_1,forecast_solar_generation,Solar,2026-08-09T16:53:20Z
2026-08-09T16:49:56Z,2026-08-09T18:49:56+0200,eeb12da0-7c50-4259-bd40-a1d833ebd7ef,2026-07-20T04:45:00Z,2026-07-20T06:45:00+0200,279.288333,MW,DK1,DK_1,forecast_solar_generation,Solar,2026-08-09T16:53:20Z
2026-08-09T16:49:56Z,2026-08-09T18:49:56+0200,eeb12da0-7c50-4259-bd40-a1d833ebd7ef,2026-07-20T05:00:00Z,2026-07-20T07:00:00+0200,364.869999,MW,DK1,DK_1,forecast_solar_generation,Solar,2026-08-09T16:53:20Z
2026-08-09T16:49:56Z,2026-08-09T18:49:56+0200,eeb12da0-7c50-4259-bd40-a1d833ebd7ef,2026-07-20T05:15:00Z,2026-07-20T07:15:00+0200,458.688333,MW,DK1,DK_1,forecast_solar_generation,Solar,2026-08-09T16:53:20Z
2026-08-09T16:49:56Z,2026-08-09T18:49:56+0200,eeb12da0-7c50-4259-bd40-a1d833ebd7ef,2026-07-20T05:30:00Z,2026-07-20T07:30:00+0200,560.941666,MW,DK1,DK_1,forecast_solar_generation,Solar,2026-08-09T16:53:20Z
2026-08-09T16:49:56Z,2026-08-09T18:49:56+0200,eeb12da0-7c50-4259-bd40-a1d833ebd7ef,2026-07-20T05:45:00Z,2026-07-20T07:45:00+0200,672.02,MW,DK1,DK_1,forecast_solar_generation,Solar,2026-08-09T16:53:20Z
2026-08-09T16:49:56Z,2026-08-09T18:49:56+0200,eeb12da0-7c50-4259-bd40-a1d833ebd7ef,2026-07-20T06:00:00Z,2026-07-20T08:00:00+0200,789.961666,MW,DK1,DK_1,forecast_solar_generation,Solar,2026-08-09T16:53:20Z
2026-08-09T16:49:56Z,2026-08-09T18:49:56+0200,eeb12da0-7c50-4259-bd40-a1d833ebd7ef,2026-07-20T06:15:00Z,2026-07-20T08:15:00+0200,909.681666,MW,DK1,DK_1,forecast_solar_generation,Solar,2026-08-09T16:53:20Z
2026-08-09T16:49:56Z,2026-08-09T18:49:56+0200,eeb12da0-7c50-4259-bd40-a1d833ebd7ef,2026-07-20T06:30:00Z,2026-07-20T08:30:00+0200,1015.358333,MW,DK1,DK_1,forecast_solar_generation,Solar,2026-08-09T16:53:20Z
2026-08-09T16:49:56Z,2026-08-09T18:49:56+0200,eeb12da0-7c50-4259-bd40-a1d833ebd7ef,2026-07-20T06:45:00Z,2026-07-20T08:45:00+0200,1134.573333,MW,DK1,DK_1,forecast_solar_generation,Solar,2026-08-09T16:53:20Z
2026-08-09T16:49:56Z,2026-08-09T18:49:56+0200,eeb12da0-7c50-4259-bd40-a1d833ebd7ef,2026-07-20T07:00:00Z,2026-07-20T09:00:00+0200,1255.023333,MW,DK1,DK_1,forecast_solar_generation,Solar,2026-08-09T16:53:20Z
2026-08-09T16:49:56Z,2026-08-09T18:49:56+0200,eeb12da0-7c50-4259-bd40-a1d833ebd7ef,2026-07-20T07:15:00Z,2026-07-20T09:15:00+0200,1371.99,MW,DK1,DK_1,forecast_solar_generation,Solar,2026-08-09T16:53:20Z
2026-08-09T16:49:56Z,2026-08-09T18:49:56+0200,eeb12da0-7c50-4259-bd40-a1d833ebd7ef,2026-07-20T07:30:00Z,2026-07-20T09:30:00+0200,1483.785,MW,DK1,DK_1,forecast_solar_generation,Solar,2026-08-09T16:53:20Z
2026-08-09T16:49:56Z,2026-08-09T18:49:56+0200,eeb12da0-7c50-4259-bd40-a1d833ebd7ef,2026-07-20T07:45:00Z,2026-07-20T09:45:00+0200,1593.843333,MW,DK1,DK_1,forecast_solar_generation,Solar,2026-08-09T16:53:20Z
2026-08-09T16:49:56Z,2026-08-09T18:49:56+0200,eeb12da0-7c50-4259-bd40-a1d833ebd7ef,2026-07-20T08:00:00Z,2026-07-20T10:00:00+0200,1698.804999,MW,DK1,DK_1,forecast_solar_generation,Solar,2026-08-09T16:53:20Z
2026-08-09T16:49:56Z,2026-08-09T18:49:56+0200,eeb12da0-7c50-4259-bd40-a1d833ebd7ef,2026-07-20T08:15:00Z,2026-07-20T10:15:00+0200,1793.256666,MW,DK1,DK_1,forecast_solar_generation,Solar,2026-08-09T16:53:20Z
2026-08-09T16:49:56Z,2026-08-09T18:49:56+0200,eeb12da0-7c50-4259-bd40-a1d833ebd7ef,2026-07-20T08:30:00Z,2026-07-20T10:30:00+0200,1873.761666,MW,DK1,DK_1,forecast_solar_generation,Solar,2026-08-09T16:53:20Z
2026-08-09T16:49:56Z,2026-08-09T18:49:56+0200,eeb12da0-7c50-4259-bd40-a1d833ebd7ef,2026-07-20T08:45:00Z,2026-07-20T10:45:00+0200,1945.783333,MW,DK1,DK_1,forecast_solar_generation,Solar,2026-08-09T16:53:20Z
2026-08-09T16:49:56Z,2026-08-09T18:49:56+0200,eeb12da0-7c50-4259-bd40-a1d833ebd7ef,2026-07-20T09:00:00Z,2026-07-20T11:00:00+0200,2008.685,MW,DK1,DK_1,forecast_solar_generation,Solar,2026-08-09T16:53:20Z
2026-08-09T16:49:56Z,2026-08-09T18:49:56+0200,eeb12da0-7c50-4259-bd40-a1d833ebd7ef,2026-07-20T09:15:00Z,2026-07-20T11:15:00+0200,2060.183333,MW,DK1,DK_1,forecast_solar_generation,Solar,2026-08-09T16:53:20Z
2026-08-09T16:49:56Z,2026-08-09T18:49:56+0200,eeb12da0-7c50-4259-bd40-a1d833ebd7ef,2026-07-20T09:30:00Z,2026-07-20T11:30:00+0200,2095.543333,MW,DK1,DK_1,forecast_solar_generation,Solar,2026-08-09T16:53:20Z
2026-08-09T16:49:56Z,2026-08-09T18:49:56+0200,eeb12da0-7c50-4259-bd40-a1d833ebd7ef,2026-07-20T09:45:00Z,2026-07-20T11:45:00+0200,2049.521666,MW,DK1,DK_1,forecast_solar_generation,Solar,2026-08-09T16:53:20Z
2026-08-09T16:49:56Z,2026-08-09T18:49:56+0200,eeb12da0-7c50-4259-bd40-a1d833ebd7ef,2026-07-20T10:00:00Z,2026-07-20T12:00:00+0200,2188.931666,MW,DK1,DK_1,forecast_solar_generation,Solar,2026-08-09T16:53:20Z
2026-08-09T16:49:56Z,2026-08-09T18:49:56+0200,eeb12da0-7c50-4259-bd40-a1d833ebd7ef,2026-07-20T10:15:00Z,2026-07-20T12:15:00+0200,2217.316666,MW,DK1,DK_1,forecast_solar_generation,Solar,2026-08-09T16:53:20Z
2026-08-09T16:49:56Z,2026-08-09T18:49:56+0200,eeb12da0-7c50-4259-bd40-a1d833ebd7ef,2026-07-20T10:30:00Z,2026-07-20T12:30:00+0200,2239.536666,MW,DK1,DK_1,forecast_solar_generation,Solar,2026-08-09T16:53:20Z
2026-08-09T16:49:56Z,2026-08-09T18:49:56+0200,eeb12da0-7c50-4259-bd40-a1d833ebd7ef,2026-07-20T10:45:00Z,2026-07-20T12:45:00+0200,2227.658333,MW,DK1,DK_1,forecast_solar_generation,Solar,2026-08-09T16:53:20Z
2026-08-09T16:49:56Z,2026-08-09T18:49:56+0200,eeb12da0-7c50-4259-bd40-a1d833ebd7ef,2026-07-20T11:00:00Z,2026-07-20T13:00:00+0200,2087.983333,MW,DK1,DK_1,forecast_solar_generation,Solar,2026-08-09T16:53:20Z
2026-08-09T16:49:56Z,2026-08-09T18:49:56+0200,eeb12da0-7c50-4259-bd40-a1d833ebd7ef,2026-07-20T11:15:00Z,2026-07-20T13:15:00+0200,2087.316666,MW,DK1,DK_1,forecast_solar_generation,Solar,2026-08-09T16:53:20Z
2026-08-09T16:49:56Z,2026-08-09T18:49:56+0200,eeb12da0-7c50-4259-bd40-a1d833ebd7ef,2026-07-20T11:30:00Z,2026-07-20T13:30:00+0200,2024.955,MW,DK1,DK_1,forecast_solar_generation,Solar,2026-08-09T16:53:20Z
2026-08-09T16:49:56Z,2026-08-09T18:49:56+0200,eeb12da0-7c50-4259-bd40-a1d833ebd7ef,2026-07-20T11:45:00Z,2026-07-20T13:45:00+0200,2041.466666,MW,DK1,DK_1,forecast_solar_generation,Solar,2026-08-09T16:53:20Z
2026-08-09T16:49:56Z,2026-08-09T18:49:56+0200,eeb12da0-7c50-4259-bd40-a1d833ebd7ef,2026-07-20T12:00:00Z,2026-07-20T14:00:00+0200,2143.088333,MW,DK1,DK_1,forecast_solar_generation,Solar,2026-08-09T16:53:20Z
2026-08-09T16:49:56Z,2026-08-09T18:49:56+0200,eeb12da0-7c50-4259-bd40-a1d833ebd7ef,2026-07-20T12:15:00Z,2026-07-20T14:15:00+0200,2142.765,MW,DK1,DK_1,forecast_solar_generation,Solar,2026-08-09T16:53:20Z
2026-08-09T16:49:56Z,2026-08-09T18:49:56+0200,eeb12da0-7c50-4259-bd40-a1d833ebd7ef,2026-07-20T12:30:00Z,2026-07-20T14:30:00+0200,2187.44,MW,DK1,DK_1,forecast_solar_generation,Solar,2026-08-09T16:53:20Z
2026-08-09T16:49:56Z,2026-08-09T18:49:56+0200,eeb12da0-7c50-4259-bd40-a1d833ebd7ef,2026-07-20T12:45:00Z,2026-07-20T14:45:00+0200,2212.5,MW,DK1,DK_1,forecast_solar_generation,Solar,2026-08-09T16:53:20Z
2026-08-09T16:49:56Z,2026-08-09T18:49:56+0200,eeb12da0-7c50-4259-bd40-a1d833ebd7ef,2026-07-20T13:00:00Z,2026-07-20T15:00:00+0200,2051.81,MW,DK1,DK_1,forecast_solar_generation,Solar,2026-08-09T16:53:20Z
2026-08-09T16:49:56Z,2026-08-09T18:49:56+0200,eeb12da0-7c50-4259-bd40-a1d833ebd7ef,2026-07-20T13:15:00Z,2026-07-20T15:15:00+0200,2076.48,MW,DK1,DK_1,forecast_solar_generation,Solar,2026-08-09T16:53:20Z
2026-08-09T16:49:56Z,2026-08-09T18:49:56+0200,eeb12da0-7c50-4259-bd40-a1d833ebd7ef,2026-07-20T13:30:00Z,2026-07-20T15:30:00+0200,2179.078333,MW,DK1,DK_1,forecast_solar_generation,Solar,2026-08-09T16:53:20Z
2026-08-09T16:49:56Z,2026-08-09T18:49:56+0200,eeb12da0-7c50-4259-bd40-a1d833ebd7ef,2026-07-20T13:45:00Z,2026-07-20T15:45:00+0200,2122.865,MW,DK1,DK_1,forecast_solar_generation,Solar,2026-08-09T16:53:20Z
2026-08-09T16:49:56Z,2026-08-09T18:49:56+0200,eeb12da0-7c50-4259-bd40-a1d833ebd7ef,2026-07-20T14:00:00Z,2026-07-20T16:00:00+0200,1968.356666,MW,DK1,DK_1,forecast_solar_generation,Solar,2026-08-09T16:53:20Z
2026-08-09T16:49:56Z,2026-08-09T18:49:56+0200,eeb12da0-7c50-4259-bd40-a1d833ebd7ef,2026-07-20T14:15:00Z,2026-07-20T16:15:00+0200,1938.003333,MW,DK1,DK_1,forecast_solar_generation,Solar,2026-08-09T16:53:20Z
2026-08-09T16:49:56Z,2026-08-09T18:49:56+0200,eeb12da0-7c50-4259-bd40-a1d833ebd7ef,2026-07-20T14:30:00Z,2026-07-20T16:30:00+0200,1973.893333,MW,DK1,DK_1,forecast_solar_generation,Solar,2026-08-09T16:53:20Z
2026-08-09T16:49:56Z,2026-08-09T18:49:56+0200,eeb12da0-7c50-4259-bd40-a1d833ebd7ef,2026-07-20T14:45:00Z,2026-07-20T16:45:00+0200,1889.381666,MW,DK1,DK_1,forecast_solar_generation,Solar,2026-08-09T16:53:20Z
2026-08-09T16:49:56Z,2026-08-09T18:49:56+0200,eeb12da0-7c50-4259-bd40-a1d833ebd7ef,2026-07-20T15:00:00Z,2026-07-20T17:00:00+0200,1793.118333,MW,DK1,DK_1,forecast_solar_generation,Solar,2026-08-09T16:53:20Z
2026-08-09T16:49:56Z,2026-08-09T18:49:56+0200,eeb12da0-7c50-4259-bd40-a1d833ebd7ef,2026-07-20T15:15:00Z,2026-07-20T17:15:00+0200,1684.963333,MW,DK1,DK_1,forecast_solar_generation,Solar,2026-08-09T16:53:20Z
2026-08-09T16:49:56Z,2026-08-09T18:49:56+0200,eeb12da0-7c50-4259-bd40-a1d833ebd7ef,2026-07-20T15:30:00Z,2026-07-20T17:30:00+0200,1567.991666,MW,DK1,DK_1,forecast_solar_generation,Solar,2026-08-09T16:53:20Z
2026-08-09T16:49:56Z,2026-08-09T18:49:56+0200,eeb12da0-7c50-4259-bd40-a1d833ebd7ef,2026-07-20T15:45:00Z,2026-07-20T17:45:00+0200,1448.198333,MW,DK1,DK_1,forecast_solar_generation,Solar,2026-08-09T16:53:20Z
2026-08-09T16:49:56Z,2026-08-09T18:49:56+0200,eeb12da0-7c50-4259-bd40-a1d833ebd7ef,2026-07-20T16:00:00Z,2026-07-20T18:00:00+0200,1337.973333,MW,DK1,DK_1,forecast_solar_generation,Solar,2026-08-09T16:53:20Z
2026-08-09T16:49:56Z,2026-08-09T18:49:56+0200,eeb12da0-7c50-4259-bd40-a1d833ebd7ef,2026-07-20T16:15:00Z,2026-07-20T18:15:00+0200,1208.843333,MW,DK1,DK_1,forecast_solar_generation,Solar,2026-08-09T16:53:20Z
2026-08-09T16:49:56Z,2026-08-09T18:49:56+0200,eeb12da0-7c50-4259-bd40-a1d833ebd7ef,2026-07-20T16:30:00Z,2026-07-20T18:30:00+0200,1075.61,MW,DK1,DK_1,forecast_solar_generation,Solar,2026-08-09T16:53:20Z
2026-08-09T16:49:56Z,2026-08-09T18:49:56+0200,eeb12da0-7c50-4259-bd40-a1d833ebd7ef,2026-07-20T16:45:00Z,2026-07-20T18:45:00+0200,942.666666,MW,DK1,DK_1,forecast_solar_generation,Solar,2026-08-09T16:53:20Z
2026-08-09T16:49:56Z,2026-08-09T18:49:56+0200,eeb12da0-7c50-4259-bd40-a1d833ebd7ef,2026-07-20T17:00:00Z,2026-07-20T19:00:00+0200,811.231666,MW,DK1,DK_1,forecast_solar_generation,Solar,2026-08-09T16:53:20Z
2026-08-09T16:49:56Z,2026-08-09T18:49:56+0200,eeb12da0-7c50-4259-bd40-a1d833ebd7ef,2026-07-20T17:15:00Z,2026-07-20T19:15:00+0200,682.546666,MW,DK1,DK_1,forecast_solar_generation,Solar,2026-08-09T16:53:20Z
2026-08-09T16:49:56Z,2026-08-09T18:49:56+0200,eeb12da0-7c50-4259-bd40-a1d833ebd7ef,2026-07-20T17:30:00Z,2026-07-20T19:30:00+0200,558.516666,MW,DK1,DK_1,forecast_solar_generation,Solar,2026-08-09T16:53:20Z
2026-08-09T16:49:56Z,2026-08-09T18:49:56+0200,eeb12da0-7c50-4259-bd40-a1d833ebd7ef,2026-07-20T17:45:00Z,2026-07-20T19:45:00+0200,441.871666,MW,DK1,DK_1,forecast_solar_generation,Solar,2026-08-09T16:53:20Z
2026-08-09T16:49:56Z,2026-08-09T18:49:56+0200,eeb12da0-7c50-4259-bd40-a1d833ebd7ef,2026-07-20T18:00:00Z,2026-07-20T20:00:00+0200,335.933333,MW,DK1,DK_1,forecast_solar_generation,Solar,2026-08-09T16:53:20Z
2026-08-09T16:49:56Z,2026-08-09T18:49:56+0200,eeb12da0-7c50-4259-bd40-a1d833ebd7ef,2026-07-20T18:15:00Z,2026-07-20T20:15:00+0200,241.988333,MW,DK1,DK_1,forecast_solar_generation,Solar,2026-08-09T16:53:20Z
2026-08-09T16:49:56Z,2026-08-09T18:49:56+0200,eeb12da0-7c50-4259-bd40-a1d833ebd7ef,2026-07-20T18:30:00Z,2026-07-20T20:30:00+0200,161.683333,MW,DK1,DK_1,forecast_solar_generation,Solar,2026-08-09T16:53:20Z
2026-08-09T16:49:56Z,2026-08-09T18:49:56+0200,eeb12da0-7c50-4259-bd40-a1d833ebd7ef,2026-07-20T18:45:00Z,2026-07-20T20:45:00+0200,95.258333,MW,DK1,DK_1,forecast_solar_generation,Solar,2026-08-09T16:53:20Z
2026-08-09T16:49:56Z,2026-08-09T18:49:56+0200,eeb12da0-7c50-4259-bd40-a1d833ebd7ef,2026-07-20T19:00:00Z,2026-07-20T21:00:00+0200,43.949999,MW,DK1,DK_1,forecast_solar_generation,Solar,2026-08-09T16:53:20Z
2026-08-09T16:49:56Z,2026-08-09T18:49:56+0200,eeb12da0-7c50-4259-bd40-a1d833ebd7ef,2026-07-20T19:15:00Z,2026-07-20T21:15:00+0200,12.376666,MW,DK1,DK_1,forecast_solar_generation,Solar,2026-08-09T16:53:20Z
2026-08-09T16:49:56Z,2026-08-09T18:49:56+0200,eeb12da0-7c50-4259-bd40-a1d833ebd7ef,2026-07-20T19:30:00Z,2026-07-20T21:30:00+0200,1.671666,MW,DK1,DK_1,forecast_solar_generation,Solar,2026-08-09T16:53:20Z
2026-08-09T16:49:56Z,2026-08-09T18:49:56+0200,eeb12da0-7c50-4259-bd40-a1d833ebd7ef,2026-07-20T19:45:00Z,2026-07-20T21:45:00+0200,0.063333,MW,DK1,DK_1,forecast_solar_generation,Solar,2026-08-09T16:53:20Z
2026-08-09T16:49:56Z,2026-08-09T18:49:56+0200,eeb12da0-7c50-4259-bd40-a1d833ebd7ef,2026-07-20T20:00:00Z,2026-07-20T22:00:00+0200,0.0,MW,DK1,DK_1,forecast_solar_generation,Solar,2026-08-09T16:53:20Z
2026-08-09T16:49:56Z,2026-08-09T18:49:56+0200,eeb12da0-7c50-4259-bd40-a1d833ebd7ef,2026-07-20T20:15:00Z,2026-07-20T22:15:00+0200,0.0,MW,DK1,DK_1,forecast_solar_generation,Solar,2026-08-09T16:53:20Z
2026-08-09T16:49:56Z,2026-08-09T18:49:56+0200,eeb12da0-7c50-4259-bd40-a1d833ebd7ef,2026-07-20T20:30:00Z,2026-07-20T22:30:00+0200,0.0,MW,DK1,DK_1,forecast_solar_generation,Solar,2026-08-09T16:53:20Z
2026-08-09T16:49:56Z,2026-08-09T18:49:56+0200,eeb12da0-7c50-4259-bd40-a1d833ebd7ef,2026-07-20T20:45:00Z,2026-07-20T22:45:00+0200,0.0,MW,DK1,DK_1,forecast_solar_generation,Solar,2026-08-09T16:53:20Z
2026-08-09T16:49:56Z,2026-08-09T18:49:56+0200,eeb12da0-7c50-4259-bd40-a1d833ebd7ef,2026-07-20T21:00:00Z,2026-07-20T23:00:00+0200,0.0,MW,DK1,DK_1,forecast_solar_generation,Solar,2026-08-09T16:53:20Z
2026-08-09T16:49:56Z,2026-08-09T18:49:56+0200,eeb12da0-7c50-4259-bd40-a1d833ebd7ef,2026-07-20T21:15:00Z,2026-07-20T23:15:00+0200,0.0,MW,DK1,DK_1,forecast_solar_generation,Solar,2026-08-09T16:53:20Z
2026-08-09T16:49:56Z,2026-08-09T18:49:56+0200,eeb12da0-7c50-4259-bd40-a1d833ebd7ef,2026-07-20T21:30:00Z,2026-07-20T23:30:00+0200,0.0,MW,DK1,DK_1,forecast_solar_generation,Solar,2026-08-09T16:53:20Z
2026-08-09T16:49:56Z,2026-08-09T18:49:56+0200,eeb12da0-7c50-4259-bd40-a1d833ebd7ef,2026-07-20T21:45:00Z,2026-07-20T23:45:00+0200,0.0,MW,DK1,DK_1,forecast_solar_generation,Solar,2026-08-09T16:53:20Z
2026-08-09T16:49:56Z,2026-08-09T18:49:56+0200,eeb12da0-7c50-4259-bd40-a1d833ebd7ef,2026-07-20T22:00:00Z,2026-07-21T00:00:00+0200,0.0,MW,DK1,DK_1,forecast_solar_generation,Solar,2026-08-09T16:53:20Z
2026-08-09T16:49:56Z,2026-08-09T18:49:56+0200,eeb12da0-7c50-4259-bd40-a1d833ebd7ef,2026-07-20T22:15:00Z,2026-07-21T00:15:00+0200,0.0,MW,DK1,DK_1,forecast_solar_generation,Solar,2026-08-09T16:53:20Z
2026-08-09T16:49:56Z,2026-08-09T18:49:56+0200,eeb12da0-7c50-4259-bd40-a1d833ebd7ef,2026-07-20T22:30:00Z,2026-07-21T00:30:00+0200,0.0,MW,DK1,DK_1,forecast_solar_generation,Solar,2026-08-09T16:53:20Z
2026-08-09T16:49:56Z,2026-08-09T18:49:56+0200,eeb12da0-7c50-4259-bd40-a1d833ebd7ef,2026-07-20T22:45:00Z,2026-07-21T00:45:00+0200,0.0,MW,DK1,DK_1,forecast_solar_generation,Solar,2026-08-09T16:53:20Z
2026-08-09T16:49:56Z,2026-08-09T18:49:56+0200,eeb12da0-7c50-4259-bd40-a1d833ebd7ef,2026-07-20T23:00:00Z,2026-07-21T01:00:00+0200,0.0,MW,DK1,DK_1,forecast_solar_generation,Solar,2026-08-09T16:53:20Z
2026-08-09T16:49:56Z,2026-08-09T18:49:56+0200,eeb12da0-7c50-4259-bd40-a1d833ebd7ef,2026-07-20T23:15:00Z,2026-07-21T01:15:00+0200,0.0,MW,DK1,DK_1,forecast_solar_generation,Solar,2026-08-09T16:53:20Z
2026-08-09T16:49:56Z,2026-08-09T18:49:56+0200,eeb12da0-7c50-4259-bd40-a1d833ebd7ef,2026-07-20T23:30:00Z,2026-07-21T01:30:00+0200,0.0,MW,DK1,DK_1,forecast_solar_generation,Solar,2026-08-09T16:53:20Z
2026-08-09T16:49:56Z,2026-08-09T18:49:56+0200,eeb12da0-7c50-4259-bd40-a1d833ebd7ef,2026-07-20T23:45:00Z,2026-07-21T01:45:00+0200,0.0,MW,DK1,DK_1,forecast_solar_generation,Solar,2026-08-09T16:53:20Z
2026-08-09T16:49:56Z,2026-08-09T18:49:56+0200,eeb12da0-7c50-4259-bd40-a1d833ebd7ef,2026-07-21T00:00:00Z,2026-07-21T02:00:00+0200,0.0,MW,DK1,DK_1,forecast_solar_generation,Solar,2026-08-09T16:53:20Z
2026-08-09T16:49:56Z,2026-08-09T18:49:56+0200,eeb12da0-7c50-4259-bd40-a1d833ebd7ef,2026-07-21T00:15:00Z,2026-07-21T02:15:00+0200,0.0,MW,DK1,DK_1,forecast_solar_generation,Solar,2026-08-09T16:53:20Z
2026-08-09T16:49:56Z,2026-08-09T18:49:56+0200,eeb12da0-7c50-4259-bd40-a1d833ebd7ef,2026-07-21T00:30:00Z,2026-07-21T02:30:00+0200,0.0,MW,DK1,DK_1,forecast_solar_generation,Solar,2026-08-09T16:53:20Z
2026-08-09T16:49:56Z,2026-08-09T18:49:56+0200,eeb12da0-7c50-4259-bd40-a1d833ebd7ef,2026-07-21T00:45:00Z,2026-07-21T02:45:00+0200,0.0,MW,DK1,DK_1,forecast_solar_generation,Solar,2026-08-09T16:53:20Z
2026-08-09T16:49:56Z,2026-08-09T18:49:56+0200,eeb12da0-7c50-4259-bd40-a1d833ebd7ef,2026-07-21T01:00:00Z,2026-07-21T03:00:00+0200,0.0,MW,DK1,DK_1,forecast_solar_generation,Solar,2026-08-09T16:53:20Z
2026-08-09T16:49:56Z,2026-08-09T18:49:56+0200,eeb12da0-7c50-4259-bd40-a1d833ebd7ef,2026-07-21T01:15:00Z,2026-07-21T03:15:00+0200,0.0,MW,DK1,DK_1,forecast_solar_generation,Solar,2026-08-09T16:53:20Z
2026-08-09T16:49:56Z,2026-08-09T18:49:56+0200,eeb12da0-7c50-4259-bd40-a1d833ebd7ef,2026-07-21T01:30:00Z,2026-07-21T03:30:00+0200,0.0,MW,DK1,DK_1,forecast_solar_generation,Solar,2026-08-09T16:53:20Z
2026-08-09T16:49:56Z,2026-08-09T18:49:56+0200,eeb12da0-7c50-4259-bd40-a1d833ebd7ef,2026-07-21T01:45:00Z,2026-07-21T03:45:00+0200,0.0,MW,DK1,DK_1,forecast_solar_generation,Solar,2026-08-09T16:53:20Z
2026-08-09T16:49:56Z,2026-08-09T18:49:56+0200,eeb12da0-7c50-4259-bd40-a1d833ebd7ef,2026-07-21T02:00:00Z,2026-07-21T04:00:00+0200,0.0,MW,DK1,DK_1,forecast_solar_generation,Solar,2026-08-09T16:53:20Z
2026-08-09T16:49:56Z,2026-08-09T18:49:56+0200,eeb12da0-7c50-4259-bd40-a1d833ebd7ef,2026-07-21T02:15:00Z,2026-07-21T04:15:00+0200,0.0,MW,DK1,DK_1,forecast_solar_generation,Solar,2026-08-09T16:53:20Z
2026-08-09T16:49:56Z,2026-08-09T18:49:56+0200,eeb12da0-7c50-4259-bd40-a1d833ebd7ef,2026-07-21T02:30:00Z,2026-07-21T04:30:00+0200,0.0,MW,DK1,DK_1,forecast_solar_generation,Solar,2026-08-09T16:53:20Z
2026-08-09T16:49:56Z,2026-08-09T18:49:56+0200,eeb12da0-7c50-4259-bd40-a1d833ebd7ef,2026-07-21T02:45:00Z,2026-07-21T04:45:00+0200,0.0,MW,DK1,DK_1,forecast_solar_generation,Solar,2026-08-09T16:53:20Z
2026-08-09T16:49:56Z,2026-08-09T18:49:56+0200,eeb12da0-7c50-4259-bd40-a1d833ebd7ef,2026-07-21T03:00:00Z,2026-07-21T05:00:00+0200,0.123333,MW,DK1,DK_1,forecast_solar_generation,Solar,2026-08-09T16:53:20Z
2026-08-09T16:49:56Z,2026-08-09T18:49:56+0200,eeb12da0-7c50-4259-bd40-a1d833ebd7ef,2026-07-21T03:15:00Z,2026-07-21T05:15:00+0200,2.443333,MW,DK1,DK_1,forecast_solar_generation,Solar,2026-08-09T16:53:20Z
2026-08-09T16:49:56Z,2026-08-09T18:49:56+0200,eeb12da0-7c50-4259-bd40-a1d833ebd7ef,2026-07-21T03:30:00Z,2026-07-21T05:30:00+0200,16.39,MW,DK1,DK_1,forecast_solar_generation,Solar,2026-08-09T16:53:20Z
2026-08-09T16:49:56Z,2026-08-09T18:49:56+0200,eeb12da0-7c50-4259-bd40-a1d833ebd7ef,2026-07-21T03:45:00Z,2026-07-21T05:45:00+0200,51.693333,MW,DK1,DK_1,forecast_solar_generation,Solar,2026-08-09T16:53:20Z
2026-08-09T16:49:56Z,2026-08-09T18:49:56+0200,eeb12da0-7c50-4259-bd40-a1d833ebd7ef,2026-07-21T04:00:00Z,2026-07-21T06:00:00+0200,105.108333,MW,DK1,DK_1,forecast_solar_generation,Solar,2026-08-09T16:53:20Z
2026-08-09T16:49:56Z,2026-08-09T18:49:56+0200,eeb12da0-7c50-4259-bd40-a1d833ebd7ef,2026-07-21T04:15:00Z,2026-07-21T06:15:00+0200,173.04,MW,DK1,DK_1,forecast_solar_generation,Solar,2026-08-09T16:53:20Z
2026-08-09T16:49:56Z,2026-08-09T18:49:56+0200,eeb12da0-7c50-4259-bd40-a1d833ebd7ef,2026-07-21T04:30:00Z,2026-07-21T06:30:00+0200,254.831666,MW,DK1,DK_1,forecast_solar_generation,Solar,2026-08-09T16:53:20Z
2026-08-09T16:49:56Z,2026-08-09T18:49:56+0200,eeb12da0-7c50-4259-bd40-a1d833ebd7ef,2026-07-21T04:45:00Z,2026-07-21T06:45:00+0200,350.84,MW,DK1,DK_1,forecast_solar_generation,Solar,2026-08-09T16:53:20Z
2026-08-09T16:49:56Z,2026-08-09T18:49:56+0200,eeb12da0-7c50-4259-bd40-a1d833ebd7ef,2026-07-21T05:00:00Z,2026-07-21T07:00:00+0200,461.061666,MW,DK1,DK_1,forecast_solar_generation,Solar,2026-08-09T16:53:20Z
2026-08-09T16:49:56Z,2026-08-09T18:49:56+0200,eeb12da0-7c50-4259-bd40-a1d833ebd7ef,2026-07-21T05:15:00Z,2026-07-21T07:15:00+0200,581.533333,MW,DK1,DK_1,forecast_solar_generation,Solar,2026-08-09T16:53:20Z
2026-08-09T16:49:56Z,2026-08-09T18:49:56+0200,eeb12da0-7c50-4259-bd40-a1d833ebd7ef,2026-07-21T05:30:00Z,2026-07-21T07:30:00+0200,709.316666,MW,DK1,DK_1,forecast_solar_generation,Solar,2026-08-09T16:53:20Z
2026-08-09T16:49:56Z,2026-08-09T18:49:56+0200,eeb12da0-7c50-4259-bd40-a1d833ebd7ef,2026-07-21T05:45:00Z,2026-07-21T07:45:00+0200,841.596666,MW,DK1,DK_1,forecast_solar_generation,Solar,2026-08-09T16:53:20Z
2026-08-09T16:49:56Z,2026-08-09T18:49:56+0200,eeb12da0-7c50-4259-bd40-a1d833ebd7ef,2026-07-21T06:00:00Z,2026-07-21T08:00:00+0200,976.518333,MW,DK1,DK_1,forecast_solar_generation,Solar,2026-08-09T16:53:20Z
2026-08-09T16:49:56Z,2026-08-09T18:49:56+0200,eeb12da0-7c50-4259-bd40-a1d833ebd7ef,2026-07-21T06:15:00Z,2026-07-21T08:15:00+0200,1112.936666,MW,DK1,DK_1,forecast_solar_generation,Solar,2026-08-09T16:53:20Z
2026-08-09T16:49:56Z,2026-08-09T18:49:56+0200,eeb12da0-7c50-4259-bd40-a1d833ebd7ef,2026-07-21T06:30:00Z,2026-07-21T08:30:00+0200,1248.111666,MW,DK1,DK_1,forecast_solar_generation,Solar,2026-08-09T16:53:20Z
2026-08-09T16:49:56Z,2026-08-09T18:49:56+0200,eeb12da0-7c50-4259-bd40-a1d833ebd7ef,2026-07-21T06:45:00Z,2026-07-21T08:45:00+0200,1365.863333,MW,DK1,DK_1,forecast_solar_generation,Solar,2026-08-09T16:53:20Z
2026-08-09T16:49:56Z,2026-08-09T18:49:56+0200,eeb12da0-7c50-4259-bd40-a1d833ebd7ef,2026-07-21T07:00:00Z,2026-07-21T09:00:00+0200,1494.28,MW,DK1,DK_1,forecast_solar_generation,Solar,2026-08-09T16:53:20Z
2026-08-09T16:49:56Z,2026-08-09T18:49:56+0200,eeb12da0-7c50-4259-bd40-a1d833ebd7ef,2026-07-21T07:15:00Z,2026-07-21T09:15:00+0200,1620.451666,MW,DK1,DK_1,forecast_solar_generation,Solar,2026-08-09T16:53:20Z
2026-08-09T16:49:56Z,2026-08-09T18:49:56+0200,eeb12da0-7c50-4259-bd40-a1d833ebd7ef,2026-07-21T07:30:00Z,2026-07-21T09:30:00+0200,1742.22,MW,DK1,DK_1,forecast_solar_generation,Solar,2026-08-09T16:53:20Z
2026-08-09T16:49:56Z,2026-08-09T18:49:56+0200,eeb12da0-7c50-4259-bd40-a1d833ebd7ef,2026-07-21T07:45:00Z,2026-07-21T09:45:00+0200,1855.511666,MW,DK1,DK_1,forecast_solar_generation,Solar,2026-08-09T16:53:20Z
2026-08-09T16:49:56Z,2026-08-09T18:49:56+0200,eeb12da0-7c50-4259-bd40-a1d833ebd7ef,2026-07-21T08:00:00Z,2026-07-21T10:00:00+0200,1956.661666,MW,DK1,DK_1,forecast_solar_generation,Solar,2026-08-09T16:53:20Z
2026-08-09T16:49:56Z,2026-08-09T18:49:56+0200,eeb12da0-7c50-4259-bd40-a1d833ebd7ef,2026-07-21T08:15:00Z,2026-07-21T10:15:00+0200,2045.03,MW,DK1,DK_1,forecast_solar_generation,Solar,2026-08-09T16:53:20Z
2026-08-09T16:49:56Z,2026-08-09T18:49:56+0200,eeb12da0-7c50-4259-bd40-a1d833ebd7ef,2026-07-21T08:30:00Z,2026-07-21T10:30:00+0200,2121.408333,MW,DK1,DK_1,forecast_solar_generation,Solar,2026-08-09T16:53:20Z
2026-08-09T16:49:56Z,2026-08-09T18:49:56+0200,eeb12da0-7c50-4259-bd40-a1d833ebd7ef,2026-07-21T08:45:00Z,2026-07-21T10:45:00+0200,2186.055,MW,DK1,DK_1,forecast_solar_generation,Solar,2026-08-09T16:53:20Z
2026-08-09T16:49:56Z,2026-08-09T18:49:56+0200,eeb12da0-7c50-4259-bd40-a1d833ebd7ef,2026-07-21T09:00:00Z,2026-07-21T11:00:00+0200,2235.009999,MW,DK1,DK_1,forecast_solar_generation,Solar,2026-08-09T16:53:20Z
2026-08-09T16:49:56Z,2026-08-09T18:49:56+0200,eeb12da0-7c50-4259-bd40-a1d833ebd7ef,2026-07-21T09:15:00Z,2026-07-21T11:15:00+0200,2270.81,MW,DK1,DK_1,forecast_solar_generation,Solar,2026-08-09T16:53:20Z
2026-08-09T16:49:56Z,2026-08-09T18:49:56+0200,eeb12da0-7c50-4259-bd40-a1d833ebd7ef,2026-07-21T09:30:00Z,2026-07-21T11:30:00+0200,2299.236666,MW,DK1,DK_1,forecast_solar_generation,Solar,2026-08-09T16:53:20Z
2026-08-09T16:49:56Z,2026-08-09T18:49:56+0200,eeb12da0-7c50-4259-bd40-a1d833ebd7ef,2026-07-21T09:45:00Z,2026-07-21T11:45:00+0200,2322.67,MW,DK1,DK_1,forecast_solar_generation,Solar,2026-08-09T16:53:20Z
2026-08-09T16:49:56Z,2026-08-09T18:49:56+0200,eeb12da0-7c50-4259-bd40-a1d833ebd7ef,2026-07-21T10:00:00Z,2026-07-21T12:00:00+0200,2342.15,MW,DK1,DK_1,forecast_solar_generation,Solar,2026-08-09T16:53:20Z
2026-08-09T16:49:56Z,2026-08-09T18:49:56+0200,eeb12da0-7c50-4259-bd40-a1d833ebd7ef,2026-07-21T10:15:00Z,2026-07-21T12:15:00+0200,2358.233333,MW,DK1,DK_1,forecast_solar_generation,Solar,2026-08-09T16:53:20Z
2026-08-09T16:49:56Z,2026-08-09T18:49:56+0200,eeb12da0-7c50-4259-bd40-a1d833ebd7ef,2026-07-21T10:30:00Z,2026-07-21T12:30:00+0200,2343.781666,MW,DK1,DK_1,forecast_solar_generation,Solar,2026-08-09T16:53:20Z
2026-08-09T16:49:56Z,2026-08-09T18:49:56+0200,eeb12da0-7c50-4259-bd40-a1d833ebd7ef,2026-07-21T10:45:00Z,2026-07-21T12:45:00+0200,2233.936666,MW,DK1,DK_1,forecast_solar_generation,Solar,2026-08-09T16:53:20Z
2026-08-09T16:49:56Z,2026-08-09T18:49:56+0200,eeb12da0-7c50-4259-bd40-a1d833ebd7ef,2026-07-21T11:00:00Z,2026-07-21T13:00:00+0200,2202.18,MW,DK1,DK_1,forecast_solar_generation,Solar,2026-08-09T16:53:20Z
2026-08-09T16:49:56Z,2026-08-09T18:49:56+0200,eeb12da0-7c50-4259-bd40-a1d833ebd7ef,2026-07-21T11:15:00Z,2026-07-21T13:15:00+0200,2201.765,MW,DK1,DK_1,forecast_solar_generation,Solar,2026-08-09T16:53:20Z
2026-08-09T16:49:56Z,2026-08-09T18:49:56+0200,eeb12da0-7c50-4259-bd40-a1d833ebd7ef,2026-07-21T11:30:00Z,2026-07-21T13:30:00+0200,2180.999999,MW,DK1,DK_1,forecast_solar_generation,Solar,2026-08-09T16:53:20Z
2026-08-09T16:49:56Z,2026-08-09T18:49:56+0200,eeb12da0-7c50-4259-bd40-a1d833ebd7ef,2026-07-21T11:45:00Z,2026-07-21T13:45:00+0200,2115.976666,MW,DK1,DK_1,forecast_solar_generation,Solar,2026-08-09T16:53:20Z
2026-08-09T16:49:56Z,2026-08-09T18:49:56+0200,eeb12da0-7c50-4259-bd40-a1d833ebd7ef,2026-07-21T12:00:00Z,2026-07-21T14:00:00+0200,2094.743333,MW,DK1,DK_1,forecast_solar_generation,Solar,2026-08-09T16:53:20Z
2026-08-09T16:49:56Z,2026-08-09T18:49:56+0200,eeb12da0-7c50-4259-bd40-a1d833ebd7ef,2026-07-21T12:15:00Z,2026-07-21T14:15:00+0200,2093.556666,MW,DK1,DK_1,forecast_solar_generation,Solar,2026-08-09T16:53:20Z
2026-08-09T16:49:56Z,2026-08-09T18:49:56+0200,eeb12da0-7c50-4259-bd40-a1d833ebd7ef,2026-07-21T12:30:00Z,2026-07-21T14:30:00+0200,2131.785,MW,DK1,DK_1,forecast_solar_generation,Solar,2026-08-09T16:53:20Z
2026-08-09T16:49:56Z,2026-08-09T18:49:56+0200,eeb12da0-7c50-4259-bd40-a1d833ebd7ef,2026-07-21T12:45:00Z,2026-07-21T14:45:00+0200,2149.94,MW,DK1,DK_1,forecast_solar_generation,Solar,2026-08-09T16:53:20Z
2026-08-09T16:49:56Z,2026-08-09T18:49:56+0200,eeb12da0-7c50-4259-bd40-a1d833ebd7ef,2026-07-21T13:00:00Z,2026-07-21T15:00:00+0200,2124.07,MW,DK1,DK_1,forecast_solar_generation,Solar,2026-08-09T16:53:20Z
2026-08-09T16:49:56Z,2026-08-09T18:49:56+0200,eeb12da0-7c50-4259-bd40-a1d833ebd7ef,2026-07-21T13:15:00Z,2026-07-21T15:15:00+0200,2228.14,MW,DK1,DK_1,forecast_solar_generation,Solar,2026-08-09T16:53:20Z
2026-08-09T16:49:56Z,2026-08-09T18:49:56+0200,eeb12da0-7c50-4259-bd40-a1d833ebd7ef,2026-07-21T13:30:00Z,2026-07-21T15:30:00+0200,2198.905,MW,DK1,DK_1,forecast_solar_generation,Solar,2026-08-09T16:53:20Z
2026-08-09T16:49:56Z,2026-08-09T18:49:56+0200,eeb12da0-7c50-4259-bd40-a1d833ebd7ef,2026-07-21T13:45:00Z,2026-07-21T15:45:00+0200,2153.661666,MW,DK1,DK_1,forecast_solar_generation,Solar,2026-08-09T16:53:20Z
2026-08-09T16:49:56Z,2026-08-09T18:49:56+0200,eeb12da0-7c50-4259-bd40-a1d833ebd7ef,2026-07-21T14:00:00Z,2026-07-21T16:00:00+0200,2095.033333,MW,DK1,DK_1,forecast_solar_generation,Solar,2026-08-09T16:53:20Z
2026-08-09T16:49:56Z,2026-08-09T18:49:56+0200,eeb12da0-7c50-4259-bd40-a1d833ebd7ef,2026-07-21T14:15:00Z,2026-07-21T16:15:00+0200,2023.595,MW,DK1,DK_1,forecast_solar_generation,Solar,2026-08-09T16:53:20Z
2026-08-09T16:49:56Z,2026-08-09T18:49:56+0200,eeb12da0-7c50-4259-bd40-a1d833ebd7ef,2026-07-21T14:30:00Z,2026-07-21T16:30:00+0200,1939.49,MW,DK1,DK_1,forecast_solar_generation,Solar,2026-08-09T16:53:20Z
2026-08-09T16:49:56Z,2026-08-09T18:49:56+0200,eeb12da0-7c50-4259-bd40-a1d833ebd7ef,2026-07-21T14:45:00Z,2026-07-21T16:45:00+0200,1844.818333,MW,DK1,DK_1,forecast_solar_generation,Solar,2026-08-09T16:53:20Z
2026-08-09T16:49:56Z,2026-08-09T18:49:56+0200,eeb12da0-7c50-4259-bd40-a1d833ebd7ef,2026-07-21T15:00:00Z,2026-07-21T17:00:00+0200,1739.845,MW,DK1,DK_1,forecast_solar_generation,Solar,2026-08-09T16:53:20Z
2026-08-09T16:49:56Z,2026-08-09T18:49:56+0200,eeb12da0-7c50-4259-bd40-a1d833ebd7ef,2026-07-21T15:15:00Z,2026-07-21T17:15:00+0200,1625.143333,MW,DK1,DK_1,forecast_solar_generation,Solar,2026-08-09T16:53:20Z
2026-08-09T16:49:56Z,2026-08-09T18:49:56+0200,eeb12da0-7c50-4259-bd40-a1d833ebd7ef,2026-07-21T15:30:00Z,2026-07-21T17:30:00+0200,1503.551666,MW,DK1,DK_1,forecast_solar_generation,Solar,2026-08-09T16:53:20Z
2026-08-09T16:49:56Z,2026-08-09T18:49:56+0200,eeb12da0-7c50-4259-bd40-a1d833ebd7ef,2026-07-21T15:45:00Z,2026-07-21T17:45:00+0200,1376.959999,MW,DK1,DK_1,forecast_solar_generation,Solar,2026-08-09T16:53:20Z
2026-08-09T16:49:56Z,2026-08-09T18:49:56+0200,eeb12da0-7c50-4259-bd40-a1d833ebd7ef,2026-07-21T16:00:00Z,2026-07-21T18:00:00+0200,1246.331666,MW,DK1,DK_1,forecast_solar_generation,Solar,2026-08-09T16:53:20Z
2026-08-09T16:49:56Z,2026-08-09T18:49:56+0200,eeb12da0-7c50-4259-bd40-a1d833ebd7ef,2026-07-21T16:15:00Z,2026-07-21T18:15:00+0200,1113.036666,MW,DK1,DK_1,forecast_solar_generation,Solar,2026-08-09T16:53:20Z
2026-08-09T16:49:56Z,2026-08-09T18:49:56+0200,eeb12da0-7c50-4259-bd40-a1d833ebd7ef,2026-07-21T16:30:00Z,2026-07-21T18:30:00+0200,978.583333,MW,DK1,DK_1,forecast_solar_generation,Solar,2026-08-09T16:53:20Z
2026-08-09T16:49:56Z,2026-08-09T18:49:56+0200,eeb12da0-7c50-4259-bd40-a1d833ebd7ef,2026-07-21T16:45:00Z,2026-07-21T18:45:00+0200,843.896666,MW,DK1,DK_1,forecast_solar_generation,Solar,2026-08-09T16:53:20Z
2026-08-09T16:49:56Z,2026-08-09T18:49:56+0200,eeb12da0-7c50-4259-bd40-a1d833ebd7ef,2026-07-21T17:00:00Z,2026-07-21T19:00:00+0200,712.621666,MW,DK1,DK_1,forecast_solar_generation,Solar,2026-08-09T16:53:20Z
2026-08-09T16:49:56Z,2026-08-09T18:49:56+0200,eeb12da0-7c50-4259-bd40-a1d833ebd7ef,2026-07-21T17:15:00Z,2026-07-21T19:15:00+0200,588.4,MW,DK1,DK_1,forecast_solar_generation,Solar,2026-08-09T16:53:20Z
2026-08-09T16:49:56Z,2026-08-09T18:49:56+0200,eeb12da0-7c50-4259-bd40-a1d833ebd7ef,2026-07-21T17:30:00Z,2026-07-21T19:30:00+0200,473.205,MW,DK1,DK_1,forecast_solar_generation,Solar,2026-08-09T16:53:20Z
2026-08-09T16:49:56Z,2026-08-09T18:49:56+0200,eeb12da0-7c50-4259-bd40-a1d833ebd7ef,2026-07-21T17:45:00Z,2026-07-21T19:45:00+0200,367.346666,MW,DK1,DK_1,forecast_solar_generation,Solar,2026-08-09T16:53:20Z
2026-08-09T16:49:56Z,2026-08-09T18:49:56+0200,eeb12da0-7c50-4259-bd40-a1d833ebd7ef,2026-07-21T18:00:00Z,2026-07-21T20:00:00+0200,273.835,MW,DK1,DK_1,forecast_solar_generation,Solar,2026-08-09T16:53:20Z
2026-08-09T16:49:56Z,2026-08-09T18:49:56+0200,eeb12da0-7c50-4259-bd40-a1d833ebd7ef,2026-07-21T18:15:00Z,2026-07-21T20:15:00+0200,193.421666,MW,DK1,DK_1,forecast_solar_generation,Solar,2026-08-09T16:53:20Z
2026-08-09T16:49:56Z,2026-08-09T18:49:56+0200,eeb12da0-7c50-4259-bd40-a1d833ebd7ef,2026-07-21T18:30:00Z,2026-07-21T20:30:00+0200,126.255,MW,DK1,DK_1,forecast_solar_generation,Solar,2026-08-09T16:53:20Z
2026-08-09T16:49:56Z,2026-08-09T18:49:56+0200,eeb12da0-7c50-4259-bd40-a1d833ebd7ef,2026-07-21T18:45:00Z,2026-07-21T20:45:00+0200,71.578333,MW,DK1,DK_1,forecast_solar_generation,Solar,2026-08-09T16:53:20Z
2026-08-09T16:49:56Z,2026-08-09T18:49:56+0200,eeb12da0-7c50-4259-bd40-a1d833ebd7ef,2026-07-21T19:00:00Z,2026-07-21T21:00:00+0200,30.429999,MW,DK1,DK_1,forecast_solar_generation,Solar,2026-08-09T16:53:20Z
2026-08-09T16:49:56Z,2026-08-09T18:49:56+0200,eeb12da0-7c50-4259-bd40-a1d833ebd7ef,2026-07-21T19:15:00Z,2026-07-21T21:15:00+0200,7.418333,MW,DK1,DK_1,forecast_solar_generation,Solar,2026-08-09T16:53:20Z
2026-08-09T16:49:56Z,2026-08-09T18:49:56+0200,eeb12da0-7c50-4259-bd40-a1d833ebd7ef,2026-07-21T19:30:00Z,2026-07-21T21:30:00+0200,0.871666,MW,DK1,DK_1,forecast_solar_generation,Solar,2026-08-09T16:53:20Z
2026-08-09T16:49:56Z,2026-08-09T18:49:56+0200,eeb12da0-7c50-4259-bd40-a1d833ebd7ef,2026-07-21T19:45:00Z,2026-07-21T21:45:00+0200,0.026666,MW,DK1,DK_1,forecast_solar_generation,Solar,2026-08-09T16:53:20Z
2026-08-09T16:49:56Z,2026-08-09T18:49:56+0200,eeb12da0-7c50-4259-bd40-a1d833ebd7ef,2026-07-21T20:00:00Z,2026-07-21T22:00:00+0200,0.0,MW,DK1,DK_1,forecast_solar_generation,Solar,2026-08-09T16:53:20Z
2026-08-09T16:49:56Z,2026-08-09T18:49:56+0200,eeb12da0-7c50-4259-bd40-a1d833ebd7ef,2026-07-21T20:15:00Z,2026-07-21T22:15:00+0200,0.0,MW,DK1,DK_1,forecast_solar_generation,Solar,2026-08-09T16:53:20Z
2026-08-09T16:49:56Z,2026-08-09T18:49:56+0200,eeb12da0-7c50-4259-bd40-a1d833ebd7ef,2026-07-21T20:30:00Z,2026-07-21T22:30:00+0200,0.0,MW,DK1,DK_1,forecast_solar_generation,Solar,2026-08-09T16:53:20Z
2026-08-09T16:49:56Z,2026-08-09T18:49:56+0200,eeb12da0-7c50-4259-bd40-a1d833ebd7ef,2026-07-21T20:45:00Z,2026-07-21T22:45:00+0200,0.0,MW,DK1,DK_1,forecast_solar_generation,Solar,2026-08-09T16:53:20Z
2026-08-09T16:49:56Z,2026-08-09T18:49:56+0200,eeb12da0-7c50-4259-bd40-a1d833ebd7ef,2026-07-21T21:00:00Z,2026-07-21T23:00:00+0200,0.0,MW,DK1,DK_1,forecast_solar_generation,Solar,2026-08-09T16:53:20Z
2026-08-09T16:49:56Z,2026-08-09T18:49:56+0200,eeb12da0-7c50-4259-bd40-a1d833ebd7ef,2026-07-21T21:15:00Z,2026-07-21T23:15:00+0200,0.0,MW,DK1,DK_1,forecast_solar_generation,Solar,2026-08-09T16:53:20Z
2026-08-09T16:49:56Z,2026-08-09T18:49:56+0200,eeb12da0-7c50-4259-bd40-a1d833ebd7ef,2026-07-21T21:30:00Z,2026-07-21T23:30:00+0200,0.0,MW,DK1,DK_1,forecast_solar_generation,Solar,2026-08-09T16:53:20Z
2026-08-09T16:49:56Z,2026-08-09T18:49:56+0200,eeb12da0-7c50-4259-bd40-a1d833ebd7ef,2026-07-21T21:45:00Z,2026-07-21T23:45:00+0200,0.0,MW,DK1,DK_1,forecast_solar_generation,Solar,2026-08-09T16:53:20Z
2026-08-09T16:49:56Z,2026-08-09T18:49:56+0200,eeb12da0-7c50-4259-bd40-a1d833ebd7ef,2026-07-21T22:00:00Z,2026-07-22T00:00:00+0200,0.0,MW,DK1,DK_1,forecast_solar_generation,Solar,2026-08-09T16:53:20Z
2026-08-09T16:49:56Z,2026-08-09T18:49:56+0200,eeb12da0-7c50-4259-bd40-a1d833ebd7ef,2026-07-21T22:15:00Z,2026-07-22T00:15:00+0200,0.0,MW,DK1,DK_1,forecast_solar_generation,Solar,2026-08-09T16:53:20Z
2026-08-09T16:49:56Z,2026-08-09T18:49:56+0200,eeb12da0-7c50-4259-bd40-a1d833ebd7ef,2026-07-21T22:30:00Z,2026-07-22T00:30:00+0200,0.0,MW,DK1,DK_1,forecast_solar_generation,Solar,2026-08-09T16:53:20Z
2026-08-09T16:49:56Z,2026-08-09T18:49:56+0200,eeb12da0-7c50-4259-bd40-a1d833ebd7ef,2026-07-21T22:45:00Z,2026-07-22T00:45:00+0200,0.0,MW,DK1,DK_1,forecast_solar_generation,Solar,2026-08-09T16:53:20Z
2026-08-09T16:49:56Z,2026-08-09T18:49:56+0200,eeb12da0-7c50-4259-bd40-a1d833ebd7ef,2026-07-21T23:00:00Z,2026-07-22T01:00:00+0200,0.0,MW,DK1,DK_1,forecast_solar_generation,Solar,2026-08-09T16:53:20Z
2026-08-09T16:49:56Z,2026-08-09T18:49:56+0200,eeb12da0-7c50-4259-bd40-a1d833ebd7ef,2026-07-21T23:15:00Z,2026-07-22T01:15:00+0200,0.0,MW,DK1,DK_1,forecast_solar_generation,Solar,2026-08-09T16:53:20Z
2026-08-09T16:49:56Z,2026-08-09T18:49:56+0200,eeb12da0-7c50-4259-bd40-a1d833ebd7ef,2026-07-21T23:30:00Z,2026-07-22T01:30:00+0200,0.0,MW,DK1,DK_1,forecast_solar_generation,Solar,2026-08-09T16:53:20Z
2026-08-09T16:49:56Z,2026-08-09T18:49:56+0200,eeb12da0-7c50-4259-bd40-a1d833ebd7ef,2026-07-21T23:45:00Z,2026-07-22T01:45:00+0200,0.0,MW,DK1,DK_1,forecast_solar_generation,Solar,2026-08-09T16:53:20Z
2026-08-09T16:49:56Z,2026-08-09T18:49:56+0200,eeb12da0-7c50-4259-bd40-a1d833ebd7ef,2026-07-22T00:00:00Z,2026-07-22T02:00:00+0200,0.0,MW,DK1,DK_1,forecast_solar_generation,Solar,2026-08-09T16:53:20Z
2026-08-09T16:49:56Z,2026-08-09T18:49:56+0200,eeb12da0-7c50-4259-bd40-a1d833ebd7ef,2026-07-22T00:15:00Z,2026-07-22T02:15:00+0200,0.0,MW,DK1,DK_1,forecast_solar_generation,Solar,2026-08-09T16:53:20Z
2026-08-09T16:49:56Z,2026-08-09T18:49:56+0200,eeb12da0-7c50-4259-bd40-a1d833ebd7ef,2026-07-22T00:30:00Z,2026-07-22T02:30:00+0200,0.0,MW,DK1,DK_1,forecast_solar_generation,Solar,2026-08-09T16:53:20Z
2026-08-09T16:49:56Z,2026-08-09T18:49:56+0200,eeb12da0-7c50-4259-bd40-a1d833ebd7ef,2026-07-22T00:45:00Z,2026-07-22T02:45:00+0200,0.0,MW,DK1,DK_1,forecast_solar_generation,Solar,2026-08-09T16:53:20Z
2026-08-09T16:49:56Z,2026-08-09T18:49:56+0200,eeb12da0-7c50-4259-bd40-a1d833ebd7ef,2026-07-22T01:00:00Z,2026-07-22T03:00:00+0200,0.0,MW,DK1,DK_1,forecast_solar_generation,Solar,2026-08-09T16:53:20Z
2026-08-09T16:49:56Z,2026-08-09T18:49:56+0200,eeb12da0-7c50-4259-bd40-a1d833ebd7ef,2026-07-22T01:15:00Z,2026-07-22T03:15:00+0200,0.0,MW,DK1,DK_1,forecast_solar_generation,Solar,2026-08-09T16:53:20Z
2026-08-09T16:49:56Z,2026-08-09T18:49:56+0200,eeb12da0-7c50-4259-bd40-a1d833ebd7ef,2026-07-22T01:30:00Z,2026-07-22T03:30:00+0200,0.0,MW,DK1,DK_1,forecast_solar_generation,Solar,2026-08-09T16:53:20Z
2026-08-09T16:49:56Z,2026-08-09T18:49:56+0200,eeb12da0-7c50-4259-bd40-a1d833ebd7ef,2026-07-22T01:45:00Z,2026-07-22T03:45:00+0200,0.0,MW,DK1,DK_1,forecast_solar_generation,Solar,2026-08-09T16:53:20Z
2026-08-09T16:49:56Z,2026-08-09T18:49:56+0200,eeb12da0-7c50-4259-bd40-a1d833ebd7ef,2026-07-22T02:00:00Z,2026-07-22T04:00:00+0200,0.0,MW,DK1,DK_1,forecast_solar_generation,Solar,2026-08-09T16:53:20Z
2026-08-09T16:49:56Z,2026-08-09T18:49:56+0200,eeb12da0-7c50-4259-bd40-a1d833ebd7ef,2026-07-22T02:15:00Z,2026-07-22T04:15:00+0200,0.0,MW,DK1,DK_1,forecast_solar_generation,Solar,2026-08-09T16:53:20Z
2026-08-09T16:49:56Z,2026-08-09T18:49:56+0200,eeb12da0-7c50-4259-bd40-a1d833ebd7ef,2026-07-22T02:30:00Z,2026-07-22T04:30:00+0200,0.0,MW,DK1,DK_1,forecast_solar_generation,Solar,2026-08-09T16:53:20Z
2026-08-09T16:49:56Z,2026-08-09T18:49:56+0200,eeb12da0-7c50-4259-bd40-a1d833ebd7ef,2026-07-22T02:45:00Z,2026-07-22T04:45:00+0200,0.0,MW,DK1,DK_1,forecast_solar_generation,Solar,2026-08-09T16:53:20Z
2026-08-09T16:49:56Z,2026-08-09T18:49:56+0200,eeb12da0-7c50-4259-bd40-a1d833ebd7ef,2026-07-22T03:00:00Z,2026-07-22T05:00:00+0200,0.07,MW,DK1,DK_1,forecast_solar_generation,Solar,2026-08-09T16:53:20Z
2026-08-09T16:49:56Z,2026-08-09T18:49:56+0200,eeb12da0-7c50-4259-bd40-a1d833ebd7ef,2026-07-22T03:15:00Z,2026-07-22T05:15:00+0200,1.43,MW,DK1,DK_1,forecast_solar_generation,Solar,2026-08-09T16:53:20Z
2026-08-09T16:49:56Z,2026-08-09T18:49:56+0200,eeb12da0-7c50-4259-bd40-a1d833ebd7ef,2026-07-22T03:30:00Z,2026-07-22T05:30:00+0200,9.566666,MW,DK1,DK_1,forecast_solar_generation,Solar,2026-08-09T16:53:20Z
2026-08-09T16:49:56Z,2026-08-09T18:49:56+0200,eeb12da0-7c50-4259-bd40-a1d833ebd7ef,2026-07-22T03:45:00Z,2026-07-22T05:45:00+0200,30.728333,MW,DK1,DK_1,forecast_solar_generation,Solar,2026-08-09T16:53:20Z
2026-08-09T16:49:56Z,2026-08-09T18:49:56+0200,eeb12da0-7c50-4259-bd40-a1d833ebd7ef,2026-07-22T04:00:00Z,2026-07-22T06:00:00+0200,63.708333,MW,DK1,DK_1,forecast_solar_generation,Solar,2026-08-09T16:53:20Z
2026-08-09T16:49:56Z,2026-08-09T18:49:56+0200,eeb12da0-7c50-4259-bd40-a1d833ebd7ef,2026-07-22T04:15:00Z,2026-07-22T06:15:00+0200,106.173333,MW,DK1,DK_1,forecast_solar_generation,Solar,2026-08-09T16:53:20Z
2026-08-09T16:49:56Z,2026-08-09T18:49:56+0200,eeb12da0-7c50-4259-bd40-a1d833ebd7ef,2026-07-22T04:30:00Z,2026-07-22T06:30:00+0200,158.14,MW,DK1,DK_1,forecast_solar_generation,Solar,2026-08-09T16:53:20Z
2026-08-09T16:49:56Z,2026-08-09T18:49:56+0200,eeb12da0-7c50-4259-bd40-a1d833ebd7ef,2026-07-22T04:45:00Z,2026-07-22T06:45:00+0200,219.138333,MW,DK1,DK_1,forecast_solar_generation,Solar,2026-08-09T16:53:20Z
2026-08-09T16:49:56Z,2026-08-09T18:49:56+0200,eeb12da0-7c50-4259-bd40-a1d833ebd7ef,2026-07-22T05:00:00Z,2026-07-22T07:00:00+0200,288.266666,MW,DK1,DK_1,forecast_solar_generation,Solar,2026-08-09T16:53:20Z
2026-08-09T16:49:56Z,2026-08-09T18:49:56+0200,eeb12da0-7c50-4259-bd40-a1d833ebd7ef,2026-07-22T05:15:00Z,2026-07-22T07:15:00+0200,363.956666,MW,DK1,DK_1,forecast_solar_generation,Solar,2026-08-09T16:53:20Z
2026-08-09T16:49:56Z,2026-08-09T18:49:56+0200,eeb12da0-7c50-4259-bd40-a1d833ebd7ef,2026-07-22T05:30:00Z,2026-07-22T07:30:00+0200,446.96,MW,DK1,DK_1,forecast_solar_generation,Solar,2026-08-09T16:53:20Z
2026-08-09T16:49:56Z,2026-08-09T18:49:56+0200,eeb12da0-7c50-4259-bd40-a1d833ebd7ef,2026-07-22T05:45:00Z,2026-07-22T07:45:00+0200,536.995,MW,DK1,DK_1,forecast_solar_generation,Solar,2026-08-09T16:53:20Z
2026-08-09T16:49:56Z,2026-08-09T18:49:56+0200,eeb12da0-7c50-4259-bd40-a1d833ebd7ef,2026-07-22T06:00:00Z,2026-07-22T08:00:00+0200,632.536666,MW,DK1,DK_1,forecast_solar_generation,Solar,2026-08-09T16:53:20Z
2026-08-09T16:49:56Z,2026-08-09T18:49:56+0200,eeb12da0-7c50-4259-bd40-a1d833ebd7ef,2026-07-22T06:15:00Z,2026-07-22T08:15:00+0200,731.461666,MW,DK1,DK_1,forecast_solar_generation,Solar,2026-08-09T16:53:20Z
2026-08-09T16:49:56Z,2026-08-09T18:49:56+0200,eeb12da0-7c50-4259-bd40-a1d833ebd7ef,2026-07-22T06:30:00Z,2026-07-22T08:30:00+0200,832.085,MW,DK1,DK_1,forecast_solar_generation,Solar,2026-08-09T16:53:20Z
2026-08-09T16:49:56Z,2026-08-09T18:49:56+0200,eeb12da0-7c50-4259-bd40-a1d833ebd7ef,2026-07-22T06:45:00Z,2026-07-22T08:45:00+0200,936.208333,MW,DK1,DK_1,forecast_solar_generation,Solar,2026-08-09T16:53:20Z
2026-08-09T16:49:56Z,2026-08-09T18:49:56+0200,eeb12da0-7c50-4259-bd40-a1d833ebd7ef,2026-07-22T07:00:00Z,2026-07-22T09:00:00+0200,1042.321666,MW,DK1,DK_1,forecast_solar_generation,Solar,2026-08-09T16:53:20Z
2026-08-09T16:49:56Z,2026-08-09T18:49:56+0200,eeb12da0-7c50-4259-bd40-a1d833ebd7ef,2026-07-22T07:15:00Z,2026-07-22T09:15:00+0200,1146.283333,MW,DK1,DK_1,forecast_solar_generation,Solar,2026-08-09T16:53:20Z
2026-08-09T16:49:56Z,2026-08-09T18:49:56+0200,eeb12da0-7c50-4259-bd40-a1d833ebd7ef,2026-07-22T07:30:00Z,2026-07-22T09:30:00+0200,1244.491666,MW,DK1,DK_1,forecast_solar_generation,Solar,2026-08-09T16:53:20Z
2026-08-09T16:49:56Z,2026-08-09T18:49:56+0200,eeb12da0-7c50-4259-bd40-a1d833ebd7ef,2026-07-22T07:45:00Z,2026-07-22T09:45:00+0200,1338.138333,MW,DK1,DK_1,forecast_solar_generation,Solar,2026-08-09T16:53:20Z
2026-08-09T16:49:56Z,2026-08-09T18:49:56+0200,eeb12da0-7c50-4259-bd40-a1d833ebd7ef,2026-07-22T08:00:00Z,2026-07-22T10:00:00+0200,1424.144999,MW,DK1,DK_1,forecast_solar_generation,Solar,2026-08-09T16:53:20Z
2026-08-09T16:49:56Z,2026-08-09T18:49:56+0200,eeb12da0-7c50-4259-bd40-a1d833ebd7ef,2026-07-22T08:15:00Z,2026-07-22T10:15:00+0200,1498.176666,MW,DK1,DK_1,forecast_solar_generation,Solar,2026-08-09T16:53:20Z
2026-08-09T16:49:56Z,2026-08-09T18:49:56+0200,eeb12da0-7c50-4259-bd40-a1d833ebd7ef,2026-07-22T08:30:00Z,2026-07-22T10:30:00+0200,1556.821666,MW,DK1,DK_1,forecast_solar_generation,Solar,2026-08-09T16:53:20Z
2026-08-09T16:49:56Z,2026-08-09T18:49:56+0200,eeb12da0-7c50-4259-bd40-a1d833ebd7ef,2026-07-22T08:45:00Z,2026-07-22T10:45:00+0200,1605.05,MW,DK1,DK_1,forecast_solar_generation,Solar,2026-08-09T16:53:20Z
2026-08-09T16:49:56Z,2026-08-09T18:49:56+0200,eeb12da0-7c50-4259-bd40-a1d833ebd7ef,2026-07-22T09:00:00Z,2026-07-22T11:00:00+0200,1645.991666,MW,DK1,DK_1,forecast_solar_generation,Solar,2026-08-09T16:53:20Z
2026-08-09T16:49:56Z,2026-08-09T18:49:56+0200,eeb12da0-7c50-4259-bd40-a1d833ebd7ef,2026-07-22T09:15:00Z,2026-07-22T11:15:00+0200,1681.256666,MW,DK1,DK_1,forecast_solar_generation,Solar,2026-08-09T16:53:20Z
2026-08-09T16:49:56Z,2026-08-09T18:49:56+0200,eeb12da0-7c50-4259-bd40-a1d833ebd7ef,2026-07-22T09:30:00Z,2026-07-22T11:30:00+0200,1715.305,MW,DK1,DK_1,forecast_solar_generation,Solar,2026-08-09T16:53:20Z
2026-08-09T16:49:56Z,2026-08-09T18:49:56+0200,eeb12da0-7c50-4259-bd40-a1d833ebd7ef,2026-07-22T09:45:00Z,2026-07-22T11:45:00+0200,1754.655,MW,DK1,DK_1,forecast_solar_generation,Solar,2026-08-09T16:53:20Z
2026-08-09T16:49:56Z,2026-08-09T18:49:56+0200,eeb12da0-7c50-4259-bd40-a1d833ebd7ef,2026-07-22T10:00:00Z,2026-07-22T12:00:00+0200,1795.381666,MW,DK1,DK_1,forecast_solar_generation,Solar,2026-08-09T16:53:20Z
2026-08-09T16:49:56Z,2026-08-09T18:49:56+0200,eeb12da0-7c50-4259-bd40-a1d833ebd7ef,2026-07-22T10:15:00Z,2026-07-22T12:15:00+0200,1828.911666,MW,DK1,DK_1,forecast_solar_generation,Solar,2026-08-09T16:53:20Z
2026-08-09T16:49:56Z,2026-08-09T18:49:56+0200,eeb12da0-7c50-4259-bd40-a1d833ebd7ef,2026-07-22T10:30:00Z,2026-07-22T12:30:00+0200,1831.545,MW,DK1,DK_1,forecast_solar_generation,Solar,2026-08-09T16:53:20Z
2026-08-09T16:49:56Z,2026-08-09T18:49:56+0200,eeb12da0-7c50-4259-bd40-a1d833ebd7ef,2026-07-22T10:45:00Z,2026-07-22T12:45:00+0200,1754.018333,MW,DK1,DK_1,forecast_solar_generation,Solar,2026-08-09T16:53:20Z
2026-08-09T16:49:56Z,2026-08-09T18:49:56+0200,eeb12da0-7c50-4259-bd40-a1d833ebd7ef,2026-07-22T11:00:00Z,2026-07-22T13:00:00+0200,1712.683333,MW,DK1,DK_1,forecast_solar_generation,Solar,2026-08-09T16:53:20Z
2026-08-09T16:49:56Z,2026-08-09T18:49:56+0200,eeb12da0-7c50-4259-bd40-a1d833ebd7ef,2026-07-22T11:15:00Z,2026-07-22T13:15:00+0200,1622.455,MW,DK1,DK_1,forecast_solar_generation,Solar,2026-08-09T16:53:20Z
2026-08-09T16:49:56Z,2026-08-09T18:49:56+0200,eeb12da0-7c50-4259-bd40-a1d833ebd7ef,2026-07-22T11:30:00Z,2026-07-22T13:30:00+0200,1491.496666,MW,DK1,DK_1,forecast_solar_generation,Solar,2026-08-09T16:53:20Z
2026-08-09T16:49:56Z,2026-08-09T18:49:56+0200,eeb12da0-7c50-4259-bd40-a1d833ebd7ef,2026-07-22T11:45:00Z,2026-07-22T13:45:00+0200,1495.074999,MW,DK1,DK_1,forecast_solar_generation,Solar,2026-08-09T16:53:20Z
2026-08-09T16:49:56Z,2026-08-09T18:49:56+0200,eeb12da0-7c50-4259-bd40-a1d833ebd7ef,2026-07-22T12:00:00Z,2026-07-22T14:00:00+0200,1506.098333,MW,DK1,DK_1,forecast_solar_generation,Solar,2026-08-09T16:53:20Z
2026-08-09T16:49:56Z,2026-08-09T18:49:56+0200,eeb12da0-7c50-4259-bd40-a1d833ebd7ef,2026-07-22T12:15:00Z,2026-07-22T14:15:00+0200,1545.833333,MW,DK1,DK_1,forecast_solar_generation,Solar,2026-08-09T16:53:20Z
2026-08-09T16:49:56Z,2026-08-09T18:49:56+0200,eeb12da0-7c50-4259-bd40-a1d833ebd7ef,2026-07-22T12:30:00Z,2026-07-22T14:30:00+0200,1582.085,MW,DK1,DK_1,forecast_solar_generation,Solar,2026-08-09T16:53:20Z
2026-08-09T16:49:56Z,2026-08-09T18:49:56+0200,eeb12da0-7c50-4259-bd40-a1d833ebd7ef,2026-07-22T12:45:00Z,2026-07-22T14:45:00+0200,1560.08,MW,DK1,DK_1,forecast_solar_generation,Solar,2026-08-09T16:53:20Z
2026-08-09T16:49:56Z,2026-08-09T18:49:56+0200,eeb12da0-7c50-4259-bd40-a1d833ebd7ef,2026-07-22T13:00:00Z,2026-07-22T15:00:00+0200,1498.33,MW,DK1,DK_1,forecast_solar_generation,Solar,2026-08-09T16:53:20Z
2026-08-09T16:49:56Z,2026-08-09T18:49:56+0200,eeb12da0-7c50-4259-bd40-a1d833ebd7ef,2026-07-22T13:15:00Z,2026-07-22T15:15:00+0200,1500.729999,MW,DK1,DK_1,forecast_solar_generation,Solar,2026-08-09T16:53:20Z
2026-08-09T16:49:56Z,2026-08-09T18:49:56+0200,eeb12da0-7c50-4259-bd40-a1d833ebd7ef,2026-07-22T13:30:00Z,2026-07-22T15:30:00+0200,1581.653333,MW,DK1,DK_1,forecast_solar_generation,Solar,2026-08-09T16:53:20Z
2026-08-09T16:49:56Z,2026-08-09T18:49:56+0200,eeb12da0-7c50-4259-bd40-a1d833ebd7ef,2026-07-22T13:45:00Z,2026-07-22T15:45:00+0200,1565.693333,MW,DK1,DK_1,forecast_solar_generation,Solar,2026-08-09T16:53:20Z
2026-08-09T16:49:56Z,2026-08-09T18:49:56+0200,eeb12da0-7c50-4259-bd40-a1d833ebd7ef,2026-07-22T14:00:00Z,2026-07-22T16:00:00+0200,1574.901666,MW,DK1,DK_1,forecast_solar_generation,Solar,2026-08-09T16:53:20Z
2026-08-09T16:49:56Z,2026-08-09T18:49:56+0200,eeb12da0-7c50-4259-bd40-a1d833ebd7ef,2026-07-22T14:15:00Z,2026-07-22T16:15:00+0200,1619.945,MW,DK1,DK_1,forecast_solar_generation,Solar,2026-08-09T16:53:20Z
2026-08-09T16:49:56Z,2026-08-09T18:49:56+0200,eeb12da0-7c50-4259-bd40-a1d833ebd7ef,2026-07-22T14:30:00Z,2026-07-22T16:30:00+0200,1659.163333,MW,DK1,DK_1,forecast_solar_generation,Solar,2026-08-09T16:53:20Z
2026-08-09T16:49:56Z,2026-08-09T18:49:56+0200,eeb12da0-7c50-4259-bd40-a1d833ebd7ef,2026-07-22T14:45:00Z,2026-07-22T16:45:00+0200,1607.088333,MW,DK1,DK_1,forecast_solar_generation,Solar,2026-08-09T16:53:20Z
2026-08-09T16:49:56Z,2026-08-09T18:49:56+0200,eeb12da0-7c50-4259-bd40-a1d833ebd7ef,2026-07-22T15:00:00Z,2026-07-22T17:00:00+0200,1554.545,MW,DK1,DK_1,forecast_solar_generation,Solar,2026-08-09T16:53:20Z
2026-08-09T16:49:56Z,2026-08-09T18:49:56+0200,eeb12da0-7c50-4259-bd40-a1d833ebd7ef,2026-07-22T15:15:00Z,2026-07-22T17:15:00+0200,1474.706666,MW,DK1,DK_1,forecast_solar_generation,Solar,2026-08-09T16:53:20Z
2026-08-09T16:49:56Z,2026-08-09T18:49:56+0200,eeb12da0-7c50-4259-bd40-a1d833ebd7ef,2026-07-22T15:30:00Z,2026-07-22T17:30:00+0200,1382.441666,MW,DK1,DK_1,forecast_solar_generation,Solar,2026-08-09T16:53:20Z
2026-08-09T16:49:56Z,2026-08-09T18:49:56+0200,eeb12da0-7c50-4259-bd40-a1d833ebd7ef,2026-07-22T15:45:00Z,2026-07-22T17:45:00+0200,1290.523333,MW,DK1,DK_1,forecast_solar_generation,Solar,2026-08-09T16:53:20Z
2026-08-09T16:49:56Z,2026-08-09T18:49:56+0200,eeb12da0-7c50-4259-bd40-a1d833ebd7ef,2026-07-22T16:00:00Z,2026-07-22T18:00:00+0200,1207.855,MW,DK1,DK_1,forecast_solar_generation,Solar,2026-08-09T16:53:20Z
2026-08-09T16:49:56Z,2026-08-09T18:49:56+0200,eeb12da0-7c50-4259-bd40-a1d833ebd7ef,2026-07-22T16:15:00Z,2026-07-22T18:15:00+0200,1101.396666,MW,DK1,DK_1,forecast_solar_generation,Solar,2026-08-09T16:53:20Z
2026-08-09T16:49:56Z,2026-08-09T18:49:56+0200,eeb12da0-7c50-4259-bd40-a1d833ebd7ef,2026-07-22T16:30:00Z,2026-07-22T18:30:00+0200,984.564999,MW,DK1,DK_1,forecast_solar_generation,Solar,2026-08-09T16:53:20Z
2026-08-09T16:49:56Z,2026-08-09T18:49:56+0200,eeb12da0-7c50-4259-bd40-a1d833ebd7ef,2026-07-22T16:45:00Z,2026-07-22T18:45:00+0200,866.733333,MW,DK1,DK_1,forecast_solar_generation,Solar,2026-08-09T16:53:20Z
2026-08-09T16:49:56Z,2026-08-09T18:49:56+0200,eeb12da0-7c50-4259-bd40-a1d833ebd7ef,2026-07-22T17:00:00Z,2026-07-22T19:00:00+0200,749.763333,MW,DK1,DK_1,forecast_solar_generation,Solar,2026-08-09T16:53:20Z
2026-08-09T16:49:56Z,2026-08-09T18:49:56+0200,eeb12da0-7c50-4259-bd40-a1d833ebd7ef,2026-07-22T17:15:00Z,2026-07-22T19:15:00+0200,633.946666,MW,DK1,DK_1,forecast_solar_generation,Solar,2026-08-09T16:53:20Z
2026-08-09T16:49:56Z,2026-08-09T18:49:56+0200,eeb12da0-7c50-4259-bd40-a1d833ebd7ef,2026-07-22T17:30:00Z,2026-07-22T19:30:00+0200,521.125,MW,DK1,DK_1,forecast_solar_generation,Solar,2026-08-09T16:53:20Z
2026-08-09T16:49:56Z,2026-08-09T18:49:56+0200,eeb12da0-7c50-4259-bd40-a1d833ebd7ef,2026-07-22T17:45:00Z,2026-07-22T19:45:00+0200,414.826666,MW,DK1,DK_1,forecast_solar_generation,Solar,2026-08-09T16:53:20Z
2026-08-09T16:49:56Z,2026-08-09T18:49:56+0200,eeb12da0-7c50-4259-bd40-a1d833ebd7ef,2026-07-22T18:00:00Z,2026-07-22T20:00:00+0200,316.578333,MW,DK1,DK_1,forecast_solar_generation,Solar,2026-08-09T16:53:20Z
2026-08-09T16:49:56Z,2026-08-09T18:49:56+0200,eeb12da0-7c50-4259-bd40-a1d833ebd7ef,2026-07-22T18:15:00Z,2026-07-22T20:15:00+0200,227.663333,MW,DK1,DK_1,forecast_solar_generation,Solar,2026-08-09T16:53:20Z
2026-08-09T16:49:56Z,2026-08-09T18:49:56+0200,eeb12da0-7c50-4259-bd40-a1d833ebd7ef,2026-07-22T18:30:00Z,2026-07-22T20:30:00+0200,150.381666,MW,DK1,DK_1,forecast_solar_generation,Solar,2026-08-09T16:53:20Z
2026-08-09T16:49:56Z,2026-08-09T18:49:56+0200,eeb12da0-7c50-4259-bd40-a1d833ebd7ef,2026-07-22T18:45:00Z,2026-07-22T20:45:00+0200,86.366666,MW,DK1,DK_1,forecast_solar_generation,Solar,2026-08-09T16:53:20Z
2026-08-09T16:49:56Z,2026-08-09T18:49:56+0200,eeb12da0-7c50-4259-bd40-a1d833ebd7ef,2026-07-22T19:00:00Z,2026-07-22T21:00:00+0200,37.486666,MW,DK1,DK_1,forecast_solar_generation,Solar,2026-08-09T16:53:20Z
2026-08-09T16:49:56Z,2026-08-09T18:49:56+0200,eeb12da0-7c50-4259-bd40-a1d833ebd7ef,2026-07-22T19:15:00Z,2026-07-22T21:15:00+0200,9.405,MW,DK1,DK_1,forecast_solar_generation,Solar,2026-08-09T16:53:20Z
2026-08-09T16:49:56Z,2026-08-09T18:49:56+0200,eeb12da0-7c50-4259-bd40-a1d833ebd7ef,2026-07-22T19:30:00Z,2026-07-22T21:30:00+0200,1.003333,MW,DK1,DK_1,forecast_solar_generation,Solar,2026-08-09T16:53:20Z
2026-08-09T16:49:56Z,2026-08-09T18:49:56+0200,eeb12da0-7c50-4259-bd40-a1d833ebd7ef,2026-07-22T19:45:00Z,2026-07-22T21:45:00+0200,0.02,MW,DK1,DK_1,forecast_solar_generation,Solar,2026-08-09T16:53:20Z
2026-08-09T16:49:56Z,2026-08-09T18:49:56+0200,eeb12da0-7c50-4259-bd40-a1d833ebd7ef,2026-07-22T20:00:00Z,2026-07-22T22:00:00+0200,0.0,MW,DK1,DK_1,forecast_solar_generation,Solar,2026-08-09T16:53:20Z
2026-08-09T16:49:56Z,2026-08-09T18:49:56+0200,eeb12da0-7c50-4259-bd40-a1d833ebd7ef,2026-07-22T20:15:00Z,2026-07-22T22:15:00+0200,0.0,MW,DK1,DK_1,forecast_solar_generation,Solar,2026-08-09T16:53:20Z
2026-08-09T16:49:56Z,2026-08-09T18:49:56+0200,eeb12da0-7c50-4259-bd40-a1d833ebd7ef,2026-07-22T20:30:00Z,2026-07-22T22:30:00+0200,0.0,MW,DK1,DK_1,forecast_solar_generation,Solar,2026-08-09T16:53:20Z
2026-08-09T16:49:56Z,2026-08-09T18:49:56+0200,eeb12da0-7c50-4259-bd40-a1d833ebd7ef,2026-07-22T20:45:00Z,2026-07-22T22:45:00+0200,0.0,MW,DK1,DK_1,forecast_solar_generation,Solar,2026-08-09T16:53:20Z
2026-08-09T16:49:56Z,2026-08-09T18:49:56+0200,eeb12da0-7c50-4259-bd40-a1d833ebd7ef,2026-07-22T21:00:00Z,2026-07-22T23:00:00+0200,0.0,MW,DK1,DK_1,forecast_solar_generation,Solar,2026-08-09T16:53:20Z
2026-08-09T16:49:56Z,2026-08-09T18:49:56+0200,eeb12da0-7c50-4259-bd40-a1d833ebd7ef,2026-07-22T21:15:00Z,2026-07-22T23:15:00+0200,0.0,MW,DK1,DK_1,forecast_solar_generation,Solar,2026-08-09T16:53:20Z
2026-08-09T16:49:56Z,2026-08-09T18:49:56+0200,eeb12da0-7c50-4259-bd40-a1d833ebd7ef,2026-07-22T21:30:00Z,2026-07-22T23:30:00+0200,0.0,MW,DK1,DK_1,forecast_solar_generation,Solar,2026-08-09T16:53:20Z
2026-08-09T16:49:56Z,2026-08-09T18:49:56+0200,eeb12da0-7c50-4259-bd40-a1d833ebd7ef,2026-07-22T21:45:00Z,2026-07-22T23:45:00+0200,0.0,MW,DK1,DK_1,forecast_solar_generation,Solar,2026-08-09T16:53:20Z
2026-08-09T16:49:56Z,2026-08-09T18:49:56+0200,eeb12da0-7c50-4259-bd40-a1d833ebd7ef,2026-07-22T22:00:00Z,2026-07-23T00:00:00+0200,0.0,MW,DK1,DK_1,forecast_solar_generation,Solar,2026-08-09T16:53:20Z
2026-08-09T16:49:56Z,2026-08-09T18:49:56+0200,eeb12da0-7c50-4259-bd40-a1d833ebd7ef,2026-07-22T22:15:00Z,2026-07-23T00:15:00+0200,0.0,MW,DK1,DK_1,forecast_solar_generation,Solar,2026-08-09T16:53:20Z
2026-08-09T16:49:56Z,2026-08-09T18:49:56+0200,eeb12da0-7c50-4259-bd40-a1d833ebd7ef,2026-07-22T22:30:00Z,2026-07-23T00:30:00+0200,0.0,MW,DK1,DK_1,forecast_solar_generation,Solar,2026-08-09T16:53:20Z
2026-08-09T16:49:56Z,2026-08-09T18:49:56+0200,eeb12da0-7c50-4259-bd40-a1d833ebd7ef,2026-07-22T22:45:00Z,2026-07-23T00:45:00+0200,0.0,MW,DK1,DK_1,forecast_solar_generation,Solar,2026-08-09T16:53:20Z
2026-08-09T16:49:56Z,2026-08-09T18:49:56+0200,eeb12da0-7c50-4259-bd40-a1d833ebd7ef,2026-07-22T23:00:00Z,2026-07-23T01:00:00+0200,0.0,MW,DK1,DK_1,forecast_solar_generation,Solar,2026-08-09T16:53:20Z
2026-08-09T16:49:56Z,2026-08-09T18:49:56+0200,eeb12da0-7c50-4259-bd40-a1d833ebd7ef,2026-07-22T23:15:00Z,2026-07-23T01:15:00+0200,0.0,MW,DK1,DK_1,forecast_solar_generation,Solar,2026-08-09T16:53:20Z
2026-08-09T16:49:56Z,2026-08-09T18:49:56+0200,eeb12da0-7c50-4259-bd40-a1d833ebd7ef,2026-07-22T23:30:00Z,2026-07-23T01:30:00+0200,0.0,MW,DK1,DK_1,forecast_solar_generation,Solar,2026-08-09T16:53:20Z
2026-08-09T16:49:56Z,2026-08-09T18:49:56+0200,eeb12da0-7c50-4259-bd40-a1d833ebd7ef,2026-07-22T23:45:00Z,2026-07-23T01:45:00+0200,0.0,MW,DK1,DK_1,forecast_solar_generation,Solar,2026-08-09T16:53:20Z
2026-08-09T16:49:56Z,2026-08-09T18:49:56+0200,eeb12da0-7c50-4259-bd40-a1d833ebd7ef,2026-07-23T00:00:00Z,2026-07-23T02:00:00+0200,0.0,MW,DK1,DK_1,forecast_solar_generation,Solar,2026-08-09T16:53:20Z
2026-08-09T16:49:56Z,2026-08-09T18:49:56+0200,eeb12da0-7c50-4259-bd40-a1d833ebd7ef,2026-07-23T00:15:00Z,2026-07-23T02:15:00+0200,0.0,MW,DK1,DK_1,forecast_solar_generation,Solar,2026-08-09T16:53:20Z
2026-08-09T16:49:56Z,2026-08-09T18:49:56+0200,eeb12da0-7c50-4259-bd40-a1d833ebd7ef,2026-07-23T00:30:00Z,2026-07-23T02:30:00+0200,0.0,MW,DK1,DK_1,forecast_solar_generation,Solar,2026-08-09T16:53:20Z
2026-08-09T16:49:56Z,2026-08-09T18:49:56+0200,eeb12da0-7c50-4259-bd40-a1d833ebd7ef,2026-07-23T00:45:00Z,2026-07-23T02:45:00+0200,0.0,MW,DK1,DK_1,forecast_solar_generation,Solar,2026-08-09T16:53:20Z
2026-08-09T16:49:56Z,2026-08-09T18:49:56+0200,eeb12da0-7c50-4259-bd40-a1d833ebd7ef,2026-07-23T01:00:00Z,2026-07-23T03:00:00+0200,0.0,MW,DK1,DK_1,forecast_solar_generation,Solar,2026-08-09T16:53:20Z
2026-08-09T16:49:56Z,2026-08-09T18:49:56+0200,eeb12da0-7c50-4259-bd40-a1d833ebd7ef,2026-07-23T01:15:00Z,2026-07-23T03:15:00+0200,0.0,MW,DK1,DK_1,forecast_solar_generation,Solar,2026-08-09T16:53:20Z
2026-08-09T16:49:56Z,2026-08-09T18:49:56+0200,eeb12da0-7c50-4259-bd40-a1d833ebd7ef,2026-07-23T01:30:00Z,2026-07-23T03:30:00+0200,0.0,MW,DK1,DK_1,forecast_solar_generation,Solar,2026-08-09T16:53:20Z
2026-08-09T16:49:56Z,2026-08-09T18:49:56+0200,eeb12da0-7c50-4259-bd40-a1d833ebd7ef,2026-07-23T01:45:00Z,2026-07-23T03:45:00+0200,0.0,MW,DK1,DK_1,forecast_solar_generation,Solar,2026-08-09T16:53:20Z
2026-08-09T16:49:56Z,2026-08-09T18:49:56+0200,eeb12da0-7c50-4259-bd40-a1d833ebd7ef,2026-07-23T02:00:00Z,2026-07-23T04:00:00+0200,0.0,MW,DK1,DK_1,forecast_solar_generation,Solar,2026-08-09T16:53:20Z
2026-08-09T16:49:56Z,2026-08-09T18:49:56+0200,eeb12da0-7c50-4259-bd40-a1d833ebd7ef,2026-07-23T02:15:00Z,2026-07-23T04:15:00+0200,0.0,MW,DK1,DK_1,forecast_solar_generation,Solar,2026-08-09T16:53:20Z
2026-08-09T16:49:56Z,2026-08-09T18:49:56+0200,eeb12da0-7c50-4259-bd40-a1d833ebd7ef,2026-07-23T02:30:00Z,2026-07-23T04:30:00+0200,0.0,MW,DK1,DK_1,forecast_solar_generation,Solar,2026-08-09T16:53:20Z
2026-08-09T16:49:56Z,2026-08-09T18:49:56+0200,eeb12da0-7c50-4259-bd40-a1d833ebd7ef,2026-07-23T02:45:00Z,2026-07-23T04:45:00+0200,0.0,MW,DK1,DK_1,forecast_solar_generation,Solar,2026-08-09T16:53:20Z
2026-08-09T16:49:56Z,2026-08-09T18:49:56+0200,eeb12da0-7c50-4259-bd40-a1d833ebd7ef,2026-07-23T03:00:00Z,2026-07-23T05:00:00+0200,0.054999,MW,DK1,DK_1,forecast_solar_generation,Solar,2026-08-09T16:53:20Z
2026-08-09T16:49:56Z,2026-08-09T18:49:56+0200,eeb12da0-7c50-4259-bd40-a1d833ebd7ef,2026-07-23T03:15:00Z,2026-07-23T05:15:00+0200,1.52,MW,DK1,DK_1,forecast_solar_generation,Solar,2026-08-09T16:53:20Z
2026-08-09T16:49:56Z,2026-08-09T18:49:56+0200,eeb12da0-7c50-4259-bd40-a1d833ebd7ef,2026-07-23T03:30:00Z,2026-07-23T05:30:00+0200,12.568333,MW,DK1,DK_1,forecast_solar_generation,Solar,2026-08-09T16:53:20Z
2026-08-09T16:49:56Z,2026-08-09T18:49:56+0200,eeb12da0-7c50-4259-bd40-a1d833ebd7ef,2026-07-23T03:45:00Z,2026-07-23T05:45:00+0200,44.449999,MW,DK1,DK_1,forecast_solar_generation,Solar,2026-08-09T16:53:20Z
2026-08-09T16:49:56Z,2026-08-09T18:49:56+0200,eeb12da0-7c50-4259-bd40-a1d833ebd7ef,2026-07-23T04:00:00Z,2026-07-23T06:00:00+0200,95.278333,MW,DK1,DK_1,forecast_solar_generation,Solar,2026-08-09T16:53:20Z
2026-08-09T16:49:56Z,2026-08-09T18:49:56+0200,eeb12da0-7c50-4259-bd40-a1d833ebd7ef,2026-07-23T04:15:00Z,2026-07-23T06:15:00+0200,160.433333,MW,DK1,DK_1,forecast_solar_generation,Solar,2026-08-09T16:53:20Z
2026-08-09T16:49:56Z,2026-08-09T18:49:56+0200,eeb12da0-7c50-4259-bd40-a1d833ebd7ef,2026-07-23T04:30:00Z,2026-07-23T06:30:00+0200,239.258333,MW,DK1,DK_1,forecast_solar_generation,Solar,2026-08-09T16:53:20Z
2026-08-09T16:49:56Z,2026-08-09T18:49:56+0200,eeb12da0-7c50-4259-bd40-a1d833ebd7ef,2026-07-23T04:45:00Z,2026-07-23T06:45:00+0200,331.32,MW,DK1,DK_1,forecast_solar_generation,Solar,2026-08-09T16:53:20Z
2026-08-09T16:49:56Z,2026-08-09T18:49:56+0200,eeb12da0-7c50-4259-bd40-a1d833ebd7ef,2026-07-23T05:00:00Z,2026-07-23T07:00:00+0200,436.648333,MW,DK1,DK_1,forecast_solar_generation,Solar,2026-08-09T16:53:20Z
2026-08-09T16:49:56Z,2026-08-09T18:49:56+0200,eeb12da0-7c50-4259-bd40-a1d833ebd7ef,2026-07-23T05:15:00Z,2026-07-23T07:15:00+0200,552.245,MW,DK1,DK_1,forecast_solar_generation,Solar,2026-08-09T16:53:20Z
2026-08-09T16:49:56Z,2026-08-09T18:49:56+0200,eeb12da0-7c50-4259-bd40-a1d833ebd7ef,2026-07-23T05:30:00Z,2026-07-23T07:30:00+0200,677.501666,MW,DK1,DK_1,forecast_solar_generation,Solar,2026-08-09T16:53:20Z
2026-08-09T16:49:56Z,2026-08-09T18:49:56+0200,eeb12da0-7c50-4259-bd40-a1d833ebd7ef,2026-07-23T05:45:00Z,2026-07-23T07:45:00+0200,811.863333,MW,DK1,DK_1,forecast_solar_generation,Solar,2026-08-09T16:53:20Z
2026-08-09T16:49:56Z,2026-08-09T18:49:56+0200,eeb12da0-7c50-4259-bd40-a1d833ebd7ef,2026-07-23T06:00:00Z,2026-07-23T08:00:00+0200,952.791666,MW,DK1,DK_1,forecast_solar_generation,Solar,2026-08-09T16:53:20Z
2026-08-09T16:49:56Z,2026-08-09T18:49:56+0200,eeb12da0-7c50-4259-bd40-a1d833ebd7ef,2026-07-23T06:15:00Z,2026-07-23T08:15:00+0200,1096.24,MW,DK1,DK_1,forecast_solar_generation,Solar,2026-08-09T16:53:20Z
2026-08-09T16:49:56Z,2026-08-09T18:49:56+0200,eeb12da0-7c50-4259-bd40-a1d833ebd7ef,2026-07-23T06:30:00Z,2026-07-23T08:30:00+0200,1237.881666,MW,DK1,DK_1,forecast_solar_generation,Solar,2026-08-09T16:53:20Z
2026-08-09T16:49:56Z,2026-08-09T18:49:56+0200,eeb12da0-7c50-4259-bd40-a1d833ebd7ef,2026-07-23T06:45:00Z,2026-07-23T08:45:00+0200,1377.24,MW,DK1,DK_1,forecast_solar_generation,Solar,2026-08-09T16:53:20Z
2026-08-09T16:49:56Z,2026-08-09T18:49:56+0200,eeb12da0-7c50-4259-bd40-a1d833ebd7ef,2026-07-23T07:00:00Z,2026-07-23T09:00:00+0200,1513.418333,MW,DK1,DK_1,forecast_solar_generation,Solar,2026-08-09T16:53:20Z
2026-08-09T16:49:56Z,2026-08-09T18:49:56+0200,eeb12da0-7c50-4259-bd40-a1d833ebd7ef,2026-07-23T07:15:00Z,2026-07-23T09:15:00+0200,1644.868333,MW,DK1,DK_1,forecast_solar_generation,Solar,2026-08-09T16:53:20Z
2026-08-09T16:49:56Z,2026-08-09T18:49:56+0200,eeb12da0-7c50-4259-bd40-a1d833ebd7ef,2026-07-23T07:30:00Z,2026-07-23T09:30:00+0200,1769.941666,MW,DK1,DK_1,forecast_solar_generation,Solar,2026-08-09T16:53:20Z
2026-08-09T16:49:56Z,2026-08-09T18:49:56+0200,eeb12da0-7c50-4259-bd40-a1d833ebd7ef,2026-07-23T07:45:00Z,2026-07-23T09:45:00+0200,1885.791666,MW,DK1,DK_1,forecast_solar_generation,Solar,2026-08-09T16:53:20Z
2026-08-09T16:49:56Z,2026-08-09T18:49:56+0200,eeb12da0-7c50-4259-bd40-a1d833ebd7ef,2026-07-23T08:00:00Z,2026-07-23T10:00:00+0200,1988.731666,MW,DK1,DK_1,forecast_solar_generation,Solar,2026-08-09T16:53:20Z
2026-08-09T16:49:56Z,2026-08-09T18:49:56+0200,eeb12da0-7c50-4259-bd40-a1d833ebd7ef,2026-07-23T08:15:00Z,2026-07-23T10:15:00+0200,2077.285,MW,DK1,DK_1,forecast_solar_generation,Solar,2026-08-09T16:53:20Z
2026-08-09T16:49:56Z,2026-08-09T18:49:56+0200,eeb12da0-7c50-4259-bd40-a1d833ebd7ef,2026-07-23T08:30:00Z,2026-07-23T10:30:00+0200,2152.086666,MW,DK1,DK_1,forecast_solar_generation,Solar,2026-08-09T16:53:20Z
2026-08-09T16:49:56Z,2026-08-09T18:49:56+0200,eeb12da0-7c50-4259-bd40-a1d833ebd7ef,2026-07-23T08:45:00Z,2026-07-23T10:45:00+0200,2216.879999,MW,DK1,DK_1,forecast_solar_generation,Solar,2026-08-09T16:53:20Z
2026-08-09T16:49:56Z,2026-08-09T18:49:56+0200,eeb12da0-7c50-4259-bd40-a1d833ebd7ef,2026-07-23T09:00:00Z,2026-07-23T11:00:00+0200,2269.94,MW,DK1,DK_1,forecast_solar_generation,Solar,2026-08-09T16:53:20Z
2026-08-09T16:49:56Z,2026-08-09T18:49:56+0200,eeb12da0-7c50-4259-bd40-a1d833ebd7ef,2026-07-23T09:15:00Z,2026-07-23T11:15:00+0200,2310.036666,MW,DK1,DK_1,forecast_solar_generation,Solar,2026-08-09T16:53:20Z
2026-08-09T16:49:56Z,2026-08-09T18:49:56+0200,eeb12da0-7c50-4259-bd40-a1d833ebd7ef,2026-07-23T09:30:00Z,2026-07-23T11:30:00+0200,2339.956666,MW,DK1,DK_1,forecast_solar_generation,Solar,2026-08-09T16:53:20Z
2026-08-09T16:49:56Z,2026-08-09T18:49:56+0200,eeb12da0-7c50-4259-bd40-a1d833ebd7ef,2026-07-23T09:45:00Z,2026-07-23T11:45:00+0200,2365.001666,MW,DK1,DK_1,forecast_solar_generation,Solar,2026-08-09T16:53:20Z
2026-08-09T16:49:56Z,2026-08-09T18:49:56+0200,eeb12da0-7c50-4259-bd40-a1d833ebd7ef,2026-07-23T10:00:00Z,2026-07-23T12:00:00+0200,2386.216666,MW,DK1,DK_1,forecast_solar_generation,Solar,2026-08-09T16:53:20Z
2026-08-09T16:49:56Z,2026-08-09T18:49:56+0200,eeb12da0-7c50-4259-bd40-a1d833ebd7ef,2026-07-23T10:15:00Z,2026-07-23T12:15:00+0200,2404.563333,MW,DK1,DK_1,forecast_solar_generation,Solar,2026-08-09T16:53:20Z
2026-08-09T16:49:56Z,2026-08-09T18:49:56+0200,eeb12da0-7c50-4259-bd40-a1d833ebd7ef,2026-07-23T10:30:00Z,2026-07-23T12:30:00+0200,2419.058333,MW,DK1,DK_1,forecast_solar_generation,Solar,2026-08-09T16:53:20Z
2026-08-09T16:49:56Z,2026-08-09T18:49:56+0200,eeb12da0-7c50-4259-bd40-a1d833ebd7ef,2026-07-23T10:45:00Z,2026-07-23T12:45:00+0200,2427.011666,MW,DK1,DK_1,forecast_solar_generation,Solar,2026-08-09T16:53:20Z
2026-08-09T16:49:56Z,2026-08-09T18:49:56+0200,eeb12da0-7c50-4259-bd40-a1d833ebd7ef,2026-07-23T11:00:00Z,2026-07-23T13:00:00+0200,2432.011666,MW,DK1,DK_1,forecast_solar_generation,Solar,2026-08-09T16:53:20Z
2026-08-09T16:49:56Z,2026-08-09T18:49:56+0200,eeb12da0-7c50-4259-bd40-a1d833ebd7ef,2026-07-23T11:15:00Z,2026-07-23T13:15:00+0200,2399.383333,MW,DK1,DK_1,forecast_solar_generation,Solar,2026-08-09T16:53:20Z
2026-08-09T16:49:56Z,2026-08-09T18:49:56+0200,eeb12da0-7c50-4259-bd40-a1d833ebd7ef,2026-07-23T11:30:00Z,2026-07-23T13:30:00+0200,2217.175,MW,DK1,DK_1,forecast_solar_generation,Solar,2026-08-09T16:53:20Z
2026-08-09T16:49:56Z,2026-08-09T18:49:56+0200,eeb12da0-7c50-4259-bd40-a1d833ebd7ef,2026-07-23T11:45:00Z,2026-07-23T13:45:00+0200,2175.565,MW,DK1,DK_1,forecast_solar_generation,Solar,2026-08-09T16:53:20Z
2026-08-09T16:49:56Z,2026-08-09T18:49:56+0200,eeb12da0-7c50-4259-bd40-a1d833ebd7ef,2026-07-23T12:00:00Z,2026-07-23T14:00:00+0200,2200.075,MW,DK1,DK_1,forecast_solar_generation,Solar,2026-08-09T16:53:20Z
2026-08-09T16:49:56Z,2026-08-09T18:49:56+0200,eeb12da0-7c50-4259-bd40-a1d833ebd7ef,2026-07-23T12:15:00Z,2026-07-23T14:15:00+0200,2176.626666,MW,DK1,DK_1,forecast_solar_generation,Solar,2026-08-09T16:53:20Z
2026-08-09T16:49:56Z,2026-08-09T18:49:56+0200,eeb12da0-7c50-4259-bd40-a1d833ebd7ef,2026-07-23T12:30:00Z,2026-07-23T14:30:00+0200,2152.665,MW,DK1,DK_1,forecast_solar_generation,Solar,2026-08-09T16:53:20Z
2026-08-09T16:49:56Z,2026-08-09T18:49:56+0200,eeb12da0-7c50-4259-bd40-a1d833ebd7ef,2026-07-23T12:45:00Z,2026-07-23T14:45:00+0200,2134.891666,MW,DK1,DK_1,forecast_solar_generation,Solar,2026-08-09T16:53:20Z
2026-08-09T16:49:56Z,2026-08-09T18:49:56+0200,eeb12da0-7c50-4259-bd40-a1d833ebd7ef,2026-07-23T13:00:00Z,2026-07-23T15:00:00+0200,2164.216666,MW,DK1,DK_1,forecast_solar_generation,Solar,2026-08-09T16:53:20Z
2026-08-09T16:49:56Z,2026-08-09T18:49:56+0200,eeb12da0-7c50-4259-bd40-a1d833ebd7ef,2026-07-23T13:15:00Z,2026-07-23T15:15:00+0200,2264.459999,MW,DK1,DK_1,forecast_solar_generation,Solar,2026-08-09T16:53:20Z
2026-08-09T16:49:56Z,2026-08-09T18:49:56+0200,eeb12da0-7c50-4259-bd40-a1d833ebd7ef,2026-07-23T13:30:00Z,2026-07-23T15:30:00+0200,2233.628333,MW,DK1,DK_1,forecast_solar_generation,Solar,2026-08-09T16:53:20Z
2026-08-09T16:49:56Z,2026-08-09T18:49:56+0200,eeb12da0-7c50-4259-bd40-a1d833ebd7ef,2026-07-23T13:45:00Z,2026-07-23T15:45:00+0200,2170.121666,MW,DK1,DK_1,forecast_solar_generation,Solar,2026-08-09T16:53:20Z
2026-08-09T16:49:56Z,2026-08-09T18:49:56+0200,eeb12da0-7c50-4259-bd40-a1d833ebd7ef,2026-07-23T14:00:00Z,2026-07-23T16:00:00+0200,1984.901666,MW,DK1,DK_1,forecast_solar_generation,Solar,2026-08-09T16:53:20Z
2026-08-09T16:49:56Z,2026-08-09T18:49:56+0200,eeb12da0-7c50-4259-bd40-a1d833ebd7ef,2026-07-23T14:15:00Z,2026-07-23T16:15:00+0200,2080.978333,MW,DK1,DK_1,forecast_solar_generation,Solar,2026-08-09T16:53:20Z
2026-08-09T16:49:56Z,2026-08-09T18:49:56+0200,eeb12da0-7c50-4259-bd40-a1d833ebd7ef,2026-07-23T14:30:00Z,2026-07-23T16:30:00+0200,2005.54,MW,DK1,DK_1,forecast_solar_generation,Solar,2026-08-09T16:53:20Z
2026-08-09T16:49:56Z,2026-08-09T18:49:56+0200,eeb12da0-7c50-4259-bd40-a1d833ebd7ef,2026-07-23T14:45:00Z,2026-07-23T16:45:00+0200,1914.433333,MW,DK1,DK_1,forecast_solar_generation,Solar,2026-08-09T16:53:20Z
2026-08-09T16:49:56Z,2026-08-09T18:49:56+0200,eeb12da0-7c50-4259-bd40-a1d833ebd7ef,2026-07-23T15:00:00Z,2026-07-23T17:00:00+0200,1811.61,MW,DK1,DK_1,forecast_solar_generation,Solar,2026-08-09T16:53:20Z
2026-08-09T16:49:56Z,2026-08-09T18:49:56+0200,eeb12da0-7c50-4259-bd40-a1d833ebd7ef,2026-07-23T15:15:00Z,2026-07-23T17:15:00+0200,1698.225,MW,DK1,DK_1,forecast_solar_generation,Solar,2026-08-09T16:53:20Z
2026-08-09T16:49:56Z,2026-08-09T18:49:56+0200,eeb12da0-7c50-4259-bd40-a1d833ebd7ef,2026-07-23T15:30:00Z,2026-07-23T17:30:00+0200,1578.208333,MW,DK1,DK_1,forecast_solar_generation,Solar,2026-08-09T16:53:20Z
2026-08-09T16:49:56Z,2026-08-09T18:49:56+0200,eeb12da0-7c50-4259-bd40-a1d833ebd7ef,2026-07-23T15:45:00Z,2026-07-23T17:45:00+0200,1455.953333,MW,DK1,DK_1,forecast_solar_generation,Solar,2026-08-09T16:53:20Z
2026-08-09T16:49:56Z,2026-08-09T18:49:56+0200,eeb12da0-7c50-4259-bd40-a1d833ebd7ef,2026-07-23T16:00:00Z,2026-07-23T18:00:00+0200,1343.22,MW,DK1,DK_1,forecast_solar_generation,Solar,2026-08-09T16:53:20Z
2026-08-09T16:49:56Z,2026-08-09T18:49:56+0200,eeb12da0-7c50-4259-bd40-a1d833ebd7ef,2026-07-23T16:15:00Z,2026-07-23T18:15:00+0200,1210.608333,MW,DK1,DK_1,forecast_solar_generation,Solar,2026-08-09T16:53:20Z
2026-08-09T16:49:56Z,2026-08-09T18:49:56+0200,eeb12da0-7c50-4259-bd40-a1d833ebd7ef,2026-07-23T16:30:00Z,2026-07-23T18:30:00+0200,1072.99,MW,DK1,DK_1,forecast_solar_generation,Solar,2026-08-09T16:53:20Z
2026-08-09T16:49:56Z,2026-08-09T18:49:56+0200,eeb12da0-7c50-4259-bd40-a1d833ebd7ef,2026-07-23T16:45:00Z,2026-07-23T18:45:00+0200,935.211666,MW,DK1,DK_1,forecast_solar_generation,Solar,2026-08-09T16:53:20Z
2026-08-09T16:49:56Z,2026-08-09T18:49:56+0200,eeb12da0-7c50-4259-bd40-a1d833ebd7ef,2026-07-23T17:00:00Z,2026-07-23T19:00:00+0200,799.348333,MW,DK1,DK_1,forecast_solar_generation,Solar,2026-08-09T16:53:20Z
2026-08-09T16:49:56Z,2026-08-09T18:49:56+0200,eeb12da0-7c50-4259-bd40-a1d833ebd7ef,2026-07-23T17:15:00Z,2026-07-23T19:15:00+0200,667.316666,MW,DK1,DK_1,forecast_solar_generation,Solar,2026-08-09T16:53:20Z
2026-08-09T16:49:56Z,2026-08-09T18:49:56+0200,eeb12da0-7c50-4259-bd40-a1d833ebd7ef,2026-07-23T17:30:00Z,2026-07-23T19:30:00+0200,541.108333,MW,DK1,DK_1,forecast_solar_generation,Solar,2026-08-09T16:53:20Z
2026-08-09T16:49:56Z,2026-08-09T18:49:56+0200,eeb12da0-7c50-4259-bd40-a1d833ebd7ef,2026-07-23T17:45:00Z,2026-07-23T19:45:00+0200,423.056666,MW,DK1,DK_1,forecast_solar_generation,Solar,2026-08-09T16:53:20Z
2026-08-09T16:49:56Z,2026-08-09T18:49:56+0200,eeb12da0-7c50-4259-bd40-a1d833ebd7ef,2026-07-23T18:00:00Z,2026-07-23T20:00:00+0200,316.615,MW,DK1,DK_1,forecast_solar_generation,Solar,2026-08-09T16:53:20Z
2026-08-09T16:49:56Z,2026-08-09T18:49:56+0200,eeb12da0-7c50-4259-bd40-a1d833ebd7ef,2026-07-23T18:15:00Z,2026-07-23T20:15:00+0200,223.561666,MW,DK1,DK_1,forecast_solar_generation,Solar,2026-08-09T16:53:20Z
2026-08-09T16:49:56Z,2026-08-09T18:49:56+0200,eeb12da0-7c50-4259-bd40-a1d833ebd7ef,2026-07-23T18:30:00Z,2026-07-23T20:30:00+0200,145.174999,MW,DK1,DK_1,forecast_solar_generation,Solar,2026-08-09T16:53:20Z
2026-08-09T16:49:56Z,2026-08-09T18:49:56+0200,eeb12da0-7c50-4259-bd40-a1d833ebd7ef,2026-07-23T18:45:00Z,2026-07-23T20:45:00+0200,81.535,MW,DK1,DK_1,forecast_solar_generation,Solar,2026-08-09T16:53:20Z
2026-08-09T16:49:56Z,2026-08-09T18:49:56+0200,eeb12da0-7c50-4259-bd40-a1d833ebd7ef,2026-07-23T19:00:00Z,2026-07-23T21:00:00+0200,33.885,MW,DK1,DK_1,forecast_solar_generation,Solar,2026-08-09T16:53:20Z
2026-08-09T16:49:56Z,2026-08-09T18:49:56+0200,eeb12da0-7c50-4259-bd40-a1d833ebd7ef,2026-07-23T19:15:00Z,2026-07-23T21:15:00+0200,7.853333,MW,DK1,DK_1,forecast_solar_generation,Solar,2026-08-09T16:53:20Z
2026-08-09T16:49:56Z,2026-08-09T18:49:56+0200,eeb12da0-7c50-4259-bd40-a1d833ebd7ef,2026-07-23T19:30:00Z,2026-07-23T21:30:00+0200,0.725,MW,DK1,DK_1,forecast_solar_generation,Solar,2026-08-09T16:53:20Z
2026-08-09T16:49:56Z,2026-08-09T18:49:56+0200,eeb12da0-7c50-4259-bd40-a1d833ebd7ef,2026-07-23T19:45:00Z,2026-07-23T21:45:00+0200,0.013333,MW,DK1,DK_1,forecast_solar_generation,Solar,2026-08-09T16:53:20Z
2026-08-09T16:49:56Z,2026-08-09T18:49:56+0200,eeb12da0-7c50-4259-bd40-a1d833ebd7ef,2026-07-23T20:00:00Z,2026-07-23T22:00:00+0200,0.0,MW,DK1,DK_1,forecast_solar_generation,Solar,2026-08-09T16:53:20Z
2026-08-09T16:49:56Z,2026-08-09T18:49:56+0200,eeb12da0-7c50-4259-bd40-a1d833ebd7ef,2026-07-23T20:15:00Z,2026-07-23T22:15:00+0200,0.0,MW,DK1,DK_1,forecast_solar_generation,Solar,2026-08-09T16:53:20Z
2026-08-09T16:49:56Z,2026-08-09T18:49:56+0200,eeb12da0-7c50-4259-bd40-a1d833ebd7ef,2026-07-23T20:30:00Z,2026-07-23T22:30:00+0200,0.0,MW,DK1,DK_1,forecast_solar_generation,Solar,2026-08-09T16:53:20Z
2026-08-09T16:49:56Z,2026-08-09T18:49:56+0200,eeb12da0-7c50-4259-bd40-a1d833ebd7ef,2026-07-23T20:45:00Z,2026-07-23T22:45:00+0200,0.0,MW,DK1,DK_1,forecast_solar_generation,Solar,2026-08-09T16:53:20Z
2026-08-09T16:49:56Z,2026-08-09T18:49:56+0200,eeb12da0-7c50-4259-bd40-a1d833ebd7ef,2026-07-23T21:00:00Z,2026-07-23T23:00:00+0200,0.0,MW,DK1,DK_1,forecast_solar_generation,Solar,2026-08-09T16:53:20Z
2026-08-09T16:49:56Z,2026-08-09T18:49:56+0200,eeb12da0-7c50-4259-bd40-a1d833ebd7ef,2026-07-23T21:15:00Z,2026-07-23T23:15:00+0200,0.0,MW,DK1,DK_1,forecast_solar_generation,Solar,2026-08-09T16:53:20Z
2026-08-09T16:49:56Z,2026-08-09T18:49:56+0200,eeb12da0-7c50-4259-bd40-a1d833ebd7ef,2026-07-23T21:30:00Z,2026-07-23T23:30:00+0200,0.0,MW,DK1,DK_1,forecast_solar_generation,Solar,2026-08-09T16:53:20Z
2026-08-09T16:49:56Z,2026-08-09T18:49:56+0200,eeb12da0-7c50-4259-bd40-a1d833ebd7ef,2026-07-23T21:45:00Z,2026-07-23T23:45:00+0200,0.0,MW,DK1,DK_1,forecast_solar_generation,Solar,2026-08-09T16:53:20Z
2026-08-09T16:49:56Z,2026-08-09T18:49:56+0200,eeb12da0-7c50-4259-bd40-a1d833ebd7ef,2026-07-23T22:00:00Z,2026-07-24T00:00:00+0200,0.0,MW,DK1,DK_1,forecast_solar_generation,Solar,2026-08-09T16:53:20Z
2026-08-09T16:49:56Z,2026-08-09T18:49:56+0200,eeb12da0-7c50-4259-bd40-a1d833ebd7ef,2026-07-23T22:15:00Z,2026-07-24T00:15:00+0200,0.0,MW,DK1,DK_1,forecast_solar_generation,Solar,2026-08-09T16:53:20Z
2026-08-09T16:49:56Z,2026-08-09T18:49:56+0200,eeb12da0-7c50-4259-bd40-a1d833ebd7ef,2026-07-23T22:30:00Z,2026-07-24T00:30:00+0200,0.0,MW,DK1,DK_1,forecast_solar_generation,Solar,2026-08-09T16:53:20Z
2026-08-09T16:49:56Z,2026-08-09T18:49:56+0200,eeb12da0-7c50-4259-bd40-a1d833ebd7ef,2026-07-23T22:45:00Z,2026-07-24T00:45:00+0200,0.0,MW,DK1,DK_1,forecast_solar_generation,Solar,2026-08-09T16:53:20Z
2026-08-09T16:49:56Z,2026-08-09T18:49:56+0200,eeb12da0-7c50-4259-bd40-a1d833ebd7ef,2026-07-23T23:00:00Z,2026-07-24T01:00:00+0200,0.0,MW,DK1,DK_1,forecast_solar_generation,Solar,2026-08-09T16:53:20Z
2026-08-09T16:49:56Z,2026-08-09T18:49:56+0200,eeb12da0-7c50-4259-bd40-a1d833ebd7ef,2026-07-23T23:15:00Z,2026-07-24T01:15:00+0200,0.0,MW,DK1,DK_1,forecast_solar_generation,Solar,2026-08-09T16:53:20Z
2026-08-09T16:49:56Z,2026-08-09T18:49:56+0200,eeb12da0-7c50-4259-bd40-a1d833ebd7ef,2026-07-23T23:30:00Z,2026-07-24T01:30:00+0200,0.0,MW,DK1,DK_1,forecast_solar_generation,Solar,2026-08-09T16:53:20Z
2026-08-09T16:49:56Z,2026-08-09T18:49:56+0200,eeb12da0-7c50-4259-bd40-a1d833ebd7ef,2026-07-23T23:45:00Z,2026-07-24T01:45:00+0200,0.0,MW,DK1,DK_1,forecast_solar_generation,Solar,2026-08-09T16:53:20Z
2026-08-09T16:49:56Z,2026-08-09T18:49:56+0200,eeb12da0-7c50-4259-bd40-a1d833ebd7ef,2026-07-24T00:00:00Z,2026-07-24T02:00:00+0200,0.0,MW,DK1,DK_1,forecast_solar_generation,Solar,2026-08-09T16:53:20Z
2026-08-09T16:49:56Z,2026-08-09T18:49:56+0200,eeb12da0-7c50-4259-bd40-a1d833ebd7ef,2026-07-24T00:15:00Z,2026-07-24T02:15:00+0200,0.0,MW,DK1,DK_1,forecast_solar_generation,Solar,2026-08-09T16:53:20Z
2026-08-09T16:49:56Z,2026-08-09T18:49:56+0200,eeb12da0-7c50-4259-bd40-a1d833ebd7ef,2026-07-24T00:30:00Z,2026-07-24T02:30:00+0200,0.0,MW,DK1,DK_1,forecast_solar_generation,Solar,2026-08-09T16:53:20Z
2026-08-09T16:49:56Z,2026-08-09T18:49:56+0200,eeb12da0-7c50-4259-bd40-a1d833ebd7ef,2026-07-24T00:45:00Z,2026-07-24T02:45:00+0200,0.0,MW,DK1,DK_1,forecast_solar_generation,Solar,2026-08-09T16:53:20Z
2026-08-09T16:49:56Z,2026-08-09T18:49:56+0200,eeb12da0-7c50-4259-bd40-a1d833ebd7ef,2026-07-24T01:00:00Z,2026-07-24T03:00:00+0200,0.0,MW,DK1,DK_1,forecast_solar_generation,Solar,2026-08-09T16:53:20Z
2026-08-09T16:49:56Z,2026-08-09T18:49:56+0200,eeb12da0-7c50-4259-bd40-a1d833ebd7ef,2026-07-24T01:15:00Z,2026-07-24T03:15:00+0200,0.0,MW,DK1,DK_1,forecast_solar_generation,Solar,2026-08-09T16:53:20Z
2026-08-09T16:49:56Z,2026-08-09T18:49:56+0200,eeb12da0-7c50-4259-bd40-a1d833ebd7ef,2026-07-24T01:30:00Z,2026-07-24T03:30:00+0200,0.0,MW,DK1,DK_1,forecast_solar_generation,Solar,2026-08-09T16:53:20Z
2026-08-09T16:49:56Z,2026-08-09T18:49:56+0200,eeb12da0-7c50-4259-bd40-a1d833ebd7ef,2026-07-24T01:45:00Z,2026-07-24T03:45:00+0200,0.0,MW,DK1,DK_1,forecast_solar_generation,Solar,2026-08-09T16:53:20Z
2026-08-09T16:49:56Z,2026-08-09T18:49:56+0200,eeb12da0-7c50-4259-bd40-a1d833ebd7ef,2026-07-24T02:00:00Z,2026-07-24T04:00:00+0200,0.0,MW,DK1,DK_1,forecast_solar_generation,Solar,2026-08-09T16:53:20Z
2026-08-09T16:49:56Z,2026-08-09T18:49:56+0200,eeb12da0-7c50-4259-bd40-a1d833ebd7ef,2026-07-24T02:15:00Z,2026-07-24T04:15:00+0200,0.0,MW,DK1,DK_1,forecast_solar_generation,Solar,2026-08-09T16:53:20Z
2026-08-09T16:49:56Z,2026-08-09T18:49:56+0200,eeb12da0-7c50-4259-bd40-a1d833ebd7ef,2026-07-24T02:30:00Z,2026-07-24T04:30:00+0200,0.0,MW,DK1,DK_1,forecast_solar_generation,Solar,2026-08-09T16:53:20Z
2026-08-09T16:49:56Z,2026-08-09T18:49:56+0200,eeb12da0-7c50-4259-bd40-a1d833ebd7ef,2026-07-24T02:45:00Z,2026-07-24T04:45:00+0200,0.0,MW,DK1,DK_1,forecast_solar_generation,Solar,2026-08-09T16:53:20Z
2026-08-09T16:49:56Z,2026-08-09T18:49:56+0200,eeb12da0-7c50-4259-bd40-a1d833ebd7ef,2026-07-24T03:00:00Z,2026-07-24T05:00:00+0200,0.031666,MW,DK1,DK_1,forecast_solar_generation,Solar,2026-08-09T16:53:20Z
2026-08-09T16:49:56Z,2026-08-09T18:49:56+0200,eeb12da0-7c50-4259-bd40-a1d833ebd7ef,2026-07-24T03:15:00Z,2026-07-24T05:15:00+0200,0.986666,MW,DK1,DK_1,forecast_solar_generation,Solar,2026-08-09T16:53:20Z
2026-08-09T16:49:56Z,2026-08-09T18:49:56+0200,eeb12da0-7c50-4259-bd40-a1d833ebd7ef,2026-07-24T03:30:00Z,2026-07-24T05:30:00+0200,8.238333,MW,DK1,DK_1,forecast_solar_generation,Solar,2026-08-09T16:53:20Z
2026-08-09T16:49:56Z,2026-08-09T18:49:56+0200,eeb12da0-7c50-4259-bd40-a1d833ebd7ef,2026-07-24T03:45:00Z,2026-07-24T05:45:00+0200,29.224999,MW,DK1,DK_1,forecast_solar_generation,Solar,2026-08-09T16:53:20Z
2026-08-09T16:49:56Z,2026-08-09T18:49:56+0200,eeb12da0-7c50-4259-bd40-a1d833ebd7ef,2026-07-24T04:00:00Z,2026-07-24T06:00:00+0200,63.044999,MW,DK1,DK_1,forecast_solar_generation,Solar,2026-08-09T16:53:20Z
2026-08-09T16:49:56Z,2026-08-09T18:49:56+0200,eeb12da0-7c50-4259-bd40-a1d833ebd7ef,2026-07-24T04:15:00Z,2026-07-24T06:15:00+0200,105.785,MW,DK1,DK_1,forecast_solar_generation,Solar,2026-08-09T16:53:20Z
2026-08-09T16:49:56Z,2026-08-09T18:49:56+0200,eeb12da0-7c50-4259-bd40-a1d833ebd7ef,2026-07-24T04:30:00Z,2026-07-24T06:30:00+0200,158.079999,MW,DK1,DK_1,forecast_solar_generation,Solar,2026-08-09T16:53:20Z
2026-08-09T16:49:56Z,2026-08-09T18:49:56+0200,eeb12da0-7c50-4259-bd40-a1d833ebd7ef,2026-07-24T04:45:00Z,2026-07-24T06:45:00+0200,218.925,MW,DK1,DK_1,forecast_solar_generation,Solar,2026-08-09T16:53:20Z
2026-08-09T16:49:56Z,2026-08-09T18:49:56+0200,eeb12da0-7c50-4259-bd40-a1d833ebd7ef,2026-07-24T05:00:00Z,2026-07-24T07:00:00+0200,286.815,MW,DK1,DK_1,forecast_solar_generation,Solar,2026-08-09T16:53:20Z
2026-08-09T16:49:56Z,2026-08-09T18:49:56+0200,eeb12da0-7c50-4259-bd40-a1d833ebd7ef,2026-07-24T05:15:00Z,2026-07-24T07:15:00+0200,359.313333,MW,DK1,DK_1,forecast_solar_generation,Solar,2026-08-09T16:53:20Z
2026-08-09T16:49:56Z,2026-08-09T18:49:56+0200,eeb12da0-7c50-4259-bd40-a1d833ebd7ef,2026-07-24T05:30:00Z,2026-07-24T07:30:00+0200,435.671666,MW,DK1,DK_1,forecast_solar_generation,Solar,2026-08-09T16:53:20Z
2026-08-09T16:49:56Z,2026-08-09T18:49:56+0200,eeb12da0-7c50-4259-bd40-a1d833ebd7ef,2026-07-24T05:45:00Z,2026-07-24T07:45:00+0200,515.16,MW,DK1,DK_1,forecast_solar_generation,Solar,2026-08-09T16:53:20Z
2026-08-09T16:49:56Z,2026-08-09T18:49:56+0200,eeb12da0-7c50-4259-bd40-a1d833ebd7ef,2026-07-24T06:00:00Z,2026-07-24T08:00:00+0200,596.761666,MW,DK1,DK_1,forecast_solar_generation,Solar,2026-08-09T16:53:20Z
2026-08-09T16:49:56Z,2026-08-09T18:49:56+0200,eeb12da0-7c50-4259-bd40-a1d833ebd7ef,2026-07-24T06:15:00Z,2026-07-24T08:15:00+0200,679.509999,MW,DK1,DK_1,forecast_solar_generation,Solar,2026-08-09T16:53:20Z
2026-08-09T16:49:56Z,2026-08-09T18:49:56+0200,eeb12da0-7c50-4259-bd40-a1d833ebd7ef,2026-07-24T06:30:00Z,2026-07-24T08:30:00+0200,762.57,MW,DK1,DK_1,forecast_solar_generation,Solar,2026-08-09T16:53:20Z
2026-08-09T16:49:56Z,2026-08-09T18:49:56+0200,eeb12da0-7c50-4259-bd40-a1d833ebd7ef,2026-07-24T06:45:00Z,2026-07-24T08:45:00+0200,845.933333,MW,DK1,DK_1,forecast_solar_generation,Solar,2026-08-09T16:53:20Z
2026-08-09T16:49:56Z,2026-08-09T18:49:56+0200,eeb12da0-7c50-4259-bd40-a1d833ebd7ef,2026-07-24T07:00:00Z,2026-07-24T09:00:00+0200,929.241666,MW,DK1,DK_1,forecast_solar_generation,Solar,2026-08-09T16:53:20Z
2026-08-09T16:49:56Z,2026-08-09T18:49:56+0200,eeb12da0-7c50-4259-bd40-a1d833ebd7ef,2026-07-24T07:15:00Z,2026-07-24T09:15:00+0200,1011.38,MW,DK1,DK_1,forecast_solar_generation,Solar,2026-08-09T16:53:20Z
2026-08-09T16:49:56Z,2026-08-09T18:49:56+0200,eeb12da0-7c50-4259-bd40-a1d833ebd7ef,2026-07-24T07:30:00Z,2026-07-24T09:30:00+0200,1091.588333,MW,DK1,DK_1,forecast_solar_generation,Solar,2026-08-09T16:53:20Z
2026-08-09T16:49:56Z,2026-08-09T18:49:56+0200,eeb12da0-7c50-4259-bd40-a1d833ebd7ef,2026-07-24T07:45:00Z,2026-07-24T09:45:00+0200,1171.451666,MW,DK1,DK_1,forecast_solar_generation,Solar,2026-08-09T16:53:20Z
2026-08-09T16:49:56Z,2026-08-09T18:49:56+0200,eeb12da0-7c50-4259-bd40-a1d833ebd7ef,2026-07-24T08:00:00Z,2026-07-24T10:00:00+0200,1250.031666,MW,DK1,DK_1,forecast_solar_generation,Solar,2026-08-09T16:53:20Z
2026-08-09T16:49:56Z,2026-08-09T18:49:56+0200,eeb12da0-7c50-4259-bd40-a1d833ebd7ef,2026-07-24T08:15:00Z,2026-07-24T10:15:00+0200,1326.328333,MW,DK1,DK_1,forecast_solar_generation,Solar,2026-08-09T16:53:20Z
2026-08-09T16:49:56Z,2026-08-09T18:49:56+0200,eeb12da0-7c50-4259-bd40-a1d833ebd7ef,2026-07-24T08:30:00Z,2026-07-24T10:30:00+0200,1404.98,MW,DK1,DK_1,forecast_solar_generation,Solar,2026-08-09T16:53:20Z
2026-08-09T16:49:56Z,2026-08-09T18:49:56+0200,eeb12da0-7c50-4259-bd40-a1d833ebd7ef,2026-07-24T08:45:00Z,2026-07-24T10:45:00+0200,1499.024999,MW,DK1,DK_1,forecast_solar_generation,Solar,2026-08-09T16:53:20Z
2026-08-09T16:49:56Z,2026-08-09T18:49:56+0200,eeb12da0-7c50-4259-bd40-a1d833ebd7ef,2026-07-24T09:00:00Z,2026-07-24T11:00:00+0200,1597.68,MW,DK1,DK_1,forecast_solar_generation,Solar,2026-08-09T16:53:20Z
2026-08-09T16:49:56Z,2026-08-09T18:49:56+0200,eeb12da0-7c50-4259-bd40-a1d833ebd7ef,2026-07-24T09:15:00Z,2026-07-24T11:15:00+0200,1680.053333,MW,DK1,DK_1,forecast_solar_generation,Solar,2026-08-09T16:53:20Z
2026-08-09T16:49:56Z,2026-08-09T18:49:56+0200,eeb12da0-7c50-4259-bd40-a1d833ebd7ef,2026-07-24T09:30:00Z,2026-07-24T11:30:00+0200,1735.233333,MW,DK1,DK_1,forecast_solar_generation,Solar,2026-08-09T16:53:20Z
2026-08-09T16:49:56Z,2026-08-09T18:49:56+0200,eeb12da0-7c50-4259-bd40-a1d833ebd7ef,2026-07-24T09:45:00Z,2026-07-24T11:45:00+0200,1783.023333,MW,DK1,DK_1,forecast_solar_generation,Solar,2026-08-09T16:53:20Z
2026-08-09T16:49:56Z,2026-08-09T18:49:56+0200,eeb12da0-7c50-4259-bd40-a1d833ebd7ef,2026-07-24T10:00:00Z,2026-07-24T12:00:00+0200,1825.963333,MW,DK1,DK_1,forecast_solar_generation,Solar,2026-08-09T16:53:20Z
2026-08-09T16:49:56Z,2026-08-09T18:49:56+0200,eeb12da0-7c50-4259-bd40-a1d833ebd7ef,2026-07-24T10:15:00Z,2026-07-24T12:15:00+0200,1857.443333,MW,DK1,DK_1,forecast_solar_generation,Solar,2026-08-09T16:53:20Z
2026-08-09T16:49:56Z,2026-08-09T18:49:56+0200,eeb12da0-7c50-4259-bd40-a1d833ebd7ef,2026-07-24T10:30:00Z,2026-07-24T12:30:00+0200,1871.418333,MW,DK1,DK_1,forecast_solar_generation,Solar,2026-08-09T16:53:20Z
2026-08-09T16:49:56Z,2026-08-09T18:49:56+0200,eeb12da0-7c50-4259-bd40-a1d833ebd7ef,2026-07-24T10:45:00Z,2026-07-24T12:45:00+0200,1870.426666,MW,DK1,DK_1,forecast_solar_generation,Solar,2026-08-09T16:53:20Z
2026-08-09T16:49:56Z,2026-08-09T18:49:56+0200,eeb12da0-7c50-4259-bd40-a1d833ebd7ef,2026-07-24T11:00:00Z,2026-07-24T13:00:00+0200,1858.909999,MW,DK1,DK_1,forecast_solar_generation,Solar,2026-08-09T16:53:20Z
2026-08-09T16:49:56Z,2026-08-09T18:49:56+0200,eeb12da0-7c50-4259-bd40-a1d833ebd7ef,2026-07-24T11:15:00Z,2026-07-24T13:15:00+0200,1843.153333,MW,DK1,DK_1,forecast_solar_generation,Solar,2026-08-09T16:53:20Z
2026-08-09T16:49:56Z,2026-08-09T18:49:56+0200,eeb12da0-7c50-4259-bd40-a1d833ebd7ef,2026-07-24T11:30:00Z,2026-07-24T13:30:00+0200,1823.796666,MW,DK1,DK_1,forecast_solar_generation,Solar,2026-08-09T16:53:20Z
2026-08-09T16:49:56Z,2026-08-09T18:49:56+0200,eeb12da0-7c50-4259-bd40-a1d833ebd7ef,2026-07-24T11:45:00Z,2026-07-24T13:45:00+0200,1788.015,MW,DK1,DK_1,forecast_solar_generation,Solar,2026-08-09T16:53:20Z
2026-08-09T16:49:56Z,2026-08-09T18:49:56+0200,eeb12da0-7c50-4259-bd40-a1d833ebd7ef,2026-07-24T12:00:00Z,2026-07-24T14:00:00+0200,1738.231666,MW,DK1,DK_1,forecast_solar_generation,Solar,2026-08-09T16:53:20Z
2026-08-09T16:49:56Z,2026-08-09T18:49:56+0200,eeb12da0-7c50-4259-bd40-a1d833ebd7ef,2026-07-24T12:15:00Z,2026-07-24T14:15:00+0200,1694.478333,MW,DK1,DK_1,forecast_solar_generation,Solar,2026-08-09T16:53:20Z
2026-08-09T16:49:56Z,2026-08-09T18:49:56+0200,eeb12da0-7c50-4259-bd40-a1d833ebd7ef,2026-07-24T12:30:00Z,2026-07-24T14:30:00+0200,1667.95,MW,DK1,DK_1,forecast_solar_generation,Solar,2026-08-09T16:53:20Z
2026-08-09T16:49:56Z,2026-08-09T18:49:56+0200,eeb12da0-7c50-4259-bd40-a1d833ebd7ef,2026-07-24T12:45:00Z,2026-07-24T14:45:00+0200,1617.518333,MW,DK1,DK_1,forecast_solar_generation,Solar,2026-08-09T16:53:20Z
2026-08-09T16:49:56Z,2026-08-09T18:49:56+0200,eeb12da0-7c50-4259-bd40-a1d833ebd7ef,2026-07-24T13:00:00Z,2026-07-24T15:00:00+0200,1501.336666,MW,DK1,DK_1,forecast_solar_generation,Solar,2026-08-09T16:53:20Z
2026-08-09T16:49:56Z,2026-08-09T18:49:56+0200,eeb12da0-7c50-4259-bd40-a1d833ebd7ef,2026-07-24T13:15:00Z,2026-07-24T15:15:00+0200,1547.771666,MW,DK1,DK_1,forecast_solar_generation,Solar,2026-08-09T16:53:20Z
2026-08-09T16:49:56Z,2026-08-09T18:49:56+0200,eeb12da0-7c50-4259-bd40-a1d833ebd7ef,2026-07-24T13:30:00Z,2026-07-24T15:30:00+0200,1509.888333,MW,DK1,DK_1,forecast_solar_generation,Solar,2026-08-09T16:53:20Z
2026-08-09T16:49:56Z,2026-08-09T18:49:56+0200,eeb12da0-7c50-4259-bd40-a1d833ebd7ef,2026-07-24T13:45:00Z,2026-07-24T15:45:00+0200,1453.428333,MW,DK1,DK_1,forecast_solar_generation,Solar,2026-08-09T16:53:20Z
2026-08-09T16:49:56Z,2026-08-09T18:49:56+0200,eeb12da0-7c50-4259-bd40-a1d833ebd7ef,2026-07-24T14:00:00Z,2026-07-24T16:00:00+0200,1385.439999,MW,DK1,DK_1,forecast_solar_generation,Solar,2026-08-09T16:53:20Z
2026-08-09T16:49:56Z,2026-08-09T18:49:56+0200,eeb12da0-7c50-4259-bd40-a1d833ebd7ef,2026-07-24T14:15:00Z,2026-07-24T16:15:00+0200,1313.558333,MW,DK1,DK_1,forecast_solar_generation,Solar,2026-08-09T16:53:20Z
2026-08-09T16:49:56Z,2026-08-09T18:49:56+0200,eeb12da0-7c50-4259-bd40-a1d833ebd7ef,2026-07-24T14:30:00Z,2026-07-24T16:30:00+0200,1239.086666,MW,DK1,DK_1,forecast_solar_generation,Solar,2026-08-09T16:53:20Z
2026-08-09T16:49:56Z,2026-08-09T18:49:56+0200,eeb12da0-7c50-4259-bd40-a1d833ebd7ef,2026-07-24T14:45:00Z,2026-07-24T16:45:00+0200,1154.273333,MW,DK1,DK_1,forecast_solar_generation,Solar,2026-08-09T16:53:20Z
2026-08-09T16:49:56Z,2026-08-09T18:49:56+0200,eeb12da0-7c50-4259-bd40-a1d833ebd7ef,2026-07-24T15:00:00Z,2026-07-24T17:00:00+0200,1071.331666,MW,DK1,DK_1,forecast_solar_generation,Solar,2026-08-09T16:53:20Z
2026-08-09T16:49:56Z,2026-08-09T18:49:56+0200,eeb12da0-7c50-4259-bd40-a1d833ebd7ef,2026-07-24T15:15:00Z,2026-07-24T17:15:00+0200,979.221666,MW,DK1,DK_1,forecast_solar_generation,Solar,2026-08-09T16:53:20Z
2026-08-09T16:49:56Z,2026-08-09T18:49:56+0200,eeb12da0-7c50-4259-bd40-a1d833ebd7ef,2026-07-24T15:30:00Z,2026-07-24T17:30:00+0200,891.07,MW,DK1,DK_1,forecast_solar_generation,Solar,2026-08-09T16:53:20Z
2026-08-09T16:49:56Z,2026-08-09T18:49:56+0200,eeb12da0-7c50-4259-bd40-a1d833ebd7ef,2026-07-24T15:45:00Z,2026-07-24T17:45:00+0200,802.57,MW,DK1,DK_1,forecast_solar_generation,Solar,2026-08-09T16:53:20Z
2026-08-09T16:49:56Z,2026-08-09T18:49:56+0200,eeb12da0-7c50-4259-bd40-a1d833ebd7ef,2026-07-24T16:00:00Z,2026-07-24T18:00:00+0200,715.739999,MW,DK1,DK_1,forecast_solar_generation,Solar,2026-08-09T16:53:20Z
2026-08-09T16:49:56Z,2026-08-09T18:49:56+0200,eeb12da0-7c50-4259-bd40-a1d833ebd7ef,2026-07-24T16:15:00Z,2026-07-24T18:15:00+0200,634.168333,MW,DK1,DK_1,forecast_solar_generation,Solar,2026-08-09T16:53:20Z
2026-08-09T16:49:56Z,2026-08-09T18:49:56+0200,eeb12da0-7c50-4259-bd40-a1d833ebd7ef,2026-07-24T16:30:00Z,2026-07-24T18:30:00+0200,558.826666,MW,DK1,DK_1,forecast_solar_generation,Solar,2026-08-09T16:53:20Z
2026-08-09T16:49:56Z,2026-08-09T18:49:56+0200,eeb12da0-7c50-4259-bd40-a1d833ebd7ef,2026-07-24T16:45:00Z,2026-07-24T18:45:00+0200,487.611666,MW,DK1,DK_1,forecast_solar_generation,Solar,2026-08-09T16:53:20Z
2026-08-09T16:49:56Z,2026-08-09T18:49:56+0200,eeb12da0-7c50-4259-bd40-a1d833ebd7ef,2026-07-24T17:00:00Z,2026-07-24T19:00:00+0200,422.255,MW,DK1,DK_1,forecast_solar_generation,Solar,2026-08-09T16:53:20Z
2026-08-09T16:49:56Z,2026-08-09T18:49:56+0200,eeb12da0-7c50-4259-bd40-a1d833ebd7ef,2026-07-24T17:15:00Z,2026-07-24T19:15:00+0200,363.731666,MW,DK1,DK_1,forecast_solar_generation,Solar,2026-08-09T16:53:20Z
2026-08-09T16:49:56Z,2026-08-09T18:49:56+0200,eeb12da0-7c50-4259-bd40-a1d833ebd7ef,2026-07-24T17:30:00Z,2026-07-24T19:30:00+0200,315.076666,MW,DK1,DK_1,forecast_solar_generation,Solar,2026-08-09T16:53:20Z
2026-08-09T16:49:56Z,2026-08-09T18:49:56+0200,eeb12da0-7c50-4259-bd40-a1d833ebd7ef,2026-07-24T17:45:00Z,2026-07-24T19:45:00+0200,278.661666,MW,DK1,DK_1,forecast_solar_generation,Solar,2026-08-09T16:53:20Z
2026-08-09T16:49:56Z,2026-08-09T18:49:56+0200,eeb12da0-7c50-4259-bd40-a1d833ebd7ef,2026-07-24T18:00:00Z,2026-07-24T20:00:00+0200,237.541666,MW,DK1,DK_1,forecast_solar_generation,Solar,2026-08-09T16:53:20Z
2026-08-09T16:49:56Z,2026-08-09T18:49:56+0200,eeb12da0-7c50-4259-bd40-a1d833ebd7ef,2026-07-24T18:15:00Z,2026-07-24T20:15:00+0200,184.21,MW,DK1,DK_1,forecast_solar_generation,Solar,2026-08-09T16:53:20Z
2026-08-09T16:49:56Z,2026-08-09T18:49:56+0200,eeb12da0-7c50-4259-bd40-a1d833ebd7ef,2026-07-24T18:30:00Z,2026-07-24T20:30:00+0200,123.844999,MW,DK1,DK_1,forecast_solar_generation,Solar,2026-08-09T16:53:20Z
2026-08-09T16:49:56Z,2026-08-09T18:49:56+0200,eeb12da0-7c50-4259-bd40-a1d833ebd7ef,2026-07-24T18:45:00Z,2026-07-24T20:45:00+0200,68.815,MW,DK1,DK_1,forecast_solar_generation,Solar,2026-08-09T16:53:20Z
2026-08-09T16:49:56Z,2026-08-09T18:49:56+0200,eeb12da0-7c50-4259-bd40-a1d833ebd7ef,2026-07-24T19:00:00Z,2026-07-24T21:00:00+0200,26.938333,MW,DK1,DK_1,forecast_solar_generation,Solar,2026-08-09T16:53:20Z
2026-08-09T16:49:56Z,2026-08-09T18:49:56+0200,eeb12da0-7c50-4259-bd40-a1d833ebd7ef,2026-07-24T19:15:00Z,2026-07-24T21:15:00+0200,5.78,MW,DK1,DK_1,forecast_solar_generation,Solar,2026-08-09T16:53:20Z
2026-08-09T16:49:56Z,2026-08-09T18:49:56+0200,eeb12da0-7c50-4259-bd40-a1d833ebd7ef,2026-07-24T19:30:00Z,2026-07-24T21:30:00+0200,0.449999,MW,DK1,DK_1,forecast_solar_generation,Solar,2026-08-09T16:53:20Z
2026-08-09T16:49:56Z,2026-08-09T18:49:56+0200,eeb12da0-7c50-4259-bd40-a1d833ebd7ef,2026-07-24T19:45:00Z,2026-07-24T21:45:00+0200,0.005,MW,DK1,DK_1,forecast_solar_generation,Solar,2026-08-09T16:53:20Z
2026-08-09T16:49:56Z,2026-08-09T18:49:56+0200,eeb12da0-7c50-4259-bd40-a1d833ebd7ef,2026-07-24T20:00:00Z,2026-07-24T22:00:00+0200,0.0,MW,DK1,DK_1,forecast_solar_generation,Solar,2026-08-09T16:53:20Z
2026-08-09T16:49:56Z,2026-08-09T18:49:56+0200,eeb12da0-7c50-4259-bd40-a1d833ebd7ef,2026-07-24T20:15:00Z,2026-07-24T22:15:00+0200,0.0,MW,DK1,DK_1,forecast_solar_generation,Solar,2026-08-09T16:53:20Z
2026-08-09T16:49:56Z,2026-08-09T18:49:56+0200,eeb12da0-7c50-4259-bd40-a1d833ebd7ef,2026-07-24T20:30:00Z,2026-07-24T22:30:00+0200,0.0,MW,DK1,DK_1,forecast_solar_generation,Solar,2026-08-09T16:53:20Z
2026-08-09T16:49:56Z,2026-08-09T18:49:56+0200,eeb12da0-7c50-4259-bd40-a1d833ebd7ef,2026-07-24T20:45:00Z,2026-07-24T22:45:00+0200,0.0,MW,DK1,DK_1,forecast_solar_generation,Solar,2026-08-09T16:53:20Z
2026-08-09T16:49:56Z,2026-08-09T18:49:56+0200,eeb12da0-7c50-4259-bd40-a1d833ebd7ef,2026-07-24T21:00:00Z,2026-07-24T23:00:00+0200,0.0,MW,DK1,DK_1,forecast_solar_generation,Solar,2026-08-09T16:53:20Z
2026-08-09T16:49:56Z,2026-08-09T18:49:56+0200,eeb12da0-7c50-4259-bd40-a1d833ebd7ef,2026-07-24T21:15:00Z,2026-07-24T23:15:00+0200,0.0,MW,DK1,DK_1,forecast_solar_generation,Solar,2026-08-09T16:53:20Z
2026-08-09T16:49:56Z,2026-08-09T18:49:56+0200,eeb12da0-7c50-4259-bd40-a1d833ebd7ef,2026-07-24T21:30:00Z,2026-07-24T23:30:00+0200,0.0,MW,DK1,DK_1,forecast_solar_generation,Solar,2026-08-09T16:53:20Z
2026-08-09T16:49:56Z,2026-08-09T18:49:56+0200,eeb12da0-7c50-4259-bd40-a1d833ebd7ef,2026-07-24T21:45:00Z,2026-07-24T23:45:00+0200,0.0,MW,DK1,DK_1,forecast_solar_generation,Solar,2026-08-09T16:53:20Z
2026-08-09T16:49:56Z,2026-08-09T18:49:56+0200,eeb12da0-7c50-4259-bd40-a1d833ebd7ef,2026-07-24T22:00:00Z,2026-07-25T00:00:00+0200,0.0,MW,DK1,DK_1,forecast_solar_generation,Solar,2026-08-09T16:53:20Z
2026-08-09T16:49:56Z,2026-08-09T18:49:56+0200,eeb12da0-7c50-4259-bd40-a1d833ebd7ef,2026-07-24T22:15:00Z,2026-07-25T00:15:00+0200,0.0,MW,DK1,DK_1,forecast_solar_generation,Solar,2026-08-09T16:53:20Z
2026-08-09T16:49:56Z,2026-08-09T18:49:56+0200,eeb12da0-7c50-4259-bd40-a1d833ebd7ef,2026-07-24T22:30:00Z,2026-07-25T00:30:00+0200,0.0,MW,DK1,DK_1,forecast_solar_generation,Solar,2026-08-09T16:53:20Z
2026-08-09T16:49:56Z,2026-08-09T18:49:56+0200,eeb12da0-7c50-4259-bd40-a1d833ebd7ef,2026-07-24T22:45:00Z,2026-07-25T00:45:00+0200,0.0,MW,DK1,DK_1,forecast_solar_generation,Solar,2026-08-09T16:53:20Z
2026-08-09T16:49:56Z,2026-08-09T18:49:56+0200,eeb12da0-7c50-4259-bd40-a1d833ebd7ef,2026-07-24T23:00:00Z,2026-07-25T01:00:00+0200,0.0,MW,DK1,DK_1,forecast_solar_generation,Solar,2026-08-09T16:53:20Z
2026-08-09T16:49:56Z,2026-08-09T18:49:56+0200,eeb12da0-7c50-4259-bd40-a1d833ebd7ef,2026-07-24T23:15:00Z,2026-07-25T01:15:00+0200,0.0,MW,DK1,DK_1,forecast_solar_generation,Solar,2026-08-09T16:53:20Z
2026-08-09T16:49:56Z,2026-08-09T18:49:56+0200,eeb12da0-7c50-4259-bd40-a1d833ebd7ef,2026-07-24T23:30:00Z,2026-07-25T01:30:00+0200,0.0,MW,DK1,DK_1,forecast_solar_generation,Solar,2026-08-09T16:53:20Z
2026-08-09T16:49:56Z,2026-08-09T18:49:56+0200,eeb12da0-7c50-4259-bd40-a1d833ebd7ef,2026-07-24T23:45:00Z,2026-07-25T01:45:00+0200,0.0,MW,DK1,DK_1,forecast_solar_generation,Solar,2026-08-09T16:53:20Z
2026-08-09T16:49:56Z,2026-08-09T18:49:56+0200,eeb12da0-7c50-4259-bd40-a1d833ebd7ef,2026-07-25T00:00:00Z,2026-07-25T02:00:00+0200,0.0,MW,DK1,DK_1,forecast_solar_generation,Solar,2026-08-09T16:53:20Z
2026-08-09T16:49:56Z,2026-08-09T18:49:56+0200,eeb12da0-7c50-4259-bd40-a1d833ebd7ef,2026-07-25T00:15:00Z,2026-07-25T02:15:00+0200,0.0,MW,DK1,DK_1,forecast_solar_generation,Solar,2026-08-09T16:53:20Z
2026-08-09T16:49:56Z,2026-08-09T18:49:56+0200,eeb12da0-7c50-4259-bd40-a1d833ebd7ef,2026-07-25T00:30:00Z,2026-07-25T02:30:00+0200,0.0,MW,DK1,DK_1,forecast_solar_generation,Solar,2026-08-09T16:53:20Z
2026-08-09T16:49:56Z,2026-08-09T18:49:56+0200,eeb12da0-7c50-4259-bd40-a1d833ebd7ef,2026-07-25T00:45:00Z,2026-07-25T02:45:00+0200,0.0,MW,DK1,DK_1,forecast_solar_generation,Solar,2026-08-09T16:53:20Z
2026-08-09T16:49:56Z,2026-08-09T18:49:56+0200,eeb12da0-7c50-4259-bd40-a1d833ebd7ef,2026-07-25T01:00:00Z,2026-07-25T03:00:00+0200,0.0,MW,DK1,DK_1,forecast_solar_generation,Solar,2026-08-09T16:53:20Z
2026-08-09T16:49:56Z,2026-08-09T18:49:56+0200,eeb12da0-7c50-4259-bd40-a1d833ebd7ef,2026-07-25T01:15:00Z,2026-07-25T03:15:00+0200,0.0,MW,DK1,DK_1,forecast_solar_generation,Solar,2026-08-09T16:53:20Z
2026-08-09T16:49:56Z,2026-08-09T18:49:56+0200,eeb12da0-7c50-4259-bd40-a1d833ebd7ef,2026-07-25T01:30:00Z,2026-07-25T03:30:00+0200,0.0,MW,DK1,DK_1,forecast_solar_generation,Solar,2026-08-09T16:53:20Z
2026-08-09T16:49:56Z,2026-08-09T18:49:56+0200,eeb12da0-7c50-4259-bd40-a1d833ebd7ef,2026-07-25T01:45:00Z,2026-07-25T03:45:00+0200,0.0,MW,DK1,DK_1,forecast_solar_generation,Solar,2026-08-09T16:53:20Z
2026-08-09T16:49:56Z,2026-08-09T18:49:56+0200,eeb12da0-7c50-4259-bd40-a1d833ebd7ef,2026-07-25T02:00:00Z,2026-07-25T04:00:00+0200,0.0,MW,DK1,DK_1,forecast_solar_generation,Solar,2026-08-09T16:53:20Z
2026-08-09T16:49:56Z,2026-08-09T18:49:56+0200,eeb12da0-7c50-4259-bd40-a1d833ebd7ef,2026-07-25T02:15:00Z,2026-07-25T04:15:00+0200,0.0,MW,DK1,DK_1,forecast_solar_generation,Solar,2026-08-09T16:53:20Z
2026-08-09T16:49:56Z,2026-08-09T18:49:56+0200,eeb12da0-7c50-4259-bd40-a1d833ebd7ef,2026-07-25T02:30:00Z,2026-07-25T04:30:00+0200,0.0,MW,DK1,DK_1,forecast_solar_generation,Solar,2026-08-09T16:53:20Z
2026-08-09T16:49:56Z,2026-08-09T18:49:56+0200,eeb12da0-7c50-4259-bd40-a1d833ebd7ef,2026-07-25T02:45:00Z,2026-07-25T04:45:00+0200,0.0,MW,DK1,DK_1,forecast_solar_generation,Solar,2026-08-09T16:53:20Z
2026-08-09T16:49:56Z,2026-08-09T18:49:56+0200,eeb12da0-7c50-4259-bd40-a1d833ebd7ef,2026-07-25T03:00:00Z,2026-07-25T05:00:00+0200,0.013333,MW,DK1,DK_1,forecast_solar_generation,Solar,2026-08-09T16:53:20Z
2026-08-09T16:49:56Z,2026-08-09T18:49:56+0200,eeb12da0-7c50-4259-bd40-a1d833ebd7ef,2026-07-25T03:15:00Z,2026-07-25T05:15:00+0200,0.606666,MW,DK1,DK_1,forecast_solar_generation,Solar,2026-08-09T16:53:20Z
2026-08-09T16:49:56Z,2026-08-09T18:49:56+0200,eeb12da0-7c50-4259-bd40-a1d833ebd7ef,2026-07-25T03:30:00Z,2026-07-25T05:30:00+0200,6.188333,MW,DK1,DK_1,forecast_solar_generation,Solar,2026-08-09T16:53:20Z
2026-08-09T16:49:56Z,2026-08-09T18:49:56+0200,eeb12da0-7c50-4259-bd40-a1d833ebd7ef,2026-07-25T03:45:00Z,2026-07-25T05:45:00+0200,25.11,MW,DK1,DK_1,forecast_solar_generation,Solar,2026-08-09T16:53:20Z
2026-08-09T16:49:56Z,2026-08-09T18:49:56+0200,eeb12da0-7c50-4259-bd40-a1d833ebd7ef,2026-07-25T04:00:00Z,2026-07-25T06:00:00+0200,57.026666,MW,DK1,DK_1,forecast_solar_generation,Solar,2026-08-09T16:53:20Z
2026-08-09T16:49:56Z,2026-08-09T18:49:56+0200,eeb12da0-7c50-4259-bd40-a1d833ebd7ef,2026-07-25T04:15:00Z,2026-07-25T06:15:00+0200,97.656666,MW,DK1,DK_1,forecast_solar_generation,Solar,2026-08-09T16:53:20Z
2026-08-09T16:49:56Z,2026-08-09T18:49:56+0200,eeb12da0-7c50-4259-bd40-a1d833ebd7ef,2026-07-25T04:30:00Z,2026-07-25T06:30:00+0200,148.813333,MW,DK1,DK_1,forecast_solar_generation,Solar,2026-08-09T16:53:20Z
2026-08-09T16:49:56Z,2026-08-09T18:49:56+0200,eeb12da0-7c50-4259-bd40-a1d833ebd7ef,2026-07-25T04:45:00Z,2026-07-25T06:45:00+0200,209.908333,MW,DK1,DK_1,forecast_solar_generation,Solar,2026-08-09T16:53:20Z
2026-08-09T16:49:56Z,2026-08-09T18:49:56+0200,eeb12da0-7c50-4259-bd40-a1d833ebd7ef,2026-07-25T05:00:00Z,2026-07-25T07:00:00+0200,280.273333,MW,DK1,DK_1,forecast_solar_generation,Solar,2026-08-09T16:53:20Z
2026-08-09T16:49:56Z,2026-08-09T18:49:56+0200,eeb12da0-7c50-4259-bd40-a1d833ebd7ef,2026-07-25T05:15:00Z,2026-07-25T07:15:00+0200,357.085,MW,DK1,DK_1,forecast_solar_generation,Solar,2026-08-09T16:53:20Z
2026-08-09T16:49:56Z,2026-08-09T18:49:56+0200,eeb12da0-7c50-4259-bd40-a1d833ebd7ef,2026-07-25T05:30:00Z,2026-07-25T07:30:00+0200,439.305,MW,DK1,DK_1,forecast_solar_generation,Solar,2026-08-09T16:53:20Z
2026-08-09T16:49:56Z,2026-08-09T18:49:56+0200,eeb12da0-7c50-4259-bd40-a1d833ebd7ef,2026-07-25T05:45:00Z,2026-07-25T07:45:00+0200,528.913333,MW,DK1,DK_1,forecast_solar_generation,Solar,2026-08-09T16:53:20Z
2026-08-09T16:49:56Z,2026-08-09T18:49:56+0200,eeb12da0-7c50-4259-bd40-a1d833ebd7ef,2026-07-25T06:00:00Z,2026-07-25T08:00:00+0200,625.061666,MW,DK1,DK_1,forecast_solar_generation,Solar,2026-08-09T16:53:20Z
2026-08-09T16:49:56Z,2026-08-09T18:49:56+0200,eeb12da0-7c50-4259-bd40-a1d833ebd7ef,2026-07-25T06:15:00Z,2026-07-25T08:15:00+0200,724.64,MW,DK1,DK_1,forecast_solar_generation,Solar,2026-08-09T16:53:20Z
2026-08-09T16:49:56Z,2026-08-09T18:49:56+0200,eeb12da0-7c50-4259-bd40-a1d833ebd7ef,2026-07-25T06:30:00Z,2026-07-25T08:30:00+0200,825.975,MW,DK1,DK_1,forecast_solar_generation,Solar,2026-08-09T16:53:20Z
2026-08-09T16:49:56Z,2026-08-09T18:49:56+0200,eeb12da0-7c50-4259-bd40-a1d833ebd7ef,2026-07-25T06:45:00Z,2026-07-25T08:45:00+0200,934.823333,MW,DK1,DK_1,forecast_solar_generation,Solar,2026-08-09T16:53:20Z
2026-08-09T16:49:56Z,2026-08-09T18:49:56+0200,eeb12da0-7c50-4259-bd40-a1d833ebd7ef,2026-07-25T07:00:00Z,2026-07-25T09:00:00+0200,1035.95,MW,DK1,DK_1,forecast_solar_generation,Solar,2026-08-09T16:53:20Z
2026-08-09T16:49:56Z,2026-08-09T18:49:56+0200,eeb12da0-7c50-4259-bd40-a1d833ebd7ef,2026-07-25T07:15:00Z,2026-07-25T09:15:00+0200,1053.865,MW,DK1,DK_1,forecast_solar_generation,Solar,2026-08-09T16:53:20Z
2026-08-09T16:49:56Z,2026-08-09T18:49:56+0200,eeb12da0-7c50-4259-bd40-a1d833ebd7ef,2026-07-25T07:30:00Z,2026-07-25T09:30:00+0200,974.731666,MW,DK1,DK_1,forecast_solar_generation,Solar,2026-08-09T16:53:20Z
2026-08-09T16:49:56Z,2026-08-09T18:49:56+0200,eeb12da0-7c50-4259-bd40-a1d833ebd7ef,2026-07-25T07:45:00Z,2026-07-25T09:45:00+0200,972.313333,MW,DK1,DK_1,forecast_solar_generation,Solar,2026-08-09T16:53:20Z
2026-08-09T16:49:56Z,2026-08-09T18:49:56+0200,eeb12da0-7c50-4259-bd40-a1d833ebd7ef,2026-07-25T08:00:00Z,2026-07-25T10:00:00+0200,952.166666,MW,DK1,DK_1,forecast_solar_generation,Solar,2026-08-09T16:53:20Z
2026-08-09T16:49:56Z,2026-08-09T18:49:56+0200,eeb12da0-7c50-4259-bd40-a1d833ebd7ef,2026-07-25T08:15:00Z,2026-07-25T10:15:00+0200,753.391666,MW,DK1,DK_1,forecast_solar_generation,Solar,2026-08-09T16:53:20Z
2026-08-09T16:49:56Z,2026-08-09T18:49:56+0200,eeb12da0-7c50-4259-bd40-a1d833ebd7ef,2026-07-25T08:30:00Z,2026-07-25T10:30:00+0200,755.135,MW,DK1,DK_1,forecast_solar_generation,Solar,2026-08-09T16:53:20Z
2026-08-09T16:49:56Z,2026-08-09T18:49:56+0200,eeb12da0-7c50-4259-bd40-a1d833ebd7ef,2026-07-25T08:45:00Z,2026-07-25T10:45:00+0200,707.126666,MW,DK1,DK_1,forecast_solar_generation,Solar,2026-08-09T16:53:20Z
2026-08-09T16:49:56Z,2026-08-09T18:49:56+0200,eeb12da0-7c50-4259-bd40-a1d833ebd7ef,2026-07-25T09:00:00Z,2026-07-25T11:00:00+0200,691.478333,MW,DK1,DK_1,forecast_solar_generation,Solar,2026-08-09T16:53:20Z
2026-08-09T16:49:56Z,2026-08-09T18:49:56+0200,eeb12da0-7c50-4259-bd40-a1d833ebd7ef,2026-07-25T09:15:00Z,2026-07-25T11:15:00+0200,676.415,MW,DK1,DK_1,forecast_solar_generation,Solar,2026-08-09T16:53:20Z
2026-08-09T16:49:56Z,2026-08-09T18:49:56+0200,eeb12da0-7c50-4259-bd40-a1d833ebd7ef,2026-07-25T09:30:00Z,2026-07-25T11:30:00+0200,663.325,MW,DK1,DK_1,forecast_solar_generation,Solar,2026-08-09T16:53:20Z
2026-08-09T16:49:56Z,2026-08-09T18:49:56+0200,eeb12da0-7c50-4259-bd40-a1d833ebd7ef,2026-07-25T09:45:00Z,2026-07-25T11:45:00+0200,627.16,MW,DK1,DK_1,forecast_solar_generation,Solar,2026-08-09T16:53:20Z
2026-08-09T16:49:56Z,2026-08-09T18:49:56+0200,eeb12da0-7c50-4259-bd40-a1d833ebd7ef,2026-07-25T10:00:00Z,2026-07-25T12:00:00+0200,624.673333,MW,DK1,DK_1,forecast_solar_generation,Solar,2026-08-09T16:53:20Z
2026-08-09T16:49:56Z,2026-08-09T18:49:56+0200,eeb12da0-7c50-4259-bd40-a1d833ebd7ef,2026-07-25T10:15:00Z,2026-07-25T12:15:00+0200,625.29,MW,DK1,DK_1,forecast_solar_generation,Solar,2026-08-09T16:53:20Z
2026-08-09T16:49:56Z,2026-08-09T18:49:56+0200,eeb12da0-7c50-4259-bd40-a1d833ebd7ef,2026-07-25T10:30:00Z,2026-07-25T12:30:00+0200,627.338333,MW,DK1,DK_1,forecast_solar_generation,Solar,2026-08-09T16:53:20Z
2026-08-09T16:49:56Z,2026-08-09T18:49:56+0200,eeb12da0-7c50-4259-bd40-a1d833ebd7ef,2026-07-25T10:45:00Z,2026-07-25T12:45:00+0200,629.813333,MW,DK1,DK_1,forecast_solar_generation,Solar,2026-08-09T16:53:20Z
2026-08-09T16:49:56Z,2026-08-09T18:49:56+0200,eeb12da0-7c50-4259-bd40-a1d833ebd7ef,2026-07-25T11:00:00Z,2026-07-25T13:00:00+0200,631.57,MW,DK1,DK_1,forecast_solar_generation,Solar,2026-08-09T16:53:20Z
2026-08-09T16:49:56Z,2026-08-09T18:49:56+0200,eeb12da0-7c50-4259-bd40-a1d833ebd7ef,2026-07-25T11:15:00Z,2026-07-25T13:15:00+0200,631.375,MW,DK1,DK_1,forecast_solar_generation,Solar,2026-08-09T16:53:20Z
2026-08-09T16:49:56Z,2026-08-09T18:49:56+0200,eeb12da0-7c50-4259-bd40-a1d833ebd7ef,2026-07-25T11:30:00Z,2026-07-25T13:30:00+0200,628.436666,MW,DK1,DK_1,forecast_solar_generation,Solar,2026-08-09T16:53:20Z
2026-08-09T16:49:56Z,2026-08-09T18:49:56+0200,eeb12da0-7c50-4259-bd40-a1d833ebd7ef,2026-07-25T11:45:00Z,2026-07-25T13:45:00+0200,621.395,MW,DK1,DK_1,forecast_solar_generation,Solar,2026-08-09T16:53:20Z
2026-08-09T16:49:56Z,2026-08-09T18:49:56+0200,eeb12da0-7c50-4259-bd40-a1d833ebd7ef,2026-07-25T12:00:00Z,2026-07-25T14:00:00+0200,604.928333,MW,DK1,DK_1,forecast_solar_generation,Solar,2026-08-09T16:53:20Z
2026-08-09T16:49:56Z,2026-08-09T18:49:56+0200,eeb12da0-7c50-4259-bd40-a1d833ebd7ef,2026-07-25T12:15:00Z,2026-07-25T14:15:00+0200,598.918333,MW,DK1,DK_1,forecast_solar_generation,Solar,2026-08-09T16:53:20Z
2026-08-09T16:49:56Z,2026-08-09T18:49:56+0200,eeb12da0-7c50-4259-bd40-a1d833ebd7ef,2026-07-25T12:30:00Z,2026-07-25T14:30:00+0200,599.594999,MW,DK1,DK_1,forecast_solar_generation,Solar,2026-08-09T16:53:20Z
2026-08-09T16:49:56Z,2026-08-09T18:49:56+0200,eeb12da0-7c50-4259-bd40-a1d833ebd7ef,2026-07-25T12:45:00Z,2026-07-25T14:45:00+0200,589.42,MW,DK1,DK_1,forecast_solar_generation,Solar,2026-08-09T16:53:20Z
2026-08-09T16:49:56Z,2026-08-09T18:49:56+0200,eeb12da0-7c50-4259-bd40-a1d833ebd7ef,2026-07-25T13:00:00Z,2026-07-25T15:00:00+0200,584.016666,MW,DK1,DK_1,forecast_solar_generation,Solar,2026-08-09T16:53:20Z
2026-08-09T16:49:56Z,2026-08-09T18:49:56+0200,eeb12da0-7c50-4259-bd40-a1d833ebd7ef,2026-07-25T13:15:00Z,2026-07-25T15:15:00+0200,598.183333,MW,DK1,DK_1,forecast_solar_generation,Solar,2026-08-09T16:53:20Z
2026-08-09T16:49:56Z,2026-08-09T18:49:56+0200,eeb12da0-7c50-4259-bd40-a1d833ebd7ef,2026-07-25T13:30:00Z,2026-07-25T15:30:00+0200,581.123333,MW,DK1,DK_1,forecast_solar_generation,Solar,2026-08-09T16:53:20Z
2026-08-09T16:49:56Z,2026-08-09T18:49:56+0200,eeb12da0-7c50-4259-bd40-a1d833ebd7ef,2026-07-25T13:45:00Z,2026-07-25T15:45:00+0200,559.665,MW,DK1,DK_1,forecast_solar_generation,Solar,2026-08-09T16:53:20Z
2026-08-09T16:49:56Z,2026-08-09T18:49:56+0200,eeb12da0-7c50-4259-bd40-a1d833ebd7ef,2026-07-25T14:00:00Z,2026-07-25T16:00:00+0200,543.89,MW,DK1,DK_1,forecast_solar_generation,Solar,2026-08-09T16:53:20Z
2026-08-09T16:49:56Z,2026-08-09T18:49:56+0200,eeb12da0-7c50-4259-bd40-a1d833ebd7ef,2026-07-25T14:15:00Z,2026-07-25T16:15:00+0200,560.13,MW,DK1,DK_1,forecast_solar_generation,Solar,2026-08-09T16:53:20Z
2026-08-09T16:49:56Z,2026-08-09T18:49:56+0200,eeb12da0-7c50-4259-bd40-a1d833ebd7ef,2026-07-25T14:30:00Z,2026-07-25T16:30:00+0200,543.77,MW,DK1,DK_1,forecast_solar_generation,Solar,2026-08-09T16:53:20Z
2026-08-09T16:49:56Z,2026-08-09T18:49:56+0200,eeb12da0-7c50-4259-bd40-a1d833ebd7ef,2026-07-25T14:45:00Z,2026-07-25T16:45:00+0200,532.526666,MW,DK1,DK_1,forecast_solar_generation,Solar,2026-08-09T16:53:20Z
2026-08-09T16:49:56Z,2026-08-09T18:49:56+0200,eeb12da0-7c50-4259-bd40-a1d833ebd7ef,2026-07-25T15:00:00Z,2026-07-25T17:00:00+0200,560.193333,MW,DK1,DK_1,forecast_solar_generation,Solar,2026-08-09T16:53:20Z
2026-08-09T16:49:56Z,2026-08-09T18:49:56+0200,eeb12da0-7c50-4259-bd40-a1d833ebd7ef,2026-07-25T15:15:00Z,2026-07-25T17:15:00+0200,730.551666,MW,DK1,DK_1,forecast_solar_generation,Solar,2026-08-09T16:53:20Z
2026-08-09T16:49:56Z,2026-08-09T18:49:56+0200,eeb12da0-7c50-4259-bd40-a1d833ebd7ef,2026-07-25T15:30:00Z,2026-07-25T17:30:00+0200,798.766666,MW,DK1,DK_1,forecast_solar_generation,Solar,2026-08-09T16:53:20Z
2026-08-09T16:49:56Z,2026-08-09T18:49:56+0200,eeb12da0-7c50-4259-bd40-a1d833ebd7ef,2026-07-25T15:45:00Z,2026-07-25T17:45:00+0200,833.953333,MW,DK1,DK_1,forecast_solar_generation,Solar,2026-08-09T16:53:20Z
2026-08-09T16:49:56Z,2026-08-09T18:49:56+0200,eeb12da0-7c50-4259-bd40-a1d833ebd7ef,2026-07-25T16:00:00Z,2026-07-25T18:00:00+0200,794.341666,MW,DK1,DK_1,forecast_solar_generation,Solar,2026-08-09T16:53:20Z
2026-08-09T16:49:56Z,2026-08-09T18:49:56+0200,eeb12da0-7c50-4259-bd40-a1d833ebd7ef,2026-07-25T16:15:00Z,2026-07-25T18:15:00+0200,730.315,MW,DK1,DK_1,forecast_solar_generation,Solar,2026-08-09T16:53:20Z
2026-08-09T16:49:56Z,2026-08-09T18:49:56+0200,eeb12da0-7c50-4259-bd40-a1d833ebd7ef,2026-07-25T16:30:00Z,2026-07-25T18:30:00+0200,645.813333,MW,DK1,DK_1,forecast_solar_generation,Solar,2026-08-09T16:53:20Z
2026-08-09T16:49:56Z,2026-08-09T18:49:56+0200,eeb12da0-7c50-4259-bd40-a1d833ebd7ef,2026-07-25T16:45:00Z,2026-07-25T18:45:00+0200,549.071666,MW,DK1,DK_1,forecast_solar_generation,Solar,2026-08-09T16:53:20Z
2026-08-09T16:49:56Z,2026-08-09T18:49:56+0200,eeb12da0-7c50-4259-bd40-a1d833ebd7ef,2026-07-25T17:00:00Z,2026-07-25T19:00:00+0200,451.961666,MW,DK1,DK_1,forecast_solar_generation,Solar,2026-08-09T16:53:20Z
2026-08-09T16:49:56Z,2026-08-09T18:49:56+0200,eeb12da0-7c50-4259-bd40-a1d833ebd7ef,2026-07-25T17:15:00Z,2026-07-25T19:15:00+0200,362.896666,MW,DK1,DK_1,forecast_solar_generation,Solar,2026-08-09T16:53:20Z
2026-08-09T16:49:56Z,2026-08-09T18:49:56+0200,eeb12da0-7c50-4259-bd40-a1d833ebd7ef,2026-07-25T17:30:00Z,2026-07-25T19:30:00+0200,284.87,MW,DK1,DK_1,forecast_solar_generation,Solar,2026-08-09T16:53:20Z
2026-08-09T16:49:56Z,2026-08-09T18:49:56+0200,eeb12da0-7c50-4259-bd40-a1d833ebd7ef,2026-07-25T17:45:00Z,2026-07-25T19:45:00+0200,214.195,MW,DK1,DK_1,forecast_solar_generation,Solar,2026-08-09T16:53:20Z
2026-08-09T16:49:56Z,2026-08-09T18:49:56+0200,eeb12da0-7c50-4259-bd40-a1d833ebd7ef,2026-07-25T18:00:00Z,2026-07-25T20:00:00+0200,152.086666,MW,DK1,DK_1,forecast_solar_generation,Solar,2026-08-09T16:53:20Z
2026-08-09T16:49:56Z,2026-08-09T18:49:56+0200,eeb12da0-7c50-4259-bd40-a1d833ebd7ef,2026-07-25T18:15:00Z,2026-07-25T20:15:00+0200,101.273333,MW,DK1,DK_1,forecast_solar_generation,Solar,2026-08-09T16:53:20Z
2026-08-09T16:49:56Z,2026-08-09T18:49:56+0200,eeb12da0-7c50-4259-bd40-a1d833ebd7ef,2026-07-25T18:30:00Z,2026-07-25T20:30:00+0200,61.296666,MW,DK1,DK_1,forecast_solar_generation,Solar,2026-08-09T16:53:20Z
2026-08-09T16:49:56Z,2026-08-09T18:49:56+0200,eeb12da0-7c50-4259-bd40-a1d833ebd7ef,2026-07-25T18:45:00Z,2026-07-25T20:45:00+0200,31.23,MW,DK1,DK_1,forecast_solar_generation,Solar,2026-08-09T16:53:20Z
2026-08-09T16:49:56Z,2026-08-09T18:49:56+0200,eeb12da0-7c50-4259-bd40-a1d833ebd7ef,2026-07-25T19:00:00Z,2026-07-25T21:00:00+0200,11.07,MW,DK1,DK_1,forecast_solar_generation,Solar,2026-08-09T16:53:20Z
2026-08-09T16:49:56Z,2026-08-09T18:49:56+0200,eeb12da0-7c50-4259-bd40-a1d833ebd7ef,2026-07-25T19:15:00Z,2026-07-25T21:15:00+0200,2.198333,MW,DK1,DK_1,forecast_solar_generation,Solar,2026-08-09T16:53:20Z
2026-08-09T16:49:56Z,2026-08-09T18:49:56+0200,eeb12da0-7c50-4259-bd40-a1d833ebd7ef,2026-07-25T19:30:00Z,2026-07-25T21:30:00+0200,0.166666,MW,DK1,DK_1,forecast_solar_generation,Solar,2026-08-09T16:53:20Z
2026-08-09T16:49:56Z,2026-08-09T18:49:56+0200,eeb12da0-7c50-4259-bd40-a1d833ebd7ef,2026-07-25T19:45:00Z,2026-07-25T21:45:00+0200,0.001666,MW,DK1,DK_1,forecast_solar_generation,Solar,2026-08-09T16:53:20Z
2026-08-09T16:49:56Z,2026-08-09T18:49:56+0200,eeb12da0-7c50-4259-bd40-a1d833ebd7ef,2026-07-25T20:00:00Z,2026-07-25T22:00:00+0200,0.0,MW,DK1,DK_1,forecast_solar_generation,Solar,2026-08-09T16:53:20Z
2026-08-09T16:49:56Z,2026-08-09T18:49:56+0200,eeb12da0-7c50-4259-bd40-a1d833ebd7ef,2026-07-25T20:15:00Z,2026-07-25T22:15:00+0200,0.0,MW,DK1,DK_1,forecast_solar_generation,Solar,2026-08-09T16:53:20Z
2026-08-09T16:49:56Z,2026-08-09T18:49:56+0200,eeb12da0-7c50-4259-bd40-a1d833ebd7ef,2026-07-25T20:30:00Z,2026-07-25T22:30:00+0200,0.0,MW,DK1,DK_1,forecast_solar_generation,Solar,2026-08-09T16:53:20Z
2026-08-09T16:49:56Z,2026-08-09T18:49:56+0200,eeb12da0-7c50-4259-bd40-a1d833ebd7ef,2026-07-25T20:45:00Z,2026-07-25T22:45:00+0200,0.0,MW,DK1,DK_1,forecast_solar_generation,Solar,2026-08-09T16:53:20Z
2026-08-09T16:49:56Z,2026-08-09T18:49:56+0200,eeb12da0-7c50-4259-bd40-a1d833ebd7ef,2026-07-25T21:00:00Z,2026-07-25T23:00:00+0200,0.0,MW,DK1,DK_1,forecast_solar_generation,Solar,2026-08-09T16:53:20Z
2026-08-09T16:49:56Z,2026-08-09T18:49:56+0200,eeb12da0-7c50-4259-bd40-a1d833ebd7ef,2026-07-25T21:15:00Z,2026-07-25T23:15:00+0200,0.0,MW,DK1,DK_1,forecast_solar_generation,Solar,2026-08-09T16:53:20Z
2026-08-09T16:49:56Z,2026-08-09T18:49:56+0200,eeb12da0-7c50-4259-bd40-a1d833ebd7ef,2026-07-25T21:30:00Z,2026-07-25T23:30:00+0200,0.0,MW,DK1,DK_1,forecast_solar_generation,Solar,2026-08-09T16:53:20Z
2026-08-09T16:49:56Z,2026-08-09T18:49:56+0200,eeb12da0-7c50-4259-bd40-a1d833ebd7ef,2026-07-25T21:45:00Z,2026-07-25T23:45:00+0200,0.0,MW,DK1,DK_1,forecast_solar_generation,Solar,2026-08-09T16:53:20Z
2026-08-09T16:49:56Z,2026-08-09T18:49:56+0200,eeb12da0-7c50-4259-bd40-a1d833ebd7ef,2026-07-25T22:00:00Z,2026-07-26T00:00:00+0200,0.0,MW,DK1,DK_1,forecast_solar_generation,Solar,2026-08-09T16:53:20Z
2026-08-09T16:49:56Z,2026-08-09T18:49:56+0200,eeb12da0-7c50-4259-bd40-a1d833ebd7ef,2026-07-25T22:15:00Z,2026-07-26T00:15:00+0200,0.0,MW,DK1,DK_1,forecast_solar_generation,Solar,2026-08-09T16:53:20Z
2026-08-09T16:49:56Z,2026-08-09T18:49:56+0200,eeb12da0-7c50-4259-bd40-a1d833ebd7ef,2026-07-25T22:30:00Z,2026-07-26T00:30:00+0200,0.0,MW,DK1,DK_1,forecast_solar_generation,Solar,2026-08-09T16:53:20Z
2026-08-09T16:49:56Z,2026-08-09T18:49:56+0200,eeb12da0-7c50-4259-bd40-a1d833ebd7ef,2026-07-25T22:45:00Z,2026-07-26T00:45:00+0200,0.0,MW,DK1,DK_1,forecast_solar_generation,Solar,2026-08-09T16:53:20Z
2026-08-09T16:49:56Z,2026-08-09T18:49:56+0200,eeb12da0-7c50-4259-bd40-a1d833ebd7ef,2026-07-25T23:00:00Z,2026-07-26T01:00:00+0200,0.0,MW,DK1,DK_1,forecast_solar_generation,Solar,2026-08-09T16:53:20Z
2026-08-09T16:49:56Z,2026-08-09T18:49:56+0200,eeb12da0-7c50-4259-bd40-a1d833ebd7ef,2026-07-25T23:15:00Z,2026-07-26T01:15:00+0200,0.0,MW,DK1,DK_1,forecast_solar_generation,Solar,2026-08-09T16:53:20Z
2026-08-09T16:49:56Z,2026-08-09T18:49:56+0200,eeb12da0-7c50-4259-bd40-a1d833ebd7ef,2026-07-25T23:30:00Z,2026-07-26T01:30:00+0200,0.0,MW,DK1,DK_1,forecast_solar_generation,Solar,2026-08-09T16:53:20Z
2026-08-09T16:49:56Z,2026-08-09T18:49:56+0200,eeb12da0-7c50-4259-bd40-a1d833ebd7ef,2026-07-25T23:45:00Z,2026-07-26T01:45:00+0200,0.0,MW,DK1,DK_1,forecast_solar_generation,Solar,2026-08-09T16:53:20Z
2026-08-09T16:49:56Z,2026-08-09T18:49:56+0200,eeb12da0-7c50-4259-bd40-a1d833ebd7ef,2026-07-26T00:00:00Z,2026-07-26T02:00:00+0200,0.0,MW,DK1,DK_1,forecast_solar_generation,Solar,2026-08-09T16:53:20Z
2026-08-09T16:49:56Z,2026-08-09T18:49:56+0200,eeb12da0-7c50-4259-bd40-a1d833ebd7ef,2026-07-26T00:15:00Z,2026-07-26T02:15:00+0200,0.0,MW,DK1,DK_1,forecast_solar_generation,Solar,2026-08-09T16:53:20Z
2026-08-09T16:49:56Z,2026-08-09T18:49:56+0200,eeb12da0-7c50-4259-bd40-a1d833ebd7ef,2026-07-26T00:30:00Z,2026-07-26T02:30:00+0200,0.0,MW,DK1,DK_1,forecast_solar_generation,Solar,2026-08-09T16:53:20Z
2026-08-09T16:49:56Z,2026-08-09T18:49:56+0200,eeb12da0-7c50-4259-bd40-a1d833ebd7ef,2026-07-26T00:45:00Z,2026-07-26T02:45:00+0200,0.0,MW,DK1,DK_1,forecast_solar_generation,Solar,2026-08-09T16:53:20Z
2026-08-09T16:49:56Z,2026-08-09T18:49:56+0200,eeb12da0-7c50-4259-bd40-a1d833ebd7ef,2026-07-26T01:00:00Z,2026-07-26T03:00:00+0200,0.0,MW,DK1,DK_1,forecast_solar_generation,Solar,2026-08-09T16:53:20Z
2026-08-09T16:49:56Z,2026-08-09T18:49:56+0200,eeb12da0-7c50-4259-bd40-a1d833ebd7ef,2026-07-26T01:15:00Z,2026-07-26T03:15:00+0200,0.0,MW,DK1,DK_1,forecast_solar_generation,Solar,2026-08-09T16:53:20Z
2026-08-09T16:49:56Z,2026-08-09T18:49:56+0200,eeb12da0-7c50-4259-bd40-a1d833ebd7ef,2026-07-26T01:30:00Z,2026-07-26T03:30:00+0200,0.0,MW,DK1,DK_1,forecast_solar_generation,Solar,2026-08-09T16:53:20Z
2026-08-09T16:49:56Z,2026-08-09T18:49:56+0200,eeb12da0-7c50-4259-bd40-a1d833ebd7ef,2026-07-26T01:45:00Z,2026-07-26T03:45:00+0200,0.0,MW,DK1,DK_1,forecast_solar_generation,Solar,2026-08-09T16:53:20Z
2026-08-09T16:49:56Z,2026-08-09T18:49:56+0200,eeb12da0-7c50-4259-bd40-a1d833ebd7ef,2026-07-26T02:00:00Z,2026-07-26T04:00:00+0200,0.0,MW,DK1,DK_1,forecast_solar_generation,Solar,2026-08-09T16:53:20Z
2026-08-09T16:49:56Z,2026-08-09T18:49:56+0200,eeb12da0-7c50-4259-bd40-a1d833ebd7ef,2026-07-26T02:15:00Z,2026-07-26T04:15:00+0200,0.0,MW,DK1,DK_1,forecast_solar_generation,Solar,2026-08-09T16:53:20Z
2026-08-09T16:49:56Z,2026-08-09T18:49:56+0200,eeb12da0-7c50-4259-bd40-a1d833ebd7ef,2026-07-26T02:30:00Z,2026-07-26T04:30:00+0200,0.0,MW,DK1,DK_1,forecast_solar_generation,Solar,2026-08-09T16:53:20Z
2026-08-09T16:49:56Z,2026-08-09T18:49:56+0200,eeb12da0-7c50-4259-bd40-a1d833ebd7ef,2026-07-26T02:45:00Z,2026-07-26T04:45:00+0200,0.0,MW,DK1,DK_1,forecast_solar_generation,Solar,2026-08-09T16:53:20Z
2026-08-09T16:49:56Z,2026-08-09T18:49:56+0200,eeb12da0-7c50-4259-bd40-a1d833ebd7ef,2026-07-26T03:00:00Z,2026-07-26T05:00:00+0200,0.011666,MW,DK1,DK_1,forecast_solar_generation,Solar,2026-08-09T16:53:20Z
2026-08-09T16:49:56Z,2026-08-09T18:49:56+0200,eeb12da0-7c50-4259-bd40-a1d833ebd7ef,2026-07-26T03:15:00Z,2026-07-26T05:15:00+0200,0.565,MW,DK1,DK_1,forecast_solar_generation,Solar,2026-08-09T16:53:20Z
2026-08-09T16:49:56Z,2026-08-09T18:49:56+0200,eeb12da0-7c50-4259-bd40-a1d833ebd7ef,2026-07-26T03:30:00Z,2026-07-26T05:30:00+0200,6.788333,MW,DK1,DK_1,forecast_solar_generation,Solar,2026-08-09T16:53:20Z
2026-08-09T16:49:56Z,2026-08-09T18:49:56+0200,eeb12da0-7c50-4259-bd40-a1d833ebd7ef,2026-07-26T03:45:00Z,2026-07-26T05:45:00+0200,29.869999,MW,DK1,DK_1,forecast_solar_generation,Solar,2026-08-09T16:53:20Z
2026-08-09T16:49:56Z,2026-08-09T18:49:56+0200,eeb12da0-7c50-4259-bd40-a1d833ebd7ef,2026-07-26T04:00:00Z,2026-07-26T06:00:00+0200,70.94,MW,DK1,DK_1,forecast_solar_generation,Solar,2026-08-09T16:53:20Z
2026-08-09T16:49:56Z,2026-08-09T18:49:56+0200,eeb12da0-7c50-4259-bd40-a1d833ebd7ef,2026-07-26T04:15:00Z,2026-07-26T06:15:00+0200,125.153333,MW,DK1,DK_1,forecast_solar_generation,Solar,2026-08-09T16:53:20Z
2026-08-09T16:49:56Z,2026-08-09T18:49:56+0200,eeb12da0-7c50-4259-bd40-a1d833ebd7ef,2026-07-26T04:30:00Z,2026-07-26T06:30:00+0200,191.345,MW,DK1,DK_1,forecast_solar_generation,Solar,2026-08-09T16:53:20Z
2026-08-09T16:49:56Z,2026-08-09T18:49:56+0200,eeb12da0-7c50-4259-bd40-a1d833ebd7ef,2026-07-26T04:45:00Z,2026-07-26T06:45:00+0200,268.798333,MW,DK1,DK_1,forecast_solar_generation,Solar,2026-08-09T16:53:20Z
2026-08-09T16:49:56Z,2026-08-09T18:49:56+0200,eeb12da0-7c50-4259-bd40-a1d833ebd7ef,2026-07-26T05:00:00Z,2026-07-26T07:00:00+0200,357.338333,MW,DK1,DK_1,forecast_solar_generation,Solar,2026-08-09T16:53:20Z
2026-08-09T16:49:56Z,2026-08-09T18:49:56+0200,eeb12da0-7c50-4259-bd40-a1d833ebd7ef,2026-07-26T05:15:00Z,2026-07-26T07:15:00+0200,452.984999,MW,DK1,DK_1,forecast_solar_generation,Solar,2026-08-09T16:53:20Z
2026-08-09T16:49:56Z,2026-08-09T18:49:56+0200,eeb12da0-7c50-4259-bd40-a1d833ebd7ef,2026-07-26T05:30:00Z,2026-07-26T07:30:00+0200,552.261666,MW,DK1,DK_1,forecast_solar_generation,Solar,2026-08-09T16:53:20Z
2026-08-09T16:49:56Z,2026-08-09T18:49:56+0200,eeb12da0-7c50-4259-bd40-a1d833ebd7ef,2026-07-26T05:45:00Z,2026-07-26T07:45:00+0200,650.643333,MW,DK1,DK_1,forecast_solar_generation,Solar,2026-08-09T16:53:20Z
2026-08-09T16:49:56Z,2026-08-09T18:49:56+0200,eeb12da0-7c50-4259-bd40-a1d833ebd7ef,2026-07-26T06:00:00Z,2026-07-26T08:00:00+0200,746.998333,MW,DK1,DK_1,forecast_solar_generation,Solar,2026-08-09T16:53:20Z
2026-08-09T16:49:56Z,2026-08-09T18:49:56+0200,eeb12da0-7c50-4259-bd40-a1d833ebd7ef,2026-07-26T06:15:00Z,2026-07-26T08:15:00+0200,843.043333,MW,DK1,DK_1,forecast_solar_generation,Solar,2026-08-09T16:53:20Z
2026-08-09T16:49:56Z,2026-08-09T18:49:56+0200,eeb12da0-7c50-4259-bd40-a1d833ebd7ef,2026-07-26T06:30:00Z,2026-07-26T08:30:00+0200,941.186666,MW,DK1,DK_1,forecast_solar_generation,Solar,2026-08-09T16:53:20Z
2026-08-09T16:49:56Z,2026-08-09T18:49:56+0200,eeb12da0-7c50-4259-bd40-a1d833ebd7ef,2026-07-26T06:45:00Z,2026-07-26T08:45:00+0200,1039.741666,MW,DK1,DK_1,forecast_solar_generation,Solar,2026-08-09T16:53:20Z
2026-08-09T16:49:56Z,2026-08-09T18:49:56+0200,eeb12da0-7c50-4259-bd40-a1d833ebd7ef,2026-07-26T07:00:00Z,2026-07-26T09:00:00+0200,1138.0,MW,DK1,DK_1,forecast_solar_generation,Solar,2026-08-09T16:53:20Z
2026-08-09T16:49:56Z,2026-08-09T18:49:56+0200,eeb12da0-7c50-4259-bd40-a1d833ebd7ef,2026-07-26T07:15:00Z,2026-07-26T09:15:00+0200,1235.629999,MW,DK1,DK_1,forecast_solar_generation,Solar,2026-08-09T16:53:20Z
2026-08-09T16:49:56Z,2026-08-09T18:49:56+0200,eeb12da0-7c50-4259-bd40-a1d833ebd7ef,2026-07-26T07:30:00Z,2026-07-26T09:30:00+0200,1331.23,MW,DK1,DK_1,forecast_solar_generation,Solar,2026-08-09T16:53:20Z
2026-08-09T16:49:56Z,2026-08-09T18:49:56+0200,eeb12da0-7c50-4259-bd40-a1d833ebd7ef,2026-07-26T07:45:00Z,2026-07-26T09:45:00+0200,1421.86,MW,DK1,DK_1,forecast_solar_generation,Solar,2026-08-09T16:53:20Z
2026-08-09T16:49:56Z,2026-08-09T18:49:56+0200,eeb12da0-7c50-4259-bd40-a1d833ebd7ef,2026-07-26T08:00:00Z,2026-07-26T10:00:00+0200,1504.761666,MW,DK1,DK_1,forecast_solar_generation,Solar,2026-08-09T16:53:20Z
2026-08-09T16:49:56Z,2026-08-09T18:49:56+0200,eeb12da0-7c50-4259-bd40-a1d833ebd7ef,2026-07-26T08:15:00Z,2026-07-26T10:15:00+0200,1532.408333,MW,DK1,DK_1,forecast_solar_generation,Solar,2026-08-09T16:53:20Z
2026-08-09T16:49:56Z,2026-08-09T18:49:56+0200,eeb12da0-7c50-4259-bd40-a1d833ebd7ef,2026-07-26T08:30:00Z,2026-07-26T10:30:00+0200,1338.271666,MW,DK1,DK_1,forecast_solar_generation,Solar,2026-08-09T16:53:20Z
2026-08-09T16:49:56Z,2026-08-09T18:49:56+0200,eeb12da0-7c50-4259-bd40-a1d833ebd7ef,2026-07-26T08:45:00Z,2026-07-26T10:45:00+0200,1336.936666,MW,DK1,DK_1,forecast_solar_generation,Solar,2026-08-09T16:53:20Z
2026-08-09T16:49:56Z,2026-08-09T18:49:56+0200,eeb12da0-7c50-4259-bd40-a1d833ebd7ef,2026-07-26T09:00:00Z,2026-07-26T11:00:00+0200,1357.288333,MW,DK1,DK_1,forecast_solar_generation,Solar,2026-08-09T16:53:20Z
2026-08-09T16:49:56Z,2026-08-09T18:49:56+0200,eeb12da0-7c50-4259-bd40-a1d833ebd7ef,2026-07-26T09:15:00Z,2026-07-26T11:15:00+0200,1336.243333,MW,DK1,DK_1,forecast_solar_generation,Solar,2026-08-09T16:53:20Z
2026-08-09T16:49:56Z,2026-08-09T18:49:56+0200,eeb12da0-7c50-4259-bd40-a1d833ebd7ef,2026-07-26T09:30:00Z,2026-07-26T11:30:00+0200,1139.901666,MW,DK1,DK_1,forecast_solar_generation,Solar,2026-08-09T16:53:20Z
2026-08-09T16:49:56Z,2026-08-09T18:49:56+0200,eeb12da0-7c50-4259-bd40-a1d833ebd7ef,2026-07-26T09:45:00Z,2026-07-26T11:45:00+0200,1377.3,MW,DK1,DK_1,forecast_solar_generation,Solar,2026-08-09T16:53:20Z
2026-08-09T16:49:56Z,2026-08-09T18:49:56+0200,eeb12da0-7c50-4259-bd40-a1d833ebd7ef,2026-07-26T10:00:00Z,2026-07-26T12:00:00+0200,1109.011666,MW,DK1,DK_1,forecast_solar_generation,Solar,2026-08-09T16:53:20Z
2026-08-09T16:49:56Z,2026-08-09T18:49:56+0200,eeb12da0-7c50-4259-bd40-a1d833ebd7ef,2026-07-26T10:15:00Z,2026-07-26T12:15:00+0200,1115.14,MW,DK1,DK_1,forecast_solar_generation,Solar,2026-08-09T16:53:20Z
2026-08-09T16:49:56Z,2026-08-09T18:49:56+0200,eeb12da0-7c50-4259-bd40-a1d833ebd7ef,2026-07-26T10:30:00Z,2026-07-26T12:30:00+0200,1116.386666,MW,DK1,DK_1,forecast_solar_generation,Solar,2026-08-09T16:53:20Z
2026-08-09T16:49:56Z,2026-08-09T18:49:56+0200,eeb12da0-7c50-4259-bd40-a1d833ebd7ef,2026-07-26T10:45:00Z,2026-07-26T12:45:00+0200,1103.698333,MW,DK1,DK_1,forecast_solar_generation,Solar,2026-08-09T16:53:20Z
2026-08-09T16:49:56Z,2026-08-09T18:49:56+0200,eeb12da0-7c50-4259-bd40-a1d833ebd7ef,2026-07-26T11:00:00Z,2026-07-26T13:00:00+0200,1078.646666,MW,DK1,DK_1,forecast_solar_generation,Solar,2026-08-09T16:53:20Z
2026-08-09T16:49:56Z,2026-08-09T18:49:56+0200,eeb12da0-7c50-4259-bd40-a1d833ebd7ef,2026-07-26T11:15:00Z,2026-07-26T13:15:00+0200,1095.598333,MW,DK1,DK_1,forecast_solar_generation,Solar,2026-08-09T16:53:20Z
2026-08-09T16:49:56Z,2026-08-09T18:49:56+0200,eeb12da0-7c50-4259-bd40-a1d833ebd7ef,2026-07-26T11:30:00Z,2026-07-26T13:30:00+0200,1287.251666,MW,DK1,DK_1,forecast_solar_generation,Solar,2026-08-09T16:53:20Z
2026-08-09T16:49:56Z,2026-08-09T18:49:56+0200,eeb12da0-7c50-4259-bd40-a1d833ebd7ef,2026-07-26T11:45:00Z,2026-07-26T13:45:00+0200,1235.426666,MW,DK1,DK_1,forecast_solar_generation,Solar,2026-08-09T16:53:20Z
2026-08-09T16:49:56Z,2026-08-09T18:49:56+0200,eeb12da0-7c50-4259-bd40-a1d833ebd7ef,2026-07-26T12:00:00Z,2026-07-26T14:00:00+0200,1204.083333,MW,DK1,DK_1,forecast_solar_generation,Solar,2026-08-09T16:53:20Z
2026-08-09T16:49:56Z,2026-08-09T18:49:56+0200,eeb12da0-7c50-4259-bd40-a1d833ebd7ef,2026-07-26T12:15:00Z,2026-07-26T14:15:00+0200,1144.761666,MW,DK1,DK_1,forecast_solar_generation,Solar,2026-08-09T16:53:20Z
2026-08-09T16:49:56Z,2026-08-09T18:49:56+0200,eeb12da0-7c50-4259-bd40-a1d833ebd7ef,2026-07-26T12:30:00Z,2026-07-26T14:30:00+0200,1093.735,MW,DK1,DK_1,forecast_solar_generation,Solar,2026-08-09T16:53:20Z
2026-08-09T16:49:56Z,2026-08-09T18:49:56+0200,eeb12da0-7c50-4259-bd40-a1d833ebd7ef,2026-07-26T12:45:00Z,2026-07-26T14:45:00+0200,1043.616666,MW,DK1,DK_1,forecast_solar_generation,Solar,2026-08-09T16:53:20Z
2026-08-09T16:49:56Z,2026-08-09T18:49:56+0200,eeb12da0-7c50-4259-bd40-a1d833ebd7ef,2026-07-26T13:00:00Z,2026-07-26T15:00:00+0200,995.701666,MW,DK1,DK_1,forecast_solar_generation,Solar,2026-08-09T16:53:20Z
2026-08-09T16:49:56Z,2026-08-09T18:49:56+0200,eeb12da0-7c50-4259-bd40-a1d833ebd7ef,2026-07-26T13:15:00Z,2026-07-26T15:15:00+0200,954.191666,MW,DK1,DK_1,forecast_solar_generation,Solar,2026-08-09T16:53:20Z
2026-08-09T16:49:56Z,2026-08-09T18:49:56+0200,eeb12da0-7c50-4259-bd40-a1d833ebd7ef,2026-07-26T13:30:00Z,2026-07-26T15:30:00+0200,919.078333,MW,DK1,DK_1,forecast_solar_generation,Solar,2026-08-09T16:53:20Z
2026-08-09T16:49:56Z,2026-08-09T18:49:56+0200,eeb12da0-7c50-4259-bd40-a1d833ebd7ef,2026-07-26T13:45:00Z,2026-07-26T15:45:00+0200,883.535,MW,DK1,DK_1,forecast_solar_generation,Solar,2026-08-09T16:53:20Z
2026-08-09T16:49:56Z,2026-08-09T18:49:56+0200,eeb12da0-7c50-4259-bd40-a1d833ebd7ef,2026-07-26T14:00:00Z,2026-07-26T16:00:00+0200,851.425,MW,DK1,DK_1,forecast_solar_generation,Solar,2026-08-09T16:53:20Z
2026-08-09T16:49:56Z,2026-08-09T18:49:56+0200,eeb12da0-7c50-4259-bd40-a1d833ebd7ef,2026-07-26T14:15:00Z,2026-07-26T16:15:00+0200,830.023333,MW,DK1,DK_1,forecast_solar_generation,Solar,2026-08-09T16:53:20Z
2026-08-09T16:49:56Z,2026-08-09T18:49:56+0200,eeb12da0-7c50-4259-bd40-a1d833ebd7ef,2026-07-26T14:30:00Z,2026-07-26T16:30:00+0200,915.823333,MW,DK1,DK_1,forecast_solar_generation,Solar,2026-08-09T16:53:20Z
2026-08-09T16:49:56Z,2026-08-09T18:49:56+0200,eeb12da0-7c50-4259-bd40-a1d833ebd7ef,2026-07-26T14:45:00Z,2026-07-26T16:45:00+0200,899.84,MW,DK1,DK_1,forecast_solar_generation,Solar,2026-08-09T16:53:20Z
2026-08-09T16:49:56Z,2026-08-09T18:49:56+0200,eeb12da0-7c50-4259-bd40-a1d833ebd7ef,2026-07-26T15:00:00Z,2026-07-26T17:00:00+0200,794.018333,MW,DK1,DK_1,forecast_solar_generation,Solar,2026-08-09T16:53:20Z
2026-08-09T16:49:56Z,2026-08-09T18:49:56+0200,eeb12da0-7c50-4259-bd40-a1d833ebd7ef,2026-07-26T15:15:00Z,2026-07-26T17:15:00+0200,771.723333,MW,DK1,DK_1,forecast_solar_generation,Solar,2026-08-09T16:53:20Z
2026-08-09T16:49:56Z,2026-08-09T18:49:56+0200,eeb12da0-7c50-4259-bd40-a1d833ebd7ef,2026-07-26T15:30:00Z,2026-07-26T17:30:00+0200,701.943333,MW,DK1,DK_1,forecast_solar_generation,Solar,2026-08-09T16:53:20Z
2026-08-09T16:49:56Z,2026-08-09T18:49:56+0200,eeb12da0-7c50-4259-bd40-a1d833ebd7ef,2026-07-26T15:45:00Z,2026-07-26T17:45:00+0200,626.323333,MW,DK1,DK_1,forecast_solar_generation,Solar,2026-08-09T16:53:20Z
2026-08-09T16:49:56Z,2026-08-09T18:49:56+0200,eeb12da0-7c50-4259-bd40-a1d833ebd7ef,2026-07-26T16:00:00Z,2026-07-26T18:00:00+0200,558.056666,MW,DK1,DK_1,forecast_solar_generation,Solar,2026-08-09T16:53:20Z
2026-08-09T16:49:56Z,2026-08-09T18:49:56+0200,eeb12da0-7c50-4259-bd40-a1d833ebd7ef,2026-07-26T16:15:00Z,2026-07-26T18:15:00+0200,489.116666,MW,DK1,DK_1,forecast_solar_generation,Solar,2026-08-09T16:53:20Z
2026-08-09T16:49:56Z,2026-08-09T18:49:56+0200,eeb12da0-7c50-4259-bd40-a1d833ebd7ef,2026-07-26T16:30:00Z,2026-07-26T18:30:00+0200,428.181666,MW,DK1,DK_1,forecast_solar_generation,Solar,2026-08-09T16:53:20Z
2026-08-09T16:49:56Z,2026-08-09T18:49:56+0200,eeb12da0-7c50-4259-bd40-a1d833ebd7ef,2026-07-26T16:45:00Z,2026-07-26T18:45:00+0200,369.426666,MW,DK1,DK_1,forecast_solar_generation,Solar,2026-08-09T16:53:20Z
2026-08-09T16:49:56Z,2026-08-09T18:49:56+0200,eeb12da0-7c50-4259-bd40-a1d833ebd7ef,2026-07-26T17:00:00Z,2026-07-26T19:00:00+0200,312.588333,MW,DK1,DK_1,forecast_solar_generation,Solar,2026-08-09T16:53:20Z
2026-08-09T16:49:56Z,2026-08-09T18:49:56+0200,eeb12da0-7c50-4259-bd40-a1d833ebd7ef,2026-07-26T17:15:00Z,2026-07-26T19:15:00+0200,259.336666,MW,DK1,DK_1,forecast_solar_generation,Solar,2026-08-09T16:53:20Z
2026-08-09T16:49:56Z,2026-08-09T18:49:56+0200,eeb12da0-7c50-4259-bd40-a1d833ebd7ef,2026-07-26T17:30:00Z,2026-07-26T19:30:00+0200,210.644999,MW,DK1,DK_1,forecast_solar_generation,Solar,2026-08-09T16:53:20Z
2026-08-09T16:49:56Z,2026-08-09T18:49:56+0200,eeb12da0-7c50-4259-bd40-a1d833ebd7ef,2026-07-26T17:45:00Z,2026-07-26T19:45:00+0200,165.638333,MW,DK1,DK_1,forecast_solar_generation,Solar,2026-08-09T16:53:20Z
2026-08-09T16:49:56Z,2026-08-09T18:49:56+0200,eeb12da0-7c50-4259-bd40-a1d833ebd7ef,2026-07-26T18:00:00Z,2026-07-26T20:00:00+0200,123.99,MW,DK1,DK_1,forecast_solar_generation,Solar,2026-08-09T16:53:20Z
2026-08-09T16:49:56Z,2026-08-09T18:49:56+0200,eeb12da0-7c50-4259-bd40-a1d833ebd7ef,2026-07-26T18:15:00Z,2026-07-26T20:15:00+0200,86.401666,MW,DK1,DK_1,forecast_solar_generation,Solar,2026-08-09T16:53:20Z
2026-08-09T16:49:56Z,2026-08-09T18:49:56+0200,eeb12da0-7c50-4259-bd40-a1d833ebd7ef,2026-07-26T18:30:00Z,2026-07-26T20:30:00+0200,53.916666,MW,DK1,DK_1,forecast_solar_generation,Solar,2026-08-09T16:53:20Z
2026-08-09T16:49:56Z,2026-08-09T18:49:56+0200,eeb12da0-7c50-4259-bd40-a1d833ebd7ef,2026-07-26T18:45:00Z,2026-07-26T20:45:00+0200,28.12,MW,DK1,DK_1,forecast_solar_generation,Solar,2026-08-09T16:53:20Z
2026-08-09T16:49:56Z,2026-08-09T18:49:56+0200,eeb12da0-7c50-4259-bd40-a1d833ebd7ef,2026-07-26T19:00:00Z,2026-07-26T21:00:00+0200,9.898333,MW,DK1,DK_1,forecast_solar_generation,Solar,2026-08-09T16:53:20Z
2026-08-09T16:49:56Z,2026-08-09T18:49:56+0200,eeb12da0-7c50-4259-bd40-a1d833ebd7ef,2026-07-26T19:15:00Z,2026-07-26T21:15:00+0200,1.866666,MW,DK1,DK_1,forecast_solar_generation,Solar,2026-08-09T16:53:20Z
2026-08-09T16:49:56Z,2026-08-09T18:49:56+0200,eeb12da0-7c50-4259-bd40-a1d833ebd7ef,2026-07-26T19:30:00Z,2026-07-26T21:30:00+0200,0.121666,MW,DK1,DK_1,forecast_solar_generation,Solar,2026-08-09T16:53:20Z
2026-08-09T16:49:56Z,2026-08-09T18:49:56+0200,eeb12da0-7c50-4259-bd40-a1d833ebd7ef,2026-07-26T19:45:00Z,2026-07-26T21:45:00+0200,0.0,MW,DK1,DK_1,forecast_solar_generation,Solar,2026-08-09T16:53:20Z
2026-08-09T16:49:56Z,2026-08-09T18:49:56+0200,eeb12da0-7c50-4259-bd40-a1d833ebd7ef,2026-07-26T20:00:00Z,2026-07-26T22:00:00+0200,0.0,MW,DK1,DK_1,forecast_solar_generation,Solar,2026-08-09T16:53:20Z
2026-08-09T16:49:56Z,2026-08-09T18:49:56+0200,eeb12da0-7c50-4259-bd40-a1d833ebd7ef,2026-07-26T20:15:00Z,2026-07-26T22:15:00+0200,0.0,MW,DK1,DK_1,forecast_solar_generation,Solar,2026-08-09T16:53:20Z
2026-08-09T16:49:56Z,2026-08-09T18:49:56+0200,eeb12da0-7c50-4259-bd40-a1d833ebd7ef,2026-07-26T20:30:00Z,2026-07-26T22:30:00+0200,0.0,MW,DK1,DK_1,forecast_solar_generation,Solar,2026-08-09T16:53:20Z
2026-08-09T16:49:56Z,2026-08-09T18:49:56+0200,eeb12da0-7c50-4259-bd40-a1d833ebd7ef,2026-07-26T20:45:00Z,2026-07-26T22:45:00+0200,0.0,MW,DK1,DK_1,forecast_solar_generation,Solar,2026-08-09T16:53:20Z
2026-08-09T16:49:56Z,2026-08-09T18:49:56+0200,eeb12da0-7c50-4259-bd40-a1d833ebd7ef,2026-07-26T21:00:00Z,2026-07-26T23:00:00+0200,0.0,MW,DK1,DK_1,forecast_solar_generation,Solar,2026-08-09T16:53:20Z
2026-08-09T16:49:56Z,2026-08-09T18:49:56+0200,eeb12da0-7c50-4259-bd40-a1d833ebd7ef,2026-07-26T21:15:00Z,2026-07-26T23:15:00+0200,0.0,MW,DK1,DK_1,forecast_solar_generation,Solar,2026-08-09T16:53:20Z
2026-08-09T16:49:56Z,2026-08-09T18:49:56+0200,eeb12da0-7c50-4259-bd40-a1d833ebd7ef,2026-07-26T21:30:00Z,2026-07-26T23:30:00+0200,0.0,MW,DK1,DK_1,forecast_solar_generation,Solar,2026-08-09T16:53:20Z
2026-08-09T16:49:56Z,2026-08-09T18:49:56+0200,eeb12da0-7c50-4259-bd40-a1d833ebd7ef,2026-07-26T21:45:00Z,2026-07-26T23:45:00+0200,0.0,MW,DK1,DK_1,forecast_solar_generation,Solar,2026-08-09T16:53:20Z
2026-08-09T16:49:56Z,2026-08-09T18:49:56+0200,eeb12da0-7c50-4259-bd40-a1d833ebd7ef,2026-07-26T22:00:00Z,2026-07-27T00:00:00+0200,0.0,MW,DK1,DK_1,forecast_solar_generation,Solar,2026-08-09T16:53:20Z
2026-08-09T16:49:56Z,2026-08-09T18:49:56+0200,eeb12da0-7c50-4259-bd40-a1d833ebd7ef,2026-07-26T22:15:00Z,2026-07-27T00:15:00+0200,0.0,MW,DK1,DK_1,forecast_solar_generation,Solar,2026-08-09T16:53:20Z
2026-08-09T16:49:56Z,2026-08-09T18:49:56+0200,eeb12da0-7c50-4259-bd40-a1d833ebd7ef,2026-07-26T22:30:00Z,2026-07-27T00:30:00+0200,0.0,MW,DK1,DK_1,forecast_solar_generation,Solar,2026-08-09T16:53:20Z
2026-08-09T16:49:56Z,2026-08-09T18:49:56+0200,eeb12da0-7c50-4259-bd40-a1d833ebd7ef,2026-07-26T22:45:00Z,2026-07-27T00:45:00+0200,0.0,MW,DK1,DK_1,forecast_solar_generation,Solar,2026-08-09T16:53:20Z
2026-08-09T16:49:56Z,2026-08-09T18:49:56+0200,eeb12da0-7c50-4259-bd40-a1d833ebd7ef,2026-07-26T23:00:00Z,2026-07-27T01:00:00+0200,0.0,MW,DK1,DK_1,forecast_solar_generation,Solar,2026-08-09T16:53:20Z
2026-08-09T16:49:56Z,2026-08-09T18:49:56+0200,eeb12da0-7c50-4259-bd40-a1d833ebd7ef,2026-07-26T23:15:00Z,2026-07-27T01:15:00+0200,0.0,MW,DK1,DK_1,forecast_solar_generation,Solar,2026-08-09T16:53:20Z
2026-08-09T16:49:56Z,2026-08-09T18:49:56+0200,eeb12da0-7c50-4259-bd40-a1d833ebd7ef,2026-07-26T23:30:00Z,2026-07-27T01:30:00+0200,0.0,MW,DK1,DK_1,forecast_solar_generation,Solar,2026-08-09T16:53:20Z
2026-08-09T16:49:56Z,2026-08-09T18:49:56+0200,eeb12da0-7c50-4259-bd40-a1d833ebd7ef,2026-07-26T23:45:00Z,2026-07-27T01:45:00+0200,0.0,MW,DK1,DK_1,forecast_solar_generation,Solar,2026-08-09T16:53:20Z
2026-08-09T16:49:56Z,2026-08-09T18:49:56+0200,eeb12da0-7c50-4259-bd40-a1d833ebd7ef,2026-07-27T00:00:00Z,2026-07-27T02:00:00+0200,0.0,MW,DK1,DK_1,forecast_solar_generation,Solar,2026-08-09T16:53:20Z
2026-08-09T16:49:56Z,2026-08-09T18:49:56+0200,eeb12da0-7c50-4259-bd40-a1d833ebd7ef,2026-07-27T00:15:00Z,2026-07-27T02:15:00+0200,0.0,MW,DK1,DK_1,forecast_solar_generation,Solar,2026-08-09T16:53:20Z
2026-08-09T16:49:56Z,2026-08-09T18:49:56+0200,eeb12da0-7c50-4259-bd40-a1d833ebd7ef,2026-07-27T00:30:00Z,2026-07-27T02:30:00+0200,0.0,MW,DK1,DK_1,forecast_solar_generation,Solar,2026-08-09T16:53:20Z
2026-08-09T16:49:56Z,2026-08-09T18:49:56+0200,eeb12da0-7c50-4259-bd40-a1d833ebd7ef,2026-07-27T00:45:00Z,2026-07-27T02:45:00+0200,0.0,MW,DK1,DK_1,forecast_solar_generation,Solar,2026-08-09T16:53:20Z
2026-08-09T16:49:56Z,2026-08-09T18:49:56+0200,eeb12da0-7c50-4259-bd40-a1d833ebd7ef,2026-07-27T01:00:00Z,2026-07-27T03:00:00+0200,0.0,MW,DK1,DK_1,forecast_solar_generation,Solar,2026-08-09T16:53:20Z
2026-08-09T16:49:56Z,2026-08-09T18:49:56+0200,eeb12da0-7c50-4259-bd40-a1d833ebd7ef,2026-07-27T01:15:00Z,2026-07-27T03:15:00+0200,0.0,MW,DK1,DK_1,forecast_solar_generation,Solar,2026-08-09T16:53:20Z
2026-08-09T16:49:56Z,2026-08-09T18:49:56+0200,eeb12da0-7c50-4259-bd40-a1d833ebd7ef,2026-07-27T01:30:00Z,2026-07-27T03:30:00+0200,0.0,MW,DK1,DK_1,forecast_solar_generation,Solar,2026-08-09T16:53:20Z
2026-08-09T16:49:56Z,2026-08-09T18:49:56+0200,eeb12da0-7c50-4259-bd40-a1d833ebd7ef,2026-07-27T01:45:00Z,2026-07-27T03:45:00+0200,0.0,MW,DK1,DK_1,forecast_solar_generation,Solar,2026-08-09T16:53:20Z
2026-08-09T16:49:56Z,2026-08-09T18:49:56+0200,eeb12da0-7c50-4259-bd40-a1d833ebd7ef,2026-07-27T02:00:00Z,2026-07-27T04:00:00+0200,0.0,MW,DK1,DK_1,forecast_solar_generation,Solar,2026-08-09T16:53:20Z
2026-08-09T16:49:56Z,2026-08-09T18:49:56+0200,eeb12da0-7c50-4259-bd40-a1d833ebd7ef,2026-07-27T02:15:00Z,2026-07-27T04:15:00+0200,0.0,MW,DK1,DK_1,forecast_solar_generation,Solar,2026-08-09T16:53:20Z
2026-08-09T16:49:56Z,2026-08-09T18:49:56+0200,eeb12da0-7c50-4259-bd40-a1d833ebd7ef,2026-07-27T02:30:00Z,2026-07-27T04:30:00+0200,0.0,MW,DK1,DK_1,forecast_solar_generation,Solar,2026-08-09T16:53:20Z
2026-08-09T16:49:56Z,2026-08-09T18:49:56+0200,eeb12da0-7c50-4259-bd40-a1d833ebd7ef,2026-07-27T02:45:00Z,2026-07-27T04:45:00+0200,0.0,MW,DK1,DK_1,forecast_solar_generation,Solar,2026-08-09T16:53:20Z
2026-08-09T16:49:56Z,2026-08-09T18:49:56+0200,eeb12da0-7c50-4259-bd40-a1d833ebd7ef,2026-07-27T03:00:00Z,2026-07-27T05:00:00+0200,0.005,MW,DK1,DK_1,forecast_solar_generation,Solar,2026-08-09T16:53:20Z
2026-08-09T16:49:56Z,2026-08-09T18:49:56+0200,eeb12da0-7c50-4259-bd40-a1d833ebd7ef,2026-07-27T03:15:00Z,2026-07-27T05:15:00+0200,0.418333,MW,DK1,DK_1,forecast_solar_generation,Solar,2026-08-09T16:53:20Z
2026-08-09T16:49:56Z,2026-08-09T18:49:56+0200,eeb12da0-7c50-4259-bd40-a1d833ebd7ef,2026-07-27T03:30:00Z,2026-07-27T05:30:00+0200,5.886666,MW,DK1,DK_1,forecast_solar_generation,Solar,2026-08-09T16:53:20Z
2026-08-09T16:49:56Z,2026-08-09T18:49:56+0200,eeb12da0-7c50-4259-bd40-a1d833ebd7ef,2026-07-27T03:45:00Z,2026-07-27T05:45:00+0200,29.371666,MW,DK1,DK_1,forecast_solar_generation,Solar,2026-08-09T16:53:20Z
2026-08-09T16:49:56Z,2026-08-09T18:49:56+0200,eeb12da0-7c50-4259-bd40-a1d833ebd7ef,2026-07-27T04:00:00Z,2026-07-27T06:00:00+0200,74.85,MW,DK1,DK_1,forecast_solar_generation,Solar,2026-08-09T16:53:20Z
2026-08-09T16:49:56Z,2026-08-09T18:49:56+0200,eeb12da0-7c50-4259-bd40-a1d833ebd7ef,2026-07-27T04:15:00Z,2026-07-27T06:15:00+0200,136.253333,MW,DK1,DK_1,forecast_solar_generation,Solar,2026-08-09T16:53:20Z
2026-08-09T16:49:56Z,2026-08-09T18:49:56+0200,eeb12da0-7c50-4259-bd40-a1d833ebd7ef,2026-07-27T04:30:00Z,2026-07-27T06:30:00+0200,211.126666,MW,DK1,DK_1,forecast_solar_generation,Solar,2026-08-09T16:53:20Z
2026-08-09T16:49:56Z,2026-08-09T18:49:56+0200,eeb12da0-7c50-4259-bd40-a1d833ebd7ef,2026-07-27T04:45:00Z,2026-07-27T06:45:00+0200,295.478333,MW,DK1,DK_1,forecast_solar_generation,Solar,2026-08-09T16:53:20Z
2026-08-09T16:49:56Z,2026-08-09T18:49:56+0200,eeb12da0-7c50-4259-bd40-a1d833ebd7ef,2026-07-27T05:00:00Z,2026-07-27T07:00:00+0200,388.148333,MW,DK1,DK_1,forecast_solar_generation,Solar,2026-08-09T16:53:20Z
2026-08-09T16:49:56Z,2026-08-09T18:49:56+0200,eeb12da0-7c50-4259-bd40-a1d833ebd7ef,2026-07-27T05:15:00Z,2026-07-27T07:15:00+0200,487.728333,MW,DK1,DK_1,forecast_solar_generation,Solar,2026-08-09T16:53:20Z
2026-08-09T16:49:56Z,2026-08-09T18:49:56+0200,eeb12da0-7c50-4259-bd40-a1d833ebd7ef,2026-07-27T05:30:00Z,2026-07-27T07:30:00+0200,595.27,MW,DK1,DK_1,forecast_solar_generation,Solar,2026-08-09T16:53:20Z
2026-08-09T16:49:56Z,2026-08-09T18:49:56+0200,eeb12da0-7c50-4259-bd40-a1d833ebd7ef,2026-07-27T05:45:00Z,2026-07-27T07:45:00+0200,703.986666,MW,DK1,DK_1,forecast_solar_generation,Solar,2026-08-09T16:53:20Z
2026-08-09T16:49:56Z,2026-08-09T18:49:56+0200,eeb12da0-7c50-4259-bd40-a1d833ebd7ef,2026-07-27T06:00:00Z,2026-07-27T08:00:00+0200,810.888333,MW,DK1,DK_1,forecast_solar_generation,Solar,2026-08-09T16:53:20Z
2026-08-09T16:49:56Z,2026-08-09T18:49:56+0200,eeb12da0-7c50-4259-bd40-a1d833ebd7ef,2026-07-27T06:15:00Z,2026-07-27T08:15:00+0200,917.61,MW,DK1,DK_1,forecast_solar_generation,Solar,2026-08-09T16:53:20Z
2026-08-09T16:49:56Z,2026-08-09T18:49:56+0200,eeb12da0-7c50-4259-bd40-a1d833ebd7ef,2026-07-27T06:30:00Z,2026-07-27T08:30:00+0200,1025.92,MW,DK1,DK_1,forecast_solar_generation,Solar,2026-08-09T16:53:20Z
2026-08-09T16:49:56Z,2026-08-09T18:49:56+0200,eeb12da0-7c50-4259-bd40-a1d833ebd7ef,2026-07-27T06:45:00Z,2026-07-27T08:45:00+0200,1131.266666,MW,DK1,DK_1,forecast_solar_generation,Solar,2026-08-09T16:53:20Z
2026-08-09T16:49:56Z,2026-08-09T18:49:56+0200,eeb12da0-7c50-4259-bd40-a1d833ebd7ef,2026-07-27T07:00:00Z,2026-07-27T09:00:00+0200,1232.818333,MW,DK1,DK_1,forecast_solar_generation,Solar,2026-08-09T16:53:20Z
2026-08-09T16:49:56Z,2026-08-09T18:49:56+0200,eeb12da0-7c50-4259-bd40-a1d833ebd7ef,2026-07-27T07:15:00Z,2026-07-27T09:15:00+0200,1332.041666,MW,DK1,DK_1,forecast_solar_generation,Solar,2026-08-09T16:53:20Z
2026-08-09T16:49:56Z,2026-08-09T18:49:56+0200,eeb12da0-7c50-4259-bd40-a1d833ebd7ef,2026-07-27T07:30:00Z,2026-07-27T09:30:00+0200,1429.683333,MW,DK1,DK_1,forecast_solar_generation,Solar,2026-08-09T16:53:20Z
2026-08-09T16:49:56Z,2026-08-09T18:49:56+0200,eeb12da0-7c50-4259-bd40-a1d833ebd7ef,2026-07-27T07:45:00Z,2026-07-27T09:45:00+0200,1522.685,MW,DK1,DK_1,forecast_solar_generation,Solar,2026-08-09T16:53:20Z
2026-08-09T16:49:56Z,2026-08-09T18:49:56+0200,eeb12da0-7c50-4259-bd40-a1d833ebd7ef,2026-07-27T08:00:00Z,2026-07-27T10:00:00+0200,1605.958333,MW,DK1,DK_1,forecast_solar_generation,Solar,2026-08-09T16:53:20Z
2026-08-09T16:49:56Z,2026-08-09T18:49:56+0200,eeb12da0-7c50-4259-bd40-a1d833ebd7ef,2026-07-27T08:15:00Z,2026-07-27T10:15:00+0200,1676.481666,MW,DK1,DK_1,forecast_solar_generation,Solar,2026-08-09T16:53:20Z
2026-08-09T16:49:56Z,2026-08-09T18:49:56+0200,eeb12da0-7c50-4259-bd40-a1d833ebd7ef,2026-07-27T08:30:00Z,2026-07-27T10:30:00+0200,1709.851666,MW,DK1,DK_1,forecast_solar_generation,Solar,2026-08-09T16:53:20Z
2026-08-09T16:49:56Z,2026-08-09T18:49:56+0200,eeb12da0-7c50-4259-bd40-a1d833ebd7ef,2026-07-27T08:45:00Z,2026-07-27T10:45:00+0200,1632.988333,MW,DK1,DK_1,forecast_solar_generation,Solar,2026-08-09T16:53:20Z
2026-08-09T16:49:56Z,2026-08-09T18:49:56+0200,eeb12da0-7c50-4259-bd40-a1d833ebd7ef,2026-07-27T09:00:00Z,2026-07-27T11:00:00+0200,1588.588333,MW,DK1,DK_1,forecast_solar_generation,Solar,2026-08-09T16:53:20Z
2026-08-09T16:49:56Z,2026-08-09T18:49:56+0200,eeb12da0-7c50-4259-bd40-a1d833ebd7ef,2026-07-27T09:15:00Z,2026-07-27T11:15:00+0200,1371.903333,MW,DK1,DK_1,forecast_solar_generation,Solar,2026-08-09T16:53:20Z
2026-08-09T16:49:56Z,2026-08-09T18:49:56+0200,eeb12da0-7c50-4259-bd40-a1d833ebd7ef,2026-07-27T09:30:00Z,2026-07-27T11:30:00+0200,1379.35,MW,DK1,DK_1,forecast_solar_generation,Solar,2026-08-09T16:53:20Z
2026-08-09T16:49:56Z,2026-08-09T18:49:56+0200,eeb12da0-7c50-4259-bd40-a1d833ebd7ef,2026-07-27T09:45:00Z,2026-07-27T11:45:00+0200,1376.676666,MW,DK1,DK_1,forecast_solar_generation,Solar,2026-08-09T16:53:20Z
2026-08-09T16:49:56Z,2026-08-09T18:49:56+0200,eeb12da0-7c50-4259-bd40-a1d833ebd7ef,2026-07-27T10:00:00Z,2026-07-27T12:00:00+0200,1425.393333,MW,DK1,DK_1,forecast_solar_generation,Solar,2026-08-09T16:53:20Z
2026-08-09T16:49:56Z,2026-08-09T18:49:56+0200,eeb12da0-7c50-4259-bd40-a1d833ebd7ef,2026-07-27T10:15:00Z,2026-07-27T12:15:00+0200,1415.68,MW,DK1,DK_1,forecast_solar_generation,Solar,2026-08-09T16:53:20Z
2026-08-09T16:49:56Z,2026-08-09T18:49:56+0200,eeb12da0-7c50-4259-bd40-a1d833ebd7ef,2026-07-27T10:30:00Z,2026-07-27T12:30:00+0200,1428.393333,MW,DK1,DK_1,forecast_solar_generation,Solar,2026-08-09T16:53:20Z
2026-08-09T16:49:56Z,2026-08-09T18:49:56+0200,eeb12da0-7c50-4259-bd40-a1d833ebd7ef,2026-07-27T10:45:00Z,2026-07-27T12:45:00+0200,1440.625,MW,DK1,DK_1,forecast_solar_generation,Solar,2026-08-09T16:53:20Z
2026-08-09T16:49:56Z,2026-08-09T18:49:56+0200,eeb12da0-7c50-4259-bd40-a1d833ebd7ef,2026-07-27T11:00:00Z,2026-07-27T13:00:00+0200,1484.453333,MW,DK1,DK_1,forecast_solar_generation,Solar,2026-08-09T16:53:20Z
2026-08-09T16:49:56Z,2026-08-09T18:49:56+0200,eeb12da0-7c50-4259-bd40-a1d833ebd7ef,2026-07-27T11:15:00Z,2026-07-27T13:15:00+0200,1486.5,MW,DK1,DK_1,forecast_solar_generation,Solar,2026-08-09T16:53:20Z
2026-08-09T16:49:56Z,2026-08-09T18:49:56+0200,eeb12da0-7c50-4259-bd40-a1d833ebd7ef,2026-07-27T11:30:00Z,2026-07-27T13:30:00+0200,1482.416666,MW,DK1,DK_1,forecast_solar_generation,Solar,2026-08-09T16:53:20Z
2026-08-09T16:49:56Z,2026-08-09T18:49:56+0200,eeb12da0-7c50-4259-bd40-a1d833ebd7ef,2026-07-27T11:45:00Z,2026-07-27T13:45:00+0200,1394.663333,MW,DK1,DK_1,forecast_solar_generation,Solar,2026-08-09T16:53:20Z
2026-08-09T16:49:56Z,2026-08-09T18:49:56+0200,eeb12da0-7c50-4259-bd40-a1d833ebd7ef,2026-07-27T12:00:00Z,2026-07-27T14:00:00+0200,1074.378333,MW,DK1,DK_1,forecast_solar_generation,Solar,2026-08-09T16:53:20Z
2026-08-09T16:49:56Z,2026-08-09T18:49:56+0200,eeb12da0-7c50-4259-bd40-a1d833ebd7ef,2026-07-27T12:15:00Z,2026-07-27T14:15:00+0200,1067.1,MW,DK1,DK_1,forecast_solar_generation,Solar,2026-08-09T16:53:20Z
2026-08-09T16:49:56Z,2026-08-09T18:49:56+0200,eeb12da0-7c50-4259-bd40-a1d833ebd7ef,2026-07-27T12:30:00Z,2026-07-27T14:30:00+0200,1056.285,MW,DK1,DK_1,forecast_solar_generation,Solar,2026-08-09T16:53:20Z
2026-08-09T16:49:56Z,2026-08-09T18:49:56+0200,eeb12da0-7c50-4259-bd40-a1d833ebd7ef,2026-07-27T12:45:00Z,2026-07-27T14:45:00+0200,1039.675,MW,DK1,DK_1,forecast_solar_generation,Solar,2026-08-09T16:53:20Z
2026-08-09T16:49:56Z,2026-08-09T18:49:56+0200,eeb12da0-7c50-4259-bd40-a1d833ebd7ef,2026-07-27T13:00:00Z,2026-07-27T15:00:00+0200,1019.26,MW,DK1,DK_1,forecast_solar_generation,Solar,2026-08-09T16:53:20Z
2026-08-09T16:49:56Z,2026-08-09T18:49:56+0200,eeb12da0-7c50-4259-bd40-a1d833ebd7ef,2026-07-27T13:15:00Z,2026-07-27T15:15:00+0200,996.138333,MW,DK1,DK_1,forecast_solar_generation,Solar,2026-08-09T16:53:20Z
2026-08-09T16:49:56Z,2026-08-09T18:49:56+0200,eeb12da0-7c50-4259-bd40-a1d833ebd7ef,2026-07-27T13:30:00Z,2026-07-27T15:30:00+0200,1022.341666,MW,DK1,DK_1,forecast_solar_generation,Solar,2026-08-09T16:53:20Z
2026-08-09T16:49:56Z,2026-08-09T18:49:56+0200,eeb12da0-7c50-4259-bd40-a1d833ebd7ef,2026-07-27T13:45:00Z,2026-07-27T15:45:00+0200,1198.438333,MW,DK1,DK_1,forecast_solar_generation,Solar,2026-08-09T16:53:20Z
2026-08-09T16:49:56Z,2026-08-09T18:49:56+0200,eeb12da0-7c50-4259-bd40-a1d833ebd7ef,2026-07-27T14:00:00Z,2026-07-27T16:00:00+0200,938.711666,MW,DK1,DK_1,forecast_solar_generation,Solar,2026-08-09T16:53:20Z
2026-08-09T16:49:56Z,2026-08-09T18:49:56+0200,eeb12da0-7c50-4259-bd40-a1d833ebd7ef,2026-07-27T14:15:00Z,2026-07-27T16:15:00+0200,1125.608333,MW,DK1,DK_1,forecast_solar_generation,Solar,2026-08-09T16:53:20Z
2026-08-09T16:49:56Z,2026-08-09T18:49:56+0200,eeb12da0-7c50-4259-bd40-a1d833ebd7ef,2026-07-27T14:30:00Z,2026-07-27T16:30:00+0200,1142.725,MW,DK1,DK_1,forecast_solar_generation,Solar,2026-08-09T16:53:20Z
2026-08-09T16:49:56Z,2026-08-09T18:49:56+0200,eeb12da0-7c50-4259-bd40-a1d833ebd7ef,2026-07-27T14:45:00Z,2026-07-27T16:45:00+0200,1085.511666,MW,DK1,DK_1,forecast_solar_generation,Solar,2026-08-09T16:53:20Z
2026-08-09T16:49:56Z,2026-08-09T18:49:56+0200,eeb12da0-7c50-4259-bd40-a1d833ebd7ef,2026-07-27T15:00:00Z,2026-07-27T17:00:00+0200,1012.245,MW,DK1,DK_1,forecast_solar_generation,Solar,2026-08-09T16:53:20Z
2026-08-09T16:49:56Z,2026-08-09T18:49:56+0200,eeb12da0-7c50-4259-bd40-a1d833ebd7ef,2026-07-27T15:15:00Z,2026-07-27T17:15:00+0200,1181.148333,MW,DK1,DK_1,forecast_solar_generation,Solar,2026-08-09T16:53:20Z
2026-08-09T16:49:56Z,2026-08-09T18:49:56+0200,eeb12da0-7c50-4259-bd40-a1d833ebd7ef,2026-07-27T15:30:00Z,2026-07-27T17:30:00+0200,1217.926666,MW,DK1,DK_1,forecast_solar_generation,Solar,2026-08-09T16:53:20Z
2026-08-09T16:49:56Z,2026-08-09T18:49:56+0200,eeb12da0-7c50-4259-bd40-a1d833ebd7ef,2026-07-27T15:45:00Z,2026-07-27T17:45:00+0200,1150.245,MW,DK1,DK_1,forecast_solar_generation,Solar,2026-08-09T16:53:20Z
2026-08-09T16:49:56Z,2026-08-09T18:49:56+0200,eeb12da0-7c50-4259-bd40-a1d833ebd7ef,2026-07-27T16:00:00Z,2026-07-27T18:00:00+0200,1092.383333,MW,DK1,DK_1,forecast_solar_generation,Solar,2026-08-09T16:53:20Z
2026-08-09T16:49:56Z,2026-08-09T18:49:56+0200,eeb12da0-7c50-4259-bd40-a1d833ebd7ef,2026-07-27T16:15:00Z,2026-07-27T18:15:00+0200,1006.983333,MW,DK1,DK_1,forecast_solar_generation,Solar,2026-08-09T16:53:20Z
2026-08-09T16:49:56Z,2026-08-09T18:49:56+0200,eeb12da0-7c50-4259-bd40-a1d833ebd7ef,2026-07-27T16:30:00Z,2026-07-27T18:30:00+0200,904.199999,MW,DK1,DK_1,forecast_solar_generation,Solar,2026-08-09T16:53:20Z
2026-08-09T16:49:56Z,2026-08-09T18:49:56+0200,eeb12da0-7c50-4259-bd40-a1d833ebd7ef,2026-07-27T16:45:00Z,2026-07-27T18:45:00+0200,804.461666,MW,DK1,DK_1,forecast_solar_generation,Solar,2026-08-09T16:53:20Z
2026-08-09T16:49:56Z,2026-08-09T18:49:56+0200,eeb12da0-7c50-4259-bd40-a1d833ebd7ef,2026-07-27T17:00:00Z,2026-07-27T19:00:00+0200,704.608333,MW,DK1,DK_1,forecast_solar_generation,Solar,2026-08-09T16:53:20Z
2026-08-09T16:49:56Z,2026-08-09T18:49:56+0200,eeb12da0-7c50-4259-bd40-a1d833ebd7ef,2026-07-27T17:15:00Z,2026-07-27T19:15:00+0200,598.133333,MW,DK1,DK_1,forecast_solar_generation,Solar,2026-08-09T16:53:20Z
2026-08-09T16:49:56Z,2026-08-09T18:49:56+0200,eeb12da0-7c50-4259-bd40-a1d833ebd7ef,2026-07-27T17:30:00Z,2026-07-27T19:30:00+0200,486.393333,MW,DK1,DK_1,forecast_solar_generation,Solar,2026-08-09T16:53:20Z
2026-08-09T16:49:56Z,2026-08-09T18:49:56+0200,eeb12da0-7c50-4259-bd40-a1d833ebd7ef,2026-07-27T17:45:00Z,2026-07-27T19:45:00+0200,379.983333,MW,DK1,DK_1,forecast_solar_generation,Solar,2026-08-09T16:53:20Z
2026-08-09T16:49:56Z,2026-08-09T18:49:56+0200,eeb12da0-7c50-4259-bd40-a1d833ebd7ef,2026-07-27T18:00:00Z,2026-07-27T20:00:00+0200,282.801666,MW,DK1,DK_1,forecast_solar_generation,Solar,2026-08-09T16:53:20Z
2026-08-09T16:49:56Z,2026-08-09T18:49:56+0200,eeb12da0-7c50-4259-bd40-a1d833ebd7ef,2026-07-27T18:15:00Z,2026-07-27T20:15:00+0200,196.266666,MW,DK1,DK_1,forecast_solar_generation,Solar,2026-08-09T16:53:20Z
2026-08-09T16:49:56Z,2026-08-09T18:49:56+0200,eeb12da0-7c50-4259-bd40-a1d833ebd7ef,2026-07-27T18:30:00Z,2026-07-27T20:30:00+0200,121.963333,MW,DK1,DK_1,forecast_solar_generation,Solar,2026-08-09T16:53:20Z
2026-08-09T16:49:56Z,2026-08-09T18:49:56+0200,eeb12da0-7c50-4259-bd40-a1d833ebd7ef,2026-07-27T18:45:00Z,2026-07-27T20:45:00+0200,62.183333,MW,DK1,DK_1,forecast_solar_generation,Solar,2026-08-09T16:53:20Z
2026-08-09T16:49:56Z,2026-08-09T18:49:56+0200,eeb12da0-7c50-4259-bd40-a1d833ebd7ef,2026-07-27T19:00:00Z,2026-07-27T21:00:00+0200,20.796666,MW,DK1,DK_1,forecast_solar_generation,Solar,2026-08-09T16:53:20Z
2026-08-09T16:49:56Z,2026-08-09T18:49:56+0200,eeb12da0-7c50-4259-bd40-a1d833ebd7ef,2026-07-27T19:15:00Z,2026-07-27T21:15:00+0200,3.348333,MW,DK1,DK_1,forecast_solar_generation,Solar,2026-08-09T16:53:20Z
2026-08-09T16:49:56Z,2026-08-09T18:49:56+0200,eeb12da0-7c50-4259-bd40-a1d833ebd7ef,2026-07-27T19:30:00Z,2026-07-27T21:30:00+0200,0.148333,MW,DK1,DK_1,forecast_solar_generation,Solar,2026-08-09T16:53:20Z
2026-08-09T16:49:56Z,2026-08-09T18:49:56+0200,eeb12da0-7c50-4259-bd40-a1d833ebd7ef,2026-07-27T19:45:00Z,2026-07-27T21:45:00+0200,0.0,MW,DK1,DK_1,forecast_solar_generation,Solar,2026-08-09T16:53:20Z
2026-08-09T16:49:56Z,2026-08-09T18:49:56+0200,eeb12da0-7c50-4259-bd40-a1d833ebd7ef,2026-07-27T20:00:00Z,2026-07-27T22:00:00+0200,0.0,MW,DK1,DK_1,forecast_solar_generation,Solar,2026-08-09T16:53:20Z
2026-08-09T16:49:56Z,2026-08-09T18:49:56+0200,eeb12da0-7c50-4259-bd40-a1d833ebd7ef,2026-07-27T20:15:00Z,2026-07-27T22:15:00+0200,0.0,MW,DK1,DK_1,forecast_solar_generation,Solar,2026-08-09T16:53:20Z
2026-08-09T16:49:56Z,2026-08-09T18:49:56+0200,eeb12da0-7c50-4259-bd40-a1d833ebd7ef,2026-07-27T20:30:00Z,2026-07-27T22:30:00+0200,0.0,MW,DK1,DK_1,forecast_solar_generation,Solar,2026-08-09T16:53:20Z
2026-08-09T16:49:56Z,2026-08-09T18:49:56+0200,eeb12da0-7c50-4259-bd40-a1d833ebd7ef,2026-07-27T20:45:00Z,2026-07-27T22:45:00+0200,0.0,MW,DK1,DK_1,forecast_solar_generation,Solar,2026-08-09T16:53:20Z
2026-08-09T16:49:56Z,2026-08-09T18:49:56+0200,eeb12da0-7c50-4259-bd40-a1d833ebd7ef,2026-07-27T21:00:00Z,2026-07-27T23:00:00+0200,0.0,MW,DK1,DK_1,forecast_solar_generation,Solar,2026-08-09T16:53:20Z
2026-08-09T16:49:56Z,2026-08-09T18:49:56+0200,eeb12da0-7c50-4259-bd40-a1d833ebd7ef,2026-07-27T21:15:00Z,2026-07-27T23:15:00+0200,0.0,MW,DK1,DK_1,forecast_solar_generation,Solar,2026-08-09T16:53:20Z
2026-08-09T16:49:56Z,2026-08-09T18:49:56+0200,eeb12da0-7c50-4259-bd40-a1d833ebd7ef,2026-07-27T21:30:00Z,2026-07-27T23:30:00+0200,0.0,MW,DK1,DK_1,forecast_solar_generation,Solar,2026-08-09T16:53:20Z
2026-08-09T16:49:56Z,2026-08-09T18:49:56+0200,eeb12da0-7c50-4259-bd40-a1d833ebd7ef,2026-07-27T21:45:00Z,2026-07-27T23:45:00+0200,0.0,MW,DK1,DK_1,forecast_solar_generation,Solar,2026-08-09T16:53:20Z
2026-08-09T16:49:56Z,2026-08-09T18:49:56+0200,eeb12da0-7c50-4259-bd40-a1d833ebd7ef,2026-07-27T22:00:00Z,2026-07-28T00:00:00+0200,0.0,MW,DK1,DK_1,forecast_solar_generation,Solar,2026-08-09T16:53:20Z
2026-08-09T16:49:56Z,2026-08-09T18:49:56+0200,eeb12da0-7c50-4259-bd40-a1d833ebd7ef,2026-07-27T22:15:00Z,2026-07-28T00:15:00+0200,0.0,MW,DK1,DK_1,forecast_solar_generation,Solar,2026-08-09T16:53:20Z
2026-08-09T16:49:56Z,2026-08-09T18:49:56+0200,eeb12da0-7c50-4259-bd40-a1d833ebd7ef,2026-07-27T22:30:00Z,2026-07-28T00:30:00+0200,0.0,MW,DK1,DK_1,forecast_solar_generation,Solar,2026-08-09T16:53:20Z
2026-08-09T16:49:56Z,2026-08-09T18:49:56+0200,eeb12da0-7c50-4259-bd40-a1d833ebd7ef,2026-07-27T22:45:00Z,2026-07-28T00:45:00+0200,0.0,MW,DK1,DK_1,forecast_solar_generation,Solar,2026-08-09T16:53:20Z
2026-08-09T16:49:56Z,2026-08-09T18:49:56+0200,eeb12da0-7c50-4259-bd40-a1d833ebd7ef,2026-07-27T23:00:00Z,2026-07-28T01:00:00+0200,0.0,MW,DK1,DK_1,forecast_solar_generation,Solar,2026-08-09T16:53:20Z
2026-08-09T16:49:56Z,2026-08-09T18:49:56+0200,eeb12da0-7c50-4259-bd40-a1d833ebd7ef,2026-07-27T23:15:00Z,2026-07-28T01:15:00+0200,0.0,MW,DK1,DK_1,forecast_solar_generation,Solar,2026-08-09T16:53:20Z
2026-08-09T16:49:56Z,2026-08-09T18:49:56+0200,eeb12da0-7c50-4259-bd40-a1d833ebd7ef,2026-07-27T23:30:00Z,2026-07-28T01:30:00+0200,0.0,MW,DK1,DK_1,forecast_solar_generation,Solar,2026-08-09T16:53:20Z
2026-08-09T16:49:56Z,2026-08-09T18:49:56+0200,eeb12da0-7c50-4259-bd40-a1d833ebd7ef,2026-07-27T23:45:00Z,2026-07-28T01:45:00+0200,0.0,MW,DK1,DK_1,forecast_solar_generation,Solar,2026-08-09T16:53:20Z
2026-08-09T16:49:56Z,2026-08-09T18:49:56+0200,eeb12da0-7c50-4259-bd40-a1d833ebd7ef,2026-07-28T00:00:00Z,2026-07-28T02:00:00+0200,0.0,MW,DK1,DK_1,forecast_solar_generation,Solar,2026-08-09T16:53:20Z
2026-08-09T16:49:56Z,2026-08-09T18:49:56+0200,eeb12da0-7c50-4259-bd40-a1d833ebd7ef,2026-07-28T00:15:00Z,2026-07-28T02:15:00+0200,0.0,MW,DK1,DK_1,forecast_solar_generation,Solar,2026-08-09T16:53:20Z
2026-08-09T16:49:56Z,2026-08-09T18:49:56+0200,eeb12da0-7c50-4259-bd40-a1d833ebd7ef,2026-07-28T00:30:00Z,2026-07-28T02:30:00+0200,0.0,MW,DK1,DK_1,forecast_solar_generation,Solar,2026-08-09T16:53:20Z
2026-08-09T16:49:56Z,2026-08-09T18:49:56+0200,eeb12da0-7c50-4259-bd40-a1d833ebd7ef,2026-07-28T00:45:00Z,2026-07-28T02:45:00+0200,0.0,MW,DK1,DK_1,forecast_solar_generation,Solar,2026-08-09T16:53:20Z
2026-08-09T16:49:56Z,2026-08-09T18:49:56+0200,eeb12da0-7c50-4259-bd40-a1d833ebd7ef,2026-07-28T01:00:00Z,2026-07-28T03:00:00+0200,0.0,MW,DK1,DK_1,forecast_solar_generation,Solar,2026-08-09T16:53:20Z
2026-08-09T16:49:56Z,2026-08-09T18:49:56+0200,eeb12da0-7c50-4259-bd40-a1d833ebd7ef,2026-07-28T01:15:00Z,2026-07-28T03:15:00+0200,0.0,MW,DK1,DK_1,forecast_solar_generation,Solar,2026-08-09T16:53:20Z
2026-08-09T16:49:56Z,2026-08-09T18:49:56+0200,eeb12da0-7c50-4259-bd40-a1d833ebd7ef,2026-07-28T01:30:00Z,2026-07-28T03:30:00+0200,0.0,MW,DK1,DK_1,forecast_solar_generation,Solar,2026-08-09T16:53:20Z
2026-08-09T16:49:56Z,2026-08-09T18:49:56+0200,eeb12da0-7c50-4259-bd40-a1d833ebd7ef,2026-07-28T01:45:00Z,2026-07-28T03:45:00+0200,0.0,MW,DK1,DK_1,forecast_solar_generation,Solar,2026-08-09T16:53:20Z
2026-08-09T16:49:56Z,2026-08-09T18:49:56+0200,eeb12da0-7c50-4259-bd40-a1d833ebd7ef,2026-07-28T02:00:00Z,2026-07-28T04:00:00+0200,0.0,MW,DK1,DK_1,forecast_solar_generation,Solar,2026-08-09T16:53:20Z
2026-08-09T16:49:56Z,2026-08-09T18:49:56+0200,eeb12da0-7c50-4259-bd40-a1d833ebd7ef,2026-07-28T02:15:00Z,2026-07-28T04:15:00+0200,0.0,MW,DK1,DK_1,forecast_solar_generation,Solar,2026-08-09T16:53:20Z
2026-08-09T16:49:56Z,2026-08-09T18:49:56+0200,eeb12da0-7c50-4259-bd40-a1d833ebd7ef,2026-07-28T02:30:00Z,2026-07-28T04:30:00+0200,0.0,MW,DK1,DK_1,forecast_solar_generation,Solar,2026-08-09T16:53:20Z
2026-08-09T16:49:56Z,2026-08-09T18:49:56+0200,eeb12da0-7c50-4259-bd40-a1d833ebd7ef,2026-07-28T02:45:00Z,2026-07-28T04:45:00+0200,0.0,MW,DK1,DK_1,forecast_solar_generation,Solar,2026-08-09T16:53:20Z
2026-08-09T16:49:56Z,2026-08-09T18:49:56+0200,eeb12da0-7c50-4259-bd40-a1d833ebd7ef,2026-07-28T03:00:00Z,2026-07-28T05:00:00+0200,0.001666,MW,DK1,DK_1,forecast_solar_generation,Solar,2026-08-09T16:53:20Z
2026-08-09T16:49:56Z,2026-08-09T18:49:56+0200,eeb12da0-7c50-4259-bd40-a1d833ebd7ef,2026-07-28T03:15:00Z,2026-07-28T05:15:00+0200,0.274999,MW,DK1,DK_1,forecast_solar_generation,Solar,2026-08-09T16:53:20Z
2026-08-09T16:49:56Z,2026-08-09T18:49:56+0200,eeb12da0-7c50-4259-bd40-a1d833ebd7ef,2026-07-28T03:30:00Z,2026-07-28T05:30:00+0200,4.618333,MW,DK1,DK_1,forecast_solar_generation,Solar,2026-08-09T16:53:20Z
2026-08-09T16:49:56Z,2026-08-09T18:49:56+0200,eeb12da0-7c50-4259-bd40-a1d833ebd7ef,2026-07-28T03:45:00Z,2026-07-28T05:45:00+0200,25.271666,MW,DK1,DK_1,forecast_solar_generation,Solar,2026-08-09T16:53:20Z
2026-08-09T16:49:56Z,2026-08-09T18:49:56+0200,eeb12da0-7c50-4259-bd40-a1d833ebd7ef,2026-07-28T04:00:00Z,2026-07-28T06:00:00+0200,66.946666,MW,DK1,DK_1,forecast_solar_generation,Solar,2026-08-09T16:53:20Z
2026-08-09T16:49:56Z,2026-08-09T18:49:56+0200,eeb12da0-7c50-4259-bd40-a1d833ebd7ef,2026-07-28T04:15:00Z,2026-07-28T06:15:00+0200,123.949999,MW,DK1,DK_1,forecast_solar_generation,Solar,2026-08-09T16:53:20Z
2026-08-09T16:49:56Z,2026-08-09T18:49:56+0200,eeb12da0-7c50-4259-bd40-a1d833ebd7ef,2026-07-28T04:30:00Z,2026-07-28T06:30:00+0200,194.205,MW,DK1,DK_1,forecast_solar_generation,Solar,2026-08-09T16:53:20Z
2026-08-09T16:49:56Z,2026-08-09T18:49:56+0200,eeb12da0-7c50-4259-bd40-a1d833ebd7ef,2026-07-28T04:45:00Z,2026-07-28T06:45:00+0200,275.603333,MW,DK1,DK_1,forecast_solar_generation,Solar,2026-08-09T16:53:20Z
2026-08-09T16:49:56Z,2026-08-09T18:49:56+0200,eeb12da0-7c50-4259-bd40-a1d833ebd7ef,2026-07-28T05:00:00Z,2026-07-28T07:00:00+0200,368.008333,MW,DK1,DK_1,forecast_solar_generation,Solar,2026-08-09T16:53:20Z
2026-08-09T16:49:56Z,2026-08-09T18:49:56+0200,eeb12da0-7c50-4259-bd40-a1d833ebd7ef,2026-07-28T05:15:00Z,2026-07-28T07:15:00+0200,468.799999,MW,DK1,DK_1,forecast_solar_generation,Solar,2026-08-09T16:53:20Z
2026-08-09T16:49:56Z,2026-08-09T18:49:56+0200,eeb12da0-7c50-4259-bd40-a1d833ebd7ef,2026-07-28T05:30:00Z,2026-07-28T07:30:00+0200,575.449999,MW,DK1,DK_1,forecast_solar_generation,Solar,2026-08-09T16:53:20Z
2026-08-09T16:49:56Z,2026-08-09T18:49:56+0200,eeb12da0-7c50-4259-bd40-a1d833ebd7ef,2026-07-28T05:45:00Z,2026-07-28T07:45:00+0200,681.083333,MW,DK1,DK_1,forecast_solar_generation,Solar,2026-08-09T16:53:20Z
2026-08-09T16:49:56Z,2026-08-09T18:49:56+0200,eeb12da0-7c50-4259-bd40-a1d833ebd7ef,2026-07-28T06:00:00Z,2026-07-28T08:00:00+0200,783.995,MW,DK1,DK_1,forecast_solar_generation,Solar,2026-08-09T16:53:20Z
2026-08-09T16:49:56Z,2026-08-09T18:49:56+0200,eeb12da0-7c50-4259-bd40-a1d833ebd7ef,2026-07-28T06:15:00Z,2026-07-28T08:15:00+0200,886.796666,MW,DK1,DK_1,forecast_solar_generation,Solar,2026-08-09T16:53:20Z
2026-08-09T16:49:56Z,2026-08-09T18:49:56+0200,eeb12da0-7c50-4259-bd40-a1d833ebd7ef,2026-07-28T06:30:00Z,2026-07-28T08:30:00+0200,991.581666,MW,DK1,DK_1,forecast_solar_generation,Solar,2026-08-09T16:53:20Z
2026-08-09T16:49:56Z,2026-08-09T18:49:56+0200,eeb12da0-7c50-4259-bd40-a1d833ebd7ef,2026-07-28T06:45:00Z,2026-07-28T08:45:00+0200,1091.783333,MW,DK1,DK_1,forecast_solar_generation,Solar,2026-08-09T16:53:20Z
2026-08-09T16:49:56Z,2026-08-09T18:49:56+0200,eeb12da0-7c50-4259-bd40-a1d833ebd7ef,2026-07-28T07:00:00Z,2026-07-28T09:00:00+0200,1185.655,MW,DK1,DK_1,forecast_solar_generation,Solar,2026-08-09T16:53:20Z
2026-08-09T16:49:56Z,2026-08-09T18:49:56+0200,eeb12da0-7c50-4259-bd40-a1d833ebd7ef,2026-07-28T07:15:00Z,2026-07-28T09:15:00+0200,1275.028333,MW,DK1,DK_1,forecast_solar_generation,Solar,2026-08-09T16:53:20Z
2026-08-09T16:49:56Z,2026-08-09T18:49:56+0200,eeb12da0-7c50-4259-bd40-a1d833ebd7ef,2026-07-28T07:30:00Z,2026-07-28T09:30:00+0200,1356.646666,MW,DK1,DK_1,forecast_solar_generation,Solar,2026-08-09T16:53:20Z
2026-08-09T16:49:56Z,2026-08-09T18:49:56+0200,eeb12da0-7c50-4259-bd40-a1d833ebd7ef,2026-07-28T07:45:00Z,2026-07-28T09:45:00+0200,1414.62,MW,DK1,DK_1,forecast_solar_generation,Solar,2026-08-09T16:53:20Z
2026-08-09T16:49:56Z,2026-08-09T18:49:56+0200,eeb12da0-7c50-4259-bd40-a1d833ebd7ef,2026-07-28T08:00:00Z,2026-07-28T10:00:00+0200,1452.726666,MW,DK1,DK_1,forecast_solar_generation,Solar,2026-08-09T16:53:20Z
2026-08-09T16:49:56Z,2026-08-09T18:49:56+0200,eeb12da0-7c50-4259-bd40-a1d833ebd7ef,2026-07-28T08:15:00Z,2026-07-28T10:15:00+0200,1485.725,MW,DK1,DK_1,forecast_solar_generation,Solar,2026-08-09T16:53:20Z
2026-08-09T16:49:56Z,2026-08-09T18:49:56+0200,eeb12da0-7c50-4259-bd40-a1d833ebd7ef,2026-07-28T08:30:00Z,2026-07-28T10:30:00+0200,1515.075,MW,DK1,DK_1,forecast_solar_generation,Solar,2026-08-09T16:53:20Z
2026-08-09T16:49:56Z,2026-08-09T18:49:56+0200,eeb12da0-7c50-4259-bd40-a1d833ebd7ef,2026-07-28T08:45:00Z,2026-07-28T10:45:00+0200,1510.488333,MW,DK1,DK_1,forecast_solar_generation,Solar,2026-08-09T16:53:20Z
2026-08-09T16:49:56Z,2026-08-09T18:49:56+0200,eeb12da0-7c50-4259-bd40-a1d833ebd7ef,2026-07-28T09:00:00Z,2026-07-28T11:00:00+0200,1600.563333,MW,DK1,DK_1,forecast_solar_generation,Solar,2026-08-09T16:53:20Z
2026-08-09T16:49:56Z,2026-08-09T18:49:56+0200,eeb12da0-7c50-4259-bd40-a1d833ebd7ef,2026-07-28T09:15:00Z,2026-07-28T11:15:00+0200,1542.39,MW,DK1,DK_1,forecast_solar_generation,Solar,2026-08-09T16:53:20Z
2026-08-09T16:49:56Z,2026-08-09T18:49:56+0200,eeb12da0-7c50-4259-bd40-a1d833ebd7ef,2026-07-28T09:30:00Z,2026-07-28T11:30:00+0200,1384.731666,MW,DK1,DK_1,forecast_solar_generation,Solar,2026-08-09T16:53:20Z
2026-08-09T16:49:56Z,2026-08-09T18:49:56+0200,eeb12da0-7c50-4259-bd40-a1d833ebd7ef,2026-07-28T09:45:00Z,2026-07-28T11:45:00+0200,1405.041666,MW,DK1,DK_1,forecast_solar_generation,Solar,2026-08-09T16:53:20Z
2026-08-09T16:49:56Z,2026-08-09T18:49:56+0200,eeb12da0-7c50-4259-bd40-a1d833ebd7ef,2026-07-28T10:00:00Z,2026-07-28T12:00:00+0200,1434.703333,MW,DK1,DK_1,forecast_solar_generation,Solar,2026-08-09T16:53:20Z
2026-08-09T16:49:56Z,2026-08-09T18:49:56+0200,eeb12da0-7c50-4259-bd40-a1d833ebd7ef,2026-07-28T10:15:00Z,2026-07-28T12:15:00+0200,1460.715,MW,DK1,DK_1,forecast_solar_generation,Solar,2026-08-09T16:53:20Z
2026-08-09T16:49:56Z,2026-08-09T18:49:56+0200,eeb12da0-7c50-4259-bd40-a1d833ebd7ef,2026-07-28T10:30:00Z,2026-07-28T12:30:00+0200,1473.893333,MW,DK1,DK_1,forecast_solar_generation,Solar,2026-08-09T16:53:20Z
2026-08-09T16:49:56Z,2026-08-09T18:49:56+0200,eeb12da0-7c50-4259-bd40-a1d833ebd7ef,2026-07-28T10:45:00Z,2026-07-28T12:45:00+0200,1478.873333,MW,DK1,DK_1,forecast_solar_generation,Solar,2026-08-09T16:53:20Z
2026-08-09T16:49:56Z,2026-08-09T18:49:56+0200,eeb12da0-7c50-4259-bd40-a1d833ebd7ef,2026-07-28T11:00:00Z,2026-07-28T13:00:00+0200,1479.205,MW,DK1,DK_1,forecast_solar_generation,Solar,2026-08-09T16:53:20Z
2026-08-09T16:49:56Z,2026-08-09T18:49:56+0200,eeb12da0-7c50-4259-bd40-a1d833ebd7ef,2026-07-28T11:15:00Z,2026-07-28T13:15:00+0200,1475.47,MW,DK1,DK_1,forecast_solar_generation,Solar,2026-08-09T16:53:20Z
2026-08-09T16:49:56Z,2026-08-09T18:49:56+0200,eeb12da0-7c50-4259-bd40-a1d833ebd7ef,2026-07-28T11:30:00Z,2026-07-28T13:30:00+0200,1464.939999,MW,DK1,DK_1,forecast_solar_generation,Solar,2026-08-09T16:53:20Z
2026-08-09T16:49:56Z,2026-08-09T18:49:56+0200,eeb12da0-7c50-4259-bd40-a1d833ebd7ef,2026-07-28T11:45:00Z,2026-07-28T13:45:00+0200,1443.435,MW,DK1,DK_1,forecast_solar_generation,Solar,2026-08-09T16:53:20Z
2026-08-09T16:49:56Z,2026-08-09T18:49:56+0200,eeb12da0-7c50-4259-bd40-a1d833ebd7ef,2026-07-28T12:00:00Z,2026-07-28T14:00:00+0200,1415.848333,MW,DK1,DK_1,forecast_solar_generation,Solar,2026-08-09T16:53:20Z
2026-08-09T16:49:56Z,2026-08-09T18:49:56+0200,eeb12da0-7c50-4259-bd40-a1d833ebd7ef,2026-07-28T12:15:00Z,2026-07-28T14:15:00+0200,1389.035,MW,DK1,DK_1,forecast_solar_generation,Solar,2026-08-09T16:53:20Z
2026-08-09T16:49:56Z,2026-08-09T18:49:56+0200,eeb12da0-7c50-4259-bd40-a1d833ebd7ef,2026-07-28T12:30:00Z,2026-07-28T14:30:00+0200,1369.795,MW,DK1,DK_1,forecast_solar_generation,Solar,2026-08-09T16:53:20Z
2026-08-09T16:49:56Z,2026-08-09T18:49:56+0200,eeb12da0-7c50-4259-bd40-a1d833ebd7ef,2026-07-28T12:45:00Z,2026-07-28T14:45:00+0200,1360.331666,MW,DK1,DK_1,forecast_solar_generation,Solar,2026-08-09T16:53:20Z
2026-08-09T16:49:56Z,2026-08-09T18:49:56+0200,eeb12da0-7c50-4259-bd40-a1d833ebd7ef,2026-07-28T13:00:00Z,2026-07-28T15:00:00+0200,1355.064999,MW,DK1,DK_1,forecast_solar_generation,Solar,2026-08-09T16:53:20Z
2026-08-09T16:49:56Z,2026-08-09T18:49:56+0200,eeb12da0-7c50-4259-bd40-a1d833ebd7ef,2026-07-28T13:15:00Z,2026-07-28T15:15:00+0200,1364.504999,MW,DK1,DK_1,forecast_solar_generation,Solar,2026-08-09T16:53:20Z
2026-08-09T16:49:56Z,2026-08-09T18:49:56+0200,eeb12da0-7c50-4259-bd40-a1d833ebd7ef,2026-07-28T13:30:00Z,2026-07-28T15:30:00+0200,1475.1,MW,DK1,DK_1,forecast_solar_generation,Solar,2026-08-09T16:53:20Z
2026-08-09T16:49:56Z,2026-08-09T18:49:56+0200,eeb12da0-7c50-4259-bd40-a1d833ebd7ef,2026-07-28T13:45:00Z,2026-07-28T15:45:00+0200,1543.226666,MW,DK1,DK_1,forecast_solar_generation,Solar,2026-08-09T16:53:20Z
2026-08-09T16:49:56Z,2026-08-09T18:49:56+0200,eeb12da0-7c50-4259-bd40-a1d833ebd7ef,2026-07-28T14:00:00Z,2026-07-28T16:00:00+0200,1438.131666,MW,DK1,DK_1,forecast_solar_generation,Solar,2026-08-09T16:53:20Z
2026-08-09T16:49:56Z,2026-08-09T18:49:56+0200,eeb12da0-7c50-4259-bd40-a1d833ebd7ef,2026-07-28T14:15:00Z,2026-07-28T16:15:00+0200,1437.949999,MW,DK1,DK_1,forecast_solar_generation,Solar,2026-08-09T16:53:20Z
2026-08-09T16:49:56Z,2026-08-09T18:49:56+0200,eeb12da0-7c50-4259-bd40-a1d833ebd7ef,2026-07-28T14:30:00Z,2026-07-28T16:30:00+0200,1365.616666,MW,DK1,DK_1,forecast_solar_generation,Solar,2026-08-09T16:53:20Z
2026-08-09T16:49:56Z,2026-08-09T18:49:56+0200,eeb12da0-7c50-4259-bd40-a1d833ebd7ef,2026-07-28T14:45:00Z,2026-07-28T16:45:00+0200,1283.461666,MW,DK1,DK_1,forecast_solar_generation,Solar,2026-08-09T16:53:20Z
2026-08-09T16:49:56Z,2026-08-09T18:49:56+0200,eeb12da0-7c50-4259-bd40-a1d833ebd7ef,2026-07-28T15:00:00Z,2026-07-28T17:00:00+0200,1194.123333,MW,DK1,DK_1,forecast_solar_generation,Solar,2026-08-09T16:53:20Z
2026-08-09T16:49:56Z,2026-08-09T18:49:56+0200,eeb12da0-7c50-4259-bd40-a1d833ebd7ef,2026-07-28T15:15:00Z,2026-07-28T17:15:00+0200,1101.77,MW,DK1,DK_1,forecast_solar_generation,Solar,2026-08-09T16:53:20Z
2026-08-09T16:49:56Z,2026-08-09T18:49:56+0200,eeb12da0-7c50-4259-bd40-a1d833ebd7ef,2026-07-28T15:30:00Z,2026-07-28T17:30:00+0200,1010.275,MW,DK1,DK_1,forecast_solar_generation,Solar,2026-08-09T16:53:20Z
2026-08-09T16:49:56Z,2026-08-09T18:49:56+0200,eeb12da0-7c50-4259-bd40-a1d833ebd7ef,2026-07-28T15:45:00Z,2026-07-28T17:45:00+0200,921.853333,MW,DK1,DK_1,forecast_solar_generation,Solar,2026-08-09T16:53:20Z
2026-08-09T16:49:56Z,2026-08-09T18:49:56+0200,eeb12da0-7c50-4259-bd40-a1d833ebd7ef,2026-07-28T16:00:00Z,2026-07-28T18:00:00+0200,842.871666,MW,DK1,DK_1,forecast_solar_generation,Solar,2026-08-09T16:53:20Z
2026-08-09T16:49:56Z,2026-08-09T18:49:56+0200,eeb12da0-7c50-4259-bd40-a1d833ebd7ef,2026-07-28T16:15:00Z,2026-07-28T18:15:00+0200,753.968333,MW,DK1,DK_1,forecast_solar_generation,Solar,2026-08-09T16:53:20Z
2026-08-09T16:49:56Z,2026-08-09T18:49:56+0200,eeb12da0-7c50-4259-bd40-a1d833ebd7ef,2026-07-28T16:30:00Z,2026-07-28T18:30:00+0200,662.616666,MW,DK1,DK_1,forecast_solar_generation,Solar,2026-08-09T16:53:20Z
2026-08-09T16:49:56Z,2026-08-09T18:49:56+0200,eeb12da0-7c50-4259-bd40-a1d833ebd7ef,2026-07-28T16:45:00Z,2026-07-28T18:45:00+0200,568.926666,MW,DK1,DK_1,forecast_solar_generation,Solar,2026-08-09T16:53:20Z
2026-08-09T16:49:56Z,2026-08-09T18:49:56+0200,eeb12da0-7c50-4259-bd40-a1d833ebd7ef,2026-07-28T17:00:00Z,2026-07-28T19:00:00+0200,476.95,MW,DK1,DK_1,forecast_solar_generation,Solar,2026-08-09T16:53:20Z
2026-08-09T16:49:56Z,2026-08-09T18:49:56+0200,eeb12da0-7c50-4259-bd40-a1d833ebd7ef,2026-07-28T17:15:00Z,2026-07-28T19:15:00+0200,390.461666,MW,DK1,DK_1,forecast_solar_generation,Solar,2026-08-09T16:53:20Z
2026-08-09T16:49:56Z,2026-08-09T18:49:56+0200,eeb12da0-7c50-4259-bd40-a1d833ebd7ef,2026-07-28T17:30:00Z,2026-07-28T19:30:00+0200,311.113333,MW,DK1,DK_1,forecast_solar_generation,Solar,2026-08-09T16:53:20Z
2026-08-09T16:49:56Z,2026-08-09T18:49:56+0200,eeb12da0-7c50-4259-bd40-a1d833ebd7ef,2026-07-28T17:45:00Z,2026-07-28T19:45:00+0200,238.005,MW,DK1,DK_1,forecast_solar_generation,Solar,2026-08-09T16:53:20Z
2026-08-09T16:49:56Z,2026-08-09T18:49:56+0200,eeb12da0-7c50-4259-bd40-a1d833ebd7ef,2026-07-28T18:00:00Z,2026-07-28T20:00:00+0200,172.875,MW,DK1,DK_1,forecast_solar_generation,Solar,2026-08-09T16:53:20Z
2026-08-09T16:49:56Z,2026-08-09T18:49:56+0200,eeb12da0-7c50-4259-bd40-a1d833ebd7ef,2026-07-28T18:15:00Z,2026-07-28T20:15:00+0200,116.943333,MW,DK1,DK_1,forecast_solar_generation,Solar,2026-08-09T16:53:20Z
2026-08-09T16:49:56Z,2026-08-09T18:49:56+0200,eeb12da0-7c50-4259-bd40-a1d833ebd7ef,2026-07-28T18:30:00Z,2026-07-28T20:30:00+0200,70.525,MW,DK1,DK_1,forecast_solar_generation,Solar,2026-08-09T16:53:20Z
2026-08-09T16:49:56Z,2026-08-09T18:49:56+0200,eeb12da0-7c50-4259-bd40-a1d833ebd7ef,2026-07-28T18:45:00Z,2026-07-28T20:45:00+0200,34.386666,MW,DK1,DK_1,forecast_solar_generation,Solar,2026-08-09T16:53:20Z
2026-08-09T16:49:56Z,2026-08-09T18:49:56+0200,eeb12da0-7c50-4259-bd40-a1d833ebd7ef,2026-07-28T19:00:00Z,2026-07-28T21:00:00+0200,10.686666,MW,DK1,DK_1,forecast_solar_generation,Solar,2026-08-09T16:53:20Z
2026-08-09T16:49:56Z,2026-08-09T18:49:56+0200,eeb12da0-7c50-4259-bd40-a1d833ebd7ef,2026-07-28T19:15:00Z,2026-07-28T21:15:00+0200,1.593333,MW,DK1,DK_1,forecast_solar_generation,Solar,2026-08-09T16:53:20Z
2026-08-09T16:49:56Z,2026-08-09T18:49:56+0200,eeb12da0-7c50-4259-bd40-a1d833ebd7ef,2026-07-28T19:30:00Z,2026-07-28T21:30:00+0200,0.061666,MW,DK1,DK_1,forecast_solar_generation,Solar,2026-08-09T16:53:20Z
2026-08-09T16:49:56Z,2026-08-09T18:49:56+0200,eeb12da0-7c50-4259-bd40-a1d833ebd7ef,2026-07-28T19:45:00Z,2026-07-28T21:45:00+0200,0.0,MW,DK1,DK_1,forecast_solar_generation,Solar,2026-08-09T16:53:20Z
2026-08-09T16:49:56Z,2026-08-09T18:49:56+0200,eeb12da0-7c50-4259-bd40-a1d833ebd7ef,2026-07-28T20:00:00Z,2026-07-28T22:00:00+0200,0.0,MW,DK1,DK_1,forecast_solar_generation,Solar,2026-08-09T16:53:20Z
2026-08-09T16:49:56Z,2026-08-09T18:49:56+0200,eeb12da0-7c50-4259-bd40-a1d833ebd7ef,2026-07-28T20:15:00Z,2026-07-28T22:15:00+0200,0.0,MW,DK1,DK_1,forecast_solar_generation,Solar,2026-08-09T16:53:20Z
2026-08-09T16:49:56Z,2026-08-09T18:49:56+0200,eeb12da0-7c50-4259-bd40-a1d833ebd7ef,2026-07-28T20:30:00Z,2026-07-28T22:30:00+0200,0.0,MW,DK1,DK_1,forecast_solar_generation,Solar,2026-08-09T16:53:20Z
2026-08-09T16:49:56Z,2026-08-09T18:49:56+0200,eeb12da0-7c50-4259-bd40-a1d833ebd7ef,2026-07-28T20:45:00Z,2026-07-28T22:45:00+0200,0.0,MW,DK1,DK_1,forecast_solar_generation,Solar,2026-08-09T16:53:20Z
2026-08-09T16:49:56Z,2026-08-09T18:49:56+0200,eeb12da0-7c50-4259-bd40-a1d833ebd7ef,2026-07-28T21:00:00Z,2026-07-28T23:00:00+0200,0.0,MW,DK1,DK_1,forecast_solar_generation,Solar,2026-08-09T16:53:20Z
2026-08-09T16:49:56Z,2026-08-09T18:49:56+0200,eeb12da0-7c50-4259-bd40-a1d833ebd7ef,2026-07-28T21:15:00Z,2026-07-28T23:15:00+0200,0.0,MW,DK1,DK_1,forecast_solar_generation,Solar,2026-08-09T16:53:20Z
2026-08-09T16:49:56Z,2026-08-09T18:49:56+0200,eeb12da0-7c50-4259-bd40-a1d833ebd7ef,2026-07-28T21:30:00Z,2026-07-28T23:30:00+0200,0.0,MW,DK1,DK_1,forecast_solar_generation,Solar,2026-08-09T16:53:20Z
2026-08-09T16:49:56Z,2026-08-09T18:49:56+0200,eeb12da0-7c50-4259-bd40-a1d833ebd7ef,2026-07-28T21:45:00Z,2026-07-28T23:45:00+0200,0.0,MW,DK1,DK_1,forecast_solar_generation,Solar,2026-08-09T16:53:20Z
2026-08-09T16:49:56Z,2026-08-09T18:49:56+0200,eeb12da0-7c50-4259-bd40-a1d833ebd7ef,2026-07-28T22:00:00Z,2026-07-29T00:00:00+0200,0.0,MW,DK1,DK_1,forecast_solar_generation,Solar,2026-08-09T16:53:20Z
2026-08-09T16:49:56Z,2026-08-09T18:49:56+0200,eeb12da0-7c50-4259-bd40-a1d833ebd7ef,2026-07-28T22:15:00Z,2026-07-29T00:15:00+0200,0.0,MW,DK1,DK_1,forecast_solar_generation,Solar,2026-08-09T16:53:20Z
2026-08-09T16:49:56Z,2026-08-09T18:49:56+0200,eeb12da0-7c50-4259-bd40-a1d833ebd7ef,2026-07-28T22:30:00Z,2026-07-29T00:30:00+0200,0.0,MW,DK1,DK_1,forecast_solar_generation,Solar,2026-08-09T16:53:20Z
2026-08-09T16:49:56Z,2026-08-09T18:49:56+0200,eeb12da0-7c50-4259-bd40-a1d833ebd7ef,2026-07-28T22:45:00Z,2026-07-29T00:45:00+0200,0.0,MW,DK1,DK_1,forecast_solar_generation,Solar,2026-08-09T16:53:20Z
2026-08-09T16:49:56Z,2026-08-09T18:49:56+0200,eeb12da0-7c50-4259-bd40-a1d833ebd7ef,2026-07-28T23:00:00Z,2026-07-29T01:00:00+0200,0.0,MW,DK1,DK_1,forecast_solar_generation,Solar,2026-08-09T16:53:20Z
2026-08-09T16:49:56Z,2026-08-09T18:49:56+0200,eeb12da0-7c50-4259-bd40-a1d833ebd7ef,2026-07-28T23:15:00Z,2026-07-29T01:15:00+0200,0.0,MW,DK1,DK_1,forecast_solar_generation,Solar,2026-08-09T16:53:20Z
2026-08-09T16:49:56Z,2026-08-09T18:49:56+0200,eeb12da0-7c50-4259-bd40-a1d833ebd7ef,2026-07-28T23:30:00Z,2026-07-29T01:30:00+0200,0.0,MW,DK1,DK_1,forecast_solar_generation,Solar,2026-08-09T16:53:20Z
2026-08-09T16:49:56Z,2026-08-09T18:49:56+0200,eeb12da0-7c50-4259-bd40-a1d833ebd7ef,2026-07-28T23:45:00Z,2026-07-29T01:45:00+0200,0.0,MW,DK1,DK_1,forecast_solar_generation,Solar,2026-08-09T16:53:20Z
2026-08-09T16:49:56Z,2026-08-09T18:49:56+0200,eeb12da0-7c50-4259-bd40-a1d833ebd7ef,2026-07-29T00:00:00Z,2026-07-29T02:00:00+0200,0.0,MW,DK1,DK_1,forecast_solar_generation,Solar,2026-08-09T16:53:20Z
2026-08-09T16:49:56Z,2026-08-09T18:49:56+0200,eeb12da0-7c50-4259-bd40-a1d833ebd7ef,2026-07-29T00:15:00Z,2026-07-29T02:15:00+0200,0.0,MW,DK1,DK_1,forecast_solar_generation,Solar,2026-08-09T16:53:20Z
2026-08-09T16:49:56Z,2026-08-09T18:49:56+0200,eeb12da0-7c50-4259-bd40-a1d833ebd7ef,2026-07-29T00:30:00Z,2026-07-29T02:30:00+0200,0.0,MW,DK1,DK_1,forecast_solar_generation,Solar,2026-08-09T16:53:20Z
2026-08-09T16:49:56Z,2026-08-09T18:49:56+0200,eeb12da0-7c50-4259-bd40-a1d833ebd7ef,2026-07-29T00:45:00Z,2026-07-29T02:45:00+0200,0.0,MW,DK1,DK_1,forecast_solar_generation,Solar,2026-08-09T16:53:20Z
2026-08-09T16:49:56Z,2026-08-09T18:49:56+0200,eeb12da0-7c50-4259-bd40-a1d833ebd7ef,2026-07-29T01:00:00Z,2026-07-29T03:00:00+0200,0.0,MW,DK1,DK_1,forecast_solar_generation,Solar,2026-08-09T16:53:20Z
2026-08-09T16:49:56Z,2026-08-09T18:49:56+0200,eeb12da0-7c50-4259-bd40-a1d833ebd7ef,2026-07-29T01:15:00Z,2026-07-29T03:15:00+0200,0.0,MW,DK1,DK_1,forecast_solar_generation,Solar,2026-08-09T16:53:20Z
2026-08-09T16:49:56Z,2026-08-09T18:49:56+0200,eeb12da0-7c50-4259-bd40-a1d833ebd7ef,2026-07-29T01:30:00Z,2026-07-29T03:30:00+0200,0.0,MW,DK1,DK_1,forecast_solar_generation,Solar,2026-08-09T16:53:20Z
2026-08-09T16:49:56Z,2026-08-09T18:49:56+0200,eeb12da0-7c50-4259-bd40-a1d833ebd7ef,2026-07-29T01:45:00Z,2026-07-29T03:45:00+0200,0.0,MW,DK1,DK_1,forecast_solar_generation,Solar,2026-08-09T16:53:20Z
2026-08-09T16:49:56Z,2026-08-09T18:49:56+0200,eeb12da0-7c50-4259-bd40-a1d833ebd7ef,2026-07-29T02:00:00Z,2026-07-29T04:00:00+0200,0.0,MW,DK1,DK_1,forecast_solar_generation,Solar,2026-08-09T16:53:20Z
2026-08-09T16:49:56Z,2026-08-09T18:49:56+0200,eeb12da0-7c50-4259-bd40-a1d833ebd7ef,2026-07-29T02:15:00Z,2026-07-29T04:15:00+0200,0.0,MW,DK1,DK_1,forecast_solar_generation,Solar,2026-08-09T16:53:20Z
2026-08-09T16:49:56Z,2026-08-09T18:49:56+0200,eeb12da0-7c50-4259-bd40-a1d833ebd7ef,2026-07-29T02:30:00Z,2026-07-29T04:30:00+0200,0.0,MW,DK1,DK_1,forecast_solar_generation,Solar,2026-08-09T16:53:20Z
2026-08-09T16:49:56Z,2026-08-09T18:49:56+0200,eeb12da0-7c50-4259-bd40-a1d833ebd7ef,2026-07-29T02:45:00Z,2026-07-29T04:45:00+0200,0.0,MW,DK1,DK_1,forecast_solar_generation,Solar,2026-08-09T16:53:20Z
2026-08-09T16:49:56Z,2026-08-09T18:49:56+0200,eeb12da0-7c50-4259-bd40-a1d833ebd7ef,2026-07-29T03:00:00Z,2026-07-29T05:00:00+0200,0.0,MW,DK1,DK_1,forecast_solar_generation,Solar,2026-08-09T16:53:20Z
2026-08-09T16:49:56Z,2026-08-09T18:49:56+0200,eeb12da0-7c50-4259-bd40-a1d833ebd7ef,2026-07-29T03:15:00Z,2026-07-29T05:15:00+0200,0.153333,MW,DK1,DK_1,forecast_solar_generation,Solar,2026-08-09T16:53:20Z
2026-08-09T16:49:56Z,2026-08-09T18:49:56+0200,eeb12da0-7c50-4259-bd40-a1d833ebd7ef,2026-07-29T03:30:00Z,2026-07-29T05:30:00+0200,3.16,MW,DK1,DK_1,forecast_solar_generation,Solar,2026-08-09T16:53:20Z
2026-08-09T16:49:56Z,2026-08-09T18:49:56+0200,eeb12da0-7c50-4259-bd40-a1d833ebd7ef,2026-07-29T03:45:00Z,2026-07-29T05:45:00+0200,19.573333,MW,DK1,DK_1,forecast_solar_generation,Solar,2026-08-09T16:53:20Z
2026-08-09T16:49:56Z,2026-08-09T18:49:56+0200,eeb12da0-7c50-4259-bd40-a1d833ebd7ef,2026-07-29T04:00:00Z,2026-07-29T06:00:00+0200,55.621666,MW,DK1,DK_1,forecast_solar_generation,Solar,2026-08-09T16:53:20Z
2026-08-09T16:49:56Z,2026-08-09T18:49:56+0200,eeb12da0-7c50-4259-bd40-a1d833ebd7ef,2026-07-29T04:15:00Z,2026-07-29T06:15:00+0200,105.16,MW,DK1,DK_1,forecast_solar_generation,Solar,2026-08-09T16:53:20Z
2026-08-09T16:49:56Z,2026-08-09T18:49:56+0200,eeb12da0-7c50-4259-bd40-a1d833ebd7ef,2026-07-29T04:30:00Z,2026-07-29T06:30:00+0200,166.006666,MW,DK1,DK_1,forecast_solar_generation,Solar,2026-08-09T16:53:20Z
2026-08-09T16:49:56Z,2026-08-09T18:49:56+0200,eeb12da0-7c50-4259-bd40-a1d833ebd7ef,2026-07-29T04:45:00Z,2026-07-29T06:45:00+0200,234.553333,MW,DK1,DK_1,forecast_solar_generation,Solar,2026-08-09T16:53:20Z
2026-08-09T16:49:56Z,2026-08-09T18:49:56+0200,eeb12da0-7c50-4259-bd40-a1d833ebd7ef,2026-07-29T05:00:00Z,2026-07-29T07:00:00+0200,309.441666,MW,DK1,DK_1,forecast_solar_generation,Solar,2026-08-09T16:53:20Z
2026-08-09T16:49:56Z,2026-08-09T18:49:56+0200,eeb12da0-7c50-4259-bd40-a1d833ebd7ef,2026-07-29T05:15:00Z,2026-07-29T07:15:00+0200,390.293333,MW,DK1,DK_1,forecast_solar_generation,Solar,2026-08-09T16:53:20Z
2026-08-09T16:49:56Z,2026-08-09T18:49:56+0200,eeb12da0-7c50-4259-bd40-a1d833ebd7ef,2026-07-29T05:30:00Z,2026-07-29T07:30:00+0200,479.254999,MW,DK1,DK_1,forecast_solar_generation,Solar,2026-08-09T16:53:20Z
2026-08-09T16:49:56Z,2026-08-09T18:49:56+0200,eeb12da0-7c50-4259-bd40-a1d833ebd7ef,2026-07-29T05:45:00Z,2026-07-29T07:45:00+0200,571.858333,MW,DK1,DK_1,forecast_solar_generation,Solar,2026-08-09T16:53:20Z
2026-08-09T16:49:56Z,2026-08-09T18:49:56+0200,eeb12da0-7c50-4259-bd40-a1d833ebd7ef,2026-07-29T06:00:00Z,2026-07-29T08:00:00+0200,665.54,MW,DK1,DK_1,forecast_solar_generation,Solar,2026-08-09T16:53:20Z
2026-08-09T16:49:56Z,2026-08-09T18:49:56+0200,eeb12da0-7c50-4259-bd40-a1d833ebd7ef,2026-07-29T06:15:00Z,2026-07-29T08:15:00+0200,760.171666,MW,DK1,DK_1,forecast_solar_generation,Solar,2026-08-09T16:53:20Z
2026-08-09T16:49:56Z,2026-08-09T18:49:56+0200,eeb12da0-7c50-4259-bd40-a1d833ebd7ef,2026-07-29T06:30:00Z,2026-07-29T08:30:00+0200,855.175,MW,DK1,DK_1,forecast_solar_generation,Solar,2026-08-09T16:53:20Z
2026-08-09T16:49:56Z,2026-08-09T18:49:56+0200,eeb12da0-7c50-4259-bd40-a1d833ebd7ef,2026-07-29T06:45:00Z,2026-07-29T08:45:00+0200,946.84,MW,DK1,DK_1,forecast_solar_generation,Solar,2026-08-09T16:53:20Z
2026-08-09T16:49:56Z,2026-08-09T18:49:56+0200,eeb12da0-7c50-4259-bd40-a1d833ebd7ef,2026-07-29T07:00:00Z,2026-07-29T09:00:00+0200,1035.48,MW,DK1,DK_1,forecast_solar_generation,Solar,2026-08-09T16:53:20Z
2026-08-09T16:49:56Z,2026-08-09T18:49:56+0200,eeb12da0-7c50-4259-bd40-a1d833ebd7ef,2026-07-29T07:15:00Z,2026-07-29T09:15:00+0200,1123.785,MW,DK1,DK_1,forecast_solar_generation,Solar,2026-08-09T16:53:20Z
2026-08-09T16:49:56Z,2026-08-09T18:49:56+0200,eeb12da0-7c50-4259-bd40-a1d833ebd7ef,2026-07-29T07:30:00Z,2026-07-29T09:30:00+0200,1216.409999,MW,DK1,DK_1,forecast_solar_generation,Solar,2026-08-09T16:53:20Z
2026-08-09T16:49:56Z,2026-08-09T18:49:56+0200,eeb12da0-7c50-4259-bd40-a1d833ebd7ef,2026-07-29T07:45:00Z,2026-07-29T09:45:00+0200,1318.378333,MW,DK1,DK_1,forecast_solar_generation,Solar,2026-08-09T16:53:20Z
2026-08-09T16:49:56Z,2026-08-09T18:49:56+0200,eeb12da0-7c50-4259-bd40-a1d833ebd7ef,2026-07-29T08:00:00Z,2026-07-29T10:00:00+0200,1424.03,MW,DK1,DK_1,forecast_solar_generation,Solar,2026-08-09T16:53:20Z
2026-08-09T16:49:56Z,2026-08-09T18:49:56+0200,eeb12da0-7c50-4259-bd40-a1d833ebd7ef,2026-07-29T08:15:00Z,2026-07-29T10:15:00+0200,1525.203333,MW,DK1,DK_1,forecast_solar_generation,Solar,2026-08-09T16:53:20Z
2026-08-09T16:49:56Z,2026-08-09T18:49:56+0200,eeb12da0-7c50-4259-bd40-a1d833ebd7ef,2026-07-29T08:30:00Z,2026-07-29T10:30:00+0200,1616.064999,MW,DK1,DK_1,forecast_solar_generation,Solar,2026-08-09T16:53:20Z
2026-08-09T16:49:56Z,2026-08-09T18:49:56+0200,eeb12da0-7c50-4259-bd40-a1d833ebd7ef,2026-07-29T08:45:00Z,2026-07-29T10:45:00+0200,1701.201666,MW,DK1,DK_1,forecast_solar_generation,Solar,2026-08-09T16:53:20Z
2026-08-09T16:49:56Z,2026-08-09T18:49:56+0200,eeb12da0-7c50-4259-bd40-a1d833ebd7ef,2026-07-29T09:00:00Z,2026-07-29T11:00:00+0200,1780.723333,MW,DK1,DK_1,forecast_solar_generation,Solar,2026-08-09T16:53:20Z
2026-08-09T16:49:56Z,2026-08-09T18:49:56+0200,eeb12da0-7c50-4259-bd40-a1d833ebd7ef,2026-07-29T09:15:00Z,2026-07-29T11:15:00+0200,1849.161666,MW,DK1,DK_1,forecast_solar_generation,Solar,2026-08-09T16:53:20Z
2026-08-09T16:49:56Z,2026-08-09T18:49:56+0200,eeb12da0-7c50-4259-bd40-a1d833ebd7ef,2026-07-29T09:30:00Z,2026-07-29T11:30:00+0200,1906.313333,MW,DK1,DK_1,forecast_solar_generation,Solar,2026-08-09T16:53:20Z
2026-08-09T16:49:56Z,2026-08-09T18:49:56+0200,eeb12da0-7c50-4259-bd40-a1d833ebd7ef,2026-07-29T09:45:00Z,2026-07-29T11:45:00+0200,1945.823333,MW,DK1,DK_1,forecast_solar_generation,Solar,2026-08-09T16:53:20Z
2026-08-09T16:49:56Z,2026-08-09T18:49:56+0200,eeb12da0-7c50-4259-bd40-a1d833ebd7ef,2026-07-29T10:00:00Z,2026-07-29T12:00:00+0200,1887.965,MW,DK1,DK_1,forecast_solar_generation,Solar,2026-08-09T16:53:20Z
2026-08-09T16:49:56Z,2026-08-09T18:49:56+0200,eeb12da0-7c50-4259-bd40-a1d833ebd7ef,2026-07-29T10:15:00Z,2026-07-29T12:15:00+0200,1745.291666,MW,DK1,DK_1,forecast_solar_generation,Solar,2026-08-09T16:53:20Z
2026-08-09T16:49:56Z,2026-08-09T18:49:56+0200,eeb12da0-7c50-4259-bd40-a1d833ebd7ef,2026-07-29T10:30:00Z,2026-07-29T12:30:00+0200,1771.29,MW,DK1,DK_1,forecast_solar_generation,Solar,2026-08-09T16:53:20Z
2026-08-09T16:49:56Z,2026-08-09T18:49:56+0200,eeb12da0-7c50-4259-bd40-a1d833ebd7ef,2026-07-29T10:45:00Z,2026-07-29T12:45:00+0200,1812.318333,MW,DK1,DK_1,forecast_solar_generation,Solar,2026-08-09T16:53:20Z
2026-08-09T16:49:56Z,2026-08-09T18:49:56+0200,eeb12da0-7c50-4259-bd40-a1d833ebd7ef,2026-07-29T11:00:00Z,2026-07-29T13:00:00+0200,1897.321666,MW,DK1,DK_1,forecast_solar_generation,Solar,2026-08-09T16:53:20Z
2026-08-09T16:49:56Z,2026-08-09T18:49:56+0200,eeb12da0-7c50-4259-bd40-a1d833ebd7ef,2026-07-29T11:15:00Z,2026-07-29T13:15:00+0200,1913.095,MW,DK1,DK_1,forecast_solar_generation,Solar,2026-08-09T16:53:20Z
2026-08-09T16:49:56Z,2026-08-09T18:49:56+0200,eeb12da0-7c50-4259-bd40-a1d833ebd7ef,2026-07-29T11:30:00Z,2026-07-29T13:30:00+0200,1870.17,MW,DK1,DK_1,forecast_solar_generation,Solar,2026-08-09T16:53:20Z
2026-08-09T16:49:56Z,2026-08-09T18:49:56+0200,eeb12da0-7c50-4259-bd40-a1d833ebd7ef,2026-07-29T11:45:00Z,2026-07-29T13:45:00+0200,1872.606666,MW,DK1,DK_1,forecast_solar_generation,Solar,2026-08-09T16:53:20Z
2026-08-09T16:49:56Z,2026-08-09T18:49:56+0200,eeb12da0-7c50-4259-bd40-a1d833ebd7ef,2026-07-29T12:00:00Z,2026-07-29T14:00:00+0200,1854.151666,MW,DK1,DK_1,forecast_solar_generation,Solar,2026-08-09T16:53:20Z
2026-08-09T16:49:56Z,2026-08-09T18:49:56+0200,eeb12da0-7c50-4259-bd40-a1d833ebd7ef,2026-07-29T12:15:00Z,2026-07-29T14:15:00+0200,1850.665,MW,DK1,DK_1,forecast_solar_generation,Solar,2026-08-09T16:53:20Z
2026-08-09T16:49:56Z,2026-08-09T18:49:56+0200,eeb12da0-7c50-4259-bd40-a1d833ebd7ef,2026-07-29T12:30:00Z,2026-07-29T14:30:00+0200,1844.606666,MW,DK1,DK_1,forecast_solar_generation,Solar,2026-08-09T16:53:20Z
2026-08-09T16:49:56Z,2026-08-09T18:49:56+0200,eeb12da0-7c50-4259-bd40-a1d833ebd7ef,2026-07-29T12:45:00Z,2026-07-29T14:45:00+0200,1852.74,MW,DK1,DK_1,forecast_solar_generation,Solar,2026-08-09T16:53:20Z
2026-08-09T16:49:56Z,2026-08-09T18:49:56+0200,eeb12da0-7c50-4259-bd40-a1d833ebd7ef,2026-07-29T13:00:00Z,2026-07-29T15:00:00+0200,1856.563333,MW,DK1,DK_1,forecast_solar_generation,Solar,2026-08-09T16:53:20Z
2026-08-09T16:49:56Z,2026-08-09T18:49:56+0200,eeb12da0-7c50-4259-bd40-a1d833ebd7ef,2026-07-29T13:15:00Z,2026-07-29T15:15:00+0200,1986.381666,MW,DK1,DK_1,forecast_solar_generation,Solar,2026-08-09T16:53:20Z
2026-08-09T16:49:56Z,2026-08-09T18:49:56+0200,eeb12da0-7c50-4259-bd40-a1d833ebd7ef,2026-07-29T13:30:00Z,2026-07-29T15:30:00+0200,2111.968333,MW,DK1,DK_1,forecast_solar_generation,Solar,2026-08-09T16:53:20Z
2026-08-09T16:49:56Z,2026-08-09T18:49:56+0200,eeb12da0-7c50-4259-bd40-a1d833ebd7ef,2026-07-29T13:45:00Z,2026-07-29T15:45:00+0200,2080.191666,MW,DK1,DK_1,forecast_solar_generation,Solar,2026-08-09T16:53:20Z
2026-08-09T16:49:56Z,2026-08-09T18:49:56+0200,eeb12da0-7c50-4259-bd40-a1d833ebd7ef,2026-07-29T14:00:00Z,2026-07-29T16:00:00+0200,2029.979999,MW,DK1,DK_1,forecast_solar_generation,Solar,2026-08-09T16:53:20Z
2026-08-09T16:49:56Z,2026-08-09T18:49:56+0200,eeb12da0-7c50-4259-bd40-a1d833ebd7ef,2026-07-29T14:15:00Z,2026-07-29T16:15:00+0200,1968.435,MW,DK1,DK_1,forecast_solar_generation,Solar,2026-08-09T16:53:20Z
2026-08-09T16:49:56Z,2026-08-09T18:49:56+0200,eeb12da0-7c50-4259-bd40-a1d833ebd7ef,2026-07-29T14:30:00Z,2026-07-29T16:30:00+0200,1895.474999,MW,DK1,DK_1,forecast_solar_generation,Solar,2026-08-09T16:53:20Z
2026-08-09T16:49:56Z,2026-08-09T18:49:56+0200,eeb12da0-7c50-4259-bd40-a1d833ebd7ef,2026-07-29T14:45:00Z,2026-07-29T16:45:00+0200,1813.98,MW,DK1,DK_1,forecast_solar_generation,Solar,2026-08-09T16:53:20Z
2026-08-09T16:49:56Z,2026-08-09T18:49:56+0200,eeb12da0-7c50-4259-bd40-a1d833ebd7ef,2026-07-29T15:00:00Z,2026-07-29T17:00:00+0200,1721.558333,MW,DK1,DK_1,forecast_solar_generation,Solar,2026-08-09T16:53:20Z
2026-08-09T16:49:56Z,2026-08-09T18:49:56+0200,eeb12da0-7c50-4259-bd40-a1d833ebd7ef,2026-07-29T15:15:00Z,2026-07-29T17:15:00+0200,1616.288333,MW,DK1,DK_1,forecast_solar_generation,Solar,2026-08-09T16:53:20Z
2026-08-09T16:49:56Z,2026-08-09T18:49:56+0200,eeb12da0-7c50-4259-bd40-a1d833ebd7ef,2026-07-29T15:30:00Z,2026-07-29T17:30:00+0200,1499.555,MW,DK1,DK_1,forecast_solar_generation,Solar,2026-08-09T16:53:20Z
2026-08-09T16:49:56Z,2026-08-09T18:49:56+0200,eeb12da0-7c50-4259-bd40-a1d833ebd7ef,2026-07-29T15:45:00Z,2026-07-29T17:45:00+0200,1377.571666,MW,DK1,DK_1,forecast_solar_generation,Solar,2026-08-09T16:53:20Z
2026-08-09T16:49:56Z,2026-08-09T18:49:56+0200,eeb12da0-7c50-4259-bd40-a1d833ebd7ef,2026-07-29T16:00:00Z,2026-07-29T18:00:00+0200,1264.543333,MW,DK1,DK_1,forecast_solar_generation,Solar,2026-08-09T16:53:20Z
2026-08-09T16:49:56Z,2026-08-09T18:49:56+0200,eeb12da0-7c50-4259-bd40-a1d833ebd7ef,2026-07-29T16:15:00Z,2026-07-29T18:15:00+0200,1133.938333,MW,DK1,DK_1,forecast_solar_generation,Solar,2026-08-09T16:53:20Z
2026-08-09T16:49:56Z,2026-08-09T18:49:56+0200,eeb12da0-7c50-4259-bd40-a1d833ebd7ef,2026-07-29T16:30:00Z,2026-07-29T18:30:00+0200,1000.523333,MW,DK1,DK_1,forecast_solar_generation,Solar,2026-08-09T16:53:20Z
2026-08-09T16:49:56Z,2026-08-09T18:49:56+0200,eeb12da0-7c50-4259-bd40-a1d833ebd7ef,2026-07-29T16:45:00Z,2026-07-29T18:45:00+0200,867.456666,MW,DK1,DK_1,forecast_solar_generation,Solar,2026-08-09T16:53:20Z
2026-08-09T16:49:56Z,2026-08-09T18:49:56+0200,eeb12da0-7c50-4259-bd40-a1d833ebd7ef,2026-07-29T17:00:00Z,2026-07-29T19:00:00+0200,736.198333,MW,DK1,DK_1,forecast_solar_generation,Solar,2026-08-09T16:53:20Z
2026-08-09T16:49:56Z,2026-08-09T18:49:56+0200,eeb12da0-7c50-4259-bd40-a1d833ebd7ef,2026-07-29T17:15:00Z,2026-07-29T19:15:00+0200,608.54,MW,DK1,DK_1,forecast_solar_generation,Solar,2026-08-09T16:53:20Z
2026-08-09T16:49:56Z,2026-08-09T18:49:56+0200,eeb12da0-7c50-4259-bd40-a1d833ebd7ef,2026-07-29T17:30:00Z,2026-07-29T19:30:00+0200,486.755,MW,DK1,DK_1,forecast_solar_generation,Solar,2026-08-09T16:53:20Z
2026-08-09T16:49:56Z,2026-08-09T18:49:56+0200,eeb12da0-7c50-4259-bd40-a1d833ebd7ef,2026-07-29T17:45:00Z,2026-07-29T19:45:00+0200,373.911666,MW,DK1,DK_1,forecast_solar_generation,Solar,2026-08-09T16:53:20Z
2026-08-09T16:49:56Z,2026-08-09T18:49:56+0200,eeb12da0-7c50-4259-bd40-a1d833ebd7ef,2026-07-29T18:00:00Z,2026-07-29T20:00:00+0200,272.826666,MW,DK1,DK_1,forecast_solar_generation,Solar,2026-08-09T16:53:20Z
2026-08-09T16:49:56Z,2026-08-09T18:49:56+0200,eeb12da0-7c50-4259-bd40-a1d833ebd7ef,2026-07-29T18:15:00Z,2026-07-29T20:15:00+0200,184.869999,MW,DK1,DK_1,forecast_solar_generation,Solar,2026-08-09T16:53:20Z
2026-08-09T16:49:56Z,2026-08-09T18:49:56+0200,eeb12da0-7c50-4259-bd40-a1d833ebd7ef,2026-07-29T18:30:00Z,2026-07-29T20:30:00+0200,111.078333,MW,DK1,DK_1,forecast_solar_generation,Solar,2026-08-09T16:53:20Z
2026-08-09T16:49:56Z,2026-08-09T18:49:56+0200,eeb12da0-7c50-4259-bd40-a1d833ebd7ef,2026-07-29T18:45:00Z,2026-07-29T20:45:00+0200,53.178333,MW,DK1,DK_1,forecast_solar_generation,Solar,2026-08-09T16:53:20Z
2026-08-09T16:49:56Z,2026-08-09T18:49:56+0200,eeb12da0-7c50-4259-bd40-a1d833ebd7ef,2026-07-29T19:00:00Z,2026-07-29T21:00:00+0200,15.556666,MW,DK1,DK_1,forecast_solar_generation,Solar,2026-08-09T16:53:20Z
2026-08-09T16:49:56Z,2026-08-09T18:49:56+0200,eeb12da0-7c50-4259-bd40-a1d833ebd7ef,2026-07-29T19:15:00Z,2026-07-29T21:15:00+0200,1.968333,MW,DK1,DK_1,forecast_solar_generation,Solar,2026-08-09T16:53:20Z
2026-08-09T16:49:56Z,2026-08-09T18:49:56+0200,eeb12da0-7c50-4259-bd40-a1d833ebd7ef,2026-07-29T19:30:00Z,2026-07-29T21:30:00+0200,0.049999,MW,DK1,DK_1,forecast_solar_generation,Solar,2026-08-09T16:53:20Z
2026-08-09T16:49:56Z,2026-08-09T18:49:56+0200,eeb12da0-7c50-4259-bd40-a1d833ebd7ef,2026-07-29T19:45:00Z,2026-07-29T21:45:00+0200,0.0,MW,DK1,DK_1,forecast_solar_generation,Solar,2026-08-09T16:53:20Z
2026-08-09T16:49:56Z,2026-08-09T18:49:56+0200,eeb12da0-7c50-4259-bd40-a1d833ebd7ef,2026-07-29T20:00:00Z,2026-07-29T22:00:00+0200,0.0,MW,DK1,DK_1,forecast_solar_generation,Solar,2026-08-09T16:53:20Z
2026-08-09T16:49:56Z,2026-08-09T18:49:56+0200,eeb12da0-7c50-4259-bd40-a1d833ebd7ef,2026-07-29T20:15:00Z,2026-07-29T22:15:00+0200,0.0,MW,DK1,DK_1,forecast_solar_generation,Solar,2026-08-09T16:53:20Z
2026-08-09T16:49:56Z,2026-08-09T18:49:56+0200,eeb12da0-7c50-4259-bd40-a1d833ebd7ef,2026-07-29T20:30:00Z,2026-07-29T22:30:00+0200,0.0,MW,DK1,DK_1,forecast_solar_generation,Solar,2026-08-09T16:53:20Z
2026-08-09T16:49:56Z,2026-08-09T18:49:56+0200,eeb12da0-7c50-4259-bd40-a1d833ebd7ef,2026-07-29T20:45:00Z,2026-07-29T22:45:00+0200,0.0,MW,DK1,DK_1,forecast_solar_generation,Solar,2026-08-09T16:53:20Z
2026-08-09T16:49:56Z,2026-08-09T18:49:56+0200,eeb12da0-7c50-4259-bd40-a1d833ebd7ef,2026-07-29T21:00:00Z,2026-07-29T23:00:00+0200,0.0,MW,DK1,DK_1,forecast_solar_generation,Solar,2026-08-09T16:53:20Z
2026-08-09T16:49:56Z,2026-08-09T18:49:56+0200,eeb12da0-7c50-4259-bd40-a1d833ebd7ef,2026-07-29T21:15:00Z,2026-07-29T23:15:00+0200,0.0,MW,DK1,DK_1,forecast_solar_generation,Solar,2026-08-09T16:53:20Z
2026-08-09T16:49:56Z,2026-08-09T18:49:56+0200,eeb12da0-7c50-4259-bd40-a1d833ebd7ef,2026-07-29T21:30:00Z,2026-07-29T23:30:00+0200,0.0,MW,DK1,DK_1,forecast_solar_generation,Solar,2026-08-09T16:53:20Z
2026-08-09T16:49:56Z,2026-08-09T18:49:56+0200,eeb12da0-7c50-4259-bd40-a1d833ebd7ef,2026-07-29T21:45:00Z,2026-07-29T23:45:00+0200,0.0,MW,DK1,DK_1,forecast_solar_generation,Solar,2026-08-09T16:53:20Z
2026-08-09T16:49:56Z,2026-08-09T18:49:56+0200,eeb12da0-7c50-4259-bd40-a1d833ebd7ef,2026-07-29T22:00:00Z,2026-07-30T00:00:00+0200,0.0,MW,DK1,DK_1,forecast_solar_generation,Solar,2026-08-09T16:53:20Z
2026-08-09T16:49:56Z,2026-08-09T18:49:56+0200,eeb12da0-7c50-4259-bd40-a1d833ebd7ef,2026-07-29T22:15:00Z,2026-07-30T00:15:00+0200,0.0,MW,DK1,DK_1,forecast_solar_generation,Solar,2026-08-09T16:53:20Z
2026-08-09T16:49:56Z,2026-08-09T18:49:56+0200,eeb12da0-7c50-4259-bd40-a1d833ebd7ef,2026-07-29T22:30:00Z,2026-07-30T00:30:00+0200,0.0,MW,DK1,DK_1,forecast_solar_generation,Solar,2026-08-09T16:53:20Z
2026-08-09T16:49:56Z,2026-08-09T18:49:56+0200,eeb12da0-7c50-4259-bd40-a1d833ebd7ef,2026-07-29T22:45:00Z,2026-07-30T00:45:00+0200,0.0,MW,DK1,DK_1,forecast_solar_generation,Solar,2026-08-09T16:53:20Z
2026-08-09T16:49:56Z,2026-08-09T18:49:56+0200,eeb12da0-7c50-4259-bd40-a1d833ebd7ef,2026-07-29T23:00:00Z,2026-07-30T01:00:00+0200,0.0,MW,DK1,DK_1,forecast_solar_generation,Solar,2026-08-09T16:53:20Z
2026-08-09T16:49:56Z,2026-08-09T18:49:56+0200,eeb12da0-7c50-4259-bd40-a1d833ebd7ef,2026-07-29T23:15:00Z,2026-07-30T01:15:00+0200,0.0,MW,DK1,DK_1,forecast_solar_generation,Solar,2026-08-09T16:53:20Z
2026-08-09T16:49:56Z,2026-08-09T18:49:56+0200,eeb12da0-7c50-4259-bd40-a1d833ebd7ef,2026-07-29T23:30:00Z,2026-07-30T01:30:00+0200,0.0,MW,DK1,DK_1,forecast_solar_generation,Solar,2026-08-09T16:53:20Z
2026-08-09T16:49:56Z,2026-08-09T18:49:56+0200,eeb12da0-7c50-4259-bd40-a1d833ebd7ef,2026-07-29T23:45:00Z,2026-07-30T01:45:00+0200,0.0,MW,DK1,DK_1,forecast_solar_generation,Solar,2026-08-09T16:53:20Z
2026-08-09T16:49:56Z,2026-08-09T18:49:56+0200,eeb12da0-7c50-4259-bd40-a1d833ebd7ef,2026-07-30T00:00:00Z,2026-07-30T02:00:00+0200,0.0,MW,DK1,DK_1,forecast_solar_generation,Solar,2026-08-09T16:53:20Z
2026-08-09T16:49:56Z,2026-08-09T18:49:56+0200,eeb12da0-7c50-4259-bd40-a1d833ebd7ef,2026-07-30T00:15:00Z,2026-07-30T02:15:00+0200,0.0,MW,DK1,DK_1,forecast_solar_generation,Solar,2026-08-09T16:53:20Z
2026-08-09T16:49:56Z,2026-08-09T18:49:56+0200,eeb12da0-7c50-4259-bd40-a1d833ebd7ef,2026-07-30T00:30:00Z,2026-07-30T02:30:00+0200,0.0,MW,DK1,DK_1,forecast_solar_generation,Solar,2026-08-09T16:53:20Z
2026-08-09T16:49:56Z,2026-08-09T18:49:56+0200,eeb12da0-7c50-4259-bd40-a1d833ebd7ef,2026-07-30T00:45:00Z,2026-07-30T02:45:00+0200,0.0,MW,DK1,DK_1,forecast_solar_generation,Solar,2026-08-09T16:53:20Z
2026-08-09T16:49:56Z,2026-08-09T18:49:56+0200,eeb12da0-7c50-4259-bd40-a1d833ebd7ef,2026-07-30T01:00:00Z,2026-07-30T03:00:00+0200,0.0,MW,DK1,DK_1,forecast_solar_generation,Solar,2026-08-09T16:53:20Z
2026-08-09T16:49:56Z,2026-08-09T18:49:56+0200,eeb12da0-7c50-4259-bd40-a1d833ebd7ef,2026-07-30T01:15:00Z,2026-07-30T03:15:00+0200,0.0,MW,DK1,DK_1,forecast_solar_generation,Solar,2026-08-09T16:53:20Z
2026-08-09T16:49:56Z,2026-08-09T18:49:56+0200,eeb12da0-7c50-4259-bd40-a1d833ebd7ef,2026-07-30T01:30:00Z,2026-07-30T03:30:00+0200,0.0,MW,DK1,DK_1,forecast_solar_generation,Solar,2026-08-09T16:53:20Z
2026-08-09T16:49:56Z,2026-08-09T18:49:56+0200,eeb12da0-7c50-4259-bd40-a1d833ebd7ef,2026-07-30T01:45:00Z,2026-07-30T03:45:00+0200,0.0,MW,DK1,DK_1,forecast_solar_generation,Solar,2026-08-09T16:53:20Z
2026-08-09T16:49:56Z,2026-08-09T18:49:56+0200,eeb12da0-7c50-4259-bd40-a1d833ebd7ef,2026-07-30T02:00:00Z,2026-07-30T04:00:00+0200,0.0,MW,DK1,DK_1,forecast_solar_generation,Solar,2026-08-09T16:53:20Z
2026-08-09T16:49:56Z,2026-08-09T18:49:56+0200,eeb12da0-7c50-4259-bd40-a1d833ebd7ef,2026-07-30T02:15:00Z,2026-07-30T04:15:00+0200,0.0,MW,DK1,DK_1,forecast_solar_generation,Solar,2026-08-09T16:53:20Z
2026-08-09T16:49:56Z,2026-08-09T18:49:56+0200,eeb12da0-7c50-4259-bd40-a1d833ebd7ef,2026-07-30T02:30:00Z,2026-07-30T04:30:00+0200,0.0,MW,DK1,DK_1,forecast_solar_generation,Solar,2026-08-09T16:53:20Z
2026-08-09T16:49:56Z,2026-08-09T18:49:56+0200,eeb12da0-7c50-4259-bd40-a1d833ebd7ef,2026-07-30T02:45:00Z,2026-07-30T04:45:00+0200,0.0,MW,DK1,DK_1,forecast_solar_generation,Solar,2026-08-09T16:53:20Z
2026-08-09T16:49:56Z,2026-08-09T18:49:56+0200,eeb12da0-7c50-4259-bd40-a1d833ebd7ef,2026-07-30T03:00:00Z,2026-07-30T05:00:00+0200,0.0,MW,DK1,DK_1,forecast_solar_generation,Solar,2026-08-09T16:53:20Z
2026-08-09T16:49:56Z,2026-08-09T18:49:56+0200,eeb12da0-7c50-4259-bd40-a1d833ebd7ef,2026-07-30T03:15:00Z,2026-07-30T05:15:00+0200,0.113333,MW,DK1,DK_1,forecast_solar_generation,Solar,2026-08-09T16:53:20Z
2026-08-09T16:49:56Z,2026-08-09T18:49:56+0200,eeb12da0-7c50-4259-bd40-a1d833ebd7ef,2026-07-30T03:30:00Z,2026-07-30T05:30:00+0200,2.855,MW,DK1,DK_1,forecast_solar_generation,Solar,2026-08-09T16:53:20Z
2026-08-09T16:49:56Z,2026-08-09T18:49:56+0200,eeb12da0-7c50-4259-bd40-a1d833ebd7ef,2026-07-30T03:45:00Z,2026-07-30T05:45:00+0200,20.248333,MW,DK1,DK_1,forecast_solar_generation,Solar,2026-08-09T16:53:20Z
2026-08-09T16:49:56Z,2026-08-09T18:49:56+0200,eeb12da0-7c50-4259-bd40-a1d833ebd7ef,2026-07-30T04:00:00Z,2026-07-30T06:00:00+0200,62.011666,MW,DK1,DK_1,forecast_solar_generation,Solar,2026-08-09T16:53:20Z
2026-08-09T16:49:56Z,2026-08-09T18:49:56+0200,eeb12da0-7c50-4259-bd40-a1d833ebd7ef,2026-07-30T04:15:00Z,2026-07-30T06:15:00+0200,122.406666,MW,DK1,DK_1,forecast_solar_generation,Solar,2026-08-09T16:53:20Z
2026-08-09T16:49:56Z,2026-08-09T18:49:56+0200,eeb12da0-7c50-4259-bd40-a1d833ebd7ef,2026-07-30T04:30:00Z,2026-07-30T06:30:00+0200,198.235,MW,DK1,DK_1,forecast_solar_generation,Solar,2026-08-09T16:53:20Z
2026-08-09T16:49:56Z,2026-08-09T18:49:56+0200,eeb12da0-7c50-4259-bd40-a1d833ebd7ef,2026-07-30T04:45:00Z,2026-07-30T06:45:00+0200,288.25,MW,DK1,DK_1,forecast_solar_generation,Solar,2026-08-09T16:53:20Z
2026-08-09T16:49:56Z,2026-08-09T18:49:56+0200,eeb12da0-7c50-4259-bd40-a1d833ebd7ef,2026-07-30T05:00:00Z,2026-07-30T07:00:00+0200,393.198333,MW,DK1,DK_1,forecast_solar_generation,Solar,2026-08-09T16:53:20Z
2026-08-09T16:49:56Z,2026-08-09T18:49:56+0200,eeb12da0-7c50-4259-bd40-a1d833ebd7ef,2026-07-30T05:15:00Z,2026-07-30T07:15:00+0200,510.126666,MW,DK1,DK_1,forecast_solar_generation,Solar,2026-08-09T16:53:20Z
2026-08-09T16:49:56Z,2026-08-09T18:49:56+0200,eeb12da0-7c50-4259-bd40-a1d833ebd7ef,2026-07-30T05:30:00Z,2026-07-30T07:30:00+0200,636.251666,MW,DK1,DK_1,forecast_solar_generation,Solar,2026-08-09T16:53:20Z
2026-08-09T16:49:56Z,2026-08-09T18:49:56+0200,eeb12da0-7c50-4259-bd40-a1d833ebd7ef,2026-07-30T05:45:00Z,2026-07-30T07:45:00+0200,769.301666,MW,DK1,DK_1,forecast_solar_generation,Solar,2026-08-09T16:53:20Z
2026-08-09T16:49:56Z,2026-08-09T18:49:56+0200,eeb12da0-7c50-4259-bd40-a1d833ebd7ef,2026-07-30T06:00:00Z,2026-07-30T08:00:00+0200,907.17,MW,DK1,DK_1,forecast_solar_generation,Solar,2026-08-09T16:53:20Z
2026-08-09T16:49:56Z,2026-08-09T18:49:56+0200,eeb12da0-7c50-4259-bd40-a1d833ebd7ef,2026-07-30T06:15:00Z,2026-07-30T08:15:00+0200,1047.653333,MW,DK1,DK_1,forecast_solar_generation,Solar,2026-08-09T16:53:20Z
2026-08-09T16:49:56Z,2026-08-09T18:49:56+0200,eeb12da0-7c50-4259-bd40-a1d833ebd7ef,2026-07-30T06:30:00Z,2026-07-30T08:30:00+0200,1188.801666,MW,DK1,DK_1,forecast_solar_generation,Solar,2026-08-09T16:53:20Z
2026-08-09T16:49:56Z,2026-08-09T18:49:56+0200,eeb12da0-7c50-4259-bd40-a1d833ebd7ef,2026-07-30T06:45:00Z,2026-07-30T08:45:00+0200,1330.274999,MW,DK1,DK_1,forecast_solar_generation,Solar,2026-08-09T16:53:20Z
2026-08-09T16:49:56Z,2026-08-09T18:49:56+0200,eeb12da0-7c50-4259-bd40-a1d833ebd7ef,2026-07-30T07:00:00Z,2026-07-30T09:00:00+0200,1470.073333,MW,DK1,DK_1,forecast_solar_generation,Solar,2026-08-09T16:53:20Z
2026-08-09T16:49:56Z,2026-08-09T18:49:56+0200,eeb12da0-7c50-4259-bd40-a1d833ebd7ef,2026-07-30T07:15:00Z,2026-07-30T09:15:00+0200,1605.443333,MW,DK1,DK_1,forecast_solar_generation,Solar,2026-08-09T16:53:20Z
2026-08-09T16:49:56Z,2026-08-09T18:49:56+0200,eeb12da0-7c50-4259-bd40-a1d833ebd7ef,2026-07-30T07:30:00Z,2026-07-30T09:30:00+0200,1734.175,MW,DK1,DK_1,forecast_solar_generation,Solar,2026-08-09T16:53:20Z
2026-08-09T16:49:56Z,2026-08-09T18:49:56+0200,eeb12da0-7c50-4259-bd40-a1d833ebd7ef,2026-07-30T07:45:00Z,2026-07-30T09:45:00+0200,1855.039999,MW,DK1,DK_1,forecast_solar_generation,Solar,2026-08-09T16:53:20Z
2026-08-09T16:49:56Z,2026-08-09T18:49:56+0200,eeb12da0-7c50-4259-bd40-a1d833ebd7ef,2026-07-30T08:00:00Z,2026-07-30T10:00:00+0200,1964.076666,MW,DK1,DK_1,forecast_solar_generation,Solar,2026-08-09T16:53:20Z
2026-08-09T16:49:56Z,2026-08-09T18:49:56+0200,eeb12da0-7c50-4259-bd40-a1d833ebd7ef,2026-07-30T08:15:00Z,2026-07-30T10:15:00+0200,2056.748333,MW,DK1,DK_1,forecast_solar_generation,Solar,2026-08-09T16:53:20Z
2026-08-09T16:49:56Z,2026-08-09T18:49:56+0200,eeb12da0-7c50-4259-bd40-a1d833ebd7ef,2026-07-30T08:30:00Z,2026-07-30T10:30:00+0200,2132.718333,MW,DK1,DK_1,forecast_solar_generation,Solar,2026-08-09T16:53:20Z
2026-08-09T16:49:56Z,2026-08-09T18:49:56+0200,eeb12da0-7c50-4259-bd40-a1d833ebd7ef,2026-07-30T08:45:00Z,2026-07-30T10:45:00+0200,2192.948333,MW,DK1,DK_1,forecast_solar_generation,Solar,2026-08-09T16:53:20Z
2026-08-09T16:49:56Z,2026-08-09T18:49:56+0200,eeb12da0-7c50-4259-bd40-a1d833ebd7ef,2026-07-30T09:00:00Z,2026-07-30T11:00:00+0200,2237.208333,MW,DK1,DK_1,forecast_solar_generation,Solar,2026-08-09T16:53:20Z
2026-08-09T16:49:56Z,2026-08-09T18:49:56+0200,eeb12da0-7c50-4259-bd40-a1d833ebd7ef,2026-07-30T09:15:00Z,2026-07-30T11:15:00+0200,2268.626666,MW,DK1,DK_1,forecast_solar_generation,Solar,2026-08-09T16:53:20Z
2026-08-09T16:49:56Z,2026-08-09T18:49:56+0200,eeb12da0-7c50-4259-bd40-a1d833ebd7ef,2026-07-30T09:30:00Z,2026-07-30T11:30:00+0200,2294.296666,MW,DK1,DK_1,forecast_solar_generation,Solar,2026-08-09T16:53:20Z
2026-08-09T16:49:56Z,2026-08-09T18:49:56+0200,eeb12da0-7c50-4259-bd40-a1d833ebd7ef,2026-07-30T09:45:00Z,2026-07-30T11:45:00+0200,2315.361666,MW,DK1,DK_1,forecast_solar_generation,Solar,2026-08-09T16:53:20Z
2026-08-09T16:49:56Z,2026-08-09T18:49:56+0200,eeb12da0-7c50-4259-bd40-a1d833ebd7ef,2026-07-30T10:00:00Z,2026-07-30T12:00:00+0200,2328.478333,MW,DK1,DK_1,forecast_solar_generation,Solar,2026-08-09T16:53:20Z
2026-08-09T16:49:56Z,2026-08-09T18:49:56+0200,eeb12da0-7c50-4259-bd40-a1d833ebd7ef,2026-07-30T10:15:00Z,2026-07-30T12:15:00+0200,2321.423333,MW,DK1,DK_1,forecast_solar_generation,Solar,2026-08-09T16:53:20Z
2026-08-09T16:49:56Z,2026-08-09T18:49:56+0200,eeb12da0-7c50-4259-bd40-a1d833ebd7ef,2026-07-30T10:30:00Z,2026-07-30T12:30:00+0200,2209.379999,MW,DK1,DK_1,forecast_solar_generation,Solar,2026-08-09T16:53:20Z
2026-08-09T16:49:56Z,2026-08-09T18:49:56+0200,eeb12da0-7c50-4259-bd40-a1d833ebd7ef,2026-07-30T10:45:00Z,2026-07-30T12:45:00+0200,2220.556666,MW,DK1,DK_1,forecast_solar_generation,Solar,2026-08-09T16:53:20Z
2026-08-09T16:49:56Z,2026-08-09T18:49:56+0200,eeb12da0-7c50-4259-bd40-a1d833ebd7ef,2026-07-30T11:00:00Z,2026-07-30T13:00:00+0200,2228.698333,MW,DK1,DK_1,forecast_solar_generation,Solar,2026-08-09T16:53:20Z
2026-08-09T16:49:56Z,2026-08-09T18:49:56+0200,eeb12da0-7c50-4259-bd40-a1d833ebd7ef,2026-07-30T11:15:00Z,2026-07-30T13:15:00+0200,2233.035,MW,DK1,DK_1,forecast_solar_generation,Solar,2026-08-09T16:53:20Z
2026-08-09T16:49:56Z,2026-08-09T18:49:56+0200,eeb12da0-7c50-4259-bd40-a1d833ebd7ef,2026-07-30T11:30:00Z,2026-07-30T13:30:00+0200,2235.203333,MW,DK1,DK_1,forecast_solar_generation,Solar,2026-08-09T16:53:20Z
2026-08-09T16:49:56Z,2026-08-09T18:49:56+0200,eeb12da0-7c50-4259-bd40-a1d833ebd7ef,2026-07-30T11:45:00Z,2026-07-30T13:45:00+0200,2237.524999,MW,DK1,DK_1,forecast_solar_generation,Solar,2026-08-09T16:53:20Z
2026-08-09T16:49:56Z,2026-08-09T18:49:56+0200,eeb12da0-7c50-4259-bd40-a1d833ebd7ef,2026-07-30T12:00:00Z,2026-07-30T14:00:00+0200,2222.893333,MW,DK1,DK_1,forecast_solar_generation,Solar,2026-08-09T16:53:20Z
2026-08-09T16:49:56Z,2026-08-09T18:49:56+0200,eeb12da0-7c50-4259-bd40-a1d833ebd7ef,2026-07-30T12:15:00Z,2026-07-30T14:15:00+0200,2361.513333,MW,DK1,DK_1,forecast_solar_generation,Solar,2026-08-09T16:53:20Z
2026-08-09T16:49:56Z,2026-08-09T18:49:56+0200,eeb12da0-7c50-4259-bd40-a1d833ebd7ef,2026-07-30T12:30:00Z,2026-07-30T14:30:00+0200,2351.25,MW,DK1,DK_1,forecast_solar_generation,Solar,2026-08-09T16:53:20Z
2026-08-09T16:49:56Z,2026-08-09T18:49:56+0200,eeb12da0-7c50-4259-bd40-a1d833ebd7ef,2026-07-30T12:45:00Z,2026-07-30T14:45:00+0200,2329.105,MW,DK1,DK_1,forecast_solar_generation,Solar,2026-08-09T16:53:20Z
2026-08-09T16:49:56Z,2026-08-09T18:49:56+0200,eeb12da0-7c50-4259-bd40-a1d833ebd7ef,2026-07-30T13:00:00Z,2026-07-30T15:00:00+0200,2303.36,MW,DK1,DK_1,forecast_solar_generation,Solar,2026-08-09T16:53:20Z
2026-08-09T16:49:56Z,2026-08-09T18:49:56+0200,eeb12da0-7c50-4259-bd40-a1d833ebd7ef,2026-07-30T13:15:00Z,2026-07-30T15:15:00+0200,2272.75,MW,DK1,DK_1,forecast_solar_generation,Solar,2026-08-09T16:53:20Z
2026-08-09T16:49:56Z,2026-08-09T18:49:56+0200,eeb12da0-7c50-4259-bd40-a1d833ebd7ef,2026-07-30T13:30:00Z,2026-07-30T15:30:00+0200,2232.416666,MW,DK1,DK_1,forecast_solar_generation,Solar,2026-08-09T16:53:20Z
2026-08-09T16:49:56Z,2026-08-09T18:49:56+0200,eeb12da0-7c50-4259-bd40-a1d833ebd7ef,2026-07-30T13:45:00Z,2026-07-30T15:45:00+0200,2169.546666,MW,DK1,DK_1,forecast_solar_generation,Solar,2026-08-09T16:53:20Z
2026-08-09T16:49:56Z,2026-08-09T18:49:56+0200,eeb12da0-7c50-4259-bd40-a1d833ebd7ef,2026-07-30T14:00:00Z,2026-07-30T16:00:00+0200,2081.493333,MW,DK1,DK_1,forecast_solar_generation,Solar,2026-08-09T16:53:20Z
2026-08-09T16:49:56Z,2026-08-09T18:49:56+0200,eeb12da0-7c50-4259-bd40-a1d833ebd7ef,2026-07-30T14:15:00Z,2026-07-30T16:15:00+0200,1977.648333,MW,DK1,DK_1,forecast_solar_generation,Solar,2026-08-09T16:53:20Z
2026-08-09T16:49:56Z,2026-08-09T18:49:56+0200,eeb12da0-7c50-4259-bd40-a1d833ebd7ef,2026-07-30T14:30:00Z,2026-07-30T16:30:00+0200,1861.615,MW,DK1,DK_1,forecast_solar_generation,Solar,2026-08-09T16:53:20Z
2026-08-09T16:49:56Z,2026-08-09T18:49:56+0200,eeb12da0-7c50-4259-bd40-a1d833ebd7ef,2026-07-30T14:45:00Z,2026-07-30T16:45:00+0200,1730.016666,MW,DK1,DK_1,forecast_solar_generation,Solar,2026-08-09T16:53:20Z
2026-08-09T16:49:56Z,2026-08-09T18:49:56+0200,eeb12da0-7c50-4259-bd40-a1d833ebd7ef,2026-07-30T15:00:00Z,2026-07-30T17:00:00+0200,1603.0,MW,DK1,DK_1,forecast_solar_generation,Solar,2026-08-09T16:53:20Z
2026-08-09T16:49:56Z,2026-08-09T18:49:56+0200,eeb12da0-7c50-4259-bd40-a1d833ebd7ef,2026-07-30T15:15:00Z,2026-07-30T17:15:00+0200,1454.811666,MW,DK1,DK_1,forecast_solar_generation,Solar,2026-08-09T16:53:20Z
2026-08-09T16:49:56Z,2026-08-09T18:49:56+0200,eeb12da0-7c50-4259-bd40-a1d833ebd7ef,2026-07-30T15:30:00Z,2026-07-30T17:30:00+0200,1307.213333,MW,DK1,DK_1,forecast_solar_generation,Solar,2026-08-09T16:53:20Z
2026-08-09T16:49:56Z,2026-08-09T18:49:56+0200,eeb12da0-7c50-4259-bd40-a1d833ebd7ef,2026-07-30T15:45:00Z,2026-07-30T17:45:00+0200,1158.715,MW,DK1,DK_1,forecast_solar_generation,Solar,2026-08-09T16:53:20Z
2026-08-09T16:49:56Z,2026-08-09T18:49:56+0200,eeb12da0-7c50-4259-bd40-a1d833ebd7ef,2026-07-30T16:00:00Z,2026-07-30T18:00:00+0200,1014.68,MW,DK1,DK_1,forecast_solar_generation,Solar,2026-08-09T16:53:20Z
2026-08-09T16:49:56Z,2026-08-09T18:49:56+0200,eeb12da0-7c50-4259-bd40-a1d833ebd7ef,2026-07-30T16:15:00Z,2026-07-30T18:15:00+0200,881.193333,MW,DK1,DK_1,forecast_solar_generation,Solar,2026-08-09T16:53:20Z
2026-08-09T16:49:56Z,2026-08-09T18:49:56+0200,eeb12da0-7c50-4259-bd40-a1d833ebd7ef,2026-07-30T16:30:00Z,2026-07-30T18:30:00+0200,759.703333,MW,DK1,DK_1,forecast_solar_generation,Solar,2026-08-09T16:53:20Z
2026-08-09T16:49:56Z,2026-08-09T18:49:56+0200,eeb12da0-7c50-4259-bd40-a1d833ebd7ef,2026-07-30T16:45:00Z,2026-07-30T18:45:00+0200,644.628333,MW,DK1,DK_1,forecast_solar_generation,Solar,2026-08-09T16:53:20Z
2026-08-09T16:49:56Z,2026-08-09T18:49:56+0200,eeb12da0-7c50-4259-bd40-a1d833ebd7ef,2026-07-30T17:00:00Z,2026-07-30T19:00:00+0200,535.628333,MW,DK1,DK_1,forecast_solar_generation,Solar,2026-08-09T16:53:20Z
2026-08-09T16:49:56Z,2026-08-09T18:49:56+0200,eeb12da0-7c50-4259-bd40-a1d833ebd7ef,2026-07-30T17:15:00Z,2026-07-30T19:15:00+0200,434.075,MW,DK1,DK_1,forecast_solar_generation,Solar,2026-08-09T16:53:20Z
2026-08-09T16:49:56Z,2026-08-09T18:49:56+0200,eeb12da0-7c50-4259-bd40-a1d833ebd7ef,2026-07-30T17:30:00Z,2026-07-30T19:30:00+0200,340.571666,MW,DK1,DK_1,forecast_solar_generation,Solar,2026-08-09T16:53:20Z
2026-08-09T16:49:56Z,2026-08-09T18:49:56+0200,eeb12da0-7c50-4259-bd40-a1d833ebd7ef,2026-07-30T17:45:00Z,2026-07-30T19:45:00+0200,255.154999,MW,DK1,DK_1,forecast_solar_generation,Solar,2026-08-09T16:53:20Z
2026-08-09T16:49:56Z,2026-08-09T18:49:56+0200,eeb12da0-7c50-4259-bd40-a1d833ebd7ef,2026-07-30T18:00:00Z,2026-07-30T20:00:00+0200,180.616666,MW,DK1,DK_1,forecast_solar_generation,Solar,2026-08-09T16:53:20Z
2026-08-09T16:49:56Z,2026-08-09T18:49:56+0200,eeb12da0-7c50-4259-bd40-a1d833ebd7ef,2026-07-30T18:15:00Z,2026-07-30T20:15:00+0200,118.551666,MW,DK1,DK_1,forecast_solar_generation,Solar,2026-08-09T16:53:20Z
2026-08-09T16:49:56Z,2026-08-09T18:49:56+0200,eeb12da0-7c50-4259-bd40-a1d833ebd7ef,2026-07-30T18:30:00Z,2026-07-30T20:30:00+0200,68.836666,MW,DK1,DK_1,forecast_solar_generation,Solar,2026-08-09T16:53:20Z
2026-08-09T16:49:56Z,2026-08-09T18:49:56+0200,eeb12da0-7c50-4259-bd40-a1d833ebd7ef,2026-07-30T18:45:00Z,2026-07-30T20:45:00+0200,31.451666,MW,DK1,DK_1,forecast_solar_generation,Solar,2026-08-09T16:53:20Z
2026-08-09T16:49:56Z,2026-08-09T18:49:56+0200,eeb12da0-7c50-4259-bd40-a1d833ebd7ef,2026-07-30T19:00:00Z,2026-07-30T21:00:00+0200,8.731666,MW,DK1,DK_1,forecast_solar_generation,Solar,2026-08-09T16:53:20Z
2026-08-09T16:49:56Z,2026-08-09T18:49:56+0200,eeb12da0-7c50-4259-bd40-a1d833ebd7ef,2026-07-30T19:15:00Z,2026-07-30T21:15:00+0200,1.015,MW,DK1,DK_1,forecast_solar_generation,Solar,2026-08-09T16:53:20Z
2026-08-09T16:49:56Z,2026-08-09T18:49:56+0200,eeb12da0-7c50-4259-bd40-a1d833ebd7ef,2026-07-30T19:30:00Z,2026-07-30T21:30:00+0200,0.024999,MW,DK1,DK_1,forecast_solar_generation,Solar,2026-08-09T16:53:20Z
2026-08-09T16:49:56Z,2026-08-09T18:49:56+0200,eeb12da0-7c50-4259-bd40-a1d833ebd7ef,2026-07-30T19:45:00Z,2026-07-30T21:45:00+0200,0.0,MW,DK1,DK_1,forecast_solar_generation,Solar,2026-08-09T16:53:20Z
2026-08-09T16:49:56Z,2026-08-09T18:49:56+0200,eeb12da0-7c50-4259-bd40-a1d833ebd7ef,2026-07-30T20:00:00Z,2026-07-30T22:00:00+0200,0.0,MW,DK1,DK_1,forecast_solar_generation,Solar,2026-08-09T16:53:20Z
2026-08-09T16:49:56Z,2026-08-09T18:49:56+0200,eeb12da0-7c50-4259-bd40-a1d833ebd7ef,2026-07-30T20:15:00Z,2026-07-30T22:15:00+0200,0.0,MW,DK1,DK_1,forecast_solar_generation,Solar,2026-08-09T16:53:20Z
2026-08-09T16:49:56Z,2026-08-09T18:49:56+0200,eeb12da0-7c50-4259-bd40-a1d833ebd7ef,2026-07-30T20:30:00Z,2026-07-30T22:30:00+0200,0.0,MW,DK1,DK_1,forecast_solar_generation,Solar,2026-08-09T16:53:20Z
2026-08-09T16:49:56Z,2026-08-09T18:49:56+0200,eeb12da0-7c50-4259-bd40-a1d833ebd7ef,2026-07-30T20:45:00Z,2026-07-30T22:45:00+0200,0.0,MW,DK1,DK_1,forecast_solar_generation,Solar,2026-08-09T16:53:20Z
2026-08-09T16:49:56Z,2026-08-09T18:49:56+0200,eeb12da0-7c50-4259-bd40-a1d833ebd7ef,2026-07-30T21:00:00Z,2026-07-30T23:00:00+0200,0.0,MW,DK1,DK_1,forecast_solar_generation,Solar,2026-08-09T16:53:20Z
2026-08-09T16:49:56Z,2026-08-09T18:49:56+0200,eeb12da0-7c50-4259-bd40-a1d833ebd7ef,2026-07-30T21:15:00Z,2026-07-30T23:15:00+0200,0.0,MW,DK1,DK_1,forecast_solar_generation,Solar,2026-08-09T16:53:20Z
2026-08-09T16:49:56Z,2026-08-09T18:49:56+0200,eeb12da0-7c50-4259-bd40-a1d833ebd7ef,2026-07-30T21:30:00Z,2026-07-30T23:30:00+0200,0.0,MW,DK1,DK_1,forecast_solar_generation,Solar,2026-08-09T16:53:20Z
2026-08-09T16:49:56Z,2026-08-09T18:49:56+0200,eeb12da0-7c50-4259-bd40-a1d833ebd7ef,2026-07-30T21:45:00Z,2026-07-30T23:45:00+0200,0.0,MW,DK1,DK_1,forecast_solar_generation,Solar,2026-08-09T16:53:20Z
2026-08-09T16:49:56Z,2026-08-09T18:49:56+0200,eeb12da0-7c50-4259-bd40-a1d833ebd7ef,2026-07-30T22:00:00Z,2026-07-31T00:00:00+0200,0.0,MW,DK1,DK_1,forecast_solar_generation,Solar,2026-08-09T16:53:20Z
2026-08-09T16:49:56Z,2026-08-09T18:49:56+0200,eeb12da0-7c50-4259-bd40-a1d833ebd7ef,2026-07-30T22:15:00Z,2026-07-31T00:15:00+0200,0.0,MW,DK1,DK_1,forecast_solar_generation,Solar,2026-08-09T16:53:20Z
2026-08-09T16:49:56Z,2026-08-09T18:49:56+0200,eeb12da0-7c50-4259-bd40-a1d833ebd7ef,2026-07-30T22:30:00Z,2026-07-31T00:30:00+0200,0.0,MW,DK1,DK_1,forecast_solar_generation,Solar,2026-08-09T16:53:20Z
2026-08-09T16:49:56Z,2026-08-09T18:49:56+0200,eeb12da0-7c50-4259-bd40-a1d833ebd7ef,2026-07-30T22:45:00Z,2026-07-31T00:45:00+0200,0.0,MW,DK1,DK_1,forecast_solar_generation,Solar,2026-08-09T16:53:20Z
2026-08-09T16:49:56Z,2026-08-09T18:49:56+0200,eeb12da0-7c50-4259-bd40-a1d833ebd7ef,2026-07-30T23:00:00Z,2026-07-31T01:00:00+0200,0.0,MW,DK1,DK_1,forecast_solar_generation,Solar,2026-08-09T16:53:20Z
2026-08-09T16:49:56Z,2026-08-09T18:49:56+0200,eeb12da0-7c50-4259-bd40-a1d833ebd7ef,2026-07-30T23:15:00Z,2026-07-31T01:15:00+0200,0.0,MW,DK1,DK_1,forecast_solar_generation,Solar,2026-08-09T16:53:20Z
2026-08-09T16:49:56Z,2026-08-09T18:49:56+0200,eeb12da0-7c50-4259-bd40-a1d833ebd7ef,2026-07-30T23:30:00Z,2026-07-31T01:30:00+0200,0.0,MW,DK1,DK_1,forecast_solar_generation,Solar,2026-08-09T16:53:20Z
2026-08-09T16:49:56Z,2026-08-09T18:49:56+0200,eeb12da0-7c50-4259-bd40-a1d833ebd7ef,2026-07-30T23:45:00Z,2026-07-31T01:45:00+0200,0.0,MW,DK1,DK_1,forecast_solar_generation,Solar,2026-08-09T16:53:20Z
2026-08-09T16:49:56Z,2026-08-09T18:49:56+0200,eeb12da0-7c50-4259-bd40-a1d833ebd7ef,2026-07-31T00:00:00Z,2026-07-31T02:00:00+0200,0.0,MW,DK1,DK_1,forecast_solar_generation,Solar,2026-08-09T16:53:20Z
2026-08-09T16:49:56Z,2026-08-09T18:49:56+0200,eeb12da0-7c50-4259-bd40-a1d833ebd7ef,2026-07-31T00:15:00Z,2026-07-31T02:15:00+0200,0.0,MW,DK1,DK_1,forecast_solar_generation,Solar,2026-08-09T16:53:20Z
2026-08-09T16:49:56Z,2026-08-09T18:49:56+0200,eeb12da0-7c50-4259-bd40-a1d833ebd7ef,2026-07-31T00:30:00Z,2026-07-31T02:30:00+0200,0.0,MW,DK1,DK_1,forecast_solar_generation,Solar,2026-08-09T16:53:20Z
2026-08-09T16:49:56Z,2026-08-09T18:49:56+0200,eeb12da0-7c50-4259-bd40-a1d833ebd7ef,2026-07-31T00:45:00Z,2026-07-31T02:45:00+0200,0.0,MW,DK1,DK_1,forecast_solar_generation,Solar,2026-08-09T16:53:20Z
2026-08-09T16:49:56Z,2026-08-09T18:49:56+0200,eeb12da0-7c50-4259-bd40-a1d833ebd7ef,2026-07-31T01:00:00Z,2026-07-31T03:00:00+0200,0.0,MW,DK1,DK_1,forecast_solar_generation,Solar,2026-08-09T16:53:20Z
2026-08-09T16:49:56Z,2026-08-09T18:49:56+0200,eeb12da0-7c50-4259-bd40-a1d833ebd7ef,2026-07-31T01:15:00Z,2026-07-31T03:15:00+0200,0.0,MW,DK1,DK_1,forecast_solar_generation,Solar,2026-08-09T16:53:20Z
2026-08-09T16:49:56Z,2026-08-09T18:49:56+0200,eeb12da0-7c50-4259-bd40-a1d833ebd7ef,2026-07-31T01:30:00Z,2026-07-31T03:30:00+0200,0.0,MW,DK1,DK_1,forecast_solar_generation,Solar,2026-08-09T16:53:20Z
2026-08-09T16:49:56Z,2026-08-09T18:49:56+0200,eeb12da0-7c50-4259-bd40-a1d833ebd7ef,2026-07-31T01:45:00Z,2026-07-31T03:45:00+0200,0.0,MW,DK1,DK_1,forecast_solar_generation,Solar,2026-08-09T16:53:20Z
2026-08-09T16:49:56Z,2026-08-09T18:49:56+0200,eeb12da0-7c50-4259-bd40-a1d833ebd7ef,2026-07-31T02:00:00Z,2026-07-31T04:00:00+0200,0.0,MW,DK1,DK_1,forecast_solar_generation,Solar,2026-08-09T16:53:20Z
2026-08-09T16:49:56Z,2026-08-09T18:49:56+0200,eeb12da0-7c50-4259-bd40-a1d833ebd7ef,2026-07-31T02:15:00Z,2026-07-31T04:15:00+0200,0.0,MW,DK1,DK_1,forecast_solar_generation,Solar,2026-08-09T16:53:20Z
2026-08-09T16:49:56Z,2026-08-09T18:49:56+0200,eeb12da0-7c50-4259-bd40-a1d833ebd7ef,2026-07-31T02:30:00Z,2026-07-31T04:30:00+0200,0.0,MW,DK1,DK_1,forecast_solar_generation,Solar,2026-08-09T16:53:20Z
2026-08-09T16:49:56Z,2026-08-09T18:49:56+0200,eeb12da0-7c50-4259-bd40-a1d833ebd7ef,2026-07-31T02:45:00Z,2026-07-31T04:45:00+0200,0.0,MW,DK1,DK_1,forecast_solar_generation,Solar,2026-08-09T16:53:20Z
2026-08-09T16:49:56Z,2026-08-09T18:49:56+0200,eeb12da0-7c50-4259-bd40-a1d833ebd7ef,2026-07-31T03:00:00Z,2026-07-31T05:00:00+0200,0.0,MW,DK1,DK_1,forecast_solar_generation,Solar,2026-08-09T16:53:20Z
2026-08-09T16:49:56Z,2026-08-09T18:49:56+0200,eeb12da0-7c50-4259-bd40-a1d833ebd7ef,2026-07-31T03:15:00Z,2026-07-31T05:15:00+0200,0.068333,MW,DK1,DK_1,forecast_solar_generation,Solar,2026-08-09T16:53:20Z
2026-08-09T16:49:56Z,2026-08-09T18:49:56+0200,eeb12da0-7c50-4259-bd40-a1d833ebd7ef,2026-07-31T03:30:00Z,2026-07-31T05:30:00+0200,2.09,MW,DK1,DK_1,forecast_solar_generation,Solar,2026-08-09T16:53:20Z
2026-08-09T16:49:56Z,2026-08-09T18:49:56+0200,eeb12da0-7c50-4259-bd40-a1d833ebd7ef,2026-07-31T03:45:00Z,2026-07-31T05:45:00+0200,17.03,MW,DK1,DK_1,forecast_solar_generation,Solar,2026-08-09T16:53:20Z
2026-08-09T16:49:56Z,2026-08-09T18:49:56+0200,eeb12da0-7c50-4259-bd40-a1d833ebd7ef,2026-07-31T04:00:00Z,2026-07-31T06:00:00+0200,56.458333,MW,DK1,DK_1,forecast_solar_generation,Solar,2026-08-09T16:53:20Z
2026-08-09T16:49:56Z,2026-08-09T18:49:56+0200,eeb12da0-7c50-4259-bd40-a1d833ebd7ef,2026-07-31T04:15:00Z,2026-07-31T06:15:00+0200,115.399999,MW,DK1,DK_1,forecast_solar_generation,Solar,2026-08-09T16:53:20Z
2026-08-09T16:49:56Z,2026-08-09T18:49:56+0200,eeb12da0-7c50-4259-bd40-a1d833ebd7ef,2026-07-31T04:30:00Z,2026-07-31T06:30:00+0200,190.165,MW,DK1,DK_1,forecast_solar_generation,Solar,2026-08-09T16:53:20Z
2026-08-09T16:49:56Z,2026-08-09T18:49:56+0200,eeb12da0-7c50-4259-bd40-a1d833ebd7ef,2026-07-31T04:45:00Z,2026-07-31T06:45:00+0200,279.915,MW,DK1,DK_1,forecast_solar_generation,Solar,2026-08-09T16:53:20Z
2026-08-09T16:49:56Z,2026-08-09T18:49:56+0200,eeb12da0-7c50-4259-bd40-a1d833ebd7ef,2026-07-31T05:00:00Z,2026-07-31T07:00:00+0200,385.351666,MW,DK1,DK_1,forecast_solar_generation,Solar,2026-08-09T16:53:20Z
2026-08-09T16:49:56Z,2026-08-09T18:49:56+0200,eeb12da0-7c50-4259-bd40-a1d833ebd7ef,2026-07-31T05:15:00Z,2026-07-31T07:15:00+0200,502.823333,MW,DK1,DK_1,forecast_solar_generation,Solar,2026-08-09T16:53:20Z
2026-08-09T16:49:56Z,2026-08-09T18:49:56+0200,eeb12da0-7c50-4259-bd40-a1d833ebd7ef,2026-07-31T05:30:00Z,2026-07-31T07:30:00+0200,627.361666,MW,DK1,DK_1,forecast_solar_generation,Solar,2026-08-09T16:53:20Z
2026-08-09T16:49:56Z,2026-08-09T18:49:56+0200,eeb12da0-7c50-4259-bd40-a1d833ebd7ef,2026-07-31T05:45:00Z,2026-07-31T07:45:00+0200,755.341666,MW,DK1,DK_1,forecast_solar_generation,Solar,2026-08-09T16:53:20Z
2026-08-09T16:49:56Z,2026-08-09T18:49:56+0200,eeb12da0-7c50-4259-bd40-a1d833ebd7ef,2026-07-31T06:00:00Z,2026-07-31T08:00:00+0200,884.37,MW,DK1,DK_1,forecast_solar_generation,Solar,2026-08-09T16:53:20Z
2026-08-09T16:49:56Z,2026-08-09T18:49:56+0200,eeb12da0-7c50-4259-bd40-a1d833ebd7ef,2026-07-31T06:15:00Z,2026-07-31T08:15:00+0200,1013.156666,MW,DK1,DK_1,forecast_solar_generation,Solar,2026-08-09T16:53:20Z
2026-08-09T16:49:56Z,2026-08-09T18:49:56+0200,eeb12da0-7c50-4259-bd40-a1d833ebd7ef,2026-07-31T06:30:00Z,2026-07-31T08:30:00+0200,1139.481666,MW,DK1,DK_1,forecast_solar_generation,Solar,2026-08-09T16:53:20Z
2026-08-09T16:49:56Z,2026-08-09T18:49:56+0200,eeb12da0-7c50-4259-bd40-a1d833ebd7ef,2026-07-31T06:45:00Z,2026-07-31T08:45:00+0200,1256.841666,MW,DK1,DK_1,forecast_solar_generation,Solar,2026-08-09T16:53:20Z
2026-08-09T16:49:56Z,2026-08-09T18:49:56+0200,eeb12da0-7c50-4259-bd40-a1d833ebd7ef,2026-07-31T07:00:00Z,2026-07-31T09:00:00+0200,1364.975,MW,DK1,DK_1,forecast_solar_generation,Solar,2026-08-09T16:53:20Z
2026-08-09T16:49:56Z,2026-08-09T18:49:56+0200,eeb12da0-7c50-4259-bd40-a1d833ebd7ef,2026-07-31T07:15:00Z,2026-07-31T09:15:00+0200,1467.784999,MW,DK1,DK_1,forecast_solar_generation,Solar,2026-08-09T16:53:20Z
2026-08-09T16:49:56Z,2026-08-09T18:49:56+0200,eeb12da0-7c50-4259-bd40-a1d833ebd7ef,2026-07-31T07:30:00Z,2026-07-31T09:30:00+0200,1568.106666,MW,DK1,DK_1,forecast_solar_generation,Solar,2026-08-09T16:53:20Z
2026-08-09T16:49:56Z,2026-08-09T18:49:56+0200,eeb12da0-7c50-4259-bd40-a1d833ebd7ef,2026-07-31T07:45:00Z,2026-07-31T09:45:00+0200,1657.983333,MW,DK1,DK_1,forecast_solar_generation,Solar,2026-08-09T16:53:20Z
2026-08-09T16:49:56Z,2026-08-09T18:49:56+0200,eeb12da0-7c50-4259-bd40-a1d833ebd7ef,2026-07-31T08:00:00Z,2026-07-31T10:00:00+0200,1730.958333,MW,DK1,DK_1,forecast_solar_generation,Solar,2026-08-09T16:53:20Z
2026-08-09T16:49:56Z,2026-08-09T18:49:56+0200,eeb12da0-7c50-4259-bd40-a1d833ebd7ef,2026-07-31T08:15:00Z,2026-07-31T10:15:00+0200,1783.65,MW,DK1,DK_1,forecast_solar_generation,Solar,2026-08-09T16:53:20Z
2026-08-09T16:49:56Z,2026-08-09T18:49:56+0200,eeb12da0-7c50-4259-bd40-a1d833ebd7ef,2026-07-31T08:30:00Z,2026-07-31T10:30:00+0200,1813.828333,MW,DK1,DK_1,forecast_solar_generation,Solar,2026-08-09T16:53:20Z
2026-08-09T16:49:56Z,2026-08-09T18:49:56+0200,eeb12da0-7c50-4259-bd40-a1d833ebd7ef,2026-07-31T08:45:00Z,2026-07-31T10:45:00+0200,1819.308333,MW,DK1,DK_1,forecast_solar_generation,Solar,2026-08-09T16:53:20Z
2026-08-09T16:49:56Z,2026-08-09T18:49:56+0200,eeb12da0-7c50-4259-bd40-a1d833ebd7ef,2026-07-31T09:00:00Z,2026-07-31T11:00:00+0200,1806.393333,MW,DK1,DK_1,forecast_solar_generation,Solar,2026-08-09T16:53:20Z
2026-08-09T16:49:56Z,2026-08-09T18:49:56+0200,eeb12da0-7c50-4259-bd40-a1d833ebd7ef,2026-07-31T09:15:00Z,2026-07-31T11:15:00+0200,1784.159999,MW,DK1,DK_1,forecast_solar_generation,Solar,2026-08-09T16:53:20Z
2026-08-09T16:49:56Z,2026-08-09T18:49:56+0200,eeb12da0-7c50-4259-bd40-a1d833ebd7ef,2026-07-31T09:30:00Z,2026-07-31T11:30:00+0200,1758.61,MW,DK1,DK_1,forecast_solar_generation,Solar,2026-08-09T16:53:20Z
2026-08-09T16:49:56Z,2026-08-09T18:49:56+0200,eeb12da0-7c50-4259-bd40-a1d833ebd7ef,2026-07-31T09:45:00Z,2026-07-31T11:45:00+0200,1717.231666,MW,DK1,DK_1,forecast_solar_generation,Solar,2026-08-09T16:53:20Z
2026-08-09T16:49:56Z,2026-08-09T18:49:56+0200,eeb12da0-7c50-4259-bd40-a1d833ebd7ef,2026-07-31T10:00:00Z,2026-07-31T12:00:00+0200,1669.343333,MW,DK1,DK_1,forecast_solar_generation,Solar,2026-08-09T16:53:20Z
2026-08-09T16:49:56Z,2026-08-09T18:49:56+0200,eeb12da0-7c50-4259-bd40-a1d833ebd7ef,2026-07-31T10:15:00Z,2026-07-31T12:15:00+0200,1631.995,MW,DK1,DK_1,forecast_solar_generation,Solar,2026-08-09T16:53:20Z
2026-08-09T16:49:56Z,2026-08-09T18:49:56+0200,eeb12da0-7c50-4259-bd40-a1d833ebd7ef,2026-07-31T10:30:00Z,2026-07-31T12:30:00+0200,1613.046666,MW,DK1,DK_1,forecast_solar_generation,Solar,2026-08-09T16:53:20Z
2026-08-09T16:49:56Z,2026-08-09T18:49:56+0200,eeb12da0-7c50-4259-bd40-a1d833ebd7ef,2026-07-31T10:45:00Z,2026-07-31T12:45:00+0200,1593.385,MW,DK1,DK_1,forecast_solar_generation,Solar,2026-08-09T16:53:20Z
2026-08-09T16:49:56Z,2026-08-09T18:49:56+0200,eeb12da0-7c50-4259-bd40-a1d833ebd7ef,2026-07-31T11:00:00Z,2026-07-31T13:00:00+0200,1571.926666,MW,DK1,DK_1,forecast_solar_generation,Solar,2026-08-09T16:53:20Z
2026-08-09T16:49:56Z,2026-08-09T18:49:56+0200,eeb12da0-7c50-4259-bd40-a1d833ebd7ef,2026-07-31T11:15:00Z,2026-07-31T13:15:00+0200,1554.663333,MW,DK1,DK_1,forecast_solar_generation,Solar,2026-08-09T16:53:20Z
2026-08-09T16:49:56Z,2026-08-09T18:49:56+0200,eeb12da0-7c50-4259-bd40-a1d833ebd7ef,2026-07-31T11:30:00Z,2026-07-31T13:30:00+0200,1544.151666,MW,DK1,DK_1,forecast_solar_generation,Solar,2026-08-09T16:53:20Z
2026-08-09T16:49:56Z,2026-08-09T18:49:56+0200,eeb12da0-7c50-4259-bd40-a1d833ebd7ef,2026-07-31T11:45:00Z,2026-07-31T13:45:00+0200,1533.68,MW,DK1,DK_1,forecast_solar_generation,Solar,2026-08-09T16:53:20Z
2026-08-09T16:49:56Z,2026-08-09T18:49:56+0200,eeb12da0-7c50-4259-bd40-a1d833ebd7ef,2026-07-31T12:00:00Z,2026-07-31T14:00:00+0200,1517.523333,MW,DK1,DK_1,forecast_solar_generation,Solar,2026-08-09T16:53:20Z
2026-08-09T16:49:56Z,2026-08-09T18:49:56+0200,eeb12da0-7c50-4259-bd40-a1d833ebd7ef,2026-07-31T12:15:00Z,2026-07-31T14:15:00+0200,1499.858333,MW,DK1,DK_1,forecast_solar_generation,Solar,2026-08-09T16:53:20Z
2026-08-09T16:49:56Z,2026-08-09T18:49:56+0200,eeb12da0-7c50-4259-bd40-a1d833ebd7ef,2026-07-31T12:30:00Z,2026-07-31T14:30:00+0200,1481.883333,MW,DK1,DK_1,forecast_solar_generation,Solar,2026-08-09T16:53:20Z
2026-08-09T16:49:56Z,2026-08-09T18:49:56+0200,eeb12da0-7c50-4259-bd40-a1d833ebd7ef,2026-07-31T12:45:00Z,2026-07-31T14:45:00+0200,1460.648333,MW,DK1,DK_1,forecast_solar_generation,Solar,2026-08-09T16:53:20Z
2026-08-09T16:49:56Z,2026-08-09T18:49:56+0200,eeb12da0-7c50-4259-bd40-a1d833ebd7ef,2026-07-31T13:00:00Z,2026-07-31T15:00:00+0200,1437.448333,MW,DK1,DK_1,forecast_solar_generation,Solar,2026-08-09T16:53:20Z
2026-08-09T16:49:56Z,2026-08-09T18:49:56+0200,eeb12da0-7c50-4259-bd40-a1d833ebd7ef,2026-07-31T13:15:00Z,2026-07-31T15:15:00+0200,1413.265,MW,DK1,DK_1,forecast_solar_generation,Solar,2026-08-09T16:53:20Z
2026-08-09T16:49:56Z,2026-08-09T18:49:56+0200,eeb12da0-7c50-4259-bd40-a1d833ebd7ef,2026-07-31T13:30:00Z,2026-07-31T15:30:00+0200,1385.854999,MW,DK1,DK_1,forecast_solar_generation,Solar,2026-08-09T16:53:20Z
2026-08-09T16:49:56Z,2026-08-09T18:49:56+0200,eeb12da0-7c50-4259-bd40-a1d833ebd7ef,2026-07-31T13:45:00Z,2026-07-31T15:45:00+0200,1346.898333,MW,DK1,DK_1,forecast_solar_generation,Solar,2026-08-09T16:53:20Z
2026-08-09T16:49:56Z,2026-08-09T18:49:56+0200,eeb12da0-7c50-4259-bd40-a1d833ebd7ef,2026-07-31T14:00:00Z,2026-07-31T16:00:00+0200,1301.615,MW,DK1,DK_1,forecast_solar_generation,Solar,2026-08-09T16:53:20Z
2026-08-09T16:49:56Z,2026-08-09T18:49:56+0200,eeb12da0-7c50-4259-bd40-a1d833ebd7ef,2026-07-31T14:15:00Z,2026-07-31T16:15:00+0200,1258.106666,MW,DK1,DK_1,forecast_solar_generation,Solar,2026-08-09T16:53:20Z
2026-08-09T16:49:56Z,2026-08-09T18:49:56+0200,eeb12da0-7c50-4259-bd40-a1d833ebd7ef,2026-07-31T14:30:00Z,2026-07-31T16:30:00+0200,1218.493333,MW,DK1,DK_1,forecast_solar_generation,Solar,2026-08-09T16:53:20Z
2026-08-09T16:49:56Z,2026-08-09T18:49:56+0200,eeb12da0-7c50-4259-bd40-a1d833ebd7ef,2026-07-31T14:45:00Z,2026-07-31T16:45:00+0200,1174.131666,MW,DK1,DK_1,forecast_solar_generation,Solar,2026-08-09T16:53:20Z
2026-08-09T16:49:56Z,2026-08-09T18:49:56+0200,eeb12da0-7c50-4259-bd40-a1d833ebd7ef,2026-07-31T15:00:00Z,2026-07-31T17:00:00+0200,1123.616666,MW,DK1,DK_1,forecast_solar_generation,Solar,2026-08-09T16:53:20Z
2026-08-09T16:49:56Z,2026-08-09T18:49:56+0200,eeb12da0-7c50-4259-bd40-a1d833ebd7ef,2026-07-31T15:15:00Z,2026-07-31T17:15:00+0200,1068.75,MW,DK1,DK_1,forecast_solar_generation,Solar,2026-08-09T16:53:20Z
2026-08-09T16:49:56Z,2026-08-09T18:49:56+0200,eeb12da0-7c50-4259-bd40-a1d833ebd7ef,2026-07-31T15:30:00Z,2026-07-31T17:30:00+0200,1012.253333,MW,DK1,DK_1,forecast_solar_generation,Solar,2026-08-09T16:53:20Z
2026-08-09T16:49:56Z,2026-08-09T18:49:56+0200,eeb12da0-7c50-4259-bd40-a1d833ebd7ef,2026-07-31T15:45:00Z,2026-07-31T17:45:00+0200,958.421666,MW,DK1,DK_1,forecast_solar_generation,Solar,2026-08-09T16:53:20Z
2026-08-09T16:49:56Z,2026-08-09T18:49:56+0200,eeb12da0-7c50-4259-bd40-a1d833ebd7ef,2026-07-31T16:00:00Z,2026-07-31T18:00:00+0200,910.375,MW,DK1,DK_1,forecast_solar_generation,Solar,2026-08-09T16:53:20Z
2026-08-09T16:49:56Z,2026-08-09T18:49:56+0200,eeb12da0-7c50-4259-bd40-a1d833ebd7ef,2026-07-31T16:15:00Z,2026-07-31T18:15:00+0200,837.176666,MW,DK1,DK_1,forecast_solar_generation,Solar,2026-08-09T16:53:20Z
2026-08-09T16:49:56Z,2026-08-09T18:49:56+0200,eeb12da0-7c50-4259-bd40-a1d833ebd7ef,2026-07-31T16:30:00Z,2026-07-31T18:30:00+0200,750.181666,MW,DK1,DK_1,forecast_solar_generation,Solar,2026-08-09T16:53:20Z
2026-08-09T16:49:56Z,2026-08-09T18:49:56+0200,eeb12da0-7c50-4259-bd40-a1d833ebd7ef,2026-07-31T16:45:00Z,2026-07-31T18:45:00+0200,661.18,MW,DK1,DK_1,forecast_solar_generation,Solar,2026-08-09T16:53:20Z
2026-08-09T16:49:56Z,2026-08-09T18:49:56+0200,eeb12da0-7c50-4259-bd40-a1d833ebd7ef,2026-07-31T17:00:00Z,2026-07-31T19:00:00+0200,571.113333,MW,DK1,DK_1,forecast_solar_generation,Solar,2026-08-09T16:53:20Z
2026-08-09T16:49:56Z,2026-08-09T18:49:56+0200,eeb12da0-7c50-4259-bd40-a1d833ebd7ef,2026-07-31T17:15:00Z,2026-07-31T19:15:00+0200,479.039999,MW,DK1,DK_1,forecast_solar_generation,Solar,2026-08-09T16:53:20Z
2026-08-09T16:49:56Z,2026-08-09T18:49:56+0200,eeb12da0-7c50-4259-bd40-a1d833ebd7ef,2026-07-31T17:30:00Z,2026-07-31T19:30:00+0200,387.541666,MW,DK1,DK_1,forecast_solar_generation,Solar,2026-08-09T16:53:20Z
2026-08-09T16:49:56Z,2026-08-09T18:49:56+0200,eeb12da0-7c50-4259-bd40-a1d833ebd7ef,2026-07-31T17:45:00Z,2026-07-31T19:45:00+0200,302.251666,MW,DK1,DK_1,forecast_solar_generation,Solar,2026-08-09T16:53:20Z
2026-08-09T16:49:56Z,2026-08-09T18:49:56+0200,eeb12da0-7c50-4259-bd40-a1d833ebd7ef,2026-07-31T18:00:00Z,2026-07-31T20:00:00+0200,223.196666,MW,DK1,DK_1,forecast_solar_generation,Solar,2026-08-09T16:53:20Z
2026-08-09T16:49:56Z,2026-08-09T18:49:56+0200,eeb12da0-7c50-4259-bd40-a1d833ebd7ef,2026-07-31T18:15:00Z,2026-07-31T20:15:00+0200,151.076666,MW,DK1,DK_1,forecast_solar_generation,Solar,2026-08-09T16:53:20Z
2026-08-09T16:49:56Z,2026-08-09T18:49:56+0200,eeb12da0-7c50-4259-bd40-a1d833ebd7ef,2026-07-31T18:30:00Z,2026-07-31T20:30:00+0200,88.175,MW,DK1,DK_1,forecast_solar_generation,Solar,2026-08-09T16:53:20Z
2026-08-09T16:49:56Z,2026-08-09T18:49:56+0200,eeb12da0-7c50-4259-bd40-a1d833ebd7ef,2026-07-31T18:45:00Z,2026-07-31T20:45:00+0200,39.141666,MW,DK1,DK_1,forecast_solar_generation,Solar,2026-08-09T16:53:20Z
2026-08-09T16:49:56Z,2026-08-09T18:49:56+0200,eeb12da0-7c50-4259-bd40-a1d833ebd7ef,2026-07-31T19:00:00Z,2026-07-31T21:00:00+0200,9.868333,MW,DK1,DK_1,forecast_solar_generation,Solar,2026-08-09T16:53:20Z
2026-08-09T16:49:56Z,2026-08-09T18:49:56+0200,eeb12da0-7c50-4259-bd40-a1d833ebd7ef,2026-07-31T19:15:00Z,2026-07-31T21:15:00+0200,0.931666,MW,DK1,DK_1,forecast_solar_generation,Solar,2026-08-09T16:53:20Z
2026-08-09T16:49:56Z,2026-08-09T18:49:56+0200,eeb12da0-7c50-4259-bd40-a1d833ebd7ef,2026-07-31T19:30:00Z,2026-07-31T21:30:00+0200,0.015,MW,DK1,DK_1,forecast_solar_generation,Solar,2026-08-09T16:53:20Z
2026-08-09T16:49:56Z,2026-08-09T18:49:56+0200,eeb12da0-7c50-4259-bd40-a1d833ebd7ef,2026-07-31T19:45:00Z,2026-07-31T21:45:00+0200,0.0,MW,DK1,DK_1,forecast_solar_generation,Solar,2026-08-09T16:53:20Z
2026-08-09T16:49:56Z,2026-08-09T18:49:56+0200,eeb12da0-7c50-4259-bd40-a1d833ebd7ef,2026-07-31T20:00:00Z,2026-07-31T22:00:00+0200,0.0,MW,DK1,DK_1,forecast_solar_generation,Solar,2026-08-09T16:53:20Z
2026-08-09T16:49:56Z,2026-08-09T18:49:56+0200,eeb12da0-7c50-4259-bd40-a1d833ebd7ef,2026-07-31T20:15:00Z,2026-07-31T22:15:00+0200,0.0,MW,DK1,DK_1,forecast_solar_generation,Solar,2026-08-09T16:53:20Z
2026-08-09T16:49:56Z,2026-08-09T18:49:56+0200,eeb12da0-7c50-4259-bd40-a1d833ebd7ef,2026-07-31T20:30:00Z,2026-07-31T22:30:00+0200,0.0,MW,DK1,DK_1,forecast_solar_generation,Solar,2026-08-09T16:53:20Z
2026-08-09T16:49:56Z,2026-08-09T18:49:56+0200,eeb12da0-7c50-4259-bd40-a1d833ebd7ef,2026-07-31T20:45:00Z,2026-07-31T22:45:00+0200,0.0,MW,DK1,DK_1,forecast_solar_generation,Solar,2026-08-09T16:53:20Z
2026-08-09T16:49:56Z,2026-08-09T18:49:56+0200,eeb12da0-7c50-4259-bd40-a1d833ebd7ef,2026-07-31T21:00:00Z,2026-07-31T23:00:00+0200,0.0,MW,DK1,DK_1,forecast_solar_generation,Solar,2026-08-09T16:53:20Z
2026-08-09T16:49:56Z,2026-08-09T18:49:56+0200,eeb12da0-7c50-4259-bd40-a1d833ebd7ef,2026-07-31T21:15:00Z,2026-07-31T23:15:00+0200,0.0,MW,DK1,DK_1,forecast_solar_generation,Solar,2026-08-09T16:53:20Z
2026-08-09T16:49:56Z,2026-08-09T18:49:56+0200,eeb12da0-7c50-4259-bd40-a1d833ebd7ef,2026-07-31T21:30:00Z,2026-07-31T23:30:00+0200,0.0,MW,DK1,DK_1,forecast_solar_generation,Solar,2026-08-09T16:53:20Z
2026-08-09T16:49:56Z,2026-08-09T18:49:56+0200,eeb12da0-7c50-4259-bd40-a1d833ebd7ef,2026-07-31T21:45:00Z,2026-07-31T23:45:00+0200,0.0,MW,DK1,DK_1,forecast_solar_generation,Solar,2026-08-09T16:53:20Z
2026-08-09T16:49:56Z,2026-08-09T18:49:56+0200,eeb12da0-7c50-4259-bd40-a1d833ebd7ef,2026-07-31T22:00:00Z,2026-08-01T00:00:00+0200,0.0,MW,DK1,DK_1,forecast_solar_generation,Solar,2026-08-09T16:53:20Z
2026-08-09T16:49:56Z,2026-08-09T18:49:56+0200,eeb12da0-7c50-4259-bd40-a1d833ebd7ef,2026-07-31T22:15:00Z,2026-08-01T00:15:00+0200,0.0,MW,DK1,DK_1,forecast_solar_generation,Solar,2026-08-09T16:53:20Z
2026-08-09T16:49:56Z,2026-08-09T18:49:56+0200,eeb12da0-7c50-4259-bd40-a1d833ebd7ef,2026-07-31T22:30:00Z,2026-08-01T00:30:00+0200,0.0,MW,DK1,DK_1,forecast_solar_generation,Solar,2026-08-09T16:53:20Z
2026-08-09T16:49:56Z,2026-08-09T18:49:56+0200,eeb12da0-7c50-4259-bd40-a1d833ebd7ef,2026-07-31T22:45:00Z,2026-08-01T00:45:00+0200,0.0,MW,DK1,DK_1,forecast_solar_generation,Solar,2026-08-09T16:53:20Z
2026-08-09T16:49:56Z,2026-08-09T18:49:56+0200,eeb12da0-7c50-4259-bd40-a1d833ebd7ef,2026-07-31T23:00:00Z,2026-08-01T01:00:00+0200,0.0,MW,DK1,DK_1,forecast_solar_generation,Solar,2026-08-09T16:53:20Z
2026-08-09T16:49:56Z,2026-08-09T18:49:56+0200,eeb12da0-7c50-4259-bd40-a1d833ebd7ef,2026-07-31T23:15:00Z,2026-08-01T01:15:00+0200,0.0,MW,DK1,DK_1,forecast_solar_generation,Solar,2026-08-09T16:53:20Z
2026-08-09T16:49:56Z,2026-08-09T18:49:56+0200,eeb12da0-7c50-4259-bd40-a1d833ebd7ef,2026-07-31T23:30:00Z,2026-08-01T01:30:00+0200,0.0,MW,DK1,DK_1,forecast_solar_generation,Solar,2026-08-09T16:53:20Z
2026-08-09T16:49:56Z,2026-08-09T18:49:56+0200,eeb12da0-7c50-4259-bd40-a1d833ebd7ef,2026-07-31T23:45:00Z,2026-08-01T01:45:00+0200,0.0,MW,DK1,DK_1,forecast_solar_generation,Solar,2026-08-09T16:53:20Z
2026-08-09T16:49:56Z,2026-08-09T18:49:56+0200,eeb12da0-7c50-4259-bd40-a1d833ebd7ef,2026-08-01T00:00:00Z,2026-08-01T02:00:00+0200,0.0,MW,DK1,DK_1,forecast_solar_generation,Solar,2026-08-09T16:53:20Z
2026-08-09T16:49:56Z,2026-08-09T18:49:56+0200,eeb12da0-7c50-4259-bd40-a1d833ebd7ef,2026-08-01T00:15:00Z,2026-08-01T02:15:00+0200,0.0,MW,DK1,DK_1,forecast_solar_generation,Solar,2026-08-09T16:53:20Z
2026-08-09T16:49:56Z,2026-08-09T18:49:56+0200,eeb12da0-7c50-4259-bd40-a1d833ebd7ef,2026-08-01T00:30:00Z,2026-08-01T02:30:00+0200,0.0,MW,DK1,DK_1,forecast_solar_generation,Solar,2026-08-09T16:53:20Z
2026-08-09T16:49:56Z,2026-08-09T18:49:56+0200,eeb12da0-7c50-4259-bd40-a1d833ebd7ef,2026-08-01T00:45:00Z,2026-08-01T02:45:00+0200,0.0,MW,DK1,DK_1,forecast_solar_generation,Solar,2026-08-09T16:53:20Z
2026-08-09T16:49:56Z,2026-08-09T18:49:56+0200,eeb12da0-7c50-4259-bd40-a1d833ebd7ef,2026-08-01T01:00:00Z,2026-08-01T03:00:00+0200,0.0,MW,DK1,DK_1,forecast_solar_generation,Solar,2026-08-09T16:53:20Z
2026-08-09T16:49:56Z,2026-08-09T18:49:56+0200,eeb12da0-7c50-4259-bd40-a1d833ebd7ef,2026-08-01T01:15:00Z,2026-08-01T03:15:00+0200,0.0,MW,DK1,DK_1,forecast_solar_generation,Solar,2026-08-09T16:53:20Z
2026-08-09T16:49:56Z,2026-08-09T18:49:56+0200,eeb12da0-7c50-4259-bd40-a1d833ebd7ef,2026-08-01T01:30:00Z,2026-08-01T03:30:00+0200,0.0,MW,DK1,DK_1,forecast_solar_generation,Solar,2026-08-09T16:53:20Z
2026-08-09T16:49:56Z,2026-08-09T18:49:56+0200,eeb12da0-7c50-4259-bd40-a1d833ebd7ef,2026-08-01T01:45:00Z,2026-08-01T03:45:00+0200,0.0,MW,DK1,DK_1,forecast_solar_generation,Solar,2026-08-09T16:53:20Z
2026-08-09T16:49:56Z,2026-08-09T18:49:56+0200,eeb12da0-7c50-4259-bd40-a1d833ebd7ef,2026-08-01T02:00:00Z,2026-08-01T04:00:00+0200,0.0,MW,DK1,DK_1,forecast_solar_generation,Solar,2026-08-09T16:53:20Z
2026-08-09T16:49:56Z,2026-08-09T18:49:56+0200,eeb12da0-7c50-4259-bd40-a1d833ebd7ef,2026-08-01T02:15:00Z,2026-08-01T04:15:00+0200,0.0,MW,DK1,DK_1,forecast_solar_generation,Solar,2026-08-09T16:53:20Z
2026-08-09T16:49:56Z,2026-08-09T18:49:56+0200,eeb12da0-7c50-4259-bd40-a1d833ebd7ef,2026-08-01T02:30:00Z,2026-08-01T04:30:00+0200,0.0,MW,DK1,DK_1,forecast_solar_generation,Solar,2026-08-09T16:53:20Z
2026-08-09T16:49:56Z,2026-08-09T18:49:56+0200,eeb12da0-7c50-4259-bd40-a1d833ebd7ef,2026-08-01T02:45:00Z,2026-08-01T04:45:00+0200,0.0,MW,DK1,DK_1,forecast_solar_generation,Solar,2026-08-09T16:53:20Z
2026-08-09T16:49:56Z,2026-08-09T18:49:56+0200,eeb12da0-7c50-4259-bd40-a1d833ebd7ef,2026-08-01T03:00:00Z,2026-08-01T05:00:00+0200,0.0,MW,DK1,DK_1,forecast_solar_generation,Solar,2026-08-09T16:53:20Z
2026-08-09T16:49:56Z,2026-08-09T18:49:56+0200,eeb12da0-7c50-4259-bd40-a1d833ebd7ef,2026-08-01T03:15:00Z,2026-08-01T05:15:00+0200,0.036666,MW,DK1,DK_1,forecast_solar_generation,Solar,2026-08-09T16:53:20Z
2026-08-09T16:49:56Z,2026-08-09T18:49:56+0200,eeb12da0-7c50-4259-bd40-a1d833ebd7ef,2026-08-01T03:30:00Z,2026-08-01T05:30:00+0200,1.498333,MW,DK1,DK_1,forecast_solar_generation,Solar,2026-08-09T16:53:20Z
2026-08-09T16:49:56Z,2026-08-09T18:49:56+0200,eeb12da0-7c50-4259-bd40-a1d833ebd7ef,2026-08-01T03:45:00Z,2026-08-01T05:45:00+0200,14.079999,MW,DK1,DK_1,forecast_solar_generation,Solar,2026-08-09T16:53:20Z
2026-08-09T16:49:56Z,2026-08-09T18:49:56+0200,eeb12da0-7c50-4259-bd40-a1d833ebd7ef,2026-08-01T04:00:00Z,2026-08-01T06:00:00+0200,51.106666,MW,DK1,DK_1,forecast_solar_generation,Solar,2026-08-09T16:53:20Z
2026-08-09T16:49:56Z,2026-08-09T18:49:56+0200,eeb12da0-7c50-4259-bd40-a1d833ebd7ef,2026-08-01T04:15:00Z,2026-08-01T06:15:00+0200,108.901666,MW,DK1,DK_1,forecast_solar_generation,Solar,2026-08-09T16:53:20Z
2026-08-09T16:49:56Z,2026-08-09T18:49:56+0200,eeb12da0-7c50-4259-bd40-a1d833ebd7ef,2026-08-01T04:30:00Z,2026-08-01T06:30:00+0200,182.683333,MW,DK1,DK_1,forecast_solar_generation,Solar,2026-08-09T16:53:20Z
2026-08-09T16:49:56Z,2026-08-09T18:49:56+0200,eeb12da0-7c50-4259-bd40-a1d833ebd7ef,2026-08-01T04:45:00Z,2026-08-01T06:45:00+0200,269.869999,MW,DK1,DK_1,forecast_solar_generation,Solar,2026-08-09T16:53:20Z
2026-08-09T16:49:56Z,2026-08-09T18:49:56+0200,eeb12da0-7c50-4259-bd40-a1d833ebd7ef,2026-08-01T05:00:00Z,2026-08-01T07:00:00+0200,370.379999,MW,DK1,DK_1,forecast_solar_generation,Solar,2026-08-09T16:53:20Z
2026-08-09T16:49:56Z,2026-08-09T18:49:56+0200,eeb12da0-7c50-4259-bd40-a1d833ebd7ef,2026-08-01T05:15:00Z,2026-08-01T07:15:00+0200,482.131666,MW,DK1,DK_1,forecast_solar_generation,Solar,2026-08-09T16:53:20Z
2026-08-09T16:49:56Z,2026-08-09T18:49:56+0200,eeb12da0-7c50-4259-bd40-a1d833ebd7ef,2026-08-01T05:30:00Z,2026-08-01T07:30:00+0200,602.851666,MW,DK1,DK_1,forecast_solar_generation,Solar,2026-08-09T16:53:20Z
2026-08-09T16:49:56Z,2026-08-09T18:49:56+0200,eeb12da0-7c50-4259-bd40-a1d833ebd7ef,2026-08-01T05:45:00Z,2026-08-01T07:45:00+0200,729.431666,MW,DK1,DK_1,forecast_solar_generation,Solar,2026-08-09T16:53:20Z
2026-08-09T16:49:56Z,2026-08-09T18:49:56+0200,eeb12da0-7c50-4259-bd40-a1d833ebd7ef,2026-08-01T06:00:00Z,2026-08-01T08:00:00+0200,859.303333,MW,DK1,DK_1,forecast_solar_generation,Solar,2026-08-09T16:53:20Z
2026-08-09T16:49:56Z,2026-08-09T18:49:56+0200,eeb12da0-7c50-4259-bd40-a1d833ebd7ef,2026-08-01T06:15:00Z,2026-08-01T08:15:00+0200,990.901666,MW,DK1,DK_1,forecast_solar_generation,Solar,2026-08-09T16:53:20Z
2026-08-09T16:49:56Z,2026-08-09T18:49:56+0200,eeb12da0-7c50-4259-bd40-a1d833ebd7ef,2026-08-01T06:30:00Z,2026-08-01T08:30:00+0200,1123.131666,MW,DK1,DK_1,forecast_solar_generation,Solar,2026-08-09T16:53:20Z
2026-08-09T16:49:56Z,2026-08-09T18:49:56+0200,eeb12da0-7c50-4259-bd40-a1d833ebd7ef,2026-08-01T06:45:00Z,2026-08-01T08:45:00+0200,1254.841666,MW,DK1,DK_1,forecast_solar_generation,Solar,2026-08-09T16:53:20Z
2026-08-09T16:49:56Z,2026-08-09T18:49:56+0200,eeb12da0-7c50-4259-bd40-a1d833ebd7ef,2026-08-01T07:00:00Z,2026-08-01T09:00:00+0200,1384.46,MW,DK1,DK_1,forecast_solar_generation,Solar,2026-08-09T16:53:20Z
2026-08-09T16:49:56Z,2026-08-09T18:49:56+0200,eeb12da0-7c50-4259-bd40-a1d833ebd7ef,2026-08-01T07:15:00Z,2026-08-01T09:15:00+0200,1510.351666,MW,DK1,DK_1,forecast_solar_generation,Solar,2026-08-09T16:53:20Z
2026-08-09T16:49:56Z,2026-08-09T18:49:56+0200,eeb12da0-7c50-4259-bd40-a1d833ebd7ef,2026-08-01T07:30:00Z,2026-08-01T09:30:00+0200,1631.095,MW,DK1,DK_1,forecast_solar_generation,Solar,2026-08-09T16:53:20Z
2026-08-09T16:49:56Z,2026-08-09T18:49:56+0200,eeb12da0-7c50-4259-bd40-a1d833ebd7ef,2026-08-01T07:45:00Z,2026-08-01T09:45:00+0200,1745.534999,MW,DK1,DK_1,forecast_solar_generation,Solar,2026-08-09T16:53:20Z
2026-08-09T16:49:56Z,2026-08-09T18:49:56+0200,eeb12da0-7c50-4259-bd40-a1d833ebd7ef,2026-08-01T08:00:00Z,2026-08-01T10:00:00+0200,1849.578333,MW,DK1,DK_1,forecast_solar_generation,Solar,2026-08-09T16:53:20Z
2026-08-09T16:49:56Z,2026-08-09T18:49:56+0200,eeb12da0-7c50-4259-bd40-a1d833ebd7ef,2026-08-01T08:15:00Z,2026-08-01T10:15:00+0200,1939.215,MW,DK1,DK_1,forecast_solar_generation,Solar,2026-08-09T16:53:20Z
2026-08-09T16:49:56Z,2026-08-09T18:49:56+0200,eeb12da0-7c50-4259-bd40-a1d833ebd7ef,2026-08-01T08:30:00Z,2026-08-01T10:30:00+0200,2012.035,MW,DK1,DK_1,forecast_solar_generation,Solar,2026-08-09T16:53:20Z
2026-08-09T16:49:56Z,2026-08-09T18:49:56+0200,eeb12da0-7c50-4259-bd40-a1d833ebd7ef,2026-08-01T08:45:00Z,2026-08-01T10:45:00+0200,2068.638333,MW,DK1,DK_1,forecast_solar_generation,Solar,2026-08-09T16:53:20Z
2026-08-09T16:49:56Z,2026-08-09T18:49:56+0200,eeb12da0-7c50-4259-bd40-a1d833ebd7ef,2026-08-01T09:00:00Z,2026-08-01T11:00:00+0200,2111.663333,MW,DK1,DK_1,forecast_solar_generation,Solar,2026-08-09T16:53:20Z
2026-08-09T16:49:56Z,2026-08-09T18:49:56+0200,eeb12da0-7c50-4259-bd40-a1d833ebd7ef,2026-08-01T09:15:00Z,2026-08-01T11:15:00+0200,2142.526666,MW,DK1,DK_1,forecast_solar_generation,Solar,2026-08-09T16:53:20Z
2026-08-09T16:49:56Z,2026-08-09T18:49:56+0200,eeb12da0-7c50-4259-bd40-a1d833ebd7ef,2026-08-01T09:30:00Z,2026-08-01T11:30:00+0200,2167.256666,MW,DK1,DK_1,forecast_solar_generation,Solar,2026-08-09T16:53:20Z
2026-08-09T16:49:56Z,2026-08-09T18:49:56+0200,eeb12da0-7c50-4259-bd40-a1d833ebd7ef,2026-08-01T09:45:00Z,2026-08-01T11:45:00+0200,2190.86,MW,DK1,DK_1,forecast_solar_generation,Solar,2026-08-09T16:53:20Z
2026-08-09T16:49:56Z,2026-08-09T18:49:56+0200,eeb12da0-7c50-4259-bd40-a1d833ebd7ef,2026-08-01T10:00:00Z,2026-08-01T12:00:00+0200,2213.383333,MW,DK1,DK_1,forecast_solar_generation,Solar,2026-08-09T16:53:20Z
2026-08-09T16:49:56Z,2026-08-09T18:49:56+0200,eeb12da0-7c50-4259-bd40-a1d833ebd7ef,2026-08-01T10:15:00Z,2026-08-01T12:15:00+0200,2230.44,MW,DK1,DK_1,forecast_solar_generation,Solar,2026-08-09T16:53:20Z
2026-08-09T16:49:56Z,2026-08-09T18:49:56+0200,eeb12da0-7c50-4259-bd40-a1d833ebd7ef,2026-08-01T10:30:00Z,2026-08-01T12:30:00+0200,2215.545,MW,DK1,DK_1,forecast_solar_generation,Solar,2026-08-09T16:53:20Z
2026-08-09T16:49:56Z,2026-08-09T18:49:56+0200,eeb12da0-7c50-4259-bd40-a1d833ebd7ef,2026-08-01T10:45:00Z,2026-08-01T12:45:00+0200,2074.823333,MW,DK1,DK_1,forecast_solar_generation,Solar,2026-08-09T16:53:20Z
2026-08-09T16:49:56Z,2026-08-09T18:49:56+0200,eeb12da0-7c50-4259-bd40-a1d833ebd7ef,2026-08-01T11:00:00Z,2026-08-01T13:00:00+0200,2099.759999,MW,DK1,DK_1,forecast_solar_generation,Solar,2026-08-09T16:53:20Z
2026-08-09T16:49:56Z,2026-08-09T18:49:56+0200,eeb12da0-7c50-4259-bd40-a1d833ebd7ef,2026-08-01T11:15:00Z,2026-08-01T13:15:00+0200,2088.606666,MW,DK1,DK_1,forecast_solar_generation,Solar,2026-08-09T16:53:20Z
2026-08-09T16:49:56Z,2026-08-09T18:49:56+0200,eeb12da0-7c50-4259-bd40-a1d833ebd7ef,2026-08-01T11:30:00Z,2026-08-01T13:30:00+0200,2077.338333,MW,DK1,DK_1,forecast_solar_generation,Solar,2026-08-09T16:53:20Z
2026-08-09T16:49:56Z,2026-08-09T18:49:56+0200,eeb12da0-7c50-4259-bd40-a1d833ebd7ef,2026-08-01T11:45:00Z,2026-08-01T13:45:00+0200,2058.155,MW,DK1,DK_1,forecast_solar_generation,Solar,2026-08-09T16:53:20Z
2026-08-09T16:49:56Z,2026-08-09T18:49:56+0200,eeb12da0-7c50-4259-bd40-a1d833ebd7ef,2026-08-01T12:00:00Z,2026-08-01T14:00:00+0200,1995.968333,MW,DK1,DK_1,forecast_solar_generation,Solar,2026-08-09T16:53:20Z
2026-08-09T16:49:56Z,2026-08-09T18:49:56+0200,eeb12da0-7c50-4259-bd40-a1d833ebd7ef,2026-08-01T12:15:00Z,2026-08-01T14:15:00+0200,1972.288333,MW,DK1,DK_1,forecast_solar_generation,Solar,2026-08-09T16:53:20Z
2026-08-09T16:49:56Z,2026-08-09T18:49:56+0200,eeb12da0-7c50-4259-bd40-a1d833ebd7ef,2026-08-01T12:30:00Z,2026-08-01T14:30:00+0200,1960.231666,MW,DK1,DK_1,forecast_solar_generation,Solar,2026-08-09T16:53:20Z
2026-08-09T16:49:56Z,2026-08-09T18:49:56+0200,eeb12da0-7c50-4259-bd40-a1d833ebd7ef,2026-08-01T12:45:00Z,2026-08-01T14:45:00+0200,1952.346666,MW,DK1,DK_1,forecast_solar_generation,Solar,2026-08-09T16:53:20Z
2026-08-09T16:49:56Z,2026-08-09T18:49:56+0200,eeb12da0-7c50-4259-bd40-a1d833ebd7ef,2026-08-01T13:00:00Z,2026-08-01T15:00:00+0200,1855.378333,MW,DK1,DK_1,forecast_solar_generation,Solar,2026-08-09T16:53:20Z
2026-08-09T16:49:56Z,2026-08-09T18:49:56+0200,eeb12da0-7c50-4259-bd40-a1d833ebd7ef,2026-08-01T13:15:00Z,2026-08-01T15:15:00+0200,1836.468333,MW,DK1,DK_1,forecast_solar_generation,Solar,2026-08-09T16:53:20Z
2026-08-09T16:49:56Z,2026-08-09T18:49:56+0200,eeb12da0-7c50-4259-bd40-a1d833ebd7ef,2026-08-01T13:30:00Z,2026-08-01T15:30:00+0200,1850.21,MW,DK1,DK_1,forecast_solar_generation,Solar,2026-08-09T16:53:20Z
2026-08-09T16:49:56Z,2026-08-09T18:49:56+0200,eeb12da0-7c50-4259-bd40-a1d833ebd7ef,2026-08-01T13:45:00Z,2026-08-01T15:45:00+0200,1875.566666,MW,DK1,DK_1,forecast_solar_generation,Solar,2026-08-09T16:53:20Z
2026-08-09T16:49:56Z,2026-08-09T18:49:56+0200,eeb12da0-7c50-4259-bd40-a1d833ebd7ef,2026-08-01T14:00:00Z,2026-08-01T16:00:00+0200,1775.423333,MW,DK1,DK_1,forecast_solar_generation,Solar,2026-08-09T16:53:20Z
2026-08-09T16:49:56Z,2026-08-09T18:49:56+0200,eeb12da0-7c50-4259-bd40-a1d833ebd7ef,2026-08-01T14:15:00Z,2026-08-01T16:15:00+0200,1726.78,MW,DK1,DK_1,forecast_solar_generation,Solar,2026-08-09T16:53:20Z
2026-08-09T16:49:56Z,2026-08-09T18:49:56+0200,eeb12da0-7c50-4259-bd40-a1d833ebd7ef,2026-08-01T14:30:00Z,2026-08-01T16:30:00+0200,1642.221666,MW,DK1,DK_1,forecast_solar_generation,Solar,2026-08-09T16:53:20Z
2026-08-09T16:49:56Z,2026-08-09T18:49:56+0200,eeb12da0-7c50-4259-bd40-a1d833ebd7ef,2026-08-01T14:45:00Z,2026-08-01T16:45:00+0200,1554.971666,MW,DK1,DK_1,forecast_solar_generation,Solar,2026-08-09T16:53:20Z
2026-08-09T16:49:56Z,2026-08-09T18:49:56+0200,eeb12da0-7c50-4259-bd40-a1d833ebd7ef,2026-08-01T15:00:00Z,2026-08-01T17:00:00+0200,1462.42,MW,DK1,DK_1,forecast_solar_generation,Solar,2026-08-09T16:53:20Z
2026-08-09T16:49:56Z,2026-08-09T18:49:56+0200,eeb12da0-7c50-4259-bd40-a1d833ebd7ef,2026-08-01T15:15:00Z,2026-08-01T17:15:00+0200,1365.399999,MW,DK1,DK_1,forecast_solar_generation,Solar,2026-08-09T16:53:20Z
2026-08-09T16:49:56Z,2026-08-09T18:49:56+0200,eeb12da0-7c50-4259-bd40-a1d833ebd7ef,2026-08-01T15:30:00Z,2026-08-01T17:30:00+0200,1265.693333,MW,DK1,DK_1,forecast_solar_generation,Solar,2026-08-09T16:53:20Z
2026-08-09T16:49:56Z,2026-08-09T18:49:56+0200,eeb12da0-7c50-4259-bd40-a1d833ebd7ef,2026-08-01T15:45:00Z,2026-08-01T17:45:00+0200,1170.29,MW,DK1,DK_1,forecast_solar_generation,Solar,2026-08-09T16:53:20Z
2026-08-09T16:49:56Z,2026-08-09T18:49:56+0200,eeb12da0-7c50-4259-bd40-a1d833ebd7ef,2026-08-01T16:00:00Z,2026-08-01T18:00:00+0200,1084.85,MW,DK1,DK_1,forecast_solar_generation,Solar,2026-08-09T16:53:20Z
2026-08-09T16:49:56Z,2026-08-09T18:49:56+0200,eeb12da0-7c50-4259-bd40-a1d833ebd7ef,2026-08-01T16:15:00Z,2026-08-01T18:15:00+0200,979.478333,MW,DK1,DK_1,forecast_solar_generation,Solar,2026-08-09T16:53:20Z
2026-08-09T16:49:56Z,2026-08-09T18:49:56+0200,eeb12da0-7c50-4259-bd40-a1d833ebd7ef,2026-08-01T16:30:00Z,2026-08-01T18:30:00+0200,865.126666,MW,DK1,DK_1,forecast_solar_generation,Solar,2026-08-09T16:53:20Z
2026-08-09T16:49:56Z,2026-08-09T18:49:56+0200,eeb12da0-7c50-4259-bd40-a1d833ebd7ef,2026-08-01T16:45:00Z,2026-08-01T18:45:00+0200,751.73,MW,DK1,DK_1,forecast_solar_generation,Solar,2026-08-09T16:53:20Z
2026-08-09T16:49:56Z,2026-08-09T18:49:56+0200,eeb12da0-7c50-4259-bd40-a1d833ebd7ef,2026-08-01T17:00:00Z,2026-08-01T19:00:00+0200,640.271666,MW,DK1,DK_1,forecast_solar_generation,Solar,2026-08-09T16:53:20Z
2026-08-09T16:49:56Z,2026-08-09T18:49:56+0200,eeb12da0-7c50-4259-bd40-a1d833ebd7ef,2026-08-01T17:15:00Z,2026-08-01T19:15:00+0200,529.918333,MW,DK1,DK_1,forecast_solar_generation,Solar,2026-08-09T16:53:20Z
2026-08-09T16:49:56Z,2026-08-09T18:49:56+0200,eeb12da0-7c50-4259-bd40-a1d833ebd7ef,2026-08-01T17:30:00Z,2026-08-01T19:30:00+0200,422.8,MW,DK1,DK_1,forecast_solar_generation,Solar,2026-08-09T16:53:20Z
2026-08-09T16:49:56Z,2026-08-09T18:49:56+0200,eeb12da0-7c50-4259-bd40-a1d833ebd7ef,2026-08-01T17:45:00Z,2026-08-01T19:45:00+0200,324.045,MW,DK1,DK_1,forecast_solar_generation,Solar,2026-08-09T16:53:20Z
2026-08-09T16:49:56Z,2026-08-09T18:49:56+0200,eeb12da0-7c50-4259-bd40-a1d833ebd7ef,2026-08-01T18:00:00Z,2026-08-01T20:00:00+0200,234.804999,MW,DK1,DK_1,forecast_solar_generation,Solar,2026-08-09T16:53:20Z
2026-08-09T16:49:56Z,2026-08-09T18:49:56+0200,eeb12da0-7c50-4259-bd40-a1d833ebd7ef,2026-08-01T18:15:00Z,2026-08-01T20:15:00+0200,155.51,MW,DK1,DK_1,forecast_solar_generation,Solar,2026-08-09T16:53:20Z
2026-08-09T16:49:56Z,2026-08-09T18:49:56+0200,eeb12da0-7c50-4259-bd40-a1d833ebd7ef,2026-08-01T18:30:00Z,2026-08-01T20:30:00+0200,88.18,MW,DK1,DK_1,forecast_solar_generation,Solar,2026-08-09T16:53:20Z
2026-08-09T16:49:56Z,2026-08-09T18:49:56+0200,eeb12da0-7c50-4259-bd40-a1d833ebd7ef,2026-08-01T18:45:00Z,2026-08-01T20:45:00+0200,36.913333,MW,DK1,DK_1,forecast_solar_generation,Solar,2026-08-09T16:53:20Z
2026-08-09T16:49:56Z,2026-08-09T18:49:56+0200,eeb12da0-7c50-4259-bd40-a1d833ebd7ef,2026-08-01T19:00:00Z,2026-08-01T21:00:00+0200,8.216666,MW,DK1,DK_1,forecast_solar_generation,Solar,2026-08-09T16:53:20Z
2026-08-09T16:49:56Z,2026-08-09T18:49:56+0200,eeb12da0-7c50-4259-bd40-a1d833ebd7ef,2026-08-01T19:15:00Z,2026-08-01T21:15:00+0200,0.624999,MW,DK1,DK_1,forecast_solar_generation,Solar,2026-08-09T16:53:20Z
2026-08-09T16:49:56Z,2026-08-09T18:49:56+0200,eeb12da0-7c50-4259-bd40-a1d833ebd7ef,2026-08-01T19:30:00Z,2026-08-01T21:30:00+0200,0.005,MW,DK1,DK_1,forecast_solar_generation,Solar,2026-08-09T16:53:20Z
2026-08-09T16:49:56Z,2026-08-09T18:49:56+0200,eeb12da0-7c50-4259-bd40-a1d833ebd7ef,2026-08-01T19:45:00Z,2026-08-01T21:45:00+0200,0.0,MW,DK1,DK_1,forecast_solar_generation,Solar,2026-08-09T16:53:20Z
2026-08-09T16:49:56Z,2026-08-09T18:49:56+0200,eeb12da0-7c50-4259-bd40-a1d833ebd7ef,2026-08-01T20:00:00Z,2026-08-01T22:00:00+0200,0.0,MW,DK1,DK_1,forecast_solar_generation,Solar,2026-08-09T16:53:20Z
2026-08-09T16:49:56Z,2026-08-09T18:49:56+0200,eeb12da0-7c50-4259-bd40-a1d833ebd7ef,2026-08-01T20:15:00Z,2026-08-01T22:15:00+0200,0.0,MW,DK1,DK_1,forecast_solar_generation,Solar,2026-08-09T16:53:20Z
2026-08-09T16:49:56Z,2026-08-09T18:49:56+0200,eeb12da0-7c50-4259-bd40-a1d833ebd7ef,2026-08-01T20:30:00Z,2026-08-01T22:30:00+0200,0.0,MW,DK1,DK_1,forecast_solar_generation,Solar,2026-08-09T16:53:20Z
2026-08-09T16:49:56Z,2026-08-09T18:49:56+0200,eeb12da0-7c50-4259-bd40-a1d833ebd7ef,2026-08-01T20:45:00Z,2026-08-01T22:45:00+0200,0.0,MW,DK1,DK_1,forecast_solar_generation,Solar,2026-08-09T16:53:20Z
2026-08-09T16:49:56Z,2026-08-09T18:49:56+0200,eeb12da0-7c50-4259-bd40-a1d833ebd7ef,2026-08-01T21:00:00Z,2026-08-01T23:00:00+0200,0.0,MW,DK1,DK_1,forecast_solar_generation,Solar,2026-08-09T16:53:20Z
2026-08-09T16:49:56Z,2026-08-09T18:49:56+0200,eeb12da0-7c50-4259-bd40-a1d833ebd7ef,2026-08-01T21:15:00Z,2026-08-01T23:15:00+0200,0.0,MW,DK1,DK_1,forecast_solar_generation,Solar,2026-08-09T16:53:20Z
2026-08-09T16:49:56Z,2026-08-09T18:49:56+0200,eeb12da0-7c50-4259-bd40-a1d833ebd7ef,2026-08-01T21:30:00Z,2026-08-01T23:30:00+0200,0.0,MW,DK1,DK_1,forecast_solar_generation,Solar,2026-08-09T16:53:20Z
2026-08-09T16:49:56Z,2026-08-09T18:49:56+0200,eeb12da0-7c50-4259-bd40-a1d833ebd7ef,2026-08-01T21:45:00Z,2026-08-01T23:45:00+0200,0.0,MW,DK1,DK_1,forecast_solar_generation,Solar,2026-08-09T16:53:20Z
2026-08-09T16:49:56Z,2026-08-09T18:49:56+0200,eeb12da0-7c50-4259-bd40-a1d833ebd7ef,2026-08-01T22:00:00Z,2026-08-02T00:00:00+0200,0.0,MW,DK1,DK_1,forecast_solar_generation,Solar,2026-08-09T16:53:20Z
2026-08-09T16:49:56Z,2026-08-09T18:49:56+0200,eeb12da0-7c50-4259-bd40-a1d833ebd7ef,2026-08-01T22:15:00Z,2026-08-02T00:15:00+0200,0.0,MW,DK1,DK_1,forecast_solar_generation,Solar,2026-08-09T16:53:20Z
2026-08-09T16:49:56Z,2026-08-09T18:49:56+0200,eeb12da0-7c50-4259-bd40-a1d833ebd7ef,2026-08-01T22:30:00Z,2026-08-02T00:30:00+0200,0.0,MW,DK1,DK_1,forecast_solar_generation,Solar,2026-08-09T16:53:20Z
2026-08-09T16:49:56Z,2026-08-09T18:49:56+0200,eeb12da0-7c50-4259-bd40-a1d833ebd7ef,2026-08-01T22:45:00Z,2026-08-02T00:45:00+0200,0.0,MW,DK1,DK_1,forecast_solar_generation,Solar,2026-08-09T16:53:20Z
2026-08-09T16:49:56Z,2026-08-09T18:49:56+0200,eeb12da0-7c50-4259-bd40-a1d833ebd7ef,2026-08-01T23:00:00Z,2026-08-02T01:00:00+0200,0.0,MW,DK1,DK_1,forecast_solar_generation,Solar,2026-08-09T16:53:20Z
2026-08-09T16:49:56Z,2026-08-09T18:49:56+0200,eeb12da0-7c50-4259-bd40-a1d833ebd7ef,2026-08-01T23:15:00Z,2026-08-02T01:15:00+0200,0.0,MW,DK1,DK_1,forecast_solar_generation,Solar,2026-08-09T16:53:20Z
2026-08-09T16:49:56Z,2026-08-09T18:49:56+0200,eeb12da0-7c50-4259-bd40-a1d833ebd7ef,2026-08-01T23:30:00Z,2026-08-02T01:30:00+0200,0.0,MW,DK1,DK_1,forecast_solar_generation,Solar,2026-08-09T16:53:20Z
2026-08-09T16:49:56Z,2026-08-09T18:49:56+0200,eeb12da0-7c50-4259-bd40-a1d833ebd7ef,2026-08-01T23:45:00Z,2026-08-02T01:45:00+0200,0.0,MW,DK1,DK_1,forecast_solar_generation,Solar,2026-08-09T16:53:20Z
2026-08-09T16:49:56Z,2026-08-09T18:49:56+0200,eeb12da0-7c50-4259-bd40-a1d833ebd7ef,2026-08-02T00:00:00Z,2026-08-02T02:00:00+0200,0.0,MW,DK1,DK_1,forecast_solar_generation,Solar,2026-08-09T16:53:20Z
2026-08-09T16:49:56Z,2026-08-09T18:49:56+0200,eeb12da0-7c50-4259-bd40-a1d833ebd7ef,2026-08-02T00:15:00Z,2026-08-02T02:15:00+0200,0.0,MW,DK1,DK_1,forecast_solar_generation,Solar,2026-08-09T16:53:20Z
2026-08-09T16:49:56Z,2026-08-09T18:49:56+0200,eeb12da0-7c50-4259-bd40-a1d833ebd7ef,2026-08-02T00:30:00Z,2026-08-02T02:30:00+0200,0.0,MW,DK1,DK_1,forecast_solar_generation,Solar,2026-08-09T16:53:20Z
2026-08-09T16:49:56Z,2026-08-09T18:49:56+0200,eeb12da0-7c50-4259-bd40-a1d833ebd7ef,2026-08-02T00:45:00Z,2026-08-02T02:45:00+0200,0.0,MW,DK1,DK_1,forecast_solar_generation,Solar,2026-08-09T16:53:20Z
2026-08-09T16:49:56Z,2026-08-09T18:49:56+0200,eeb12da0-7c50-4259-bd40-a1d833ebd7ef,2026-08-02T01:00:00Z,2026-08-02T03:00:00+0200,0.0,MW,DK1,DK_1,forecast_solar_generation,Solar,2026-08-09T16:53:20Z
2026-08-09T16:49:56Z,2026-08-09T18:49:56+0200,eeb12da0-7c50-4259-bd40-a1d833ebd7ef,2026-08-02T01:15:00Z,2026-08-02T03:15:00+0200,0.0,MW,DK1,DK_1,forecast_solar_generation,Solar,2026-08-09T16:53:20Z
2026-08-09T16:49:56Z,2026-08-09T18:49:56+0200,eeb12da0-7c50-4259-bd40-a1d833ebd7ef,2026-08-02T01:30:00Z,2026-08-02T03:30:00+0200,0.0,MW,DK1,DK_1,forecast_solar_generation,Solar,2026-08-09T16:53:20Z
2026-08-09T16:49:56Z,2026-08-09T18:49:56+0200,eeb12da0-7c50-4259-bd40-a1d833ebd7ef,2026-08-02T01:45:00Z,2026-08-02T03:45:00+0200,0.0,MW,DK1,DK_1,forecast_solar_generation,Solar,2026-08-09T16:53:20Z
2026-08-09T16:49:56Z,2026-08-09T18:49:56+0200,eeb12da0-7c50-4259-bd40-a1d833ebd7ef,2026-08-02T02:00:00Z,2026-08-02T04:00:00+0200,0.0,MW,DK1,DK_1,forecast_solar_generation,Solar,2026-08-09T16:53:20Z
2026-08-09T16:49:56Z,2026-08-09T18:49:56+0200,eeb12da0-7c50-4259-bd40-a1d833ebd7ef,2026-08-02T02:15:00Z,2026-08-02T04:15:00+0200,0.0,MW,DK1,DK_1,forecast_solar_generation,Solar,2026-08-09T16:53:20Z
2026-08-09T16:49:56Z,2026-08-09T18:49:56+0200,eeb12da0-7c50-4259-bd40-a1d833ebd7ef,2026-08-02T02:30:00Z,2026-08-02T04:30:00+0200,0.0,MW,DK1,DK_1,forecast_solar_generation,Solar,2026-08-09T16:53:20Z
2026-08-09T16:49:56Z,2026-08-09T18:49:56+0200,eeb12da0-7c50-4259-bd40-a1d833ebd7ef,2026-08-02T02:45:00Z,2026-08-02T04:45:00+0200,0.0,MW,DK1,DK_1,forecast_solar_generation,Solar,2026-08-09T16:53:20Z
2026-08-09T16:49:56Z,2026-08-09T18:49:56+0200,eeb12da0-7c50-4259-bd40-a1d833ebd7ef,2026-08-02T03:00:00Z,2026-08-02T05:00:00+0200,0.0,MW,DK1,DK_1,forecast_solar_generation,Solar,2026-08-09T16:53:20Z
2026-08-09T16:49:56Z,2026-08-09T18:49:56+0200,eeb12da0-7c50-4259-bd40-a1d833ebd7ef,2026-08-02T03:15:00Z,2026-08-02T05:15:00+0200,0.018333,MW,DK1,DK_1,forecast_solar_generation,Solar,2026-08-09T16:53:20Z
2026-08-09T16:49:56Z,2026-08-09T18:49:56+0200,eeb12da0-7c50-4259-bd40-a1d833ebd7ef,2026-08-02T03:30:00Z,2026-08-02T05:30:00+0200,1.038333,MW,DK1,DK_1,forecast_solar_generation,Solar,2026-08-09T16:53:20Z
2026-08-09T16:49:56Z,2026-08-09T18:49:56+0200,eeb12da0-7c50-4259-bd40-a1d833ebd7ef,2026-08-02T03:45:00Z,2026-08-02T05:45:00+0200,11.146666,MW,DK1,DK_1,forecast_solar_generation,Solar,2026-08-09T16:53:20Z
2026-08-09T16:49:56Z,2026-08-09T18:49:56+0200,eeb12da0-7c50-4259-bd40-a1d833ebd7ef,2026-08-02T04:00:00Z,2026-08-02T06:00:00+0200,44.268333,MW,DK1,DK_1,forecast_solar_generation,Solar,2026-08-09T16:53:20Z
2026-08-09T16:49:56Z,2026-08-09T18:49:56+0200,eeb12da0-7c50-4259-bd40-a1d833ebd7ef,2026-08-02T04:15:00Z,2026-08-02T06:15:00+0200,98.201666,MW,DK1,DK_1,forecast_solar_generation,Solar,2026-08-09T16:53:20Z
2026-08-09T16:49:56Z,2026-08-09T18:49:56+0200,eeb12da0-7c50-4259-bd40-a1d833ebd7ef,2026-08-02T04:30:00Z,2026-08-02T06:30:00+0200,168.771666,MW,DK1,DK_1,forecast_solar_generation,Solar,2026-08-09T16:53:20Z
2026-08-09T16:49:56Z,2026-08-09T18:49:56+0200,eeb12da0-7c50-4259-bd40-a1d833ebd7ef,2026-08-02T04:45:00Z,2026-08-02T06:45:00+0200,255.94,MW,DK1,DK_1,forecast_solar_generation,Solar,2026-08-09T16:53:20Z
2026-08-09T16:49:56Z,2026-08-09T18:49:56+0200,eeb12da0-7c50-4259-bd40-a1d833ebd7ef,2026-08-02T05:00:00Z,2026-08-02T07:00:00+0200,359.841666,MW,DK1,DK_1,forecast_solar_generation,Solar,2026-08-09T16:53:20Z
2026-08-09T16:49:56Z,2026-08-09T18:49:56+0200,eeb12da0-7c50-4259-bd40-a1d833ebd7ef,2026-08-02T05:15:00Z,2026-08-02T07:15:00+0200,476.281666,MW,DK1,DK_1,forecast_solar_generation,Solar,2026-08-09T16:53:20Z
2026-08-09T16:49:56Z,2026-08-09T18:49:56+0200,eeb12da0-7c50-4259-bd40-a1d833ebd7ef,2026-08-02T05:30:00Z,2026-08-02T07:30:00+0200,598.228333,MW,DK1,DK_1,forecast_solar_generation,Solar,2026-08-09T16:53:20Z
2026-08-09T16:49:56Z,2026-08-09T18:49:56+0200,eeb12da0-7c50-4259-bd40-a1d833ebd7ef,2026-08-02T05:45:00Z,2026-08-02T07:45:00+0200,719.245,MW,DK1,DK_1,forecast_solar_generation,Solar,2026-08-09T16:53:20Z
2026-08-09T16:49:56Z,2026-08-09T18:49:56+0200,eeb12da0-7c50-4259-bd40-a1d833ebd7ef,2026-08-02T06:00:00Z,2026-08-02T08:00:00+0200,838.063333,MW,DK1,DK_1,forecast_solar_generation,Solar,2026-08-09T16:53:20Z
2026-08-09T16:49:56Z,2026-08-09T18:49:56+0200,eeb12da0-7c50-4259-bd40-a1d833ebd7ef,2026-08-02T06:15:00Z,2026-08-02T08:15:00+0200,957.621666,MW,DK1,DK_1,forecast_solar_generation,Solar,2026-08-09T16:53:20Z
2026-08-09T16:49:56Z,2026-08-09T18:49:56+0200,eeb12da0-7c50-4259-bd40-a1d833ebd7ef,2026-08-02T06:30:00Z,2026-08-02T08:30:00+0200,1080.493333,MW,DK1,DK_1,forecast_solar_generation,Solar,2026-08-09T16:53:20Z
2026-08-09T16:49:56Z,2026-08-09T18:49:56+0200,eeb12da0-7c50-4259-bd40-a1d833ebd7ef,2026-08-02T06:45:00Z,2026-08-02T08:45:00+0200,1198.531666,MW,DK1,DK_1,forecast_solar_generation,Solar,2026-08-09T16:53:20Z
2026-08-09T16:49:56Z,2026-08-09T18:49:56+0200,eeb12da0-7c50-4259-bd40-a1d833ebd7ef,2026-08-02T07:00:00Z,2026-08-02T09:00:00+0200,1309.823333,MW,DK1,DK_1,forecast_solar_generation,Solar,2026-08-09T16:53:20Z
2026-08-09T16:49:56Z,2026-08-09T18:49:56+0200,eeb12da0-7c50-4259-bd40-a1d833ebd7ef,2026-08-02T07:15:00Z,2026-08-02T09:15:00+0200,1416.563333,MW,DK1,DK_1,forecast_solar_generation,Solar,2026-08-09T16:53:20Z
2026-08-09T16:49:56Z,2026-08-09T18:49:56+0200,eeb12da0-7c50-4259-bd40-a1d833ebd7ef,2026-08-02T07:30:00Z,2026-08-02T09:30:00+0200,1516.336666,MW,DK1,DK_1,forecast_solar_generation,Solar,2026-08-09T16:53:20Z
2026-08-09T16:49:56Z,2026-08-09T18:49:56+0200,eeb12da0-7c50-4259-bd40-a1d833ebd7ef,2026-08-02T07:45:00Z,2026-08-02T09:45:00+0200,1590.885,MW,DK1,DK_1,forecast_solar_generation,Solar,2026-08-09T16:53:20Z
2026-08-09T16:49:56Z,2026-08-09T18:49:56+0200,eeb12da0-7c50-4259-bd40-a1d833ebd7ef,2026-08-02T08:00:00Z,2026-08-02T10:00:00+0200,1602.893333,MW,DK1,DK_1,forecast_solar_generation,Solar,2026-08-09T16:53:20Z
2026-08-09T16:49:56Z,2026-08-09T18:49:56+0200,eeb12da0-7c50-4259-bd40-a1d833ebd7ef,2026-08-02T08:15:00Z,2026-08-02T10:15:00+0200,1466.353333,MW,DK1,DK_1,forecast_solar_generation,Solar,2026-08-09T16:53:20Z
2026-08-09T16:49:56Z,2026-08-09T18:49:56+0200,eeb12da0-7c50-4259-bd40-a1d833ebd7ef,2026-08-02T08:30:00Z,2026-08-02T10:30:00+0200,1258.933333,MW,DK1,DK_1,forecast_solar_generation,Solar,2026-08-09T16:53:20Z
2026-08-09T16:49:56Z,2026-08-09T18:49:56+0200,eeb12da0-7c50-4259-bd40-a1d833ebd7ef,2026-08-02T08:45:00Z,2026-08-02T10:45:00+0200,1009.811666,MW,DK1,DK_1,forecast_solar_generation,Solar,2026-08-09T16:53:20Z
2026-08-09T16:49:56Z,2026-08-09T18:49:56+0200,eeb12da0-7c50-4259-bd40-a1d833ebd7ef,2026-08-02T09:00:00Z,2026-08-02T11:00:00+0200,1273.456666,MW,DK1,DK_1,forecast_solar_generation,Solar,2026-08-09T16:53:20Z
2026-08-09T16:49:56Z,2026-08-09T18:49:56+0200,eeb12da0-7c50-4259-bd40-a1d833ebd7ef,2026-08-02T09:15:00Z,2026-08-02T11:15:00+0200,1307.774999,MW,DK1,DK_1,forecast_solar_generation,Solar,2026-08-09T16:53:20Z
2026-08-09T16:49:56Z,2026-08-09T18:49:56+0200,eeb12da0-7c50-4259-bd40-a1d833ebd7ef,2026-08-02T09:30:00Z,2026-08-02T11:30:00+0200,1429.811666,MW,DK1,DK_1,forecast_solar_generation,Solar,2026-08-09T16:53:20Z
2026-08-09T16:49:56Z,2026-08-09T18:49:56+0200,eeb12da0-7c50-4259-bd40-a1d833ebd7ef,2026-08-02T09:45:00Z,2026-08-02T11:45:00+0200,1532.238333,MW,DK1,DK_1,forecast_solar_generation,Solar,2026-08-09T16:53:20Z
2026-08-09T16:49:56Z,2026-08-09T18:49:56+0200,eeb12da0-7c50-4259-bd40-a1d833ebd7ef,2026-08-02T10:00:00Z,2026-08-02T12:00:00+0200,1707.008333,MW,DK1,DK_1,forecast_solar_generation,Solar,2026-08-09T16:53:20Z
2026-08-09T16:49:56Z,2026-08-09T18:49:56+0200,eeb12da0-7c50-4259-bd40-a1d833ebd7ef,2026-08-02T10:15:00Z,2026-08-02T12:15:00+0200,1648.535,MW,DK1,DK_1,forecast_solar_generation,Solar,2026-08-09T16:53:20Z
2026-08-09T16:49:56Z,2026-08-09T18:49:56+0200,eeb12da0-7c50-4259-bd40-a1d833ebd7ef,2026-08-02T10:30:00Z,2026-08-02T12:30:00+0200,1675.336666,MW,DK1,DK_1,forecast_solar_generation,Solar,2026-08-09T16:53:20Z
2026-08-09T16:49:56Z,2026-08-09T18:49:56+0200,eeb12da0-7c50-4259-bd40-a1d833ebd7ef,2026-08-02T10:45:00Z,2026-08-02T12:45:00+0200,1734.059999,MW,DK1,DK_1,forecast_solar_generation,Solar,2026-08-09T16:53:20Z
2026-08-09T16:49:56Z,2026-08-09T18:49:56+0200,eeb12da0-7c50-4259-bd40-a1d833ebd7ef,2026-08-02T11:00:00Z,2026-08-02T13:00:00+0200,1884.38,MW,DK1,DK_1,forecast_solar_generation,Solar,2026-08-09T16:53:20Z
2026-08-09T16:49:56Z,2026-08-09T18:49:56+0200,eeb12da0-7c50-4259-bd40-a1d833ebd7ef,2026-08-02T11:15:00Z,2026-08-02T13:15:00+0200,1906.258333,MW,DK1,DK_1,forecast_solar_generation,Solar,2026-08-09T16:53:20Z
2026-08-09T16:49:56Z,2026-08-09T18:49:56+0200,eeb12da0-7c50-4259-bd40-a1d833ebd7ef,2026-08-02T11:30:00Z,2026-08-02T13:30:00+0200,1896.024999,MW,DK1,DK_1,forecast_solar_generation,Solar,2026-08-09T16:53:20Z
2026-08-09T16:49:56Z,2026-08-09T18:49:56+0200,eeb12da0-7c50-4259-bd40-a1d833ebd7ef,2026-08-02T11:45:00Z,2026-08-02T13:45:00+0200,1874.27,MW,DK1,DK_1,forecast_solar_generation,Solar,2026-08-09T16:53:20Z
2026-08-09T16:49:56Z,2026-08-09T18:49:56+0200,eeb12da0-7c50-4259-bd40-a1d833ebd7ef,2026-08-02T12:00:00Z,2026-08-02T14:00:00+0200,1762.426666,MW,DK1,DK_1,forecast_solar_generation,Solar,2026-08-09T16:53:20Z
2026-08-09T16:49:56Z,2026-08-09T18:49:56+0200,eeb12da0-7c50-4259-bd40-a1d833ebd7ef,2026-08-02T12:15:00Z,2026-08-02T14:15:00+0200,1738.093333,MW,DK1,DK_1,forecast_solar_generation,Solar,2026-08-09T16:53:20Z
2026-08-09T16:49:56Z,2026-08-09T18:49:56+0200,eeb12da0-7c50-4259-bd40-a1d833ebd7ef,2026-08-02T12:30:00Z,2026-08-02T14:30:00+0200,1735.701666,MW,DK1,DK_1,forecast_solar_generation,Solar,2026-08-09T16:53:20Z
2026-08-09T16:49:56Z,2026-08-09T18:49:56+0200,eeb12da0-7c50-4259-bd40-a1d833ebd7ef,2026-08-02T12:45:00Z,2026-08-02T14:45:00+0200,1824.318333,MW,DK1,DK_1,forecast_solar_generation,Solar,2026-08-09T16:53:20Z
2026-08-09T16:49:56Z,2026-08-09T18:49:56+0200,eeb12da0-7c50-4259-bd40-a1d833ebd7ef,2026-08-02T13:00:00Z,2026-08-02T15:00:00+0200,1839.864999,MW,DK1,DK_1,forecast_solar_generation,Solar,2026-08-09T16:53:20Z
2026-08-09T16:49:56Z,2026-08-09T18:49:56+0200,eeb12da0-7c50-4259-bd40-a1d833ebd7ef,2026-08-02T13:15:00Z,2026-08-02T15:15:00+0200,1848.833333,MW,DK1,DK_1,forecast_solar_generation,Solar,2026-08-09T16:53:20Z
2026-08-09T16:49:56Z,2026-08-09T18:49:56+0200,eeb12da0-7c50-4259-bd40-a1d833ebd7ef,2026-08-02T13:30:00Z,2026-08-02T15:30:00+0200,1820.255,MW,DK1,DK_1,forecast_solar_generation,Solar,2026-08-09T16:53:20Z
2026-08-09T16:49:56Z,2026-08-09T18:49:56+0200,eeb12da0-7c50-4259-bd40-a1d833ebd7ef,2026-08-02T13:45:00Z,2026-08-02T15:45:00+0200,1810.201666,MW,DK1,DK_1,forecast_solar_generation,Solar,2026-08-09T16:53:20Z
2026-08-09T16:49:56Z,2026-08-09T18:49:56+0200,eeb12da0-7c50-4259-bd40-a1d833ebd7ef,2026-08-02T14:00:00Z,2026-08-02T16:00:00+0200,1737.458333,MW,DK1,DK_1,forecast_solar_generation,Solar,2026-08-09T16:53:20Z
2026-08-09T16:49:56Z,2026-08-09T18:49:56+0200,eeb12da0-7c50-4259-bd40-a1d833ebd7ef,2026-08-02T14:15:00Z,2026-08-02T16:15:00+0200,1732.226666,MW,DK1,DK_1,forecast_solar_generation,Solar,2026-08-09T16:53:20Z
2026-08-09T16:49:56Z,2026-08-09T18:49:56+0200,eeb12da0-7c50-4259-bd40-a1d833ebd7ef,2026-08-02T14:30:00Z,2026-08-02T16:30:00+0200,1782.825,MW,DK1,DK_1,forecast_solar_generation,Solar,2026-08-09T16:53:20Z
2026-08-09T16:49:56Z,2026-08-09T18:49:56+0200,eeb12da0-7c50-4259-bd40-a1d833ebd7ef,2026-08-02T14:45:00Z,2026-08-02T16:45:00+0200,1709.605,MW,DK1,DK_1,forecast_solar_generation,Solar,2026-08-09T16:53:20Z
2026-08-09T16:49:56Z,2026-08-09T18:49:56+0200,eeb12da0-7c50-4259-bd40-a1d833ebd7ef,2026-08-02T15:00:00Z,2026-08-02T17:00:00+0200,1626.67,MW,DK1,DK_1,forecast_solar_generation,Solar,2026-08-09T16:53:20Z
2026-08-09T16:49:56Z,2026-08-09T18:49:56+0200,eeb12da0-7c50-4259-bd40-a1d833ebd7ef,2026-08-02T15:15:00Z,2026-08-02T17:15:00+0200,1530.649999,MW,DK1,DK_1,forecast_solar_generation,Solar,2026-08-09T16:53:20Z
2026-08-09T16:49:56Z,2026-08-09T18:49:56+0200,eeb12da0-7c50-4259-bd40-a1d833ebd7ef,2026-08-02T15:30:00Z,2026-08-02T17:30:00+0200,1420.488333,MW,DK1,DK_1,forecast_solar_generation,Solar,2026-08-09T16:53:20Z
2026-08-09T16:49:56Z,2026-08-09T18:49:56+0200,eeb12da0-7c50-4259-bd40-a1d833ebd7ef,2026-08-02T15:45:00Z,2026-08-02T17:45:00+0200,1306.26,MW,DK1,DK_1,forecast_solar_generation,Solar,2026-08-09T16:53:20Z
2026-08-09T16:49:56Z,2026-08-09T18:49:56+0200,eeb12da0-7c50-4259-bd40-a1d833ebd7ef,2026-08-02T16:00:00Z,2026-08-02T18:00:00+0200,1200.265,MW,DK1,DK_1,forecast_solar_generation,Solar,2026-08-09T16:53:20Z
2026-08-09T16:49:56Z,2026-08-09T18:49:56+0200,eeb12da0-7c50-4259-bd40-a1d833ebd7ef,2026-08-02T16:15:00Z,2026-08-02T18:15:00+0200,1075.865,MW,DK1,DK_1,forecast_solar_generation,Solar,2026-08-09T16:53:20Z
2026-08-09T16:49:56Z,2026-08-09T18:49:56+0200,eeb12da0-7c50-4259-bd40-a1d833ebd7ef,2026-08-02T16:30:00Z,2026-08-02T18:30:00+0200,946.903333,MW,DK1,DK_1,forecast_solar_generation,Solar,2026-08-09T16:53:20Z
2026-08-09T16:49:56Z,2026-08-09T18:49:56+0200,eeb12da0-7c50-4259-bd40-a1d833ebd7ef,2026-08-02T16:45:00Z,2026-08-02T18:45:00+0200,820.094999,MW,DK1,DK_1,forecast_solar_generation,Solar,2026-08-09T16:53:20Z
2026-08-09T16:49:56Z,2026-08-09T18:49:56+0200,eeb12da0-7c50-4259-bd40-a1d833ebd7ef,2026-08-02T17:00:00Z,2026-08-02T19:00:00+0200,695.255,MW,DK1,DK_1,forecast_solar_generation,Solar,2026-08-09T16:53:20Z
2026-08-09T16:49:56Z,2026-08-09T18:49:56+0200,eeb12da0-7c50-4259-bd40-a1d833ebd7ef,2026-08-02T17:15:00Z,2026-08-02T19:15:00+0200,571.638333,MW,DK1,DK_1,forecast_solar_generation,Solar,2026-08-09T16:53:20Z
2026-08-09T16:49:56Z,2026-08-09T18:49:56+0200,eeb12da0-7c50-4259-bd40-a1d833ebd7ef,2026-08-02T17:30:00Z,2026-08-02T19:30:00+0200,451.2,MW,DK1,DK_1,forecast_solar_generation,Solar,2026-08-09T16:53:20Z
2026-08-09T16:49:56Z,2026-08-09T18:49:56+0200,eeb12da0-7c50-4259-bd40-a1d833ebd7ef,2026-08-02T17:45:00Z,2026-08-02T19:45:00+0200,339.511666,MW,DK1,DK_1,forecast_solar_generation,Solar,2026-08-09T16:53:20Z
2026-08-09T16:49:56Z,2026-08-09T18:49:56+0200,eeb12da0-7c50-4259-bd40-a1d833ebd7ef,2026-08-02T18:00:00Z,2026-08-02T20:00:00+0200,240.531666,MW,DK1,DK_1,forecast_solar_generation,Solar,2026-08-09T16:53:20Z
2026-08-09T16:49:56Z,2026-08-09T18:49:56+0200,eeb12da0-7c50-4259-bd40-a1d833ebd7ef,2026-08-02T18:15:00Z,2026-08-02T20:15:00+0200,155.411666,MW,DK1,DK_1,forecast_solar_generation,Solar,2026-08-09T16:53:20Z
2026-08-09T16:49:56Z,2026-08-09T18:49:56+0200,eeb12da0-7c50-4259-bd40-a1d833ebd7ef,2026-08-02T18:30:00Z,2026-08-02T20:30:00+0200,85.396666,MW,DK1,DK_1,forecast_solar_generation,Solar,2026-08-09T16:53:20Z
2026-08-09T16:49:56Z,2026-08-09T18:49:56+0200,eeb12da0-7c50-4259-bd40-a1d833ebd7ef,2026-08-02T18:45:00Z,2026-08-02T20:45:00+0200,33.446666,MW,DK1,DK_1,forecast_solar_generation,Solar,2026-08-09T16:53:20Z
2026-08-09T16:49:56Z,2026-08-09T18:49:56+0200,eeb12da0-7c50-4259-bd40-a1d833ebd7ef,2026-08-02T19:00:00Z,2026-08-02T21:00:00+0200,6.566666,MW,DK1,DK_1,forecast_solar_generation,Solar,2026-08-09T16:53:20Z
2026-08-09T16:49:56Z,2026-08-09T18:49:56+0200,eeb12da0-7c50-4259-bd40-a1d833ebd7ef,2026-08-02T19:15:00Z,2026-08-02T21:15:00+0200,0.383333,MW,DK1,DK_1,forecast_solar_generation,Solar,2026-08-09T16:53:20Z
2026-08-09T16:49:56Z,2026-08-09T18:49:56+0200,eeb12da0-7c50-4259-bd40-a1d833ebd7ef,2026-08-02T19:30:00Z,2026-08-02T21:30:00+0200,0.001666,MW,DK1,DK_1,forecast_solar_generation,Solar,2026-08-09T16:53:20Z
2026-08-09T16:49:56Z,2026-08-09T18:49:56+0200,eeb12da0-7c50-4259-bd40-a1d833ebd7ef,2026-08-02T19:45:00Z,2026-08-02T21:45:00+0200,0.0,MW,DK1,DK_1,forecast_solar_generation,Solar,2026-08-09T16:53:20Z
2026-08-09T16:49:56Z,2026-08-09T18:49:56+0200,eeb12da0-7c50-4259-bd40-a1d833ebd7ef,2026-08-02T20:00:00Z,2026-08-02T22:00:00+0200,0.0,MW,DK1,DK_1,forecast_solar_generation,Solar,2026-08-09T16:53:20Z
2026-08-09T16:49:56Z,2026-08-09T18:49:56+0200,eeb12da0-7c50-4259-bd40-a1d833ebd7ef,2026-08-02T20:15:00Z,2026-08-02T22:15:00+0200,0.0,MW,DK1,DK_1,forecast_solar_generation,Solar,2026-08-09T16:53:20Z
2026-08-09T16:49:56Z,2026-08-09T18:49:56+0200,eeb12da0-7c50-4259-bd40-a1d833ebd7ef,2026-08-02T20:30:00Z,2026-08-02T22:30:00+0200,0.0,MW,DK1,DK_1,forecast_solar_generation,Solar,2026-08-09T16:53:20Z
2026-08-09T16:49:56Z,2026-08-09T18:49:56+0200,eeb12da0-7c50-4259-bd40-a1d833ebd7ef,2026-08-02T20:45:00Z,2026-08-02T22:45:00+0200,0.0,MW,DK1,DK_1,forecast_solar_generation,Solar,2026-08-09T16:53:20Z
2026-08-09T16:49:56Z,2026-08-09T18:49:56+0200,eeb12da0-7c50-4259-bd40-a1d833ebd7ef,2026-08-02T21:00:00Z,2026-08-02T23:00:00+0200,0.0,MW,DK1,DK_1,forecast_solar_generation,Solar,2026-08-09T16:53:20Z
2026-08-09T16:49:56Z,2026-08-09T18:49:56+0200,eeb12da0-7c50-4259-bd40-a1d833ebd7ef,2026-08-02T21:15:00Z,2026-08-02T23:15:00+0200,0.0,MW,DK1,DK_1,forecast_solar_generation,Solar,2026-08-09T16:53:20Z
2026-08-09T16:49:56Z,2026-08-09T18:49:56+0200,eeb12da0-7c50-4259-bd40-a1d833ebd7ef,2026-08-02T21:30:00Z,2026-08-02T23:30:00+0200,0.0,MW,DK1,DK_1,forecast_solar_generation,Solar,2026-08-09T16:53:20Z
2026-08-09T16:49:56Z,2026-08-09T18:49:56+0200,eeb12da0-7c50-4259-bd40-a1d833ebd7ef,2026-08-02T21:45:00Z,2026-08-02T23:45:00+0200,0.0,MW,DK1,DK_1,forecast_solar_generation,Solar,2026-08-09T16:53:20Z
2026-08-09T16:49:56Z,2026-08-09T18:49:56+0200,eeb12da0-7c50-4259-bd40-a1d833ebd7ef,2026-08-02T22:00:00Z,2026-08-03T00:00:00+0200,0.0,MW,DK1,DK_1,forecast_solar_generation,Solar,2026-08-09T16:53:20Z
2026-08-09T16:49:56Z,2026-08-09T18:49:56+0200,eeb12da0-7c50-4259-bd40-a1d833ebd7ef,2026-08-02T22:15:00Z,2026-08-03T00:15:00+0200,0.0,MW,DK1,DK_1,forecast_solar_generation,Solar,2026-08-09T16:53:20Z
2026-08-09T16:49:56Z,2026-08-09T18:49:56+0200,eeb12da0-7c50-4259-bd40-a1d833ebd7ef,2026-08-02T22:30:00Z,2026-08-03T00:30:00+0200,0.0,MW,DK1,DK_1,forecast_solar_generation,Solar,2026-08-09T16:53:20Z
2026-08-09T16:49:56Z,2026-08-09T18:49:56+0200,eeb12da0-7c50-4259-bd40-a1d833ebd7ef,2026-08-02T22:45:00Z,2026-08-03T00:45:00+0200,0.0,MW,DK1,DK_1,forecast_solar_generation,Solar,2026-08-09T16:53:20Z
2026-08-09T16:49:56Z,2026-08-09T18:49:56+0200,eeb12da0-7c50-4259-bd40-a1d833ebd7ef,2026-08-02T23:00:00Z,2026-08-03T01:00:00+0200,0.0,MW,DK1,DK_1,forecast_solar_generation,Solar,2026-08-09T16:53:20Z
2026-08-09T16:49:56Z,2026-08-09T18:49:56+0200,eeb12da0-7c50-4259-bd40-a1d833ebd7ef,2026-08-02T23:15:00Z,2026-08-03T01:15:00+0200,0.0,MW,DK1,DK_1,forecast_solar_generation,Solar,2026-08-09T16:53:20Z
2026-08-09T16:49:56Z,2026-08-09T18:49:56+0200,eeb12da0-7c50-4259-bd40-a1d833ebd7ef,2026-08-02T23:30:00Z,2026-08-03T01:30:00+0200,0.0,MW,DK1,DK_1,forecast_solar_generation,Solar,2026-08-09T16:53:20Z
2026-08-09T16:49:56Z,2026-08-09T18:49:56+0200,eeb12da0-7c50-4259-bd40-a1d833ebd7ef,2026-08-02T23:45:00Z,2026-08-03T01:45:00+0200,0.0,MW,DK1,DK_1,forecast_solar_generation,Solar,2026-08-09T16:53:20Z
2026-08-09T16:49:56Z,2026-08-09T18:49:56+0200,eeb12da0-7c50-4259-bd40-a1d833ebd7ef,2026-08-03T00:00:00Z,2026-08-03T02:00:00+0200,0.0,MW,DK1,DK_1,forecast_solar_generation,Solar,2026-08-09T16:53:20Z
2026-08-09T16:49:56Z,2026-08-09T18:49:56+0200,eeb12da0-7c50-4259-bd40-a1d833ebd7ef,2026-08-03T00:15:00Z,2026-08-03T02:15:00+0200,0.0,MW,DK1,DK_1,forecast_solar_generation,Solar,2026-08-09T16:53:20Z
2026-08-09T16:49:56Z,2026-08-09T18:49:56+0200,eeb12da0-7c50-4259-bd40-a1d833ebd7ef,2026-08-03T00:30:00Z,2026-08-03T02:30:00+0200,0.0,MW,DK1,DK_1,forecast_solar_generation,Solar,2026-08-09T16:53:20Z
2026-08-09T16:49:56Z,2026-08-09T18:49:56+0200,eeb12da0-7c50-4259-bd40-a1d833ebd7ef,2026-08-03T00:45:00Z,2026-08-03T02:45:00+0200,0.0,MW,DK1,DK_1,forecast_solar_generation,Solar,2026-08-09T16:53:20Z
2026-08-09T16:49:56Z,2026-08-09T18:49:56+0200,eeb12da0-7c50-4259-bd40-a1d833ebd7ef,2026-08-03T01:00:00Z,2026-08-03T03:00:00+0200,0.0,MW,DK1,DK_1,forecast_solar_generation,Solar,2026-08-09T16:53:20Z
2026-08-09T16:49:56Z,2026-08-09T18:49:56+0200,eeb12da0-7c50-4259-bd40-a1d833ebd7ef,2026-08-03T01:15:00Z,2026-08-03T03:15:00+0200,0.0,MW,DK1,DK_1,forecast_solar_generation,Solar,2026-08-09T16:53:20Z
2026-08-09T16:49:56Z,2026-08-09T18:49:56+0200,eeb12da0-7c50-4259-bd40-a1d833ebd7ef,2026-08-03T01:30:00Z,2026-08-03T03:30:00+0200,0.0,MW,DK1,DK_1,forecast_solar_generation,Solar,2026-08-09T16:53:20Z
2026-08-09T16:49:56Z,2026-08-09T18:49:56+0200,eeb12da0-7c50-4259-bd40-a1d833ebd7ef,2026-08-03T01:45:00Z,2026-08-03T03:45:00+0200,0.0,MW,DK1,DK_1,forecast_solar_generation,Solar,2026-08-09T16:53:20Z
2026-08-09T16:49:56Z,2026-08-09T18:49:56+0200,eeb12da0-7c50-4259-bd40-a1d833ebd7ef,2026-08-03T02:00:00Z,2026-08-03T04:00:00+0200,0.0,MW,DK1,DK_1,forecast_solar_generation,Solar,2026-08-09T16:53:20Z
2026-08-09T16:49:56Z,2026-08-09T18:49:56+0200,eeb12da0-7c50-4259-bd40-a1d833ebd7ef,2026-08-03T02:15:00Z,2026-08-03T04:15:00+0200,0.0,MW,DK1,DK_1,forecast_solar_generation,Solar,2026-08-09T16:53:20Z
2026-08-09T16:49:56Z,2026-08-09T18:49:56+0200,eeb12da0-7c50-4259-bd40-a1d833ebd7ef,2026-08-03T02:30:00Z,2026-08-03T04:30:00+0200,0.0,MW,DK1,DK_1,forecast_solar_generation,Solar,2026-08-09T16:53:20Z
2026-08-09T16:49:56Z,2026-08-09T18:49:56+0200,eeb12da0-7c50-4259-bd40-a1d833ebd7ef,2026-08-03T02:45:00Z,2026-08-03T04:45:00+0200,0.0,MW,DK1,DK_1,forecast_solar_generation,Solar,2026-08-09T16:53:20Z
2026-08-09T16:49:56Z,2026-08-09T18:49:56+0200,eeb12da0-7c50-4259-bd40-a1d833ebd7ef,2026-08-03T03:00:00Z,2026-08-03T05:00:00+0200,0.0,MW,DK1,DK_1,forecast_solar_generation,Solar,2026-08-09T16:53:20Z
2026-08-09T16:49:56Z,2026-08-09T18:49:56+0200,eeb12da0-7c50-4259-bd40-a1d833ebd7ef,2026-08-03T03:15:00Z,2026-08-03T05:15:00+0200,0.008333,MW,DK1,DK_1,forecast_solar_generation,Solar,2026-08-09T16:53:20Z
2026-08-09T16:49:56Z,2026-08-09T18:49:56+0200,eeb12da0-7c50-4259-bd40-a1d833ebd7ef,2026-08-03T03:30:00Z,2026-08-03T05:30:00+0200,0.658333,MW,DK1,DK_1,forecast_solar_generation,Solar,2026-08-09T16:53:20Z
2026-08-09T16:49:56Z,2026-08-09T18:49:56+0200,eeb12da0-7c50-4259-bd40-a1d833ebd7ef,2026-08-03T03:45:00Z,2026-08-03T05:45:00+0200,8.145,MW,DK1,DK_1,forecast_solar_generation,Solar,2026-08-09T16:53:20Z
2026-08-09T16:49:56Z,2026-08-09T18:49:56+0200,eeb12da0-7c50-4259-bd40-a1d833ebd7ef,2026-08-03T04:00:00Z,2026-08-03T06:00:00+0200,35.36,MW,DK1,DK_1,forecast_solar_generation,Solar,2026-08-09T16:53:20Z
2026-08-09T16:49:56Z,2026-08-09T18:49:56+0200,eeb12da0-7c50-4259-bd40-a1d833ebd7ef,2026-08-03T04:15:00Z,2026-08-03T06:15:00+0200,81.453333,MW,DK1,DK_1,forecast_solar_generation,Solar,2026-08-09T16:53:20Z
2026-08-09T16:49:56Z,2026-08-09T18:49:56+0200,eeb12da0-7c50-4259-bd40-a1d833ebd7ef,2026-08-03T04:30:00Z,2026-08-03T06:30:00+0200,140.163333,MW,DK1,DK_1,forecast_solar_generation,Solar,2026-08-09T16:53:20Z
2026-08-09T16:49:56Z,2026-08-09T18:49:56+0200,eeb12da0-7c50-4259-bd40-a1d833ebd7ef,2026-08-03T04:45:00Z,2026-08-03T06:45:00+0200,206.825,MW,DK1,DK_1,forecast_solar_generation,Solar,2026-08-09T16:53:20Z
2026-08-09T16:49:56Z,2026-08-09T18:49:56+0200,eeb12da0-7c50-4259-bd40-a1d833ebd7ef,2026-08-03T05:00:00Z,2026-08-03T07:00:00+0200,280.586666,MW,DK1,DK_1,forecast_solar_generation,Solar,2026-08-09T16:53:20Z
2026-08-09T16:49:56Z,2026-08-09T18:49:56+0200,eeb12da0-7c50-4259-bd40-a1d833ebd7ef,2026-08-03T05:15:00Z,2026-08-03T07:15:00+0200,362.775,MW,DK1,DK_1,forecast_solar_generation,Solar,2026-08-09T16:53:20Z
2026-08-09T16:49:56Z,2026-08-09T18:49:56+0200,eeb12da0-7c50-4259-bd40-a1d833ebd7ef,2026-08-03T05:30:00Z,2026-08-03T07:30:00+0200,456.803333,MW,DK1,DK_1,forecast_solar_generation,Solar,2026-08-09T16:53:20Z
2026-08-09T16:49:56Z,2026-08-09T18:49:56+0200,eeb12da0-7c50-4259-bd40-a1d833ebd7ef,2026-08-03T05:45:00Z,2026-08-03T07:45:00+0200,562.01,MW,DK1,DK_1,forecast_solar_generation,Solar,2026-08-09T16:53:20Z
2026-08-09T16:49:56Z,2026-08-09T18:49:56+0200,eeb12da0-7c50-4259-bd40-a1d833ebd7ef,2026-08-03T06:00:00Z,2026-08-03T08:00:00+0200,675.556666,MW,DK1,DK_1,forecast_solar_generation,Solar,2026-08-09T16:53:20Z
2026-08-09T16:49:56Z,2026-08-09T18:49:56+0200,eeb12da0-7c50-4259-bd40-a1d833ebd7ef,2026-08-03T06:15:00Z,2026-08-03T08:15:00+0200,793.343333,MW,DK1,DK_1,forecast_solar_generation,Solar,2026-08-09T16:53:20Z
2026-08-09T16:49:56Z,2026-08-09T18:49:56+0200,eeb12da0-7c50-4259-bd40-a1d833ebd7ef,2026-08-03T06:30:00Z,2026-08-03T08:30:00+0200,910.515,MW,DK1,DK_1,forecast_solar_generation,Solar,2026-08-09T16:53:20Z
2026-08-09T16:49:56Z,2026-08-09T18:49:56+0200,eeb12da0-7c50-4259-bd40-a1d833ebd7ef,2026-08-03T06:45:00Z,2026-08-03T08:45:00+0200,1027.341666,MW,DK1,DK_1,forecast_solar_generation,Solar,2026-08-09T16:53:20Z
2026-08-09T16:49:56Z,2026-08-09T18:49:56+0200,eeb12da0-7c50-4259-bd40-a1d833ebd7ef,2026-08-03T07:00:00Z,2026-08-03T09:00:00+0200,1142.826666,MW,DK1,DK_1,forecast_solar_generation,Solar,2026-08-09T16:53:20Z
2026-08-09T16:49:56Z,2026-08-09T18:49:56+0200,eeb12da0-7c50-4259-bd40-a1d833ebd7ef,2026-08-03T07:15:00Z,2026-08-03T09:15:00+0200,1254.496666,MW,DK1,DK_1,forecast_solar_generation,Solar,2026-08-09T16:53:20Z
2026-08-09T16:49:56Z,2026-08-09T18:49:56+0200,eeb12da0-7c50-4259-bd40-a1d833ebd7ef,2026-08-03T07:30:00Z,2026-08-03T09:30:00+0200,1359.668333,MW,DK1,DK_1,forecast_solar_generation,Solar,2026-08-09T16:53:20Z
2026-08-09T16:49:56Z,2026-08-09T18:49:56+0200,eeb12da0-7c50-4259-bd40-a1d833ebd7ef,2026-08-03T07:45:00Z,2026-08-03T09:45:00+0200,1457.325,MW,DK1,DK_1,forecast_solar_generation,Solar,2026-08-09T16:53:20Z
2026-08-09T16:49:56Z,2026-08-09T18:49:56+0200,eeb12da0-7c50-4259-bd40-a1d833ebd7ef,2026-08-03T08:00:00Z,2026-08-03T10:00:00+0200,1547.361666,MW,DK1,DK_1,forecast_solar_generation,Solar,2026-08-09T16:53:20Z
2026-08-09T16:49:56Z,2026-08-09T18:49:56+0200,eeb12da0-7c50-4259-bd40-a1d833ebd7ef,2026-08-03T08:15:00Z,2026-08-03T10:15:00+0200,1629.736666,MW,DK1,DK_1,forecast_solar_generation,Solar,2026-08-09T16:53:20Z
2026-08-09T16:49:56Z,2026-08-09T18:49:56+0200,eeb12da0-7c50-4259-bd40-a1d833ebd7ef,2026-08-03T08:30:00Z,2026-08-03T10:30:00+0200,1705.226666,MW,DK1,DK_1,forecast_solar_generation,Solar,2026-08-09T16:53:20Z
2026-08-09T16:49:56Z,2026-08-09T18:49:56+0200,eeb12da0-7c50-4259-bd40-a1d833ebd7ef,2026-08-03T08:45:00Z,2026-08-03T10:45:00+0200,1771.08,MW,DK1,DK_1,forecast_solar_generation,Solar,2026-08-09T16:53:20Z
2026-08-09T16:49:56Z,2026-08-09T18:49:56+0200,eeb12da0-7c50-4259-bd40-a1d833ebd7ef,2026-08-03T09:00:00Z,2026-08-03T11:00:00+0200,1827.233333,MW,DK1,DK_1,forecast_solar_generation,Solar,2026-08-09T16:53:20Z
2026-08-09T16:49:56Z,2026-08-09T18:49:56+0200,eeb12da0-7c50-4259-bd40-a1d833ebd7ef,2026-08-03T09:15:00Z,2026-08-03T11:15:00+0200,1875.115,MW,DK1,DK_1,forecast_solar_generation,Solar,2026-08-09T16:53:20Z
2026-08-09T16:49:56Z,2026-08-09T18:49:56+0200,eeb12da0-7c50-4259-bd40-a1d833ebd7ef,2026-08-03T09:30:00Z,2026-08-03T11:30:00+0200,1914.314999,MW,DK1,DK_1,forecast_solar_generation,Solar,2026-08-09T16:53:20Z
2026-08-09T16:49:56Z,2026-08-09T18:49:56+0200,eeb12da0-7c50-4259-bd40-a1d833ebd7ef,2026-08-03T09:45:00Z,2026-08-03T11:45:00+0200,1945.79,MW,DK1,DK_1,forecast_solar_generation,Solar,2026-08-09T16:53:20Z
2026-08-09T16:49:56Z,2026-08-09T18:49:56+0200,eeb12da0-7c50-4259-bd40-a1d833ebd7ef,2026-08-03T10:00:00Z,2026-08-03T12:00:00+0200,1971.663333,MW,DK1,DK_1,forecast_solar_generation,Solar,2026-08-09T16:53:20Z
2026-08-09T16:49:56Z,2026-08-09T18:49:56+0200,eeb12da0-7c50-4259-bd40-a1d833ebd7ef,2026-08-03T10:15:00Z,2026-08-03T12:15:00+0200,1994.465,MW,DK1,DK_1,forecast_solar_generation,Solar,2026-08-09T16:53:20Z
2026-08-09T16:49:56Z,2026-08-09T18:49:56+0200,eeb12da0-7c50-4259-bd40-a1d833ebd7ef,2026-08-03T10:30:00Z,2026-08-03T12:30:00+0200,2017.058333,MW,DK1,DK_1,forecast_solar_generation,Solar,2026-08-09T16:53:20Z
2026-08-09T16:49:56Z,2026-08-09T18:49:56+0200,eeb12da0-7c50-4259-bd40-a1d833ebd7ef,2026-08-03T10:45:00Z,2026-08-03T12:45:00+0200,2038.58,MW,DK1,DK_1,forecast_solar_generation,Solar,2026-08-09T16:53:20Z
2026-08-09T16:49:56Z,2026-08-09T18:49:56+0200,eeb12da0-7c50-4259-bd40-a1d833ebd7ef,2026-08-03T11:00:00Z,2026-08-03T13:00:00+0200,2053.961666,MW,DK1,DK_1,forecast_solar_generation,Solar,2026-08-09T16:53:20Z
2026-08-09T16:49:56Z,2026-08-09T18:49:56+0200,eeb12da0-7c50-4259-bd40-a1d833ebd7ef,2026-08-03T11:15:00Z,2026-08-03T13:15:00+0200,2056.725,MW,DK1,DK_1,forecast_solar_generation,Solar,2026-08-09T16:53:20Z
2026-08-09T16:49:56Z,2026-08-09T18:49:56+0200,eeb12da0-7c50-4259-bd40-a1d833ebd7ef,2026-08-03T11:30:00Z,2026-08-03T13:30:00+0200,2055.896666,MW,DK1,DK_1,forecast_solar_generation,Solar,2026-08-09T16:53:20Z
2026-08-09T16:49:56Z,2026-08-09T18:49:56+0200,eeb12da0-7c50-4259-bd40-a1d833ebd7ef,2026-08-03T11:45:00Z,2026-08-03T13:45:00+0200,2058.011666,MW,DK1,DK_1,forecast_solar_generation,Solar,2026-08-09T16:53:20Z
2026-08-09T16:49:56Z,2026-08-09T18:49:56+0200,eeb12da0-7c50-4259-bd40-a1d833ebd7ef,2026-08-03T12:00:00Z,2026-08-03T14:00:00+0200,2059.575,MW,DK1,DK_1,forecast_solar_generation,Solar,2026-08-09T16:53:20Z
2026-08-09T16:49:56Z,2026-08-09T18:49:56+0200,eeb12da0-7c50-4259-bd40-a1d833ebd7ef,2026-08-03T12:15:00Z,2026-08-03T14:15:00+0200,2053.964999,MW,DK1,DK_1,forecast_solar_generation,Solar,2026-08-09T16:53:20Z
2026-08-09T16:49:56Z,2026-08-09T18:49:56+0200,eeb12da0-7c50-4259-bd40-a1d833ebd7ef,2026-08-03T12:30:00Z,2026-08-03T14:30:00+0200,2039.843333,MW,DK1,DK_1,forecast_solar_generation,Solar,2026-08-09T16:53:20Z
2026-08-09T16:49:56Z,2026-08-09T18:49:56+0200,eeb12da0-7c50-4259-bd40-a1d833ebd7ef,2026-08-03T12:45:00Z,2026-08-03T14:45:00+0200,2023.051666,MW,DK1,DK_1,forecast_solar_generation,Solar,2026-08-09T16:53:20Z
2026-08-09T16:49:56Z,2026-08-09T18:49:56+0200,eeb12da0-7c50-4259-bd40-a1d833ebd7ef,2026-08-03T13:00:00Z,2026-08-03T15:00:00+0200,2003.485,MW,DK1,DK_1,forecast_solar_generation,Solar,2026-08-09T16:53:20Z
2026-08-09T16:49:56Z,2026-08-09T18:49:56+0200,eeb12da0-7c50-4259-bd40-a1d833ebd7ef,2026-08-03T13:15:00Z,2026-08-03T15:15:00+0200,1976.718333,MW,DK1,DK_1,forecast_solar_generation,Solar,2026-08-09T16:53:20Z
2026-08-09T16:49:56Z,2026-08-09T18:49:56+0200,eeb12da0-7c50-4259-bd40-a1d833ebd7ef,2026-08-03T13:30:00Z,2026-08-03T15:30:00+0200,1937.274999,MW,DK1,DK_1,forecast_solar_generation,Solar,2026-08-09T16:53:20Z
2026-08-09T16:49:56Z,2026-08-09T18:49:56+0200,eeb12da0-7c50-4259-bd40-a1d833ebd7ef,2026-08-03T13:45:00Z,2026-08-03T15:45:00+0200,1879.806666,MW,DK1,DK_1,forecast_solar_generation,Solar,2026-08-09T16:53:20Z
2026-08-09T16:49:56Z,2026-08-09T18:49:56+0200,eeb12da0-7c50-4259-bd40-a1d833ebd7ef,2026-08-03T14:00:00Z,2026-08-03T16:00:00+0200,1810.864999,MW,DK1,DK_1,forecast_solar_generation,Solar,2026-08-09T16:53:20Z
2026-08-09T16:49:56Z,2026-08-09T18:49:56+0200,eeb12da0-7c50-4259-bd40-a1d833ebd7ef,2026-08-03T14:15:00Z,2026-08-03T16:15:00+0200,1738.081666,MW,DK1,DK_1,forecast_solar_generation,Solar,2026-08-09T16:53:20Z
2026-08-09T16:49:56Z,2026-08-09T18:49:56+0200,eeb12da0-7c50-4259-bd40-a1d833ebd7ef,2026-08-03T14:30:00Z,2026-08-03T16:30:00+0200,1665.186666,MW,DK1,DK_1,forecast_solar_generation,Solar,2026-08-09T16:53:20Z
2026-08-09T16:49:56Z,2026-08-09T18:49:56+0200,eeb12da0-7c50-4259-bd40-a1d833ebd7ef,2026-08-03T14:45:00Z,2026-08-03T16:45:00+0200,1588.03,MW,DK1,DK_1,forecast_solar_generation,Solar,2026-08-09T16:53:20Z
2026-08-09T16:49:56Z,2026-08-09T18:49:56+0200,eeb12da0-7c50-4259-bd40-a1d833ebd7ef,2026-08-03T15:00:00Z,2026-08-03T17:00:00+0200,1515.735,MW,DK1,DK_1,forecast_solar_generation,Solar,2026-08-09T16:53:20Z
2026-08-09T16:49:56Z,2026-08-09T18:49:56+0200,eeb12da0-7c50-4259-bd40-a1d833ebd7ef,2026-08-03T15:15:00Z,2026-08-03T17:15:00+0200,1415.399999,MW,DK1,DK_1,forecast_solar_generation,Solar,2026-08-09T16:53:20Z
2026-08-09T16:49:56Z,2026-08-09T18:49:56+0200,eeb12da0-7c50-4259-bd40-a1d833ebd7ef,2026-08-03T15:30:00Z,2026-08-03T17:30:00+0200,1301.586666,MW,DK1,DK_1,forecast_solar_generation,Solar,2026-08-09T16:53:20Z
2026-08-09T16:49:56Z,2026-08-09T18:49:56+0200,eeb12da0-7c50-4259-bd40-a1d833ebd7ef,2026-08-03T15:45:00Z,2026-08-03T17:45:00+0200,1177.753333,MW,DK1,DK_1,forecast_solar_generation,Solar,2026-08-09T16:53:20Z
2026-08-09T16:49:56Z,2026-08-09T18:49:56+0200,eeb12da0-7c50-4259-bd40-a1d833ebd7ef,2026-08-03T16:00:00Z,2026-08-03T18:00:00+0200,1051.345,MW,DK1,DK_1,forecast_solar_generation,Solar,2026-08-09T16:53:20Z
2026-08-09T16:49:56Z,2026-08-09T18:49:56+0200,eeb12da0-7c50-4259-bd40-a1d833ebd7ef,2026-08-03T16:15:00Z,2026-08-03T18:15:00+0200,928.376666,MW,DK1,DK_1,forecast_solar_generation,Solar,2026-08-09T16:53:20Z
2026-08-09T16:49:56Z,2026-08-09T18:49:56+0200,eeb12da0-7c50-4259-bd40-a1d833ebd7ef,2026-08-03T16:30:00Z,2026-08-03T18:30:00+0200,811.776666,MW,DK1,DK_1,forecast_solar_generation,Solar,2026-08-09T16:53:20Z
2026-08-09T16:49:56Z,2026-08-09T18:49:56+0200,eeb12da0-7c50-4259-bd40-a1d833ebd7ef,2026-08-03T16:45:00Z,2026-08-03T18:45:00+0200,699.811666,MW,DK1,DK_1,forecast_solar_generation,Solar,2026-08-09T16:53:20Z
2026-08-09T16:49:56Z,2026-08-09T18:49:56+0200,eeb12da0-7c50-4259-bd40-a1d833ebd7ef,2026-08-03T17:00:00Z,2026-08-03T19:00:00+0200,590.508333,MW,DK1,DK_1,forecast_solar_generation,Solar,2026-08-09T16:53:20Z
2026-08-09T16:49:56Z,2026-08-09T18:49:56+0200,eeb12da0-7c50-4259-bd40-a1d833ebd7ef,2026-08-03T17:15:00Z,2026-08-03T19:15:00+0200,483.448333,MW,DK1,DK_1,forecast_solar_generation,Solar,2026-08-09T16:53:20Z
2026-08-09T16:49:56Z,2026-08-09T18:49:56+0200,eeb12da0-7c50-4259-bd40-a1d833ebd7ef,2026-08-03T17:30:00Z,2026-08-03T19:30:00+0200,380.815,MW,DK1,DK_1,forecast_solar_generation,Solar,2026-08-09T16:53:20Z
2026-08-09T16:49:56Z,2026-08-09T18:49:56+0200,eeb12da0-7c50-4259-bd40-a1d833ebd7ef,2026-08-03T17:45:00Z,2026-08-03T19:45:00+0200,287.545,MW,DK1,DK_1,forecast_solar_generation,Solar,2026-08-09T16:53:20Z
2026-08-09T16:49:56Z,2026-08-09T18:49:56+0200,eeb12da0-7c50-4259-bd40-a1d833ebd7ef,2026-08-03T18:00:00Z,2026-08-03T20:00:00+0200,204.521666,MW,DK1,DK_1,forecast_solar_generation,Solar,2026-08-09T16:53:20Z
2026-08-09T16:49:56Z,2026-08-09T18:49:56+0200,eeb12da0-7c50-4259-bd40-a1d833ebd7ef,2026-08-03T18:15:00Z,2026-08-03T20:15:00+0200,131.103333,MW,DK1,DK_1,forecast_solar_generation,Solar,2026-08-09T16:53:20Z
2026-08-09T16:49:56Z,2026-08-09T18:49:56+0200,eeb12da0-7c50-4259-bd40-a1d833ebd7ef,2026-08-03T18:30:00Z,2026-08-03T20:30:00+0200,69.546666,MW,DK1,DK_1,forecast_solar_generation,Solar,2026-08-09T16:53:20Z
2026-08-09T16:49:56Z,2026-08-09T18:49:56+0200,eeb12da0-7c50-4259-bd40-a1d833ebd7ef,2026-08-03T18:45:00Z,2026-08-03T20:45:00+0200,24.768333,MW,DK1,DK_1,forecast_solar_generation,Solar,2026-08-09T16:53:20Z
2026-08-09T16:49:56Z,2026-08-09T18:49:56+0200,eeb12da0-7c50-4259-bd40-a1d833ebd7ef,2026-08-03T19:00:00Z,2026-08-03T21:00:00+0200,4.09,MW,DK1,DK_1,forecast_solar_generation,Solar,2026-08-09T16:53:20Z
2026-08-09T16:49:56Z,2026-08-09T18:49:56+0200,eeb12da0-7c50-4259-bd40-a1d833ebd7ef,2026-08-03T19:15:00Z,2026-08-03T21:15:00+0200,0.203333,MW,DK1,DK_1,forecast_solar_generation,Solar,2026-08-09T16:53:20Z
2026-08-09T16:49:56Z,2026-08-09T18:49:56+0200,eeb12da0-7c50-4259-bd40-a1d833ebd7ef,2026-08-03T19:30:00Z,2026-08-03T21:30:00+0200,0.0,MW,DK1,DK_1,forecast_solar_generation,Solar,2026-08-09T16:53:20Z
2026-08-09T16:49:56Z,2026-08-09T18:49:56+0200,eeb12da0-7c50-4259-bd40-a1d833ebd7ef,2026-08-03T19:45:00Z,2026-08-03T21:45:00+0200,0.0,MW,DK1,DK_1,forecast_solar_generation,Solar,2026-08-09T16:53:20Z
2026-08-09T16:49:56Z,2026-08-09T18:49:56+0200,eeb12da0-7c50-4259-bd40-a1d833ebd7ef,2026-08-03T20:00:00Z,2026-08-03T22:00:00+0200,0.0,MW,DK1,DK_1,forecast_solar_generation,Solar,2026-08-09T16:53:20Z
2026-08-09T16:49:56Z,2026-08-09T18:49:56+0200,eeb12da0-7c50-4259-bd40-a1d833ebd7ef,2026-08-03T20:15:00Z,2026-08-03T22:15:00+0200,0.0,MW,DK1,DK_1,forecast_solar_generation,Solar,2026-08-09T16:53:20Z
2026-08-09T16:49:56Z,2026-08-09T18:49:56+0200,eeb12da0-7c50-4259-bd40-a1d833ebd7ef,2026-08-03T20:30:00Z,2026-08-03T22:30:00+0200,0.0,MW,DK1,DK_1,forecast_solar_generation,Solar,2026-08-09T16:53:20Z
2026-08-09T16:49:56Z,2026-08-09T18:49:56+0200,eeb12da0-7c50-4259-bd40-a1d833ebd7ef,2026-08-03T20:45:00Z,2026-08-03T22:45:00+0200,0.0,MW,DK1,DK_1,forecast_solar_generation,Solar,2026-08-09T16:53:20Z
2026-08-09T16:49:56Z,2026-08-09T18:49:56+0200,eeb12da0-7c50-4259-bd40-a1d833ebd7ef,2026-08-03T21:00:00Z,2026-08-03T23:00:00+0200,0.0,MW,DK1,DK_1,forecast_solar_generation,Solar,2026-08-09T16:53:20Z
2026-08-09T16:49:56Z,2026-08-09T18:49:56+0200,eeb12da0-7c50-4259-bd40-a1d833ebd7ef,2026-08-03T21:15:00Z,2026-08-03T23:15:00+0200,0.0,MW,DK1,DK_1,forecast_solar_generation,Solar,2026-08-09T16:53:20Z
2026-08-09T16:49:56Z,2026-08-09T18:49:56+0200,eeb12da0-7c50-4259-bd40-a1d833ebd7ef,2026-08-03T21:30:00Z,2026-08-03T23:30:00+0200,0.0,MW,DK1,DK_1,forecast_solar_generation,Solar,2026-08-09T16:53:20Z
2026-08-09T16:49:56Z,2026-08-09T18:49:56+0200,eeb12da0-7c50-4259-bd40-a1d833ebd7ef,2026-08-03T21:45:00Z,2026-08-03T23:45:00+0200,0.0,MW,DK1,DK_1,forecast_solar_generation,Solar,2026-08-09T16:53:20Z
2026-08-09T16:49:56Z,2026-08-09T18:49:56+0200,eeb12da0-7c50-4259-bd40-a1d833ebd7ef,2026-08-03T22:00:00Z,2026-08-04T00:00:00+0200,0.0,MW,DK1,DK_1,forecast_solar_generation,Solar,2026-08-09T16:53:20Z
2026-08-09T16:49:56Z,2026-08-09T18:49:56+0200,eeb12da0-7c50-4259-bd40-a1d833ebd7ef,2026-08-03T22:15:00Z,2026-08-04T00:15:00+0200,0.0,MW,DK1,DK_1,forecast_solar_generation,Solar,2026-08-09T16:53:20Z
2026-08-09T16:49:56Z,2026-08-09T18:49:56+0200,eeb12da0-7c50-4259-bd40-a1d833ebd7ef,2026-08-03T22:30:00Z,2026-08-04T00:30:00+0200,0.0,MW,DK1,DK_1,forecast_solar_generation,Solar,2026-08-09T16:53:20Z
2026-08-09T16:49:56Z,2026-08-09T18:49:56+0200,eeb12da0-7c50-4259-bd40-a1d833ebd7ef,2026-08-03T22:45:00Z,2026-08-04T00:45:00+0200,0.0,MW,DK1,DK_1,forecast_solar_generation,Solar,2026-08-09T16:53:20Z
2026-08-09T16:49:56Z,2026-08-09T18:49:56+0200,eeb12da0-7c50-4259-bd40-a1d833ebd7ef,2026-08-03T23:00:00Z,2026-08-04T01:00:00+0200,0.0,MW,DK1,DK_1,forecast_solar_generation,Solar,2026-08-09T16:53:20Z
2026-08-09T16:49:56Z,2026-08-09T18:49:56+0200,eeb12da0-7c50-4259-bd40-a1d833ebd7ef,2026-08-03T23:15:00Z,2026-08-04T01:15:00+0200,0.0,MW,DK1,DK_1,forecast_solar_generation,Solar,2026-08-09T16:53:20Z
2026-08-09T16:49:56Z,2026-08-09T18:49:56+0200,eeb12da0-7c50-4259-bd40-a1d833ebd7ef,2026-08-03T23:30:00Z,2026-08-04T01:30:00+0200,0.0,MW,DK1,DK_1,forecast_solar_generation,Solar,2026-08-09T16:53:20Z
2026-08-09T16:49:56Z,2026-08-09T18:49:56+0200,eeb12da0-7c50-4259-bd40-a1d833ebd7ef,2026-08-03T23:45:00Z,2026-08-04T01:45:00+0200,0.0,MW,DK1,DK_1,forecast_solar_generation,Solar,2026-08-09T16:53:20Z
2026-08-09T16:49:56Z,2026-08-09T18:49:56+0200,eeb12da0-7c50-4259-bd40-a1d833ebd7ef,2026-08-04T00:00:00Z,2026-08-04T02:00:00+0200,0.0,MW,DK1,DK_1,forecast_solar_generation,Solar,2026-08-09T16:53:20Z
2026-08-09T16:49:56Z,2026-08-09T18:49:56+0200,eeb12da0-7c50-4259-bd40-a1d833ebd7ef,2026-08-04T00:15:00Z,2026-08-04T02:15:00+0200,0.0,MW,DK1,DK_1,forecast_solar_generation,Solar,2026-08-09T16:53:20Z
2026-08-09T16:49:56Z,2026-08-09T18:49:56+0200,eeb12da0-7c50-4259-bd40-a1d833ebd7ef,2026-08-04T00:30:00Z,2026-08-04T02:30:00+0200,0.0,MW,DK1,DK_1,forecast_solar_generation,Solar,2026-08-09T16:53:20Z
2026-08-09T16:49:56Z,2026-08-09T18:49:56+0200,eeb12da0-7c50-4259-bd40-a1d833ebd7ef,2026-08-04T00:45:00Z,2026-08-04T02:45:00+0200,0.0,MW,DK1,DK_1,forecast_solar_generation,Solar,2026-08-09T16:53:20Z
2026-08-09T16:49:56Z,2026-08-09T18:49:56+0200,eeb12da0-7c50-4259-bd40-a1d833ebd7ef,2026-08-04T01:00:00Z,2026-08-04T03:00:00+0200,0.0,MW,DK1,DK_1,forecast_solar_generation,Solar,2026-08-09T16:53:20Z
2026-08-09T16:49:56Z,2026-08-09T18:49:56+0200,eeb12da0-7c50-4259-bd40-a1d833ebd7ef,2026-08-04T01:15:00Z,2026-08-04T03:15:00+0200,0.0,MW,DK1,DK_1,forecast_solar_generation,Solar,2026-08-09T16:53:20Z
2026-08-09T16:49:56Z,2026-08-09T18:49:56+0200,eeb12da0-7c50-4259-bd40-a1d833ebd7ef,2026-08-04T01:30:00Z,2026-08-04T03:30:00+0200,0.0,MW,DK1,DK_1,forecast_solar_generation,Solar,2026-08-09T16:53:20Z
2026-08-09T16:49:56Z,2026-08-09T18:49:56+0200,eeb12da0-7c50-4259-bd40-a1d833ebd7ef,2026-08-04T01:45:00Z,2026-08-04T03:45:00+0200,0.0,MW,DK1,DK_1,forecast_solar_generation,Solar,2026-08-09T16:53:20Z
2026-08-09T16:49:56Z,2026-08-09T18:49:56+0200,eeb12da0-7c50-4259-bd40-a1d833ebd7ef,2026-08-04T02:00:00Z,2026-08-04T04:00:00+0200,0.0,MW,DK1,DK_1,forecast_solar_generation,Solar,2026-08-09T16:53:20Z
2026-08-09T16:49:56Z,2026-08-09T18:49:56+0200,eeb12da0-7c50-4259-bd40-a1d833ebd7ef,2026-08-04T02:15:00Z,2026-08-04T04:15:00+0200,0.0,MW,DK1,DK_1,forecast_solar_generation,Solar,2026-08-09T16:53:20Z
2026-08-09T16:49:56Z,2026-08-09T18:49:56+0200,eeb12da0-7c50-4259-bd40-a1d833ebd7ef,2026-08-04T02:30:00Z,2026-08-04T04:30:00+0200,0.0,MW,DK1,DK_1,forecast_solar_generation,Solar,2026-08-09T16:53:20Z
2026-08-09T16:49:56Z,2026-08-09T18:49:56+0200,eeb12da0-7c50-4259-bd40-a1d833ebd7ef,2026-08-04T02:45:00Z,2026-08-04T04:45:00+0200,0.0,MW,DK1,DK_1,forecast_solar_generation,Solar,2026-08-09T16:53:20Z
2026-08-09T16:49:56Z,2026-08-09T18:49:56+0200,eeb12da0-7c50-4259-bd40-a1d833ebd7ef,2026-08-04T03:00:00Z,2026-08-04T05:00:00+0200,0.0,MW,DK1,DK_1,forecast_solar_generation,Solar,2026-08-09T16:53:20Z
2026-08-09T16:49:56Z,2026-08-09T18:49:56+0200,eeb12da0-7c50-4259-bd40-a1d833ebd7ef,2026-08-04T03:15:00Z,2026-08-04T05:15:00+0200,0.003333,MW,DK1,DK_1,forecast_solar_generation,Solar,2026-08-09T16:53:20Z
2026-08-09T16:49:56Z,2026-08-09T18:49:56+0200,eeb12da0-7c50-4259-bd40-a1d833ebd7ef,2026-08-04T03:30:00Z,2026-08-04T05:30:00+0200,0.421666,MW,DK1,DK_1,forecast_solar_generation,Solar,2026-08-09T16:53:20Z
2026-08-09T16:49:56Z,2026-08-09T18:49:56+0200,eeb12da0-7c50-4259-bd40-a1d833ebd7ef,2026-08-04T03:45:00Z,2026-08-04T05:45:00+0200,6.078333,MW,DK1,DK_1,forecast_solar_generation,Solar,2026-08-09T16:53:20Z
2026-08-09T16:49:56Z,2026-08-09T18:49:56+0200,eeb12da0-7c50-4259-bd40-a1d833ebd7ef,2026-08-04T04:00:00Z,2026-08-04T06:00:00+0200,29.274999,MW,DK1,DK_1,forecast_solar_generation,Solar,2026-08-09T16:53:20Z
2026-08-09T16:49:56Z,2026-08-09T18:49:56+0200,eeb12da0-7c50-4259-bd40-a1d833ebd7ef,2026-08-04T04:15:00Z,2026-08-04T06:15:00+0200,71.123333,MW,DK1,DK_1,forecast_solar_generation,Solar,2026-08-09T16:53:20Z
2026-08-09T16:49:56Z,2026-08-09T18:49:56+0200,eeb12da0-7c50-4259-bd40-a1d833ebd7ef,2026-08-04T04:30:00Z,2026-08-04T06:30:00+0200,125.384999,MW,DK1,DK_1,forecast_solar_generation,Solar,2026-08-09T16:53:20Z
2026-08-09T16:49:56Z,2026-08-09T18:49:56+0200,eeb12da0-7c50-4259-bd40-a1d833ebd7ef,2026-08-04T04:45:00Z,2026-08-04T06:45:00+0200,186.201666,MW,DK1,DK_1,forecast_solar_generation,Solar,2026-08-09T16:53:20Z
2026-08-09T16:49:56Z,2026-08-09T18:49:56+0200,eeb12da0-7c50-4259-bd40-a1d833ebd7ef,2026-08-04T05:00:00Z,2026-08-04T07:00:00+0200,250.541666,MW,DK1,DK_1,forecast_solar_generation,Solar,2026-08-09T16:53:20Z
2026-08-09T16:49:56Z,2026-08-09T18:49:56+0200,eeb12da0-7c50-4259-bd40-a1d833ebd7ef,2026-08-04T05:15:00Z,2026-08-04T07:15:00+0200,321.146666,MW,DK1,DK_1,forecast_solar_generation,Solar,2026-08-09T16:53:20Z
2026-08-09T16:49:56Z,2026-08-09T18:49:56+0200,eeb12da0-7c50-4259-bd40-a1d833ebd7ef,2026-08-04T05:30:00Z,2026-08-04T07:30:00+0200,400.621666,MW,DK1,DK_1,forecast_solar_generation,Solar,2026-08-09T16:53:20Z
2026-08-09T16:49:56Z,2026-08-09T18:49:56+0200,eeb12da0-7c50-4259-bd40-a1d833ebd7ef,2026-08-04T05:45:00Z,2026-08-04T07:45:00+0200,482.358333,MW,DK1,DK_1,forecast_solar_generation,Solar,2026-08-09T16:53:20Z
2026-08-09T16:49:56Z,2026-08-09T18:49:56+0200,eeb12da0-7c50-4259-bd40-a1d833ebd7ef,2026-08-04T06:00:00Z,2026-08-04T08:00:00+0200,563.508333,MW,DK1,DK_1,forecast_solar_generation,Solar,2026-08-09T16:53:20Z
2026-08-09T16:49:56Z,2026-08-09T18:49:56+0200,eeb12da0-7c50-4259-bd40-a1d833ebd7ef,2026-08-04T06:15:00Z,2026-08-04T08:15:00+0200,646.195,MW,DK1,DK_1,forecast_solar_generation,Solar,2026-08-09T16:53:20Z
2026-08-09T16:49:56Z,2026-08-09T18:49:56+0200,eeb12da0-7c50-4259-bd40-a1d833ebd7ef,2026-08-04T06:30:00Z,2026-08-04T08:30:00+0200,733.363333,MW,DK1,DK_1,forecast_solar_generation,Solar,2026-08-09T16:53:20Z
2026-08-09T16:49:56Z,2026-08-09T18:49:56+0200,eeb12da0-7c50-4259-bd40-a1d833ebd7ef,2026-08-04T06:45:00Z,2026-08-04T08:45:00+0200,823.915,MW,DK1,DK_1,forecast_solar_generation,Solar,2026-08-09T16:53:20Z
2026-08-09T16:49:56Z,2026-08-09T18:49:56+0200,eeb12da0-7c50-4259-bd40-a1d833ebd7ef,2026-08-04T07:00:00Z,2026-08-04T09:00:00+0200,915.861666,MW,DK1,DK_1,forecast_solar_generation,Solar,2026-08-09T16:53:20Z
2026-08-09T16:49:56Z,2026-08-09T18:49:56+0200,eeb12da0-7c50-4259-bd40-a1d833ebd7ef,2026-08-04T07:15:00Z,2026-08-04T09:15:00+0200,1006.445,MW,DK1,DK_1,forecast_solar_generation,Solar,2026-08-09T16:53:20Z
2026-08-09T16:49:56Z,2026-08-09T18:49:56+0200,eeb12da0-7c50-4259-bd40-a1d833ebd7ef,2026-08-04T07:30:00Z,2026-08-04T09:30:00+0200,1089.886666,MW,DK1,DK_1,forecast_solar_generation,Solar,2026-08-09T16:53:20Z
2026-08-09T16:49:56Z,2026-08-09T18:49:56+0200,eeb12da0-7c50-4259-bd40-a1d833ebd7ef,2026-08-04T07:45:00Z,2026-08-04T09:45:00+0200,1161.928333,MW,DK1,DK_1,forecast_solar_generation,Solar,2026-08-09T16:53:20Z
2026-08-09T16:49:56Z,2026-08-09T18:49:56+0200,eeb12da0-7c50-4259-bd40-a1d833ebd7ef,2026-08-04T08:00:00Z,2026-08-04T10:00:00+0200,1226.71,MW,DK1,DK_1,forecast_solar_generation,Solar,2026-08-09T16:53:20Z
2026-08-09T16:49:56Z,2026-08-09T18:49:56+0200,eeb12da0-7c50-4259-bd40-a1d833ebd7ef,2026-08-04T08:15:00Z,2026-08-04T10:15:00+0200,1289.908333,MW,DK1,DK_1,forecast_solar_generation,Solar,2026-08-09T16:53:20Z
2026-08-09T16:49:56Z,2026-08-09T18:49:56+0200,eeb12da0-7c50-4259-bd40-a1d833ebd7ef,2026-08-04T08:30:00Z,2026-08-04T10:30:00+0200,1356.78,MW,DK1,DK_1,forecast_solar_generation,Solar,2026-08-09T16:53:20Z
2026-08-09T16:49:56Z,2026-08-09T18:49:56+0200,eeb12da0-7c50-4259-bd40-a1d833ebd7ef,2026-08-04T08:45:00Z,2026-08-04T10:45:00+0200,1426.306666,MW,DK1,DK_1,forecast_solar_generation,Solar,2026-08-09T16:53:20Z
2026-08-09T16:49:56Z,2026-08-09T18:49:56+0200,eeb12da0-7c50-4259-bd40-a1d833ebd7ef,2026-08-04T09:00:00Z,2026-08-04T11:00:00+0200,1494.763333,MW,DK1,DK_1,forecast_solar_generation,Solar,2026-08-09T16:53:20Z
2026-08-09T16:49:56Z,2026-08-09T18:49:56+0200,eeb12da0-7c50-4259-bd40-a1d833ebd7ef,2026-08-04T09:15:00Z,2026-08-04T11:15:00+0200,1557.183333,MW,DK1,DK_1,forecast_solar_generation,Solar,2026-08-09T16:53:20Z
2026-08-09T16:49:56Z,2026-08-09T18:49:56+0200,eeb12da0-7c50-4259-bd40-a1d833ebd7ef,2026-08-04T09:30:00Z,2026-08-04T11:30:00+0200,1610.676666,MW,DK1,DK_1,forecast_solar_generation,Solar,2026-08-09T16:53:20Z
2026-08-09T16:49:56Z,2026-08-09T18:49:56+0200,eeb12da0-7c50-4259-bd40-a1d833ebd7ef,2026-08-04T09:45:00Z,2026-08-04T11:45:00+0200,1664.426666,MW,DK1,DK_1,forecast_solar_generation,Solar,2026-08-09T16:53:20Z
2026-08-09T16:49:56Z,2026-08-09T18:49:56+0200,eeb12da0-7c50-4259-bd40-a1d833ebd7ef,2026-08-04T10:00:00Z,2026-08-04T12:00:00+0200,1718.541666,MW,DK1,DK_1,forecast_solar_generation,Solar,2026-08-09T16:53:20Z
2026-08-09T16:49:56Z,2026-08-09T18:49:56+0200,eeb12da0-7c50-4259-bd40-a1d833ebd7ef,2026-08-04T10:15:00Z,2026-08-04T12:15:00+0200,1766.56,MW,DK1,DK_1,forecast_solar_generation,Solar,2026-08-09T16:53:20Z
2026-08-09T16:49:56Z,2026-08-09T18:49:56+0200,eeb12da0-7c50-4259-bd40-a1d833ebd7ef,2026-08-04T10:30:00Z,2026-08-04T12:30:00+0200,1805.399999,MW,DK1,DK_1,forecast_solar_generation,Solar,2026-08-09T16:53:20Z
2026-08-09T16:49:56Z,2026-08-09T18:49:56+0200,eeb12da0-7c50-4259-bd40-a1d833ebd7ef,2026-08-04T10:45:00Z,2026-08-04T12:45:00+0200,1845.215,MW,DK1,DK_1,forecast_solar_generation,Solar,2026-08-09T16:53:20Z
2026-08-09T16:49:56Z,2026-08-09T18:49:56+0200,eeb12da0-7c50-4259-bd40-a1d833ebd7ef,2026-08-04T11:00:00Z,2026-08-04T13:00:00+0200,1881.08,MW,DK1,DK_1,forecast_solar_generation,Solar,2026-08-09T16:53:20Z
2026-08-09T16:49:56Z,2026-08-09T18:49:56+0200,eeb12da0-7c50-4259-bd40-a1d833ebd7ef,2026-08-04T11:15:00Z,2026-08-04T13:15:00+0200,1908.393333,MW,DK1,DK_1,forecast_solar_generation,Solar,2026-08-09T16:53:20Z
2026-08-09T16:49:56Z,2026-08-09T18:49:56+0200,eeb12da0-7c50-4259-bd40-a1d833ebd7ef,2026-08-04T11:30:00Z,2026-08-04T13:30:00+0200,1927.446666,MW,DK1,DK_1,forecast_solar_generation,Solar,2026-08-09T16:53:20Z
2026-08-09T16:49:56Z,2026-08-09T18:49:56+0200,eeb12da0-7c50-4259-bd40-a1d833ebd7ef,2026-08-04T11:45:00Z,2026-08-04T13:45:00+0200,1950.474999,MW,DK1,DK_1,forecast_solar_generation,Solar,2026-08-09T16:53:20Z
2026-08-09T16:49:56Z,2026-08-09T18:49:56+0200,eeb12da0-7c50-4259-bd40-a1d833ebd7ef,2026-08-04T12:00:00Z,2026-08-04T14:00:00+0200,1973.265,MW,DK1,DK_1,forecast_solar_generation,Solar,2026-08-09T16:53:20Z
2026-08-09T16:49:56Z,2026-08-09T18:49:56+0200,eeb12da0-7c50-4259-bd40-a1d833ebd7ef,2026-08-04T12:15:00Z,2026-08-04T14:15:00+0200,1986.385,MW,DK1,DK_1,forecast_solar_generation,Solar,2026-08-09T16:53:20Z
2026-08-09T16:49:56Z,2026-08-09T18:49:56+0200,eeb12da0-7c50-4259-bd40-a1d833ebd7ef,2026-08-04T12:30:00Z,2026-08-04T14:30:00+0200,1985.811666,MW,DK1,DK_1,forecast_solar_generation,Solar,2026-08-09T16:53:20Z
2026-08-09T16:49:56Z,2026-08-09T18:49:56+0200,eeb12da0-7c50-4259-bd40-a1d833ebd7ef,2026-08-04T12:45:00Z,2026-08-04T14:45:00+0200,1982.641666,MW,DK1,DK_1,forecast_solar_generation,Solar,2026-08-09T16:53:20Z
2026-08-09T16:49:56Z,2026-08-09T18:49:56+0200,eeb12da0-7c50-4259-bd40-a1d833ebd7ef,2026-08-04T13:00:00Z,2026-08-04T15:00:00+0200,1977.013333,MW,DK1,DK_1,forecast_solar_generation,Solar,2026-08-09T16:53:20Z
2026-08-09T16:49:56Z,2026-08-09T18:49:56+0200,eeb12da0-7c50-4259-bd40-a1d833ebd7ef,2026-08-04T13:15:00Z,2026-08-04T15:15:00+0200,1963.131666,MW,DK1,DK_1,forecast_solar_generation,Solar,2026-08-09T16:53:20Z
2026-08-09T16:49:56Z,2026-08-09T18:49:56+0200,eeb12da0-7c50-4259-bd40-a1d833ebd7ef,2026-08-04T13:30:00Z,2026-08-04T15:30:00+0200,1940.906666,MW,DK1,DK_1,forecast_solar_generation,Solar,2026-08-09T16:53:20Z
2026-08-09T16:49:56Z,2026-08-09T18:49:56+0200,eeb12da0-7c50-4259-bd40-a1d833ebd7ef,2026-08-04T13:45:00Z,2026-08-04T15:45:00+0200,1922.056666,MW,DK1,DK_1,forecast_solar_generation,Solar,2026-08-09T16:53:20Z
2026-08-09T16:49:56Z,2026-08-09T18:49:56+0200,eeb12da0-7c50-4259-bd40-a1d833ebd7ef,2026-08-04T14:00:00Z,2026-08-04T16:00:00+0200,1898.101666,MW,DK1,DK_1,forecast_solar_generation,Solar,2026-08-09T16:53:20Z
2026-08-09T16:49:56Z,2026-08-09T18:49:56+0200,eeb12da0-7c50-4259-bd40-a1d833ebd7ef,2026-08-04T14:15:00Z,2026-08-04T16:15:00+0200,1855.385,MW,DK1,DK_1,forecast_solar_generation,Solar,2026-08-09T16:53:20Z
2026-08-09T16:49:56Z,2026-08-09T18:49:56+0200,eeb12da0-7c50-4259-bd40-a1d833ebd7ef,2026-08-04T14:30:00Z,2026-08-04T16:30:00+0200,1787.003333,MW,DK1,DK_1,forecast_solar_generation,Solar,2026-08-09T16:53:20Z
2026-08-09T16:49:56Z,2026-08-09T18:49:56+0200,eeb12da0-7c50-4259-bd40-a1d833ebd7ef,2026-08-04T14:45:00Z,2026-08-04T16:45:00+0200,1706.575,MW,DK1,DK_1,forecast_solar_generation,Solar,2026-08-09T16:53:20Z
2026-08-09T16:49:56Z,2026-08-09T18:49:56+0200,eeb12da0-7c50-4259-bd40-a1d833ebd7ef,2026-08-04T15:00:00Z,2026-08-04T17:00:00+0200,1632.396666,MW,DK1,DK_1,forecast_solar_generation,Solar,2026-08-09T16:53:20Z
2026-08-09T16:49:56Z,2026-08-09T18:49:56+0200,eeb12da0-7c50-4259-bd40-a1d833ebd7ef,2026-08-04T15:15:00Z,2026-08-04T17:15:00+0200,1529.666666,MW,DK1,DK_1,forecast_solar_generation,Solar,2026-08-09T16:53:20Z
2026-08-09T16:49:56Z,2026-08-09T18:49:56+0200,eeb12da0-7c50-4259-bd40-a1d833ebd7ef,2026-08-04T15:30:00Z,2026-08-04T17:30:00+0200,1416.421666,MW,DK1,DK_1,forecast_solar_generation,Solar,2026-08-09T16:53:20Z
2026-08-09T16:49:56Z,2026-08-09T18:49:56+0200,eeb12da0-7c50-4259-bd40-a1d833ebd7ef,2026-08-04T15:45:00Z,2026-08-04T17:45:00+0200,1298.64,MW,DK1,DK_1,forecast_solar_generation,Solar,2026-08-09T16:53:20Z
2026-08-09T16:49:56Z,2026-08-09T18:49:56+0200,eeb12da0-7c50-4259-bd40-a1d833ebd7ef,2026-08-04T16:00:00Z,2026-08-04T18:00:00+0200,1176.018333,MW,DK1,DK_1,forecast_solar_generation,Solar,2026-08-09T16:53:20Z
2026-08-09T16:49:56Z,2026-08-09T18:49:56+0200,eeb12da0-7c50-4259-bd40-a1d833ebd7ef,2026-08-04T16:15:00Z,2026-08-04T18:15:00+0200,1047.845,MW,DK1,DK_1,forecast_solar_generation,Solar,2026-08-09T16:53:20Z
2026-08-09T16:49:56Z,2026-08-09T18:49:56+0200,eeb12da0-7c50-4259-bd40-a1d833ebd7ef,2026-08-04T16:30:00Z,2026-08-04T18:30:00+0200,915.848333,MW,DK1,DK_1,forecast_solar_generation,Solar,2026-08-09T16:53:20Z
2026-08-09T16:49:56Z,2026-08-09T18:49:56+0200,eeb12da0-7c50-4259-bd40-a1d833ebd7ef,2026-08-04T16:45:00Z,2026-08-04T18:45:00+0200,784.608333,MW,DK1,DK_1,forecast_solar_generation,Solar,2026-08-09T16:53:20Z
2026-08-09T16:49:56Z,2026-08-09T18:49:56+0200,eeb12da0-7c50-4259-bd40-a1d833ebd7ef,2026-08-04T17:00:00Z,2026-08-04T19:00:00+0200,656.435,MW,DK1,DK_1,forecast_solar_generation,Solar,2026-08-09T16:53:20Z
2026-08-09T16:49:56Z,2026-08-09T18:49:56+0200,eeb12da0-7c50-4259-bd40-a1d833ebd7ef,2026-08-04T17:15:00Z,2026-08-04T19:15:00+0200,532.996666,MW,DK1,DK_1,forecast_solar_generation,Solar,2026-08-09T16:53:20Z
2026-08-09T16:49:56Z,2026-08-09T18:49:56+0200,eeb12da0-7c50-4259-bd40-a1d833ebd7ef,2026-08-04T17:30:00Z,2026-08-04T19:30:00+0200,416.646666,MW,DK1,DK_1,forecast_solar_generation,Solar,2026-08-09T16:53:20Z
2026-08-09T16:49:56Z,2026-08-09T18:49:56+0200,eeb12da0-7c50-4259-bd40-a1d833ebd7ef,2026-08-04T17:45:00Z,2026-08-04T19:45:00+0200,310.795,MW,DK1,DK_1,forecast_solar_generation,Solar,2026-08-09T16:53:20Z
2026-08-09T16:49:56Z,2026-08-09T18:49:56+0200,eeb12da0-7c50-4259-bd40-a1d833ebd7ef,2026-08-04T18:00:00Z,2026-08-04T20:00:00+0200,217.59,MW,DK1,DK_1,forecast_solar_generation,Solar,2026-08-09T16:53:20Z
2026-08-09T16:49:56Z,2026-08-09T18:49:56+0200,eeb12da0-7c50-4259-bd40-a1d833ebd7ef,2026-08-04T18:15:00Z,2026-08-04T20:15:00+0200,136.9,MW,DK1,DK_1,forecast_solar_generation,Solar,2026-08-09T16:53:20Z
2026-08-09T16:49:56Z,2026-08-09T18:49:56+0200,eeb12da0-7c50-4259-bd40-a1d833ebd7ef,2026-08-04T18:30:00Z,2026-08-04T20:30:00+0200,70.876666,MW,DK1,DK_1,forecast_solar_generation,Solar,2026-08-09T16:53:20Z
2026-08-09T16:49:56Z,2026-08-09T18:49:56+0200,eeb12da0-7c50-4259-bd40-a1d833ebd7ef,2026-08-04T18:45:00Z,2026-08-04T20:45:00+0200,24.166666,MW,DK1,DK_1,forecast_solar_generation,Solar,2026-08-09T16:53:20Z
2026-08-09T16:49:56Z,2026-08-09T18:49:56+0200,eeb12da0-7c50-4259-bd40-a1d833ebd7ef,2026-08-04T19:00:00Z,2026-08-04T21:00:00+0200,3.666666,MW,DK1,DK_1,forecast_solar_generation,Solar,2026-08-09T16:53:20Z
2026-08-09T16:49:56Z,2026-08-09T18:49:56+0200,eeb12da0-7c50-4259-bd40-a1d833ebd7ef,2026-08-04T19:15:00Z,2026-08-04T21:15:00+0200,0.128333,MW,DK1,DK_1,forecast_solar_generation,Solar,2026-08-09T16:53:20Z
2026-08-09T16:49:56Z,2026-08-09T18:49:56+0200,eeb12da0-7c50-4259-bd40-a1d833ebd7ef,2026-08-04T19:30:00Z,2026-08-04T21:30:00+0200,0.0,MW,DK1,DK_1,forecast_solar_generation,Solar,2026-08-09T16:53:20Z
2026-08-09T16:49:56Z,2026-08-09T18:49:56+0200,eeb12da0-7c50-4259-bd40-a1d833ebd7ef,2026-08-04T19:45:00Z,2026-08-04T21:45:00+0200,0.0,MW,DK1,DK_1,forecast_solar_generation,Solar,2026-08-09T16:53:20Z
2026-08-09T16:49:56Z,2026-08-09T18:49:56+0200,eeb12da0-7c50-4259-bd40-a1d833ebd7ef,2026-08-04T20:00:00Z,2026-08-04T22:00:00+0200,0.0,MW,DK1,DK_1,forecast_solar_generation,Solar,2026-08-09T16:53:20Z
2026-08-09T16:49:56Z,2026-08-09T18:49:56+0200,eeb12da0-7c50-4259-bd40-a1d833ebd7ef,2026-08-04T20:15:00Z,2026-08-04T22:15:00+0200,0.0,MW,DK1,DK_1,forecast_solar_generation,Solar,2026-08-09T16:53:20Z
2026-08-09T16:49:56Z,2026-08-09T18:49:56+0200,eeb12da0-7c50-4259-bd40-a1d833ebd7ef,2026-08-04T20:30:00Z,2026-08-04T22:30:00+0200,0.0,MW,DK1,DK_1,forecast_solar_generation,Solar,2026-08-09T16:53:20Z
2026-08-09T16:49:56Z,2026-08-09T18:49:56+0200,eeb12da0-7c50-4259-bd40-a1d833ebd7ef,2026-08-04T20:45:00Z,2026-08-04T22:45:00+0200,0.0,MW,DK1,DK_1,forecast_solar_generation,Solar,2026-08-09T16:53:20Z
2026-08-09T16:49:56Z,2026-08-09T18:49:56+0200,eeb12da0-7c50-4259-bd40-a1d833ebd7ef,2026-08-04T21:00:00Z,2026-08-04T23:00:00+0200,0.0,MW,DK1,DK_1,forecast_solar_generation,Solar,2026-08-09T16:53:20Z
2026-08-09T16:49:56Z,2026-08-09T18:49:56+0200,eeb12da0-7c50-4259-bd40-a1d833ebd7ef,2026-08-04T21:15:00Z,2026-08-04T23:15:00+0200,0.0,MW,DK1,DK_1,forecast_solar_generation,Solar,2026-08-09T16:53:20Z
2026-08-09T16:49:56Z,2026-08-09T18:49:56+0200,eeb12da0-7c50-4259-bd40-a1d833ebd7ef,2026-08-04T21:30:00Z,2026-08-04T23:30:00+0200,0.0,MW,DK1,DK_1,forecast_solar_generation,Solar,2026-08-09T16:53:20Z
2026-08-09T16:49:56Z,2026-08-09T18:49:56+0200,eeb12da0-7c50-4259-bd40-a1d833ebd7ef,2026-08-04T21:45:00Z,2026-08-04T23:45:00+0200,0.0,MW,DK1,DK_1,forecast_solar_generation,Solar,2026-08-09T16:53:20Z
2026-08-09T16:49:56Z,2026-08-09T18:49:56+0200,eeb12da0-7c50-4259-bd40-a1d833ebd7ef,2026-08-04T22:00:00Z,2026-08-05T00:00:00+0200,0.0,MW,DK1,DK_1,forecast_solar_generation,Solar,2026-08-09T16:53:20Z
2026-08-09T16:49:56Z,2026-08-09T18:49:56+0200,eeb12da0-7c50-4259-bd40-a1d833ebd7ef,2026-08-04T22:15:00Z,2026-08-05T00:15:00+0200,0.0,MW,DK1,DK_1,forecast_solar_generation,Solar,2026-08-09T16:53:20Z
2026-08-09T16:49:56Z,2026-08-09T18:49:56+0200,eeb12da0-7c50-4259-bd40-a1d833ebd7ef,2026-08-04T22:30:00Z,2026-08-05T00:30:00+0200,0.0,MW,DK1,DK_1,forecast_solar_generation,Solar,2026-08-09T16:53:20Z
2026-08-09T16:49:56Z,2026-08-09T18:49:56+0200,eeb12da0-7c50-4259-bd40-a1d833ebd7ef,2026-08-04T22:45:00Z,2026-08-05T00:45:00+0200,0.0,MW,DK1,DK_1,forecast_solar_generation,Solar,2026-08-09T16:53:20Z
2026-08-09T16:49:56Z,2026-08-09T18:49:56+0200,eeb12da0-7c50-4259-bd40-a1d833ebd7ef,2026-08-04T23:00:00Z,2026-08-05T01:00:00+0200,0.0,MW,DK1,DK_1,forecast_solar_generation,Solar,2026-08-09T16:53:20Z
2026-08-09T16:49:56Z,2026-08-09T18:49:56+0200,eeb12da0-7c50-4259-bd40-a1d833ebd7ef,2026-08-04T23:15:00Z,2026-08-05T01:15:00+0200,0.0,MW,DK1,DK_1,forecast_solar_generation,Solar,2026-08-09T16:53:20Z
2026-08-09T16:49:56Z,2026-08-09T18:49:56+0200,eeb12da0-7c50-4259-bd40-a1d833ebd7ef,2026-08-04T23:30:00Z,2026-08-05T01:30:00+0200,0.0,MW,DK1,DK_1,forecast_solar_generation,Solar,2026-08-09T16:53:20Z
2026-08-09T16:49:56Z,2026-08-09T18:49:56+0200,eeb12da0-7c50-4259-bd40-a1d833ebd7ef,2026-08-04T23:45:00Z,2026-08-05T01:45:00+0200,0.0,MW,DK1,DK_1,forecast_solar_generation,Solar,2026-08-09T16:53:20Z
2026-08-09T16:49:56Z,2026-08-09T18:49:56+0200,eeb12da0-7c50-4259-bd40-a1d833ebd7ef,2026-08-05T00:00:00Z,2026-08-05T02:00:00+0200,0.0,MW,DK1,DK_1,forecast_solar_generation,Solar,2026-08-09T16:53:20Z
2026-08-09T16:49:56Z,2026-08-09T18:49:56+0200,eeb12da0-7c50-4259-bd40-a1d833ebd7ef,2026-08-05T00:15:00Z,2026-08-05T02:15:00+0200,0.0,MW,DK1,DK_1,forecast_solar_generation,Solar,2026-08-09T16:53:20Z
2026-08-09T16:49:56Z,2026-08-09T18:49:56+0200,eeb12da0-7c50-4259-bd40-a1d833ebd7ef,2026-08-05T00:30:00Z,2026-08-05T02:30:00+0200,0.0,MW,DK1,DK_1,forecast_solar_generation,Solar,2026-08-09T16:53:20Z
2026-08-09T16:49:56Z,2026-08-09T18:49:56+0200,eeb12da0-7c50-4259-bd40-a1d833ebd7ef,2026-08-05T00:45:00Z,2026-08-05T02:45:00+0200,0.0,MW,DK1,DK_1,forecast_solar_generation,Solar,2026-08-09T16:53:20Z
2026-08-09T16:49:56Z,2026-08-09T18:49:56+0200,eeb12da0-7c50-4259-bd40-a1d833ebd7ef,2026-08-05T01:00:00Z,2026-08-05T03:00:00+0200,0.0,MW,DK1,DK_1,forecast_solar_generation,Solar,2026-08-09T16:53:20Z
2026-08-09T16:49:56Z,2026-08-09T18:49:56+0200,eeb12da0-7c50-4259-bd40-a1d833ebd7ef,2026-08-05T01:15:00Z,2026-08-05T03:15:00+0200,0.0,MW,DK1,DK_1,forecast_solar_generation,Solar,2026-08-09T16:53:20Z
2026-08-09T16:49:56Z,2026-08-09T18:49:56+0200,eeb12da0-7c50-4259-bd40-a1d833ebd7ef,2026-08-05T01:30:00Z,2026-08-05T03:30:00+0200,0.0,MW,DK1,DK_1,forecast_solar_generation,Solar,2026-08-09T16:53:20Z
2026-08-09T16:49:56Z,2026-08-09T18:49:56+0200,eeb12da0-7c50-4259-bd40-a1d833ebd7ef,2026-08-05T01:45:00Z,2026-08-05T03:45:00+0200,0.0,MW,DK1,DK_1,forecast_solar_generation,Solar,2026-08-09T16:53:20Z
2026-08-09T16:49:56Z,2026-08-09T18:49:56+0200,eeb12da0-7c50-4259-bd40-a1d833ebd7ef,2026-08-05T02:00:00Z,2026-08-05T04:00:00+0200,0.0,MW,DK1,DK_1,forecast_solar_generation,Solar,2026-08-09T16:53:20Z
2026-08-09T16:49:56Z,2026-08-09T18:49:56+0200,eeb12da0-7c50-4259-bd40-a1d833ebd7ef,2026-08-05T02:15:00Z,2026-08-05T04:15:00+0200,0.0,MW,DK1,DK_1,forecast_solar_generation,Solar,2026-08-09T16:53:20Z
2026-08-09T16:49:56Z,2026-08-09T18:49:56+0200,eeb12da0-7c50-4259-bd40-a1d833ebd7ef,2026-08-05T02:30:00Z,2026-08-05T04:30:00+0200,0.0,MW,DK1,DK_1,forecast_solar_generation,Solar,2026-08-09T16:53:20Z
2026-08-09T16:49:56Z,2026-08-09T18:49:56+0200,eeb12da0-7c50-4259-bd40-a1d833ebd7ef,2026-08-05T02:45:00Z,2026-08-05T04:45:00+0200,0.0,MW,DK1,DK_1,forecast_solar_generation,Solar,2026-08-09T16:53:20Z
2026-08-09T16:49:56Z,2026-08-09T18:49:56+0200,eeb12da0-7c50-4259-bd40-a1d833ebd7ef,2026-08-05T03:00:00Z,2026-08-05T05:00:00+0200,0.0,MW,DK1,DK_1,forecast_solar_generation,Solar,2026-08-09T16:53:20Z
2026-08-09T16:49:56Z,2026-08-09T18:49:56+0200,eeb12da0-7c50-4259-bd40-a1d833ebd7ef,2026-08-05T03:15:00Z,2026-08-05T05:15:00+0200,0.001666,MW,DK1,DK_1,forecast_solar_generation,Solar,2026-08-09T16:53:20Z
2026-08-09T16:49:56Z,2026-08-09T18:49:56+0200,eeb12da0-7c50-4259-bd40-a1d833ebd7ef,2026-08-05T03:30:00Z,2026-08-05T05:30:00+0200,0.176666,MW,DK1,DK_1,forecast_solar_generation,Solar,2026-08-09T16:53:20Z
2026-08-09T16:49:56Z,2026-08-09T18:49:56+0200,eeb12da0-7c50-4259-bd40-a1d833ebd7ef,2026-08-05T03:45:00Z,2026-08-05T05:45:00+0200,2.915,MW,DK1,DK_1,forecast_solar_generation,Solar,2026-08-09T16:53:20Z
2026-08-09T16:49:56Z,2026-08-09T18:49:56+0200,eeb12da0-7c50-4259-bd40-a1d833ebd7ef,2026-08-05T04:00:00Z,2026-08-05T06:00:00+0200,16.66,MW,DK1,DK_1,forecast_solar_generation,Solar,2026-08-09T16:53:20Z
2026-08-09T16:49:56Z,2026-08-09T18:49:56+0200,eeb12da0-7c50-4259-bd40-a1d833ebd7ef,2026-08-05T04:15:00Z,2026-08-05T06:15:00+0200,45.379999,MW,DK1,DK_1,forecast_solar_generation,Solar,2026-08-09T16:53:20Z
2026-08-09T16:49:56Z,2026-08-09T18:49:56+0200,eeb12da0-7c50-4259-bd40-a1d833ebd7ef,2026-08-05T04:30:00Z,2026-08-05T06:30:00+0200,86.493333,MW,DK1,DK_1,forecast_solar_generation,Solar,2026-08-09T16:53:20Z
2026-08-09T16:49:56Z,2026-08-09T18:49:56+0200,eeb12da0-7c50-4259-bd40-a1d833ebd7ef,2026-08-05T04:45:00Z,2026-08-05T06:45:00+0200,139.041666,MW,DK1,DK_1,forecast_solar_generation,Solar,2026-08-09T16:53:20Z
2026-08-09T16:49:56Z,2026-08-09T18:49:56+0200,eeb12da0-7c50-4259-bd40-a1d833ebd7ef,2026-08-05T05:00:00Z,2026-08-05T07:00:00+0200,202.943333,MW,DK1,DK_1,forecast_solar_generation,Solar,2026-08-09T16:53:20Z
2026-08-09T16:49:56Z,2026-08-09T18:49:56+0200,eeb12da0-7c50-4259-bd40-a1d833ebd7ef,2026-08-05T05:15:00Z,2026-08-05T07:15:00+0200,277.356666,MW,DK1,DK_1,forecast_solar_generation,Solar,2026-08-09T16:53:20Z
2026-08-09T16:49:56Z,2026-08-09T18:49:56+0200,eeb12da0-7c50-4259-bd40-a1d833ebd7ef,2026-08-05T05:30:00Z,2026-08-05T07:30:00+0200,361.046666,MW,DK1,DK_1,forecast_solar_generation,Solar,2026-08-09T16:53:20Z
2026-08-09T16:49:56Z,2026-08-09T18:49:56+0200,eeb12da0-7c50-4259-bd40-a1d833ebd7ef,2026-08-05T05:45:00Z,2026-08-05T07:45:00+0200,459.688333,MW,DK1,DK_1,forecast_solar_generation,Solar,2026-08-09T16:53:20Z
2026-08-09T16:49:56Z,2026-08-09T18:49:56+0200,eeb12da0-7c50-4259-bd40-a1d833ebd7ef,2026-08-05T06:00:00Z,2026-08-05T08:00:00+0200,571.16,MW,DK1,DK_1,forecast_solar_generation,Solar,2026-08-09T16:53:20Z
2026-08-09T16:49:56Z,2026-08-09T18:49:56+0200,eeb12da0-7c50-4259-bd40-a1d833ebd7ef,2026-08-05T06:15:00Z,2026-08-05T08:15:00+0200,685.475,MW,DK1,DK_1,forecast_solar_generation,Solar,2026-08-09T16:53:20Z
2026-08-09T16:49:56Z,2026-08-09T18:49:56+0200,eeb12da0-7c50-4259-bd40-a1d833ebd7ef,2026-08-05T06:30:00Z,2026-08-05T08:30:00+0200,793.46,MW,DK1,DK_1,forecast_solar_generation,Solar,2026-08-09T16:53:20Z
2026-08-09T16:49:56Z,2026-08-09T18:49:56+0200,eeb12da0-7c50-4259-bd40-a1d833ebd7ef,2026-08-05T06:45:00Z,2026-08-05T08:45:00+0200,906.293333,MW,DK1,DK_1,forecast_solar_generation,Solar,2026-08-09T16:53:20Z
2026-08-09T16:49:56Z,2026-08-09T18:49:56+0200,eeb12da0-7c50-4259-bd40-a1d833ebd7ef,2026-08-05T07:00:00Z,2026-08-05T09:00:00+0200,1023.915,MW,DK1,DK_1,forecast_solar_generation,Solar,2026-08-09T16:53:20Z
2026-08-09T16:49:56Z,2026-08-09T18:49:56+0200,eeb12da0-7c50-4259-bd40-a1d833ebd7ef,2026-08-05T07:15:00Z,2026-08-05T09:15:00+0200,1137.663333,MW,DK1,DK_1,forecast_solar_generation,Solar,2026-08-09T16:53:20Z
2026-08-09T16:49:56Z,2026-08-09T18:49:56+0200,eeb12da0-7c50-4259-bd40-a1d833ebd7ef,2026-08-05T07:30:00Z,2026-08-05T09:30:00+0200,1242.006666,MW,DK1,DK_1,forecast_solar_generation,Solar,2026-08-09T16:53:20Z
2026-08-09T16:49:56Z,2026-08-09T18:49:56+0200,eeb12da0-7c50-4259-bd40-a1d833ebd7ef,2026-08-05T07:45:00Z,2026-08-05T09:45:00+0200,1351.655,MW,DK1,DK_1,forecast_solar_generation,Solar,2026-08-09T16:53:20Z
2026-08-09T16:49:56Z,2026-08-09T18:49:56+0200,eeb12da0-7c50-4259-bd40-a1d833ebd7ef,2026-08-05T08:00:00Z,2026-08-05T10:00:00+0200,1465.78,MW,DK1,DK_1,forecast_solar_generation,Solar,2026-08-09T16:53:20Z
2026-08-09T16:49:56Z,2026-08-09T18:49:56+0200,eeb12da0-7c50-4259-bd40-a1d833ebd7ef,2026-08-05T08:15:00Z,2026-08-05T10:15:00+0200,1571.356666,MW,DK1,DK_1,forecast_solar_generation,Solar,2026-08-09T16:53:20Z
2026-08-09T16:49:56Z,2026-08-09T18:49:56+0200,eeb12da0-7c50-4259-bd40-a1d833ebd7ef,2026-08-05T08:30:00Z,2026-08-05T10:30:00+0200,1658.606666,MW,DK1,DK_1,forecast_solar_generation,Solar,2026-08-09T16:53:20Z
2026-08-09T16:49:56Z,2026-08-09T18:49:56+0200,eeb12da0-7c50-4259-bd40-a1d833ebd7ef,2026-08-05T08:45:00Z,2026-08-05T10:45:00+0200,1738.996666,MW,DK1,DK_1,forecast_solar_generation,Solar,2026-08-09T16:53:20Z
2026-08-09T16:49:56Z,2026-08-09T18:49:56+0200,eeb12da0-7c50-4259-bd40-a1d833ebd7ef,2026-08-05T09:00:00Z,2026-08-05T11:00:00+0200,1812.801666,MW,DK1,DK_1,forecast_solar_generation,Solar,2026-08-09T16:53:20Z
2026-08-09T16:49:56Z,2026-08-09T18:49:56+0200,eeb12da0-7c50-4259-bd40-a1d833ebd7ef,2026-08-05T09:15:00Z,2026-08-05T11:15:00+0200,1829.063333,MW,DK1,DK_1,forecast_solar_generation,Solar,2026-08-09T16:53:20Z
2026-08-09T16:49:56Z,2026-08-09T18:49:56+0200,eeb12da0-7c50-4259-bd40-a1d833ebd7ef,2026-08-05T09:30:00Z,2026-08-05T11:30:00+0200,1648.629999,MW,DK1,DK_1,forecast_solar_generation,Solar,2026-08-09T16:53:20Z
2026-08-09T16:49:56Z,2026-08-09T18:49:56+0200,eeb12da0-7c50-4259-bd40-a1d833ebd7ef,2026-08-05T09:45:00Z,2026-08-05T11:45:00+0200,1700.77,MW,DK1,DK_1,forecast_solar_generation,Solar,2026-08-09T16:53:20Z
2026-08-09T16:49:56Z,2026-08-09T18:49:56+0200,eeb12da0-7c50-4259-bd40-a1d833ebd7ef,2026-08-05T10:00:00Z,2026-08-05T12:00:00+0200,1781.683333,MW,DK1,DK_1,forecast_solar_generation,Solar,2026-08-09T16:53:20Z
2026-08-09T16:49:56Z,2026-08-09T18:49:56+0200,eeb12da0-7c50-4259-bd40-a1d833ebd7ef,2026-08-05T10:15:00Z,2026-08-05T12:15:00+0200,1739.754999,MW,DK1,DK_1,forecast_solar_generation,Solar,2026-08-09T16:53:20Z
2026-08-09T16:49:56Z,2026-08-09T18:49:56+0200,eeb12da0-7c50-4259-bd40-a1d833ebd7ef,2026-08-05T10:30:00Z,2026-08-05T12:30:00+0200,1754.314999,MW,DK1,DK_1,forecast_solar_generation,Solar,2026-08-09T16:53:20Z
2026-08-09T16:49:56Z,2026-08-09T18:49:56+0200,eeb12da0-7c50-4259-bd40-a1d833ebd7ef,2026-08-05T10:45:00Z,2026-08-05T12:45:00+0200,1757.923333,MW,DK1,DK_1,forecast_solar_generation,Solar,2026-08-09T16:53:20Z
2026-08-09T16:49:56Z,2026-08-09T18:49:56+0200,eeb12da0-7c50-4259-bd40-a1d833ebd7ef,2026-08-05T11:00:00Z,2026-08-05T13:00:00+0200,1752.741666,MW,DK1,DK_1,forecast_solar_generation,Solar,2026-08-09T16:53:20Z
2026-08-09T16:49:56Z,2026-08-09T18:49:56+0200,eeb12da0-7c50-4259-bd40-a1d833ebd7ef,2026-08-05T11:15:00Z,2026-08-05T13:15:00+0200,1744.186666,MW,DK1,DK_1,forecast_solar_generation,Solar,2026-08-09T16:53:20Z
2026-08-09T16:49:56Z,2026-08-09T18:49:56+0200,eeb12da0-7c50-4259-bd40-a1d833ebd7ef,2026-08-05T11:30:00Z,2026-08-05T13:30:00+0200,1738.665,MW,DK1,DK_1,forecast_solar_generation,Solar,2026-08-09T16:53:20Z
2026-08-09T16:49:56Z,2026-08-09T18:49:56+0200,eeb12da0-7c50-4259-bd40-a1d833ebd7ef,2026-08-05T11:45:00Z,2026-08-05T13:45:00+0200,1736.771666,MW,DK1,DK_1,forecast_solar_generation,Solar,2026-08-09T16:53:20Z
2026-08-09T16:49:56Z,2026-08-09T18:49:56+0200,eeb12da0-7c50-4259-bd40-a1d833ebd7ef,2026-08-05T12:00:00Z,2026-08-05T14:00:00+0200,1735.921666,MW,DK1,DK_1,forecast_solar_generation,Solar,2026-08-09T16:53:20Z
2026-08-09T16:49:56Z,2026-08-09T18:49:56+0200,eeb12da0-7c50-4259-bd40-a1d833ebd7ef,2026-08-05T12:15:00Z,2026-08-05T14:15:00+0200,1733.321666,MW,DK1,DK_1,forecast_solar_generation,Solar,2026-08-09T16:53:20Z
2026-08-09T16:49:56Z,2026-08-09T18:49:56+0200,eeb12da0-7c50-4259-bd40-a1d833ebd7ef,2026-08-05T12:30:00Z,2026-08-05T14:30:00+0200,1729.736666,MW,DK1,DK_1,forecast_solar_generation,Solar,2026-08-09T16:53:20Z
2026-08-09T16:49:56Z,2026-08-09T18:49:56+0200,eeb12da0-7c50-4259-bd40-a1d833ebd7ef,2026-08-05T12:45:00Z,2026-08-05T14:45:00+0200,1692.534999,MW,DK1,DK_1,forecast_solar_generation,Solar,2026-08-09T16:53:20Z
2026-08-09T16:49:56Z,2026-08-09T18:49:56+0200,eeb12da0-7c50-4259-bd40-a1d833ebd7ef,2026-08-05T13:00:00Z,2026-08-05T15:00:00+0200,1481.85,MW,DK1,DK_1,forecast_solar_generation,Solar,2026-08-09T16:53:20Z
2026-08-09T16:49:56Z,2026-08-09T18:49:56+0200,eeb12da0-7c50-4259-bd40-a1d833ebd7ef,2026-08-05T13:15:00Z,2026-08-05T15:15:00+0200,1481.676666,MW,DK1,DK_1,forecast_solar_generation,Solar,2026-08-09T16:53:20Z
2026-08-09T16:49:56Z,2026-08-09T18:49:56+0200,eeb12da0-7c50-4259-bd40-a1d833ebd7ef,2026-08-05T13:30:00Z,2026-08-05T15:30:00+0200,1502.261666,MW,DK1,DK_1,forecast_solar_generation,Solar,2026-08-09T16:53:20Z
2026-08-09T16:49:56Z,2026-08-09T18:49:56+0200,eeb12da0-7c50-4259-bd40-a1d833ebd7ef,2026-08-05T13:45:00Z,2026-08-05T15:45:00+0200,1474.133333,MW,DK1,DK_1,forecast_solar_generation,Solar,2026-08-09T16:53:20Z
2026-08-09T16:49:56Z,2026-08-09T18:49:56+0200,eeb12da0-7c50-4259-bd40-a1d833ebd7ef,2026-08-05T14:00:00Z,2026-08-05T16:00:00+0200,1424.166666,MW,DK1,DK_1,forecast_solar_generation,Solar,2026-08-09T16:53:20Z
2026-08-09T16:49:56Z,2026-08-09T18:49:56+0200,eeb12da0-7c50-4259-bd40-a1d833ebd7ef,2026-08-05T14:15:00Z,2026-08-05T16:15:00+0200,1445.478333,MW,DK1,DK_1,forecast_solar_generation,Solar,2026-08-09T16:53:20Z
2026-08-09T16:49:56Z,2026-08-09T18:49:56+0200,eeb12da0-7c50-4259-bd40-a1d833ebd7ef,2026-08-05T14:30:00Z,2026-08-05T16:30:00+0200,1736.21,MW,DK1,DK_1,forecast_solar_generation,Solar,2026-08-09T16:53:20Z
2026-08-09T16:49:56Z,2026-08-09T18:49:56+0200,eeb12da0-7c50-4259-bd40-a1d833ebd7ef,2026-08-05T14:45:00Z,2026-08-05T16:45:00+0200,1734.246666,MW,DK1,DK_1,forecast_solar_generation,Solar,2026-08-09T16:53:20Z
2026-08-09T16:49:56Z,2026-08-09T18:49:56+0200,eeb12da0-7c50-4259-bd40-a1d833ebd7ef,2026-08-05T15:00:00Z,2026-08-05T17:00:00+0200,1626.08,MW,DK1,DK_1,forecast_solar_generation,Solar,2026-08-09T16:53:20Z
2026-08-09T16:49:56Z,2026-08-09T18:49:56+0200,eeb12da0-7c50-4259-bd40-a1d833ebd7ef,2026-08-05T15:15:00Z,2026-08-05T17:15:00+0200,1510.385,MW,DK1,DK_1,forecast_solar_generation,Solar,2026-08-09T16:53:20Z
2026-08-09T16:49:56Z,2026-08-09T18:49:56+0200,eeb12da0-7c50-4259-bd40-a1d833ebd7ef,2026-08-05T15:30:00Z,2026-08-05T17:30:00+0200,1388.151666,MW,DK1,DK_1,forecast_solar_generation,Solar,2026-08-09T16:53:20Z
2026-08-09T16:49:56Z,2026-08-09T18:49:56+0200,eeb12da0-7c50-4259-bd40-a1d833ebd7ef,2026-08-05T15:45:00Z,2026-08-05T17:45:00+0200,1258.015,MW,DK1,DK_1,forecast_solar_generation,Solar,2026-08-09T16:53:20Z
2026-08-09T16:49:56Z,2026-08-09T18:49:56+0200,eeb12da0-7c50-4259-bd40-a1d833ebd7ef,2026-08-05T16:00:00Z,2026-08-05T18:00:00+0200,1136.31,MW,DK1,DK_1,forecast_solar_generation,Solar,2026-08-09T16:53:20Z
2026-08-09T16:49:56Z,2026-08-09T18:49:56+0200,eeb12da0-7c50-4259-bd40-a1d833ebd7ef,2026-08-05T16:15:00Z,2026-08-05T18:15:00+0200,1003.13,MW,DK1,DK_1,forecast_solar_generation,Solar,2026-08-09T16:53:20Z
2026-08-09T16:49:56Z,2026-08-09T18:49:56+0200,eeb12da0-7c50-4259-bd40-a1d833ebd7ef,2026-08-05T16:30:00Z,2026-08-05T18:30:00+0200,872.9,MW,DK1,DK_1,forecast_solar_generation,Solar,2026-08-09T16:53:20Z
2026-08-09T16:49:56Z,2026-08-09T18:49:56+0200,eeb12da0-7c50-4259-bd40-a1d833ebd7ef,2026-08-05T16:45:00Z,2026-08-05T18:45:00+0200,744.995,MW,DK1,DK_1,forecast_solar_generation,Solar,2026-08-09T16:53:20Z
2026-08-09T16:49:56Z,2026-08-09T18:49:56+0200,eeb12da0-7c50-4259-bd40-a1d833ebd7ef,2026-08-05T17:00:00Z,2026-08-05T19:00:00+0200,620.016666,MW,DK1,DK_1,forecast_solar_generation,Solar,2026-08-09T16:53:20Z
2026-08-09T16:49:56Z,2026-08-09T18:49:56+0200,eeb12da0-7c50-4259-bd40-a1d833ebd7ef,2026-08-05T17:15:00Z,2026-08-05T19:15:00+0200,499.891666,MW,DK1,DK_1,forecast_solar_generation,Solar,2026-08-09T16:53:20Z
2026-08-09T16:49:56Z,2026-08-09T18:49:56+0200,eeb12da0-7c50-4259-bd40-a1d833ebd7ef,2026-08-05T17:30:00Z,2026-08-05T19:30:00+0200,387.256666,MW,DK1,DK_1,forecast_solar_generation,Solar,2026-08-09T16:53:20Z
2026-08-09T16:49:56Z,2026-08-09T18:49:56+0200,eeb12da0-7c50-4259-bd40-a1d833ebd7ef,2026-08-05T17:45:00Z,2026-08-05T19:45:00+0200,285.745,MW,DK1,DK_1,forecast_solar_generation,Solar,2026-08-09T16:53:20Z
2026-08-09T16:49:56Z,2026-08-09T18:49:56+0200,eeb12da0-7c50-4259-bd40-a1d833ebd7ef,2026-08-05T18:00:00Z,2026-08-05T20:00:00+0200,197.143333,MW,DK1,DK_1,forecast_solar_generation,Solar,2026-08-09T16:53:20Z
2026-08-09T16:49:56Z,2026-08-09T18:49:56+0200,eeb12da0-7c50-4259-bd40-a1d833ebd7ef,2026-08-05T18:15:00Z,2026-08-05T20:15:00+0200,121.055,MW,DK1,DK_1,forecast_solar_generation,Solar,2026-08-09T16:53:20Z
2026-08-09T16:49:56Z,2026-08-09T18:49:56+0200,eeb12da0-7c50-4259-bd40-a1d833ebd7ef,2026-08-05T18:30:00Z,2026-08-05T20:30:00+0200,59.57,MW,DK1,DK_1,forecast_solar_generation,Solar,2026-08-09T16:53:20Z
2026-08-09T16:49:56Z,2026-08-09T18:49:56+0200,eeb12da0-7c50-4259-bd40-a1d833ebd7ef,2026-08-05T18:45:00Z,2026-08-05T20:45:00+0200,17.931666,MW,DK1,DK_1,forecast_solar_generation,Solar,2026-08-09T16:53:20Z
2026-08-09T16:49:56Z,2026-08-09T18:49:56+0200,eeb12da0-7c50-4259-bd40-a1d833ebd7ef,2026-08-05T19:00:00Z,2026-08-05T21:00:00+0200,2.231666,MW,DK1,DK_1,forecast_solar_generation,Solar,2026-08-09T16:53:20Z
2026-08-09T16:49:56Z,2026-08-09T18:49:56+0200,eeb12da0-7c50-4259-bd40-a1d833ebd7ef,2026-08-05T19:15:00Z,2026-08-05T21:15:00+0200,0.058333,MW,DK1,DK_1,forecast_solar_generation,Solar,2026-08-09T16:53:20Z
2026-08-09T16:49:56Z,2026-08-09T18:49:56+0200,eeb12da0-7c50-4259-bd40-a1d833ebd7ef,2026-08-05T19:30:00Z,2026-08-05T21:30:00+0200,0.0,MW,DK1,DK_1,forecast_solar_generation,Solar,2026-08-09T16:53:20Z
2026-08-09T16:49:56Z,2026-08-09T18:49:56+0200,eeb12da0-7c50-4259-bd40-a1d833ebd7ef,2026-08-05T19:45:00Z,2026-08-05T21:45:00+0200,0.0,MW,DK1,DK_1,forecast_solar_generation,Solar,2026-08-09T16:53:20Z
2026-08-09T16:49:56Z,2026-08-09T18:49:56+0200,eeb12da0-7c50-4259-bd40-a1d833ebd7ef,2026-08-05T20:00:00Z,2026-08-05T22:00:00+0200,0.0,MW,DK1,DK_1,forecast_solar_generation,Solar,2026-08-09T16:53:20Z
2026-08-09T16:49:56Z,2026-08-09T18:49:56+0200,eeb12da0-7c50-4259-bd40-a1d833ebd7ef,2026-08-05T20:15:00Z,2026-08-05T22:15:00+0200,0.0,MW,DK1,DK_1,forecast_solar_generation,Solar,2026-08-09T16:53:20Z
2026-08-09T16:49:56Z,2026-08-09T18:49:56+0200,eeb12da0-7c50-4259-bd40-a1d833ebd7ef,2026-08-05T20:30:00Z,2026-08-05T22:30:00+0200,0.0,MW,DK1,DK_1,forecast_solar_generation,Solar,2026-08-09T16:53:20Z
2026-08-09T16:49:56Z,2026-08-09T18:49:56+0200,eeb12da0-7c50-4259-bd40-a1d833ebd7ef,2026-08-05T20:45:00Z,2026-08-05T22:45:00+0200,0.0,MW,DK1,DK_1,forecast_solar_generation,Solar,2026-08-09T16:53:20Z
2026-08-09T16:49:56Z,2026-08-09T18:49:56+0200,eeb12da0-7c50-4259-bd40-a1d833ebd7ef,2026-08-05T21:00:00Z,2026-08-05T23:00:00+0200,0.0,MW,DK1,DK_1,forecast_solar_generation,Solar,2026-08-09T16:53:20Z
2026-08-09T16:49:56Z,2026-08-09T18:49:56+0200,eeb12da0-7c50-4259-bd40-a1d833ebd7ef,2026-08-05T21:15:00Z,2026-08-05T23:15:00+0200,0.0,MW,DK1,DK_1,forecast_solar_generation,Solar,2026-08-09T16:53:20Z
2026-08-09T16:49:56Z,2026-08-09T18:49:56+0200,eeb12da0-7c50-4259-bd40-a1d833ebd7ef,2026-08-05T21:30:00Z,2026-08-05T23:30:00+0200,0.0,MW,DK1,DK_1,forecast_solar_generation,Solar,2026-08-09T16:53:20Z
2026-08-09T16:49:56Z,2026-08-09T18:49:56+0200,eeb12da0-7c50-4259-bd40-a1d833ebd7ef,2026-08-05T21:45:00Z,2026-08-05T23:45:00+0200,0.0,MW,DK1,DK_1,forecast_solar_generation,Solar,2026-08-09T16:53:20Z
2026-08-09T16:49:56Z,2026-08-09T18:49:56+0200,eeb12da0-7c50-4259-bd40-a1d833ebd7ef,2026-08-05T22:00:00Z,2026-08-06T00:00:00+0200,0.0,MW,DK1,DK_1,forecast_solar_generation,Solar,2026-08-09T16:53:20Z
2026-08-09T16:49:56Z,2026-08-09T18:49:56+0200,eeb12da0-7c50-4259-bd40-a1d833ebd7ef,2026-08-05T22:15:00Z,2026-08-06T00:15:00+0200,0.0,MW,DK1,DK_1,forecast_solar_generation,Solar,2026-08-09T16:53:20Z
2026-08-09T16:49:56Z,2026-08-09T18:49:56+0200,eeb12da0-7c50-4259-bd40-a1d833ebd7ef,2026-08-05T22:30:00Z,2026-08-06T00:30:00+0200,0.0,MW,DK1,DK_1,forecast_solar_generation,Solar,2026-08-09T16:53:20Z
2026-08-09T16:49:56Z,2026-08-09T18:49:56+0200,eeb12da0-7c50-4259-bd40-a1d833ebd7ef,2026-08-05T22:45:00Z,2026-08-06T00:45:00+0200,0.0,MW,DK1,DK_1,forecast_solar_generation,Solar,2026-08-09T16:53:20Z
2026-08-09T16:49:56Z,2026-08-09T18:49:56+0200,eeb12da0-7c50-4259-bd40-a1d833ebd7ef,2026-08-05T23:00:00Z,2026-08-06T01:00:00+0200,0.0,MW,DK1,DK_1,forecast_solar_generation,Solar,2026-08-09T16:53:20Z
2026-08-09T16:49:56Z,2026-08-09T18:49:56+0200,eeb12da0-7c50-4259-bd40-a1d833ebd7ef,2026-08-05T23:15:00Z,2026-08-06T01:15:00+0200,0.0,MW,DK1,DK_1,forecast_solar_generation,Solar,2026-08-09T16:53:20Z
2026-08-09T16:49:56Z,2026-08-09T18:49:56+0200,eeb12da0-7c50-4259-bd40-a1d833ebd7ef,2026-08-05T23:30:00Z,2026-08-06T01:30:00+0200,0.0,MW,DK1,DK_1,forecast_solar_generation,Solar,2026-08-09T16:53:20Z
2026-08-09T16:49:56Z,2026-08-09T18:49:56+0200,eeb12da0-7c50-4259-bd40-a1d833ebd7ef,2026-08-05T23:45:00Z,2026-08-06T01:45:00+0200,0.0,MW,DK1,DK_1,forecast_solar_generation,Solar,2026-08-09T16:53:20Z
2026-08-09T16:49:56Z,2026-08-09T18:49:56+0200,eeb12da0-7c50-4259-bd40-a1d833ebd7ef,2026-08-06T00:00:00Z,2026-08-06T02:00:00+0200,0.0,MW,DK1,DK_1,forecast_solar_generation,Solar,2026-08-09T16:53:20Z
2026-08-09T16:49:56Z,2026-08-09T18:49:56+0200,eeb12da0-7c50-4259-bd40-a1d833ebd7ef,2026-08-06T00:15:00Z,2026-08-06T02:15:00+0200,0.0,MW,DK1,DK_1,forecast_solar_generation,Solar,2026-08-09T16:53:20Z
2026-08-09T16:49:56Z,2026-08-09T18:49:56+0200,eeb12da0-7c50-4259-bd40-a1d833ebd7ef,2026-08-06T00:30:00Z,2026-08-06T02:30:00+0200,0.0,MW,DK1,DK_1,forecast_solar_generation,Solar,2026-08-09T16:53:20Z
2026-08-09T16:49:56Z,2026-08-09T18:49:56+0200,eeb12da0-7c50-4259-bd40-a1d833ebd7ef,2026-08-06T00:45:00Z,2026-08-06T02:45:00+0200,0.0,MW,DK1,DK_1,forecast_solar_generation,Solar,2026-08-09T16:53:20Z
2026-08-09T16:49:56Z,2026-08-09T18:49:56+0200,eeb12da0-7c50-4259-bd40-a1d833ebd7ef,2026-08-06T01:00:00Z,2026-08-06T03:00:00+0200,0.0,MW,DK1,DK_1,forecast_solar_generation,Solar,2026-08-09T16:53:20Z
2026-08-09T16:49:56Z,2026-08-09T18:49:56+0200,eeb12da0-7c50-4259-bd40-a1d833ebd7ef,2026-08-06T01:15:00Z,2026-08-06T03:15:00+0200,0.0,MW,DK1,DK_1,forecast_solar_generation,Solar,2026-08-09T16:53:20Z
2026-08-09T16:49:56Z,2026-08-09T18:49:56+0200,eeb12da0-7c50-4259-bd40-a1d833ebd7ef,2026-08-06T01:30:00Z,2026-08-06T03:30:00+0200,0.0,MW,DK1,DK_1,forecast_solar_generation,Solar,2026-08-09T16:53:20Z
2026-08-09T16:49:56Z,2026-08-09T18:49:56+0200,eeb12da0-7c50-4259-bd40-a1d833ebd7ef,2026-08-06T01:45:00Z,2026-08-06T03:45:00+0200,0.0,MW,DK1,DK_1,forecast_solar_generation,Solar,2026-08-09T16:53:20Z
2026-08-09T16:49:56Z,2026-08-09T18:49:56+0200,eeb12da0-7c50-4259-bd40-a1d833ebd7ef,2026-08-06T02:00:00Z,2026-08-06T04:00:00+0200,0.0,MW,DK1,DK_1,forecast_solar_generation,Solar,2026-08-09T16:53:20Z
2026-08-09T16:49:56Z,2026-08-09T18:49:56+0200,eeb12da0-7c50-4259-bd40-a1d833ebd7ef,2026-08-06T02:15:00Z,2026-08-06T04:15:00+0200,0.0,MW,DK1,DK_1,forecast_solar_generation,Solar,2026-08-09T16:53:20Z
2026-08-09T16:49:56Z,2026-08-09T18:49:56+0200,eeb12da0-7c50-4259-bd40-a1d833ebd7ef,2026-08-06T02:30:00Z,2026-08-06T04:30:00+0200,0.0,MW,DK1,DK_1,forecast_solar_generation,Solar,2026-08-09T16:53:20Z
2026-08-09T16:49:56Z,2026-08-09T18:49:56+0200,eeb12da0-7c50-4259-bd40-a1d833ebd7ef,2026-08-06T02:45:00Z,2026-08-06T04:45:00+0200,0.0,MW,DK1,DK_1,forecast_solar_generation,Solar,2026-08-09T16:53:20Z
2026-08-09T16:49:56Z,2026-08-09T18:49:56+0200,eeb12da0-7c50-4259-bd40-a1d833ebd7ef,2026-08-06T03:00:00Z,2026-08-06T05:00:00+0200,0.0,MW,DK1,DK_1,forecast_solar_generation,Solar,2026-08-09T16:53:20Z
2026-08-09T16:49:56Z,2026-08-09T18:49:56+0200,eeb12da0-7c50-4259-bd40-a1d833ebd7ef,2026-08-06T03:15:00Z,2026-08-06T05:15:00+0200,0.0,MW,DK1,DK_1,forecast_solar_generation,Solar,2026-08-09T16:53:20Z
2026-08-09T16:49:56Z,2026-08-09T18:49:56+0200,eeb12da0-7c50-4259-bd40-a1d833ebd7ef,2026-08-06T03:30:00Z,2026-08-06T05:30:00+0200,0.189999,MW,DK1,DK_1,forecast_solar_generation,Solar,2026-08-09T16:53:20Z
2026-08-09T16:49:56Z,2026-08-09T18:49:56+0200,eeb12da0-7c50-4259-bd40-a1d833ebd7ef,2026-08-06T03:45:00Z,2026-08-06T05:45:00+0200,4.376666,MW,DK1,DK_1,forecast_solar_generation,Solar,2026-08-09T16:53:20Z
2026-08-09T16:49:56Z,2026-08-09T18:49:56+0200,eeb12da0-7c50-4259-bd40-a1d833ebd7ef,2026-08-06T04:00:00Z,2026-08-06T06:00:00+0200,27.688333,MW,DK1,DK_1,forecast_solar_generation,Solar,2026-08-09T16:53:20Z
2026-08-09T16:49:56Z,2026-08-09T18:49:56+0200,eeb12da0-7c50-4259-bd40-a1d833ebd7ef,2026-08-06T04:15:00Z,2026-08-06T06:15:00+0200,76.331666,MW,DK1,DK_1,forecast_solar_generation,Solar,2026-08-09T16:53:20Z
2026-08-09T16:49:56Z,2026-08-09T18:49:56+0200,eeb12da0-7c50-4259-bd40-a1d833ebd7ef,2026-08-06T04:30:00Z,2026-08-06T06:30:00+0200,142.334999,MW,DK1,DK_1,forecast_solar_generation,Solar,2026-08-09T16:53:20Z
2026-08-09T16:49:56Z,2026-08-09T18:49:56+0200,eeb12da0-7c50-4259-bd40-a1d833ebd7ef,2026-08-06T04:45:00Z,2026-08-06T06:45:00+0200,219.546666,MW,DK1,DK_1,forecast_solar_generation,Solar,2026-08-09T16:53:20Z
2026-08-09T16:49:56Z,2026-08-09T18:49:56+0200,eeb12da0-7c50-4259-bd40-a1d833ebd7ef,2026-08-06T05:00:00Z,2026-08-06T07:00:00+0200,305.985,MW,DK1,DK_1,forecast_solar_generation,Solar,2026-08-09T16:53:20Z
2026-08-09T16:49:56Z,2026-08-09T18:49:56+0200,eeb12da0-7c50-4259-bd40-a1d833ebd7ef,2026-08-06T05:15:00Z,2026-08-06T07:15:00+0200,403.191666,MW,DK1,DK_1,forecast_solar_generation,Solar,2026-08-09T16:53:20Z
2026-08-09T16:49:56Z,2026-08-09T18:49:56+0200,eeb12da0-7c50-4259-bd40-a1d833ebd7ef,2026-08-06T05:30:00Z,2026-08-06T07:30:00+0200,510.946666,MW,DK1,DK_1,forecast_solar_generation,Solar,2026-08-09T16:53:20Z
2026-08-09T16:49:56Z,2026-08-09T18:49:56+0200,eeb12da0-7c50-4259-bd40-a1d833ebd7ef,2026-08-06T05:45:00Z,2026-08-06T07:45:00+0200,621.046666,MW,DK1,DK_1,forecast_solar_generation,Solar,2026-08-09T16:53:20Z
2026-08-09T16:49:56Z,2026-08-09T18:49:56+0200,eeb12da0-7c50-4259-bd40-a1d833ebd7ef,2026-08-06T06:00:00Z,2026-08-06T08:00:00+0200,729.635,MW,DK1,DK_1,forecast_solar_generation,Solar,2026-08-09T16:53:20Z
2026-08-09T16:49:56Z,2026-08-09T18:49:56+0200,eeb12da0-7c50-4259-bd40-a1d833ebd7ef,2026-08-06T06:15:00Z,2026-08-06T08:15:00+0200,838.38,MW,DK1,DK_1,forecast_solar_generation,Solar,2026-08-09T16:53:20Z
2026-08-09T16:49:56Z,2026-08-09T18:49:56+0200,eeb12da0-7c50-4259-bd40-a1d833ebd7ef,2026-08-06T06:30:00Z,2026-08-06T08:30:00+0200,950.563333,MW,DK1,DK_1,forecast_solar_generation,Solar,2026-08-09T16:53:20Z
2026-08-09T16:49:56Z,2026-08-09T18:49:56+0200,eeb12da0-7c50-4259-bd40-a1d833ebd7ef,2026-08-06T06:45:00Z,2026-08-06T08:45:00+0200,1064.213333,MW,DK1,DK_1,forecast_solar_generation,Solar,2026-08-09T16:53:20Z
2026-08-09T16:49:56Z,2026-08-09T18:49:56+0200,eeb12da0-7c50-4259-bd40-a1d833ebd7ef,2026-08-06T07:00:00Z,2026-08-06T09:00:00+0200,1176.235,MW,DK1,DK_1,forecast_solar_generation,Solar,2026-08-09T16:53:20Z
2026-08-09T16:49:56Z,2026-08-09T18:49:56+0200,eeb12da0-7c50-4259-bd40-a1d833ebd7ef,2026-08-06T07:15:00Z,2026-08-06T09:15:00+0200,1283.14,MW,DK1,DK_1,forecast_solar_generation,Solar,2026-08-09T16:53:20Z
2026-08-09T16:49:56Z,2026-08-09T18:49:56+0200,eeb12da0-7c50-4259-bd40-a1d833ebd7ef,2026-08-06T07:30:00Z,2026-08-06T09:30:00+0200,1380.488333,MW,DK1,DK_1,forecast_solar_generation,Solar,2026-08-09T16:53:20Z
2026-08-09T16:49:56Z,2026-08-09T18:49:56+0200,eeb12da0-7c50-4259-bd40-a1d833ebd7ef,2026-08-06T07:45:00Z,2026-08-06T09:45:00+0200,1465.726666,MW,DK1,DK_1,forecast_solar_generation,Solar,2026-08-09T16:53:20Z
2026-08-09T16:49:56Z,2026-08-09T18:49:56+0200,eeb12da0-7c50-4259-bd40-a1d833ebd7ef,2026-08-06T08:00:00Z,2026-08-06T10:00:00+0200,1538.448333,MW,DK1,DK_1,forecast_solar_generation,Solar,2026-08-09T16:53:20Z
2026-08-09T16:49:56Z,2026-08-09T18:49:56+0200,eeb12da0-7c50-4259-bd40-a1d833ebd7ef,2026-08-06T08:15:00Z,2026-08-06T10:15:00+0200,1583.718333,MW,DK1,DK_1,forecast_solar_generation,Solar,2026-08-09T16:53:20Z
2026-08-09T16:49:56Z,2026-08-09T18:49:56+0200,eeb12da0-7c50-4259-bd40-a1d833ebd7ef,2026-08-06T08:30:00Z,2026-08-06T10:30:00+0200,1502.031666,MW,DK1,DK_1,forecast_solar_generation,Solar,2026-08-09T16:53:20Z
2026-08-09T16:49:56Z,2026-08-09T18:49:56+0200,eeb12da0-7c50-4259-bd40-a1d833ebd7ef,2026-08-06T08:45:00Z,2026-08-06T10:45:00+0200,1233.021666,MW,DK1,DK_1,forecast_solar_generation,Solar,2026-08-09T16:53:20Z
2026-08-09T16:49:56Z,2026-08-09T18:49:56+0200,eeb12da0-7c50-4259-bd40-a1d833ebd7ef,2026-08-06T09:00:00Z,2026-08-06T11:00:00+0200,1227.629999,MW,DK1,DK_1,forecast_solar_generation,Solar,2026-08-09T16:53:20Z
2026-08-09T16:49:56Z,2026-08-09T18:49:56+0200,eeb12da0-7c50-4259-bd40-a1d833ebd7ef,2026-08-06T09:15:00Z,2026-08-06T11:15:00+0200,1204.988333,MW,DK1,DK_1,forecast_solar_generation,Solar,2026-08-09T16:53:20Z
2026-08-09T16:49:56Z,2026-08-09T18:49:56+0200,eeb12da0-7c50-4259-bd40-a1d833ebd7ef,2026-08-06T09:30:00Z,2026-08-06T11:30:00+0200,1210.141666,MW,DK1,DK_1,forecast_solar_generation,Solar,2026-08-09T16:53:20Z
2026-08-09T16:49:56Z,2026-08-09T18:49:56+0200,eeb12da0-7c50-4259-bd40-a1d833ebd7ef,2026-08-06T09:45:00Z,2026-08-06T11:45:00+0200,1209.331666,MW,DK1,DK_1,forecast_solar_generation,Solar,2026-08-09T16:53:20Z
2026-08-09T16:49:56Z,2026-08-09T18:49:56+0200,eeb12da0-7c50-4259-bd40-a1d833ebd7ef,2026-08-06T10:00:00Z,2026-08-06T12:00:00+0200,1205.629999,MW,DK1,DK_1,forecast_solar_generation,Solar,2026-08-09T16:53:20Z
2026-08-09T16:49:56Z,2026-08-09T18:49:56+0200,eeb12da0-7c50-4259-bd40-a1d833ebd7ef,2026-08-06T10:15:00Z,2026-08-06T12:15:00+0200,1193.763333,MW,DK1,DK_1,forecast_solar_generation,Solar,2026-08-09T16:53:20Z
2026-08-09T16:49:56Z,2026-08-09T18:49:56+0200,eeb12da0-7c50-4259-bd40-a1d833ebd7ef,2026-08-06T10:30:00Z,2026-08-06T12:30:00+0200,1128.821666,MW,DK1,DK_1,forecast_solar_generation,Solar,2026-08-09T16:53:20Z
2026-08-09T16:49:56Z,2026-08-09T18:49:56+0200,eeb12da0-7c50-4259-bd40-a1d833ebd7ef,2026-08-06T10:45:00Z,2026-08-06T12:45:00+0200,1136.718333,MW,DK1,DK_1,forecast_solar_generation,Solar,2026-08-09T16:53:20Z
2026-08-09T16:49:56Z,2026-08-09T18:49:56+0200,eeb12da0-7c50-4259-bd40-a1d833ebd7ef,2026-08-06T11:00:00Z,2026-08-06T13:00:00+0200,1216.741666,MW,DK1,DK_1,forecast_solar_generation,Solar,2026-08-09T16:53:20Z
2026-08-09T16:49:56Z,2026-08-09T18:49:56+0200,eeb12da0-7c50-4259-bd40-a1d833ebd7ef,2026-08-06T11:15:00Z,2026-08-06T13:15:00+0200,1205.728333,MW,DK1,DK_1,forecast_solar_generation,Solar,2026-08-09T16:53:20Z
2026-08-09T16:49:56Z,2026-08-09T18:49:56+0200,eeb12da0-7c50-4259-bd40-a1d833ebd7ef,2026-08-06T11:30:00Z,2026-08-06T13:30:00+0200,1190.5,MW,DK1,DK_1,forecast_solar_generation,Solar,2026-08-09T16:53:20Z
2026-08-09T16:49:56Z,2026-08-09T18:49:56+0200,eeb12da0-7c50-4259-bd40-a1d833ebd7ef,2026-08-06T11:45:00Z,2026-08-06T13:45:00+0200,1163.603333,MW,DK1,DK_1,forecast_solar_generation,Solar,2026-08-09T16:53:20Z
2026-08-09T16:49:56Z,2026-08-09T18:49:56+0200,eeb12da0-7c50-4259-bd40-a1d833ebd7ef,2026-08-06T12:00:00Z,2026-08-06T14:00:00+0200,1132.47,MW,DK1,DK_1,forecast_solar_generation,Solar,2026-08-09T16:53:20Z
2026-08-09T16:49:56Z,2026-08-09T18:49:56+0200,eeb12da0-7c50-4259-bd40-a1d833ebd7ef,2026-08-06T12:15:00Z,2026-08-06T14:15:00+0200,1113.196666,MW,DK1,DK_1,forecast_solar_generation,Solar,2026-08-09T16:53:20Z
2026-08-09T16:49:56Z,2026-08-09T18:49:56+0200,eeb12da0-7c50-4259-bd40-a1d833ebd7ef,2026-08-06T12:30:00Z,2026-08-06T14:30:00+0200,1080.406666,MW,DK1,DK_1,forecast_solar_generation,Solar,2026-08-09T16:53:20Z
2026-08-09T16:49:56Z,2026-08-09T18:49:56+0200,eeb12da0-7c50-4259-bd40-a1d833ebd7ef,2026-08-06T12:45:00Z,2026-08-06T14:45:00+0200,1057.168333,MW,DK1,DK_1,forecast_solar_generation,Solar,2026-08-09T16:53:20Z
2026-08-09T16:49:56Z,2026-08-09T18:49:56+0200,eeb12da0-7c50-4259-bd40-a1d833ebd7ef,2026-08-06T13:00:00Z,2026-08-06T15:00:00+0200,944.561666,MW,DK1,DK_1,forecast_solar_generation,Solar,2026-08-09T16:53:20Z
2026-08-09T16:49:56Z,2026-08-09T18:49:56+0200,eeb12da0-7c50-4259-bd40-a1d833ebd7ef,2026-08-06T13:15:00Z,2026-08-06T15:15:00+0200,924.645,MW,DK1,DK_1,forecast_solar_generation,Solar,2026-08-09T16:53:20Z
2026-08-09T16:49:56Z,2026-08-09T18:49:56+0200,eeb12da0-7c50-4259-bd40-a1d833ebd7ef,2026-08-06T13:30:00Z,2026-08-06T15:30:00+0200,946.388333,MW,DK1,DK_1,forecast_solar_generation,Solar,2026-08-09T16:53:20Z
2026-08-09T16:49:56Z,2026-08-09T18:49:56+0200,eeb12da0-7c50-4259-bd40-a1d833ebd7ef,2026-08-06T13:45:00Z,2026-08-06T15:45:00+0200,835.361666,MW,DK1,DK_1,forecast_solar_generation,Solar,2026-08-09T16:53:20Z
2026-08-09T16:49:56Z,2026-08-09T18:49:56+0200,eeb12da0-7c50-4259-bd40-a1d833ebd7ef,2026-08-06T14:00:00Z,2026-08-06T16:00:00+0200,657.178333,MW,DK1,DK_1,forecast_solar_generation,Solar,2026-08-09T16:53:20Z
2026-08-09T16:49:56Z,2026-08-09T18:49:56+0200,eeb12da0-7c50-4259-bd40-a1d833ebd7ef,2026-08-06T14:15:00Z,2026-08-06T16:15:00+0200,658.39,MW,DK1,DK_1,forecast_solar_generation,Solar,2026-08-09T16:53:20Z
2026-08-09T16:49:56Z,2026-08-09T18:49:56+0200,eeb12da0-7c50-4259-bd40-a1d833ebd7ef,2026-08-06T14:30:00Z,2026-08-06T16:30:00+0200,764.411666,MW,DK1,DK_1,forecast_solar_generation,Solar,2026-08-09T16:53:20Z
2026-08-09T16:49:56Z,2026-08-09T18:49:56+0200,eeb12da0-7c50-4259-bd40-a1d833ebd7ef,2026-08-06T14:45:00Z,2026-08-06T16:45:00+0200,775.713333,MW,DK1,DK_1,forecast_solar_generation,Solar,2026-08-09T16:53:20Z
2026-08-09T16:49:56Z,2026-08-09T18:49:56+0200,eeb12da0-7c50-4259-bd40-a1d833ebd7ef,2026-08-06T15:00:00Z,2026-08-06T17:00:00+0200,867.348333,MW,DK1,DK_1,forecast_solar_generation,Solar,2026-08-09T16:53:20Z
2026-08-09T16:49:56Z,2026-08-09T18:49:56+0200,eeb12da0-7c50-4259-bd40-a1d833ebd7ef,2026-08-06T15:15:00Z,2026-08-06T17:15:00+0200,915.5,MW,DK1,DK_1,forecast_solar_generation,Solar,2026-08-09T16:53:20Z
2026-08-09T16:49:56Z,2026-08-09T18:49:56+0200,eeb12da0-7c50-4259-bd40-a1d833ebd7ef,2026-08-06T15:30:00Z,2026-08-06T17:30:00+0200,844.068333,MW,DK1,DK_1,forecast_solar_generation,Solar,2026-08-09T16:53:20Z
2026-08-09T16:49:56Z,2026-08-09T18:49:56+0200,eeb12da0-7c50-4259-bd40-a1d833ebd7ef,2026-08-06T15:45:00Z,2026-08-06T17:45:00+0200,772.055,MW,DK1,DK_1,forecast_solar_generation,Solar,2026-08-09T16:53:20Z
2026-08-09T16:49:56Z,2026-08-09T18:49:56+0200,eeb12da0-7c50-4259-bd40-a1d833ebd7ef,2026-08-06T16:00:00Z,2026-08-06T18:00:00+0200,705.296666,MW,DK1,DK_1,forecast_solar_generation,Solar,2026-08-09T16:53:20Z
2026-08-09T16:49:56Z,2026-08-09T18:49:56+0200,eeb12da0-7c50-4259-bd40-a1d833ebd7ef,2026-08-06T16:15:00Z,2026-08-06T18:15:00+0200,629.016666,MW,DK1,DK_1,forecast_solar_generation,Solar,2026-08-09T16:53:20Z
2026-08-09T16:49:56Z,2026-08-09T18:49:56+0200,eeb12da0-7c50-4259-bd40-a1d833ebd7ef,2026-08-06T16:30:00Z,2026-08-06T18:30:00+0200,549.883333,MW,DK1,DK_1,forecast_solar_generation,Solar,2026-08-09T16:53:20Z
2026-08-09T16:49:56Z,2026-08-09T18:49:56+0200,eeb12da0-7c50-4259-bd40-a1d833ebd7ef,2026-08-06T16:45:00Z,2026-08-06T18:45:00+0200,470.54,MW,DK1,DK_1,forecast_solar_generation,Solar,2026-08-09T16:53:20Z
2026-08-09T16:49:56Z,2026-08-09T18:49:56+0200,eeb12da0-7c50-4259-bd40-a1d833ebd7ef,2026-08-06T17:00:00Z,2026-08-06T19:00:00+0200,392.108333,MW,DK1,DK_1,forecast_solar_generation,Solar,2026-08-09T16:53:20Z
2026-08-09T16:49:56Z,2026-08-09T18:49:56+0200,eeb12da0-7c50-4259-bd40-a1d833ebd7ef,2026-08-06T17:15:00Z,2026-08-06T19:15:00+0200,315.77,MW,DK1,DK_1,forecast_solar_generation,Solar,2026-08-09T16:53:20Z
2026-08-09T16:49:56Z,2026-08-09T18:49:56+0200,eeb12da0-7c50-4259-bd40-a1d833ebd7ef,2026-08-06T17:30:00Z,2026-08-06T19:30:00+0200,243.82,MW,DK1,DK_1,forecast_solar_generation,Solar,2026-08-09T16:53:20Z
2026-08-09T16:49:56Z,2026-08-09T18:49:56+0200,eeb12da0-7c50-4259-bd40-a1d833ebd7ef,2026-08-06T17:45:00Z,2026-08-06T19:45:00+0200,179.564999,MW,DK1,DK_1,forecast_solar_generation,Solar,2026-08-09T16:53:20Z
2026-08-09T16:49:56Z,2026-08-09T18:49:56+0200,eeb12da0-7c50-4259-bd40-a1d833ebd7ef,2026-08-06T18:00:00Z,2026-08-06T20:00:00+0200,123.226666,MW,DK1,DK_1,forecast_solar_generation,Solar,2026-08-09T16:53:20Z
2026-08-09T16:49:56Z,2026-08-09T18:49:56+0200,eeb12da0-7c50-4259-bd40-a1d833ebd7ef,2026-08-06T18:15:00Z,2026-08-06T20:15:00+0200,74.26,MW,DK1,DK_1,forecast_solar_generation,Solar,2026-08-09T16:53:20Z
2026-08-09T16:49:56Z,2026-08-09T18:49:56+0200,eeb12da0-7c50-4259-bd40-a1d833ebd7ef,2026-08-06T18:30:00Z,2026-08-06T20:30:00+0200,34.768333,MW,DK1,DK_1,forecast_solar_generation,Solar,2026-08-09T16:53:20Z
2026-08-09T16:49:56Z,2026-08-09T18:49:56+0200,eeb12da0-7c50-4259-bd40-a1d833ebd7ef,2026-08-06T18:45:00Z,2026-08-06T20:45:00+0200,9.658333,MW,DK1,DK_1,forecast_solar_generation,Solar,2026-08-09T16:53:20Z
2026-08-09T16:49:56Z,2026-08-09T18:49:56+0200,eeb12da0-7c50-4259-bd40-a1d833ebd7ef,2026-08-06T19:00:00Z,2026-08-06T21:00:00+0200,1.131666,MW,DK1,DK_1,forecast_solar_generation,Solar,2026-08-09T16:53:20Z
2026-08-09T16:49:56Z,2026-08-09T18:49:56+0200,eeb12da0-7c50-4259-bd40-a1d833ebd7ef,2026-08-06T19:15:00Z,2026-08-06T21:15:00+0200,0.026666,MW,DK1,DK_1,forecast_solar_generation,Solar,2026-08-09T16:53:20Z
2026-08-09T16:49:56Z,2026-08-09T18:49:56+0200,eeb12da0-7c50-4259-bd40-a1d833ebd7ef,2026-08-06T19:30:00Z,2026-08-06T21:30:00+0200,0.0,MW,DK1,DK_1,forecast_solar_generation,Solar,2026-08-09T16:53:20Z
2026-08-09T16:49:56Z,2026-08-09T18:49:56+0200,eeb12da0-7c50-4259-bd40-a1d833ebd7ef,2026-08-06T19:45:00Z,2026-08-06T21:45:00+0200,0.0,MW,DK1,DK_1,forecast_solar_generation,Solar,2026-08-09T16:53:20Z
2026-08-09T16:49:56Z,2026-08-09T18:49:56+0200,eeb12da0-7c50-4259-bd40-a1d833ebd7ef,2026-08-06T20:00:00Z,2026-08-06T22:00:00+0200,0.0,MW,DK1,DK_1,forecast_solar_generation,Solar,2026-08-09T16:53:20Z
2026-08-09T16:49:56Z,2026-08-09T18:49:56+0200,eeb12da0-7c50-4259-bd40-a1d833ebd7ef,2026-08-06T20:15:00Z,2026-08-06T22:15:00+0200,0.0,MW,DK1,DK_1,forecast_solar_generation,Solar,2026-08-09T16:53:20Z
2026-08-09T16:49:56Z,2026-08-09T18:49:56+0200,eeb12da0-7c50-4259-bd40-a1d833ebd7ef,2026-08-06T20:30:00Z,2026-08-06T22:30:00+0200,0.0,MW,DK1,DK_1,forecast_solar_generation,Solar,2026-08-09T16:53:20Z
2026-08-09T16:49:56Z,2026-08-09T18:49:56+0200,eeb12da0-7c50-4259-bd40-a1d833ebd7ef,2026-08-06T20:45:00Z,2026-08-06T22:45:00+0200,0.0,MW,DK1,DK_1,forecast_solar_generation,Solar,2026-08-09T16:53:20Z
2026-08-09T16:49:56Z,2026-08-09T18:49:56+0200,eeb12da0-7c50-4259-bd40-a1d833ebd7ef,2026-08-06T21:00:00Z,2026-08-06T23:00:00+0200,0.0,MW,DK1,DK_1,forecast_solar_generation,Solar,2026-08-09T16:53:20Z
2026-08-09T16:49:56Z,2026-08-09T18:49:56+0200,eeb12da0-7c50-4259-bd40-a1d833ebd7ef,2026-08-06T21:15:00Z,2026-08-06T23:15:00+0200,0.0,MW,DK1,DK_1,forecast_solar_generation,Solar,2026-08-09T16:53:20Z
2026-08-09T16:49:56Z,2026-08-09T18:49:56+0200,eeb12da0-7c50-4259-bd40-a1d833ebd7ef,2026-08-06T21:30:00Z,2026-08-06T23:30:00+0200,0.0,MW,DK1,DK_1,forecast_solar_generation,Solar,2026-08-09T16:53:20Z
2026-08-09T16:49:56Z,2026-08-09T18:49:56+0200,eeb12da0-7c50-4259-bd40-a1d833ebd7ef,2026-08-06T21:45:00Z,2026-08-06T23:45:00+0200,0.0,MW,DK1,DK_1,forecast_solar_generation,Solar,2026-08-09T16:53:20Z
2026-08-09T16:49:56Z,2026-08-09T18:49:56+0200,eeb12da0-7c50-4259-bd40-a1d833ebd7ef,2026-08-06T22:00:00Z,2026-08-07T00:00:00+0200,0.0,MW,DK1,DK_1,forecast_solar_generation,Solar,2026-08-09T16:53:20Z
2026-08-09T16:49:56Z,2026-08-09T18:49:56+0200,eeb12da0-7c50-4259-bd40-a1d833ebd7ef,2026-08-06T22:15:00Z,2026-08-07T00:15:00+0200,0.0,MW,DK1,DK_1,forecast_solar_generation,Solar,2026-08-09T16:53:20Z
2026-08-09T16:49:56Z,2026-08-09T18:49:56+0200,eeb12da0-7c50-4259-bd40-a1d833ebd7ef,2026-08-06T22:30:00Z,2026-08-07T00:30:00+0200,0.0,MW,DK1,DK_1,forecast_solar_generation,Solar,2026-08-09T16:53:20Z
2026-08-09T16:49:56Z,2026-08-09T18:49:56+0200,eeb12da0-7c50-4259-bd40-a1d833ebd7ef,2026-08-06T22:45:00Z,2026-08-07T00:45:00+0200,0.0,MW,DK1,DK_1,forecast_solar_generation,Solar,2026-08-09T16:53:20Z
2026-08-09T16:49:56Z,2026-08-09T18:49:56+0200,eeb12da0-7c50-4259-bd40-a1d833ebd7ef,2026-08-06T23:00:00Z,2026-08-07T01:00:00+0200,0.0,MW,DK1,DK_1,forecast_solar_generation,Solar,2026-08-09T16:53:20Z
2026-08-09T16:49:56Z,2026-08-09T18:49:56+0200,eeb12da0-7c50-4259-bd40-a1d833ebd7ef,2026-08-06T23:15:00Z,2026-08-07T01:15:00+0200,0.0,MW,DK1,DK_1,forecast_solar_generation,Solar,2026-08-09T16:53:20Z
2026-08-09T16:49:56Z,2026-08-09T18:49:56+0200,eeb12da0-7c50-4259-bd40-a1d833ebd7ef,2026-08-06T23:30:00Z,2026-08-07T01:30:00+0200,0.0,MW,DK1,DK_1,forecast_solar_generation,Solar,2026-08-09T16:53:20Z
2026-08-09T16:49:56Z,2026-08-09T18:49:56+0200,eeb12da0-7c50-4259-bd40-a1d833ebd7ef,2026-08-06T23:45:00Z,2026-08-07T01:45:00+0200,0.0,MW,DK1,DK_1,forecast_solar_generation,Solar,2026-08-09T16:53:20Z
2026-08-09T16:49:56Z,2026-08-09T18:49:56+0200,eeb12da0-7c50-4259-bd40-a1d833ebd7ef,2026-08-07T00:00:00Z,2026-08-07T02:00:00+0200,0.0,MW,DK1,DK_1,forecast_solar_generation,Solar,2026-08-09T16:53:20Z
2026-08-09T16:49:56Z,2026-08-09T18:49:56+0200,eeb12da0-7c50-4259-bd40-a1d833ebd7ef,2026-08-07T00:15:00Z,2026-08-07T02:15:00+0200,0.0,MW,DK1,DK_1,forecast_solar_generation,Solar,2026-08-09T16:53:20Z
2026-08-09T16:49:56Z,2026-08-09T18:49:56+0200,eeb12da0-7c50-4259-bd40-a1d833ebd7ef,2026-08-07T00:30:00Z,2026-08-07T02:30:00+0200,0.0,MW,DK1,DK_1,forecast_solar_generation,Solar,2026-08-09T16:53:20Z
2026-08-09T16:49:56Z,2026-08-09T18:49:56+0200,eeb12da0-7c50-4259-bd40-a1d833ebd7ef,2026-08-07T00:45:00Z,2026-08-07T02:45:00+0200,0.0,MW,DK1,DK_1,forecast_solar_generation,Solar,2026-08-09T16:53:20Z
2026-08-09T16:49:56Z,2026-08-09T18:49:56+0200,eeb12da0-7c50-4259-bd40-a1d833ebd7ef,2026-08-07T01:00:00Z,2026-08-07T03:00:00+0200,0.0,MW,DK1,DK_1,forecast_solar_generation,Solar,2026-08-09T16:53:20Z
2026-08-09T16:49:56Z,2026-08-09T18:49:56+0200,eeb12da0-7c50-4259-bd40-a1d833ebd7ef,2026-08-07T01:15:00Z,2026-08-07T03:15:00+0200,0.0,MW,DK1,DK_1,forecast_solar_generation,Solar,2026-08-09T16:53:20Z
2026-08-09T16:49:56Z,2026-08-09T18:49:56+0200,eeb12da0-7c50-4259-bd40-a1d833ebd7ef,2026-08-07T01:30:00Z,2026-08-07T03:30:00+0200,0.0,MW,DK1,DK_1,forecast_solar_generation,Solar,2026-08-09T16:53:20Z
2026-08-09T16:49:56Z,2026-08-09T18:49:56+0200,eeb12da0-7c50-4259-bd40-a1d833ebd7ef,2026-08-07T01:45:00Z,2026-08-07T03:45:00+0200,0.0,MW,DK1,DK_1,forecast_solar_generation,Solar,2026-08-09T16:53:20Z
2026-08-09T16:49:56Z,2026-08-09T18:49:56+0200,eeb12da0-7c50-4259-bd40-a1d833ebd7ef,2026-08-07T02:00:00Z,2026-08-07T04:00:00+0200,0.0,MW,DK1,DK_1,forecast_solar_generation,Solar,2026-08-09T16:53:20Z
2026-08-09T16:49:56Z,2026-08-09T18:49:56+0200,eeb12da0-7c50-4259-bd40-a1d833ebd7ef,2026-08-07T02:15:00Z,2026-08-07T04:15:00+0200,0.0,MW,DK1,DK_1,forecast_solar_generation,Solar,2026-08-09T16:53:20Z
2026-08-09T16:49:56Z,2026-08-09T18:49:56+0200,eeb12da0-7c50-4259-bd40-a1d833ebd7ef,2026-08-07T02:30:00Z,2026-08-07T04:30:00+0200,0.0,MW,DK1,DK_1,forecast_solar_generation,Solar,2026-08-09T16:53:20Z
2026-08-09T16:49:56Z,2026-08-09T18:49:56+0200,eeb12da0-7c50-4259-bd40-a1d833ebd7ef,2026-08-07T02:45:00Z,2026-08-07T04:45:00+0200,0.0,MW,DK1,DK_1,forecast_solar_generation,Solar,2026-08-09T16:53:20Z
2026-08-09T16:49:56Z,2026-08-09T18:49:56+0200,eeb12da0-7c50-4259-bd40-a1d833ebd7ef,2026-08-07T03:00:00Z,2026-08-07T05:00:00+0200,0.0,MW,DK1,DK_1,forecast_solar_generation,Solar,2026-08-09T16:53:20Z
2026-08-09T16:49:56Z,2026-08-09T18:49:56+0200,eeb12da0-7c50-4259-bd40-a1d833ebd7ef,2026-08-07T03:15:00Z,2026-08-07T05:15:00+0200,0.0,MW,DK1,DK_1,forecast_solar_generation,Solar,2026-08-09T16:53:20Z
2026-08-09T16:49:56Z,2026-08-09T18:49:56+0200,eeb12da0-7c50-4259-bd40-a1d833ebd7ef,2026-08-07T03:30:00Z,2026-08-07T05:30:00+0200,0.116666,MW,DK1,DK_1,forecast_solar_generation,Solar,2026-08-09T16:53:20Z
2026-08-09T16:49:56Z,2026-08-09T18:49:56+0200,eeb12da0-7c50-4259-bd40-a1d833ebd7ef,2026-08-07T03:45:00Z,2026-08-07T05:45:00+0200,3.118333,MW,DK1,DK_1,forecast_solar_generation,Solar,2026-08-09T16:53:20Z
2026-08-09T16:49:56Z,2026-08-09T18:49:56+0200,eeb12da0-7c50-4259-bd40-a1d833ebd7ef,2026-08-07T04:00:00Z,2026-08-07T06:00:00+0200,21.043333,MW,DK1,DK_1,forecast_solar_generation,Solar,2026-08-09T16:53:20Z
2026-08-09T16:49:56Z,2026-08-09T18:49:56+0200,eeb12da0-7c50-4259-bd40-a1d833ebd7ef,2026-08-07T04:15:00Z,2026-08-07T06:15:00+0200,60.644999,MW,DK1,DK_1,forecast_solar_generation,Solar,2026-08-09T16:53:20Z
2026-08-09T16:49:56Z,2026-08-09T18:49:56+0200,eeb12da0-7c50-4259-bd40-a1d833ebd7ef,2026-08-07T04:30:00Z,2026-08-07T06:30:00+0200,115.811666,MW,DK1,DK_1,forecast_solar_generation,Solar,2026-08-09T16:53:20Z
2026-08-09T16:49:56Z,2026-08-09T18:49:56+0200,eeb12da0-7c50-4259-bd40-a1d833ebd7ef,2026-08-07T04:45:00Z,2026-08-07T06:45:00+0200,181.511666,MW,DK1,DK_1,forecast_solar_generation,Solar,2026-08-09T16:53:20Z
2026-08-09T16:49:56Z,2026-08-09T18:49:56+0200,eeb12da0-7c50-4259-bd40-a1d833ebd7ef,2026-08-07T05:00:00Z,2026-08-07T07:00:00+0200,256.416666,MW,DK1,DK_1,forecast_solar_generation,Solar,2026-08-09T16:53:20Z
2026-08-09T16:49:56Z,2026-08-09T18:49:56+0200,eeb12da0-7c50-4259-bd40-a1d833ebd7ef,2026-08-07T05:15:00Z,2026-08-07T07:15:00+0200,341.175,MW,DK1,DK_1,forecast_solar_generation,Solar,2026-08-09T16:53:20Z
2026-08-09T16:49:56Z,2026-08-09T18:49:56+0200,eeb12da0-7c50-4259-bd40-a1d833ebd7ef,2026-08-07T05:30:00Z,2026-08-07T07:30:00+0200,434.783333,MW,DK1,DK_1,forecast_solar_generation,Solar,2026-08-09T16:53:20Z
2026-08-09T16:49:56Z,2026-08-09T18:49:56+0200,eeb12da0-7c50-4259-bd40-a1d833ebd7ef,2026-08-07T05:45:00Z,2026-08-07T07:45:00+0200,534.556666,MW,DK1,DK_1,forecast_solar_generation,Solar,2026-08-09T16:53:20Z
2026-08-09T16:49:56Z,2026-08-09T18:49:56+0200,eeb12da0-7c50-4259-bd40-a1d833ebd7ef,2026-08-07T06:00:00Z,2026-08-07T08:00:00+0200,637.896666,MW,DK1,DK_1,forecast_solar_generation,Solar,2026-08-09T16:53:20Z
2026-08-09T16:49:56Z,2026-08-09T18:49:56+0200,eeb12da0-7c50-4259-bd40-a1d833ebd7ef,2026-08-07T06:15:00Z,2026-08-07T08:15:00+0200,742.493333,MW,DK1,DK_1,forecast_solar_generation,Solar,2026-08-09T16:53:20Z
2026-08-09T16:49:56Z,2026-08-09T18:49:56+0200,eeb12da0-7c50-4259-bd40-a1d833ebd7ef,2026-08-07T06:30:00Z,2026-08-07T08:30:00+0200,847.223333,MW,DK1,DK_1,forecast_solar_generation,Solar,2026-08-09T16:53:20Z
2026-08-09T16:49:56Z,2026-08-09T18:49:56+0200,eeb12da0-7c50-4259-bd40-a1d833ebd7ef,2026-08-07T06:45:00Z,2026-08-07T08:45:00+0200,955.186666,MW,DK1,DK_1,forecast_solar_generation,Solar,2026-08-09T16:53:20Z
2026-08-09T16:49:56Z,2026-08-09T18:49:56+0200,eeb12da0-7c50-4259-bd40-a1d833ebd7ef,2026-08-07T07:00:00Z,2026-08-07T09:00:00+0200,1064.871666,MW,DK1,DK_1,forecast_solar_generation,Solar,2026-08-09T16:53:20Z
2026-08-09T16:49:56Z,2026-08-09T18:49:56+0200,eeb12da0-7c50-4259-bd40-a1d833ebd7ef,2026-08-07T07:15:00Z,2026-08-07T09:15:00+0200,1171.701666,MW,DK1,DK_1,forecast_solar_generation,Solar,2026-08-09T16:53:20Z
2026-08-09T16:49:56Z,2026-08-09T18:49:56+0200,eeb12da0-7c50-4259-bd40-a1d833ebd7ef,2026-08-07T07:30:00Z,2026-08-07T09:30:00+0200,1271.641666,MW,DK1,DK_1,forecast_solar_generation,Solar,2026-08-09T16:53:20Z
2026-08-09T16:49:56Z,2026-08-09T18:49:56+0200,eeb12da0-7c50-4259-bd40-a1d833ebd7ef,2026-08-07T07:45:00Z,2026-08-07T09:45:00+0200,1367.286666,MW,DK1,DK_1,forecast_solar_generation,Solar,2026-08-09T16:53:20Z
2026-08-09T16:49:56Z,2026-08-09T18:49:56+0200,eeb12da0-7c50-4259-bd40-a1d833ebd7ef,2026-08-07T08:00:00Z,2026-08-07T10:00:00+0200,1458.098333,MW,DK1,DK_1,forecast_solar_generation,Solar,2026-08-09T16:53:20Z
2026-08-09T16:49:56Z,2026-08-09T18:49:56+0200,eeb12da0-7c50-4259-bd40-a1d833ebd7ef,2026-08-07T08:15:00Z,2026-08-07T10:15:00+0200,1540.151666,MW,DK1,DK_1,forecast_solar_generation,Solar,2026-08-09T16:53:20Z
2026-08-09T16:49:56Z,2026-08-09T18:49:56+0200,eeb12da0-7c50-4259-bd40-a1d833ebd7ef,2026-08-07T08:30:00Z,2026-08-07T10:30:00+0200,1613.326666,MW,DK1,DK_1,forecast_solar_generation,Solar,2026-08-09T16:53:20Z
2026-08-09T16:49:56Z,2026-08-09T18:49:56+0200,eeb12da0-7c50-4259-bd40-a1d833ebd7ef,2026-08-07T08:45:00Z,2026-08-07T10:45:00+0200,1683.716666,MW,DK1,DK_1,forecast_solar_generation,Solar,2026-08-09T16:53:20Z
2026-08-09T16:49:56Z,2026-08-09T18:49:56+0200,eeb12da0-7c50-4259-bd40-a1d833ebd7ef,2026-08-07T09:00:00Z,2026-08-07T11:00:00+0200,1749.51,MW,DK1,DK_1,forecast_solar_generation,Solar,2026-08-09T16:53:20Z
2026-08-09T16:49:56Z,2026-08-09T18:49:56+0200,eeb12da0-7c50-4259-bd40-a1d833ebd7ef,2026-08-07T09:15:00Z,2026-08-07T11:15:00+0200,1804.103333,MW,DK1,DK_1,forecast_solar_generation,Solar,2026-08-09T16:53:20Z
2026-08-09T16:49:56Z,2026-08-09T18:49:56+0200,eeb12da0-7c50-4259-bd40-a1d833ebd7ef,2026-08-07T09:30:00Z,2026-08-07T11:30:00+0200,1843.805,MW,DK1,DK_1,forecast_solar_generation,Solar,2026-08-09T16:53:20Z
2026-08-09T16:49:56Z,2026-08-09T18:49:56+0200,eeb12da0-7c50-4259-bd40-a1d833ebd7ef,2026-08-07T09:45:00Z,2026-08-07T11:45:00+0200,1879.111666,MW,DK1,DK_1,forecast_solar_generation,Solar,2026-08-09T16:53:20Z
2026-08-09T16:49:56Z,2026-08-09T18:49:56+0200,eeb12da0-7c50-4259-bd40-a1d833ebd7ef,2026-08-07T10:00:00Z,2026-08-07T12:00:00+0200,1911.393333,MW,DK1,DK_1,forecast_solar_generation,Solar,2026-08-09T16:53:20Z
2026-08-09T16:49:56Z,2026-08-09T18:49:56+0200,eeb12da0-7c50-4259-bd40-a1d833ebd7ef,2026-08-07T10:15:00Z,2026-08-07T12:15:00+0200,1937.655,MW,DK1,DK_1,forecast_solar_generation,Solar,2026-08-09T16:53:20Z
2026-08-09T16:49:56Z,2026-08-09T18:49:56+0200,eeb12da0-7c50-4259-bd40-a1d833ebd7ef,2026-08-07T10:30:00Z,2026-08-07T12:30:00+0200,1956.916666,MW,DK1,DK_1,forecast_solar_generation,Solar,2026-08-09T16:53:20Z
2026-08-09T16:49:56Z,2026-08-09T18:49:56+0200,eeb12da0-7c50-4259-bd40-a1d833ebd7ef,2026-08-07T10:45:00Z,2026-08-07T12:45:00+0200,1974.136666,MW,DK1,DK_1,forecast_solar_generation,Solar,2026-08-09T16:53:20Z
2026-08-09T16:49:56Z,2026-08-09T18:49:56+0200,eeb12da0-7c50-4259-bd40-a1d833ebd7ef,2026-08-07T11:00:00Z,2026-08-07T13:00:00+0200,1988.783333,MW,DK1,DK_1,forecast_solar_generation,Solar,2026-08-09T16:53:20Z
2026-08-09T16:49:56Z,2026-08-09T18:49:56+0200,eeb12da0-7c50-4259-bd40-a1d833ebd7ef,2026-08-07T11:15:00Z,2026-08-07T13:15:00+0200,1999.561666,MW,DK1,DK_1,forecast_solar_generation,Solar,2026-08-09T16:53:20Z
2026-08-09T16:49:56Z,2026-08-09T18:49:56+0200,eeb12da0-7c50-4259-bd40-a1d833ebd7ef,2026-08-07T11:30:00Z,2026-08-07T13:30:00+0200,2005.746666,MW,DK1,DK_1,forecast_solar_generation,Solar,2026-08-09T16:53:20Z
2026-08-09T16:49:56Z,2026-08-09T18:49:56+0200,eeb12da0-7c50-4259-bd40-a1d833ebd7ef,2026-08-07T11:45:00Z,2026-08-07T13:45:00+0200,2008.191666,MW,DK1,DK_1,forecast_solar_generation,Solar,2026-08-09T16:53:20Z
2026-08-09T16:49:56Z,2026-08-09T18:49:56+0200,eeb12da0-7c50-4259-bd40-a1d833ebd7ef,2026-08-07T12:00:00Z,2026-08-07T14:00:00+0200,2006.688333,MW,DK1,DK_1,forecast_solar_generation,Solar,2026-08-09T16:53:20Z
2026-08-09T16:49:56Z,2026-08-09T18:49:56+0200,eeb12da0-7c50-4259-bd40-a1d833ebd7ef,2026-08-07T12:15:00Z,2026-08-07T14:15:00+0200,2001.18,MW,DK1,DK_1,forecast_solar_generation,Solar,2026-08-09T16:53:20Z
2026-08-09T16:49:56Z,2026-08-09T18:49:56+0200,eeb12da0-7c50-4259-bd40-a1d833ebd7ef,2026-08-07T12:30:00Z,2026-08-07T14:30:00+0200,1991.913333,MW,DK1,DK_1,forecast_solar_generation,Solar,2026-08-09T16:53:20Z
2026-08-09T16:49:56Z,2026-08-09T18:49:56+0200,eeb12da0-7c50-4259-bd40-a1d833ebd7ef,2026-08-07T12:45:00Z,2026-08-07T14:45:00+0200,1979.293333,MW,DK1,DK_1,forecast_solar_generation,Solar,2026-08-09T16:53:20Z
2026-08-09T16:49:56Z,2026-08-09T18:49:56+0200,eeb12da0-7c50-4259-bd40-a1d833ebd7ef,2026-08-07T13:00:00Z,2026-08-07T15:00:00+0200,1962.526666,MW,DK1,DK_1,forecast_solar_generation,Solar,2026-08-09T16:53:20Z
2026-08-09T16:49:56Z,2026-08-09T18:49:56+0200,eeb12da0-7c50-4259-bd40-a1d833ebd7ef,2026-08-07T13:15:00Z,2026-08-07T15:15:00+0200,1938.58,MW,DK1,DK_1,forecast_solar_generation,Solar,2026-08-09T16:53:20Z
2026-08-09T16:49:56Z,2026-08-09T18:49:56+0200,eeb12da0-7c50-4259-bd40-a1d833ebd7ef,2026-08-07T13:30:00Z,2026-08-07T15:30:00+0200,1900.111666,MW,DK1,DK_1,forecast_solar_generation,Solar,2026-08-09T16:53:20Z
2026-08-09T16:49:56Z,2026-08-09T18:49:56+0200,eeb12da0-7c50-4259-bd40-a1d833ebd7ef,2026-08-07T13:45:00Z,2026-08-07T15:45:00+0200,1836.816666,MW,DK1,DK_1,forecast_solar_generation,Solar,2026-08-09T16:53:20Z
2026-08-09T16:49:56Z,2026-08-09T18:49:56+0200,eeb12da0-7c50-4259-bd40-a1d833ebd7ef,2026-08-07T14:00:00Z,2026-08-07T16:00:00+0200,1756.768333,MW,DK1,DK_1,forecast_solar_generation,Solar,2026-08-09T16:53:20Z
2026-08-09T16:49:56Z,2026-08-09T18:49:56+0200,eeb12da0-7c50-4259-bd40-a1d833ebd7ef,2026-08-07T14:15:00Z,2026-08-07T16:15:00+0200,1667.966666,MW,DK1,DK_1,forecast_solar_generation,Solar,2026-08-09T16:53:20Z
2026-08-09T16:49:56Z,2026-08-09T18:49:56+0200,eeb12da0-7c50-4259-bd40-a1d833ebd7ef,2026-08-07T14:30:00Z,2026-08-07T16:30:00+0200,1573.693333,MW,DK1,DK_1,forecast_solar_generation,Solar,2026-08-09T16:53:20Z
2026-08-09T16:49:56Z,2026-08-09T18:49:56+0200,eeb12da0-7c50-4259-bd40-a1d833ebd7ef,2026-08-07T14:45:00Z,2026-08-07T16:45:00+0200,1466.221666,MW,DK1,DK_1,forecast_solar_generation,Solar,2026-08-09T16:53:20Z
2026-08-09T16:49:56Z,2026-08-09T18:49:56+0200,eeb12da0-7c50-4259-bd40-a1d833ebd7ef,2026-08-07T15:00:00Z,2026-08-07T17:00:00+0200,1355.715,MW,DK1,DK_1,forecast_solar_generation,Solar,2026-08-09T16:53:20Z
2026-08-09T16:49:56Z,2026-08-09T18:49:56+0200,eeb12da0-7c50-4259-bd40-a1d833ebd7ef,2026-08-07T15:15:00Z,2026-08-07T17:15:00+0200,1240.525,MW,DK1,DK_1,forecast_solar_generation,Solar,2026-08-09T16:53:20Z
2026-08-09T16:49:56Z,2026-08-09T18:49:56+0200,eeb12da0-7c50-4259-bd40-a1d833ebd7ef,2026-08-07T15:30:00Z,2026-08-07T17:30:00+0200,1132.418333,MW,DK1,DK_1,forecast_solar_generation,Solar,2026-08-09T16:53:20Z
2026-08-09T16:49:56Z,2026-08-09T18:49:56+0200,eeb12da0-7c50-4259-bd40-a1d833ebd7ef,2026-08-07T15:45:00Z,2026-08-07T17:45:00+0200,1027.81,MW,DK1,DK_1,forecast_solar_generation,Solar,2026-08-09T16:53:20Z
2026-08-09T16:49:56Z,2026-08-09T18:49:56+0200,eeb12da0-7c50-4259-bd40-a1d833ebd7ef,2026-08-07T16:00:00Z,2026-08-07T18:00:00+0200,933.25,MW,DK1,DK_1,forecast_solar_generation,Solar,2026-08-09T16:53:20Z
2026-08-09T16:49:56Z,2026-08-09T18:49:56+0200,eeb12da0-7c50-4259-bd40-a1d833ebd7ef,2026-08-07T16:15:00Z,2026-08-07T18:15:00+0200,826.741666,MW,DK1,DK_1,forecast_solar_generation,Solar,2026-08-09T16:53:20Z
2026-08-09T16:49:56Z,2026-08-09T18:49:56+0200,eeb12da0-7c50-4259-bd40-a1d833ebd7ef,2026-08-07T16:30:00Z,2026-08-07T18:30:00+0200,719.65,MW,DK1,DK_1,forecast_solar_generation,Solar,2026-08-09T16:53:20Z
2026-08-09T16:49:56Z,2026-08-09T18:49:56+0200,eeb12da0-7c50-4259-bd40-a1d833ebd7ef,2026-08-07T16:45:00Z,2026-08-07T18:45:00+0200,616.115,MW,DK1,DK_1,forecast_solar_generation,Solar,2026-08-09T16:53:20Z
2026-08-09T16:49:56Z,2026-08-09T18:49:56+0200,eeb12da0-7c50-4259-bd40-a1d833ebd7ef,2026-08-07T17:00:00Z,2026-08-07T19:00:00+0200,515.193333,MW,DK1,DK_1,forecast_solar_generation,Solar,2026-08-09T16:53:20Z
2026-08-09T16:49:56Z,2026-08-09T18:49:56+0200,eeb12da0-7c50-4259-bd40-a1d833ebd7ef,2026-08-07T17:15:00Z,2026-08-07T19:15:00+0200,416.115,MW,DK1,DK_1,forecast_solar_generation,Solar,2026-08-09T16:53:20Z
2026-08-09T16:49:56Z,2026-08-09T18:49:56+0200,eeb12da0-7c50-4259-bd40-a1d833ebd7ef,2026-08-07T17:30:00Z,2026-08-07T19:30:00+0200,321.135,MW,DK1,DK_1,forecast_solar_generation,Solar,2026-08-09T16:53:20Z
2026-08-09T16:49:56Z,2026-08-09T18:49:56+0200,eeb12da0-7c50-4259-bd40-a1d833ebd7ef,2026-08-07T17:45:00Z,2026-08-07T19:45:00+0200,236.428333,MW,DK1,DK_1,forecast_solar_generation,Solar,2026-08-09T16:53:20Z
2026-08-09T16:49:56Z,2026-08-09T18:49:56+0200,eeb12da0-7c50-4259-bd40-a1d833ebd7ef,2026-08-07T18:00:00Z,2026-08-07T20:00:00+0200,162.126666,MW,DK1,DK_1,forecast_solar_generation,Solar,2026-08-09T16:53:20Z
2026-08-09T16:49:56Z,2026-08-09T18:49:56+0200,eeb12da0-7c50-4259-bd40-a1d833ebd7ef,2026-08-07T18:15:00Z,2026-08-07T20:15:00+0200,97.076666,MW,DK1,DK_1,forecast_solar_generation,Solar,2026-08-09T16:53:20Z
2026-08-09T16:49:56Z,2026-08-09T18:49:56+0200,eeb12da0-7c50-4259-bd40-a1d833ebd7ef,2026-08-07T18:30:00Z,2026-08-07T20:30:00+0200,44.191666,MW,DK1,DK_1,forecast_solar_generation,Solar,2026-08-09T16:53:20Z
2026-08-09T16:49:56Z,2026-08-09T18:49:56+0200,eeb12da0-7c50-4259-bd40-a1d833ebd7ef,2026-08-07T18:45:00Z,2026-08-07T20:45:00+0200,11.413333,MW,DK1,DK_1,forecast_solar_generation,Solar,2026-08-09T16:53:20Z
2026-08-09T16:49:56Z,2026-08-09T18:49:56+0200,eeb12da0-7c50-4259-bd40-a1d833ebd7ef,2026-08-07T19:00:00Z,2026-08-07T21:00:00+0200,1.075,MW,DK1,DK_1,forecast_solar_generation,Solar,2026-08-09T16:53:20Z
2026-08-09T16:49:56Z,2026-08-09T18:49:56+0200,eeb12da0-7c50-4259-bd40-a1d833ebd7ef,2026-08-07T19:15:00Z,2026-08-07T21:15:00+0200,0.015,MW,DK1,DK_1,forecast_solar_generation,Solar,2026-08-09T16:53:20Z
2026-08-09T16:49:56Z,2026-08-09T18:49:56+0200,eeb12da0-7c50-4259-bd40-a1d833ebd7ef,2026-08-07T19:30:00Z,2026-08-07T21:30:00+0200,0.0,MW,DK1,DK_1,forecast_solar_generation,Solar,2026-08-09T16:53:20Z
2026-08-09T16:49:56Z,2026-08-09T18:49:56+0200,eeb12da0-7c50-4259-bd40-a1d833ebd7ef,2026-08-07T19:45:00Z,2026-08-07T21:45:00+0200,0.0,MW,DK1,DK_1,forecast_solar_generation,Solar,2026-08-09T16:53:20Z
2026-08-09T16:49:56Z,2026-08-09T18:49:56+0200,eeb12da0-7c50-4259-bd40-a1d833ebd7ef,2026-08-07T20:00:00Z,2026-08-07T22:00:00+0200,0.0,MW,DK1,DK_1,forecast_solar_generation,Solar,2026-08-09T16:53:20Z
2026-08-09T16:49:56Z,2026-08-09T18:49:56+0200,eeb12da0-7c50-4259-bd40-a1d833ebd7ef,2026-08-07T20:15:00Z,2026-08-07T22:15:00+0200,0.0,MW,DK1,DK_1,forecast_solar_generation,Solar,2026-08-09T16:53:20Z
2026-08-09T16:49:56Z,2026-08-09T18:49:56+0200,eeb12da0-7c50-4259-bd40-a1d833ebd7ef,2026-08-07T20:30:00Z,2026-08-07T22:30:00+0200,0.0,MW,DK1,DK_1,forecast_solar_generation,Solar,2026-08-09T16:53:20Z
2026-08-09T16:49:56Z,2026-08-09T18:49:56+0200,eeb12da0-7c50-4259-bd40-a1d833ebd7ef,2026-08-07T20:45:00Z,2026-08-07T22:45:00+0200,0.0,MW,DK1,DK_1,forecast_solar_generation,Solar,2026-08-09T16:53:20Z
2026-08-09T16:49:56Z,2026-08-09T18:49:56+0200,eeb12da0-7c50-4259-bd40-a1d833ebd7ef,2026-08-07T21:00:00Z,2026-08-07T23:00:00+0200,0.0,MW,DK1,DK_1,forecast_solar_generation,Solar,2026-08-09T16:53:20Z
2026-08-09T16:49:56Z,2026-08-09T18:49:56+0200,eeb12da0-7c50-4259-bd40-a1d833ebd7ef,2026-08-07T21:15:00Z,2026-08-07T23:15:00+0200,0.0,MW,DK1,DK_1,forecast_solar_generation,Solar,2026-08-09T16:53:20Z
2026-08-09T16:49:56Z,2026-08-09T18:49:56+0200,eeb12da0-7c50-4259-bd40-a1d833ebd7ef,2026-08-07T21:30:00Z,2026-08-07T23:30:00+0200,0.0,MW,DK1,DK_1,forecast_solar_generation,Solar,2026-08-09T16:53:20Z
2026-08-09T16:49:56Z,2026-08-09T18:49:56+0200,eeb12da0-7c50-4259-bd40-a1d833ebd7ef,2026-08-07T21:45:00Z,2026-08-07T23:45:00+0200,0.0,MW,DK1,DK_1,forecast_solar_generation,Solar,2026-08-09T16:53:20Z
2026-08-09T16:49:56Z,2026-08-09T18:49:56+0200,eeb12da0-7c50-4259-bd40-a1d833ebd7ef,2026-08-07T22:00:00Z,2026-08-08T00:00:00+0200,0.0,MW,DK1,DK_1,forecast_solar_generation,Solar,2026-08-09T16:53:20Z
2026-08-09T16:49:56Z,2026-08-09T18:49:56+0200,eeb12da0-7c50-4259-bd40-a1d833ebd7ef,2026-08-07T22:15:00Z,2026-08-08T00:15:00+0200,0.0,MW,DK1,DK_1,forecast_solar_generation,Solar,2026-08-09T16:53:20Z
2026-08-09T16:49:56Z,2026-08-09T18:49:56+0200,eeb12da0-7c50-4259-bd40-a1d833ebd7ef,2026-08-07T22:30:00Z,2026-08-08T00:30:00+0200,0.0,MW,DK1,DK_1,forecast_solar_generation,Solar,2026-08-09T16:53:20Z
2026-08-09T16:49:56Z,2026-08-09T18:49:56+0200,eeb12da0-7c50-4259-bd40-a1d833ebd7ef,2026-08-07T22:45:00Z,2026-08-08T00:45:00+0200,0.0,MW,DK1,DK_1,forecast_solar_generation,Solar,2026-08-09T16:53:20Z
2026-08-09T16:49:56Z,2026-08-09T18:49:56+0200,eeb12da0-7c50-4259-bd40-a1d833ebd7ef,2026-08-07T23:00:00Z,2026-08-08T01:00:00+0200,0.0,MW,DK1,DK_1,forecast_solar_generation,Solar,2026-08-09T16:53:20Z
2026-08-09T16:49:56Z,2026-08-09T18:49:56+0200,eeb12da0-7c50-4259-bd40-a1d833ebd7ef,2026-08-07T23:15:00Z,2026-08-08T01:15:00+0200,0.0,MW,DK1,DK_1,forecast_solar_generation,Solar,2026-08-09T16:53:20Z
2026-08-09T16:49:56Z,2026-08-09T18:49:56+0200,eeb12da0-7c50-4259-bd40-a1d833ebd7ef,2026-08-07T23:30:00Z,2026-08-08T01:30:00+0200,0.0,MW,DK1,DK_1,forecast_solar_generation,Solar,2026-08-09T16:53:20Z
2026-08-09T16:49:56Z,2026-08-09T18:49:56+0200,eeb12da0-7c50-4259-bd40-a1d833ebd7ef,2026-08-07T23:45:00Z,2026-08-08T01:45:00+0200,0.0,MW,DK1,DK_1,forecast_solar_generation,Solar,2026-08-09T16:53:20Z
2026-08-09T16:49:56Z,2026-08-09T18:49:56+0200,eeb12da0-7c50-4259-bd40-a1d833ebd7ef,2026-08-08T00:00:00Z,2026-08-08T02:00:00+0200,0.0,MW,DK1,DK_1,forecast_solar_generation,Solar,2026-08-09T16:53:20Z
2026-08-09T16:49:56Z,2026-08-09T18:49:56+0200,eeb12da0-7c50-4259-bd40-a1d833ebd7ef,2026-08-08T00:15:00Z,2026-08-08T02:15:00+0200,0.0,MW,DK1,DK_1,forecast_solar_generation,Solar,2026-08-09T16:53:20Z
2026-08-09T16:49:56Z,2026-08-09T18:49:56+0200,eeb12da0-7c50-4259-bd40-a1d833ebd7ef,2026-08-08T00:30:00Z,2026-08-08T02:30:00+0200,0.0,MW,DK1,DK_1,forecast_solar_generation,Solar,2026-08-09T16:53:20Z
2026-08-09T16:49:56Z,2026-08-09T18:49:56+0200,eeb12da0-7c50-4259-bd40-a1d833ebd7ef,2026-08-08T00:45:00Z,2026-08-08T02:45:00+0200,0.0,MW,DK1,DK_1,forecast_solar_generation,Solar,2026-08-09T16:53:20Z
2026-08-09T16:49:56Z,2026-08-09T18:49:56+0200,eeb12da0-7c50-4259-bd40-a1d833ebd7ef,2026-08-08T01:00:00Z,2026-08-08T03:00:00+0200,0.0,MW,DK1,DK_1,forecast_solar_generation,Solar,2026-08-09T16:53:20Z
2026-08-09T16:49:56Z,2026-08-09T18:49:56+0200,eeb12da0-7c50-4259-bd40-a1d833ebd7ef,2026-08-08T01:15:00Z,2026-08-08T03:15:00+0200,0.0,MW,DK1,DK_1,forecast_solar_generation,Solar,2026-08-09T16:53:20Z
2026-08-09T16:49:56Z,2026-08-09T18:49:56+0200,eeb12da0-7c50-4259-bd40-a1d833ebd7ef,2026-08-08T01:30:00Z,2026-08-08T03:30:00+0200,0.0,MW,DK1,DK_1,forecast_solar_generation,Solar,2026-08-09T16:53:20Z
2026-08-09T16:49:56Z,2026-08-09T18:49:56+0200,eeb12da0-7c50-4259-bd40-a1d833ebd7ef,2026-08-08T01:45:00Z,2026-08-08T03:45:00+0200,0.0,MW,DK1,DK_1,forecast_solar_generation,Solar,2026-08-09T16:53:20Z
2026-08-09T16:49:56Z,2026-08-09T18:49:56+0200,eeb12da0-7c50-4259-bd40-a1d833ebd7ef,2026-08-08T02:00:00Z,2026-08-08T04:00:00+0200,0.0,MW,DK1,DK_1,forecast_solar_generation,Solar,2026-08-09T16:53:20Z
2026-08-09T16:49:56Z,2026-08-09T18:49:56+0200,eeb12da0-7c50-4259-bd40-a1d833ebd7ef,2026-08-08T02:15:00Z,2026-08-08T04:15:00+0200,0.0,MW,DK1,DK_1,forecast_solar_generation,Solar,2026-08-09T16:53:20Z
2026-08-09T16:49:56Z,2026-08-09T18:49:56+0200,eeb12da0-7c50-4259-bd40-a1d833ebd7ef,2026-08-08T02:30:00Z,2026-08-08T04:30:00+0200,0.0,MW,DK1,DK_1,forecast_solar_generation,Solar,2026-08-09T16:53:20Z
2026-08-09T16:49:56Z,2026-08-09T18:49:56+0200,eeb12da0-7c50-4259-bd40-a1d833ebd7ef,2026-08-08T02:45:00Z,2026-08-08T04:45:00+0200,0.0,MW,DK1,DK_1,forecast_solar_generation,Solar,2026-08-09T16:53:20Z
2026-08-09T16:49:56Z,2026-08-09T18:49:56+0200,eeb12da0-7c50-4259-bd40-a1d833ebd7ef,2026-08-08T03:00:00Z,2026-08-08T05:00:00+0200,0.0,MW,DK1,DK_1,forecast_solar_generation,Solar,2026-08-09T16:53:20Z
2026-08-09T16:49:56Z,2026-08-09T18:49:56+0200,eeb12da0-7c50-4259-bd40-a1d833ebd7ef,2026-08-08T03:15:00Z,2026-08-08T05:15:00+0200,0.0,MW,DK1,DK_1,forecast_solar_generation,Solar,2026-08-09T16:53:20Z
2026-08-09T16:49:56Z,2026-08-09T18:49:56+0200,eeb12da0-7c50-4259-bd40-a1d833ebd7ef,2026-08-08T03:30:00Z,2026-08-08T05:30:00+0200,0.06,MW,DK1,DK_1,forecast_solar_generation,Solar,2026-08-09T16:53:20Z
2026-08-09T16:49:56Z,2026-08-09T18:49:56+0200,eeb12da0-7c50-4259-bd40-a1d833ebd7ef,2026-08-08T03:45:00Z,2026-08-08T05:45:00+0200,2.23,MW,DK1,DK_1,forecast_solar_generation,Solar,2026-08-09T16:53:20Z
2026-08-09T16:49:56Z,2026-08-09T18:49:56+0200,eeb12da0-7c50-4259-bd40-a1d833ebd7ef,2026-08-08T04:00:00Z,2026-08-08T06:00:00+0200,18.761666,MW,DK1,DK_1,forecast_solar_generation,Solar,2026-08-09T16:53:20Z
2026-08-09T16:49:56Z,2026-08-09T18:49:56+0200,eeb12da0-7c50-4259-bd40-a1d833ebd7ef,2026-08-08T04:15:00Z,2026-08-08T06:15:00+0200,60.61,MW,DK1,DK_1,forecast_solar_generation,Solar,2026-08-09T16:53:20Z
2026-08-09T16:49:56Z,2026-08-09T18:49:56+0200,eeb12da0-7c50-4259-bd40-a1d833ebd7ef,2026-08-08T04:30:00Z,2026-08-08T06:30:00+0200,121.685,MW,DK1,DK_1,forecast_solar_generation,Solar,2026-08-09T16:53:20Z
2026-08-09T16:49:56Z,2026-08-09T18:49:56+0200,eeb12da0-7c50-4259-bd40-a1d833ebd7ef,2026-08-08T04:45:00Z,2026-08-08T06:45:00+0200,198.585,MW,DK1,DK_1,forecast_solar_generation,Solar,2026-08-09T16:53:20Z
2026-08-09T16:49:56Z,2026-08-09T18:49:56+0200,eeb12da0-7c50-4259-bd40-a1d833ebd7ef,2026-08-08T05:00:00Z,2026-08-08T07:00:00+0200,290.928333,MW,DK1,DK_1,forecast_solar_generation,Solar,2026-08-09T16:53:20Z
2026-08-09T16:49:56Z,2026-08-09T18:49:56+0200,eeb12da0-7c50-4259-bd40-a1d833ebd7ef,2026-08-08T05:15:00Z,2026-08-08T07:15:00+0200,398.41,MW,DK1,DK_1,forecast_solar_generation,Solar,2026-08-09T16:53:20Z
2026-08-09T16:49:56Z,2026-08-09T18:49:56+0200,eeb12da0-7c50-4259-bd40-a1d833ebd7ef,2026-08-08T05:30:00Z,2026-08-08T07:30:00+0200,517.218333,MW,DK1,DK_1,forecast_solar_generation,Solar,2026-08-09T16:53:20Z
2026-08-09T16:49:56Z,2026-08-09T18:49:56+0200,eeb12da0-7c50-4259-bd40-a1d833ebd7ef,2026-08-08T05:45:00Z,2026-08-08T07:45:00+0200,647.098333,MW,DK1,DK_1,forecast_solar_generation,Solar,2026-08-09T16:53:20Z
2026-08-09T16:49:56Z,2026-08-09T18:49:56+0200,eeb12da0-7c50-4259-bd40-a1d833ebd7ef,2026-08-08T06:00:00Z,2026-08-08T08:00:00+0200,785.29,MW,DK1,DK_1,forecast_solar_generation,Solar,2026-08-09T16:53:20Z
2026-08-09T16:49:56Z,2026-08-09T18:49:56+0200,eeb12da0-7c50-4259-bd40-a1d833ebd7ef,2026-08-08T06:15:00Z,2026-08-08T08:15:00+0200,925.92,MW,DK1,DK_1,forecast_solar_generation,Solar,2026-08-09T16:53:20Z
2026-08-09T16:49:56Z,2026-08-09T18:49:56+0200,eeb12da0-7c50-4259-bd40-a1d833ebd7ef,2026-08-08T06:30:00Z,2026-08-08T08:30:00+0200,1062.088333,MW,DK1,DK_1,forecast_solar_generation,Solar,2026-08-09T16:53:20Z
2026-08-09T16:49:56Z,2026-08-09T18:49:56+0200,eeb12da0-7c50-4259-bd40-a1d833ebd7ef,2026-08-08T06:45:00Z,2026-08-08T08:45:00+0200,1193.771666,MW,DK1,DK_1,forecast_solar_generation,Solar,2026-08-09T16:53:20Z
2026-08-09T16:49:56Z,2026-08-09T18:49:56+0200,eeb12da0-7c50-4259-bd40-a1d833ebd7ef,2026-08-08T07:00:00Z,2026-08-08T09:00:00+0200,1321.104999,MW,DK1,DK_1,forecast_solar_generation,Solar,2026-08-09T16:53:20Z
2026-08-09T16:49:56Z,2026-08-09T18:49:56+0200,eeb12da0-7c50-4259-bd40-a1d833ebd7ef,2026-08-08T07:15:00Z,2026-08-08T09:15:00+0200,1443.325,MW,DK1,DK_1,forecast_solar_generation,Solar,2026-08-09T16:53:20Z
2026-08-09T16:49:56Z,2026-08-09T18:49:56+0200,eeb12da0-7c50-4259-bd40-a1d833ebd7ef,2026-08-08T07:30:00Z,2026-08-08T09:30:00+0200,1557.831666,MW,DK1,DK_1,forecast_solar_generation,Solar,2026-08-09T16:53:20Z
2026-08-09T16:49:56Z,2026-08-09T18:49:56+0200,eeb12da0-7c50-4259-bd40-a1d833ebd7ef,2026-08-08T07:45:00Z,2026-08-08T09:45:00+0200,1654.75,MW,DK1,DK_1,forecast_solar_generation,Solar,2026-08-09T16:53:20Z
2026-08-09T16:49:56Z,2026-08-09T18:49:56+0200,eeb12da0-7c50-4259-bd40-a1d833ebd7ef,2026-08-08T08:00:00Z,2026-08-08T10:00:00+0200,1698.354999,MW,DK1,DK_1,forecast_solar_generation,Solar,2026-08-09T16:53:20Z
2026-08-09T16:49:56Z,2026-08-09T18:49:56+0200,eeb12da0-7c50-4259-bd40-a1d833ebd7ef,2026-08-08T08:15:00Z,2026-08-08T10:15:00+0200,1614.906666,MW,DK1,DK_1,forecast_solar_generation,Solar,2026-08-09T16:53:20Z
2026-08-09T16:49:56Z,2026-08-09T18:49:56+0200,eeb12da0-7c50-4259-bd40-a1d833ebd7ef,2026-08-08T08:30:00Z,2026-08-08T10:30:00+0200,1494.265,MW,DK1,DK_1,forecast_solar_generation,Solar,2026-08-09T16:53:20Z
2026-08-09T16:49:56Z,2026-08-09T18:49:56+0200,eeb12da0-7c50-4259-bd40-a1d833ebd7ef,2026-08-08T08:45:00Z,2026-08-08T10:45:00+0200,1536.07,MW,DK1,DK_1,forecast_solar_generation,Solar,2026-08-09T16:53:20Z
2026-08-09T16:49:56Z,2026-08-09T18:49:56+0200,eeb12da0-7c50-4259-bd40-a1d833ebd7ef,2026-08-08T09:00:00Z,2026-08-08T11:00:00+0200,1622.161666,MW,DK1,DK_1,forecast_solar_generation,Solar,2026-08-09T16:53:20Z
2026-08-09T16:49:56Z,2026-08-09T18:49:56+0200,eeb12da0-7c50-4259-bd40-a1d833ebd7ef,2026-08-08T09:15:00Z,2026-08-08T11:15:00+0200,1641.819999,MW,DK1,DK_1,forecast_solar_generation,Solar,2026-08-09T16:53:20Z
2026-08-09T16:49:56Z,2026-08-09T18:49:56+0200,eeb12da0-7c50-4259-bd40-a1d833ebd7ef,2026-08-08T09:30:00Z,2026-08-08T11:30:00+0200,1650.466666,MW,DK1,DK_1,forecast_solar_generation,Solar,2026-08-09T16:53:20Z
2026-08-09T16:49:56Z,2026-08-09T18:49:56+0200,eeb12da0-7c50-4259-bd40-a1d833ebd7ef,2026-08-08T09:45:00Z,2026-08-08T11:45:00+0200,1636.633333,MW,DK1,DK_1,forecast_solar_generation,Solar,2026-08-09T16:53:20Z
2026-08-09T16:49:56Z,2026-08-09T18:49:56+0200,eeb12da0-7c50-4259-bd40-a1d833ebd7ef,2026-08-08T10:00:00Z,2026-08-08T12:00:00+0200,1662.438333,MW,DK1,DK_1,forecast_solar_generation,Solar,2026-08-09T16:53:20Z
2026-08-09T16:49:56Z,2026-08-09T18:49:56+0200,eeb12da0-7c50-4259-bd40-a1d833ebd7ef,2026-08-08T10:15:00Z,2026-08-08T12:15:00+0200,1616.041666,MW,DK1,DK_1,forecast_solar_generation,Solar,2026-08-09T16:53:20Z
2026-08-09T16:49:56Z,2026-08-09T18:49:56+0200,eeb12da0-7c50-4259-bd40-a1d833ebd7ef,2026-08-08T10:30:00Z,2026-08-08T12:30:00+0200,1608.805,MW,DK1,DK_1,forecast_solar_generation,Solar,2026-08-09T16:53:20Z
2026-08-09T16:49:56Z,2026-08-09T18:49:56+0200,eeb12da0-7c50-4259-bd40-a1d833ebd7ef,2026-08-08T10:45:00Z,2026-08-08T12:45:00+0200,1515.956666,MW,DK1,DK_1,forecast_solar_generation,Solar,2026-08-09T16:53:20Z
2026-08-09T16:49:56Z,2026-08-09T18:49:56+0200,eeb12da0-7c50-4259-bd40-a1d833ebd7ef,2026-08-08T11:00:00Z,2026-08-08T13:00:00+0200,1539.781666,MW,DK1,DK_1,forecast_solar_generation,Solar,2026-08-09T16:53:20Z
2026-08-09T16:49:56Z,2026-08-09T18:49:56+0200,eeb12da0-7c50-4259-bd40-a1d833ebd7ef,2026-08-08T11:15:00Z,2026-08-08T13:15:00+0200,1530.905,MW,DK1,DK_1,forecast_solar_generation,Solar,2026-08-09T16:53:20Z
2026-08-09T16:49:56Z,2026-08-09T18:49:56+0200,eeb12da0-7c50-4259-bd40-a1d833ebd7ef,2026-08-08T11:30:00Z,2026-08-08T13:30:00+0200,1534.37,MW,DK1,DK_1,forecast_solar_generation,Solar,2026-08-09T16:53:20Z
2026-08-09T16:49:56Z,2026-08-09T18:49:56+0200,eeb12da0-7c50-4259-bd40-a1d833ebd7ef,2026-08-08T11:45:00Z,2026-08-08T13:45:00+0200,1555.93,MW,DK1,DK_1,forecast_solar_generation,Solar,2026-08-09T16:53:20Z
2026-08-09T16:49:56Z,2026-08-09T18:49:56+0200,eeb12da0-7c50-4259-bd40-a1d833ebd7ef,2026-08-08T12:00:00Z,2026-08-08T14:00:00+0200,1669.245,MW,DK1,DK_1,forecast_solar_generation,Solar,2026-08-09T16:53:20Z
2026-08-09T16:49:56Z,2026-08-09T18:49:56+0200,eeb12da0-7c50-4259-bd40-a1d833ebd7ef,2026-08-08T12:15:00Z,2026-08-08T14:15:00+0200,1669.075,MW,DK1,DK_1,forecast_solar_generation,Solar,2026-08-09T16:53:20Z
2026-08-09T16:49:56Z,2026-08-09T18:49:56+0200,eeb12da0-7c50-4259-bd40-a1d833ebd7ef,2026-08-08T12:30:00Z,2026-08-08T14:30:00+0200,1657.238333,MW,DK1,DK_1,forecast_solar_generation,Solar,2026-08-09T16:53:20Z
2026-08-09T16:49:56Z,2026-08-09T18:49:56+0200,eeb12da0-7c50-4259-bd40-a1d833ebd7ef,2026-08-08T12:45:00Z,2026-08-08T14:45:00+0200,1633.256666,MW,DK1,DK_1,forecast_solar_generation,Solar,2026-08-09T16:53:20Z
2026-08-09T16:49:56Z,2026-08-09T18:49:56+0200,eeb12da0-7c50-4259-bd40-a1d833ebd7ef,2026-08-08T13:00:00Z,2026-08-08T15:00:00+0200,1586.218333,MW,DK1,DK_1,forecast_solar_generation,Solar,2026-08-09T16:53:20Z
2026-08-09T16:49:56Z,2026-08-09T18:49:56+0200,eeb12da0-7c50-4259-bd40-a1d833ebd7ef,2026-08-08T13:15:00Z,2026-08-08T15:15:00+0200,1598.093333,MW,DK1,DK_1,forecast_solar_generation,Solar,2026-08-09T16:53:20Z
2026-08-09T16:49:56Z,2026-08-09T18:49:56+0200,eeb12da0-7c50-4259-bd40-a1d833ebd7ef,2026-08-08T13:30:00Z,2026-08-08T15:30:00+0200,1569.758333,MW,DK1,DK_1,forecast_solar_generation,Solar,2026-08-09T16:53:20Z
2026-08-09T16:49:56Z,2026-08-09T18:49:56+0200,eeb12da0-7c50-4259-bd40-a1d833ebd7ef,2026-08-08T13:45:00Z,2026-08-08T15:45:00+0200,1481.659999,MW,DK1,DK_1,forecast_solar_generation,Solar,2026-08-09T16:53:20Z
2026-08-09T16:49:56Z,2026-08-09T18:49:56+0200,eeb12da0-7c50-4259-bd40-a1d833ebd7ef,2026-08-08T14:00:00Z,2026-08-08T16:00:00+0200,1149.776666,MW,DK1,DK_1,forecast_solar_generation,Solar,2026-08-09T16:53:20Z
2026-08-09T16:49:56Z,2026-08-09T18:49:56+0200,eeb12da0-7c50-4259-bd40-a1d833ebd7ef,2026-08-08T14:15:00Z,2026-08-08T16:15:00+0200,1189.226666,MW,DK1,DK_1,forecast_solar_generation,Solar,2026-08-09T16:53:20Z
2026-08-09T16:49:56Z,2026-08-09T18:49:56+0200,eeb12da0-7c50-4259-bd40-a1d833ebd7ef,2026-08-08T14:30:00Z,2026-08-08T16:30:00+0200,1586.89,MW,DK1,DK_1,forecast_solar_generation,Solar,2026-08-09T16:53:20Z
2026-08-09T16:49:56Z,2026-08-09T18:49:56+0200,eeb12da0-7c50-4259-bd40-a1d833ebd7ef,2026-08-08T14:45:00Z,2026-08-08T16:45:00+0200,1574.108333,MW,DK1,DK_1,forecast_solar_generation,Solar,2026-08-09T16:53:20Z
2026-08-09T16:49:56Z,2026-08-09T18:49:56+0200,eeb12da0-7c50-4259-bd40-a1d833ebd7ef,2026-08-08T15:00:00Z,2026-08-08T17:00:00+0200,1479.048333,MW,DK1,DK_1,forecast_solar_generation,Solar,2026-08-09T16:53:20Z
2026-08-09T16:49:56Z,2026-08-09T18:49:56+0200,eeb12da0-7c50-4259-bd40-a1d833ebd7ef,2026-08-08T15:15:00Z,2026-08-08T17:15:00+0200,1476.871666,MW,DK1,DK_1,forecast_solar_generation,Solar,2026-08-09T16:53:20Z
2026-08-09T16:49:56Z,2026-08-09T18:49:56+0200,eeb12da0-7c50-4259-bd40-a1d833ebd7ef,2026-08-08T15:30:00Z,2026-08-08T17:30:00+0200,1368.945,MW,DK1,DK_1,forecast_solar_generation,Solar,2026-08-09T16:53:20Z
2026-08-09T16:49:56Z,2026-08-09T18:49:56+0200,eeb12da0-7c50-4259-bd40-a1d833ebd7ef,2026-08-08T15:45:00Z,2026-08-08T17:45:00+0200,1253.795,MW,DK1,DK_1,forecast_solar_generation,Solar,2026-08-09T16:53:20Z
2026-08-09T16:49:56Z,2026-08-09T18:49:56+0200,eeb12da0-7c50-4259-bd40-a1d833ebd7ef,2026-08-08T16:00:00Z,2026-08-08T18:00:00+0200,1145.051666,MW,DK1,DK_1,forecast_solar_generation,Solar,2026-08-09T16:53:20Z
2026-08-09T16:49:56Z,2026-08-09T18:49:56+0200,eeb12da0-7c50-4259-bd40-a1d833ebd7ef,2026-08-08T16:15:00Z,2026-08-08T18:15:00+0200,1018.191666,MW,DK1,DK_1,forecast_solar_generation,Solar,2026-08-09T16:53:20Z
2026-08-09T16:49:56Z,2026-08-09T18:49:56+0200,eeb12da0-7c50-4259-bd40-a1d833ebd7ef,2026-08-08T16:30:00Z,2026-08-08T18:30:00+0200,886.55,MW,DK1,DK_1,forecast_solar_generation,Solar,2026-08-09T16:53:20Z
2026-08-09T16:49:56Z,2026-08-09T18:49:56+0200,eeb12da0-7c50-4259-bd40-a1d833ebd7ef,2026-08-08T16:45:00Z,2026-08-08T18:45:00+0200,756.028333,MW,DK1,DK_1,forecast_solar_generation,Solar,2026-08-09T16:53:20Z
2026-08-09T16:49:56Z,2026-08-09T18:49:56+0200,eeb12da0-7c50-4259-bd40-a1d833ebd7ef,2026-08-08T17:00:00Z,2026-08-08T19:00:00+0200,627.958333,MW,DK1,DK_1,forecast_solar_generation,Solar,2026-08-09T16:53:20Z
2026-08-09T16:49:56Z,2026-08-09T18:49:56+0200,eeb12da0-7c50-4259-bd40-a1d833ebd7ef,2026-08-08T17:15:00Z,2026-08-08T19:15:00+0200,503.386666,MW,DK1,DK_1,forecast_solar_generation,Solar,2026-08-09T16:53:20Z
2026-08-09T16:49:56Z,2026-08-09T18:49:56+0200,eeb12da0-7c50-4259-bd40-a1d833ebd7ef,2026-08-08T17:30:00Z,2026-08-08T19:30:00+0200,384.77,MW,DK1,DK_1,forecast_solar_generation,Solar,2026-08-09T16:53:20Z
2026-08-09T16:49:56Z,2026-08-09T18:49:56+0200,eeb12da0-7c50-4259-bd40-a1d833ebd7ef,2026-08-08T17:45:00Z,2026-08-08T19:45:00+0200,277.318333,MW,DK1,DK_1,forecast_solar_generation,Solar,2026-08-09T16:53:20Z
2026-08-09T16:49:56Z,2026-08-09T18:49:56+0200,eeb12da0-7c50-4259-bd40-a1d833ebd7ef,2026-08-08T18:00:00Z,2026-08-08T20:00:00+0200,184.426666,MW,DK1,DK_1,forecast_solar_generation,Solar,2026-08-09T16:53:20Z
2026-08-09T16:49:56Z,2026-08-09T18:49:56+0200,eeb12da0-7c50-4259-bd40-a1d833ebd7ef,2026-08-08T18:15:00Z,2026-08-08T20:15:00+0200,106.531666,MW,DK1,DK_1,forecast_solar_generation,Solar,2026-08-09T16:53:20Z
2026-08-09T16:49:56Z,2026-08-09T18:49:56+0200,eeb12da0-7c50-4259-bd40-a1d833ebd7ef,2026-08-08T18:30:00Z,2026-08-08T20:30:00+0200,46.021666,MW,DK1,DK_1,forecast_solar_generation,Solar,2026-08-09T16:53:20Z
2026-08-09T16:49:56Z,2026-08-09T18:49:56+0200,eeb12da0-7c50-4259-bd40-a1d833ebd7ef,2026-08-08T18:45:00Z,2026-08-08T20:45:00+0200,10.413333,MW,DK1,DK_1,forecast_solar_generation,Solar,2026-08-09T16:53:20Z
2026-08-09T16:49:56Z,2026-08-09T18:49:56+0200,eeb12da0-7c50-4259-bd40-a1d833ebd7ef,2026-08-08T19:00:00Z,2026-08-08T21:00:00+0200,0.771666,MW,DK1,DK_1,forecast_solar_generation,Solar,2026-08-09T16:53:20Z
2026-08-09T16:49:56Z,2026-08-09T18:49:56+0200,eeb12da0-7c50-4259-bd40-a1d833ebd7ef,2026-08-08T19:15:00Z,2026-08-08T21:15:00+0200,0.005,MW,DK1,DK_1,forecast_solar_generation,Solar,2026-08-09T16:53:20Z
2026-08-09T16:49:56Z,2026-08-09T18:49:56+0200,eeb12da0-7c50-4259-bd40-a1d833ebd7ef,2026-08-08T19:30:00Z,2026-08-08T21:30:00+0200,0.0,MW,DK1,DK_1,forecast_solar_generation,Solar,2026-08-09T16:53:20Z
2026-08-09T16:49:56Z,2026-08-09T18:49:56+0200,eeb12da0-7c50-4259-bd40-a1d833ebd7ef,2026-08-08T19:45:00Z,2026-08-08T21:45:00+0200,0.0,MW,DK1,DK_1,forecast_solar_generation,Solar,2026-08-09T16:53:20Z
2026-08-09T16:49:56Z,2026-08-09T18:49:56+0200,eeb12da0-7c50-4259-bd40-a1d833ebd7ef,2026-08-08T20:00:00Z,2026-08-08T22:00:00+0200,0.0,MW,DK1,DK_1,forecast_solar_generation,Solar,2026-08-09T16:53:20Z
2026-08-09T16:49:56Z,2026-08-09T18:49:56+0200,eeb12da0-7c50-4259-bd40-a1d833ebd7ef,2026-08-08T20:15:00Z,2026-08-08T22:15:00+0200,0.0,MW,DK1,DK_1,forecast_solar_generation,Solar,2026-08-09T16:53:20Z
2026-08-09T16:49:56Z,2026-08-09T18:49:56+0200,eeb12da0-7c50-4259-bd40-a1d833ebd7ef,2026-08-08T20:30:00Z,2026-08-08T22:30:00+0200,0.0,MW,DK1,DK_1,forecast_solar_generation,Solar,2026-08-09T16:53:20Z
2026-08-09T16:49:56Z,2026-08-09T18:49:56+0200,eeb12da0-7c50-4259-bd40-a1d833ebd7ef,2026-08-08T20:45:00Z,2026-08-08T22:45:00+0200,0.0,MW,DK1,DK_1,forecast_solar_generation,Solar,2026-08-09T16:53:20Z
2026-08-09T16:49:56Z,2026-08-09T18:49:56+0200,eeb12da0-7c50-4259-bd40-a1d833ebd7ef,2026-08-08T21:00:00Z,2026-08-08T23:00:00+0200,0.0,MW,DK1,DK_1,forecast_solar_generation,Solar,2026-08-09T16:53:20Z
2026-08-09T16:49:56Z,2026-08-09T18:49:56+0200,eeb12da0-7c50-4259-bd40-a1d833ebd7ef,2026-08-08T21:15:00Z,2026-08-08T23:15:00+0200,0.0,MW,DK1,DK_1,forecast_solar_generation,Solar,2026-08-09T16:53:20Z
2026-08-09T16:49:56Z,2026-08-09T18:49:56+0200,eeb12da0-7c50-4259-bd40-a1d833ebd7ef,2026-08-08T21:30:00Z,2026-08-08T23:30:00+0200,0.0,MW,DK1,DK_1,forecast_solar_generation,Solar,2026-08-09T16:53:20Z
2026-08-09T16:49:56Z,2026-08-09T18:49:56+0200,eeb12da0-7c50-4259-bd40-a1d833ebd7ef,2026-08-08T21:45:00Z,2026-08-08T23:45:00+0200,0.0,MW,DK1,DK_1,forecast_solar_generation,Solar,2026-08-09T16:53:20Z
2026-08-09T16:49:56Z,2026-08-09T18:49:56+0200,eeb12da0-7c50-4259-bd40-a1d833ebd7ef,2026-08-08T22:00:00Z,2026-08-09T00:00:00+0200,0.0,MW,DK1,DK_1,forecast_solar_generation,Solar,2026-08-09T16:53:20Z
2026-08-09T16:49:56Z,2026-08-09T18:49:56+0200,eeb12da0-7c50-4259-bd40-a1d833ebd7ef,2026-08-08T22:15:00Z,2026-08-09T00:15:00+0200,0.0,MW,DK1,DK_1,forecast_solar_generation,Solar,2026-08-09T16:53:20Z
2026-08-09T16:49:56Z,2026-08-09T18:49:56+0200,eeb12da0-7c50-4259-bd40-a1d833ebd7ef,2026-08-08T22:30:00Z,2026-08-09T00:30:00+0200,0.0,MW,DK1,DK_1,forecast_solar_generation,Solar,2026-08-09T16:53:20Z
2026-08-09T16:49:56Z,2026-08-09T18:49:56+0200,eeb12da0-7c50-4259-bd40-a1d833ebd7ef,2026-08-08T22:45:00Z,2026-08-09T00:45:00+0200,0.0,MW,DK1,DK_1,forecast_solar_generation,Solar,2026-08-09T16:53:20Z
2026-08-09T16:49:56Z,2026-08-09T18:49:56+0200,eeb12da0-7c50-4259-bd40-a1d833ebd7ef,2026-08-08T23:00:00Z,2026-08-09T01:00:00+0200,0.0,MW,DK1,DK_1,forecast_solar_generation,Solar,2026-08-09T16:53:20Z
2026-08-09T16:49:56Z,2026-08-09T18:49:56+0200,eeb12da0-7c50-4259-bd40-a1d833ebd7ef,2026-08-08T23:15:00Z,2026-08-09T01:15:00+0200,0.0,MW,DK1,DK_1,forecast_solar_generation,Solar,2026-08-09T16:53:20Z
2026-08-09T16:49:56Z,2026-08-09T18:49:56+0200,eeb12da0-7c50-4259-bd40-a1d833ebd7ef,2026-08-08T23:30:00Z,2026-08-09T01:30:00+0200,0.0,MW,DK1,DK_1,forecast_solar_generation,Solar,2026-08-09T16:53:20Z
2026-08-09T16:49:56Z,2026-08-09T18:49:56+0200,eeb12da0-7c50-4259-bd40-a1d833ebd7ef,2026-08-08T23:45:00Z,2026-08-09T01:45:00+0200,0.0,MW,DK1,DK_1,forecast_solar_generation,Solar,2026-08-09T16:53:20Z
2026-08-09T16:49:56Z,2026-08-09T18:49:56+0200,eeb12da0-7c50-4259-bd40-a1d833ebd7ef,2026-08-09T00:00:00Z,2026-08-09T02:00:00+0200,0.0,MW,DK1,DK_1,forecast_solar_generation,Solar,2026-08-09T16:53:20Z
2026-08-09T16:49:56Z,2026-08-09T18:49:56+0200,eeb12da0-7c50-4259-bd40-a1d833ebd7ef,2026-08-09T00:15:00Z,2026-08-09T02:15:00+0200,0.0,MW,DK1,DK_1,forecast_solar_generation,Solar,2026-08-09T16:53:20Z
2026-08-09T16:49:56Z,2026-08-09T18:49:56+0200,eeb12da0-7c50-4259-bd40-a1d833ebd7ef,2026-08-09T00:30:00Z,2026-08-09T02:30:00+0200,0.0,MW,DK1,DK_1,forecast_solar_generation,Solar,2026-08-09T16:53:20Z
2026-08-09T16:49:56Z,2026-08-09T18:49:56+0200,eeb12da0-7c50-4259-bd40-a1d833ebd7ef,2026-08-09T00:45:00Z,2026-08-09T02:45:00+0200,0.0,MW,DK1,DK_1,forecast_solar_generation,Solar,2026-08-09T16:53:20Z
2026-08-09T16:49:56Z,2026-08-09T18:49:56+0200,eeb12da0-7c50-4259-bd40-a1d833ebd7ef,2026-08-09T01:00:00Z,2026-08-09T03:00:00+0200,0.0,MW,DK1,DK_1,forecast_solar_generation,Solar,2026-08-09T16:53:20Z
2026-08-09T16:49:56Z,2026-08-09T18:49:56+0200,eeb12da0-7c50-4259-bd40-a1d833ebd7ef,2026-08-09T01:15:00Z,2026-08-09T03:15:00+0200,0.0,MW,DK1,DK_1,forecast_solar_generation,Solar,2026-08-09T16:53:20Z
2026-08-09T16:49:56Z,2026-08-09T18:49:56+0200,eeb12da0-7c50-4259-bd40-a1d833ebd7ef,2026-08-09T01:30:00Z,2026-08-09T03:30:00+0200,0.0,MW,DK1,DK_1,forecast_solar_generation,Solar,2026-08-09T16:53:20Z
2026-08-09T16:49:56Z,2026-08-09T18:49:56+0200,eeb12da0-7c50-4259-bd40-a1d833ebd7ef,2026-08-09T01:45:00Z,2026-08-09T03:45:00+0200,0.0,MW,DK1,DK_1,forecast_solar_generation,Solar,2026-08-09T16:53:20Z
2026-08-09T16:49:56Z,2026-08-09T18:49:56+0200,eeb12da0-7c50-4259-bd40-a1d833ebd7ef,2026-08-09T02:00:00Z,2026-08-09T04:00:00+0200,0.0,MW,DK1,DK_1,forecast_solar_generation,Solar,2026-08-09T16:53:20Z
2026-08-09T16:49:56Z,2026-08-09T18:49:56+0200,eeb12da0-7c50-4259-bd40-a1d833ebd7ef,2026-08-09T02:15:00Z,2026-08-09T04:15:00+0200,0.0,MW,DK1,DK_1,forecast_solar_generation,Solar,2026-08-09T16:53:20Z
2026-08-09T16:49:56Z,2026-08-09T18:49:56+0200,eeb12da0-7c50-4259-bd40-a1d833ebd7ef,2026-08-09T02:30:00Z,2026-08-09T04:30:00+0200,0.0,MW,DK1,DK_1,forecast_solar_generation,Solar,2026-08-09T16:53:20Z
2026-08-09T16:49:56Z,2026-08-09T18:49:56+0200,eeb12da0-7c50-4259-bd40-a1d833ebd7ef,2026-08-09T02:45:00Z,2026-08-09T04:45:00+0200,0.0,MW,DK1,DK_1,forecast_solar_generation,Solar,2026-08-09T16:53:20Z
2026-08-09T16:49:56Z,2026-08-09T18:49:56+0200,eeb12da0-7c50-4259-bd40-a1d833ebd7ef,2026-08-09T03:00:00Z,2026-08-09T05:00:00+0200,0.0,MW,DK1,DK_1,forecast_solar_generation,Solar,2026-08-09T16:53:20Z
2026-08-09T16:49:56Z,2026-08-09T18:49:56+0200,eeb12da0-7c50-4259-bd40-a1d833ebd7ef,2026-08-09T03:15:00Z,2026-08-09T05:15:00+0200,0.0,MW,DK1,DK_1,forecast_solar_generation,Solar,2026-08-09T16:53:20Z
2026-08-09T16:49:56Z,2026-08-09T18:49:56+0200,eeb12da0-7c50-4259-bd40-a1d833ebd7ef,2026-08-09T03:30:00Z,2026-08-09T05:30:00+0200,0.031666,MW,DK1,DK_1,forecast_solar_generation,Solar,2026-08-09T16:53:20Z
2026-08-09T16:49:56Z,2026-08-09T18:49:56+0200,eeb12da0-7c50-4259-bd40-a1d833ebd7ef,2026-08-09T03:45:00Z,2026-08-09T05:45:00+0200,1.711666,MW,DK1,DK_1,forecast_solar_generation,Solar,2026-08-09T16:53:20Z
2026-08-09T16:49:56Z,2026-08-09T18:49:56+0200,eeb12da0-7c50-4259-bd40-a1d833ebd7ef,2026-08-09T04:00:00Z,2026-08-09T06:00:00+0200,17.075,MW,DK1,DK_1,forecast_solar_generation,Solar,2026-08-09T16:53:20Z
2026-08-09T16:49:56Z,2026-08-09T18:49:56+0200,eeb12da0-7c50-4259-bd40-a1d833ebd7ef,2026-08-09T04:15:00Z,2026-08-09T06:15:00+0200,60.423333,MW,DK1,DK_1,forecast_solar_generation,Solar,2026-08-09T16:53:20Z
2026-08-09T16:49:56Z,2026-08-09T18:49:56+0200,eeb12da0-7c50-4259-bd40-a1d833ebd7ef,2026-08-09T04:30:00Z,2026-08-09T06:30:00+0200,125.071666,MW,DK1,DK_1,forecast_solar_generation,Solar,2026-08-09T16:53:20Z
2026-08-09T16:49:56Z,2026-08-09T18:49:56+0200,eeb12da0-7c50-4259-bd40-a1d833ebd7ef,2026-08-09T04:45:00Z,2026-08-09T06:45:00+0200,204.001666,MW,DK1,DK_1,forecast_solar_generation,Solar,2026-08-09T16:53:20Z
2026-08-09T16:49:56Z,2026-08-09T18:49:56+0200,eeb12da0-7c50-4259-bd40-a1d833ebd7ef,2026-08-09T05:00:00Z,2026-08-09T07:00:00+0200,294.991666,MW,DK1,DK_1,forecast_solar_generation,Solar,2026-08-09T16:53:20Z
2026-08-09T16:49:56Z,2026-08-09T18:49:56+0200,eeb12da0-7c50-4259-bd40-a1d833ebd7ef,2026-08-09T05:15:00Z,2026-08-09T07:15:00+0200,398.506666,MW,DK1,DK_1,forecast_solar_generation,Solar,2026-08-09T16:53:20Z
2026-08-09T16:49:56Z,2026-08-09T18:49:56+0200,eeb12da0-7c50-4259-bd40-a1d833ebd7ef,2026-08-09T05:30:00Z,2026-08-09T07:30:00+0200,512.068333,MW,DK1,DK_1,forecast_solar_generation,Solar,2026-08-09T16:53:20Z
2026-08-09T16:49:56Z,2026-08-09T18:49:56+0200,eeb12da0-7c50-4259-bd40-a1d833ebd7ef,2026-08-09T05:45:00Z,2026-08-09T07:45:00+0200,630.113333,MW,DK1,DK_1,forecast_solar_generation,Solar,2026-08-09T16:53:20Z
2026-08-09T16:49:56Z,2026-08-09T18:49:56+0200,eeb12da0-7c50-4259-bd40-a1d833ebd7ef,2026-08-09T06:00:00Z,2026-08-09T08:00:00+0200,749.801666,MW,DK1,DK_1,forecast_solar_generation,Solar,2026-08-09T16:53:20Z
2026-08-09T16:49:56Z,2026-08-09T18:49:56+0200,eeb12da0-7c50-4259-bd40-a1d833ebd7ef,2026-08-09T06:15:00Z,2026-08-09T08:15:00+0200,870.526666,MW,DK1,DK_1,forecast_solar_generation,Solar,2026-08-09T16:53:20Z
2026-08-09T16:49:56Z,2026-08-09T18:49:56+0200,eeb12da0-7c50-4259-bd40-a1d833ebd7ef,2026-08-09T06:30:00Z,2026-08-09T08:30:00+0200,991.013333,MW,DK1,DK_1,forecast_solar_generation,Solar,2026-08-09T16:53:20Z
2026-08-09T16:49:56Z,2026-08-09T18:49:56+0200,eeb12da0-7c50-4259-bd40-a1d833ebd7ef,2026-08-09T06:45:00Z,2026-08-09T08:45:00+0200,1105.906666,MW,DK1,DK_1,forecast_solar_generation,Solar,2026-08-09T16:53:20Z
2026-08-09T16:49:56Z,2026-08-09T18:49:56+0200,eeb12da0-7c50-4259-bd40-a1d833ebd7ef,2026-08-09T07:00:00Z,2026-08-09T09:00:00+0200,1214.625,MW,DK1,DK_1,forecast_solar_generation,Solar,2026-08-09T16:53:20Z
2026-08-09T16:49:56Z,2026-08-09T18:49:56+0200,eeb12da0-7c50-4259-bd40-a1d833ebd7ef,2026-08-09T07:15:00Z,2026-08-09T09:15:00+0200,1306.316666,MW,DK1,DK_1,forecast_solar_generation,Solar,2026-08-09T16:53:20Z
2026-08-09T16:49:56Z,2026-08-09T18:49:56+0200,eeb12da0-7c50-4259-bd40-a1d833ebd7ef,2026-08-09T07:30:00Z,2026-08-09T09:30:00+0200,1291.856666,MW,DK1,DK_1,forecast_solar_generation,Solar,2026-08-09T16:53:20Z
2026-08-09T16:49:56Z,2026-08-09T18:49:56+0200,eeb12da0-7c50-4259-bd40-a1d833ebd7ef,2026-08-09T07:45:00Z,2026-08-09T09:45:00+0200,1114.081666,MW,DK1,DK_1,forecast_solar_generation,Solar,2026-08-09T16:53:20Z
2026-08-09T16:49:56Z,2026-08-09T18:49:56+0200,eeb12da0-7c50-4259-bd40-a1d833ebd7ef,2026-08-09T08:00:00Z,2026-08-09T10:00:00+0200,1148.47,MW,DK1,DK_1,forecast_solar_generation,Solar,2026-08-09T16:53:20Z
2026-08-09T16:49:56Z,2026-08-09T18:49:56+0200,eeb12da0-7c50-4259-bd40-a1d833ebd7ef,2026-08-09T08:15:00Z,2026-08-09T10:15:00+0200,1178.463333,MW,DK1,DK_1,forecast_solar_generation,Solar,2026-08-09T16:53:20Z
2026-08-09T16:49:56Z,2026-08-09T18:49:56+0200,eeb12da0-7c50-4259-bd40-a1d833ebd7ef,2026-08-09T08:30:00Z,2026-08-09T10:30:00+0200,1235.738333,MW,DK1,DK_1,forecast_solar_generation,Solar,2026-08-09T16:53:20Z
2026-08-09T16:49:56Z,2026-08-09T18:49:56+0200,eeb12da0-7c50-4259-bd40-a1d833ebd7ef,2026-08-09T08:45:00Z,2026-08-09T10:45:00+0200,1291.446666,MW,DK1,DK_1,forecast_solar_generation,Solar,2026-08-09T16:53:20Z
2026-08-09T16:49:56Z,2026-08-09T18:49:56+0200,eeb12da0-7c50-4259-bd40-a1d833ebd7ef,2026-08-09T09:00:00Z,2026-08-09T11:00:00+0200,1343.943333,MW,DK1,DK_1,forecast_solar_generation,Solar,2026-08-09T16:53:20Z
2026-08-09T16:49:56Z,2026-08-09T18:49:56+0200,eeb12da0-7c50-4259-bd40-a1d833ebd7ef,2026-08-09T09:15:00Z,2026-08-09T11:15:00+0200,1390.521666,MW,DK1,DK_1,forecast_solar_generation,Solar,2026-08-09T16:53:20Z
2026-08-09T16:49:56Z,2026-08-09T18:49:56+0200,eeb12da0-7c50-4259-bd40-a1d833ebd7ef,2026-08-09T09:30:00Z,2026-08-09T11:30:00+0200,1430.79,MW,DK1,DK_1,forecast_solar_generation,Solar,2026-08-09T16:53:20Z
2026-08-09T16:49:56Z,2026-08-09T18:49:56+0200,eeb12da0-7c50-4259-bd40-a1d833ebd7ef,2026-08-09T09:45:00Z,2026-08-09T11:45:00+0200,1469.546666,MW,DK1,DK_1,forecast_solar_generation,Solar,2026-08-09T16:53:20Z
2026-08-09T16:49:56Z,2026-08-09T18:49:56+0200,eeb12da0-7c50-4259-bd40-a1d833ebd7ef,2026-08-09T10:00:00Z,2026-08-09T12:00:00+0200,1513.251666,MW,DK1,DK_1,forecast_solar_generation,Solar,2026-08-09T16:53:20Z
2026-08-09T16:49:56Z,2026-08-09T18:49:56+0200,eeb12da0-7c50-4259-bd40-a1d833ebd7ef,2026-08-09T10:15:00Z,2026-08-09T12:15:00+0200,1547.725,MW,DK1,DK_1,forecast_solar_generation,Solar,2026-08-09T16:53:20Z
2026-08-09T16:49:56Z,2026-08-09T18:49:56+0200,eeb12da0-7c50-4259-bd40-a1d833ebd7ef,2026-08-09T10:30:00Z,2026-08-09T12:30:00+0200,1564.146666,MW,DK1,DK_1,forecast_solar_generation,Solar,2026-08-09T16:53:20Z
2026-08-09T16:49:56Z,2026-08-09T18:49:56+0200,eeb12da0-7c50-4259-bd40-a1d833ebd7ef,2026-08-09T10:45:00Z,2026-08-09T12:45:00+0200,1534.115,MW,DK1,DK_1,forecast_solar_generation,Solar,2026-08-09T16:53:20Z
2026-08-09T16:49:56Z,2026-08-09T18:49:56+0200,eeb12da0-7c50-4259-bd40-a1d833ebd7ef,2026-08-09T11:00:00Z,2026-08-09T13:00:00+0200,1535.375,MW,DK1,DK_1,forecast_solar_generation,Solar,2026-08-09T16:53:20Z
2026-08-09T16:49:56Z,2026-08-09T18:49:56+0200,eeb12da0-7c50-4259-bd40-a1d833ebd7ef,2026-08-09T11:15:00Z,2026-08-09T13:15:00+0200,1511.463333,MW,DK1,DK_1,forecast_solar_generation,Solar,2026-08-09T16:53:20Z
2026-08-09T16:49:56Z,2026-08-09T18:49:56+0200,eeb12da0-7c50-4259-bd40-a1d833ebd7ef,2026-08-09T11:30:00Z,2026-08-09T13:30:00+0200,1477.898333,MW,DK1,DK_1,forecast_solar_generation,Solar,2026-08-09T16:53:20Z
2026-08-09T16:49:56Z,2026-08-09T18:49:56+0200,eeb12da0-7c50-4259-bd40-a1d833ebd7ef,2026-08-09T11:45:00Z,2026-08-09T13:45:00+0200,1418.086666,MW,DK1,DK_1,forecast_solar_generation,Solar,2026-08-09T16:53:20Z
2026-08-09T16:49:56Z,2026-08-09T18:49:56+0200,eeb12da0-7c50-4259-bd40-a1d833ebd7ef,2026-08-09T12:00:00Z,2026-08-09T14:00:00+0200,1175.686666,MW,DK1,DK_1,forecast_solar_generation,Solar,2026-08-09T16:53:20Z
2026-08-09T16:49:56Z,2026-08-09T18:49:56+0200,eeb12da0-7c50-4259-bd40-a1d833ebd7ef,2026-08-09T12:15:00Z,2026-08-09T14:15:00+0200,1158.328333,MW,DK1,DK_1,forecast_solar_generation,Solar,2026-08-09T16:53:20Z
2026-08-09T16:49:56Z,2026-08-09T18:49:56+0200,eeb12da0-7c50-4259-bd40-a1d833ebd7ef,2026-08-09T12:30:00Z,2026-08-09T14:30:00+0200,1145.298333,MW,DK1,DK_1,forecast_solar_generation,Solar,2026-08-09T16:53:20Z
2026-08-09T16:49:56Z,2026-08-09T18:49:56+0200,eeb12da0-7c50-4259-bd40-a1d833ebd7ef,2026-08-09T12:45:00Z,2026-08-09T14:45:00+0200,1134.72,MW,DK1,DK_1,forecast_solar_generation,Solar,2026-08-09T16:53:20Z
2026-08-09T16:49:56Z,2026-08-09T18:49:56+0200,eeb12da0-7c50-4259-bd40-a1d833ebd7ef,2026-08-09T13:00:00Z,2026-08-09T15:00:00+0200,1123.106666,MW,DK1,DK_1,forecast_solar_generation,Solar,2026-08-09T16:53:20Z
2026-08-09T16:49:56Z,2026-08-09T18:49:56+0200,eeb12da0-7c50-4259-bd40-a1d833ebd7ef,2026-08-09T13:15:00Z,2026-08-09T15:15:00+0200,1107.74,MW,DK1,DK_1,forecast_solar_generation,Solar,2026-08-09T16:53:20Z
2026-08-09T16:49:56Z,2026-08-09T18:49:56+0200,eeb12da0-7c50-4259-bd40-a1d833ebd7ef,2026-08-09T13:30:00Z,2026-08-09T15:30:00+0200,1087.698333,MW,DK1,DK_1,forecast_solar_generation,Solar,2026-08-09T16:53:20Z
2026-08-09T16:49:56Z,2026-08-09T18:49:56+0200,eeb12da0-7c50-4259-bd40-a1d833ebd7ef,2026-08-09T13:45:00Z,2026-08-09T15:45:00+0200,1065.879999,MW,DK1,DK_1,forecast_solar_generation,Solar,2026-08-09T16:53:20Z
2026-08-09T16:49:56Z,2026-08-09T18:49:56+0200,eeb12da0-7c50-4259-bd40-a1d833ebd7ef,2026-08-09T14:00:00Z,2026-08-09T16:00:00+0200,1078.688333,MW,DK1,DK_1,forecast_solar_generation,Solar,2026-08-09T16:53:20Z
2026-08-09T16:49:56Z,2026-08-09T18:49:56+0200,eeb12da0-7c50-4259-bd40-a1d833ebd7ef,2026-08-09T14:15:00Z,2026-08-09T16:15:00+0200,1251.238333,MW,DK1,DK_1,forecast_solar_generation,Solar,2026-08-09T16:53:20Z
2026-08-09T16:49:56Z,2026-08-09T18:49:56+0200,eeb12da0-7c50-4259-bd40-a1d833ebd7ef,2026-08-09T14:30:00Z,2026-08-09T16:30:00+0200,1371.556666,MW,DK1,DK_1,forecast_solar_generation,Solar,2026-08-09T16:53:20Z
2026-08-09T16:49:56Z,2026-08-09T18:49:56+0200,eeb12da0-7c50-4259-bd40-a1d833ebd7ef,2026-08-09T14:45:00Z,2026-08-09T16:45:00+0200,1652.598333,MW,DK1,DK_1,forecast_solar_generation,Solar,2026-08-09T16:53:20Z
2026-08-09T16:49:56Z,2026-08-09T18:49:56+0200,eeb12da0-7c50-4259-bd40-a1d833ebd7ef,2026-08-09T15:00:00Z,2026-08-09T17:00:00+0200,1567.811666,MW,DK1,DK_1,forecast_solar_generation,Solar,2026-08-09T16:53:20Z
2026-08-09T16:49:56Z,2026-08-09T18:49:56+0200,eeb12da0-7c50-4259-bd40-a1d833ebd7ef,2026-08-09T15:15:00Z,2026-08-09T17:15:00+0200,1458.731666,MW,DK1,DK_1,forecast_solar_generation,Solar,2026-08-09T16:53:20Z
2026-08-09T16:49:56Z,2026-08-09T18:49:56+0200,eeb12da0-7c50-4259-bd40-a1d833ebd7ef,2026-08-09T15:30:00Z,2026-08-09T17:30:00+0200,1335.291666,MW,DK1,DK_1,forecast_solar_generation,Solar,2026-08-09T16:53:20Z
2026-08-09T16:49:56Z,2026-08-09T18:49:56+0200,eeb12da0-7c50-4259-bd40-a1d833ebd7ef,2026-08-09T15:45:00Z,2026-08-09T17:45:00+0200,1200.865,MW,DK1,DK_1,forecast_solar_generation,Solar,2026-08-09T16:53:20Z
2026-08-09T16:49:56Z,2026-08-09T18:49:56+0200,eeb12da0-7c50-4259-bd40-a1d833ebd7ef,2026-08-09T16:00:00Z,2026-08-09T18:00:00+0200,1072.133333,MW,DK1,DK_1,forecast_solar_generation,Solar,2026-08-09T16:53:20Z
2026-08-09T16:49:56Z,2026-08-09T18:49:56+0200,eeb12da0-7c50-4259-bd40-a1d833ebd7ef,2026-08-09T16:15:00Z,2026-08-09T18:15:00+0200,935.998333,MW,DK1,DK_1,forecast_solar_generation,Solar,2026-08-09T16:53:20Z
2026-08-09T16:49:56Z,2026-08-09T18:49:56+0200,eeb12da0-7c50-4259-bd40-a1d833ebd7ef,2026-08-09T16:30:00Z,2026-08-09T18:30:00+0200,807.59,MW,DK1,DK_1,forecast_solar_generation,Solar,2026-08-09T16:53:20Z
2026-08-09T16:49:56Z,2026-08-09T18:49:56+0200,eeb12da0-7c50-4259-bd40-a1d833ebd7ef,2026-08-09T16:45:00Z,2026-08-09T18:45:00+0200,684.115,MW,DK1,DK_1,forecast_solar_generation,Solar,2026-08-09T16:53:20Z
