collection_time_utc,collection_time_local,run_id,timestamp_utc,timestamp_local,value,unit,country,entsoe_area,variable,source,updated_at_utc
2026-08-28T01:53:23Z,2026-08-28T03:53:23+0200,565fb0ed-db72-48c6-a54e-0fdff3a4721b,2026-07-28T02:15:00Z,2026-07-28T04:15:00+0200,189.78,EUR/MWh,ES,ES,imbalance_price,Long,2026-08-28T02:01:39Z
2026-08-28T01:53:23Z,2026-08-28T03:53:23+0200,565fb0ed-db72-48c6-a54e-0fdff3a4721b,2026-07-28T02:15:00Z,2026-07-28T04:15:00+0200,189.78,EUR/MWh,ES,ES,imbalance_price,Short,2026-08-28T02:01:39Z
2026-08-28T01:53:23Z,2026-08-28T03:53:23+0200,565fb0ed-db72-48c6-a54e-0fdff3a4721b,2026-07-28T02:30:00Z,2026-07-28T04:30:00+0200,190.17,EUR/MWh,ES,ES,imbalance_price,Long,2026-08-28T02:01:39Z
2026-08-28T01:53:23Z,2026-08-28T03:53:23+0200,565fb0ed-db72-48c6-a54e-0fdff3a4721b,2026-07-28T02:30:00Z,2026-07-28T04:30:00+0200,190.17,EUR/MWh,ES,ES,imbalance_price,Short,2026-08-28T02:01:39Z
2026-08-28T01:53:23Z,2026-08-28T03:53:23+0200,565fb0ed-db72-48c6-a54e-0fdff3a4721b,2026-07-28T02:45:00Z,2026-07-28T04:45:00+0200,189.33,EUR/MWh,ES,ES,imbalance_price,Long,2026-08-28T02:01:39Z
2026-08-28T01:53:23Z,2026-08-28T03:53:23+0200,565fb0ed-db72-48c6-a54e-0fdff3a4721b,2026-07-28T02:45:00Z,2026-07-28T04:45:00+0200,189.33,EUR/MWh,ES,ES,imbalance_price,Short,2026-08-28T02:01:39Z
2026-08-28T01:53:23Z,2026-08-28T03:53:23+0200,565fb0ed-db72-48c6-a54e-0fdff3a4721b,2026-07-28T03:00:00Z,2026-07-28T05:00:00+0200,190.18,EUR/MWh,ES,ES,imbalance_price,Long,2026-08-28T02:01:39Z
2026-08-28T01:53:23Z,2026-08-28T03:53:23+0200,565fb0ed-db72-48c6-a54e-0fdff3a4721b,2026-07-28T03:00:00Z,2026-07-28T05:00:00+0200,190.18,EUR/MWh,ES,ES,imbalance_price,Short,2026-08-28T02:01:39Z
2026-08-28T01:53:23Z,2026-08-28T03:53:23+0200,565fb0ed-db72-48c6-a54e-0fdff3a4721b,2026-07-28T03:15:00Z,2026-07-28T05:15:00+0200,121.04,EUR/MWh,ES,ES,imbalance_price,Long,2026-08-28T02:01:39Z
2026-08-28T01:53:23Z,2026-08-28T03:53:23+0200,565fb0ed-db72-48c6-a54e-0fdff3a4721b,2026-07-28T03:15:00Z,2026-07-28T05:15:00+0200,194.32,EUR/MWh,ES,ES,imbalance_price,Short,2026-08-28T02:01:39Z
2026-08-28T01:53:23Z,2026-08-28T03:53:23+0200,565fb0ed-db72-48c6-a54e-0fdff3a4721b,2026-07-28T03:30:00Z,2026-07-28T05:30:00+0200,108.44,EUR/MWh,ES,ES,imbalance_price,Long,2026-08-28T02:01:39Z
2026-08-28T01:53:23Z,2026-08-28T03:53:23+0200,565fb0ed-db72-48c6-a54e-0fdff3a4721b,2026-07-28T03:30:00Z,2026-07-28T05:30:00+0200,192.39,EUR/MWh,ES,ES,imbalance_price,Short,2026-08-28T02:01:39Z
2026-08-28T01:53:23Z,2026-08-28T03:53:23+0200,565fb0ed-db72-48c6-a54e-0fdff3a4721b,2026-07-28T03:45:00Z,2026-07-28T05:45:00+0200,104.49,EUR/MWh,ES,ES,imbalance_price,Long,2026-08-28T02:01:39Z
2026-08-28T01:53:23Z,2026-08-28T03:53:23+0200,565fb0ed-db72-48c6-a54e-0fdff3a4721b,2026-07-28T03:45:00Z,2026-07-28T05:45:00+0200,164.51,EUR/MWh,ES,ES,imbalance_price,Short,2026-08-28T02:01:39Z
2026-08-28T01:53:23Z,2026-08-28T03:53:23+0200,565fb0ed-db72-48c6-a54e-0fdff3a4721b,2026-07-28T04:00:00Z,2026-07-28T06:00:00+0200,155.44,EUR/MWh,ES,ES,imbalance_price,Long,2026-08-28T02:01:39Z
2026-08-28T01:53:23Z,2026-08-28T03:53:23+0200,565fb0ed-db72-48c6-a54e-0fdff3a4721b,2026-07-28T04:00:00Z,2026-07-28T06:00:00+0200,155.44,EUR/MWh,ES,ES,imbalance_price,Short,2026-08-28T02:01:39Z
2026-08-28T01:53:23Z,2026-08-28T03:53:23+0200,565fb0ed-db72-48c6-a54e-0fdff3a4721b,2026-07-28T04:15:00Z,2026-07-28T06:15:00+0200,155.17,EUR/MWh,ES,ES,imbalance_price,Long,2026-08-28T02:01:39Z
2026-08-28T01:53:23Z,2026-08-28T03:53:23+0200,565fb0ed-db72-48c6-a54e-0fdff3a4721b,2026-07-28T04:15:00Z,2026-07-28T06:15:00+0200,155.17,EUR/MWh,ES,ES,imbalance_price,Short,2026-08-28T02:01:39Z
2026-08-28T01:53:23Z,2026-08-28T03:53:23+0200,565fb0ed-db72-48c6-a54e-0fdff3a4721b,2026-07-28T04:30:00Z,2026-07-28T06:30:00+0200,117.3,EUR/MWh,ES,ES,imbalance_price,Long,2026-08-28T02:01:39Z
2026-08-28T01:53:23Z,2026-08-28T03:53:23+0200,565fb0ed-db72-48c6-a54e-0fdff3a4721b,2026-07-28T04:30:00Z,2026-07-28T06:30:00+0200,154.43,EUR/MWh,ES,ES,imbalance_price,Short,2026-08-28T02:01:39Z
2026-08-28T01:53:23Z,2026-08-28T03:53:23+0200,565fb0ed-db72-48c6-a54e-0fdff3a4721b,2026-07-28T04:45:00Z,2026-07-28T06:45:00+0200,128.66,EUR/MWh,ES,ES,imbalance_price,Long,2026-08-28T02:01:39Z
2026-08-28T01:53:23Z,2026-08-28T03:53:23+0200,565fb0ed-db72-48c6-a54e-0fdff3a4721b,2026-07-28T04:45:00Z,2026-07-28T06:45:00+0200,153.67,EUR/MWh,ES,ES,imbalance_price,Short,2026-08-28T02:01:39Z
2026-08-28T01:53:23Z,2026-08-28T03:53:23+0200,565fb0ed-db72-48c6-a54e-0fdff3a4721b,2026-07-28T05:00:00Z,2026-07-28T07:00:00+0200,133.83,EUR/MWh,ES,ES,imbalance_price,Long,2026-08-28T02:01:39Z
2026-08-28T01:53:23Z,2026-08-28T03:53:23+0200,565fb0ed-db72-48c6-a54e-0fdff3a4721b,2026-07-28T05:00:00Z,2026-07-28T07:00:00+0200,150.56,EUR/MWh,ES,ES,imbalance_price,Short,2026-08-28T02:01:39Z
2026-08-28T01:53:23Z,2026-08-28T03:53:23+0200,565fb0ed-db72-48c6-a54e-0fdff3a4721b,2026-07-28T05:15:00Z,2026-07-28T07:15:00+0200,123.81,EUR/MWh,ES,ES,imbalance_price,Long,2026-08-28T02:01:39Z
2026-08-28T01:53:23Z,2026-08-28T03:53:23+0200,565fb0ed-db72-48c6-a54e-0fdff3a4721b,2026-07-28T05:15:00Z,2026-07-28T07:15:00+0200,149.52,EUR/MWh,ES,ES,imbalance_price,Short,2026-08-28T02:01:39Z
2026-08-28T01:53:23Z,2026-08-28T03:53:23+0200,565fb0ed-db72-48c6-a54e-0fdff3a4721b,2026-07-28T05:30:00Z,2026-07-28T07:30:00+0200,135.43,EUR/MWh,ES,ES,imbalance_price,Long,2026-08-28T02:01:39Z
2026-08-28T01:53:23Z,2026-08-28T03:53:23+0200,565fb0ed-db72-48c6-a54e-0fdff3a4721b,2026-07-28T05:30:00Z,2026-07-28T07:30:00+0200,153.85,EUR/MWh,ES,ES,imbalance_price,Short,2026-08-28T02:01:39Z
2026-08-28T01:53:23Z,2026-08-28T03:53:23+0200,565fb0ed-db72-48c6-a54e-0fdff3a4721b,2026-07-28T05:45:00Z,2026-07-28T07:45:00+0200,129.92,EUR/MWh,ES,ES,imbalance_price,Long,2026-08-28T02:01:39Z
2026-08-28T01:53:23Z,2026-08-28T03:53:23+0200,565fb0ed-db72-48c6-a54e-0fdff3a4721b,2026-07-28T05:45:00Z,2026-07-28T07:45:00+0200,153.58,EUR/MWh,ES,ES,imbalance_price,Short,2026-08-28T02:01:39Z
2026-08-28T01:53:23Z,2026-08-28T03:53:23+0200,565fb0ed-db72-48c6-a54e-0fdff3a4721b,2026-07-28T06:00:00Z,2026-07-28T08:00:00+0200,133.0,EUR/MWh,ES,ES,imbalance_price,Long,2026-08-28T02:01:39Z
2026-08-28T01:53:23Z,2026-08-28T03:53:23+0200,565fb0ed-db72-48c6-a54e-0fdff3a4721b,2026-07-28T06:00:00Z,2026-07-28T08:00:00+0200,147.87,EUR/MWh,ES,ES,imbalance_price,Short,2026-08-28T02:01:39Z
2026-08-28T01:53:23Z,2026-08-28T03:53:23+0200,565fb0ed-db72-48c6-a54e-0fdff3a4721b,2026-07-28T06:15:00Z,2026-07-28T08:15:00+0200,166.4,EUR/MWh,ES,ES,imbalance_price,Long,2026-08-28T02:01:39Z
2026-08-28T01:53:23Z,2026-08-28T03:53:23+0200,565fb0ed-db72-48c6-a54e-0fdff3a4721b,2026-07-28T06:15:00Z,2026-07-28T08:15:00+0200,166.4,EUR/MWh,ES,ES,imbalance_price,Short,2026-08-28T02:01:39Z
2026-08-28T01:53:23Z,2026-08-28T03:53:23+0200,565fb0ed-db72-48c6-a54e-0fdff3a4721b,2026-07-28T06:30:00Z,2026-07-28T08:30:00+0200,89.32,EUR/MWh,ES,ES,imbalance_price,Long,2026-08-28T02:01:39Z
2026-08-28T01:53:23Z,2026-08-28T03:53:23+0200,565fb0ed-db72-48c6-a54e-0fdff3a4721b,2026-07-28T06:30:00Z,2026-07-28T08:30:00+0200,160.89,EUR/MWh,ES,ES,imbalance_price,Short,2026-08-28T02:01:39Z
2026-08-28T01:53:23Z,2026-08-28T03:53:23+0200,565fb0ed-db72-48c6-a54e-0fdff3a4721b,2026-07-28T06:45:00Z,2026-07-28T08:45:00+0200,152.39,EUR/MWh,ES,ES,imbalance_price,Long,2026-08-28T02:01:39Z
2026-08-28T01:53:23Z,2026-08-28T03:53:23+0200,565fb0ed-db72-48c6-a54e-0fdff3a4721b,2026-07-28T06:45:00Z,2026-07-28T08:45:00+0200,152.39,EUR/MWh,ES,ES,imbalance_price,Short,2026-08-28T02:01:39Z
2026-08-28T01:53:23Z,2026-08-28T03:53:23+0200,565fb0ed-db72-48c6-a54e-0fdff3a4721b,2026-07-28T07:00:00Z,2026-07-28T09:00:00+0200,161.98,EUR/MWh,ES,ES,imbalance_price,Long,2026-08-28T02:01:39Z
2026-08-28T01:53:23Z,2026-08-28T03:53:23+0200,565fb0ed-db72-48c6-a54e-0fdff3a4721b,2026-07-28T07:00:00Z,2026-07-28T09:00:00+0200,172.8,EUR/MWh,ES,ES,imbalance_price,Short,2026-08-28T02:01:39Z
2026-08-28T01:53:23Z,2026-08-28T03:53:23+0200,565fb0ed-db72-48c6-a54e-0fdff3a4721b,2026-07-28T07:15:00Z,2026-07-28T09:15:00+0200,162.65,EUR/MWh,ES,ES,imbalance_price,Long,2026-08-28T02:01:39Z
2026-08-28T01:53:23Z,2026-08-28T03:53:23+0200,565fb0ed-db72-48c6-a54e-0fdff3a4721b,2026-07-28T07:15:00Z,2026-07-28T09:15:00+0200,162.65,EUR/MWh,ES,ES,imbalance_price,Short,2026-08-28T02:01:39Z
2026-08-28T01:53:23Z,2026-08-28T03:53:23+0200,565fb0ed-db72-48c6-a54e-0fdff3a4721b,2026-07-28T07:30:00Z,2026-07-28T09:30:00+0200,122.63,EUR/MWh,ES,ES,imbalance_price,Long,2026-08-28T02:01:39Z
2026-08-28T01:53:23Z,2026-08-28T03:53:23+0200,565fb0ed-db72-48c6-a54e-0fdff3a4721b,2026-07-28T07:30:00Z,2026-07-28T09:30:00+0200,122.63,EUR/MWh,ES,ES,imbalance_price,Short,2026-08-28T02:01:39Z
2026-08-28T01:53:23Z,2026-08-28T03:53:23+0200,565fb0ed-db72-48c6-a54e-0fdff3a4721b,2026-07-28T07:45:00Z,2026-07-28T09:45:00+0200,6.38,EUR/MWh,ES,ES,imbalance_price,Long,2026-08-28T02:01:39Z
2026-08-28T01:53:23Z,2026-08-28T03:53:23+0200,565fb0ed-db72-48c6-a54e-0fdff3a4721b,2026-07-28T07:45:00Z,2026-07-28T09:45:00+0200,86.3,EUR/MWh,ES,ES,imbalance_price,Short,2026-08-28T02:01:39Z
2026-08-28T01:53:23Z,2026-08-28T03:53:23+0200,565fb0ed-db72-48c6-a54e-0fdff3a4721b,2026-07-28T08:00:00Z,2026-07-28T10:00:00+0200,-3.46,EUR/MWh,ES,ES,imbalance_price,Long,2026-08-28T02:01:39Z
2026-08-28T01:53:23Z,2026-08-28T03:53:23+0200,565fb0ed-db72-48c6-a54e-0fdff3a4721b,2026-07-28T08:00:00Z,2026-07-28T10:00:00+0200,-3.46,EUR/MWh,ES,ES,imbalance_price,Short,2026-08-28T02:01:39Z
2026-08-28T01:53:23Z,2026-08-28T03:53:23+0200,565fb0ed-db72-48c6-a54e-0fdff3a4721b,2026-07-28T08:15:00Z,2026-07-28T10:15:00+0200,-0.72,EUR/MWh,ES,ES,imbalance_price,Long,2026-08-28T02:01:39Z
2026-08-28T01:53:23Z,2026-08-28T03:53:23+0200,565fb0ed-db72-48c6-a54e-0fdff3a4721b,2026-07-28T08:15:00Z,2026-07-28T10:15:00+0200,140.41,EUR/MWh,ES,ES,imbalance_price,Short,2026-08-28T02:01:39Z
2026-08-28T01:53:23Z,2026-08-28T03:53:23+0200,565fb0ed-db72-48c6-a54e-0fdff3a4721b,2026-07-28T08:30:00Z,2026-07-28T10:30:00+0200,0.21,EUR/MWh,ES,ES,imbalance_price,Long,2026-08-28T02:01:39Z
2026-08-28T01:53:23Z,2026-08-28T03:53:23+0200,565fb0ed-db72-48c6-a54e-0fdff3a4721b,2026-07-28T08:30:00Z,2026-07-28T10:30:00+0200,96.68,EUR/MWh,ES,ES,imbalance_price,Short,2026-08-28T02:01:39Z
2026-08-28T01:53:23Z,2026-08-28T03:53:23+0200,565fb0ed-db72-48c6-a54e-0fdff3a4721b,2026-07-28T08:45:00Z,2026-07-28T10:45:00+0200,-0.32,EUR/MWh,ES,ES,imbalance_price,Long,2026-08-28T02:01:39Z
2026-08-28T01:53:23Z,2026-08-28T03:53:23+0200,565fb0ed-db72-48c6-a54e-0fdff3a4721b,2026-07-28T08:45:00Z,2026-07-28T10:45:00+0200,84.61,EUR/MWh,ES,ES,imbalance_price,Short,2026-08-28T02:01:39Z
2026-08-28T01:53:23Z,2026-08-28T03:53:23+0200,565fb0ed-db72-48c6-a54e-0fdff3a4721b,2026-07-28T09:00:00Z,2026-07-28T11:00:00+0200,-0.03,EUR/MWh,ES,ES,imbalance_price,Long,2026-08-28T02:01:39Z
2026-08-28T01:53:23Z,2026-08-28T03:53:23+0200,565fb0ed-db72-48c6-a54e-0fdff3a4721b,2026-07-28T09:00:00Z,2026-07-28T11:00:00+0200,83.54,EUR/MWh,ES,ES,imbalance_price,Short,2026-08-28T02:01:39Z
2026-08-28T01:53:23Z,2026-08-28T03:53:23+0200,565fb0ed-db72-48c6-a54e-0fdff3a4721b,2026-07-28T09:15:00Z,2026-07-28T11:15:00+0200,10.66,EUR/MWh,ES,ES,imbalance_price,Long,2026-08-28T02:01:39Z
2026-08-28T01:53:23Z,2026-08-28T03:53:23+0200,565fb0ed-db72-48c6-a54e-0fdff3a4721b,2026-07-28T09:15:00Z,2026-07-28T11:15:00+0200,34.4,EUR/MWh,ES,ES,imbalance_price,Short,2026-08-28T02:01:39Z
2026-08-28T01:53:23Z,2026-08-28T03:53:23+0200,565fb0ed-db72-48c6-a54e-0fdff3a4721b,2026-07-28T09:30:00Z,2026-07-28T11:30:00+0200,-2.15,EUR/MWh,ES,ES,imbalance_price,Long,2026-08-28T02:01:39Z
2026-08-28T01:53:23Z,2026-08-28T03:53:23+0200,565fb0ed-db72-48c6-a54e-0fdff3a4721b,2026-07-28T09:30:00Z,2026-07-28T11:30:00+0200,6.06,EUR/MWh,ES,ES,imbalance_price,Short,2026-08-28T02:01:39Z
2026-08-28T01:53:23Z,2026-08-28T03:53:23+0200,565fb0ed-db72-48c6-a54e-0fdff3a4721b,2026-07-28T09:45:00Z,2026-07-28T11:45:00+0200,16.87,EUR/MWh,ES,ES,imbalance_price,Long,2026-08-28T02:01:39Z
2026-08-28T01:53:23Z,2026-08-28T03:53:23+0200,565fb0ed-db72-48c6-a54e-0fdff3a4721b,2026-07-28T09:45:00Z,2026-07-28T11:45:00+0200,1.56,EUR/MWh,ES,ES,imbalance_price,Short,2026-08-28T02:01:39Z
2026-08-28T01:53:23Z,2026-08-28T03:53:23+0200,565fb0ed-db72-48c6-a54e-0fdff3a4721b,2026-07-28T10:00:00Z,2026-07-28T12:00:00+0200,-2.54,EUR/MWh,ES,ES,imbalance_price,Long,2026-08-28T02:01:39Z
2026-08-28T01:53:23Z,2026-08-28T03:53:23+0200,565fb0ed-db72-48c6-a54e-0fdff3a4721b,2026-07-28T10:00:00Z,2026-07-28T12:00:00+0200,49.56,EUR/MWh,ES,ES,imbalance_price,Short,2026-08-28T02:01:39Z
2026-08-28T01:53:23Z,2026-08-28T03:53:23+0200,565fb0ed-db72-48c6-a54e-0fdff3a4721b,2026-07-28T10:15:00Z,2026-07-28T12:15:00+0200,-3.79,EUR/MWh,ES,ES,imbalance_price,Long,2026-08-28T02:01:39Z
2026-08-28T01:53:23Z,2026-08-28T03:53:23+0200,565fb0ed-db72-48c6-a54e-0fdff3a4721b,2026-07-28T10:15:00Z,2026-07-28T12:15:00+0200,50.95,EUR/MWh,ES,ES,imbalance_price,Short,2026-08-28T02:01:39Z
2026-08-28T01:53:23Z,2026-08-28T03:53:23+0200,565fb0ed-db72-48c6-a54e-0fdff3a4721b,2026-07-28T10:30:00Z,2026-07-28T12:30:00+0200,13.92,EUR/MWh,ES,ES,imbalance_price,Long,2026-08-28T02:01:39Z
2026-08-28T01:53:23Z,2026-08-28T03:53:23+0200,565fb0ed-db72-48c6-a54e-0fdff3a4721b,2026-07-28T10:30:00Z,2026-07-28T12:30:00+0200,56.48,EUR/MWh,ES,ES,imbalance_price,Short,2026-08-28T02:01:39Z
2026-08-28T01:53:23Z,2026-08-28T03:53:23+0200,565fb0ed-db72-48c6-a54e-0fdff3a4721b,2026-07-28T10:45:00Z,2026-07-28T12:45:00+0200,-1.82,EUR/MWh,ES,ES,imbalance_price,Long,2026-08-28T02:01:39Z
2026-08-28T01:53:23Z,2026-08-28T03:53:23+0200,565fb0ed-db72-48c6-a54e-0fdff3a4721b,2026-07-28T10:45:00Z,2026-07-28T12:45:00+0200,116.42,EUR/MWh,ES,ES,imbalance_price,Short,2026-08-28T02:01:39Z
2026-08-28T01:53:23Z,2026-08-28T03:53:23+0200,565fb0ed-db72-48c6-a54e-0fdff3a4721b,2026-07-28T11:00:00Z,2026-07-28T13:00:00+0200,17.95,EUR/MWh,ES,ES,imbalance_price,Long,2026-08-28T02:01:39Z
2026-08-28T01:53:23Z,2026-08-28T03:53:23+0200,565fb0ed-db72-48c6-a54e-0fdff3a4721b,2026-07-28T11:00:00Z,2026-07-28T13:00:00+0200,22.11,EUR/MWh,ES,ES,imbalance_price,Short,2026-08-28T02:01:39Z
2026-08-28T01:53:23Z,2026-08-28T03:53:23+0200,565fb0ed-db72-48c6-a54e-0fdff3a4721b,2026-07-28T11:15:00Z,2026-07-28T13:15:00+0200,18.99,EUR/MWh,ES,ES,imbalance_price,Long,2026-08-28T02:01:39Z
2026-08-28T01:53:23Z,2026-08-28T03:53:23+0200,565fb0ed-db72-48c6-a54e-0fdff3a4721b,2026-07-28T11:15:00Z,2026-07-28T13:15:00+0200,56.44,EUR/MWh,ES,ES,imbalance_price,Short,2026-08-28T02:01:39Z
2026-08-28T01:53:23Z,2026-08-28T03:53:23+0200,565fb0ed-db72-48c6-a54e-0fdff3a4721b,2026-07-28T11:30:00Z,2026-07-28T13:30:00+0200,46.42,EUR/MWh,ES,ES,imbalance_price,Long,2026-08-28T02:01:39Z
2026-08-28T01:53:23Z,2026-08-28T03:53:23+0200,565fb0ed-db72-48c6-a54e-0fdff3a4721b,2026-07-28T11:30:00Z,2026-07-28T13:30:00+0200,46.42,EUR/MWh,ES,ES,imbalance_price,Short,2026-08-28T02:01:39Z
2026-08-28T01:53:23Z,2026-08-28T03:53:23+0200,565fb0ed-db72-48c6-a54e-0fdff3a4721b,2026-07-28T11:45:00Z,2026-07-28T13:45:00+0200,98.25,EUR/MWh,ES,ES,imbalance_price,Long,2026-08-28T02:01:39Z
2026-08-28T01:53:23Z,2026-08-28T03:53:23+0200,565fb0ed-db72-48c6-a54e-0fdff3a4721b,2026-07-28T11:45:00Z,2026-07-28T13:45:00+0200,98.25,EUR/MWh,ES,ES,imbalance_price,Short,2026-08-28T02:01:39Z
2026-08-28T01:53:23Z,2026-08-28T03:53:23+0200,565fb0ed-db72-48c6-a54e-0fdff3a4721b,2026-07-28T12:00:00Z,2026-07-28T14:00:00+0200,-2.62,EUR/MWh,ES,ES,imbalance_price,Long,2026-08-28T02:01:39Z
2026-08-28T01:53:23Z,2026-08-28T03:53:23+0200,565fb0ed-db72-48c6-a54e-0fdff3a4721b,2026-07-28T12:00:00Z,2026-07-28T14:00:00+0200,136.02,EUR/MWh,ES,ES,imbalance_price,Short,2026-08-28T02:01:39Z
2026-08-28T01:53:23Z,2026-08-28T03:53:23+0200,565fb0ed-db72-48c6-a54e-0fdff3a4721b,2026-07-28T12:15:00Z,2026-07-28T14:15:00+0200,-5.98,EUR/MWh,ES,ES,imbalance_price,Long,2026-08-28T02:01:39Z
2026-08-28T01:53:23Z,2026-08-28T03:53:23+0200,565fb0ed-db72-48c6-a54e-0fdff3a4721b,2026-07-28T12:15:00Z,2026-07-28T14:15:00+0200,136.55,EUR/MWh,ES,ES,imbalance_price,Short,2026-08-28T02:01:39Z
2026-08-28T01:53:23Z,2026-08-28T03:53:23+0200,565fb0ed-db72-48c6-a54e-0fdff3a4721b,2026-07-28T12:30:00Z,2026-07-28T14:30:00+0200,-4.96,EUR/MWh,ES,ES,imbalance_price,Long,2026-08-28T02:01:39Z
2026-08-28T01:53:23Z,2026-08-28T03:53:23+0200,565fb0ed-db72-48c6-a54e-0fdff3a4721b,2026-07-28T12:30:00Z,2026-07-28T14:30:00+0200,136.8,EUR/MWh,ES,ES,imbalance_price,Short,2026-08-28T02:01:39Z
2026-08-28T01:53:23Z,2026-08-28T03:53:23+0200,565fb0ed-db72-48c6-a54e-0fdff3a4721b,2026-07-28T12:45:00Z,2026-07-28T14:45:00+0200,-5.32,EUR/MWh,ES,ES,imbalance_price,Long,2026-08-28T02:01:39Z
2026-08-28T01:53:23Z,2026-08-28T03:53:23+0200,565fb0ed-db72-48c6-a54e-0fdff3a4721b,2026-07-28T12:45:00Z,2026-07-28T14:45:00+0200,138.56,EUR/MWh,ES,ES,imbalance_price,Short,2026-08-28T02:01:39Z
2026-08-28T01:53:23Z,2026-08-28T03:53:23+0200,565fb0ed-db72-48c6-a54e-0fdff3a4721b,2026-07-28T13:00:00Z,2026-07-28T15:00:00+0200,-6.56,EUR/MWh,ES,ES,imbalance_price,Long,2026-08-28T02:01:39Z
2026-08-28T01:53:23Z,2026-08-28T03:53:23+0200,565fb0ed-db72-48c6-a54e-0fdff3a4721b,2026-07-28T13:00:00Z,2026-07-28T15:00:00+0200,132.44,EUR/MWh,ES,ES,imbalance_price,Short,2026-08-28T02:01:39Z
2026-08-28T01:53:23Z,2026-08-28T03:53:23+0200,565fb0ed-db72-48c6-a54e-0fdff3a4721b,2026-07-28T13:15:00Z,2026-07-28T15:15:00+0200,1.13,EUR/MWh,ES,ES,imbalance_price,Long,2026-08-28T02:01:39Z
2026-08-28T01:53:23Z,2026-08-28T03:53:23+0200,565fb0ed-db72-48c6-a54e-0fdff3a4721b,2026-07-28T13:15:00Z,2026-07-28T15:15:00+0200,123.43,EUR/MWh,ES,ES,imbalance_price,Short,2026-08-28T02:01:39Z
2026-08-28T01:53:23Z,2026-08-28T03:53:23+0200,565fb0ed-db72-48c6-a54e-0fdff3a4721b,2026-07-28T13:30:00Z,2026-07-28T15:30:00+0200,-2.65,EUR/MWh,ES,ES,imbalance_price,Long,2026-08-28T02:01:39Z
2026-08-28T01:53:23Z,2026-08-28T03:53:23+0200,565fb0ed-db72-48c6-a54e-0fdff3a4721b,2026-07-28T13:30:00Z,2026-07-28T15:30:00+0200,117.42,EUR/MWh,ES,ES,imbalance_price,Short,2026-08-28T02:01:39Z
2026-08-28T01:53:23Z,2026-08-28T03:53:23+0200,565fb0ed-db72-48c6-a54e-0fdff3a4721b,2026-07-28T13:45:00Z,2026-07-28T15:45:00+0200,-18.43,EUR/MWh,ES,ES,imbalance_price,Long,2026-08-28T02:01:39Z
2026-08-28T01:53:23Z,2026-08-28T03:53:23+0200,565fb0ed-db72-48c6-a54e-0fdff3a4721b,2026-07-28T13:45:00Z,2026-07-28T15:45:00+0200,1.89,EUR/MWh,ES,ES,imbalance_price,Short,2026-08-28T02:01:39Z
2026-08-28T01:53:23Z,2026-08-28T03:53:23+0200,565fb0ed-db72-48c6-a54e-0fdff3a4721b,2026-07-28T14:00:00Z,2026-07-28T16:00:00+0200,4.05,EUR/MWh,ES,ES,imbalance_price,Long,2026-08-28T02:01:39Z
2026-08-28T01:53:23Z,2026-08-28T03:53:23+0200,565fb0ed-db72-48c6-a54e-0fdff3a4721b,2026-07-28T14:00:00Z,2026-07-28T16:00:00+0200,121.82,EUR/MWh,ES,ES,imbalance_price,Short,2026-08-28T02:01:39Z
2026-08-28T01:53:23Z,2026-08-28T03:53:23+0200,565fb0ed-db72-48c6-a54e-0fdff3a4721b,2026-07-28T14:15:00Z,2026-07-28T16:15:00+0200,39.18,EUR/MWh,ES,ES,imbalance_price,Long,2026-08-28T02:01:39Z
2026-08-28T01:53:23Z,2026-08-28T03:53:23+0200,565fb0ed-db72-48c6-a54e-0fdff3a4721b,2026-07-28T14:15:00Z,2026-07-28T16:15:00+0200,111.47,EUR/MWh,ES,ES,imbalance_price,Short,2026-08-28T02:01:39Z
2026-08-28T01:53:23Z,2026-08-28T03:53:23+0200,565fb0ed-db72-48c6-a54e-0fdff3a4721b,2026-07-28T14:30:00Z,2026-07-28T16:30:00+0200,17.47,EUR/MWh,ES,ES,imbalance_price,Long,2026-08-28T02:01:39Z
2026-08-28T01:53:23Z,2026-08-28T03:53:23+0200,565fb0ed-db72-48c6-a54e-0fdff3a4721b,2026-07-28T14:30:00Z,2026-07-28T16:30:00+0200,138.54,EUR/MWh,ES,ES,imbalance_price,Short,2026-08-28T02:01:39Z
2026-08-28T01:53:23Z,2026-08-28T03:53:23+0200,565fb0ed-db72-48c6-a54e-0fdff3a4721b,2026-07-28T14:45:00Z,2026-07-28T16:45:00+0200,33.41,EUR/MWh,ES,ES,imbalance_price,Long,2026-08-28T02:01:39Z
2026-08-28T01:53:23Z,2026-08-28T03:53:23+0200,565fb0ed-db72-48c6-a54e-0fdff3a4721b,2026-07-28T14:45:00Z,2026-07-28T16:45:00+0200,138.68,EUR/MWh,ES,ES,imbalance_price,Short,2026-08-28T02:01:39Z
2026-08-28T01:53:23Z,2026-08-28T03:53:23+0200,565fb0ed-db72-48c6-a54e-0fdff3a4721b,2026-07-28T15:00:00Z,2026-07-28T17:00:00+0200,75.31,EUR/MWh,ES,ES,imbalance_price,Long,2026-08-28T02:01:39Z
2026-08-28T01:53:23Z,2026-08-28T03:53:23+0200,565fb0ed-db72-48c6-a54e-0fdff3a4721b,2026-07-28T15:00:00Z,2026-07-28T17:00:00+0200,126.88,EUR/MWh,ES,ES,imbalance_price,Short,2026-08-28T02:01:39Z
2026-08-28T01:53:23Z,2026-08-28T03:53:23+0200,565fb0ed-db72-48c6-a54e-0fdff3a4721b,2026-07-28T15:15:00Z,2026-07-28T17:15:00+0200,120.82,EUR/MWh,ES,ES,imbalance_price,Long,2026-08-28T02:01:39Z
2026-08-28T01:53:23Z,2026-08-28T03:53:23+0200,565fb0ed-db72-48c6-a54e-0fdff3a4721b,2026-07-28T15:15:00Z,2026-07-28T17:15:00+0200,120.82,EUR/MWh,ES,ES,imbalance_price,Short,2026-08-28T02:01:39Z
2026-08-28T01:53:23Z,2026-08-28T03:53:23+0200,565fb0ed-db72-48c6-a54e-0fdff3a4721b,2026-07-28T15:30:00Z,2026-07-28T17:30:00+0200,35.08,EUR/MWh,ES,ES,imbalance_price,Long,2026-08-28T02:01:39Z
2026-08-28T01:53:23Z,2026-08-28T03:53:23+0200,565fb0ed-db72-48c6-a54e-0fdff3a4721b,2026-07-28T15:30:00Z,2026-07-28T17:30:00+0200,134.09,EUR/MWh,ES,ES,imbalance_price,Short,2026-08-28T02:01:39Z
2026-08-28T01:53:23Z,2026-08-28T03:53:23+0200,565fb0ed-db72-48c6-a54e-0fdff3a4721b,2026-07-28T15:45:00Z,2026-07-28T17:45:00+0200,31.85,EUR/MWh,ES,ES,imbalance_price,Long,2026-08-28T02:01:39Z
2026-08-28T01:53:23Z,2026-08-28T03:53:23+0200,565fb0ed-db72-48c6-a54e-0fdff3a4721b,2026-07-28T15:45:00Z,2026-07-28T17:45:00+0200,135.02,EUR/MWh,ES,ES,imbalance_price,Short,2026-08-28T02:01:39Z
2026-08-28T01:53:23Z,2026-08-28T03:53:23+0200,565fb0ed-db72-48c6-a54e-0fdff3a4721b,2026-07-28T16:00:00Z,2026-07-28T18:00:00+0200,10.83,EUR/MWh,ES,ES,imbalance_price,Long,2026-08-28T02:01:39Z
2026-08-28T01:53:23Z,2026-08-28T03:53:23+0200,565fb0ed-db72-48c6-a54e-0fdff3a4721b,2026-07-28T16:00:00Z,2026-07-28T18:00:00+0200,135.46,EUR/MWh,ES,ES,imbalance_price,Short,2026-08-28T02:01:39Z
2026-08-28T01:53:23Z,2026-08-28T03:53:23+0200,565fb0ed-db72-48c6-a54e-0fdff3a4721b,2026-07-28T16:15:00Z,2026-07-28T18:15:00+0200,-9.35,EUR/MWh,ES,ES,imbalance_price,Long,2026-08-28T02:01:39Z
2026-08-28T01:53:23Z,2026-08-28T03:53:23+0200,565fb0ed-db72-48c6-a54e-0fdff3a4721b,2026-07-28T16:15:00Z,2026-07-28T18:15:00+0200,-9.35,EUR/MWh,ES,ES,imbalance_price,Short,2026-08-28T02:01:39Z
2026-08-28T01:53:23Z,2026-08-28T03:53:23+0200,565fb0ed-db72-48c6-a54e-0fdff3a4721b,2026-07-28T16:30:00Z,2026-07-28T18:30:00+0200,91.91,EUR/MWh,ES,ES,imbalance_price,Long,2026-08-28T02:01:39Z
2026-08-28T01:53:23Z,2026-08-28T03:53:23+0200,565fb0ed-db72-48c6-a54e-0fdff3a4721b,2026-07-28T16:30:00Z,2026-07-28T18:30:00+0200,144.26,EUR/MWh,ES,ES,imbalance_price,Short,2026-08-28T02:01:39Z
2026-08-28T01:53:23Z,2026-08-28T03:53:23+0200,565fb0ed-db72-48c6-a54e-0fdff3a4721b,2026-07-28T16:45:00Z,2026-07-28T18:45:00+0200,91.85,EUR/MWh,ES,ES,imbalance_price,Long,2026-08-28T02:01:39Z
2026-08-28T01:53:23Z,2026-08-28T03:53:23+0200,565fb0ed-db72-48c6-a54e-0fdff3a4721b,2026-07-28T16:45:00Z,2026-07-28T18:45:00+0200,155.14,EUR/MWh,ES,ES,imbalance_price,Short,2026-08-28T02:01:39Z
2026-08-28T01:53:23Z,2026-08-28T03:53:23+0200,565fb0ed-db72-48c6-a54e-0fdff3a4721b,2026-07-28T17:00:00Z,2026-07-28T19:00:00+0200,102.34,EUR/MWh,ES,ES,imbalance_price,Long,2026-08-28T02:01:39Z
2026-08-28T01:53:23Z,2026-08-28T03:53:23+0200,565fb0ed-db72-48c6-a54e-0fdff3a4721b,2026-07-28T17:00:00Z,2026-07-28T19:00:00+0200,142.35,EUR/MWh,ES,ES,imbalance_price,Short,2026-08-28T02:01:39Z
2026-08-28T01:53:23Z,2026-08-28T03:53:23+0200,565fb0ed-db72-48c6-a54e-0fdff3a4721b,2026-07-28T17:15:00Z,2026-07-28T19:15:00+0200,30.81,EUR/MWh,ES,ES,imbalance_price,Long,2026-08-28T02:01:39Z
2026-08-28T01:53:23Z,2026-08-28T03:53:23+0200,565fb0ed-db72-48c6-a54e-0fdff3a4721b,2026-07-28T17:15:00Z,2026-07-28T19:15:00+0200,145.23,EUR/MWh,ES,ES,imbalance_price,Short,2026-08-28T02:01:39Z
2026-08-28T01:53:23Z,2026-08-28T03:53:23+0200,565fb0ed-db72-48c6-a54e-0fdff3a4721b,2026-07-28T17:30:00Z,2026-07-28T19:30:00+0200,151.55,EUR/MWh,ES,ES,imbalance_price,Long,2026-08-28T02:01:39Z
2026-08-28T01:53:23Z,2026-08-28T03:53:23+0200,565fb0ed-db72-48c6-a54e-0fdff3a4721b,2026-07-28T17:30:00Z,2026-07-28T19:30:00+0200,151.55,EUR/MWh,ES,ES,imbalance_price,Short,2026-08-28T02:01:39Z
2026-08-28T01:53:23Z,2026-08-28T03:53:23+0200,565fb0ed-db72-48c6-a54e-0fdff3a4721b,2026-07-28T17:45:00Z,2026-07-28T19:45:00+0200,144.45,EUR/MWh,ES,ES,imbalance_price,Long,2026-08-28T02:01:39Z
2026-08-28T01:53:23Z,2026-08-28T03:53:23+0200,565fb0ed-db72-48c6-a54e-0fdff3a4721b,2026-07-28T17:45:00Z,2026-07-28T19:45:00+0200,199.6,EUR/MWh,ES,ES,imbalance_price,Short,2026-08-28T02:01:39Z
2026-08-28T01:53:23Z,2026-08-28T03:53:23+0200,565fb0ed-db72-48c6-a54e-0fdff3a4721b,2026-07-28T18:00:00Z,2026-07-28T20:00:00+0200,164.82,EUR/MWh,ES,ES,imbalance_price,Long,2026-08-28T02:01:39Z
2026-08-28T01:53:23Z,2026-08-28T03:53:23+0200,565fb0ed-db72-48c6-a54e-0fdff3a4721b,2026-07-28T18:00:00Z,2026-07-28T20:00:00+0200,164.82,EUR/MWh,ES,ES,imbalance_price,Short,2026-08-28T02:01:39Z
2026-08-28T01:53:23Z,2026-08-28T03:53:23+0200,565fb0ed-db72-48c6-a54e-0fdff3a4721b,2026-07-28T18:15:00Z,2026-07-28T20:15:00+0200,158.66,EUR/MWh,ES,ES,imbalance_price,Long,2026-08-28T02:01:39Z
2026-08-28T01:53:23Z,2026-08-28T03:53:23+0200,565fb0ed-db72-48c6-a54e-0fdff3a4721b,2026-07-28T18:15:00Z,2026-07-28T20:15:00+0200,158.66,EUR/MWh,ES,ES,imbalance_price,Short,2026-08-28T02:01:39Z
2026-08-28T01:53:23Z,2026-08-28T03:53:23+0200,565fb0ed-db72-48c6-a54e-0fdff3a4721b,2026-07-28T18:30:00Z,2026-07-28T20:30:00+0200,165.78,EUR/MWh,ES,ES,imbalance_price,Long,2026-08-28T02:01:39Z
2026-08-28T01:53:23Z,2026-08-28T03:53:23+0200,565fb0ed-db72-48c6-a54e-0fdff3a4721b,2026-07-28T18:30:00Z,2026-07-28T20:30:00+0200,154.58,EUR/MWh,ES,ES,imbalance_price,Short,2026-08-28T02:01:39Z
2026-08-28T01:53:23Z,2026-08-28T03:53:23+0200,565fb0ed-db72-48c6-a54e-0fdff3a4721b,2026-07-28T18:45:00Z,2026-07-28T20:45:00+0200,145.56,EUR/MWh,ES,ES,imbalance_price,Long,2026-08-28T02:01:39Z
2026-08-28T01:53:23Z,2026-08-28T03:53:23+0200,565fb0ed-db72-48c6-a54e-0fdff3a4721b,2026-07-28T18:45:00Z,2026-07-28T20:45:00+0200,209.84,EUR/MWh,ES,ES,imbalance_price,Short,2026-08-28T02:01:39Z
2026-08-28T01:53:23Z,2026-08-28T03:53:23+0200,565fb0ed-db72-48c6-a54e-0fdff3a4721b,2026-07-28T19:00:00Z,2026-07-28T21:00:00+0200,171.37,EUR/MWh,ES,ES,imbalance_price,Long,2026-08-28T02:01:39Z
2026-08-28T01:53:23Z,2026-08-28T03:53:23+0200,565fb0ed-db72-48c6-a54e-0fdff3a4721b,2026-07-28T19:00:00Z,2026-07-28T21:00:00+0200,170.0,EUR/MWh,ES,ES,imbalance_price,Short,2026-08-28T02:01:39Z
2026-08-28T01:53:23Z,2026-08-28T03:53:23+0200,565fb0ed-db72-48c6-a54e-0fdff3a4721b,2026-07-28T19:15:00Z,2026-07-28T21:15:00+0200,165.73,EUR/MWh,ES,ES,imbalance_price,Long,2026-08-28T02:01:39Z
2026-08-28T01:53:23Z,2026-08-28T03:53:23+0200,565fb0ed-db72-48c6-a54e-0fdff3a4721b,2026-07-28T19:15:00Z,2026-07-28T21:15:00+0200,189.74,EUR/MWh,ES,ES,imbalance_price,Short,2026-08-28T02:01:39Z
2026-08-28T01:53:23Z,2026-08-28T03:53:23+0200,565fb0ed-db72-48c6-a54e-0fdff3a4721b,2026-07-28T19:30:00Z,2026-07-28T21:30:00+0200,171.93,EUR/MWh,ES,ES,imbalance_price,Long,2026-08-28T02:01:39Z
2026-08-28T01:53:23Z,2026-08-28T03:53:23+0200,565fb0ed-db72-48c6-a54e-0fdff3a4721b,2026-07-28T19:30:00Z,2026-07-28T21:30:00+0200,156.42,EUR/MWh,ES,ES,imbalance_price,Short,2026-08-28T02:01:39Z
2026-08-28T01:53:23Z,2026-08-28T03:53:23+0200,565fb0ed-db72-48c6-a54e-0fdff3a4721b,2026-07-28T19:45:00Z,2026-07-28T21:45:00+0200,166.46,EUR/MWh,ES,ES,imbalance_price,Long,2026-08-28T02:01:39Z
2026-08-28T01:53:23Z,2026-08-28T03:53:23+0200,565fb0ed-db72-48c6-a54e-0fdff3a4721b,2026-07-28T19:45:00Z,2026-07-28T21:45:00+0200,155.91,EUR/MWh,ES,ES,imbalance_price,Short,2026-08-28T02:01:39Z
2026-08-28T01:53:23Z,2026-08-28T03:53:23+0200,565fb0ed-db72-48c6-a54e-0fdff3a4721b,2026-07-28T20:00:00Z,2026-07-28T22:00:00+0200,176.63,EUR/MWh,ES,ES,imbalance_price,Long,2026-08-28T02:01:39Z
2026-08-28T01:53:23Z,2026-08-28T03:53:23+0200,565fb0ed-db72-48c6-a54e-0fdff3a4721b,2026-07-28T20:00:00Z,2026-07-28T22:00:00+0200,176.63,EUR/MWh,ES,ES,imbalance_price,Short,2026-08-28T02:01:39Z
2026-08-28T01:53:23Z,2026-08-28T03:53:23+0200,565fb0ed-db72-48c6-a54e-0fdff3a4721b,2026-07-28T20:15:00Z,2026-07-28T22:15:00+0200,139.27,EUR/MWh,ES,ES,imbalance_price,Long,2026-08-28T02:01:39Z
2026-08-28T01:53:23Z,2026-08-28T03:53:23+0200,565fb0ed-db72-48c6-a54e-0fdff3a4721b,2026-07-28T20:15:00Z,2026-07-28T22:15:00+0200,147.47,EUR/MWh,ES,ES,imbalance_price,Short,2026-08-28T02:01:39Z
2026-08-28T01:53:23Z,2026-08-28T03:53:23+0200,565fb0ed-db72-48c6-a54e-0fdff3a4721b,2026-07-28T20:30:00Z,2026-07-28T22:30:00+0200,141.45,EUR/MWh,ES,ES,imbalance_price,Long,2026-08-28T02:01:39Z
2026-08-28T01:53:23Z,2026-08-28T03:53:23+0200,565fb0ed-db72-48c6-a54e-0fdff3a4721b,2026-07-28T20:30:00Z,2026-07-28T22:30:00+0200,145.14,EUR/MWh,ES,ES,imbalance_price,Short,2026-08-28T02:01:39Z
2026-08-28T01:53:23Z,2026-08-28T03:53:23+0200,565fb0ed-db72-48c6-a54e-0fdff3a4721b,2026-07-28T20:45:00Z,2026-07-28T22:45:00+0200,121.72,EUR/MWh,ES,ES,imbalance_price,Long,2026-08-28T02:01:39Z
2026-08-28T01:53:23Z,2026-08-28T03:53:23+0200,565fb0ed-db72-48c6-a54e-0fdff3a4721b,2026-07-28T20:45:00Z,2026-07-28T22:45:00+0200,155.33,EUR/MWh,ES,ES,imbalance_price,Short,2026-08-28T02:01:39Z
2026-08-28T01:53:23Z,2026-08-28T03:53:23+0200,565fb0ed-db72-48c6-a54e-0fdff3a4721b,2026-07-28T21:00:00Z,2026-07-28T23:00:00+0200,128.71,EUR/MWh,ES,ES,imbalance_price,Long,2026-08-28T02:01:39Z
2026-08-28T01:53:23Z,2026-08-28T03:53:23+0200,565fb0ed-db72-48c6-a54e-0fdff3a4721b,2026-07-28T21:00:00Z,2026-07-28T23:00:00+0200,153.32,EUR/MWh,ES,ES,imbalance_price,Short,2026-08-28T02:01:39Z
2026-08-28T01:53:23Z,2026-08-28T03:53:23+0200,565fb0ed-db72-48c6-a54e-0fdff3a4721b,2026-07-28T21:15:00Z,2026-07-28T23:15:00+0200,152.43,EUR/MWh,ES,ES,imbalance_price,Long,2026-08-28T02:01:39Z
2026-08-28T01:53:23Z,2026-08-28T03:53:23+0200,565fb0ed-db72-48c6-a54e-0fdff3a4721b,2026-07-28T21:15:00Z,2026-07-28T23:15:00+0200,149.08,EUR/MWh,ES,ES,imbalance_price,Short,2026-08-28T02:01:39Z
2026-08-28T01:53:23Z,2026-08-28T03:53:23+0200,565fb0ed-db72-48c6-a54e-0fdff3a4721b,2026-07-28T21:30:00Z,2026-07-28T23:30:00+0200,134.25,EUR/MWh,ES,ES,imbalance_price,Long,2026-08-28T02:01:39Z
2026-08-28T01:53:23Z,2026-08-28T03:53:23+0200,565fb0ed-db72-48c6-a54e-0fdff3a4721b,2026-07-28T21:30:00Z,2026-07-28T23:30:00+0200,146.27,EUR/MWh,ES,ES,imbalance_price,Short,2026-08-28T02:01:39Z
2026-08-28T01:53:23Z,2026-08-28T03:53:23+0200,565fb0ed-db72-48c6-a54e-0fdff3a4721b,2026-07-28T21:45:00Z,2026-07-28T23:45:00+0200,128.75,EUR/MWh,ES,ES,imbalance_price,Long,2026-08-28T02:01:39Z
2026-08-28T01:53:23Z,2026-08-28T03:53:23+0200,565fb0ed-db72-48c6-a54e-0fdff3a4721b,2026-07-28T21:45:00Z,2026-07-28T23:45:00+0200,150.0,EUR/MWh,ES,ES,imbalance_price,Short,2026-08-28T02:01:39Z
2026-08-28T01:53:23Z,2026-08-28T03:53:23+0200,565fb0ed-db72-48c6-a54e-0fdff3a4721b,2026-07-28T22:00:00Z,2026-07-29T00:00:00+0200,124.3,EUR/MWh,ES,ES,imbalance_price,Long,2026-08-28T02:01:39Z
2026-08-28T01:53:23Z,2026-08-28T03:53:23+0200,565fb0ed-db72-48c6-a54e-0fdff3a4721b,2026-07-28T22:00:00Z,2026-07-29T00:00:00+0200,171.61,EUR/MWh,ES,ES,imbalance_price,Short,2026-08-28T02:01:39Z
2026-08-28T01:53:23Z,2026-08-28T03:53:23+0200,565fb0ed-db72-48c6-a54e-0fdff3a4721b,2026-07-28T22:15:00Z,2026-07-29T00:15:00+0200,117.46,EUR/MWh,ES,ES,imbalance_price,Long,2026-08-28T02:01:39Z
2026-08-28T01:53:23Z,2026-08-28T03:53:23+0200,565fb0ed-db72-48c6-a54e-0fdff3a4721b,2026-07-28T22:15:00Z,2026-07-29T00:15:00+0200,165.92,EUR/MWh,ES,ES,imbalance_price,Short,2026-08-28T02:01:39Z
2026-08-28T01:53:23Z,2026-08-28T03:53:23+0200,565fb0ed-db72-48c6-a54e-0fdff3a4721b,2026-07-28T22:30:00Z,2026-07-29T00:30:00+0200,155.41,EUR/MWh,ES,ES,imbalance_price,Long,2026-08-28T02:01:39Z
2026-08-28T01:53:23Z,2026-08-28T03:53:23+0200,565fb0ed-db72-48c6-a54e-0fdff3a4721b,2026-07-28T22:30:00Z,2026-07-29T00:30:00+0200,155.41,EUR/MWh,ES,ES,imbalance_price,Short,2026-08-28T02:01:39Z
2026-08-28T01:53:23Z,2026-08-28T03:53:23+0200,565fb0ed-db72-48c6-a54e-0fdff3a4721b,2026-07-28T22:45:00Z,2026-07-29T00:45:00+0200,169.15,EUR/MWh,ES,ES,imbalance_price,Long,2026-08-28T02:01:39Z
2026-08-28T01:53:23Z,2026-08-28T03:53:23+0200,565fb0ed-db72-48c6-a54e-0fdff3a4721b,2026-07-28T22:45:00Z,2026-07-29T00:45:00+0200,169.15,EUR/MWh,ES,ES,imbalance_price,Short,2026-08-28T02:01:39Z
2026-08-28T01:53:23Z,2026-08-28T03:53:23+0200,565fb0ed-db72-48c6-a54e-0fdff3a4721b,2026-07-28T23:00:00Z,2026-07-29T01:00:00+0200,183.46,EUR/MWh,ES,ES,imbalance_price,Long,2026-08-28T02:01:39Z
2026-08-28T01:53:23Z,2026-08-28T03:53:23+0200,565fb0ed-db72-48c6-a54e-0fdff3a4721b,2026-07-28T23:00:00Z,2026-07-29T01:00:00+0200,183.46,EUR/MWh,ES,ES,imbalance_price,Short,2026-08-28T02:01:39Z
2026-08-28T01:53:23Z,2026-08-28T03:53:23+0200,565fb0ed-db72-48c6-a54e-0fdff3a4721b,2026-07-28T23:15:00Z,2026-07-29T01:15:00+0200,118.7,EUR/MWh,ES,ES,imbalance_price,Long,2026-08-28T02:01:39Z
2026-08-28T01:53:23Z,2026-08-28T03:53:23+0200,565fb0ed-db72-48c6-a54e-0fdff3a4721b,2026-07-28T23:15:00Z,2026-07-29T01:15:00+0200,174.1,EUR/MWh,ES,ES,imbalance_price,Short,2026-08-28T02:01:39Z
2026-08-28T01:53:23Z,2026-08-28T03:53:23+0200,565fb0ed-db72-48c6-a54e-0fdff3a4721b,2026-07-28T23:30:00Z,2026-07-29T01:30:00+0200,173.86,EUR/MWh,ES,ES,imbalance_price,Long,2026-08-28T02:01:39Z
2026-08-28T01:53:23Z,2026-08-28T03:53:23+0200,565fb0ed-db72-48c6-a54e-0fdff3a4721b,2026-07-28T23:30:00Z,2026-07-29T01:30:00+0200,173.86,EUR/MWh,ES,ES,imbalance_price,Short,2026-08-28T02:01:39Z
2026-08-28T01:53:23Z,2026-08-28T03:53:23+0200,565fb0ed-db72-48c6-a54e-0fdff3a4721b,2026-07-28T23:45:00Z,2026-07-29T01:45:00+0200,125.26,EUR/MWh,ES,ES,imbalance_price,Long,2026-08-28T02:01:39Z
2026-08-28T01:53:23Z,2026-08-28T03:53:23+0200,565fb0ed-db72-48c6-a54e-0fdff3a4721b,2026-07-28T23:45:00Z,2026-07-29T01:45:00+0200,173.16,EUR/MWh,ES,ES,imbalance_price,Short,2026-08-28T02:01:39Z
2026-08-28T01:53:23Z,2026-08-28T03:53:23+0200,565fb0ed-db72-48c6-a54e-0fdff3a4721b,2026-07-29T00:00:00Z,2026-07-29T02:00:00+0200,131.58,EUR/MWh,ES,ES,imbalance_price,Long,2026-08-28T02:01:39Z
2026-08-28T01:53:23Z,2026-08-28T03:53:23+0200,565fb0ed-db72-48c6-a54e-0fdff3a4721b,2026-07-29T00:00:00Z,2026-07-29T02:00:00+0200,157.0,EUR/MWh,ES,ES,imbalance_price,Short,2026-08-28T02:01:39Z
2026-08-28T01:53:23Z,2026-08-28T03:53:23+0200,565fb0ed-db72-48c6-a54e-0fdff3a4721b,2026-07-29T00:15:00Z,2026-07-29T02:15:00+0200,150.14,EUR/MWh,ES,ES,imbalance_price,Long,2026-08-28T02:01:39Z
2026-08-28T01:53:23Z,2026-08-28T03:53:23+0200,565fb0ed-db72-48c6-a54e-0fdff3a4721b,2026-07-29T00:15:00Z,2026-07-29T02:15:00+0200,150.14,EUR/MWh,ES,ES,imbalance_price,Short,2026-08-28T02:01:39Z
2026-08-28T01:53:23Z,2026-08-28T03:53:23+0200,565fb0ed-db72-48c6-a54e-0fdff3a4721b,2026-07-29T00:30:00Z,2026-07-29T02:30:00+0200,157.02,EUR/MWh,ES,ES,imbalance_price,Long,2026-08-28T02:01:39Z
2026-08-28T01:53:23Z,2026-08-28T03:53:23+0200,565fb0ed-db72-48c6-a54e-0fdff3a4721b,2026-07-29T00:30:00Z,2026-07-29T02:30:00+0200,157.02,EUR/MWh,ES,ES,imbalance_price,Short,2026-08-28T02:01:39Z
2026-08-28T01:53:23Z,2026-08-28T03:53:23+0200,565fb0ed-db72-48c6-a54e-0fdff3a4721b,2026-07-29T00:45:00Z,2026-07-29T02:45:00+0200,153.96,EUR/MWh,ES,ES,imbalance_price,Long,2026-08-28T02:01:39Z
2026-08-28T01:53:23Z,2026-08-28T03:53:23+0200,565fb0ed-db72-48c6-a54e-0fdff3a4721b,2026-07-29T00:45:00Z,2026-07-29T02:45:00+0200,153.96,EUR/MWh,ES,ES,imbalance_price,Short,2026-08-28T02:01:39Z
2026-08-28T01:53:23Z,2026-08-28T03:53:23+0200,565fb0ed-db72-48c6-a54e-0fdff3a4721b,2026-07-29T01:00:00Z,2026-07-29T03:00:00+0200,149.56,EUR/MWh,ES,ES,imbalance_price,Long,2026-08-28T02:01:39Z
2026-08-28T01:53:23Z,2026-08-28T03:53:23+0200,565fb0ed-db72-48c6-a54e-0fdff3a4721b,2026-07-29T01:00:00Z,2026-07-29T03:00:00+0200,153.86,EUR/MWh,ES,ES,imbalance_price,Short,2026-08-28T02:01:39Z
2026-08-28T01:53:23Z,2026-08-28T03:53:23+0200,565fb0ed-db72-48c6-a54e-0fdff3a4721b,2026-07-29T01:15:00Z,2026-07-29T03:15:00+0200,112.77,EUR/MWh,ES,ES,imbalance_price,Long,2026-08-28T02:01:39Z
2026-08-28T01:53:23Z,2026-08-28T03:53:23+0200,565fb0ed-db72-48c6-a54e-0fdff3a4721b,2026-07-29T01:15:00Z,2026-07-29T03:15:00+0200,150.67,EUR/MWh,ES,ES,imbalance_price,Short,2026-08-28T02:01:39Z
2026-08-28T01:53:23Z,2026-08-28T03:53:23+0200,565fb0ed-db72-48c6-a54e-0fdff3a4721b,2026-07-29T01:30:00Z,2026-07-29T03:30:00+0200,115.43,EUR/MWh,ES,ES,imbalance_price,Long,2026-08-28T02:01:39Z
2026-08-28T01:53:23Z,2026-08-28T03:53:23+0200,565fb0ed-db72-48c6-a54e-0fdff3a4721b,2026-07-29T01:30:00Z,2026-07-29T03:30:00+0200,150.44,EUR/MWh,ES,ES,imbalance_price,Short,2026-08-28T02:01:39Z
2026-08-28T01:53:23Z,2026-08-28T03:53:23+0200,565fb0ed-db72-48c6-a54e-0fdff3a4721b,2026-07-29T01:45:00Z,2026-07-29T03:45:00+0200,130.29,EUR/MWh,ES,ES,imbalance_price,Long,2026-08-28T02:01:39Z
2026-08-28T01:53:23Z,2026-08-28T03:53:23+0200,565fb0ed-db72-48c6-a54e-0fdff3a4721b,2026-07-29T01:45:00Z,2026-07-29T03:45:00+0200,167.07,EUR/MWh,ES,ES,imbalance_price,Short,2026-08-28T02:01:39Z
2026-08-28T01:53:23Z,2026-08-28T03:53:23+0200,565fb0ed-db72-48c6-a54e-0fdff3a4721b,2026-07-29T02:00:00Z,2026-07-29T04:00:00+0200,156.73,EUR/MWh,ES,ES,imbalance_price,Long,2026-08-28T02:01:39Z
2026-08-28T01:53:23Z,2026-08-28T03:53:23+0200,565fb0ed-db72-48c6-a54e-0fdff3a4721b,2026-07-29T02:00:00Z,2026-07-29T04:00:00+0200,156.73,EUR/MWh,ES,ES,imbalance_price,Short,2026-08-28T02:01:39Z
2026-08-28T01:53:23Z,2026-08-28T03:53:23+0200,565fb0ed-db72-48c6-a54e-0fdff3a4721b,2026-07-29T02:15:00Z,2026-07-29T04:15:00+0200,120.51,EUR/MWh,ES,ES,imbalance_price,Long,2026-08-28T02:01:39Z
2026-08-28T01:53:23Z,2026-08-28T03:53:23+0200,565fb0ed-db72-48c6-a54e-0fdff3a4721b,2026-07-29T02:15:00Z,2026-07-29T04:15:00+0200,163.74,EUR/MWh,ES,ES,imbalance_price,Short,2026-08-28T02:01:39Z
2026-08-28T01:53:23Z,2026-08-28T03:53:23+0200,565fb0ed-db72-48c6-a54e-0fdff3a4721b,2026-07-29T02:30:00Z,2026-07-29T04:30:00+0200,120.08,EUR/MWh,ES,ES,imbalance_price,Long,2026-08-28T02:01:39Z
2026-08-28T01:53:23Z,2026-08-28T03:53:23+0200,565fb0ed-db72-48c6-a54e-0fdff3a4721b,2026-07-29T02:30:00Z,2026-07-29T04:30:00+0200,161.57,EUR/MWh,ES,ES,imbalance_price,Short,2026-08-28T02:01:39Z
2026-08-28T01:53:23Z,2026-08-28T03:53:23+0200,565fb0ed-db72-48c6-a54e-0fdff3a4721b,2026-07-29T02:45:00Z,2026-07-29T04:45:00+0200,188.31,EUR/MWh,ES,ES,imbalance_price,Long,2026-08-28T02:01:39Z
2026-08-28T01:53:23Z,2026-08-28T03:53:23+0200,565fb0ed-db72-48c6-a54e-0fdff3a4721b,2026-07-29T02:45:00Z,2026-07-29T04:45:00+0200,188.31,EUR/MWh,ES,ES,imbalance_price,Short,2026-08-28T02:01:39Z
2026-08-28T01:53:23Z,2026-08-28T03:53:23+0200,565fb0ed-db72-48c6-a54e-0fdff3a4721b,2026-07-29T03:00:00Z,2026-07-29T05:00:00+0200,182.56,EUR/MWh,ES,ES,imbalance_price,Long,2026-08-28T02:01:39Z
2026-08-28T01:53:23Z,2026-08-28T03:53:23+0200,565fb0ed-db72-48c6-a54e-0fdff3a4721b,2026-07-29T03:00:00Z,2026-07-29T05:00:00+0200,188.79,EUR/MWh,ES,ES,imbalance_price,Short,2026-08-28T02:01:39Z
2026-08-28T01:53:23Z,2026-08-28T03:53:23+0200,565fb0ed-db72-48c6-a54e-0fdff3a4721b,2026-07-29T03:15:00Z,2026-07-29T05:15:00+0200,147.09,EUR/MWh,ES,ES,imbalance_price,Long,2026-08-28T02:01:39Z
2026-08-28T01:53:23Z,2026-08-28T03:53:23+0200,565fb0ed-db72-48c6-a54e-0fdff3a4721b,2026-07-29T03:15:00Z,2026-07-29T05:15:00+0200,187.84,EUR/MWh,ES,ES,imbalance_price,Short,2026-08-28T02:01:39Z
2026-08-28T01:53:23Z,2026-08-28T03:53:23+0200,565fb0ed-db72-48c6-a54e-0fdff3a4721b,2026-07-29T03:30:00Z,2026-07-29T05:30:00+0200,120.63,EUR/MWh,ES,ES,imbalance_price,Long,2026-08-28T02:01:39Z
2026-08-28T01:53:23Z,2026-08-28T03:53:23+0200,565fb0ed-db72-48c6-a54e-0fdff3a4721b,2026-07-29T03:30:00Z,2026-07-29T05:30:00+0200,190.67,EUR/MWh,ES,ES,imbalance_price,Short,2026-08-28T02:01:39Z
2026-08-28T01:53:23Z,2026-08-28T03:53:23+0200,565fb0ed-db72-48c6-a54e-0fdff3a4721b,2026-07-29T03:45:00Z,2026-07-29T05:45:00+0200,104.58,EUR/MWh,ES,ES,imbalance_price,Long,2026-08-28T02:01:39Z
2026-08-28T01:53:23Z,2026-08-28T03:53:23+0200,565fb0ed-db72-48c6-a54e-0fdff3a4721b,2026-07-29T03:45:00Z,2026-07-29T05:45:00+0200,190.71,EUR/MWh,ES,ES,imbalance_price,Short,2026-08-28T02:01:39Z
2026-08-28T01:53:23Z,2026-08-28T03:53:23+0200,565fb0ed-db72-48c6-a54e-0fdff3a4721b,2026-07-29T04:00:00Z,2026-07-29T06:00:00+0200,125.57,EUR/MWh,ES,ES,imbalance_price,Long,2026-08-28T02:01:39Z
2026-08-28T01:53:23Z,2026-08-28T03:53:23+0200,565fb0ed-db72-48c6-a54e-0fdff3a4721b,2026-07-29T04:00:00Z,2026-07-29T06:00:00+0200,189.93,EUR/MWh,ES,ES,imbalance_price,Short,2026-08-28T02:01:39Z
2026-08-28T01:53:23Z,2026-08-28T03:53:23+0200,565fb0ed-db72-48c6-a54e-0fdff3a4721b,2026-07-29T04:15:00Z,2026-07-29T06:15:00+0200,100.21,EUR/MWh,ES,ES,imbalance_price,Long,2026-08-28T02:01:39Z
2026-08-28T01:53:23Z,2026-08-28T03:53:23+0200,565fb0ed-db72-48c6-a54e-0fdff3a4721b,2026-07-29T04:15:00Z,2026-07-29T06:15:00+0200,190.19,EUR/MWh,ES,ES,imbalance_price,Short,2026-08-28T02:01:39Z
2026-08-28T01:53:23Z,2026-08-28T03:53:23+0200,565fb0ed-db72-48c6-a54e-0fdff3a4721b,2026-07-29T04:30:00Z,2026-07-29T06:30:00+0200,138.48,EUR/MWh,ES,ES,imbalance_price,Long,2026-08-28T02:01:39Z
2026-08-28T01:53:23Z,2026-08-28T03:53:23+0200,565fb0ed-db72-48c6-a54e-0fdff3a4721b,2026-07-29T04:30:00Z,2026-07-29T06:30:00+0200,191.38,EUR/MWh,ES,ES,imbalance_price,Short,2026-08-28T02:01:39Z
2026-08-28T01:53:23Z,2026-08-28T03:53:23+0200,565fb0ed-db72-48c6-a54e-0fdff3a4721b,2026-07-29T04:45:00Z,2026-07-29T06:45:00+0200,125.91,EUR/MWh,ES,ES,imbalance_price,Long,2026-08-28T02:01:39Z
2026-08-28T01:53:23Z,2026-08-28T03:53:23+0200,565fb0ed-db72-48c6-a54e-0fdff3a4721b,2026-07-29T04:45:00Z,2026-07-29T06:45:00+0200,174.98,EUR/MWh,ES,ES,imbalance_price,Short,2026-08-28T02:01:39Z
2026-08-28T01:53:23Z,2026-08-28T03:53:23+0200,565fb0ed-db72-48c6-a54e-0fdff3a4721b,2026-07-29T05:00:00Z,2026-07-29T07:00:00+0200,172.32,EUR/MWh,ES,ES,imbalance_price,Long,2026-08-28T02:01:39Z
2026-08-28T01:53:23Z,2026-08-28T03:53:23+0200,565fb0ed-db72-48c6-a54e-0fdff3a4721b,2026-07-29T05:00:00Z,2026-07-29T07:00:00+0200,172.32,EUR/MWh,ES,ES,imbalance_price,Short,2026-08-28T02:01:39Z
2026-08-28T01:53:23Z,2026-08-28T03:53:23+0200,565fb0ed-db72-48c6-a54e-0fdff3a4721b,2026-07-29T05:15:00Z,2026-07-29T07:15:00+0200,171.25,EUR/MWh,ES,ES,imbalance_price,Long,2026-08-28T02:01:39Z
2026-08-28T01:53:23Z,2026-08-28T03:53:23+0200,565fb0ed-db72-48c6-a54e-0fdff3a4721b,2026-07-29T05:15:00Z,2026-07-29T07:15:00+0200,171.25,EUR/MWh,ES,ES,imbalance_price,Short,2026-08-28T02:01:39Z
2026-08-28T01:53:23Z,2026-08-28T03:53:23+0200,565fb0ed-db72-48c6-a54e-0fdff3a4721b,2026-07-29T05:30:00Z,2026-07-29T07:30:00+0200,170.49,EUR/MWh,ES,ES,imbalance_price,Long,2026-08-28T02:01:39Z
2026-08-28T01:53:23Z,2026-08-28T03:53:23+0200,565fb0ed-db72-48c6-a54e-0fdff3a4721b,2026-07-29T05:30:00Z,2026-07-29T07:30:00+0200,170.49,EUR/MWh,ES,ES,imbalance_price,Short,2026-08-28T02:01:39Z
2026-08-28T01:53:23Z,2026-08-28T03:53:23+0200,565fb0ed-db72-48c6-a54e-0fdff3a4721b,2026-07-29T05:45:00Z,2026-07-29T07:45:00+0200,117.03,EUR/MWh,ES,ES,imbalance_price,Long,2026-08-28T02:01:39Z
2026-08-28T01:53:23Z,2026-08-28T03:53:23+0200,565fb0ed-db72-48c6-a54e-0fdff3a4721b,2026-07-29T05:45:00Z,2026-07-29T07:45:00+0200,169.02,EUR/MWh,ES,ES,imbalance_price,Short,2026-08-28T02:01:39Z
2026-08-28T01:53:23Z,2026-08-28T03:53:23+0200,565fb0ed-db72-48c6-a54e-0fdff3a4721b,2026-07-29T06:00:00Z,2026-07-29T08:00:00+0200,177.57,EUR/MWh,ES,ES,imbalance_price,Long,2026-08-28T02:01:39Z
2026-08-28T01:53:23Z,2026-08-28T03:53:23+0200,565fb0ed-db72-48c6-a54e-0fdff3a4721b,2026-07-29T06:00:00Z,2026-07-29T08:00:00+0200,177.57,EUR/MWh,ES,ES,imbalance_price,Short,2026-08-28T02:01:39Z
2026-08-28T01:53:23Z,2026-08-28T03:53:23+0200,565fb0ed-db72-48c6-a54e-0fdff3a4721b,2026-07-29T06:15:00Z,2026-07-29T08:15:00+0200,155.95,EUR/MWh,ES,ES,imbalance_price,Long,2026-08-28T02:01:39Z
2026-08-28T01:53:23Z,2026-08-28T03:53:23+0200,565fb0ed-db72-48c6-a54e-0fdff3a4721b,2026-07-29T06:15:00Z,2026-07-29T08:15:00+0200,155.95,EUR/MWh,ES,ES,imbalance_price,Short,2026-08-28T02:01:39Z
2026-08-28T01:53:23Z,2026-08-28T03:53:23+0200,565fb0ed-db72-48c6-a54e-0fdff3a4721b,2026-07-29T06:30:00Z,2026-07-29T08:30:00+0200,107.32,EUR/MWh,ES,ES,imbalance_price,Long,2026-08-28T02:01:39Z
2026-08-28T01:53:23Z,2026-08-28T03:53:23+0200,565fb0ed-db72-48c6-a54e-0fdff3a4721b,2026-07-29T06:30:00Z,2026-07-29T08:30:00+0200,140.54,EUR/MWh,ES,ES,imbalance_price,Short,2026-08-28T02:01:39Z
2026-08-28T01:53:23Z,2026-08-28T03:53:23+0200,565fb0ed-db72-48c6-a54e-0fdff3a4721b,2026-07-29T06:45:00Z,2026-07-29T08:45:00+0200,115.4,EUR/MWh,ES,ES,imbalance_price,Long,2026-08-28T02:01:39Z
2026-08-28T01:53:23Z,2026-08-28T03:53:23+0200,565fb0ed-db72-48c6-a54e-0fdff3a4721b,2026-07-29T06:45:00Z,2026-07-29T08:45:00+0200,133.29,EUR/MWh,ES,ES,imbalance_price,Short,2026-08-28T02:01:39Z
2026-08-28T01:53:23Z,2026-08-28T03:53:23+0200,565fb0ed-db72-48c6-a54e-0fdff3a4721b,2026-07-29T07:00:00Z,2026-07-29T09:00:00+0200,146.33,EUR/MWh,ES,ES,imbalance_price,Long,2026-08-28T02:01:39Z
2026-08-28T01:53:23Z,2026-08-28T03:53:23+0200,565fb0ed-db72-48c6-a54e-0fdff3a4721b,2026-07-29T07:00:00Z,2026-07-29T09:00:00+0200,146.33,EUR/MWh,ES,ES,imbalance_price,Short,2026-08-28T02:01:39Z
2026-08-28T01:53:23Z,2026-08-28T03:53:23+0200,565fb0ed-db72-48c6-a54e-0fdff3a4721b,2026-07-29T07:15:00Z,2026-07-29T09:15:00+0200,138.0,EUR/MWh,ES,ES,imbalance_price,Long,2026-08-28T02:01:39Z
2026-08-28T01:53:23Z,2026-08-28T03:53:23+0200,565fb0ed-db72-48c6-a54e-0fdff3a4721b,2026-07-29T07:15:00Z,2026-07-29T09:15:00+0200,138.0,EUR/MWh,ES,ES,imbalance_price,Short,2026-08-28T02:01:39Z
2026-08-28T01:53:23Z,2026-08-28T03:53:23+0200,565fb0ed-db72-48c6-a54e-0fdff3a4721b,2026-07-29T07:30:00Z,2026-07-29T09:30:00+0200,109.14,EUR/MWh,ES,ES,imbalance_price,Long,2026-08-28T02:01:39Z
2026-08-28T01:53:23Z,2026-08-28T03:53:23+0200,565fb0ed-db72-48c6-a54e-0fdff3a4721b,2026-07-29T07:30:00Z,2026-07-29T09:30:00+0200,131.49,EUR/MWh,ES,ES,imbalance_price,Short,2026-08-28T02:01:39Z
2026-08-28T01:53:23Z,2026-08-28T03:53:23+0200,565fb0ed-db72-48c6-a54e-0fdff3a4721b,2026-07-29T07:45:00Z,2026-07-29T09:45:00+0200,70.35,EUR/MWh,ES,ES,imbalance_price,Long,2026-08-28T02:01:39Z
2026-08-28T01:53:23Z,2026-08-28T03:53:23+0200,565fb0ed-db72-48c6-a54e-0fdff3a4721b,2026-07-29T07:45:00Z,2026-07-29T09:45:00+0200,130.82,EUR/MWh,ES,ES,imbalance_price,Short,2026-08-28T02:01:39Z
2026-08-28T01:53:23Z,2026-08-28T03:53:23+0200,565fb0ed-db72-48c6-a54e-0fdff3a4721b,2026-07-29T08:00:00Z,2026-07-29T10:00:00+0200,61.52,EUR/MWh,ES,ES,imbalance_price,Long,2026-08-28T02:01:39Z
2026-08-28T01:53:23Z,2026-08-28T03:53:23+0200,565fb0ed-db72-48c6-a54e-0fdff3a4721b,2026-07-29T08:00:00Z,2026-07-29T10:00:00+0200,126.73,EUR/MWh,ES,ES,imbalance_price,Short,2026-08-28T02:01:39Z
2026-08-28T01:53:23Z,2026-08-28T03:53:23+0200,565fb0ed-db72-48c6-a54e-0fdff3a4721b,2026-07-29T08:15:00Z,2026-07-29T10:15:00+0200,73.21,EUR/MWh,ES,ES,imbalance_price,Long,2026-08-28T02:01:39Z
2026-08-28T01:53:23Z,2026-08-28T03:53:23+0200,565fb0ed-db72-48c6-a54e-0fdff3a4721b,2026-07-29T08:15:00Z,2026-07-29T10:15:00+0200,119.11,EUR/MWh,ES,ES,imbalance_price,Short,2026-08-28T02:01:39Z
2026-08-28T01:53:23Z,2026-08-28T03:53:23+0200,565fb0ed-db72-48c6-a54e-0fdff3a4721b,2026-07-29T08:30:00Z,2026-07-29T10:30:00+0200,1.06,EUR/MWh,ES,ES,imbalance_price,Long,2026-08-28T02:01:39Z
2026-08-28T01:53:23Z,2026-08-28T03:53:23+0200,565fb0ed-db72-48c6-a54e-0fdff3a4721b,2026-07-29T08:30:00Z,2026-07-29T10:30:00+0200,129.56,EUR/MWh,ES,ES,imbalance_price,Short,2026-08-28T02:01:39Z
2026-08-28T01:53:23Z,2026-08-28T03:53:23+0200,565fb0ed-db72-48c6-a54e-0fdff3a4721b,2026-07-29T08:45:00Z,2026-07-29T10:45:00+0200,-2.75,EUR/MWh,ES,ES,imbalance_price,Long,2026-08-28T02:01:39Z
2026-08-28T01:53:23Z,2026-08-28T03:53:23+0200,565fb0ed-db72-48c6-a54e-0fdff3a4721b,2026-07-29T08:45:00Z,2026-07-29T10:45:00+0200,128.42,EUR/MWh,ES,ES,imbalance_price,Short,2026-08-28T02:01:39Z
2026-08-28T01:53:23Z,2026-08-28T03:53:23+0200,565fb0ed-db72-48c6-a54e-0fdff3a4721b,2026-07-29T09:00:00Z,2026-07-29T11:00:00+0200,-5.06,EUR/MWh,ES,ES,imbalance_price,Long,2026-08-28T02:01:39Z
2026-08-28T01:53:23Z,2026-08-28T03:53:23+0200,565fb0ed-db72-48c6-a54e-0fdff3a4721b,2026-07-29T09:00:00Z,2026-07-29T11:00:00+0200,-5.06,EUR/MWh,ES,ES,imbalance_price,Short,2026-08-28T02:01:39Z
2026-08-28T01:53:23Z,2026-08-28T03:53:23+0200,565fb0ed-db72-48c6-a54e-0fdff3a4721b,2026-07-29T09:15:00Z,2026-07-29T11:15:00+0200,-0.38,EUR/MWh,ES,ES,imbalance_price,Long,2026-08-28T02:01:39Z
2026-08-28T01:53:23Z,2026-08-28T03:53:23+0200,565fb0ed-db72-48c6-a54e-0fdff3a4721b,2026-07-29T09:15:00Z,2026-07-29T11:15:00+0200,35.49,EUR/MWh,ES,ES,imbalance_price,Short,2026-08-28T02:01:39Z
2026-08-28T01:53:23Z,2026-08-28T03:53:23+0200,565fb0ed-db72-48c6-a54e-0fdff3a4721b,2026-07-29T09:30:00Z,2026-07-29T11:30:00+0200,1.68,EUR/MWh,ES,ES,imbalance_price,Long,2026-08-28T02:01:39Z
2026-08-28T01:53:23Z,2026-08-28T03:53:23+0200,565fb0ed-db72-48c6-a54e-0fdff3a4721b,2026-07-29T09:30:00Z,2026-07-29T11:30:00+0200,40.95,EUR/MWh,ES,ES,imbalance_price,Short,2026-08-28T02:01:39Z
2026-08-28T01:53:23Z,2026-08-28T03:53:23+0200,565fb0ed-db72-48c6-a54e-0fdff3a4721b,2026-07-29T09:45:00Z,2026-07-29T11:45:00+0200,24.17,EUR/MWh,ES,ES,imbalance_price,Long,2026-08-28T02:01:39Z
2026-08-28T01:53:23Z,2026-08-28T03:53:23+0200,565fb0ed-db72-48c6-a54e-0fdff3a4721b,2026-07-29T09:45:00Z,2026-07-29T11:45:00+0200,39.3,EUR/MWh,ES,ES,imbalance_price,Short,2026-08-28T02:01:39Z
2026-08-28T01:53:23Z,2026-08-28T03:53:23+0200,565fb0ed-db72-48c6-a54e-0fdff3a4721b,2026-07-29T10:00:00Z,2026-07-29T12:00:00+0200,26.84,EUR/MWh,ES,ES,imbalance_price,Long,2026-08-28T02:01:39Z
2026-08-28T01:53:23Z,2026-08-28T03:53:23+0200,565fb0ed-db72-48c6-a54e-0fdff3a4721b,2026-07-29T10:00:00Z,2026-07-29T12:00:00+0200,12.93,EUR/MWh,ES,ES,imbalance_price,Short,2026-08-28T02:01:39Z
2026-08-28T01:53:23Z,2026-08-28T03:53:23+0200,565fb0ed-db72-48c6-a54e-0fdff3a4721b,2026-07-29T10:15:00Z,2026-07-29T12:15:00+0200,29.34,EUR/MWh,ES,ES,imbalance_price,Long,2026-08-28T02:01:39Z
2026-08-28T01:53:23Z,2026-08-28T03:53:23+0200,565fb0ed-db72-48c6-a54e-0fdff3a4721b,2026-07-29T10:15:00Z,2026-07-29T12:15:00+0200,55.09,EUR/MWh,ES,ES,imbalance_price,Short,2026-08-28T02:01:39Z
2026-08-28T01:53:23Z,2026-08-28T03:53:23+0200,565fb0ed-db72-48c6-a54e-0fdff3a4721b,2026-07-29T10:30:00Z,2026-07-29T12:30:00+0200,45.5,EUR/MWh,ES,ES,imbalance_price,Long,2026-08-28T02:01:39Z
2026-08-28T01:53:23Z,2026-08-28T03:53:23+0200,565fb0ed-db72-48c6-a54e-0fdff3a4721b,2026-07-29T10:30:00Z,2026-07-29T12:30:00+0200,4.92,EUR/MWh,ES,ES,imbalance_price,Short,2026-08-28T02:01:39Z
2026-08-28T01:53:23Z,2026-08-28T03:53:23+0200,565fb0ed-db72-48c6-a54e-0fdff3a4721b,2026-07-29T10:45:00Z,2026-07-29T12:45:00+0200,6.26,EUR/MWh,ES,ES,imbalance_price,Long,2026-08-28T02:01:39Z
2026-08-28T01:53:23Z,2026-08-28T03:53:23+0200,565fb0ed-db72-48c6-a54e-0fdff3a4721b,2026-07-29T10:45:00Z,2026-07-29T12:45:00+0200,6.26,EUR/MWh,ES,ES,imbalance_price,Short,2026-08-28T02:01:39Z
2026-08-28T01:53:23Z,2026-08-28T03:53:23+0200,565fb0ed-db72-48c6-a54e-0fdff3a4721b,2026-07-29T11:00:00Z,2026-07-29T13:00:00+0200,-4.29,EUR/MWh,ES,ES,imbalance_price,Long,2026-08-28T02:01:39Z
2026-08-28T01:53:23Z,2026-08-28T03:53:23+0200,565fb0ed-db72-48c6-a54e-0fdff3a4721b,2026-07-29T11:00:00Z,2026-07-29T13:00:00+0200,-4.29,EUR/MWh,ES,ES,imbalance_price,Short,2026-08-28T02:01:39Z
2026-08-28T01:53:23Z,2026-08-28T03:53:23+0200,565fb0ed-db72-48c6-a54e-0fdff3a4721b,2026-07-29T11:15:00Z,2026-07-29T13:15:00+0200,-1.35,EUR/MWh,ES,ES,imbalance_price,Long,2026-08-28T02:01:39Z
2026-08-28T01:53:23Z,2026-08-28T03:53:23+0200,565fb0ed-db72-48c6-a54e-0fdff3a4721b,2026-07-29T11:15:00Z,2026-07-29T13:15:00+0200,-1.35,EUR/MWh,ES,ES,imbalance_price,Short,2026-08-28T02:01:39Z
2026-08-28T01:53:23Z,2026-08-28T03:53:23+0200,565fb0ed-db72-48c6-a54e-0fdff3a4721b,2026-07-29T11:30:00Z,2026-07-29T13:30:00+0200,3.59,EUR/MWh,ES,ES,imbalance_price,Long,2026-08-28T02:01:39Z
2026-08-28T01:53:23Z,2026-08-28T03:53:23+0200,565fb0ed-db72-48c6-a54e-0fdff3a4721b,2026-07-29T11:30:00Z,2026-07-29T13:30:00+0200,3.59,EUR/MWh,ES,ES,imbalance_price,Short,2026-08-28T02:01:39Z
2026-08-28T01:53:23Z,2026-08-28T03:53:23+0200,565fb0ed-db72-48c6-a54e-0fdff3a4721b,2026-07-29T11:45:00Z,2026-07-29T13:45:00+0200,-4.04,EUR/MWh,ES,ES,imbalance_price,Long,2026-08-28T02:01:39Z
2026-08-28T01:53:23Z,2026-08-28T03:53:23+0200,565fb0ed-db72-48c6-a54e-0fdff3a4721b,2026-07-29T11:45:00Z,2026-07-29T13:45:00+0200,1.72,EUR/MWh,ES,ES,imbalance_price,Short,2026-08-28T02:01:39Z
2026-08-28T01:53:23Z,2026-08-28T03:53:23+0200,565fb0ed-db72-48c6-a54e-0fdff3a4721b,2026-07-29T12:00:00Z,2026-07-29T14:00:00+0200,-0.18,EUR/MWh,ES,ES,imbalance_price,Long,2026-08-28T02:01:39Z
2026-08-28T01:53:23Z,2026-08-28T03:53:23+0200,565fb0ed-db72-48c6-a54e-0fdff3a4721b,2026-07-29T12:00:00Z,2026-07-29T14:00:00+0200,-0.18,EUR/MWh,ES,ES,imbalance_price,Short,2026-08-28T02:01:39Z
2026-08-28T01:53:23Z,2026-08-28T03:53:23+0200,565fb0ed-db72-48c6-a54e-0fdff3a4721b,2026-07-29T12:15:00Z,2026-07-29T14:15:00+0200,-0.46,EUR/MWh,ES,ES,imbalance_price,Long,2026-08-28T02:01:39Z
2026-08-28T01:53:23Z,2026-08-28T03:53:23+0200,565fb0ed-db72-48c6-a54e-0fdff3a4721b,2026-07-29T12:15:00Z,2026-07-29T14:15:00+0200,-0.46,EUR/MWh,ES,ES,imbalance_price,Short,2026-08-28T02:01:39Z
2026-08-28T01:53:23Z,2026-08-28T03:53:23+0200,565fb0ed-db72-48c6-a54e-0fdff3a4721b,2026-07-29T12:30:00Z,2026-07-29T14:30:00+0200,-0.41,EUR/MWh,ES,ES,imbalance_price,Long,2026-08-28T02:01:39Z
2026-08-28T01:53:23Z,2026-08-28T03:53:23+0200,565fb0ed-db72-48c6-a54e-0fdff3a4721b,2026-07-29T12:30:00Z,2026-07-29T14:30:00+0200,-1.07,EUR/MWh,ES,ES,imbalance_price,Short,2026-08-28T02:01:39Z
2026-08-28T01:53:23Z,2026-08-28T03:53:23+0200,565fb0ed-db72-48c6-a54e-0fdff3a4721b,2026-07-29T12:45:00Z,2026-07-29T14:45:00+0200,-3.91,EUR/MWh,ES,ES,imbalance_price,Long,2026-08-28T02:01:39Z
2026-08-28T01:53:23Z,2026-08-28T03:53:23+0200,565fb0ed-db72-48c6-a54e-0fdff3a4721b,2026-07-29T12:45:00Z,2026-07-29T14:45:00+0200,-3.91,EUR/MWh,ES,ES,imbalance_price,Short,2026-08-28T02:01:39Z
2026-08-28T01:53:23Z,2026-08-28T03:53:23+0200,565fb0ed-db72-48c6-a54e-0fdff3a4721b,2026-07-29T13:00:00Z,2026-07-29T15:00:00+0200,-6.89,EUR/MWh,ES,ES,imbalance_price,Long,2026-08-28T02:01:39Z
2026-08-28T01:53:23Z,2026-08-28T03:53:23+0200,565fb0ed-db72-48c6-a54e-0fdff3a4721b,2026-07-29T13:00:00Z,2026-07-29T15:00:00+0200,-6.89,EUR/MWh,ES,ES,imbalance_price,Short,2026-08-28T02:01:39Z
2026-08-28T01:53:23Z,2026-08-28T03:53:23+0200,565fb0ed-db72-48c6-a54e-0fdff3a4721b,2026-07-29T13:15:00Z,2026-07-29T15:15:00+0200,-5.27,EUR/MWh,ES,ES,imbalance_price,Long,2026-08-28T02:01:39Z
2026-08-28T01:53:23Z,2026-08-28T03:53:23+0200,565fb0ed-db72-48c6-a54e-0fdff3a4721b,2026-07-29T13:15:00Z,2026-07-29T15:15:00+0200,-5.27,EUR/MWh,ES,ES,imbalance_price,Short,2026-08-28T02:01:39Z
2026-08-28T01:53:23Z,2026-08-28T03:53:23+0200,565fb0ed-db72-48c6-a54e-0fdff3a4721b,2026-07-29T13:30:00Z,2026-07-29T15:30:00+0200,-3.76,EUR/MWh,ES,ES,imbalance_price,Long,2026-08-28T02:01:39Z
2026-08-28T01:53:23Z,2026-08-28T03:53:23+0200,565fb0ed-db72-48c6-a54e-0fdff3a4721b,2026-07-29T13:30:00Z,2026-07-29T15:30:00+0200,-3.76,EUR/MWh,ES,ES,imbalance_price,Short,2026-08-28T02:01:39Z
2026-08-28T01:53:23Z,2026-08-28T03:53:23+0200,565fb0ed-db72-48c6-a54e-0fdff3a4721b,2026-07-29T13:45:00Z,2026-07-29T15:45:00+0200,4.82,EUR/MWh,ES,ES,imbalance_price,Long,2026-08-28T02:01:39Z
2026-08-28T01:53:23Z,2026-08-28T03:53:23+0200,565fb0ed-db72-48c6-a54e-0fdff3a4721b,2026-07-29T13:45:00Z,2026-07-29T15:45:00+0200,4.82,EUR/MWh,ES,ES,imbalance_price,Short,2026-08-28T02:01:39Z
2026-08-28T01:53:23Z,2026-08-28T03:53:23+0200,565fb0ed-db72-48c6-a54e-0fdff3a4721b,2026-07-29T14:00:00Z,2026-07-29T16:00:00+0200,-0.73,EUR/MWh,ES,ES,imbalance_price,Long,2026-08-28T02:01:39Z
2026-08-28T01:53:23Z,2026-08-28T03:53:23+0200,565fb0ed-db72-48c6-a54e-0fdff3a4721b,2026-07-29T14:00:00Z,2026-07-29T16:00:00+0200,5.95,EUR/MWh,ES,ES,imbalance_price,Short,2026-08-28T02:01:39Z
2026-08-28T01:53:23Z,2026-08-28T03:53:23+0200,565fb0ed-db72-48c6-a54e-0fdff3a4721b,2026-07-29T14:15:00Z,2026-07-29T16:15:00+0200,0.01,EUR/MWh,ES,ES,imbalance_price,Long,2026-08-28T02:01:39Z
2026-08-28T01:53:23Z,2026-08-28T03:53:23+0200,565fb0ed-db72-48c6-a54e-0fdff3a4721b,2026-07-29T14:15:00Z,2026-07-29T16:15:00+0200,74.76,EUR/MWh,ES,ES,imbalance_price,Short,2026-08-28T02:01:39Z
2026-08-28T01:53:23Z,2026-08-28T03:53:23+0200,565fb0ed-db72-48c6-a54e-0fdff3a4721b,2026-07-29T14:30:00Z,2026-07-29T16:30:00+0200,1.17,EUR/MWh,ES,ES,imbalance_price,Long,2026-08-28T02:01:39Z
2026-08-28T01:53:23Z,2026-08-28T03:53:23+0200,565fb0ed-db72-48c6-a54e-0fdff3a4721b,2026-07-29T14:30:00Z,2026-07-29T16:30:00+0200,86.63,EUR/MWh,ES,ES,imbalance_price,Short,2026-08-28T02:01:39Z
2026-08-28T01:53:23Z,2026-08-28T03:53:23+0200,565fb0ed-db72-48c6-a54e-0fdff3a4721b,2026-07-29T14:45:00Z,2026-07-29T16:45:00+0200,68.65,EUR/MWh,ES,ES,imbalance_price,Long,2026-08-28T02:01:39Z
2026-08-28T01:53:23Z,2026-08-28T03:53:23+0200,565fb0ed-db72-48c6-a54e-0fdff3a4721b,2026-07-29T14:45:00Z,2026-07-29T16:45:00+0200,94.41,EUR/MWh,ES,ES,imbalance_price,Short,2026-08-28T02:01:39Z
2026-08-28T01:53:23Z,2026-08-28T03:53:23+0200,565fb0ed-db72-48c6-a54e-0fdff3a4721b,2026-07-29T15:00:00Z,2026-07-29T17:00:00+0200,6.78,EUR/MWh,ES,ES,imbalance_price,Long,2026-08-28T02:01:39Z
2026-08-28T01:53:23Z,2026-08-28T03:53:23+0200,565fb0ed-db72-48c6-a54e-0fdff3a4721b,2026-07-29T15:00:00Z,2026-07-29T17:00:00+0200,106.14,EUR/MWh,ES,ES,imbalance_price,Short,2026-08-28T02:01:39Z
2026-08-28T01:53:23Z,2026-08-28T03:53:23+0200,565fb0ed-db72-48c6-a54e-0fdff3a4721b,2026-07-29T15:15:00Z,2026-07-29T17:15:00+0200,37.46,EUR/MWh,ES,ES,imbalance_price,Long,2026-08-28T02:01:39Z
2026-08-28T01:53:23Z,2026-08-28T03:53:23+0200,565fb0ed-db72-48c6-a54e-0fdff3a4721b,2026-07-29T15:15:00Z,2026-07-29T17:15:00+0200,113.74,EUR/MWh,ES,ES,imbalance_price,Short,2026-08-28T02:01:39Z
2026-08-28T01:53:23Z,2026-08-28T03:53:23+0200,565fb0ed-db72-48c6-a54e-0fdff3a4721b,2026-07-29T15:30:00Z,2026-07-29T17:30:00+0200,115.88,EUR/MWh,ES,ES,imbalance_price,Long,2026-08-28T02:01:39Z
2026-08-28T01:53:23Z,2026-08-28T03:53:23+0200,565fb0ed-db72-48c6-a54e-0fdff3a4721b,2026-07-29T15:30:00Z,2026-07-29T17:30:00+0200,115.88,EUR/MWh,ES,ES,imbalance_price,Short,2026-08-28T02:01:39Z
2026-08-28T01:53:23Z,2026-08-28T03:53:23+0200,565fb0ed-db72-48c6-a54e-0fdff3a4721b,2026-07-29T15:45:00Z,2026-07-29T17:45:00+0200,34.12,EUR/MWh,ES,ES,imbalance_price,Long,2026-08-28T02:01:39Z
2026-08-28T01:53:23Z,2026-08-28T03:53:23+0200,565fb0ed-db72-48c6-a54e-0fdff3a4721b,2026-07-29T15:45:00Z,2026-07-29T17:45:00+0200,136.52,EUR/MWh,ES,ES,imbalance_price,Short,2026-08-28T02:01:39Z
2026-08-28T01:53:23Z,2026-08-28T03:53:23+0200,565fb0ed-db72-48c6-a54e-0fdff3a4721b,2026-07-29T16:00:00Z,2026-07-29T18:00:00+0200,0.26,EUR/MWh,ES,ES,imbalance_price,Long,2026-08-28T02:01:39Z
2026-08-28T01:53:23Z,2026-08-28T03:53:23+0200,565fb0ed-db72-48c6-a54e-0fdff3a4721b,2026-07-29T16:00:00Z,2026-07-29T18:00:00+0200,117.63,EUR/MWh,ES,ES,imbalance_price,Short,2026-08-28T02:01:39Z
2026-08-28T01:53:23Z,2026-08-28T03:53:23+0200,565fb0ed-db72-48c6-a54e-0fdff3a4721b,2026-07-29T16:15:00Z,2026-07-29T18:15:00+0200,32.53,EUR/MWh,ES,ES,imbalance_price,Long,2026-08-28T02:01:39Z
2026-08-28T01:53:23Z,2026-08-28T03:53:23+0200,565fb0ed-db72-48c6-a54e-0fdff3a4721b,2026-07-29T16:15:00Z,2026-07-29T18:15:00+0200,116.64,EUR/MWh,ES,ES,imbalance_price,Short,2026-08-28T02:01:39Z
2026-08-28T01:53:23Z,2026-08-28T03:53:23+0200,565fb0ed-db72-48c6-a54e-0fdff3a4721b,2026-07-29T16:30:00Z,2026-07-29T18:30:00+0200,39.9,EUR/MWh,ES,ES,imbalance_price,Long,2026-08-28T02:01:39Z
2026-08-28T01:53:23Z,2026-08-28T03:53:23+0200,565fb0ed-db72-48c6-a54e-0fdff3a4721b,2026-07-29T16:30:00Z,2026-07-29T18:30:00+0200,123.46,EUR/MWh,ES,ES,imbalance_price,Short,2026-08-28T02:01:39Z
2026-08-28T01:53:23Z,2026-08-28T03:53:23+0200,565fb0ed-db72-48c6-a54e-0fdff3a4721b,2026-07-29T16:45:00Z,2026-07-29T18:45:00+0200,31.81,EUR/MWh,ES,ES,imbalance_price,Long,2026-08-28T02:01:39Z
2026-08-28T01:53:23Z,2026-08-28T03:53:23+0200,565fb0ed-db72-48c6-a54e-0fdff3a4721b,2026-07-29T16:45:00Z,2026-07-29T18:45:00+0200,31.81,EUR/MWh,ES,ES,imbalance_price,Short,2026-08-28T02:01:39Z
2026-08-28T01:53:23Z,2026-08-28T03:53:23+0200,565fb0ed-db72-48c6-a54e-0fdff3a4721b,2026-07-29T17:00:00Z,2026-07-29T19:00:00+0200,5.32,EUR/MWh,ES,ES,imbalance_price,Long,2026-08-28T02:01:39Z
2026-08-28T01:53:23Z,2026-08-28T03:53:23+0200,565fb0ed-db72-48c6-a54e-0fdff3a4721b,2026-07-29T17:00:00Z,2026-07-29T19:00:00+0200,125.32,EUR/MWh,ES,ES,imbalance_price,Short,2026-08-28T02:01:39Z
2026-08-28T01:53:23Z,2026-08-28T03:53:23+0200,565fb0ed-db72-48c6-a54e-0fdff3a4721b,2026-07-29T17:15:00Z,2026-07-29T19:15:00+0200,99.8,EUR/MWh,ES,ES,imbalance_price,Long,2026-08-28T02:01:39Z
2026-08-28T01:53:23Z,2026-08-28T03:53:23+0200,565fb0ed-db72-48c6-a54e-0fdff3a4721b,2026-07-29T17:15:00Z,2026-07-29T19:15:00+0200,131.64,EUR/MWh,ES,ES,imbalance_price,Short,2026-08-28T02:01:39Z
2026-08-28T01:53:23Z,2026-08-28T03:53:23+0200,565fb0ed-db72-48c6-a54e-0fdff3a4721b,2026-07-29T17:30:00Z,2026-07-29T19:30:00+0200,144.19,EUR/MWh,ES,ES,imbalance_price,Long,2026-08-28T02:01:39Z
2026-08-28T01:53:23Z,2026-08-28T03:53:23+0200,565fb0ed-db72-48c6-a54e-0fdff3a4721b,2026-07-29T17:30:00Z,2026-07-29T19:30:00+0200,144.19,EUR/MWh,ES,ES,imbalance_price,Short,2026-08-28T02:01:39Z
2026-08-28T01:53:23Z,2026-08-28T03:53:23+0200,565fb0ed-db72-48c6-a54e-0fdff3a4721b,2026-07-29T17:45:00Z,2026-07-29T19:45:00+0200,152.33,EUR/MWh,ES,ES,imbalance_price,Long,2026-08-28T02:01:39Z
2026-08-28T01:53:23Z,2026-08-28T03:53:23+0200,565fb0ed-db72-48c6-a54e-0fdff3a4721b,2026-07-29T17:45:00Z,2026-07-29T19:45:00+0200,152.33,EUR/MWh,ES,ES,imbalance_price,Short,2026-08-28T02:01:39Z
2026-08-28T01:53:23Z,2026-08-28T03:53:23+0200,565fb0ed-db72-48c6-a54e-0fdff3a4721b,2026-07-29T18:00:00Z,2026-07-29T20:00:00+0200,185.26,EUR/MWh,ES,ES,imbalance_price,Long,2026-08-28T02:01:39Z
2026-08-28T01:53:23Z,2026-08-28T03:53:23+0200,565fb0ed-db72-48c6-a54e-0fdff3a4721b,2026-07-29T18:00:00Z,2026-07-29T20:00:00+0200,185.26,EUR/MWh,ES,ES,imbalance_price,Short,2026-08-28T02:01:39Z
2026-08-28T01:53:23Z,2026-08-28T03:53:23+0200,565fb0ed-db72-48c6-a54e-0fdff3a4721b,2026-07-29T18:15:00Z,2026-07-29T20:15:00+0200,159.32,EUR/MWh,ES,ES,imbalance_price,Long,2026-08-28T02:01:39Z
2026-08-28T01:53:23Z,2026-08-28T03:53:23+0200,565fb0ed-db72-48c6-a54e-0fdff3a4721b,2026-07-29T18:15:00Z,2026-07-29T20:15:00+0200,159.32,EUR/MWh,ES,ES,imbalance_price,Short,2026-08-28T02:01:39Z
2026-08-28T01:53:23Z,2026-08-28T03:53:23+0200,565fb0ed-db72-48c6-a54e-0fdff3a4721b,2026-07-29T18:30:00Z,2026-07-29T20:30:00+0200,145.72,EUR/MWh,ES,ES,imbalance_price,Long,2026-08-28T02:01:39Z
2026-08-28T01:53:23Z,2026-08-28T03:53:23+0200,565fb0ed-db72-48c6-a54e-0fdff3a4721b,2026-07-29T18:30:00Z,2026-07-29T20:30:00+0200,145.72,EUR/MWh,ES,ES,imbalance_price,Short,2026-08-28T02:01:39Z
2026-08-28T01:53:23Z,2026-08-28T03:53:23+0200,565fb0ed-db72-48c6-a54e-0fdff3a4721b,2026-07-29T18:45:00Z,2026-07-29T20:45:00+0200,146.66,EUR/MWh,ES,ES,imbalance_price,Long,2026-08-28T02:01:39Z
2026-08-28T01:53:23Z,2026-08-28T03:53:23+0200,565fb0ed-db72-48c6-a54e-0fdff3a4721b,2026-07-29T18:45:00Z,2026-07-29T20:45:00+0200,151.49,EUR/MWh,ES,ES,imbalance_price,Short,2026-08-28T02:01:39Z
2026-08-28T01:53:23Z,2026-08-28T03:53:23+0200,565fb0ed-db72-48c6-a54e-0fdff3a4721b,2026-07-29T19:00:00Z,2026-07-29T21:00:00+0200,194.75,EUR/MWh,ES,ES,imbalance_price,Long,2026-08-28T02:01:39Z
2026-08-28T01:53:23Z,2026-08-28T03:53:23+0200,565fb0ed-db72-48c6-a54e-0fdff3a4721b,2026-07-29T19:00:00Z,2026-07-29T21:00:00+0200,194.75,EUR/MWh,ES,ES,imbalance_price,Short,2026-08-28T02:01:39Z
2026-08-28T01:53:23Z,2026-08-28T03:53:23+0200,565fb0ed-db72-48c6-a54e-0fdff3a4721b,2026-07-29T19:15:00Z,2026-07-29T21:15:00+0200,165.08,EUR/MWh,ES,ES,imbalance_price,Long,2026-08-28T02:01:39Z
2026-08-28T01:53:23Z,2026-08-28T03:53:23+0200,565fb0ed-db72-48c6-a54e-0fdff3a4721b,2026-07-29T19:15:00Z,2026-07-29T21:15:00+0200,172.0,EUR/MWh,ES,ES,imbalance_price,Short,2026-08-28T02:01:39Z
2026-08-28T01:53:23Z,2026-08-28T03:53:23+0200,565fb0ed-db72-48c6-a54e-0fdff3a4721b,2026-07-29T19:30:00Z,2026-07-29T21:30:00+0200,168.06,EUR/MWh,ES,ES,imbalance_price,Long,2026-08-28T02:01:39Z
2026-08-28T01:53:23Z,2026-08-28T03:53:23+0200,565fb0ed-db72-48c6-a54e-0fdff3a4721b,2026-07-29T19:30:00Z,2026-07-29T21:30:00+0200,168.06,EUR/MWh,ES,ES,imbalance_price,Short,2026-08-28T02:01:39Z
2026-08-28T01:53:23Z,2026-08-28T03:53:23+0200,565fb0ed-db72-48c6-a54e-0fdff3a4721b,2026-07-29T19:45:00Z,2026-07-29T21:45:00+0200,153.84,EUR/MWh,ES,ES,imbalance_price,Long,2026-08-28T02:01:39Z
2026-08-28T01:53:23Z,2026-08-28T03:53:23+0200,565fb0ed-db72-48c6-a54e-0fdff3a4721b,2026-07-29T19:45:00Z,2026-07-29T21:45:00+0200,153.84,EUR/MWh,ES,ES,imbalance_price,Short,2026-08-28T02:01:39Z
2026-08-28T01:53:23Z,2026-08-28T03:53:23+0200,565fb0ed-db72-48c6-a54e-0fdff3a4721b,2026-07-29T20:00:00Z,2026-07-29T22:00:00+0200,203.16,EUR/MWh,ES,ES,imbalance_price,Long,2026-08-28T02:01:39Z
2026-08-28T01:53:23Z,2026-08-28T03:53:23+0200,565fb0ed-db72-48c6-a54e-0fdff3a4721b,2026-07-29T20:00:00Z,2026-07-29T22:00:00+0200,203.16,EUR/MWh,ES,ES,imbalance_price,Short,2026-08-28T02:01:39Z
2026-08-28T01:53:23Z,2026-08-28T03:53:23+0200,565fb0ed-db72-48c6-a54e-0fdff3a4721b,2026-07-29T20:15:00Z,2026-07-29T22:15:00+0200,129.78,EUR/MWh,ES,ES,imbalance_price,Long,2026-08-28T02:01:39Z
2026-08-28T01:53:23Z,2026-08-28T03:53:23+0200,565fb0ed-db72-48c6-a54e-0fdff3a4721b,2026-07-29T20:15:00Z,2026-07-29T22:15:00+0200,193.25,EUR/MWh,ES,ES,imbalance_price,Short,2026-08-28T02:01:39Z
2026-08-28T01:53:23Z,2026-08-28T03:53:23+0200,565fb0ed-db72-48c6-a54e-0fdff3a4721b,2026-07-29T20:30:00Z,2026-07-29T22:30:00+0200,127.41,EUR/MWh,ES,ES,imbalance_price,Long,2026-08-28T02:01:39Z
2026-08-28T01:53:23Z,2026-08-28T03:53:23+0200,565fb0ed-db72-48c6-a54e-0fdff3a4721b,2026-07-29T20:30:00Z,2026-07-29T22:30:00+0200,188.78,EUR/MWh,ES,ES,imbalance_price,Short,2026-08-28T02:01:39Z
2026-08-28T01:53:23Z,2026-08-28T03:53:23+0200,565fb0ed-db72-48c6-a54e-0fdff3a4721b,2026-07-29T20:45:00Z,2026-07-29T22:45:00+0200,139.01,EUR/MWh,ES,ES,imbalance_price,Long,2026-08-28T02:01:39Z
2026-08-28T01:53:23Z,2026-08-28T03:53:23+0200,565fb0ed-db72-48c6-a54e-0fdff3a4721b,2026-07-29T20:45:00Z,2026-07-29T22:45:00+0200,172.46,EUR/MWh,ES,ES,imbalance_price,Short,2026-08-28T02:01:39Z
2026-08-28T01:53:23Z,2026-08-28T03:53:23+0200,565fb0ed-db72-48c6-a54e-0fdff3a4721b,2026-07-29T21:00:00Z,2026-07-29T23:00:00+0200,161.55,EUR/MWh,ES,ES,imbalance_price,Long,2026-08-28T02:01:39Z
2026-08-28T01:53:23Z,2026-08-28T03:53:23+0200,565fb0ed-db72-48c6-a54e-0fdff3a4721b,2026-07-29T21:00:00Z,2026-07-29T23:00:00+0200,161.55,EUR/MWh,ES,ES,imbalance_price,Short,2026-08-28T02:01:39Z
2026-08-28T01:53:23Z,2026-08-28T03:53:23+0200,565fb0ed-db72-48c6-a54e-0fdff3a4721b,2026-07-29T21:15:00Z,2026-07-29T23:15:00+0200,115.65,EUR/MWh,ES,ES,imbalance_price,Long,2026-08-28T02:01:39Z
2026-08-28T01:53:23Z,2026-08-28T03:53:23+0200,565fb0ed-db72-48c6-a54e-0fdff3a4721b,2026-07-29T21:15:00Z,2026-07-29T23:15:00+0200,148.02,EUR/MWh,ES,ES,imbalance_price,Short,2026-08-28T02:01:39Z
2026-08-28T01:53:23Z,2026-08-28T03:53:23+0200,565fb0ed-db72-48c6-a54e-0fdff3a4721b,2026-07-29T21:30:00Z,2026-07-29T23:30:00+0200,145.19,EUR/MWh,ES,ES,imbalance_price,Long,2026-08-28T02:01:39Z
2026-08-28T01:53:23Z,2026-08-28T03:53:23+0200,565fb0ed-db72-48c6-a54e-0fdff3a4721b,2026-07-29T21:30:00Z,2026-07-29T23:30:00+0200,147.94,EUR/MWh,ES,ES,imbalance_price,Short,2026-08-28T02:01:39Z
2026-08-28T01:53:23Z,2026-08-28T03:53:23+0200,565fb0ed-db72-48c6-a54e-0fdff3a4721b,2026-07-29T21:45:00Z,2026-07-29T23:45:00+0200,126.53,EUR/MWh,ES,ES,imbalance_price,Long,2026-08-28T02:01:39Z
2026-08-28T01:53:23Z,2026-08-28T03:53:23+0200,565fb0ed-db72-48c6-a54e-0fdff3a4721b,2026-07-29T21:45:00Z,2026-07-29T23:45:00+0200,145.38,EUR/MWh,ES,ES,imbalance_price,Short,2026-08-28T02:01:39Z
2026-08-28T01:53:23Z,2026-08-28T03:53:23+0200,565fb0ed-db72-48c6-a54e-0fdff3a4721b,2026-07-29T22:00:00Z,2026-07-30T00:00:00+0200,131.33,EUR/MWh,ES,ES,imbalance_price,Long,2026-08-28T02:01:39Z
2026-08-28T01:53:23Z,2026-08-28T03:53:23+0200,565fb0ed-db72-48c6-a54e-0fdff3a4721b,2026-07-29T22:00:00Z,2026-07-30T00:00:00+0200,162.53,EUR/MWh,ES,ES,imbalance_price,Short,2026-08-28T02:01:39Z
2026-08-28T01:53:23Z,2026-08-28T03:53:23+0200,565fb0ed-db72-48c6-a54e-0fdff3a4721b,2026-07-29T22:15:00Z,2026-07-30T00:15:00+0200,155.25,EUR/MWh,ES,ES,imbalance_price,Long,2026-08-28T02:01:39Z
2026-08-28T01:53:23Z,2026-08-28T03:53:23+0200,565fb0ed-db72-48c6-a54e-0fdff3a4721b,2026-07-29T22:15:00Z,2026-07-30T00:15:00+0200,155.25,EUR/MWh,ES,ES,imbalance_price,Short,2026-08-28T02:01:39Z
2026-08-28T01:53:23Z,2026-08-28T03:53:23+0200,565fb0ed-db72-48c6-a54e-0fdff3a4721b,2026-07-29T22:30:00Z,2026-07-30T00:30:00+0200,135.03,EUR/MWh,ES,ES,imbalance_price,Long,2026-08-28T02:01:39Z
2026-08-28T01:53:23Z,2026-08-28T03:53:23+0200,565fb0ed-db72-48c6-a54e-0fdff3a4721b,2026-07-29T22:30:00Z,2026-07-30T00:30:00+0200,154.42,EUR/MWh,ES,ES,imbalance_price,Short,2026-08-28T02:01:39Z
2026-08-28T01:53:23Z,2026-08-28T03:53:23+0200,565fb0ed-db72-48c6-a54e-0fdff3a4721b,2026-07-29T22:45:00Z,2026-07-30T00:45:00+0200,143.56,EUR/MWh,ES,ES,imbalance_price,Long,2026-08-28T02:01:39Z
2026-08-28T01:53:23Z,2026-08-28T03:53:23+0200,565fb0ed-db72-48c6-a54e-0fdff3a4721b,2026-07-29T22:45:00Z,2026-07-30T00:45:00+0200,169.54,EUR/MWh,ES,ES,imbalance_price,Short,2026-08-28T02:01:39Z
2026-08-28T01:53:23Z,2026-08-28T03:53:23+0200,565fb0ed-db72-48c6-a54e-0fdff3a4721b,2026-07-29T23:00:00Z,2026-07-30T01:00:00+0200,164.27,EUR/MWh,ES,ES,imbalance_price,Long,2026-08-28T02:01:39Z
2026-08-28T01:53:23Z,2026-08-28T03:53:23+0200,565fb0ed-db72-48c6-a54e-0fdff3a4721b,2026-07-29T23:00:00Z,2026-07-30T01:00:00+0200,170.78,EUR/MWh,ES,ES,imbalance_price,Short,2026-08-28T02:01:39Z
2026-08-28T01:53:23Z,2026-08-28T03:53:23+0200,565fb0ed-db72-48c6-a54e-0fdff3a4721b,2026-07-29T23:15:00Z,2026-07-30T01:15:00+0200,149.07,EUR/MWh,ES,ES,imbalance_price,Long,2026-08-28T02:01:39Z
2026-08-28T01:53:23Z,2026-08-28T03:53:23+0200,565fb0ed-db72-48c6-a54e-0fdff3a4721b,2026-07-29T23:15:00Z,2026-07-30T01:15:00+0200,155.53,EUR/MWh,ES,ES,imbalance_price,Short,2026-08-28T02:01:39Z
2026-08-28T01:53:23Z,2026-08-28T03:53:23+0200,565fb0ed-db72-48c6-a54e-0fdff3a4721b,2026-07-29T23:30:00Z,2026-07-30T01:30:00+0200,130.49,EUR/MWh,ES,ES,imbalance_price,Long,2026-08-28T02:01:39Z
2026-08-28T01:53:23Z,2026-08-28T03:53:23+0200,565fb0ed-db72-48c6-a54e-0fdff3a4721b,2026-07-29T23:30:00Z,2026-07-30T01:30:00+0200,154.4,EUR/MWh,ES,ES,imbalance_price,Short,2026-08-28T02:01:39Z
2026-08-28T01:53:23Z,2026-08-28T03:53:23+0200,565fb0ed-db72-48c6-a54e-0fdff3a4721b,2026-07-29T23:45:00Z,2026-07-30T01:45:00+0200,108.8,EUR/MWh,ES,ES,imbalance_price,Long,2026-08-28T02:01:39Z
2026-08-28T01:53:23Z,2026-08-28T03:53:23+0200,565fb0ed-db72-48c6-a54e-0fdff3a4721b,2026-07-29T23:45:00Z,2026-07-30T01:45:00+0200,152.99,EUR/MWh,ES,ES,imbalance_price,Short,2026-08-28T02:01:39Z
2026-08-28T01:53:23Z,2026-08-28T03:53:23+0200,565fb0ed-db72-48c6-a54e-0fdff3a4721b,2026-07-30T00:00:00Z,2026-07-30T02:00:00+0200,121.79,EUR/MWh,ES,ES,imbalance_price,Long,2026-08-28T02:01:39Z
2026-08-28T01:53:23Z,2026-08-28T03:53:23+0200,565fb0ed-db72-48c6-a54e-0fdff3a4721b,2026-07-30T00:00:00Z,2026-07-30T02:00:00+0200,151.92,EUR/MWh,ES,ES,imbalance_price,Short,2026-08-28T02:01:39Z
2026-08-28T01:53:23Z,2026-08-28T03:53:23+0200,565fb0ed-db72-48c6-a54e-0fdff3a4721b,2026-07-30T00:15:00Z,2026-07-30T02:15:00+0200,118.77,EUR/MWh,ES,ES,imbalance_price,Long,2026-08-28T02:01:39Z
2026-08-28T01:53:23Z,2026-08-28T03:53:23+0200,565fb0ed-db72-48c6-a54e-0fdff3a4721b,2026-07-30T00:15:00Z,2026-07-30T02:15:00+0200,152.12,EUR/MWh,ES,ES,imbalance_price,Short,2026-08-28T02:01:39Z
2026-08-28T01:53:23Z,2026-08-28T03:53:23+0200,565fb0ed-db72-48c6-a54e-0fdff3a4721b,2026-07-30T00:30:00Z,2026-07-30T02:30:00+0200,128.82,EUR/MWh,ES,ES,imbalance_price,Long,2026-08-28T02:01:39Z
2026-08-28T01:53:23Z,2026-08-28T03:53:23+0200,565fb0ed-db72-48c6-a54e-0fdff3a4721b,2026-07-30T00:30:00Z,2026-07-30T02:30:00+0200,157.32,EUR/MWh,ES,ES,imbalance_price,Short,2026-08-28T02:01:39Z
2026-08-28T01:53:23Z,2026-08-28T03:53:23+0200,565fb0ed-db72-48c6-a54e-0fdff3a4721b,2026-07-30T00:45:00Z,2026-07-30T02:45:00+0200,157.45,EUR/MWh,ES,ES,imbalance_price,Long,2026-08-28T02:01:39Z
2026-08-28T01:53:23Z,2026-08-28T03:53:23+0200,565fb0ed-db72-48c6-a54e-0fdff3a4721b,2026-07-30T00:45:00Z,2026-07-30T02:45:00+0200,157.45,EUR/MWh,ES,ES,imbalance_price,Short,2026-08-28T02:01:39Z
2026-08-28T01:53:23Z,2026-08-28T03:53:23+0200,565fb0ed-db72-48c6-a54e-0fdff3a4721b,2026-07-30T01:00:00Z,2026-07-30T03:00:00+0200,153.41,EUR/MWh,ES,ES,imbalance_price,Long,2026-08-28T02:01:39Z
2026-08-28T01:53:23Z,2026-08-28T03:53:23+0200,565fb0ed-db72-48c6-a54e-0fdff3a4721b,2026-07-30T01:00:00Z,2026-07-30T03:00:00+0200,153.41,EUR/MWh,ES,ES,imbalance_price,Short,2026-08-28T02:01:39Z
2026-08-28T01:53:23Z,2026-08-28T03:53:23+0200,565fb0ed-db72-48c6-a54e-0fdff3a4721b,2026-07-30T01:15:00Z,2026-07-30T03:15:00+0200,153.57,EUR/MWh,ES,ES,imbalance_price,Long,2026-08-28T02:01:39Z
2026-08-28T01:53:23Z,2026-08-28T03:53:23+0200,565fb0ed-db72-48c6-a54e-0fdff3a4721b,2026-07-30T01:15:00Z,2026-07-30T03:15:00+0200,153.57,EUR/MWh,ES,ES,imbalance_price,Short,2026-08-28T02:01:39Z
2026-08-28T01:53:23Z,2026-08-28T03:53:23+0200,565fb0ed-db72-48c6-a54e-0fdff3a4721b,2026-07-30T01:30:00Z,2026-07-30T03:30:00+0200,138.5,EUR/MWh,ES,ES,imbalance_price,Long,2026-08-28T02:01:39Z
2026-08-28T01:53:23Z,2026-08-28T03:53:23+0200,565fb0ed-db72-48c6-a54e-0fdff3a4721b,2026-07-30T01:30:00Z,2026-07-30T03:30:00+0200,174.4,EUR/MWh,ES,ES,imbalance_price,Short,2026-08-28T02:01:39Z
2026-08-28T01:53:23Z,2026-08-28T03:53:23+0200,565fb0ed-db72-48c6-a54e-0fdff3a4721b,2026-07-30T01:45:00Z,2026-07-30T03:45:00+0200,139.27,EUR/MWh,ES,ES,imbalance_price,Long,2026-08-28T02:01:39Z
2026-08-28T01:53:23Z,2026-08-28T03:53:23+0200,565fb0ed-db72-48c6-a54e-0fdff3a4721b,2026-07-30T01:45:00Z,2026-07-30T03:45:00+0200,151.19,EUR/MWh,ES,ES,imbalance_price,Short,2026-08-28T02:01:39Z
2026-08-28T01:53:23Z,2026-08-28T03:53:23+0200,565fb0ed-db72-48c6-a54e-0fdff3a4721b,2026-07-30T02:00:00Z,2026-07-30T04:00:00+0200,156.18,EUR/MWh,ES,ES,imbalance_price,Long,2026-08-28T02:01:39Z
2026-08-28T01:53:23Z,2026-08-28T03:53:23+0200,565fb0ed-db72-48c6-a54e-0fdff3a4721b,2026-07-30T02:00:00Z,2026-07-30T04:00:00+0200,156.18,EUR/MWh,ES,ES,imbalance_price,Short,2026-08-28T02:01:39Z
2026-08-28T01:53:23Z,2026-08-28T03:53:23+0200,565fb0ed-db72-48c6-a54e-0fdff3a4721b,2026-07-30T02:15:00Z,2026-07-30T04:15:00+0200,128.81,EUR/MWh,ES,ES,imbalance_price,Long,2026-08-28T02:01:39Z
2026-08-28T01:53:23Z,2026-08-28T03:53:23+0200,565fb0ed-db72-48c6-a54e-0fdff3a4721b,2026-07-30T02:15:00Z,2026-07-30T04:15:00+0200,149.38,EUR/MWh,ES,ES,imbalance_price,Short,2026-08-28T02:01:39Z
2026-08-28T01:53:23Z,2026-08-28T03:53:23+0200,565fb0ed-db72-48c6-a54e-0fdff3a4721b,2026-07-30T02:30:00Z,2026-07-30T04:30:00+0200,138.3,EUR/MWh,ES,ES,imbalance_price,Long,2026-08-28T02:01:39Z
2026-08-28T01:53:23Z,2026-08-28T03:53:23+0200,565fb0ed-db72-48c6-a54e-0fdff3a4721b,2026-07-30T02:30:00Z,2026-07-30T04:30:00+0200,154.37,EUR/MWh,ES,ES,imbalance_price,Short,2026-08-28T02:01:39Z
2026-08-28T01:53:23Z,2026-08-28T03:53:23+0200,565fb0ed-db72-48c6-a54e-0fdff3a4721b,2026-07-30T02:45:00Z,2026-07-30T04:45:00+0200,119.64,EUR/MWh,ES,ES,imbalance_price,Long,2026-08-28T02:01:39Z
2026-08-28T01:53:23Z,2026-08-28T03:53:23+0200,565fb0ed-db72-48c6-a54e-0fdff3a4721b,2026-07-30T02:45:00Z,2026-07-30T04:45:00+0200,147.01,EUR/MWh,ES,ES,imbalance_price,Short,2026-08-28T02:01:39Z
2026-08-28T01:53:23Z,2026-08-28T03:53:23+0200,565fb0ed-db72-48c6-a54e-0fdff3a4721b,2026-07-30T03:00:00Z,2026-07-30T05:00:00+0200,168.87,EUR/MWh,ES,ES,imbalance_price,Long,2026-08-28T02:01:39Z
2026-08-28T01:53:23Z,2026-08-28T03:53:23+0200,565fb0ed-db72-48c6-a54e-0fdff3a4721b,2026-07-30T03:00:00Z,2026-07-30T05:00:00+0200,144.81,EUR/MWh,ES,ES,imbalance_price,Short,2026-08-28T02:01:39Z
2026-08-28T01:53:23Z,2026-08-28T03:53:23+0200,565fb0ed-db72-48c6-a54e-0fdff3a4721b,2026-07-30T03:15:00Z,2026-07-30T05:15:00+0200,144.76,EUR/MWh,ES,ES,imbalance_price,Long,2026-08-28T02:01:39Z
2026-08-28T01:53:23Z,2026-08-28T03:53:23+0200,565fb0ed-db72-48c6-a54e-0fdff3a4721b,2026-07-30T03:15:00Z,2026-07-30T05:15:00+0200,139.23,EUR/MWh,ES,ES,imbalance_price,Short,2026-08-28T02:01:39Z
2026-08-28T01:53:23Z,2026-08-28T03:53:23+0200,565fb0ed-db72-48c6-a54e-0fdff3a4721b,2026-07-30T03:30:00Z,2026-07-30T05:30:00+0200,134.94,EUR/MWh,ES,ES,imbalance_price,Long,2026-08-28T02:01:39Z
2026-08-28T01:53:23Z,2026-08-28T03:53:23+0200,565fb0ed-db72-48c6-a54e-0fdff3a4721b,2026-07-30T03:30:00Z,2026-07-30T05:30:00+0200,140.14,EUR/MWh,ES,ES,imbalance_price,Short,2026-08-28T02:01:39Z
2026-08-28T01:53:23Z,2026-08-28T03:53:23+0200,565fb0ed-db72-48c6-a54e-0fdff3a4721b,2026-07-30T03:45:00Z,2026-07-30T05:45:00+0200,123.84,EUR/MWh,ES,ES,imbalance_price,Long,2026-08-28T02:01:39Z
2026-08-28T01:53:23Z,2026-08-28T03:53:23+0200,565fb0ed-db72-48c6-a54e-0fdff3a4721b,2026-07-30T03:45:00Z,2026-07-30T05:45:00+0200,140.07,EUR/MWh,ES,ES,imbalance_price,Short,2026-08-28T02:01:39Z
2026-08-28T01:53:23Z,2026-08-28T03:53:23+0200,565fb0ed-db72-48c6-a54e-0fdff3a4721b,2026-07-30T04:00:00Z,2026-07-30T06:00:00+0200,123.38,EUR/MWh,ES,ES,imbalance_price,Long,2026-08-28T02:01:39Z
2026-08-28T01:53:23Z,2026-08-28T03:53:23+0200,565fb0ed-db72-48c6-a54e-0fdff3a4721b,2026-07-30T04:00:00Z,2026-07-30T06:00:00+0200,145.31,EUR/MWh,ES,ES,imbalance_price,Short,2026-08-28T02:01:39Z
2026-08-28T01:53:23Z,2026-08-28T03:53:23+0200,565fb0ed-db72-48c6-a54e-0fdff3a4721b,2026-07-30T04:15:00Z,2026-07-30T06:15:00+0200,141.35,EUR/MWh,ES,ES,imbalance_price,Long,2026-08-28T02:01:39Z
2026-08-28T01:53:23Z,2026-08-28T03:53:23+0200,565fb0ed-db72-48c6-a54e-0fdff3a4721b,2026-07-30T04:15:00Z,2026-07-30T06:15:00+0200,146.24,EUR/MWh,ES,ES,imbalance_price,Short,2026-08-28T02:01:39Z
2026-08-28T01:53:23Z,2026-08-28T03:53:23+0200,565fb0ed-db72-48c6-a54e-0fdff3a4721b,2026-07-30T04:30:00Z,2026-07-30T06:30:00+0200,117.86,EUR/MWh,ES,ES,imbalance_price,Long,2026-08-28T02:01:39Z
2026-08-28T01:53:23Z,2026-08-28T03:53:23+0200,565fb0ed-db72-48c6-a54e-0fdff3a4721b,2026-07-30T04:30:00Z,2026-07-30T06:30:00+0200,154.59,EUR/MWh,ES,ES,imbalance_price,Short,2026-08-28T02:01:39Z
2026-08-28T01:53:23Z,2026-08-28T03:53:23+0200,565fb0ed-db72-48c6-a54e-0fdff3a4721b,2026-07-30T04:45:00Z,2026-07-30T06:45:00+0200,125.93,EUR/MWh,ES,ES,imbalance_price,Long,2026-08-28T02:01:39Z
2026-08-28T01:53:23Z,2026-08-28T03:53:23+0200,565fb0ed-db72-48c6-a54e-0fdff3a4721b,2026-07-30T04:45:00Z,2026-07-30T06:45:00+0200,155.53,EUR/MWh,ES,ES,imbalance_price,Short,2026-08-28T02:01:39Z
2026-08-28T01:53:23Z,2026-08-28T03:53:23+0200,565fb0ed-db72-48c6-a54e-0fdff3a4721b,2026-07-30T05:00:00Z,2026-07-30T07:00:00+0200,155.14,EUR/MWh,ES,ES,imbalance_price,Long,2026-08-28T02:01:39Z
2026-08-28T01:53:23Z,2026-08-28T03:53:23+0200,565fb0ed-db72-48c6-a54e-0fdff3a4721b,2026-07-30T05:00:00Z,2026-07-30T07:00:00+0200,155.14,EUR/MWh,ES,ES,imbalance_price,Short,2026-08-28T02:01:39Z
2026-08-28T01:53:23Z,2026-08-28T03:53:23+0200,565fb0ed-db72-48c6-a54e-0fdff3a4721b,2026-07-30T05:15:00Z,2026-07-30T07:15:00+0200,132.02,EUR/MWh,ES,ES,imbalance_price,Long,2026-08-28T02:01:39Z
2026-08-28T01:53:23Z,2026-08-28T03:53:23+0200,565fb0ed-db72-48c6-a54e-0fdff3a4721b,2026-07-30T05:15:00Z,2026-07-30T07:15:00+0200,152.75,EUR/MWh,ES,ES,imbalance_price,Short,2026-08-28T02:01:39Z
2026-08-28T01:53:23Z,2026-08-28T03:53:23+0200,565fb0ed-db72-48c6-a54e-0fdff3a4721b,2026-07-30T05:30:00Z,2026-07-30T07:30:00+0200,136.22,EUR/MWh,ES,ES,imbalance_price,Long,2026-08-28T02:01:39Z
2026-08-28T01:53:23Z,2026-08-28T03:53:23+0200,565fb0ed-db72-48c6-a54e-0fdff3a4721b,2026-07-30T05:30:00Z,2026-07-30T07:30:00+0200,157.99,EUR/MWh,ES,ES,imbalance_price,Short,2026-08-28T02:01:39Z
2026-08-28T01:53:23Z,2026-08-28T03:53:23+0200,565fb0ed-db72-48c6-a54e-0fdff3a4721b,2026-07-30T05:45:00Z,2026-07-30T07:45:00+0200,144.91,EUR/MWh,ES,ES,imbalance_price,Long,2026-08-28T02:01:39Z
2026-08-28T01:53:23Z,2026-08-28T03:53:23+0200,565fb0ed-db72-48c6-a54e-0fdff3a4721b,2026-07-30T05:45:00Z,2026-07-30T07:45:00+0200,162.67,EUR/MWh,ES,ES,imbalance_price,Short,2026-08-28T02:01:39Z
2026-08-28T01:53:23Z,2026-08-28T03:53:23+0200,565fb0ed-db72-48c6-a54e-0fdff3a4721b,2026-07-30T06:00:00Z,2026-07-30T08:00:00+0200,146.35,EUR/MWh,ES,ES,imbalance_price,Long,2026-08-28T02:01:39Z
2026-08-28T01:53:23Z,2026-08-28T03:53:23+0200,565fb0ed-db72-48c6-a54e-0fdff3a4721b,2026-07-30T06:00:00Z,2026-07-30T08:00:00+0200,173.68,EUR/MWh,ES,ES,imbalance_price,Short,2026-08-28T02:01:39Z
2026-08-28T01:53:23Z,2026-08-28T03:53:23+0200,565fb0ed-db72-48c6-a54e-0fdff3a4721b,2026-07-30T06:15:00Z,2026-07-30T08:15:00+0200,143.63,EUR/MWh,ES,ES,imbalance_price,Long,2026-08-28T02:01:39Z
2026-08-28T01:53:23Z,2026-08-28T03:53:23+0200,565fb0ed-db72-48c6-a54e-0fdff3a4721b,2026-07-30T06:15:00Z,2026-07-30T08:15:00+0200,142.59,EUR/MWh,ES,ES,imbalance_price,Short,2026-08-28T02:01:39Z
2026-08-28T01:53:23Z,2026-08-28T03:53:23+0200,565fb0ed-db72-48c6-a54e-0fdff3a4721b,2026-07-30T06:30:00Z,2026-07-30T08:30:00+0200,104.7,EUR/MWh,ES,ES,imbalance_price,Long,2026-08-28T02:01:39Z
2026-08-28T01:53:23Z,2026-08-28T03:53:23+0200,565fb0ed-db72-48c6-a54e-0fdff3a4721b,2026-07-30T06:30:00Z,2026-07-30T08:30:00+0200,139.06,EUR/MWh,ES,ES,imbalance_price,Short,2026-08-28T02:01:39Z
2026-08-28T01:53:23Z,2026-08-28T03:53:23+0200,565fb0ed-db72-48c6-a54e-0fdff3a4721b,2026-07-30T06:45:00Z,2026-07-30T08:45:00+0200,157.19,EUR/MWh,ES,ES,imbalance_price,Long,2026-08-28T02:01:39Z
2026-08-28T01:53:23Z,2026-08-28T03:53:23+0200,565fb0ed-db72-48c6-a54e-0fdff3a4721b,2026-07-30T06:45:00Z,2026-07-30T08:45:00+0200,137.65,EUR/MWh,ES,ES,imbalance_price,Short,2026-08-28T02:01:39Z
2026-08-28T01:53:23Z,2026-08-28T03:53:23+0200,565fb0ed-db72-48c6-a54e-0fdff3a4721b,2026-07-30T07:00:00Z,2026-07-30T09:00:00+0200,113.94,EUR/MWh,ES,ES,imbalance_price,Long,2026-08-28T02:01:39Z
2026-08-28T01:53:23Z,2026-08-28T03:53:23+0200,565fb0ed-db72-48c6-a54e-0fdff3a4721b,2026-07-30T07:00:00Z,2026-07-30T09:00:00+0200,142.39,EUR/MWh,ES,ES,imbalance_price,Short,2026-08-28T02:01:39Z
2026-08-28T01:53:23Z,2026-08-28T03:53:23+0200,565fb0ed-db72-48c6-a54e-0fdff3a4721b,2026-07-30T07:15:00Z,2026-07-30T09:15:00+0200,134.12,EUR/MWh,ES,ES,imbalance_price,Long,2026-08-28T02:01:39Z
2026-08-28T01:53:23Z,2026-08-28T03:53:23+0200,565fb0ed-db72-48c6-a54e-0fdff3a4721b,2026-07-30T07:15:00Z,2026-07-30T09:15:00+0200,140.55,EUR/MWh,ES,ES,imbalance_price,Short,2026-08-28T02:01:39Z
2026-08-28T01:53:23Z,2026-08-28T03:53:23+0200,565fb0ed-db72-48c6-a54e-0fdff3a4721b,2026-07-30T07:30:00Z,2026-07-30T09:30:00+0200,133.16,EUR/MWh,ES,ES,imbalance_price,Long,2026-08-28T02:01:39Z
2026-08-28T01:53:23Z,2026-08-28T03:53:23+0200,565fb0ed-db72-48c6-a54e-0fdff3a4721b,2026-07-30T07:30:00Z,2026-07-30T09:30:00+0200,138.55,EUR/MWh,ES,ES,imbalance_price,Short,2026-08-28T02:01:39Z
2026-08-28T01:53:23Z,2026-08-28T03:53:23+0200,565fb0ed-db72-48c6-a54e-0fdff3a4721b,2026-07-30T07:45:00Z,2026-07-30T09:45:00+0200,136.4,EUR/MWh,ES,ES,imbalance_price,Long,2026-08-28T02:01:39Z
2026-08-28T01:53:23Z,2026-08-28T03:53:23+0200,565fb0ed-db72-48c6-a54e-0fdff3a4721b,2026-07-30T07:45:00Z,2026-07-30T09:45:00+0200,136.4,EUR/MWh,ES,ES,imbalance_price,Short,2026-08-28T02:01:39Z
2026-08-28T01:53:23Z,2026-08-28T03:53:23+0200,565fb0ed-db72-48c6-a54e-0fdff3a4721b,2026-07-30T08:00:00Z,2026-07-30T10:00:00+0200,148.93,EUR/MWh,ES,ES,imbalance_price,Long,2026-08-28T02:01:39Z
2026-08-28T01:53:23Z,2026-08-28T03:53:23+0200,565fb0ed-db72-48c6-a54e-0fdff3a4721b,2026-07-30T08:00:00Z,2026-07-30T10:00:00+0200,148.93,EUR/MWh,ES,ES,imbalance_price,Short,2026-08-28T02:01:39Z
2026-08-28T01:53:23Z,2026-08-28T03:53:23+0200,565fb0ed-db72-48c6-a54e-0fdff3a4721b,2026-07-30T08:15:00Z,2026-07-30T10:15:00+0200,127.37,EUR/MWh,ES,ES,imbalance_price,Long,2026-08-28T02:01:39Z
2026-08-28T01:53:23Z,2026-08-28T03:53:23+0200,565fb0ed-db72-48c6-a54e-0fdff3a4721b,2026-07-30T08:15:00Z,2026-07-30T10:15:00+0200,127.37,EUR/MWh,ES,ES,imbalance_price,Short,2026-08-28T02:01:39Z
2026-08-28T01:53:23Z,2026-08-28T03:53:23+0200,565fb0ed-db72-48c6-a54e-0fdff3a4721b,2026-07-30T08:30:00Z,2026-07-30T10:30:00+0200,141.75,EUR/MWh,ES,ES,imbalance_price,Long,2026-08-28T02:01:39Z
2026-08-28T01:53:23Z,2026-08-28T03:53:23+0200,565fb0ed-db72-48c6-a54e-0fdff3a4721b,2026-07-30T08:30:00Z,2026-07-30T10:30:00+0200,141.75,EUR/MWh,ES,ES,imbalance_price,Short,2026-08-28T02:01:39Z
2026-08-28T01:53:23Z,2026-08-28T03:53:23+0200,565fb0ed-db72-48c6-a54e-0fdff3a4721b,2026-07-30T08:45:00Z,2026-07-30T10:45:00+0200,-2.63,EUR/MWh,ES,ES,imbalance_price,Long,2026-08-28T02:01:39Z
2026-08-28T01:53:23Z,2026-08-28T03:53:23+0200,565fb0ed-db72-48c6-a54e-0fdff3a4721b,2026-07-30T08:45:00Z,2026-07-30T10:45:00+0200,181.87,EUR/MWh,ES,ES,imbalance_price,Short,2026-08-28T02:01:39Z
2026-08-28T01:53:23Z,2026-08-28T03:53:23+0200,565fb0ed-db72-48c6-a54e-0fdff3a4721b,2026-07-30T09:00:00Z,2026-07-30T11:00:00+0200,-7.59,EUR/MWh,ES,ES,imbalance_price,Long,2026-08-28T02:01:39Z
2026-08-28T01:53:23Z,2026-08-28T03:53:23+0200,565fb0ed-db72-48c6-a54e-0fdff3a4721b,2026-07-30T09:00:00Z,2026-07-30T11:00:00+0200,167.16,EUR/MWh,ES,ES,imbalance_price,Short,2026-08-28T02:01:39Z
2026-08-28T01:53:23Z,2026-08-28T03:53:23+0200,565fb0ed-db72-48c6-a54e-0fdff3a4721b,2026-07-30T09:15:00Z,2026-07-30T11:15:00+0200,-2.37,EUR/MWh,ES,ES,imbalance_price,Long,2026-08-28T02:01:39Z
2026-08-28T01:53:23Z,2026-08-28T03:53:23+0200,565fb0ed-db72-48c6-a54e-0fdff3a4721b,2026-07-30T09:15:00Z,2026-07-30T11:15:00+0200,119.08,EUR/MWh,ES,ES,imbalance_price,Short,2026-08-28T02:01:39Z
2026-08-28T01:53:23Z,2026-08-28T03:53:23+0200,565fb0ed-db72-48c6-a54e-0fdff3a4721b,2026-07-30T09:30:00Z,2026-07-30T11:30:00+0200,0.35,EUR/MWh,ES,ES,imbalance_price,Long,2026-08-28T02:01:39Z
2026-08-28T01:53:23Z,2026-08-28T03:53:23+0200,565fb0ed-db72-48c6-a54e-0fdff3a4721b,2026-07-30T09:30:00Z,2026-07-30T11:30:00+0200,117.85,EUR/MWh,ES,ES,imbalance_price,Short,2026-08-28T02:01:39Z
2026-08-28T01:53:23Z,2026-08-28T03:53:23+0200,565fb0ed-db72-48c6-a54e-0fdff3a4721b,2026-07-30T09:45:00Z,2026-07-30T11:45:00+0200,9.51,EUR/MWh,ES,ES,imbalance_price,Long,2026-08-28T02:01:39Z
2026-08-28T01:53:23Z,2026-08-28T03:53:23+0200,565fb0ed-db72-48c6-a54e-0fdff3a4721b,2026-07-30T09:45:00Z,2026-07-30T11:45:00+0200,144.5,EUR/MWh,ES,ES,imbalance_price,Short,2026-08-28T02:01:39Z
2026-08-28T01:53:23Z,2026-08-28T03:53:23+0200,565fb0ed-db72-48c6-a54e-0fdff3a4721b,2026-07-30T10:00:00Z,2026-07-30T12:00:00+0200,11.82,EUR/MWh,ES,ES,imbalance_price,Long,2026-08-28T02:01:39Z
2026-08-28T01:53:23Z,2026-08-28T03:53:23+0200,565fb0ed-db72-48c6-a54e-0fdff3a4721b,2026-07-30T10:00:00Z,2026-07-30T12:00:00+0200,149.75,EUR/MWh,ES,ES,imbalance_price,Short,2026-08-28T02:01:39Z
2026-08-28T01:53:23Z,2026-08-28T03:53:23+0200,565fb0ed-db72-48c6-a54e-0fdff3a4721b,2026-07-30T10:15:00Z,2026-07-30T12:15:00+0200,132.9,EUR/MWh,ES,ES,imbalance_price,Long,2026-08-28T02:01:39Z
2026-08-28T01:53:23Z,2026-08-28T03:53:23+0200,565fb0ed-db72-48c6-a54e-0fdff3a4721b,2026-07-30T10:15:00Z,2026-07-30T12:15:00+0200,132.9,EUR/MWh,ES,ES,imbalance_price,Short,2026-08-28T02:01:39Z
2026-08-28T01:53:23Z,2026-08-28T03:53:23+0200,565fb0ed-db72-48c6-a54e-0fdff3a4721b,2026-07-30T10:30:00Z,2026-07-30T12:30:00+0200,27.61,EUR/MWh,ES,ES,imbalance_price,Long,2026-08-28T02:01:39Z
2026-08-28T01:53:23Z,2026-08-28T03:53:23+0200,565fb0ed-db72-48c6-a54e-0fdff3a4721b,2026-07-30T10:30:00Z,2026-07-30T12:30:00+0200,135.4,EUR/MWh,ES,ES,imbalance_price,Short,2026-08-28T02:01:39Z
2026-08-28T01:53:23Z,2026-08-28T03:53:23+0200,565fb0ed-db72-48c6-a54e-0fdff3a4721b,2026-07-30T10:45:00Z,2026-07-30T12:45:00+0200,21.47,EUR/MWh,ES,ES,imbalance_price,Long,2026-08-28T02:01:39Z
2026-08-28T01:53:23Z,2026-08-28T03:53:23+0200,565fb0ed-db72-48c6-a54e-0fdff3a4721b,2026-07-30T10:45:00Z,2026-07-30T12:45:00+0200,133.99,EUR/MWh,ES,ES,imbalance_price,Short,2026-08-28T02:01:39Z
2026-08-28T01:53:23Z,2026-08-28T03:53:23+0200,565fb0ed-db72-48c6-a54e-0fdff3a4721b,2026-07-30T11:00:00Z,2026-07-30T13:00:00+0200,57.99,EUR/MWh,ES,ES,imbalance_price,Long,2026-08-28T02:01:39Z
2026-08-28T01:53:23Z,2026-08-28T03:53:23+0200,565fb0ed-db72-48c6-a54e-0fdff3a4721b,2026-07-30T11:00:00Z,2026-07-30T13:00:00+0200,144.54,EUR/MWh,ES,ES,imbalance_price,Short,2026-08-28T02:01:39Z
2026-08-28T01:53:23Z,2026-08-28T03:53:23+0200,565fb0ed-db72-48c6-a54e-0fdff3a4721b,2026-07-30T11:15:00Z,2026-07-30T13:15:00+0200,-5.87,EUR/MWh,ES,ES,imbalance_price,Long,2026-08-28T02:01:39Z
2026-08-28T01:53:23Z,2026-08-28T03:53:23+0200,565fb0ed-db72-48c6-a54e-0fdff3a4721b,2026-07-30T11:15:00Z,2026-07-30T13:15:00+0200,134.95,EUR/MWh,ES,ES,imbalance_price,Short,2026-08-28T02:01:39Z
2026-08-28T01:53:23Z,2026-08-28T03:53:23+0200,565fb0ed-db72-48c6-a54e-0fdff3a4721b,2026-07-30T11:30:00Z,2026-07-30T13:30:00+0200,-5.58,EUR/MWh,ES,ES,imbalance_price,Long,2026-08-28T02:01:39Z
2026-08-28T01:53:23Z,2026-08-28T03:53:23+0200,565fb0ed-db72-48c6-a54e-0fdff3a4721b,2026-07-30T11:30:00Z,2026-07-30T13:30:00+0200,103.92,EUR/MWh,ES,ES,imbalance_price,Short,2026-08-28T02:01:39Z
2026-08-28T01:53:23Z,2026-08-28T03:53:23+0200,565fb0ed-db72-48c6-a54e-0fdff3a4721b,2026-07-30T11:45:00Z,2026-07-30T13:45:00+0200,-0.3,EUR/MWh,ES,ES,imbalance_price,Long,2026-08-28T02:01:39Z
2026-08-28T01:53:23Z,2026-08-28T03:53:23+0200,565fb0ed-db72-48c6-a54e-0fdff3a4721b,2026-07-30T11:45:00Z,2026-07-30T13:45:00+0200,67.08,EUR/MWh,ES,ES,imbalance_price,Short,2026-08-28T02:01:39Z
2026-08-28T01:53:23Z,2026-08-28T03:53:23+0200,565fb0ed-db72-48c6-a54e-0fdff3a4721b,2026-07-30T12:00:00Z,2026-07-30T14:00:00+0200,127.95,EUR/MWh,ES,ES,imbalance_price,Long,2026-08-28T02:01:39Z
2026-08-28T01:53:23Z,2026-08-28T03:53:23+0200,565fb0ed-db72-48c6-a54e-0fdff3a4721b,2026-07-30T12:00:00Z,2026-07-30T14:00:00+0200,128.34,EUR/MWh,ES,ES,imbalance_price,Short,2026-08-28T02:01:39Z
2026-08-28T01:53:23Z,2026-08-28T03:53:23+0200,565fb0ed-db72-48c6-a54e-0fdff3a4721b,2026-07-30T12:15:00Z,2026-07-30T14:15:00+0200,80.04,EUR/MWh,ES,ES,imbalance_price,Long,2026-08-28T02:01:39Z
2026-08-28T01:53:23Z,2026-08-28T03:53:23+0200,565fb0ed-db72-48c6-a54e-0fdff3a4721b,2026-07-30T12:15:00Z,2026-07-30T14:15:00+0200,121.97,EUR/MWh,ES,ES,imbalance_price,Short,2026-08-28T02:01:39Z
2026-08-28T01:53:23Z,2026-08-28T03:53:23+0200,565fb0ed-db72-48c6-a54e-0fdff3a4721b,2026-07-30T12:30:00Z,2026-07-30T14:30:00+0200,60.8,EUR/MWh,ES,ES,imbalance_price,Long,2026-08-28T02:01:39Z
2026-08-28T01:53:23Z,2026-08-28T03:53:23+0200,565fb0ed-db72-48c6-a54e-0fdff3a4721b,2026-07-30T12:30:00Z,2026-07-30T14:30:00+0200,122.01,EUR/MWh,ES,ES,imbalance_price,Short,2026-08-28T02:01:39Z
2026-08-28T01:53:23Z,2026-08-28T03:53:23+0200,565fb0ed-db72-48c6-a54e-0fdff3a4721b,2026-07-30T12:45:00Z,2026-07-30T14:45:00+0200,11.54,EUR/MWh,ES,ES,imbalance_price,Long,2026-08-28T02:01:39Z
2026-08-28T01:53:23Z,2026-08-28T03:53:23+0200,565fb0ed-db72-48c6-a54e-0fdff3a4721b,2026-07-30T12:45:00Z,2026-07-30T14:45:00+0200,130.63,EUR/MWh,ES,ES,imbalance_price,Short,2026-08-28T02:01:39Z
2026-08-28T01:53:23Z,2026-08-28T03:53:23+0200,565fb0ed-db72-48c6-a54e-0fdff3a4721b,2026-07-30T13:00:00Z,2026-07-30T15:00:00+0200,-2.53,EUR/MWh,ES,ES,imbalance_price,Long,2026-08-28T02:01:39Z
2026-08-28T01:53:23Z,2026-08-28T03:53:23+0200,565fb0ed-db72-48c6-a54e-0fdff3a4721b,2026-07-30T13:00:00Z,2026-07-30T15:00:00+0200,108.9,EUR/MWh,ES,ES,imbalance_price,Short,2026-08-28T02:01:39Z
2026-08-28T01:53:23Z,2026-08-28T03:53:23+0200,565fb0ed-db72-48c6-a54e-0fdff3a4721b,2026-07-30T13:15:00Z,2026-07-30T15:15:00+0200,-0.97,EUR/MWh,ES,ES,imbalance_price,Long,2026-08-28T02:01:39Z
2026-08-28T01:53:23Z,2026-08-28T03:53:23+0200,565fb0ed-db72-48c6-a54e-0fdff3a4721b,2026-07-30T13:15:00Z,2026-07-30T15:15:00+0200,126.54,EUR/MWh,ES,ES,imbalance_price,Short,2026-08-28T02:01:39Z
2026-08-28T01:53:23Z,2026-08-28T03:53:23+0200,565fb0ed-db72-48c6-a54e-0fdff3a4721b,2026-07-30T13:30:00Z,2026-07-30T15:30:00+0200,0.9,EUR/MWh,ES,ES,imbalance_price,Long,2026-08-28T02:01:39Z
2026-08-28T01:53:23Z,2026-08-28T03:53:23+0200,565fb0ed-db72-48c6-a54e-0fdff3a4721b,2026-07-30T13:30:00Z,2026-07-30T15:30:00+0200,18.45,EUR/MWh,ES,ES,imbalance_price,Short,2026-08-28T02:01:39Z
2026-08-28T01:53:23Z,2026-08-28T03:53:23+0200,565fb0ed-db72-48c6-a54e-0fdff3a4721b,2026-07-30T13:45:00Z,2026-07-30T15:45:00+0200,1.61,EUR/MWh,ES,ES,imbalance_price,Long,2026-08-28T02:01:39Z
2026-08-28T01:53:23Z,2026-08-28T03:53:23+0200,565fb0ed-db72-48c6-a54e-0fdff3a4721b,2026-07-30T13:45:00Z,2026-07-30T15:45:00+0200,107.22,EUR/MWh,ES,ES,imbalance_price,Short,2026-08-28T02:01:39Z
2026-08-28T01:53:23Z,2026-08-28T03:53:23+0200,565fb0ed-db72-48c6-a54e-0fdff3a4721b,2026-07-30T14:00:00Z,2026-07-30T16:00:00+0200,10.5,EUR/MWh,ES,ES,imbalance_price,Long,2026-08-28T02:01:39Z
2026-08-28T01:53:23Z,2026-08-28T03:53:23+0200,565fb0ed-db72-48c6-a54e-0fdff3a4721b,2026-07-30T14:00:00Z,2026-07-30T16:00:00+0200,88.11,EUR/MWh,ES,ES,imbalance_price,Short,2026-08-28T02:01:39Z
2026-08-28T01:53:23Z,2026-08-28T03:53:23+0200,565fb0ed-db72-48c6-a54e-0fdff3a4721b,2026-07-30T14:15:00Z,2026-07-30T16:15:00+0200,76.81,EUR/MWh,ES,ES,imbalance_price,Long,2026-08-28T02:01:39Z
2026-08-28T01:53:23Z,2026-08-28T03:53:23+0200,565fb0ed-db72-48c6-a54e-0fdff3a4721b,2026-07-30T14:15:00Z,2026-07-30T16:15:00+0200,76.81,EUR/MWh,ES,ES,imbalance_price,Short,2026-08-28T02:01:39Z
2026-08-28T01:53:23Z,2026-08-28T03:53:23+0200,565fb0ed-db72-48c6-a54e-0fdff3a4721b,2026-07-30T14:30:00Z,2026-07-30T16:30:00+0200,5.57,EUR/MWh,ES,ES,imbalance_price,Long,2026-08-28T02:01:39Z
2026-08-28T01:53:23Z,2026-08-28T03:53:23+0200,565fb0ed-db72-48c6-a54e-0fdff3a4721b,2026-07-30T14:30:00Z,2026-07-30T16:30:00+0200,75.19,EUR/MWh,ES,ES,imbalance_price,Short,2026-08-28T02:01:39Z
2026-08-28T01:53:23Z,2026-08-28T03:53:23+0200,565fb0ed-db72-48c6-a54e-0fdff3a4721b,2026-07-30T14:45:00Z,2026-07-30T16:45:00+0200,7.35,EUR/MWh,ES,ES,imbalance_price,Long,2026-08-28T02:01:39Z
2026-08-28T01:53:23Z,2026-08-28T03:53:23+0200,565fb0ed-db72-48c6-a54e-0fdff3a4721b,2026-07-30T14:45:00Z,2026-07-30T16:45:00+0200,121.32,EUR/MWh,ES,ES,imbalance_price,Short,2026-08-28T02:01:39Z
2026-08-28T01:53:23Z,2026-08-28T03:53:23+0200,565fb0ed-db72-48c6-a54e-0fdff3a4721b,2026-07-30T15:00:00Z,2026-07-30T17:00:00+0200,42.21,EUR/MWh,ES,ES,imbalance_price,Long,2026-08-28T02:01:39Z
2026-08-28T01:53:23Z,2026-08-28T03:53:23+0200,565fb0ed-db72-48c6-a54e-0fdff3a4721b,2026-07-30T15:00:00Z,2026-07-30T17:00:00+0200,116.95,EUR/MWh,ES,ES,imbalance_price,Short,2026-08-28T02:01:39Z
2026-08-28T01:53:23Z,2026-08-28T03:53:23+0200,565fb0ed-db72-48c6-a54e-0fdff3a4721b,2026-07-30T15:15:00Z,2026-07-30T17:15:00+0200,81.44,EUR/MWh,ES,ES,imbalance_price,Long,2026-08-28T02:01:39Z
2026-08-28T01:53:23Z,2026-08-28T03:53:23+0200,565fb0ed-db72-48c6-a54e-0fdff3a4721b,2026-07-30T15:15:00Z,2026-07-30T17:15:00+0200,157.0,EUR/MWh,ES,ES,imbalance_price,Short,2026-08-28T02:01:39Z
2026-08-28T01:53:23Z,2026-08-28T03:53:23+0200,565fb0ed-db72-48c6-a54e-0fdff3a4721b,2026-07-30T15:30:00Z,2026-07-30T17:30:00+0200,31.53,EUR/MWh,ES,ES,imbalance_price,Long,2026-08-28T02:01:39Z
2026-08-28T01:53:23Z,2026-08-28T03:53:23+0200,565fb0ed-db72-48c6-a54e-0fdff3a4721b,2026-07-30T15:30:00Z,2026-07-30T17:30:00+0200,31.53,EUR/MWh,ES,ES,imbalance_price,Short,2026-08-28T02:01:39Z
2026-08-28T01:53:23Z,2026-08-28T03:53:23+0200,565fb0ed-db72-48c6-a54e-0fdff3a4721b,2026-07-30T15:45:00Z,2026-07-30T17:45:00+0200,36.64,EUR/MWh,ES,ES,imbalance_price,Long,2026-08-28T02:01:39Z
2026-08-28T01:53:23Z,2026-08-28T03:53:23+0200,565fb0ed-db72-48c6-a54e-0fdff3a4721b,2026-07-30T15:45:00Z,2026-07-30T17:45:00+0200,101.07,EUR/MWh,ES,ES,imbalance_price,Short,2026-08-28T02:01:39Z
2026-08-28T01:53:23Z,2026-08-28T03:53:23+0200,565fb0ed-db72-48c6-a54e-0fdff3a4721b,2026-07-30T16:00:00Z,2026-07-30T18:00:00+0200,5.98,EUR/MWh,ES,ES,imbalance_price,Long,2026-08-28T02:01:39Z
2026-08-28T01:53:23Z,2026-08-28T03:53:23+0200,565fb0ed-db72-48c6-a54e-0fdff3a4721b,2026-07-30T16:00:00Z,2026-07-30T18:00:00+0200,75.13,EUR/MWh,ES,ES,imbalance_price,Short,2026-08-28T02:01:39Z
2026-08-28T01:53:23Z,2026-08-28T03:53:23+0200,565fb0ed-db72-48c6-a54e-0fdff3a4721b,2026-07-30T16:15:00Z,2026-07-30T18:15:00+0200,6.5,EUR/MWh,ES,ES,imbalance_price,Long,2026-08-28T02:01:39Z
2026-08-28T01:53:23Z,2026-08-28T03:53:23+0200,565fb0ed-db72-48c6-a54e-0fdff3a4721b,2026-07-30T16:15:00Z,2026-07-30T18:15:00+0200,143.95,EUR/MWh,ES,ES,imbalance_price,Short,2026-08-28T02:01:39Z
2026-08-28T01:53:23Z,2026-08-28T03:53:23+0200,565fb0ed-db72-48c6-a54e-0fdff3a4721b,2026-07-30T16:30:00Z,2026-07-30T18:30:00+0200,10.01,EUR/MWh,ES,ES,imbalance_price,Long,2026-08-28T02:01:39Z
2026-08-28T01:53:23Z,2026-08-28T03:53:23+0200,565fb0ed-db72-48c6-a54e-0fdff3a4721b,2026-07-30T16:30:00Z,2026-07-30T18:30:00+0200,156.26,EUR/MWh,ES,ES,imbalance_price,Short,2026-08-28T02:01:39Z
2026-08-28T01:53:23Z,2026-08-28T03:53:23+0200,565fb0ed-db72-48c6-a54e-0fdff3a4721b,2026-07-30T16:45:00Z,2026-07-30T18:45:00+0200,49.47,EUR/MWh,ES,ES,imbalance_price,Long,2026-08-28T02:01:39Z
2026-08-28T01:53:23Z,2026-08-28T03:53:23+0200,565fb0ed-db72-48c6-a54e-0fdff3a4721b,2026-07-30T16:45:00Z,2026-07-30T18:45:00+0200,140.6,EUR/MWh,ES,ES,imbalance_price,Short,2026-08-28T02:01:39Z
2026-08-28T01:53:23Z,2026-08-28T03:53:23+0200,565fb0ed-db72-48c6-a54e-0fdff3a4721b,2026-07-30T17:00:00Z,2026-07-30T19:00:00+0200,109.91,EUR/MWh,ES,ES,imbalance_price,Long,2026-08-28T02:01:39Z
2026-08-28T01:53:23Z,2026-08-28T03:53:23+0200,565fb0ed-db72-48c6-a54e-0fdff3a4721b,2026-07-30T17:00:00Z,2026-07-30T19:00:00+0200,109.91,EUR/MWh,ES,ES,imbalance_price,Short,2026-08-28T02:01:39Z
2026-08-28T01:53:23Z,2026-08-28T03:53:23+0200,565fb0ed-db72-48c6-a54e-0fdff3a4721b,2026-07-30T17:15:00Z,2026-07-30T19:15:00+0200,143.75,EUR/MWh,ES,ES,imbalance_price,Long,2026-08-28T02:01:39Z
2026-08-28T01:53:23Z,2026-08-28T03:53:23+0200,565fb0ed-db72-48c6-a54e-0fdff3a4721b,2026-07-30T17:15:00Z,2026-07-30T19:15:00+0200,143.75,EUR/MWh,ES,ES,imbalance_price,Short,2026-08-28T02:01:39Z
2026-08-28T01:53:23Z,2026-08-28T03:53:23+0200,565fb0ed-db72-48c6-a54e-0fdff3a4721b,2026-07-30T17:30:00Z,2026-07-30T19:30:00+0200,126.85,EUR/MWh,ES,ES,imbalance_price,Long,2026-08-28T02:01:39Z
2026-08-28T01:53:23Z,2026-08-28T03:53:23+0200,565fb0ed-db72-48c6-a54e-0fdff3a4721b,2026-07-30T17:30:00Z,2026-07-30T19:30:00+0200,176.26,EUR/MWh,ES,ES,imbalance_price,Short,2026-08-28T02:01:39Z
2026-08-28T01:53:23Z,2026-08-28T03:53:23+0200,565fb0ed-db72-48c6-a54e-0fdff3a4721b,2026-07-30T17:45:00Z,2026-07-30T19:45:00+0200,176.37,EUR/MWh,ES,ES,imbalance_price,Long,2026-08-28T02:01:39Z
2026-08-28T01:53:23Z,2026-08-28T03:53:23+0200,565fb0ed-db72-48c6-a54e-0fdff3a4721b,2026-07-30T17:45:00Z,2026-07-30T19:45:00+0200,176.37,EUR/MWh,ES,ES,imbalance_price,Short,2026-08-28T02:01:39Z
2026-08-28T01:53:23Z,2026-08-28T03:53:23+0200,565fb0ed-db72-48c6-a54e-0fdff3a4721b,2026-07-30T18:00:00Z,2026-07-30T20:00:00+0200,182.98,EUR/MWh,ES,ES,imbalance_price,Long,2026-08-28T02:01:39Z
2026-08-28T01:53:23Z,2026-08-28T03:53:23+0200,565fb0ed-db72-48c6-a54e-0fdff3a4721b,2026-07-30T18:00:00Z,2026-07-30T20:00:00+0200,182.98,EUR/MWh,ES,ES,imbalance_price,Short,2026-08-28T02:01:39Z
2026-08-28T01:53:23Z,2026-08-28T03:53:23+0200,565fb0ed-db72-48c6-a54e-0fdff3a4721b,2026-07-30T18:15:00Z,2026-07-30T20:15:00+0200,107.79,EUR/MWh,ES,ES,imbalance_price,Long,2026-08-28T02:01:39Z
2026-08-28T01:53:23Z,2026-08-28T03:53:23+0200,565fb0ed-db72-48c6-a54e-0fdff3a4721b,2026-07-30T18:15:00Z,2026-07-30T20:15:00+0200,172.7,EUR/MWh,ES,ES,imbalance_price,Short,2026-08-28T02:01:39Z
2026-08-28T01:53:23Z,2026-08-28T03:53:23+0200,565fb0ed-db72-48c6-a54e-0fdff3a4721b,2026-07-30T18:30:00Z,2026-07-30T20:30:00+0200,129.91,EUR/MWh,ES,ES,imbalance_price,Long,2026-08-28T02:01:39Z
2026-08-28T01:53:23Z,2026-08-28T03:53:23+0200,565fb0ed-db72-48c6-a54e-0fdff3a4721b,2026-07-30T18:30:00Z,2026-07-30T20:30:00+0200,178.44,EUR/MWh,ES,ES,imbalance_price,Short,2026-08-28T02:01:39Z
2026-08-28T01:53:23Z,2026-08-28T03:53:23+0200,565fb0ed-db72-48c6-a54e-0fdff3a4721b,2026-07-30T18:45:00Z,2026-07-30T20:45:00+0200,190.97,EUR/MWh,ES,ES,imbalance_price,Long,2026-08-28T02:01:39Z
2026-08-28T01:53:23Z,2026-08-28T03:53:23+0200,565fb0ed-db72-48c6-a54e-0fdff3a4721b,2026-07-30T18:45:00Z,2026-07-30T20:45:00+0200,190.97,EUR/MWh,ES,ES,imbalance_price,Short,2026-08-28T02:01:39Z
2026-08-28T01:53:23Z,2026-08-28T03:53:23+0200,565fb0ed-db72-48c6-a54e-0fdff3a4721b,2026-07-30T19:00:00Z,2026-07-30T21:00:00+0200,180.23,EUR/MWh,ES,ES,imbalance_price,Long,2026-08-28T02:01:39Z
2026-08-28T01:53:23Z,2026-08-28T03:53:23+0200,565fb0ed-db72-48c6-a54e-0fdff3a4721b,2026-07-30T19:00:00Z,2026-07-30T21:00:00+0200,180.23,EUR/MWh,ES,ES,imbalance_price,Short,2026-08-28T02:01:39Z
2026-08-28T01:53:23Z,2026-08-28T03:53:23+0200,565fb0ed-db72-48c6-a54e-0fdff3a4721b,2026-07-30T19:15:00Z,2026-07-30T21:15:00+0200,167.24,EUR/MWh,ES,ES,imbalance_price,Long,2026-08-28T02:01:39Z
2026-08-28T01:53:23Z,2026-08-28T03:53:23+0200,565fb0ed-db72-48c6-a54e-0fdff3a4721b,2026-07-30T19:15:00Z,2026-07-30T21:15:00+0200,167.24,EUR/MWh,ES,ES,imbalance_price,Short,2026-08-28T02:01:39Z
2026-08-28T01:53:23Z,2026-08-28T03:53:23+0200,565fb0ed-db72-48c6-a54e-0fdff3a4721b,2026-07-30T19:30:00Z,2026-07-30T21:30:00+0200,190.71,EUR/MWh,ES,ES,imbalance_price,Long,2026-08-28T02:01:39Z
2026-08-28T01:53:23Z,2026-08-28T03:53:23+0200,565fb0ed-db72-48c6-a54e-0fdff3a4721b,2026-07-30T19:30:00Z,2026-07-30T21:30:00+0200,190.71,EUR/MWh,ES,ES,imbalance_price,Short,2026-08-28T02:01:39Z
2026-08-28T01:53:23Z,2026-08-28T03:53:23+0200,565fb0ed-db72-48c6-a54e-0fdff3a4721b,2026-07-30T19:45:00Z,2026-07-30T21:45:00+0200,84.22,EUR/MWh,ES,ES,imbalance_price,Long,2026-08-28T02:01:39Z
2026-08-28T01:53:23Z,2026-08-28T03:53:23+0200,565fb0ed-db72-48c6-a54e-0fdff3a4721b,2026-07-30T19:45:00Z,2026-07-30T21:45:00+0200,202.62,EUR/MWh,ES,ES,imbalance_price,Short,2026-08-28T02:01:39Z
2026-08-28T01:53:23Z,2026-08-28T03:53:23+0200,565fb0ed-db72-48c6-a54e-0fdff3a4721b,2026-07-30T20:00:00Z,2026-07-30T22:00:00+0200,132.24,EUR/MWh,ES,ES,imbalance_price,Long,2026-08-28T02:01:39Z
2026-08-28T01:53:23Z,2026-08-28T03:53:23+0200,565fb0ed-db72-48c6-a54e-0fdff3a4721b,2026-07-30T20:00:00Z,2026-07-30T22:00:00+0200,190.26,EUR/MWh,ES,ES,imbalance_price,Short,2026-08-28T02:01:39Z
2026-08-28T01:53:23Z,2026-08-28T03:53:23+0200,565fb0ed-db72-48c6-a54e-0fdff3a4721b,2026-07-30T20:15:00Z,2026-07-30T22:15:00+0200,111.39,EUR/MWh,ES,ES,imbalance_price,Long,2026-08-28T02:01:39Z
2026-08-28T01:53:23Z,2026-08-28T03:53:23+0200,565fb0ed-db72-48c6-a54e-0fdff3a4721b,2026-07-30T20:15:00Z,2026-07-30T22:15:00+0200,151.74,EUR/MWh,ES,ES,imbalance_price,Short,2026-08-28T02:01:39Z
2026-08-28T01:53:23Z,2026-08-28T03:53:23+0200,565fb0ed-db72-48c6-a54e-0fdff3a4721b,2026-07-30T20:30:00Z,2026-07-30T22:30:00+0200,146.81,EUR/MWh,ES,ES,imbalance_price,Long,2026-08-28T02:01:39Z
2026-08-28T01:53:23Z,2026-08-28T03:53:23+0200,565fb0ed-db72-48c6-a54e-0fdff3a4721b,2026-07-30T20:30:00Z,2026-07-30T22:30:00+0200,146.81,EUR/MWh,ES,ES,imbalance_price,Short,2026-08-28T02:01:39Z
2026-08-28T01:53:23Z,2026-08-28T03:53:23+0200,565fb0ed-db72-48c6-a54e-0fdff3a4721b,2026-07-30T20:45:00Z,2026-07-30T22:45:00+0200,144.6,EUR/MWh,ES,ES,imbalance_price,Long,2026-08-28T02:01:39Z
2026-08-28T01:53:23Z,2026-08-28T03:53:23+0200,565fb0ed-db72-48c6-a54e-0fdff3a4721b,2026-07-30T20:45:00Z,2026-07-30T22:45:00+0200,148.62,EUR/MWh,ES,ES,imbalance_price,Short,2026-08-28T02:01:39Z
2026-08-28T01:53:23Z,2026-08-28T03:53:23+0200,565fb0ed-db72-48c6-a54e-0fdff3a4721b,2026-07-30T21:00:00Z,2026-07-30T23:00:00+0200,168.96,EUR/MWh,ES,ES,imbalance_price,Long,2026-08-28T02:01:39Z
2026-08-28T01:53:23Z,2026-08-28T03:53:23+0200,565fb0ed-db72-48c6-a54e-0fdff3a4721b,2026-07-30T21:00:00Z,2026-07-30T23:00:00+0200,159.74,EUR/MWh,ES,ES,imbalance_price,Short,2026-08-28T02:01:39Z
2026-08-28T01:53:23Z,2026-08-28T03:53:23+0200,565fb0ed-db72-48c6-a54e-0fdff3a4721b,2026-07-30T21:15:00Z,2026-07-30T23:15:00+0200,174.78,EUR/MWh,ES,ES,imbalance_price,Long,2026-08-28T02:01:39Z
2026-08-28T01:53:23Z,2026-08-28T03:53:23+0200,565fb0ed-db72-48c6-a54e-0fdff3a4721b,2026-07-30T21:15:00Z,2026-07-30T23:15:00+0200,148.03,EUR/MWh,ES,ES,imbalance_price,Short,2026-08-28T02:01:39Z
2026-08-28T01:53:23Z,2026-08-28T03:53:23+0200,565fb0ed-db72-48c6-a54e-0fdff3a4721b,2026-07-30T21:30:00Z,2026-07-30T23:30:00+0200,147.25,EUR/MWh,ES,ES,imbalance_price,Long,2026-08-28T02:01:39Z
2026-08-28T01:53:23Z,2026-08-28T03:53:23+0200,565fb0ed-db72-48c6-a54e-0fdff3a4721b,2026-07-30T21:30:00Z,2026-07-30T23:30:00+0200,147.25,EUR/MWh,ES,ES,imbalance_price,Short,2026-08-28T02:01:39Z
2026-08-28T01:53:23Z,2026-08-28T03:53:23+0200,565fb0ed-db72-48c6-a54e-0fdff3a4721b,2026-07-30T21:45:00Z,2026-07-30T23:45:00+0200,176.54,EUR/MWh,ES,ES,imbalance_price,Long,2026-08-28T02:01:39Z
2026-08-28T01:53:23Z,2026-08-28T03:53:23+0200,565fb0ed-db72-48c6-a54e-0fdff3a4721b,2026-07-30T21:45:00Z,2026-07-30T23:45:00+0200,145.12,EUR/MWh,ES,ES,imbalance_price,Short,2026-08-28T02:01:39Z
2026-08-28T01:53:23Z,2026-08-28T03:53:23+0200,565fb0ed-db72-48c6-a54e-0fdff3a4721b,2026-07-30T22:00:00Z,2026-07-31T00:00:00+0200,134.62,EUR/MWh,ES,ES,imbalance_price,Long,2026-08-28T02:01:39Z
2026-08-28T01:53:23Z,2026-08-28T03:53:23+0200,565fb0ed-db72-48c6-a54e-0fdff3a4721b,2026-07-30T22:00:00Z,2026-07-31T00:00:00+0200,146.96,EUR/MWh,ES,ES,imbalance_price,Short,2026-08-28T02:01:39Z
2026-08-28T01:53:23Z,2026-08-28T03:53:23+0200,565fb0ed-db72-48c6-a54e-0fdff3a4721b,2026-07-30T22:15:00Z,2026-07-31T00:15:00+0200,152.97,EUR/MWh,ES,ES,imbalance_price,Long,2026-08-28T02:01:39Z
2026-08-28T01:53:23Z,2026-08-28T03:53:23+0200,565fb0ed-db72-48c6-a54e-0fdff3a4721b,2026-07-30T22:15:00Z,2026-07-31T00:15:00+0200,143.71,EUR/MWh,ES,ES,imbalance_price,Short,2026-08-28T02:01:39Z
2026-08-28T01:53:23Z,2026-08-28T03:53:23+0200,565fb0ed-db72-48c6-a54e-0fdff3a4721b,2026-07-30T22:30:00Z,2026-07-31T00:30:00+0200,155.16,EUR/MWh,ES,ES,imbalance_price,Long,2026-08-28T02:01:39Z
2026-08-28T01:53:23Z,2026-08-28T03:53:23+0200,565fb0ed-db72-48c6-a54e-0fdff3a4721b,2026-07-30T22:30:00Z,2026-07-31T00:30:00+0200,143.75,EUR/MWh,ES,ES,imbalance_price,Short,2026-08-28T02:01:39Z
2026-08-28T01:53:23Z,2026-08-28T03:53:23+0200,565fb0ed-db72-48c6-a54e-0fdff3a4721b,2026-07-30T22:45:00Z,2026-07-31T00:45:00+0200,136.69,EUR/MWh,ES,ES,imbalance_price,Long,2026-08-28T02:01:39Z
2026-08-28T01:53:23Z,2026-08-28T03:53:23+0200,565fb0ed-db72-48c6-a54e-0fdff3a4721b,2026-07-30T22:45:00Z,2026-07-31T00:45:00+0200,142.0,EUR/MWh,ES,ES,imbalance_price,Short,2026-08-28T02:01:39Z
2026-08-28T01:53:23Z,2026-08-28T03:53:23+0200,565fb0ed-db72-48c6-a54e-0fdff3a4721b,2026-07-30T23:00:00Z,2026-07-31T01:00:00+0200,144.31,EUR/MWh,ES,ES,imbalance_price,Long,2026-08-28T02:01:39Z
2026-08-28T01:53:23Z,2026-08-28T03:53:23+0200,565fb0ed-db72-48c6-a54e-0fdff3a4721b,2026-07-30T23:00:00Z,2026-07-31T01:00:00+0200,148.29,EUR/MWh,ES,ES,imbalance_price,Short,2026-08-28T02:01:39Z
2026-08-28T01:53:23Z,2026-08-28T03:53:23+0200,565fb0ed-db72-48c6-a54e-0fdff3a4721b,2026-07-30T23:15:00Z,2026-07-31T01:15:00+0200,156.57,EUR/MWh,ES,ES,imbalance_price,Long,2026-08-28T02:01:39Z
2026-08-28T01:53:23Z,2026-08-28T03:53:23+0200,565fb0ed-db72-48c6-a54e-0fdff3a4721b,2026-07-30T23:15:00Z,2026-07-31T01:15:00+0200,156.57,EUR/MWh,ES,ES,imbalance_price,Short,2026-08-28T02:01:39Z
2026-08-28T01:53:23Z,2026-08-28T03:53:23+0200,565fb0ed-db72-48c6-a54e-0fdff3a4721b,2026-07-30T23:30:00Z,2026-07-31T01:30:00+0200,146.73,EUR/MWh,ES,ES,imbalance_price,Long,2026-08-28T02:01:39Z
2026-08-28T01:53:23Z,2026-08-28T03:53:23+0200,565fb0ed-db72-48c6-a54e-0fdff3a4721b,2026-07-30T23:30:00Z,2026-07-31T01:30:00+0200,144.27,EUR/MWh,ES,ES,imbalance_price,Short,2026-08-28T02:01:39Z
2026-08-28T01:53:23Z,2026-08-28T03:53:23+0200,565fb0ed-db72-48c6-a54e-0fdff3a4721b,2026-07-30T23:45:00Z,2026-07-31T01:45:00+0200,126.71,EUR/MWh,ES,ES,imbalance_price,Long,2026-08-28T02:01:39Z
2026-08-28T01:53:23Z,2026-08-28T03:53:23+0200,565fb0ed-db72-48c6-a54e-0fdff3a4721b,2026-07-30T23:45:00Z,2026-07-31T01:45:00+0200,141.99,EUR/MWh,ES,ES,imbalance_price,Short,2026-08-28T02:01:39Z
2026-08-28T01:53:23Z,2026-08-28T03:53:23+0200,565fb0ed-db72-48c6-a54e-0fdff3a4721b,2026-07-31T00:00:00Z,2026-07-31T02:00:00+0200,136.6,EUR/MWh,ES,ES,imbalance_price,Long,2026-08-28T02:01:39Z
2026-08-28T01:53:23Z,2026-08-28T03:53:23+0200,565fb0ed-db72-48c6-a54e-0fdff3a4721b,2026-07-31T00:00:00Z,2026-07-31T02:00:00+0200,138.81,EUR/MWh,ES,ES,imbalance_price,Short,2026-08-28T02:01:39Z
2026-08-28T01:53:23Z,2026-08-28T03:53:23+0200,565fb0ed-db72-48c6-a54e-0fdff3a4721b,2026-07-31T00:15:00Z,2026-07-31T02:15:00+0200,129.92,EUR/MWh,ES,ES,imbalance_price,Long,2026-08-28T02:01:39Z
2026-08-28T01:53:23Z,2026-08-28T03:53:23+0200,565fb0ed-db72-48c6-a54e-0fdff3a4721b,2026-07-31T00:15:00Z,2026-07-31T02:15:00+0200,134.92,EUR/MWh,ES,ES,imbalance_price,Short,2026-08-28T02:01:39Z
2026-08-28T01:53:23Z,2026-08-28T03:53:23+0200,565fb0ed-db72-48c6-a54e-0fdff3a4721b,2026-07-31T00:30:00Z,2026-07-31T02:30:00+0200,133.86,EUR/MWh,ES,ES,imbalance_price,Long,2026-08-28T02:01:39Z
2026-08-28T01:53:23Z,2026-08-28T03:53:23+0200,565fb0ed-db72-48c6-a54e-0fdff3a4721b,2026-07-31T00:30:00Z,2026-07-31T02:30:00+0200,138.27,EUR/MWh,ES,ES,imbalance_price,Short,2026-08-28T02:01:39Z
2026-08-28T01:53:23Z,2026-08-28T03:53:23+0200,565fb0ed-db72-48c6-a54e-0fdff3a4721b,2026-07-31T00:45:00Z,2026-07-31T02:45:00+0200,133.88,EUR/MWh,ES,ES,imbalance_price,Long,2026-08-28T02:01:39Z
2026-08-28T01:53:23Z,2026-08-28T03:53:23+0200,565fb0ed-db72-48c6-a54e-0fdff3a4721b,2026-07-31T00:45:00Z,2026-07-31T02:45:00+0200,137.1,EUR/MWh,ES,ES,imbalance_price,Short,2026-08-28T02:01:39Z
2026-08-28T01:53:23Z,2026-08-28T03:53:23+0200,565fb0ed-db72-48c6-a54e-0fdff3a4721b,2026-07-31T01:00:00Z,2026-07-31T03:00:00+0200,151.78,EUR/MWh,ES,ES,imbalance_price,Long,2026-08-28T02:01:39Z
2026-08-28T01:53:23Z,2026-08-28T03:53:23+0200,565fb0ed-db72-48c6-a54e-0fdff3a4721b,2026-07-31T01:00:00Z,2026-07-31T03:00:00+0200,155.91,EUR/MWh,ES,ES,imbalance_price,Short,2026-08-28T02:01:39Z
2026-08-28T01:53:23Z,2026-08-28T03:53:23+0200,565fb0ed-db72-48c6-a54e-0fdff3a4721b,2026-07-31T01:15:00Z,2026-07-31T03:15:00+0200,133.48,EUR/MWh,ES,ES,imbalance_price,Long,2026-08-28T02:01:39Z
2026-08-28T01:53:23Z,2026-08-28T03:53:23+0200,565fb0ed-db72-48c6-a54e-0fdff3a4721b,2026-07-31T01:15:00Z,2026-07-31T03:15:00+0200,150.4,EUR/MWh,ES,ES,imbalance_price,Short,2026-08-28T02:01:39Z
2026-08-28T01:53:23Z,2026-08-28T03:53:23+0200,565fb0ed-db72-48c6-a54e-0fdff3a4721b,2026-07-31T01:30:00Z,2026-07-31T03:30:00+0200,140.71,EUR/MWh,ES,ES,imbalance_price,Long,2026-08-28T02:01:39Z
2026-08-28T01:53:23Z,2026-08-28T03:53:23+0200,565fb0ed-db72-48c6-a54e-0fdff3a4721b,2026-07-31T01:30:00Z,2026-07-31T03:30:00+0200,142.14,EUR/MWh,ES,ES,imbalance_price,Short,2026-08-28T02:01:39Z
2026-08-28T01:53:23Z,2026-08-28T03:53:23+0200,565fb0ed-db72-48c6-a54e-0fdff3a4721b,2026-07-31T01:45:00Z,2026-07-31T03:45:00+0200,138.44,EUR/MWh,ES,ES,imbalance_price,Long,2026-08-28T02:01:39Z
2026-08-28T01:53:23Z,2026-08-28T03:53:23+0200,565fb0ed-db72-48c6-a54e-0fdff3a4721b,2026-07-31T01:45:00Z,2026-07-31T03:45:00+0200,146.04,EUR/MWh,ES,ES,imbalance_price,Short,2026-08-28T02:01:39Z
2026-08-28T01:53:23Z,2026-08-28T03:53:23+0200,565fb0ed-db72-48c6-a54e-0fdff3a4721b,2026-07-31T02:00:00Z,2026-07-31T04:00:00+0200,137.74,EUR/MWh,ES,ES,imbalance_price,Long,2026-08-28T02:01:39Z
2026-08-28T01:53:23Z,2026-08-28T03:53:23+0200,565fb0ed-db72-48c6-a54e-0fdff3a4721b,2026-07-31T02:00:00Z,2026-07-31T04:00:00+0200,140.9,EUR/MWh,ES,ES,imbalance_price,Short,2026-08-28T02:01:39Z
2026-08-28T01:53:23Z,2026-08-28T03:53:23+0200,565fb0ed-db72-48c6-a54e-0fdff3a4721b,2026-07-31T02:15:00Z,2026-07-31T04:15:00+0200,141.54,EUR/MWh,ES,ES,imbalance_price,Long,2026-08-28T02:01:39Z
2026-08-28T01:53:23Z,2026-08-28T03:53:23+0200,565fb0ed-db72-48c6-a54e-0fdff3a4721b,2026-07-31T02:15:00Z,2026-07-31T04:15:00+0200,143.1,EUR/MWh,ES,ES,imbalance_price,Short,2026-08-28T02:01:39Z
2026-08-28T01:53:23Z,2026-08-28T03:53:23+0200,565fb0ed-db72-48c6-a54e-0fdff3a4721b,2026-07-31T02:30:00Z,2026-07-31T04:30:00+0200,142.85,EUR/MWh,ES,ES,imbalance_price,Long,2026-08-28T02:01:39Z
2026-08-28T01:53:23Z,2026-08-28T03:53:23+0200,565fb0ed-db72-48c6-a54e-0fdff3a4721b,2026-07-31T02:30:00Z,2026-07-31T04:30:00+0200,141.24,EUR/MWh,ES,ES,imbalance_price,Short,2026-08-28T02:01:39Z
2026-08-28T01:53:23Z,2026-08-28T03:53:23+0200,565fb0ed-db72-48c6-a54e-0fdff3a4721b,2026-07-31T02:45:00Z,2026-07-31T04:45:00+0200,152.92,EUR/MWh,ES,ES,imbalance_price,Long,2026-08-28T02:01:39Z
2026-08-28T01:53:23Z,2026-08-28T03:53:23+0200,565fb0ed-db72-48c6-a54e-0fdff3a4721b,2026-07-31T02:45:00Z,2026-07-31T04:45:00+0200,144.59,EUR/MWh,ES,ES,imbalance_price,Short,2026-08-28T02:01:39Z
2026-08-28T01:53:23Z,2026-08-28T03:53:23+0200,565fb0ed-db72-48c6-a54e-0fdff3a4721b,2026-07-31T03:00:00Z,2026-07-31T05:00:00+0200,130.62,EUR/MWh,ES,ES,imbalance_price,Long,2026-08-28T02:01:39Z
2026-08-28T01:53:23Z,2026-08-28T03:53:23+0200,565fb0ed-db72-48c6-a54e-0fdff3a4721b,2026-07-31T03:00:00Z,2026-07-31T05:00:00+0200,140.08,EUR/MWh,ES,ES,imbalance_price,Short,2026-08-28T02:01:39Z
2026-08-28T01:53:23Z,2026-08-28T03:53:23+0200,565fb0ed-db72-48c6-a54e-0fdff3a4721b,2026-07-31T03:15:00Z,2026-07-31T05:15:00+0200,120.22,EUR/MWh,ES,ES,imbalance_price,Long,2026-08-28T02:01:39Z
2026-08-28T01:53:23Z,2026-08-28T03:53:23+0200,565fb0ed-db72-48c6-a54e-0fdff3a4721b,2026-07-31T03:15:00Z,2026-07-31T05:15:00+0200,122.82,EUR/MWh,ES,ES,imbalance_price,Short,2026-08-28T02:01:39Z
2026-08-28T01:53:23Z,2026-08-28T03:53:23+0200,565fb0ed-db72-48c6-a54e-0fdff3a4721b,2026-07-31T03:30:00Z,2026-07-31T05:30:00+0200,116.23,EUR/MWh,ES,ES,imbalance_price,Long,2026-08-28T02:01:39Z
2026-08-28T01:53:23Z,2026-08-28T03:53:23+0200,565fb0ed-db72-48c6-a54e-0fdff3a4721b,2026-07-31T03:30:00Z,2026-07-31T05:30:00+0200,143.12,EUR/MWh,ES,ES,imbalance_price,Short,2026-08-28T02:01:39Z
2026-08-28T01:53:23Z,2026-08-28T03:53:23+0200,565fb0ed-db72-48c6-a54e-0fdff3a4721b,2026-07-31T03:45:00Z,2026-07-31T05:45:00+0200,117.95,EUR/MWh,ES,ES,imbalance_price,Long,2026-08-28T02:01:39Z
2026-08-28T01:53:23Z,2026-08-28T03:53:23+0200,565fb0ed-db72-48c6-a54e-0fdff3a4721b,2026-07-31T03:45:00Z,2026-07-31T05:45:00+0200,167.05,EUR/MWh,ES,ES,imbalance_price,Short,2026-08-28T02:01:39Z
2026-08-28T01:53:23Z,2026-08-28T03:53:23+0200,565fb0ed-db72-48c6-a54e-0fdff3a4721b,2026-07-31T04:00:00Z,2026-07-31T06:00:00+0200,127.71,EUR/MWh,ES,ES,imbalance_price,Long,2026-08-28T02:01:39Z
2026-08-28T01:53:23Z,2026-08-28T03:53:23+0200,565fb0ed-db72-48c6-a54e-0fdff3a4721b,2026-07-31T04:00:00Z,2026-07-31T06:00:00+0200,165.69,EUR/MWh,ES,ES,imbalance_price,Short,2026-08-28T02:01:39Z
2026-08-28T01:53:23Z,2026-08-28T03:53:23+0200,565fb0ed-db72-48c6-a54e-0fdff3a4721b,2026-07-31T04:15:00Z,2026-07-31T06:15:00+0200,107.63,EUR/MWh,ES,ES,imbalance_price,Long,2026-08-28T02:01:39Z
2026-08-28T01:53:23Z,2026-08-28T03:53:23+0200,565fb0ed-db72-48c6-a54e-0fdff3a4721b,2026-07-31T04:15:00Z,2026-07-31T06:15:00+0200,172.75,EUR/MWh,ES,ES,imbalance_price,Short,2026-08-28T02:01:39Z
2026-08-28T01:53:23Z,2026-08-28T03:53:23+0200,565fb0ed-db72-48c6-a54e-0fdff3a4721b,2026-07-31T04:30:00Z,2026-07-31T06:30:00+0200,69.58,EUR/MWh,ES,ES,imbalance_price,Long,2026-08-28T02:01:39Z
2026-08-28T01:53:23Z,2026-08-28T03:53:23+0200,565fb0ed-db72-48c6-a54e-0fdff3a4721b,2026-07-31T04:30:00Z,2026-07-31T06:30:00+0200,175.75,EUR/MWh,ES,ES,imbalance_price,Short,2026-08-28T02:01:39Z
2026-08-28T01:53:23Z,2026-08-28T03:53:23+0200,565fb0ed-db72-48c6-a54e-0fdff3a4721b,2026-07-31T04:45:00Z,2026-07-31T06:45:00+0200,73.57,EUR/MWh,ES,ES,imbalance_price,Long,2026-08-28T02:01:39Z
2026-08-28T01:53:23Z,2026-08-28T03:53:23+0200,565fb0ed-db72-48c6-a54e-0fdff3a4721b,2026-07-31T04:45:00Z,2026-07-31T06:45:00+0200,172.75,EUR/MWh,ES,ES,imbalance_price,Short,2026-08-28T02:01:39Z
2026-08-28T01:53:23Z,2026-08-28T03:53:23+0200,565fb0ed-db72-48c6-a54e-0fdff3a4721b,2026-07-31T05:00:00Z,2026-07-31T07:00:00+0200,111.18,EUR/MWh,ES,ES,imbalance_price,Long,2026-08-28T02:01:39Z
2026-08-28T01:53:23Z,2026-08-28T03:53:23+0200,565fb0ed-db72-48c6-a54e-0fdff3a4721b,2026-07-31T05:00:00Z,2026-07-31T07:00:00+0200,150.26,EUR/MWh,ES,ES,imbalance_price,Short,2026-08-28T02:01:39Z
2026-08-28T01:53:23Z,2026-08-28T03:53:23+0200,565fb0ed-db72-48c6-a54e-0fdff3a4721b,2026-07-31T05:15:00Z,2026-07-31T07:15:00+0200,134.66,EUR/MWh,ES,ES,imbalance_price,Long,2026-08-28T02:01:39Z
2026-08-28T01:53:23Z,2026-08-28T03:53:23+0200,565fb0ed-db72-48c6-a54e-0fdff3a4721b,2026-07-31T05:15:00Z,2026-07-31T07:15:00+0200,153.87,EUR/MWh,ES,ES,imbalance_price,Short,2026-08-28T02:01:39Z
2026-08-28T01:53:23Z,2026-08-28T03:53:23+0200,565fb0ed-db72-48c6-a54e-0fdff3a4721b,2026-07-31T05:30:00Z,2026-07-31T07:30:00+0200,127.51,EUR/MWh,ES,ES,imbalance_price,Long,2026-08-28T02:01:39Z
2026-08-28T01:53:23Z,2026-08-28T03:53:23+0200,565fb0ed-db72-48c6-a54e-0fdff3a4721b,2026-07-31T05:30:00Z,2026-07-31T07:30:00+0200,156.3,EUR/MWh,ES,ES,imbalance_price,Short,2026-08-28T02:01:39Z
2026-08-28T01:53:23Z,2026-08-28T03:53:23+0200,565fb0ed-db72-48c6-a54e-0fdff3a4721b,2026-07-31T05:45:00Z,2026-07-31T07:45:00+0200,121.87,EUR/MWh,ES,ES,imbalance_price,Long,2026-08-28T02:01:39Z
2026-08-28T01:53:23Z,2026-08-28T03:53:23+0200,565fb0ed-db72-48c6-a54e-0fdff3a4721b,2026-07-31T05:45:00Z,2026-07-31T07:45:00+0200,172.81,EUR/MWh,ES,ES,imbalance_price,Short,2026-08-28T02:01:39Z
2026-08-28T01:53:23Z,2026-08-28T03:53:23+0200,565fb0ed-db72-48c6-a54e-0fdff3a4721b,2026-07-31T06:00:00Z,2026-07-31T08:00:00+0200,134.62,EUR/MWh,ES,ES,imbalance_price,Long,2026-08-28T02:01:39Z
2026-08-28T01:53:23Z,2026-08-28T03:53:23+0200,565fb0ed-db72-48c6-a54e-0fdff3a4721b,2026-07-31T06:00:00Z,2026-07-31T08:00:00+0200,147.93,EUR/MWh,ES,ES,imbalance_price,Short,2026-08-28T02:01:39Z
2026-08-28T01:53:23Z,2026-08-28T03:53:23+0200,565fb0ed-db72-48c6-a54e-0fdff3a4721b,2026-07-31T06:15:00Z,2026-07-31T08:15:00+0200,145.82,EUR/MWh,ES,ES,imbalance_price,Long,2026-08-28T02:01:39Z
2026-08-28T01:53:23Z,2026-08-28T03:53:23+0200,565fb0ed-db72-48c6-a54e-0fdff3a4721b,2026-07-31T06:15:00Z,2026-07-31T08:15:00+0200,157.63,EUR/MWh,ES,ES,imbalance_price,Short,2026-08-28T02:01:39Z
2026-08-28T01:53:23Z,2026-08-28T03:53:23+0200,565fb0ed-db72-48c6-a54e-0fdff3a4721b,2026-07-31T06:30:00Z,2026-07-31T08:30:00+0200,125.6,EUR/MWh,ES,ES,imbalance_price,Long,2026-08-28T02:01:39Z
2026-08-28T01:53:23Z,2026-08-28T03:53:23+0200,565fb0ed-db72-48c6-a54e-0fdff3a4721b,2026-07-31T06:30:00Z,2026-07-31T08:30:00+0200,141.44,EUR/MWh,ES,ES,imbalance_price,Short,2026-08-28T02:01:39Z
2026-08-28T01:53:23Z,2026-08-28T03:53:23+0200,565fb0ed-db72-48c6-a54e-0fdff3a4721b,2026-07-31T06:45:00Z,2026-07-31T08:45:00+0200,136.48,EUR/MWh,ES,ES,imbalance_price,Long,2026-08-28T02:01:39Z
2026-08-28T01:53:23Z,2026-08-28T03:53:23+0200,565fb0ed-db72-48c6-a54e-0fdff3a4721b,2026-07-31T06:45:00Z,2026-07-31T08:45:00+0200,136.48,EUR/MWh,ES,ES,imbalance_price,Short,2026-08-28T02:01:39Z
2026-08-28T01:53:23Z,2026-08-28T03:53:23+0200,565fb0ed-db72-48c6-a54e-0fdff3a4721b,2026-07-31T07:00:00Z,2026-07-31T09:00:00+0200,79.28,EUR/MWh,ES,ES,imbalance_price,Long,2026-08-28T02:01:39Z
2026-08-28T01:53:23Z,2026-08-28T03:53:23+0200,565fb0ed-db72-48c6-a54e-0fdff3a4721b,2026-07-31T07:00:00Z,2026-07-31T09:00:00+0200,127.39,EUR/MWh,ES,ES,imbalance_price,Short,2026-08-28T02:01:39Z
2026-08-28T01:53:23Z,2026-08-28T03:53:23+0200,565fb0ed-db72-48c6-a54e-0fdff3a4721b,2026-07-31T07:15:00Z,2026-07-31T09:15:00+0200,37.15,EUR/MWh,ES,ES,imbalance_price,Long,2026-08-28T02:01:39Z
2026-08-28T01:53:23Z,2026-08-28T03:53:23+0200,565fb0ed-db72-48c6-a54e-0fdff3a4721b,2026-07-31T07:15:00Z,2026-07-31T09:15:00+0200,37.15,EUR/MWh,ES,ES,imbalance_price,Short,2026-08-28T02:01:39Z
2026-08-28T01:53:23Z,2026-08-28T03:53:23+0200,565fb0ed-db72-48c6-a54e-0fdff3a4721b,2026-07-31T07:30:00Z,2026-07-31T09:30:00+0200,45.46,EUR/MWh,ES,ES,imbalance_price,Long,2026-08-28T02:01:39Z
2026-08-28T01:53:23Z,2026-08-28T03:53:23+0200,565fb0ed-db72-48c6-a54e-0fdff3a4721b,2026-07-31T07:30:00Z,2026-07-31T09:30:00+0200,138.74,EUR/MWh,ES,ES,imbalance_price,Short,2026-08-28T02:01:39Z
2026-08-28T01:53:23Z,2026-08-28T03:53:23+0200,565fb0ed-db72-48c6-a54e-0fdff3a4721b,2026-07-31T07:45:00Z,2026-07-31T09:45:00+0200,8.43,EUR/MWh,ES,ES,imbalance_price,Long,2026-08-28T02:01:39Z
2026-08-28T01:53:23Z,2026-08-28T03:53:23+0200,565fb0ed-db72-48c6-a54e-0fdff3a4721b,2026-07-31T07:45:00Z,2026-07-31T09:45:00+0200,134.85,EUR/MWh,ES,ES,imbalance_price,Short,2026-08-28T02:01:39Z
2026-08-28T01:53:23Z,2026-08-28T03:53:23+0200,565fb0ed-db72-48c6-a54e-0fdff3a4721b,2026-07-31T08:00:00Z,2026-07-31T10:00:00+0200,2.43,EUR/MWh,ES,ES,imbalance_price,Long,2026-08-28T02:01:39Z
2026-08-28T01:53:23Z,2026-08-28T03:53:23+0200,565fb0ed-db72-48c6-a54e-0fdff3a4721b,2026-07-31T08:00:00Z,2026-07-31T10:00:00+0200,131.47,EUR/MWh,ES,ES,imbalance_price,Short,2026-08-28T02:01:39Z
2026-08-28T01:53:23Z,2026-08-28T03:53:23+0200,565fb0ed-db72-48c6-a54e-0fdff3a4721b,2026-07-31T08:15:00Z,2026-07-31T10:15:00+0200,2.81,EUR/MWh,ES,ES,imbalance_price,Long,2026-08-28T02:01:39Z
2026-08-28T01:53:23Z,2026-08-28T03:53:23+0200,565fb0ed-db72-48c6-a54e-0fdff3a4721b,2026-07-31T08:15:00Z,2026-07-31T10:15:00+0200,2.81,EUR/MWh,ES,ES,imbalance_price,Short,2026-08-28T02:01:39Z
2026-08-28T01:53:23Z,2026-08-28T03:53:23+0200,565fb0ed-db72-48c6-a54e-0fdff3a4721b,2026-07-31T08:30:00Z,2026-07-31T10:30:00+0200,0.03,EUR/MWh,ES,ES,imbalance_price,Long,2026-08-28T02:01:39Z
2026-08-28T01:53:23Z,2026-08-28T03:53:23+0200,565fb0ed-db72-48c6-a54e-0fdff3a4721b,2026-07-31T08:30:00Z,2026-07-31T10:30:00+0200,0.03,EUR/MWh,ES,ES,imbalance_price,Short,2026-08-28T02:01:39Z
2026-08-28T01:53:23Z,2026-08-28T03:53:23+0200,565fb0ed-db72-48c6-a54e-0fdff3a4721b,2026-07-31T08:45:00Z,2026-07-31T10:45:00+0200,-0.49,EUR/MWh,ES,ES,imbalance_price,Long,2026-08-28T02:01:39Z
2026-08-28T01:53:23Z,2026-08-28T03:53:23+0200,565fb0ed-db72-48c6-a54e-0fdff3a4721b,2026-07-31T08:45:00Z,2026-07-31T10:45:00+0200,-0.49,EUR/MWh,ES,ES,imbalance_price,Short,2026-08-28T02:01:39Z
2026-08-28T01:53:23Z,2026-08-28T03:53:23+0200,565fb0ed-db72-48c6-a54e-0fdff3a4721b,2026-07-31T09:00:00Z,2026-07-31T11:00:00+0200,-0.4,EUR/MWh,ES,ES,imbalance_price,Long,2026-08-28T02:01:39Z
2026-08-28T01:53:23Z,2026-08-28T03:53:23+0200,565fb0ed-db72-48c6-a54e-0fdff3a4721b,2026-07-31T09:00:00Z,2026-07-31T11:00:00+0200,-0.4,EUR/MWh,ES,ES,imbalance_price,Short,2026-08-28T02:01:39Z
2026-08-28T01:53:23Z,2026-08-28T03:53:23+0200,565fb0ed-db72-48c6-a54e-0fdff3a4721b,2026-07-31T09:15:00Z,2026-07-31T11:15:00+0200,-0.35,EUR/MWh,ES,ES,imbalance_price,Long,2026-08-28T02:01:39Z
2026-08-28T01:53:23Z,2026-08-28T03:53:23+0200,565fb0ed-db72-48c6-a54e-0fdff3a4721b,2026-07-31T09:15:00Z,2026-07-31T11:15:00+0200,100.56,EUR/MWh,ES,ES,imbalance_price,Short,2026-08-28T02:01:39Z
2026-08-28T01:53:23Z,2026-08-28T03:53:23+0200,565fb0ed-db72-48c6-a54e-0fdff3a4721b,2026-07-31T09:30:00Z,2026-07-31T11:30:00+0200,0.11,EUR/MWh,ES,ES,imbalance_price,Long,2026-08-28T02:01:39Z
2026-08-28T01:53:23Z,2026-08-28T03:53:23+0200,565fb0ed-db72-48c6-a54e-0fdff3a4721b,2026-07-31T09:30:00Z,2026-07-31T11:30:00+0200,68.57,EUR/MWh,ES,ES,imbalance_price,Short,2026-08-28T02:01:39Z
2026-08-28T01:53:23Z,2026-08-28T03:53:23+0200,565fb0ed-db72-48c6-a54e-0fdff3a4721b,2026-07-31T09:45:00Z,2026-07-31T11:45:00+0200,-0.17,EUR/MWh,ES,ES,imbalance_price,Long,2026-08-28T02:01:39Z
2026-08-28T01:53:23Z,2026-08-28T03:53:23+0200,565fb0ed-db72-48c6-a54e-0fdff3a4721b,2026-07-31T09:45:00Z,2026-07-31T11:45:00+0200,-0.17,EUR/MWh,ES,ES,imbalance_price,Short,2026-08-28T02:01:39Z
2026-08-28T01:53:23Z,2026-08-28T03:53:23+0200,565fb0ed-db72-48c6-a54e-0fdff3a4721b,2026-07-31T10:00:00Z,2026-07-31T12:00:00+0200,1.21,EUR/MWh,ES,ES,imbalance_price,Long,2026-08-28T02:01:39Z
2026-08-28T01:53:23Z,2026-08-28T03:53:23+0200,565fb0ed-db72-48c6-a54e-0fdff3a4721b,2026-07-31T10:00:00Z,2026-07-31T12:00:00+0200,96.97,EUR/MWh,ES,ES,imbalance_price,Short,2026-08-28T02:01:39Z
2026-08-28T01:53:23Z,2026-08-28T03:53:23+0200,565fb0ed-db72-48c6-a54e-0fdff3a4721b,2026-07-31T10:15:00Z,2026-07-31T12:15:00+0200,7.78,EUR/MWh,ES,ES,imbalance_price,Long,2026-08-28T02:01:39Z
2026-08-28T01:53:23Z,2026-08-28T03:53:23+0200,565fb0ed-db72-48c6-a54e-0fdff3a4721b,2026-07-31T10:15:00Z,2026-07-31T12:15:00+0200,99.76,EUR/MWh,ES,ES,imbalance_price,Short,2026-08-28T02:01:39Z
2026-08-28T01:53:23Z,2026-08-28T03:53:23+0200,565fb0ed-db72-48c6-a54e-0fdff3a4721b,2026-07-31T10:30:00Z,2026-07-31T12:30:00+0200,5.39,EUR/MWh,ES,ES,imbalance_price,Long,2026-08-28T02:01:39Z
2026-08-28T01:53:23Z,2026-08-28T03:53:23+0200,565fb0ed-db72-48c6-a54e-0fdff3a4721b,2026-07-31T10:30:00Z,2026-07-31T12:30:00+0200,5.39,EUR/MWh,ES,ES,imbalance_price,Short,2026-08-28T02:01:39Z
2026-08-28T01:53:23Z,2026-08-28T03:53:23+0200,565fb0ed-db72-48c6-a54e-0fdff3a4721b,2026-07-31T10:45:00Z,2026-07-31T12:45:00+0200,0.6,EUR/MWh,ES,ES,imbalance_price,Long,2026-08-28T02:01:39Z
2026-08-28T01:53:23Z,2026-08-28T03:53:23+0200,565fb0ed-db72-48c6-a54e-0fdff3a4721b,2026-07-31T10:45:00Z,2026-07-31T12:45:00+0200,0.6,EUR/MWh,ES,ES,imbalance_price,Short,2026-08-28T02:01:39Z
2026-08-28T01:53:23Z,2026-08-28T03:53:23+0200,565fb0ed-db72-48c6-a54e-0fdff3a4721b,2026-07-31T11:00:00Z,2026-07-31T13:00:00+0200,0.45,EUR/MWh,ES,ES,imbalance_price,Long,2026-08-28T02:01:39Z
2026-08-28T01:53:23Z,2026-08-28T03:53:23+0200,565fb0ed-db72-48c6-a54e-0fdff3a4721b,2026-07-31T11:00:00Z,2026-07-31T13:00:00+0200,0.45,EUR/MWh,ES,ES,imbalance_price,Short,2026-08-28T02:01:39Z
2026-08-28T01:53:23Z,2026-08-28T03:53:23+0200,565fb0ed-db72-48c6-a54e-0fdff3a4721b,2026-07-31T11:15:00Z,2026-07-31T13:15:00+0200,3.29,EUR/MWh,ES,ES,imbalance_price,Long,2026-08-28T02:01:39Z
2026-08-28T01:53:23Z,2026-08-28T03:53:23+0200,565fb0ed-db72-48c6-a54e-0fdff3a4721b,2026-07-31T11:15:00Z,2026-07-31T13:15:00+0200,3.29,EUR/MWh,ES,ES,imbalance_price,Short,2026-08-28T02:01:39Z
2026-08-28T01:53:23Z,2026-08-28T03:53:23+0200,565fb0ed-db72-48c6-a54e-0fdff3a4721b,2026-07-31T11:30:00Z,2026-07-31T13:30:00+0200,2.74,EUR/MWh,ES,ES,imbalance_price,Long,2026-08-28T02:01:39Z
2026-08-28T01:53:23Z,2026-08-28T03:53:23+0200,565fb0ed-db72-48c6-a54e-0fdff3a4721b,2026-07-31T11:30:00Z,2026-07-31T13:30:00+0200,80.98,EUR/MWh,ES,ES,imbalance_price,Short,2026-08-28T02:01:39Z
2026-08-28T01:53:23Z,2026-08-28T03:53:23+0200,565fb0ed-db72-48c6-a54e-0fdff3a4721b,2026-07-31T11:45:00Z,2026-07-31T13:45:00+0200,7.54,EUR/MWh,ES,ES,imbalance_price,Long,2026-08-28T02:01:39Z
2026-08-28T01:53:23Z,2026-08-28T03:53:23+0200,565fb0ed-db72-48c6-a54e-0fdff3a4721b,2026-07-31T11:45:00Z,2026-07-31T13:45:00+0200,7.54,EUR/MWh,ES,ES,imbalance_price,Short,2026-08-28T02:01:39Z
2026-08-28T01:53:23Z,2026-08-28T03:53:23+0200,565fb0ed-db72-48c6-a54e-0fdff3a4721b,2026-07-31T12:00:00Z,2026-07-31T14:00:00+0200,0.88,EUR/MWh,ES,ES,imbalance_price,Long,2026-08-28T02:01:39Z
2026-08-28T01:53:23Z,2026-08-28T03:53:23+0200,565fb0ed-db72-48c6-a54e-0fdff3a4721b,2026-07-31T12:00:00Z,2026-07-31T14:00:00+0200,56.38,EUR/MWh,ES,ES,imbalance_price,Short,2026-08-28T02:01:39Z
2026-08-28T01:53:23Z,2026-08-28T03:53:23+0200,565fb0ed-db72-48c6-a54e-0fdff3a4721b,2026-07-31T12:15:00Z,2026-07-31T14:15:00+0200,4.21,EUR/MWh,ES,ES,imbalance_price,Long,2026-08-28T02:01:39Z
2026-08-28T01:53:23Z,2026-08-28T03:53:23+0200,565fb0ed-db72-48c6-a54e-0fdff3a4721b,2026-07-31T12:15:00Z,2026-07-31T14:15:00+0200,4.21,EUR/MWh,ES,ES,imbalance_price,Short,2026-08-28T02:01:39Z
2026-08-28T01:53:23Z,2026-08-28T03:53:23+0200,565fb0ed-db72-48c6-a54e-0fdff3a4721b,2026-07-31T12:30:00Z,2026-07-31T14:30:00+0200,6.58,EUR/MWh,ES,ES,imbalance_price,Long,2026-08-28T02:01:39Z
2026-08-28T01:53:23Z,2026-08-28T03:53:23+0200,565fb0ed-db72-48c6-a54e-0fdff3a4721b,2026-07-31T12:30:00Z,2026-07-31T14:30:00+0200,90.96,EUR/MWh,ES,ES,imbalance_price,Short,2026-08-28T02:01:39Z
2026-08-28T01:53:23Z,2026-08-28T03:53:23+0200,565fb0ed-db72-48c6-a54e-0fdff3a4721b,2026-07-31T12:45:00Z,2026-07-31T14:45:00+0200,10.92,EUR/MWh,ES,ES,imbalance_price,Long,2026-08-28T02:01:39Z
2026-08-28T01:53:23Z,2026-08-28T03:53:23+0200,565fb0ed-db72-48c6-a54e-0fdff3a4721b,2026-07-31T12:45:00Z,2026-07-31T14:45:00+0200,100.92,EUR/MWh,ES,ES,imbalance_price,Short,2026-08-28T02:01:39Z
2026-08-28T01:53:23Z,2026-08-28T03:53:23+0200,565fb0ed-db72-48c6-a54e-0fdff3a4721b,2026-07-31T13:00:00Z,2026-07-31T15:00:00+0200,15.69,EUR/MWh,ES,ES,imbalance_price,Long,2026-08-28T02:01:39Z
2026-08-28T01:53:23Z,2026-08-28T03:53:23+0200,565fb0ed-db72-48c6-a54e-0fdff3a4721b,2026-07-31T13:00:00Z,2026-07-31T15:00:00+0200,121.03,EUR/MWh,ES,ES,imbalance_price,Short,2026-08-28T02:01:39Z
2026-08-28T01:53:23Z,2026-08-28T03:53:23+0200,565fb0ed-db72-48c6-a54e-0fdff3a4721b,2026-07-31T13:15:00Z,2026-07-31T15:15:00+0200,2.34,EUR/MWh,ES,ES,imbalance_price,Long,2026-08-28T02:01:39Z
2026-08-28T01:53:23Z,2026-08-28T03:53:23+0200,565fb0ed-db72-48c6-a54e-0fdff3a4721b,2026-07-31T13:15:00Z,2026-07-31T15:15:00+0200,134.54,EUR/MWh,ES,ES,imbalance_price,Short,2026-08-28T02:01:39Z
2026-08-28T01:53:23Z,2026-08-28T03:53:23+0200,565fb0ed-db72-48c6-a54e-0fdff3a4721b,2026-07-31T13:30:00Z,2026-07-31T15:30:00+0200,0.65,EUR/MWh,ES,ES,imbalance_price,Long,2026-08-28T02:01:39Z
2026-08-28T01:53:23Z,2026-08-28T03:53:23+0200,565fb0ed-db72-48c6-a54e-0fdff3a4721b,2026-07-31T13:30:00Z,2026-07-31T15:30:00+0200,116.58,EUR/MWh,ES,ES,imbalance_price,Short,2026-08-28T02:01:39Z
2026-08-28T01:53:23Z,2026-08-28T03:53:23+0200,565fb0ed-db72-48c6-a54e-0fdff3a4721b,2026-07-31T13:45:00Z,2026-07-31T15:45:00+0200,-1.83,EUR/MWh,ES,ES,imbalance_price,Long,2026-08-28T02:01:39Z
2026-08-28T01:53:23Z,2026-08-28T03:53:23+0200,565fb0ed-db72-48c6-a54e-0fdff3a4721b,2026-07-31T13:45:00Z,2026-07-31T15:45:00+0200,-1.83,EUR/MWh,ES,ES,imbalance_price,Short,2026-08-28T02:01:39Z
2026-08-28T01:53:23Z,2026-08-28T03:53:23+0200,565fb0ed-db72-48c6-a54e-0fdff3a4721b,2026-07-31T14:00:00Z,2026-07-31T16:00:00+0200,0.48,EUR/MWh,ES,ES,imbalance_price,Long,2026-08-28T02:01:39Z
2026-08-28T01:53:23Z,2026-08-28T03:53:23+0200,565fb0ed-db72-48c6-a54e-0fdff3a4721b,2026-07-31T14:00:00Z,2026-07-31T16:00:00+0200,0.48,EUR/MWh,ES,ES,imbalance_price,Short,2026-08-28T02:01:39Z
2026-08-28T01:53:23Z,2026-08-28T03:53:23+0200,565fb0ed-db72-48c6-a54e-0fdff3a4721b,2026-07-31T14:15:00Z,2026-07-31T16:15:00+0200,0.29,EUR/MWh,ES,ES,imbalance_price,Long,2026-08-28T02:01:39Z
2026-08-28T01:53:23Z,2026-08-28T03:53:23+0200,565fb0ed-db72-48c6-a54e-0fdff3a4721b,2026-07-31T14:15:00Z,2026-07-31T16:15:00+0200,96.38,EUR/MWh,ES,ES,imbalance_price,Short,2026-08-28T02:01:39Z
2026-08-28T01:53:23Z,2026-08-28T03:53:23+0200,565fb0ed-db72-48c6-a54e-0fdff3a4721b,2026-07-31T14:30:00Z,2026-07-31T16:30:00+0200,-0.02,EUR/MWh,ES,ES,imbalance_price,Long,2026-08-28T02:01:39Z
2026-08-28T01:53:23Z,2026-08-28T03:53:23+0200,565fb0ed-db72-48c6-a54e-0fdff3a4721b,2026-07-31T14:30:00Z,2026-07-31T16:30:00+0200,96.26,EUR/MWh,ES,ES,imbalance_price,Short,2026-08-28T02:01:39Z
2026-08-28T01:53:23Z,2026-08-28T03:53:23+0200,565fb0ed-db72-48c6-a54e-0fdff3a4721b,2026-07-31T14:45:00Z,2026-07-31T16:45:00+0200,0.88,EUR/MWh,ES,ES,imbalance_price,Long,2026-08-28T02:01:39Z
2026-08-28T01:53:23Z,2026-08-28T03:53:23+0200,565fb0ed-db72-48c6-a54e-0fdff3a4721b,2026-07-31T14:45:00Z,2026-07-31T16:45:00+0200,102.18,EUR/MWh,ES,ES,imbalance_price,Short,2026-08-28T02:01:39Z
2026-08-28T01:53:23Z,2026-08-28T03:53:23+0200,565fb0ed-db72-48c6-a54e-0fdff3a4721b,2026-07-31T15:00:00Z,2026-07-31T17:00:00+0200,0.46,EUR/MWh,ES,ES,imbalance_price,Long,2026-08-28T02:01:39Z
2026-08-28T01:53:23Z,2026-08-28T03:53:23+0200,565fb0ed-db72-48c6-a54e-0fdff3a4721b,2026-07-31T15:00:00Z,2026-07-31T17:00:00+0200,136.66,EUR/MWh,ES,ES,imbalance_price,Short,2026-08-28T02:01:39Z
2026-08-28T01:53:23Z,2026-08-28T03:53:23+0200,565fb0ed-db72-48c6-a54e-0fdff3a4721b,2026-07-31T15:15:00Z,2026-07-31T17:15:00+0200,1.2,EUR/MWh,ES,ES,imbalance_price,Long,2026-08-28T02:01:39Z
2026-08-28T01:53:23Z,2026-08-28T03:53:23+0200,565fb0ed-db72-48c6-a54e-0fdff3a4721b,2026-07-31T15:15:00Z,2026-07-31T17:15:00+0200,101.5,EUR/MWh,ES,ES,imbalance_price,Short,2026-08-28T02:01:39Z
2026-08-28T01:53:23Z,2026-08-28T03:53:23+0200,565fb0ed-db72-48c6-a54e-0fdff3a4721b,2026-07-31T15:30:00Z,2026-07-31T17:30:00+0200,0.56,EUR/MWh,ES,ES,imbalance_price,Long,2026-08-28T02:01:39Z
2026-08-28T01:53:23Z,2026-08-28T03:53:23+0200,565fb0ed-db72-48c6-a54e-0fdff3a4721b,2026-07-31T15:30:00Z,2026-07-31T17:30:00+0200,111.87,EUR/MWh,ES,ES,imbalance_price,Short,2026-08-28T02:01:39Z
2026-08-28T01:53:23Z,2026-08-28T03:53:23+0200,565fb0ed-db72-48c6-a54e-0fdff3a4721b,2026-07-31T15:45:00Z,2026-07-31T17:45:00+0200,0.73,EUR/MWh,ES,ES,imbalance_price,Long,2026-08-28T02:01:39Z
2026-08-28T01:53:23Z,2026-08-28T03:53:23+0200,565fb0ed-db72-48c6-a54e-0fdff3a4721b,2026-07-31T15:45:00Z,2026-07-31T17:45:00+0200,133.43,EUR/MWh,ES,ES,imbalance_price,Short,2026-08-28T02:01:39Z
2026-08-28T01:53:23Z,2026-08-28T03:53:23+0200,565fb0ed-db72-48c6-a54e-0fdff3a4721b,2026-07-31T16:00:00Z,2026-07-31T18:00:00+0200,42.28,EUR/MWh,ES,ES,imbalance_price,Long,2026-08-28T02:01:39Z
2026-08-28T01:53:23Z,2026-08-28T03:53:23+0200,565fb0ed-db72-48c6-a54e-0fdff3a4721b,2026-07-31T16:00:00Z,2026-07-31T18:00:00+0200,141.5,EUR/MWh,ES,ES,imbalance_price,Short,2026-08-28T02:01:39Z
2026-08-28T01:53:23Z,2026-08-28T03:53:23+0200,565fb0ed-db72-48c6-a54e-0fdff3a4721b,2026-07-31T16:15:00Z,2026-07-31T18:15:00+0200,92.66,EUR/MWh,ES,ES,imbalance_price,Long,2026-08-28T02:01:39Z
2026-08-28T01:53:23Z,2026-08-28T03:53:23+0200,565fb0ed-db72-48c6-a54e-0fdff3a4721b,2026-07-31T16:15:00Z,2026-07-31T18:15:00+0200,151.13,EUR/MWh,ES,ES,imbalance_price,Short,2026-08-28T02:01:39Z
2026-08-28T01:53:23Z,2026-08-28T03:53:23+0200,565fb0ed-db72-48c6-a54e-0fdff3a4721b,2026-07-31T16:30:00Z,2026-07-31T18:30:00+0200,81.49,EUR/MWh,ES,ES,imbalance_price,Long,2026-08-28T02:01:39Z
2026-08-28T01:53:23Z,2026-08-28T03:53:23+0200,565fb0ed-db72-48c6-a54e-0fdff3a4721b,2026-07-31T16:30:00Z,2026-07-31T18:30:00+0200,129.09,EUR/MWh,ES,ES,imbalance_price,Short,2026-08-28T02:01:39Z
2026-08-28T01:53:23Z,2026-08-28T03:53:23+0200,565fb0ed-db72-48c6-a54e-0fdff3a4721b,2026-07-31T16:45:00Z,2026-07-31T18:45:00+0200,43.64,EUR/MWh,ES,ES,imbalance_price,Long,2026-08-28T02:01:39Z
2026-08-28T01:53:23Z,2026-08-28T03:53:23+0200,565fb0ed-db72-48c6-a54e-0fdff3a4721b,2026-07-31T16:45:00Z,2026-07-31T18:45:00+0200,143.48,EUR/MWh,ES,ES,imbalance_price,Short,2026-08-28T02:01:39Z
2026-08-28T01:53:23Z,2026-08-28T03:53:23+0200,565fb0ed-db72-48c6-a54e-0fdff3a4721b,2026-07-31T17:00:00Z,2026-07-31T19:00:00+0200,131.45,EUR/MWh,ES,ES,imbalance_price,Long,2026-08-28T02:01:39Z
2026-08-28T01:53:23Z,2026-08-28T03:53:23+0200,565fb0ed-db72-48c6-a54e-0fdff3a4721b,2026-07-31T17:00:00Z,2026-07-31T19:00:00+0200,131.45,EUR/MWh,ES,ES,imbalance_price,Short,2026-08-28T02:01:39Z
2026-08-28T01:53:23Z,2026-08-28T03:53:23+0200,565fb0ed-db72-48c6-a54e-0fdff3a4721b,2026-07-31T17:15:00Z,2026-07-31T19:15:00+0200,144.95,EUR/MWh,ES,ES,imbalance_price,Long,2026-08-28T02:01:39Z
2026-08-28T01:53:23Z,2026-08-28T03:53:23+0200,565fb0ed-db72-48c6-a54e-0fdff3a4721b,2026-07-31T17:15:00Z,2026-07-31T19:15:00+0200,144.95,EUR/MWh,ES,ES,imbalance_price,Short,2026-08-28T02:01:39Z
2026-08-28T01:53:23Z,2026-08-28T03:53:23+0200,565fb0ed-db72-48c6-a54e-0fdff3a4721b,2026-07-31T17:30:00Z,2026-07-31T19:30:00+0200,69.03,EUR/MWh,ES,ES,imbalance_price,Long,2026-08-28T02:01:39Z
2026-08-28T01:53:23Z,2026-08-28T03:53:23+0200,565fb0ed-db72-48c6-a54e-0fdff3a4721b,2026-07-31T17:30:00Z,2026-07-31T19:30:00+0200,165.44,EUR/MWh,ES,ES,imbalance_price,Short,2026-08-28T02:01:39Z
2026-08-28T01:53:23Z,2026-08-28T03:53:23+0200,565fb0ed-db72-48c6-a54e-0fdff3a4721b,2026-07-31T17:45:00Z,2026-07-31T19:45:00+0200,185.11,EUR/MWh,ES,ES,imbalance_price,Long,2026-08-28T02:01:39Z
2026-08-28T01:53:23Z,2026-08-28T03:53:23+0200,565fb0ed-db72-48c6-a54e-0fdff3a4721b,2026-07-31T17:45:00Z,2026-07-31T19:45:00+0200,185.11,EUR/MWh,ES,ES,imbalance_price,Short,2026-08-28T02:01:39Z
2026-08-28T01:53:23Z,2026-08-28T03:53:23+0200,565fb0ed-db72-48c6-a54e-0fdff3a4721b,2026-07-31T18:00:00Z,2026-07-31T20:00:00+0200,141.07,EUR/MWh,ES,ES,imbalance_price,Long,2026-08-28T02:01:39Z
2026-08-28T01:53:23Z,2026-08-28T03:53:23+0200,565fb0ed-db72-48c6-a54e-0fdff3a4721b,2026-07-31T18:00:00Z,2026-07-31T20:00:00+0200,150.61,EUR/MWh,ES,ES,imbalance_price,Short,2026-08-28T02:01:39Z
2026-08-28T01:53:23Z,2026-08-28T03:53:23+0200,565fb0ed-db72-48c6-a54e-0fdff3a4721b,2026-07-31T18:15:00Z,2026-07-31T20:15:00+0200,166.5,EUR/MWh,ES,ES,imbalance_price,Long,2026-08-28T02:01:39Z
2026-08-28T01:53:23Z,2026-08-28T03:53:23+0200,565fb0ed-db72-48c6-a54e-0fdff3a4721b,2026-07-31T18:15:00Z,2026-07-31T20:15:00+0200,166.5,EUR/MWh,ES,ES,imbalance_price,Short,2026-08-28T02:01:39Z
2026-08-28T01:53:23Z,2026-08-28T03:53:23+0200,565fb0ed-db72-48c6-a54e-0fdff3a4721b,2026-07-31T18:30:00Z,2026-07-31T20:30:00+0200,177.48,EUR/MWh,ES,ES,imbalance_price,Long,2026-08-28T02:01:39Z
2026-08-28T01:53:23Z,2026-08-28T03:53:23+0200,565fb0ed-db72-48c6-a54e-0fdff3a4721b,2026-07-31T18:30:00Z,2026-07-31T20:30:00+0200,177.48,EUR/MWh,ES,ES,imbalance_price,Short,2026-08-28T02:01:39Z
2026-08-28T01:53:23Z,2026-08-28T03:53:23+0200,565fb0ed-db72-48c6-a54e-0fdff3a4721b,2026-07-31T18:45:00Z,2026-07-31T20:45:00+0200,178.17,EUR/MWh,ES,ES,imbalance_price,Long,2026-08-28T02:01:39Z
2026-08-28T01:53:23Z,2026-08-28T03:53:23+0200,565fb0ed-db72-48c6-a54e-0fdff3a4721b,2026-07-31T18:45:00Z,2026-07-31T20:45:00+0200,178.17,EUR/MWh,ES,ES,imbalance_price,Short,2026-08-28T02:01:39Z
2026-08-28T01:53:23Z,2026-08-28T03:53:23+0200,565fb0ed-db72-48c6-a54e-0fdff3a4721b,2026-07-31T19:00:00Z,2026-07-31T21:00:00+0200,153.77,EUR/MWh,ES,ES,imbalance_price,Long,2026-08-28T02:01:39Z
2026-08-28T01:53:23Z,2026-08-28T03:53:23+0200,565fb0ed-db72-48c6-a54e-0fdff3a4721b,2026-07-31T19:00:00Z,2026-07-31T21:00:00+0200,176.19,EUR/MWh,ES,ES,imbalance_price,Short,2026-08-28T02:01:39Z
2026-08-28T01:53:23Z,2026-08-28T03:53:23+0200,565fb0ed-db72-48c6-a54e-0fdff3a4721b,2026-07-31T19:15:00Z,2026-07-31T21:15:00+0200,148.53,EUR/MWh,ES,ES,imbalance_price,Long,2026-08-28T02:01:39Z
2026-08-28T01:53:23Z,2026-08-28T03:53:23+0200,565fb0ed-db72-48c6-a54e-0fdff3a4721b,2026-07-31T19:15:00Z,2026-07-31T21:15:00+0200,176.05,EUR/MWh,ES,ES,imbalance_price,Short,2026-08-28T02:01:39Z
2026-08-28T01:53:23Z,2026-08-28T03:53:23+0200,565fb0ed-db72-48c6-a54e-0fdff3a4721b,2026-07-31T19:30:00Z,2026-07-31T21:30:00+0200,181.23,EUR/MWh,ES,ES,imbalance_price,Long,2026-08-28T02:01:39Z
2026-08-28T01:53:23Z,2026-08-28T03:53:23+0200,565fb0ed-db72-48c6-a54e-0fdff3a4721b,2026-07-31T19:30:00Z,2026-07-31T21:30:00+0200,181.23,EUR/MWh,ES,ES,imbalance_price,Short,2026-08-28T02:01:39Z
2026-08-28T01:53:23Z,2026-08-28T03:53:23+0200,565fb0ed-db72-48c6-a54e-0fdff3a4721b,2026-07-31T19:45:00Z,2026-07-31T21:45:00+0200,180.71,EUR/MWh,ES,ES,imbalance_price,Long,2026-08-28T02:01:39Z
2026-08-28T01:53:23Z,2026-08-28T03:53:23+0200,565fb0ed-db72-48c6-a54e-0fdff3a4721b,2026-07-31T19:45:00Z,2026-07-31T21:45:00+0200,180.71,EUR/MWh,ES,ES,imbalance_price,Short,2026-08-28T02:01:39Z
2026-08-28T01:53:23Z,2026-08-28T03:53:23+0200,565fb0ed-db72-48c6-a54e-0fdff3a4721b,2026-07-31T20:00:00Z,2026-07-31T22:00:00+0200,189.19,EUR/MWh,ES,ES,imbalance_price,Long,2026-08-28T02:01:39Z
2026-08-28T01:53:23Z,2026-08-28T03:53:23+0200,565fb0ed-db72-48c6-a54e-0fdff3a4721b,2026-07-31T20:00:00Z,2026-07-31T22:00:00+0200,189.19,EUR/MWh,ES,ES,imbalance_price,Short,2026-08-28T02:01:39Z
2026-08-28T01:53:23Z,2026-08-28T03:53:23+0200,565fb0ed-db72-48c6-a54e-0fdff3a4721b,2026-07-31T20:15:00Z,2026-07-31T22:15:00+0200,184.93,EUR/MWh,ES,ES,imbalance_price,Long,2026-08-28T02:01:39Z
2026-08-28T01:53:23Z,2026-08-28T03:53:23+0200,565fb0ed-db72-48c6-a54e-0fdff3a4721b,2026-07-31T20:15:00Z,2026-07-31T22:15:00+0200,184.93,EUR/MWh,ES,ES,imbalance_price,Short,2026-08-28T02:01:39Z
2026-08-28T01:53:23Z,2026-08-28T03:53:23+0200,565fb0ed-db72-48c6-a54e-0fdff3a4721b,2026-07-31T20:30:00Z,2026-07-31T22:30:00+0200,146.59,EUR/MWh,ES,ES,imbalance_price,Long,2026-08-28T02:01:39Z
2026-08-28T01:53:23Z,2026-08-28T03:53:23+0200,565fb0ed-db72-48c6-a54e-0fdff3a4721b,2026-07-31T20:30:00Z,2026-07-31T22:30:00+0200,180.69,EUR/MWh,ES,ES,imbalance_price,Short,2026-08-28T02:01:39Z
2026-08-28T01:53:23Z,2026-08-28T03:53:23+0200,565fb0ed-db72-48c6-a54e-0fdff3a4721b,2026-07-31T20:45:00Z,2026-07-31T22:45:00+0200,135.13,EUR/MWh,ES,ES,imbalance_price,Long,2026-08-28T02:01:39Z
2026-08-28T01:53:23Z,2026-08-28T03:53:23+0200,565fb0ed-db72-48c6-a54e-0fdff3a4721b,2026-07-31T20:45:00Z,2026-07-31T22:45:00+0200,175.01,EUR/MWh,ES,ES,imbalance_price,Short,2026-08-28T02:01:39Z
2026-08-28T01:53:23Z,2026-08-28T03:53:23+0200,565fb0ed-db72-48c6-a54e-0fdff3a4721b,2026-07-31T21:00:00Z,2026-07-31T23:00:00+0200,177.41,EUR/MWh,ES,ES,imbalance_price,Long,2026-08-28T02:01:39Z
2026-08-28T01:53:23Z,2026-08-28T03:53:23+0200,565fb0ed-db72-48c6-a54e-0fdff3a4721b,2026-07-31T21:00:00Z,2026-07-31T23:00:00+0200,177.41,EUR/MWh,ES,ES,imbalance_price,Short,2026-08-28T02:01:39Z
2026-08-28T01:53:23Z,2026-08-28T03:53:23+0200,565fb0ed-db72-48c6-a54e-0fdff3a4721b,2026-07-31T21:15:00Z,2026-07-31T23:15:00+0200,183.34,EUR/MWh,ES,ES,imbalance_price,Long,2026-08-28T02:01:39Z
2026-08-28T01:53:23Z,2026-08-28T03:53:23+0200,565fb0ed-db72-48c6-a54e-0fdff3a4721b,2026-07-31T21:15:00Z,2026-07-31T23:15:00+0200,183.34,EUR/MWh,ES,ES,imbalance_price,Short,2026-08-28T02:01:39Z
2026-08-28T01:53:23Z,2026-08-28T03:53:23+0200,565fb0ed-db72-48c6-a54e-0fdff3a4721b,2026-07-31T21:30:00Z,2026-07-31T23:30:00+0200,113.82,EUR/MWh,ES,ES,imbalance_price,Long,2026-08-28T02:01:39Z
2026-08-28T01:53:23Z,2026-08-28T03:53:23+0200,565fb0ed-db72-48c6-a54e-0fdff3a4721b,2026-07-31T21:30:00Z,2026-07-31T23:30:00+0200,173.0,EUR/MWh,ES,ES,imbalance_price,Short,2026-08-28T02:01:39Z
2026-08-28T01:53:23Z,2026-08-28T03:53:23+0200,565fb0ed-db72-48c6-a54e-0fdff3a4721b,2026-07-31T21:45:00Z,2026-07-31T23:45:00+0200,17.4,EUR/MWh,ES,ES,imbalance_price,Long,2026-08-28T02:01:39Z
2026-08-28T01:53:23Z,2026-08-28T03:53:23+0200,565fb0ed-db72-48c6-a54e-0fdff3a4721b,2026-07-31T21:45:00Z,2026-07-31T23:45:00+0200,190.0,EUR/MWh,ES,ES,imbalance_price,Short,2026-08-28T02:01:39Z
2026-08-28T01:53:23Z,2026-08-28T03:53:23+0200,565fb0ed-db72-48c6-a54e-0fdff3a4721b,2026-07-31T22:00:00Z,2026-08-01T00:00:00+0200,50.39,EUR/MWh,ES,ES,imbalance_price,Long,2026-08-28T02:01:39Z
2026-08-28T01:53:23Z,2026-08-28T03:53:23+0200,565fb0ed-db72-48c6-a54e-0fdff3a4721b,2026-07-31T22:00:00Z,2026-08-01T00:00:00+0200,178.3,EUR/MWh,ES,ES,imbalance_price,Short,2026-08-28T02:01:39Z
2026-08-28T01:53:23Z,2026-08-28T03:53:23+0200,565fb0ed-db72-48c6-a54e-0fdff3a4721b,2026-07-31T22:15:00Z,2026-08-01T00:15:00+0200,0.0,EUR/MWh,ES,ES,imbalance_price,Long,2026-08-28T02:01:39Z
2026-08-28T01:53:23Z,2026-08-28T03:53:23+0200,565fb0ed-db72-48c6-a54e-0fdff3a4721b,2026-07-31T22:15:00Z,2026-08-01T00:15:00+0200,165.87,EUR/MWh,ES,ES,imbalance_price,Short,2026-08-28T02:01:39Z
2026-08-28T01:53:23Z,2026-08-28T03:53:23+0200,565fb0ed-db72-48c6-a54e-0fdff3a4721b,2026-07-31T22:30:00Z,2026-08-01T00:30:00+0200,107.11,EUR/MWh,ES,ES,imbalance_price,Long,2026-08-28T02:01:39Z
2026-08-28T01:53:23Z,2026-08-28T03:53:23+0200,565fb0ed-db72-48c6-a54e-0fdff3a4721b,2026-07-31T22:30:00Z,2026-08-01T00:30:00+0200,172.99,EUR/MWh,ES,ES,imbalance_price,Short,2026-08-28T02:01:39Z
2026-08-28T01:53:23Z,2026-08-28T03:53:23+0200,565fb0ed-db72-48c6-a54e-0fdff3a4721b,2026-07-31T22:45:00Z,2026-08-01T00:45:00+0200,81.51,EUR/MWh,ES,ES,imbalance_price,Long,2026-08-28T02:01:39Z
2026-08-28T01:53:23Z,2026-08-28T03:53:23+0200,565fb0ed-db72-48c6-a54e-0fdff3a4721b,2026-07-31T22:45:00Z,2026-08-01T00:45:00+0200,172.54,EUR/MWh,ES,ES,imbalance_price,Short,2026-08-28T02:01:39Z
2026-08-28T01:53:23Z,2026-08-28T03:53:23+0200,565fb0ed-db72-48c6-a54e-0fdff3a4721b,2026-07-31T23:00:00Z,2026-08-01T01:00:00+0200,76.43,EUR/MWh,ES,ES,imbalance_price,Long,2026-08-28T02:01:39Z
2026-08-28T01:53:23Z,2026-08-28T03:53:23+0200,565fb0ed-db72-48c6-a54e-0fdff3a4721b,2026-07-31T23:00:00Z,2026-08-01T01:00:00+0200,169.84,EUR/MWh,ES,ES,imbalance_price,Short,2026-08-28T02:01:39Z
2026-08-28T01:53:23Z,2026-08-28T03:53:23+0200,565fb0ed-db72-48c6-a54e-0fdff3a4721b,2026-07-31T23:15:00Z,2026-08-01T01:15:00+0200,131.86,EUR/MWh,ES,ES,imbalance_price,Long,2026-08-28T02:01:39Z
2026-08-28T01:53:23Z,2026-08-28T03:53:23+0200,565fb0ed-db72-48c6-a54e-0fdff3a4721b,2026-07-31T23:15:00Z,2026-08-01T01:15:00+0200,150.33,EUR/MWh,ES,ES,imbalance_price,Short,2026-08-28T02:01:39Z
2026-08-28T01:53:23Z,2026-08-28T03:53:23+0200,565fb0ed-db72-48c6-a54e-0fdff3a4721b,2026-07-31T23:30:00Z,2026-08-01T01:30:00+0200,127.88,EUR/MWh,ES,ES,imbalance_price,Long,2026-08-28T02:01:39Z
2026-08-28T01:53:23Z,2026-08-28T03:53:23+0200,565fb0ed-db72-48c6-a54e-0fdff3a4721b,2026-07-31T23:30:00Z,2026-08-01T01:30:00+0200,153.05,EUR/MWh,ES,ES,imbalance_price,Short,2026-08-28T02:01:39Z
2026-08-28T01:53:23Z,2026-08-28T03:53:23+0200,565fb0ed-db72-48c6-a54e-0fdff3a4721b,2026-07-31T23:45:00Z,2026-08-01T01:45:00+0200,126.91,EUR/MWh,ES,ES,imbalance_price,Long,2026-08-28T02:01:39Z
2026-08-28T01:53:23Z,2026-08-28T03:53:23+0200,565fb0ed-db72-48c6-a54e-0fdff3a4721b,2026-07-31T23:45:00Z,2026-08-01T01:45:00+0200,146.39,EUR/MWh,ES,ES,imbalance_price,Short,2026-08-28T02:01:39Z
2026-08-28T01:53:23Z,2026-08-28T03:53:23+0200,565fb0ed-db72-48c6-a54e-0fdff3a4721b,2026-08-01T00:00:00Z,2026-08-01T02:00:00+0200,26.65,EUR/MWh,ES,ES,imbalance_price,Long,2026-08-28T02:01:39Z
2026-08-28T01:53:23Z,2026-08-28T03:53:23+0200,565fb0ed-db72-48c6-a54e-0fdff3a4721b,2026-08-01T00:00:00Z,2026-08-01T02:00:00+0200,140.34,EUR/MWh,ES,ES,imbalance_price,Short,2026-08-28T02:01:39Z
2026-08-28T01:53:23Z,2026-08-28T03:53:23+0200,565fb0ed-db72-48c6-a54e-0fdff3a4721b,2026-08-01T00:15:00Z,2026-08-01T02:15:00+0200,124.9,EUR/MWh,ES,ES,imbalance_price,Long,2026-08-28T02:01:39Z
2026-08-28T01:53:23Z,2026-08-28T03:53:23+0200,565fb0ed-db72-48c6-a54e-0fdff3a4721b,2026-08-01T00:15:00Z,2026-08-01T02:15:00+0200,137.98,EUR/MWh,ES,ES,imbalance_price,Short,2026-08-28T02:01:39Z
2026-08-28T01:53:23Z,2026-08-28T03:53:23+0200,565fb0ed-db72-48c6-a54e-0fdff3a4721b,2026-08-01T00:30:00Z,2026-08-01T02:30:00+0200,122.82,EUR/MWh,ES,ES,imbalance_price,Long,2026-08-28T02:01:39Z
2026-08-28T01:53:23Z,2026-08-28T03:53:23+0200,565fb0ed-db72-48c6-a54e-0fdff3a4721b,2026-08-01T00:30:00Z,2026-08-01T02:30:00+0200,142.81,EUR/MWh,ES,ES,imbalance_price,Short,2026-08-28T02:01:39Z
2026-08-28T01:53:23Z,2026-08-28T03:53:23+0200,565fb0ed-db72-48c6-a54e-0fdff3a4721b,2026-08-01T00:45:00Z,2026-08-01T02:45:00+0200,135.4,EUR/MWh,ES,ES,imbalance_price,Long,2026-08-28T02:01:39Z
2026-08-28T01:53:23Z,2026-08-28T03:53:23+0200,565fb0ed-db72-48c6-a54e-0fdff3a4721b,2026-08-01T00:45:00Z,2026-08-01T02:45:00+0200,143.07,EUR/MWh,ES,ES,imbalance_price,Short,2026-08-28T02:01:39Z
2026-08-28T01:53:23Z,2026-08-28T03:53:23+0200,565fb0ed-db72-48c6-a54e-0fdff3a4721b,2026-08-01T01:00:00Z,2026-08-01T03:00:00+0200,118.95,EUR/MWh,ES,ES,imbalance_price,Long,2026-08-28T02:01:39Z
2026-08-28T01:53:23Z,2026-08-28T03:53:23+0200,565fb0ed-db72-48c6-a54e-0fdff3a4721b,2026-08-01T01:00:00Z,2026-08-01T03:00:00+0200,146.65,EUR/MWh,ES,ES,imbalance_price,Short,2026-08-28T02:01:39Z
2026-08-28T01:53:23Z,2026-08-28T03:53:23+0200,565fb0ed-db72-48c6-a54e-0fdff3a4721b,2026-08-01T01:15:00Z,2026-08-01T03:15:00+0200,121.22,EUR/MWh,ES,ES,imbalance_price,Long,2026-08-28T02:01:39Z
2026-08-28T01:53:23Z,2026-08-28T03:53:23+0200,565fb0ed-db72-48c6-a54e-0fdff3a4721b,2026-08-01T01:15:00Z,2026-08-01T03:15:00+0200,155.77,EUR/MWh,ES,ES,imbalance_price,Short,2026-08-28T02:01:39Z
2026-08-28T01:53:23Z,2026-08-28T03:53:23+0200,565fb0ed-db72-48c6-a54e-0fdff3a4721b,2026-08-01T01:30:00Z,2026-08-01T03:30:00+0200,123.58,EUR/MWh,ES,ES,imbalance_price,Long,2026-08-28T02:01:39Z
2026-08-28T01:53:23Z,2026-08-28T03:53:23+0200,565fb0ed-db72-48c6-a54e-0fdff3a4721b,2026-08-01T01:30:00Z,2026-08-01T03:30:00+0200,148.34,EUR/MWh,ES,ES,imbalance_price,Short,2026-08-28T02:01:39Z
2026-08-28T01:53:23Z,2026-08-28T03:53:23+0200,565fb0ed-db72-48c6-a54e-0fdff3a4721b,2026-08-01T01:45:00Z,2026-08-01T03:45:00+0200,128.75,EUR/MWh,ES,ES,imbalance_price,Long,2026-08-28T02:01:39Z
2026-08-28T01:53:23Z,2026-08-28T03:53:23+0200,565fb0ed-db72-48c6-a54e-0fdff3a4721b,2026-08-01T01:45:00Z,2026-08-01T03:45:00+0200,140.84,EUR/MWh,ES,ES,imbalance_price,Short,2026-08-28T02:01:39Z
2026-08-28T01:53:23Z,2026-08-28T03:53:23+0200,565fb0ed-db72-48c6-a54e-0fdff3a4721b,2026-08-01T02:00:00Z,2026-08-01T04:00:00+0200,127.59,EUR/MWh,ES,ES,imbalance_price,Long,2026-08-28T02:01:39Z
2026-08-28T01:53:23Z,2026-08-28T03:53:23+0200,565fb0ed-db72-48c6-a54e-0fdff3a4721b,2026-08-01T02:00:00Z,2026-08-01T04:00:00+0200,137.86,EUR/MWh,ES,ES,imbalance_price,Short,2026-08-28T02:01:39Z
2026-08-28T01:53:23Z,2026-08-28T03:53:23+0200,565fb0ed-db72-48c6-a54e-0fdff3a4721b,2026-08-01T02:15:00Z,2026-08-01T04:15:00+0200,123.71,EUR/MWh,ES,ES,imbalance_price,Long,2026-08-28T02:01:39Z
2026-08-28T01:53:23Z,2026-08-28T03:53:23+0200,565fb0ed-db72-48c6-a54e-0fdff3a4721b,2026-08-01T02:15:00Z,2026-08-01T04:15:00+0200,137.64,EUR/MWh,ES,ES,imbalance_price,Short,2026-08-28T02:01:39Z
2026-08-28T01:53:23Z,2026-08-28T03:53:23+0200,565fb0ed-db72-48c6-a54e-0fdff3a4721b,2026-08-01T02:30:00Z,2026-08-01T04:30:00+0200,127.76,EUR/MWh,ES,ES,imbalance_price,Long,2026-08-28T02:01:39Z
2026-08-28T01:53:23Z,2026-08-28T03:53:23+0200,565fb0ed-db72-48c6-a54e-0fdff3a4721b,2026-08-01T02:30:00Z,2026-08-01T04:30:00+0200,142.84,EUR/MWh,ES,ES,imbalance_price,Short,2026-08-28T02:01:39Z
2026-08-28T01:53:23Z,2026-08-28T03:53:23+0200,565fb0ed-db72-48c6-a54e-0fdff3a4721b,2026-08-01T02:45:00Z,2026-08-01T04:45:00+0200,43.53,EUR/MWh,ES,ES,imbalance_price,Long,2026-08-28T02:01:39Z
2026-08-28T01:53:23Z,2026-08-28T03:53:23+0200,565fb0ed-db72-48c6-a54e-0fdff3a4721b,2026-08-01T02:45:00Z,2026-08-01T04:45:00+0200,139.28,EUR/MWh,ES,ES,imbalance_price,Short,2026-08-28T02:01:39Z
2026-08-28T01:53:23Z,2026-08-28T03:53:23+0200,565fb0ed-db72-48c6-a54e-0fdff3a4721b,2026-08-01T03:00:00Z,2026-08-01T05:00:00+0200,0.0,EUR/MWh,ES,ES,imbalance_price,Long,2026-08-28T02:01:39Z
2026-08-28T01:53:23Z,2026-08-28T03:53:23+0200,565fb0ed-db72-48c6-a54e-0fdff3a4721b,2026-08-01T03:00:00Z,2026-08-01T05:00:00+0200,151.68,EUR/MWh,ES,ES,imbalance_price,Short,2026-08-28T02:01:39Z
2026-08-28T01:53:23Z,2026-08-28T03:53:23+0200,565fb0ed-db72-48c6-a54e-0fdff3a4721b,2026-08-01T03:15:00Z,2026-08-01T05:15:00+0200,125.77,EUR/MWh,ES,ES,imbalance_price,Long,2026-08-28T02:01:39Z
2026-08-28T01:53:23Z,2026-08-28T03:53:23+0200,565fb0ed-db72-48c6-a54e-0fdff3a4721b,2026-08-01T03:15:00Z,2026-08-01T05:15:00+0200,140.54,EUR/MWh,ES,ES,imbalance_price,Short,2026-08-28T02:01:39Z
2026-08-28T01:53:23Z,2026-08-28T03:53:23+0200,565fb0ed-db72-48c6-a54e-0fdff3a4721b,2026-08-01T03:30:00Z,2026-08-01T05:30:00+0200,112.18,EUR/MWh,ES,ES,imbalance_price,Long,2026-08-28T02:01:39Z
2026-08-28T01:53:23Z,2026-08-28T03:53:23+0200,565fb0ed-db72-48c6-a54e-0fdff3a4721b,2026-08-01T03:30:00Z,2026-08-01T05:30:00+0200,138.83,EUR/MWh,ES,ES,imbalance_price,Short,2026-08-28T02:01:39Z
2026-08-28T01:53:23Z,2026-08-28T03:53:23+0200,565fb0ed-db72-48c6-a54e-0fdff3a4721b,2026-08-01T03:45:00Z,2026-08-01T05:45:00+0200,122.55,EUR/MWh,ES,ES,imbalance_price,Long,2026-08-28T02:01:39Z
2026-08-28T01:53:23Z,2026-08-28T03:53:23+0200,565fb0ed-db72-48c6-a54e-0fdff3a4721b,2026-08-01T03:45:00Z,2026-08-01T05:45:00+0200,143.19,EUR/MWh,ES,ES,imbalance_price,Short,2026-08-28T02:01:39Z
2026-08-28T01:53:23Z,2026-08-28T03:53:23+0200,565fb0ed-db72-48c6-a54e-0fdff3a4721b,2026-08-01T04:00:00Z,2026-08-01T06:00:00+0200,0.0,EUR/MWh,ES,ES,imbalance_price,Long,2026-08-28T02:01:39Z
2026-08-28T01:53:23Z,2026-08-28T03:53:23+0200,565fb0ed-db72-48c6-a54e-0fdff3a4721b,2026-08-01T04:00:00Z,2026-08-01T06:00:00+0200,165.24,EUR/MWh,ES,ES,imbalance_price,Short,2026-08-28T02:01:39Z
2026-08-28T01:53:23Z,2026-08-28T03:53:23+0200,565fb0ed-db72-48c6-a54e-0fdff3a4721b,2026-08-01T04:15:00Z,2026-08-01T06:15:00+0200,118.69,EUR/MWh,ES,ES,imbalance_price,Long,2026-08-28T02:01:39Z
2026-08-28T01:53:23Z,2026-08-28T03:53:23+0200,565fb0ed-db72-48c6-a54e-0fdff3a4721b,2026-08-01T04:15:00Z,2026-08-01T06:15:00+0200,164.33,EUR/MWh,ES,ES,imbalance_price,Short,2026-08-28T02:01:39Z
2026-08-28T01:53:23Z,2026-08-28T03:53:23+0200,565fb0ed-db72-48c6-a54e-0fdff3a4721b,2026-08-01T04:30:00Z,2026-08-01T06:30:00+0200,130.43,EUR/MWh,ES,ES,imbalance_price,Long,2026-08-28T02:01:39Z
2026-08-28T01:53:23Z,2026-08-28T03:53:23+0200,565fb0ed-db72-48c6-a54e-0fdff3a4721b,2026-08-01T04:30:00Z,2026-08-01T06:30:00+0200,164.09,EUR/MWh,ES,ES,imbalance_price,Short,2026-08-28T02:01:39Z
2026-08-28T01:53:23Z,2026-08-28T03:53:23+0200,565fb0ed-db72-48c6-a54e-0fdff3a4721b,2026-08-01T04:45:00Z,2026-08-01T06:45:00+0200,128.98,EUR/MWh,ES,ES,imbalance_price,Long,2026-08-28T02:01:39Z
2026-08-28T01:53:23Z,2026-08-28T03:53:23+0200,565fb0ed-db72-48c6-a54e-0fdff3a4721b,2026-08-01T04:45:00Z,2026-08-01T06:45:00+0200,164.46,EUR/MWh,ES,ES,imbalance_price,Short,2026-08-28T02:01:39Z
2026-08-28T01:53:23Z,2026-08-28T03:53:23+0200,565fb0ed-db72-48c6-a54e-0fdff3a4721b,2026-08-01T05:00:00Z,2026-08-01T07:00:00+0200,87.57,EUR/MWh,ES,ES,imbalance_price,Long,2026-08-28T02:01:39Z
2026-08-28T01:53:23Z,2026-08-28T03:53:23+0200,565fb0ed-db72-48c6-a54e-0fdff3a4721b,2026-08-01T05:00:00Z,2026-08-01T07:00:00+0200,163.86,EUR/MWh,ES,ES,imbalance_price,Short,2026-08-28T02:01:39Z
2026-08-28T01:53:23Z,2026-08-28T03:53:23+0200,565fb0ed-db72-48c6-a54e-0fdff3a4721b,2026-08-01T05:15:00Z,2026-08-01T07:15:00+0200,14.08,EUR/MWh,ES,ES,imbalance_price,Long,2026-08-28T02:01:39Z
2026-08-28T01:53:23Z,2026-08-28T03:53:23+0200,565fb0ed-db72-48c6-a54e-0fdff3a4721b,2026-08-01T05:15:00Z,2026-08-01T07:15:00+0200,148.91,EUR/MWh,ES,ES,imbalance_price,Short,2026-08-28T02:01:39Z
2026-08-28T01:53:23Z,2026-08-28T03:53:23+0200,565fb0ed-db72-48c6-a54e-0fdff3a4721b,2026-08-01T05:30:00Z,2026-08-01T07:30:00+0200,124.83,EUR/MWh,ES,ES,imbalance_price,Long,2026-08-28T02:01:39Z
2026-08-28T01:53:23Z,2026-08-28T03:53:23+0200,565fb0ed-db72-48c6-a54e-0fdff3a4721b,2026-08-01T05:30:00Z,2026-08-01T07:30:00+0200,151.19,EUR/MWh,ES,ES,imbalance_price,Short,2026-08-28T02:01:39Z
2026-08-28T01:53:23Z,2026-08-28T03:53:23+0200,565fb0ed-db72-48c6-a54e-0fdff3a4721b,2026-08-01T05:45:00Z,2026-08-01T07:45:00+0200,120.46,EUR/MWh,ES,ES,imbalance_price,Long,2026-08-28T02:01:39Z
2026-08-28T01:53:23Z,2026-08-28T03:53:23+0200,565fb0ed-db72-48c6-a54e-0fdff3a4721b,2026-08-01T05:45:00Z,2026-08-01T07:45:00+0200,164.56,EUR/MWh,ES,ES,imbalance_price,Short,2026-08-28T02:01:39Z
2026-08-28T01:53:23Z,2026-08-28T03:53:23+0200,565fb0ed-db72-48c6-a54e-0fdff3a4721b,2026-08-01T06:00:00Z,2026-08-01T08:00:00+0200,59.18,EUR/MWh,ES,ES,imbalance_price,Long,2026-08-28T02:01:39Z
2026-08-28T01:53:23Z,2026-08-28T03:53:23+0200,565fb0ed-db72-48c6-a54e-0fdff3a4721b,2026-08-01T06:00:00Z,2026-08-01T08:00:00+0200,164.38,EUR/MWh,ES,ES,imbalance_price,Short,2026-08-28T02:01:39Z
2026-08-28T01:53:23Z,2026-08-28T03:53:23+0200,565fb0ed-db72-48c6-a54e-0fdff3a4721b,2026-08-01T06:15:00Z,2026-08-01T08:15:00+0200,0.0,EUR/MWh,ES,ES,imbalance_price,Long,2026-08-28T02:01:39Z
2026-08-28T01:53:23Z,2026-08-28T03:53:23+0200,565fb0ed-db72-48c6-a54e-0fdff3a4721b,2026-08-01T06:15:00Z,2026-08-01T08:15:00+0200,178.49,EUR/MWh,ES,ES,imbalance_price,Short,2026-08-28T02:01:39Z
2026-08-28T01:53:23Z,2026-08-28T03:53:23+0200,565fb0ed-db72-48c6-a54e-0fdff3a4721b,2026-08-01T06:30:00Z,2026-08-01T08:30:00+0200,0.05,EUR/MWh,ES,ES,imbalance_price,Long,2026-08-28T02:01:39Z
2026-08-28T01:53:23Z,2026-08-28T03:53:23+0200,565fb0ed-db72-48c6-a54e-0fdff3a4721b,2026-08-01T06:30:00Z,2026-08-01T08:30:00+0200,159.32,EUR/MWh,ES,ES,imbalance_price,Short,2026-08-28T02:01:39Z
2026-08-28T01:53:23Z,2026-08-28T03:53:23+0200,565fb0ed-db72-48c6-a54e-0fdff3a4721b,2026-08-01T06:45:00Z,2026-08-01T08:45:00+0200,81.35,EUR/MWh,ES,ES,imbalance_price,Long,2026-08-28T02:01:39Z
2026-08-28T01:53:23Z,2026-08-28T03:53:23+0200,565fb0ed-db72-48c6-a54e-0fdff3a4721b,2026-08-01T06:45:00Z,2026-08-01T08:45:00+0200,134.52,EUR/MWh,ES,ES,imbalance_price,Short,2026-08-28T02:01:39Z
2026-08-28T01:53:23Z,2026-08-28T03:53:23+0200,565fb0ed-db72-48c6-a54e-0fdff3a4721b,2026-08-01T07:00:00Z,2026-08-01T09:00:00+0200,98.27,EUR/MWh,ES,ES,imbalance_price,Long,2026-08-28T02:01:39Z
2026-08-28T01:53:23Z,2026-08-28T03:53:23+0200,565fb0ed-db72-48c6-a54e-0fdff3a4721b,2026-08-01T07:00:00Z,2026-08-01T09:00:00+0200,85.78,EUR/MWh,ES,ES,imbalance_price,Short,2026-08-28T02:01:39Z
2026-08-28T01:53:23Z,2026-08-28T03:53:23+0200,565fb0ed-db72-48c6-a54e-0fdff3a4721b,2026-08-01T07:15:00Z,2026-08-01T09:15:00+0200,41.93,EUR/MWh,ES,ES,imbalance_price,Long,2026-08-28T02:01:39Z
2026-08-28T01:53:23Z,2026-08-28T03:53:23+0200,565fb0ed-db72-48c6-a54e-0fdff3a4721b,2026-08-01T07:15:00Z,2026-08-01T09:15:00+0200,126.47,EUR/MWh,ES,ES,imbalance_price,Short,2026-08-28T02:01:39Z
2026-08-28T01:53:23Z,2026-08-28T03:53:23+0200,565fb0ed-db72-48c6-a54e-0fdff3a4721b,2026-08-01T07:30:00Z,2026-08-01T09:30:00+0200,22.59,EUR/MWh,ES,ES,imbalance_price,Long,2026-08-28T02:01:39Z
2026-08-28T01:53:23Z,2026-08-28T03:53:23+0200,565fb0ed-db72-48c6-a54e-0fdff3a4721b,2026-08-01T07:30:00Z,2026-08-01T09:30:00+0200,159.7,EUR/MWh,ES,ES,imbalance_price,Short,2026-08-28T02:01:39Z
2026-08-28T01:53:23Z,2026-08-28T03:53:23+0200,565fb0ed-db72-48c6-a54e-0fdff3a4721b,2026-08-01T07:45:00Z,2026-08-01T09:45:00+0200,133.09,EUR/MWh,ES,ES,imbalance_price,Long,2026-08-28T02:01:39Z
2026-08-28T01:53:23Z,2026-08-28T03:53:23+0200,565fb0ed-db72-48c6-a54e-0fdff3a4721b,2026-08-01T07:45:00Z,2026-08-01T09:45:00+0200,133.09,EUR/MWh,ES,ES,imbalance_price,Short,2026-08-28T02:01:39Z
2026-08-28T01:53:23Z,2026-08-28T03:53:23+0200,565fb0ed-db72-48c6-a54e-0fdff3a4721b,2026-08-01T08:00:00Z,2026-08-01T10:00:00+0200,0.49,EUR/MWh,ES,ES,imbalance_price,Long,2026-08-28T02:01:39Z
2026-08-28T01:53:23Z,2026-08-28T03:53:23+0200,565fb0ed-db72-48c6-a54e-0fdff3a4721b,2026-08-01T08:00:00Z,2026-08-01T10:00:00+0200,69.72,EUR/MWh,ES,ES,imbalance_price,Short,2026-08-28T02:01:39Z
2026-08-28T01:53:23Z,2026-08-28T03:53:23+0200,565fb0ed-db72-48c6-a54e-0fdff3a4721b,2026-08-01T08:15:00Z,2026-08-01T10:15:00+0200,0.18,EUR/MWh,ES,ES,imbalance_price,Long,2026-08-28T02:01:39Z
2026-08-28T01:53:23Z,2026-08-28T03:53:23+0200,565fb0ed-db72-48c6-a54e-0fdff3a4721b,2026-08-01T08:15:00Z,2026-08-01T10:15:00+0200,37.63,EUR/MWh,ES,ES,imbalance_price,Short,2026-08-28T02:01:39Z
2026-08-28T01:53:23Z,2026-08-28T03:53:23+0200,565fb0ed-db72-48c6-a54e-0fdff3a4721b,2026-08-01T08:30:00Z,2026-08-01T10:30:00+0200,-2.24,EUR/MWh,ES,ES,imbalance_price,Long,2026-08-28T02:01:39Z
2026-08-28T01:53:23Z,2026-08-28T03:53:23+0200,565fb0ed-db72-48c6-a54e-0fdff3a4721b,2026-08-01T08:30:00Z,2026-08-01T10:30:00+0200,0.65,EUR/MWh,ES,ES,imbalance_price,Short,2026-08-28T02:01:39Z
2026-08-28T01:53:23Z,2026-08-28T03:53:23+0200,565fb0ed-db72-48c6-a54e-0fdff3a4721b,2026-08-01T08:45:00Z,2026-08-01T10:45:00+0200,-1.58,EUR/MWh,ES,ES,imbalance_price,Long,2026-08-28T02:01:39Z
2026-08-28T01:53:23Z,2026-08-28T03:53:23+0200,565fb0ed-db72-48c6-a54e-0fdff3a4721b,2026-08-01T08:45:00Z,2026-08-01T10:45:00+0200,122.05,EUR/MWh,ES,ES,imbalance_price,Short,2026-08-28T02:01:39Z
2026-08-28T01:53:23Z,2026-08-28T03:53:23+0200,565fb0ed-db72-48c6-a54e-0fdff3a4721b,2026-08-01T09:00:00Z,2026-08-01T11:00:00+0200,-1.01,EUR/MWh,ES,ES,imbalance_price,Long,2026-08-28T02:01:39Z
2026-08-28T01:53:23Z,2026-08-28T03:53:23+0200,565fb0ed-db72-48c6-a54e-0fdff3a4721b,2026-08-01T09:00:00Z,2026-08-01T11:00:00+0200,123.95,EUR/MWh,ES,ES,imbalance_price,Short,2026-08-28T02:01:39Z
2026-08-28T01:53:23Z,2026-08-28T03:53:23+0200,565fb0ed-db72-48c6-a54e-0fdff3a4721b,2026-08-01T09:15:00Z,2026-08-01T11:15:00+0200,-0.43,EUR/MWh,ES,ES,imbalance_price,Long,2026-08-28T02:01:39Z
2026-08-28T01:53:23Z,2026-08-28T03:53:23+0200,565fb0ed-db72-48c6-a54e-0fdff3a4721b,2026-08-01T09:15:00Z,2026-08-01T11:15:00+0200,0.0,EUR/MWh,ES,ES,imbalance_price,Short,2026-08-28T02:01:39Z
2026-08-28T01:53:23Z,2026-08-28T03:53:23+0200,565fb0ed-db72-48c6-a54e-0fdff3a4721b,2026-08-01T09:30:00Z,2026-08-01T11:30:00+0200,-2.43,EUR/MWh,ES,ES,imbalance_price,Long,2026-08-28T02:01:39Z
2026-08-28T01:53:23Z,2026-08-28T03:53:23+0200,565fb0ed-db72-48c6-a54e-0fdff3a4721b,2026-08-01T09:30:00Z,2026-08-01T11:30:00+0200,0.0,EUR/MWh,ES,ES,imbalance_price,Short,2026-08-28T02:01:39Z
2026-08-28T01:53:23Z,2026-08-28T03:53:23+0200,565fb0ed-db72-48c6-a54e-0fdff3a4721b,2026-08-01T09:45:00Z,2026-08-01T11:45:00+0200,-0.77,EUR/MWh,ES,ES,imbalance_price,Long,2026-08-28T02:01:39Z
2026-08-28T01:53:23Z,2026-08-28T03:53:23+0200,565fb0ed-db72-48c6-a54e-0fdff3a4721b,2026-08-01T09:45:00Z,2026-08-01T11:45:00+0200,0.0,EUR/MWh,ES,ES,imbalance_price,Short,2026-08-28T02:01:39Z
2026-08-28T01:53:23Z,2026-08-28T03:53:23+0200,565fb0ed-db72-48c6-a54e-0fdff3a4721b,2026-08-01T10:00:00Z,2026-08-01T12:00:00+0200,0.41,EUR/MWh,ES,ES,imbalance_price,Long,2026-08-28T02:01:39Z
2026-08-28T01:53:23Z,2026-08-28T03:53:23+0200,565fb0ed-db72-48c6-a54e-0fdff3a4721b,2026-08-01T10:00:00Z,2026-08-01T12:00:00+0200,0.35,EUR/MWh,ES,ES,imbalance_price,Short,2026-08-28T02:01:39Z
2026-08-28T01:53:23Z,2026-08-28T03:53:23+0200,565fb0ed-db72-48c6-a54e-0fdff3a4721b,2026-08-01T10:15:00Z,2026-08-01T12:15:00+0200,-0.63,EUR/MWh,ES,ES,imbalance_price,Long,2026-08-28T02:01:39Z
2026-08-28T01:53:23Z,2026-08-28T03:53:23+0200,565fb0ed-db72-48c6-a54e-0fdff3a4721b,2026-08-01T10:15:00Z,2026-08-01T12:15:00+0200,-0.63,EUR/MWh,ES,ES,imbalance_price,Short,2026-08-28T02:01:39Z
2026-08-28T01:53:23Z,2026-08-28T03:53:23+0200,565fb0ed-db72-48c6-a54e-0fdff3a4721b,2026-08-01T10:30:00Z,2026-08-01T12:30:00+0200,-7.58,EUR/MWh,ES,ES,imbalance_price,Long,2026-08-28T02:01:39Z
2026-08-28T01:53:23Z,2026-08-28T03:53:23+0200,565fb0ed-db72-48c6-a54e-0fdff3a4721b,2026-08-01T10:30:00Z,2026-08-01T12:30:00+0200,0.0,EUR/MWh,ES,ES,imbalance_price,Short,2026-08-28T02:01:39Z
2026-08-28T01:53:23Z,2026-08-28T03:53:23+0200,565fb0ed-db72-48c6-a54e-0fdff3a4721b,2026-08-01T10:45:00Z,2026-08-01T12:45:00+0200,-3.38,EUR/MWh,ES,ES,imbalance_price,Long,2026-08-28T02:01:39Z
2026-08-28T01:53:23Z,2026-08-28T03:53:23+0200,565fb0ed-db72-48c6-a54e-0fdff3a4721b,2026-08-01T10:45:00Z,2026-08-01T12:45:00+0200,-3.38,EUR/MWh,ES,ES,imbalance_price,Short,2026-08-28T02:01:39Z
2026-08-28T01:53:23Z,2026-08-28T03:53:23+0200,565fb0ed-db72-48c6-a54e-0fdff3a4721b,2026-08-01T11:00:00Z,2026-08-01T13:00:00+0200,-0.14,EUR/MWh,ES,ES,imbalance_price,Long,2026-08-28T02:01:39Z
2026-08-28T01:53:23Z,2026-08-28T03:53:23+0200,565fb0ed-db72-48c6-a54e-0fdff3a4721b,2026-08-01T11:00:00Z,2026-08-01T13:00:00+0200,2.71,EUR/MWh,ES,ES,imbalance_price,Short,2026-08-28T02:01:39Z
2026-08-28T01:53:23Z,2026-08-28T03:53:23+0200,565fb0ed-db72-48c6-a54e-0fdff3a4721b,2026-08-01T11:15:00Z,2026-08-01T13:15:00+0200,-1.47,EUR/MWh,ES,ES,imbalance_price,Long,2026-08-28T02:01:39Z
2026-08-28T01:53:23Z,2026-08-28T03:53:23+0200,565fb0ed-db72-48c6-a54e-0fdff3a4721b,2026-08-01T11:15:00Z,2026-08-01T13:15:00+0200,-1.47,EUR/MWh,ES,ES,imbalance_price,Short,2026-08-28T02:01:39Z
2026-08-28T01:53:23Z,2026-08-28T03:53:23+0200,565fb0ed-db72-48c6-a54e-0fdff3a4721b,2026-08-01T11:30:00Z,2026-08-01T13:30:00+0200,-2.62,EUR/MWh,ES,ES,imbalance_price,Long,2026-08-28T02:01:39Z
2026-08-28T01:53:23Z,2026-08-28T03:53:23+0200,565fb0ed-db72-48c6-a54e-0fdff3a4721b,2026-08-01T11:30:00Z,2026-08-01T13:30:00+0200,-2.62,EUR/MWh,ES,ES,imbalance_price,Short,2026-08-28T02:01:39Z
2026-08-28T01:53:23Z,2026-08-28T03:53:23+0200,565fb0ed-db72-48c6-a54e-0fdff3a4721b,2026-08-01T11:45:00Z,2026-08-01T13:45:00+0200,-2.03,EUR/MWh,ES,ES,imbalance_price,Long,2026-08-28T02:01:39Z
2026-08-28T01:53:23Z,2026-08-28T03:53:23+0200,565fb0ed-db72-48c6-a54e-0fdff3a4721b,2026-08-01T11:45:00Z,2026-08-01T13:45:00+0200,-2.03,EUR/MWh,ES,ES,imbalance_price,Short,2026-08-28T02:01:39Z
2026-08-28T01:53:23Z,2026-08-28T03:53:23+0200,565fb0ed-db72-48c6-a54e-0fdff3a4721b,2026-08-01T12:00:00Z,2026-08-01T14:00:00+0200,-1.81,EUR/MWh,ES,ES,imbalance_price,Long,2026-08-28T02:01:39Z
2026-08-28T01:53:23Z,2026-08-28T03:53:23+0200,565fb0ed-db72-48c6-a54e-0fdff3a4721b,2026-08-01T12:00:00Z,2026-08-01T14:00:00+0200,-1.81,EUR/MWh,ES,ES,imbalance_price,Short,2026-08-28T02:01:39Z
2026-08-28T01:53:23Z,2026-08-28T03:53:23+0200,565fb0ed-db72-48c6-a54e-0fdff3a4721b,2026-08-01T12:15:00Z,2026-08-01T14:15:00+0200,-3.7,EUR/MWh,ES,ES,imbalance_price,Long,2026-08-28T02:01:39Z
2026-08-28T01:53:23Z,2026-08-28T03:53:23+0200,565fb0ed-db72-48c6-a54e-0fdff3a4721b,2026-08-01T12:15:00Z,2026-08-01T14:15:00+0200,-3.7,EUR/MWh,ES,ES,imbalance_price,Short,2026-08-28T02:01:39Z
2026-08-28T01:53:23Z,2026-08-28T03:53:23+0200,565fb0ed-db72-48c6-a54e-0fdff3a4721b,2026-08-01T12:30:00Z,2026-08-01T14:30:00+0200,-0.37,EUR/MWh,ES,ES,imbalance_price,Long,2026-08-28T02:01:39Z
2026-08-28T01:53:23Z,2026-08-28T03:53:23+0200,565fb0ed-db72-48c6-a54e-0fdff3a4721b,2026-08-01T12:30:00Z,2026-08-01T14:30:00+0200,-0.37,EUR/MWh,ES,ES,imbalance_price,Short,2026-08-28T02:01:39Z
2026-08-28T01:53:23Z,2026-08-28T03:53:23+0200,565fb0ed-db72-48c6-a54e-0fdff3a4721b,2026-08-01T12:45:00Z,2026-08-01T14:45:00+0200,-0.36,EUR/MWh,ES,ES,imbalance_price,Long,2026-08-28T02:01:39Z
2026-08-28T01:53:23Z,2026-08-28T03:53:23+0200,565fb0ed-db72-48c6-a54e-0fdff3a4721b,2026-08-01T12:45:00Z,2026-08-01T14:45:00+0200,4.35,EUR/MWh,ES,ES,imbalance_price,Short,2026-08-28T02:01:39Z
2026-08-28T01:53:23Z,2026-08-28T03:53:23+0200,565fb0ed-db72-48c6-a54e-0fdff3a4721b,2026-08-01T13:00:00Z,2026-08-01T15:00:00+0200,-0.22,EUR/MWh,ES,ES,imbalance_price,Long,2026-08-28T02:01:39Z
2026-08-28T01:53:23Z,2026-08-28T03:53:23+0200,565fb0ed-db72-48c6-a54e-0fdff3a4721b,2026-08-01T13:00:00Z,2026-08-01T15:00:00+0200,6.24,EUR/MWh,ES,ES,imbalance_price,Short,2026-08-28T02:01:39Z
2026-08-28T01:53:23Z,2026-08-28T03:53:23+0200,565fb0ed-db72-48c6-a54e-0fdff3a4721b,2026-08-01T13:15:00Z,2026-08-01T15:15:00+0200,-0.12,EUR/MWh,ES,ES,imbalance_price,Long,2026-08-28T02:01:39Z
2026-08-28T01:53:23Z,2026-08-28T03:53:23+0200,565fb0ed-db72-48c6-a54e-0fdff3a4721b,2026-08-01T13:15:00Z,2026-08-01T15:15:00+0200,9.0,EUR/MWh,ES,ES,imbalance_price,Short,2026-08-28T02:01:39Z
2026-08-28T01:53:23Z,2026-08-28T03:53:23+0200,565fb0ed-db72-48c6-a54e-0fdff3a4721b,2026-08-01T13:30:00Z,2026-08-01T15:30:00+0200,0.18,EUR/MWh,ES,ES,imbalance_price,Long,2026-08-28T02:01:39Z
2026-08-28T01:53:23Z,2026-08-28T03:53:23+0200,565fb0ed-db72-48c6-a54e-0fdff3a4721b,2026-08-01T13:30:00Z,2026-08-01T15:30:00+0200,3.18,EUR/MWh,ES,ES,imbalance_price,Short,2026-08-28T02:01:39Z
2026-08-28T01:53:23Z,2026-08-28T03:53:23+0200,565fb0ed-db72-48c6-a54e-0fdff3a4721b,2026-08-01T13:45:00Z,2026-08-01T15:45:00+0200,1.0,EUR/MWh,ES,ES,imbalance_price,Long,2026-08-28T02:01:39Z
2026-08-28T01:53:23Z,2026-08-28T03:53:23+0200,565fb0ed-db72-48c6-a54e-0fdff3a4721b,2026-08-01T13:45:00Z,2026-08-01T15:45:00+0200,1.0,EUR/MWh,ES,ES,imbalance_price,Short,2026-08-28T02:01:39Z
2026-08-28T01:53:23Z,2026-08-28T03:53:23+0200,565fb0ed-db72-48c6-a54e-0fdff3a4721b,2026-08-01T14:00:00Z,2026-08-01T16:00:00+0200,1.88,EUR/MWh,ES,ES,imbalance_price,Long,2026-08-28T02:01:39Z
2026-08-28T01:53:23Z,2026-08-28T03:53:23+0200,565fb0ed-db72-48c6-a54e-0fdff3a4721b,2026-08-01T14:00:00Z,2026-08-01T16:00:00+0200,13.08,EUR/MWh,ES,ES,imbalance_price,Short,2026-08-28T02:01:39Z
2026-08-28T01:53:23Z,2026-08-28T03:53:23+0200,565fb0ed-db72-48c6-a54e-0fdff3a4721b,2026-08-01T14:15:00Z,2026-08-01T16:15:00+0200,0.02,EUR/MWh,ES,ES,imbalance_price,Long,2026-08-28T02:01:39Z
2026-08-28T01:53:23Z,2026-08-28T03:53:23+0200,565fb0ed-db72-48c6-a54e-0fdff3a4721b,2026-08-01T14:15:00Z,2026-08-01T16:15:00+0200,15.59,EUR/MWh,ES,ES,imbalance_price,Short,2026-08-28T02:01:39Z
2026-08-28T01:53:23Z,2026-08-28T03:53:23+0200,565fb0ed-db72-48c6-a54e-0fdff3a4721b,2026-08-01T14:30:00Z,2026-08-01T16:30:00+0200,-0.01,EUR/MWh,ES,ES,imbalance_price,Long,2026-08-28T02:01:39Z
2026-08-28T01:53:23Z,2026-08-28T03:53:23+0200,565fb0ed-db72-48c6-a54e-0fdff3a4721b,2026-08-01T14:30:00Z,2026-08-01T16:30:00+0200,40.63,EUR/MWh,ES,ES,imbalance_price,Short,2026-08-28T02:01:39Z
2026-08-28T01:53:23Z,2026-08-28T03:53:23+0200,565fb0ed-db72-48c6-a54e-0fdff3a4721b,2026-08-01T14:45:00Z,2026-08-01T16:45:00+0200,0.0,EUR/MWh,ES,ES,imbalance_price,Long,2026-08-28T02:01:39Z
2026-08-28T01:53:23Z,2026-08-28T03:53:23+0200,565fb0ed-db72-48c6-a54e-0fdff3a4721b,2026-08-01T14:45:00Z,2026-08-01T16:45:00+0200,45.29,EUR/MWh,ES,ES,imbalance_price,Short,2026-08-28T02:01:39Z
2026-08-28T01:53:23Z,2026-08-28T03:53:23+0200,565fb0ed-db72-48c6-a54e-0fdff3a4721b,2026-08-01T15:00:00Z,2026-08-01T17:00:00+0200,-0.08,EUR/MWh,ES,ES,imbalance_price,Long,2026-08-28T02:01:39Z
2026-08-28T01:53:23Z,2026-08-28T03:53:23+0200,565fb0ed-db72-48c6-a54e-0fdff3a4721b,2026-08-01T15:00:00Z,2026-08-01T17:00:00+0200,7.9,EUR/MWh,ES,ES,imbalance_price,Short,2026-08-28T02:01:39Z
2026-08-28T01:53:23Z,2026-08-28T03:53:23+0200,565fb0ed-db72-48c6-a54e-0fdff3a4721b,2026-08-01T15:15:00Z,2026-08-01T17:15:00+0200,-0.65,EUR/MWh,ES,ES,imbalance_price,Long,2026-08-28T02:01:39Z
2026-08-28T01:53:23Z,2026-08-28T03:53:23+0200,565fb0ed-db72-48c6-a54e-0fdff3a4721b,2026-08-01T15:15:00Z,2026-08-01T17:15:00+0200,-0.65,EUR/MWh,ES,ES,imbalance_price,Short,2026-08-28T02:01:39Z
2026-08-28T01:53:23Z,2026-08-28T03:53:23+0200,565fb0ed-db72-48c6-a54e-0fdff3a4721b,2026-08-01T15:30:00Z,2026-08-01T17:30:00+0200,-6.29,EUR/MWh,ES,ES,imbalance_price,Long,2026-08-28T02:01:39Z
2026-08-28T01:53:23Z,2026-08-28T03:53:23+0200,565fb0ed-db72-48c6-a54e-0fdff3a4721b,2026-08-01T15:30:00Z,2026-08-01T17:30:00+0200,-6.29,EUR/MWh,ES,ES,imbalance_price,Short,2026-08-28T02:01:39Z
2026-08-28T01:53:23Z,2026-08-28T03:53:23+0200,565fb0ed-db72-48c6-a54e-0fdff3a4721b,2026-08-01T15:45:00Z,2026-08-01T17:45:00+0200,-4.14,EUR/MWh,ES,ES,imbalance_price,Long,2026-08-28T02:01:39Z
2026-08-28T01:53:23Z,2026-08-28T03:53:23+0200,565fb0ed-db72-48c6-a54e-0fdff3a4721b,2026-08-01T15:45:00Z,2026-08-01T17:45:00+0200,-4.14,EUR/MWh,ES,ES,imbalance_price,Short,2026-08-28T02:01:39Z
2026-08-28T01:53:23Z,2026-08-28T03:53:23+0200,565fb0ed-db72-48c6-a54e-0fdff3a4721b,2026-08-01T16:00:00Z,2026-08-01T18:00:00+0200,-5.94,EUR/MWh,ES,ES,imbalance_price,Long,2026-08-28T02:01:39Z
2026-08-28T01:53:23Z,2026-08-28T03:53:23+0200,565fb0ed-db72-48c6-a54e-0fdff3a4721b,2026-08-01T16:00:00Z,2026-08-01T18:00:00+0200,-5.94,EUR/MWh,ES,ES,imbalance_price,Short,2026-08-28T02:01:39Z
2026-08-28T01:53:23Z,2026-08-28T03:53:23+0200,565fb0ed-db72-48c6-a54e-0fdff3a4721b,2026-08-01T16:15:00Z,2026-08-01T18:15:00+0200,-2.54,EUR/MWh,ES,ES,imbalance_price,Long,2026-08-28T02:01:39Z
2026-08-28T01:53:23Z,2026-08-28T03:53:23+0200,565fb0ed-db72-48c6-a54e-0fdff3a4721b,2026-08-01T16:15:00Z,2026-08-01T18:15:00+0200,-2.54,EUR/MWh,ES,ES,imbalance_price,Short,2026-08-28T02:01:39Z
2026-08-28T01:53:23Z,2026-08-28T03:53:23+0200,565fb0ed-db72-48c6-a54e-0fdff3a4721b,2026-08-01T16:30:00Z,2026-08-01T18:30:00+0200,-0.62,EUR/MWh,ES,ES,imbalance_price,Long,2026-08-28T02:01:39Z
2026-08-28T01:53:23Z,2026-08-28T03:53:23+0200,565fb0ed-db72-48c6-a54e-0fdff3a4721b,2026-08-01T16:30:00Z,2026-08-01T18:30:00+0200,-0.62,EUR/MWh,ES,ES,imbalance_price,Short,2026-08-28T02:01:39Z
2026-08-28T01:53:23Z,2026-08-28T03:53:23+0200,565fb0ed-db72-48c6-a54e-0fdff3a4721b,2026-08-01T16:45:00Z,2026-08-01T18:45:00+0200,-0.59,EUR/MWh,ES,ES,imbalance_price,Long,2026-08-28T02:01:39Z
2026-08-28T01:53:23Z,2026-08-28T03:53:23+0200,565fb0ed-db72-48c6-a54e-0fdff3a4721b,2026-08-01T16:45:00Z,2026-08-01T18:45:00+0200,135.87,EUR/MWh,ES,ES,imbalance_price,Short,2026-08-28T02:01:39Z
2026-08-28T01:53:23Z,2026-08-28T03:53:23+0200,565fb0ed-db72-48c6-a54e-0fdff3a4721b,2026-08-01T17:00:00Z,2026-08-01T19:00:00+0200,-4.93,EUR/MWh,ES,ES,imbalance_price,Long,2026-08-28T02:01:39Z
2026-08-28T01:53:23Z,2026-08-28T03:53:23+0200,565fb0ed-db72-48c6-a54e-0fdff3a4721b,2026-08-01T17:00:00Z,2026-08-01T19:00:00+0200,182.74,EUR/MWh,ES,ES,imbalance_price,Short,2026-08-28T02:01:39Z
2026-08-28T01:53:23Z,2026-08-28T03:53:23+0200,565fb0ed-db72-48c6-a54e-0fdff3a4721b,2026-08-01T17:15:00Z,2026-08-01T19:15:00+0200,-0.1,EUR/MWh,ES,ES,imbalance_price,Long,2026-08-28T02:01:39Z
2026-08-28T01:53:23Z,2026-08-28T03:53:23+0200,565fb0ed-db72-48c6-a54e-0fdff3a4721b,2026-08-01T17:15:00Z,2026-08-01T19:15:00+0200,188.08,EUR/MWh,ES,ES,imbalance_price,Short,2026-08-28T02:01:39Z
2026-08-28T01:53:23Z,2026-08-28T03:53:23+0200,565fb0ed-db72-48c6-a54e-0fdff3a4721b,2026-08-01T17:30:00Z,2026-08-01T19:30:00+0200,9.7,EUR/MWh,ES,ES,imbalance_price,Long,2026-08-28T02:01:39Z
2026-08-28T01:53:23Z,2026-08-28T03:53:23+0200,565fb0ed-db72-48c6-a54e-0fdff3a4721b,2026-08-01T17:30:00Z,2026-08-01T19:30:00+0200,184.46,EUR/MWh,ES,ES,imbalance_price,Short,2026-08-28T02:01:39Z
2026-08-28T01:53:23Z,2026-08-28T03:53:23+0200,565fb0ed-db72-48c6-a54e-0fdff3a4721b,2026-08-01T17:45:00Z,2026-08-01T19:45:00+0200,72.81,EUR/MWh,ES,ES,imbalance_price,Long,2026-08-28T02:01:39Z
2026-08-28T01:53:23Z,2026-08-28T03:53:23+0200,565fb0ed-db72-48c6-a54e-0fdff3a4721b,2026-08-01T17:45:00Z,2026-08-01T19:45:00+0200,179.25,EUR/MWh,ES,ES,imbalance_price,Short,2026-08-28T02:01:39Z
2026-08-28T01:53:23Z,2026-08-28T03:53:23+0200,565fb0ed-db72-48c6-a54e-0fdff3a4721b,2026-08-01T18:00:00Z,2026-08-01T20:00:00+0200,101.75,EUR/MWh,ES,ES,imbalance_price,Long,2026-08-28T02:01:39Z
2026-08-28T01:53:23Z,2026-08-28T03:53:23+0200,565fb0ed-db72-48c6-a54e-0fdff3a4721b,2026-08-01T18:00:00Z,2026-08-01T20:00:00+0200,131.36,EUR/MWh,ES,ES,imbalance_price,Short,2026-08-28T02:01:39Z
2026-08-28T01:53:23Z,2026-08-28T03:53:23+0200,565fb0ed-db72-48c6-a54e-0fdff3a4721b,2026-08-01T18:15:00Z,2026-08-01T20:15:00+0200,99.1,EUR/MWh,ES,ES,imbalance_price,Long,2026-08-28T02:01:39Z
2026-08-28T01:53:23Z,2026-08-28T03:53:23+0200,565fb0ed-db72-48c6-a54e-0fdff3a4721b,2026-08-01T18:15:00Z,2026-08-01T20:15:00+0200,143.0,EUR/MWh,ES,ES,imbalance_price,Short,2026-08-28T02:01:39Z
2026-08-28T01:53:23Z,2026-08-28T03:53:23+0200,565fb0ed-db72-48c6-a54e-0fdff3a4721b,2026-08-01T18:30:00Z,2026-08-01T20:30:00+0200,0.0,EUR/MWh,ES,ES,imbalance_price,Long,2026-08-28T02:01:39Z
2026-08-28T01:53:23Z,2026-08-28T03:53:23+0200,565fb0ed-db72-48c6-a54e-0fdff3a4721b,2026-08-01T18:30:00Z,2026-08-01T20:30:00+0200,147.26,EUR/MWh,ES,ES,imbalance_price,Short,2026-08-28T02:01:39Z
2026-08-28T01:53:23Z,2026-08-28T03:53:23+0200,565fb0ed-db72-48c6-a54e-0fdff3a4721b,2026-08-01T18:45:00Z,2026-08-01T20:45:00+0200,151.04,EUR/MWh,ES,ES,imbalance_price,Long,2026-08-28T02:01:39Z
2026-08-28T01:53:23Z,2026-08-28T03:53:23+0200,565fb0ed-db72-48c6-a54e-0fdff3a4721b,2026-08-01T18:45:00Z,2026-08-01T20:45:00+0200,151.04,EUR/MWh,ES,ES,imbalance_price,Short,2026-08-28T02:01:39Z
2026-08-28T01:53:23Z,2026-08-28T03:53:23+0200,565fb0ed-db72-48c6-a54e-0fdff3a4721b,2026-08-01T19:00:00Z,2026-08-01T21:00:00+0200,89.64,EUR/MWh,ES,ES,imbalance_price,Long,2026-08-28T02:01:39Z
2026-08-28T01:53:23Z,2026-08-28T03:53:23+0200,565fb0ed-db72-48c6-a54e-0fdff3a4721b,2026-08-01T19:00:00Z,2026-08-01T21:00:00+0200,185.89,EUR/MWh,ES,ES,imbalance_price,Short,2026-08-28T02:01:39Z
2026-08-28T01:53:23Z,2026-08-28T03:53:23+0200,565fb0ed-db72-48c6-a54e-0fdff3a4721b,2026-08-01T19:15:00Z,2026-08-01T21:15:00+0200,194.52,EUR/MWh,ES,ES,imbalance_price,Long,2026-08-28T02:01:39Z
2026-08-28T01:53:23Z,2026-08-28T03:53:23+0200,565fb0ed-db72-48c6-a54e-0fdff3a4721b,2026-08-01T19:15:00Z,2026-08-01T21:15:00+0200,194.52,EUR/MWh,ES,ES,imbalance_price,Short,2026-08-28T02:01:39Z
2026-08-28T01:53:23Z,2026-08-28T03:53:23+0200,565fb0ed-db72-48c6-a54e-0fdff3a4721b,2026-08-01T19:30:00Z,2026-08-01T21:30:00+0200,197.67,EUR/MWh,ES,ES,imbalance_price,Long,2026-08-28T02:01:39Z
2026-08-28T01:53:23Z,2026-08-28T03:53:23+0200,565fb0ed-db72-48c6-a54e-0fdff3a4721b,2026-08-01T19:30:00Z,2026-08-01T21:30:00+0200,197.67,EUR/MWh,ES,ES,imbalance_price,Short,2026-08-28T02:01:39Z
2026-08-28T01:53:23Z,2026-08-28T03:53:23+0200,565fb0ed-db72-48c6-a54e-0fdff3a4721b,2026-08-01T19:45:00Z,2026-08-01T21:45:00+0200,195.63,EUR/MWh,ES,ES,imbalance_price,Long,2026-08-28T02:01:39Z
2026-08-28T01:53:23Z,2026-08-28T03:53:23+0200,565fb0ed-db72-48c6-a54e-0fdff3a4721b,2026-08-01T19:45:00Z,2026-08-01T21:45:00+0200,195.63,EUR/MWh,ES,ES,imbalance_price,Short,2026-08-28T02:01:39Z
2026-08-28T01:53:23Z,2026-08-28T03:53:23+0200,565fb0ed-db72-48c6-a54e-0fdff3a4721b,2026-08-01T20:00:00Z,2026-08-01T22:00:00+0200,77.56,EUR/MWh,ES,ES,imbalance_price,Long,2026-08-28T02:01:39Z
2026-08-28T01:53:23Z,2026-08-28T03:53:23+0200,565fb0ed-db72-48c6-a54e-0fdff3a4721b,2026-08-01T20:00:00Z,2026-08-01T22:00:00+0200,197.08,EUR/MWh,ES,ES,imbalance_price,Short,2026-08-28T02:01:39Z
2026-08-28T01:53:23Z,2026-08-28T03:53:23+0200,565fb0ed-db72-48c6-a54e-0fdff3a4721b,2026-08-01T20:15:00Z,2026-08-01T22:15:00+0200,94.94,EUR/MWh,ES,ES,imbalance_price,Long,2026-08-28T02:01:39Z
2026-08-28T01:53:23Z,2026-08-28T03:53:23+0200,565fb0ed-db72-48c6-a54e-0fdff3a4721b,2026-08-01T20:15:00Z,2026-08-01T22:15:00+0200,194.56,EUR/MWh,ES,ES,imbalance_price,Short,2026-08-28T02:01:39Z
2026-08-28T01:53:23Z,2026-08-28T03:53:23+0200,565fb0ed-db72-48c6-a54e-0fdff3a4721b,2026-08-01T20:30:00Z,2026-08-01T22:30:00+0200,121.69,EUR/MWh,ES,ES,imbalance_price,Long,2026-08-28T02:01:39Z
2026-08-28T01:53:23Z,2026-08-28T03:53:23+0200,565fb0ed-db72-48c6-a54e-0fdff3a4721b,2026-08-01T20:30:00Z,2026-08-01T22:30:00+0200,186.85,EUR/MWh,ES,ES,imbalance_price,Short,2026-08-28T02:01:39Z
2026-08-28T01:53:23Z,2026-08-28T03:53:23+0200,565fb0ed-db72-48c6-a54e-0fdff3a4721b,2026-08-01T20:45:00Z,2026-08-01T22:45:00+0200,134.05,EUR/MWh,ES,ES,imbalance_price,Long,2026-08-28T02:01:39Z
2026-08-28T01:53:23Z,2026-08-28T03:53:23+0200,565fb0ed-db72-48c6-a54e-0fdff3a4721b,2026-08-01T20:45:00Z,2026-08-01T22:45:00+0200,184.69,EUR/MWh,ES,ES,imbalance_price,Short,2026-08-28T02:01:39Z
2026-08-28T01:53:23Z,2026-08-28T03:53:23+0200,565fb0ed-db72-48c6-a54e-0fdff3a4721b,2026-08-01T21:00:00Z,2026-08-01T23:00:00+0200,126.03,EUR/MWh,ES,ES,imbalance_price,Long,2026-08-28T02:01:39Z
2026-08-28T01:53:23Z,2026-08-28T03:53:23+0200,565fb0ed-db72-48c6-a54e-0fdff3a4721b,2026-08-01T21:00:00Z,2026-08-01T23:00:00+0200,187.9,EUR/MWh,ES,ES,imbalance_price,Short,2026-08-28T02:01:39Z
2026-08-28T01:53:23Z,2026-08-28T03:53:23+0200,565fb0ed-db72-48c6-a54e-0fdff3a4721b,2026-08-01T21:15:00Z,2026-08-01T23:15:00+0200,119.34,EUR/MWh,ES,ES,imbalance_price,Long,2026-08-28T02:01:39Z
2026-08-28T01:53:23Z,2026-08-28T03:53:23+0200,565fb0ed-db72-48c6-a54e-0fdff3a4721b,2026-08-01T21:15:00Z,2026-08-01T23:15:00+0200,164.72,EUR/MWh,ES,ES,imbalance_price,Short,2026-08-28T02:01:39Z
2026-08-28T01:53:23Z,2026-08-28T03:53:23+0200,565fb0ed-db72-48c6-a54e-0fdff3a4721b,2026-08-01T21:30:00Z,2026-08-01T23:30:00+0200,121.71,EUR/MWh,ES,ES,imbalance_price,Long,2026-08-28T02:01:39Z
2026-08-28T01:53:23Z,2026-08-28T03:53:23+0200,565fb0ed-db72-48c6-a54e-0fdff3a4721b,2026-08-01T21:30:00Z,2026-08-01T23:30:00+0200,154.79,EUR/MWh,ES,ES,imbalance_price,Short,2026-08-28T02:01:39Z
2026-08-28T01:53:23Z,2026-08-28T03:53:23+0200,565fb0ed-db72-48c6-a54e-0fdff3a4721b,2026-08-01T21:45:00Z,2026-08-01T23:45:00+0200,125.9,EUR/MWh,ES,ES,imbalance_price,Long,2026-08-28T02:01:39Z
2026-08-28T01:53:23Z,2026-08-28T03:53:23+0200,565fb0ed-db72-48c6-a54e-0fdff3a4721b,2026-08-01T21:45:00Z,2026-08-01T23:45:00+0200,141.93,EUR/MWh,ES,ES,imbalance_price,Short,2026-08-28T02:01:39Z
2026-08-28T01:53:23Z,2026-08-28T03:53:23+0200,565fb0ed-db72-48c6-a54e-0fdff3a4721b,2026-08-01T22:00:00Z,2026-08-02T00:00:00+0200,131.19,EUR/MWh,ES,ES,imbalance_price,Long,2026-08-28T02:01:39Z
2026-08-28T01:53:23Z,2026-08-28T03:53:23+0200,565fb0ed-db72-48c6-a54e-0fdff3a4721b,2026-08-01T22:00:00Z,2026-08-02T00:00:00+0200,182.22,EUR/MWh,ES,ES,imbalance_price,Short,2026-08-28T02:01:39Z
2026-08-28T01:53:23Z,2026-08-28T03:53:23+0200,565fb0ed-db72-48c6-a54e-0fdff3a4721b,2026-08-01T22:15:00Z,2026-08-02T00:15:00+0200,51.86,EUR/MWh,ES,ES,imbalance_price,Long,2026-08-28T02:01:39Z
2026-08-28T01:53:23Z,2026-08-28T03:53:23+0200,565fb0ed-db72-48c6-a54e-0fdff3a4721b,2026-08-01T22:15:00Z,2026-08-02T00:15:00+0200,176.56,EUR/MWh,ES,ES,imbalance_price,Short,2026-08-28T02:01:39Z
2026-08-28T01:53:23Z,2026-08-28T03:53:23+0200,565fb0ed-db72-48c6-a54e-0fdff3a4721b,2026-08-01T22:30:00Z,2026-08-02T00:30:00+0200,97.92,EUR/MWh,ES,ES,imbalance_price,Long,2026-08-28T02:01:39Z
2026-08-28T01:53:23Z,2026-08-28T03:53:23+0200,565fb0ed-db72-48c6-a54e-0fdff3a4721b,2026-08-01T22:30:00Z,2026-08-02T00:30:00+0200,148.45,EUR/MWh,ES,ES,imbalance_price,Short,2026-08-28T02:01:39Z
2026-08-28T01:53:23Z,2026-08-28T03:53:23+0200,565fb0ed-db72-48c6-a54e-0fdff3a4721b,2026-08-01T22:45:00Z,2026-08-02T00:45:00+0200,95.05,EUR/MWh,ES,ES,imbalance_price,Long,2026-08-28T02:01:39Z
2026-08-28T01:53:23Z,2026-08-28T03:53:23+0200,565fb0ed-db72-48c6-a54e-0fdff3a4721b,2026-08-01T22:45:00Z,2026-08-02T00:45:00+0200,148.17,EUR/MWh,ES,ES,imbalance_price,Short,2026-08-28T02:01:39Z
2026-08-28T01:53:23Z,2026-08-28T03:53:23+0200,565fb0ed-db72-48c6-a54e-0fdff3a4721b,2026-08-01T23:00:00Z,2026-08-02T01:00:00+0200,36.62,EUR/MWh,ES,ES,imbalance_price,Long,2026-08-28T02:01:39Z
2026-08-28T01:53:23Z,2026-08-28T03:53:23+0200,565fb0ed-db72-48c6-a54e-0fdff3a4721b,2026-08-01T23:00:00Z,2026-08-02T01:00:00+0200,171.83,EUR/MWh,ES,ES,imbalance_price,Short,2026-08-28T02:01:39Z
2026-08-28T01:53:23Z,2026-08-28T03:53:23+0200,565fb0ed-db72-48c6-a54e-0fdff3a4721b,2026-08-01T23:15:00Z,2026-08-02T01:15:00+0200,144.4,EUR/MWh,ES,ES,imbalance_price,Long,2026-08-28T02:01:39Z
2026-08-28T01:53:23Z,2026-08-28T03:53:23+0200,565fb0ed-db72-48c6-a54e-0fdff3a4721b,2026-08-01T23:15:00Z,2026-08-02T01:15:00+0200,173.53,EUR/MWh,ES,ES,imbalance_price,Short,2026-08-28T02:01:39Z
2026-08-28T01:53:23Z,2026-08-28T03:53:23+0200,565fb0ed-db72-48c6-a54e-0fdff3a4721b,2026-08-01T23:30:00Z,2026-08-02T01:30:00+0200,47.74,EUR/MWh,ES,ES,imbalance_price,Long,2026-08-28T02:01:39Z
2026-08-28T01:53:23Z,2026-08-28T03:53:23+0200,565fb0ed-db72-48c6-a54e-0fdff3a4721b,2026-08-01T23:30:00Z,2026-08-02T01:30:00+0200,171.46,EUR/MWh,ES,ES,imbalance_price,Short,2026-08-28T02:01:39Z
2026-08-28T01:53:23Z,2026-08-28T03:53:23+0200,565fb0ed-db72-48c6-a54e-0fdff3a4721b,2026-08-01T23:45:00Z,2026-08-02T01:45:00+0200,0.0,EUR/MWh,ES,ES,imbalance_price,Long,2026-08-28T02:01:39Z
2026-08-28T01:53:23Z,2026-08-28T03:53:23+0200,565fb0ed-db72-48c6-a54e-0fdff3a4721b,2026-08-01T23:45:00Z,2026-08-02T01:45:00+0200,171.94,EUR/MWh,ES,ES,imbalance_price,Short,2026-08-28T02:01:39Z
2026-08-28T01:53:23Z,2026-08-28T03:53:23+0200,565fb0ed-db72-48c6-a54e-0fdff3a4721b,2026-08-02T00:00:00Z,2026-08-02T02:00:00+0200,0.0,EUR/MWh,ES,ES,imbalance_price,Long,2026-08-28T02:01:39Z
2026-08-28T01:53:23Z,2026-08-28T03:53:23+0200,565fb0ed-db72-48c6-a54e-0fdff3a4721b,2026-08-02T00:00:00Z,2026-08-02T02:00:00+0200,188.34,EUR/MWh,ES,ES,imbalance_price,Short,2026-08-28T02:01:39Z
2026-08-28T01:53:23Z,2026-08-28T03:53:23+0200,565fb0ed-db72-48c6-a54e-0fdff3a4721b,2026-08-02T00:15:00Z,2026-08-02T02:15:00+0200,0.0,EUR/MWh,ES,ES,imbalance_price,Long,2026-08-28T02:01:39Z
2026-08-28T01:53:23Z,2026-08-28T03:53:23+0200,565fb0ed-db72-48c6-a54e-0fdff3a4721b,2026-08-02T00:15:00Z,2026-08-02T02:15:00+0200,188.08,EUR/MWh,ES,ES,imbalance_price,Short,2026-08-28T02:01:39Z
2026-08-28T01:53:23Z,2026-08-28T03:53:23+0200,565fb0ed-db72-48c6-a54e-0fdff3a4721b,2026-08-02T00:30:00Z,2026-08-02T02:30:00+0200,129.81,EUR/MWh,ES,ES,imbalance_price,Long,2026-08-28T02:01:39Z
2026-08-28T01:53:23Z,2026-08-28T03:53:23+0200,565fb0ed-db72-48c6-a54e-0fdff3a4721b,2026-08-02T00:30:00Z,2026-08-02T02:30:00+0200,188.51,EUR/MWh,ES,ES,imbalance_price,Short,2026-08-28T02:01:39Z
2026-08-28T01:53:23Z,2026-08-28T03:53:23+0200,565fb0ed-db72-48c6-a54e-0fdff3a4721b,2026-08-02T00:45:00Z,2026-08-02T02:45:00+0200,50.45,EUR/MWh,ES,ES,imbalance_price,Long,2026-08-28T02:01:39Z
2026-08-28T01:53:23Z,2026-08-28T03:53:23+0200,565fb0ed-db72-48c6-a54e-0fdff3a4721b,2026-08-02T00:45:00Z,2026-08-02T02:45:00+0200,187.79,EUR/MWh,ES,ES,imbalance_price,Short,2026-08-28T02:01:39Z
2026-08-28T01:53:23Z,2026-08-28T03:53:23+0200,565fb0ed-db72-48c6-a54e-0fdff3a4721b,2026-08-02T01:00:00Z,2026-08-02T03:00:00+0200,0.0,EUR/MWh,ES,ES,imbalance_price,Long,2026-08-28T02:01:39Z
2026-08-28T01:53:23Z,2026-08-28T03:53:23+0200,565fb0ed-db72-48c6-a54e-0fdff3a4721b,2026-08-02T01:00:00Z,2026-08-02T03:00:00+0200,187.26,EUR/MWh,ES,ES,imbalance_price,Short,2026-08-28T02:01:39Z
2026-08-28T01:53:23Z,2026-08-28T03:53:23+0200,565fb0ed-db72-48c6-a54e-0fdff3a4721b,2026-08-02T01:15:00Z,2026-08-02T03:15:00+0200,133.72,EUR/MWh,ES,ES,imbalance_price,Long,2026-08-28T02:01:39Z
2026-08-28T01:53:23Z,2026-08-28T03:53:23+0200,565fb0ed-db72-48c6-a54e-0fdff3a4721b,2026-08-02T01:15:00Z,2026-08-02T03:15:00+0200,189.08,EUR/MWh,ES,ES,imbalance_price,Short,2026-08-28T02:01:39Z
2026-08-28T01:53:23Z,2026-08-28T03:53:23+0200,565fb0ed-db72-48c6-a54e-0fdff3a4721b,2026-08-02T01:30:00Z,2026-08-02T03:30:00+0200,122.3,EUR/MWh,ES,ES,imbalance_price,Long,2026-08-28T02:01:39Z
2026-08-28T01:53:23Z,2026-08-28T03:53:23+0200,565fb0ed-db72-48c6-a54e-0fdff3a4721b,2026-08-02T01:30:00Z,2026-08-02T03:30:00+0200,187.87,EUR/MWh,ES,ES,imbalance_price,Short,2026-08-28T02:01:39Z
2026-08-28T01:53:23Z,2026-08-28T03:53:23+0200,565fb0ed-db72-48c6-a54e-0fdff3a4721b,2026-08-02T01:45:00Z,2026-08-02T03:45:00+0200,0.0,EUR/MWh,ES,ES,imbalance_price,Long,2026-08-28T02:01:39Z
2026-08-28T01:53:23Z,2026-08-28T03:53:23+0200,565fb0ed-db72-48c6-a54e-0fdff3a4721b,2026-08-02T01:45:00Z,2026-08-02T03:45:00+0200,187.77,EUR/MWh,ES,ES,imbalance_price,Short,2026-08-28T02:01:39Z
2026-08-28T01:53:23Z,2026-08-28T03:53:23+0200,565fb0ed-db72-48c6-a54e-0fdff3a4721b,2026-08-02T02:00:00Z,2026-08-02T04:00:00+0200,0.0,EUR/MWh,ES,ES,imbalance_price,Long,2026-08-28T02:01:39Z
2026-08-28T01:53:23Z,2026-08-28T03:53:23+0200,565fb0ed-db72-48c6-a54e-0fdff3a4721b,2026-08-02T02:00:00Z,2026-08-02T04:00:00+0200,187.94,EUR/MWh,ES,ES,imbalance_price,Short,2026-08-28T02:01:39Z
2026-08-28T01:53:23Z,2026-08-28T03:53:23+0200,565fb0ed-db72-48c6-a54e-0fdff3a4721b,2026-08-02T02:15:00Z,2026-08-02T04:15:00+0200,126.12,EUR/MWh,ES,ES,imbalance_price,Long,2026-08-28T02:01:39Z
2026-08-28T01:53:23Z,2026-08-28T03:53:23+0200,565fb0ed-db72-48c6-a54e-0fdff3a4721b,2026-08-02T02:15:00Z,2026-08-02T04:15:00+0200,188.4,EUR/MWh,ES,ES,imbalance_price,Short,2026-08-28T02:01:39Z
2026-08-28T01:53:23Z,2026-08-28T03:53:23+0200,565fb0ed-db72-48c6-a54e-0fdff3a4721b,2026-08-02T02:30:00Z,2026-08-02T04:30:00+0200,129.21,EUR/MWh,ES,ES,imbalance_price,Long,2026-08-28T02:01:39Z
2026-08-28T01:53:23Z,2026-08-28T03:53:23+0200,565fb0ed-db72-48c6-a54e-0fdff3a4721b,2026-08-02T02:30:00Z,2026-08-02T04:30:00+0200,189.09,EUR/MWh,ES,ES,imbalance_price,Short,2026-08-28T02:01:39Z
2026-08-28T01:53:23Z,2026-08-28T03:53:23+0200,565fb0ed-db72-48c6-a54e-0fdff3a4721b,2026-08-02T02:45:00Z,2026-08-02T04:45:00+0200,0.0,EUR/MWh,ES,ES,imbalance_price,Long,2026-08-28T02:01:39Z
2026-08-28T01:53:23Z,2026-08-28T03:53:23+0200,565fb0ed-db72-48c6-a54e-0fdff3a4721b,2026-08-02T02:45:00Z,2026-08-02T04:45:00+0200,187.29,EUR/MWh,ES,ES,imbalance_price,Short,2026-08-28T02:01:39Z
2026-08-28T01:53:23Z,2026-08-28T03:53:23+0200,565fb0ed-db72-48c6-a54e-0fdff3a4721b,2026-08-02T03:00:00Z,2026-08-02T05:00:00+0200,100.04,EUR/MWh,ES,ES,imbalance_price,Long,2026-08-28T02:01:39Z
2026-08-28T01:53:23Z,2026-08-28T03:53:23+0200,565fb0ed-db72-48c6-a54e-0fdff3a4721b,2026-08-02T03:00:00Z,2026-08-02T05:00:00+0200,187.56,EUR/MWh,ES,ES,imbalance_price,Short,2026-08-28T02:01:39Z
2026-08-28T01:53:23Z,2026-08-28T03:53:23+0200,565fb0ed-db72-48c6-a54e-0fdff3a4721b,2026-08-02T03:15:00Z,2026-08-02T05:15:00+0200,114.74,EUR/MWh,ES,ES,imbalance_price,Long,2026-08-28T02:01:39Z
2026-08-28T01:53:23Z,2026-08-28T03:53:23+0200,565fb0ed-db72-48c6-a54e-0fdff3a4721b,2026-08-02T03:15:00Z,2026-08-02T05:15:00+0200,189.04,EUR/MWh,ES,ES,imbalance_price,Short,2026-08-28T02:01:39Z
2026-08-28T01:53:23Z,2026-08-28T03:53:23+0200,565fb0ed-db72-48c6-a54e-0fdff3a4721b,2026-08-02T03:30:00Z,2026-08-02T05:30:00+0200,98.75,EUR/MWh,ES,ES,imbalance_price,Long,2026-08-28T02:01:39Z
2026-08-28T01:53:23Z,2026-08-28T03:53:23+0200,565fb0ed-db72-48c6-a54e-0fdff3a4721b,2026-08-02T03:30:00Z,2026-08-02T05:30:00+0200,189.09,EUR/MWh,ES,ES,imbalance_price,Short,2026-08-28T02:01:39Z
2026-08-28T01:53:23Z,2026-08-28T03:53:23+0200,565fb0ed-db72-48c6-a54e-0fdff3a4721b,2026-08-02T03:45:00Z,2026-08-02T05:45:00+0200,125.59,EUR/MWh,ES,ES,imbalance_price,Long,2026-08-28T02:01:39Z
2026-08-28T01:53:23Z,2026-08-28T03:53:23+0200,565fb0ed-db72-48c6-a54e-0fdff3a4721b,2026-08-02T03:45:00Z,2026-08-02T05:45:00+0200,188.72,EUR/MWh,ES,ES,imbalance_price,Short,2026-08-28T02:01:39Z
2026-08-28T01:53:23Z,2026-08-28T03:53:23+0200,565fb0ed-db72-48c6-a54e-0fdff3a4721b,2026-08-02T04:00:00Z,2026-08-02T06:00:00+0200,125.87,EUR/MWh,ES,ES,imbalance_price,Long,2026-08-28T02:01:39Z
2026-08-28T01:53:23Z,2026-08-28T03:53:23+0200,565fb0ed-db72-48c6-a54e-0fdff3a4721b,2026-08-02T04:00:00Z,2026-08-02T06:00:00+0200,189.66,EUR/MWh,ES,ES,imbalance_price,Short,2026-08-28T02:01:39Z
2026-08-28T01:53:23Z,2026-08-28T03:53:23+0200,565fb0ed-db72-48c6-a54e-0fdff3a4721b,2026-08-02T04:15:00Z,2026-08-02T06:15:00+0200,127.79,EUR/MWh,ES,ES,imbalance_price,Long,2026-08-28T02:01:39Z
2026-08-28T01:53:23Z,2026-08-28T03:53:23+0200,565fb0ed-db72-48c6-a54e-0fdff3a4721b,2026-08-02T04:15:00Z,2026-08-02T06:15:00+0200,189.38,EUR/MWh,ES,ES,imbalance_price,Short,2026-08-28T02:01:39Z
2026-08-28T01:53:23Z,2026-08-28T03:53:23+0200,565fb0ed-db72-48c6-a54e-0fdff3a4721b,2026-08-02T04:30:00Z,2026-08-02T06:30:00+0200,128.47,EUR/MWh,ES,ES,imbalance_price,Long,2026-08-28T02:01:39Z
2026-08-28T01:53:23Z,2026-08-28T03:53:23+0200,565fb0ed-db72-48c6-a54e-0fdff3a4721b,2026-08-02T04:30:00Z,2026-08-02T06:30:00+0200,189.09,EUR/MWh,ES,ES,imbalance_price,Short,2026-08-28T02:01:39Z
2026-08-28T01:53:23Z,2026-08-28T03:53:23+0200,565fb0ed-db72-48c6-a54e-0fdff3a4721b,2026-08-02T04:45:00Z,2026-08-02T06:45:00+0200,125.16,EUR/MWh,ES,ES,imbalance_price,Long,2026-08-28T02:01:39Z
2026-08-28T01:53:23Z,2026-08-28T03:53:23+0200,565fb0ed-db72-48c6-a54e-0fdff3a4721b,2026-08-02T04:45:00Z,2026-08-02T06:45:00+0200,189.12,EUR/MWh,ES,ES,imbalance_price,Short,2026-08-28T02:01:39Z
2026-08-28T01:53:23Z,2026-08-28T03:53:23+0200,565fb0ed-db72-48c6-a54e-0fdff3a4721b,2026-08-02T05:00:00Z,2026-08-02T07:00:00+0200,125.0,EUR/MWh,ES,ES,imbalance_price,Long,2026-08-28T02:01:39Z
2026-08-28T01:53:23Z,2026-08-28T03:53:23+0200,565fb0ed-db72-48c6-a54e-0fdff3a4721b,2026-08-02T05:00:00Z,2026-08-02T07:00:00+0200,189.3,EUR/MWh,ES,ES,imbalance_price,Short,2026-08-28T02:01:39Z
2026-08-28T01:53:23Z,2026-08-28T03:53:23+0200,565fb0ed-db72-48c6-a54e-0fdff3a4721b,2026-08-02T05:15:00Z,2026-08-02T07:15:00+0200,129.93,EUR/MWh,ES,ES,imbalance_price,Long,2026-08-28T02:01:39Z
2026-08-28T01:53:23Z,2026-08-28T03:53:23+0200,565fb0ed-db72-48c6-a54e-0fdff3a4721b,2026-08-02T05:15:00Z,2026-08-02T07:15:00+0200,165.31,EUR/MWh,ES,ES,imbalance_price,Short,2026-08-28T02:01:39Z
2026-08-28T01:53:23Z,2026-08-28T03:53:23+0200,565fb0ed-db72-48c6-a54e-0fdff3a4721b,2026-08-02T05:30:00Z,2026-08-02T07:30:00+0200,103.53,EUR/MWh,ES,ES,imbalance_price,Long,2026-08-28T02:01:39Z
2026-08-28T01:53:23Z,2026-08-28T03:53:23+0200,565fb0ed-db72-48c6-a54e-0fdff3a4721b,2026-08-02T05:30:00Z,2026-08-02T07:30:00+0200,147.58,EUR/MWh,ES,ES,imbalance_price,Short,2026-08-28T02:01:39Z
2026-08-28T01:53:23Z,2026-08-28T03:53:23+0200,565fb0ed-db72-48c6-a54e-0fdff3a4721b,2026-08-02T05:45:00Z,2026-08-02T07:45:00+0200,63.33,EUR/MWh,ES,ES,imbalance_price,Long,2026-08-28T02:01:39Z
2026-08-28T01:53:23Z,2026-08-28T03:53:23+0200,565fb0ed-db72-48c6-a54e-0fdff3a4721b,2026-08-02T05:45:00Z,2026-08-02T07:45:00+0200,150.45,EUR/MWh,ES,ES,imbalance_price,Short,2026-08-28T02:01:39Z
2026-08-28T01:53:23Z,2026-08-28T03:53:23+0200,565fb0ed-db72-48c6-a54e-0fdff3a4721b,2026-08-02T06:00:00Z,2026-08-02T08:00:00+0200,63.69,EUR/MWh,ES,ES,imbalance_price,Long,2026-08-28T02:01:39Z
2026-08-28T01:53:23Z,2026-08-28T03:53:23+0200,565fb0ed-db72-48c6-a54e-0fdff3a4721b,2026-08-02T06:00:00Z,2026-08-02T08:00:00+0200,136.89,EUR/MWh,ES,ES,imbalance_price,Short,2026-08-28T02:01:39Z
2026-08-28T01:53:23Z,2026-08-28T03:53:23+0200,565fb0ed-db72-48c6-a54e-0fdff3a4721b,2026-08-02T06:15:00Z,2026-08-02T08:15:00+0200,119.49,EUR/MWh,ES,ES,imbalance_price,Long,2026-08-28T02:01:39Z
2026-08-28T01:53:23Z,2026-08-28T03:53:23+0200,565fb0ed-db72-48c6-a54e-0fdff3a4721b,2026-08-02T06:15:00Z,2026-08-02T08:15:00+0200,137.3,EUR/MWh,ES,ES,imbalance_price,Short,2026-08-28T02:01:39Z
2026-08-28T01:53:23Z,2026-08-28T03:53:23+0200,565fb0ed-db72-48c6-a54e-0fdff3a4721b,2026-08-02T06:30:00Z,2026-08-02T08:30:00+0200,7.09,EUR/MWh,ES,ES,imbalance_price,Long,2026-08-28T02:01:39Z
2026-08-28T01:53:23Z,2026-08-28T03:53:23+0200,565fb0ed-db72-48c6-a54e-0fdff3a4721b,2026-08-02T06:30:00Z,2026-08-02T08:30:00+0200,140.32,EUR/MWh,ES,ES,imbalance_price,Short,2026-08-28T02:01:39Z
2026-08-28T01:53:23Z,2026-08-28T03:53:23+0200,565fb0ed-db72-48c6-a54e-0fdff3a4721b,2026-08-02T06:45:00Z,2026-08-02T08:45:00+0200,3.09,EUR/MWh,ES,ES,imbalance_price,Long,2026-08-28T02:01:39Z
2026-08-28T01:53:23Z,2026-08-28T03:53:23+0200,565fb0ed-db72-48c6-a54e-0fdff3a4721b,2026-08-02T06:45:00Z,2026-08-02T08:45:00+0200,138.39,EUR/MWh,ES,ES,imbalance_price,Short,2026-08-28T02:01:39Z
2026-08-28T01:53:23Z,2026-08-28T03:53:23+0200,565fb0ed-db72-48c6-a54e-0fdff3a4721b,2026-08-02T07:00:00Z,2026-08-02T09:00:00+0200,38.9,EUR/MWh,ES,ES,imbalance_price,Long,2026-08-28T02:01:39Z
2026-08-28T01:53:23Z,2026-08-28T03:53:23+0200,565fb0ed-db72-48c6-a54e-0fdff3a4721b,2026-08-02T07:00:00Z,2026-08-02T09:00:00+0200,118.18,EUR/MWh,ES,ES,imbalance_price,Short,2026-08-28T02:01:39Z
2026-08-28T01:53:23Z,2026-08-28T03:53:23+0200,565fb0ed-db72-48c6-a54e-0fdff3a4721b,2026-08-02T07:15:00Z,2026-08-02T09:15:00+0200,-2.09,EUR/MWh,ES,ES,imbalance_price,Long,2026-08-28T02:01:39Z
2026-08-28T01:53:23Z,2026-08-28T03:53:23+0200,565fb0ed-db72-48c6-a54e-0fdff3a4721b,2026-08-02T07:15:00Z,2026-08-02T09:15:00+0200,15.37,EUR/MWh,ES,ES,imbalance_price,Short,2026-08-28T02:01:39Z
2026-08-28T01:53:23Z,2026-08-28T03:53:23+0200,565fb0ed-db72-48c6-a54e-0fdff3a4721b,2026-08-02T07:30:00Z,2026-08-02T09:30:00+0200,-7.26,EUR/MWh,ES,ES,imbalance_price,Long,2026-08-28T02:01:39Z
2026-08-28T01:53:23Z,2026-08-28T03:53:23+0200,565fb0ed-db72-48c6-a54e-0fdff3a4721b,2026-08-02T07:30:00Z,2026-08-02T09:30:00+0200,0.0,EUR/MWh,ES,ES,imbalance_price,Short,2026-08-28T02:01:39Z
2026-08-28T01:53:23Z,2026-08-28T03:53:23+0200,565fb0ed-db72-48c6-a54e-0fdff3a4721b,2026-08-02T07:45:00Z,2026-08-02T09:45:00+0200,-3.91,EUR/MWh,ES,ES,imbalance_price,Long,2026-08-28T02:01:39Z
2026-08-28T01:53:23Z,2026-08-28T03:53:23+0200,565fb0ed-db72-48c6-a54e-0fdff3a4721b,2026-08-02T07:45:00Z,2026-08-02T09:45:00+0200,-3.91,EUR/MWh,ES,ES,imbalance_price,Short,2026-08-28T02:01:39Z
2026-08-28T01:53:23Z,2026-08-28T03:53:23+0200,565fb0ed-db72-48c6-a54e-0fdff3a4721b,2026-08-02T08:00:00Z,2026-08-02T10:00:00+0200,-0.91,EUR/MWh,ES,ES,imbalance_price,Long,2026-08-28T02:01:39Z
2026-08-28T01:53:23Z,2026-08-28T03:53:23+0200,565fb0ed-db72-48c6-a54e-0fdff3a4721b,2026-08-02T08:00:00Z,2026-08-02T10:00:00+0200,5.26,EUR/MWh,ES,ES,imbalance_price,Short,2026-08-28T02:01:39Z
2026-08-28T01:53:23Z,2026-08-28T03:53:23+0200,565fb0ed-db72-48c6-a54e-0fdff3a4721b,2026-08-02T08:15:00Z,2026-08-02T10:15:00+0200,-4.79,EUR/MWh,ES,ES,imbalance_price,Long,2026-08-28T02:01:39Z
2026-08-28T01:53:23Z,2026-08-28T03:53:23+0200,565fb0ed-db72-48c6-a54e-0fdff3a4721b,2026-08-02T08:15:00Z,2026-08-02T10:15:00+0200,0.0,EUR/MWh,ES,ES,imbalance_price,Short,2026-08-28T02:01:39Z
2026-08-28T01:53:23Z,2026-08-28T03:53:23+0200,565fb0ed-db72-48c6-a54e-0fdff3a4721b,2026-08-02T08:30:00Z,2026-08-02T10:30:00+0200,-4.26,EUR/MWh,ES,ES,imbalance_price,Long,2026-08-28T02:01:39Z
2026-08-28T01:53:23Z,2026-08-28T03:53:23+0200,565fb0ed-db72-48c6-a54e-0fdff3a4721b,2026-08-02T08:30:00Z,2026-08-02T10:30:00+0200,0.0,EUR/MWh,ES,ES,imbalance_price,Short,2026-08-28T02:01:39Z
2026-08-28T01:53:23Z,2026-08-28T03:53:23+0200,565fb0ed-db72-48c6-a54e-0fdff3a4721b,2026-08-02T08:45:00Z,2026-08-02T10:45:00+0200,-1.21,EUR/MWh,ES,ES,imbalance_price,Long,2026-08-28T02:01:39Z
2026-08-28T01:53:23Z,2026-08-28T03:53:23+0200,565fb0ed-db72-48c6-a54e-0fdff3a4721b,2026-08-02T08:45:00Z,2026-08-02T10:45:00+0200,0.0,EUR/MWh,ES,ES,imbalance_price,Short,2026-08-28T02:01:39Z
2026-08-28T01:53:23Z,2026-08-28T03:53:23+0200,565fb0ed-db72-48c6-a54e-0fdff3a4721b,2026-08-02T09:00:00Z,2026-08-02T11:00:00+0200,-0.1,EUR/MWh,ES,ES,imbalance_price,Long,2026-08-28T02:01:39Z
2026-08-28T01:53:23Z,2026-08-28T03:53:23+0200,565fb0ed-db72-48c6-a54e-0fdff3a4721b,2026-08-02T09:00:00Z,2026-08-02T11:00:00+0200,1.77,EUR/MWh,ES,ES,imbalance_price,Short,2026-08-28T02:01:39Z
2026-08-28T01:53:23Z,2026-08-28T03:53:23+0200,565fb0ed-db72-48c6-a54e-0fdff3a4721b,2026-08-02T09:15:00Z,2026-08-02T11:15:00+0200,-1.83,EUR/MWh,ES,ES,imbalance_price,Long,2026-08-28T02:01:39Z
2026-08-28T01:53:23Z,2026-08-28T03:53:23+0200,565fb0ed-db72-48c6-a54e-0fdff3a4721b,2026-08-02T09:15:00Z,2026-08-02T11:15:00+0200,0.0,EUR/MWh,ES,ES,imbalance_price,Short,2026-08-28T02:01:39Z
2026-08-28T01:53:23Z,2026-08-28T03:53:23+0200,565fb0ed-db72-48c6-a54e-0fdff3a4721b,2026-08-02T09:30:00Z,2026-08-02T11:30:00+0200,-2.35,EUR/MWh,ES,ES,imbalance_price,Long,2026-08-28T02:01:39Z
2026-08-28T01:53:23Z,2026-08-28T03:53:23+0200,565fb0ed-db72-48c6-a54e-0fdff3a4721b,2026-08-02T09:30:00Z,2026-08-02T11:30:00+0200,0.0,EUR/MWh,ES,ES,imbalance_price,Short,2026-08-28T02:01:39Z
2026-08-28T01:53:23Z,2026-08-28T03:53:23+0200,565fb0ed-db72-48c6-a54e-0fdff3a4721b,2026-08-02T09:45:00Z,2026-08-02T11:45:00+0200,-0.46,EUR/MWh,ES,ES,imbalance_price,Long,2026-08-28T02:01:39Z
2026-08-28T01:53:23Z,2026-08-28T03:53:23+0200,565fb0ed-db72-48c6-a54e-0fdff3a4721b,2026-08-02T09:45:00Z,2026-08-02T11:45:00+0200,0.0,EUR/MWh,ES,ES,imbalance_price,Short,2026-08-28T02:01:39Z
2026-08-28T01:53:23Z,2026-08-28T03:53:23+0200,565fb0ed-db72-48c6-a54e-0fdff3a4721b,2026-08-02T10:00:00Z,2026-08-02T12:00:00+0200,-4.75,EUR/MWh,ES,ES,imbalance_price,Long,2026-08-28T02:01:39Z
2026-08-28T01:53:23Z,2026-08-28T03:53:23+0200,565fb0ed-db72-48c6-a54e-0fdff3a4721b,2026-08-02T10:00:00Z,2026-08-02T12:00:00+0200,-4.75,EUR/MWh,ES,ES,imbalance_price,Short,2026-08-28T02:01:39Z
2026-08-28T01:53:23Z,2026-08-28T03:53:23+0200,565fb0ed-db72-48c6-a54e-0fdff3a4721b,2026-08-02T10:15:00Z,2026-08-02T12:15:00+0200,-2.98,EUR/MWh,ES,ES,imbalance_price,Long,2026-08-28T02:01:39Z
2026-08-28T01:53:23Z,2026-08-28T03:53:23+0200,565fb0ed-db72-48c6-a54e-0fdff3a4721b,2026-08-02T10:15:00Z,2026-08-02T12:15:00+0200,-2.98,EUR/MWh,ES,ES,imbalance_price,Short,2026-08-28T02:01:39Z
2026-08-28T01:53:23Z,2026-08-28T03:53:23+0200,565fb0ed-db72-48c6-a54e-0fdff3a4721b,2026-08-02T10:30:00Z,2026-08-02T12:30:00+0200,-1.05,EUR/MWh,ES,ES,imbalance_price,Long,2026-08-28T02:01:39Z
2026-08-28T01:53:23Z,2026-08-28T03:53:23+0200,565fb0ed-db72-48c6-a54e-0fdff3a4721b,2026-08-02T10:30:00Z,2026-08-02T12:30:00+0200,-1.05,EUR/MWh,ES,ES,imbalance_price,Short,2026-08-28T02:01:39Z
2026-08-28T01:53:23Z,2026-08-28T03:53:23+0200,565fb0ed-db72-48c6-a54e-0fdff3a4721b,2026-08-02T10:45:00Z,2026-08-02T12:45:00+0200,-0.52,EUR/MWh,ES,ES,imbalance_price,Long,2026-08-28T02:01:39Z
2026-08-28T01:53:23Z,2026-08-28T03:53:23+0200,565fb0ed-db72-48c6-a54e-0fdff3a4721b,2026-08-02T10:45:00Z,2026-08-02T12:45:00+0200,-0.52,EUR/MWh,ES,ES,imbalance_price,Short,2026-08-28T02:01:39Z
2026-08-28T01:53:23Z,2026-08-28T03:53:23+0200,565fb0ed-db72-48c6-a54e-0fdff3a4721b,2026-08-02T11:00:00Z,2026-08-02T13:00:00+0200,-0.71,EUR/MWh,ES,ES,imbalance_price,Long,2026-08-28T02:01:39Z
2026-08-28T01:53:23Z,2026-08-28T03:53:23+0200,565fb0ed-db72-48c6-a54e-0fdff3a4721b,2026-08-02T11:00:00Z,2026-08-02T13:00:00+0200,-0.71,EUR/MWh,ES,ES,imbalance_price,Short,2026-08-28T02:01:39Z
2026-08-28T01:53:23Z,2026-08-28T03:53:23+0200,565fb0ed-db72-48c6-a54e-0fdff3a4721b,2026-08-02T11:15:00Z,2026-08-02T13:15:00+0200,-1.63,EUR/MWh,ES,ES,imbalance_price,Long,2026-08-28T02:01:39Z
2026-08-28T01:53:23Z,2026-08-28T03:53:23+0200,565fb0ed-db72-48c6-a54e-0fdff3a4721b,2026-08-02T11:15:00Z,2026-08-02T13:15:00+0200,-1.63,EUR/MWh,ES,ES,imbalance_price,Short,2026-08-28T02:01:39Z
2026-08-28T01:53:23Z,2026-08-28T03:53:23+0200,565fb0ed-db72-48c6-a54e-0fdff3a4721b,2026-08-02T11:30:00Z,2026-08-02T13:30:00+0200,-1.38,EUR/MWh,ES,ES,imbalance_price,Long,2026-08-28T02:01:39Z
2026-08-28T01:53:23Z,2026-08-28T03:53:23+0200,565fb0ed-db72-48c6-a54e-0fdff3a4721b,2026-08-02T11:30:00Z,2026-08-02T13:30:00+0200,-1.38,EUR/MWh,ES,ES,imbalance_price,Short,2026-08-28T02:01:39Z
2026-08-28T01:53:23Z,2026-08-28T03:53:23+0200,565fb0ed-db72-48c6-a54e-0fdff3a4721b,2026-08-02T11:45:00Z,2026-08-02T13:45:00+0200,-1.04,EUR/MWh,ES,ES,imbalance_price,Long,2026-08-28T02:01:39Z
2026-08-28T01:53:23Z,2026-08-28T03:53:23+0200,565fb0ed-db72-48c6-a54e-0fdff3a4721b,2026-08-02T11:45:00Z,2026-08-02T13:45:00+0200,0.0,EUR/MWh,ES,ES,imbalance_price,Short,2026-08-28T02:01:39Z
2026-08-28T01:53:23Z,2026-08-28T03:53:23+0200,565fb0ed-db72-48c6-a54e-0fdff3a4721b,2026-08-02T12:00:00Z,2026-08-02T14:00:00+0200,-11.28,EUR/MWh,ES,ES,imbalance_price,Long,2026-08-28T02:01:39Z
2026-08-28T01:53:23Z,2026-08-28T03:53:23+0200,565fb0ed-db72-48c6-a54e-0fdff3a4721b,2026-08-02T12:00:00Z,2026-08-02T14:00:00+0200,-11.28,EUR/MWh,ES,ES,imbalance_price,Short,2026-08-28T02:01:39Z
2026-08-28T01:53:23Z,2026-08-28T03:53:23+0200,565fb0ed-db72-48c6-a54e-0fdff3a4721b,2026-08-02T12:15:00Z,2026-08-02T14:15:00+0200,-3.31,EUR/MWh,ES,ES,imbalance_price,Long,2026-08-28T02:01:39Z
2026-08-28T01:53:23Z,2026-08-28T03:53:23+0200,565fb0ed-db72-48c6-a54e-0fdff3a4721b,2026-08-02T12:15:00Z,2026-08-02T14:15:00+0200,-3.31,EUR/MWh,ES,ES,imbalance_price,Short,2026-08-28T02:01:39Z
2026-08-28T01:53:23Z,2026-08-28T03:53:23+0200,565fb0ed-db72-48c6-a54e-0fdff3a4721b,2026-08-02T12:30:00Z,2026-08-02T14:30:00+0200,-0.56,EUR/MWh,ES,ES,imbalance_price,Long,2026-08-28T02:01:39Z
2026-08-28T01:53:23Z,2026-08-28T03:53:23+0200,565fb0ed-db72-48c6-a54e-0fdff3a4721b,2026-08-02T12:30:00Z,2026-08-02T14:30:00+0200,-0.56,EUR/MWh,ES,ES,imbalance_price,Short,2026-08-28T02:01:39Z
2026-08-28T01:53:23Z,2026-08-28T03:53:23+0200,565fb0ed-db72-48c6-a54e-0fdff3a4721b,2026-08-02T12:45:00Z,2026-08-02T14:45:00+0200,-0.1,EUR/MWh,ES,ES,imbalance_price,Long,2026-08-28T02:01:39Z
2026-08-28T01:53:23Z,2026-08-28T03:53:23+0200,565fb0ed-db72-48c6-a54e-0fdff3a4721b,2026-08-02T12:45:00Z,2026-08-02T14:45:00+0200,1.21,EUR/MWh,ES,ES,imbalance_price,Short,2026-08-28T02:01:39Z
2026-08-28T01:53:23Z,2026-08-28T03:53:23+0200,565fb0ed-db72-48c6-a54e-0fdff3a4721b,2026-08-02T13:00:00Z,2026-08-02T15:00:00+0200,-0.65,EUR/MWh,ES,ES,imbalance_price,Long,2026-08-28T02:01:39Z
2026-08-28T01:53:23Z,2026-08-28T03:53:23+0200,565fb0ed-db72-48c6-a54e-0fdff3a4721b,2026-08-02T13:00:00Z,2026-08-02T15:00:00+0200,-0.65,EUR/MWh,ES,ES,imbalance_price,Short,2026-08-28T02:01:39Z
2026-08-28T01:53:23Z,2026-08-28T03:53:23+0200,565fb0ed-db72-48c6-a54e-0fdff3a4721b,2026-08-02T13:15:00Z,2026-08-02T15:15:00+0200,-2.41,EUR/MWh,ES,ES,imbalance_price,Long,2026-08-28T02:01:39Z
2026-08-28T01:53:23Z,2026-08-28T03:53:23+0200,565fb0ed-db72-48c6-a54e-0fdff3a4721b,2026-08-02T13:15:00Z,2026-08-02T15:15:00+0200,-2.41,EUR/MWh,ES,ES,imbalance_price,Short,2026-08-28T02:01:39Z
2026-08-28T01:53:23Z,2026-08-28T03:53:23+0200,565fb0ed-db72-48c6-a54e-0fdff3a4721b,2026-08-02T13:30:00Z,2026-08-02T15:30:00+0200,-1.5,EUR/MWh,ES,ES,imbalance_price,Long,2026-08-28T02:01:39Z
2026-08-28T01:53:23Z,2026-08-28T03:53:23+0200,565fb0ed-db72-48c6-a54e-0fdff3a4721b,2026-08-02T13:30:00Z,2026-08-02T15:30:00+0200,0.0,EUR/MWh,ES,ES,imbalance_price,Short,2026-08-28T02:01:39Z
2026-08-28T01:53:23Z,2026-08-28T03:53:23+0200,565fb0ed-db72-48c6-a54e-0fdff3a4721b,2026-08-02T13:45:00Z,2026-08-02T15:45:00+0200,-2.54,EUR/MWh,ES,ES,imbalance_price,Long,2026-08-28T02:01:39Z
2026-08-28T01:53:23Z,2026-08-28T03:53:23+0200,565fb0ed-db72-48c6-a54e-0fdff3a4721b,2026-08-02T13:45:00Z,2026-08-02T15:45:00+0200,0.0,EUR/MWh,ES,ES,imbalance_price,Short,2026-08-28T02:01:39Z
2026-08-28T01:53:23Z,2026-08-28T03:53:23+0200,565fb0ed-db72-48c6-a54e-0fdff3a4721b,2026-08-02T14:00:00Z,2026-08-02T16:00:00+0200,-1.97,EUR/MWh,ES,ES,imbalance_price,Long,2026-08-28T02:01:39Z
2026-08-28T01:53:23Z,2026-08-28T03:53:23+0200,565fb0ed-db72-48c6-a54e-0fdff3a4721b,2026-08-02T14:00:00Z,2026-08-02T16:00:00+0200,-1.97,EUR/MWh,ES,ES,imbalance_price,Short,2026-08-28T02:01:39Z
2026-08-28T01:53:23Z,2026-08-28T03:53:23+0200,565fb0ed-db72-48c6-a54e-0fdff3a4721b,2026-08-02T14:15:00Z,2026-08-02T16:15:00+0200,-0.36,EUR/MWh,ES,ES,imbalance_price,Long,2026-08-28T02:01:39Z
2026-08-28T01:53:23Z,2026-08-28T03:53:23+0200,565fb0ed-db72-48c6-a54e-0fdff3a4721b,2026-08-02T14:15:00Z,2026-08-02T16:15:00+0200,4.86,EUR/MWh,ES,ES,imbalance_price,Short,2026-08-28T02:01:39Z
2026-08-28T01:53:23Z,2026-08-28T03:53:23+0200,565fb0ed-db72-48c6-a54e-0fdff3a4721b,2026-08-02T14:30:00Z,2026-08-02T16:30:00+0200,0.09,EUR/MWh,ES,ES,imbalance_price,Long,2026-08-28T02:01:39Z
2026-08-28T01:53:23Z,2026-08-28T03:53:23+0200,565fb0ed-db72-48c6-a54e-0fdff3a4721b,2026-08-02T14:30:00Z,2026-08-02T16:30:00+0200,12.1,EUR/MWh,ES,ES,imbalance_price,Short,2026-08-28T02:01:39Z
2026-08-28T01:53:23Z,2026-08-28T03:53:23+0200,565fb0ed-db72-48c6-a54e-0fdff3a4721b,2026-08-02T14:45:00Z,2026-08-02T16:45:00+0200,-0.01,EUR/MWh,ES,ES,imbalance_price,Long,2026-08-28T02:01:39Z
2026-08-28T01:53:23Z,2026-08-28T03:53:23+0200,565fb0ed-db72-48c6-a54e-0fdff3a4721b,2026-08-02T14:45:00Z,2026-08-02T16:45:00+0200,24.99,EUR/MWh,ES,ES,imbalance_price,Short,2026-08-28T02:01:39Z
2026-08-28T01:53:23Z,2026-08-28T03:53:23+0200,565fb0ed-db72-48c6-a54e-0fdff3a4721b,2026-08-02T15:00:00Z,2026-08-02T17:00:00+0200,-0.36,EUR/MWh,ES,ES,imbalance_price,Long,2026-08-28T02:01:39Z
2026-08-28T01:53:23Z,2026-08-28T03:53:23+0200,565fb0ed-db72-48c6-a54e-0fdff3a4721b,2026-08-02T15:00:00Z,2026-08-02T17:00:00+0200,13.59,EUR/MWh,ES,ES,imbalance_price,Short,2026-08-28T02:01:39Z
2026-08-28T01:53:23Z,2026-08-28T03:53:23+0200,565fb0ed-db72-48c6-a54e-0fdff3a4721b,2026-08-02T15:15:00Z,2026-08-02T17:15:00+0200,-0.02,EUR/MWh,ES,ES,imbalance_price,Long,2026-08-28T02:01:39Z
2026-08-28T01:53:23Z,2026-08-28T03:53:23+0200,565fb0ed-db72-48c6-a54e-0fdff3a4721b,2026-08-02T15:15:00Z,2026-08-02T17:15:00+0200,7.91,EUR/MWh,ES,ES,imbalance_price,Short,2026-08-28T02:01:39Z
2026-08-28T01:53:23Z,2026-08-28T03:53:23+0200,565fb0ed-db72-48c6-a54e-0fdff3a4721b,2026-08-02T15:30:00Z,2026-08-02T17:30:00+0200,0.0,EUR/MWh,ES,ES,imbalance_price,Long,2026-08-28T02:01:39Z
2026-08-28T01:53:23Z,2026-08-28T03:53:23+0200,565fb0ed-db72-48c6-a54e-0fdff3a4721b,2026-08-02T15:30:00Z,2026-08-02T17:30:00+0200,14.63,EUR/MWh,ES,ES,imbalance_price,Short,2026-08-28T02:01:39Z
2026-08-28T01:53:23Z,2026-08-28T03:53:23+0200,565fb0ed-db72-48c6-a54e-0fdff3a4721b,2026-08-02T15:45:00Z,2026-08-02T17:45:00+0200,7.49,EUR/MWh,ES,ES,imbalance_price,Long,2026-08-28T02:01:39Z
2026-08-28T01:53:23Z,2026-08-28T03:53:23+0200,565fb0ed-db72-48c6-a54e-0fdff3a4721b,2026-08-02T15:45:00Z,2026-08-02T17:45:00+0200,7.49,EUR/MWh,ES,ES,imbalance_price,Short,2026-08-28T02:01:39Z
2026-08-28T01:53:23Z,2026-08-28T03:53:23+0200,565fb0ed-db72-48c6-a54e-0fdff3a4721b,2026-08-02T16:00:00Z,2026-08-02T18:00:00+0200,7.45,EUR/MWh,ES,ES,imbalance_price,Long,2026-08-28T02:01:39Z
2026-08-28T01:53:23Z,2026-08-28T03:53:23+0200,565fb0ed-db72-48c6-a54e-0fdff3a4721b,2026-08-02T16:00:00Z,2026-08-02T18:00:00+0200,36.24,EUR/MWh,ES,ES,imbalance_price,Short,2026-08-28T02:01:39Z
2026-08-28T01:53:23Z,2026-08-28T03:53:23+0200,565fb0ed-db72-48c6-a54e-0fdff3a4721b,2026-08-02T16:15:00Z,2026-08-02T18:15:00+0200,0.05,EUR/MWh,ES,ES,imbalance_price,Long,2026-08-28T02:01:39Z
2026-08-28T01:53:23Z,2026-08-28T03:53:23+0200,565fb0ed-db72-48c6-a54e-0fdff3a4721b,2026-08-02T16:15:00Z,2026-08-02T18:15:00+0200,137.52,EUR/MWh,ES,ES,imbalance_price,Short,2026-08-28T02:01:39Z
2026-08-28T01:53:23Z,2026-08-28T03:53:23+0200,565fb0ed-db72-48c6-a54e-0fdff3a4721b,2026-08-02T16:30:00Z,2026-08-02T18:30:00+0200,0.0,EUR/MWh,ES,ES,imbalance_price,Long,2026-08-28T02:01:39Z
2026-08-28T01:53:23Z,2026-08-28T03:53:23+0200,565fb0ed-db72-48c6-a54e-0fdff3a4721b,2026-08-02T16:30:00Z,2026-08-02T18:30:00+0200,94.56,EUR/MWh,ES,ES,imbalance_price,Short,2026-08-28T02:01:39Z
2026-08-28T01:53:23Z,2026-08-28T03:53:23+0200,565fb0ed-db72-48c6-a54e-0fdff3a4721b,2026-08-02T16:45:00Z,2026-08-02T18:45:00+0200,0.0,EUR/MWh,ES,ES,imbalance_price,Long,2026-08-28T02:01:39Z
2026-08-28T01:53:23Z,2026-08-28T03:53:23+0200,565fb0ed-db72-48c6-a54e-0fdff3a4721b,2026-08-02T16:45:00Z,2026-08-02T18:45:00+0200,125.39,EUR/MWh,ES,ES,imbalance_price,Short,2026-08-28T02:01:39Z
2026-08-28T01:53:23Z,2026-08-28T03:53:23+0200,565fb0ed-db72-48c6-a54e-0fdff3a4721b,2026-08-02T17:00:00Z,2026-08-02T19:00:00+0200,17.92,EUR/MWh,ES,ES,imbalance_price,Long,2026-08-28T02:01:39Z
2026-08-28T01:53:23Z,2026-08-28T03:53:23+0200,565fb0ed-db72-48c6-a54e-0fdff3a4721b,2026-08-02T17:00:00Z,2026-08-02T19:00:00+0200,102.74,EUR/MWh,ES,ES,imbalance_price,Short,2026-08-28T02:01:39Z
2026-08-28T01:53:23Z,2026-08-28T03:53:23+0200,565fb0ed-db72-48c6-a54e-0fdff3a4721b,2026-08-02T17:15:00Z,2026-08-02T19:15:00+0200,2.98,EUR/MWh,ES,ES,imbalance_price,Long,2026-08-28T02:01:39Z
2026-08-28T01:53:23Z,2026-08-28T03:53:23+0200,565fb0ed-db72-48c6-a54e-0fdff3a4721b,2026-08-02T17:15:00Z,2026-08-02T19:15:00+0200,136.27,EUR/MWh,ES,ES,imbalance_price,Short,2026-08-28T02:01:39Z
2026-08-28T01:53:23Z,2026-08-28T03:53:23+0200,565fb0ed-db72-48c6-a54e-0fdff3a4721b,2026-08-02T17:30:00Z,2026-08-02T19:30:00+0200,5.77,EUR/MWh,ES,ES,imbalance_price,Long,2026-08-28T02:01:39Z
2026-08-28T01:53:23Z,2026-08-28T03:53:23+0200,565fb0ed-db72-48c6-a54e-0fdff3a4721b,2026-08-02T17:30:00Z,2026-08-02T19:30:00+0200,153.85,EUR/MWh,ES,ES,imbalance_price,Short,2026-08-28T02:01:39Z
2026-08-28T01:53:23Z,2026-08-28T03:53:23+0200,565fb0ed-db72-48c6-a54e-0fdff3a4721b,2026-08-02T17:45:00Z,2026-08-02T19:45:00+0200,194.51,EUR/MWh,ES,ES,imbalance_price,Long,2026-08-28T02:01:39Z
2026-08-28T01:53:23Z,2026-08-28T03:53:23+0200,565fb0ed-db72-48c6-a54e-0fdff3a4721b,2026-08-02T17:45:00Z,2026-08-02T19:45:00+0200,194.51,EUR/MWh,ES,ES,imbalance_price,Short,2026-08-28T02:01:39Z
2026-08-28T01:53:23Z,2026-08-28T03:53:23+0200,565fb0ed-db72-48c6-a54e-0fdff3a4721b,2026-08-02T18:00:00Z,2026-08-02T20:00:00+0200,196.26,EUR/MWh,ES,ES,imbalance_price,Long,2026-08-28T02:01:39Z
2026-08-28T01:53:23Z,2026-08-28T03:53:23+0200,565fb0ed-db72-48c6-a54e-0fdff3a4721b,2026-08-02T18:00:00Z,2026-08-02T20:00:00+0200,196.26,EUR/MWh,ES,ES,imbalance_price,Short,2026-08-28T02:01:39Z
2026-08-28T01:53:23Z,2026-08-28T03:53:23+0200,565fb0ed-db72-48c6-a54e-0fdff3a4721b,2026-08-02T18:15:00Z,2026-08-02T20:15:00+0200,194.97,EUR/MWh,ES,ES,imbalance_price,Long,2026-08-28T02:01:39Z
2026-08-28T01:53:23Z,2026-08-28T03:53:23+0200,565fb0ed-db72-48c6-a54e-0fdff3a4721b,2026-08-02T18:15:00Z,2026-08-02T20:15:00+0200,194.97,EUR/MWh,ES,ES,imbalance_price,Short,2026-08-28T02:01:39Z
2026-08-28T01:53:23Z,2026-08-28T03:53:23+0200,565fb0ed-db72-48c6-a54e-0fdff3a4721b,2026-08-02T18:30:00Z,2026-08-02T20:30:00+0200,95.41,EUR/MWh,ES,ES,imbalance_price,Long,2026-08-28T02:01:39Z
2026-08-28T01:53:23Z,2026-08-28T03:53:23+0200,565fb0ed-db72-48c6-a54e-0fdff3a4721b,2026-08-02T18:30:00Z,2026-08-02T20:30:00+0200,196.64,EUR/MWh,ES,ES,imbalance_price,Short,2026-08-28T02:01:39Z
2026-08-28T01:53:23Z,2026-08-28T03:53:23+0200,565fb0ed-db72-48c6-a54e-0fdff3a4721b,2026-08-02T18:45:00Z,2026-08-02T20:45:00+0200,115.11,EUR/MWh,ES,ES,imbalance_price,Long,2026-08-28T02:01:39Z
2026-08-28T01:53:23Z,2026-08-28T03:53:23+0200,565fb0ed-db72-48c6-a54e-0fdff3a4721b,2026-08-02T18:45:00Z,2026-08-02T20:45:00+0200,204.67,EUR/MWh,ES,ES,imbalance_price,Short,2026-08-28T02:01:39Z
2026-08-28T01:53:23Z,2026-08-28T03:53:23+0200,565fb0ed-db72-48c6-a54e-0fdff3a4721b,2026-08-02T19:00:00Z,2026-08-02T21:00:00+0200,130.24,EUR/MWh,ES,ES,imbalance_price,Long,2026-08-28T02:01:39Z
2026-08-28T01:53:23Z,2026-08-28T03:53:23+0200,565fb0ed-db72-48c6-a54e-0fdff3a4721b,2026-08-02T19:00:00Z,2026-08-02T21:00:00+0200,203.78,EUR/MWh,ES,ES,imbalance_price,Short,2026-08-28T02:01:39Z
2026-08-28T01:53:23Z,2026-08-28T03:53:23+0200,565fb0ed-db72-48c6-a54e-0fdff3a4721b,2026-08-02T19:15:00Z,2026-08-02T21:15:00+0200,148.55,EUR/MWh,ES,ES,imbalance_price,Long,2026-08-28T02:01:39Z
2026-08-28T01:53:23Z,2026-08-28T03:53:23+0200,565fb0ed-db72-48c6-a54e-0fdff3a4721b,2026-08-02T19:15:00Z,2026-08-02T21:15:00+0200,198.82,EUR/MWh,ES,ES,imbalance_price,Short,2026-08-28T02:01:39Z
2026-08-28T01:53:23Z,2026-08-28T03:53:23+0200,565fb0ed-db72-48c6-a54e-0fdff3a4721b,2026-08-02T19:30:00Z,2026-08-02T21:30:00+0200,199.42,EUR/MWh,ES,ES,imbalance_price,Long,2026-08-28T02:01:39Z
2026-08-28T01:53:23Z,2026-08-28T03:53:23+0200,565fb0ed-db72-48c6-a54e-0fdff3a4721b,2026-08-02T19:30:00Z,2026-08-02T21:30:00+0200,199.42,EUR/MWh,ES,ES,imbalance_price,Short,2026-08-28T02:01:39Z
2026-08-28T01:53:23Z,2026-08-28T03:53:23+0200,565fb0ed-db72-48c6-a54e-0fdff3a4721b,2026-08-02T19:45:00Z,2026-08-02T21:45:00+0200,199.55,EUR/MWh,ES,ES,imbalance_price,Long,2026-08-28T02:01:39Z
2026-08-28T01:53:23Z,2026-08-28T03:53:23+0200,565fb0ed-db72-48c6-a54e-0fdff3a4721b,2026-08-02T19:45:00Z,2026-08-02T21:45:00+0200,199.55,EUR/MWh,ES,ES,imbalance_price,Short,2026-08-28T02:01:39Z
2026-08-28T01:53:23Z,2026-08-28T03:53:23+0200,565fb0ed-db72-48c6-a54e-0fdff3a4721b,2026-08-02T20:00:00Z,2026-08-02T22:00:00+0200,145.06,EUR/MWh,ES,ES,imbalance_price,Long,2026-08-28T02:01:39Z
2026-08-28T01:53:23Z,2026-08-28T03:53:23+0200,565fb0ed-db72-48c6-a54e-0fdff3a4721b,2026-08-02T20:00:00Z,2026-08-02T22:00:00+0200,202.71,EUR/MWh,ES,ES,imbalance_price,Short,2026-08-28T02:01:39Z
2026-08-28T01:53:23Z,2026-08-28T03:53:23+0200,565fb0ed-db72-48c6-a54e-0fdff3a4721b,2026-08-02T20:15:00Z,2026-08-02T22:15:00+0200,145.32,EUR/MWh,ES,ES,imbalance_price,Long,2026-08-28T02:01:39Z
2026-08-28T01:53:23Z,2026-08-28T03:53:23+0200,565fb0ed-db72-48c6-a54e-0fdff3a4721b,2026-08-02T20:15:00Z,2026-08-02T22:15:00+0200,191.87,EUR/MWh,ES,ES,imbalance_price,Short,2026-08-28T02:01:39Z
2026-08-28T01:53:23Z,2026-08-28T03:53:23+0200,565fb0ed-db72-48c6-a54e-0fdff3a4721b,2026-08-02T20:30:00Z,2026-08-02T22:30:00+0200,128.65,EUR/MWh,ES,ES,imbalance_price,Long,2026-08-28T02:01:39Z
2026-08-28T01:53:23Z,2026-08-28T03:53:23+0200,565fb0ed-db72-48c6-a54e-0fdff3a4721b,2026-08-02T20:30:00Z,2026-08-02T22:30:00+0200,165.25,EUR/MWh,ES,ES,imbalance_price,Short,2026-08-28T02:01:39Z
2026-08-28T01:53:23Z,2026-08-28T03:53:23+0200,565fb0ed-db72-48c6-a54e-0fdff3a4721b,2026-08-02T20:45:00Z,2026-08-02T22:45:00+0200,132.11,EUR/MWh,ES,ES,imbalance_price,Long,2026-08-28T02:01:39Z
2026-08-28T01:53:23Z,2026-08-28T03:53:23+0200,565fb0ed-db72-48c6-a54e-0fdff3a4721b,2026-08-02T20:45:00Z,2026-08-02T22:45:00+0200,151.01,EUR/MWh,ES,ES,imbalance_price,Short,2026-08-28T02:01:39Z
2026-08-28T01:53:23Z,2026-08-28T03:53:23+0200,565fb0ed-db72-48c6-a54e-0fdff3a4721b,2026-08-02T21:00:00Z,2026-08-02T23:00:00+0200,186.11,EUR/MWh,ES,ES,imbalance_price,Long,2026-08-28T02:01:39Z
2026-08-28T01:53:23Z,2026-08-28T03:53:23+0200,565fb0ed-db72-48c6-a54e-0fdff3a4721b,2026-08-02T21:00:00Z,2026-08-02T23:00:00+0200,186.11,EUR/MWh,ES,ES,imbalance_price,Short,2026-08-28T02:01:39Z
2026-08-28T01:53:23Z,2026-08-28T03:53:23+0200,565fb0ed-db72-48c6-a54e-0fdff3a4721b,2026-08-02T21:15:00Z,2026-08-02T23:15:00+0200,130.61,EUR/MWh,ES,ES,imbalance_price,Long,2026-08-28T02:01:39Z
2026-08-28T01:53:23Z,2026-08-28T03:53:23+0200,565fb0ed-db72-48c6-a54e-0fdff3a4721b,2026-08-02T21:15:00Z,2026-08-02T23:15:00+0200,171.14,EUR/MWh,ES,ES,imbalance_price,Short,2026-08-28T02:01:39Z
2026-08-28T01:53:23Z,2026-08-28T03:53:23+0200,565fb0ed-db72-48c6-a54e-0fdff3a4721b,2026-08-02T21:30:00Z,2026-08-02T23:30:00+0200,81.43,EUR/MWh,ES,ES,imbalance_price,Long,2026-08-28T02:01:39Z
2026-08-28T01:53:23Z,2026-08-28T03:53:23+0200,565fb0ed-db72-48c6-a54e-0fdff3a4721b,2026-08-02T21:30:00Z,2026-08-02T23:30:00+0200,158.26,EUR/MWh,ES,ES,imbalance_price,Short,2026-08-28T02:01:39Z
2026-08-28T01:53:23Z,2026-08-28T03:53:23+0200,565fb0ed-db72-48c6-a54e-0fdff3a4721b,2026-08-02T21:45:00Z,2026-08-02T23:45:00+0200,141.31,EUR/MWh,ES,ES,imbalance_price,Long,2026-08-28T02:01:39Z
2026-08-28T01:53:23Z,2026-08-28T03:53:23+0200,565fb0ed-db72-48c6-a54e-0fdff3a4721b,2026-08-02T21:45:00Z,2026-08-02T23:45:00+0200,153.95,EUR/MWh,ES,ES,imbalance_price,Short,2026-08-28T02:01:39Z
2026-08-28T01:53:23Z,2026-08-28T03:53:23+0200,565fb0ed-db72-48c6-a54e-0fdff3a4721b,2026-08-02T22:00:00Z,2026-08-03T00:00:00+0200,59.91,EUR/MWh,ES,ES,imbalance_price,Long,2026-08-28T02:01:39Z
2026-08-28T01:53:23Z,2026-08-28T03:53:23+0200,565fb0ed-db72-48c6-a54e-0fdff3a4721b,2026-08-02T22:00:00Z,2026-08-03T00:00:00+0200,193.1,EUR/MWh,ES,ES,imbalance_price,Short,2026-08-28T02:01:39Z
2026-08-28T01:53:23Z,2026-08-28T03:53:23+0200,565fb0ed-db72-48c6-a54e-0fdff3a4721b,2026-08-02T22:15:00Z,2026-08-03T00:15:00+0200,184.9,EUR/MWh,ES,ES,imbalance_price,Long,2026-08-28T02:01:39Z
2026-08-28T01:53:23Z,2026-08-28T03:53:23+0200,565fb0ed-db72-48c6-a54e-0fdff3a4721b,2026-08-02T22:15:00Z,2026-08-03T00:15:00+0200,184.9,EUR/MWh,ES,ES,imbalance_price,Short,2026-08-28T02:01:39Z
2026-08-28T01:53:23Z,2026-08-28T03:53:23+0200,565fb0ed-db72-48c6-a54e-0fdff3a4721b,2026-08-02T22:30:00Z,2026-08-03T00:30:00+0200,139.43,EUR/MWh,ES,ES,imbalance_price,Long,2026-08-28T02:01:39Z
2026-08-28T01:53:23Z,2026-08-28T03:53:23+0200,565fb0ed-db72-48c6-a54e-0fdff3a4721b,2026-08-02T22:30:00Z,2026-08-03T00:30:00+0200,191.34,EUR/MWh,ES,ES,imbalance_price,Short,2026-08-28T02:01:39Z
2026-08-28T01:53:23Z,2026-08-28T03:53:23+0200,565fb0ed-db72-48c6-a54e-0fdff3a4721b,2026-08-02T22:45:00Z,2026-08-03T00:45:00+0200,144.04,EUR/MWh,ES,ES,imbalance_price,Long,2026-08-28T02:01:39Z
2026-08-28T01:53:23Z,2026-08-28T03:53:23+0200,565fb0ed-db72-48c6-a54e-0fdff3a4721b,2026-08-02T22:45:00Z,2026-08-03T00:45:00+0200,198.74,EUR/MWh,ES,ES,imbalance_price,Short,2026-08-28T02:01:39Z
2026-08-28T01:53:23Z,2026-08-28T03:53:23+0200,565fb0ed-db72-48c6-a54e-0fdff3a4721b,2026-08-02T23:00:00Z,2026-08-03T01:00:00+0200,138.44,EUR/MWh,ES,ES,imbalance_price,Long,2026-08-28T02:01:39Z
2026-08-28T01:53:23Z,2026-08-28T03:53:23+0200,565fb0ed-db72-48c6-a54e-0fdff3a4721b,2026-08-02T23:00:00Z,2026-08-03T01:00:00+0200,197.47,EUR/MWh,ES,ES,imbalance_price,Short,2026-08-28T02:01:39Z
2026-08-28T01:53:23Z,2026-08-28T03:53:23+0200,565fb0ed-db72-48c6-a54e-0fdff3a4721b,2026-08-02T23:15:00Z,2026-08-03T01:15:00+0200,124.42,EUR/MWh,ES,ES,imbalance_price,Long,2026-08-28T02:01:39Z
2026-08-28T01:53:23Z,2026-08-28T03:53:23+0200,565fb0ed-db72-48c6-a54e-0fdff3a4721b,2026-08-02T23:15:00Z,2026-08-03T01:15:00+0200,198.93,EUR/MWh,ES,ES,imbalance_price,Short,2026-08-28T02:01:39Z
2026-08-28T01:53:23Z,2026-08-28T03:53:23+0200,565fb0ed-db72-48c6-a54e-0fdff3a4721b,2026-08-02T23:30:00Z,2026-08-03T01:30:00+0200,121.1,EUR/MWh,ES,ES,imbalance_price,Long,2026-08-28T02:01:39Z
2026-08-28T01:53:23Z,2026-08-28T03:53:23+0200,565fb0ed-db72-48c6-a54e-0fdff3a4721b,2026-08-02T23:30:00Z,2026-08-03T01:30:00+0200,178.23,EUR/MWh,ES,ES,imbalance_price,Short,2026-08-28T02:01:39Z
2026-08-28T01:53:23Z,2026-08-28T03:53:23+0200,565fb0ed-db72-48c6-a54e-0fdff3a4721b,2026-08-02T23:45:00Z,2026-08-03T01:45:00+0200,122.48,EUR/MWh,ES,ES,imbalance_price,Long,2026-08-28T02:01:39Z
2026-08-28T01:53:23Z,2026-08-28T03:53:23+0200,565fb0ed-db72-48c6-a54e-0fdff3a4721b,2026-08-02T23:45:00Z,2026-08-03T01:45:00+0200,155.0,EUR/MWh,ES,ES,imbalance_price,Short,2026-08-28T02:01:39Z
2026-08-28T01:53:23Z,2026-08-28T03:53:23+0200,565fb0ed-db72-48c6-a54e-0fdff3a4721b,2026-08-03T00:00:00Z,2026-08-03T02:00:00+0200,97.77,EUR/MWh,ES,ES,imbalance_price,Long,2026-08-28T02:01:39Z
2026-08-28T01:53:23Z,2026-08-28T03:53:23+0200,565fb0ed-db72-48c6-a54e-0fdff3a4721b,2026-08-03T00:00:00Z,2026-08-03T02:00:00+0200,146.05,EUR/MWh,ES,ES,imbalance_price,Short,2026-08-28T02:01:39Z
2026-08-28T01:53:23Z,2026-08-28T03:53:23+0200,565fb0ed-db72-48c6-a54e-0fdff3a4721b,2026-08-03T00:15:00Z,2026-08-03T02:15:00+0200,119.88,EUR/MWh,ES,ES,imbalance_price,Long,2026-08-28T02:01:39Z
2026-08-28T01:53:23Z,2026-08-28T03:53:23+0200,565fb0ed-db72-48c6-a54e-0fdff3a4721b,2026-08-03T00:15:00Z,2026-08-03T02:15:00+0200,148.24,EUR/MWh,ES,ES,imbalance_price,Short,2026-08-28T02:01:39Z
2026-08-28T01:53:23Z,2026-08-28T03:53:23+0200,565fb0ed-db72-48c6-a54e-0fdff3a4721b,2026-08-03T00:30:00Z,2026-08-03T02:30:00+0200,126.37,EUR/MWh,ES,ES,imbalance_price,Long,2026-08-28T02:01:39Z
2026-08-28T01:53:23Z,2026-08-28T03:53:23+0200,565fb0ed-db72-48c6-a54e-0fdff3a4721b,2026-08-03T00:30:00Z,2026-08-03T02:30:00+0200,145.01,EUR/MWh,ES,ES,imbalance_price,Short,2026-08-28T02:01:39Z
2026-08-28T01:53:23Z,2026-08-28T03:53:23+0200,565fb0ed-db72-48c6-a54e-0fdff3a4721b,2026-08-03T00:45:00Z,2026-08-03T02:45:00+0200,121.02,EUR/MWh,ES,ES,imbalance_price,Long,2026-08-28T02:01:39Z
2026-08-28T01:53:23Z,2026-08-28T03:53:23+0200,565fb0ed-db72-48c6-a54e-0fdff3a4721b,2026-08-03T00:45:00Z,2026-08-03T02:45:00+0200,158.43,EUR/MWh,ES,ES,imbalance_price,Short,2026-08-28T02:01:39Z
2026-08-28T01:53:23Z,2026-08-28T03:53:23+0200,565fb0ed-db72-48c6-a54e-0fdff3a4721b,2026-08-03T01:00:00Z,2026-08-03T03:00:00+0200,130.08,EUR/MWh,ES,ES,imbalance_price,Long,2026-08-28T02:01:39Z
2026-08-28T01:53:23Z,2026-08-28T03:53:23+0200,565fb0ed-db72-48c6-a54e-0fdff3a4721b,2026-08-03T01:00:00Z,2026-08-03T03:00:00+0200,165.77,EUR/MWh,ES,ES,imbalance_price,Short,2026-08-28T02:01:39Z
2026-08-28T01:53:23Z,2026-08-28T03:53:23+0200,565fb0ed-db72-48c6-a54e-0fdff3a4721b,2026-08-03T01:15:00Z,2026-08-03T03:15:00+0200,131.39,EUR/MWh,ES,ES,imbalance_price,Long,2026-08-28T02:01:39Z
2026-08-28T01:53:23Z,2026-08-28T03:53:23+0200,565fb0ed-db72-48c6-a54e-0fdff3a4721b,2026-08-03T01:15:00Z,2026-08-03T03:15:00+0200,144.79,EUR/MWh,ES,ES,imbalance_price,Short,2026-08-28T02:01:39Z
2026-08-28T01:53:23Z,2026-08-28T03:53:23+0200,565fb0ed-db72-48c6-a54e-0fdff3a4721b,2026-08-03T01:30:00Z,2026-08-03T03:30:00+0200,129.3,EUR/MWh,ES,ES,imbalance_price,Long,2026-08-28T02:01:39Z
2026-08-28T01:53:23Z,2026-08-28T03:53:23+0200,565fb0ed-db72-48c6-a54e-0fdff3a4721b,2026-08-03T01:30:00Z,2026-08-03T03:30:00+0200,152.1,EUR/MWh,ES,ES,imbalance_price,Short,2026-08-28T02:01:39Z
2026-08-28T01:53:23Z,2026-08-28T03:53:23+0200,565fb0ed-db72-48c6-a54e-0fdff3a4721b,2026-08-03T01:45:00Z,2026-08-03T03:45:00+0200,123.27,EUR/MWh,ES,ES,imbalance_price,Long,2026-08-28T02:01:39Z
2026-08-28T01:53:23Z,2026-08-28T03:53:23+0200,565fb0ed-db72-48c6-a54e-0fdff3a4721b,2026-08-03T01:45:00Z,2026-08-03T03:45:00+0200,153.48,EUR/MWh,ES,ES,imbalance_price,Short,2026-08-28T02:01:39Z
2026-08-28T01:53:23Z,2026-08-28T03:53:23+0200,565fb0ed-db72-48c6-a54e-0fdff3a4721b,2026-08-03T02:00:00Z,2026-08-03T04:00:00+0200,126.65,EUR/MWh,ES,ES,imbalance_price,Long,2026-08-28T02:01:39Z
2026-08-28T01:53:23Z,2026-08-28T03:53:23+0200,565fb0ed-db72-48c6-a54e-0fdff3a4721b,2026-08-03T02:00:00Z,2026-08-03T04:00:00+0200,146.3,EUR/MWh,ES,ES,imbalance_price,Short,2026-08-28T02:01:39Z
2026-08-28T01:53:23Z,2026-08-28T03:53:23+0200,565fb0ed-db72-48c6-a54e-0fdff3a4721b,2026-08-03T02:15:00Z,2026-08-03T04:15:00+0200,123.04,EUR/MWh,ES,ES,imbalance_price,Long,2026-08-28T02:01:39Z
2026-08-28T01:53:23Z,2026-08-28T03:53:23+0200,565fb0ed-db72-48c6-a54e-0fdff3a4721b,2026-08-03T02:15:00Z,2026-08-03T04:15:00+0200,144.46,EUR/MWh,ES,ES,imbalance_price,Short,2026-08-28T02:01:39Z
2026-08-28T01:53:23Z,2026-08-28T03:53:23+0200,565fb0ed-db72-48c6-a54e-0fdff3a4721b,2026-08-03T02:30:00Z,2026-08-03T04:30:00+0200,147.25,EUR/MWh,ES,ES,imbalance_price,Long,2026-08-28T02:01:39Z
2026-08-28T01:53:23Z,2026-08-28T03:53:23+0200,565fb0ed-db72-48c6-a54e-0fdff3a4721b,2026-08-03T02:30:00Z,2026-08-03T04:30:00+0200,147.25,EUR/MWh,ES,ES,imbalance_price,Short,2026-08-28T02:01:39Z
2026-08-28T01:53:23Z,2026-08-28T03:53:23+0200,565fb0ed-db72-48c6-a54e-0fdff3a4721b,2026-08-03T02:45:00Z,2026-08-03T04:45:00+0200,119.94,EUR/MWh,ES,ES,imbalance_price,Long,2026-08-28T02:01:39Z
2026-08-28T01:53:23Z,2026-08-28T03:53:23+0200,565fb0ed-db72-48c6-a54e-0fdff3a4721b,2026-08-03T02:45:00Z,2026-08-03T04:45:00+0200,142.32,EUR/MWh,ES,ES,imbalance_price,Short,2026-08-28T02:01:39Z
2026-08-28T01:53:23Z,2026-08-28T03:53:23+0200,565fb0ed-db72-48c6-a54e-0fdff3a4721b,2026-08-03T03:00:00Z,2026-08-03T05:00:00+0200,116.09,EUR/MWh,ES,ES,imbalance_price,Long,2026-08-28T02:01:39Z
2026-08-28T01:53:23Z,2026-08-28T03:53:23+0200,565fb0ed-db72-48c6-a54e-0fdff3a4721b,2026-08-03T03:00:00Z,2026-08-03T05:00:00+0200,159.07,EUR/MWh,ES,ES,imbalance_price,Short,2026-08-28T02:01:39Z
2026-08-28T01:53:23Z,2026-08-28T03:53:23+0200,565fb0ed-db72-48c6-a54e-0fdff3a4721b,2026-08-03T03:15:00Z,2026-08-03T05:15:00+0200,127.05,EUR/MWh,ES,ES,imbalance_price,Long,2026-08-28T02:01:39Z
2026-08-28T01:53:23Z,2026-08-28T03:53:23+0200,565fb0ed-db72-48c6-a54e-0fdff3a4721b,2026-08-03T03:15:00Z,2026-08-03T05:15:00+0200,158.3,EUR/MWh,ES,ES,imbalance_price,Short,2026-08-28T02:01:39Z
2026-08-28T01:53:23Z,2026-08-28T03:53:23+0200,565fb0ed-db72-48c6-a54e-0fdff3a4721b,2026-08-03T03:30:00Z,2026-08-03T05:30:00+0200,124.63,EUR/MWh,ES,ES,imbalance_price,Long,2026-08-28T02:01:39Z
2026-08-28T01:53:23Z,2026-08-28T03:53:23+0200,565fb0ed-db72-48c6-a54e-0fdff3a4721b,2026-08-03T03:30:00Z,2026-08-03T05:30:00+0200,191.12,EUR/MWh,ES,ES,imbalance_price,Short,2026-08-28T02:01:39Z
2026-08-28T01:53:23Z,2026-08-28T03:53:23+0200,565fb0ed-db72-48c6-a54e-0fdff3a4721b,2026-08-03T03:45:00Z,2026-08-03T05:45:00+0200,110.61,EUR/MWh,ES,ES,imbalance_price,Long,2026-08-28T02:01:39Z
2026-08-28T01:53:23Z,2026-08-28T03:53:23+0200,565fb0ed-db72-48c6-a54e-0fdff3a4721b,2026-08-03T03:45:00Z,2026-08-03T05:45:00+0200,166.87,EUR/MWh,ES,ES,imbalance_price,Short,2026-08-28T02:01:39Z
2026-08-28T01:53:23Z,2026-08-28T03:53:23+0200,565fb0ed-db72-48c6-a54e-0fdff3a4721b,2026-08-03T04:00:00Z,2026-08-03T06:00:00+0200,114.64,EUR/MWh,ES,ES,imbalance_price,Long,2026-08-28T02:01:39Z
2026-08-28T01:53:23Z,2026-08-28T03:53:23+0200,565fb0ed-db72-48c6-a54e-0fdff3a4721b,2026-08-03T04:00:00Z,2026-08-03T06:00:00+0200,152.77,EUR/MWh,ES,ES,imbalance_price,Short,2026-08-28T02:01:39Z
2026-08-28T01:53:23Z,2026-08-28T03:53:23+0200,565fb0ed-db72-48c6-a54e-0fdff3a4721b,2026-08-03T04:15:00Z,2026-08-03T06:15:00+0200,133.95,EUR/MWh,ES,ES,imbalance_price,Long,2026-08-28T02:01:39Z
2026-08-28T01:53:23Z,2026-08-28T03:53:23+0200,565fb0ed-db72-48c6-a54e-0fdff3a4721b,2026-08-03T04:15:00Z,2026-08-03T06:15:00+0200,182.76,EUR/MWh,ES,ES,imbalance_price,Short,2026-08-28T02:01:39Z
2026-08-28T01:53:23Z,2026-08-28T03:53:23+0200,565fb0ed-db72-48c6-a54e-0fdff3a4721b,2026-08-03T04:30:00Z,2026-08-03T06:30:00+0200,128.43,EUR/MWh,ES,ES,imbalance_price,Long,2026-08-28T02:01:39Z
2026-08-28T01:53:23Z,2026-08-28T03:53:23+0200,565fb0ed-db72-48c6-a54e-0fdff3a4721b,2026-08-03T04:30:00Z,2026-08-03T06:30:00+0200,176.09,EUR/MWh,ES,ES,imbalance_price,Short,2026-08-28T02:01:39Z
2026-08-28T01:53:23Z,2026-08-28T03:53:23+0200,565fb0ed-db72-48c6-a54e-0fdff3a4721b,2026-08-03T04:45:00Z,2026-08-03T06:45:00+0200,139.73,EUR/MWh,ES,ES,imbalance_price,Long,2026-08-28T02:01:39Z
2026-08-28T01:53:23Z,2026-08-28T03:53:23+0200,565fb0ed-db72-48c6-a54e-0fdff3a4721b,2026-08-03T04:45:00Z,2026-08-03T06:45:00+0200,175.6,EUR/MWh,ES,ES,imbalance_price,Short,2026-08-28T02:01:39Z
2026-08-28T01:53:23Z,2026-08-28T03:53:23+0200,565fb0ed-db72-48c6-a54e-0fdff3a4721b,2026-08-03T05:00:00Z,2026-08-03T07:00:00+0200,166.17,EUR/MWh,ES,ES,imbalance_price,Long,2026-08-28T02:01:39Z
2026-08-28T01:53:23Z,2026-08-28T03:53:23+0200,565fb0ed-db72-48c6-a54e-0fdff3a4721b,2026-08-03T05:00:00Z,2026-08-03T07:00:00+0200,166.17,EUR/MWh,ES,ES,imbalance_price,Short,2026-08-28T02:01:39Z
2026-08-28T01:53:23Z,2026-08-28T03:53:23+0200,565fb0ed-db72-48c6-a54e-0fdff3a4721b,2026-08-03T05:15:00Z,2026-08-03T07:15:00+0200,175.1,EUR/MWh,ES,ES,imbalance_price,Long,2026-08-28T02:01:39Z
2026-08-28T01:53:23Z,2026-08-28T03:53:23+0200,565fb0ed-db72-48c6-a54e-0fdff3a4721b,2026-08-03T05:15:00Z,2026-08-03T07:15:00+0200,175.1,EUR/MWh,ES,ES,imbalance_price,Short,2026-08-28T02:01:39Z
2026-08-28T01:53:23Z,2026-08-28T03:53:23+0200,565fb0ed-db72-48c6-a54e-0fdff3a4721b,2026-08-03T05:30:00Z,2026-08-03T07:30:00+0200,117.41,EUR/MWh,ES,ES,imbalance_price,Long,2026-08-28T02:01:39Z
2026-08-28T01:53:23Z,2026-08-28T03:53:23+0200,565fb0ed-db72-48c6-a54e-0fdff3a4721b,2026-08-03T05:30:00Z,2026-08-03T07:30:00+0200,185.25,EUR/MWh,ES,ES,imbalance_price,Short,2026-08-28T02:01:39Z
2026-08-28T01:53:23Z,2026-08-28T03:53:23+0200,565fb0ed-db72-48c6-a54e-0fdff3a4721b,2026-08-03T05:45:00Z,2026-08-03T07:45:00+0200,130.26,EUR/MWh,ES,ES,imbalance_price,Long,2026-08-28T02:01:39Z
2026-08-28T01:53:23Z,2026-08-28T03:53:23+0200,565fb0ed-db72-48c6-a54e-0fdff3a4721b,2026-08-03T05:45:00Z,2026-08-03T07:45:00+0200,183.53,EUR/MWh,ES,ES,imbalance_price,Short,2026-08-28T02:01:39Z
2026-08-28T01:53:23Z,2026-08-28T03:53:23+0200,565fb0ed-db72-48c6-a54e-0fdff3a4721b,2026-08-03T06:00:00Z,2026-08-03T08:00:00+0200,69.87,EUR/MWh,ES,ES,imbalance_price,Long,2026-08-28T02:01:39Z
2026-08-28T01:53:23Z,2026-08-28T03:53:23+0200,565fb0ed-db72-48c6-a54e-0fdff3a4721b,2026-08-03T06:00:00Z,2026-08-03T08:00:00+0200,176.48,EUR/MWh,ES,ES,imbalance_price,Short,2026-08-28T02:01:39Z
2026-08-28T01:53:23Z,2026-08-28T03:53:23+0200,565fb0ed-db72-48c6-a54e-0fdff3a4721b,2026-08-03T06:15:00Z,2026-08-03T08:15:00+0200,148.5,EUR/MWh,ES,ES,imbalance_price,Long,2026-08-28T02:01:39Z
2026-08-28T01:53:23Z,2026-08-28T03:53:23+0200,565fb0ed-db72-48c6-a54e-0fdff3a4721b,2026-08-03T06:15:00Z,2026-08-03T08:15:00+0200,175.76,EUR/MWh,ES,ES,imbalance_price,Short,2026-08-28T02:01:39Z
2026-08-28T01:53:23Z,2026-08-28T03:53:23+0200,565fb0ed-db72-48c6-a54e-0fdff3a4721b,2026-08-03T06:30:00Z,2026-08-03T08:30:00+0200,140.76,EUR/MWh,ES,ES,imbalance_price,Long,2026-08-28T02:01:39Z
2026-08-28T01:53:23Z,2026-08-28T03:53:23+0200,565fb0ed-db72-48c6-a54e-0fdff3a4721b,2026-08-03T06:30:00Z,2026-08-03T08:30:00+0200,178.13,EUR/MWh,ES,ES,imbalance_price,Short,2026-08-28T02:01:39Z
2026-08-28T01:53:23Z,2026-08-28T03:53:23+0200,565fb0ed-db72-48c6-a54e-0fdff3a4721b,2026-08-03T06:45:00Z,2026-08-03T08:45:00+0200,103.74,EUR/MWh,ES,ES,imbalance_price,Long,2026-08-28T02:01:39Z
2026-08-28T01:53:23Z,2026-08-28T03:53:23+0200,565fb0ed-db72-48c6-a54e-0fdff3a4721b,2026-08-03T06:45:00Z,2026-08-03T08:45:00+0200,158.55,EUR/MWh,ES,ES,imbalance_price,Short,2026-08-28T02:01:39Z
2026-08-28T01:53:23Z,2026-08-28T03:53:23+0200,565fb0ed-db72-48c6-a54e-0fdff3a4721b,2026-08-03T07:00:00Z,2026-08-03T09:00:00+0200,158.27,EUR/MWh,ES,ES,imbalance_price,Long,2026-08-28T02:01:39Z
2026-08-28T01:53:23Z,2026-08-28T03:53:23+0200,565fb0ed-db72-48c6-a54e-0fdff3a4721b,2026-08-03T07:00:00Z,2026-08-03T09:00:00+0200,158.27,EUR/MWh,ES,ES,imbalance_price,Short,2026-08-28T02:01:39Z
2026-08-28T01:53:23Z,2026-08-28T03:53:23+0200,565fb0ed-db72-48c6-a54e-0fdff3a4721b,2026-08-03T07:15:00Z,2026-08-03T09:15:00+0200,151.9,EUR/MWh,ES,ES,imbalance_price,Long,2026-08-28T02:01:39Z
2026-08-28T01:53:23Z,2026-08-28T03:53:23+0200,565fb0ed-db72-48c6-a54e-0fdff3a4721b,2026-08-03T07:15:00Z,2026-08-03T09:15:00+0200,151.9,EUR/MWh,ES,ES,imbalance_price,Short,2026-08-28T02:01:39Z
2026-08-28T01:53:23Z,2026-08-28T03:53:23+0200,565fb0ed-db72-48c6-a54e-0fdff3a4721b,2026-08-03T07:30:00Z,2026-08-03T09:30:00+0200,190.96,EUR/MWh,ES,ES,imbalance_price,Long,2026-08-28T02:01:39Z
2026-08-28T01:53:23Z,2026-08-28T03:53:23+0200,565fb0ed-db72-48c6-a54e-0fdff3a4721b,2026-08-03T07:30:00Z,2026-08-03T09:30:00+0200,190.96,EUR/MWh,ES,ES,imbalance_price,Short,2026-08-28T02:01:39Z
2026-08-28T01:53:23Z,2026-08-28T03:53:23+0200,565fb0ed-db72-48c6-a54e-0fdff3a4721b,2026-08-03T07:45:00Z,2026-08-03T09:45:00+0200,195.14,EUR/MWh,ES,ES,imbalance_price,Long,2026-08-28T02:01:39Z
2026-08-28T01:53:23Z,2026-08-28T03:53:23+0200,565fb0ed-db72-48c6-a54e-0fdff3a4721b,2026-08-03T07:45:00Z,2026-08-03T09:45:00+0200,195.14,EUR/MWh,ES,ES,imbalance_price,Short,2026-08-28T02:01:39Z
2026-08-28T01:53:23Z,2026-08-28T03:53:23+0200,565fb0ed-db72-48c6-a54e-0fdff3a4721b,2026-08-03T08:00:00Z,2026-08-03T10:00:00+0200,189.58,EUR/MWh,ES,ES,imbalance_price,Long,2026-08-28T02:01:39Z
2026-08-28T01:53:23Z,2026-08-28T03:53:23+0200,565fb0ed-db72-48c6-a54e-0fdff3a4721b,2026-08-03T08:00:00Z,2026-08-03T10:00:00+0200,189.58,EUR/MWh,ES,ES,imbalance_price,Short,2026-08-28T02:01:39Z
2026-08-28T01:53:23Z,2026-08-28T03:53:23+0200,565fb0ed-db72-48c6-a54e-0fdff3a4721b,2026-08-03T08:15:00Z,2026-08-03T10:15:00+0200,14.27,EUR/MWh,ES,ES,imbalance_price,Long,2026-08-28T02:01:39Z
2026-08-28T01:53:23Z,2026-08-28T03:53:23+0200,565fb0ed-db72-48c6-a54e-0fdff3a4721b,2026-08-03T08:15:00Z,2026-08-03T10:15:00+0200,147.75,EUR/MWh,ES,ES,imbalance_price,Short,2026-08-28T02:01:39Z
2026-08-28T01:53:23Z,2026-08-28T03:53:23+0200,565fb0ed-db72-48c6-a54e-0fdff3a4721b,2026-08-03T08:30:00Z,2026-08-03T10:30:00+0200,147.19,EUR/MWh,ES,ES,imbalance_price,Long,2026-08-28T02:01:39Z
2026-08-28T01:53:23Z,2026-08-28T03:53:23+0200,565fb0ed-db72-48c6-a54e-0fdff3a4721b,2026-08-03T08:30:00Z,2026-08-03T10:30:00+0200,147.19,EUR/MWh,ES,ES,imbalance_price,Short,2026-08-28T02:01:39Z
2026-08-28T01:53:23Z,2026-08-28T03:53:23+0200,565fb0ed-db72-48c6-a54e-0fdff3a4721b,2026-08-03T08:45:00Z,2026-08-03T10:45:00+0200,142.25,EUR/MWh,ES,ES,imbalance_price,Long,2026-08-28T02:01:39Z
2026-08-28T01:53:23Z,2026-08-28T03:53:23+0200,565fb0ed-db72-48c6-a54e-0fdff3a4721b,2026-08-03T08:45:00Z,2026-08-03T10:45:00+0200,142.25,EUR/MWh,ES,ES,imbalance_price,Short,2026-08-28T02:01:39Z
2026-08-28T01:53:23Z,2026-08-28T03:53:23+0200,565fb0ed-db72-48c6-a54e-0fdff3a4721b,2026-08-03T09:00:00Z,2026-08-03T11:00:00+0200,22.98,EUR/MWh,ES,ES,imbalance_price,Long,2026-08-28T02:01:39Z
2026-08-28T01:53:23Z,2026-08-28T03:53:23+0200,565fb0ed-db72-48c6-a54e-0fdff3a4721b,2026-08-03T09:00:00Z,2026-08-03T11:00:00+0200,199.14,EUR/MWh,ES,ES,imbalance_price,Short,2026-08-28T02:01:39Z
2026-08-28T01:53:23Z,2026-08-28T03:53:23+0200,565fb0ed-db72-48c6-a54e-0fdff3a4721b,2026-08-03T09:15:00Z,2026-08-03T11:15:00+0200,0.0,EUR/MWh,ES,ES,imbalance_price,Long,2026-08-28T02:01:39Z
2026-08-28T01:53:23Z,2026-08-28T03:53:23+0200,565fb0ed-db72-48c6-a54e-0fdff3a4721b,2026-08-03T09:15:00Z,2026-08-03T11:15:00+0200,193.54,EUR/MWh,ES,ES,imbalance_price,Short,2026-08-28T02:01:39Z
2026-08-28T01:53:23Z,2026-08-28T03:53:23+0200,565fb0ed-db72-48c6-a54e-0fdff3a4721b,2026-08-03T09:30:00Z,2026-08-03T11:30:00+0200,8.01,EUR/MWh,ES,ES,imbalance_price,Long,2026-08-28T02:01:39Z
2026-08-28T01:53:23Z,2026-08-28T03:53:23+0200,565fb0ed-db72-48c6-a54e-0fdff3a4721b,2026-08-03T09:30:00Z,2026-08-03T11:30:00+0200,199.67,EUR/MWh,ES,ES,imbalance_price,Short,2026-08-28T02:01:39Z
2026-08-28T01:53:23Z,2026-08-28T03:53:23+0200,565fb0ed-db72-48c6-a54e-0fdff3a4721b,2026-08-03T09:45:00Z,2026-08-03T11:45:00+0200,0.0,EUR/MWh,ES,ES,imbalance_price,Long,2026-08-28T02:01:39Z
2026-08-28T01:53:23Z,2026-08-28T03:53:23+0200,565fb0ed-db72-48c6-a54e-0fdff3a4721b,2026-08-03T09:45:00Z,2026-08-03T11:45:00+0200,193.67,EUR/MWh,ES,ES,imbalance_price,Short,2026-08-28T02:01:39Z
2026-08-28T01:53:23Z,2026-08-28T03:53:23+0200,565fb0ed-db72-48c6-a54e-0fdff3a4721b,2026-08-03T10:00:00Z,2026-08-03T12:00:00+0200,0.0,EUR/MWh,ES,ES,imbalance_price,Long,2026-08-28T02:01:39Z
2026-08-28T01:53:23Z,2026-08-28T03:53:23+0200,565fb0ed-db72-48c6-a54e-0fdff3a4721b,2026-08-03T10:00:00Z,2026-08-03T12:00:00+0200,176.5,EUR/MWh,ES,ES,imbalance_price,Short,2026-08-28T02:01:39Z
2026-08-28T01:53:23Z,2026-08-28T03:53:23+0200,565fb0ed-db72-48c6-a54e-0fdff3a4721b,2026-08-03T10:15:00Z,2026-08-03T12:15:00+0200,256.53,EUR/MWh,ES,ES,imbalance_price,Long,2026-08-28T02:01:39Z
2026-08-28T01:53:23Z,2026-08-28T03:53:23+0200,565fb0ed-db72-48c6-a54e-0fdff3a4721b,2026-08-03T10:15:00Z,2026-08-03T12:15:00+0200,256.53,EUR/MWh,ES,ES,imbalance_price,Short,2026-08-28T02:01:39Z
2026-08-28T01:53:23Z,2026-08-28T03:53:23+0200,565fb0ed-db72-48c6-a54e-0fdff3a4721b,2026-08-03T10:30:00Z,2026-08-03T12:30:00+0200,245.92,EUR/MWh,ES,ES,imbalance_price,Long,2026-08-28T02:01:39Z
2026-08-28T01:53:23Z,2026-08-28T03:53:23+0200,565fb0ed-db72-48c6-a54e-0fdff3a4721b,2026-08-03T10:30:00Z,2026-08-03T12:30:00+0200,245.92,EUR/MWh,ES,ES,imbalance_price,Short,2026-08-28T02:01:39Z
2026-08-28T01:53:23Z,2026-08-28T03:53:23+0200,565fb0ed-db72-48c6-a54e-0fdff3a4721b,2026-08-03T10:45:00Z,2026-08-03T12:45:00+0200,-0.4,EUR/MWh,ES,ES,imbalance_price,Long,2026-08-28T02:01:39Z
2026-08-28T01:53:23Z,2026-08-28T03:53:23+0200,565fb0ed-db72-48c6-a54e-0fdff3a4721b,2026-08-03T10:45:00Z,2026-08-03T12:45:00+0200,246.2,EUR/MWh,ES,ES,imbalance_price,Short,2026-08-28T02:01:39Z
2026-08-28T01:53:23Z,2026-08-28T03:53:23+0200,565fb0ed-db72-48c6-a54e-0fdff3a4721b,2026-08-03T11:00:00Z,2026-08-03T13:00:00+0200,-435.47,EUR/MWh,ES,ES,imbalance_price,Long,2026-08-28T02:01:39Z
2026-08-28T01:53:23Z,2026-08-28T03:53:23+0200,565fb0ed-db72-48c6-a54e-0fdff3a4721b,2026-08-03T11:00:00Z,2026-08-03T13:00:00+0200,232.74,EUR/MWh,ES,ES,imbalance_price,Short,2026-08-28T02:01:39Z
2026-08-28T01:53:23Z,2026-08-28T03:53:23+0200,565fb0ed-db72-48c6-a54e-0fdff3a4721b,2026-08-03T11:15:00Z,2026-08-03T13:15:00+0200,-39.43,EUR/MWh,ES,ES,imbalance_price,Long,2026-08-28T02:01:39Z
2026-08-28T01:53:23Z,2026-08-28T03:53:23+0200,565fb0ed-db72-48c6-a54e-0fdff3a4721b,2026-08-03T11:15:00Z,2026-08-03T13:15:00+0200,203.01,EUR/MWh,ES,ES,imbalance_price,Short,2026-08-28T02:01:39Z
2026-08-28T01:53:23Z,2026-08-28T03:53:23+0200,565fb0ed-db72-48c6-a54e-0fdff3a4721b,2026-08-03T11:30:00Z,2026-08-03T13:30:00+0200,-0.58,EUR/MWh,ES,ES,imbalance_price,Long,2026-08-28T02:01:39Z
2026-08-28T01:53:23Z,2026-08-28T03:53:23+0200,565fb0ed-db72-48c6-a54e-0fdff3a4721b,2026-08-03T11:30:00Z,2026-08-03T13:30:00+0200,178.77,EUR/MWh,ES,ES,imbalance_price,Short,2026-08-28T02:01:39Z
2026-08-28T01:53:23Z,2026-08-28T03:53:23+0200,565fb0ed-db72-48c6-a54e-0fdff3a4721b,2026-08-03T11:45:00Z,2026-08-03T13:45:00+0200,0.48,EUR/MWh,ES,ES,imbalance_price,Long,2026-08-28T02:01:39Z
2026-08-28T01:53:23Z,2026-08-28T03:53:23+0200,565fb0ed-db72-48c6-a54e-0fdff3a4721b,2026-08-03T11:45:00Z,2026-08-03T13:45:00+0200,157.45,EUR/MWh,ES,ES,imbalance_price,Short,2026-08-28T02:01:39Z
2026-08-28T01:53:23Z,2026-08-28T03:53:23+0200,565fb0ed-db72-48c6-a54e-0fdff3a4721b,2026-08-03T12:00:00Z,2026-08-03T14:00:00+0200,0.86,EUR/MWh,ES,ES,imbalance_price,Long,2026-08-28T02:01:39Z
2026-08-28T01:53:23Z,2026-08-28T03:53:23+0200,565fb0ed-db72-48c6-a54e-0fdff3a4721b,2026-08-03T12:00:00Z,2026-08-03T14:00:00+0200,184.3,EUR/MWh,ES,ES,imbalance_price,Short,2026-08-28T02:01:39Z
2026-08-28T01:53:23Z,2026-08-28T03:53:23+0200,565fb0ed-db72-48c6-a54e-0fdff3a4721b,2026-08-03T12:15:00Z,2026-08-03T14:15:00+0200,-1.5,EUR/MWh,ES,ES,imbalance_price,Long,2026-08-28T02:01:39Z
2026-08-28T01:53:23Z,2026-08-28T03:53:23+0200,565fb0ed-db72-48c6-a54e-0fdff3a4721b,2026-08-03T12:15:00Z,2026-08-03T14:15:00+0200,165.16,EUR/MWh,ES,ES,imbalance_price,Short,2026-08-28T02:01:39Z
2026-08-28T01:53:23Z,2026-08-28T03:53:23+0200,565fb0ed-db72-48c6-a54e-0fdff3a4721b,2026-08-03T12:30:00Z,2026-08-03T14:30:00+0200,0.71,EUR/MWh,ES,ES,imbalance_price,Long,2026-08-28T02:01:39Z
2026-08-28T01:53:23Z,2026-08-28T03:53:23+0200,565fb0ed-db72-48c6-a54e-0fdff3a4721b,2026-08-03T12:30:00Z,2026-08-03T14:30:00+0200,148.48,EUR/MWh,ES,ES,imbalance_price,Short,2026-08-28T02:01:39Z
2026-08-28T01:53:23Z,2026-08-28T03:53:23+0200,565fb0ed-db72-48c6-a54e-0fdff3a4721b,2026-08-03T12:45:00Z,2026-08-03T14:45:00+0200,0.0,EUR/MWh,ES,ES,imbalance_price,Long,2026-08-28T02:01:39Z
2026-08-28T01:53:23Z,2026-08-28T03:53:23+0200,565fb0ed-db72-48c6-a54e-0fdff3a4721b,2026-08-03T12:45:00Z,2026-08-03T14:45:00+0200,150.54,EUR/MWh,ES,ES,imbalance_price,Short,2026-08-28T02:01:39Z
2026-08-28T01:53:23Z,2026-08-28T03:53:23+0200,565fb0ed-db72-48c6-a54e-0fdff3a4721b,2026-08-03T13:00:00Z,2026-08-03T15:00:00+0200,6.45,EUR/MWh,ES,ES,imbalance_price,Long,2026-08-28T02:01:39Z
2026-08-28T01:53:23Z,2026-08-28T03:53:23+0200,565fb0ed-db72-48c6-a54e-0fdff3a4721b,2026-08-03T13:00:00Z,2026-08-03T15:00:00+0200,219.9,EUR/MWh,ES,ES,imbalance_price,Short,2026-08-28T02:01:39Z
2026-08-28T01:53:23Z,2026-08-28T03:53:23+0200,565fb0ed-db72-48c6-a54e-0fdff3a4721b,2026-08-03T13:15:00Z,2026-08-03T15:15:00+0200,1.39,EUR/MWh,ES,ES,imbalance_price,Long,2026-08-28T02:01:39Z
2026-08-28T01:53:23Z,2026-08-28T03:53:23+0200,565fb0ed-db72-48c6-a54e-0fdff3a4721b,2026-08-03T13:15:00Z,2026-08-03T15:15:00+0200,225.88,EUR/MWh,ES,ES,imbalance_price,Short,2026-08-28T02:01:39Z
2026-08-28T01:53:23Z,2026-08-28T03:53:23+0200,565fb0ed-db72-48c6-a54e-0fdff3a4721b,2026-08-03T13:30:00Z,2026-08-03T15:30:00+0200,5.6,EUR/MWh,ES,ES,imbalance_price,Long,2026-08-28T02:01:39Z
2026-08-28T01:53:23Z,2026-08-28T03:53:23+0200,565fb0ed-db72-48c6-a54e-0fdff3a4721b,2026-08-03T13:30:00Z,2026-08-03T15:30:00+0200,202.36,EUR/MWh,ES,ES,imbalance_price,Short,2026-08-28T02:01:39Z
2026-08-28T01:53:23Z,2026-08-28T03:53:23+0200,565fb0ed-db72-48c6-a54e-0fdff3a4721b,2026-08-03T13:45:00Z,2026-08-03T15:45:00+0200,26.05,EUR/MWh,ES,ES,imbalance_price,Long,2026-08-28T02:01:39Z
2026-08-28T01:53:23Z,2026-08-28T03:53:23+0200,565fb0ed-db72-48c6-a54e-0fdff3a4721b,2026-08-03T13:45:00Z,2026-08-03T15:45:00+0200,203.88,EUR/MWh,ES,ES,imbalance_price,Short,2026-08-28T02:01:39Z
2026-08-28T01:53:23Z,2026-08-28T03:53:23+0200,565fb0ed-db72-48c6-a54e-0fdff3a4721b,2026-08-03T14:00:00Z,2026-08-03T16:00:00+0200,0.1,EUR/MWh,ES,ES,imbalance_price,Long,2026-08-28T02:01:39Z
2026-08-28T01:53:23Z,2026-08-28T03:53:23+0200,565fb0ed-db72-48c6-a54e-0fdff3a4721b,2026-08-03T14:00:00Z,2026-08-03T16:00:00+0200,200.59,EUR/MWh,ES,ES,imbalance_price,Short,2026-08-28T02:01:39Z
2026-08-28T01:53:23Z,2026-08-28T03:53:23+0200,565fb0ed-db72-48c6-a54e-0fdff3a4721b,2026-08-03T14:15:00Z,2026-08-03T16:15:00+0200,2.74,EUR/MWh,ES,ES,imbalance_price,Long,2026-08-28T02:01:39Z
2026-08-28T01:53:23Z,2026-08-28T03:53:23+0200,565fb0ed-db72-48c6-a54e-0fdff3a4721b,2026-08-03T14:15:00Z,2026-08-03T16:15:00+0200,200.59,EUR/MWh,ES,ES,imbalance_price,Short,2026-08-28T02:01:39Z
2026-08-28T01:53:23Z,2026-08-28T03:53:23+0200,565fb0ed-db72-48c6-a54e-0fdff3a4721b,2026-08-03T14:30:00Z,2026-08-03T16:30:00+0200,11.18,EUR/MWh,ES,ES,imbalance_price,Long,2026-08-28T02:01:39Z
2026-08-28T01:53:23Z,2026-08-28T03:53:23+0200,565fb0ed-db72-48c6-a54e-0fdff3a4721b,2026-08-03T14:30:00Z,2026-08-03T16:30:00+0200,197.05,EUR/MWh,ES,ES,imbalance_price,Short,2026-08-28T02:01:39Z
2026-08-28T01:53:23Z,2026-08-28T03:53:23+0200,565fb0ed-db72-48c6-a54e-0fdff3a4721b,2026-08-03T14:45:00Z,2026-08-03T16:45:00+0200,-58.68,EUR/MWh,ES,ES,imbalance_price,Long,2026-08-28T02:01:39Z
2026-08-28T01:53:23Z,2026-08-28T03:53:23+0200,565fb0ed-db72-48c6-a54e-0fdff3a4721b,2026-08-03T14:45:00Z,2026-08-03T16:45:00+0200,204.75,EUR/MWh,ES,ES,imbalance_price,Short,2026-08-28T02:01:39Z
2026-08-28T01:53:23Z,2026-08-28T03:53:23+0200,565fb0ed-db72-48c6-a54e-0fdff3a4721b,2026-08-03T15:00:00Z,2026-08-03T17:00:00+0200,-7.8,EUR/MWh,ES,ES,imbalance_price,Long,2026-08-28T02:01:39Z
2026-08-28T01:53:23Z,2026-08-28T03:53:23+0200,565fb0ed-db72-48c6-a54e-0fdff3a4721b,2026-08-03T15:00:00Z,2026-08-03T17:00:00+0200,201.8,EUR/MWh,ES,ES,imbalance_price,Short,2026-08-28T02:01:39Z
2026-08-28T01:53:23Z,2026-08-28T03:53:23+0200,565fb0ed-db72-48c6-a54e-0fdff3a4721b,2026-08-03T15:15:00Z,2026-08-03T17:15:00+0200,-1.81,EUR/MWh,ES,ES,imbalance_price,Long,2026-08-28T02:01:39Z
2026-08-28T01:53:23Z,2026-08-28T03:53:23+0200,565fb0ed-db72-48c6-a54e-0fdff3a4721b,2026-08-03T15:15:00Z,2026-08-03T17:15:00+0200,168.01,EUR/MWh,ES,ES,imbalance_price,Short,2026-08-28T02:01:39Z
2026-08-28T01:53:23Z,2026-08-28T03:53:23+0200,565fb0ed-db72-48c6-a54e-0fdff3a4721b,2026-08-03T15:30:00Z,2026-08-03T17:30:00+0200,57.21,EUR/MWh,ES,ES,imbalance_price,Long,2026-08-28T02:01:39Z
2026-08-28T01:53:23Z,2026-08-28T03:53:23+0200,565fb0ed-db72-48c6-a54e-0fdff3a4721b,2026-08-03T15:30:00Z,2026-08-03T17:30:00+0200,57.21,EUR/MWh,ES,ES,imbalance_price,Short,2026-08-28T02:01:39Z
2026-08-28T01:53:23Z,2026-08-28T03:53:23+0200,565fb0ed-db72-48c6-a54e-0fdff3a4721b,2026-08-03T15:45:00Z,2026-08-03T17:45:00+0200,-55.91,EUR/MWh,ES,ES,imbalance_price,Long,2026-08-28T02:01:39Z
2026-08-28T01:53:23Z,2026-08-28T03:53:23+0200,565fb0ed-db72-48c6-a54e-0fdff3a4721b,2026-08-03T15:45:00Z,2026-08-03T17:45:00+0200,-55.91,EUR/MWh,ES,ES,imbalance_price,Short,2026-08-28T02:01:39Z
2026-08-28T01:53:23Z,2026-08-28T03:53:23+0200,565fb0ed-db72-48c6-a54e-0fdff3a4721b,2026-08-03T16:00:00Z,2026-08-03T18:00:00+0200,-8.19,EUR/MWh,ES,ES,imbalance_price,Long,2026-08-28T02:01:39Z
2026-08-28T01:53:23Z,2026-08-28T03:53:23+0200,565fb0ed-db72-48c6-a54e-0fdff3a4721b,2026-08-03T16:00:00Z,2026-08-03T18:00:00+0200,-8.19,EUR/MWh,ES,ES,imbalance_price,Short,2026-08-28T02:01:39Z
2026-08-28T01:53:23Z,2026-08-28T03:53:23+0200,565fb0ed-db72-48c6-a54e-0fdff3a4721b,2026-08-03T16:15:00Z,2026-08-03T18:15:00+0200,-19.59,EUR/MWh,ES,ES,imbalance_price,Long,2026-08-28T02:01:39Z
2026-08-28T01:53:23Z,2026-08-28T03:53:23+0200,565fb0ed-db72-48c6-a54e-0fdff3a4721b,2026-08-03T16:15:00Z,2026-08-03T18:15:00+0200,-19.59,EUR/MWh,ES,ES,imbalance_price,Short,2026-08-28T02:01:39Z
2026-08-28T01:53:23Z,2026-08-28T03:53:23+0200,565fb0ed-db72-48c6-a54e-0fdff3a4721b,2026-08-03T16:30:00Z,2026-08-03T18:30:00+0200,14.17,EUR/MWh,ES,ES,imbalance_price,Long,2026-08-28T02:01:39Z
2026-08-28T01:53:23Z,2026-08-28T03:53:23+0200,565fb0ed-db72-48c6-a54e-0fdff3a4721b,2026-08-03T16:30:00Z,2026-08-03T18:30:00+0200,14.17,EUR/MWh,ES,ES,imbalance_price,Short,2026-08-28T02:01:39Z
2026-08-28T01:53:23Z,2026-08-28T03:53:23+0200,565fb0ed-db72-48c6-a54e-0fdff3a4721b,2026-08-03T16:45:00Z,2026-08-03T18:45:00+0200,0.61,EUR/MWh,ES,ES,imbalance_price,Long,2026-08-28T02:01:39Z
2026-08-28T01:53:23Z,2026-08-28T03:53:23+0200,565fb0ed-db72-48c6-a54e-0fdff3a4721b,2026-08-03T16:45:00Z,2026-08-03T18:45:00+0200,0.61,EUR/MWh,ES,ES,imbalance_price,Short,2026-08-28T02:01:39Z
2026-08-28T01:53:23Z,2026-08-28T03:53:23+0200,565fb0ed-db72-48c6-a54e-0fdff3a4721b,2026-08-03T17:00:00Z,2026-08-03T19:00:00+0200,0.52,EUR/MWh,ES,ES,imbalance_price,Long,2026-08-28T02:01:39Z
2026-08-28T01:53:23Z,2026-08-28T03:53:23+0200,565fb0ed-db72-48c6-a54e-0fdff3a4721b,2026-08-03T17:00:00Z,2026-08-03T19:00:00+0200,155.47,EUR/MWh,ES,ES,imbalance_price,Short,2026-08-28T02:01:39Z
2026-08-28T01:53:23Z,2026-08-28T03:53:23+0200,565fb0ed-db72-48c6-a54e-0fdff3a4721b,2026-08-03T17:15:00Z,2026-08-03T19:15:00+0200,7.65,EUR/MWh,ES,ES,imbalance_price,Long,2026-08-28T02:01:39Z
2026-08-28T01:53:23Z,2026-08-28T03:53:23+0200,565fb0ed-db72-48c6-a54e-0fdff3a4721b,2026-08-03T17:15:00Z,2026-08-03T19:15:00+0200,182.43,EUR/MWh,ES,ES,imbalance_price,Short,2026-08-28T02:01:39Z
2026-08-28T01:53:23Z,2026-08-28T03:53:23+0200,565fb0ed-db72-48c6-a54e-0fdff3a4721b,2026-08-03T17:30:00Z,2026-08-03T19:30:00+0200,61.38,EUR/MWh,ES,ES,imbalance_price,Long,2026-08-28T02:01:39Z
2026-08-28T01:53:23Z,2026-08-28T03:53:23+0200,565fb0ed-db72-48c6-a54e-0fdff3a4721b,2026-08-03T17:30:00Z,2026-08-03T19:30:00+0200,179.55,EUR/MWh,ES,ES,imbalance_price,Short,2026-08-28T02:01:39Z
2026-08-28T01:53:23Z,2026-08-28T03:53:23+0200,565fb0ed-db72-48c6-a54e-0fdff3a4721b,2026-08-03T17:45:00Z,2026-08-03T19:45:00+0200,111.19,EUR/MWh,ES,ES,imbalance_price,Long,2026-08-28T02:01:39Z
2026-08-28T01:53:23Z,2026-08-28T03:53:23+0200,565fb0ed-db72-48c6-a54e-0fdff3a4721b,2026-08-03T17:45:00Z,2026-08-03T19:45:00+0200,111.19,EUR/MWh,ES,ES,imbalance_price,Short,2026-08-28T02:01:39Z
2026-08-28T01:53:23Z,2026-08-28T03:53:23+0200,565fb0ed-db72-48c6-a54e-0fdff3a4721b,2026-08-03T18:00:00Z,2026-08-03T20:00:00+0200,19.52,EUR/MWh,ES,ES,imbalance_price,Long,2026-08-28T02:01:39Z
2026-08-28T01:53:23Z,2026-08-28T03:53:23+0200,565fb0ed-db72-48c6-a54e-0fdff3a4721b,2026-08-03T18:00:00Z,2026-08-03T20:00:00+0200,19.52,EUR/MWh,ES,ES,imbalance_price,Short,2026-08-28T02:01:39Z
2026-08-28T01:53:23Z,2026-08-28T03:53:23+0200,565fb0ed-db72-48c6-a54e-0fdff3a4721b,2026-08-03T18:15:00Z,2026-08-03T20:15:00+0200,130.81,EUR/MWh,ES,ES,imbalance_price,Long,2026-08-28T02:01:39Z
2026-08-28T01:53:23Z,2026-08-28T03:53:23+0200,565fb0ed-db72-48c6-a54e-0fdff3a4721b,2026-08-03T18:15:00Z,2026-08-03T20:15:00+0200,197.32,EUR/MWh,ES,ES,imbalance_price,Short,2026-08-28T02:01:39Z
2026-08-28T01:53:23Z,2026-08-28T03:53:23+0200,565fb0ed-db72-48c6-a54e-0fdff3a4721b,2026-08-03T18:30:00Z,2026-08-03T20:30:00+0200,130.31,EUR/MWh,ES,ES,imbalance_price,Long,2026-08-28T02:01:39Z
2026-08-28T01:53:23Z,2026-08-28T03:53:23+0200,565fb0ed-db72-48c6-a54e-0fdff3a4721b,2026-08-03T18:30:00Z,2026-08-03T20:30:00+0200,165.79,EUR/MWh,ES,ES,imbalance_price,Short,2026-08-28T02:01:39Z
2026-08-28T01:53:23Z,2026-08-28T03:53:23+0200,565fb0ed-db72-48c6-a54e-0fdff3a4721b,2026-08-03T18:45:00Z,2026-08-03T20:45:00+0200,164.46,EUR/MWh,ES,ES,imbalance_price,Long,2026-08-28T02:01:39Z
2026-08-28T01:53:23Z,2026-08-28T03:53:23+0200,565fb0ed-db72-48c6-a54e-0fdff3a4721b,2026-08-03T18:45:00Z,2026-08-03T20:45:00+0200,164.46,EUR/MWh,ES,ES,imbalance_price,Short,2026-08-28T02:01:39Z
2026-08-28T01:53:23Z,2026-08-28T03:53:23+0200,565fb0ed-db72-48c6-a54e-0fdff3a4721b,2026-08-03T19:00:00Z,2026-08-03T21:00:00+0200,211.52,EUR/MWh,ES,ES,imbalance_price,Long,2026-08-28T02:01:39Z
2026-08-28T01:53:23Z,2026-08-28T03:53:23+0200,565fb0ed-db72-48c6-a54e-0fdff3a4721b,2026-08-03T19:00:00Z,2026-08-03T21:00:00+0200,211.52,EUR/MWh,ES,ES,imbalance_price,Short,2026-08-28T02:01:39Z
2026-08-28T01:53:23Z,2026-08-28T03:53:23+0200,565fb0ed-db72-48c6-a54e-0fdff3a4721b,2026-08-03T19:15:00Z,2026-08-03T21:15:00+0200,220.81,EUR/MWh,ES,ES,imbalance_price,Long,2026-08-28T02:01:39Z
2026-08-28T01:53:23Z,2026-08-28T03:53:23+0200,565fb0ed-db72-48c6-a54e-0fdff3a4721b,2026-08-03T19:15:00Z,2026-08-03T21:15:00+0200,220.81,EUR/MWh,ES,ES,imbalance_price,Short,2026-08-28T02:01:39Z
2026-08-28T01:53:23Z,2026-08-28T03:53:23+0200,565fb0ed-db72-48c6-a54e-0fdff3a4721b,2026-08-03T19:30:00Z,2026-08-03T21:30:00+0200,0.0,EUR/MWh,ES,ES,imbalance_price,Long,2026-08-28T02:01:39Z
2026-08-28T01:53:23Z,2026-08-28T03:53:23+0200,565fb0ed-db72-48c6-a54e-0fdff3a4721b,2026-08-03T19:30:00Z,2026-08-03T21:30:00+0200,175.16,EUR/MWh,ES,ES,imbalance_price,Short,2026-08-28T02:01:39Z
2026-08-28T01:53:23Z,2026-08-28T03:53:23+0200,565fb0ed-db72-48c6-a54e-0fdff3a4721b,2026-08-03T19:45:00Z,2026-08-03T21:45:00+0200,0.0,EUR/MWh,ES,ES,imbalance_price,Long,2026-08-28T02:01:39Z
2026-08-28T01:53:23Z,2026-08-28T03:53:23+0200,565fb0ed-db72-48c6-a54e-0fdff3a4721b,2026-08-03T19:45:00Z,2026-08-03T21:45:00+0200,167.27,EUR/MWh,ES,ES,imbalance_price,Short,2026-08-28T02:01:39Z
2026-08-28T01:53:23Z,2026-08-28T03:53:23+0200,565fb0ed-db72-48c6-a54e-0fdff3a4721b,2026-08-03T20:00:00Z,2026-08-03T22:00:00+0200,0.0,EUR/MWh,ES,ES,imbalance_price,Long,2026-08-28T02:01:39Z
2026-08-28T01:53:23Z,2026-08-28T03:53:23+0200,565fb0ed-db72-48c6-a54e-0fdff3a4721b,2026-08-03T20:00:00Z,2026-08-03T22:00:00+0200,164.17,EUR/MWh,ES,ES,imbalance_price,Short,2026-08-28T02:01:39Z
2026-08-28T01:53:23Z,2026-08-28T03:53:23+0200,565fb0ed-db72-48c6-a54e-0fdff3a4721b,2026-08-03T20:15:00Z,2026-08-03T22:15:00+0200,155.21,EUR/MWh,ES,ES,imbalance_price,Long,2026-08-28T02:01:39Z
2026-08-28T01:53:23Z,2026-08-28T03:53:23+0200,565fb0ed-db72-48c6-a54e-0fdff3a4721b,2026-08-03T20:15:00Z,2026-08-03T22:15:00+0200,149.26,EUR/MWh,ES,ES,imbalance_price,Short,2026-08-28T02:01:39Z
2026-08-28T01:53:23Z,2026-08-28T03:53:23+0200,565fb0ed-db72-48c6-a54e-0fdff3a4721b,2026-08-03T20:30:00Z,2026-08-03T22:30:00+0200,71.14,EUR/MWh,ES,ES,imbalance_price,Long,2026-08-28T02:01:39Z
2026-08-28T01:53:23Z,2026-08-28T03:53:23+0200,565fb0ed-db72-48c6-a54e-0fdff3a4721b,2026-08-03T20:30:00Z,2026-08-03T22:30:00+0200,145.59,EUR/MWh,ES,ES,imbalance_price,Short,2026-08-28T02:01:39Z
2026-08-28T01:53:23Z,2026-08-28T03:53:23+0200,565fb0ed-db72-48c6-a54e-0fdff3a4721b,2026-08-03T20:45:00Z,2026-08-03T22:45:00+0200,138.25,EUR/MWh,ES,ES,imbalance_price,Long,2026-08-28T02:01:39Z
2026-08-28T01:53:23Z,2026-08-28T03:53:23+0200,565fb0ed-db72-48c6-a54e-0fdff3a4721b,2026-08-03T20:45:00Z,2026-08-03T22:45:00+0200,140.67,EUR/MWh,ES,ES,imbalance_price,Short,2026-08-28T02:01:39Z
2026-08-28T01:53:23Z,2026-08-28T03:53:23+0200,565fb0ed-db72-48c6-a54e-0fdff3a4721b,2026-08-03T21:00:00Z,2026-08-03T23:00:00+0200,20.55,EUR/MWh,ES,ES,imbalance_price,Long,2026-08-28T02:01:39Z
2026-08-28T01:53:23Z,2026-08-28T03:53:23+0200,565fb0ed-db72-48c6-a54e-0fdff3a4721b,2026-08-03T21:00:00Z,2026-08-03T23:00:00+0200,155.5,EUR/MWh,ES,ES,imbalance_price,Short,2026-08-28T02:01:39Z
2026-08-28T01:53:23Z,2026-08-28T03:53:23+0200,565fb0ed-db72-48c6-a54e-0fdff3a4721b,2026-08-03T21:15:00Z,2026-08-03T23:15:00+0200,86.14,EUR/MWh,ES,ES,imbalance_price,Long,2026-08-28T02:01:39Z
2026-08-28T01:53:23Z,2026-08-28T03:53:23+0200,565fb0ed-db72-48c6-a54e-0fdff3a4721b,2026-08-03T21:15:00Z,2026-08-03T23:15:00+0200,150.35,EUR/MWh,ES,ES,imbalance_price,Short,2026-08-28T02:01:39Z
2026-08-28T01:53:23Z,2026-08-28T03:53:23+0200,565fb0ed-db72-48c6-a54e-0fdff3a4721b,2026-08-03T21:30:00Z,2026-08-03T23:30:00+0200,144.59,EUR/MWh,ES,ES,imbalance_price,Long,2026-08-28T02:01:39Z
2026-08-28T01:53:23Z,2026-08-28T03:53:23+0200,565fb0ed-db72-48c6-a54e-0fdff3a4721b,2026-08-03T21:30:00Z,2026-08-03T23:30:00+0200,144.59,EUR/MWh,ES,ES,imbalance_price,Short,2026-08-28T02:01:39Z
2026-08-28T01:53:23Z,2026-08-28T03:53:23+0200,565fb0ed-db72-48c6-a54e-0fdff3a4721b,2026-08-03T21:45:00Z,2026-08-03T23:45:00+0200,118.4,EUR/MWh,ES,ES,imbalance_price,Long,2026-08-28T02:01:39Z
2026-08-28T01:53:23Z,2026-08-28T03:53:23+0200,565fb0ed-db72-48c6-a54e-0fdff3a4721b,2026-08-03T21:45:00Z,2026-08-03T23:45:00+0200,144.83,EUR/MWh,ES,ES,imbalance_price,Short,2026-08-28T02:01:39Z
2026-08-28T01:53:23Z,2026-08-28T03:53:23+0200,565fb0ed-db72-48c6-a54e-0fdff3a4721b,2026-08-03T22:00:00Z,2026-08-04T00:00:00+0200,110.93,EUR/MWh,ES,ES,imbalance_price,Long,2026-08-28T02:01:39Z
2026-08-28T01:53:23Z,2026-08-28T03:53:23+0200,565fb0ed-db72-48c6-a54e-0fdff3a4721b,2026-08-03T22:00:00Z,2026-08-04T00:00:00+0200,137.44,EUR/MWh,ES,ES,imbalance_price,Short,2026-08-28T02:01:39Z
2026-08-28T01:53:23Z,2026-08-28T03:53:23+0200,565fb0ed-db72-48c6-a54e-0fdff3a4721b,2026-08-03T22:15:00Z,2026-08-04T00:15:00+0200,118.34,EUR/MWh,ES,ES,imbalance_price,Long,2026-08-28T02:01:39Z
2026-08-28T01:53:23Z,2026-08-28T03:53:23+0200,565fb0ed-db72-48c6-a54e-0fdff3a4721b,2026-08-03T22:15:00Z,2026-08-04T00:15:00+0200,140.34,EUR/MWh,ES,ES,imbalance_price,Short,2026-08-28T02:01:39Z
2026-08-28T01:53:23Z,2026-08-28T03:53:23+0200,565fb0ed-db72-48c6-a54e-0fdff3a4721b,2026-08-03T22:30:00Z,2026-08-04T00:30:00+0200,141.59,EUR/MWh,ES,ES,imbalance_price,Long,2026-08-28T02:01:39Z
2026-08-28T01:53:23Z,2026-08-28T03:53:23+0200,565fb0ed-db72-48c6-a54e-0fdff3a4721b,2026-08-03T22:30:00Z,2026-08-04T00:30:00+0200,141.59,EUR/MWh,ES,ES,imbalance_price,Short,2026-08-28T02:01:39Z
2026-08-28T01:53:23Z,2026-08-28T03:53:23+0200,565fb0ed-db72-48c6-a54e-0fdff3a4721b,2026-08-03T22:45:00Z,2026-08-04T00:45:00+0200,153.25,EUR/MWh,ES,ES,imbalance_price,Long,2026-08-28T02:01:39Z
2026-08-28T01:53:23Z,2026-08-28T03:53:23+0200,565fb0ed-db72-48c6-a54e-0fdff3a4721b,2026-08-03T22:45:00Z,2026-08-04T00:45:00+0200,153.25,EUR/MWh,ES,ES,imbalance_price,Short,2026-08-28T02:01:39Z
2026-08-28T01:53:23Z,2026-08-28T03:53:23+0200,565fb0ed-db72-48c6-a54e-0fdff3a4721b,2026-08-03T23:00:00Z,2026-08-04T01:00:00+0200,151.42,EUR/MWh,ES,ES,imbalance_price,Long,2026-08-28T02:01:39Z
2026-08-28T01:53:23Z,2026-08-28T03:53:23+0200,565fb0ed-db72-48c6-a54e-0fdff3a4721b,2026-08-03T23:00:00Z,2026-08-04T01:00:00+0200,151.42,EUR/MWh,ES,ES,imbalance_price,Short,2026-08-28T02:01:39Z
2026-08-28T01:53:23Z,2026-08-28T03:53:23+0200,565fb0ed-db72-48c6-a54e-0fdff3a4721b,2026-08-03T23:15:00Z,2026-08-04T01:15:00+0200,84.41,EUR/MWh,ES,ES,imbalance_price,Long,2026-08-28T02:01:39Z
2026-08-28T01:53:23Z,2026-08-28T03:53:23+0200,565fb0ed-db72-48c6-a54e-0fdff3a4721b,2026-08-03T23:15:00Z,2026-08-04T01:15:00+0200,155.95,EUR/MWh,ES,ES,imbalance_price,Short,2026-08-28T02:01:39Z
2026-08-28T01:53:23Z,2026-08-28T03:53:23+0200,565fb0ed-db72-48c6-a54e-0fdff3a4721b,2026-08-03T23:30:00Z,2026-08-04T01:30:00+0200,94.34,EUR/MWh,ES,ES,imbalance_price,Long,2026-08-28T02:01:39Z
2026-08-28T01:53:23Z,2026-08-28T03:53:23+0200,565fb0ed-db72-48c6-a54e-0fdff3a4721b,2026-08-03T23:30:00Z,2026-08-04T01:30:00+0200,175.37,EUR/MWh,ES,ES,imbalance_price,Short,2026-08-28T02:01:39Z
2026-08-28T01:53:23Z,2026-08-28T03:53:23+0200,565fb0ed-db72-48c6-a54e-0fdff3a4721b,2026-08-03T23:45:00Z,2026-08-04T01:45:00+0200,117.14,EUR/MWh,ES,ES,imbalance_price,Long,2026-08-28T02:01:39Z
2026-08-28T01:53:23Z,2026-08-28T03:53:23+0200,565fb0ed-db72-48c6-a54e-0fdff3a4721b,2026-08-03T23:45:00Z,2026-08-04T01:45:00+0200,157.43,EUR/MWh,ES,ES,imbalance_price,Short,2026-08-28T02:01:39Z
2026-08-28T01:53:23Z,2026-08-28T03:53:23+0200,565fb0ed-db72-48c6-a54e-0fdff3a4721b,2026-08-04T00:00:00Z,2026-08-04T02:00:00+0200,181.2,EUR/MWh,ES,ES,imbalance_price,Long,2026-08-28T02:01:39Z
2026-08-28T01:53:23Z,2026-08-28T03:53:23+0200,565fb0ed-db72-48c6-a54e-0fdff3a4721b,2026-08-04T00:00:00Z,2026-08-04T02:00:00+0200,181.2,EUR/MWh,ES,ES,imbalance_price,Short,2026-08-28T02:01:39Z
2026-08-28T01:53:23Z,2026-08-28T03:53:23+0200,565fb0ed-db72-48c6-a54e-0fdff3a4721b,2026-08-04T00:15:00Z,2026-08-04T02:15:00+0200,24.64,EUR/MWh,ES,ES,imbalance_price,Long,2026-08-28T02:01:39Z
2026-08-28T01:53:23Z,2026-08-28T03:53:23+0200,565fb0ed-db72-48c6-a54e-0fdff3a4721b,2026-08-04T00:15:00Z,2026-08-04T02:15:00+0200,155.24,EUR/MWh,ES,ES,imbalance_price,Short,2026-08-28T02:01:39Z
2026-08-28T01:53:23Z,2026-08-28T03:53:23+0200,565fb0ed-db72-48c6-a54e-0fdff3a4721b,2026-08-04T00:30:00Z,2026-08-04T02:30:00+0200,123.66,EUR/MWh,ES,ES,imbalance_price,Long,2026-08-28T02:01:39Z
2026-08-28T01:53:23Z,2026-08-28T03:53:23+0200,565fb0ed-db72-48c6-a54e-0fdff3a4721b,2026-08-04T00:30:00Z,2026-08-04T02:30:00+0200,175.8,EUR/MWh,ES,ES,imbalance_price,Short,2026-08-28T02:01:39Z
2026-08-28T01:53:23Z,2026-08-28T03:53:23+0200,565fb0ed-db72-48c6-a54e-0fdff3a4721b,2026-08-04T00:45:00Z,2026-08-04T02:45:00+0200,157.79,EUR/MWh,ES,ES,imbalance_price,Long,2026-08-28T02:01:39Z
2026-08-28T01:53:23Z,2026-08-28T03:53:23+0200,565fb0ed-db72-48c6-a54e-0fdff3a4721b,2026-08-04T00:45:00Z,2026-08-04T02:45:00+0200,157.79,EUR/MWh,ES,ES,imbalance_price,Short,2026-08-28T02:01:39Z
2026-08-28T01:53:23Z,2026-08-28T03:53:23+0200,565fb0ed-db72-48c6-a54e-0fdff3a4721b,2026-08-04T01:00:00Z,2026-08-04T03:00:00+0200,170.48,EUR/MWh,ES,ES,imbalance_price,Long,2026-08-28T02:01:39Z
2026-08-28T01:53:23Z,2026-08-28T03:53:23+0200,565fb0ed-db72-48c6-a54e-0fdff3a4721b,2026-08-04T01:00:00Z,2026-08-04T03:00:00+0200,170.48,EUR/MWh,ES,ES,imbalance_price,Short,2026-08-28T02:01:39Z
2026-08-28T01:53:23Z,2026-08-28T03:53:23+0200,565fb0ed-db72-48c6-a54e-0fdff3a4721b,2026-08-04T01:15:00Z,2026-08-04T03:15:00+0200,169.76,EUR/MWh,ES,ES,imbalance_price,Long,2026-08-28T02:01:39Z
2026-08-28T01:53:23Z,2026-08-28T03:53:23+0200,565fb0ed-db72-48c6-a54e-0fdff3a4721b,2026-08-04T01:15:00Z,2026-08-04T03:15:00+0200,169.76,EUR/MWh,ES,ES,imbalance_price,Short,2026-08-28T02:01:39Z
2026-08-28T01:53:23Z,2026-08-28T03:53:23+0200,565fb0ed-db72-48c6-a54e-0fdff3a4721b,2026-08-04T01:30:00Z,2026-08-04T03:30:00+0200,102.73,EUR/MWh,ES,ES,imbalance_price,Long,2026-08-28T02:01:39Z
2026-08-28T01:53:23Z,2026-08-28T03:53:23+0200,565fb0ed-db72-48c6-a54e-0fdff3a4721b,2026-08-04T01:30:00Z,2026-08-04T03:30:00+0200,165.35,EUR/MWh,ES,ES,imbalance_price,Short,2026-08-28T02:01:39Z
2026-08-28T01:53:23Z,2026-08-28T03:53:23+0200,565fb0ed-db72-48c6-a54e-0fdff3a4721b,2026-08-04T01:45:00Z,2026-08-04T03:45:00+0200,122.14,EUR/MWh,ES,ES,imbalance_price,Long,2026-08-28T02:01:39Z
2026-08-28T01:53:23Z,2026-08-28T03:53:23+0200,565fb0ed-db72-48c6-a54e-0fdff3a4721b,2026-08-04T01:45:00Z,2026-08-04T03:45:00+0200,165.0,EUR/MWh,ES,ES,imbalance_price,Short,2026-08-28T02:01:39Z
2026-08-28T01:53:23Z,2026-08-28T03:53:23+0200,565fb0ed-db72-48c6-a54e-0fdff3a4721b,2026-08-04T02:00:00Z,2026-08-04T04:00:00+0200,122.74,EUR/MWh,ES,ES,imbalance_price,Long,2026-08-28T02:01:39Z
2026-08-28T01:53:23Z,2026-08-28T03:53:23+0200,565fb0ed-db72-48c6-a54e-0fdff3a4721b,2026-08-04T02:00:00Z,2026-08-04T04:00:00+0200,165.3,EUR/MWh,ES,ES,imbalance_price,Short,2026-08-28T02:01:39Z
2026-08-28T01:53:23Z,2026-08-28T03:53:23+0200,565fb0ed-db72-48c6-a54e-0fdff3a4721b,2026-08-04T02:15:00Z,2026-08-04T04:15:00+0200,157.04,EUR/MWh,ES,ES,imbalance_price,Long,2026-08-28T02:01:39Z
2026-08-28T01:53:23Z,2026-08-28T03:53:23+0200,565fb0ed-db72-48c6-a54e-0fdff3a4721b,2026-08-04T02:15:00Z,2026-08-04T04:15:00+0200,157.04,EUR/MWh,ES,ES,imbalance_price,Short,2026-08-28T02:01:39Z
2026-08-28T01:53:23Z,2026-08-28T03:53:23+0200,565fb0ed-db72-48c6-a54e-0fdff3a4721b,2026-08-04T02:30:00Z,2026-08-04T04:30:00+0200,147.27,EUR/MWh,ES,ES,imbalance_price,Long,2026-08-28T02:01:39Z
2026-08-28T01:53:23Z,2026-08-28T03:53:23+0200,565fb0ed-db72-48c6-a54e-0fdff3a4721b,2026-08-04T02:30:00Z,2026-08-04T04:30:00+0200,147.27,EUR/MWh,ES,ES,imbalance_price,Short,2026-08-28T02:01:39Z
2026-08-28T01:53:23Z,2026-08-28T03:53:23+0200,565fb0ed-db72-48c6-a54e-0fdff3a4721b,2026-08-04T02:45:00Z,2026-08-04T04:45:00+0200,90.24,EUR/MWh,ES,ES,imbalance_price,Long,2026-08-28T02:01:39Z
2026-08-28T01:53:23Z,2026-08-28T03:53:23+0200,565fb0ed-db72-48c6-a54e-0fdff3a4721b,2026-08-04T02:45:00Z,2026-08-04T04:45:00+0200,139.01,EUR/MWh,ES,ES,imbalance_price,Short,2026-08-28T02:01:39Z
2026-08-28T01:53:23Z,2026-08-28T03:53:23+0200,565fb0ed-db72-48c6-a54e-0fdff3a4721b,2026-08-04T03:00:00Z,2026-08-04T05:00:00+0200,64.49,EUR/MWh,ES,ES,imbalance_price,Long,2026-08-28T02:01:39Z
2026-08-28T01:53:23Z,2026-08-28T03:53:23+0200,565fb0ed-db72-48c6-a54e-0fdff3a4721b,2026-08-04T03:00:00Z,2026-08-04T05:00:00+0200,166.23,EUR/MWh,ES,ES,imbalance_price,Short,2026-08-28T02:01:39Z
2026-08-28T01:53:23Z,2026-08-28T03:53:23+0200,565fb0ed-db72-48c6-a54e-0fdff3a4721b,2026-08-04T03:15:00Z,2026-08-04T05:15:00+0200,77.9,EUR/MWh,ES,ES,imbalance_price,Long,2026-08-28T02:01:39Z
2026-08-28T01:53:23Z,2026-08-28T03:53:23+0200,565fb0ed-db72-48c6-a54e-0fdff3a4721b,2026-08-04T03:15:00Z,2026-08-04T05:15:00+0200,171.18,EUR/MWh,ES,ES,imbalance_price,Short,2026-08-28T02:01:39Z
2026-08-28T01:53:23Z,2026-08-28T03:53:23+0200,565fb0ed-db72-48c6-a54e-0fdff3a4721b,2026-08-04T03:30:00Z,2026-08-04T05:30:00+0200,111.49,EUR/MWh,ES,ES,imbalance_price,Long,2026-08-28T02:01:39Z
2026-08-28T01:53:23Z,2026-08-28T03:53:23+0200,565fb0ed-db72-48c6-a54e-0fdff3a4721b,2026-08-04T03:30:00Z,2026-08-04T05:30:00+0200,138.34,EUR/MWh,ES,ES,imbalance_price,Short,2026-08-28T02:01:39Z
2026-08-28T01:53:23Z,2026-08-28T03:53:23+0200,565fb0ed-db72-48c6-a54e-0fdff3a4721b,2026-08-04T03:45:00Z,2026-08-04T05:45:00+0200,98.12,EUR/MWh,ES,ES,imbalance_price,Long,2026-08-28T02:01:39Z
2026-08-28T01:53:23Z,2026-08-28T03:53:23+0200,565fb0ed-db72-48c6-a54e-0fdff3a4721b,2026-08-04T03:45:00Z,2026-08-04T05:45:00+0200,146.63,EUR/MWh,ES,ES,imbalance_price,Short,2026-08-28T02:01:39Z
2026-08-28T01:53:23Z,2026-08-28T03:53:23+0200,565fb0ed-db72-48c6-a54e-0fdff3a4721b,2026-08-04T04:00:00Z,2026-08-04T06:00:00+0200,125.11,EUR/MWh,ES,ES,imbalance_price,Long,2026-08-28T02:01:39Z
2026-08-28T01:53:23Z,2026-08-28T03:53:23+0200,565fb0ed-db72-48c6-a54e-0fdff3a4721b,2026-08-04T04:00:00Z,2026-08-04T06:00:00+0200,142.28,EUR/MWh,ES,ES,imbalance_price,Short,2026-08-28T02:01:39Z
2026-08-28T01:53:23Z,2026-08-28T03:53:23+0200,565fb0ed-db72-48c6-a54e-0fdff3a4721b,2026-08-04T04:15:00Z,2026-08-04T06:15:00+0200,118.34,EUR/MWh,ES,ES,imbalance_price,Long,2026-08-28T02:01:39Z
2026-08-28T01:53:23Z,2026-08-28T03:53:23+0200,565fb0ed-db72-48c6-a54e-0fdff3a4721b,2026-08-04T04:15:00Z,2026-08-04T06:15:00+0200,145.42,EUR/MWh,ES,ES,imbalance_price,Short,2026-08-28T02:01:39Z
2026-08-28T01:53:23Z,2026-08-28T03:53:23+0200,565fb0ed-db72-48c6-a54e-0fdff3a4721b,2026-08-04T04:30:00Z,2026-08-04T06:30:00+0200,121.85,EUR/MWh,ES,ES,imbalance_price,Long,2026-08-28T02:01:39Z
2026-08-28T01:53:23Z,2026-08-28T03:53:23+0200,565fb0ed-db72-48c6-a54e-0fdff3a4721b,2026-08-04T04:30:00Z,2026-08-04T06:30:00+0200,154.39,EUR/MWh,ES,ES,imbalance_price,Short,2026-08-28T02:01:39Z
2026-08-28T01:53:23Z,2026-08-28T03:53:23+0200,565fb0ed-db72-48c6-a54e-0fdff3a4721b,2026-08-04T04:45:00Z,2026-08-04T06:45:00+0200,111.7,EUR/MWh,ES,ES,imbalance_price,Long,2026-08-28T02:01:39Z
2026-08-28T01:53:23Z,2026-08-28T03:53:23+0200,565fb0ed-db72-48c6-a54e-0fdff3a4721b,2026-08-04T04:45:00Z,2026-08-04T06:45:00+0200,171.12,EUR/MWh,ES,ES,imbalance_price,Short,2026-08-28T02:01:39Z
2026-08-28T01:53:23Z,2026-08-28T03:53:23+0200,565fb0ed-db72-48c6-a54e-0fdff3a4721b,2026-08-04T05:00:00Z,2026-08-04T07:00:00+0200,26.67,EUR/MWh,ES,ES,imbalance_price,Long,2026-08-28T02:01:39Z
2026-08-28T01:53:23Z,2026-08-28T03:53:23+0200,565fb0ed-db72-48c6-a54e-0fdff3a4721b,2026-08-04T05:00:00Z,2026-08-04T07:00:00+0200,156.51,EUR/MWh,ES,ES,imbalance_price,Short,2026-08-28T02:01:39Z
2026-08-28T01:53:23Z,2026-08-28T03:53:23+0200,565fb0ed-db72-48c6-a54e-0fdff3a4721b,2026-08-04T05:15:00Z,2026-08-04T07:15:00+0200,0.0,EUR/MWh,ES,ES,imbalance_price,Long,2026-08-28T02:01:39Z
2026-08-28T01:53:23Z,2026-08-28T03:53:23+0200,565fb0ed-db72-48c6-a54e-0fdff3a4721b,2026-08-04T05:15:00Z,2026-08-04T07:15:00+0200,165.81,EUR/MWh,ES,ES,imbalance_price,Short,2026-08-28T02:01:39Z
2026-08-28T01:53:23Z,2026-08-28T03:53:23+0200,565fb0ed-db72-48c6-a54e-0fdff3a4721b,2026-08-04T05:30:00Z,2026-08-04T07:30:00+0200,128.13,EUR/MWh,ES,ES,imbalance_price,Long,2026-08-28T02:01:39Z
2026-08-28T01:53:23Z,2026-08-28T03:53:23+0200,565fb0ed-db72-48c6-a54e-0fdff3a4721b,2026-08-04T05:30:00Z,2026-08-04T07:30:00+0200,175.6,EUR/MWh,ES,ES,imbalance_price,Short,2026-08-28T02:01:39Z
2026-08-28T01:53:23Z,2026-08-28T03:53:23+0200,565fb0ed-db72-48c6-a54e-0fdff3a4721b,2026-08-04T05:45:00Z,2026-08-04T07:45:00+0200,116.66,EUR/MWh,ES,ES,imbalance_price,Long,2026-08-28T02:01:39Z
2026-08-28T01:53:23Z,2026-08-28T03:53:23+0200,565fb0ed-db72-48c6-a54e-0fdff3a4721b,2026-08-04T05:45:00Z,2026-08-04T07:45:00+0200,182.68,EUR/MWh,ES,ES,imbalance_price,Short,2026-08-28T02:01:39Z
2026-08-28T01:53:23Z,2026-08-28T03:53:23+0200,565fb0ed-db72-48c6-a54e-0fdff3a4721b,2026-08-04T06:00:00Z,2026-08-04T08:00:00+0200,115.41,EUR/MWh,ES,ES,imbalance_price,Long,2026-08-28T02:01:39Z
2026-08-28T01:53:23Z,2026-08-28T03:53:23+0200,565fb0ed-db72-48c6-a54e-0fdff3a4721b,2026-08-04T06:00:00Z,2026-08-04T08:00:00+0200,175.14,EUR/MWh,ES,ES,imbalance_price,Short,2026-08-28T02:01:39Z
2026-08-28T01:53:23Z,2026-08-28T03:53:23+0200,565fb0ed-db72-48c6-a54e-0fdff3a4721b,2026-08-04T06:15:00Z,2026-08-04T08:15:00+0200,134.64,EUR/MWh,ES,ES,imbalance_price,Long,2026-08-28T02:01:39Z
2026-08-28T01:53:23Z,2026-08-28T03:53:23+0200,565fb0ed-db72-48c6-a54e-0fdff3a4721b,2026-08-04T06:15:00Z,2026-08-04T08:15:00+0200,194.03,EUR/MWh,ES,ES,imbalance_price,Short,2026-08-28T02:01:39Z
2026-08-28T01:53:23Z,2026-08-28T03:53:23+0200,565fb0ed-db72-48c6-a54e-0fdff3a4721b,2026-08-04T06:30:00Z,2026-08-04T08:30:00+0200,115.68,EUR/MWh,ES,ES,imbalance_price,Long,2026-08-28T02:01:39Z
2026-08-28T01:53:23Z,2026-08-28T03:53:23+0200,565fb0ed-db72-48c6-a54e-0fdff3a4721b,2026-08-04T06:30:00Z,2026-08-04T08:30:00+0200,187.91,EUR/MWh,ES,ES,imbalance_price,Short,2026-08-28T02:01:39Z
2026-08-28T01:53:23Z,2026-08-28T03:53:23+0200,565fb0ed-db72-48c6-a54e-0fdff3a4721b,2026-08-04T06:45:00Z,2026-08-04T08:45:00+0200,101.76,EUR/MWh,ES,ES,imbalance_price,Long,2026-08-28T02:01:39Z
2026-08-28T01:53:23Z,2026-08-28T03:53:23+0200,565fb0ed-db72-48c6-a54e-0fdff3a4721b,2026-08-04T06:45:00Z,2026-08-04T08:45:00+0200,168.46,EUR/MWh,ES,ES,imbalance_price,Short,2026-08-28T02:01:39Z
2026-08-28T01:53:23Z,2026-08-28T03:53:23+0200,565fb0ed-db72-48c6-a54e-0fdff3a4721b,2026-08-04T07:00:00Z,2026-08-04T09:00:00+0200,67.85,EUR/MWh,ES,ES,imbalance_price,Long,2026-08-28T02:01:39Z
2026-08-28T01:53:23Z,2026-08-28T03:53:23+0200,565fb0ed-db72-48c6-a54e-0fdff3a4721b,2026-08-04T07:00:00Z,2026-08-04T09:00:00+0200,171.65,EUR/MWh,ES,ES,imbalance_price,Short,2026-08-28T02:01:39Z
2026-08-28T01:53:23Z,2026-08-28T03:53:23+0200,565fb0ed-db72-48c6-a54e-0fdff3a4721b,2026-08-04T07:15:00Z,2026-08-04T09:15:00+0200,78.57,EUR/MWh,ES,ES,imbalance_price,Long,2026-08-28T02:01:39Z
2026-08-28T01:53:23Z,2026-08-28T03:53:23+0200,565fb0ed-db72-48c6-a54e-0fdff3a4721b,2026-08-04T07:15:00Z,2026-08-04T09:15:00+0200,153.57,EUR/MWh,ES,ES,imbalance_price,Short,2026-08-28T02:01:39Z
2026-08-28T01:53:23Z,2026-08-28T03:53:23+0200,565fb0ed-db72-48c6-a54e-0fdff3a4721b,2026-08-04T07:30:00Z,2026-08-04T09:30:00+0200,58.99,EUR/MWh,ES,ES,imbalance_price,Long,2026-08-28T02:01:39Z
2026-08-28T01:53:23Z,2026-08-28T03:53:23+0200,565fb0ed-db72-48c6-a54e-0fdff3a4721b,2026-08-04T07:30:00Z,2026-08-04T09:30:00+0200,130.27,EUR/MWh,ES,ES,imbalance_price,Short,2026-08-28T02:01:39Z
2026-08-28T01:53:23Z,2026-08-28T03:53:23+0200,565fb0ed-db72-48c6-a54e-0fdff3a4721b,2026-08-04T07:45:00Z,2026-08-04T09:45:00+0200,39.29,EUR/MWh,ES,ES,imbalance_price,Long,2026-08-28T02:01:39Z
2026-08-28T01:53:23Z,2026-08-28T03:53:23+0200,565fb0ed-db72-48c6-a54e-0fdff3a4721b,2026-08-04T07:45:00Z,2026-08-04T09:45:00+0200,39.29,EUR/MWh,ES,ES,imbalance_price,Short,2026-08-28T02:01:39Z
2026-08-28T01:53:23Z,2026-08-28T03:53:23+0200,565fb0ed-db72-48c6-a54e-0fdff3a4721b,2026-08-04T08:00:00Z,2026-08-04T10:00:00+0200,1.56,EUR/MWh,ES,ES,imbalance_price,Long,2026-08-28T02:01:39Z
2026-08-28T01:53:23Z,2026-08-28T03:53:23+0200,565fb0ed-db72-48c6-a54e-0fdff3a4721b,2026-08-04T08:00:00Z,2026-08-04T10:00:00+0200,131.67,EUR/MWh,ES,ES,imbalance_price,Short,2026-08-28T02:01:39Z
2026-08-28T01:53:23Z,2026-08-28T03:53:23+0200,565fb0ed-db72-48c6-a54e-0fdff3a4721b,2026-08-04T08:15:00Z,2026-08-04T10:15:00+0200,27.58,EUR/MWh,ES,ES,imbalance_price,Long,2026-08-28T02:01:39Z
2026-08-28T01:53:23Z,2026-08-28T03:53:23+0200,565fb0ed-db72-48c6-a54e-0fdff3a4721b,2026-08-04T08:15:00Z,2026-08-04T10:15:00+0200,27.58,EUR/MWh,ES,ES,imbalance_price,Short,2026-08-28T02:01:39Z
2026-08-28T01:53:23Z,2026-08-28T03:53:23+0200,565fb0ed-db72-48c6-a54e-0fdff3a4721b,2026-08-04T08:30:00Z,2026-08-04T10:30:00+0200,-0.06,EUR/MWh,ES,ES,imbalance_price,Long,2026-08-28T02:01:39Z
2026-08-28T01:53:23Z,2026-08-28T03:53:23+0200,565fb0ed-db72-48c6-a54e-0fdff3a4721b,2026-08-04T08:30:00Z,2026-08-04T10:30:00+0200,70.38,EUR/MWh,ES,ES,imbalance_price,Short,2026-08-28T02:01:39Z
2026-08-28T01:53:23Z,2026-08-28T03:53:23+0200,565fb0ed-db72-48c6-a54e-0fdff3a4721b,2026-08-04T08:45:00Z,2026-08-04T10:45:00+0200,29.06,EUR/MWh,ES,ES,imbalance_price,Long,2026-08-28T02:01:39Z
2026-08-28T01:53:23Z,2026-08-28T03:53:23+0200,565fb0ed-db72-48c6-a54e-0fdff3a4721b,2026-08-04T08:45:00Z,2026-08-04T10:45:00+0200,67.58,EUR/MWh,ES,ES,imbalance_price,Short,2026-08-28T02:01:39Z
2026-08-28T01:53:23Z,2026-08-28T03:53:23+0200,565fb0ed-db72-48c6-a54e-0fdff3a4721b,2026-08-04T09:00:00Z,2026-08-04T11:00:00+0200,-1.79,EUR/MWh,ES,ES,imbalance_price,Long,2026-08-28T02:01:39Z
2026-08-28T01:53:23Z,2026-08-28T03:53:23+0200,565fb0ed-db72-48c6-a54e-0fdff3a4721b,2026-08-04T09:00:00Z,2026-08-04T11:00:00+0200,0.0,EUR/MWh,ES,ES,imbalance_price,Short,2026-08-28T02:01:39Z
2026-08-28T01:53:23Z,2026-08-28T03:53:23+0200,565fb0ed-db72-48c6-a54e-0fdff3a4721b,2026-08-04T09:15:00Z,2026-08-04T11:15:00+0200,-6.23,EUR/MWh,ES,ES,imbalance_price,Long,2026-08-28T02:01:39Z
2026-08-28T01:53:23Z,2026-08-28T03:53:23+0200,565fb0ed-db72-48c6-a54e-0fdff3a4721b,2026-08-04T09:15:00Z,2026-08-04T11:15:00+0200,0.0,EUR/MWh,ES,ES,imbalance_price,Short,2026-08-28T02:01:39Z
2026-08-28T01:53:23Z,2026-08-28T03:53:23+0200,565fb0ed-db72-48c6-a54e-0fdff3a4721b,2026-08-04T09:30:00Z,2026-08-04T11:30:00+0200,-0.28,EUR/MWh,ES,ES,imbalance_price,Long,2026-08-28T02:01:39Z
2026-08-28T01:53:23Z,2026-08-28T03:53:23+0200,565fb0ed-db72-48c6-a54e-0fdff3a4721b,2026-08-04T09:30:00Z,2026-08-04T11:30:00+0200,-0.28,EUR/MWh,ES,ES,imbalance_price,Short,2026-08-28T02:01:39Z
2026-08-28T01:53:23Z,2026-08-28T03:53:23+0200,565fb0ed-db72-48c6-a54e-0fdff3a4721b,2026-08-04T09:45:00Z,2026-08-04T11:45:00+0200,-1.04,EUR/MWh,ES,ES,imbalance_price,Long,2026-08-28T02:01:39Z
2026-08-28T01:53:23Z,2026-08-28T03:53:23+0200,565fb0ed-db72-48c6-a54e-0fdff3a4721b,2026-08-04T09:45:00Z,2026-08-04T11:45:00+0200,-1.04,EUR/MWh,ES,ES,imbalance_price,Short,2026-08-28T02:01:39Z
2026-08-28T01:53:23Z,2026-08-28T03:53:23+0200,565fb0ed-db72-48c6-a54e-0fdff3a4721b,2026-08-04T10:00:00Z,2026-08-04T12:00:00+0200,0.1,EUR/MWh,ES,ES,imbalance_price,Long,2026-08-28T02:01:39Z
2026-08-28T01:53:23Z,2026-08-28T03:53:23+0200,565fb0ed-db72-48c6-a54e-0fdff3a4721b,2026-08-04T10:00:00Z,2026-08-04T12:00:00+0200,0.1,EUR/MWh,ES,ES,imbalance_price,Short,2026-08-28T02:01:39Z
2026-08-28T01:53:23Z,2026-08-28T03:53:23+0200,565fb0ed-db72-48c6-a54e-0fdff3a4721b,2026-08-04T10:15:00Z,2026-08-04T12:15:00+0200,0.03,EUR/MWh,ES,ES,imbalance_price,Long,2026-08-28T02:01:39Z
2026-08-28T01:53:23Z,2026-08-28T03:53:23+0200,565fb0ed-db72-48c6-a54e-0fdff3a4721b,2026-08-04T10:15:00Z,2026-08-04T12:15:00+0200,0.03,EUR/MWh,ES,ES,imbalance_price,Short,2026-08-28T02:01:39Z
2026-08-28T01:53:23Z,2026-08-28T03:53:23+0200,565fb0ed-db72-48c6-a54e-0fdff3a4721b,2026-08-04T10:30:00Z,2026-08-04T12:30:00+0200,0.16,EUR/MWh,ES,ES,imbalance_price,Long,2026-08-28T02:01:39Z
2026-08-28T01:53:23Z,2026-08-28T03:53:23+0200,565fb0ed-db72-48c6-a54e-0fdff3a4721b,2026-08-04T10:30:00Z,2026-08-04T12:30:00+0200,107.41,EUR/MWh,ES,ES,imbalance_price,Short,2026-08-28T02:01:39Z
2026-08-28T01:53:23Z,2026-08-28T03:53:23+0200,565fb0ed-db72-48c6-a54e-0fdff3a4721b,2026-08-04T10:45:00Z,2026-08-04T12:45:00+0200,-0.1,EUR/MWh,ES,ES,imbalance_price,Long,2026-08-28T02:01:39Z
2026-08-28T01:53:23Z,2026-08-28T03:53:23+0200,565fb0ed-db72-48c6-a54e-0fdff3a4721b,2026-08-04T10:45:00Z,2026-08-04T12:45:00+0200,118.94,EUR/MWh,ES,ES,imbalance_price,Short,2026-08-28T02:01:39Z
2026-08-28T01:53:23Z,2026-08-28T03:53:23+0200,565fb0ed-db72-48c6-a54e-0fdff3a4721b,2026-08-04T11:00:00Z,2026-08-04T13:00:00+0200,-0.55,EUR/MWh,ES,ES,imbalance_price,Long,2026-08-28T02:01:39Z
2026-08-28T01:53:23Z,2026-08-28T03:53:23+0200,565fb0ed-db72-48c6-a54e-0fdff3a4721b,2026-08-04T11:00:00Z,2026-08-04T13:00:00+0200,-0.55,EUR/MWh,ES,ES,imbalance_price,Short,2026-08-28T02:01:39Z
2026-08-28T01:53:23Z,2026-08-28T03:53:23+0200,565fb0ed-db72-48c6-a54e-0fdff3a4721b,2026-08-04T11:15:00Z,2026-08-04T13:15:00+0200,-3.8,EUR/MWh,ES,ES,imbalance_price,Long,2026-08-28T02:01:39Z
2026-08-28T01:53:23Z,2026-08-28T03:53:23+0200,565fb0ed-db72-48c6-a54e-0fdff3a4721b,2026-08-04T11:15:00Z,2026-08-04T13:15:00+0200,104.36,EUR/MWh,ES,ES,imbalance_price,Short,2026-08-28T02:01:39Z
2026-08-28T01:53:23Z,2026-08-28T03:53:23+0200,565fb0ed-db72-48c6-a54e-0fdff3a4721b,2026-08-04T11:30:00Z,2026-08-04T13:30:00+0200,-1.66,EUR/MWh,ES,ES,imbalance_price,Long,2026-08-28T02:01:39Z
2026-08-28T01:53:23Z,2026-08-28T03:53:23+0200,565fb0ed-db72-48c6-a54e-0fdff3a4721b,2026-08-04T11:30:00Z,2026-08-04T13:30:00+0200,107.65,EUR/MWh,ES,ES,imbalance_price,Short,2026-08-28T02:01:39Z
2026-08-28T01:53:23Z,2026-08-28T03:53:23+0200,565fb0ed-db72-48c6-a54e-0fdff3a4721b,2026-08-04T11:45:00Z,2026-08-04T13:45:00+0200,0.16,EUR/MWh,ES,ES,imbalance_price,Long,2026-08-28T02:01:39Z
2026-08-28T01:53:23Z,2026-08-28T03:53:23+0200,565fb0ed-db72-48c6-a54e-0fdff3a4721b,2026-08-04T11:45:00Z,2026-08-04T13:45:00+0200,88.62,EUR/MWh,ES,ES,imbalance_price,Short,2026-08-28T02:01:39Z
2026-08-28T01:53:23Z,2026-08-28T03:53:23+0200,565fb0ed-db72-48c6-a54e-0fdff3a4721b,2026-08-04T12:00:00Z,2026-08-04T14:00:00+0200,1.23,EUR/MWh,ES,ES,imbalance_price,Long,2026-08-28T02:01:39Z
2026-08-28T01:53:23Z,2026-08-28T03:53:23+0200,565fb0ed-db72-48c6-a54e-0fdff3a4721b,2026-08-04T12:00:00Z,2026-08-04T14:00:00+0200,0.0,EUR/MWh,ES,ES,imbalance_price,Short,2026-08-28T02:01:39Z
2026-08-28T01:53:23Z,2026-08-28T03:53:23+0200,565fb0ed-db72-48c6-a54e-0fdff3a4721b,2026-08-04T12:15:00Z,2026-08-04T14:15:00+0200,1.83,EUR/MWh,ES,ES,imbalance_price,Long,2026-08-28T02:01:39Z
2026-08-28T01:53:23Z,2026-08-28T03:53:23+0200,565fb0ed-db72-48c6-a54e-0fdff3a4721b,2026-08-04T12:15:00Z,2026-08-04T14:15:00+0200,13.33,EUR/MWh,ES,ES,imbalance_price,Short,2026-08-28T02:01:39Z
2026-08-28T01:53:23Z,2026-08-28T03:53:23+0200,565fb0ed-db72-48c6-a54e-0fdff3a4721b,2026-08-04T12:30:00Z,2026-08-04T14:30:00+0200,9.15,EUR/MWh,ES,ES,imbalance_price,Long,2026-08-28T02:01:39Z
2026-08-28T01:53:23Z,2026-08-28T03:53:23+0200,565fb0ed-db72-48c6-a54e-0fdff3a4721b,2026-08-04T12:30:00Z,2026-08-04T14:30:00+0200,9.15,EUR/MWh,ES,ES,imbalance_price,Short,2026-08-28T02:01:39Z
2026-08-28T01:53:23Z,2026-08-28T03:53:23+0200,565fb0ed-db72-48c6-a54e-0fdff3a4721b,2026-08-04T12:45:00Z,2026-08-04T14:45:00+0200,13.7,EUR/MWh,ES,ES,imbalance_price,Long,2026-08-28T02:01:39Z
2026-08-28T01:53:23Z,2026-08-28T03:53:23+0200,565fb0ed-db72-48c6-a54e-0fdff3a4721b,2026-08-04T12:45:00Z,2026-08-04T14:45:00+0200,13.7,EUR/MWh,ES,ES,imbalance_price,Short,2026-08-28T02:01:39Z
2026-08-28T01:53:23Z,2026-08-28T03:53:23+0200,565fb0ed-db72-48c6-a54e-0fdff3a4721b,2026-08-04T13:00:00Z,2026-08-04T15:00:00+0200,-0.37,EUR/MWh,ES,ES,imbalance_price,Long,2026-08-28T02:01:39Z
2026-08-28T01:53:23Z,2026-08-28T03:53:23+0200,565fb0ed-db72-48c6-a54e-0fdff3a4721b,2026-08-04T13:00:00Z,2026-08-04T15:00:00+0200,146.38,EUR/MWh,ES,ES,imbalance_price,Short,2026-08-28T02:01:39Z
2026-08-28T01:53:23Z,2026-08-28T03:53:23+0200,565fb0ed-db72-48c6-a54e-0fdff3a4721b,2026-08-04T13:15:00Z,2026-08-04T15:15:00+0200,0.15,EUR/MWh,ES,ES,imbalance_price,Long,2026-08-28T02:01:39Z
2026-08-28T01:53:23Z,2026-08-28T03:53:23+0200,565fb0ed-db72-48c6-a54e-0fdff3a4721b,2026-08-04T13:15:00Z,2026-08-04T15:15:00+0200,121.82,EUR/MWh,ES,ES,imbalance_price,Short,2026-08-28T02:01:39Z
2026-08-28T01:53:23Z,2026-08-28T03:53:23+0200,565fb0ed-db72-48c6-a54e-0fdff3a4721b,2026-08-04T13:30:00Z,2026-08-04T15:30:00+0200,0.35,EUR/MWh,ES,ES,imbalance_price,Long,2026-08-28T02:01:39Z
2026-08-28T01:53:23Z,2026-08-28T03:53:23+0200,565fb0ed-db72-48c6-a54e-0fdff3a4721b,2026-08-04T13:30:00Z,2026-08-04T15:30:00+0200,27.34,EUR/MWh,ES,ES,imbalance_price,Short,2026-08-28T02:01:39Z
2026-08-28T01:53:23Z,2026-08-28T03:53:23+0200,565fb0ed-db72-48c6-a54e-0fdff3a4721b,2026-08-04T13:45:00Z,2026-08-04T15:45:00+0200,0.23,EUR/MWh,ES,ES,imbalance_price,Long,2026-08-28T02:01:39Z
2026-08-28T01:53:23Z,2026-08-28T03:53:23+0200,565fb0ed-db72-48c6-a54e-0fdff3a4721b,2026-08-04T13:45:00Z,2026-08-04T15:45:00+0200,0.23,EUR/MWh,ES,ES,imbalance_price,Short,2026-08-28T02:01:39Z
2026-08-28T01:53:23Z,2026-08-28T03:53:23+0200,565fb0ed-db72-48c6-a54e-0fdff3a4721b,2026-08-04T14:00:00Z,2026-08-04T16:00:00+0200,-1.83,EUR/MWh,ES,ES,imbalance_price,Long,2026-08-28T02:01:39Z
2026-08-28T01:53:23Z,2026-08-28T03:53:23+0200,565fb0ed-db72-48c6-a54e-0fdff3a4721b,2026-08-04T14:00:00Z,2026-08-04T16:00:00+0200,-1.83,EUR/MWh,ES,ES,imbalance_price,Short,2026-08-28T02:01:39Z
2026-08-28T01:53:23Z,2026-08-28T03:53:23+0200,565fb0ed-db72-48c6-a54e-0fdff3a4721b,2026-08-04T14:15:00Z,2026-08-04T16:15:00+0200,-2.91,EUR/MWh,ES,ES,imbalance_price,Long,2026-08-28T02:01:39Z
2026-08-28T01:53:23Z,2026-08-28T03:53:23+0200,565fb0ed-db72-48c6-a54e-0fdff3a4721b,2026-08-04T14:15:00Z,2026-08-04T16:15:00+0200,-2.91,EUR/MWh,ES,ES,imbalance_price,Short,2026-08-28T02:01:39Z
2026-08-28T01:53:23Z,2026-08-28T03:53:23+0200,565fb0ed-db72-48c6-a54e-0fdff3a4721b,2026-08-04T14:30:00Z,2026-08-04T16:30:00+0200,-4.91,EUR/MWh,ES,ES,imbalance_price,Long,2026-08-28T02:01:39Z
2026-08-28T01:53:23Z,2026-08-28T03:53:23+0200,565fb0ed-db72-48c6-a54e-0fdff3a4721b,2026-08-04T14:30:00Z,2026-08-04T16:30:00+0200,-4.91,EUR/MWh,ES,ES,imbalance_price,Short,2026-08-28T02:01:39Z
2026-08-28T01:53:23Z,2026-08-28T03:53:23+0200,565fb0ed-db72-48c6-a54e-0fdff3a4721b,2026-08-04T14:45:00Z,2026-08-04T16:45:00+0200,-1.2,EUR/MWh,ES,ES,imbalance_price,Long,2026-08-28T02:01:39Z
2026-08-28T01:53:23Z,2026-08-28T03:53:23+0200,565fb0ed-db72-48c6-a54e-0fdff3a4721b,2026-08-04T14:45:00Z,2026-08-04T16:45:00+0200,-1.2,EUR/MWh,ES,ES,imbalance_price,Short,2026-08-28T02:01:39Z
2026-08-28T01:53:23Z,2026-08-28T03:53:23+0200,565fb0ed-db72-48c6-a54e-0fdff3a4721b,2026-08-04T15:00:00Z,2026-08-04T17:00:00+0200,-0.15,EUR/MWh,ES,ES,imbalance_price,Long,2026-08-28T02:01:39Z
2026-08-28T01:53:23Z,2026-08-28T03:53:23+0200,565fb0ed-db72-48c6-a54e-0fdff3a4721b,2026-08-04T15:00:00Z,2026-08-04T17:00:00+0200,-0.15,EUR/MWh,ES,ES,imbalance_price,Short,2026-08-28T02:01:39Z
2026-08-28T01:53:23Z,2026-08-28T03:53:23+0200,565fb0ed-db72-48c6-a54e-0fdff3a4721b,2026-08-04T15:15:00Z,2026-08-04T17:15:00+0200,0.47,EUR/MWh,ES,ES,imbalance_price,Long,2026-08-28T02:01:39Z
2026-08-28T01:53:23Z,2026-08-28T03:53:23+0200,565fb0ed-db72-48c6-a54e-0fdff3a4721b,2026-08-04T15:15:00Z,2026-08-04T17:15:00+0200,110.63,EUR/MWh,ES,ES,imbalance_price,Short,2026-08-28T02:01:39Z
2026-08-28T01:53:23Z,2026-08-28T03:53:23+0200,565fb0ed-db72-48c6-a54e-0fdff3a4721b,2026-08-04T15:30:00Z,2026-08-04T17:30:00+0200,0.18,EUR/MWh,ES,ES,imbalance_price,Long,2026-08-28T02:01:39Z
2026-08-28T01:53:23Z,2026-08-28T03:53:23+0200,565fb0ed-db72-48c6-a54e-0fdff3a4721b,2026-08-04T15:30:00Z,2026-08-04T17:30:00+0200,116.52,EUR/MWh,ES,ES,imbalance_price,Short,2026-08-28T02:01:39Z
2026-08-28T01:53:23Z,2026-08-28T03:53:23+0200,565fb0ed-db72-48c6-a54e-0fdff3a4721b,2026-08-04T15:45:00Z,2026-08-04T17:45:00+0200,0.05,EUR/MWh,ES,ES,imbalance_price,Long,2026-08-28T02:01:39Z
2026-08-28T01:53:23Z,2026-08-28T03:53:23+0200,565fb0ed-db72-48c6-a54e-0fdff3a4721b,2026-08-04T15:45:00Z,2026-08-04T17:45:00+0200,133.54,EUR/MWh,ES,ES,imbalance_price,Short,2026-08-28T02:01:39Z
2026-08-28T01:53:23Z,2026-08-28T03:53:23+0200,565fb0ed-db72-48c6-a54e-0fdff3a4721b,2026-08-04T16:00:00Z,2026-08-04T18:00:00+0200,0.43,EUR/MWh,ES,ES,imbalance_price,Long,2026-08-28T02:01:39Z
2026-08-28T01:53:23Z,2026-08-28T03:53:23+0200,565fb0ed-db72-48c6-a54e-0fdff3a4721b,2026-08-04T16:00:00Z,2026-08-04T18:00:00+0200,118.69,EUR/MWh,ES,ES,imbalance_price,Short,2026-08-28T02:01:39Z
2026-08-28T01:53:23Z,2026-08-28T03:53:23+0200,565fb0ed-db72-48c6-a54e-0fdff3a4721b,2026-08-04T16:15:00Z,2026-08-04T18:15:00+0200,0.05,EUR/MWh,ES,ES,imbalance_price,Long,2026-08-28T02:01:39Z
2026-08-28T01:53:23Z,2026-08-28T03:53:23+0200,565fb0ed-db72-48c6-a54e-0fdff3a4721b,2026-08-04T16:15:00Z,2026-08-04T18:15:00+0200,130.74,EUR/MWh,ES,ES,imbalance_price,Short,2026-08-28T02:01:39Z
2026-08-28T01:53:23Z,2026-08-28T03:53:23+0200,565fb0ed-db72-48c6-a54e-0fdff3a4721b,2026-08-04T16:30:00Z,2026-08-04T18:30:00+0200,0.1,EUR/MWh,ES,ES,imbalance_price,Long,2026-08-28T02:01:39Z
2026-08-28T01:53:23Z,2026-08-28T03:53:23+0200,565fb0ed-db72-48c6-a54e-0fdff3a4721b,2026-08-04T16:30:00Z,2026-08-04T18:30:00+0200,134.14,EUR/MWh,ES,ES,imbalance_price,Short,2026-08-28T02:01:39Z
2026-08-28T01:53:23Z,2026-08-28T03:53:23+0200,565fb0ed-db72-48c6-a54e-0fdff3a4721b,2026-08-04T16:45:00Z,2026-08-04T18:45:00+0200,0.54,EUR/MWh,ES,ES,imbalance_price,Long,2026-08-28T02:01:39Z
2026-08-28T01:53:23Z,2026-08-28T03:53:23+0200,565fb0ed-db72-48c6-a54e-0fdff3a4721b,2026-08-04T16:45:00Z,2026-08-04T18:45:00+0200,0.54,EUR/MWh,ES,ES,imbalance_price,Short,2026-08-28T02:01:39Z
2026-08-28T01:53:23Z,2026-08-28T03:53:23+0200,565fb0ed-db72-48c6-a54e-0fdff3a4721b,2026-08-04T17:00:00Z,2026-08-04T19:00:00+0200,0.28,EUR/MWh,ES,ES,imbalance_price,Long,2026-08-28T02:01:39Z
2026-08-28T01:53:23Z,2026-08-28T03:53:23+0200,565fb0ed-db72-48c6-a54e-0fdff3a4721b,2026-08-04T17:00:00Z,2026-08-04T19:00:00+0200,143.47,EUR/MWh,ES,ES,imbalance_price,Short,2026-08-28T02:01:39Z
2026-08-28T01:53:23Z,2026-08-28T03:53:23+0200,565fb0ed-db72-48c6-a54e-0fdff3a4721b,2026-08-04T17:15:00Z,2026-08-04T19:15:00+0200,9.88,EUR/MWh,ES,ES,imbalance_price,Long,2026-08-28T02:01:39Z
2026-08-28T01:53:23Z,2026-08-28T03:53:23+0200,565fb0ed-db72-48c6-a54e-0fdff3a4721b,2026-08-04T17:15:00Z,2026-08-04T19:15:00+0200,165.98,EUR/MWh,ES,ES,imbalance_price,Short,2026-08-28T02:01:39Z
2026-08-28T01:53:23Z,2026-08-28T03:53:23+0200,565fb0ed-db72-48c6-a54e-0fdff3a4721b,2026-08-04T17:30:00Z,2026-08-04T19:30:00+0200,99.28,EUR/MWh,ES,ES,imbalance_price,Long,2026-08-28T02:01:39Z
2026-08-28T01:53:23Z,2026-08-28T03:53:23+0200,565fb0ed-db72-48c6-a54e-0fdff3a4721b,2026-08-04T17:30:00Z,2026-08-04T19:30:00+0200,174.32,EUR/MWh,ES,ES,imbalance_price,Short,2026-08-28T02:01:39Z
2026-08-28T01:53:23Z,2026-08-28T03:53:23+0200,565fb0ed-db72-48c6-a54e-0fdff3a4721b,2026-08-04T17:45:00Z,2026-08-04T19:45:00+0200,128.09,EUR/MWh,ES,ES,imbalance_price,Long,2026-08-28T02:01:39Z
2026-08-28T01:53:23Z,2026-08-28T03:53:23+0200,565fb0ed-db72-48c6-a54e-0fdff3a4721b,2026-08-04T17:45:00Z,2026-08-04T19:45:00+0200,193.95,EUR/MWh,ES,ES,imbalance_price,Short,2026-08-28T02:01:39Z
2026-08-28T01:53:23Z,2026-08-28T03:53:23+0200,565fb0ed-db72-48c6-a54e-0fdff3a4721b,2026-08-04T18:00:00Z,2026-08-04T20:00:00+0200,118.62,EUR/MWh,ES,ES,imbalance_price,Long,2026-08-28T02:01:39Z
2026-08-28T01:53:23Z,2026-08-28T03:53:23+0200,565fb0ed-db72-48c6-a54e-0fdff3a4721b,2026-08-04T18:00:00Z,2026-08-04T20:00:00+0200,146.11,EUR/MWh,ES,ES,imbalance_price,Short,2026-08-28T02:01:39Z
2026-08-28T01:53:23Z,2026-08-28T03:53:23+0200,565fb0ed-db72-48c6-a54e-0fdff3a4721b,2026-08-04T18:15:00Z,2026-08-04T20:15:00+0200,0.0,EUR/MWh,ES,ES,imbalance_price,Long,2026-08-28T02:01:39Z
2026-08-28T01:53:23Z,2026-08-28T03:53:23+0200,565fb0ed-db72-48c6-a54e-0fdff3a4721b,2026-08-04T18:15:00Z,2026-08-04T20:15:00+0200,173.08,EUR/MWh,ES,ES,imbalance_price,Short,2026-08-28T02:01:39Z
2026-08-28T01:53:23Z,2026-08-28T03:53:23+0200,565fb0ed-db72-48c6-a54e-0fdff3a4721b,2026-08-04T18:30:00Z,2026-08-04T20:30:00+0200,0.0,EUR/MWh,ES,ES,imbalance_price,Long,2026-08-28T02:01:39Z
2026-08-28T01:53:23Z,2026-08-28T03:53:23+0200,565fb0ed-db72-48c6-a54e-0fdff3a4721b,2026-08-04T18:30:00Z,2026-08-04T20:30:00+0200,173.67,EUR/MWh,ES,ES,imbalance_price,Short,2026-08-28T02:01:39Z
2026-08-28T01:53:23Z,2026-08-28T03:53:23+0200,565fb0ed-db72-48c6-a54e-0fdff3a4721b,2026-08-04T18:45:00Z,2026-08-04T20:45:00+0200,0.0,EUR/MWh,ES,ES,imbalance_price,Long,2026-08-28T02:01:39Z
2026-08-28T01:53:23Z,2026-08-28T03:53:23+0200,565fb0ed-db72-48c6-a54e-0fdff3a4721b,2026-08-04T18:45:00Z,2026-08-04T20:45:00+0200,168.42,EUR/MWh,ES,ES,imbalance_price,Short,2026-08-28T02:01:39Z
2026-08-28T01:53:23Z,2026-08-28T03:53:23+0200,565fb0ed-db72-48c6-a54e-0fdff3a4721b,2026-08-04T19:00:00Z,2026-08-04T21:00:00+0200,0.0,EUR/MWh,ES,ES,imbalance_price,Long,2026-08-28T02:01:39Z
2026-08-28T01:53:23Z,2026-08-28T03:53:23+0200,565fb0ed-db72-48c6-a54e-0fdff3a4721b,2026-08-04T19:00:00Z,2026-08-04T21:00:00+0200,197.16,EUR/MWh,ES,ES,imbalance_price,Short,2026-08-28T02:01:39Z
2026-08-28T01:53:23Z,2026-08-28T03:53:23+0200,565fb0ed-db72-48c6-a54e-0fdff3a4721b,2026-08-04T19:15:00Z,2026-08-04T21:15:00+0200,0.0,EUR/MWh,ES,ES,imbalance_price,Long,2026-08-28T02:01:39Z
2026-08-28T01:53:23Z,2026-08-28T03:53:23+0200,565fb0ed-db72-48c6-a54e-0fdff3a4721b,2026-08-04T19:15:00Z,2026-08-04T21:15:00+0200,198.24,EUR/MWh,ES,ES,imbalance_price,Short,2026-08-28T02:01:39Z
2026-08-28T01:53:23Z,2026-08-28T03:53:23+0200,565fb0ed-db72-48c6-a54e-0fdff3a4721b,2026-08-04T19:30:00Z,2026-08-04T21:30:00+0200,0.0,EUR/MWh,ES,ES,imbalance_price,Long,2026-08-28T02:01:39Z
2026-08-28T01:53:23Z,2026-08-28T03:53:23+0200,565fb0ed-db72-48c6-a54e-0fdff3a4721b,2026-08-04T19:30:00Z,2026-08-04T21:30:00+0200,204.38,EUR/MWh,ES,ES,imbalance_price,Short,2026-08-28T02:01:39Z
2026-08-28T01:53:23Z,2026-08-28T03:53:23+0200,565fb0ed-db72-48c6-a54e-0fdff3a4721b,2026-08-04T19:45:00Z,2026-08-04T21:45:00+0200,0.0,EUR/MWh,ES,ES,imbalance_price,Long,2026-08-28T02:01:39Z
2026-08-28T01:53:23Z,2026-08-28T03:53:23+0200,565fb0ed-db72-48c6-a54e-0fdff3a4721b,2026-08-04T19:45:00Z,2026-08-04T21:45:00+0200,196.19,EUR/MWh,ES,ES,imbalance_price,Short,2026-08-28T02:01:39Z
2026-08-28T01:53:23Z,2026-08-28T03:53:23+0200,565fb0ed-db72-48c6-a54e-0fdff3a4721b,2026-08-04T20:00:00Z,2026-08-04T22:00:00+0200,83.29,EUR/MWh,ES,ES,imbalance_price,Long,2026-08-28T02:01:39Z
2026-08-28T01:53:23Z,2026-08-28T03:53:23+0200,565fb0ed-db72-48c6-a54e-0fdff3a4721b,2026-08-04T20:00:00Z,2026-08-04T22:00:00+0200,198.93,EUR/MWh,ES,ES,imbalance_price,Short,2026-08-28T02:01:39Z
2026-08-28T01:53:23Z,2026-08-28T03:53:23+0200,565fb0ed-db72-48c6-a54e-0fdff3a4721b,2026-08-04T20:15:00Z,2026-08-04T22:15:00+0200,171.03,EUR/MWh,ES,ES,imbalance_price,Long,2026-08-28T02:01:39Z
2026-08-28T01:53:23Z,2026-08-28T03:53:23+0200,565fb0ed-db72-48c6-a54e-0fdff3a4721b,2026-08-04T20:15:00Z,2026-08-04T22:15:00+0200,194.26,EUR/MWh,ES,ES,imbalance_price,Short,2026-08-28T02:01:39Z
2026-08-28T01:53:23Z,2026-08-28T03:53:23+0200,565fb0ed-db72-48c6-a54e-0fdff3a4721b,2026-08-04T20:30:00Z,2026-08-04T22:30:00+0200,129.98,EUR/MWh,ES,ES,imbalance_price,Long,2026-08-28T02:01:39Z
2026-08-28T01:53:23Z,2026-08-28T03:53:23+0200,565fb0ed-db72-48c6-a54e-0fdff3a4721b,2026-08-04T20:30:00Z,2026-08-04T22:30:00+0200,190.17,EUR/MWh,ES,ES,imbalance_price,Short,2026-08-28T02:01:39Z
2026-08-28T01:53:23Z,2026-08-28T03:53:23+0200,565fb0ed-db72-48c6-a54e-0fdff3a4721b,2026-08-04T20:45:00Z,2026-08-04T22:45:00+0200,134.65,EUR/MWh,ES,ES,imbalance_price,Long,2026-08-28T02:01:39Z
2026-08-28T01:53:23Z,2026-08-28T03:53:23+0200,565fb0ed-db72-48c6-a54e-0fdff3a4721b,2026-08-04T20:45:00Z,2026-08-04T22:45:00+0200,180.89,EUR/MWh,ES,ES,imbalance_price,Short,2026-08-28T02:01:39Z
2026-08-28T01:53:23Z,2026-08-28T03:53:23+0200,565fb0ed-db72-48c6-a54e-0fdff3a4721b,2026-08-04T21:00:00Z,2026-08-04T23:00:00+0200,134.4,EUR/MWh,ES,ES,imbalance_price,Long,2026-08-28T02:01:39Z
2026-08-28T01:53:23Z,2026-08-28T03:53:23+0200,565fb0ed-db72-48c6-a54e-0fdff3a4721b,2026-08-04T21:00:00Z,2026-08-04T23:00:00+0200,186.19,EUR/MWh,ES,ES,imbalance_price,Short,2026-08-28T02:01:39Z
2026-08-28T01:53:23Z,2026-08-28T03:53:23+0200,565fb0ed-db72-48c6-a54e-0fdff3a4721b,2026-08-04T21:15:00Z,2026-08-04T23:15:00+0200,108.4,EUR/MWh,ES,ES,imbalance_price,Long,2026-08-28T02:01:39Z
2026-08-28T01:53:23Z,2026-08-28T03:53:23+0200,565fb0ed-db72-48c6-a54e-0fdff3a4721b,2026-08-04T21:15:00Z,2026-08-04T23:15:00+0200,182.7,EUR/MWh,ES,ES,imbalance_price,Short,2026-08-28T02:01:39Z
2026-08-28T01:53:23Z,2026-08-28T03:53:23+0200,565fb0ed-db72-48c6-a54e-0fdff3a4721b,2026-08-04T21:30:00Z,2026-08-04T23:30:00+0200,127.09,EUR/MWh,ES,ES,imbalance_price,Long,2026-08-28T02:01:39Z
2026-08-28T01:53:23Z,2026-08-28T03:53:23+0200,565fb0ed-db72-48c6-a54e-0fdff3a4721b,2026-08-04T21:30:00Z,2026-08-04T23:30:00+0200,182.34,EUR/MWh,ES,ES,imbalance_price,Short,2026-08-28T02:01:39Z
2026-08-28T01:53:23Z,2026-08-28T03:53:23+0200,565fb0ed-db72-48c6-a54e-0fdff3a4721b,2026-08-04T21:45:00Z,2026-08-04T23:45:00+0200,113.6,EUR/MWh,ES,ES,imbalance_price,Long,2026-08-28T02:01:39Z
2026-08-28T01:53:23Z,2026-08-28T03:53:23+0200,565fb0ed-db72-48c6-a54e-0fdff3a4721b,2026-08-04T21:45:00Z,2026-08-04T23:45:00+0200,180.86,EUR/MWh,ES,ES,imbalance_price,Short,2026-08-28T02:01:39Z
2026-08-28T01:53:23Z,2026-08-28T03:53:23+0200,565fb0ed-db72-48c6-a54e-0fdff3a4721b,2026-08-04T22:00:00Z,2026-08-05T00:00:00+0200,125.24,EUR/MWh,ES,ES,imbalance_price,Long,2026-08-28T02:01:39Z
2026-08-28T01:53:23Z,2026-08-28T03:53:23+0200,565fb0ed-db72-48c6-a54e-0fdff3a4721b,2026-08-04T22:00:00Z,2026-08-05T00:00:00+0200,144.91,EUR/MWh,ES,ES,imbalance_price,Short,2026-08-28T02:01:39Z
2026-08-28T01:53:23Z,2026-08-28T03:53:23+0200,565fb0ed-db72-48c6-a54e-0fdff3a4721b,2026-08-04T22:15:00Z,2026-08-05T00:15:00+0200,120.1,EUR/MWh,ES,ES,imbalance_price,Long,2026-08-28T02:01:39Z
2026-08-28T01:53:23Z,2026-08-28T03:53:23+0200,565fb0ed-db72-48c6-a54e-0fdff3a4721b,2026-08-04T22:15:00Z,2026-08-05T00:15:00+0200,151.08,EUR/MWh,ES,ES,imbalance_price,Short,2026-08-28T02:01:39Z
2026-08-28T01:53:23Z,2026-08-28T03:53:23+0200,565fb0ed-db72-48c6-a54e-0fdff3a4721b,2026-08-04T22:30:00Z,2026-08-05T00:30:00+0200,96.65,EUR/MWh,ES,ES,imbalance_price,Long,2026-08-28T02:01:39Z
2026-08-28T01:53:23Z,2026-08-28T03:53:23+0200,565fb0ed-db72-48c6-a54e-0fdff3a4721b,2026-08-04T22:30:00Z,2026-08-05T00:30:00+0200,180.12,EUR/MWh,ES,ES,imbalance_price,Short,2026-08-28T02:01:39Z
2026-08-28T01:53:23Z,2026-08-28T03:53:23+0200,565fb0ed-db72-48c6-a54e-0fdff3a4721b,2026-08-04T22:45:00Z,2026-08-05T00:45:00+0200,95.52,EUR/MWh,ES,ES,imbalance_price,Long,2026-08-28T02:01:39Z
2026-08-28T01:53:23Z,2026-08-28T03:53:23+0200,565fb0ed-db72-48c6-a54e-0fdff3a4721b,2026-08-04T22:45:00Z,2026-08-05T00:45:00+0200,182.4,EUR/MWh,ES,ES,imbalance_price,Short,2026-08-28T02:01:39Z
2026-08-28T01:53:23Z,2026-08-28T03:53:23+0200,565fb0ed-db72-48c6-a54e-0fdff3a4721b,2026-08-04T23:00:00Z,2026-08-05T01:00:00+0200,115.47,EUR/MWh,ES,ES,imbalance_price,Long,2026-08-28T02:01:39Z
2026-08-28T01:53:23Z,2026-08-28T03:53:23+0200,565fb0ed-db72-48c6-a54e-0fdff3a4721b,2026-08-04T23:00:00Z,2026-08-05T01:00:00+0200,181.41,EUR/MWh,ES,ES,imbalance_price,Short,2026-08-28T02:01:39Z
2026-08-28T01:53:23Z,2026-08-28T03:53:23+0200,565fb0ed-db72-48c6-a54e-0fdff3a4721b,2026-08-04T23:15:00Z,2026-08-05T01:15:00+0200,174.87,EUR/MWh,ES,ES,imbalance_price,Long,2026-08-28T02:01:39Z
2026-08-28T01:53:23Z,2026-08-28T03:53:23+0200,565fb0ed-db72-48c6-a54e-0fdff3a4721b,2026-08-04T23:15:00Z,2026-08-05T01:15:00+0200,174.87,EUR/MWh,ES,ES,imbalance_price,Short,2026-08-28T02:01:39Z
2026-08-28T01:53:23Z,2026-08-28T03:53:23+0200,565fb0ed-db72-48c6-a54e-0fdff3a4721b,2026-08-04T23:30:00Z,2026-08-05T01:30:00+0200,166.17,EUR/MWh,ES,ES,imbalance_price,Long,2026-08-28T02:01:39Z
2026-08-28T01:53:23Z,2026-08-28T03:53:23+0200,565fb0ed-db72-48c6-a54e-0fdff3a4721b,2026-08-04T23:30:00Z,2026-08-05T01:30:00+0200,166.17,EUR/MWh,ES,ES,imbalance_price,Short,2026-08-28T02:01:39Z
2026-08-28T01:53:23Z,2026-08-28T03:53:23+0200,565fb0ed-db72-48c6-a54e-0fdff3a4721b,2026-08-04T23:45:00Z,2026-08-05T01:45:00+0200,168.4,EUR/MWh,ES,ES,imbalance_price,Long,2026-08-28T02:01:39Z
2026-08-28T01:53:23Z,2026-08-28T03:53:23+0200,565fb0ed-db72-48c6-a54e-0fdff3a4721b,2026-08-04T23:45:00Z,2026-08-05T01:45:00+0200,168.4,EUR/MWh,ES,ES,imbalance_price,Short,2026-08-28T02:01:39Z
2026-08-28T01:53:23Z,2026-08-28T03:53:23+0200,565fb0ed-db72-48c6-a54e-0fdff3a4721b,2026-08-05T00:00:00Z,2026-08-05T02:00:00+0200,193.0,EUR/MWh,ES,ES,imbalance_price,Long,2026-08-28T02:01:39Z
2026-08-28T01:53:23Z,2026-08-28T03:53:23+0200,565fb0ed-db72-48c6-a54e-0fdff3a4721b,2026-08-05T00:00:00Z,2026-08-05T02:00:00+0200,193.0,EUR/MWh,ES,ES,imbalance_price,Short,2026-08-28T02:01:39Z
2026-08-28T01:53:23Z,2026-08-28T03:53:23+0200,565fb0ed-db72-48c6-a54e-0fdff3a4721b,2026-08-05T00:15:00Z,2026-08-05T02:15:00+0200,122.43,EUR/MWh,ES,ES,imbalance_price,Long,2026-08-28T02:01:39Z
2026-08-28T01:53:23Z,2026-08-28T03:53:23+0200,565fb0ed-db72-48c6-a54e-0fdff3a4721b,2026-08-05T00:15:00Z,2026-08-05T02:15:00+0200,194.4,EUR/MWh,ES,ES,imbalance_price,Short,2026-08-28T02:01:39Z
2026-08-28T01:53:23Z,2026-08-28T03:53:23+0200,565fb0ed-db72-48c6-a54e-0fdff3a4721b,2026-08-05T00:30:00Z,2026-08-05T02:30:00+0200,186.39,EUR/MWh,ES,ES,imbalance_price,Long,2026-08-28T02:01:39Z
2026-08-28T01:53:23Z,2026-08-28T03:53:23+0200,565fb0ed-db72-48c6-a54e-0fdff3a4721b,2026-08-05T00:30:00Z,2026-08-05T02:30:00+0200,186.39,EUR/MWh,ES,ES,imbalance_price,Short,2026-08-28T02:01:39Z
2026-08-28T01:53:23Z,2026-08-28T03:53:23+0200,565fb0ed-db72-48c6-a54e-0fdff3a4721b,2026-08-05T00:45:00Z,2026-08-05T02:45:00+0200,117.73,EUR/MWh,ES,ES,imbalance_price,Long,2026-08-28T02:01:39Z
2026-08-28T01:53:23Z,2026-08-28T03:53:23+0200,565fb0ed-db72-48c6-a54e-0fdff3a4721b,2026-08-05T00:45:00Z,2026-08-05T02:45:00+0200,195.88,EUR/MWh,ES,ES,imbalance_price,Short,2026-08-28T02:01:39Z
2026-08-28T01:53:23Z,2026-08-28T03:53:23+0200,565fb0ed-db72-48c6-a54e-0fdff3a4721b,2026-08-05T01:00:00Z,2026-08-05T03:00:00+0200,6.13,EUR/MWh,ES,ES,imbalance_price,Long,2026-08-28T02:01:39Z
2026-08-28T01:53:23Z,2026-08-28T03:53:23+0200,565fb0ed-db72-48c6-a54e-0fdff3a4721b,2026-08-05T01:00:00Z,2026-08-05T03:00:00+0200,192.12,EUR/MWh,ES,ES,imbalance_price,Short,2026-08-28T02:01:39Z
2026-08-28T01:53:23Z,2026-08-28T03:53:23+0200,565fb0ed-db72-48c6-a54e-0fdff3a4721b,2026-08-05T01:15:00Z,2026-08-05T03:15:00+0200,125.97,EUR/MWh,ES,ES,imbalance_price,Long,2026-08-28T02:01:39Z
2026-08-28T01:53:23Z,2026-08-28T03:53:23+0200,565fb0ed-db72-48c6-a54e-0fdff3a4721b,2026-08-05T01:15:00Z,2026-08-05T03:15:00+0200,194.78,EUR/MWh,ES,ES,imbalance_price,Short,2026-08-28T02:01:39Z
2026-08-28T01:53:23Z,2026-08-28T03:53:23+0200,565fb0ed-db72-48c6-a54e-0fdff3a4721b,2026-08-05T01:30:00Z,2026-08-05T03:30:00+0200,135.26,EUR/MWh,ES,ES,imbalance_price,Long,2026-08-28T02:01:39Z
2026-08-28T01:53:23Z,2026-08-28T03:53:23+0200,565fb0ed-db72-48c6-a54e-0fdff3a4721b,2026-08-05T01:30:00Z,2026-08-05T03:30:00+0200,166.11,EUR/MWh,ES,ES,imbalance_price,Short,2026-08-28T02:01:39Z
2026-08-28T01:53:23Z,2026-08-28T03:53:23+0200,565fb0ed-db72-48c6-a54e-0fdff3a4721b,2026-08-05T01:45:00Z,2026-08-05T03:45:00+0200,124.07,EUR/MWh,ES,ES,imbalance_price,Long,2026-08-28T02:01:39Z
2026-08-28T01:53:23Z,2026-08-28T03:53:23+0200,565fb0ed-db72-48c6-a54e-0fdff3a4721b,2026-08-05T01:45:00Z,2026-08-05T03:45:00+0200,164.59,EUR/MWh,ES,ES,imbalance_price,Short,2026-08-28T02:01:39Z
2026-08-28T01:53:23Z,2026-08-28T03:53:23+0200,565fb0ed-db72-48c6-a54e-0fdff3a4721b,2026-08-05T02:00:00Z,2026-08-05T04:00:00+0200,94.91,EUR/MWh,ES,ES,imbalance_price,Long,2026-08-28T02:01:39Z
2026-08-28T01:53:23Z,2026-08-28T03:53:23+0200,565fb0ed-db72-48c6-a54e-0fdff3a4721b,2026-08-05T02:00:00Z,2026-08-05T04:00:00+0200,146.14,EUR/MWh,ES,ES,imbalance_price,Short,2026-08-28T02:01:39Z
2026-08-28T01:53:23Z,2026-08-28T03:53:23+0200,565fb0ed-db72-48c6-a54e-0fdff3a4721b,2026-08-05T02:15:00Z,2026-08-05T04:15:00+0200,0.0,EUR/MWh,ES,ES,imbalance_price,Long,2026-08-28T02:01:39Z
2026-08-28T01:53:23Z,2026-08-28T03:53:23+0200,565fb0ed-db72-48c6-a54e-0fdff3a4721b,2026-08-05T02:15:00Z,2026-08-05T04:15:00+0200,161.39,EUR/MWh,ES,ES,imbalance_price,Short,2026-08-28T02:01:39Z
2026-08-28T01:53:23Z,2026-08-28T03:53:23+0200,565fb0ed-db72-48c6-a54e-0fdff3a4721b,2026-08-05T02:30:00Z,2026-08-05T04:30:00+0200,108.61,EUR/MWh,ES,ES,imbalance_price,Long,2026-08-28T02:01:39Z
2026-08-28T01:53:23Z,2026-08-28T03:53:23+0200,565fb0ed-db72-48c6-a54e-0fdff3a4721b,2026-08-05T02:30:00Z,2026-08-05T04:30:00+0200,158.91,EUR/MWh,ES,ES,imbalance_price,Short,2026-08-28T02:01:39Z
2026-08-28T01:53:23Z,2026-08-28T03:53:23+0200,565fb0ed-db72-48c6-a54e-0fdff3a4721b,2026-08-05T02:45:00Z,2026-08-05T04:45:00+0200,55.34,EUR/MWh,ES,ES,imbalance_price,Long,2026-08-28T02:01:39Z
2026-08-28T01:53:23Z,2026-08-28T03:53:23+0200,565fb0ed-db72-48c6-a54e-0fdff3a4721b,2026-08-05T02:45:00Z,2026-08-05T04:45:00+0200,149.3,EUR/MWh,ES,ES,imbalance_price,Short,2026-08-28T02:01:39Z
2026-08-28T01:53:23Z,2026-08-28T03:53:23+0200,565fb0ed-db72-48c6-a54e-0fdff3a4721b,2026-08-05T03:00:00Z,2026-08-05T05:00:00+0200,50.43,EUR/MWh,ES,ES,imbalance_price,Long,2026-08-28T02:01:39Z
2026-08-28T01:53:23Z,2026-08-28T03:53:23+0200,565fb0ed-db72-48c6-a54e-0fdff3a4721b,2026-08-05T03:00:00Z,2026-08-05T05:00:00+0200,148.41,EUR/MWh,ES,ES,imbalance_price,Short,2026-08-28T02:01:39Z
2026-08-28T01:53:23Z,2026-08-28T03:53:23+0200,565fb0ed-db72-48c6-a54e-0fdff3a4721b,2026-08-05T03:15:00Z,2026-08-05T05:15:00+0200,93.82,EUR/MWh,ES,ES,imbalance_price,Long,2026-08-28T02:01:39Z
2026-08-28T01:53:23Z,2026-08-28T03:53:23+0200,565fb0ed-db72-48c6-a54e-0fdff3a4721b,2026-08-05T03:15:00Z,2026-08-05T05:15:00+0200,145.57,EUR/MWh,ES,ES,imbalance_price,Short,2026-08-28T02:01:39Z
2026-08-28T01:53:23Z,2026-08-28T03:53:23+0200,565fb0ed-db72-48c6-a54e-0fdff3a4721b,2026-08-05T03:30:00Z,2026-08-05T05:30:00+0200,125.32,EUR/MWh,ES,ES,imbalance_price,Long,2026-08-28T02:01:39Z
2026-08-28T01:53:23Z,2026-08-28T03:53:23+0200,565fb0ed-db72-48c6-a54e-0fdff3a4721b,2026-08-05T03:30:00Z,2026-08-05T05:30:00+0200,165.83,EUR/MWh,ES,ES,imbalance_price,Short,2026-08-28T02:01:39Z
2026-08-28T01:53:23Z,2026-08-28T03:53:23+0200,565fb0ed-db72-48c6-a54e-0fdff3a4721b,2026-08-05T03:45:00Z,2026-08-05T05:45:00+0200,58.73,EUR/MWh,ES,ES,imbalance_price,Long,2026-08-28T02:01:39Z
2026-08-28T01:53:23Z,2026-08-28T03:53:23+0200,565fb0ed-db72-48c6-a54e-0fdff3a4721b,2026-08-05T03:45:00Z,2026-08-05T05:45:00+0200,146.83,EUR/MWh,ES,ES,imbalance_price,Short,2026-08-28T02:01:39Z
2026-08-28T01:53:23Z,2026-08-28T03:53:23+0200,565fb0ed-db72-48c6-a54e-0fdff3a4721b,2026-08-05T04:00:00Z,2026-08-05T06:00:00+0200,4.71,EUR/MWh,ES,ES,imbalance_price,Long,2026-08-28T02:01:39Z
2026-08-28T01:53:23Z,2026-08-28T03:53:23+0200,565fb0ed-db72-48c6-a54e-0fdff3a4721b,2026-08-05T04:00:00Z,2026-08-05T06:00:00+0200,147.25,EUR/MWh,ES,ES,imbalance_price,Short,2026-08-28T02:01:39Z
2026-08-28T01:53:23Z,2026-08-28T03:53:23+0200,565fb0ed-db72-48c6-a54e-0fdff3a4721b,2026-08-05T04:15:00Z,2026-08-05T06:15:00+0200,36.25,EUR/MWh,ES,ES,imbalance_price,Long,2026-08-28T02:01:39Z
2026-08-28T01:53:23Z,2026-08-28T03:53:23+0200,565fb0ed-db72-48c6-a54e-0fdff3a4721b,2026-08-05T04:15:00Z,2026-08-05T06:15:00+0200,147.18,EUR/MWh,ES,ES,imbalance_price,Short,2026-08-28T02:01:39Z
2026-08-28T01:53:23Z,2026-08-28T03:53:23+0200,565fb0ed-db72-48c6-a54e-0fdff3a4721b,2026-08-05T04:30:00Z,2026-08-05T06:30:00+0200,153.77,EUR/MWh,ES,ES,imbalance_price,Long,2026-08-28T02:01:39Z
2026-08-28T01:53:23Z,2026-08-28T03:53:23+0200,565fb0ed-db72-48c6-a54e-0fdff3a4721b,2026-08-05T04:30:00Z,2026-08-05T06:30:00+0200,138.22,EUR/MWh,ES,ES,imbalance_price,Short,2026-08-28T02:01:39Z
2026-08-28T01:53:23Z,2026-08-28T03:53:23+0200,565fb0ed-db72-48c6-a54e-0fdff3a4721b,2026-08-05T04:45:00Z,2026-08-05T06:45:00+0200,124.67,EUR/MWh,ES,ES,imbalance_price,Long,2026-08-28T02:01:39Z
2026-08-28T01:53:23Z,2026-08-28T03:53:23+0200,565fb0ed-db72-48c6-a54e-0fdff3a4721b,2026-08-05T04:45:00Z,2026-08-05T06:45:00+0200,141.46,EUR/MWh,ES,ES,imbalance_price,Short,2026-08-28T02:01:39Z
2026-08-28T01:53:23Z,2026-08-28T03:53:23+0200,565fb0ed-db72-48c6-a54e-0fdff3a4721b,2026-08-05T05:00:00Z,2026-08-05T07:00:00+0200,129.16,EUR/MWh,ES,ES,imbalance_price,Long,2026-08-28T02:01:39Z
2026-08-28T01:53:23Z,2026-08-28T03:53:23+0200,565fb0ed-db72-48c6-a54e-0fdff3a4721b,2026-08-05T05:00:00Z,2026-08-05T07:00:00+0200,142.46,EUR/MWh,ES,ES,imbalance_price,Short,2026-08-28T02:01:39Z
2026-08-28T01:53:23Z,2026-08-28T03:53:23+0200,565fb0ed-db72-48c6-a54e-0fdff3a4721b,2026-08-05T05:15:00Z,2026-08-05T07:15:00+0200,147.88,EUR/MWh,ES,ES,imbalance_price,Long,2026-08-28T02:01:39Z
2026-08-28T01:53:23Z,2026-08-28T03:53:23+0200,565fb0ed-db72-48c6-a54e-0fdff3a4721b,2026-08-05T05:15:00Z,2026-08-05T07:15:00+0200,147.88,EUR/MWh,ES,ES,imbalance_price,Short,2026-08-28T02:01:39Z
2026-08-28T01:53:23Z,2026-08-28T03:53:23+0200,565fb0ed-db72-48c6-a54e-0fdff3a4721b,2026-08-05T05:30:00Z,2026-08-05T07:30:00+0200,150.69,EUR/MWh,ES,ES,imbalance_price,Long,2026-08-28T02:01:39Z
2026-08-28T01:53:23Z,2026-08-28T03:53:23+0200,565fb0ed-db72-48c6-a54e-0fdff3a4721b,2026-08-05T05:30:00Z,2026-08-05T07:30:00+0200,150.69,EUR/MWh,ES,ES,imbalance_price,Short,2026-08-28T02:01:39Z
2026-08-28T01:53:23Z,2026-08-28T03:53:23+0200,565fb0ed-db72-48c6-a54e-0fdff3a4721b,2026-08-05T05:45:00Z,2026-08-05T07:45:00+0200,136.94,EUR/MWh,ES,ES,imbalance_price,Long,2026-08-28T02:01:39Z
2026-08-28T01:53:23Z,2026-08-28T03:53:23+0200,565fb0ed-db72-48c6-a54e-0fdff3a4721b,2026-08-05T05:45:00Z,2026-08-05T07:45:00+0200,146.15,EUR/MWh,ES,ES,imbalance_price,Short,2026-08-28T02:01:39Z
2026-08-28T01:53:23Z,2026-08-28T03:53:23+0200,565fb0ed-db72-48c6-a54e-0fdff3a4721b,2026-08-05T06:00:00Z,2026-08-05T08:00:00+0200,37.4,EUR/MWh,ES,ES,imbalance_price,Long,2026-08-28T02:01:39Z
2026-08-28T01:53:23Z,2026-08-28T03:53:23+0200,565fb0ed-db72-48c6-a54e-0fdff3a4721b,2026-08-05T06:00:00Z,2026-08-05T08:00:00+0200,167.19,EUR/MWh,ES,ES,imbalance_price,Short,2026-08-28T02:01:39Z
2026-08-28T01:53:23Z,2026-08-28T03:53:23+0200,565fb0ed-db72-48c6-a54e-0fdff3a4721b,2026-08-05T06:15:00Z,2026-08-05T08:15:00+0200,83.33,EUR/MWh,ES,ES,imbalance_price,Long,2026-08-28T02:01:39Z
2026-08-28T01:53:23Z,2026-08-28T03:53:23+0200,565fb0ed-db72-48c6-a54e-0fdff3a4721b,2026-08-05T06:15:00Z,2026-08-05T08:15:00+0200,168.02,EUR/MWh,ES,ES,imbalance_price,Short,2026-08-28T02:01:39Z
2026-08-28T01:53:23Z,2026-08-28T03:53:23+0200,565fb0ed-db72-48c6-a54e-0fdff3a4721b,2026-08-05T06:30:00Z,2026-08-05T08:30:00+0200,94.9,EUR/MWh,ES,ES,imbalance_price,Long,2026-08-28T02:01:39Z
2026-08-28T01:53:23Z,2026-08-28T03:53:23+0200,565fb0ed-db72-48c6-a54e-0fdff3a4721b,2026-08-05T06:30:00Z,2026-08-05T08:30:00+0200,170.07,EUR/MWh,ES,ES,imbalance_price,Short,2026-08-28T02:01:39Z
2026-08-28T01:53:23Z,2026-08-28T03:53:23+0200,565fb0ed-db72-48c6-a54e-0fdff3a4721b,2026-08-05T06:45:00Z,2026-08-05T08:45:00+0200,92.8,EUR/MWh,ES,ES,imbalance_price,Long,2026-08-28T02:01:39Z
2026-08-28T01:53:23Z,2026-08-28T03:53:23+0200,565fb0ed-db72-48c6-a54e-0fdff3a4721b,2026-08-05T06:45:00Z,2026-08-05T08:45:00+0200,92.8,EUR/MWh,ES,ES,imbalance_price,Short,2026-08-28T02:01:39Z
2026-08-28T01:53:23Z,2026-08-28T03:53:23+0200,565fb0ed-db72-48c6-a54e-0fdff3a4721b,2026-08-05T07:00:00Z,2026-08-05T09:00:00+0200,11.7,EUR/MWh,ES,ES,imbalance_price,Long,2026-08-28T02:01:39Z
2026-08-28T01:53:23Z,2026-08-28T03:53:23+0200,565fb0ed-db72-48c6-a54e-0fdff3a4721b,2026-08-05T07:00:00Z,2026-08-05T09:00:00+0200,171.77,EUR/MWh,ES,ES,imbalance_price,Short,2026-08-28T02:01:39Z
2026-08-28T01:53:23Z,2026-08-28T03:53:23+0200,565fb0ed-db72-48c6-a54e-0fdff3a4721b,2026-08-05T07:15:00Z,2026-08-05T09:15:00+0200,4.89,EUR/MWh,ES,ES,imbalance_price,Long,2026-08-28T02:01:39Z
2026-08-28T01:53:23Z,2026-08-28T03:53:23+0200,565fb0ed-db72-48c6-a54e-0fdff3a4721b,2026-08-05T07:15:00Z,2026-08-05T09:15:00+0200,146.56,EUR/MWh,ES,ES,imbalance_price,Short,2026-08-28T02:01:39Z
2026-08-28T01:53:23Z,2026-08-28T03:53:23+0200,565fb0ed-db72-48c6-a54e-0fdff3a4721b,2026-08-05T07:30:00Z,2026-08-05T09:30:00+0200,3.41,EUR/MWh,ES,ES,imbalance_price,Long,2026-08-28T02:01:39Z
2026-08-28T01:53:23Z,2026-08-28T03:53:23+0200,565fb0ed-db72-48c6-a54e-0fdff3a4721b,2026-08-05T07:30:00Z,2026-08-05T09:30:00+0200,3.41,EUR/MWh,ES,ES,imbalance_price,Short,2026-08-28T02:01:39Z
2026-08-28T01:53:23Z,2026-08-28T03:53:23+0200,565fb0ed-db72-48c6-a54e-0fdff3a4721b,2026-08-05T07:45:00Z,2026-08-05T09:45:00+0200,0.32,EUR/MWh,ES,ES,imbalance_price,Long,2026-08-28T02:01:39Z
2026-08-28T01:53:23Z,2026-08-28T03:53:23+0200,565fb0ed-db72-48c6-a54e-0fdff3a4721b,2026-08-05T07:45:00Z,2026-08-05T09:45:00+0200,100.89,EUR/MWh,ES,ES,imbalance_price,Short,2026-08-28T02:01:39Z
2026-08-28T01:53:23Z,2026-08-28T03:53:23+0200,565fb0ed-db72-48c6-a54e-0fdff3a4721b,2026-08-05T08:00:00Z,2026-08-05T10:00:00+0200,0.86,EUR/MWh,ES,ES,imbalance_price,Long,2026-08-28T02:01:39Z
2026-08-28T01:53:23Z,2026-08-28T03:53:23+0200,565fb0ed-db72-48c6-a54e-0fdff3a4721b,2026-08-05T08:00:00Z,2026-08-05T10:00:00+0200,142.5,EUR/MWh,ES,ES,imbalance_price,Short,2026-08-28T02:01:39Z
2026-08-28T01:53:23Z,2026-08-28T03:53:23+0200,565fb0ed-db72-48c6-a54e-0fdff3a4721b,2026-08-05T08:15:00Z,2026-08-05T10:15:00+0200,1.07,EUR/MWh,ES,ES,imbalance_price,Long,2026-08-28T02:01:39Z
2026-08-28T01:53:23Z,2026-08-28T03:53:23+0200,565fb0ed-db72-48c6-a54e-0fdff3a4721b,2026-08-05T08:15:00Z,2026-08-05T10:15:00+0200,97.84,EUR/MWh,ES,ES,imbalance_price,Short,2026-08-28T02:01:39Z
2026-08-28T01:53:23Z,2026-08-28T03:53:23+0200,565fb0ed-db72-48c6-a54e-0fdff3a4721b,2026-08-05T08:30:00Z,2026-08-05T10:30:00+0200,0.29,EUR/MWh,ES,ES,imbalance_price,Long,2026-08-28T02:01:39Z
2026-08-28T01:53:23Z,2026-08-28T03:53:23+0200,565fb0ed-db72-48c6-a54e-0fdff3a4721b,2026-08-05T08:30:00Z,2026-08-05T10:30:00+0200,76.58,EUR/MWh,ES,ES,imbalance_price,Short,2026-08-28T02:01:39Z
2026-08-28T01:53:23Z,2026-08-28T03:53:23+0200,565fb0ed-db72-48c6-a54e-0fdff3a4721b,2026-08-05T08:45:00Z,2026-08-05T10:45:00+0200,-0.04,EUR/MWh,ES,ES,imbalance_price,Long,2026-08-28T02:01:39Z
2026-08-28T01:53:23Z,2026-08-28T03:53:23+0200,565fb0ed-db72-48c6-a54e-0fdff3a4721b,2026-08-05T08:45:00Z,2026-08-05T10:45:00+0200,8.49,EUR/MWh,ES,ES,imbalance_price,Short,2026-08-28T02:01:39Z
2026-08-28T01:53:23Z,2026-08-28T03:53:23+0200,565fb0ed-db72-48c6-a54e-0fdff3a4721b,2026-08-05T09:00:00Z,2026-08-05T11:00:00+0200,-2.34,EUR/MWh,ES,ES,imbalance_price,Long,2026-08-28T02:01:39Z
2026-08-28T01:53:23Z,2026-08-28T03:53:23+0200,565fb0ed-db72-48c6-a54e-0fdff3a4721b,2026-08-05T09:00:00Z,2026-08-05T11:00:00+0200,-2.34,EUR/MWh,ES,ES,imbalance_price,Short,2026-08-28T02:01:39Z
2026-08-28T01:53:23Z,2026-08-28T03:53:23+0200,565fb0ed-db72-48c6-a54e-0fdff3a4721b,2026-08-05T09:15:00Z,2026-08-05T11:15:00+0200,-1.81,EUR/MWh,ES,ES,imbalance_price,Long,2026-08-28T02:01:39Z
2026-08-28T01:53:23Z,2026-08-28T03:53:23+0200,565fb0ed-db72-48c6-a54e-0fdff3a4721b,2026-08-05T09:15:00Z,2026-08-05T11:15:00+0200,-1.81,EUR/MWh,ES,ES,imbalance_price,Short,2026-08-28T02:01:39Z
2026-08-28T01:53:23Z,2026-08-28T03:53:23+0200,565fb0ed-db72-48c6-a54e-0fdff3a4721b,2026-08-05T09:30:00Z,2026-08-05T11:30:00+0200,-5.39,EUR/MWh,ES,ES,imbalance_price,Long,2026-08-28T02:01:39Z
2026-08-28T01:53:23Z,2026-08-28T03:53:23+0200,565fb0ed-db72-48c6-a54e-0fdff3a4721b,2026-08-05T09:30:00Z,2026-08-05T11:30:00+0200,44.93,EUR/MWh,ES,ES,imbalance_price,Short,2026-08-28T02:01:39Z
2026-08-28T01:53:23Z,2026-08-28T03:53:23+0200,565fb0ed-db72-48c6-a54e-0fdff3a4721b,2026-08-05T09:45:00Z,2026-08-05T11:45:00+0200,-4.35,EUR/MWh,ES,ES,imbalance_price,Long,2026-08-28T02:01:39Z
2026-08-28T01:53:23Z,2026-08-28T03:53:23+0200,565fb0ed-db72-48c6-a54e-0fdff3a4721b,2026-08-05T09:45:00Z,2026-08-05T11:45:00+0200,-4.35,EUR/MWh,ES,ES,imbalance_price,Short,2026-08-28T02:01:39Z
2026-08-28T01:53:23Z,2026-08-28T03:53:23+0200,565fb0ed-db72-48c6-a54e-0fdff3a4721b,2026-08-05T10:00:00Z,2026-08-05T12:00:00+0200,-1.77,EUR/MWh,ES,ES,imbalance_price,Long,2026-08-28T02:01:39Z
2026-08-28T01:53:23Z,2026-08-28T03:53:23+0200,565fb0ed-db72-48c6-a54e-0fdff3a4721b,2026-08-05T10:00:00Z,2026-08-05T12:00:00+0200,22.26,EUR/MWh,ES,ES,imbalance_price,Short,2026-08-28T02:01:39Z
2026-08-28T01:53:23Z,2026-08-28T03:53:23+0200,565fb0ed-db72-48c6-a54e-0fdff3a4721b,2026-08-05T10:15:00Z,2026-08-05T12:15:00+0200,-0.01,EUR/MWh,ES,ES,imbalance_price,Long,2026-08-28T02:01:39Z
2026-08-28T01:53:23Z,2026-08-28T03:53:23+0200,565fb0ed-db72-48c6-a54e-0fdff3a4721b,2026-08-05T10:15:00Z,2026-08-05T12:15:00+0200,11.17,EUR/MWh,ES,ES,imbalance_price,Short,2026-08-28T02:01:39Z
2026-08-28T01:53:23Z,2026-08-28T03:53:23+0200,565fb0ed-db72-48c6-a54e-0fdff3a4721b,2026-08-05T10:30:00Z,2026-08-05T12:30:00+0200,-0.01,EUR/MWh,ES,ES,imbalance_price,Long,2026-08-28T02:01:39Z
2026-08-28T01:53:23Z,2026-08-28T03:53:23+0200,565fb0ed-db72-48c6-a54e-0fdff3a4721b,2026-08-05T10:30:00Z,2026-08-05T12:30:00+0200,14.44,EUR/MWh,ES,ES,imbalance_price,Short,2026-08-28T02:01:39Z
2026-08-28T01:53:23Z,2026-08-28T03:53:23+0200,565fb0ed-db72-48c6-a54e-0fdff3a4721b,2026-08-05T10:45:00Z,2026-08-05T12:45:00+0200,-0.44,EUR/MWh,ES,ES,imbalance_price,Long,2026-08-28T02:01:39Z
2026-08-28T01:53:23Z,2026-08-28T03:53:23+0200,565fb0ed-db72-48c6-a54e-0fdff3a4721b,2026-08-05T10:45:00Z,2026-08-05T12:45:00+0200,19.14,EUR/MWh,ES,ES,imbalance_price,Short,2026-08-28T02:01:39Z
2026-08-28T01:53:23Z,2026-08-28T03:53:23+0200,565fb0ed-db72-48c6-a54e-0fdff3a4721b,2026-08-05T11:00:00Z,2026-08-05T13:00:00+0200,0.01,EUR/MWh,ES,ES,imbalance_price,Long,2026-08-28T02:01:39Z
2026-08-28T01:53:23Z,2026-08-28T03:53:23+0200,565fb0ed-db72-48c6-a54e-0fdff3a4721b,2026-08-05T11:00:00Z,2026-08-05T13:00:00+0200,0.01,EUR/MWh,ES,ES,imbalance_price,Short,2026-08-28T02:01:39Z
2026-08-28T01:53:23Z,2026-08-28T03:53:23+0200,565fb0ed-db72-48c6-a54e-0fdff3a4721b,2026-08-05T11:15:00Z,2026-08-05T13:15:00+0200,-0.01,EUR/MWh,ES,ES,imbalance_price,Long,2026-08-28T02:01:39Z
2026-08-28T01:53:23Z,2026-08-28T03:53:23+0200,565fb0ed-db72-48c6-a54e-0fdff3a4721b,2026-08-05T11:15:00Z,2026-08-05T13:15:00+0200,75.86,EUR/MWh,ES,ES,imbalance_price,Short,2026-08-28T02:01:39Z
2026-08-28T01:53:23Z,2026-08-28T03:53:23+0200,565fb0ed-db72-48c6-a54e-0fdff3a4721b,2026-08-05T11:30:00Z,2026-08-05T13:30:00+0200,-0.43,EUR/MWh,ES,ES,imbalance_price,Long,2026-08-28T02:01:39Z
2026-08-28T01:53:23Z,2026-08-28T03:53:23+0200,565fb0ed-db72-48c6-a54e-0fdff3a4721b,2026-08-05T11:30:00Z,2026-08-05T13:30:00+0200,25.47,EUR/MWh,ES,ES,imbalance_price,Short,2026-08-28T02:01:39Z
2026-08-28T01:53:23Z,2026-08-28T03:53:23+0200,565fb0ed-db72-48c6-a54e-0fdff3a4721b,2026-08-05T11:45:00Z,2026-08-05T13:45:00+0200,-0.37,EUR/MWh,ES,ES,imbalance_price,Long,2026-08-28T02:01:39Z
2026-08-28T01:53:23Z,2026-08-28T03:53:23+0200,565fb0ed-db72-48c6-a54e-0fdff3a4721b,2026-08-05T11:45:00Z,2026-08-05T13:45:00+0200,-0.37,EUR/MWh,ES,ES,imbalance_price,Short,2026-08-28T02:01:39Z
2026-08-28T01:53:23Z,2026-08-28T03:53:23+0200,565fb0ed-db72-48c6-a54e-0fdff3a4721b,2026-08-05T12:00:00Z,2026-08-05T14:00:00+0200,-0.27,EUR/MWh,ES,ES,imbalance_price,Long,2026-08-28T02:01:39Z
2026-08-28T01:53:23Z,2026-08-28T03:53:23+0200,565fb0ed-db72-48c6-a54e-0fdff3a4721b,2026-08-05T12:00:00Z,2026-08-05T14:00:00+0200,-0.27,EUR/MWh,ES,ES,imbalance_price,Short,2026-08-28T02:01:39Z
2026-08-28T01:53:23Z,2026-08-28T03:53:23+0200,565fb0ed-db72-48c6-a54e-0fdff3a4721b,2026-08-05T12:15:00Z,2026-08-05T14:15:00+0200,-0.02,EUR/MWh,ES,ES,imbalance_price,Long,2026-08-28T02:01:39Z
2026-08-28T01:53:23Z,2026-08-28T03:53:23+0200,565fb0ed-db72-48c6-a54e-0fdff3a4721b,2026-08-05T12:15:00Z,2026-08-05T14:15:00+0200,0.0,EUR/MWh,ES,ES,imbalance_price,Short,2026-08-28T02:01:39Z
2026-08-28T01:53:23Z,2026-08-28T03:53:23+0200,565fb0ed-db72-48c6-a54e-0fdff3a4721b,2026-08-05T12:30:00Z,2026-08-05T14:30:00+0200,-0.1,EUR/MWh,ES,ES,imbalance_price,Long,2026-08-28T02:01:39Z
2026-08-28T01:53:23Z,2026-08-28T03:53:23+0200,565fb0ed-db72-48c6-a54e-0fdff3a4721b,2026-08-05T12:30:00Z,2026-08-05T14:30:00+0200,0.0,EUR/MWh,ES,ES,imbalance_price,Short,2026-08-28T02:01:39Z
2026-08-28T01:53:23Z,2026-08-28T03:53:23+0200,565fb0ed-db72-48c6-a54e-0fdff3a4721b,2026-08-05T12:45:00Z,2026-08-05T14:45:00+0200,-1.07,EUR/MWh,ES,ES,imbalance_price,Long,2026-08-28T02:01:39Z
2026-08-28T01:53:23Z,2026-08-28T03:53:23+0200,565fb0ed-db72-48c6-a54e-0fdff3a4721b,2026-08-05T12:45:00Z,2026-08-05T14:45:00+0200,0.0,EUR/MWh,ES,ES,imbalance_price,Short,2026-08-28T02:01:39Z
2026-08-28T01:53:23Z,2026-08-28T03:53:23+0200,565fb0ed-db72-48c6-a54e-0fdff3a4721b,2026-08-05T13:00:00Z,2026-08-05T15:00:00+0200,-2.76,EUR/MWh,ES,ES,imbalance_price,Long,2026-08-28T02:01:39Z
2026-08-28T01:53:23Z,2026-08-28T03:53:23+0200,565fb0ed-db72-48c6-a54e-0fdff3a4721b,2026-08-05T13:00:00Z,2026-08-05T15:00:00+0200,0.06,EUR/MWh,ES,ES,imbalance_price,Short,2026-08-28T02:01:39Z
2026-08-28T01:53:23Z,2026-08-28T03:53:23+0200,565fb0ed-db72-48c6-a54e-0fdff3a4721b,2026-08-05T13:15:00Z,2026-08-05T15:15:00+0200,-0.52,EUR/MWh,ES,ES,imbalance_price,Long,2026-08-28T02:01:39Z
2026-08-28T01:53:23Z,2026-08-28T03:53:23+0200,565fb0ed-db72-48c6-a54e-0fdff3a4721b,2026-08-05T13:15:00Z,2026-08-05T15:15:00+0200,3.55,EUR/MWh,ES,ES,imbalance_price,Short,2026-08-28T02:01:39Z
2026-08-28T01:53:23Z,2026-08-28T03:53:23+0200,565fb0ed-db72-48c6-a54e-0fdff3a4721b,2026-08-05T13:30:00Z,2026-08-05T15:30:00+0200,-0.47,EUR/MWh,ES,ES,imbalance_price,Long,2026-08-28T02:01:39Z
2026-08-28T01:53:23Z,2026-08-28T03:53:23+0200,565fb0ed-db72-48c6-a54e-0fdff3a4721b,2026-08-05T13:30:00Z,2026-08-05T15:30:00+0200,-0.47,EUR/MWh,ES,ES,imbalance_price,Short,2026-08-28T02:01:39Z
2026-08-28T01:53:23Z,2026-08-28T03:53:23+0200,565fb0ed-db72-48c6-a54e-0fdff3a4721b,2026-08-05T13:45:00Z,2026-08-05T15:45:00+0200,-0.84,EUR/MWh,ES,ES,imbalance_price,Long,2026-08-28T02:01:39Z
2026-08-28T01:53:23Z,2026-08-28T03:53:23+0200,565fb0ed-db72-48c6-a54e-0fdff3a4721b,2026-08-05T13:45:00Z,2026-08-05T15:45:00+0200,19.56,EUR/MWh,ES,ES,imbalance_price,Short,2026-08-28T02:01:39Z
2026-08-28T01:53:23Z,2026-08-28T03:53:23+0200,565fb0ed-db72-48c6-a54e-0fdff3a4721b,2026-08-05T14:00:00Z,2026-08-05T16:00:00+0200,-1.98,EUR/MWh,ES,ES,imbalance_price,Long,2026-08-28T02:01:39Z
2026-08-28T01:53:23Z,2026-08-28T03:53:23+0200,565fb0ed-db72-48c6-a54e-0fdff3a4721b,2026-08-05T14:00:00Z,2026-08-05T16:00:00+0200,27.69,EUR/MWh,ES,ES,imbalance_price,Short,2026-08-28T02:01:39Z
2026-08-28T01:53:23Z,2026-08-28T03:53:23+0200,565fb0ed-db72-48c6-a54e-0fdff3a4721b,2026-08-05T14:15:00Z,2026-08-05T16:15:00+0200,-1.91,EUR/MWh,ES,ES,imbalance_price,Long,2026-08-28T02:01:39Z
2026-08-28T01:53:23Z,2026-08-28T03:53:23+0200,565fb0ed-db72-48c6-a54e-0fdff3a4721b,2026-08-05T14:15:00Z,2026-08-05T16:15:00+0200,25.02,EUR/MWh,ES,ES,imbalance_price,Short,2026-08-28T02:01:39Z
2026-08-28T01:53:23Z,2026-08-28T03:53:23+0200,565fb0ed-db72-48c6-a54e-0fdff3a4721b,2026-08-05T14:30:00Z,2026-08-05T16:30:00+0200,-1.52,EUR/MWh,ES,ES,imbalance_price,Long,2026-08-28T02:01:39Z
2026-08-28T01:53:23Z,2026-08-28T03:53:23+0200,565fb0ed-db72-48c6-a54e-0fdff3a4721b,2026-08-05T14:30:00Z,2026-08-05T16:30:00+0200,34.93,EUR/MWh,ES,ES,imbalance_price,Short,2026-08-28T02:01:39Z
2026-08-28T01:53:23Z,2026-08-28T03:53:23+0200,565fb0ed-db72-48c6-a54e-0fdff3a4721b,2026-08-05T14:45:00Z,2026-08-05T16:45:00+0200,-0.91,EUR/MWh,ES,ES,imbalance_price,Long,2026-08-28T02:01:39Z
2026-08-28T01:53:23Z,2026-08-28T03:53:23+0200,565fb0ed-db72-48c6-a54e-0fdff3a4721b,2026-08-05T14:45:00Z,2026-08-05T16:45:00+0200,-0.91,EUR/MWh,ES,ES,imbalance_price,Short,2026-08-28T02:01:39Z
2026-08-28T01:53:23Z,2026-08-28T03:53:23+0200,565fb0ed-db72-48c6-a54e-0fdff3a4721b,2026-08-05T15:00:00Z,2026-08-05T17:00:00+0200,-1.45,EUR/MWh,ES,ES,imbalance_price,Long,2026-08-28T02:01:39Z
2026-08-28T01:53:23Z,2026-08-28T03:53:23+0200,565fb0ed-db72-48c6-a54e-0fdff3a4721b,2026-08-05T15:00:00Z,2026-08-05T17:00:00+0200,63.58,EUR/MWh,ES,ES,imbalance_price,Short,2026-08-28T02:01:39Z
2026-08-28T01:53:23Z,2026-08-28T03:53:23+0200,565fb0ed-db72-48c6-a54e-0fdff3a4721b,2026-08-05T15:15:00Z,2026-08-05T17:15:00+0200,-2.0,EUR/MWh,ES,ES,imbalance_price,Long,2026-08-28T02:01:39Z
2026-08-28T01:53:23Z,2026-08-28T03:53:23+0200,565fb0ed-db72-48c6-a54e-0fdff3a4721b,2026-08-05T15:15:00Z,2026-08-05T17:15:00+0200,114.64,EUR/MWh,ES,ES,imbalance_price,Short,2026-08-28T02:01:39Z
2026-08-28T01:53:23Z,2026-08-28T03:53:23+0200,565fb0ed-db72-48c6-a54e-0fdff3a4721b,2026-08-05T15:30:00Z,2026-08-05T17:30:00+0200,-0.63,EUR/MWh,ES,ES,imbalance_price,Long,2026-08-28T02:01:39Z
2026-08-28T01:53:23Z,2026-08-28T03:53:23+0200,565fb0ed-db72-48c6-a54e-0fdff3a4721b,2026-08-05T15:30:00Z,2026-08-05T17:30:00+0200,125.24,EUR/MWh,ES,ES,imbalance_price,Short,2026-08-28T02:01:39Z
2026-08-28T01:53:23Z,2026-08-28T03:53:23+0200,565fb0ed-db72-48c6-a54e-0fdff3a4721b,2026-08-05T15:45:00Z,2026-08-05T17:45:00+0200,6.61,EUR/MWh,ES,ES,imbalance_price,Long,2026-08-28T02:01:39Z
2026-08-28T01:53:23Z,2026-08-28T03:53:23+0200,565fb0ed-db72-48c6-a54e-0fdff3a4721b,2026-08-05T15:45:00Z,2026-08-05T17:45:00+0200,99.41,EUR/MWh,ES,ES,imbalance_price,Short,2026-08-28T02:01:39Z
2026-08-28T01:53:23Z,2026-08-28T03:53:23+0200,565fb0ed-db72-48c6-a54e-0fdff3a4721b,2026-08-05T16:00:00Z,2026-08-05T18:00:00+0200,24.91,EUR/MWh,ES,ES,imbalance_price,Long,2026-08-28T02:01:39Z
2026-08-28T01:53:23Z,2026-08-28T03:53:23+0200,565fb0ed-db72-48c6-a54e-0fdff3a4721b,2026-08-05T16:00:00Z,2026-08-05T18:00:00+0200,73.8,EUR/MWh,ES,ES,imbalance_price,Short,2026-08-28T02:01:39Z
2026-08-28T01:53:23Z,2026-08-28T03:53:23+0200,565fb0ed-db72-48c6-a54e-0fdff3a4721b,2026-08-05T16:15:00Z,2026-08-05T18:15:00+0200,0.46,EUR/MWh,ES,ES,imbalance_price,Long,2026-08-28T02:01:39Z
2026-08-28T01:53:23Z,2026-08-28T03:53:23+0200,565fb0ed-db72-48c6-a54e-0fdff3a4721b,2026-08-05T16:15:00Z,2026-08-05T18:15:00+0200,98.56,EUR/MWh,ES,ES,imbalance_price,Short,2026-08-28T02:01:39Z
2026-08-28T01:53:23Z,2026-08-28T03:53:23+0200,565fb0ed-db72-48c6-a54e-0fdff3a4721b,2026-08-05T16:30:00Z,2026-08-05T18:30:00+0200,10.97,EUR/MWh,ES,ES,imbalance_price,Long,2026-08-28T02:01:39Z
2026-08-28T01:53:23Z,2026-08-28T03:53:23+0200,565fb0ed-db72-48c6-a54e-0fdff3a4721b,2026-08-05T16:30:00Z,2026-08-05T18:30:00+0200,93.32,EUR/MWh,ES,ES,imbalance_price,Short,2026-08-28T02:01:39Z
2026-08-28T01:53:23Z,2026-08-28T03:53:23+0200,565fb0ed-db72-48c6-a54e-0fdff3a4721b,2026-08-05T16:45:00Z,2026-08-05T18:45:00+0200,4.79,EUR/MWh,ES,ES,imbalance_price,Long,2026-08-28T02:01:39Z
2026-08-28T01:53:23Z,2026-08-28T03:53:23+0200,565fb0ed-db72-48c6-a54e-0fdff3a4721b,2026-08-05T16:45:00Z,2026-08-05T18:45:00+0200,119.32,EUR/MWh,ES,ES,imbalance_price,Short,2026-08-28T02:01:39Z
2026-08-28T01:53:23Z,2026-08-28T03:53:23+0200,565fb0ed-db72-48c6-a54e-0fdff3a4721b,2026-08-05T17:00:00Z,2026-08-05T19:00:00+0200,12.09,EUR/MWh,ES,ES,imbalance_price,Long,2026-08-28T02:01:39Z
2026-08-28T01:53:23Z,2026-08-28T03:53:23+0200,565fb0ed-db72-48c6-a54e-0fdff3a4721b,2026-08-05T17:00:00Z,2026-08-05T19:00:00+0200,111.07,EUR/MWh,ES,ES,imbalance_price,Short,2026-08-28T02:01:39Z
2026-08-28T01:53:23Z,2026-08-28T03:53:23+0200,565fb0ed-db72-48c6-a54e-0fdff3a4721b,2026-08-05T17:15:00Z,2026-08-05T19:15:00+0200,3.94,EUR/MWh,ES,ES,imbalance_price,Long,2026-08-28T02:01:39Z
2026-08-28T01:53:23Z,2026-08-28T03:53:23+0200,565fb0ed-db72-48c6-a54e-0fdff3a4721b,2026-08-05T17:15:00Z,2026-08-05T19:15:00+0200,134.73,EUR/MWh,ES,ES,imbalance_price,Short,2026-08-28T02:01:39Z
2026-08-28T01:53:23Z,2026-08-28T03:53:23+0200,565fb0ed-db72-48c6-a54e-0fdff3a4721b,2026-08-05T17:30:00Z,2026-08-05T19:30:00+0200,100.4,EUR/MWh,ES,ES,imbalance_price,Long,2026-08-28T02:01:39Z
2026-08-28T01:53:23Z,2026-08-28T03:53:23+0200,565fb0ed-db72-48c6-a54e-0fdff3a4721b,2026-08-05T17:30:00Z,2026-08-05T19:30:00+0200,167.65,EUR/MWh,ES,ES,imbalance_price,Short,2026-08-28T02:01:39Z
2026-08-28T01:53:23Z,2026-08-28T03:53:23+0200,565fb0ed-db72-48c6-a54e-0fdff3a4721b,2026-08-05T17:45:00Z,2026-08-05T19:45:00+0200,126.72,EUR/MWh,ES,ES,imbalance_price,Long,2026-08-28T02:01:39Z
2026-08-28T01:53:23Z,2026-08-28T03:53:23+0200,565fb0ed-db72-48c6-a54e-0fdff3a4721b,2026-08-05T17:45:00Z,2026-08-05T19:45:00+0200,168.12,EUR/MWh,ES,ES,imbalance_price,Short,2026-08-28T02:01:39Z
2026-08-28T01:53:23Z,2026-08-28T03:53:23+0200,565fb0ed-db72-48c6-a54e-0fdff3a4721b,2026-08-05T18:00:00Z,2026-08-05T20:00:00+0200,0.0,EUR/MWh,ES,ES,imbalance_price,Long,2026-08-28T02:01:39Z
2026-08-28T01:53:23Z,2026-08-28T03:53:23+0200,565fb0ed-db72-48c6-a54e-0fdff3a4721b,2026-08-05T18:00:00Z,2026-08-05T20:00:00+0200,146.01,EUR/MWh,ES,ES,imbalance_price,Short,2026-08-28T02:01:39Z
2026-08-28T01:53:23Z,2026-08-28T03:53:23+0200,565fb0ed-db72-48c6-a54e-0fdff3a4721b,2026-08-05T18:15:00Z,2026-08-05T20:15:00+0200,0.0,EUR/MWh,ES,ES,imbalance_price,Long,2026-08-28T02:01:39Z
2026-08-28T01:53:23Z,2026-08-28T03:53:23+0200,565fb0ed-db72-48c6-a54e-0fdff3a4721b,2026-08-05T18:15:00Z,2026-08-05T20:15:00+0200,176.49,EUR/MWh,ES,ES,imbalance_price,Short,2026-08-28T02:01:39Z
2026-08-28T01:53:23Z,2026-08-28T03:53:23+0200,565fb0ed-db72-48c6-a54e-0fdff3a4721b,2026-08-05T18:30:00Z,2026-08-05T20:30:00+0200,251.69,EUR/MWh,ES,ES,imbalance_price,Long,2026-08-28T02:01:39Z
2026-08-28T01:53:23Z,2026-08-28T03:53:23+0200,565fb0ed-db72-48c6-a54e-0fdff3a4721b,2026-08-05T18:30:00Z,2026-08-05T20:30:00+0200,251.69,EUR/MWh,ES,ES,imbalance_price,Short,2026-08-28T02:01:39Z
2026-08-28T01:53:23Z,2026-08-28T03:53:23+0200,565fb0ed-db72-48c6-a54e-0fdff3a4721b,2026-08-05T18:45:00Z,2026-08-05T20:45:00+0200,0.0,EUR/MWh,ES,ES,imbalance_price,Long,2026-08-28T02:01:39Z
2026-08-28T01:53:23Z,2026-08-28T03:53:23+0200,565fb0ed-db72-48c6-a54e-0fdff3a4721b,2026-08-05T18:45:00Z,2026-08-05T20:45:00+0200,274.11,EUR/MWh,ES,ES,imbalance_price,Short,2026-08-28T02:01:39Z
2026-08-28T01:53:23Z,2026-08-28T03:53:23+0200,565fb0ed-db72-48c6-a54e-0fdff3a4721b,2026-08-05T19:00:00Z,2026-08-05T21:00:00+0200,149.97,EUR/MWh,ES,ES,imbalance_price,Long,2026-08-28T02:01:39Z
2026-08-28T01:53:23Z,2026-08-28T03:53:23+0200,565fb0ed-db72-48c6-a54e-0fdff3a4721b,2026-08-05T19:00:00Z,2026-08-05T21:00:00+0200,190.01,EUR/MWh,ES,ES,imbalance_price,Short,2026-08-28T02:01:39Z
2026-08-28T01:53:23Z,2026-08-28T03:53:23+0200,565fb0ed-db72-48c6-a54e-0fdff3a4721b,2026-08-05T19:15:00Z,2026-08-05T21:15:00+0200,0.0,EUR/MWh,ES,ES,imbalance_price,Long,2026-08-28T02:01:39Z
2026-08-28T01:53:23Z,2026-08-28T03:53:23+0200,565fb0ed-db72-48c6-a54e-0fdff3a4721b,2026-08-05T19:15:00Z,2026-08-05T21:15:00+0200,199.64,EUR/MWh,ES,ES,imbalance_price,Short,2026-08-28T02:01:39Z
2026-08-28T01:53:23Z,2026-08-28T03:53:23+0200,565fb0ed-db72-48c6-a54e-0fdff3a4721b,2026-08-05T19:30:00Z,2026-08-05T21:30:00+0200,0.0,EUR/MWh,ES,ES,imbalance_price,Long,2026-08-28T02:01:39Z
2026-08-28T01:53:23Z,2026-08-28T03:53:23+0200,565fb0ed-db72-48c6-a54e-0fdff3a4721b,2026-08-05T19:30:00Z,2026-08-05T21:30:00+0200,196.81,EUR/MWh,ES,ES,imbalance_price,Short,2026-08-28T02:01:39Z
2026-08-28T01:53:23Z,2026-08-28T03:53:23+0200,565fb0ed-db72-48c6-a54e-0fdff3a4721b,2026-08-05T19:45:00Z,2026-08-05T21:45:00+0200,192.7,EUR/MWh,ES,ES,imbalance_price,Long,2026-08-28T02:01:39Z
2026-08-28T01:53:23Z,2026-08-28T03:53:23+0200,565fb0ed-db72-48c6-a54e-0fdff3a4721b,2026-08-05T19:45:00Z,2026-08-05T21:45:00+0200,192.7,EUR/MWh,ES,ES,imbalance_price,Short,2026-08-28T02:01:39Z
2026-08-28T01:53:23Z,2026-08-28T03:53:23+0200,565fb0ed-db72-48c6-a54e-0fdff3a4721b,2026-08-05T20:00:00Z,2026-08-05T22:00:00+0200,252.53,EUR/MWh,ES,ES,imbalance_price,Long,2026-08-28T02:01:39Z
2026-08-28T01:53:23Z,2026-08-28T03:53:23+0200,565fb0ed-db72-48c6-a54e-0fdff3a4721b,2026-08-05T20:00:00Z,2026-08-05T22:00:00+0200,252.53,EUR/MWh,ES,ES,imbalance_price,Short,2026-08-28T02:01:39Z
2026-08-28T01:53:23Z,2026-08-28T03:53:23+0200,565fb0ed-db72-48c6-a54e-0fdff3a4721b,2026-08-05T20:15:00Z,2026-08-05T22:15:00+0200,202.85,EUR/MWh,ES,ES,imbalance_price,Long,2026-08-28T02:01:39Z
2026-08-28T01:53:23Z,2026-08-28T03:53:23+0200,565fb0ed-db72-48c6-a54e-0fdff3a4721b,2026-08-05T20:15:00Z,2026-08-05T22:15:00+0200,202.85,EUR/MWh,ES,ES,imbalance_price,Short,2026-08-28T02:01:39Z
2026-08-28T01:53:23Z,2026-08-28T03:53:23+0200,565fb0ed-db72-48c6-a54e-0fdff3a4721b,2026-08-05T20:30:00Z,2026-08-05T22:30:00+0200,143.71,EUR/MWh,ES,ES,imbalance_price,Long,2026-08-28T02:01:39Z
2026-08-28T01:53:23Z,2026-08-28T03:53:23+0200,565fb0ed-db72-48c6-a54e-0fdff3a4721b,2026-08-05T20:30:00Z,2026-08-05T22:30:00+0200,190.16,EUR/MWh,ES,ES,imbalance_price,Short,2026-08-28T02:01:39Z
2026-08-28T01:53:23Z,2026-08-28T03:53:23+0200,565fb0ed-db72-48c6-a54e-0fdff3a4721b,2026-08-05T20:45:00Z,2026-08-05T22:45:00+0200,114.68,EUR/MWh,ES,ES,imbalance_price,Long,2026-08-28T02:01:39Z
2026-08-28T01:53:23Z,2026-08-28T03:53:23+0200,565fb0ed-db72-48c6-a54e-0fdff3a4721b,2026-08-05T20:45:00Z,2026-08-05T22:45:00+0200,184.52,EUR/MWh,ES,ES,imbalance_price,Short,2026-08-28T02:01:39Z
2026-08-28T01:53:23Z,2026-08-28T03:53:23+0200,565fb0ed-db72-48c6-a54e-0fdff3a4721b,2026-08-05T21:00:00Z,2026-08-05T23:00:00+0200,187.6,EUR/MWh,ES,ES,imbalance_price,Long,2026-08-28T02:01:39Z
2026-08-28T01:53:23Z,2026-08-28T03:53:23+0200,565fb0ed-db72-48c6-a54e-0fdff3a4721b,2026-08-05T21:00:00Z,2026-08-05T23:00:00+0200,187.6,EUR/MWh,ES,ES,imbalance_price,Short,2026-08-28T02:01:39Z
2026-08-28T01:53:23Z,2026-08-28T03:53:23+0200,565fb0ed-db72-48c6-a54e-0fdff3a4721b,2026-08-05T21:15:00Z,2026-08-05T23:15:00+0200,183.15,EUR/MWh,ES,ES,imbalance_price,Long,2026-08-28T02:01:39Z
2026-08-28T01:53:23Z,2026-08-28T03:53:23+0200,565fb0ed-db72-48c6-a54e-0fdff3a4721b,2026-08-05T21:15:00Z,2026-08-05T23:15:00+0200,183.15,EUR/MWh,ES,ES,imbalance_price,Short,2026-08-28T02:01:39Z
2026-08-28T01:53:23Z,2026-08-28T03:53:23+0200,565fb0ed-db72-48c6-a54e-0fdff3a4721b,2026-08-05T21:30:00Z,2026-08-05T23:30:00+0200,183.95,EUR/MWh,ES,ES,imbalance_price,Long,2026-08-28T02:01:39Z
2026-08-28T01:53:23Z,2026-08-28T03:53:23+0200,565fb0ed-db72-48c6-a54e-0fdff3a4721b,2026-08-05T21:30:00Z,2026-08-05T23:30:00+0200,183.95,EUR/MWh,ES,ES,imbalance_price,Short,2026-08-28T02:01:39Z
2026-08-28T01:53:23Z,2026-08-28T03:53:23+0200,565fb0ed-db72-48c6-a54e-0fdff3a4721b,2026-08-05T21:45:00Z,2026-08-05T23:45:00+0200,128.26,EUR/MWh,ES,ES,imbalance_price,Long,2026-08-28T02:01:39Z
2026-08-28T01:53:23Z,2026-08-28T03:53:23+0200,565fb0ed-db72-48c6-a54e-0fdff3a4721b,2026-08-05T21:45:00Z,2026-08-05T23:45:00+0200,176.23,EUR/MWh,ES,ES,imbalance_price,Short,2026-08-28T02:01:39Z
2026-08-28T01:53:23Z,2026-08-28T03:53:23+0200,565fb0ed-db72-48c6-a54e-0fdff3a4721b,2026-08-05T22:00:00Z,2026-08-06T00:00:00+0200,200.86,EUR/MWh,ES,ES,imbalance_price,Long,2026-08-28T02:01:39Z
2026-08-28T01:53:23Z,2026-08-28T03:53:23+0200,565fb0ed-db72-48c6-a54e-0fdff3a4721b,2026-08-05T22:00:00Z,2026-08-06T00:00:00+0200,200.86,EUR/MWh,ES,ES,imbalance_price,Short,2026-08-28T02:01:39Z
2026-08-28T01:53:23Z,2026-08-28T03:53:23+0200,565fb0ed-db72-48c6-a54e-0fdff3a4721b,2026-08-05T22:15:00Z,2026-08-06T00:15:00+0200,185.63,EUR/MWh,ES,ES,imbalance_price,Long,2026-08-28T02:01:39Z
2026-08-28T01:53:23Z,2026-08-28T03:53:23+0200,565fb0ed-db72-48c6-a54e-0fdff3a4721b,2026-08-05T22:15:00Z,2026-08-06T00:15:00+0200,185.63,EUR/MWh,ES,ES,imbalance_price,Short,2026-08-28T02:01:39Z
2026-08-28T01:53:23Z,2026-08-28T03:53:23+0200,565fb0ed-db72-48c6-a54e-0fdff3a4721b,2026-08-05T22:30:00Z,2026-08-06T00:30:00+0200,186.79,EUR/MWh,ES,ES,imbalance_price,Long,2026-08-28T02:01:39Z
2026-08-28T01:53:23Z,2026-08-28T03:53:23+0200,565fb0ed-db72-48c6-a54e-0fdff3a4721b,2026-08-05T22:30:00Z,2026-08-06T00:30:00+0200,186.79,EUR/MWh,ES,ES,imbalance_price,Short,2026-08-28T02:01:39Z
2026-08-28T01:53:23Z,2026-08-28T03:53:23+0200,565fb0ed-db72-48c6-a54e-0fdff3a4721b,2026-08-05T22:45:00Z,2026-08-06T00:45:00+0200,186.78,EUR/MWh,ES,ES,imbalance_price,Long,2026-08-28T02:01:39Z
2026-08-28T01:53:23Z,2026-08-28T03:53:23+0200,565fb0ed-db72-48c6-a54e-0fdff3a4721b,2026-08-05T22:45:00Z,2026-08-06T00:45:00+0200,186.78,EUR/MWh,ES,ES,imbalance_price,Short,2026-08-28T02:01:39Z
2026-08-28T01:53:23Z,2026-08-28T03:53:23+0200,565fb0ed-db72-48c6-a54e-0fdff3a4721b,2026-08-05T23:00:00Z,2026-08-06T01:00:00+0200,91.16,EUR/MWh,ES,ES,imbalance_price,Long,2026-08-28T02:01:39Z
2026-08-28T01:53:23Z,2026-08-28T03:53:23+0200,565fb0ed-db72-48c6-a54e-0fdff3a4721b,2026-08-05T23:00:00Z,2026-08-06T01:00:00+0200,184.63,EUR/MWh,ES,ES,imbalance_price,Short,2026-08-28T02:01:39Z
2026-08-28T01:53:23Z,2026-08-28T03:53:23+0200,565fb0ed-db72-48c6-a54e-0fdff3a4721b,2026-08-05T23:15:00Z,2026-08-06T01:15:00+0200,98.77,EUR/MWh,ES,ES,imbalance_price,Long,2026-08-28T02:01:39Z
2026-08-28T01:53:23Z,2026-08-28T03:53:23+0200,565fb0ed-db72-48c6-a54e-0fdff3a4721b,2026-08-05T23:15:00Z,2026-08-06T01:15:00+0200,186.22,EUR/MWh,ES,ES,imbalance_price,Short,2026-08-28T02:01:39Z
2026-08-28T01:53:23Z,2026-08-28T03:53:23+0200,565fb0ed-db72-48c6-a54e-0fdff3a4721b,2026-08-05T23:30:00Z,2026-08-06T01:30:00+0200,102.07,EUR/MWh,ES,ES,imbalance_price,Long,2026-08-28T02:01:39Z
2026-08-28T01:53:23Z,2026-08-28T03:53:23+0200,565fb0ed-db72-48c6-a54e-0fdff3a4721b,2026-08-05T23:30:00Z,2026-08-06T01:30:00+0200,187.01,EUR/MWh,ES,ES,imbalance_price,Short,2026-08-28T02:01:39Z
2026-08-28T01:53:23Z,2026-08-28T03:53:23+0200,565fb0ed-db72-48c6-a54e-0fdff3a4721b,2026-08-05T23:45:00Z,2026-08-06T01:45:00+0200,114.64,EUR/MWh,ES,ES,imbalance_price,Long,2026-08-28T02:01:39Z
2026-08-28T01:53:23Z,2026-08-28T03:53:23+0200,565fb0ed-db72-48c6-a54e-0fdff3a4721b,2026-08-05T23:45:00Z,2026-08-06T01:45:00+0200,186.17,EUR/MWh,ES,ES,imbalance_price,Short,2026-08-28T02:01:39Z
2026-08-28T01:53:23Z,2026-08-28T03:53:23+0200,565fb0ed-db72-48c6-a54e-0fdff3a4721b,2026-08-06T00:00:00Z,2026-08-06T02:00:00+0200,183.83,EUR/MWh,ES,ES,imbalance_price,Long,2026-08-28T02:01:39Z
2026-08-28T01:53:23Z,2026-08-28T03:53:23+0200,565fb0ed-db72-48c6-a54e-0fdff3a4721b,2026-08-06T00:00:00Z,2026-08-06T02:00:00+0200,183.83,EUR/MWh,ES,ES,imbalance_price,Short,2026-08-28T02:01:39Z
2026-08-28T01:53:23Z,2026-08-28T03:53:23+0200,565fb0ed-db72-48c6-a54e-0fdff3a4721b,2026-08-06T00:15:00Z,2026-08-06T02:15:00+0200,184.34,EUR/MWh,ES,ES,imbalance_price,Long,2026-08-28T02:01:39Z
2026-08-28T01:53:23Z,2026-08-28T03:53:23+0200,565fb0ed-db72-48c6-a54e-0fdff3a4721b,2026-08-06T00:15:00Z,2026-08-06T02:15:00+0200,184.34,EUR/MWh,ES,ES,imbalance_price,Short,2026-08-28T02:01:39Z
2026-08-28T01:53:23Z,2026-08-28T03:53:23+0200,565fb0ed-db72-48c6-a54e-0fdff3a4721b,2026-08-06T00:30:00Z,2026-08-06T02:30:00+0200,58.92,EUR/MWh,ES,ES,imbalance_price,Long,2026-08-28T02:01:39Z
2026-08-28T01:53:23Z,2026-08-28T03:53:23+0200,565fb0ed-db72-48c6-a54e-0fdff3a4721b,2026-08-06T00:30:00Z,2026-08-06T02:30:00+0200,183.93,EUR/MWh,ES,ES,imbalance_price,Short,2026-08-28T02:01:39Z
2026-08-28T01:53:23Z,2026-08-28T03:53:23+0200,565fb0ed-db72-48c6-a54e-0fdff3a4721b,2026-08-06T00:45:00Z,2026-08-06T02:45:00+0200,118.94,EUR/MWh,ES,ES,imbalance_price,Long,2026-08-28T02:01:39Z
2026-08-28T01:53:23Z,2026-08-28T03:53:23+0200,565fb0ed-db72-48c6-a54e-0fdff3a4721b,2026-08-06T00:45:00Z,2026-08-06T02:45:00+0200,184.22,EUR/MWh,ES,ES,imbalance_price,Short,2026-08-28T02:01:39Z
2026-08-28T01:53:23Z,2026-08-28T03:53:23+0200,565fb0ed-db72-48c6-a54e-0fdff3a4721b,2026-08-06T01:00:00Z,2026-08-06T03:00:00+0200,9.73,EUR/MWh,ES,ES,imbalance_price,Long,2026-08-28T02:01:39Z
2026-08-28T01:53:23Z,2026-08-28T03:53:23+0200,565fb0ed-db72-48c6-a54e-0fdff3a4721b,2026-08-06T01:00:00Z,2026-08-06T03:00:00+0200,184.21,EUR/MWh,ES,ES,imbalance_price,Short,2026-08-28T02:01:39Z
2026-08-28T01:53:23Z,2026-08-28T03:53:23+0200,565fb0ed-db72-48c6-a54e-0fdff3a4721b,2026-08-06T01:15:00Z,2026-08-06T03:15:00+0200,12.15,EUR/MWh,ES,ES,imbalance_price,Long,2026-08-28T02:01:39Z
2026-08-28T01:53:23Z,2026-08-28T03:53:23+0200,565fb0ed-db72-48c6-a54e-0fdff3a4721b,2026-08-06T01:15:00Z,2026-08-06T03:15:00+0200,184.04,EUR/MWh,ES,ES,imbalance_price,Short,2026-08-28T02:01:39Z
2026-08-28T01:53:23Z,2026-08-28T03:53:23+0200,565fb0ed-db72-48c6-a54e-0fdff3a4721b,2026-08-06T01:30:00Z,2026-08-06T03:30:00+0200,42.23,EUR/MWh,ES,ES,imbalance_price,Long,2026-08-28T02:01:39Z
2026-08-28T01:53:23Z,2026-08-28T03:53:23+0200,565fb0ed-db72-48c6-a54e-0fdff3a4721b,2026-08-06T01:30:00Z,2026-08-06T03:30:00+0200,184.95,EUR/MWh,ES,ES,imbalance_price,Short,2026-08-28T02:01:39Z
2026-08-28T01:53:23Z,2026-08-28T03:53:23+0200,565fb0ed-db72-48c6-a54e-0fdff3a4721b,2026-08-06T01:45:00Z,2026-08-06T03:45:00+0200,88.46,EUR/MWh,ES,ES,imbalance_price,Long,2026-08-28T02:01:39Z
2026-08-28T01:53:23Z,2026-08-28T03:53:23+0200,565fb0ed-db72-48c6-a54e-0fdff3a4721b,2026-08-06T01:45:00Z,2026-08-06T03:45:00+0200,182.0,EUR/MWh,ES,ES,imbalance_price,Short,2026-08-28T02:01:39Z
2026-08-28T01:53:23Z,2026-08-28T03:53:23+0200,565fb0ed-db72-48c6-a54e-0fdff3a4721b,2026-08-06T02:00:00Z,2026-08-06T04:00:00+0200,0.0,EUR/MWh,ES,ES,imbalance_price,Long,2026-08-28T02:01:39Z
2026-08-28T01:53:23Z,2026-08-28T03:53:23+0200,565fb0ed-db72-48c6-a54e-0fdff3a4721b,2026-08-06T02:00:00Z,2026-08-06T04:00:00+0200,180.98,EUR/MWh,ES,ES,imbalance_price,Short,2026-08-28T02:01:39Z
2026-08-28T01:53:23Z,2026-08-28T03:53:23+0200,565fb0ed-db72-48c6-a54e-0fdff3a4721b,2026-08-06T02:15:00Z,2026-08-06T04:15:00+0200,0.0,EUR/MWh,ES,ES,imbalance_price,Long,2026-08-28T02:01:39Z
2026-08-28T01:53:23Z,2026-08-28T03:53:23+0200,565fb0ed-db72-48c6-a54e-0fdff3a4721b,2026-08-06T02:15:00Z,2026-08-06T04:15:00+0200,180.76,EUR/MWh,ES,ES,imbalance_price,Short,2026-08-28T02:01:39Z
2026-08-28T01:53:23Z,2026-08-28T03:53:23+0200,565fb0ed-db72-48c6-a54e-0fdff3a4721b,2026-08-06T02:30:00Z,2026-08-06T04:30:00+0200,0.0,EUR/MWh,ES,ES,imbalance_price,Long,2026-08-28T02:01:39Z
2026-08-28T01:53:23Z,2026-08-28T03:53:23+0200,565fb0ed-db72-48c6-a54e-0fdff3a4721b,2026-08-06T02:30:00Z,2026-08-06T04:30:00+0200,182.32,EUR/MWh,ES,ES,imbalance_price,Short,2026-08-28T02:01:39Z
2026-08-28T01:53:23Z,2026-08-28T03:53:23+0200,565fb0ed-db72-48c6-a54e-0fdff3a4721b,2026-08-06T02:45:00Z,2026-08-06T04:45:00+0200,72.63,EUR/MWh,ES,ES,imbalance_price,Long,2026-08-28T02:01:39Z
2026-08-28T01:53:23Z,2026-08-28T03:53:23+0200,565fb0ed-db72-48c6-a54e-0fdff3a4721b,2026-08-06T02:45:00Z,2026-08-06T04:45:00+0200,183.99,EUR/MWh,ES,ES,imbalance_price,Short,2026-08-28T02:01:39Z
2026-08-28T01:53:23Z,2026-08-28T03:53:23+0200,565fb0ed-db72-48c6-a54e-0fdff3a4721b,2026-08-06T03:00:00Z,2026-08-06T05:00:00+0200,0.0,EUR/MWh,ES,ES,imbalance_price,Long,2026-08-28T02:01:39Z
2026-08-28T01:53:23Z,2026-08-28T03:53:23+0200,565fb0ed-db72-48c6-a54e-0fdff3a4721b,2026-08-06T03:00:00Z,2026-08-06T05:00:00+0200,178.76,EUR/MWh,ES,ES,imbalance_price,Short,2026-08-28T02:01:39Z
2026-08-28T01:53:23Z,2026-08-28T03:53:23+0200,565fb0ed-db72-48c6-a54e-0fdff3a4721b,2026-08-06T03:15:00Z,2026-08-06T05:15:00+0200,0.0,EUR/MWh,ES,ES,imbalance_price,Long,2026-08-28T02:01:39Z
2026-08-28T01:53:23Z,2026-08-28T03:53:23+0200,565fb0ed-db72-48c6-a54e-0fdff3a4721b,2026-08-06T03:15:00Z,2026-08-06T05:15:00+0200,169.25,EUR/MWh,ES,ES,imbalance_price,Short,2026-08-28T02:01:39Z
2026-08-28T01:53:23Z,2026-08-28T03:53:23+0200,565fb0ed-db72-48c6-a54e-0fdff3a4721b,2026-08-06T03:30:00Z,2026-08-06T05:30:00+0200,19.95,EUR/MWh,ES,ES,imbalance_price,Long,2026-08-28T02:01:39Z
2026-08-28T01:53:23Z,2026-08-28T03:53:23+0200,565fb0ed-db72-48c6-a54e-0fdff3a4721b,2026-08-06T03:30:00Z,2026-08-06T05:30:00+0200,177.23,EUR/MWh,ES,ES,imbalance_price,Short,2026-08-28T02:01:39Z
2026-08-28T01:53:23Z,2026-08-28T03:53:23+0200,565fb0ed-db72-48c6-a54e-0fdff3a4721b,2026-08-06T03:45:00Z,2026-08-06T05:45:00+0200,101.53,EUR/MWh,ES,ES,imbalance_price,Long,2026-08-28T02:01:39Z
2026-08-28T01:53:23Z,2026-08-28T03:53:23+0200,565fb0ed-db72-48c6-a54e-0fdff3a4721b,2026-08-06T03:45:00Z,2026-08-06T05:45:00+0200,183.9,EUR/MWh,ES,ES,imbalance_price,Short,2026-08-28T02:01:39Z
2026-08-28T01:53:23Z,2026-08-28T03:53:23+0200,565fb0ed-db72-48c6-a54e-0fdff3a4721b,2026-08-06T04:00:00Z,2026-08-06T06:00:00+0200,108.4,EUR/MWh,ES,ES,imbalance_price,Long,2026-08-28T02:01:39Z
2026-08-28T01:53:23Z,2026-08-28T03:53:23+0200,565fb0ed-db72-48c6-a54e-0fdff3a4721b,2026-08-06T04:00:00Z,2026-08-06T06:00:00+0200,168.12,EUR/MWh,ES,ES,imbalance_price,Short,2026-08-28T02:01:39Z
2026-08-28T01:53:23Z,2026-08-28T03:53:23+0200,565fb0ed-db72-48c6-a54e-0fdff3a4721b,2026-08-06T04:15:00Z,2026-08-06T06:15:00+0200,120.78,EUR/MWh,ES,ES,imbalance_price,Long,2026-08-28T02:01:39Z
2026-08-28T01:53:23Z,2026-08-28T03:53:23+0200,565fb0ed-db72-48c6-a54e-0fdff3a4721b,2026-08-06T04:15:00Z,2026-08-06T06:15:00+0200,169.76,EUR/MWh,ES,ES,imbalance_price,Short,2026-08-28T02:01:39Z
2026-08-28T01:53:23Z,2026-08-28T03:53:23+0200,565fb0ed-db72-48c6-a54e-0fdff3a4721b,2026-08-06T04:30:00Z,2026-08-06T06:30:00+0200,118.09,EUR/MWh,ES,ES,imbalance_price,Long,2026-08-28T02:01:39Z
2026-08-28T01:53:23Z,2026-08-28T03:53:23+0200,565fb0ed-db72-48c6-a54e-0fdff3a4721b,2026-08-06T04:30:00Z,2026-08-06T06:30:00+0200,180.86,EUR/MWh,ES,ES,imbalance_price,Short,2026-08-28T02:01:39Z
2026-08-28T01:53:23Z,2026-08-28T03:53:23+0200,565fb0ed-db72-48c6-a54e-0fdff3a4721b,2026-08-06T04:45:00Z,2026-08-06T06:45:00+0200,108.6,EUR/MWh,ES,ES,imbalance_price,Long,2026-08-28T02:01:39Z
2026-08-28T01:53:23Z,2026-08-28T03:53:23+0200,565fb0ed-db72-48c6-a54e-0fdff3a4721b,2026-08-06T04:45:00Z,2026-08-06T06:45:00+0200,182.8,EUR/MWh,ES,ES,imbalance_price,Short,2026-08-28T02:01:39Z
2026-08-28T01:53:23Z,2026-08-28T03:53:23+0200,565fb0ed-db72-48c6-a54e-0fdff3a4721b,2026-08-06T05:00:00Z,2026-08-06T07:00:00+0200,10.0,EUR/MWh,ES,ES,imbalance_price,Long,2026-08-28T02:01:39Z
2026-08-28T01:53:23Z,2026-08-28T03:53:23+0200,565fb0ed-db72-48c6-a54e-0fdff3a4721b,2026-08-06T05:00:00Z,2026-08-06T07:00:00+0200,174.9,EUR/MWh,ES,ES,imbalance_price,Short,2026-08-28T02:01:39Z
2026-08-28T01:53:23Z,2026-08-28T03:53:23+0200,565fb0ed-db72-48c6-a54e-0fdff3a4721b,2026-08-06T05:15:00Z,2026-08-06T07:15:00+0200,178.21,EUR/MWh,ES,ES,imbalance_price,Long,2026-08-28T02:01:39Z
2026-08-28T01:53:23Z,2026-08-28T03:53:23+0200,565fb0ed-db72-48c6-a54e-0fdff3a4721b,2026-08-06T05:15:00Z,2026-08-06T07:15:00+0200,178.21,EUR/MWh,ES,ES,imbalance_price,Short,2026-08-28T02:01:39Z
2026-08-28T01:53:23Z,2026-08-28T03:53:23+0200,565fb0ed-db72-48c6-a54e-0fdff3a4721b,2026-08-06T05:30:00Z,2026-08-06T07:30:00+0200,176.9,EUR/MWh,ES,ES,imbalance_price,Long,2026-08-28T02:01:39Z
2026-08-28T01:53:23Z,2026-08-28T03:53:23+0200,565fb0ed-db72-48c6-a54e-0fdff3a4721b,2026-08-06T05:30:00Z,2026-08-06T07:30:00+0200,176.9,EUR/MWh,ES,ES,imbalance_price,Short,2026-08-28T02:01:39Z
2026-08-28T01:53:23Z,2026-08-28T03:53:23+0200,565fb0ed-db72-48c6-a54e-0fdff3a4721b,2026-08-06T05:45:00Z,2026-08-06T07:45:00+0200,72.74,EUR/MWh,ES,ES,imbalance_price,Long,2026-08-28T02:01:39Z
2026-08-28T01:53:23Z,2026-08-28T03:53:23+0200,565fb0ed-db72-48c6-a54e-0fdff3a4721b,2026-08-06T05:45:00Z,2026-08-06T07:45:00+0200,173.34,EUR/MWh,ES,ES,imbalance_price,Short,2026-08-28T02:01:39Z
2026-08-28T01:53:23Z,2026-08-28T03:53:23+0200,565fb0ed-db72-48c6-a54e-0fdff3a4721b,2026-08-06T06:00:00Z,2026-08-06T08:00:00+0200,9.84,EUR/MWh,ES,ES,imbalance_price,Long,2026-08-28T02:01:39Z
2026-08-28T01:53:23Z,2026-08-28T03:53:23+0200,565fb0ed-db72-48c6-a54e-0fdff3a4721b,2026-08-06T06:00:00Z,2026-08-06T08:00:00+0200,171.0,EUR/MWh,ES,ES,imbalance_price,Short,2026-08-28T02:01:39Z
2026-08-28T01:53:23Z,2026-08-28T03:53:23+0200,565fb0ed-db72-48c6-a54e-0fdff3a4721b,2026-08-06T06:15:00Z,2026-08-06T08:15:00+0200,0.0,EUR/MWh,ES,ES,imbalance_price,Long,2026-08-28T02:01:39Z
2026-08-28T01:53:23Z,2026-08-28T03:53:23+0200,565fb0ed-db72-48c6-a54e-0fdff3a4721b,2026-08-06T06:15:00Z,2026-08-06T08:15:00+0200,171.67,EUR/MWh,ES,ES,imbalance_price,Short,2026-08-28T02:01:39Z
2026-08-28T01:53:23Z,2026-08-28T03:53:23+0200,565fb0ed-db72-48c6-a54e-0fdff3a4721b,2026-08-06T06:30:00Z,2026-08-06T08:30:00+0200,119.4,EUR/MWh,ES,ES,imbalance_price,Long,2026-08-28T02:01:39Z
2026-08-28T01:53:23Z,2026-08-28T03:53:23+0200,565fb0ed-db72-48c6-a54e-0fdff3a4721b,2026-08-06T06:30:00Z,2026-08-06T08:30:00+0200,161.31,EUR/MWh,ES,ES,imbalance_price,Short,2026-08-28T02:01:39Z
2026-08-28T01:53:23Z,2026-08-28T03:53:23+0200,565fb0ed-db72-48c6-a54e-0fdff3a4721b,2026-08-06T06:45:00Z,2026-08-06T08:45:00+0200,80.07,EUR/MWh,ES,ES,imbalance_price,Long,2026-08-28T02:01:39Z
2026-08-28T01:53:23Z,2026-08-28T03:53:23+0200,565fb0ed-db72-48c6-a54e-0fdff3a4721b,2026-08-06T06:45:00Z,2026-08-06T08:45:00+0200,131.49,EUR/MWh,ES,ES,imbalance_price,Short,2026-08-28T02:01:39Z
2026-08-28T01:53:23Z,2026-08-28T03:53:23+0200,565fb0ed-db72-48c6-a54e-0fdff3a4721b,2026-08-06T07:00:00Z,2026-08-06T09:00:00+0200,67.27,EUR/MWh,ES,ES,imbalance_price,Long,2026-08-28T02:01:39Z
2026-08-28T01:53:23Z,2026-08-28T03:53:23+0200,565fb0ed-db72-48c6-a54e-0fdff3a4721b,2026-08-06T07:00:00Z,2026-08-06T09:00:00+0200,130.09,EUR/MWh,ES,ES,imbalance_price,Short,2026-08-28T02:01:39Z
2026-08-28T01:53:23Z,2026-08-28T03:53:23+0200,565fb0ed-db72-48c6-a54e-0fdff3a4721b,2026-08-06T07:15:00Z,2026-08-06T09:15:00+0200,84.08,EUR/MWh,ES,ES,imbalance_price,Long,2026-08-28T02:01:39Z
2026-08-28T01:53:23Z,2026-08-28T03:53:23+0200,565fb0ed-db72-48c6-a54e-0fdff3a4721b,2026-08-06T07:15:00Z,2026-08-06T09:15:00+0200,187.49,EUR/MWh,ES,ES,imbalance_price,Short,2026-08-28T02:01:39Z
2026-08-28T01:53:23Z,2026-08-28T03:53:23+0200,565fb0ed-db72-48c6-a54e-0fdff3a4721b,2026-08-06T07:30:00Z,2026-08-06T09:30:00+0200,58.38,EUR/MWh,ES,ES,imbalance_price,Long,2026-08-28T02:01:39Z
2026-08-28T01:53:23Z,2026-08-28T03:53:23+0200,565fb0ed-db72-48c6-a54e-0fdff3a4721b,2026-08-06T07:30:00Z,2026-08-06T09:30:00+0200,106.59,EUR/MWh,ES,ES,imbalance_price,Short,2026-08-28T02:01:39Z
2026-08-28T01:53:23Z,2026-08-28T03:53:23+0200,565fb0ed-db72-48c6-a54e-0fdff3a4721b,2026-08-06T07:45:00Z,2026-08-06T09:45:00+0200,1.68,EUR/MWh,ES,ES,imbalance_price,Long,2026-08-28T02:01:39Z
2026-08-28T01:53:23Z,2026-08-28T03:53:23+0200,565fb0ed-db72-48c6-a54e-0fdff3a4721b,2026-08-06T07:45:00Z,2026-08-06T09:45:00+0200,32.8,EUR/MWh,ES,ES,imbalance_price,Short,2026-08-28T02:01:39Z
2026-08-28T01:53:23Z,2026-08-28T03:53:23+0200,565fb0ed-db72-48c6-a54e-0fdff3a4721b,2026-08-06T08:00:00Z,2026-08-06T10:00:00+0200,51.65,EUR/MWh,ES,ES,imbalance_price,Long,2026-08-28T02:01:39Z
2026-08-28T01:53:23Z,2026-08-28T03:53:23+0200,565fb0ed-db72-48c6-a54e-0fdff3a4721b,2026-08-06T08:00:00Z,2026-08-06T10:00:00+0200,95.43,EUR/MWh,ES,ES,imbalance_price,Short,2026-08-28T02:01:39Z
2026-08-28T01:53:23Z,2026-08-28T03:53:23+0200,565fb0ed-db72-48c6-a54e-0fdff3a4721b,2026-08-06T08:15:00Z,2026-08-06T10:15:00+0200,38.65,EUR/MWh,ES,ES,imbalance_price,Long,2026-08-28T02:01:39Z
2026-08-28T01:53:23Z,2026-08-28T03:53:23+0200,565fb0ed-db72-48c6-a54e-0fdff3a4721b,2026-08-06T08:15:00Z,2026-08-06T10:15:00+0200,85.94,EUR/MWh,ES,ES,imbalance_price,Short,2026-08-28T02:01:39Z
2026-08-28T01:53:23Z,2026-08-28T03:53:23+0200,565fb0ed-db72-48c6-a54e-0fdff3a4721b,2026-08-06T08:30:00Z,2026-08-06T10:30:00+0200,12.81,EUR/MWh,ES,ES,imbalance_price,Long,2026-08-28T02:01:39Z
2026-08-28T01:53:23Z,2026-08-28T03:53:23+0200,565fb0ed-db72-48c6-a54e-0fdff3a4721b,2026-08-06T08:30:00Z,2026-08-06T10:30:00+0200,43.79,EUR/MWh,ES,ES,imbalance_price,Short,2026-08-28T02:01:39Z
2026-08-28T01:53:23Z,2026-08-28T03:53:23+0200,565fb0ed-db72-48c6-a54e-0fdff3a4721b,2026-08-06T08:45:00Z,2026-08-06T10:45:00+0200,68.26,EUR/MWh,ES,ES,imbalance_price,Long,2026-08-28T02:01:39Z
2026-08-28T01:53:23Z,2026-08-28T03:53:23+0200,565fb0ed-db72-48c6-a54e-0fdff3a4721b,2026-08-06T08:45:00Z,2026-08-06T10:45:00+0200,4285.86,EUR/MWh,ES,ES,imbalance_price,Short,2026-08-28T02:01:39Z
2026-08-28T01:53:23Z,2026-08-28T03:53:23+0200,565fb0ed-db72-48c6-a54e-0fdff3a4721b,2026-08-06T09:00:00Z,2026-08-06T11:00:00+0200,100.74,EUR/MWh,ES,ES,imbalance_price,Long,2026-08-28T02:01:39Z
2026-08-28T01:53:23Z,2026-08-28T03:53:23+0200,565fb0ed-db72-48c6-a54e-0fdff3a4721b,2026-08-06T09:00:00Z,2026-08-06T11:00:00+0200,3509.45,EUR/MWh,ES,ES,imbalance_price,Short,2026-08-28T02:01:39Z
2026-08-28T01:53:23Z,2026-08-28T03:53:23+0200,565fb0ed-db72-48c6-a54e-0fdff3a4721b,2026-08-06T09:15:00Z,2026-08-06T11:15:00+0200,1.01,EUR/MWh,ES,ES,imbalance_price,Long,2026-08-28T02:01:39Z
2026-08-28T01:53:23Z,2026-08-28T03:53:23+0200,565fb0ed-db72-48c6-a54e-0fdff3a4721b,2026-08-06T09:15:00Z,2026-08-06T11:15:00+0200,104.15,EUR/MWh,ES,ES,imbalance_price,Short,2026-08-28T02:01:39Z
2026-08-28T01:53:23Z,2026-08-28T03:53:23+0200,565fb0ed-db72-48c6-a54e-0fdff3a4721b,2026-08-06T09:30:00Z,2026-08-06T11:30:00+0200,-0.25,EUR/MWh,ES,ES,imbalance_price,Long,2026-08-28T02:01:39Z
2026-08-28T01:53:23Z,2026-08-28T03:53:23+0200,565fb0ed-db72-48c6-a54e-0fdff3a4721b,2026-08-06T09:30:00Z,2026-08-06T11:30:00+0200,134.67,EUR/MWh,ES,ES,imbalance_price,Short,2026-08-28T02:01:39Z
2026-08-28T01:53:23Z,2026-08-28T03:53:23+0200,565fb0ed-db72-48c6-a54e-0fdff3a4721b,2026-08-06T09:45:00Z,2026-08-06T11:45:00+0200,0.28,EUR/MWh,ES,ES,imbalance_price,Long,2026-08-28T02:01:39Z
2026-08-28T01:53:23Z,2026-08-28T03:53:23+0200,565fb0ed-db72-48c6-a54e-0fdff3a4721b,2026-08-06T09:45:00Z,2026-08-06T11:45:00+0200,6.66,EUR/MWh,ES,ES,imbalance_price,Short,2026-08-28T02:01:39Z
2026-08-28T01:53:23Z,2026-08-28T03:53:23+0200,565fb0ed-db72-48c6-a54e-0fdff3a4721b,2026-08-06T10:00:00Z,2026-08-06T12:00:00+0200,2.16,EUR/MWh,ES,ES,imbalance_price,Long,2026-08-28T02:01:39Z
2026-08-28T01:53:23Z,2026-08-28T03:53:23+0200,565fb0ed-db72-48c6-a54e-0fdff3a4721b,2026-08-06T10:00:00Z,2026-08-06T12:00:00+0200,170.34,EUR/MWh,ES,ES,imbalance_price,Short,2026-08-28T02:01:39Z
2026-08-28T01:53:23Z,2026-08-28T03:53:23+0200,565fb0ed-db72-48c6-a54e-0fdff3a4721b,2026-08-06T10:15:00Z,2026-08-06T12:15:00+0200,-1.7,EUR/MWh,ES,ES,imbalance_price,Long,2026-08-28T02:01:39Z
2026-08-28T01:53:23Z,2026-08-28T03:53:23+0200,565fb0ed-db72-48c6-a54e-0fdff3a4721b,2026-08-06T10:15:00Z,2026-08-06T12:15:00+0200,73.54,EUR/MWh,ES,ES,imbalance_price,Short,2026-08-28T02:01:39Z
2026-08-28T01:53:23Z,2026-08-28T03:53:23+0200,565fb0ed-db72-48c6-a54e-0fdff3a4721b,2026-08-06T10:30:00Z,2026-08-06T12:30:00+0200,-4.09,EUR/MWh,ES,ES,imbalance_price,Long,2026-08-28T02:01:39Z
2026-08-28T01:53:23Z,2026-08-28T03:53:23+0200,565fb0ed-db72-48c6-a54e-0fdff3a4721b,2026-08-06T10:30:00Z,2026-08-06T12:30:00+0200,5.62,EUR/MWh,ES,ES,imbalance_price,Short,2026-08-28T02:01:39Z
2026-08-28T01:53:23Z,2026-08-28T03:53:23+0200,565fb0ed-db72-48c6-a54e-0fdff3a4721b,2026-08-06T10:45:00Z,2026-08-06T12:45:00+0200,-0.84,EUR/MWh,ES,ES,imbalance_price,Long,2026-08-28T02:01:39Z
2026-08-28T01:53:23Z,2026-08-28T03:53:23+0200,565fb0ed-db72-48c6-a54e-0fdff3a4721b,2026-08-06T10:45:00Z,2026-08-06T12:45:00+0200,-0.84,EUR/MWh,ES,ES,imbalance_price,Short,2026-08-28T02:01:39Z
2026-08-28T01:53:23Z,2026-08-28T03:53:23+0200,565fb0ed-db72-48c6-a54e-0fdff3a4721b,2026-08-06T11:00:00Z,2026-08-06T13:00:00+0200,-0.46,EUR/MWh,ES,ES,imbalance_price,Long,2026-08-28T02:01:39Z
2026-08-28T01:53:23Z,2026-08-28T03:53:23+0200,565fb0ed-db72-48c6-a54e-0fdff3a4721b,2026-08-06T11:00:00Z,2026-08-06T13:00:00+0200,70.17,EUR/MWh,ES,ES,imbalance_price,Short,2026-08-28T02:01:39Z
2026-08-28T01:53:23Z,2026-08-28T03:53:23+0200,565fb0ed-db72-48c6-a54e-0fdff3a4721b,2026-08-06T11:15:00Z,2026-08-06T13:15:00+0200,-0.01,EUR/MWh,ES,ES,imbalance_price,Long,2026-08-28T02:01:39Z
2026-08-28T01:53:23Z,2026-08-28T03:53:23+0200,565fb0ed-db72-48c6-a54e-0fdff3a4721b,2026-08-06T11:15:00Z,2026-08-06T13:15:00+0200,120.45,EUR/MWh,ES,ES,imbalance_price,Short,2026-08-28T02:01:39Z
2026-08-28T01:53:23Z,2026-08-28T03:53:23+0200,565fb0ed-db72-48c6-a54e-0fdff3a4721b,2026-08-06T11:30:00Z,2026-08-06T13:30:00+0200,-0.01,EUR/MWh,ES,ES,imbalance_price,Long,2026-08-28T02:01:39Z
2026-08-28T01:53:23Z,2026-08-28T03:53:23+0200,565fb0ed-db72-48c6-a54e-0fdff3a4721b,2026-08-06T11:30:00Z,2026-08-06T13:30:00+0200,186.04,EUR/MWh,ES,ES,imbalance_price,Short,2026-08-28T02:01:39Z
2026-08-28T01:53:23Z,2026-08-28T03:53:23+0200,565fb0ed-db72-48c6-a54e-0fdff3a4721b,2026-08-06T11:45:00Z,2026-08-06T13:45:00+0200,1.43,EUR/MWh,ES,ES,imbalance_price,Long,2026-08-28T02:01:39Z
2026-08-28T01:53:23Z,2026-08-28T03:53:23+0200,565fb0ed-db72-48c6-a54e-0fdff3a4721b,2026-08-06T11:45:00Z,2026-08-06T13:45:00+0200,32.44,EUR/MWh,ES,ES,imbalance_price,Short,2026-08-28T02:01:39Z
2026-08-28T01:53:23Z,2026-08-28T03:53:23+0200,565fb0ed-db72-48c6-a54e-0fdff3a4721b,2026-08-06T12:00:00Z,2026-08-06T14:00:00+0200,-1.85,EUR/MWh,ES,ES,imbalance_price,Long,2026-08-28T02:01:39Z
2026-08-28T01:53:23Z,2026-08-28T03:53:23+0200,565fb0ed-db72-48c6-a54e-0fdff3a4721b,2026-08-06T12:00:00Z,2026-08-06T14:00:00+0200,119.98,EUR/MWh,ES,ES,imbalance_price,Short,2026-08-28T02:01:39Z
2026-08-28T01:53:23Z,2026-08-28T03:53:23+0200,565fb0ed-db72-48c6-a54e-0fdff3a4721b,2026-08-06T12:15:00Z,2026-08-06T14:15:00+0200,0.12,EUR/MWh,ES,ES,imbalance_price,Long,2026-08-28T02:01:39Z
2026-08-28T01:53:23Z,2026-08-28T03:53:23+0200,565fb0ed-db72-48c6-a54e-0fdff3a4721b,2026-08-06T12:15:00Z,2026-08-06T14:15:00+0200,91.31,EUR/MWh,ES,ES,imbalance_price,Short,2026-08-28T02:01:39Z
2026-08-28T01:53:23Z,2026-08-28T03:53:23+0200,565fb0ed-db72-48c6-a54e-0fdff3a4721b,2026-08-06T12:30:00Z,2026-08-06T14:30:00+0200,1.07,EUR/MWh,ES,ES,imbalance_price,Long,2026-08-28T02:01:39Z
2026-08-28T01:53:23Z,2026-08-28T03:53:23+0200,565fb0ed-db72-48c6-a54e-0fdff3a4721b,2026-08-06T12:30:00Z,2026-08-06T14:30:00+0200,103.84,EUR/MWh,ES,ES,imbalance_price,Short,2026-08-28T02:01:39Z
2026-08-28T01:53:23Z,2026-08-28T03:53:23+0200,565fb0ed-db72-48c6-a54e-0fdff3a4721b,2026-08-06T12:45:00Z,2026-08-06T14:45:00+0200,-3.11,EUR/MWh,ES,ES,imbalance_price,Long,2026-08-28T02:01:39Z
2026-08-28T01:53:23Z,2026-08-28T03:53:23+0200,565fb0ed-db72-48c6-a54e-0fdff3a4721b,2026-08-06T12:45:00Z,2026-08-06T14:45:00+0200,127.06,EUR/MWh,ES,ES,imbalance_price,Short,2026-08-28T02:01:39Z
2026-08-28T01:53:23Z,2026-08-28T03:53:23+0200,565fb0ed-db72-48c6-a54e-0fdff3a4721b,2026-08-06T13:00:00Z,2026-08-06T15:00:00+0200,-2.66,EUR/MWh,ES,ES,imbalance_price,Long,2026-08-28T02:01:39Z
2026-08-28T01:53:23Z,2026-08-28T03:53:23+0200,565fb0ed-db72-48c6-a54e-0fdff3a4721b,2026-08-06T13:00:00Z,2026-08-06T15:00:00+0200,126.36,EUR/MWh,ES,ES,imbalance_price,Short,2026-08-28T02:01:39Z
2026-08-28T01:53:23Z,2026-08-28T03:53:23+0200,565fb0ed-db72-48c6-a54e-0fdff3a4721b,2026-08-06T13:15:00Z,2026-08-06T15:15:00+0200,-2.57,EUR/MWh,ES,ES,imbalance_price,Long,2026-08-28T02:01:39Z
2026-08-28T01:53:23Z,2026-08-28T03:53:23+0200,565fb0ed-db72-48c6-a54e-0fdff3a4721b,2026-08-06T13:15:00Z,2026-08-06T15:15:00+0200,120.98,EUR/MWh,ES,ES,imbalance_price,Short,2026-08-28T02:01:39Z
2026-08-28T01:53:23Z,2026-08-28T03:53:23+0200,565fb0ed-db72-48c6-a54e-0fdff3a4721b,2026-08-06T13:30:00Z,2026-08-06T15:30:00+0200,0.36,EUR/MWh,ES,ES,imbalance_price,Long,2026-08-28T02:01:39Z
2026-08-28T01:53:23Z,2026-08-28T03:53:23+0200,565fb0ed-db72-48c6-a54e-0fdff3a4721b,2026-08-06T13:30:00Z,2026-08-06T15:30:00+0200,9.97,EUR/MWh,ES,ES,imbalance_price,Short,2026-08-28T02:01:39Z
2026-08-28T01:53:23Z,2026-08-28T03:53:23+0200,565fb0ed-db72-48c6-a54e-0fdff3a4721b,2026-08-06T13:45:00Z,2026-08-06T15:45:00+0200,-1.44,EUR/MWh,ES,ES,imbalance_price,Long,2026-08-28T02:01:39Z
2026-08-28T01:53:23Z,2026-08-28T03:53:23+0200,565fb0ed-db72-48c6-a54e-0fdff3a4721b,2026-08-06T13:45:00Z,2026-08-06T15:45:00+0200,98.77,EUR/MWh,ES,ES,imbalance_price,Short,2026-08-28T02:01:39Z
2026-08-28T01:53:23Z,2026-08-28T03:53:23+0200,565fb0ed-db72-48c6-a54e-0fdff3a4721b,2026-08-06T14:00:00Z,2026-08-06T16:00:00+0200,-4.13,EUR/MWh,ES,ES,imbalance_price,Long,2026-08-28T02:01:39Z
2026-08-28T01:53:23Z,2026-08-28T03:53:23+0200,565fb0ed-db72-48c6-a54e-0fdff3a4721b,2026-08-06T14:00:00Z,2026-08-06T16:00:00+0200,119.31,EUR/MWh,ES,ES,imbalance_price,Short,2026-08-28T02:01:39Z
2026-08-28T01:53:23Z,2026-08-28T03:53:23+0200,565fb0ed-db72-48c6-a54e-0fdff3a4721b,2026-08-06T14:15:00Z,2026-08-06T16:15:00+0200,-7.08,EUR/MWh,ES,ES,imbalance_price,Long,2026-08-28T02:01:39Z
2026-08-28T01:53:23Z,2026-08-28T03:53:23+0200,565fb0ed-db72-48c6-a54e-0fdff3a4721b,2026-08-06T14:15:00Z,2026-08-06T16:15:00+0200,123.84,EUR/MWh,ES,ES,imbalance_price,Short,2026-08-28T02:01:39Z
2026-08-28T01:53:23Z,2026-08-28T03:53:23+0200,565fb0ed-db72-48c6-a54e-0fdff3a4721b,2026-08-06T14:30:00Z,2026-08-06T16:30:00+0200,-2.94,EUR/MWh,ES,ES,imbalance_price,Long,2026-08-28T02:01:39Z
2026-08-28T01:53:23Z,2026-08-28T03:53:23+0200,565fb0ed-db72-48c6-a54e-0fdff3a4721b,2026-08-06T14:30:00Z,2026-08-06T16:30:00+0200,5.02,EUR/MWh,ES,ES,imbalance_price,Short,2026-08-28T02:01:39Z
2026-08-28T01:53:23Z,2026-08-28T03:53:23+0200,565fb0ed-db72-48c6-a54e-0fdff3a4721b,2026-08-06T14:45:00Z,2026-08-06T16:45:00+0200,0.0,EUR/MWh,ES,ES,imbalance_price,Long,2026-08-28T02:01:39Z
2026-08-28T01:53:23Z,2026-08-28T03:53:23+0200,565fb0ed-db72-48c6-a54e-0fdff3a4721b,2026-08-06T14:45:00Z,2026-08-06T16:45:00+0200,38.82,EUR/MWh,ES,ES,imbalance_price,Short,2026-08-28T02:01:39Z
2026-08-28T01:53:23Z,2026-08-28T03:53:23+0200,565fb0ed-db72-48c6-a54e-0fdff3a4721b,2026-08-06T15:00:00Z,2026-08-06T17:00:00+0200,165.24,EUR/MWh,ES,ES,imbalance_price,Long,2026-08-28T02:01:39Z
2026-08-28T01:53:23Z,2026-08-28T03:53:23+0200,565fb0ed-db72-48c6-a54e-0fdff3a4721b,2026-08-06T15:00:00Z,2026-08-06T17:00:00+0200,165.24,EUR/MWh,ES,ES,imbalance_price,Short,2026-08-28T02:01:39Z
2026-08-28T01:53:23Z,2026-08-28T03:53:23+0200,565fb0ed-db72-48c6-a54e-0fdff3a4721b,2026-08-06T15:15:00Z,2026-08-06T17:15:00+0200,183.09,EUR/MWh,ES,ES,imbalance_price,Long,2026-08-28T02:01:39Z
2026-08-28T01:53:23Z,2026-08-28T03:53:23+0200,565fb0ed-db72-48c6-a54e-0fdff3a4721b,2026-08-06T15:15:00Z,2026-08-06T17:15:00+0200,183.09,EUR/MWh,ES,ES,imbalance_price,Short,2026-08-28T02:01:39Z
2026-08-28T01:53:23Z,2026-08-28T03:53:23+0200,565fb0ed-db72-48c6-a54e-0fdff3a4721b,2026-08-06T15:30:00Z,2026-08-06T17:30:00+0200,143.94,EUR/MWh,ES,ES,imbalance_price,Long,2026-08-28T02:01:39Z
2026-08-28T01:53:23Z,2026-08-28T03:53:23+0200,565fb0ed-db72-48c6-a54e-0fdff3a4721b,2026-08-06T15:30:00Z,2026-08-06T17:30:00+0200,143.94,EUR/MWh,ES,ES,imbalance_price,Short,2026-08-28T02:01:39Z
2026-08-28T01:53:23Z,2026-08-28T03:53:23+0200,565fb0ed-db72-48c6-a54e-0fdff3a4721b,2026-08-06T15:45:00Z,2026-08-06T17:45:00+0200,7.0,EUR/MWh,ES,ES,imbalance_price,Long,2026-08-28T02:01:39Z
2026-08-28T01:53:23Z,2026-08-28T03:53:23+0200,565fb0ed-db72-48c6-a54e-0fdff3a4721b,2026-08-06T15:45:00Z,2026-08-06T17:45:00+0200,131.79,EUR/MWh,ES,ES,imbalance_price,Short,2026-08-28T02:01:39Z
2026-08-28T01:53:23Z,2026-08-28T03:53:23+0200,565fb0ed-db72-48c6-a54e-0fdff3a4721b,2026-08-06T16:00:00Z,2026-08-06T18:00:00+0200,50.44,EUR/MWh,ES,ES,imbalance_price,Long,2026-08-28T02:01:39Z
2026-08-28T01:53:23Z,2026-08-28T03:53:23+0200,565fb0ed-db72-48c6-a54e-0fdff3a4721b,2026-08-06T16:00:00Z,2026-08-06T18:00:00+0200,130.15,EUR/MWh,ES,ES,imbalance_price,Short,2026-08-28T02:01:39Z
2026-08-28T01:53:23Z,2026-08-28T03:53:23+0200,565fb0ed-db72-48c6-a54e-0fdff3a4721b,2026-08-06T16:15:00Z,2026-08-06T18:15:00+0200,129.56,EUR/MWh,ES,ES,imbalance_price,Long,2026-08-28T02:01:39Z
2026-08-28T01:53:23Z,2026-08-28T03:53:23+0200,565fb0ed-db72-48c6-a54e-0fdff3a4721b,2026-08-06T16:15:00Z,2026-08-06T18:15:00+0200,129.56,EUR/MWh,ES,ES,imbalance_price,Short,2026-08-28T02:01:39Z
2026-08-28T01:53:23Z,2026-08-28T03:53:23+0200,565fb0ed-db72-48c6-a54e-0fdff3a4721b,2026-08-06T16:30:00Z,2026-08-06T18:30:00+0200,-0.62,EUR/MWh,ES,ES,imbalance_price,Long,2026-08-28T02:01:39Z
2026-08-28T01:53:23Z,2026-08-28T03:53:23+0200,565fb0ed-db72-48c6-a54e-0fdff3a4721b,2026-08-06T16:30:00Z,2026-08-06T18:30:00+0200,111.72,EUR/MWh,ES,ES,imbalance_price,Short,2026-08-28T02:01:39Z
2026-08-28T01:53:23Z,2026-08-28T03:53:23+0200,565fb0ed-db72-48c6-a54e-0fdff3a4721b,2026-08-06T16:45:00Z,2026-08-06T18:45:00+0200,8.68,EUR/MWh,ES,ES,imbalance_price,Long,2026-08-28T02:01:39Z
2026-08-28T01:53:23Z,2026-08-28T03:53:23+0200,565fb0ed-db72-48c6-a54e-0fdff3a4721b,2026-08-06T16:45:00Z,2026-08-06T18:45:00+0200,117.75,EUR/MWh,ES,ES,imbalance_price,Short,2026-08-28T02:01:39Z
2026-08-28T01:53:23Z,2026-08-28T03:53:23+0200,565fb0ed-db72-48c6-a54e-0fdff3a4721b,2026-08-06T17:00:00Z,2026-08-06T19:00:00+0200,10.5,EUR/MWh,ES,ES,imbalance_price,Long,2026-08-28T02:01:39Z
2026-08-28T01:53:23Z,2026-08-28T03:53:23+0200,565fb0ed-db72-48c6-a54e-0fdff3a4721b,2026-08-06T17:00:00Z,2026-08-06T19:00:00+0200,134.06,EUR/MWh,ES,ES,imbalance_price,Short,2026-08-28T02:01:39Z
2026-08-28T01:53:23Z,2026-08-28T03:53:23+0200,565fb0ed-db72-48c6-a54e-0fdff3a4721b,2026-08-06T17:15:00Z,2026-08-06T19:15:00+0200,25.45,EUR/MWh,ES,ES,imbalance_price,Long,2026-08-28T02:01:39Z
2026-08-28T01:53:23Z,2026-08-28T03:53:23+0200,565fb0ed-db72-48c6-a54e-0fdff3a4721b,2026-08-06T17:15:00Z,2026-08-06T19:15:00+0200,142.48,EUR/MWh,ES,ES,imbalance_price,Short,2026-08-28T02:01:39Z
2026-08-28T01:53:23Z,2026-08-28T03:53:23+0200,565fb0ed-db72-48c6-a54e-0fdff3a4721b,2026-08-06T17:30:00Z,2026-08-06T19:30:00+0200,112.85,EUR/MWh,ES,ES,imbalance_price,Long,2026-08-28T02:01:39Z
2026-08-28T01:53:23Z,2026-08-28T03:53:23+0200,565fb0ed-db72-48c6-a54e-0fdff3a4721b,2026-08-06T17:30:00Z,2026-08-06T19:30:00+0200,138.28,EUR/MWh,ES,ES,imbalance_price,Short,2026-08-28T02:01:39Z
2026-08-28T01:53:23Z,2026-08-28T03:53:23+0200,565fb0ed-db72-48c6-a54e-0fdff3a4721b,2026-08-06T17:45:00Z,2026-08-06T19:45:00+0200,156.83,EUR/MWh,ES,ES,imbalance_price,Long,2026-08-28T02:01:39Z
2026-08-28T01:53:23Z,2026-08-28T03:53:23+0200,565fb0ed-db72-48c6-a54e-0fdff3a4721b,2026-08-06T17:45:00Z,2026-08-06T19:45:00+0200,156.83,EUR/MWh,ES,ES,imbalance_price,Short,2026-08-28T02:01:39Z
2026-08-28T01:53:23Z,2026-08-28T03:53:23+0200,565fb0ed-db72-48c6-a54e-0fdff3a4721b,2026-08-06T18:00:00Z,2026-08-06T20:00:00+0200,0.0,EUR/MWh,ES,ES,imbalance_price,Long,2026-08-28T02:01:39Z
2026-08-28T01:53:23Z,2026-08-28T03:53:23+0200,565fb0ed-db72-48c6-a54e-0fdff3a4721b,2026-08-06T18:00:00Z,2026-08-06T20:00:00+0200,172.22,EUR/MWh,ES,ES,imbalance_price,Short,2026-08-28T02:01:39Z
2026-08-28T01:53:23Z,2026-08-28T03:53:23+0200,565fb0ed-db72-48c6-a54e-0fdff3a4721b,2026-08-06T18:15:00Z,2026-08-06T20:15:00+0200,109.52,EUR/MWh,ES,ES,imbalance_price,Long,2026-08-28T02:01:39Z
2026-08-28T01:53:23Z,2026-08-28T03:53:23+0200,565fb0ed-db72-48c6-a54e-0fdff3a4721b,2026-08-06T18:15:00Z,2026-08-06T20:15:00+0200,169.94,EUR/MWh,ES,ES,imbalance_price,Short,2026-08-28T02:01:39Z
2026-08-28T01:53:23Z,2026-08-28T03:53:23+0200,565fb0ed-db72-48c6-a54e-0fdff3a4721b,2026-08-06T18:30:00Z,2026-08-06T20:30:00+0200,0.0,EUR/MWh,ES,ES,imbalance_price,Long,2026-08-28T02:01:39Z
2026-08-28T01:53:23Z,2026-08-28T03:53:23+0200,565fb0ed-db72-48c6-a54e-0fdff3a4721b,2026-08-06T18:30:00Z,2026-08-06T20:30:00+0200,184.55,EUR/MWh,ES,ES,imbalance_price,Short,2026-08-28T02:01:39Z
2026-08-28T01:53:23Z,2026-08-28T03:53:23+0200,565fb0ed-db72-48c6-a54e-0fdff3a4721b,2026-08-06T18:45:00Z,2026-08-06T20:45:00+0200,136.77,EUR/MWh,ES,ES,imbalance_price,Long,2026-08-28T02:01:39Z
2026-08-28T01:53:23Z,2026-08-28T03:53:23+0200,565fb0ed-db72-48c6-a54e-0fdff3a4721b,2026-08-06T18:45:00Z,2026-08-06T20:45:00+0200,184.35,EUR/MWh,ES,ES,imbalance_price,Short,2026-08-28T02:01:39Z
2026-08-28T01:53:23Z,2026-08-28T03:53:23+0200,565fb0ed-db72-48c6-a54e-0fdff3a4721b,2026-08-06T19:00:00Z,2026-08-06T21:00:00+0200,0.0,EUR/MWh,ES,ES,imbalance_price,Long,2026-08-28T02:01:39Z
2026-08-28T01:53:23Z,2026-08-28T03:53:23+0200,565fb0ed-db72-48c6-a54e-0fdff3a4721b,2026-08-06T19:00:00Z,2026-08-06T21:00:00+0200,194.39,EUR/MWh,ES,ES,imbalance_price,Short,2026-08-28T02:01:39Z
2026-08-28T01:53:23Z,2026-08-28T03:53:23+0200,565fb0ed-db72-48c6-a54e-0fdff3a4721b,2026-08-06T19:15:00Z,2026-08-06T21:15:00+0200,103.66,EUR/MWh,ES,ES,imbalance_price,Long,2026-08-28T02:01:39Z
2026-08-28T01:53:23Z,2026-08-28T03:53:23+0200,565fb0ed-db72-48c6-a54e-0fdff3a4721b,2026-08-06T19:15:00Z,2026-08-06T21:15:00+0200,201.64,EUR/MWh,ES,ES,imbalance_price,Short,2026-08-28T02:01:39Z
2026-08-28T01:53:23Z,2026-08-28T03:53:23+0200,565fb0ed-db72-48c6-a54e-0fdff3a4721b,2026-08-06T19:30:00Z,2026-08-06T21:30:00+0200,155.76,EUR/MWh,ES,ES,imbalance_price,Long,2026-08-28T02:01:39Z
2026-08-28T01:53:23Z,2026-08-28T03:53:23+0200,565fb0ed-db72-48c6-a54e-0fdff3a4721b,2026-08-06T19:30:00Z,2026-08-06T21:30:00+0200,140.1,EUR/MWh,ES,ES,imbalance_price,Short,2026-08-28T02:01:39Z
2026-08-28T01:53:23Z,2026-08-28T03:53:23+0200,565fb0ed-db72-48c6-a54e-0fdff3a4721b,2026-08-06T19:45:00Z,2026-08-06T21:45:00+0200,122.87,EUR/MWh,ES,ES,imbalance_price,Long,2026-08-28T02:01:39Z
2026-08-28T01:53:23Z,2026-08-28T03:53:23+0200,565fb0ed-db72-48c6-a54e-0fdff3a4721b,2026-08-06T19:45:00Z,2026-08-06T21:45:00+0200,139.1,EUR/MWh,ES,ES,imbalance_price,Short,2026-08-28T02:01:39Z
2026-08-28T01:53:23Z,2026-08-28T03:53:23+0200,565fb0ed-db72-48c6-a54e-0fdff3a4721b,2026-08-06T20:00:00Z,2026-08-06T22:00:00+0200,103.02,EUR/MWh,ES,ES,imbalance_price,Long,2026-08-28T02:01:39Z
2026-08-28T01:53:23Z,2026-08-28T03:53:23+0200,565fb0ed-db72-48c6-a54e-0fdff3a4721b,2026-08-06T20:00:00Z,2026-08-06T22:00:00+0200,139.73,EUR/MWh,ES,ES,imbalance_price,Short,2026-08-28T02:01:39Z
2026-08-28T01:53:23Z,2026-08-28T03:53:23+0200,565fb0ed-db72-48c6-a54e-0fdff3a4721b,2026-08-06T20:15:00Z,2026-08-06T22:15:00+0200,97.28,EUR/MWh,ES,ES,imbalance_price,Long,2026-08-28T02:01:39Z
2026-08-28T01:53:23Z,2026-08-28T03:53:23+0200,565fb0ed-db72-48c6-a54e-0fdff3a4721b,2026-08-06T20:15:00Z,2026-08-06T22:15:00+0200,133.48,EUR/MWh,ES,ES,imbalance_price,Short,2026-08-28T02:01:39Z
2026-08-28T01:53:23Z,2026-08-28T03:53:23+0200,565fb0ed-db72-48c6-a54e-0fdff3a4721b,2026-08-06T20:30:00Z,2026-08-06T22:30:00+0200,81.38,EUR/MWh,ES,ES,imbalance_price,Long,2026-08-28T02:01:39Z
2026-08-28T01:53:23Z,2026-08-28T03:53:23+0200,565fb0ed-db72-48c6-a54e-0fdff3a4721b,2026-08-06T20:30:00Z,2026-08-06T22:30:00+0200,132.32,EUR/MWh,ES,ES,imbalance_price,Short,2026-08-28T02:01:39Z
2026-08-28T01:53:23Z,2026-08-28T03:53:23+0200,565fb0ed-db72-48c6-a54e-0fdff3a4721b,2026-08-06T20:45:00Z,2026-08-06T22:45:00+0200,150.97,EUR/MWh,ES,ES,imbalance_price,Long,2026-08-28T02:01:39Z
2026-08-28T01:53:23Z,2026-08-28T03:53:23+0200,565fb0ed-db72-48c6-a54e-0fdff3a4721b,2026-08-06T20:45:00Z,2026-08-06T22:45:00+0200,150.97,EUR/MWh,ES,ES,imbalance_price,Short,2026-08-28T02:01:39Z
2026-08-28T01:53:23Z,2026-08-28T03:53:23+0200,565fb0ed-db72-48c6-a54e-0fdff3a4721b,2026-08-06T21:00:00Z,2026-08-06T23:00:00+0200,145.54,EUR/MWh,ES,ES,imbalance_price,Long,2026-08-28T02:01:39Z
2026-08-28T01:53:23Z,2026-08-28T03:53:23+0200,565fb0ed-db72-48c6-a54e-0fdff3a4721b,2026-08-06T21:00:00Z,2026-08-06T23:00:00+0200,145.54,EUR/MWh,ES,ES,imbalance_price,Short,2026-08-28T02:01:39Z
2026-08-28T01:53:23Z,2026-08-28T03:53:23+0200,565fb0ed-db72-48c6-a54e-0fdff3a4721b,2026-08-06T21:15:00Z,2026-08-06T23:15:00+0200,144.81,EUR/MWh,ES,ES,imbalance_price,Long,2026-08-28T02:01:39Z
2026-08-28T01:53:23Z,2026-08-28T03:53:23+0200,565fb0ed-db72-48c6-a54e-0fdff3a4721b,2026-08-06T21:15:00Z,2026-08-06T23:15:00+0200,144.81,EUR/MWh,ES,ES,imbalance_price,Short,2026-08-28T02:01:39Z
2026-08-28T01:53:23Z,2026-08-28T03:53:23+0200,565fb0ed-db72-48c6-a54e-0fdff3a4721b,2026-08-06T21:30:00Z,2026-08-06T23:30:00+0200,143.25,EUR/MWh,ES,ES,imbalance_price,Long,2026-08-28T02:01:39Z
2026-08-28T01:53:23Z,2026-08-28T03:53:23+0200,565fb0ed-db72-48c6-a54e-0fdff3a4721b,2026-08-06T21:30:00Z,2026-08-06T23:30:00+0200,143.25,EUR/MWh,ES,ES,imbalance_price,Short,2026-08-28T02:01:39Z
2026-08-28T01:53:23Z,2026-08-28T03:53:23+0200,565fb0ed-db72-48c6-a54e-0fdff3a4721b,2026-08-06T21:45:00Z,2026-08-06T23:45:00+0200,147.37,EUR/MWh,ES,ES,imbalance_price,Long,2026-08-28T02:01:39Z
2026-08-28T01:53:23Z,2026-08-28T03:53:23+0200,565fb0ed-db72-48c6-a54e-0fdff3a4721b,2026-08-06T21:45:00Z,2026-08-06T23:45:00+0200,147.37,EUR/MWh,ES,ES,imbalance_price,Short,2026-08-28T02:01:39Z
2026-08-28T01:53:23Z,2026-08-28T03:53:23+0200,565fb0ed-db72-48c6-a54e-0fdff3a4721b,2026-08-06T22:00:00Z,2026-08-07T00:00:00+0200,165.65,EUR/MWh,ES,ES,imbalance_price,Long,2026-08-28T02:01:39Z
2026-08-28T01:53:23Z,2026-08-28T03:53:23+0200,565fb0ed-db72-48c6-a54e-0fdff3a4721b,2026-08-06T22:00:00Z,2026-08-07T00:00:00+0200,165.65,EUR/MWh,ES,ES,imbalance_price,Short,2026-08-28T02:01:39Z
2026-08-28T01:53:23Z,2026-08-28T03:53:23+0200,565fb0ed-db72-48c6-a54e-0fdff3a4721b,2026-08-06T22:15:00Z,2026-08-07T00:15:00+0200,180.9,EUR/MWh,ES,ES,imbalance_price,Long,2026-08-28T02:01:39Z
2026-08-28T01:53:23Z,2026-08-28T03:53:23+0200,565fb0ed-db72-48c6-a54e-0fdff3a4721b,2026-08-06T22:15:00Z,2026-08-07T00:15:00+0200,180.9,EUR/MWh,ES,ES,imbalance_price,Short,2026-08-28T02:01:39Z
2026-08-28T01:53:23Z,2026-08-28T03:53:23+0200,565fb0ed-db72-48c6-a54e-0fdff3a4721b,2026-08-06T22:30:00Z,2026-08-07T00:30:00+0200,203.43,EUR/MWh,ES,ES,imbalance_price,Long,2026-08-28T02:01:39Z
2026-08-28T01:53:23Z,2026-08-28T03:53:23+0200,565fb0ed-db72-48c6-a54e-0fdff3a4721b,2026-08-06T22:30:00Z,2026-08-07T00:30:00+0200,203.43,EUR/MWh,ES,ES,imbalance_price,Short,2026-08-28T02:01:39Z
2026-08-28T01:53:23Z,2026-08-28T03:53:23+0200,565fb0ed-db72-48c6-a54e-0fdff3a4721b,2026-08-06T22:45:00Z,2026-08-07T00:45:00+0200,205.56,EUR/MWh,ES,ES,imbalance_price,Long,2026-08-28T02:01:39Z
2026-08-28T01:53:23Z,2026-08-28T03:53:23+0200,565fb0ed-db72-48c6-a54e-0fdff3a4721b,2026-08-06T22:45:00Z,2026-08-07T00:45:00+0200,205.56,EUR/MWh,ES,ES,imbalance_price,Short,2026-08-28T02:01:39Z
2026-08-28T01:53:23Z,2026-08-28T03:53:23+0200,565fb0ed-db72-48c6-a54e-0fdff3a4721b,2026-08-06T23:00:00Z,2026-08-07T01:00:00+0200,103.13,EUR/MWh,ES,ES,imbalance_price,Long,2026-08-28T02:01:39Z
2026-08-28T01:53:23Z,2026-08-28T03:53:23+0200,565fb0ed-db72-48c6-a54e-0fdff3a4721b,2026-08-06T23:00:00Z,2026-08-07T01:00:00+0200,175.07,EUR/MWh,ES,ES,imbalance_price,Short,2026-08-28T02:01:39Z
2026-08-28T01:53:23Z,2026-08-28T03:53:23+0200,565fb0ed-db72-48c6-a54e-0fdff3a4721b,2026-08-06T23:15:00Z,2026-08-07T01:15:00+0200,95.57,EUR/MWh,ES,ES,imbalance_price,Long,2026-08-28T02:01:39Z
2026-08-28T01:53:23Z,2026-08-28T03:53:23+0200,565fb0ed-db72-48c6-a54e-0fdff3a4721b,2026-08-06T23:15:00Z,2026-08-07T01:15:00+0200,173.25,EUR/MWh,ES,ES,imbalance_price,Short,2026-08-28T02:01:39Z
2026-08-28T01:53:23Z,2026-08-28T03:53:23+0200,565fb0ed-db72-48c6-a54e-0fdff3a4721b,2026-08-06T23:30:00Z,2026-08-07T01:30:00+0200,100.14,EUR/MWh,ES,ES,imbalance_price,Long,2026-08-28T02:01:39Z
2026-08-28T01:53:23Z,2026-08-28T03:53:23+0200,565fb0ed-db72-48c6-a54e-0fdff3a4721b,2026-08-06T23:30:00Z,2026-08-07T01:30:00+0200,171.23,EUR/MWh,ES,ES,imbalance_price,Short,2026-08-28T02:01:39Z
2026-08-28T01:53:23Z,2026-08-28T03:53:23+0200,565fb0ed-db72-48c6-a54e-0fdff3a4721b,2026-08-06T23:45:00Z,2026-08-07T01:45:00+0200,103.23,EUR/MWh,ES,ES,imbalance_price,Long,2026-08-28T02:01:39Z
2026-08-28T01:53:23Z,2026-08-28T03:53:23+0200,565fb0ed-db72-48c6-a54e-0fdff3a4721b,2026-08-06T23:45:00Z,2026-08-07T01:45:00+0200,161.2,EUR/MWh,ES,ES,imbalance_price,Short,2026-08-28T02:01:39Z
2026-08-28T01:53:23Z,2026-08-28T03:53:23+0200,565fb0ed-db72-48c6-a54e-0fdff3a4721b,2026-08-07T00:00:00Z,2026-08-07T02:00:00+0200,103.48,EUR/MWh,ES,ES,imbalance_price,Long,2026-08-28T02:01:39Z
2026-08-28T01:53:23Z,2026-08-28T03:53:23+0200,565fb0ed-db72-48c6-a54e-0fdff3a4721b,2026-08-07T00:00:00Z,2026-08-07T02:00:00+0200,174.98,EUR/MWh,ES,ES,imbalance_price,Short,2026-08-28T02:01:39Z
2026-08-28T01:53:23Z,2026-08-28T03:53:23+0200,565fb0ed-db72-48c6-a54e-0fdff3a4721b,2026-08-07T00:15:00Z,2026-08-07T02:15:00+0200,25.93,EUR/MWh,ES,ES,imbalance_price,Long,2026-08-28T02:01:39Z
2026-08-28T01:53:23Z,2026-08-28T03:53:23+0200,565fb0ed-db72-48c6-a54e-0fdff3a4721b,2026-08-07T00:15:00Z,2026-08-07T02:15:00+0200,158.51,EUR/MWh,ES,ES,imbalance_price,Short,2026-08-28T02:01:39Z
2026-08-28T01:53:23Z,2026-08-28T03:53:23+0200,565fb0ed-db72-48c6-a54e-0fdff3a4721b,2026-08-07T00:30:00Z,2026-08-07T02:30:00+0200,127.62,EUR/MWh,ES,ES,imbalance_price,Long,2026-08-28T02:01:39Z
2026-08-28T01:53:23Z,2026-08-28T03:53:23+0200,565fb0ed-db72-48c6-a54e-0fdff3a4721b,2026-08-07T00:30:00Z,2026-08-07T02:30:00+0200,133.48,EUR/MWh,ES,ES,imbalance_price,Short,2026-08-28T02:01:39Z
2026-08-28T01:53:23Z,2026-08-28T03:53:23+0200,565fb0ed-db72-48c6-a54e-0fdff3a4721b,2026-08-07T00:45:00Z,2026-08-07T02:45:00+0200,106.68,EUR/MWh,ES,ES,imbalance_price,Long,2026-08-28T02:01:39Z
2026-08-28T01:53:23Z,2026-08-28T03:53:23+0200,565fb0ed-db72-48c6-a54e-0fdff3a4721b,2026-08-07T00:45:00Z,2026-08-07T02:45:00+0200,132.51,EUR/MWh,ES,ES,imbalance_price,Short,2026-08-28T02:01:39Z
2026-08-28T01:53:23Z,2026-08-28T03:53:23+0200,565fb0ed-db72-48c6-a54e-0fdff3a4721b,2026-08-07T01:00:00Z,2026-08-07T03:00:00+0200,60.61,EUR/MWh,ES,ES,imbalance_price,Long,2026-08-28T02:01:39Z
2026-08-28T01:53:23Z,2026-08-28T03:53:23+0200,565fb0ed-db72-48c6-a54e-0fdff3a4721b,2026-08-07T01:00:00Z,2026-08-07T03:00:00+0200,172.58,EUR/MWh,ES,ES,imbalance_price,Short,2026-08-28T02:01:39Z
2026-08-28T01:53:23Z,2026-08-28T03:53:23+0200,565fb0ed-db72-48c6-a54e-0fdff3a4721b,2026-08-07T01:15:00Z,2026-08-07T03:15:00+0200,172.46,EUR/MWh,ES,ES,imbalance_price,Long,2026-08-28T02:01:39Z
2026-08-28T01:53:23Z,2026-08-28T03:53:23+0200,565fb0ed-db72-48c6-a54e-0fdff3a4721b,2026-08-07T01:15:00Z,2026-08-07T03:15:00+0200,172.46,EUR/MWh,ES,ES,imbalance_price,Short,2026-08-28T02:01:39Z
2026-08-28T01:53:23Z,2026-08-28T03:53:23+0200,565fb0ed-db72-48c6-a54e-0fdff3a4721b,2026-08-07T01:30:00Z,2026-08-07T03:30:00+0200,111.24,EUR/MWh,ES,ES,imbalance_price,Long,2026-08-28T02:01:39Z
2026-08-28T01:53:23Z,2026-08-28T03:53:23+0200,565fb0ed-db72-48c6-a54e-0fdff3a4721b,2026-08-07T01:30:00Z,2026-08-07T03:30:00+0200,172.86,EUR/MWh,ES,ES,imbalance_price,Short,2026-08-28T02:01:39Z
2026-08-28T01:53:23Z,2026-08-28T03:53:23+0200,565fb0ed-db72-48c6-a54e-0fdff3a4721b,2026-08-07T01:45:00Z,2026-08-07T03:45:00+0200,117.46,EUR/MWh,ES,ES,imbalance_price,Long,2026-08-28T02:01:39Z
2026-08-28T01:53:23Z,2026-08-28T03:53:23+0200,565fb0ed-db72-48c6-a54e-0fdff3a4721b,2026-08-07T01:45:00Z,2026-08-07T03:45:00+0200,174.93,EUR/MWh,ES,ES,imbalance_price,Short,2026-08-28T02:01:39Z
2026-08-28T01:53:23Z,2026-08-28T03:53:23+0200,565fb0ed-db72-48c6-a54e-0fdff3a4721b,2026-08-07T02:00:00Z,2026-08-07T04:00:00+0200,29.28,EUR/MWh,ES,ES,imbalance_price,Long,2026-08-28T02:01:39Z
2026-08-28T01:53:23Z,2026-08-28T03:53:23+0200,565fb0ed-db72-48c6-a54e-0fdff3a4721b,2026-08-07T02:00:00Z,2026-08-07T04:00:00+0200,172.37,EUR/MWh,ES,ES,imbalance_price,Short,2026-08-28T02:01:39Z
2026-08-28T01:53:23Z,2026-08-28T03:53:23+0200,565fb0ed-db72-48c6-a54e-0fdff3a4721b,2026-08-07T02:15:00Z,2026-08-07T04:15:00+0200,31.94,EUR/MWh,ES,ES,imbalance_price,Long,2026-08-28T02:01:39Z
2026-08-28T01:53:23Z,2026-08-28T03:53:23+0200,565fb0ed-db72-48c6-a54e-0fdff3a4721b,2026-08-07T02:15:00Z,2026-08-07T04:15:00+0200,172.1,EUR/MWh,ES,ES,imbalance_price,Short,2026-08-28T02:01:39Z
2026-08-28T01:53:23Z,2026-08-28T03:53:23+0200,565fb0ed-db72-48c6-a54e-0fdff3a4721b,2026-08-07T02:30:00Z,2026-08-07T04:30:00+0200,18.95,EUR/MWh,ES,ES,imbalance_price,Long,2026-08-28T02:01:39Z
2026-08-28T01:53:23Z,2026-08-28T03:53:23+0200,565fb0ed-db72-48c6-a54e-0fdff3a4721b,2026-08-07T02:30:00Z,2026-08-07T04:30:00+0200,174.39,EUR/MWh,ES,ES,imbalance_price,Short,2026-08-28T02:01:39Z
2026-08-28T01:53:23Z,2026-08-28T03:53:23+0200,565fb0ed-db72-48c6-a54e-0fdff3a4721b,2026-08-07T02:45:00Z,2026-08-07T04:45:00+0200,21.47,EUR/MWh,ES,ES,imbalance_price,Long,2026-08-28T02:01:39Z
2026-08-28T01:53:23Z,2026-08-28T03:53:23+0200,565fb0ed-db72-48c6-a54e-0fdff3a4721b,2026-08-07T02:45:00Z,2026-08-07T04:45:00+0200,174.49,EUR/MWh,ES,ES,imbalance_price,Short,2026-08-28T02:01:39Z
2026-08-28T01:53:23Z,2026-08-28T03:53:23+0200,565fb0ed-db72-48c6-a54e-0fdff3a4721b,2026-08-07T03:00:00Z,2026-08-07T05:00:00+0200,160.23,EUR/MWh,ES,ES,imbalance_price,Long,2026-08-28T02:01:39Z
2026-08-28T01:53:23Z,2026-08-28T03:53:23+0200,565fb0ed-db72-48c6-a54e-0fdff3a4721b,2026-08-07T03:00:00Z,2026-08-07T05:00:00+0200,160.23,EUR/MWh,ES,ES,imbalance_price,Short,2026-08-28T02:01:39Z
2026-08-28T01:53:23Z,2026-08-28T03:53:23+0200,565fb0ed-db72-48c6-a54e-0fdff3a4721b,2026-08-07T03:15:00Z,2026-08-07T05:15:00+0200,0.0,EUR/MWh,ES,ES,imbalance_price,Long,2026-08-28T02:01:39Z
2026-08-28T01:53:23Z,2026-08-28T03:53:23+0200,565fb0ed-db72-48c6-a54e-0fdff3a4721b,2026-08-07T03:15:00Z,2026-08-07T05:15:00+0200,171.31,EUR/MWh,ES,ES,imbalance_price,Short,2026-08-28T02:01:39Z
2026-08-28T01:53:23Z,2026-08-28T03:53:23+0200,565fb0ed-db72-48c6-a54e-0fdff3a4721b,2026-08-07T03:30:00Z,2026-08-07T05:30:00+0200,98.28,EUR/MWh,ES,ES,imbalance_price,Long,2026-08-28T02:01:39Z
2026-08-28T01:53:23Z,2026-08-28T03:53:23+0200,565fb0ed-db72-48c6-a54e-0fdff3a4721b,2026-08-07T03:30:00Z,2026-08-07T05:30:00+0200,174.7,EUR/MWh,ES,ES,imbalance_price,Short,2026-08-28T02:01:39Z
2026-08-28T01:53:23Z,2026-08-28T03:53:23+0200,565fb0ed-db72-48c6-a54e-0fdff3a4721b,2026-08-07T03:45:00Z,2026-08-07T05:45:00+0200,120.19,EUR/MWh,ES,ES,imbalance_price,Long,2026-08-28T02:01:39Z
2026-08-28T01:53:23Z,2026-08-28T03:53:23+0200,565fb0ed-db72-48c6-a54e-0fdff3a4721b,2026-08-07T03:45:00Z,2026-08-07T05:45:00+0200,175.99,EUR/MWh,ES,ES,imbalance_price,Short,2026-08-28T02:01:39Z
2026-08-28T01:53:23Z,2026-08-28T03:53:23+0200,565fb0ed-db72-48c6-a54e-0fdff3a4721b,2026-08-07T04:00:00Z,2026-08-07T06:00:00+0200,92.11,EUR/MWh,ES,ES,imbalance_price,Long,2026-08-28T02:01:39Z
2026-08-28T01:53:23Z,2026-08-28T03:53:23+0200,565fb0ed-db72-48c6-a54e-0fdff3a4721b,2026-08-07T04:00:00Z,2026-08-07T06:00:00+0200,162.1,EUR/MWh,ES,ES,imbalance_price,Short,2026-08-28T02:01:39Z
2026-08-28T01:53:23Z,2026-08-28T03:53:23+0200,565fb0ed-db72-48c6-a54e-0fdff3a4721b,2026-08-07T04:15:00Z,2026-08-07T06:15:00+0200,100.06,EUR/MWh,ES,ES,imbalance_price,Long,2026-08-28T02:01:39Z
2026-08-28T01:53:23Z,2026-08-28T03:53:23+0200,565fb0ed-db72-48c6-a54e-0fdff3a4721b,2026-08-07T04:15:00Z,2026-08-07T06:15:00+0200,160.17,EUR/MWh,ES,ES,imbalance_price,Short,2026-08-28T02:01:39Z
2026-08-28T01:53:23Z,2026-08-28T03:53:23+0200,565fb0ed-db72-48c6-a54e-0fdff3a4721b,2026-08-07T04:30:00Z,2026-08-07T06:30:00+0200,108.92,EUR/MWh,ES,ES,imbalance_price,Long,2026-08-28T02:01:39Z
2026-08-28T01:53:23Z,2026-08-28T03:53:23+0200,565fb0ed-db72-48c6-a54e-0fdff3a4721b,2026-08-07T04:30:00Z,2026-08-07T06:30:00+0200,176.05,EUR/MWh,ES,ES,imbalance_price,Short,2026-08-28T02:01:39Z
2026-08-28T01:53:23Z,2026-08-28T03:53:23+0200,565fb0ed-db72-48c6-a54e-0fdff3a4721b,2026-08-07T04:45:00Z,2026-08-07T06:45:00+0200,107.06,EUR/MWh,ES,ES,imbalance_price,Long,2026-08-28T02:01:39Z
2026-08-28T01:53:23Z,2026-08-28T03:53:23+0200,565fb0ed-db72-48c6-a54e-0fdff3a4721b,2026-08-07T04:45:00Z,2026-08-07T06:45:00+0200,180.0,EUR/MWh,ES,ES,imbalance_price,Short,2026-08-28T02:01:39Z
2026-08-28T01:53:23Z,2026-08-28T03:53:23+0200,565fb0ed-db72-48c6-a54e-0fdff3a4721b,2026-08-07T05:00:00Z,2026-08-07T07:00:00+0200,109.52,EUR/MWh,ES,ES,imbalance_price,Long,2026-08-28T02:01:39Z
2026-08-28T01:53:23Z,2026-08-28T03:53:23+0200,565fb0ed-db72-48c6-a54e-0fdff3a4721b,2026-08-07T05:00:00Z,2026-08-07T07:00:00+0200,175.7,EUR/MWh,ES,ES,imbalance_price,Short,2026-08-28T02:01:39Z
2026-08-28T01:53:23Z,2026-08-28T03:53:23+0200,565fb0ed-db72-48c6-a54e-0fdff3a4721b,2026-08-07T05:15:00Z,2026-08-07T07:15:00+0200,57.5,EUR/MWh,ES,ES,imbalance_price,Long,2026-08-28T02:01:39Z
2026-08-28T01:53:23Z,2026-08-28T03:53:23+0200,565fb0ed-db72-48c6-a54e-0fdff3a4721b,2026-08-07T05:15:00Z,2026-08-07T07:15:00+0200,175.61,EUR/MWh,ES,ES,imbalance_price,Short,2026-08-28T02:01:39Z
2026-08-28T01:53:23Z,2026-08-28T03:53:23+0200,565fb0ed-db72-48c6-a54e-0fdff3a4721b,2026-08-07T05:30:00Z,2026-08-07T07:30:00+0200,131.36,EUR/MWh,ES,ES,imbalance_price,Long,2026-08-28T02:01:39Z
2026-08-28T01:53:23Z,2026-08-28T03:53:23+0200,565fb0ed-db72-48c6-a54e-0fdff3a4721b,2026-08-07T05:30:00Z,2026-08-07T07:30:00+0200,181.6,EUR/MWh,ES,ES,imbalance_price,Short,2026-08-28T02:01:39Z
2026-08-28T01:53:23Z,2026-08-28T03:53:23+0200,565fb0ed-db72-48c6-a54e-0fdff3a4721b,2026-08-07T05:45:00Z,2026-08-07T07:45:00+0200,127.59,EUR/MWh,ES,ES,imbalance_price,Long,2026-08-28T02:01:39Z
2026-08-28T01:53:23Z,2026-08-28T03:53:23+0200,565fb0ed-db72-48c6-a54e-0fdff3a4721b,2026-08-07T05:45:00Z,2026-08-07T07:45:00+0200,179.7,EUR/MWh,ES,ES,imbalance_price,Short,2026-08-28T02:01:39Z
2026-08-28T01:53:23Z,2026-08-28T03:53:23+0200,565fb0ed-db72-48c6-a54e-0fdff3a4721b,2026-08-07T06:00:00Z,2026-08-07T08:00:00+0200,114.65,EUR/MWh,ES,ES,imbalance_price,Long,2026-08-28T02:01:39Z
2026-08-28T01:53:23Z,2026-08-28T03:53:23+0200,565fb0ed-db72-48c6-a54e-0fdff3a4721b,2026-08-07T06:00:00Z,2026-08-07T08:00:00+0200,181.7,EUR/MWh,ES,ES,imbalance_price,Short,2026-08-28T02:01:39Z
2026-08-28T01:53:23Z,2026-08-28T03:53:23+0200,565fb0ed-db72-48c6-a54e-0fdff3a4721b,2026-08-07T06:15:00Z,2026-08-07T08:15:00+0200,109.98,EUR/MWh,ES,ES,imbalance_price,Long,2026-08-28T02:01:39Z
2026-08-28T01:53:23Z,2026-08-28T03:53:23+0200,565fb0ed-db72-48c6-a54e-0fdff3a4721b,2026-08-07T06:15:00Z,2026-08-07T08:15:00+0200,166.0,EUR/MWh,ES,ES,imbalance_price,Short,2026-08-28T02:01:39Z
2026-08-28T01:53:23Z,2026-08-28T03:53:23+0200,565fb0ed-db72-48c6-a54e-0fdff3a4721b,2026-08-07T06:30:00Z,2026-08-07T08:30:00+0200,-1.29,EUR/MWh,ES,ES,imbalance_price,Long,2026-08-28T02:01:39Z
2026-08-28T01:53:23Z,2026-08-28T03:53:23+0200,565fb0ed-db72-48c6-a54e-0fdff3a4721b,2026-08-07T06:30:00Z,2026-08-07T08:30:00+0200,126.32,EUR/MWh,ES,ES,imbalance_price,Short,2026-08-28T02:01:39Z
2026-08-28T01:53:23Z,2026-08-28T03:53:23+0200,565fb0ed-db72-48c6-a54e-0fdff3a4721b,2026-08-07T06:45:00Z,2026-08-07T08:45:00+0200,18.08,EUR/MWh,ES,ES,imbalance_price,Long,2026-08-28T02:01:39Z
2026-08-28T01:53:23Z,2026-08-28T03:53:23+0200,565fb0ed-db72-48c6-a54e-0fdff3a4721b,2026-08-07T06:45:00Z,2026-08-07T08:45:00+0200,117.77,EUR/MWh,ES,ES,imbalance_price,Short,2026-08-28T02:01:39Z
2026-08-28T01:53:23Z,2026-08-28T03:53:23+0200,565fb0ed-db72-48c6-a54e-0fdff3a4721b,2026-08-07T07:00:00Z,2026-08-07T09:00:00+0200,56.92,EUR/MWh,ES,ES,imbalance_price,Long,2026-08-28T02:01:39Z
2026-08-28T01:53:23Z,2026-08-28T03:53:23+0200,565fb0ed-db72-48c6-a54e-0fdff3a4721b,2026-08-07T07:00:00Z,2026-08-07T09:00:00+0200,56.92,EUR/MWh,ES,ES,imbalance_price,Short,2026-08-28T02:01:39Z
2026-08-28T01:53:23Z,2026-08-28T03:53:23+0200,565fb0ed-db72-48c6-a54e-0fdff3a4721b,2026-08-07T07:15:00Z,2026-08-07T09:15:00+0200,50.69,EUR/MWh,ES,ES,imbalance_price,Long,2026-08-28T02:01:39Z
2026-08-28T01:53:23Z,2026-08-28T03:53:23+0200,565fb0ed-db72-48c6-a54e-0fdff3a4721b,2026-08-07T07:15:00Z,2026-08-07T09:15:00+0200,50.69,EUR/MWh,ES,ES,imbalance_price,Short,2026-08-28T02:01:39Z
2026-08-28T01:53:23Z,2026-08-28T03:53:23+0200,565fb0ed-db72-48c6-a54e-0fdff3a4721b,2026-08-07T07:30:00Z,2026-08-07T09:30:00+0200,29.52,EUR/MWh,ES,ES,imbalance_price,Long,2026-08-28T02:01:39Z
2026-08-28T01:53:23Z,2026-08-28T03:53:23+0200,565fb0ed-db72-48c6-a54e-0fdff3a4721b,2026-08-07T07:30:00Z,2026-08-07T09:30:00+0200,29.52,EUR/MWh,ES,ES,imbalance_price,Short,2026-08-28T02:01:39Z
2026-08-28T01:53:23Z,2026-08-28T03:53:23+0200,565fb0ed-db72-48c6-a54e-0fdff3a4721b,2026-08-07T07:45:00Z,2026-08-07T09:45:00+0200,0.1,EUR/MWh,ES,ES,imbalance_price,Long,2026-08-28T02:01:39Z
2026-08-28T01:53:23Z,2026-08-28T03:53:23+0200,565fb0ed-db72-48c6-a54e-0fdff3a4721b,2026-08-07T07:45:00Z,2026-08-07T09:45:00+0200,0.1,EUR/MWh,ES,ES,imbalance_price,Short,2026-08-28T02:01:39Z
2026-08-28T01:53:23Z,2026-08-28T03:53:23+0200,565fb0ed-db72-48c6-a54e-0fdff3a4721b,2026-08-07T08:00:00Z,2026-08-07T10:00:00+0200,25.46,EUR/MWh,ES,ES,imbalance_price,Long,2026-08-28T02:01:39Z
2026-08-28T01:53:23Z,2026-08-28T03:53:23+0200,565fb0ed-db72-48c6-a54e-0fdff3a4721b,2026-08-07T08:00:00Z,2026-08-07T10:00:00+0200,111.31,EUR/MWh,ES,ES,imbalance_price,Short,2026-08-28T02:01:39Z
2026-08-28T01:53:23Z,2026-08-28T03:53:23+0200,565fb0ed-db72-48c6-a54e-0fdff3a4721b,2026-08-07T08:15:00Z,2026-08-07T10:15:00+0200,0.81,EUR/MWh,ES,ES,imbalance_price,Long,2026-08-28T02:01:39Z
2026-08-28T01:53:23Z,2026-08-28T03:53:23+0200,565fb0ed-db72-48c6-a54e-0fdff3a4721b,2026-08-07T08:15:00Z,2026-08-07T10:15:00+0200,100.57,EUR/MWh,ES,ES,imbalance_price,Short,2026-08-28T02:01:39Z
2026-08-28T01:53:23Z,2026-08-28T03:53:23+0200,565fb0ed-db72-48c6-a54e-0fdff3a4721b,2026-08-07T08:30:00Z,2026-08-07T10:30:00+0200,0.02,EUR/MWh,ES,ES,imbalance_price,Long,2026-08-28T02:01:39Z
2026-08-28T01:53:23Z,2026-08-28T03:53:23+0200,565fb0ed-db72-48c6-a54e-0fdff3a4721b,2026-08-07T08:30:00Z,2026-08-07T10:30:00+0200,86.96,EUR/MWh,ES,ES,imbalance_price,Short,2026-08-28T02:01:39Z
2026-08-28T01:53:23Z,2026-08-28T03:53:23+0200,565fb0ed-db72-48c6-a54e-0fdff3a4721b,2026-08-07T08:45:00Z,2026-08-07T10:45:00+0200,0.13,EUR/MWh,ES,ES,imbalance_price,Long,2026-08-28T02:01:39Z
2026-08-28T01:53:23Z,2026-08-28T03:53:23+0200,565fb0ed-db72-48c6-a54e-0fdff3a4721b,2026-08-07T08:45:00Z,2026-08-07T10:45:00+0200,72.24,EUR/MWh,ES,ES,imbalance_price,Short,2026-08-28T02:01:39Z
2026-08-28T01:53:23Z,2026-08-28T03:53:23+0200,565fb0ed-db72-48c6-a54e-0fdff3a4721b,2026-08-07T09:00:00Z,2026-08-07T11:00:00+0200,-0.31,EUR/MWh,ES,ES,imbalance_price,Long,2026-08-28T02:01:39Z
2026-08-28T01:53:23Z,2026-08-28T03:53:23+0200,565fb0ed-db72-48c6-a54e-0fdff3a4721b,2026-08-07T09:00:00Z,2026-08-07T11:00:00+0200,49.36,EUR/MWh,ES,ES,imbalance_price,Short,2026-08-28T02:01:39Z
2026-08-28T01:53:23Z,2026-08-28T03:53:23+0200,565fb0ed-db72-48c6-a54e-0fdff3a4721b,2026-08-07T09:15:00Z,2026-08-07T11:15:00+0200,0.1,EUR/MWh,ES,ES,imbalance_price,Long,2026-08-28T02:01:39Z
2026-08-28T01:53:23Z,2026-08-28T03:53:23+0200,565fb0ed-db72-48c6-a54e-0fdff3a4721b,2026-08-07T09:15:00Z,2026-08-07T11:15:00+0200,35.47,EUR/MWh,ES,ES,imbalance_price,Short,2026-08-28T02:01:39Z
2026-08-28T01:53:23Z,2026-08-28T03:53:23+0200,565fb0ed-db72-48c6-a54e-0fdff3a4721b,2026-08-07T09:30:00Z,2026-08-07T11:30:00+0200,-1.21,EUR/MWh,ES,ES,imbalance_price,Long,2026-08-28T02:01:39Z
2026-08-28T01:53:23Z,2026-08-28T03:53:23+0200,565fb0ed-db72-48c6-a54e-0fdff3a4721b,2026-08-07T09:30:00Z,2026-08-07T11:30:00+0200,27.89,EUR/MWh,ES,ES,imbalance_price,Short,2026-08-28T02:01:39Z
2026-08-28T01:53:23Z,2026-08-28T03:53:23+0200,565fb0ed-db72-48c6-a54e-0fdff3a4721b,2026-08-07T09:45:00Z,2026-08-07T11:45:00+0200,-0.47,EUR/MWh,ES,ES,imbalance_price,Long,2026-08-28T02:01:39Z
2026-08-28T01:53:23Z,2026-08-28T03:53:23+0200,565fb0ed-db72-48c6-a54e-0fdff3a4721b,2026-08-07T09:45:00Z,2026-08-07T11:45:00+0200,35.05,EUR/MWh,ES,ES,imbalance_price,Short,2026-08-28T02:01:39Z
2026-08-28T01:53:23Z,2026-08-28T03:53:23+0200,565fb0ed-db72-48c6-a54e-0fdff3a4721b,2026-08-07T10:00:00Z,2026-08-07T12:00:00+0200,0.68,EUR/MWh,ES,ES,imbalance_price,Long,2026-08-28T02:01:39Z
2026-08-28T01:53:23Z,2026-08-28T03:53:23+0200,565fb0ed-db72-48c6-a54e-0fdff3a4721b,2026-08-07T10:00:00Z,2026-08-07T12:00:00+0200,39.45,EUR/MWh,ES,ES,imbalance_price,Short,2026-08-28T02:01:39Z
2026-08-28T01:53:23Z,2026-08-28T03:53:23+0200,565fb0ed-db72-48c6-a54e-0fdff3a4721b,2026-08-07T10:15:00Z,2026-08-07T12:15:00+0200,5.45,EUR/MWh,ES,ES,imbalance_price,Long,2026-08-28T02:01:39Z
2026-08-28T01:53:23Z,2026-08-28T03:53:23+0200,565fb0ed-db72-48c6-a54e-0fdff3a4721b,2026-08-07T10:15:00Z,2026-08-07T12:15:00+0200,19.45,EUR/MWh,ES,ES,imbalance_price,Short,2026-08-28T02:01:39Z
2026-08-28T01:53:23Z,2026-08-28T03:53:23+0200,565fb0ed-db72-48c6-a54e-0fdff3a4721b,2026-08-07T10:30:00Z,2026-08-07T12:30:00+0200,3.28,EUR/MWh,ES,ES,imbalance_price,Long,2026-08-28T02:01:39Z
2026-08-28T01:53:23Z,2026-08-28T03:53:23+0200,565fb0ed-db72-48c6-a54e-0fdff3a4721b,2026-08-07T10:30:00Z,2026-08-07T12:30:00+0200,3.28,EUR/MWh,ES,ES,imbalance_price,Short,2026-08-28T02:01:39Z
2026-08-28T01:53:23Z,2026-08-28T03:53:23+0200,565fb0ed-db72-48c6-a54e-0fdff3a4721b,2026-08-07T10:45:00Z,2026-08-07T12:45:00+0200,0.5,EUR/MWh,ES,ES,imbalance_price,Long,2026-08-28T02:01:39Z
2026-08-28T01:53:23Z,2026-08-28T03:53:23+0200,565fb0ed-db72-48c6-a54e-0fdff3a4721b,2026-08-07T10:45:00Z,2026-08-07T12:45:00+0200,0.5,EUR/MWh,ES,ES,imbalance_price,Short,2026-08-28T02:01:39Z
2026-08-28T01:53:23Z,2026-08-28T03:53:23+0200,565fb0ed-db72-48c6-a54e-0fdff3a4721b,2026-08-07T11:00:00Z,2026-08-07T13:00:00+0200,-0.01,EUR/MWh,ES,ES,imbalance_price,Long,2026-08-28T02:01:39Z
2026-08-28T01:53:23Z,2026-08-28T03:53:23+0200,565fb0ed-db72-48c6-a54e-0fdff3a4721b,2026-08-07T11:00:00Z,2026-08-07T13:00:00+0200,-0.01,EUR/MWh,ES,ES,imbalance_price,Short,2026-08-28T02:01:39Z
2026-08-28T01:53:23Z,2026-08-28T03:53:23+0200,565fb0ed-db72-48c6-a54e-0fdff3a4721b,2026-08-07T11:15:00Z,2026-08-07T13:15:00+0200,0.03,EUR/MWh,ES,ES,imbalance_price,Long,2026-08-28T02:01:39Z
2026-08-28T01:53:23Z,2026-08-28T03:53:23+0200,565fb0ed-db72-48c6-a54e-0fdff3a4721b,2026-08-07T11:15:00Z,2026-08-07T13:15:00+0200,0.03,EUR/MWh,ES,ES,imbalance_price,Short,2026-08-28T02:01:39Z
2026-08-28T01:53:23Z,2026-08-28T03:53:23+0200,565fb0ed-db72-48c6-a54e-0fdff3a4721b,2026-08-07T11:30:00Z,2026-08-07T13:30:00+0200,0.0,EUR/MWh,ES,ES,imbalance_price,Long,2026-08-28T02:01:39Z
2026-08-28T01:53:23Z,2026-08-28T03:53:23+0200,565fb0ed-db72-48c6-a54e-0fdff3a4721b,2026-08-07T11:30:00Z,2026-08-07T13:30:00+0200,13.9,EUR/MWh,ES,ES,imbalance_price,Short,2026-08-28T02:01:39Z
2026-08-28T01:53:23Z,2026-08-28T03:53:23+0200,565fb0ed-db72-48c6-a54e-0fdff3a4721b,2026-08-07T11:45:00Z,2026-08-07T13:45:00+0200,0.1,EUR/MWh,ES,ES,imbalance_price,Long,2026-08-28T02:01:39Z
2026-08-28T01:53:23Z,2026-08-28T03:53:23+0200,565fb0ed-db72-48c6-a54e-0fdff3a4721b,2026-08-07T11:45:00Z,2026-08-07T13:45:00+0200,0.1,EUR/MWh,ES,ES,imbalance_price,Short,2026-08-28T02:01:39Z
2026-08-28T01:53:23Z,2026-08-28T03:53:23+0200,565fb0ed-db72-48c6-a54e-0fdff3a4721b,2026-08-07T12:00:00Z,2026-08-07T14:00:00+0200,4.72,EUR/MWh,ES,ES,imbalance_price,Long,2026-08-28T02:01:39Z
2026-08-28T01:53:23Z,2026-08-28T03:53:23+0200,565fb0ed-db72-48c6-a54e-0fdff3a4721b,2026-08-07T12:00:00Z,2026-08-07T14:00:00+0200,10.58,EUR/MWh,ES,ES,imbalance_price,Short,2026-08-28T02:01:39Z
2026-08-28T01:53:23Z,2026-08-28T03:53:23+0200,565fb0ed-db72-48c6-a54e-0fdff3a4721b,2026-08-07T12:15:00Z,2026-08-07T14:15:00+0200,8.67,EUR/MWh,ES,ES,imbalance_price,Long,2026-08-28T02:01:39Z
2026-08-28T01:53:23Z,2026-08-28T03:53:23+0200,565fb0ed-db72-48c6-a54e-0fdff3a4721b,2026-08-07T12:15:00Z,2026-08-07T14:15:00+0200,0.0,EUR/MWh,ES,ES,imbalance_price,Short,2026-08-28T02:01:39Z
2026-08-28T01:53:23Z,2026-08-28T03:53:23+0200,565fb0ed-db72-48c6-a54e-0fdff3a4721b,2026-08-07T12:30:00Z,2026-08-07T14:30:00+0200,-2.48,EUR/MWh,ES,ES,imbalance_price,Long,2026-08-28T02:01:39Z
2026-08-28T01:53:23Z,2026-08-28T03:53:23+0200,565fb0ed-db72-48c6-a54e-0fdff3a4721b,2026-08-07T12:30:00Z,2026-08-07T14:30:00+0200,0.0,EUR/MWh,ES,ES,imbalance_price,Short,2026-08-28T02:01:39Z
2026-08-28T01:53:23Z,2026-08-28T03:53:23+0200,565fb0ed-db72-48c6-a54e-0fdff3a4721b,2026-08-07T12:45:00Z,2026-08-07T14:45:00+0200,-1.24,EUR/MWh,ES,ES,imbalance_price,Long,2026-08-28T02:01:39Z
2026-08-28T01:53:23Z,2026-08-28T03:53:23+0200,565fb0ed-db72-48c6-a54e-0fdff3a4721b,2026-08-07T12:45:00Z,2026-08-07T14:45:00+0200,3.64,EUR/MWh,ES,ES,imbalance_price,Short,2026-08-28T02:01:39Z
2026-08-28T01:53:23Z,2026-08-28T03:53:23+0200,565fb0ed-db72-48c6-a54e-0fdff3a4721b,2026-08-07T13:00:00Z,2026-08-07T15:00:00+0200,-0.8,EUR/MWh,ES,ES,imbalance_price,Long,2026-08-28T02:01:39Z
2026-08-28T01:53:23Z,2026-08-28T03:53:23+0200,565fb0ed-db72-48c6-a54e-0fdff3a4721b,2026-08-07T13:00:00Z,2026-08-07T15:00:00+0200,0.0,EUR/MWh,ES,ES,imbalance_price,Short,2026-08-28T02:01:39Z
2026-08-28T01:53:23Z,2026-08-28T03:53:23+0200,565fb0ed-db72-48c6-a54e-0fdff3a4721b,2026-08-07T13:15:00Z,2026-08-07T15:15:00+0200,3.56,EUR/MWh,ES,ES,imbalance_price,Long,2026-08-28T02:01:39Z
2026-08-28T01:53:23Z,2026-08-28T03:53:23+0200,565fb0ed-db72-48c6-a54e-0fdff3a4721b,2026-08-07T13:15:00Z,2026-08-07T15:15:00+0200,0.0,EUR/MWh,ES,ES,imbalance_price,Short,2026-08-28T02:01:39Z
2026-08-28T01:53:23Z,2026-08-28T03:53:23+0200,565fb0ed-db72-48c6-a54e-0fdff3a4721b,2026-08-07T13:30:00Z,2026-08-07T15:30:00+0200,-6.66,EUR/MWh,ES,ES,imbalance_price,Long,2026-08-28T02:01:39Z
2026-08-28T01:53:23Z,2026-08-28T03:53:23+0200,565fb0ed-db72-48c6-a54e-0fdff3a4721b,2026-08-07T13:30:00Z,2026-08-07T15:30:00+0200,0.0,EUR/MWh,ES,ES,imbalance_price,Short,2026-08-28T02:01:39Z
2026-08-28T01:53:23Z,2026-08-28T03:53:23+0200,565fb0ed-db72-48c6-a54e-0fdff3a4721b,2026-08-07T13:45:00Z,2026-08-07T15:45:00+0200,-1.08,EUR/MWh,ES,ES,imbalance_price,Long,2026-08-28T02:01:39Z
2026-08-28T01:53:23Z,2026-08-28T03:53:23+0200,565fb0ed-db72-48c6-a54e-0fdff3a4721b,2026-08-07T13:45:00Z,2026-08-07T15:45:00+0200,0.0,EUR/MWh,ES,ES,imbalance_price,Short,2026-08-28T02:01:39Z
2026-08-28T01:53:23Z,2026-08-28T03:53:23+0200,565fb0ed-db72-48c6-a54e-0fdff3a4721b,2026-08-07T14:00:00Z,2026-08-07T16:00:00+0200,-1.11,EUR/MWh,ES,ES,imbalance_price,Long,2026-08-28T02:01:39Z
2026-08-28T01:53:23Z,2026-08-28T03:53:23+0200,565fb0ed-db72-48c6-a54e-0fdff3a4721b,2026-08-07T14:00:00Z,2026-08-07T16:00:00+0200,1.23,EUR/MWh,ES,ES,imbalance_price,Short,2026-08-28T02:01:39Z
2026-08-28T01:53:23Z,2026-08-28T03:53:23+0200,565fb0ed-db72-48c6-a54e-0fdff3a4721b,2026-08-07T14:15:00Z,2026-08-07T16:15:00+0200,-0.03,EUR/MWh,ES,ES,imbalance_price,Long,2026-08-28T02:01:39Z
2026-08-28T01:53:23Z,2026-08-28T03:53:23+0200,565fb0ed-db72-48c6-a54e-0fdff3a4721b,2026-08-07T14:15:00Z,2026-08-07T16:15:00+0200,-0.03,EUR/MWh,ES,ES,imbalance_price,Short,2026-08-28T02:01:39Z
2026-08-28T01:53:23Z,2026-08-28T03:53:23+0200,565fb0ed-db72-48c6-a54e-0fdff3a4721b,2026-08-07T14:30:00Z,2026-08-07T16:30:00+0200,-0.27,EUR/MWh,ES,ES,imbalance_price,Long,2026-08-28T02:01:39Z
2026-08-28T01:53:23Z,2026-08-28T03:53:23+0200,565fb0ed-db72-48c6-a54e-0fdff3a4721b,2026-08-07T14:30:00Z,2026-08-07T16:30:00+0200,40.52,EUR/MWh,ES,ES,imbalance_price,Short,2026-08-28T02:01:39Z
2026-08-28T01:53:23Z,2026-08-28T03:53:23+0200,565fb0ed-db72-48c6-a54e-0fdff3a4721b,2026-08-07T14:45:00Z,2026-08-07T16:45:00+0200,0.05,EUR/MWh,ES,ES,imbalance_price,Long,2026-08-28T02:01:39Z
2026-08-28T01:53:23Z,2026-08-28T03:53:23+0200,565fb0ed-db72-48c6-a54e-0fdff3a4721b,2026-08-07T14:45:00Z,2026-08-07T16:45:00+0200,68.59,EUR/MWh,ES,ES,imbalance_price,Short,2026-08-28T02:01:39Z
2026-08-28T01:53:23Z,2026-08-28T03:53:23+0200,565fb0ed-db72-48c6-a54e-0fdff3a4721b,2026-08-07T15:00:00Z,2026-08-07T17:00:00+0200,0.02,EUR/MWh,ES,ES,imbalance_price,Long,2026-08-28T02:01:39Z
2026-08-28T01:53:23Z,2026-08-28T03:53:23+0200,565fb0ed-db72-48c6-a54e-0fdff3a4721b,2026-08-07T15:00:00Z,2026-08-07T17:00:00+0200,82.74,EUR/MWh,ES,ES,imbalance_price,Short,2026-08-28T02:01:39Z
2026-08-28T01:53:23Z,2026-08-28T03:53:23+0200,565fb0ed-db72-48c6-a54e-0fdff3a4721b,2026-08-07T15:15:00Z,2026-08-07T17:15:00+0200,0.1,EUR/MWh,ES,ES,imbalance_price,Long,2026-08-28T02:01:39Z
2026-08-28T01:53:23Z,2026-08-28T03:53:23+0200,565fb0ed-db72-48c6-a54e-0fdff3a4721b,2026-08-07T15:15:00Z,2026-08-07T17:15:00+0200,114.56,EUR/MWh,ES,ES,imbalance_price,Short,2026-08-28T02:01:39Z
2026-08-28T01:53:23Z,2026-08-28T03:53:23+0200,565fb0ed-db72-48c6-a54e-0fdff3a4721b,2026-08-07T15:30:00Z,2026-08-07T17:30:00+0200,0.04,EUR/MWh,ES,ES,imbalance_price,Long,2026-08-28T02:01:39Z
2026-08-28T01:53:23Z,2026-08-28T03:53:23+0200,565fb0ed-db72-48c6-a54e-0fdff3a4721b,2026-08-07T15:30:00Z,2026-08-07T17:30:00+0200,123.49,EUR/MWh,ES,ES,imbalance_price,Short,2026-08-28T02:01:39Z
2026-08-28T01:53:23Z,2026-08-28T03:53:23+0200,565fb0ed-db72-48c6-a54e-0fdff3a4721b,2026-08-07T15:45:00Z,2026-08-07T17:45:00+0200,0.0,EUR/MWh,ES,ES,imbalance_price,Long,2026-08-28T02:01:39Z
2026-08-28T01:53:23Z,2026-08-28T03:53:23+0200,565fb0ed-db72-48c6-a54e-0fdff3a4721b,2026-08-07T15:45:00Z,2026-08-07T17:45:00+0200,164.16,EUR/MWh,ES,ES,imbalance_price,Short,2026-08-28T02:01:39Z
2026-08-28T01:53:23Z,2026-08-28T03:53:23+0200,565fb0ed-db72-48c6-a54e-0fdff3a4721b,2026-08-07T16:00:00Z,2026-08-07T18:00:00+0200,0.32,EUR/MWh,ES,ES,imbalance_price,Long,2026-08-28T02:01:39Z
2026-08-28T01:53:23Z,2026-08-28T03:53:23+0200,565fb0ed-db72-48c6-a54e-0fdff3a4721b,2026-08-07T16:00:00Z,2026-08-07T18:00:00+0200,110.89,EUR/MWh,ES,ES,imbalance_price,Short,2026-08-28T02:01:39Z
2026-08-28T01:53:23Z,2026-08-28T03:53:23+0200,565fb0ed-db72-48c6-a54e-0fdff3a4721b,2026-08-07T16:15:00Z,2026-08-07T18:15:00+0200,20.22,EUR/MWh,ES,ES,imbalance_price,Long,2026-08-28T02:01:39Z
2026-08-28T01:53:23Z,2026-08-28T03:53:23+0200,565fb0ed-db72-48c6-a54e-0fdff3a4721b,2026-08-07T16:15:00Z,2026-08-07T18:15:00+0200,124.36,EUR/MWh,ES,ES,imbalance_price,Short,2026-08-28T02:01:39Z
2026-08-28T01:53:23Z,2026-08-28T03:53:23+0200,565fb0ed-db72-48c6-a54e-0fdff3a4721b,2026-08-07T16:30:00Z,2026-08-07T18:30:00+0200,24.12,EUR/MWh,ES,ES,imbalance_price,Long,2026-08-28T02:01:39Z
2026-08-28T01:53:23Z,2026-08-28T03:53:23+0200,565fb0ed-db72-48c6-a54e-0fdff3a4721b,2026-08-07T16:30:00Z,2026-08-07T18:30:00+0200,24.12,EUR/MWh,ES,ES,imbalance_price,Short,2026-08-28T02:01:39Z
2026-08-28T01:53:23Z,2026-08-28T03:53:23+0200,565fb0ed-db72-48c6-a54e-0fdff3a4721b,2026-08-07T16:45:00Z,2026-08-07T18:45:00+0200,27.17,EUR/MWh,ES,ES,imbalance_price,Long,2026-08-28T02:01:39Z
2026-08-28T01:53:23Z,2026-08-28T03:53:23+0200,565fb0ed-db72-48c6-a54e-0fdff3a4721b,2026-08-07T16:45:00Z,2026-08-07T18:45:00+0200,27.17,EUR/MWh,ES,ES,imbalance_price,Short,2026-08-28T02:01:39Z
2026-08-28T01:53:23Z,2026-08-28T03:53:23+0200,565fb0ed-db72-48c6-a54e-0fdff3a4721b,2026-08-07T17:00:00Z,2026-08-07T19:00:00+0200,0.58,EUR/MWh,ES,ES,imbalance_price,Long,2026-08-28T02:01:39Z
2026-08-28T01:53:23Z,2026-08-28T03:53:23+0200,565fb0ed-db72-48c6-a54e-0fdff3a4721b,2026-08-07T17:00:00Z,2026-08-07T19:00:00+0200,199.66,EUR/MWh,ES,ES,imbalance_price,Short,2026-08-28T02:01:39Z
2026-08-28T01:53:23Z,2026-08-28T03:53:23+0200,565fb0ed-db72-48c6-a54e-0fdff3a4721b,2026-08-07T17:15:00Z,2026-08-07T19:15:00+0200,64.38,EUR/MWh,ES,ES,imbalance_price,Long,2026-08-28T02:01:39Z
2026-08-28T01:53:23Z,2026-08-28T03:53:23+0200,565fb0ed-db72-48c6-a54e-0fdff3a4721b,2026-08-07T17:15:00Z,2026-08-07T19:15:00+0200,177.52,EUR/MWh,ES,ES,imbalance_price,Short,2026-08-28T02:01:39Z
2026-08-28T01:53:23Z,2026-08-28T03:53:23+0200,565fb0ed-db72-48c6-a54e-0fdff3a4721b,2026-08-07T17:30:00Z,2026-08-07T19:30:00+0200,4.49,EUR/MWh,ES,ES,imbalance_price,Long,2026-08-28T02:01:39Z
2026-08-28T01:53:23Z,2026-08-28T03:53:23+0200,565fb0ed-db72-48c6-a54e-0fdff3a4721b,2026-08-07T17:30:00Z,2026-08-07T19:30:00+0200,125.91,EUR/MWh,ES,ES,imbalance_price,Short,2026-08-28T02:01:39Z
2026-08-28T01:53:23Z,2026-08-28T03:53:23+0200,565fb0ed-db72-48c6-a54e-0fdff3a4721b,2026-08-07T17:45:00Z,2026-08-07T19:45:00+0200,109.31,EUR/MWh,ES,ES,imbalance_price,Long,2026-08-28T02:01:39Z
2026-08-28T01:53:23Z,2026-08-28T03:53:23+0200,565fb0ed-db72-48c6-a54e-0fdff3a4721b,2026-08-07T17:45:00Z,2026-08-07T19:45:00+0200,211.96,EUR/MWh,ES,ES,imbalance_price,Short,2026-08-28T02:01:39Z
2026-08-28T01:53:23Z,2026-08-28T03:53:23+0200,565fb0ed-db72-48c6-a54e-0fdff3a4721b,2026-08-07T18:00:00Z,2026-08-07T20:00:00+0200,206.21,EUR/MWh,ES,ES,imbalance_price,Long,2026-08-28T02:01:39Z
2026-08-28T01:53:23Z,2026-08-28T03:53:23+0200,565fb0ed-db72-48c6-a54e-0fdff3a4721b,2026-08-07T18:00:00Z,2026-08-07T20:00:00+0200,206.21,EUR/MWh,ES,ES,imbalance_price,Short,2026-08-28T02:01:39Z
2026-08-28T01:53:23Z,2026-08-28T03:53:23+0200,565fb0ed-db72-48c6-a54e-0fdff3a4721b,2026-08-07T18:15:00Z,2026-08-07T20:15:00+0200,234.8,EUR/MWh,ES,ES,imbalance_price,Long,2026-08-28T02:01:39Z
2026-08-28T01:53:23Z,2026-08-28T03:53:23+0200,565fb0ed-db72-48c6-a54e-0fdff3a4721b,2026-08-07T18:15:00Z,2026-08-07T20:15:00+0200,234.8,EUR/MWh,ES,ES,imbalance_price,Short,2026-08-28T02:01:39Z
2026-08-28T01:53:23Z,2026-08-28T03:53:23+0200,565fb0ed-db72-48c6-a54e-0fdff3a4721b,2026-08-07T18:30:00Z,2026-08-07T20:30:00+0200,187.04,EUR/MWh,ES,ES,imbalance_price,Long,2026-08-28T02:01:39Z
2026-08-28T01:53:23Z,2026-08-28T03:53:23+0200,565fb0ed-db72-48c6-a54e-0fdff3a4721b,2026-08-07T18:30:00Z,2026-08-07T20:30:00+0200,187.04,EUR/MWh,ES,ES,imbalance_price,Short,2026-08-28T02:01:39Z
2026-08-28T01:53:23Z,2026-08-28T03:53:23+0200,565fb0ed-db72-48c6-a54e-0fdff3a4721b,2026-08-07T18:45:00Z,2026-08-07T20:45:00+0200,227.34,EUR/MWh,ES,ES,imbalance_price,Long,2026-08-28T02:01:39Z
2026-08-28T01:53:23Z,2026-08-28T03:53:23+0200,565fb0ed-db72-48c6-a54e-0fdff3a4721b,2026-08-07T18:45:00Z,2026-08-07T20:45:00+0200,227.34,EUR/MWh,ES,ES,imbalance_price,Short,2026-08-28T02:01:39Z
2026-08-28T01:53:23Z,2026-08-28T03:53:23+0200,565fb0ed-db72-48c6-a54e-0fdff3a4721b,2026-08-07T19:00:00Z,2026-08-07T21:00:00+0200,215.96,EUR/MWh,ES,ES,imbalance_price,Long,2026-08-28T02:01:39Z
2026-08-28T01:53:23Z,2026-08-28T03:53:23+0200,565fb0ed-db72-48c6-a54e-0fdff3a4721b,2026-08-07T19:00:00Z,2026-08-07T21:00:00+0200,215.96,EUR/MWh,ES,ES,imbalance_price,Short,2026-08-28T02:01:39Z
2026-08-28T01:53:23Z,2026-08-28T03:53:23+0200,565fb0ed-db72-48c6-a54e-0fdff3a4721b,2026-08-07T19:15:00Z,2026-08-07T21:15:00+0200,219.63,EUR/MWh,ES,ES,imbalance_price,Long,2026-08-28T02:01:39Z
2026-08-28T01:53:23Z,2026-08-28T03:53:23+0200,565fb0ed-db72-48c6-a54e-0fdff3a4721b,2026-08-07T19:15:00Z,2026-08-07T21:15:00+0200,219.63,EUR/MWh,ES,ES,imbalance_price,Short,2026-08-28T02:01:39Z
2026-08-28T01:53:23Z,2026-08-28T03:53:23+0200,565fb0ed-db72-48c6-a54e-0fdff3a4721b,2026-08-07T19:30:00Z,2026-08-07T21:30:00+0200,216.55,EUR/MWh,ES,ES,imbalance_price,Long,2026-08-28T02:01:39Z
2026-08-28T01:53:23Z,2026-08-28T03:53:23+0200,565fb0ed-db72-48c6-a54e-0fdff3a4721b,2026-08-07T19:30:00Z,2026-08-07T21:30:00+0200,216.55,EUR/MWh,ES,ES,imbalance_price,Short,2026-08-28T02:01:39Z
2026-08-28T01:53:23Z,2026-08-28T03:53:23+0200,565fb0ed-db72-48c6-a54e-0fdff3a4721b,2026-08-07T19:45:00Z,2026-08-07T21:45:00+0200,212.6,EUR/MWh,ES,ES,imbalance_price,Long,2026-08-28T02:01:39Z
2026-08-28T01:53:23Z,2026-08-28T03:53:23+0200,565fb0ed-db72-48c6-a54e-0fdff3a4721b,2026-08-07T19:45:00Z,2026-08-07T21:45:00+0200,212.6,EUR/MWh,ES,ES,imbalance_price,Short,2026-08-28T02:01:39Z
2026-08-28T01:53:23Z,2026-08-28T03:53:23+0200,565fb0ed-db72-48c6-a54e-0fdff3a4721b,2026-08-07T20:00:00Z,2026-08-07T22:00:00+0200,192.99,EUR/MWh,ES,ES,imbalance_price,Long,2026-08-28T02:01:39Z
2026-08-28T01:53:23Z,2026-08-28T03:53:23+0200,565fb0ed-db72-48c6-a54e-0fdff3a4721b,2026-08-07T20:00:00Z,2026-08-07T22:00:00+0200,192.99,EUR/MWh,ES,ES,imbalance_price,Short,2026-08-28T02:01:39Z
2026-08-28T01:53:23Z,2026-08-28T03:53:23+0200,565fb0ed-db72-48c6-a54e-0fdff3a4721b,2026-08-07T20:15:00Z,2026-08-07T22:15:00+0200,185.98,EUR/MWh,ES,ES,imbalance_price,Long,2026-08-28T02:01:39Z
2026-08-28T01:53:23Z,2026-08-28T03:53:23+0200,565fb0ed-db72-48c6-a54e-0fdff3a4721b,2026-08-07T20:15:00Z,2026-08-07T22:15:00+0200,185.98,EUR/MWh,ES,ES,imbalance_price,Short,2026-08-28T02:01:39Z
2026-08-28T01:53:23Z,2026-08-28T03:53:23+0200,565fb0ed-db72-48c6-a54e-0fdff3a4721b,2026-08-07T20:30:00Z,2026-08-07T22:30:00+0200,115.92,EUR/MWh,ES,ES,imbalance_price,Long,2026-08-28T02:01:39Z
2026-08-28T01:53:23Z,2026-08-28T03:53:23+0200,565fb0ed-db72-48c6-a54e-0fdff3a4721b,2026-08-07T20:30:00Z,2026-08-07T22:30:00+0200,182.17,EUR/MWh,ES,ES,imbalance_price,Short,2026-08-28T02:01:39Z
2026-08-28T01:53:23Z,2026-08-28T03:53:23+0200,565fb0ed-db72-48c6-a54e-0fdff3a4721b,2026-08-07T20:45:00Z,2026-08-07T22:45:00+0200,110.71,EUR/MWh,ES,ES,imbalance_price,Long,2026-08-28T02:01:39Z
2026-08-28T01:53:23Z,2026-08-28T03:53:23+0200,565fb0ed-db72-48c6-a54e-0fdff3a4721b,2026-08-07T20:45:00Z,2026-08-07T22:45:00+0200,178.12,EUR/MWh,ES,ES,imbalance_price,Short,2026-08-28T02:01:39Z
2026-08-28T01:53:23Z,2026-08-28T03:53:23+0200,565fb0ed-db72-48c6-a54e-0fdff3a4721b,2026-08-07T21:00:00Z,2026-08-07T23:00:00+0200,183.26,EUR/MWh,ES,ES,imbalance_price,Long,2026-08-28T02:01:39Z
2026-08-28T01:53:23Z,2026-08-28T03:53:23+0200,565fb0ed-db72-48c6-a54e-0fdff3a4721b,2026-08-07T21:00:00Z,2026-08-07T23:00:00+0200,183.26,EUR/MWh,ES,ES,imbalance_price,Short,2026-08-28T02:01:39Z
2026-08-28T01:53:23Z,2026-08-28T03:53:23+0200,565fb0ed-db72-48c6-a54e-0fdff3a4721b,2026-08-07T21:15:00Z,2026-08-07T23:15:00+0200,207.13,EUR/MWh,ES,ES,imbalance_price,Long,2026-08-28T02:01:39Z
2026-08-28T01:53:23Z,2026-08-28T03:53:23+0200,565fb0ed-db72-48c6-a54e-0fdff3a4721b,2026-08-07T21:15:00Z,2026-08-07T23:15:00+0200,207.13,EUR/MWh,ES,ES,imbalance_price,Short,2026-08-28T02:01:39Z
2026-08-28T01:53:23Z,2026-08-28T03:53:23+0200,565fb0ed-db72-48c6-a54e-0fdff3a4721b,2026-08-07T21:30:00Z,2026-08-07T23:30:00+0200,178.28,EUR/MWh,ES,ES,imbalance_price,Long,2026-08-28T02:01:39Z
2026-08-28T01:53:23Z,2026-08-28T03:53:23+0200,565fb0ed-db72-48c6-a54e-0fdff3a4721b,2026-08-07T21:30:00Z,2026-08-07T23:30:00+0200,178.28,EUR/MWh,ES,ES,imbalance_price,Short,2026-08-28T02:01:39Z
2026-08-28T01:53:23Z,2026-08-28T03:53:23+0200,565fb0ed-db72-48c6-a54e-0fdff3a4721b,2026-08-07T21:45:00Z,2026-08-07T23:45:00+0200,171.38,EUR/MWh,ES,ES,imbalance_price,Long,2026-08-28T02:01:39Z
2026-08-28T01:53:23Z,2026-08-28T03:53:23+0200,565fb0ed-db72-48c6-a54e-0fdff3a4721b,2026-08-07T21:45:00Z,2026-08-07T23:45:00+0200,171.38,EUR/MWh,ES,ES,imbalance_price,Short,2026-08-28T02:01:39Z
2026-08-28T01:53:23Z,2026-08-28T03:53:23+0200,565fb0ed-db72-48c6-a54e-0fdff3a4721b,2026-08-07T22:00:00Z,2026-08-08T00:00:00+0200,115.15,EUR/MWh,ES,ES,imbalance_price,Long,2026-08-28T02:01:39Z
2026-08-28T01:53:23Z,2026-08-28T03:53:23+0200,565fb0ed-db72-48c6-a54e-0fdff3a4721b,2026-08-07T22:00:00Z,2026-08-08T00:00:00+0200,186.61,EUR/MWh,ES,ES,imbalance_price,Short,2026-08-28T02:01:39Z
2026-08-28T01:53:23Z,2026-08-28T03:53:23+0200,565fb0ed-db72-48c6-a54e-0fdff3a4721b,2026-08-07T22:15:00Z,2026-08-08T00:15:00+0200,190.51,EUR/MWh,ES,ES,imbalance_price,Long,2026-08-28T02:01:39Z
2026-08-28T01:53:23Z,2026-08-28T03:53:23+0200,565fb0ed-db72-48c6-a54e-0fdff3a4721b,2026-08-07T22:15:00Z,2026-08-08T00:15:00+0200,190.51,EUR/MWh,ES,ES,imbalance_price,Short,2026-08-28T02:01:39Z
2026-08-28T01:53:23Z,2026-08-28T03:53:23+0200,565fb0ed-db72-48c6-a54e-0fdff3a4721b,2026-08-07T22:30:00Z,2026-08-08T00:30:00+0200,191.2,EUR/MWh,ES,ES,imbalance_price,Long,2026-08-28T02:01:39Z
2026-08-28T01:53:23Z,2026-08-28T03:53:23+0200,565fb0ed-db72-48c6-a54e-0fdff3a4721b,2026-08-07T22:30:00Z,2026-08-08T00:30:00+0200,191.2,EUR/MWh,ES,ES,imbalance_price,Short,2026-08-28T02:01:39Z
2026-08-28T01:53:23Z,2026-08-28T03:53:23+0200,565fb0ed-db72-48c6-a54e-0fdff3a4721b,2026-08-07T22:45:00Z,2026-08-08T00:45:00+0200,119.45,EUR/MWh,ES,ES,imbalance_price,Long,2026-08-28T02:01:39Z
2026-08-28T01:53:23Z,2026-08-28T03:53:23+0200,565fb0ed-db72-48c6-a54e-0fdff3a4721b,2026-08-07T22:45:00Z,2026-08-08T00:45:00+0200,183.08,EUR/MWh,ES,ES,imbalance_price,Short,2026-08-28T02:01:39Z
2026-08-28T01:53:23Z,2026-08-28T03:53:23+0200,565fb0ed-db72-48c6-a54e-0fdff3a4721b,2026-08-07T23:00:00Z,2026-08-08T01:00:00+0200,125.64,EUR/MWh,ES,ES,imbalance_price,Long,2026-08-28T02:01:39Z
2026-08-28T01:53:23Z,2026-08-28T03:53:23+0200,565fb0ed-db72-48c6-a54e-0fdff3a4721b,2026-08-07T23:00:00Z,2026-08-08T01:00:00+0200,177.67,EUR/MWh,ES,ES,imbalance_price,Short,2026-08-28T02:01:39Z
2026-08-28T01:53:23Z,2026-08-28T03:53:23+0200,565fb0ed-db72-48c6-a54e-0fdff3a4721b,2026-08-07T23:15:00Z,2026-08-08T01:15:00+0200,117.98,EUR/MWh,ES,ES,imbalance_price,Long,2026-08-28T02:01:39Z
2026-08-28T01:53:23Z,2026-08-28T03:53:23+0200,565fb0ed-db72-48c6-a54e-0fdff3a4721b,2026-08-07T23:15:00Z,2026-08-08T01:15:00+0200,160.82,EUR/MWh,ES,ES,imbalance_price,Short,2026-08-28T02:01:39Z
2026-08-28T01:53:23Z,2026-08-28T03:53:23+0200,565fb0ed-db72-48c6-a54e-0fdff3a4721b,2026-08-07T23:30:00Z,2026-08-08T01:30:00+0200,116.0,EUR/MWh,ES,ES,imbalance_price,Long,2026-08-28T02:01:39Z
2026-08-28T01:53:23Z,2026-08-28T03:53:23+0200,565fb0ed-db72-48c6-a54e-0fdff3a4721b,2026-08-07T23:30:00Z,2026-08-08T01:30:00+0200,173.62,EUR/MWh,ES,ES,imbalance_price,Short,2026-08-28T02:01:39Z
2026-08-28T01:53:23Z,2026-08-28T03:53:23+0200,565fb0ed-db72-48c6-a54e-0fdff3a4721b,2026-08-07T23:45:00Z,2026-08-08T01:45:00+0200,119.81,EUR/MWh,ES,ES,imbalance_price,Long,2026-08-28T02:01:39Z
2026-08-28T01:53:23Z,2026-08-28T03:53:23+0200,565fb0ed-db72-48c6-a54e-0fdff3a4721b,2026-08-07T23:45:00Z,2026-08-08T01:45:00+0200,162.5,EUR/MWh,ES,ES,imbalance_price,Short,2026-08-28T02:01:39Z
2026-08-28T01:53:23Z,2026-08-28T03:53:23+0200,565fb0ed-db72-48c6-a54e-0fdff3a4721b,2026-08-08T00:00:00Z,2026-08-08T02:00:00+0200,208.08,EUR/MWh,ES,ES,imbalance_price,Long,2026-08-28T02:01:39Z
2026-08-28T01:53:23Z,2026-08-28T03:53:23+0200,565fb0ed-db72-48c6-a54e-0fdff3a4721b,2026-08-08T00:00:00Z,2026-08-08T02:00:00+0200,208.08,EUR/MWh,ES,ES,imbalance_price,Short,2026-08-28T02:01:39Z
2026-08-28T01:53:23Z,2026-08-28T03:53:23+0200,565fb0ed-db72-48c6-a54e-0fdff3a4721b,2026-08-08T00:15:00Z,2026-08-08T02:15:00+0200,196.24,EUR/MWh,ES,ES,imbalance_price,Long,2026-08-28T02:01:39Z
2026-08-28T01:53:23Z,2026-08-28T03:53:23+0200,565fb0ed-db72-48c6-a54e-0fdff3a4721b,2026-08-08T00:15:00Z,2026-08-08T02:15:00+0200,196.24,EUR/MWh,ES,ES,imbalance_price,Short,2026-08-28T02:01:39Z
2026-08-28T01:53:23Z,2026-08-28T03:53:23+0200,565fb0ed-db72-48c6-a54e-0fdff3a4721b,2026-08-08T00:30:00Z,2026-08-08T02:30:00+0200,115.86,EUR/MWh,ES,ES,imbalance_price,Long,2026-08-28T02:01:39Z
2026-08-28T01:53:23Z,2026-08-28T03:53:23+0200,565fb0ed-db72-48c6-a54e-0fdff3a4721b,2026-08-08T00:30:00Z,2026-08-08T02:30:00+0200,140.38,EUR/MWh,ES,ES,imbalance_price,Short,2026-08-28T02:01:39Z
2026-08-28T01:53:23Z,2026-08-28T03:53:23+0200,565fb0ed-db72-48c6-a54e-0fdff3a4721b,2026-08-08T00:45:00Z,2026-08-08T02:45:00+0200,159.96,EUR/MWh,ES,ES,imbalance_price,Long,2026-08-28T02:01:39Z
2026-08-28T01:53:23Z,2026-08-28T03:53:23+0200,565fb0ed-db72-48c6-a54e-0fdff3a4721b,2026-08-08T00:45:00Z,2026-08-08T02:45:00+0200,159.96,EUR/MWh,ES,ES,imbalance_price,Short,2026-08-28T02:01:39Z
2026-08-28T01:53:23Z,2026-08-28T03:53:23+0200,565fb0ed-db72-48c6-a54e-0fdff3a4721b,2026-08-08T01:00:00Z,2026-08-08T03:00:00+0200,127.12,EUR/MWh,ES,ES,imbalance_price,Long,2026-08-28T02:01:39Z
2026-08-28T01:53:23Z,2026-08-28T03:53:23+0200,565fb0ed-db72-48c6-a54e-0fdff3a4721b,2026-08-08T01:00:00Z,2026-08-08T03:00:00+0200,178.0,EUR/MWh,ES,ES,imbalance_price,Short,2026-08-28T02:01:39Z
2026-08-28T01:53:23Z,2026-08-28T03:53:23+0200,565fb0ed-db72-48c6-a54e-0fdff3a4721b,2026-08-08T01:15:00Z,2026-08-08T03:15:00+0200,128.2,EUR/MWh,ES,ES,imbalance_price,Long,2026-08-28T02:01:39Z
2026-08-28T01:53:23Z,2026-08-28T03:53:23+0200,565fb0ed-db72-48c6-a54e-0fdff3a4721b,2026-08-08T01:15:00Z,2026-08-08T03:15:00+0200,178.11,EUR/MWh,ES,ES,imbalance_price,Short,2026-08-28T02:01:39Z
2026-08-28T01:53:23Z,2026-08-28T03:53:23+0200,565fb0ed-db72-48c6-a54e-0fdff3a4721b,2026-08-08T01:30:00Z,2026-08-08T03:30:00+0200,129.85,EUR/MWh,ES,ES,imbalance_price,Long,2026-08-28T02:01:39Z
2026-08-28T01:53:23Z,2026-08-28T03:53:23+0200,565fb0ed-db72-48c6-a54e-0fdff3a4721b,2026-08-08T01:30:00Z,2026-08-08T03:30:00+0200,196.19,EUR/MWh,ES,ES,imbalance_price,Short,2026-08-28T02:01:39Z
2026-08-28T01:53:23Z,2026-08-28T03:53:23+0200,565fb0ed-db72-48c6-a54e-0fdff3a4721b,2026-08-08T01:45:00Z,2026-08-08T03:45:00+0200,183.13,EUR/MWh,ES,ES,imbalance_price,Long,2026-08-28T02:01:39Z
2026-08-28T01:53:23Z,2026-08-28T03:53:23+0200,565fb0ed-db72-48c6-a54e-0fdff3a4721b,2026-08-08T01:45:00Z,2026-08-08T03:45:00+0200,183.13,EUR/MWh,ES,ES,imbalance_price,Short,2026-08-28T02:01:39Z
2026-08-28T01:53:23Z,2026-08-28T03:53:23+0200,565fb0ed-db72-48c6-a54e-0fdff3a4721b,2026-08-08T02:00:00Z,2026-08-08T04:00:00+0200,103.46,EUR/MWh,ES,ES,imbalance_price,Long,2026-08-28T02:01:39Z
2026-08-28T01:53:23Z,2026-08-28T03:53:23+0200,565fb0ed-db72-48c6-a54e-0fdff3a4721b,2026-08-08T02:00:00Z,2026-08-08T04:00:00+0200,143.34,EUR/MWh,ES,ES,imbalance_price,Short,2026-08-28T02:01:39Z
2026-08-28T01:53:23Z,2026-08-28T03:53:23+0200,565fb0ed-db72-48c6-a54e-0fdff3a4721b,2026-08-08T02:15:00Z,2026-08-08T04:15:00+0200,157.25,EUR/MWh,ES,ES,imbalance_price,Long,2026-08-28T02:01:39Z
2026-08-28T01:53:23Z,2026-08-28T03:53:23+0200,565fb0ed-db72-48c6-a54e-0fdff3a4721b,2026-08-08T02:15:00Z,2026-08-08T04:15:00+0200,157.25,EUR/MWh,ES,ES,imbalance_price,Short,2026-08-28T02:01:39Z
2026-08-28T01:53:23Z,2026-08-28T03:53:23+0200,565fb0ed-db72-48c6-a54e-0fdff3a4721b,2026-08-08T02:30:00Z,2026-08-08T04:30:00+0200,168.39,EUR/MWh,ES,ES,imbalance_price,Long,2026-08-28T02:01:39Z
2026-08-28T01:53:23Z,2026-08-28T03:53:23+0200,565fb0ed-db72-48c6-a54e-0fdff3a4721b,2026-08-08T02:30:00Z,2026-08-08T04:30:00+0200,168.39,EUR/MWh,ES,ES,imbalance_price,Short,2026-08-28T02:01:39Z
2026-08-28T01:53:23Z,2026-08-28T03:53:23+0200,565fb0ed-db72-48c6-a54e-0fdff3a4721b,2026-08-08T02:45:00Z,2026-08-08T04:45:00+0200,156.32,EUR/MWh,ES,ES,imbalance_price,Long,2026-08-28T02:01:39Z
2026-08-28T01:53:23Z,2026-08-28T03:53:23+0200,565fb0ed-db72-48c6-a54e-0fdff3a4721b,2026-08-08T02:45:00Z,2026-08-08T04:45:00+0200,156.32,EUR/MWh,ES,ES,imbalance_price,Short,2026-08-28T02:01:39Z
2026-08-28T01:53:23Z,2026-08-28T03:53:23+0200,565fb0ed-db72-48c6-a54e-0fdff3a4721b,2026-08-08T03:00:00Z,2026-08-08T05:00:00+0200,0.11,EUR/MWh,ES,ES,imbalance_price,Long,2026-08-28T02:01:39Z
2026-08-28T01:53:23Z,2026-08-28T03:53:23+0200,565fb0ed-db72-48c6-a54e-0fdff3a4721b,2026-08-08T03:00:00Z,2026-08-08T05:00:00+0200,175.16,EUR/MWh,ES,ES,imbalance_price,Short,2026-08-28T02:01:39Z
2026-08-28T01:53:23Z,2026-08-28T03:53:23+0200,565fb0ed-db72-48c6-a54e-0fdff3a4721b,2026-08-08T03:15:00Z,2026-08-08T05:15:00+0200,0.0,EUR/MWh,ES,ES,imbalance_price,Long,2026-08-28T02:01:39Z
2026-08-28T01:53:23Z,2026-08-28T03:53:23+0200,565fb0ed-db72-48c6-a54e-0fdff3a4721b,2026-08-08T03:15:00Z,2026-08-08T05:15:00+0200,175.65,EUR/MWh,ES,ES,imbalance_price,Short,2026-08-28T02:01:39Z
2026-08-28T01:53:23Z,2026-08-28T03:53:23+0200,565fb0ed-db72-48c6-a54e-0fdff3a4721b,2026-08-08T03:30:00Z,2026-08-08T05:30:00+0200,5.64,EUR/MWh,ES,ES,imbalance_price,Long,2026-08-28T02:01:39Z
2026-08-28T01:53:23Z,2026-08-28T03:53:23+0200,565fb0ed-db72-48c6-a54e-0fdff3a4721b,2026-08-08T03:30:00Z,2026-08-08T05:30:00+0200,175.58,EUR/MWh,ES,ES,imbalance_price,Short,2026-08-28T02:01:39Z
2026-08-28T01:53:23Z,2026-08-28T03:53:23+0200,565fb0ed-db72-48c6-a54e-0fdff3a4721b,2026-08-08T03:45:00Z,2026-08-08T05:45:00+0200,175.73,EUR/MWh,ES,ES,imbalance_price,Long,2026-08-28T02:01:39Z
2026-08-28T01:53:23Z,2026-08-28T03:53:23+0200,565fb0ed-db72-48c6-a54e-0fdff3a4721b,2026-08-08T03:45:00Z,2026-08-08T05:45:00+0200,175.73,EUR/MWh,ES,ES,imbalance_price,Short,2026-08-28T02:01:39Z
2026-08-28T01:53:23Z,2026-08-28T03:53:23+0200,565fb0ed-db72-48c6-a54e-0fdff3a4721b,2026-08-08T04:00:00Z,2026-08-08T06:00:00+0200,0.0,EUR/MWh,ES,ES,imbalance_price,Long,2026-08-28T02:01:39Z
2026-08-28T01:53:23Z,2026-08-28T03:53:23+0200,565fb0ed-db72-48c6-a54e-0fdff3a4721b,2026-08-08T04:00:00Z,2026-08-08T06:00:00+0200,178.6,EUR/MWh,ES,ES,imbalance_price,Short,2026-08-28T02:01:39Z
2026-08-28T01:53:23Z,2026-08-28T03:53:23+0200,565fb0ed-db72-48c6-a54e-0fdff3a4721b,2026-08-08T04:15:00Z,2026-08-08T06:15:00+0200,0.0,EUR/MWh,ES,ES,imbalance_price,Long,2026-08-28T02:01:39Z
2026-08-28T01:53:23Z,2026-08-28T03:53:23+0200,565fb0ed-db72-48c6-a54e-0fdff3a4721b,2026-08-08T04:15:00Z,2026-08-08T06:15:00+0200,178.05,EUR/MWh,ES,ES,imbalance_price,Short,2026-08-28T02:01:39Z
2026-08-28T01:53:23Z,2026-08-28T03:53:23+0200,565fb0ed-db72-48c6-a54e-0fdff3a4721b,2026-08-08T04:30:00Z,2026-08-08T06:30:00+0200,118.3,EUR/MWh,ES,ES,imbalance_price,Long,2026-08-28T02:01:39Z
2026-08-28T01:53:23Z,2026-08-28T03:53:23+0200,565fb0ed-db72-48c6-a54e-0fdff3a4721b,2026-08-08T04:30:00Z,2026-08-08T06:30:00+0200,181.4,EUR/MWh,ES,ES,imbalance_price,Short,2026-08-28T02:01:39Z
2026-08-28T01:53:23Z,2026-08-28T03:53:23+0200,565fb0ed-db72-48c6-a54e-0fdff3a4721b,2026-08-08T04:45:00Z,2026-08-08T06:45:00+0200,123.69,EUR/MWh,ES,ES,imbalance_price,Long,2026-08-28T02:01:39Z
2026-08-28T01:53:23Z,2026-08-28T03:53:23+0200,565fb0ed-db72-48c6-a54e-0fdff3a4721b,2026-08-08T04:45:00Z,2026-08-08T06:45:00+0200,183.76,EUR/MWh,ES,ES,imbalance_price,Short,2026-08-28T02:01:39Z
2026-08-28T01:53:23Z,2026-08-28T03:53:23+0200,565fb0ed-db72-48c6-a54e-0fdff3a4721b,2026-08-08T05:00:00Z,2026-08-08T07:00:00+0200,118.83,EUR/MWh,ES,ES,imbalance_price,Long,2026-08-28T02:01:39Z
2026-08-28T01:53:23Z,2026-08-28T03:53:23+0200,565fb0ed-db72-48c6-a54e-0fdff3a4721b,2026-08-08T05:00:00Z,2026-08-08T07:00:00+0200,177.32,EUR/MWh,ES,ES,imbalance_price,Short,2026-08-28T02:01:39Z
2026-08-28T01:53:23Z,2026-08-28T03:53:23+0200,565fb0ed-db72-48c6-a54e-0fdff3a4721b,2026-08-08T05:15:00Z,2026-08-08T07:15:00+0200,105.0,EUR/MWh,ES,ES,imbalance_price,Long,2026-08-28T02:01:39Z
2026-08-28T01:53:23Z,2026-08-28T03:53:23+0200,565fb0ed-db72-48c6-a54e-0fdff3a4721b,2026-08-08T05:15:00Z,2026-08-08T07:15:00+0200,168.61,EUR/MWh,ES,ES,imbalance_price,Short,2026-08-28T02:01:39Z
2026-08-28T01:53:23Z,2026-08-28T03:53:23+0200,565fb0ed-db72-48c6-a54e-0fdff3a4721b,2026-08-08T05:30:00Z,2026-08-08T07:30:00+0200,117.38,EUR/MWh,ES,ES,imbalance_price,Long,2026-08-28T02:01:39Z
2026-08-28T01:53:23Z,2026-08-28T03:53:23+0200,565fb0ed-db72-48c6-a54e-0fdff3a4721b,2026-08-08T05:30:00Z,2026-08-08T07:30:00+0200,172.7,EUR/MWh,ES,ES,imbalance_price,Short,2026-08-28T02:01:39Z
2026-08-28T01:53:23Z,2026-08-28T03:53:23+0200,565fb0ed-db72-48c6-a54e-0fdff3a4721b,2026-08-08T05:45:00Z,2026-08-08T07:45:00+0200,108.52,EUR/MWh,ES,ES,imbalance_price,Long,2026-08-28T02:01:39Z
2026-08-28T01:53:23Z,2026-08-28T03:53:23+0200,565fb0ed-db72-48c6-a54e-0fdff3a4721b,2026-08-08T05:45:00Z,2026-08-08T07:45:00+0200,166.46,EUR/MWh,ES,ES,imbalance_price,Short,2026-08-28T02:01:39Z
2026-08-28T01:53:23Z,2026-08-28T03:53:23+0200,565fb0ed-db72-48c6-a54e-0fdff3a4721b,2026-08-08T06:00:00Z,2026-08-08T08:00:00+0200,101.76,EUR/MWh,ES,ES,imbalance_price,Long,2026-08-28T02:01:39Z
2026-08-28T01:53:23Z,2026-08-28T03:53:23+0200,565fb0ed-db72-48c6-a54e-0fdff3a4721b,2026-08-08T06:00:00Z,2026-08-08T08:00:00+0200,167.21,EUR/MWh,ES,ES,imbalance_price,Short,2026-08-28T02:01:39Z
2026-08-28T01:53:23Z,2026-08-28T03:53:23+0200,565fb0ed-db72-48c6-a54e-0fdff3a4721b,2026-08-08T06:15:00Z,2026-08-08T08:15:00+0200,121.09,EUR/MWh,ES,ES,imbalance_price,Long,2026-08-28T02:01:39Z
2026-08-28T01:53:23Z,2026-08-28T03:53:23+0200,565fb0ed-db72-48c6-a54e-0fdff3a4721b,2026-08-08T06:15:00Z,2026-08-08T08:15:00+0200,177.57,EUR/MWh,ES,ES,imbalance_price,Short,2026-08-28T02:01:39Z
2026-08-28T01:53:23Z,2026-08-28T03:53:23+0200,565fb0ed-db72-48c6-a54e-0fdff3a4721b,2026-08-08T06:30:00Z,2026-08-08T08:30:00+0200,54.67,EUR/MWh,ES,ES,imbalance_price,Long,2026-08-28T02:01:39Z
2026-08-28T01:53:23Z,2026-08-28T03:53:23+0200,565fb0ed-db72-48c6-a54e-0fdff3a4721b,2026-08-08T06:30:00Z,2026-08-08T08:30:00+0200,160.5,EUR/MWh,ES,ES,imbalance_price,Short,2026-08-28T02:01:39Z
2026-08-28T01:53:23Z,2026-08-28T03:53:23+0200,565fb0ed-db72-48c6-a54e-0fdff3a4721b,2026-08-08T06:45:00Z,2026-08-08T08:45:00+0200,72.59,EUR/MWh,ES,ES,imbalance_price,Long,2026-08-28T02:01:39Z
2026-08-28T01:53:23Z,2026-08-28T03:53:23+0200,565fb0ed-db72-48c6-a54e-0fdff3a4721b,2026-08-08T06:45:00Z,2026-08-08T08:45:00+0200,72.59,EUR/MWh,ES,ES,imbalance_price,Short,2026-08-28T02:01:39Z
2026-08-28T01:53:23Z,2026-08-28T03:53:23+0200,565fb0ed-db72-48c6-a54e-0fdff3a4721b,2026-08-08T07:00:00Z,2026-08-08T09:00:00+0200,102.43,EUR/MWh,ES,ES,imbalance_price,Long,2026-08-28T02:01:39Z
2026-08-28T01:53:23Z,2026-08-28T03:53:23+0200,565fb0ed-db72-48c6-a54e-0fdff3a4721b,2026-08-08T07:00:00Z,2026-08-08T09:00:00+0200,202.4,EUR/MWh,ES,ES,imbalance_price,Short,2026-08-28T02:01:39Z
2026-08-28T01:53:23Z,2026-08-28T03:53:23+0200,565fb0ed-db72-48c6-a54e-0fdff3a4721b,2026-08-08T07:15:00Z,2026-08-08T09:15:00+0200,44.63,EUR/MWh,ES,ES,imbalance_price,Long,2026-08-28T02:01:39Z
2026-08-28T01:53:23Z,2026-08-28T03:53:23+0200,565fb0ed-db72-48c6-a54e-0fdff3a4721b,2026-08-08T07:15:00Z,2026-08-08T09:15:00+0200,189.0,EUR/MWh,ES,ES,imbalance_price,Short,2026-08-28T02:01:39Z
2026-08-28T01:53:23Z,2026-08-28T03:53:23+0200,565fb0ed-db72-48c6-a54e-0fdff3a4721b,2026-08-08T07:30:00Z,2026-08-08T09:30:00+0200,0.26,EUR/MWh,ES,ES,imbalance_price,Long,2026-08-28T02:01:39Z
2026-08-28T01:53:23Z,2026-08-28T03:53:23+0200,565fb0ed-db72-48c6-a54e-0fdff3a4721b,2026-08-08T07:30:00Z,2026-08-08T09:30:00+0200,249.81,EUR/MWh,ES,ES,imbalance_price,Short,2026-08-28T02:01:39Z
2026-08-28T01:53:23Z,2026-08-28T03:53:23+0200,565fb0ed-db72-48c6-a54e-0fdff3a4721b,2026-08-08T07:45:00Z,2026-08-08T09:45:00+0200,-0.76,EUR/MWh,ES,ES,imbalance_price,Long,2026-08-28T02:01:39Z
2026-08-28T01:53:23Z,2026-08-28T03:53:23+0200,565fb0ed-db72-48c6-a54e-0fdff3a4721b,2026-08-08T07:45:00Z,2026-08-08T09:45:00+0200,53.25,EUR/MWh,ES,ES,imbalance_price,Short,2026-08-28T02:01:39Z
2026-08-28T01:53:23Z,2026-08-28T03:53:23+0200,565fb0ed-db72-48c6-a54e-0fdff3a4721b,2026-08-08T08:00:00Z,2026-08-08T10:00:00+0200,9.68,EUR/MWh,ES,ES,imbalance_price,Long,2026-08-28T02:01:39Z
2026-08-28T01:53:23Z,2026-08-28T03:53:23+0200,565fb0ed-db72-48c6-a54e-0fdff3a4721b,2026-08-08T08:00:00Z,2026-08-08T10:00:00+0200,23.84,EUR/MWh,ES,ES,imbalance_price,Short,2026-08-28T02:01:39Z
2026-08-28T01:53:23Z,2026-08-28T03:53:23+0200,565fb0ed-db72-48c6-a54e-0fdff3a4721b,2026-08-08T08:15:00Z,2026-08-08T10:15:00+0200,-0.05,EUR/MWh,ES,ES,imbalance_price,Long,2026-08-28T02:01:39Z
2026-08-28T01:53:23Z,2026-08-28T03:53:23+0200,565fb0ed-db72-48c6-a54e-0fdff3a4721b,2026-08-08T08:15:00Z,2026-08-08T10:15:00+0200,9.07,EUR/MWh,ES,ES,imbalance_price,Short,2026-08-28T02:01:39Z
2026-08-28T01:53:23Z,2026-08-28T03:53:23+0200,565fb0ed-db72-48c6-a54e-0fdff3a4721b,2026-08-08T08:30:00Z,2026-08-08T10:30:00+0200,0.29,EUR/MWh,ES,ES,imbalance_price,Long,2026-08-28T02:01:39Z
2026-08-28T01:53:23Z,2026-08-28T03:53:23+0200,565fb0ed-db72-48c6-a54e-0fdff3a4721b,2026-08-08T08:30:00Z,2026-08-08T10:30:00+0200,0.29,EUR/MWh,ES,ES,imbalance_price,Short,2026-08-28T02:01:39Z
2026-08-28T01:53:23Z,2026-08-28T03:53:23+0200,565fb0ed-db72-48c6-a54e-0fdff3a4721b,2026-08-08T08:45:00Z,2026-08-08T10:45:00+0200,-0.23,EUR/MWh,ES,ES,imbalance_price,Long,2026-08-28T02:01:39Z
2026-08-28T01:53:23Z,2026-08-28T03:53:23+0200,565fb0ed-db72-48c6-a54e-0fdff3a4721b,2026-08-08T08:45:00Z,2026-08-08T10:45:00+0200,-0.23,EUR/MWh,ES,ES,imbalance_price,Short,2026-08-28T02:01:39Z
2026-08-28T01:53:23Z,2026-08-28T03:53:23+0200,565fb0ed-db72-48c6-a54e-0fdff3a4721b,2026-08-08T09:00:00Z,2026-08-08T11:00:00+0200,-2.79,EUR/MWh,ES,ES,imbalance_price,Long,2026-08-28T02:01:39Z
2026-08-28T01:53:23Z,2026-08-28T03:53:23+0200,565fb0ed-db72-48c6-a54e-0fdff3a4721b,2026-08-08T09:00:00Z,2026-08-08T11:00:00+0200,1.04,EUR/MWh,ES,ES,imbalance_price,Short,2026-08-28T02:01:39Z
2026-08-28T01:53:23Z,2026-08-28T03:53:23+0200,565fb0ed-db72-48c6-a54e-0fdff3a4721b,2026-08-08T09:15:00Z,2026-08-08T11:15:00+0200,-3.29,EUR/MWh,ES,ES,imbalance_price,Long,2026-08-28T02:01:39Z
2026-08-28T01:53:23Z,2026-08-28T03:53:23+0200,565fb0ed-db72-48c6-a54e-0fdff3a4721b,2026-08-08T09:15:00Z,2026-08-08T11:15:00+0200,13.47,EUR/MWh,ES,ES,imbalance_price,Short,2026-08-28T02:01:39Z
2026-08-28T01:53:23Z,2026-08-28T03:53:23+0200,565fb0ed-db72-48c6-a54e-0fdff3a4721b,2026-08-08T09:30:00Z,2026-08-08T11:30:00+0200,0.95,EUR/MWh,ES,ES,imbalance_price,Long,2026-08-28T02:01:39Z
2026-08-28T01:53:23Z,2026-08-28T03:53:23+0200,565fb0ed-db72-48c6-a54e-0fdff3a4721b,2026-08-08T09:30:00Z,2026-08-08T11:30:00+0200,8.84,EUR/MWh,ES,ES,imbalance_price,Short,2026-08-28T02:01:39Z
2026-08-28T01:53:23Z,2026-08-28T03:53:23+0200,565fb0ed-db72-48c6-a54e-0fdff3a4721b,2026-08-08T09:45:00Z,2026-08-08T11:45:00+0200,0.14,EUR/MWh,ES,ES,imbalance_price,Long,2026-08-28T02:01:39Z
2026-08-28T01:53:23Z,2026-08-28T03:53:23+0200,565fb0ed-db72-48c6-a54e-0fdff3a4721b,2026-08-08T09:45:00Z,2026-08-08T11:45:00+0200,3.77,EUR/MWh,ES,ES,imbalance_price,Short,2026-08-28T02:01:39Z
2026-08-28T01:53:23Z,2026-08-28T03:53:23+0200,565fb0ed-db72-48c6-a54e-0fdff3a4721b,2026-08-08T10:00:00Z,2026-08-08T12:00:00+0200,-1.85,EUR/MWh,ES,ES,imbalance_price,Long,2026-08-28T02:01:39Z
2026-08-28T01:53:23Z,2026-08-28T03:53:23+0200,565fb0ed-db72-48c6-a54e-0fdff3a4721b,2026-08-08T10:00:00Z,2026-08-08T12:00:00+0200,1.45,EUR/MWh,ES,ES,imbalance_price,Short,2026-08-28T02:01:39Z
2026-08-28T01:53:23Z,2026-08-28T03:53:23+0200,565fb0ed-db72-48c6-a54e-0fdff3a4721b,2026-08-08T10:15:00Z,2026-08-08T12:15:00+0200,1.56,EUR/MWh,ES,ES,imbalance_price,Long,2026-08-28T02:01:39Z
2026-08-28T01:53:23Z,2026-08-28T03:53:23+0200,565fb0ed-db72-48c6-a54e-0fdff3a4721b,2026-08-08T10:15:00Z,2026-08-08T12:15:00+0200,4.93,EUR/MWh,ES,ES,imbalance_price,Short,2026-08-28T02:01:39Z
2026-08-28T01:53:23Z,2026-08-28T03:53:23+0200,565fb0ed-db72-48c6-a54e-0fdff3a4721b,2026-08-08T10:30:00Z,2026-08-08T12:30:00+0200,3.62,EUR/MWh,ES,ES,imbalance_price,Long,2026-08-28T02:01:39Z
2026-08-28T01:53:23Z,2026-08-28T03:53:23+0200,565fb0ed-db72-48c6-a54e-0fdff3a4721b,2026-08-08T10:30:00Z,2026-08-08T12:30:00+0200,9.21,EUR/MWh,ES,ES,imbalance_price,Short,2026-08-28T02:01:39Z
2026-08-28T01:53:23Z,2026-08-28T03:53:23+0200,565fb0ed-db72-48c6-a54e-0fdff3a4721b,2026-08-08T10:45:00Z,2026-08-08T12:45:00+0200,-0.9,EUR/MWh,ES,ES,imbalance_price,Long,2026-08-28T02:01:39Z
2026-08-28T01:53:23Z,2026-08-28T03:53:23+0200,565fb0ed-db72-48c6-a54e-0fdff3a4721b,2026-08-08T10:45:00Z,2026-08-08T12:45:00+0200,13.0,EUR/MWh,ES,ES,imbalance_price,Short,2026-08-28T02:01:39Z
2026-08-28T01:53:23Z,2026-08-28T03:53:23+0200,565fb0ed-db72-48c6-a54e-0fdff3a4721b,2026-08-08T11:00:00Z,2026-08-08T13:00:00+0200,-3.14,EUR/MWh,ES,ES,imbalance_price,Long,2026-08-28T02:01:39Z
2026-08-28T01:53:23Z,2026-08-28T03:53:23+0200,565fb0ed-db72-48c6-a54e-0fdff3a4721b,2026-08-08T11:00:00Z,2026-08-08T13:00:00+0200,-3.14,EUR/MWh,ES,ES,imbalance_price,Short,2026-08-28T02:01:39Z
2026-08-28T01:53:23Z,2026-08-28T03:53:23+0200,565fb0ed-db72-48c6-a54e-0fdff3a4721b,2026-08-08T11:15:00Z,2026-08-08T13:15:00+0200,-7.15,EUR/MWh,ES,ES,imbalance_price,Long,2026-08-28T02:01:39Z
2026-08-28T01:53:23Z,2026-08-28T03:53:23+0200,565fb0ed-db72-48c6-a54e-0fdff3a4721b,2026-08-08T11:15:00Z,2026-08-08T13:15:00+0200,0.0,EUR/MWh,ES,ES,imbalance_price,Short,2026-08-28T02:01:39Z
2026-08-28T01:53:23Z,2026-08-28T03:53:23+0200,565fb0ed-db72-48c6-a54e-0fdff3a4721b,2026-08-08T11:30:00Z,2026-08-08T13:30:00+0200,-0.89,EUR/MWh,ES,ES,imbalance_price,Long,2026-08-28T02:01:39Z
2026-08-28T01:53:23Z,2026-08-28T03:53:23+0200,565fb0ed-db72-48c6-a54e-0fdff3a4721b,2026-08-08T11:30:00Z,2026-08-08T13:30:00+0200,4.55,EUR/MWh,ES,ES,imbalance_price,Short,2026-08-28T02:01:39Z
2026-08-28T01:53:23Z,2026-08-28T03:53:23+0200,565fb0ed-db72-48c6-a54e-0fdff3a4721b,2026-08-08T11:45:00Z,2026-08-08T13:45:00+0200,1.07,EUR/MWh,ES,ES,imbalance_price,Long,2026-08-28T02:01:39Z
2026-08-28T01:53:23Z,2026-08-28T03:53:23+0200,565fb0ed-db72-48c6-a54e-0fdff3a4721b,2026-08-08T11:45:00Z,2026-08-08T13:45:00+0200,1.15,EUR/MWh,ES,ES,imbalance_price,Short,2026-08-28T02:01:39Z
2026-08-28T01:53:23Z,2026-08-28T03:53:23+0200,565fb0ed-db72-48c6-a54e-0fdff3a4721b,2026-08-08T12:00:00Z,2026-08-08T14:00:00+0200,-0.68,EUR/MWh,ES,ES,imbalance_price,Long,2026-08-28T02:01:39Z
2026-08-28T01:53:23Z,2026-08-28T03:53:23+0200,565fb0ed-db72-48c6-a54e-0fdff3a4721b,2026-08-08T12:00:00Z,2026-08-08T14:00:00+0200,3.46,EUR/MWh,ES,ES,imbalance_price,Short,2026-08-28T02:01:39Z
2026-08-28T01:53:23Z,2026-08-28T03:53:23+0200,565fb0ed-db72-48c6-a54e-0fdff3a4721b,2026-08-08T12:15:00Z,2026-08-08T14:15:00+0200,-0.24,EUR/MWh,ES,ES,imbalance_price,Long,2026-08-28T02:01:39Z
2026-08-28T01:53:23Z,2026-08-28T03:53:23+0200,565fb0ed-db72-48c6-a54e-0fdff3a4721b,2026-08-08T12:15:00Z,2026-08-08T14:15:00+0200,0.61,EUR/MWh,ES,ES,imbalance_price,Short,2026-08-28T02:01:39Z
2026-08-28T01:53:23Z,2026-08-28T03:53:23+0200,565fb0ed-db72-48c6-a54e-0fdff3a4721b,2026-08-08T12:30:00Z,2026-08-08T14:30:00+0200,-1.14,EUR/MWh,ES,ES,imbalance_price,Long,2026-08-28T02:01:39Z
2026-08-28T01:53:23Z,2026-08-28T03:53:23+0200,565fb0ed-db72-48c6-a54e-0fdff3a4721b,2026-08-08T12:30:00Z,2026-08-08T14:30:00+0200,2.65,EUR/MWh,ES,ES,imbalance_price,Short,2026-08-28T02:01:39Z
2026-08-28T01:53:23Z,2026-08-28T03:53:23+0200,565fb0ed-db72-48c6-a54e-0fdff3a4721b,2026-08-08T12:45:00Z,2026-08-08T14:45:00+0200,-1.6,EUR/MWh,ES,ES,imbalance_price,Long,2026-08-28T02:01:39Z
2026-08-28T01:53:23Z,2026-08-28T03:53:23+0200,565fb0ed-db72-48c6-a54e-0fdff3a4721b,2026-08-08T12:45:00Z,2026-08-08T14:45:00+0200,16.94,EUR/MWh,ES,ES,imbalance_price,Short,2026-08-28T02:01:39Z
2026-08-28T01:53:23Z,2026-08-28T03:53:23+0200,565fb0ed-db72-48c6-a54e-0fdff3a4721b,2026-08-08T13:00:00Z,2026-08-08T15:00:00+0200,0.0,EUR/MWh,ES,ES,imbalance_price,Long,2026-08-28T02:01:39Z
2026-08-28T01:53:23Z,2026-08-28T03:53:23+0200,565fb0ed-db72-48c6-a54e-0fdff3a4721b,2026-08-08T13:00:00Z,2026-08-08T15:00:00+0200,8.56,EUR/MWh,ES,ES,imbalance_price,Short,2026-08-28T02:01:39Z
2026-08-28T01:53:23Z,2026-08-28T03:53:23+0200,565fb0ed-db72-48c6-a54e-0fdff3a4721b,2026-08-08T13:15:00Z,2026-08-08T15:15:00+0200,-4.24,EUR/MWh,ES,ES,imbalance_price,Long,2026-08-28T02:01:39Z
2026-08-28T01:53:23Z,2026-08-28T03:53:23+0200,565fb0ed-db72-48c6-a54e-0fdff3a4721b,2026-08-08T13:15:00Z,2026-08-08T15:15:00+0200,3.92,EUR/MWh,ES,ES,imbalance_price,Short,2026-08-28T02:01:39Z
2026-08-28T01:53:23Z,2026-08-28T03:53:23+0200,565fb0ed-db72-48c6-a54e-0fdff3a4721b,2026-08-08T13:30:00Z,2026-08-08T15:30:00+0200,-2.8,EUR/MWh,ES,ES,imbalance_price,Long,2026-08-28T02:01:39Z
2026-08-28T01:53:23Z,2026-08-28T03:53:23+0200,565fb0ed-db72-48c6-a54e-0fdff3a4721b,2026-08-08T13:30:00Z,2026-08-08T15:30:00+0200,3.2,EUR/MWh,ES,ES,imbalance_price,Short,2026-08-28T02:01:39Z
2026-08-28T01:53:23Z,2026-08-28T03:53:23+0200,565fb0ed-db72-48c6-a54e-0fdff3a4721b,2026-08-08T13:45:00Z,2026-08-08T15:45:00+0200,-0.11,EUR/MWh,ES,ES,imbalance_price,Long,2026-08-28T02:01:39Z
2026-08-28T01:53:23Z,2026-08-28T03:53:23+0200,565fb0ed-db72-48c6-a54e-0fdff3a4721b,2026-08-08T13:45:00Z,2026-08-08T15:45:00+0200,5.52,EUR/MWh,ES,ES,imbalance_price,Short,2026-08-28T02:01:39Z
2026-08-28T01:53:23Z,2026-08-28T03:53:23+0200,565fb0ed-db72-48c6-a54e-0fdff3a4721b,2026-08-08T14:00:00Z,2026-08-08T16:00:00+0200,0.0,EUR/MWh,ES,ES,imbalance_price,Long,2026-08-28T02:01:39Z
2026-08-28T01:53:23Z,2026-08-28T03:53:23+0200,565fb0ed-db72-48c6-a54e-0fdff3a4721b,2026-08-08T14:00:00Z,2026-08-08T16:00:00+0200,5.69,EUR/MWh,ES,ES,imbalance_price,Short,2026-08-28T02:01:39Z
2026-08-28T01:53:23Z,2026-08-28T03:53:23+0200,565fb0ed-db72-48c6-a54e-0fdff3a4721b,2026-08-08T14:15:00Z,2026-08-08T16:15:00+0200,-20.78,EUR/MWh,ES,ES,imbalance_price,Long,2026-08-28T02:01:39Z
2026-08-28T01:53:23Z,2026-08-28T03:53:23+0200,565fb0ed-db72-48c6-a54e-0fdff3a4721b,2026-08-08T14:15:00Z,2026-08-08T16:15:00+0200,5.15,EUR/MWh,ES,ES,imbalance_price,Short,2026-08-28T02:01:39Z
2026-08-28T01:53:23Z,2026-08-28T03:53:23+0200,565fb0ed-db72-48c6-a54e-0fdff3a4721b,2026-08-08T14:30:00Z,2026-08-08T16:30:00+0200,-7.21,EUR/MWh,ES,ES,imbalance_price,Long,2026-08-28T02:01:39Z
2026-08-28T01:53:23Z,2026-08-28T03:53:23+0200,565fb0ed-db72-48c6-a54e-0fdff3a4721b,2026-08-08T14:30:00Z,2026-08-08T16:30:00+0200,5.21,EUR/MWh,ES,ES,imbalance_price,Short,2026-08-28T02:01:39Z
2026-08-28T01:53:23Z,2026-08-28T03:53:23+0200,565fb0ed-db72-48c6-a54e-0fdff3a4721b,2026-08-08T14:45:00Z,2026-08-08T16:45:00+0200,-1.77,EUR/MWh,ES,ES,imbalance_price,Long,2026-08-28T02:01:39Z
2026-08-28T01:53:23Z,2026-08-28T03:53:23+0200,565fb0ed-db72-48c6-a54e-0fdff3a4721b,2026-08-08T14:45:00Z,2026-08-08T16:45:00+0200,16.72,EUR/MWh,ES,ES,imbalance_price,Short,2026-08-28T02:01:39Z
2026-08-28T01:53:23Z,2026-08-28T03:53:23+0200,565fb0ed-db72-48c6-a54e-0fdff3a4721b,2026-08-08T15:00:00Z,2026-08-08T17:00:00+0200,-0.22,EUR/MWh,ES,ES,imbalance_price,Long,2026-08-28T02:01:39Z
2026-08-28T01:53:23Z,2026-08-28T03:53:23+0200,565fb0ed-db72-48c6-a54e-0fdff3a4721b,2026-08-08T15:00:00Z,2026-08-08T17:00:00+0200,28.58,EUR/MWh,ES,ES,imbalance_price,Short,2026-08-28T02:01:39Z
2026-08-28T01:53:23Z,2026-08-28T03:53:23+0200,565fb0ed-db72-48c6-a54e-0fdff3a4721b,2026-08-08T15:15:00Z,2026-08-08T17:15:00+0200,0.0,EUR/MWh,ES,ES,imbalance_price,Long,2026-08-28T02:01:39Z
2026-08-28T01:53:23Z,2026-08-28T03:53:23+0200,565fb0ed-db72-48c6-a54e-0fdff3a4721b,2026-08-08T15:15:00Z,2026-08-08T17:15:00+0200,117.09,EUR/MWh,ES,ES,imbalance_price,Short,2026-08-28T02:01:39Z
2026-08-28T01:53:23Z,2026-08-28T03:53:23+0200,565fb0ed-db72-48c6-a54e-0fdff3a4721b,2026-08-08T15:30:00Z,2026-08-08T17:30:00+0200,-2.44,EUR/MWh,ES,ES,imbalance_price,Long,2026-08-28T02:01:39Z
2026-08-28T01:53:23Z,2026-08-28T03:53:23+0200,565fb0ed-db72-48c6-a54e-0fdff3a4721b,2026-08-08T15:30:00Z,2026-08-08T17:30:00+0200,128.48,EUR/MWh,ES,ES,imbalance_price,Short,2026-08-28T02:01:39Z
2026-08-28T01:53:23Z,2026-08-28T03:53:23+0200,565fb0ed-db72-48c6-a54e-0fdff3a4721b,2026-08-08T15:45:00Z,2026-08-08T17:45:00+0200,-5.38,EUR/MWh,ES,ES,imbalance_price,Long,2026-08-28T02:01:39Z
2026-08-28T01:53:23Z,2026-08-28T03:53:23+0200,565fb0ed-db72-48c6-a54e-0fdff3a4721b,2026-08-08T15:45:00Z,2026-08-08T17:45:00+0200,137.68,EUR/MWh,ES,ES,imbalance_price,Short,2026-08-28T02:01:39Z
2026-08-28T01:53:23Z,2026-08-28T03:53:23+0200,565fb0ed-db72-48c6-a54e-0fdff3a4721b,2026-08-08T16:00:00Z,2026-08-08T18:00:00+0200,-16.95,EUR/MWh,ES,ES,imbalance_price,Long,2026-08-28T02:01:39Z
2026-08-28T01:53:23Z,2026-08-28T03:53:23+0200,565fb0ed-db72-48c6-a54e-0fdff3a4721b,2026-08-08T16:00:00Z,2026-08-08T18:00:00+0200,128.39,EUR/MWh,ES,ES,imbalance_price,Short,2026-08-28T02:01:39Z
2026-08-28T01:53:23Z,2026-08-28T03:53:23+0200,565fb0ed-db72-48c6-a54e-0fdff3a4721b,2026-08-08T16:15:00Z,2026-08-08T18:15:00+0200,-0.78,EUR/MWh,ES,ES,imbalance_price,Long,2026-08-28T02:01:39Z
2026-08-28T01:53:23Z,2026-08-28T03:53:23+0200,565fb0ed-db72-48c6-a54e-0fdff3a4721b,2026-08-08T16:15:00Z,2026-08-08T18:15:00+0200,96.67,EUR/MWh,ES,ES,imbalance_price,Short,2026-08-28T02:01:39Z
2026-08-28T01:53:23Z,2026-08-28T03:53:23+0200,565fb0ed-db72-48c6-a54e-0fdff3a4721b,2026-08-08T16:30:00Z,2026-08-08T18:30:00+0200,53.63,EUR/MWh,ES,ES,imbalance_price,Long,2026-08-28T02:01:39Z
2026-08-28T01:53:23Z,2026-08-28T03:53:23+0200,565fb0ed-db72-48c6-a54e-0fdff3a4721b,2026-08-08T16:30:00Z,2026-08-08T18:30:00+0200,145.72,EUR/MWh,ES,ES,imbalance_price,Short,2026-08-28T02:01:39Z
2026-08-28T01:53:23Z,2026-08-28T03:53:23+0200,565fb0ed-db72-48c6-a54e-0fdff3a4721b,2026-08-08T16:45:00Z,2026-08-08T18:45:00+0200,-7.58,EUR/MWh,ES,ES,imbalance_price,Long,2026-08-28T02:01:39Z
2026-08-28T01:53:23Z,2026-08-28T03:53:23+0200,565fb0ed-db72-48c6-a54e-0fdff3a4721b,2026-08-08T16:45:00Z,2026-08-08T18:45:00+0200,136.99,EUR/MWh,ES,ES,imbalance_price,Short,2026-08-28T02:01:39Z
2026-08-28T01:53:23Z,2026-08-28T03:53:23+0200,565fb0ed-db72-48c6-a54e-0fdff3a4721b,2026-08-08T17:00:00Z,2026-08-08T19:00:00+0200,-25.2,EUR/MWh,ES,ES,imbalance_price,Long,2026-08-28T02:01:39Z
2026-08-28T01:53:23Z,2026-08-28T03:53:23+0200,565fb0ed-db72-48c6-a54e-0fdff3a4721b,2026-08-08T17:00:00Z,2026-08-08T19:00:00+0200,127.67,EUR/MWh,ES,ES,imbalance_price,Short,2026-08-28T02:01:39Z
2026-08-28T01:53:23Z,2026-08-28T03:53:23+0200,565fb0ed-db72-48c6-a54e-0fdff3a4721b,2026-08-08T17:15:00Z,2026-08-08T19:15:00+0200,17.03,EUR/MWh,ES,ES,imbalance_price,Long,2026-08-28T02:01:39Z
2026-08-28T01:53:23Z,2026-08-28T03:53:23+0200,565fb0ed-db72-48c6-a54e-0fdff3a4721b,2026-08-08T17:15:00Z,2026-08-08T19:15:00+0200,147.82,EUR/MWh,ES,ES,imbalance_price,Short,2026-08-28T02:01:39Z
2026-08-28T01:53:23Z,2026-08-28T03:53:23+0200,565fb0ed-db72-48c6-a54e-0fdff3a4721b,2026-08-08T17:30:00Z,2026-08-08T19:30:00+0200,0.0,EUR/MWh,ES,ES,imbalance_price,Long,2026-08-28T02:01:39Z
2026-08-28T01:53:23Z,2026-08-28T03:53:23+0200,565fb0ed-db72-48c6-a54e-0fdff3a4721b,2026-08-08T17:30:00Z,2026-08-08T19:30:00+0200,207.49,EUR/MWh,ES,ES,imbalance_price,Short,2026-08-28T02:01:39Z
2026-08-28T01:53:23Z,2026-08-28T03:53:23+0200,565fb0ed-db72-48c6-a54e-0fdff3a4721b,2026-08-08T17:45:00Z,2026-08-08T19:45:00+0200,72.29,EUR/MWh,ES,ES,imbalance_price,Long,2026-08-28T02:01:39Z
2026-08-28T01:53:23Z,2026-08-28T03:53:23+0200,565fb0ed-db72-48c6-a54e-0fdff3a4721b,2026-08-08T17:45:00Z,2026-08-08T19:45:00+0200,181.74,EUR/MWh,ES,ES,imbalance_price,Short,2026-08-28T02:01:39Z
2026-08-28T01:53:23Z,2026-08-28T03:53:23+0200,565fb0ed-db72-48c6-a54e-0fdff3a4721b,2026-08-08T18:00:00Z,2026-08-08T20:00:00+0200,164.46,EUR/MWh,ES,ES,imbalance_price,Long,2026-08-28T02:01:39Z
2026-08-28T01:53:23Z,2026-08-28T03:53:23+0200,565fb0ed-db72-48c6-a54e-0fdff3a4721b,2026-08-08T18:00:00Z,2026-08-08T20:00:00+0200,164.46,EUR/MWh,ES,ES,imbalance_price,Short,2026-08-28T02:01:39Z
2026-08-28T01:53:23Z,2026-08-28T03:53:23+0200,565fb0ed-db72-48c6-a54e-0fdff3a4721b,2026-08-08T18:15:00Z,2026-08-08T20:15:00+0200,178.65,EUR/MWh,ES,ES,imbalance_price,Long,2026-08-28T02:01:39Z
2026-08-28T01:53:23Z,2026-08-28T03:53:23+0200,565fb0ed-db72-48c6-a54e-0fdff3a4721b,2026-08-08T18:15:00Z,2026-08-08T20:15:00+0200,178.65,EUR/MWh,ES,ES,imbalance_price,Short,2026-08-28T02:01:39Z
2026-08-28T01:53:23Z,2026-08-28T03:53:23+0200,565fb0ed-db72-48c6-a54e-0fdff3a4721b,2026-08-08T18:30:00Z,2026-08-08T20:30:00+0200,135.26,EUR/MWh,ES,ES,imbalance_price,Long,2026-08-28T02:01:39Z
2026-08-28T01:53:23Z,2026-08-28T03:53:23+0200,565fb0ed-db72-48c6-a54e-0fdff3a4721b,2026-08-08T18:30:00Z,2026-08-08T20:30:00+0200,181.48,EUR/MWh,ES,ES,imbalance_price,Short,2026-08-28T02:01:39Z
2026-08-28T01:53:23Z,2026-08-28T03:53:23+0200,565fb0ed-db72-48c6-a54e-0fdff3a4721b,2026-08-08T18:45:00Z,2026-08-08T20:45:00+0200,181.0,EUR/MWh,ES,ES,imbalance_price,Long,2026-08-28T02:01:39Z
2026-08-28T01:53:23Z,2026-08-28T03:53:23+0200,565fb0ed-db72-48c6-a54e-0fdff3a4721b,2026-08-08T18:45:00Z,2026-08-08T20:45:00+0200,181.0,EUR/MWh,ES,ES,imbalance_price,Short,2026-08-28T02:01:39Z
2026-08-28T01:53:23Z,2026-08-28T03:53:23+0200,565fb0ed-db72-48c6-a54e-0fdff3a4721b,2026-08-08T19:00:00Z,2026-08-08T21:00:00+0200,117.61,EUR/MWh,ES,ES,imbalance_price,Long,2026-08-28T02:01:39Z
2026-08-28T01:53:23Z,2026-08-28T03:53:23+0200,565fb0ed-db72-48c6-a54e-0fdff3a4721b,2026-08-08T19:00:00Z,2026-08-08T21:00:00+0200,179.84,EUR/MWh,ES,ES,imbalance_price,Short,2026-08-28T02:01:39Z
2026-08-28T01:53:23Z,2026-08-28T03:53:23+0200,565fb0ed-db72-48c6-a54e-0fdff3a4721b,2026-08-08T19:15:00Z,2026-08-08T21:15:00+0200,188.5,EUR/MWh,ES,ES,imbalance_price,Long,2026-08-28T02:01:39Z
2026-08-28T01:53:23Z,2026-08-28T03:53:23+0200,565fb0ed-db72-48c6-a54e-0fdff3a4721b,2026-08-08T19:15:00Z,2026-08-08T21:15:00+0200,188.5,EUR/MWh,ES,ES,imbalance_price,Short,2026-08-28T02:01:39Z
2026-08-28T01:53:23Z,2026-08-28T03:53:23+0200,565fb0ed-db72-48c6-a54e-0fdff3a4721b,2026-08-08T19:30:00Z,2026-08-08T21:30:00+0200,191.5,EUR/MWh,ES,ES,imbalance_price,Long,2026-08-28T02:01:39Z
2026-08-28T01:53:23Z,2026-08-28T03:53:23+0200,565fb0ed-db72-48c6-a54e-0fdff3a4721b,2026-08-08T19:30:00Z,2026-08-08T21:30:00+0200,191.5,EUR/MWh,ES,ES,imbalance_price,Short,2026-08-28T02:01:39Z
2026-08-28T01:53:23Z,2026-08-28T03:53:23+0200,565fb0ed-db72-48c6-a54e-0fdff3a4721b,2026-08-08T19:45:00Z,2026-08-08T21:45:00+0200,113.96,EUR/MWh,ES,ES,imbalance_price,Long,2026-08-28T02:01:39Z
2026-08-28T01:53:23Z,2026-08-28T03:53:23+0200,565fb0ed-db72-48c6-a54e-0fdff3a4721b,2026-08-08T19:45:00Z,2026-08-08T21:45:00+0200,190.16,EUR/MWh,ES,ES,imbalance_price,Short,2026-08-28T02:01:39Z
2026-08-28T01:53:23Z,2026-08-28T03:53:23+0200,565fb0ed-db72-48c6-a54e-0fdff3a4721b,2026-08-08T20:00:00Z,2026-08-08T22:00:00+0200,191.72,EUR/MWh,ES,ES,imbalance_price,Long,2026-08-28T02:01:39Z
2026-08-28T01:53:23Z,2026-08-28T03:53:23+0200,565fb0ed-db72-48c6-a54e-0fdff3a4721b,2026-08-08T20:00:00Z,2026-08-08T22:00:00+0200,191.72,EUR/MWh,ES,ES,imbalance_price,Short,2026-08-28T02:01:39Z
2026-08-28T01:53:23Z,2026-08-28T03:53:23+0200,565fb0ed-db72-48c6-a54e-0fdff3a4721b,2026-08-08T20:15:00Z,2026-08-08T22:15:00+0200,186.56,EUR/MWh,ES,ES,imbalance_price,Long,2026-08-28T02:01:39Z
2026-08-28T01:53:23Z,2026-08-28T03:53:23+0200,565fb0ed-db72-48c6-a54e-0fdff3a4721b,2026-08-08T20:15:00Z,2026-08-08T22:15:00+0200,186.56,EUR/MWh,ES,ES,imbalance_price,Short,2026-08-28T02:01:39Z
2026-08-28T01:53:23Z,2026-08-28T03:53:23+0200,565fb0ed-db72-48c6-a54e-0fdff3a4721b,2026-08-08T20:30:00Z,2026-08-08T22:30:00+0200,114.73,EUR/MWh,ES,ES,imbalance_price,Long,2026-08-28T02:01:39Z
2026-08-28T01:53:23Z,2026-08-28T03:53:23+0200,565fb0ed-db72-48c6-a54e-0fdff3a4721b,2026-08-08T20:30:00Z,2026-08-08T22:30:00+0200,184.87,EUR/MWh,ES,ES,imbalance_price,Short,2026-08-28T02:01:39Z
2026-08-28T01:53:23Z,2026-08-28T03:53:23+0200,565fb0ed-db72-48c6-a54e-0fdff3a4721b,2026-08-08T20:45:00Z,2026-08-08T22:45:00+0200,162.41,EUR/MWh,ES,ES,imbalance_price,Long,2026-08-28T02:01:39Z
2026-08-28T01:53:23Z,2026-08-28T03:53:23+0200,565fb0ed-db72-48c6-a54e-0fdff3a4721b,2026-08-08T20:45:00Z,2026-08-08T22:45:00+0200,162.41,EUR/MWh,ES,ES,imbalance_price,Short,2026-08-28T02:01:39Z
2026-08-28T01:53:23Z,2026-08-28T03:53:23+0200,565fb0ed-db72-48c6-a54e-0fdff3a4721b,2026-08-08T21:00:00Z,2026-08-08T23:00:00+0200,180.35,EUR/MWh,ES,ES,imbalance_price,Long,2026-08-28T02:01:39Z
2026-08-28T01:53:23Z,2026-08-28T03:53:23+0200,565fb0ed-db72-48c6-a54e-0fdff3a4721b,2026-08-08T21:00:00Z,2026-08-08T23:00:00+0200,180.35,EUR/MWh,ES,ES,imbalance_price,Short,2026-08-28T02:01:39Z
2026-08-28T01:53:23Z,2026-08-28T03:53:23+0200,565fb0ed-db72-48c6-a54e-0fdff3a4721b,2026-08-08T21:15:00Z,2026-08-08T23:15:00+0200,129.59,EUR/MWh,ES,ES,imbalance_price,Long,2026-08-28T02:01:39Z
2026-08-28T01:53:23Z,2026-08-28T03:53:23+0200,565fb0ed-db72-48c6-a54e-0fdff3a4721b,2026-08-08T21:15:00Z,2026-08-08T23:15:00+0200,175.89,EUR/MWh,ES,ES,imbalance_price,Short,2026-08-28T02:01:39Z
2026-08-28T01:53:23Z,2026-08-28T03:53:23+0200,565fb0ed-db72-48c6-a54e-0fdff3a4721b,2026-08-08T21:30:00Z,2026-08-08T23:30:00+0200,117.79,EUR/MWh,ES,ES,imbalance_price,Long,2026-08-28T02:01:39Z
2026-08-28T01:53:23Z,2026-08-28T03:53:23+0200,565fb0ed-db72-48c6-a54e-0fdff3a4721b,2026-08-08T21:30:00Z,2026-08-08T23:30:00+0200,163.87,EUR/MWh,ES,ES,imbalance_price,Short,2026-08-28T02:01:39Z
2026-08-28T01:53:23Z,2026-08-28T03:53:23+0200,565fb0ed-db72-48c6-a54e-0fdff3a4721b,2026-08-08T21:45:00Z,2026-08-08T23:45:00+0200,129.25,EUR/MWh,ES,ES,imbalance_price,Long,2026-08-28T02:01:39Z
2026-08-28T01:53:23Z,2026-08-28T03:53:23+0200,565fb0ed-db72-48c6-a54e-0fdff3a4721b,2026-08-08T21:45:00Z,2026-08-08T23:45:00+0200,156.2,EUR/MWh,ES,ES,imbalance_price,Short,2026-08-28T02:01:39Z
2026-08-28T01:53:23Z,2026-08-28T03:53:23+0200,565fb0ed-db72-48c6-a54e-0fdff3a4721b,2026-08-08T22:00:00Z,2026-08-09T00:00:00+0200,99.46,EUR/MWh,ES,ES,imbalance_price,Long,2026-08-28T02:01:39Z
2026-08-28T01:53:23Z,2026-08-28T03:53:23+0200,565fb0ed-db72-48c6-a54e-0fdff3a4721b,2026-08-08T22:00:00Z,2026-08-09T00:00:00+0200,172.41,EUR/MWh,ES,ES,imbalance_price,Short,2026-08-28T02:01:39Z
2026-08-28T01:53:23Z,2026-08-28T03:53:23+0200,565fb0ed-db72-48c6-a54e-0fdff3a4721b,2026-08-08T22:15:00Z,2026-08-09T00:15:00+0200,107.64,EUR/MWh,ES,ES,imbalance_price,Long,2026-08-28T02:01:39Z
2026-08-28T01:53:23Z,2026-08-28T03:53:23+0200,565fb0ed-db72-48c6-a54e-0fdff3a4721b,2026-08-08T22:15:00Z,2026-08-09T00:15:00+0200,171.5,EUR/MWh,ES,ES,imbalance_price,Short,2026-08-28T02:01:39Z
2026-08-28T01:53:23Z,2026-08-28T03:53:23+0200,565fb0ed-db72-48c6-a54e-0fdff3a4721b,2026-08-08T22:30:00Z,2026-08-09T00:30:00+0200,112.99,EUR/MWh,ES,ES,imbalance_price,Long,2026-08-28T02:01:39Z
2026-08-28T01:53:23Z,2026-08-28T03:53:23+0200,565fb0ed-db72-48c6-a54e-0fdff3a4721b,2026-08-08T22:30:00Z,2026-08-09T00:30:00+0200,168.6,EUR/MWh,ES,ES,imbalance_price,Short,2026-08-28T02:01:39Z
2026-08-28T01:53:23Z,2026-08-28T03:53:23+0200,565fb0ed-db72-48c6-a54e-0fdff3a4721b,2026-08-08T22:45:00Z,2026-08-09T00:45:00+0200,33.25,EUR/MWh,ES,ES,imbalance_price,Long,2026-08-28T02:01:39Z
2026-08-28T01:53:23Z,2026-08-28T03:53:23+0200,565fb0ed-db72-48c6-a54e-0fdff3a4721b,2026-08-08T22:45:00Z,2026-08-09T00:45:00+0200,139.69,EUR/MWh,ES,ES,imbalance_price,Short,2026-08-28T02:01:39Z
2026-08-28T01:53:23Z,2026-08-28T03:53:23+0200,565fb0ed-db72-48c6-a54e-0fdff3a4721b,2026-08-08T23:00:00Z,2026-08-09T01:00:00+0200,141.37,EUR/MWh,ES,ES,imbalance_price,Long,2026-08-28T02:01:39Z
2026-08-28T01:53:23Z,2026-08-28T03:53:23+0200,565fb0ed-db72-48c6-a54e-0fdff3a4721b,2026-08-08T23:00:00Z,2026-08-09T01:00:00+0200,141.37,EUR/MWh,ES,ES,imbalance_price,Short,2026-08-28T02:01:39Z
2026-08-28T01:53:23Z,2026-08-28T03:53:23+0200,565fb0ed-db72-48c6-a54e-0fdff3a4721b,2026-08-08T23:15:00Z,2026-08-09T01:15:00+0200,113.67,EUR/MWh,ES,ES,imbalance_price,Long,2026-08-28T02:01:39Z
2026-08-28T01:53:23Z,2026-08-28T03:53:23+0200,565fb0ed-db72-48c6-a54e-0fdff3a4721b,2026-08-08T23:15:00Z,2026-08-09T01:15:00+0200,142.35,EUR/MWh,ES,ES,imbalance_price,Short,2026-08-28T02:01:39Z
2026-08-28T01:53:23Z,2026-08-28T03:53:23+0200,565fb0ed-db72-48c6-a54e-0fdff3a4721b,2026-08-08T23:30:00Z,2026-08-09T01:30:00+0200,114.81,EUR/MWh,ES,ES,imbalance_price,Long,2026-08-28T02:01:39Z
2026-08-28T01:53:23Z,2026-08-28T03:53:23+0200,565fb0ed-db72-48c6-a54e-0fdff3a4721b,2026-08-08T23:30:00Z,2026-08-09T01:30:00+0200,143.95,EUR/MWh,ES,ES,imbalance_price,Short,2026-08-28T02:01:39Z
2026-08-28T01:53:23Z,2026-08-28T03:53:23+0200,565fb0ed-db72-48c6-a54e-0fdff3a4721b,2026-08-08T23:45:00Z,2026-08-09T01:45:00+0200,103.71,EUR/MWh,ES,ES,imbalance_price,Long,2026-08-28T02:01:39Z
2026-08-28T01:53:23Z,2026-08-28T03:53:23+0200,565fb0ed-db72-48c6-a54e-0fdff3a4721b,2026-08-08T23:45:00Z,2026-08-09T01:45:00+0200,143.67,EUR/MWh,ES,ES,imbalance_price,Short,2026-08-28T02:01:39Z
2026-08-28T01:53:23Z,2026-08-28T03:53:23+0200,565fb0ed-db72-48c6-a54e-0fdff3a4721b,2026-08-09T00:00:00Z,2026-08-09T02:00:00+0200,107.4,EUR/MWh,ES,ES,imbalance_price,Long,2026-08-28T02:01:39Z
2026-08-28T01:53:23Z,2026-08-28T03:53:23+0200,565fb0ed-db72-48c6-a54e-0fdff3a4721b,2026-08-09T00:00:00Z,2026-08-09T02:00:00+0200,180.54,EUR/MWh,ES,ES,imbalance_price,Short,2026-08-28T02:01:39Z
2026-08-28T01:53:23Z,2026-08-28T03:53:23+0200,565fb0ed-db72-48c6-a54e-0fdff3a4721b,2026-08-09T00:15:00Z,2026-08-09T02:15:00+0200,176.76,EUR/MWh,ES,ES,imbalance_price,Long,2026-08-28T02:01:39Z
2026-08-28T01:53:23Z,2026-08-28T03:53:23+0200,565fb0ed-db72-48c6-a54e-0fdff3a4721b,2026-08-09T00:15:00Z,2026-08-09T02:15:00+0200,176.76,EUR/MWh,ES,ES,imbalance_price,Short,2026-08-28T02:01:39Z
2026-08-28T01:53:23Z,2026-08-28T03:53:23+0200,565fb0ed-db72-48c6-a54e-0fdff3a4721b,2026-08-09T00:30:00Z,2026-08-09T02:30:00+0200,164.6,EUR/MWh,ES,ES,imbalance_price,Long,2026-08-28T02:01:39Z
2026-08-28T01:53:23Z,2026-08-28T03:53:23+0200,565fb0ed-db72-48c6-a54e-0fdff3a4721b,2026-08-09T00:30:00Z,2026-08-09T02:30:00+0200,164.6,EUR/MWh,ES,ES,imbalance_price,Short,2026-08-28T02:01:39Z
2026-08-28T01:53:23Z,2026-08-28T03:53:23+0200,565fb0ed-db72-48c6-a54e-0fdff3a4721b,2026-08-09T00:45:00Z,2026-08-09T02:45:00+0200,165.83,EUR/MWh,ES,ES,imbalance_price,Long,2026-08-28T02:01:39Z
2026-08-28T01:53:23Z,2026-08-28T03:53:23+0200,565fb0ed-db72-48c6-a54e-0fdff3a4721b,2026-08-09T00:45:00Z,2026-08-09T02:45:00+0200,165.83,EUR/MWh,ES,ES,imbalance_price,Short,2026-08-28T02:01:39Z
2026-08-28T01:53:23Z,2026-08-28T03:53:23+0200,565fb0ed-db72-48c6-a54e-0fdff3a4721b,2026-08-09T01:00:00Z,2026-08-09T03:00:00+0200,111.81,EUR/MWh,ES,ES,imbalance_price,Long,2026-08-28T02:01:39Z
2026-08-28T01:53:23Z,2026-08-28T03:53:23+0200,565fb0ed-db72-48c6-a54e-0fdff3a4721b,2026-08-09T01:00:00Z,2026-08-09T03:00:00+0200,173.48,EUR/MWh,ES,ES,imbalance_price,Short,2026-08-28T02:01:39Z
2026-08-28T01:53:23Z,2026-08-28T03:53:23+0200,565fb0ed-db72-48c6-a54e-0fdff3a4721b,2026-08-09T01:15:00Z,2026-08-09T03:15:00+0200,104.76,EUR/MWh,ES,ES,imbalance_price,Long,2026-08-28T02:01:39Z
2026-08-28T01:53:23Z,2026-08-28T03:53:23+0200,565fb0ed-db72-48c6-a54e-0fdff3a4721b,2026-08-09T01:15:00Z,2026-08-09T03:15:00+0200,162.56,EUR/MWh,ES,ES,imbalance_price,Short,2026-08-28T02:01:39Z
2026-08-28T01:53:23Z,2026-08-28T03:53:23+0200,565fb0ed-db72-48c6-a54e-0fdff3a4721b,2026-08-09T01:30:00Z,2026-08-09T03:30:00+0200,80.21,EUR/MWh,ES,ES,imbalance_price,Long,2026-08-28T02:01:39Z
2026-08-28T01:53:23Z,2026-08-28T03:53:23+0200,565fb0ed-db72-48c6-a54e-0fdff3a4721b,2026-08-09T01:30:00Z,2026-08-09T03:30:00+0200,159.61,EUR/MWh,ES,ES,imbalance_price,Short,2026-08-28T02:01:39Z
2026-08-28T01:53:23Z,2026-08-28T03:53:23+0200,565fb0ed-db72-48c6-a54e-0fdff3a4721b,2026-08-09T01:45:00Z,2026-08-09T03:45:00+0200,168.0,EUR/MWh,ES,ES,imbalance_price,Long,2026-08-28T02:01:39Z
2026-08-28T01:53:23Z,2026-08-28T03:53:23+0200,565fb0ed-db72-48c6-a54e-0fdff3a4721b,2026-08-09T01:45:00Z,2026-08-09T03:45:00+0200,168.0,EUR/MWh,ES,ES,imbalance_price,Short,2026-08-28T02:01:39Z
2026-08-28T01:53:23Z,2026-08-28T03:53:23+0200,565fb0ed-db72-48c6-a54e-0fdff3a4721b,2026-08-09T02:00:00Z,2026-08-09T04:00:00+0200,57.83,EUR/MWh,ES,ES,imbalance_price,Long,2026-08-28T02:01:39Z
2026-08-28T01:53:23Z,2026-08-28T03:53:23+0200,565fb0ed-db72-48c6-a54e-0fdff3a4721b,2026-08-09T02:00:00Z,2026-08-09T04:00:00+0200,173.54,EUR/MWh,ES,ES,imbalance_price,Short,2026-08-28T02:01:39Z
2026-08-28T01:53:23Z,2026-08-28T03:53:23+0200,565fb0ed-db72-48c6-a54e-0fdff3a4721b,2026-08-09T02:15:00Z,2026-08-09T04:15:00+0200,6.42,EUR/MWh,ES,ES,imbalance_price,Long,2026-08-28T02:01:39Z
2026-08-28T01:53:23Z,2026-08-28T03:53:23+0200,565fb0ed-db72-48c6-a54e-0fdff3a4721b,2026-08-09T02:15:00Z,2026-08-09T04:15:00+0200,172.68,EUR/MWh,ES,ES,imbalance_price,Short,2026-08-28T02:01:39Z
2026-08-28T01:53:23Z,2026-08-28T03:53:23+0200,565fb0ed-db72-48c6-a54e-0fdff3a4721b,2026-08-09T02:30:00Z,2026-08-09T04:30:00+0200,4.89,EUR/MWh,ES,ES,imbalance_price,Long,2026-08-28T02:01:39Z
2026-08-28T01:53:23Z,2026-08-28T03:53:23+0200,565fb0ed-db72-48c6-a54e-0fdff3a4721b,2026-08-09T02:30:00Z,2026-08-09T04:30:00+0200,173.5,EUR/MWh,ES,ES,imbalance_price,Short,2026-08-28T02:01:39Z
2026-08-28T01:53:23Z,2026-08-28T03:53:23+0200,565fb0ed-db72-48c6-a54e-0fdff3a4721b,2026-08-09T02:45:00Z,2026-08-09T04:45:00+0200,93.69,EUR/MWh,ES,ES,imbalance_price,Long,2026-08-28T02:01:39Z
2026-08-28T01:53:23Z,2026-08-28T03:53:23+0200,565fb0ed-db72-48c6-a54e-0fdff3a4721b,2026-08-09T02:45:00Z,2026-08-09T04:45:00+0200,173.97,EUR/MWh,ES,ES,imbalance_price,Short,2026-08-28T02:01:39Z
2026-08-28T01:53:23Z,2026-08-28T03:53:23+0200,565fb0ed-db72-48c6-a54e-0fdff3a4721b,2026-08-09T03:00:00Z,2026-08-09T05:00:00+0200,105.02,EUR/MWh,ES,ES,imbalance_price,Long,2026-08-28T02:01:39Z
2026-08-28T01:53:23Z,2026-08-28T03:53:23+0200,565fb0ed-db72-48c6-a54e-0fdff3a4721b,2026-08-09T03:00:00Z,2026-08-09T05:00:00+0200,173.1,EUR/MWh,ES,ES,imbalance_price,Short,2026-08-28T02:01:39Z
2026-08-28T01:53:23Z,2026-08-28T03:53:23+0200,565fb0ed-db72-48c6-a54e-0fdff3a4721b,2026-08-09T03:15:00Z,2026-08-09T05:15:00+0200,115.61,EUR/MWh,ES,ES,imbalance_price,Long,2026-08-28T02:01:39Z
2026-08-28T01:53:23Z,2026-08-28T03:53:23+0200,565fb0ed-db72-48c6-a54e-0fdff3a4721b,2026-08-09T03:15:00Z,2026-08-09T05:15:00+0200,173.96,EUR/MWh,ES,ES,imbalance_price,Short,2026-08-28T02:01:39Z
2026-08-28T01:53:23Z,2026-08-28T03:53:23+0200,565fb0ed-db72-48c6-a54e-0fdff3a4721b,2026-08-09T03:30:00Z,2026-08-09T05:30:00+0200,115.24,EUR/MWh,ES,ES,imbalance_price,Long,2026-08-28T02:01:39Z
2026-08-28T01:53:23Z,2026-08-28T03:53:23+0200,565fb0ed-db72-48c6-a54e-0fdff3a4721b,2026-08-09T03:30:00Z,2026-08-09T05:30:00+0200,173.0,EUR/MWh,ES,ES,imbalance_price,Short,2026-08-28T02:01:39Z
2026-08-28T01:53:23Z,2026-08-28T03:53:23+0200,565fb0ed-db72-48c6-a54e-0fdff3a4721b,2026-08-09T03:45:00Z,2026-08-09T05:45:00+0200,118.32,EUR/MWh,ES,ES,imbalance_price,Long,2026-08-28T02:01:39Z
2026-08-28T01:53:23Z,2026-08-28T03:53:23+0200,565fb0ed-db72-48c6-a54e-0fdff3a4721b,2026-08-09T03:45:00Z,2026-08-09T05:45:00+0200,173.93,EUR/MWh,ES,ES,imbalance_price,Short,2026-08-28T02:01:39Z
2026-08-28T01:53:23Z,2026-08-28T03:53:23+0200,565fb0ed-db72-48c6-a54e-0fdff3a4721b,2026-08-09T04:00:00Z,2026-08-09T06:00:00+0200,24.43,EUR/MWh,ES,ES,imbalance_price,Long,2026-08-28T02:01:39Z
2026-08-28T01:53:23Z,2026-08-28T03:53:23+0200,565fb0ed-db72-48c6-a54e-0fdff3a4721b,2026-08-09T04:00:00Z,2026-08-09T06:00:00+0200,162.49,EUR/MWh,ES,ES,imbalance_price,Short,2026-08-28T02:01:39Z
2026-08-28T01:53:23Z,2026-08-28T03:53:23+0200,565fb0ed-db72-48c6-a54e-0fdff3a4721b,2026-08-09T04:15:00Z,2026-08-09T06:15:00+0200,0.0,EUR/MWh,ES,ES,imbalance_price,Long,2026-08-28T02:01:39Z
2026-08-28T01:53:23Z,2026-08-28T03:53:23+0200,565fb0ed-db72-48c6-a54e-0fdff3a4721b,2026-08-09T04:15:00Z,2026-08-09T06:15:00+0200,165.02,EUR/MWh,ES,ES,imbalance_price,Short,2026-08-28T02:01:39Z
2026-08-28T01:53:23Z,2026-08-28T03:53:23+0200,565fb0ed-db72-48c6-a54e-0fdff3a4721b,2026-08-09T04:30:00Z,2026-08-09T06:30:00+0200,51.83,EUR/MWh,ES,ES,imbalance_price,Long,2026-08-28T02:01:39Z
2026-08-28T01:53:23Z,2026-08-28T03:53:23+0200,565fb0ed-db72-48c6-a54e-0fdff3a4721b,2026-08-09T04:30:00Z,2026-08-09T06:30:00+0200,168.29,EUR/MWh,ES,ES,imbalance_price,Short,2026-08-28T02:01:39Z
2026-08-28T01:53:23Z,2026-08-28T03:53:23+0200,565fb0ed-db72-48c6-a54e-0fdff3a4721b,2026-08-09T04:45:00Z,2026-08-09T06:45:00+0200,91.53,EUR/MWh,ES,ES,imbalance_price,Long,2026-08-28T02:01:39Z
2026-08-28T01:53:23Z,2026-08-28T03:53:23+0200,565fb0ed-db72-48c6-a54e-0fdff3a4721b,2026-08-09T04:45:00Z,2026-08-09T06:45:00+0200,172.77,EUR/MWh,ES,ES,imbalance_price,Short,2026-08-28T02:01:39Z
2026-08-28T01:53:23Z,2026-08-28T03:53:23+0200,565fb0ed-db72-48c6-a54e-0fdff3a4721b,2026-08-09T05:00:00Z,2026-08-09T07:00:00+0200,2.34,EUR/MWh,ES,ES,imbalance_price,Long,2026-08-28T02:01:39Z
2026-08-28T01:53:23Z,2026-08-28T03:53:23+0200,565fb0ed-db72-48c6-a54e-0fdff3a4721b,2026-08-09T05:00:00Z,2026-08-09T07:00:00+0200,173.38,EUR/MWh,ES,ES,imbalance_price,Short,2026-08-28T02:01:39Z
2026-08-28T01:53:23Z,2026-08-28T03:53:23+0200,565fb0ed-db72-48c6-a54e-0fdff3a4721b,2026-08-09T05:15:00Z,2026-08-09T07:15:00+0200,110.12,EUR/MWh,ES,ES,imbalance_price,Long,2026-08-28T02:01:39Z
2026-08-28T01:53:23Z,2026-08-28T03:53:23+0200,565fb0ed-db72-48c6-a54e-0fdff3a4721b,2026-08-09T05:15:00Z,2026-08-09T07:15:00+0200,174.95,EUR/MWh,ES,ES,imbalance_price,Short,2026-08-28T02:01:39Z
2026-08-28T01:53:23Z,2026-08-28T03:53:23+0200,565fb0ed-db72-48c6-a54e-0fdff3a4721b,2026-08-09T05:30:00Z,2026-08-09T07:30:00+0200,117.48,EUR/MWh,ES,ES,imbalance_price,Long,2026-08-28T02:01:39Z
2026-08-28T01:53:23Z,2026-08-28T03:53:23+0200,565fb0ed-db72-48c6-a54e-0fdff3a4721b,2026-08-09T05:30:00Z,2026-08-09T07:30:00+0200,174.9,EUR/MWh,ES,ES,imbalance_price,Short,2026-08-28T02:01:39Z
2026-08-28T01:53:23Z,2026-08-28T03:53:23+0200,565fb0ed-db72-48c6-a54e-0fdff3a4721b,2026-08-09T05:45:00Z,2026-08-09T07:45:00+0200,106.55,EUR/MWh,ES,ES,imbalance_price,Long,2026-08-28T02:01:39Z
2026-08-28T01:53:23Z,2026-08-28T03:53:23+0200,565fb0ed-db72-48c6-a54e-0fdff3a4721b,2026-08-09T05:45:00Z,2026-08-09T07:45:00+0200,171.77,EUR/MWh,ES,ES,imbalance_price,Short,2026-08-28T02:01:39Z
2026-08-28T01:53:23Z,2026-08-28T03:53:23+0200,565fb0ed-db72-48c6-a54e-0fdff3a4721b,2026-08-09T06:00:00Z,2026-08-09T08:00:00+0200,176.08,EUR/MWh,ES,ES,imbalance_price,Long,2026-08-28T02:01:39Z
2026-08-28T01:53:23Z,2026-08-28T03:53:23+0200,565fb0ed-db72-48c6-a54e-0fdff3a4721b,2026-08-09T06:00:00Z,2026-08-09T08:00:00+0200,176.08,EUR/MWh,ES,ES,imbalance_price,Short,2026-08-28T02:01:39Z
2026-08-28T01:53:23Z,2026-08-28T03:53:23+0200,565fb0ed-db72-48c6-a54e-0fdff3a4721b,2026-08-09T06:15:00Z,2026-08-09T08:15:00+0200,211.0,EUR/MWh,ES,ES,imbalance_price,Long,2026-08-28T02:01:39Z
2026-08-28T01:53:23Z,2026-08-28T03:53:23+0200,565fb0ed-db72-48c6-a54e-0fdff3a4721b,2026-08-09T06:15:00Z,2026-08-09T08:15:00+0200,211.0,EUR/MWh,ES,ES,imbalance_price,Short,2026-08-28T02:01:39Z
2026-08-28T01:53:23Z,2026-08-28T03:53:23+0200,565fb0ed-db72-48c6-a54e-0fdff3a4721b,2026-08-09T06:30:00Z,2026-08-09T08:30:00+0200,41.8,EUR/MWh,ES,ES,imbalance_price,Long,2026-08-28T02:01:39Z
2026-08-28T01:53:23Z,2026-08-28T03:53:23+0200,565fb0ed-db72-48c6-a54e-0fdff3a4721b,2026-08-09T06:30:00Z,2026-08-09T08:30:00+0200,142.6,EUR/MWh,ES,ES,imbalance_price,Short,2026-08-28T02:01:39Z
2026-08-28T01:53:23Z,2026-08-28T03:53:23+0200,565fb0ed-db72-48c6-a54e-0fdff3a4721b,2026-08-09T06:45:00Z,2026-08-09T08:45:00+0200,24.29,EUR/MWh,ES,ES,imbalance_price,Long,2026-08-28T02:01:39Z
2026-08-28T01:53:23Z,2026-08-28T03:53:23+0200,565fb0ed-db72-48c6-a54e-0fdff3a4721b,2026-08-09T06:45:00Z,2026-08-09T08:45:00+0200,130.46,EUR/MWh,ES,ES,imbalance_price,Short,2026-08-28T02:01:39Z
2026-08-28T01:53:23Z,2026-08-28T03:53:23+0200,565fb0ed-db72-48c6-a54e-0fdff3a4721b,2026-08-09T07:00:00Z,2026-08-09T09:00:00+0200,66.15,EUR/MWh,ES,ES,imbalance_price,Long,2026-08-28T02:01:39Z
2026-08-28T01:53:23Z,2026-08-28T03:53:23+0200,565fb0ed-db72-48c6-a54e-0fdff3a4721b,2026-08-09T07:00:00Z,2026-08-09T09:00:00+0200,133.92,EUR/MWh,ES,ES,imbalance_price,Short,2026-08-28T02:01:39Z
2026-08-28T01:53:23Z,2026-08-28T03:53:23+0200,565fb0ed-db72-48c6-a54e-0fdff3a4721b,2026-08-09T07:15:00Z,2026-08-09T09:15:00+0200,-4.4,EUR/MWh,ES,ES,imbalance_price,Long,2026-08-28T02:01:39Z
2026-08-28T01:53:23Z,2026-08-28T03:53:23+0200,565fb0ed-db72-48c6-a54e-0fdff3a4721b,2026-08-09T07:15:00Z,2026-08-09T09:15:00+0200,119.72,EUR/MWh,ES,ES,imbalance_price,Short,2026-08-28T02:01:39Z
2026-08-28T01:53:23Z,2026-08-28T03:53:23+0200,565fb0ed-db72-48c6-a54e-0fdff3a4721b,2026-08-09T07:30:00Z,2026-08-09T09:30:00+0200,2.26,EUR/MWh,ES,ES,imbalance_price,Long,2026-08-28T02:01:39Z
2026-08-28T01:53:23Z,2026-08-28T03:53:23+0200,565fb0ed-db72-48c6-a54e-0fdff3a4721b,2026-08-09T07:30:00Z,2026-08-09T09:30:00+0200,17.63,EUR/MWh,ES,ES,imbalance_price,Short,2026-08-28T02:01:39Z
2026-08-28T01:53:23Z,2026-08-28T03:53:23+0200,565fb0ed-db72-48c6-a54e-0fdff3a4721b,2026-08-09T07:45:00Z,2026-08-09T09:45:00+0200,-0.59,EUR/MWh,ES,ES,imbalance_price,Long,2026-08-28T02:01:39Z
2026-08-28T01:53:23Z,2026-08-28T03:53:23+0200,565fb0ed-db72-48c6-a54e-0fdff3a4721b,2026-08-09T07:45:00Z,2026-08-09T09:45:00+0200,18.92,EUR/MWh,ES,ES,imbalance_price,Short,2026-08-28T02:01:39Z
2026-08-28T01:53:23Z,2026-08-28T03:53:23+0200,565fb0ed-db72-48c6-a54e-0fdff3a4721b,2026-08-09T08:00:00Z,2026-08-09T10:00:00+0200,-7.84,EUR/MWh,ES,ES,imbalance_price,Long,2026-08-28T02:01:39Z
2026-08-28T01:53:23Z,2026-08-28T03:53:23+0200,565fb0ed-db72-48c6-a54e-0fdff3a4721b,2026-08-09T08:00:00Z,2026-08-09T10:00:00+0200,0.0,EUR/MWh,ES,ES,imbalance_price,Short,2026-08-28T02:01:39Z
2026-08-28T01:53:23Z,2026-08-28T03:53:23+0200,565fb0ed-db72-48c6-a54e-0fdff3a4721b,2026-08-09T08:15:00Z,2026-08-09T10:15:00+0200,-9.5,EUR/MWh,ES,ES,imbalance_price,Long,2026-08-28T02:01:39Z
2026-08-28T01:53:23Z,2026-08-28T03:53:23+0200,565fb0ed-db72-48c6-a54e-0fdff3a4721b,2026-08-09T08:15:00Z,2026-08-09T10:15:00+0200,0.06,EUR/MWh,ES,ES,imbalance_price,Short,2026-08-28T02:01:39Z
2026-08-28T01:53:23Z,2026-08-28T03:53:23+0200,565fb0ed-db72-48c6-a54e-0fdff3a4721b,2026-08-09T08:30:00Z,2026-08-09T10:30:00+0200,-5.19,EUR/MWh,ES,ES,imbalance_price,Long,2026-08-28T02:01:39Z
2026-08-28T01:53:23Z,2026-08-28T03:53:23+0200,565fb0ed-db72-48c6-a54e-0fdff3a4721b,2026-08-09T08:30:00Z,2026-08-09T10:30:00+0200,0.0,EUR/MWh,ES,ES,imbalance_price,Short,2026-08-28T02:01:39Z
2026-08-28T01:53:23Z,2026-08-28T03:53:23+0200,565fb0ed-db72-48c6-a54e-0fdff3a4721b,2026-08-09T08:45:00Z,2026-08-09T10:45:00+0200,-2.53,EUR/MWh,ES,ES,imbalance_price,Long,2026-08-28T02:01:39Z
2026-08-28T01:53:23Z,2026-08-28T03:53:23+0200,565fb0ed-db72-48c6-a54e-0fdff3a4721b,2026-08-09T08:45:00Z,2026-08-09T10:45:00+0200,0.0,EUR/MWh,ES,ES,imbalance_price,Short,2026-08-28T02:01:39Z
2026-08-28T01:53:23Z,2026-08-28T03:53:23+0200,565fb0ed-db72-48c6-a54e-0fdff3a4721b,2026-08-09T09:00:00Z,2026-08-09T11:00:00+0200,-1.43,EUR/MWh,ES,ES,imbalance_price,Long,2026-08-28T02:01:39Z
2026-08-28T01:53:23Z,2026-08-28T03:53:23+0200,565fb0ed-db72-48c6-a54e-0fdff3a4721b,2026-08-09T09:00:00Z,2026-08-09T11:00:00+0200,0.48,EUR/MWh,ES,ES,imbalance_price,Short,2026-08-28T02:01:39Z
2026-08-28T01:53:23Z,2026-08-28T03:53:23+0200,565fb0ed-db72-48c6-a54e-0fdff3a4721b,2026-08-09T09:15:00Z,2026-08-09T11:15:00+0200,-0.29,EUR/MWh,ES,ES,imbalance_price,Long,2026-08-28T02:01:39Z
2026-08-28T01:53:23Z,2026-08-28T03:53:23+0200,565fb0ed-db72-48c6-a54e-0fdff3a4721b,2026-08-09T09:15:00Z,2026-08-09T11:15:00+0200,13.94,EUR/MWh,ES,ES,imbalance_price,Short,2026-08-28T02:01:39Z
2026-08-28T01:53:23Z,2026-08-28T03:53:23+0200,565fb0ed-db72-48c6-a54e-0fdff3a4721b,2026-08-09T09:30:00Z,2026-08-09T11:30:00+0200,-0.07,EUR/MWh,ES,ES,imbalance_price,Long,2026-08-28T02:01:39Z
2026-08-28T01:53:23Z,2026-08-28T03:53:23+0200,565fb0ed-db72-48c6-a54e-0fdff3a4721b,2026-08-09T09:30:00Z,2026-08-09T11:30:00+0200,0.57,EUR/MWh,ES,ES,imbalance_price,Short,2026-08-28T02:01:39Z
2026-08-28T01:53:23Z,2026-08-28T03:53:23+0200,565fb0ed-db72-48c6-a54e-0fdff3a4721b,2026-08-09T09:45:00Z,2026-08-09T11:45:00+0200,-0.04,EUR/MWh,ES,ES,imbalance_price,Long,2026-08-28T02:01:39Z
2026-08-28T01:53:23Z,2026-08-28T03:53:23+0200,565fb0ed-db72-48c6-a54e-0fdff3a4721b,2026-08-09T09:45:00Z,2026-08-09T11:45:00+0200,23.47,EUR/MWh,ES,ES,imbalance_price,Short,2026-08-28T02:01:39Z
2026-08-28T01:53:23Z,2026-08-28T03:53:23+0200,565fb0ed-db72-48c6-a54e-0fdff3a4721b,2026-08-09T10:00:00Z,2026-08-09T12:00:00+0200,-0.06,EUR/MWh,ES,ES,imbalance_price,Long,2026-08-28T02:01:39Z
2026-08-28T01:53:23Z,2026-08-28T03:53:23+0200,565fb0ed-db72-48c6-a54e-0fdff3a4721b,2026-08-09T10:00:00Z,2026-08-09T12:00:00+0200,2.09,EUR/MWh,ES,ES,imbalance_price,Short,2026-08-28T02:01:39Z
2026-08-28T01:53:23Z,2026-08-28T03:53:23+0200,565fb0ed-db72-48c6-a54e-0fdff3a4721b,2026-08-09T10:15:00Z,2026-08-09T12:15:00+0200,-1.5,EUR/MWh,ES,ES,imbalance_price,Long,2026-08-28T02:01:39Z
2026-08-28T01:53:23Z,2026-08-28T03:53:23+0200,565fb0ed-db72-48c6-a54e-0fdff3a4721b,2026-08-09T10:15:00Z,2026-08-09T12:15:00+0200,1.27,EUR/MWh,ES,ES,imbalance_price,Short,2026-08-28T02:01:39Z
2026-08-28T01:53:23Z,2026-08-28T03:53:23+0200,565fb0ed-db72-48c6-a54e-0fdff3a4721b,2026-08-09T10:30:00Z,2026-08-09T12:30:00+0200,-2.29,EUR/MWh,ES,ES,imbalance_price,Long,2026-08-28T02:01:39Z
2026-08-28T01:53:23Z,2026-08-28T03:53:23+0200,565fb0ed-db72-48c6-a54e-0fdff3a4721b,2026-08-09T10:30:00Z,2026-08-09T12:30:00+0200,0.01,EUR/MWh,ES,ES,imbalance_price,Short,2026-08-28T02:01:39Z
2026-08-28T01:53:23Z,2026-08-28T03:53:23+0200,565fb0ed-db72-48c6-a54e-0fdff3a4721b,2026-08-09T10:45:00Z,2026-08-09T12:45:00+0200,-2.96,EUR/MWh,ES,ES,imbalance_price,Long,2026-08-28T02:01:39Z
2026-08-28T01:53:23Z,2026-08-28T03:53:23+0200,565fb0ed-db72-48c6-a54e-0fdff3a4721b,2026-08-09T10:45:00Z,2026-08-09T12:45:00+0200,0.01,EUR/MWh,ES,ES,imbalance_price,Short,2026-08-28T02:01:39Z
2026-08-28T01:53:23Z,2026-08-28T03:53:23+0200,565fb0ed-db72-48c6-a54e-0fdff3a4721b,2026-08-09T11:00:00Z,2026-08-09T13:00:00+0200,-2.22,EUR/MWh,ES,ES,imbalance_price,Long,2026-08-28T02:01:39Z
2026-08-28T01:53:23Z,2026-08-28T03:53:23+0200,565fb0ed-db72-48c6-a54e-0fdff3a4721b,2026-08-09T11:00:00Z,2026-08-09T13:00:00+0200,0.35,EUR/MWh,ES,ES,imbalance_price,Short,2026-08-28T02:01:39Z
2026-08-28T01:53:23Z,2026-08-28T03:53:23+0200,565fb0ed-db72-48c6-a54e-0fdff3a4721b,2026-08-09T11:15:00Z,2026-08-09T13:15:00+0200,-2.47,EUR/MWh,ES,ES,imbalance_price,Long,2026-08-28T02:01:39Z
2026-08-28T01:53:23Z,2026-08-28T03:53:23+0200,565fb0ed-db72-48c6-a54e-0fdff3a4721b,2026-08-09T11:15:00Z,2026-08-09T13:15:00+0200,-2.47,EUR/MWh,ES,ES,imbalance_price,Short,2026-08-28T02:01:39Z
2026-08-28T01:53:23Z,2026-08-28T03:53:23+0200,565fb0ed-db72-48c6-a54e-0fdff3a4721b,2026-08-09T11:30:00Z,2026-08-09T13:30:00+0200,-2.51,EUR/MWh,ES,ES,imbalance_price,Long,2026-08-28T02:01:39Z
2026-08-28T01:53:23Z,2026-08-28T03:53:23+0200,565fb0ed-db72-48c6-a54e-0fdff3a4721b,2026-08-09T11:30:00Z,2026-08-09T13:30:00+0200,-0.11,EUR/MWh,ES,ES,imbalance_price,Short,2026-08-28T02:01:39Z
2026-08-28T01:53:23Z,2026-08-28T03:53:23+0200,565fb0ed-db72-48c6-a54e-0fdff3a4721b,2026-08-09T11:45:00Z,2026-08-09T13:45:00+0200,-3.04,EUR/MWh,ES,ES,imbalance_price,Long,2026-08-28T02:01:39Z
2026-08-28T01:53:23Z,2026-08-28T03:53:23+0200,565fb0ed-db72-48c6-a54e-0fdff3a4721b,2026-08-09T11:45:00Z,2026-08-09T13:45:00+0200,-0.11,EUR/MWh,ES,ES,imbalance_price,Short,2026-08-28T02:01:39Z
2026-08-28T01:53:23Z,2026-08-28T03:53:23+0200,565fb0ed-db72-48c6-a54e-0fdff3a4721b,2026-08-09T12:00:00Z,2026-08-09T14:00:00+0200,-7.77,EUR/MWh,ES,ES,imbalance_price,Long,2026-08-28T02:01:39Z
2026-08-28T01:53:23Z,2026-08-28T03:53:23+0200,565fb0ed-db72-48c6-a54e-0fdff3a4721b,2026-08-09T12:00:00Z,2026-08-09T14:00:00+0200,0.0,EUR/MWh,ES,ES,imbalance_price,Short,2026-08-28T02:01:39Z
2026-08-28T01:53:23Z,2026-08-28T03:53:23+0200,565fb0ed-db72-48c6-a54e-0fdff3a4721b,2026-08-09T12:15:00Z,2026-08-09T14:15:00+0200,-0.72,EUR/MWh,ES,ES,imbalance_price,Long,2026-08-28T02:01:39Z
2026-08-28T01:53:23Z,2026-08-28T03:53:23+0200,565fb0ed-db72-48c6-a54e-0fdff3a4721b,2026-08-09T12:15:00Z,2026-08-09T14:15:00+0200,-0.72,EUR/MWh,ES,ES,imbalance_price,Short,2026-08-28T02:01:39Z
2026-08-28T01:53:23Z,2026-08-28T03:53:23+0200,565fb0ed-db72-48c6-a54e-0fdff3a4721b,2026-08-09T12:30:00Z,2026-08-09T14:30:00+0200,-1.62,EUR/MWh,ES,ES,imbalance_price,Long,2026-08-28T02:01:39Z
2026-08-28T01:53:23Z,2026-08-28T03:53:23+0200,565fb0ed-db72-48c6-a54e-0fdff3a4721b,2026-08-09T12:30:00Z,2026-08-09T14:30:00+0200,-1.62,EUR/MWh,ES,ES,imbalance_price,Short,2026-08-28T02:01:39Z
2026-08-28T01:53:23Z,2026-08-28T03:53:23+0200,565fb0ed-db72-48c6-a54e-0fdff3a4721b,2026-08-09T12:45:00Z,2026-08-09T14:45:00+0200,-1.09,EUR/MWh,ES,ES,imbalance_price,Long,2026-08-28T02:01:39Z
2026-08-28T01:53:23Z,2026-08-28T03:53:23+0200,565fb0ed-db72-48c6-a54e-0fdff3a4721b,2026-08-09T12:45:00Z,2026-08-09T14:45:00+0200,0.41,EUR/MWh,ES,ES,imbalance_price,Short,2026-08-28T02:01:39Z
2026-08-28T01:53:23Z,2026-08-28T03:53:23+0200,565fb0ed-db72-48c6-a54e-0fdff3a4721b,2026-08-09T13:00:00Z,2026-08-09T15:00:00+0200,-0.03,EUR/MWh,ES,ES,imbalance_price,Long,2026-08-28T02:01:39Z
2026-08-28T01:53:23Z,2026-08-28T03:53:23+0200,565fb0ed-db72-48c6-a54e-0fdff3a4721b,2026-08-09T13:00:00Z,2026-08-09T15:00:00+0200,0.56,EUR/MWh,ES,ES,imbalance_price,Short,2026-08-28T02:01:39Z
2026-08-28T01:53:23Z,2026-08-28T03:53:23+0200,565fb0ed-db72-48c6-a54e-0fdff3a4721b,2026-08-09T13:15:00Z,2026-08-09T15:15:00+0200,-0.02,EUR/MWh,ES,ES,imbalance_price,Long,2026-08-28T02:01:39Z
2026-08-28T01:53:23Z,2026-08-28T03:53:23+0200,565fb0ed-db72-48c6-a54e-0fdff3a4721b,2026-08-09T13:15:00Z,2026-08-09T15:15:00+0200,1.29,EUR/MWh,ES,ES,imbalance_price,Short,2026-08-28T02:01:39Z
2026-08-28T01:53:23Z,2026-08-28T03:53:23+0200,565fb0ed-db72-48c6-a54e-0fdff3a4721b,2026-08-09T13:30:00Z,2026-08-09T15:30:00+0200,-3.14,EUR/MWh,ES,ES,imbalance_price,Long,2026-08-28T02:01:39Z
2026-08-28T01:53:23Z,2026-08-28T03:53:23+0200,565fb0ed-db72-48c6-a54e-0fdff3a4721b,2026-08-09T13:30:00Z,2026-08-09T15:30:00+0200,0.33,EUR/MWh,ES,ES,imbalance_price,Short,2026-08-28T02:01:39Z
2026-08-28T01:53:23Z,2026-08-28T03:53:23+0200,565fb0ed-db72-48c6-a54e-0fdff3a4721b,2026-08-09T13:45:00Z,2026-08-09T15:45:00+0200,-7.44,EUR/MWh,ES,ES,imbalance_price,Long,2026-08-28T02:01:39Z
2026-08-28T01:53:23Z,2026-08-28T03:53:23+0200,565fb0ed-db72-48c6-a54e-0fdff3a4721b,2026-08-09T13:45:00Z,2026-08-09T15:45:00+0200,0.0,EUR/MWh,ES,ES,imbalance_price,Short,2026-08-28T02:01:39Z
2026-08-28T01:53:23Z,2026-08-28T03:53:23+0200,565fb0ed-db72-48c6-a54e-0fdff3a4721b,2026-08-09T14:00:00Z,2026-08-09T16:00:00+0200,-6.43,EUR/MWh,ES,ES,imbalance_price,Long,2026-08-28T02:01:39Z
2026-08-28T01:53:23Z,2026-08-28T03:53:23+0200,565fb0ed-db72-48c6-a54e-0fdff3a4721b,2026-08-09T14:00:00Z,2026-08-09T16:00:00+0200,0.0,EUR/MWh,ES,ES,imbalance_price,Short,2026-08-28T02:01:39Z
2026-08-28T01:53:23Z,2026-08-28T03:53:23+0200,565fb0ed-db72-48c6-a54e-0fdff3a4721b,2026-08-09T14:15:00Z,2026-08-09T16:15:00+0200,-0.04,EUR/MWh,ES,ES,imbalance_price,Long,2026-08-28T02:01:39Z
2026-08-28T01:53:23Z,2026-08-28T03:53:23+0200,565fb0ed-db72-48c6-a54e-0fdff3a4721b,2026-08-09T14:15:00Z,2026-08-09T16:15:00+0200,41.8,EUR/MWh,ES,ES,imbalance_price,Short,2026-08-28T02:01:39Z
2026-08-28T01:53:23Z,2026-08-28T03:53:23+0200,565fb0ed-db72-48c6-a54e-0fdff3a4721b,2026-08-09T14:30:00Z,2026-08-09T16:30:00+0200,-0.21,EUR/MWh,ES,ES,imbalance_price,Long,2026-08-28T02:01:39Z
2026-08-28T01:53:23Z,2026-08-28T03:53:23+0200,565fb0ed-db72-48c6-a54e-0fdff3a4721b,2026-08-09T14:30:00Z,2026-08-09T16:30:00+0200,23.36,EUR/MWh,ES,ES,imbalance_price,Short,2026-08-28T02:01:39Z
2026-08-28T01:53:23Z,2026-08-28T03:53:23+0200,565fb0ed-db72-48c6-a54e-0fdff3a4721b,2026-08-09T14:45:00Z,2026-08-09T16:45:00+0200,-0.29,EUR/MWh,ES,ES,imbalance_price,Long,2026-08-28T02:01:39Z
2026-08-28T01:53:23Z,2026-08-28T03:53:23+0200,565fb0ed-db72-48c6-a54e-0fdff3a4721b,2026-08-09T14:45:00Z,2026-08-09T16:45:00+0200,0.46,EUR/MWh,ES,ES,imbalance_price,Short,2026-08-28T02:01:39Z
2026-08-28T01:53:23Z,2026-08-28T03:53:23+0200,565fb0ed-db72-48c6-a54e-0fdff3a4721b,2026-08-09T15:00:00Z,2026-08-09T17:00:00+0200,-0.92,EUR/MWh,ES,ES,imbalance_price,Long,2026-08-28T02:01:39Z
2026-08-28T01:53:23Z,2026-08-28T03:53:23+0200,565fb0ed-db72-48c6-a54e-0fdff3a4721b,2026-08-09T15:00:00Z,2026-08-09T17:00:00+0200,11.71,EUR/MWh,ES,ES,imbalance_price,Short,2026-08-28T02:01:39Z
2026-08-28T01:53:23Z,2026-08-28T03:53:23+0200,565fb0ed-db72-48c6-a54e-0fdff3a4721b,2026-08-09T15:15:00Z,2026-08-09T17:15:00+0200,-0.01,EUR/MWh,ES,ES,imbalance_price,Long,2026-08-28T02:01:39Z
2026-08-28T01:53:23Z,2026-08-28T03:53:23+0200,565fb0ed-db72-48c6-a54e-0fdff3a4721b,2026-08-09T15:15:00Z,2026-08-09T17:15:00+0200,6.83,EUR/MWh,ES,ES,imbalance_price,Short,2026-08-28T02:01:39Z
2026-08-28T01:53:23Z,2026-08-28T03:53:23+0200,565fb0ed-db72-48c6-a54e-0fdff3a4721b,2026-08-09T15:30:00Z,2026-08-09T17:30:00+0200,0.0,EUR/MWh,ES,ES,imbalance_price,Long,2026-08-28T02:01:39Z
2026-08-28T01:53:23Z,2026-08-28T03:53:23+0200,565fb0ed-db72-48c6-a54e-0fdff3a4721b,2026-08-09T15:30:00Z,2026-08-09T17:30:00+0200,23.79,EUR/MWh,ES,ES,imbalance_price,Short,2026-08-28T02:01:39Z
2026-08-28T01:53:23Z,2026-08-28T03:53:23+0200,565fb0ed-db72-48c6-a54e-0fdff3a4721b,2026-08-09T15:45:00Z,2026-08-09T17:45:00+0200,-0.01,EUR/MWh,ES,ES,imbalance_price,Long,2026-08-28T02:01:39Z
2026-08-28T01:53:23Z,2026-08-28T03:53:23+0200,565fb0ed-db72-48c6-a54e-0fdff3a4721b,2026-08-09T15:45:00Z,2026-08-09T17:45:00+0200,57.08,EUR/MWh,ES,ES,imbalance_price,Short,2026-08-28T02:01:39Z
2026-08-28T01:53:23Z,2026-08-28T03:53:23+0200,565fb0ed-db72-48c6-a54e-0fdff3a4721b,2026-08-09T16:00:00Z,2026-08-09T18:00:00+0200,-14.47,EUR/MWh,ES,ES,imbalance_price,Long,2026-08-28T02:01:39Z
2026-08-28T01:53:23Z,2026-08-28T03:53:23+0200,565fb0ed-db72-48c6-a54e-0fdff3a4721b,2026-08-09T16:00:00Z,2026-08-09T18:00:00+0200,0.74,EUR/MWh,ES,ES,imbalance_price,Short,2026-08-28T02:01:39Z
2026-08-28T01:53:23Z,2026-08-28T03:53:23+0200,565fb0ed-db72-48c6-a54e-0fdff3a4721b,2026-08-09T16:15:00Z,2026-08-09T18:15:00+0200,-13.76,EUR/MWh,ES,ES,imbalance_price,Long,2026-08-28T02:01:39Z
2026-08-28T01:53:23Z,2026-08-28T03:53:23+0200,565fb0ed-db72-48c6-a54e-0fdff3a4721b,2026-08-09T16:15:00Z,2026-08-09T18:15:00+0200,115.3,EUR/MWh,ES,ES,imbalance_price,Short,2026-08-28T02:01:39Z
2026-08-28T01:53:23Z,2026-08-28T03:53:23+0200,565fb0ed-db72-48c6-a54e-0fdff3a4721b,2026-08-09T16:30:00Z,2026-08-09T18:30:00+0200,-0.01,EUR/MWh,ES,ES,imbalance_price,Long,2026-08-28T02:01:39Z
2026-08-28T01:53:23Z,2026-08-28T03:53:23+0200,565fb0ed-db72-48c6-a54e-0fdff3a4721b,2026-08-09T16:30:00Z,2026-08-09T18:30:00+0200,232.02,EUR/MWh,ES,ES,imbalance_price,Short,2026-08-28T02:01:39Z
2026-08-28T01:53:23Z,2026-08-28T03:53:23+0200,565fb0ed-db72-48c6-a54e-0fdff3a4721b,2026-08-09T16:45:00Z,2026-08-09T18:45:00+0200,125.2,EUR/MWh,ES,ES,imbalance_price,Long,2026-08-28T02:01:39Z
2026-08-28T01:53:23Z,2026-08-28T03:53:23+0200,565fb0ed-db72-48c6-a54e-0fdff3a4721b,2026-08-09T16:45:00Z,2026-08-09T18:45:00+0200,125.2,EUR/MWh,ES,ES,imbalance_price,Short,2026-08-28T02:01:39Z
2026-08-28T01:53:23Z,2026-08-28T03:53:23+0200,565fb0ed-db72-48c6-a54e-0fdff3a4721b,2026-08-09T17:00:00Z,2026-08-09T19:00:00+0200,24.49,EUR/MWh,ES,ES,imbalance_price,Long,2026-08-28T02:01:39Z
2026-08-28T01:53:23Z,2026-08-28T03:53:23+0200,565fb0ed-db72-48c6-a54e-0fdff3a4721b,2026-08-09T17:00:00Z,2026-08-09T19:00:00+0200,137.61,EUR/MWh,ES,ES,imbalance_price,Short,2026-08-28T02:01:39Z
2026-08-28T01:53:23Z,2026-08-28T03:53:23+0200,565fb0ed-db72-48c6-a54e-0fdff3a4721b,2026-08-09T17:15:00Z,2026-08-09T19:15:00+0200,47.81,EUR/MWh,ES,ES,imbalance_price,Long,2026-08-28T02:01:39Z
2026-08-28T01:53:23Z,2026-08-28T03:53:23+0200,565fb0ed-db72-48c6-a54e-0fdff3a4721b,2026-08-09T17:15:00Z,2026-08-09T19:15:00+0200,138.41,EUR/MWh,ES,ES,imbalance_price,Short,2026-08-28T02:01:39Z
2026-08-28T01:53:23Z,2026-08-28T03:53:23+0200,565fb0ed-db72-48c6-a54e-0fdff3a4721b,2026-08-09T17:30:00Z,2026-08-09T19:30:00+0200,143.18,EUR/MWh,ES,ES,imbalance_price,Long,2026-08-28T02:01:39Z
2026-08-28T01:53:23Z,2026-08-28T03:53:23+0200,565fb0ed-db72-48c6-a54e-0fdff3a4721b,2026-08-09T17:30:00Z,2026-08-09T19:30:00+0200,143.18,EUR/MWh,ES,ES,imbalance_price,Short,2026-08-28T02:01:39Z
2026-08-28T01:53:23Z,2026-08-28T03:53:23+0200,565fb0ed-db72-48c6-a54e-0fdff3a4721b,2026-08-09T17:45:00Z,2026-08-09T19:45:00+0200,-4.15,EUR/MWh,ES,ES,imbalance_price,Long,2026-08-28T02:01:39Z
2026-08-28T01:53:23Z,2026-08-28T03:53:23+0200,565fb0ed-db72-48c6-a54e-0fdff3a4721b,2026-08-09T17:45:00Z,2026-08-09T19:45:00+0200,176.06,EUR/MWh,ES,ES,imbalance_price,Short,2026-08-28T02:01:39Z
2026-08-28T01:53:23Z,2026-08-28T03:53:23+0200,565fb0ed-db72-48c6-a54e-0fdff3a4721b,2026-08-09T18:00:00Z,2026-08-09T20:00:00+0200,9.96,EUR/MWh,ES,ES,imbalance_price,Long,2026-08-28T02:01:39Z
2026-08-28T01:53:23Z,2026-08-28T03:53:23+0200,565fb0ed-db72-48c6-a54e-0fdff3a4721b,2026-08-09T18:00:00Z,2026-08-09T20:00:00+0200,152.0,EUR/MWh,ES,ES,imbalance_price,Short,2026-08-28T02:01:39Z
2026-08-28T01:53:23Z,2026-08-28T03:53:23+0200,565fb0ed-db72-48c6-a54e-0fdff3a4721b,2026-08-09T18:15:00Z,2026-08-09T20:15:00+0200,105.46,EUR/MWh,ES,ES,imbalance_price,Long,2026-08-28T02:01:39Z
2026-08-28T01:53:23Z,2026-08-28T03:53:23+0200,565fb0ed-db72-48c6-a54e-0fdff3a4721b,2026-08-09T18:15:00Z,2026-08-09T20:15:00+0200,138.63,EUR/MWh,ES,ES,imbalance_price,Short,2026-08-28T02:01:39Z
2026-08-28T01:53:23Z,2026-08-28T03:53:23+0200,565fb0ed-db72-48c6-a54e-0fdff3a4721b,2026-08-09T18:30:00Z,2026-08-09T20:30:00+0200,123.37,EUR/MWh,ES,ES,imbalance_price,Long,2026-08-28T02:01:39Z
2026-08-28T01:53:23Z,2026-08-28T03:53:23+0200,565fb0ed-db72-48c6-a54e-0fdff3a4721b,2026-08-09T18:30:00Z,2026-08-09T20:30:00+0200,134.06,EUR/MWh,ES,ES,imbalance_price,Short,2026-08-28T02:01:39Z
2026-08-28T01:53:23Z,2026-08-28T03:53:23+0200,565fb0ed-db72-48c6-a54e-0fdff3a4721b,2026-08-09T18:45:00Z,2026-08-09T20:45:00+0200,38.59,EUR/MWh,ES,ES,imbalance_price,Long,2026-08-28T02:01:39Z
2026-08-28T01:53:23Z,2026-08-28T03:53:23+0200,565fb0ed-db72-48c6-a54e-0fdff3a4721b,2026-08-09T18:45:00Z,2026-08-09T20:45:00+0200,132.87,EUR/MWh,ES,ES,imbalance_price,Short,2026-08-28T02:01:39Z
2026-08-28T01:53:23Z,2026-08-28T03:53:23+0200,565fb0ed-db72-48c6-a54e-0fdff3a4721b,2026-08-09T19:00:00Z,2026-08-09T21:00:00+0200,0.0,EUR/MWh,ES,ES,imbalance_price,Long,2026-08-28T02:01:39Z
2026-08-28T01:53:23Z,2026-08-28T03:53:23+0200,565fb0ed-db72-48c6-a54e-0fdff3a4721b,2026-08-09T19:00:00Z,2026-08-09T21:00:00+0200,142.24,EUR/MWh,ES,ES,imbalance_price,Short,2026-08-28T02:01:39Z
2026-08-28T01:53:23Z,2026-08-28T03:53:23+0200,565fb0ed-db72-48c6-a54e-0fdff3a4721b,2026-08-09T19:15:00Z,2026-08-09T21:15:00+0200,164.68,EUR/MWh,ES,ES,imbalance_price,Long,2026-08-28T02:01:39Z
2026-08-28T01:53:23Z,2026-08-28T03:53:23+0200,565fb0ed-db72-48c6-a54e-0fdff3a4721b,2026-08-09T19:15:00Z,2026-08-09T21:15:00+0200,164.68,EUR/MWh,ES,ES,imbalance_price,Short,2026-08-28T02:01:39Z
2026-08-28T01:53:23Z,2026-08-28T03:53:23+0200,565fb0ed-db72-48c6-a54e-0fdff3a4721b,2026-08-09T19:30:00Z,2026-08-09T21:30:00+0200,166.59,EUR/MWh,ES,ES,imbalance_price,Long,2026-08-28T02:01:39Z
2026-08-28T01:53:23Z,2026-08-28T03:53:23+0200,565fb0ed-db72-48c6-a54e-0fdff3a4721b,2026-08-09T19:30:00Z,2026-08-09T21:30:00+0200,166.59,EUR/MWh,ES,ES,imbalance_price,Short,2026-08-28T02:01:39Z
2026-08-28T01:53:23Z,2026-08-28T03:53:23+0200,565fb0ed-db72-48c6-a54e-0fdff3a4721b,2026-08-09T19:45:00Z,2026-08-09T21:45:00+0200,142.17,EUR/MWh,ES,ES,imbalance_price,Long,2026-08-28T02:01:39Z
2026-08-28T01:53:23Z,2026-08-28T03:53:23+0200,565fb0ed-db72-48c6-a54e-0fdff3a4721b,2026-08-09T19:45:00Z,2026-08-09T21:45:00+0200,137.53,EUR/MWh,ES,ES,imbalance_price,Short,2026-08-28T02:01:39Z
2026-08-28T01:53:23Z,2026-08-28T03:53:23+0200,565fb0ed-db72-48c6-a54e-0fdff3a4721b,2026-08-09T20:00:00Z,2026-08-09T22:00:00+0200,144.23,EUR/MWh,ES,ES,imbalance_price,Long,2026-08-28T02:01:39Z
2026-08-28T01:53:23Z,2026-08-28T03:53:23+0200,565fb0ed-db72-48c6-a54e-0fdff3a4721b,2026-08-09T20:00:00Z,2026-08-09T22:00:00+0200,144.23,EUR/MWh,ES,ES,imbalance_price,Short,2026-08-28T02:01:39Z
2026-08-28T01:53:23Z,2026-08-28T03:53:23+0200,565fb0ed-db72-48c6-a54e-0fdff3a4721b,2026-08-09T20:15:00Z,2026-08-09T22:15:00+0200,132.81,EUR/MWh,ES,ES,imbalance_price,Long,2026-08-28T02:01:39Z
2026-08-28T01:53:23Z,2026-08-28T03:53:23+0200,565fb0ed-db72-48c6-a54e-0fdff3a4721b,2026-08-09T20:15:00Z,2026-08-09T22:15:00+0200,149.68,EUR/MWh,ES,ES,imbalance_price,Short,2026-08-28T02:01:39Z
2026-08-28T01:53:23Z,2026-08-28T03:53:23+0200,565fb0ed-db72-48c6-a54e-0fdff3a4721b,2026-08-09T20:30:00Z,2026-08-09T22:30:00+0200,122.58,EUR/MWh,ES,ES,imbalance_price,Long,2026-08-28T02:01:39Z
2026-08-28T01:53:23Z,2026-08-28T03:53:23+0200,565fb0ed-db72-48c6-a54e-0fdff3a4721b,2026-08-09T20:30:00Z,2026-08-09T22:30:00+0200,166.59,EUR/MWh,ES,ES,imbalance_price,Short,2026-08-28T02:01:39Z
2026-08-28T01:53:23Z,2026-08-28T03:53:23+0200,565fb0ed-db72-48c6-a54e-0fdff3a4721b,2026-08-09T20:45:00Z,2026-08-09T22:45:00+0200,57.78,EUR/MWh,ES,ES,imbalance_price,Long,2026-08-28T02:01:39Z
2026-08-28T01:53:23Z,2026-08-28T03:53:23+0200,565fb0ed-db72-48c6-a54e-0fdff3a4721b,2026-08-09T20:45:00Z,2026-08-09T22:45:00+0200,175.73,EUR/MWh,ES,ES,imbalance_price,Short,2026-08-28T02:01:39Z
2026-08-28T01:53:23Z,2026-08-28T03:53:23+0200,565fb0ed-db72-48c6-a54e-0fdff3a4721b,2026-08-09T21:00:00Z,2026-08-09T23:00:00+0200,53.25,EUR/MWh,ES,ES,imbalance_price,Long,2026-08-28T02:01:39Z
2026-08-28T01:53:23Z,2026-08-28T03:53:23+0200,565fb0ed-db72-48c6-a54e-0fdff3a4721b,2026-08-09T21:00:00Z,2026-08-09T23:00:00+0200,172.44,EUR/MWh,ES,ES,imbalance_price,Short,2026-08-28T02:01:39Z
2026-08-28T01:53:23Z,2026-08-28T03:53:23+0200,565fb0ed-db72-48c6-a54e-0fdff3a4721b,2026-08-09T21:15:00Z,2026-08-09T23:15:00+0200,7.24,EUR/MWh,ES,ES,imbalance_price,Long,2026-08-28T02:01:39Z
2026-08-28T01:53:23Z,2026-08-28T03:53:23+0200,565fb0ed-db72-48c6-a54e-0fdff3a4721b,2026-08-09T21:15:00Z,2026-08-09T23:15:00+0200,140.66,EUR/MWh,ES,ES,imbalance_price,Short,2026-08-28T02:01:39Z
2026-08-28T01:53:23Z,2026-08-28T03:53:23+0200,565fb0ed-db72-48c6-a54e-0fdff3a4721b,2026-08-09T21:30:00Z,2026-08-09T23:30:00+0200,124.99,EUR/MWh,ES,ES,imbalance_price,Long,2026-08-28T02:01:39Z
2026-08-28T01:53:23Z,2026-08-28T03:53:23+0200,565fb0ed-db72-48c6-a54e-0fdff3a4721b,2026-08-09T21:30:00Z,2026-08-09T23:30:00+0200,138.87,EUR/MWh,ES,ES,imbalance_price,Short,2026-08-28T02:01:39Z
2026-08-28T01:53:23Z,2026-08-28T03:53:23+0200,565fb0ed-db72-48c6-a54e-0fdff3a4721b,2026-08-09T21:45:00Z,2026-08-09T23:45:00+0200,114.29,EUR/MWh,ES,ES,imbalance_price,Long,2026-08-28T02:01:39Z
2026-08-28T01:53:23Z,2026-08-28T03:53:23+0200,565fb0ed-db72-48c6-a54e-0fdff3a4721b,2026-08-09T21:45:00Z,2026-08-09T23:45:00+0200,146.15,EUR/MWh,ES,ES,imbalance_price,Short,2026-08-28T02:01:39Z
2026-08-28T01:53:23Z,2026-08-28T03:53:23+0200,565fb0ed-db72-48c6-a54e-0fdff3a4721b,2026-08-09T22:00:00Z,2026-08-10T00:00:00+0200,120.07,EUR/MWh,ES,ES,imbalance_price,Long,2026-08-28T02:01:39Z
2026-08-28T01:53:23Z,2026-08-28T03:53:23+0200,565fb0ed-db72-48c6-a54e-0fdff3a4721b,2026-08-09T22:00:00Z,2026-08-10T00:00:00+0200,137.77,EUR/MWh,ES,ES,imbalance_price,Short,2026-08-28T02:01:39Z
2026-08-28T01:53:23Z,2026-08-28T03:53:23+0200,565fb0ed-db72-48c6-a54e-0fdff3a4721b,2026-08-09T22:15:00Z,2026-08-10T00:15:00+0200,114.17,EUR/MWh,ES,ES,imbalance_price,Long,2026-08-28T02:01:39Z
2026-08-28T01:53:23Z,2026-08-28T03:53:23+0200,565fb0ed-db72-48c6-a54e-0fdff3a4721b,2026-08-09T22:15:00Z,2026-08-10T00:15:00+0200,134.97,EUR/MWh,ES,ES,imbalance_price,Short,2026-08-28T02:01:39Z
2026-08-28T01:53:23Z,2026-08-28T03:53:23+0200,565fb0ed-db72-48c6-a54e-0fdff3a4721b,2026-08-09T22:30:00Z,2026-08-10T00:30:00+0200,115.7,EUR/MWh,ES,ES,imbalance_price,Long,2026-08-28T02:01:39Z
2026-08-28T01:53:23Z,2026-08-28T03:53:23+0200,565fb0ed-db72-48c6-a54e-0fdff3a4721b,2026-08-09T22:30:00Z,2026-08-10T00:30:00+0200,176.88,EUR/MWh,ES,ES,imbalance_price,Short,2026-08-28T02:01:39Z
2026-08-28T01:53:23Z,2026-08-28T03:53:23+0200,565fb0ed-db72-48c6-a54e-0fdff3a4721b,2026-08-09T22:45:00Z,2026-08-10T00:45:00+0200,118.94,EUR/MWh,ES,ES,imbalance_price,Long,2026-08-28T02:01:39Z
2026-08-28T01:53:23Z,2026-08-28T03:53:23+0200,565fb0ed-db72-48c6-a54e-0fdff3a4721b,2026-08-09T22:45:00Z,2026-08-10T00:45:00+0200,161.48,EUR/MWh,ES,ES,imbalance_price,Short,2026-08-28T02:01:39Z
2026-08-28T01:53:23Z,2026-08-28T03:53:23+0200,565fb0ed-db72-48c6-a54e-0fdff3a4721b,2026-08-09T23:00:00Z,2026-08-10T01:00:00+0200,100.05,EUR/MWh,ES,ES,imbalance_price,Long,2026-08-28T02:01:39Z
2026-08-28T01:53:23Z,2026-08-28T03:53:23+0200,565fb0ed-db72-48c6-a54e-0fdff3a4721b,2026-08-09T23:00:00Z,2026-08-10T01:00:00+0200,133.44,EUR/MWh,ES,ES,imbalance_price,Short,2026-08-28T02:01:39Z
2026-08-28T01:53:23Z,2026-08-28T03:53:23+0200,565fb0ed-db72-48c6-a54e-0fdff3a4721b,2026-08-09T23:15:00Z,2026-08-10T01:15:00+0200,110.14,EUR/MWh,ES,ES,imbalance_price,Long,2026-08-28T02:01:39Z
2026-08-28T01:53:23Z,2026-08-28T03:53:23+0200,565fb0ed-db72-48c6-a54e-0fdff3a4721b,2026-08-09T23:15:00Z,2026-08-10T01:15:00+0200,133.66,EUR/MWh,ES,ES,imbalance_price,Short,2026-08-28T02:01:39Z
2026-08-28T01:53:23Z,2026-08-28T03:53:23+0200,565fb0ed-db72-48c6-a54e-0fdff3a4721b,2026-08-09T23:30:00Z,2026-08-10T01:30:00+0200,110.18,EUR/MWh,ES,ES,imbalance_price,Long,2026-08-28T02:01:39Z
2026-08-28T01:53:23Z,2026-08-28T03:53:23+0200,565fb0ed-db72-48c6-a54e-0fdff3a4721b,2026-08-09T23:30:00Z,2026-08-10T01:30:00+0200,139.22,EUR/MWh,ES,ES,imbalance_price,Short,2026-08-28T02:01:39Z
2026-08-28T01:53:23Z,2026-08-28T03:53:23+0200,565fb0ed-db72-48c6-a54e-0fdff3a4721b,2026-08-09T23:45:00Z,2026-08-10T01:45:00+0200,128.64,EUR/MWh,ES,ES,imbalance_price,Long,2026-08-28T02:01:39Z
2026-08-28T01:53:23Z,2026-08-28T03:53:23+0200,565fb0ed-db72-48c6-a54e-0fdff3a4721b,2026-08-09T23:45:00Z,2026-08-10T01:45:00+0200,136.47,EUR/MWh,ES,ES,imbalance_price,Short,2026-08-28T02:01:39Z
2026-08-28T01:53:23Z,2026-08-28T03:53:23+0200,565fb0ed-db72-48c6-a54e-0fdff3a4721b,2026-08-10T00:00:00Z,2026-08-10T02:00:00+0200,104.54,EUR/MWh,ES,ES,imbalance_price,Long,2026-08-28T02:01:39Z
2026-08-28T01:53:23Z,2026-08-28T03:53:23+0200,565fb0ed-db72-48c6-a54e-0fdff3a4721b,2026-08-10T00:00:00Z,2026-08-10T02:00:00+0200,136.02,EUR/MWh,ES,ES,imbalance_price,Short,2026-08-28T02:01:39Z
2026-08-28T01:53:23Z,2026-08-28T03:53:23+0200,565fb0ed-db72-48c6-a54e-0fdff3a4721b,2026-08-10T00:15:00Z,2026-08-10T02:15:00+0200,109.06,EUR/MWh,ES,ES,imbalance_price,Long,2026-08-28T02:01:39Z
2026-08-28T01:53:23Z,2026-08-28T03:53:23+0200,565fb0ed-db72-48c6-a54e-0fdff3a4721b,2026-08-10T00:15:00Z,2026-08-10T02:15:00+0200,109.06,EUR/MWh,ES,ES,imbalance_price,Short,2026-08-28T02:01:39Z
2026-08-28T01:53:23Z,2026-08-28T03:53:23+0200,565fb0ed-db72-48c6-a54e-0fdff3a4721b,2026-08-10T00:30:00Z,2026-08-10T02:30:00+0200,100.54,EUR/MWh,ES,ES,imbalance_price,Long,2026-08-28T02:01:39Z
2026-08-28T01:53:23Z,2026-08-28T03:53:23+0200,565fb0ed-db72-48c6-a54e-0fdff3a4721b,2026-08-10T00:30:00Z,2026-08-10T02:30:00+0200,141.56,EUR/MWh,ES,ES,imbalance_price,Short,2026-08-28T02:01:39Z
2026-08-28T01:53:23Z,2026-08-28T03:53:23+0200,565fb0ed-db72-48c6-a54e-0fdff3a4721b,2026-08-10T00:45:00Z,2026-08-10T02:45:00+0200,108.4,EUR/MWh,ES,ES,imbalance_price,Long,2026-08-28T02:01:39Z
2026-08-28T01:53:23Z,2026-08-28T03:53:23+0200,565fb0ed-db72-48c6-a54e-0fdff3a4721b,2026-08-10T00:45:00Z,2026-08-10T02:45:00+0200,144.61,EUR/MWh,ES,ES,imbalance_price,Short,2026-08-28T02:01:39Z
2026-08-28T01:53:23Z,2026-08-28T03:53:23+0200,565fb0ed-db72-48c6-a54e-0fdff3a4721b,2026-08-10T01:00:00Z,2026-08-10T03:00:00+0200,108.85,EUR/MWh,ES,ES,imbalance_price,Long,2026-08-28T02:01:39Z
2026-08-28T01:53:23Z,2026-08-28T03:53:23+0200,565fb0ed-db72-48c6-a54e-0fdff3a4721b,2026-08-10T01:00:00Z,2026-08-10T03:00:00+0200,139.32,EUR/MWh,ES,ES,imbalance_price,Short,2026-08-28T02:01:39Z
2026-08-28T01:53:23Z,2026-08-28T03:53:23+0200,565fb0ed-db72-48c6-a54e-0fdff3a4721b,2026-08-10T01:15:00Z,2026-08-10T03:15:00+0200,120.33,EUR/MWh,ES,ES,imbalance_price,Long,2026-08-28T02:01:39Z
2026-08-28T01:53:23Z,2026-08-28T03:53:23+0200,565fb0ed-db72-48c6-a54e-0fdff3a4721b,2026-08-10T01:15:00Z,2026-08-10T03:15:00+0200,120.33,EUR/MWh,ES,ES,imbalance_price,Short,2026-08-28T02:01:39Z
2026-08-28T01:53:23Z,2026-08-28T03:53:23+0200,565fb0ed-db72-48c6-a54e-0fdff3a4721b,2026-08-10T01:30:00Z,2026-08-10T03:30:00+0200,65.66,EUR/MWh,ES,ES,imbalance_price,Long,2026-08-28T02:01:39Z
2026-08-28T01:53:23Z,2026-08-28T03:53:23+0200,565fb0ed-db72-48c6-a54e-0fdff3a4721b,2026-08-10T01:30:00Z,2026-08-10T03:30:00+0200,134.36,EUR/MWh,ES,ES,imbalance_price,Short,2026-08-28T02:01:39Z
2026-08-28T01:53:23Z,2026-08-28T03:53:23+0200,565fb0ed-db72-48c6-a54e-0fdff3a4721b,2026-08-10T01:45:00Z,2026-08-10T03:45:00+0200,110.49,EUR/MWh,ES,ES,imbalance_price,Long,2026-08-28T02:01:39Z
2026-08-28T01:53:23Z,2026-08-28T03:53:23+0200,565fb0ed-db72-48c6-a54e-0fdff3a4721b,2026-08-10T01:45:00Z,2026-08-10T03:45:00+0200,162.16,EUR/MWh,ES,ES,imbalance_price,Short,2026-08-28T02:01:39Z
2026-08-28T01:53:23Z,2026-08-28T03:53:23+0200,565fb0ed-db72-48c6-a54e-0fdff3a4721b,2026-08-10T02:00:00Z,2026-08-10T04:00:00+0200,11.93,EUR/MWh,ES,ES,imbalance_price,Long,2026-08-28T02:01:39Z
2026-08-28T01:53:23Z,2026-08-28T03:53:23+0200,565fb0ed-db72-48c6-a54e-0fdff3a4721b,2026-08-10T02:00:00Z,2026-08-10T04:00:00+0200,164.84,EUR/MWh,ES,ES,imbalance_price,Short,2026-08-28T02:01:39Z
2026-08-28T01:53:23Z,2026-08-28T03:53:23+0200,565fb0ed-db72-48c6-a54e-0fdff3a4721b,2026-08-10T02:15:00Z,2026-08-10T04:15:00+0200,155.11,EUR/MWh,ES,ES,imbalance_price,Long,2026-08-28T02:01:39Z
2026-08-28T01:53:23Z,2026-08-28T03:53:23+0200,565fb0ed-db72-48c6-a54e-0fdff3a4721b,2026-08-10T02:15:00Z,2026-08-10T04:15:00+0200,155.11,EUR/MWh,ES,ES,imbalance_price,Short,2026-08-28T02:01:39Z
2026-08-28T01:53:23Z,2026-08-28T03:53:23+0200,565fb0ed-db72-48c6-a54e-0fdff3a4721b,2026-08-10T02:30:00Z,2026-08-10T04:30:00+0200,53.58,EUR/MWh,ES,ES,imbalance_price,Long,2026-08-28T02:01:39Z
2026-08-28T01:53:23Z,2026-08-28T03:53:23+0200,565fb0ed-db72-48c6-a54e-0fdff3a4721b,2026-08-10T02:30:00Z,2026-08-10T04:30:00+0200,155.74,EUR/MWh,ES,ES,imbalance_price,Short,2026-08-28T02:01:39Z
2026-08-28T01:53:23Z,2026-08-28T03:53:23+0200,565fb0ed-db72-48c6-a54e-0fdff3a4721b,2026-08-10T02:45:00Z,2026-08-10T04:45:00+0200,94.26,EUR/MWh,ES,ES,imbalance_price,Long,2026-08-28T02:01:39Z
2026-08-28T01:53:23Z,2026-08-28T03:53:23+0200,565fb0ed-db72-48c6-a54e-0fdff3a4721b,2026-08-10T02:45:00Z,2026-08-10T04:45:00+0200,165.12,EUR/MWh,ES,ES,imbalance_price,Short,2026-08-28T02:01:39Z
2026-08-28T01:53:23Z,2026-08-28T03:53:23+0200,565fb0ed-db72-48c6-a54e-0fdff3a4721b,2026-08-10T03:00:00Z,2026-08-10T05:00:00+0200,0.0,EUR/MWh,ES,ES,imbalance_price,Long,2026-08-28T02:01:39Z
2026-08-28T01:53:23Z,2026-08-28T03:53:23+0200,565fb0ed-db72-48c6-a54e-0fdff3a4721b,2026-08-10T03:00:00Z,2026-08-10T05:00:00+0200,167.81,EUR/MWh,ES,ES,imbalance_price,Short,2026-08-28T02:01:39Z
2026-08-28T01:53:23Z,2026-08-28T03:53:23+0200,565fb0ed-db72-48c6-a54e-0fdff3a4721b,2026-08-10T03:15:00Z,2026-08-10T05:15:00+0200,47.38,EUR/MWh,ES,ES,imbalance_price,Long,2026-08-28T02:01:39Z
2026-08-28T01:53:23Z,2026-08-28T03:53:23+0200,565fb0ed-db72-48c6-a54e-0fdff3a4721b,2026-08-10T03:15:00Z,2026-08-10T05:15:00+0200,165.71,EUR/MWh,ES,ES,imbalance_price,Short,2026-08-28T02:01:39Z
2026-08-28T01:53:23Z,2026-08-28T03:53:23+0200,565fb0ed-db72-48c6-a54e-0fdff3a4721b,2026-08-10T03:30:00Z,2026-08-10T05:30:00+0200,90.37,EUR/MWh,ES,ES,imbalance_price,Long,2026-08-28T02:01:39Z
2026-08-28T01:53:23Z,2026-08-28T03:53:23+0200,565fb0ed-db72-48c6-a54e-0fdff3a4721b,2026-08-10T03:30:00Z,2026-08-10T05:30:00+0200,159.57,EUR/MWh,ES,ES,imbalance_price,Short,2026-08-28T02:01:39Z
2026-08-28T01:53:23Z,2026-08-28T03:53:23+0200,565fb0ed-db72-48c6-a54e-0fdff3a4721b,2026-08-10T03:45:00Z,2026-08-10T05:45:00+0200,116.03,EUR/MWh,ES,ES,imbalance_price,Long,2026-08-28T02:01:39Z
2026-08-28T01:53:23Z,2026-08-28T03:53:23+0200,565fb0ed-db72-48c6-a54e-0fdff3a4721b,2026-08-10T03:45:00Z,2026-08-10T05:45:00+0200,154.79,EUR/MWh,ES,ES,imbalance_price,Short,2026-08-28T02:01:39Z
2026-08-28T01:53:23Z,2026-08-28T03:53:23+0200,565fb0ed-db72-48c6-a54e-0fdff3a4721b,2026-08-10T04:00:00Z,2026-08-10T06:00:00+0200,112.19,EUR/MWh,ES,ES,imbalance_price,Long,2026-08-28T02:01:39Z
2026-08-28T01:53:23Z,2026-08-28T03:53:23+0200,565fb0ed-db72-48c6-a54e-0fdff3a4721b,2026-08-10T04:00:00Z,2026-08-10T06:00:00+0200,140.65,EUR/MWh,ES,ES,imbalance_price,Short,2026-08-28T02:01:39Z
2026-08-28T01:53:23Z,2026-08-28T03:53:23+0200,565fb0ed-db72-48c6-a54e-0fdff3a4721b,2026-08-10T04:15:00Z,2026-08-10T06:15:00+0200,106.89,EUR/MWh,ES,ES,imbalance_price,Long,2026-08-28T02:01:39Z
2026-08-28T01:53:23Z,2026-08-28T03:53:23+0200,565fb0ed-db72-48c6-a54e-0fdff3a4721b,2026-08-10T04:15:00Z,2026-08-10T06:15:00+0200,138.28,EUR/MWh,ES,ES,imbalance_price,Short,2026-08-28T02:01:39Z
2026-08-28T01:53:23Z,2026-08-28T03:53:23+0200,565fb0ed-db72-48c6-a54e-0fdff3a4721b,2026-08-10T04:30:00Z,2026-08-10T06:30:00+0200,102.79,EUR/MWh,ES,ES,imbalance_price,Long,2026-08-28T02:01:39Z
2026-08-28T01:53:23Z,2026-08-28T03:53:23+0200,565fb0ed-db72-48c6-a54e-0fdff3a4721b,2026-08-10T04:30:00Z,2026-08-10T06:30:00+0200,132.63,EUR/MWh,ES,ES,imbalance_price,Short,2026-08-28T02:01:39Z
2026-08-28T01:53:23Z,2026-08-28T03:53:23+0200,565fb0ed-db72-48c6-a54e-0fdff3a4721b,2026-08-10T04:45:00Z,2026-08-10T06:45:00+0200,147.69,EUR/MWh,ES,ES,imbalance_price,Long,2026-08-28T02:01:39Z
2026-08-28T01:53:23Z,2026-08-28T03:53:23+0200,565fb0ed-db72-48c6-a54e-0fdff3a4721b,2026-08-10T04:45:00Z,2026-08-10T06:45:00+0200,134.85,EUR/MWh,ES,ES,imbalance_price,Short,2026-08-28T02:01:39Z
2026-08-28T01:53:23Z,2026-08-28T03:53:23+0200,565fb0ed-db72-48c6-a54e-0fdff3a4721b,2026-08-10T05:00:00Z,2026-08-10T07:00:00+0200,158.17,EUR/MWh,ES,ES,imbalance_price,Long,2026-08-28T02:01:39Z
2026-08-28T01:53:23Z,2026-08-28T03:53:23+0200,565fb0ed-db72-48c6-a54e-0fdff3a4721b,2026-08-10T05:00:00Z,2026-08-10T07:00:00+0200,158.17,EUR/MWh,ES,ES,imbalance_price,Short,2026-08-28T02:01:39Z
2026-08-28T01:53:23Z,2026-08-28T03:53:23+0200,565fb0ed-db72-48c6-a54e-0fdff3a4721b,2026-08-10T05:15:00Z,2026-08-10T07:15:00+0200,117.24,EUR/MWh,ES,ES,imbalance_price,Long,2026-08-28T02:01:39Z
2026-08-28T01:53:23Z,2026-08-28T03:53:23+0200,565fb0ed-db72-48c6-a54e-0fdff3a4721b,2026-08-10T05:15:00Z,2026-08-10T07:15:00+0200,135.1,EUR/MWh,ES,ES,imbalance_price,Short,2026-08-28T02:01:39Z
2026-08-28T01:53:23Z,2026-08-28T03:53:23+0200,565fb0ed-db72-48c6-a54e-0fdff3a4721b,2026-08-10T05:30:00Z,2026-08-10T07:30:00+0200,110.91,EUR/MWh,ES,ES,imbalance_price,Long,2026-08-28T02:01:39Z
2026-08-28T01:53:23Z,2026-08-28T03:53:23+0200,565fb0ed-db72-48c6-a54e-0fdff3a4721b,2026-08-10T05:30:00Z,2026-08-10T07:30:00+0200,139.9,EUR/MWh,ES,ES,imbalance_price,Short,2026-08-28T02:01:39Z
2026-08-28T01:53:23Z,2026-08-28T03:53:23+0200,565fb0ed-db72-48c6-a54e-0fdff3a4721b,2026-08-10T05:45:00Z,2026-08-10T07:45:00+0200,100.0,EUR/MWh,ES,ES,imbalance_price,Long,2026-08-28T02:01:39Z
2026-08-28T01:53:23Z,2026-08-28T03:53:23+0200,565fb0ed-db72-48c6-a54e-0fdff3a4721b,2026-08-10T05:45:00Z,2026-08-10T07:45:00+0200,134.68,EUR/MWh,ES,ES,imbalance_price,Short,2026-08-28T02:01:39Z
2026-08-28T01:53:23Z,2026-08-28T03:53:23+0200,565fb0ed-db72-48c6-a54e-0fdff3a4721b,2026-08-10T06:00:00Z,2026-08-10T08:00:00+0200,127.6,EUR/MWh,ES,ES,imbalance_price,Long,2026-08-28T02:01:39Z
2026-08-28T01:53:23Z,2026-08-28T03:53:23+0200,565fb0ed-db72-48c6-a54e-0fdff3a4721b,2026-08-10T06:00:00Z,2026-08-10T08:00:00+0200,197.36,EUR/MWh,ES,ES,imbalance_price,Short,2026-08-28T02:01:39Z
2026-08-28T01:53:23Z,2026-08-28T03:53:23+0200,565fb0ed-db72-48c6-a54e-0fdff3a4721b,2026-08-10T06:15:00Z,2026-08-10T08:15:00+0200,112.05,EUR/MWh,ES,ES,imbalance_price,Long,2026-08-28T02:01:39Z
2026-08-28T01:53:23Z,2026-08-28T03:53:23+0200,565fb0ed-db72-48c6-a54e-0fdff3a4721b,2026-08-10T06:15:00Z,2026-08-10T08:15:00+0200,197.01,EUR/MWh,ES,ES,imbalance_price,Short,2026-08-28T02:01:39Z
2026-08-28T01:53:23Z,2026-08-28T03:53:23+0200,565fb0ed-db72-48c6-a54e-0fdff3a4721b,2026-08-10T06:30:00Z,2026-08-10T08:30:00+0200,121.79,EUR/MWh,ES,ES,imbalance_price,Long,2026-08-28T02:01:39Z
2026-08-28T01:53:23Z,2026-08-28T03:53:23+0200,565fb0ed-db72-48c6-a54e-0fdff3a4721b,2026-08-10T06:30:00Z,2026-08-10T08:30:00+0200,192.06,EUR/MWh,ES,ES,imbalance_price,Short,2026-08-28T02:01:39Z
2026-08-28T01:53:23Z,2026-08-28T03:53:23+0200,565fb0ed-db72-48c6-a54e-0fdff3a4721b,2026-08-10T06:45:00Z,2026-08-10T08:45:00+0200,116.88,EUR/MWh,ES,ES,imbalance_price,Long,2026-08-28T02:01:39Z
2026-08-28T01:53:23Z,2026-08-28T03:53:23+0200,565fb0ed-db72-48c6-a54e-0fdff3a4721b,2026-08-10T06:45:00Z,2026-08-10T08:45:00+0200,149.45,EUR/MWh,ES,ES,imbalance_price,Short,2026-08-28T02:01:39Z
2026-08-28T01:53:23Z,2026-08-28T03:53:23+0200,565fb0ed-db72-48c6-a54e-0fdff3a4721b,2026-08-10T07:00:00Z,2026-08-10T09:00:00+0200,100.38,EUR/MWh,ES,ES,imbalance_price,Long,2026-08-28T02:01:39Z
2026-08-28T01:53:23Z,2026-08-28T03:53:23+0200,565fb0ed-db72-48c6-a54e-0fdff3a4721b,2026-08-10T07:00:00Z,2026-08-10T09:00:00+0200,136.02,EUR/MWh,ES,ES,imbalance_price,Short,2026-08-28T02:01:39Z
2026-08-28T01:53:23Z,2026-08-28T03:53:23+0200,565fb0ed-db72-48c6-a54e-0fdff3a4721b,2026-08-10T07:15:00Z,2026-08-10T09:15:00+0200,94.99,EUR/MWh,ES,ES,imbalance_price,Long,2026-08-28T02:01:39Z
2026-08-28T01:53:23Z,2026-08-28T03:53:23+0200,565fb0ed-db72-48c6-a54e-0fdff3a4721b,2026-08-10T07:15:00Z,2026-08-10T09:15:00+0200,167.58,EUR/MWh,ES,ES,imbalance_price,Short,2026-08-28T02:01:39Z
2026-08-28T01:53:23Z,2026-08-28T03:53:23+0200,565fb0ed-db72-48c6-a54e-0fdff3a4721b,2026-08-10T07:30:00Z,2026-08-10T09:30:00+0200,60.92,EUR/MWh,ES,ES,imbalance_price,Long,2026-08-28T02:01:39Z
2026-08-28T01:53:23Z,2026-08-28T03:53:23+0200,565fb0ed-db72-48c6-a54e-0fdff3a4721b,2026-08-10T07:30:00Z,2026-08-10T09:30:00+0200,172.0,EUR/MWh,ES,ES,imbalance_price,Short,2026-08-28T02:01:39Z
2026-08-28T01:53:23Z,2026-08-28T03:53:23+0200,565fb0ed-db72-48c6-a54e-0fdff3a4721b,2026-08-10T07:45:00Z,2026-08-10T09:45:00+0200,0.01,EUR/MWh,ES,ES,imbalance_price,Long,2026-08-28T02:01:39Z
2026-08-28T01:53:23Z,2026-08-28T03:53:23+0200,565fb0ed-db72-48c6-a54e-0fdff3a4721b,2026-08-10T07:45:00Z,2026-08-10T09:45:00+0200,152.86,EUR/MWh,ES,ES,imbalance_price,Short,2026-08-28T02:01:39Z
2026-08-28T01:53:23Z,2026-08-28T03:53:23+0200,565fb0ed-db72-48c6-a54e-0fdff3a4721b,2026-08-10T08:00:00Z,2026-08-10T10:00:00+0200,11.66,EUR/MWh,ES,ES,imbalance_price,Long,2026-08-28T02:01:39Z
2026-08-28T01:53:23Z,2026-08-28T03:53:23+0200,565fb0ed-db72-48c6-a54e-0fdff3a4721b,2026-08-10T08:00:00Z,2026-08-10T10:00:00+0200,134.01,EUR/MWh,ES,ES,imbalance_price,Short,2026-08-28T02:01:39Z
2026-08-28T01:53:23Z,2026-08-28T03:53:23+0200,565fb0ed-db72-48c6-a54e-0fdff3a4721b,2026-08-10T08:15:00Z,2026-08-10T10:15:00+0200,17.78,EUR/MWh,ES,ES,imbalance_price,Long,2026-08-28T02:01:39Z
2026-08-28T01:53:23Z,2026-08-28T03:53:23+0200,565fb0ed-db72-48c6-a54e-0fdff3a4721b,2026-08-10T08:15:00Z,2026-08-10T10:15:00+0200,123.33,EUR/MWh,ES,ES,imbalance_price,Short,2026-08-28T02:01:39Z
2026-08-28T01:53:23Z,2026-08-28T03:53:23+0200,565fb0ed-db72-48c6-a54e-0fdff3a4721b,2026-08-10T08:30:00Z,2026-08-10T10:30:00+0200,8.97,EUR/MWh,ES,ES,imbalance_price,Long,2026-08-28T02:01:39Z
2026-08-28T01:53:23Z,2026-08-28T03:53:23+0200,565fb0ed-db72-48c6-a54e-0fdff3a4721b,2026-08-10T08:30:00Z,2026-08-10T10:30:00+0200,118.86,EUR/MWh,ES,ES,imbalance_price,Short,2026-08-28T02:01:39Z
2026-08-28T01:53:23Z,2026-08-28T03:53:23+0200,565fb0ed-db72-48c6-a54e-0fdff3a4721b,2026-08-10T08:45:00Z,2026-08-10T10:45:00+0200,0.19,EUR/MWh,ES,ES,imbalance_price,Long,2026-08-28T02:01:39Z
2026-08-28T01:53:23Z,2026-08-28T03:53:23+0200,565fb0ed-db72-48c6-a54e-0fdff3a4721b,2026-08-10T08:45:00Z,2026-08-10T10:45:00+0200,10.8,EUR/MWh,ES,ES,imbalance_price,Short,2026-08-28T02:01:39Z
2026-08-28T01:53:23Z,2026-08-28T03:53:23+0200,565fb0ed-db72-48c6-a54e-0fdff3a4721b,2026-08-10T09:00:00Z,2026-08-10T11:00:00+0200,-0.29,EUR/MWh,ES,ES,imbalance_price,Long,2026-08-28T02:01:39Z
2026-08-28T01:53:23Z,2026-08-28T03:53:23+0200,565fb0ed-db72-48c6-a54e-0fdff3a4721b,2026-08-10T09:00:00Z,2026-08-10T11:00:00+0200,60.51,EUR/MWh,ES,ES,imbalance_price,Short,2026-08-28T02:01:39Z
2026-08-28T01:53:23Z,2026-08-28T03:53:23+0200,565fb0ed-db72-48c6-a54e-0fdff3a4721b,2026-08-10T09:15:00Z,2026-08-10T11:15:00+0200,-0.33,EUR/MWh,ES,ES,imbalance_price,Long,2026-08-28T02:01:39Z
2026-08-28T01:53:23Z,2026-08-28T03:53:23+0200,565fb0ed-db72-48c6-a54e-0fdff3a4721b,2026-08-10T09:15:00Z,2026-08-10T11:15:00+0200,13.75,EUR/MWh,ES,ES,imbalance_price,Short,2026-08-28T02:01:39Z
2026-08-28T01:53:23Z,2026-08-28T03:53:23+0200,565fb0ed-db72-48c6-a54e-0fdff3a4721b,2026-08-10T09:30:00Z,2026-08-10T11:30:00+0200,-1.29,EUR/MWh,ES,ES,imbalance_price,Long,2026-08-28T02:01:39Z
2026-08-28T01:53:23Z,2026-08-28T03:53:23+0200,565fb0ed-db72-48c6-a54e-0fdff3a4721b,2026-08-10T09:30:00Z,2026-08-10T11:30:00+0200,-1.29,EUR/MWh,ES,ES,imbalance_price,Short,2026-08-28T02:01:39Z
2026-08-28T01:53:23Z,2026-08-28T03:53:23+0200,565fb0ed-db72-48c6-a54e-0fdff3a4721b,2026-08-10T09:45:00Z,2026-08-10T11:45:00+0200,-1.0,EUR/MWh,ES,ES,imbalance_price,Long,2026-08-28T02:01:39Z
2026-08-28T01:53:23Z,2026-08-28T03:53:23+0200,565fb0ed-db72-48c6-a54e-0fdff3a4721b,2026-08-10T09:45:00Z,2026-08-10T11:45:00+0200,3.36,EUR/MWh,ES,ES,imbalance_price,Short,2026-08-28T02:01:39Z
2026-08-28T01:53:23Z,2026-08-28T03:53:23+0200,565fb0ed-db72-48c6-a54e-0fdff3a4721b,2026-08-10T10:00:00Z,2026-08-10T12:00:00+0200,-4.15,EUR/MWh,ES,ES,imbalance_price,Long,2026-08-28T02:01:39Z
2026-08-28T01:53:23Z,2026-08-28T03:53:23+0200,565fb0ed-db72-48c6-a54e-0fdff3a4721b,2026-08-10T10:00:00Z,2026-08-10T12:00:00+0200,11.73,EUR/MWh,ES,ES,imbalance_price,Short,2026-08-28T02:01:39Z
2026-08-28T01:53:23Z,2026-08-28T03:53:23+0200,565fb0ed-db72-48c6-a54e-0fdff3a4721b,2026-08-10T10:15:00Z,2026-08-10T12:15:00+0200,-4.46,EUR/MWh,ES,ES,imbalance_price,Long,2026-08-28T02:01:39Z
2026-08-28T01:53:23Z,2026-08-28T03:53:23+0200,565fb0ed-db72-48c6-a54e-0fdff3a4721b,2026-08-10T10:15:00Z,2026-08-10T12:15:00+0200,-4.46,EUR/MWh,ES,ES,imbalance_price,Short,2026-08-28T02:01:39Z
2026-08-28T01:53:23Z,2026-08-28T03:53:23+0200,565fb0ed-db72-48c6-a54e-0fdff3a4721b,2026-08-10T10:30:00Z,2026-08-10T12:30:00+0200,-2.06,EUR/MWh,ES,ES,imbalance_price,Long,2026-08-28T02:01:39Z
2026-08-28T01:53:23Z,2026-08-28T03:53:23+0200,565fb0ed-db72-48c6-a54e-0fdff3a4721b,2026-08-10T10:30:00Z,2026-08-10T12:30:00+0200,-2.06,EUR/MWh,ES,ES,imbalance_price,Short,2026-08-28T02:01:39Z
2026-08-28T01:53:23Z,2026-08-28T03:53:23+0200,565fb0ed-db72-48c6-a54e-0fdff3a4721b,2026-08-10T10:45:00Z,2026-08-10T12:45:00+0200,-4.46,EUR/MWh,ES,ES,imbalance_price,Long,2026-08-28T02:01:39Z
2026-08-28T01:53:23Z,2026-08-28T03:53:23+0200,565fb0ed-db72-48c6-a54e-0fdff3a4721b,2026-08-10T10:45:00Z,2026-08-10T12:45:00+0200,-4.46,EUR/MWh,ES,ES,imbalance_price,Short,2026-08-28T02:01:39Z
2026-08-28T01:53:23Z,2026-08-28T03:53:23+0200,565fb0ed-db72-48c6-a54e-0fdff3a4721b,2026-08-10T11:00:00Z,2026-08-10T13:00:00+0200,-9.0,EUR/MWh,ES,ES,imbalance_price,Long,2026-08-28T02:01:39Z
2026-08-28T01:53:23Z,2026-08-28T03:53:23+0200,565fb0ed-db72-48c6-a54e-0fdff3a4721b,2026-08-10T11:00:00Z,2026-08-10T13:00:00+0200,-9.0,EUR/MWh,ES,ES,imbalance_price,Short,2026-08-28T02:01:39Z
2026-08-28T01:53:23Z,2026-08-28T03:53:23+0200,565fb0ed-db72-48c6-a54e-0fdff3a4721b,2026-08-10T11:15:00Z,2026-08-10T13:15:00+0200,-4.06,EUR/MWh,ES,ES,imbalance_price,Long,2026-08-28T02:01:39Z
2026-08-28T01:53:23Z,2026-08-28T03:53:23+0200,565fb0ed-db72-48c6-a54e-0fdff3a4721b,2026-08-10T11:15:00Z,2026-08-10T13:15:00+0200,-4.06,EUR/MWh,ES,ES,imbalance_price,Short,2026-08-28T02:01:39Z
2026-08-28T01:53:23Z,2026-08-28T03:53:23+0200,565fb0ed-db72-48c6-a54e-0fdff3a4721b,2026-08-10T11:30:00Z,2026-08-10T13:30:00+0200,-1.88,EUR/MWh,ES,ES,imbalance_price,Long,2026-08-28T02:01:39Z
2026-08-28T01:53:23Z,2026-08-28T03:53:23+0200,565fb0ed-db72-48c6-a54e-0fdff3a4721b,2026-08-10T11:30:00Z,2026-08-10T13:30:00+0200,25.53,EUR/MWh,ES,ES,imbalance_price,Short,2026-08-28T02:01:39Z
2026-08-28T01:53:23Z,2026-08-28T03:53:23+0200,565fb0ed-db72-48c6-a54e-0fdff3a4721b,2026-08-10T11:45:00Z,2026-08-10T13:45:00+0200,-0.3,EUR/MWh,ES,ES,imbalance_price,Long,2026-08-28T02:01:39Z
2026-08-28T01:53:23Z,2026-08-28T03:53:23+0200,565fb0ed-db72-48c6-a54e-0fdff3a4721b,2026-08-10T11:45:00Z,2026-08-10T13:45:00+0200,-0.3,EUR/MWh,ES,ES,imbalance_price,Short,2026-08-28T02:01:39Z
2026-08-28T01:53:23Z,2026-08-28T03:53:23+0200,565fb0ed-db72-48c6-a54e-0fdff3a4721b,2026-08-10T12:00:00Z,2026-08-10T14:00:00+0200,0.01,EUR/MWh,ES,ES,imbalance_price,Long,2026-08-28T02:01:39Z
2026-08-28T01:53:23Z,2026-08-28T03:53:23+0200,565fb0ed-db72-48c6-a54e-0fdff3a4721b,2026-08-10T12:00:00Z,2026-08-10T14:00:00+0200,36.08,EUR/MWh,ES,ES,imbalance_price,Short,2026-08-28T02:01:39Z
2026-08-28T01:53:23Z,2026-08-28T03:53:23+0200,565fb0ed-db72-48c6-a54e-0fdff3a4721b,2026-08-10T12:15:00Z,2026-08-10T14:15:00+0200,0.07,EUR/MWh,ES,ES,imbalance_price,Long,2026-08-28T02:01:39Z
2026-08-28T01:53:23Z,2026-08-28T03:53:23+0200,565fb0ed-db72-48c6-a54e-0fdff3a4721b,2026-08-10T12:15:00Z,2026-08-10T14:15:00+0200,55.92,EUR/MWh,ES,ES,imbalance_price,Short,2026-08-28T02:01:39Z
2026-08-28T01:53:23Z,2026-08-28T03:53:23+0200,565fb0ed-db72-48c6-a54e-0fdff3a4721b,2026-08-10T12:30:00Z,2026-08-10T14:30:00+0200,0.71,EUR/MWh,ES,ES,imbalance_price,Long,2026-08-28T02:01:39Z
2026-08-28T01:53:23Z,2026-08-28T03:53:23+0200,565fb0ed-db72-48c6-a54e-0fdff3a4721b,2026-08-10T12:30:00Z,2026-08-10T14:30:00+0200,41.1,EUR/MWh,ES,ES,imbalance_price,Short,2026-08-28T02:01:39Z
2026-08-28T01:53:23Z,2026-08-28T03:53:23+0200,565fb0ed-db72-48c6-a54e-0fdff3a4721b,2026-08-10T12:45:00Z,2026-08-10T14:45:00+0200,-0.01,EUR/MWh,ES,ES,imbalance_price,Long,2026-08-28T02:01:39Z
2026-08-28T01:53:23Z,2026-08-28T03:53:23+0200,565fb0ed-db72-48c6-a54e-0fdff3a4721b,2026-08-10T12:45:00Z,2026-08-10T14:45:00+0200,88.11,EUR/MWh,ES,ES,imbalance_price,Short,2026-08-28T02:01:39Z
2026-08-28T01:53:23Z,2026-08-28T03:53:23+0200,565fb0ed-db72-48c6-a54e-0fdff3a4721b,2026-08-10T13:00:00Z,2026-08-10T15:00:00+0200,-0.01,EUR/MWh,ES,ES,imbalance_price,Long,2026-08-28T02:01:39Z
2026-08-28T01:53:23Z,2026-08-28T03:53:23+0200,565fb0ed-db72-48c6-a54e-0fdff3a4721b,2026-08-10T13:00:00Z,2026-08-10T15:00:00+0200,144.49,EUR/MWh,ES,ES,imbalance_price,Short,2026-08-28T02:01:39Z
2026-08-28T01:53:23Z,2026-08-28T03:53:23+0200,565fb0ed-db72-48c6-a54e-0fdff3a4721b,2026-08-10T13:15:00Z,2026-08-10T15:15:00+0200,-0.01,EUR/MWh,ES,ES,imbalance_price,Long,2026-08-28T02:01:39Z
2026-08-28T01:53:23Z,2026-08-28T03:53:23+0200,565fb0ed-db72-48c6-a54e-0fdff3a4721b,2026-08-10T13:15:00Z,2026-08-10T15:15:00+0200,195.35,EUR/MWh,ES,ES,imbalance_price,Short,2026-08-28T02:01:39Z
2026-08-28T01:53:23Z,2026-08-28T03:53:23+0200,565fb0ed-db72-48c6-a54e-0fdff3a4721b,2026-08-10T13:30:00Z,2026-08-10T15:30:00+0200,20.56,EUR/MWh,ES,ES,imbalance_price,Long,2026-08-28T02:01:39Z
2026-08-28T01:53:23Z,2026-08-28T03:53:23+0200,565fb0ed-db72-48c6-a54e-0fdff3a4721b,2026-08-10T13:30:00Z,2026-08-10T15:30:00+0200,170.33,EUR/MWh,ES,ES,imbalance_price,Short,2026-08-28T02:01:39Z
2026-08-28T01:53:23Z,2026-08-28T03:53:23+0200,565fb0ed-db72-48c6-a54e-0fdff3a4721b,2026-08-10T13:45:00Z,2026-08-10T15:45:00+0200,206.36,EUR/MWh,ES,ES,imbalance_price,Long,2026-08-28T02:01:39Z
2026-08-28T01:53:23Z,2026-08-28T03:53:23+0200,565fb0ed-db72-48c6-a54e-0fdff3a4721b,2026-08-10T13:45:00Z,2026-08-10T15:45:00+0200,206.36,EUR/MWh,ES,ES,imbalance_price,Short,2026-08-28T02:01:39Z
2026-08-28T01:53:23Z,2026-08-28T03:53:23+0200,565fb0ed-db72-48c6-a54e-0fdff3a4721b,2026-08-10T14:00:00Z,2026-08-10T16:00:00+0200,118.96,EUR/MWh,ES,ES,imbalance_price,Long,2026-08-28T02:01:39Z
2026-08-28T01:53:23Z,2026-08-28T03:53:23+0200,565fb0ed-db72-48c6-a54e-0fdff3a4721b,2026-08-10T14:00:00Z,2026-08-10T16:00:00+0200,118.96,EUR/MWh,ES,ES,imbalance_price,Short,2026-08-28T02:01:39Z
2026-08-28T01:53:23Z,2026-08-28T03:53:23+0200,565fb0ed-db72-48c6-a54e-0fdff3a4721b,2026-08-10T14:15:00Z,2026-08-10T16:15:00+0200,107.56,EUR/MWh,ES,ES,imbalance_price,Long,2026-08-28T02:01:39Z
2026-08-28T01:53:23Z,2026-08-28T03:53:23+0200,565fb0ed-db72-48c6-a54e-0fdff3a4721b,2026-08-10T14:15:00Z,2026-08-10T16:15:00+0200,107.56,EUR/MWh,ES,ES,imbalance_price,Short,2026-08-28T02:01:39Z
2026-08-28T01:53:23Z,2026-08-28T03:53:23+0200,565fb0ed-db72-48c6-a54e-0fdff3a4721b,2026-08-10T14:30:00Z,2026-08-10T16:30:00+0200,129.5,EUR/MWh,ES,ES,imbalance_price,Long,2026-08-28T02:01:39Z
2026-08-28T01:53:23Z,2026-08-28T03:53:23+0200,565fb0ed-db72-48c6-a54e-0fdff3a4721b,2026-08-10T14:30:00Z,2026-08-10T16:30:00+0200,129.5,EUR/MWh,ES,ES,imbalance_price,Short,2026-08-28T02:01:39Z
2026-08-28T01:53:23Z,2026-08-28T03:53:23+0200,565fb0ed-db72-48c6-a54e-0fdff3a4721b,2026-08-10T14:45:00Z,2026-08-10T16:45:00+0200,153.1,EUR/MWh,ES,ES,imbalance_price,Long,2026-08-28T02:01:39Z
2026-08-28T01:53:23Z,2026-08-28T03:53:23+0200,565fb0ed-db72-48c6-a54e-0fdff3a4721b,2026-08-10T14:45:00Z,2026-08-10T16:45:00+0200,153.1,EUR/MWh,ES,ES,imbalance_price,Short,2026-08-28T02:01:39Z
2026-08-28T01:53:23Z,2026-08-28T03:53:23+0200,565fb0ed-db72-48c6-a54e-0fdff3a4721b,2026-08-10T15:00:00Z,2026-08-10T17:00:00+0200,131.64,EUR/MWh,ES,ES,imbalance_price,Long,2026-08-28T02:01:39Z
2026-08-28T01:53:23Z,2026-08-28T03:53:23+0200,565fb0ed-db72-48c6-a54e-0fdff3a4721b,2026-08-10T15:00:00Z,2026-08-10T17:00:00+0200,131.64,EUR/MWh,ES,ES,imbalance_price,Short,2026-08-28T02:01:39Z
2026-08-28T01:53:23Z,2026-08-28T03:53:23+0200,565fb0ed-db72-48c6-a54e-0fdff3a4721b,2026-08-10T15:15:00Z,2026-08-10T17:15:00+0200,147.62,EUR/MWh,ES,ES,imbalance_price,Long,2026-08-28T02:01:39Z
2026-08-28T01:53:23Z,2026-08-28T03:53:23+0200,565fb0ed-db72-48c6-a54e-0fdff3a4721b,2026-08-10T15:15:00Z,2026-08-10T17:15:00+0200,147.62,EUR/MWh,ES,ES,imbalance_price,Short,2026-08-28T02:01:39Z
2026-08-28T01:53:23Z,2026-08-28T03:53:23+0200,565fb0ed-db72-48c6-a54e-0fdff3a4721b,2026-08-10T15:30:00Z,2026-08-10T17:30:00+0200,15.77,EUR/MWh,ES,ES,imbalance_price,Long,2026-08-28T02:01:39Z
2026-08-28T01:53:23Z,2026-08-28T03:53:23+0200,565fb0ed-db72-48c6-a54e-0fdff3a4721b,2026-08-10T15:30:00Z,2026-08-10T17:30:00+0200,147.83,EUR/MWh,ES,ES,imbalance_price,Short,2026-08-28T02:01:39Z
2026-08-28T01:53:23Z,2026-08-28T03:53:23+0200,565fb0ed-db72-48c6-a54e-0fdff3a4721b,2026-08-10T15:45:00Z,2026-08-10T17:45:00+0200,141.54,EUR/MWh,ES,ES,imbalance_price,Long,2026-08-28T02:01:39Z
2026-08-28T01:53:23Z,2026-08-28T03:53:23+0200,565fb0ed-db72-48c6-a54e-0fdff3a4721b,2026-08-10T15:45:00Z,2026-08-10T17:45:00+0200,141.54,EUR/MWh,ES,ES,imbalance_price,Short,2026-08-28T02:01:39Z
2026-08-28T01:53:23Z,2026-08-28T03:53:23+0200,565fb0ed-db72-48c6-a54e-0fdff3a4721b,2026-08-10T16:00:00Z,2026-08-10T18:00:00+0200,134.67,EUR/MWh,ES,ES,imbalance_price,Long,2026-08-28T02:01:39Z
2026-08-28T01:53:23Z,2026-08-28T03:53:23+0200,565fb0ed-db72-48c6-a54e-0fdff3a4721b,2026-08-10T16:00:00Z,2026-08-10T18:00:00+0200,134.67,EUR/MWh,ES,ES,imbalance_price,Short,2026-08-28T02:01:39Z
2026-08-28T01:53:23Z,2026-08-28T03:53:23+0200,565fb0ed-db72-48c6-a54e-0fdff3a4721b,2026-08-10T16:15:00Z,2026-08-10T18:15:00+0200,177.14,EUR/MWh,ES,ES,imbalance_price,Long,2026-08-28T02:01:39Z
2026-08-28T01:53:23Z,2026-08-28T03:53:23+0200,565fb0ed-db72-48c6-a54e-0fdff3a4721b,2026-08-10T16:15:00Z,2026-08-10T18:15:00+0200,177.14,EUR/MWh,ES,ES,imbalance_price,Short,2026-08-28T02:01:39Z
2026-08-28T01:53:23Z,2026-08-28T03:53:23+0200,565fb0ed-db72-48c6-a54e-0fdff3a4721b,2026-08-10T16:30:00Z,2026-08-10T18:30:00+0200,180.88,EUR/MWh,ES,ES,imbalance_price,Long,2026-08-28T02:01:39Z
2026-08-28T01:53:23Z,2026-08-28T03:53:23+0200,565fb0ed-db72-48c6-a54e-0fdff3a4721b,2026-08-10T16:30:00Z,2026-08-10T18:30:00+0200,180.88,EUR/MWh,ES,ES,imbalance_price,Short,2026-08-28T02:01:39Z
2026-08-28T01:53:23Z,2026-08-28T03:53:23+0200,565fb0ed-db72-48c6-a54e-0fdff3a4721b,2026-08-10T16:45:00Z,2026-08-10T18:45:00+0200,-10.42,EUR/MWh,ES,ES,imbalance_price,Long,2026-08-28T02:01:39Z
2026-08-28T01:53:23Z,2026-08-28T03:53:23+0200,565fb0ed-db72-48c6-a54e-0fdff3a4721b,2026-08-10T16:45:00Z,2026-08-10T18:45:00+0200,203.5,EUR/MWh,ES,ES,imbalance_price,Short,2026-08-28T02:01:39Z
2026-08-28T01:53:23Z,2026-08-28T03:53:23+0200,565fb0ed-db72-48c6-a54e-0fdff3a4721b,2026-08-10T17:00:00Z,2026-08-10T19:00:00+0200,-1.45,EUR/MWh,ES,ES,imbalance_price,Long,2026-08-28T02:01:39Z
2026-08-28T01:53:23Z,2026-08-28T03:53:23+0200,565fb0ed-db72-48c6-a54e-0fdff3a4721b,2026-08-10T17:00:00Z,2026-08-10T19:00:00+0200,119.25,EUR/MWh,ES,ES,imbalance_price,Short,2026-08-28T02:01:39Z
2026-08-28T01:53:23Z,2026-08-28T03:53:23+0200,565fb0ed-db72-48c6-a54e-0fdff3a4721b,2026-08-10T17:15:00Z,2026-08-10T19:15:00+0200,-10.17,EUR/MWh,ES,ES,imbalance_price,Long,2026-08-28T02:01:39Z
2026-08-28T01:53:23Z,2026-08-28T03:53:23+0200,565fb0ed-db72-48c6-a54e-0fdff3a4721b,2026-08-10T17:15:00Z,2026-08-10T19:15:00+0200,127.75,EUR/MWh,ES,ES,imbalance_price,Short,2026-08-28T02:01:39Z
2026-08-28T01:53:23Z,2026-08-28T03:53:23+0200,565fb0ed-db72-48c6-a54e-0fdff3a4721b,2026-08-10T17:30:00Z,2026-08-10T19:30:00+0200,-0.55,EUR/MWh,ES,ES,imbalance_price,Long,2026-08-28T02:01:39Z
2026-08-28T01:53:23Z,2026-08-28T03:53:23+0200,565fb0ed-db72-48c6-a54e-0fdff3a4721b,2026-08-10T17:30:00Z,2026-08-10T19:30:00+0200,129.6,EUR/MWh,ES,ES,imbalance_price,Short,2026-08-28T02:01:39Z
2026-08-28T01:53:23Z,2026-08-28T03:53:23+0200,565fb0ed-db72-48c6-a54e-0fdff3a4721b,2026-08-10T17:45:00Z,2026-08-10T19:45:00+0200,20.13,EUR/MWh,ES,ES,imbalance_price,Long,2026-08-28T02:01:39Z
2026-08-28T01:53:23Z,2026-08-28T03:53:23+0200,565fb0ed-db72-48c6-a54e-0fdff3a4721b,2026-08-10T17:45:00Z,2026-08-10T19:45:00+0200,20.13,EUR/MWh,ES,ES,imbalance_price,Short,2026-08-28T02:01:39Z
2026-08-28T01:53:23Z,2026-08-28T03:53:23+0200,565fb0ed-db72-48c6-a54e-0fdff3a4721b,2026-08-10T18:00:00Z,2026-08-10T20:00:00+0200,95.0,EUR/MWh,ES,ES,imbalance_price,Long,2026-08-28T02:01:39Z
2026-08-28T01:53:23Z,2026-08-28T03:53:23+0200,565fb0ed-db72-48c6-a54e-0fdff3a4721b,2026-08-10T18:00:00Z,2026-08-10T20:00:00+0200,95.0,EUR/MWh,ES,ES,imbalance_price,Short,2026-08-28T02:01:39Z
2026-08-28T01:53:23Z,2026-08-28T03:53:23+0200,565fb0ed-db72-48c6-a54e-0fdff3a4721b,2026-08-10T18:15:00Z,2026-08-10T20:15:00+0200,88.31,EUR/MWh,ES,ES,imbalance_price,Long,2026-08-28T02:01:39Z
2026-08-28T01:53:23Z,2026-08-28T03:53:23+0200,565fb0ed-db72-48c6-a54e-0fdff3a4721b,2026-08-10T18:15:00Z,2026-08-10T20:15:00+0200,88.31,EUR/MWh,ES,ES,imbalance_price,Short,2026-08-28T02:01:39Z
2026-08-28T01:53:23Z,2026-08-28T03:53:23+0200,565fb0ed-db72-48c6-a54e-0fdff3a4721b,2026-08-10T18:30:00Z,2026-08-10T20:30:00+0200,96.92,EUR/MWh,ES,ES,imbalance_price,Long,2026-08-28T02:01:39Z
2026-08-28T01:53:23Z,2026-08-28T03:53:23+0200,565fb0ed-db72-48c6-a54e-0fdff3a4721b,2026-08-10T18:30:00Z,2026-08-10T20:30:00+0200,162.71,EUR/MWh,ES,ES,imbalance_price,Short,2026-08-28T02:01:39Z
2026-08-28T01:53:23Z,2026-08-28T03:53:23+0200,565fb0ed-db72-48c6-a54e-0fdff3a4721b,2026-08-10T18:45:00Z,2026-08-10T20:45:00+0200,96.62,EUR/MWh,ES,ES,imbalance_price,Long,2026-08-28T02:01:39Z
2026-08-28T01:53:23Z,2026-08-28T03:53:23+0200,565fb0ed-db72-48c6-a54e-0fdff3a4721b,2026-08-10T18:45:00Z,2026-08-10T20:45:00+0200,154.96,EUR/MWh,ES,ES,imbalance_price,Short,2026-08-28T02:01:39Z
2026-08-28T01:53:23Z,2026-08-28T03:53:23+0200,565fb0ed-db72-48c6-a54e-0fdff3a4721b,2026-08-10T19:00:00Z,2026-08-10T21:00:00+0200,118.69,EUR/MWh,ES,ES,imbalance_price,Long,2026-08-28T02:01:39Z
2026-08-28T01:53:23Z,2026-08-28T03:53:23+0200,565fb0ed-db72-48c6-a54e-0fdff3a4721b,2026-08-10T19:00:00Z,2026-08-10T21:00:00+0200,160.95,EUR/MWh,ES,ES,imbalance_price,Short,2026-08-28T02:01:39Z
2026-08-28T01:53:23Z,2026-08-28T03:53:23+0200,565fb0ed-db72-48c6-a54e-0fdff3a4721b,2026-08-10T19:15:00Z,2026-08-10T21:15:00+0200,97.39,EUR/MWh,ES,ES,imbalance_price,Long,2026-08-28T02:01:39Z
2026-08-28T01:53:23Z,2026-08-28T03:53:23+0200,565fb0ed-db72-48c6-a54e-0fdff3a4721b,2026-08-10T19:15:00Z,2026-08-10T21:15:00+0200,156.37,EUR/MWh,ES,ES,imbalance_price,Short,2026-08-28T02:01:39Z
2026-08-28T01:53:23Z,2026-08-28T03:53:23+0200,565fb0ed-db72-48c6-a54e-0fdff3a4721b,2026-08-10T19:30:00Z,2026-08-10T21:30:00+0200,88.04,EUR/MWh,ES,ES,imbalance_price,Long,2026-08-28T02:01:39Z
2026-08-28T01:53:23Z,2026-08-28T03:53:23+0200,565fb0ed-db72-48c6-a54e-0fdff3a4721b,2026-08-10T19:30:00Z,2026-08-10T21:30:00+0200,193.31,EUR/MWh,ES,ES,imbalance_price,Short,2026-08-28T02:01:39Z
2026-08-28T01:53:23Z,2026-08-28T03:53:23+0200,565fb0ed-db72-48c6-a54e-0fdff3a4721b,2026-08-10T19:45:00Z,2026-08-10T21:45:00+0200,136.17,EUR/MWh,ES,ES,imbalance_price,Long,2026-08-28T02:01:39Z
2026-08-28T01:53:23Z,2026-08-28T03:53:23+0200,565fb0ed-db72-48c6-a54e-0fdff3a4721b,2026-08-10T19:45:00Z,2026-08-10T21:45:00+0200,136.17,EUR/MWh,ES,ES,imbalance_price,Short,2026-08-28T02:01:39Z
2026-08-28T01:53:23Z,2026-08-28T03:53:23+0200,565fb0ed-db72-48c6-a54e-0fdff3a4721b,2026-08-10T20:00:00Z,2026-08-10T22:00:00+0200,122.67,EUR/MWh,ES,ES,imbalance_price,Long,2026-08-28T02:01:39Z
2026-08-28T01:53:23Z,2026-08-28T03:53:23+0200,565fb0ed-db72-48c6-a54e-0fdff3a4721b,2026-08-10T20:00:00Z,2026-08-10T22:00:00+0200,135.73,EUR/MWh,ES,ES,imbalance_price,Short,2026-08-28T02:01:39Z
2026-08-28T01:53:23Z,2026-08-28T03:53:23+0200,565fb0ed-db72-48c6-a54e-0fdff3a4721b,2026-08-10T20:15:00Z,2026-08-10T22:15:00+0200,139.99,EUR/MWh,ES,ES,imbalance_price,Long,2026-08-28T02:01:39Z
2026-08-28T01:53:23Z,2026-08-28T03:53:23+0200,565fb0ed-db72-48c6-a54e-0fdff3a4721b,2026-08-10T20:15:00Z,2026-08-10T22:15:00+0200,139.99,EUR/MWh,ES,ES,imbalance_price,Short,2026-08-28T02:01:39Z
2026-08-28T01:53:23Z,2026-08-28T03:53:23+0200,565fb0ed-db72-48c6-a54e-0fdff3a4721b,2026-08-10T20:30:00Z,2026-08-10T22:30:00+0200,168.11,EUR/MWh,ES,ES,imbalance_price,Long,2026-08-28T02:01:39Z
2026-08-28T01:53:23Z,2026-08-28T03:53:23+0200,565fb0ed-db72-48c6-a54e-0fdff3a4721b,2026-08-10T20:30:00Z,2026-08-10T22:30:00+0200,168.11,EUR/MWh,ES,ES,imbalance_price,Short,2026-08-28T02:01:39Z
2026-08-28T01:53:23Z,2026-08-28T03:53:23+0200,565fb0ed-db72-48c6-a54e-0fdff3a4721b,2026-08-10T20:45:00Z,2026-08-10T22:45:00+0200,156.21,EUR/MWh,ES,ES,imbalance_price,Long,2026-08-28T02:01:39Z
2026-08-28T01:53:23Z,2026-08-28T03:53:23+0200,565fb0ed-db72-48c6-a54e-0fdff3a4721b,2026-08-10T20:45:00Z,2026-08-10T22:45:00+0200,156.21,EUR/MWh,ES,ES,imbalance_price,Short,2026-08-28T02:01:39Z
2026-08-28T01:53:23Z,2026-08-28T03:53:23+0200,565fb0ed-db72-48c6-a54e-0fdff3a4721b,2026-08-10T21:00:00Z,2026-08-10T23:00:00+0200,148.54,EUR/MWh,ES,ES,imbalance_price,Long,2026-08-28T02:01:39Z
2026-08-28T01:53:23Z,2026-08-28T03:53:23+0200,565fb0ed-db72-48c6-a54e-0fdff3a4721b,2026-08-10T21:00:00Z,2026-08-10T23:00:00+0200,148.54,EUR/MWh,ES,ES,imbalance_price,Short,2026-08-28T02:01:39Z
2026-08-28T01:53:23Z,2026-08-28T03:53:23+0200,565fb0ed-db72-48c6-a54e-0fdff3a4721b,2026-08-10T21:15:00Z,2026-08-10T23:15:00+0200,155.44,EUR/MWh,ES,ES,imbalance_price,Long,2026-08-28T02:01:39Z
2026-08-28T01:53:23Z,2026-08-28T03:53:23+0200,565fb0ed-db72-48c6-a54e-0fdff3a4721b,2026-08-10T21:15:00Z,2026-08-10T23:15:00+0200,155.44,EUR/MWh,ES,ES,imbalance_price,Short,2026-08-28T02:01:39Z
2026-08-28T01:53:23Z,2026-08-28T03:53:23+0200,565fb0ed-db72-48c6-a54e-0fdff3a4721b,2026-08-10T21:30:00Z,2026-08-10T23:30:00+0200,162.52,EUR/MWh,ES,ES,imbalance_price,Long,2026-08-28T02:01:39Z
2026-08-28T01:53:23Z,2026-08-28T03:53:23+0200,565fb0ed-db72-48c6-a54e-0fdff3a4721b,2026-08-10T21:30:00Z,2026-08-10T23:30:00+0200,162.52,EUR/MWh,ES,ES,imbalance_price,Short,2026-08-28T02:01:39Z
2026-08-28T01:53:23Z,2026-08-28T03:53:23+0200,565fb0ed-db72-48c6-a54e-0fdff3a4721b,2026-08-10T21:45:00Z,2026-08-10T23:45:00+0200,115.38,EUR/MWh,ES,ES,imbalance_price,Long,2026-08-28T02:01:39Z
2026-08-28T01:53:23Z,2026-08-28T03:53:23+0200,565fb0ed-db72-48c6-a54e-0fdff3a4721b,2026-08-10T21:45:00Z,2026-08-10T23:45:00+0200,150.16,EUR/MWh,ES,ES,imbalance_price,Short,2026-08-28T02:01:39Z
2026-08-28T01:53:23Z,2026-08-28T03:53:23+0200,565fb0ed-db72-48c6-a54e-0fdff3a4721b,2026-08-10T22:00:00Z,2026-08-11T00:00:00+0200,138.99,EUR/MWh,ES,ES,imbalance_price,Long,2026-08-28T02:01:39Z
2026-08-28T01:53:23Z,2026-08-28T03:53:23+0200,565fb0ed-db72-48c6-a54e-0fdff3a4721b,2026-08-10T22:00:00Z,2026-08-11T00:00:00+0200,196.67,EUR/MWh,ES,ES,imbalance_price,Short,2026-08-28T02:01:39Z
2026-08-28T01:53:23Z,2026-08-28T03:53:23+0200,565fb0ed-db72-48c6-a54e-0fdff3a4721b,2026-08-10T22:15:00Z,2026-08-11T00:15:00+0200,129.8,EUR/MWh,ES,ES,imbalance_price,Long,2026-08-28T02:01:39Z
2026-08-28T01:53:23Z,2026-08-28T03:53:23+0200,565fb0ed-db72-48c6-a54e-0fdff3a4721b,2026-08-10T22:15:00Z,2026-08-11T00:15:00+0200,195.34,EUR/MWh,ES,ES,imbalance_price,Short,2026-08-28T02:01:39Z
2026-08-28T01:53:23Z,2026-08-28T03:53:23+0200,565fb0ed-db72-48c6-a54e-0fdff3a4721b,2026-08-10T22:30:00Z,2026-08-11T00:30:00+0200,74.45,EUR/MWh,ES,ES,imbalance_price,Long,2026-08-28T02:01:39Z
2026-08-28T01:53:23Z,2026-08-28T03:53:23+0200,565fb0ed-db72-48c6-a54e-0fdff3a4721b,2026-08-10T22:30:00Z,2026-08-11T00:30:00+0200,181.89,EUR/MWh,ES,ES,imbalance_price,Short,2026-08-28T02:01:39Z
2026-08-28T01:53:23Z,2026-08-28T03:53:23+0200,565fb0ed-db72-48c6-a54e-0fdff3a4721b,2026-08-10T22:45:00Z,2026-08-11T00:45:00+0200,158.07,EUR/MWh,ES,ES,imbalance_price,Long,2026-08-28T02:01:39Z
2026-08-28T01:53:23Z,2026-08-28T03:53:23+0200,565fb0ed-db72-48c6-a54e-0fdff3a4721b,2026-08-10T22:45:00Z,2026-08-11T00:45:00+0200,158.07,EUR/MWh,ES,ES,imbalance_price,Short,2026-08-28T02:01:39Z
2026-08-28T01:53:23Z,2026-08-28T03:53:23+0200,565fb0ed-db72-48c6-a54e-0fdff3a4721b,2026-08-10T23:00:00Z,2026-08-11T01:00:00+0200,178.07,EUR/MWh,ES,ES,imbalance_price,Long,2026-08-28T02:01:39Z
2026-08-28T01:53:23Z,2026-08-28T03:53:23+0200,565fb0ed-db72-48c6-a54e-0fdff3a4721b,2026-08-10T23:00:00Z,2026-08-11T01:00:00+0200,178.07,EUR/MWh,ES,ES,imbalance_price,Short,2026-08-28T02:01:39Z
2026-08-28T01:53:23Z,2026-08-28T03:53:23+0200,565fb0ed-db72-48c6-a54e-0fdff3a4721b,2026-08-10T23:15:00Z,2026-08-11T01:15:00+0200,105.19,EUR/MWh,ES,ES,imbalance_price,Long,2026-08-28T02:01:39Z
2026-08-28T01:53:23Z,2026-08-28T03:53:23+0200,565fb0ed-db72-48c6-a54e-0fdff3a4721b,2026-08-10T23:15:00Z,2026-08-11T01:15:00+0200,173.93,EUR/MWh,ES,ES,imbalance_price,Short,2026-08-28T02:01:39Z
2026-08-28T01:53:23Z,2026-08-28T03:53:23+0200,565fb0ed-db72-48c6-a54e-0fdff3a4721b,2026-08-10T23:30:00Z,2026-08-11T01:30:00+0200,60.84,EUR/MWh,ES,ES,imbalance_price,Long,2026-08-28T02:01:39Z
2026-08-28T01:53:23Z,2026-08-28T03:53:23+0200,565fb0ed-db72-48c6-a54e-0fdff3a4721b,2026-08-10T23:30:00Z,2026-08-11T01:30:00+0200,172.57,EUR/MWh,ES,ES,imbalance_price,Short,2026-08-28T02:01:39Z
2026-08-28T01:53:23Z,2026-08-28T03:53:23+0200,565fb0ed-db72-48c6-a54e-0fdff3a4721b,2026-08-10T23:45:00Z,2026-08-11T01:45:00+0200,166.79,EUR/MWh,ES,ES,imbalance_price,Long,2026-08-28T02:01:39Z
2026-08-28T01:53:23Z,2026-08-28T03:53:23+0200,565fb0ed-db72-48c6-a54e-0fdff3a4721b,2026-08-10T23:45:00Z,2026-08-11T01:45:00+0200,166.79,EUR/MWh,ES,ES,imbalance_price,Short,2026-08-28T02:01:39Z
2026-08-28T01:53:23Z,2026-08-28T03:53:23+0200,565fb0ed-db72-48c6-a54e-0fdff3a4721b,2026-08-11T00:00:00Z,2026-08-11T02:00:00+0200,158.99,EUR/MWh,ES,ES,imbalance_price,Long,2026-08-28T02:01:39Z
2026-08-28T01:53:23Z,2026-08-28T03:53:23+0200,565fb0ed-db72-48c6-a54e-0fdff3a4721b,2026-08-11T00:00:00Z,2026-08-11T02:00:00+0200,158.99,EUR/MWh,ES,ES,imbalance_price,Short,2026-08-28T02:01:39Z
2026-08-28T01:53:23Z,2026-08-28T03:53:23+0200,565fb0ed-db72-48c6-a54e-0fdff3a4721b,2026-08-11T00:15:00Z,2026-08-11T02:15:00+0200,156.33,EUR/MWh,ES,ES,imbalance_price,Long,2026-08-28T02:01:39Z
2026-08-28T01:53:23Z,2026-08-28T03:53:23+0200,565fb0ed-db72-48c6-a54e-0fdff3a4721b,2026-08-11T00:15:00Z,2026-08-11T02:15:00+0200,156.33,EUR/MWh,ES,ES,imbalance_price,Short,2026-08-28T02:01:39Z
2026-08-28T01:53:23Z,2026-08-28T03:53:23+0200,565fb0ed-db72-48c6-a54e-0fdff3a4721b,2026-08-11T00:30:00Z,2026-08-11T02:30:00+0200,151.38,EUR/MWh,ES,ES,imbalance_price,Long,2026-08-28T02:01:39Z
2026-08-28T01:53:23Z,2026-08-28T03:53:23+0200,565fb0ed-db72-48c6-a54e-0fdff3a4721b,2026-08-11T00:30:00Z,2026-08-11T02:30:00+0200,151.38,EUR/MWh,ES,ES,imbalance_price,Short,2026-08-28T02:01:39Z
2026-08-28T01:53:23Z,2026-08-28T03:53:23+0200,565fb0ed-db72-48c6-a54e-0fdff3a4721b,2026-08-11T00:45:00Z,2026-08-11T02:45:00+0200,183.68,EUR/MWh,ES,ES,imbalance_price,Long,2026-08-28T02:01:39Z
2026-08-28T01:53:23Z,2026-08-28T03:53:23+0200,565fb0ed-db72-48c6-a54e-0fdff3a4721b,2026-08-11T00:45:00Z,2026-08-11T02:45:00+0200,183.68,EUR/MWh,ES,ES,imbalance_price,Short,2026-08-28T02:01:39Z
2026-08-28T01:53:23Z,2026-08-28T03:53:23+0200,565fb0ed-db72-48c6-a54e-0fdff3a4721b,2026-08-11T01:00:00Z,2026-08-11T03:00:00+0200,157.82,EUR/MWh,ES,ES,imbalance_price,Long,2026-08-28T02:01:39Z
2026-08-28T01:53:23Z,2026-08-28T03:53:23+0200,565fb0ed-db72-48c6-a54e-0fdff3a4721b,2026-08-11T01:00:00Z,2026-08-11T03:00:00+0200,157.82,EUR/MWh,ES,ES,imbalance_price,Short,2026-08-28T02:01:39Z
2026-08-28T01:53:23Z,2026-08-28T03:53:23+0200,565fb0ed-db72-48c6-a54e-0fdff3a4721b,2026-08-11T01:15:00Z,2026-08-11T03:15:00+0200,29.02,EUR/MWh,ES,ES,imbalance_price,Long,2026-08-28T02:01:39Z
2026-08-28T01:53:23Z,2026-08-28T03:53:23+0200,565fb0ed-db72-48c6-a54e-0fdff3a4721b,2026-08-11T01:15:00Z,2026-08-11T03:15:00+0200,151.11,EUR/MWh,ES,ES,imbalance_price,Short,2026-08-28T02:01:39Z
2026-08-28T01:53:23Z,2026-08-28T03:53:23+0200,565fb0ed-db72-48c6-a54e-0fdff3a4721b,2026-08-11T01:30:00Z,2026-08-11T03:30:00+0200,47.31,EUR/MWh,ES,ES,imbalance_price,Long,2026-08-28T02:01:39Z
2026-08-28T01:53:23Z,2026-08-28T03:53:23+0200,565fb0ed-db72-48c6-a54e-0fdff3a4721b,2026-08-11T01:30:00Z,2026-08-11T03:30:00+0200,171.8,EUR/MWh,ES,ES,imbalance_price,Short,2026-08-28T02:01:39Z
2026-08-28T01:53:23Z,2026-08-28T03:53:23+0200,565fb0ed-db72-48c6-a54e-0fdff3a4721b,2026-08-11T01:45:00Z,2026-08-11T03:45:00+0200,116.19,EUR/MWh,ES,ES,imbalance_price,Long,2026-08-28T02:01:39Z
2026-08-28T01:53:23Z,2026-08-28T03:53:23+0200,565fb0ed-db72-48c6-a54e-0fdff3a4721b,2026-08-11T01:45:00Z,2026-08-11T03:45:00+0200,195.17,EUR/MWh,ES,ES,imbalance_price,Short,2026-08-28T02:01:39Z
2026-08-28T01:53:23Z,2026-08-28T03:53:23+0200,565fb0ed-db72-48c6-a54e-0fdff3a4721b,2026-08-11T02:00:00Z,2026-08-11T04:00:00+0200,138.21,EUR/MWh,ES,ES,imbalance_price,Long,2026-08-28T02:01:39Z
2026-08-28T01:53:23Z,2026-08-28T03:53:23+0200,565fb0ed-db72-48c6-a54e-0fdff3a4721b,2026-08-11T02:00:00Z,2026-08-11T04:00:00+0200,177.77,EUR/MWh,ES,ES,imbalance_price,Short,2026-08-28T02:01:39Z
2026-08-28T01:53:23Z,2026-08-28T03:53:23+0200,565fb0ed-db72-48c6-a54e-0fdff3a4721b,2026-08-11T02:15:00Z,2026-08-11T04:15:00+0200,121.44,EUR/MWh,ES,ES,imbalance_price,Long,2026-08-28T02:01:39Z
2026-08-28T01:53:23Z,2026-08-28T03:53:23+0200,565fb0ed-db72-48c6-a54e-0fdff3a4721b,2026-08-11T02:15:00Z,2026-08-11T04:15:00+0200,187.29,EUR/MWh,ES,ES,imbalance_price,Short,2026-08-28T02:01:39Z
2026-08-28T01:53:23Z,2026-08-28T03:53:23+0200,565fb0ed-db72-48c6-a54e-0fdff3a4721b,2026-08-11T02:30:00Z,2026-08-11T04:30:00+0200,39.69,EUR/MWh,ES,ES,imbalance_price,Long,2026-08-28T02:01:39Z
2026-08-28T01:53:23Z,2026-08-28T03:53:23+0200,565fb0ed-db72-48c6-a54e-0fdff3a4721b,2026-08-11T02:30:00Z,2026-08-11T04:30:00+0200,155.25,EUR/MWh,ES,ES,imbalance_price,Short,2026-08-28T02:01:39Z
2026-08-28T01:53:23Z,2026-08-28T03:53:23+0200,565fb0ed-db72-48c6-a54e-0fdff3a4721b,2026-08-11T02:45:00Z,2026-08-11T04:45:00+0200,106.54,EUR/MWh,ES,ES,imbalance_price,Long,2026-08-28T02:01:39Z
2026-08-28T01:53:23Z,2026-08-28T03:53:23+0200,565fb0ed-db72-48c6-a54e-0fdff3a4721b,2026-08-11T02:45:00Z,2026-08-11T04:45:00+0200,154.98,EUR/MWh,ES,ES,imbalance_price,Short,2026-08-28T02:01:39Z
2026-08-28T01:53:23Z,2026-08-28T03:53:23+0200,565fb0ed-db72-48c6-a54e-0fdff3a4721b,2026-08-11T03:00:00Z,2026-08-11T05:00:00+0200,111.17,EUR/MWh,ES,ES,imbalance_price,Long,2026-08-28T02:01:39Z
2026-08-28T01:53:23Z,2026-08-28T03:53:23+0200,565fb0ed-db72-48c6-a54e-0fdff3a4721b,2026-08-11T03:00:00Z,2026-08-11T05:00:00+0200,182.95,EUR/MWh,ES,ES,imbalance_price,Short,2026-08-28T02:01:39Z
2026-08-28T01:53:23Z,2026-08-28T03:53:23+0200,565fb0ed-db72-48c6-a54e-0fdff3a4721b,2026-08-11T03:15:00Z,2026-08-11T05:15:00+0200,81.67,EUR/MWh,ES,ES,imbalance_price,Long,2026-08-28T02:01:39Z
2026-08-28T01:53:23Z,2026-08-28T03:53:23+0200,565fb0ed-db72-48c6-a54e-0fdff3a4721b,2026-08-11T03:15:00Z,2026-08-11T05:15:00+0200,154.98,EUR/MWh,ES,ES,imbalance_price,Short,2026-08-28T02:01:39Z
2026-08-28T01:53:23Z,2026-08-28T03:53:23+0200,565fb0ed-db72-48c6-a54e-0fdff3a4721b,2026-08-11T03:30:00Z,2026-08-11T05:30:00+0200,57.89,EUR/MWh,ES,ES,imbalance_price,Long,2026-08-28T02:01:39Z
2026-08-28T01:53:23Z,2026-08-28T03:53:23+0200,565fb0ed-db72-48c6-a54e-0fdff3a4721b,2026-08-11T03:30:00Z,2026-08-11T05:30:00+0200,140.27,EUR/MWh,ES,ES,imbalance_price,Short,2026-08-28T02:01:39Z
2026-08-28T01:53:23Z,2026-08-28T03:53:23+0200,565fb0ed-db72-48c6-a54e-0fdff3a4721b,2026-08-11T03:45:00Z,2026-08-11T05:45:00+0200,117.51,EUR/MWh,ES,ES,imbalance_price,Long,2026-08-28T02:01:39Z
2026-08-28T01:53:23Z,2026-08-28T03:53:23+0200,565fb0ed-db72-48c6-a54e-0fdff3a4721b,2026-08-11T03:45:00Z,2026-08-11T05:45:00+0200,147.5,EUR/MWh,ES,ES,imbalance_price,Short,2026-08-28T02:01:39Z
2026-08-28T01:53:23Z,2026-08-28T03:53:23+0200,565fb0ed-db72-48c6-a54e-0fdff3a4721b,2026-08-11T04:00:00Z,2026-08-11T06:00:00+0200,130.99,EUR/MWh,ES,ES,imbalance_price,Long,2026-08-28T02:01:39Z
2026-08-28T01:53:23Z,2026-08-28T03:53:23+0200,565fb0ed-db72-48c6-a54e-0fdff3a4721b,2026-08-11T04:00:00Z,2026-08-11T06:00:00+0200,140.28,EUR/MWh,ES,ES,imbalance_price,Short,2026-08-28T02:01:39Z
2026-08-28T01:53:23Z,2026-08-28T03:53:23+0200,565fb0ed-db72-48c6-a54e-0fdff3a4721b,2026-08-11T04:15:00Z,2026-08-11T06:15:00+0200,133.46,EUR/MWh,ES,ES,imbalance_price,Long,2026-08-28T02:01:39Z
2026-08-28T01:53:23Z,2026-08-28T03:53:23+0200,565fb0ed-db72-48c6-a54e-0fdff3a4721b,2026-08-11T04:15:00Z,2026-08-11T06:15:00+0200,140.02,EUR/MWh,ES,ES,imbalance_price,Short,2026-08-28T02:01:39Z
2026-08-28T01:53:23Z,2026-08-28T03:53:23+0200,565fb0ed-db72-48c6-a54e-0fdff3a4721b,2026-08-11T04:30:00Z,2026-08-11T06:30:00+0200,111.75,EUR/MWh,ES,ES,imbalance_price,Long,2026-08-28T02:01:39Z
2026-08-28T01:53:23Z,2026-08-28T03:53:23+0200,565fb0ed-db72-48c6-a54e-0fdff3a4721b,2026-08-11T04:30:00Z,2026-08-11T06:30:00+0200,138.39,EUR/MWh,ES,ES,imbalance_price,Short,2026-08-28T02:01:39Z
2026-08-28T01:53:23Z,2026-08-28T03:53:23+0200,565fb0ed-db72-48c6-a54e-0fdff3a4721b,2026-08-11T04:45:00Z,2026-08-11T06:45:00+0200,111.07,EUR/MWh,ES,ES,imbalance_price,Long,2026-08-28T02:01:39Z
2026-08-28T01:53:23Z,2026-08-28T03:53:23+0200,565fb0ed-db72-48c6-a54e-0fdff3a4721b,2026-08-11T04:45:00Z,2026-08-11T06:45:00+0200,149.66,EUR/MWh,ES,ES,imbalance_price,Short,2026-08-28T02:01:39Z
2026-08-28T01:53:23Z,2026-08-28T03:53:23+0200,565fb0ed-db72-48c6-a54e-0fdff3a4721b,2026-08-11T05:00:00Z,2026-08-11T07:00:00+0200,109.33,EUR/MWh,ES,ES,imbalance_price,Long,2026-08-28T02:01:39Z
2026-08-28T01:53:23Z,2026-08-28T03:53:23+0200,565fb0ed-db72-48c6-a54e-0fdff3a4721b,2026-08-11T05:00:00Z,2026-08-11T07:00:00+0200,178.99,EUR/MWh,ES,ES,imbalance_price,Short,2026-08-28T02:01:39Z
2026-08-28T01:53:23Z,2026-08-28T03:53:23+0200,565fb0ed-db72-48c6-a54e-0fdff3a4721b,2026-08-11T05:15:00Z,2026-08-11T07:15:00+0200,132.49,EUR/MWh,ES,ES,imbalance_price,Long,2026-08-28T02:01:39Z
2026-08-28T01:53:23Z,2026-08-28T03:53:23+0200,565fb0ed-db72-48c6-a54e-0fdff3a4721b,2026-08-11T05:15:00Z,2026-08-11T07:15:00+0200,175.5,EUR/MWh,ES,ES,imbalance_price,Short,2026-08-28T02:01:39Z
2026-08-28T01:53:23Z,2026-08-28T03:53:23+0200,565fb0ed-db72-48c6-a54e-0fdff3a4721b,2026-08-11T05:30:00Z,2026-08-11T07:30:00+0200,118.07,EUR/MWh,ES,ES,imbalance_price,Long,2026-08-28T02:01:39Z
2026-08-28T01:53:23Z,2026-08-28T03:53:23+0200,565fb0ed-db72-48c6-a54e-0fdff3a4721b,2026-08-11T05:30:00Z,2026-08-11T07:30:00+0200,165.98,EUR/MWh,ES,ES,imbalance_price,Short,2026-08-28T02:01:39Z
2026-08-28T01:53:23Z,2026-08-28T03:53:23+0200,565fb0ed-db72-48c6-a54e-0fdff3a4721b,2026-08-11T05:45:00Z,2026-08-11T07:45:00+0200,119.2,EUR/MWh,ES,ES,imbalance_price,Long,2026-08-28T02:01:39Z
2026-08-28T01:53:23Z,2026-08-28T03:53:23+0200,565fb0ed-db72-48c6-a54e-0fdff3a4721b,2026-08-11T05:45:00Z,2026-08-11T07:45:00+0200,154.99,EUR/MWh,ES,ES,imbalance_price,Short,2026-08-28T02:01:39Z
2026-08-28T01:53:23Z,2026-08-28T03:53:23+0200,565fb0ed-db72-48c6-a54e-0fdff3a4721b,2026-08-11T06:00:00Z,2026-08-11T08:00:00+0200,106.5,EUR/MWh,ES,ES,imbalance_price,Long,2026-08-28T02:01:39Z
2026-08-28T01:53:23Z,2026-08-28T03:53:23+0200,565fb0ed-db72-48c6-a54e-0fdff3a4721b,2026-08-11T06:00:00Z,2026-08-11T08:00:00+0200,157.33,EUR/MWh,ES,ES,imbalance_price,Short,2026-08-28T02:01:39Z
2026-08-28T01:53:23Z,2026-08-28T03:53:23+0200,565fb0ed-db72-48c6-a54e-0fdff3a4721b,2026-08-11T06:15:00Z,2026-08-11T08:15:00+0200,193.05,EUR/MWh,ES,ES,imbalance_price,Long,2026-08-28T02:01:39Z
2026-08-28T01:53:23Z,2026-08-28T03:53:23+0200,565fb0ed-db72-48c6-a54e-0fdff3a4721b,2026-08-11T06:15:00Z,2026-08-11T08:15:00+0200,193.05,EUR/MWh,ES,ES,imbalance_price,Short,2026-08-28T02:01:39Z
2026-08-28T01:53:23Z,2026-08-28T03:53:23+0200,565fb0ed-db72-48c6-a54e-0fdff3a4721b,2026-08-11T06:30:00Z,2026-08-11T08:30:00+0200,20.38,EUR/MWh,ES,ES,imbalance_price,Long,2026-08-28T02:01:39Z
2026-08-28T01:53:23Z,2026-08-28T03:53:23+0200,565fb0ed-db72-48c6-a54e-0fdff3a4721b,2026-08-11T06:30:00Z,2026-08-11T08:30:00+0200,150.81,EUR/MWh,ES,ES,imbalance_price,Short,2026-08-28T02:01:39Z
2026-08-28T01:53:23Z,2026-08-28T03:53:23+0200,565fb0ed-db72-48c6-a54e-0fdff3a4721b,2026-08-11T06:45:00Z,2026-08-11T08:45:00+0200,81.49,EUR/MWh,ES,ES,imbalance_price,Long,2026-08-28T02:01:39Z
2026-08-28T01:53:23Z,2026-08-28T03:53:23+0200,565fb0ed-db72-48c6-a54e-0fdff3a4721b,2026-08-11T06:45:00Z,2026-08-11T08:45:00+0200,144.41,EUR/MWh,ES,ES,imbalance_price,Short,2026-08-28T02:01:39Z
2026-08-28T01:53:23Z,2026-08-28T03:53:23+0200,565fb0ed-db72-48c6-a54e-0fdff3a4721b,2026-08-11T07:00:00Z,2026-08-11T09:00:00+0200,118.84,EUR/MWh,ES,ES,imbalance_price,Long,2026-08-28T02:01:39Z
2026-08-28T01:53:23Z,2026-08-28T03:53:23+0200,565fb0ed-db72-48c6-a54e-0fdff3a4721b,2026-08-11T07:00:00Z,2026-08-11T09:00:00+0200,167.54,EUR/MWh,ES,ES,imbalance_price,Short,2026-08-28T02:01:39Z
2026-08-28T01:53:23Z,2026-08-28T03:53:23+0200,565fb0ed-db72-48c6-a54e-0fdff3a4721b,2026-08-11T07:15:00Z,2026-08-11T09:15:00+0200,86.57,EUR/MWh,ES,ES,imbalance_price,Long,2026-08-28T02:01:39Z
2026-08-28T01:53:23Z,2026-08-28T03:53:23+0200,565fb0ed-db72-48c6-a54e-0fdff3a4721b,2026-08-11T07:15:00Z,2026-08-11T09:15:00+0200,153.58,EUR/MWh,ES,ES,imbalance_price,Short,2026-08-28T02:01:39Z
2026-08-28T01:53:23Z,2026-08-28T03:53:23+0200,565fb0ed-db72-48c6-a54e-0fdff3a4721b,2026-08-11T07:30:00Z,2026-08-11T09:30:00+0200,27.64,EUR/MWh,ES,ES,imbalance_price,Long,2026-08-28T02:01:39Z
2026-08-28T01:53:23Z,2026-08-28T03:53:23+0200,565fb0ed-db72-48c6-a54e-0fdff3a4721b,2026-08-11T07:30:00Z,2026-08-11T09:30:00+0200,126.28,EUR/MWh,ES,ES,imbalance_price,Short,2026-08-28T02:01:39Z
2026-08-28T01:53:23Z,2026-08-28T03:53:23+0200,565fb0ed-db72-48c6-a54e-0fdff3a4721b,2026-08-11T07:45:00Z,2026-08-11T09:45:00+0200,13.98,EUR/MWh,ES,ES,imbalance_price,Long,2026-08-28T02:01:39Z
2026-08-28T01:53:23Z,2026-08-28T03:53:23+0200,565fb0ed-db72-48c6-a54e-0fdff3a4721b,2026-08-11T07:45:00Z,2026-08-11T09:45:00+0200,13.98,EUR/MWh,ES,ES,imbalance_price,Short,2026-08-28T02:01:39Z
2026-08-28T01:53:23Z,2026-08-28T03:53:23+0200,565fb0ed-db72-48c6-a54e-0fdff3a4721b,2026-08-11T08:00:00Z,2026-08-11T10:00:00+0200,-0.96,EUR/MWh,ES,ES,imbalance_price,Long,2026-08-28T02:01:39Z
2026-08-28T01:53:23Z,2026-08-28T03:53:23+0200,565fb0ed-db72-48c6-a54e-0fdff3a4721b,2026-08-11T08:00:00Z,2026-08-11T10:00:00+0200,89.8,EUR/MWh,ES,ES,imbalance_price,Short,2026-08-28T02:01:39Z
2026-08-28T01:53:23Z,2026-08-28T03:53:23+0200,565fb0ed-db72-48c6-a54e-0fdff3a4721b,2026-08-11T08:15:00Z,2026-08-11T10:15:00+0200,0.16,EUR/MWh,ES,ES,imbalance_price,Long,2026-08-28T02:01:39Z
2026-08-28T01:53:23Z,2026-08-28T03:53:23+0200,565fb0ed-db72-48c6-a54e-0fdff3a4721b,2026-08-11T08:15:00Z,2026-08-11T10:15:00+0200,55.22,EUR/MWh,ES,ES,imbalance_price,Short,2026-08-28T02:01:39Z
2026-08-28T01:53:23Z,2026-08-28T03:53:23+0200,565fb0ed-db72-48c6-a54e-0fdff3a4721b,2026-08-11T08:30:00Z,2026-08-11T10:30:00+0200,-0.91,EUR/MWh,ES,ES,imbalance_price,Long,2026-08-28T02:01:39Z
2026-08-28T01:53:23Z,2026-08-28T03:53:23+0200,565fb0ed-db72-48c6-a54e-0fdff3a4721b,2026-08-11T08:30:00Z,2026-08-11T10:30:00+0200,-0.91,EUR/MWh,ES,ES,imbalance_price,Short,2026-08-28T02:01:39Z
2026-08-28T01:53:23Z,2026-08-28T03:53:23+0200,565fb0ed-db72-48c6-a54e-0fdff3a4721b,2026-08-11T08:45:00Z,2026-08-11T10:45:00+0200,-2.18,EUR/MWh,ES,ES,imbalance_price,Long,2026-08-28T02:01:39Z
2026-08-28T01:53:23Z,2026-08-28T03:53:23+0200,565fb0ed-db72-48c6-a54e-0fdff3a4721b,2026-08-11T08:45:00Z,2026-08-11T10:45:00+0200,-2.18,EUR/MWh,ES,ES,imbalance_price,Short,2026-08-28T02:01:39Z
2026-08-28T01:53:23Z,2026-08-28T03:53:23+0200,565fb0ed-db72-48c6-a54e-0fdff3a4721b,2026-08-11T09:00:00Z,2026-08-11T11:00:00+0200,-4.65,EUR/MWh,ES,ES,imbalance_price,Long,2026-08-28T02:01:39Z
2026-08-28T01:53:23Z,2026-08-28T03:53:23+0200,565fb0ed-db72-48c6-a54e-0fdff3a4721b,2026-08-11T09:00:00Z,2026-08-11T11:00:00+0200,-4.65,EUR/MWh,ES,ES,imbalance_price,Short,2026-08-28T02:01:39Z
2026-08-28T01:53:23Z,2026-08-28T03:53:23+0200,565fb0ed-db72-48c6-a54e-0fdff3a4721b,2026-08-11T09:15:00Z,2026-08-11T11:15:00+0200,-6.84,EUR/MWh,ES,ES,imbalance_price,Long,2026-08-28T02:01:39Z
2026-08-28T01:53:23Z,2026-08-28T03:53:23+0200,565fb0ed-db72-48c6-a54e-0fdff3a4721b,2026-08-11T09:15:00Z,2026-08-11T11:15:00+0200,0.0,EUR/MWh,ES,ES,imbalance_price,Short,2026-08-28T02:01:39Z
2026-08-28T01:53:23Z,2026-08-28T03:53:23+0200,565fb0ed-db72-48c6-a54e-0fdff3a4721b,2026-08-11T09:30:00Z,2026-08-11T11:30:00+0200,-7.02,EUR/MWh,ES,ES,imbalance_price,Long,2026-08-28T02:01:39Z
2026-08-28T01:53:23Z,2026-08-28T03:53:23+0200,565fb0ed-db72-48c6-a54e-0fdff3a4721b,2026-08-11T09:30:00Z,2026-08-11T11:30:00+0200,-7.02,EUR/MWh,ES,ES,imbalance_price,Short,2026-08-28T02:01:39Z
2026-08-28T01:53:23Z,2026-08-28T03:53:23+0200,565fb0ed-db72-48c6-a54e-0fdff3a4721b,2026-08-11T09:45:00Z,2026-08-11T11:45:00+0200,-7.72,EUR/MWh,ES,ES,imbalance_price,Long,2026-08-28T02:01:39Z
2026-08-28T01:53:23Z,2026-08-28T03:53:23+0200,565fb0ed-db72-48c6-a54e-0fdff3a4721b,2026-08-11T09:45:00Z,2026-08-11T11:45:00+0200,4.72,EUR/MWh,ES,ES,imbalance_price,Short,2026-08-28T02:01:39Z
2026-08-28T01:53:23Z,2026-08-28T03:53:23+0200,565fb0ed-db72-48c6-a54e-0fdff3a4721b,2026-08-11T10:00:00Z,2026-08-11T12:00:00+0200,-8.3,EUR/MWh,ES,ES,imbalance_price,Long,2026-08-28T02:01:39Z
2026-08-28T01:53:23Z,2026-08-28T03:53:23+0200,565fb0ed-db72-48c6-a54e-0fdff3a4721b,2026-08-11T10:00:00Z,2026-08-11T12:00:00+0200,84.05,EUR/MWh,ES,ES,imbalance_price,Short,2026-08-28T02:01:39Z
2026-08-28T01:53:23Z,2026-08-28T03:53:23+0200,565fb0ed-db72-48c6-a54e-0fdff3a4721b,2026-08-11T10:15:00Z,2026-08-11T12:15:00+0200,-4.95,EUR/MWh,ES,ES,imbalance_price,Long,2026-08-28T02:01:39Z
2026-08-28T01:53:23Z,2026-08-28T03:53:23+0200,565fb0ed-db72-48c6-a54e-0fdff3a4721b,2026-08-11T10:15:00Z,2026-08-11T12:15:00+0200,25.44,EUR/MWh,ES,ES,imbalance_price,Short,2026-08-28T02:01:39Z
2026-08-28T01:53:23Z,2026-08-28T03:53:23+0200,565fb0ed-db72-48c6-a54e-0fdff3a4721b,2026-08-11T10:30:00Z,2026-08-11T12:30:00+0200,-1.61,EUR/MWh,ES,ES,imbalance_price,Long,2026-08-28T02:01:39Z
2026-08-28T01:53:23Z,2026-08-28T03:53:23+0200,565fb0ed-db72-48c6-a54e-0fdff3a4721b,2026-08-11T10:30:00Z,2026-08-11T12:30:00+0200,-1.61,EUR/MWh,ES,ES,imbalance_price,Short,2026-08-28T02:01:39Z
2026-08-28T01:53:23Z,2026-08-28T03:53:23+0200,565fb0ed-db72-48c6-a54e-0fdff3a4721b,2026-08-11T10:45:00Z,2026-08-11T12:45:00+0200,-0.6,EUR/MWh,ES,ES,imbalance_price,Long,2026-08-28T02:01:39Z
2026-08-28T01:53:23Z,2026-08-28T03:53:23+0200,565fb0ed-db72-48c6-a54e-0fdff3a4721b,2026-08-11T10:45:00Z,2026-08-11T12:45:00+0200,-0.6,EUR/MWh,ES,ES,imbalance_price,Short,2026-08-28T02:01:39Z
2026-08-28T01:53:23Z,2026-08-28T03:53:23+0200,565fb0ed-db72-48c6-a54e-0fdff3a4721b,2026-08-11T11:00:00Z,2026-08-11T13:00:00+0200,-5.49,EUR/MWh,ES,ES,imbalance_price,Long,2026-08-28T02:01:39Z
2026-08-28T01:53:23Z,2026-08-28T03:53:23+0200,565fb0ed-db72-48c6-a54e-0fdff3a4721b,2026-08-11T11:00:00Z,2026-08-11T13:00:00+0200,8.52,EUR/MWh,ES,ES,imbalance_price,Short,2026-08-28T02:01:39Z
2026-08-28T01:53:23Z,2026-08-28T03:53:23+0200,565fb0ed-db72-48c6-a54e-0fdff3a4721b,2026-08-11T11:15:00Z,2026-08-11T13:15:00+0200,-8.27,EUR/MWh,ES,ES,imbalance_price,Long,2026-08-28T02:01:39Z
2026-08-28T01:53:23Z,2026-08-28T03:53:23+0200,565fb0ed-db72-48c6-a54e-0fdff3a4721b,2026-08-11T11:15:00Z,2026-08-11T13:15:00+0200,16.38,EUR/MWh,ES,ES,imbalance_price,Short,2026-08-28T02:01:39Z
2026-08-28T01:53:23Z,2026-08-28T03:53:23+0200,565fb0ed-db72-48c6-a54e-0fdff3a4721b,2026-08-11T11:30:00Z,2026-08-11T13:30:00+0200,-0.4,EUR/MWh,ES,ES,imbalance_price,Long,2026-08-28T02:01:39Z
2026-08-28T01:53:23Z,2026-08-28T03:53:23+0200,565fb0ed-db72-48c6-a54e-0fdff3a4721b,2026-08-11T11:30:00Z,2026-08-11T13:30:00+0200,12.99,EUR/MWh,ES,ES,imbalance_price,Short,2026-08-28T02:01:39Z
2026-08-28T01:53:23Z,2026-08-28T03:53:23+0200,565fb0ed-db72-48c6-a54e-0fdff3a4721b,2026-08-11T11:45:00Z,2026-08-11T13:45:00+0200,-0.02,EUR/MWh,ES,ES,imbalance_price,Long,2026-08-28T02:01:39Z
2026-08-28T01:53:23Z,2026-08-28T03:53:23+0200,565fb0ed-db72-48c6-a54e-0fdff3a4721b,2026-08-11T11:45:00Z,2026-08-11T13:45:00+0200,-0.02,EUR/MWh,ES,ES,imbalance_price,Short,2026-08-28T02:01:39Z
2026-08-28T01:53:23Z,2026-08-28T03:53:23+0200,565fb0ed-db72-48c6-a54e-0fdff3a4721b,2026-08-11T12:00:00Z,2026-08-11T14:00:00+0200,-2.66,EUR/MWh,ES,ES,imbalance_price,Long,2026-08-28T02:01:39Z
2026-08-28T01:53:23Z,2026-08-28T03:53:23+0200,565fb0ed-db72-48c6-a54e-0fdff3a4721b,2026-08-11T12:00:00Z,2026-08-11T14:00:00+0200,-2.66,EUR/MWh,ES,ES,imbalance_price,Short,2026-08-28T02:01:39Z
2026-08-28T01:53:23Z,2026-08-28T03:53:23+0200,565fb0ed-db72-48c6-a54e-0fdff3a4721b,2026-08-11T12:15:00Z,2026-08-11T14:15:00+0200,-1.93,EUR/MWh,ES,ES,imbalance_price,Long,2026-08-28T02:01:39Z
2026-08-28T01:53:23Z,2026-08-28T03:53:23+0200,565fb0ed-db72-48c6-a54e-0fdff3a4721b,2026-08-11T12:15:00Z,2026-08-11T14:15:00+0200,-1.93,EUR/MWh,ES,ES,imbalance_price,Short,2026-08-28T02:01:39Z
2026-08-28T01:53:23Z,2026-08-28T03:53:23+0200,565fb0ed-db72-48c6-a54e-0fdff3a4721b,2026-08-11T12:30:00Z,2026-08-11T14:30:00+0200,-1.48,EUR/MWh,ES,ES,imbalance_price,Long,2026-08-28T02:01:39Z
2026-08-28T01:53:23Z,2026-08-28T03:53:23+0200,565fb0ed-db72-48c6-a54e-0fdff3a4721b,2026-08-11T12:30:00Z,2026-08-11T14:30:00+0200,-1.48,EUR/MWh,ES,ES,imbalance_price,Short,2026-08-28T02:01:39Z
2026-08-28T01:53:23Z,2026-08-28T03:53:23+0200,565fb0ed-db72-48c6-a54e-0fdff3a4721b,2026-08-11T12:45:00Z,2026-08-11T14:45:00+0200,-1.85,EUR/MWh,ES,ES,imbalance_price,Long,2026-08-28T02:01:39Z
2026-08-28T01:53:23Z,2026-08-28T03:53:23+0200,565fb0ed-db72-48c6-a54e-0fdff3a4721b,2026-08-11T12:45:00Z,2026-08-11T14:45:00+0200,-1.85,EUR/MWh,ES,ES,imbalance_price,Short,2026-08-28T02:01:39Z
2026-08-28T01:53:23Z,2026-08-28T03:53:23+0200,565fb0ed-db72-48c6-a54e-0fdff3a4721b,2026-08-11T13:00:00Z,2026-08-11T15:00:00+0200,-1.38,EUR/MWh,ES,ES,imbalance_price,Long,2026-08-28T02:01:39Z
2026-08-28T01:53:23Z,2026-08-28T03:53:23+0200,565fb0ed-db72-48c6-a54e-0fdff3a4721b,2026-08-11T13:00:00Z,2026-08-11T15:00:00+0200,-1.38,EUR/MWh,ES,ES,imbalance_price,Short,2026-08-28T02:01:39Z
2026-08-28T01:53:23Z,2026-08-28T03:53:23+0200,565fb0ed-db72-48c6-a54e-0fdff3a4721b,2026-08-11T13:15:00Z,2026-08-11T15:15:00+0200,-0.76,EUR/MWh,ES,ES,imbalance_price,Long,2026-08-28T02:01:39Z
2026-08-28T01:53:23Z,2026-08-28T03:53:23+0200,565fb0ed-db72-48c6-a54e-0fdff3a4721b,2026-08-11T13:15:00Z,2026-08-11T15:15:00+0200,-0.76,EUR/MWh,ES,ES,imbalance_price,Short,2026-08-28T02:01:39Z
2026-08-28T01:53:23Z,2026-08-28T03:53:23+0200,565fb0ed-db72-48c6-a54e-0fdff3a4721b,2026-08-11T13:30:00Z,2026-08-11T15:30:00+0200,0.14,EUR/MWh,ES,ES,imbalance_price,Long,2026-08-28T02:01:39Z
2026-08-28T01:53:23Z,2026-08-28T03:53:23+0200,565fb0ed-db72-48c6-a54e-0fdff3a4721b,2026-08-11T13:30:00Z,2026-08-11T15:30:00+0200,0.14,EUR/MWh,ES,ES,imbalance_price,Short,2026-08-28T02:01:39Z
2026-08-28T01:53:23Z,2026-08-28T03:53:23+0200,565fb0ed-db72-48c6-a54e-0fdff3a4721b,2026-08-11T13:45:00Z,2026-08-11T15:45:00+0200,-0.88,EUR/MWh,ES,ES,imbalance_price,Long,2026-08-28T02:01:39Z
2026-08-28T01:53:23Z,2026-08-28T03:53:23+0200,565fb0ed-db72-48c6-a54e-0fdff3a4721b,2026-08-11T13:45:00Z,2026-08-11T15:45:00+0200,-0.88,EUR/MWh,ES,ES,imbalance_price,Short,2026-08-28T02:01:39Z
2026-08-28T01:53:23Z,2026-08-28T03:53:23+0200,565fb0ed-db72-48c6-a54e-0fdff3a4721b,2026-08-11T14:00:00Z,2026-08-11T16:00:00+0200,-0.41,EUR/MWh,ES,ES,imbalance_price,Long,2026-08-28T02:01:39Z
2026-08-28T01:53:23Z,2026-08-28T03:53:23+0200,565fb0ed-db72-48c6-a54e-0fdff3a4721b,2026-08-11T14:00:00Z,2026-08-11T16:00:00+0200,5.0,EUR/MWh,ES,ES,imbalance_price,Short,2026-08-28T02:01:39Z
2026-08-28T01:53:23Z,2026-08-28T03:53:23+0200,565fb0ed-db72-48c6-a54e-0fdff3a4721b,2026-08-11T14:15:00Z,2026-08-11T16:15:00+0200,-1.94,EUR/MWh,ES,ES,imbalance_price,Long,2026-08-28T02:01:39Z
2026-08-28T01:53:23Z,2026-08-28T03:53:23+0200,565fb0ed-db72-48c6-a54e-0fdff3a4721b,2026-08-11T14:15:00Z,2026-08-11T16:15:00+0200,32.62,EUR/MWh,ES,ES,imbalance_price,Short,2026-08-28T02:01:39Z
2026-08-28T01:53:23Z,2026-08-28T03:53:23+0200,565fb0ed-db72-48c6-a54e-0fdff3a4721b,2026-08-11T14:30:00Z,2026-08-11T16:30:00+0200,0.0,EUR/MWh,ES,ES,imbalance_price,Long,2026-08-28T02:01:39Z
2026-08-28T01:53:23Z,2026-08-28T03:53:23+0200,565fb0ed-db72-48c6-a54e-0fdff3a4721b,2026-08-11T14:30:00Z,2026-08-11T16:30:00+0200,84.38,EUR/MWh,ES,ES,imbalance_price,Short,2026-08-28T02:01:39Z
2026-08-28T01:53:23Z,2026-08-28T03:53:23+0200,565fb0ed-db72-48c6-a54e-0fdff3a4721b,2026-08-11T14:45:00Z,2026-08-11T16:45:00+0200,0.02,EUR/MWh,ES,ES,imbalance_price,Long,2026-08-28T02:01:39Z
2026-08-28T01:53:23Z,2026-08-28T03:53:23+0200,565fb0ed-db72-48c6-a54e-0fdff3a4721b,2026-08-11T14:45:00Z,2026-08-11T16:45:00+0200,99.53,EUR/MWh,ES,ES,imbalance_price,Short,2026-08-28T02:01:39Z
2026-08-28T01:53:23Z,2026-08-28T03:53:23+0200,565fb0ed-db72-48c6-a54e-0fdff3a4721b,2026-08-11T15:00:00Z,2026-08-11T17:00:00+0200,0.18,EUR/MWh,ES,ES,imbalance_price,Long,2026-08-28T02:01:39Z
2026-08-28T01:53:23Z,2026-08-28T03:53:23+0200,565fb0ed-db72-48c6-a54e-0fdff3a4721b,2026-08-11T15:00:00Z,2026-08-11T17:00:00+0200,97.85,EUR/MWh,ES,ES,imbalance_price,Short,2026-08-28T02:01:39Z
2026-08-28T01:53:23Z,2026-08-28T03:53:23+0200,565fb0ed-db72-48c6-a54e-0fdff3a4721b,2026-08-11T15:15:00Z,2026-08-11T17:15:00+0200,10.03,EUR/MWh,ES,ES,imbalance_price,Long,2026-08-28T02:01:39Z
2026-08-28T01:53:23Z,2026-08-28T03:53:23+0200,565fb0ed-db72-48c6-a54e-0fdff3a4721b,2026-08-11T15:15:00Z,2026-08-11T17:15:00+0200,124.79,EUR/MWh,ES,ES,imbalance_price,Short,2026-08-28T02:01:39Z
2026-08-28T01:53:23Z,2026-08-28T03:53:23+0200,565fb0ed-db72-48c6-a54e-0fdff3a4721b,2026-08-11T15:30:00Z,2026-08-11T17:30:00+0200,45.17,EUR/MWh,ES,ES,imbalance_price,Long,2026-08-28T02:01:39Z
2026-08-28T01:53:23Z,2026-08-28T03:53:23+0200,565fb0ed-db72-48c6-a54e-0fdff3a4721b,2026-08-11T15:30:00Z,2026-08-11T17:30:00+0200,45.17,EUR/MWh,ES,ES,imbalance_price,Short,2026-08-28T02:01:39Z
2026-08-28T01:53:23Z,2026-08-28T03:53:23+0200,565fb0ed-db72-48c6-a54e-0fdff3a4721b,2026-08-11T15:45:00Z,2026-08-11T17:45:00+0200,37.55,EUR/MWh,ES,ES,imbalance_price,Long,2026-08-28T02:01:39Z
2026-08-28T01:53:23Z,2026-08-28T03:53:23+0200,565fb0ed-db72-48c6-a54e-0fdff3a4721b,2026-08-11T15:45:00Z,2026-08-11T17:45:00+0200,37.55,EUR/MWh,ES,ES,imbalance_price,Short,2026-08-28T02:01:39Z
2026-08-28T01:53:23Z,2026-08-28T03:53:23+0200,565fb0ed-db72-48c6-a54e-0fdff3a4721b,2026-08-11T16:00:00Z,2026-08-11T18:00:00+0200,21.49,EUR/MWh,ES,ES,imbalance_price,Long,2026-08-28T02:01:39Z
2026-08-28T01:53:23Z,2026-08-28T03:53:23+0200,565fb0ed-db72-48c6-a54e-0fdff3a4721b,2026-08-11T16:00:00Z,2026-08-11T18:00:00+0200,21.49,EUR/MWh,ES,ES,imbalance_price,Short,2026-08-28T02:01:39Z
2026-08-28T01:53:23Z,2026-08-28T03:53:23+0200,565fb0ed-db72-48c6-a54e-0fdff3a4721b,2026-08-11T16:15:00Z,2026-08-11T18:15:00+0200,13.43,EUR/MWh,ES,ES,imbalance_price,Long,2026-08-28T02:01:39Z
2026-08-28T01:53:23Z,2026-08-28T03:53:23+0200,565fb0ed-db72-48c6-a54e-0fdff3a4721b,2026-08-11T16:15:00Z,2026-08-11T18:15:00+0200,13.43,EUR/MWh,ES,ES,imbalance_price,Short,2026-08-28T02:01:39Z
2026-08-28T01:53:23Z,2026-08-28T03:53:23+0200,565fb0ed-db72-48c6-a54e-0fdff3a4721b,2026-08-11T16:30:00Z,2026-08-11T18:30:00+0200,0.88,EUR/MWh,ES,ES,imbalance_price,Long,2026-08-28T02:01:39Z
2026-08-28T01:53:23Z,2026-08-28T03:53:23+0200,565fb0ed-db72-48c6-a54e-0fdff3a4721b,2026-08-11T16:30:00Z,2026-08-11T18:30:00+0200,134.97,EUR/MWh,ES,ES,imbalance_price,Short,2026-08-28T02:01:39Z
2026-08-28T01:53:23Z,2026-08-28T03:53:23+0200,565fb0ed-db72-48c6-a54e-0fdff3a4721b,2026-08-11T16:45:00Z,2026-08-11T18:45:00+0200,49.19,EUR/MWh,ES,ES,imbalance_price,Long,2026-08-28T02:01:39Z
2026-08-28T01:53:23Z,2026-08-28T03:53:23+0200,565fb0ed-db72-48c6-a54e-0fdff3a4721b,2026-08-11T16:45:00Z,2026-08-11T18:45:00+0200,171.92,EUR/MWh,ES,ES,imbalance_price,Short,2026-08-28T02:01:39Z
2026-08-28T01:53:23Z,2026-08-28T03:53:23+0200,565fb0ed-db72-48c6-a54e-0fdff3a4721b,2026-08-11T17:00:00Z,2026-08-11T19:00:00+0200,49.46,EUR/MWh,ES,ES,imbalance_price,Long,2026-08-28T02:01:39Z
2026-08-28T01:53:23Z,2026-08-28T03:53:23+0200,565fb0ed-db72-48c6-a54e-0fdff3a4721b,2026-08-11T17:00:00Z,2026-08-11T19:00:00+0200,175.45,EUR/MWh,ES,ES,imbalance_price,Short,2026-08-28T02:01:39Z
2026-08-28T01:53:23Z,2026-08-28T03:53:23+0200,565fb0ed-db72-48c6-a54e-0fdff3a4721b,2026-08-11T17:15:00Z,2026-08-11T19:15:00+0200,173.18,EUR/MWh,ES,ES,imbalance_price,Long,2026-08-28T02:01:39Z
2026-08-28T01:53:23Z,2026-08-28T03:53:23+0200,565fb0ed-db72-48c6-a54e-0fdff3a4721b,2026-08-11T17:15:00Z,2026-08-11T19:15:00+0200,173.18,EUR/MWh,ES,ES,imbalance_price,Short,2026-08-28T02:01:39Z
2026-08-28T01:53:23Z,2026-08-28T03:53:23+0200,565fb0ed-db72-48c6-a54e-0fdff3a4721b,2026-08-11T17:30:00Z,2026-08-11T19:30:00+0200,171.12,EUR/MWh,ES,ES,imbalance_price,Long,2026-08-28T02:01:39Z
2026-08-28T01:53:23Z,2026-08-28T03:53:23+0200,565fb0ed-db72-48c6-a54e-0fdff3a4721b,2026-08-11T17:30:00Z,2026-08-11T19:30:00+0200,171.12,EUR/MWh,ES,ES,imbalance_price,Short,2026-08-28T02:01:39Z
2026-08-28T01:53:23Z,2026-08-28T03:53:23+0200,565fb0ed-db72-48c6-a54e-0fdff3a4721b,2026-08-11T17:45:00Z,2026-08-11T19:45:00+0200,203.76,EUR/MWh,ES,ES,imbalance_price,Long,2026-08-28T02:01:39Z
2026-08-28T01:53:23Z,2026-08-28T03:53:23+0200,565fb0ed-db72-48c6-a54e-0fdff3a4721b,2026-08-11T17:45:00Z,2026-08-11T19:45:00+0200,203.76,EUR/MWh,ES,ES,imbalance_price,Short,2026-08-28T02:01:39Z
2026-08-28T01:53:23Z,2026-08-28T03:53:23+0200,565fb0ed-db72-48c6-a54e-0fdff3a4721b,2026-08-11T18:00:00Z,2026-08-11T20:00:00+0200,191.6,EUR/MWh,ES,ES,imbalance_price,Long,2026-08-28T02:01:39Z
2026-08-28T01:53:23Z,2026-08-28T03:53:23+0200,565fb0ed-db72-48c6-a54e-0fdff3a4721b,2026-08-11T18:00:00Z,2026-08-11T20:00:00+0200,191.6,EUR/MWh,ES,ES,imbalance_price,Short,2026-08-28T02:01:39Z
2026-08-28T01:53:23Z,2026-08-28T03:53:23+0200,565fb0ed-db72-48c6-a54e-0fdff3a4721b,2026-08-11T18:15:00Z,2026-08-11T20:15:00+0200,200.78,EUR/MWh,ES,ES,imbalance_price,Long,2026-08-28T02:01:39Z
2026-08-28T01:53:23Z,2026-08-28T03:53:23+0200,565fb0ed-db72-48c6-a54e-0fdff3a4721b,2026-08-11T18:15:00Z,2026-08-11T20:15:00+0200,200.78,EUR/MWh,ES,ES,imbalance_price,Short,2026-08-28T02:01:39Z
2026-08-28T01:53:23Z,2026-08-28T03:53:23+0200,565fb0ed-db72-48c6-a54e-0fdff3a4721b,2026-08-11T18:30:00Z,2026-08-11T20:30:00+0200,214.68,EUR/MWh,ES,ES,imbalance_price,Long,2026-08-28T02:01:39Z
2026-08-28T01:53:23Z,2026-08-28T03:53:23+0200,565fb0ed-db72-48c6-a54e-0fdff3a4721b,2026-08-11T18:30:00Z,2026-08-11T20:30:00+0200,214.68,EUR/MWh,ES,ES,imbalance_price,Short,2026-08-28T02:01:39Z
2026-08-28T01:53:23Z,2026-08-28T03:53:23+0200,565fb0ed-db72-48c6-a54e-0fdff3a4721b,2026-08-11T18:45:00Z,2026-08-11T20:45:00+0200,234.07,EUR/MWh,ES,ES,imbalance_price,Long,2026-08-28T02:01:39Z
2026-08-28T01:53:23Z,2026-08-28T03:53:23+0200,565fb0ed-db72-48c6-a54e-0fdff3a4721b,2026-08-11T18:45:00Z,2026-08-11T20:45:00+0200,234.07,EUR/MWh,ES,ES,imbalance_price,Short,2026-08-28T02:01:39Z
2026-08-28T01:53:23Z,2026-08-28T03:53:23+0200,565fb0ed-db72-48c6-a54e-0fdff3a4721b,2026-08-11T19:00:00Z,2026-08-11T21:00:00+0200,274.74,EUR/MWh,ES,ES,imbalance_price,Long,2026-08-28T02:01:39Z
2026-08-28T01:53:23Z,2026-08-28T03:53:23+0200,565fb0ed-db72-48c6-a54e-0fdff3a4721b,2026-08-11T19:00:00Z,2026-08-11T21:00:00+0200,274.74,EUR/MWh,ES,ES,imbalance_price,Short,2026-08-28T02:01:39Z
2026-08-28T01:53:23Z,2026-08-28T03:53:23+0200,565fb0ed-db72-48c6-a54e-0fdff3a4721b,2026-08-11T19:15:00Z,2026-08-11T21:15:00+0200,250.98,EUR/MWh,ES,ES,imbalance_price,Long,2026-08-28T02:01:39Z
2026-08-28T01:53:23Z,2026-08-28T03:53:23+0200,565fb0ed-db72-48c6-a54e-0fdff3a4721b,2026-08-11T19:15:00Z,2026-08-11T21:15:00+0200,250.98,EUR/MWh,ES,ES,imbalance_price,Short,2026-08-28T02:01:39Z
2026-08-28T01:53:23Z,2026-08-28T03:53:23+0200,565fb0ed-db72-48c6-a54e-0fdff3a4721b,2026-08-11T19:30:00Z,2026-08-11T21:30:00+0200,239.56,EUR/MWh,ES,ES,imbalance_price,Long,2026-08-28T02:01:39Z
2026-08-28T01:53:23Z,2026-08-28T03:53:23+0200,565fb0ed-db72-48c6-a54e-0fdff3a4721b,2026-08-11T19:30:00Z,2026-08-11T21:30:00+0200,239.56,EUR/MWh,ES,ES,imbalance_price,Short,2026-08-28T02:01:39Z
2026-08-28T01:53:23Z,2026-08-28T03:53:23+0200,565fb0ed-db72-48c6-a54e-0fdff3a4721b,2026-08-11T19:45:00Z,2026-08-11T21:45:00+0200,231.31,EUR/MWh,ES,ES,imbalance_price,Long,2026-08-28T02:01:39Z
2026-08-28T01:53:23Z,2026-08-28T03:53:23+0200,565fb0ed-db72-48c6-a54e-0fdff3a4721b,2026-08-11T19:45:00Z,2026-08-11T21:45:00+0200,231.31,EUR/MWh,ES,ES,imbalance_price,Short,2026-08-28T02:01:39Z
2026-08-28T01:53:23Z,2026-08-28T03:53:23+0200,565fb0ed-db72-48c6-a54e-0fdff3a4721b,2026-08-11T20:00:00Z,2026-08-11T22:00:00+0200,213.56,EUR/MWh,ES,ES,imbalance_price,Long,2026-08-28T02:01:39Z
2026-08-28T01:53:23Z,2026-08-28T03:53:23+0200,565fb0ed-db72-48c6-a54e-0fdff3a4721b,2026-08-11T20:00:00Z,2026-08-11T22:00:00+0200,213.56,EUR/MWh,ES,ES,imbalance_price,Short,2026-08-28T02:01:39Z
2026-08-28T01:53:23Z,2026-08-28T03:53:23+0200,565fb0ed-db72-48c6-a54e-0fdff3a4721b,2026-08-11T20:15:00Z,2026-08-11T22:15:00+0200,204.49,EUR/MWh,ES,ES,imbalance_price,Long,2026-08-28T02:01:39Z
2026-08-28T01:53:23Z,2026-08-28T03:53:23+0200,565fb0ed-db72-48c6-a54e-0fdff3a4721b,2026-08-11T20:15:00Z,2026-08-11T22:15:00+0200,204.49,EUR/MWh,ES,ES,imbalance_price,Short,2026-08-28T02:01:39Z
2026-08-28T01:53:23Z,2026-08-28T03:53:23+0200,565fb0ed-db72-48c6-a54e-0fdff3a4721b,2026-08-11T20:30:00Z,2026-08-11T22:30:00+0200,128.43,EUR/MWh,ES,ES,imbalance_price,Long,2026-08-28T02:01:39Z
2026-08-28T01:53:23Z,2026-08-28T03:53:23+0200,565fb0ed-db72-48c6-a54e-0fdff3a4721b,2026-08-11T20:30:00Z,2026-08-11T22:30:00+0200,194.67,EUR/MWh,ES,ES,imbalance_price,Short,2026-08-28T02:01:39Z
2026-08-28T01:53:23Z,2026-08-28T03:53:23+0200,565fb0ed-db72-48c6-a54e-0fdff3a4721b,2026-08-11T20:45:00Z,2026-08-11T22:45:00+0200,186.79,EUR/MWh,ES,ES,imbalance_price,Long,2026-08-28T02:01:39Z
2026-08-28T01:53:23Z,2026-08-28T03:53:23+0200,565fb0ed-db72-48c6-a54e-0fdff3a4721b,2026-08-11T20:45:00Z,2026-08-11T22:45:00+0200,186.79,EUR/MWh,ES,ES,imbalance_price,Short,2026-08-28T02:01:39Z
2026-08-28T01:53:23Z,2026-08-28T03:53:23+0200,565fb0ed-db72-48c6-a54e-0fdff3a4721b,2026-08-11T21:00:00Z,2026-08-11T23:00:00+0200,193.06,EUR/MWh,ES,ES,imbalance_price,Long,2026-08-28T02:01:39Z
2026-08-28T01:53:23Z,2026-08-28T03:53:23+0200,565fb0ed-db72-48c6-a54e-0fdff3a4721b,2026-08-11T21:00:00Z,2026-08-11T23:00:00+0200,193.06,EUR/MWh,ES,ES,imbalance_price,Short,2026-08-28T02:01:39Z
2026-08-28T01:53:23Z,2026-08-28T03:53:23+0200,565fb0ed-db72-48c6-a54e-0fdff3a4721b,2026-08-11T21:15:00Z,2026-08-11T23:15:00+0200,195.33,EUR/MWh,ES,ES,imbalance_price,Long,2026-08-28T02:01:39Z
2026-08-28T01:53:23Z,2026-08-28T03:53:23+0200,565fb0ed-db72-48c6-a54e-0fdff3a4721b,2026-08-11T21:15:00Z,2026-08-11T23:15:00+0200,195.33,EUR/MWh,ES,ES,imbalance_price,Short,2026-08-28T02:01:39Z
2026-08-28T01:53:23Z,2026-08-28T03:53:23+0200,565fb0ed-db72-48c6-a54e-0fdff3a4721b,2026-08-11T21:30:00Z,2026-08-11T23:30:00+0200,193.72,EUR/MWh,ES,ES,imbalance_price,Long,2026-08-28T02:01:39Z
2026-08-28T01:53:23Z,2026-08-28T03:53:23+0200,565fb0ed-db72-48c6-a54e-0fdff3a4721b,2026-08-11T21:30:00Z,2026-08-11T23:30:00+0200,193.72,EUR/MWh,ES,ES,imbalance_price,Short,2026-08-28T02:01:39Z
2026-08-28T01:53:23Z,2026-08-28T03:53:23+0200,565fb0ed-db72-48c6-a54e-0fdff3a4721b,2026-08-11T21:45:00Z,2026-08-11T23:45:00+0200,135.84,EUR/MWh,ES,ES,imbalance_price,Long,2026-08-28T02:01:39Z
2026-08-28T01:53:23Z,2026-08-28T03:53:23+0200,565fb0ed-db72-48c6-a54e-0fdff3a4721b,2026-08-11T21:45:00Z,2026-08-11T23:45:00+0200,206.55,EUR/MWh,ES,ES,imbalance_price,Short,2026-08-28T02:01:39Z
2026-08-28T01:53:23Z,2026-08-28T03:53:23+0200,565fb0ed-db72-48c6-a54e-0fdff3a4721b,2026-08-11T22:00:00Z,2026-08-12T00:00:00+0200,144.34,EUR/MWh,ES,ES,imbalance_price,Long,2026-08-28T02:01:39Z
2026-08-28T01:53:23Z,2026-08-28T03:53:23+0200,565fb0ed-db72-48c6-a54e-0fdff3a4721b,2026-08-11T22:00:00Z,2026-08-12T00:00:00+0200,195.87,EUR/MWh,ES,ES,imbalance_price,Short,2026-08-28T02:01:39Z
2026-08-28T01:53:23Z,2026-08-28T03:53:23+0200,565fb0ed-db72-48c6-a54e-0fdff3a4721b,2026-08-11T22:15:00Z,2026-08-12T00:15:00+0200,148.38,EUR/MWh,ES,ES,imbalance_price,Long,2026-08-28T02:01:39Z
2026-08-28T01:53:23Z,2026-08-28T03:53:23+0200,565fb0ed-db72-48c6-a54e-0fdff3a4721b,2026-08-11T22:15:00Z,2026-08-12T00:15:00+0200,188.64,EUR/MWh,ES,ES,imbalance_price,Short,2026-08-28T02:01:39Z
2026-08-28T01:53:23Z,2026-08-28T03:53:23+0200,565fb0ed-db72-48c6-a54e-0fdff3a4721b,2026-08-11T22:30:00Z,2026-08-12T00:30:00+0200,126.57,EUR/MWh,ES,ES,imbalance_price,Long,2026-08-28T02:01:39Z
2026-08-28T01:53:23Z,2026-08-28T03:53:23+0200,565fb0ed-db72-48c6-a54e-0fdff3a4721b,2026-08-11T22:30:00Z,2026-08-12T00:30:00+0200,182.13,EUR/MWh,ES,ES,imbalance_price,Short,2026-08-28T02:01:39Z
2026-08-28T01:53:23Z,2026-08-28T03:53:23+0200,565fb0ed-db72-48c6-a54e-0fdff3a4721b,2026-08-11T22:45:00Z,2026-08-12T00:45:00+0200,126.6,EUR/MWh,ES,ES,imbalance_price,Long,2026-08-28T02:01:39Z
2026-08-28T01:53:23Z,2026-08-28T03:53:23+0200,565fb0ed-db72-48c6-a54e-0fdff3a4721b,2026-08-11T22:45:00Z,2026-08-12T00:45:00+0200,155.03,EUR/MWh,ES,ES,imbalance_price,Short,2026-08-28T02:01:39Z
2026-08-28T01:53:23Z,2026-08-28T03:53:23+0200,565fb0ed-db72-48c6-a54e-0fdff3a4721b,2026-08-11T23:00:00Z,2026-08-12T01:00:00+0200,115.38,EUR/MWh,ES,ES,imbalance_price,Long,2026-08-28T02:01:39Z
2026-08-28T01:53:23Z,2026-08-28T03:53:23+0200,565fb0ed-db72-48c6-a54e-0fdff3a4721b,2026-08-11T23:00:00Z,2026-08-12T01:00:00+0200,169.75,EUR/MWh,ES,ES,imbalance_price,Short,2026-08-28T02:01:39Z
2026-08-28T01:53:23Z,2026-08-28T03:53:23+0200,565fb0ed-db72-48c6-a54e-0fdff3a4721b,2026-08-11T23:15:00Z,2026-08-12T01:15:00+0200,171.87,EUR/MWh,ES,ES,imbalance_price,Long,2026-08-28T02:01:39Z
2026-08-28T01:53:23Z,2026-08-28T03:53:23+0200,565fb0ed-db72-48c6-a54e-0fdff3a4721b,2026-08-11T23:15:00Z,2026-08-12T01:15:00+0200,171.87,EUR/MWh,ES,ES,imbalance_price,Short,2026-08-28T02:01:39Z
2026-08-28T01:53:23Z,2026-08-28T03:53:23+0200,565fb0ed-db72-48c6-a54e-0fdff3a4721b,2026-08-11T23:30:00Z,2026-08-12T01:30:00+0200,179.27,EUR/MWh,ES,ES,imbalance_price,Long,2026-08-28T02:01:39Z
2026-08-28T01:53:23Z,2026-08-28T03:53:23+0200,565fb0ed-db72-48c6-a54e-0fdff3a4721b,2026-08-11T23:30:00Z,2026-08-12T01:30:00+0200,179.27,EUR/MWh,ES,ES,imbalance_price,Short,2026-08-28T02:01:39Z
2026-08-28T01:53:23Z,2026-08-28T03:53:23+0200,565fb0ed-db72-48c6-a54e-0fdff3a4721b,2026-08-11T23:45:00Z,2026-08-12T01:45:00+0200,195.17,EUR/MWh,ES,ES,imbalance_price,Long,2026-08-28T02:01:39Z
2026-08-28T01:53:23Z,2026-08-28T03:53:23+0200,565fb0ed-db72-48c6-a54e-0fdff3a4721b,2026-08-11T23:45:00Z,2026-08-12T01:45:00+0200,195.17,EUR/MWh,ES,ES,imbalance_price,Short,2026-08-28T02:01:39Z
2026-08-28T01:53:23Z,2026-08-28T03:53:23+0200,565fb0ed-db72-48c6-a54e-0fdff3a4721b,2026-08-12T00:00:00Z,2026-08-12T02:00:00+0200,11.2,EUR/MWh,ES,ES,imbalance_price,Long,2026-08-28T02:01:39Z
2026-08-28T01:53:23Z,2026-08-28T03:53:23+0200,565fb0ed-db72-48c6-a54e-0fdff3a4721b,2026-08-12T00:00:00Z,2026-08-12T02:00:00+0200,194.79,EUR/MWh,ES,ES,imbalance_price,Short,2026-08-28T02:01:39Z
2026-08-28T01:53:23Z,2026-08-28T03:53:23+0200,565fb0ed-db72-48c6-a54e-0fdff3a4721b,2026-08-12T00:15:00Z,2026-08-12T02:15:00+0200,112.2,EUR/MWh,ES,ES,imbalance_price,Long,2026-08-28T02:01:39Z
2026-08-28T01:53:23Z,2026-08-28T03:53:23+0200,565fb0ed-db72-48c6-a54e-0fdff3a4721b,2026-08-12T00:15:00Z,2026-08-12T02:15:00+0200,197.71,EUR/MWh,ES,ES,imbalance_price,Short,2026-08-28T02:01:39Z
2026-08-28T01:53:23Z,2026-08-28T03:53:23+0200,565fb0ed-db72-48c6-a54e-0fdff3a4721b,2026-08-12T00:30:00Z,2026-08-12T02:30:00+0200,108.72,EUR/MWh,ES,ES,imbalance_price,Long,2026-08-28T02:01:39Z
2026-08-28T01:53:23Z,2026-08-28T03:53:23+0200,565fb0ed-db72-48c6-a54e-0fdff3a4721b,2026-08-12T00:30:00Z,2026-08-12T02:30:00+0200,212.76,EUR/MWh,ES,ES,imbalance_price,Short,2026-08-28T02:01:39Z
2026-08-28T01:53:23Z,2026-08-28T03:53:23+0200,565fb0ed-db72-48c6-a54e-0fdff3a4721b,2026-08-12T00:45:00Z,2026-08-12T02:45:00+0200,126.56,EUR/MWh,ES,ES,imbalance_price,Long,2026-08-28T02:01:39Z
2026-08-28T01:53:23Z,2026-08-28T03:53:23+0200,565fb0ed-db72-48c6-a54e-0fdff3a4721b,2026-08-12T00:45:00Z,2026-08-12T02:45:00+0200,212.87,EUR/MWh,ES,ES,imbalance_price,Short,2026-08-28T02:01:39Z
2026-08-28T01:53:23Z,2026-08-28T03:53:23+0200,565fb0ed-db72-48c6-a54e-0fdff3a4721b,2026-08-12T01:00:00Z,2026-08-12T03:00:00+0200,38.3,EUR/MWh,ES,ES,imbalance_price,Long,2026-08-28T02:01:39Z
2026-08-28T01:53:23Z,2026-08-28T03:53:23+0200,565fb0ed-db72-48c6-a54e-0fdff3a4721b,2026-08-12T01:00:00Z,2026-08-12T03:00:00+0200,197.78,EUR/MWh,ES,ES,imbalance_price,Short,2026-08-28T02:01:39Z
2026-08-28T01:53:23Z,2026-08-28T03:53:23+0200,565fb0ed-db72-48c6-a54e-0fdff3a4721b,2026-08-12T01:15:00Z,2026-08-12T03:15:00+0200,48.7,EUR/MWh,ES,ES,imbalance_price,Long,2026-08-28T02:01:39Z
2026-08-28T01:53:23Z,2026-08-28T03:53:23+0200,565fb0ed-db72-48c6-a54e-0fdff3a4721b,2026-08-12T01:15:00Z,2026-08-12T03:15:00+0200,197.67,EUR/MWh,ES,ES,imbalance_price,Short,2026-08-28T02:01:39Z
2026-08-28T01:53:23Z,2026-08-28T03:53:23+0200,565fb0ed-db72-48c6-a54e-0fdff3a4721b,2026-08-12T01:30:00Z,2026-08-12T03:30:00+0200,26.42,EUR/MWh,ES,ES,imbalance_price,Long,2026-08-28T02:01:39Z
2026-08-28T01:53:23Z,2026-08-28T03:53:23+0200,565fb0ed-db72-48c6-a54e-0fdff3a4721b,2026-08-12T01:30:00Z,2026-08-12T03:30:00+0200,197.68,EUR/MWh,ES,ES,imbalance_price,Short,2026-08-28T02:01:39Z
2026-08-28T01:53:23Z,2026-08-28T03:53:23+0200,565fb0ed-db72-48c6-a54e-0fdff3a4721b,2026-08-12T01:45:00Z,2026-08-12T03:45:00+0200,8.76,EUR/MWh,ES,ES,imbalance_price,Long,2026-08-28T02:01:39Z
2026-08-28T01:53:23Z,2026-08-28T03:53:23+0200,565fb0ed-db72-48c6-a54e-0fdff3a4721b,2026-08-12T01:45:00Z,2026-08-12T03:45:00+0200,202.48,EUR/MWh,ES,ES,imbalance_price,Short,2026-08-28T02:01:39Z
2026-08-28T01:53:23Z,2026-08-28T03:53:23+0200,565fb0ed-db72-48c6-a54e-0fdff3a4721b,2026-08-12T02:00:00Z,2026-08-12T04:00:00+0200,0.0,EUR/MWh,ES,ES,imbalance_price,Long,2026-08-28T02:01:39Z
2026-08-28T01:53:23Z,2026-08-28T03:53:23+0200,565fb0ed-db72-48c6-a54e-0fdff3a4721b,2026-08-12T02:00:00Z,2026-08-12T04:00:00+0200,195.02,EUR/MWh,ES,ES,imbalance_price,Short,2026-08-28T02:01:39Z
2026-08-28T01:53:23Z,2026-08-28T03:53:23+0200,565fb0ed-db72-48c6-a54e-0fdff3a4721b,2026-08-12T02:15:00Z,2026-08-12T04:15:00+0200,0.0,EUR/MWh,ES,ES,imbalance_price,Long,2026-08-28T02:01:39Z
2026-08-28T01:53:23Z,2026-08-28T03:53:23+0200,565fb0ed-db72-48c6-a54e-0fdff3a4721b,2026-08-12T02:15:00Z,2026-08-12T04:15:00+0200,200.24,EUR/MWh,ES,ES,imbalance_price,Short,2026-08-28T02:01:39Z
2026-08-28T01:53:23Z,2026-08-28T03:53:23+0200,565fb0ed-db72-48c6-a54e-0fdff3a4721b,2026-08-12T02:30:00Z,2026-08-12T04:30:00+0200,196.49,EUR/MWh,ES,ES,imbalance_price,Long,2026-08-28T02:01:39Z
2026-08-28T01:53:23Z,2026-08-28T03:53:23+0200,565fb0ed-db72-48c6-a54e-0fdff3a4721b,2026-08-12T02:30:00Z,2026-08-12T04:30:00+0200,196.49,EUR/MWh,ES,ES,imbalance_price,Short,2026-08-28T02:01:39Z
2026-08-28T01:53:23Z,2026-08-28T03:53:23+0200,565fb0ed-db72-48c6-a54e-0fdff3a4721b,2026-08-12T02:45:00Z,2026-08-12T04:45:00+0200,22.35,EUR/MWh,ES,ES,imbalance_price,Long,2026-08-28T02:01:39Z
2026-08-28T01:53:23Z,2026-08-28T03:53:23+0200,565fb0ed-db72-48c6-a54e-0fdff3a4721b,2026-08-12T02:45:00Z,2026-08-12T04:45:00+0200,197.43,EUR/MWh,ES,ES,imbalance_price,Short,2026-08-28T02:01:39Z
2026-08-28T01:53:23Z,2026-08-28T03:53:23+0200,565fb0ed-db72-48c6-a54e-0fdff3a4721b,2026-08-12T03:00:00Z,2026-08-12T05:00:00+0200,131.84,EUR/MWh,ES,ES,imbalance_price,Long,2026-08-28T02:01:39Z
2026-08-28T01:53:23Z,2026-08-28T03:53:23+0200,565fb0ed-db72-48c6-a54e-0fdff3a4721b,2026-08-12T03:00:00Z,2026-08-12T05:00:00+0200,214.79,EUR/MWh,ES,ES,imbalance_price,Short,2026-08-28T02:01:39Z
2026-08-28T01:53:23Z,2026-08-28T03:53:23+0200,565fb0ed-db72-48c6-a54e-0fdff3a4721b,2026-08-12T03:15:00Z,2026-08-12T05:15:00+0200,127.47,EUR/MWh,ES,ES,imbalance_price,Long,2026-08-28T02:01:39Z
2026-08-28T01:53:23Z,2026-08-28T03:53:23+0200,565fb0ed-db72-48c6-a54e-0fdff3a4721b,2026-08-12T03:15:00Z,2026-08-12T05:15:00+0200,214.82,EUR/MWh,ES,ES,imbalance_price,Short,2026-08-28T02:01:39Z
2026-08-28T01:53:23Z,2026-08-28T03:53:23+0200,565fb0ed-db72-48c6-a54e-0fdff3a4721b,2026-08-12T03:30:00Z,2026-08-12T05:30:00+0200,104.13,EUR/MWh,ES,ES,imbalance_price,Long,2026-08-28T02:01:39Z
2026-08-28T01:53:23Z,2026-08-28T03:53:23+0200,565fb0ed-db72-48c6-a54e-0fdff3a4721b,2026-08-12T03:30:00Z,2026-08-12T05:30:00+0200,196.18,EUR/MWh,ES,ES,imbalance_price,Short,2026-08-28T02:01:39Z
2026-08-28T01:53:23Z,2026-08-28T03:53:23+0200,565fb0ed-db72-48c6-a54e-0fdff3a4721b,2026-08-12T03:45:00Z,2026-08-12T05:45:00+0200,109.49,EUR/MWh,ES,ES,imbalance_price,Long,2026-08-28T02:01:39Z
2026-08-28T01:53:23Z,2026-08-28T03:53:23+0200,565fb0ed-db72-48c6-a54e-0fdff3a4721b,2026-08-12T03:45:00Z,2026-08-12T05:45:00+0200,194.41,EUR/MWh,ES,ES,imbalance_price,Short,2026-08-28T02:01:39Z
2026-08-28T01:53:23Z,2026-08-28T03:53:23+0200,565fb0ed-db72-48c6-a54e-0fdff3a4721b,2026-08-12T04:00:00Z,2026-08-12T06:00:00+0200,197.24,EUR/MWh,ES,ES,imbalance_price,Long,2026-08-28T02:01:39Z
2026-08-28T01:53:23Z,2026-08-28T03:53:23+0200,565fb0ed-db72-48c6-a54e-0fdff3a4721b,2026-08-12T04:00:00Z,2026-08-12T06:00:00+0200,197.24,EUR/MWh,ES,ES,imbalance_price,Short,2026-08-28T02:01:39Z
2026-08-28T01:53:23Z,2026-08-28T03:53:23+0200,565fb0ed-db72-48c6-a54e-0fdff3a4721b,2026-08-12T04:15:00Z,2026-08-12T06:15:00+0200,193.25,EUR/MWh,ES,ES,imbalance_price,Long,2026-08-28T02:01:39Z
2026-08-28T01:53:23Z,2026-08-28T03:53:23+0200,565fb0ed-db72-48c6-a54e-0fdff3a4721b,2026-08-12T04:15:00Z,2026-08-12T06:15:00+0200,193.25,EUR/MWh,ES,ES,imbalance_price,Short,2026-08-28T02:01:39Z
2026-08-28T01:53:23Z,2026-08-28T03:53:23+0200,565fb0ed-db72-48c6-a54e-0fdff3a4721b,2026-08-12T04:30:00Z,2026-08-12T06:30:00+0200,126.33,EUR/MWh,ES,ES,imbalance_price,Long,2026-08-28T02:01:39Z
2026-08-28T01:53:23Z,2026-08-28T03:53:23+0200,565fb0ed-db72-48c6-a54e-0fdff3a4721b,2026-08-12T04:30:00Z,2026-08-12T06:30:00+0200,201.9,EUR/MWh,ES,ES,imbalance_price,Short,2026-08-28T02:01:39Z
2026-08-28T01:53:23Z,2026-08-28T03:53:23+0200,565fb0ed-db72-48c6-a54e-0fdff3a4721b,2026-08-12T04:45:00Z,2026-08-12T06:45:00+0200,119.35,EUR/MWh,ES,ES,imbalance_price,Long,2026-08-28T02:01:39Z
2026-08-28T01:53:23Z,2026-08-28T03:53:23+0200,565fb0ed-db72-48c6-a54e-0fdff3a4721b,2026-08-12T04:45:00Z,2026-08-12T06:45:00+0200,195.44,EUR/MWh,ES,ES,imbalance_price,Short,2026-08-28T02:01:39Z
2026-08-28T01:53:23Z,2026-08-28T03:53:23+0200,565fb0ed-db72-48c6-a54e-0fdff3a4721b,2026-08-12T05:00:00Z,2026-08-12T07:00:00+0200,217.38,EUR/MWh,ES,ES,imbalance_price,Long,2026-08-28T02:01:39Z
2026-08-28T01:53:23Z,2026-08-28T03:53:23+0200,565fb0ed-db72-48c6-a54e-0fdff3a4721b,2026-08-12T05:00:00Z,2026-08-12T07:00:00+0200,217.38,EUR/MWh,ES,ES,imbalance_price,Short,2026-08-28T02:01:39Z
2026-08-28T01:53:23Z,2026-08-28T03:53:23+0200,565fb0ed-db72-48c6-a54e-0fdff3a4721b,2026-08-12T05:15:00Z,2026-08-12T07:15:00+0200,136.73,EUR/MWh,ES,ES,imbalance_price,Long,2026-08-28T02:01:39Z
2026-08-28T01:53:23Z,2026-08-28T03:53:23+0200,565fb0ed-db72-48c6-a54e-0fdff3a4721b,2026-08-12T05:15:00Z,2026-08-12T07:15:00+0200,195.79,EUR/MWh,ES,ES,imbalance_price,Short,2026-08-28T02:01:39Z
2026-08-28T01:53:23Z,2026-08-28T03:53:23+0200,565fb0ed-db72-48c6-a54e-0fdff3a4721b,2026-08-12T05:30:00Z,2026-08-12T07:30:00+0200,132.93,EUR/MWh,ES,ES,imbalance_price,Long,2026-08-28T02:01:39Z
2026-08-28T01:53:23Z,2026-08-28T03:53:23+0200,565fb0ed-db72-48c6-a54e-0fdff3a4721b,2026-08-12T05:30:00Z,2026-08-12T07:30:00+0200,190.96,EUR/MWh,ES,ES,imbalance_price,Short,2026-08-28T02:01:39Z
2026-08-28T01:53:23Z,2026-08-28T03:53:23+0200,565fb0ed-db72-48c6-a54e-0fdff3a4721b,2026-08-12T05:45:00Z,2026-08-12T07:45:00+0200,135.69,EUR/MWh,ES,ES,imbalance_price,Long,2026-08-28T02:01:39Z
2026-08-28T01:53:23Z,2026-08-28T03:53:23+0200,565fb0ed-db72-48c6-a54e-0fdff3a4721b,2026-08-12T05:45:00Z,2026-08-12T07:45:00+0200,185.64,EUR/MWh,ES,ES,imbalance_price,Short,2026-08-28T02:01:39Z
2026-08-28T01:53:23Z,2026-08-28T03:53:23+0200,565fb0ed-db72-48c6-a54e-0fdff3a4721b,2026-08-12T06:00:00Z,2026-08-12T08:00:00+0200,188.03,EUR/MWh,ES,ES,imbalance_price,Long,2026-08-28T02:01:39Z
2026-08-28T01:53:23Z,2026-08-28T03:53:23+0200,565fb0ed-db72-48c6-a54e-0fdff3a4721b,2026-08-12T06:00:00Z,2026-08-12T08:00:00+0200,188.03,EUR/MWh,ES,ES,imbalance_price,Short,2026-08-28T02:01:39Z
2026-08-28T01:53:23Z,2026-08-28T03:53:23+0200,565fb0ed-db72-48c6-a54e-0fdff3a4721b,2026-08-12T06:15:00Z,2026-08-12T08:15:00+0200,136.14,EUR/MWh,ES,ES,imbalance_price,Long,2026-08-28T02:01:39Z
2026-08-28T01:53:23Z,2026-08-28T03:53:23+0200,565fb0ed-db72-48c6-a54e-0fdff3a4721b,2026-08-12T06:15:00Z,2026-08-12T08:15:00+0200,151.68,EUR/MWh,ES,ES,imbalance_price,Short,2026-08-28T02:01:39Z
2026-08-28T01:53:23Z,2026-08-28T03:53:23+0200,565fb0ed-db72-48c6-a54e-0fdff3a4721b,2026-08-12T06:30:00Z,2026-08-12T08:30:00+0200,113.84,EUR/MWh,ES,ES,imbalance_price,Long,2026-08-28T02:01:39Z
2026-08-28T01:53:23Z,2026-08-28T03:53:23+0200,565fb0ed-db72-48c6-a54e-0fdff3a4721b,2026-08-12T06:30:00Z,2026-08-12T08:30:00+0200,148.21,EUR/MWh,ES,ES,imbalance_price,Short,2026-08-28T02:01:39Z
2026-08-28T01:53:23Z,2026-08-28T03:53:23+0200,565fb0ed-db72-48c6-a54e-0fdff3a4721b,2026-08-12T06:45:00Z,2026-08-12T08:45:00+0200,24.41,EUR/MWh,ES,ES,imbalance_price,Long,2026-08-28T02:01:39Z
2026-08-28T01:53:23Z,2026-08-28T03:53:23+0200,565fb0ed-db72-48c6-a54e-0fdff3a4721b,2026-08-12T06:45:00Z,2026-08-12T08:45:00+0200,139.81,EUR/MWh,ES,ES,imbalance_price,Short,2026-08-28T02:01:39Z
2026-08-28T01:53:23Z,2026-08-28T03:53:23+0200,565fb0ed-db72-48c6-a54e-0fdff3a4721b,2026-08-12T07:00:00Z,2026-08-12T09:00:00+0200,117.74,EUR/MWh,ES,ES,imbalance_price,Long,2026-08-28T02:01:39Z
2026-08-28T01:53:23Z,2026-08-28T03:53:23+0200,565fb0ed-db72-48c6-a54e-0fdff3a4721b,2026-08-12T07:00:00Z,2026-08-12T09:00:00+0200,157.71,EUR/MWh,ES,ES,imbalance_price,Short,2026-08-28T02:01:39Z
2026-08-28T01:53:23Z,2026-08-28T03:53:23+0200,565fb0ed-db72-48c6-a54e-0fdff3a4721b,2026-08-12T07:15:00Z,2026-08-12T09:15:00+0200,72.05,EUR/MWh,ES,ES,imbalance_price,Long,2026-08-28T02:01:39Z
2026-08-28T01:53:23Z,2026-08-28T03:53:23+0200,565fb0ed-db72-48c6-a54e-0fdff3a4721b,2026-08-12T07:15:00Z,2026-08-12T09:15:00+0200,156.73,EUR/MWh,ES,ES,imbalance_price,Short,2026-08-28T02:01:39Z
2026-08-28T01:53:23Z,2026-08-28T03:53:23+0200,565fb0ed-db72-48c6-a54e-0fdff3a4721b,2026-08-12T07:30:00Z,2026-08-12T09:30:00+0200,43.54,EUR/MWh,ES,ES,imbalance_price,Long,2026-08-28T02:01:39Z
2026-08-28T01:53:23Z,2026-08-28T03:53:23+0200,565fb0ed-db72-48c6-a54e-0fdff3a4721b,2026-08-12T07:30:00Z,2026-08-12T09:30:00+0200,138.64,EUR/MWh,ES,ES,imbalance_price,Short,2026-08-28T02:01:39Z
2026-08-28T01:53:23Z,2026-08-28T03:53:23+0200,565fb0ed-db72-48c6-a54e-0fdff3a4721b,2026-08-12T07:45:00Z,2026-08-12T09:45:00+0200,0.25,EUR/MWh,ES,ES,imbalance_price,Long,2026-08-28T02:01:39Z
2026-08-28T01:53:23Z,2026-08-28T03:53:23+0200,565fb0ed-db72-48c6-a54e-0fdff3a4721b,2026-08-12T07:45:00Z,2026-08-12T09:45:00+0200,53.68,EUR/MWh,ES,ES,imbalance_price,Short,2026-08-28T02:01:39Z
2026-08-28T01:53:23Z,2026-08-28T03:53:23+0200,565fb0ed-db72-48c6-a54e-0fdff3a4721b,2026-08-12T08:00:00Z,2026-08-12T10:00:00+0200,0.18,EUR/MWh,ES,ES,imbalance_price,Long,2026-08-28T02:01:39Z
2026-08-28T01:53:23Z,2026-08-28T03:53:23+0200,565fb0ed-db72-48c6-a54e-0fdff3a4721b,2026-08-12T08:00:00Z,2026-08-12T10:00:00+0200,132.0,EUR/MWh,ES,ES,imbalance_price,Short,2026-08-28T02:01:39Z
2026-08-28T01:53:23Z,2026-08-28T03:53:23+0200,565fb0ed-db72-48c6-a54e-0fdff3a4721b,2026-08-12T08:15:00Z,2026-08-12T10:15:00+0200,-0.24,EUR/MWh,ES,ES,imbalance_price,Long,2026-08-28T02:01:39Z
2026-08-28T01:53:23Z,2026-08-28T03:53:23+0200,565fb0ed-db72-48c6-a54e-0fdff3a4721b,2026-08-12T08:15:00Z,2026-08-12T10:15:00+0200,126.2,EUR/MWh,ES,ES,imbalance_price,Short,2026-08-28T02:01:39Z
2026-08-28T01:53:23Z,2026-08-28T03:53:23+0200,565fb0ed-db72-48c6-a54e-0fdff3a4721b,2026-08-12T08:30:00Z,2026-08-12T10:30:00+0200,-0.28,EUR/MWh,ES,ES,imbalance_price,Long,2026-08-28T02:01:39Z
2026-08-28T01:53:23Z,2026-08-28T03:53:23+0200,565fb0ed-db72-48c6-a54e-0fdff3a4721b,2026-08-12T08:30:00Z,2026-08-12T10:30:00+0200,-0.28,EUR/MWh,ES,ES,imbalance_price,Short,2026-08-28T02:01:39Z
2026-08-28T01:53:23Z,2026-08-28T03:53:23+0200,565fb0ed-db72-48c6-a54e-0fdff3a4721b,2026-08-12T08:45:00Z,2026-08-12T10:45:00+0200,-0.71,EUR/MWh,ES,ES,imbalance_price,Long,2026-08-28T02:01:39Z
2026-08-28T01:53:23Z,2026-08-28T03:53:23+0200,565fb0ed-db72-48c6-a54e-0fdff3a4721b,2026-08-12T08:45:00Z,2026-08-12T10:45:00+0200,-0.71,EUR/MWh,ES,ES,imbalance_price,Short,2026-08-28T02:01:39Z
2026-08-28T01:53:23Z,2026-08-28T03:53:23+0200,565fb0ed-db72-48c6-a54e-0fdff3a4721b,2026-08-12T09:00:00Z,2026-08-12T11:00:00+0200,-0.17,EUR/MWh,ES,ES,imbalance_price,Long,2026-08-28T02:01:39Z
2026-08-28T01:53:23Z,2026-08-28T03:53:23+0200,565fb0ed-db72-48c6-a54e-0fdff3a4721b,2026-08-12T09:00:00Z,2026-08-12T11:00:00+0200,32.43,EUR/MWh,ES,ES,imbalance_price,Short,2026-08-28T02:01:39Z
2026-08-28T01:53:23Z,2026-08-28T03:53:23+0200,565fb0ed-db72-48c6-a54e-0fdff3a4721b,2026-08-12T09:15:00Z,2026-08-12T11:15:00+0200,-1.48,EUR/MWh,ES,ES,imbalance_price,Long,2026-08-28T02:01:39Z
2026-08-28T01:53:23Z,2026-08-28T03:53:23+0200,565fb0ed-db72-48c6-a54e-0fdff3a4721b,2026-08-12T09:15:00Z,2026-08-12T11:15:00+0200,50.98,EUR/MWh,ES,ES,imbalance_price,Short,2026-08-28T02:01:39Z
2026-08-28T01:53:23Z,2026-08-28T03:53:23+0200,565fb0ed-db72-48c6-a54e-0fdff3a4721b,2026-08-12T09:30:00Z,2026-08-12T11:30:00+0200,-0.37,EUR/MWh,ES,ES,imbalance_price,Long,2026-08-28T02:01:39Z
2026-08-28T01:53:23Z,2026-08-28T03:53:23+0200,565fb0ed-db72-48c6-a54e-0fdff3a4721b,2026-08-12T09:30:00Z,2026-08-12T11:30:00+0200,182.24,EUR/MWh,ES,ES,imbalance_price,Short,2026-08-28T02:01:39Z
2026-08-28T01:53:23Z,2026-08-28T03:53:23+0200,565fb0ed-db72-48c6-a54e-0fdff3a4721b,2026-08-12T09:45:00Z,2026-08-12T11:45:00+0200,0.82,EUR/MWh,ES,ES,imbalance_price,Long,2026-08-28T02:01:39Z
2026-08-28T01:53:23Z,2026-08-28T03:53:23+0200,565fb0ed-db72-48c6-a54e-0fdff3a4721b,2026-08-12T09:45:00Z,2026-08-12T11:45:00+0200,0.0,EUR/MWh,ES,ES,imbalance_price,Short,2026-08-28T02:01:39Z
2026-08-28T01:53:23Z,2026-08-28T03:53:23+0200,565fb0ed-db72-48c6-a54e-0fdff3a4721b,2026-08-12T10:00:00Z,2026-08-12T12:00:00+0200,-1.29,EUR/MWh,ES,ES,imbalance_price,Long,2026-08-28T02:01:39Z
2026-08-28T01:53:23Z,2026-08-28T03:53:23+0200,565fb0ed-db72-48c6-a54e-0fdff3a4721b,2026-08-12T10:00:00Z,2026-08-12T12:00:00+0200,4.94,EUR/MWh,ES,ES,imbalance_price,Short,2026-08-28T02:01:39Z
2026-08-28T01:53:23Z,2026-08-28T03:53:23+0200,565fb0ed-db72-48c6-a54e-0fdff3a4721b,2026-08-12T10:15:00Z,2026-08-12T12:15:00+0200,0.03,EUR/MWh,ES,ES,imbalance_price,Long,2026-08-28T02:01:39Z
2026-08-28T01:53:23Z,2026-08-28T03:53:23+0200,565fb0ed-db72-48c6-a54e-0fdff3a4721b,2026-08-12T10:15:00Z,2026-08-12T12:15:00+0200,10.08,EUR/MWh,ES,ES,imbalance_price,Short,2026-08-28T02:01:39Z
2026-08-28T01:53:23Z,2026-08-28T03:53:23+0200,565fb0ed-db72-48c6-a54e-0fdff3a4721b,2026-08-12T10:30:00Z,2026-08-12T12:30:00+0200,0.05,EUR/MWh,ES,ES,imbalance_price,Long,2026-08-28T02:01:39Z
2026-08-28T01:53:23Z,2026-08-28T03:53:23+0200,565fb0ed-db72-48c6-a54e-0fdff3a4721b,2026-08-12T10:30:00Z,2026-08-12T12:30:00+0200,8.4,EUR/MWh,ES,ES,imbalance_price,Short,2026-08-28T02:01:39Z
2026-08-28T01:53:23Z,2026-08-28T03:53:23+0200,565fb0ed-db72-48c6-a54e-0fdff3a4721b,2026-08-12T10:45:00Z,2026-08-12T12:45:00+0200,-0.29,EUR/MWh,ES,ES,imbalance_price,Long,2026-08-28T02:01:39Z
2026-08-28T01:53:23Z,2026-08-28T03:53:23+0200,565fb0ed-db72-48c6-a54e-0fdff3a4721b,2026-08-12T10:45:00Z,2026-08-12T12:45:00+0200,-0.29,EUR/MWh,ES,ES,imbalance_price,Short,2026-08-28T02:01:39Z
2026-08-28T01:53:23Z,2026-08-28T03:53:23+0200,565fb0ed-db72-48c6-a54e-0fdff3a4721b,2026-08-12T11:00:00Z,2026-08-12T13:00:00+0200,-0.23,EUR/MWh,ES,ES,imbalance_price,Long,2026-08-28T02:01:39Z
2026-08-28T01:53:23Z,2026-08-28T03:53:23+0200,565fb0ed-db72-48c6-a54e-0fdff3a4721b,2026-08-12T11:00:00Z,2026-08-12T13:00:00+0200,-0.23,EUR/MWh,ES,ES,imbalance_price,Short,2026-08-28T02:01:39Z
2026-08-28T01:53:23Z,2026-08-28T03:53:23+0200,565fb0ed-db72-48c6-a54e-0fdff3a4721b,2026-08-12T11:15:00Z,2026-08-12T13:15:00+0200,-0.05,EUR/MWh,ES,ES,imbalance_price,Long,2026-08-28T02:01:39Z
2026-08-28T01:53:23Z,2026-08-28T03:53:23+0200,565fb0ed-db72-48c6-a54e-0fdff3a4721b,2026-08-12T11:15:00Z,2026-08-12T13:15:00+0200,1.55,EUR/MWh,ES,ES,imbalance_price,Short,2026-08-28T02:01:39Z
2026-08-28T01:53:23Z,2026-08-28T03:53:23+0200,565fb0ed-db72-48c6-a54e-0fdff3a4721b,2026-08-12T11:30:00Z,2026-08-12T13:30:00+0200,-0.01,EUR/MWh,ES,ES,imbalance_price,Long,2026-08-28T02:01:39Z
2026-08-28T01:53:23Z,2026-08-28T03:53:23+0200,565fb0ed-db72-48c6-a54e-0fdff3a4721b,2026-08-12T11:30:00Z,2026-08-12T13:30:00+0200,4.03,EUR/MWh,ES,ES,imbalance_price,Short,2026-08-28T02:01:39Z
2026-08-28T01:53:23Z,2026-08-28T03:53:23+0200,565fb0ed-db72-48c6-a54e-0fdff3a4721b,2026-08-12T11:45:00Z,2026-08-12T13:45:00+0200,-0.01,EUR/MWh,ES,ES,imbalance_price,Long,2026-08-28T02:01:39Z
2026-08-28T01:53:23Z,2026-08-28T03:53:23+0200,565fb0ed-db72-48c6-a54e-0fdff3a4721b,2026-08-12T11:45:00Z,2026-08-12T13:45:00+0200,7.66,EUR/MWh,ES,ES,imbalance_price,Short,2026-08-28T02:01:39Z
2026-08-28T01:53:23Z,2026-08-28T03:53:23+0200,565fb0ed-db72-48c6-a54e-0fdff3a4721b,2026-08-12T12:00:00Z,2026-08-12T14:00:00+0200,-0.85,EUR/MWh,ES,ES,imbalance_price,Long,2026-08-28T02:01:39Z
2026-08-28T01:53:23Z,2026-08-28T03:53:23+0200,565fb0ed-db72-48c6-a54e-0fdff3a4721b,2026-08-12T12:00:00Z,2026-08-12T14:00:00+0200,16.98,EUR/MWh,ES,ES,imbalance_price,Short,2026-08-28T02:01:39Z
2026-08-28T01:53:23Z,2026-08-28T03:53:23+0200,565fb0ed-db72-48c6-a54e-0fdff3a4721b,2026-08-12T12:15:00Z,2026-08-12T14:15:00+0200,0.03,EUR/MWh,ES,ES,imbalance_price,Long,2026-08-28T02:01:39Z
2026-08-28T01:53:23Z,2026-08-28T03:53:23+0200,565fb0ed-db72-48c6-a54e-0fdff3a4721b,2026-08-12T12:15:00Z,2026-08-12T14:15:00+0200,4.04,EUR/MWh,ES,ES,imbalance_price,Short,2026-08-28T02:01:39Z
2026-08-28T01:53:23Z,2026-08-28T03:53:23+0200,565fb0ed-db72-48c6-a54e-0fdff3a4721b,2026-08-12T12:30:00Z,2026-08-12T14:30:00+0200,-0.46,EUR/MWh,ES,ES,imbalance_price,Long,2026-08-28T02:01:39Z
2026-08-28T01:53:23Z,2026-08-28T03:53:23+0200,565fb0ed-db72-48c6-a54e-0fdff3a4721b,2026-08-12T12:30:00Z,2026-08-12T14:30:00+0200,21.17,EUR/MWh,ES,ES,imbalance_price,Short,2026-08-28T02:01:39Z
2026-08-28T01:53:23Z,2026-08-28T03:53:23+0200,565fb0ed-db72-48c6-a54e-0fdff3a4721b,2026-08-12T12:45:00Z,2026-08-12T14:45:00+0200,-0.54,EUR/MWh,ES,ES,imbalance_price,Long,2026-08-28T02:01:39Z
2026-08-28T01:53:23Z,2026-08-28T03:53:23+0200,565fb0ed-db72-48c6-a54e-0fdff3a4721b,2026-08-12T12:45:00Z,2026-08-12T14:45:00+0200,25.13,EUR/MWh,ES,ES,imbalance_price,Short,2026-08-28T02:01:39Z
2026-08-28T01:53:23Z,2026-08-28T03:53:23+0200,565fb0ed-db72-48c6-a54e-0fdff3a4721b,2026-08-12T13:00:00Z,2026-08-12T15:00:00+0200,-1.11,EUR/MWh,ES,ES,imbalance_price,Long,2026-08-28T02:01:39Z
2026-08-28T01:53:23Z,2026-08-28T03:53:23+0200,565fb0ed-db72-48c6-a54e-0fdff3a4721b,2026-08-12T13:00:00Z,2026-08-12T15:00:00+0200,5.02,EUR/MWh,ES,ES,imbalance_price,Short,2026-08-28T02:01:39Z
2026-08-28T01:53:23Z,2026-08-28T03:53:23+0200,565fb0ed-db72-48c6-a54e-0fdff3a4721b,2026-08-12T13:15:00Z,2026-08-12T15:15:00+0200,0.27,EUR/MWh,ES,ES,imbalance_price,Long,2026-08-28T02:01:39Z
2026-08-28T01:53:23Z,2026-08-28T03:53:23+0200,565fb0ed-db72-48c6-a54e-0fdff3a4721b,2026-08-12T13:15:00Z,2026-08-12T15:15:00+0200,0.27,EUR/MWh,ES,ES,imbalance_price,Short,2026-08-28T02:01:39Z
2026-08-28T01:53:23Z,2026-08-28T03:53:23+0200,565fb0ed-db72-48c6-a54e-0fdff3a4721b,2026-08-12T13:30:00Z,2026-08-12T15:30:00+0200,-0.54,EUR/MWh,ES,ES,imbalance_price,Long,2026-08-28T02:01:39Z
2026-08-28T01:53:23Z,2026-08-28T03:53:23+0200,565fb0ed-db72-48c6-a54e-0fdff3a4721b,2026-08-12T13:30:00Z,2026-08-12T15:30:00+0200,-0.54,EUR/MWh,ES,ES,imbalance_price,Short,2026-08-28T02:01:39Z
2026-08-28T01:53:23Z,2026-08-28T03:53:23+0200,565fb0ed-db72-48c6-a54e-0fdff3a4721b,2026-08-12T13:45:00Z,2026-08-12T15:45:00+0200,0.4,EUR/MWh,ES,ES,imbalance_price,Long,2026-08-28T02:01:39Z
2026-08-28T01:53:23Z,2026-08-28T03:53:23+0200,565fb0ed-db72-48c6-a54e-0fdff3a4721b,2026-08-12T13:45:00Z,2026-08-12T15:45:00+0200,29.71,EUR/MWh,ES,ES,imbalance_price,Short,2026-08-28T02:01:39Z
2026-08-28T01:53:23Z,2026-08-28T03:53:23+0200,565fb0ed-db72-48c6-a54e-0fdff3a4721b,2026-08-12T14:00:00Z,2026-08-12T16:00:00+0200,0.06,EUR/MWh,ES,ES,imbalance_price,Long,2026-08-28T02:01:39Z
2026-08-28T01:53:23Z,2026-08-28T03:53:23+0200,565fb0ed-db72-48c6-a54e-0fdff3a4721b,2026-08-12T14:00:00Z,2026-08-12T16:00:00+0200,64.7,EUR/MWh,ES,ES,imbalance_price,Short,2026-08-28T02:01:39Z
2026-08-28T01:53:23Z,2026-08-28T03:53:23+0200,565fb0ed-db72-48c6-a54e-0fdff3a4721b,2026-08-12T14:15:00Z,2026-08-12T16:15:00+0200,-1.24,EUR/MWh,ES,ES,imbalance_price,Long,2026-08-28T02:01:39Z
2026-08-28T01:53:23Z,2026-08-28T03:53:23+0200,565fb0ed-db72-48c6-a54e-0fdff3a4721b,2026-08-12T14:15:00Z,2026-08-12T16:15:00+0200,-1.24,EUR/MWh,ES,ES,imbalance_price,Short,2026-08-28T02:01:39Z
2026-08-28T01:53:23Z,2026-08-28T03:53:23+0200,565fb0ed-db72-48c6-a54e-0fdff3a4721b,2026-08-12T14:30:00Z,2026-08-12T16:30:00+0200,-5.72,EUR/MWh,ES,ES,imbalance_price,Long,2026-08-28T02:01:39Z
2026-08-28T01:53:23Z,2026-08-28T03:53:23+0200,565fb0ed-db72-48c6-a54e-0fdff3a4721b,2026-08-12T14:30:00Z,2026-08-12T16:30:00+0200,-5.72,EUR/MWh,ES,ES,imbalance_price,Short,2026-08-28T02:01:39Z
2026-08-28T01:53:23Z,2026-08-28T03:53:23+0200,565fb0ed-db72-48c6-a54e-0fdff3a4721b,2026-08-12T14:45:00Z,2026-08-12T16:45:00+0200,-3.24,EUR/MWh,ES,ES,imbalance_price,Long,2026-08-28T02:01:39Z
2026-08-28T01:53:23Z,2026-08-28T03:53:23+0200,565fb0ed-db72-48c6-a54e-0fdff3a4721b,2026-08-12T14:45:00Z,2026-08-12T16:45:00+0200,-3.24,EUR/MWh,ES,ES,imbalance_price,Short,2026-08-28T02:01:39Z
2026-08-28T01:53:23Z,2026-08-28T03:53:23+0200,565fb0ed-db72-48c6-a54e-0fdff3a4721b,2026-08-12T15:00:00Z,2026-08-12T17:00:00+0200,40.59,EUR/MWh,ES,ES,imbalance_price,Long,2026-08-28T02:01:39Z
2026-08-28T01:53:23Z,2026-08-28T03:53:23+0200,565fb0ed-db72-48c6-a54e-0fdff3a4721b,2026-08-12T15:00:00Z,2026-08-12T17:00:00+0200,40.59,EUR/MWh,ES,ES,imbalance_price,Short,2026-08-28T02:01:39Z
2026-08-28T01:53:23Z,2026-08-28T03:53:23+0200,565fb0ed-db72-48c6-a54e-0fdff3a4721b,2026-08-12T15:15:00Z,2026-08-12T17:15:00+0200,22.82,EUR/MWh,ES,ES,imbalance_price,Long,2026-08-28T02:01:39Z
2026-08-28T01:53:23Z,2026-08-28T03:53:23+0200,565fb0ed-db72-48c6-a54e-0fdff3a4721b,2026-08-12T15:15:00Z,2026-08-12T17:15:00+0200,70.0,EUR/MWh,ES,ES,imbalance_price,Short,2026-08-28T02:01:39Z
2026-08-28T01:53:23Z,2026-08-28T03:53:23+0200,565fb0ed-db72-48c6-a54e-0fdff3a4721b,2026-08-12T15:30:00Z,2026-08-12T17:30:00+0200,-4.3,EUR/MWh,ES,ES,imbalance_price,Long,2026-08-28T02:01:39Z
2026-08-28T01:53:23Z,2026-08-28T03:53:23+0200,565fb0ed-db72-48c6-a54e-0fdff3a4721b,2026-08-12T15:30:00Z,2026-08-12T17:30:00+0200,127.76,EUR/MWh,ES,ES,imbalance_price,Short,2026-08-28T02:01:39Z
2026-08-28T01:53:23Z,2026-08-28T03:53:23+0200,565fb0ed-db72-48c6-a54e-0fdff3a4721b,2026-08-12T15:45:00Z,2026-08-12T17:45:00+0200,-1.34,EUR/MWh,ES,ES,imbalance_price,Long,2026-08-28T02:01:39Z
2026-08-28T01:53:23Z,2026-08-28T03:53:23+0200,565fb0ed-db72-48c6-a54e-0fdff3a4721b,2026-08-12T15:45:00Z,2026-08-12T17:45:00+0200,130.62,EUR/MWh,ES,ES,imbalance_price,Short,2026-08-28T02:01:39Z
2026-08-28T01:53:23Z,2026-08-28T03:53:23+0200,565fb0ed-db72-48c6-a54e-0fdff3a4721b,2026-08-12T16:00:00Z,2026-08-12T18:00:00+0200,20.66,EUR/MWh,ES,ES,imbalance_price,Long,2026-08-28T02:01:39Z
2026-08-28T01:53:23Z,2026-08-28T03:53:23+0200,565fb0ed-db72-48c6-a54e-0fdff3a4721b,2026-08-12T16:00:00Z,2026-08-12T18:00:00+0200,116.06,EUR/MWh,ES,ES,imbalance_price,Short,2026-08-28T02:01:39Z
2026-08-28T01:53:23Z,2026-08-28T03:53:23+0200,565fb0ed-db72-48c6-a54e-0fdff3a4721b,2026-08-12T16:15:00Z,2026-08-12T18:15:00+0200,147.01,EUR/MWh,ES,ES,imbalance_price,Long,2026-08-28T02:01:39Z
2026-08-28T01:53:23Z,2026-08-28T03:53:23+0200,565fb0ed-db72-48c6-a54e-0fdff3a4721b,2026-08-12T16:15:00Z,2026-08-12T18:15:00+0200,147.01,EUR/MWh,ES,ES,imbalance_price,Short,2026-08-28T02:01:39Z
2026-08-28T01:53:23Z,2026-08-28T03:53:23+0200,565fb0ed-db72-48c6-a54e-0fdff3a4721b,2026-08-12T16:30:00Z,2026-08-12T18:30:00+0200,27.47,EUR/MWh,ES,ES,imbalance_price,Long,2026-08-28T02:01:39Z
2026-08-28T01:53:23Z,2026-08-28T03:53:23+0200,565fb0ed-db72-48c6-a54e-0fdff3a4721b,2026-08-12T16:30:00Z,2026-08-12T18:30:00+0200,141.28,EUR/MWh,ES,ES,imbalance_price,Short,2026-08-28T02:01:39Z
2026-08-28T01:53:23Z,2026-08-28T03:53:23+0200,565fb0ed-db72-48c6-a54e-0fdff3a4721b,2026-08-12T16:45:00Z,2026-08-12T18:45:00+0200,0.15,EUR/MWh,ES,ES,imbalance_price,Long,2026-08-28T02:01:39Z
2026-08-28T01:53:23Z,2026-08-28T03:53:23+0200,565fb0ed-db72-48c6-a54e-0fdff3a4721b,2026-08-12T16:45:00Z,2026-08-12T18:45:00+0200,142.64,EUR/MWh,ES,ES,imbalance_price,Short,2026-08-28T02:01:39Z
2026-08-28T01:53:23Z,2026-08-28T03:53:23+0200,565fb0ed-db72-48c6-a54e-0fdff3a4721b,2026-08-12T17:00:00Z,2026-08-12T19:00:00+0200,26.56,EUR/MWh,ES,ES,imbalance_price,Long,2026-08-28T02:01:39Z
2026-08-28T01:53:23Z,2026-08-28T03:53:23+0200,565fb0ed-db72-48c6-a54e-0fdff3a4721b,2026-08-12T17:00:00Z,2026-08-12T19:00:00+0200,141.82,EUR/MWh,ES,ES,imbalance_price,Short,2026-08-28T02:01:39Z
2026-08-28T01:53:23Z,2026-08-28T03:53:23+0200,565fb0ed-db72-48c6-a54e-0fdff3a4721b,2026-08-12T17:15:00Z,2026-08-12T19:15:00+0200,25.0,EUR/MWh,ES,ES,imbalance_price,Long,2026-08-28T02:01:39Z
2026-08-28T01:53:23Z,2026-08-28T03:53:23+0200,565fb0ed-db72-48c6-a54e-0fdff3a4721b,2026-08-12T17:15:00Z,2026-08-12T19:15:00+0200,146.49,EUR/MWh,ES,ES,imbalance_price,Short,2026-08-28T02:01:39Z
2026-08-28T01:53:23Z,2026-08-28T03:53:23+0200,565fb0ed-db72-48c6-a54e-0fdff3a4721b,2026-08-12T17:30:00Z,2026-08-12T19:30:00+0200,67.18,EUR/MWh,ES,ES,imbalance_price,Long,2026-08-28T02:01:39Z
2026-08-28T01:53:23Z,2026-08-28T03:53:23+0200,565fb0ed-db72-48c6-a54e-0fdff3a4721b,2026-08-12T17:30:00Z,2026-08-12T19:30:00+0200,177.89,EUR/MWh,ES,ES,imbalance_price,Short,2026-08-28T02:01:39Z
2026-08-28T01:53:23Z,2026-08-28T03:53:23+0200,565fb0ed-db72-48c6-a54e-0fdff3a4721b,2026-08-12T17:45:00Z,2026-08-12T19:45:00+0200,118.33,EUR/MWh,ES,ES,imbalance_price,Long,2026-08-28T02:01:39Z
2026-08-28T01:53:23Z,2026-08-28T03:53:23+0200,565fb0ed-db72-48c6-a54e-0fdff3a4721b,2026-08-12T17:45:00Z,2026-08-12T19:45:00+0200,169.09,EUR/MWh,ES,ES,imbalance_price,Short,2026-08-28T02:01:39Z
2026-08-28T01:53:23Z,2026-08-28T03:53:23+0200,565fb0ed-db72-48c6-a54e-0fdff3a4721b,2026-08-12T18:00:00Z,2026-08-12T20:00:00+0200,202.14,EUR/MWh,ES,ES,imbalance_price,Long,2026-08-28T02:01:39Z
2026-08-28T01:53:23Z,2026-08-28T03:53:23+0200,565fb0ed-db72-48c6-a54e-0fdff3a4721b,2026-08-12T18:00:00Z,2026-08-12T20:00:00+0200,202.14,EUR/MWh,ES,ES,imbalance_price,Short,2026-08-28T02:01:39Z
2026-08-28T01:53:23Z,2026-08-28T03:53:23+0200,565fb0ed-db72-48c6-a54e-0fdff3a4721b,2026-08-12T18:15:00Z,2026-08-12T20:15:00+0200,210.86,EUR/MWh,ES,ES,imbalance_price,Long,2026-08-28T02:01:39Z
2026-08-28T01:53:23Z,2026-08-28T03:53:23+0200,565fb0ed-db72-48c6-a54e-0fdff3a4721b,2026-08-12T18:15:00Z,2026-08-12T20:15:00+0200,210.86,EUR/MWh,ES,ES,imbalance_price,Short,2026-08-28T02:01:39Z
2026-08-28T01:53:23Z,2026-08-28T03:53:23+0200,565fb0ed-db72-48c6-a54e-0fdff3a4721b,2026-08-12T18:30:00Z,2026-08-12T20:30:00+0200,226.14,EUR/MWh,ES,ES,imbalance_price,Long,2026-08-28T02:01:39Z
2026-08-28T01:53:23Z,2026-08-28T03:53:23+0200,565fb0ed-db72-48c6-a54e-0fdff3a4721b,2026-08-12T18:30:00Z,2026-08-12T20:30:00+0200,226.14,EUR/MWh,ES,ES,imbalance_price,Short,2026-08-28T02:01:39Z
2026-08-28T01:53:23Z,2026-08-28T03:53:23+0200,565fb0ed-db72-48c6-a54e-0fdff3a4721b,2026-08-12T18:45:00Z,2026-08-12T20:45:00+0200,215.25,EUR/MWh,ES,ES,imbalance_price,Long,2026-08-28T02:01:39Z
2026-08-28T01:53:23Z,2026-08-28T03:53:23+0200,565fb0ed-db72-48c6-a54e-0fdff3a4721b,2026-08-12T18:45:00Z,2026-08-12T20:45:00+0200,215.25,EUR/MWh,ES,ES,imbalance_price,Short,2026-08-28T02:01:39Z
2026-08-28T01:53:23Z,2026-08-28T03:53:23+0200,565fb0ed-db72-48c6-a54e-0fdff3a4721b,2026-08-12T19:00:00Z,2026-08-12T21:00:00+0200,195.77,EUR/MWh,ES,ES,imbalance_price,Long,2026-08-28T02:01:39Z
2026-08-28T01:53:23Z,2026-08-28T03:53:23+0200,565fb0ed-db72-48c6-a54e-0fdff3a4721b,2026-08-12T19:00:00Z,2026-08-12T21:00:00+0200,195.77,EUR/MWh,ES,ES,imbalance_price,Short,2026-08-28T02:01:39Z
2026-08-28T01:53:23Z,2026-08-28T03:53:23+0200,565fb0ed-db72-48c6-a54e-0fdff3a4721b,2026-08-12T19:15:00Z,2026-08-12T21:15:00+0200,276.06,EUR/MWh,ES,ES,imbalance_price,Long,2026-08-28T02:01:39Z
2026-08-28T01:53:23Z,2026-08-28T03:53:23+0200,565fb0ed-db72-48c6-a54e-0fdff3a4721b,2026-08-12T19:15:00Z,2026-08-12T21:15:00+0200,276.06,EUR/MWh,ES,ES,imbalance_price,Short,2026-08-28T02:01:39Z
2026-08-28T01:53:23Z,2026-08-28T03:53:23+0200,565fb0ed-db72-48c6-a54e-0fdff3a4721b,2026-08-12T19:30:00Z,2026-08-12T21:30:00+0200,229.04,EUR/MWh,ES,ES,imbalance_price,Long,2026-08-28T02:01:39Z
2026-08-28T01:53:23Z,2026-08-28T03:53:23+0200,565fb0ed-db72-48c6-a54e-0fdff3a4721b,2026-08-12T19:30:00Z,2026-08-12T21:30:00+0200,229.04,EUR/MWh,ES,ES,imbalance_price,Short,2026-08-28T02:01:39Z
2026-08-28T01:53:23Z,2026-08-28T03:53:23+0200,565fb0ed-db72-48c6-a54e-0fdff3a4721b,2026-08-12T19:45:00Z,2026-08-12T21:45:00+0200,210.06,EUR/MWh,ES,ES,imbalance_price,Long,2026-08-28T02:01:39Z
2026-08-28T01:53:23Z,2026-08-28T03:53:23+0200,565fb0ed-db72-48c6-a54e-0fdff3a4721b,2026-08-12T19:45:00Z,2026-08-12T21:45:00+0200,210.06,EUR/MWh,ES,ES,imbalance_price,Short,2026-08-28T02:01:39Z
2026-08-28T01:53:23Z,2026-08-28T03:53:23+0200,565fb0ed-db72-48c6-a54e-0fdff3a4721b,2026-08-12T20:00:00Z,2026-08-12T22:00:00+0200,218.6,EUR/MWh,ES,ES,imbalance_price,Long,2026-08-28T02:01:39Z
2026-08-28T01:53:23Z,2026-08-28T03:53:23+0200,565fb0ed-db72-48c6-a54e-0fdff3a4721b,2026-08-12T20:00:00Z,2026-08-12T22:00:00+0200,218.6,EUR/MWh,ES,ES,imbalance_price,Short,2026-08-28T02:01:39Z
2026-08-28T01:53:23Z,2026-08-28T03:53:23+0200,565fb0ed-db72-48c6-a54e-0fdff3a4721b,2026-08-12T20:15:00Z,2026-08-12T22:15:00+0200,226.9,EUR/MWh,ES,ES,imbalance_price,Long,2026-08-28T02:01:39Z
2026-08-28T01:53:23Z,2026-08-28T03:53:23+0200,565fb0ed-db72-48c6-a54e-0fdff3a4721b,2026-08-12T20:15:00Z,2026-08-12T22:15:00+0200,226.9,EUR/MWh,ES,ES,imbalance_price,Short,2026-08-28T02:01:39Z
2026-08-28T01:53:23Z,2026-08-28T03:53:23+0200,565fb0ed-db72-48c6-a54e-0fdff3a4721b,2026-08-12T20:30:00Z,2026-08-12T22:30:00+0200,243.39,EUR/MWh,ES,ES,imbalance_price,Long,2026-08-28T02:01:39Z
2026-08-28T01:53:23Z,2026-08-28T03:53:23+0200,565fb0ed-db72-48c6-a54e-0fdff3a4721b,2026-08-12T20:30:00Z,2026-08-12T22:30:00+0200,243.39,EUR/MWh,ES,ES,imbalance_price,Short,2026-08-28T02:01:39Z
2026-08-28T01:53:23Z,2026-08-28T03:53:23+0200,565fb0ed-db72-48c6-a54e-0fdff3a4721b,2026-08-12T20:45:00Z,2026-08-12T22:45:00+0200,232.42,EUR/MWh,ES,ES,imbalance_price,Long,2026-08-28T02:01:39Z
2026-08-28T01:53:23Z,2026-08-28T03:53:23+0200,565fb0ed-db72-48c6-a54e-0fdff3a4721b,2026-08-12T20:45:00Z,2026-08-12T22:45:00+0200,232.42,EUR/MWh,ES,ES,imbalance_price,Short,2026-08-28T02:01:39Z
2026-08-28T01:53:23Z,2026-08-28T03:53:23+0200,565fb0ed-db72-48c6-a54e-0fdff3a4721b,2026-08-12T21:00:00Z,2026-08-12T23:00:00+0200,220.67,EUR/MWh,ES,ES,imbalance_price,Long,2026-08-28T02:01:39Z
2026-08-28T01:53:23Z,2026-08-28T03:53:23+0200,565fb0ed-db72-48c6-a54e-0fdff3a4721b,2026-08-12T21:00:00Z,2026-08-12T23:00:00+0200,220.67,EUR/MWh,ES,ES,imbalance_price,Short,2026-08-28T02:01:39Z
2026-08-28T01:53:23Z,2026-08-28T03:53:23+0200,565fb0ed-db72-48c6-a54e-0fdff3a4721b,2026-08-12T21:15:00Z,2026-08-12T23:15:00+0200,225.98,EUR/MWh,ES,ES,imbalance_price,Long,2026-08-28T02:01:39Z
2026-08-28T01:53:23Z,2026-08-28T03:53:23+0200,565fb0ed-db72-48c6-a54e-0fdff3a4721b,2026-08-12T21:15:00Z,2026-08-12T23:15:00+0200,225.98,EUR/MWh,ES,ES,imbalance_price,Short,2026-08-28T02:01:39Z
2026-08-28T01:53:23Z,2026-08-28T03:53:23+0200,565fb0ed-db72-48c6-a54e-0fdff3a4721b,2026-08-12T21:30:00Z,2026-08-12T23:30:00+0200,219.84,EUR/MWh,ES,ES,imbalance_price,Long,2026-08-28T02:01:39Z
2026-08-28T01:53:23Z,2026-08-28T03:53:23+0200,565fb0ed-db72-48c6-a54e-0fdff3a4721b,2026-08-12T21:30:00Z,2026-08-12T23:30:00+0200,219.84,EUR/MWh,ES,ES,imbalance_price,Short,2026-08-28T02:01:39Z
2026-08-28T01:53:23Z,2026-08-28T03:53:23+0200,565fb0ed-db72-48c6-a54e-0fdff3a4721b,2026-08-12T21:45:00Z,2026-08-12T23:45:00+0200,218.11,EUR/MWh,ES,ES,imbalance_price,Long,2026-08-28T02:01:39Z
2026-08-28T01:53:23Z,2026-08-28T03:53:23+0200,565fb0ed-db72-48c6-a54e-0fdff3a4721b,2026-08-12T21:45:00Z,2026-08-12T23:45:00+0200,218.11,EUR/MWh,ES,ES,imbalance_price,Short,2026-08-28T02:01:39Z
2026-08-28T01:53:23Z,2026-08-28T03:53:23+0200,565fb0ed-db72-48c6-a54e-0fdff3a4721b,2026-08-12T22:00:00Z,2026-08-13T00:00:00+0200,139.91,EUR/MWh,ES,ES,imbalance_price,Long,2026-08-28T02:01:39Z
2026-08-28T01:53:23Z,2026-08-28T03:53:23+0200,565fb0ed-db72-48c6-a54e-0fdff3a4721b,2026-08-12T22:00:00Z,2026-08-13T00:00:00+0200,191.94,EUR/MWh,ES,ES,imbalance_price,Short,2026-08-28T02:01:39Z
2026-08-28T01:53:23Z,2026-08-28T03:53:23+0200,565fb0ed-db72-48c6-a54e-0fdff3a4721b,2026-08-12T22:15:00Z,2026-08-13T00:15:00+0200,159.22,EUR/MWh,ES,ES,imbalance_price,Long,2026-08-28T02:01:39Z
2026-08-28T01:53:23Z,2026-08-28T03:53:23+0200,565fb0ed-db72-48c6-a54e-0fdff3a4721b,2026-08-12T22:15:00Z,2026-08-13T00:15:00+0200,159.22,EUR/MWh,ES,ES,imbalance_price,Short,2026-08-28T02:01:39Z
2026-08-28T01:53:23Z,2026-08-28T03:53:23+0200,565fb0ed-db72-48c6-a54e-0fdff3a4721b,2026-08-12T22:30:00Z,2026-08-13T00:30:00+0200,117.1,EUR/MWh,ES,ES,imbalance_price,Long,2026-08-28T02:01:39Z
2026-08-28T01:53:23Z,2026-08-28T03:53:23+0200,565fb0ed-db72-48c6-a54e-0fdff3a4721b,2026-08-12T22:30:00Z,2026-08-13T00:30:00+0200,150.73,EUR/MWh,ES,ES,imbalance_price,Short,2026-08-28T02:01:39Z
2026-08-28T01:53:23Z,2026-08-28T03:53:23+0200,565fb0ed-db72-48c6-a54e-0fdff3a4721b,2026-08-12T22:45:00Z,2026-08-13T00:45:00+0200,64.84,EUR/MWh,ES,ES,imbalance_price,Long,2026-08-28T02:01:39Z
2026-08-28T01:53:23Z,2026-08-28T03:53:23+0200,565fb0ed-db72-48c6-a54e-0fdff3a4721b,2026-08-12T22:45:00Z,2026-08-13T00:45:00+0200,150.72,EUR/MWh,ES,ES,imbalance_price,Short,2026-08-28T02:01:39Z
2026-08-28T01:53:23Z,2026-08-28T03:53:23+0200,565fb0ed-db72-48c6-a54e-0fdff3a4721b,2026-08-12T23:00:00Z,2026-08-13T01:00:00+0200,97.36,EUR/MWh,ES,ES,imbalance_price,Long,2026-08-28T02:01:39Z
2026-08-28T01:53:23Z,2026-08-28T03:53:23+0200,565fb0ed-db72-48c6-a54e-0fdff3a4721b,2026-08-12T23:00:00Z,2026-08-13T01:00:00+0200,154.66,EUR/MWh,ES,ES,imbalance_price,Short,2026-08-28T02:01:39Z
2026-08-28T01:53:23Z,2026-08-28T03:53:23+0200,565fb0ed-db72-48c6-a54e-0fdff3a4721b,2026-08-12T23:15:00Z,2026-08-13T01:15:00+0200,113.48,EUR/MWh,ES,ES,imbalance_price,Long,2026-08-28T02:01:39Z
2026-08-28T01:53:23Z,2026-08-28T03:53:23+0200,565fb0ed-db72-48c6-a54e-0fdff3a4721b,2026-08-12T23:15:00Z,2026-08-13T01:15:00+0200,154.89,EUR/MWh,ES,ES,imbalance_price,Short,2026-08-28T02:01:39Z
2026-08-28T01:53:23Z,2026-08-28T03:53:23+0200,565fb0ed-db72-48c6-a54e-0fdff3a4721b,2026-08-12T23:30:00Z,2026-08-13T01:30:00+0200,82.89,EUR/MWh,ES,ES,imbalance_price,Long,2026-08-28T02:01:39Z
2026-08-28T01:53:23Z,2026-08-28T03:53:23+0200,565fb0ed-db72-48c6-a54e-0fdff3a4721b,2026-08-12T23:30:00Z,2026-08-13T01:30:00+0200,154.56,EUR/MWh,ES,ES,imbalance_price,Short,2026-08-28T02:01:39Z
2026-08-28T01:53:23Z,2026-08-28T03:53:23+0200,565fb0ed-db72-48c6-a54e-0fdff3a4721b,2026-08-12T23:45:00Z,2026-08-13T01:45:00+0200,74.72,EUR/MWh,ES,ES,imbalance_price,Long,2026-08-28T02:01:39Z
2026-08-28T01:53:23Z,2026-08-28T03:53:23+0200,565fb0ed-db72-48c6-a54e-0fdff3a4721b,2026-08-12T23:45:00Z,2026-08-13T01:45:00+0200,153.73,EUR/MWh,ES,ES,imbalance_price,Short,2026-08-28T02:01:39Z
2026-08-28T01:53:23Z,2026-08-28T03:53:23+0200,565fb0ed-db72-48c6-a54e-0fdff3a4721b,2026-08-13T00:00:00Z,2026-08-13T02:00:00+0200,128.13,EUR/MWh,ES,ES,imbalance_price,Long,2026-08-28T02:01:39Z
2026-08-28T01:53:23Z,2026-08-28T03:53:23+0200,565fb0ed-db72-48c6-a54e-0fdff3a4721b,2026-08-13T00:00:00Z,2026-08-13T02:00:00+0200,153.35,EUR/MWh,ES,ES,imbalance_price,Short,2026-08-28T02:01:39Z
2026-08-28T01:53:23Z,2026-08-28T03:53:23+0200,565fb0ed-db72-48c6-a54e-0fdff3a4721b,2026-08-13T00:15:00Z,2026-08-13T02:15:00+0200,151.69,EUR/MWh,ES,ES,imbalance_price,Long,2026-08-28T02:01:39Z
2026-08-28T01:53:23Z,2026-08-28T03:53:23+0200,565fb0ed-db72-48c6-a54e-0fdff3a4721b,2026-08-13T00:15:00Z,2026-08-13T02:15:00+0200,151.69,EUR/MWh,ES,ES,imbalance_price,Short,2026-08-28T02:01:39Z
2026-08-28T01:53:23Z,2026-08-28T03:53:23+0200,565fb0ed-db72-48c6-a54e-0fdff3a4721b,2026-08-13T00:30:00Z,2026-08-13T02:30:00+0200,150.95,EUR/MWh,ES,ES,imbalance_price,Long,2026-08-28T02:01:39Z
2026-08-28T01:53:23Z,2026-08-28T03:53:23+0200,565fb0ed-db72-48c6-a54e-0fdff3a4721b,2026-08-13T00:30:00Z,2026-08-13T02:30:00+0200,150.95,EUR/MWh,ES,ES,imbalance_price,Short,2026-08-28T02:01:39Z
2026-08-28T01:53:23Z,2026-08-28T03:53:23+0200,565fb0ed-db72-48c6-a54e-0fdff3a4721b,2026-08-13T00:45:00Z,2026-08-13T02:45:00+0200,158.82,EUR/MWh,ES,ES,imbalance_price,Long,2026-08-28T02:01:39Z
2026-08-28T01:53:23Z,2026-08-28T03:53:23+0200,565fb0ed-db72-48c6-a54e-0fdff3a4721b,2026-08-13T00:45:00Z,2026-08-13T02:45:00+0200,158.82,EUR/MWh,ES,ES,imbalance_price,Short,2026-08-28T02:01:39Z
2026-08-28T01:53:23Z,2026-08-28T03:53:23+0200,565fb0ed-db72-48c6-a54e-0fdff3a4721b,2026-08-13T01:00:00Z,2026-08-13T03:00:00+0200,170.79,EUR/MWh,ES,ES,imbalance_price,Long,2026-08-28T02:01:39Z
2026-08-28T01:53:23Z,2026-08-28T03:53:23+0200,565fb0ed-db72-48c6-a54e-0fdff3a4721b,2026-08-13T01:00:00Z,2026-08-13T03:00:00+0200,170.79,EUR/MWh,ES,ES,imbalance_price,Short,2026-08-28T02:01:39Z
2026-08-28T01:53:23Z,2026-08-28T03:53:23+0200,565fb0ed-db72-48c6-a54e-0fdff3a4721b,2026-08-13T01:15:00Z,2026-08-13T03:15:00+0200,164.99,EUR/MWh,ES,ES,imbalance_price,Long,2026-08-28T02:01:39Z
2026-08-28T01:53:23Z,2026-08-28T03:53:23+0200,565fb0ed-db72-48c6-a54e-0fdff3a4721b,2026-08-13T01:15:00Z,2026-08-13T03:15:00+0200,164.99,EUR/MWh,ES,ES,imbalance_price,Short,2026-08-28T02:01:39Z
2026-08-28T01:53:23Z,2026-08-28T03:53:23+0200,565fb0ed-db72-48c6-a54e-0fdff3a4721b,2026-08-13T01:30:00Z,2026-08-13T03:30:00+0200,186.28,EUR/MWh,ES,ES,imbalance_price,Long,2026-08-28T02:01:39Z
2026-08-28T01:53:23Z,2026-08-28T03:53:23+0200,565fb0ed-db72-48c6-a54e-0fdff3a4721b,2026-08-13T01:30:00Z,2026-08-13T03:30:00+0200,186.28,EUR/MWh,ES,ES,imbalance_price,Short,2026-08-28T02:01:39Z
2026-08-28T01:53:23Z,2026-08-28T03:53:23+0200,565fb0ed-db72-48c6-a54e-0fdff3a4721b,2026-08-13T01:45:00Z,2026-08-13T03:45:00+0200,190.21,EUR/MWh,ES,ES,imbalance_price,Long,2026-08-28T02:01:39Z
2026-08-28T01:53:23Z,2026-08-28T03:53:23+0200,565fb0ed-db72-48c6-a54e-0fdff3a4721b,2026-08-13T01:45:00Z,2026-08-13T03:45:00+0200,190.21,EUR/MWh,ES,ES,imbalance_price,Short,2026-08-28T02:01:39Z
2026-08-28T01:53:23Z,2026-08-28T03:53:23+0200,565fb0ed-db72-48c6-a54e-0fdff3a4721b,2026-08-13T02:00:00Z,2026-08-13T04:00:00+0200,184.96,EUR/MWh,ES,ES,imbalance_price,Long,2026-08-28T02:01:39Z
2026-08-28T01:53:23Z,2026-08-28T03:53:23+0200,565fb0ed-db72-48c6-a54e-0fdff3a4721b,2026-08-13T02:00:00Z,2026-08-13T04:00:00+0200,184.96,EUR/MWh,ES,ES,imbalance_price,Short,2026-08-28T02:01:39Z
2026-08-28T01:53:23Z,2026-08-28T03:53:23+0200,565fb0ed-db72-48c6-a54e-0fdff3a4721b,2026-08-13T02:15:00Z,2026-08-13T04:15:00+0200,99.36,EUR/MWh,ES,ES,imbalance_price,Long,2026-08-28T02:01:39Z
2026-08-28T01:53:23Z,2026-08-28T03:53:23+0200,565fb0ed-db72-48c6-a54e-0fdff3a4721b,2026-08-13T02:15:00Z,2026-08-13T04:15:00+0200,183.18,EUR/MWh,ES,ES,imbalance_price,Short,2026-08-28T02:01:39Z
2026-08-28T01:53:23Z,2026-08-28T03:53:23+0200,565fb0ed-db72-48c6-a54e-0fdff3a4721b,2026-08-13T02:30:00Z,2026-08-13T04:30:00+0200,101.47,EUR/MWh,ES,ES,imbalance_price,Long,2026-08-28T02:01:39Z
2026-08-28T01:53:23Z,2026-08-28T03:53:23+0200,565fb0ed-db72-48c6-a54e-0fdff3a4721b,2026-08-13T02:30:00Z,2026-08-13T04:30:00+0200,181.28,EUR/MWh,ES,ES,imbalance_price,Short,2026-08-28T02:01:39Z
2026-08-28T01:53:23Z,2026-08-28T03:53:23+0200,565fb0ed-db72-48c6-a54e-0fdff3a4721b,2026-08-13T02:45:00Z,2026-08-13T04:45:00+0200,162.94,EUR/MWh,ES,ES,imbalance_price,Long,2026-08-28T02:01:39Z
2026-08-28T01:53:23Z,2026-08-28T03:53:23+0200,565fb0ed-db72-48c6-a54e-0fdff3a4721b,2026-08-13T02:45:00Z,2026-08-13T04:45:00+0200,162.94,EUR/MWh,ES,ES,imbalance_price,Short,2026-08-28T02:01:39Z
2026-08-28T01:53:23Z,2026-08-28T03:53:23+0200,565fb0ed-db72-48c6-a54e-0fdff3a4721b,2026-08-13T03:00:00Z,2026-08-13T05:00:00+0200,164.62,EUR/MWh,ES,ES,imbalance_price,Long,2026-08-28T02:01:39Z
2026-08-28T01:53:23Z,2026-08-28T03:53:23+0200,565fb0ed-db72-48c6-a54e-0fdff3a4721b,2026-08-13T03:00:00Z,2026-08-13T05:00:00+0200,164.62,EUR/MWh,ES,ES,imbalance_price,Short,2026-08-28T02:01:39Z
2026-08-28T01:53:23Z,2026-08-28T03:53:23+0200,565fb0ed-db72-48c6-a54e-0fdff3a4721b,2026-08-13T03:15:00Z,2026-08-13T05:15:00+0200,164.03,EUR/MWh,ES,ES,imbalance_price,Long,2026-08-28T02:01:39Z
2026-08-28T01:53:23Z,2026-08-28T03:53:23+0200,565fb0ed-db72-48c6-a54e-0fdff3a4721b,2026-08-13T03:15:00Z,2026-08-13T05:15:00+0200,164.03,EUR/MWh,ES,ES,imbalance_price,Short,2026-08-28T02:01:39Z
2026-08-28T01:53:23Z,2026-08-28T03:53:23+0200,565fb0ed-db72-48c6-a54e-0fdff3a4721b,2026-08-13T03:30:00Z,2026-08-13T05:30:00+0200,172.1,EUR/MWh,ES,ES,imbalance_price,Long,2026-08-28T02:01:39Z
2026-08-28T01:53:23Z,2026-08-28T03:53:23+0200,565fb0ed-db72-48c6-a54e-0fdff3a4721b,2026-08-13T03:30:00Z,2026-08-13T05:30:00+0200,172.1,EUR/MWh,ES,ES,imbalance_price,Short,2026-08-28T02:01:39Z
2026-08-28T01:53:23Z,2026-08-28T03:53:23+0200,565fb0ed-db72-48c6-a54e-0fdff3a4721b,2026-08-13T03:45:00Z,2026-08-13T05:45:00+0200,130.04,EUR/MWh,ES,ES,imbalance_price,Long,2026-08-28T02:01:39Z
2026-08-28T01:53:23Z,2026-08-28T03:53:23+0200,565fb0ed-db72-48c6-a54e-0fdff3a4721b,2026-08-13T03:45:00Z,2026-08-13T05:45:00+0200,176.15,EUR/MWh,ES,ES,imbalance_price,Short,2026-08-28T02:01:39Z
2026-08-28T01:53:23Z,2026-08-28T03:53:23+0200,565fb0ed-db72-48c6-a54e-0fdff3a4721b,2026-08-13T04:00:00Z,2026-08-13T06:00:00+0200,124.32,EUR/MWh,ES,ES,imbalance_price,Long,2026-08-28T02:01:39Z
2026-08-28T01:53:23Z,2026-08-28T03:53:23+0200,565fb0ed-db72-48c6-a54e-0fdff3a4721b,2026-08-13T04:00:00Z,2026-08-13T06:00:00+0200,153.51,EUR/MWh,ES,ES,imbalance_price,Short,2026-08-28T02:01:39Z
2026-08-28T01:53:23Z,2026-08-28T03:53:23+0200,565fb0ed-db72-48c6-a54e-0fdff3a4721b,2026-08-13T04:15:00Z,2026-08-13T06:15:00+0200,138.49,EUR/MWh,ES,ES,imbalance_price,Long,2026-08-28T02:01:39Z
2026-08-28T01:53:23Z,2026-08-28T03:53:23+0200,565fb0ed-db72-48c6-a54e-0fdff3a4721b,2026-08-13T04:15:00Z,2026-08-13T06:15:00+0200,151.52,EUR/MWh,ES,ES,imbalance_price,Short,2026-08-28T02:01:39Z
2026-08-28T01:53:23Z,2026-08-28T03:53:23+0200,565fb0ed-db72-48c6-a54e-0fdff3a4721b,2026-08-13T04:30:00Z,2026-08-13T06:30:00+0200,136.83,EUR/MWh,ES,ES,imbalance_price,Long,2026-08-28T02:01:39Z
2026-08-28T01:53:23Z,2026-08-28T03:53:23+0200,565fb0ed-db72-48c6-a54e-0fdff3a4721b,2026-08-13T04:30:00Z,2026-08-13T06:30:00+0200,153.77,EUR/MWh,ES,ES,imbalance_price,Short,2026-08-28T02:01:39Z
2026-08-28T01:53:23Z,2026-08-28T03:53:23+0200,565fb0ed-db72-48c6-a54e-0fdff3a4721b,2026-08-13T04:45:00Z,2026-08-13T06:45:00+0200,32.23,EUR/MWh,ES,ES,imbalance_price,Long,2026-08-28T02:01:39Z
2026-08-28T01:53:23Z,2026-08-28T03:53:23+0200,565fb0ed-db72-48c6-a54e-0fdff3a4721b,2026-08-13T04:45:00Z,2026-08-13T06:45:00+0200,187.18,EUR/MWh,ES,ES,imbalance_price,Short,2026-08-28T02:01:39Z
2026-08-28T01:53:23Z,2026-08-28T03:53:23+0200,565fb0ed-db72-48c6-a54e-0fdff3a4721b,2026-08-13T05:00:00Z,2026-08-13T07:00:00+0200,190.11,EUR/MWh,ES,ES,imbalance_price,Long,2026-08-28T02:01:39Z
2026-08-28T01:53:23Z,2026-08-28T03:53:23+0200,565fb0ed-db72-48c6-a54e-0fdff3a4721b,2026-08-13T05:00:00Z,2026-08-13T07:00:00+0200,190.11,EUR/MWh,ES,ES,imbalance_price,Short,2026-08-28T02:01:39Z
2026-08-28T01:53:23Z,2026-08-28T03:53:23+0200,565fb0ed-db72-48c6-a54e-0fdff3a4721b,2026-08-13T05:15:00Z,2026-08-13T07:15:00+0200,174.5,EUR/MWh,ES,ES,imbalance_price,Long,2026-08-28T02:01:39Z
2026-08-28T01:53:23Z,2026-08-28T03:53:23+0200,565fb0ed-db72-48c6-a54e-0fdff3a4721b,2026-08-13T05:15:00Z,2026-08-13T07:15:00+0200,174.5,EUR/MWh,ES,ES,imbalance_price,Short,2026-08-28T02:01:39Z
2026-08-28T01:53:23Z,2026-08-28T03:53:23+0200,565fb0ed-db72-48c6-a54e-0fdff3a4721b,2026-08-13T05:30:00Z,2026-08-13T07:30:00+0200,174.96,EUR/MWh,ES,ES,imbalance_price,Long,2026-08-28T02:01:39Z
2026-08-28T01:53:23Z,2026-08-28T03:53:23+0200,565fb0ed-db72-48c6-a54e-0fdff3a4721b,2026-08-13T05:30:00Z,2026-08-13T07:30:00+0200,174.96,EUR/MWh,ES,ES,imbalance_price,Short,2026-08-28T02:01:39Z
2026-08-28T01:53:23Z,2026-08-28T03:53:23+0200,565fb0ed-db72-48c6-a54e-0fdff3a4721b,2026-08-13T05:45:00Z,2026-08-13T07:45:00+0200,155.96,EUR/MWh,ES,ES,imbalance_price,Long,2026-08-28T02:01:39Z
2026-08-28T01:53:23Z,2026-08-28T03:53:23+0200,565fb0ed-db72-48c6-a54e-0fdff3a4721b,2026-08-13T05:45:00Z,2026-08-13T07:45:00+0200,155.96,EUR/MWh,ES,ES,imbalance_price,Short,2026-08-28T02:01:39Z
2026-08-28T01:53:23Z,2026-08-28T03:53:23+0200,565fb0ed-db72-48c6-a54e-0fdff3a4721b,2026-08-13T06:00:00Z,2026-08-13T08:00:00+0200,163.83,EUR/MWh,ES,ES,imbalance_price,Long,2026-08-28T02:01:39Z
2026-08-28T01:53:23Z,2026-08-28T03:53:23+0200,565fb0ed-db72-48c6-a54e-0fdff3a4721b,2026-08-13T06:00:00Z,2026-08-13T08:00:00+0200,163.83,EUR/MWh,ES,ES,imbalance_price,Short,2026-08-28T02:01:39Z
2026-08-28T01:53:23Z,2026-08-28T03:53:23+0200,565fb0ed-db72-48c6-a54e-0fdff3a4721b,2026-08-13T06:15:00Z,2026-08-13T08:15:00+0200,39.83,EUR/MWh,ES,ES,imbalance_price,Long,2026-08-28T02:01:39Z
2026-08-28T01:53:23Z,2026-08-28T03:53:23+0200,565fb0ed-db72-48c6-a54e-0fdff3a4721b,2026-08-13T06:15:00Z,2026-08-13T08:15:00+0200,161.19,EUR/MWh,ES,ES,imbalance_price,Short,2026-08-28T02:01:39Z
2026-08-28T01:53:23Z,2026-08-28T03:53:23+0200,565fb0ed-db72-48c6-a54e-0fdff3a4721b,2026-08-13T06:30:00Z,2026-08-13T08:30:00+0200,82.87,EUR/MWh,ES,ES,imbalance_price,Long,2026-08-28T02:01:39Z
2026-08-28T01:53:23Z,2026-08-28T03:53:23+0200,565fb0ed-db72-48c6-a54e-0fdff3a4721b,2026-08-13T06:30:00Z,2026-08-13T08:30:00+0200,160.72,EUR/MWh,ES,ES,imbalance_price,Short,2026-08-28T02:01:39Z
2026-08-28T01:53:23Z,2026-08-28T03:53:23+0200,565fb0ed-db72-48c6-a54e-0fdff3a4721b,2026-08-13T06:45:00Z,2026-08-13T08:45:00+0200,121.24,EUR/MWh,ES,ES,imbalance_price,Long,2026-08-28T02:01:39Z
2026-08-28T01:53:23Z,2026-08-28T03:53:23+0200,565fb0ed-db72-48c6-a54e-0fdff3a4721b,2026-08-13T06:45:00Z,2026-08-13T08:45:00+0200,141.29,EUR/MWh,ES,ES,imbalance_price,Short,2026-08-28T02:01:39Z
2026-08-28T01:53:23Z,2026-08-28T03:53:23+0200,565fb0ed-db72-48c6-a54e-0fdff3a4721b,2026-08-13T07:00:00Z,2026-08-13T09:00:00+0200,61.61,EUR/MWh,ES,ES,imbalance_price,Long,2026-08-28T02:01:39Z
2026-08-28T01:53:23Z,2026-08-28T03:53:23+0200,565fb0ed-db72-48c6-a54e-0fdff3a4721b,2026-08-13T07:00:00Z,2026-08-13T09:00:00+0200,155.84,EUR/MWh,ES,ES,imbalance_price,Short,2026-08-28T02:01:39Z
2026-08-28T01:53:23Z,2026-08-28T03:53:23+0200,565fb0ed-db72-48c6-a54e-0fdff3a4721b,2026-08-13T07:15:00Z,2026-08-13T09:15:00+0200,0.0,EUR/MWh,ES,ES,imbalance_price,Long,2026-08-28T02:01:39Z
2026-08-28T01:53:23Z,2026-08-28T03:53:23+0200,565fb0ed-db72-48c6-a54e-0fdff3a4721b,2026-08-13T07:15:00Z,2026-08-13T09:15:00+0200,177.85,EUR/MWh,ES,ES,imbalance_price,Short,2026-08-28T02:01:39Z
2026-08-28T01:53:23Z,2026-08-28T03:53:23+0200,565fb0ed-db72-48c6-a54e-0fdff3a4721b,2026-08-13T07:30:00Z,2026-08-13T09:30:00+0200,115.35,EUR/MWh,ES,ES,imbalance_price,Long,2026-08-28T02:01:39Z
2026-08-28T01:53:23Z,2026-08-28T03:53:23+0200,565fb0ed-db72-48c6-a54e-0fdff3a4721b,2026-08-13T07:30:00Z,2026-08-13T09:30:00+0200,153.35,EUR/MWh,ES,ES,imbalance_price,Short,2026-08-28T02:01:39Z
2026-08-28T01:53:23Z,2026-08-28T03:53:23+0200,565fb0ed-db72-48c6-a54e-0fdff3a4721b,2026-08-13T07:45:00Z,2026-08-13T09:45:00+0200,33.38,EUR/MWh,ES,ES,imbalance_price,Long,2026-08-28T02:01:39Z
2026-08-28T01:53:23Z,2026-08-28T03:53:23+0200,565fb0ed-db72-48c6-a54e-0fdff3a4721b,2026-08-13T07:45:00Z,2026-08-13T09:45:00+0200,131.99,EUR/MWh,ES,ES,imbalance_price,Short,2026-08-28T02:01:39Z
2026-08-28T01:53:23Z,2026-08-28T03:53:23+0200,565fb0ed-db72-48c6-a54e-0fdff3a4721b,2026-08-13T08:00:00Z,2026-08-13T10:00:00+0200,78.79,EUR/MWh,ES,ES,imbalance_price,Long,2026-08-28T02:01:39Z
2026-08-28T01:53:23Z,2026-08-28T03:53:23+0200,565fb0ed-db72-48c6-a54e-0fdff3a4721b,2026-08-13T08:00:00Z,2026-08-13T10:00:00+0200,123.38,EUR/MWh,ES,ES,imbalance_price,Short,2026-08-28T02:01:39Z
2026-08-28T01:53:23Z,2026-08-28T03:53:23+0200,565fb0ed-db72-48c6-a54e-0fdff3a4721b,2026-08-13T08:15:00Z,2026-08-13T10:15:00+0200,51.57,EUR/MWh,ES,ES,imbalance_price,Long,2026-08-28T02:01:39Z
2026-08-28T01:53:23Z,2026-08-28T03:53:23+0200,565fb0ed-db72-48c6-a54e-0fdff3a4721b,2026-08-13T08:15:00Z,2026-08-13T10:15:00+0200,158.49,EUR/MWh,ES,ES,imbalance_price,Short,2026-08-28T02:01:39Z
2026-08-28T01:53:23Z,2026-08-28T03:53:23+0200,565fb0ed-db72-48c6-a54e-0fdff3a4721b,2026-08-13T08:30:00Z,2026-08-13T10:30:00+0200,45.57,EUR/MWh,ES,ES,imbalance_price,Long,2026-08-28T02:01:39Z
2026-08-28T01:53:23Z,2026-08-28T03:53:23+0200,565fb0ed-db72-48c6-a54e-0fdff3a4721b,2026-08-13T08:30:00Z,2026-08-13T10:30:00+0200,99.92,EUR/MWh,ES,ES,imbalance_price,Short,2026-08-28T02:01:39Z
2026-08-28T01:53:23Z,2026-08-28T03:53:23+0200,565fb0ed-db72-48c6-a54e-0fdff3a4721b,2026-08-13T08:45:00Z,2026-08-13T10:45:00+0200,-0.26,EUR/MWh,ES,ES,imbalance_price,Long,2026-08-28T02:01:39Z
2026-08-28T01:53:23Z,2026-08-28T03:53:23+0200,565fb0ed-db72-48c6-a54e-0fdff3a4721b,2026-08-13T08:45:00Z,2026-08-13T10:45:00+0200,-0.26,EUR/MWh,ES,ES,imbalance_price,Short,2026-08-28T02:01:39Z
2026-08-28T01:53:23Z,2026-08-28T03:53:23+0200,565fb0ed-db72-48c6-a54e-0fdff3a4721b,2026-08-13T09:00:00Z,2026-08-13T11:00:00+0200,-0.36,EUR/MWh,ES,ES,imbalance_price,Long,2026-08-28T02:01:39Z
2026-08-28T01:53:23Z,2026-08-28T03:53:23+0200,565fb0ed-db72-48c6-a54e-0fdff3a4721b,2026-08-13T09:00:00Z,2026-08-13T11:00:00+0200,123.26,EUR/MWh,ES,ES,imbalance_price,Short,2026-08-28T02:01:39Z
2026-08-28T01:53:23Z,2026-08-28T03:53:23+0200,565fb0ed-db72-48c6-a54e-0fdff3a4721b,2026-08-13T09:15:00Z,2026-08-13T11:15:00+0200,-0.94,EUR/MWh,ES,ES,imbalance_price,Long,2026-08-28T02:01:39Z
2026-08-28T01:53:23Z,2026-08-28T03:53:23+0200,565fb0ed-db72-48c6-a54e-0fdff3a4721b,2026-08-13T09:15:00Z,2026-08-13T11:15:00+0200,124.08,EUR/MWh,ES,ES,imbalance_price,Short,2026-08-28T02:01:39Z
2026-08-28T01:53:23Z,2026-08-28T03:53:23+0200,565fb0ed-db72-48c6-a54e-0fdff3a4721b,2026-08-13T09:30:00Z,2026-08-13T11:30:00+0200,4.15,EUR/MWh,ES,ES,imbalance_price,Long,2026-08-28T02:01:39Z
2026-08-28T01:53:23Z,2026-08-28T03:53:23+0200,565fb0ed-db72-48c6-a54e-0fdff3a4721b,2026-08-13T09:30:00Z,2026-08-13T11:30:00+0200,126.09,EUR/MWh,ES,ES,imbalance_price,Short,2026-08-28T02:01:39Z
2026-08-28T01:53:23Z,2026-08-28T03:53:23+0200,565fb0ed-db72-48c6-a54e-0fdff3a4721b,2026-08-13T09:45:00Z,2026-08-13T11:45:00+0200,2.45,EUR/MWh,ES,ES,imbalance_price,Long,2026-08-28T02:01:39Z
2026-08-28T01:53:23Z,2026-08-28T03:53:23+0200,565fb0ed-db72-48c6-a54e-0fdff3a4721b,2026-08-13T09:45:00Z,2026-08-13T11:45:00+0200,132.27,EUR/MWh,ES,ES,imbalance_price,Short,2026-08-28T02:01:39Z
2026-08-28T01:53:23Z,2026-08-28T03:53:23+0200,565fb0ed-db72-48c6-a54e-0fdff3a4721b,2026-08-13T10:00:00Z,2026-08-13T12:00:00+0200,-0.95,EUR/MWh,ES,ES,imbalance_price,Long,2026-08-28T02:01:39Z
2026-08-28T01:53:23Z,2026-08-28T03:53:23+0200,565fb0ed-db72-48c6-a54e-0fdff3a4721b,2026-08-13T10:00:00Z,2026-08-13T12:00:00+0200,131.07,EUR/MWh,ES,ES,imbalance_price,Short,2026-08-28T02:01:39Z
2026-08-28T01:53:23Z,2026-08-28T03:53:23+0200,565fb0ed-db72-48c6-a54e-0fdff3a4721b,2026-08-13T10:15:00Z,2026-08-13T12:15:00+0200,0.26,EUR/MWh,ES,ES,imbalance_price,Long,2026-08-28T02:01:39Z
2026-08-28T01:53:23Z,2026-08-28T03:53:23+0200,565fb0ed-db72-48c6-a54e-0fdff3a4721b,2026-08-13T10:15:00Z,2026-08-13T12:15:00+0200,126.3,EUR/MWh,ES,ES,imbalance_price,Short,2026-08-28T02:01:39Z
2026-08-28T01:53:23Z,2026-08-28T03:53:23+0200,565fb0ed-db72-48c6-a54e-0fdff3a4721b,2026-08-13T10:30:00Z,2026-08-13T12:30:00+0200,-4.62,EUR/MWh,ES,ES,imbalance_price,Long,2026-08-28T02:01:39Z
2026-08-28T01:53:23Z,2026-08-28T03:53:23+0200,565fb0ed-db72-48c6-a54e-0fdff3a4721b,2026-08-13T10:30:00Z,2026-08-13T12:30:00+0200,119.81,EUR/MWh,ES,ES,imbalance_price,Short,2026-08-28T02:01:39Z
2026-08-28T01:53:23Z,2026-08-28T03:53:23+0200,565fb0ed-db72-48c6-a54e-0fdff3a4721b,2026-08-13T10:45:00Z,2026-08-13T12:45:00+0200,3.51,EUR/MWh,ES,ES,imbalance_price,Long,2026-08-28T02:01:39Z
2026-08-28T01:53:23Z,2026-08-28T03:53:23+0200,565fb0ed-db72-48c6-a54e-0fdff3a4721b,2026-08-13T10:45:00Z,2026-08-13T12:45:00+0200,12.39,EUR/MWh,ES,ES,imbalance_price,Short,2026-08-28T02:01:39Z
2026-08-28T01:53:23Z,2026-08-28T03:53:23+0200,565fb0ed-db72-48c6-a54e-0fdff3a4721b,2026-08-13T11:00:00Z,2026-08-13T13:00:00+0200,1.53,EUR/MWh,ES,ES,imbalance_price,Long,2026-08-28T02:01:39Z
2026-08-28T01:53:23Z,2026-08-28T03:53:23+0200,565fb0ed-db72-48c6-a54e-0fdff3a4721b,2026-08-13T11:00:00Z,2026-08-13T13:00:00+0200,7.02,EUR/MWh,ES,ES,imbalance_price,Short,2026-08-28T02:01:39Z
2026-08-28T01:53:23Z,2026-08-28T03:53:23+0200,565fb0ed-db72-48c6-a54e-0fdff3a4721b,2026-08-13T11:15:00Z,2026-08-13T13:15:00+0200,1.51,EUR/MWh,ES,ES,imbalance_price,Long,2026-08-28T02:01:39Z
2026-08-28T01:53:23Z,2026-08-28T03:53:23+0200,565fb0ed-db72-48c6-a54e-0fdff3a4721b,2026-08-13T11:15:00Z,2026-08-13T13:15:00+0200,9.5,EUR/MWh,ES,ES,imbalance_price,Short,2026-08-28T02:01:39Z
2026-08-28T01:53:23Z,2026-08-28T03:53:23+0200,565fb0ed-db72-48c6-a54e-0fdff3a4721b,2026-08-13T11:30:00Z,2026-08-13T13:30:00+0200,2.89,EUR/MWh,ES,ES,imbalance_price,Long,2026-08-28T02:01:39Z
2026-08-28T01:53:23Z,2026-08-28T03:53:23+0200,565fb0ed-db72-48c6-a54e-0fdff3a4721b,2026-08-13T11:30:00Z,2026-08-13T13:30:00+0200,16.05,EUR/MWh,ES,ES,imbalance_price,Short,2026-08-28T02:01:39Z
2026-08-28T01:53:23Z,2026-08-28T03:53:23+0200,565fb0ed-db72-48c6-a54e-0fdff3a4721b,2026-08-13T11:45:00Z,2026-08-13T13:45:00+0200,2.69,EUR/MWh,ES,ES,imbalance_price,Long,2026-08-28T02:01:39Z
2026-08-28T01:53:23Z,2026-08-28T03:53:23+0200,565fb0ed-db72-48c6-a54e-0fdff3a4721b,2026-08-13T11:45:00Z,2026-08-13T13:45:00+0200,15.21,EUR/MWh,ES,ES,imbalance_price,Short,2026-08-28T02:01:39Z
2026-08-28T01:53:23Z,2026-08-28T03:53:23+0200,565fb0ed-db72-48c6-a54e-0fdff3a4721b,2026-08-13T12:00:00Z,2026-08-13T14:00:00+0200,-1.05,EUR/MWh,ES,ES,imbalance_price,Long,2026-08-28T02:01:39Z
2026-08-28T01:53:23Z,2026-08-28T03:53:23+0200,565fb0ed-db72-48c6-a54e-0fdff3a4721b,2026-08-13T12:00:00Z,2026-08-13T14:00:00+0200,-1.05,EUR/MWh,ES,ES,imbalance_price,Short,2026-08-28T02:01:39Z
2026-08-28T01:53:23Z,2026-08-28T03:53:23+0200,565fb0ed-db72-48c6-a54e-0fdff3a4721b,2026-08-13T12:15:00Z,2026-08-13T14:15:00+0200,3.39,EUR/MWh,ES,ES,imbalance_price,Long,2026-08-28T02:01:39Z
2026-08-28T01:53:23Z,2026-08-28T03:53:23+0200,565fb0ed-db72-48c6-a54e-0fdff3a4721b,2026-08-13T12:15:00Z,2026-08-13T14:15:00+0200,37.14,EUR/MWh,ES,ES,imbalance_price,Short,2026-08-28T02:01:39Z
2026-08-28T01:53:23Z,2026-08-28T03:53:23+0200,565fb0ed-db72-48c6-a54e-0fdff3a4721b,2026-08-13T12:30:00Z,2026-08-13T14:30:00+0200,15.26,EUR/MWh,ES,ES,imbalance_price,Long,2026-08-28T02:01:39Z
2026-08-28T01:53:23Z,2026-08-28T03:53:23+0200,565fb0ed-db72-48c6-a54e-0fdff3a4721b,2026-08-13T12:30:00Z,2026-08-13T14:30:00+0200,15.26,EUR/MWh,ES,ES,imbalance_price,Short,2026-08-28T02:01:39Z
2026-08-28T01:53:23Z,2026-08-28T03:53:23+0200,565fb0ed-db72-48c6-a54e-0fdff3a4721b,2026-08-13T12:45:00Z,2026-08-13T14:45:00+0200,63.22,EUR/MWh,ES,ES,imbalance_price,Long,2026-08-28T02:01:39Z
2026-08-28T01:53:23Z,2026-08-28T03:53:23+0200,565fb0ed-db72-48c6-a54e-0fdff3a4721b,2026-08-13T12:45:00Z,2026-08-13T14:45:00+0200,71.79,EUR/MWh,ES,ES,imbalance_price,Short,2026-08-28T02:01:39Z
2026-08-28T01:53:23Z,2026-08-28T03:53:23+0200,565fb0ed-db72-48c6-a54e-0fdff3a4721b,2026-08-13T13:00:00Z,2026-08-13T15:00:00+0200,0.28,EUR/MWh,ES,ES,imbalance_price,Long,2026-08-28T02:01:39Z
2026-08-28T01:53:23Z,2026-08-28T03:53:23+0200,565fb0ed-db72-48c6-a54e-0fdff3a4721b,2026-08-13T13:00:00Z,2026-08-13T15:00:00+0200,39.27,EUR/MWh,ES,ES,imbalance_price,Short,2026-08-28T02:01:39Z
2026-08-28T01:53:23Z,2026-08-28T03:53:23+0200,565fb0ed-db72-48c6-a54e-0fdff3a4721b,2026-08-13T13:15:00Z,2026-08-13T15:15:00+0200,4.81,EUR/MWh,ES,ES,imbalance_price,Long,2026-08-28T02:01:39Z
2026-08-28T01:53:23Z,2026-08-28T03:53:23+0200,565fb0ed-db72-48c6-a54e-0fdff3a4721b,2026-08-13T13:15:00Z,2026-08-13T15:15:00+0200,100.5,EUR/MWh,ES,ES,imbalance_price,Short,2026-08-28T02:01:39Z
2026-08-28T01:53:23Z,2026-08-28T03:53:23+0200,565fb0ed-db72-48c6-a54e-0fdff3a4721b,2026-08-13T13:30:00Z,2026-08-13T15:30:00+0200,5.35,EUR/MWh,ES,ES,imbalance_price,Long,2026-08-28T02:01:39Z
2026-08-28T01:53:23Z,2026-08-28T03:53:23+0200,565fb0ed-db72-48c6-a54e-0fdff3a4721b,2026-08-13T13:30:00Z,2026-08-13T15:30:00+0200,37.48,EUR/MWh,ES,ES,imbalance_price,Short,2026-08-28T02:01:39Z
2026-08-28T01:53:23Z,2026-08-28T03:53:23+0200,565fb0ed-db72-48c6-a54e-0fdff3a4721b,2026-08-13T13:45:00Z,2026-08-13T15:45:00+0200,6.27,EUR/MWh,ES,ES,imbalance_price,Long,2026-08-28T02:01:39Z
2026-08-28T01:53:23Z,2026-08-28T03:53:23+0200,565fb0ed-db72-48c6-a54e-0fdff3a4721b,2026-08-13T13:45:00Z,2026-08-13T15:45:00+0200,157.74,EUR/MWh,ES,ES,imbalance_price,Short,2026-08-28T02:01:39Z
2026-08-28T01:53:23Z,2026-08-28T03:53:23+0200,565fb0ed-db72-48c6-a54e-0fdff3a4721b,2026-08-13T14:00:00Z,2026-08-13T16:00:00+0200,1.0,EUR/MWh,ES,ES,imbalance_price,Long,2026-08-28T02:01:39Z
2026-08-28T01:53:23Z,2026-08-28T03:53:23+0200,565fb0ed-db72-48c6-a54e-0fdff3a4721b,2026-08-13T14:00:00Z,2026-08-13T16:00:00+0200,118.59,EUR/MWh,ES,ES,imbalance_price,Short,2026-08-28T02:01:39Z
2026-08-28T01:53:23Z,2026-08-28T03:53:23+0200,565fb0ed-db72-48c6-a54e-0fdff3a4721b,2026-08-13T14:15:00Z,2026-08-13T16:15:00+0200,138.37,EUR/MWh,ES,ES,imbalance_price,Long,2026-08-28T02:01:39Z
2026-08-28T01:53:23Z,2026-08-28T03:53:23+0200,565fb0ed-db72-48c6-a54e-0fdff3a4721b,2026-08-13T14:15:00Z,2026-08-13T16:15:00+0200,138.37,EUR/MWh,ES,ES,imbalance_price,Short,2026-08-28T02:01:39Z
2026-08-28T01:53:23Z,2026-08-28T03:53:23+0200,565fb0ed-db72-48c6-a54e-0fdff3a4721b,2026-08-13T14:30:00Z,2026-08-13T16:30:00+0200,0.0,EUR/MWh,ES,ES,imbalance_price,Long,2026-08-28T02:01:39Z
2026-08-28T01:53:23Z,2026-08-28T03:53:23+0200,565fb0ed-db72-48c6-a54e-0fdff3a4721b,2026-08-13T14:30:00Z,2026-08-13T16:30:00+0200,139.15,EUR/MWh,ES,ES,imbalance_price,Short,2026-08-28T02:01:39Z
2026-08-28T01:53:23Z,2026-08-28T03:53:23+0200,565fb0ed-db72-48c6-a54e-0fdff3a4721b,2026-08-13T14:45:00Z,2026-08-13T16:45:00+0200,-2.33,EUR/MWh,ES,ES,imbalance_price,Long,2026-08-28T02:01:39Z
2026-08-28T01:53:23Z,2026-08-28T03:53:23+0200,565fb0ed-db72-48c6-a54e-0fdff3a4721b,2026-08-13T14:45:00Z,2026-08-13T16:45:00+0200,142.41,EUR/MWh,ES,ES,imbalance_price,Short,2026-08-28T02:01:39Z
2026-08-28T01:53:23Z,2026-08-28T03:53:23+0200,565fb0ed-db72-48c6-a54e-0fdff3a4721b,2026-08-13T15:00:00Z,2026-08-13T17:00:00+0200,128.78,EUR/MWh,ES,ES,imbalance_price,Long,2026-08-28T02:01:39Z
2026-08-28T01:53:23Z,2026-08-28T03:53:23+0200,565fb0ed-db72-48c6-a54e-0fdff3a4721b,2026-08-13T15:00:00Z,2026-08-13T17:00:00+0200,128.78,EUR/MWh,ES,ES,imbalance_price,Short,2026-08-28T02:01:39Z
2026-08-28T01:53:23Z,2026-08-28T03:53:23+0200,565fb0ed-db72-48c6-a54e-0fdff3a4721b,2026-08-13T15:15:00Z,2026-08-13T17:15:00+0200,176.52,EUR/MWh,ES,ES,imbalance_price,Long,2026-08-28T02:01:39Z
2026-08-28T01:53:23Z,2026-08-28T03:53:23+0200,565fb0ed-db72-48c6-a54e-0fdff3a4721b,2026-08-13T15:15:00Z,2026-08-13T17:15:00+0200,176.52,EUR/MWh,ES,ES,imbalance_price,Short,2026-08-28T02:01:39Z
2026-08-28T01:53:23Z,2026-08-28T03:53:23+0200,565fb0ed-db72-48c6-a54e-0fdff3a4721b,2026-08-13T15:30:00Z,2026-08-13T17:30:00+0200,153.2,EUR/MWh,ES,ES,imbalance_price,Long,2026-08-28T02:01:39Z
2026-08-28T01:53:23Z,2026-08-28T03:53:23+0200,565fb0ed-db72-48c6-a54e-0fdff3a4721b,2026-08-13T15:30:00Z,2026-08-13T17:30:00+0200,153.2,EUR/MWh,ES,ES,imbalance_price,Short,2026-08-28T02:01:39Z
2026-08-28T01:53:23Z,2026-08-28T03:53:23+0200,565fb0ed-db72-48c6-a54e-0fdff3a4721b,2026-08-13T15:45:00Z,2026-08-13T17:45:00+0200,0.0,EUR/MWh,ES,ES,imbalance_price,Long,2026-08-28T02:01:39Z
2026-08-28T01:53:23Z,2026-08-28T03:53:23+0200,565fb0ed-db72-48c6-a54e-0fdff3a4721b,2026-08-13T15:45:00Z,2026-08-13T17:45:00+0200,150.4,EUR/MWh,ES,ES,imbalance_price,Short,2026-08-28T02:01:39Z
2026-08-28T01:53:23Z,2026-08-28T03:53:23+0200,565fb0ed-db72-48c6-a54e-0fdff3a4721b,2026-08-13T16:00:00Z,2026-08-13T18:00:00+0200,76.93,EUR/MWh,ES,ES,imbalance_price,Long,2026-08-28T02:01:39Z
2026-08-28T01:53:23Z,2026-08-28T03:53:23+0200,565fb0ed-db72-48c6-a54e-0fdff3a4721b,2026-08-13T16:00:00Z,2026-08-13T18:00:00+0200,170.78,EUR/MWh,ES,ES,imbalance_price,Short,2026-08-28T02:01:39Z
2026-08-28T01:53:23Z,2026-08-28T03:53:23+0200,565fb0ed-db72-48c6-a54e-0fdff3a4721b,2026-08-13T16:15:00Z,2026-08-13T18:15:00+0200,180.49,EUR/MWh,ES,ES,imbalance_price,Long,2026-08-28T02:01:39Z
2026-08-28T01:53:23Z,2026-08-28T03:53:23+0200,565fb0ed-db72-48c6-a54e-0fdff3a4721b,2026-08-13T16:15:00Z,2026-08-13T18:15:00+0200,180.49,EUR/MWh,ES,ES,imbalance_price,Short,2026-08-28T02:01:39Z
2026-08-28T01:53:23Z,2026-08-28T03:53:23+0200,565fb0ed-db72-48c6-a54e-0fdff3a4721b,2026-08-13T16:30:00Z,2026-08-13T18:30:00+0200,153.64,EUR/MWh,ES,ES,imbalance_price,Long,2026-08-28T02:01:39Z
2026-08-28T01:53:23Z,2026-08-28T03:53:23+0200,565fb0ed-db72-48c6-a54e-0fdff3a4721b,2026-08-13T16:30:00Z,2026-08-13T18:30:00+0200,153.64,EUR/MWh,ES,ES,imbalance_price,Short,2026-08-28T02:01:39Z
2026-08-28T01:53:23Z,2026-08-28T03:53:23+0200,565fb0ed-db72-48c6-a54e-0fdff3a4721b,2026-08-13T16:45:00Z,2026-08-13T18:45:00+0200,75.77,EUR/MWh,ES,ES,imbalance_price,Long,2026-08-28T02:01:39Z
2026-08-28T01:53:23Z,2026-08-28T03:53:23+0200,565fb0ed-db72-48c6-a54e-0fdff3a4721b,2026-08-13T16:45:00Z,2026-08-13T18:45:00+0200,184.98,EUR/MWh,ES,ES,imbalance_price,Short,2026-08-28T02:01:39Z
2026-08-28T01:53:23Z,2026-08-28T03:53:23+0200,565fb0ed-db72-48c6-a54e-0fdff3a4721b,2026-08-13T17:00:00Z,2026-08-13T19:00:00+0200,36.92,EUR/MWh,ES,ES,imbalance_price,Long,2026-08-28T02:01:39Z
2026-08-28T01:53:23Z,2026-08-28T03:53:23+0200,565fb0ed-db72-48c6-a54e-0fdff3a4721b,2026-08-13T17:00:00Z,2026-08-13T19:00:00+0200,144.65,EUR/MWh,ES,ES,imbalance_price,Short,2026-08-28T02:01:39Z
2026-08-28T01:53:23Z,2026-08-28T03:53:23+0200,565fb0ed-db72-48c6-a54e-0fdff3a4721b,2026-08-13T17:15:00Z,2026-08-13T19:15:00+0200,89.52,EUR/MWh,ES,ES,imbalance_price,Long,2026-08-28T02:01:39Z
2026-08-28T01:53:23Z,2026-08-28T03:53:23+0200,565fb0ed-db72-48c6-a54e-0fdff3a4721b,2026-08-13T17:15:00Z,2026-08-13T19:15:00+0200,189.5,EUR/MWh,ES,ES,imbalance_price,Short,2026-08-28T02:01:39Z
2026-08-28T01:53:23Z,2026-08-28T03:53:23+0200,565fb0ed-db72-48c6-a54e-0fdff3a4721b,2026-08-13T17:30:00Z,2026-08-13T19:30:00+0200,192.58,EUR/MWh,ES,ES,imbalance_price,Long,2026-08-28T02:01:39Z
2026-08-28T01:53:23Z,2026-08-28T03:53:23+0200,565fb0ed-db72-48c6-a54e-0fdff3a4721b,2026-08-13T17:30:00Z,2026-08-13T19:30:00+0200,192.58,EUR/MWh,ES,ES,imbalance_price,Short,2026-08-28T02:01:39Z
2026-08-28T01:53:23Z,2026-08-28T03:53:23+0200,565fb0ed-db72-48c6-a54e-0fdff3a4721b,2026-08-13T17:45:00Z,2026-08-13T19:45:00+0200,91.62,EUR/MWh,ES,ES,imbalance_price,Long,2026-08-28T02:01:39Z
2026-08-28T01:53:23Z,2026-08-28T03:53:23+0200,565fb0ed-db72-48c6-a54e-0fdff3a4721b,2026-08-13T17:45:00Z,2026-08-13T19:45:00+0200,221.59,EUR/MWh,ES,ES,imbalance_price,Short,2026-08-28T02:01:39Z
2026-08-28T01:53:23Z,2026-08-28T03:53:23+0200,565fb0ed-db72-48c6-a54e-0fdff3a4721b,2026-08-13T18:00:00Z,2026-08-13T20:00:00+0200,197.38,EUR/MWh,ES,ES,imbalance_price,Long,2026-08-28T02:01:39Z
2026-08-28T01:53:23Z,2026-08-28T03:53:23+0200,565fb0ed-db72-48c6-a54e-0fdff3a4721b,2026-08-13T18:00:00Z,2026-08-13T20:00:00+0200,197.38,EUR/MWh,ES,ES,imbalance_price,Short,2026-08-28T02:01:39Z
2026-08-28T01:53:23Z,2026-08-28T03:53:23+0200,565fb0ed-db72-48c6-a54e-0fdff3a4721b,2026-08-13T18:15:00Z,2026-08-13T20:15:00+0200,186.82,EUR/MWh,ES,ES,imbalance_price,Long,2026-08-28T02:01:39Z
2026-08-28T01:53:23Z,2026-08-28T03:53:23+0200,565fb0ed-db72-48c6-a54e-0fdff3a4721b,2026-08-13T18:15:00Z,2026-08-13T20:15:00+0200,186.82,EUR/MWh,ES,ES,imbalance_price,Short,2026-08-28T02:01:39Z
2026-08-28T01:53:23Z,2026-08-28T03:53:23+0200,565fb0ed-db72-48c6-a54e-0fdff3a4721b,2026-08-13T18:30:00Z,2026-08-13T20:30:00+0200,191.84,EUR/MWh,ES,ES,imbalance_price,Long,2026-08-28T02:01:39Z
2026-08-28T01:53:23Z,2026-08-28T03:53:23+0200,565fb0ed-db72-48c6-a54e-0fdff3a4721b,2026-08-13T18:30:00Z,2026-08-13T20:30:00+0200,191.84,EUR/MWh,ES,ES,imbalance_price,Short,2026-08-28T02:01:39Z
2026-08-28T01:53:23Z,2026-08-28T03:53:23+0200,565fb0ed-db72-48c6-a54e-0fdff3a4721b,2026-08-13T18:45:00Z,2026-08-13T20:45:00+0200,223.21,EUR/MWh,ES,ES,imbalance_price,Long,2026-08-28T02:01:39Z
2026-08-28T01:53:23Z,2026-08-28T03:53:23+0200,565fb0ed-db72-48c6-a54e-0fdff3a4721b,2026-08-13T18:45:00Z,2026-08-13T20:45:00+0200,223.21,EUR/MWh,ES,ES,imbalance_price,Short,2026-08-28T02:01:39Z
2026-08-28T01:53:23Z,2026-08-28T03:53:23+0200,565fb0ed-db72-48c6-a54e-0fdff3a4721b,2026-08-13T19:00:00Z,2026-08-13T21:00:00+0200,252.86,EUR/MWh,ES,ES,imbalance_price,Long,2026-08-28T02:01:39Z
2026-08-28T01:53:23Z,2026-08-28T03:53:23+0200,565fb0ed-db72-48c6-a54e-0fdff3a4721b,2026-08-13T19:00:00Z,2026-08-13T21:00:00+0200,252.86,EUR/MWh,ES,ES,imbalance_price,Short,2026-08-28T02:01:39Z
2026-08-28T01:53:23Z,2026-08-28T03:53:23+0200,565fb0ed-db72-48c6-a54e-0fdff3a4721b,2026-08-13T19:15:00Z,2026-08-13T21:15:00+0200,267.03,EUR/MWh,ES,ES,imbalance_price,Long,2026-08-28T02:01:39Z
2026-08-28T01:53:23Z,2026-08-28T03:53:23+0200,565fb0ed-db72-48c6-a54e-0fdff3a4721b,2026-08-13T19:15:00Z,2026-08-13T21:15:00+0200,267.03,EUR/MWh,ES,ES,imbalance_price,Short,2026-08-28T02:01:39Z
2026-08-28T01:53:23Z,2026-08-28T03:53:23+0200,565fb0ed-db72-48c6-a54e-0fdff3a4721b,2026-08-13T19:30:00Z,2026-08-13T21:30:00+0200,240.74,EUR/MWh,ES,ES,imbalance_price,Long,2026-08-28T02:01:39Z
2026-08-28T01:53:23Z,2026-08-28T03:53:23+0200,565fb0ed-db72-48c6-a54e-0fdff3a4721b,2026-08-13T19:30:00Z,2026-08-13T21:30:00+0200,240.74,EUR/MWh,ES,ES,imbalance_price,Short,2026-08-28T02:01:39Z
2026-08-28T01:53:23Z,2026-08-28T03:53:23+0200,565fb0ed-db72-48c6-a54e-0fdff3a4721b,2026-08-13T19:45:00Z,2026-08-13T21:45:00+0200,215.93,EUR/MWh,ES,ES,imbalance_price,Long,2026-08-28T02:01:39Z
2026-08-28T01:53:23Z,2026-08-28T03:53:23+0200,565fb0ed-db72-48c6-a54e-0fdff3a4721b,2026-08-13T19:45:00Z,2026-08-13T21:45:00+0200,215.93,EUR/MWh,ES,ES,imbalance_price,Short,2026-08-28T02:01:39Z
2026-08-28T01:53:23Z,2026-08-28T03:53:23+0200,565fb0ed-db72-48c6-a54e-0fdff3a4721b,2026-08-13T20:00:00Z,2026-08-13T22:00:00+0200,158.28,EUR/MWh,ES,ES,imbalance_price,Long,2026-08-28T02:01:39Z
2026-08-28T01:53:23Z,2026-08-28T03:53:23+0200,565fb0ed-db72-48c6-a54e-0fdff3a4721b,2026-08-13T20:00:00Z,2026-08-13T22:00:00+0200,232.67,EUR/MWh,ES,ES,imbalance_price,Short,2026-08-28T02:01:39Z
2026-08-28T01:53:23Z,2026-08-28T03:53:23+0200,565fb0ed-db72-48c6-a54e-0fdff3a4721b,2026-08-13T20:15:00Z,2026-08-13T22:15:00+0200,135.23,EUR/MWh,ES,ES,imbalance_price,Long,2026-08-28T02:01:39Z
2026-08-28T01:53:23Z,2026-08-28T03:53:23+0200,565fb0ed-db72-48c6-a54e-0fdff3a4721b,2026-08-13T20:15:00Z,2026-08-13T22:15:00+0200,214.94,EUR/MWh,ES,ES,imbalance_price,Short,2026-08-28T02:01:39Z
2026-08-28T01:53:23Z,2026-08-28T03:53:23+0200,565fb0ed-db72-48c6-a54e-0fdff3a4721b,2026-08-13T20:30:00Z,2026-08-13T22:30:00+0200,207.2,EUR/MWh,ES,ES,imbalance_price,Long,2026-08-28T02:01:39Z
2026-08-28T01:53:23Z,2026-08-28T03:53:23+0200,565fb0ed-db72-48c6-a54e-0fdff3a4721b,2026-08-13T20:30:00Z,2026-08-13T22:30:00+0200,207.2,EUR/MWh,ES,ES,imbalance_price,Short,2026-08-28T02:01:39Z
2026-08-28T01:53:23Z,2026-08-28T03:53:23+0200,565fb0ed-db72-48c6-a54e-0fdff3a4721b,2026-08-13T20:45:00Z,2026-08-13T22:45:00+0200,199.21,EUR/MWh,ES,ES,imbalance_price,Long,2026-08-28T02:01:39Z
2026-08-28T01:53:23Z,2026-08-28T03:53:23+0200,565fb0ed-db72-48c6-a54e-0fdff3a4721b,2026-08-13T20:45:00Z,2026-08-13T22:45:00+0200,199.21,EUR/MWh,ES,ES,imbalance_price,Short,2026-08-28T02:01:39Z
2026-08-28T01:53:23Z,2026-08-28T03:53:23+0200,565fb0ed-db72-48c6-a54e-0fdff3a4721b,2026-08-13T21:00:00Z,2026-08-13T23:00:00+0200,196.1,EUR/MWh,ES,ES,imbalance_price,Long,2026-08-28T02:01:39Z
2026-08-28T01:53:23Z,2026-08-28T03:53:23+0200,565fb0ed-db72-48c6-a54e-0fdff3a4721b,2026-08-13T21:00:00Z,2026-08-13T23:00:00+0200,196.1,EUR/MWh,ES,ES,imbalance_price,Short,2026-08-28T02:01:39Z
2026-08-28T01:53:23Z,2026-08-28T03:53:23+0200,565fb0ed-db72-48c6-a54e-0fdff3a4721b,2026-08-13T21:15:00Z,2026-08-13T23:15:00+0200,138.36,EUR/MWh,ES,ES,imbalance_price,Long,2026-08-28T02:01:39Z
2026-08-28T01:53:23Z,2026-08-28T03:53:23+0200,565fb0ed-db72-48c6-a54e-0fdff3a4721b,2026-08-13T21:15:00Z,2026-08-13T23:15:00+0200,187.78,EUR/MWh,ES,ES,imbalance_price,Short,2026-08-28T02:01:39Z
2026-08-28T01:53:23Z,2026-08-28T03:53:23+0200,565fb0ed-db72-48c6-a54e-0fdff3a4721b,2026-08-13T21:30:00Z,2026-08-13T23:30:00+0200,69.96,EUR/MWh,ES,ES,imbalance_price,Long,2026-08-28T02:01:39Z
2026-08-28T01:53:23Z,2026-08-28T03:53:23+0200,565fb0ed-db72-48c6-a54e-0fdff3a4721b,2026-08-13T21:30:00Z,2026-08-13T23:30:00+0200,186.02,EUR/MWh,ES,ES,imbalance_price,Short,2026-08-28T02:01:39Z
2026-08-28T01:53:23Z,2026-08-28T03:53:23+0200,565fb0ed-db72-48c6-a54e-0fdff3a4721b,2026-08-13T21:45:00Z,2026-08-13T23:45:00+0200,185.93,EUR/MWh,ES,ES,imbalance_price,Long,2026-08-28T02:01:39Z
2026-08-28T01:53:23Z,2026-08-28T03:53:23+0200,565fb0ed-db72-48c6-a54e-0fdff3a4721b,2026-08-13T21:45:00Z,2026-08-13T23:45:00+0200,185.93,EUR/MWh,ES,ES,imbalance_price,Short,2026-08-28T02:01:39Z
2026-08-28T01:53:23Z,2026-08-28T03:53:23+0200,565fb0ed-db72-48c6-a54e-0fdff3a4721b,2026-08-13T22:00:00Z,2026-08-14T00:00:00+0200,133.48,EUR/MWh,ES,ES,imbalance_price,Long,2026-08-28T02:01:39Z
2026-08-28T01:53:23Z,2026-08-28T03:53:23+0200,565fb0ed-db72-48c6-a54e-0fdff3a4721b,2026-08-13T22:00:00Z,2026-08-14T00:00:00+0200,183.11,EUR/MWh,ES,ES,imbalance_price,Short,2026-08-28T02:01:39Z
2026-08-28T01:53:23Z,2026-08-28T03:53:23+0200,565fb0ed-db72-48c6-a54e-0fdff3a4721b,2026-08-13T22:15:00Z,2026-08-14T00:15:00+0200,118.76,EUR/MWh,ES,ES,imbalance_price,Long,2026-08-28T02:01:39Z
2026-08-28T01:53:23Z,2026-08-28T03:53:23+0200,565fb0ed-db72-48c6-a54e-0fdff3a4721b,2026-08-13T22:15:00Z,2026-08-14T00:15:00+0200,183.33,EUR/MWh,ES,ES,imbalance_price,Short,2026-08-28T02:01:39Z
2026-08-28T01:53:23Z,2026-08-28T03:53:23+0200,565fb0ed-db72-48c6-a54e-0fdff3a4721b,2026-08-13T22:30:00Z,2026-08-14T00:30:00+0200,211.95,EUR/MWh,ES,ES,imbalance_price,Long,2026-08-28T02:01:39Z
2026-08-28T01:53:23Z,2026-08-28T03:53:23+0200,565fb0ed-db72-48c6-a54e-0fdff3a4721b,2026-08-13T22:30:00Z,2026-08-14T00:30:00+0200,211.95,EUR/MWh,ES,ES,imbalance_price,Short,2026-08-28T02:01:39Z
2026-08-28T01:53:23Z,2026-08-28T03:53:23+0200,565fb0ed-db72-48c6-a54e-0fdff3a4721b,2026-08-13T22:45:00Z,2026-08-14T00:45:00+0200,212.36,EUR/MWh,ES,ES,imbalance_price,Long,2026-08-28T02:01:39Z
2026-08-28T01:53:23Z,2026-08-28T03:53:23+0200,565fb0ed-db72-48c6-a54e-0fdff3a4721b,2026-08-13T22:45:00Z,2026-08-14T00:45:00+0200,212.36,EUR/MWh,ES,ES,imbalance_price,Short,2026-08-28T02:01:39Z
2026-08-28T01:53:23Z,2026-08-28T03:53:23+0200,565fb0ed-db72-48c6-a54e-0fdff3a4721b,2026-08-13T23:00:00Z,2026-08-14T01:00:00+0200,214.3,EUR/MWh,ES,ES,imbalance_price,Long,2026-08-28T02:01:39Z
2026-08-28T01:53:23Z,2026-08-28T03:53:23+0200,565fb0ed-db72-48c6-a54e-0fdff3a4721b,2026-08-13T23:00:00Z,2026-08-14T01:00:00+0200,214.3,EUR/MWh,ES,ES,imbalance_price,Short,2026-08-28T02:01:39Z
2026-08-28T01:53:23Z,2026-08-28T03:53:23+0200,565fb0ed-db72-48c6-a54e-0fdff3a4721b,2026-08-13T23:15:00Z,2026-08-14T01:15:00+0200,217.65,EUR/MWh,ES,ES,imbalance_price,Long,2026-08-28T02:01:39Z
2026-08-28T01:53:23Z,2026-08-28T03:53:23+0200,565fb0ed-db72-48c6-a54e-0fdff3a4721b,2026-08-13T23:15:00Z,2026-08-14T01:15:00+0200,217.65,EUR/MWh,ES,ES,imbalance_price,Short,2026-08-28T02:01:39Z
2026-08-28T01:53:23Z,2026-08-28T03:53:23+0200,565fb0ed-db72-48c6-a54e-0fdff3a4721b,2026-08-13T23:30:00Z,2026-08-14T01:30:00+0200,212.91,EUR/MWh,ES,ES,imbalance_price,Long,2026-08-28T02:01:39Z
2026-08-28T01:53:23Z,2026-08-28T03:53:23+0200,565fb0ed-db72-48c6-a54e-0fdff3a4721b,2026-08-13T23:30:00Z,2026-08-14T01:30:00+0200,212.91,EUR/MWh,ES,ES,imbalance_price,Short,2026-08-28T02:01:39Z
2026-08-28T01:53:23Z,2026-08-28T03:53:23+0200,565fb0ed-db72-48c6-a54e-0fdff3a4721b,2026-08-13T23:45:00Z,2026-08-14T01:45:00+0200,214.41,EUR/MWh,ES,ES,imbalance_price,Long,2026-08-28T02:01:39Z
2026-08-28T01:53:23Z,2026-08-28T03:53:23+0200,565fb0ed-db72-48c6-a54e-0fdff3a4721b,2026-08-13T23:45:00Z,2026-08-14T01:45:00+0200,214.41,EUR/MWh,ES,ES,imbalance_price,Short,2026-08-28T02:01:39Z
2026-08-28T01:53:23Z,2026-08-28T03:53:23+0200,565fb0ed-db72-48c6-a54e-0fdff3a4721b,2026-08-14T00:00:00Z,2026-08-14T02:00:00+0200,216.47,EUR/MWh,ES,ES,imbalance_price,Long,2026-08-28T02:01:39Z
2026-08-28T01:53:23Z,2026-08-28T03:53:23+0200,565fb0ed-db72-48c6-a54e-0fdff3a4721b,2026-08-14T00:00:00Z,2026-08-14T02:00:00+0200,216.47,EUR/MWh,ES,ES,imbalance_price,Short,2026-08-28T02:01:39Z
2026-08-28T01:53:23Z,2026-08-28T03:53:23+0200,565fb0ed-db72-48c6-a54e-0fdff3a4721b,2026-08-14T00:15:00Z,2026-08-14T02:15:00+0200,215.1,EUR/MWh,ES,ES,imbalance_price,Long,2026-08-28T02:01:39Z
2026-08-28T01:53:23Z,2026-08-28T03:53:23+0200,565fb0ed-db72-48c6-a54e-0fdff3a4721b,2026-08-14T00:15:00Z,2026-08-14T02:15:00+0200,215.1,EUR/MWh,ES,ES,imbalance_price,Short,2026-08-28T02:01:39Z
2026-08-28T01:53:23Z,2026-08-28T03:53:23+0200,565fb0ed-db72-48c6-a54e-0fdff3a4721b,2026-08-14T00:30:00Z,2026-08-14T02:30:00+0200,122.78,EUR/MWh,ES,ES,imbalance_price,Long,2026-08-28T02:01:39Z
2026-08-28T01:53:23Z,2026-08-28T03:53:23+0200,565fb0ed-db72-48c6-a54e-0fdff3a4721b,2026-08-14T00:30:00Z,2026-08-14T02:30:00+0200,216.14,EUR/MWh,ES,ES,imbalance_price,Short,2026-08-28T02:01:39Z
2026-08-28T01:53:23Z,2026-08-28T03:53:23+0200,565fb0ed-db72-48c6-a54e-0fdff3a4721b,2026-08-14T00:45:00Z,2026-08-14T02:45:00+0200,213.25,EUR/MWh,ES,ES,imbalance_price,Long,2026-08-28T02:01:39Z
2026-08-28T01:53:23Z,2026-08-28T03:53:23+0200,565fb0ed-db72-48c6-a54e-0fdff3a4721b,2026-08-14T00:45:00Z,2026-08-14T02:45:00+0200,213.25,EUR/MWh,ES,ES,imbalance_price,Short,2026-08-28T02:01:39Z
2026-08-28T01:53:23Z,2026-08-28T03:53:23+0200,565fb0ed-db72-48c6-a54e-0fdff3a4721b,2026-08-14T01:00:00Z,2026-08-14T03:00:00+0200,210.57,EUR/MWh,ES,ES,imbalance_price,Long,2026-08-28T02:01:39Z
2026-08-28T01:53:23Z,2026-08-28T03:53:23+0200,565fb0ed-db72-48c6-a54e-0fdff3a4721b,2026-08-14T01:00:00Z,2026-08-14T03:00:00+0200,210.57,EUR/MWh,ES,ES,imbalance_price,Short,2026-08-28T02:01:39Z
2026-08-28T01:53:23Z,2026-08-28T03:53:23+0200,565fb0ed-db72-48c6-a54e-0fdff3a4721b,2026-08-14T01:15:00Z,2026-08-14T03:15:00+0200,212.14,EUR/MWh,ES,ES,imbalance_price,Long,2026-08-28T02:01:39Z
2026-08-28T01:53:23Z,2026-08-28T03:53:23+0200,565fb0ed-db72-48c6-a54e-0fdff3a4721b,2026-08-14T01:15:00Z,2026-08-14T03:15:00+0200,212.14,EUR/MWh,ES,ES,imbalance_price,Short,2026-08-28T02:01:39Z
2026-08-28T01:53:23Z,2026-08-28T03:53:23+0200,565fb0ed-db72-48c6-a54e-0fdff3a4721b,2026-08-14T01:30:00Z,2026-08-14T03:30:00+0200,0.0,EUR/MWh,ES,ES,imbalance_price,Long,2026-08-28T02:01:39Z
2026-08-28T01:53:23Z,2026-08-28T03:53:23+0200,565fb0ed-db72-48c6-a54e-0fdff3a4721b,2026-08-14T01:30:00Z,2026-08-14T03:30:00+0200,213.7,EUR/MWh,ES,ES,imbalance_price,Short,2026-08-28T02:01:39Z
2026-08-28T01:53:23Z,2026-08-28T03:53:23+0200,565fb0ed-db72-48c6-a54e-0fdff3a4721b,2026-08-14T01:45:00Z,2026-08-14T03:45:00+0200,30.32,EUR/MWh,ES,ES,imbalance_price,Long,2026-08-28T02:01:39Z
2026-08-28T01:53:23Z,2026-08-28T03:53:23+0200,565fb0ed-db72-48c6-a54e-0fdff3a4721b,2026-08-14T01:45:00Z,2026-08-14T03:45:00+0200,214.77,EUR/MWh,ES,ES,imbalance_price,Short,2026-08-28T02:01:39Z
2026-08-28T01:53:23Z,2026-08-28T03:53:23+0200,565fb0ed-db72-48c6-a54e-0fdff3a4721b,2026-08-14T02:00:00Z,2026-08-14T04:00:00+0200,127.81,EUR/MWh,ES,ES,imbalance_price,Long,2026-08-28T02:01:39Z
2026-08-28T01:53:23Z,2026-08-28T03:53:23+0200,565fb0ed-db72-48c6-a54e-0fdff3a4721b,2026-08-14T02:00:00Z,2026-08-14T04:00:00+0200,215.07,EUR/MWh,ES,ES,imbalance_price,Short,2026-08-28T02:01:39Z
2026-08-28T01:53:23Z,2026-08-28T03:53:23+0200,565fb0ed-db72-48c6-a54e-0fdff3a4721b,2026-08-14T02:15:00Z,2026-08-14T04:15:00+0200,213.93,EUR/MWh,ES,ES,imbalance_price,Long,2026-08-28T02:01:39Z
2026-08-28T01:53:23Z,2026-08-28T03:53:23+0200,565fb0ed-db72-48c6-a54e-0fdff3a4721b,2026-08-14T02:15:00Z,2026-08-14T04:15:00+0200,213.93,EUR/MWh,ES,ES,imbalance_price,Short,2026-08-28T02:01:39Z
2026-08-28T01:53:23Z,2026-08-28T03:53:23+0200,565fb0ed-db72-48c6-a54e-0fdff3a4721b,2026-08-14T02:30:00Z,2026-08-14T04:30:00+0200,129.01,EUR/MWh,ES,ES,imbalance_price,Long,2026-08-28T02:01:39Z
2026-08-28T01:53:23Z,2026-08-28T03:53:23+0200,565fb0ed-db72-48c6-a54e-0fdff3a4721b,2026-08-14T02:30:00Z,2026-08-14T04:30:00+0200,214.85,EUR/MWh,ES,ES,imbalance_price,Short,2026-08-28T02:01:39Z
2026-08-28T01:53:23Z,2026-08-28T03:53:23+0200,565fb0ed-db72-48c6-a54e-0fdff3a4721b,2026-08-14T02:45:00Z,2026-08-14T04:45:00+0200,108.55,EUR/MWh,ES,ES,imbalance_price,Long,2026-08-28T02:01:39Z
2026-08-28T01:53:23Z,2026-08-28T03:53:23+0200,565fb0ed-db72-48c6-a54e-0fdff3a4721b,2026-08-14T02:45:00Z,2026-08-14T04:45:00+0200,214.01,EUR/MWh,ES,ES,imbalance_price,Short,2026-08-28T02:01:39Z
2026-08-28T01:53:23Z,2026-08-28T03:53:23+0200,565fb0ed-db72-48c6-a54e-0fdff3a4721b,2026-08-14T03:00:00Z,2026-08-14T05:00:00+0200,47.91,EUR/MWh,ES,ES,imbalance_price,Long,2026-08-28T02:01:39Z
2026-08-28T01:53:23Z,2026-08-28T03:53:23+0200,565fb0ed-db72-48c6-a54e-0fdff3a4721b,2026-08-14T03:00:00Z,2026-08-14T05:00:00+0200,212.87,EUR/MWh,ES,ES,imbalance_price,Short,2026-08-28T02:01:39Z
2026-08-28T01:53:23Z,2026-08-28T03:53:23+0200,565fb0ed-db72-48c6-a54e-0fdff3a4721b,2026-08-14T03:15:00Z,2026-08-14T05:15:00+0200,127.8,EUR/MWh,ES,ES,imbalance_price,Long,2026-08-28T02:01:39Z
2026-08-28T01:53:23Z,2026-08-28T03:53:23+0200,565fb0ed-db72-48c6-a54e-0fdff3a4721b,2026-08-14T03:15:00Z,2026-08-14T05:15:00+0200,213.88,EUR/MWh,ES,ES,imbalance_price,Short,2026-08-28T02:01:39Z
2026-08-28T01:53:23Z,2026-08-28T03:53:23+0200,565fb0ed-db72-48c6-a54e-0fdff3a4721b,2026-08-14T03:30:00Z,2026-08-14T05:30:00+0200,66.92,EUR/MWh,ES,ES,imbalance_price,Long,2026-08-28T02:01:39Z
2026-08-28T01:53:23Z,2026-08-28T03:53:23+0200,565fb0ed-db72-48c6-a54e-0fdff3a4721b,2026-08-14T03:30:00Z,2026-08-14T05:30:00+0200,212.4,EUR/MWh,ES,ES,imbalance_price,Short,2026-08-28T02:01:39Z
2026-08-28T01:53:23Z,2026-08-28T03:53:23+0200,565fb0ed-db72-48c6-a54e-0fdff3a4721b,2026-08-14T03:45:00Z,2026-08-14T05:45:00+0200,119.04,EUR/MWh,ES,ES,imbalance_price,Long,2026-08-28T02:01:39Z
2026-08-28T01:53:23Z,2026-08-28T03:53:23+0200,565fb0ed-db72-48c6-a54e-0fdff3a4721b,2026-08-14T03:45:00Z,2026-08-14T05:45:00+0200,214.53,EUR/MWh,ES,ES,imbalance_price,Short,2026-08-28T02:01:39Z
2026-08-28T01:53:23Z,2026-08-28T03:53:23+0200,565fb0ed-db72-48c6-a54e-0fdff3a4721b,2026-08-14T04:00:00Z,2026-08-14T06:00:00+0200,123.19,EUR/MWh,ES,ES,imbalance_price,Long,2026-08-28T02:01:39Z
2026-08-28T01:53:23Z,2026-08-28T03:53:23+0200,565fb0ed-db72-48c6-a54e-0fdff3a4721b,2026-08-14T04:00:00Z,2026-08-14T06:00:00+0200,172.66,EUR/MWh,ES,ES,imbalance_price,Short,2026-08-28T02:01:39Z
2026-08-28T01:53:23Z,2026-08-28T03:53:23+0200,565fb0ed-db72-48c6-a54e-0fdff3a4721b,2026-08-14T04:15:00Z,2026-08-14T06:15:00+0200,129.92,EUR/MWh,ES,ES,imbalance_price,Long,2026-08-28T02:01:39Z
2026-08-28T01:53:23Z,2026-08-28T03:53:23+0200,565fb0ed-db72-48c6-a54e-0fdff3a4721b,2026-08-14T04:15:00Z,2026-08-14T06:15:00+0200,178.93,EUR/MWh,ES,ES,imbalance_price,Short,2026-08-28T02:01:39Z
2026-08-28T01:53:23Z,2026-08-28T03:53:23+0200,565fb0ed-db72-48c6-a54e-0fdff3a4721b,2026-08-14T04:30:00Z,2026-08-14T06:30:00+0200,124.35,EUR/MWh,ES,ES,imbalance_price,Long,2026-08-28T02:01:39Z
2026-08-28T01:53:23Z,2026-08-28T03:53:23+0200,565fb0ed-db72-48c6-a54e-0fdff3a4721b,2026-08-14T04:30:00Z,2026-08-14T06:30:00+0200,189.91,EUR/MWh,ES,ES,imbalance_price,Short,2026-08-28T02:01:39Z
2026-08-28T01:53:23Z,2026-08-28T03:53:23+0200,565fb0ed-db72-48c6-a54e-0fdff3a4721b,2026-08-14T04:45:00Z,2026-08-14T06:45:00+0200,137.85,EUR/MWh,ES,ES,imbalance_price,Long,2026-08-28T02:01:39Z
2026-08-28T01:53:23Z,2026-08-28T03:53:23+0200,565fb0ed-db72-48c6-a54e-0fdff3a4721b,2026-08-14T04:45:00Z,2026-08-14T06:45:00+0200,204.69,EUR/MWh,ES,ES,imbalance_price,Short,2026-08-28T02:01:39Z
2026-08-28T01:53:23Z,2026-08-28T03:53:23+0200,565fb0ed-db72-48c6-a54e-0fdff3a4721b,2026-08-14T05:00:00Z,2026-08-14T07:00:00+0200,95.26,EUR/MWh,ES,ES,imbalance_price,Long,2026-08-28T02:01:39Z
2026-08-28T01:53:23Z,2026-08-28T03:53:23+0200,565fb0ed-db72-48c6-a54e-0fdff3a4721b,2026-08-14T05:00:00Z,2026-08-14T07:00:00+0200,183.94,EUR/MWh,ES,ES,imbalance_price,Short,2026-08-28T02:01:39Z
2026-08-28T01:53:23Z,2026-08-28T03:53:23+0200,565fb0ed-db72-48c6-a54e-0fdff3a4721b,2026-08-14T05:15:00Z,2026-08-14T07:15:00+0200,123.54,EUR/MWh,ES,ES,imbalance_price,Long,2026-08-28T02:01:39Z
2026-08-28T01:53:23Z,2026-08-28T03:53:23+0200,565fb0ed-db72-48c6-a54e-0fdff3a4721b,2026-08-14T05:15:00Z,2026-08-14T07:15:00+0200,185.49,EUR/MWh,ES,ES,imbalance_price,Short,2026-08-28T02:01:39Z
2026-08-28T01:53:23Z,2026-08-28T03:53:23+0200,565fb0ed-db72-48c6-a54e-0fdff3a4721b,2026-08-14T05:30:00Z,2026-08-14T07:30:00+0200,134.89,EUR/MWh,ES,ES,imbalance_price,Long,2026-08-28T02:01:39Z
2026-08-28T01:53:23Z,2026-08-28T03:53:23+0200,565fb0ed-db72-48c6-a54e-0fdff3a4721b,2026-08-14T05:30:00Z,2026-08-14T07:30:00+0200,185.72,EUR/MWh,ES,ES,imbalance_price,Short,2026-08-28T02:01:39Z
2026-08-28T01:53:23Z,2026-08-28T03:53:23+0200,565fb0ed-db72-48c6-a54e-0fdff3a4721b,2026-08-14T05:45:00Z,2026-08-14T07:45:00+0200,127.6,EUR/MWh,ES,ES,imbalance_price,Long,2026-08-28T02:01:39Z
2026-08-28T01:53:23Z,2026-08-28T03:53:23+0200,565fb0ed-db72-48c6-a54e-0fdff3a4721b,2026-08-14T05:45:00Z,2026-08-14T07:45:00+0200,179.79,EUR/MWh,ES,ES,imbalance_price,Short,2026-08-28T02:01:39Z
2026-08-28T01:53:23Z,2026-08-28T03:53:23+0200,565fb0ed-db72-48c6-a54e-0fdff3a4721b,2026-08-14T06:00:00Z,2026-08-14T08:00:00+0200,83.9,EUR/MWh,ES,ES,imbalance_price,Long,2026-08-28T02:01:39Z
2026-08-28T01:53:23Z,2026-08-28T03:53:23+0200,565fb0ed-db72-48c6-a54e-0fdff3a4721b,2026-08-14T06:00:00Z,2026-08-14T08:00:00+0200,189.45,EUR/MWh,ES,ES,imbalance_price,Short,2026-08-28T02:01:39Z
2026-08-28T01:53:23Z,2026-08-28T03:53:23+0200,565fb0ed-db72-48c6-a54e-0fdff3a4721b,2026-08-14T06:15:00Z,2026-08-14T08:15:00+0200,130.55,EUR/MWh,ES,ES,imbalance_price,Long,2026-08-28T02:01:39Z
2026-08-28T01:53:23Z,2026-08-28T03:53:23+0200,565fb0ed-db72-48c6-a54e-0fdff3a4721b,2026-08-14T06:15:00Z,2026-08-14T08:15:00+0200,172.74,EUR/MWh,ES,ES,imbalance_price,Short,2026-08-28T02:01:39Z
2026-08-28T01:53:23Z,2026-08-28T03:53:23+0200,565fb0ed-db72-48c6-a54e-0fdff3a4721b,2026-08-14T06:30:00Z,2026-08-14T08:30:00+0200,106.05,EUR/MWh,ES,ES,imbalance_price,Long,2026-08-28T02:01:39Z
2026-08-28T01:53:23Z,2026-08-28T03:53:23+0200,565fb0ed-db72-48c6-a54e-0fdff3a4721b,2026-08-14T06:30:00Z,2026-08-14T08:30:00+0200,146.23,EUR/MWh,ES,ES,imbalance_price,Short,2026-08-28T02:01:39Z
2026-08-28T01:53:23Z,2026-08-28T03:53:23+0200,565fb0ed-db72-48c6-a54e-0fdff3a4721b,2026-08-14T06:45:00Z,2026-08-14T08:45:00+0200,31.34,EUR/MWh,ES,ES,imbalance_price,Long,2026-08-28T02:01:39Z
2026-08-28T01:53:23Z,2026-08-28T03:53:23+0200,565fb0ed-db72-48c6-a54e-0fdff3a4721b,2026-08-14T06:45:00Z,2026-08-14T08:45:00+0200,138.64,EUR/MWh,ES,ES,imbalance_price,Short,2026-08-28T02:01:39Z
2026-08-28T01:53:23Z,2026-08-28T03:53:23+0200,565fb0ed-db72-48c6-a54e-0fdff3a4721b,2026-08-14T07:00:00Z,2026-08-14T09:00:00+0200,83.58,EUR/MWh,ES,ES,imbalance_price,Long,2026-08-28T02:01:39Z
2026-08-28T01:53:23Z,2026-08-28T03:53:23+0200,565fb0ed-db72-48c6-a54e-0fdff3a4721b,2026-08-14T07:00:00Z,2026-08-14T09:00:00+0200,175.93,EUR/MWh,ES,ES,imbalance_price,Short,2026-08-28T02:01:39Z
2026-08-28T01:53:23Z,2026-08-28T03:53:23+0200,565fb0ed-db72-48c6-a54e-0fdff3a4721b,2026-08-14T07:15:00Z,2026-08-14T09:15:00+0200,102.23,EUR/MWh,ES,ES,imbalance_price,Long,2026-08-28T02:01:39Z
2026-08-28T01:53:23Z,2026-08-28T03:53:23+0200,565fb0ed-db72-48c6-a54e-0fdff3a4721b,2026-08-14T07:15:00Z,2026-08-14T09:15:00+0200,178.15,EUR/MWh,ES,ES,imbalance_price,Short,2026-08-28T02:01:39Z
2026-08-28T01:53:23Z,2026-08-28T03:53:23+0200,565fb0ed-db72-48c6-a54e-0fdff3a4721b,2026-08-14T07:30:00Z,2026-08-14T09:30:00+0200,0.0,EUR/MWh,ES,ES,imbalance_price,Long,2026-08-28T02:01:39Z
2026-08-28T01:53:23Z,2026-08-28T03:53:23+0200,565fb0ed-db72-48c6-a54e-0fdff3a4721b,2026-08-14T07:30:00Z,2026-08-14T09:30:00+0200,175.01,EUR/MWh,ES,ES,imbalance_price,Short,2026-08-28T02:01:39Z
2026-08-28T01:53:23Z,2026-08-28T03:53:23+0200,565fb0ed-db72-48c6-a54e-0fdff3a4721b,2026-08-14T07:45:00Z,2026-08-14T09:45:00+0200,158.29,EUR/MWh,ES,ES,imbalance_price,Long,2026-08-28T02:01:39Z
2026-08-28T01:53:23Z,2026-08-28T03:53:23+0200,565fb0ed-db72-48c6-a54e-0fdff3a4721b,2026-08-14T07:45:00Z,2026-08-14T09:45:00+0200,158.29,EUR/MWh,ES,ES,imbalance_price,Short,2026-08-28T02:01:39Z
2026-08-28T01:53:23Z,2026-08-28T03:53:23+0200,565fb0ed-db72-48c6-a54e-0fdff3a4721b,2026-08-14T08:00:00Z,2026-08-14T10:00:00+0200,221.11,EUR/MWh,ES,ES,imbalance_price,Long,2026-08-28T02:01:39Z
2026-08-28T01:53:23Z,2026-08-28T03:53:23+0200,565fb0ed-db72-48c6-a54e-0fdff3a4721b,2026-08-14T08:00:00Z,2026-08-14T10:00:00+0200,221.11,EUR/MWh,ES,ES,imbalance_price,Short,2026-08-28T02:01:39Z
2026-08-28T01:53:23Z,2026-08-28T03:53:23+0200,565fb0ed-db72-48c6-a54e-0fdff3a4721b,2026-08-14T08:15:00Z,2026-08-14T10:15:00+0200,45.99,EUR/MWh,ES,ES,imbalance_price,Long,2026-08-28T02:01:39Z
2026-08-28T01:53:23Z,2026-08-28T03:53:23+0200,565fb0ed-db72-48c6-a54e-0fdff3a4721b,2026-08-14T08:15:00Z,2026-08-14T10:15:00+0200,144.1,EUR/MWh,ES,ES,imbalance_price,Short,2026-08-28T02:01:39Z
2026-08-28T01:53:23Z,2026-08-28T03:53:23+0200,565fb0ed-db72-48c6-a54e-0fdff3a4721b,2026-08-14T08:30:00Z,2026-08-14T10:30:00+0200,36.58,EUR/MWh,ES,ES,imbalance_price,Long,2026-08-28T02:01:39Z
2026-08-28T01:53:23Z,2026-08-28T03:53:23+0200,565fb0ed-db72-48c6-a54e-0fdff3a4721b,2026-08-14T08:30:00Z,2026-08-14T10:30:00+0200,91.54,EUR/MWh,ES,ES,imbalance_price,Short,2026-08-28T02:01:39Z
2026-08-28T01:53:23Z,2026-08-28T03:53:23+0200,565fb0ed-db72-48c6-a54e-0fdff3a4721b,2026-08-14T08:45:00Z,2026-08-14T10:45:00+0200,107.63,EUR/MWh,ES,ES,imbalance_price,Long,2026-08-28T02:01:39Z
2026-08-28T01:53:23Z,2026-08-28T03:53:23+0200,565fb0ed-db72-48c6-a54e-0fdff3a4721b,2026-08-14T08:45:00Z,2026-08-14T10:45:00+0200,107.63,EUR/MWh,ES,ES,imbalance_price,Short,2026-08-28T02:01:39Z
2026-08-28T01:53:23Z,2026-08-28T03:53:23+0200,565fb0ed-db72-48c6-a54e-0fdff3a4721b,2026-08-14T09:00:00Z,2026-08-14T11:00:00+0200,155.93,EUR/MWh,ES,ES,imbalance_price,Long,2026-08-28T02:01:39Z
2026-08-28T01:53:23Z,2026-08-28T03:53:23+0200,565fb0ed-db72-48c6-a54e-0fdff3a4721b,2026-08-14T09:00:00Z,2026-08-14T11:00:00+0200,155.93,EUR/MWh,ES,ES,imbalance_price,Short,2026-08-28T02:01:39Z
2026-08-28T01:53:23Z,2026-08-28T03:53:23+0200,565fb0ed-db72-48c6-a54e-0fdff3a4721b,2026-08-14T09:15:00Z,2026-08-14T11:15:00+0200,0.04,EUR/MWh,ES,ES,imbalance_price,Long,2026-08-28T02:01:39Z
2026-08-28T01:53:23Z,2026-08-28T03:53:23+0200,565fb0ed-db72-48c6-a54e-0fdff3a4721b,2026-08-14T09:15:00Z,2026-08-14T11:15:00+0200,133.02,EUR/MWh,ES,ES,imbalance_price,Short,2026-08-28T02:01:39Z
2026-08-28T01:53:23Z,2026-08-28T03:53:23+0200,565fb0ed-db72-48c6-a54e-0fdff3a4721b,2026-08-14T09:30:00Z,2026-08-14T11:30:00+0200,1.17,EUR/MWh,ES,ES,imbalance_price,Long,2026-08-28T02:01:39Z
2026-08-28T01:53:23Z,2026-08-28T03:53:23+0200,565fb0ed-db72-48c6-a54e-0fdff3a4721b,2026-08-14T09:30:00Z,2026-08-14T11:30:00+0200,131.71,EUR/MWh,ES,ES,imbalance_price,Short,2026-08-28T02:01:39Z
2026-08-28T01:53:23Z,2026-08-28T03:53:23+0200,565fb0ed-db72-48c6-a54e-0fdff3a4721b,2026-08-14T09:45:00Z,2026-08-14T11:45:00+0200,-2.64,EUR/MWh,ES,ES,imbalance_price,Long,2026-08-28T02:01:39Z
2026-08-28T01:53:23Z,2026-08-28T03:53:23+0200,565fb0ed-db72-48c6-a54e-0fdff3a4721b,2026-08-14T09:45:00Z,2026-08-14T11:45:00+0200,136.91,EUR/MWh,ES,ES,imbalance_price,Short,2026-08-28T02:01:39Z
2026-08-28T01:53:23Z,2026-08-28T03:53:23+0200,565fb0ed-db72-48c6-a54e-0fdff3a4721b,2026-08-14T10:00:00Z,2026-08-14T12:00:00+0200,-1.21,EUR/MWh,ES,ES,imbalance_price,Long,2026-08-28T02:01:39Z
2026-08-28T01:53:23Z,2026-08-28T03:53:23+0200,565fb0ed-db72-48c6-a54e-0fdff3a4721b,2026-08-14T10:00:00Z,2026-08-14T12:00:00+0200,17.66,EUR/MWh,ES,ES,imbalance_price,Short,2026-08-28T02:01:39Z
2026-08-28T01:53:23Z,2026-08-28T03:53:23+0200,565fb0ed-db72-48c6-a54e-0fdff3a4721b,2026-08-14T10:15:00Z,2026-08-14T12:15:00+0200,-1.49,EUR/MWh,ES,ES,imbalance_price,Long,2026-08-28T02:01:39Z
2026-08-28T01:53:23Z,2026-08-28T03:53:23+0200,565fb0ed-db72-48c6-a54e-0fdff3a4721b,2026-08-14T10:15:00Z,2026-08-14T12:15:00+0200,-1.49,EUR/MWh,ES,ES,imbalance_price,Short,2026-08-28T02:01:39Z
2026-08-28T01:53:23Z,2026-08-28T03:53:23+0200,565fb0ed-db72-48c6-a54e-0fdff3a4721b,2026-08-14T10:30:00Z,2026-08-14T12:30:00+0200,-0.41,EUR/MWh,ES,ES,imbalance_price,Long,2026-08-28T02:01:39Z
2026-08-28T01:53:23Z,2026-08-28T03:53:23+0200,565fb0ed-db72-48c6-a54e-0fdff3a4721b,2026-08-14T10:30:00Z,2026-08-14T12:30:00+0200,15.25,EUR/MWh,ES,ES,imbalance_price,Short,2026-08-28T02:01:39Z
2026-08-28T01:53:23Z,2026-08-28T03:53:23+0200,565fb0ed-db72-48c6-a54e-0fdff3a4721b,2026-08-14T10:45:00Z,2026-08-14T12:45:00+0200,1.49,EUR/MWh,ES,ES,imbalance_price,Long,2026-08-28T02:01:39Z
2026-08-28T01:53:23Z,2026-08-28T03:53:23+0200,565fb0ed-db72-48c6-a54e-0fdff3a4721b,2026-08-14T10:45:00Z,2026-08-14T12:45:00+0200,1.49,EUR/MWh,ES,ES,imbalance_price,Short,2026-08-28T02:01:39Z
2026-08-28T01:53:23Z,2026-08-28T03:53:23+0200,565fb0ed-db72-48c6-a54e-0fdff3a4721b,2026-08-14T11:00:00Z,2026-08-14T13:00:00+0200,24.98,EUR/MWh,ES,ES,imbalance_price,Long,2026-08-28T02:01:39Z
2026-08-28T01:53:23Z,2026-08-28T03:53:23+0200,565fb0ed-db72-48c6-a54e-0fdff3a4721b,2026-08-14T11:00:00Z,2026-08-14T13:00:00+0200,21.45,EUR/MWh,ES,ES,imbalance_price,Short,2026-08-28T02:01:39Z
2026-08-28T01:53:23Z,2026-08-28T03:53:23+0200,565fb0ed-db72-48c6-a54e-0fdff3a4721b,2026-08-14T11:15:00Z,2026-08-14T13:15:00+0200,1.72,EUR/MWh,ES,ES,imbalance_price,Long,2026-08-28T02:01:39Z
2026-08-28T01:53:23Z,2026-08-28T03:53:23+0200,565fb0ed-db72-48c6-a54e-0fdff3a4721b,2026-08-14T11:15:00Z,2026-08-14T13:15:00+0200,20.11,EUR/MWh,ES,ES,imbalance_price,Short,2026-08-28T02:01:39Z
2026-08-28T01:53:23Z,2026-08-28T03:53:23+0200,565fb0ed-db72-48c6-a54e-0fdff3a4721b,2026-08-14T11:30:00Z,2026-08-14T13:30:00+0200,0.75,EUR/MWh,ES,ES,imbalance_price,Long,2026-08-28T02:01:39Z
2026-08-28T01:53:23Z,2026-08-28T03:53:23+0200,565fb0ed-db72-48c6-a54e-0fdff3a4721b,2026-08-14T11:30:00Z,2026-08-14T13:30:00+0200,17.34,EUR/MWh,ES,ES,imbalance_price,Short,2026-08-28T02:01:39Z
2026-08-28T01:53:23Z,2026-08-28T03:53:23+0200,565fb0ed-db72-48c6-a54e-0fdff3a4721b,2026-08-14T11:45:00Z,2026-08-14T13:45:00+0200,24.11,EUR/MWh,ES,ES,imbalance_price,Long,2026-08-28T02:01:39Z
2026-08-28T01:53:23Z,2026-08-28T03:53:23+0200,565fb0ed-db72-48c6-a54e-0fdff3a4721b,2026-08-14T11:45:00Z,2026-08-14T13:45:00+0200,68.54,EUR/MWh,ES,ES,imbalance_price,Short,2026-08-28T02:01:39Z
2026-08-28T01:53:23Z,2026-08-28T03:53:23+0200,565fb0ed-db72-48c6-a54e-0fdff3a4721b,2026-08-14T12:00:00Z,2026-08-14T14:00:00+0200,51.93,EUR/MWh,ES,ES,imbalance_price,Long,2026-08-28T02:01:39Z
2026-08-28T01:53:23Z,2026-08-28T03:53:23+0200,565fb0ed-db72-48c6-a54e-0fdff3a4721b,2026-08-14T12:00:00Z,2026-08-14T14:00:00+0200,51.93,EUR/MWh,ES,ES,imbalance_price,Short,2026-08-28T02:01:39Z
2026-08-28T01:53:23Z,2026-08-28T03:53:23+0200,565fb0ed-db72-48c6-a54e-0fdff3a4721b,2026-08-14T12:15:00Z,2026-08-14T14:15:00+0200,6.91,EUR/MWh,ES,ES,imbalance_price,Long,2026-08-28T02:01:39Z
2026-08-28T01:53:23Z,2026-08-28T03:53:23+0200,565fb0ed-db72-48c6-a54e-0fdff3a4721b,2026-08-14T12:15:00Z,2026-08-14T14:15:00+0200,98.79,EUR/MWh,ES,ES,imbalance_price,Short,2026-08-28T02:01:39Z
2026-08-28T01:53:23Z,2026-08-28T03:53:23+0200,565fb0ed-db72-48c6-a54e-0fdff3a4721b,2026-08-14T12:30:00Z,2026-08-14T14:30:00+0200,7.5,EUR/MWh,ES,ES,imbalance_price,Long,2026-08-28T02:01:39Z
2026-08-28T01:53:23Z,2026-08-28T03:53:23+0200,565fb0ed-db72-48c6-a54e-0fdff3a4721b,2026-08-14T12:30:00Z,2026-08-14T14:30:00+0200,71.19,EUR/MWh,ES,ES,imbalance_price,Short,2026-08-28T02:01:39Z
2026-08-28T01:53:23Z,2026-08-28T03:53:23+0200,565fb0ed-db72-48c6-a54e-0fdff3a4721b,2026-08-14T12:45:00Z,2026-08-14T14:45:00+0200,14.78,EUR/MWh,ES,ES,imbalance_price,Long,2026-08-28T02:01:39Z
2026-08-28T01:53:23Z,2026-08-28T03:53:23+0200,565fb0ed-db72-48c6-a54e-0fdff3a4721b,2026-08-14T12:45:00Z,2026-08-14T14:45:00+0200,69.05,EUR/MWh,ES,ES,imbalance_price,Short,2026-08-28T02:01:39Z
2026-08-28T01:53:23Z,2026-08-28T03:53:23+0200,565fb0ed-db72-48c6-a54e-0fdff3a4721b,2026-08-14T13:00:00Z,2026-08-14T15:00:00+0200,5.95,EUR/MWh,ES,ES,imbalance_price,Long,2026-08-28T02:01:39Z
2026-08-28T01:53:23Z,2026-08-28T03:53:23+0200,565fb0ed-db72-48c6-a54e-0fdff3a4721b,2026-08-14T13:00:00Z,2026-08-14T15:00:00+0200,87.94,EUR/MWh,ES,ES,imbalance_price,Short,2026-08-28T02:01:39Z
2026-08-28T01:53:23Z,2026-08-28T03:53:23+0200,565fb0ed-db72-48c6-a54e-0fdff3a4721b,2026-08-14T13:15:00Z,2026-08-14T15:15:00+0200,15.89,EUR/MWh,ES,ES,imbalance_price,Long,2026-08-28T02:01:39Z
2026-08-28T01:53:23Z,2026-08-28T03:53:23+0200,565fb0ed-db72-48c6-a54e-0fdff3a4721b,2026-08-14T13:15:00Z,2026-08-14T15:15:00+0200,124.46,EUR/MWh,ES,ES,imbalance_price,Short,2026-08-28T02:01:39Z
2026-08-28T01:53:23Z,2026-08-28T03:53:23+0200,565fb0ed-db72-48c6-a54e-0fdff3a4721b,2026-08-14T13:30:00Z,2026-08-14T15:30:00+0200,0.0,EUR/MWh,ES,ES,imbalance_price,Long,2026-08-28T02:01:39Z
2026-08-28T01:53:23Z,2026-08-28T03:53:23+0200,565fb0ed-db72-48c6-a54e-0fdff3a4721b,2026-08-14T13:30:00Z,2026-08-14T15:30:00+0200,136.79,EUR/MWh,ES,ES,imbalance_price,Short,2026-08-28T02:01:39Z
2026-08-28T01:53:23Z,2026-08-28T03:53:23+0200,565fb0ed-db72-48c6-a54e-0fdff3a4721b,2026-08-14T13:45:00Z,2026-08-14T15:45:00+0200,0.0,EUR/MWh,ES,ES,imbalance_price,Long,2026-08-28T02:01:39Z
2026-08-28T01:53:23Z,2026-08-28T03:53:23+0200,565fb0ed-db72-48c6-a54e-0fdff3a4721b,2026-08-14T13:45:00Z,2026-08-14T15:45:00+0200,140.83,EUR/MWh,ES,ES,imbalance_price,Short,2026-08-28T02:01:39Z
2026-08-28T01:53:23Z,2026-08-28T03:53:23+0200,565fb0ed-db72-48c6-a54e-0fdff3a4721b,2026-08-14T14:00:00Z,2026-08-14T16:00:00+0200,40.49,EUR/MWh,ES,ES,imbalance_price,Long,2026-08-28T02:01:39Z
2026-08-28T01:53:23Z,2026-08-28T03:53:23+0200,565fb0ed-db72-48c6-a54e-0fdff3a4721b,2026-08-14T14:00:00Z,2026-08-14T16:00:00+0200,127.23,EUR/MWh,ES,ES,imbalance_price,Short,2026-08-28T02:01:39Z
2026-08-28T01:53:23Z,2026-08-28T03:53:23+0200,565fb0ed-db72-48c6-a54e-0fdff3a4721b,2026-08-14T14:15:00Z,2026-08-14T16:15:00+0200,109.88,EUR/MWh,ES,ES,imbalance_price,Long,2026-08-28T02:01:39Z
2026-08-28T01:53:23Z,2026-08-28T03:53:23+0200,565fb0ed-db72-48c6-a54e-0fdff3a4721b,2026-08-14T14:15:00Z,2026-08-14T16:15:00+0200,109.88,EUR/MWh,ES,ES,imbalance_price,Short,2026-08-28T02:01:39Z
2026-08-28T01:53:23Z,2026-08-28T03:53:23+0200,565fb0ed-db72-48c6-a54e-0fdff3a4721b,2026-08-14T14:30:00Z,2026-08-14T16:30:00+0200,44.61,EUR/MWh,ES,ES,imbalance_price,Long,2026-08-28T02:01:39Z
2026-08-28T01:53:23Z,2026-08-28T03:53:23+0200,565fb0ed-db72-48c6-a54e-0fdff3a4721b,2026-08-14T14:30:00Z,2026-08-14T16:30:00+0200,130.74,EUR/MWh,ES,ES,imbalance_price,Short,2026-08-28T02:01:39Z
2026-08-28T01:53:23Z,2026-08-28T03:53:23+0200,565fb0ed-db72-48c6-a54e-0fdff3a4721b,2026-08-14T14:45:00Z,2026-08-14T16:45:00+0200,135.58,EUR/MWh,ES,ES,imbalance_price,Long,2026-08-28T02:01:39Z
2026-08-28T01:53:23Z,2026-08-28T03:53:23+0200,565fb0ed-db72-48c6-a54e-0fdff3a4721b,2026-08-14T14:45:00Z,2026-08-14T16:45:00+0200,135.58,EUR/MWh,ES,ES,imbalance_price,Short,2026-08-28T02:01:39Z
2026-08-28T01:53:23Z,2026-08-28T03:53:23+0200,565fb0ed-db72-48c6-a54e-0fdff3a4721b,2026-08-14T15:00:00Z,2026-08-14T17:00:00+0200,200.67,EUR/MWh,ES,ES,imbalance_price,Long,2026-08-28T02:01:39Z
2026-08-28T01:53:23Z,2026-08-28T03:53:23+0200,565fb0ed-db72-48c6-a54e-0fdff3a4721b,2026-08-14T15:00:00Z,2026-08-14T17:00:00+0200,200.67,EUR/MWh,ES,ES,imbalance_price,Short,2026-08-28T02:01:39Z
2026-08-28T01:53:23Z,2026-08-28T03:53:23+0200,565fb0ed-db72-48c6-a54e-0fdff3a4721b,2026-08-14T15:15:00Z,2026-08-14T17:15:00+0200,54.72,EUR/MWh,ES,ES,imbalance_price,Long,2026-08-28T02:01:39Z
2026-08-28T01:53:23Z,2026-08-28T03:53:23+0200,565fb0ed-db72-48c6-a54e-0fdff3a4721b,2026-08-14T15:15:00Z,2026-08-14T17:15:00+0200,140.56,EUR/MWh,ES,ES,imbalance_price,Short,2026-08-28T02:01:39Z
2026-08-28T01:53:23Z,2026-08-28T03:53:23+0200,565fb0ed-db72-48c6-a54e-0fdff3a4721b,2026-08-14T15:30:00Z,2026-08-14T17:30:00+0200,-42.97,EUR/MWh,ES,ES,imbalance_price,Long,2026-08-28T02:01:39Z
2026-08-28T01:53:23Z,2026-08-28T03:53:23+0200,565fb0ed-db72-48c6-a54e-0fdff3a4721b,2026-08-14T15:30:00Z,2026-08-14T17:30:00+0200,137.86,EUR/MWh,ES,ES,imbalance_price,Short,2026-08-28T02:01:39Z
2026-08-28T01:53:23Z,2026-08-28T03:53:23+0200,565fb0ed-db72-48c6-a54e-0fdff3a4721b,2026-08-14T15:45:00Z,2026-08-14T17:45:00+0200,94.86,EUR/MWh,ES,ES,imbalance_price,Long,2026-08-28T02:01:39Z
2026-08-28T01:53:23Z,2026-08-28T03:53:23+0200,565fb0ed-db72-48c6-a54e-0fdff3a4721b,2026-08-14T15:45:00Z,2026-08-14T17:45:00+0200,94.86,EUR/MWh,ES,ES,imbalance_price,Short,2026-08-28T02:01:39Z
2026-08-28T01:53:23Z,2026-08-28T03:53:23+0200,565fb0ed-db72-48c6-a54e-0fdff3a4721b,2026-08-14T16:00:00Z,2026-08-14T18:00:00+0200,40.77,EUR/MWh,ES,ES,imbalance_price,Long,2026-08-28T02:01:39Z
2026-08-28T01:53:23Z,2026-08-28T03:53:23+0200,565fb0ed-db72-48c6-a54e-0fdff3a4721b,2026-08-14T16:00:00Z,2026-08-14T18:00:00+0200,40.77,EUR/MWh,ES,ES,imbalance_price,Short,2026-08-28T02:01:39Z
2026-08-28T01:53:23Z,2026-08-28T03:53:23+0200,565fb0ed-db72-48c6-a54e-0fdff3a4721b,2026-08-14T16:15:00Z,2026-08-14T18:15:00+0200,52.95,EUR/MWh,ES,ES,imbalance_price,Long,2026-08-28T02:01:39Z
2026-08-28T01:53:23Z,2026-08-28T03:53:23+0200,565fb0ed-db72-48c6-a54e-0fdff3a4721b,2026-08-14T16:15:00Z,2026-08-14T18:15:00+0200,52.95,EUR/MWh,ES,ES,imbalance_price,Short,2026-08-28T02:01:39Z
2026-08-28T01:53:23Z,2026-08-28T03:53:23+0200,565fb0ed-db72-48c6-a54e-0fdff3a4721b,2026-08-14T16:30:00Z,2026-08-14T18:30:00+0200,54.51,EUR/MWh,ES,ES,imbalance_price,Long,2026-08-28T02:01:39Z
2026-08-28T01:53:23Z,2026-08-28T03:53:23+0200,565fb0ed-db72-48c6-a54e-0fdff3a4721b,2026-08-14T16:30:00Z,2026-08-14T18:30:00+0200,54.51,EUR/MWh,ES,ES,imbalance_price,Short,2026-08-28T02:01:39Z
2026-08-28T01:53:23Z,2026-08-28T03:53:23+0200,565fb0ed-db72-48c6-a54e-0fdff3a4721b,2026-08-14T16:45:00Z,2026-08-14T18:45:00+0200,55.91,EUR/MWh,ES,ES,imbalance_price,Long,2026-08-28T02:01:39Z
2026-08-28T01:53:23Z,2026-08-28T03:53:23+0200,565fb0ed-db72-48c6-a54e-0fdff3a4721b,2026-08-14T16:45:00Z,2026-08-14T18:45:00+0200,55.91,EUR/MWh,ES,ES,imbalance_price,Short,2026-08-28T02:01:39Z
2026-08-28T01:53:23Z,2026-08-28T03:53:23+0200,565fb0ed-db72-48c6-a54e-0fdff3a4721b,2026-08-14T17:00:00Z,2026-08-14T19:00:00+0200,47.71,EUR/MWh,ES,ES,imbalance_price,Long,2026-08-28T02:01:39Z
2026-08-28T01:53:23Z,2026-08-28T03:53:23+0200,565fb0ed-db72-48c6-a54e-0fdff3a4721b,2026-08-14T17:00:00Z,2026-08-14T19:00:00+0200,145.55,EUR/MWh,ES,ES,imbalance_price,Short,2026-08-28T02:01:39Z
2026-08-28T01:53:23Z,2026-08-28T03:53:23+0200,565fb0ed-db72-48c6-a54e-0fdff3a4721b,2026-08-14T17:15:00Z,2026-08-14T19:15:00+0200,54.41,EUR/MWh,ES,ES,imbalance_price,Long,2026-08-28T02:01:39Z
2026-08-28T01:53:23Z,2026-08-28T03:53:23+0200,565fb0ed-db72-48c6-a54e-0fdff3a4721b,2026-08-14T17:15:00Z,2026-08-14T19:15:00+0200,170.84,EUR/MWh,ES,ES,imbalance_price,Short,2026-08-28T02:01:39Z
2026-08-28T01:53:23Z,2026-08-28T03:53:23+0200,565fb0ed-db72-48c6-a54e-0fdff3a4721b,2026-08-14T17:30:00Z,2026-08-14T19:30:00+0200,102.04,EUR/MWh,ES,ES,imbalance_price,Long,2026-08-28T02:01:39Z
2026-08-28T01:53:23Z,2026-08-28T03:53:23+0200,565fb0ed-db72-48c6-a54e-0fdff3a4721b,2026-08-14T17:30:00Z,2026-08-14T19:30:00+0200,187.16,EUR/MWh,ES,ES,imbalance_price,Short,2026-08-28T02:01:39Z
2026-08-28T01:53:23Z,2026-08-28T03:53:23+0200,565fb0ed-db72-48c6-a54e-0fdff3a4721b,2026-08-14T17:45:00Z,2026-08-14T19:45:00+0200,71.78,EUR/MWh,ES,ES,imbalance_price,Long,2026-08-28T02:01:39Z
2026-08-28T01:53:23Z,2026-08-28T03:53:23+0200,565fb0ed-db72-48c6-a54e-0fdff3a4721b,2026-08-14T17:45:00Z,2026-08-14T19:45:00+0200,188.57,EUR/MWh,ES,ES,imbalance_price,Short,2026-08-28T02:01:39Z
2026-08-28T01:53:23Z,2026-08-28T03:53:23+0200,565fb0ed-db72-48c6-a54e-0fdff3a4721b,2026-08-14T18:00:00Z,2026-08-14T20:00:00+0200,128.93,EUR/MWh,ES,ES,imbalance_price,Long,2026-08-28T02:01:39Z
2026-08-28T01:53:23Z,2026-08-28T03:53:23+0200,565fb0ed-db72-48c6-a54e-0fdff3a4721b,2026-08-14T18:00:00Z,2026-08-14T20:00:00+0200,149.9,EUR/MWh,ES,ES,imbalance_price,Short,2026-08-28T02:01:39Z
2026-08-28T01:53:23Z,2026-08-28T03:53:23+0200,565fb0ed-db72-48c6-a54e-0fdff3a4721b,2026-08-14T18:15:00Z,2026-08-14T20:15:00+0200,136.63,EUR/MWh,ES,ES,imbalance_price,Long,2026-08-28T02:01:39Z
2026-08-28T01:53:23Z,2026-08-28T03:53:23+0200,565fb0ed-db72-48c6-a54e-0fdff3a4721b,2026-08-14T18:15:00Z,2026-08-14T20:15:00+0200,158.57,EUR/MWh,ES,ES,imbalance_price,Short,2026-08-28T02:01:39Z
2026-08-28T01:53:23Z,2026-08-28T03:53:23+0200,565fb0ed-db72-48c6-a54e-0fdff3a4721b,2026-08-14T18:30:00Z,2026-08-14T20:30:00+0200,137.68,EUR/MWh,ES,ES,imbalance_price,Long,2026-08-28T02:01:39Z
2026-08-28T01:53:23Z,2026-08-28T03:53:23+0200,565fb0ed-db72-48c6-a54e-0fdff3a4721b,2026-08-14T18:30:00Z,2026-08-14T20:30:00+0200,189.42,EUR/MWh,ES,ES,imbalance_price,Short,2026-08-28T02:01:39Z
2026-08-28T01:53:23Z,2026-08-28T03:53:23+0200,565fb0ed-db72-48c6-a54e-0fdff3a4721b,2026-08-14T18:45:00Z,2026-08-14T20:45:00+0200,142.89,EUR/MWh,ES,ES,imbalance_price,Long,2026-08-28T02:01:39Z
2026-08-28T01:53:23Z,2026-08-28T03:53:23+0200,565fb0ed-db72-48c6-a54e-0fdff3a4721b,2026-08-14T18:45:00Z,2026-08-14T20:45:00+0200,173.29,EUR/MWh,ES,ES,imbalance_price,Short,2026-08-28T02:01:39Z
2026-08-28T01:53:23Z,2026-08-28T03:53:23+0200,565fb0ed-db72-48c6-a54e-0fdff3a4721b,2026-08-14T19:00:00Z,2026-08-14T21:00:00+0200,175.37,EUR/MWh,ES,ES,imbalance_price,Long,2026-08-28T02:01:39Z
2026-08-28T01:53:23Z,2026-08-28T03:53:23+0200,565fb0ed-db72-48c6-a54e-0fdff3a4721b,2026-08-14T19:00:00Z,2026-08-14T21:00:00+0200,152.65,EUR/MWh,ES,ES,imbalance_price,Short,2026-08-28T02:01:39Z
2026-08-28T01:53:23Z,2026-08-28T03:53:23+0200,565fb0ed-db72-48c6-a54e-0fdff3a4721b,2026-08-14T19:15:00Z,2026-08-14T21:15:00+0200,136.72,EUR/MWh,ES,ES,imbalance_price,Long,2026-08-28T02:01:39Z
2026-08-28T01:53:23Z,2026-08-28T03:53:23+0200,565fb0ed-db72-48c6-a54e-0fdff3a4721b,2026-08-14T19:15:00Z,2026-08-14T21:15:00+0200,144.82,EUR/MWh,ES,ES,imbalance_price,Short,2026-08-28T02:01:39Z
2026-08-28T01:53:23Z,2026-08-28T03:53:23+0200,565fb0ed-db72-48c6-a54e-0fdff3a4721b,2026-08-14T19:30:00Z,2026-08-14T21:30:00+0200,157.54,EUR/MWh,ES,ES,imbalance_price,Long,2026-08-28T02:01:39Z
2026-08-28T01:53:23Z,2026-08-28T03:53:23+0200,565fb0ed-db72-48c6-a54e-0fdff3a4721b,2026-08-14T19:30:00Z,2026-08-14T21:30:00+0200,154.85,EUR/MWh,ES,ES,imbalance_price,Short,2026-08-28T02:01:39Z
2026-08-28T01:53:23Z,2026-08-28T03:53:23+0200,565fb0ed-db72-48c6-a54e-0fdff3a4721b,2026-08-14T19:45:00Z,2026-08-14T21:45:00+0200,134.22,EUR/MWh,ES,ES,imbalance_price,Long,2026-08-28T02:01:39Z
2026-08-28T01:53:23Z,2026-08-28T03:53:23+0200,565fb0ed-db72-48c6-a54e-0fdff3a4721b,2026-08-14T19:45:00Z,2026-08-14T21:45:00+0200,162.9,EUR/MWh,ES,ES,imbalance_price,Short,2026-08-28T02:01:39Z
2026-08-28T01:53:23Z,2026-08-28T03:53:23+0200,565fb0ed-db72-48c6-a54e-0fdff3a4721b,2026-08-14T20:00:00Z,2026-08-14T22:00:00+0200,137.0,EUR/MWh,ES,ES,imbalance_price,Long,2026-08-28T02:01:39Z
2026-08-28T01:53:23Z,2026-08-28T03:53:23+0200,565fb0ed-db72-48c6-a54e-0fdff3a4721b,2026-08-14T20:00:00Z,2026-08-14T22:00:00+0200,159.98,EUR/MWh,ES,ES,imbalance_price,Short,2026-08-28T02:01:39Z
2026-08-28T01:53:23Z,2026-08-28T03:53:23+0200,565fb0ed-db72-48c6-a54e-0fdff3a4721b,2026-08-14T20:15:00Z,2026-08-14T22:15:00+0200,136.78,EUR/MWh,ES,ES,imbalance_price,Long,2026-08-28T02:01:39Z
2026-08-28T01:53:23Z,2026-08-28T03:53:23+0200,565fb0ed-db72-48c6-a54e-0fdff3a4721b,2026-08-14T20:15:00Z,2026-08-14T22:15:00+0200,155.15,EUR/MWh,ES,ES,imbalance_price,Short,2026-08-28T02:01:39Z
2026-08-28T01:53:23Z,2026-08-28T03:53:23+0200,565fb0ed-db72-48c6-a54e-0fdff3a4721b,2026-08-14T20:30:00Z,2026-08-14T22:30:00+0200,82.37,EUR/MWh,ES,ES,imbalance_price,Long,2026-08-28T02:01:39Z
2026-08-28T01:53:23Z,2026-08-28T03:53:23+0200,565fb0ed-db72-48c6-a54e-0fdff3a4721b,2026-08-14T20:30:00Z,2026-08-14T22:30:00+0200,140.33,EUR/MWh,ES,ES,imbalance_price,Short,2026-08-28T02:01:39Z
2026-08-28T01:53:23Z,2026-08-28T03:53:23+0200,565fb0ed-db72-48c6-a54e-0fdff3a4721b,2026-08-14T20:45:00Z,2026-08-14T22:45:00+0200,131.4,EUR/MWh,ES,ES,imbalance_price,Long,2026-08-28T02:01:39Z
2026-08-28T01:53:23Z,2026-08-28T03:53:23+0200,565fb0ed-db72-48c6-a54e-0fdff3a4721b,2026-08-14T20:45:00Z,2026-08-14T22:45:00+0200,155.08,EUR/MWh,ES,ES,imbalance_price,Short,2026-08-28T02:01:39Z
2026-08-28T01:53:23Z,2026-08-28T03:53:23+0200,565fb0ed-db72-48c6-a54e-0fdff3a4721b,2026-08-14T21:00:00Z,2026-08-14T23:00:00+0200,123.25,EUR/MWh,ES,ES,imbalance_price,Long,2026-08-28T02:01:39Z
2026-08-28T01:53:23Z,2026-08-28T03:53:23+0200,565fb0ed-db72-48c6-a54e-0fdff3a4721b,2026-08-14T21:00:00Z,2026-08-14T23:00:00+0200,151.48,EUR/MWh,ES,ES,imbalance_price,Short,2026-08-28T02:01:39Z
2026-08-28T01:53:23Z,2026-08-28T03:53:23+0200,565fb0ed-db72-48c6-a54e-0fdff3a4721b,2026-08-14T21:15:00Z,2026-08-14T23:15:00+0200,107.23,EUR/MWh,ES,ES,imbalance_price,Long,2026-08-28T02:01:39Z
2026-08-28T01:53:23Z,2026-08-28T03:53:23+0200,565fb0ed-db72-48c6-a54e-0fdff3a4721b,2026-08-14T21:15:00Z,2026-08-14T23:15:00+0200,192.88,EUR/MWh,ES,ES,imbalance_price,Short,2026-08-28T02:01:39Z
2026-08-28T01:53:23Z,2026-08-28T03:53:23+0200,565fb0ed-db72-48c6-a54e-0fdff3a4721b,2026-08-14T21:30:00Z,2026-08-14T23:30:00+0200,118.04,EUR/MWh,ES,ES,imbalance_price,Long,2026-08-28T02:01:39Z
2026-08-28T01:53:23Z,2026-08-28T03:53:23+0200,565fb0ed-db72-48c6-a54e-0fdff3a4721b,2026-08-14T21:30:00Z,2026-08-14T23:30:00+0200,220.58,EUR/MWh,ES,ES,imbalance_price,Short,2026-08-28T02:01:39Z
2026-08-28T01:53:23Z,2026-08-28T03:53:23+0200,565fb0ed-db72-48c6-a54e-0fdff3a4721b,2026-08-14T21:45:00Z,2026-08-14T23:45:00+0200,73.39,EUR/MWh,ES,ES,imbalance_price,Long,2026-08-28T02:01:39Z
2026-08-28T01:53:23Z,2026-08-28T03:53:23+0200,565fb0ed-db72-48c6-a54e-0fdff3a4721b,2026-08-14T21:45:00Z,2026-08-14T23:45:00+0200,138.15,EUR/MWh,ES,ES,imbalance_price,Short,2026-08-28T02:01:39Z
2026-08-28T01:53:23Z,2026-08-28T03:53:23+0200,565fb0ed-db72-48c6-a54e-0fdff3a4721b,2026-08-14T22:00:00Z,2026-08-15T00:00:00+0200,107.81,EUR/MWh,ES,ES,imbalance_price,Long,2026-08-28T02:01:39Z
2026-08-28T01:53:23Z,2026-08-28T03:53:23+0200,565fb0ed-db72-48c6-a54e-0fdff3a4721b,2026-08-14T22:00:00Z,2026-08-15T00:00:00+0200,230.64,EUR/MWh,ES,ES,imbalance_price,Short,2026-08-28T02:01:39Z
2026-08-28T01:53:23Z,2026-08-28T03:53:23+0200,565fb0ed-db72-48c6-a54e-0fdff3a4721b,2026-08-14T22:15:00Z,2026-08-15T00:15:00+0200,333.43,EUR/MWh,ES,ES,imbalance_price,Long,2026-08-28T02:01:39Z
2026-08-28T01:53:23Z,2026-08-28T03:53:23+0200,565fb0ed-db72-48c6-a54e-0fdff3a4721b,2026-08-14T22:15:00Z,2026-08-15T00:15:00+0200,333.43,EUR/MWh,ES,ES,imbalance_price,Short,2026-08-28T02:01:39Z
2026-08-28T01:53:23Z,2026-08-28T03:53:23+0200,565fb0ed-db72-48c6-a54e-0fdff3a4721b,2026-08-14T22:30:00Z,2026-08-15T00:30:00+0200,90.66,EUR/MWh,ES,ES,imbalance_price,Long,2026-08-28T02:01:39Z
2026-08-28T01:53:23Z,2026-08-28T03:53:23+0200,565fb0ed-db72-48c6-a54e-0fdff3a4721b,2026-08-14T22:30:00Z,2026-08-15T00:30:00+0200,202.81,EUR/MWh,ES,ES,imbalance_price,Short,2026-08-28T02:01:39Z
2026-08-28T01:53:23Z,2026-08-28T03:53:23+0200,565fb0ed-db72-48c6-a54e-0fdff3a4721b,2026-08-14T22:45:00Z,2026-08-15T00:45:00+0200,124.27,EUR/MWh,ES,ES,imbalance_price,Long,2026-08-28T02:01:39Z
2026-08-28T01:53:23Z,2026-08-28T03:53:23+0200,565fb0ed-db72-48c6-a54e-0fdff3a4721b,2026-08-14T22:45:00Z,2026-08-15T00:45:00+0200,165.98,EUR/MWh,ES,ES,imbalance_price,Short,2026-08-28T02:01:39Z
2026-08-28T01:53:23Z,2026-08-28T03:53:23+0200,565fb0ed-db72-48c6-a54e-0fdff3a4721b,2026-08-14T23:00:00Z,2026-08-15T01:00:00+0200,119.69,EUR/MWh,ES,ES,imbalance_price,Long,2026-08-28T02:01:39Z
2026-08-28T01:53:23Z,2026-08-28T03:53:23+0200,565fb0ed-db72-48c6-a54e-0fdff3a4721b,2026-08-14T23:00:00Z,2026-08-15T01:00:00+0200,156.13,EUR/MWh,ES,ES,imbalance_price,Short,2026-08-28T02:01:39Z
2026-08-28T01:53:23Z,2026-08-28T03:53:23+0200,565fb0ed-db72-48c6-a54e-0fdff3a4721b,2026-08-14T23:15:00Z,2026-08-15T01:15:00+0200,24.94,EUR/MWh,ES,ES,imbalance_price,Long,2026-08-28T02:01:39Z
2026-08-28T01:53:23Z,2026-08-28T03:53:23+0200,565fb0ed-db72-48c6-a54e-0fdff3a4721b,2026-08-14T23:15:00Z,2026-08-15T01:15:00+0200,151.88,EUR/MWh,ES,ES,imbalance_price,Short,2026-08-28T02:01:39Z
2026-08-28T01:53:23Z,2026-08-28T03:53:23+0200,565fb0ed-db72-48c6-a54e-0fdff3a4721b,2026-08-14T23:30:00Z,2026-08-15T01:30:00+0200,169.94,EUR/MWh,ES,ES,imbalance_price,Long,2026-08-28T02:01:39Z
2026-08-28T01:53:23Z,2026-08-28T03:53:23+0200,565fb0ed-db72-48c6-a54e-0fdff3a4721b,2026-08-14T23:30:00Z,2026-08-15T01:30:00+0200,169.94,EUR/MWh,ES,ES,imbalance_price,Short,2026-08-28T02:01:39Z
2026-08-28T01:53:23Z,2026-08-28T03:53:23+0200,565fb0ed-db72-48c6-a54e-0fdff3a4721b,2026-08-14T23:45:00Z,2026-08-15T01:45:00+0200,0.0,EUR/MWh,ES,ES,imbalance_price,Long,2026-08-28T02:01:39Z
2026-08-28T01:53:23Z,2026-08-28T03:53:23+0200,565fb0ed-db72-48c6-a54e-0fdff3a4721b,2026-08-14T23:45:00Z,2026-08-15T01:45:00+0200,166.31,EUR/MWh,ES,ES,imbalance_price,Short,2026-08-28T02:01:39Z
2026-08-28T01:53:23Z,2026-08-28T03:53:23+0200,565fb0ed-db72-48c6-a54e-0fdff3a4721b,2026-08-15T00:00:00Z,2026-08-15T02:00:00+0200,193.8,EUR/MWh,ES,ES,imbalance_price,Long,2026-08-28T02:01:39Z
2026-08-28T01:53:23Z,2026-08-28T03:53:23+0200,565fb0ed-db72-48c6-a54e-0fdff3a4721b,2026-08-15T00:00:00Z,2026-08-15T02:00:00+0200,193.8,EUR/MWh,ES,ES,imbalance_price,Short,2026-08-28T02:01:39Z
2026-08-28T01:53:23Z,2026-08-28T03:53:23+0200,565fb0ed-db72-48c6-a54e-0fdff3a4721b,2026-08-15T00:15:00Z,2026-08-15T02:15:00+0200,261.41,EUR/MWh,ES,ES,imbalance_price,Long,2026-08-28T02:01:39Z
2026-08-28T01:53:23Z,2026-08-28T03:53:23+0200,565fb0ed-db72-48c6-a54e-0fdff3a4721b,2026-08-15T00:15:00Z,2026-08-15T02:15:00+0200,261.41,EUR/MWh,ES,ES,imbalance_price,Short,2026-08-28T02:01:39Z
2026-08-28T01:53:23Z,2026-08-28T03:53:23+0200,565fb0ed-db72-48c6-a54e-0fdff3a4721b,2026-08-15T00:30:00Z,2026-08-15T02:30:00+0200,219.37,EUR/MWh,ES,ES,imbalance_price,Long,2026-08-28T02:01:39Z
2026-08-28T01:53:23Z,2026-08-28T03:53:23+0200,565fb0ed-db72-48c6-a54e-0fdff3a4721b,2026-08-15T00:30:00Z,2026-08-15T02:30:00+0200,219.37,EUR/MWh,ES,ES,imbalance_price,Short,2026-08-28T02:01:39Z
2026-08-28T01:53:23Z,2026-08-28T03:53:23+0200,565fb0ed-db72-48c6-a54e-0fdff3a4721b,2026-08-15T00:45:00Z,2026-08-15T02:45:00+0200,213.38,EUR/MWh,ES,ES,imbalance_price,Long,2026-08-28T02:01:39Z
2026-08-28T01:53:23Z,2026-08-28T03:53:23+0200,565fb0ed-db72-48c6-a54e-0fdff3a4721b,2026-08-15T00:45:00Z,2026-08-15T02:45:00+0200,213.38,EUR/MWh,ES,ES,imbalance_price,Short,2026-08-28T02:01:39Z
2026-08-28T01:53:23Z,2026-08-28T03:53:23+0200,565fb0ed-db72-48c6-a54e-0fdff3a4721b,2026-08-15T01:00:00Z,2026-08-15T03:00:00+0200,353.44,EUR/MWh,ES,ES,imbalance_price,Long,2026-08-28T02:01:39Z
2026-08-28T01:53:23Z,2026-08-28T03:53:23+0200,565fb0ed-db72-48c6-a54e-0fdff3a4721b,2026-08-15T01:00:00Z,2026-08-15T03:00:00+0200,353.44,EUR/MWh,ES,ES,imbalance_price,Short,2026-08-28T02:01:39Z
2026-08-28T01:53:23Z,2026-08-28T03:53:23+0200,565fb0ed-db72-48c6-a54e-0fdff3a4721b,2026-08-15T01:15:00Z,2026-08-15T03:15:00+0200,217.45,EUR/MWh,ES,ES,imbalance_price,Long,2026-08-28T02:01:39Z
2026-08-28T01:53:23Z,2026-08-28T03:53:23+0200,565fb0ed-db72-48c6-a54e-0fdff3a4721b,2026-08-15T01:15:00Z,2026-08-15T03:15:00+0200,217.45,EUR/MWh,ES,ES,imbalance_price,Short,2026-08-28T02:01:39Z
2026-08-28T01:53:23Z,2026-08-28T03:53:23+0200,565fb0ed-db72-48c6-a54e-0fdff3a4721b,2026-08-15T01:30:00Z,2026-08-15T03:30:00+0200,128.57,EUR/MWh,ES,ES,imbalance_price,Long,2026-08-28T02:01:39Z
2026-08-28T01:53:23Z,2026-08-28T03:53:23+0200,565fb0ed-db72-48c6-a54e-0fdff3a4721b,2026-08-15T01:30:00Z,2026-08-15T03:30:00+0200,183.37,EUR/MWh,ES,ES,imbalance_price,Short,2026-08-28T02:01:39Z
2026-08-28T01:53:23Z,2026-08-28T03:53:23+0200,565fb0ed-db72-48c6-a54e-0fdff3a4721b,2026-08-15T01:45:00Z,2026-08-15T03:45:00+0200,131.54,EUR/MWh,ES,ES,imbalance_price,Long,2026-08-28T02:01:39Z
2026-08-28T01:53:23Z,2026-08-28T03:53:23+0200,565fb0ed-db72-48c6-a54e-0fdff3a4721b,2026-08-15T01:45:00Z,2026-08-15T03:45:00+0200,178.49,EUR/MWh,ES,ES,imbalance_price,Short,2026-08-28T02:01:39Z
2026-08-28T01:53:23Z,2026-08-28T03:53:23+0200,565fb0ed-db72-48c6-a54e-0fdff3a4721b,2026-08-15T02:00:00Z,2026-08-15T04:00:00+0200,212.4,EUR/MWh,ES,ES,imbalance_price,Long,2026-08-28T02:01:39Z
2026-08-28T01:53:23Z,2026-08-28T03:53:23+0200,565fb0ed-db72-48c6-a54e-0fdff3a4721b,2026-08-15T02:00:00Z,2026-08-15T04:00:00+0200,212.4,EUR/MWh,ES,ES,imbalance_price,Short,2026-08-28T02:01:39Z
2026-08-28T01:53:23Z,2026-08-28T03:53:23+0200,565fb0ed-db72-48c6-a54e-0fdff3a4721b,2026-08-15T02:15:00Z,2026-08-15T04:15:00+0200,214.22,EUR/MWh,ES,ES,imbalance_price,Long,2026-08-28T02:01:39Z
2026-08-28T01:53:23Z,2026-08-28T03:53:23+0200,565fb0ed-db72-48c6-a54e-0fdff3a4721b,2026-08-15T02:15:00Z,2026-08-15T04:15:00+0200,214.22,EUR/MWh,ES,ES,imbalance_price,Short,2026-08-28T02:01:39Z
2026-08-28T01:53:23Z,2026-08-28T03:53:23+0200,565fb0ed-db72-48c6-a54e-0fdff3a4721b,2026-08-15T02:30:00Z,2026-08-15T04:30:00+0200,127.35,EUR/MWh,ES,ES,imbalance_price,Long,2026-08-28T02:01:39Z
2026-08-28T01:53:23Z,2026-08-28T03:53:23+0200,565fb0ed-db72-48c6-a54e-0fdff3a4721b,2026-08-15T02:30:00Z,2026-08-15T04:30:00+0200,211.47,EUR/MWh,ES,ES,imbalance_price,Short,2026-08-28T02:01:39Z
2026-08-28T01:53:23Z,2026-08-28T03:53:23+0200,565fb0ed-db72-48c6-a54e-0fdff3a4721b,2026-08-15T02:45:00Z,2026-08-15T04:45:00+0200,212.69,EUR/MWh,ES,ES,imbalance_price,Long,2026-08-28T02:01:39Z
2026-08-28T01:53:23Z,2026-08-28T03:53:23+0200,565fb0ed-db72-48c6-a54e-0fdff3a4721b,2026-08-15T02:45:00Z,2026-08-15T04:45:00+0200,212.69,EUR/MWh,ES,ES,imbalance_price,Short,2026-08-28T02:01:39Z
2026-08-28T01:53:23Z,2026-08-28T03:53:23+0200,565fb0ed-db72-48c6-a54e-0fdff3a4721b,2026-08-15T03:00:00Z,2026-08-15T05:00:00+0200,211.11,EUR/MWh,ES,ES,imbalance_price,Long,2026-08-28T02:01:39Z
2026-08-28T01:53:23Z,2026-08-28T03:53:23+0200,565fb0ed-db72-48c6-a54e-0fdff3a4721b,2026-08-15T03:00:00Z,2026-08-15T05:00:00+0200,211.11,EUR/MWh,ES,ES,imbalance_price,Short,2026-08-28T02:01:39Z
2026-08-28T01:53:23Z,2026-08-28T03:53:23+0200,565fb0ed-db72-48c6-a54e-0fdff3a4721b,2026-08-15T03:15:00Z,2026-08-15T05:15:00+0200,125.71,EUR/MWh,ES,ES,imbalance_price,Long,2026-08-28T02:01:39Z
2026-08-28T01:53:23Z,2026-08-28T03:53:23+0200,565fb0ed-db72-48c6-a54e-0fdff3a4721b,2026-08-15T03:15:00Z,2026-08-15T05:15:00+0200,211.95,EUR/MWh,ES,ES,imbalance_price,Short,2026-08-28T02:01:39Z
2026-08-28T01:53:23Z,2026-08-28T03:53:23+0200,565fb0ed-db72-48c6-a54e-0fdff3a4721b,2026-08-15T03:30:00Z,2026-08-15T05:30:00+0200,124.23,EUR/MWh,ES,ES,imbalance_price,Long,2026-08-28T02:01:39Z
2026-08-28T01:53:23Z,2026-08-28T03:53:23+0200,565fb0ed-db72-48c6-a54e-0fdff3a4721b,2026-08-15T03:30:00Z,2026-08-15T05:30:00+0200,217.14,EUR/MWh,ES,ES,imbalance_price,Short,2026-08-28T02:01:39Z
2026-08-28T01:53:23Z,2026-08-28T03:53:23+0200,565fb0ed-db72-48c6-a54e-0fdff3a4721b,2026-08-15T03:45:00Z,2026-08-15T05:45:00+0200,122.47,EUR/MWh,ES,ES,imbalance_price,Long,2026-08-28T02:01:39Z
2026-08-28T01:53:23Z,2026-08-28T03:53:23+0200,565fb0ed-db72-48c6-a54e-0fdff3a4721b,2026-08-15T03:45:00Z,2026-08-15T05:45:00+0200,214.25,EUR/MWh,ES,ES,imbalance_price,Short,2026-08-28T02:01:39Z
2026-08-28T01:53:23Z,2026-08-28T03:53:23+0200,565fb0ed-db72-48c6-a54e-0fdff3a4721b,2026-08-15T04:00:00Z,2026-08-15T06:00:00+0200,131.94,EUR/MWh,ES,ES,imbalance_price,Long,2026-08-28T02:01:39Z
2026-08-28T01:53:23Z,2026-08-28T03:53:23+0200,565fb0ed-db72-48c6-a54e-0fdff3a4721b,2026-08-15T04:00:00Z,2026-08-15T06:00:00+0200,177.41,EUR/MWh,ES,ES,imbalance_price,Short,2026-08-28T02:01:39Z
2026-08-28T01:53:23Z,2026-08-28T03:53:23+0200,565fb0ed-db72-48c6-a54e-0fdff3a4721b,2026-08-15T04:15:00Z,2026-08-15T06:15:00+0200,178.07,EUR/MWh,ES,ES,imbalance_price,Long,2026-08-28T02:01:39Z
2026-08-28T01:53:23Z,2026-08-28T03:53:23+0200,565fb0ed-db72-48c6-a54e-0fdff3a4721b,2026-08-15T04:15:00Z,2026-08-15T06:15:00+0200,178.07,EUR/MWh,ES,ES,imbalance_price,Short,2026-08-28T02:01:39Z
2026-08-28T01:53:23Z,2026-08-28T03:53:23+0200,565fb0ed-db72-48c6-a54e-0fdff3a4721b,2026-08-15T04:30:00Z,2026-08-15T06:30:00+0200,75.0,EUR/MWh,ES,ES,imbalance_price,Long,2026-08-28T02:01:39Z
2026-08-28T01:53:23Z,2026-08-28T03:53:23+0200,565fb0ed-db72-48c6-a54e-0fdff3a4721b,2026-08-15T04:30:00Z,2026-08-15T06:30:00+0200,187.28,EUR/MWh,ES,ES,imbalance_price,Short,2026-08-28T02:01:39Z
2026-08-28T01:53:23Z,2026-08-28T03:53:23+0200,565fb0ed-db72-48c6-a54e-0fdff3a4721b,2026-08-15T04:45:00Z,2026-08-15T06:45:00+0200,115.83,EUR/MWh,ES,ES,imbalance_price,Long,2026-08-28T02:01:39Z
2026-08-28T01:53:23Z,2026-08-28T03:53:23+0200,565fb0ed-db72-48c6-a54e-0fdff3a4721b,2026-08-15T04:45:00Z,2026-08-15T06:45:00+0200,187.37,EUR/MWh,ES,ES,imbalance_price,Short,2026-08-28T02:01:39Z
2026-08-28T01:53:23Z,2026-08-28T03:53:23+0200,565fb0ed-db72-48c6-a54e-0fdff3a4721b,2026-08-15T05:00:00Z,2026-08-15T07:00:00+0200,12.09,EUR/MWh,ES,ES,imbalance_price,Long,2026-08-28T02:01:39Z
2026-08-28T01:53:23Z,2026-08-28T03:53:23+0200,565fb0ed-db72-48c6-a54e-0fdff3a4721b,2026-08-15T05:00:00Z,2026-08-15T07:00:00+0200,181.71,EUR/MWh,ES,ES,imbalance_price,Short,2026-08-28T02:01:39Z
2026-08-28T01:53:23Z,2026-08-28T03:53:23+0200,565fb0ed-db72-48c6-a54e-0fdff3a4721b,2026-08-15T05:15:00Z,2026-08-15T07:15:00+0200,126.28,EUR/MWh,ES,ES,imbalance_price,Long,2026-08-28T02:01:39Z
2026-08-28T01:53:23Z,2026-08-28T03:53:23+0200,565fb0ed-db72-48c6-a54e-0fdff3a4721b,2026-08-15T05:15:00Z,2026-08-15T07:15:00+0200,174.94,EUR/MWh,ES,ES,imbalance_price,Short,2026-08-28T02:01:39Z
2026-08-28T01:53:23Z,2026-08-28T03:53:23+0200,565fb0ed-db72-48c6-a54e-0fdff3a4721b,2026-08-15T05:30:00Z,2026-08-15T07:30:00+0200,119.27,EUR/MWh,ES,ES,imbalance_price,Long,2026-08-28T02:01:39Z
2026-08-28T01:53:23Z,2026-08-28T03:53:23+0200,565fb0ed-db72-48c6-a54e-0fdff3a4721b,2026-08-15T05:30:00Z,2026-08-15T07:30:00+0200,171.62,EUR/MWh,ES,ES,imbalance_price,Short,2026-08-28T02:01:39Z
2026-08-28T01:53:23Z,2026-08-28T03:53:23+0200,565fb0ed-db72-48c6-a54e-0fdff3a4721b,2026-08-15T05:45:00Z,2026-08-15T07:45:00+0200,97.28,EUR/MWh,ES,ES,imbalance_price,Long,2026-08-28T02:01:39Z
2026-08-28T01:53:23Z,2026-08-28T03:53:23+0200,565fb0ed-db72-48c6-a54e-0fdff3a4721b,2026-08-15T05:45:00Z,2026-08-15T07:45:00+0200,158.87,EUR/MWh,ES,ES,imbalance_price,Short,2026-08-28T02:01:39Z
2026-08-28T01:53:23Z,2026-08-28T03:53:23+0200,565fb0ed-db72-48c6-a54e-0fdff3a4721b,2026-08-15T06:00:00Z,2026-08-15T08:00:00+0200,135.21,EUR/MWh,ES,ES,imbalance_price,Long,2026-08-28T02:01:39Z
2026-08-28T01:53:23Z,2026-08-28T03:53:23+0200,565fb0ed-db72-48c6-a54e-0fdff3a4721b,2026-08-15T06:00:00Z,2026-08-15T08:00:00+0200,181.41,EUR/MWh,ES,ES,imbalance_price,Short,2026-08-28T02:01:39Z
2026-08-28T01:53:23Z,2026-08-28T03:53:23+0200,565fb0ed-db72-48c6-a54e-0fdff3a4721b,2026-08-15T06:15:00Z,2026-08-15T08:15:00+0200,2.9,EUR/MWh,ES,ES,imbalance_price,Long,2026-08-28T02:01:39Z
2026-08-28T01:53:23Z,2026-08-28T03:53:23+0200,565fb0ed-db72-48c6-a54e-0fdff3a4721b,2026-08-15T06:15:00Z,2026-08-15T08:15:00+0200,155.16,EUR/MWh,ES,ES,imbalance_price,Short,2026-08-28T02:01:39Z
2026-08-28T01:53:23Z,2026-08-28T03:53:23+0200,565fb0ed-db72-48c6-a54e-0fdff3a4721b,2026-08-15T06:30:00Z,2026-08-15T08:30:00+0200,157.51,EUR/MWh,ES,ES,imbalance_price,Long,2026-08-28T02:01:39Z
2026-08-28T01:53:23Z,2026-08-28T03:53:23+0200,565fb0ed-db72-48c6-a54e-0fdff3a4721b,2026-08-15T06:30:00Z,2026-08-15T08:30:00+0200,157.51,EUR/MWh,ES,ES,imbalance_price,Short,2026-08-28T02:01:39Z
2026-08-28T01:53:23Z,2026-08-28T03:53:23+0200,565fb0ed-db72-48c6-a54e-0fdff3a4721b,2026-08-15T06:45:00Z,2026-08-15T08:45:00+0200,33.16,EUR/MWh,ES,ES,imbalance_price,Long,2026-08-28T02:01:39Z
2026-08-28T01:53:23Z,2026-08-28T03:53:23+0200,565fb0ed-db72-48c6-a54e-0fdff3a4721b,2026-08-15T06:45:00Z,2026-08-15T08:45:00+0200,142.18,EUR/MWh,ES,ES,imbalance_price,Short,2026-08-28T02:01:39Z
2026-08-28T01:53:23Z,2026-08-28T03:53:23+0200,565fb0ed-db72-48c6-a54e-0fdff3a4721b,2026-08-15T07:00:00Z,2026-08-15T09:00:00+0200,213.15,EUR/MWh,ES,ES,imbalance_price,Long,2026-08-28T02:01:39Z
2026-08-28T01:53:23Z,2026-08-28T03:53:23+0200,565fb0ed-db72-48c6-a54e-0fdff3a4721b,2026-08-15T07:00:00Z,2026-08-15T09:00:00+0200,213.15,EUR/MWh,ES,ES,imbalance_price,Short,2026-08-28T02:01:39Z
2026-08-28T01:53:23Z,2026-08-28T03:53:23+0200,565fb0ed-db72-48c6-a54e-0fdff3a4721b,2026-08-15T07:15:00Z,2026-08-15T09:15:00+0200,19.33,EUR/MWh,ES,ES,imbalance_price,Long,2026-08-28T02:01:39Z
2026-08-28T01:53:23Z,2026-08-28T03:53:23+0200,565fb0ed-db72-48c6-a54e-0fdff3a4721b,2026-08-15T07:15:00Z,2026-08-15T09:15:00+0200,158.16,EUR/MWh,ES,ES,imbalance_price,Short,2026-08-28T02:01:39Z
2026-08-28T01:53:23Z,2026-08-28T03:53:23+0200,565fb0ed-db72-48c6-a54e-0fdff3a4721b,2026-08-15T07:30:00Z,2026-08-15T09:30:00+0200,0.0,EUR/MWh,ES,ES,imbalance_price,Long,2026-08-28T02:01:39Z
2026-08-28T01:53:23Z,2026-08-28T03:53:23+0200,565fb0ed-db72-48c6-a54e-0fdff3a4721b,2026-08-15T07:30:00Z,2026-08-15T09:30:00+0200,141.24,EUR/MWh,ES,ES,imbalance_price,Short,2026-08-28T02:01:39Z
2026-08-28T01:53:23Z,2026-08-28T03:53:23+0200,565fb0ed-db72-48c6-a54e-0fdff3a4721b,2026-08-15T07:45:00Z,2026-08-15T09:45:00+0200,141.66,EUR/MWh,ES,ES,imbalance_price,Long,2026-08-28T02:01:39Z
2026-08-28T01:53:23Z,2026-08-28T03:53:23+0200,565fb0ed-db72-48c6-a54e-0fdff3a4721b,2026-08-15T07:45:00Z,2026-08-15T09:45:00+0200,141.66,EUR/MWh,ES,ES,imbalance_price,Short,2026-08-28T02:01:39Z
2026-08-28T01:53:23Z,2026-08-28T03:53:23+0200,565fb0ed-db72-48c6-a54e-0fdff3a4721b,2026-08-15T08:00:00Z,2026-08-15T10:00:00+0200,169.55,EUR/MWh,ES,ES,imbalance_price,Long,2026-08-28T02:01:39Z
2026-08-28T01:53:23Z,2026-08-28T03:53:23+0200,565fb0ed-db72-48c6-a54e-0fdff3a4721b,2026-08-15T08:00:00Z,2026-08-15T10:00:00+0200,169.55,EUR/MWh,ES,ES,imbalance_price,Short,2026-08-28T02:01:39Z
2026-08-28T01:53:23Z,2026-08-28T03:53:23+0200,565fb0ed-db72-48c6-a54e-0fdff3a4721b,2026-08-15T08:15:00Z,2026-08-15T10:15:00+0200,243.78,EUR/MWh,ES,ES,imbalance_price,Long,2026-08-28T02:01:39Z
2026-08-28T01:53:23Z,2026-08-28T03:53:23+0200,565fb0ed-db72-48c6-a54e-0fdff3a4721b,2026-08-15T08:15:00Z,2026-08-15T10:15:00+0200,243.78,EUR/MWh,ES,ES,imbalance_price,Short,2026-08-28T02:01:39Z
2026-08-28T01:53:23Z,2026-08-28T03:53:23+0200,565fb0ed-db72-48c6-a54e-0fdff3a4721b,2026-08-15T08:30:00Z,2026-08-15T10:30:00+0200,217.91,EUR/MWh,ES,ES,imbalance_price,Long,2026-08-28T02:01:39Z
2026-08-28T01:53:23Z,2026-08-28T03:53:23+0200,565fb0ed-db72-48c6-a54e-0fdff3a4721b,2026-08-15T08:30:00Z,2026-08-15T10:30:00+0200,217.91,EUR/MWh,ES,ES,imbalance_price,Short,2026-08-28T02:01:39Z
2026-08-28T01:53:23Z,2026-08-28T03:53:23+0200,565fb0ed-db72-48c6-a54e-0fdff3a4721b,2026-08-15T08:45:00Z,2026-08-15T10:45:00+0200,202.9,EUR/MWh,ES,ES,imbalance_price,Long,2026-08-28T02:01:39Z
2026-08-28T01:53:23Z,2026-08-28T03:53:23+0200,565fb0ed-db72-48c6-a54e-0fdff3a4721b,2026-08-15T08:45:00Z,2026-08-15T10:45:00+0200,202.9,EUR/MWh,ES,ES,imbalance_price,Short,2026-08-28T02:01:39Z
2026-08-28T01:53:23Z,2026-08-28T03:53:23+0200,565fb0ed-db72-48c6-a54e-0fdff3a4721b,2026-08-15T09:00:00Z,2026-08-15T11:00:00+0200,189.06,EUR/MWh,ES,ES,imbalance_price,Long,2026-08-28T02:01:39Z
2026-08-28T01:53:23Z,2026-08-28T03:53:23+0200,565fb0ed-db72-48c6-a54e-0fdff3a4721b,2026-08-15T09:00:00Z,2026-08-15T11:00:00+0200,189.06,EUR/MWh,ES,ES,imbalance_price,Short,2026-08-28T02:01:39Z
2026-08-28T01:53:23Z,2026-08-28T03:53:23+0200,565fb0ed-db72-48c6-a54e-0fdff3a4721b,2026-08-15T09:15:00Z,2026-08-15T11:15:00+0200,-51.16,EUR/MWh,ES,ES,imbalance_price,Long,2026-08-28T02:01:39Z
2026-08-28T01:53:23Z,2026-08-28T03:53:23+0200,565fb0ed-db72-48c6-a54e-0fdff3a4721b,2026-08-15T09:15:00Z,2026-08-15T11:15:00+0200,212.48,EUR/MWh,ES,ES,imbalance_price,Short,2026-08-28T02:01:39Z
2026-08-28T01:53:23Z,2026-08-28T03:53:23+0200,565fb0ed-db72-48c6-a54e-0fdff3a4721b,2026-08-15T09:30:00Z,2026-08-15T11:30:00+0200,-31.2,EUR/MWh,ES,ES,imbalance_price,Long,2026-08-28T02:01:39Z
2026-08-28T01:53:23Z,2026-08-28T03:53:23+0200,565fb0ed-db72-48c6-a54e-0fdff3a4721b,2026-08-15T09:30:00Z,2026-08-15T11:30:00+0200,220.06,EUR/MWh,ES,ES,imbalance_price,Short,2026-08-28T02:01:39Z
2026-08-28T01:53:23Z,2026-08-28T03:53:23+0200,565fb0ed-db72-48c6-a54e-0fdff3a4721b,2026-08-15T09:45:00Z,2026-08-15T11:45:00+0200,-4.5,EUR/MWh,ES,ES,imbalance_price,Long,2026-08-28T02:01:39Z
2026-08-28T01:53:23Z,2026-08-28T03:53:23+0200,565fb0ed-db72-48c6-a54e-0fdff3a4721b,2026-08-15T09:45:00Z,2026-08-15T11:45:00+0200,135.47,EUR/MWh,ES,ES,imbalance_price,Short,2026-08-28T02:01:39Z
2026-08-28T01:53:23Z,2026-08-28T03:53:23+0200,565fb0ed-db72-48c6-a54e-0fdff3a4721b,2026-08-15T10:00:00Z,2026-08-15T12:00:00+0200,130.17,EUR/MWh,ES,ES,imbalance_price,Long,2026-08-28T02:01:39Z
2026-08-28T01:53:23Z,2026-08-28T03:53:23+0200,565fb0ed-db72-48c6-a54e-0fdff3a4721b,2026-08-15T10:00:00Z,2026-08-15T12:00:00+0200,130.17,EUR/MWh,ES,ES,imbalance_price,Short,2026-08-28T02:01:39Z
2026-08-28T01:53:23Z,2026-08-28T03:53:23+0200,565fb0ed-db72-48c6-a54e-0fdff3a4721b,2026-08-15T10:15:00Z,2026-08-15T12:15:00+0200,115.9,EUR/MWh,ES,ES,imbalance_price,Long,2026-08-28T02:01:39Z
2026-08-28T01:53:23Z,2026-08-28T03:53:23+0200,565fb0ed-db72-48c6-a54e-0fdff3a4721b,2026-08-15T10:15:00Z,2026-08-15T12:15:00+0200,115.9,EUR/MWh,ES,ES,imbalance_price,Short,2026-08-28T02:01:39Z
2026-08-28T01:53:23Z,2026-08-28T03:53:23+0200,565fb0ed-db72-48c6-a54e-0fdff3a4721b,2026-08-15T10:30:00Z,2026-08-15T12:30:00+0200,105.82,EUR/MWh,ES,ES,imbalance_price,Long,2026-08-28T02:01:39Z
2026-08-28T01:53:23Z,2026-08-28T03:53:23+0200,565fb0ed-db72-48c6-a54e-0fdff3a4721b,2026-08-15T10:30:00Z,2026-08-15T12:30:00+0200,105.82,EUR/MWh,ES,ES,imbalance_price,Short,2026-08-28T02:01:39Z
2026-08-28T01:53:23Z,2026-08-28T03:53:23+0200,565fb0ed-db72-48c6-a54e-0fdff3a4721b,2026-08-15T10:45:00Z,2026-08-15T12:45:00+0200,171.41,EUR/MWh,ES,ES,imbalance_price,Long,2026-08-28T02:01:39Z
2026-08-28T01:53:23Z,2026-08-28T03:53:23+0200,565fb0ed-db72-48c6-a54e-0fdff3a4721b,2026-08-15T10:45:00Z,2026-08-15T12:45:00+0200,171.41,EUR/MWh,ES,ES,imbalance_price,Short,2026-08-28T02:01:39Z
2026-08-28T01:53:23Z,2026-08-28T03:53:23+0200,565fb0ed-db72-48c6-a54e-0fdff3a4721b,2026-08-15T11:00:00Z,2026-08-15T13:00:00+0200,155.18,EUR/MWh,ES,ES,imbalance_price,Long,2026-08-28T02:01:39Z
2026-08-28T01:53:23Z,2026-08-28T03:53:23+0200,565fb0ed-db72-48c6-a54e-0fdff3a4721b,2026-08-15T11:00:00Z,2026-08-15T13:00:00+0200,155.18,EUR/MWh,ES,ES,imbalance_price,Short,2026-08-28T02:01:39Z
2026-08-28T01:53:23Z,2026-08-28T03:53:23+0200,565fb0ed-db72-48c6-a54e-0fdff3a4721b,2026-08-15T11:15:00Z,2026-08-15T13:15:00+0200,144.92,EUR/MWh,ES,ES,imbalance_price,Long,2026-08-28T02:01:39Z
2026-08-28T01:53:23Z,2026-08-28T03:53:23+0200,565fb0ed-db72-48c6-a54e-0fdff3a4721b,2026-08-15T11:15:00Z,2026-08-15T13:15:00+0200,144.92,EUR/MWh,ES,ES,imbalance_price,Short,2026-08-28T02:01:39Z
2026-08-28T01:53:23Z,2026-08-28T03:53:23+0200,565fb0ed-db72-48c6-a54e-0fdff3a4721b,2026-08-15T11:30:00Z,2026-08-15T13:30:00+0200,146.13,EUR/MWh,ES,ES,imbalance_price,Long,2026-08-28T02:01:39Z
2026-08-28T01:53:23Z,2026-08-28T03:53:23+0200,565fb0ed-db72-48c6-a54e-0fdff3a4721b,2026-08-15T11:30:00Z,2026-08-15T13:30:00+0200,146.13,EUR/MWh,ES,ES,imbalance_price,Short,2026-08-28T02:01:39Z
2026-08-28T01:53:23Z,2026-08-28T03:53:23+0200,565fb0ed-db72-48c6-a54e-0fdff3a4721b,2026-08-15T11:45:00Z,2026-08-15T13:45:00+0200,-0.49,EUR/MWh,ES,ES,imbalance_price,Long,2026-08-28T02:01:39Z
2026-08-28T01:53:23Z,2026-08-28T03:53:23+0200,565fb0ed-db72-48c6-a54e-0fdff3a4721b,2026-08-15T11:45:00Z,2026-08-15T13:45:00+0200,178.33,EUR/MWh,ES,ES,imbalance_price,Short,2026-08-28T02:01:39Z
2026-08-28T01:53:23Z,2026-08-28T03:53:23+0200,565fb0ed-db72-48c6-a54e-0fdff3a4721b,2026-08-15T12:00:00Z,2026-08-15T14:00:00+0200,-1.21,EUR/MWh,ES,ES,imbalance_price,Long,2026-08-28T02:01:39Z
2026-08-28T01:53:23Z,2026-08-28T03:53:23+0200,565fb0ed-db72-48c6-a54e-0fdff3a4721b,2026-08-15T12:00:00Z,2026-08-15T14:00:00+0200,144.99,EUR/MWh,ES,ES,imbalance_price,Short,2026-08-28T02:01:39Z
2026-08-28T01:53:23Z,2026-08-28T03:53:23+0200,565fb0ed-db72-48c6-a54e-0fdff3a4721b,2026-08-15T12:15:00Z,2026-08-15T14:15:00+0200,154.01,EUR/MWh,ES,ES,imbalance_price,Long,2026-08-28T02:01:39Z
2026-08-28T01:53:23Z,2026-08-28T03:53:23+0200,565fb0ed-db72-48c6-a54e-0fdff3a4721b,2026-08-15T12:15:00Z,2026-08-15T14:15:00+0200,154.01,EUR/MWh,ES,ES,imbalance_price,Short,2026-08-28T02:01:39Z
2026-08-28T01:53:23Z,2026-08-28T03:53:23+0200,565fb0ed-db72-48c6-a54e-0fdff3a4721b,2026-08-15T12:30:00Z,2026-08-15T14:30:00+0200,217.19,EUR/MWh,ES,ES,imbalance_price,Long,2026-08-28T02:01:39Z
2026-08-28T01:53:23Z,2026-08-28T03:53:23+0200,565fb0ed-db72-48c6-a54e-0fdff3a4721b,2026-08-15T12:30:00Z,2026-08-15T14:30:00+0200,217.19,EUR/MWh,ES,ES,imbalance_price,Short,2026-08-28T02:01:39Z
2026-08-28T01:53:23Z,2026-08-28T03:53:23+0200,565fb0ed-db72-48c6-a54e-0fdff3a4721b,2026-08-15T12:45:00Z,2026-08-15T14:45:00+0200,0.0,EUR/MWh,ES,ES,imbalance_price,Long,2026-08-28T02:01:39Z
2026-08-28T01:53:23Z,2026-08-28T03:53:23+0200,565fb0ed-db72-48c6-a54e-0fdff3a4721b,2026-08-15T12:45:00Z,2026-08-15T14:45:00+0200,219.78,EUR/MWh,ES,ES,imbalance_price,Short,2026-08-28T02:01:39Z
2026-08-28T01:53:23Z,2026-08-28T03:53:23+0200,565fb0ed-db72-48c6-a54e-0fdff3a4721b,2026-08-15T13:00:00Z,2026-08-15T15:00:00+0200,0.0,EUR/MWh,ES,ES,imbalance_price,Long,2026-08-28T02:01:39Z
2026-08-28T01:53:23Z,2026-08-28T03:53:23+0200,565fb0ed-db72-48c6-a54e-0fdff3a4721b,2026-08-15T13:00:00Z,2026-08-15T15:00:00+0200,202.99,EUR/MWh,ES,ES,imbalance_price,Short,2026-08-28T02:01:39Z
2026-08-28T01:53:23Z,2026-08-28T03:53:23+0200,565fb0ed-db72-48c6-a54e-0fdff3a4721b,2026-08-15T13:15:00Z,2026-08-15T15:15:00+0200,0.0,EUR/MWh,ES,ES,imbalance_price,Long,2026-08-28T02:01:39Z
2026-08-28T01:53:23Z,2026-08-28T03:53:23+0200,565fb0ed-db72-48c6-a54e-0fdff3a4721b,2026-08-15T13:15:00Z,2026-08-15T15:15:00+0200,214.3,EUR/MWh,ES,ES,imbalance_price,Short,2026-08-28T02:01:39Z
2026-08-28T01:53:23Z,2026-08-28T03:53:23+0200,565fb0ed-db72-48c6-a54e-0fdff3a4721b,2026-08-15T13:30:00Z,2026-08-15T15:30:00+0200,0.0,EUR/MWh,ES,ES,imbalance_price,Long,2026-08-28T02:01:39Z
2026-08-28T01:53:23Z,2026-08-28T03:53:23+0200,565fb0ed-db72-48c6-a54e-0fdff3a4721b,2026-08-15T13:30:00Z,2026-08-15T15:30:00+0200,214.64,EUR/MWh,ES,ES,imbalance_price,Short,2026-08-28T02:01:39Z
2026-08-28T01:53:23Z,2026-08-28T03:53:23+0200,565fb0ed-db72-48c6-a54e-0fdff3a4721b,2026-08-15T13:45:00Z,2026-08-15T15:45:00+0200,-0.59,EUR/MWh,ES,ES,imbalance_price,Long,2026-08-28T02:01:39Z
2026-08-28T01:53:23Z,2026-08-28T03:53:23+0200,565fb0ed-db72-48c6-a54e-0fdff3a4721b,2026-08-15T13:45:00Z,2026-08-15T15:45:00+0200,227.94,EUR/MWh,ES,ES,imbalance_price,Short,2026-08-28T02:01:39Z
2026-08-28T01:53:23Z,2026-08-28T03:53:23+0200,565fb0ed-db72-48c6-a54e-0fdff3a4721b,2026-08-15T14:00:00Z,2026-08-15T16:00:00+0200,-5.04,EUR/MWh,ES,ES,imbalance_price,Long,2026-08-28T02:01:39Z
2026-08-28T01:53:23Z,2026-08-28T03:53:23+0200,565fb0ed-db72-48c6-a54e-0fdff3a4721b,2026-08-15T14:00:00Z,2026-08-15T16:00:00+0200,226.49,EUR/MWh,ES,ES,imbalance_price,Short,2026-08-28T02:01:39Z
2026-08-28T01:53:23Z,2026-08-28T03:53:23+0200,565fb0ed-db72-48c6-a54e-0fdff3a4721b,2026-08-15T14:15:00Z,2026-08-15T16:15:00+0200,-8.37,EUR/MWh,ES,ES,imbalance_price,Long,2026-08-28T02:01:39Z
2026-08-28T01:53:23Z,2026-08-28T03:53:23+0200,565fb0ed-db72-48c6-a54e-0fdff3a4721b,2026-08-15T14:15:00Z,2026-08-15T16:15:00+0200,212.01,EUR/MWh,ES,ES,imbalance_price,Short,2026-08-28T02:01:39Z
2026-08-28T01:53:23Z,2026-08-28T03:53:23+0200,565fb0ed-db72-48c6-a54e-0fdff3a4721b,2026-08-15T14:30:00Z,2026-08-15T16:30:00+0200,-13.15,EUR/MWh,ES,ES,imbalance_price,Long,2026-08-28T02:01:39Z
2026-08-28T01:53:23Z,2026-08-28T03:53:23+0200,565fb0ed-db72-48c6-a54e-0fdff3a4721b,2026-08-15T14:30:00Z,2026-08-15T16:30:00+0200,146.97,EUR/MWh,ES,ES,imbalance_price,Short,2026-08-28T02:01:39Z
2026-08-28T01:53:23Z,2026-08-28T03:53:23+0200,565fb0ed-db72-48c6-a54e-0fdff3a4721b,2026-08-15T14:45:00Z,2026-08-15T16:45:00+0200,-5.15,EUR/MWh,ES,ES,imbalance_price,Long,2026-08-28T02:01:39Z
2026-08-28T01:53:23Z,2026-08-28T03:53:23+0200,565fb0ed-db72-48c6-a54e-0fdff3a4721b,2026-08-15T14:45:00Z,2026-08-15T16:45:00+0200,142.59,EUR/MWh,ES,ES,imbalance_price,Short,2026-08-28T02:01:39Z
2026-08-28T01:53:23Z,2026-08-28T03:53:23+0200,565fb0ed-db72-48c6-a54e-0fdff3a4721b,2026-08-15T15:00:00Z,2026-08-15T17:00:00+0200,0.36,EUR/MWh,ES,ES,imbalance_price,Long,2026-08-28T02:01:39Z
2026-08-28T01:53:23Z,2026-08-28T03:53:23+0200,565fb0ed-db72-48c6-a54e-0fdff3a4721b,2026-08-15T15:00:00Z,2026-08-15T17:00:00+0200,139.18,EUR/MWh,ES,ES,imbalance_price,Short,2026-08-28T02:01:39Z
2026-08-28T01:53:23Z,2026-08-28T03:53:23+0200,565fb0ed-db72-48c6-a54e-0fdff3a4721b,2026-08-15T15:15:00Z,2026-08-15T17:15:00+0200,-7.07,EUR/MWh,ES,ES,imbalance_price,Long,2026-08-28T02:01:39Z
2026-08-28T01:53:23Z,2026-08-28T03:53:23+0200,565fb0ed-db72-48c6-a54e-0fdff3a4721b,2026-08-15T15:15:00Z,2026-08-15T17:15:00+0200,141.47,EUR/MWh,ES,ES,imbalance_price,Short,2026-08-28T02:01:39Z
2026-08-28T01:53:23Z,2026-08-28T03:53:23+0200,565fb0ed-db72-48c6-a54e-0fdff3a4721b,2026-08-15T15:30:00Z,2026-08-15T17:30:00+0200,-1.98,EUR/MWh,ES,ES,imbalance_price,Long,2026-08-28T02:01:39Z
2026-08-28T01:53:23Z,2026-08-28T03:53:23+0200,565fb0ed-db72-48c6-a54e-0fdff3a4721b,2026-08-15T15:30:00Z,2026-08-15T17:30:00+0200,139.01,EUR/MWh,ES,ES,imbalance_price,Short,2026-08-28T02:01:39Z
2026-08-28T01:53:23Z,2026-08-28T03:53:23+0200,565fb0ed-db72-48c6-a54e-0fdff3a4721b,2026-08-15T15:45:00Z,2026-08-15T17:45:00+0200,1.7,EUR/MWh,ES,ES,imbalance_price,Long,2026-08-28T02:01:39Z
2026-08-28T01:53:23Z,2026-08-28T03:53:23+0200,565fb0ed-db72-48c6-a54e-0fdff3a4721b,2026-08-15T15:45:00Z,2026-08-15T17:45:00+0200,135.62,EUR/MWh,ES,ES,imbalance_price,Short,2026-08-28T02:01:39Z
2026-08-28T01:53:23Z,2026-08-28T03:53:23+0200,565fb0ed-db72-48c6-a54e-0fdff3a4721b,2026-08-15T16:00:00Z,2026-08-15T18:00:00+0200,32.61,EUR/MWh,ES,ES,imbalance_price,Long,2026-08-28T02:01:39Z
2026-08-28T01:53:23Z,2026-08-28T03:53:23+0200,565fb0ed-db72-48c6-a54e-0fdff3a4721b,2026-08-15T16:00:00Z,2026-08-15T18:00:00+0200,128.29,EUR/MWh,ES,ES,imbalance_price,Short,2026-08-28T02:01:39Z
2026-08-28T01:53:23Z,2026-08-28T03:53:23+0200,565fb0ed-db72-48c6-a54e-0fdff3a4721b,2026-08-15T16:15:00Z,2026-08-15T18:15:00+0200,-4.41,EUR/MWh,ES,ES,imbalance_price,Long,2026-08-28T02:01:39Z
2026-08-28T01:53:23Z,2026-08-28T03:53:23+0200,565fb0ed-db72-48c6-a54e-0fdff3a4721b,2026-08-15T16:15:00Z,2026-08-15T18:15:00+0200,138.35,EUR/MWh,ES,ES,imbalance_price,Short,2026-08-28T02:01:39Z
2026-08-28T01:53:23Z,2026-08-28T03:53:23+0200,565fb0ed-db72-48c6-a54e-0fdff3a4721b,2026-08-15T16:30:00Z,2026-08-15T18:30:00+0200,-16.11,EUR/MWh,ES,ES,imbalance_price,Long,2026-08-28T02:01:39Z
2026-08-28T01:53:23Z,2026-08-28T03:53:23+0200,565fb0ed-db72-48c6-a54e-0fdff3a4721b,2026-08-15T16:30:00Z,2026-08-15T18:30:00+0200,136.09,EUR/MWh,ES,ES,imbalance_price,Short,2026-08-28T02:01:39Z
2026-08-28T01:53:23Z,2026-08-28T03:53:23+0200,565fb0ed-db72-48c6-a54e-0fdff3a4721b,2026-08-15T16:45:00Z,2026-08-15T18:45:00+0200,-3.09,EUR/MWh,ES,ES,imbalance_price,Long,2026-08-28T02:01:39Z
2026-08-28T01:53:23Z,2026-08-28T03:53:23+0200,565fb0ed-db72-48c6-a54e-0fdff3a4721b,2026-08-15T16:45:00Z,2026-08-15T18:45:00+0200,73.54,EUR/MWh,ES,ES,imbalance_price,Short,2026-08-28T02:01:39Z
2026-08-28T01:53:23Z,2026-08-28T03:53:23+0200,565fb0ed-db72-48c6-a54e-0fdff3a4721b,2026-08-15T17:00:00Z,2026-08-15T19:00:00+0200,45.48,EUR/MWh,ES,ES,imbalance_price,Long,2026-08-28T02:01:39Z
2026-08-28T01:53:23Z,2026-08-28T03:53:23+0200,565fb0ed-db72-48c6-a54e-0fdff3a4721b,2026-08-15T17:00:00Z,2026-08-15T19:00:00+0200,157.15,EUR/MWh,ES,ES,imbalance_price,Short,2026-08-28T02:01:39Z
2026-08-28T01:53:23Z,2026-08-28T03:53:23+0200,565fb0ed-db72-48c6-a54e-0fdff3a4721b,2026-08-15T17:15:00Z,2026-08-15T19:15:00+0200,116.64,EUR/MWh,ES,ES,imbalance_price,Long,2026-08-28T02:01:39Z
2026-08-28T01:53:23Z,2026-08-28T03:53:23+0200,565fb0ed-db72-48c6-a54e-0fdff3a4721b,2026-08-15T17:15:00Z,2026-08-15T19:15:00+0200,183.75,EUR/MWh,ES,ES,imbalance_price,Short,2026-08-28T02:01:39Z
2026-08-28T01:53:23Z,2026-08-28T03:53:23+0200,565fb0ed-db72-48c6-a54e-0fdff3a4721b,2026-08-15T17:30:00Z,2026-08-15T19:30:00+0200,120.02,EUR/MWh,ES,ES,imbalance_price,Long,2026-08-28T02:01:39Z
2026-08-28T01:53:23Z,2026-08-28T03:53:23+0200,565fb0ed-db72-48c6-a54e-0fdff3a4721b,2026-08-15T17:30:00Z,2026-08-15T19:30:00+0200,196.14,EUR/MWh,ES,ES,imbalance_price,Short,2026-08-28T02:01:39Z
2026-08-28T01:53:23Z,2026-08-28T03:53:23+0200,565fb0ed-db72-48c6-a54e-0fdff3a4721b,2026-08-15T17:45:00Z,2026-08-15T19:45:00+0200,121.18,EUR/MWh,ES,ES,imbalance_price,Long,2026-08-28T02:01:39Z
2026-08-28T01:53:23Z,2026-08-28T03:53:23+0200,565fb0ed-db72-48c6-a54e-0fdff3a4721b,2026-08-15T17:45:00Z,2026-08-15T19:45:00+0200,187.38,EUR/MWh,ES,ES,imbalance_price,Short,2026-08-28T02:01:39Z
2026-08-28T01:53:23Z,2026-08-28T03:53:23+0200,565fb0ed-db72-48c6-a54e-0fdff3a4721b,2026-08-15T18:00:00Z,2026-08-15T20:00:00+0200,84.39,EUR/MWh,ES,ES,imbalance_price,Long,2026-08-28T02:01:39Z
2026-08-28T01:53:23Z,2026-08-28T03:53:23+0200,565fb0ed-db72-48c6-a54e-0fdff3a4721b,2026-08-15T18:00:00Z,2026-08-15T20:00:00+0200,135.75,EUR/MWh,ES,ES,imbalance_price,Short,2026-08-28T02:01:39Z
2026-08-28T01:53:23Z,2026-08-28T03:53:23+0200,565fb0ed-db72-48c6-a54e-0fdff3a4721b,2026-08-15T18:15:00Z,2026-08-15T20:15:00+0200,130.15,EUR/MWh,ES,ES,imbalance_price,Long,2026-08-28T02:01:39Z
2026-08-28T01:53:23Z,2026-08-28T03:53:23+0200,565fb0ed-db72-48c6-a54e-0fdff3a4721b,2026-08-15T18:15:00Z,2026-08-15T20:15:00+0200,150.13,EUR/MWh,ES,ES,imbalance_price,Short,2026-08-28T02:01:39Z
2026-08-28T01:53:23Z,2026-08-28T03:53:23+0200,565fb0ed-db72-48c6-a54e-0fdff3a4721b,2026-08-15T18:30:00Z,2026-08-15T20:30:00+0200,149.37,EUR/MWh,ES,ES,imbalance_price,Long,2026-08-28T02:01:39Z
2026-08-28T01:53:23Z,2026-08-28T03:53:23+0200,565fb0ed-db72-48c6-a54e-0fdff3a4721b,2026-08-15T18:30:00Z,2026-08-15T20:30:00+0200,139.64,EUR/MWh,ES,ES,imbalance_price,Short,2026-08-28T02:01:39Z
2026-08-28T01:53:23Z,2026-08-28T03:53:23+0200,565fb0ed-db72-48c6-a54e-0fdff3a4721b,2026-08-15T18:45:00Z,2026-08-15T20:45:00+0200,155.18,EUR/MWh,ES,ES,imbalance_price,Long,2026-08-28T02:01:39Z
2026-08-28T01:53:23Z,2026-08-28T03:53:23+0200,565fb0ed-db72-48c6-a54e-0fdff3a4721b,2026-08-15T18:45:00Z,2026-08-15T20:45:00+0200,154.62,EUR/MWh,ES,ES,imbalance_price,Short,2026-08-28T02:01:39Z
2026-08-28T01:53:23Z,2026-08-28T03:53:23+0200,565fb0ed-db72-48c6-a54e-0fdff3a4721b,2026-08-15T19:00:00Z,2026-08-15T21:00:00+0200,46.44,EUR/MWh,ES,ES,imbalance_price,Long,2026-08-28T02:01:39Z
2026-08-28T01:53:23Z,2026-08-28T03:53:23+0200,565fb0ed-db72-48c6-a54e-0fdff3a4721b,2026-08-15T19:00:00Z,2026-08-15T21:00:00+0200,189.18,EUR/MWh,ES,ES,imbalance_price,Short,2026-08-28T02:01:39Z
2026-08-28T01:53:23Z,2026-08-28T03:53:23+0200,565fb0ed-db72-48c6-a54e-0fdff3a4721b,2026-08-15T19:15:00Z,2026-08-15T21:15:00+0200,159.39,EUR/MWh,ES,ES,imbalance_price,Long,2026-08-28T02:01:39Z
2026-08-28T01:53:23Z,2026-08-28T03:53:23+0200,565fb0ed-db72-48c6-a54e-0fdff3a4721b,2026-08-15T19:15:00Z,2026-08-15T21:15:00+0200,145.88,EUR/MWh,ES,ES,imbalance_price,Short,2026-08-28T02:01:39Z
2026-08-28T01:53:23Z,2026-08-28T03:53:23+0200,565fb0ed-db72-48c6-a54e-0fdff3a4721b,2026-08-15T19:30:00Z,2026-08-15T21:30:00+0200,162.43,EUR/MWh,ES,ES,imbalance_price,Long,2026-08-28T02:01:39Z
2026-08-28T01:53:23Z,2026-08-28T03:53:23+0200,565fb0ed-db72-48c6-a54e-0fdff3a4721b,2026-08-15T19:30:00Z,2026-08-15T21:30:00+0200,135.02,EUR/MWh,ES,ES,imbalance_price,Short,2026-08-28T02:01:39Z
2026-08-28T01:53:23Z,2026-08-28T03:53:23+0200,565fb0ed-db72-48c6-a54e-0fdff3a4721b,2026-08-15T19:45:00Z,2026-08-15T21:45:00+0200,108.99,EUR/MWh,ES,ES,imbalance_price,Long,2026-08-28T02:01:39Z
2026-08-28T01:53:23Z,2026-08-28T03:53:23+0200,565fb0ed-db72-48c6-a54e-0fdff3a4721b,2026-08-15T19:45:00Z,2026-08-15T21:45:00+0200,135.23,EUR/MWh,ES,ES,imbalance_price,Short,2026-08-28T02:01:39Z
2026-08-28T01:53:23Z,2026-08-28T03:53:23+0200,565fb0ed-db72-48c6-a54e-0fdff3a4721b,2026-08-15T20:00:00Z,2026-08-15T22:00:00+0200,95.65,EUR/MWh,ES,ES,imbalance_price,Long,2026-08-28T02:01:39Z
2026-08-28T01:53:23Z,2026-08-28T03:53:23+0200,565fb0ed-db72-48c6-a54e-0fdff3a4721b,2026-08-15T20:00:00Z,2026-08-15T22:00:00+0200,181.85,EUR/MWh,ES,ES,imbalance_price,Short,2026-08-28T02:01:39Z
2026-08-28T01:53:23Z,2026-08-28T03:53:23+0200,565fb0ed-db72-48c6-a54e-0fdff3a4721b,2026-08-15T20:15:00Z,2026-08-15T22:15:00+0200,90.78,EUR/MWh,ES,ES,imbalance_price,Long,2026-08-28T02:01:39Z
2026-08-28T01:53:23Z,2026-08-28T03:53:23+0200,565fb0ed-db72-48c6-a54e-0fdff3a4721b,2026-08-15T20:15:00Z,2026-08-15T22:15:00+0200,90.78,EUR/MWh,ES,ES,imbalance_price,Short,2026-08-28T02:01:39Z
2026-08-28T01:53:23Z,2026-08-28T03:53:23+0200,565fb0ed-db72-48c6-a54e-0fdff3a4721b,2026-08-15T20:30:00Z,2026-08-15T22:30:00+0200,68.37,EUR/MWh,ES,ES,imbalance_price,Long,2026-08-28T02:01:39Z
2026-08-28T01:53:23Z,2026-08-28T03:53:23+0200,565fb0ed-db72-48c6-a54e-0fdff3a4721b,2026-08-15T20:30:00Z,2026-08-15T22:30:00+0200,173.26,EUR/MWh,ES,ES,imbalance_price,Short,2026-08-28T02:01:39Z
2026-08-28T01:53:23Z,2026-08-28T03:53:23+0200,565fb0ed-db72-48c6-a54e-0fdff3a4721b,2026-08-15T20:45:00Z,2026-08-15T22:45:00+0200,66.18,EUR/MWh,ES,ES,imbalance_price,Long,2026-08-28T02:01:39Z
2026-08-28T01:53:23Z,2026-08-28T03:53:23+0200,565fb0ed-db72-48c6-a54e-0fdff3a4721b,2026-08-15T20:45:00Z,2026-08-15T22:45:00+0200,186.86,EUR/MWh,ES,ES,imbalance_price,Short,2026-08-28T02:01:39Z
2026-08-28T01:53:23Z,2026-08-28T03:53:23+0200,565fb0ed-db72-48c6-a54e-0fdff3a4721b,2026-08-15T21:00:00Z,2026-08-15T23:00:00+0200,110.38,EUR/MWh,ES,ES,imbalance_price,Long,2026-08-28T02:01:39Z
2026-08-28T01:53:23Z,2026-08-28T03:53:23+0200,565fb0ed-db72-48c6-a54e-0fdff3a4721b,2026-08-15T21:00:00Z,2026-08-15T23:00:00+0200,192.54,EUR/MWh,ES,ES,imbalance_price,Short,2026-08-28T02:01:39Z
2026-08-28T01:53:23Z,2026-08-28T03:53:23+0200,565fb0ed-db72-48c6-a54e-0fdff3a4721b,2026-08-15T21:15:00Z,2026-08-15T23:15:00+0200,118.03,EUR/MWh,ES,ES,imbalance_price,Long,2026-08-28T02:01:39Z
2026-08-28T01:53:23Z,2026-08-28T03:53:23+0200,565fb0ed-db72-48c6-a54e-0fdff3a4721b,2026-08-15T21:15:00Z,2026-08-15T23:15:00+0200,118.03,EUR/MWh,ES,ES,imbalance_price,Short,2026-08-28T02:01:39Z
2026-08-28T01:53:23Z,2026-08-28T03:53:23+0200,565fb0ed-db72-48c6-a54e-0fdff3a4721b,2026-08-15T21:30:00Z,2026-08-15T23:30:00+0200,93.14,EUR/MWh,ES,ES,imbalance_price,Long,2026-08-28T02:01:39Z
2026-08-28T01:53:23Z,2026-08-28T03:53:23+0200,565fb0ed-db72-48c6-a54e-0fdff3a4721b,2026-08-15T21:30:00Z,2026-08-15T23:30:00+0200,176.61,EUR/MWh,ES,ES,imbalance_price,Short,2026-08-28T02:01:39Z
2026-08-28T01:53:23Z,2026-08-28T03:53:23+0200,565fb0ed-db72-48c6-a54e-0fdff3a4721b,2026-08-15T21:45:00Z,2026-08-15T23:45:00+0200,116.12,EUR/MWh,ES,ES,imbalance_price,Long,2026-08-28T02:01:39Z
2026-08-28T01:53:23Z,2026-08-28T03:53:23+0200,565fb0ed-db72-48c6-a54e-0fdff3a4721b,2026-08-15T21:45:00Z,2026-08-15T23:45:00+0200,171.38,EUR/MWh,ES,ES,imbalance_price,Short,2026-08-28T02:01:39Z
2026-08-28T01:53:23Z,2026-08-28T03:53:23+0200,565fb0ed-db72-48c6-a54e-0fdff3a4721b,2026-08-15T22:00:00Z,2026-08-16T00:00:00+0200,95.21,EUR/MWh,ES,ES,imbalance_price,Long,2026-08-28T02:01:39Z
2026-08-28T01:53:23Z,2026-08-28T03:53:23+0200,565fb0ed-db72-48c6-a54e-0fdff3a4721b,2026-08-15T22:00:00Z,2026-08-16T00:00:00+0200,95.21,EUR/MWh,ES,ES,imbalance_price,Short,2026-08-28T02:01:39Z
2026-08-28T01:53:23Z,2026-08-28T03:53:23+0200,565fb0ed-db72-48c6-a54e-0fdff3a4721b,2026-08-15T22:15:00Z,2026-08-16T00:15:00+0200,91.8,EUR/MWh,ES,ES,imbalance_price,Long,2026-08-28T02:01:39Z
2026-08-28T01:53:23Z,2026-08-28T03:53:23+0200,565fb0ed-db72-48c6-a54e-0fdff3a4721b,2026-08-15T22:15:00Z,2026-08-16T00:15:00+0200,91.8,EUR/MWh,ES,ES,imbalance_price,Short,2026-08-28T02:01:39Z
2026-08-28T01:53:23Z,2026-08-28T03:53:23+0200,565fb0ed-db72-48c6-a54e-0fdff3a4721b,2026-08-15T22:30:00Z,2026-08-16T00:30:00+0200,91.32,EUR/MWh,ES,ES,imbalance_price,Long,2026-08-28T02:01:39Z
2026-08-28T01:53:23Z,2026-08-28T03:53:23+0200,565fb0ed-db72-48c6-a54e-0fdff3a4721b,2026-08-15T22:30:00Z,2026-08-16T00:30:00+0200,91.32,EUR/MWh,ES,ES,imbalance_price,Short,2026-08-28T02:01:39Z
2026-08-28T01:53:23Z,2026-08-28T03:53:23+0200,565fb0ed-db72-48c6-a54e-0fdff3a4721b,2026-08-15T22:45:00Z,2026-08-16T00:45:00+0200,74.58,EUR/MWh,ES,ES,imbalance_price,Long,2026-08-28T02:01:39Z
2026-08-28T01:53:23Z,2026-08-28T03:53:23+0200,565fb0ed-db72-48c6-a54e-0fdff3a4721b,2026-08-15T22:45:00Z,2026-08-16T00:45:00+0200,177.65,EUR/MWh,ES,ES,imbalance_price,Short,2026-08-28T02:01:39Z
2026-08-28T01:53:23Z,2026-08-28T03:53:23+0200,565fb0ed-db72-48c6-a54e-0fdff3a4721b,2026-08-15T23:00:00Z,2026-08-16T01:00:00+0200,108.41,EUR/MWh,ES,ES,imbalance_price,Long,2026-08-28T02:01:39Z
2026-08-28T01:53:23Z,2026-08-28T03:53:23+0200,565fb0ed-db72-48c6-a54e-0fdff3a4721b,2026-08-15T23:00:00Z,2026-08-16T01:00:00+0200,196.03,EUR/MWh,ES,ES,imbalance_price,Short,2026-08-28T02:01:39Z
2026-08-28T01:53:23Z,2026-08-28T03:53:23+0200,565fb0ed-db72-48c6-a54e-0fdff3a4721b,2026-08-15T23:15:00Z,2026-08-16T01:15:00+0200,42.86,EUR/MWh,ES,ES,imbalance_price,Long,2026-08-28T02:01:39Z
2026-08-28T01:53:23Z,2026-08-28T03:53:23+0200,565fb0ed-db72-48c6-a54e-0fdff3a4721b,2026-08-15T23:15:00Z,2026-08-16T01:15:00+0200,170.26,EUR/MWh,ES,ES,imbalance_price,Short,2026-08-28T02:01:39Z
2026-08-28T01:53:23Z,2026-08-28T03:53:23+0200,565fb0ed-db72-48c6-a54e-0fdff3a4721b,2026-08-15T23:30:00Z,2026-08-16T01:30:00+0200,41.79,EUR/MWh,ES,ES,imbalance_price,Long,2026-08-28T02:01:39Z
2026-08-28T01:53:23Z,2026-08-28T03:53:23+0200,565fb0ed-db72-48c6-a54e-0fdff3a4721b,2026-08-15T23:30:00Z,2026-08-16T01:30:00+0200,178.58,EUR/MWh,ES,ES,imbalance_price,Short,2026-08-28T02:01:39Z
2026-08-28T01:53:23Z,2026-08-28T03:53:23+0200,565fb0ed-db72-48c6-a54e-0fdff3a4721b,2026-08-15T23:45:00Z,2026-08-16T01:45:00+0200,55.65,EUR/MWh,ES,ES,imbalance_price,Long,2026-08-28T02:01:39Z
2026-08-28T01:53:23Z,2026-08-28T03:53:23+0200,565fb0ed-db72-48c6-a54e-0fdff3a4721b,2026-08-15T23:45:00Z,2026-08-16T01:45:00+0200,186.07,EUR/MWh,ES,ES,imbalance_price,Short,2026-08-28T02:01:39Z
2026-08-28T01:53:23Z,2026-08-28T03:53:23+0200,565fb0ed-db72-48c6-a54e-0fdff3a4721b,2026-08-16T00:00:00Z,2026-08-16T02:00:00+0200,105.88,EUR/MWh,ES,ES,imbalance_price,Long,2026-08-28T02:01:39Z
2026-08-28T01:53:23Z,2026-08-28T03:53:23+0200,565fb0ed-db72-48c6-a54e-0fdff3a4721b,2026-08-16T00:00:00Z,2026-08-16T02:00:00+0200,193.92,EUR/MWh,ES,ES,imbalance_price,Short,2026-08-28T02:01:39Z
2026-08-28T01:53:23Z,2026-08-28T03:53:23+0200,565fb0ed-db72-48c6-a54e-0fdff3a4721b,2026-08-16T00:15:00Z,2026-08-16T02:15:00+0200,121.86,EUR/MWh,ES,ES,imbalance_price,Long,2026-08-28T02:01:39Z
2026-08-28T01:53:23Z,2026-08-28T03:53:23+0200,565fb0ed-db72-48c6-a54e-0fdff3a4721b,2026-08-16T00:15:00Z,2026-08-16T02:15:00+0200,187.06,EUR/MWh,ES,ES,imbalance_price,Short,2026-08-28T02:01:39Z
2026-08-28T01:53:23Z,2026-08-28T03:53:23+0200,565fb0ed-db72-48c6-a54e-0fdff3a4721b,2026-08-16T00:30:00Z,2026-08-16T02:30:00+0200,142.35,EUR/MWh,ES,ES,imbalance_price,Long,2026-08-28T02:01:39Z
2026-08-28T01:53:23Z,2026-08-28T03:53:23+0200,565fb0ed-db72-48c6-a54e-0fdff3a4721b,2026-08-16T00:30:00Z,2026-08-16T02:30:00+0200,151.3,EUR/MWh,ES,ES,imbalance_price,Short,2026-08-28T02:01:39Z
2026-08-28T01:53:23Z,2026-08-28T03:53:23+0200,565fb0ed-db72-48c6-a54e-0fdff3a4721b,2026-08-16T00:45:00Z,2026-08-16T02:45:00+0200,125.45,EUR/MWh,ES,ES,imbalance_price,Long,2026-08-28T02:01:39Z
2026-08-28T01:53:23Z,2026-08-28T03:53:23+0200,565fb0ed-db72-48c6-a54e-0fdff3a4721b,2026-08-16T00:45:00Z,2026-08-16T02:45:00+0200,139.78,EUR/MWh,ES,ES,imbalance_price,Short,2026-08-28T02:01:39Z
2026-08-28T01:53:23Z,2026-08-28T03:53:23+0200,565fb0ed-db72-48c6-a54e-0fdff3a4721b,2026-08-16T01:00:00Z,2026-08-16T03:00:00+0200,85.5,EUR/MWh,ES,ES,imbalance_price,Long,2026-08-28T02:01:39Z
2026-08-28T01:53:23Z,2026-08-28T03:53:23+0200,565fb0ed-db72-48c6-a54e-0fdff3a4721b,2026-08-16T01:00:00Z,2026-08-16T03:00:00+0200,198.13,EUR/MWh,ES,ES,imbalance_price,Short,2026-08-28T02:01:39Z
2026-08-28T01:53:23Z,2026-08-28T03:53:23+0200,565fb0ed-db72-48c6-a54e-0fdff3a4721b,2026-08-16T01:15:00Z,2026-08-16T03:15:00+0200,52.11,EUR/MWh,ES,ES,imbalance_price,Long,2026-08-28T02:01:39Z
2026-08-28T01:53:23Z,2026-08-28T03:53:23+0200,565fb0ed-db72-48c6-a54e-0fdff3a4721b,2026-08-16T01:15:00Z,2026-08-16T03:15:00+0200,193.75,EUR/MWh,ES,ES,imbalance_price,Short,2026-08-28T02:01:39Z
2026-08-28T01:53:23Z,2026-08-28T03:53:23+0200,565fb0ed-db72-48c6-a54e-0fdff3a4721b,2026-08-16T01:30:00Z,2026-08-16T03:30:00+0200,83.38,EUR/MWh,ES,ES,imbalance_price,Long,2026-08-28T02:01:39Z
2026-08-28T01:53:23Z,2026-08-28T03:53:23+0200,565fb0ed-db72-48c6-a54e-0fdff3a4721b,2026-08-16T01:30:00Z,2026-08-16T03:30:00+0200,146.48,EUR/MWh,ES,ES,imbalance_price,Short,2026-08-28T02:01:39Z
2026-08-28T01:53:23Z,2026-08-28T03:53:23+0200,565fb0ed-db72-48c6-a54e-0fdff3a4721b,2026-08-16T01:45:00Z,2026-08-16T03:45:00+0200,50.08,EUR/MWh,ES,ES,imbalance_price,Long,2026-08-28T02:01:39Z
2026-08-28T01:53:23Z,2026-08-28T03:53:23+0200,565fb0ed-db72-48c6-a54e-0fdff3a4721b,2026-08-16T01:45:00Z,2026-08-16T03:45:00+0200,176.06,EUR/MWh,ES,ES,imbalance_price,Short,2026-08-28T02:01:39Z
2026-08-28T01:53:23Z,2026-08-28T03:53:23+0200,565fb0ed-db72-48c6-a54e-0fdff3a4721b,2026-08-16T02:00:00Z,2026-08-16T04:00:00+0200,39.76,EUR/MWh,ES,ES,imbalance_price,Long,2026-08-28T02:01:39Z
2026-08-28T01:53:23Z,2026-08-28T03:53:23+0200,565fb0ed-db72-48c6-a54e-0fdff3a4721b,2026-08-16T02:00:00Z,2026-08-16T04:00:00+0200,181.19,EUR/MWh,ES,ES,imbalance_price,Short,2026-08-28T02:01:39Z
2026-08-28T01:53:23Z,2026-08-28T03:53:23+0200,565fb0ed-db72-48c6-a54e-0fdff3a4721b,2026-08-16T02:15:00Z,2026-08-16T04:15:00+0200,0.0,EUR/MWh,ES,ES,imbalance_price,Long,2026-08-28T02:01:39Z
2026-08-28T01:53:23Z,2026-08-28T03:53:23+0200,565fb0ed-db72-48c6-a54e-0fdff3a4721b,2026-08-16T02:15:00Z,2026-08-16T04:15:00+0200,174.38,EUR/MWh,ES,ES,imbalance_price,Short,2026-08-28T02:01:39Z
2026-08-28T01:53:23Z,2026-08-28T03:53:23+0200,565fb0ed-db72-48c6-a54e-0fdff3a4721b,2026-08-16T02:30:00Z,2026-08-16T04:30:00+0200,0.0,EUR/MWh,ES,ES,imbalance_price,Long,2026-08-28T02:01:39Z
2026-08-28T01:53:23Z,2026-08-28T03:53:23+0200,565fb0ed-db72-48c6-a54e-0fdff3a4721b,2026-08-16T02:30:00Z,2026-08-16T04:30:00+0200,174.12,EUR/MWh,ES,ES,imbalance_price,Short,2026-08-28T02:01:39Z
2026-08-28T01:53:23Z,2026-08-28T03:53:23+0200,565fb0ed-db72-48c6-a54e-0fdff3a4721b,2026-08-16T02:45:00Z,2026-08-16T04:45:00+0200,133.33,EUR/MWh,ES,ES,imbalance_price,Long,2026-08-28T02:01:39Z
2026-08-28T01:53:23Z,2026-08-28T03:53:23+0200,565fb0ed-db72-48c6-a54e-0fdff3a4721b,2026-08-16T02:45:00Z,2026-08-16T04:45:00+0200,162.16,EUR/MWh,ES,ES,imbalance_price,Short,2026-08-28T02:01:39Z
2026-08-28T01:53:23Z,2026-08-28T03:53:23+0200,565fb0ed-db72-48c6-a54e-0fdff3a4721b,2026-08-16T03:00:00Z,2026-08-16T05:00:00+0200,54.62,EUR/MWh,ES,ES,imbalance_price,Long,2026-08-28T02:01:39Z
2026-08-28T01:53:23Z,2026-08-28T03:53:23+0200,565fb0ed-db72-48c6-a54e-0fdff3a4721b,2026-08-16T03:00:00Z,2026-08-16T05:00:00+0200,184.06,EUR/MWh,ES,ES,imbalance_price,Short,2026-08-28T02:01:39Z
2026-08-28T01:53:23Z,2026-08-28T03:53:23+0200,565fb0ed-db72-48c6-a54e-0fdff3a4721b,2026-08-16T03:15:00Z,2026-08-16T05:15:00+0200,65.27,EUR/MWh,ES,ES,imbalance_price,Long,2026-08-28T02:01:39Z
2026-08-28T01:53:23Z,2026-08-28T03:53:23+0200,565fb0ed-db72-48c6-a54e-0fdff3a4721b,2026-08-16T03:15:00Z,2026-08-16T05:15:00+0200,172.0,EUR/MWh,ES,ES,imbalance_price,Short,2026-08-28T02:01:39Z
2026-08-28T01:53:23Z,2026-08-28T03:53:23+0200,565fb0ed-db72-48c6-a54e-0fdff3a4721b,2026-08-16T03:30:00Z,2026-08-16T05:30:00+0200,131.53,EUR/MWh,ES,ES,imbalance_price,Long,2026-08-28T02:01:39Z
2026-08-28T01:53:23Z,2026-08-28T03:53:23+0200,565fb0ed-db72-48c6-a54e-0fdff3a4721b,2026-08-16T03:30:00Z,2026-08-16T05:30:00+0200,170.86,EUR/MWh,ES,ES,imbalance_price,Short,2026-08-28T02:01:39Z
2026-08-28T01:53:23Z,2026-08-28T03:53:23+0200,565fb0ed-db72-48c6-a54e-0fdff3a4721b,2026-08-16T03:45:00Z,2026-08-16T05:45:00+0200,57.66,EUR/MWh,ES,ES,imbalance_price,Long,2026-08-28T02:01:39Z
2026-08-28T01:53:23Z,2026-08-28T03:53:23+0200,565fb0ed-db72-48c6-a54e-0fdff3a4721b,2026-08-16T03:45:00Z,2026-08-16T05:45:00+0200,179.22,EUR/MWh,ES,ES,imbalance_price,Short,2026-08-28T02:01:39Z
2026-08-28T01:53:23Z,2026-08-28T03:53:23+0200,565fb0ed-db72-48c6-a54e-0fdff3a4721b,2026-08-16T04:00:00Z,2026-08-16T06:00:00+0200,97.48,EUR/MWh,ES,ES,imbalance_price,Long,2026-08-28T02:01:39Z
2026-08-28T01:53:23Z,2026-08-28T03:53:23+0200,565fb0ed-db72-48c6-a54e-0fdff3a4721b,2026-08-16T04:00:00Z,2026-08-16T06:00:00+0200,205.94,EUR/MWh,ES,ES,imbalance_price,Short,2026-08-28T02:01:39Z
2026-08-28T01:53:23Z,2026-08-28T03:53:23+0200,565fb0ed-db72-48c6-a54e-0fdff3a4721b,2026-08-16T04:15:00Z,2026-08-16T06:15:00+0200,97.1,EUR/MWh,ES,ES,imbalance_price,Long,2026-08-28T02:01:39Z
2026-08-28T01:53:23Z,2026-08-28T03:53:23+0200,565fb0ed-db72-48c6-a54e-0fdff3a4721b,2026-08-16T04:15:00Z,2026-08-16T06:15:00+0200,181.74,EUR/MWh,ES,ES,imbalance_price,Short,2026-08-28T02:01:39Z
2026-08-28T01:53:23Z,2026-08-28T03:53:23+0200,565fb0ed-db72-48c6-a54e-0fdff3a4721b,2026-08-16T04:30:00Z,2026-08-16T06:30:00+0200,60.97,EUR/MWh,ES,ES,imbalance_price,Long,2026-08-28T02:01:39Z
2026-08-28T01:53:23Z,2026-08-28T03:53:23+0200,565fb0ed-db72-48c6-a54e-0fdff3a4721b,2026-08-16T04:30:00Z,2026-08-16T06:30:00+0200,159.39,EUR/MWh,ES,ES,imbalance_price,Short,2026-08-28T02:01:39Z
2026-08-28T01:53:23Z,2026-08-28T03:53:23+0200,565fb0ed-db72-48c6-a54e-0fdff3a4721b,2026-08-16T04:45:00Z,2026-08-16T06:45:00+0200,124.79,EUR/MWh,ES,ES,imbalance_price,Long,2026-08-28T02:01:39Z
2026-08-28T01:53:23Z,2026-08-28T03:53:23+0200,565fb0ed-db72-48c6-a54e-0fdff3a4721b,2026-08-16T04:45:00Z,2026-08-16T06:45:00+0200,157.22,EUR/MWh,ES,ES,imbalance_price,Short,2026-08-28T02:01:39Z
2026-08-28T01:53:23Z,2026-08-28T03:53:23+0200,565fb0ed-db72-48c6-a54e-0fdff3a4721b,2026-08-16T05:00:00Z,2026-08-16T07:00:00+0200,127.88,EUR/MWh,ES,ES,imbalance_price,Long,2026-08-28T02:01:39Z
2026-08-28T01:53:23Z,2026-08-28T03:53:23+0200,565fb0ed-db72-48c6-a54e-0fdff3a4721b,2026-08-16T05:00:00Z,2026-08-16T07:00:00+0200,173.78,EUR/MWh,ES,ES,imbalance_price,Short,2026-08-28T02:01:39Z
2026-08-28T01:53:23Z,2026-08-28T03:53:23+0200,565fb0ed-db72-48c6-a54e-0fdff3a4721b,2026-08-16T05:15:00Z,2026-08-16T07:15:00+0200,134.92,EUR/MWh,ES,ES,imbalance_price,Long,2026-08-28T02:01:39Z
2026-08-28T01:53:23Z,2026-08-28T03:53:23+0200,565fb0ed-db72-48c6-a54e-0fdff3a4721b,2026-08-16T05:15:00Z,2026-08-16T07:15:00+0200,162.09,EUR/MWh,ES,ES,imbalance_price,Short,2026-08-28T02:01:39Z
2026-08-28T01:53:23Z,2026-08-28T03:53:23+0200,565fb0ed-db72-48c6-a54e-0fdff3a4721b,2026-08-16T05:30:00Z,2026-08-16T07:30:00+0200,114.45,EUR/MWh,ES,ES,imbalance_price,Long,2026-08-28T02:01:39Z
2026-08-28T01:53:23Z,2026-08-28T03:53:23+0200,565fb0ed-db72-48c6-a54e-0fdff3a4721b,2026-08-16T05:30:00Z,2026-08-16T07:30:00+0200,156.18,EUR/MWh,ES,ES,imbalance_price,Short,2026-08-28T02:01:39Z
2026-08-28T01:53:23Z,2026-08-28T03:53:23+0200,565fb0ed-db72-48c6-a54e-0fdff3a4721b,2026-08-16T05:45:00Z,2026-08-16T07:45:00+0200,64.26,EUR/MWh,ES,ES,imbalance_price,Long,2026-08-28T02:01:39Z
2026-08-28T01:53:23Z,2026-08-28T03:53:23+0200,565fb0ed-db72-48c6-a54e-0fdff3a4721b,2026-08-16T05:45:00Z,2026-08-16T07:45:00+0200,152.66,EUR/MWh,ES,ES,imbalance_price,Short,2026-08-28T02:01:39Z
2026-08-28T01:53:23Z,2026-08-28T03:53:23+0200,565fb0ed-db72-48c6-a54e-0fdff3a4721b,2026-08-16T06:00:00Z,2026-08-16T08:00:00+0200,109.91,EUR/MWh,ES,ES,imbalance_price,Long,2026-08-28T02:01:39Z
2026-08-28T01:53:23Z,2026-08-28T03:53:23+0200,565fb0ed-db72-48c6-a54e-0fdff3a4721b,2026-08-16T06:00:00Z,2026-08-16T08:00:00+0200,151.06,EUR/MWh,ES,ES,imbalance_price,Short,2026-08-28T02:01:39Z
2026-08-28T01:53:23Z,2026-08-28T03:53:23+0200,565fb0ed-db72-48c6-a54e-0fdff3a4721b,2026-08-16T06:15:00Z,2026-08-16T08:15:00+0200,81.91,EUR/MWh,ES,ES,imbalance_price,Long,2026-08-28T02:01:39Z
2026-08-28T01:53:23Z,2026-08-28T03:53:23+0200,565fb0ed-db72-48c6-a54e-0fdff3a4721b,2026-08-16T06:15:00Z,2026-08-16T08:15:00+0200,170.3,EUR/MWh,ES,ES,imbalance_price,Short,2026-08-28T02:01:39Z
2026-08-28T01:53:23Z,2026-08-28T03:53:23+0200,565fb0ed-db72-48c6-a54e-0fdff3a4721b,2026-08-16T06:30:00Z,2026-08-16T08:30:00+0200,4.66,EUR/MWh,ES,ES,imbalance_price,Long,2026-08-28T02:01:39Z
2026-08-28T01:53:23Z,2026-08-28T03:53:23+0200,565fb0ed-db72-48c6-a54e-0fdff3a4721b,2026-08-16T06:30:00Z,2026-08-16T08:30:00+0200,135.02,EUR/MWh,ES,ES,imbalance_price,Short,2026-08-28T02:01:39Z
2026-08-28T01:53:23Z,2026-08-28T03:53:23+0200,565fb0ed-db72-48c6-a54e-0fdff3a4721b,2026-08-16T06:45:00Z,2026-08-16T08:45:00+0200,-7.79,EUR/MWh,ES,ES,imbalance_price,Long,2026-08-28T02:01:39Z
2026-08-28T01:53:23Z,2026-08-28T03:53:23+0200,565fb0ed-db72-48c6-a54e-0fdff3a4721b,2026-08-16T06:45:00Z,2026-08-16T08:45:00+0200,-7.79,EUR/MWh,ES,ES,imbalance_price,Short,2026-08-28T02:01:39Z
2026-08-28T01:53:23Z,2026-08-28T03:53:23+0200,565fb0ed-db72-48c6-a54e-0fdff3a4721b,2026-08-16T07:00:00Z,2026-08-16T09:00:00+0200,32.55,EUR/MWh,ES,ES,imbalance_price,Long,2026-08-28T02:01:39Z
2026-08-28T01:53:23Z,2026-08-28T03:53:23+0200,565fb0ed-db72-48c6-a54e-0fdff3a4721b,2026-08-16T07:00:00Z,2026-08-16T09:00:00+0200,32.55,EUR/MWh,ES,ES,imbalance_price,Short,2026-08-28T02:01:39Z
2026-08-28T01:53:23Z,2026-08-28T03:53:23+0200,565fb0ed-db72-48c6-a54e-0fdff3a4721b,2026-08-16T07:15:00Z,2026-08-16T09:15:00+0200,-4.64,EUR/MWh,ES,ES,imbalance_price,Long,2026-08-28T02:01:39Z
2026-08-28T01:53:23Z,2026-08-28T03:53:23+0200,565fb0ed-db72-48c6-a54e-0fdff3a4721b,2026-08-16T07:15:00Z,2026-08-16T09:15:00+0200,109.02,EUR/MWh,ES,ES,imbalance_price,Short,2026-08-28T02:01:39Z
2026-08-28T01:53:23Z,2026-08-28T03:53:23+0200,565fb0ed-db72-48c6-a54e-0fdff3a4721b,2026-08-16T07:30:00Z,2026-08-16T09:30:00+0200,-9.95,EUR/MWh,ES,ES,imbalance_price,Long,2026-08-28T02:01:39Z
2026-08-28T01:53:23Z,2026-08-28T03:53:23+0200,565fb0ed-db72-48c6-a54e-0fdff3a4721b,2026-08-16T07:30:00Z,2026-08-16T09:30:00+0200,160.29,EUR/MWh,ES,ES,imbalance_price,Short,2026-08-28T02:01:39Z
2026-08-28T01:53:23Z,2026-08-28T03:53:23+0200,565fb0ed-db72-48c6-a54e-0fdff3a4721b,2026-08-16T07:45:00Z,2026-08-16T09:45:00+0200,-13.44,EUR/MWh,ES,ES,imbalance_price,Long,2026-08-28T02:01:39Z
2026-08-28T01:53:23Z,2026-08-28T03:53:23+0200,565fb0ed-db72-48c6-a54e-0fdff3a4721b,2026-08-16T07:45:00Z,2026-08-16T09:45:00+0200,123.68,EUR/MWh,ES,ES,imbalance_price,Short,2026-08-28T02:01:39Z
2026-08-28T01:53:23Z,2026-08-28T03:53:23+0200,565fb0ed-db72-48c6-a54e-0fdff3a4721b,2026-08-16T08:00:00Z,2026-08-16T10:00:00+0200,-9.23,EUR/MWh,ES,ES,imbalance_price,Long,2026-08-28T02:01:39Z
2026-08-28T01:53:23Z,2026-08-28T03:53:23+0200,565fb0ed-db72-48c6-a54e-0fdff3a4721b,2026-08-16T08:00:00Z,2026-08-16T10:00:00+0200,18.27,EUR/MWh,ES,ES,imbalance_price,Short,2026-08-28T02:01:39Z
2026-08-28T01:53:23Z,2026-08-28T03:53:23+0200,565fb0ed-db72-48c6-a54e-0fdff3a4721b,2026-08-16T08:15:00Z,2026-08-16T10:15:00+0200,-2.98,EUR/MWh,ES,ES,imbalance_price,Long,2026-08-28T02:01:39Z
2026-08-28T01:53:23Z,2026-08-28T03:53:23+0200,565fb0ed-db72-48c6-a54e-0fdff3a4721b,2026-08-16T08:15:00Z,2026-08-16T10:15:00+0200,34.54,EUR/MWh,ES,ES,imbalance_price,Short,2026-08-28T02:01:39Z
2026-08-28T01:53:23Z,2026-08-28T03:53:23+0200,565fb0ed-db72-48c6-a54e-0fdff3a4721b,2026-08-16T08:30:00Z,2026-08-16T10:30:00+0200,-3.7,EUR/MWh,ES,ES,imbalance_price,Long,2026-08-28T02:01:39Z
2026-08-28T01:53:23Z,2026-08-28T03:53:23+0200,565fb0ed-db72-48c6-a54e-0fdff3a4721b,2026-08-16T08:30:00Z,2026-08-16T10:30:00+0200,20.06,EUR/MWh,ES,ES,imbalance_price,Short,2026-08-28T02:01:39Z
2026-08-28T01:53:23Z,2026-08-28T03:53:23+0200,565fb0ed-db72-48c6-a54e-0fdff3a4721b,2026-08-16T08:45:00Z,2026-08-16T10:45:00+0200,-1.99,EUR/MWh,ES,ES,imbalance_price,Long,2026-08-28T02:01:39Z
2026-08-28T01:53:23Z,2026-08-28T03:53:23+0200,565fb0ed-db72-48c6-a54e-0fdff3a4721b,2026-08-16T08:45:00Z,2026-08-16T10:45:00+0200,31.63,EUR/MWh,ES,ES,imbalance_price,Short,2026-08-28T02:01:39Z
2026-08-28T01:53:23Z,2026-08-28T03:53:23+0200,565fb0ed-db72-48c6-a54e-0fdff3a4721b,2026-08-16T09:00:00Z,2026-08-16T11:00:00+0200,-3.21,EUR/MWh,ES,ES,imbalance_price,Long,2026-08-28T02:01:39Z
2026-08-28T01:53:23Z,2026-08-28T03:53:23+0200,565fb0ed-db72-48c6-a54e-0fdff3a4721b,2026-08-16T09:00:00Z,2026-08-16T11:00:00+0200,26.5,EUR/MWh,ES,ES,imbalance_price,Short,2026-08-28T02:01:39Z
2026-08-28T01:53:23Z,2026-08-28T03:53:23+0200,565fb0ed-db72-48c6-a54e-0fdff3a4721b,2026-08-16T09:15:00Z,2026-08-16T11:15:00+0200,-2.98,EUR/MWh,ES,ES,imbalance_price,Long,2026-08-28T02:01:39Z
2026-08-28T01:53:23Z,2026-08-28T03:53:23+0200,565fb0ed-db72-48c6-a54e-0fdff3a4721b,2026-08-16T09:15:00Z,2026-08-16T11:15:00+0200,6.13,EUR/MWh,ES,ES,imbalance_price,Short,2026-08-28T02:01:39Z
2026-08-28T01:53:23Z,2026-08-28T03:53:23+0200,565fb0ed-db72-48c6-a54e-0fdff3a4721b,2026-08-16T09:30:00Z,2026-08-16T11:30:00+0200,-1.89,EUR/MWh,ES,ES,imbalance_price,Long,2026-08-28T02:01:39Z
2026-08-28T01:53:23Z,2026-08-28T03:53:23+0200,565fb0ed-db72-48c6-a54e-0fdff3a4721b,2026-08-16T09:30:00Z,2026-08-16T11:30:00+0200,19.96,EUR/MWh,ES,ES,imbalance_price,Short,2026-08-28T02:01:39Z
2026-08-28T01:53:23Z,2026-08-28T03:53:23+0200,565fb0ed-db72-48c6-a54e-0fdff3a4721b,2026-08-16T09:45:00Z,2026-08-16T11:45:00+0200,-1.99,EUR/MWh,ES,ES,imbalance_price,Long,2026-08-28T02:01:39Z
2026-08-28T01:53:23Z,2026-08-28T03:53:23+0200,565fb0ed-db72-48c6-a54e-0fdff3a4721b,2026-08-16T09:45:00Z,2026-08-16T11:45:00+0200,27.36,EUR/MWh,ES,ES,imbalance_price,Short,2026-08-28T02:01:39Z
2026-08-28T01:53:23Z,2026-08-28T03:53:23+0200,565fb0ed-db72-48c6-a54e-0fdff3a4721b,2026-08-16T10:00:00Z,2026-08-16T12:00:00+0200,-0.01,EUR/MWh,ES,ES,imbalance_price,Long,2026-08-28T02:01:39Z
2026-08-28T01:53:23Z,2026-08-28T03:53:23+0200,565fb0ed-db72-48c6-a54e-0fdff3a4721b,2026-08-16T10:00:00Z,2026-08-16T12:00:00+0200,1.43,EUR/MWh,ES,ES,imbalance_price,Short,2026-08-28T02:01:39Z
2026-08-28T01:53:23Z,2026-08-28T03:53:23+0200,565fb0ed-db72-48c6-a54e-0fdff3a4721b,2026-08-16T10:15:00Z,2026-08-16T12:15:00+0200,-0.48,EUR/MWh,ES,ES,imbalance_price,Long,2026-08-28T02:01:39Z
2026-08-28T01:53:23Z,2026-08-28T03:53:23+0200,565fb0ed-db72-48c6-a54e-0fdff3a4721b,2026-08-16T10:15:00Z,2026-08-16T12:15:00+0200,0.0,EUR/MWh,ES,ES,imbalance_price,Short,2026-08-28T02:01:39Z
2026-08-28T01:53:23Z,2026-08-28T03:53:23+0200,565fb0ed-db72-48c6-a54e-0fdff3a4721b,2026-08-16T10:30:00Z,2026-08-16T12:30:00+0200,-1.8,EUR/MWh,ES,ES,imbalance_price,Long,2026-08-28T02:01:39Z
2026-08-28T01:53:23Z,2026-08-28T03:53:23+0200,565fb0ed-db72-48c6-a54e-0fdff3a4721b,2026-08-16T10:30:00Z,2026-08-16T12:30:00+0200,2.76,EUR/MWh,ES,ES,imbalance_price,Short,2026-08-28T02:01:39Z
2026-08-28T01:53:23Z,2026-08-28T03:53:23+0200,565fb0ed-db72-48c6-a54e-0fdff3a4721b,2026-08-16T10:45:00Z,2026-08-16T12:45:00+0200,-0.44,EUR/MWh,ES,ES,imbalance_price,Long,2026-08-28T02:01:39Z
2026-08-28T01:53:23Z,2026-08-28T03:53:23+0200,565fb0ed-db72-48c6-a54e-0fdff3a4721b,2026-08-16T10:45:00Z,2026-08-16T12:45:00+0200,-0.44,EUR/MWh,ES,ES,imbalance_price,Short,2026-08-28T02:01:39Z
2026-08-28T01:53:23Z,2026-08-28T03:53:23+0200,565fb0ed-db72-48c6-a54e-0fdff3a4721b,2026-08-16T11:00:00Z,2026-08-16T13:00:00+0200,-0.03,EUR/MWh,ES,ES,imbalance_price,Long,2026-08-28T02:01:39Z
2026-08-28T01:53:23Z,2026-08-28T03:53:23+0200,565fb0ed-db72-48c6-a54e-0fdff3a4721b,2026-08-16T11:00:00Z,2026-08-16T13:00:00+0200,-0.03,EUR/MWh,ES,ES,imbalance_price,Short,2026-08-28T02:01:39Z
2026-08-28T01:53:23Z,2026-08-28T03:53:23+0200,565fb0ed-db72-48c6-a54e-0fdff3a4721b,2026-08-16T11:15:00Z,2026-08-16T13:15:00+0200,-0.05,EUR/MWh,ES,ES,imbalance_price,Long,2026-08-28T02:01:39Z
2026-08-28T01:53:23Z,2026-08-28T03:53:23+0200,565fb0ed-db72-48c6-a54e-0fdff3a4721b,2026-08-16T11:15:00Z,2026-08-16T13:15:00+0200,-0.05,EUR/MWh,ES,ES,imbalance_price,Short,2026-08-28T02:01:39Z
2026-08-28T01:53:23Z,2026-08-28T03:53:23+0200,565fb0ed-db72-48c6-a54e-0fdff3a4721b,2026-08-16T11:30:00Z,2026-08-16T13:30:00+0200,0.0,EUR/MWh,ES,ES,imbalance_price,Long,2026-08-28T02:01:39Z
2026-08-28T01:53:23Z,2026-08-28T03:53:23+0200,565fb0ed-db72-48c6-a54e-0fdff3a4721b,2026-08-16T11:30:00Z,2026-08-16T13:30:00+0200,10.81,EUR/MWh,ES,ES,imbalance_price,Short,2026-08-28T02:01:39Z
2026-08-28T01:53:23Z,2026-08-28T03:53:23+0200,565fb0ed-db72-48c6-a54e-0fdff3a4721b,2026-08-16T11:45:00Z,2026-08-16T13:45:00+0200,-0.01,EUR/MWh,ES,ES,imbalance_price,Long,2026-08-28T02:01:39Z
2026-08-28T01:53:23Z,2026-08-28T03:53:23+0200,565fb0ed-db72-48c6-a54e-0fdff3a4721b,2026-08-16T11:45:00Z,2026-08-16T13:45:00+0200,5.7,EUR/MWh,ES,ES,imbalance_price,Short,2026-08-28T02:01:39Z
2026-08-28T01:53:23Z,2026-08-28T03:53:23+0200,565fb0ed-db72-48c6-a54e-0fdff3a4721b,2026-08-16T12:00:00Z,2026-08-16T14:00:00+0200,-0.24,EUR/MWh,ES,ES,imbalance_price,Long,2026-08-28T02:01:39Z
2026-08-28T01:53:23Z,2026-08-28T03:53:23+0200,565fb0ed-db72-48c6-a54e-0fdff3a4721b,2026-08-16T12:00:00Z,2026-08-16T14:00:00+0200,6.8,EUR/MWh,ES,ES,imbalance_price,Short,2026-08-28T02:01:39Z
2026-08-28T01:53:23Z,2026-08-28T03:53:23+0200,565fb0ed-db72-48c6-a54e-0fdff3a4721b,2026-08-16T12:15:00Z,2026-08-16T14:15:00+0200,-0.32,EUR/MWh,ES,ES,imbalance_price,Long,2026-08-28T02:01:39Z
2026-08-28T01:53:23Z,2026-08-28T03:53:23+0200,565fb0ed-db72-48c6-a54e-0fdff3a4721b,2026-08-16T12:15:00Z,2026-08-16T14:15:00+0200,-0.32,EUR/MWh,ES,ES,imbalance_price,Short,2026-08-28T02:01:39Z
2026-08-28T01:53:23Z,2026-08-28T03:53:23+0200,565fb0ed-db72-48c6-a54e-0fdff3a4721b,2026-08-16T12:30:00Z,2026-08-16T14:30:00+0200,-0.73,EUR/MWh,ES,ES,imbalance_price,Long,2026-08-28T02:01:39Z
2026-08-28T01:53:23Z,2026-08-28T03:53:23+0200,565fb0ed-db72-48c6-a54e-0fdff3a4721b,2026-08-16T12:30:00Z,2026-08-16T14:30:00+0200,-0.73,EUR/MWh,ES,ES,imbalance_price,Short,2026-08-28T02:01:39Z
2026-08-28T01:53:23Z,2026-08-28T03:53:23+0200,565fb0ed-db72-48c6-a54e-0fdff3a4721b,2026-08-16T12:45:00Z,2026-08-16T14:45:00+0200,-0.31,EUR/MWh,ES,ES,imbalance_price,Long,2026-08-28T02:01:39Z
2026-08-28T01:53:23Z,2026-08-28T03:53:23+0200,565fb0ed-db72-48c6-a54e-0fdff3a4721b,2026-08-16T12:45:00Z,2026-08-16T14:45:00+0200,-0.31,EUR/MWh,ES,ES,imbalance_price,Short,2026-08-28T02:01:39Z
2026-08-28T01:53:23Z,2026-08-28T03:53:23+0200,565fb0ed-db72-48c6-a54e-0fdff3a4721b,2026-08-16T13:00:00Z,2026-08-16T15:00:00+0200,-0.37,EUR/MWh,ES,ES,imbalance_price,Long,2026-08-28T02:01:39Z
2026-08-28T01:53:23Z,2026-08-28T03:53:23+0200,565fb0ed-db72-48c6-a54e-0fdff3a4721b,2026-08-16T13:00:00Z,2026-08-16T15:00:00+0200,1.46,EUR/MWh,ES,ES,imbalance_price,Short,2026-08-28T02:01:39Z
2026-08-28T01:53:23Z,2026-08-28T03:53:23+0200,565fb0ed-db72-48c6-a54e-0fdff3a4721b,2026-08-16T13:15:00Z,2026-08-16T15:15:00+0200,-0.35,EUR/MWh,ES,ES,imbalance_price,Long,2026-08-28T02:01:39Z
2026-08-28T01:53:23Z,2026-08-28T03:53:23+0200,565fb0ed-db72-48c6-a54e-0fdff3a4721b,2026-08-16T13:15:00Z,2026-08-16T15:15:00+0200,6.35,EUR/MWh,ES,ES,imbalance_price,Short,2026-08-28T02:01:39Z
2026-08-28T01:53:23Z,2026-08-28T03:53:23+0200,565fb0ed-db72-48c6-a54e-0fdff3a4721b,2026-08-16T13:30:00Z,2026-08-16T15:30:00+0200,-0.81,EUR/MWh,ES,ES,imbalance_price,Long,2026-08-28T02:01:39Z
2026-08-28T01:53:23Z,2026-08-28T03:53:23+0200,565fb0ed-db72-48c6-a54e-0fdff3a4721b,2026-08-16T13:30:00Z,2026-08-16T15:30:00+0200,18.52,EUR/MWh,ES,ES,imbalance_price,Short,2026-08-28T02:01:39Z
2026-08-28T01:53:23Z,2026-08-28T03:53:23+0200,565fb0ed-db72-48c6-a54e-0fdff3a4721b,2026-08-16T13:45:00Z,2026-08-16T15:45:00+0200,-0.77,EUR/MWh,ES,ES,imbalance_price,Long,2026-08-28T02:01:39Z
2026-08-28T01:53:23Z,2026-08-28T03:53:23+0200,565fb0ed-db72-48c6-a54e-0fdff3a4721b,2026-08-16T13:45:00Z,2026-08-16T15:45:00+0200,-0.77,EUR/MWh,ES,ES,imbalance_price,Short,2026-08-28T02:01:39Z
2026-08-28T01:53:23Z,2026-08-28T03:53:23+0200,565fb0ed-db72-48c6-a54e-0fdff3a4721b,2026-08-16T14:00:00Z,2026-08-16T16:00:00+0200,-0.58,EUR/MWh,ES,ES,imbalance_price,Long,2026-08-28T02:01:39Z
2026-08-28T01:53:23Z,2026-08-28T03:53:23+0200,565fb0ed-db72-48c6-a54e-0fdff3a4721b,2026-08-16T14:00:00Z,2026-08-16T16:00:00+0200,-0.58,EUR/MWh,ES,ES,imbalance_price,Short,2026-08-28T02:01:39Z
2026-08-28T01:53:23Z,2026-08-28T03:53:23+0200,565fb0ed-db72-48c6-a54e-0fdff3a4721b,2026-08-16T14:15:00Z,2026-08-16T16:15:00+0200,-1.59,EUR/MWh,ES,ES,imbalance_price,Long,2026-08-28T02:01:39Z
2026-08-28T01:53:23Z,2026-08-28T03:53:23+0200,565fb0ed-db72-48c6-a54e-0fdff3a4721b,2026-08-16T14:15:00Z,2026-08-16T16:15:00+0200,-1.59,EUR/MWh,ES,ES,imbalance_price,Short,2026-08-28T02:01:39Z
2026-08-28T01:53:23Z,2026-08-28T03:53:23+0200,565fb0ed-db72-48c6-a54e-0fdff3a4721b,2026-08-16T14:30:00Z,2026-08-16T16:30:00+0200,-1.44,EUR/MWh,ES,ES,imbalance_price,Long,2026-08-28T02:01:39Z
2026-08-28T01:53:23Z,2026-08-28T03:53:23+0200,565fb0ed-db72-48c6-a54e-0fdff3a4721b,2026-08-16T14:30:00Z,2026-08-16T16:30:00+0200,-1.44,EUR/MWh,ES,ES,imbalance_price,Short,2026-08-28T02:01:39Z
2026-08-28T01:53:23Z,2026-08-28T03:53:23+0200,565fb0ed-db72-48c6-a54e-0fdff3a4721b,2026-08-16T14:45:00Z,2026-08-16T16:45:00+0200,-1.98,EUR/MWh,ES,ES,imbalance_price,Long,2026-08-28T02:01:39Z
2026-08-28T01:53:23Z,2026-08-28T03:53:23+0200,565fb0ed-db72-48c6-a54e-0fdff3a4721b,2026-08-16T14:45:00Z,2026-08-16T16:45:00+0200,-1.98,EUR/MWh,ES,ES,imbalance_price,Short,2026-08-28T02:01:39Z
2026-08-28T01:53:23Z,2026-08-28T03:53:23+0200,565fb0ed-db72-48c6-a54e-0fdff3a4721b,2026-08-16T15:00:00Z,2026-08-16T17:00:00+0200,-1.35,EUR/MWh,ES,ES,imbalance_price,Long,2026-08-28T02:01:39Z
2026-08-28T01:53:23Z,2026-08-28T03:53:23+0200,565fb0ed-db72-48c6-a54e-0fdff3a4721b,2026-08-16T15:00:00Z,2026-08-16T17:00:00+0200,-1.35,EUR/MWh,ES,ES,imbalance_price,Short,2026-08-28T02:01:39Z
2026-08-28T01:53:23Z,2026-08-28T03:53:23+0200,565fb0ed-db72-48c6-a54e-0fdff3a4721b,2026-08-16T15:15:00Z,2026-08-16T17:15:00+0200,-0.8,EUR/MWh,ES,ES,imbalance_price,Long,2026-08-28T02:01:39Z
2026-08-28T01:53:23Z,2026-08-28T03:53:23+0200,565fb0ed-db72-48c6-a54e-0fdff3a4721b,2026-08-16T15:15:00Z,2026-08-16T17:15:00+0200,-0.8,EUR/MWh,ES,ES,imbalance_price,Short,2026-08-28T02:01:39Z
2026-08-28T01:53:23Z,2026-08-28T03:53:23+0200,565fb0ed-db72-48c6-a54e-0fdff3a4721b,2026-08-16T15:30:00Z,2026-08-16T17:30:00+0200,-0.1,EUR/MWh,ES,ES,imbalance_price,Long,2026-08-28T02:01:39Z
2026-08-28T01:53:23Z,2026-08-28T03:53:23+0200,565fb0ed-db72-48c6-a54e-0fdff3a4721b,2026-08-16T15:30:00Z,2026-08-16T17:30:00+0200,-0.1,EUR/MWh,ES,ES,imbalance_price,Short,2026-08-28T02:01:39Z
2026-08-28T01:53:23Z,2026-08-28T03:53:23+0200,565fb0ed-db72-48c6-a54e-0fdff3a4721b,2026-08-16T15:45:00Z,2026-08-16T17:45:00+0200,0.05,EUR/MWh,ES,ES,imbalance_price,Long,2026-08-28T02:01:39Z
2026-08-28T01:53:23Z,2026-08-28T03:53:23+0200,565fb0ed-db72-48c6-a54e-0fdff3a4721b,2026-08-16T15:45:00Z,2026-08-16T17:45:00+0200,89.13,EUR/MWh,ES,ES,imbalance_price,Short,2026-08-28T02:01:39Z
2026-08-28T01:53:23Z,2026-08-28T03:53:23+0200,565fb0ed-db72-48c6-a54e-0fdff3a4721b,2026-08-16T16:00:00Z,2026-08-16T18:00:00+0200,0.55,EUR/MWh,ES,ES,imbalance_price,Long,2026-08-28T02:01:39Z
2026-08-28T01:53:23Z,2026-08-28T03:53:23+0200,565fb0ed-db72-48c6-a54e-0fdff3a4721b,2026-08-16T16:00:00Z,2026-08-16T18:00:00+0200,113.32,EUR/MWh,ES,ES,imbalance_price,Short,2026-08-28T02:01:39Z
2026-08-28T01:53:23Z,2026-08-28T03:53:23+0200,565fb0ed-db72-48c6-a54e-0fdff3a4721b,2026-08-16T16:15:00Z,2026-08-16T18:15:00+0200,0.53,EUR/MWh,ES,ES,imbalance_price,Long,2026-08-28T02:01:39Z
2026-08-28T01:53:23Z,2026-08-28T03:53:23+0200,565fb0ed-db72-48c6-a54e-0fdff3a4721b,2026-08-16T16:15:00Z,2026-08-16T18:15:00+0200,109.78,EUR/MWh,ES,ES,imbalance_price,Short,2026-08-28T02:01:39Z
2026-08-28T01:53:23Z,2026-08-28T03:53:23+0200,565fb0ed-db72-48c6-a54e-0fdff3a4721b,2026-08-16T16:30:00Z,2026-08-16T18:30:00+0200,-3.89,EUR/MWh,ES,ES,imbalance_price,Long,2026-08-28T02:01:39Z
2026-08-28T01:53:23Z,2026-08-28T03:53:23+0200,565fb0ed-db72-48c6-a54e-0fdff3a4721b,2026-08-16T16:30:00Z,2026-08-16T18:30:00+0200,-3.89,EUR/MWh,ES,ES,imbalance_price,Short,2026-08-28T02:01:39Z
2026-08-28T01:53:23Z,2026-08-28T03:53:23+0200,565fb0ed-db72-48c6-a54e-0fdff3a4721b,2026-08-16T16:45:00Z,2026-08-16T18:45:00+0200,14.51,EUR/MWh,ES,ES,imbalance_price,Long,2026-08-28T02:01:39Z
2026-08-28T01:53:23Z,2026-08-28T03:53:23+0200,565fb0ed-db72-48c6-a54e-0fdff3a4721b,2026-08-16T16:45:00Z,2026-08-16T18:45:00+0200,14.51,EUR/MWh,ES,ES,imbalance_price,Short,2026-08-28T02:01:39Z
2026-08-28T01:53:23Z,2026-08-28T03:53:23+0200,565fb0ed-db72-48c6-a54e-0fdff3a4721b,2026-08-16T17:00:00Z,2026-08-16T19:00:00+0200,54.92,EUR/MWh,ES,ES,imbalance_price,Long,2026-08-28T02:01:39Z
2026-08-28T01:53:23Z,2026-08-28T03:53:23+0200,565fb0ed-db72-48c6-a54e-0fdff3a4721b,2026-08-16T17:00:00Z,2026-08-16T19:00:00+0200,129.32,EUR/MWh,ES,ES,imbalance_price,Short,2026-08-28T02:01:39Z
2026-08-28T01:53:23Z,2026-08-28T03:53:23+0200,565fb0ed-db72-48c6-a54e-0fdff3a4721b,2026-08-16T17:15:00Z,2026-08-16T19:15:00+0200,98.57,EUR/MWh,ES,ES,imbalance_price,Long,2026-08-28T02:01:39Z
2026-08-28T01:53:23Z,2026-08-28T03:53:23+0200,565fb0ed-db72-48c6-a54e-0fdff3a4721b,2026-08-16T17:15:00Z,2026-08-16T19:15:00+0200,149.25,EUR/MWh,ES,ES,imbalance_price,Short,2026-08-28T02:01:39Z
2026-08-28T01:53:23Z,2026-08-28T03:53:23+0200,565fb0ed-db72-48c6-a54e-0fdff3a4721b,2026-08-16T17:30:00Z,2026-08-16T19:30:00+0200,164.68,EUR/MWh,ES,ES,imbalance_price,Long,2026-08-28T02:01:39Z
2026-08-28T01:53:23Z,2026-08-28T03:53:23+0200,565fb0ed-db72-48c6-a54e-0fdff3a4721b,2026-08-16T17:30:00Z,2026-08-16T19:30:00+0200,164.68,EUR/MWh,ES,ES,imbalance_price,Short,2026-08-28T02:01:39Z
2026-08-28T01:53:23Z,2026-08-28T03:53:23+0200,565fb0ed-db72-48c6-a54e-0fdff3a4721b,2026-08-16T17:45:00Z,2026-08-16T19:45:00+0200,163.21,EUR/MWh,ES,ES,imbalance_price,Long,2026-08-28T02:01:39Z
2026-08-28T01:53:23Z,2026-08-28T03:53:23+0200,565fb0ed-db72-48c6-a54e-0fdff3a4721b,2026-08-16T17:45:00Z,2026-08-16T19:45:00+0200,163.21,EUR/MWh,ES,ES,imbalance_price,Short,2026-08-28T02:01:39Z
2026-08-28T01:53:23Z,2026-08-28T03:53:23+0200,565fb0ed-db72-48c6-a54e-0fdff3a4721b,2026-08-16T18:00:00Z,2026-08-16T20:00:00+0200,106.37,EUR/MWh,ES,ES,imbalance_price,Long,2026-08-28T02:01:39Z
2026-08-28T01:53:23Z,2026-08-28T03:53:23+0200,565fb0ed-db72-48c6-a54e-0fdff3a4721b,2026-08-16T18:00:00Z,2026-08-16T20:00:00+0200,167.88,EUR/MWh,ES,ES,imbalance_price,Short,2026-08-28T02:01:39Z
2026-08-28T01:53:23Z,2026-08-28T03:53:23+0200,565fb0ed-db72-48c6-a54e-0fdff3a4721b,2026-08-16T18:15:00Z,2026-08-16T20:15:00+0200,143.68,EUR/MWh,ES,ES,imbalance_price,Long,2026-08-28T02:01:39Z
2026-08-28T01:53:23Z,2026-08-28T03:53:23+0200,565fb0ed-db72-48c6-a54e-0fdff3a4721b,2026-08-16T18:15:00Z,2026-08-16T20:15:00+0200,166.9,EUR/MWh,ES,ES,imbalance_price,Short,2026-08-28T02:01:39Z
2026-08-28T01:53:23Z,2026-08-28T03:53:23+0200,565fb0ed-db72-48c6-a54e-0fdff3a4721b,2026-08-16T18:30:00Z,2026-08-16T20:30:00+0200,0.0,EUR/MWh,ES,ES,imbalance_price,Long,2026-08-28T02:01:39Z
2026-08-28T01:53:23Z,2026-08-28T03:53:23+0200,565fb0ed-db72-48c6-a54e-0fdff3a4721b,2026-08-16T18:30:00Z,2026-08-16T20:30:00+0200,164.33,EUR/MWh,ES,ES,imbalance_price,Short,2026-08-28T02:01:39Z
2026-08-28T01:53:23Z,2026-08-28T03:53:23+0200,565fb0ed-db72-48c6-a54e-0fdff3a4721b,2026-08-16T18:45:00Z,2026-08-16T20:45:00+0200,0.0,EUR/MWh,ES,ES,imbalance_price,Long,2026-08-28T02:01:39Z
2026-08-28T01:53:23Z,2026-08-28T03:53:23+0200,565fb0ed-db72-48c6-a54e-0fdff3a4721b,2026-08-16T18:45:00Z,2026-08-16T20:45:00+0200,190.11,EUR/MWh,ES,ES,imbalance_price,Short,2026-08-28T02:01:39Z
2026-08-28T01:53:23Z,2026-08-28T03:53:23+0200,565fb0ed-db72-48c6-a54e-0fdff3a4721b,2026-08-16T19:00:00Z,2026-08-16T21:00:00+0200,0.0,EUR/MWh,ES,ES,imbalance_price,Long,2026-08-28T02:01:39Z
2026-08-28T01:53:23Z,2026-08-28T03:53:23+0200,565fb0ed-db72-48c6-a54e-0fdff3a4721b,2026-08-16T19:00:00Z,2026-08-16T21:00:00+0200,181.83,EUR/MWh,ES,ES,imbalance_price,Short,2026-08-28T02:01:39Z
2026-08-28T01:53:23Z,2026-08-28T03:53:23+0200,565fb0ed-db72-48c6-a54e-0fdff3a4721b,2026-08-16T19:15:00Z,2026-08-16T21:15:00+0200,234.28,EUR/MWh,ES,ES,imbalance_price,Long,2026-08-28T02:01:39Z
2026-08-28T01:53:23Z,2026-08-28T03:53:23+0200,565fb0ed-db72-48c6-a54e-0fdff3a4721b,2026-08-16T19:15:00Z,2026-08-16T21:15:00+0200,234.28,EUR/MWh,ES,ES,imbalance_price,Short,2026-08-28T02:01:39Z
2026-08-28T01:53:23Z,2026-08-28T03:53:23+0200,565fb0ed-db72-48c6-a54e-0fdff3a4721b,2026-08-16T19:30:00Z,2026-08-16T21:30:00+0200,240.39,EUR/MWh,ES,ES,imbalance_price,Long,2026-08-28T02:01:39Z
2026-08-28T01:53:23Z,2026-08-28T03:53:23+0200,565fb0ed-db72-48c6-a54e-0fdff3a4721b,2026-08-16T19:30:00Z,2026-08-16T21:30:00+0200,240.39,EUR/MWh,ES,ES,imbalance_price,Short,2026-08-28T02:01:39Z
2026-08-28T01:53:23Z,2026-08-28T03:53:23+0200,565fb0ed-db72-48c6-a54e-0fdff3a4721b,2026-08-16T19:45:00Z,2026-08-16T21:45:00+0200,226.87,EUR/MWh,ES,ES,imbalance_price,Long,2026-08-28T02:01:39Z
2026-08-28T01:53:23Z,2026-08-28T03:53:23+0200,565fb0ed-db72-48c6-a54e-0fdff3a4721b,2026-08-16T19:45:00Z,2026-08-16T21:45:00+0200,226.87,EUR/MWh,ES,ES,imbalance_price,Short,2026-08-28T02:01:39Z
2026-08-28T01:53:23Z,2026-08-28T03:53:23+0200,565fb0ed-db72-48c6-a54e-0fdff3a4721b,2026-08-16T20:00:00Z,2026-08-16T22:00:00+0200,0.0,EUR/MWh,ES,ES,imbalance_price,Long,2026-08-28T02:01:39Z
2026-08-28T01:53:23Z,2026-08-28T03:53:23+0200,565fb0ed-db72-48c6-a54e-0fdff3a4721b,2026-08-16T20:00:00Z,2026-08-16T22:00:00+0200,169.97,EUR/MWh,ES,ES,imbalance_price,Short,2026-08-28T02:01:39Z
2026-08-28T01:53:23Z,2026-08-28T03:53:23+0200,565fb0ed-db72-48c6-a54e-0fdff3a4721b,2026-08-16T20:15:00Z,2026-08-16T22:15:00+0200,197.3,EUR/MWh,ES,ES,imbalance_price,Long,2026-08-28T02:01:39Z
2026-08-28T01:53:23Z,2026-08-28T03:53:23+0200,565fb0ed-db72-48c6-a54e-0fdff3a4721b,2026-08-16T20:15:00Z,2026-08-16T22:15:00+0200,197.3,EUR/MWh,ES,ES,imbalance_price,Short,2026-08-28T02:01:39Z
2026-08-28T01:53:23Z,2026-08-28T03:53:23+0200,565fb0ed-db72-48c6-a54e-0fdff3a4721b,2026-08-16T20:30:00Z,2026-08-16T22:30:00+0200,0.0,EUR/MWh,ES,ES,imbalance_price,Long,2026-08-28T02:01:39Z
2026-08-28T01:53:23Z,2026-08-28T03:53:23+0200,565fb0ed-db72-48c6-a54e-0fdff3a4721b,2026-08-16T20:30:00Z,2026-08-16T22:30:00+0200,187.26,EUR/MWh,ES,ES,imbalance_price,Short,2026-08-28T02:01:39Z
2026-08-28T01:53:23Z,2026-08-28T03:53:23+0200,565fb0ed-db72-48c6-a54e-0fdff3a4721b,2026-08-16T20:45:00Z,2026-08-16T22:45:00+0200,0.0,EUR/MWh,ES,ES,imbalance_price,Long,2026-08-28T02:01:39Z
2026-08-28T01:53:23Z,2026-08-28T03:53:23+0200,565fb0ed-db72-48c6-a54e-0fdff3a4721b,2026-08-16T20:45:00Z,2026-08-16T22:45:00+0200,199.94,EUR/MWh,ES,ES,imbalance_price,Short,2026-08-28T02:01:39Z
2026-08-28T01:53:23Z,2026-08-28T03:53:23+0200,565fb0ed-db72-48c6-a54e-0fdff3a4721b,2026-08-16T21:00:00Z,2026-08-16T23:00:00+0200,110.42,EUR/MWh,ES,ES,imbalance_price,Long,2026-08-28T02:01:39Z
2026-08-28T01:53:23Z,2026-08-28T03:53:23+0200,565fb0ed-db72-48c6-a54e-0fdff3a4721b,2026-08-16T21:00:00Z,2026-08-16T23:00:00+0200,174.12,EUR/MWh,ES,ES,imbalance_price,Short,2026-08-28T02:01:39Z
2026-08-28T01:53:23Z,2026-08-28T03:53:23+0200,565fb0ed-db72-48c6-a54e-0fdff3a4721b,2026-08-16T21:15:00Z,2026-08-16T23:15:00+0200,92.54,EUR/MWh,ES,ES,imbalance_price,Long,2026-08-28T02:01:39Z
2026-08-28T01:53:23Z,2026-08-28T03:53:23+0200,565fb0ed-db72-48c6-a54e-0fdff3a4721b,2026-08-16T21:15:00Z,2026-08-16T23:15:00+0200,152.08,EUR/MWh,ES,ES,imbalance_price,Short,2026-08-28T02:01:39Z
2026-08-28T01:53:23Z,2026-08-28T03:53:23+0200,565fb0ed-db72-48c6-a54e-0fdff3a4721b,2026-08-16T21:30:00Z,2026-08-16T23:30:00+0200,136.39,EUR/MWh,ES,ES,imbalance_price,Long,2026-08-28T02:01:39Z
2026-08-28T01:53:23Z,2026-08-28T03:53:23+0200,565fb0ed-db72-48c6-a54e-0fdff3a4721b,2026-08-16T21:30:00Z,2026-08-16T23:30:00+0200,152.63,EUR/MWh,ES,ES,imbalance_price,Short,2026-08-28T02:01:39Z
2026-08-28T01:53:23Z,2026-08-28T03:53:23+0200,565fb0ed-db72-48c6-a54e-0fdff3a4721b,2026-08-16T21:45:00Z,2026-08-16T23:45:00+0200,145.24,EUR/MWh,ES,ES,imbalance_price,Long,2026-08-28T02:01:39Z
2026-08-28T01:53:23Z,2026-08-28T03:53:23+0200,565fb0ed-db72-48c6-a54e-0fdff3a4721b,2026-08-16T21:45:00Z,2026-08-16T23:45:00+0200,156.06,EUR/MWh,ES,ES,imbalance_price,Short,2026-08-28T02:01:39Z
2026-08-28T01:53:23Z,2026-08-28T03:53:23+0200,565fb0ed-db72-48c6-a54e-0fdff3a4721b,2026-08-16T22:00:00Z,2026-08-17T00:00:00+0200,156.93,EUR/MWh,ES,ES,imbalance_price,Long,2026-08-28T02:01:39Z
2026-08-28T01:53:23Z,2026-08-28T03:53:23+0200,565fb0ed-db72-48c6-a54e-0fdff3a4721b,2026-08-16T22:00:00Z,2026-08-17T00:00:00+0200,166.42,EUR/MWh,ES,ES,imbalance_price,Short,2026-08-28T02:01:39Z
2026-08-28T01:53:23Z,2026-08-28T03:53:23+0200,565fb0ed-db72-48c6-a54e-0fdff3a4721b,2026-08-16T22:15:00Z,2026-08-17T00:15:00+0200,119.74,EUR/MWh,ES,ES,imbalance_price,Long,2026-08-28T02:01:39Z
2026-08-28T01:53:23Z,2026-08-28T03:53:23+0200,565fb0ed-db72-48c6-a54e-0fdff3a4721b,2026-08-16T22:15:00Z,2026-08-17T00:15:00+0200,157.64,EUR/MWh,ES,ES,imbalance_price,Short,2026-08-28T02:01:39Z
2026-08-28T01:53:23Z,2026-08-28T03:53:23+0200,565fb0ed-db72-48c6-a54e-0fdff3a4721b,2026-08-16T22:30:00Z,2026-08-17T00:30:00+0200,103.23,EUR/MWh,ES,ES,imbalance_price,Long,2026-08-28T02:01:39Z
2026-08-28T01:53:23Z,2026-08-28T03:53:23+0200,565fb0ed-db72-48c6-a54e-0fdff3a4721b,2026-08-16T22:30:00Z,2026-08-17T00:30:00+0200,155.69,EUR/MWh,ES,ES,imbalance_price,Short,2026-08-28T02:01:39Z
2026-08-28T01:53:23Z,2026-08-28T03:53:23+0200,565fb0ed-db72-48c6-a54e-0fdff3a4721b,2026-08-16T22:45:00Z,2026-08-17T00:45:00+0200,0.0,EUR/MWh,ES,ES,imbalance_price,Long,2026-08-28T02:01:39Z
2026-08-28T01:53:23Z,2026-08-28T03:53:23+0200,565fb0ed-db72-48c6-a54e-0fdff3a4721b,2026-08-16T22:45:00Z,2026-08-17T00:45:00+0200,163.71,EUR/MWh,ES,ES,imbalance_price,Short,2026-08-28T02:01:39Z
2026-08-28T01:53:23Z,2026-08-28T03:53:23+0200,565fb0ed-db72-48c6-a54e-0fdff3a4721b,2026-08-16T23:00:00Z,2026-08-17T01:00:00+0200,0.0,EUR/MWh,ES,ES,imbalance_price,Long,2026-08-28T02:01:39Z
2026-08-28T01:53:23Z,2026-08-28T03:53:23+0200,565fb0ed-db72-48c6-a54e-0fdff3a4721b,2026-08-16T23:00:00Z,2026-08-17T01:00:00+0200,160.41,EUR/MWh,ES,ES,imbalance_price,Short,2026-08-28T02:01:39Z
2026-08-28T01:53:23Z,2026-08-28T03:53:23+0200,565fb0ed-db72-48c6-a54e-0fdff3a4721b,2026-08-16T23:15:00Z,2026-08-17T01:15:00+0200,141.89,EUR/MWh,ES,ES,imbalance_price,Long,2026-08-28T02:01:39Z
2026-08-28T01:53:23Z,2026-08-28T03:53:23+0200,565fb0ed-db72-48c6-a54e-0fdff3a4721b,2026-08-16T23:15:00Z,2026-08-17T01:15:00+0200,156.8,EUR/MWh,ES,ES,imbalance_price,Short,2026-08-28T02:01:39Z
2026-08-28T01:53:23Z,2026-08-28T03:53:23+0200,565fb0ed-db72-48c6-a54e-0fdff3a4721b,2026-08-16T23:30:00Z,2026-08-17T01:30:00+0200,121.25,EUR/MWh,ES,ES,imbalance_price,Long,2026-08-28T02:01:39Z
2026-08-28T01:53:23Z,2026-08-28T03:53:23+0200,565fb0ed-db72-48c6-a54e-0fdff3a4721b,2026-08-16T23:30:00Z,2026-08-17T01:30:00+0200,150.31,EUR/MWh,ES,ES,imbalance_price,Short,2026-08-28T02:01:39Z
2026-08-28T01:53:23Z,2026-08-28T03:53:23+0200,565fb0ed-db72-48c6-a54e-0fdff3a4721b,2026-08-16T23:45:00Z,2026-08-17T01:45:00+0200,133.88,EUR/MWh,ES,ES,imbalance_price,Long,2026-08-28T02:01:39Z
2026-08-28T01:53:23Z,2026-08-28T03:53:23+0200,565fb0ed-db72-48c6-a54e-0fdff3a4721b,2026-08-16T23:45:00Z,2026-08-17T01:45:00+0200,160.57,EUR/MWh,ES,ES,imbalance_price,Short,2026-08-28T02:01:39Z
2026-08-28T01:53:23Z,2026-08-28T03:53:23+0200,565fb0ed-db72-48c6-a54e-0fdff3a4721b,2026-08-17T00:00:00Z,2026-08-17T02:00:00+0200,125.7,EUR/MWh,ES,ES,imbalance_price,Long,2026-08-28T02:01:39Z
2026-08-28T01:53:23Z,2026-08-28T03:53:23+0200,565fb0ed-db72-48c6-a54e-0fdff3a4721b,2026-08-17T00:00:00Z,2026-08-17T02:00:00+0200,182.72,EUR/MWh,ES,ES,imbalance_price,Short,2026-08-28T02:01:39Z
2026-08-28T01:53:23Z,2026-08-28T03:53:23+0200,565fb0ed-db72-48c6-a54e-0fdff3a4721b,2026-08-17T00:15:00Z,2026-08-17T02:15:00+0200,101.55,EUR/MWh,ES,ES,imbalance_price,Long,2026-08-28T02:01:39Z
2026-08-28T01:53:23Z,2026-08-28T03:53:23+0200,565fb0ed-db72-48c6-a54e-0fdff3a4721b,2026-08-17T00:15:00Z,2026-08-17T02:15:00+0200,191.61,EUR/MWh,ES,ES,imbalance_price,Short,2026-08-28T02:01:39Z
2026-08-28T01:53:23Z,2026-08-28T03:53:23+0200,565fb0ed-db72-48c6-a54e-0fdff3a4721b,2026-08-17T00:30:00Z,2026-08-17T02:30:00+0200,49.47,EUR/MWh,ES,ES,imbalance_price,Long,2026-08-28T02:01:39Z
2026-08-28T01:53:23Z,2026-08-28T03:53:23+0200,565fb0ed-db72-48c6-a54e-0fdff3a4721b,2026-08-17T00:30:00Z,2026-08-17T02:30:00+0200,188.85,EUR/MWh,ES,ES,imbalance_price,Short,2026-08-28T02:01:39Z
2026-08-28T01:53:23Z,2026-08-28T03:53:23+0200,565fb0ed-db72-48c6-a54e-0fdff3a4721b,2026-08-17T00:45:00Z,2026-08-17T02:45:00+0200,69.21,EUR/MWh,ES,ES,imbalance_price,Long,2026-08-28T02:01:39Z
2026-08-28T01:53:23Z,2026-08-28T03:53:23+0200,565fb0ed-db72-48c6-a54e-0fdff3a4721b,2026-08-17T00:45:00Z,2026-08-17T02:45:00+0200,186.42,EUR/MWh,ES,ES,imbalance_price,Short,2026-08-28T02:01:39Z
2026-08-28T01:53:23Z,2026-08-28T03:53:23+0200,565fb0ed-db72-48c6-a54e-0fdff3a4721b,2026-08-17T01:00:00Z,2026-08-17T03:00:00+0200,69.31,EUR/MWh,ES,ES,imbalance_price,Long,2026-08-28T02:01:39Z
2026-08-28T01:53:23Z,2026-08-28T03:53:23+0200,565fb0ed-db72-48c6-a54e-0fdff3a4721b,2026-08-17T01:00:00Z,2026-08-17T03:00:00+0200,206.88,EUR/MWh,ES,ES,imbalance_price,Short,2026-08-28T02:01:39Z
2026-08-28T01:53:23Z,2026-08-28T03:53:23+0200,565fb0ed-db72-48c6-a54e-0fdff3a4721b,2026-08-17T01:15:00Z,2026-08-17T03:15:00+0200,77.9,EUR/MWh,ES,ES,imbalance_price,Long,2026-08-28T02:01:39Z
2026-08-28T01:53:23Z,2026-08-28T03:53:23+0200,565fb0ed-db72-48c6-a54e-0fdff3a4721b,2026-08-17T01:15:00Z,2026-08-17T03:15:00+0200,205.1,EUR/MWh,ES,ES,imbalance_price,Short,2026-08-28T02:01:39Z
2026-08-28T01:53:23Z,2026-08-28T03:53:23+0200,565fb0ed-db72-48c6-a54e-0fdff3a4721b,2026-08-17T01:30:00Z,2026-08-17T03:30:00+0200,98.41,EUR/MWh,ES,ES,imbalance_price,Long,2026-08-28T02:01:39Z
2026-08-28T01:53:23Z,2026-08-28T03:53:23+0200,565fb0ed-db72-48c6-a54e-0fdff3a4721b,2026-08-17T01:30:00Z,2026-08-17T03:30:00+0200,181.67,EUR/MWh,ES,ES,imbalance_price,Short,2026-08-28T02:01:39Z
2026-08-28T01:53:23Z,2026-08-28T03:53:23+0200,565fb0ed-db72-48c6-a54e-0fdff3a4721b,2026-08-17T01:45:00Z,2026-08-17T03:45:00+0200,132.95,EUR/MWh,ES,ES,imbalance_price,Long,2026-08-28T02:01:39Z
2026-08-28T01:53:23Z,2026-08-28T03:53:23+0200,565fb0ed-db72-48c6-a54e-0fdff3a4721b,2026-08-17T01:45:00Z,2026-08-17T03:45:00+0200,160.27,EUR/MWh,ES,ES,imbalance_price,Short,2026-08-28T02:01:39Z
2026-08-28T01:53:23Z,2026-08-28T03:53:23+0200,565fb0ed-db72-48c6-a54e-0fdff3a4721b,2026-08-17T02:00:00Z,2026-08-17T04:00:00+0200,148.22,EUR/MWh,ES,ES,imbalance_price,Long,2026-08-28T02:01:39Z
2026-08-28T01:53:23Z,2026-08-28T03:53:23+0200,565fb0ed-db72-48c6-a54e-0fdff3a4721b,2026-08-17T02:00:00Z,2026-08-17T04:00:00+0200,187.95,EUR/MWh,ES,ES,imbalance_price,Short,2026-08-28T02:01:39Z
2026-08-28T01:53:23Z,2026-08-28T03:53:23+0200,565fb0ed-db72-48c6-a54e-0fdff3a4721b,2026-08-17T02:15:00Z,2026-08-17T04:15:00+0200,149.98,EUR/MWh,ES,ES,imbalance_price,Long,2026-08-28T02:01:39Z
2026-08-28T01:53:23Z,2026-08-28T03:53:23+0200,565fb0ed-db72-48c6-a54e-0fdff3a4721b,2026-08-17T02:15:00Z,2026-08-17T04:15:00+0200,182.93,EUR/MWh,ES,ES,imbalance_price,Short,2026-08-28T02:01:39Z
2026-08-28T01:53:23Z,2026-08-28T03:53:23+0200,565fb0ed-db72-48c6-a54e-0fdff3a4721b,2026-08-17T02:30:00Z,2026-08-17T04:30:00+0200,157.7,EUR/MWh,ES,ES,imbalance_price,Long,2026-08-28T02:01:39Z
2026-08-28T01:53:23Z,2026-08-28T03:53:23+0200,565fb0ed-db72-48c6-a54e-0fdff3a4721b,2026-08-17T02:30:00Z,2026-08-17T04:30:00+0200,157.7,EUR/MWh,ES,ES,imbalance_price,Short,2026-08-28T02:01:39Z
2026-08-28T01:53:23Z,2026-08-28T03:53:23+0200,565fb0ed-db72-48c6-a54e-0fdff3a4721b,2026-08-17T02:45:00Z,2026-08-17T04:45:00+0200,126.91,EUR/MWh,ES,ES,imbalance_price,Long,2026-08-28T02:01:39Z
2026-08-28T01:53:23Z,2026-08-28T03:53:23+0200,565fb0ed-db72-48c6-a54e-0fdff3a4721b,2026-08-17T02:45:00Z,2026-08-17T04:45:00+0200,184.1,EUR/MWh,ES,ES,imbalance_price,Short,2026-08-28T02:01:39Z
2026-08-28T01:53:23Z,2026-08-28T03:53:23+0200,565fb0ed-db72-48c6-a54e-0fdff3a4721b,2026-08-17T03:00:00Z,2026-08-17T05:00:00+0200,142.68,EUR/MWh,ES,ES,imbalance_price,Long,2026-08-28T02:01:39Z
2026-08-28T01:53:23Z,2026-08-28T03:53:23+0200,565fb0ed-db72-48c6-a54e-0fdff3a4721b,2026-08-17T03:00:00Z,2026-08-17T05:00:00+0200,199.21,EUR/MWh,ES,ES,imbalance_price,Short,2026-08-28T02:01:39Z
2026-08-28T01:53:23Z,2026-08-28T03:53:23+0200,565fb0ed-db72-48c6-a54e-0fdff3a4721b,2026-08-17T03:15:00Z,2026-08-17T05:15:00+0200,0.0,EUR/MWh,ES,ES,imbalance_price,Long,2026-08-28T02:01:39Z
2026-08-28T01:53:23Z,2026-08-28T03:53:23+0200,565fb0ed-db72-48c6-a54e-0fdff3a4721b,2026-08-17T03:15:00Z,2026-08-17T05:15:00+0200,186.45,EUR/MWh,ES,ES,imbalance_price,Short,2026-08-28T02:01:39Z
2026-08-28T01:53:23Z,2026-08-28T03:53:23+0200,565fb0ed-db72-48c6-a54e-0fdff3a4721b,2026-08-17T03:30:00Z,2026-08-17T05:30:00+0200,0.0,EUR/MWh,ES,ES,imbalance_price,Long,2026-08-28T02:01:39Z
2026-08-28T01:53:23Z,2026-08-28T03:53:23+0200,565fb0ed-db72-48c6-a54e-0fdff3a4721b,2026-08-17T03:30:00Z,2026-08-17T05:30:00+0200,187.78,EUR/MWh,ES,ES,imbalance_price,Short,2026-08-28T02:01:39Z
2026-08-28T01:53:23Z,2026-08-28T03:53:23+0200,565fb0ed-db72-48c6-a54e-0fdff3a4721b,2026-08-17T03:45:00Z,2026-08-17T05:45:00+0200,154.83,EUR/MWh,ES,ES,imbalance_price,Long,2026-08-28T02:01:39Z
2026-08-28T01:53:23Z,2026-08-28T03:53:23+0200,565fb0ed-db72-48c6-a54e-0fdff3a4721b,2026-08-17T03:45:00Z,2026-08-17T05:45:00+0200,190.65,EUR/MWh,ES,ES,imbalance_price,Short,2026-08-28T02:01:39Z
2026-08-28T01:53:23Z,2026-08-28T03:53:23+0200,565fb0ed-db72-48c6-a54e-0fdff3a4721b,2026-08-17T04:00:00Z,2026-08-17T06:00:00+0200,0.0,EUR/MWh,ES,ES,imbalance_price,Long,2026-08-28T02:01:39Z
2026-08-28T01:53:23Z,2026-08-28T03:53:23+0200,565fb0ed-db72-48c6-a54e-0fdff3a4721b,2026-08-17T04:00:00Z,2026-08-17T06:00:00+0200,200.91,EUR/MWh,ES,ES,imbalance_price,Short,2026-08-28T02:01:39Z
2026-08-28T01:53:23Z,2026-08-28T03:53:23+0200,565fb0ed-db72-48c6-a54e-0fdff3a4721b,2026-08-17T04:15:00Z,2026-08-17T06:15:00+0200,0.0,EUR/MWh,ES,ES,imbalance_price,Long,2026-08-28T02:01:39Z
2026-08-28T01:53:23Z,2026-08-28T03:53:23+0200,565fb0ed-db72-48c6-a54e-0fdff3a4721b,2026-08-17T04:15:00Z,2026-08-17T06:15:00+0200,199.1,EUR/MWh,ES,ES,imbalance_price,Short,2026-08-28T02:01:39Z
2026-08-28T01:53:23Z,2026-08-28T03:53:23+0200,565fb0ed-db72-48c6-a54e-0fdff3a4721b,2026-08-17T04:30:00Z,2026-08-17T06:30:00+0200,156.92,EUR/MWh,ES,ES,imbalance_price,Long,2026-08-28T02:01:39Z
2026-08-28T01:53:23Z,2026-08-28T03:53:23+0200,565fb0ed-db72-48c6-a54e-0fdff3a4721b,2026-08-17T04:30:00Z,2026-08-17T06:30:00+0200,197.53,EUR/MWh,ES,ES,imbalance_price,Short,2026-08-28T02:01:39Z
2026-08-28T01:53:23Z,2026-08-28T03:53:23+0200,565fb0ed-db72-48c6-a54e-0fdff3a4721b,2026-08-17T04:45:00Z,2026-08-17T06:45:00+0200,155.99,EUR/MWh,ES,ES,imbalance_price,Long,2026-08-28T02:01:39Z
2026-08-28T01:53:23Z,2026-08-28T03:53:23+0200,565fb0ed-db72-48c6-a54e-0fdff3a4721b,2026-08-17T04:45:00Z,2026-08-17T06:45:00+0200,200.35,EUR/MWh,ES,ES,imbalance_price,Short,2026-08-28T02:01:39Z
2026-08-28T01:53:23Z,2026-08-28T03:53:23+0200,565fb0ed-db72-48c6-a54e-0fdff3a4721b,2026-08-17T05:00:00Z,2026-08-17T07:00:00+0200,80.71,EUR/MWh,ES,ES,imbalance_price,Long,2026-08-28T02:01:39Z
2026-08-28T01:53:23Z,2026-08-28T03:53:23+0200,565fb0ed-db72-48c6-a54e-0fdff3a4721b,2026-08-17T05:00:00Z,2026-08-17T07:00:00+0200,192.43,EUR/MWh,ES,ES,imbalance_price,Short,2026-08-28T02:01:39Z
2026-08-28T01:53:23Z,2026-08-28T03:53:23+0200,565fb0ed-db72-48c6-a54e-0fdff3a4721b,2026-08-17T05:15:00Z,2026-08-17T07:15:00+0200,0.0,EUR/MWh,ES,ES,imbalance_price,Long,2026-08-28T02:01:39Z
2026-08-28T01:53:23Z,2026-08-28T03:53:23+0200,565fb0ed-db72-48c6-a54e-0fdff3a4721b,2026-08-17T05:15:00Z,2026-08-17T07:15:00+0200,189.88,EUR/MWh,ES,ES,imbalance_price,Short,2026-08-28T02:01:39Z
2026-08-28T01:53:23Z,2026-08-28T03:53:23+0200,565fb0ed-db72-48c6-a54e-0fdff3a4721b,2026-08-17T05:30:00Z,2026-08-17T07:30:00+0200,27.27,EUR/MWh,ES,ES,imbalance_price,Long,2026-08-28T02:01:39Z
2026-08-28T01:53:23Z,2026-08-28T03:53:23+0200,565fb0ed-db72-48c6-a54e-0fdff3a4721b,2026-08-17T05:30:00Z,2026-08-17T07:30:00+0200,197.43,EUR/MWh,ES,ES,imbalance_price,Short,2026-08-28T02:01:39Z
2026-08-28T01:53:23Z,2026-08-28T03:53:23+0200,565fb0ed-db72-48c6-a54e-0fdff3a4721b,2026-08-17T05:45:00Z,2026-08-17T07:45:00+0200,119.07,EUR/MWh,ES,ES,imbalance_price,Long,2026-08-28T02:01:39Z
2026-08-28T01:53:23Z,2026-08-28T03:53:23+0200,565fb0ed-db72-48c6-a54e-0fdff3a4721b,2026-08-17T05:45:00Z,2026-08-17T07:45:00+0200,190.82,EUR/MWh,ES,ES,imbalance_price,Short,2026-08-28T02:01:39Z
2026-08-28T01:53:23Z,2026-08-28T03:53:23+0200,565fb0ed-db72-48c6-a54e-0fdff3a4721b,2026-08-17T06:00:00Z,2026-08-17T08:00:00+0200,138.07,EUR/MWh,ES,ES,imbalance_price,Long,2026-08-28T02:01:39Z
2026-08-28T01:53:23Z,2026-08-28T03:53:23+0200,565fb0ed-db72-48c6-a54e-0fdff3a4721b,2026-08-17T06:00:00Z,2026-08-17T08:00:00+0200,176.19,EUR/MWh,ES,ES,imbalance_price,Short,2026-08-28T02:01:39Z
2026-08-28T01:53:23Z,2026-08-28T03:53:23+0200,565fb0ed-db72-48c6-a54e-0fdff3a4721b,2026-08-17T06:15:00Z,2026-08-17T08:15:00+0200,126.17,EUR/MWh,ES,ES,imbalance_price,Long,2026-08-28T02:01:39Z
2026-08-28T01:53:23Z,2026-08-28T03:53:23+0200,565fb0ed-db72-48c6-a54e-0fdff3a4721b,2026-08-17T06:15:00Z,2026-08-17T08:15:00+0200,203.29,EUR/MWh,ES,ES,imbalance_price,Short,2026-08-28T02:01:39Z
2026-08-28T01:53:23Z,2026-08-28T03:53:23+0200,565fb0ed-db72-48c6-a54e-0fdff3a4721b,2026-08-17T06:30:00Z,2026-08-17T08:30:00+0200,68.1,EUR/MWh,ES,ES,imbalance_price,Long,2026-08-28T02:01:39Z
2026-08-28T01:53:23Z,2026-08-28T03:53:23+0200,565fb0ed-db72-48c6-a54e-0fdff3a4721b,2026-08-17T06:30:00Z,2026-08-17T08:30:00+0200,156.42,EUR/MWh,ES,ES,imbalance_price,Short,2026-08-28T02:01:39Z
2026-08-28T01:53:23Z,2026-08-28T03:53:23+0200,565fb0ed-db72-48c6-a54e-0fdff3a4721b,2026-08-17T06:45:00Z,2026-08-17T08:45:00+0200,30.29,EUR/MWh,ES,ES,imbalance_price,Long,2026-08-28T02:01:39Z
2026-08-28T01:53:23Z,2026-08-28T03:53:23+0200,565fb0ed-db72-48c6-a54e-0fdff3a4721b,2026-08-17T06:45:00Z,2026-08-17T08:45:00+0200,30.29,EUR/MWh,ES,ES,imbalance_price,Short,2026-08-28T02:01:39Z
2026-08-28T01:53:23Z,2026-08-28T03:53:23+0200,565fb0ed-db72-48c6-a54e-0fdff3a4721b,2026-08-17T07:00:00Z,2026-08-17T09:00:00+0200,45.89,EUR/MWh,ES,ES,imbalance_price,Long,2026-08-28T02:01:39Z
2026-08-28T01:53:23Z,2026-08-28T03:53:23+0200,565fb0ed-db72-48c6-a54e-0fdff3a4721b,2026-08-17T07:00:00Z,2026-08-17T09:00:00+0200,45.89,EUR/MWh,ES,ES,imbalance_price,Short,2026-08-28T02:01:39Z
2026-08-28T01:53:23Z,2026-08-28T03:53:23+0200,565fb0ed-db72-48c6-a54e-0fdff3a4721b,2026-08-17T07:15:00Z,2026-08-17T09:15:00+0200,99.53,EUR/MWh,ES,ES,imbalance_price,Long,2026-08-28T02:01:39Z
2026-08-28T01:53:23Z,2026-08-28T03:53:23+0200,565fb0ed-db72-48c6-a54e-0fdff3a4721b,2026-08-17T07:15:00Z,2026-08-17T09:15:00+0200,99.53,EUR/MWh,ES,ES,imbalance_price,Short,2026-08-28T02:01:39Z
2026-08-28T01:53:23Z,2026-08-28T03:53:23+0200,565fb0ed-db72-48c6-a54e-0fdff3a4721b,2026-08-17T07:30:00Z,2026-08-17T09:30:00+0200,76.63,EUR/MWh,ES,ES,imbalance_price,Long,2026-08-28T02:01:39Z
2026-08-28T01:53:23Z,2026-08-28T03:53:23+0200,565fb0ed-db72-48c6-a54e-0fdff3a4721b,2026-08-17T07:30:00Z,2026-08-17T09:30:00+0200,76.63,EUR/MWh,ES,ES,imbalance_price,Short,2026-08-28T02:01:39Z
2026-08-28T01:53:23Z,2026-08-28T03:53:23+0200,565fb0ed-db72-48c6-a54e-0fdff3a4721b,2026-08-17T07:45:00Z,2026-08-17T09:45:00+0200,65.69,EUR/MWh,ES,ES,imbalance_price,Long,2026-08-28T02:01:39Z
2026-08-28T01:53:23Z,2026-08-28T03:53:23+0200,565fb0ed-db72-48c6-a54e-0fdff3a4721b,2026-08-17T07:45:00Z,2026-08-17T09:45:00+0200,139.15,EUR/MWh,ES,ES,imbalance_price,Short,2026-08-28T02:01:39Z
2026-08-28T01:53:23Z,2026-08-28T03:53:23+0200,565fb0ed-db72-48c6-a54e-0fdff3a4721b,2026-08-17T08:00:00Z,2026-08-17T10:00:00+0200,59.7,EUR/MWh,ES,ES,imbalance_price,Long,2026-08-28T02:01:39Z
2026-08-28T01:53:23Z,2026-08-28T03:53:23+0200,565fb0ed-db72-48c6-a54e-0fdff3a4721b,2026-08-17T08:00:00Z,2026-08-17T10:00:00+0200,154.99,EUR/MWh,ES,ES,imbalance_price,Short,2026-08-28T02:01:39Z
2026-08-28T01:53:23Z,2026-08-28T03:53:23+0200,565fb0ed-db72-48c6-a54e-0fdff3a4721b,2026-08-17T08:15:00Z,2026-08-17T10:15:00+0200,48.26,EUR/MWh,ES,ES,imbalance_price,Long,2026-08-28T02:01:39Z
2026-08-28T01:53:23Z,2026-08-28T03:53:23+0200,565fb0ed-db72-48c6-a54e-0fdff3a4721b,2026-08-17T08:15:00Z,2026-08-17T10:15:00+0200,130.93,EUR/MWh,ES,ES,imbalance_price,Short,2026-08-28T02:01:39Z
2026-08-28T01:53:23Z,2026-08-28T03:53:23+0200,565fb0ed-db72-48c6-a54e-0fdff3a4721b,2026-08-17T08:30:00Z,2026-08-17T10:30:00+0200,0.61,EUR/MWh,ES,ES,imbalance_price,Long,2026-08-28T02:01:39Z
2026-08-28T01:53:23Z,2026-08-28T03:53:23+0200,565fb0ed-db72-48c6-a54e-0fdff3a4721b,2026-08-17T08:30:00Z,2026-08-17T10:30:00+0200,94.86,EUR/MWh,ES,ES,imbalance_price,Short,2026-08-28T02:01:39Z
2026-08-28T01:53:23Z,2026-08-28T03:53:23+0200,565fb0ed-db72-48c6-a54e-0fdff3a4721b,2026-08-17T08:45:00Z,2026-08-17T10:45:00+0200,0.08,EUR/MWh,ES,ES,imbalance_price,Long,2026-08-28T02:01:39Z
2026-08-28T01:53:23Z,2026-08-28T03:53:23+0200,565fb0ed-db72-48c6-a54e-0fdff3a4721b,2026-08-17T08:45:00Z,2026-08-17T10:45:00+0200,105.19,EUR/MWh,ES,ES,imbalance_price,Short,2026-08-28T02:01:39Z
2026-08-28T01:53:23Z,2026-08-28T03:53:23+0200,565fb0ed-db72-48c6-a54e-0fdff3a4721b,2026-08-17T09:00:00Z,2026-08-17T11:00:00+0200,-0.4,EUR/MWh,ES,ES,imbalance_price,Long,2026-08-28T02:01:39Z
2026-08-28T01:53:23Z,2026-08-28T03:53:23+0200,565fb0ed-db72-48c6-a54e-0fdff3a4721b,2026-08-17T09:00:00Z,2026-08-17T11:00:00+0200,-0.4,EUR/MWh,ES,ES,imbalance_price,Short,2026-08-28T02:01:39Z
2026-08-28T01:53:23Z,2026-08-28T03:53:23+0200,565fb0ed-db72-48c6-a54e-0fdff3a4721b,2026-08-17T09:15:00Z,2026-08-17T11:15:00+0200,-0.61,EUR/MWh,ES,ES,imbalance_price,Long,2026-08-28T02:01:39Z
2026-08-28T01:53:23Z,2026-08-28T03:53:23+0200,565fb0ed-db72-48c6-a54e-0fdff3a4721b,2026-08-17T09:15:00Z,2026-08-17T11:15:00+0200,-0.61,EUR/MWh,ES,ES,imbalance_price,Short,2026-08-28T02:01:39Z
2026-08-28T01:53:23Z,2026-08-28T03:53:23+0200,565fb0ed-db72-48c6-a54e-0fdff3a4721b,2026-08-17T09:30:00Z,2026-08-17T11:30:00+0200,-0.72,EUR/MWh,ES,ES,imbalance_price,Long,2026-08-28T02:01:39Z
2026-08-28T01:53:23Z,2026-08-28T03:53:23+0200,565fb0ed-db72-48c6-a54e-0fdff3a4721b,2026-08-17T09:30:00Z,2026-08-17T11:30:00+0200,-0.72,EUR/MWh,ES,ES,imbalance_price,Short,2026-08-28T02:01:39Z
2026-08-28T01:53:23Z,2026-08-28T03:53:23+0200,565fb0ed-db72-48c6-a54e-0fdff3a4721b,2026-08-17T09:45:00Z,2026-08-17T11:45:00+0200,-1.52,EUR/MWh,ES,ES,imbalance_price,Long,2026-08-28T02:01:39Z
2026-08-28T01:53:23Z,2026-08-28T03:53:23+0200,565fb0ed-db72-48c6-a54e-0fdff3a4721b,2026-08-17T09:45:00Z,2026-08-17T11:45:00+0200,-1.52,EUR/MWh,ES,ES,imbalance_price,Short,2026-08-28T02:01:39Z
2026-08-28T01:53:23Z,2026-08-28T03:53:23+0200,565fb0ed-db72-48c6-a54e-0fdff3a4721b,2026-08-17T10:00:00Z,2026-08-17T12:00:00+0200,-0.66,EUR/MWh,ES,ES,imbalance_price,Long,2026-08-28T02:01:39Z
2026-08-28T01:53:23Z,2026-08-28T03:53:23+0200,565fb0ed-db72-48c6-a54e-0fdff3a4721b,2026-08-17T10:00:00Z,2026-08-17T12:00:00+0200,16.13,EUR/MWh,ES,ES,imbalance_price,Short,2026-08-28T02:01:39Z
2026-08-28T01:53:23Z,2026-08-28T03:53:23+0200,565fb0ed-db72-48c6-a54e-0fdff3a4721b,2026-08-17T10:15:00Z,2026-08-17T12:15:00+0200,0.28,EUR/MWh,ES,ES,imbalance_price,Long,2026-08-28T02:01:39Z
2026-08-28T01:53:23Z,2026-08-28T03:53:23+0200,565fb0ed-db72-48c6-a54e-0fdff3a4721b,2026-08-17T10:15:00Z,2026-08-17T12:15:00+0200,53.63,EUR/MWh,ES,ES,imbalance_price,Short,2026-08-28T02:01:39Z
2026-08-28T01:53:23Z,2026-08-28T03:53:23+0200,565fb0ed-db72-48c6-a54e-0fdff3a4721b,2026-08-17T10:30:00Z,2026-08-17T12:30:00+0200,0.64,EUR/MWh,ES,ES,imbalance_price,Long,2026-08-28T02:01:39Z
2026-08-28T01:53:23Z,2026-08-28T03:53:23+0200,565fb0ed-db72-48c6-a54e-0fdff3a4721b,2026-08-17T10:30:00Z,2026-08-17T12:30:00+0200,134.84,EUR/MWh,ES,ES,imbalance_price,Short,2026-08-28T02:01:39Z
2026-08-28T01:53:23Z,2026-08-28T03:53:23+0200,565fb0ed-db72-48c6-a54e-0fdff3a4721b,2026-08-17T10:45:00Z,2026-08-17T12:45:00+0200,0.34,EUR/MWh,ES,ES,imbalance_price,Long,2026-08-28T02:01:39Z
2026-08-28T01:53:23Z,2026-08-28T03:53:23+0200,565fb0ed-db72-48c6-a54e-0fdff3a4721b,2026-08-17T10:45:00Z,2026-08-17T12:45:00+0200,70.73,EUR/MWh,ES,ES,imbalance_price,Short,2026-08-28T02:01:39Z
2026-08-28T01:53:23Z,2026-08-28T03:53:23+0200,565fb0ed-db72-48c6-a54e-0fdff3a4721b,2026-08-17T11:00:00Z,2026-08-17T13:00:00+0200,1.06,EUR/MWh,ES,ES,imbalance_price,Long,2026-08-28T02:01:39Z
2026-08-28T01:53:23Z,2026-08-28T03:53:23+0200,565fb0ed-db72-48c6-a54e-0fdff3a4721b,2026-08-17T11:00:00Z,2026-08-17T13:00:00+0200,90.6,EUR/MWh,ES,ES,imbalance_price,Short,2026-08-28T02:01:39Z
2026-08-28T01:53:23Z,2026-08-28T03:53:23+0200,565fb0ed-db72-48c6-a54e-0fdff3a4721b,2026-08-17T11:15:00Z,2026-08-17T13:15:00+0200,0.6,EUR/MWh,ES,ES,imbalance_price,Long,2026-08-28T02:01:39Z
2026-08-28T01:53:23Z,2026-08-28T03:53:23+0200,565fb0ed-db72-48c6-a54e-0fdff3a4721b,2026-08-17T11:15:00Z,2026-08-17T13:15:00+0200,97.85,EUR/MWh,ES,ES,imbalance_price,Short,2026-08-28T02:01:39Z
2026-08-28T01:53:23Z,2026-08-28T03:53:23+0200,565fb0ed-db72-48c6-a54e-0fdff3a4721b,2026-08-17T11:30:00Z,2026-08-17T13:30:00+0200,-0.01,EUR/MWh,ES,ES,imbalance_price,Long,2026-08-28T02:01:39Z
2026-08-28T01:53:23Z,2026-08-28T03:53:23+0200,565fb0ed-db72-48c6-a54e-0fdff3a4721b,2026-08-17T11:30:00Z,2026-08-17T13:30:00+0200,138.86,EUR/MWh,ES,ES,imbalance_price,Short,2026-08-28T02:01:39Z
2026-08-28T01:53:23Z,2026-08-28T03:53:23+0200,565fb0ed-db72-48c6-a54e-0fdff3a4721b,2026-08-17T11:45:00Z,2026-08-17T13:45:00+0200,0.86,EUR/MWh,ES,ES,imbalance_price,Long,2026-08-28T02:01:39Z
2026-08-28T01:53:23Z,2026-08-28T03:53:23+0200,565fb0ed-db72-48c6-a54e-0fdff3a4721b,2026-08-17T11:45:00Z,2026-08-17T13:45:00+0200,95.25,EUR/MWh,ES,ES,imbalance_price,Short,2026-08-28T02:01:39Z
2026-08-28T01:53:23Z,2026-08-28T03:53:23+0200,565fb0ed-db72-48c6-a54e-0fdff3a4721b,2026-08-17T12:00:00Z,2026-08-17T14:00:00+0200,-2.39,EUR/MWh,ES,ES,imbalance_price,Long,2026-08-28T02:01:39Z
2026-08-28T01:53:23Z,2026-08-28T03:53:23+0200,565fb0ed-db72-48c6-a54e-0fdff3a4721b,2026-08-17T12:00:00Z,2026-08-17T14:00:00+0200,-2.39,EUR/MWh,ES,ES,imbalance_price,Short,2026-08-28T02:01:39Z
2026-08-28T01:53:23Z,2026-08-28T03:53:23+0200,565fb0ed-db72-48c6-a54e-0fdff3a4721b,2026-08-17T12:15:00Z,2026-08-17T14:15:00+0200,-0.75,EUR/MWh,ES,ES,imbalance_price,Long,2026-08-28T02:01:39Z
2026-08-28T01:53:23Z,2026-08-28T03:53:23+0200,565fb0ed-db72-48c6-a54e-0fdff3a4721b,2026-08-17T12:15:00Z,2026-08-17T14:15:00+0200,-0.75,EUR/MWh,ES,ES,imbalance_price,Short,2026-08-28T02:01:39Z
2026-08-28T01:53:23Z,2026-08-28T03:53:23+0200,565fb0ed-db72-48c6-a54e-0fdff3a4721b,2026-08-17T12:30:00Z,2026-08-17T14:30:00+0200,-0.01,EUR/MWh,ES,ES,imbalance_price,Long,2026-08-28T02:01:39Z
2026-08-28T01:53:23Z,2026-08-28T03:53:23+0200,565fb0ed-db72-48c6-a54e-0fdff3a4721b,2026-08-17T12:30:00Z,2026-08-17T14:30:00+0200,140.41,EUR/MWh,ES,ES,imbalance_price,Short,2026-08-28T02:01:39Z
2026-08-28T01:53:23Z,2026-08-28T03:53:23+0200,565fb0ed-db72-48c6-a54e-0fdff3a4721b,2026-08-17T12:45:00Z,2026-08-17T14:45:00+0200,0.31,EUR/MWh,ES,ES,imbalance_price,Long,2026-08-28T02:01:39Z
2026-08-28T01:53:23Z,2026-08-28T03:53:23+0200,565fb0ed-db72-48c6-a54e-0fdff3a4721b,2026-08-17T12:45:00Z,2026-08-17T14:45:00+0200,139.67,EUR/MWh,ES,ES,imbalance_price,Short,2026-08-28T02:01:39Z
2026-08-28T01:53:23Z,2026-08-28T03:53:23+0200,565fb0ed-db72-48c6-a54e-0fdff3a4721b,2026-08-17T13:00:00Z,2026-08-17T15:00:00+0200,-0.98,EUR/MWh,ES,ES,imbalance_price,Long,2026-08-28T02:01:39Z
2026-08-28T01:53:23Z,2026-08-28T03:53:23+0200,565fb0ed-db72-48c6-a54e-0fdff3a4721b,2026-08-17T13:00:00Z,2026-08-17T15:00:00+0200,-0.98,EUR/MWh,ES,ES,imbalance_price,Short,2026-08-28T02:01:39Z
2026-08-28T01:53:23Z,2026-08-28T03:53:23+0200,565fb0ed-db72-48c6-a54e-0fdff3a4721b,2026-08-17T13:15:00Z,2026-08-17T15:15:00+0200,-1.16,EUR/MWh,ES,ES,imbalance_price,Long,2026-08-28T02:01:39Z
2026-08-28T01:53:23Z,2026-08-28T03:53:23+0200,565fb0ed-db72-48c6-a54e-0fdff3a4721b,2026-08-17T13:15:00Z,2026-08-17T15:15:00+0200,-1.16,EUR/MWh,ES,ES,imbalance_price,Short,2026-08-28T02:01:39Z
2026-08-28T01:53:23Z,2026-08-28T03:53:23+0200,565fb0ed-db72-48c6-a54e-0fdff3a4721b,2026-08-17T13:30:00Z,2026-08-17T15:30:00+0200,-1.34,EUR/MWh,ES,ES,imbalance_price,Long,2026-08-28T02:01:39Z
2026-08-28T01:53:23Z,2026-08-28T03:53:23+0200,565fb0ed-db72-48c6-a54e-0fdff3a4721b,2026-08-17T13:30:00Z,2026-08-17T15:30:00+0200,-1.34,EUR/MWh,ES,ES,imbalance_price,Short,2026-08-28T02:01:39Z
2026-08-28T01:53:23Z,2026-08-28T03:53:23+0200,565fb0ed-db72-48c6-a54e-0fdff3a4721b,2026-08-17T13:45:00Z,2026-08-17T15:45:00+0200,-0.84,EUR/MWh,ES,ES,imbalance_price,Long,2026-08-28T02:01:39Z
2026-08-28T01:53:23Z,2026-08-28T03:53:23+0200,565fb0ed-db72-48c6-a54e-0fdff3a4721b,2026-08-17T13:45:00Z,2026-08-17T15:45:00+0200,-0.84,EUR/MWh,ES,ES,imbalance_price,Short,2026-08-28T02:01:39Z
2026-08-28T01:53:23Z,2026-08-28T03:53:23+0200,565fb0ed-db72-48c6-a54e-0fdff3a4721b,2026-08-17T14:00:00Z,2026-08-17T16:00:00+0200,-1.02,EUR/MWh,ES,ES,imbalance_price,Long,2026-08-28T02:01:39Z
2026-08-28T01:53:23Z,2026-08-28T03:53:23+0200,565fb0ed-db72-48c6-a54e-0fdff3a4721b,2026-08-17T14:00:00Z,2026-08-17T16:00:00+0200,-1.02,EUR/MWh,ES,ES,imbalance_price,Short,2026-08-28T02:01:39Z
2026-08-28T01:53:23Z,2026-08-28T03:53:23+0200,565fb0ed-db72-48c6-a54e-0fdff3a4721b,2026-08-17T14:15:00Z,2026-08-17T16:15:00+0200,-2.02,EUR/MWh,ES,ES,imbalance_price,Long,2026-08-28T02:01:39Z
2026-08-28T01:53:23Z,2026-08-28T03:53:23+0200,565fb0ed-db72-48c6-a54e-0fdff3a4721b,2026-08-17T14:15:00Z,2026-08-17T16:15:00+0200,-2.02,EUR/MWh,ES,ES,imbalance_price,Short,2026-08-28T02:01:39Z
2026-08-28T01:53:23Z,2026-08-28T03:53:23+0200,565fb0ed-db72-48c6-a54e-0fdff3a4721b,2026-08-17T14:30:00Z,2026-08-17T16:30:00+0200,-1.36,EUR/MWh,ES,ES,imbalance_price,Long,2026-08-28T02:01:39Z
2026-08-28T01:53:23Z,2026-08-28T03:53:23+0200,565fb0ed-db72-48c6-a54e-0fdff3a4721b,2026-08-17T14:30:00Z,2026-08-17T16:30:00+0200,-1.36,EUR/MWh,ES,ES,imbalance_price,Short,2026-08-28T02:01:39Z
2026-08-28T01:53:23Z,2026-08-28T03:53:23+0200,565fb0ed-db72-48c6-a54e-0fdff3a4721b,2026-08-17T14:45:00Z,2026-08-17T16:45:00+0200,-3.29,EUR/MWh,ES,ES,imbalance_price,Long,2026-08-28T02:01:39Z
2026-08-28T01:53:23Z,2026-08-28T03:53:23+0200,565fb0ed-db72-48c6-a54e-0fdff3a4721b,2026-08-17T14:45:00Z,2026-08-17T16:45:00+0200,121.75,EUR/MWh,ES,ES,imbalance_price,Short,2026-08-28T02:01:39Z
2026-08-28T01:53:23Z,2026-08-28T03:53:23+0200,565fb0ed-db72-48c6-a54e-0fdff3a4721b,2026-08-17T15:00:00Z,2026-08-17T17:00:00+0200,-1.45,EUR/MWh,ES,ES,imbalance_price,Long,2026-08-28T02:01:39Z
2026-08-28T01:53:23Z,2026-08-28T03:53:23+0200,565fb0ed-db72-48c6-a54e-0fdff3a4721b,2026-08-17T15:00:00Z,2026-08-17T17:00:00+0200,125.28,EUR/MWh,ES,ES,imbalance_price,Short,2026-08-28T02:01:39Z
2026-08-28T01:53:23Z,2026-08-28T03:53:23+0200,565fb0ed-db72-48c6-a54e-0fdff3a4721b,2026-08-17T15:15:00Z,2026-08-17T17:15:00+0200,-0.06,EUR/MWh,ES,ES,imbalance_price,Long,2026-08-28T02:01:39Z
2026-08-28T01:53:23Z,2026-08-28T03:53:23+0200,565fb0ed-db72-48c6-a54e-0fdff3a4721b,2026-08-17T15:15:00Z,2026-08-17T17:15:00+0200,-0.06,EUR/MWh,ES,ES,imbalance_price,Short,2026-08-28T02:01:39Z
2026-08-28T01:53:23Z,2026-08-28T03:53:23+0200,565fb0ed-db72-48c6-a54e-0fdff3a4721b,2026-08-17T15:30:00Z,2026-08-17T17:30:00+0200,-0.03,EUR/MWh,ES,ES,imbalance_price,Long,2026-08-28T02:01:39Z
2026-08-28T01:53:23Z,2026-08-28T03:53:23+0200,565fb0ed-db72-48c6-a54e-0fdff3a4721b,2026-08-17T15:30:00Z,2026-08-17T17:30:00+0200,135.65,EUR/MWh,ES,ES,imbalance_price,Short,2026-08-28T02:01:39Z
2026-08-28T01:53:23Z,2026-08-28T03:53:23+0200,565fb0ed-db72-48c6-a54e-0fdff3a4721b,2026-08-17T15:45:00Z,2026-08-17T17:45:00+0200,-0.39,EUR/MWh,ES,ES,imbalance_price,Long,2026-08-28T02:01:39Z
2026-08-28T01:53:23Z,2026-08-28T03:53:23+0200,565fb0ed-db72-48c6-a54e-0fdff3a4721b,2026-08-17T15:45:00Z,2026-08-17T17:45:00+0200,152.29,EUR/MWh,ES,ES,imbalance_price,Short,2026-08-28T02:01:39Z
2026-08-28T01:53:23Z,2026-08-28T03:53:23+0200,565fb0ed-db72-48c6-a54e-0fdff3a4721b,2026-08-17T16:00:00Z,2026-08-17T18:00:00+0200,2.3,EUR/MWh,ES,ES,imbalance_price,Long,2026-08-28T02:01:39Z
2026-08-28T01:53:23Z,2026-08-28T03:53:23+0200,565fb0ed-db72-48c6-a54e-0fdff3a4721b,2026-08-17T16:00:00Z,2026-08-17T18:00:00+0200,142.36,EUR/MWh,ES,ES,imbalance_price,Short,2026-08-28T02:01:39Z
2026-08-28T01:53:23Z,2026-08-28T03:53:23+0200,565fb0ed-db72-48c6-a54e-0fdff3a4721b,2026-08-17T16:15:00Z,2026-08-17T18:15:00+0200,-0.1,EUR/MWh,ES,ES,imbalance_price,Long,2026-08-28T02:01:39Z
2026-08-28T01:53:23Z,2026-08-28T03:53:23+0200,565fb0ed-db72-48c6-a54e-0fdff3a4721b,2026-08-17T16:15:00Z,2026-08-17T18:15:00+0200,153.85,EUR/MWh,ES,ES,imbalance_price,Short,2026-08-28T02:01:39Z
2026-08-28T01:53:23Z,2026-08-28T03:53:23+0200,565fb0ed-db72-48c6-a54e-0fdff3a4721b,2026-08-17T16:30:00Z,2026-08-17T18:30:00+0200,8.78,EUR/MWh,ES,ES,imbalance_price,Long,2026-08-28T02:01:39Z
2026-08-28T01:53:23Z,2026-08-28T03:53:23+0200,565fb0ed-db72-48c6-a54e-0fdff3a4721b,2026-08-17T16:30:00Z,2026-08-17T18:30:00+0200,8.78,EUR/MWh,ES,ES,imbalance_price,Short,2026-08-28T02:01:39Z
2026-08-28T01:53:23Z,2026-08-28T03:53:23+0200,565fb0ed-db72-48c6-a54e-0fdff3a4721b,2026-08-17T16:45:00Z,2026-08-17T18:45:00+0200,39.5,EUR/MWh,ES,ES,imbalance_price,Long,2026-08-28T02:01:39Z
2026-08-28T01:53:23Z,2026-08-28T03:53:23+0200,565fb0ed-db72-48c6-a54e-0fdff3a4721b,2026-08-17T16:45:00Z,2026-08-17T18:45:00+0200,169.28,EUR/MWh,ES,ES,imbalance_price,Short,2026-08-28T02:01:39Z
2026-08-28T01:53:23Z,2026-08-28T03:53:23+0200,565fb0ed-db72-48c6-a54e-0fdff3a4721b,2026-08-17T17:00:00Z,2026-08-17T19:00:00+0200,4.66,EUR/MWh,ES,ES,imbalance_price,Long,2026-08-28T02:01:39Z
2026-08-28T01:53:23Z,2026-08-28T03:53:23+0200,565fb0ed-db72-48c6-a54e-0fdff3a4721b,2026-08-17T17:00:00Z,2026-08-17T19:00:00+0200,172.5,EUR/MWh,ES,ES,imbalance_price,Short,2026-08-28T02:01:39Z
2026-08-28T01:53:23Z,2026-08-28T03:53:23+0200,565fb0ed-db72-48c6-a54e-0fdff3a4721b,2026-08-17T17:15:00Z,2026-08-17T19:15:00+0200,72.14,EUR/MWh,ES,ES,imbalance_price,Long,2026-08-28T02:01:39Z
2026-08-28T01:53:23Z,2026-08-28T03:53:23+0200,565fb0ed-db72-48c6-a54e-0fdff3a4721b,2026-08-17T17:15:00Z,2026-08-17T19:15:00+0200,225.96,EUR/MWh,ES,ES,imbalance_price,Short,2026-08-28T02:01:39Z
2026-08-28T01:53:23Z,2026-08-28T03:53:23+0200,565fb0ed-db72-48c6-a54e-0fdff3a4721b,2026-08-17T17:30:00Z,2026-08-17T19:30:00+0200,149.47,EUR/MWh,ES,ES,imbalance_price,Long,2026-08-28T02:01:39Z
2026-08-28T01:53:23Z,2026-08-28T03:53:23+0200,565fb0ed-db72-48c6-a54e-0fdff3a4721b,2026-08-17T17:30:00Z,2026-08-17T19:30:00+0200,281.07,EUR/MWh,ES,ES,imbalance_price,Short,2026-08-28T02:01:39Z
2026-08-28T01:53:23Z,2026-08-28T03:53:23+0200,565fb0ed-db72-48c6-a54e-0fdff3a4721b,2026-08-17T17:45:00Z,2026-08-17T19:45:00+0200,358.89,EUR/MWh,ES,ES,imbalance_price,Long,2026-08-28T02:01:39Z
2026-08-28T01:53:23Z,2026-08-28T03:53:23+0200,565fb0ed-db72-48c6-a54e-0fdff3a4721b,2026-08-17T17:45:00Z,2026-08-17T19:45:00+0200,358.89,EUR/MWh,ES,ES,imbalance_price,Short,2026-08-28T02:01:39Z
2026-08-28T01:53:23Z,2026-08-28T03:53:23+0200,565fb0ed-db72-48c6-a54e-0fdff3a4721b,2026-08-17T18:00:00Z,2026-08-17T20:00:00+0200,93.16,EUR/MWh,ES,ES,imbalance_price,Long,2026-08-28T02:01:39Z
2026-08-28T01:53:23Z,2026-08-28T03:53:23+0200,565fb0ed-db72-48c6-a54e-0fdff3a4721b,2026-08-17T18:00:00Z,2026-08-17T20:00:00+0200,202.41,EUR/MWh,ES,ES,imbalance_price,Short,2026-08-28T02:01:39Z
2026-08-28T01:53:23Z,2026-08-28T03:53:23+0200,565fb0ed-db72-48c6-a54e-0fdff3a4721b,2026-08-17T18:15:00Z,2026-08-17T20:15:00+0200,213.3,EUR/MWh,ES,ES,imbalance_price,Long,2026-08-28T02:01:39Z
2026-08-28T01:53:23Z,2026-08-28T03:53:23+0200,565fb0ed-db72-48c6-a54e-0fdff3a4721b,2026-08-17T18:15:00Z,2026-08-17T20:15:00+0200,213.3,EUR/MWh,ES,ES,imbalance_price,Short,2026-08-28T02:01:39Z
2026-08-28T01:53:23Z,2026-08-28T03:53:23+0200,565fb0ed-db72-48c6-a54e-0fdff3a4721b,2026-08-17T18:30:00Z,2026-08-17T20:30:00+0200,0.0,EUR/MWh,ES,ES,imbalance_price,Long,2026-08-28T02:01:39Z
2026-08-28T01:53:23Z,2026-08-28T03:53:23+0200,565fb0ed-db72-48c6-a54e-0fdff3a4721b,2026-08-17T18:30:00Z,2026-08-17T20:30:00+0200,215.4,EUR/MWh,ES,ES,imbalance_price,Short,2026-08-28T02:01:39Z
2026-08-28T01:53:23Z,2026-08-28T03:53:23+0200,565fb0ed-db72-48c6-a54e-0fdff3a4721b,2026-08-17T18:45:00Z,2026-08-17T20:45:00+0200,177.98,EUR/MWh,ES,ES,imbalance_price,Long,2026-08-28T02:01:39Z
2026-08-28T01:53:23Z,2026-08-28T03:53:23+0200,565fb0ed-db72-48c6-a54e-0fdff3a4721b,2026-08-17T18:45:00Z,2026-08-17T20:45:00+0200,228.89,EUR/MWh,ES,ES,imbalance_price,Short,2026-08-28T02:01:39Z
2026-08-28T01:53:23Z,2026-08-28T03:53:23+0200,565fb0ed-db72-48c6-a54e-0fdff3a4721b,2026-08-17T19:00:00Z,2026-08-17T21:00:00+0200,189.56,EUR/MWh,ES,ES,imbalance_price,Long,2026-08-28T02:01:39Z
2026-08-28T01:53:23Z,2026-08-28T03:53:23+0200,565fb0ed-db72-48c6-a54e-0fdff3a4721b,2026-08-17T19:00:00Z,2026-08-17T21:00:00+0200,234.28,EUR/MWh,ES,ES,imbalance_price,Short,2026-08-28T02:01:39Z
2026-08-28T01:53:23Z,2026-08-28T03:53:23+0200,565fb0ed-db72-48c6-a54e-0fdff3a4721b,2026-08-17T19:15:00Z,2026-08-17T21:15:00+0200,0.0,EUR/MWh,ES,ES,imbalance_price,Long,2026-08-28T02:01:39Z
2026-08-28T01:53:23Z,2026-08-28T03:53:23+0200,565fb0ed-db72-48c6-a54e-0fdff3a4721b,2026-08-17T19:15:00Z,2026-08-17T21:15:00+0200,236.9,EUR/MWh,ES,ES,imbalance_price,Short,2026-08-28T02:01:39Z
2026-08-28T01:53:23Z,2026-08-28T03:53:23+0200,565fb0ed-db72-48c6-a54e-0fdff3a4721b,2026-08-17T19:30:00Z,2026-08-17T21:30:00+0200,276.43,EUR/MWh,ES,ES,imbalance_price,Long,2026-08-28T02:01:39Z
2026-08-28T01:53:23Z,2026-08-28T03:53:23+0200,565fb0ed-db72-48c6-a54e-0fdff3a4721b,2026-08-17T19:30:00Z,2026-08-17T21:30:00+0200,276.43,EUR/MWh,ES,ES,imbalance_price,Short,2026-08-28T02:01:39Z
2026-08-28T01:53:23Z,2026-08-28T03:53:23+0200,565fb0ed-db72-48c6-a54e-0fdff3a4721b,2026-08-17T19:45:00Z,2026-08-17T21:45:00+0200,160.92,EUR/MWh,ES,ES,imbalance_price,Long,2026-08-28T02:01:39Z
2026-08-28T01:53:23Z,2026-08-28T03:53:23+0200,565fb0ed-db72-48c6-a54e-0fdff3a4721b,2026-08-17T19:45:00Z,2026-08-17T21:45:00+0200,219.12,EUR/MWh,ES,ES,imbalance_price,Short,2026-08-28T02:01:39Z
2026-08-28T01:53:23Z,2026-08-28T03:53:23+0200,565fb0ed-db72-48c6-a54e-0fdff3a4721b,2026-08-17T20:00:00Z,2026-08-17T22:00:00+0200,150.14,EUR/MWh,ES,ES,imbalance_price,Long,2026-08-28T02:01:39Z
2026-08-28T01:53:23Z,2026-08-28T03:53:23+0200,565fb0ed-db72-48c6-a54e-0fdff3a4721b,2026-08-17T20:00:00Z,2026-08-17T22:00:00+0200,217.25,EUR/MWh,ES,ES,imbalance_price,Short,2026-08-28T02:01:39Z
2026-08-28T01:53:23Z,2026-08-28T03:53:23+0200,565fb0ed-db72-48c6-a54e-0fdff3a4721b,2026-08-17T20:15:00Z,2026-08-17T22:15:00+0200,120.71,EUR/MWh,ES,ES,imbalance_price,Long,2026-08-28T02:01:39Z
2026-08-28T01:53:23Z,2026-08-28T03:53:23+0200,565fb0ed-db72-48c6-a54e-0fdff3a4721b,2026-08-17T20:15:00Z,2026-08-17T22:15:00+0200,196.24,EUR/MWh,ES,ES,imbalance_price,Short,2026-08-28T02:01:39Z
2026-08-28T01:53:23Z,2026-08-28T03:53:23+0200,565fb0ed-db72-48c6-a54e-0fdff3a4721b,2026-08-17T20:30:00Z,2026-08-17T22:30:00+0200,196.66,EUR/MWh,ES,ES,imbalance_price,Long,2026-08-28T02:01:39Z
2026-08-28T01:53:23Z,2026-08-28T03:53:23+0200,565fb0ed-db72-48c6-a54e-0fdff3a4721b,2026-08-17T20:30:00Z,2026-08-17T22:30:00+0200,196.66,EUR/MWh,ES,ES,imbalance_price,Short,2026-08-28T02:01:39Z
2026-08-28T01:53:23Z,2026-08-28T03:53:23+0200,565fb0ed-db72-48c6-a54e-0fdff3a4721b,2026-08-17T20:45:00Z,2026-08-17T22:45:00+0200,195.81,EUR/MWh,ES,ES,imbalance_price,Long,2026-08-28T02:01:39Z
2026-08-28T01:53:23Z,2026-08-28T03:53:23+0200,565fb0ed-db72-48c6-a54e-0fdff3a4721b,2026-08-17T20:45:00Z,2026-08-17T22:45:00+0200,195.81,EUR/MWh,ES,ES,imbalance_price,Short,2026-08-28T02:01:39Z
2026-08-28T01:53:23Z,2026-08-28T03:53:23+0200,565fb0ed-db72-48c6-a54e-0fdff3a4721b,2026-08-17T21:00:00Z,2026-08-17T23:00:00+0200,191.86,EUR/MWh,ES,ES,imbalance_price,Long,2026-08-28T02:01:39Z
2026-08-28T01:53:23Z,2026-08-28T03:53:23+0200,565fb0ed-db72-48c6-a54e-0fdff3a4721b,2026-08-17T21:00:00Z,2026-08-17T23:00:00+0200,191.86,EUR/MWh,ES,ES,imbalance_price,Short,2026-08-28T02:01:39Z
2026-08-28T01:53:23Z,2026-08-28T03:53:23+0200,565fb0ed-db72-48c6-a54e-0fdff3a4721b,2026-08-17T21:15:00Z,2026-08-17T23:15:00+0200,187.79,EUR/MWh,ES,ES,imbalance_price,Long,2026-08-28T02:01:39Z
2026-08-28T01:53:23Z,2026-08-28T03:53:23+0200,565fb0ed-db72-48c6-a54e-0fdff3a4721b,2026-08-17T21:15:00Z,2026-08-17T23:15:00+0200,187.79,EUR/MWh,ES,ES,imbalance_price,Short,2026-08-28T02:01:39Z
2026-08-28T01:53:23Z,2026-08-28T03:53:23+0200,565fb0ed-db72-48c6-a54e-0fdff3a4721b,2026-08-17T21:30:00Z,2026-08-17T23:30:00+0200,138.69,EUR/MWh,ES,ES,imbalance_price,Long,2026-08-28T02:01:39Z
2026-08-28T01:53:23Z,2026-08-28T03:53:23+0200,565fb0ed-db72-48c6-a54e-0fdff3a4721b,2026-08-17T21:30:00Z,2026-08-17T23:30:00+0200,171.47,EUR/MWh,ES,ES,imbalance_price,Short,2026-08-28T02:01:39Z
2026-08-28T01:53:23Z,2026-08-28T03:53:23+0200,565fb0ed-db72-48c6-a54e-0fdff3a4721b,2026-08-17T21:45:00Z,2026-08-17T23:45:00+0200,131.38,EUR/MWh,ES,ES,imbalance_price,Long,2026-08-28T02:01:39Z
2026-08-28T01:53:23Z,2026-08-28T03:53:23+0200,565fb0ed-db72-48c6-a54e-0fdff3a4721b,2026-08-17T21:45:00Z,2026-08-17T23:45:00+0200,159.21,EUR/MWh,ES,ES,imbalance_price,Short,2026-08-28T02:01:39Z
2026-08-28T01:53:23Z,2026-08-28T03:53:23+0200,565fb0ed-db72-48c6-a54e-0fdff3a4721b,2026-08-17T22:00:00Z,2026-08-18T00:00:00+0200,134.4,EUR/MWh,ES,ES,imbalance_price,Long,2026-08-28T02:01:39Z
2026-08-28T01:53:23Z,2026-08-28T03:53:23+0200,565fb0ed-db72-48c6-a54e-0fdff3a4721b,2026-08-17T22:00:00Z,2026-08-18T00:00:00+0200,193.54,EUR/MWh,ES,ES,imbalance_price,Short,2026-08-28T02:01:39Z
2026-08-28T01:53:23Z,2026-08-28T03:53:23+0200,565fb0ed-db72-48c6-a54e-0fdff3a4721b,2026-08-17T22:15:00Z,2026-08-18T00:15:00+0200,49.36,EUR/MWh,ES,ES,imbalance_price,Long,2026-08-28T02:01:39Z
2026-08-28T01:53:23Z,2026-08-28T03:53:23+0200,565fb0ed-db72-48c6-a54e-0fdff3a4721b,2026-08-17T22:15:00Z,2026-08-18T00:15:00+0200,187.38,EUR/MWh,ES,ES,imbalance_price,Short,2026-08-28T02:01:39Z
2026-08-28T01:53:23Z,2026-08-28T03:53:23+0200,565fb0ed-db72-48c6-a54e-0fdff3a4721b,2026-08-17T22:30:00Z,2026-08-18T00:30:00+0200,135.49,EUR/MWh,ES,ES,imbalance_price,Long,2026-08-28T02:01:39Z
2026-08-28T01:53:23Z,2026-08-28T03:53:23+0200,565fb0ed-db72-48c6-a54e-0fdff3a4721b,2026-08-17T22:30:00Z,2026-08-18T00:30:00+0200,179.39,EUR/MWh,ES,ES,imbalance_price,Short,2026-08-28T02:01:39Z
2026-08-28T01:53:23Z,2026-08-28T03:53:23+0200,565fb0ed-db72-48c6-a54e-0fdff3a4721b,2026-08-17T22:45:00Z,2026-08-18T00:45:00+0200,116.39,EUR/MWh,ES,ES,imbalance_price,Long,2026-08-28T02:01:39Z
2026-08-28T01:53:23Z,2026-08-28T03:53:23+0200,565fb0ed-db72-48c6-a54e-0fdff3a4721b,2026-08-17T22:45:00Z,2026-08-18T00:45:00+0200,163.83,EUR/MWh,ES,ES,imbalance_price,Short,2026-08-28T02:01:39Z
2026-08-28T01:53:23Z,2026-08-28T03:53:23+0200,565fb0ed-db72-48c6-a54e-0fdff3a4721b,2026-08-17T23:00:00Z,2026-08-18T01:00:00+0200,78.81,EUR/MWh,ES,ES,imbalance_price,Long,2026-08-28T02:01:39Z
2026-08-28T01:53:23Z,2026-08-28T03:53:23+0200,565fb0ed-db72-48c6-a54e-0fdff3a4721b,2026-08-17T23:00:00Z,2026-08-18T01:00:00+0200,199.88,EUR/MWh,ES,ES,imbalance_price,Short,2026-08-28T02:01:39Z
2026-08-28T01:53:23Z,2026-08-28T03:53:23+0200,565fb0ed-db72-48c6-a54e-0fdff3a4721b,2026-08-17T23:15:00Z,2026-08-18T01:15:00+0200,0.0,EUR/MWh,ES,ES,imbalance_price,Long,2026-08-28T02:01:39Z
2026-08-28T01:53:23Z,2026-08-28T03:53:23+0200,565fb0ed-db72-48c6-a54e-0fdff3a4721b,2026-08-17T23:15:00Z,2026-08-18T01:15:00+0200,197.81,EUR/MWh,ES,ES,imbalance_price,Short,2026-08-28T02:01:39Z
2026-08-28T01:53:23Z,2026-08-28T03:53:23+0200,565fb0ed-db72-48c6-a54e-0fdff3a4721b,2026-08-17T23:30:00Z,2026-08-18T01:30:00+0200,140.59,EUR/MWh,ES,ES,imbalance_price,Long,2026-08-28T02:01:39Z
2026-08-28T01:53:23Z,2026-08-28T03:53:23+0200,565fb0ed-db72-48c6-a54e-0fdff3a4721b,2026-08-17T23:30:00Z,2026-08-18T01:30:00+0200,201.32,EUR/MWh,ES,ES,imbalance_price,Short,2026-08-28T02:01:39Z
2026-08-28T01:53:23Z,2026-08-28T03:53:23+0200,565fb0ed-db72-48c6-a54e-0fdff3a4721b,2026-08-17T23:45:00Z,2026-08-18T01:45:00+0200,140.21,EUR/MWh,ES,ES,imbalance_price,Long,2026-08-28T02:01:39Z
2026-08-28T01:53:23Z,2026-08-28T03:53:23+0200,565fb0ed-db72-48c6-a54e-0fdff3a4721b,2026-08-17T23:45:00Z,2026-08-18T01:45:00+0200,192.02,EUR/MWh,ES,ES,imbalance_price,Short,2026-08-28T02:01:39Z
2026-08-28T01:53:23Z,2026-08-28T03:53:23+0200,565fb0ed-db72-48c6-a54e-0fdff3a4721b,2026-08-18T00:00:00Z,2026-08-18T02:00:00+0200,146.21,EUR/MWh,ES,ES,imbalance_price,Long,2026-08-28T02:01:39Z
2026-08-28T01:53:23Z,2026-08-28T03:53:23+0200,565fb0ed-db72-48c6-a54e-0fdff3a4721b,2026-08-18T00:00:00Z,2026-08-18T02:00:00+0200,167.62,EUR/MWh,ES,ES,imbalance_price,Short,2026-08-28T02:01:39Z
2026-08-28T01:53:23Z,2026-08-28T03:53:23+0200,565fb0ed-db72-48c6-a54e-0fdff3a4721b,2026-08-18T00:15:00Z,2026-08-18T02:15:00+0200,114.71,EUR/MWh,ES,ES,imbalance_price,Long,2026-08-28T02:01:39Z
2026-08-28T01:53:23Z,2026-08-28T03:53:23+0200,565fb0ed-db72-48c6-a54e-0fdff3a4721b,2026-08-18T00:15:00Z,2026-08-18T02:15:00+0200,174.3,EUR/MWh,ES,ES,imbalance_price,Short,2026-08-28T02:01:39Z
2026-08-28T01:53:23Z,2026-08-28T03:53:23+0200,565fb0ed-db72-48c6-a54e-0fdff3a4721b,2026-08-18T00:30:00Z,2026-08-18T02:30:00+0200,93.46,EUR/MWh,ES,ES,imbalance_price,Long,2026-08-28T02:01:39Z
2026-08-28T01:53:23Z,2026-08-28T03:53:23+0200,565fb0ed-db72-48c6-a54e-0fdff3a4721b,2026-08-18T00:30:00Z,2026-08-18T02:30:00+0200,180.07,EUR/MWh,ES,ES,imbalance_price,Short,2026-08-28T02:01:39Z
2026-08-28T01:53:23Z,2026-08-28T03:53:23+0200,565fb0ed-db72-48c6-a54e-0fdff3a4721b,2026-08-18T00:45:00Z,2026-08-18T02:45:00+0200,120.57,EUR/MWh,ES,ES,imbalance_price,Long,2026-08-28T02:01:39Z
2026-08-28T01:53:23Z,2026-08-28T03:53:23+0200,565fb0ed-db72-48c6-a54e-0fdff3a4721b,2026-08-18T00:45:00Z,2026-08-18T02:45:00+0200,120.57,EUR/MWh,ES,ES,imbalance_price,Short,2026-08-28T02:01:39Z
2026-08-28T01:53:23Z,2026-08-28T03:53:23+0200,565fb0ed-db72-48c6-a54e-0fdff3a4721b,2026-08-18T01:00:00Z,2026-08-18T03:00:00+0200,51.36,EUR/MWh,ES,ES,imbalance_price,Long,2026-08-28T02:01:39Z
2026-08-28T01:53:23Z,2026-08-28T03:53:23+0200,565fb0ed-db72-48c6-a54e-0fdff3a4721b,2026-08-18T01:00:00Z,2026-08-18T03:00:00+0200,169.38,EUR/MWh,ES,ES,imbalance_price,Short,2026-08-28T02:01:39Z
2026-08-28T01:53:23Z,2026-08-28T03:53:23+0200,565fb0ed-db72-48c6-a54e-0fdff3a4721b,2026-08-18T01:15:00Z,2026-08-18T03:15:00+0200,110.53,EUR/MWh,ES,ES,imbalance_price,Long,2026-08-28T02:01:39Z
2026-08-28T01:53:23Z,2026-08-28T03:53:23+0200,565fb0ed-db72-48c6-a54e-0fdff3a4721b,2026-08-18T01:15:00Z,2026-08-18T03:15:00+0200,181.67,EUR/MWh,ES,ES,imbalance_price,Short,2026-08-28T02:01:39Z
2026-08-28T01:53:23Z,2026-08-28T03:53:23+0200,565fb0ed-db72-48c6-a54e-0fdff3a4721b,2026-08-18T01:30:00Z,2026-08-18T03:30:00+0200,91.1,EUR/MWh,ES,ES,imbalance_price,Long,2026-08-28T02:01:39Z
2026-08-28T01:53:23Z,2026-08-28T03:53:23+0200,565fb0ed-db72-48c6-a54e-0fdff3a4721b,2026-08-18T01:30:00Z,2026-08-18T03:30:00+0200,183.14,EUR/MWh,ES,ES,imbalance_price,Short,2026-08-28T02:01:39Z
2026-08-28T01:53:23Z,2026-08-28T03:53:23+0200,565fb0ed-db72-48c6-a54e-0fdff3a4721b,2026-08-18T01:45:00Z,2026-08-18T03:45:00+0200,78.82,EUR/MWh,ES,ES,imbalance_price,Long,2026-08-28T02:01:39Z
2026-08-28T01:53:23Z,2026-08-28T03:53:23+0200,565fb0ed-db72-48c6-a54e-0fdff3a4721b,2026-08-18T01:45:00Z,2026-08-18T03:45:00+0200,177.29,EUR/MWh,ES,ES,imbalance_price,Short,2026-08-28T02:01:39Z
2026-08-28T01:53:23Z,2026-08-28T03:53:23+0200,565fb0ed-db72-48c6-a54e-0fdff3a4721b,2026-08-18T02:00:00Z,2026-08-18T04:00:00+0200,86.48,EUR/MWh,ES,ES,imbalance_price,Long,2026-08-28T02:01:39Z
2026-08-28T01:53:23Z,2026-08-28T03:53:23+0200,565fb0ed-db72-48c6-a54e-0fdff3a4721b,2026-08-18T02:00:00Z,2026-08-18T04:00:00+0200,172.63,EUR/MWh,ES,ES,imbalance_price,Short,2026-08-28T02:01:39Z
2026-08-28T01:53:23Z,2026-08-28T03:53:23+0200,565fb0ed-db72-48c6-a54e-0fdff3a4721b,2026-08-18T02:15:00Z,2026-08-18T04:15:00+0200,90.74,EUR/MWh,ES,ES,imbalance_price,Long,2026-08-28T02:01:39Z
2026-08-28T01:53:23Z,2026-08-28T03:53:23+0200,565fb0ed-db72-48c6-a54e-0fdff3a4721b,2026-08-18T02:15:00Z,2026-08-18T04:15:00+0200,173.99,EUR/MWh,ES,ES,imbalance_price,Short,2026-08-28T02:01:39Z
2026-08-28T01:53:23Z,2026-08-28T03:53:23+0200,565fb0ed-db72-48c6-a54e-0fdff3a4721b,2026-08-18T02:30:00Z,2026-08-18T04:30:00+0200,100.4,EUR/MWh,ES,ES,imbalance_price,Long,2026-08-28T02:01:39Z
2026-08-28T01:53:23Z,2026-08-28T03:53:23+0200,565fb0ed-db72-48c6-a54e-0fdff3a4721b,2026-08-18T02:30:00Z,2026-08-18T04:30:00+0200,181.02,EUR/MWh,ES,ES,imbalance_price,Short,2026-08-28T02:01:39Z
2026-08-28T01:53:23Z,2026-08-28T03:53:23+0200,565fb0ed-db72-48c6-a54e-0fdff3a4721b,2026-08-18T02:45:00Z,2026-08-18T04:45:00+0200,111.84,EUR/MWh,ES,ES,imbalance_price,Long,2026-08-28T02:01:39Z
2026-08-28T01:53:23Z,2026-08-28T03:53:23+0200,565fb0ed-db72-48c6-a54e-0fdff3a4721b,2026-08-18T02:45:00Z,2026-08-18T04:45:00+0200,184.22,EUR/MWh,ES,ES,imbalance_price,Short,2026-08-28T02:01:39Z
2026-08-28T01:53:23Z,2026-08-28T03:53:23+0200,565fb0ed-db72-48c6-a54e-0fdff3a4721b,2026-08-18T03:00:00Z,2026-08-18T05:00:00+0200,50.74,EUR/MWh,ES,ES,imbalance_price,Long,2026-08-28T02:01:39Z
2026-08-28T01:53:23Z,2026-08-28T03:53:23+0200,565fb0ed-db72-48c6-a54e-0fdff3a4721b,2026-08-18T03:00:00Z,2026-08-18T05:00:00+0200,175.36,EUR/MWh,ES,ES,imbalance_price,Short,2026-08-28T02:01:39Z
2026-08-28T01:53:23Z,2026-08-28T03:53:23+0200,565fb0ed-db72-48c6-a54e-0fdff3a4721b,2026-08-18T03:15:00Z,2026-08-18T05:15:00+0200,0.0,EUR/MWh,ES,ES,imbalance_price,Long,2026-08-28T02:01:39Z
2026-08-28T01:53:23Z,2026-08-28T03:53:23+0200,565fb0ed-db72-48c6-a54e-0fdff3a4721b,2026-08-18T03:15:00Z,2026-08-18T05:15:00+0200,181.24,EUR/MWh,ES,ES,imbalance_price,Short,2026-08-28T02:01:39Z
2026-08-28T01:53:23Z,2026-08-28T03:53:23+0200,565fb0ed-db72-48c6-a54e-0fdff3a4721b,2026-08-18T03:30:00Z,2026-08-18T05:30:00+0200,0.0,EUR/MWh,ES,ES,imbalance_price,Long,2026-08-28T02:01:39Z
2026-08-28T01:53:23Z,2026-08-28T03:53:23+0200,565fb0ed-db72-48c6-a54e-0fdff3a4721b,2026-08-18T03:30:00Z,2026-08-18T05:30:00+0200,188.17,EUR/MWh,ES,ES,imbalance_price,Short,2026-08-28T02:01:39Z
2026-08-28T01:53:23Z,2026-08-28T03:53:23+0200,565fb0ed-db72-48c6-a54e-0fdff3a4721b,2026-08-18T03:45:00Z,2026-08-18T05:45:00+0200,0.0,EUR/MWh,ES,ES,imbalance_price,Long,2026-08-28T02:01:39Z
2026-08-28T01:53:23Z,2026-08-28T03:53:23+0200,565fb0ed-db72-48c6-a54e-0fdff3a4721b,2026-08-18T03:45:00Z,2026-08-18T05:45:00+0200,198.3,EUR/MWh,ES,ES,imbalance_price,Short,2026-08-28T02:01:39Z
2026-08-28T01:53:23Z,2026-08-28T03:53:23+0200,565fb0ed-db72-48c6-a54e-0fdff3a4721b,2026-08-18T04:00:00Z,2026-08-18T06:00:00+0200,0.0,EUR/MWh,ES,ES,imbalance_price,Long,2026-08-28T02:01:39Z
2026-08-28T01:53:23Z,2026-08-28T03:53:23+0200,565fb0ed-db72-48c6-a54e-0fdff3a4721b,2026-08-18T04:00:00Z,2026-08-18T06:00:00+0200,199.81,EUR/MWh,ES,ES,imbalance_price,Short,2026-08-28T02:01:39Z
2026-08-28T01:53:23Z,2026-08-28T03:53:23+0200,565fb0ed-db72-48c6-a54e-0fdff3a4721b,2026-08-18T04:15:00Z,2026-08-18T06:15:00+0200,36.88,EUR/MWh,ES,ES,imbalance_price,Long,2026-08-28T02:01:39Z
2026-08-28T01:53:23Z,2026-08-28T03:53:23+0200,565fb0ed-db72-48c6-a54e-0fdff3a4721b,2026-08-18T04:15:00Z,2026-08-18T06:15:00+0200,194.2,EUR/MWh,ES,ES,imbalance_price,Short,2026-08-28T02:01:39Z
2026-08-28T01:53:23Z,2026-08-28T03:53:23+0200,565fb0ed-db72-48c6-a54e-0fdff3a4721b,2026-08-18T04:30:00Z,2026-08-18T06:30:00+0200,117.63,EUR/MWh,ES,ES,imbalance_price,Long,2026-08-28T02:01:39Z
2026-08-28T01:53:23Z,2026-08-28T03:53:23+0200,565fb0ed-db72-48c6-a54e-0fdff3a4721b,2026-08-18T04:30:00Z,2026-08-18T06:30:00+0200,178.31,EUR/MWh,ES,ES,imbalance_price,Short,2026-08-28T02:01:39Z
2026-08-28T01:53:23Z,2026-08-28T03:53:23+0200,565fb0ed-db72-48c6-a54e-0fdff3a4721b,2026-08-18T04:45:00Z,2026-08-18T06:45:00+0200,140.25,EUR/MWh,ES,ES,imbalance_price,Long,2026-08-28T02:01:39Z
2026-08-28T01:53:23Z,2026-08-28T03:53:23+0200,565fb0ed-db72-48c6-a54e-0fdff3a4721b,2026-08-18T04:45:00Z,2026-08-18T06:45:00+0200,179.65,EUR/MWh,ES,ES,imbalance_price,Short,2026-08-28T02:01:39Z
2026-08-28T01:53:23Z,2026-08-28T03:53:23+0200,565fb0ed-db72-48c6-a54e-0fdff3a4721b,2026-08-18T05:00:00Z,2026-08-18T07:00:00+0200,102.75,EUR/MWh,ES,ES,imbalance_price,Long,2026-08-28T02:01:39Z
2026-08-28T01:53:23Z,2026-08-28T03:53:23+0200,565fb0ed-db72-48c6-a54e-0fdff3a4721b,2026-08-18T05:00:00Z,2026-08-18T07:00:00+0200,177.36,EUR/MWh,ES,ES,imbalance_price,Short,2026-08-28T02:01:39Z
2026-08-28T01:53:23Z,2026-08-28T03:53:23+0200,565fb0ed-db72-48c6-a54e-0fdff3a4721b,2026-08-18T05:15:00Z,2026-08-18T07:15:00+0200,0.0,EUR/MWh,ES,ES,imbalance_price,Long,2026-08-28T02:01:39Z
2026-08-28T01:53:23Z,2026-08-28T03:53:23+0200,565fb0ed-db72-48c6-a54e-0fdff3a4721b,2026-08-18T05:15:00Z,2026-08-18T07:15:00+0200,172.84,EUR/MWh,ES,ES,imbalance_price,Short,2026-08-28T02:01:39Z
2026-08-28T01:53:23Z,2026-08-28T03:53:23+0200,565fb0ed-db72-48c6-a54e-0fdff3a4721b,2026-08-18T05:30:00Z,2026-08-18T07:30:00+0200,145.26,EUR/MWh,ES,ES,imbalance_price,Long,2026-08-28T02:01:39Z
2026-08-28T01:53:23Z,2026-08-28T03:53:23+0200,565fb0ed-db72-48c6-a54e-0fdff3a4721b,2026-08-18T05:30:00Z,2026-08-18T07:30:00+0200,190.03,EUR/MWh,ES,ES,imbalance_price,Short,2026-08-28T02:01:39Z
2026-08-28T01:53:23Z,2026-08-28T03:53:23+0200,565fb0ed-db72-48c6-a54e-0fdff3a4721b,2026-08-18T05:45:00Z,2026-08-18T07:45:00+0200,107.42,EUR/MWh,ES,ES,imbalance_price,Long,2026-08-28T02:01:39Z
2026-08-28T01:53:23Z,2026-08-28T03:53:23+0200,565fb0ed-db72-48c6-a54e-0fdff3a4721b,2026-08-18T05:45:00Z,2026-08-18T07:45:00+0200,188.59,EUR/MWh,ES,ES,imbalance_price,Short,2026-08-28T02:01:39Z
2026-08-28T01:53:23Z,2026-08-28T03:53:23+0200,565fb0ed-db72-48c6-a54e-0fdff3a4721b,2026-08-18T06:00:00Z,2026-08-18T08:00:00+0200,0.0,EUR/MWh,ES,ES,imbalance_price,Long,2026-08-28T02:01:39Z
2026-08-28T01:53:23Z,2026-08-28T03:53:23+0200,565fb0ed-db72-48c6-a54e-0fdff3a4721b,2026-08-18T06:00:00Z,2026-08-18T08:00:00+0200,191.13,EUR/MWh,ES,ES,imbalance_price,Short,2026-08-28T02:01:39Z
2026-08-28T01:53:23Z,2026-08-28T03:53:23+0200,565fb0ed-db72-48c6-a54e-0fdff3a4721b,2026-08-18T06:15:00Z,2026-08-18T08:15:00+0200,113.7,EUR/MWh,ES,ES,imbalance_price,Long,2026-08-28T02:01:39Z
2026-08-28T01:53:23Z,2026-08-28T03:53:23+0200,565fb0ed-db72-48c6-a54e-0fdff3a4721b,2026-08-18T06:15:00Z,2026-08-18T08:15:00+0200,166.42,EUR/MWh,ES,ES,imbalance_price,Short,2026-08-28T02:01:39Z
2026-08-28T01:53:23Z,2026-08-28T03:53:23+0200,565fb0ed-db72-48c6-a54e-0fdff3a4721b,2026-08-18T06:30:00Z,2026-08-18T08:30:00+0200,109.87,EUR/MWh,ES,ES,imbalance_price,Long,2026-08-28T02:01:39Z
2026-08-28T01:53:23Z,2026-08-28T03:53:23+0200,565fb0ed-db72-48c6-a54e-0fdff3a4721b,2026-08-18T06:30:00Z,2026-08-18T08:30:00+0200,157.49,EUR/MWh,ES,ES,imbalance_price,Short,2026-08-28T02:01:39Z
2026-08-28T01:53:23Z,2026-08-28T03:53:23+0200,565fb0ed-db72-48c6-a54e-0fdff3a4721b,2026-08-18T06:45:00Z,2026-08-18T08:45:00+0200,62.25,EUR/MWh,ES,ES,imbalance_price,Long,2026-08-28T02:01:39Z
2026-08-28T01:53:23Z,2026-08-28T03:53:23+0200,565fb0ed-db72-48c6-a54e-0fdff3a4721b,2026-08-18T06:45:00Z,2026-08-18T08:45:00+0200,156.06,EUR/MWh,ES,ES,imbalance_price,Short,2026-08-28T02:01:39Z
2026-08-28T01:53:23Z,2026-08-28T03:53:23+0200,565fb0ed-db72-48c6-a54e-0fdff3a4721b,2026-08-18T07:00:00Z,2026-08-18T09:00:00+0200,73.9,EUR/MWh,ES,ES,imbalance_price,Long,2026-08-28T02:01:39Z
2026-08-28T01:53:23Z,2026-08-28T03:53:23+0200,565fb0ed-db72-48c6-a54e-0fdff3a4721b,2026-08-18T07:00:00Z,2026-08-18T09:00:00+0200,0.0,EUR/MWh,ES,ES,imbalance_price,Short,2026-08-28T02:01:39Z
2026-08-28T01:53:23Z,2026-08-28T03:53:23+0200,565fb0ed-db72-48c6-a54e-0fdff3a4721b,2026-08-18T07:15:00Z,2026-08-18T09:15:00+0200,39.13,EUR/MWh,ES,ES,imbalance_price,Long,2026-08-28T02:01:39Z
2026-08-28T01:53:23Z,2026-08-28T03:53:23+0200,565fb0ed-db72-48c6-a54e-0fdff3a4721b,2026-08-18T07:15:00Z,2026-08-18T09:15:00+0200,39.13,EUR/MWh,ES,ES,imbalance_price,Short,2026-08-28T02:01:39Z
2026-08-28T01:53:23Z,2026-08-28T03:53:23+0200,565fb0ed-db72-48c6-a54e-0fdff3a4721b,2026-08-18T07:30:00Z,2026-08-18T09:30:00+0200,52.81,EUR/MWh,ES,ES,imbalance_price,Long,2026-08-28T02:01:39Z
2026-08-28T01:53:23Z,2026-08-28T03:53:23+0200,565fb0ed-db72-48c6-a54e-0fdff3a4721b,2026-08-18T07:30:00Z,2026-08-18T09:30:00+0200,141.61,EUR/MWh,ES,ES,imbalance_price,Short,2026-08-28T02:01:39Z
2026-08-28T01:53:23Z,2026-08-28T03:53:23+0200,565fb0ed-db72-48c6-a54e-0fdff3a4721b,2026-08-18T07:45:00Z,2026-08-18T09:45:00+0200,1.2,EUR/MWh,ES,ES,imbalance_price,Long,2026-08-28T02:01:39Z
2026-08-28T01:53:23Z,2026-08-28T03:53:23+0200,565fb0ed-db72-48c6-a54e-0fdff3a4721b,2026-08-18T07:45:00Z,2026-08-18T09:45:00+0200,39.21,EUR/MWh,ES,ES,imbalance_price,Short,2026-08-28T02:01:39Z
2026-08-28T01:53:23Z,2026-08-28T03:53:23+0200,565fb0ed-db72-48c6-a54e-0fdff3a4721b,2026-08-18T08:00:00Z,2026-08-18T10:00:00+0200,1.03,EUR/MWh,ES,ES,imbalance_price,Long,2026-08-28T02:01:39Z
2026-08-28T01:53:23Z,2026-08-28T03:53:23+0200,565fb0ed-db72-48c6-a54e-0fdff3a4721b,2026-08-18T08:00:00Z,2026-08-18T10:00:00+0200,118.27,EUR/MWh,ES,ES,imbalance_price,Short,2026-08-28T02:01:39Z
2026-08-28T01:53:23Z,2026-08-28T03:53:23+0200,565fb0ed-db72-48c6-a54e-0fdff3a4721b,2026-08-18T08:15:00Z,2026-08-18T10:15:00+0200,0.03,EUR/MWh,ES,ES,imbalance_price,Long,2026-08-28T02:01:39Z
2026-08-28T01:53:23Z,2026-08-28T03:53:23+0200,565fb0ed-db72-48c6-a54e-0fdff3a4721b,2026-08-18T08:15:00Z,2026-08-18T10:15:00+0200,85.55,EUR/MWh,ES,ES,imbalance_price,Short,2026-08-28T02:01:39Z
2026-08-28T01:53:23Z,2026-08-28T03:53:23+0200,565fb0ed-db72-48c6-a54e-0fdff3a4721b,2026-08-18T08:30:00Z,2026-08-18T10:30:00+0200,47.7,EUR/MWh,ES,ES,imbalance_price,Long,2026-08-28T02:01:39Z
2026-08-28T01:53:23Z,2026-08-28T03:53:23+0200,565fb0ed-db72-48c6-a54e-0fdff3a4721b,2026-08-18T08:30:00Z,2026-08-18T10:30:00+0200,89.15,EUR/MWh,ES,ES,imbalance_price,Short,2026-08-28T02:01:39Z
2026-08-28T01:53:23Z,2026-08-28T03:53:23+0200,565fb0ed-db72-48c6-a54e-0fdff3a4721b,2026-08-18T08:45:00Z,2026-08-18T10:45:00+0200,2.82,EUR/MWh,ES,ES,imbalance_price,Long,2026-08-28T02:01:39Z
2026-08-28T01:53:23Z,2026-08-28T03:53:23+0200,565fb0ed-db72-48c6-a54e-0fdff3a4721b,2026-08-18T08:45:00Z,2026-08-18T10:45:00+0200,45.19,EUR/MWh,ES,ES,imbalance_price,Short,2026-08-28T02:01:39Z
2026-08-28T01:53:23Z,2026-08-28T03:53:23+0200,565fb0ed-db72-48c6-a54e-0fdff3a4721b,2026-08-18T09:00:00Z,2026-08-18T11:00:00+0200,0.0,EUR/MWh,ES,ES,imbalance_price,Long,2026-08-28T02:01:39Z
2026-08-28T01:53:23Z,2026-08-28T03:53:23+0200,565fb0ed-db72-48c6-a54e-0fdff3a4721b,2026-08-18T09:00:00Z,2026-08-18T11:00:00+0200,159.53,EUR/MWh,ES,ES,imbalance_price,Short,2026-08-28T02:01:39Z
2026-08-28T01:53:23Z,2026-08-28T03:53:23+0200,565fb0ed-db72-48c6-a54e-0fdff3a4721b,2026-08-18T09:15:00Z,2026-08-18T11:15:00+0200,1.2,EUR/MWh,ES,ES,imbalance_price,Long,2026-08-28T02:01:39Z
2026-08-28T01:53:23Z,2026-08-28T03:53:23+0200,565fb0ed-db72-48c6-a54e-0fdff3a4721b,2026-08-18T09:15:00Z,2026-08-18T11:15:00+0200,175.7,EUR/MWh,ES,ES,imbalance_price,Short,2026-08-28T02:01:39Z
2026-08-28T01:53:23Z,2026-08-28T03:53:23+0200,565fb0ed-db72-48c6-a54e-0fdff3a4721b,2026-08-18T09:30:00Z,2026-08-18T11:30:00+0200,0.0,EUR/MWh,ES,ES,imbalance_price,Long,2026-08-28T02:01:39Z
2026-08-28T01:53:23Z,2026-08-28T03:53:23+0200,565fb0ed-db72-48c6-a54e-0fdff3a4721b,2026-08-18T09:30:00Z,2026-08-18T11:30:00+0200,38.91,EUR/MWh,ES,ES,imbalance_price,Short,2026-08-28T02:01:39Z
2026-08-28T01:53:23Z,2026-08-28T03:53:23+0200,565fb0ed-db72-48c6-a54e-0fdff3a4721b,2026-08-18T09:45:00Z,2026-08-18T11:45:00+0200,0.0,EUR/MWh,ES,ES,imbalance_price,Long,2026-08-28T02:01:39Z
2026-08-28T01:53:23Z,2026-08-28T03:53:23+0200,565fb0ed-db72-48c6-a54e-0fdff3a4721b,2026-08-18T09:45:00Z,2026-08-18T11:45:00+0200,37.1,EUR/MWh,ES,ES,imbalance_price,Short,2026-08-28T02:01:39Z
2026-08-28T01:53:23Z,2026-08-28T03:53:23+0200,565fb0ed-db72-48c6-a54e-0fdff3a4721b,2026-08-18T10:00:00Z,2026-08-18T12:00:00+0200,48.82,EUR/MWh,ES,ES,imbalance_price,Long,2026-08-28T02:01:39Z
2026-08-28T01:53:23Z,2026-08-28T03:53:23+0200,565fb0ed-db72-48c6-a54e-0fdff3a4721b,2026-08-18T10:00:00Z,2026-08-18T12:00:00+0200,6.14,EUR/MWh,ES,ES,imbalance_price,Short,2026-08-28T02:01:39Z
2026-08-28T01:53:23Z,2026-08-28T03:53:23+0200,565fb0ed-db72-48c6-a54e-0fdff3a4721b,2026-08-18T10:15:00Z,2026-08-18T12:15:00+0200,0.08,EUR/MWh,ES,ES,imbalance_price,Long,2026-08-28T02:01:39Z
2026-08-28T01:53:23Z,2026-08-28T03:53:23+0200,565fb0ed-db72-48c6-a54e-0fdff3a4721b,2026-08-18T10:15:00Z,2026-08-18T12:15:00+0200,31.28,EUR/MWh,ES,ES,imbalance_price,Short,2026-08-28T02:01:39Z
2026-08-28T01:53:23Z,2026-08-28T03:53:23+0200,565fb0ed-db72-48c6-a54e-0fdff3a4721b,2026-08-18T10:30:00Z,2026-08-18T12:30:00+0200,282.95,EUR/MWh,ES,ES,imbalance_price,Long,2026-08-28T02:01:39Z
2026-08-28T01:53:23Z,2026-08-28T03:53:23+0200,565fb0ed-db72-48c6-a54e-0fdff3a4721b,2026-08-18T10:30:00Z,2026-08-18T12:30:00+0200,282.95,EUR/MWh,ES,ES,imbalance_price,Short,2026-08-28T02:01:39Z
2026-08-28T01:53:23Z,2026-08-28T03:53:23+0200,565fb0ed-db72-48c6-a54e-0fdff3a4721b,2026-08-18T10:45:00Z,2026-08-18T12:45:00+0200,288.74,EUR/MWh,ES,ES,imbalance_price,Long,2026-08-28T02:01:39Z
2026-08-28T01:53:23Z,2026-08-28T03:53:23+0200,565fb0ed-db72-48c6-a54e-0fdff3a4721b,2026-08-18T10:45:00Z,2026-08-18T12:45:00+0200,288.74,EUR/MWh,ES,ES,imbalance_price,Short,2026-08-28T02:01:39Z
2026-08-28T01:53:23Z,2026-08-28T03:53:23+0200,565fb0ed-db72-48c6-a54e-0fdff3a4721b,2026-08-18T11:00:00Z,2026-08-18T13:00:00+0200,0.0,EUR/MWh,ES,ES,imbalance_price,Long,2026-08-28T02:01:39Z
2026-08-28T01:53:23Z,2026-08-28T03:53:23+0200,565fb0ed-db72-48c6-a54e-0fdff3a4721b,2026-08-18T11:00:00Z,2026-08-18T13:00:00+0200,162.83,EUR/MWh,ES,ES,imbalance_price,Short,2026-08-28T02:01:39Z
2026-08-28T01:53:23Z,2026-08-28T03:53:23+0200,565fb0ed-db72-48c6-a54e-0fdff3a4721b,2026-08-18T11:15:00Z,2026-08-18T13:15:00+0200,203.9,EUR/MWh,ES,ES,imbalance_price,Long,2026-08-28T02:01:39Z
2026-08-28T01:53:23Z,2026-08-28T03:53:23+0200,565fb0ed-db72-48c6-a54e-0fdff3a4721b,2026-08-18T11:15:00Z,2026-08-18T13:15:00+0200,203.9,EUR/MWh,ES,ES,imbalance_price,Short,2026-08-28T02:01:39Z
2026-08-28T01:53:23Z,2026-08-28T03:53:23+0200,565fb0ed-db72-48c6-a54e-0fdff3a4721b,2026-08-18T11:30:00Z,2026-08-18T13:30:00+0200,144.33,EUR/MWh,ES,ES,imbalance_price,Long,2026-08-28T02:01:39Z
2026-08-28T01:53:23Z,2026-08-28T03:53:23+0200,565fb0ed-db72-48c6-a54e-0fdff3a4721b,2026-08-18T11:30:00Z,2026-08-18T13:30:00+0200,144.33,EUR/MWh,ES,ES,imbalance_price,Short,2026-08-28T02:01:39Z
2026-08-28T01:53:23Z,2026-08-28T03:53:23+0200,565fb0ed-db72-48c6-a54e-0fdff3a4721b,2026-08-18T11:45:00Z,2026-08-18T13:45:00+0200,110.51,EUR/MWh,ES,ES,imbalance_price,Long,2026-08-28T02:01:39Z
2026-08-28T01:53:23Z,2026-08-28T03:53:23+0200,565fb0ed-db72-48c6-a54e-0fdff3a4721b,2026-08-18T11:45:00Z,2026-08-18T13:45:00+0200,110.51,EUR/MWh,ES,ES,imbalance_price,Short,2026-08-28T02:01:39Z
2026-08-28T01:53:23Z,2026-08-28T03:53:23+0200,565fb0ed-db72-48c6-a54e-0fdff3a4721b,2026-08-18T12:00:00Z,2026-08-18T14:00:00+0200,106.57,EUR/MWh,ES,ES,imbalance_price,Long,2026-08-28T02:01:39Z
2026-08-28T01:53:23Z,2026-08-28T03:53:23+0200,565fb0ed-db72-48c6-a54e-0fdff3a4721b,2026-08-18T12:00:00Z,2026-08-18T14:00:00+0200,106.57,EUR/MWh,ES,ES,imbalance_price,Short,2026-08-28T02:01:39Z
2026-08-28T01:53:23Z,2026-08-28T03:53:23+0200,565fb0ed-db72-48c6-a54e-0fdff3a4721b,2026-08-18T12:15:00Z,2026-08-18T14:15:00+0200,83.53,EUR/MWh,ES,ES,imbalance_price,Long,2026-08-28T02:01:39Z
2026-08-28T01:53:23Z,2026-08-28T03:53:23+0200,565fb0ed-db72-48c6-a54e-0fdff3a4721b,2026-08-18T12:15:00Z,2026-08-18T14:15:00+0200,83.53,EUR/MWh,ES,ES,imbalance_price,Short,2026-08-28T02:01:39Z
2026-08-28T01:53:23Z,2026-08-28T03:53:23+0200,565fb0ed-db72-48c6-a54e-0fdff3a4721b,2026-08-18T12:30:00Z,2026-08-18T14:30:00+0200,71.58,EUR/MWh,ES,ES,imbalance_price,Long,2026-08-28T02:01:39Z
2026-08-28T01:53:23Z,2026-08-28T03:53:23+0200,565fb0ed-db72-48c6-a54e-0fdff3a4721b,2026-08-18T12:30:00Z,2026-08-18T14:30:00+0200,71.58,EUR/MWh,ES,ES,imbalance_price,Short,2026-08-28T02:01:39Z
2026-08-28T01:53:23Z,2026-08-28T03:53:23+0200,565fb0ed-db72-48c6-a54e-0fdff3a4721b,2026-08-18T12:45:00Z,2026-08-18T14:45:00+0200,68.39,EUR/MWh,ES,ES,imbalance_price,Long,2026-08-28T02:01:39Z
2026-08-28T01:53:23Z,2026-08-28T03:53:23+0200,565fb0ed-db72-48c6-a54e-0fdff3a4721b,2026-08-18T12:45:00Z,2026-08-18T14:45:00+0200,68.39,EUR/MWh,ES,ES,imbalance_price,Short,2026-08-28T02:01:39Z
2026-08-28T01:53:23Z,2026-08-28T03:53:23+0200,565fb0ed-db72-48c6-a54e-0fdff3a4721b,2026-08-18T13:00:00Z,2026-08-18T15:00:00+0200,56.57,EUR/MWh,ES,ES,imbalance_price,Long,2026-08-28T02:01:39Z
2026-08-28T01:53:23Z,2026-08-28T03:53:23+0200,565fb0ed-db72-48c6-a54e-0fdff3a4721b,2026-08-18T13:00:00Z,2026-08-18T15:00:00+0200,56.57,EUR/MWh,ES,ES,imbalance_price,Short,2026-08-28T02:01:39Z
2026-08-28T01:53:23Z,2026-08-28T03:53:23+0200,565fb0ed-db72-48c6-a54e-0fdff3a4721b,2026-08-18T13:15:00Z,2026-08-18T15:15:00+0200,-0.24,EUR/MWh,ES,ES,imbalance_price,Long,2026-08-28T02:01:39Z
2026-08-28T01:53:23Z,2026-08-28T03:53:23+0200,565fb0ed-db72-48c6-a54e-0fdff3a4721b,2026-08-18T13:15:00Z,2026-08-18T15:15:00+0200,139.7,EUR/MWh,ES,ES,imbalance_price,Short,2026-08-28T02:01:39Z
2026-08-28T01:53:23Z,2026-08-28T03:53:23+0200,565fb0ed-db72-48c6-a54e-0fdff3a4721b,2026-08-18T13:30:00Z,2026-08-18T15:30:00+0200,-0.17,EUR/MWh,ES,ES,imbalance_price,Long,2026-08-28T02:01:39Z
2026-08-28T01:53:23Z,2026-08-28T03:53:23+0200,565fb0ed-db72-48c6-a54e-0fdff3a4721b,2026-08-18T13:30:00Z,2026-08-18T15:30:00+0200,121.28,EUR/MWh,ES,ES,imbalance_price,Short,2026-08-28T02:01:39Z
2026-08-28T01:53:23Z,2026-08-28T03:53:23+0200,565fb0ed-db72-48c6-a54e-0fdff3a4721b,2026-08-18T13:45:00Z,2026-08-18T15:45:00+0200,0.08,EUR/MWh,ES,ES,imbalance_price,Long,2026-08-28T02:01:39Z
2026-08-28T01:53:23Z,2026-08-28T03:53:23+0200,565fb0ed-db72-48c6-a54e-0fdff3a4721b,2026-08-18T13:45:00Z,2026-08-18T15:45:00+0200,100.37,EUR/MWh,ES,ES,imbalance_price,Short,2026-08-28T02:01:39Z
2026-08-28T01:53:23Z,2026-08-28T03:53:23+0200,565fb0ed-db72-48c6-a54e-0fdff3a4721b,2026-08-18T14:00:00Z,2026-08-18T16:00:00+0200,0.26,EUR/MWh,ES,ES,imbalance_price,Long,2026-08-28T02:01:39Z
2026-08-28T01:53:23Z,2026-08-28T03:53:23+0200,565fb0ed-db72-48c6-a54e-0fdff3a4721b,2026-08-18T14:00:00Z,2026-08-18T16:00:00+0200,114.43,EUR/MWh,ES,ES,imbalance_price,Short,2026-08-28T02:01:39Z
2026-08-28T01:53:23Z,2026-08-28T03:53:23+0200,565fb0ed-db72-48c6-a54e-0fdff3a4721b,2026-08-18T14:15:00Z,2026-08-18T16:15:00+0200,0.0,EUR/MWh,ES,ES,imbalance_price,Long,2026-08-28T02:01:39Z
2026-08-28T01:53:23Z,2026-08-28T03:53:23+0200,565fb0ed-db72-48c6-a54e-0fdff3a4721b,2026-08-18T14:15:00Z,2026-08-18T16:15:00+0200,129.18,EUR/MWh,ES,ES,imbalance_price,Short,2026-08-28T02:01:39Z
2026-08-28T01:53:23Z,2026-08-28T03:53:23+0200,565fb0ed-db72-48c6-a54e-0fdff3a4721b,2026-08-18T14:30:00Z,2026-08-18T16:30:00+0200,-1.4,EUR/MWh,ES,ES,imbalance_price,Long,2026-08-28T02:01:39Z
2026-08-28T01:53:23Z,2026-08-28T03:53:23+0200,565fb0ed-db72-48c6-a54e-0fdff3a4721b,2026-08-18T14:30:00Z,2026-08-18T16:30:00+0200,139.56,EUR/MWh,ES,ES,imbalance_price,Short,2026-08-28T02:01:39Z
2026-08-28T01:53:23Z,2026-08-28T03:53:23+0200,565fb0ed-db72-48c6-a54e-0fdff3a4721b,2026-08-18T14:45:00Z,2026-08-18T16:45:00+0200,-0.8,EUR/MWh,ES,ES,imbalance_price,Long,2026-08-28T02:01:39Z
2026-08-28T01:53:23Z,2026-08-28T03:53:23+0200,565fb0ed-db72-48c6-a54e-0fdff3a4721b,2026-08-18T14:45:00Z,2026-08-18T16:45:00+0200,118.63,EUR/MWh,ES,ES,imbalance_price,Short,2026-08-28T02:01:39Z
2026-08-28T01:53:23Z,2026-08-28T03:53:23+0200,565fb0ed-db72-48c6-a54e-0fdff3a4721b,2026-08-18T15:00:00Z,2026-08-18T17:00:00+0200,29.79,EUR/MWh,ES,ES,imbalance_price,Long,2026-08-28T02:01:39Z
2026-08-28T01:53:23Z,2026-08-28T03:53:23+0200,565fb0ed-db72-48c6-a54e-0fdff3a4721b,2026-08-18T15:00:00Z,2026-08-18T17:00:00+0200,29.79,EUR/MWh,ES,ES,imbalance_price,Short,2026-08-28T02:01:39Z
2026-08-28T01:53:23Z,2026-08-28T03:53:23+0200,565fb0ed-db72-48c6-a54e-0fdff3a4721b,2026-08-18T15:15:00Z,2026-08-18T17:15:00+0200,0.05,EUR/MWh,ES,ES,imbalance_price,Long,2026-08-28T02:01:39Z
2026-08-28T01:53:23Z,2026-08-28T03:53:23+0200,565fb0ed-db72-48c6-a54e-0fdff3a4721b,2026-08-18T15:15:00Z,2026-08-18T17:15:00+0200,112.47,EUR/MWh,ES,ES,imbalance_price,Short,2026-08-28T02:01:39Z
2026-08-28T01:53:23Z,2026-08-28T03:53:23+0200,565fb0ed-db72-48c6-a54e-0fdff3a4721b,2026-08-18T15:30:00Z,2026-08-18T17:30:00+0200,0.05,EUR/MWh,ES,ES,imbalance_price,Long,2026-08-28T02:01:39Z
2026-08-28T01:53:23Z,2026-08-28T03:53:23+0200,565fb0ed-db72-48c6-a54e-0fdff3a4721b,2026-08-18T15:30:00Z,2026-08-18T17:30:00+0200,134.38,EUR/MWh,ES,ES,imbalance_price,Short,2026-08-28T02:01:39Z
2026-08-28T01:53:23Z,2026-08-28T03:53:23+0200,565fb0ed-db72-48c6-a54e-0fdff3a4721b,2026-08-18T15:45:00Z,2026-08-18T17:45:00+0200,50.12,EUR/MWh,ES,ES,imbalance_price,Long,2026-08-28T02:01:39Z
2026-08-28T01:53:23Z,2026-08-28T03:53:23+0200,565fb0ed-db72-48c6-a54e-0fdff3a4721b,2026-08-18T15:45:00Z,2026-08-18T17:45:00+0200,115.31,EUR/MWh,ES,ES,imbalance_price,Short,2026-08-28T02:01:39Z
2026-08-28T01:53:23Z,2026-08-28T03:53:23+0200,565fb0ed-db72-48c6-a54e-0fdff3a4721b,2026-08-18T16:00:00Z,2026-08-18T18:00:00+0200,52.4,EUR/MWh,ES,ES,imbalance_price,Long,2026-08-28T02:01:39Z
2026-08-28T01:53:23Z,2026-08-28T03:53:23+0200,565fb0ed-db72-48c6-a54e-0fdff3a4721b,2026-08-18T16:00:00Z,2026-08-18T18:00:00+0200,116.35,EUR/MWh,ES,ES,imbalance_price,Short,2026-08-28T02:01:39Z
2026-08-28T01:53:23Z,2026-08-28T03:53:23+0200,565fb0ed-db72-48c6-a54e-0fdff3a4721b,2026-08-18T16:15:00Z,2026-08-18T18:15:00+0200,3.11,EUR/MWh,ES,ES,imbalance_price,Long,2026-08-28T02:01:39Z
2026-08-28T01:53:23Z,2026-08-28T03:53:23+0200,565fb0ed-db72-48c6-a54e-0fdff3a4721b,2026-08-18T16:15:00Z,2026-08-18T18:15:00+0200,102.66,EUR/MWh,ES,ES,imbalance_price,Short,2026-08-28T02:01:39Z
2026-08-28T01:53:23Z,2026-08-28T03:53:23+0200,565fb0ed-db72-48c6-a54e-0fdff3a4721b,2026-08-18T16:30:00Z,2026-08-18T18:30:00+0200,69.54,EUR/MWh,ES,ES,imbalance_price,Long,2026-08-28T02:01:39Z
2026-08-28T01:53:23Z,2026-08-28T03:53:23+0200,565fb0ed-db72-48c6-a54e-0fdff3a4721b,2026-08-18T16:30:00Z,2026-08-18T18:30:00+0200,141.84,EUR/MWh,ES,ES,imbalance_price,Short,2026-08-28T02:01:39Z
2026-08-28T01:53:23Z,2026-08-28T03:53:23+0200,565fb0ed-db72-48c6-a54e-0fdff3a4721b,2026-08-18T16:45:00Z,2026-08-18T18:45:00+0200,96.45,EUR/MWh,ES,ES,imbalance_price,Long,2026-08-28T02:01:39Z
2026-08-28T01:53:23Z,2026-08-28T03:53:23+0200,565fb0ed-db72-48c6-a54e-0fdff3a4721b,2026-08-18T16:45:00Z,2026-08-18T18:45:00+0200,151.55,EUR/MWh,ES,ES,imbalance_price,Short,2026-08-28T02:01:39Z
2026-08-28T01:53:23Z,2026-08-28T03:53:23+0200,565fb0ed-db72-48c6-a54e-0fdff3a4721b,2026-08-18T17:00:00Z,2026-08-18T19:00:00+0200,100.36,EUR/MWh,ES,ES,imbalance_price,Long,2026-08-28T02:01:39Z
2026-08-28T01:53:23Z,2026-08-28T03:53:23+0200,565fb0ed-db72-48c6-a54e-0fdff3a4721b,2026-08-18T17:00:00Z,2026-08-18T19:00:00+0200,191.47,EUR/MWh,ES,ES,imbalance_price,Short,2026-08-28T02:01:39Z
2026-08-28T01:53:23Z,2026-08-28T03:53:23+0200,565fb0ed-db72-48c6-a54e-0fdff3a4721b,2026-08-18T17:15:00Z,2026-08-18T19:15:00+0200,117.72,EUR/MWh,ES,ES,imbalance_price,Long,2026-08-28T02:01:39Z
2026-08-28T01:53:23Z,2026-08-28T03:53:23+0200,565fb0ed-db72-48c6-a54e-0fdff3a4721b,2026-08-18T17:15:00Z,2026-08-18T19:15:00+0200,149.51,EUR/MWh,ES,ES,imbalance_price,Short,2026-08-28T02:01:39Z
2026-08-28T01:53:23Z,2026-08-28T03:53:23+0200,565fb0ed-db72-48c6-a54e-0fdff3a4721b,2026-08-18T17:30:00Z,2026-08-18T19:30:00+0200,158.24,EUR/MWh,ES,ES,imbalance_price,Long,2026-08-28T02:01:39Z
2026-08-28T01:53:23Z,2026-08-28T03:53:23+0200,565fb0ed-db72-48c6-a54e-0fdff3a4721b,2026-08-18T17:30:00Z,2026-08-18T19:30:00+0200,158.24,EUR/MWh,ES,ES,imbalance_price,Short,2026-08-28T02:01:39Z
2026-08-28T01:53:23Z,2026-08-28T03:53:23+0200,565fb0ed-db72-48c6-a54e-0fdff3a4721b,2026-08-18T17:45:00Z,2026-08-18T19:45:00+0200,205.13,EUR/MWh,ES,ES,imbalance_price,Long,2026-08-28T02:01:39Z
2026-08-28T01:53:23Z,2026-08-28T03:53:23+0200,565fb0ed-db72-48c6-a54e-0fdff3a4721b,2026-08-18T17:45:00Z,2026-08-18T19:45:00+0200,205.13,EUR/MWh,ES,ES,imbalance_price,Short,2026-08-28T02:01:39Z
2026-08-28T01:53:23Z,2026-08-28T03:53:23+0200,565fb0ed-db72-48c6-a54e-0fdff3a4721b,2026-08-18T18:00:00Z,2026-08-18T20:00:00+0200,189.07,EUR/MWh,ES,ES,imbalance_price,Long,2026-08-28T02:01:39Z
2026-08-28T01:53:23Z,2026-08-28T03:53:23+0200,565fb0ed-db72-48c6-a54e-0fdff3a4721b,2026-08-18T18:00:00Z,2026-08-18T20:00:00+0200,189.07,EUR/MWh,ES,ES,imbalance_price,Short,2026-08-28T02:01:39Z
2026-08-28T01:53:23Z,2026-08-28T03:53:23+0200,565fb0ed-db72-48c6-a54e-0fdff3a4721b,2026-08-18T18:15:00Z,2026-08-18T20:15:00+0200,216.47,EUR/MWh,ES,ES,imbalance_price,Long,2026-08-28T02:01:39Z
2026-08-28T01:53:23Z,2026-08-28T03:53:23+0200,565fb0ed-db72-48c6-a54e-0fdff3a4721b,2026-08-18T18:15:00Z,2026-08-18T20:15:00+0200,216.47,EUR/MWh,ES,ES,imbalance_price,Short,2026-08-28T02:01:39Z
2026-08-28T01:53:23Z,2026-08-28T03:53:23+0200,565fb0ed-db72-48c6-a54e-0fdff3a4721b,2026-08-18T18:30:00Z,2026-08-18T20:30:00+0200,221.19,EUR/MWh,ES,ES,imbalance_price,Long,2026-08-28T02:01:39Z
2026-08-28T01:53:23Z,2026-08-28T03:53:23+0200,565fb0ed-db72-48c6-a54e-0fdff3a4721b,2026-08-18T18:30:00Z,2026-08-18T20:30:00+0200,221.19,EUR/MWh,ES,ES,imbalance_price,Short,2026-08-28T02:01:39Z
2026-08-28T01:53:23Z,2026-08-28T03:53:23+0200,565fb0ed-db72-48c6-a54e-0fdff3a4721b,2026-08-18T18:45:00Z,2026-08-18T20:45:00+0200,159.44,EUR/MWh,ES,ES,imbalance_price,Long,2026-08-28T02:01:39Z
2026-08-28T01:53:23Z,2026-08-28T03:53:23+0200,565fb0ed-db72-48c6-a54e-0fdff3a4721b,2026-08-18T18:45:00Z,2026-08-18T20:45:00+0200,223.93,EUR/MWh,ES,ES,imbalance_price,Short,2026-08-28T02:01:39Z
2026-08-28T01:53:23Z,2026-08-28T03:53:23+0200,565fb0ed-db72-48c6-a54e-0fdff3a4721b,2026-08-18T19:00:00Z,2026-08-18T21:00:00+0200,129.78,EUR/MWh,ES,ES,imbalance_price,Long,2026-08-28T02:01:39Z
2026-08-28T01:53:23Z,2026-08-28T03:53:23+0200,565fb0ed-db72-48c6-a54e-0fdff3a4721b,2026-08-18T19:00:00Z,2026-08-18T21:00:00+0200,233.3,EUR/MWh,ES,ES,imbalance_price,Short,2026-08-28T02:01:39Z
2026-08-28T01:53:23Z,2026-08-28T03:53:23+0200,565fb0ed-db72-48c6-a54e-0fdff3a4721b,2026-08-18T19:15:00Z,2026-08-18T21:15:00+0200,0.0,EUR/MWh,ES,ES,imbalance_price,Long,2026-08-28T02:01:39Z
2026-08-28T01:53:23Z,2026-08-28T03:53:23+0200,565fb0ed-db72-48c6-a54e-0fdff3a4721b,2026-08-18T19:15:00Z,2026-08-18T21:15:00+0200,227.07,EUR/MWh,ES,ES,imbalance_price,Short,2026-08-28T02:01:39Z
2026-08-28T01:53:23Z,2026-08-28T03:53:23+0200,565fb0ed-db72-48c6-a54e-0fdff3a4721b,2026-08-18T19:30:00Z,2026-08-18T21:30:00+0200,212.95,EUR/MWh,ES,ES,imbalance_price,Long,2026-08-28T02:01:39Z
2026-08-28T01:53:23Z,2026-08-28T03:53:23+0200,565fb0ed-db72-48c6-a54e-0fdff3a4721b,2026-08-18T19:30:00Z,2026-08-18T21:30:00+0200,212.95,EUR/MWh,ES,ES,imbalance_price,Short,2026-08-28T02:01:39Z
2026-08-28T01:53:23Z,2026-08-28T03:53:23+0200,565fb0ed-db72-48c6-a54e-0fdff3a4721b,2026-08-18T19:45:00Z,2026-08-18T21:45:00+0200,213.23,EUR/MWh,ES,ES,imbalance_price,Long,2026-08-28T02:01:39Z
2026-08-28T01:53:23Z,2026-08-28T03:53:23+0200,565fb0ed-db72-48c6-a54e-0fdff3a4721b,2026-08-18T19:45:00Z,2026-08-18T21:45:00+0200,213.23,EUR/MWh,ES,ES,imbalance_price,Short,2026-08-28T02:01:39Z
2026-08-28T01:53:23Z,2026-08-28T03:53:23+0200,565fb0ed-db72-48c6-a54e-0fdff3a4721b,2026-08-18T20:00:00Z,2026-08-18T22:00:00+0200,0.0,EUR/MWh,ES,ES,imbalance_price,Long,2026-08-28T02:01:39Z
2026-08-28T01:53:23Z,2026-08-28T03:53:23+0200,565fb0ed-db72-48c6-a54e-0fdff3a4721b,2026-08-18T20:00:00Z,2026-08-18T22:00:00+0200,223.7,EUR/MWh,ES,ES,imbalance_price,Short,2026-08-28T02:01:39Z
2026-08-28T01:53:23Z,2026-08-28T03:53:23+0200,565fb0ed-db72-48c6-a54e-0fdff3a4721b,2026-08-18T20:15:00Z,2026-08-18T22:15:00+0200,160.15,EUR/MWh,ES,ES,imbalance_price,Long,2026-08-28T02:01:39Z
2026-08-28T01:53:23Z,2026-08-28T03:53:23+0200,565fb0ed-db72-48c6-a54e-0fdff3a4721b,2026-08-18T20:15:00Z,2026-08-18T22:15:00+0200,219.56,EUR/MWh,ES,ES,imbalance_price,Short,2026-08-28T02:01:39Z
2026-08-28T01:53:23Z,2026-08-28T03:53:23+0200,565fb0ed-db72-48c6-a54e-0fdff3a4721b,2026-08-18T20:30:00Z,2026-08-18T22:30:00+0200,225.66,EUR/MWh,ES,ES,imbalance_price,Long,2026-08-28T02:01:39Z
2026-08-28T01:53:23Z,2026-08-28T03:53:23+0200,565fb0ed-db72-48c6-a54e-0fdff3a4721b,2026-08-18T20:30:00Z,2026-08-18T22:30:00+0200,225.66,EUR/MWh,ES,ES,imbalance_price,Short,2026-08-28T02:01:39Z
2026-08-28T01:53:23Z,2026-08-28T03:53:23+0200,565fb0ed-db72-48c6-a54e-0fdff3a4721b,2026-08-18T20:45:00Z,2026-08-18T22:45:00+0200,221.11,EUR/MWh,ES,ES,imbalance_price,Long,2026-08-28T02:01:39Z
2026-08-28T01:53:23Z,2026-08-28T03:53:23+0200,565fb0ed-db72-48c6-a54e-0fdff3a4721b,2026-08-18T20:45:00Z,2026-08-18T22:45:00+0200,221.11,EUR/MWh,ES,ES,imbalance_price,Short,2026-08-28T02:01:39Z
2026-08-28T01:53:23Z,2026-08-28T03:53:23+0200,565fb0ed-db72-48c6-a54e-0fdff3a4721b,2026-08-18T21:00:00Z,2026-08-18T23:00:00+0200,150.0,EUR/MWh,ES,ES,imbalance_price,Long,2026-08-28T02:01:39Z
2026-08-28T01:53:23Z,2026-08-28T03:53:23+0200,565fb0ed-db72-48c6-a54e-0fdff3a4721b,2026-08-18T21:00:00Z,2026-08-18T23:00:00+0200,224.15,EUR/MWh,ES,ES,imbalance_price,Short,2026-08-28T02:01:39Z
2026-08-28T01:53:23Z,2026-08-28T03:53:23+0200,565fb0ed-db72-48c6-a54e-0fdff3a4721b,2026-08-18T21:15:00Z,2026-08-18T23:15:00+0200,173.54,EUR/MWh,ES,ES,imbalance_price,Long,2026-08-28T02:01:39Z
2026-08-28T01:53:23Z,2026-08-28T03:53:23+0200,565fb0ed-db72-48c6-a54e-0fdff3a4721b,2026-08-18T21:15:00Z,2026-08-18T23:15:00+0200,214.58,EUR/MWh,ES,ES,imbalance_price,Short,2026-08-28T02:01:39Z
2026-08-28T01:53:23Z,2026-08-28T03:53:23+0200,565fb0ed-db72-48c6-a54e-0fdff3a4721b,2026-08-18T21:30:00Z,2026-08-18T23:30:00+0200,220.27,EUR/MWh,ES,ES,imbalance_price,Long,2026-08-28T02:01:39Z
2026-08-28T01:53:23Z,2026-08-28T03:53:23+0200,565fb0ed-db72-48c6-a54e-0fdff3a4721b,2026-08-18T21:30:00Z,2026-08-18T23:30:00+0200,220.27,EUR/MWh,ES,ES,imbalance_price,Short,2026-08-28T02:01:39Z
2026-08-28T01:53:23Z,2026-08-28T03:53:23+0200,565fb0ed-db72-48c6-a54e-0fdff3a4721b,2026-08-18T21:45:00Z,2026-08-18T23:45:00+0200,212.53,EUR/MWh,ES,ES,imbalance_price,Long,2026-08-28T02:01:39Z
2026-08-28T01:53:23Z,2026-08-28T03:53:23+0200,565fb0ed-db72-48c6-a54e-0fdff3a4721b,2026-08-18T21:45:00Z,2026-08-18T23:45:00+0200,212.53,EUR/MWh,ES,ES,imbalance_price,Short,2026-08-28T02:01:39Z
2026-08-28T01:53:23Z,2026-08-28T03:53:23+0200,565fb0ed-db72-48c6-a54e-0fdff3a4721b,2026-08-18T22:00:00Z,2026-08-19T00:00:00+0200,163.44,EUR/MWh,ES,ES,imbalance_price,Long,2026-08-28T02:01:39Z
2026-08-28T01:53:23Z,2026-08-28T03:53:23+0200,565fb0ed-db72-48c6-a54e-0fdff3a4721b,2026-08-18T22:00:00Z,2026-08-19T00:00:00+0200,224.78,EUR/MWh,ES,ES,imbalance_price,Short,2026-08-28T02:01:39Z
2026-08-28T01:53:23Z,2026-08-28T03:53:23+0200,565fb0ed-db72-48c6-a54e-0fdff3a4721b,2026-08-18T22:15:00Z,2026-08-19T00:15:00+0200,138.14,EUR/MWh,ES,ES,imbalance_price,Long,2026-08-28T02:01:39Z
2026-08-28T01:53:23Z,2026-08-28T03:53:23+0200,565fb0ed-db72-48c6-a54e-0fdff3a4721b,2026-08-18T22:15:00Z,2026-08-19T00:15:00+0200,229.92,EUR/MWh,ES,ES,imbalance_price,Short,2026-08-28T02:01:39Z
2026-08-28T01:53:23Z,2026-08-28T03:53:23+0200,565fb0ed-db72-48c6-a54e-0fdff3a4721b,2026-08-18T22:30:00Z,2026-08-19T00:30:00+0200,149.08,EUR/MWh,ES,ES,imbalance_price,Long,2026-08-28T02:01:39Z
2026-08-28T01:53:23Z,2026-08-28T03:53:23+0200,565fb0ed-db72-48c6-a54e-0fdff3a4721b,2026-08-18T22:30:00Z,2026-08-19T00:30:00+0200,205.29,EUR/MWh,ES,ES,imbalance_price,Short,2026-08-28T02:01:39Z
2026-08-28T01:53:23Z,2026-08-28T03:53:23+0200,565fb0ed-db72-48c6-a54e-0fdff3a4721b,2026-08-18T22:45:00Z,2026-08-19T00:45:00+0200,135.91,EUR/MWh,ES,ES,imbalance_price,Long,2026-08-28T02:01:39Z
2026-08-28T01:53:23Z,2026-08-28T03:53:23+0200,565fb0ed-db72-48c6-a54e-0fdff3a4721b,2026-08-18T22:45:00Z,2026-08-19T00:45:00+0200,227.92,EUR/MWh,ES,ES,imbalance_price,Short,2026-08-28T02:01:39Z
2026-08-28T01:53:23Z,2026-08-28T03:53:23+0200,565fb0ed-db72-48c6-a54e-0fdff3a4721b,2026-08-18T23:00:00Z,2026-08-19T01:00:00+0200,130.37,EUR/MWh,ES,ES,imbalance_price,Long,2026-08-28T02:01:39Z
2026-08-28T01:53:23Z,2026-08-28T03:53:23+0200,565fb0ed-db72-48c6-a54e-0fdff3a4721b,2026-08-18T23:00:00Z,2026-08-19T01:00:00+0200,204.77,EUR/MWh,ES,ES,imbalance_price,Short,2026-08-28T02:01:39Z
2026-08-28T01:53:23Z,2026-08-28T03:53:23+0200,565fb0ed-db72-48c6-a54e-0fdff3a4721b,2026-08-18T23:15:00Z,2026-08-19T01:15:00+0200,73.78,EUR/MWh,ES,ES,imbalance_price,Long,2026-08-28T02:01:39Z
2026-08-28T01:53:23Z,2026-08-28T03:53:23+0200,565fb0ed-db72-48c6-a54e-0fdff3a4721b,2026-08-18T23:15:00Z,2026-08-19T01:15:00+0200,204.68,EUR/MWh,ES,ES,imbalance_price,Short,2026-08-28T02:01:39Z
2026-08-28T01:53:23Z,2026-08-28T03:53:23+0200,565fb0ed-db72-48c6-a54e-0fdff3a4721b,2026-08-18T23:30:00Z,2026-08-19T01:30:00+0200,8.73,EUR/MWh,ES,ES,imbalance_price,Long,2026-08-28T02:01:39Z
2026-08-28T01:53:23Z,2026-08-28T03:53:23+0200,565fb0ed-db72-48c6-a54e-0fdff3a4721b,2026-08-18T23:30:00Z,2026-08-19T01:30:00+0200,199.32,EUR/MWh,ES,ES,imbalance_price,Short,2026-08-28T02:01:39Z
2026-08-28T01:53:23Z,2026-08-28T03:53:23+0200,565fb0ed-db72-48c6-a54e-0fdff3a4721b,2026-08-18T23:45:00Z,2026-08-19T01:45:00+0200,100.52,EUR/MWh,ES,ES,imbalance_price,Long,2026-08-28T02:01:39Z
2026-08-28T01:53:23Z,2026-08-28T03:53:23+0200,565fb0ed-db72-48c6-a54e-0fdff3a4721b,2026-08-18T23:45:00Z,2026-08-19T01:45:00+0200,197.38,EUR/MWh,ES,ES,imbalance_price,Short,2026-08-28T02:01:39Z
2026-08-28T01:53:23Z,2026-08-28T03:53:23+0200,565fb0ed-db72-48c6-a54e-0fdff3a4721b,2026-08-19T00:00:00Z,2026-08-19T02:00:00+0200,127.06,EUR/MWh,ES,ES,imbalance_price,Long,2026-08-28T02:01:39Z
2026-08-28T01:53:23Z,2026-08-28T03:53:23+0200,565fb0ed-db72-48c6-a54e-0fdff3a4721b,2026-08-19T00:00:00Z,2026-08-19T02:00:00+0200,224.42,EUR/MWh,ES,ES,imbalance_price,Short,2026-08-28T02:01:39Z
2026-08-28T01:53:23Z,2026-08-28T03:53:23+0200,565fb0ed-db72-48c6-a54e-0fdff3a4721b,2026-08-19T00:15:00Z,2026-08-19T02:15:00+0200,88.61,EUR/MWh,ES,ES,imbalance_price,Long,2026-08-28T02:01:39Z
2026-08-28T01:53:23Z,2026-08-28T03:53:23+0200,565fb0ed-db72-48c6-a54e-0fdff3a4721b,2026-08-19T00:15:00Z,2026-08-19T02:15:00+0200,221.88,EUR/MWh,ES,ES,imbalance_price,Short,2026-08-28T02:01:39Z
2026-08-28T01:53:23Z,2026-08-28T03:53:23+0200,565fb0ed-db72-48c6-a54e-0fdff3a4721b,2026-08-19T00:30:00Z,2026-08-19T02:30:00+0200,0.0,EUR/MWh,ES,ES,imbalance_price,Long,2026-08-28T02:01:39Z
2026-08-28T01:53:23Z,2026-08-28T03:53:23+0200,565fb0ed-db72-48c6-a54e-0fdff3a4721b,2026-08-19T00:30:00Z,2026-08-19T02:30:00+0200,198.85,EUR/MWh,ES,ES,imbalance_price,Short,2026-08-28T02:01:39Z
2026-08-28T01:53:23Z,2026-08-28T03:53:23+0200,565fb0ed-db72-48c6-a54e-0fdff3a4721b,2026-08-19T00:45:00Z,2026-08-19T02:45:00+0200,0.0,EUR/MWh,ES,ES,imbalance_price,Long,2026-08-28T02:01:39Z
2026-08-28T01:53:23Z,2026-08-28T03:53:23+0200,565fb0ed-db72-48c6-a54e-0fdff3a4721b,2026-08-19T00:45:00Z,2026-08-19T02:45:00+0200,191.02,EUR/MWh,ES,ES,imbalance_price,Short,2026-08-28T02:01:39Z
2026-08-28T01:53:23Z,2026-08-28T03:53:23+0200,565fb0ed-db72-48c6-a54e-0fdff3a4721b,2026-08-19T01:00:00Z,2026-08-19T03:00:00+0200,0.0,EUR/MWh,ES,ES,imbalance_price,Long,2026-08-28T02:01:39Z
2026-08-28T01:53:23Z,2026-08-28T03:53:23+0200,565fb0ed-db72-48c6-a54e-0fdff3a4721b,2026-08-19T01:00:00Z,2026-08-19T03:00:00+0200,221.77,EUR/MWh,ES,ES,imbalance_price,Short,2026-08-28T02:01:39Z
2026-08-28T01:53:23Z,2026-08-28T03:53:23+0200,565fb0ed-db72-48c6-a54e-0fdff3a4721b,2026-08-19T01:15:00Z,2026-08-19T03:15:00+0200,0.0,EUR/MWh,ES,ES,imbalance_price,Long,2026-08-28T02:01:39Z
2026-08-28T01:53:23Z,2026-08-28T03:53:23+0200,565fb0ed-db72-48c6-a54e-0fdff3a4721b,2026-08-19T01:15:00Z,2026-08-19T03:15:00+0200,222.23,EUR/MWh,ES,ES,imbalance_price,Short,2026-08-28T02:01:39Z
2026-08-28T01:53:23Z,2026-08-28T03:53:23+0200,565fb0ed-db72-48c6-a54e-0fdff3a4721b,2026-08-19T01:30:00Z,2026-08-19T03:30:00+0200,0.0,EUR/MWh,ES,ES,imbalance_price,Long,2026-08-28T02:01:39Z
2026-08-28T01:53:23Z,2026-08-28T03:53:23+0200,565fb0ed-db72-48c6-a54e-0fdff3a4721b,2026-08-19T01:30:00Z,2026-08-19T03:30:00+0200,238.01,EUR/MWh,ES,ES,imbalance_price,Short,2026-08-28T02:01:39Z
2026-08-28T01:53:23Z,2026-08-28T03:53:23+0200,565fb0ed-db72-48c6-a54e-0fdff3a4721b,2026-08-19T01:45:00Z,2026-08-19T03:45:00+0200,72.7,EUR/MWh,ES,ES,imbalance_price,Long,2026-08-28T02:01:39Z
2026-08-28T01:53:23Z,2026-08-28T03:53:23+0200,565fb0ed-db72-48c6-a54e-0fdff3a4721b,2026-08-19T01:45:00Z,2026-08-19T03:45:00+0200,236.32,EUR/MWh,ES,ES,imbalance_price,Short,2026-08-28T02:01:39Z
2026-08-28T01:53:23Z,2026-08-28T03:53:23+0200,565fb0ed-db72-48c6-a54e-0fdff3a4721b,2026-08-19T02:00:00Z,2026-08-19T04:00:00+0200,0.0,EUR/MWh,ES,ES,imbalance_price,Long,2026-08-28T02:01:39Z
2026-08-28T01:53:23Z,2026-08-28T03:53:23+0200,565fb0ed-db72-48c6-a54e-0fdff3a4721b,2026-08-19T02:00:00Z,2026-08-19T04:00:00+0200,223.43,EUR/MWh,ES,ES,imbalance_price,Short,2026-08-28T02:01:39Z
2026-08-28T01:53:23Z,2026-08-28T03:53:23+0200,565fb0ed-db72-48c6-a54e-0fdff3a4721b,2026-08-19T02:15:00Z,2026-08-19T04:15:00+0200,107.71,EUR/MWh,ES,ES,imbalance_price,Long,2026-08-28T02:01:39Z
2026-08-28T01:53:23Z,2026-08-28T03:53:23+0200,565fb0ed-db72-48c6-a54e-0fdff3a4721b,2026-08-19T02:15:00Z,2026-08-19T04:15:00+0200,224.59,EUR/MWh,ES,ES,imbalance_price,Short,2026-08-28T02:01:39Z
2026-08-28T01:53:23Z,2026-08-28T03:53:23+0200,565fb0ed-db72-48c6-a54e-0fdff3a4721b,2026-08-19T02:30:00Z,2026-08-19T04:30:00+0200,142.17,EUR/MWh,ES,ES,imbalance_price,Long,2026-08-28T02:01:39Z
2026-08-28T01:53:23Z,2026-08-28T03:53:23+0200,565fb0ed-db72-48c6-a54e-0fdff3a4721b,2026-08-19T02:30:00Z,2026-08-19T04:30:00+0200,244.96,EUR/MWh,ES,ES,imbalance_price,Short,2026-08-28T02:01:39Z
2026-08-28T01:53:23Z,2026-08-28T03:53:23+0200,565fb0ed-db72-48c6-a54e-0fdff3a4721b,2026-08-19T02:45:00Z,2026-08-19T04:45:00+0200,126.92,EUR/MWh,ES,ES,imbalance_price,Long,2026-08-28T02:01:39Z
2026-08-28T01:53:23Z,2026-08-28T03:53:23+0200,565fb0ed-db72-48c6-a54e-0fdff3a4721b,2026-08-19T02:45:00Z,2026-08-19T04:45:00+0200,243.75,EUR/MWh,ES,ES,imbalance_price,Short,2026-08-28T02:01:39Z
2026-08-28T01:53:23Z,2026-08-28T03:53:23+0200,565fb0ed-db72-48c6-a54e-0fdff3a4721b,2026-08-19T03:00:00Z,2026-08-19T05:00:00+0200,0.0,EUR/MWh,ES,ES,imbalance_price,Long,2026-08-28T02:01:39Z
2026-08-28T01:53:23Z,2026-08-28T03:53:23+0200,565fb0ed-db72-48c6-a54e-0fdff3a4721b,2026-08-19T03:00:00Z,2026-08-19T05:00:00+0200,187.52,EUR/MWh,ES,ES,imbalance_price,Short,2026-08-28T02:01:39Z
2026-08-28T01:53:23Z,2026-08-28T03:53:23+0200,565fb0ed-db72-48c6-a54e-0fdff3a4721b,2026-08-19T03:15:00Z,2026-08-19T05:15:00+0200,128.82,EUR/MWh,ES,ES,imbalance_price,Long,2026-08-28T02:01:39Z
2026-08-28T01:53:23Z,2026-08-28T03:53:23+0200,565fb0ed-db72-48c6-a54e-0fdff3a4721b,2026-08-19T03:15:00Z,2026-08-19T05:15:00+0200,181.64,EUR/MWh,ES,ES,imbalance_price,Short,2026-08-28T02:01:39Z
2026-08-28T01:53:23Z,2026-08-28T03:53:23+0200,565fb0ed-db72-48c6-a54e-0fdff3a4721b,2026-08-19T03:30:00Z,2026-08-19T05:30:00+0200,125.52,EUR/MWh,ES,ES,imbalance_price,Long,2026-08-28T02:01:39Z
2026-08-28T01:53:23Z,2026-08-28T03:53:23+0200,565fb0ed-db72-48c6-a54e-0fdff3a4721b,2026-08-19T03:30:00Z,2026-08-19T05:30:00+0200,216.77,EUR/MWh,ES,ES,imbalance_price,Short,2026-08-28T02:01:39Z
2026-08-28T01:53:23Z,2026-08-28T03:53:23+0200,565fb0ed-db72-48c6-a54e-0fdff3a4721b,2026-08-19T03:45:00Z,2026-08-19T05:45:00+0200,103.59,EUR/MWh,ES,ES,imbalance_price,Long,2026-08-28T02:01:39Z
2026-08-28T01:53:23Z,2026-08-28T03:53:23+0200,565fb0ed-db72-48c6-a54e-0fdff3a4721b,2026-08-19T03:45:00Z,2026-08-19T05:45:00+0200,222.79,EUR/MWh,ES,ES,imbalance_price,Short,2026-08-28T02:01:39Z
2026-08-28T01:53:23Z,2026-08-28T03:53:23+0200,565fb0ed-db72-48c6-a54e-0fdff3a4721b,2026-08-19T04:00:00Z,2026-08-19T06:00:00+0200,111.3,EUR/MWh,ES,ES,imbalance_price,Long,2026-08-28T02:01:39Z
2026-08-28T01:53:23Z,2026-08-28T03:53:23+0200,565fb0ed-db72-48c6-a54e-0fdff3a4721b,2026-08-19T04:00:00Z,2026-08-19T06:00:00+0200,200.0,EUR/MWh,ES,ES,imbalance_price,Short,2026-08-28T02:01:39Z
2026-08-28T01:53:23Z,2026-08-28T03:53:23+0200,565fb0ed-db72-48c6-a54e-0fdff3a4721b,2026-08-19T04:15:00Z,2026-08-19T06:15:00+0200,127.18,EUR/MWh,ES,ES,imbalance_price,Long,2026-08-28T02:01:39Z
2026-08-28T01:53:23Z,2026-08-28T03:53:23+0200,565fb0ed-db72-48c6-a54e-0fdff3a4721b,2026-08-19T04:15:00Z,2026-08-19T06:15:00+0200,174.56,EUR/MWh,ES,ES,imbalance_price,Short,2026-08-28T02:01:39Z
2026-08-28T01:53:23Z,2026-08-28T03:53:23+0200,565fb0ed-db72-48c6-a54e-0fdff3a4721b,2026-08-19T04:30:00Z,2026-08-19T06:30:00+0200,118.83,EUR/MWh,ES,ES,imbalance_price,Long,2026-08-28T02:01:39Z
2026-08-28T01:53:23Z,2026-08-28T03:53:23+0200,565fb0ed-db72-48c6-a54e-0fdff3a4721b,2026-08-19T04:30:00Z,2026-08-19T06:30:00+0200,188.93,EUR/MWh,ES,ES,imbalance_price,Short,2026-08-28T02:01:39Z
2026-08-28T01:53:23Z,2026-08-28T03:53:23+0200,565fb0ed-db72-48c6-a54e-0fdff3a4721b,2026-08-19T04:45:00Z,2026-08-19T06:45:00+0200,94.38,EUR/MWh,ES,ES,imbalance_price,Long,2026-08-28T02:01:39Z
2026-08-28T01:53:23Z,2026-08-28T03:53:23+0200,565fb0ed-db72-48c6-a54e-0fdff3a4721b,2026-08-19T04:45:00Z,2026-08-19T06:45:00+0200,219.09,EUR/MWh,ES,ES,imbalance_price,Short,2026-08-28T02:01:39Z
2026-08-28T01:53:23Z,2026-08-28T03:53:23+0200,565fb0ed-db72-48c6-a54e-0fdff3a4721b,2026-08-19T05:00:00Z,2026-08-19T07:00:00+0200,116.48,EUR/MWh,ES,ES,imbalance_price,Long,2026-08-28T02:01:39Z
2026-08-28T01:53:23Z,2026-08-28T03:53:23+0200,565fb0ed-db72-48c6-a54e-0fdff3a4721b,2026-08-19T05:00:00Z,2026-08-19T07:00:00+0200,217.42,EUR/MWh,ES,ES,imbalance_price,Short,2026-08-28T02:01:39Z
2026-08-28T01:53:23Z,2026-08-28T03:53:23+0200,565fb0ed-db72-48c6-a54e-0fdff3a4721b,2026-08-19T05:15:00Z,2026-08-19T07:15:00+0200,130.31,EUR/MWh,ES,ES,imbalance_price,Long,2026-08-28T02:01:39Z
2026-08-28T01:53:23Z,2026-08-28T03:53:23+0200,565fb0ed-db72-48c6-a54e-0fdff3a4721b,2026-08-19T05:15:00Z,2026-08-19T07:15:00+0200,190.71,EUR/MWh,ES,ES,imbalance_price,Short,2026-08-28T02:01:39Z
2026-08-28T01:53:23Z,2026-08-28T03:53:23+0200,565fb0ed-db72-48c6-a54e-0fdff3a4721b,2026-08-19T05:30:00Z,2026-08-19T07:30:00+0200,122.12,EUR/MWh,ES,ES,imbalance_price,Long,2026-08-28T02:01:39Z
2026-08-28T01:53:23Z,2026-08-28T03:53:23+0200,565fb0ed-db72-48c6-a54e-0fdff3a4721b,2026-08-19T05:30:00Z,2026-08-19T07:30:00+0200,155.56,EUR/MWh,ES,ES,imbalance_price,Short,2026-08-28T02:01:39Z
2026-08-28T01:53:23Z,2026-08-28T03:53:23+0200,565fb0ed-db72-48c6-a54e-0fdff3a4721b,2026-08-19T05:45:00Z,2026-08-19T07:45:00+0200,118.06,EUR/MWh,ES,ES,imbalance_price,Long,2026-08-28T02:01:39Z
2026-08-28T01:53:23Z,2026-08-28T03:53:23+0200,565fb0ed-db72-48c6-a54e-0fdff3a4721b,2026-08-19T05:45:00Z,2026-08-19T07:45:00+0200,194.49,EUR/MWh,ES,ES,imbalance_price,Short,2026-08-28T02:01:39Z
2026-08-28T01:53:23Z,2026-08-28T03:53:23+0200,565fb0ed-db72-48c6-a54e-0fdff3a4721b,2026-08-19T06:00:00Z,2026-08-19T08:00:00+0200,129.34,EUR/MWh,ES,ES,imbalance_price,Long,2026-08-28T02:01:39Z
2026-08-28T01:53:23Z,2026-08-28T03:53:23+0200,565fb0ed-db72-48c6-a54e-0fdff3a4721b,2026-08-19T06:00:00Z,2026-08-19T08:00:00+0200,193.16,EUR/MWh,ES,ES,imbalance_price,Short,2026-08-28T02:01:39Z
2026-08-28T01:53:23Z,2026-08-28T03:53:23+0200,565fb0ed-db72-48c6-a54e-0fdff3a4721b,2026-08-19T06:15:00Z,2026-08-19T08:15:00+0200,125.04,EUR/MWh,ES,ES,imbalance_price,Long,2026-08-28T02:01:39Z
2026-08-28T01:53:23Z,2026-08-28T03:53:23+0200,565fb0ed-db72-48c6-a54e-0fdff3a4721b,2026-08-19T06:15:00Z,2026-08-19T08:15:00+0200,185.72,EUR/MWh,ES,ES,imbalance_price,Short,2026-08-28T02:01:39Z
2026-08-28T01:53:23Z,2026-08-28T03:53:23+0200,565fb0ed-db72-48c6-a54e-0fdff3a4721b,2026-08-19T06:30:00Z,2026-08-19T08:30:00+0200,116.68,EUR/MWh,ES,ES,imbalance_price,Long,2026-08-28T02:01:39Z
2026-08-28T01:53:23Z,2026-08-28T03:53:23+0200,565fb0ed-db72-48c6-a54e-0fdff3a4721b,2026-08-19T06:30:00Z,2026-08-19T08:30:00+0200,182.19,EUR/MWh,ES,ES,imbalance_price,Short,2026-08-28T02:01:39Z
2026-08-28T01:53:23Z,2026-08-28T03:53:23+0200,565fb0ed-db72-48c6-a54e-0fdff3a4721b,2026-08-19T06:45:00Z,2026-08-19T08:45:00+0200,92.52,EUR/MWh,ES,ES,imbalance_price,Long,2026-08-28T02:01:39Z
2026-08-28T01:53:23Z,2026-08-28T03:53:23+0200,565fb0ed-db72-48c6-a54e-0fdff3a4721b,2026-08-19T06:45:00Z,2026-08-19T08:45:00+0200,150.82,EUR/MWh,ES,ES,imbalance_price,Short,2026-08-28T02:01:39Z
2026-08-28T01:53:23Z,2026-08-28T03:53:23+0200,565fb0ed-db72-48c6-a54e-0fdff3a4721b,2026-08-19T07:00:00Z,2026-08-19T09:00:00+0200,104.58,EUR/MWh,ES,ES,imbalance_price,Long,2026-08-28T02:01:39Z
2026-08-28T01:53:23Z,2026-08-28T03:53:23+0200,565fb0ed-db72-48c6-a54e-0fdff3a4721b,2026-08-19T07:00:00Z,2026-08-19T09:00:00+0200,164.71,EUR/MWh,ES,ES,imbalance_price,Short,2026-08-28T02:01:39Z
2026-08-28T01:53:23Z,2026-08-28T03:53:23+0200,565fb0ed-db72-48c6-a54e-0fdff3a4721b,2026-08-19T07:15:00Z,2026-08-19T09:15:00+0200,95.94,EUR/MWh,ES,ES,imbalance_price,Long,2026-08-28T02:01:39Z
2026-08-28T01:53:23Z,2026-08-28T03:53:23+0200,565fb0ed-db72-48c6-a54e-0fdff3a4721b,2026-08-19T07:15:00Z,2026-08-19T09:15:00+0200,116.15,EUR/MWh,ES,ES,imbalance_price,Short,2026-08-28T02:01:39Z
2026-08-28T01:53:23Z,2026-08-28T03:53:23+0200,565fb0ed-db72-48c6-a54e-0fdff3a4721b,2026-08-19T07:30:00Z,2026-08-19T09:30:00+0200,53.44,EUR/MWh,ES,ES,imbalance_price,Long,2026-08-28T02:01:39Z
2026-08-28T01:53:23Z,2026-08-28T03:53:23+0200,565fb0ed-db72-48c6-a54e-0fdff3a4721b,2026-08-19T07:30:00Z,2026-08-19T09:30:00+0200,53.44,EUR/MWh,ES,ES,imbalance_price,Short,2026-08-28T02:01:39Z
2026-08-28T01:53:23Z,2026-08-28T03:53:23+0200,565fb0ed-db72-48c6-a54e-0fdff3a4721b,2026-08-19T07:45:00Z,2026-08-19T09:45:00+0200,1.99,EUR/MWh,ES,ES,imbalance_price,Long,2026-08-28T02:01:39Z
2026-08-28T01:53:23Z,2026-08-28T03:53:23+0200,565fb0ed-db72-48c6-a54e-0fdff3a4721b,2026-08-19T07:45:00Z,2026-08-19T09:45:00+0200,1.99,EUR/MWh,ES,ES,imbalance_price,Short,2026-08-28T02:01:39Z
2026-08-28T01:53:23Z,2026-08-28T03:53:23+0200,565fb0ed-db72-48c6-a54e-0fdff3a4721b,2026-08-19T08:00:00Z,2026-08-19T10:00:00+0200,0.81,EUR/MWh,ES,ES,imbalance_price,Long,2026-08-28T02:01:39Z
2026-08-28T01:53:23Z,2026-08-28T03:53:23+0200,565fb0ed-db72-48c6-a54e-0fdff3a4721b,2026-08-19T08:00:00Z,2026-08-19T10:00:00+0200,7.1,EUR/MWh,ES,ES,imbalance_price,Short,2026-08-28T02:01:39Z
2026-08-28T01:53:23Z,2026-08-28T03:53:23+0200,565fb0ed-db72-48c6-a54e-0fdff3a4721b,2026-08-19T08:15:00Z,2026-08-19T10:15:00+0200,-0.17,EUR/MWh,ES,ES,imbalance_price,Long,2026-08-28T02:01:39Z
2026-08-28T01:53:23Z,2026-08-28T03:53:23+0200,565fb0ed-db72-48c6-a54e-0fdff3a4721b,2026-08-19T08:15:00Z,2026-08-19T10:15:00+0200,-0.17,EUR/MWh,ES,ES,imbalance_price,Short,2026-08-28T02:01:39Z
2026-08-28T01:53:23Z,2026-08-28T03:53:23+0200,565fb0ed-db72-48c6-a54e-0fdff3a4721b,2026-08-19T08:30:00Z,2026-08-19T10:30:00+0200,-1.09,EUR/MWh,ES,ES,imbalance_price,Long,2026-08-28T02:01:39Z
2026-08-28T01:53:23Z,2026-08-28T03:53:23+0200,565fb0ed-db72-48c6-a54e-0fdff3a4721b,2026-08-19T08:30:00Z,2026-08-19T10:30:00+0200,-1.09,EUR/MWh,ES,ES,imbalance_price,Short,2026-08-28T02:01:39Z
2026-08-28T01:53:23Z,2026-08-28T03:53:23+0200,565fb0ed-db72-48c6-a54e-0fdff3a4721b,2026-08-19T08:45:00Z,2026-08-19T10:45:00+0200,-0.35,EUR/MWh,ES,ES,imbalance_price,Long,2026-08-28T02:01:39Z
2026-08-28T01:53:23Z,2026-08-28T03:53:23+0200,565fb0ed-db72-48c6-a54e-0fdff3a4721b,2026-08-19T08:45:00Z,2026-08-19T10:45:00+0200,-0.35,EUR/MWh,ES,ES,imbalance_price,Short,2026-08-28T02:01:39Z
2026-08-28T01:53:23Z,2026-08-28T03:53:23+0200,565fb0ed-db72-48c6-a54e-0fdff3a4721b,2026-08-19T09:00:00Z,2026-08-19T11:00:00+0200,-1.18,EUR/MWh,ES,ES,imbalance_price,Long,2026-08-28T02:01:39Z
2026-08-28T01:53:23Z,2026-08-28T03:53:23+0200,565fb0ed-db72-48c6-a54e-0fdff3a4721b,2026-08-19T09:00:00Z,2026-08-19T11:00:00+0200,-1.18,EUR/MWh,ES,ES,imbalance_price,Short,2026-08-28T02:01:39Z
2026-08-28T01:53:23Z,2026-08-28T03:53:23+0200,565fb0ed-db72-48c6-a54e-0fdff3a4721b,2026-08-19T09:15:00Z,2026-08-19T11:15:00+0200,-1.66,EUR/MWh,ES,ES,imbalance_price,Long,2026-08-28T02:01:39Z
2026-08-28T01:53:23Z,2026-08-28T03:53:23+0200,565fb0ed-db72-48c6-a54e-0fdff3a4721b,2026-08-19T09:15:00Z,2026-08-19T11:15:00+0200,-1.66,EUR/MWh,ES,ES,imbalance_price,Short,2026-08-28T02:01:39Z
2026-08-28T01:53:23Z,2026-08-28T03:53:23+0200,565fb0ed-db72-48c6-a54e-0fdff3a4721b,2026-08-19T09:30:00Z,2026-08-19T11:30:00+0200,-0.44,EUR/MWh,ES,ES,imbalance_price,Long,2026-08-28T02:01:39Z
2026-08-28T01:53:23Z,2026-08-28T03:53:23+0200,565fb0ed-db72-48c6-a54e-0fdff3a4721b,2026-08-19T09:30:00Z,2026-08-19T11:30:00+0200,-0.44,EUR/MWh,ES,ES,imbalance_price,Short,2026-08-28T02:01:39Z
2026-08-28T01:53:23Z,2026-08-28T03:53:23+0200,565fb0ed-db72-48c6-a54e-0fdff3a4721b,2026-08-19T09:45:00Z,2026-08-19T11:45:00+0200,-0.03,EUR/MWh,ES,ES,imbalance_price,Long,2026-08-28T02:01:39Z
2026-08-28T01:53:23Z,2026-08-28T03:53:23+0200,565fb0ed-db72-48c6-a54e-0fdff3a4721b,2026-08-19T09:45:00Z,2026-08-19T11:45:00+0200,15.69,EUR/MWh,ES,ES,imbalance_price,Short,2026-08-28T02:01:39Z
2026-08-28T01:53:23Z,2026-08-28T03:53:23+0200,565fb0ed-db72-48c6-a54e-0fdff3a4721b,2026-08-19T10:00:00Z,2026-08-19T12:00:00+0200,-1.36,EUR/MWh,ES,ES,imbalance_price,Long,2026-08-28T02:01:39Z
2026-08-28T01:53:23Z,2026-08-28T03:53:23+0200,565fb0ed-db72-48c6-a54e-0fdff3a4721b,2026-08-19T10:00:00Z,2026-08-19T12:00:00+0200,64.97,EUR/MWh,ES,ES,imbalance_price,Short,2026-08-28T02:01:39Z
2026-08-28T01:53:23Z,2026-08-28T03:53:23+0200,565fb0ed-db72-48c6-a54e-0fdff3a4721b,2026-08-19T10:15:00Z,2026-08-19T12:15:00+0200,0.0,EUR/MWh,ES,ES,imbalance_price,Long,2026-08-28T02:01:39Z
2026-08-28T01:53:23Z,2026-08-28T03:53:23+0200,565fb0ed-db72-48c6-a54e-0fdff3a4721b,2026-08-19T10:15:00Z,2026-08-19T12:15:00+0200,16.58,EUR/MWh,ES,ES,imbalance_price,Short,2026-08-28T02:01:39Z
2026-08-28T01:53:23Z,2026-08-28T03:53:23+0200,565fb0ed-db72-48c6-a54e-0fdff3a4721b,2026-08-19T10:30:00Z,2026-08-19T12:30:00+0200,0.0,EUR/MWh,ES,ES,imbalance_price,Long,2026-08-28T02:01:39Z
2026-08-28T01:53:23Z,2026-08-28T03:53:23+0200,565fb0ed-db72-48c6-a54e-0fdff3a4721b,2026-08-19T10:30:00Z,2026-08-19T12:30:00+0200,56.09,EUR/MWh,ES,ES,imbalance_price,Short,2026-08-28T02:01:39Z
2026-08-28T01:53:23Z,2026-08-28T03:53:23+0200,565fb0ed-db72-48c6-a54e-0fdff3a4721b,2026-08-19T10:45:00Z,2026-08-19T12:45:00+0200,0.02,EUR/MWh,ES,ES,imbalance_price,Long,2026-08-28T02:01:39Z
2026-08-28T01:53:23Z,2026-08-28T03:53:23+0200,565fb0ed-db72-48c6-a54e-0fdff3a4721b,2026-08-19T10:45:00Z,2026-08-19T12:45:00+0200,22.89,EUR/MWh,ES,ES,imbalance_price,Short,2026-08-28T02:01:39Z
2026-08-28T01:53:23Z,2026-08-28T03:53:23+0200,565fb0ed-db72-48c6-a54e-0fdff3a4721b,2026-08-19T11:00:00Z,2026-08-19T13:00:00+0200,0.04,EUR/MWh,ES,ES,imbalance_price,Long,2026-08-28T02:01:39Z
2026-08-28T01:53:23Z,2026-08-28T03:53:23+0200,565fb0ed-db72-48c6-a54e-0fdff3a4721b,2026-08-19T11:00:00Z,2026-08-19T13:00:00+0200,49.37,EUR/MWh,ES,ES,imbalance_price,Short,2026-08-28T02:01:39Z
2026-08-28T01:53:23Z,2026-08-28T03:53:23+0200,565fb0ed-db72-48c6-a54e-0fdff3a4721b,2026-08-19T11:15:00Z,2026-08-19T13:15:00+0200,-0.15,EUR/MWh,ES,ES,imbalance_price,Long,2026-08-28T02:01:39Z
2026-08-28T01:53:23Z,2026-08-28T03:53:23+0200,565fb0ed-db72-48c6-a54e-0fdff3a4721b,2026-08-19T11:15:00Z,2026-08-19T13:15:00+0200,1.72,EUR/MWh,ES,ES,imbalance_price,Short,2026-08-28T02:01:39Z
2026-08-28T01:53:23Z,2026-08-28T03:53:23+0200,565fb0ed-db72-48c6-a54e-0fdff3a4721b,2026-08-19T11:30:00Z,2026-08-19T13:30:00+0200,-0.45,EUR/MWh,ES,ES,imbalance_price,Long,2026-08-28T02:01:39Z
2026-08-28T01:53:23Z,2026-08-28T03:53:23+0200,565fb0ed-db72-48c6-a54e-0fdff3a4721b,2026-08-19T11:30:00Z,2026-08-19T13:30:00+0200,4.66,EUR/MWh,ES,ES,imbalance_price,Short,2026-08-28T02:01:39Z
2026-08-28T01:53:23Z,2026-08-28T03:53:23+0200,565fb0ed-db72-48c6-a54e-0fdff3a4721b,2026-08-19T11:45:00Z,2026-08-19T13:45:00+0200,-0.57,EUR/MWh,ES,ES,imbalance_price,Long,2026-08-28T02:01:39Z
2026-08-28T01:53:23Z,2026-08-28T03:53:23+0200,565fb0ed-db72-48c6-a54e-0fdff3a4721b,2026-08-19T11:45:00Z,2026-08-19T13:45:00+0200,2.72,EUR/MWh,ES,ES,imbalance_price,Short,2026-08-28T02:01:39Z
2026-08-28T01:53:23Z,2026-08-28T03:53:23+0200,565fb0ed-db72-48c6-a54e-0fdff3a4721b,2026-08-19T12:00:00Z,2026-08-19T14:00:00+0200,-1.72,EUR/MWh,ES,ES,imbalance_price,Long,2026-08-28T02:01:39Z
2026-08-28T01:53:23Z,2026-08-28T03:53:23+0200,565fb0ed-db72-48c6-a54e-0fdff3a4721b,2026-08-19T12:00:00Z,2026-08-19T14:00:00+0200,3.43,EUR/MWh,ES,ES,imbalance_price,Short,2026-08-28T02:01:39Z
2026-08-28T01:53:23Z,2026-08-28T03:53:23+0200,565fb0ed-db72-48c6-a54e-0fdff3a4721b,2026-08-19T12:15:00Z,2026-08-19T14:15:00+0200,-2.06,EUR/MWh,ES,ES,imbalance_price,Long,2026-08-28T02:01:39Z
2026-08-28T01:53:23Z,2026-08-28T03:53:23+0200,565fb0ed-db72-48c6-a54e-0fdff3a4721b,2026-08-19T12:15:00Z,2026-08-19T14:15:00+0200,-2.06,EUR/MWh,ES,ES,imbalance_price,Short,2026-08-28T02:01:39Z
2026-08-28T01:53:23Z,2026-08-28T03:53:23+0200,565fb0ed-db72-48c6-a54e-0fdff3a4721b,2026-08-19T12:30:00Z,2026-08-19T14:30:00+0200,-1.32,EUR/MWh,ES,ES,imbalance_price,Long,2026-08-28T02:01:39Z
2026-08-28T01:53:23Z,2026-08-28T03:53:23+0200,565fb0ed-db72-48c6-a54e-0fdff3a4721b,2026-08-19T12:30:00Z,2026-08-19T14:30:00+0200,0.25,EUR/MWh,ES,ES,imbalance_price,Short,2026-08-28T02:01:39Z
2026-08-28T01:53:23Z,2026-08-28T03:53:23+0200,565fb0ed-db72-48c6-a54e-0fdff3a4721b,2026-08-19T12:45:00Z,2026-08-19T14:45:00+0200,-4.54,EUR/MWh,ES,ES,imbalance_price,Long,2026-08-28T02:01:39Z
2026-08-28T01:53:23Z,2026-08-28T03:53:23+0200,565fb0ed-db72-48c6-a54e-0fdff3a4721b,2026-08-19T12:45:00Z,2026-08-19T14:45:00+0200,0.0,EUR/MWh,ES,ES,imbalance_price,Short,2026-08-28T02:01:39Z
2026-08-28T01:53:23Z,2026-08-28T03:53:23+0200,565fb0ed-db72-48c6-a54e-0fdff3a4721b,2026-08-19T13:00:00Z,2026-08-19T15:00:00+0200,-6.17,EUR/MWh,ES,ES,imbalance_price,Long,2026-08-28T02:01:39Z
2026-08-28T01:53:23Z,2026-08-28T03:53:23+0200,565fb0ed-db72-48c6-a54e-0fdff3a4721b,2026-08-19T13:00:00Z,2026-08-19T15:00:00+0200,0.0,EUR/MWh,ES,ES,imbalance_price,Short,2026-08-28T02:01:39Z
2026-08-28T01:53:23Z,2026-08-28T03:53:23+0200,565fb0ed-db72-48c6-a54e-0fdff3a4721b,2026-08-19T13:15:00Z,2026-08-19T15:15:00+0200,-3.81,EUR/MWh,ES,ES,imbalance_price,Long,2026-08-28T02:01:39Z
2026-08-28T01:53:23Z,2026-08-28T03:53:23+0200,565fb0ed-db72-48c6-a54e-0fdff3a4721b,2026-08-19T13:15:00Z,2026-08-19T15:15:00+0200,0.0,EUR/MWh,ES,ES,imbalance_price,Short,2026-08-28T02:01:39Z
2026-08-28T01:53:23Z,2026-08-28T03:53:23+0200,565fb0ed-db72-48c6-a54e-0fdff3a4721b,2026-08-19T13:30:00Z,2026-08-19T15:30:00+0200,-7.39,EUR/MWh,ES,ES,imbalance_price,Long,2026-08-28T02:01:39Z
2026-08-28T01:53:23Z,2026-08-28T03:53:23+0200,565fb0ed-db72-48c6-a54e-0fdff3a4721b,2026-08-19T13:30:00Z,2026-08-19T15:30:00+0200,0.04,EUR/MWh,ES,ES,imbalance_price,Short,2026-08-28T02:01:39Z
2026-08-28T01:53:23Z,2026-08-28T03:53:23+0200,565fb0ed-db72-48c6-a54e-0fdff3a4721b,2026-08-19T13:45:00Z,2026-08-19T15:45:00+0200,-8.12,EUR/MWh,ES,ES,imbalance_price,Long,2026-08-28T02:01:39Z
2026-08-28T01:53:23Z,2026-08-28T03:53:23+0200,565fb0ed-db72-48c6-a54e-0fdff3a4721b,2026-08-19T13:45:00Z,2026-08-19T15:45:00+0200,0.0,EUR/MWh,ES,ES,imbalance_price,Short,2026-08-28T02:01:39Z
2026-08-28T01:53:23Z,2026-08-28T03:53:23+0200,565fb0ed-db72-48c6-a54e-0fdff3a4721b,2026-08-19T14:00:00Z,2026-08-19T16:00:00+0200,-1.05,EUR/MWh,ES,ES,imbalance_price,Long,2026-08-28T02:01:39Z
2026-08-28T01:53:23Z,2026-08-28T03:53:23+0200,565fb0ed-db72-48c6-a54e-0fdff3a4721b,2026-08-19T14:00:00Z,2026-08-19T16:00:00+0200,-1.05,EUR/MWh,ES,ES,imbalance_price,Short,2026-08-28T02:01:39Z
2026-08-28T01:53:23Z,2026-08-28T03:53:23+0200,565fb0ed-db72-48c6-a54e-0fdff3a4721b,2026-08-19T14:15:00Z,2026-08-19T16:15:00+0200,-0.66,EUR/MWh,ES,ES,imbalance_price,Long,2026-08-28T02:01:39Z
2026-08-28T01:53:23Z,2026-08-28T03:53:23+0200,565fb0ed-db72-48c6-a54e-0fdff3a4721b,2026-08-19T14:15:00Z,2026-08-19T16:15:00+0200,-0.66,EUR/MWh,ES,ES,imbalance_price,Short,2026-08-28T02:01:39Z
2026-08-28T01:53:23Z,2026-08-28T03:53:23+0200,565fb0ed-db72-48c6-a54e-0fdff3a4721b,2026-08-19T14:30:00Z,2026-08-19T16:30:00+0200,-0.2,EUR/MWh,ES,ES,imbalance_price,Long,2026-08-28T02:01:39Z
2026-08-28T01:53:23Z,2026-08-28T03:53:23+0200,565fb0ed-db72-48c6-a54e-0fdff3a4721b,2026-08-19T14:30:00Z,2026-08-19T16:30:00+0200,-0.2,EUR/MWh,ES,ES,imbalance_price,Short,2026-08-28T02:01:39Z
2026-08-28T01:53:23Z,2026-08-28T03:53:23+0200,565fb0ed-db72-48c6-a54e-0fdff3a4721b,2026-08-19T14:45:00Z,2026-08-19T16:45:00+0200,-0.41,EUR/MWh,ES,ES,imbalance_price,Long,2026-08-28T02:01:39Z
2026-08-28T01:53:23Z,2026-08-28T03:53:23+0200,565fb0ed-db72-48c6-a54e-0fdff3a4721b,2026-08-19T14:45:00Z,2026-08-19T16:45:00+0200,-0.41,EUR/MWh,ES,ES,imbalance_price,Short,2026-08-28T02:01:39Z
2026-08-28T01:53:23Z,2026-08-28T03:53:23+0200,565fb0ed-db72-48c6-a54e-0fdff3a4721b,2026-08-19T15:00:00Z,2026-08-19T17:00:00+0200,-1.56,EUR/MWh,ES,ES,imbalance_price,Long,2026-08-28T02:01:39Z
2026-08-28T01:53:23Z,2026-08-28T03:53:23+0200,565fb0ed-db72-48c6-a54e-0fdff3a4721b,2026-08-19T15:00:00Z,2026-08-19T17:00:00+0200,8.84,EUR/MWh,ES,ES,imbalance_price,Short,2026-08-28T02:01:39Z
2026-08-28T01:53:23Z,2026-08-28T03:53:23+0200,565fb0ed-db72-48c6-a54e-0fdff3a4721b,2026-08-19T15:15:00Z,2026-08-19T17:15:00+0200,-1.86,EUR/MWh,ES,ES,imbalance_price,Long,2026-08-28T02:01:39Z
2026-08-28T01:53:23Z,2026-08-28T03:53:23+0200,565fb0ed-db72-48c6-a54e-0fdff3a4721b,2026-08-19T15:15:00Z,2026-08-19T17:15:00+0200,39.15,EUR/MWh,ES,ES,imbalance_price,Short,2026-08-28T02:01:39Z
2026-08-28T01:53:23Z,2026-08-28T03:53:23+0200,565fb0ed-db72-48c6-a54e-0fdff3a4721b,2026-08-19T15:30:00Z,2026-08-19T17:30:00+0200,-0.07,EUR/MWh,ES,ES,imbalance_price,Long,2026-08-28T02:01:39Z
2026-08-28T01:53:23Z,2026-08-28T03:53:23+0200,565fb0ed-db72-48c6-a54e-0fdff3a4721b,2026-08-19T15:30:00Z,2026-08-19T17:30:00+0200,-0.07,EUR/MWh,ES,ES,imbalance_price,Short,2026-08-28T02:01:39Z
2026-08-28T01:53:23Z,2026-08-28T03:53:23+0200,565fb0ed-db72-48c6-a54e-0fdff3a4721b,2026-08-19T15:45:00Z,2026-08-19T17:45:00+0200,0.4,EUR/MWh,ES,ES,imbalance_price,Long,2026-08-28T02:01:39Z
2026-08-28T01:53:23Z,2026-08-28T03:53:23+0200,565fb0ed-db72-48c6-a54e-0fdff3a4721b,2026-08-19T15:45:00Z,2026-08-19T17:45:00+0200,83.87,EUR/MWh,ES,ES,imbalance_price,Short,2026-08-28T02:01:39Z
2026-08-28T01:53:23Z,2026-08-28T03:53:23+0200,565fb0ed-db72-48c6-a54e-0fdff3a4721b,2026-08-19T16:00:00Z,2026-08-19T18:00:00+0200,-2.02,EUR/MWh,ES,ES,imbalance_price,Long,2026-08-28T02:01:39Z
2026-08-28T01:53:23Z,2026-08-28T03:53:23+0200,565fb0ed-db72-48c6-a54e-0fdff3a4721b,2026-08-19T16:00:00Z,2026-08-19T18:00:00+0200,87.83,EUR/MWh,ES,ES,imbalance_price,Short,2026-08-28T02:01:39Z
2026-08-28T01:53:23Z,2026-08-28T03:53:23+0200,565fb0ed-db72-48c6-a54e-0fdff3a4721b,2026-08-19T16:15:00Z,2026-08-19T18:15:00+0200,-1.6,EUR/MWh,ES,ES,imbalance_price,Long,2026-08-28T02:01:39Z
2026-08-28T01:53:23Z,2026-08-28T03:53:23+0200,565fb0ed-db72-48c6-a54e-0fdff3a4721b,2026-08-19T16:15:00Z,2026-08-19T18:15:00+0200,139.01,EUR/MWh,ES,ES,imbalance_price,Short,2026-08-28T02:01:39Z
2026-08-28T01:53:23Z,2026-08-28T03:53:23+0200,565fb0ed-db72-48c6-a54e-0fdff3a4721b,2026-08-19T16:30:00Z,2026-08-19T18:30:00+0200,-1.96,EUR/MWh,ES,ES,imbalance_price,Long,2026-08-28T02:01:39Z
2026-08-28T01:53:23Z,2026-08-28T03:53:23+0200,565fb0ed-db72-48c6-a54e-0fdff3a4721b,2026-08-19T16:30:00Z,2026-08-19T18:30:00+0200,143.51,EUR/MWh,ES,ES,imbalance_price,Short,2026-08-28T02:01:39Z
2026-08-28T01:53:23Z,2026-08-28T03:53:23+0200,565fb0ed-db72-48c6-a54e-0fdff3a4721b,2026-08-19T16:45:00Z,2026-08-19T18:45:00+0200,0.02,EUR/MWh,ES,ES,imbalance_price,Long,2026-08-28T02:01:39Z
2026-08-28T01:53:23Z,2026-08-28T03:53:23+0200,565fb0ed-db72-48c6-a54e-0fdff3a4721b,2026-08-19T16:45:00Z,2026-08-19T18:45:00+0200,141.7,EUR/MWh,ES,ES,imbalance_price,Short,2026-08-28T02:01:39Z
2026-08-28T01:53:23Z,2026-08-28T03:53:23+0200,565fb0ed-db72-48c6-a54e-0fdff3a4721b,2026-08-19T17:00:00Z,2026-08-19T19:00:00+0200,0.0,EUR/MWh,ES,ES,imbalance_price,Long,2026-08-28T02:01:39Z
2026-08-28T01:53:23Z,2026-08-28T03:53:23+0200,565fb0ed-db72-48c6-a54e-0fdff3a4721b,2026-08-19T17:00:00Z,2026-08-19T19:00:00+0200,132.53,EUR/MWh,ES,ES,imbalance_price,Short,2026-08-28T02:01:39Z
2026-08-28T01:53:23Z,2026-08-28T03:53:23+0200,565fb0ed-db72-48c6-a54e-0fdff3a4721b,2026-08-19T17:15:00Z,2026-08-19T19:15:00+0200,61.1,EUR/MWh,ES,ES,imbalance_price,Long,2026-08-28T02:01:39Z
2026-08-28T01:53:23Z,2026-08-28T03:53:23+0200,565fb0ed-db72-48c6-a54e-0fdff3a4721b,2026-08-19T17:15:00Z,2026-08-19T19:15:00+0200,143.99,EUR/MWh,ES,ES,imbalance_price,Short,2026-08-28T02:01:39Z
2026-08-28T01:53:23Z,2026-08-28T03:53:23+0200,565fb0ed-db72-48c6-a54e-0fdff3a4721b,2026-08-19T17:30:00Z,2026-08-19T19:30:00+0200,100.78,EUR/MWh,ES,ES,imbalance_price,Long,2026-08-28T02:01:39Z
2026-08-28T01:53:23Z,2026-08-28T03:53:23+0200,565fb0ed-db72-48c6-a54e-0fdff3a4721b,2026-08-19T17:30:00Z,2026-08-19T19:30:00+0200,200.3,EUR/MWh,ES,ES,imbalance_price,Short,2026-08-28T02:01:39Z
2026-08-28T01:53:23Z,2026-08-28T03:53:23+0200,565fb0ed-db72-48c6-a54e-0fdff3a4721b,2026-08-19T17:45:00Z,2026-08-19T19:45:00+0200,211.52,EUR/MWh,ES,ES,imbalance_price,Long,2026-08-28T02:01:39Z
2026-08-28T01:53:23Z,2026-08-28T03:53:23+0200,565fb0ed-db72-48c6-a54e-0fdff3a4721b,2026-08-19T17:45:00Z,2026-08-19T19:45:00+0200,211.52,EUR/MWh,ES,ES,imbalance_price,Short,2026-08-28T02:01:39Z
2026-08-28T01:53:23Z,2026-08-28T03:53:23+0200,565fb0ed-db72-48c6-a54e-0fdff3a4721b,2026-08-19T18:00:00Z,2026-08-19T20:00:00+0200,131.36,EUR/MWh,ES,ES,imbalance_price,Long,2026-08-28T02:01:39Z
2026-08-28T01:53:23Z,2026-08-28T03:53:23+0200,565fb0ed-db72-48c6-a54e-0fdff3a4721b,2026-08-19T18:00:00Z,2026-08-19T20:00:00+0200,170.43,EUR/MWh,ES,ES,imbalance_price,Short,2026-08-28T02:01:39Z
2026-08-28T01:53:23Z,2026-08-28T03:53:23+0200,565fb0ed-db72-48c6-a54e-0fdff3a4721b,2026-08-19T18:15:00Z,2026-08-19T20:15:00+0200,163.68,EUR/MWh,ES,ES,imbalance_price,Long,2026-08-28T02:01:39Z
2026-08-28T01:53:23Z,2026-08-28T03:53:23+0200,565fb0ed-db72-48c6-a54e-0fdff3a4721b,2026-08-19T18:15:00Z,2026-08-19T20:15:00+0200,172.96,EUR/MWh,ES,ES,imbalance_price,Short,2026-08-28T02:01:39Z
2026-08-28T01:53:23Z,2026-08-28T03:53:23+0200,565fb0ed-db72-48c6-a54e-0fdff3a4721b,2026-08-19T18:30:00Z,2026-08-19T20:30:00+0200,163.97,EUR/MWh,ES,ES,imbalance_price,Long,2026-08-28T02:01:39Z
2026-08-28T01:53:23Z,2026-08-28T03:53:23+0200,565fb0ed-db72-48c6-a54e-0fdff3a4721b,2026-08-19T18:30:00Z,2026-08-19T20:30:00+0200,186.75,EUR/MWh,ES,ES,imbalance_price,Short,2026-08-28T02:01:39Z
2026-08-28T01:53:23Z,2026-08-28T03:53:23+0200,565fb0ed-db72-48c6-a54e-0fdff3a4721b,2026-08-19T18:45:00Z,2026-08-19T20:45:00+0200,115.36,EUR/MWh,ES,ES,imbalance_price,Long,2026-08-28T02:01:39Z
2026-08-28T01:53:23Z,2026-08-28T03:53:23+0200,565fb0ed-db72-48c6-a54e-0fdff3a4721b,2026-08-19T18:45:00Z,2026-08-19T20:45:00+0200,207.59,EUR/MWh,ES,ES,imbalance_price,Short,2026-08-28T02:01:39Z
2026-08-28T01:53:23Z,2026-08-28T03:53:23+0200,565fb0ed-db72-48c6-a54e-0fdff3a4721b,2026-08-19T19:00:00Z,2026-08-19T21:00:00+0200,122.02,EUR/MWh,ES,ES,imbalance_price,Long,2026-08-28T02:01:39Z
2026-08-28T01:53:23Z,2026-08-28T03:53:23+0200,565fb0ed-db72-48c6-a54e-0fdff3a4721b,2026-08-19T19:00:00Z,2026-08-19T21:00:00+0200,192.86,EUR/MWh,ES,ES,imbalance_price,Short,2026-08-28T02:01:39Z
2026-08-28T01:53:23Z,2026-08-28T03:53:23+0200,565fb0ed-db72-48c6-a54e-0fdff3a4721b,2026-08-19T19:15:00Z,2026-08-19T21:15:00+0200,163.54,EUR/MWh,ES,ES,imbalance_price,Long,2026-08-28T02:01:39Z
2026-08-28T01:53:23Z,2026-08-28T03:53:23+0200,565fb0ed-db72-48c6-a54e-0fdff3a4721b,2026-08-19T19:15:00Z,2026-08-19T21:15:00+0200,182.53,EUR/MWh,ES,ES,imbalance_price,Short,2026-08-28T02:01:39Z
2026-08-28T01:53:23Z,2026-08-28T03:53:23+0200,565fb0ed-db72-48c6-a54e-0fdff3a4721b,2026-08-19T19:30:00Z,2026-08-19T21:30:00+0200,117.12,EUR/MWh,ES,ES,imbalance_price,Long,2026-08-28T02:01:39Z
2026-08-28T01:53:23Z,2026-08-28T03:53:23+0200,565fb0ed-db72-48c6-a54e-0fdff3a4721b,2026-08-19T19:30:00Z,2026-08-19T21:30:00+0200,140.01,EUR/MWh,ES,ES,imbalance_price,Short,2026-08-28T02:01:39Z
2026-08-28T01:53:23Z,2026-08-28T03:53:23+0200,565fb0ed-db72-48c6-a54e-0fdff3a4721b,2026-08-19T19:45:00Z,2026-08-19T21:45:00+0200,156.1,EUR/MWh,ES,ES,imbalance_price,Long,2026-08-28T02:01:39Z
2026-08-28T01:53:23Z,2026-08-28T03:53:23+0200,565fb0ed-db72-48c6-a54e-0fdff3a4721b,2026-08-19T19:45:00Z,2026-08-19T21:45:00+0200,177.33,EUR/MWh,ES,ES,imbalance_price,Short,2026-08-28T02:01:39Z
2026-08-28T01:53:23Z,2026-08-28T03:53:23+0200,565fb0ed-db72-48c6-a54e-0fdff3a4721b,2026-08-19T20:00:00Z,2026-08-19T22:00:00+0200,165.14,EUR/MWh,ES,ES,imbalance_price,Long,2026-08-28T02:01:39Z
2026-08-28T01:53:23Z,2026-08-28T03:53:23+0200,565fb0ed-db72-48c6-a54e-0fdff3a4721b,2026-08-19T20:00:00Z,2026-08-19T22:00:00+0200,165.14,EUR/MWh,ES,ES,imbalance_price,Short,2026-08-28T02:01:39Z
2026-08-28T01:53:23Z,2026-08-28T03:53:23+0200,565fb0ed-db72-48c6-a54e-0fdff3a4721b,2026-08-19T20:15:00Z,2026-08-19T22:15:00+0200,171.09,EUR/MWh,ES,ES,imbalance_price,Long,2026-08-28T02:01:39Z
2026-08-28T01:53:23Z,2026-08-28T03:53:23+0200,565fb0ed-db72-48c6-a54e-0fdff3a4721b,2026-08-19T20:15:00Z,2026-08-19T22:15:00+0200,171.09,EUR/MWh,ES,ES,imbalance_price,Short,2026-08-28T02:01:39Z
2026-08-28T01:53:23Z,2026-08-28T03:53:23+0200,565fb0ed-db72-48c6-a54e-0fdff3a4721b,2026-08-19T20:30:00Z,2026-08-19T22:30:00+0200,187.69,EUR/MWh,ES,ES,imbalance_price,Long,2026-08-28T02:01:39Z
2026-08-28T01:53:23Z,2026-08-28T03:53:23+0200,565fb0ed-db72-48c6-a54e-0fdff3a4721b,2026-08-19T20:30:00Z,2026-08-19T22:30:00+0200,187.69,EUR/MWh,ES,ES,imbalance_price,Short,2026-08-28T02:01:39Z
2026-08-28T01:53:23Z,2026-08-28T03:53:23+0200,565fb0ed-db72-48c6-a54e-0fdff3a4721b,2026-08-19T20:45:00Z,2026-08-19T22:45:00+0200,176.82,EUR/MWh,ES,ES,imbalance_price,Long,2026-08-28T02:01:39Z
2026-08-28T01:53:23Z,2026-08-28T03:53:23+0200,565fb0ed-db72-48c6-a54e-0fdff3a4721b,2026-08-19T20:45:00Z,2026-08-19T22:45:00+0200,176.82,EUR/MWh,ES,ES,imbalance_price,Short,2026-08-28T02:01:39Z
2026-08-28T01:53:23Z,2026-08-28T03:53:23+0200,565fb0ed-db72-48c6-a54e-0fdff3a4721b,2026-08-19T21:00:00Z,2026-08-19T23:00:00+0200,192.33,EUR/MWh,ES,ES,imbalance_price,Long,2026-08-28T02:01:39Z
2026-08-28T01:53:23Z,2026-08-28T03:53:23+0200,565fb0ed-db72-48c6-a54e-0fdff3a4721b,2026-08-19T21:00:00Z,2026-08-19T23:00:00+0200,192.33,EUR/MWh,ES,ES,imbalance_price,Short,2026-08-28T02:01:39Z
2026-08-28T01:53:23Z,2026-08-28T03:53:23+0200,565fb0ed-db72-48c6-a54e-0fdff3a4721b,2026-08-19T21:15:00Z,2026-08-19T23:15:00+0200,164.76,EUR/MWh,ES,ES,imbalance_price,Long,2026-08-28T02:01:39Z
2026-08-28T01:53:23Z,2026-08-28T03:53:23+0200,565fb0ed-db72-48c6-a54e-0fdff3a4721b,2026-08-19T21:15:00Z,2026-08-19T23:15:00+0200,164.76,EUR/MWh,ES,ES,imbalance_price,Short,2026-08-28T02:01:39Z
2026-08-28T01:53:23Z,2026-08-28T03:53:23+0200,565fb0ed-db72-48c6-a54e-0fdff3a4721b,2026-08-19T21:30:00Z,2026-08-19T23:30:00+0200,41.17,EUR/MWh,ES,ES,imbalance_price,Long,2026-08-28T02:01:39Z
2026-08-28T01:53:23Z,2026-08-28T03:53:23+0200,565fb0ed-db72-48c6-a54e-0fdff3a4721b,2026-08-19T21:30:00Z,2026-08-19T23:30:00+0200,185.49,EUR/MWh,ES,ES,imbalance_price,Short,2026-08-28T02:01:39Z
2026-08-28T01:53:23Z,2026-08-28T03:53:23+0200,565fb0ed-db72-48c6-a54e-0fdff3a4721b,2026-08-19T21:45:00Z,2026-08-19T23:45:00+0200,135.49,EUR/MWh,ES,ES,imbalance_price,Long,2026-08-28T02:01:39Z
2026-08-28T01:53:23Z,2026-08-28T03:53:23+0200,565fb0ed-db72-48c6-a54e-0fdff3a4721b,2026-08-19T21:45:00Z,2026-08-19T23:45:00+0200,178.44,EUR/MWh,ES,ES,imbalance_price,Short,2026-08-28T02:01:39Z
2026-08-28T01:53:23Z,2026-08-28T03:53:23+0200,565fb0ed-db72-48c6-a54e-0fdff3a4721b,2026-08-19T22:00:00Z,2026-08-20T00:00:00+0200,219.73,EUR/MWh,ES,ES,imbalance_price,Long,2026-08-28T02:01:39Z
2026-08-28T01:53:23Z,2026-08-28T03:53:23+0200,565fb0ed-db72-48c6-a54e-0fdff3a4721b,2026-08-19T22:00:00Z,2026-08-20T00:00:00+0200,219.73,EUR/MWh,ES,ES,imbalance_price,Short,2026-08-28T02:01:39Z
2026-08-28T01:53:23Z,2026-08-28T03:53:23+0200,565fb0ed-db72-48c6-a54e-0fdff3a4721b,2026-08-19T22:15:00Z,2026-08-20T00:15:00+0200,223.96,EUR/MWh,ES,ES,imbalance_price,Long,2026-08-28T02:01:39Z
2026-08-28T01:53:23Z,2026-08-28T03:53:23+0200,565fb0ed-db72-48c6-a54e-0fdff3a4721b,2026-08-19T22:15:00Z,2026-08-20T00:15:00+0200,223.96,EUR/MWh,ES,ES,imbalance_price,Short,2026-08-28T02:01:39Z
2026-08-28T01:53:23Z,2026-08-28T03:53:23+0200,565fb0ed-db72-48c6-a54e-0fdff3a4721b,2026-08-19T22:30:00Z,2026-08-20T00:30:00+0200,237.59,EUR/MWh,ES,ES,imbalance_price,Long,2026-08-28T02:01:39Z
2026-08-28T01:53:23Z,2026-08-28T03:53:23+0200,565fb0ed-db72-48c6-a54e-0fdff3a4721b,2026-08-19T22:30:00Z,2026-08-20T00:30:00+0200,237.59,EUR/MWh,ES,ES,imbalance_price,Short,2026-08-28T02:01:39Z
2026-08-28T01:53:23Z,2026-08-28T03:53:23+0200,565fb0ed-db72-48c6-a54e-0fdff3a4721b,2026-08-19T22:45:00Z,2026-08-20T00:45:00+0200,131.5,EUR/MWh,ES,ES,imbalance_price,Long,2026-08-28T02:01:39Z
2026-08-28T01:53:23Z,2026-08-28T03:53:23+0200,565fb0ed-db72-48c6-a54e-0fdff3a4721b,2026-08-19T22:45:00Z,2026-08-20T00:45:00+0200,239.14,EUR/MWh,ES,ES,imbalance_price,Short,2026-08-28T02:01:39Z
2026-08-28T01:53:23Z,2026-08-28T03:53:23+0200,565fb0ed-db72-48c6-a54e-0fdff3a4721b,2026-08-19T23:00:00Z,2026-08-20T01:00:00+0200,142.52,EUR/MWh,ES,ES,imbalance_price,Long,2026-08-28T02:01:39Z
2026-08-28T01:53:23Z,2026-08-28T03:53:23+0200,565fb0ed-db72-48c6-a54e-0fdff3a4721b,2026-08-19T23:00:00Z,2026-08-20T01:00:00+0200,224.96,EUR/MWh,ES,ES,imbalance_price,Short,2026-08-28T02:01:39Z
2026-08-28T01:53:23Z,2026-08-28T03:53:23+0200,565fb0ed-db72-48c6-a54e-0fdff3a4721b,2026-08-19T23:15:00Z,2026-08-20T01:15:00+0200,120.73,EUR/MWh,ES,ES,imbalance_price,Long,2026-08-28T02:01:39Z
2026-08-28T01:53:23Z,2026-08-28T03:53:23+0200,565fb0ed-db72-48c6-a54e-0fdff3a4721b,2026-08-19T23:15:00Z,2026-08-20T01:15:00+0200,217.0,EUR/MWh,ES,ES,imbalance_price,Short,2026-08-28T02:01:39Z
2026-08-28T01:53:23Z,2026-08-28T03:53:23+0200,565fb0ed-db72-48c6-a54e-0fdff3a4721b,2026-08-19T23:30:00Z,2026-08-20T01:30:00+0200,0.0,EUR/MWh,ES,ES,imbalance_price,Long,2026-08-28T02:01:39Z
2026-08-28T01:53:23Z,2026-08-28T03:53:23+0200,565fb0ed-db72-48c6-a54e-0fdff3a4721b,2026-08-19T23:30:00Z,2026-08-20T01:30:00+0200,179.27,EUR/MWh,ES,ES,imbalance_price,Short,2026-08-28T02:01:39Z
2026-08-28T01:53:23Z,2026-08-28T03:53:23+0200,565fb0ed-db72-48c6-a54e-0fdff3a4721b,2026-08-19T23:45:00Z,2026-08-20T01:45:00+0200,39.09,EUR/MWh,ES,ES,imbalance_price,Long,2026-08-28T02:01:39Z
2026-08-28T01:53:23Z,2026-08-28T03:53:23+0200,565fb0ed-db72-48c6-a54e-0fdff3a4721b,2026-08-19T23:45:00Z,2026-08-20T01:45:00+0200,176.21,EUR/MWh,ES,ES,imbalance_price,Short,2026-08-28T02:01:39Z
2026-08-28T01:53:23Z,2026-08-28T03:53:23+0200,565fb0ed-db72-48c6-a54e-0fdff3a4721b,2026-08-20T00:00:00Z,2026-08-20T02:00:00+0200,218.78,EUR/MWh,ES,ES,imbalance_price,Long,2026-08-28T02:01:39Z
2026-08-28T01:53:23Z,2026-08-28T03:53:23+0200,565fb0ed-db72-48c6-a54e-0fdff3a4721b,2026-08-20T00:00:00Z,2026-08-20T02:00:00+0200,218.78,EUR/MWh,ES,ES,imbalance_price,Short,2026-08-28T02:01:39Z
2026-08-28T01:53:23Z,2026-08-28T03:53:23+0200,565fb0ed-db72-48c6-a54e-0fdff3a4721b,2026-08-20T00:15:00Z,2026-08-20T02:15:00+0200,76.47,EUR/MWh,ES,ES,imbalance_price,Long,2026-08-28T02:01:39Z
2026-08-28T01:53:23Z,2026-08-28T03:53:23+0200,565fb0ed-db72-48c6-a54e-0fdff3a4721b,2026-08-20T00:15:00Z,2026-08-20T02:15:00+0200,236.74,EUR/MWh,ES,ES,imbalance_price,Short,2026-08-28T02:01:39Z
2026-08-28T01:53:23Z,2026-08-28T03:53:23+0200,565fb0ed-db72-48c6-a54e-0fdff3a4721b,2026-08-20T00:30:00Z,2026-08-20T02:30:00+0200,126.82,EUR/MWh,ES,ES,imbalance_price,Long,2026-08-28T02:01:39Z
2026-08-28T01:53:23Z,2026-08-28T03:53:23+0200,565fb0ed-db72-48c6-a54e-0fdff3a4721b,2026-08-20T00:30:00Z,2026-08-20T02:30:00+0200,246.89,EUR/MWh,ES,ES,imbalance_price,Short,2026-08-28T02:01:39Z
2026-08-28T01:53:23Z,2026-08-28T03:53:23+0200,565fb0ed-db72-48c6-a54e-0fdff3a4721b,2026-08-20T00:45:00Z,2026-08-20T02:45:00+0200,22.0,EUR/MWh,ES,ES,imbalance_price,Long,2026-08-28T02:01:39Z
2026-08-28T01:53:23Z,2026-08-28T03:53:23+0200,565fb0ed-db72-48c6-a54e-0fdff3a4721b,2026-08-20T00:45:00Z,2026-08-20T02:45:00+0200,234.09,EUR/MWh,ES,ES,imbalance_price,Short,2026-08-28T02:01:39Z
2026-08-28T01:53:23Z,2026-08-28T03:53:23+0200,565fb0ed-db72-48c6-a54e-0fdff3a4721b,2026-08-20T01:00:00Z,2026-08-20T03:00:00+0200,121.91,EUR/MWh,ES,ES,imbalance_price,Long,2026-08-28T02:01:39Z
2026-08-28T01:53:23Z,2026-08-28T03:53:23+0200,565fb0ed-db72-48c6-a54e-0fdff3a4721b,2026-08-20T01:00:00Z,2026-08-20T03:00:00+0200,263.53,EUR/MWh,ES,ES,imbalance_price,Short,2026-08-28T02:01:39Z
2026-08-28T01:53:23Z,2026-08-28T03:53:23+0200,565fb0ed-db72-48c6-a54e-0fdff3a4721b,2026-08-20T01:15:00Z,2026-08-20T03:15:00+0200,62.76,EUR/MWh,ES,ES,imbalance_price,Long,2026-08-28T02:01:39Z
2026-08-28T01:53:23Z,2026-08-28T03:53:23+0200,565fb0ed-db72-48c6-a54e-0fdff3a4721b,2026-08-20T01:15:00Z,2026-08-20T03:15:00+0200,266.24,EUR/MWh,ES,ES,imbalance_price,Short,2026-08-28T02:01:39Z
2026-08-28T01:53:23Z,2026-08-28T03:53:23+0200,565fb0ed-db72-48c6-a54e-0fdff3a4721b,2026-08-20T01:30:00Z,2026-08-20T03:30:00+0200,114.06,EUR/MWh,ES,ES,imbalance_price,Long,2026-08-28T02:01:39Z
2026-08-28T01:53:23Z,2026-08-28T03:53:23+0200,565fb0ed-db72-48c6-a54e-0fdff3a4721b,2026-08-20T01:30:00Z,2026-08-20T03:30:00+0200,266.95,EUR/MWh,ES,ES,imbalance_price,Short,2026-08-28T02:01:39Z
2026-08-28T01:53:23Z,2026-08-28T03:53:23+0200,565fb0ed-db72-48c6-a54e-0fdff3a4721b,2026-08-20T01:45:00Z,2026-08-20T03:45:00+0200,126.98,EUR/MWh,ES,ES,imbalance_price,Long,2026-08-28T02:01:39Z
2026-08-28T01:53:23Z,2026-08-28T03:53:23+0200,565fb0ed-db72-48c6-a54e-0fdff3a4721b,2026-08-20T01:45:00Z,2026-08-20T03:45:00+0200,266.99,EUR/MWh,ES,ES,imbalance_price,Short,2026-08-28T02:01:39Z
2026-08-28T01:53:23Z,2026-08-28T03:53:23+0200,565fb0ed-db72-48c6-a54e-0fdff3a4721b,2026-08-20T02:00:00Z,2026-08-20T04:00:00+0200,102.88,EUR/MWh,ES,ES,imbalance_price,Long,2026-08-28T02:01:39Z
2026-08-28T01:53:23Z,2026-08-28T03:53:23+0200,565fb0ed-db72-48c6-a54e-0fdff3a4721b,2026-08-20T02:00:00Z,2026-08-20T04:00:00+0200,263.64,EUR/MWh,ES,ES,imbalance_price,Short,2026-08-28T02:01:39Z
2026-08-28T01:53:23Z,2026-08-28T03:53:23+0200,565fb0ed-db72-48c6-a54e-0fdff3a4721b,2026-08-20T02:15:00Z,2026-08-20T04:15:00+0200,264.38,EUR/MWh,ES,ES,imbalance_price,Long,2026-08-28T02:01:39Z
2026-08-28T01:53:23Z,2026-08-28T03:53:23+0200,565fb0ed-db72-48c6-a54e-0fdff3a4721b,2026-08-20T02:15:00Z,2026-08-20T04:15:00+0200,264.38,EUR/MWh,ES,ES,imbalance_price,Short,2026-08-28T02:01:39Z
2026-08-28T01:53:23Z,2026-08-28T03:53:23+0200,565fb0ed-db72-48c6-a54e-0fdff3a4721b,2026-08-20T02:30:00Z,2026-08-20T04:30:00+0200,264.5,EUR/MWh,ES,ES,imbalance_price,Long,2026-08-28T02:01:39Z
2026-08-28T01:53:23Z,2026-08-28T03:53:23+0200,565fb0ed-db72-48c6-a54e-0fdff3a4721b,2026-08-20T02:30:00Z,2026-08-20T04:30:00+0200,264.5,EUR/MWh,ES,ES,imbalance_price,Short,2026-08-28T02:01:39Z
2026-08-28T01:53:23Z,2026-08-28T03:53:23+0200,565fb0ed-db72-48c6-a54e-0fdff3a4721b,2026-08-20T02:45:00Z,2026-08-20T04:45:00+0200,87.13,EUR/MWh,ES,ES,imbalance_price,Long,2026-08-28T02:01:39Z
2026-08-28T01:53:23Z,2026-08-28T03:53:23+0200,565fb0ed-db72-48c6-a54e-0fdff3a4721b,2026-08-20T02:45:00Z,2026-08-20T04:45:00+0200,266.99,EUR/MWh,ES,ES,imbalance_price,Short,2026-08-28T02:01:39Z
2026-08-28T01:53:23Z,2026-08-28T03:53:23+0200,565fb0ed-db72-48c6-a54e-0fdff3a4721b,2026-08-20T03:00:00Z,2026-08-20T05:00:00+0200,112.77,EUR/MWh,ES,ES,imbalance_price,Long,2026-08-28T02:01:39Z
2026-08-28T01:53:23Z,2026-08-28T03:53:23+0200,565fb0ed-db72-48c6-a54e-0fdff3a4721b,2026-08-20T03:00:00Z,2026-08-20T05:00:00+0200,266.99,EUR/MWh,ES,ES,imbalance_price,Short,2026-08-28T02:01:39Z
2026-08-28T01:53:23Z,2026-08-28T03:53:23+0200,565fb0ed-db72-48c6-a54e-0fdff3a4721b,2026-08-20T03:15:00Z,2026-08-20T05:15:00+0200,269.8,EUR/MWh,ES,ES,imbalance_price,Long,2026-08-28T02:01:39Z
2026-08-28T01:53:23Z,2026-08-28T03:53:23+0200,565fb0ed-db72-48c6-a54e-0fdff3a4721b,2026-08-20T03:15:00Z,2026-08-20T05:15:00+0200,269.8,EUR/MWh,ES,ES,imbalance_price,Short,2026-08-28T02:01:39Z
2026-08-28T01:53:23Z,2026-08-28T03:53:23+0200,565fb0ed-db72-48c6-a54e-0fdff3a4721b,2026-08-20T03:30:00Z,2026-08-20T05:30:00+0200,127.29,EUR/MWh,ES,ES,imbalance_price,Long,2026-08-28T02:01:39Z
2026-08-28T01:53:23Z,2026-08-28T03:53:23+0200,565fb0ed-db72-48c6-a54e-0fdff3a4721b,2026-08-20T03:30:00Z,2026-08-20T05:30:00+0200,266.48,EUR/MWh,ES,ES,imbalance_price,Short,2026-08-28T02:01:39Z
2026-08-28T01:53:23Z,2026-08-28T03:53:23+0200,565fb0ed-db72-48c6-a54e-0fdff3a4721b,2026-08-20T03:45:00Z,2026-08-20T05:45:00+0200,123.6,EUR/MWh,ES,ES,imbalance_price,Long,2026-08-28T02:01:39Z
2026-08-28T01:53:23Z,2026-08-28T03:53:23+0200,565fb0ed-db72-48c6-a54e-0fdff3a4721b,2026-08-20T03:45:00Z,2026-08-20T05:45:00+0200,240.46,EUR/MWh,ES,ES,imbalance_price,Short,2026-08-28T02:01:39Z
2026-08-28T01:53:23Z,2026-08-28T03:53:23+0200,565fb0ed-db72-48c6-a54e-0fdff3a4721b,2026-08-20T04:00:00Z,2026-08-20T06:00:00+0200,122.5,EUR/MWh,ES,ES,imbalance_price,Long,2026-08-28T02:01:39Z
2026-08-28T01:53:23Z,2026-08-28T03:53:23+0200,565fb0ed-db72-48c6-a54e-0fdff3a4721b,2026-08-20T04:00:00Z,2026-08-20T06:00:00+0200,169.78,EUR/MWh,ES,ES,imbalance_price,Short,2026-08-28T02:01:39Z
2026-08-28T01:53:23Z,2026-08-28T03:53:23+0200,565fb0ed-db72-48c6-a54e-0fdff3a4721b,2026-08-20T04:15:00Z,2026-08-20T06:15:00+0200,125.78,EUR/MWh,ES,ES,imbalance_price,Long,2026-08-28T02:01:39Z
2026-08-28T01:53:23Z,2026-08-28T03:53:23+0200,565fb0ed-db72-48c6-a54e-0fdff3a4721b,2026-08-20T04:15:00Z,2026-08-20T06:15:00+0200,165.74,EUR/MWh,ES,ES,imbalance_price,Short,2026-08-28T02:01:39Z
2026-08-28T01:53:23Z,2026-08-28T03:53:23+0200,565fb0ed-db72-48c6-a54e-0fdff3a4721b,2026-08-20T04:30:00Z,2026-08-20T06:30:00+0200,126.34,EUR/MWh,ES,ES,imbalance_price,Long,2026-08-28T02:01:39Z
2026-08-28T01:53:23Z,2026-08-28T03:53:23+0200,565fb0ed-db72-48c6-a54e-0fdff3a4721b,2026-08-20T04:30:00Z,2026-08-20T06:30:00+0200,180.83,EUR/MWh,ES,ES,imbalance_price,Short,2026-08-28T02:01:39Z
2026-08-28T01:53:23Z,2026-08-28T03:53:23+0200,565fb0ed-db72-48c6-a54e-0fdff3a4721b,2026-08-20T04:45:00Z,2026-08-20T06:45:00+0200,136.19,EUR/MWh,ES,ES,imbalance_price,Long,2026-08-28T02:01:39Z
2026-08-28T01:53:23Z,2026-08-28T03:53:23+0200,565fb0ed-db72-48c6-a54e-0fdff3a4721b,2026-08-20T04:45:00Z,2026-08-20T06:45:00+0200,189.25,EUR/MWh,ES,ES,imbalance_price,Short,2026-08-28T02:01:39Z
2026-08-28T01:53:23Z,2026-08-28T03:53:23+0200,565fb0ed-db72-48c6-a54e-0fdff3a4721b,2026-08-20T05:00:00Z,2026-08-20T07:00:00+0200,135.28,EUR/MWh,ES,ES,imbalance_price,Long,2026-08-28T02:01:39Z
2026-08-28T01:53:23Z,2026-08-28T03:53:23+0200,565fb0ed-db72-48c6-a54e-0fdff3a4721b,2026-08-20T05:00:00Z,2026-08-20T07:00:00+0200,216.76,EUR/MWh,ES,ES,imbalance_price,Short,2026-08-28T02:01:39Z
2026-08-28T01:53:23Z,2026-08-28T03:53:23+0200,565fb0ed-db72-48c6-a54e-0fdff3a4721b,2026-08-20T05:15:00Z,2026-08-20T07:15:00+0200,102.97,EUR/MWh,ES,ES,imbalance_price,Long,2026-08-28T02:01:39Z
2026-08-28T01:53:23Z,2026-08-28T03:53:23+0200,565fb0ed-db72-48c6-a54e-0fdff3a4721b,2026-08-20T05:15:00Z,2026-08-20T07:15:00+0200,186.87,EUR/MWh,ES,ES,imbalance_price,Short,2026-08-28T02:01:39Z
2026-08-28T01:53:23Z,2026-08-28T03:53:23+0200,565fb0ed-db72-48c6-a54e-0fdff3a4721b,2026-08-20T05:30:00Z,2026-08-20T07:30:00+0200,116.59,EUR/MWh,ES,ES,imbalance_price,Long,2026-08-28T02:01:39Z
2026-08-28T01:53:23Z,2026-08-28T03:53:23+0200,565fb0ed-db72-48c6-a54e-0fdff3a4721b,2026-08-20T05:30:00Z,2026-08-20T07:30:00+0200,184.48,EUR/MWh,ES,ES,imbalance_price,Short,2026-08-28T02:01:39Z
2026-08-28T01:53:23Z,2026-08-28T03:53:23+0200,565fb0ed-db72-48c6-a54e-0fdff3a4721b,2026-08-20T05:45:00Z,2026-08-20T07:45:00+0200,50.73,EUR/MWh,ES,ES,imbalance_price,Long,2026-08-28T02:01:39Z
2026-08-28T01:53:23Z,2026-08-28T03:53:23+0200,565fb0ed-db72-48c6-a54e-0fdff3a4721b,2026-08-20T05:45:00Z,2026-08-20T07:45:00+0200,176.23,EUR/MWh,ES,ES,imbalance_price,Short,2026-08-28T02:01:39Z
2026-08-28T01:53:23Z,2026-08-28T03:53:23+0200,565fb0ed-db72-48c6-a54e-0fdff3a4721b,2026-08-20T06:00:00Z,2026-08-20T08:00:00+0200,190.5,EUR/MWh,ES,ES,imbalance_price,Long,2026-08-28T02:01:39Z
2026-08-28T01:53:23Z,2026-08-28T03:53:23+0200,565fb0ed-db72-48c6-a54e-0fdff3a4721b,2026-08-20T06:00:00Z,2026-08-20T08:00:00+0200,190.5,EUR/MWh,ES,ES,imbalance_price,Short,2026-08-28T02:01:39Z
2026-08-28T01:53:23Z,2026-08-28T03:53:23+0200,565fb0ed-db72-48c6-a54e-0fdff3a4721b,2026-08-20T06:15:00Z,2026-08-20T08:15:00+0200,183.22,EUR/MWh,ES,ES,imbalance_price,Long,2026-08-28T02:01:39Z
2026-08-28T01:53:23Z,2026-08-28T03:53:23+0200,565fb0ed-db72-48c6-a54e-0fdff3a4721b,2026-08-20T06:15:00Z,2026-08-20T08:15:00+0200,183.22,EUR/MWh,ES,ES,imbalance_price,Short,2026-08-28T02:01:39Z
2026-08-28T01:53:23Z,2026-08-28T03:53:23+0200,565fb0ed-db72-48c6-a54e-0fdff3a4721b,2026-08-20T06:30:00Z,2026-08-20T08:30:00+0200,203.15,EUR/MWh,ES,ES,imbalance_price,Long,2026-08-28T02:01:39Z
2026-08-28T01:53:23Z,2026-08-28T03:53:23+0200,565fb0ed-db72-48c6-a54e-0fdff3a4721b,2026-08-20T06:30:00Z,2026-08-20T08:30:00+0200,203.15,EUR/MWh,ES,ES,imbalance_price,Short,2026-08-28T02:01:39Z
2026-08-28T01:53:23Z,2026-08-28T03:53:23+0200,565fb0ed-db72-48c6-a54e-0fdff3a4721b,2026-08-20T06:45:00Z,2026-08-20T08:45:00+0200,134.0,EUR/MWh,ES,ES,imbalance_price,Long,2026-08-28T02:01:39Z
2026-08-28T01:53:23Z,2026-08-28T03:53:23+0200,565fb0ed-db72-48c6-a54e-0fdff3a4721b,2026-08-20T06:45:00Z,2026-08-20T08:45:00+0200,169.75,EUR/MWh,ES,ES,imbalance_price,Short,2026-08-28T02:01:39Z
2026-08-28T01:53:23Z,2026-08-28T03:53:23+0200,565fb0ed-db72-48c6-a54e-0fdff3a4721b,2026-08-20T07:00:00Z,2026-08-20T09:00:00+0200,214.42,EUR/MWh,ES,ES,imbalance_price,Long,2026-08-28T02:01:39Z
2026-08-28T01:53:23Z,2026-08-28T03:53:23+0200,565fb0ed-db72-48c6-a54e-0fdff3a4721b,2026-08-20T07:00:00Z,2026-08-20T09:00:00+0200,214.42,EUR/MWh,ES,ES,imbalance_price,Short,2026-08-28T02:01:39Z
2026-08-28T01:53:23Z,2026-08-28T03:53:23+0200,565fb0ed-db72-48c6-a54e-0fdff3a4721b,2026-08-20T07:15:00Z,2026-08-20T09:15:00+0200,215.74,EUR/MWh,ES,ES,imbalance_price,Long,2026-08-28T02:01:39Z
2026-08-28T01:53:23Z,2026-08-28T03:53:23+0200,565fb0ed-db72-48c6-a54e-0fdff3a4721b,2026-08-20T07:15:00Z,2026-08-20T09:15:00+0200,215.74,EUR/MWh,ES,ES,imbalance_price,Short,2026-08-28T02:01:39Z
2026-08-28T01:53:23Z,2026-08-28T03:53:23+0200,565fb0ed-db72-48c6-a54e-0fdff3a4721b,2026-08-20T07:30:00Z,2026-08-20T09:30:00+0200,200.34,EUR/MWh,ES,ES,imbalance_price,Long,2026-08-28T02:01:39Z
2026-08-28T01:53:23Z,2026-08-28T03:53:23+0200,565fb0ed-db72-48c6-a54e-0fdff3a4721b,2026-08-20T07:30:00Z,2026-08-20T09:30:00+0200,200.34,EUR/MWh,ES,ES,imbalance_price,Short,2026-08-28T02:01:39Z
2026-08-28T01:53:23Z,2026-08-28T03:53:23+0200,565fb0ed-db72-48c6-a54e-0fdff3a4721b,2026-08-20T07:45:00Z,2026-08-20T09:45:00+0200,208.52,EUR/MWh,ES,ES,imbalance_price,Long,2026-08-28T02:01:39Z
2026-08-28T01:53:23Z,2026-08-28T03:53:23+0200,565fb0ed-db72-48c6-a54e-0fdff3a4721b,2026-08-20T07:45:00Z,2026-08-20T09:45:00+0200,208.52,EUR/MWh,ES,ES,imbalance_price,Short,2026-08-28T02:01:39Z
2026-08-28T01:53:23Z,2026-08-28T03:53:23+0200,565fb0ed-db72-48c6-a54e-0fdff3a4721b,2026-08-20T08:00:00Z,2026-08-20T10:00:00+0200,199.75,EUR/MWh,ES,ES,imbalance_price,Long,2026-08-28T02:01:39Z
2026-08-28T01:53:23Z,2026-08-28T03:53:23+0200,565fb0ed-db72-48c6-a54e-0fdff3a4721b,2026-08-20T08:00:00Z,2026-08-20T10:00:00+0200,199.75,EUR/MWh,ES,ES,imbalance_price,Short,2026-08-28T02:01:39Z
2026-08-28T01:53:23Z,2026-08-28T03:53:23+0200,565fb0ed-db72-48c6-a54e-0fdff3a4721b,2026-08-20T08:15:00Z,2026-08-20T10:15:00+0200,156.12,EUR/MWh,ES,ES,imbalance_price,Long,2026-08-28T02:01:39Z
2026-08-28T01:53:23Z,2026-08-28T03:53:23+0200,565fb0ed-db72-48c6-a54e-0fdff3a4721b,2026-08-20T08:15:00Z,2026-08-20T10:15:00+0200,156.12,EUR/MWh,ES,ES,imbalance_price,Short,2026-08-28T02:01:39Z
2026-08-28T01:53:23Z,2026-08-28T03:53:23+0200,565fb0ed-db72-48c6-a54e-0fdff3a4721b,2026-08-20T08:30:00Z,2026-08-20T10:30:00+0200,146.14,EUR/MWh,ES,ES,imbalance_price,Long,2026-08-28T02:01:39Z
2026-08-28T01:53:23Z,2026-08-28T03:53:23+0200,565fb0ed-db72-48c6-a54e-0fdff3a4721b,2026-08-20T08:30:00Z,2026-08-20T10:30:00+0200,146.14,EUR/MWh,ES,ES,imbalance_price,Short,2026-08-28T02:01:39Z
2026-08-28T01:53:23Z,2026-08-28T03:53:23+0200,565fb0ed-db72-48c6-a54e-0fdff3a4721b,2026-08-20T08:45:00Z,2026-08-20T10:45:00+0200,158.48,EUR/MWh,ES,ES,imbalance_price,Long,2026-08-28T02:01:39Z
2026-08-28T01:53:23Z,2026-08-28T03:53:23+0200,565fb0ed-db72-48c6-a54e-0fdff3a4721b,2026-08-20T08:45:00Z,2026-08-20T10:45:00+0200,158.48,EUR/MWh,ES,ES,imbalance_price,Short,2026-08-28T02:01:39Z
2026-08-28T01:53:23Z,2026-08-28T03:53:23+0200,565fb0ed-db72-48c6-a54e-0fdff3a4721b,2026-08-20T09:00:00Z,2026-08-20T11:00:00+0200,151.91,EUR/MWh,ES,ES,imbalance_price,Long,2026-08-28T02:01:39Z
2026-08-28T01:53:23Z,2026-08-28T03:53:23+0200,565fb0ed-db72-48c6-a54e-0fdff3a4721b,2026-08-20T09:00:00Z,2026-08-20T11:00:00+0200,151.91,EUR/MWh,ES,ES,imbalance_price,Short,2026-08-28T02:01:39Z
2026-08-28T01:53:23Z,2026-08-28T03:53:23+0200,565fb0ed-db72-48c6-a54e-0fdff3a4721b,2026-08-20T09:15:00Z,2026-08-20T11:15:00+0200,146.75,EUR/MWh,ES,ES,imbalance_price,Long,2026-08-28T02:01:39Z
2026-08-28T01:53:23Z,2026-08-28T03:53:23+0200,565fb0ed-db72-48c6-a54e-0fdff3a4721b,2026-08-20T09:15:00Z,2026-08-20T11:15:00+0200,146.75,EUR/MWh,ES,ES,imbalance_price,Short,2026-08-28T02:01:39Z
2026-08-28T01:53:23Z,2026-08-28T03:53:23+0200,565fb0ed-db72-48c6-a54e-0fdff3a4721b,2026-08-20T09:30:00Z,2026-08-20T11:30:00+0200,32.22,EUR/MWh,ES,ES,imbalance_price,Long,2026-08-28T02:01:39Z
2026-08-28T01:53:23Z,2026-08-28T03:53:23+0200,565fb0ed-db72-48c6-a54e-0fdff3a4721b,2026-08-20T09:30:00Z,2026-08-20T11:30:00+0200,149.72,EUR/MWh,ES,ES,imbalance_price,Short,2026-08-28T02:01:39Z
2026-08-28T01:53:23Z,2026-08-28T03:53:23+0200,565fb0ed-db72-48c6-a54e-0fdff3a4721b,2026-08-20T09:45:00Z,2026-08-20T11:45:00+0200,8.19,EUR/MWh,ES,ES,imbalance_price,Long,2026-08-28T02:01:39Z
2026-08-28T01:53:23Z,2026-08-28T03:53:23+0200,565fb0ed-db72-48c6-a54e-0fdff3a4721b,2026-08-20T09:45:00Z,2026-08-20T11:45:00+0200,147.32,EUR/MWh,ES,ES,imbalance_price,Short,2026-08-28T02:01:39Z
2026-08-28T01:53:23Z,2026-08-28T03:53:23+0200,565fb0ed-db72-48c6-a54e-0fdff3a4721b,2026-08-20T10:00:00Z,2026-08-20T12:00:00+0200,27.58,EUR/MWh,ES,ES,imbalance_price,Long,2026-08-28T02:01:39Z
2026-08-28T01:53:23Z,2026-08-28T03:53:23+0200,565fb0ed-db72-48c6-a54e-0fdff3a4721b,2026-08-20T10:00:00Z,2026-08-20T12:00:00+0200,145.24,EUR/MWh,ES,ES,imbalance_price,Short,2026-08-28T02:01:39Z
2026-08-28T01:53:23Z,2026-08-28T03:53:23+0200,565fb0ed-db72-48c6-a54e-0fdff3a4721b,2026-08-20T10:15:00Z,2026-08-20T12:15:00+0200,0.0,EUR/MWh,ES,ES,imbalance_price,Long,2026-08-28T02:01:39Z
2026-08-28T01:53:23Z,2026-08-28T03:53:23+0200,565fb0ed-db72-48c6-a54e-0fdff3a4721b,2026-08-20T10:15:00Z,2026-08-20T12:15:00+0200,145.6,EUR/MWh,ES,ES,imbalance_price,Short,2026-08-28T02:01:39Z
2026-08-28T01:53:23Z,2026-08-28T03:53:23+0200,565fb0ed-db72-48c6-a54e-0fdff3a4721b,2026-08-20T10:30:00Z,2026-08-20T12:30:00+0200,0.0,EUR/MWh,ES,ES,imbalance_price,Long,2026-08-28T02:01:39Z
2026-08-28T01:53:23Z,2026-08-28T03:53:23+0200,565fb0ed-db72-48c6-a54e-0fdff3a4721b,2026-08-20T10:30:00Z,2026-08-20T12:30:00+0200,151.97,EUR/MWh,ES,ES,imbalance_price,Short,2026-08-28T02:01:39Z
2026-08-28T01:53:23Z,2026-08-28T03:53:23+0200,565fb0ed-db72-48c6-a54e-0fdff3a4721b,2026-08-20T10:45:00Z,2026-08-20T12:45:00+0200,21.46,EUR/MWh,ES,ES,imbalance_price,Long,2026-08-28T02:01:39Z
2026-08-28T01:53:23Z,2026-08-28T03:53:23+0200,565fb0ed-db72-48c6-a54e-0fdff3a4721b,2026-08-20T10:45:00Z,2026-08-20T12:45:00+0200,142.44,EUR/MWh,ES,ES,imbalance_price,Short,2026-08-28T02:01:39Z
2026-08-28T01:53:23Z,2026-08-28T03:53:23+0200,565fb0ed-db72-48c6-a54e-0fdff3a4721b,2026-08-20T11:00:00Z,2026-08-20T13:00:00+0200,1.51,EUR/MWh,ES,ES,imbalance_price,Long,2026-08-28T02:01:39Z
2026-08-28T01:53:23Z,2026-08-28T03:53:23+0200,565fb0ed-db72-48c6-a54e-0fdff3a4721b,2026-08-20T11:00:00Z,2026-08-20T13:00:00+0200,176.58,EUR/MWh,ES,ES,imbalance_price,Short,2026-08-28T02:01:39Z
2026-08-28T01:53:23Z,2026-08-28T03:53:23+0200,565fb0ed-db72-48c6-a54e-0fdff3a4721b,2026-08-20T11:15:00Z,2026-08-20T13:15:00+0200,10.85,EUR/MWh,ES,ES,imbalance_price,Long,2026-08-28T02:01:39Z
2026-08-28T01:53:23Z,2026-08-28T03:53:23+0200,565fb0ed-db72-48c6-a54e-0fdff3a4721b,2026-08-20T11:15:00Z,2026-08-20T13:15:00+0200,146.53,EUR/MWh,ES,ES,imbalance_price,Short,2026-08-28T02:01:39Z
2026-08-28T01:53:23Z,2026-08-28T03:53:23+0200,565fb0ed-db72-48c6-a54e-0fdff3a4721b,2026-08-20T11:30:00Z,2026-08-20T13:30:00+0200,4.48,EUR/MWh,ES,ES,imbalance_price,Long,2026-08-28T02:01:39Z
2026-08-28T01:53:23Z,2026-08-28T03:53:23+0200,565fb0ed-db72-48c6-a54e-0fdff3a4721b,2026-08-20T11:30:00Z,2026-08-20T13:30:00+0200,146.28,EUR/MWh,ES,ES,imbalance_price,Short,2026-08-28T02:01:39Z
2026-08-28T01:53:23Z,2026-08-28T03:53:23+0200,565fb0ed-db72-48c6-a54e-0fdff3a4721b,2026-08-20T11:45:00Z,2026-08-20T13:45:00+0200,9.47,EUR/MWh,ES,ES,imbalance_price,Long,2026-08-28T02:01:39Z
2026-08-28T01:53:23Z,2026-08-28T03:53:23+0200,565fb0ed-db72-48c6-a54e-0fdff3a4721b,2026-08-20T11:45:00Z,2026-08-20T13:45:00+0200,143.96,EUR/MWh,ES,ES,imbalance_price,Short,2026-08-28T02:01:39Z
2026-08-28T01:53:23Z,2026-08-28T03:53:23+0200,565fb0ed-db72-48c6-a54e-0fdff3a4721b,2026-08-20T12:00:00Z,2026-08-20T14:00:00+0200,22.27,EUR/MWh,ES,ES,imbalance_price,Long,2026-08-28T02:01:39Z
2026-08-28T01:53:23Z,2026-08-28T03:53:23+0200,565fb0ed-db72-48c6-a54e-0fdff3a4721b,2026-08-20T12:00:00Z,2026-08-20T14:00:00+0200,135.54,EUR/MWh,ES,ES,imbalance_price,Short,2026-08-28T02:01:39Z
2026-08-28T01:53:23Z,2026-08-28T03:53:23+0200,565fb0ed-db72-48c6-a54e-0fdff3a4721b,2026-08-20T12:15:00Z,2026-08-20T14:15:00+0200,0.0,EUR/MWh,ES,ES,imbalance_price,Long,2026-08-28T02:01:39Z
2026-08-28T01:53:23Z,2026-08-28T03:53:23+0200,565fb0ed-db72-48c6-a54e-0fdff3a4721b,2026-08-20T12:15:00Z,2026-08-20T14:15:00+0200,134.79,EUR/MWh,ES,ES,imbalance_price,Short,2026-08-28T02:01:39Z
2026-08-28T01:53:23Z,2026-08-28T03:53:23+0200,565fb0ed-db72-48c6-a54e-0fdff3a4721b,2026-08-20T12:30:00Z,2026-08-20T14:30:00+0200,3.11,EUR/MWh,ES,ES,imbalance_price,Long,2026-08-28T02:01:39Z
2026-08-28T01:53:23Z,2026-08-28T03:53:23+0200,565fb0ed-db72-48c6-a54e-0fdff3a4721b,2026-08-20T12:30:00Z,2026-08-20T14:30:00+0200,135.57,EUR/MWh,ES,ES,imbalance_price,Short,2026-08-28T02:01:39Z
2026-08-28T01:53:23Z,2026-08-28T03:53:23+0200,565fb0ed-db72-48c6-a54e-0fdff3a4721b,2026-08-20T12:45:00Z,2026-08-20T14:45:00+0200,21.14,EUR/MWh,ES,ES,imbalance_price,Long,2026-08-28T02:01:39Z
2026-08-28T01:53:23Z,2026-08-28T03:53:23+0200,565fb0ed-db72-48c6-a54e-0fdff3a4721b,2026-08-20T12:45:00Z,2026-08-20T14:45:00+0200,135.19,EUR/MWh,ES,ES,imbalance_price,Short,2026-08-28T02:01:39Z
2026-08-28T01:53:23Z,2026-08-28T03:53:23+0200,565fb0ed-db72-48c6-a54e-0fdff3a4721b,2026-08-20T13:00:00Z,2026-08-20T15:00:00+0200,0.0,EUR/MWh,ES,ES,imbalance_price,Long,2026-08-28T02:01:39Z
2026-08-28T01:53:23Z,2026-08-28T03:53:23+0200,565fb0ed-db72-48c6-a54e-0fdff3a4721b,2026-08-20T13:00:00Z,2026-08-20T15:00:00+0200,169.35,EUR/MWh,ES,ES,imbalance_price,Short,2026-08-28T02:01:39Z
2026-08-28T01:53:23Z,2026-08-28T03:53:23+0200,565fb0ed-db72-48c6-a54e-0fdff3a4721b,2026-08-20T13:15:00Z,2026-08-20T15:15:00+0200,0.0,EUR/MWh,ES,ES,imbalance_price,Long,2026-08-28T02:01:39Z
2026-08-28T01:53:23Z,2026-08-28T03:53:23+0200,565fb0ed-db72-48c6-a54e-0fdff3a4721b,2026-08-20T13:15:00Z,2026-08-20T15:15:00+0200,132.79,EUR/MWh,ES,ES,imbalance_price,Short,2026-08-28T02:01:39Z
2026-08-28T01:53:23Z,2026-08-28T03:53:23+0200,565fb0ed-db72-48c6-a54e-0fdff3a4721b,2026-08-20T13:30:00Z,2026-08-20T15:30:00+0200,29.54,EUR/MWh,ES,ES,imbalance_price,Long,2026-08-28T02:01:39Z
2026-08-28T01:53:23Z,2026-08-28T03:53:23+0200,565fb0ed-db72-48c6-a54e-0fdff3a4721b,2026-08-20T13:30:00Z,2026-08-20T15:30:00+0200,118.92,EUR/MWh,ES,ES,imbalance_price,Short,2026-08-28T02:01:39Z
2026-08-28T01:53:23Z,2026-08-28T03:53:23+0200,565fb0ed-db72-48c6-a54e-0fdff3a4721b,2026-08-20T13:45:00Z,2026-08-20T15:45:00+0200,0.0,EUR/MWh,ES,ES,imbalance_price,Long,2026-08-28T02:01:39Z
2026-08-28T01:53:23Z,2026-08-28T03:53:23+0200,565fb0ed-db72-48c6-a54e-0fdff3a4721b,2026-08-20T13:45:00Z,2026-08-20T15:45:00+0200,139.28,EUR/MWh,ES,ES,imbalance_price,Short,2026-08-28T02:01:39Z
2026-08-28T01:53:23Z,2026-08-28T03:53:23+0200,565fb0ed-db72-48c6-a54e-0fdff3a4721b,2026-08-20T14:00:00Z,2026-08-20T16:00:00+0200,15.52,EUR/MWh,ES,ES,imbalance_price,Long,2026-08-28T02:01:39Z
2026-08-28T01:53:23Z,2026-08-28T03:53:23+0200,565fb0ed-db72-48c6-a54e-0fdff3a4721b,2026-08-20T14:00:00Z,2026-08-20T16:00:00+0200,139.39,EUR/MWh,ES,ES,imbalance_price,Short,2026-08-28T02:01:39Z
2026-08-28T01:53:23Z,2026-08-28T03:53:23+0200,565fb0ed-db72-48c6-a54e-0fdff3a4721b,2026-08-20T14:15:00Z,2026-08-20T16:15:00+0200,22.61,EUR/MWh,ES,ES,imbalance_price,Long,2026-08-28T02:01:39Z
2026-08-28T01:53:23Z,2026-08-28T03:53:23+0200,565fb0ed-db72-48c6-a54e-0fdff3a4721b,2026-08-20T14:15:00Z,2026-08-20T16:15:00+0200,130.2,EUR/MWh,ES,ES,imbalance_price,Short,2026-08-28T02:01:39Z
2026-08-28T01:53:23Z,2026-08-28T03:53:23+0200,565fb0ed-db72-48c6-a54e-0fdff3a4721b,2026-08-20T14:30:00Z,2026-08-20T16:30:00+0200,131.97,EUR/MWh,ES,ES,imbalance_price,Long,2026-08-28T02:01:39Z
2026-08-28T01:53:23Z,2026-08-28T03:53:23+0200,565fb0ed-db72-48c6-a54e-0fdff3a4721b,2026-08-20T14:30:00Z,2026-08-20T16:30:00+0200,131.97,EUR/MWh,ES,ES,imbalance_price,Short,2026-08-28T02:01:39Z
2026-08-28T01:53:23Z,2026-08-28T03:53:23+0200,565fb0ed-db72-48c6-a54e-0fdff3a4721b,2026-08-20T14:45:00Z,2026-08-20T16:45:00+0200,143.91,EUR/MWh,ES,ES,imbalance_price,Long,2026-08-28T02:01:39Z
2026-08-28T01:53:23Z,2026-08-28T03:53:23+0200,565fb0ed-db72-48c6-a54e-0fdff3a4721b,2026-08-20T14:45:00Z,2026-08-20T16:45:00+0200,143.91,EUR/MWh,ES,ES,imbalance_price,Short,2026-08-28T02:01:39Z
2026-08-28T01:53:23Z,2026-08-28T03:53:23+0200,565fb0ed-db72-48c6-a54e-0fdff3a4721b,2026-08-20T15:00:00Z,2026-08-20T17:00:00+0200,209.8,EUR/MWh,ES,ES,imbalance_price,Long,2026-08-28T02:01:39Z
2026-08-28T01:53:23Z,2026-08-28T03:53:23+0200,565fb0ed-db72-48c6-a54e-0fdff3a4721b,2026-08-20T15:00:00Z,2026-08-20T17:00:00+0200,209.8,EUR/MWh,ES,ES,imbalance_price,Short,2026-08-28T02:01:39Z
2026-08-28T01:53:23Z,2026-08-28T03:53:23+0200,565fb0ed-db72-48c6-a54e-0fdff3a4721b,2026-08-20T15:15:00Z,2026-08-20T17:15:00+0200,8.04,EUR/MWh,ES,ES,imbalance_price,Long,2026-08-28T02:01:39Z
2026-08-28T01:53:23Z,2026-08-28T03:53:23+0200,565fb0ed-db72-48c6-a54e-0fdff3a4721b,2026-08-20T15:15:00Z,2026-08-20T17:15:00+0200,255.86,EUR/MWh,ES,ES,imbalance_price,Short,2026-08-28T02:01:39Z
2026-08-28T01:53:23Z,2026-08-28T03:53:23+0200,565fb0ed-db72-48c6-a54e-0fdff3a4721b,2026-08-20T15:30:00Z,2026-08-20T17:30:00+0200,2.01,EUR/MWh,ES,ES,imbalance_price,Long,2026-08-28T02:01:39Z
2026-08-28T01:53:23Z,2026-08-28T03:53:23+0200,565fb0ed-db72-48c6-a54e-0fdff3a4721b,2026-08-20T15:30:00Z,2026-08-20T17:30:00+0200,268.73,EUR/MWh,ES,ES,imbalance_price,Short,2026-08-28T02:01:39Z
2026-08-28T01:53:23Z,2026-08-28T03:53:23+0200,565fb0ed-db72-48c6-a54e-0fdff3a4721b,2026-08-20T15:45:00Z,2026-08-20T17:45:00+0200,-40.46,EUR/MWh,ES,ES,imbalance_price,Long,2026-08-28T02:01:39Z
2026-08-28T01:53:23Z,2026-08-28T03:53:23+0200,565fb0ed-db72-48c6-a54e-0fdff3a4721b,2026-08-20T15:45:00Z,2026-08-20T17:45:00+0200,299.68,EUR/MWh,ES,ES,imbalance_price,Short,2026-08-28T02:01:39Z
2026-08-28T01:53:23Z,2026-08-28T03:53:23+0200,565fb0ed-db72-48c6-a54e-0fdff3a4721b,2026-08-20T16:00:00Z,2026-08-20T18:00:00+0200,-66.81,EUR/MWh,ES,ES,imbalance_price,Long,2026-08-28T02:01:39Z
2026-08-28T01:53:23Z,2026-08-28T03:53:23+0200,565fb0ed-db72-48c6-a54e-0fdff3a4721b,2026-08-20T16:00:00Z,2026-08-20T18:00:00+0200,272.0,EUR/MWh,ES,ES,imbalance_price,Short,2026-08-28T02:01:39Z
2026-08-28T01:53:23Z,2026-08-28T03:53:23+0200,565fb0ed-db72-48c6-a54e-0fdff3a4721b,2026-08-20T16:15:00Z,2026-08-20T18:15:00+0200,2.09,EUR/MWh,ES,ES,imbalance_price,Long,2026-08-28T02:01:39Z
2026-08-28T01:53:23Z,2026-08-28T03:53:23+0200,565fb0ed-db72-48c6-a54e-0fdff3a4721b,2026-08-20T16:15:00Z,2026-08-20T18:15:00+0200,222.07,EUR/MWh,ES,ES,imbalance_price,Short,2026-08-28T02:01:39Z
2026-08-28T01:53:23Z,2026-08-28T03:53:23+0200,565fb0ed-db72-48c6-a54e-0fdff3a4721b,2026-08-20T16:30:00Z,2026-08-20T18:30:00+0200,-7.45,EUR/MWh,ES,ES,imbalance_price,Long,2026-08-28T02:01:39Z
2026-08-28T01:53:23Z,2026-08-28T03:53:23+0200,565fb0ed-db72-48c6-a54e-0fdff3a4721b,2026-08-20T16:30:00Z,2026-08-20T18:30:00+0200,161.85,EUR/MWh,ES,ES,imbalance_price,Short,2026-08-28T02:01:39Z
2026-08-28T01:53:23Z,2026-08-28T03:53:23+0200,565fb0ed-db72-48c6-a54e-0fdff3a4721b,2026-08-20T16:45:00Z,2026-08-20T18:45:00+0200,52.11,EUR/MWh,ES,ES,imbalance_price,Long,2026-08-28T02:01:39Z
2026-08-28T01:53:23Z,2026-08-28T03:53:23+0200,565fb0ed-db72-48c6-a54e-0fdff3a4721b,2026-08-20T16:45:00Z,2026-08-20T18:45:00+0200,58.23,EUR/MWh,ES,ES,imbalance_price,Short,2026-08-28T02:01:39Z
2026-08-28T01:53:23Z,2026-08-28T03:53:23+0200,565fb0ed-db72-48c6-a54e-0fdff3a4721b,2026-08-20T17:00:00Z,2026-08-20T19:00:00+0200,68.83,EUR/MWh,ES,ES,imbalance_price,Long,2026-08-28T02:01:39Z
2026-08-28T01:53:23Z,2026-08-28T03:53:23+0200,565fb0ed-db72-48c6-a54e-0fdff3a4721b,2026-08-20T17:00:00Z,2026-08-20T19:00:00+0200,110.98,EUR/MWh,ES,ES,imbalance_price,Short,2026-08-28T02:01:39Z
2026-08-28T01:53:23Z,2026-08-28T03:53:23+0200,565fb0ed-db72-48c6-a54e-0fdff3a4721b,2026-08-20T17:15:00Z,2026-08-20T19:15:00+0200,-30.26,EUR/MWh,ES,ES,imbalance_price,Long,2026-08-28T02:01:39Z
2026-08-28T01:53:23Z,2026-08-28T03:53:23+0200,565fb0ed-db72-48c6-a54e-0fdff3a4721b,2026-08-20T17:15:00Z,2026-08-20T19:15:00+0200,108.41,EUR/MWh,ES,ES,imbalance_price,Short,2026-08-28T02:01:39Z
2026-08-28T01:53:23Z,2026-08-28T03:53:23+0200,565fb0ed-db72-48c6-a54e-0fdff3a4721b,2026-08-20T17:30:00Z,2026-08-20T19:30:00+0200,-70.88,EUR/MWh,ES,ES,imbalance_price,Long,2026-08-28T02:01:39Z
2026-08-28T01:53:23Z,2026-08-28T03:53:23+0200,565fb0ed-db72-48c6-a54e-0fdff3a4721b,2026-08-20T17:30:00Z,2026-08-20T19:30:00+0200,125.0,EUR/MWh,ES,ES,imbalance_price,Short,2026-08-28T02:01:39Z
2026-08-28T01:53:23Z,2026-08-28T03:53:23+0200,565fb0ed-db72-48c6-a54e-0fdff3a4721b,2026-08-20T17:45:00Z,2026-08-20T19:45:00+0200,-33.25,EUR/MWh,ES,ES,imbalance_price,Long,2026-08-28T02:01:39Z
2026-08-28T01:53:23Z,2026-08-28T03:53:23+0200,565fb0ed-db72-48c6-a54e-0fdff3a4721b,2026-08-20T17:45:00Z,2026-08-20T19:45:00+0200,125.49,EUR/MWh,ES,ES,imbalance_price,Short,2026-08-28T02:01:39Z
2026-08-28T01:53:23Z,2026-08-28T03:53:23+0200,565fb0ed-db72-48c6-a54e-0fdff3a4721b,2026-08-20T18:00:00Z,2026-08-20T20:00:00+0200,-35.29,EUR/MWh,ES,ES,imbalance_price,Long,2026-08-28T02:01:39Z
2026-08-28T01:53:23Z,2026-08-28T03:53:23+0200,565fb0ed-db72-48c6-a54e-0fdff3a4721b,2026-08-20T18:00:00Z,2026-08-20T20:00:00+0200,-35.29,EUR/MWh,ES,ES,imbalance_price,Short,2026-08-28T02:01:39Z
2026-08-28T01:53:23Z,2026-08-28T03:53:23+0200,565fb0ed-db72-48c6-a54e-0fdff3a4721b,2026-08-20T18:15:00Z,2026-08-20T20:15:00+0200,-81.55,EUR/MWh,ES,ES,imbalance_price,Long,2026-08-28T02:01:39Z
2026-08-28T01:53:23Z,2026-08-28T03:53:23+0200,565fb0ed-db72-48c6-a54e-0fdff3a4721b,2026-08-20T18:15:00Z,2026-08-20T20:15:00+0200,197.69,EUR/MWh,ES,ES,imbalance_price,Short,2026-08-28T02:01:39Z
2026-08-28T01:53:23Z,2026-08-28T03:53:23+0200,565fb0ed-db72-48c6-a54e-0fdff3a4721b,2026-08-20T18:30:00Z,2026-08-20T20:30:00+0200,-99.11,EUR/MWh,ES,ES,imbalance_price,Long,2026-08-28T02:01:39Z
2026-08-28T01:53:23Z,2026-08-28T03:53:23+0200,565fb0ed-db72-48c6-a54e-0fdff3a4721b,2026-08-20T18:30:00Z,2026-08-20T20:30:00+0200,184.61,EUR/MWh,ES,ES,imbalance_price,Short,2026-08-28T02:01:39Z
2026-08-28T01:53:23Z,2026-08-28T03:53:23+0200,565fb0ed-db72-48c6-a54e-0fdff3a4721b,2026-08-20T18:45:00Z,2026-08-20T20:45:00+0200,73.57,EUR/MWh,ES,ES,imbalance_price,Long,2026-08-28T02:01:39Z
2026-08-28T01:53:23Z,2026-08-28T03:53:23+0200,565fb0ed-db72-48c6-a54e-0fdff3a4721b,2026-08-20T18:45:00Z,2026-08-20T20:45:00+0200,165.78,EUR/MWh,ES,ES,imbalance_price,Short,2026-08-28T02:01:39Z
2026-08-28T01:53:23Z,2026-08-28T03:53:23+0200,565fb0ed-db72-48c6-a54e-0fdff3a4721b,2026-08-20T19:00:00Z,2026-08-20T21:00:00+0200,26.05,EUR/MWh,ES,ES,imbalance_price,Long,2026-08-28T02:01:39Z
2026-08-28T01:53:23Z,2026-08-28T03:53:23+0200,565fb0ed-db72-48c6-a54e-0fdff3a4721b,2026-08-20T19:00:00Z,2026-08-20T21:00:00+0200,26.05,EUR/MWh,ES,ES,imbalance_price,Short,2026-08-28T02:01:39Z
2026-08-28T01:53:23Z,2026-08-28T03:53:23+0200,565fb0ed-db72-48c6-a54e-0fdff3a4721b,2026-08-20T19:15:00Z,2026-08-20T21:15:00+0200,26.74,EUR/MWh,ES,ES,imbalance_price,Long,2026-08-28T02:01:39Z
2026-08-28T01:53:23Z,2026-08-28T03:53:23+0200,565fb0ed-db72-48c6-a54e-0fdff3a4721b,2026-08-20T19:15:00Z,2026-08-20T21:15:00+0200,167.96,EUR/MWh,ES,ES,imbalance_price,Short,2026-08-28T02:01:39Z
2026-08-28T01:53:23Z,2026-08-28T03:53:23+0200,565fb0ed-db72-48c6-a54e-0fdff3a4721b,2026-08-20T19:30:00Z,2026-08-20T21:30:00+0200,75.92,EUR/MWh,ES,ES,imbalance_price,Long,2026-08-28T02:01:39Z
2026-08-28T01:53:23Z,2026-08-28T03:53:23+0200,565fb0ed-db72-48c6-a54e-0fdff3a4721b,2026-08-20T19:30:00Z,2026-08-20T21:30:00+0200,201.45,EUR/MWh,ES,ES,imbalance_price,Short,2026-08-28T02:01:39Z
2026-08-28T01:53:23Z,2026-08-28T03:53:23+0200,565fb0ed-db72-48c6-a54e-0fdff3a4721b,2026-08-20T19:45:00Z,2026-08-20T21:45:00+0200,67.64,EUR/MWh,ES,ES,imbalance_price,Long,2026-08-28T02:01:39Z
2026-08-28T01:53:23Z,2026-08-28T03:53:23+0200,565fb0ed-db72-48c6-a54e-0fdff3a4721b,2026-08-20T19:45:00Z,2026-08-20T21:45:00+0200,67.64,EUR/MWh,ES,ES,imbalance_price,Short,2026-08-28T02:01:39Z
2026-08-28T01:53:23Z,2026-08-28T03:53:23+0200,565fb0ed-db72-48c6-a54e-0fdff3a4721b,2026-08-20T20:00:00Z,2026-08-20T22:00:00+0200,115.5,EUR/MWh,ES,ES,imbalance_price,Long,2026-08-28T02:01:39Z
2026-08-28T01:53:23Z,2026-08-28T03:53:23+0200,565fb0ed-db72-48c6-a54e-0fdff3a4721b,2026-08-20T20:00:00Z,2026-08-20T22:00:00+0200,152.4,EUR/MWh,ES,ES,imbalance_price,Short,2026-08-28T02:01:39Z
2026-08-28T01:53:23Z,2026-08-28T03:53:23+0200,565fb0ed-db72-48c6-a54e-0fdff3a4721b,2026-08-20T20:15:00Z,2026-08-20T22:15:00+0200,115.03,EUR/MWh,ES,ES,imbalance_price,Long,2026-08-28T02:01:39Z
2026-08-28T01:53:23Z,2026-08-28T03:53:23+0200,565fb0ed-db72-48c6-a54e-0fdff3a4721b,2026-08-20T20:15:00Z,2026-08-20T22:15:00+0200,172.72,EUR/MWh,ES,ES,imbalance_price,Short,2026-08-28T02:01:39Z
2026-08-28T01:53:23Z,2026-08-28T03:53:23+0200,565fb0ed-db72-48c6-a54e-0fdff3a4721b,2026-08-20T20:30:00Z,2026-08-20T22:30:00+0200,133.2,EUR/MWh,ES,ES,imbalance_price,Long,2026-08-28T02:01:39Z
2026-08-28T01:53:23Z,2026-08-28T03:53:23+0200,565fb0ed-db72-48c6-a54e-0fdff3a4721b,2026-08-20T20:30:00Z,2026-08-20T22:30:00+0200,171.91,EUR/MWh,ES,ES,imbalance_price,Short,2026-08-28T02:01:39Z
2026-08-28T01:53:23Z,2026-08-28T03:53:23+0200,565fb0ed-db72-48c6-a54e-0fdff3a4721b,2026-08-20T20:45:00Z,2026-08-20T22:45:00+0200,135.68,EUR/MWh,ES,ES,imbalance_price,Long,2026-08-28T02:01:39Z
2026-08-28T01:53:23Z,2026-08-28T03:53:23+0200,565fb0ed-db72-48c6-a54e-0fdff3a4721b,2026-08-20T20:45:00Z,2026-08-20T22:45:00+0200,160.72,EUR/MWh,ES,ES,imbalance_price,Short,2026-08-28T02:01:39Z
2026-08-28T01:53:23Z,2026-08-28T03:53:23+0200,565fb0ed-db72-48c6-a54e-0fdff3a4721b,2026-08-20T21:00:00Z,2026-08-20T23:00:00+0200,156.53,EUR/MWh,ES,ES,imbalance_price,Long,2026-08-28T02:01:39Z
2026-08-28T01:53:23Z,2026-08-28T03:53:23+0200,565fb0ed-db72-48c6-a54e-0fdff3a4721b,2026-08-20T21:00:00Z,2026-08-20T23:00:00+0200,156.53,EUR/MWh,ES,ES,imbalance_price,Short,2026-08-28T02:01:39Z
2026-08-28T01:53:23Z,2026-08-28T03:53:23+0200,565fb0ed-db72-48c6-a54e-0fdff3a4721b,2026-08-20T21:15:00Z,2026-08-20T23:15:00+0200,126.31,EUR/MWh,ES,ES,imbalance_price,Long,2026-08-28T02:01:39Z
2026-08-28T01:53:23Z,2026-08-28T03:53:23+0200,565fb0ed-db72-48c6-a54e-0fdff3a4721b,2026-08-20T21:15:00Z,2026-08-20T23:15:00+0200,161.48,EUR/MWh,ES,ES,imbalance_price,Short,2026-08-28T02:01:39Z
2026-08-28T01:53:23Z,2026-08-28T03:53:23+0200,565fb0ed-db72-48c6-a54e-0fdff3a4721b,2026-08-20T21:30:00Z,2026-08-20T23:30:00+0200,112.86,EUR/MWh,ES,ES,imbalance_price,Long,2026-08-28T02:01:39Z
2026-08-28T01:53:23Z,2026-08-28T03:53:23+0200,565fb0ed-db72-48c6-a54e-0fdff3a4721b,2026-08-20T21:30:00Z,2026-08-20T23:30:00+0200,161.27,EUR/MWh,ES,ES,imbalance_price,Short,2026-08-28T02:01:39Z
2026-08-28T01:53:23Z,2026-08-28T03:53:23+0200,565fb0ed-db72-48c6-a54e-0fdff3a4721b,2026-08-20T21:45:00Z,2026-08-20T23:45:00+0200,-94.99,EUR/MWh,ES,ES,imbalance_price,Long,2026-08-28T02:01:39Z
2026-08-28T01:53:23Z,2026-08-28T03:53:23+0200,565fb0ed-db72-48c6-a54e-0fdff3a4721b,2026-08-20T21:45:00Z,2026-08-20T23:45:00+0200,164.54,EUR/MWh,ES,ES,imbalance_price,Short,2026-08-28T02:01:39Z
2026-08-28T01:53:23Z,2026-08-28T03:53:23+0200,565fb0ed-db72-48c6-a54e-0fdff3a4721b,2026-08-20T22:00:00Z,2026-08-21T00:00:00+0200,9.77,EUR/MWh,ES,ES,imbalance_price,Long,2026-08-28T02:01:39Z
2026-08-28T01:53:23Z,2026-08-28T03:53:23+0200,565fb0ed-db72-48c6-a54e-0fdff3a4721b,2026-08-20T22:00:00Z,2026-08-21T00:00:00+0200,146.49,EUR/MWh,ES,ES,imbalance_price,Short,2026-08-28T02:01:39Z
2026-08-28T01:53:23Z,2026-08-28T03:53:23+0200,565fb0ed-db72-48c6-a54e-0fdff3a4721b,2026-08-20T22:15:00Z,2026-08-21T00:15:00+0200,11.39,EUR/MWh,ES,ES,imbalance_price,Long,2026-08-28T02:01:39Z
2026-08-28T01:53:23Z,2026-08-28T03:53:23+0200,565fb0ed-db72-48c6-a54e-0fdff3a4721b,2026-08-20T22:15:00Z,2026-08-21T00:15:00+0200,199.29,EUR/MWh,ES,ES,imbalance_price,Short,2026-08-28T02:01:39Z
2026-08-28T01:53:23Z,2026-08-28T03:53:23+0200,565fb0ed-db72-48c6-a54e-0fdff3a4721b,2026-08-20T22:30:00Z,2026-08-21T00:30:00+0200,112.32,EUR/MWh,ES,ES,imbalance_price,Long,2026-08-28T02:01:39Z
2026-08-28T01:53:23Z,2026-08-28T03:53:23+0200,565fb0ed-db72-48c6-a54e-0fdff3a4721b,2026-08-20T22:30:00Z,2026-08-21T00:30:00+0200,189.65,EUR/MWh,ES,ES,imbalance_price,Short,2026-08-28T02:01:39Z
2026-08-28T01:53:23Z,2026-08-28T03:53:23+0200,565fb0ed-db72-48c6-a54e-0fdff3a4721b,2026-08-20T22:45:00Z,2026-08-21T00:45:00+0200,138.66,EUR/MWh,ES,ES,imbalance_price,Long,2026-08-28T02:01:39Z
2026-08-28T01:53:23Z,2026-08-28T03:53:23+0200,565fb0ed-db72-48c6-a54e-0fdff3a4721b,2026-08-20T22:45:00Z,2026-08-21T00:45:00+0200,195.26,EUR/MWh,ES,ES,imbalance_price,Short,2026-08-28T02:01:39Z
2026-08-28T01:53:23Z,2026-08-28T03:53:23+0200,565fb0ed-db72-48c6-a54e-0fdff3a4721b,2026-08-20T23:00:00Z,2026-08-21T01:00:00+0200,72.4,EUR/MWh,ES,ES,imbalance_price,Long,2026-08-28T02:01:39Z
2026-08-28T01:53:23Z,2026-08-28T03:53:23+0200,565fb0ed-db72-48c6-a54e-0fdff3a4721b,2026-08-20T23:00:00Z,2026-08-21T01:00:00+0200,177.82,EUR/MWh,ES,ES,imbalance_price,Short,2026-08-28T02:01:39Z
2026-08-28T01:53:23Z,2026-08-28T03:53:23+0200,565fb0ed-db72-48c6-a54e-0fdff3a4721b,2026-08-20T23:15:00Z,2026-08-21T01:15:00+0200,43.52,EUR/MWh,ES,ES,imbalance_price,Long,2026-08-28T02:01:39Z
2026-08-28T01:53:23Z,2026-08-28T03:53:23+0200,565fb0ed-db72-48c6-a54e-0fdff3a4721b,2026-08-20T23:15:00Z,2026-08-21T01:15:00+0200,147.83,EUR/MWh,ES,ES,imbalance_price,Short,2026-08-28T02:01:39Z
2026-08-28T01:53:23Z,2026-08-28T03:53:23+0200,565fb0ed-db72-48c6-a54e-0fdff3a4721b,2026-08-20T23:30:00Z,2026-08-21T01:30:00+0200,124.29,EUR/MWh,ES,ES,imbalance_price,Long,2026-08-28T02:01:39Z
2026-08-28T01:53:23Z,2026-08-28T03:53:23+0200,565fb0ed-db72-48c6-a54e-0fdff3a4721b,2026-08-20T23:30:00Z,2026-08-21T01:30:00+0200,149.46,EUR/MWh,ES,ES,imbalance_price,Short,2026-08-28T02:01:39Z
2026-08-28T01:53:23Z,2026-08-28T03:53:23+0200,565fb0ed-db72-48c6-a54e-0fdff3a4721b,2026-08-20T23:45:00Z,2026-08-21T01:45:00+0200,124.71,EUR/MWh,ES,ES,imbalance_price,Long,2026-08-28T02:01:39Z
2026-08-28T01:53:23Z,2026-08-28T03:53:23+0200,565fb0ed-db72-48c6-a54e-0fdff3a4721b,2026-08-20T23:45:00Z,2026-08-21T01:45:00+0200,142.43,EUR/MWh,ES,ES,imbalance_price,Short,2026-08-28T02:01:39Z
2026-08-28T01:53:23Z,2026-08-28T03:53:23+0200,565fb0ed-db72-48c6-a54e-0fdff3a4721b,2026-08-21T00:00:00Z,2026-08-21T02:00:00+0200,91.35,EUR/MWh,ES,ES,imbalance_price,Long,2026-08-28T02:01:39Z
2026-08-28T01:53:23Z,2026-08-28T03:53:23+0200,565fb0ed-db72-48c6-a54e-0fdff3a4721b,2026-08-21T00:00:00Z,2026-08-21T02:00:00+0200,171.64,EUR/MWh,ES,ES,imbalance_price,Short,2026-08-28T02:01:39Z
2026-08-28T01:53:23Z,2026-08-28T03:53:23+0200,565fb0ed-db72-48c6-a54e-0fdff3a4721b,2026-08-21T00:15:00Z,2026-08-21T02:15:00+0200,81.59,EUR/MWh,ES,ES,imbalance_price,Long,2026-08-28T02:01:39Z
2026-08-28T01:53:23Z,2026-08-28T03:53:23+0200,565fb0ed-db72-48c6-a54e-0fdff3a4721b,2026-08-21T00:15:00Z,2026-08-21T02:15:00+0200,184.69,EUR/MWh,ES,ES,imbalance_price,Short,2026-08-28T02:01:39Z
2026-08-28T01:53:23Z,2026-08-28T03:53:23+0200,565fb0ed-db72-48c6-a54e-0fdff3a4721b,2026-08-21T00:30:00Z,2026-08-21T02:30:00+0200,103.33,EUR/MWh,ES,ES,imbalance_price,Long,2026-08-28T02:01:39Z
2026-08-28T01:53:23Z,2026-08-28T03:53:23+0200,565fb0ed-db72-48c6-a54e-0fdff3a4721b,2026-08-21T00:30:00Z,2026-08-21T02:30:00+0200,151.65,EUR/MWh,ES,ES,imbalance_price,Short,2026-08-28T02:01:39Z
2026-08-28T01:53:23Z,2026-08-28T03:53:23+0200,565fb0ed-db72-48c6-a54e-0fdff3a4721b,2026-08-21T00:45:00Z,2026-08-21T02:45:00+0200,122.39,EUR/MWh,ES,ES,imbalance_price,Long,2026-08-28T02:01:39Z
2026-08-28T01:53:23Z,2026-08-28T03:53:23+0200,565fb0ed-db72-48c6-a54e-0fdff3a4721b,2026-08-21T00:45:00Z,2026-08-21T02:45:00+0200,0.0,EUR/MWh,ES,ES,imbalance_price,Short,2026-08-28T02:01:39Z
2026-08-28T01:53:23Z,2026-08-28T03:53:23+0200,565fb0ed-db72-48c6-a54e-0fdff3a4721b,2026-08-21T01:00:00Z,2026-08-21T03:00:00+0200,112.95,EUR/MWh,ES,ES,imbalance_price,Long,2026-08-28T02:01:39Z
2026-08-28T01:53:23Z,2026-08-28T03:53:23+0200,565fb0ed-db72-48c6-a54e-0fdff3a4721b,2026-08-21T01:00:00Z,2026-08-21T03:00:00+0200,112.95,EUR/MWh,ES,ES,imbalance_price,Short,2026-08-28T02:01:39Z
2026-08-28T01:53:23Z,2026-08-28T03:53:23+0200,565fb0ed-db72-48c6-a54e-0fdff3a4721b,2026-08-21T01:15:00Z,2026-08-21T03:15:00+0200,57.31,EUR/MWh,ES,ES,imbalance_price,Long,2026-08-28T02:01:39Z
2026-08-28T01:53:23Z,2026-08-28T03:53:23+0200,565fb0ed-db72-48c6-a54e-0fdff3a4721b,2026-08-21T01:15:00Z,2026-08-21T03:15:00+0200,163.73,EUR/MWh,ES,ES,imbalance_price,Short,2026-08-28T02:01:39Z
2026-08-28T01:53:23Z,2026-08-28T03:53:23+0200,565fb0ed-db72-48c6-a54e-0fdff3a4721b,2026-08-21T01:30:00Z,2026-08-21T03:30:00+0200,60.06,EUR/MWh,ES,ES,imbalance_price,Long,2026-08-28T02:01:39Z
2026-08-28T01:53:23Z,2026-08-28T03:53:23+0200,565fb0ed-db72-48c6-a54e-0fdff3a4721b,2026-08-21T01:30:00Z,2026-08-21T03:30:00+0200,172.25,EUR/MWh,ES,ES,imbalance_price,Short,2026-08-28T02:01:39Z
2026-08-28T01:53:23Z,2026-08-28T03:53:23+0200,565fb0ed-db72-48c6-a54e-0fdff3a4721b,2026-08-21T01:45:00Z,2026-08-21T03:45:00+0200,72.61,EUR/MWh,ES,ES,imbalance_price,Long,2026-08-28T02:01:39Z
2026-08-28T01:53:23Z,2026-08-28T03:53:23+0200,565fb0ed-db72-48c6-a54e-0fdff3a4721b,2026-08-21T01:45:00Z,2026-08-21T03:45:00+0200,160.47,EUR/MWh,ES,ES,imbalance_price,Short,2026-08-28T02:01:39Z
2026-08-28T01:53:23Z,2026-08-28T03:53:23+0200,565fb0ed-db72-48c6-a54e-0fdff3a4721b,2026-08-21T02:00:00Z,2026-08-21T04:00:00+0200,121.97,EUR/MWh,ES,ES,imbalance_price,Long,2026-08-28T02:01:39Z
2026-08-28T01:53:23Z,2026-08-28T03:53:23+0200,565fb0ed-db72-48c6-a54e-0fdff3a4721b,2026-08-21T02:00:00Z,2026-08-21T04:00:00+0200,154.8,EUR/MWh,ES,ES,imbalance_price,Short,2026-08-28T02:01:39Z
2026-08-28T01:53:23Z,2026-08-28T03:53:23+0200,565fb0ed-db72-48c6-a54e-0fdff3a4721b,2026-08-21T02:15:00Z,2026-08-21T04:15:00+0200,123.17,EUR/MWh,ES,ES,imbalance_price,Long,2026-08-28T02:01:39Z
2026-08-28T01:53:23Z,2026-08-28T03:53:23+0200,565fb0ed-db72-48c6-a54e-0fdff3a4721b,2026-08-21T02:15:00Z,2026-08-21T04:15:00+0200,150.49,EUR/MWh,ES,ES,imbalance_price,Short,2026-08-28T02:01:39Z
2026-08-28T01:53:23Z,2026-08-28T03:53:23+0200,565fb0ed-db72-48c6-a54e-0fdff3a4721b,2026-08-21T02:30:00Z,2026-08-21T04:30:00+0200,75.63,EUR/MWh,ES,ES,imbalance_price,Long,2026-08-28T02:01:39Z
2026-08-28T01:53:23Z,2026-08-28T03:53:23+0200,565fb0ed-db72-48c6-a54e-0fdff3a4721b,2026-08-21T02:30:00Z,2026-08-21T04:30:00+0200,165.17,EUR/MWh,ES,ES,imbalance_price,Short,2026-08-28T02:01:39Z
2026-08-28T01:53:23Z,2026-08-28T03:53:23+0200,565fb0ed-db72-48c6-a54e-0fdff3a4721b,2026-08-21T02:45:00Z,2026-08-21T04:45:00+0200,99.13,EUR/MWh,ES,ES,imbalance_price,Long,2026-08-28T02:01:39Z
2026-08-28T01:53:23Z,2026-08-28T03:53:23+0200,565fb0ed-db72-48c6-a54e-0fdff3a4721b,2026-08-21T02:45:00Z,2026-08-21T04:45:00+0200,166.64,EUR/MWh,ES,ES,imbalance_price,Short,2026-08-28T02:01:39Z
2026-08-28T01:53:23Z,2026-08-28T03:53:23+0200,565fb0ed-db72-48c6-a54e-0fdff3a4721b,2026-08-21T03:00:00Z,2026-08-21T05:00:00+0200,115.39,EUR/MWh,ES,ES,imbalance_price,Long,2026-08-28T02:01:39Z
2026-08-28T01:53:23Z,2026-08-28T03:53:23+0200,565fb0ed-db72-48c6-a54e-0fdff3a4721b,2026-08-21T03:00:00Z,2026-08-21T05:00:00+0200,152.55,EUR/MWh,ES,ES,imbalance_price,Short,2026-08-28T02:01:39Z
2026-08-28T01:53:23Z,2026-08-28T03:53:23+0200,565fb0ed-db72-48c6-a54e-0fdff3a4721b,2026-08-21T03:15:00Z,2026-08-21T05:15:00+0200,99.41,EUR/MWh,ES,ES,imbalance_price,Long,2026-08-28T02:01:39Z
2026-08-28T01:53:23Z,2026-08-28T03:53:23+0200,565fb0ed-db72-48c6-a54e-0fdff3a4721b,2026-08-21T03:15:00Z,2026-08-21T05:15:00+0200,99.41,EUR/MWh,ES,ES,imbalance_price,Short,2026-08-28T02:01:39Z
2026-08-28T01:53:23Z,2026-08-28T03:53:23+0200,565fb0ed-db72-48c6-a54e-0fdff3a4721b,2026-08-21T03:30:00Z,2026-08-21T05:30:00+0200,70.46,EUR/MWh,ES,ES,imbalance_price,Long,2026-08-28T02:01:39Z
2026-08-28T01:53:23Z,2026-08-28T03:53:23+0200,565fb0ed-db72-48c6-a54e-0fdff3a4721b,2026-08-21T03:30:00Z,2026-08-21T05:30:00+0200,144.94,EUR/MWh,ES,ES,imbalance_price,Short,2026-08-28T02:01:39Z
2026-08-28T01:53:23Z,2026-08-28T03:53:23+0200,565fb0ed-db72-48c6-a54e-0fdff3a4721b,2026-08-21T03:45:00Z,2026-08-21T05:45:00+0200,71.17,EUR/MWh,ES,ES,imbalance_price,Long,2026-08-28T02:01:39Z
2026-08-28T01:53:23Z,2026-08-28T03:53:23+0200,565fb0ed-db72-48c6-a54e-0fdff3a4721b,2026-08-21T03:45:00Z,2026-08-21T05:45:00+0200,127.43,EUR/MWh,ES,ES,imbalance_price,Short,2026-08-28T02:01:39Z
2026-08-28T01:53:23Z,2026-08-28T03:53:23+0200,565fb0ed-db72-48c6-a54e-0fdff3a4721b,2026-08-21T04:00:00Z,2026-08-21T06:00:00+0200,118.79,EUR/MWh,ES,ES,imbalance_price,Long,2026-08-28T02:01:39Z
2026-08-28T01:53:23Z,2026-08-28T03:53:23+0200,565fb0ed-db72-48c6-a54e-0fdff3a4721b,2026-08-21T04:00:00Z,2026-08-21T06:00:00+0200,186.3,EUR/MWh,ES,ES,imbalance_price,Short,2026-08-28T02:01:39Z
2026-08-28T01:53:23Z,2026-08-28T03:53:23+0200,565fb0ed-db72-48c6-a54e-0fdff3a4721b,2026-08-21T04:15:00Z,2026-08-21T06:15:00+0200,122.54,EUR/MWh,ES,ES,imbalance_price,Long,2026-08-28T02:01:39Z
2026-08-28T01:53:23Z,2026-08-28T03:53:23+0200,565fb0ed-db72-48c6-a54e-0fdff3a4721b,2026-08-21T04:15:00Z,2026-08-21T06:15:00+0200,177.96,EUR/MWh,ES,ES,imbalance_price,Short,2026-08-28T02:01:39Z
2026-08-28T01:53:23Z,2026-08-28T03:53:23+0200,565fb0ed-db72-48c6-a54e-0fdff3a4721b,2026-08-21T04:30:00Z,2026-08-21T06:30:00+0200,134.75,EUR/MWh,ES,ES,imbalance_price,Long,2026-08-28T02:01:39Z
2026-08-28T01:53:23Z,2026-08-28T03:53:23+0200,565fb0ed-db72-48c6-a54e-0fdff3a4721b,2026-08-21T04:30:00Z,2026-08-21T06:30:00+0200,145.25,EUR/MWh,ES,ES,imbalance_price,Short,2026-08-28T02:01:39Z
2026-08-28T01:53:23Z,2026-08-28T03:53:23+0200,565fb0ed-db72-48c6-a54e-0fdff3a4721b,2026-08-21T04:45:00Z,2026-08-21T06:45:00+0200,129.86,EUR/MWh,ES,ES,imbalance_price,Long,2026-08-28T02:01:39Z
2026-08-28T01:53:23Z,2026-08-28T03:53:23+0200,565fb0ed-db72-48c6-a54e-0fdff3a4721b,2026-08-21T04:45:00Z,2026-08-21T06:45:00+0200,145.59,EUR/MWh,ES,ES,imbalance_price,Short,2026-08-28T02:01:39Z
2026-08-28T01:53:23Z,2026-08-28T03:53:23+0200,565fb0ed-db72-48c6-a54e-0fdff3a4721b,2026-08-21T05:00:00Z,2026-08-21T07:00:00+0200,132.98,EUR/MWh,ES,ES,imbalance_price,Long,2026-08-28T02:01:39Z
2026-08-28T01:53:23Z,2026-08-28T03:53:23+0200,565fb0ed-db72-48c6-a54e-0fdff3a4721b,2026-08-21T05:00:00Z,2026-08-21T07:00:00+0200,148.27,EUR/MWh,ES,ES,imbalance_price,Short,2026-08-28T02:01:39Z
2026-08-28T01:53:23Z,2026-08-28T03:53:23+0200,565fb0ed-db72-48c6-a54e-0fdff3a4721b,2026-08-21T05:15:00Z,2026-08-21T07:15:00+0200,147.7,EUR/MWh,ES,ES,imbalance_price,Long,2026-08-28T02:01:39Z
2026-08-28T01:53:23Z,2026-08-28T03:53:23+0200,565fb0ed-db72-48c6-a54e-0fdff3a4721b,2026-08-21T05:15:00Z,2026-08-21T07:15:00+0200,158.65,EUR/MWh,ES,ES,imbalance_price,Short,2026-08-28T02:01:39Z
2026-08-28T01:53:23Z,2026-08-28T03:53:23+0200,565fb0ed-db72-48c6-a54e-0fdff3a4721b,2026-08-21T05:30:00Z,2026-08-21T07:30:00+0200,129.64,EUR/MWh,ES,ES,imbalance_price,Long,2026-08-28T02:01:39Z
2026-08-28T01:53:23Z,2026-08-28T03:53:23+0200,565fb0ed-db72-48c6-a54e-0fdff3a4721b,2026-08-21T05:30:00Z,2026-08-21T07:30:00+0200,141.87,EUR/MWh,ES,ES,imbalance_price,Short,2026-08-28T02:01:39Z
2026-08-28T01:53:23Z,2026-08-28T03:53:23+0200,565fb0ed-db72-48c6-a54e-0fdff3a4721b,2026-08-21T05:45:00Z,2026-08-21T07:45:00+0200,118.32,EUR/MWh,ES,ES,imbalance_price,Long,2026-08-28T02:01:39Z
2026-08-28T01:53:23Z,2026-08-28T03:53:23+0200,565fb0ed-db72-48c6-a54e-0fdff3a4721b,2026-08-21T05:45:00Z,2026-08-21T07:45:00+0200,153.9,EUR/MWh,ES,ES,imbalance_price,Short,2026-08-28T02:01:39Z
2026-08-28T01:53:23Z,2026-08-28T03:53:23+0200,565fb0ed-db72-48c6-a54e-0fdff3a4721b,2026-08-21T06:00:00Z,2026-08-21T08:00:00+0200,128.75,EUR/MWh,ES,ES,imbalance_price,Long,2026-08-28T02:01:39Z
2026-08-28T01:53:23Z,2026-08-28T03:53:23+0200,565fb0ed-db72-48c6-a54e-0fdff3a4721b,2026-08-21T06:00:00Z,2026-08-21T08:00:00+0200,144.36,EUR/MWh,ES,ES,imbalance_price,Short,2026-08-28T02:01:39Z
2026-08-28T01:53:23Z,2026-08-28T03:53:23+0200,565fb0ed-db72-48c6-a54e-0fdff3a4721b,2026-08-21T06:15:00Z,2026-08-21T08:15:00+0200,135.91,EUR/MWh,ES,ES,imbalance_price,Long,2026-08-28T02:01:39Z
2026-08-28T01:53:23Z,2026-08-28T03:53:23+0200,565fb0ed-db72-48c6-a54e-0fdff3a4721b,2026-08-21T06:15:00Z,2026-08-21T08:15:00+0200,135.91,EUR/MWh,ES,ES,imbalance_price,Short,2026-08-28T02:01:39Z
2026-08-28T01:53:23Z,2026-08-28T03:53:23+0200,565fb0ed-db72-48c6-a54e-0fdff3a4721b,2026-08-21T06:30:00Z,2026-08-21T08:30:00+0200,72.75,EUR/MWh,ES,ES,imbalance_price,Long,2026-08-28T02:01:39Z
2026-08-28T01:53:23Z,2026-08-28T03:53:23+0200,565fb0ed-db72-48c6-a54e-0fdff3a4721b,2026-08-21T06:30:00Z,2026-08-21T08:30:00+0200,199.28,EUR/MWh,ES,ES,imbalance_price,Short,2026-08-28T02:01:39Z
2026-08-28T01:53:23Z,2026-08-28T03:53:23+0200,565fb0ed-db72-48c6-a54e-0fdff3a4721b,2026-08-21T06:45:00Z,2026-08-21T08:45:00+0200,69.24,EUR/MWh,ES,ES,imbalance_price,Long,2026-08-28T02:01:39Z
2026-08-28T01:53:23Z,2026-08-28T03:53:23+0200,565fb0ed-db72-48c6-a54e-0fdff3a4721b,2026-08-21T06:45:00Z,2026-08-21T08:45:00+0200,69.24,EUR/MWh,ES,ES,imbalance_price,Short,2026-08-28T02:01:39Z
2026-08-28T01:53:23Z,2026-08-28T03:53:23+0200,565fb0ed-db72-48c6-a54e-0fdff3a4721b,2026-08-21T07:00:00Z,2026-08-21T09:00:00+0200,49.5,EUR/MWh,ES,ES,imbalance_price,Long,2026-08-28T02:01:39Z
2026-08-28T01:53:23Z,2026-08-28T03:53:23+0200,565fb0ed-db72-48c6-a54e-0fdff3a4721b,2026-08-21T07:00:00Z,2026-08-21T09:00:00+0200,49.5,EUR/MWh,ES,ES,imbalance_price,Short,2026-08-28T02:01:39Z
2026-08-28T01:53:23Z,2026-08-28T03:53:23+0200,565fb0ed-db72-48c6-a54e-0fdff3a4721b,2026-08-21T07:15:00Z,2026-08-21T09:15:00+0200,49.18,EUR/MWh,ES,ES,imbalance_price,Long,2026-08-28T02:01:39Z
2026-08-28T01:53:23Z,2026-08-28T03:53:23+0200,565fb0ed-db72-48c6-a54e-0fdff3a4721b,2026-08-21T07:15:00Z,2026-08-21T09:15:00+0200,135.1,EUR/MWh,ES,ES,imbalance_price,Short,2026-08-28T02:01:39Z
2026-08-28T01:53:23Z,2026-08-28T03:53:23+0200,565fb0ed-db72-48c6-a54e-0fdff3a4721b,2026-08-21T07:30:00Z,2026-08-21T09:30:00+0200,33.79,EUR/MWh,ES,ES,imbalance_price,Long,2026-08-28T02:01:39Z
2026-08-28T01:53:23Z,2026-08-28T03:53:23+0200,565fb0ed-db72-48c6-a54e-0fdff3a4721b,2026-08-21T07:30:00Z,2026-08-21T09:30:00+0200,76.61,EUR/MWh,ES,ES,imbalance_price,Short,2026-08-28T02:01:39Z
2026-08-28T01:53:23Z,2026-08-28T03:53:23+0200,565fb0ed-db72-48c6-a54e-0fdff3a4721b,2026-08-21T07:45:00Z,2026-08-21T09:45:00+0200,2.47,EUR/MWh,ES,ES,imbalance_price,Long,2026-08-28T02:01:39Z
2026-08-28T01:53:23Z,2026-08-28T03:53:23+0200,565fb0ed-db72-48c6-a54e-0fdff3a4721b,2026-08-21T07:45:00Z,2026-08-21T09:45:00+0200,2.47,EUR/MWh,ES,ES,imbalance_price,Short,2026-08-28T02:01:39Z
2026-08-28T01:53:23Z,2026-08-28T03:53:23+0200,565fb0ed-db72-48c6-a54e-0fdff3a4721b,2026-08-21T08:00:00Z,2026-08-21T10:00:00+0200,-2.28,EUR/MWh,ES,ES,imbalance_price,Long,2026-08-28T02:01:39Z
2026-08-28T01:53:23Z,2026-08-28T03:53:23+0200,565fb0ed-db72-48c6-a54e-0fdff3a4721b,2026-08-21T08:00:00Z,2026-08-21T10:00:00+0200,137.09,EUR/MWh,ES,ES,imbalance_price,Short,2026-08-28T02:01:39Z
2026-08-28T01:53:23Z,2026-08-28T03:53:23+0200,565fb0ed-db72-48c6-a54e-0fdff3a4721b,2026-08-21T08:15:00Z,2026-08-21T10:15:00+0200,-1.87,EUR/MWh,ES,ES,imbalance_price,Long,2026-08-28T02:01:39Z
2026-08-28T01:53:23Z,2026-08-28T03:53:23+0200,565fb0ed-db72-48c6-a54e-0fdff3a4721b,2026-08-21T08:15:00Z,2026-08-21T10:15:00+0200,-1.87,EUR/MWh,ES,ES,imbalance_price,Short,2026-08-28T02:01:39Z
2026-08-28T01:53:23Z,2026-08-28T03:53:23+0200,565fb0ed-db72-48c6-a54e-0fdff3a4721b,2026-08-21T08:30:00Z,2026-08-21T10:30:00+0200,-2.59,EUR/MWh,ES,ES,imbalance_price,Long,2026-08-28T02:01:39Z
2026-08-28T01:53:23Z,2026-08-28T03:53:23+0200,565fb0ed-db72-48c6-a54e-0fdff3a4721b,2026-08-21T08:30:00Z,2026-08-21T10:30:00+0200,-2.59,EUR/MWh,ES,ES,imbalance_price,Short,2026-08-28T02:01:39Z
2026-08-28T01:53:23Z,2026-08-28T03:53:23+0200,565fb0ed-db72-48c6-a54e-0fdff3a4721b,2026-08-21T08:45:00Z,2026-08-21T10:45:00+0200,-3.91,EUR/MWh,ES,ES,imbalance_price,Long,2026-08-28T02:01:39Z
2026-08-28T01:53:23Z,2026-08-28T03:53:23+0200,565fb0ed-db72-48c6-a54e-0fdff3a4721b,2026-08-21T08:45:00Z,2026-08-21T10:45:00+0200,-3.91,EUR/MWh,ES,ES,imbalance_price,Short,2026-08-28T02:01:39Z
2026-08-28T01:53:23Z,2026-08-28T03:53:23+0200,565fb0ed-db72-48c6-a54e-0fdff3a4721b,2026-08-21T09:00:00Z,2026-08-21T11:00:00+0200,-5.54,EUR/MWh,ES,ES,imbalance_price,Long,2026-08-28T02:01:39Z
2026-08-28T01:53:23Z,2026-08-28T03:53:23+0200,565fb0ed-db72-48c6-a54e-0fdff3a4721b,2026-08-21T09:00:00Z,2026-08-21T11:00:00+0200,-5.54,EUR/MWh,ES,ES,imbalance_price,Short,2026-08-28T02:01:39Z
2026-08-28T01:53:23Z,2026-08-28T03:53:23+0200,565fb0ed-db72-48c6-a54e-0fdff3a4721b,2026-08-21T09:15:00Z,2026-08-21T11:15:00+0200,-2.74,EUR/MWh,ES,ES,imbalance_price,Long,2026-08-28T02:01:39Z
2026-08-28T01:53:23Z,2026-08-28T03:53:23+0200,565fb0ed-db72-48c6-a54e-0fdff3a4721b,2026-08-21T09:15:00Z,2026-08-21T11:15:00+0200,-2.74,EUR/MWh,ES,ES,imbalance_price,Short,2026-08-28T02:01:39Z
2026-08-28T01:53:23Z,2026-08-28T03:53:23+0200,565fb0ed-db72-48c6-a54e-0fdff3a4721b,2026-08-21T09:30:00Z,2026-08-21T11:30:00+0200,-1.68,EUR/MWh,ES,ES,imbalance_price,Long,2026-08-28T02:01:39Z
2026-08-28T01:53:23Z,2026-08-28T03:53:23+0200,565fb0ed-db72-48c6-a54e-0fdff3a4721b,2026-08-21T09:30:00Z,2026-08-21T11:30:00+0200,-1.68,EUR/MWh,ES,ES,imbalance_price,Short,2026-08-28T02:01:39Z
2026-08-28T01:53:23Z,2026-08-28T03:53:23+0200,565fb0ed-db72-48c6-a54e-0fdff3a4721b,2026-08-21T09:45:00Z,2026-08-21T11:45:00+0200,-1.93,EUR/MWh,ES,ES,imbalance_price,Long,2026-08-28T02:01:39Z
2026-08-28T01:53:23Z,2026-08-28T03:53:23+0200,565fb0ed-db72-48c6-a54e-0fdff3a4721b,2026-08-21T09:45:00Z,2026-08-21T11:45:00+0200,-1.93,EUR/MWh,ES,ES,imbalance_price,Short,2026-08-28T02:01:39Z
2026-08-28T01:53:23Z,2026-08-28T03:53:23+0200,565fb0ed-db72-48c6-a54e-0fdff3a4721b,2026-08-21T10:00:00Z,2026-08-21T12:00:00+0200,-1.86,EUR/MWh,ES,ES,imbalance_price,Long,2026-08-28T02:01:39Z
2026-08-28T01:53:23Z,2026-08-28T03:53:23+0200,565fb0ed-db72-48c6-a54e-0fdff3a4721b,2026-08-21T10:00:00Z,2026-08-21T12:00:00+0200,-1.86,EUR/MWh,ES,ES,imbalance_price,Short,2026-08-28T02:01:39Z
2026-08-28T01:53:23Z,2026-08-28T03:53:23+0200,565fb0ed-db72-48c6-a54e-0fdff3a4721b,2026-08-21T10:15:00Z,2026-08-21T12:15:00+0200,-1.54,EUR/MWh,ES,ES,imbalance_price,Long,2026-08-28T02:01:39Z
2026-08-28T01:53:23Z,2026-08-28T03:53:23+0200,565fb0ed-db72-48c6-a54e-0fdff3a4721b,2026-08-21T10:15:00Z,2026-08-21T12:15:00+0200,-1.54,EUR/MWh,ES,ES,imbalance_price,Short,2026-08-28T02:01:39Z
2026-08-28T01:53:23Z,2026-08-28T03:53:23+0200,565fb0ed-db72-48c6-a54e-0fdff3a4721b,2026-08-21T10:30:00Z,2026-08-21T12:30:00+0200,-2.11,EUR/MWh,ES,ES,imbalance_price,Long,2026-08-28T02:01:39Z
2026-08-28T01:53:23Z,2026-08-28T03:53:23+0200,565fb0ed-db72-48c6-a54e-0fdff3a4721b,2026-08-21T10:30:00Z,2026-08-21T12:30:00+0200,-2.11,EUR/MWh,ES,ES,imbalance_price,Short,2026-08-28T02:01:39Z
2026-08-28T01:53:23Z,2026-08-28T03:53:23+0200,565fb0ed-db72-48c6-a54e-0fdff3a4721b,2026-08-21T10:45:00Z,2026-08-21T12:45:00+0200,-1.53,EUR/MWh,ES,ES,imbalance_price,Long,2026-08-28T02:01:39Z
2026-08-28T01:53:23Z,2026-08-28T03:53:23+0200,565fb0ed-db72-48c6-a54e-0fdff3a4721b,2026-08-21T10:45:00Z,2026-08-21T12:45:00+0200,-1.53,EUR/MWh,ES,ES,imbalance_price,Short,2026-08-28T02:01:39Z
2026-08-28T01:53:23Z,2026-08-28T03:53:23+0200,565fb0ed-db72-48c6-a54e-0fdff3a4721b,2026-08-21T11:00:00Z,2026-08-21T13:00:00+0200,-1.57,EUR/MWh,ES,ES,imbalance_price,Long,2026-08-28T02:01:39Z
2026-08-28T01:53:23Z,2026-08-28T03:53:23+0200,565fb0ed-db72-48c6-a54e-0fdff3a4721b,2026-08-21T11:00:00Z,2026-08-21T13:00:00+0200,-1.57,EUR/MWh,ES,ES,imbalance_price,Short,2026-08-28T02:01:39Z
2026-08-28T01:53:23Z,2026-08-28T03:53:23+0200,565fb0ed-db72-48c6-a54e-0fdff3a4721b,2026-08-21T11:15:00Z,2026-08-21T13:15:00+0200,-1.37,EUR/MWh,ES,ES,imbalance_price,Long,2026-08-28T02:01:39Z
2026-08-28T01:53:23Z,2026-08-28T03:53:23+0200,565fb0ed-db72-48c6-a54e-0fdff3a4721b,2026-08-21T11:15:00Z,2026-08-21T13:15:00+0200,-1.37,EUR/MWh,ES,ES,imbalance_price,Short,2026-08-28T02:01:39Z
2026-08-28T01:53:23Z,2026-08-28T03:53:23+0200,565fb0ed-db72-48c6-a54e-0fdff3a4721b,2026-08-21T11:30:00Z,2026-08-21T13:30:00+0200,-1.26,EUR/MWh,ES,ES,imbalance_price,Long,2026-08-28T02:01:39Z
2026-08-28T01:53:23Z,2026-08-28T03:53:23+0200,565fb0ed-db72-48c6-a54e-0fdff3a4721b,2026-08-21T11:30:00Z,2026-08-21T13:30:00+0200,-1.26,EUR/MWh,ES,ES,imbalance_price,Short,2026-08-28T02:01:39Z
2026-08-28T01:53:23Z,2026-08-28T03:53:23+0200,565fb0ed-db72-48c6-a54e-0fdff3a4721b,2026-08-21T11:45:00Z,2026-08-21T13:45:00+0200,-1.17,EUR/MWh,ES,ES,imbalance_price,Long,2026-08-28T02:01:39Z
2026-08-28T01:53:23Z,2026-08-28T03:53:23+0200,565fb0ed-db72-48c6-a54e-0fdff3a4721b,2026-08-21T11:45:00Z,2026-08-21T13:45:00+0200,-1.17,EUR/MWh,ES,ES,imbalance_price,Short,2026-08-28T02:01:39Z
2026-08-28T01:53:23Z,2026-08-28T03:53:23+0200,565fb0ed-db72-48c6-a54e-0fdff3a4721b,2026-08-21T12:00:00Z,2026-08-21T14:00:00+0200,-1.2,EUR/MWh,ES,ES,imbalance_price,Long,2026-08-28T02:01:39Z
2026-08-28T01:53:23Z,2026-08-28T03:53:23+0200,565fb0ed-db72-48c6-a54e-0fdff3a4721b,2026-08-21T12:00:00Z,2026-08-21T14:00:00+0200,-1.2,EUR/MWh,ES,ES,imbalance_price,Short,2026-08-28T02:01:39Z
2026-08-28T01:53:23Z,2026-08-28T03:53:23+0200,565fb0ed-db72-48c6-a54e-0fdff3a4721b,2026-08-21T12:15:00Z,2026-08-21T14:15:00+0200,-1.26,EUR/MWh,ES,ES,imbalance_price,Long,2026-08-28T02:01:39Z
2026-08-28T01:53:23Z,2026-08-28T03:53:23+0200,565fb0ed-db72-48c6-a54e-0fdff3a4721b,2026-08-21T12:15:00Z,2026-08-21T14:15:00+0200,-1.26,EUR/MWh,ES,ES,imbalance_price,Short,2026-08-28T02:01:39Z
2026-08-28T01:53:23Z,2026-08-28T03:53:23+0200,565fb0ed-db72-48c6-a54e-0fdff3a4721b,2026-08-21T12:30:00Z,2026-08-21T14:30:00+0200,-1.24,EUR/MWh,ES,ES,imbalance_price,Long,2026-08-28T02:01:39Z
2026-08-28T01:53:23Z,2026-08-28T03:53:23+0200,565fb0ed-db72-48c6-a54e-0fdff3a4721b,2026-08-21T12:30:00Z,2026-08-21T14:30:00+0200,-1.24,EUR/MWh,ES,ES,imbalance_price,Short,2026-08-28T02:01:39Z
2026-08-28T01:53:23Z,2026-08-28T03:53:23+0200,565fb0ed-db72-48c6-a54e-0fdff3a4721b,2026-08-21T12:45:00Z,2026-08-21T14:45:00+0200,-1.2,EUR/MWh,ES,ES,imbalance_price,Long,2026-08-28T02:01:39Z
2026-08-28T01:53:23Z,2026-08-28T03:53:23+0200,565fb0ed-db72-48c6-a54e-0fdff3a4721b,2026-08-21T12:45:00Z,2026-08-21T14:45:00+0200,-1.2,EUR/MWh,ES,ES,imbalance_price,Short,2026-08-28T02:01:39Z
2026-08-28T01:53:23Z,2026-08-28T03:53:23+0200,565fb0ed-db72-48c6-a54e-0fdff3a4721b,2026-08-21T13:00:00Z,2026-08-21T15:00:00+0200,-2.72,EUR/MWh,ES,ES,imbalance_price,Long,2026-08-28T02:01:39Z
2026-08-28T01:53:23Z,2026-08-28T03:53:23+0200,565fb0ed-db72-48c6-a54e-0fdff3a4721b,2026-08-21T13:00:00Z,2026-08-21T15:00:00+0200,0.0,EUR/MWh,ES,ES,imbalance_price,Short,2026-08-28T02:01:39Z
2026-08-28T01:53:23Z,2026-08-28T03:53:23+0200,565fb0ed-db72-48c6-a54e-0fdff3a4721b,2026-08-21T13:15:00Z,2026-08-21T15:15:00+0200,-1.42,EUR/MWh,ES,ES,imbalance_price,Long,2026-08-28T02:01:39Z
2026-08-28T01:53:23Z,2026-08-28T03:53:23+0200,565fb0ed-db72-48c6-a54e-0fdff3a4721b,2026-08-21T13:15:00Z,2026-08-21T15:15:00+0200,6.82,EUR/MWh,ES,ES,imbalance_price,Short,2026-08-28T02:01:39Z
2026-08-28T01:53:23Z,2026-08-28T03:53:23+0200,565fb0ed-db72-48c6-a54e-0fdff3a4721b,2026-08-21T13:30:00Z,2026-08-21T15:30:00+0200,-1.15,EUR/MWh,ES,ES,imbalance_price,Long,2026-08-28T02:01:39Z
2026-08-28T01:53:23Z,2026-08-28T03:53:23+0200,565fb0ed-db72-48c6-a54e-0fdff3a4721b,2026-08-21T13:30:00Z,2026-08-21T15:30:00+0200,14.23,EUR/MWh,ES,ES,imbalance_price,Short,2026-08-28T02:01:39Z
2026-08-28T01:53:23Z,2026-08-28T03:53:23+0200,565fb0ed-db72-48c6-a54e-0fdff3a4721b,2026-08-21T13:45:00Z,2026-08-21T15:45:00+0200,-2.11,EUR/MWh,ES,ES,imbalance_price,Long,2026-08-28T02:01:39Z
2026-08-28T01:53:23Z,2026-08-28T03:53:23+0200,565fb0ed-db72-48c6-a54e-0fdff3a4721b,2026-08-21T13:45:00Z,2026-08-21T15:45:00+0200,0.0,EUR/MWh,ES,ES,imbalance_price,Short,2026-08-28T02:01:39Z
2026-08-28T01:53:23Z,2026-08-28T03:53:23+0200,565fb0ed-db72-48c6-a54e-0fdff3a4721b,2026-08-21T14:00:00Z,2026-08-21T16:00:00+0200,-1.28,EUR/MWh,ES,ES,imbalance_price,Long,2026-08-28T02:01:39Z
2026-08-28T01:53:23Z,2026-08-28T03:53:23+0200,565fb0ed-db72-48c6-a54e-0fdff3a4721b,2026-08-21T14:00:00Z,2026-08-21T16:00:00+0200,20.16,EUR/MWh,ES,ES,imbalance_price,Short,2026-08-28T02:01:39Z
2026-08-28T01:53:23Z,2026-08-28T03:53:23+0200,565fb0ed-db72-48c6-a54e-0fdff3a4721b,2026-08-21T14:15:00Z,2026-08-21T16:15:00+0200,-1.12,EUR/MWh,ES,ES,imbalance_price,Long,2026-08-28T02:01:39Z
2026-08-28T01:53:23Z,2026-08-28T03:53:23+0200,565fb0ed-db72-48c6-a54e-0fdff3a4721b,2026-08-21T14:15:00Z,2026-08-21T16:15:00+0200,52.54,EUR/MWh,ES,ES,imbalance_price,Short,2026-08-28T02:01:39Z
2026-08-28T01:53:23Z,2026-08-28T03:53:23+0200,565fb0ed-db72-48c6-a54e-0fdff3a4721b,2026-08-21T14:30:00Z,2026-08-21T16:30:00+0200,-1.23,EUR/MWh,ES,ES,imbalance_price,Long,2026-08-28T02:01:39Z
2026-08-28T01:53:23Z,2026-08-28T03:53:23+0200,565fb0ed-db72-48c6-a54e-0fdff3a4721b,2026-08-21T14:30:00Z,2026-08-21T16:30:00+0200,73.34,EUR/MWh,ES,ES,imbalance_price,Short,2026-08-28T02:01:39Z
2026-08-28T01:53:23Z,2026-08-28T03:53:23+0200,565fb0ed-db72-48c6-a54e-0fdff3a4721b,2026-08-21T14:45:00Z,2026-08-21T16:45:00+0200,-2.93,EUR/MWh,ES,ES,imbalance_price,Long,2026-08-28T02:01:39Z
2026-08-28T01:53:23Z,2026-08-28T03:53:23+0200,565fb0ed-db72-48c6-a54e-0fdff3a4721b,2026-08-21T14:45:00Z,2026-08-21T16:45:00+0200,39.36,EUR/MWh,ES,ES,imbalance_price,Short,2026-08-28T02:01:39Z
2026-08-28T01:53:23Z,2026-08-28T03:53:23+0200,565fb0ed-db72-48c6-a54e-0fdff3a4721b,2026-08-21T15:00:00Z,2026-08-21T17:00:00+0200,-2.82,EUR/MWh,ES,ES,imbalance_price,Long,2026-08-28T02:01:39Z
2026-08-28T01:53:23Z,2026-08-28T03:53:23+0200,565fb0ed-db72-48c6-a54e-0fdff3a4721b,2026-08-21T15:00:00Z,2026-08-21T17:00:00+0200,29.1,EUR/MWh,ES,ES,imbalance_price,Short,2026-08-28T02:01:39Z
2026-08-28T01:53:23Z,2026-08-28T03:53:23+0200,565fb0ed-db72-48c6-a54e-0fdff3a4721b,2026-08-21T15:15:00Z,2026-08-21T17:15:00+0200,-2.96,EUR/MWh,ES,ES,imbalance_price,Long,2026-08-28T02:01:39Z
2026-08-28T01:53:23Z,2026-08-28T03:53:23+0200,565fb0ed-db72-48c6-a54e-0fdff3a4721b,2026-08-21T15:15:00Z,2026-08-21T17:15:00+0200,22.81,EUR/MWh,ES,ES,imbalance_price,Short,2026-08-28T02:01:39Z
2026-08-28T01:53:23Z,2026-08-28T03:53:23+0200,565fb0ed-db72-48c6-a54e-0fdff3a4721b,2026-08-21T15:30:00Z,2026-08-21T17:30:00+0200,-2.47,EUR/MWh,ES,ES,imbalance_price,Long,2026-08-28T02:01:39Z
2026-08-28T01:53:23Z,2026-08-28T03:53:23+0200,565fb0ed-db72-48c6-a54e-0fdff3a4721b,2026-08-21T15:30:00Z,2026-08-21T17:30:00+0200,31.02,EUR/MWh,ES,ES,imbalance_price,Short,2026-08-28T02:01:39Z
2026-08-28T01:53:23Z,2026-08-28T03:53:23+0200,565fb0ed-db72-48c6-a54e-0fdff3a4721b,2026-08-21T15:45:00Z,2026-08-21T17:45:00+0200,-0.48,EUR/MWh,ES,ES,imbalance_price,Long,2026-08-28T02:01:39Z
2026-08-28T01:53:23Z,2026-08-28T03:53:23+0200,565fb0ed-db72-48c6-a54e-0fdff3a4721b,2026-08-21T15:45:00Z,2026-08-21T17:45:00+0200,29.74,EUR/MWh,ES,ES,imbalance_price,Short,2026-08-28T02:01:39Z
2026-08-28T01:53:23Z,2026-08-28T03:53:23+0200,565fb0ed-db72-48c6-a54e-0fdff3a4721b,2026-08-21T16:00:00Z,2026-08-21T18:00:00+0200,0.32,EUR/MWh,ES,ES,imbalance_price,Long,2026-08-28T02:01:39Z
2026-08-28T01:53:23Z,2026-08-28T03:53:23+0200,565fb0ed-db72-48c6-a54e-0fdff3a4721b,2026-08-21T16:00:00Z,2026-08-21T18:00:00+0200,73.53,EUR/MWh,ES,ES,imbalance_price,Short,2026-08-28T02:01:39Z
2026-08-28T01:53:23Z,2026-08-28T03:53:23+0200,565fb0ed-db72-48c6-a54e-0fdff3a4721b,2026-08-21T16:15:00Z,2026-08-21T18:15:00+0200,16.29,EUR/MWh,ES,ES,imbalance_price,Long,2026-08-28T02:01:39Z
2026-08-28T01:53:23Z,2026-08-28T03:53:23+0200,565fb0ed-db72-48c6-a54e-0fdff3a4721b,2026-08-21T16:15:00Z,2026-08-21T18:15:00+0200,59.12,EUR/MWh,ES,ES,imbalance_price,Short,2026-08-28T02:01:39Z
2026-08-28T01:53:23Z,2026-08-28T03:53:23+0200,565fb0ed-db72-48c6-a54e-0fdff3a4721b,2026-08-21T16:30:00Z,2026-08-21T18:30:00+0200,0.33,EUR/MWh,ES,ES,imbalance_price,Long,2026-08-28T02:01:39Z
2026-08-28T01:53:23Z,2026-08-28T03:53:23+0200,565fb0ed-db72-48c6-a54e-0fdff3a4721b,2026-08-21T16:30:00Z,2026-08-21T18:30:00+0200,114.87,EUR/MWh,ES,ES,imbalance_price,Short,2026-08-28T02:01:39Z
2026-08-28T01:53:23Z,2026-08-28T03:53:23+0200,565fb0ed-db72-48c6-a54e-0fdff3a4721b,2026-08-21T16:45:00Z,2026-08-21T18:45:00+0200,1.82,EUR/MWh,ES,ES,imbalance_price,Long,2026-08-28T02:01:39Z
2026-08-28T01:53:23Z,2026-08-28T03:53:23+0200,565fb0ed-db72-48c6-a54e-0fdff3a4721b,2026-08-21T16:45:00Z,2026-08-21T18:45:00+0200,149.92,EUR/MWh,ES,ES,imbalance_price,Short,2026-08-28T02:01:39Z
2026-08-28T01:53:23Z,2026-08-28T03:53:23+0200,565fb0ed-db72-48c6-a54e-0fdff3a4721b,2026-08-21T17:00:00Z,2026-08-21T19:00:00+0200,35.73,EUR/MWh,ES,ES,imbalance_price,Long,2026-08-28T02:01:39Z
2026-08-28T01:53:23Z,2026-08-28T03:53:23+0200,565fb0ed-db72-48c6-a54e-0fdff3a4721b,2026-08-21T17:00:00Z,2026-08-21T19:00:00+0200,119.9,EUR/MWh,ES,ES,imbalance_price,Short,2026-08-28T02:01:39Z
2026-08-28T01:53:23Z,2026-08-28T03:53:23+0200,565fb0ed-db72-48c6-a54e-0fdff3a4721b,2026-08-21T17:15:00Z,2026-08-21T19:15:00+0200,49.15,EUR/MWh,ES,ES,imbalance_price,Long,2026-08-28T02:01:39Z
2026-08-28T01:53:23Z,2026-08-28T03:53:23+0200,565fb0ed-db72-48c6-a54e-0fdff3a4721b,2026-08-21T17:15:00Z,2026-08-21T19:15:00+0200,106.38,EUR/MWh,ES,ES,imbalance_price,Short,2026-08-28T02:01:39Z
2026-08-28T01:53:23Z,2026-08-28T03:53:23+0200,565fb0ed-db72-48c6-a54e-0fdff3a4721b,2026-08-21T17:30:00Z,2026-08-21T19:30:00+0200,60.77,EUR/MWh,ES,ES,imbalance_price,Long,2026-08-28T02:01:39Z
2026-08-28T01:53:23Z,2026-08-28T03:53:23+0200,565fb0ed-db72-48c6-a54e-0fdff3a4721b,2026-08-21T17:30:00Z,2026-08-21T19:30:00+0200,171.68,EUR/MWh,ES,ES,imbalance_price,Short,2026-08-28T02:01:39Z
2026-08-28T01:53:23Z,2026-08-28T03:53:23+0200,565fb0ed-db72-48c6-a54e-0fdff3a4721b,2026-08-21T17:45:00Z,2026-08-21T19:45:00+0200,110.88,EUR/MWh,ES,ES,imbalance_price,Long,2026-08-28T02:01:39Z
2026-08-28T01:53:23Z,2026-08-28T03:53:23+0200,565fb0ed-db72-48c6-a54e-0fdff3a4721b,2026-08-21T17:45:00Z,2026-08-21T19:45:00+0200,164.58,EUR/MWh,ES,ES,imbalance_price,Short,2026-08-28T02:01:39Z
2026-08-28T01:53:23Z,2026-08-28T03:53:23+0200,565fb0ed-db72-48c6-a54e-0fdff3a4721b,2026-08-21T18:00:00Z,2026-08-21T20:00:00+0200,77.4,EUR/MWh,ES,ES,imbalance_price,Long,2026-08-28T02:01:39Z
2026-08-28T01:53:23Z,2026-08-28T03:53:23+0200,565fb0ed-db72-48c6-a54e-0fdff3a4721b,2026-08-21T18:00:00Z,2026-08-21T20:00:00+0200,161.72,EUR/MWh,ES,ES,imbalance_price,Short,2026-08-28T02:01:39Z
2026-08-28T01:53:23Z,2026-08-28T03:53:23+0200,565fb0ed-db72-48c6-a54e-0fdff3a4721b,2026-08-21T18:15:00Z,2026-08-21T20:15:00+0200,58.95,EUR/MWh,ES,ES,imbalance_price,Long,2026-08-28T02:01:39Z
2026-08-28T01:53:23Z,2026-08-28T03:53:23+0200,565fb0ed-db72-48c6-a54e-0fdff3a4721b,2026-08-21T18:15:00Z,2026-08-21T20:15:00+0200,195.75,EUR/MWh,ES,ES,imbalance_price,Short,2026-08-28T02:01:39Z
2026-08-28T01:53:23Z,2026-08-28T03:53:23+0200,565fb0ed-db72-48c6-a54e-0fdff3a4721b,2026-08-21T18:30:00Z,2026-08-21T20:30:00+0200,101.79,EUR/MWh,ES,ES,imbalance_price,Long,2026-08-28T02:01:39Z
2026-08-28T01:53:23Z,2026-08-28T03:53:23+0200,565fb0ed-db72-48c6-a54e-0fdff3a4721b,2026-08-21T18:30:00Z,2026-08-21T20:30:00+0200,185.33,EUR/MWh,ES,ES,imbalance_price,Short,2026-08-28T02:01:39Z
2026-08-28T01:53:23Z,2026-08-28T03:53:23+0200,565fb0ed-db72-48c6-a54e-0fdff3a4721b,2026-08-21T18:45:00Z,2026-08-21T20:45:00+0200,116.14,EUR/MWh,ES,ES,imbalance_price,Long,2026-08-28T02:01:39Z
2026-08-28T01:53:23Z,2026-08-28T03:53:23+0200,565fb0ed-db72-48c6-a54e-0fdff3a4721b,2026-08-21T18:45:00Z,2026-08-21T20:45:00+0200,208.43,EUR/MWh,ES,ES,imbalance_price,Short,2026-08-28T02:01:39Z
2026-08-28T01:53:23Z,2026-08-28T03:53:23+0200,565fb0ed-db72-48c6-a54e-0fdff3a4721b,2026-08-21T19:00:00Z,2026-08-21T21:00:00+0200,0.0,EUR/MWh,ES,ES,imbalance_price,Long,2026-08-28T02:01:39Z
2026-08-28T01:53:23Z,2026-08-28T03:53:23+0200,565fb0ed-db72-48c6-a54e-0fdff3a4721b,2026-08-21T19:00:00Z,2026-08-21T21:00:00+0200,193.28,EUR/MWh,ES,ES,imbalance_price,Short,2026-08-28T02:01:39Z
2026-08-28T01:53:23Z,2026-08-28T03:53:23+0200,565fb0ed-db72-48c6-a54e-0fdff3a4721b,2026-08-21T19:15:00Z,2026-08-21T21:15:00+0200,175.69,EUR/MWh,ES,ES,imbalance_price,Long,2026-08-28T02:01:39Z
2026-08-28T01:53:23Z,2026-08-28T03:53:23+0200,565fb0ed-db72-48c6-a54e-0fdff3a4721b,2026-08-21T19:15:00Z,2026-08-21T21:15:00+0200,175.69,EUR/MWh,ES,ES,imbalance_price,Short,2026-08-28T02:01:39Z
2026-08-28T01:53:23Z,2026-08-28T03:53:23+0200,565fb0ed-db72-48c6-a54e-0fdff3a4721b,2026-08-21T19:30:00Z,2026-08-21T21:30:00+0200,100.36,EUR/MWh,ES,ES,imbalance_price,Long,2026-08-28T02:01:39Z
2026-08-28T01:53:23Z,2026-08-28T03:53:23+0200,565fb0ed-db72-48c6-a54e-0fdff3a4721b,2026-08-21T19:30:00Z,2026-08-21T21:30:00+0200,181.57,EUR/MWh,ES,ES,imbalance_price,Short,2026-08-28T02:01:39Z
2026-08-28T01:53:23Z,2026-08-28T03:53:23+0200,565fb0ed-db72-48c6-a54e-0fdff3a4721b,2026-08-21T19:45:00Z,2026-08-21T21:45:00+0200,83.8,EUR/MWh,ES,ES,imbalance_price,Long,2026-08-28T02:01:39Z
2026-08-28T01:53:23Z,2026-08-28T03:53:23+0200,565fb0ed-db72-48c6-a54e-0fdff3a4721b,2026-08-21T19:45:00Z,2026-08-21T21:45:00+0200,180.7,EUR/MWh,ES,ES,imbalance_price,Short,2026-08-28T02:01:39Z
2026-08-28T01:53:23Z,2026-08-28T03:53:23+0200,565fb0ed-db72-48c6-a54e-0fdff3a4721b,2026-08-21T20:00:00Z,2026-08-21T22:00:00+0200,105.93,EUR/MWh,ES,ES,imbalance_price,Long,2026-08-28T02:01:39Z
2026-08-28T01:53:23Z,2026-08-28T03:53:23+0200,565fb0ed-db72-48c6-a54e-0fdff3a4721b,2026-08-21T20:00:00Z,2026-08-21T22:00:00+0200,171.54,EUR/MWh,ES,ES,imbalance_price,Short,2026-08-28T02:01:39Z
2026-08-28T01:53:23Z,2026-08-28T03:53:23+0200,565fb0ed-db72-48c6-a54e-0fdff3a4721b,2026-08-21T20:15:00Z,2026-08-21T22:15:00+0200,121.19,EUR/MWh,ES,ES,imbalance_price,Long,2026-08-28T02:01:39Z
2026-08-28T01:53:23Z,2026-08-28T03:53:23+0200,565fb0ed-db72-48c6-a54e-0fdff3a4721b,2026-08-21T20:15:00Z,2026-08-21T22:15:00+0200,165.86,EUR/MWh,ES,ES,imbalance_price,Short,2026-08-28T02:01:39Z
2026-08-28T01:53:23Z,2026-08-28T03:53:23+0200,565fb0ed-db72-48c6-a54e-0fdff3a4721b,2026-08-21T20:30:00Z,2026-08-21T22:30:00+0200,126.24,EUR/MWh,ES,ES,imbalance_price,Long,2026-08-28T02:01:39Z
2026-08-28T01:53:23Z,2026-08-28T03:53:23+0200,565fb0ed-db72-48c6-a54e-0fdff3a4721b,2026-08-21T20:30:00Z,2026-08-21T22:30:00+0200,146.5,EUR/MWh,ES,ES,imbalance_price,Short,2026-08-28T02:01:39Z
2026-08-28T01:53:23Z,2026-08-28T03:53:23+0200,565fb0ed-db72-48c6-a54e-0fdff3a4721b,2026-08-21T20:45:00Z,2026-08-21T22:45:00+0200,135.11,EUR/MWh,ES,ES,imbalance_price,Long,2026-08-28T02:01:39Z
2026-08-28T01:53:23Z,2026-08-28T03:53:23+0200,565fb0ed-db72-48c6-a54e-0fdff3a4721b,2026-08-21T20:45:00Z,2026-08-21T22:45:00+0200,0.0,EUR/MWh,ES,ES,imbalance_price,Short,2026-08-28T02:01:39Z
2026-08-28T01:53:23Z,2026-08-28T03:53:23+0200,565fb0ed-db72-48c6-a54e-0fdff3a4721b,2026-08-21T21:00:00Z,2026-08-21T23:00:00+0200,143.06,EUR/MWh,ES,ES,imbalance_price,Long,2026-08-28T02:01:39Z
2026-08-28T01:53:23Z,2026-08-28T03:53:23+0200,565fb0ed-db72-48c6-a54e-0fdff3a4721b,2026-08-21T21:00:00Z,2026-08-21T23:00:00+0200,155.47,EUR/MWh,ES,ES,imbalance_price,Short,2026-08-28T02:01:39Z
2026-08-28T01:53:23Z,2026-08-28T03:53:23+0200,565fb0ed-db72-48c6-a54e-0fdff3a4721b,2026-08-21T21:15:00Z,2026-08-21T23:15:00+0200,126.28,EUR/MWh,ES,ES,imbalance_price,Long,2026-08-28T02:01:39Z
2026-08-28T01:53:23Z,2026-08-28T03:53:23+0200,565fb0ed-db72-48c6-a54e-0fdff3a4721b,2026-08-21T21:15:00Z,2026-08-21T23:15:00+0200,148.27,EUR/MWh,ES,ES,imbalance_price,Short,2026-08-28T02:01:39Z
2026-08-28T01:53:23Z,2026-08-28T03:53:23+0200,565fb0ed-db72-48c6-a54e-0fdff3a4721b,2026-08-21T21:30:00Z,2026-08-21T23:30:00+0200,139.77,EUR/MWh,ES,ES,imbalance_price,Long,2026-08-28T02:01:39Z
2026-08-28T01:53:23Z,2026-08-28T03:53:23+0200,565fb0ed-db72-48c6-a54e-0fdff3a4721b,2026-08-21T21:30:00Z,2026-08-21T23:30:00+0200,147.81,EUR/MWh,ES,ES,imbalance_price,Short,2026-08-28T02:01:39Z
2026-08-28T01:53:23Z,2026-08-28T03:53:23+0200,565fb0ed-db72-48c6-a54e-0fdff3a4721b,2026-08-21T21:45:00Z,2026-08-21T23:45:00+0200,126.57,EUR/MWh,ES,ES,imbalance_price,Long,2026-08-28T02:01:39Z
2026-08-28T01:53:23Z,2026-08-28T03:53:23+0200,565fb0ed-db72-48c6-a54e-0fdff3a4721b,2026-08-21T21:45:00Z,2026-08-21T23:45:00+0200,139.72,EUR/MWh,ES,ES,imbalance_price,Short,2026-08-28T02:01:39Z
2026-08-28T01:53:23Z,2026-08-28T03:53:23+0200,565fb0ed-db72-48c6-a54e-0fdff3a4721b,2026-08-21T22:00:00Z,2026-08-22T00:00:00+0200,130.19,EUR/MWh,ES,ES,imbalance_price,Long,2026-08-28T02:01:39Z
2026-08-28T01:53:23Z,2026-08-28T03:53:23+0200,565fb0ed-db72-48c6-a54e-0fdff3a4721b,2026-08-21T22:00:00Z,2026-08-22T00:00:00+0200,134.34,EUR/MWh,ES,ES,imbalance_price,Short,2026-08-28T02:01:39Z
2026-08-28T01:53:23Z,2026-08-28T03:53:23+0200,565fb0ed-db72-48c6-a54e-0fdff3a4721b,2026-08-21T22:15:00Z,2026-08-22T00:15:00+0200,77.24,EUR/MWh,ES,ES,imbalance_price,Long,2026-08-28T02:01:39Z
2026-08-28T01:53:23Z,2026-08-28T03:53:23+0200,565fb0ed-db72-48c6-a54e-0fdff3a4721b,2026-08-21T22:15:00Z,2026-08-22T00:15:00+0200,139.74,EUR/MWh,ES,ES,imbalance_price,Short,2026-08-28T02:01:39Z
2026-08-28T01:53:23Z,2026-08-28T03:53:23+0200,565fb0ed-db72-48c6-a54e-0fdff3a4721b,2026-08-21T22:30:00Z,2026-08-22T00:30:00+0200,91.46,EUR/MWh,ES,ES,imbalance_price,Long,2026-08-28T02:01:39Z
2026-08-28T01:53:23Z,2026-08-28T03:53:23+0200,565fb0ed-db72-48c6-a54e-0fdff3a4721b,2026-08-21T22:30:00Z,2026-08-22T00:30:00+0200,160.88,EUR/MWh,ES,ES,imbalance_price,Short,2026-08-28T02:01:39Z
2026-08-28T01:53:23Z,2026-08-28T03:53:23+0200,565fb0ed-db72-48c6-a54e-0fdff3a4721b,2026-08-21T22:45:00Z,2026-08-22T00:45:00+0200,129.77,EUR/MWh,ES,ES,imbalance_price,Long,2026-08-28T02:01:39Z
2026-08-28T01:53:23Z,2026-08-28T03:53:23+0200,565fb0ed-db72-48c6-a54e-0fdff3a4721b,2026-08-21T22:45:00Z,2026-08-22T00:45:00+0200,130.84,EUR/MWh,ES,ES,imbalance_price,Short,2026-08-28T02:01:39Z
2026-08-28T01:53:23Z,2026-08-28T03:53:23+0200,565fb0ed-db72-48c6-a54e-0fdff3a4721b,2026-08-21T23:00:00Z,2026-08-22T01:00:00+0200,135.44,EUR/MWh,ES,ES,imbalance_price,Long,2026-08-28T02:01:39Z
2026-08-28T01:53:23Z,2026-08-28T03:53:23+0200,565fb0ed-db72-48c6-a54e-0fdff3a4721b,2026-08-21T23:00:00Z,2026-08-22T01:00:00+0200,168.88,EUR/MWh,ES,ES,imbalance_price,Short,2026-08-28T02:01:39Z
2026-08-28T01:53:23Z,2026-08-28T03:53:23+0200,565fb0ed-db72-48c6-a54e-0fdff3a4721b,2026-08-21T23:15:00Z,2026-08-22T01:15:00+0200,125.39,EUR/MWh,ES,ES,imbalance_price,Long,2026-08-28T02:01:39Z
2026-08-28T01:53:23Z,2026-08-28T03:53:23+0200,565fb0ed-db72-48c6-a54e-0fdff3a4721b,2026-08-21T23:15:00Z,2026-08-22T01:15:00+0200,162.01,EUR/MWh,ES,ES,imbalance_price,Short,2026-08-28T02:01:39Z
2026-08-28T01:53:23Z,2026-08-28T03:53:23+0200,565fb0ed-db72-48c6-a54e-0fdff3a4721b,2026-08-21T23:30:00Z,2026-08-22T01:30:00+0200,106.26,EUR/MWh,ES,ES,imbalance_price,Long,2026-08-28T02:01:39Z
2026-08-28T01:53:23Z,2026-08-28T03:53:23+0200,565fb0ed-db72-48c6-a54e-0fdff3a4721b,2026-08-21T23:30:00Z,2026-08-22T01:30:00+0200,106.26,EUR/MWh,ES,ES,imbalance_price,Short,2026-08-28T02:01:39Z
2026-08-28T01:53:23Z,2026-08-28T03:53:23+0200,565fb0ed-db72-48c6-a54e-0fdff3a4721b,2026-08-21T23:45:00Z,2026-08-22T01:45:00+0200,120.89,EUR/MWh,ES,ES,imbalance_price,Long,2026-08-28T02:01:39Z
2026-08-28T01:53:23Z,2026-08-28T03:53:23+0200,565fb0ed-db72-48c6-a54e-0fdff3a4721b,2026-08-21T23:45:00Z,2026-08-22T01:45:00+0200,120.89,EUR/MWh,ES,ES,imbalance_price,Short,2026-08-28T02:01:39Z
2026-08-28T01:53:23Z,2026-08-28T03:53:23+0200,565fb0ed-db72-48c6-a54e-0fdff3a4721b,2026-08-22T00:00:00Z,2026-08-22T02:00:00+0200,114.02,EUR/MWh,ES,ES,imbalance_price,Long,2026-08-28T02:01:39Z
2026-08-28T01:53:23Z,2026-08-28T03:53:23+0200,565fb0ed-db72-48c6-a54e-0fdff3a4721b,2026-08-22T00:00:00Z,2026-08-22T02:00:00+0200,114.02,EUR/MWh,ES,ES,imbalance_price,Short,2026-08-28T02:01:39Z
2026-08-28T01:53:23Z,2026-08-28T03:53:23+0200,565fb0ed-db72-48c6-a54e-0fdff3a4721b,2026-08-22T00:15:00Z,2026-08-22T02:15:00+0200,121.9,EUR/MWh,ES,ES,imbalance_price,Long,2026-08-28T02:01:39Z
2026-08-28T01:53:23Z,2026-08-28T03:53:23+0200,565fb0ed-db72-48c6-a54e-0fdff3a4721b,2026-08-22T00:15:00Z,2026-08-22T02:15:00+0200,159.1,EUR/MWh,ES,ES,imbalance_price,Short,2026-08-28T02:01:39Z
2026-08-28T01:53:23Z,2026-08-28T03:53:23+0200,565fb0ed-db72-48c6-a54e-0fdff3a4721b,2026-08-22T00:30:00Z,2026-08-22T02:30:00+0200,127.24,EUR/MWh,ES,ES,imbalance_price,Long,2026-08-28T02:01:39Z
2026-08-28T01:53:23Z,2026-08-28T03:53:23+0200,565fb0ed-db72-48c6-a54e-0fdff3a4721b,2026-08-22T00:30:00Z,2026-08-22T02:30:00+0200,159.9,EUR/MWh,ES,ES,imbalance_price,Short,2026-08-28T02:01:39Z
2026-08-28T01:53:23Z,2026-08-28T03:53:23+0200,565fb0ed-db72-48c6-a54e-0fdff3a4721b,2026-08-22T00:45:00Z,2026-08-22T02:45:00+0200,120.78,EUR/MWh,ES,ES,imbalance_price,Long,2026-08-28T02:01:39Z
2026-08-28T01:53:23Z,2026-08-28T03:53:23+0200,565fb0ed-db72-48c6-a54e-0fdff3a4721b,2026-08-22T00:45:00Z,2026-08-22T02:45:00+0200,150.54,EUR/MWh,ES,ES,imbalance_price,Short,2026-08-28T02:01:39Z
2026-08-28T01:53:23Z,2026-08-28T03:53:23+0200,565fb0ed-db72-48c6-a54e-0fdff3a4721b,2026-08-22T01:00:00Z,2026-08-22T03:00:00+0200,104.28,EUR/MWh,ES,ES,imbalance_price,Long,2026-08-28T02:01:39Z
2026-08-28T01:53:23Z,2026-08-28T03:53:23+0200,565fb0ed-db72-48c6-a54e-0fdff3a4721b,2026-08-22T01:00:00Z,2026-08-22T03:00:00+0200,104.28,EUR/MWh,ES,ES,imbalance_price,Short,2026-08-28T02:01:39Z
2026-08-28T01:53:23Z,2026-08-28T03:53:23+0200,565fb0ed-db72-48c6-a54e-0fdff3a4721b,2026-08-22T01:15:00Z,2026-08-22T03:15:00+0200,119.73,EUR/MWh,ES,ES,imbalance_price,Long,2026-08-28T02:01:39Z
2026-08-28T01:53:23Z,2026-08-28T03:53:23+0200,565fb0ed-db72-48c6-a54e-0fdff3a4721b,2026-08-22T01:15:00Z,2026-08-22T03:15:00+0200,119.73,EUR/MWh,ES,ES,imbalance_price,Short,2026-08-28T02:01:39Z
2026-08-28T01:53:23Z,2026-08-28T03:53:23+0200,565fb0ed-db72-48c6-a54e-0fdff3a4721b,2026-08-22T01:30:00Z,2026-08-22T03:30:00+0200,114.22,EUR/MWh,ES,ES,imbalance_price,Long,2026-08-28T02:01:39Z
2026-08-28T01:53:23Z,2026-08-28T03:53:23+0200,565fb0ed-db72-48c6-a54e-0fdff3a4721b,2026-08-22T01:30:00Z,2026-08-22T03:30:00+0200,155.35,EUR/MWh,ES,ES,imbalance_price,Short,2026-08-28T02:01:39Z
2026-08-28T01:53:23Z,2026-08-28T03:53:23+0200,565fb0ed-db72-48c6-a54e-0fdff3a4721b,2026-08-22T01:45:00Z,2026-08-22T03:45:00+0200,116.85,EUR/MWh,ES,ES,imbalance_price,Long,2026-08-28T02:01:39Z
2026-08-28T01:53:23Z,2026-08-28T03:53:23+0200,565fb0ed-db72-48c6-a54e-0fdff3a4721b,2026-08-22T01:45:00Z,2026-08-22T03:45:00+0200,146.67,EUR/MWh,ES,ES,imbalance_price,Short,2026-08-28T02:01:39Z
2026-08-28T01:53:23Z,2026-08-28T03:53:23+0200,565fb0ed-db72-48c6-a54e-0fdff3a4721b,2026-08-22T02:00:00Z,2026-08-22T04:00:00+0200,108.4,EUR/MWh,ES,ES,imbalance_price,Long,2026-08-28T02:01:39Z
2026-08-28T01:53:23Z,2026-08-28T03:53:23+0200,565fb0ed-db72-48c6-a54e-0fdff3a4721b,2026-08-22T02:00:00Z,2026-08-22T04:00:00+0200,157.09,EUR/MWh,ES,ES,imbalance_price,Short,2026-08-28T02:01:39Z
2026-08-28T01:53:23Z,2026-08-28T03:53:23+0200,565fb0ed-db72-48c6-a54e-0fdff3a4721b,2026-08-22T02:15:00Z,2026-08-22T04:15:00+0200,104.45,EUR/MWh,ES,ES,imbalance_price,Long,2026-08-28T02:01:39Z
2026-08-28T01:53:23Z,2026-08-28T03:53:23+0200,565fb0ed-db72-48c6-a54e-0fdff3a4721b,2026-08-22T02:15:00Z,2026-08-22T04:15:00+0200,166.61,EUR/MWh,ES,ES,imbalance_price,Short,2026-08-28T02:01:39Z
2026-08-28T01:53:23Z,2026-08-28T03:53:23+0200,565fb0ed-db72-48c6-a54e-0fdff3a4721b,2026-08-22T02:30:00Z,2026-08-22T04:30:00+0200,99.58,EUR/MWh,ES,ES,imbalance_price,Long,2026-08-28T02:01:39Z
2026-08-28T01:53:23Z,2026-08-28T03:53:23+0200,565fb0ed-db72-48c6-a54e-0fdff3a4721b,2026-08-22T02:30:00Z,2026-08-22T04:30:00+0200,99.58,EUR/MWh,ES,ES,imbalance_price,Short,2026-08-28T02:01:39Z
2026-08-28T01:53:23Z,2026-08-28T03:53:23+0200,565fb0ed-db72-48c6-a54e-0fdff3a4721b,2026-08-22T02:45:00Z,2026-08-22T04:45:00+0200,91.43,EUR/MWh,ES,ES,imbalance_price,Long,2026-08-28T02:01:39Z
2026-08-28T01:53:23Z,2026-08-28T03:53:23+0200,565fb0ed-db72-48c6-a54e-0fdff3a4721b,2026-08-22T02:45:00Z,2026-08-22T04:45:00+0200,91.43,EUR/MWh,ES,ES,imbalance_price,Short,2026-08-28T02:01:39Z
2026-08-28T01:53:23Z,2026-08-28T03:53:23+0200,565fb0ed-db72-48c6-a54e-0fdff3a4721b,2026-08-22T03:00:00Z,2026-08-22T05:00:00+0200,112.83,EUR/MWh,ES,ES,imbalance_price,Long,2026-08-28T02:01:39Z
2026-08-28T01:53:23Z,2026-08-28T03:53:23+0200,565fb0ed-db72-48c6-a54e-0fdff3a4721b,2026-08-22T03:00:00Z,2026-08-22T05:00:00+0200,161.68,EUR/MWh,ES,ES,imbalance_price,Short,2026-08-28T02:01:39Z
2026-08-28T01:53:23Z,2026-08-28T03:53:23+0200,565fb0ed-db72-48c6-a54e-0fdff3a4721b,2026-08-22T03:15:00Z,2026-08-22T05:15:00+0200,106.6,EUR/MWh,ES,ES,imbalance_price,Long,2026-08-28T02:01:39Z
2026-08-28T01:53:23Z,2026-08-28T03:53:23+0200,565fb0ed-db72-48c6-a54e-0fdff3a4721b,2026-08-22T03:15:00Z,2026-08-22T05:15:00+0200,164.14,EUR/MWh,ES,ES,imbalance_price,Short,2026-08-28T02:01:39Z
2026-08-28T01:53:23Z,2026-08-28T03:53:23+0200,565fb0ed-db72-48c6-a54e-0fdff3a4721b,2026-08-22T03:30:00Z,2026-08-22T05:30:00+0200,107.33,EUR/MWh,ES,ES,imbalance_price,Long,2026-08-28T02:01:39Z
2026-08-28T01:53:23Z,2026-08-28T03:53:23+0200,565fb0ed-db72-48c6-a54e-0fdff3a4721b,2026-08-22T03:30:00Z,2026-08-22T05:30:00+0200,161.94,EUR/MWh,ES,ES,imbalance_price,Short,2026-08-28T02:01:39Z
2026-08-28T01:53:23Z,2026-08-28T03:53:23+0200,565fb0ed-db72-48c6-a54e-0fdff3a4721b,2026-08-22T03:45:00Z,2026-08-22T05:45:00+0200,105.97,EUR/MWh,ES,ES,imbalance_price,Long,2026-08-28T02:01:39Z
2026-08-28T01:53:23Z,2026-08-28T03:53:23+0200,565fb0ed-db72-48c6-a54e-0fdff3a4721b,2026-08-22T03:45:00Z,2026-08-22T05:45:00+0200,161.37,EUR/MWh,ES,ES,imbalance_price,Short,2026-08-28T02:01:39Z
2026-08-28T01:53:23Z,2026-08-28T03:53:23+0200,565fb0ed-db72-48c6-a54e-0fdff3a4721b,2026-08-22T04:00:00Z,2026-08-22T06:00:00+0200,102.67,EUR/MWh,ES,ES,imbalance_price,Long,2026-08-28T02:01:39Z
2026-08-28T01:53:23Z,2026-08-28T03:53:23+0200,565fb0ed-db72-48c6-a54e-0fdff3a4721b,2026-08-22T04:00:00Z,2026-08-22T06:00:00+0200,169.18,EUR/MWh,ES,ES,imbalance_price,Short,2026-08-28T02:01:39Z
2026-08-28T01:53:23Z,2026-08-28T03:53:23+0200,565fb0ed-db72-48c6-a54e-0fdff3a4721b,2026-08-22T04:15:00Z,2026-08-22T06:15:00+0200,108.42,EUR/MWh,ES,ES,imbalance_price,Long,2026-08-28T02:01:39Z
2026-08-28T01:53:23Z,2026-08-28T03:53:23+0200,565fb0ed-db72-48c6-a54e-0fdff3a4721b,2026-08-22T04:15:00Z,2026-08-22T06:15:00+0200,108.42,EUR/MWh,ES,ES,imbalance_price,Short,2026-08-28T02:01:39Z
2026-08-28T01:53:23Z,2026-08-28T03:53:23+0200,565fb0ed-db72-48c6-a54e-0fdff3a4721b,2026-08-22T04:30:00Z,2026-08-22T06:30:00+0200,108.62,EUR/MWh,ES,ES,imbalance_price,Long,2026-08-28T02:01:39Z
2026-08-28T01:53:23Z,2026-08-28T03:53:23+0200,565fb0ed-db72-48c6-a54e-0fdff3a4721b,2026-08-22T04:30:00Z,2026-08-22T06:30:00+0200,108.62,EUR/MWh,ES,ES,imbalance_price,Short,2026-08-28T02:01:39Z
2026-08-28T01:53:23Z,2026-08-28T03:53:23+0200,565fb0ed-db72-48c6-a54e-0fdff3a4721b,2026-08-22T04:45:00Z,2026-08-22T06:45:00+0200,107.1,EUR/MWh,ES,ES,imbalance_price,Long,2026-08-28T02:01:39Z
2026-08-28T01:53:23Z,2026-08-28T03:53:23+0200,565fb0ed-db72-48c6-a54e-0fdff3a4721b,2026-08-22T04:45:00Z,2026-08-22T06:45:00+0200,169.95,EUR/MWh,ES,ES,imbalance_price,Short,2026-08-28T02:01:39Z
2026-08-28T01:53:23Z,2026-08-28T03:53:23+0200,565fb0ed-db72-48c6-a54e-0fdff3a4721b,2026-08-22T05:00:00Z,2026-08-22T07:00:00+0200,105.86,EUR/MWh,ES,ES,imbalance_price,Long,2026-08-28T02:01:39Z
2026-08-28T01:53:23Z,2026-08-28T03:53:23+0200,565fb0ed-db72-48c6-a54e-0fdff3a4721b,2026-08-22T05:00:00Z,2026-08-22T07:00:00+0200,182.77,EUR/MWh,ES,ES,imbalance_price,Short,2026-08-28T02:01:39Z
2026-08-28T01:53:23Z,2026-08-28T03:53:23+0200,565fb0ed-db72-48c6-a54e-0fdff3a4721b,2026-08-22T05:15:00Z,2026-08-22T07:15:00+0200,83.12,EUR/MWh,ES,ES,imbalance_price,Long,2026-08-28T02:01:39Z
2026-08-28T01:53:23Z,2026-08-28T03:53:23+0200,565fb0ed-db72-48c6-a54e-0fdff3a4721b,2026-08-22T05:15:00Z,2026-08-22T07:15:00+0200,184.1,EUR/MWh,ES,ES,imbalance_price,Short,2026-08-28T02:01:39Z
2026-08-28T01:53:23Z,2026-08-28T03:53:23+0200,565fb0ed-db72-48c6-a54e-0fdff3a4721b,2026-08-22T05:30:00Z,2026-08-22T07:30:00+0200,111.37,EUR/MWh,ES,ES,imbalance_price,Long,2026-08-28T02:01:39Z
2026-08-28T01:53:23Z,2026-08-28T03:53:23+0200,565fb0ed-db72-48c6-a54e-0fdff3a4721b,2026-08-22T05:30:00Z,2026-08-22T07:30:00+0200,167.32,EUR/MWh,ES,ES,imbalance_price,Short,2026-08-28T02:01:39Z
2026-08-28T01:53:23Z,2026-08-28T03:53:23+0200,565fb0ed-db72-48c6-a54e-0fdff3a4721b,2026-08-22T05:45:00Z,2026-08-22T07:45:00+0200,92.11,EUR/MWh,ES,ES,imbalance_price,Long,2026-08-28T02:01:39Z
2026-08-28T01:53:23Z,2026-08-28T03:53:23+0200,565fb0ed-db72-48c6-a54e-0fdff3a4721b,2026-08-22T05:45:00Z,2026-08-22T07:45:00+0200,168.99,EUR/MWh,ES,ES,imbalance_price,Short,2026-08-28T02:01:39Z
2026-08-28T01:53:23Z,2026-08-28T03:53:23+0200,565fb0ed-db72-48c6-a54e-0fdff3a4721b,2026-08-22T06:00:00Z,2026-08-22T08:00:00+0200,67.05,EUR/MWh,ES,ES,imbalance_price,Long,2026-08-28T02:01:39Z
2026-08-28T01:53:23Z,2026-08-28T03:53:23+0200,565fb0ed-db72-48c6-a54e-0fdff3a4721b,2026-08-22T06:00:00Z,2026-08-22T08:00:00+0200,211.33,EUR/MWh,ES,ES,imbalance_price,Short,2026-08-28T02:01:39Z
2026-08-28T01:53:23Z,2026-08-28T03:53:23+0200,565fb0ed-db72-48c6-a54e-0fdff3a4721b,2026-08-22T06:15:00Z,2026-08-22T08:15:00+0200,55.5,EUR/MWh,ES,ES,imbalance_price,Long,2026-08-28T02:01:39Z
2026-08-28T01:53:23Z,2026-08-28T03:53:23+0200,565fb0ed-db72-48c6-a54e-0fdff3a4721b,2026-08-22T06:15:00Z,2026-08-22T08:15:00+0200,215.91,EUR/MWh,ES,ES,imbalance_price,Short,2026-08-28T02:01:39Z
2026-08-28T01:53:23Z,2026-08-28T03:53:23+0200,565fb0ed-db72-48c6-a54e-0fdff3a4721b,2026-08-22T06:30:00Z,2026-08-22T08:30:00+0200,46.3,EUR/MWh,ES,ES,imbalance_price,Long,2026-08-28T02:01:39Z
2026-08-28T01:53:23Z,2026-08-28T03:53:23+0200,565fb0ed-db72-48c6-a54e-0fdff3a4721b,2026-08-22T06:30:00Z,2026-08-22T08:30:00+0200,149.18,EUR/MWh,ES,ES,imbalance_price,Short,2026-08-28T02:01:39Z
2026-08-28T01:53:23Z,2026-08-28T03:53:23+0200,565fb0ed-db72-48c6-a54e-0fdff3a4721b,2026-08-22T06:45:00Z,2026-08-22T08:45:00+0200,1.02,EUR/MWh,ES,ES,imbalance_price,Long,2026-08-28T02:01:39Z
2026-08-28T01:53:23Z,2026-08-28T03:53:23+0200,565fb0ed-db72-48c6-a54e-0fdff3a4721b,2026-08-22T06:45:00Z,2026-08-22T08:45:00+0200,205.64,EUR/MWh,ES,ES,imbalance_price,Short,2026-08-28T02:01:39Z
2026-08-28T01:53:23Z,2026-08-28T03:53:23+0200,565fb0ed-db72-48c6-a54e-0fdff3a4721b,2026-08-22T07:00:00Z,2026-08-22T09:00:00+0200,0.24,EUR/MWh,ES,ES,imbalance_price,Long,2026-08-28T02:01:39Z
2026-08-28T01:53:23Z,2026-08-28T03:53:23+0200,565fb0ed-db72-48c6-a54e-0fdff3a4721b,2026-08-22T07:00:00Z,2026-08-22T09:00:00+0200,132.39,EUR/MWh,ES,ES,imbalance_price,Short,2026-08-28T02:01:39Z
2026-08-28T01:53:23Z,2026-08-28T03:53:23+0200,565fb0ed-db72-48c6-a54e-0fdff3a4721b,2026-08-22T07:15:00Z,2026-08-22T09:15:00+0200,0.03,EUR/MWh,ES,ES,imbalance_price,Long,2026-08-28T02:01:39Z
2026-08-28T01:53:23Z,2026-08-28T03:53:23+0200,565fb0ed-db72-48c6-a54e-0fdff3a4721b,2026-08-22T07:15:00Z,2026-08-22T09:15:00+0200,87.31,EUR/MWh,ES,ES,imbalance_price,Short,2026-08-28T02:01:39Z
2026-08-28T01:53:23Z,2026-08-28T03:53:23+0200,565fb0ed-db72-48c6-a54e-0fdff3a4721b,2026-08-22T07:30:00Z,2026-08-22T09:30:00+0200,-0.08,EUR/MWh,ES,ES,imbalance_price,Long,2026-08-28T02:01:39Z
2026-08-28T01:53:23Z,2026-08-28T03:53:23+0200,565fb0ed-db72-48c6-a54e-0fdff3a4721b,2026-08-22T07:30:00Z,2026-08-22T09:30:00+0200,-0.08,EUR/MWh,ES,ES,imbalance_price,Short,2026-08-28T02:01:39Z
2026-08-28T01:53:23Z,2026-08-28T03:53:23+0200,565fb0ed-db72-48c6-a54e-0fdff3a4721b,2026-08-22T07:45:00Z,2026-08-22T09:45:00+0200,-0.95,EUR/MWh,ES,ES,imbalance_price,Long,2026-08-28T02:01:39Z
2026-08-28T01:53:23Z,2026-08-28T03:53:23+0200,565fb0ed-db72-48c6-a54e-0fdff3a4721b,2026-08-22T07:45:00Z,2026-08-22T09:45:00+0200,4.34,EUR/MWh,ES,ES,imbalance_price,Short,2026-08-28T02:01:39Z
2026-08-28T01:53:23Z,2026-08-28T03:53:23+0200,565fb0ed-db72-48c6-a54e-0fdff3a4721b,2026-08-22T08:00:00Z,2026-08-22T10:00:00+0200,-2.41,EUR/MWh,ES,ES,imbalance_price,Long,2026-08-28T02:01:39Z
2026-08-28T01:53:23Z,2026-08-28T03:53:23+0200,565fb0ed-db72-48c6-a54e-0fdff3a4721b,2026-08-22T08:00:00Z,2026-08-22T10:00:00+0200,13.82,EUR/MWh,ES,ES,imbalance_price,Short,2026-08-28T02:01:39Z
2026-08-28T01:53:23Z,2026-08-28T03:53:23+0200,565fb0ed-db72-48c6-a54e-0fdff3a4721b,2026-08-22T08:15:00Z,2026-08-22T10:15:00+0200,-1.09,EUR/MWh,ES,ES,imbalance_price,Long,2026-08-28T02:01:39Z
2026-08-28T01:53:23Z,2026-08-28T03:53:23+0200,565fb0ed-db72-48c6-a54e-0fdff3a4721b,2026-08-22T08:15:00Z,2026-08-22T10:15:00+0200,3.43,EUR/MWh,ES,ES,imbalance_price,Short,2026-08-28T02:01:39Z
2026-08-28T01:53:23Z,2026-08-28T03:53:23+0200,565fb0ed-db72-48c6-a54e-0fdff3a4721b,2026-08-22T08:30:00Z,2026-08-22T10:30:00+0200,-2.02,EUR/MWh,ES,ES,imbalance_price,Long,2026-08-28T02:01:39Z
2026-08-28T01:53:23Z,2026-08-28T03:53:23+0200,565fb0ed-db72-48c6-a54e-0fdff3a4721b,2026-08-22T08:30:00Z,2026-08-22T10:30:00+0200,10.7,EUR/MWh,ES,ES,imbalance_price,Short,2026-08-28T02:01:39Z
2026-08-28T01:53:23Z,2026-08-28T03:53:23+0200,565fb0ed-db72-48c6-a54e-0fdff3a4721b,2026-08-22T08:45:00Z,2026-08-22T10:45:00+0200,-3.55,EUR/MWh,ES,ES,imbalance_price,Long,2026-08-28T02:01:39Z
2026-08-28T01:53:23Z,2026-08-28T03:53:23+0200,565fb0ed-db72-48c6-a54e-0fdff3a4721b,2026-08-22T08:45:00Z,2026-08-22T10:45:00+0200,-3.55,EUR/MWh,ES,ES,imbalance_price,Short,2026-08-28T02:01:39Z
2026-08-28T01:53:23Z,2026-08-28T03:53:23+0200,565fb0ed-db72-48c6-a54e-0fdff3a4721b,2026-08-22T09:00:00Z,2026-08-22T11:00:00+0200,-2.2,EUR/MWh,ES,ES,imbalance_price,Long,2026-08-28T02:01:39Z
2026-08-28T01:53:23Z,2026-08-28T03:53:23+0200,565fb0ed-db72-48c6-a54e-0fdff3a4721b,2026-08-22T09:00:00Z,2026-08-22T11:00:00+0200,-2.2,EUR/MWh,ES,ES,imbalance_price,Short,2026-08-28T02:01:39Z
2026-08-28T01:53:23Z,2026-08-28T03:53:23+0200,565fb0ed-db72-48c6-a54e-0fdff3a4721b,2026-08-22T09:15:00Z,2026-08-22T11:15:00+0200,-1.09,EUR/MWh,ES,ES,imbalance_price,Long,2026-08-28T02:01:39Z
2026-08-28T01:53:23Z,2026-08-28T03:53:23+0200,565fb0ed-db72-48c6-a54e-0fdff3a4721b,2026-08-22T09:15:00Z,2026-08-22T11:15:00+0200,-1.09,EUR/MWh,ES,ES,imbalance_price,Short,2026-08-28T02:01:39Z
2026-08-28T01:53:23Z,2026-08-28T03:53:23+0200,565fb0ed-db72-48c6-a54e-0fdff3a4721b,2026-08-22T09:30:00Z,2026-08-22T11:30:00+0200,-2.02,EUR/MWh,ES,ES,imbalance_price,Long,2026-08-28T02:01:39Z
2026-08-28T01:53:23Z,2026-08-28T03:53:23+0200,565fb0ed-db72-48c6-a54e-0fdff3a4721b,2026-08-22T09:30:00Z,2026-08-22T11:30:00+0200,-2.02,EUR/MWh,ES,ES,imbalance_price,Short,2026-08-28T02:01:39Z
2026-08-28T01:53:23Z,2026-08-28T03:53:23+0200,565fb0ed-db72-48c6-a54e-0fdff3a4721b,2026-08-22T09:45:00Z,2026-08-22T11:45:00+0200,-0.5,EUR/MWh,ES,ES,imbalance_price,Long,2026-08-28T02:01:39Z
2026-08-28T01:53:23Z,2026-08-28T03:53:23+0200,565fb0ed-db72-48c6-a54e-0fdff3a4721b,2026-08-22T09:45:00Z,2026-08-22T11:45:00+0200,-0.5,EUR/MWh,ES,ES,imbalance_price,Short,2026-08-28T02:01:39Z
2026-08-28T01:53:23Z,2026-08-28T03:53:23+0200,565fb0ed-db72-48c6-a54e-0fdff3a4721b,2026-08-22T10:00:00Z,2026-08-22T12:00:00+0200,-0.62,EUR/MWh,ES,ES,imbalance_price,Long,2026-08-28T02:01:39Z
2026-08-28T01:53:23Z,2026-08-28T03:53:23+0200,565fb0ed-db72-48c6-a54e-0fdff3a4721b,2026-08-22T10:00:00Z,2026-08-22T12:00:00+0200,-0.62,EUR/MWh,ES,ES,imbalance_price,Short,2026-08-28T02:01:39Z
2026-08-28T01:53:23Z,2026-08-28T03:53:23+0200,565fb0ed-db72-48c6-a54e-0fdff3a4721b,2026-08-22T10:15:00Z,2026-08-22T12:15:00+0200,-0.73,EUR/MWh,ES,ES,imbalance_price,Long,2026-08-28T02:01:39Z
2026-08-28T01:53:23Z,2026-08-28T03:53:23+0200,565fb0ed-db72-48c6-a54e-0fdff3a4721b,2026-08-22T10:15:00Z,2026-08-22T12:15:00+0200,0.0,EUR/MWh,ES,ES,imbalance_price,Short,2026-08-28T02:01:39Z
2026-08-28T01:53:23Z,2026-08-28T03:53:23+0200,565fb0ed-db72-48c6-a54e-0fdff3a4721b,2026-08-22T10:30:00Z,2026-08-22T12:30:00+0200,-0.56,EUR/MWh,ES,ES,imbalance_price,Long,2026-08-28T02:01:39Z
2026-08-28T01:53:23Z,2026-08-28T03:53:23+0200,565fb0ed-db72-48c6-a54e-0fdff3a4721b,2026-08-22T10:30:00Z,2026-08-22T12:30:00+0200,-0.56,EUR/MWh,ES,ES,imbalance_price,Short,2026-08-28T02:01:39Z
2026-08-28T01:53:23Z,2026-08-28T03:53:23+0200,565fb0ed-db72-48c6-a54e-0fdff3a4721b,2026-08-22T10:45:00Z,2026-08-22T12:45:00+0200,-2.09,EUR/MWh,ES,ES,imbalance_price,Long,2026-08-28T02:01:39Z
2026-08-28T01:53:23Z,2026-08-28T03:53:23+0200,565fb0ed-db72-48c6-a54e-0fdff3a4721b,2026-08-22T10:45:00Z,2026-08-22T12:45:00+0200,-2.09,EUR/MWh,ES,ES,imbalance_price,Short,2026-08-28T02:01:39Z
2026-08-28T01:53:23Z,2026-08-28T03:53:23+0200,565fb0ed-db72-48c6-a54e-0fdff3a4721b,2026-08-22T11:00:00Z,2026-08-22T13:00:00+0200,-1.97,EUR/MWh,ES,ES,imbalance_price,Long,2026-08-28T02:01:39Z
2026-08-28T01:53:23Z,2026-08-28T03:53:23+0200,565fb0ed-db72-48c6-a54e-0fdff3a4721b,2026-08-22T11:00:00Z,2026-08-22T13:00:00+0200,7.79,EUR/MWh,ES,ES,imbalance_price,Short,2026-08-28T02:01:39Z
2026-08-28T01:53:23Z,2026-08-28T03:53:23+0200,565fb0ed-db72-48c6-a54e-0fdff3a4721b,2026-08-22T11:15:00Z,2026-08-22T13:15:00+0200,-0.16,EUR/MWh,ES,ES,imbalance_price,Long,2026-08-28T02:01:39Z
2026-08-28T01:53:23Z,2026-08-28T03:53:23+0200,565fb0ed-db72-48c6-a54e-0fdff3a4721b,2026-08-22T11:15:00Z,2026-08-22T13:15:00+0200,10.25,EUR/MWh,ES,ES,imbalance_price,Short,2026-08-28T02:01:39Z
2026-08-28T01:53:23Z,2026-08-28T03:53:23+0200,565fb0ed-db72-48c6-a54e-0fdff3a4721b,2026-08-22T11:30:00Z,2026-08-22T13:30:00+0200,-0.01,EUR/MWh,ES,ES,imbalance_price,Long,2026-08-28T02:01:39Z
2026-08-28T01:53:23Z,2026-08-28T03:53:23+0200,565fb0ed-db72-48c6-a54e-0fdff3a4721b,2026-08-22T11:30:00Z,2026-08-22T13:30:00+0200,42.75,EUR/MWh,ES,ES,imbalance_price,Short,2026-08-28T02:01:39Z
2026-08-28T01:53:23Z,2026-08-28T03:53:23+0200,565fb0ed-db72-48c6-a54e-0fdff3a4721b,2026-08-22T11:45:00Z,2026-08-22T13:45:00+0200,-0.02,EUR/MWh,ES,ES,imbalance_price,Long,2026-08-28T02:01:39Z
2026-08-28T01:53:23Z,2026-08-28T03:53:23+0200,565fb0ed-db72-48c6-a54e-0fdff3a4721b,2026-08-22T11:45:00Z,2026-08-22T13:45:00+0200,22.2,EUR/MWh,ES,ES,imbalance_price,Short,2026-08-28T02:01:39Z
2026-08-28T01:53:23Z,2026-08-28T03:53:23+0200,565fb0ed-db72-48c6-a54e-0fdff3a4721b,2026-08-22T12:00:00Z,2026-08-22T14:00:00+0200,-0.61,EUR/MWh,ES,ES,imbalance_price,Long,2026-08-28T02:01:39Z
2026-08-28T01:53:23Z,2026-08-28T03:53:23+0200,565fb0ed-db72-48c6-a54e-0fdff3a4721b,2026-08-22T12:00:00Z,2026-08-22T14:00:00+0200,-0.61,EUR/MWh,ES,ES,imbalance_price,Short,2026-08-28T02:01:39Z
2026-08-28T01:53:23Z,2026-08-28T03:53:23+0200,565fb0ed-db72-48c6-a54e-0fdff3a4721b,2026-08-22T12:15:00Z,2026-08-22T14:15:00+0200,-0.74,EUR/MWh,ES,ES,imbalance_price,Long,2026-08-28T02:01:39Z
2026-08-28T01:53:23Z,2026-08-28T03:53:23+0200,565fb0ed-db72-48c6-a54e-0fdff3a4721b,2026-08-22T12:15:00Z,2026-08-22T14:15:00+0200,0.0,EUR/MWh,ES,ES,imbalance_price,Short,2026-08-28T02:01:39Z
2026-08-28T01:53:23Z,2026-08-28T03:53:23+0200,565fb0ed-db72-48c6-a54e-0fdff3a4721b,2026-08-22T12:30:00Z,2026-08-22T14:30:00+0200,-2.1,EUR/MWh,ES,ES,imbalance_price,Long,2026-08-28T02:01:39Z
2026-08-28T01:53:23Z,2026-08-28T03:53:23+0200,565fb0ed-db72-48c6-a54e-0fdff3a4721b,2026-08-22T12:30:00Z,2026-08-22T14:30:00+0200,0.0,EUR/MWh,ES,ES,imbalance_price,Short,2026-08-28T02:01:39Z
2026-08-28T01:53:23Z,2026-08-28T03:53:23+0200,565fb0ed-db72-48c6-a54e-0fdff3a4721b,2026-08-22T12:45:00Z,2026-08-22T14:45:00+0200,-2.08,EUR/MWh,ES,ES,imbalance_price,Long,2026-08-28T02:01:39Z
2026-08-28T01:53:23Z,2026-08-28T03:53:23+0200,565fb0ed-db72-48c6-a54e-0fdff3a4721b,2026-08-22T12:45:00Z,2026-08-22T14:45:00+0200,0.0,EUR/MWh,ES,ES,imbalance_price,Short,2026-08-28T02:01:39Z
2026-08-28T01:53:23Z,2026-08-28T03:53:23+0200,565fb0ed-db72-48c6-a54e-0fdff3a4721b,2026-08-22T13:00:00Z,2026-08-22T15:00:00+0200,-1.96,EUR/MWh,ES,ES,imbalance_price,Long,2026-08-28T02:01:39Z
2026-08-28T01:53:23Z,2026-08-28T03:53:23+0200,565fb0ed-db72-48c6-a54e-0fdff3a4721b,2026-08-22T13:00:00Z,2026-08-22T15:00:00+0200,3.23,EUR/MWh,ES,ES,imbalance_price,Short,2026-08-28T02:01:39Z
2026-08-28T01:53:23Z,2026-08-28T03:53:23+0200,565fb0ed-db72-48c6-a54e-0fdff3a4721b,2026-08-22T13:15:00Z,2026-08-22T15:15:00+0200,-2.35,EUR/MWh,ES,ES,imbalance_price,Long,2026-08-28T02:01:39Z
2026-08-28T01:53:23Z,2026-08-28T03:53:23+0200,565fb0ed-db72-48c6-a54e-0fdff3a4721b,2026-08-22T13:15:00Z,2026-08-22T15:15:00+0200,-2.35,EUR/MWh,ES,ES,imbalance_price,Short,2026-08-28T02:01:39Z
2026-08-28T01:53:23Z,2026-08-28T03:53:23+0200,565fb0ed-db72-48c6-a54e-0fdff3a4721b,2026-08-22T13:30:00Z,2026-08-22T15:30:00+0200,-1.93,EUR/MWh,ES,ES,imbalance_price,Long,2026-08-28T02:01:39Z
2026-08-28T01:53:23Z,2026-08-28T03:53:23+0200,565fb0ed-db72-48c6-a54e-0fdff3a4721b,2026-08-22T13:30:00Z,2026-08-22T15:30:00+0200,-1.93,EUR/MWh,ES,ES,imbalance_price,Short,2026-08-28T02:01:39Z
2026-08-28T01:53:23Z,2026-08-28T03:53:23+0200,565fb0ed-db72-48c6-a54e-0fdff3a4721b,2026-08-22T13:45:00Z,2026-08-22T15:45:00+0200,-1.29,EUR/MWh,ES,ES,imbalance_price,Long,2026-08-28T02:01:39Z
2026-08-28T01:53:23Z,2026-08-28T03:53:23+0200,565fb0ed-db72-48c6-a54e-0fdff3a4721b,2026-08-22T13:45:00Z,2026-08-22T15:45:00+0200,-1.29,EUR/MWh,ES,ES,imbalance_price,Short,2026-08-28T02:01:39Z
2026-08-28T01:53:23Z,2026-08-28T03:53:23+0200,565fb0ed-db72-48c6-a54e-0fdff3a4721b,2026-08-22T14:00:00Z,2026-08-22T16:00:00+0200,-1.97,EUR/MWh,ES,ES,imbalance_price,Long,2026-08-28T02:01:39Z
2026-08-28T01:53:23Z,2026-08-28T03:53:23+0200,565fb0ed-db72-48c6-a54e-0fdff3a4721b,2026-08-22T14:00:00Z,2026-08-22T16:00:00+0200,7.77,EUR/MWh,ES,ES,imbalance_price,Short,2026-08-28T02:01:39Z
2026-08-28T01:53:23Z,2026-08-28T03:53:23+0200,565fb0ed-db72-48c6-a54e-0fdff3a4721b,2026-08-22T14:15:00Z,2026-08-22T16:15:00+0200,-0.13,EUR/MWh,ES,ES,imbalance_price,Long,2026-08-28T02:01:39Z
2026-08-28T01:53:23Z,2026-08-28T03:53:23+0200,565fb0ed-db72-48c6-a54e-0fdff3a4721b,2026-08-22T14:15:00Z,2026-08-22T16:15:00+0200,-0.13,EUR/MWh,ES,ES,imbalance_price,Short,2026-08-28T02:01:39Z
2026-08-28T01:53:23Z,2026-08-28T03:53:23+0200,565fb0ed-db72-48c6-a54e-0fdff3a4721b,2026-08-22T14:30:00Z,2026-08-22T16:30:00+0200,-1.03,EUR/MWh,ES,ES,imbalance_price,Long,2026-08-28T02:01:39Z
2026-08-28T01:53:23Z,2026-08-28T03:53:23+0200,565fb0ed-db72-48c6-a54e-0fdff3a4721b,2026-08-22T14:30:00Z,2026-08-22T16:30:00+0200,0.0,EUR/MWh,ES,ES,imbalance_price,Short,2026-08-28T02:01:39Z
2026-08-28T01:53:23Z,2026-08-28T03:53:23+0200,565fb0ed-db72-48c6-a54e-0fdff3a4721b,2026-08-22T14:45:00Z,2026-08-22T16:45:00+0200,-4.14,EUR/MWh,ES,ES,imbalance_price,Long,2026-08-28T02:01:39Z
2026-08-28T01:53:23Z,2026-08-28T03:53:23+0200,565fb0ed-db72-48c6-a54e-0fdff3a4721b,2026-08-22T14:45:00Z,2026-08-22T16:45:00+0200,0.0,EUR/MWh,ES,ES,imbalance_price,Short,2026-08-28T02:01:39Z
2026-08-28T01:53:23Z,2026-08-28T03:53:23+0200,565fb0ed-db72-48c6-a54e-0fdff3a4721b,2026-08-22T15:00:00Z,2026-08-22T17:00:00+0200,-2.94,EUR/MWh,ES,ES,imbalance_price,Long,2026-08-28T02:01:39Z
2026-08-28T01:53:23Z,2026-08-28T03:53:23+0200,565fb0ed-db72-48c6-a54e-0fdff3a4721b,2026-08-22T15:00:00Z,2026-08-22T17:00:00+0200,16.55,EUR/MWh,ES,ES,imbalance_price,Short,2026-08-28T02:01:39Z
2026-08-28T01:53:23Z,2026-08-28T03:53:23+0200,565fb0ed-db72-48c6-a54e-0fdff3a4721b,2026-08-22T15:15:00Z,2026-08-22T17:15:00+0200,-2.93,EUR/MWh,ES,ES,imbalance_price,Long,2026-08-28T02:01:39Z
2026-08-28T01:53:23Z,2026-08-28T03:53:23+0200,565fb0ed-db72-48c6-a54e-0fdff3a4721b,2026-08-22T15:15:00Z,2026-08-22T17:15:00+0200,0.45,EUR/MWh,ES,ES,imbalance_price,Short,2026-08-28T02:01:39Z
2026-08-28T01:53:23Z,2026-08-28T03:53:23+0200,565fb0ed-db72-48c6-a54e-0fdff3a4721b,2026-08-22T15:30:00Z,2026-08-22T17:30:00+0200,-3.28,EUR/MWh,ES,ES,imbalance_price,Long,2026-08-28T02:01:39Z
2026-08-28T01:53:23Z,2026-08-28T03:53:23+0200,565fb0ed-db72-48c6-a54e-0fdff3a4721b,2026-08-22T15:30:00Z,2026-08-22T17:30:00+0200,9.21,EUR/MWh,ES,ES,imbalance_price,Short,2026-08-28T02:01:39Z
2026-08-28T01:53:23Z,2026-08-28T03:53:23+0200,565fb0ed-db72-48c6-a54e-0fdff3a4721b,2026-08-22T15:45:00Z,2026-08-22T17:45:00+0200,-3.44,EUR/MWh,ES,ES,imbalance_price,Long,2026-08-28T02:01:39Z
2026-08-28T01:53:23Z,2026-08-28T03:53:23+0200,565fb0ed-db72-48c6-a54e-0fdff3a4721b,2026-08-22T15:45:00Z,2026-08-22T17:45:00+0200,-3.44,EUR/MWh,ES,ES,imbalance_price,Short,2026-08-28T02:01:39Z
2026-08-28T01:53:23Z,2026-08-28T03:53:23+0200,565fb0ed-db72-48c6-a54e-0fdff3a4721b,2026-08-22T16:00:00Z,2026-08-22T18:00:00+0200,-4.19,EUR/MWh,ES,ES,imbalance_price,Long,2026-08-28T02:01:39Z
2026-08-28T01:53:23Z,2026-08-28T03:53:23+0200,565fb0ed-db72-48c6-a54e-0fdff3a4721b,2026-08-22T16:00:00Z,2026-08-22T18:00:00+0200,-4.19,EUR/MWh,ES,ES,imbalance_price,Short,2026-08-28T02:01:39Z
2026-08-28T01:53:23Z,2026-08-28T03:53:23+0200,565fb0ed-db72-48c6-a54e-0fdff3a4721b,2026-08-22T16:15:00Z,2026-08-22T18:15:00+0200,-3.36,EUR/MWh,ES,ES,imbalance_price,Long,2026-08-28T02:01:39Z
2026-08-28T01:53:23Z,2026-08-28T03:53:23+0200,565fb0ed-db72-48c6-a54e-0fdff3a4721b,2026-08-22T16:15:00Z,2026-08-22T18:15:00+0200,-3.36,EUR/MWh,ES,ES,imbalance_price,Short,2026-08-28T02:01:39Z
2026-08-28T01:53:23Z,2026-08-28T03:53:23+0200,565fb0ed-db72-48c6-a54e-0fdff3a4721b,2026-08-22T16:30:00Z,2026-08-22T18:30:00+0200,-4.35,EUR/MWh,ES,ES,imbalance_price,Long,2026-08-28T02:01:39Z
2026-08-28T01:53:23Z,2026-08-28T03:53:23+0200,565fb0ed-db72-48c6-a54e-0fdff3a4721b,2026-08-22T16:30:00Z,2026-08-22T18:30:00+0200,-4.35,EUR/MWh,ES,ES,imbalance_price,Short,2026-08-28T02:01:39Z
2026-08-28T01:53:23Z,2026-08-28T03:53:23+0200,565fb0ed-db72-48c6-a54e-0fdff3a4721b,2026-08-22T16:45:00Z,2026-08-22T18:45:00+0200,-4.81,EUR/MWh,ES,ES,imbalance_price,Long,2026-08-28T02:01:39Z
2026-08-28T01:53:23Z,2026-08-28T03:53:23+0200,565fb0ed-db72-48c6-a54e-0fdff3a4721b,2026-08-22T16:45:00Z,2026-08-22T18:45:00+0200,-4.81,EUR/MWh,ES,ES,imbalance_price,Short,2026-08-28T02:01:39Z
2026-08-28T01:53:23Z,2026-08-28T03:53:23+0200,565fb0ed-db72-48c6-a54e-0fdff3a4721b,2026-08-22T17:00:00Z,2026-08-22T19:00:00+0200,-0.09,EUR/MWh,ES,ES,imbalance_price,Long,2026-08-28T02:01:39Z
2026-08-28T01:53:23Z,2026-08-28T03:53:23+0200,565fb0ed-db72-48c6-a54e-0fdff3a4721b,2026-08-22T17:00:00Z,2026-08-22T19:00:00+0200,127.59,EUR/MWh,ES,ES,imbalance_price,Short,2026-08-28T02:01:39Z
2026-08-28T01:53:23Z,2026-08-28T03:53:23+0200,565fb0ed-db72-48c6-a54e-0fdff3a4721b,2026-08-22T17:15:00Z,2026-08-22T19:15:00+0200,0.0,EUR/MWh,ES,ES,imbalance_price,Long,2026-08-28T02:01:39Z
2026-08-28T01:53:23Z,2026-08-28T03:53:23+0200,565fb0ed-db72-48c6-a54e-0fdff3a4721b,2026-08-22T17:15:00Z,2026-08-22T19:15:00+0200,160.28,EUR/MWh,ES,ES,imbalance_price,Short,2026-08-28T02:01:39Z
2026-08-28T01:53:23Z,2026-08-28T03:53:23+0200,565fb0ed-db72-48c6-a54e-0fdff3a4721b,2026-08-22T17:30:00Z,2026-08-22T19:30:00+0200,-0.8,EUR/MWh,ES,ES,imbalance_price,Long,2026-08-28T02:01:39Z
2026-08-28T01:53:23Z,2026-08-28T03:53:23+0200,565fb0ed-db72-48c6-a54e-0fdff3a4721b,2026-08-22T17:30:00Z,2026-08-22T19:30:00+0200,-0.8,EUR/MWh,ES,ES,imbalance_price,Short,2026-08-28T02:01:39Z
2026-08-28T01:53:23Z,2026-08-28T03:53:23+0200,565fb0ed-db72-48c6-a54e-0fdff3a4721b,2026-08-22T17:45:00Z,2026-08-22T19:45:00+0200,73.2,EUR/MWh,ES,ES,imbalance_price,Long,2026-08-28T02:01:39Z
2026-08-28T01:53:23Z,2026-08-28T03:53:23+0200,565fb0ed-db72-48c6-a54e-0fdff3a4721b,2026-08-22T17:45:00Z,2026-08-22T19:45:00+0200,148.81,EUR/MWh,ES,ES,imbalance_price,Short,2026-08-28T02:01:39Z
2026-08-28T01:53:23Z,2026-08-28T03:53:23+0200,565fb0ed-db72-48c6-a54e-0fdff3a4721b,2026-08-22T18:00:00Z,2026-08-22T20:00:00+0200,71.05,EUR/MWh,ES,ES,imbalance_price,Long,2026-08-28T02:01:39Z
2026-08-28T01:53:23Z,2026-08-28T03:53:23+0200,565fb0ed-db72-48c6-a54e-0fdff3a4721b,2026-08-22T18:00:00Z,2026-08-22T20:00:00+0200,156.24,EUR/MWh,ES,ES,imbalance_price,Short,2026-08-28T02:01:39Z
2026-08-28T01:53:23Z,2026-08-28T03:53:23+0200,565fb0ed-db72-48c6-a54e-0fdff3a4721b,2026-08-22T18:15:00Z,2026-08-22T20:15:00+0200,0.0,EUR/MWh,ES,ES,imbalance_price,Long,2026-08-28T02:01:39Z
2026-08-28T01:53:23Z,2026-08-28T03:53:23+0200,565fb0ed-db72-48c6-a54e-0fdff3a4721b,2026-08-22T18:15:00Z,2026-08-22T20:15:00+0200,191.07,EUR/MWh,ES,ES,imbalance_price,Short,2026-08-28T02:01:39Z
2026-08-28T01:53:23Z,2026-08-28T03:53:23+0200,565fb0ed-db72-48c6-a54e-0fdff3a4721b,2026-08-22T18:30:00Z,2026-08-22T20:30:00+0200,31.11,EUR/MWh,ES,ES,imbalance_price,Long,2026-08-28T02:01:39Z
2026-08-28T01:53:23Z,2026-08-28T03:53:23+0200,565fb0ed-db72-48c6-a54e-0fdff3a4721b,2026-08-22T18:30:00Z,2026-08-22T20:30:00+0200,156.87,EUR/MWh,ES,ES,imbalance_price,Short,2026-08-28T02:01:39Z
2026-08-28T01:53:23Z,2026-08-28T03:53:23+0200,565fb0ed-db72-48c6-a54e-0fdff3a4721b,2026-08-22T18:45:00Z,2026-08-22T20:45:00+0200,153.1,EUR/MWh,ES,ES,imbalance_price,Long,2026-08-28T02:01:39Z
2026-08-28T01:53:23Z,2026-08-28T03:53:23+0200,565fb0ed-db72-48c6-a54e-0fdff3a4721b,2026-08-22T18:45:00Z,2026-08-22T20:45:00+0200,157.45,EUR/MWh,ES,ES,imbalance_price,Short,2026-08-28T02:01:39Z
2026-08-28T01:53:23Z,2026-08-28T03:53:23+0200,565fb0ed-db72-48c6-a54e-0fdff3a4721b,2026-08-22T19:00:00Z,2026-08-22T21:00:00+0200,92.75,EUR/MWh,ES,ES,imbalance_price,Long,2026-08-28T02:01:39Z
2026-08-28T01:53:23Z,2026-08-28T03:53:23+0200,565fb0ed-db72-48c6-a54e-0fdff3a4721b,2026-08-22T19:00:00Z,2026-08-22T21:00:00+0200,187.59,EUR/MWh,ES,ES,imbalance_price,Short,2026-08-28T02:01:39Z
2026-08-28T01:53:23Z,2026-08-28T03:53:23+0200,565fb0ed-db72-48c6-a54e-0fdff3a4721b,2026-08-22T19:15:00Z,2026-08-22T21:15:00+0200,119.96,EUR/MWh,ES,ES,imbalance_price,Long,2026-08-28T02:01:39Z
2026-08-28T01:53:23Z,2026-08-28T03:53:23+0200,565fb0ed-db72-48c6-a54e-0fdff3a4721b,2026-08-22T19:15:00Z,2026-08-22T21:15:00+0200,190.3,EUR/MWh,ES,ES,imbalance_price,Short,2026-08-28T02:01:39Z
2026-08-28T01:53:23Z,2026-08-28T03:53:23+0200,565fb0ed-db72-48c6-a54e-0fdff3a4721b,2026-08-22T19:30:00Z,2026-08-22T21:30:00+0200,0.0,EUR/MWh,ES,ES,imbalance_price,Long,2026-08-28T02:01:39Z
2026-08-28T01:53:23Z,2026-08-28T03:53:23+0200,565fb0ed-db72-48c6-a54e-0fdff3a4721b,2026-08-22T19:30:00Z,2026-08-22T21:30:00+0200,159.76,EUR/MWh,ES,ES,imbalance_price,Short,2026-08-28T02:01:39Z
2026-08-28T01:53:23Z,2026-08-28T03:53:23+0200,565fb0ed-db72-48c6-a54e-0fdff3a4721b,2026-08-22T19:45:00Z,2026-08-22T21:45:00+0200,30.86,EUR/MWh,ES,ES,imbalance_price,Long,2026-08-28T02:01:39Z
2026-08-28T01:53:23Z,2026-08-28T03:53:23+0200,565fb0ed-db72-48c6-a54e-0fdff3a4721b,2026-08-22T19:45:00Z,2026-08-22T21:45:00+0200,147.51,EUR/MWh,ES,ES,imbalance_price,Short,2026-08-28T02:01:39Z
2026-08-28T01:53:23Z,2026-08-28T03:53:23+0200,565fb0ed-db72-48c6-a54e-0fdff3a4721b,2026-08-22T20:00:00Z,2026-08-22T22:00:00+0200,37.78,EUR/MWh,ES,ES,imbalance_price,Long,2026-08-28T02:01:39Z
2026-08-28T01:53:23Z,2026-08-28T03:53:23+0200,565fb0ed-db72-48c6-a54e-0fdff3a4721b,2026-08-22T20:00:00Z,2026-08-22T22:00:00+0200,157.89,EUR/MWh,ES,ES,imbalance_price,Short,2026-08-28T02:01:39Z
2026-08-28T01:53:23Z,2026-08-28T03:53:23+0200,565fb0ed-db72-48c6-a54e-0fdff3a4721b,2026-08-22T20:15:00Z,2026-08-22T22:15:00+0200,0.0,EUR/MWh,ES,ES,imbalance_price,Long,2026-08-28T02:01:39Z
2026-08-28T01:53:23Z,2026-08-28T03:53:23+0200,565fb0ed-db72-48c6-a54e-0fdff3a4721b,2026-08-22T20:15:00Z,2026-08-22T22:15:00+0200,151.51,EUR/MWh,ES,ES,imbalance_price,Short,2026-08-28T02:01:39Z
2026-08-28T01:53:23Z,2026-08-28T03:53:23+0200,565fb0ed-db72-48c6-a54e-0fdff3a4721b,2026-08-22T20:30:00Z,2026-08-22T22:30:00+0200,0.0,EUR/MWh,ES,ES,imbalance_price,Long,2026-08-28T02:01:39Z
2026-08-28T01:53:23Z,2026-08-28T03:53:23+0200,565fb0ed-db72-48c6-a54e-0fdff3a4721b,2026-08-22T20:30:00Z,2026-08-22T22:30:00+0200,178.78,EUR/MWh,ES,ES,imbalance_price,Short,2026-08-28T02:01:39Z
2026-08-28T01:53:23Z,2026-08-28T03:53:23+0200,565fb0ed-db72-48c6-a54e-0fdff3a4721b,2026-08-22T20:45:00Z,2026-08-22T22:45:00+0200,153.56,EUR/MWh,ES,ES,imbalance_price,Long,2026-08-28T02:01:39Z
2026-08-28T01:53:23Z,2026-08-28T03:53:23+0200,565fb0ed-db72-48c6-a54e-0fdff3a4721b,2026-08-22T20:45:00Z,2026-08-22T22:45:00+0200,153.56,EUR/MWh,ES,ES,imbalance_price,Short,2026-08-28T02:01:39Z
2026-08-28T01:53:23Z,2026-08-28T03:53:23+0200,565fb0ed-db72-48c6-a54e-0fdff3a4721b,2026-08-22T21:00:00Z,2026-08-22T23:00:00+0200,0.0,EUR/MWh,ES,ES,imbalance_price,Long,2026-08-28T02:01:39Z
2026-08-28T01:53:23Z,2026-08-28T03:53:23+0200,565fb0ed-db72-48c6-a54e-0fdff3a4721b,2026-08-22T21:00:00Z,2026-08-22T23:00:00+0200,170.55,EUR/MWh,ES,ES,imbalance_price,Short,2026-08-28T02:01:39Z
2026-08-28T01:53:23Z,2026-08-28T03:53:23+0200,565fb0ed-db72-48c6-a54e-0fdff3a4721b,2026-08-22T21:15:00Z,2026-08-22T23:15:00+0200,0.0,EUR/MWh,ES,ES,imbalance_price,Long,2026-08-28T02:01:39Z
2026-08-28T01:53:23Z,2026-08-28T03:53:23+0200,565fb0ed-db72-48c6-a54e-0fdff3a4721b,2026-08-22T21:15:00Z,2026-08-22T23:15:00+0200,165.17,EUR/MWh,ES,ES,imbalance_price,Short,2026-08-28T02:01:39Z
2026-08-28T01:53:23Z,2026-08-28T03:53:23+0200,565fb0ed-db72-48c6-a54e-0fdff3a4721b,2026-08-22T21:30:00Z,2026-08-22T23:30:00+0200,0.0,EUR/MWh,ES,ES,imbalance_price,Long,2026-08-28T02:01:39Z
2026-08-28T01:53:23Z,2026-08-28T03:53:23+0200,565fb0ed-db72-48c6-a54e-0fdff3a4721b,2026-08-22T21:30:00Z,2026-08-22T23:30:00+0200,159.21,EUR/MWh,ES,ES,imbalance_price,Short,2026-08-28T02:01:39Z
2026-08-28T01:53:23Z,2026-08-28T03:53:23+0200,565fb0ed-db72-48c6-a54e-0fdff3a4721b,2026-08-22T21:45:00Z,2026-08-22T23:45:00+0200,154.57,EUR/MWh,ES,ES,imbalance_price,Long,2026-08-28T02:01:39Z
2026-08-28T01:53:23Z,2026-08-28T03:53:23+0200,565fb0ed-db72-48c6-a54e-0fdff3a4721b,2026-08-22T21:45:00Z,2026-08-22T23:45:00+0200,154.57,EUR/MWh,ES,ES,imbalance_price,Short,2026-08-28T02:01:39Z
2026-08-28T01:53:23Z,2026-08-28T03:53:23+0200,565fb0ed-db72-48c6-a54e-0fdff3a4721b,2026-08-22T22:00:00Z,2026-08-23T00:00:00+0200,31.59,EUR/MWh,ES,ES,imbalance_price,Long,2026-08-28T02:01:39Z
2026-08-28T01:53:23Z,2026-08-28T03:53:23+0200,565fb0ed-db72-48c6-a54e-0fdff3a4721b,2026-08-22T22:00:00Z,2026-08-23T00:00:00+0200,167.39,EUR/MWh,ES,ES,imbalance_price,Short,2026-08-28T02:01:39Z
2026-08-28T01:53:23Z,2026-08-28T03:53:23+0200,565fb0ed-db72-48c6-a54e-0fdff3a4721b,2026-08-22T22:15:00Z,2026-08-23T00:15:00+0200,110.72,EUR/MWh,ES,ES,imbalance_price,Long,2026-08-28T02:01:39Z
2026-08-28T01:53:23Z,2026-08-28T03:53:23+0200,565fb0ed-db72-48c6-a54e-0fdff3a4721b,2026-08-22T22:15:00Z,2026-08-23T00:15:00+0200,215.87,EUR/MWh,ES,ES,imbalance_price,Short,2026-08-28T02:01:39Z
2026-08-28T01:53:23Z,2026-08-28T03:53:23+0200,565fb0ed-db72-48c6-a54e-0fdff3a4721b,2026-08-22T22:30:00Z,2026-08-23T00:30:00+0200,123.43,EUR/MWh,ES,ES,imbalance_price,Long,2026-08-28T02:01:39Z
2026-08-28T01:53:23Z,2026-08-28T03:53:23+0200,565fb0ed-db72-48c6-a54e-0fdff3a4721b,2026-08-22T22:30:00Z,2026-08-23T00:30:00+0200,169.48,EUR/MWh,ES,ES,imbalance_price,Short,2026-08-28T02:01:39Z
2026-08-28T01:53:23Z,2026-08-28T03:53:23+0200,565fb0ed-db72-48c6-a54e-0fdff3a4721b,2026-08-22T22:45:00Z,2026-08-23T00:45:00+0200,86.89,EUR/MWh,ES,ES,imbalance_price,Long,2026-08-28T02:01:39Z
2026-08-28T01:53:23Z,2026-08-28T03:53:23+0200,565fb0ed-db72-48c6-a54e-0fdff3a4721b,2026-08-22T22:45:00Z,2026-08-23T00:45:00+0200,161.83,EUR/MWh,ES,ES,imbalance_price,Short,2026-08-28T02:01:39Z
2026-08-28T01:53:23Z,2026-08-28T03:53:23+0200,565fb0ed-db72-48c6-a54e-0fdff3a4721b,2026-08-22T23:00:00Z,2026-08-23T01:00:00+0200,28.85,EUR/MWh,ES,ES,imbalance_price,Long,2026-08-28T02:01:39Z
2026-08-28T01:53:23Z,2026-08-28T03:53:23+0200,565fb0ed-db72-48c6-a54e-0fdff3a4721b,2026-08-22T23:00:00Z,2026-08-23T01:00:00+0200,157.58,EUR/MWh,ES,ES,imbalance_price,Short,2026-08-28T02:01:39Z
2026-08-28T01:53:23Z,2026-08-28T03:53:23+0200,565fb0ed-db72-48c6-a54e-0fdff3a4721b,2026-08-22T23:15:00Z,2026-08-23T01:15:00+0200,25.83,EUR/MWh,ES,ES,imbalance_price,Long,2026-08-28T02:01:39Z
2026-08-28T01:53:23Z,2026-08-28T03:53:23+0200,565fb0ed-db72-48c6-a54e-0fdff3a4721b,2026-08-22T23:15:00Z,2026-08-23T01:15:00+0200,157.57,EUR/MWh,ES,ES,imbalance_price,Short,2026-08-28T02:01:39Z
2026-08-28T01:53:23Z,2026-08-28T03:53:23+0200,565fb0ed-db72-48c6-a54e-0fdff3a4721b,2026-08-22T23:30:00Z,2026-08-23T01:30:00+0200,125.87,EUR/MWh,ES,ES,imbalance_price,Long,2026-08-28T02:01:39Z
2026-08-28T01:53:23Z,2026-08-28T03:53:23+0200,565fb0ed-db72-48c6-a54e-0fdff3a4721b,2026-08-22T23:30:00Z,2026-08-23T01:30:00+0200,157.31,EUR/MWh,ES,ES,imbalance_price,Short,2026-08-28T02:01:39Z
2026-08-28T01:53:23Z,2026-08-28T03:53:23+0200,565fb0ed-db72-48c6-a54e-0fdff3a4721b,2026-08-22T23:45:00Z,2026-08-23T01:45:00+0200,114.25,EUR/MWh,ES,ES,imbalance_price,Long,2026-08-28T02:01:39Z
2026-08-28T01:53:23Z,2026-08-28T03:53:23+0200,565fb0ed-db72-48c6-a54e-0fdff3a4721b,2026-08-22T23:45:00Z,2026-08-23T01:45:00+0200,157.91,EUR/MWh,ES,ES,imbalance_price,Short,2026-08-28T02:01:39Z
2026-08-28T01:53:23Z,2026-08-28T03:53:23+0200,565fb0ed-db72-48c6-a54e-0fdff3a4721b,2026-08-23T00:00:00Z,2026-08-23T02:00:00+0200,83.36,EUR/MWh,ES,ES,imbalance_price,Long,2026-08-28T02:01:39Z
2026-08-28T01:53:23Z,2026-08-28T03:53:23+0200,565fb0ed-db72-48c6-a54e-0fdff3a4721b,2026-08-23T00:00:00Z,2026-08-23T02:00:00+0200,179.31,EUR/MWh,ES,ES,imbalance_price,Short,2026-08-28T02:01:39Z
2026-08-28T01:53:23Z,2026-08-28T03:53:23+0200,565fb0ed-db72-48c6-a54e-0fdff3a4721b,2026-08-23T00:15:00Z,2026-08-23T02:15:00+0200,92.59,EUR/MWh,ES,ES,imbalance_price,Long,2026-08-28T02:01:39Z
2026-08-28T01:53:23Z,2026-08-28T03:53:23+0200,565fb0ed-db72-48c6-a54e-0fdff3a4721b,2026-08-23T00:15:00Z,2026-08-23T02:15:00+0200,167.51,EUR/MWh,ES,ES,imbalance_price,Short,2026-08-28T02:01:39Z
2026-08-28T01:53:23Z,2026-08-28T03:53:23+0200,565fb0ed-db72-48c6-a54e-0fdff3a4721b,2026-08-23T00:30:00Z,2026-08-23T02:30:00+0200,108.27,EUR/MWh,ES,ES,imbalance_price,Long,2026-08-28T02:01:39Z
2026-08-28T01:53:23Z,2026-08-28T03:53:23+0200,565fb0ed-db72-48c6-a54e-0fdff3a4721b,2026-08-23T00:30:00Z,2026-08-23T02:30:00+0200,170.71,EUR/MWh,ES,ES,imbalance_price,Short,2026-08-28T02:01:39Z
2026-08-28T01:53:23Z,2026-08-28T03:53:23+0200,565fb0ed-db72-48c6-a54e-0fdff3a4721b,2026-08-23T00:45:00Z,2026-08-23T02:45:00+0200,59.26,EUR/MWh,ES,ES,imbalance_price,Long,2026-08-28T02:01:39Z
2026-08-28T01:53:23Z,2026-08-28T03:53:23+0200,565fb0ed-db72-48c6-a54e-0fdff3a4721b,2026-08-23T00:45:00Z,2026-08-23T02:45:00+0200,175.44,EUR/MWh,ES,ES,imbalance_price,Short,2026-08-28T02:01:39Z
2026-08-28T01:53:23Z,2026-08-28T03:53:23+0200,565fb0ed-db72-48c6-a54e-0fdff3a4721b,2026-08-23T01:00:00Z,2026-08-23T03:00:00+0200,49.27,EUR/MWh,ES,ES,imbalance_price,Long,2026-08-28T02:01:39Z
2026-08-28T01:53:23Z,2026-08-28T03:53:23+0200,565fb0ed-db72-48c6-a54e-0fdff3a4721b,2026-08-23T01:00:00Z,2026-08-23T03:00:00+0200,173.89,EUR/MWh,ES,ES,imbalance_price,Short,2026-08-28T02:01:39Z
2026-08-28T01:53:23Z,2026-08-28T03:53:23+0200,565fb0ed-db72-48c6-a54e-0fdff3a4721b,2026-08-23T01:15:00Z,2026-08-23T03:15:00+0200,37.27,EUR/MWh,ES,ES,imbalance_price,Long,2026-08-28T02:01:39Z
2026-08-28T01:53:23Z,2026-08-28T03:53:23+0200,565fb0ed-db72-48c6-a54e-0fdff3a4721b,2026-08-23T01:15:00Z,2026-08-23T03:15:00+0200,170.39,EUR/MWh,ES,ES,imbalance_price,Short,2026-08-28T02:01:39Z
2026-08-28T01:53:23Z,2026-08-28T03:53:23+0200,565fb0ed-db72-48c6-a54e-0fdff3a4721b,2026-08-23T01:30:00Z,2026-08-23T03:30:00+0200,94.06,EUR/MWh,ES,ES,imbalance_price,Long,2026-08-28T02:01:39Z
2026-08-28T01:53:23Z,2026-08-28T03:53:23+0200,565fb0ed-db72-48c6-a54e-0fdff3a4721b,2026-08-23T01:30:00Z,2026-08-23T03:30:00+0200,164.09,EUR/MWh,ES,ES,imbalance_price,Short,2026-08-28T02:01:39Z
2026-08-28T01:53:23Z,2026-08-28T03:53:23+0200,565fb0ed-db72-48c6-a54e-0fdff3a4721b,2026-08-23T01:45:00Z,2026-08-23T03:45:00+0200,40.61,EUR/MWh,ES,ES,imbalance_price,Long,2026-08-28T02:01:39Z
2026-08-28T01:53:23Z,2026-08-28T03:53:23+0200,565fb0ed-db72-48c6-a54e-0fdff3a4721b,2026-08-23T01:45:00Z,2026-08-23T03:45:00+0200,161.34,EUR/MWh,ES,ES,imbalance_price,Short,2026-08-28T02:01:39Z
2026-08-28T01:53:23Z,2026-08-28T03:53:23+0200,565fb0ed-db72-48c6-a54e-0fdff3a4721b,2026-08-23T02:00:00Z,2026-08-23T04:00:00+0200,0.0,EUR/MWh,ES,ES,imbalance_price,Long,2026-08-28T02:01:39Z
2026-08-28T01:53:23Z,2026-08-28T03:53:23+0200,565fb0ed-db72-48c6-a54e-0fdff3a4721b,2026-08-23T02:00:00Z,2026-08-23T04:00:00+0200,150.81,EUR/MWh,ES,ES,imbalance_price,Short,2026-08-28T02:01:39Z
2026-08-28T01:53:23Z,2026-08-28T03:53:23+0200,565fb0ed-db72-48c6-a54e-0fdff3a4721b,2026-08-23T02:15:00Z,2026-08-23T04:15:00+0200,35.09,EUR/MWh,ES,ES,imbalance_price,Long,2026-08-28T02:01:39Z
2026-08-28T01:53:23Z,2026-08-28T03:53:23+0200,565fb0ed-db72-48c6-a54e-0fdff3a4721b,2026-08-23T02:15:00Z,2026-08-23T04:15:00+0200,157.4,EUR/MWh,ES,ES,imbalance_price,Short,2026-08-28T02:01:39Z
2026-08-28T01:53:23Z,2026-08-28T03:53:23+0200,565fb0ed-db72-48c6-a54e-0fdff3a4721b,2026-08-23T02:30:00Z,2026-08-23T04:30:00+0200,0.0,EUR/MWh,ES,ES,imbalance_price,Long,2026-08-28T02:01:39Z
2026-08-28T01:53:23Z,2026-08-28T03:53:23+0200,565fb0ed-db72-48c6-a54e-0fdff3a4721b,2026-08-23T02:30:00Z,2026-08-23T04:30:00+0200,168.68,EUR/MWh,ES,ES,imbalance_price,Short,2026-08-28T02:01:39Z
2026-08-28T01:53:23Z,2026-08-28T03:53:23+0200,565fb0ed-db72-48c6-a54e-0fdff3a4721b,2026-08-23T02:45:00Z,2026-08-23T04:45:00+0200,49.76,EUR/MWh,ES,ES,imbalance_price,Long,2026-08-28T02:01:39Z
2026-08-28T01:53:23Z,2026-08-28T03:53:23+0200,565fb0ed-db72-48c6-a54e-0fdff3a4721b,2026-08-23T02:45:00Z,2026-08-23T04:45:00+0200,169.24,EUR/MWh,ES,ES,imbalance_price,Short,2026-08-28T02:01:39Z
2026-08-28T01:53:23Z,2026-08-28T03:53:23+0200,565fb0ed-db72-48c6-a54e-0fdff3a4721b,2026-08-23T03:00:00Z,2026-08-23T05:00:00+0200,50.02,EUR/MWh,ES,ES,imbalance_price,Long,2026-08-28T02:01:39Z
2026-08-28T01:53:23Z,2026-08-28T03:53:23+0200,565fb0ed-db72-48c6-a54e-0fdff3a4721b,2026-08-23T03:00:00Z,2026-08-23T05:00:00+0200,175.72,EUR/MWh,ES,ES,imbalance_price,Short,2026-08-28T02:01:39Z
2026-08-28T01:53:23Z,2026-08-28T03:53:23+0200,565fb0ed-db72-48c6-a54e-0fdff3a4721b,2026-08-23T03:15:00Z,2026-08-23T05:15:00+0200,46.58,EUR/MWh,ES,ES,imbalance_price,Long,2026-08-28T02:01:39Z
2026-08-28T01:53:23Z,2026-08-28T03:53:23+0200,565fb0ed-db72-48c6-a54e-0fdff3a4721b,2026-08-23T03:15:00Z,2026-08-23T05:15:00+0200,176.7,EUR/MWh,ES,ES,imbalance_price,Short,2026-08-28T02:01:39Z
2026-08-28T01:53:23Z,2026-08-28T03:53:23+0200,565fb0ed-db72-48c6-a54e-0fdff3a4721b,2026-08-23T03:30:00Z,2026-08-23T05:30:00+0200,36.74,EUR/MWh,ES,ES,imbalance_price,Long,2026-08-28T02:01:39Z
2026-08-28T01:53:23Z,2026-08-28T03:53:23+0200,565fb0ed-db72-48c6-a54e-0fdff3a4721b,2026-08-23T03:30:00Z,2026-08-23T05:30:00+0200,172.96,EUR/MWh,ES,ES,imbalance_price,Short,2026-08-28T02:01:39Z
2026-08-28T01:53:23Z,2026-08-28T03:53:23+0200,565fb0ed-db72-48c6-a54e-0fdff3a4721b,2026-08-23T03:45:00Z,2026-08-23T05:45:00+0200,105.32,EUR/MWh,ES,ES,imbalance_price,Long,2026-08-28T02:01:39Z
2026-08-28T01:53:23Z,2026-08-28T03:53:23+0200,565fb0ed-db72-48c6-a54e-0fdff3a4721b,2026-08-23T03:45:00Z,2026-08-23T05:45:00+0200,162.84,EUR/MWh,ES,ES,imbalance_price,Short,2026-08-28T02:01:39Z
2026-08-28T01:53:23Z,2026-08-28T03:53:23+0200,565fb0ed-db72-48c6-a54e-0fdff3a4721b,2026-08-23T04:00:00Z,2026-08-23T06:00:00+0200,124.5,EUR/MWh,ES,ES,imbalance_price,Long,2026-08-28T02:01:39Z
2026-08-28T01:53:23Z,2026-08-28T03:53:23+0200,565fb0ed-db72-48c6-a54e-0fdff3a4721b,2026-08-23T04:00:00Z,2026-08-23T06:00:00+0200,165.67,EUR/MWh,ES,ES,imbalance_price,Short,2026-08-28T02:01:39Z
2026-08-28T01:53:23Z,2026-08-28T03:53:23+0200,565fb0ed-db72-48c6-a54e-0fdff3a4721b,2026-08-23T04:15:00Z,2026-08-23T06:15:00+0200,77.93,EUR/MWh,ES,ES,imbalance_price,Long,2026-08-28T02:01:39Z
2026-08-28T01:53:23Z,2026-08-28T03:53:23+0200,565fb0ed-db72-48c6-a54e-0fdff3a4721b,2026-08-23T04:15:00Z,2026-08-23T06:15:00+0200,172.26,EUR/MWh,ES,ES,imbalance_price,Short,2026-08-28T02:01:39Z
2026-08-28T01:53:23Z,2026-08-28T03:53:23+0200,565fb0ed-db72-48c6-a54e-0fdff3a4721b,2026-08-23T04:30:00Z,2026-08-23T06:30:00+0200,115.74,EUR/MWh,ES,ES,imbalance_price,Long,2026-08-28T02:01:39Z
2026-08-28T01:53:23Z,2026-08-28T03:53:23+0200,565fb0ed-db72-48c6-a54e-0fdff3a4721b,2026-08-23T04:30:00Z,2026-08-23T06:30:00+0200,175.73,EUR/MWh,ES,ES,imbalance_price,Short,2026-08-28T02:01:39Z
2026-08-28T01:53:23Z,2026-08-28T03:53:23+0200,565fb0ed-db72-48c6-a54e-0fdff3a4721b,2026-08-23T04:45:00Z,2026-08-23T06:45:00+0200,118.13,EUR/MWh,ES,ES,imbalance_price,Long,2026-08-28T02:01:39Z
2026-08-28T01:53:23Z,2026-08-28T03:53:23+0200,565fb0ed-db72-48c6-a54e-0fdff3a4721b,2026-08-23T04:45:00Z,2026-08-23T06:45:00+0200,151.35,EUR/MWh,ES,ES,imbalance_price,Short,2026-08-28T02:01:39Z
2026-08-28T01:53:23Z,2026-08-28T03:53:23+0200,565fb0ed-db72-48c6-a54e-0fdff3a4721b,2026-08-23T05:00:00Z,2026-08-23T07:00:00+0200,43.21,EUR/MWh,ES,ES,imbalance_price,Long,2026-08-28T02:01:39Z
2026-08-28T01:53:23Z,2026-08-28T03:53:23+0200,565fb0ed-db72-48c6-a54e-0fdff3a4721b,2026-08-23T05:00:00Z,2026-08-23T07:00:00+0200,132.22,EUR/MWh,ES,ES,imbalance_price,Short,2026-08-28T02:01:39Z
2026-08-28T01:53:23Z,2026-08-28T03:53:23+0200,565fb0ed-db72-48c6-a54e-0fdff3a4721b,2026-08-23T05:15:00Z,2026-08-23T07:15:00+0200,90.4,EUR/MWh,ES,ES,imbalance_price,Long,2026-08-28T02:01:39Z
2026-08-28T01:53:23Z,2026-08-28T03:53:23+0200,565fb0ed-db72-48c6-a54e-0fdff3a4721b,2026-08-23T05:15:00Z,2026-08-23T07:15:00+0200,152.27,EUR/MWh,ES,ES,imbalance_price,Short,2026-08-28T02:01:39Z
2026-08-28T01:53:23Z,2026-08-28T03:53:23+0200,565fb0ed-db72-48c6-a54e-0fdff3a4721b,2026-08-23T05:30:00Z,2026-08-23T07:30:00+0200,75.93,EUR/MWh,ES,ES,imbalance_price,Long,2026-08-28T02:01:39Z
2026-08-28T01:53:23Z,2026-08-28T03:53:23+0200,565fb0ed-db72-48c6-a54e-0fdff3a4721b,2026-08-23T05:30:00Z,2026-08-23T07:30:00+0200,153.97,EUR/MWh,ES,ES,imbalance_price,Short,2026-08-28T02:01:39Z
2026-08-28T01:53:23Z,2026-08-28T03:53:23+0200,565fb0ed-db72-48c6-a54e-0fdff3a4721b,2026-08-23T05:45:00Z,2026-08-23T07:45:00+0200,113.44,EUR/MWh,ES,ES,imbalance_price,Long,2026-08-28T02:01:39Z
2026-08-28T01:53:23Z,2026-08-28T03:53:23+0200,565fb0ed-db72-48c6-a54e-0fdff3a4721b,2026-08-23T05:45:00Z,2026-08-23T07:45:00+0200,153.69,EUR/MWh,ES,ES,imbalance_price,Short,2026-08-28T02:01:39Z
2026-08-28T01:53:23Z,2026-08-28T03:53:23+0200,565fb0ed-db72-48c6-a54e-0fdff3a4721b,2026-08-23T06:00:00Z,2026-08-23T08:00:00+0200,179.88,EUR/MWh,ES,ES,imbalance_price,Long,2026-08-28T02:01:39Z
2026-08-28T01:53:23Z,2026-08-28T03:53:23+0200,565fb0ed-db72-48c6-a54e-0fdff3a4721b,2026-08-23T06:00:00Z,2026-08-23T08:00:00+0200,179.88,EUR/MWh,ES,ES,imbalance_price,Short,2026-08-28T02:01:39Z
2026-08-28T01:53:23Z,2026-08-28T03:53:23+0200,565fb0ed-db72-48c6-a54e-0fdff3a4721b,2026-08-23T06:15:00Z,2026-08-23T08:15:00+0200,102.39,EUR/MWh,ES,ES,imbalance_price,Long,2026-08-28T02:01:39Z
2026-08-28T01:53:23Z,2026-08-28T03:53:23+0200,565fb0ed-db72-48c6-a54e-0fdff3a4721b,2026-08-23T06:15:00Z,2026-08-23T08:15:00+0200,181.17,EUR/MWh,ES,ES,imbalance_price,Short,2026-08-28T02:01:39Z
2026-08-28T01:53:23Z,2026-08-28T03:53:23+0200,565fb0ed-db72-48c6-a54e-0fdff3a4721b,2026-08-23T06:30:00Z,2026-08-23T08:30:00+0200,2.5,EUR/MWh,ES,ES,imbalance_price,Long,2026-08-28T02:01:39Z
2026-08-28T01:53:23Z,2026-08-28T03:53:23+0200,565fb0ed-db72-48c6-a54e-0fdff3a4721b,2026-08-23T06:30:00Z,2026-08-23T08:30:00+0200,72.5,EUR/MWh,ES,ES,imbalance_price,Short,2026-08-28T02:01:39Z
2026-08-28T01:53:23Z,2026-08-28T03:53:23+0200,565fb0ed-db72-48c6-a54e-0fdff3a4721b,2026-08-23T06:45:00Z,2026-08-23T08:45:00+0200,-11.93,EUR/MWh,ES,ES,imbalance_price,Long,2026-08-28T02:01:39Z
2026-08-28T01:53:23Z,2026-08-28T03:53:23+0200,565fb0ed-db72-48c6-a54e-0fdff3a4721b,2026-08-23T06:45:00Z,2026-08-23T08:45:00+0200,0.0,EUR/MWh,ES,ES,imbalance_price,Short,2026-08-28T02:01:39Z
2026-08-28T01:53:23Z,2026-08-28T03:53:23+0200,565fb0ed-db72-48c6-a54e-0fdff3a4721b,2026-08-23T07:00:00Z,2026-08-23T09:00:00+0200,-2.93,EUR/MWh,ES,ES,imbalance_price,Long,2026-08-28T02:01:39Z
2026-08-28T01:53:23Z,2026-08-28T03:53:23+0200,565fb0ed-db72-48c6-a54e-0fdff3a4721b,2026-08-23T07:00:00Z,2026-08-23T09:00:00+0200,16.01,EUR/MWh,ES,ES,imbalance_price,Short,2026-08-28T02:01:39Z
2026-08-28T01:53:23Z,2026-08-28T03:53:23+0200,565fb0ed-db72-48c6-a54e-0fdff3a4721b,2026-08-23T07:15:00Z,2026-08-23T09:15:00+0200,-1.58,EUR/MWh,ES,ES,imbalance_price,Long,2026-08-28T02:01:39Z
2026-08-28T01:53:23Z,2026-08-28T03:53:23+0200,565fb0ed-db72-48c6-a54e-0fdff3a4721b,2026-08-23T07:15:00Z,2026-08-23T09:15:00+0200,9.79,EUR/MWh,ES,ES,imbalance_price,Short,2026-08-28T02:01:39Z
2026-08-28T01:53:23Z,2026-08-28T03:53:23+0200,565fb0ed-db72-48c6-a54e-0fdff3a4721b,2026-08-23T07:30:00Z,2026-08-23T09:30:00+0200,-3.46,EUR/MWh,ES,ES,imbalance_price,Long,2026-08-28T02:01:39Z
2026-08-28T01:53:23Z,2026-08-28T03:53:23+0200,565fb0ed-db72-48c6-a54e-0fdff3a4721b,2026-08-23T07:30:00Z,2026-08-23T09:30:00+0200,9.18,EUR/MWh,ES,ES,imbalance_price,Short,2026-08-28T02:01:39Z
2026-08-28T01:53:23Z,2026-08-28T03:53:23+0200,565fb0ed-db72-48c6-a54e-0fdff3a4721b,2026-08-23T07:45:00Z,2026-08-23T09:45:00+0200,-15.78,EUR/MWh,ES,ES,imbalance_price,Long,2026-08-28T02:01:39Z
2026-08-28T01:53:23Z,2026-08-28T03:53:23+0200,565fb0ed-db72-48c6-a54e-0fdff3a4721b,2026-08-23T07:45:00Z,2026-08-23T09:45:00+0200,-15.78,EUR/MWh,ES,ES,imbalance_price,Short,2026-08-28T02:01:39Z
2026-08-28T01:53:23Z,2026-08-28T03:53:23+0200,565fb0ed-db72-48c6-a54e-0fdff3a4721b,2026-08-23T08:00:00Z,2026-08-23T10:00:00+0200,-3.24,EUR/MWh,ES,ES,imbalance_price,Long,2026-08-28T02:01:39Z
2026-08-28T01:53:23Z,2026-08-28T03:53:23+0200,565fb0ed-db72-48c6-a54e-0fdff3a4721b,2026-08-23T08:00:00Z,2026-08-23T10:00:00+0200,-3.24,EUR/MWh,ES,ES,imbalance_price,Short,2026-08-28T02:01:39Z
2026-08-28T01:53:23Z,2026-08-28T03:53:23+0200,565fb0ed-db72-48c6-a54e-0fdff3a4721b,2026-08-23T08:15:00Z,2026-08-23T10:15:00+0200,-4.18,EUR/MWh,ES,ES,imbalance_price,Long,2026-08-28T02:01:39Z
2026-08-28T01:53:23Z,2026-08-28T03:53:23+0200,565fb0ed-db72-48c6-a54e-0fdff3a4721b,2026-08-23T08:15:00Z,2026-08-23T10:15:00+0200,0.0,EUR/MWh,ES,ES,imbalance_price,Short,2026-08-28T02:01:39Z
2026-08-28T01:53:23Z,2026-08-28T03:53:23+0200,565fb0ed-db72-48c6-a54e-0fdff3a4721b,2026-08-23T08:30:00Z,2026-08-23T10:30:00+0200,-4.39,EUR/MWh,ES,ES,imbalance_price,Long,2026-08-28T02:01:39Z
2026-08-28T01:53:23Z,2026-08-28T03:53:23+0200,565fb0ed-db72-48c6-a54e-0fdff3a4721b,2026-08-23T08:30:00Z,2026-08-23T10:30:00+0200,0.06,EUR/MWh,ES,ES,imbalance_price,Short,2026-08-28T02:01:39Z
2026-08-28T01:53:23Z,2026-08-28T03:53:23+0200,565fb0ed-db72-48c6-a54e-0fdff3a4721b,2026-08-23T08:45:00Z,2026-08-23T10:45:00+0200,-2.91,EUR/MWh,ES,ES,imbalance_price,Long,2026-08-28T02:01:39Z
2026-08-28T01:53:23Z,2026-08-28T03:53:23+0200,565fb0ed-db72-48c6-a54e-0fdff3a4721b,2026-08-23T08:45:00Z,2026-08-23T10:45:00+0200,-2.91,EUR/MWh,ES,ES,imbalance_price,Short,2026-08-28T02:01:39Z
2026-08-28T01:53:23Z,2026-08-28T03:53:23+0200,565fb0ed-db72-48c6-a54e-0fdff3a4721b,2026-08-23T09:00:00Z,2026-08-23T11:00:00+0200,-4.51,EUR/MWh,ES,ES,imbalance_price,Long,2026-08-28T02:01:39Z
2026-08-28T01:53:23Z,2026-08-28T03:53:23+0200,565fb0ed-db72-48c6-a54e-0fdff3a4721b,2026-08-23T09:00:00Z,2026-08-23T11:00:00+0200,-4.51,EUR/MWh,ES,ES,imbalance_price,Short,2026-08-28T02:01:39Z
2026-08-28T01:53:23Z,2026-08-28T03:53:23+0200,565fb0ed-db72-48c6-a54e-0fdff3a4721b,2026-08-23T09:15:00Z,2026-08-23T11:15:00+0200,-3.39,EUR/MWh,ES,ES,imbalance_price,Long,2026-08-28T02:01:39Z
2026-08-28T01:53:23Z,2026-08-28T03:53:23+0200,565fb0ed-db72-48c6-a54e-0fdff3a4721b,2026-08-23T09:15:00Z,2026-08-23T11:15:00+0200,0.0,EUR/MWh,ES,ES,imbalance_price,Short,2026-08-28T02:01:39Z
2026-08-28T01:53:23Z,2026-08-28T03:53:23+0200,565fb0ed-db72-48c6-a54e-0fdff3a4721b,2026-08-23T09:30:00Z,2026-08-23T11:30:00+0200,-3.09,EUR/MWh,ES,ES,imbalance_price,Long,2026-08-28T02:01:39Z
2026-08-28T01:53:23Z,2026-08-28T03:53:23+0200,565fb0ed-db72-48c6-a54e-0fdff3a4721b,2026-08-23T09:30:00Z,2026-08-23T11:30:00+0200,-3.09,EUR/MWh,ES,ES,imbalance_price,Short,2026-08-28T02:01:39Z
2026-08-28T01:53:23Z,2026-08-28T03:53:23+0200,565fb0ed-db72-48c6-a54e-0fdff3a4721b,2026-08-23T09:45:00Z,2026-08-23T11:45:00+0200,-2.78,EUR/MWh,ES,ES,imbalance_price,Long,2026-08-28T02:01:39Z
2026-08-28T01:53:23Z,2026-08-28T03:53:23+0200,565fb0ed-db72-48c6-a54e-0fdff3a4721b,2026-08-23T09:45:00Z,2026-08-23T11:45:00+0200,-2.78,EUR/MWh,ES,ES,imbalance_price,Short,2026-08-28T02:01:39Z
2026-08-28T01:53:23Z,2026-08-28T03:53:23+0200,565fb0ed-db72-48c6-a54e-0fdff3a4721b,2026-08-23T10:00:00Z,2026-08-23T12:00:00+0200,-3.22,EUR/MWh,ES,ES,imbalance_price,Long,2026-08-28T02:01:39Z
2026-08-28T01:53:23Z,2026-08-28T03:53:23+0200,565fb0ed-db72-48c6-a54e-0fdff3a4721b,2026-08-23T10:00:00Z,2026-08-23T12:00:00+0200,-3.22,EUR/MWh,ES,ES,imbalance_price,Short,2026-08-28T02:01:39Z
2026-08-28T01:53:23Z,2026-08-28T03:53:23+0200,565fb0ed-db72-48c6-a54e-0fdff3a4721b,2026-08-23T10:15:00Z,2026-08-23T12:15:00+0200,-4.34,EUR/MWh,ES,ES,imbalance_price,Long,2026-08-28T02:01:39Z
2026-08-28T01:53:23Z,2026-08-28T03:53:23+0200,565fb0ed-db72-48c6-a54e-0fdff3a4721b,2026-08-23T10:15:00Z,2026-08-23T12:15:00+0200,-4.34,EUR/MWh,ES,ES,imbalance_price,Short,2026-08-28T02:01:39Z
2026-08-28T01:53:23Z,2026-08-28T03:53:23+0200,565fb0ed-db72-48c6-a54e-0fdff3a4721b,2026-08-23T10:30:00Z,2026-08-23T12:30:00+0200,-3.95,EUR/MWh,ES,ES,imbalance_price,Long,2026-08-28T02:01:39Z
2026-08-28T01:53:23Z,2026-08-28T03:53:23+0200,565fb0ed-db72-48c6-a54e-0fdff3a4721b,2026-08-23T10:30:00Z,2026-08-23T12:30:00+0200,-3.95,EUR/MWh,ES,ES,imbalance_price,Short,2026-08-28T02:01:39Z
2026-08-28T01:53:23Z,2026-08-28T03:53:23+0200,565fb0ed-db72-48c6-a54e-0fdff3a4721b,2026-08-23T10:45:00Z,2026-08-23T12:45:00+0200,-5.76,EUR/MWh,ES,ES,imbalance_price,Long,2026-08-28T02:01:39Z
2026-08-28T01:53:23Z,2026-08-28T03:53:23+0200,565fb0ed-db72-48c6-a54e-0fdff3a4721b,2026-08-23T10:45:00Z,2026-08-23T12:45:00+0200,0.0,EUR/MWh,ES,ES,imbalance_price,Short,2026-08-28T02:01:39Z
2026-08-28T01:53:23Z,2026-08-28T03:53:23+0200,565fb0ed-db72-48c6-a54e-0fdff3a4721b,2026-08-23T11:00:00Z,2026-08-23T13:00:00+0200,-2.72,EUR/MWh,ES,ES,imbalance_price,Long,2026-08-28T02:01:39Z
2026-08-28T01:53:23Z,2026-08-28T03:53:23+0200,565fb0ed-db72-48c6-a54e-0fdff3a4721b,2026-08-23T11:00:00Z,2026-08-23T13:00:00+0200,-2.72,EUR/MWh,ES,ES,imbalance_price,Short,2026-08-28T02:01:39Z
2026-08-28T01:53:23Z,2026-08-28T03:53:23+0200,565fb0ed-db72-48c6-a54e-0fdff3a4721b,2026-08-23T11:15:00Z,2026-08-23T13:15:00+0200,-2.21,EUR/MWh,ES,ES,imbalance_price,Long,2026-08-28T02:01:39Z
2026-08-28T01:53:23Z,2026-08-28T03:53:23+0200,565fb0ed-db72-48c6-a54e-0fdff3a4721b,2026-08-23T11:15:00Z,2026-08-23T13:15:00+0200,-2.21,EUR/MWh,ES,ES,imbalance_price,Short,2026-08-28T02:01:39Z
2026-08-28T01:53:23Z,2026-08-28T03:53:23+0200,565fb0ed-db72-48c6-a54e-0fdff3a4721b,2026-08-23T11:30:00Z,2026-08-23T13:30:00+0200,-2.19,EUR/MWh,ES,ES,imbalance_price,Long,2026-08-28T02:01:39Z
2026-08-28T01:53:23Z,2026-08-28T03:53:23+0200,565fb0ed-db72-48c6-a54e-0fdff3a4721b,2026-08-23T11:30:00Z,2026-08-23T13:30:00+0200,-0.02,EUR/MWh,ES,ES,imbalance_price,Short,2026-08-28T02:01:39Z
2026-08-28T01:53:23Z,2026-08-28T03:53:23+0200,565fb0ed-db72-48c6-a54e-0fdff3a4721b,2026-08-23T11:45:00Z,2026-08-23T13:45:00+0200,-2.12,EUR/MWh,ES,ES,imbalance_price,Long,2026-08-28T02:01:39Z
2026-08-28T01:53:23Z,2026-08-28T03:53:23+0200,565fb0ed-db72-48c6-a54e-0fdff3a4721b,2026-08-23T11:45:00Z,2026-08-23T13:45:00+0200,4.32,EUR/MWh,ES,ES,imbalance_price,Short,2026-08-28T02:01:39Z
2026-08-28T01:53:23Z,2026-08-28T03:53:23+0200,565fb0ed-db72-48c6-a54e-0fdff3a4721b,2026-08-23T12:00:00Z,2026-08-23T14:00:00+0200,-2.27,EUR/MWh,ES,ES,imbalance_price,Long,2026-08-28T02:01:39Z
2026-08-28T01:53:23Z,2026-08-28T03:53:23+0200,565fb0ed-db72-48c6-a54e-0fdff3a4721b,2026-08-23T12:00:00Z,2026-08-23T14:00:00+0200,-2.27,EUR/MWh,ES,ES,imbalance_price,Short,2026-08-28T02:01:39Z
2026-08-28T01:53:23Z,2026-08-28T03:53:23+0200,565fb0ed-db72-48c6-a54e-0fdff3a4721b,2026-08-23T12:15:00Z,2026-08-23T14:15:00+0200,-2.55,EUR/MWh,ES,ES,imbalance_price,Long,2026-08-28T02:01:39Z
2026-08-28T01:53:23Z,2026-08-28T03:53:23+0200,565fb0ed-db72-48c6-a54e-0fdff3a4721b,2026-08-23T12:15:00Z,2026-08-23T14:15:00+0200,0.55,EUR/MWh,ES,ES,imbalance_price,Short,2026-08-28T02:01:39Z
2026-08-28T01:53:23Z,2026-08-28T03:53:23+0200,565fb0ed-db72-48c6-a54e-0fdff3a4721b,2026-08-23T12:30:00Z,2026-08-23T14:30:00+0200,-2.19,EUR/MWh,ES,ES,imbalance_price,Long,2026-08-28T02:01:39Z
2026-08-28T01:53:23Z,2026-08-28T03:53:23+0200,565fb0ed-db72-48c6-a54e-0fdff3a4721b,2026-08-23T12:30:00Z,2026-08-23T14:30:00+0200,0.06,EUR/MWh,ES,ES,imbalance_price,Short,2026-08-28T02:01:39Z
2026-08-28T01:53:23Z,2026-08-28T03:53:23+0200,565fb0ed-db72-48c6-a54e-0fdff3a4721b,2026-08-23T12:45:00Z,2026-08-23T14:45:00+0200,-3.69,EUR/MWh,ES,ES,imbalance_price,Long,2026-08-28T02:01:39Z
2026-08-28T01:53:23Z,2026-08-28T03:53:23+0200,565fb0ed-db72-48c6-a54e-0fdff3a4721b,2026-08-23T12:45:00Z,2026-08-23T14:45:00+0200,-3.69,EUR/MWh,ES,ES,imbalance_price,Short,2026-08-28T02:01:39Z
2026-08-28T01:53:23Z,2026-08-28T03:53:23+0200,565fb0ed-db72-48c6-a54e-0fdff3a4721b,2026-08-23T13:00:00Z,2026-08-23T15:00:00+0200,-2.2,EUR/MWh,ES,ES,imbalance_price,Long,2026-08-28T02:01:39Z
2026-08-28T01:53:23Z,2026-08-28T03:53:23+0200,565fb0ed-db72-48c6-a54e-0fdff3a4721b,2026-08-23T13:00:00Z,2026-08-23T15:00:00+0200,3.33,EUR/MWh,ES,ES,imbalance_price,Short,2026-08-28T02:01:39Z
2026-08-28T01:53:23Z,2026-08-28T03:53:23+0200,565fb0ed-db72-48c6-a54e-0fdff3a4721b,2026-08-23T13:15:00Z,2026-08-23T15:15:00+0200,-1.42,EUR/MWh,ES,ES,imbalance_price,Long,2026-08-28T02:01:39Z
2026-08-28T01:53:23Z,2026-08-28T03:53:23+0200,565fb0ed-db72-48c6-a54e-0fdff3a4721b,2026-08-23T13:15:00Z,2026-08-23T15:15:00+0200,29.17,EUR/MWh,ES,ES,imbalance_price,Short,2026-08-28T02:01:39Z
2026-08-28T01:53:23Z,2026-08-28T03:53:23+0200,565fb0ed-db72-48c6-a54e-0fdff3a4721b,2026-08-23T13:30:00Z,2026-08-23T15:30:00+0200,-1.4,EUR/MWh,ES,ES,imbalance_price,Long,2026-08-28T02:01:39Z
2026-08-28T01:53:23Z,2026-08-28T03:53:23+0200,565fb0ed-db72-48c6-a54e-0fdff3a4721b,2026-08-23T13:30:00Z,2026-08-23T15:30:00+0200,11.55,EUR/MWh,ES,ES,imbalance_price,Short,2026-08-28T02:01:39Z
2026-08-28T01:53:23Z,2026-08-28T03:53:23+0200,565fb0ed-db72-48c6-a54e-0fdff3a4721b,2026-08-23T13:45:00Z,2026-08-23T15:45:00+0200,-1.54,EUR/MWh,ES,ES,imbalance_price,Long,2026-08-28T02:01:39Z
2026-08-28T01:53:23Z,2026-08-28T03:53:23+0200,565fb0ed-db72-48c6-a54e-0fdff3a4721b,2026-08-23T13:45:00Z,2026-08-23T15:45:00+0200,2.04,EUR/MWh,ES,ES,imbalance_price,Short,2026-08-28T02:01:39Z
2026-08-28T01:53:23Z,2026-08-28T03:53:23+0200,565fb0ed-db72-48c6-a54e-0fdff3a4721b,2026-08-23T14:00:00Z,2026-08-23T16:00:00+0200,-1.39,EUR/MWh,ES,ES,imbalance_price,Long,2026-08-28T02:01:39Z
2026-08-28T01:53:23Z,2026-08-28T03:53:23+0200,565fb0ed-db72-48c6-a54e-0fdff3a4721b,2026-08-23T14:00:00Z,2026-08-23T16:00:00+0200,23.47,EUR/MWh,ES,ES,imbalance_price,Short,2026-08-28T02:01:39Z
2026-08-28T01:53:23Z,2026-08-28T03:53:23+0200,565fb0ed-db72-48c6-a54e-0fdff3a4721b,2026-08-23T14:15:00Z,2026-08-23T16:15:00+0200,-1.51,EUR/MWh,ES,ES,imbalance_price,Long,2026-08-28T02:01:39Z
2026-08-28T01:53:23Z,2026-08-28T03:53:23+0200,565fb0ed-db72-48c6-a54e-0fdff3a4721b,2026-08-23T14:15:00Z,2026-08-23T16:15:00+0200,7.12,EUR/MWh,ES,ES,imbalance_price,Short,2026-08-28T02:01:39Z
2026-08-28T01:53:23Z,2026-08-28T03:53:23+0200,565fb0ed-db72-48c6-a54e-0fdff3a4721b,2026-08-23T14:30:00Z,2026-08-23T16:30:00+0200,-1.36,EUR/MWh,ES,ES,imbalance_price,Long,2026-08-28T02:01:39Z
2026-08-28T01:53:23Z,2026-08-28T03:53:23+0200,565fb0ed-db72-48c6-a54e-0fdff3a4721b,2026-08-23T14:30:00Z,2026-08-23T16:30:00+0200,110.12,EUR/MWh,ES,ES,imbalance_price,Short,2026-08-28T02:01:39Z
2026-08-28T01:53:23Z,2026-08-28T03:53:23+0200,565fb0ed-db72-48c6-a54e-0fdff3a4721b,2026-08-23T14:45:00Z,2026-08-23T16:45:00+0200,-1.34,EUR/MWh,ES,ES,imbalance_price,Long,2026-08-28T02:01:39Z
2026-08-28T01:53:23Z,2026-08-28T03:53:23+0200,565fb0ed-db72-48c6-a54e-0fdff3a4721b,2026-08-23T14:45:00Z,2026-08-23T16:45:00+0200,84.86,EUR/MWh,ES,ES,imbalance_price,Short,2026-08-28T02:01:39Z
2026-08-28T01:53:23Z,2026-08-28T03:53:23+0200,565fb0ed-db72-48c6-a54e-0fdff3a4721b,2026-08-23T15:00:00Z,2026-08-23T17:00:00+0200,-0.49,EUR/MWh,ES,ES,imbalance_price,Long,2026-08-28T02:01:39Z
2026-08-28T01:53:23Z,2026-08-28T03:53:23+0200,565fb0ed-db72-48c6-a54e-0fdff3a4721b,2026-08-23T15:00:00Z,2026-08-23T17:00:00+0200,8.08,EUR/MWh,ES,ES,imbalance_price,Short,2026-08-28T02:01:39Z
2026-08-28T01:53:23Z,2026-08-28T03:53:23+0200,565fb0ed-db72-48c6-a54e-0fdff3a4721b,2026-08-23T15:15:00Z,2026-08-23T17:15:00+0200,-0.49,EUR/MWh,ES,ES,imbalance_price,Long,2026-08-28T02:01:39Z
2026-08-28T01:53:23Z,2026-08-28T03:53:23+0200,565fb0ed-db72-48c6-a54e-0fdff3a4721b,2026-08-23T15:15:00Z,2026-08-23T17:15:00+0200,15.3,EUR/MWh,ES,ES,imbalance_price,Short,2026-08-28T02:01:39Z
2026-08-28T01:53:23Z,2026-08-28T03:53:23+0200,565fb0ed-db72-48c6-a54e-0fdff3a4721b,2026-08-23T15:30:00Z,2026-08-23T17:30:00+0200,-0.44,EUR/MWh,ES,ES,imbalance_price,Long,2026-08-28T02:01:39Z
2026-08-28T01:53:23Z,2026-08-28T03:53:23+0200,565fb0ed-db72-48c6-a54e-0fdff3a4721b,2026-08-23T15:30:00Z,2026-08-23T17:30:00+0200,18.36,EUR/MWh,ES,ES,imbalance_price,Short,2026-08-28T02:01:39Z
2026-08-28T01:53:23Z,2026-08-28T03:53:23+0200,565fb0ed-db72-48c6-a54e-0fdff3a4721b,2026-08-23T15:45:00Z,2026-08-23T17:45:00+0200,-0.12,EUR/MWh,ES,ES,imbalance_price,Long,2026-08-28T02:01:39Z
2026-08-28T01:53:23Z,2026-08-28T03:53:23+0200,565fb0ed-db72-48c6-a54e-0fdff3a4721b,2026-08-23T15:45:00Z,2026-08-23T17:45:00+0200,8.81,EUR/MWh,ES,ES,imbalance_price,Short,2026-08-28T02:01:39Z
2026-08-28T01:53:23Z,2026-08-28T03:53:23+0200,565fb0ed-db72-48c6-a54e-0fdff3a4721b,2026-08-23T16:00:00Z,2026-08-23T18:00:00+0200,-2.96,EUR/MWh,ES,ES,imbalance_price,Long,2026-08-28T02:01:39Z
2026-08-28T01:53:23Z,2026-08-28T03:53:23+0200,565fb0ed-db72-48c6-a54e-0fdff3a4721b,2026-08-23T16:00:00Z,2026-08-23T18:00:00+0200,6.92,EUR/MWh,ES,ES,imbalance_price,Short,2026-08-28T02:01:39Z
2026-08-28T01:53:23Z,2026-08-28T03:53:23+0200,565fb0ed-db72-48c6-a54e-0fdff3a4721b,2026-08-23T16:15:00Z,2026-08-23T18:15:00+0200,-0.82,EUR/MWh,ES,ES,imbalance_price,Long,2026-08-28T02:01:39Z
2026-08-28T01:53:23Z,2026-08-28T03:53:23+0200,565fb0ed-db72-48c6-a54e-0fdff3a4721b,2026-08-23T16:15:00Z,2026-08-23T18:15:00+0200,-0.82,EUR/MWh,ES,ES,imbalance_price,Short,2026-08-28T02:01:39Z
2026-08-28T01:53:23Z,2026-08-28T03:53:23+0200,565fb0ed-db72-48c6-a54e-0fdff3a4721b,2026-08-23T16:30:00Z,2026-08-23T18:30:00+0200,-1.98,EUR/MWh,ES,ES,imbalance_price,Long,2026-08-28T02:01:39Z
2026-08-28T01:53:23Z,2026-08-28T03:53:23+0200,565fb0ed-db72-48c6-a54e-0fdff3a4721b,2026-08-23T16:30:00Z,2026-08-23T18:30:00+0200,-1.98,EUR/MWh,ES,ES,imbalance_price,Short,2026-08-28T02:01:39Z
2026-08-28T01:53:23Z,2026-08-28T03:53:23+0200,565fb0ed-db72-48c6-a54e-0fdff3a4721b,2026-08-23T16:45:00Z,2026-08-23T18:45:00+0200,-1.49,EUR/MWh,ES,ES,imbalance_price,Long,2026-08-28T02:01:39Z
2026-08-28T01:53:23Z,2026-08-28T03:53:23+0200,565fb0ed-db72-48c6-a54e-0fdff3a4721b,2026-08-23T16:45:00Z,2026-08-23T18:45:00+0200,-1.49,EUR/MWh,ES,ES,imbalance_price,Short,2026-08-28T02:01:39Z
2026-08-28T01:53:23Z,2026-08-28T03:53:23+0200,565fb0ed-db72-48c6-a54e-0fdff3a4721b,2026-08-23T17:00:00Z,2026-08-23T19:00:00+0200,-0.53,EUR/MWh,ES,ES,imbalance_price,Long,2026-08-28T02:01:39Z
2026-08-28T01:53:23Z,2026-08-28T03:53:23+0200,565fb0ed-db72-48c6-a54e-0fdff3a4721b,2026-08-23T17:00:00Z,2026-08-23T19:00:00+0200,98.05,EUR/MWh,ES,ES,imbalance_price,Short,2026-08-28T02:01:39Z
2026-08-28T01:53:23Z,2026-08-28T03:53:23+0200,565fb0ed-db72-48c6-a54e-0fdff3a4721b,2026-08-23T17:15:00Z,2026-08-23T19:15:00+0200,-0.02,EUR/MWh,ES,ES,imbalance_price,Long,2026-08-28T02:01:39Z
2026-08-28T01:53:23Z,2026-08-28T03:53:23+0200,565fb0ed-db72-48c6-a54e-0fdff3a4721b,2026-08-23T17:15:00Z,2026-08-23T19:15:00+0200,63.84,EUR/MWh,ES,ES,imbalance_price,Short,2026-08-28T02:01:39Z
2026-08-28T01:53:23Z,2026-08-28T03:53:23+0200,565fb0ed-db72-48c6-a54e-0fdff3a4721b,2026-08-23T17:30:00Z,2026-08-23T19:30:00+0200,0.64,EUR/MWh,ES,ES,imbalance_price,Long,2026-08-28T02:01:39Z
2026-08-28T01:53:23Z,2026-08-28T03:53:23+0200,565fb0ed-db72-48c6-a54e-0fdff3a4721b,2026-08-23T17:30:00Z,2026-08-23T19:30:00+0200,0.64,EUR/MWh,ES,ES,imbalance_price,Short,2026-08-28T02:01:39Z
2026-08-28T01:53:23Z,2026-08-28T03:53:23+0200,565fb0ed-db72-48c6-a54e-0fdff3a4721b,2026-08-23T17:45:00Z,2026-08-23T19:45:00+0200,29.57,EUR/MWh,ES,ES,imbalance_price,Long,2026-08-28T02:01:39Z
2026-08-28T01:53:23Z,2026-08-28T03:53:23+0200,565fb0ed-db72-48c6-a54e-0fdff3a4721b,2026-08-23T17:45:00Z,2026-08-23T19:45:00+0200,29.57,EUR/MWh,ES,ES,imbalance_price,Short,2026-08-28T02:01:39Z
2026-08-28T01:53:23Z,2026-08-28T03:53:23+0200,565fb0ed-db72-48c6-a54e-0fdff3a4721b,2026-08-23T18:00:00Z,2026-08-23T20:00:00+0200,73.7,EUR/MWh,ES,ES,imbalance_price,Long,2026-08-28T02:01:39Z
2026-08-28T01:53:23Z,2026-08-28T03:53:23+0200,565fb0ed-db72-48c6-a54e-0fdff3a4721b,2026-08-23T18:00:00Z,2026-08-23T20:00:00+0200,143.36,EUR/MWh,ES,ES,imbalance_price,Short,2026-08-28T02:01:39Z
2026-08-28T01:53:23Z,2026-08-28T03:53:23+0200,565fb0ed-db72-48c6-a54e-0fdff3a4721b,2026-08-23T18:15:00Z,2026-08-23T20:15:00+0200,122.64,EUR/MWh,ES,ES,imbalance_price,Long,2026-08-28T02:01:39Z
2026-08-28T01:53:23Z,2026-08-28T03:53:23+0200,565fb0ed-db72-48c6-a54e-0fdff3a4721b,2026-08-23T18:15:00Z,2026-08-23T20:15:00+0200,188.26,EUR/MWh,ES,ES,imbalance_price,Short,2026-08-28T02:01:39Z
2026-08-28T01:53:23Z,2026-08-28T03:53:23+0200,565fb0ed-db72-48c6-a54e-0fdff3a4721b,2026-08-23T18:30:00Z,2026-08-23T20:30:00+0200,157.67,EUR/MWh,ES,ES,imbalance_price,Long,2026-08-28T02:01:39Z
2026-08-28T01:53:23Z,2026-08-28T03:53:23+0200,565fb0ed-db72-48c6-a54e-0fdff3a4721b,2026-08-23T18:30:00Z,2026-08-23T20:30:00+0200,157.67,EUR/MWh,ES,ES,imbalance_price,Short,2026-08-28T02:01:39Z
2026-08-28T01:53:23Z,2026-08-28T03:53:23+0200,565fb0ed-db72-48c6-a54e-0fdff3a4721b,2026-08-23T18:45:00Z,2026-08-23T20:45:00+0200,160.59,EUR/MWh,ES,ES,imbalance_price,Long,2026-08-28T02:01:39Z
2026-08-28T01:53:23Z,2026-08-28T03:53:23+0200,565fb0ed-db72-48c6-a54e-0fdff3a4721b,2026-08-23T18:45:00Z,2026-08-23T20:45:00+0200,160.59,EUR/MWh,ES,ES,imbalance_price,Short,2026-08-28T02:01:39Z
2026-08-28T01:53:23Z,2026-08-28T03:53:23+0200,565fb0ed-db72-48c6-a54e-0fdff3a4721b,2026-08-23T19:00:00Z,2026-08-23T21:00:00+0200,73.36,EUR/MWh,ES,ES,imbalance_price,Long,2026-08-28T02:01:39Z
2026-08-28T01:53:23Z,2026-08-28T03:53:23+0200,565fb0ed-db72-48c6-a54e-0fdff3a4721b,2026-08-23T19:00:00Z,2026-08-23T21:00:00+0200,166.84,EUR/MWh,ES,ES,imbalance_price,Short,2026-08-28T02:01:39Z
2026-08-28T01:53:23Z,2026-08-28T03:53:23+0200,565fb0ed-db72-48c6-a54e-0fdff3a4721b,2026-08-23T19:15:00Z,2026-08-23T21:15:00+0200,165.17,EUR/MWh,ES,ES,imbalance_price,Long,2026-08-28T02:01:39Z
2026-08-28T01:53:23Z,2026-08-28T03:53:23+0200,565fb0ed-db72-48c6-a54e-0fdff3a4721b,2026-08-23T19:15:00Z,2026-08-23T21:15:00+0200,165.17,EUR/MWh,ES,ES,imbalance_price,Short,2026-08-28T02:01:39Z
2026-08-28T01:53:23Z,2026-08-28T03:53:23+0200,565fb0ed-db72-48c6-a54e-0fdff3a4721b,2026-08-23T19:30:00Z,2026-08-23T21:30:00+0200,129.7,EUR/MWh,ES,ES,imbalance_price,Long,2026-08-28T02:01:39Z
2026-08-28T01:53:23Z,2026-08-28T03:53:23+0200,565fb0ed-db72-48c6-a54e-0fdff3a4721b,2026-08-23T19:30:00Z,2026-08-23T21:30:00+0200,163.81,EUR/MWh,ES,ES,imbalance_price,Short,2026-08-28T02:01:39Z
2026-08-28T01:53:23Z,2026-08-28T03:53:23+0200,565fb0ed-db72-48c6-a54e-0fdff3a4721b,2026-08-23T19:45:00Z,2026-08-23T21:45:00+0200,90.5,EUR/MWh,ES,ES,imbalance_price,Long,2026-08-28T02:01:39Z
2026-08-28T01:53:23Z,2026-08-28T03:53:23+0200,565fb0ed-db72-48c6-a54e-0fdff3a4721b,2026-08-23T19:45:00Z,2026-08-23T21:45:00+0200,160.24,EUR/MWh,ES,ES,imbalance_price,Short,2026-08-28T02:01:39Z
2026-08-28T01:53:23Z,2026-08-28T03:53:23+0200,565fb0ed-db72-48c6-a54e-0fdff3a4721b,2026-08-23T20:00:00Z,2026-08-23T22:00:00+0200,109.43,EUR/MWh,ES,ES,imbalance_price,Long,2026-08-28T02:01:39Z
2026-08-28T01:53:23Z,2026-08-28T03:53:23+0200,565fb0ed-db72-48c6-a54e-0fdff3a4721b,2026-08-23T20:00:00Z,2026-08-23T22:00:00+0200,154.49,EUR/MWh,ES,ES,imbalance_price,Short,2026-08-28T02:01:39Z
2026-08-28T01:53:23Z,2026-08-28T03:53:23+0200,565fb0ed-db72-48c6-a54e-0fdff3a4721b,2026-08-23T20:15:00Z,2026-08-23T22:15:00+0200,111.84,EUR/MWh,ES,ES,imbalance_price,Long,2026-08-28T02:01:39Z
2026-08-28T01:53:23Z,2026-08-28T03:53:23+0200,565fb0ed-db72-48c6-a54e-0fdff3a4721b,2026-08-23T20:15:00Z,2026-08-23T22:15:00+0200,111.84,EUR/MWh,ES,ES,imbalance_price,Short,2026-08-28T02:01:39Z
2026-08-28T01:53:23Z,2026-08-28T03:53:23+0200,565fb0ed-db72-48c6-a54e-0fdff3a4721b,2026-08-23T20:30:00Z,2026-08-23T22:30:00+0200,123.65,EUR/MWh,ES,ES,imbalance_price,Long,2026-08-28T02:01:39Z
2026-08-28T01:53:23Z,2026-08-28T03:53:23+0200,565fb0ed-db72-48c6-a54e-0fdff3a4721b,2026-08-23T20:30:00Z,2026-08-23T22:30:00+0200,169.92,EUR/MWh,ES,ES,imbalance_price,Short,2026-08-28T02:01:39Z
2026-08-28T01:53:23Z,2026-08-28T03:53:23+0200,565fb0ed-db72-48c6-a54e-0fdff3a4721b,2026-08-23T20:45:00Z,2026-08-23T22:45:00+0200,121.63,EUR/MWh,ES,ES,imbalance_price,Long,2026-08-28T02:01:39Z
2026-08-28T01:53:23Z,2026-08-28T03:53:23+0200,565fb0ed-db72-48c6-a54e-0fdff3a4721b,2026-08-23T20:45:00Z,2026-08-23T22:45:00+0200,160.53,EUR/MWh,ES,ES,imbalance_price,Short,2026-08-28T02:01:39Z
2026-08-28T01:53:23Z,2026-08-28T03:53:23+0200,565fb0ed-db72-48c6-a54e-0fdff3a4721b,2026-08-23T21:00:00Z,2026-08-23T23:00:00+0200,108.59,EUR/MWh,ES,ES,imbalance_price,Long,2026-08-28T02:01:39Z
2026-08-28T01:53:23Z,2026-08-28T03:53:23+0200,565fb0ed-db72-48c6-a54e-0fdff3a4721b,2026-08-23T21:00:00Z,2026-08-23T23:00:00+0200,185.21,EUR/MWh,ES,ES,imbalance_price,Short,2026-08-28T02:01:39Z
2026-08-28T01:53:23Z,2026-08-28T03:53:23+0200,565fb0ed-db72-48c6-a54e-0fdff3a4721b,2026-08-23T21:15:00Z,2026-08-23T23:15:00+0200,126.48,EUR/MWh,ES,ES,imbalance_price,Long,2026-08-28T02:01:39Z
2026-08-28T01:53:23Z,2026-08-28T03:53:23+0200,565fb0ed-db72-48c6-a54e-0fdff3a4721b,2026-08-23T21:15:00Z,2026-08-23T23:15:00+0200,150.7,EUR/MWh,ES,ES,imbalance_price,Short,2026-08-28T02:01:39Z
2026-08-28T01:53:23Z,2026-08-28T03:53:23+0200,565fb0ed-db72-48c6-a54e-0fdff3a4721b,2026-08-23T21:30:00Z,2026-08-23T23:30:00+0200,151.33,EUR/MWh,ES,ES,imbalance_price,Long,2026-08-28T02:01:39Z
2026-08-28T01:53:23Z,2026-08-28T03:53:23+0200,565fb0ed-db72-48c6-a54e-0fdff3a4721b,2026-08-23T21:30:00Z,2026-08-23T23:30:00+0200,151.33,EUR/MWh,ES,ES,imbalance_price,Short,2026-08-28T02:01:39Z
2026-08-28T01:53:23Z,2026-08-28T03:53:23+0200,565fb0ed-db72-48c6-a54e-0fdff3a4721b,2026-08-23T21:45:00Z,2026-08-23T23:45:00+0200,148.52,EUR/MWh,ES,ES,imbalance_price,Long,2026-08-28T02:01:39Z
2026-08-28T01:53:23Z,2026-08-28T03:53:23+0200,565fb0ed-db72-48c6-a54e-0fdff3a4721b,2026-08-23T21:45:00Z,2026-08-23T23:45:00+0200,148.52,EUR/MWh,ES,ES,imbalance_price,Short,2026-08-28T02:01:39Z
2026-08-28T01:53:23Z,2026-08-28T03:53:23+0200,565fb0ed-db72-48c6-a54e-0fdff3a4721b,2026-08-23T22:00:00Z,2026-08-24T00:00:00+0200,71.94,EUR/MWh,ES,ES,imbalance_price,Long,2026-08-28T02:01:39Z
2026-08-28T01:53:23Z,2026-08-28T03:53:23+0200,565fb0ed-db72-48c6-a54e-0fdff3a4721b,2026-08-23T22:00:00Z,2026-08-24T00:00:00+0200,164.3,EUR/MWh,ES,ES,imbalance_price,Short,2026-08-28T02:01:39Z
2026-08-28T01:53:23Z,2026-08-28T03:53:23+0200,565fb0ed-db72-48c6-a54e-0fdff3a4721b,2026-08-23T22:15:00Z,2026-08-24T00:15:00+0200,117.33,EUR/MWh,ES,ES,imbalance_price,Long,2026-08-28T02:01:39Z
2026-08-28T01:53:23Z,2026-08-28T03:53:23+0200,565fb0ed-db72-48c6-a54e-0fdff3a4721b,2026-08-23T22:15:00Z,2026-08-24T00:15:00+0200,162.27,EUR/MWh,ES,ES,imbalance_price,Short,2026-08-28T02:01:39Z
2026-08-28T01:53:23Z,2026-08-28T03:53:23+0200,565fb0ed-db72-48c6-a54e-0fdff3a4721b,2026-08-23T22:30:00Z,2026-08-24T00:30:00+0200,77.01,EUR/MWh,ES,ES,imbalance_price,Long,2026-08-28T02:01:39Z
2026-08-28T01:53:23Z,2026-08-28T03:53:23+0200,565fb0ed-db72-48c6-a54e-0fdff3a4721b,2026-08-23T22:30:00Z,2026-08-24T00:30:00+0200,152.75,EUR/MWh,ES,ES,imbalance_price,Short,2026-08-28T02:01:39Z
2026-08-28T01:53:23Z,2026-08-28T03:53:23+0200,565fb0ed-db72-48c6-a54e-0fdff3a4721b,2026-08-23T22:45:00Z,2026-08-24T00:45:00+0200,89.01,EUR/MWh,ES,ES,imbalance_price,Long,2026-08-28T02:01:39Z
2026-08-28T01:53:23Z,2026-08-28T03:53:23+0200,565fb0ed-db72-48c6-a54e-0fdff3a4721b,2026-08-23T22:45:00Z,2026-08-24T00:45:00+0200,89.01,EUR/MWh,ES,ES,imbalance_price,Short,2026-08-28T02:01:39Z
2026-08-28T01:53:23Z,2026-08-28T03:53:23+0200,565fb0ed-db72-48c6-a54e-0fdff3a4721b,2026-08-23T23:00:00Z,2026-08-24T01:00:00+0200,81.68,EUR/MWh,ES,ES,imbalance_price,Long,2026-08-28T02:01:39Z
2026-08-28T01:53:23Z,2026-08-28T03:53:23+0200,565fb0ed-db72-48c6-a54e-0fdff3a4721b,2026-08-23T23:00:00Z,2026-08-24T01:00:00+0200,157.58,EUR/MWh,ES,ES,imbalance_price,Short,2026-08-28T02:01:39Z
2026-08-28T01:53:23Z,2026-08-28T03:53:23+0200,565fb0ed-db72-48c6-a54e-0fdff3a4721b,2026-08-23T23:15:00Z,2026-08-24T01:15:00+0200,76.66,EUR/MWh,ES,ES,imbalance_price,Long,2026-08-28T02:01:39Z
2026-08-28T01:53:23Z,2026-08-28T03:53:23+0200,565fb0ed-db72-48c6-a54e-0fdff3a4721b,2026-08-23T23:15:00Z,2026-08-24T01:15:00+0200,153.55,EUR/MWh,ES,ES,imbalance_price,Short,2026-08-28T02:01:39Z
2026-08-28T01:53:23Z,2026-08-28T03:53:23+0200,565fb0ed-db72-48c6-a54e-0fdff3a4721b,2026-08-23T23:30:00Z,2026-08-24T01:30:00+0200,71.01,EUR/MWh,ES,ES,imbalance_price,Long,2026-08-28T02:01:39Z
2026-08-28T01:53:23Z,2026-08-28T03:53:23+0200,565fb0ed-db72-48c6-a54e-0fdff3a4721b,2026-08-23T23:30:00Z,2026-08-24T01:30:00+0200,146.59,EUR/MWh,ES,ES,imbalance_price,Short,2026-08-28T02:01:39Z
2026-08-28T01:53:23Z,2026-08-28T03:53:23+0200,565fb0ed-db72-48c6-a54e-0fdff3a4721b,2026-08-23T23:45:00Z,2026-08-24T01:45:00+0200,66.72,EUR/MWh,ES,ES,imbalance_price,Long,2026-08-28T02:01:39Z
2026-08-28T01:53:23Z,2026-08-28T03:53:23+0200,565fb0ed-db72-48c6-a54e-0fdff3a4721b,2026-08-23T23:45:00Z,2026-08-24T01:45:00+0200,146.85,EUR/MWh,ES,ES,imbalance_price,Short,2026-08-28T02:01:39Z
2026-08-28T01:53:23Z,2026-08-28T03:53:23+0200,565fb0ed-db72-48c6-a54e-0fdff3a4721b,2026-08-24T00:00:00Z,2026-08-24T02:00:00+0200,65.49,EUR/MWh,ES,ES,imbalance_price,Long,2026-08-28T02:01:39Z
2026-08-28T01:53:23Z,2026-08-28T03:53:23+0200,565fb0ed-db72-48c6-a54e-0fdff3a4721b,2026-08-24T00:00:00Z,2026-08-24T02:00:00+0200,204.06,EUR/MWh,ES,ES,imbalance_price,Short,2026-08-28T02:01:39Z
2026-08-28T01:53:23Z,2026-08-28T03:53:23+0200,565fb0ed-db72-48c6-a54e-0fdff3a4721b,2026-08-24T00:15:00Z,2026-08-24T02:15:00+0200,128.62,EUR/MWh,ES,ES,imbalance_price,Long,2026-08-28T02:01:39Z
2026-08-28T01:53:23Z,2026-08-28T03:53:23+0200,565fb0ed-db72-48c6-a54e-0fdff3a4721b,2026-08-24T00:15:00Z,2026-08-24T02:15:00+0200,128.62,EUR/MWh,ES,ES,imbalance_price,Short,2026-08-28T02:01:39Z
2026-08-28T01:53:23Z,2026-08-28T03:53:23+0200,565fb0ed-db72-48c6-a54e-0fdff3a4721b,2026-08-24T00:30:00Z,2026-08-24T02:30:00+0200,142.26,EUR/MWh,ES,ES,imbalance_price,Long,2026-08-28T02:01:39Z
2026-08-28T01:53:23Z,2026-08-28T03:53:23+0200,565fb0ed-db72-48c6-a54e-0fdff3a4721b,2026-08-24T00:30:00Z,2026-08-24T02:30:00+0200,142.26,EUR/MWh,ES,ES,imbalance_price,Short,2026-08-28T02:01:39Z
2026-08-28T01:53:23Z,2026-08-28T03:53:23+0200,565fb0ed-db72-48c6-a54e-0fdff3a4721b,2026-08-24T00:45:00Z,2026-08-24T02:45:00+0200,146.39,EUR/MWh,ES,ES,imbalance_price,Long,2026-08-28T02:01:39Z
2026-08-28T01:53:23Z,2026-08-28T03:53:23+0200,565fb0ed-db72-48c6-a54e-0fdff3a4721b,2026-08-24T00:45:00Z,2026-08-24T02:45:00+0200,146.39,EUR/MWh,ES,ES,imbalance_price,Short,2026-08-28T02:01:39Z
2026-08-28T01:53:23Z,2026-08-28T03:53:23+0200,565fb0ed-db72-48c6-a54e-0fdff3a4721b,2026-08-24T01:00:00Z,2026-08-24T03:00:00+0200,149.69,EUR/MWh,ES,ES,imbalance_price,Long,2026-08-28T02:01:39Z
2026-08-28T01:53:23Z,2026-08-28T03:53:23+0200,565fb0ed-db72-48c6-a54e-0fdff3a4721b,2026-08-24T01:00:00Z,2026-08-24T03:00:00+0200,149.69,EUR/MWh,ES,ES,imbalance_price,Short,2026-08-28T02:01:39Z
2026-08-28T01:53:23Z,2026-08-28T03:53:23+0200,565fb0ed-db72-48c6-a54e-0fdff3a4721b,2026-08-24T01:15:00Z,2026-08-24T03:15:00+0200,79.85,EUR/MWh,ES,ES,imbalance_price,Long,2026-08-28T02:01:39Z
2026-08-28T01:53:23Z,2026-08-28T03:53:23+0200,565fb0ed-db72-48c6-a54e-0fdff3a4721b,2026-08-24T01:15:00Z,2026-08-24T03:15:00+0200,150.99,EUR/MWh,ES,ES,imbalance_price,Short,2026-08-28T02:01:39Z
2026-08-28T01:53:23Z,2026-08-28T03:53:23+0200,565fb0ed-db72-48c6-a54e-0fdff3a4721b,2026-08-24T01:30:00Z,2026-08-24T03:30:00+0200,24.25,EUR/MWh,ES,ES,imbalance_price,Long,2026-08-28T02:01:39Z
2026-08-28T01:53:23Z,2026-08-28T03:53:23+0200,565fb0ed-db72-48c6-a54e-0fdff3a4721b,2026-08-24T01:30:00Z,2026-08-24T03:30:00+0200,151.03,EUR/MWh,ES,ES,imbalance_price,Short,2026-08-28T02:01:39Z
2026-08-28T01:53:23Z,2026-08-28T03:53:23+0200,565fb0ed-db72-48c6-a54e-0fdff3a4721b,2026-08-24T01:45:00Z,2026-08-24T03:45:00+0200,8.87,EUR/MWh,ES,ES,imbalance_price,Long,2026-08-28T02:01:39Z
2026-08-28T01:53:23Z,2026-08-28T03:53:23+0200,565fb0ed-db72-48c6-a54e-0fdff3a4721b,2026-08-24T01:45:00Z,2026-08-24T03:45:00+0200,151.57,EUR/MWh,ES,ES,imbalance_price,Short,2026-08-28T02:01:39Z
2026-08-28T01:53:23Z,2026-08-28T03:53:23+0200,565fb0ed-db72-48c6-a54e-0fdff3a4721b,2026-08-24T02:00:00Z,2026-08-24T04:00:00+0200,0.0,EUR/MWh,ES,ES,imbalance_price,Long,2026-08-28T02:01:39Z
2026-08-28T01:53:23Z,2026-08-28T03:53:23+0200,565fb0ed-db72-48c6-a54e-0fdff3a4721b,2026-08-24T02:00:00Z,2026-08-24T04:00:00+0200,150.9,EUR/MWh,ES,ES,imbalance_price,Short,2026-08-28T02:01:39Z
2026-08-28T01:53:23Z,2026-08-28T03:53:23+0200,565fb0ed-db72-48c6-a54e-0fdff3a4721b,2026-08-24T02:15:00Z,2026-08-24T04:15:00+0200,34.98,EUR/MWh,ES,ES,imbalance_price,Long,2026-08-28T02:01:39Z
2026-08-28T01:53:23Z,2026-08-28T03:53:23+0200,565fb0ed-db72-48c6-a54e-0fdff3a4721b,2026-08-24T02:15:00Z,2026-08-24T04:15:00+0200,149.27,EUR/MWh,ES,ES,imbalance_price,Short,2026-08-28T02:01:39Z
2026-08-28T01:53:23Z,2026-08-28T03:53:23+0200,565fb0ed-db72-48c6-a54e-0fdff3a4721b,2026-08-24T02:30:00Z,2026-08-24T04:30:00+0200,22.51,EUR/MWh,ES,ES,imbalance_price,Long,2026-08-28T02:01:39Z
2026-08-28T01:53:23Z,2026-08-28T03:53:23+0200,565fb0ed-db72-48c6-a54e-0fdff3a4721b,2026-08-24T02:30:00Z,2026-08-24T04:30:00+0200,149.8,EUR/MWh,ES,ES,imbalance_price,Short,2026-08-28T02:01:39Z
2026-08-28T01:53:23Z,2026-08-28T03:53:23+0200,565fb0ed-db72-48c6-a54e-0fdff3a4721b,2026-08-24T02:45:00Z,2026-08-24T04:45:00+0200,74.68,EUR/MWh,ES,ES,imbalance_price,Long,2026-08-28T02:01:39Z
2026-08-28T01:53:23Z,2026-08-28T03:53:23+0200,565fb0ed-db72-48c6-a54e-0fdff3a4721b,2026-08-24T02:45:00Z,2026-08-24T04:45:00+0200,151.26,EUR/MWh,ES,ES,imbalance_price,Short,2026-08-28T02:01:39Z
2026-08-28T01:53:23Z,2026-08-28T03:53:23+0200,565fb0ed-db72-48c6-a54e-0fdff3a4721b,2026-08-24T03:00:00Z,2026-08-24T05:00:00+0200,82.36,EUR/MWh,ES,ES,imbalance_price,Long,2026-08-28T02:01:39Z
2026-08-28T01:53:23Z,2026-08-28T03:53:23+0200,565fb0ed-db72-48c6-a54e-0fdff3a4721b,2026-08-24T03:00:00Z,2026-08-24T05:00:00+0200,141.09,EUR/MWh,ES,ES,imbalance_price,Short,2026-08-28T02:01:39Z
2026-08-28T01:53:23Z,2026-08-28T03:53:23+0200,565fb0ed-db72-48c6-a54e-0fdff3a4721b,2026-08-24T03:15:00Z,2026-08-24T05:15:00+0200,70.61,EUR/MWh,ES,ES,imbalance_price,Long,2026-08-28T02:01:39Z
2026-08-28T01:53:23Z,2026-08-28T03:53:23+0200,565fb0ed-db72-48c6-a54e-0fdff3a4721b,2026-08-24T03:15:00Z,2026-08-24T05:15:00+0200,143.15,EUR/MWh,ES,ES,imbalance_price,Short,2026-08-28T02:01:39Z
2026-08-28T01:53:23Z,2026-08-28T03:53:23+0200,565fb0ed-db72-48c6-a54e-0fdff3a4721b,2026-08-24T03:30:00Z,2026-08-24T05:30:00+0200,127.18,EUR/MWh,ES,ES,imbalance_price,Long,2026-08-28T02:01:39Z
2026-08-28T01:53:23Z,2026-08-28T03:53:23+0200,565fb0ed-db72-48c6-a54e-0fdff3a4721b,2026-08-24T03:30:00Z,2026-08-24T05:30:00+0200,148.24,EUR/MWh,ES,ES,imbalance_price,Short,2026-08-28T02:01:39Z
2026-08-28T01:53:23Z,2026-08-28T03:53:23+0200,565fb0ed-db72-48c6-a54e-0fdff3a4721b,2026-08-24T03:45:00Z,2026-08-24T05:45:00+0200,83.08,EUR/MWh,ES,ES,imbalance_price,Long,2026-08-28T02:01:39Z
2026-08-28T01:53:23Z,2026-08-28T03:53:23+0200,565fb0ed-db72-48c6-a54e-0fdff3a4721b,2026-08-24T03:45:00Z,2026-08-24T05:45:00+0200,152.0,EUR/MWh,ES,ES,imbalance_price,Short,2026-08-28T02:01:39Z
2026-08-28T01:53:23Z,2026-08-28T03:53:23+0200,565fb0ed-db72-48c6-a54e-0fdff3a4721b,2026-08-24T04:00:00Z,2026-08-24T06:00:00+0200,96.66,EUR/MWh,ES,ES,imbalance_price,Long,2026-08-28T02:01:39Z
2026-08-28T01:53:23Z,2026-08-28T03:53:23+0200,565fb0ed-db72-48c6-a54e-0fdff3a4721b,2026-08-24T04:00:00Z,2026-08-24T06:00:00+0200,159.8,EUR/MWh,ES,ES,imbalance_price,Short,2026-08-28T02:01:39Z
2026-08-28T01:53:23Z,2026-08-28T03:53:23+0200,565fb0ed-db72-48c6-a54e-0fdff3a4721b,2026-08-24T04:15:00Z,2026-08-24T06:15:00+0200,29.57,EUR/MWh,ES,ES,imbalance_price,Long,2026-08-28T02:01:39Z
2026-08-28T01:53:23Z,2026-08-28T03:53:23+0200,565fb0ed-db72-48c6-a54e-0fdff3a4721b,2026-08-24T04:15:00Z,2026-08-24T06:15:00+0200,154.45,EUR/MWh,ES,ES,imbalance_price,Short,2026-08-28T02:01:39Z
2026-08-28T01:53:23Z,2026-08-28T03:53:23+0200,565fb0ed-db72-48c6-a54e-0fdff3a4721b,2026-08-24T04:30:00Z,2026-08-24T06:30:00+0200,119.95,EUR/MWh,ES,ES,imbalance_price,Long,2026-08-28T02:01:39Z
2026-08-28T01:53:23Z,2026-08-28T03:53:23+0200,565fb0ed-db72-48c6-a54e-0fdff3a4721b,2026-08-24T04:30:00Z,2026-08-24T06:30:00+0200,156.79,EUR/MWh,ES,ES,imbalance_price,Short,2026-08-28T02:01:39Z
2026-08-28T01:53:23Z,2026-08-28T03:53:23+0200,565fb0ed-db72-48c6-a54e-0fdff3a4721b,2026-08-24T04:45:00Z,2026-08-24T06:45:00+0200,34.74,EUR/MWh,ES,ES,imbalance_price,Long,2026-08-28T02:01:39Z
2026-08-28T01:53:23Z,2026-08-28T03:53:23+0200,565fb0ed-db72-48c6-a54e-0fdff3a4721b,2026-08-24T04:45:00Z,2026-08-24T06:45:00+0200,158.22,EUR/MWh,ES,ES,imbalance_price,Short,2026-08-28T02:01:39Z
2026-08-28T01:53:23Z,2026-08-28T03:53:23+0200,565fb0ed-db72-48c6-a54e-0fdff3a4721b,2026-08-24T05:00:00Z,2026-08-24T07:00:00+0200,80.36,EUR/MWh,ES,ES,imbalance_price,Long,2026-08-28T02:01:39Z
2026-08-28T01:53:23Z,2026-08-28T03:53:23+0200,565fb0ed-db72-48c6-a54e-0fdff3a4721b,2026-08-24T05:00:00Z,2026-08-24T07:00:00+0200,153.31,EUR/MWh,ES,ES,imbalance_price,Short,2026-08-28T02:01:39Z
2026-08-28T01:53:23Z,2026-08-28T03:53:23+0200,565fb0ed-db72-48c6-a54e-0fdff3a4721b,2026-08-24T05:15:00Z,2026-08-24T07:15:00+0200,29.64,EUR/MWh,ES,ES,imbalance_price,Long,2026-08-28T02:01:39Z
2026-08-28T01:53:23Z,2026-08-28T03:53:23+0200,565fb0ed-db72-48c6-a54e-0fdff3a4721b,2026-08-24T05:15:00Z,2026-08-24T07:15:00+0200,146.71,EUR/MWh,ES,ES,imbalance_price,Short,2026-08-28T02:01:39Z
2026-08-28T01:53:23Z,2026-08-28T03:53:23+0200,565fb0ed-db72-48c6-a54e-0fdff3a4721b,2026-08-24T05:30:00Z,2026-08-24T07:30:00+0200,112.82,EUR/MWh,ES,ES,imbalance_price,Long,2026-08-28T02:01:39Z
2026-08-28T01:53:23Z,2026-08-28T03:53:23+0200,565fb0ed-db72-48c6-a54e-0fdff3a4721b,2026-08-24T05:30:00Z,2026-08-24T07:30:00+0200,148.09,EUR/MWh,ES,ES,imbalance_price,Short,2026-08-28T02:01:39Z
2026-08-28T01:53:23Z,2026-08-28T03:53:23+0200,565fb0ed-db72-48c6-a54e-0fdff3a4721b,2026-08-24T05:45:00Z,2026-08-24T07:45:00+0200,95.47,EUR/MWh,ES,ES,imbalance_price,Long,2026-08-28T02:01:39Z
2026-08-28T01:53:23Z,2026-08-28T03:53:23+0200,565fb0ed-db72-48c6-a54e-0fdff3a4721b,2026-08-24T05:45:00Z,2026-08-24T07:45:00+0200,145.39,EUR/MWh,ES,ES,imbalance_price,Short,2026-08-28T02:01:39Z
2026-08-28T01:53:23Z,2026-08-28T03:53:23+0200,565fb0ed-db72-48c6-a54e-0fdff3a4721b,2026-08-24T06:00:00Z,2026-08-24T08:00:00+0200,120.79,EUR/MWh,ES,ES,imbalance_price,Long,2026-08-28T02:01:39Z
2026-08-28T01:53:23Z,2026-08-28T03:53:23+0200,565fb0ed-db72-48c6-a54e-0fdff3a4721b,2026-08-24T06:00:00Z,2026-08-24T08:00:00+0200,146.87,EUR/MWh,ES,ES,imbalance_price,Short,2026-08-28T02:01:39Z
2026-08-28T01:53:23Z,2026-08-28T03:53:23+0200,565fb0ed-db72-48c6-a54e-0fdff3a4721b,2026-08-24T06:15:00Z,2026-08-24T08:15:00+0200,82.38,EUR/MWh,ES,ES,imbalance_price,Long,2026-08-28T02:01:39Z
2026-08-28T01:53:23Z,2026-08-28T03:53:23+0200,565fb0ed-db72-48c6-a54e-0fdff3a4721b,2026-08-24T06:15:00Z,2026-08-24T08:15:00+0200,127.49,EUR/MWh,ES,ES,imbalance_price,Short,2026-08-28T02:01:39Z
2026-08-28T01:53:23Z,2026-08-28T03:53:23+0200,565fb0ed-db72-48c6-a54e-0fdff3a4721b,2026-08-24T06:30:00Z,2026-08-24T08:30:00+0200,92.09,EUR/MWh,ES,ES,imbalance_price,Long,2026-08-28T02:01:39Z
2026-08-28T01:53:23Z,2026-08-28T03:53:23+0200,565fb0ed-db72-48c6-a54e-0fdff3a4721b,2026-08-24T06:30:00Z,2026-08-24T08:30:00+0200,150.3,EUR/MWh,ES,ES,imbalance_price,Short,2026-08-28T02:01:39Z
2026-08-28T01:53:23Z,2026-08-28T03:53:23+0200,565fb0ed-db72-48c6-a54e-0fdff3a4721b,2026-08-24T06:45:00Z,2026-08-24T08:45:00+0200,85.28,EUR/MWh,ES,ES,imbalance_price,Long,2026-08-28T02:01:39Z
2026-08-28T01:53:23Z,2026-08-28T03:53:23+0200,565fb0ed-db72-48c6-a54e-0fdff3a4721b,2026-08-24T06:45:00Z,2026-08-24T08:45:00+0200,147.11,EUR/MWh,ES,ES,imbalance_price,Short,2026-08-28T02:01:39Z
2026-08-28T01:53:23Z,2026-08-28T03:53:23+0200,565fb0ed-db72-48c6-a54e-0fdff3a4721b,2026-08-24T07:00:00Z,2026-08-24T09:00:00+0200,151.79,EUR/MWh,ES,ES,imbalance_price,Long,2026-08-28T02:01:39Z
2026-08-28T01:53:23Z,2026-08-28T03:53:23+0200,565fb0ed-db72-48c6-a54e-0fdff3a4721b,2026-08-24T07:00:00Z,2026-08-24T09:00:00+0200,151.79,EUR/MWh,ES,ES,imbalance_price,Short,2026-08-28T02:01:39Z
2026-08-28T01:53:23Z,2026-08-28T03:53:23+0200,565fb0ed-db72-48c6-a54e-0fdff3a4721b,2026-08-24T07:15:00Z,2026-08-24T09:15:00+0200,168.14,EUR/MWh,ES,ES,imbalance_price,Long,2026-08-28T02:01:39Z
2026-08-28T01:53:23Z,2026-08-28T03:53:23+0200,565fb0ed-db72-48c6-a54e-0fdff3a4721b,2026-08-24T07:15:00Z,2026-08-24T09:15:00+0200,168.14,EUR/MWh,ES,ES,imbalance_price,Short,2026-08-28T02:01:39Z
2026-08-28T01:53:23Z,2026-08-28T03:53:23+0200,565fb0ed-db72-48c6-a54e-0fdff3a4721b,2026-08-24T07:30:00Z,2026-08-24T09:30:00+0200,-3.19,EUR/MWh,ES,ES,imbalance_price,Long,2026-08-28T02:01:39Z
2026-08-28T01:53:23Z,2026-08-28T03:53:23+0200,565fb0ed-db72-48c6-a54e-0fdff3a4721b,2026-08-24T07:30:00Z,2026-08-24T09:30:00+0200,152.12,EUR/MWh,ES,ES,imbalance_price,Short,2026-08-28T02:01:39Z
2026-08-28T01:53:23Z,2026-08-28T03:53:23+0200,565fb0ed-db72-48c6-a54e-0fdff3a4721b,2026-08-24T07:45:00Z,2026-08-24T09:45:00+0200,-1.4,EUR/MWh,ES,ES,imbalance_price,Long,2026-08-28T02:01:39Z
2026-08-28T01:53:23Z,2026-08-28T03:53:23+0200,565fb0ed-db72-48c6-a54e-0fdff3a4721b,2026-08-24T07:45:00Z,2026-08-24T09:45:00+0200,152.96,EUR/MWh,ES,ES,imbalance_price,Short,2026-08-28T02:01:39Z
2026-08-28T01:53:23Z,2026-08-28T03:53:23+0200,565fb0ed-db72-48c6-a54e-0fdff3a4721b,2026-08-24T08:00:00Z,2026-08-24T10:00:00+0200,-3.16,EUR/MWh,ES,ES,imbalance_price,Long,2026-08-28T02:01:39Z
2026-08-28T01:53:23Z,2026-08-28T03:53:23+0200,565fb0ed-db72-48c6-a54e-0fdff3a4721b,2026-08-24T08:00:00Z,2026-08-24T10:00:00+0200,121.53,EUR/MWh,ES,ES,imbalance_price,Short,2026-08-28T02:01:39Z
2026-08-28T01:53:23Z,2026-08-28T03:53:23+0200,565fb0ed-db72-48c6-a54e-0fdff3a4721b,2026-08-24T08:15:00Z,2026-08-24T10:15:00+0200,-0.42,EUR/MWh,ES,ES,imbalance_price,Long,2026-08-28T02:01:39Z
2026-08-28T01:53:23Z,2026-08-28T03:53:23+0200,565fb0ed-db72-48c6-a54e-0fdff3a4721b,2026-08-24T08:15:00Z,2026-08-24T10:15:00+0200,105.68,EUR/MWh,ES,ES,imbalance_price,Short,2026-08-28T02:01:39Z
2026-08-28T01:53:23Z,2026-08-28T03:53:23+0200,565fb0ed-db72-48c6-a54e-0fdff3a4721b,2026-08-24T08:30:00Z,2026-08-24T10:30:00+0200,0.44,EUR/MWh,ES,ES,imbalance_price,Long,2026-08-28T02:01:39Z
2026-08-28T01:53:23Z,2026-08-28T03:53:23+0200,565fb0ed-db72-48c6-a54e-0fdff3a4721b,2026-08-24T08:30:00Z,2026-08-24T10:30:00+0200,60.94,EUR/MWh,ES,ES,imbalance_price,Short,2026-08-28T02:01:39Z
2026-08-28T01:53:23Z,2026-08-28T03:53:23+0200,565fb0ed-db72-48c6-a54e-0fdff3a4721b,2026-08-24T08:45:00Z,2026-08-24T10:45:00+0200,-0.12,EUR/MWh,ES,ES,imbalance_price,Long,2026-08-28T02:01:39Z
2026-08-28T01:53:23Z,2026-08-28T03:53:23+0200,565fb0ed-db72-48c6-a54e-0fdff3a4721b,2026-08-24T08:45:00Z,2026-08-24T10:45:00+0200,24.57,EUR/MWh,ES,ES,imbalance_price,Short,2026-08-28T02:01:39Z
2026-08-28T01:53:23Z,2026-08-28T03:53:23+0200,565fb0ed-db72-48c6-a54e-0fdff3a4721b,2026-08-24T09:00:00Z,2026-08-24T11:00:00+0200,0.0,EUR/MWh,ES,ES,imbalance_price,Long,2026-08-28T02:01:39Z
2026-08-28T01:53:23Z,2026-08-28T03:53:23+0200,565fb0ed-db72-48c6-a54e-0fdff3a4721b,2026-08-24T09:00:00Z,2026-08-24T11:00:00+0200,70.09,EUR/MWh,ES,ES,imbalance_price,Short,2026-08-28T02:01:39Z
2026-08-28T01:53:23Z,2026-08-28T03:53:23+0200,565fb0ed-db72-48c6-a54e-0fdff3a4721b,2026-08-24T09:15:00Z,2026-08-24T11:15:00+0200,0.0,EUR/MWh,ES,ES,imbalance_price,Long,2026-08-28T02:01:39Z
2026-08-28T01:53:23Z,2026-08-28T03:53:23+0200,565fb0ed-db72-48c6-a54e-0fdff3a4721b,2026-08-24T09:15:00Z,2026-08-24T11:15:00+0200,29.1,EUR/MWh,ES,ES,imbalance_price,Short,2026-08-28T02:01:39Z
2026-08-28T01:53:23Z,2026-08-28T03:53:23+0200,565fb0ed-db72-48c6-a54e-0fdff3a4721b,2026-08-24T09:30:00Z,2026-08-24T11:30:00+0200,0.01,EUR/MWh,ES,ES,imbalance_price,Long,2026-08-28T02:01:39Z
2026-08-28T01:53:23Z,2026-08-28T03:53:23+0200,565fb0ed-db72-48c6-a54e-0fdff3a4721b,2026-08-24T09:30:00Z,2026-08-24T11:30:00+0200,4.18,EUR/MWh,ES,ES,imbalance_price,Short,2026-08-28T02:01:39Z
2026-08-28T01:53:23Z,2026-08-28T03:53:23+0200,565fb0ed-db72-48c6-a54e-0fdff3a4721b,2026-08-24T09:45:00Z,2026-08-24T11:45:00+0200,0.0,EUR/MWh,ES,ES,imbalance_price,Long,2026-08-28T02:01:39Z
2026-08-28T01:53:23Z,2026-08-28T03:53:23+0200,565fb0ed-db72-48c6-a54e-0fdff3a4721b,2026-08-24T09:45:00Z,2026-08-24T11:45:00+0200,11.13,EUR/MWh,ES,ES,imbalance_price,Short,2026-08-28T02:01:39Z
2026-08-28T01:53:23Z,2026-08-28T03:53:23+0200,565fb0ed-db72-48c6-a54e-0fdff3a4721b,2026-08-24T10:00:00Z,2026-08-24T12:00:00+0200,0.06,EUR/MWh,ES,ES,imbalance_price,Long,2026-08-28T02:01:39Z
2026-08-28T01:53:23Z,2026-08-28T03:53:23+0200,565fb0ed-db72-48c6-a54e-0fdff3a4721b,2026-08-24T10:00:00Z,2026-08-24T12:00:00+0200,17.31,EUR/MWh,ES,ES,imbalance_price,Short,2026-08-28T02:01:39Z
2026-08-28T01:53:23Z,2026-08-28T03:53:23+0200,565fb0ed-db72-48c6-a54e-0fdff3a4721b,2026-08-24T10:15:00Z,2026-08-24T12:15:00+0200,26.79,EUR/MWh,ES,ES,imbalance_price,Long,2026-08-28T02:01:39Z
2026-08-28T01:53:23Z,2026-08-28T03:53:23+0200,565fb0ed-db72-48c6-a54e-0fdff3a4721b,2026-08-24T10:15:00Z,2026-08-24T12:15:00+0200,26.79,EUR/MWh,ES,ES,imbalance_price,Short,2026-08-28T02:01:39Z
2026-08-28T01:53:23Z,2026-08-28T03:53:23+0200,565fb0ed-db72-48c6-a54e-0fdff3a4721b,2026-08-24T10:30:00Z,2026-08-24T12:30:00+0200,7.89,EUR/MWh,ES,ES,imbalance_price,Long,2026-08-28T02:01:39Z
2026-08-28T01:53:23Z,2026-08-28T03:53:23+0200,565fb0ed-db72-48c6-a54e-0fdff3a4721b,2026-08-24T10:30:00Z,2026-08-24T12:30:00+0200,7.89,EUR/MWh,ES,ES,imbalance_price,Short,2026-08-28T02:01:39Z
2026-08-28T01:53:23Z,2026-08-28T03:53:23+0200,565fb0ed-db72-48c6-a54e-0fdff3a4721b,2026-08-24T10:45:00Z,2026-08-24T12:45:00+0200,89.52,EUR/MWh,ES,ES,imbalance_price,Long,2026-08-28T02:01:39Z
2026-08-28T01:53:23Z,2026-08-28T03:53:23+0200,565fb0ed-db72-48c6-a54e-0fdff3a4721b,2026-08-24T10:45:00Z,2026-08-24T12:45:00+0200,89.52,EUR/MWh,ES,ES,imbalance_price,Short,2026-08-28T02:01:39Z
2026-08-28T01:53:23Z,2026-08-28T03:53:23+0200,565fb0ed-db72-48c6-a54e-0fdff3a4721b,2026-08-24T11:00:00Z,2026-08-24T13:00:00+0200,80.61,EUR/MWh,ES,ES,imbalance_price,Long,2026-08-28T02:01:39Z
2026-08-28T01:53:23Z,2026-08-28T03:53:23+0200,565fb0ed-db72-48c6-a54e-0fdff3a4721b,2026-08-24T11:00:00Z,2026-08-24T13:00:00+0200,80.61,EUR/MWh,ES,ES,imbalance_price,Short,2026-08-28T02:01:39Z
2026-08-28T01:53:23Z,2026-08-28T03:53:23+0200,565fb0ed-db72-48c6-a54e-0fdff3a4721b,2026-08-24T11:15:00Z,2026-08-24T13:15:00+0200,-3.25,EUR/MWh,ES,ES,imbalance_price,Long,2026-08-28T02:01:39Z
2026-08-28T01:53:23Z,2026-08-28T03:53:23+0200,565fb0ed-db72-48c6-a54e-0fdff3a4721b,2026-08-24T11:15:00Z,2026-08-24T13:15:00+0200,5.86,EUR/MWh,ES,ES,imbalance_price,Short,2026-08-28T02:01:39Z
2026-08-28T01:53:23Z,2026-08-28T03:53:23+0200,565fb0ed-db72-48c6-a54e-0fdff3a4721b,2026-08-24T11:30:00Z,2026-08-24T13:30:00+0200,-3.79,EUR/MWh,ES,ES,imbalance_price,Long,2026-08-28T02:01:39Z
2026-08-28T01:53:23Z,2026-08-28T03:53:23+0200,565fb0ed-db72-48c6-a54e-0fdff3a4721b,2026-08-24T11:30:00Z,2026-08-24T13:30:00+0200,5.87,EUR/MWh,ES,ES,imbalance_price,Short,2026-08-28T02:01:39Z
2026-08-28T01:53:23Z,2026-08-28T03:53:23+0200,565fb0ed-db72-48c6-a54e-0fdff3a4721b,2026-08-24T11:45:00Z,2026-08-24T13:45:00+0200,-1.78,EUR/MWh,ES,ES,imbalance_price,Long,2026-08-28T02:01:39Z
2026-08-28T01:53:23Z,2026-08-28T03:53:23+0200,565fb0ed-db72-48c6-a54e-0fdff3a4721b,2026-08-24T11:45:00Z,2026-08-24T13:45:00+0200,5.73,EUR/MWh,ES,ES,imbalance_price,Short,2026-08-28T02:01:39Z
2026-08-28T01:53:23Z,2026-08-28T03:53:23+0200,565fb0ed-db72-48c6-a54e-0fdff3a4721b,2026-08-24T12:00:00Z,2026-08-24T14:00:00+0200,-1.77,EUR/MWh,ES,ES,imbalance_price,Long,2026-08-28T02:01:39Z
2026-08-28T01:53:23Z,2026-08-28T03:53:23+0200,565fb0ed-db72-48c6-a54e-0fdff3a4721b,2026-08-24T12:00:00Z,2026-08-24T14:00:00+0200,1.09,EUR/MWh,ES,ES,imbalance_price,Short,2026-08-28T02:01:39Z
2026-08-28T01:53:23Z,2026-08-28T03:53:23+0200,565fb0ed-db72-48c6-a54e-0fdff3a4721b,2026-08-24T12:15:00Z,2026-08-24T14:15:00+0200,-3.13,EUR/MWh,ES,ES,imbalance_price,Long,2026-08-28T02:01:39Z
2026-08-28T01:53:23Z,2026-08-28T03:53:23+0200,565fb0ed-db72-48c6-a54e-0fdff3a4721b,2026-08-24T12:15:00Z,2026-08-24T14:15:00+0200,0.0,EUR/MWh,ES,ES,imbalance_price,Short,2026-08-28T02:01:39Z
2026-08-28T01:53:23Z,2026-08-28T03:53:23+0200,565fb0ed-db72-48c6-a54e-0fdff3a4721b,2026-08-24T12:30:00Z,2026-08-24T14:30:00+0200,-0.86,EUR/MWh,ES,ES,imbalance_price,Long,2026-08-28T02:01:39Z
2026-08-28T01:53:23Z,2026-08-28T03:53:23+0200,565fb0ed-db72-48c6-a54e-0fdff3a4721b,2026-08-24T12:30:00Z,2026-08-24T14:30:00+0200,0.88,EUR/MWh,ES,ES,imbalance_price,Short,2026-08-28T02:01:39Z
2026-08-28T01:53:23Z,2026-08-28T03:53:23+0200,565fb0ed-db72-48c6-a54e-0fdff3a4721b,2026-08-24T12:45:00Z,2026-08-24T14:45:00+0200,-0.37,EUR/MWh,ES,ES,imbalance_price,Long,2026-08-28T02:01:39Z
2026-08-28T01:53:23Z,2026-08-28T03:53:23+0200,565fb0ed-db72-48c6-a54e-0fdff3a4721b,2026-08-24T12:45:00Z,2026-08-24T14:45:00+0200,0.7,EUR/MWh,ES,ES,imbalance_price,Short,2026-08-28T02:01:39Z
2026-08-28T01:53:23Z,2026-08-28T03:53:23+0200,565fb0ed-db72-48c6-a54e-0fdff3a4721b,2026-08-24T13:00:00Z,2026-08-24T15:00:00+0200,-1.62,EUR/MWh,ES,ES,imbalance_price,Long,2026-08-28T02:01:39Z
2026-08-28T01:53:23Z,2026-08-28T03:53:23+0200,565fb0ed-db72-48c6-a54e-0fdff3a4721b,2026-08-24T13:00:00Z,2026-08-24T15:00:00+0200,-1.62,EUR/MWh,ES,ES,imbalance_price,Short,2026-08-28T02:01:39Z
2026-08-28T01:53:23Z,2026-08-28T03:53:23+0200,565fb0ed-db72-48c6-a54e-0fdff3a4721b,2026-08-24T13:15:00Z,2026-08-24T15:15:00+0200,-0.47,EUR/MWh,ES,ES,imbalance_price,Long,2026-08-28T02:01:39Z
2026-08-28T01:53:23Z,2026-08-28T03:53:23+0200,565fb0ed-db72-48c6-a54e-0fdff3a4721b,2026-08-24T13:15:00Z,2026-08-24T15:15:00+0200,10.27,EUR/MWh,ES,ES,imbalance_price,Short,2026-08-28T02:01:39Z
2026-08-28T01:53:23Z,2026-08-28T03:53:23+0200,565fb0ed-db72-48c6-a54e-0fdff3a4721b,2026-08-24T13:30:00Z,2026-08-24T15:30:00+0200,-0.04,EUR/MWh,ES,ES,imbalance_price,Long,2026-08-28T02:01:39Z
2026-08-28T01:53:23Z,2026-08-28T03:53:23+0200,565fb0ed-db72-48c6-a54e-0fdff3a4721b,2026-08-24T13:30:00Z,2026-08-24T15:30:00+0200,6.36,EUR/MWh,ES,ES,imbalance_price,Short,2026-08-28T02:01:39Z
2026-08-28T01:53:23Z,2026-08-28T03:53:23+0200,565fb0ed-db72-48c6-a54e-0fdff3a4721b,2026-08-24T13:45:00Z,2026-08-24T15:45:00+0200,-0.68,EUR/MWh,ES,ES,imbalance_price,Long,2026-08-28T02:01:39Z
2026-08-28T01:53:23Z,2026-08-28T03:53:23+0200,565fb0ed-db72-48c6-a54e-0fdff3a4721b,2026-08-24T13:45:00Z,2026-08-24T15:45:00+0200,0.14,EUR/MWh,ES,ES,imbalance_price,Short,2026-08-28T02:01:39Z
2026-08-28T01:53:23Z,2026-08-28T03:53:23+0200,565fb0ed-db72-48c6-a54e-0fdff3a4721b,2026-08-24T14:00:00Z,2026-08-24T16:00:00+0200,-0.9,EUR/MWh,ES,ES,imbalance_price,Long,2026-08-28T02:01:39Z
2026-08-28T01:53:23Z,2026-08-28T03:53:23+0200,565fb0ed-db72-48c6-a54e-0fdff3a4721b,2026-08-24T14:00:00Z,2026-08-24T16:00:00+0200,-0.9,EUR/MWh,ES,ES,imbalance_price,Short,2026-08-28T02:01:39Z
2026-08-28T01:53:23Z,2026-08-28T03:53:23+0200,565fb0ed-db72-48c6-a54e-0fdff3a4721b,2026-08-24T14:15:00Z,2026-08-24T16:15:00+0200,-0.78,EUR/MWh,ES,ES,imbalance_price,Long,2026-08-28T02:01:39Z
2026-08-28T01:53:23Z,2026-08-28T03:53:23+0200,565fb0ed-db72-48c6-a54e-0fdff3a4721b,2026-08-24T14:15:00Z,2026-08-24T16:15:00+0200,5.53,EUR/MWh,ES,ES,imbalance_price,Short,2026-08-28T02:01:39Z
2026-08-28T01:53:23Z,2026-08-28T03:53:23+0200,565fb0ed-db72-48c6-a54e-0fdff3a4721b,2026-08-24T14:30:00Z,2026-08-24T16:30:00+0200,-0.27,EUR/MWh,ES,ES,imbalance_price,Long,2026-08-28T02:01:39Z
2026-08-28T01:53:23Z,2026-08-28T03:53:23+0200,565fb0ed-db72-48c6-a54e-0fdff3a4721b,2026-08-24T14:30:00Z,2026-08-24T16:30:00+0200,0.0,EUR/MWh,ES,ES,imbalance_price,Short,2026-08-28T02:01:39Z
2026-08-28T01:53:23Z,2026-08-28T03:53:23+0200,565fb0ed-db72-48c6-a54e-0fdff3a4721b,2026-08-24T14:45:00Z,2026-08-24T16:45:00+0200,-0.38,EUR/MWh,ES,ES,imbalance_price,Long,2026-08-28T02:01:39Z
2026-08-28T01:53:23Z,2026-08-28T03:53:23+0200,565fb0ed-db72-48c6-a54e-0fdff3a4721b,2026-08-24T14:45:00Z,2026-08-24T16:45:00+0200,16.58,EUR/MWh,ES,ES,imbalance_price,Short,2026-08-28T02:01:39Z
2026-08-28T01:53:23Z,2026-08-28T03:53:23+0200,565fb0ed-db72-48c6-a54e-0fdff3a4721b,2026-08-24T15:00:00Z,2026-08-24T17:00:00+0200,-0.49,EUR/MWh,ES,ES,imbalance_price,Long,2026-08-28T02:01:39Z
2026-08-28T01:53:23Z,2026-08-28T03:53:23+0200,565fb0ed-db72-48c6-a54e-0fdff3a4721b,2026-08-24T15:00:00Z,2026-08-24T17:00:00+0200,180.37,EUR/MWh,ES,ES,imbalance_price,Short,2026-08-28T02:01:39Z
2026-08-28T01:53:23Z,2026-08-28T03:53:23+0200,565fb0ed-db72-48c6-a54e-0fdff3a4721b,2026-08-24T15:15:00Z,2026-08-24T17:15:00+0200,-1.38,EUR/MWh,ES,ES,imbalance_price,Long,2026-08-28T02:01:39Z
2026-08-28T01:53:23Z,2026-08-28T03:53:23+0200,565fb0ed-db72-48c6-a54e-0fdff3a4721b,2026-08-24T15:15:00Z,2026-08-24T17:15:00+0200,1.73,EUR/MWh,ES,ES,imbalance_price,Short,2026-08-28T02:01:39Z
2026-08-28T01:53:23Z,2026-08-28T03:53:23+0200,565fb0ed-db72-48c6-a54e-0fdff3a4721b,2026-08-24T15:30:00Z,2026-08-24T17:30:00+0200,-0.41,EUR/MWh,ES,ES,imbalance_price,Long,2026-08-28T02:01:39Z
2026-08-28T01:53:23Z,2026-08-28T03:53:23+0200,565fb0ed-db72-48c6-a54e-0fdff3a4721b,2026-08-24T15:30:00Z,2026-08-24T17:30:00+0200,9.77,EUR/MWh,ES,ES,imbalance_price,Short,2026-08-28T02:01:39Z
2026-08-28T01:53:23Z,2026-08-28T03:53:23+0200,565fb0ed-db72-48c6-a54e-0fdff3a4721b,2026-08-24T15:45:00Z,2026-08-24T17:45:00+0200,-0.22,EUR/MWh,ES,ES,imbalance_price,Long,2026-08-28T02:01:39Z
2026-08-28T01:53:23Z,2026-08-28T03:53:23+0200,565fb0ed-db72-48c6-a54e-0fdff3a4721b,2026-08-24T15:45:00Z,2026-08-24T17:45:00+0200,7.25,EUR/MWh,ES,ES,imbalance_price,Short,2026-08-28T02:01:39Z
2026-08-28T01:53:23Z,2026-08-28T03:53:23+0200,565fb0ed-db72-48c6-a54e-0fdff3a4721b,2026-08-24T16:00:00Z,2026-08-24T18:00:00+0200,-2.59,EUR/MWh,ES,ES,imbalance_price,Long,2026-08-28T02:01:39Z
2026-08-28T01:53:23Z,2026-08-28T03:53:23+0200,565fb0ed-db72-48c6-a54e-0fdff3a4721b,2026-08-24T16:00:00Z,2026-08-24T18:00:00+0200,-2.59,EUR/MWh,ES,ES,imbalance_price,Short,2026-08-28T02:01:39Z
2026-08-28T01:53:23Z,2026-08-28T03:53:23+0200,565fb0ed-db72-48c6-a54e-0fdff3a4721b,2026-08-24T16:15:00Z,2026-08-24T18:15:00+0200,-1.62,EUR/MWh,ES,ES,imbalance_price,Long,2026-08-28T02:01:39Z
2026-08-28T01:53:23Z,2026-08-28T03:53:23+0200,565fb0ed-db72-48c6-a54e-0fdff3a4721b,2026-08-24T16:15:00Z,2026-08-24T18:15:00+0200,-1.62,EUR/MWh,ES,ES,imbalance_price,Short,2026-08-28T02:01:39Z
2026-08-28T01:53:23Z,2026-08-28T03:53:23+0200,565fb0ed-db72-48c6-a54e-0fdff3a4721b,2026-08-24T16:30:00Z,2026-08-24T18:30:00+0200,0.17,EUR/MWh,ES,ES,imbalance_price,Long,2026-08-28T02:01:39Z
2026-08-28T01:53:23Z,2026-08-28T03:53:23+0200,565fb0ed-db72-48c6-a54e-0fdff3a4721b,2026-08-24T16:30:00Z,2026-08-24T18:30:00+0200,135.6,EUR/MWh,ES,ES,imbalance_price,Short,2026-08-28T02:01:39Z
2026-08-28T01:53:23Z,2026-08-28T03:53:23+0200,565fb0ed-db72-48c6-a54e-0fdff3a4721b,2026-08-24T16:45:00Z,2026-08-24T18:45:00+0200,1.78,EUR/MWh,ES,ES,imbalance_price,Long,2026-08-28T02:01:39Z
2026-08-28T01:53:23Z,2026-08-28T03:53:23+0200,565fb0ed-db72-48c6-a54e-0fdff3a4721b,2026-08-24T16:45:00Z,2026-08-24T18:45:00+0200,132.36,EUR/MWh,ES,ES,imbalance_price,Short,2026-08-28T02:01:39Z
2026-08-28T01:53:23Z,2026-08-28T03:53:23+0200,565fb0ed-db72-48c6-a54e-0fdff3a4721b,2026-08-24T17:00:00Z,2026-08-24T19:00:00+0200,-13.02,EUR/MWh,ES,ES,imbalance_price,Long,2026-08-28T02:01:39Z
2026-08-28T01:53:23Z,2026-08-28T03:53:23+0200,565fb0ed-db72-48c6-a54e-0fdff3a4721b,2026-08-24T17:00:00Z,2026-08-24T19:00:00+0200,73.73,EUR/MWh,ES,ES,imbalance_price,Short,2026-08-28T02:01:39Z
2026-08-28T01:53:23Z,2026-08-28T03:53:23+0200,565fb0ed-db72-48c6-a54e-0fdff3a4721b,2026-08-24T17:15:00Z,2026-08-24T19:15:00+0200,6.97,EUR/MWh,ES,ES,imbalance_price,Long,2026-08-28T02:01:39Z
2026-08-28T01:53:23Z,2026-08-28T03:53:23+0200,565fb0ed-db72-48c6-a54e-0fdff3a4721b,2026-08-24T17:15:00Z,2026-08-24T19:15:00+0200,139.12,EUR/MWh,ES,ES,imbalance_price,Short,2026-08-28T02:01:39Z
2026-08-28T01:53:23Z,2026-08-28T03:53:23+0200,565fb0ed-db72-48c6-a54e-0fdff3a4721b,2026-08-24T17:30:00Z,2026-08-24T19:30:00+0200,31.52,EUR/MWh,ES,ES,imbalance_price,Long,2026-08-28T02:01:39Z
2026-08-28T01:53:23Z,2026-08-28T03:53:23+0200,565fb0ed-db72-48c6-a54e-0fdff3a4721b,2026-08-24T17:30:00Z,2026-08-24T19:30:00+0200,31.52,EUR/MWh,ES,ES,imbalance_price,Short,2026-08-28T02:01:39Z
2026-08-28T01:53:23Z,2026-08-28T03:53:23+0200,565fb0ed-db72-48c6-a54e-0fdff3a4721b,2026-08-24T17:45:00Z,2026-08-24T19:45:00+0200,39.88,EUR/MWh,ES,ES,imbalance_price,Long,2026-08-28T02:01:39Z
2026-08-28T01:53:23Z,2026-08-28T03:53:23+0200,565fb0ed-db72-48c6-a54e-0fdff3a4721b,2026-08-24T17:45:00Z,2026-08-24T19:45:00+0200,39.88,EUR/MWh,ES,ES,imbalance_price,Short,2026-08-28T02:01:39Z
2026-08-28T01:53:23Z,2026-08-28T03:53:23+0200,565fb0ed-db72-48c6-a54e-0fdff3a4721b,2026-08-24T18:00:00Z,2026-08-24T20:00:00+0200,11.57,EUR/MWh,ES,ES,imbalance_price,Long,2026-08-28T02:01:39Z
2026-08-28T01:53:23Z,2026-08-28T03:53:23+0200,565fb0ed-db72-48c6-a54e-0fdff3a4721b,2026-08-24T18:00:00Z,2026-08-24T20:00:00+0200,11.57,EUR/MWh,ES,ES,imbalance_price,Short,2026-08-28T02:01:39Z
2026-08-28T01:53:23Z,2026-08-28T03:53:23+0200,565fb0ed-db72-48c6-a54e-0fdff3a4721b,2026-08-24T18:15:00Z,2026-08-24T20:15:00+0200,5.59,EUR/MWh,ES,ES,imbalance_price,Long,2026-08-28T02:01:39Z
2026-08-28T01:53:23Z,2026-08-28T03:53:23+0200,565fb0ed-db72-48c6-a54e-0fdff3a4721b,2026-08-24T18:15:00Z,2026-08-24T20:15:00+0200,159.87,EUR/MWh,ES,ES,imbalance_price,Short,2026-08-28T02:01:39Z
2026-08-28T01:53:23Z,2026-08-28T03:53:23+0200,565fb0ed-db72-48c6-a54e-0fdff3a4721b,2026-08-24T18:30:00Z,2026-08-24T20:30:00+0200,23.6,EUR/MWh,ES,ES,imbalance_price,Long,2026-08-28T02:01:39Z
2026-08-28T01:53:23Z,2026-08-28T03:53:23+0200,565fb0ed-db72-48c6-a54e-0fdff3a4721b,2026-08-24T18:30:00Z,2026-08-24T20:30:00+0200,190.36,EUR/MWh,ES,ES,imbalance_price,Short,2026-08-28T02:01:39Z
2026-08-28T01:53:23Z,2026-08-28T03:53:23+0200,565fb0ed-db72-48c6-a54e-0fdff3a4721b,2026-08-24T18:45:00Z,2026-08-24T20:45:00+0200,20.01,EUR/MWh,ES,ES,imbalance_price,Long,2026-08-28T02:01:39Z
2026-08-28T01:53:23Z,2026-08-28T03:53:23+0200,565fb0ed-db72-48c6-a54e-0fdff3a4721b,2026-08-24T18:45:00Z,2026-08-24T20:45:00+0200,204.06,EUR/MWh,ES,ES,imbalance_price,Short,2026-08-28T02:01:39Z
2026-08-28T01:53:23Z,2026-08-28T03:53:23+0200,565fb0ed-db72-48c6-a54e-0fdff3a4721b,2026-08-24T19:00:00Z,2026-08-24T21:00:00+0200,65.58,EUR/MWh,ES,ES,imbalance_price,Long,2026-08-28T02:01:39Z
2026-08-28T01:53:23Z,2026-08-28T03:53:23+0200,565fb0ed-db72-48c6-a54e-0fdff3a4721b,2026-08-24T19:00:00Z,2026-08-24T21:00:00+0200,193.52,EUR/MWh,ES,ES,imbalance_price,Short,2026-08-28T02:01:39Z
2026-08-28T01:53:23Z,2026-08-28T03:53:23+0200,565fb0ed-db72-48c6-a54e-0fdff3a4721b,2026-08-24T19:15:00Z,2026-08-24T21:15:00+0200,80.42,EUR/MWh,ES,ES,imbalance_price,Long,2026-08-28T02:01:39Z
2026-08-28T01:53:23Z,2026-08-28T03:53:23+0200,565fb0ed-db72-48c6-a54e-0fdff3a4721b,2026-08-24T19:15:00Z,2026-08-24T21:15:00+0200,200.98,EUR/MWh,ES,ES,imbalance_price,Short,2026-08-28T02:01:39Z
2026-08-28T01:53:23Z,2026-08-28T03:53:23+0200,565fb0ed-db72-48c6-a54e-0fdff3a4721b,2026-08-24T19:30:00Z,2026-08-24T21:30:00+0200,134.81,EUR/MWh,ES,ES,imbalance_price,Long,2026-08-28T02:01:39Z
2026-08-28T01:53:23Z,2026-08-28T03:53:23+0200,565fb0ed-db72-48c6-a54e-0fdff3a4721b,2026-08-24T19:30:00Z,2026-08-24T21:30:00+0200,183.86,EUR/MWh,ES,ES,imbalance_price,Short,2026-08-28T02:01:39Z
2026-08-28T01:53:23Z,2026-08-28T03:53:23+0200,565fb0ed-db72-48c6-a54e-0fdff3a4721b,2026-08-24T19:45:00Z,2026-08-24T21:45:00+0200,115.55,EUR/MWh,ES,ES,imbalance_price,Long,2026-08-28T02:01:39Z
2026-08-28T01:53:23Z,2026-08-28T03:53:23+0200,565fb0ed-db72-48c6-a54e-0fdff3a4721b,2026-08-24T19:45:00Z,2026-08-24T21:45:00+0200,115.55,EUR/MWh,ES,ES,imbalance_price,Short,2026-08-28T02:01:39Z
2026-08-28T01:53:23Z,2026-08-28T03:53:23+0200,565fb0ed-db72-48c6-a54e-0fdff3a4721b,2026-08-24T20:00:00Z,2026-08-24T22:00:00+0200,116.81,EUR/MWh,ES,ES,imbalance_price,Long,2026-08-28T02:01:39Z
2026-08-28T01:53:23Z,2026-08-28T03:53:23+0200,565fb0ed-db72-48c6-a54e-0fdff3a4721b,2026-08-24T20:00:00Z,2026-08-24T22:00:00+0200,151.81,EUR/MWh,ES,ES,imbalance_price,Short,2026-08-28T02:01:39Z
2026-08-28T01:53:23Z,2026-08-28T03:53:23+0200,565fb0ed-db72-48c6-a54e-0fdff3a4721b,2026-08-24T20:15:00Z,2026-08-24T22:15:00+0200,125.37,EUR/MWh,ES,ES,imbalance_price,Long,2026-08-28T02:01:39Z
2026-08-28T01:53:23Z,2026-08-28T03:53:23+0200,565fb0ed-db72-48c6-a54e-0fdff3a4721b,2026-08-24T20:15:00Z,2026-08-24T22:15:00+0200,164.24,EUR/MWh,ES,ES,imbalance_price,Short,2026-08-28T02:01:39Z
2026-08-28T01:53:23Z,2026-08-28T03:53:23+0200,565fb0ed-db72-48c6-a54e-0fdff3a4721b,2026-08-24T20:30:00Z,2026-08-24T22:30:00+0200,117.44,EUR/MWh,ES,ES,imbalance_price,Long,2026-08-28T02:01:39Z
2026-08-28T01:53:23Z,2026-08-28T03:53:23+0200,565fb0ed-db72-48c6-a54e-0fdff3a4721b,2026-08-24T20:30:00Z,2026-08-24T22:30:00+0200,117.44,EUR/MWh,ES,ES,imbalance_price,Short,2026-08-28T02:01:39Z
2026-08-28T01:53:23Z,2026-08-28T03:53:23+0200,565fb0ed-db72-48c6-a54e-0fdff3a4721b,2026-08-24T20:45:00Z,2026-08-24T22:45:00+0200,107.0,EUR/MWh,ES,ES,imbalance_price,Long,2026-08-28T02:01:39Z
2026-08-28T01:53:23Z,2026-08-28T03:53:23+0200,565fb0ed-db72-48c6-a54e-0fdff3a4721b,2026-08-24T20:45:00Z,2026-08-24T22:45:00+0200,107.0,EUR/MWh,ES,ES,imbalance_price,Short,2026-08-28T02:01:39Z
2026-08-28T01:53:23Z,2026-08-28T03:53:23+0200,565fb0ed-db72-48c6-a54e-0fdff3a4721b,2026-08-24T21:00:00Z,2026-08-24T23:00:00+0200,122.17,EUR/MWh,ES,ES,imbalance_price,Long,2026-08-28T02:01:39Z
2026-08-28T01:53:23Z,2026-08-28T03:53:23+0200,565fb0ed-db72-48c6-a54e-0fdff3a4721b,2026-08-24T21:00:00Z,2026-08-24T23:00:00+0200,161.32,EUR/MWh,ES,ES,imbalance_price,Short,2026-08-28T02:01:39Z
2026-08-28T01:53:23Z,2026-08-28T03:53:23+0200,565fb0ed-db72-48c6-a54e-0fdff3a4721b,2026-08-24T21:15:00Z,2026-08-24T23:15:00+0200,121.9,EUR/MWh,ES,ES,imbalance_price,Long,2026-08-28T02:01:39Z
2026-08-28T01:53:23Z,2026-08-28T03:53:23+0200,565fb0ed-db72-48c6-a54e-0fdff3a4721b,2026-08-24T21:15:00Z,2026-08-24T23:15:00+0200,167.0,EUR/MWh,ES,ES,imbalance_price,Short,2026-08-28T02:01:39Z
2026-08-28T01:53:23Z,2026-08-28T03:53:23+0200,565fb0ed-db72-48c6-a54e-0fdff3a4721b,2026-08-24T21:30:00Z,2026-08-24T23:30:00+0200,116.03,EUR/MWh,ES,ES,imbalance_price,Long,2026-08-28T02:01:39Z
2026-08-28T01:53:23Z,2026-08-28T03:53:23+0200,565fb0ed-db72-48c6-a54e-0fdff3a4721b,2026-08-24T21:30:00Z,2026-08-24T23:30:00+0200,116.03,EUR/MWh,ES,ES,imbalance_price,Short,2026-08-28T02:01:39Z
2026-08-28T01:53:23Z,2026-08-28T03:53:23+0200,565fb0ed-db72-48c6-a54e-0fdff3a4721b,2026-08-24T21:45:00Z,2026-08-24T23:45:00+0200,83.05,EUR/MWh,ES,ES,imbalance_price,Long,2026-08-28T02:01:39Z
2026-08-28T01:53:23Z,2026-08-28T03:53:23+0200,565fb0ed-db72-48c6-a54e-0fdff3a4721b,2026-08-24T21:45:00Z,2026-08-24T23:45:00+0200,83.05,EUR/MWh,ES,ES,imbalance_price,Short,2026-08-28T02:01:39Z
2026-08-28T01:53:23Z,2026-08-28T03:53:23+0200,565fb0ed-db72-48c6-a54e-0fdff3a4721b,2026-08-24T22:00:00Z,2026-08-25T00:00:00+0200,82.24,EUR/MWh,ES,ES,imbalance_price,Long,2026-08-28T02:01:39Z
2026-08-28T01:53:23Z,2026-08-28T03:53:23+0200,565fb0ed-db72-48c6-a54e-0fdff3a4721b,2026-08-24T22:00:00Z,2026-08-25T00:00:00+0200,82.24,EUR/MWh,ES,ES,imbalance_price,Short,2026-08-28T02:01:39Z
2026-08-28T01:53:23Z,2026-08-28T03:53:23+0200,565fb0ed-db72-48c6-a54e-0fdff3a4721b,2026-08-24T22:15:00Z,2026-08-25T00:15:00+0200,86.86,EUR/MWh,ES,ES,imbalance_price,Long,2026-08-28T02:01:39Z
2026-08-28T01:53:23Z,2026-08-28T03:53:23+0200,565fb0ed-db72-48c6-a54e-0fdff3a4721b,2026-08-24T22:15:00Z,2026-08-25T00:15:00+0200,86.86,EUR/MWh,ES,ES,imbalance_price,Short,2026-08-28T02:01:39Z
2026-08-28T01:53:23Z,2026-08-28T03:53:23+0200,565fb0ed-db72-48c6-a54e-0fdff3a4721b,2026-08-24T22:30:00Z,2026-08-25T00:30:00+0200,88.71,EUR/MWh,ES,ES,imbalance_price,Long,2026-08-28T02:01:39Z
2026-08-28T01:53:23Z,2026-08-28T03:53:23+0200,565fb0ed-db72-48c6-a54e-0fdff3a4721b,2026-08-24T22:30:00Z,2026-08-25T00:30:00+0200,88.71,EUR/MWh,ES,ES,imbalance_price,Short,2026-08-28T02:01:39Z
2026-08-28T01:53:23Z,2026-08-28T03:53:23+0200,565fb0ed-db72-48c6-a54e-0fdff3a4721b,2026-08-24T22:45:00Z,2026-08-25T00:45:00+0200,80.95,EUR/MWh,ES,ES,imbalance_price,Long,2026-08-28T02:01:39Z
2026-08-28T01:53:23Z,2026-08-28T03:53:23+0200,565fb0ed-db72-48c6-a54e-0fdff3a4721b,2026-08-24T22:45:00Z,2026-08-25T00:45:00+0200,80.95,EUR/MWh,ES,ES,imbalance_price,Short,2026-08-28T02:01:39Z
2026-08-28T01:53:23Z,2026-08-28T03:53:23+0200,565fb0ed-db72-48c6-a54e-0fdff3a4721b,2026-08-24T23:00:00Z,2026-08-25T01:00:00+0200,81.15,EUR/MWh,ES,ES,imbalance_price,Long,2026-08-28T02:01:39Z
2026-08-28T01:53:23Z,2026-08-28T03:53:23+0200,565fb0ed-db72-48c6-a54e-0fdff3a4721b,2026-08-24T23:00:00Z,2026-08-25T01:00:00+0200,81.15,EUR/MWh,ES,ES,imbalance_price,Short,2026-08-28T02:01:39Z
2026-08-28T01:53:23Z,2026-08-28T03:53:23+0200,565fb0ed-db72-48c6-a54e-0fdff3a4721b,2026-08-24T23:15:00Z,2026-08-25T01:15:00+0200,76.4,EUR/MWh,ES,ES,imbalance_price,Long,2026-08-28T02:01:39Z
2026-08-28T01:53:23Z,2026-08-28T03:53:23+0200,565fb0ed-db72-48c6-a54e-0fdff3a4721b,2026-08-24T23:15:00Z,2026-08-25T01:15:00+0200,76.4,EUR/MWh,ES,ES,imbalance_price,Short,2026-08-28T02:01:39Z
2026-08-28T01:53:23Z,2026-08-28T03:53:23+0200,565fb0ed-db72-48c6-a54e-0fdff3a4721b,2026-08-24T23:30:00Z,2026-08-25T01:30:00+0200,77.91,EUR/MWh,ES,ES,imbalance_price,Long,2026-08-28T02:01:39Z
2026-08-28T01:53:23Z,2026-08-28T03:53:23+0200,565fb0ed-db72-48c6-a54e-0fdff3a4721b,2026-08-24T23:30:00Z,2026-08-25T01:30:00+0200,77.91,EUR/MWh,ES,ES,imbalance_price,Short,2026-08-28T02:01:39Z
2026-08-28T01:53:23Z,2026-08-28T03:53:23+0200,565fb0ed-db72-48c6-a54e-0fdff3a4721b,2026-08-24T23:45:00Z,2026-08-25T01:45:00+0200,61.39,EUR/MWh,ES,ES,imbalance_price,Long,2026-08-28T02:01:39Z
2026-08-28T01:53:23Z,2026-08-28T03:53:23+0200,565fb0ed-db72-48c6-a54e-0fdff3a4721b,2026-08-24T23:45:00Z,2026-08-25T01:45:00+0200,61.39,EUR/MWh,ES,ES,imbalance_price,Short,2026-08-28T02:01:39Z
2026-08-28T01:53:23Z,2026-08-28T03:53:23+0200,565fb0ed-db72-48c6-a54e-0fdff3a4721b,2026-08-25T00:00:00Z,2026-08-25T02:00:00+0200,67.0,EUR/MWh,ES,ES,imbalance_price,Long,2026-08-28T02:01:39Z
2026-08-28T01:53:23Z,2026-08-28T03:53:23+0200,565fb0ed-db72-48c6-a54e-0fdff3a4721b,2026-08-25T00:00:00Z,2026-08-25T02:00:00+0200,67.0,EUR/MWh,ES,ES,imbalance_price,Short,2026-08-28T02:01:39Z
2026-08-28T01:53:23Z,2026-08-28T03:53:23+0200,565fb0ed-db72-48c6-a54e-0fdff3a4721b,2026-08-25T00:15:00Z,2026-08-25T02:15:00+0200,34.65,EUR/MWh,ES,ES,imbalance_price,Long,2026-08-28T02:01:39Z
2026-08-28T01:53:23Z,2026-08-28T03:53:23+0200,565fb0ed-db72-48c6-a54e-0fdff3a4721b,2026-08-25T00:15:00Z,2026-08-25T02:15:00+0200,153.47,EUR/MWh,ES,ES,imbalance_price,Short,2026-08-28T02:01:39Z
2026-08-28T01:53:23Z,2026-08-28T03:53:23+0200,565fb0ed-db72-48c6-a54e-0fdff3a4721b,2026-08-25T00:30:00Z,2026-08-25T02:30:00+0200,31.28,EUR/MWh,ES,ES,imbalance_price,Long,2026-08-28T02:01:39Z
2026-08-28T01:53:23Z,2026-08-28T03:53:23+0200,565fb0ed-db72-48c6-a54e-0fdff3a4721b,2026-08-25T00:30:00Z,2026-08-25T02:30:00+0200,167.37,EUR/MWh,ES,ES,imbalance_price,Short,2026-08-28T02:01:39Z
2026-08-28T01:53:23Z,2026-08-28T03:53:23+0200,565fb0ed-db72-48c6-a54e-0fdff3a4721b,2026-08-25T00:45:00Z,2026-08-25T02:45:00+0200,37.18,EUR/MWh,ES,ES,imbalance_price,Long,2026-08-28T02:01:39Z
2026-08-28T01:53:23Z,2026-08-28T03:53:23+0200,565fb0ed-db72-48c6-a54e-0fdff3a4721b,2026-08-25T00:45:00Z,2026-08-25T02:45:00+0200,149.53,EUR/MWh,ES,ES,imbalance_price,Short,2026-08-28T02:01:39Z
2026-08-28T01:53:23Z,2026-08-28T03:53:23+0200,565fb0ed-db72-48c6-a54e-0fdff3a4721b,2026-08-25T01:00:00Z,2026-08-25T03:00:00+0200,59.51,EUR/MWh,ES,ES,imbalance_price,Long,2026-08-28T02:01:39Z
2026-08-28T01:53:23Z,2026-08-28T03:53:23+0200,565fb0ed-db72-48c6-a54e-0fdff3a4721b,2026-08-25T01:00:00Z,2026-08-25T03:00:00+0200,156.06,EUR/MWh,ES,ES,imbalance_price,Short,2026-08-28T02:01:39Z
2026-08-28T01:53:23Z,2026-08-28T03:53:23+0200,565fb0ed-db72-48c6-a54e-0fdff3a4721b,2026-08-25T01:15:00Z,2026-08-25T03:15:00+0200,74.41,EUR/MWh,ES,ES,imbalance_price,Long,2026-08-28T02:01:39Z
2026-08-28T01:53:23Z,2026-08-28T03:53:23+0200,565fb0ed-db72-48c6-a54e-0fdff3a4721b,2026-08-25T01:15:00Z,2026-08-25T03:15:00+0200,146.1,EUR/MWh,ES,ES,imbalance_price,Short,2026-08-28T02:01:39Z
2026-08-28T01:53:23Z,2026-08-28T03:53:23+0200,565fb0ed-db72-48c6-a54e-0fdff3a4721b,2026-08-25T01:30:00Z,2026-08-25T03:30:00+0200,73.92,EUR/MWh,ES,ES,imbalance_price,Long,2026-08-28T02:01:39Z
2026-08-28T01:53:23Z,2026-08-28T03:53:23+0200,565fb0ed-db72-48c6-a54e-0fdff3a4721b,2026-08-25T01:30:00Z,2026-08-25T03:30:00+0200,73.92,EUR/MWh,ES,ES,imbalance_price,Short,2026-08-28T02:01:39Z
2026-08-28T01:53:23Z,2026-08-28T03:53:23+0200,565fb0ed-db72-48c6-a54e-0fdff3a4721b,2026-08-25T01:45:00Z,2026-08-25T03:45:00+0200,65.3,EUR/MWh,ES,ES,imbalance_price,Long,2026-08-28T02:01:39Z
2026-08-28T01:53:23Z,2026-08-28T03:53:23+0200,565fb0ed-db72-48c6-a54e-0fdff3a4721b,2026-08-25T01:45:00Z,2026-08-25T03:45:00+0200,65.3,EUR/MWh,ES,ES,imbalance_price,Short,2026-08-28T02:01:39Z
2026-08-28T01:53:23Z,2026-08-28T03:53:23+0200,565fb0ed-db72-48c6-a54e-0fdff3a4721b,2026-08-25T02:00:00Z,2026-08-25T04:00:00+0200,63.09,EUR/MWh,ES,ES,imbalance_price,Long,2026-08-28T02:01:39Z
2026-08-28T01:53:23Z,2026-08-28T03:53:23+0200,565fb0ed-db72-48c6-a54e-0fdff3a4721b,2026-08-25T02:00:00Z,2026-08-25T04:00:00+0200,147.51,EUR/MWh,ES,ES,imbalance_price,Short,2026-08-28T02:01:39Z
2026-08-28T01:53:23Z,2026-08-28T03:53:23+0200,565fb0ed-db72-48c6-a54e-0fdff3a4721b,2026-08-25T02:15:00Z,2026-08-25T04:15:00+0200,63.9,EUR/MWh,ES,ES,imbalance_price,Long,2026-08-28T02:01:39Z
2026-08-28T01:53:23Z,2026-08-28T03:53:23+0200,565fb0ed-db72-48c6-a54e-0fdff3a4721b,2026-08-25T02:15:00Z,2026-08-25T04:15:00+0200,137.05,EUR/MWh,ES,ES,imbalance_price,Short,2026-08-28T02:01:39Z
2026-08-28T01:53:23Z,2026-08-28T03:53:23+0200,565fb0ed-db72-48c6-a54e-0fdff3a4721b,2026-08-25T02:30:00Z,2026-08-25T04:30:00+0200,66.82,EUR/MWh,ES,ES,imbalance_price,Long,2026-08-28T02:01:39Z
2026-08-28T01:53:23Z,2026-08-28T03:53:23+0200,565fb0ed-db72-48c6-a54e-0fdff3a4721b,2026-08-25T02:30:00Z,2026-08-25T04:30:00+0200,148.75,EUR/MWh,ES,ES,imbalance_price,Short,2026-08-28T02:01:39Z
2026-08-28T01:53:23Z,2026-08-28T03:53:23+0200,565fb0ed-db72-48c6-a54e-0fdff3a4721b,2026-08-25T02:45:00Z,2026-08-25T04:45:00+0200,62.8,EUR/MWh,ES,ES,imbalance_price,Long,2026-08-28T02:01:39Z
2026-08-28T01:53:23Z,2026-08-28T03:53:23+0200,565fb0ed-db72-48c6-a54e-0fdff3a4721b,2026-08-25T02:45:00Z,2026-08-25T04:45:00+0200,165.73,EUR/MWh,ES,ES,imbalance_price,Short,2026-08-28T02:01:39Z
2026-08-28T01:53:23Z,2026-08-28T03:53:23+0200,565fb0ed-db72-48c6-a54e-0fdff3a4721b,2026-08-25T03:00:00Z,2026-08-25T05:00:00+0200,72.87,EUR/MWh,ES,ES,imbalance_price,Long,2026-08-28T02:01:39Z
2026-08-28T01:53:23Z,2026-08-28T03:53:23+0200,565fb0ed-db72-48c6-a54e-0fdff3a4721b,2026-08-25T03:00:00Z,2026-08-25T05:00:00+0200,148.54,EUR/MWh,ES,ES,imbalance_price,Short,2026-08-28T02:01:39Z
2026-08-28T01:53:23Z,2026-08-28T03:53:23+0200,565fb0ed-db72-48c6-a54e-0fdff3a4721b,2026-08-25T03:15:00Z,2026-08-25T05:15:00+0200,84.57,EUR/MWh,ES,ES,imbalance_price,Long,2026-08-28T02:01:39Z
2026-08-28T01:53:23Z,2026-08-28T03:53:23+0200,565fb0ed-db72-48c6-a54e-0fdff3a4721b,2026-08-25T03:15:00Z,2026-08-25T05:15:00+0200,84.57,EUR/MWh,ES,ES,imbalance_price,Short,2026-08-28T02:01:39Z
2026-08-28T01:53:23Z,2026-08-28T03:53:23+0200,565fb0ed-db72-48c6-a54e-0fdff3a4721b,2026-08-25T03:30:00Z,2026-08-25T05:30:00+0200,121.04,EUR/MWh,ES,ES,imbalance_price,Long,2026-08-28T02:01:39Z
2026-08-28T01:53:23Z,2026-08-28T03:53:23+0200,565fb0ed-db72-48c6-a54e-0fdff3a4721b,2026-08-25T03:30:00Z,2026-08-25T05:30:00+0200,144.39,EUR/MWh,ES,ES,imbalance_price,Short,2026-08-28T02:01:39Z
2026-08-28T01:53:23Z,2026-08-28T03:53:23+0200,565fb0ed-db72-48c6-a54e-0fdff3a4721b,2026-08-25T03:45:00Z,2026-08-25T05:45:00+0200,120.17,EUR/MWh,ES,ES,imbalance_price,Long,2026-08-28T02:01:39Z
2026-08-28T01:53:23Z,2026-08-28T03:53:23+0200,565fb0ed-db72-48c6-a54e-0fdff3a4721b,2026-08-25T03:45:00Z,2026-08-25T05:45:00+0200,151.12,EUR/MWh,ES,ES,imbalance_price,Short,2026-08-28T02:01:39Z
2026-08-28T01:53:23Z,2026-08-28T03:53:23+0200,565fb0ed-db72-48c6-a54e-0fdff3a4721b,2026-08-25T04:00:00Z,2026-08-25T06:00:00+0200,116.74,EUR/MWh,ES,ES,imbalance_price,Long,2026-08-28T02:01:39Z
2026-08-28T01:53:23Z,2026-08-28T03:53:23+0200,565fb0ed-db72-48c6-a54e-0fdff3a4721b,2026-08-25T04:00:00Z,2026-08-25T06:00:00+0200,201.14,EUR/MWh,ES,ES,imbalance_price,Short,2026-08-28T02:01:39Z
2026-08-28T01:53:23Z,2026-08-28T03:53:23+0200,565fb0ed-db72-48c6-a54e-0fdff3a4721b,2026-08-25T04:15:00Z,2026-08-25T06:15:00+0200,109.9,EUR/MWh,ES,ES,imbalance_price,Long,2026-08-28T02:01:39Z
2026-08-28T01:53:23Z,2026-08-28T03:53:23+0200,565fb0ed-db72-48c6-a54e-0fdff3a4721b,2026-08-25T04:15:00Z,2026-08-25T06:15:00+0200,181.5,EUR/MWh,ES,ES,imbalance_price,Short,2026-08-28T02:01:39Z
2026-08-28T01:53:23Z,2026-08-28T03:53:23+0200,565fb0ed-db72-48c6-a54e-0fdff3a4721b,2026-08-25T04:30:00Z,2026-08-25T06:30:00+0200,162.51,EUR/MWh,ES,ES,imbalance_price,Long,2026-08-28T02:01:39Z
2026-08-28T01:53:23Z,2026-08-28T03:53:23+0200,565fb0ed-db72-48c6-a54e-0fdff3a4721b,2026-08-25T04:30:00Z,2026-08-25T06:30:00+0200,162.51,EUR/MWh,ES,ES,imbalance_price,Short,2026-08-28T02:01:39Z
2026-08-28T01:53:23Z,2026-08-28T03:53:23+0200,565fb0ed-db72-48c6-a54e-0fdff3a4721b,2026-08-25T04:45:00Z,2026-08-25T06:45:00+0200,43.95,EUR/MWh,ES,ES,imbalance_price,Long,2026-08-28T02:01:39Z
2026-08-28T01:53:23Z,2026-08-28T03:53:23+0200,565fb0ed-db72-48c6-a54e-0fdff3a4721b,2026-08-25T04:45:00Z,2026-08-25T06:45:00+0200,168.39,EUR/MWh,ES,ES,imbalance_price,Short,2026-08-28T02:01:39Z
2026-08-28T01:53:23Z,2026-08-28T03:53:23+0200,565fb0ed-db72-48c6-a54e-0fdff3a4721b,2026-08-25T05:00:00Z,2026-08-25T07:00:00+0200,62.02,EUR/MWh,ES,ES,imbalance_price,Long,2026-08-28T02:01:39Z
2026-08-28T01:53:23Z,2026-08-28T03:53:23+0200,565fb0ed-db72-48c6-a54e-0fdff3a4721b,2026-08-25T05:00:00Z,2026-08-25T07:00:00+0200,170.93,EUR/MWh,ES,ES,imbalance_price,Short,2026-08-28T02:01:39Z
2026-08-28T01:53:23Z,2026-08-28T03:53:23+0200,565fb0ed-db72-48c6-a54e-0fdff3a4721b,2026-08-25T05:15:00Z,2026-08-25T07:15:00+0200,0.0,EUR/MWh,ES,ES,imbalance_price,Long,2026-08-28T02:01:39Z
2026-08-28T01:53:23Z,2026-08-28T03:53:23+0200,565fb0ed-db72-48c6-a54e-0fdff3a4721b,2026-08-25T05:15:00Z,2026-08-25T07:15:00+0200,161.46,EUR/MWh,ES,ES,imbalance_price,Short,2026-08-28T02:01:39Z
2026-08-28T01:53:23Z,2026-08-28T03:53:23+0200,565fb0ed-db72-48c6-a54e-0fdff3a4721b,2026-08-25T05:30:00Z,2026-08-25T07:30:00+0200,115.49,EUR/MWh,ES,ES,imbalance_price,Long,2026-08-28T02:01:39Z
2026-08-28T01:53:23Z,2026-08-28T03:53:23+0200,565fb0ed-db72-48c6-a54e-0fdff3a4721b,2026-08-25T05:30:00Z,2026-08-25T07:30:00+0200,165.7,EUR/MWh,ES,ES,imbalance_price,Short,2026-08-28T02:01:39Z
2026-08-28T01:53:23Z,2026-08-28T03:53:23+0200,565fb0ed-db72-48c6-a54e-0fdff3a4721b,2026-08-25T05:45:00Z,2026-08-25T07:45:00+0200,135.83,EUR/MWh,ES,ES,imbalance_price,Long,2026-08-28T02:01:39Z
2026-08-28T01:53:23Z,2026-08-28T03:53:23+0200,565fb0ed-db72-48c6-a54e-0fdff3a4721b,2026-08-25T05:45:00Z,2026-08-25T07:45:00+0200,176.45,EUR/MWh,ES,ES,imbalance_price,Short,2026-08-28T02:01:39Z
2026-08-28T01:53:23Z,2026-08-28T03:53:23+0200,565fb0ed-db72-48c6-a54e-0fdff3a4721b,2026-08-25T06:00:00Z,2026-08-25T08:00:00+0200,162.53,EUR/MWh,ES,ES,imbalance_price,Long,2026-08-28T02:01:39Z
2026-08-28T01:53:23Z,2026-08-28T03:53:23+0200,565fb0ed-db72-48c6-a54e-0fdff3a4721b,2026-08-25T06:00:00Z,2026-08-25T08:00:00+0200,162.53,EUR/MWh,ES,ES,imbalance_price,Short,2026-08-28T02:01:39Z
2026-08-28T01:53:23Z,2026-08-28T03:53:23+0200,565fb0ed-db72-48c6-a54e-0fdff3a4721b,2026-08-25T06:15:00Z,2026-08-25T08:15:00+0200,167.29,EUR/MWh,ES,ES,imbalance_price,Long,2026-08-28T02:01:39Z
2026-08-28T01:53:23Z,2026-08-28T03:53:23+0200,565fb0ed-db72-48c6-a54e-0fdff3a4721b,2026-08-25T06:15:00Z,2026-08-25T08:15:00+0200,167.29,EUR/MWh,ES,ES,imbalance_price,Short,2026-08-28T02:01:39Z
2026-08-28T01:53:23Z,2026-08-28T03:53:23+0200,565fb0ed-db72-48c6-a54e-0fdff3a4721b,2026-08-25T06:30:00Z,2026-08-25T08:30:00+0200,167.52,EUR/MWh,ES,ES,imbalance_price,Long,2026-08-28T02:01:39Z
2026-08-28T01:53:23Z,2026-08-28T03:53:23+0200,565fb0ed-db72-48c6-a54e-0fdff3a4721b,2026-08-25T06:30:00Z,2026-08-25T08:30:00+0200,167.52,EUR/MWh,ES,ES,imbalance_price,Short,2026-08-28T02:01:39Z
2026-08-28T01:53:23Z,2026-08-28T03:53:23+0200,565fb0ed-db72-48c6-a54e-0fdff3a4721b,2026-08-25T06:45:00Z,2026-08-25T08:45:00+0200,119.98,EUR/MWh,ES,ES,imbalance_price,Long,2026-08-28T02:01:39Z
2026-08-28T01:53:23Z,2026-08-28T03:53:23+0200,565fb0ed-db72-48c6-a54e-0fdff3a4721b,2026-08-25T06:45:00Z,2026-08-25T08:45:00+0200,166.88,EUR/MWh,ES,ES,imbalance_price,Short,2026-08-28T02:01:39Z
2026-08-28T01:53:23Z,2026-08-28T03:53:23+0200,565fb0ed-db72-48c6-a54e-0fdff3a4721b,2026-08-25T07:00:00Z,2026-08-25T09:00:00+0200,93.78,EUR/MWh,ES,ES,imbalance_price,Long,2026-08-28T02:01:39Z
2026-08-28T01:53:23Z,2026-08-28T03:53:23+0200,565fb0ed-db72-48c6-a54e-0fdff3a4721b,2026-08-25T07:00:00Z,2026-08-25T09:00:00+0200,154.39,EUR/MWh,ES,ES,imbalance_price,Short,2026-08-28T02:01:39Z
2026-08-28T01:53:23Z,2026-08-28T03:53:23+0200,565fb0ed-db72-48c6-a54e-0fdff3a4721b,2026-08-25T07:15:00Z,2026-08-25T09:15:00+0200,88.86,EUR/MWh,ES,ES,imbalance_price,Long,2026-08-28T02:01:39Z
2026-08-28T01:53:23Z,2026-08-28T03:53:23+0200,565fb0ed-db72-48c6-a54e-0fdff3a4721b,2026-08-25T07:15:00Z,2026-08-25T09:15:00+0200,154.15,EUR/MWh,ES,ES,imbalance_price,Short,2026-08-28T02:01:39Z
2026-08-28T01:53:23Z,2026-08-28T03:53:23+0200,565fb0ed-db72-48c6-a54e-0fdff3a4721b,2026-08-25T07:30:00Z,2026-08-25T09:30:00+0200,57.26,EUR/MWh,ES,ES,imbalance_price,Long,2026-08-28T02:01:39Z
2026-08-28T01:53:23Z,2026-08-28T03:53:23+0200,565fb0ed-db72-48c6-a54e-0fdff3a4721b,2026-08-25T07:30:00Z,2026-08-25T09:30:00+0200,137.86,EUR/MWh,ES,ES,imbalance_price,Short,2026-08-28T02:01:39Z
2026-08-28T01:53:23Z,2026-08-28T03:53:23+0200,565fb0ed-db72-48c6-a54e-0fdff3a4721b,2026-08-25T07:45:00Z,2026-08-25T09:45:00+0200,60.48,EUR/MWh,ES,ES,imbalance_price,Long,2026-08-28T02:01:39Z
2026-08-28T01:53:23Z,2026-08-28T03:53:23+0200,565fb0ed-db72-48c6-a54e-0fdff3a4721b,2026-08-25T07:45:00Z,2026-08-25T09:45:00+0200,137.13,EUR/MWh,ES,ES,imbalance_price,Short,2026-08-28T02:01:39Z
2026-08-28T01:53:23Z,2026-08-28T03:53:23+0200,565fb0ed-db72-48c6-a54e-0fdff3a4721b,2026-08-25T08:00:00Z,2026-08-25T10:00:00+0200,70.29,EUR/MWh,ES,ES,imbalance_price,Long,2026-08-28T02:01:39Z
2026-08-28T01:53:23Z,2026-08-28T03:53:23+0200,565fb0ed-db72-48c6-a54e-0fdff3a4721b,2026-08-25T08:00:00Z,2026-08-25T10:00:00+0200,103.81,EUR/MWh,ES,ES,imbalance_price,Short,2026-08-28T02:01:39Z
2026-08-28T01:53:23Z,2026-08-28T03:53:23+0200,565fb0ed-db72-48c6-a54e-0fdff3a4721b,2026-08-25T08:15:00Z,2026-08-25T10:15:00+0200,52.16,EUR/MWh,ES,ES,imbalance_price,Long,2026-08-28T02:01:39Z
2026-08-28T01:53:23Z,2026-08-28T03:53:23+0200,565fb0ed-db72-48c6-a54e-0fdff3a4721b,2026-08-25T08:15:00Z,2026-08-25T10:15:00+0200,52.16,EUR/MWh,ES,ES,imbalance_price,Short,2026-08-28T02:01:39Z
2026-08-28T01:53:23Z,2026-08-28T03:53:23+0200,565fb0ed-db72-48c6-a54e-0fdff3a4721b,2026-08-25T08:30:00Z,2026-08-25T10:30:00+0200,38.08,EUR/MWh,ES,ES,imbalance_price,Long,2026-08-28T02:01:39Z
2026-08-28T01:53:23Z,2026-08-28T03:53:23+0200,565fb0ed-db72-48c6-a54e-0fdff3a4721b,2026-08-25T08:30:00Z,2026-08-25T10:30:00+0200,113.32,EUR/MWh,ES,ES,imbalance_price,Short,2026-08-28T02:01:39Z
2026-08-28T01:53:23Z,2026-08-28T03:53:23+0200,565fb0ed-db72-48c6-a54e-0fdff3a4721b,2026-08-25T08:45:00Z,2026-08-25T10:45:00+0200,2.2,EUR/MWh,ES,ES,imbalance_price,Long,2026-08-28T02:01:39Z
2026-08-28T01:53:23Z,2026-08-28T03:53:23+0200,565fb0ed-db72-48c6-a54e-0fdff3a4721b,2026-08-25T08:45:00Z,2026-08-25T10:45:00+0200,128.09,EUR/MWh,ES,ES,imbalance_price,Short,2026-08-28T02:01:39Z
2026-08-28T01:53:23Z,2026-08-28T03:53:23+0200,565fb0ed-db72-48c6-a54e-0fdff3a4721b,2026-08-25T09:00:00Z,2026-08-25T11:00:00+0200,20.6,EUR/MWh,ES,ES,imbalance_price,Long,2026-08-28T02:01:39Z
2026-08-28T01:53:23Z,2026-08-28T03:53:23+0200,565fb0ed-db72-48c6-a54e-0fdff3a4721b,2026-08-25T09:00:00Z,2026-08-25T11:00:00+0200,79.94,EUR/MWh,ES,ES,imbalance_price,Short,2026-08-28T02:01:39Z
2026-08-28T01:53:23Z,2026-08-28T03:53:23+0200,565fb0ed-db72-48c6-a54e-0fdff3a4721b,2026-08-25T09:15:00Z,2026-08-25T11:15:00+0200,87.01,EUR/MWh,ES,ES,imbalance_price,Long,2026-08-28T02:01:39Z
2026-08-28T01:53:23Z,2026-08-28T03:53:23+0200,565fb0ed-db72-48c6-a54e-0fdff3a4721b,2026-08-25T09:15:00Z,2026-08-25T11:15:00+0200,87.01,EUR/MWh,ES,ES,imbalance_price,Short,2026-08-28T02:01:39Z
2026-08-28T01:53:23Z,2026-08-28T03:53:23+0200,565fb0ed-db72-48c6-a54e-0fdff3a4721b,2026-08-25T09:30:00Z,2026-08-25T11:30:00+0200,101.48,EUR/MWh,ES,ES,imbalance_price,Long,2026-08-28T02:01:39Z
2026-08-28T01:53:23Z,2026-08-28T03:53:23+0200,565fb0ed-db72-48c6-a54e-0fdff3a4721b,2026-08-25T09:30:00Z,2026-08-25T11:30:00+0200,101.48,EUR/MWh,ES,ES,imbalance_price,Short,2026-08-28T02:01:39Z
2026-08-28T01:53:23Z,2026-08-28T03:53:23+0200,565fb0ed-db72-48c6-a54e-0fdff3a4721b,2026-08-25T09:45:00Z,2026-08-25T11:45:00+0200,-2.07,EUR/MWh,ES,ES,imbalance_price,Long,2026-08-28T02:01:39Z
2026-08-28T01:53:23Z,2026-08-28T03:53:23+0200,565fb0ed-db72-48c6-a54e-0fdff3a4721b,2026-08-25T09:45:00Z,2026-08-25T11:45:00+0200,68.82,EUR/MWh,ES,ES,imbalance_price,Short,2026-08-28T02:01:39Z
2026-08-28T01:53:23Z,2026-08-28T03:53:23+0200,565fb0ed-db72-48c6-a54e-0fdff3a4721b,2026-08-25T10:00:00Z,2026-08-25T12:00:00+0200,-30.85,EUR/MWh,ES,ES,imbalance_price,Long,2026-08-28T02:01:39Z
2026-08-28T01:53:23Z,2026-08-28T03:53:23+0200,565fb0ed-db72-48c6-a54e-0fdff3a4721b,2026-08-25T10:00:00Z,2026-08-25T12:00:00+0200,82.54,EUR/MWh,ES,ES,imbalance_price,Short,2026-08-28T02:01:39Z
2026-08-28T01:53:23Z,2026-08-28T03:53:23+0200,565fb0ed-db72-48c6-a54e-0fdff3a4721b,2026-08-25T10:15:00Z,2026-08-25T12:15:00+0200,10.04,EUR/MWh,ES,ES,imbalance_price,Long,2026-08-28T02:01:39Z
2026-08-28T01:53:23Z,2026-08-28T03:53:23+0200,565fb0ed-db72-48c6-a54e-0fdff3a4721b,2026-08-25T10:15:00Z,2026-08-25T12:15:00+0200,27.2,EUR/MWh,ES,ES,imbalance_price,Short,2026-08-28T02:01:39Z
2026-08-28T01:53:23Z,2026-08-28T03:53:23+0200,565fb0ed-db72-48c6-a54e-0fdff3a4721b,2026-08-25T10:30:00Z,2026-08-25T12:30:00+0200,0.26,EUR/MWh,ES,ES,imbalance_price,Long,2026-08-28T02:01:39Z
2026-08-28T01:53:23Z,2026-08-28T03:53:23+0200,565fb0ed-db72-48c6-a54e-0fdff3a4721b,2026-08-25T10:30:00Z,2026-08-25T12:30:00+0200,34.05,EUR/MWh,ES,ES,imbalance_price,Short,2026-08-28T02:01:39Z
2026-08-28T01:53:23Z,2026-08-28T03:53:23+0200,565fb0ed-db72-48c6-a54e-0fdff3a4721b,2026-08-25T10:45:00Z,2026-08-25T12:45:00+0200,-1.51,EUR/MWh,ES,ES,imbalance_price,Long,2026-08-28T02:01:39Z
2026-08-28T01:53:23Z,2026-08-28T03:53:23+0200,565fb0ed-db72-48c6-a54e-0fdff3a4721b,2026-08-25T10:45:00Z,2026-08-25T12:45:00+0200,77.76,EUR/MWh,ES,ES,imbalance_price,Short,2026-08-28T02:01:39Z
2026-08-28T01:53:23Z,2026-08-28T03:53:23+0200,565fb0ed-db72-48c6-a54e-0fdff3a4721b,2026-08-25T11:00:00Z,2026-08-25T13:00:00+0200,-2.87,EUR/MWh,ES,ES,imbalance_price,Long,2026-08-28T02:01:39Z
2026-08-28T01:53:23Z,2026-08-28T03:53:23+0200,565fb0ed-db72-48c6-a54e-0fdff3a4721b,2026-08-25T11:00:00Z,2026-08-25T13:00:00+0200,0.0,EUR/MWh,ES,ES,imbalance_price,Short,2026-08-28T02:01:39Z
2026-08-28T01:53:23Z,2026-08-28T03:53:23+0200,565fb0ed-db72-48c6-a54e-0fdff3a4721b,2026-08-25T11:15:00Z,2026-08-25T13:15:00+0200,-1.61,EUR/MWh,ES,ES,imbalance_price,Long,2026-08-28T02:01:39Z
2026-08-28T01:53:23Z,2026-08-28T03:53:23+0200,565fb0ed-db72-48c6-a54e-0fdff3a4721b,2026-08-25T11:15:00Z,2026-08-25T13:15:00+0200,0.0,EUR/MWh,ES,ES,imbalance_price,Short,2026-08-28T02:01:39Z
2026-08-28T01:53:23Z,2026-08-28T03:53:23+0200,565fb0ed-db72-48c6-a54e-0fdff3a4721b,2026-08-25T11:30:00Z,2026-08-25T13:30:00+0200,-0.3,EUR/MWh,ES,ES,imbalance_price,Long,2026-08-28T02:01:39Z
2026-08-28T01:53:23Z,2026-08-28T03:53:23+0200,565fb0ed-db72-48c6-a54e-0fdff3a4721b,2026-08-25T11:30:00Z,2026-08-25T13:30:00+0200,0.06,EUR/MWh,ES,ES,imbalance_price,Short,2026-08-28T02:01:39Z
2026-08-28T01:53:23Z,2026-08-28T03:53:23+0200,565fb0ed-db72-48c6-a54e-0fdff3a4721b,2026-08-25T11:45:00Z,2026-08-25T13:45:00+0200,-0.08,EUR/MWh,ES,ES,imbalance_price,Long,2026-08-28T02:01:39Z
2026-08-28T01:53:23Z,2026-08-28T03:53:23+0200,565fb0ed-db72-48c6-a54e-0fdff3a4721b,2026-08-25T11:45:00Z,2026-08-25T13:45:00+0200,0.0,EUR/MWh,ES,ES,imbalance_price,Short,2026-08-28T02:01:39Z
2026-08-28T01:53:23Z,2026-08-28T03:53:23+0200,565fb0ed-db72-48c6-a54e-0fdff3a4721b,2026-08-25T12:00:00Z,2026-08-25T14:00:00+0200,-0.36,EUR/MWh,ES,ES,imbalance_price,Long,2026-08-28T02:01:39Z
2026-08-28T01:53:23Z,2026-08-28T03:53:23+0200,565fb0ed-db72-48c6-a54e-0fdff3a4721b,2026-08-25T12:00:00Z,2026-08-25T14:00:00+0200,-0.36,EUR/MWh,ES,ES,imbalance_price,Short,2026-08-28T02:01:39Z
2026-08-28T01:53:23Z,2026-08-28T03:53:23+0200,565fb0ed-db72-48c6-a54e-0fdff3a4721b,2026-08-25T12:15:00Z,2026-08-25T14:15:00+0200,-0.22,EUR/MWh,ES,ES,imbalance_price,Long,2026-08-28T02:01:39Z
2026-08-28T01:53:23Z,2026-08-28T03:53:23+0200,565fb0ed-db72-48c6-a54e-0fdff3a4721b,2026-08-25T12:15:00Z,2026-08-25T14:15:00+0200,1.35,EUR/MWh,ES,ES,imbalance_price,Short,2026-08-28T02:01:39Z
2026-08-28T01:53:23Z,2026-08-28T03:53:23+0200,565fb0ed-db72-48c6-a54e-0fdff3a4721b,2026-08-25T12:30:00Z,2026-08-25T14:30:00+0200,-0.11,EUR/MWh,ES,ES,imbalance_price,Long,2026-08-28T02:01:39Z
2026-08-28T01:53:23Z,2026-08-28T03:53:23+0200,565fb0ed-db72-48c6-a54e-0fdff3a4721b,2026-08-25T12:30:00Z,2026-08-25T14:30:00+0200,-0.11,EUR/MWh,ES,ES,imbalance_price,Short,2026-08-28T02:01:39Z
2026-08-28T01:53:23Z,2026-08-28T03:53:23+0200,565fb0ed-db72-48c6-a54e-0fdff3a4721b,2026-08-25T12:45:00Z,2026-08-25T14:45:00+0200,-1.11,EUR/MWh,ES,ES,imbalance_price,Long,2026-08-28T02:01:39Z
2026-08-28T01:53:23Z,2026-08-28T03:53:23+0200,565fb0ed-db72-48c6-a54e-0fdff3a4721b,2026-08-25T12:45:00Z,2026-08-25T14:45:00+0200,-1.11,EUR/MWh,ES,ES,imbalance_price,Short,2026-08-28T02:01:39Z
2026-08-28T01:53:23Z,2026-08-28T03:53:23+0200,565fb0ed-db72-48c6-a54e-0fdff3a4721b,2026-08-25T13:00:00Z,2026-08-25T15:00:00+0200,-0.92,EUR/MWh,ES,ES,imbalance_price,Long,2026-08-28T02:01:39Z
2026-08-28T01:53:23Z,2026-08-28T03:53:23+0200,565fb0ed-db72-48c6-a54e-0fdff3a4721b,2026-08-25T13:00:00Z,2026-08-25T15:00:00+0200,-0.92,EUR/MWh,ES,ES,imbalance_price,Short,2026-08-28T02:01:39Z
2026-08-28T01:53:23Z,2026-08-28T03:53:23+0200,565fb0ed-db72-48c6-a54e-0fdff3a4721b,2026-08-25T13:15:00Z,2026-08-25T15:15:00+0200,-0.55,EUR/MWh,ES,ES,imbalance_price,Long,2026-08-28T02:01:39Z
2026-08-28T01:53:23Z,2026-08-28T03:53:23+0200,565fb0ed-db72-48c6-a54e-0fdff3a4721b,2026-08-25T13:15:00Z,2026-08-25T15:15:00+0200,-0.55,EUR/MWh,ES,ES,imbalance_price,Short,2026-08-28T02:01:39Z
2026-08-28T01:53:23Z,2026-08-28T03:53:23+0200,565fb0ed-db72-48c6-a54e-0fdff3a4721b,2026-08-25T13:30:00Z,2026-08-25T15:30:00+0200,-1.77,EUR/MWh,ES,ES,imbalance_price,Long,2026-08-28T02:01:39Z
2026-08-28T01:53:23Z,2026-08-28T03:53:23+0200,565fb0ed-db72-48c6-a54e-0fdff3a4721b,2026-08-25T13:30:00Z,2026-08-25T15:30:00+0200,-1.77,EUR/MWh,ES,ES,imbalance_price,Short,2026-08-28T02:01:39Z
2026-08-28T01:53:23Z,2026-08-28T03:53:23+0200,565fb0ed-db72-48c6-a54e-0fdff3a4721b,2026-08-25T13:45:00Z,2026-08-25T15:45:00+0200,-2.16,EUR/MWh,ES,ES,imbalance_price,Long,2026-08-28T02:01:39Z
2026-08-28T01:53:23Z,2026-08-28T03:53:23+0200,565fb0ed-db72-48c6-a54e-0fdff3a4721b,2026-08-25T13:45:00Z,2026-08-25T15:45:00+0200,-2.16,EUR/MWh,ES,ES,imbalance_price,Short,2026-08-28T02:01:39Z
2026-08-28T01:53:23Z,2026-08-28T03:53:23+0200,565fb0ed-db72-48c6-a54e-0fdff3a4721b,2026-08-25T14:00:00Z,2026-08-25T16:00:00+0200,-3.18,EUR/MWh,ES,ES,imbalance_price,Long,2026-08-28T02:01:39Z
2026-08-28T01:53:23Z,2026-08-28T03:53:23+0200,565fb0ed-db72-48c6-a54e-0fdff3a4721b,2026-08-25T14:00:00Z,2026-08-25T16:00:00+0200,-3.18,EUR/MWh,ES,ES,imbalance_price,Short,2026-08-28T02:01:39Z
2026-08-28T01:53:23Z,2026-08-28T03:53:23+0200,565fb0ed-db72-48c6-a54e-0fdff3a4721b,2026-08-25T14:15:00Z,2026-08-25T16:15:00+0200,-1.43,EUR/MWh,ES,ES,imbalance_price,Long,2026-08-28T02:01:39Z
2026-08-28T01:53:23Z,2026-08-28T03:53:23+0200,565fb0ed-db72-48c6-a54e-0fdff3a4721b,2026-08-25T14:15:00Z,2026-08-25T16:15:00+0200,5.37,EUR/MWh,ES,ES,imbalance_price,Short,2026-08-28T02:01:39Z
2026-08-28T01:53:23Z,2026-08-28T03:53:23+0200,565fb0ed-db72-48c6-a54e-0fdff3a4721b,2026-08-25T14:30:00Z,2026-08-25T16:30:00+0200,-0.02,EUR/MWh,ES,ES,imbalance_price,Long,2026-08-28T02:01:39Z
2026-08-28T01:53:23Z,2026-08-28T03:53:23+0200,565fb0ed-db72-48c6-a54e-0fdff3a4721b,2026-08-25T14:30:00Z,2026-08-25T16:30:00+0200,-0.02,EUR/MWh,ES,ES,imbalance_price,Short,2026-08-28T02:01:39Z
2026-08-28T01:53:23Z,2026-08-28T03:53:23+0200,565fb0ed-db72-48c6-a54e-0fdff3a4721b,2026-08-25T14:45:00Z,2026-08-25T16:45:00+0200,-0.02,EUR/MWh,ES,ES,imbalance_price,Long,2026-08-28T02:01:39Z
2026-08-28T01:53:23Z,2026-08-28T03:53:23+0200,565fb0ed-db72-48c6-a54e-0fdff3a4721b,2026-08-25T14:45:00Z,2026-08-25T16:45:00+0200,-0.02,EUR/MWh,ES,ES,imbalance_price,Short,2026-08-28T02:01:39Z
2026-08-28T01:53:23Z,2026-08-28T03:53:23+0200,565fb0ed-db72-48c6-a54e-0fdff3a4721b,2026-08-25T15:00:00Z,2026-08-25T17:00:00+0200,-0.45,EUR/MWh,ES,ES,imbalance_price,Long,2026-08-28T02:01:39Z
2026-08-28T01:53:23Z,2026-08-28T03:53:23+0200,565fb0ed-db72-48c6-a54e-0fdff3a4721b,2026-08-25T15:00:00Z,2026-08-25T17:00:00+0200,38.52,EUR/MWh,ES,ES,imbalance_price,Short,2026-08-28T02:01:39Z
2026-08-28T01:53:23Z,2026-08-28T03:53:23+0200,565fb0ed-db72-48c6-a54e-0fdff3a4721b,2026-08-25T15:15:00Z,2026-08-25T17:15:00+0200,12.4,EUR/MWh,ES,ES,imbalance_price,Long,2026-08-28T02:01:39Z
2026-08-28T01:53:23Z,2026-08-28T03:53:23+0200,565fb0ed-db72-48c6-a54e-0fdff3a4721b,2026-08-25T15:15:00Z,2026-08-25T17:15:00+0200,123.63,EUR/MWh,ES,ES,imbalance_price,Short,2026-08-28T02:01:39Z
2026-08-28T01:53:23Z,2026-08-28T03:53:23+0200,565fb0ed-db72-48c6-a54e-0fdff3a4721b,2026-08-25T15:30:00Z,2026-08-25T17:30:00+0200,18.17,EUR/MWh,ES,ES,imbalance_price,Long,2026-08-28T02:01:39Z
2026-08-28T01:53:23Z,2026-08-28T03:53:23+0200,565fb0ed-db72-48c6-a54e-0fdff3a4721b,2026-08-25T15:30:00Z,2026-08-25T17:30:00+0200,71.23,EUR/MWh,ES,ES,imbalance_price,Short,2026-08-28T02:01:39Z
2026-08-28T01:53:23Z,2026-08-28T03:53:23+0200,565fb0ed-db72-48c6-a54e-0fdff3a4721b,2026-08-25T15:45:00Z,2026-08-25T17:45:00+0200,16.34,EUR/MWh,ES,ES,imbalance_price,Long,2026-08-28T02:01:39Z
2026-08-28T01:53:23Z,2026-08-28T03:53:23+0200,565fb0ed-db72-48c6-a54e-0fdff3a4721b,2026-08-25T15:45:00Z,2026-08-25T17:45:00+0200,16.34,EUR/MWh,ES,ES,imbalance_price,Short,2026-08-28T02:01:39Z
2026-08-28T01:53:23Z,2026-08-28T03:53:23+0200,565fb0ed-db72-48c6-a54e-0fdff3a4721b,2026-08-25T16:00:00Z,2026-08-25T18:00:00+0200,23.03,EUR/MWh,ES,ES,imbalance_price,Long,2026-08-28T02:01:39Z
2026-08-28T01:53:23Z,2026-08-28T03:53:23+0200,565fb0ed-db72-48c6-a54e-0fdff3a4721b,2026-08-25T16:00:00Z,2026-08-25T18:00:00+0200,23.03,EUR/MWh,ES,ES,imbalance_price,Short,2026-08-28T02:01:39Z
2026-08-28T01:53:23Z,2026-08-28T03:53:23+0200,565fb0ed-db72-48c6-a54e-0fdff3a4721b,2026-08-25T16:15:00Z,2026-08-25T18:15:00+0200,-0.33,EUR/MWh,ES,ES,imbalance_price,Long,2026-08-28T02:01:39Z
2026-08-28T01:53:23Z,2026-08-28T03:53:23+0200,565fb0ed-db72-48c6-a54e-0fdff3a4721b,2026-08-25T16:15:00Z,2026-08-25T18:15:00+0200,-0.33,EUR/MWh,ES,ES,imbalance_price,Short,2026-08-28T02:01:39Z
2026-08-28T01:53:23Z,2026-08-28T03:53:23+0200,565fb0ed-db72-48c6-a54e-0fdff3a4721b,2026-08-25T16:30:00Z,2026-08-25T18:30:00+0200,-0.58,EUR/MWh,ES,ES,imbalance_price,Long,2026-08-28T02:01:39Z
2026-08-28T01:53:23Z,2026-08-28T03:53:23+0200,565fb0ed-db72-48c6-a54e-0fdff3a4721b,2026-08-25T16:30:00Z,2026-08-25T18:30:00+0200,-0.58,EUR/MWh,ES,ES,imbalance_price,Short,2026-08-28T02:01:39Z
2026-08-28T01:53:23Z,2026-08-28T03:53:23+0200,565fb0ed-db72-48c6-a54e-0fdff3a4721b,2026-08-25T16:45:00Z,2026-08-25T18:45:00+0200,-0.1,EUR/MWh,ES,ES,imbalance_price,Long,2026-08-28T02:01:39Z
2026-08-28T01:53:23Z,2026-08-28T03:53:23+0200,565fb0ed-db72-48c6-a54e-0fdff3a4721b,2026-08-25T16:45:00Z,2026-08-25T18:45:00+0200,-0.1,EUR/MWh,ES,ES,imbalance_price,Short,2026-08-28T02:01:39Z
2026-08-28T01:53:23Z,2026-08-28T03:53:23+0200,565fb0ed-db72-48c6-a54e-0fdff3a4721b,2026-08-25T17:00:00Z,2026-08-25T19:00:00+0200,0.78,EUR/MWh,ES,ES,imbalance_price,Long,2026-08-28T02:01:39Z
2026-08-28T01:53:23Z,2026-08-28T03:53:23+0200,565fb0ed-db72-48c6-a54e-0fdff3a4721b,2026-08-25T17:00:00Z,2026-08-25T19:00:00+0200,186.67,EUR/MWh,ES,ES,imbalance_price,Short,2026-08-28T02:01:39Z
2026-08-28T01:53:23Z,2026-08-28T03:53:23+0200,565fb0ed-db72-48c6-a54e-0fdff3a4721b,2026-08-25T17:15:00Z,2026-08-25T19:15:00+0200,50.78,EUR/MWh,ES,ES,imbalance_price,Long,2026-08-28T02:01:39Z
2026-08-28T01:53:23Z,2026-08-28T03:53:23+0200,565fb0ed-db72-48c6-a54e-0fdff3a4721b,2026-08-25T17:15:00Z,2026-08-25T19:15:00+0200,191.74,EUR/MWh,ES,ES,imbalance_price,Short,2026-08-28T02:01:39Z
2026-08-28T01:53:23Z,2026-08-28T03:53:23+0200,565fb0ed-db72-48c6-a54e-0fdff3a4721b,2026-08-25T17:30:00Z,2026-08-25T19:30:00+0200,72.28,EUR/MWh,ES,ES,imbalance_price,Long,2026-08-28T02:01:39Z
2026-08-28T01:53:23Z,2026-08-28T03:53:23+0200,565fb0ed-db72-48c6-a54e-0fdff3a4721b,2026-08-25T17:30:00Z,2026-08-25T19:30:00+0200,215.42,EUR/MWh,ES,ES,imbalance_price,Short,2026-08-28T02:01:39Z
2026-08-28T01:53:23Z,2026-08-28T03:53:23+0200,565fb0ed-db72-48c6-a54e-0fdff3a4721b,2026-08-25T17:45:00Z,2026-08-25T19:45:00+0200,111.5,EUR/MWh,ES,ES,imbalance_price,Long,2026-08-28T02:01:39Z
2026-08-28T01:53:23Z,2026-08-28T03:53:23+0200,565fb0ed-db72-48c6-a54e-0fdff3a4721b,2026-08-25T17:45:00Z,2026-08-25T19:45:00+0200,230.53,EUR/MWh,ES,ES,imbalance_price,Short,2026-08-28T02:01:39Z
2026-08-28T01:53:23Z,2026-08-28T03:53:23+0200,565fb0ed-db72-48c6-a54e-0fdff3a4721b,2026-08-25T18:00:00Z,2026-08-25T20:00:00+0200,176.0,EUR/MWh,ES,ES,imbalance_price,Long,2026-08-28T02:01:39Z
2026-08-28T01:53:23Z,2026-08-28T03:53:23+0200,565fb0ed-db72-48c6-a54e-0fdff3a4721b,2026-08-25T18:00:00Z,2026-08-25T20:00:00+0200,176.0,EUR/MWh,ES,ES,imbalance_price,Short,2026-08-28T02:01:39Z
2026-08-28T01:53:23Z,2026-08-28T03:53:23+0200,565fb0ed-db72-48c6-a54e-0fdff3a4721b,2026-08-25T18:15:00Z,2026-08-25T20:15:00+0200,179.07,EUR/MWh,ES,ES,imbalance_price,Long,2026-08-28T02:01:39Z
2026-08-28T01:53:23Z,2026-08-28T03:53:23+0200,565fb0ed-db72-48c6-a54e-0fdff3a4721b,2026-08-25T18:15:00Z,2026-08-25T20:15:00+0200,202.52,EUR/MWh,ES,ES,imbalance_price,Short,2026-08-28T02:01:39Z
2026-08-28T01:53:23Z,2026-08-28T03:53:23+0200,565fb0ed-db72-48c6-a54e-0fdff3a4721b,2026-08-25T18:30:00Z,2026-08-25T20:30:00+0200,212.29,EUR/MWh,ES,ES,imbalance_price,Long,2026-08-28T02:01:39Z
2026-08-28T01:53:23Z,2026-08-28T03:53:23+0200,565fb0ed-db72-48c6-a54e-0fdff3a4721b,2026-08-25T18:30:00Z,2026-08-25T20:30:00+0200,212.29,EUR/MWh,ES,ES,imbalance_price,Short,2026-08-28T02:01:39Z
2026-08-28T01:53:23Z,2026-08-28T03:53:23+0200,565fb0ed-db72-48c6-a54e-0fdff3a4721b,2026-08-25T18:45:00Z,2026-08-25T20:45:00+0200,215.91,EUR/MWh,ES,ES,imbalance_price,Long,2026-08-28T02:01:39Z
2026-08-28T01:53:23Z,2026-08-28T03:53:23+0200,565fb0ed-db72-48c6-a54e-0fdff3a4721b,2026-08-25T18:45:00Z,2026-08-25T20:45:00+0200,215.91,EUR/MWh,ES,ES,imbalance_price,Short,2026-08-28T02:01:39Z
2026-08-28T01:53:23Z,2026-08-28T03:53:23+0200,565fb0ed-db72-48c6-a54e-0fdff3a4721b,2026-08-25T19:00:00Z,2026-08-25T21:00:00+0200,219.71,EUR/MWh,ES,ES,imbalance_price,Long,2026-08-28T02:01:39Z
2026-08-28T01:53:23Z,2026-08-28T03:53:23+0200,565fb0ed-db72-48c6-a54e-0fdff3a4721b,2026-08-25T19:00:00Z,2026-08-25T21:00:00+0200,219.71,EUR/MWh,ES,ES,imbalance_price,Short,2026-08-28T02:01:39Z
2026-08-28T01:53:23Z,2026-08-28T03:53:23+0200,565fb0ed-db72-48c6-a54e-0fdff3a4721b,2026-08-25T19:15:00Z,2026-08-25T21:15:00+0200,225.61,EUR/MWh,ES,ES,imbalance_price,Long,2026-08-28T02:01:39Z
2026-08-28T01:53:23Z,2026-08-28T03:53:23+0200,565fb0ed-db72-48c6-a54e-0fdff3a4721b,2026-08-25T19:15:00Z,2026-08-25T21:15:00+0200,225.61,EUR/MWh,ES,ES,imbalance_price,Short,2026-08-28T02:01:39Z
2026-08-28T01:53:23Z,2026-08-28T03:53:23+0200,565fb0ed-db72-48c6-a54e-0fdff3a4721b,2026-08-25T19:30:00Z,2026-08-25T21:30:00+0200,177.19,EUR/MWh,ES,ES,imbalance_price,Long,2026-08-28T02:01:39Z
2026-08-28T01:53:23Z,2026-08-28T03:53:23+0200,565fb0ed-db72-48c6-a54e-0fdff3a4721b,2026-08-25T19:30:00Z,2026-08-25T21:30:00+0200,177.19,EUR/MWh,ES,ES,imbalance_price,Short,2026-08-28T02:01:39Z
2026-08-28T01:53:23Z,2026-08-28T03:53:23+0200,565fb0ed-db72-48c6-a54e-0fdff3a4721b,2026-08-25T19:45:00Z,2026-08-25T21:45:00+0200,173.13,EUR/MWh,ES,ES,imbalance_price,Long,2026-08-28T02:01:39Z
2026-08-28T01:53:23Z,2026-08-28T03:53:23+0200,565fb0ed-db72-48c6-a54e-0fdff3a4721b,2026-08-25T19:45:00Z,2026-08-25T21:45:00+0200,173.13,EUR/MWh,ES,ES,imbalance_price,Short,2026-08-28T02:01:39Z
2026-08-28T01:53:23Z,2026-08-28T03:53:23+0200,565fb0ed-db72-48c6-a54e-0fdff3a4721b,2026-08-25T20:00:00Z,2026-08-25T22:00:00+0200,189.66,EUR/MWh,ES,ES,imbalance_price,Long,2026-08-28T02:01:39Z
2026-08-28T01:53:23Z,2026-08-28T03:53:23+0200,565fb0ed-db72-48c6-a54e-0fdff3a4721b,2026-08-25T20:00:00Z,2026-08-25T22:00:00+0200,189.66,EUR/MWh,ES,ES,imbalance_price,Short,2026-08-28T02:01:39Z
2026-08-28T01:53:23Z,2026-08-28T03:53:23+0200,565fb0ed-db72-48c6-a54e-0fdff3a4721b,2026-08-25T20:15:00Z,2026-08-25T22:15:00+0200,139.23,EUR/MWh,ES,ES,imbalance_price,Long,2026-08-28T02:01:39Z
2026-08-28T01:53:23Z,2026-08-28T03:53:23+0200,565fb0ed-db72-48c6-a54e-0fdff3a4721b,2026-08-25T20:15:00Z,2026-08-25T22:15:00+0200,163.02,EUR/MWh,ES,ES,imbalance_price,Short,2026-08-28T02:01:39Z
2026-08-28T01:53:23Z,2026-08-28T03:53:23+0200,565fb0ed-db72-48c6-a54e-0fdff3a4721b,2026-08-25T20:30:00Z,2026-08-25T22:30:00+0200,59.4,EUR/MWh,ES,ES,imbalance_price,Long,2026-08-28T02:01:39Z
2026-08-28T01:53:23Z,2026-08-28T03:53:23+0200,565fb0ed-db72-48c6-a54e-0fdff3a4721b,2026-08-25T20:30:00Z,2026-08-25T22:30:00+0200,157.21,EUR/MWh,ES,ES,imbalance_price,Short,2026-08-28T02:01:39Z
2026-08-28T01:53:23Z,2026-08-28T03:53:23+0200,565fb0ed-db72-48c6-a54e-0fdff3a4721b,2026-08-25T20:45:00Z,2026-08-25T22:45:00+0200,133.38,EUR/MWh,ES,ES,imbalance_price,Long,2026-08-28T02:01:39Z
2026-08-28T01:53:23Z,2026-08-28T03:53:23+0200,565fb0ed-db72-48c6-a54e-0fdff3a4721b,2026-08-25T20:45:00Z,2026-08-25T22:45:00+0200,165.78,EUR/MWh,ES,ES,imbalance_price,Short,2026-08-28T02:01:39Z
2026-08-28T01:53:23Z,2026-08-28T03:53:23+0200,565fb0ed-db72-48c6-a54e-0fdff3a4721b,2026-08-25T21:00:00Z,2026-08-25T23:00:00+0200,144.04,EUR/MWh,ES,ES,imbalance_price,Long,2026-08-28T02:01:39Z
2026-08-28T01:53:23Z,2026-08-28T03:53:23+0200,565fb0ed-db72-48c6-a54e-0fdff3a4721b,2026-08-25T21:00:00Z,2026-08-25T23:00:00+0200,168.05,EUR/MWh,ES,ES,imbalance_price,Short,2026-08-28T02:01:39Z
2026-08-28T01:53:23Z,2026-08-28T03:53:23+0200,565fb0ed-db72-48c6-a54e-0fdff3a4721b,2026-08-25T21:15:00Z,2026-08-25T23:15:00+0200,148.19,EUR/MWh,ES,ES,imbalance_price,Long,2026-08-28T02:01:39Z
2026-08-28T01:53:23Z,2026-08-28T03:53:23+0200,565fb0ed-db72-48c6-a54e-0fdff3a4721b,2026-08-25T21:15:00Z,2026-08-25T23:15:00+0200,157.84,EUR/MWh,ES,ES,imbalance_price,Short,2026-08-28T02:01:39Z
2026-08-28T01:53:23Z,2026-08-28T03:53:23+0200,565fb0ed-db72-48c6-a54e-0fdff3a4721b,2026-08-25T21:30:00Z,2026-08-25T23:30:00+0200,136.78,EUR/MWh,ES,ES,imbalance_price,Long,2026-08-28T02:01:39Z
2026-08-28T01:53:23Z,2026-08-28T03:53:23+0200,565fb0ed-db72-48c6-a54e-0fdff3a4721b,2026-08-25T21:30:00Z,2026-08-25T23:30:00+0200,154.94,EUR/MWh,ES,ES,imbalance_price,Short,2026-08-28T02:01:39Z
2026-08-28T01:53:23Z,2026-08-28T03:53:23+0200,565fb0ed-db72-48c6-a54e-0fdff3a4721b,2026-08-25T21:45:00Z,2026-08-25T23:45:00+0200,142.12,EUR/MWh,ES,ES,imbalance_price,Long,2026-08-28T02:01:39Z
2026-08-28T01:53:23Z,2026-08-28T03:53:23+0200,565fb0ed-db72-48c6-a54e-0fdff3a4721b,2026-08-25T21:45:00Z,2026-08-25T23:45:00+0200,154.44,EUR/MWh,ES,ES,imbalance_price,Short,2026-08-28T02:01:39Z
2026-08-28T01:53:23Z,2026-08-28T03:53:23+0200,565fb0ed-db72-48c6-a54e-0fdff3a4721b,2026-08-25T22:00:00Z,2026-08-26T00:00:00+0200,110.33,EUR/MWh,ES,ES,imbalance_price,Long,2026-08-28T02:01:39Z
2026-08-28T01:53:23Z,2026-08-28T03:53:23+0200,565fb0ed-db72-48c6-a54e-0fdff3a4721b,2026-08-25T22:00:00Z,2026-08-26T00:00:00+0200,199.8,EUR/MWh,ES,ES,imbalance_price,Short,2026-08-28T02:01:39Z
2026-08-28T01:53:23Z,2026-08-28T03:53:23+0200,565fb0ed-db72-48c6-a54e-0fdff3a4721b,2026-08-25T22:15:00Z,2026-08-26T00:15:00+0200,0.0,EUR/MWh,ES,ES,imbalance_price,Long,2026-08-28T02:01:39Z
2026-08-28T01:53:23Z,2026-08-28T03:53:23+0200,565fb0ed-db72-48c6-a54e-0fdff3a4721b,2026-08-25T22:15:00Z,2026-08-26T00:15:00+0200,170.55,EUR/MWh,ES,ES,imbalance_price,Short,2026-08-28T02:01:39Z
2026-08-28T01:53:23Z,2026-08-28T03:53:23+0200,565fb0ed-db72-48c6-a54e-0fdff3a4721b,2026-08-25T22:30:00Z,2026-08-26T00:30:00+0200,35.7,EUR/MWh,ES,ES,imbalance_price,Long,2026-08-28T02:01:39Z
2026-08-28T01:53:23Z,2026-08-28T03:53:23+0200,565fb0ed-db72-48c6-a54e-0fdff3a4721b,2026-08-25T22:30:00Z,2026-08-26T00:30:00+0200,171.56,EUR/MWh,ES,ES,imbalance_price,Short,2026-08-28T02:01:39Z
2026-08-28T01:53:23Z,2026-08-28T03:53:23+0200,565fb0ed-db72-48c6-a54e-0fdff3a4721b,2026-08-25T22:45:00Z,2026-08-26T00:45:00+0200,175.86,EUR/MWh,ES,ES,imbalance_price,Long,2026-08-28T02:01:39Z
2026-08-28T01:53:23Z,2026-08-28T03:53:23+0200,565fb0ed-db72-48c6-a54e-0fdff3a4721b,2026-08-25T22:45:00Z,2026-08-26T00:45:00+0200,175.86,EUR/MWh,ES,ES,imbalance_price,Short,2026-08-28T02:01:39Z
2026-08-28T01:53:23Z,2026-08-28T03:53:23+0200,565fb0ed-db72-48c6-a54e-0fdff3a4721b,2026-08-25T23:00:00Z,2026-08-26T01:00:00+0200,191.13,EUR/MWh,ES,ES,imbalance_price,Long,2026-08-28T02:01:39Z
2026-08-28T01:53:23Z,2026-08-28T03:53:23+0200,565fb0ed-db72-48c6-a54e-0fdff3a4721b,2026-08-25T23:00:00Z,2026-08-26T01:00:00+0200,191.13,EUR/MWh,ES,ES,imbalance_price,Short,2026-08-28T02:01:39Z
2026-08-28T01:53:23Z,2026-08-28T03:53:23+0200,565fb0ed-db72-48c6-a54e-0fdff3a4721b,2026-08-25T23:15:00Z,2026-08-26T01:15:00+0200,184.21,EUR/MWh,ES,ES,imbalance_price,Long,2026-08-28T02:01:39Z
2026-08-28T01:53:23Z,2026-08-28T03:53:23+0200,565fb0ed-db72-48c6-a54e-0fdff3a4721b,2026-08-25T23:15:00Z,2026-08-26T01:15:00+0200,184.21,EUR/MWh,ES,ES,imbalance_price,Short,2026-08-28T02:01:39Z
2026-08-28T01:53:23Z,2026-08-28T03:53:23+0200,565fb0ed-db72-48c6-a54e-0fdff3a4721b,2026-08-25T23:30:00Z,2026-08-26T01:30:00+0200,128.57,EUR/MWh,ES,ES,imbalance_price,Long,2026-08-28T02:01:39Z
2026-08-28T01:53:23Z,2026-08-28T03:53:23+0200,565fb0ed-db72-48c6-a54e-0fdff3a4721b,2026-08-25T23:30:00Z,2026-08-26T01:30:00+0200,425.48,EUR/MWh,ES,ES,imbalance_price,Short,2026-08-28T02:01:39Z
2026-08-28T01:53:23Z,2026-08-28T03:53:23+0200,565fb0ed-db72-48c6-a54e-0fdff3a4721b,2026-08-25T23:45:00Z,2026-08-26T01:45:00+0200,226.9,EUR/MWh,ES,ES,imbalance_price,Long,2026-08-28T02:01:39Z
2026-08-28T01:53:23Z,2026-08-28T03:53:23+0200,565fb0ed-db72-48c6-a54e-0fdff3a4721b,2026-08-25T23:45:00Z,2026-08-26T01:45:00+0200,226.9,EUR/MWh,ES,ES,imbalance_price,Short,2026-08-28T02:01:39Z
2026-08-28T01:53:23Z,2026-08-28T03:53:23+0200,565fb0ed-db72-48c6-a54e-0fdff3a4721b,2026-08-26T00:00:00Z,2026-08-26T02:00:00+0200,246.73,EUR/MWh,ES,ES,imbalance_price,Long,2026-08-28T02:01:39Z
2026-08-28T01:53:23Z,2026-08-28T03:53:23+0200,565fb0ed-db72-48c6-a54e-0fdff3a4721b,2026-08-26T00:00:00Z,2026-08-26T02:00:00+0200,246.73,EUR/MWh,ES,ES,imbalance_price,Short,2026-08-28T02:01:39Z
2026-08-28T01:53:23Z,2026-08-28T03:53:23+0200,565fb0ed-db72-48c6-a54e-0fdff3a4721b,2026-08-26T00:15:00Z,2026-08-26T02:15:00+0200,0.0,EUR/MWh,ES,ES,imbalance_price,Long,2026-08-28T02:01:39Z
2026-08-28T01:53:23Z,2026-08-28T03:53:23+0200,565fb0ed-db72-48c6-a54e-0fdff3a4721b,2026-08-26T00:15:00Z,2026-08-26T02:15:00+0200,214.84,EUR/MWh,ES,ES,imbalance_price,Short,2026-08-28T02:01:39Z
2026-08-28T01:53:23Z,2026-08-28T03:53:23+0200,565fb0ed-db72-48c6-a54e-0fdff3a4721b,2026-08-26T00:30:00Z,2026-08-26T02:30:00+0200,0.0,EUR/MWh,ES,ES,imbalance_price,Long,2026-08-28T02:01:39Z
2026-08-28T01:53:23Z,2026-08-28T03:53:23+0200,565fb0ed-db72-48c6-a54e-0fdff3a4721b,2026-08-26T00:30:00Z,2026-08-26T02:30:00+0200,186.33,EUR/MWh,ES,ES,imbalance_price,Short,2026-08-28T02:01:39Z
2026-08-28T01:53:23Z,2026-08-28T03:53:23+0200,565fb0ed-db72-48c6-a54e-0fdff3a4721b,2026-08-26T00:45:00Z,2026-08-26T02:45:00+0200,57.4,EUR/MWh,ES,ES,imbalance_price,Long,2026-08-28T02:01:39Z
2026-08-28T01:53:23Z,2026-08-28T03:53:23+0200,565fb0ed-db72-48c6-a54e-0fdff3a4721b,2026-08-26T00:45:00Z,2026-08-26T02:45:00+0200,180.75,EUR/MWh,ES,ES,imbalance_price,Short,2026-08-28T02:01:39Z
2026-08-28T01:53:23Z,2026-08-28T03:53:23+0200,565fb0ed-db72-48c6-a54e-0fdff3a4721b,2026-08-26T01:00:00Z,2026-08-26T03:00:00+0200,130.23,EUR/MWh,ES,ES,imbalance_price,Long,2026-08-28T02:01:39Z
2026-08-28T01:53:23Z,2026-08-28T03:53:23+0200,565fb0ed-db72-48c6-a54e-0fdff3a4721b,2026-08-26T01:00:00Z,2026-08-26T03:00:00+0200,179.3,EUR/MWh,ES,ES,imbalance_price,Short,2026-08-28T02:01:39Z
2026-08-28T01:53:23Z,2026-08-28T03:53:23+0200,565fb0ed-db72-48c6-a54e-0fdff3a4721b,2026-08-26T01:15:00Z,2026-08-26T03:15:00+0200,10.62,EUR/MWh,ES,ES,imbalance_price,Long,2026-08-28T02:01:39Z
2026-08-28T01:53:23Z,2026-08-28T03:53:23+0200,565fb0ed-db72-48c6-a54e-0fdff3a4721b,2026-08-26T01:15:00Z,2026-08-26T03:15:00+0200,175.27,EUR/MWh,ES,ES,imbalance_price,Short,2026-08-28T02:01:39Z
2026-08-28T01:53:23Z,2026-08-28T03:53:23+0200,565fb0ed-db72-48c6-a54e-0fdff3a4721b,2026-08-26T01:30:00Z,2026-08-26T03:30:00+0200,107.18,EUR/MWh,ES,ES,imbalance_price,Long,2026-08-28T02:01:39Z
2026-08-28T01:53:23Z,2026-08-28T03:53:23+0200,565fb0ed-db72-48c6-a54e-0fdff3a4721b,2026-08-26T01:30:00Z,2026-08-26T03:30:00+0200,172.59,EUR/MWh,ES,ES,imbalance_price,Short,2026-08-28T02:01:39Z
2026-08-28T01:53:23Z,2026-08-28T03:53:23+0200,565fb0ed-db72-48c6-a54e-0fdff3a4721b,2026-08-26T01:45:00Z,2026-08-26T03:45:00+0200,97.08,EUR/MWh,ES,ES,imbalance_price,Long,2026-08-28T02:01:39Z
2026-08-28T01:53:23Z,2026-08-28T03:53:23+0200,565fb0ed-db72-48c6-a54e-0fdff3a4721b,2026-08-26T01:45:00Z,2026-08-26T03:45:00+0200,180.98,EUR/MWh,ES,ES,imbalance_price,Short,2026-08-28T02:01:39Z
2026-08-28T01:53:23Z,2026-08-28T03:53:23+0200,565fb0ed-db72-48c6-a54e-0fdff3a4721b,2026-08-26T02:00:00Z,2026-08-26T04:00:00+0200,98.23,EUR/MWh,ES,ES,imbalance_price,Long,2026-08-28T02:01:39Z
2026-08-28T01:53:23Z,2026-08-28T03:53:23+0200,565fb0ed-db72-48c6-a54e-0fdff3a4721b,2026-08-26T02:00:00Z,2026-08-26T04:00:00+0200,172.06,EUR/MWh,ES,ES,imbalance_price,Short,2026-08-28T02:01:39Z
2026-08-28T01:53:23Z,2026-08-28T03:53:23+0200,565fb0ed-db72-48c6-a54e-0fdff3a4721b,2026-08-26T02:15:00Z,2026-08-26T04:15:00+0200,0.0,EUR/MWh,ES,ES,imbalance_price,Long,2026-08-28T02:01:39Z
2026-08-28T01:53:23Z,2026-08-28T03:53:23+0200,565fb0ed-db72-48c6-a54e-0fdff3a4721b,2026-08-26T02:15:00Z,2026-08-26T04:15:00+0200,174.42,EUR/MWh,ES,ES,imbalance_price,Short,2026-08-28T02:01:39Z
2026-08-28T01:53:23Z,2026-08-28T03:53:23+0200,565fb0ed-db72-48c6-a54e-0fdff3a4721b,2026-08-26T02:30:00Z,2026-08-26T04:30:00+0200,0.0,EUR/MWh,ES,ES,imbalance_price,Long,2026-08-28T02:01:39Z
2026-08-28T01:53:23Z,2026-08-28T03:53:23+0200,565fb0ed-db72-48c6-a54e-0fdff3a4721b,2026-08-26T02:30:00Z,2026-08-26T04:30:00+0200,186.24,EUR/MWh,ES,ES,imbalance_price,Short,2026-08-28T02:01:39Z
2026-08-28T01:53:23Z,2026-08-28T03:53:23+0200,565fb0ed-db72-48c6-a54e-0fdff3a4721b,2026-08-26T02:45:00Z,2026-08-26T04:45:00+0200,65.97,EUR/MWh,ES,ES,imbalance_price,Long,2026-08-28T02:01:39Z
2026-08-28T01:53:23Z,2026-08-28T03:53:23+0200,565fb0ed-db72-48c6-a54e-0fdff3a4721b,2026-08-26T02:45:00Z,2026-08-26T04:45:00+0200,172.36,EUR/MWh,ES,ES,imbalance_price,Short,2026-08-28T02:01:39Z
2026-08-28T01:53:23Z,2026-08-28T03:53:23+0200,565fb0ed-db72-48c6-a54e-0fdff3a4721b,2026-08-26T03:00:00Z,2026-08-26T05:00:00+0200,18.22,EUR/MWh,ES,ES,imbalance_price,Long,2026-08-28T02:01:39Z
2026-08-28T01:53:23Z,2026-08-28T03:53:23+0200,565fb0ed-db72-48c6-a54e-0fdff3a4721b,2026-08-26T03:00:00Z,2026-08-26T05:00:00+0200,172.08,EUR/MWh,ES,ES,imbalance_price,Short,2026-08-28T02:01:39Z
2026-08-28T01:53:23Z,2026-08-28T03:53:23+0200,565fb0ed-db72-48c6-a54e-0fdff3a4721b,2026-08-26T03:15:00Z,2026-08-26T05:15:00+0200,40.21,EUR/MWh,ES,ES,imbalance_price,Long,2026-08-28T02:01:39Z
2026-08-28T01:53:23Z,2026-08-28T03:53:23+0200,565fb0ed-db72-48c6-a54e-0fdff3a4721b,2026-08-26T03:15:00Z,2026-08-26T05:15:00+0200,171.14,EUR/MWh,ES,ES,imbalance_price,Short,2026-08-28T02:01:39Z
2026-08-28T01:53:23Z,2026-08-28T03:53:23+0200,565fb0ed-db72-48c6-a54e-0fdff3a4721b,2026-08-26T03:30:00Z,2026-08-26T05:30:00+0200,127.79,EUR/MWh,ES,ES,imbalance_price,Long,2026-08-28T02:01:39Z
2026-08-28T01:53:23Z,2026-08-28T03:53:23+0200,565fb0ed-db72-48c6-a54e-0fdff3a4721b,2026-08-26T03:30:00Z,2026-08-26T05:30:00+0200,170.49,EUR/MWh,ES,ES,imbalance_price,Short,2026-08-28T02:01:39Z
2026-08-28T01:53:23Z,2026-08-28T03:53:23+0200,565fb0ed-db72-48c6-a54e-0fdff3a4721b,2026-08-26T03:45:00Z,2026-08-26T05:45:00+0200,110.7,EUR/MWh,ES,ES,imbalance_price,Long,2026-08-28T02:01:39Z
2026-08-28T01:53:23Z,2026-08-28T03:53:23+0200,565fb0ed-db72-48c6-a54e-0fdff3a4721b,2026-08-26T03:45:00Z,2026-08-26T05:45:00+0200,167.22,EUR/MWh,ES,ES,imbalance_price,Short,2026-08-28T02:01:39Z
2026-08-28T01:53:23Z,2026-08-28T03:53:23+0200,565fb0ed-db72-48c6-a54e-0fdff3a4721b,2026-08-26T04:00:00Z,2026-08-26T06:00:00+0200,55.7,EUR/MWh,ES,ES,imbalance_price,Long,2026-08-28T02:01:39Z
2026-08-28T01:53:23Z,2026-08-28T03:53:23+0200,565fb0ed-db72-48c6-a54e-0fdff3a4721b,2026-08-26T04:00:00Z,2026-08-26T06:00:00+0200,214.8,EUR/MWh,ES,ES,imbalance_price,Short,2026-08-28T02:01:39Z
2026-08-28T01:53:23Z,2026-08-28T03:53:23+0200,565fb0ed-db72-48c6-a54e-0fdff3a4721b,2026-08-26T04:15:00Z,2026-08-26T06:15:00+0200,0.0,EUR/MWh,ES,ES,imbalance_price,Long,2026-08-28T02:01:39Z
2026-08-28T01:53:23Z,2026-08-28T03:53:23+0200,565fb0ed-db72-48c6-a54e-0fdff3a4721b,2026-08-26T04:15:00Z,2026-08-26T06:15:00+0200,247.0,EUR/MWh,ES,ES,imbalance_price,Short,2026-08-28T02:01:39Z
2026-08-28T01:53:23Z,2026-08-28T03:53:23+0200,565fb0ed-db72-48c6-a54e-0fdff3a4721b,2026-08-26T04:30:00Z,2026-08-26T06:30:00+0200,49.57,EUR/MWh,ES,ES,imbalance_price,Long,2026-08-28T02:01:39Z
2026-08-28T01:53:23Z,2026-08-28T03:53:23+0200,565fb0ed-db72-48c6-a54e-0fdff3a4721b,2026-08-26T04:30:00Z,2026-08-26T06:30:00+0200,263.77,EUR/MWh,ES,ES,imbalance_price,Short,2026-08-28T02:01:39Z
2026-08-28T01:53:23Z,2026-08-28T03:53:23+0200,565fb0ed-db72-48c6-a54e-0fdff3a4721b,2026-08-26T04:45:00Z,2026-08-26T06:45:00+0200,73.21,EUR/MWh,ES,ES,imbalance_price,Long,2026-08-28T02:01:39Z
2026-08-28T01:53:23Z,2026-08-28T03:53:23+0200,565fb0ed-db72-48c6-a54e-0fdff3a4721b,2026-08-26T04:45:00Z,2026-08-26T06:45:00+0200,232.44,EUR/MWh,ES,ES,imbalance_price,Short,2026-08-28T02:01:39Z
2026-08-28T01:53:23Z,2026-08-28T03:53:23+0200,565fb0ed-db72-48c6-a54e-0fdff3a4721b,2026-08-26T05:00:00Z,2026-08-26T07:00:00+0200,139.54,EUR/MWh,ES,ES,imbalance_price,Long,2026-08-28T02:01:39Z
2026-08-28T01:53:23Z,2026-08-28T03:53:23+0200,565fb0ed-db72-48c6-a54e-0fdff3a4721b,2026-08-26T05:00:00Z,2026-08-26T07:00:00+0200,215.36,EUR/MWh,ES,ES,imbalance_price,Short,2026-08-28T02:01:39Z
2026-08-28T01:53:23Z,2026-08-28T03:53:23+0200,565fb0ed-db72-48c6-a54e-0fdff3a4721b,2026-08-26T05:15:00Z,2026-08-26T07:15:00+0200,79.13,EUR/MWh,ES,ES,imbalance_price,Long,2026-08-28T02:01:39Z
2026-08-28T01:53:23Z,2026-08-28T03:53:23+0200,565fb0ed-db72-48c6-a54e-0fdff3a4721b,2026-08-26T05:15:00Z,2026-08-26T07:15:00+0200,210.8,EUR/MWh,ES,ES,imbalance_price,Short,2026-08-28T02:01:39Z
2026-08-28T01:53:23Z,2026-08-28T03:53:23+0200,565fb0ed-db72-48c6-a54e-0fdff3a4721b,2026-08-26T05:30:00Z,2026-08-26T07:30:00+0200,136.61,EUR/MWh,ES,ES,imbalance_price,Long,2026-08-28T02:01:39Z
2026-08-28T01:53:23Z,2026-08-28T03:53:23+0200,565fb0ed-db72-48c6-a54e-0fdff3a4721b,2026-08-26T05:30:00Z,2026-08-26T07:30:00+0200,222.59,EUR/MWh,ES,ES,imbalance_price,Short,2026-08-28T02:01:39Z
2026-08-28T01:53:23Z,2026-08-28T03:53:23+0200,565fb0ed-db72-48c6-a54e-0fdff3a4721b,2026-08-26T05:45:00Z,2026-08-26T07:45:00+0200,137.08,EUR/MWh,ES,ES,imbalance_price,Long,2026-08-28T02:01:39Z
2026-08-28T01:53:23Z,2026-08-28T03:53:23+0200,565fb0ed-db72-48c6-a54e-0fdff3a4721b,2026-08-26T05:45:00Z,2026-08-26T07:45:00+0200,213.78,EUR/MWh,ES,ES,imbalance_price,Short,2026-08-28T02:01:39Z
2026-08-28T01:53:23Z,2026-08-28T03:53:23+0200,565fb0ed-db72-48c6-a54e-0fdff3a4721b,2026-08-26T06:00:00Z,2026-08-26T08:00:00+0200,102.2,EUR/MWh,ES,ES,imbalance_price,Long,2026-08-28T02:01:39Z
2026-08-28T01:53:23Z,2026-08-28T03:53:23+0200,565fb0ed-db72-48c6-a54e-0fdff3a4721b,2026-08-26T06:00:00Z,2026-08-26T08:00:00+0200,175.52,EUR/MWh,ES,ES,imbalance_price,Short,2026-08-28T02:01:39Z
2026-08-28T01:53:23Z,2026-08-28T03:53:23+0200,565fb0ed-db72-48c6-a54e-0fdff3a4721b,2026-08-26T06:15:00Z,2026-08-26T08:15:00+0200,186.95,EUR/MWh,ES,ES,imbalance_price,Long,2026-08-28T02:01:39Z
2026-08-28T01:53:23Z,2026-08-28T03:53:23+0200,565fb0ed-db72-48c6-a54e-0fdff3a4721b,2026-08-26T06:15:00Z,2026-08-26T08:15:00+0200,186.95,EUR/MWh,ES,ES,imbalance_price,Short,2026-08-28T02:01:39Z
2026-08-28T01:53:23Z,2026-08-28T03:53:23+0200,565fb0ed-db72-48c6-a54e-0fdff3a4721b,2026-08-26T06:30:00Z,2026-08-26T08:30:00+0200,133.78,EUR/MWh,ES,ES,imbalance_price,Long,2026-08-28T02:01:39Z
2026-08-28T01:53:23Z,2026-08-28T03:53:23+0200,565fb0ed-db72-48c6-a54e-0fdff3a4721b,2026-08-26T06:30:00Z,2026-08-26T08:30:00+0200,181.78,EUR/MWh,ES,ES,imbalance_price,Short,2026-08-28T02:01:39Z
2026-08-28T01:53:23Z,2026-08-28T03:53:23+0200,565fb0ed-db72-48c6-a54e-0fdff3a4721b,2026-08-26T06:45:00Z,2026-08-26T08:45:00+0200,118.14,EUR/MWh,ES,ES,imbalance_price,Long,2026-08-28T02:01:39Z
2026-08-28T01:53:23Z,2026-08-28T03:53:23+0200,565fb0ed-db72-48c6-a54e-0fdff3a4721b,2026-08-26T06:45:00Z,2026-08-26T08:45:00+0200,166.12,EUR/MWh,ES,ES,imbalance_price,Short,2026-08-28T02:01:39Z
2026-08-28T01:53:23Z,2026-08-28T03:53:23+0200,565fb0ed-db72-48c6-a54e-0fdff3a4721b,2026-08-26T07:00:00Z,2026-08-26T09:00:00+0200,189.26,EUR/MWh,ES,ES,imbalance_price,Long,2026-08-28T02:01:39Z
2026-08-28T01:53:23Z,2026-08-28T03:53:23+0200,565fb0ed-db72-48c6-a54e-0fdff3a4721b,2026-08-26T07:00:00Z,2026-08-26T09:00:00+0200,189.26,EUR/MWh,ES,ES,imbalance_price,Short,2026-08-28T02:01:39Z
2026-08-28T01:53:23Z,2026-08-28T03:53:23+0200,565fb0ed-db72-48c6-a54e-0fdff3a4721b,2026-08-26T07:15:00Z,2026-08-26T09:15:00+0200,223.03,EUR/MWh,ES,ES,imbalance_price,Long,2026-08-28T02:01:39Z
2026-08-28T01:53:23Z,2026-08-28T03:53:23+0200,565fb0ed-db72-48c6-a54e-0fdff3a4721b,2026-08-26T07:15:00Z,2026-08-26T09:15:00+0200,223.03,EUR/MWh,ES,ES,imbalance_price,Short,2026-08-28T02:01:39Z
2026-08-28T01:53:23Z,2026-08-28T03:53:23+0200,565fb0ed-db72-48c6-a54e-0fdff3a4721b,2026-08-26T07:30:00Z,2026-08-26T09:30:00+0200,251.1,EUR/MWh,ES,ES,imbalance_price,Long,2026-08-28T02:01:39Z
2026-08-28T01:53:23Z,2026-08-28T03:53:23+0200,565fb0ed-db72-48c6-a54e-0fdff3a4721b,2026-08-26T07:30:00Z,2026-08-26T09:30:00+0200,251.1,EUR/MWh,ES,ES,imbalance_price,Short,2026-08-28T02:01:39Z
2026-08-28T01:53:23Z,2026-08-28T03:53:23+0200,565fb0ed-db72-48c6-a54e-0fdff3a4721b,2026-08-26T07:45:00Z,2026-08-26T09:45:00+0200,2.12,EUR/MWh,ES,ES,imbalance_price,Long,2026-08-28T02:01:39Z
2026-08-28T01:53:23Z,2026-08-28T03:53:23+0200,565fb0ed-db72-48c6-a54e-0fdff3a4721b,2026-08-26T07:45:00Z,2026-08-26T09:45:00+0200,222.86,EUR/MWh,ES,ES,imbalance_price,Short,2026-08-28T02:01:39Z
2026-08-28T01:53:23Z,2026-08-28T03:53:23+0200,565fb0ed-db72-48c6-a54e-0fdff3a4721b,2026-08-26T08:00:00Z,2026-08-26T10:00:00+0200,15.34,EUR/MWh,ES,ES,imbalance_price,Long,2026-08-28T02:01:39Z
2026-08-28T01:53:23Z,2026-08-28T03:53:23+0200,565fb0ed-db72-48c6-a54e-0fdff3a4721b,2026-08-26T08:00:00Z,2026-08-26T10:00:00+0200,92.59,EUR/MWh,ES,ES,imbalance_price,Short,2026-08-28T02:01:39Z
2026-08-28T01:53:23Z,2026-08-28T03:53:23+0200,565fb0ed-db72-48c6-a54e-0fdff3a4721b,2026-08-26T08:15:00Z,2026-08-26T10:15:00+0200,49.52,EUR/MWh,ES,ES,imbalance_price,Long,2026-08-28T02:01:39Z
2026-08-28T01:53:23Z,2026-08-28T03:53:23+0200,565fb0ed-db72-48c6-a54e-0fdff3a4721b,2026-08-26T08:15:00Z,2026-08-26T10:15:00+0200,88.18,EUR/MWh,ES,ES,imbalance_price,Short,2026-08-28T02:01:39Z
2026-08-28T01:53:23Z,2026-08-28T03:53:23+0200,565fb0ed-db72-48c6-a54e-0fdff3a4721b,2026-08-26T08:30:00Z,2026-08-26T10:30:00+0200,22.12,EUR/MWh,ES,ES,imbalance_price,Long,2026-08-28T02:01:39Z
2026-08-28T01:53:23Z,2026-08-28T03:53:23+0200,565fb0ed-db72-48c6-a54e-0fdff3a4721b,2026-08-26T08:30:00Z,2026-08-26T10:30:00+0200,48.3,EUR/MWh,ES,ES,imbalance_price,Short,2026-08-28T02:01:39Z
2026-08-28T01:53:23Z,2026-08-28T03:53:23+0200,565fb0ed-db72-48c6-a54e-0fdff3a4721b,2026-08-26T08:45:00Z,2026-08-26T10:45:00+0200,-2.37,EUR/MWh,ES,ES,imbalance_price,Long,2026-08-28T02:01:39Z
2026-08-28T01:53:23Z,2026-08-28T03:53:23+0200,565fb0ed-db72-48c6-a54e-0fdff3a4721b,2026-08-26T08:45:00Z,2026-08-26T10:45:00+0200,17.45,EUR/MWh,ES,ES,imbalance_price,Short,2026-08-28T02:01:39Z
2026-08-28T01:53:23Z,2026-08-28T03:53:23+0200,565fb0ed-db72-48c6-a54e-0fdff3a4721b,2026-08-26T09:00:00Z,2026-08-26T11:00:00+0200,-0.68,EUR/MWh,ES,ES,imbalance_price,Long,2026-08-28T02:01:39Z
2026-08-28T01:53:23Z,2026-08-28T03:53:23+0200,565fb0ed-db72-48c6-a54e-0fdff3a4721b,2026-08-26T09:00:00Z,2026-08-26T11:00:00+0200,-0.68,EUR/MWh,ES,ES,imbalance_price,Short,2026-08-28T02:01:39Z
2026-08-28T01:53:23Z,2026-08-28T03:53:23+0200,565fb0ed-db72-48c6-a54e-0fdff3a4721b,2026-08-26T09:15:00Z,2026-08-26T11:15:00+0200,-2.37,EUR/MWh,ES,ES,imbalance_price,Long,2026-08-28T02:01:39Z
2026-08-28T01:53:23Z,2026-08-28T03:53:23+0200,565fb0ed-db72-48c6-a54e-0fdff3a4721b,2026-08-26T09:15:00Z,2026-08-26T11:15:00+0200,-2.37,EUR/MWh,ES,ES,imbalance_price,Short,2026-08-28T02:01:39Z
2026-08-28T01:53:23Z,2026-08-28T03:53:23+0200,565fb0ed-db72-48c6-a54e-0fdff3a4721b,2026-08-26T09:30:00Z,2026-08-26T11:30:00+0200,-0.1,EUR/MWh,ES,ES,imbalance_price,Long,2026-08-28T02:01:39Z
2026-08-28T01:53:23Z,2026-08-28T03:53:23+0200,565fb0ed-db72-48c6-a54e-0fdff3a4721b,2026-08-26T09:30:00Z,2026-08-26T11:30:00+0200,37.37,EUR/MWh,ES,ES,imbalance_price,Short,2026-08-28T02:01:39Z
2026-08-28T01:53:23Z,2026-08-28T03:53:23+0200,565fb0ed-db72-48c6-a54e-0fdff3a4721b,2026-08-26T09:45:00Z,2026-08-26T11:45:00+0200,-3.34,EUR/MWh,ES,ES,imbalance_price,Long,2026-08-28T02:01:39Z
2026-08-28T01:53:23Z,2026-08-28T03:53:23+0200,565fb0ed-db72-48c6-a54e-0fdff3a4721b,2026-08-26T09:45:00Z,2026-08-26T11:45:00+0200,-3.34,EUR/MWh,ES,ES,imbalance_price,Short,2026-08-28T02:01:39Z
2026-08-28T01:53:23Z,2026-08-28T03:53:23+0200,565fb0ed-db72-48c6-a54e-0fdff3a4721b,2026-08-26T10:00:00Z,2026-08-26T12:00:00+0200,-2.76,EUR/MWh,ES,ES,imbalance_price,Long,2026-08-28T02:01:39Z
2026-08-28T01:53:23Z,2026-08-28T03:53:23+0200,565fb0ed-db72-48c6-a54e-0fdff3a4721b,2026-08-26T10:00:00Z,2026-08-26T12:00:00+0200,-2.76,EUR/MWh,ES,ES,imbalance_price,Short,2026-08-28T02:01:39Z
2026-08-28T01:53:23Z,2026-08-28T03:53:23+0200,565fb0ed-db72-48c6-a54e-0fdff3a4721b,2026-08-26T10:15:00Z,2026-08-26T12:15:00+0200,-0.76,EUR/MWh,ES,ES,imbalance_price,Long,2026-08-28T02:01:39Z
2026-08-28T01:53:23Z,2026-08-28T03:53:23+0200,565fb0ed-db72-48c6-a54e-0fdff3a4721b,2026-08-26T10:15:00Z,2026-08-26T12:15:00+0200,-0.76,EUR/MWh,ES,ES,imbalance_price,Short,2026-08-28T02:01:39Z
2026-08-28T01:53:23Z,2026-08-28T03:53:23+0200,565fb0ed-db72-48c6-a54e-0fdff3a4721b,2026-08-26T10:30:00Z,2026-08-26T12:30:00+0200,-0.02,EUR/MWh,ES,ES,imbalance_price,Long,2026-08-28T02:01:39Z
2026-08-28T01:53:23Z,2026-08-28T03:53:23+0200,565fb0ed-db72-48c6-a54e-0fdff3a4721b,2026-08-26T10:30:00Z,2026-08-26T12:30:00+0200,17.73,EUR/MWh,ES,ES,imbalance_price,Short,2026-08-28T02:01:39Z
2026-08-28T01:53:23Z,2026-08-28T03:53:23+0200,565fb0ed-db72-48c6-a54e-0fdff3a4721b,2026-08-26T10:45:00Z,2026-08-26T12:45:00+0200,-0.37,EUR/MWh,ES,ES,imbalance_price,Long,2026-08-28T02:01:39Z
2026-08-28T01:53:23Z,2026-08-28T03:53:23+0200,565fb0ed-db72-48c6-a54e-0fdff3a4721b,2026-08-26T10:45:00Z,2026-08-26T12:45:00+0200,-0.37,EUR/MWh,ES,ES,imbalance_price,Short,2026-08-28T02:01:39Z
2026-08-28T01:53:23Z,2026-08-28T03:53:23+0200,565fb0ed-db72-48c6-a54e-0fdff3a4721b,2026-08-26T11:00:00Z,2026-08-26T13:00:00+0200,-0.02,EUR/MWh,ES,ES,imbalance_price,Long,2026-08-28T02:01:39Z
2026-08-28T01:53:23Z,2026-08-28T03:53:23+0200,565fb0ed-db72-48c6-a54e-0fdff3a4721b,2026-08-26T11:00:00Z,2026-08-26T13:00:00+0200,28.24,EUR/MWh,ES,ES,imbalance_price,Short,2026-08-28T02:01:39Z
2026-08-28T01:53:23Z,2026-08-28T03:53:23+0200,565fb0ed-db72-48c6-a54e-0fdff3a4721b,2026-08-26T11:15:00Z,2026-08-26T13:15:00+0200,0.0,EUR/MWh,ES,ES,imbalance_price,Long,2026-08-28T02:01:39Z
2026-08-28T01:53:23Z,2026-08-28T03:53:23+0200,565fb0ed-db72-48c6-a54e-0fdff3a4721b,2026-08-26T11:15:00Z,2026-08-26T13:15:00+0200,45.28,EUR/MWh,ES,ES,imbalance_price,Short,2026-08-28T02:01:39Z
2026-08-28T01:53:23Z,2026-08-28T03:53:23+0200,565fb0ed-db72-48c6-a54e-0fdff3a4721b,2026-08-26T11:30:00Z,2026-08-26T13:30:00+0200,-0.78,EUR/MWh,ES,ES,imbalance_price,Long,2026-08-28T02:01:39Z
2026-08-28T01:53:23Z,2026-08-28T03:53:23+0200,565fb0ed-db72-48c6-a54e-0fdff3a4721b,2026-08-26T11:30:00Z,2026-08-26T13:30:00+0200,0.22,EUR/MWh,ES,ES,imbalance_price,Short,2026-08-28T02:01:39Z
2026-08-28T01:53:23Z,2026-08-28T03:53:23+0200,565fb0ed-db72-48c6-a54e-0fdff3a4721b,2026-08-26T11:45:00Z,2026-08-26T13:45:00+0200,-0.67,EUR/MWh,ES,ES,imbalance_price,Long,2026-08-28T02:01:39Z
2026-08-28T01:53:23Z,2026-08-28T03:53:23+0200,565fb0ed-db72-48c6-a54e-0fdff3a4721b,2026-08-26T11:45:00Z,2026-08-26T13:45:00+0200,-0.67,EUR/MWh,ES,ES,imbalance_price,Short,2026-08-28T02:01:39Z
2026-08-28T01:53:23Z,2026-08-28T03:53:23+0200,565fb0ed-db72-48c6-a54e-0fdff3a4721b,2026-08-26T12:00:00Z,2026-08-26T14:00:00+0200,-0.02,EUR/MWh,ES,ES,imbalance_price,Long,2026-08-28T02:01:39Z
2026-08-28T01:53:23Z,2026-08-28T03:53:23+0200,565fb0ed-db72-48c6-a54e-0fdff3a4721b,2026-08-26T12:00:00Z,2026-08-26T14:00:00+0200,15.23,EUR/MWh,ES,ES,imbalance_price,Short,2026-08-28T02:01:39Z
2026-08-28T01:53:23Z,2026-08-28T03:53:23+0200,565fb0ed-db72-48c6-a54e-0fdff3a4721b,2026-08-26T12:15:00Z,2026-08-26T14:15:00+0200,0.0,EUR/MWh,ES,ES,imbalance_price,Long,2026-08-28T02:01:39Z
2026-08-28T01:53:23Z,2026-08-28T03:53:23+0200,565fb0ed-db72-48c6-a54e-0fdff3a4721b,2026-08-26T12:15:00Z,2026-08-26T14:15:00+0200,37.68,EUR/MWh,ES,ES,imbalance_price,Short,2026-08-28T02:01:39Z
2026-08-28T01:53:23Z,2026-08-28T03:53:23+0200,565fb0ed-db72-48c6-a54e-0fdff3a4721b,2026-08-26T12:30:00Z,2026-08-26T14:30:00+0200,-1.4,EUR/MWh,ES,ES,imbalance_price,Long,2026-08-28T02:01:39Z
2026-08-28T01:53:23Z,2026-08-28T03:53:23+0200,565fb0ed-db72-48c6-a54e-0fdff3a4721b,2026-08-26T12:30:00Z,2026-08-26T14:30:00+0200,-1.4,EUR/MWh,ES,ES,imbalance_price,Short,2026-08-28T02:01:39Z
2026-08-28T01:53:23Z,2026-08-28T03:53:23+0200,565fb0ed-db72-48c6-a54e-0fdff3a4721b,2026-08-26T12:45:00Z,2026-08-26T14:45:00+0200,-2.54,EUR/MWh,ES,ES,imbalance_price,Long,2026-08-28T02:01:39Z
2026-08-28T01:53:23Z,2026-08-28T03:53:23+0200,565fb0ed-db72-48c6-a54e-0fdff3a4721b,2026-08-26T12:45:00Z,2026-08-26T14:45:00+0200,-2.54,EUR/MWh,ES,ES,imbalance_price,Short,2026-08-28T02:01:39Z
2026-08-28T01:53:23Z,2026-08-28T03:53:23+0200,565fb0ed-db72-48c6-a54e-0fdff3a4721b,2026-08-26T13:00:00Z,2026-08-26T15:00:00+0200,-1.02,EUR/MWh,ES,ES,imbalance_price,Long,2026-08-28T02:01:39Z
2026-08-28T01:53:23Z,2026-08-28T03:53:23+0200,565fb0ed-db72-48c6-a54e-0fdff3a4721b,2026-08-26T13:00:00Z,2026-08-26T15:00:00+0200,-1.02,EUR/MWh,ES,ES,imbalance_price,Short,2026-08-28T02:01:39Z
2026-08-28T01:53:23Z,2026-08-28T03:53:23+0200,565fb0ed-db72-48c6-a54e-0fdff3a4721b,2026-08-26T13:15:00Z,2026-08-26T15:15:00+0200,-0.13,EUR/MWh,ES,ES,imbalance_price,Long,2026-08-28T02:01:39Z
2026-08-28T01:53:23Z,2026-08-28T03:53:23+0200,565fb0ed-db72-48c6-a54e-0fdff3a4721b,2026-08-26T13:15:00Z,2026-08-26T15:15:00+0200,7.88,EUR/MWh,ES,ES,imbalance_price,Short,2026-08-28T02:01:39Z
2026-08-28T01:53:23Z,2026-08-28T03:53:23+0200,565fb0ed-db72-48c6-a54e-0fdff3a4721b,2026-08-26T13:30:00Z,2026-08-26T15:30:00+0200,-0.01,EUR/MWh,ES,ES,imbalance_price,Long,2026-08-28T02:01:39Z
2026-08-28T01:53:23Z,2026-08-28T03:53:23+0200,565fb0ed-db72-48c6-a54e-0fdff3a4721b,2026-08-26T13:30:00Z,2026-08-26T15:30:00+0200,3.6,EUR/MWh,ES,ES,imbalance_price,Short,2026-08-28T02:01:39Z
2026-08-28T01:53:23Z,2026-08-28T03:53:23+0200,565fb0ed-db72-48c6-a54e-0fdff3a4721b,2026-08-26T13:45:00Z,2026-08-26T15:45:00+0200,-0.03,EUR/MWh,ES,ES,imbalance_price,Long,2026-08-28T02:01:39Z
2026-08-28T01:53:23Z,2026-08-28T03:53:23+0200,565fb0ed-db72-48c6-a54e-0fdff3a4721b,2026-08-26T13:45:00Z,2026-08-26T15:45:00+0200,4.08,EUR/MWh,ES,ES,imbalance_price,Short,2026-08-28T02:01:39Z
2026-08-28T01:53:23Z,2026-08-28T03:53:23+0200,565fb0ed-db72-48c6-a54e-0fdff3a4721b,2026-08-26T14:00:00Z,2026-08-26T16:00:00+0200,-0.27,EUR/MWh,ES,ES,imbalance_price,Long,2026-08-28T02:01:39Z
2026-08-28T01:53:23Z,2026-08-28T03:53:23+0200,565fb0ed-db72-48c6-a54e-0fdff3a4721b,2026-08-26T14:00:00Z,2026-08-26T16:00:00+0200,11.42,EUR/MWh,ES,ES,imbalance_price,Short,2026-08-28T02:01:39Z
2026-08-28T01:53:23Z,2026-08-28T03:53:23+0200,565fb0ed-db72-48c6-a54e-0fdff3a4721b,2026-08-26T14:15:00Z,2026-08-26T16:15:00+0200,-1.91,EUR/MWh,ES,ES,imbalance_price,Long,2026-08-28T02:01:39Z
2026-08-28T01:53:23Z,2026-08-28T03:53:23+0200,565fb0ed-db72-48c6-a54e-0fdff3a4721b,2026-08-26T14:15:00Z,2026-08-26T16:15:00+0200,-1.91,EUR/MWh,ES,ES,imbalance_price,Short,2026-08-28T02:01:39Z
2026-08-28T01:53:23Z,2026-08-28T03:53:23+0200,565fb0ed-db72-48c6-a54e-0fdff3a4721b,2026-08-26T14:30:00Z,2026-08-26T16:30:00+0200,-0.01,EUR/MWh,ES,ES,imbalance_price,Long,2026-08-28T02:01:39Z
2026-08-28T01:53:23Z,2026-08-28T03:53:23+0200,565fb0ed-db72-48c6-a54e-0fdff3a4721b,2026-08-26T14:30:00Z,2026-08-26T16:30:00+0200,-0.01,EUR/MWh,ES,ES,imbalance_price,Short,2026-08-28T02:01:39Z
2026-08-28T01:53:23Z,2026-08-28T03:53:23+0200,565fb0ed-db72-48c6-a54e-0fdff3a4721b,2026-08-26T14:45:00Z,2026-08-26T16:45:00+0200,-0.01,EUR/MWh,ES,ES,imbalance_price,Long,2026-08-28T02:01:39Z
2026-08-28T01:53:23Z,2026-08-28T03:53:23+0200,565fb0ed-db72-48c6-a54e-0fdff3a4721b,2026-08-26T14:45:00Z,2026-08-26T16:45:00+0200,52.83,EUR/MWh,ES,ES,imbalance_price,Short,2026-08-28T02:01:39Z
2026-08-28T01:53:23Z,2026-08-28T03:53:23+0200,565fb0ed-db72-48c6-a54e-0fdff3a4721b,2026-08-26T15:00:00Z,2026-08-26T17:00:00+0200,-0.28,EUR/MWh,ES,ES,imbalance_price,Long,2026-08-28T02:01:39Z
2026-08-28T01:53:23Z,2026-08-28T03:53:23+0200,565fb0ed-db72-48c6-a54e-0fdff3a4721b,2026-08-26T15:00:00Z,2026-08-26T17:00:00+0200,156.57,EUR/MWh,ES,ES,imbalance_price,Short,2026-08-28T02:01:39Z
2026-08-28T01:53:23Z,2026-08-28T03:53:23+0200,565fb0ed-db72-48c6-a54e-0fdff3a4721b,2026-08-26T15:15:00Z,2026-08-26T17:15:00+0200,-0.11,EUR/MWh,ES,ES,imbalance_price,Long,2026-08-28T02:01:39Z
2026-08-28T01:53:23Z,2026-08-28T03:53:23+0200,565fb0ed-db72-48c6-a54e-0fdff3a4721b,2026-08-26T15:15:00Z,2026-08-26T17:15:00+0200,48.69,EUR/MWh,ES,ES,imbalance_price,Short,2026-08-28T02:01:39Z
2026-08-28T01:53:23Z,2026-08-28T03:53:23+0200,565fb0ed-db72-48c6-a54e-0fdff3a4721b,2026-08-26T15:30:00Z,2026-08-26T17:30:00+0200,-0.23,EUR/MWh,ES,ES,imbalance_price,Long,2026-08-28T02:01:39Z
2026-08-28T01:53:23Z,2026-08-28T03:53:23+0200,565fb0ed-db72-48c6-a54e-0fdff3a4721b,2026-08-26T15:30:00Z,2026-08-26T17:30:00+0200,13.33,EUR/MWh,ES,ES,imbalance_price,Short,2026-08-28T02:01:39Z
2026-08-28T01:53:23Z,2026-08-28T03:53:23+0200,565fb0ed-db72-48c6-a54e-0fdff3a4721b,2026-08-26T15:45:00Z,2026-08-26T17:45:00+0200,124.92,EUR/MWh,ES,ES,imbalance_price,Long,2026-08-28T02:01:39Z
2026-08-28T01:53:23Z,2026-08-28T03:53:23+0200,565fb0ed-db72-48c6-a54e-0fdff3a4721b,2026-08-26T15:45:00Z,2026-08-26T17:45:00+0200,124.92,EUR/MWh,ES,ES,imbalance_price,Short,2026-08-28T02:01:39Z
2026-08-28T01:53:23Z,2026-08-28T03:53:23+0200,565fb0ed-db72-48c6-a54e-0fdff3a4721b,2026-08-26T16:00:00Z,2026-08-26T18:00:00+0200,129.64,EUR/MWh,ES,ES,imbalance_price,Long,2026-08-28T02:01:39Z
2026-08-28T01:53:23Z,2026-08-28T03:53:23+0200,565fb0ed-db72-48c6-a54e-0fdff3a4721b,2026-08-26T16:00:00Z,2026-08-26T18:00:00+0200,129.64,EUR/MWh,ES,ES,imbalance_price,Short,2026-08-28T02:01:39Z
2026-08-28T01:53:23Z,2026-08-28T03:53:23+0200,565fb0ed-db72-48c6-a54e-0fdff3a4721b,2026-08-26T16:15:00Z,2026-08-26T18:15:00+0200,197.84,EUR/MWh,ES,ES,imbalance_price,Long,2026-08-28T02:01:39Z
2026-08-28T01:53:23Z,2026-08-28T03:53:23+0200,565fb0ed-db72-48c6-a54e-0fdff3a4721b,2026-08-26T16:15:00Z,2026-08-26T18:15:00+0200,197.84,EUR/MWh,ES,ES,imbalance_price,Short,2026-08-28T02:01:39Z
2026-08-28T01:53:23Z,2026-08-28T03:53:23+0200,565fb0ed-db72-48c6-a54e-0fdff3a4721b,2026-08-26T16:30:00Z,2026-08-26T18:30:00+0200,210.15,EUR/MWh,ES,ES,imbalance_price,Long,2026-08-28T02:01:39Z
2026-08-28T01:53:23Z,2026-08-28T03:53:23+0200,565fb0ed-db72-48c6-a54e-0fdff3a4721b,2026-08-26T16:30:00Z,2026-08-26T18:30:00+0200,210.15,EUR/MWh,ES,ES,imbalance_price,Short,2026-08-28T02:01:39Z
2026-08-28T01:53:23Z,2026-08-28T03:53:23+0200,565fb0ed-db72-48c6-a54e-0fdff3a4721b,2026-08-26T16:45:00Z,2026-08-26T18:45:00+0200,210.9,EUR/MWh,ES,ES,imbalance_price,Long,2026-08-28T02:01:39Z
2026-08-28T01:53:23Z,2026-08-28T03:53:23+0200,565fb0ed-db72-48c6-a54e-0fdff3a4721b,2026-08-26T16:45:00Z,2026-08-26T18:45:00+0200,210.9,EUR/MWh,ES,ES,imbalance_price,Short,2026-08-28T02:01:39Z
2026-08-28T01:53:23Z,2026-08-28T03:53:23+0200,565fb0ed-db72-48c6-a54e-0fdff3a4721b,2026-08-26T17:00:00Z,2026-08-26T19:00:00+0200,213.64,EUR/MWh,ES,ES,imbalance_price,Long,2026-08-28T02:01:39Z
2026-08-28T01:53:23Z,2026-08-28T03:53:23+0200,565fb0ed-db72-48c6-a54e-0fdff3a4721b,2026-08-26T17:00:00Z,2026-08-26T19:00:00+0200,213.64,EUR/MWh,ES,ES,imbalance_price,Short,2026-08-28T02:01:39Z
2026-08-28T01:53:23Z,2026-08-28T03:53:23+0200,565fb0ed-db72-48c6-a54e-0fdff3a4721b,2026-08-26T17:15:00Z,2026-08-26T19:15:00+0200,257.91,EUR/MWh,ES,ES,imbalance_price,Long,2026-08-28T02:01:39Z
2026-08-28T01:53:23Z,2026-08-28T03:53:23+0200,565fb0ed-db72-48c6-a54e-0fdff3a4721b,2026-08-26T17:15:00Z,2026-08-26T19:15:00+0200,257.91,EUR/MWh,ES,ES,imbalance_price,Short,2026-08-28T02:01:39Z
2026-08-28T01:53:23Z,2026-08-28T03:53:23+0200,565fb0ed-db72-48c6-a54e-0fdff3a4721b,2026-08-26T17:30:00Z,2026-08-26T19:30:00+0200,264.12,EUR/MWh,ES,ES,imbalance_price,Long,2026-08-28T02:01:39Z
2026-08-28T01:53:23Z,2026-08-28T03:53:23+0200,565fb0ed-db72-48c6-a54e-0fdff3a4721b,2026-08-26T17:30:00Z,2026-08-26T19:30:00+0200,264.12,EUR/MWh,ES,ES,imbalance_price,Short,2026-08-28T02:01:39Z
2026-08-28T01:53:23Z,2026-08-28T03:53:23+0200,565fb0ed-db72-48c6-a54e-0fdff3a4721b,2026-08-26T17:45:00Z,2026-08-26T19:45:00+0200,-73.24,EUR/MWh,ES,ES,imbalance_price,Long,2026-08-28T02:01:39Z
2026-08-28T01:53:23Z,2026-08-28T03:53:23+0200,565fb0ed-db72-48c6-a54e-0fdff3a4721b,2026-08-26T17:45:00Z,2026-08-26T19:45:00+0200,294.99,EUR/MWh,ES,ES,imbalance_price,Short,2026-08-28T02:01:39Z
2026-08-28T01:53:23Z,2026-08-28T03:53:23+0200,565fb0ed-db72-48c6-a54e-0fdff3a4721b,2026-08-26T18:00:00Z,2026-08-26T20:00:00+0200,-7.66,EUR/MWh,ES,ES,imbalance_price,Long,2026-08-28T02:01:39Z
2026-08-28T01:53:23Z,2026-08-28T03:53:23+0200,565fb0ed-db72-48c6-a54e-0fdff3a4721b,2026-08-26T18:00:00Z,2026-08-26T20:00:00+0200,191.44,EUR/MWh,ES,ES,imbalance_price,Short,2026-08-28T02:01:39Z
2026-08-28T01:53:23Z,2026-08-28T03:53:23+0200,565fb0ed-db72-48c6-a54e-0fdff3a4721b,2026-08-26T18:15:00Z,2026-08-26T20:15:00+0200,209.42,EUR/MWh,ES,ES,imbalance_price,Long,2026-08-28T02:01:39Z
2026-08-28T01:53:23Z,2026-08-28T03:53:23+0200,565fb0ed-db72-48c6-a54e-0fdff3a4721b,2026-08-26T18:15:00Z,2026-08-26T20:15:00+0200,209.42,EUR/MWh,ES,ES,imbalance_price,Short,2026-08-28T02:01:39Z
2026-08-28T01:53:23Z,2026-08-28T03:53:23+0200,565fb0ed-db72-48c6-a54e-0fdff3a4721b,2026-08-26T18:30:00Z,2026-08-26T20:30:00+0200,241.03,EUR/MWh,ES,ES,imbalance_price,Long,2026-08-28T02:01:39Z
2026-08-28T01:53:23Z,2026-08-28T03:53:23+0200,565fb0ed-db72-48c6-a54e-0fdff3a4721b,2026-08-26T18:30:00Z,2026-08-26T20:30:00+0200,241.03,EUR/MWh,ES,ES,imbalance_price,Short,2026-08-28T02:01:39Z
2026-08-28T01:53:23Z,2026-08-28T03:53:23+0200,565fb0ed-db72-48c6-a54e-0fdff3a4721b,2026-08-26T18:45:00Z,2026-08-26T20:45:00+0200,223.19,EUR/MWh,ES,ES,imbalance_price,Long,2026-08-28T02:01:39Z
2026-08-28T01:53:23Z,2026-08-28T03:53:23+0200,565fb0ed-db72-48c6-a54e-0fdff3a4721b,2026-08-26T18:45:00Z,2026-08-26T20:45:00+0200,223.19,EUR/MWh,ES,ES,imbalance_price,Short,2026-08-28T02:01:39Z
2026-08-28T01:53:23Z,2026-08-28T03:53:23+0200,565fb0ed-db72-48c6-a54e-0fdff3a4721b,2026-08-26T19:00:00Z,2026-08-26T21:00:00+0200,221.91,EUR/MWh,ES,ES,imbalance_price,Long,2026-08-28T02:01:39Z
2026-08-28T01:53:23Z,2026-08-28T03:53:23+0200,565fb0ed-db72-48c6-a54e-0fdff3a4721b,2026-08-26T19:00:00Z,2026-08-26T21:00:00+0200,221.91,EUR/MWh,ES,ES,imbalance_price,Short,2026-08-28T02:01:39Z
2026-08-28T01:53:23Z,2026-08-28T03:53:23+0200,565fb0ed-db72-48c6-a54e-0fdff3a4721b,2026-08-26T19:15:00Z,2026-08-26T21:15:00+0200,216.54,EUR/MWh,ES,ES,imbalance_price,Long,2026-08-28T02:01:39Z
2026-08-28T01:53:23Z,2026-08-28T03:53:23+0200,565fb0ed-db72-48c6-a54e-0fdff3a4721b,2026-08-26T19:15:00Z,2026-08-26T21:15:00+0200,216.54,EUR/MWh,ES,ES,imbalance_price,Short,2026-08-28T02:01:39Z
2026-08-28T01:53:23Z,2026-08-28T03:53:23+0200,565fb0ed-db72-48c6-a54e-0fdff3a4721b,2026-08-26T19:30:00Z,2026-08-26T21:30:00+0200,217.34,EUR/MWh,ES,ES,imbalance_price,Long,2026-08-28T02:01:39Z
2026-08-28T01:53:23Z,2026-08-28T03:53:23+0200,565fb0ed-db72-48c6-a54e-0fdff3a4721b,2026-08-26T19:30:00Z,2026-08-26T21:30:00+0200,217.34,EUR/MWh,ES,ES,imbalance_price,Short,2026-08-28T02:01:39Z
2026-08-28T01:53:23Z,2026-08-28T03:53:23+0200,565fb0ed-db72-48c6-a54e-0fdff3a4721b,2026-08-26T19:45:00Z,2026-08-26T21:45:00+0200,128.03,EUR/MWh,ES,ES,imbalance_price,Long,2026-08-28T02:01:39Z
2026-08-28T01:53:23Z,2026-08-28T03:53:23+0200,565fb0ed-db72-48c6-a54e-0fdff3a4721b,2026-08-26T19:45:00Z,2026-08-26T21:45:00+0200,221.32,EUR/MWh,ES,ES,imbalance_price,Short,2026-08-28T02:01:39Z
2026-08-28T01:53:23Z,2026-08-28T03:53:23+0200,565fb0ed-db72-48c6-a54e-0fdff3a4721b,2026-08-26T20:00:00Z,2026-08-26T22:00:00+0200,227.25,EUR/MWh,ES,ES,imbalance_price,Long,2026-08-28T02:01:39Z
2026-08-28T01:53:23Z,2026-08-28T03:53:23+0200,565fb0ed-db72-48c6-a54e-0fdff3a4721b,2026-08-26T20:00:00Z,2026-08-26T22:00:00+0200,227.25,EUR/MWh,ES,ES,imbalance_price,Short,2026-08-28T02:01:39Z
2026-08-28T01:53:23Z,2026-08-28T03:53:23+0200,565fb0ed-db72-48c6-a54e-0fdff3a4721b,2026-08-26T20:15:00Z,2026-08-26T22:15:00+0200,74.23,EUR/MWh,ES,ES,imbalance_price,Long,2026-08-28T02:01:39Z
2026-08-28T01:53:23Z,2026-08-28T03:53:23+0200,565fb0ed-db72-48c6-a54e-0fdff3a4721b,2026-08-26T20:15:00Z,2026-08-26T22:15:00+0200,187.89,EUR/MWh,ES,ES,imbalance_price,Short,2026-08-28T02:01:39Z
2026-08-28T01:53:23Z,2026-08-28T03:53:23+0200,565fb0ed-db72-48c6-a54e-0fdff3a4721b,2026-08-26T20:30:00Z,2026-08-26T22:30:00+0200,86.79,EUR/MWh,ES,ES,imbalance_price,Long,2026-08-28T02:01:39Z
2026-08-28T01:53:23Z,2026-08-28T03:53:23+0200,565fb0ed-db72-48c6-a54e-0fdff3a4721b,2026-08-26T20:30:00Z,2026-08-26T22:30:00+0200,155.88,EUR/MWh,ES,ES,imbalance_price,Short,2026-08-28T02:01:39Z
2026-08-28T01:53:23Z,2026-08-28T03:53:23+0200,565fb0ed-db72-48c6-a54e-0fdff3a4721b,2026-08-26T20:45:00Z,2026-08-26T22:45:00+0200,102.05,EUR/MWh,ES,ES,imbalance_price,Long,2026-08-28T02:01:39Z
2026-08-28T01:53:23Z,2026-08-28T03:53:23+0200,565fb0ed-db72-48c6-a54e-0fdff3a4721b,2026-08-26T20:45:00Z,2026-08-26T22:45:00+0200,178.86,EUR/MWh,ES,ES,imbalance_price,Short,2026-08-28T02:01:39Z
2026-08-28T01:53:23Z,2026-08-28T03:53:23+0200,565fb0ed-db72-48c6-a54e-0fdff3a4721b,2026-08-26T21:00:00Z,2026-08-26T23:00:00+0200,199.35,EUR/MWh,ES,ES,imbalance_price,Long,2026-08-28T02:01:39Z
2026-08-28T01:53:23Z,2026-08-28T03:53:23+0200,565fb0ed-db72-48c6-a54e-0fdff3a4721b,2026-08-26T21:00:00Z,2026-08-26T23:00:00+0200,199.35,EUR/MWh,ES,ES,imbalance_price,Short,2026-08-28T02:01:39Z
2026-08-28T01:53:23Z,2026-08-28T03:53:23+0200,565fb0ed-db72-48c6-a54e-0fdff3a4721b,2026-08-26T21:15:00Z,2026-08-26T23:15:00+0200,101.8,EUR/MWh,ES,ES,imbalance_price,Long,2026-08-28T02:01:39Z
2026-08-28T01:53:23Z,2026-08-28T03:53:23+0200,565fb0ed-db72-48c6-a54e-0fdff3a4721b,2026-08-26T21:15:00Z,2026-08-26T23:15:00+0200,219.21,EUR/MWh,ES,ES,imbalance_price,Short,2026-08-28T02:01:39Z
2026-08-28T01:53:23Z,2026-08-28T03:53:23+0200,565fb0ed-db72-48c6-a54e-0fdff3a4721b,2026-08-26T21:30:00Z,2026-08-26T23:30:00+0200,102.93,EUR/MWh,ES,ES,imbalance_price,Long,2026-08-28T02:01:39Z
2026-08-28T01:53:23Z,2026-08-28T03:53:23+0200,565fb0ed-db72-48c6-a54e-0fdff3a4721b,2026-08-26T21:30:00Z,2026-08-26T23:30:00+0200,194.15,EUR/MWh,ES,ES,imbalance_price,Short,2026-08-28T02:01:39Z
2026-08-28T01:53:23Z,2026-08-28T03:53:23+0200,565fb0ed-db72-48c6-a54e-0fdff3a4721b,2026-08-26T21:45:00Z,2026-08-26T23:45:00+0200,125.58,EUR/MWh,ES,ES,imbalance_price,Long,2026-08-28T02:01:39Z
2026-08-28T01:53:23Z,2026-08-28T03:53:23+0200,565fb0ed-db72-48c6-a54e-0fdff3a4721b,2026-08-26T21:45:00Z,2026-08-26T23:45:00+0200,194.07,EUR/MWh,ES,ES,imbalance_price,Short,2026-08-28T02:01:39Z
2026-08-28T01:53:23Z,2026-08-28T03:53:23+0200,565fb0ed-db72-48c6-a54e-0fdff3a4721b,2026-08-26T22:00:00Z,2026-08-27T00:00:00+0200,176.67,EUR/MWh,ES,ES,imbalance_price,Long,2026-08-28T02:01:39Z
2026-08-28T01:53:23Z,2026-08-28T03:53:23+0200,565fb0ed-db72-48c6-a54e-0fdff3a4721b,2026-08-26T22:00:00Z,2026-08-27T00:00:00+0200,235.01,EUR/MWh,ES,ES,imbalance_price,Short,2026-08-28T02:01:39Z
2026-08-28T01:53:23Z,2026-08-28T03:53:23+0200,565fb0ed-db72-48c6-a54e-0fdff3a4721b,2026-08-26T22:15:00Z,2026-08-27T00:15:00+0200,176.67,EUR/MWh,ES,ES,imbalance_price,Long,2026-08-28T02:01:39Z
2026-08-28T01:53:23Z,2026-08-28T03:53:23+0200,565fb0ed-db72-48c6-a54e-0fdff3a4721b,2026-08-26T22:15:00Z,2026-08-27T00:15:00+0200,207.17,EUR/MWh,ES,ES,imbalance_price,Short,2026-08-28T02:01:39Z
2026-08-28T01:53:23Z,2026-08-28T03:53:23+0200,565fb0ed-db72-48c6-a54e-0fdff3a4721b,2026-08-26T22:30:00Z,2026-08-27T00:30:00+0200,175.88,EUR/MWh,ES,ES,imbalance_price,Long,2026-08-28T02:01:39Z
2026-08-28T01:53:23Z,2026-08-28T03:53:23+0200,565fb0ed-db72-48c6-a54e-0fdff3a4721b,2026-08-26T22:30:00Z,2026-08-27T00:30:00+0200,207.26,EUR/MWh,ES,ES,imbalance_price,Short,2026-08-28T02:01:39Z
2026-08-28T01:53:23Z,2026-08-28T03:53:23+0200,565fb0ed-db72-48c6-a54e-0fdff3a4721b,2026-08-26T22:45:00Z,2026-08-27T00:45:00+0200,176.46,EUR/MWh,ES,ES,imbalance_price,Long,2026-08-28T02:01:39Z
2026-08-28T01:53:23Z,2026-08-28T03:53:23+0200,565fb0ed-db72-48c6-a54e-0fdff3a4721b,2026-08-26T22:45:00Z,2026-08-27T00:45:00+0200,206.92,EUR/MWh,ES,ES,imbalance_price,Short,2026-08-28T02:01:39Z
2026-08-28T01:53:23Z,2026-08-28T03:53:23+0200,565fb0ed-db72-48c6-a54e-0fdff3a4721b,2026-08-26T23:00:00Z,2026-08-27T01:00:00+0200,176.46,EUR/MWh,ES,ES,imbalance_price,Long,2026-08-28T02:01:39Z
2026-08-28T01:53:23Z,2026-08-28T03:53:23+0200,565fb0ed-db72-48c6-a54e-0fdff3a4721b,2026-08-26T23:00:00Z,2026-08-27T01:00:00+0200,270.0,EUR/MWh,ES,ES,imbalance_price,Short,2026-08-28T02:01:39Z
2026-08-28T01:53:23Z,2026-08-28T03:53:23+0200,565fb0ed-db72-48c6-a54e-0fdff3a4721b,2026-08-26T23:15:00Z,2026-08-27T01:15:00+0200,175.0,EUR/MWh,ES,ES,imbalance_price,Long,2026-08-28T02:01:39Z
2026-08-28T01:53:23Z,2026-08-28T03:53:23+0200,565fb0ed-db72-48c6-a54e-0fdff3a4721b,2026-08-26T23:15:00Z,2026-08-27T01:15:00+0200,270.0,EUR/MWh,ES,ES,imbalance_price,Short,2026-08-28T02:01:39Z
2026-08-28T01:53:23Z,2026-08-28T03:53:23+0200,565fb0ed-db72-48c6-a54e-0fdff3a4721b,2026-08-26T23:30:00Z,2026-08-27T01:30:00+0200,174.0,EUR/MWh,ES,ES,imbalance_price,Long,2026-08-28T02:01:39Z
2026-08-28T01:53:23Z,2026-08-28T03:53:23+0200,565fb0ed-db72-48c6-a54e-0fdff3a4721b,2026-08-26T23:30:00Z,2026-08-27T01:30:00+0200,270.0,EUR/MWh,ES,ES,imbalance_price,Short,2026-08-28T02:01:39Z
2026-08-28T01:53:23Z,2026-08-28T03:53:23+0200,565fb0ed-db72-48c6-a54e-0fdff3a4721b,2026-08-26T23:45:00Z,2026-08-27T01:45:00+0200,173.3,EUR/MWh,ES,ES,imbalance_price,Long,2026-08-28T02:01:39Z
2026-08-28T01:53:23Z,2026-08-28T03:53:23+0200,565fb0ed-db72-48c6-a54e-0fdff3a4721b,2026-08-26T23:45:00Z,2026-08-27T01:45:00+0200,271.0,EUR/MWh,ES,ES,imbalance_price,Short,2026-08-28T02:01:39Z
2026-08-28T01:53:23Z,2026-08-28T03:53:23+0200,565fb0ed-db72-48c6-a54e-0fdff3a4721b,2026-08-27T00:00:00Z,2026-08-27T02:00:00+0200,174.88,EUR/MWh,ES,ES,imbalance_price,Long,2026-08-28T02:01:39Z
2026-08-28T01:53:23Z,2026-08-28T03:53:23+0200,565fb0ed-db72-48c6-a54e-0fdff3a4721b,2026-08-27T00:00:00Z,2026-08-27T02:00:00+0200,269.74,EUR/MWh,ES,ES,imbalance_price,Short,2026-08-28T02:01:39Z
2026-08-28T01:53:23Z,2026-08-28T03:53:23+0200,565fb0ed-db72-48c6-a54e-0fdff3a4721b,2026-08-27T00:15:00Z,2026-08-27T02:15:00+0200,173.94,EUR/MWh,ES,ES,imbalance_price,Long,2026-08-28T02:01:39Z
2026-08-28T01:53:23Z,2026-08-28T03:53:23+0200,565fb0ed-db72-48c6-a54e-0fdff3a4721b,2026-08-27T00:15:00Z,2026-08-27T02:15:00+0200,269.74,EUR/MWh,ES,ES,imbalance_price,Short,2026-08-28T02:01:39Z
2026-08-28T01:53:23Z,2026-08-28T03:53:23+0200,565fb0ed-db72-48c6-a54e-0fdff3a4721b,2026-08-27T00:30:00Z,2026-08-27T02:30:00+0200,173.94,EUR/MWh,ES,ES,imbalance_price,Long,2026-08-28T02:01:39Z
2026-08-28T01:53:23Z,2026-08-28T03:53:23+0200,565fb0ed-db72-48c6-a54e-0fdff3a4721b,2026-08-27T00:30:00Z,2026-08-27T02:30:00+0200,265.81,EUR/MWh,ES,ES,imbalance_price,Short,2026-08-28T02:01:39Z
2026-08-28T01:53:23Z,2026-08-28T03:53:23+0200,565fb0ed-db72-48c6-a54e-0fdff3a4721b,2026-08-27T00:45:00Z,2026-08-27T02:45:00+0200,173.3,EUR/MWh,ES,ES,imbalance_price,Long,2026-08-28T02:01:39Z
2026-08-28T01:53:23Z,2026-08-28T03:53:23+0200,565fb0ed-db72-48c6-a54e-0fdff3a4721b,2026-08-27T00:45:00Z,2026-08-27T02:45:00+0200,240.01,EUR/MWh,ES,ES,imbalance_price,Short,2026-08-28T02:01:39Z
2026-08-28T01:53:23Z,2026-08-28T03:53:23+0200,565fb0ed-db72-48c6-a54e-0fdff3a4721b,2026-08-27T01:00:00Z,2026-08-27T03:00:00+0200,173.3,EUR/MWh,ES,ES,imbalance_price,Long,2026-08-28T02:01:39Z
2026-08-28T01:53:23Z,2026-08-28T03:53:23+0200,565fb0ed-db72-48c6-a54e-0fdff3a4721b,2026-08-27T01:00:00Z,2026-08-27T03:00:00+0200,239.35,EUR/MWh,ES,ES,imbalance_price,Short,2026-08-28T02:01:39Z
2026-08-28T01:53:23Z,2026-08-28T03:53:23+0200,565fb0ed-db72-48c6-a54e-0fdff3a4721b,2026-08-27T01:15:00Z,2026-08-27T03:15:00+0200,173.0,EUR/MWh,ES,ES,imbalance_price,Long,2026-08-28T02:01:39Z
2026-08-28T01:53:23Z,2026-08-28T03:53:23+0200,565fb0ed-db72-48c6-a54e-0fdff3a4721b,2026-08-27T01:15:00Z,2026-08-27T03:15:00+0200,235.01,EUR/MWh,ES,ES,imbalance_price,Short,2026-08-28T02:01:39Z
2026-08-28T01:53:23Z,2026-08-28T03:53:23+0200,565fb0ed-db72-48c6-a54e-0fdff3a4721b,2026-08-27T01:30:00Z,2026-08-27T03:30:00+0200,172.2,EUR/MWh,ES,ES,imbalance_price,Long,2026-08-28T02:01:39Z
2026-08-28T01:53:23Z,2026-08-28T03:53:23+0200,565fb0ed-db72-48c6-a54e-0fdff3a4721b,2026-08-27T01:30:00Z,2026-08-27T03:30:00+0200,227.01,EUR/MWh,ES,ES,imbalance_price,Short,2026-08-28T02:01:39Z
2026-08-28T01:53:23Z,2026-08-28T03:53:23+0200,565fb0ed-db72-48c6-a54e-0fdff3a4721b,2026-08-27T01:45:00Z,2026-08-27T03:45:00+0200,171.41,EUR/MWh,ES,ES,imbalance_price,Long,2026-08-28T02:01:39Z
2026-08-28T01:53:23Z,2026-08-28T03:53:23+0200,565fb0ed-db72-48c6-a54e-0fdff3a4721b,2026-08-27T01:45:00Z,2026-08-27T03:45:00+0200,223.01,EUR/MWh,ES,ES,imbalance_price,Short,2026-08-28T02:01:39Z
2026-08-28T01:53:23Z,2026-08-28T03:53:23+0200,565fb0ed-db72-48c6-a54e-0fdff3a4721b,2026-08-27T02:00:00Z,2026-08-27T04:00:00+0200,166.28,EUR/MWh,ES,ES,imbalance_price,Long,2026-08-28T02:01:39Z
2026-08-28T01:53:23Z,2026-08-28T03:53:23+0200,565fb0ed-db72-48c6-a54e-0fdff3a4721b,2026-08-27T02:00:00Z,2026-08-27T04:00:00+0200,200.0,EUR/MWh,ES,ES,imbalance_price,Short,2026-08-28T02:01:39Z
2026-08-28T01:53:23Z,2026-08-28T03:53:23+0200,565fb0ed-db72-48c6-a54e-0fdff3a4721b,2026-08-27T02:15:00Z,2026-08-27T04:15:00+0200,166.28,EUR/MWh,ES,ES,imbalance_price,Long,2026-08-28T02:01:39Z
2026-08-28T01:53:23Z,2026-08-28T03:53:23+0200,565fb0ed-db72-48c6-a54e-0fdff3a4721b,2026-08-27T02:15:00Z,2026-08-27T04:15:00+0200,189.44,EUR/MWh,ES,ES,imbalance_price,Short,2026-08-28T02:01:39Z
2026-08-28T01:53:23Z,2026-08-28T03:53:23+0200,565fb0ed-db72-48c6-a54e-0fdff3a4721b,2026-08-27T02:30:00Z,2026-08-27T04:30:00+0200,166.28,EUR/MWh,ES,ES,imbalance_price,Long,2026-08-28T02:01:39Z
2026-08-28T01:53:23Z,2026-08-28T03:53:23+0200,565fb0ed-db72-48c6-a54e-0fdff3a4721b,2026-08-27T02:30:00Z,2026-08-27T04:30:00+0200,189.44,EUR/MWh,ES,ES,imbalance_price,Short,2026-08-28T02:01:39Z
2026-08-28T01:53:23Z,2026-08-28T03:53:23+0200,565fb0ed-db72-48c6-a54e-0fdff3a4721b,2026-08-27T02:45:00Z,2026-08-27T04:45:00+0200,166.28,EUR/MWh,ES,ES,imbalance_price,Long,2026-08-28T02:01:39Z
2026-08-28T01:53:23Z,2026-08-28T03:53:23+0200,565fb0ed-db72-48c6-a54e-0fdff3a4721b,2026-08-27T02:45:00Z,2026-08-27T04:45:00+0200,188.02,EUR/MWh,ES,ES,imbalance_price,Short,2026-08-28T02:01:39Z
2026-08-28T01:53:23Z,2026-08-28T03:53:23+0200,565fb0ed-db72-48c6-a54e-0fdff3a4721b,2026-08-27T03:00:00Z,2026-08-27T05:00:00+0200,154.93,EUR/MWh,ES,ES,imbalance_price,Long,2026-08-28T02:01:39Z
2026-08-28T01:53:23Z,2026-08-28T03:53:23+0200,565fb0ed-db72-48c6-a54e-0fdff3a4721b,2026-08-27T03:00:00Z,2026-08-27T05:00:00+0200,188.02,EUR/MWh,ES,ES,imbalance_price,Short,2026-08-28T02:01:39Z
2026-08-28T01:53:23Z,2026-08-28T03:53:23+0200,565fb0ed-db72-48c6-a54e-0fdff3a4721b,2026-08-27T03:15:00Z,2026-08-27T05:15:00+0200,154.93,EUR/MWh,ES,ES,imbalance_price,Long,2026-08-28T02:01:39Z
2026-08-28T01:53:23Z,2026-08-28T03:53:23+0200,565fb0ed-db72-48c6-a54e-0fdff3a4721b,2026-08-27T03:15:00Z,2026-08-27T05:15:00+0200,187.21,EUR/MWh,ES,ES,imbalance_price,Short,2026-08-28T02:01:39Z
2026-08-28T01:53:23Z,2026-08-28T03:53:23+0200,565fb0ed-db72-48c6-a54e-0fdff3a4721b,2026-08-27T03:30:00Z,2026-08-27T05:30:00+0200,159.99,EUR/MWh,ES,ES,imbalance_price,Long,2026-08-28T02:01:39Z
2026-08-28T01:53:23Z,2026-08-28T03:53:23+0200,565fb0ed-db72-48c6-a54e-0fdff3a4721b,2026-08-27T03:30:00Z,2026-08-27T05:30:00+0200,190.46,EUR/MWh,ES,ES,imbalance_price,Short,2026-08-28T02:01:39Z
2026-08-28T01:53:23Z,2026-08-28T03:53:23+0200,565fb0ed-db72-48c6-a54e-0fdff3a4721b,2026-08-27T03:45:00Z,2026-08-27T05:45:00+0200,166.28,EUR/MWh,ES,ES,imbalance_price,Long,2026-08-28T02:01:39Z
2026-08-28T01:53:23Z,2026-08-28T03:53:23+0200,565fb0ed-db72-48c6-a54e-0fdff3a4721b,2026-08-27T03:45:00Z,2026-08-27T05:45:00+0200,217.01,EUR/MWh,ES,ES,imbalance_price,Short,2026-08-28T02:01:39Z
2026-08-28T01:53:23Z,2026-08-28T03:53:23+0200,565fb0ed-db72-48c6-a54e-0fdff3a4721b,2026-08-27T04:00:00Z,2026-08-27T06:00:00+0200,163.22,EUR/MWh,ES,ES,imbalance_price,Long,2026-08-28T02:01:39Z
2026-08-28T01:53:23Z,2026-08-28T03:53:23+0200,565fb0ed-db72-48c6-a54e-0fdff3a4721b,2026-08-27T04:00:00Z,2026-08-27T06:00:00+0200,223.02,EUR/MWh,ES,ES,imbalance_price,Short,2026-08-28T02:01:39Z
2026-08-28T01:53:23Z,2026-08-28T03:53:23+0200,565fb0ed-db72-48c6-a54e-0fdff3a4721b,2026-08-27T04:15:00Z,2026-08-27T06:15:00+0200,170.8,EUR/MWh,ES,ES,imbalance_price,Long,2026-08-28T02:01:39Z
2026-08-28T01:53:23Z,2026-08-28T03:53:23+0200,565fb0ed-db72-48c6-a54e-0fdff3a4721b,2026-08-27T04:15:00Z,2026-08-27T06:15:00+0200,220.8,EUR/MWh,ES,ES,imbalance_price,Short,2026-08-28T02:01:39Z
2026-08-28T01:53:23Z,2026-08-28T03:53:23+0200,565fb0ed-db72-48c6-a54e-0fdff3a4721b,2026-08-27T04:30:00Z,2026-08-27T06:30:00+0200,171.4,EUR/MWh,ES,ES,imbalance_price,Long,2026-08-28T02:01:39Z
2026-08-28T01:53:23Z,2026-08-28T03:53:23+0200,565fb0ed-db72-48c6-a54e-0fdff3a4721b,2026-08-27T04:30:00Z,2026-08-27T06:30:00+0200,171.4,EUR/MWh,ES,ES,imbalance_price,Short,2026-08-28T02:01:39Z
2026-08-28T01:53:23Z,2026-08-28T03:53:23+0200,565fb0ed-db72-48c6-a54e-0fdff3a4721b,2026-08-27T04:45:00Z,2026-08-27T06:45:00+0200,174.55,EUR/MWh,ES,ES,imbalance_price,Long,2026-08-28T02:01:39Z
2026-08-28T01:53:23Z,2026-08-28T03:53:23+0200,565fb0ed-db72-48c6-a54e-0fdff3a4721b,2026-08-27T04:45:00Z,2026-08-27T06:45:00+0200,174.55,EUR/MWh,ES,ES,imbalance_price,Short,2026-08-28T02:01:39Z
2026-08-28T01:53:23Z,2026-08-28T03:53:23+0200,565fb0ed-db72-48c6-a54e-0fdff3a4721b,2026-08-27T05:00:00Z,2026-08-27T07:00:00+0200,176.67,EUR/MWh,ES,ES,imbalance_price,Long,2026-08-28T02:01:39Z
2026-08-28T01:53:23Z,2026-08-28T03:53:23+0200,565fb0ed-db72-48c6-a54e-0fdff3a4721b,2026-08-27T05:00:00Z,2026-08-27T07:00:00+0200,176.67,EUR/MWh,ES,ES,imbalance_price,Short,2026-08-28T02:01:39Z
2026-08-28T01:53:23Z,2026-08-28T03:53:23+0200,565fb0ed-db72-48c6-a54e-0fdff3a4721b,2026-08-27T05:15:00Z,2026-08-27T07:15:00+0200,167.46,EUR/MWh,ES,ES,imbalance_price,Long,2026-08-28T02:01:39Z
2026-08-28T01:53:23Z,2026-08-28T03:53:23+0200,565fb0ed-db72-48c6-a54e-0fdff3a4721b,2026-08-27T05:15:00Z,2026-08-27T07:15:00+0200,178.04,EUR/MWh,ES,ES,imbalance_price,Short,2026-08-28T02:01:39Z
2026-08-28T01:53:23Z,2026-08-28T03:53:23+0200,565fb0ed-db72-48c6-a54e-0fdff3a4721b,2026-08-27T05:30:00Z,2026-08-27T07:30:00+0200,174.88,EUR/MWh,ES,ES,imbalance_price,Long,2026-08-28T02:01:39Z
2026-08-28T01:53:23Z,2026-08-28T03:53:23+0200,565fb0ed-db72-48c6-a54e-0fdff3a4721b,2026-08-27T05:30:00Z,2026-08-27T07:30:00+0200,174.88,EUR/MWh,ES,ES,imbalance_price,Short,2026-08-28T02:01:39Z
2026-08-28T01:53:23Z,2026-08-28T03:53:23+0200,565fb0ed-db72-48c6-a54e-0fdff3a4721b,2026-08-27T05:45:00Z,2026-08-27T07:45:00+0200,173.3,EUR/MWh,ES,ES,imbalance_price,Long,2026-08-28T02:01:39Z
2026-08-28T01:53:23Z,2026-08-28T03:53:23+0200,565fb0ed-db72-48c6-a54e-0fdff3a4721b,2026-08-27T05:45:00Z,2026-08-27T07:45:00+0200,173.3,EUR/MWh,ES,ES,imbalance_price,Short,2026-08-28T02:01:39Z
2026-08-28T01:53:23Z,2026-08-28T03:53:23+0200,565fb0ed-db72-48c6-a54e-0fdff3a4721b,2026-08-27T06:00:00Z,2026-08-27T08:00:00+0200,184.18,EUR/MWh,ES,ES,imbalance_price,Long,2026-08-28T02:01:39Z
2026-08-28T01:53:23Z,2026-08-28T03:53:23+0200,565fb0ed-db72-48c6-a54e-0fdff3a4721b,2026-08-27T06:00:00Z,2026-08-27T08:00:00+0200,184.18,EUR/MWh,ES,ES,imbalance_price,Short,2026-08-28T02:01:39Z
2026-08-28T01:53:23Z,2026-08-28T03:53:23+0200,565fb0ed-db72-48c6-a54e-0fdff3a4721b,2026-08-27T06:15:00Z,2026-08-27T08:15:00+0200,176.46,EUR/MWh,ES,ES,imbalance_price,Long,2026-08-28T02:01:39Z
2026-08-28T01:53:23Z,2026-08-28T03:53:23+0200,565fb0ed-db72-48c6-a54e-0fdff3a4721b,2026-08-27T06:15:00Z,2026-08-27T08:15:00+0200,176.46,EUR/MWh,ES,ES,imbalance_price,Short,2026-08-28T02:01:39Z
2026-08-28T01:53:23Z,2026-08-28T03:53:23+0200,565fb0ed-db72-48c6-a54e-0fdff3a4721b,2026-08-27T06:30:00Z,2026-08-27T08:30:00+0200,173.63,EUR/MWh,ES,ES,imbalance_price,Long,2026-08-28T02:01:39Z
2026-08-28T01:53:23Z,2026-08-28T03:53:23+0200,565fb0ed-db72-48c6-a54e-0fdff3a4721b,2026-08-27T06:30:00Z,2026-08-27T08:30:00+0200,173.63,EUR/MWh,ES,ES,imbalance_price,Short,2026-08-28T02:01:39Z
2026-08-28T01:53:23Z,2026-08-28T03:53:23+0200,565fb0ed-db72-48c6-a54e-0fdff3a4721b,2026-08-27T06:45:00Z,2026-08-27T08:45:00+0200,170.2,EUR/MWh,ES,ES,imbalance_price,Long,2026-08-28T02:01:39Z
2026-08-28T01:53:23Z,2026-08-28T03:53:23+0200,565fb0ed-db72-48c6-a54e-0fdff3a4721b,2026-08-27T06:45:00Z,2026-08-27T08:45:00+0200,170.2,EUR/MWh,ES,ES,imbalance_price,Short,2026-08-28T02:01:39Z
2026-08-28T01:53:23Z,2026-08-28T03:53:23+0200,565fb0ed-db72-48c6-a54e-0fdff3a4721b,2026-08-27T07:00:00Z,2026-08-27T09:00:00+0200,180.01,EUR/MWh,ES,ES,imbalance_price,Long,2026-08-28T02:01:39Z
2026-08-28T01:53:23Z,2026-08-28T03:53:23+0200,565fb0ed-db72-48c6-a54e-0fdff3a4721b,2026-08-27T07:00:00Z,2026-08-27T09:00:00+0200,180.01,EUR/MWh,ES,ES,imbalance_price,Short,2026-08-28T02:01:39Z
2026-08-28T01:53:23Z,2026-08-28T03:53:23+0200,565fb0ed-db72-48c6-a54e-0fdff3a4721b,2026-08-27T07:15:00Z,2026-08-27T09:15:00+0200,139.87,EUR/MWh,ES,ES,imbalance_price,Long,2026-08-28T02:01:39Z
2026-08-28T01:53:23Z,2026-08-28T03:53:23+0200,565fb0ed-db72-48c6-a54e-0fdff3a4721b,2026-08-27T07:15:00Z,2026-08-27T09:15:00+0200,172.99,EUR/MWh,ES,ES,imbalance_price,Short,2026-08-28T02:01:39Z
2026-08-28T01:53:23Z,2026-08-28T03:53:23+0200,565fb0ed-db72-48c6-a54e-0fdff3a4721b,2026-08-27T07:30:00Z,2026-08-27T09:30:00+0200,79.37,EUR/MWh,ES,ES,imbalance_price,Long,2026-08-28T02:01:39Z
2026-08-28T01:53:23Z,2026-08-28T03:53:23+0200,565fb0ed-db72-48c6-a54e-0fdff3a4721b,2026-08-27T07:30:00Z,2026-08-27T09:30:00+0200,151.39,EUR/MWh,ES,ES,imbalance_price,Short,2026-08-28T02:01:39Z
2026-08-28T01:53:23Z,2026-08-28T03:53:23+0200,565fb0ed-db72-48c6-a54e-0fdff3a4721b,2026-08-27T07:45:00Z,2026-08-27T09:45:00+0200,127.98,EUR/MWh,ES,ES,imbalance_price,Long,2026-08-28T02:01:39Z
2026-08-28T01:53:23Z,2026-08-28T03:53:23+0200,565fb0ed-db72-48c6-a54e-0fdff3a4721b,2026-08-27T07:45:00Z,2026-08-27T09:45:00+0200,127.99,EUR/MWh,ES,ES,imbalance_price,Short,2026-08-28T02:01:39Z
2026-08-28T01:53:23Z,2026-08-28T03:53:23+0200,565fb0ed-db72-48c6-a54e-0fdff3a4721b,2026-08-27T08:00:00Z,2026-08-27T10:00:00+0200,124.57,EUR/MWh,ES,ES,imbalance_price,Long,2026-08-28T02:01:39Z
2026-08-28T01:53:23Z,2026-08-28T03:53:23+0200,565fb0ed-db72-48c6-a54e-0fdff3a4721b,2026-08-27T08:00:00Z,2026-08-27T10:00:00+0200,124.57,EUR/MWh,ES,ES,imbalance_price,Short,2026-08-28T02:01:39Z
2026-08-28T01:53:23Z,2026-08-28T03:53:23+0200,565fb0ed-db72-48c6-a54e-0fdff3a4721b,2026-08-27T08:15:00Z,2026-08-27T10:15:00+0200,103.18,EUR/MWh,ES,ES,imbalance_price,Long,2026-08-28T02:01:39Z
2026-08-28T01:53:23Z,2026-08-28T03:53:23+0200,565fb0ed-db72-48c6-a54e-0fdff3a4721b,2026-08-27T08:15:00Z,2026-08-27T10:15:00+0200,138.28,EUR/MWh,ES,ES,imbalance_price,Short,2026-08-28T02:01:39Z
2026-08-28T01:53:23Z,2026-08-28T03:53:23+0200,565fb0ed-db72-48c6-a54e-0fdff3a4721b,2026-08-27T08:30:00Z,2026-08-27T10:30:00+0200,90.49,EUR/MWh,ES,ES,imbalance_price,Long,2026-08-28T02:01:39Z
2026-08-28T01:53:23Z,2026-08-28T03:53:23+0200,565fb0ed-db72-48c6-a54e-0fdff3a4721b,2026-08-27T08:30:00Z,2026-08-27T10:30:00+0200,130.97,EUR/MWh,ES,ES,imbalance_price,Short,2026-08-28T02:01:39Z
2026-08-28T01:53:23Z,2026-08-28T03:53:23+0200,565fb0ed-db72-48c6-a54e-0fdff3a4721b,2026-08-27T08:45:00Z,2026-08-27T10:45:00+0200,60.2,EUR/MWh,ES,ES,imbalance_price,Long,2026-08-28T02:01:39Z
2026-08-28T01:53:23Z,2026-08-28T03:53:23+0200,565fb0ed-db72-48c6-a54e-0fdff3a4721b,2026-08-27T08:45:00Z,2026-08-27T10:45:00+0200,60.2,EUR/MWh,ES,ES,imbalance_price,Short,2026-08-28T02:01:39Z
2026-08-28T01:53:23Z,2026-08-28T03:53:23+0200,565fb0ed-db72-48c6-a54e-0fdff3a4721b,2026-08-27T09:00:00Z,2026-08-27T11:00:00+0200,38.77,EUR/MWh,ES,ES,imbalance_price,Long,2026-08-28T02:01:39Z
2026-08-28T01:53:23Z,2026-08-28T03:53:23+0200,565fb0ed-db72-48c6-a54e-0fdff3a4721b,2026-08-27T09:00:00Z,2026-08-27T11:00:00+0200,38.77,EUR/MWh,ES,ES,imbalance_price,Short,2026-08-28T02:01:39Z
2026-08-28T01:53:23Z,2026-08-28T03:53:23+0200,565fb0ed-db72-48c6-a54e-0fdff3a4721b,2026-08-27T09:15:00Z,2026-08-27T11:15:00+0200,19.38,EUR/MWh,ES,ES,imbalance_price,Long,2026-08-28T02:01:39Z
2026-08-28T01:53:23Z,2026-08-28T03:53:23+0200,565fb0ed-db72-48c6-a54e-0fdff3a4721b,2026-08-27T09:15:00Z,2026-08-27T11:15:00+0200,139.35,EUR/MWh,ES,ES,imbalance_price,Short,2026-08-28T02:01:39Z
2026-08-28T01:53:23Z,2026-08-28T03:53:23+0200,565fb0ed-db72-48c6-a54e-0fdff3a4721b,2026-08-27T09:30:00Z,2026-08-27T11:30:00+0200,7.51,EUR/MWh,ES,ES,imbalance_price,Long,2026-08-28T02:01:39Z
2026-08-28T01:53:23Z,2026-08-28T03:53:23+0200,565fb0ed-db72-48c6-a54e-0fdff3a4721b,2026-08-27T09:30:00Z,2026-08-27T11:30:00+0200,147.65,EUR/MWh,ES,ES,imbalance_price,Short,2026-08-28T02:01:39Z
2026-08-28T01:53:23Z,2026-08-28T03:53:23+0200,565fb0ed-db72-48c6-a54e-0fdff3a4721b,2026-08-27T09:45:00Z,2026-08-27T11:45:00+0200,5.88,EUR/MWh,ES,ES,imbalance_price,Long,2026-08-28T02:01:39Z
2026-08-28T01:53:23Z,2026-08-28T03:53:23+0200,565fb0ed-db72-48c6-a54e-0fdff3a4721b,2026-08-27T09:45:00Z,2026-08-27T11:45:00+0200,5.89,EUR/MWh,ES,ES,imbalance_price,Short,2026-08-28T02:01:39Z
2026-08-28T01:53:23Z,2026-08-28T03:53:23+0200,565fb0ed-db72-48c6-a54e-0fdff3a4721b,2026-08-27T10:00:00Z,2026-08-27T12:00:00+0200,-0.82,EUR/MWh,ES,ES,imbalance_price,Long,2026-08-28T02:01:39Z
2026-08-28T01:53:23Z,2026-08-28T03:53:23+0200,565fb0ed-db72-48c6-a54e-0fdff3a4721b,2026-08-27T10:00:00Z,2026-08-27T12:00:00+0200,5.1,EUR/MWh,ES,ES,imbalance_price,Short,2026-08-28T02:01:39Z
2026-08-28T01:53:23Z,2026-08-28T03:53:23+0200,565fb0ed-db72-48c6-a54e-0fdff3a4721b,2026-08-27T10:15:00Z,2026-08-27T12:15:00+0200,-1.51,EUR/MWh,ES,ES,imbalance_price,Long,2026-08-28T02:01:39Z
2026-08-28T01:53:23Z,2026-08-28T03:53:23+0200,565fb0ed-db72-48c6-a54e-0fdff3a4721b,2026-08-27T10:15:00Z,2026-08-27T12:15:00+0200,3.43,EUR/MWh,ES,ES,imbalance_price,Short,2026-08-28T02:01:39Z
2026-08-28T01:53:23Z,2026-08-28T03:53:23+0200,565fb0ed-db72-48c6-a54e-0fdff3a4721b,2026-08-27T10:30:00Z,2026-08-27T12:30:00+0200,-1.64,EUR/MWh,ES,ES,imbalance_price,Long,2026-08-28T02:01:39Z
2026-08-28T01:53:23Z,2026-08-28T03:53:23+0200,565fb0ed-db72-48c6-a54e-0fdff3a4721b,2026-08-27T10:30:00Z,2026-08-27T12:30:00+0200,2.81,EUR/MWh,ES,ES,imbalance_price,Short,2026-08-28T02:01:39Z
2026-08-28T01:53:23Z,2026-08-28T03:53:23+0200,565fb0ed-db72-48c6-a54e-0fdff3a4721b,2026-08-27T10:45:00Z,2026-08-27T12:45:00+0200,-1.2,EUR/MWh,ES,ES,imbalance_price,Long,2026-08-28T02:01:39Z
2026-08-28T01:53:23Z,2026-08-28T03:53:23+0200,565fb0ed-db72-48c6-a54e-0fdff3a4721b,2026-08-27T10:45:00Z,2026-08-27T12:45:00+0200,2.0,EUR/MWh,ES,ES,imbalance_price,Short,2026-08-28T02:01:39Z
2026-08-28T01:53:23Z,2026-08-28T03:53:23+0200,565fb0ed-db72-48c6-a54e-0fdff3a4721b,2026-08-27T11:00:00Z,2026-08-27T13:00:00+0200,-1.06,EUR/MWh,ES,ES,imbalance_price,Long,2026-08-28T02:01:39Z
2026-08-28T01:53:23Z,2026-08-28T03:53:23+0200,565fb0ed-db72-48c6-a54e-0fdff3a4721b,2026-08-27T11:00:00Z,2026-08-27T13:00:00+0200,1.85,EUR/MWh,ES,ES,imbalance_price,Short,2026-08-28T02:01:39Z
2026-08-28T01:53:23Z,2026-08-28T03:53:23+0200,565fb0ed-db72-48c6-a54e-0fdff3a4721b,2026-08-27T11:15:00Z,2026-08-27T13:15:00+0200,-0.83,EUR/MWh,ES,ES,imbalance_price,Long,2026-08-28T02:01:39Z
2026-08-28T01:53:23Z,2026-08-28T03:53:23+0200,565fb0ed-db72-48c6-a54e-0fdff3a4721b,2026-08-27T11:15:00Z,2026-08-27T13:15:00+0200,1.5,EUR/MWh,ES,ES,imbalance_price,Short,2026-08-28T02:01:39Z
2026-08-28T01:53:23Z,2026-08-28T03:53:23+0200,565fb0ed-db72-48c6-a54e-0fdff3a4721b,2026-08-27T11:30:00Z,2026-08-27T13:30:00+0200,1.15,EUR/MWh,ES,ES,imbalance_price,Long,2026-08-28T02:01:39Z
2026-08-28T01:53:23Z,2026-08-28T03:53:23+0200,565fb0ed-db72-48c6-a54e-0fdff3a4721b,2026-08-27T11:30:00Z,2026-08-27T13:30:00+0200,1.15,EUR/MWh,ES,ES,imbalance_price,Short,2026-08-28T02:01:39Z
2026-08-28T01:53:23Z,2026-08-28T03:53:23+0200,565fb0ed-db72-48c6-a54e-0fdff3a4721b,2026-08-27T11:45:00Z,2026-08-27T13:45:00+0200,1.08,EUR/MWh,ES,ES,imbalance_price,Long,2026-08-28T02:01:39Z
2026-08-28T01:53:23Z,2026-08-28T03:53:23+0200,565fb0ed-db72-48c6-a54e-0fdff3a4721b,2026-08-27T11:45:00Z,2026-08-27T13:45:00+0200,1.08,EUR/MWh,ES,ES,imbalance_price,Short,2026-08-28T02:01:39Z
2026-08-28T01:53:23Z,2026-08-28T03:53:23+0200,565fb0ed-db72-48c6-a54e-0fdff3a4721b,2026-08-27T12:00:00Z,2026-08-27T14:00:00+0200,0.0,EUR/MWh,ES,ES,imbalance_price,Long,2026-08-28T02:01:39Z
2026-08-28T01:53:23Z,2026-08-28T03:53:23+0200,565fb0ed-db72-48c6-a54e-0fdff3a4721b,2026-08-27T12:00:00Z,2026-08-27T14:00:00+0200,1.08,EUR/MWh,ES,ES,imbalance_price,Short,2026-08-28T02:01:39Z
2026-08-28T01:53:23Z,2026-08-28T03:53:23+0200,565fb0ed-db72-48c6-a54e-0fdff3a4721b,2026-08-27T12:15:00Z,2026-08-27T14:15:00+0200,-0.1,EUR/MWh,ES,ES,imbalance_price,Long,2026-08-28T02:01:39Z
2026-08-28T01:53:23Z,2026-08-28T03:53:23+0200,565fb0ed-db72-48c6-a54e-0fdff3a4721b,2026-08-27T12:15:00Z,2026-08-27T14:15:00+0200,1.0,EUR/MWh,ES,ES,imbalance_price,Short,2026-08-28T02:01:39Z
2026-08-28T01:53:23Z,2026-08-28T03:53:23+0200,565fb0ed-db72-48c6-a54e-0fdff3a4721b,2026-08-27T12:30:00Z,2026-08-27T14:30:00+0200,-0.1,EUR/MWh,ES,ES,imbalance_price,Long,2026-08-28T02:01:39Z
2026-08-28T01:53:23Z,2026-08-28T03:53:23+0200,565fb0ed-db72-48c6-a54e-0fdff3a4721b,2026-08-27T12:30:00Z,2026-08-27T14:30:00+0200,1.0,EUR/MWh,ES,ES,imbalance_price,Short,2026-08-28T02:01:39Z
2026-08-28T01:53:23Z,2026-08-28T03:53:23+0200,565fb0ed-db72-48c6-a54e-0fdff3a4721b,2026-08-27T12:45:00Z,2026-08-27T14:45:00+0200,-0.26,EUR/MWh,ES,ES,imbalance_price,Long,2026-08-28T02:01:39Z
2026-08-28T01:53:23Z,2026-08-28T03:53:23+0200,565fb0ed-db72-48c6-a54e-0fdff3a4721b,2026-08-27T12:45:00Z,2026-08-27T14:45:00+0200,0.66,EUR/MWh,ES,ES,imbalance_price,Short,2026-08-28T02:01:39Z
2026-08-28T01:53:23Z,2026-08-28T03:53:23+0200,565fb0ed-db72-48c6-a54e-0fdff3a4721b,2026-08-27T13:00:00Z,2026-08-27T15:00:00+0200,-0.2,EUR/MWh,ES,ES,imbalance_price,Long,2026-08-28T02:01:39Z
2026-08-28T01:53:23Z,2026-08-28T03:53:23+0200,565fb0ed-db72-48c6-a54e-0fdff3a4721b,2026-08-27T13:00:00Z,2026-08-27T15:00:00+0200,0.51,EUR/MWh,ES,ES,imbalance_price,Short,2026-08-28T02:01:39Z
2026-08-28T01:53:23Z,2026-08-28T03:53:23+0200,565fb0ed-db72-48c6-a54e-0fdff3a4721b,2026-08-27T13:15:00Z,2026-08-27T15:15:00+0200,-0.31,EUR/MWh,ES,ES,imbalance_price,Long,2026-08-28T02:01:39Z
2026-08-28T01:53:23Z,2026-08-28T03:53:23+0200,565fb0ed-db72-48c6-a54e-0fdff3a4721b,2026-08-27T13:15:00Z,2026-08-27T15:15:00+0200,0.51,EUR/MWh,ES,ES,imbalance_price,Short,2026-08-28T02:01:39Z
2026-08-28T01:53:23Z,2026-08-28T03:53:23+0200,565fb0ed-db72-48c6-a54e-0fdff3a4721b,2026-08-27T13:30:00Z,2026-08-27T15:30:00+0200,-0.31,EUR/MWh,ES,ES,imbalance_price,Long,2026-08-28T02:01:39Z
2026-08-28T01:53:23Z,2026-08-28T03:53:23+0200,565fb0ed-db72-48c6-a54e-0fdff3a4721b,2026-08-27T13:30:00Z,2026-08-27T15:30:00+0200,0.51,EUR/MWh,ES,ES,imbalance_price,Short,2026-08-28T02:01:39Z
2026-08-28T01:53:23Z,2026-08-28T03:53:23+0200,565fb0ed-db72-48c6-a54e-0fdff3a4721b,2026-08-27T13:45:00Z,2026-08-27T15:45:00+0200,-0.29,EUR/MWh,ES,ES,imbalance_price,Long,2026-08-28T02:01:39Z
2026-08-28T01:53:23Z,2026-08-28T03:53:23+0200,565fb0ed-db72-48c6-a54e-0fdff3a4721b,2026-08-27T13:45:00Z,2026-08-27T15:45:00+0200,0.51,EUR/MWh,ES,ES,imbalance_price,Short,2026-08-28T02:01:39Z
2026-08-28T01:53:23Z,2026-08-28T03:53:23+0200,565fb0ed-db72-48c6-a54e-0fdff3a4721b,2026-08-27T14:00:00Z,2026-08-27T16:00:00+0200,-0.3,EUR/MWh,ES,ES,imbalance_price,Long,2026-08-28T02:01:39Z
2026-08-28T01:53:23Z,2026-08-28T03:53:23+0200,565fb0ed-db72-48c6-a54e-0fdff3a4721b,2026-08-27T14:00:00Z,2026-08-27T16:00:00+0200,0.51,EUR/MWh,ES,ES,imbalance_price,Short,2026-08-28T02:01:39Z
2026-08-28T01:53:23Z,2026-08-28T03:53:23+0200,565fb0ed-db72-48c6-a54e-0fdff3a4721b,2026-08-27T14:15:00Z,2026-08-27T16:15:00+0200,-0.2,EUR/MWh,ES,ES,imbalance_price,Long,2026-08-28T02:01:39Z
2026-08-28T01:53:23Z,2026-08-28T03:53:23+0200,565fb0ed-db72-48c6-a54e-0fdff3a4721b,2026-08-27T14:15:00Z,2026-08-27T16:15:00+0200,0.51,EUR/MWh,ES,ES,imbalance_price,Short,2026-08-28T02:01:39Z
2026-08-28T01:53:23Z,2026-08-28T03:53:23+0200,565fb0ed-db72-48c6-a54e-0fdff3a4721b,2026-08-27T14:30:00Z,2026-08-27T16:30:00+0200,0.66,EUR/MWh,ES,ES,imbalance_price,Long,2026-08-28T02:01:39Z
2026-08-28T01:53:23Z,2026-08-28T03:53:23+0200,565fb0ed-db72-48c6-a54e-0fdff3a4721b,2026-08-27T14:30:00Z,2026-08-27T16:30:00+0200,0.66,EUR/MWh,ES,ES,imbalance_price,Short,2026-08-28T02:01:39Z
2026-08-28T01:53:23Z,2026-08-28T03:53:23+0200,565fb0ed-db72-48c6-a54e-0fdff3a4721b,2026-08-27T14:45:00Z,2026-08-27T16:45:00+0200,1.0,EUR/MWh,ES,ES,imbalance_price,Long,2026-08-28T02:01:39Z
2026-08-28T01:53:23Z,2026-08-28T03:53:23+0200,565fb0ed-db72-48c6-a54e-0fdff3a4721b,2026-08-27T14:45:00Z,2026-08-27T16:45:00+0200,1.0,EUR/MWh,ES,ES,imbalance_price,Short,2026-08-28T02:01:39Z
2026-08-28T01:53:23Z,2026-08-28T03:53:23+0200,565fb0ed-db72-48c6-a54e-0fdff3a4721b,2026-08-27T15:00:00Z,2026-08-27T17:00:00+0200,1.05,EUR/MWh,ES,ES,imbalance_price,Long,2026-08-28T02:01:39Z
2026-08-28T01:53:23Z,2026-08-28T03:53:23+0200,565fb0ed-db72-48c6-a54e-0fdff3a4721b,2026-08-27T15:00:00Z,2026-08-27T17:00:00+0200,1.05,EUR/MWh,ES,ES,imbalance_price,Short,2026-08-28T02:01:39Z
2026-08-28T01:53:23Z,2026-08-28T03:53:23+0200,565fb0ed-db72-48c6-a54e-0fdff3a4721b,2026-08-27T15:15:00Z,2026-08-27T17:15:00+0200,-0.43,EUR/MWh,ES,ES,imbalance_price,Long,2026-08-28T02:01:39Z
2026-08-28T01:53:23Z,2026-08-28T03:53:23+0200,565fb0ed-db72-48c6-a54e-0fdff3a4721b,2026-08-27T15:15:00Z,2026-08-27T17:15:00+0200,1.08,EUR/MWh,ES,ES,imbalance_price,Short,2026-08-28T02:01:39Z
2026-08-28T01:53:23Z,2026-08-28T03:53:23+0200,565fb0ed-db72-48c6-a54e-0fdff3a4721b,2026-08-27T15:30:00Z,2026-08-27T17:30:00+0200,-0.5,EUR/MWh,ES,ES,imbalance_price,Long,2026-08-28T02:01:39Z
2026-08-28T01:53:23Z,2026-08-28T03:53:23+0200,565fb0ed-db72-48c6-a54e-0fdff3a4721b,2026-08-27T15:30:00Z,2026-08-27T17:30:00+0200,2.2,EUR/MWh,ES,ES,imbalance_price,Short,2026-08-28T02:01:39Z
2026-08-28T01:53:23Z,2026-08-28T03:53:23+0200,565fb0ed-db72-48c6-a54e-0fdff3a4721b,2026-08-27T15:45:00Z,2026-08-27T17:45:00+0200,0.0,EUR/MWh,ES,ES,imbalance_price,Long,2026-08-28T02:01:39Z
2026-08-28T01:53:23Z,2026-08-28T03:53:23+0200,565fb0ed-db72-48c6-a54e-0fdff3a4721b,2026-08-27T15:45:00Z,2026-08-27T17:45:00+0200,3.43,EUR/MWh,ES,ES,imbalance_price,Short,2026-08-28T02:01:39Z
2026-08-28T01:53:23Z,2026-08-28T03:53:23+0200,565fb0ed-db72-48c6-a54e-0fdff3a4721b,2026-08-27T16:00:00Z,2026-08-27T18:00:00+0200,5.88,EUR/MWh,ES,ES,imbalance_price,Long,2026-08-28T02:01:39Z
2026-08-28T01:53:23Z,2026-08-28T03:53:23+0200,565fb0ed-db72-48c6-a54e-0fdff3a4721b,2026-08-27T16:00:00Z,2026-08-27T18:00:00+0200,148.46,EUR/MWh,ES,ES,imbalance_price,Short,2026-08-28T02:01:39Z
2026-08-28T01:53:23Z,2026-08-28T03:53:23+0200,565fb0ed-db72-48c6-a54e-0fdff3a4721b,2026-08-27T16:15:00Z,2026-08-27T18:15:00+0200,7.51,EUR/MWh,ES,ES,imbalance_price,Long,2026-08-28T02:01:39Z
2026-08-28T01:53:23Z,2026-08-28T03:53:23+0200,565fb0ed-db72-48c6-a54e-0fdff3a4721b,2026-08-27T16:15:00Z,2026-08-27T18:15:00+0200,149.68,EUR/MWh,ES,ES,imbalance_price,Short,2026-08-28T02:01:39Z
2026-08-28T01:53:23Z,2026-08-28T03:53:23+0200,565fb0ed-db72-48c6-a54e-0fdff3a4721b,2026-08-27T16:30:00Z,2026-08-27T18:30:00+0200,19.08,EUR/MWh,ES,ES,imbalance_price,Long,2026-08-28T02:01:39Z
2026-08-28T01:53:23Z,2026-08-28T03:53:23+0200,565fb0ed-db72-48c6-a54e-0fdff3a4721b,2026-08-27T16:30:00Z,2026-08-27T18:30:00+0200,19.08,EUR/MWh,ES,ES,imbalance_price,Short,2026-08-28T02:01:39Z
2026-08-28T01:53:23Z,2026-08-28T03:53:23+0200,565fb0ed-db72-48c6-a54e-0fdff3a4721b,2026-08-27T16:45:00Z,2026-08-27T18:45:00+0200,49.0,EUR/MWh,ES,ES,imbalance_price,Long,2026-08-28T02:01:39Z
2026-08-28T01:53:23Z,2026-08-28T03:53:23+0200,565fb0ed-db72-48c6-a54e-0fdff3a4721b,2026-08-27T16:45:00Z,2026-08-27T18:45:00+0200,127.0,EUR/MWh,ES,ES,imbalance_price,Short,2026-08-28T02:01:39Z
2026-08-28T01:53:23Z,2026-08-28T03:53:23+0200,565fb0ed-db72-48c6-a54e-0fdff3a4721b,2026-08-27T17:00:00Z,2026-08-27T19:00:00+0200,67.99,EUR/MWh,ES,ES,imbalance_price,Long,2026-08-28T02:01:39Z
2026-08-28T01:53:23Z,2026-08-28T03:53:23+0200,565fb0ed-db72-48c6-a54e-0fdff3a4721b,2026-08-27T17:00:00Z,2026-08-27T19:00:00+0200,77.18,EUR/MWh,ES,ES,imbalance_price,Short,2026-08-28T02:01:39Z
2026-08-28T01:53:23Z,2026-08-28T03:53:23+0200,565fb0ed-db72-48c6-a54e-0fdff3a4721b,2026-08-27T17:15:00Z,2026-08-27T19:15:00+0200,65.19,EUR/MWh,ES,ES,imbalance_price,Long,2026-08-28T02:01:39Z
2026-08-28T01:53:23Z,2026-08-28T03:53:23+0200,565fb0ed-db72-48c6-a54e-0fdff3a4721b,2026-08-27T17:15:00Z,2026-08-27T19:15:00+0200,100.0,EUR/MWh,ES,ES,imbalance_price,Short,2026-08-28T02:01:39Z
2026-08-28T01:53:23Z,2026-08-28T03:53:23+0200,565fb0ed-db72-48c6-a54e-0fdff3a4721b,2026-08-27T17:30:00Z,2026-08-27T19:30:00+0200,77.83,EUR/MWh,ES,ES,imbalance_price,Long,2026-08-28T02:01:39Z
2026-08-28T01:53:23Z,2026-08-28T03:53:23+0200,565fb0ed-db72-48c6-a54e-0fdff3a4721b,2026-08-27T17:30:00Z,2026-08-27T19:30:00+0200,115.0,EUR/MWh,ES,ES,imbalance_price,Short,2026-08-28T02:01:39Z
2026-08-28T01:53:23Z,2026-08-28T03:53:23+0200,565fb0ed-db72-48c6-a54e-0fdff3a4721b,2026-08-27T17:45:00Z,2026-08-27T19:45:00+0200,100.0,EUR/MWh,ES,ES,imbalance_price,Long,2026-08-28T02:01:39Z
2026-08-28T01:53:23Z,2026-08-28T03:53:23+0200,565fb0ed-db72-48c6-a54e-0fdff3a4721b,2026-08-27T17:45:00Z,2026-08-27T19:45:00+0200,165.0,EUR/MWh,ES,ES,imbalance_price,Short,2026-08-28T02:01:39Z
2026-08-28T01:53:23Z,2026-08-28T03:53:23+0200,565fb0ed-db72-48c6-a54e-0fdff3a4721b,2026-08-27T18:00:00Z,2026-08-27T20:00:00+0200,65.19,EUR/MWh,ES,ES,imbalance_price,Long,2026-08-28T02:01:39Z
2026-08-28T01:53:23Z,2026-08-28T03:53:23+0200,565fb0ed-db72-48c6-a54e-0fdff3a4721b,2026-08-27T18:00:00Z,2026-08-27T20:00:00+0200,159.35,EUR/MWh,ES,ES,imbalance_price,Short,2026-08-28T02:01:39Z
2026-08-28T01:53:23Z,2026-08-28T03:53:23+0200,565fb0ed-db72-48c6-a54e-0fdff3a4721b,2026-08-27T18:15:00Z,2026-08-27T20:15:00+0200,65.19,EUR/MWh,ES,ES,imbalance_price,Long,2026-08-28T02:01:39Z
2026-08-28T01:53:23Z,2026-08-28T03:53:23+0200,565fb0ed-db72-48c6-a54e-0fdff3a4721b,2026-08-27T18:15:00Z,2026-08-27T20:15:00+0200,171.4,EUR/MWh,ES,ES,imbalance_price,Short,2026-08-28T02:01:39Z
2026-08-28T01:53:23Z,2026-08-28T03:53:23+0200,565fb0ed-db72-48c6-a54e-0fdff3a4721b,2026-08-27T18:30:00Z,2026-08-27T20:30:00+0200,109.05,EUR/MWh,ES,ES,imbalance_price,Long,2026-08-28T02:01:39Z
2026-08-28T01:53:23Z,2026-08-28T03:53:23+0200,565fb0ed-db72-48c6-a54e-0fdff3a4721b,2026-08-27T18:30:00Z,2026-08-27T20:30:00+0200,176.67,EUR/MWh,ES,ES,imbalance_price,Short,2026-08-28T02:01:39Z
2026-08-28T01:53:23Z,2026-08-28T03:53:23+0200,565fb0ed-db72-48c6-a54e-0fdff3a4721b,2026-08-27T18:45:00Z,2026-08-27T20:45:00+0200,119.06,EUR/MWh,ES,ES,imbalance_price,Long,2026-08-28T02:01:39Z
2026-08-28T01:53:23Z,2026-08-28T03:53:23+0200,565fb0ed-db72-48c6-a54e-0fdff3a4721b,2026-08-27T18:45:00Z,2026-08-27T20:45:00+0200,185.0,EUR/MWh,ES,ES,imbalance_price,Short,2026-08-28T02:01:39Z
2026-08-28T01:53:23Z,2026-08-28T03:53:23+0200,565fb0ed-db72-48c6-a54e-0fdff3a4721b,2026-08-27T19:00:00Z,2026-08-27T21:00:00+0200,115.65,EUR/MWh,ES,ES,imbalance_price,Long,2026-08-28T02:01:39Z
2026-08-28T01:53:23Z,2026-08-28T03:53:23+0200,565fb0ed-db72-48c6-a54e-0fdff3a4721b,2026-08-27T19:00:00Z,2026-08-27T21:00:00+0200,180.03,EUR/MWh,ES,ES,imbalance_price,Short,2026-08-28T02:01:39Z
2026-08-28T01:53:23Z,2026-08-28T03:53:23+0200,565fb0ed-db72-48c6-a54e-0fdff3a4721b,2026-08-27T19:15:00Z,2026-08-27T21:15:00+0200,125.65,EUR/MWh,ES,ES,imbalance_price,Long,2026-08-28T02:01:39Z
2026-08-28T01:53:23Z,2026-08-28T03:53:23+0200,565fb0ed-db72-48c6-a54e-0fdff3a4721b,2026-08-27T19:15:00Z,2026-08-27T21:15:00+0200,185.02,EUR/MWh,ES,ES,imbalance_price,Short,2026-08-28T02:01:39Z
2026-08-28T01:53:23Z,2026-08-28T03:53:23+0200,565fb0ed-db72-48c6-a54e-0fdff3a4721b,2026-08-27T19:30:00Z,2026-08-27T21:30:00+0200,179.73,EUR/MWh,ES,ES,imbalance_price,Long,2026-08-28T02:01:39Z
2026-08-28T01:53:23Z,2026-08-28T03:53:23+0200,565fb0ed-db72-48c6-a54e-0fdff3a4721b,2026-08-27T19:30:00Z,2026-08-27T21:30:00+0200,179.73,EUR/MWh,ES,ES,imbalance_price,Short,2026-08-28T02:01:39Z
2026-08-28T01:53:23Z,2026-08-28T03:53:23+0200,565fb0ed-db72-48c6-a54e-0fdff3a4721b,2026-08-27T19:45:00Z,2026-08-27T21:45:00+0200,155.09,EUR/MWh,ES,ES,imbalance_price,Long,2026-08-28T02:01:39Z
2026-08-28T01:53:23Z,2026-08-28T03:53:23+0200,565fb0ed-db72-48c6-a54e-0fdff3a4721b,2026-08-27T19:45:00Z,2026-08-27T21:45:00+0200,180.01,EUR/MWh,ES,ES,imbalance_price,Short,2026-08-28T02:01:39Z
2026-08-28T01:53:23Z,2026-08-28T03:53:23+0200,565fb0ed-db72-48c6-a54e-0fdff3a4721b,2026-08-27T20:00:00Z,2026-08-27T22:00:00+0200,188.55,EUR/MWh,ES,ES,imbalance_price,Long,2026-08-28T02:01:39Z
2026-08-28T01:53:23Z,2026-08-28T03:53:23+0200,565fb0ed-db72-48c6-a54e-0fdff3a4721b,2026-08-27T20:00:00Z,2026-08-27T22:00:00+0200,188.55,EUR/MWh,ES,ES,imbalance_price,Short,2026-08-28T02:01:39Z
2026-08-28T01:53:23Z,2026-08-28T03:53:23+0200,565fb0ed-db72-48c6-a54e-0fdff3a4721b,2026-08-27T20:15:00Z,2026-08-27T22:15:00+0200,127.14,EUR/MWh,ES,ES,imbalance_price,Long,2026-08-28T02:01:39Z
2026-08-28T01:53:23Z,2026-08-28T03:53:23+0200,565fb0ed-db72-48c6-a54e-0fdff3a4721b,2026-08-27T20:15:00Z,2026-08-27T22:15:00+0200,183.18,EUR/MWh,ES,ES,imbalance_price,Short,2026-08-28T02:01:39Z
2026-08-28T01:53:23Z,2026-08-28T03:53:23+0200,565fb0ed-db72-48c6-a54e-0fdff3a4721b,2026-08-27T20:30:00Z,2026-08-27T22:30:00+0200,182.0,EUR/MWh,ES,ES,imbalance_price,Long,2026-08-28T02:01:39Z
2026-08-28T01:53:23Z,2026-08-28T03:53:23+0200,565fb0ed-db72-48c6-a54e-0fdff3a4721b,2026-08-27T20:30:00Z,2026-08-27T22:30:00+0200,182.0,EUR/MWh,ES,ES,imbalance_price,Short,2026-08-28T02:01:39Z
2026-08-28T01:53:23Z,2026-08-28T03:53:23+0200,565fb0ed-db72-48c6-a54e-0fdff3a4721b,2026-08-27T20:45:00Z,2026-08-27T22:45:00+0200,176.46,EUR/MWh,ES,ES,imbalance_price,Long,2026-08-28T02:01:39Z
2026-08-28T01:53:23Z,2026-08-28T03:53:23+0200,565fb0ed-db72-48c6-a54e-0fdff3a4721b,2026-08-27T20:45:00Z,2026-08-27T22:45:00+0200,176.46,EUR/MWh,ES,ES,imbalance_price,Short,2026-08-28T02:01:39Z
2026-08-28T01:53:23Z,2026-08-28T03:53:23+0200,565fb0ed-db72-48c6-a54e-0fdff3a4721b,2026-08-27T21:00:00Z,2026-08-27T23:00:00+0200,174.88,EUR/MWh,ES,ES,imbalance_price,Long,2026-08-28T02:01:39Z
2026-08-28T01:53:23Z,2026-08-28T03:53:23+0200,565fb0ed-db72-48c6-a54e-0fdff3a4721b,2026-08-27T21:00:00Z,2026-08-27T23:00:00+0200,174.88,EUR/MWh,ES,ES,imbalance_price,Short,2026-08-28T02:01:39Z
2026-08-28T01:53:23Z,2026-08-28T03:53:23+0200,565fb0ed-db72-48c6-a54e-0fdff3a4721b,2026-08-27T21:15:00Z,2026-08-27T23:15:00+0200,170.61,EUR/MWh,ES,ES,imbalance_price,Long,2026-08-28T02:01:39Z
2026-08-28T01:53:23Z,2026-08-28T03:53:23+0200,565fb0ed-db72-48c6-a54e-0fdff3a4721b,2026-08-27T21:15:00Z,2026-08-27T23:15:00+0200,170.62,EUR/MWh,ES,ES,imbalance_price,Short,2026-08-28T02:01:39Z
2026-08-28T01:53:23Z,2026-08-28T03:53:23+0200,565fb0ed-db72-48c6-a54e-0fdff3a4721b,2026-08-27T21:30:00Z,2026-08-27T23:30:00+0200,166.49,EUR/MWh,ES,ES,imbalance_price,Long,2026-08-28T02:01:39Z
2026-08-28T01:53:23Z,2026-08-28T03:53:23+0200,565fb0ed-db72-48c6-a54e-0fdff3a4721b,2026-08-27T21:30:00Z,2026-08-27T23:30:00+0200,166.5,EUR/MWh,ES,ES,imbalance_price,Short,2026-08-28T02:01:39Z
2026-08-28T01:53:23Z,2026-08-28T03:53:23+0200,565fb0ed-db72-48c6-a54e-0fdff3a4721b,2026-08-27T21:45:00Z,2026-08-27T23:45:00+0200,155.41,EUR/MWh,ES,ES,imbalance_price,Long,2026-08-28T02:01:39Z
2026-08-28T01:53:23Z,2026-08-28T03:53:23+0200,565fb0ed-db72-48c6-a54e-0fdff3a4721b,2026-08-27T21:45:00Z,2026-08-27T23:45:00+0200,155.41,EUR/MWh,ES,ES,imbalance_price,Short,2026-08-28T02:01:39Z
2026-08-28T01:53:23Z,2026-08-28T03:53:23+0200,565fb0ed-db72-48c6-a54e-0fdff3a4721b,2026-08-27T22:00:00Z,2026-08-28T00:00:00+0200,180.01,EUR/MWh,ES,ES,imbalance_price,Long,2026-08-28T02:01:39Z
2026-08-28T01:53:23Z,2026-08-28T03:53:23+0200,565fb0ed-db72-48c6-a54e-0fdff3a4721b,2026-08-27T22:00:00Z,2026-08-28T00:00:00+0200,180.01,EUR/MWh,ES,ES,imbalance_price,Short,2026-08-28T02:01:39Z
2026-08-28T01:53:23Z,2026-08-28T03:53:23+0200,565fb0ed-db72-48c6-a54e-0fdff3a4721b,2026-08-27T22:15:00Z,2026-08-28T00:15:00+0200,130.37,EUR/MWh,ES,ES,imbalance_price,Long,2026-08-28T02:01:39Z
2026-08-28T01:53:23Z,2026-08-28T03:53:23+0200,565fb0ed-db72-48c6-a54e-0fdff3a4721b,2026-08-27T22:15:00Z,2026-08-28T00:15:00+0200,174.0,EUR/MWh,ES,ES,imbalance_price,Short,2026-08-28T02:01:39Z
2026-08-28T01:53:23Z,2026-08-28T03:53:23+0200,565fb0ed-db72-48c6-a54e-0fdff3a4721b,2026-08-27T22:30:00Z,2026-08-28T00:30:00+0200,127.0,EUR/MWh,ES,ES,imbalance_price,Long,2026-08-28T02:01:39Z
2026-08-28T01:53:23Z,2026-08-28T03:53:23+0200,565fb0ed-db72-48c6-a54e-0fdff3a4721b,2026-08-27T22:30:00Z,2026-08-28T00:30:00+0200,171.56,EUR/MWh,ES,ES,imbalance_price,Short,2026-08-28T02:01:39Z
2026-08-28T01:53:23Z,2026-08-28T03:53:23+0200,565fb0ed-db72-48c6-a54e-0fdff3a4721b,2026-08-27T22:45:00Z,2026-08-28T00:45:00+0200,168.24,EUR/MWh,ES,ES,imbalance_price,Long,2026-08-28T02:01:39Z
2026-08-28T01:53:23Z,2026-08-28T03:53:23+0200,565fb0ed-db72-48c6-a54e-0fdff3a4721b,2026-08-27T22:45:00Z,2026-08-28T00:45:00+0200,168.24,EUR/MWh,ES,ES,imbalance_price,Short,2026-08-28T02:01:39Z
2026-08-28T01:53:23Z,2026-08-28T03:53:23+0200,565fb0ed-db72-48c6-a54e-0fdff3a4721b,2026-08-27T23:00:00Z,2026-08-28T01:00:00+0200,158.2,EUR/MWh,ES,ES,imbalance_price,Long,2026-08-28T02:01:39Z
2026-08-28T01:53:23Z,2026-08-28T03:53:23+0200,565fb0ed-db72-48c6-a54e-0fdff3a4721b,2026-08-27T23:00:00Z,2026-08-28T01:00:00+0200,168.2,EUR/MWh,ES,ES,imbalance_price,Short,2026-08-28T02:01:39Z
2026-08-28T01:53:23Z,2026-08-28T03:53:23+0200,565fb0ed-db72-48c6-a54e-0fdff3a4721b,2026-08-27T23:15:00Z,2026-08-28T01:15:00+0200,161.8,EUR/MWh,ES,ES,imbalance_price,Long,2026-08-28T02:01:39Z
2026-08-28T01:53:23Z,2026-08-28T03:53:23+0200,565fb0ed-db72-48c6-a54e-0fdff3a4721b,2026-08-27T23:15:00Z,2026-08-28T01:15:00+0200,161.8,EUR/MWh,ES,ES,imbalance_price,Short,2026-08-28T02:01:39Z
2026-08-28T01:53:23Z,2026-08-28T03:53:23+0200,565fb0ed-db72-48c6-a54e-0fdff3a4721b,2026-08-27T23:30:00Z,2026-08-28T01:30:00+0200,145.81,EUR/MWh,ES,ES,imbalance_price,Long,2026-08-28T02:01:39Z
2026-08-28T01:53:23Z,2026-08-28T03:53:23+0200,565fb0ed-db72-48c6-a54e-0fdff3a4721b,2026-08-27T23:30:00Z,2026-08-28T01:30:00+0200,158.12,EUR/MWh,ES,ES,imbalance_price,Short,2026-08-28T02:01:39Z
2026-08-28T01:53:23Z,2026-08-28T03:53:23+0200,565fb0ed-db72-48c6-a54e-0fdff3a4721b,2026-08-27T23:45:00Z,2026-08-28T01:45:00+0200,149.36,EUR/MWh,ES,ES,imbalance_price,Long,2026-08-28T02:01:39Z
2026-08-28T01:53:23Z,2026-08-28T03:53:23+0200,565fb0ed-db72-48c6-a54e-0fdff3a4721b,2026-08-27T23:45:00Z,2026-08-28T01:45:00+0200,149.36,EUR/MWh,ES,ES,imbalance_price,Short,2026-08-28T02:01:39Z
2026-08-28T01:53:23Z,2026-08-28T03:53:23+0200,565fb0ed-db72-48c6-a54e-0fdff3a4721b,2026-08-28T00:00:00Z,2026-08-28T02:00:00+0200,126.88,EUR/MWh,ES,ES,imbalance_price,Long,2026-08-28T02:01:39Z
2026-08-28T01:53:23Z,2026-08-28T03:53:23+0200,565fb0ed-db72-48c6-a54e-0fdff3a4721b,2026-08-28T00:00:00Z,2026-08-28T02:00:00+0200,161.07,EUR/MWh,ES,ES,imbalance_price,Short,2026-08-28T02:01:39Z
2026-08-28T01:53:23Z,2026-08-28T03:53:23+0200,565fb0ed-db72-48c6-a54e-0fdff3a4721b,2026-08-28T00:15:00Z,2026-08-28T02:15:00+0200,127.0,EUR/MWh,ES,ES,imbalance_price,Long,2026-08-28T02:01:39Z
2026-08-28T01:53:23Z,2026-08-28T03:53:23+0200,565fb0ed-db72-48c6-a54e-0fdff3a4721b,2026-08-28T00:15:00Z,2026-08-28T02:15:00+0200,151.05,EUR/MWh,ES,ES,imbalance_price,Short,2026-08-28T02:01:39Z
2026-08-28T01:53:23Z,2026-08-28T03:53:23+0200,565fb0ed-db72-48c6-a54e-0fdff3a4721b,2026-08-28T00:30:00Z,2026-08-28T02:30:00+0200,86.95,EUR/MWh,ES,ES,imbalance_price,Long,2026-08-28T02:01:39Z
2026-08-28T01:53:23Z,2026-08-28T03:53:23+0200,565fb0ed-db72-48c6-a54e-0fdff3a4721b,2026-08-28T00:30:00Z,2026-08-28T02:30:00+0200,148.11,EUR/MWh,ES,ES,imbalance_price,Short,2026-08-28T02:01:39Z
2026-08-28T01:53:23Z,2026-08-28T03:53:23+0200,565fb0ed-db72-48c6-a54e-0fdff3a4721b,2026-08-28T00:45:00Z,2026-08-28T02:45:00+0200,86.95,EUR/MWh,ES,ES,imbalance_price,Long,2026-08-28T02:01:39Z
2026-08-28T01:53:23Z,2026-08-28T03:53:23+0200,565fb0ed-db72-48c6-a54e-0fdff3a4721b,2026-08-28T00:45:00Z,2026-08-28T02:45:00+0200,142.76,EUR/MWh,ES,ES,imbalance_price,Short,2026-08-28T02:01:39Z
2026-08-28T01:53:23Z,2026-08-28T03:53:23+0200,565fb0ed-db72-48c6-a54e-0fdff3a4721b,2026-08-28T01:00:00Z,2026-08-28T03:00:00+0200,80.3,EUR/MWh,ES,ES,imbalance_price,Long,2026-08-28T02:01:39Z
2026-08-28T01:53:23Z,2026-08-28T03:53:23+0200,565fb0ed-db72-48c6-a54e-0fdff3a4721b,2026-08-28T01:00:00Z,2026-08-28T03:00:00+0200,147.7,EUR/MWh,ES,ES,imbalance_price,Short,2026-08-28T02:01:39Z
2026-08-28T01:53:23Z,2026-08-28T03:53:23+0200,565fb0ed-db72-48c6-a54e-0fdff3a4721b,2026-08-28T01:15:00Z,2026-08-28T03:15:00+0200,122.77,EUR/MWh,ES,ES,imbalance_price,Long,2026-08-28T02:01:39Z
2026-08-28T01:53:23Z,2026-08-28T03:53:23+0200,565fb0ed-db72-48c6-a54e-0fdff3a4721b,2026-08-28T01:15:00Z,2026-08-28T03:15:00+0200,145.34,EUR/MWh,ES,ES,imbalance_price,Short,2026-08-28T02:01:39Z
2026-08-28T01:53:23Z,2026-08-28T03:53:23+0200,565fb0ed-db72-48c6-a54e-0fdff3a4721b,2026-08-28T01:30:00Z,2026-08-28T03:30:00+0200,143.96,EUR/MWh,ES,ES,imbalance_price,Long,2026-08-28T02:01:39Z
2026-08-28T01:53:23Z,2026-08-28T03:53:23+0200,565fb0ed-db72-48c6-a54e-0fdff3a4721b,2026-08-28T01:30:00Z,2026-08-28T03:30:00+0200,148.29,EUR/MWh,ES,ES,imbalance_price,Short,2026-08-28T02:01:39Z
