collection_time_utc,collection_time_local,run_id,timestamp_utc,timestamp_local,value,unit,country,entsoe_area,variable,source,updated_at_utc
2026-05-26T14:19:27Z,2026-05-26T16:19:27+0200,9d8474b6-9a07-4a7a-8e0f-b65ff32620de,2026-04-25T14:30:00Z,2026-04-25T16:30:00+0200,93.86,MW,FR,FR,forecast_offshore_wind_generation,Wind Offshore,2026-05-26T14:20:23Z
2026-05-26T14:19:27Z,2026-05-26T16:19:27+0200,9d8474b6-9a07-4a7a-8e0f-b65ff32620de,2026-04-25T14:45:00Z,2026-04-25T16:45:00+0200,97.92,MW,FR,FR,forecast_offshore_wind_generation,Wind Offshore,2026-05-26T14:20:23Z
2026-05-26T14:19:27Z,2026-05-26T16:19:27+0200,9d8474b6-9a07-4a7a-8e0f-b65ff32620de,2026-04-25T15:00:00Z,2026-04-25T17:00:00+0200,101.98,MW,FR,FR,forecast_offshore_wind_generation,Wind Offshore,2026-05-26T14:20:23Z
2026-05-26T14:19:27Z,2026-05-26T16:19:27+0200,9d8474b6-9a07-4a7a-8e0f-b65ff32620de,2026-04-25T15:15:00Z,2026-04-25T17:15:00+0200,105.9425,MW,FR,FR,forecast_offshore_wind_generation,Wind Offshore,2026-05-26T14:20:23Z
2026-05-26T14:19:27Z,2026-05-26T16:19:27+0200,9d8474b6-9a07-4a7a-8e0f-b65ff32620de,2026-04-25T15:30:00Z,2026-04-25T17:30:00+0200,109.90501,MW,FR,FR,forecast_offshore_wind_generation,Wind Offshore,2026-05-26T14:20:23Z
2026-05-26T14:19:27Z,2026-05-26T16:19:27+0200,9d8474b6-9a07-4a7a-8e0f-b65ff32620de,2026-04-25T15:45:00Z,2026-04-25T17:45:00+0200,113.8675,MW,FR,FR,forecast_offshore_wind_generation,Wind Offshore,2026-05-26T14:20:23Z
2026-05-26T14:19:27Z,2026-05-26T16:19:27+0200,9d8474b6-9a07-4a7a-8e0f-b65ff32620de,2026-04-25T16:00:00Z,2026-04-25T18:00:00+0200,132.19,MW,FR,FR,forecast_offshore_wind_generation,Wind Offshore,2026-05-26T14:20:23Z
2026-05-26T14:19:27Z,2026-05-26T16:19:27+0200,9d8474b6-9a07-4a7a-8e0f-b65ff32620de,2026-04-25T16:15:00Z,2026-04-25T18:15:00+0200,139.9875,MW,FR,FR,forecast_offshore_wind_generation,Wind Offshore,2026-05-26T14:20:23Z
2026-05-26T14:19:27Z,2026-05-26T16:19:27+0200,9d8474b6-9a07-4a7a-8e0f-b65ff32620de,2026-04-25T16:30:00Z,2026-04-25T18:30:00+0200,147.795,MW,FR,FR,forecast_offshore_wind_generation,Wind Offshore,2026-05-26T14:20:23Z
2026-05-26T14:19:27Z,2026-05-26T16:19:27+0200,9d8474b6-9a07-4a7a-8e0f-b65ff32620de,2026-04-25T16:45:00Z,2026-04-25T18:45:00+0200,155.60251,MW,FR,FR,forecast_offshore_wind_generation,Wind Offshore,2026-05-26T14:20:23Z
2026-05-26T14:19:27Z,2026-05-26T16:19:27+0200,9d8474b6-9a07-4a7a-8e0f-b65ff32620de,2026-04-25T17:00:00Z,2026-04-25T19:00:00+0200,163.41002,MW,FR,FR,forecast_offshore_wind_generation,Wind Offshore,2026-05-26T14:20:23Z
2026-05-26T14:19:27Z,2026-05-26T16:19:27+0200,9d8474b6-9a07-4a7a-8e0f-b65ff32620de,2026-04-25T17:15:00Z,2026-04-25T19:15:00+0200,172.19,MW,FR,FR,forecast_offshore_wind_generation,Wind Offshore,2026-05-26T14:20:23Z
2026-05-26T14:19:27Z,2026-05-26T16:19:27+0200,9d8474b6-9a07-4a7a-8e0f-b65ff32620de,2026-04-25T17:30:00Z,2026-04-25T19:30:00+0200,180.97002,MW,FR,FR,forecast_offshore_wind_generation,Wind Offshore,2026-05-26T14:20:23Z
2026-05-26T14:19:27Z,2026-05-26T16:19:27+0200,9d8474b6-9a07-4a7a-8e0f-b65ff32620de,2026-04-25T17:45:00Z,2026-04-25T19:45:00+0200,189.75,MW,FR,FR,forecast_offshore_wind_generation,Wind Offshore,2026-05-26T14:20:23Z
2026-05-26T14:19:27Z,2026-05-26T16:19:27+0200,9d8474b6-9a07-4a7a-8e0f-b65ff32620de,2026-04-25T18:00:00Z,2026-04-25T20:00:00+0200,198.53001,MW,FR,FR,forecast_offshore_wind_generation,Wind Offshore,2026-05-26T14:20:23Z
2026-05-26T14:19:27Z,2026-05-26T16:19:27+0200,9d8474b6-9a07-4a7a-8e0f-b65ff32620de,2026-04-25T18:15:00Z,2026-04-25T20:15:00+0200,227.42499,MW,FR,FR,forecast_offshore_wind_generation,Wind Offshore,2026-05-26T14:20:23Z
2026-05-26T14:19:27Z,2026-05-26T16:19:27+0200,9d8474b6-9a07-4a7a-8e0f-b65ff32620de,2026-04-25T18:30:00Z,2026-04-25T20:30:00+0200,256.32001,MW,FR,FR,forecast_offshore_wind_generation,Wind Offshore,2026-05-26T14:20:23Z
2026-05-26T14:19:27Z,2026-05-26T16:19:27+0200,9d8474b6-9a07-4a7a-8e0f-b65ff32620de,2026-04-25T18:45:00Z,2026-04-25T20:45:00+0200,285.21497,MW,FR,FR,forecast_offshore_wind_generation,Wind Offshore,2026-05-26T14:20:23Z
2026-05-26T14:19:27Z,2026-05-26T16:19:27+0200,9d8474b6-9a07-4a7a-8e0f-b65ff32620de,2026-04-25T19:00:00Z,2026-04-25T21:00:00+0200,314.11002,MW,FR,FR,forecast_offshore_wind_generation,Wind Offshore,2026-05-26T14:20:23Z
2026-05-26T14:19:27Z,2026-05-26T16:19:27+0200,9d8474b6-9a07-4a7a-8e0f-b65ff32620de,2026-04-25T19:15:00Z,2026-04-25T21:15:00+0200,346.36749,MW,FR,FR,forecast_offshore_wind_generation,Wind Offshore,2026-05-26T14:20:23Z
2026-05-26T14:19:27Z,2026-05-26T16:19:27+0200,9d8474b6-9a07-4a7a-8e0f-b65ff32620de,2026-04-25T19:30:00Z,2026-04-25T21:30:00+0200,378.625,MW,FR,FR,forecast_offshore_wind_generation,Wind Offshore,2026-05-26T14:20:23Z
2026-05-26T14:19:27Z,2026-05-26T16:19:27+0200,9d8474b6-9a07-4a7a-8e0f-b65ff32620de,2026-04-25T19:45:00Z,2026-04-25T21:45:00+0200,410.88251,MW,FR,FR,forecast_offshore_wind_generation,Wind Offshore,2026-05-26T14:20:23Z
2026-05-26T14:19:27Z,2026-05-26T16:19:27+0200,9d8474b6-9a07-4a7a-8e0f-b65ff32620de,2026-04-25T20:00:00Z,2026-04-25T22:00:00+0200,443.13998,MW,FR,FR,forecast_offshore_wind_generation,Wind Offshore,2026-05-26T14:20:23Z
2026-05-26T14:19:27Z,2026-05-26T16:19:27+0200,9d8474b6-9a07-4a7a-8e0f-b65ff32620de,2026-04-25T20:15:00Z,2026-04-25T22:15:00+0200,437.61749,MW,FR,FR,forecast_offshore_wind_generation,Wind Offshore,2026-05-26T14:20:23Z
2026-05-26T14:19:27Z,2026-05-26T16:19:27+0200,9d8474b6-9a07-4a7a-8e0f-b65ff32620de,2026-04-25T20:30:00Z,2026-04-25T22:30:00+0200,432.09503,MW,FR,FR,forecast_offshore_wind_generation,Wind Offshore,2026-05-26T14:20:23Z
2026-05-26T14:19:27Z,2026-05-26T16:19:27+0200,9d8474b6-9a07-4a7a-8e0f-b65ff32620de,2026-04-25T20:45:00Z,2026-04-25T22:45:00+0200,426.57251,MW,FR,FR,forecast_offshore_wind_generation,Wind Offshore,2026-05-26T14:20:23Z
2026-05-26T14:19:27Z,2026-05-26T16:19:27+0200,9d8474b6-9a07-4a7a-8e0f-b65ff32620de,2026-04-25T21:00:00Z,2026-04-25T23:00:00+0200,421.04999,MW,FR,FR,forecast_offshore_wind_generation,Wind Offshore,2026-05-26T14:20:23Z
2026-05-26T14:19:27Z,2026-05-26T16:19:27+0200,9d8474b6-9a07-4a7a-8e0f-b65ff32620de,2026-04-25T21:15:00Z,2026-04-25T23:15:00+0200,387.23499,MW,FR,FR,forecast_offshore_wind_generation,Wind Offshore,2026-05-26T14:20:23Z
2026-05-26T14:19:27Z,2026-05-26T16:19:27+0200,9d8474b6-9a07-4a7a-8e0f-b65ff32620de,2026-04-25T21:30:00Z,2026-04-25T23:30:00+0200,353.41998,MW,FR,FR,forecast_offshore_wind_generation,Wind Offshore,2026-05-26T14:20:23Z
2026-05-26T14:19:27Z,2026-05-26T16:19:27+0200,9d8474b6-9a07-4a7a-8e0f-b65ff32620de,2026-04-25T21:45:00Z,2026-04-25T23:45:00+0200,319.60501,MW,FR,FR,forecast_offshore_wind_generation,Wind Offshore,2026-05-26T14:20:23Z
2026-05-26T14:19:27Z,2026-05-26T16:19:27+0200,9d8474b6-9a07-4a7a-8e0f-b65ff32620de,2026-04-25T22:00:00Z,2026-04-26T00:00:00+0200,288.15002,MW,FR,FR,forecast_offshore_wind_generation,Wind Offshore,2026-05-26T14:20:23Z
2026-05-26T14:19:27Z,2026-05-26T16:19:27+0200,9d8474b6-9a07-4a7a-8e0f-b65ff32620de,2026-04-25T22:15:00Z,2026-04-26T00:15:00+0200,279.04999,MW,FR,FR,forecast_offshore_wind_generation,Wind Offshore,2026-05-26T14:20:23Z
2026-05-26T14:19:27Z,2026-05-26T16:19:27+0200,9d8474b6-9a07-4a7a-8e0f-b65ff32620de,2026-04-25T22:30:00Z,2026-04-26T00:30:00+0200,269.95001,MW,FR,FR,forecast_offshore_wind_generation,Wind Offshore,2026-05-26T14:20:23Z
2026-05-26T14:19:27Z,2026-05-26T16:19:27+0200,9d8474b6-9a07-4a7a-8e0f-b65ff32620de,2026-04-25T22:45:00Z,2026-04-26T00:45:00+0200,260.85001,MW,FR,FR,forecast_offshore_wind_generation,Wind Offshore,2026-05-26T14:20:23Z
2026-05-26T14:19:27Z,2026-05-26T16:19:27+0200,9d8474b6-9a07-4a7a-8e0f-b65ff32620de,2026-04-25T23:00:00Z,2026-04-26T01:00:00+0200,251.74998,MW,FR,FR,forecast_offshore_wind_generation,Wind Offshore,2026-05-26T14:20:23Z
2026-05-26T14:19:27Z,2026-05-26T16:19:27+0200,9d8474b6-9a07-4a7a-8e0f-b65ff32620de,2026-04-25T23:15:00Z,2026-04-26T01:15:00+0200,242.91748,MW,FR,FR,forecast_offshore_wind_generation,Wind Offshore,2026-05-26T14:20:23Z
2026-05-26T14:19:27Z,2026-05-26T16:19:27+0200,9d8474b6-9a07-4a7a-8e0f-b65ff32620de,2026-04-25T23:30:00Z,2026-04-26T01:30:00+0200,234.08499,MW,FR,FR,forecast_offshore_wind_generation,Wind Offshore,2026-05-26T14:20:23Z
2026-05-26T14:19:27Z,2026-05-26T16:19:27+0200,9d8474b6-9a07-4a7a-8e0f-b65ff32620de,2026-04-25T23:45:00Z,2026-04-26T01:45:00+0200,225.2525,MW,FR,FR,forecast_offshore_wind_generation,Wind Offshore,2026-05-26T14:20:23Z
2026-05-26T14:19:27Z,2026-05-26T16:19:27+0200,9d8474b6-9a07-4a7a-8e0f-b65ff32620de,2026-04-26T00:00:00Z,2026-04-26T02:00:00+0200,216.42,MW,FR,FR,forecast_offshore_wind_generation,Wind Offshore,2026-05-26T14:20:23Z
2026-05-26T14:19:27Z,2026-05-26T16:19:27+0200,9d8474b6-9a07-4a7a-8e0f-b65ff32620de,2026-04-26T00:15:00Z,2026-04-26T02:15:00+0200,210.0975,MW,FR,FR,forecast_offshore_wind_generation,Wind Offshore,2026-05-26T14:20:23Z
2026-05-26T14:19:27Z,2026-05-26T16:19:27+0200,9d8474b6-9a07-4a7a-8e0f-b65ff32620de,2026-04-26T00:30:00Z,2026-04-26T02:30:00+0200,203.77501,MW,FR,FR,forecast_offshore_wind_generation,Wind Offshore,2026-05-26T14:20:23Z
2026-05-26T14:19:27Z,2026-05-26T16:19:27+0200,9d8474b6-9a07-4a7a-8e0f-b65ff32620de,2026-04-26T00:45:00Z,2026-04-26T02:45:00+0200,197.4525,MW,FR,FR,forecast_offshore_wind_generation,Wind Offshore,2026-05-26T14:20:23Z
2026-05-26T14:19:27Z,2026-05-26T16:19:27+0200,9d8474b6-9a07-4a7a-8e0f-b65ff32620de,2026-04-26T01:00:00Z,2026-04-26T03:00:00+0200,191.13,MW,FR,FR,forecast_offshore_wind_generation,Wind Offshore,2026-05-26T14:20:23Z
2026-05-26T14:19:27Z,2026-05-26T16:19:27+0200,9d8474b6-9a07-4a7a-8e0f-b65ff32620de,2026-04-26T01:15:00Z,2026-04-26T03:15:00+0200,194.0025,MW,FR,FR,forecast_offshore_wind_generation,Wind Offshore,2026-05-26T14:20:23Z
2026-05-26T14:19:27Z,2026-05-26T16:19:27+0200,9d8474b6-9a07-4a7a-8e0f-b65ff32620de,2026-04-26T01:30:00Z,2026-04-26T03:30:00+0200,196.875,MW,FR,FR,forecast_offshore_wind_generation,Wind Offshore,2026-05-26T14:20:23Z
2026-05-26T14:19:27Z,2026-05-26T16:19:27+0200,9d8474b6-9a07-4a7a-8e0f-b65ff32620de,2026-04-26T01:45:00Z,2026-04-26T03:45:00+0200,199.7475,MW,FR,FR,forecast_offshore_wind_generation,Wind Offshore,2026-05-26T14:20:23Z
2026-05-26T14:19:27Z,2026-05-26T16:19:27+0200,9d8474b6-9a07-4a7a-8e0f-b65ff32620de,2026-04-26T02:00:00Z,2026-04-26T04:00:00+0200,202.62,MW,FR,FR,forecast_offshore_wind_generation,Wind Offshore,2026-05-26T14:20:23Z
2026-05-26T14:19:27Z,2026-05-26T16:19:27+0200,9d8474b6-9a07-4a7a-8e0f-b65ff32620de,2026-04-26T02:15:00Z,2026-04-26T04:15:00+0200,211.935,MW,FR,FR,forecast_offshore_wind_generation,Wind Offshore,2026-05-26T14:20:23Z
2026-05-26T14:19:27Z,2026-05-26T16:19:27+0200,9d8474b6-9a07-4a7a-8e0f-b65ff32620de,2026-04-26T02:30:00Z,2026-04-26T04:30:00+0200,221.24998,MW,FR,FR,forecast_offshore_wind_generation,Wind Offshore,2026-05-26T14:20:23Z
2026-05-26T14:19:27Z,2026-05-26T16:19:27+0200,9d8474b6-9a07-4a7a-8e0f-b65ff32620de,2026-04-26T02:45:00Z,2026-04-26T04:45:00+0200,230.565,MW,FR,FR,forecast_offshore_wind_generation,Wind Offshore,2026-05-26T14:20:23Z
2026-05-26T14:19:27Z,2026-05-26T16:19:27+0200,9d8474b6-9a07-4a7a-8e0f-b65ff32620de,2026-04-26T03:00:00Z,2026-04-26T05:00:00+0200,239.88,MW,FR,FR,forecast_offshore_wind_generation,Wind Offshore,2026-05-26T14:20:23Z
2026-05-26T14:19:27Z,2026-05-26T16:19:27+0200,9d8474b6-9a07-4a7a-8e0f-b65ff32620de,2026-04-26T03:15:00Z,2026-04-26T05:15:00+0200,246.6275,MW,FR,FR,forecast_offshore_wind_generation,Wind Offshore,2026-05-26T14:20:23Z
2026-05-26T14:19:27Z,2026-05-26T16:19:27+0200,9d8474b6-9a07-4a7a-8e0f-b65ff32620de,2026-04-26T03:30:00Z,2026-04-26T05:30:00+0200,253.37502,MW,FR,FR,forecast_offshore_wind_generation,Wind Offshore,2026-05-26T14:20:23Z
2026-05-26T14:19:27Z,2026-05-26T16:19:27+0200,9d8474b6-9a07-4a7a-8e0f-b65ff32620de,2026-04-26T03:45:00Z,2026-04-26T05:45:00+0200,260.1225,MW,FR,FR,forecast_offshore_wind_generation,Wind Offshore,2026-05-26T14:20:23Z
2026-05-26T14:19:27Z,2026-05-26T16:19:27+0200,9d8474b6-9a07-4a7a-8e0f-b65ff32620de,2026-04-26T04:00:00Z,2026-04-26T06:00:00+0200,266.87,MW,FR,FR,forecast_offshore_wind_generation,Wind Offshore,2026-05-26T14:20:23Z
2026-05-26T14:19:27Z,2026-05-26T16:19:27+0200,9d8474b6-9a07-4a7a-8e0f-b65ff32620de,2026-04-26T04:15:00Z,2026-04-26T06:15:00+0200,263.42499,MW,FR,FR,forecast_offshore_wind_generation,Wind Offshore,2026-05-26T14:20:23Z
2026-05-26T14:19:27Z,2026-05-26T16:19:27+0200,9d8474b6-9a07-4a7a-8e0f-b65ff32620de,2026-04-26T04:30:00Z,2026-04-26T06:30:00+0200,259.97998,MW,FR,FR,forecast_offshore_wind_generation,Wind Offshore,2026-05-26T14:20:23Z
2026-05-26T14:19:27Z,2026-05-26T16:19:27+0200,9d8474b6-9a07-4a7a-8e0f-b65ff32620de,2026-04-26T04:45:00Z,2026-04-26T06:45:00+0200,256.535,MW,FR,FR,forecast_offshore_wind_generation,Wind Offshore,2026-05-26T14:20:23Z
2026-05-26T14:19:27Z,2026-05-26T16:19:27+0200,9d8474b6-9a07-4a7a-8e0f-b65ff32620de,2026-04-26T05:00:00Z,2026-04-26T07:00:00+0200,253.09001,MW,FR,FR,forecast_offshore_wind_generation,Wind Offshore,2026-05-26T14:20:23Z
2026-05-26T14:19:27Z,2026-05-26T16:19:27+0200,9d8474b6-9a07-4a7a-8e0f-b65ff32620de,2026-04-26T05:15:00Z,2026-04-26T07:15:00+0200,249.38499,MW,FR,FR,forecast_offshore_wind_generation,Wind Offshore,2026-05-26T14:20:23Z
2026-05-26T14:19:27Z,2026-05-26T16:19:27+0200,9d8474b6-9a07-4a7a-8e0f-b65ff32620de,2026-04-26T05:30:00Z,2026-04-26T07:30:00+0200,245.68001,MW,FR,FR,forecast_offshore_wind_generation,Wind Offshore,2026-05-26T14:20:23Z
2026-05-26T14:19:27Z,2026-05-26T16:19:27+0200,9d8474b6-9a07-4a7a-8e0f-b65ff32620de,2026-04-26T05:45:00Z,2026-04-26T07:45:00+0200,241.97501,MW,FR,FR,forecast_offshore_wind_generation,Wind Offshore,2026-05-26T14:20:23Z
2026-05-26T14:19:27Z,2026-05-26T16:19:27+0200,9d8474b6-9a07-4a7a-8e0f-b65ff32620de,2026-04-26T06:00:00Z,2026-04-26T08:00:00+0200,238.27,MW,FR,FR,forecast_offshore_wind_generation,Wind Offshore,2026-05-26T14:20:23Z
2026-05-26T14:19:27Z,2026-05-26T16:19:27+0200,9d8474b6-9a07-4a7a-8e0f-b65ff32620de,2026-04-26T06:15:00Z,2026-04-26T08:15:00+0200,225.86499,MW,FR,FR,forecast_offshore_wind_generation,Wind Offshore,2026-05-26T14:20:23Z
2026-05-26T14:19:27Z,2026-05-26T16:19:27+0200,9d8474b6-9a07-4a7a-8e0f-b65ff32620de,2026-04-26T06:30:00Z,2026-04-26T08:30:00+0200,213.46001,MW,FR,FR,forecast_offshore_wind_generation,Wind Offshore,2026-05-26T14:20:23Z
2026-05-26T14:19:27Z,2026-05-26T16:19:27+0200,9d8474b6-9a07-4a7a-8e0f-b65ff32620de,2026-04-26T06:45:00Z,2026-04-26T08:45:00+0200,201.05501,MW,FR,FR,forecast_offshore_wind_generation,Wind Offshore,2026-05-26T14:20:23Z
2026-05-26T14:19:27Z,2026-05-26T16:19:27+0200,9d8474b6-9a07-4a7a-8e0f-b65ff32620de,2026-04-26T07:00:00Z,2026-04-26T09:00:00+0200,188.65001,MW,FR,FR,forecast_offshore_wind_generation,Wind Offshore,2026-05-26T14:20:23Z
2026-05-26T14:19:27Z,2026-05-26T16:19:27+0200,9d8474b6-9a07-4a7a-8e0f-b65ff32620de,2026-04-26T07:15:00Z,2026-04-26T09:15:00+0200,188.005,MW,FR,FR,forecast_offshore_wind_generation,Wind Offshore,2026-05-26T14:20:23Z
2026-05-26T14:19:27Z,2026-05-26T16:19:27+0200,9d8474b6-9a07-4a7a-8e0f-b65ff32620de,2026-04-26T07:30:00Z,2026-04-26T09:30:00+0200,187.35001,MW,FR,FR,forecast_offshore_wind_generation,Wind Offshore,2026-05-26T14:20:23Z
2026-05-26T14:19:27Z,2026-05-26T16:19:27+0200,9d8474b6-9a07-4a7a-8e0f-b65ff32620de,2026-04-26T07:45:00Z,2026-04-26T09:45:00+0200,152.4225,MW,FR,FR,forecast_offshore_wind_generation,Wind Offshore,2026-05-26T14:20:23Z
2026-05-26T14:19:27Z,2026-05-26T16:19:27+0200,9d8474b6-9a07-4a7a-8e0f-b65ff32620de,2026-04-26T08:00:00Z,2026-04-26T10:00:00+0200,150.21001,MW,FR,FR,forecast_offshore_wind_generation,Wind Offshore,2026-05-26T14:20:23Z
2026-05-26T14:19:27Z,2026-05-26T16:19:27+0200,9d8474b6-9a07-4a7a-8e0f-b65ff32620de,2026-04-26T08:15:00Z,2026-04-26T10:15:00+0200,140.66,MW,FR,FR,forecast_offshore_wind_generation,Wind Offshore,2026-05-26T14:20:23Z
2026-05-26T14:19:27Z,2026-05-26T16:19:27+0200,9d8474b6-9a07-4a7a-8e0f-b65ff32620de,2026-04-26T08:30:00Z,2026-04-26T10:30:00+0200,131.11,MW,FR,FR,forecast_offshore_wind_generation,Wind Offshore,2026-05-26T14:20:23Z
2026-05-26T14:19:27Z,2026-05-26T16:19:27+0200,9d8474b6-9a07-4a7a-8e0f-b65ff32620de,2026-04-26T08:45:00Z,2026-04-26T10:45:00+0200,121.56,MW,FR,FR,forecast_offshore_wind_generation,Wind Offshore,2026-05-26T14:20:23Z
2026-05-26T14:19:27Z,2026-05-26T16:19:27+0200,9d8474b6-9a07-4a7a-8e0f-b65ff32620de,2026-04-26T09:00:00Z,2026-04-26T11:00:00+0200,112.01,MW,FR,FR,forecast_offshore_wind_generation,Wind Offshore,2026-05-26T14:20:23Z
2026-05-26T14:19:27Z,2026-05-26T16:19:27+0200,9d8474b6-9a07-4a7a-8e0f-b65ff32620de,2026-04-26T09:15:00Z,2026-04-26T11:15:00+0200,106.235,MW,FR,FR,forecast_offshore_wind_generation,Wind Offshore,2026-05-26T14:20:23Z
2026-05-26T14:19:27Z,2026-05-26T16:19:27+0200,9d8474b6-9a07-4a7a-8e0f-b65ff32620de,2026-04-26T09:30:00Z,2026-04-26T11:30:00+0200,100.46,MW,FR,FR,forecast_offshore_wind_generation,Wind Offshore,2026-05-26T14:20:23Z
2026-05-26T14:19:27Z,2026-05-26T16:19:27+0200,9d8474b6-9a07-4a7a-8e0f-b65ff32620de,2026-04-26T09:45:00Z,2026-04-26T11:45:00+0200,94.68501,MW,FR,FR,forecast_offshore_wind_generation,Wind Offshore,2026-05-26T14:20:23Z
2026-05-26T14:19:27Z,2026-05-26T16:19:27+0200,9d8474b6-9a07-4a7a-8e0f-b65ff32620de,2026-04-26T10:00:00Z,2026-04-26T12:00:00+0200,88.91,MW,FR,FR,forecast_offshore_wind_generation,Wind Offshore,2026-05-26T14:20:23Z
2026-05-26T14:19:27Z,2026-05-26T16:19:27+0200,9d8474b6-9a07-4a7a-8e0f-b65ff32620de,2026-04-26T10:15:00Z,2026-04-26T12:15:00+0200,85.005,MW,FR,FR,forecast_offshore_wind_generation,Wind Offshore,2026-05-26T14:20:23Z
2026-05-26T14:19:27Z,2026-05-26T16:19:27+0200,9d8474b6-9a07-4a7a-8e0f-b65ff32620de,2026-04-26T10:30:00Z,2026-04-26T12:30:00+0200,81.10001,MW,FR,FR,forecast_offshore_wind_generation,Wind Offshore,2026-05-26T14:20:23Z
2026-05-26T14:19:27Z,2026-05-26T16:19:27+0200,9d8474b6-9a07-4a7a-8e0f-b65ff32620de,2026-04-26T10:45:00Z,2026-04-26T12:45:00+0200,77.195,MW,FR,FR,forecast_offshore_wind_generation,Wind Offshore,2026-05-26T14:20:23Z
2026-05-26T14:19:27Z,2026-05-26T16:19:27+0200,9d8474b6-9a07-4a7a-8e0f-b65ff32620de,2026-04-26T11:00:00Z,2026-04-26T13:00:00+0200,73.28999,MW,FR,FR,forecast_offshore_wind_generation,Wind Offshore,2026-05-26T14:20:23Z
2026-05-26T14:19:27Z,2026-05-26T16:19:27+0200,9d8474b6-9a07-4a7a-8e0f-b65ff32620de,2026-04-26T11:15:00Z,2026-04-26T13:15:00+0200,71.3525,MW,FR,FR,forecast_offshore_wind_generation,Wind Offshore,2026-05-26T14:20:23Z
2026-05-26T14:19:27Z,2026-05-26T16:19:27+0200,9d8474b6-9a07-4a7a-8e0f-b65ff32620de,2026-04-26T11:30:00Z,2026-04-26T13:30:00+0200,69.41499,MW,FR,FR,forecast_offshore_wind_generation,Wind Offshore,2026-05-26T14:20:23Z
2026-05-26T14:19:27Z,2026-05-26T16:19:27+0200,9d8474b6-9a07-4a7a-8e0f-b65ff32620de,2026-04-26T11:45:00Z,2026-04-26T13:45:00+0200,67.4775,MW,FR,FR,forecast_offshore_wind_generation,Wind Offshore,2026-05-26T14:20:23Z
2026-05-26T14:19:27Z,2026-05-26T16:19:27+0200,9d8474b6-9a07-4a7a-8e0f-b65ff32620de,2026-04-26T12:00:00Z,2026-04-26T14:00:00+0200,65.54,MW,FR,FR,forecast_offshore_wind_generation,Wind Offshore,2026-05-26T14:20:23Z
2026-05-26T14:19:27Z,2026-05-26T16:19:27+0200,9d8474b6-9a07-4a7a-8e0f-b65ff32620de,2026-04-26T12:15:00Z,2026-04-26T14:15:00+0200,68.78,MW,FR,FR,forecast_offshore_wind_generation,Wind Offshore,2026-05-26T14:20:23Z
2026-05-26T14:19:27Z,2026-05-26T16:19:27+0200,9d8474b6-9a07-4a7a-8e0f-b65ff32620de,2026-04-26T12:30:00Z,2026-04-26T14:30:00+0200,72.02,MW,FR,FR,forecast_offshore_wind_generation,Wind Offshore,2026-05-26T14:20:23Z
2026-05-26T14:19:27Z,2026-05-26T16:19:27+0200,9d8474b6-9a07-4a7a-8e0f-b65ff32620de,2026-04-26T12:45:00Z,2026-04-26T14:45:00+0200,75.26,MW,FR,FR,forecast_offshore_wind_generation,Wind Offshore,2026-05-26T14:20:23Z
2026-05-26T14:19:27Z,2026-05-26T16:19:27+0200,9d8474b6-9a07-4a7a-8e0f-b65ff32620de,2026-04-26T13:00:00Z,2026-04-26T15:00:00+0200,78.50001,MW,FR,FR,forecast_offshore_wind_generation,Wind Offshore,2026-05-26T14:20:23Z
2026-05-26T14:19:27Z,2026-05-26T16:19:27+0200,9d8474b6-9a07-4a7a-8e0f-b65ff32620de,2026-04-26T13:15:00Z,2026-04-26T15:15:00+0200,83.1075,MW,FR,FR,forecast_offshore_wind_generation,Wind Offshore,2026-05-26T14:20:23Z
2026-05-26T14:19:27Z,2026-05-26T16:19:27+0200,9d8474b6-9a07-4a7a-8e0f-b65ff32620de,2026-04-26T13:30:00Z,2026-04-26T15:30:00+0200,87.715,MW,FR,FR,forecast_offshore_wind_generation,Wind Offshore,2026-05-26T14:20:23Z
2026-05-26T14:19:27Z,2026-05-26T16:19:27+0200,9d8474b6-9a07-4a7a-8e0f-b65ff32620de,2026-04-26T13:45:00Z,2026-04-26T15:45:00+0200,92.3225,MW,FR,FR,forecast_offshore_wind_generation,Wind Offshore,2026-05-26T14:20:23Z
2026-05-26T14:19:27Z,2026-05-26T16:19:27+0200,9d8474b6-9a07-4a7a-8e0f-b65ff32620de,2026-04-26T14:00:00Z,2026-04-26T16:00:00+0200,96.93,MW,FR,FR,forecast_offshore_wind_generation,Wind Offshore,2026-05-26T14:20:23Z
2026-05-26T14:19:27Z,2026-05-26T16:19:27+0200,9d8474b6-9a07-4a7a-8e0f-b65ff32620de,2026-04-26T14:15:00Z,2026-04-26T16:15:00+0200,105.095,MW,FR,FR,forecast_offshore_wind_generation,Wind Offshore,2026-05-26T14:20:23Z
2026-05-26T14:19:27Z,2026-05-26T16:19:27+0200,9d8474b6-9a07-4a7a-8e0f-b65ff32620de,2026-04-26T14:30:00Z,2026-04-26T16:30:00+0200,113.25999,MW,FR,FR,forecast_offshore_wind_generation,Wind Offshore,2026-05-26T14:20:23Z
2026-05-26T14:19:27Z,2026-05-26T16:19:27+0200,9d8474b6-9a07-4a7a-8e0f-b65ff32620de,2026-04-26T14:45:00Z,2026-04-26T16:45:00+0200,121.425,MW,FR,FR,forecast_offshore_wind_generation,Wind Offshore,2026-05-26T14:20:23Z
2026-05-26T14:19:27Z,2026-05-26T16:19:27+0200,9d8474b6-9a07-4a7a-8e0f-b65ff32620de,2026-04-26T15:00:00Z,2026-04-26T17:00:00+0200,129.59,MW,FR,FR,forecast_offshore_wind_generation,Wind Offshore,2026-05-26T14:20:23Z
2026-05-26T14:19:27Z,2026-05-26T16:19:27+0200,9d8474b6-9a07-4a7a-8e0f-b65ff32620de,2026-04-26T15:15:00Z,2026-04-26T17:15:00+0200,136.35249,MW,FR,FR,forecast_offshore_wind_generation,Wind Offshore,2026-05-26T14:20:23Z
2026-05-26T14:19:27Z,2026-05-26T16:19:27+0200,9d8474b6-9a07-4a7a-8e0f-b65ff32620de,2026-04-26T15:30:00Z,2026-04-26T17:30:00+0200,143.11501,MW,FR,FR,forecast_offshore_wind_generation,Wind Offshore,2026-05-26T14:20:23Z
2026-05-26T14:19:27Z,2026-05-26T16:19:27+0200,9d8474b6-9a07-4a7a-8e0f-b65ff32620de,2026-04-26T15:45:00Z,2026-04-26T17:45:00+0200,397.9975,MW,FR,FR,forecast_offshore_wind_generation,Wind Offshore,2026-05-26T14:20:23Z
2026-05-26T14:19:27Z,2026-05-26T16:19:27+0200,9d8474b6-9a07-4a7a-8e0f-b65ff32620de,2026-04-26T16:00:00Z,2026-04-26T18:00:00+0200,409.72,MW,FR,FR,forecast_offshore_wind_generation,Wind Offshore,2026-05-26T14:20:23Z
2026-05-26T14:19:27Z,2026-05-26T16:19:27+0200,9d8474b6-9a07-4a7a-8e0f-b65ff32620de,2026-04-26T16:15:00Z,2026-04-26T18:15:00+0200,429.86249,MW,FR,FR,forecast_offshore_wind_generation,Wind Offshore,2026-05-26T14:20:23Z
2026-05-26T14:19:27Z,2026-05-26T16:19:27+0200,9d8474b6-9a07-4a7a-8e0f-b65ff32620de,2026-04-26T16:30:00Z,2026-04-26T18:30:00+0200,450.005,MW,FR,FR,forecast_offshore_wind_generation,Wind Offshore,2026-05-26T14:20:23Z
2026-05-26T14:19:27Z,2026-05-26T16:19:27+0200,9d8474b6-9a07-4a7a-8e0f-b65ff32620de,2026-04-26T16:45:00Z,2026-04-26T18:45:00+0200,470.14749,MW,FR,FR,forecast_offshore_wind_generation,Wind Offshore,2026-05-26T14:20:23Z
2026-05-26T14:19:27Z,2026-05-26T16:19:27+0200,9d8474b6-9a07-4a7a-8e0f-b65ff32620de,2026-04-26T17:00:00Z,2026-04-26T19:00:00+0200,490.29001,MW,FR,FR,forecast_offshore_wind_generation,Wind Offshore,2026-05-26T14:20:23Z
2026-05-26T14:19:27Z,2026-05-26T16:19:27+0200,9d8474b6-9a07-4a7a-8e0f-b65ff32620de,2026-04-26T17:15:00Z,2026-04-26T19:15:00+0200,514.07001,MW,FR,FR,forecast_offshore_wind_generation,Wind Offshore,2026-05-26T14:20:23Z
2026-05-26T14:19:27Z,2026-05-26T16:19:27+0200,9d8474b6-9a07-4a7a-8e0f-b65ff32620de,2026-04-26T17:30:00Z,2026-04-26T19:30:00+0200,537.84998,MW,FR,FR,forecast_offshore_wind_generation,Wind Offshore,2026-05-26T14:20:23Z
2026-05-26T14:19:27Z,2026-05-26T16:19:27+0200,9d8474b6-9a07-4a7a-8e0f-b65ff32620de,2026-04-26T17:45:00Z,2026-04-26T19:45:00+0200,561.63,MW,FR,FR,forecast_offshore_wind_generation,Wind Offshore,2026-05-26T14:20:23Z
2026-05-26T14:19:27Z,2026-05-26T16:19:27+0200,9d8474b6-9a07-4a7a-8e0f-b65ff32620de,2026-04-26T18:00:00Z,2026-04-26T20:00:00+0200,585.41003,MW,FR,FR,forecast_offshore_wind_generation,Wind Offshore,2026-05-26T14:20:23Z
2026-05-26T14:19:27Z,2026-05-26T16:19:27+0200,9d8474b6-9a07-4a7a-8e0f-b65ff32620de,2026-04-26T18:15:00Z,2026-04-26T20:15:00+0200,600.29999,MW,FR,FR,forecast_offshore_wind_generation,Wind Offshore,2026-05-26T14:20:23Z
2026-05-26T14:19:27Z,2026-05-26T16:19:27+0200,9d8474b6-9a07-4a7a-8e0f-b65ff32620de,2026-04-26T18:30:00Z,2026-04-26T20:30:00+0200,615.19,MW,FR,FR,forecast_offshore_wind_generation,Wind Offshore,2026-05-26T14:20:23Z
2026-05-26T14:19:27Z,2026-05-26T16:19:27+0200,9d8474b6-9a07-4a7a-8e0f-b65ff32620de,2026-04-26T18:45:00Z,2026-04-26T20:45:00+0200,630.08002,MW,FR,FR,forecast_offshore_wind_generation,Wind Offshore,2026-05-26T14:20:23Z
2026-05-26T14:19:27Z,2026-05-26T16:19:27+0200,9d8474b6-9a07-4a7a-8e0f-b65ff32620de,2026-04-26T19:00:00Z,2026-04-26T21:00:00+0200,644.97009,MW,FR,FR,forecast_offshore_wind_generation,Wind Offshore,2026-05-26T14:20:23Z
2026-05-26T14:19:27Z,2026-05-26T16:19:27+0200,9d8474b6-9a07-4a7a-8e0f-b65ff32620de,2026-04-26T19:15:00Z,2026-04-26T21:15:00+0200,649.35754,MW,FR,FR,forecast_offshore_wind_generation,Wind Offshore,2026-05-26T14:20:23Z
2026-05-26T14:19:27Z,2026-05-26T16:19:27+0200,9d8474b6-9a07-4a7a-8e0f-b65ff32620de,2026-04-26T19:30:00Z,2026-04-26T21:30:00+0200,653.745,MW,FR,FR,forecast_offshore_wind_generation,Wind Offshore,2026-05-26T14:20:23Z
2026-05-26T14:19:27Z,2026-05-26T16:19:27+0200,9d8474b6-9a07-4a7a-8e0f-b65ff32620de,2026-04-26T19:45:00Z,2026-04-26T21:45:00+0200,658.13239,MW,FR,FR,forecast_offshore_wind_generation,Wind Offshore,2026-05-26T14:20:23Z
2026-05-26T14:19:27Z,2026-05-26T16:19:27+0200,9d8474b6-9a07-4a7a-8e0f-b65ff32620de,2026-04-26T20:00:00Z,2026-04-26T22:00:00+0200,662.52002,MW,FR,FR,forecast_offshore_wind_generation,Wind Offshore,2026-05-26T14:20:23Z
2026-05-26T14:19:27Z,2026-05-26T16:19:27+0200,9d8474b6-9a07-4a7a-8e0f-b65ff32620de,2026-04-26T20:15:00Z,2026-04-26T22:15:00+0200,660.04999,MW,FR,FR,forecast_offshore_wind_generation,Wind Offshore,2026-05-26T14:20:23Z
2026-05-26T14:19:27Z,2026-05-26T16:19:27+0200,9d8474b6-9a07-4a7a-8e0f-b65ff32620de,2026-04-26T20:30:00Z,2026-04-26T22:30:00+0200,657.57996,MW,FR,FR,forecast_offshore_wind_generation,Wind Offshore,2026-05-26T14:20:23Z
2026-05-26T14:19:27Z,2026-05-26T16:19:27+0200,9d8474b6-9a07-4a7a-8e0f-b65ff32620de,2026-04-26T20:45:00Z,2026-04-26T22:45:00+0200,655.11005,MW,FR,FR,forecast_offshore_wind_generation,Wind Offshore,2026-05-26T14:20:23Z
2026-05-26T14:19:27Z,2026-05-26T16:19:27+0200,9d8474b6-9a07-4a7a-8e0f-b65ff32620de,2026-04-26T21:00:00Z,2026-04-26T23:00:00+0200,652.64001,MW,FR,FR,forecast_offshore_wind_generation,Wind Offshore,2026-05-26T14:20:23Z
2026-05-26T14:19:27Z,2026-05-26T16:19:27+0200,9d8474b6-9a07-4a7a-8e0f-b65ff32620de,2026-04-26T21:15:00Z,2026-04-26T23:15:00+0200,640.02502,MW,FR,FR,forecast_offshore_wind_generation,Wind Offshore,2026-05-26T14:20:23Z
2026-05-26T14:19:27Z,2026-05-26T16:19:27+0200,9d8474b6-9a07-4a7a-8e0f-b65ff32620de,2026-04-26T21:30:00Z,2026-04-26T23:30:00+0200,627.41003,MW,FR,FR,forecast_offshore_wind_generation,Wind Offshore,2026-05-26T14:20:23Z
2026-05-26T14:19:27Z,2026-05-26T16:19:27+0200,9d8474b6-9a07-4a7a-8e0f-b65ff32620de,2026-04-26T21:45:00Z,2026-04-26T23:45:00+0200,614.79498,MW,FR,FR,forecast_offshore_wind_generation,Wind Offshore,2026-05-26T14:20:23Z
2026-05-26T14:19:27Z,2026-05-26T16:19:27+0200,9d8474b6-9a07-4a7a-8e0f-b65ff32620de,2026-04-26T22:00:00Z,2026-04-27T00:00:00+0200,424.16,MW,FR,FR,forecast_offshore_wind_generation,Wind Offshore,2026-05-26T14:20:23Z
2026-05-26T14:19:27Z,2026-05-26T16:19:27+0200,9d8474b6-9a07-4a7a-8e0f-b65ff32620de,2026-04-26T22:15:00Z,2026-04-27T00:15:00+0200,412.44,MW,FR,FR,forecast_offshore_wind_generation,Wind Offshore,2026-05-26T14:20:23Z
2026-05-26T14:19:27Z,2026-05-26T16:19:27+0200,9d8474b6-9a07-4a7a-8e0f-b65ff32620de,2026-04-26T22:30:00Z,2026-04-27T00:30:00+0200,400.71997,MW,FR,FR,forecast_offshore_wind_generation,Wind Offshore,2026-05-26T14:20:23Z
2026-05-26T14:19:27Z,2026-05-26T16:19:27+0200,9d8474b6-9a07-4a7a-8e0f-b65ff32620de,2026-04-26T22:45:00Z,2026-04-27T00:45:00+0200,389.0,MW,FR,FR,forecast_offshore_wind_generation,Wind Offshore,2026-05-26T14:20:23Z
2026-05-26T14:19:27Z,2026-05-26T16:19:27+0200,9d8474b6-9a07-4a7a-8e0f-b65ff32620de,2026-04-26T23:00:00Z,2026-04-27T01:00:00+0200,377.27997,MW,FR,FR,forecast_offshore_wind_generation,Wind Offshore,2026-05-26T14:20:23Z
2026-05-26T14:19:27Z,2026-05-26T16:19:27+0200,9d8474b6-9a07-4a7a-8e0f-b65ff32620de,2026-04-26T23:15:00Z,2026-04-27T01:15:00+0200,367.42499,MW,FR,FR,forecast_offshore_wind_generation,Wind Offshore,2026-05-26T14:20:23Z
2026-05-26T14:19:27Z,2026-05-26T16:19:27+0200,9d8474b6-9a07-4a7a-8e0f-b65ff32620de,2026-04-26T23:30:00Z,2026-04-27T01:30:00+0200,357.56998,MW,FR,FR,forecast_offshore_wind_generation,Wind Offshore,2026-05-26T14:20:23Z
2026-05-26T14:19:27Z,2026-05-26T16:19:27+0200,9d8474b6-9a07-4a7a-8e0f-b65ff32620de,2026-04-26T23:45:00Z,2026-04-27T01:45:00+0200,347.715,MW,FR,FR,forecast_offshore_wind_generation,Wind Offshore,2026-05-26T14:20:23Z
2026-05-26T14:19:27Z,2026-05-26T16:19:27+0200,9d8474b6-9a07-4a7a-8e0f-b65ff32620de,2026-04-27T00:00:00Z,2026-04-27T02:00:00+0200,337.85999,MW,FR,FR,forecast_offshore_wind_generation,Wind Offshore,2026-05-26T14:20:23Z
2026-05-26T14:19:27Z,2026-05-26T16:19:27+0200,9d8474b6-9a07-4a7a-8e0f-b65ff32620de,2026-04-27T00:15:00Z,2026-04-27T02:15:00+0200,324.13501,MW,FR,FR,forecast_offshore_wind_generation,Wind Offshore,2026-05-26T14:20:23Z
2026-05-26T14:19:27Z,2026-05-26T16:19:27+0200,9d8474b6-9a07-4a7a-8e0f-b65ff32620de,2026-04-27T00:30:00Z,2026-04-27T02:30:00+0200,310.40997,MW,FR,FR,forecast_offshore_wind_generation,Wind Offshore,2026-05-26T14:20:23Z
2026-05-26T14:19:27Z,2026-05-26T16:19:27+0200,9d8474b6-9a07-4a7a-8e0f-b65ff32620de,2026-04-27T00:45:00Z,2026-04-27T02:45:00+0200,296.685,MW,FR,FR,forecast_offshore_wind_generation,Wind Offshore,2026-05-26T14:20:23Z
2026-05-26T14:19:27Z,2026-05-26T16:19:27+0200,9d8474b6-9a07-4a7a-8e0f-b65ff32620de,2026-04-27T01:00:00Z,2026-04-27T03:00:00+0200,282.95999,MW,FR,FR,forecast_offshore_wind_generation,Wind Offshore,2026-05-26T14:20:23Z
2026-05-26T14:19:27Z,2026-05-26T16:19:27+0200,9d8474b6-9a07-4a7a-8e0f-b65ff32620de,2026-04-27T01:15:00Z,2026-04-27T03:15:00+0200,268.92499,MW,FR,FR,forecast_offshore_wind_generation,Wind Offshore,2026-05-26T14:20:23Z
2026-05-26T14:19:27Z,2026-05-26T16:19:27+0200,9d8474b6-9a07-4a7a-8e0f-b65ff32620de,2026-04-27T01:30:00Z,2026-04-27T03:30:00+0200,254.89001,MW,FR,FR,forecast_offshore_wind_generation,Wind Offshore,2026-05-26T14:20:23Z
2026-05-26T14:19:27Z,2026-05-26T16:19:27+0200,9d8474b6-9a07-4a7a-8e0f-b65ff32620de,2026-04-27T01:45:00Z,2026-04-27T03:45:00+0200,240.855,MW,FR,FR,forecast_offshore_wind_generation,Wind Offshore,2026-05-26T14:20:23Z
2026-05-26T14:19:27Z,2026-05-26T16:19:27+0200,9d8474b6-9a07-4a7a-8e0f-b65ff32620de,2026-04-27T02:00:00Z,2026-04-27T04:00:00+0200,226.81999,MW,FR,FR,forecast_offshore_wind_generation,Wind Offshore,2026-05-26T14:20:23Z
2026-05-26T14:19:27Z,2026-05-26T16:19:27+0200,9d8474b6-9a07-4a7a-8e0f-b65ff32620de,2026-04-27T02:15:00Z,2026-04-27T04:15:00+0200,221.60251,MW,FR,FR,forecast_offshore_wind_generation,Wind Offshore,2026-05-26T14:20:23Z
2026-05-26T14:19:27Z,2026-05-26T16:19:27+0200,9d8474b6-9a07-4a7a-8e0f-b65ff32620de,2026-04-27T02:30:00Z,2026-04-27T04:30:00+0200,216.38499,MW,FR,FR,forecast_offshore_wind_generation,Wind Offshore,2026-05-26T14:20:23Z
2026-05-26T14:19:27Z,2026-05-26T16:19:27+0200,9d8474b6-9a07-4a7a-8e0f-b65ff32620de,2026-04-27T02:45:00Z,2026-04-27T04:45:00+0200,211.1675,MW,FR,FR,forecast_offshore_wind_generation,Wind Offshore,2026-05-26T14:20:23Z
2026-05-26T14:19:27Z,2026-05-26T16:19:27+0200,9d8474b6-9a07-4a7a-8e0f-b65ff32620de,2026-04-27T03:00:00Z,2026-04-27T05:00:00+0200,205.95,MW,FR,FR,forecast_offshore_wind_generation,Wind Offshore,2026-05-26T14:20:23Z
2026-05-26T14:19:27Z,2026-05-26T16:19:27+0200,9d8474b6-9a07-4a7a-8e0f-b65ff32620de,2026-04-27T03:15:00Z,2026-04-27T05:15:00+0200,202.95251,MW,FR,FR,forecast_offshore_wind_generation,Wind Offshore,2026-05-26T14:20:23Z
2026-05-26T14:19:27Z,2026-05-26T16:19:27+0200,9d8474b6-9a07-4a7a-8e0f-b65ff32620de,2026-04-27T03:30:00Z,2026-04-27T05:30:00+0200,199.95499,MW,FR,FR,forecast_offshore_wind_generation,Wind Offshore,2026-05-26T14:20:23Z
2026-05-26T14:19:27Z,2026-05-26T16:19:27+0200,9d8474b6-9a07-4a7a-8e0f-b65ff32620de,2026-04-27T03:45:00Z,2026-04-27T05:45:00+0200,196.95752,MW,FR,FR,forecast_offshore_wind_generation,Wind Offshore,2026-05-26T14:20:23Z
2026-05-26T14:19:27Z,2026-05-26T16:19:27+0200,9d8474b6-9a07-4a7a-8e0f-b65ff32620de,2026-04-27T04:00:00Z,2026-04-27T06:00:00+0200,193.95999,MW,FR,FR,forecast_offshore_wind_generation,Wind Offshore,2026-05-26T14:20:23Z
2026-05-26T14:19:27Z,2026-05-26T16:19:27+0200,9d8474b6-9a07-4a7a-8e0f-b65ff32620de,2026-04-27T04:15:00Z,2026-04-27T06:15:00+0200,193.9375,MW,FR,FR,forecast_offshore_wind_generation,Wind Offshore,2026-05-26T14:20:23Z
2026-05-26T14:19:27Z,2026-05-26T16:19:27+0200,9d8474b6-9a07-4a7a-8e0f-b65ff32620de,2026-04-27T04:30:00Z,2026-04-27T06:30:00+0200,193.91501,MW,FR,FR,forecast_offshore_wind_generation,Wind Offshore,2026-05-26T14:20:23Z
2026-05-26T14:19:27Z,2026-05-26T16:19:27+0200,9d8474b6-9a07-4a7a-8e0f-b65ff32620de,2026-04-27T04:45:00Z,2026-04-27T06:45:00+0200,193.8925,MW,FR,FR,forecast_offshore_wind_generation,Wind Offshore,2026-05-26T14:20:23Z
2026-05-26T14:19:27Z,2026-05-26T16:19:27+0200,9d8474b6-9a07-4a7a-8e0f-b65ff32620de,2026-04-27T05:00:00Z,2026-04-27T07:00:00+0200,193.87,MW,FR,FR,forecast_offshore_wind_generation,Wind Offshore,2026-05-26T14:20:23Z
2026-05-26T14:19:27Z,2026-05-26T16:19:27+0200,9d8474b6-9a07-4a7a-8e0f-b65ff32620de,2026-04-27T05:15:00Z,2026-04-27T07:15:00+0200,197.1225,MW,FR,FR,forecast_offshore_wind_generation,Wind Offshore,2026-05-26T14:20:23Z
2026-05-26T14:19:27Z,2026-05-26T16:19:27+0200,9d8474b6-9a07-4a7a-8e0f-b65ff32620de,2026-04-27T05:30:00Z,2026-04-27T07:30:00+0200,200.375,MW,FR,FR,forecast_offshore_wind_generation,Wind Offshore,2026-05-26T14:20:23Z
2026-05-26T14:19:27Z,2026-05-26T16:19:27+0200,9d8474b6-9a07-4a7a-8e0f-b65ff32620de,2026-04-27T05:45:00Z,2026-04-27T07:45:00+0200,203.62749,MW,FR,FR,forecast_offshore_wind_generation,Wind Offshore,2026-05-26T14:20:23Z
2026-05-26T14:19:27Z,2026-05-26T16:19:27+0200,9d8474b6-9a07-4a7a-8e0f-b65ff32620de,2026-04-27T06:00:00Z,2026-04-27T08:00:00+0200,206.87997,MW,FR,FR,forecast_offshore_wind_generation,Wind Offshore,2026-05-26T14:20:23Z
2026-05-26T14:19:27Z,2026-05-26T16:19:27+0200,9d8474b6-9a07-4a7a-8e0f-b65ff32620de,2026-04-27T06:15:00Z,2026-04-27T08:15:00+0200,212.80249,MW,FR,FR,forecast_offshore_wind_generation,Wind Offshore,2026-05-26T14:20:23Z
2026-05-26T14:19:27Z,2026-05-26T16:19:27+0200,9d8474b6-9a07-4a7a-8e0f-b65ff32620de,2026-04-27T06:30:00Z,2026-04-27T08:30:00+0200,218.72499,MW,FR,FR,forecast_offshore_wind_generation,Wind Offshore,2026-05-26T14:20:23Z
2026-05-26T14:19:27Z,2026-05-26T16:19:27+0200,9d8474b6-9a07-4a7a-8e0f-b65ff32620de,2026-04-27T06:45:00Z,2026-04-27T08:45:00+0200,224.64749,MW,FR,FR,forecast_offshore_wind_generation,Wind Offshore,2026-05-26T14:20:23Z
2026-05-26T14:19:27Z,2026-05-26T16:19:27+0200,9d8474b6-9a07-4a7a-8e0f-b65ff32620de,2026-04-27T07:00:00Z,2026-04-27T09:00:00+0200,230.57001,MW,FR,FR,forecast_offshore_wind_generation,Wind Offshore,2026-05-26T14:20:23Z
2026-05-26T14:19:27Z,2026-05-26T16:19:27+0200,9d8474b6-9a07-4a7a-8e0f-b65ff32620de,2026-04-27T07:15:00Z,2026-04-27T09:15:00+0200,236.71501,MW,FR,FR,forecast_offshore_wind_generation,Wind Offshore,2026-05-26T14:20:23Z
2026-05-26T14:19:27Z,2026-05-26T16:19:27+0200,9d8474b6-9a07-4a7a-8e0f-b65ff32620de,2026-04-27T07:30:00Z,2026-04-27T09:30:00+0200,242.85999,MW,FR,FR,forecast_offshore_wind_generation,Wind Offshore,2026-05-26T14:20:23Z
2026-05-26T14:19:27Z,2026-05-26T16:19:27+0200,9d8474b6-9a07-4a7a-8e0f-b65ff32620de,2026-04-27T07:45:00Z,2026-04-27T09:45:00+0200,249.00499,MW,FR,FR,forecast_offshore_wind_generation,Wind Offshore,2026-05-26T14:20:23Z
2026-05-26T14:19:27Z,2026-05-26T16:19:27+0200,9d8474b6-9a07-4a7a-8e0f-b65ff32620de,2026-04-27T08:00:00Z,2026-04-27T10:00:00+0200,255.14999,MW,FR,FR,forecast_offshore_wind_generation,Wind Offshore,2026-05-26T14:20:23Z
2026-05-26T14:19:27Z,2026-05-26T16:19:27+0200,9d8474b6-9a07-4a7a-8e0f-b65ff32620de,2026-04-27T08:15:00Z,2026-04-27T10:15:00+0200,261.435,MW,FR,FR,forecast_offshore_wind_generation,Wind Offshore,2026-05-26T14:20:23Z
2026-05-26T14:19:27Z,2026-05-26T16:19:27+0200,9d8474b6-9a07-4a7a-8e0f-b65ff32620de,2026-04-27T08:30:00Z,2026-04-27T10:30:00+0200,267.72,MW,FR,FR,forecast_offshore_wind_generation,Wind Offshore,2026-05-26T14:20:23Z
2026-05-26T14:19:27Z,2026-05-26T16:19:27+0200,9d8474b6-9a07-4a7a-8e0f-b65ff32620de,2026-04-27T08:45:00Z,2026-04-27T10:45:00+0200,274.00497,MW,FR,FR,forecast_offshore_wind_generation,Wind Offshore,2026-05-26T14:20:23Z
2026-05-26T14:19:27Z,2026-05-26T16:19:27+0200,9d8474b6-9a07-4a7a-8e0f-b65ff32620de,2026-04-27T09:00:00Z,2026-04-27T11:00:00+0200,280.29001,MW,FR,FR,forecast_offshore_wind_generation,Wind Offshore,2026-05-26T14:20:23Z
2026-05-26T14:19:27Z,2026-05-26T16:19:27+0200,9d8474b6-9a07-4a7a-8e0f-b65ff32620de,2026-04-27T09:15:00Z,2026-04-27T11:15:00+0200,276.905,MW,FR,FR,forecast_offshore_wind_generation,Wind Offshore,2026-05-26T14:20:23Z
2026-05-26T14:19:27Z,2026-05-26T16:19:27+0200,9d8474b6-9a07-4a7a-8e0f-b65ff32620de,2026-04-27T09:30:00Z,2026-04-27T11:30:00+0200,273.51999,MW,FR,FR,forecast_offshore_wind_generation,Wind Offshore,2026-05-26T14:20:23Z
2026-05-26T14:19:27Z,2026-05-26T16:19:27+0200,9d8474b6-9a07-4a7a-8e0f-b65ff32620de,2026-04-27T09:45:00Z,2026-04-27T11:45:00+0200,270.13498,MW,FR,FR,forecast_offshore_wind_generation,Wind Offshore,2026-05-26T14:20:23Z
2026-05-26T14:19:27Z,2026-05-26T16:19:27+0200,9d8474b6-9a07-4a7a-8e0f-b65ff32620de,2026-04-27T10:00:00Z,2026-04-27T12:00:00+0200,266.75,MW,FR,FR,forecast_offshore_wind_generation,Wind Offshore,2026-05-26T14:20:23Z
2026-05-26T14:19:27Z,2026-05-26T16:19:27+0200,9d8474b6-9a07-4a7a-8e0f-b65ff32620de,2026-04-27T10:15:00Z,2026-04-27T12:15:00+0200,270.1275,MW,FR,FR,forecast_offshore_wind_generation,Wind Offshore,2026-05-26T14:20:23Z
2026-05-26T14:19:27Z,2026-05-26T16:19:27+0200,9d8474b6-9a07-4a7a-8e0f-b65ff32620de,2026-04-27T10:30:00Z,2026-04-27T12:30:00+0200,273.51001,MW,FR,FR,forecast_offshore_wind_generation,Wind Offshore,2026-05-26T14:20:23Z
2026-05-26T14:19:27Z,2026-05-26T16:19:27+0200,9d8474b6-9a07-4a7a-8e0f-b65ff32620de,2026-04-27T10:45:00Z,2026-04-27T12:45:00+0200,187.8875,MW,FR,FR,forecast_offshore_wind_generation,Wind Offshore,2026-05-26T14:20:23Z
2026-05-26T14:19:27Z,2026-05-26T16:19:27+0200,9d8474b6-9a07-4a7a-8e0f-b65ff32620de,2026-04-27T11:00:00Z,2026-04-27T13:00:00+0200,182.64999,MW,FR,FR,forecast_offshore_wind_generation,Wind Offshore,2026-05-26T14:20:23Z
2026-05-26T14:19:27Z,2026-05-26T16:19:27+0200,9d8474b6-9a07-4a7a-8e0f-b65ff32620de,2026-04-27T11:15:00Z,2026-04-27T13:15:00+0200,178.30499,MW,FR,FR,forecast_offshore_wind_generation,Wind Offshore,2026-05-26T14:20:23Z
2026-05-26T14:19:27Z,2026-05-26T16:19:27+0200,9d8474b6-9a07-4a7a-8e0f-b65ff32620de,2026-04-27T11:30:00Z,2026-04-27T13:30:00+0200,173.95999,MW,FR,FR,forecast_offshore_wind_generation,Wind Offshore,2026-05-26T14:20:23Z
2026-05-26T14:19:27Z,2026-05-26T16:19:27+0200,9d8474b6-9a07-4a7a-8e0f-b65ff32620de,2026-04-27T11:45:00Z,2026-04-27T13:45:00+0200,169.61499,MW,FR,FR,forecast_offshore_wind_generation,Wind Offshore,2026-05-26T14:20:23Z
2026-05-26T14:19:27Z,2026-05-26T16:19:27+0200,9d8474b6-9a07-4a7a-8e0f-b65ff32620de,2026-04-27T12:00:00Z,2026-04-27T14:00:00+0200,165.27,MW,FR,FR,forecast_offshore_wind_generation,Wind Offshore,2026-05-26T14:20:23Z
2026-05-26T14:19:27Z,2026-05-26T16:19:27+0200,9d8474b6-9a07-4a7a-8e0f-b65ff32620de,2026-04-27T12:15:00Z,2026-04-27T14:15:00+0200,166.8175,MW,FR,FR,forecast_offshore_wind_generation,Wind Offshore,2026-05-26T14:20:23Z
2026-05-26T14:19:27Z,2026-05-26T16:19:27+0200,9d8474b6-9a07-4a7a-8e0f-b65ff32620de,2026-04-27T12:30:00Z,2026-04-27T14:30:00+0200,313.33002,MW,FR,FR,forecast_offshore_wind_generation,Wind Offshore,2026-05-26T14:20:23Z
2026-05-26T14:19:27Z,2026-05-26T16:19:27+0200,9d8474b6-9a07-4a7a-8e0f-b65ff32620de,2026-04-27T12:45:00Z,2026-04-27T14:45:00+0200,325.245,MW,FR,FR,forecast_offshore_wind_generation,Wind Offshore,2026-05-26T14:20:23Z
2026-05-26T14:19:27Z,2026-05-26T16:19:27+0200,9d8474b6-9a07-4a7a-8e0f-b65ff32620de,2026-04-27T13:00:00Z,2026-04-27T15:00:00+0200,337.15997,MW,FR,FR,forecast_offshore_wind_generation,Wind Offshore,2026-05-26T14:20:23Z
2026-05-26T14:19:27Z,2026-05-26T16:19:27+0200,9d8474b6-9a07-4a7a-8e0f-b65ff32620de,2026-04-27T13:15:00Z,2026-04-27T15:15:00+0200,355.95496,MW,FR,FR,forecast_offshore_wind_generation,Wind Offshore,2026-05-26T14:20:23Z
2026-05-26T14:19:27Z,2026-05-26T16:19:27+0200,9d8474b6-9a07-4a7a-8e0f-b65ff32620de,2026-04-27T13:30:00Z,2026-04-27T15:30:00+0200,374.75,MW,FR,FR,forecast_offshore_wind_generation,Wind Offshore,2026-05-26T14:20:23Z
2026-05-26T14:19:27Z,2026-05-26T16:19:27+0200,9d8474b6-9a07-4a7a-8e0f-b65ff32620de,2026-04-27T13:45:00Z,2026-04-27T15:45:00+0200,393.55746,MW,FR,FR,forecast_offshore_wind_generation,Wind Offshore,2026-05-26T14:20:23Z
2026-05-26T14:19:27Z,2026-05-26T16:19:27+0200,9d8474b6-9a07-4a7a-8e0f-b65ff32620de,2026-04-27T14:00:00Z,2026-04-27T16:00:00+0200,191.20001,MW,FR,FR,forecast_offshore_wind_generation,Wind Offshore,2026-05-26T14:20:23Z
2026-05-26T14:19:27Z,2026-05-26T16:19:27+0200,9d8474b6-9a07-4a7a-8e0f-b65ff32620de,2026-04-27T14:15:00Z,2026-04-27T16:15:00+0200,193.515,MW,FR,FR,forecast_offshore_wind_generation,Wind Offshore,2026-05-26T14:20:23Z
2026-05-26T14:19:27Z,2026-05-26T16:19:27+0200,9d8474b6-9a07-4a7a-8e0f-b65ff32620de,2026-04-27T14:30:00Z,2026-04-27T16:30:00+0200,462.77502,MW,FR,FR,forecast_offshore_wind_generation,Wind Offshore,2026-05-26T14:20:23Z
2026-05-26T14:19:27Z,2026-05-26T16:19:27+0200,9d8474b6-9a07-4a7a-8e0f-b65ff32620de,2026-04-27T14:45:00Z,2026-04-27T16:45:00+0200,487.97,MW,FR,FR,forecast_offshore_wind_generation,Wind Offshore,2026-05-26T14:20:23Z
2026-05-26T14:19:27Z,2026-05-26T16:19:27+0200,9d8474b6-9a07-4a7a-8e0f-b65ff32620de,2026-04-27T15:00:00Z,2026-04-27T17:00:00+0200,513.17999,MW,FR,FR,forecast_offshore_wind_generation,Wind Offshore,2026-05-26T14:20:23Z
2026-05-26T14:19:27Z,2026-05-26T16:19:27+0200,9d8474b6-9a07-4a7a-8e0f-b65ff32620de,2026-04-27T15:15:00Z,2026-04-27T17:15:00+0200,511.92252,MW,FR,FR,forecast_offshore_wind_generation,Wind Offshore,2026-05-26T14:20:23Z
2026-05-26T14:19:27Z,2026-05-26T16:19:27+0200,9d8474b6-9a07-4a7a-8e0f-b65ff32620de,2026-04-27T15:30:00Z,2026-04-27T17:30:00+0200,510.66498,MW,FR,FR,forecast_offshore_wind_generation,Wind Offshore,2026-05-26T14:20:23Z
2026-05-26T14:19:27Z,2026-05-26T16:19:27+0200,9d8474b6-9a07-4a7a-8e0f-b65ff32620de,2026-04-27T15:45:00Z,2026-04-27T17:45:00+0200,509.4075,MW,FR,FR,forecast_offshore_wind_generation,Wind Offshore,2026-05-26T14:20:23Z
2026-05-26T14:19:27Z,2026-05-26T16:19:27+0200,9d8474b6-9a07-4a7a-8e0f-b65ff32620de,2026-04-27T16:00:00Z,2026-04-27T18:00:00+0200,508.14999,MW,FR,FR,forecast_offshore_wind_generation,Wind Offshore,2026-05-26T14:20:23Z
2026-05-26T14:19:27Z,2026-05-26T16:19:27+0200,9d8474b6-9a07-4a7a-8e0f-b65ff32620de,2026-04-27T16:15:00Z,2026-04-27T18:15:00+0200,491.29248,MW,FR,FR,forecast_offshore_wind_generation,Wind Offshore,2026-05-26T14:20:23Z
2026-05-26T14:19:27Z,2026-05-26T16:19:27+0200,9d8474b6-9a07-4a7a-8e0f-b65ff32620de,2026-04-27T16:30:00Z,2026-04-27T18:30:00+0200,474.435,MW,FR,FR,forecast_offshore_wind_generation,Wind Offshore,2026-05-26T14:20:23Z
2026-05-26T14:19:27Z,2026-05-26T16:19:27+0200,9d8474b6-9a07-4a7a-8e0f-b65ff32620de,2026-04-27T16:45:00Z,2026-04-27T18:45:00+0200,457.57748,MW,FR,FR,forecast_offshore_wind_generation,Wind Offshore,2026-05-26T14:20:23Z
2026-05-26T14:19:27Z,2026-05-26T16:19:27+0200,9d8474b6-9a07-4a7a-8e0f-b65ff32620de,2026-04-27T17:00:00Z,2026-04-27T19:00:00+0200,440.72,MW,FR,FR,forecast_offshore_wind_generation,Wind Offshore,2026-05-26T14:20:23Z
2026-05-26T14:19:27Z,2026-05-26T16:19:27+0200,9d8474b6-9a07-4a7a-8e0f-b65ff32620de,2026-04-27T17:15:00Z,2026-04-27T19:15:00+0200,428.10748,MW,FR,FR,forecast_offshore_wind_generation,Wind Offshore,2026-05-26T14:20:23Z
2026-05-26T14:19:27Z,2026-05-26T16:19:27+0200,9d8474b6-9a07-4a7a-8e0f-b65ff32620de,2026-04-27T17:30:00Z,2026-04-27T19:30:00+0200,415.495,MW,FR,FR,forecast_offshore_wind_generation,Wind Offshore,2026-05-26T14:20:23Z
2026-05-26T14:19:27Z,2026-05-26T16:19:27+0200,9d8474b6-9a07-4a7a-8e0f-b65ff32620de,2026-04-27T17:45:00Z,2026-04-27T19:45:00+0200,402.88248,MW,FR,FR,forecast_offshore_wind_generation,Wind Offshore,2026-05-26T14:20:23Z
2026-05-26T14:19:27Z,2026-05-26T16:19:27+0200,9d8474b6-9a07-4a7a-8e0f-b65ff32620de,2026-04-27T18:00:00Z,2026-04-27T20:00:00+0200,390.26999,MW,FR,FR,forecast_offshore_wind_generation,Wind Offshore,2026-05-26T14:20:23Z
2026-05-26T14:19:27Z,2026-05-26T16:19:27+0200,9d8474b6-9a07-4a7a-8e0f-b65ff32620de,2026-04-27T18:15:00Z,2026-04-27T20:15:00+0200,399.60751,MW,FR,FR,forecast_offshore_wind_generation,Wind Offshore,2026-05-26T14:20:23Z
2026-05-26T14:19:27Z,2026-05-26T16:19:27+0200,9d8474b6-9a07-4a7a-8e0f-b65ff32620de,2026-04-27T18:30:00Z,2026-04-27T20:30:00+0200,408.94498,MW,FR,FR,forecast_offshore_wind_generation,Wind Offshore,2026-05-26T14:20:23Z
2026-05-26T14:19:27Z,2026-05-26T16:19:27+0200,9d8474b6-9a07-4a7a-8e0f-b65ff32620de,2026-04-27T18:45:00Z,2026-04-27T20:45:00+0200,418.2825,MW,FR,FR,forecast_offshore_wind_generation,Wind Offshore,2026-05-26T14:20:23Z
2026-05-26T14:19:27Z,2026-05-26T16:19:27+0200,9d8474b6-9a07-4a7a-8e0f-b65ff32620de,2026-04-27T19:00:00Z,2026-04-27T21:00:00+0200,427.62,MW,FR,FR,forecast_offshore_wind_generation,Wind Offshore,2026-05-26T14:20:23Z
2026-05-26T14:19:27Z,2026-05-26T16:19:27+0200,9d8474b6-9a07-4a7a-8e0f-b65ff32620de,2026-04-27T19:15:00Z,2026-04-27T21:15:00+0200,445.815,MW,FR,FR,forecast_offshore_wind_generation,Wind Offshore,2026-05-26T14:20:23Z
2026-05-26T14:19:27Z,2026-05-26T16:19:27+0200,9d8474b6-9a07-4a7a-8e0f-b65ff32620de,2026-04-27T19:30:00Z,2026-04-27T21:30:00+0200,464.00998,MW,FR,FR,forecast_offshore_wind_generation,Wind Offshore,2026-05-26T14:20:23Z
2026-05-26T14:19:27Z,2026-05-26T16:19:27+0200,9d8474b6-9a07-4a7a-8e0f-b65ff32620de,2026-04-27T19:45:00Z,2026-04-27T21:45:00+0200,482.20502,MW,FR,FR,forecast_offshore_wind_generation,Wind Offshore,2026-05-26T14:20:23Z
2026-05-26T14:19:27Z,2026-05-26T16:19:27+0200,9d8474b6-9a07-4a7a-8e0f-b65ff32620de,2026-04-27T20:00:00Z,2026-04-27T22:00:00+0200,500.40002,MW,FR,FR,forecast_offshore_wind_generation,Wind Offshore,2026-05-26T14:20:23Z
2026-05-26T14:19:27Z,2026-05-26T16:19:27+0200,9d8474b6-9a07-4a7a-8e0f-b65ff32620de,2026-04-27T20:15:00Z,2026-04-27T22:15:00+0200,502.83252,MW,FR,FR,forecast_offshore_wind_generation,Wind Offshore,2026-05-26T14:20:23Z
2026-05-26T14:19:27Z,2026-05-26T16:19:27+0200,9d8474b6-9a07-4a7a-8e0f-b65ff32620de,2026-04-27T20:30:00Z,2026-04-27T22:30:00+0200,505.26501,MW,FR,FR,forecast_offshore_wind_generation,Wind Offshore,2026-05-26T14:20:23Z
2026-05-26T14:19:27Z,2026-05-26T16:19:27+0200,9d8474b6-9a07-4a7a-8e0f-b65ff32620de,2026-04-27T20:45:00Z,2026-04-27T22:45:00+0200,507.69751,MW,FR,FR,forecast_offshore_wind_generation,Wind Offshore,2026-05-26T14:20:23Z
2026-05-26T14:19:27Z,2026-05-26T16:19:27+0200,9d8474b6-9a07-4a7a-8e0f-b65ff32620de,2026-04-27T21:00:00Z,2026-04-27T23:00:00+0200,510.13,MW,FR,FR,forecast_offshore_wind_generation,Wind Offshore,2026-05-26T14:20:23Z
2026-05-26T14:19:27Z,2026-05-26T16:19:27+0200,9d8474b6-9a07-4a7a-8e0f-b65ff32620de,2026-04-27T21:15:00Z,2026-04-27T23:15:00+0200,517.1275,MW,FR,FR,forecast_offshore_wind_generation,Wind Offshore,2026-05-26T14:20:23Z
2026-05-26T14:19:27Z,2026-05-26T16:19:27+0200,9d8474b6-9a07-4a7a-8e0f-b65ff32620de,2026-04-27T21:30:00Z,2026-04-27T23:30:00+0200,524.125,MW,FR,FR,forecast_offshore_wind_generation,Wind Offshore,2026-05-26T14:20:23Z
2026-05-26T14:19:27Z,2026-05-26T16:19:27+0200,9d8474b6-9a07-4a7a-8e0f-b65ff32620de,2026-04-27T21:45:00Z,2026-04-27T23:45:00+0200,531.1225,MW,FR,FR,forecast_offshore_wind_generation,Wind Offshore,2026-05-26T14:20:23Z
2026-05-26T14:19:27Z,2026-05-26T16:19:27+0200,9d8474b6-9a07-4a7a-8e0f-b65ff32620de,2026-04-27T22:00:00Z,2026-04-28T00:00:00+0200,589.14001,MW,FR,FR,forecast_offshore_wind_generation,Wind Offshore,2026-05-26T14:20:23Z
2026-05-26T14:19:27Z,2026-05-26T16:19:27+0200,9d8474b6-9a07-4a7a-8e0f-b65ff32620de,2026-04-27T22:15:00Z,2026-04-28T00:15:00+0200,624.09497,MW,FR,FR,forecast_offshore_wind_generation,Wind Offshore,2026-05-26T14:20:23Z
2026-05-26T14:19:27Z,2026-05-26T16:19:27+0200,9d8474b6-9a07-4a7a-8e0f-b65ff32620de,2026-04-27T22:30:00Z,2026-04-28T00:30:00+0200,659.04999,MW,FR,FR,forecast_offshore_wind_generation,Wind Offshore,2026-05-26T14:20:23Z
2026-05-26T14:19:27Z,2026-05-26T16:19:27+0200,9d8474b6-9a07-4a7a-8e0f-b65ff32620de,2026-04-27T22:45:00Z,2026-04-28T00:45:00+0200,694.005,MW,FR,FR,forecast_offshore_wind_generation,Wind Offshore,2026-05-26T14:20:23Z
2026-05-26T14:19:27Z,2026-05-26T16:19:27+0200,9d8474b6-9a07-4a7a-8e0f-b65ff32620de,2026-04-27T23:00:00Z,2026-04-28T01:00:00+0200,728.95996,MW,FR,FR,forecast_offshore_wind_generation,Wind Offshore,2026-05-26T14:20:23Z
2026-05-26T14:19:27Z,2026-05-26T16:19:27+0200,9d8474b6-9a07-4a7a-8e0f-b65ff32620de,2026-04-27T23:15:00Z,2026-04-28T01:15:00+0200,778.91003,MW,FR,FR,forecast_offshore_wind_generation,Wind Offshore,2026-05-26T14:20:23Z
2026-05-26T14:19:27Z,2026-05-26T16:19:27+0200,9d8474b6-9a07-4a7a-8e0f-b65ff32620de,2026-04-27T23:30:00Z,2026-04-28T01:30:00+0200,828.85992,MW,FR,FR,forecast_offshore_wind_generation,Wind Offshore,2026-05-26T14:20:23Z
2026-05-26T14:19:27Z,2026-05-26T16:19:27+0200,9d8474b6-9a07-4a7a-8e0f-b65ff32620de,2026-04-27T23:45:00Z,2026-04-28T01:45:00+0200,878.81,MW,FR,FR,forecast_offshore_wind_generation,Wind Offshore,2026-05-26T14:20:23Z
2026-05-26T14:19:27Z,2026-05-26T16:19:27+0200,9d8474b6-9a07-4a7a-8e0f-b65ff32620de,2026-04-28T00:00:00Z,2026-04-28T02:00:00+0200,928.76001,MW,FR,FR,forecast_offshore_wind_generation,Wind Offshore,2026-05-26T14:20:23Z
2026-05-26T14:19:27Z,2026-05-26T16:19:27+0200,9d8474b6-9a07-4a7a-8e0f-b65ff32620de,2026-04-28T00:15:00Z,2026-04-28T02:15:00+0200,942.995,MW,FR,FR,forecast_offshore_wind_generation,Wind Offshore,2026-05-26T14:20:23Z
2026-05-26T14:19:27Z,2026-05-26T16:19:27+0200,9d8474b6-9a07-4a7a-8e0f-b65ff32620de,2026-04-28T00:30:00Z,2026-04-28T02:30:00+0200,957.23004,MW,FR,FR,forecast_offshore_wind_generation,Wind Offshore,2026-05-26T14:20:23Z
2026-05-26T14:19:27Z,2026-05-26T16:19:27+0200,9d8474b6-9a07-4a7a-8e0f-b65ff32620de,2026-04-28T00:45:00Z,2026-04-28T02:45:00+0200,971.46503,MW,FR,FR,forecast_offshore_wind_generation,Wind Offshore,2026-05-26T14:20:23Z
2026-05-26T14:19:27Z,2026-05-26T16:19:27+0200,9d8474b6-9a07-4a7a-8e0f-b65ff32620de,2026-04-28T01:00:00Z,2026-04-28T03:00:00+0200,985.70001,MW,FR,FR,forecast_offshore_wind_generation,Wind Offshore,2026-05-26T14:20:23Z
2026-05-26T14:19:27Z,2026-05-26T16:19:27+0200,9d8474b6-9a07-4a7a-8e0f-b65ff32620de,2026-04-28T01:15:00Z,2026-04-28T03:15:00+0200,952.24249,MW,FR,FR,forecast_offshore_wind_generation,Wind Offshore,2026-05-26T14:20:23Z
2026-05-26T14:19:27Z,2026-05-26T16:19:27+0200,9d8474b6-9a07-4a7a-8e0f-b65ff32620de,2026-04-28T01:30:00Z,2026-04-28T03:30:00+0200,918.78503,MW,FR,FR,forecast_offshore_wind_generation,Wind Offshore,2026-05-26T14:20:23Z
2026-05-26T14:19:27Z,2026-05-26T16:19:27+0200,9d8474b6-9a07-4a7a-8e0f-b65ff32620de,2026-04-28T01:45:00Z,2026-04-28T03:45:00+0200,885.32751,MW,FR,FR,forecast_offshore_wind_generation,Wind Offshore,2026-05-26T14:20:23Z
2026-05-26T14:19:27Z,2026-05-26T16:19:27+0200,9d8474b6-9a07-4a7a-8e0f-b65ff32620de,2026-04-28T02:00:00Z,2026-04-28T04:00:00+0200,851.87006,MW,FR,FR,forecast_offshore_wind_generation,Wind Offshore,2026-05-26T14:20:23Z
2026-05-26T14:19:27Z,2026-05-26T16:19:27+0200,9d8474b6-9a07-4a7a-8e0f-b65ff32620de,2026-04-28T02:15:00Z,2026-04-28T04:15:00+0200,816.66248,MW,FR,FR,forecast_offshore_wind_generation,Wind Offshore,2026-05-26T14:20:23Z
2026-05-26T14:19:27Z,2026-05-26T16:19:27+0200,9d8474b6-9a07-4a7a-8e0f-b65ff32620de,2026-04-28T02:30:00Z,2026-04-28T04:30:00+0200,781.45502,MW,FR,FR,forecast_offshore_wind_generation,Wind Offshore,2026-05-26T14:20:23Z
2026-05-26T14:19:27Z,2026-05-26T16:19:27+0200,9d8474b6-9a07-4a7a-8e0f-b65ff32620de,2026-04-28T02:45:00Z,2026-04-28T04:45:00+0200,746.24756,MW,FR,FR,forecast_offshore_wind_generation,Wind Offshore,2026-05-26T14:20:23Z
2026-05-26T14:19:27Z,2026-05-26T16:19:27+0200,9d8474b6-9a07-4a7a-8e0f-b65ff32620de,2026-04-28T03:00:00Z,2026-04-28T05:00:00+0200,711.03992,MW,FR,FR,forecast_offshore_wind_generation,Wind Offshore,2026-05-26T14:20:23Z
2026-05-26T14:19:27Z,2026-05-26T16:19:27+0200,9d8474b6-9a07-4a7a-8e0f-b65ff32620de,2026-04-28T03:15:00Z,2026-04-28T05:15:00+0200,742.79248,MW,FR,FR,forecast_offshore_wind_generation,Wind Offshore,2026-05-26T14:20:23Z
2026-05-26T14:19:27Z,2026-05-26T16:19:27+0200,9d8474b6-9a07-4a7a-8e0f-b65ff32620de,2026-04-28T03:30:00Z,2026-04-28T05:30:00+0200,774.54498,MW,FR,FR,forecast_offshore_wind_generation,Wind Offshore,2026-05-26T14:20:23Z
2026-05-26T14:19:27Z,2026-05-26T16:19:27+0200,9d8474b6-9a07-4a7a-8e0f-b65ff32620de,2026-04-28T03:45:00Z,2026-04-28T05:45:00+0200,806.29749,MW,FR,FR,forecast_offshore_wind_generation,Wind Offshore,2026-05-26T14:20:23Z
2026-05-26T14:19:27Z,2026-05-26T16:19:27+0200,9d8474b6-9a07-4a7a-8e0f-b65ff32620de,2026-04-28T04:00:00Z,2026-04-28T06:00:00+0200,838.04999,MW,FR,FR,forecast_offshore_wind_generation,Wind Offshore,2026-05-26T14:20:23Z
2026-05-26T14:19:27Z,2026-05-26T16:19:27+0200,9d8474b6-9a07-4a7a-8e0f-b65ff32620de,2026-04-28T04:15:00Z,2026-04-28T06:15:00+0200,888.68494,MW,FR,FR,forecast_offshore_wind_generation,Wind Offshore,2026-05-26T14:20:23Z
2026-05-26T14:19:27Z,2026-05-26T16:19:27+0200,9d8474b6-9a07-4a7a-8e0f-b65ff32620de,2026-04-28T04:30:00Z,2026-04-28T06:30:00+0200,939.32996,MW,FR,FR,forecast_offshore_wind_generation,Wind Offshore,2026-05-26T14:20:23Z
2026-05-26T14:19:27Z,2026-05-26T16:19:27+0200,9d8474b6-9a07-4a7a-8e0f-b65ff32620de,2026-04-28T04:45:00Z,2026-04-28T06:45:00+0200,399.66501,MW,FR,FR,forecast_offshore_wind_generation,Wind Offshore,2026-05-26T14:20:23Z
2026-05-26T14:19:27Z,2026-05-26T16:19:27+0200,9d8474b6-9a07-4a7a-8e0f-b65ff32620de,2026-04-28T05:00:00Z,2026-04-28T07:00:00+0200,426.73999,MW,FR,FR,forecast_offshore_wind_generation,Wind Offshore,2026-05-26T14:20:23Z
2026-05-26T14:19:27Z,2026-05-26T16:19:27+0200,9d8474b6-9a07-4a7a-8e0f-b65ff32620de,2026-04-28T05:15:00Z,2026-04-28T07:15:00+0200,1022.89008,MW,FR,FR,forecast_offshore_wind_generation,Wind Offshore,2026-05-26T14:20:23Z
2026-05-26T14:19:27Z,2026-05-26T16:19:27+0200,9d8474b6-9a07-4a7a-8e0f-b65ff32620de,2026-04-28T05:30:00Z,2026-04-28T07:30:00+0200,1005.17499,MW,FR,FR,forecast_offshore_wind_generation,Wind Offshore,2026-05-26T14:20:23Z
2026-05-26T14:19:27Z,2026-05-26T16:19:27+0200,9d8474b6-9a07-4a7a-8e0f-b65ff32620de,2026-04-28T05:45:00Z,2026-04-28T07:45:00+0200,987.46753,MW,FR,FR,forecast_offshore_wind_generation,Wind Offshore,2026-05-26T14:20:23Z
2026-05-26T14:19:27Z,2026-05-26T16:19:27+0200,9d8474b6-9a07-4a7a-8e0f-b65ff32620de,2026-04-28T06:00:00Z,2026-04-28T08:00:00+0200,969.75995,MW,FR,FR,forecast_offshore_wind_generation,Wind Offshore,2026-05-26T14:20:23Z
2026-05-26T14:19:27Z,2026-05-26T16:19:27+0200,9d8474b6-9a07-4a7a-8e0f-b65ff32620de,2026-04-28T06:15:00Z,2026-04-28T08:15:00+0200,978.32251,MW,FR,FR,forecast_offshore_wind_generation,Wind Offshore,2026-05-26T14:20:23Z
2026-05-26T14:19:27Z,2026-05-26T16:19:27+0200,9d8474b6-9a07-4a7a-8e0f-b65ff32620de,2026-04-28T06:30:00Z,2026-04-28T08:30:00+0200,986.88501,MW,FR,FR,forecast_offshore_wind_generation,Wind Offshore,2026-05-26T14:20:23Z
2026-05-26T14:19:27Z,2026-05-26T16:19:27+0200,9d8474b6-9a07-4a7a-8e0f-b65ff32620de,2026-04-28T06:45:00Z,2026-04-28T08:45:00+0200,995.44751,MW,FR,FR,forecast_offshore_wind_generation,Wind Offshore,2026-05-26T14:20:23Z
2026-05-26T14:19:27Z,2026-05-26T16:19:27+0200,9d8474b6-9a07-4a7a-8e0f-b65ff32620de,2026-04-28T07:00:00Z,2026-04-28T09:00:00+0200,1004.01001,MW,FR,FR,forecast_offshore_wind_generation,Wind Offshore,2026-05-26T14:20:23Z
2026-05-26T14:19:27Z,2026-05-26T16:19:27+0200,9d8474b6-9a07-4a7a-8e0f-b65ff32620de,2026-04-28T07:15:00Z,2026-04-28T09:15:00+0200,1004.88007,MW,FR,FR,forecast_offshore_wind_generation,Wind Offshore,2026-05-26T14:20:23Z
2026-05-26T14:19:27Z,2026-05-26T16:19:27+0200,9d8474b6-9a07-4a7a-8e0f-b65ff32620de,2026-04-28T07:30:00Z,2026-04-28T09:30:00+0200,1005.75,MW,FR,FR,forecast_offshore_wind_generation,Wind Offshore,2026-05-26T14:20:23Z
2026-05-26T14:19:27Z,2026-05-26T16:19:27+0200,9d8474b6-9a07-4a7a-8e0f-b65ff32620de,2026-04-28T07:45:00Z,2026-04-28T09:45:00+0200,1006.62,MW,FR,FR,forecast_offshore_wind_generation,Wind Offshore,2026-05-26T14:20:23Z
2026-05-26T14:19:27Z,2026-05-26T16:19:27+0200,9d8474b6-9a07-4a7a-8e0f-b65ff32620de,2026-04-28T08:00:00Z,2026-04-28T10:00:00+0200,1007.48993,MW,FR,FR,forecast_offshore_wind_generation,Wind Offshore,2026-05-26T14:20:23Z
2026-05-26T14:19:27Z,2026-05-26T16:19:27+0200,9d8474b6-9a07-4a7a-8e0f-b65ff32620de,2026-04-28T08:15:00Z,2026-04-28T10:15:00+0200,1003.63245,MW,FR,FR,forecast_offshore_wind_generation,Wind Offshore,2026-05-26T14:20:23Z
2026-05-26T14:19:27Z,2026-05-26T16:19:27+0200,9d8474b6-9a07-4a7a-8e0f-b65ff32620de,2026-04-28T08:30:00Z,2026-04-28T10:30:00+0200,999.77509,MW,FR,FR,forecast_offshore_wind_generation,Wind Offshore,2026-05-26T14:20:23Z
2026-05-26T14:19:27Z,2026-05-26T16:19:27+0200,9d8474b6-9a07-4a7a-8e0f-b65ff32620de,2026-04-28T08:45:00Z,2026-04-28T10:45:00+0200,995.91748,MW,FR,FR,forecast_offshore_wind_generation,Wind Offshore,2026-05-26T14:20:23Z
2026-05-26T14:19:27Z,2026-05-26T16:19:27+0200,9d8474b6-9a07-4a7a-8e0f-b65ff32620de,2026-04-28T09:00:00Z,2026-04-28T11:00:00+0200,992.06,MW,FR,FR,forecast_offshore_wind_generation,Wind Offshore,2026-05-26T14:20:23Z
2026-05-26T14:19:27Z,2026-05-26T16:19:27+0200,9d8474b6-9a07-4a7a-8e0f-b65ff32620de,2026-04-28T09:15:00Z,2026-04-28T11:15:00+0200,989.79993,MW,FR,FR,forecast_offshore_wind_generation,Wind Offshore,2026-05-26T14:20:23Z
2026-05-26T14:19:27Z,2026-05-26T16:19:27+0200,9d8474b6-9a07-4a7a-8e0f-b65ff32620de,2026-04-28T09:30:00Z,2026-04-28T11:30:00+0200,987.54004,MW,FR,FR,forecast_offshore_wind_generation,Wind Offshore,2026-05-26T14:20:23Z
2026-05-26T14:19:27Z,2026-05-26T16:19:27+0200,9d8474b6-9a07-4a7a-8e0f-b65ff32620de,2026-04-28T09:45:00Z,2026-04-28T11:45:00+0200,985.27997,MW,FR,FR,forecast_offshore_wind_generation,Wind Offshore,2026-05-26T14:20:23Z
2026-05-26T14:19:27Z,2026-05-26T16:19:27+0200,9d8474b6-9a07-4a7a-8e0f-b65ff32620de,2026-04-28T10:00:00Z,2026-04-28T12:00:00+0200,983.02002,MW,FR,FR,forecast_offshore_wind_generation,Wind Offshore,2026-05-26T14:20:23Z
2026-05-26T14:19:27Z,2026-05-26T16:19:27+0200,9d8474b6-9a07-4a7a-8e0f-b65ff32620de,2026-04-28T10:15:00Z,2026-04-28T12:15:00+0200,294.91501,MW,FR,FR,forecast_offshore_wind_generation,Wind Offshore,2026-05-26T14:20:23Z
2026-05-26T14:19:27Z,2026-05-26T16:19:27+0200,9d8474b6-9a07-4a7a-8e0f-b65ff32620de,2026-04-28T10:30:00Z,2026-04-28T12:30:00+0200,294.67999,MW,FR,FR,forecast_offshore_wind_generation,Wind Offshore,2026-05-26T14:20:23Z
2026-05-26T14:19:27Z,2026-05-26T16:19:27+0200,9d8474b6-9a07-4a7a-8e0f-b65ff32620de,2026-04-28T10:45:00Z,2026-04-28T12:45:00+0200,294.44498,MW,FR,FR,forecast_offshore_wind_generation,Wind Offshore,2026-05-26T14:20:23Z
2026-05-26T14:19:27Z,2026-05-26T16:19:27+0200,9d8474b6-9a07-4a7a-8e0f-b65ff32620de,2026-04-28T11:00:00Z,2026-04-28T13:00:00+0200,294.20999,MW,FR,FR,forecast_offshore_wind_generation,Wind Offshore,2026-05-26T14:20:23Z
2026-05-26T14:19:27Z,2026-05-26T16:19:27+0200,9d8474b6-9a07-4a7a-8e0f-b65ff32620de,2026-04-28T11:15:00Z,2026-04-28T13:15:00+0200,294.06497,MW,FR,FR,forecast_offshore_wind_generation,Wind Offshore,2026-05-26T14:20:23Z
2026-05-26T14:19:27Z,2026-05-26T16:19:27+0200,9d8474b6-9a07-4a7a-8e0f-b65ff32620de,2026-04-28T11:30:00Z,2026-04-28T13:30:00+0200,293.92001,MW,FR,FR,forecast_offshore_wind_generation,Wind Offshore,2026-05-26T14:20:23Z
2026-05-26T14:19:27Z,2026-05-26T16:19:27+0200,9d8474b6-9a07-4a7a-8e0f-b65ff32620de,2026-04-28T11:45:00Z,2026-04-28T13:45:00+0200,293.77499,MW,FR,FR,forecast_offshore_wind_generation,Wind Offshore,2026-05-26T14:20:23Z
2026-05-26T14:19:27Z,2026-05-26T16:19:27+0200,9d8474b6-9a07-4a7a-8e0f-b65ff32620de,2026-04-28T12:00:00Z,2026-04-28T14:00:00+0200,293.63,MW,FR,FR,forecast_offshore_wind_generation,Wind Offshore,2026-05-26T14:20:23Z
2026-05-26T14:19:27Z,2026-05-26T16:19:27+0200,9d8474b6-9a07-4a7a-8e0f-b65ff32620de,2026-04-28T12:15:00Z,2026-04-28T14:15:00+0200,282.51752,MW,FR,FR,forecast_offshore_wind_generation,Wind Offshore,2026-05-26T14:20:23Z
2026-05-26T14:19:27Z,2026-05-26T16:19:27+0200,9d8474b6-9a07-4a7a-8e0f-b65ff32620de,2026-04-28T12:30:00Z,2026-04-28T14:30:00+0200,271.405,MW,FR,FR,forecast_offshore_wind_generation,Wind Offshore,2026-05-26T14:20:23Z
2026-05-26T14:19:27Z,2026-05-26T16:19:27+0200,9d8474b6-9a07-4a7a-8e0f-b65ff32620de,2026-04-28T12:45:00Z,2026-04-28T14:45:00+0200,260.29251,MW,FR,FR,forecast_offshore_wind_generation,Wind Offshore,2026-05-26T14:20:23Z
2026-05-26T14:19:27Z,2026-05-26T16:19:27+0200,9d8474b6-9a07-4a7a-8e0f-b65ff32620de,2026-04-28T13:00:00Z,2026-04-28T15:00:00+0200,249.17999,MW,FR,FR,forecast_offshore_wind_generation,Wind Offshore,2026-05-26T14:20:23Z
2026-05-26T14:19:27Z,2026-05-26T16:19:27+0200,9d8474b6-9a07-4a7a-8e0f-b65ff32620de,2026-04-28T13:15:00Z,2026-04-28T15:15:00+0200,253.59001,MW,FR,FR,forecast_offshore_wind_generation,Wind Offshore,2026-05-26T14:20:23Z
2026-05-26T14:19:27Z,2026-05-26T16:19:27+0200,9d8474b6-9a07-4a7a-8e0f-b65ff32620de,2026-04-28T13:30:00Z,2026-04-28T15:30:00+0200,258.0,MW,FR,FR,forecast_offshore_wind_generation,Wind Offshore,2026-05-26T14:20:23Z
2026-05-26T14:19:27Z,2026-05-26T16:19:27+0200,9d8474b6-9a07-4a7a-8e0f-b65ff32620de,2026-04-28T13:45:00Z,2026-04-28T15:45:00+0200,262.41,MW,FR,FR,forecast_offshore_wind_generation,Wind Offshore,2026-05-26T14:20:23Z
2026-05-26T14:19:27Z,2026-05-26T16:19:27+0200,9d8474b6-9a07-4a7a-8e0f-b65ff32620de,2026-04-28T14:00:00Z,2026-04-28T16:00:00+0200,266.82001,MW,FR,FR,forecast_offshore_wind_generation,Wind Offshore,2026-05-26T14:20:23Z
2026-05-26T14:19:27Z,2026-05-26T16:19:27+0200,9d8474b6-9a07-4a7a-8e0f-b65ff32620de,2026-04-28T14:15:00Z,2026-04-28T16:15:00+0200,283.8475,MW,FR,FR,forecast_offshore_wind_generation,Wind Offshore,2026-05-26T14:20:23Z
2026-05-26T14:19:27Z,2026-05-26T16:19:27+0200,9d8474b6-9a07-4a7a-8e0f-b65ff32620de,2026-04-28T14:30:00Z,2026-04-28T16:30:00+0200,300.875,MW,FR,FR,forecast_offshore_wind_generation,Wind Offshore,2026-05-26T14:20:23Z
2026-05-26T14:19:27Z,2026-05-26T16:19:27+0200,9d8474b6-9a07-4a7a-8e0f-b65ff32620de,2026-04-28T14:45:00Z,2026-04-28T16:45:00+0200,317.9025,MW,FR,FR,forecast_offshore_wind_generation,Wind Offshore,2026-05-26T14:20:23Z
2026-05-26T14:19:27Z,2026-05-26T16:19:27+0200,9d8474b6-9a07-4a7a-8e0f-b65ff32620de,2026-04-28T15:00:00Z,2026-04-28T17:00:00+0200,334.92999,MW,FR,FR,forecast_offshore_wind_generation,Wind Offshore,2026-05-26T14:20:23Z
2026-05-26T14:19:27Z,2026-05-26T16:19:27+0200,9d8474b6-9a07-4a7a-8e0f-b65ff32620de,2026-04-28T15:15:00Z,2026-04-28T17:15:00+0200,346.53497,MW,FR,FR,forecast_offshore_wind_generation,Wind Offshore,2026-05-26T14:20:23Z
2026-05-26T14:19:27Z,2026-05-26T16:19:27+0200,9d8474b6-9a07-4a7a-8e0f-b65ff32620de,2026-04-28T15:30:00Z,2026-04-28T17:30:00+0200,1237.96997,MW,FR,FR,forecast_offshore_wind_generation,Wind Offshore,2026-05-26T14:20:23Z
2026-05-26T14:19:27Z,2026-05-26T16:19:27+0200,9d8474b6-9a07-4a7a-8e0f-b65ff32620de,2026-04-28T15:45:00Z,2026-04-28T17:45:00+0200,1255.65002,MW,FR,FR,forecast_offshore_wind_generation,Wind Offshore,2026-05-26T14:20:23Z
2026-05-26T14:19:27Z,2026-05-26T16:19:27+0200,9d8474b6-9a07-4a7a-8e0f-b65ff32620de,2026-04-28T16:00:00Z,2026-04-28T18:00:00+0200,1273.32996,MW,FR,FR,forecast_offshore_wind_generation,Wind Offshore,2026-05-26T14:20:23Z
2026-05-26T14:19:27Z,2026-05-26T16:19:27+0200,9d8474b6-9a07-4a7a-8e0f-b65ff32620de,2026-04-28T16:15:00Z,2026-04-28T18:15:00+0200,1287.67749,MW,FR,FR,forecast_offshore_wind_generation,Wind Offshore,2026-05-26T14:20:23Z
2026-05-26T14:19:27Z,2026-05-26T16:19:27+0200,9d8474b6-9a07-4a7a-8e0f-b65ff32620de,2026-04-28T16:30:00Z,2026-04-28T18:30:00+0200,1302.0249,MW,FR,FR,forecast_offshore_wind_generation,Wind Offshore,2026-05-26T14:20:23Z
2026-05-26T14:19:27Z,2026-05-26T16:19:27+0200,9d8474b6-9a07-4a7a-8e0f-b65ff32620de,2026-04-28T16:45:00Z,2026-04-28T18:45:00+0200,1316.37256,MW,FR,FR,forecast_offshore_wind_generation,Wind Offshore,2026-05-26T14:20:23Z
2026-05-26T14:19:27Z,2026-05-26T16:19:27+0200,9d8474b6-9a07-4a7a-8e0f-b65ff32620de,2026-04-28T17:00:00Z,2026-04-28T19:00:00+0200,1330.72009,MW,FR,FR,forecast_offshore_wind_generation,Wind Offshore,2026-05-26T14:20:23Z
2026-05-26T14:19:27Z,2026-05-26T16:19:27+0200,9d8474b6-9a07-4a7a-8e0f-b65ff32620de,2026-04-28T17:15:00Z,2026-04-28T19:15:00+0200,1361.17236,MW,FR,FR,forecast_offshore_wind_generation,Wind Offshore,2026-05-26T14:20:23Z
2026-05-26T14:19:27Z,2026-05-26T16:19:27+0200,9d8474b6-9a07-4a7a-8e0f-b65ff32620de,2026-04-28T17:30:00Z,2026-04-28T19:30:00+0200,1391.625,MW,FR,FR,forecast_offshore_wind_generation,Wind Offshore,2026-05-26T14:20:23Z
2026-05-26T14:19:27Z,2026-05-26T16:19:27+0200,9d8474b6-9a07-4a7a-8e0f-b65ff32620de,2026-04-28T17:45:00Z,2026-04-28T19:45:00+0200,1422.07739,MW,FR,FR,forecast_offshore_wind_generation,Wind Offshore,2026-05-26T14:20:23Z
2026-05-26T14:19:27Z,2026-05-26T16:19:27+0200,9d8474b6-9a07-4a7a-8e0f-b65ff32620de,2026-04-28T18:00:00Z,2026-04-28T20:00:00+0200,1452.52991,MW,FR,FR,forecast_offshore_wind_generation,Wind Offshore,2026-05-26T14:20:23Z
2026-05-26T14:19:27Z,2026-05-26T16:19:27+0200,9d8474b6-9a07-4a7a-8e0f-b65ff32620de,2026-04-28T18:15:00Z,2026-04-28T20:15:00+0200,1504.4176,MW,FR,FR,forecast_offshore_wind_generation,Wind Offshore,2026-05-26T14:20:23Z
2026-05-26T14:19:27Z,2026-05-26T16:19:27+0200,9d8474b6-9a07-4a7a-8e0f-b65ff32620de,2026-04-28T18:30:00Z,2026-04-28T20:30:00+0200,1556.30493,MW,FR,FR,forecast_offshore_wind_generation,Wind Offshore,2026-05-26T14:20:23Z
2026-05-26T14:19:27Z,2026-05-26T16:19:27+0200,9d8474b6-9a07-4a7a-8e0f-b65ff32620de,2026-04-28T18:45:00Z,2026-04-28T20:45:00+0200,1608.1925,MW,FR,FR,forecast_offshore_wind_generation,Wind Offshore,2026-05-26T14:20:23Z
2026-05-26T14:19:27Z,2026-05-26T16:19:27+0200,9d8474b6-9a07-4a7a-8e0f-b65ff32620de,2026-04-28T19:00:00Z,2026-04-28T21:00:00+0200,1660.07996,MW,FR,FR,forecast_offshore_wind_generation,Wind Offshore,2026-05-26T14:20:23Z
2026-05-26T14:19:27Z,2026-05-26T16:19:27+0200,9d8474b6-9a07-4a7a-8e0f-b65ff32620de,2026-04-28T19:15:00Z,2026-04-28T21:15:00+0200,1672.10999,MW,FR,FR,forecast_offshore_wind_generation,Wind Offshore,2026-05-26T14:20:23Z
2026-05-26T14:19:27Z,2026-05-26T16:19:27+0200,9d8474b6-9a07-4a7a-8e0f-b65ff32620de,2026-04-28T19:30:00Z,2026-04-28T21:30:00+0200,1684.14014,MW,FR,FR,forecast_offshore_wind_generation,Wind Offshore,2026-05-26T14:20:23Z
2026-05-26T14:19:27Z,2026-05-26T16:19:27+0200,9d8474b6-9a07-4a7a-8e0f-b65ff32620de,2026-04-28T19:45:00Z,2026-04-28T21:45:00+0200,1696.17004,MW,FR,FR,forecast_offshore_wind_generation,Wind Offshore,2026-05-26T14:20:23Z
2026-05-26T14:19:27Z,2026-05-26T16:19:27+0200,9d8474b6-9a07-4a7a-8e0f-b65ff32620de,2026-04-28T20:00:00Z,2026-04-28T22:00:00+0200,1708.2002,MW,FR,FR,forecast_offshore_wind_generation,Wind Offshore,2026-05-26T14:20:23Z
2026-05-26T14:19:27Z,2026-05-26T16:19:27+0200,9d8474b6-9a07-4a7a-8e0f-b65ff32620de,2026-04-28T20:15:00Z,2026-04-28T22:15:00+0200,1698.78491,MW,FR,FR,forecast_offshore_wind_generation,Wind Offshore,2026-05-26T14:20:23Z
2026-05-26T14:19:27Z,2026-05-26T16:19:27+0200,9d8474b6-9a07-4a7a-8e0f-b65ff32620de,2026-04-28T20:30:00Z,2026-04-28T22:30:00+0200,1689.37,MW,FR,FR,forecast_offshore_wind_generation,Wind Offshore,2026-05-26T14:20:23Z
2026-05-26T14:19:27Z,2026-05-26T16:19:27+0200,9d8474b6-9a07-4a7a-8e0f-b65ff32620de,2026-04-28T20:45:00Z,2026-04-28T22:45:00+0200,1679.95508,MW,FR,FR,forecast_offshore_wind_generation,Wind Offshore,2026-05-26T14:20:23Z
2026-05-26T14:19:27Z,2026-05-26T16:19:27+0200,9d8474b6-9a07-4a7a-8e0f-b65ff32620de,2026-04-28T21:00:00Z,2026-04-28T23:00:00+0200,1670.54004,MW,FR,FR,forecast_offshore_wind_generation,Wind Offshore,2026-05-26T14:20:23Z
2026-05-26T14:19:27Z,2026-05-26T16:19:27+0200,9d8474b6-9a07-4a7a-8e0f-b65ff32620de,2026-04-28T21:15:00Z,2026-04-28T23:15:00+0200,1664.06763,MW,FR,FR,forecast_offshore_wind_generation,Wind Offshore,2026-05-26T14:20:23Z
2026-05-26T14:19:27Z,2026-05-26T16:19:27+0200,9d8474b6-9a07-4a7a-8e0f-b65ff32620de,2026-04-28T21:30:00Z,2026-04-28T23:30:00+0200,1657.59497,MW,FR,FR,forecast_offshore_wind_generation,Wind Offshore,2026-05-26T14:20:23Z
2026-05-26T14:19:27Z,2026-05-26T16:19:27+0200,9d8474b6-9a07-4a7a-8e0f-b65ff32620de,2026-04-28T21:45:00Z,2026-04-28T23:45:00+0200,1651.12256,MW,FR,FR,forecast_offshore_wind_generation,Wind Offshore,2026-05-26T14:20:23Z
2026-05-26T14:19:27Z,2026-05-26T16:19:27+0200,9d8474b6-9a07-4a7a-8e0f-b65ff32620de,2026-04-28T22:00:00Z,2026-04-29T00:00:00+0200,1561.08997,MW,FR,FR,forecast_offshore_wind_generation,Wind Offshore,2026-05-26T14:20:23Z
2026-05-26T14:19:27Z,2026-05-26T16:19:27+0200,9d8474b6-9a07-4a7a-8e0f-b65ff32620de,2026-04-28T22:15:00Z,2026-04-29T00:15:00+0200,1539.44482,MW,FR,FR,forecast_offshore_wind_generation,Wind Offshore,2026-05-26T14:20:23Z
2026-05-26T14:19:27Z,2026-05-26T16:19:27+0200,9d8474b6-9a07-4a7a-8e0f-b65ff32620de,2026-04-28T22:30:00Z,2026-04-29T00:30:00+0200,1517.79993,MW,FR,FR,forecast_offshore_wind_generation,Wind Offshore,2026-05-26T14:20:23Z
2026-05-26T14:19:27Z,2026-05-26T16:19:27+0200,9d8474b6-9a07-4a7a-8e0f-b65ff32620de,2026-04-28T22:45:00Z,2026-04-29T00:45:00+0200,1496.15491,MW,FR,FR,forecast_offshore_wind_generation,Wind Offshore,2026-05-26T14:20:23Z
2026-05-26T14:19:27Z,2026-05-26T16:19:27+0200,9d8474b6-9a07-4a7a-8e0f-b65ff32620de,2026-04-28T23:00:00Z,2026-04-29T01:00:00+0200,1474.51001,MW,FR,FR,forecast_offshore_wind_generation,Wind Offshore,2026-05-26T14:20:23Z
2026-05-26T14:19:27Z,2026-05-26T16:19:27+0200,9d8474b6-9a07-4a7a-8e0f-b65ff32620de,2026-04-28T23:15:00Z,2026-04-29T01:15:00+0200,1534.66504,MW,FR,FR,forecast_offshore_wind_generation,Wind Offshore,2026-05-26T14:20:23Z
2026-05-26T14:19:27Z,2026-05-26T16:19:27+0200,9d8474b6-9a07-4a7a-8e0f-b65ff32620de,2026-04-28T23:30:00Z,2026-04-29T01:30:00+0200,1594.81995,MW,FR,FR,forecast_offshore_wind_generation,Wind Offshore,2026-05-26T14:20:23Z
2026-05-26T14:19:27Z,2026-05-26T16:19:27+0200,9d8474b6-9a07-4a7a-8e0f-b65ff32620de,2026-04-28T23:45:00Z,2026-04-29T01:45:00+0200,1654.97498,MW,FR,FR,forecast_offshore_wind_generation,Wind Offshore,2026-05-26T14:20:23Z
2026-05-26T14:19:27Z,2026-05-26T16:19:27+0200,9d8474b6-9a07-4a7a-8e0f-b65ff32620de,2026-04-29T00:00:00Z,2026-04-29T02:00:00+0200,1715.12988,MW,FR,FR,forecast_offshore_wind_generation,Wind Offshore,2026-05-26T14:20:23Z
2026-05-26T14:19:27Z,2026-05-26T16:19:27+0200,9d8474b6-9a07-4a7a-8e0f-b65ff32620de,2026-04-29T00:15:00Z,2026-04-29T02:15:00+0200,1721.59998,MW,FR,FR,forecast_offshore_wind_generation,Wind Offshore,2026-05-26T14:20:23Z
2026-05-26T14:19:27Z,2026-05-26T16:19:27+0200,9d8474b6-9a07-4a7a-8e0f-b65ff32620de,2026-04-29T00:30:00Z,2026-04-29T02:30:00+0200,1728.07007,MW,FR,FR,forecast_offshore_wind_generation,Wind Offshore,2026-05-26T14:20:23Z
2026-05-26T14:19:27Z,2026-05-26T16:19:27+0200,9d8474b6-9a07-4a7a-8e0f-b65ff32620de,2026-04-29T00:45:00Z,2026-04-29T02:45:00+0200,1734.54004,MW,FR,FR,forecast_offshore_wind_generation,Wind Offshore,2026-05-26T14:20:23Z
2026-05-26T14:19:27Z,2026-05-26T16:19:27+0200,9d8474b6-9a07-4a7a-8e0f-b65ff32620de,2026-04-29T01:00:00Z,2026-04-29T03:00:00+0200,1741.01001,MW,FR,FR,forecast_offshore_wind_generation,Wind Offshore,2026-05-26T14:20:23Z
2026-05-26T14:19:27Z,2026-05-26T16:19:27+0200,9d8474b6-9a07-4a7a-8e0f-b65ff32620de,2026-04-29T01:15:00Z,2026-04-29T03:15:00+0200,1706.29993,MW,FR,FR,forecast_offshore_wind_generation,Wind Offshore,2026-05-26T14:20:23Z
2026-05-26T14:19:27Z,2026-05-26T16:19:27+0200,9d8474b6-9a07-4a7a-8e0f-b65ff32620de,2026-04-29T01:30:00Z,2026-04-29T03:30:00+0200,1671.59009,MW,FR,FR,forecast_offshore_wind_generation,Wind Offshore,2026-05-26T14:20:23Z
2026-05-26T14:19:27Z,2026-05-26T16:19:27+0200,9d8474b6-9a07-4a7a-8e0f-b65ff32620de,2026-04-29T01:45:00Z,2026-04-29T03:45:00+0200,1636.88013,MW,FR,FR,forecast_offshore_wind_generation,Wind Offshore,2026-05-26T14:20:23Z
2026-05-26T14:19:27Z,2026-05-26T16:19:27+0200,9d8474b6-9a07-4a7a-8e0f-b65ff32620de,2026-04-29T02:00:00Z,2026-04-29T04:00:00+0200,1602.17004,MW,FR,FR,forecast_offshore_wind_generation,Wind Offshore,2026-05-26T14:20:23Z
2026-05-26T14:19:27Z,2026-05-26T16:19:27+0200,9d8474b6-9a07-4a7a-8e0f-b65ff32620de,2026-04-29T02:15:00Z,2026-04-29T04:15:00+0200,1586.93506,MW,FR,FR,forecast_offshore_wind_generation,Wind Offshore,2026-05-26T14:20:23Z
2026-05-26T14:19:27Z,2026-05-26T16:19:27+0200,9d8474b6-9a07-4a7a-8e0f-b65ff32620de,2026-04-29T02:30:00Z,2026-04-29T04:30:00+0200,1571.70007,MW,FR,FR,forecast_offshore_wind_generation,Wind Offshore,2026-05-26T14:20:23Z
2026-05-26T14:19:27Z,2026-05-26T16:19:27+0200,9d8474b6-9a07-4a7a-8e0f-b65ff32620de,2026-04-29T02:45:00Z,2026-04-29T04:45:00+0200,1556.46497,MW,FR,FR,forecast_offshore_wind_generation,Wind Offshore,2026-05-26T14:20:23Z
2026-05-26T14:19:27Z,2026-05-26T16:19:27+0200,9d8474b6-9a07-4a7a-8e0f-b65ff32620de,2026-04-29T03:00:00Z,2026-04-29T05:00:00+0200,1541.22998,MW,FR,FR,forecast_offshore_wind_generation,Wind Offshore,2026-05-26T14:20:23Z
2026-05-26T14:19:27Z,2026-05-26T16:19:27+0200,9d8474b6-9a07-4a7a-8e0f-b65ff32620de,2026-04-29T03:15:00Z,2026-04-29T05:15:00+0200,1520.03503,MW,FR,FR,forecast_offshore_wind_generation,Wind Offshore,2026-05-26T14:20:23Z
2026-05-26T14:19:27Z,2026-05-26T16:19:27+0200,9d8474b6-9a07-4a7a-8e0f-b65ff32620de,2026-04-29T03:30:00Z,2026-04-29T05:30:00+0200,1498.84009,MW,FR,FR,forecast_offshore_wind_generation,Wind Offshore,2026-05-26T14:20:23Z
2026-05-26T14:19:27Z,2026-05-26T16:19:27+0200,9d8474b6-9a07-4a7a-8e0f-b65ff32620de,2026-04-29T03:45:00Z,2026-04-29T05:45:00+0200,1477.64502,MW,FR,FR,forecast_offshore_wind_generation,Wind Offshore,2026-05-26T14:20:23Z
2026-05-26T14:19:27Z,2026-05-26T16:19:27+0200,9d8474b6-9a07-4a7a-8e0f-b65ff32620de,2026-04-29T04:00:00Z,2026-04-29T06:00:00+0200,1456.44995,MW,FR,FR,forecast_offshore_wind_generation,Wind Offshore,2026-05-26T14:20:23Z
2026-05-26T14:19:27Z,2026-05-26T16:19:27+0200,9d8474b6-9a07-4a7a-8e0f-b65ff32620de,2026-04-29T04:15:00Z,2026-04-29T06:15:00+0200,1441.84998,MW,FR,FR,forecast_offshore_wind_generation,Wind Offshore,2026-05-26T14:20:23Z
2026-05-26T14:19:27Z,2026-05-26T16:19:27+0200,9d8474b6-9a07-4a7a-8e0f-b65ff32620de,2026-04-29T04:30:00Z,2026-04-29T06:30:00+0200,1427.25,MW,FR,FR,forecast_offshore_wind_generation,Wind Offshore,2026-05-26T14:20:23Z
2026-05-26T14:19:27Z,2026-05-26T16:19:27+0200,9d8474b6-9a07-4a7a-8e0f-b65ff32620de,2026-04-29T04:45:00Z,2026-04-29T06:45:00+0200,1412.6499,MW,FR,FR,forecast_offshore_wind_generation,Wind Offshore,2026-05-26T14:20:23Z
2026-05-26T14:19:27Z,2026-05-26T16:19:27+0200,9d8474b6-9a07-4a7a-8e0f-b65ff32620de,2026-04-29T05:00:00Z,2026-04-29T07:00:00+0200,1398.05005,MW,FR,FR,forecast_offshore_wind_generation,Wind Offshore,2026-05-26T14:20:23Z
2026-05-26T14:19:27Z,2026-05-26T16:19:27+0200,9d8474b6-9a07-4a7a-8e0f-b65ff32620de,2026-04-29T05:15:00Z,2026-04-29T07:15:00+0200,1354.10999,MW,FR,FR,forecast_offshore_wind_generation,Wind Offshore,2026-05-26T14:20:23Z
2026-05-26T14:19:27Z,2026-05-26T16:19:27+0200,9d8474b6-9a07-4a7a-8e0f-b65ff32620de,2026-04-29T05:30:00Z,2026-04-29T07:30:00+0200,1310.16992,MW,FR,FR,forecast_offshore_wind_generation,Wind Offshore,2026-05-26T14:20:23Z
2026-05-26T14:19:27Z,2026-05-26T16:19:27+0200,9d8474b6-9a07-4a7a-8e0f-b65ff32620de,2026-04-29T05:45:00Z,2026-04-29T07:45:00+0200,1266.22998,MW,FR,FR,forecast_offshore_wind_generation,Wind Offshore,2026-05-26T14:20:23Z
2026-05-26T14:19:27Z,2026-05-26T16:19:27+0200,9d8474b6-9a07-4a7a-8e0f-b65ff32620de,2026-04-29T06:00:00Z,2026-04-29T08:00:00+0200,1222.29004,MW,FR,FR,forecast_offshore_wind_generation,Wind Offshore,2026-05-26T14:20:23Z
2026-05-26T14:19:27Z,2026-05-26T16:19:27+0200,9d8474b6-9a07-4a7a-8e0f-b65ff32620de,2026-04-29T06:15:00Z,2026-04-29T08:15:00+0200,1274.98499,MW,FR,FR,forecast_offshore_wind_generation,Wind Offshore,2026-05-26T14:20:23Z
2026-05-26T14:19:27Z,2026-05-26T16:19:27+0200,9d8474b6-9a07-4a7a-8e0f-b65ff32620de,2026-04-29T06:30:00Z,2026-04-29T08:30:00+0200,1327.67993,MW,FR,FR,forecast_offshore_wind_generation,Wind Offshore,2026-05-26T14:20:23Z
2026-05-26T14:19:27Z,2026-05-26T16:19:27+0200,9d8474b6-9a07-4a7a-8e0f-b65ff32620de,2026-04-29T06:45:00Z,2026-04-29T08:45:00+0200,1380.375,MW,FR,FR,forecast_offshore_wind_generation,Wind Offshore,2026-05-26T14:20:23Z
2026-05-26T14:19:27Z,2026-05-26T16:19:27+0200,9d8474b6-9a07-4a7a-8e0f-b65ff32620de,2026-04-29T07:00:00Z,2026-04-29T09:00:00+0200,1433.07007,MW,FR,FR,forecast_offshore_wind_generation,Wind Offshore,2026-05-26T14:20:23Z
2026-05-26T14:19:27Z,2026-05-26T16:19:27+0200,9d8474b6-9a07-4a7a-8e0f-b65ff32620de,2026-04-29T07:15:00Z,2026-04-29T09:15:00+0200,1422.64502,MW,FR,FR,forecast_offshore_wind_generation,Wind Offshore,2026-05-26T14:20:23Z
2026-05-26T14:19:27Z,2026-05-26T16:19:27+0200,9d8474b6-9a07-4a7a-8e0f-b65ff32620de,2026-04-29T07:30:00Z,2026-04-29T09:30:00+0200,1412.2251,MW,FR,FR,forecast_offshore_wind_generation,Wind Offshore,2026-05-26T14:20:23Z
2026-05-26T14:19:27Z,2026-05-26T16:19:27+0200,9d8474b6-9a07-4a7a-8e0f-b65ff32620de,2026-04-29T07:45:00Z,2026-04-29T09:45:00+0200,354.67999,MW,FR,FR,forecast_offshore_wind_generation,Wind Offshore,2026-05-26T14:20:23Z
2026-05-26T14:19:27Z,2026-05-26T16:19:27+0200,9d8474b6-9a07-4a7a-8e0f-b65ff32620de,2026-04-29T08:00:00Z,2026-04-29T10:00:00+0200,351.16,MW,FR,FR,forecast_offshore_wind_generation,Wind Offshore,2026-05-26T14:20:23Z
2026-05-26T14:19:27Z,2026-05-26T16:19:27+0200,9d8474b6-9a07-4a7a-8e0f-b65ff32620de,2026-04-29T08:15:00Z,2026-04-29T10:15:00+0200,1357.21021,MW,FR,FR,forecast_offshore_wind_generation,Wind Offshore,2026-05-26T14:20:23Z
2026-05-26T14:19:27Z,2026-05-26T16:19:27+0200,9d8474b6-9a07-4a7a-8e0f-b65ff32620de,2026-04-29T08:30:00Z,2026-04-29T10:30:00+0200,326.595,MW,FR,FR,forecast_offshore_wind_generation,Wind Offshore,2026-05-26T14:20:23Z
2026-05-26T14:19:27Z,2026-05-26T16:19:27+0200,9d8474b6-9a07-4a7a-8e0f-b65ff32620de,2026-04-29T08:45:00Z,2026-04-29T10:45:00+0200,314.3125,MW,FR,FR,forecast_offshore_wind_generation,Wind Offshore,2026-05-26T14:20:23Z
2026-05-26T14:19:27Z,2026-05-26T16:19:27+0200,9d8474b6-9a07-4a7a-8e0f-b65ff32620de,2026-04-29T09:00:00Z,2026-04-29T11:00:00+0200,302.03003,MW,FR,FR,forecast_offshore_wind_generation,Wind Offshore,2026-05-26T14:20:23Z
2026-05-26T14:19:27Z,2026-05-26T16:19:27+0200,9d8474b6-9a07-4a7a-8e0f-b65ff32620de,2026-04-29T09:15:00Z,2026-04-29T11:15:00+0200,289.41498,MW,FR,FR,forecast_offshore_wind_generation,Wind Offshore,2026-05-26T14:20:23Z
2026-05-26T14:19:27Z,2026-05-26T16:19:27+0200,9d8474b6-9a07-4a7a-8e0f-b65ff32620de,2026-04-29T09:30:00Z,2026-04-29T11:30:00+0200,276.79999,MW,FR,FR,forecast_offshore_wind_generation,Wind Offshore,2026-05-26T14:20:23Z
2026-05-26T14:19:27Z,2026-05-26T16:19:27+0200,9d8474b6-9a07-4a7a-8e0f-b65ff32620de,2026-04-29T09:45:00Z,2026-04-29T11:45:00+0200,264.185,MW,FR,FR,forecast_offshore_wind_generation,Wind Offshore,2026-05-26T14:20:23Z
2026-05-26T14:19:27Z,2026-05-26T16:19:27+0200,9d8474b6-9a07-4a7a-8e0f-b65ff32620de,2026-04-29T10:00:00Z,2026-04-29T12:00:00+0200,251.57001,MW,FR,FR,forecast_offshore_wind_generation,Wind Offshore,2026-05-26T14:20:23Z
2026-05-26T14:19:27Z,2026-05-26T16:19:27+0200,9d8474b6-9a07-4a7a-8e0f-b65ff32620de,2026-04-29T10:15:00Z,2026-04-29T12:15:00+0200,248.08749,MW,FR,FR,forecast_offshore_wind_generation,Wind Offshore,2026-05-26T14:20:23Z
2026-05-26T14:19:27Z,2026-05-26T16:19:27+0200,9d8474b6-9a07-4a7a-8e0f-b65ff32620de,2026-04-29T10:30:00Z,2026-04-29T12:30:00+0200,244.60501,MW,FR,FR,forecast_offshore_wind_generation,Wind Offshore,2026-05-26T14:20:23Z
2026-05-26T14:19:27Z,2026-05-26T16:19:27+0200,9d8474b6-9a07-4a7a-8e0f-b65ff32620de,2026-04-29T10:45:00Z,2026-04-29T12:45:00+0200,241.12251,MW,FR,FR,forecast_offshore_wind_generation,Wind Offshore,2026-05-26T14:20:23Z
2026-05-26T14:19:27Z,2026-05-26T16:19:27+0200,9d8474b6-9a07-4a7a-8e0f-b65ff32620de,2026-04-29T11:00:00Z,2026-04-29T13:00:00+0200,237.64,MW,FR,FR,forecast_offshore_wind_generation,Wind Offshore,2026-05-26T14:20:23Z
2026-05-26T14:19:27Z,2026-05-26T16:19:27+0200,9d8474b6-9a07-4a7a-8e0f-b65ff32620de,2026-04-29T11:15:00Z,2026-04-29T13:15:00+0200,249.9225,MW,FR,FR,forecast_offshore_wind_generation,Wind Offshore,2026-05-26T14:20:23Z
2026-05-26T14:19:27Z,2026-05-26T16:19:27+0200,9d8474b6-9a07-4a7a-8e0f-b65ff32620de,2026-04-29T11:30:00Z,2026-04-29T13:30:00+0200,262.20502,MW,FR,FR,forecast_offshore_wind_generation,Wind Offshore,2026-05-26T14:20:23Z
2026-05-26T14:19:27Z,2026-05-26T16:19:27+0200,9d8474b6-9a07-4a7a-8e0f-b65ff32620de,2026-04-29T11:45:00Z,2026-04-29T13:45:00+0200,274.48749,MW,FR,FR,forecast_offshore_wind_generation,Wind Offshore,2026-05-26T14:20:23Z
2026-05-26T14:19:27Z,2026-05-26T16:19:27+0200,9d8474b6-9a07-4a7a-8e0f-b65ff32620de,2026-04-29T12:00:00Z,2026-04-29T14:00:00+0200,286.76999,MW,FR,FR,forecast_offshore_wind_generation,Wind Offshore,2026-05-26T14:20:23Z
2026-05-26T14:19:27Z,2026-05-26T16:19:27+0200,9d8474b6-9a07-4a7a-8e0f-b65ff32620de,2026-04-29T12:15:00Z,2026-04-29T14:15:00+0200,297.02002,MW,FR,FR,forecast_offshore_wind_generation,Wind Offshore,2026-05-26T14:20:23Z
2026-05-26T14:19:27Z,2026-05-26T16:19:27+0200,9d8474b6-9a07-4a7a-8e0f-b65ff32620de,2026-04-29T12:30:00Z,2026-04-29T14:30:00+0200,307.26999,MW,FR,FR,forecast_offshore_wind_generation,Wind Offshore,2026-05-26T14:20:23Z
2026-05-26T14:19:27Z,2026-05-26T16:19:27+0200,9d8474b6-9a07-4a7a-8e0f-b65ff32620de,2026-04-29T12:45:00Z,2026-04-29T14:45:00+0200,317.52002,MW,FR,FR,forecast_offshore_wind_generation,Wind Offshore,2026-05-26T14:20:23Z
2026-05-26T14:19:27Z,2026-05-26T16:19:27+0200,9d8474b6-9a07-4a7a-8e0f-b65ff32620de,2026-04-29T13:00:00Z,2026-04-29T15:00:00+0200,327.77002,MW,FR,FR,forecast_offshore_wind_generation,Wind Offshore,2026-05-26T14:20:23Z
2026-05-26T14:19:27Z,2026-05-26T16:19:27+0200,9d8474b6-9a07-4a7a-8e0f-b65ff32620de,2026-04-29T13:15:00Z,2026-04-29T15:15:00+0200,304.79501,MW,FR,FR,forecast_offshore_wind_generation,Wind Offshore,2026-05-26T14:20:23Z
2026-05-26T14:19:27Z,2026-05-26T16:19:27+0200,9d8474b6-9a07-4a7a-8e0f-b65ff32620de,2026-04-29T13:30:00Z,2026-04-29T15:30:00+0200,281.82001,MW,FR,FR,forecast_offshore_wind_generation,Wind Offshore,2026-05-26T14:20:23Z
2026-05-26T14:19:27Z,2026-05-26T16:19:27+0200,9d8474b6-9a07-4a7a-8e0f-b65ff32620de,2026-04-29T13:45:00Z,2026-04-29T15:45:00+0200,258.14499,MW,FR,FR,forecast_offshore_wind_generation,Wind Offshore,2026-05-26T14:20:23Z
2026-05-26T14:19:27Z,2026-05-26T16:19:27+0200,9d8474b6-9a07-4a7a-8e0f-b65ff32620de,2026-04-29T14:00:00Z,2026-04-29T16:00:00+0200,234.19,MW,FR,FR,forecast_offshore_wind_generation,Wind Offshore,2026-05-26T14:20:23Z
2026-05-26T14:19:27Z,2026-05-26T16:19:27+0200,9d8474b6-9a07-4a7a-8e0f-b65ff32620de,2026-04-29T14:15:00Z,2026-04-29T16:15:00+0200,213.80751,MW,FR,FR,forecast_offshore_wind_generation,Wind Offshore,2026-05-26T14:20:23Z
2026-05-26T14:19:27Z,2026-05-26T16:19:27+0200,9d8474b6-9a07-4a7a-8e0f-b65ff32620de,2026-04-29T14:30:00Z,2026-04-29T16:30:00+0200,193.425,MW,FR,FR,forecast_offshore_wind_generation,Wind Offshore,2026-05-26T14:20:23Z
2026-05-26T14:19:27Z,2026-05-26T16:19:27+0200,9d8474b6-9a07-4a7a-8e0f-b65ff32620de,2026-04-29T14:45:00Z,2026-04-29T16:45:00+0200,173.04251,MW,FR,FR,forecast_offshore_wind_generation,Wind Offshore,2026-05-26T14:20:23Z
2026-05-26T14:19:27Z,2026-05-26T16:19:27+0200,9d8474b6-9a07-4a7a-8e0f-b65ff32620de,2026-04-29T15:00:00Z,2026-04-29T17:00:00+0200,152.66,MW,FR,FR,forecast_offshore_wind_generation,Wind Offshore,2026-05-26T14:20:23Z
2026-05-26T14:19:27Z,2026-05-26T16:19:27+0200,9d8474b6-9a07-4a7a-8e0f-b65ff32620de,2026-04-29T15:15:00Z,2026-04-29T17:15:00+0200,150.57001,MW,FR,FR,forecast_offshore_wind_generation,Wind Offshore,2026-05-26T14:20:23Z
2026-05-26T14:19:27Z,2026-05-26T16:19:27+0200,9d8474b6-9a07-4a7a-8e0f-b65ff32620de,2026-04-29T15:30:00Z,2026-04-29T17:30:00+0200,1015.01501,MW,FR,FR,forecast_offshore_wind_generation,Wind Offshore,2026-05-26T14:20:23Z
2026-05-26T14:19:27Z,2026-05-26T16:19:27+0200,9d8474b6-9a07-4a7a-8e0f-b65ff32620de,2026-04-29T15:45:00Z,2026-04-29T17:45:00+0200,1010.95001,MW,FR,FR,forecast_offshore_wind_generation,Wind Offshore,2026-05-26T14:20:23Z
2026-05-26T14:19:27Z,2026-05-26T16:19:27+0200,9d8474b6-9a07-4a7a-8e0f-b65ff32620de,2026-04-29T16:00:00Z,2026-04-29T18:00:00+0200,1006.89001,MW,FR,FR,forecast_offshore_wind_generation,Wind Offshore,2026-05-26T14:20:23Z
2026-05-26T14:19:27Z,2026-05-26T16:19:27+0200,9d8474b6-9a07-4a7a-8e0f-b65ff32620de,2026-04-29T16:15:00Z,2026-04-29T18:15:00+0200,1014.94751,MW,FR,FR,forecast_offshore_wind_generation,Wind Offshore,2026-05-26T14:20:23Z
2026-05-26T14:19:27Z,2026-05-26T16:19:27+0200,9d8474b6-9a07-4a7a-8e0f-b65ff32620de,2026-04-29T16:30:00Z,2026-04-29T18:30:00+0200,1023.005,MW,FR,FR,forecast_offshore_wind_generation,Wind Offshore,2026-05-26T14:20:23Z
2026-05-26T14:19:27Z,2026-05-26T16:19:27+0200,9d8474b6-9a07-4a7a-8e0f-b65ff32620de,2026-04-29T16:45:00Z,2026-04-29T18:45:00+0200,1031.0625,MW,FR,FR,forecast_offshore_wind_generation,Wind Offshore,2026-05-26T14:20:23Z
2026-05-26T14:19:27Z,2026-05-26T16:19:27+0200,9d8474b6-9a07-4a7a-8e0f-b65ff32620de,2026-04-29T17:00:00Z,2026-04-29T19:00:00+0200,1039.12,MW,FR,FR,forecast_offshore_wind_generation,Wind Offshore,2026-05-26T14:20:23Z
2026-05-26T14:19:27Z,2026-05-26T16:19:27+0200,9d8474b6-9a07-4a7a-8e0f-b65ff32620de,2026-04-29T17:15:00Z,2026-04-29T19:15:00+0200,1056.93994,MW,FR,FR,forecast_offshore_wind_generation,Wind Offshore,2026-05-26T14:20:23Z
2026-05-26T14:19:27Z,2026-05-26T16:19:27+0200,9d8474b6-9a07-4a7a-8e0f-b65ff32620de,2026-04-29T17:30:00Z,2026-04-29T19:30:00+0200,1074.76001,MW,FR,FR,forecast_offshore_wind_generation,Wind Offshore,2026-05-26T14:20:23Z
2026-05-26T14:19:27Z,2026-05-26T16:19:27+0200,9d8474b6-9a07-4a7a-8e0f-b65ff32620de,2026-04-29T17:45:00Z,2026-04-29T19:45:00+0200,1092.58008,MW,FR,FR,forecast_offshore_wind_generation,Wind Offshore,2026-05-26T14:20:23Z
2026-05-26T14:19:27Z,2026-05-26T16:19:27+0200,9d8474b6-9a07-4a7a-8e0f-b65ff32620de,2026-04-29T18:00:00Z,2026-04-29T20:00:00+0200,1110.40002,MW,FR,FR,forecast_offshore_wind_generation,Wind Offshore,2026-05-26T14:20:23Z
2026-05-26T14:19:27Z,2026-05-26T16:19:27+0200,9d8474b6-9a07-4a7a-8e0f-b65ff32620de,2026-04-29T18:15:00Z,2026-04-29T20:15:00+0200,1116.12744,MW,FR,FR,forecast_offshore_wind_generation,Wind Offshore,2026-05-26T14:20:23Z
2026-05-26T14:19:27Z,2026-05-26T16:19:27+0200,9d8474b6-9a07-4a7a-8e0f-b65ff32620de,2026-04-29T18:30:00Z,2026-04-29T20:30:00+0200,1121.85498,MW,FR,FR,forecast_offshore_wind_generation,Wind Offshore,2026-05-26T14:20:23Z
2026-05-26T14:19:27Z,2026-05-26T16:19:27+0200,9d8474b6-9a07-4a7a-8e0f-b65ff32620de,2026-04-29T18:45:00Z,2026-04-29T20:45:00+0200,1127.58252,MW,FR,FR,forecast_offshore_wind_generation,Wind Offshore,2026-05-26T14:20:23Z
2026-05-26T14:19:27Z,2026-05-26T16:19:27+0200,9d8474b6-9a07-4a7a-8e0f-b65ff32620de,2026-04-29T19:00:00Z,2026-04-29T21:00:00+0200,1133.31006,MW,FR,FR,forecast_offshore_wind_generation,Wind Offshore,2026-05-26T14:20:23Z
2026-05-26T14:19:27Z,2026-05-26T16:19:27+0200,9d8474b6-9a07-4a7a-8e0f-b65ff32620de,2026-04-29T19:15:00Z,2026-04-29T21:15:00+0200,1174.42493,MW,FR,FR,forecast_offshore_wind_generation,Wind Offshore,2026-05-26T14:20:23Z
2026-05-26T14:19:27Z,2026-05-26T16:19:27+0200,9d8474b6-9a07-4a7a-8e0f-b65ff32620de,2026-04-29T19:30:00Z,2026-04-29T21:30:00+0200,1215.54004,MW,FR,FR,forecast_offshore_wind_generation,Wind Offshore,2026-05-26T14:20:23Z
2026-05-26T14:19:27Z,2026-05-26T16:19:27+0200,9d8474b6-9a07-4a7a-8e0f-b65ff32620de,2026-04-29T19:45:00Z,2026-04-29T21:45:00+0200,1256.65503,MW,FR,FR,forecast_offshore_wind_generation,Wind Offshore,2026-05-26T14:20:23Z
2026-05-26T14:19:27Z,2026-05-26T16:19:27+0200,9d8474b6-9a07-4a7a-8e0f-b65ff32620de,2026-04-29T20:00:00Z,2026-04-29T22:00:00+0200,1297.77002,MW,FR,FR,forecast_offshore_wind_generation,Wind Offshore,2026-05-26T14:20:23Z
2026-05-26T14:19:27Z,2026-05-26T16:19:27+0200,9d8474b6-9a07-4a7a-8e0f-b65ff32620de,2026-04-29T20:15:00Z,2026-04-29T22:15:00+0200,1265.94006,MW,FR,FR,forecast_offshore_wind_generation,Wind Offshore,2026-05-26T14:20:23Z
2026-05-26T14:19:27Z,2026-05-26T16:19:27+0200,9d8474b6-9a07-4a7a-8e0f-b65ff32620de,2026-04-29T20:30:00Z,2026-04-29T22:30:00+0200,1234.10999,MW,FR,FR,forecast_offshore_wind_generation,Wind Offshore,2026-05-26T14:20:23Z
2026-05-26T14:19:27Z,2026-05-26T16:19:27+0200,9d8474b6-9a07-4a7a-8e0f-b65ff32620de,2026-04-29T20:45:00Z,2026-04-29T22:45:00+0200,1202.28003,MW,FR,FR,forecast_offshore_wind_generation,Wind Offshore,2026-05-26T14:20:23Z
2026-05-26T14:19:27Z,2026-05-26T16:19:27+0200,9d8474b6-9a07-4a7a-8e0f-b65ff32620de,2026-04-29T21:00:00Z,2026-04-29T23:00:00+0200,1170.44995,MW,FR,FR,forecast_offshore_wind_generation,Wind Offshore,2026-05-26T14:20:23Z
2026-05-26T14:19:27Z,2026-05-26T16:19:27+0200,9d8474b6-9a07-4a7a-8e0f-b65ff32620de,2026-04-29T21:15:00Z,2026-04-29T23:15:00+0200,1160.20496,MW,FR,FR,forecast_offshore_wind_generation,Wind Offshore,2026-05-26T14:20:23Z
2026-05-26T14:19:27Z,2026-05-26T16:19:27+0200,9d8474b6-9a07-4a7a-8e0f-b65ff32620de,2026-04-29T21:30:00Z,2026-04-29T23:30:00+0200,1149.95996,MW,FR,FR,forecast_offshore_wind_generation,Wind Offshore,2026-05-26T14:20:23Z
2026-05-26T14:19:27Z,2026-05-26T16:19:27+0200,9d8474b6-9a07-4a7a-8e0f-b65ff32620de,2026-04-29T21:45:00Z,2026-04-29T23:45:00+0200,1139.71497,MW,FR,FR,forecast_offshore_wind_generation,Wind Offshore,2026-05-26T14:20:23Z
2026-05-26T14:19:27Z,2026-05-26T16:19:27+0200,9d8474b6-9a07-4a7a-8e0f-b65ff32620de,2026-04-29T22:00:00Z,2026-04-30T00:00:00+0200,1404.75989,MW,FR,FR,forecast_offshore_wind_generation,Wind Offshore,2026-05-26T14:20:23Z
2026-05-26T14:19:27Z,2026-05-26T16:19:27+0200,9d8474b6-9a07-4a7a-8e0f-b65ff32620de,2026-04-29T22:15:00Z,2026-04-30T00:15:00+0200,1439.42993,MW,FR,FR,forecast_offshore_wind_generation,Wind Offshore,2026-05-26T14:20:23Z
2026-05-26T14:19:27Z,2026-05-26T16:19:27+0200,9d8474b6-9a07-4a7a-8e0f-b65ff32620de,2026-04-29T22:30:00Z,2026-04-30T00:30:00+0200,1474.1001,MW,FR,FR,forecast_offshore_wind_generation,Wind Offshore,2026-05-26T14:20:23Z
2026-05-26T14:19:27Z,2026-05-26T16:19:27+0200,9d8474b6-9a07-4a7a-8e0f-b65ff32620de,2026-04-29T22:45:00Z,2026-04-30T00:45:00+0200,1508.7699,MW,FR,FR,forecast_offshore_wind_generation,Wind Offshore,2026-05-26T14:20:23Z
2026-05-26T14:19:27Z,2026-05-26T16:19:27+0200,9d8474b6-9a07-4a7a-8e0f-b65ff32620de,2026-04-29T23:00:00Z,2026-04-30T01:00:00+0200,1543.43994,MW,FR,FR,forecast_offshore_wind_generation,Wind Offshore,2026-05-26T14:20:23Z
2026-05-26T14:19:27Z,2026-05-26T16:19:27+0200,9d8474b6-9a07-4a7a-8e0f-b65ff32620de,2026-04-29T23:15:00Z,2026-04-30T01:15:00+0200,1493.11743,MW,FR,FR,forecast_offshore_wind_generation,Wind Offshore,2026-05-26T14:20:23Z
2026-05-26T14:19:27Z,2026-05-26T16:19:27+0200,9d8474b6-9a07-4a7a-8e0f-b65ff32620de,2026-04-29T23:30:00Z,2026-04-30T01:30:00+0200,1442.79492,MW,FR,FR,forecast_offshore_wind_generation,Wind Offshore,2026-05-26T14:20:23Z
2026-05-26T14:19:27Z,2026-05-26T16:19:27+0200,9d8474b6-9a07-4a7a-8e0f-b65ff32620de,2026-04-29T23:45:00Z,2026-04-30T01:45:00+0200,1392.47253,MW,FR,FR,forecast_offshore_wind_generation,Wind Offshore,2026-05-26T14:20:23Z
2026-05-26T14:19:27Z,2026-05-26T16:19:27+0200,9d8474b6-9a07-4a7a-8e0f-b65ff32620de,2026-04-30T00:00:00Z,2026-04-30T02:00:00+0200,1342.15002,MW,FR,FR,forecast_offshore_wind_generation,Wind Offshore,2026-05-26T14:20:23Z
2026-05-26T14:19:27Z,2026-05-26T16:19:27+0200,9d8474b6-9a07-4a7a-8e0f-b65ff32620de,2026-04-30T00:15:00Z,2026-04-30T02:15:00+0200,1328.50256,MW,FR,FR,forecast_offshore_wind_generation,Wind Offshore,2026-05-26T14:20:23Z
2026-05-26T14:19:27Z,2026-05-26T16:19:27+0200,9d8474b6-9a07-4a7a-8e0f-b65ff32620de,2026-04-30T00:30:00Z,2026-04-30T02:30:00+0200,1314.85498,MW,FR,FR,forecast_offshore_wind_generation,Wind Offshore,2026-05-26T14:20:23Z
2026-05-26T14:19:27Z,2026-05-26T16:19:27+0200,9d8474b6-9a07-4a7a-8e0f-b65ff32620de,2026-04-30T00:45:00Z,2026-04-30T02:45:00+0200,1301.20752,MW,FR,FR,forecast_offshore_wind_generation,Wind Offshore,2026-05-26T14:20:23Z
2026-05-26T14:19:27Z,2026-05-26T16:19:27+0200,9d8474b6-9a07-4a7a-8e0f-b65ff32620de,2026-04-30T01:00:00Z,2026-04-30T03:00:00+0200,1287.56006,MW,FR,FR,forecast_offshore_wind_generation,Wind Offshore,2026-05-26T14:20:23Z
2026-05-26T14:19:27Z,2026-05-26T16:19:27+0200,9d8474b6-9a07-4a7a-8e0f-b65ff32620de,2026-04-30T01:15:00Z,2026-04-30T03:15:00+0200,1267.75745,MW,FR,FR,forecast_offshore_wind_generation,Wind Offshore,2026-05-26T14:20:23Z
2026-05-26T14:19:27Z,2026-05-26T16:19:27+0200,9d8474b6-9a07-4a7a-8e0f-b65ff32620de,2026-04-30T01:30:00Z,2026-04-30T03:30:00+0200,1247.95496,MW,FR,FR,forecast_offshore_wind_generation,Wind Offshore,2026-05-26T14:20:23Z
2026-05-26T14:19:27Z,2026-05-26T16:19:27+0200,9d8474b6-9a07-4a7a-8e0f-b65ff32620de,2026-04-30T01:45:00Z,2026-04-30T03:45:00+0200,1228.15247,MW,FR,FR,forecast_offshore_wind_generation,Wind Offshore,2026-05-26T14:20:23Z
2026-05-26T14:19:27Z,2026-05-26T16:19:27+0200,9d8474b6-9a07-4a7a-8e0f-b65ff32620de,2026-04-30T02:00:00Z,2026-04-30T04:00:00+0200,1208.3501,MW,FR,FR,forecast_offshore_wind_generation,Wind Offshore,2026-05-26T14:20:23Z
2026-05-26T14:19:27Z,2026-05-26T16:19:27+0200,9d8474b6-9a07-4a7a-8e0f-b65ff32620de,2026-04-30T02:15:00Z,2026-04-30T04:15:00+0200,1220.35254,MW,FR,FR,forecast_offshore_wind_generation,Wind Offshore,2026-05-26T14:20:23Z
2026-05-26T14:19:27Z,2026-05-26T16:19:27+0200,9d8474b6-9a07-4a7a-8e0f-b65ff32620de,2026-04-30T02:30:00Z,2026-04-30T04:30:00+0200,1232.35498,MW,FR,FR,forecast_offshore_wind_generation,Wind Offshore,2026-05-26T14:20:23Z
2026-05-26T14:19:27Z,2026-05-26T16:19:27+0200,9d8474b6-9a07-4a7a-8e0f-b65ff32620de,2026-04-30T02:45:00Z,2026-04-30T04:45:00+0200,1244.35754,MW,FR,FR,forecast_offshore_wind_generation,Wind Offshore,2026-05-26T14:20:23Z
2026-05-26T14:19:27Z,2026-05-26T16:19:27+0200,9d8474b6-9a07-4a7a-8e0f-b65ff32620de,2026-04-30T03:00:00Z,2026-04-30T05:00:00+0200,1256.35999,MW,FR,FR,forecast_offshore_wind_generation,Wind Offshore,2026-05-26T14:20:23Z
2026-05-26T14:19:27Z,2026-05-26T16:19:27+0200,9d8474b6-9a07-4a7a-8e0f-b65ff32620de,2026-04-30T03:15:00Z,2026-04-30T05:15:00+0200,1202.85999,MW,FR,FR,forecast_offshore_wind_generation,Wind Offshore,2026-05-26T14:20:23Z
2026-05-26T14:19:27Z,2026-05-26T16:19:27+0200,9d8474b6-9a07-4a7a-8e0f-b65ff32620de,2026-04-30T03:30:00Z,2026-04-30T05:30:00+0200,1149.35999,MW,FR,FR,forecast_offshore_wind_generation,Wind Offshore,2026-05-26T14:20:23Z
2026-05-26T14:19:27Z,2026-05-26T16:19:27+0200,9d8474b6-9a07-4a7a-8e0f-b65ff32620de,2026-04-30T03:45:00Z,2026-04-30T05:45:00+0200,1095.85999,MW,FR,FR,forecast_offshore_wind_generation,Wind Offshore,2026-05-26T14:20:23Z
2026-05-26T14:19:27Z,2026-05-26T16:19:27+0200,9d8474b6-9a07-4a7a-8e0f-b65ff32620de,2026-04-30T04:00:00Z,2026-04-30T06:00:00+0200,1042.35999,MW,FR,FR,forecast_offshore_wind_generation,Wind Offshore,2026-05-26T14:20:23Z
2026-05-26T14:19:27Z,2026-05-26T16:19:27+0200,9d8474b6-9a07-4a7a-8e0f-b65ff32620de,2026-04-30T04:15:00Z,2026-04-30T06:15:00+0200,1083.1925,MW,FR,FR,forecast_offshore_wind_generation,Wind Offshore,2026-05-26T14:20:23Z
2026-05-26T14:19:27Z,2026-05-26T16:19:27+0200,9d8474b6-9a07-4a7a-8e0f-b65ff32620de,2026-04-30T04:30:00Z,2026-04-30T06:30:00+0200,1124.0249,MW,FR,FR,forecast_offshore_wind_generation,Wind Offshore,2026-05-26T14:20:23Z
2026-05-26T14:19:27Z,2026-05-26T16:19:27+0200,9d8474b6-9a07-4a7a-8e0f-b65ff32620de,2026-04-30T04:45:00Z,2026-04-30T06:45:00+0200,1164.85742,MW,FR,FR,forecast_offshore_wind_generation,Wind Offshore,2026-05-26T14:20:23Z
2026-05-26T14:19:27Z,2026-05-26T16:19:27+0200,9d8474b6-9a07-4a7a-8e0f-b65ff32620de,2026-04-30T05:00:00Z,2026-04-30T07:00:00+0200,1205.68994,MW,FR,FR,forecast_offshore_wind_generation,Wind Offshore,2026-05-26T14:20:23Z
2026-05-26T14:19:27Z,2026-05-26T16:19:27+0200,9d8474b6-9a07-4a7a-8e0f-b65ff32620de,2026-04-30T05:15:00Z,2026-04-30T07:15:00+0200,1211.44751,MW,FR,FR,forecast_offshore_wind_generation,Wind Offshore,2026-05-26T14:20:23Z
2026-05-26T14:19:27Z,2026-05-26T16:19:27+0200,9d8474b6-9a07-4a7a-8e0f-b65ff32620de,2026-04-30T05:30:00Z,2026-04-30T07:30:00+0200,1217.20496,MW,FR,FR,forecast_offshore_wind_generation,Wind Offshore,2026-05-26T14:20:23Z
2026-05-26T14:19:27Z,2026-05-26T16:19:27+0200,9d8474b6-9a07-4a7a-8e0f-b65ff32620de,2026-04-30T05:45:00Z,2026-04-30T07:45:00+0200,1222.96252,MW,FR,FR,forecast_offshore_wind_generation,Wind Offshore,2026-05-26T14:20:23Z
2026-05-26T14:19:27Z,2026-05-26T16:19:27+0200,9d8474b6-9a07-4a7a-8e0f-b65ff32620de,2026-04-30T06:00:00Z,2026-04-30T08:00:00+0200,1228.71997,MW,FR,FR,forecast_offshore_wind_generation,Wind Offshore,2026-05-26T14:20:23Z
2026-05-26T14:19:27Z,2026-05-26T16:19:27+0200,9d8474b6-9a07-4a7a-8e0f-b65ff32620de,2026-04-30T06:15:00Z,2026-04-30T08:15:00+0200,1224.54749,MW,FR,FR,forecast_offshore_wind_generation,Wind Offshore,2026-05-26T14:20:23Z
2026-05-26T14:19:27Z,2026-05-26T16:19:27+0200,9d8474b6-9a07-4a7a-8e0f-b65ff32620de,2026-04-30T06:30:00Z,2026-04-30T08:30:00+0200,1220.375,MW,FR,FR,forecast_offshore_wind_generation,Wind Offshore,2026-05-26T14:20:23Z
2026-05-26T14:19:27Z,2026-05-26T16:19:27+0200,9d8474b6-9a07-4a7a-8e0f-b65ff32620de,2026-04-30T06:45:00Z,2026-04-30T08:45:00+0200,1216.20251,MW,FR,FR,forecast_offshore_wind_generation,Wind Offshore,2026-05-26T14:20:23Z
2026-05-26T14:19:27Z,2026-05-26T16:19:27+0200,9d8474b6-9a07-4a7a-8e0f-b65ff32620de,2026-04-30T07:00:00Z,2026-04-30T09:00:00+0200,1212.03003,MW,FR,FR,forecast_offshore_wind_generation,Wind Offshore,2026-05-26T14:20:23Z
2026-05-26T14:19:27Z,2026-05-26T16:19:27+0200,9d8474b6-9a07-4a7a-8e0f-b65ff32620de,2026-04-30T07:15:00Z,2026-04-30T09:15:00+0200,1193.25256,MW,FR,FR,forecast_offshore_wind_generation,Wind Offshore,2026-05-26T14:20:23Z
2026-05-26T14:19:27Z,2026-05-26T16:19:27+0200,9d8474b6-9a07-4a7a-8e0f-b65ff32620de,2026-04-30T07:30:00Z,2026-04-30T09:30:00+0200,1174.47498,MW,FR,FR,forecast_offshore_wind_generation,Wind Offshore,2026-05-26T14:20:23Z
2026-05-26T14:19:27Z,2026-05-26T16:19:27+0200,9d8474b6-9a07-4a7a-8e0f-b65ff32620de,2026-04-30T07:45:00Z,2026-04-30T09:45:00+0200,1155.69751,MW,FR,FR,forecast_offshore_wind_generation,Wind Offshore,2026-05-26T14:20:23Z
2026-05-26T14:19:27Z,2026-05-26T16:19:27+0200,9d8474b6-9a07-4a7a-8e0f-b65ff32620de,2026-04-30T08:00:00Z,2026-04-30T10:00:00+0200,1136.91992,MW,FR,FR,forecast_offshore_wind_generation,Wind Offshore,2026-05-26T14:20:23Z
2026-05-26T14:19:27Z,2026-05-26T16:19:27+0200,9d8474b6-9a07-4a7a-8e0f-b65ff32620de,2026-04-30T08:15:00Z,2026-04-30T10:15:00+0200,1117.63,MW,FR,FR,forecast_offshore_wind_generation,Wind Offshore,2026-05-26T14:20:23Z
2026-05-26T14:19:27Z,2026-05-26T16:19:27+0200,9d8474b6-9a07-4a7a-8e0f-b65ff32620de,2026-04-30T08:30:00Z,2026-04-30T10:30:00+0200,1098.36011,MW,FR,FR,forecast_offshore_wind_generation,Wind Offshore,2026-05-26T14:20:23Z
2026-05-26T14:19:27Z,2026-05-26T16:19:27+0200,9d8474b6-9a07-4a7a-8e0f-b65ff32620de,2026-04-30T08:45:00Z,2026-04-30T10:45:00+0200,405.47,MW,FR,FR,forecast_offshore_wind_generation,Wind Offshore,2026-05-26T14:20:23Z
2026-05-26T14:19:27Z,2026-05-26T16:19:27+0200,9d8474b6-9a07-4a7a-8e0f-b65ff32620de,2026-04-30T09:00:00Z,2026-04-30T11:00:00+0200,401.75998,MW,FR,FR,forecast_offshore_wind_generation,Wind Offshore,2026-05-26T14:20:23Z
2026-05-26T14:19:27Z,2026-05-26T16:19:27+0200,9d8474b6-9a07-4a7a-8e0f-b65ff32620de,2026-04-30T09:15:00Z,2026-04-30T11:15:00+0200,394.47,MW,FR,FR,forecast_offshore_wind_generation,Wind Offshore,2026-05-26T14:20:23Z
2026-05-26T14:19:27Z,2026-05-26T16:19:27+0200,9d8474b6-9a07-4a7a-8e0f-b65ff32620de,2026-04-30T09:30:00Z,2026-04-30T11:30:00+0200,387.17999,MW,FR,FR,forecast_offshore_wind_generation,Wind Offshore,2026-05-26T14:20:23Z
2026-05-26T14:19:27Z,2026-05-26T16:19:27+0200,9d8474b6-9a07-4a7a-8e0f-b65ff32620de,2026-04-30T09:45:00Z,2026-04-30T11:45:00+0200,379.89001,MW,FR,FR,forecast_offshore_wind_generation,Wind Offshore,2026-05-26T14:20:23Z
2026-05-26T14:19:27Z,2026-05-26T16:19:27+0200,9d8474b6-9a07-4a7a-8e0f-b65ff32620de,2026-04-30T10:00:00Z,2026-04-30T12:00:00+0200,372.60001,MW,FR,FR,forecast_offshore_wind_generation,Wind Offshore,2026-05-26T14:20:23Z
2026-05-26T14:19:27Z,2026-05-26T16:19:27+0200,9d8474b6-9a07-4a7a-8e0f-b65ff32620de,2026-04-30T10:15:00Z,2026-04-30T12:15:00+0200,372.16,MW,FR,FR,forecast_offshore_wind_generation,Wind Offshore,2026-05-26T14:20:23Z
2026-05-26T14:19:27Z,2026-05-26T16:19:27+0200,9d8474b6-9a07-4a7a-8e0f-b65ff32620de,2026-04-30T10:30:00Z,2026-04-30T12:30:00+0200,371.72,MW,FR,FR,forecast_offshore_wind_generation,Wind Offshore,2026-05-26T14:20:23Z
2026-05-26T14:19:27Z,2026-05-26T16:19:27+0200,9d8474b6-9a07-4a7a-8e0f-b65ff32620de,2026-04-30T10:45:00Z,2026-04-30T12:45:00+0200,371.28,MW,FR,FR,forecast_offshore_wind_generation,Wind Offshore,2026-05-26T14:20:23Z
2026-05-26T14:19:27Z,2026-05-26T16:19:27+0200,9d8474b6-9a07-4a7a-8e0f-b65ff32620de,2026-04-30T11:00:00Z,2026-04-30T13:00:00+0200,370.84,MW,FR,FR,forecast_offshore_wind_generation,Wind Offshore,2026-05-26T14:20:23Z
2026-05-26T14:19:27Z,2026-05-26T16:19:27+0200,9d8474b6-9a07-4a7a-8e0f-b65ff32620de,2026-04-30T11:15:00Z,2026-04-30T13:15:00+0200,376.0675,MW,FR,FR,forecast_offshore_wind_generation,Wind Offshore,2026-05-26T14:20:23Z
2026-05-26T14:19:27Z,2026-05-26T16:19:27+0200,9d8474b6-9a07-4a7a-8e0f-b65ff32620de,2026-04-30T11:30:00Z,2026-04-30T13:30:00+0200,381.29501,MW,FR,FR,forecast_offshore_wind_generation,Wind Offshore,2026-05-26T14:20:23Z
2026-05-26T14:19:27Z,2026-05-26T16:19:27+0200,9d8474b6-9a07-4a7a-8e0f-b65ff32620de,2026-04-30T11:45:00Z,2026-04-30T13:45:00+0200,386.52252,MW,FR,FR,forecast_offshore_wind_generation,Wind Offshore,2026-05-26T14:20:23Z
2026-05-26T14:19:27Z,2026-05-26T16:19:27+0200,9d8474b6-9a07-4a7a-8e0f-b65ff32620de,2026-04-30T12:00:00Z,2026-04-30T14:00:00+0200,391.75,MW,FR,FR,forecast_offshore_wind_generation,Wind Offshore,2026-05-26T14:20:23Z
2026-05-26T14:19:27Z,2026-05-26T16:19:27+0200,9d8474b6-9a07-4a7a-8e0f-b65ff32620de,2026-04-30T12:15:00Z,2026-04-30T14:15:00+0200,393.02249,MW,FR,FR,forecast_offshore_wind_generation,Wind Offshore,2026-05-26T14:20:23Z
2026-05-26T14:19:27Z,2026-05-26T16:19:27+0200,9d8474b6-9a07-4a7a-8e0f-b65ff32620de,2026-04-30T12:30:00Z,2026-04-30T14:30:00+0200,394.29498,MW,FR,FR,forecast_offshore_wind_generation,Wind Offshore,2026-05-26T14:20:23Z
2026-05-26T14:19:27Z,2026-05-26T16:19:27+0200,9d8474b6-9a07-4a7a-8e0f-b65ff32620de,2026-04-30T12:45:00Z,2026-04-30T14:45:00+0200,395.5675,MW,FR,FR,forecast_offshore_wind_generation,Wind Offshore,2026-05-26T14:20:23Z
2026-05-26T14:19:27Z,2026-05-26T16:19:27+0200,9d8474b6-9a07-4a7a-8e0f-b65ff32620de,2026-04-30T13:00:00Z,2026-04-30T15:00:00+0200,396.84,MW,FR,FR,forecast_offshore_wind_generation,Wind Offshore,2026-05-26T14:20:23Z
2026-05-26T14:19:27Z,2026-05-26T16:19:27+0200,9d8474b6-9a07-4a7a-8e0f-b65ff32620de,2026-04-30T13:15:00Z,2026-04-30T15:15:00+0200,383.41998,MW,FR,FR,forecast_offshore_wind_generation,Wind Offshore,2026-05-26T14:20:23Z
2026-05-26T14:19:27Z,2026-05-26T16:19:27+0200,9d8474b6-9a07-4a7a-8e0f-b65ff32620de,2026-04-30T13:30:00Z,2026-04-30T15:30:00+0200,370.0,MW,FR,FR,forecast_offshore_wind_generation,Wind Offshore,2026-05-26T14:20:23Z
2026-05-26T14:19:27Z,2026-05-26T16:19:27+0200,9d8474b6-9a07-4a7a-8e0f-b65ff32620de,2026-04-30T13:45:00Z,2026-04-30T15:45:00+0200,356.58002,MW,FR,FR,forecast_offshore_wind_generation,Wind Offshore,2026-05-26T14:20:23Z
2026-05-26T14:19:27Z,2026-05-26T16:19:27+0200,9d8474b6-9a07-4a7a-8e0f-b65ff32620de,2026-04-30T14:00:00Z,2026-04-30T16:00:00+0200,343.15997,MW,FR,FR,forecast_offshore_wind_generation,Wind Offshore,2026-05-26T14:20:23Z
2026-05-26T14:19:27Z,2026-05-26T16:19:27+0200,9d8474b6-9a07-4a7a-8e0f-b65ff32620de,2026-04-30T14:15:00Z,2026-04-30T16:15:00+0200,328.02496,MW,FR,FR,forecast_offshore_wind_generation,Wind Offshore,2026-05-26T14:20:23Z
2026-05-26T14:19:27Z,2026-05-26T16:19:27+0200,9d8474b6-9a07-4a7a-8e0f-b65ff32620de,2026-04-30T14:30:00Z,2026-04-30T16:30:00+0200,312.89001,MW,FR,FR,forecast_offshore_wind_generation,Wind Offshore,2026-05-26T14:20:23Z
2026-05-26T14:19:27Z,2026-05-26T16:19:27+0200,9d8474b6-9a07-4a7a-8e0f-b65ff32620de,2026-04-30T14:45:00Z,2026-04-30T16:45:00+0200,642.13,MW,FR,FR,forecast_offshore_wind_generation,Wind Offshore,2026-05-26T14:20:23Z
2026-05-26T14:19:27Z,2026-05-26T16:19:27+0200,9d8474b6-9a07-4a7a-8e0f-b65ff32620de,2026-04-30T15:00:00Z,2026-04-30T17:00:00+0200,282.62,MW,FR,FR,forecast_offshore_wind_generation,Wind Offshore,2026-05-26T14:20:23Z
2026-05-26T14:19:27Z,2026-05-26T16:19:27+0200,9d8474b6-9a07-4a7a-8e0f-b65ff32620de,2026-04-30T15:15:00Z,2026-04-30T17:15:00+0200,280.91,MW,FR,FR,forecast_offshore_wind_generation,Wind Offshore,2026-05-26T14:20:23Z
2026-05-26T14:19:27Z,2026-05-26T16:19:27+0200,9d8474b6-9a07-4a7a-8e0f-b65ff32620de,2026-04-30T15:30:00Z,2026-04-30T17:30:00+0200,607.11499,MW,FR,FR,forecast_offshore_wind_generation,Wind Offshore,2026-05-26T14:20:23Z
2026-05-26T14:19:27Z,2026-05-26T16:19:27+0200,9d8474b6-9a07-4a7a-8e0f-b65ff32620de,2026-04-30T15:45:00Z,2026-04-30T17:45:00+0200,599.0675,MW,FR,FR,forecast_offshore_wind_generation,Wind Offshore,2026-05-26T14:20:23Z
2026-05-26T14:19:27Z,2026-05-26T16:19:27+0200,9d8474b6-9a07-4a7a-8e0f-b65ff32620de,2026-04-30T16:00:00Z,2026-04-30T18:00:00+0200,591.02002,MW,FR,FR,forecast_offshore_wind_generation,Wind Offshore,2026-05-26T14:20:23Z
2026-05-26T14:19:27Z,2026-05-26T16:19:27+0200,9d8474b6-9a07-4a7a-8e0f-b65ff32620de,2026-04-30T16:15:00Z,2026-04-30T18:15:00+0200,570.89996,MW,FR,FR,forecast_offshore_wind_generation,Wind Offshore,2026-05-26T14:20:23Z
2026-05-26T14:19:27Z,2026-05-26T16:19:27+0200,9d8474b6-9a07-4a7a-8e0f-b65ff32620de,2026-04-30T16:30:00Z,2026-04-30T18:30:00+0200,550.78003,MW,FR,FR,forecast_offshore_wind_generation,Wind Offshore,2026-05-26T14:20:23Z
2026-05-26T14:19:27Z,2026-05-26T16:19:27+0200,9d8474b6-9a07-4a7a-8e0f-b65ff32620de,2026-04-30T16:45:00Z,2026-04-30T18:45:00+0200,530.65997,MW,FR,FR,forecast_offshore_wind_generation,Wind Offshore,2026-05-26T14:20:23Z
2026-05-26T14:19:27Z,2026-05-26T16:19:27+0200,9d8474b6-9a07-4a7a-8e0f-b65ff32620de,2026-04-30T17:00:00Z,2026-04-30T19:00:00+0200,510.53995,MW,FR,FR,forecast_offshore_wind_generation,Wind Offshore,2026-05-26T14:20:23Z
2026-05-26T14:19:27Z,2026-05-26T16:19:27+0200,9d8474b6-9a07-4a7a-8e0f-b65ff32620de,2026-04-30T17:15:00Z,2026-04-30T19:15:00+0200,492.54999,MW,FR,FR,forecast_offshore_wind_generation,Wind Offshore,2026-05-26T14:20:23Z
2026-05-26T14:19:27Z,2026-05-26T16:19:27+0200,9d8474b6-9a07-4a7a-8e0f-b65ff32620de,2026-04-30T17:30:00Z,2026-04-30T19:30:00+0200,474.56003,MW,FR,FR,forecast_offshore_wind_generation,Wind Offshore,2026-05-26T14:20:23Z
2026-05-26T14:19:27Z,2026-05-26T16:19:27+0200,9d8474b6-9a07-4a7a-8e0f-b65ff32620de,2026-04-30T17:45:00Z,2026-04-30T19:45:00+0200,456.56998,MW,FR,FR,forecast_offshore_wind_generation,Wind Offshore,2026-05-26T14:20:23Z
2026-05-26T14:19:27Z,2026-05-26T16:19:27+0200,9d8474b6-9a07-4a7a-8e0f-b65ff32620de,2026-04-30T18:00:00Z,2026-04-30T20:00:00+0200,438.58002,MW,FR,FR,forecast_offshore_wind_generation,Wind Offshore,2026-05-26T14:20:23Z
2026-05-26T14:19:27Z,2026-05-26T16:19:27+0200,9d8474b6-9a07-4a7a-8e0f-b65ff32620de,2026-04-30T18:15:00Z,2026-04-30T20:15:00+0200,440.45999,MW,FR,FR,forecast_offshore_wind_generation,Wind Offshore,2026-05-26T14:20:23Z
2026-05-26T14:19:27Z,2026-05-26T16:19:27+0200,9d8474b6-9a07-4a7a-8e0f-b65ff32620de,2026-04-30T18:30:00Z,2026-04-30T20:30:00+0200,442.34,MW,FR,FR,forecast_offshore_wind_generation,Wind Offshore,2026-05-26T14:20:23Z
2026-05-26T14:19:27Z,2026-05-26T16:19:27+0200,9d8474b6-9a07-4a7a-8e0f-b65ff32620de,2026-04-30T18:45:00Z,2026-04-30T20:45:00+0200,444.22003,MW,FR,FR,forecast_offshore_wind_generation,Wind Offshore,2026-05-26T14:20:23Z
2026-05-26T14:19:27Z,2026-05-26T16:19:27+0200,9d8474b6-9a07-4a7a-8e0f-b65ff32620de,2026-04-30T19:00:00Z,2026-04-30T21:00:00+0200,446.10001,MW,FR,FR,forecast_offshore_wind_generation,Wind Offshore,2026-05-26T14:20:23Z
2026-05-26T14:19:27Z,2026-05-26T16:19:27+0200,9d8474b6-9a07-4a7a-8e0f-b65ff32620de,2026-04-30T19:15:00Z,2026-04-30T21:15:00+0200,445.09003,MW,FR,FR,forecast_offshore_wind_generation,Wind Offshore,2026-05-26T14:20:23Z
2026-05-26T14:19:27Z,2026-05-26T16:19:27+0200,9d8474b6-9a07-4a7a-8e0f-b65ff32620de,2026-04-30T19:30:00Z,2026-04-30T21:30:00+0200,444.07999,MW,FR,FR,forecast_offshore_wind_generation,Wind Offshore,2026-05-26T14:20:23Z
2026-05-26T14:19:27Z,2026-05-26T16:19:27+0200,9d8474b6-9a07-4a7a-8e0f-b65ff32620de,2026-04-30T19:45:00Z,2026-04-30T21:45:00+0200,443.06998,MW,FR,FR,forecast_offshore_wind_generation,Wind Offshore,2026-05-26T14:20:23Z
2026-05-26T14:19:27Z,2026-05-26T16:19:27+0200,9d8474b6-9a07-4a7a-8e0f-b65ff32620de,2026-04-30T20:00:00Z,2026-04-30T22:00:00+0200,442.06,MW,FR,FR,forecast_offshore_wind_generation,Wind Offshore,2026-05-26T14:20:23Z
2026-05-26T14:19:27Z,2026-05-26T16:19:27+0200,9d8474b6-9a07-4a7a-8e0f-b65ff32620de,2026-04-30T20:15:00Z,2026-04-30T22:15:00+0200,427.37,MW,FR,FR,forecast_offshore_wind_generation,Wind Offshore,2026-05-26T14:20:23Z
2026-05-26T14:19:27Z,2026-05-26T16:19:27+0200,9d8474b6-9a07-4a7a-8e0f-b65ff32620de,2026-04-30T20:30:00Z,2026-04-30T22:30:00+0200,412.68002,MW,FR,FR,forecast_offshore_wind_generation,Wind Offshore,2026-05-26T14:20:23Z
2026-05-26T14:19:27Z,2026-05-26T16:19:27+0200,9d8474b6-9a07-4a7a-8e0f-b65ff32620de,2026-04-30T20:45:00Z,2026-04-30T22:45:00+0200,397.99002,MW,FR,FR,forecast_offshore_wind_generation,Wind Offshore,2026-05-26T14:20:23Z
2026-05-26T14:19:27Z,2026-05-26T16:19:27+0200,9d8474b6-9a07-4a7a-8e0f-b65ff32620de,2026-04-30T21:00:00Z,2026-04-30T23:00:00+0200,383.30002,MW,FR,FR,forecast_offshore_wind_generation,Wind Offshore,2026-05-26T14:20:23Z
2026-05-26T14:19:27Z,2026-05-26T16:19:27+0200,9d8474b6-9a07-4a7a-8e0f-b65ff32620de,2026-04-30T21:15:00Z,2026-04-30T23:15:00+0200,373.51251,MW,FR,FR,forecast_offshore_wind_generation,Wind Offshore,2026-05-26T14:20:23Z
2026-05-26T14:19:27Z,2026-05-26T16:19:27+0200,9d8474b6-9a07-4a7a-8e0f-b65ff32620de,2026-04-30T21:30:00Z,2026-04-30T23:30:00+0200,363.72501,MW,FR,FR,forecast_offshore_wind_generation,Wind Offshore,2026-05-26T14:20:23Z
2026-05-26T14:19:27Z,2026-05-26T16:19:27+0200,9d8474b6-9a07-4a7a-8e0f-b65ff32620de,2026-04-30T21:45:00Z,2026-04-30T23:45:00+0200,353.9375,MW,FR,FR,forecast_offshore_wind_generation,Wind Offshore,2026-05-26T14:20:23Z
2026-05-26T14:19:27Z,2026-05-26T16:19:27+0200,9d8474b6-9a07-4a7a-8e0f-b65ff32620de,2026-04-30T22:00:00Z,2026-05-01T00:00:00+0200,382.54004,MW,FR,FR,forecast_offshore_wind_generation,Wind Offshore,2026-05-26T14:20:23Z
2026-05-26T14:19:27Z,2026-05-26T16:19:27+0200,9d8474b6-9a07-4a7a-8e0f-b65ff32620de,2026-04-30T22:15:00Z,2026-05-01T00:15:00+0200,373.46252,MW,FR,FR,forecast_offshore_wind_generation,Wind Offshore,2026-05-26T14:20:23Z
2026-05-26T14:19:27Z,2026-05-26T16:19:27+0200,9d8474b6-9a07-4a7a-8e0f-b65ff32620de,2026-04-30T22:30:00Z,2026-05-01T00:30:00+0200,364.38501,MW,FR,FR,forecast_offshore_wind_generation,Wind Offshore,2026-05-26T14:20:23Z
2026-05-26T14:19:27Z,2026-05-26T16:19:27+0200,9d8474b6-9a07-4a7a-8e0f-b65ff32620de,2026-04-30T22:45:00Z,2026-05-01T00:45:00+0200,355.3075,MW,FR,FR,forecast_offshore_wind_generation,Wind Offshore,2026-05-26T14:20:23Z
2026-05-26T14:19:27Z,2026-05-26T16:19:27+0200,9d8474b6-9a07-4a7a-8e0f-b65ff32620de,2026-04-30T23:00:00Z,2026-05-01T01:00:00+0200,346.23001,MW,FR,FR,forecast_offshore_wind_generation,Wind Offshore,2026-05-26T14:20:23Z
2026-05-26T14:19:27Z,2026-05-26T16:19:27+0200,9d8474b6-9a07-4a7a-8e0f-b65ff32620de,2026-04-30T23:15:00Z,2026-05-01T01:15:00+0200,342.33749,MW,FR,FR,forecast_offshore_wind_generation,Wind Offshore,2026-05-26T14:20:23Z
2026-05-26T14:19:27Z,2026-05-26T16:19:27+0200,9d8474b6-9a07-4a7a-8e0f-b65ff32620de,2026-04-30T23:30:00Z,2026-05-01T01:30:00+0200,338.44501,MW,FR,FR,forecast_offshore_wind_generation,Wind Offshore,2026-05-26T14:20:23Z
2026-05-26T14:19:27Z,2026-05-26T16:19:27+0200,9d8474b6-9a07-4a7a-8e0f-b65ff32620de,2026-04-30T23:45:00Z,2026-05-01T01:45:00+0200,334.55249,MW,FR,FR,forecast_offshore_wind_generation,Wind Offshore,2026-05-26T14:20:23Z
2026-05-26T14:19:27Z,2026-05-26T16:19:27+0200,9d8474b6-9a07-4a7a-8e0f-b65ff32620de,2026-05-01T00:00:00Z,2026-05-01T02:00:00+0200,330.65997,MW,FR,FR,forecast_offshore_wind_generation,Wind Offshore,2026-05-26T14:20:23Z
2026-05-26T14:19:27Z,2026-05-26T16:19:27+0200,9d8474b6-9a07-4a7a-8e0f-b65ff32620de,2026-05-01T00:15:00Z,2026-05-01T02:15:00+0200,324.66248,MW,FR,FR,forecast_offshore_wind_generation,Wind Offshore,2026-05-26T14:20:23Z
2026-05-26T14:19:27Z,2026-05-26T16:19:27+0200,9d8474b6-9a07-4a7a-8e0f-b65ff32620de,2026-05-01T00:30:00Z,2026-05-01T02:30:00+0200,318.66498,MW,FR,FR,forecast_offshore_wind_generation,Wind Offshore,2026-05-26T14:20:23Z
2026-05-26T14:19:27Z,2026-05-26T16:19:27+0200,9d8474b6-9a07-4a7a-8e0f-b65ff32620de,2026-05-01T00:45:00Z,2026-05-01T02:45:00+0200,312.66751,MW,FR,FR,forecast_offshore_wind_generation,Wind Offshore,2026-05-26T14:20:23Z
2026-05-26T14:19:27Z,2026-05-26T16:19:27+0200,9d8474b6-9a07-4a7a-8e0f-b65ff32620de,2026-05-01T01:00:00Z,2026-05-01T03:00:00+0200,306.67001,MW,FR,FR,forecast_offshore_wind_generation,Wind Offshore,2026-05-26T14:20:23Z
2026-05-26T14:19:27Z,2026-05-26T16:19:27+0200,9d8474b6-9a07-4a7a-8e0f-b65ff32620de,2026-05-01T01:15:00Z,2026-05-01T03:15:00+0200,316.33499,MW,FR,FR,forecast_offshore_wind_generation,Wind Offshore,2026-05-26T14:20:23Z
2026-05-26T14:19:27Z,2026-05-26T16:19:27+0200,9d8474b6-9a07-4a7a-8e0f-b65ff32620de,2026-05-01T01:30:00Z,2026-05-01T03:30:00+0200,326.0,MW,FR,FR,forecast_offshore_wind_generation,Wind Offshore,2026-05-26T14:20:23Z
2026-05-26T14:19:27Z,2026-05-26T16:19:27+0200,9d8474b6-9a07-4a7a-8e0f-b65ff32620de,2026-05-01T01:45:00Z,2026-05-01T03:45:00+0200,335.66501,MW,FR,FR,forecast_offshore_wind_generation,Wind Offshore,2026-05-26T14:20:23Z
2026-05-26T14:19:27Z,2026-05-26T16:19:27+0200,9d8474b6-9a07-4a7a-8e0f-b65ff32620de,2026-05-01T02:00:00Z,2026-05-01T04:00:00+0200,345.32999,MW,FR,FR,forecast_offshore_wind_generation,Wind Offshore,2026-05-26T14:20:23Z
2026-05-26T14:19:27Z,2026-05-26T16:19:27+0200,9d8474b6-9a07-4a7a-8e0f-b65ff32620de,2026-05-01T02:15:00Z,2026-05-01T04:15:00+0200,343.13501,MW,FR,FR,forecast_offshore_wind_generation,Wind Offshore,2026-05-26T14:20:23Z
2026-05-26T14:19:27Z,2026-05-26T16:19:27+0200,9d8474b6-9a07-4a7a-8e0f-b65ff32620de,2026-05-01T02:30:00Z,2026-05-01T04:30:00+0200,340.94,MW,FR,FR,forecast_offshore_wind_generation,Wind Offshore,2026-05-26T14:20:23Z
2026-05-26T14:19:27Z,2026-05-26T16:19:27+0200,9d8474b6-9a07-4a7a-8e0f-b65ff32620de,2026-05-01T02:45:00Z,2026-05-01T04:45:00+0200,338.745,MW,FR,FR,forecast_offshore_wind_generation,Wind Offshore,2026-05-26T14:20:23Z
2026-05-26T14:19:27Z,2026-05-26T16:19:27+0200,9d8474b6-9a07-4a7a-8e0f-b65ff32620de,2026-05-01T03:00:00Z,2026-05-01T05:00:00+0200,336.54999,MW,FR,FR,forecast_offshore_wind_generation,Wind Offshore,2026-05-26T14:20:23Z
2026-05-26T14:19:27Z,2026-05-26T16:19:27+0200,9d8474b6-9a07-4a7a-8e0f-b65ff32620de,2026-05-01T03:15:00Z,2026-05-01T05:15:00+0200,322.51996,MW,FR,FR,forecast_offshore_wind_generation,Wind Offshore,2026-05-26T14:20:23Z
2026-05-26T14:19:27Z,2026-05-26T16:19:27+0200,9d8474b6-9a07-4a7a-8e0f-b65ff32620de,2026-05-01T03:30:00Z,2026-05-01T05:30:00+0200,308.49002,MW,FR,FR,forecast_offshore_wind_generation,Wind Offshore,2026-05-26T14:20:23Z
2026-05-26T14:19:27Z,2026-05-26T16:19:27+0200,9d8474b6-9a07-4a7a-8e0f-b65ff32620de,2026-05-01T03:45:00Z,2026-05-01T05:45:00+0200,294.45999,MW,FR,FR,forecast_offshore_wind_generation,Wind Offshore,2026-05-26T14:20:23Z
2026-05-26T14:19:27Z,2026-05-26T16:19:27+0200,9d8474b6-9a07-4a7a-8e0f-b65ff32620de,2026-05-01T04:00:00Z,2026-05-01T06:00:00+0200,280.42999,MW,FR,FR,forecast_offshore_wind_generation,Wind Offshore,2026-05-26T14:20:23Z
2026-05-26T14:19:27Z,2026-05-26T16:19:27+0200,9d8474b6-9a07-4a7a-8e0f-b65ff32620de,2026-05-01T04:15:00Z,2026-05-01T06:15:00+0200,276.73749,MW,FR,FR,forecast_offshore_wind_generation,Wind Offshore,2026-05-26T14:20:23Z
2026-05-26T14:19:27Z,2026-05-26T16:19:27+0200,9d8474b6-9a07-4a7a-8e0f-b65ff32620de,2026-05-01T04:30:00Z,2026-05-01T06:30:00+0200,273.04498,MW,FR,FR,forecast_offshore_wind_generation,Wind Offshore,2026-05-26T14:20:23Z
2026-05-26T14:19:27Z,2026-05-26T16:19:27+0200,9d8474b6-9a07-4a7a-8e0f-b65ff32620de,2026-05-01T04:45:00Z,2026-05-01T06:45:00+0200,269.35248,MW,FR,FR,forecast_offshore_wind_generation,Wind Offshore,2026-05-26T14:20:23Z
2026-05-26T14:19:27Z,2026-05-26T16:19:27+0200,9d8474b6-9a07-4a7a-8e0f-b65ff32620de,2026-05-01T05:00:00Z,2026-05-01T07:00:00+0200,265.66,MW,FR,FR,forecast_offshore_wind_generation,Wind Offshore,2026-05-26T14:20:23Z
2026-05-26T14:19:27Z,2026-05-26T16:19:27+0200,9d8474b6-9a07-4a7a-8e0f-b65ff32620de,2026-05-01T05:15:00Z,2026-05-01T07:15:00+0200,264.4375,MW,FR,FR,forecast_offshore_wind_generation,Wind Offshore,2026-05-26T14:20:23Z
2026-05-26T14:19:27Z,2026-05-26T16:19:27+0200,9d8474b6-9a07-4a7a-8e0f-b65ff32620de,2026-05-01T05:30:00Z,2026-05-01T07:30:00+0200,263.215,MW,FR,FR,forecast_offshore_wind_generation,Wind Offshore,2026-05-26T14:20:23Z
2026-05-26T14:19:27Z,2026-05-26T16:19:27+0200,9d8474b6-9a07-4a7a-8e0f-b65ff32620de,2026-05-01T05:45:00Z,2026-05-01T07:45:00+0200,261.99252,MW,FR,FR,forecast_offshore_wind_generation,Wind Offshore,2026-05-26T14:20:23Z
2026-05-26T14:19:27Z,2026-05-26T16:19:27+0200,9d8474b6-9a07-4a7a-8e0f-b65ff32620de,2026-05-01T06:00:00Z,2026-05-01T08:00:00+0200,260.77002,MW,FR,FR,forecast_offshore_wind_generation,Wind Offshore,2026-05-26T14:20:23Z
2026-05-26T14:19:27Z,2026-05-26T16:19:27+0200,9d8474b6-9a07-4a7a-8e0f-b65ff32620de,2026-05-01T06:15:00Z,2026-05-01T08:15:00+0200,268.54749,MW,FR,FR,forecast_offshore_wind_generation,Wind Offshore,2026-05-26T14:20:23Z
2026-05-26T14:19:27Z,2026-05-26T16:19:27+0200,9d8474b6-9a07-4a7a-8e0f-b65ff32620de,2026-05-01T06:30:00Z,2026-05-01T08:30:00+0200,276.32501,MW,FR,FR,forecast_offshore_wind_generation,Wind Offshore,2026-05-26T14:20:23Z
2026-05-26T14:19:27Z,2026-05-26T16:19:27+0200,9d8474b6-9a07-4a7a-8e0f-b65ff32620de,2026-05-01T06:45:00Z,2026-05-01T08:45:00+0200,284.10251,MW,FR,FR,forecast_offshore_wind_generation,Wind Offshore,2026-05-26T14:20:23Z
2026-05-26T14:19:27Z,2026-05-26T16:19:27+0200,9d8474b6-9a07-4a7a-8e0f-b65ff32620de,2026-05-01T07:00:00Z,2026-05-01T09:00:00+0200,291.88,MW,FR,FR,forecast_offshore_wind_generation,Wind Offshore,2026-05-26T14:20:23Z
2026-05-26T14:19:27Z,2026-05-26T16:19:27+0200,9d8474b6-9a07-4a7a-8e0f-b65ff32620de,2026-05-01T07:15:00Z,2026-05-01T09:15:00+0200,269.45248,MW,FR,FR,forecast_offshore_wind_generation,Wind Offshore,2026-05-26T14:20:23Z
2026-05-26T14:19:27Z,2026-05-26T16:19:27+0200,9d8474b6-9a07-4a7a-8e0f-b65ff32620de,2026-05-01T07:30:00Z,2026-05-01T09:30:00+0200,247.03001,MW,FR,FR,forecast_offshore_wind_generation,Wind Offshore,2026-05-26T14:20:23Z
2026-05-26T14:19:27Z,2026-05-26T16:19:27+0200,9d8474b6-9a07-4a7a-8e0f-b65ff32620de,2026-05-01T07:45:00Z,2026-05-01T09:45:00+0200,112.3175,MW,FR,FR,forecast_offshore_wind_generation,Wind Offshore,2026-05-26T14:20:23Z
2026-05-26T14:19:27Z,2026-05-26T16:19:27+0200,9d8474b6-9a07-4a7a-8e0f-b65ff32620de,2026-05-01T08:00:00Z,2026-05-01T10:00:00+0200,109.93,MW,FR,FR,forecast_offshore_wind_generation,Wind Offshore,2026-05-26T14:20:23Z
2026-05-26T14:19:27Z,2026-05-26T16:19:27+0200,9d8474b6-9a07-4a7a-8e0f-b65ff32620de,2026-05-01T08:15:00Z,2026-05-01T10:15:00+0200,108.87499,MW,FR,FR,forecast_offshore_wind_generation,Wind Offshore,2026-05-26T14:20:23Z
2026-05-26T14:19:27Z,2026-05-26T16:19:27+0200,9d8474b6-9a07-4a7a-8e0f-b65ff32620de,2026-05-01T08:30:00Z,2026-05-01T10:30:00+0200,107.82,MW,FR,FR,forecast_offshore_wind_generation,Wind Offshore,2026-05-26T14:20:23Z
2026-05-26T14:19:27Z,2026-05-26T16:19:27+0200,9d8474b6-9a07-4a7a-8e0f-b65ff32620de,2026-05-01T08:45:00Z,2026-05-01T10:45:00+0200,106.765,MW,FR,FR,forecast_offshore_wind_generation,Wind Offshore,2026-05-26T14:20:23Z
2026-05-26T14:19:27Z,2026-05-26T16:19:27+0200,9d8474b6-9a07-4a7a-8e0f-b65ff32620de,2026-05-01T09:00:00Z,2026-05-01T11:00:00+0200,103.11,MW,FR,FR,forecast_offshore_wind_generation,Wind Offshore,2026-05-26T14:20:23Z
2026-05-26T14:19:27Z,2026-05-26T16:19:27+0200,9d8474b6-9a07-4a7a-8e0f-b65ff32620de,2026-05-01T09:15:00Z,2026-05-01T11:15:00+0200,104.4975,MW,FR,FR,forecast_offshore_wind_generation,Wind Offshore,2026-05-26T14:20:23Z
2026-05-26T14:19:27Z,2026-05-26T16:19:27+0200,9d8474b6-9a07-4a7a-8e0f-b65ff32620de,2026-05-01T09:30:00Z,2026-05-01T11:30:00+0200,105.31,MW,FR,FR,forecast_offshore_wind_generation,Wind Offshore,2026-05-26T14:20:23Z
2026-05-26T14:19:27Z,2026-05-26T16:19:27+0200,9d8474b6-9a07-4a7a-8e0f-b65ff32620de,2026-05-01T09:45:00Z,2026-05-01T11:45:00+0200,105.2675,MW,FR,FR,forecast_offshore_wind_generation,Wind Offshore,2026-05-26T14:20:23Z
2026-05-26T14:19:27Z,2026-05-26T16:19:27+0200,9d8474b6-9a07-4a7a-8e0f-b65ff32620de,2026-05-01T10:00:00Z,2026-05-01T12:00:00+0200,98.5,MW,FR,FR,forecast_offshore_wind_generation,Wind Offshore,2026-05-26T14:20:23Z
2026-05-26T14:19:27Z,2026-05-26T16:19:27+0200,9d8474b6-9a07-4a7a-8e0f-b65ff32620de,2026-05-01T10:15:00Z,2026-05-01T12:15:00+0200,94.795,MW,FR,FR,forecast_offshore_wind_generation,Wind Offshore,2026-05-26T14:20:23Z
2026-05-26T14:19:27Z,2026-05-26T16:19:27+0200,9d8474b6-9a07-4a7a-8e0f-b65ff32620de,2026-05-01T10:30:00Z,2026-05-01T12:30:00+0200,91.09,MW,FR,FR,forecast_offshore_wind_generation,Wind Offshore,2026-05-26T14:20:23Z
2026-05-26T14:19:27Z,2026-05-26T16:19:27+0200,9d8474b6-9a07-4a7a-8e0f-b65ff32620de,2026-05-01T10:45:00Z,2026-05-01T12:45:00+0200,87.38499,MW,FR,FR,forecast_offshore_wind_generation,Wind Offshore,2026-05-26T14:20:23Z
2026-05-26T14:19:27Z,2026-05-26T16:19:27+0200,9d8474b6-9a07-4a7a-8e0f-b65ff32620de,2026-05-01T11:00:00Z,2026-05-01T13:00:00+0200,83.68001,MW,FR,FR,forecast_offshore_wind_generation,Wind Offshore,2026-05-26T14:20:23Z
2026-05-26T14:19:27Z,2026-05-26T16:19:27+0200,9d8474b6-9a07-4a7a-8e0f-b65ff32620de,2026-05-01T11:15:00Z,2026-05-01T13:15:00+0200,84.54,MW,FR,FR,forecast_offshore_wind_generation,Wind Offshore,2026-05-26T14:20:23Z
2026-05-26T14:19:27Z,2026-05-26T16:19:27+0200,9d8474b6-9a07-4a7a-8e0f-b65ff32620de,2026-05-01T11:30:00Z,2026-05-01T13:30:00+0200,85.39999,MW,FR,FR,forecast_offshore_wind_generation,Wind Offshore,2026-05-26T14:20:23Z
2026-05-26T14:19:27Z,2026-05-26T16:19:27+0200,9d8474b6-9a07-4a7a-8e0f-b65ff32620de,2026-05-01T11:45:00Z,2026-05-01T13:45:00+0200,86.26,MW,FR,FR,forecast_offshore_wind_generation,Wind Offshore,2026-05-26T14:20:23Z
2026-05-26T14:19:27Z,2026-05-26T16:19:27+0200,9d8474b6-9a07-4a7a-8e0f-b65ff32620de,2026-05-01T12:00:00Z,2026-05-01T14:00:00+0200,87.12,MW,FR,FR,forecast_offshore_wind_generation,Wind Offshore,2026-05-26T14:20:23Z
2026-05-26T14:19:27Z,2026-05-26T16:19:27+0200,9d8474b6-9a07-4a7a-8e0f-b65ff32620de,2026-05-01T12:15:00Z,2026-05-01T14:15:00+0200,90.1875,MW,FR,FR,forecast_offshore_wind_generation,Wind Offshore,2026-05-26T14:20:23Z
2026-05-26T14:19:27Z,2026-05-26T16:19:27+0200,9d8474b6-9a07-4a7a-8e0f-b65ff32620de,2026-05-01T12:30:00Z,2026-05-01T14:30:00+0200,93.255,MW,FR,FR,forecast_offshore_wind_generation,Wind Offshore,2026-05-26T14:20:23Z
2026-05-26T14:19:27Z,2026-05-26T16:19:27+0200,9d8474b6-9a07-4a7a-8e0f-b65ff32620de,2026-05-01T12:45:00Z,2026-05-01T14:45:00+0200,96.3225,MW,FR,FR,forecast_offshore_wind_generation,Wind Offshore,2026-05-26T14:20:23Z
2026-05-26T14:19:27Z,2026-05-26T16:19:27+0200,9d8474b6-9a07-4a7a-8e0f-b65ff32620de,2026-05-01T13:00:00Z,2026-05-01T15:00:00+0200,99.39,MW,FR,FR,forecast_offshore_wind_generation,Wind Offshore,2026-05-26T14:20:23Z
2026-05-26T14:19:27Z,2026-05-26T16:19:27+0200,9d8474b6-9a07-4a7a-8e0f-b65ff32620de,2026-05-01T13:15:00Z,2026-05-01T15:15:00+0200,101.2975,MW,FR,FR,forecast_offshore_wind_generation,Wind Offshore,2026-05-26T14:20:23Z
2026-05-26T14:19:27Z,2026-05-26T16:19:27+0200,9d8474b6-9a07-4a7a-8e0f-b65ff32620de,2026-05-01T13:30:00Z,2026-05-01T15:30:00+0200,100.51501,MW,FR,FR,forecast_offshore_wind_generation,Wind Offshore,2026-05-26T14:20:23Z
2026-05-26T14:19:27Z,2026-05-26T16:19:27+0200,9d8474b6-9a07-4a7a-8e0f-b65ff32620de,2026-05-01T13:45:00Z,2026-05-01T15:45:00+0200,99.73249,MW,FR,FR,forecast_offshore_wind_generation,Wind Offshore,2026-05-26T14:20:23Z
2026-05-26T14:19:27Z,2026-05-26T16:19:27+0200,9d8474b6-9a07-4a7a-8e0f-b65ff32620de,2026-05-01T14:00:00Z,2026-05-01T16:00:00+0200,98.95,MW,FR,FR,forecast_offshore_wind_generation,Wind Offshore,2026-05-26T14:20:23Z
2026-05-26T14:19:27Z,2026-05-26T16:19:27+0200,9d8474b6-9a07-4a7a-8e0f-b65ff32620de,2026-05-01T14:15:00Z,2026-05-01T16:15:00+0200,98.68501,MW,FR,FR,forecast_offshore_wind_generation,Wind Offshore,2026-05-26T14:20:23Z
2026-05-26T14:19:27Z,2026-05-26T16:19:27+0200,9d8474b6-9a07-4a7a-8e0f-b65ff32620de,2026-05-01T14:30:00Z,2026-05-01T16:30:00+0200,98.42001,MW,FR,FR,forecast_offshore_wind_generation,Wind Offshore,2026-05-26T14:20:23Z
2026-05-26T14:19:27Z,2026-05-26T16:19:27+0200,9d8474b6-9a07-4a7a-8e0f-b65ff32620de,2026-05-01T14:45:00Z,2026-05-01T16:45:00+0200,97.81,MW,FR,FR,forecast_offshore_wind_generation,Wind Offshore,2026-05-26T14:20:23Z
2026-05-26T14:19:27Z,2026-05-26T16:19:27+0200,9d8474b6-9a07-4a7a-8e0f-b65ff32620de,2026-05-01T15:00:00Z,2026-05-01T17:00:00+0200,94.35001,MW,FR,FR,forecast_offshore_wind_generation,Wind Offshore,2026-05-26T14:20:23Z
2026-05-26T14:19:27Z,2026-05-26T16:19:27+0200,9d8474b6-9a07-4a7a-8e0f-b65ff32620de,2026-05-01T15:15:00Z,2026-05-01T17:15:00+0200,92.96249,MW,FR,FR,forecast_offshore_wind_generation,Wind Offshore,2026-05-26T14:20:23Z
2026-05-26T14:19:27Z,2026-05-26T16:19:27+0200,9d8474b6-9a07-4a7a-8e0f-b65ff32620de,2026-05-01T15:30:00Z,2026-05-01T17:30:00+0200,93.29501,MW,FR,FR,forecast_offshore_wind_generation,Wind Offshore,2026-05-26T14:20:23Z
2026-05-26T14:19:27Z,2026-05-26T16:19:27+0200,9d8474b6-9a07-4a7a-8e0f-b65ff32620de,2026-05-01T15:45:00Z,2026-05-01T17:45:00+0200,90.995,MW,FR,FR,forecast_offshore_wind_generation,Wind Offshore,2026-05-26T14:20:23Z
2026-05-26T14:19:27Z,2026-05-26T16:19:27+0200,9d8474b6-9a07-4a7a-8e0f-b65ff32620de,2026-05-01T16:00:00Z,2026-05-01T18:00:00+0200,88.7,MW,FR,FR,forecast_offshore_wind_generation,Wind Offshore,2026-05-26T14:20:23Z
2026-05-26T14:19:27Z,2026-05-26T16:19:27+0200,9d8474b6-9a07-4a7a-8e0f-b65ff32620de,2026-05-01T16:15:00Z,2026-05-01T18:15:00+0200,92.5925,MW,FR,FR,forecast_offshore_wind_generation,Wind Offshore,2026-05-26T14:20:23Z
2026-05-26T14:19:27Z,2026-05-26T16:19:27+0200,9d8474b6-9a07-4a7a-8e0f-b65ff32620de,2026-05-01T16:30:00Z,2026-05-01T18:30:00+0200,96.485,MW,FR,FR,forecast_offshore_wind_generation,Wind Offshore,2026-05-26T14:20:23Z
2026-05-26T14:19:27Z,2026-05-26T16:19:27+0200,9d8474b6-9a07-4a7a-8e0f-b65ff32620de,2026-05-01T16:45:00Z,2026-05-01T18:45:00+0200,100.3775,MW,FR,FR,forecast_offshore_wind_generation,Wind Offshore,2026-05-26T14:20:23Z
2026-05-26T14:19:27Z,2026-05-26T16:19:27+0200,9d8474b6-9a07-4a7a-8e0f-b65ff32620de,2026-05-01T17:00:00Z,2026-05-01T19:00:00+0200,104.27,MW,FR,FR,forecast_offshore_wind_generation,Wind Offshore,2026-05-26T14:20:23Z
2026-05-26T14:19:27Z,2026-05-26T16:19:27+0200,9d8474b6-9a07-4a7a-8e0f-b65ff32620de,2026-05-01T17:15:00Z,2026-05-01T19:15:00+0200,107.54,MW,FR,FR,forecast_offshore_wind_generation,Wind Offshore,2026-05-26T14:20:23Z
2026-05-26T14:19:27Z,2026-05-26T16:19:27+0200,9d8474b6-9a07-4a7a-8e0f-b65ff32620de,2026-05-01T17:30:00Z,2026-05-01T19:30:00+0200,110.81001,MW,FR,FR,forecast_offshore_wind_generation,Wind Offshore,2026-05-26T14:20:23Z
2026-05-26T14:19:27Z,2026-05-26T16:19:27+0200,9d8474b6-9a07-4a7a-8e0f-b65ff32620de,2026-05-01T17:45:00Z,2026-05-01T19:45:00+0200,114.08,MW,FR,FR,forecast_offshore_wind_generation,Wind Offshore,2026-05-26T14:20:23Z
2026-05-26T14:19:27Z,2026-05-26T16:19:27+0200,9d8474b6-9a07-4a7a-8e0f-b65ff32620de,2026-05-01T18:00:00Z,2026-05-01T20:00:00+0200,117.34999,MW,FR,FR,forecast_offshore_wind_generation,Wind Offshore,2026-05-26T14:20:23Z
2026-05-26T14:19:27Z,2026-05-26T16:19:27+0200,9d8474b6-9a07-4a7a-8e0f-b65ff32620de,2026-05-01T18:15:00Z,2026-05-01T20:15:00+0200,112.46751,MW,FR,FR,forecast_offshore_wind_generation,Wind Offshore,2026-05-26T14:20:23Z
2026-05-26T14:19:27Z,2026-05-26T16:19:27+0200,9d8474b6-9a07-4a7a-8e0f-b65ff32620de,2026-05-01T18:30:00Z,2026-05-01T20:30:00+0200,107.58499,MW,FR,FR,forecast_offshore_wind_generation,Wind Offshore,2026-05-26T14:20:23Z
2026-05-26T14:19:27Z,2026-05-26T16:19:27+0200,9d8474b6-9a07-4a7a-8e0f-b65ff32620de,2026-05-01T18:45:00Z,2026-05-01T20:45:00+0200,102.7025,MW,FR,FR,forecast_offshore_wind_generation,Wind Offshore,2026-05-26T14:20:23Z
2026-05-26T14:19:27Z,2026-05-26T16:19:27+0200,9d8474b6-9a07-4a7a-8e0f-b65ff32620de,2026-05-01T19:00:00Z,2026-05-01T21:00:00+0200,97.82001,MW,FR,FR,forecast_offshore_wind_generation,Wind Offshore,2026-05-26T14:20:23Z
2026-05-26T14:19:27Z,2026-05-26T16:19:27+0200,9d8474b6-9a07-4a7a-8e0f-b65ff32620de,2026-05-01T19:15:00Z,2026-05-01T21:15:00+0200,97.61,MW,FR,FR,forecast_offshore_wind_generation,Wind Offshore,2026-05-26T14:20:23Z
2026-05-26T14:19:27Z,2026-05-26T16:19:27+0200,9d8474b6-9a07-4a7a-8e0f-b65ff32620de,2026-05-01T19:30:00Z,2026-05-01T21:30:00+0200,97.39999,MW,FR,FR,forecast_offshore_wind_generation,Wind Offshore,2026-05-26T14:20:23Z
2026-05-26T14:19:27Z,2026-05-26T16:19:27+0200,9d8474b6-9a07-4a7a-8e0f-b65ff32620de,2026-05-01T19:45:00Z,2026-05-01T21:45:00+0200,97.19,MW,FR,FR,forecast_offshore_wind_generation,Wind Offshore,2026-05-26T14:20:23Z
2026-05-26T14:19:27Z,2026-05-26T16:19:27+0200,9d8474b6-9a07-4a7a-8e0f-b65ff32620de,2026-05-01T20:00:00Z,2026-05-01T22:00:00+0200,96.98,MW,FR,FR,forecast_offshore_wind_generation,Wind Offshore,2026-05-26T14:20:23Z
2026-05-26T14:19:27Z,2026-05-26T16:19:27+0200,9d8474b6-9a07-4a7a-8e0f-b65ff32620de,2026-05-01T20:15:00Z,2026-05-01T22:15:00+0200,91.235,MW,FR,FR,forecast_offshore_wind_generation,Wind Offshore,2026-05-26T14:20:23Z
2026-05-26T14:19:27Z,2026-05-26T16:19:27+0200,9d8474b6-9a07-4a7a-8e0f-b65ff32620de,2026-05-01T20:30:00Z,2026-05-01T22:30:00+0200,85.48999,MW,FR,FR,forecast_offshore_wind_generation,Wind Offshore,2026-05-26T14:20:23Z
2026-05-26T14:19:27Z,2026-05-26T16:19:27+0200,9d8474b6-9a07-4a7a-8e0f-b65ff32620de,2026-05-01T20:45:00Z,2026-05-01T22:45:00+0200,79.745,MW,FR,FR,forecast_offshore_wind_generation,Wind Offshore,2026-05-26T14:20:23Z
2026-05-26T14:19:27Z,2026-05-26T16:19:27+0200,9d8474b6-9a07-4a7a-8e0f-b65ff32620de,2026-05-01T21:00:00Z,2026-05-01T23:00:00+0200,74.0,MW,FR,FR,forecast_offshore_wind_generation,Wind Offshore,2026-05-26T14:20:23Z
2026-05-26T14:19:27Z,2026-05-26T16:19:27+0200,9d8474b6-9a07-4a7a-8e0f-b65ff32620de,2026-05-01T21:15:00Z,2026-05-01T23:15:00+0200,71.1925,MW,FR,FR,forecast_offshore_wind_generation,Wind Offshore,2026-05-26T14:20:23Z
2026-05-26T14:19:27Z,2026-05-26T16:19:27+0200,9d8474b6-9a07-4a7a-8e0f-b65ff32620de,2026-05-01T21:30:00Z,2026-05-01T23:30:00+0200,68.385,MW,FR,FR,forecast_offshore_wind_generation,Wind Offshore,2026-05-26T14:20:23Z
2026-05-26T14:19:27Z,2026-05-26T16:19:27+0200,9d8474b6-9a07-4a7a-8e0f-b65ff32620de,2026-05-01T21:45:00Z,2026-05-01T23:45:00+0200,65.5775,MW,FR,FR,forecast_offshore_wind_generation,Wind Offshore,2026-05-26T14:20:23Z
2026-05-26T14:19:27Z,2026-05-26T16:19:27+0200,9d8474b6-9a07-4a7a-8e0f-b65ff32620de,2026-05-01T22:00:00Z,2026-05-02T00:00:00+0200,68.09,MW,FR,FR,forecast_offshore_wind_generation,Wind Offshore,2026-05-26T14:20:23Z
2026-05-26T14:19:27Z,2026-05-26T16:19:27+0200,9d8474b6-9a07-4a7a-8e0f-b65ff32620de,2026-05-01T22:15:00Z,2026-05-02T00:15:00+0200,79.0625,MW,FR,FR,forecast_offshore_wind_generation,Wind Offshore,2026-05-26T14:20:23Z
2026-05-26T14:19:27Z,2026-05-26T16:19:27+0200,9d8474b6-9a07-4a7a-8e0f-b65ff32620de,2026-05-01T22:30:00Z,2026-05-02T00:30:00+0200,90.035,MW,FR,FR,forecast_offshore_wind_generation,Wind Offshore,2026-05-26T14:20:23Z
2026-05-26T14:19:27Z,2026-05-26T16:19:27+0200,9d8474b6-9a07-4a7a-8e0f-b65ff32620de,2026-05-01T22:45:00Z,2026-05-02T00:45:00+0200,101.0075,MW,FR,FR,forecast_offshore_wind_generation,Wind Offshore,2026-05-26T14:20:23Z
2026-05-26T14:19:27Z,2026-05-26T16:19:27+0200,9d8474b6-9a07-4a7a-8e0f-b65ff32620de,2026-05-01T23:00:00Z,2026-05-02T01:00:00+0200,111.98,MW,FR,FR,forecast_offshore_wind_generation,Wind Offshore,2026-05-26T14:20:23Z
2026-05-26T14:19:27Z,2026-05-26T16:19:27+0200,9d8474b6-9a07-4a7a-8e0f-b65ff32620de,2026-05-01T23:15:00Z,2026-05-02T01:15:00+0200,125.2075,MW,FR,FR,forecast_offshore_wind_generation,Wind Offshore,2026-05-26T14:20:23Z
2026-05-26T14:19:27Z,2026-05-26T16:19:27+0200,9d8474b6-9a07-4a7a-8e0f-b65ff32620de,2026-05-01T23:30:00Z,2026-05-02T01:30:00+0200,138.435,MW,FR,FR,forecast_offshore_wind_generation,Wind Offshore,2026-05-26T14:20:23Z
2026-05-26T14:19:27Z,2026-05-26T16:19:27+0200,9d8474b6-9a07-4a7a-8e0f-b65ff32620de,2026-05-01T23:45:00Z,2026-05-02T01:45:00+0200,151.66251,MW,FR,FR,forecast_offshore_wind_generation,Wind Offshore,2026-05-26T14:20:23Z
2026-05-26T14:19:27Z,2026-05-26T16:19:27+0200,9d8474b6-9a07-4a7a-8e0f-b65ff32620de,2026-05-02T00:00:00Z,2026-05-02T02:00:00+0200,164.89,MW,FR,FR,forecast_offshore_wind_generation,Wind Offshore,2026-05-26T14:20:23Z
2026-05-26T14:19:27Z,2026-05-26T16:19:27+0200,9d8474b6-9a07-4a7a-8e0f-b65ff32620de,2026-05-02T00:15:00Z,2026-05-02T02:15:00+0200,143.77249,MW,FR,FR,forecast_offshore_wind_generation,Wind Offshore,2026-05-26T14:20:23Z
2026-05-26T14:19:27Z,2026-05-26T16:19:27+0200,9d8474b6-9a07-4a7a-8e0f-b65ff32620de,2026-05-02T00:30:00Z,2026-05-02T02:30:00+0200,122.655,MW,FR,FR,forecast_offshore_wind_generation,Wind Offshore,2026-05-26T14:20:23Z
2026-05-26T14:19:27Z,2026-05-26T16:19:27+0200,9d8474b6-9a07-4a7a-8e0f-b65ff32620de,2026-05-02T00:45:00Z,2026-05-02T02:45:00+0200,101.53751,MW,FR,FR,forecast_offshore_wind_generation,Wind Offshore,2026-05-26T14:20:23Z
2026-05-26T14:19:27Z,2026-05-26T16:19:27+0200,9d8474b6-9a07-4a7a-8e0f-b65ff32620de,2026-05-02T01:00:00Z,2026-05-02T03:00:00+0200,80.42,MW,FR,FR,forecast_offshore_wind_generation,Wind Offshore,2026-05-26T14:20:23Z
2026-05-26T14:19:27Z,2026-05-26T16:19:27+0200,9d8474b6-9a07-4a7a-8e0f-b65ff32620de,2026-05-02T01:15:00Z,2026-05-02T03:15:00+0200,110.1675,MW,FR,FR,forecast_offshore_wind_generation,Wind Offshore,2026-05-26T14:20:23Z
2026-05-26T14:19:27Z,2026-05-26T16:19:27+0200,9d8474b6-9a07-4a7a-8e0f-b65ff32620de,2026-05-02T01:30:00Z,2026-05-02T03:30:00+0200,139.91501,MW,FR,FR,forecast_offshore_wind_generation,Wind Offshore,2026-05-26T14:20:23Z
2026-05-26T14:19:27Z,2026-05-26T16:19:27+0200,9d8474b6-9a07-4a7a-8e0f-b65ff32620de,2026-05-02T01:45:00Z,2026-05-02T03:45:00+0200,169.66248,MW,FR,FR,forecast_offshore_wind_generation,Wind Offshore,2026-05-26T14:20:23Z
2026-05-26T14:19:27Z,2026-05-26T16:19:27+0200,9d8474b6-9a07-4a7a-8e0f-b65ff32620de,2026-05-02T02:00:00Z,2026-05-02T04:00:00+0200,199.41,MW,FR,FR,forecast_offshore_wind_generation,Wind Offshore,2026-05-26T14:20:23Z
2026-05-26T14:19:27Z,2026-05-26T16:19:27+0200,9d8474b6-9a07-4a7a-8e0f-b65ff32620de,2026-05-02T02:15:00Z,2026-05-02T04:15:00+0200,214.68001,MW,FR,FR,forecast_offshore_wind_generation,Wind Offshore,2026-05-26T14:20:23Z
2026-05-26T14:19:27Z,2026-05-26T16:19:27+0200,9d8474b6-9a07-4a7a-8e0f-b65ff32620de,2026-05-02T02:30:00Z,2026-05-02T04:30:00+0200,229.95001,MW,FR,FR,forecast_offshore_wind_generation,Wind Offshore,2026-05-26T14:20:23Z
2026-05-26T14:19:27Z,2026-05-26T16:19:27+0200,9d8474b6-9a07-4a7a-8e0f-b65ff32620de,2026-05-02T02:45:00Z,2026-05-02T04:45:00+0200,245.22,MW,FR,FR,forecast_offshore_wind_generation,Wind Offshore,2026-05-26T14:20:23Z
2026-05-26T14:19:27Z,2026-05-26T16:19:27+0200,9d8474b6-9a07-4a7a-8e0f-b65ff32620de,2026-05-02T03:00:00Z,2026-05-02T05:00:00+0200,260.48999,MW,FR,FR,forecast_offshore_wind_generation,Wind Offshore,2026-05-26T14:20:23Z
2026-05-26T14:19:27Z,2026-05-26T16:19:27+0200,9d8474b6-9a07-4a7a-8e0f-b65ff32620de,2026-05-02T03:15:00Z,2026-05-02T05:15:00+0200,286.32251,MW,FR,FR,forecast_offshore_wind_generation,Wind Offshore,2026-05-26T14:20:23Z
2026-05-26T14:19:27Z,2026-05-26T16:19:27+0200,9d8474b6-9a07-4a7a-8e0f-b65ff32620de,2026-05-02T03:30:00Z,2026-05-02T05:30:00+0200,312.155,MW,FR,FR,forecast_offshore_wind_generation,Wind Offshore,2026-05-26T14:20:23Z
2026-05-26T14:19:27Z,2026-05-26T16:19:27+0200,9d8474b6-9a07-4a7a-8e0f-b65ff32620de,2026-05-02T03:45:00Z,2026-05-02T05:45:00+0200,337.98749,MW,FR,FR,forecast_offshore_wind_generation,Wind Offshore,2026-05-26T14:20:23Z
2026-05-26T14:19:27Z,2026-05-26T16:19:27+0200,9d8474b6-9a07-4a7a-8e0f-b65ff32620de,2026-05-02T04:00:00Z,2026-05-02T06:00:00+0200,363.82001,MW,FR,FR,forecast_offshore_wind_generation,Wind Offshore,2026-05-26T14:20:23Z
2026-05-26T14:19:27Z,2026-05-26T16:19:27+0200,9d8474b6-9a07-4a7a-8e0f-b65ff32620de,2026-05-02T04:15:00Z,2026-05-02T06:15:00+0200,398.0675,MW,FR,FR,forecast_offshore_wind_generation,Wind Offshore,2026-05-26T14:20:23Z
2026-05-26T14:19:27Z,2026-05-26T16:19:27+0200,9d8474b6-9a07-4a7a-8e0f-b65ff32620de,2026-05-02T04:30:00Z,2026-05-02T06:30:00+0200,432.315,MW,FR,FR,forecast_offshore_wind_generation,Wind Offshore,2026-05-26T14:20:23Z
2026-05-26T14:19:27Z,2026-05-26T16:19:27+0200,9d8474b6-9a07-4a7a-8e0f-b65ff32620de,2026-05-02T04:45:00Z,2026-05-02T06:45:00+0200,466.5625,MW,FR,FR,forecast_offshore_wind_generation,Wind Offshore,2026-05-26T14:20:23Z
2026-05-26T14:19:27Z,2026-05-26T16:19:27+0200,9d8474b6-9a07-4a7a-8e0f-b65ff32620de,2026-05-02T05:00:00Z,2026-05-02T07:00:00+0200,500.81,MW,FR,FR,forecast_offshore_wind_generation,Wind Offshore,2026-05-26T14:20:23Z
2026-05-26T14:19:27Z,2026-05-26T16:19:27+0200,9d8474b6-9a07-4a7a-8e0f-b65ff32620de,2026-05-02T05:15:00Z,2026-05-02T07:15:00+0200,528.20001,MW,FR,FR,forecast_offshore_wind_generation,Wind Offshore,2026-05-26T14:20:23Z
2026-05-26T14:19:27Z,2026-05-26T16:19:27+0200,9d8474b6-9a07-4a7a-8e0f-b65ff32620de,2026-05-02T05:30:00Z,2026-05-02T07:30:00+0200,555.59003,MW,FR,FR,forecast_offshore_wind_generation,Wind Offshore,2026-05-26T14:20:23Z
2026-05-26T14:19:27Z,2026-05-26T16:19:27+0200,9d8474b6-9a07-4a7a-8e0f-b65ff32620de,2026-05-02T05:45:00Z,2026-05-02T07:45:00+0200,582.97998,MW,FR,FR,forecast_offshore_wind_generation,Wind Offshore,2026-05-26T14:20:23Z
2026-05-26T14:19:27Z,2026-05-26T16:19:27+0200,9d8474b6-9a07-4a7a-8e0f-b65ff32620de,2026-05-02T06:00:00Z,2026-05-02T08:00:00+0200,610.37,MW,FR,FR,forecast_offshore_wind_generation,Wind Offshore,2026-05-26T14:20:23Z
2026-05-26T14:19:27Z,2026-05-26T16:19:27+0200,9d8474b6-9a07-4a7a-8e0f-b65ff32620de,2026-05-02T06:15:00Z,2026-05-02T08:15:00+0200,596.14001,MW,FR,FR,forecast_offshore_wind_generation,Wind Offshore,2026-05-26T14:20:23Z
2026-05-26T14:19:27Z,2026-05-26T16:19:27+0200,9d8474b6-9a07-4a7a-8e0f-b65ff32620de,2026-05-02T06:30:00Z,2026-05-02T08:30:00+0200,581.91003,MW,FR,FR,forecast_offshore_wind_generation,Wind Offshore,2026-05-26T14:20:23Z
2026-05-26T14:19:27Z,2026-05-26T16:19:27+0200,9d8474b6-9a07-4a7a-8e0f-b65ff32620de,2026-05-02T06:45:00Z,2026-05-02T08:45:00+0200,567.67999,MW,FR,FR,forecast_offshore_wind_generation,Wind Offshore,2026-05-26T14:20:23Z
2026-05-26T14:19:27Z,2026-05-26T16:19:27+0200,9d8474b6-9a07-4a7a-8e0f-b65ff32620de,2026-05-02T07:00:00Z,2026-05-02T09:00:00+0200,553.44995,MW,FR,FR,forecast_offshore_wind_generation,Wind Offshore,2026-05-26T14:20:23Z
2026-05-26T14:19:27Z,2026-05-26T16:19:27+0200,9d8474b6-9a07-4a7a-8e0f-b65ff32620de,2026-05-02T07:15:00Z,2026-05-02T09:15:00+0200,561.71747,MW,FR,FR,forecast_offshore_wind_generation,Wind Offshore,2026-05-26T14:20:23Z
2026-05-26T14:19:27Z,2026-05-26T16:19:27+0200,9d8474b6-9a07-4a7a-8e0f-b65ff32620de,2026-05-02T07:30:00Z,2026-05-02T09:30:00+0200,569.98499,MW,FR,FR,forecast_offshore_wind_generation,Wind Offshore,2026-05-26T14:20:23Z
2026-05-26T14:19:27Z,2026-05-26T16:19:27+0200,9d8474b6-9a07-4a7a-8e0f-b65ff32620de,2026-05-02T07:45:00Z,2026-05-02T09:45:00+0200,578.25256,MW,FR,FR,forecast_offshore_wind_generation,Wind Offshore,2026-05-26T14:20:23Z
2026-05-26T14:19:27Z,2026-05-26T16:19:27+0200,9d8474b6-9a07-4a7a-8e0f-b65ff32620de,2026-05-02T08:00:00Z,2026-05-02T10:00:00+0200,586.51996,MW,FR,FR,forecast_offshore_wind_generation,Wind Offshore,2026-05-26T14:20:23Z
2026-05-26T14:19:27Z,2026-05-26T16:19:27+0200,9d8474b6-9a07-4a7a-8e0f-b65ff32620de,2026-05-02T08:15:00Z,2026-05-02T10:15:00+0200,641.77759,MW,FR,FR,forecast_offshore_wind_generation,Wind Offshore,2026-05-26T14:20:23Z
2026-05-26T14:19:27Z,2026-05-26T16:19:27+0200,9d8474b6-9a07-4a7a-8e0f-b65ff32620de,2026-05-02T08:30:00Z,2026-05-02T10:30:00+0200,413.05002,MW,FR,FR,forecast_offshore_wind_generation,Wind Offshore,2026-05-26T14:20:23Z
2026-05-26T14:19:27Z,2026-05-26T16:19:27+0200,9d8474b6-9a07-4a7a-8e0f-b65ff32620de,2026-05-02T08:45:00Z,2026-05-02T10:45:00+0200,419.92999,MW,FR,FR,forecast_offshore_wind_generation,Wind Offshore,2026-05-26T14:20:23Z
2026-05-26T14:19:27Z,2026-05-26T16:19:27+0200,9d8474b6-9a07-4a7a-8e0f-b65ff32620de,2026-05-02T09:00:00Z,2026-05-02T11:00:00+0200,426.81,MW,FR,FR,forecast_offshore_wind_generation,Wind Offshore,2026-05-26T14:20:23Z
2026-05-26T14:19:27Z,2026-05-26T16:19:27+0200,9d8474b6-9a07-4a7a-8e0f-b65ff32620de,2026-05-02T09:15:00Z,2026-05-02T11:15:00+0200,441.52499,MW,FR,FR,forecast_offshore_wind_generation,Wind Offshore,2026-05-26T14:20:23Z
2026-05-26T14:19:27Z,2026-05-26T16:19:27+0200,9d8474b6-9a07-4a7a-8e0f-b65ff32620de,2026-05-02T09:30:00Z,2026-05-02T11:30:00+0200,456.24002,MW,FR,FR,forecast_offshore_wind_generation,Wind Offshore,2026-05-26T14:20:23Z
2026-05-26T14:19:27Z,2026-05-26T16:19:27+0200,9d8474b6-9a07-4a7a-8e0f-b65ff32620de,2026-05-02T09:45:00Z,2026-05-02T11:45:00+0200,470.95502,MW,FR,FR,forecast_offshore_wind_generation,Wind Offshore,2026-05-26T14:20:23Z
2026-05-26T14:19:27Z,2026-05-26T16:19:27+0200,9d8474b6-9a07-4a7a-8e0f-b65ff32620de,2026-05-02T10:00:00Z,2026-05-02T12:00:00+0200,485.66998,MW,FR,FR,forecast_offshore_wind_generation,Wind Offshore,2026-05-26T14:20:23Z
2026-05-26T14:19:27Z,2026-05-26T16:19:27+0200,9d8474b6-9a07-4a7a-8e0f-b65ff32620de,2026-05-02T10:15:00Z,2026-05-02T12:15:00+0200,488.48248,MW,FR,FR,forecast_offshore_wind_generation,Wind Offshore,2026-05-26T14:20:23Z
2026-05-26T14:19:27Z,2026-05-26T16:19:27+0200,9d8474b6-9a07-4a7a-8e0f-b65ff32620de,2026-05-02T10:30:00Z,2026-05-02T12:30:00+0200,491.29498,MW,FR,FR,forecast_offshore_wind_generation,Wind Offshore,2026-05-26T14:20:23Z
2026-05-26T14:19:27Z,2026-05-26T16:19:27+0200,9d8474b6-9a07-4a7a-8e0f-b65ff32620de,2026-05-02T10:45:00Z,2026-05-02T12:45:00+0200,494.10751,MW,FR,FR,forecast_offshore_wind_generation,Wind Offshore,2026-05-26T14:20:23Z
2026-05-26T14:19:27Z,2026-05-26T16:19:27+0200,9d8474b6-9a07-4a7a-8e0f-b65ff32620de,2026-05-02T11:00:00Z,2026-05-02T13:00:00+0200,496.92001,MW,FR,FR,forecast_offshore_wind_generation,Wind Offshore,2026-05-26T14:20:23Z
2026-05-26T14:19:27Z,2026-05-26T16:19:27+0200,9d8474b6-9a07-4a7a-8e0f-b65ff32620de,2026-05-02T11:15:00Z,2026-05-02T13:15:00+0200,489.44501,MW,FR,FR,forecast_offshore_wind_generation,Wind Offshore,2026-05-26T14:20:23Z
2026-05-26T14:19:27Z,2026-05-26T16:19:27+0200,9d8474b6-9a07-4a7a-8e0f-b65ff32620de,2026-05-02T11:30:00Z,2026-05-02T13:30:00+0200,481.97003,MW,FR,FR,forecast_offshore_wind_generation,Wind Offshore,2026-05-26T14:20:23Z
2026-05-26T14:19:27Z,2026-05-26T16:19:27+0200,9d8474b6-9a07-4a7a-8e0f-b65ff32620de,2026-05-02T11:45:00Z,2026-05-02T13:45:00+0200,474.49503,MW,FR,FR,forecast_offshore_wind_generation,Wind Offshore,2026-05-26T14:20:23Z
2026-05-26T14:19:27Z,2026-05-26T16:19:27+0200,9d8474b6-9a07-4a7a-8e0f-b65ff32620de,2026-05-02T12:00:00Z,2026-05-02T14:00:00+0200,467.02002,MW,FR,FR,forecast_offshore_wind_generation,Wind Offshore,2026-05-26T14:20:23Z
2026-05-26T14:19:27Z,2026-05-26T16:19:27+0200,9d8474b6-9a07-4a7a-8e0f-b65ff32620de,2026-05-02T12:15:00Z,2026-05-02T14:15:00+0200,449.4075,MW,FR,FR,forecast_offshore_wind_generation,Wind Offshore,2026-05-26T14:20:23Z
2026-05-26T14:19:27Z,2026-05-26T16:19:27+0200,9d8474b6-9a07-4a7a-8e0f-b65ff32620de,2026-05-02T12:30:00Z,2026-05-02T14:30:00+0200,431.79501,MW,FR,FR,forecast_offshore_wind_generation,Wind Offshore,2026-05-26T14:20:23Z
2026-05-26T14:19:27Z,2026-05-26T16:19:27+0200,9d8474b6-9a07-4a7a-8e0f-b65ff32620de,2026-05-02T12:45:00Z,2026-05-02T14:45:00+0200,414.1825,MW,FR,FR,forecast_offshore_wind_generation,Wind Offshore,2026-05-26T14:20:23Z
2026-05-26T14:19:27Z,2026-05-26T16:19:27+0200,9d8474b6-9a07-4a7a-8e0f-b65ff32620de,2026-05-02T13:00:00Z,2026-05-02T15:00:00+0200,393.06,MW,FR,FR,forecast_offshore_wind_generation,Wind Offshore,2026-05-26T14:20:23Z
2026-05-26T14:19:27Z,2026-05-26T16:19:27+0200,9d8474b6-9a07-4a7a-8e0f-b65ff32620de,2026-05-02T13:15:00Z,2026-05-02T15:15:00+0200,384.54501,MW,FR,FR,forecast_offshore_wind_generation,Wind Offshore,2026-05-26T14:20:23Z
2026-05-26T14:19:27Z,2026-05-26T16:19:27+0200,9d8474b6-9a07-4a7a-8e0f-b65ff32620de,2026-05-02T13:30:00Z,2026-05-02T15:30:00+0200,376.03003,MW,FR,FR,forecast_offshore_wind_generation,Wind Offshore,2026-05-26T14:20:23Z
2026-05-26T14:19:27Z,2026-05-26T16:19:27+0200,9d8474b6-9a07-4a7a-8e0f-b65ff32620de,2026-05-02T13:45:00Z,2026-05-02T15:45:00+0200,367.51498,MW,FR,FR,forecast_offshore_wind_generation,Wind Offshore,2026-05-26T14:20:23Z
2026-05-26T14:19:27Z,2026-05-26T16:19:27+0200,9d8474b6-9a07-4a7a-8e0f-b65ff32620de,2026-05-02T14:00:00Z,2026-05-02T16:00:00+0200,359.0,MW,FR,FR,forecast_offshore_wind_generation,Wind Offshore,2026-05-26T14:20:23Z
2026-05-26T14:19:27Z,2026-05-26T16:19:27+0200,9d8474b6-9a07-4a7a-8e0f-b65ff32620de,2026-05-02T14:15:00Z,2026-05-02T16:15:00+0200,325.07498,MW,FR,FR,forecast_offshore_wind_generation,Wind Offshore,2026-05-26T14:20:23Z
2026-05-26T14:19:27Z,2026-05-26T16:19:27+0200,9d8474b6-9a07-4a7a-8e0f-b65ff32620de,2026-05-02T14:30:00Z,2026-05-02T16:30:00+0200,533.42004,MW,FR,FR,forecast_offshore_wind_generation,Wind Offshore,2026-05-26T14:20:23Z
2026-05-26T14:19:27Z,2026-05-26T16:19:27+0200,9d8474b6-9a07-4a7a-8e0f-b65ff32620de,2026-05-02T14:45:00Z,2026-05-02T16:45:00+0200,488.22,MW,FR,FR,forecast_offshore_wind_generation,Wind Offshore,2026-05-26T14:20:23Z
2026-05-26T14:19:27Z,2026-05-26T16:19:27+0200,9d8474b6-9a07-4a7a-8e0f-b65ff32620de,2026-05-02T15:00:00Z,2026-05-02T17:00:00+0200,443.01999,MW,FR,FR,forecast_offshore_wind_generation,Wind Offshore,2026-05-26T14:20:23Z
2026-05-26T14:19:27Z,2026-05-26T16:19:27+0200,9d8474b6-9a07-4a7a-8e0f-b65ff32620de,2026-05-02T15:15:00Z,2026-05-02T17:15:00+0200,476.38251,MW,FR,FR,forecast_offshore_wind_generation,Wind Offshore,2026-05-26T14:20:23Z
2026-05-26T14:19:27Z,2026-05-26T16:19:27+0200,9d8474b6-9a07-4a7a-8e0f-b65ff32620de,2026-05-02T15:30:00Z,2026-05-02T17:30:00+0200,509.74503,MW,FR,FR,forecast_offshore_wind_generation,Wind Offshore,2026-05-26T14:20:23Z
2026-05-26T14:19:27Z,2026-05-26T16:19:27+0200,9d8474b6-9a07-4a7a-8e0f-b65ff32620de,2026-05-02T15:45:00Z,2026-05-02T17:45:00+0200,543.10754,MW,FR,FR,forecast_offshore_wind_generation,Wind Offshore,2026-05-26T14:20:23Z
2026-05-26T14:19:27Z,2026-05-26T16:19:27+0200,9d8474b6-9a07-4a7a-8e0f-b65ff32620de,2026-05-02T16:00:00Z,2026-05-02T18:00:00+0200,576.47003,MW,FR,FR,forecast_offshore_wind_generation,Wind Offshore,2026-05-26T14:20:23Z
2026-05-26T14:19:27Z,2026-05-26T16:19:27+0200,9d8474b6-9a07-4a7a-8e0f-b65ff32620de,2026-05-02T16:15:00Z,2026-05-02T18:15:00+0200,550.65747,MW,FR,FR,forecast_offshore_wind_generation,Wind Offshore,2026-05-26T14:20:23Z
2026-05-26T14:19:27Z,2026-05-26T16:19:27+0200,9d8474b6-9a07-4a7a-8e0f-b65ff32620de,2026-05-02T16:30:00Z,2026-05-02T18:30:00+0200,524.84497,MW,FR,FR,forecast_offshore_wind_generation,Wind Offshore,2026-05-26T14:20:23Z
2026-05-26T14:19:27Z,2026-05-26T16:19:27+0200,9d8474b6-9a07-4a7a-8e0f-b65ff32620de,2026-05-02T16:45:00Z,2026-05-02T18:45:00+0200,499.03253,MW,FR,FR,forecast_offshore_wind_generation,Wind Offshore,2026-05-26T14:20:23Z
2026-05-26T14:19:27Z,2026-05-26T16:19:27+0200,9d8474b6-9a07-4a7a-8e0f-b65ff32620de,2026-05-02T17:00:00Z,2026-05-02T19:00:00+0200,473.22,MW,FR,FR,forecast_offshore_wind_generation,Wind Offshore,2026-05-26T14:20:23Z
2026-05-26T14:19:27Z,2026-05-26T16:19:27+0200,9d8474b6-9a07-4a7a-8e0f-b65ff32620de,2026-05-02T17:15:00Z,2026-05-02T19:15:00+0200,458.28751,MW,FR,FR,forecast_offshore_wind_generation,Wind Offshore,2026-05-26T14:20:23Z
2026-05-26T14:19:27Z,2026-05-26T16:19:27+0200,9d8474b6-9a07-4a7a-8e0f-b65ff32620de,2026-05-02T17:30:00Z,2026-05-02T19:30:00+0200,443.35501,MW,FR,FR,forecast_offshore_wind_generation,Wind Offshore,2026-05-26T14:20:23Z
2026-05-26T14:19:27Z,2026-05-26T16:19:27+0200,9d8474b6-9a07-4a7a-8e0f-b65ff32620de,2026-05-02T17:45:00Z,2026-05-02T19:45:00+0200,428.42252,MW,FR,FR,forecast_offshore_wind_generation,Wind Offshore,2026-05-26T14:20:23Z
2026-05-26T14:19:27Z,2026-05-26T16:19:27+0200,9d8474b6-9a07-4a7a-8e0f-b65ff32620de,2026-05-02T18:00:00Z,2026-05-02T20:00:00+0200,413.48999,MW,FR,FR,forecast_offshore_wind_generation,Wind Offshore,2026-05-26T14:20:23Z
2026-05-26T14:19:27Z,2026-05-26T16:19:27+0200,9d8474b6-9a07-4a7a-8e0f-b65ff32620de,2026-05-02T18:15:00Z,2026-05-02T20:15:00+0200,414.16498,MW,FR,FR,forecast_offshore_wind_generation,Wind Offshore,2026-05-26T14:20:23Z
2026-05-26T14:19:27Z,2026-05-26T16:19:27+0200,9d8474b6-9a07-4a7a-8e0f-b65ff32620de,2026-05-02T18:30:00Z,2026-05-02T20:30:00+0200,414.84003,MW,FR,FR,forecast_offshore_wind_generation,Wind Offshore,2026-05-26T14:20:23Z
2026-05-26T14:19:27Z,2026-05-26T16:19:27+0200,9d8474b6-9a07-4a7a-8e0f-b65ff32620de,2026-05-02T18:45:00Z,2026-05-02T20:45:00+0200,415.51501,MW,FR,FR,forecast_offshore_wind_generation,Wind Offshore,2026-05-26T14:20:23Z
2026-05-26T14:19:27Z,2026-05-26T16:19:27+0200,9d8474b6-9a07-4a7a-8e0f-b65ff32620de,2026-05-02T19:00:00Z,2026-05-02T21:00:00+0200,416.19003,MW,FR,FR,forecast_offshore_wind_generation,Wind Offshore,2026-05-26T14:20:23Z
2026-05-26T14:19:27Z,2026-05-26T16:19:27+0200,9d8474b6-9a07-4a7a-8e0f-b65ff32620de,2026-05-02T19:15:00Z,2026-05-02T21:15:00+0200,416.92001,MW,FR,FR,forecast_offshore_wind_generation,Wind Offshore,2026-05-26T14:20:23Z
2026-05-26T14:19:27Z,2026-05-26T16:19:27+0200,9d8474b6-9a07-4a7a-8e0f-b65ff32620de,2026-05-02T19:30:00Z,2026-05-02T21:30:00+0200,417.64999,MW,FR,FR,forecast_offshore_wind_generation,Wind Offshore,2026-05-26T14:20:23Z
2026-05-26T14:19:27Z,2026-05-26T16:19:27+0200,9d8474b6-9a07-4a7a-8e0f-b65ff32620de,2026-05-02T19:45:00Z,2026-05-02T21:45:00+0200,418.37997,MW,FR,FR,forecast_offshore_wind_generation,Wind Offshore,2026-05-26T14:20:23Z
2026-05-26T14:19:27Z,2026-05-26T16:19:27+0200,9d8474b6-9a07-4a7a-8e0f-b65ff32620de,2026-05-02T20:00:00Z,2026-05-02T22:00:00+0200,419.11002,MW,FR,FR,forecast_offshore_wind_generation,Wind Offshore,2026-05-26T14:20:23Z
2026-05-26T14:19:27Z,2026-05-26T16:19:27+0200,9d8474b6-9a07-4a7a-8e0f-b65ff32620de,2026-05-02T20:15:00Z,2026-05-02T22:15:00+0200,467.38,MW,FR,FR,forecast_offshore_wind_generation,Wind Offshore,2026-05-26T14:20:23Z
2026-05-26T14:19:27Z,2026-05-26T16:19:27+0200,9d8474b6-9a07-4a7a-8e0f-b65ff32620de,2026-05-02T20:30:00Z,2026-05-02T22:30:00+0200,515.65002,MW,FR,FR,forecast_offshore_wind_generation,Wind Offshore,2026-05-26T14:20:23Z
2026-05-26T14:19:27Z,2026-05-26T16:19:27+0200,9d8474b6-9a07-4a7a-8e0f-b65ff32620de,2026-05-02T20:45:00Z,2026-05-02T22:45:00+0200,563.91998,MW,FR,FR,forecast_offshore_wind_generation,Wind Offshore,2026-05-26T14:20:23Z
2026-05-26T14:19:27Z,2026-05-26T16:19:27+0200,9d8474b6-9a07-4a7a-8e0f-b65ff32620de,2026-05-02T21:00:00Z,2026-05-02T23:00:00+0200,612.19,MW,FR,FR,forecast_offshore_wind_generation,Wind Offshore,2026-05-26T14:20:23Z
2026-05-26T14:19:27Z,2026-05-26T16:19:27+0200,9d8474b6-9a07-4a7a-8e0f-b65ff32620de,2026-05-02T21:15:00Z,2026-05-02T23:15:00+0200,596.83246,MW,FR,FR,forecast_offshore_wind_generation,Wind Offshore,2026-05-26T14:20:23Z
2026-05-26T14:19:27Z,2026-05-26T16:19:27+0200,9d8474b6-9a07-4a7a-8e0f-b65ff32620de,2026-05-02T21:30:00Z,2026-05-02T23:30:00+0200,581.47498,MW,FR,FR,forecast_offshore_wind_generation,Wind Offshore,2026-05-26T14:20:23Z
2026-05-26T14:19:27Z,2026-05-26T16:19:27+0200,9d8474b6-9a07-4a7a-8e0f-b65ff32620de,2026-05-02T21:45:00Z,2026-05-02T23:45:00+0200,566.11755,MW,FR,FR,forecast_offshore_wind_generation,Wind Offshore,2026-05-26T14:20:23Z
2026-05-26T14:19:27Z,2026-05-26T16:19:27+0200,9d8474b6-9a07-4a7a-8e0f-b65ff32620de,2026-05-02T22:00:00Z,2026-05-03T00:00:00+0200,245.12,MW,FR,FR,forecast_offshore_wind_generation,Wind Offshore,2026-05-26T14:20:23Z
2026-05-26T14:19:27Z,2026-05-26T16:19:27+0200,9d8474b6-9a07-4a7a-8e0f-b65ff32620de,2026-05-02T22:15:00Z,2026-05-03T00:15:00+0200,237.7525,MW,FR,FR,forecast_offshore_wind_generation,Wind Offshore,2026-05-26T14:20:23Z
2026-05-26T14:19:27Z,2026-05-26T16:19:27+0200,9d8474b6-9a07-4a7a-8e0f-b65ff32620de,2026-05-02T22:30:00Z,2026-05-03T00:30:00+0200,230.38499,MW,FR,FR,forecast_offshore_wind_generation,Wind Offshore,2026-05-26T14:20:23Z
2026-05-26T14:19:27Z,2026-05-26T16:19:27+0200,9d8474b6-9a07-4a7a-8e0f-b65ff32620de,2026-05-02T22:45:00Z,2026-05-03T00:45:00+0200,223.01752,MW,FR,FR,forecast_offshore_wind_generation,Wind Offshore,2026-05-26T14:20:23Z
2026-05-26T14:19:27Z,2026-05-26T16:19:27+0200,9d8474b6-9a07-4a7a-8e0f-b65ff32620de,2026-05-02T23:00:00Z,2026-05-03T01:00:00+0200,215.64999,MW,FR,FR,forecast_offshore_wind_generation,Wind Offshore,2026-05-26T14:20:23Z
2026-05-26T14:19:27Z,2026-05-26T16:19:27+0200,9d8474b6-9a07-4a7a-8e0f-b65ff32620de,2026-05-02T23:15:00Z,2026-05-03T01:15:00+0200,211.02,MW,FR,FR,forecast_offshore_wind_generation,Wind Offshore,2026-05-26T14:20:23Z
2026-05-26T14:19:27Z,2026-05-26T16:19:27+0200,9d8474b6-9a07-4a7a-8e0f-b65ff32620de,2026-05-02T23:30:00Z,2026-05-03T01:30:00+0200,206.38998,MW,FR,FR,forecast_offshore_wind_generation,Wind Offshore,2026-05-26T14:20:23Z
2026-05-26T14:19:27Z,2026-05-26T16:19:27+0200,9d8474b6-9a07-4a7a-8e0f-b65ff32620de,2026-05-02T23:45:00Z,2026-05-03T01:45:00+0200,201.75999,MW,FR,FR,forecast_offshore_wind_generation,Wind Offshore,2026-05-26T14:20:23Z
2026-05-26T14:19:27Z,2026-05-26T16:19:27+0200,9d8474b6-9a07-4a7a-8e0f-b65ff32620de,2026-05-03T00:00:00Z,2026-05-03T02:00:00+0200,197.13,MW,FR,FR,forecast_offshore_wind_generation,Wind Offshore,2026-05-26T14:20:23Z
2026-05-26T14:19:27Z,2026-05-26T16:19:27+0200,9d8474b6-9a07-4a7a-8e0f-b65ff32620de,2026-05-03T00:15:00Z,2026-05-03T02:15:00+0200,217.7775,MW,FR,FR,forecast_offshore_wind_generation,Wind Offshore,2026-05-26T14:20:23Z
2026-05-26T14:19:27Z,2026-05-26T16:19:27+0200,9d8474b6-9a07-4a7a-8e0f-b65ff32620de,2026-05-03T00:30:00Z,2026-05-03T02:30:00+0200,238.42499,MW,FR,FR,forecast_offshore_wind_generation,Wind Offshore,2026-05-26T14:20:23Z
2026-05-26T14:19:27Z,2026-05-26T16:19:27+0200,9d8474b6-9a07-4a7a-8e0f-b65ff32620de,2026-05-03T00:45:00Z,2026-05-03T02:45:00+0200,259.07251,MW,FR,FR,forecast_offshore_wind_generation,Wind Offshore,2026-05-26T14:20:23Z
2026-05-26T14:19:27Z,2026-05-26T16:19:27+0200,9d8474b6-9a07-4a7a-8e0f-b65ff32620de,2026-05-03T01:00:00Z,2026-05-03T03:00:00+0200,279.71997,MW,FR,FR,forecast_offshore_wind_generation,Wind Offshore,2026-05-26T14:20:23Z
2026-05-26T14:19:27Z,2026-05-26T16:19:27+0200,9d8474b6-9a07-4a7a-8e0f-b65ff32620de,2026-05-03T01:15:00Z,2026-05-03T03:15:00+0200,275.1575,MW,FR,FR,forecast_offshore_wind_generation,Wind Offshore,2026-05-26T14:20:23Z
2026-05-26T14:19:27Z,2026-05-26T16:19:27+0200,9d8474b6-9a07-4a7a-8e0f-b65ff32620de,2026-05-03T01:30:00Z,2026-05-03T03:30:00+0200,270.595,MW,FR,FR,forecast_offshore_wind_generation,Wind Offshore,2026-05-26T14:20:23Z
2026-05-26T14:19:27Z,2026-05-26T16:19:27+0200,9d8474b6-9a07-4a7a-8e0f-b65ff32620de,2026-05-03T01:45:00Z,2026-05-03T03:45:00+0200,266.0325,MW,FR,FR,forecast_offshore_wind_generation,Wind Offshore,2026-05-26T14:20:23Z
2026-05-26T14:19:27Z,2026-05-26T16:19:27+0200,9d8474b6-9a07-4a7a-8e0f-b65ff32620de,2026-05-03T02:00:00Z,2026-05-03T04:00:00+0200,261.47,MW,FR,FR,forecast_offshore_wind_generation,Wind Offshore,2026-05-26T14:20:23Z
2026-05-26T14:19:27Z,2026-05-26T16:19:27+0200,9d8474b6-9a07-4a7a-8e0f-b65ff32620de,2026-05-03T02:15:00Z,2026-05-03T04:15:00+0200,258.28748,MW,FR,FR,forecast_offshore_wind_generation,Wind Offshore,2026-05-26T14:20:23Z
2026-05-26T14:19:27Z,2026-05-26T16:19:27+0200,9d8474b6-9a07-4a7a-8e0f-b65ff32620de,2026-05-03T02:30:00Z,2026-05-03T04:30:00+0200,255.10501,MW,FR,FR,forecast_offshore_wind_generation,Wind Offshore,2026-05-26T14:20:23Z
2026-05-26T14:19:27Z,2026-05-26T16:19:27+0200,9d8474b6-9a07-4a7a-8e0f-b65ff32620de,2026-05-03T02:45:00Z,2026-05-03T04:45:00+0200,251.9225,MW,FR,FR,forecast_offshore_wind_generation,Wind Offshore,2026-05-26T14:20:23Z
2026-05-26T14:19:27Z,2026-05-26T16:19:27+0200,9d8474b6-9a07-4a7a-8e0f-b65ff32620de,2026-05-03T03:00:00Z,2026-05-03T05:00:00+0200,248.73999,MW,FR,FR,forecast_offshore_wind_generation,Wind Offshore,2026-05-26T14:20:23Z
2026-05-26T14:19:27Z,2026-05-26T16:19:27+0200,9d8474b6-9a07-4a7a-8e0f-b65ff32620de,2026-05-03T03:15:00Z,2026-05-03T05:15:00+0200,243.34502,MW,FR,FR,forecast_offshore_wind_generation,Wind Offshore,2026-05-26T14:20:23Z
2026-05-26T14:19:27Z,2026-05-26T16:19:27+0200,9d8474b6-9a07-4a7a-8e0f-b65ff32620de,2026-05-03T03:30:00Z,2026-05-03T05:30:00+0200,237.95,MW,FR,FR,forecast_offshore_wind_generation,Wind Offshore,2026-05-26T14:20:23Z
2026-05-26T14:19:27Z,2026-05-26T16:19:27+0200,9d8474b6-9a07-4a7a-8e0f-b65ff32620de,2026-05-03T03:45:00Z,2026-05-03T05:45:00+0200,232.55499,MW,FR,FR,forecast_offshore_wind_generation,Wind Offshore,2026-05-26T14:20:23Z
2026-05-26T14:19:27Z,2026-05-26T16:19:27+0200,9d8474b6-9a07-4a7a-8e0f-b65ff32620de,2026-05-03T04:00:00Z,2026-05-03T06:00:00+0200,227.15999,MW,FR,FR,forecast_offshore_wind_generation,Wind Offshore,2026-05-26T14:20:23Z
2026-05-26T14:19:27Z,2026-05-26T16:19:27+0200,9d8474b6-9a07-4a7a-8e0f-b65ff32620de,2026-05-03T04:15:00Z,2026-05-03T06:15:00+0200,232.50999,MW,FR,FR,forecast_offshore_wind_generation,Wind Offshore,2026-05-26T14:20:23Z
2026-05-26T14:19:27Z,2026-05-26T16:19:27+0200,9d8474b6-9a07-4a7a-8e0f-b65ff32620de,2026-05-03T04:30:00Z,2026-05-03T06:30:00+0200,237.86,MW,FR,FR,forecast_offshore_wind_generation,Wind Offshore,2026-05-26T14:20:23Z
2026-05-26T14:19:27Z,2026-05-26T16:19:27+0200,9d8474b6-9a07-4a7a-8e0f-b65ff32620de,2026-05-03T04:45:00Z,2026-05-03T06:45:00+0200,243.20999,MW,FR,FR,forecast_offshore_wind_generation,Wind Offshore,2026-05-26T14:20:23Z
2026-05-26T14:19:27Z,2026-05-26T16:19:27+0200,9d8474b6-9a07-4a7a-8e0f-b65ff32620de,2026-05-03T05:00:00Z,2026-05-03T07:00:00+0200,248.55998,MW,FR,FR,forecast_offshore_wind_generation,Wind Offshore,2026-05-26T14:20:23Z
2026-05-26T14:19:27Z,2026-05-26T16:19:27+0200,9d8474b6-9a07-4a7a-8e0f-b65ff32620de,2026-05-03T05:15:00Z,2026-05-03T07:15:00+0200,245.98001,MW,FR,FR,forecast_offshore_wind_generation,Wind Offshore,2026-05-26T14:20:23Z
2026-05-26T14:19:27Z,2026-05-26T16:19:27+0200,9d8474b6-9a07-4a7a-8e0f-b65ff32620de,2026-05-03T05:30:00Z,2026-05-03T07:30:00+0200,243.39999,MW,FR,FR,forecast_offshore_wind_generation,Wind Offshore,2026-05-26T14:20:23Z
2026-05-26T14:19:27Z,2026-05-26T16:19:27+0200,9d8474b6-9a07-4a7a-8e0f-b65ff32620de,2026-05-03T05:45:00Z,2026-05-03T07:45:00+0200,240.81999,MW,FR,FR,forecast_offshore_wind_generation,Wind Offshore,2026-05-26T14:20:23Z
2026-05-26T14:19:27Z,2026-05-26T16:19:27+0200,9d8474b6-9a07-4a7a-8e0f-b65ff32620de,2026-05-03T06:00:00Z,2026-05-03T08:00:00+0200,238.24001,MW,FR,FR,forecast_offshore_wind_generation,Wind Offshore,2026-05-26T14:20:23Z
2026-05-26T14:19:27Z,2026-05-26T16:19:27+0200,9d8474b6-9a07-4a7a-8e0f-b65ff32620de,2026-05-03T06:15:00Z,2026-05-03T08:15:00+0200,233.01003,MW,FR,FR,forecast_offshore_wind_generation,Wind Offshore,2026-05-26T14:20:23Z
2026-05-26T14:19:27Z,2026-05-26T16:19:27+0200,9d8474b6-9a07-4a7a-8e0f-b65ff32620de,2026-05-03T06:30:00Z,2026-05-03T08:30:00+0200,227.78,MW,FR,FR,forecast_offshore_wind_generation,Wind Offshore,2026-05-26T14:20:23Z
2026-05-26T14:19:27Z,2026-05-26T16:19:27+0200,9d8474b6-9a07-4a7a-8e0f-b65ff32620de,2026-05-03T06:45:00Z,2026-05-03T08:45:00+0200,222.55,MW,FR,FR,forecast_offshore_wind_generation,Wind Offshore,2026-05-26T14:20:23Z
2026-05-26T14:19:27Z,2026-05-26T16:19:27+0200,9d8474b6-9a07-4a7a-8e0f-b65ff32620de,2026-05-03T07:00:00Z,2026-05-03T09:00:00+0200,217.32001,MW,FR,FR,forecast_offshore_wind_generation,Wind Offshore,2026-05-26T14:20:23Z
2026-05-26T14:19:27Z,2026-05-26T16:19:27+0200,9d8474b6-9a07-4a7a-8e0f-b65ff32620de,2026-05-03T07:15:00Z,2026-05-03T09:15:00+0200,213.7475,MW,FR,FR,forecast_offshore_wind_generation,Wind Offshore,2026-05-26T14:20:23Z
2026-05-26T14:19:27Z,2026-05-26T16:19:27+0200,9d8474b6-9a07-4a7a-8e0f-b65ff32620de,2026-05-03T07:30:00Z,2026-05-03T09:30:00+0200,210.175,MW,FR,FR,forecast_offshore_wind_generation,Wind Offshore,2026-05-26T14:20:23Z
2026-05-26T14:19:27Z,2026-05-26T16:19:27+0200,9d8474b6-9a07-4a7a-8e0f-b65ff32620de,2026-05-03T07:45:00Z,2026-05-03T09:45:00+0200,206.60249,MW,FR,FR,forecast_offshore_wind_generation,Wind Offshore,2026-05-26T14:20:23Z
2026-05-26T14:19:27Z,2026-05-26T16:19:27+0200,9d8474b6-9a07-4a7a-8e0f-b65ff32620de,2026-05-03T08:00:00Z,2026-05-03T10:00:00+0200,203.03,MW,FR,FR,forecast_offshore_wind_generation,Wind Offshore,2026-05-26T14:20:23Z
2026-05-26T14:19:27Z,2026-05-26T16:19:27+0200,9d8474b6-9a07-4a7a-8e0f-b65ff32620de,2026-05-03T08:15:00Z,2026-05-03T10:15:00+0200,201.25499,MW,FR,FR,forecast_offshore_wind_generation,Wind Offshore,2026-05-26T14:20:23Z
2026-05-26T14:19:27Z,2026-05-26T16:19:27+0200,9d8474b6-9a07-4a7a-8e0f-b65ff32620de,2026-05-03T08:30:00Z,2026-05-03T10:30:00+0200,199.48,MW,FR,FR,forecast_offshore_wind_generation,Wind Offshore,2026-05-26T14:20:23Z
2026-05-26T14:19:27Z,2026-05-26T16:19:27+0200,9d8474b6-9a07-4a7a-8e0f-b65ff32620de,2026-05-03T08:45:00Z,2026-05-03T10:45:00+0200,197.70502,MW,FR,FR,forecast_offshore_wind_generation,Wind Offshore,2026-05-26T14:20:23Z
2026-05-26T14:19:27Z,2026-05-26T16:19:27+0200,9d8474b6-9a07-4a7a-8e0f-b65ff32620de,2026-05-03T09:00:00Z,2026-05-03T11:00:00+0200,195.92999,MW,FR,FR,forecast_offshore_wind_generation,Wind Offshore,2026-05-26T14:20:23Z
2026-05-26T14:19:27Z,2026-05-26T16:19:27+0200,9d8474b6-9a07-4a7a-8e0f-b65ff32620de,2026-05-03T09:15:00Z,2026-05-03T11:15:00+0200,193.41501,MW,FR,FR,forecast_offshore_wind_generation,Wind Offshore,2026-05-26T14:20:23Z
2026-05-26T14:19:27Z,2026-05-26T16:19:27+0200,9d8474b6-9a07-4a7a-8e0f-b65ff32620de,2026-05-03T09:30:00Z,2026-05-03T11:30:00+0200,190.89999,MW,FR,FR,forecast_offshore_wind_generation,Wind Offshore,2026-05-26T14:20:23Z
2026-05-26T14:19:27Z,2026-05-26T16:19:27+0200,9d8474b6-9a07-4a7a-8e0f-b65ff32620de,2026-05-03T09:45:00Z,2026-05-03T11:45:00+0200,188.38499,MW,FR,FR,forecast_offshore_wind_generation,Wind Offshore,2026-05-26T14:20:23Z
2026-05-26T14:19:27Z,2026-05-26T16:19:27+0200,9d8474b6-9a07-4a7a-8e0f-b65ff32620de,2026-05-03T10:00:00Z,2026-05-03T12:00:00+0200,185.87,MW,FR,FR,forecast_offshore_wind_generation,Wind Offshore,2026-05-26T14:20:23Z
2026-05-26T14:19:27Z,2026-05-26T16:19:27+0200,9d8474b6-9a07-4a7a-8e0f-b65ff32620de,2026-05-03T10:15:00Z,2026-05-03T12:15:00+0200,187.2475,MW,FR,FR,forecast_offshore_wind_generation,Wind Offshore,2026-05-26T14:20:23Z
2026-05-26T14:19:27Z,2026-05-26T16:19:27+0200,9d8474b6-9a07-4a7a-8e0f-b65ff32620de,2026-05-03T10:30:00Z,2026-05-03T12:30:00+0200,188.625,MW,FR,FR,forecast_offshore_wind_generation,Wind Offshore,2026-05-26T14:20:23Z
2026-05-26T14:19:27Z,2026-05-26T16:19:27+0200,9d8474b6-9a07-4a7a-8e0f-b65ff32620de,2026-05-03T10:45:00Z,2026-05-03T12:45:00+0200,190.0025,MW,FR,FR,forecast_offshore_wind_generation,Wind Offshore,2026-05-26T14:20:23Z
2026-05-26T14:19:27Z,2026-05-26T16:19:27+0200,9d8474b6-9a07-4a7a-8e0f-b65ff32620de,2026-05-03T11:00:00Z,2026-05-03T13:00:00+0200,191.38,MW,FR,FR,forecast_offshore_wind_generation,Wind Offshore,2026-05-26T14:20:23Z
2026-05-26T14:19:27Z,2026-05-26T16:19:27+0200,9d8474b6-9a07-4a7a-8e0f-b65ff32620de,2026-05-03T11:15:00Z,2026-05-03T13:15:00+0200,188.17999,MW,FR,FR,forecast_offshore_wind_generation,Wind Offshore,2026-05-26T14:20:23Z
2026-05-26T14:19:27Z,2026-05-26T16:19:27+0200,9d8474b6-9a07-4a7a-8e0f-b65ff32620de,2026-05-03T11:30:00Z,2026-05-03T13:30:00+0200,145.04999,MW,FR,FR,forecast_offshore_wind_generation,Wind Offshore,2026-05-26T14:20:23Z
2026-05-26T14:19:27Z,2026-05-26T16:19:27+0200,9d8474b6-9a07-4a7a-8e0f-b65ff32620de,2026-05-03T11:45:00Z,2026-05-03T13:45:00+0200,147.63499,MW,FR,FR,forecast_offshore_wind_generation,Wind Offshore,2026-05-26T14:20:23Z
2026-05-26T14:19:27Z,2026-05-26T16:19:27+0200,9d8474b6-9a07-4a7a-8e0f-b65ff32620de,2026-05-03T12:00:00Z,2026-05-03T14:00:00+0200,150.03,MW,FR,FR,forecast_offshore_wind_generation,Wind Offshore,2026-05-26T14:20:23Z
2026-05-26T14:19:27Z,2026-05-26T16:19:27+0200,9d8474b6-9a07-4a7a-8e0f-b65ff32620de,2026-05-03T12:15:00Z,2026-05-03T14:15:00+0200,146.95999,MW,FR,FR,forecast_offshore_wind_generation,Wind Offshore,2026-05-26T14:20:23Z
2026-05-26T14:19:27Z,2026-05-26T16:19:27+0200,9d8474b6-9a07-4a7a-8e0f-b65ff32620de,2026-05-03T12:30:00Z,2026-05-03T14:30:00+0200,173.11002,MW,FR,FR,forecast_offshore_wind_generation,Wind Offshore,2026-05-26T14:20:23Z
2026-05-26T14:19:27Z,2026-05-26T16:19:27+0200,9d8474b6-9a07-4a7a-8e0f-b65ff32620de,2026-05-03T12:45:00Z,2026-05-03T14:45:00+0200,170.425,MW,FR,FR,forecast_offshore_wind_generation,Wind Offshore,2026-05-26T14:20:23Z
2026-05-26T14:19:27Z,2026-05-26T16:19:27+0200,9d8474b6-9a07-4a7a-8e0f-b65ff32620de,2026-05-03T13:00:00Z,2026-05-03T15:00:00+0200,167.73,MW,FR,FR,forecast_offshore_wind_generation,Wind Offshore,2026-05-26T14:20:23Z
2026-05-26T14:19:27Z,2026-05-26T16:19:27+0200,9d8474b6-9a07-4a7a-8e0f-b65ff32620de,2026-05-03T13:15:00Z,2026-05-03T15:15:00+0200,167.76001,MW,FR,FR,forecast_offshore_wind_generation,Wind Offshore,2026-05-26T14:20:23Z
2026-05-26T14:19:27Z,2026-05-26T16:19:27+0200,9d8474b6-9a07-4a7a-8e0f-b65ff32620de,2026-05-03T13:30:00Z,2026-05-03T15:30:00+0200,167.78998,MW,FR,FR,forecast_offshore_wind_generation,Wind Offshore,2026-05-26T14:20:23Z
2026-05-26T14:19:27Z,2026-05-26T16:19:27+0200,9d8474b6-9a07-4a7a-8e0f-b65ff32620de,2026-05-03T13:45:00Z,2026-05-03T15:45:00+0200,167.81999,MW,FR,FR,forecast_offshore_wind_generation,Wind Offshore,2026-05-26T14:20:23Z
2026-05-26T14:19:27Z,2026-05-26T16:19:27+0200,9d8474b6-9a07-4a7a-8e0f-b65ff32620de,2026-05-03T14:00:00Z,2026-05-03T16:00:00+0200,167.84999,MW,FR,FR,forecast_offshore_wind_generation,Wind Offshore,2026-05-26T14:20:23Z
2026-05-26T14:19:27Z,2026-05-26T16:19:27+0200,9d8474b6-9a07-4a7a-8e0f-b65ff32620de,2026-05-03T14:15:00Z,2026-05-03T16:15:00+0200,159.38251,MW,FR,FR,forecast_offshore_wind_generation,Wind Offshore,2026-05-26T14:20:23Z
2026-05-26T14:19:27Z,2026-05-26T16:19:27+0200,9d8474b6-9a07-4a7a-8e0f-b65ff32620de,2026-05-03T14:30:00Z,2026-05-03T16:30:00+0200,150.91501,MW,FR,FR,forecast_offshore_wind_generation,Wind Offshore,2026-05-26T14:20:23Z
2026-05-26T14:19:27Z,2026-05-26T16:19:27+0200,9d8474b6-9a07-4a7a-8e0f-b65ff32620de,2026-05-03T14:45:00Z,2026-05-03T16:45:00+0200,142.44749,MW,FR,FR,forecast_offshore_wind_generation,Wind Offshore,2026-05-26T14:20:23Z
2026-05-26T14:19:27Z,2026-05-26T16:19:27+0200,9d8474b6-9a07-4a7a-8e0f-b65ff32620de,2026-05-03T15:00:00Z,2026-05-03T17:00:00+0200,133.98001,MW,FR,FR,forecast_offshore_wind_generation,Wind Offshore,2026-05-26T14:20:23Z
2026-05-26T14:19:27Z,2026-05-26T16:19:27+0200,9d8474b6-9a07-4a7a-8e0f-b65ff32620de,2026-05-03T15:15:00Z,2026-05-03T17:15:00+0200,124.01,MW,FR,FR,forecast_offshore_wind_generation,Wind Offshore,2026-05-26T14:20:23Z
2026-05-26T14:19:27Z,2026-05-26T16:19:27+0200,9d8474b6-9a07-4a7a-8e0f-b65ff32620de,2026-05-03T15:30:00Z,2026-05-03T17:30:00+0200,114.04,MW,FR,FR,forecast_offshore_wind_generation,Wind Offshore,2026-05-26T14:20:23Z
2026-05-26T14:19:27Z,2026-05-26T16:19:27+0200,9d8474b6-9a07-4a7a-8e0f-b65ff32620de,2026-05-03T15:45:00Z,2026-05-03T17:45:00+0200,104.07001,MW,FR,FR,forecast_offshore_wind_generation,Wind Offshore,2026-05-26T14:20:23Z
2026-05-26T14:19:27Z,2026-05-26T16:19:27+0200,9d8474b6-9a07-4a7a-8e0f-b65ff32620de,2026-05-03T16:00:00Z,2026-05-03T18:00:00+0200,94.1,MW,FR,FR,forecast_offshore_wind_generation,Wind Offshore,2026-05-26T14:20:23Z
2026-05-26T14:19:27Z,2026-05-26T16:19:27+0200,9d8474b6-9a07-4a7a-8e0f-b65ff32620de,2026-05-03T16:15:00Z,2026-05-03T18:15:00+0200,95.35251,MW,FR,FR,forecast_offshore_wind_generation,Wind Offshore,2026-05-26T14:20:23Z
2026-05-26T14:19:27Z,2026-05-26T16:19:27+0200,9d8474b6-9a07-4a7a-8e0f-b65ff32620de,2026-05-03T16:30:00Z,2026-05-03T18:30:00+0200,96.605,MW,FR,FR,forecast_offshore_wind_generation,Wind Offshore,2026-05-26T14:20:23Z
2026-05-26T14:19:27Z,2026-05-26T16:19:27+0200,9d8474b6-9a07-4a7a-8e0f-b65ff32620de,2026-05-03T16:45:00Z,2026-05-03T18:45:00+0200,97.8575,MW,FR,FR,forecast_offshore_wind_generation,Wind Offshore,2026-05-26T14:20:23Z
2026-05-26T14:19:27Z,2026-05-26T16:19:27+0200,9d8474b6-9a07-4a7a-8e0f-b65ff32620de,2026-05-03T17:00:00Z,2026-05-03T19:00:00+0200,99.11,MW,FR,FR,forecast_offshore_wind_generation,Wind Offshore,2026-05-26T14:20:23Z
2026-05-26T14:19:27Z,2026-05-26T16:19:27+0200,9d8474b6-9a07-4a7a-8e0f-b65ff32620de,2026-05-03T17:15:00Z,2026-05-03T19:15:00+0200,102.875,MW,FR,FR,forecast_offshore_wind_generation,Wind Offshore,2026-05-26T14:20:23Z
2026-05-26T14:19:27Z,2026-05-26T16:19:27+0200,9d8474b6-9a07-4a7a-8e0f-b65ff32620de,2026-05-03T17:30:00Z,2026-05-03T19:30:00+0200,106.64,MW,FR,FR,forecast_offshore_wind_generation,Wind Offshore,2026-05-26T14:20:23Z
2026-05-26T14:19:27Z,2026-05-26T16:19:27+0200,9d8474b6-9a07-4a7a-8e0f-b65ff32620de,2026-05-03T17:45:00Z,2026-05-03T19:45:00+0200,110.405,MW,FR,FR,forecast_offshore_wind_generation,Wind Offshore,2026-05-26T14:20:23Z
2026-05-26T14:19:27Z,2026-05-26T16:19:27+0200,9d8474b6-9a07-4a7a-8e0f-b65ff32620de,2026-05-03T18:00:00Z,2026-05-03T20:00:00+0200,114.17,MW,FR,FR,forecast_offshore_wind_generation,Wind Offshore,2026-05-26T14:20:23Z
2026-05-26T14:19:27Z,2026-05-26T16:19:27+0200,9d8474b6-9a07-4a7a-8e0f-b65ff32620de,2026-05-03T18:15:00Z,2026-05-03T20:15:00+0200,111.4,MW,FR,FR,forecast_offshore_wind_generation,Wind Offshore,2026-05-26T14:20:23Z
2026-05-26T14:19:27Z,2026-05-26T16:19:27+0200,9d8474b6-9a07-4a7a-8e0f-b65ff32620de,2026-05-03T18:30:00Z,2026-05-03T20:30:00+0200,108.63,MW,FR,FR,forecast_offshore_wind_generation,Wind Offshore,2026-05-26T14:20:23Z
2026-05-26T14:19:27Z,2026-05-26T16:19:27+0200,9d8474b6-9a07-4a7a-8e0f-b65ff32620de,2026-05-03T18:45:00Z,2026-05-03T20:45:00+0200,105.86001,MW,FR,FR,forecast_offshore_wind_generation,Wind Offshore,2026-05-26T14:20:23Z
2026-05-26T14:19:27Z,2026-05-26T16:19:27+0200,9d8474b6-9a07-4a7a-8e0f-b65ff32620de,2026-05-03T19:00:00Z,2026-05-03T21:00:00+0200,103.09,MW,FR,FR,forecast_offshore_wind_generation,Wind Offshore,2026-05-26T14:20:23Z
2026-05-26T14:19:27Z,2026-05-26T16:19:27+0200,9d8474b6-9a07-4a7a-8e0f-b65ff32620de,2026-05-03T19:15:00Z,2026-05-03T21:15:00+0200,102.505,MW,FR,FR,forecast_offshore_wind_generation,Wind Offshore,2026-05-26T14:20:23Z
2026-05-26T14:19:27Z,2026-05-26T16:19:27+0200,9d8474b6-9a07-4a7a-8e0f-b65ff32620de,2026-05-03T19:30:00Z,2026-05-03T21:30:00+0200,101.92,MW,FR,FR,forecast_offshore_wind_generation,Wind Offshore,2026-05-26T14:20:23Z
2026-05-26T14:19:27Z,2026-05-26T16:19:27+0200,9d8474b6-9a07-4a7a-8e0f-b65ff32620de,2026-05-03T19:45:00Z,2026-05-03T21:45:00+0200,101.33501,MW,FR,FR,forecast_offshore_wind_generation,Wind Offshore,2026-05-26T14:20:23Z
2026-05-26T14:19:27Z,2026-05-26T16:19:27+0200,9d8474b6-9a07-4a7a-8e0f-b65ff32620de,2026-05-03T20:00:00Z,2026-05-03T22:00:00+0200,100.75,MW,FR,FR,forecast_offshore_wind_generation,Wind Offshore,2026-05-26T14:20:23Z
2026-05-26T14:19:27Z,2026-05-26T16:19:27+0200,9d8474b6-9a07-4a7a-8e0f-b65ff32620de,2026-05-03T20:15:00Z,2026-05-03T22:15:00+0200,98.5,MW,FR,FR,forecast_offshore_wind_generation,Wind Offshore,2026-05-26T14:20:23Z
2026-05-26T14:19:27Z,2026-05-26T16:19:27+0200,9d8474b6-9a07-4a7a-8e0f-b65ff32620de,2026-05-03T20:30:00Z,2026-05-03T22:30:00+0200,96.25,MW,FR,FR,forecast_offshore_wind_generation,Wind Offshore,2026-05-26T14:20:23Z
2026-05-26T14:19:27Z,2026-05-26T16:19:27+0200,9d8474b6-9a07-4a7a-8e0f-b65ff32620de,2026-05-03T20:45:00Z,2026-05-03T22:45:00+0200,94.0,MW,FR,FR,forecast_offshore_wind_generation,Wind Offshore,2026-05-26T14:20:23Z
2026-05-26T14:19:27Z,2026-05-26T16:19:27+0200,9d8474b6-9a07-4a7a-8e0f-b65ff32620de,2026-05-03T21:00:00Z,2026-05-03T23:00:00+0200,91.75,MW,FR,FR,forecast_offshore_wind_generation,Wind Offshore,2026-05-26T14:20:23Z
2026-05-26T14:19:27Z,2026-05-26T16:19:27+0200,9d8474b6-9a07-4a7a-8e0f-b65ff32620de,2026-05-03T21:15:00Z,2026-05-03T23:15:00+0200,93.31,MW,FR,FR,forecast_offshore_wind_generation,Wind Offshore,2026-05-26T14:20:23Z
2026-05-26T14:19:27Z,2026-05-26T16:19:27+0200,9d8474b6-9a07-4a7a-8e0f-b65ff32620de,2026-05-03T21:30:00Z,2026-05-03T23:30:00+0200,94.87001,MW,FR,FR,forecast_offshore_wind_generation,Wind Offshore,2026-05-26T14:20:23Z
2026-05-26T14:19:27Z,2026-05-26T16:19:27+0200,9d8474b6-9a07-4a7a-8e0f-b65ff32620de,2026-05-03T21:45:00Z,2026-05-03T23:45:00+0200,96.43001,MW,FR,FR,forecast_offshore_wind_generation,Wind Offshore,2026-05-26T14:20:23Z
2026-05-26T14:19:27Z,2026-05-26T16:19:27+0200,9d8474b6-9a07-4a7a-8e0f-b65ff32620de,2026-05-03T22:00:00Z,2026-05-04T00:00:00+0200,67.8,MW,FR,FR,forecast_offshore_wind_generation,Wind Offshore,2026-05-26T14:20:23Z
2026-05-26T14:19:27Z,2026-05-26T16:19:27+0200,9d8474b6-9a07-4a7a-8e0f-b65ff32620de,2026-05-03T22:15:00Z,2026-05-04T00:15:00+0200,67.85249,MW,FR,FR,forecast_offshore_wind_generation,Wind Offshore,2026-05-26T14:20:23Z
2026-05-26T14:19:27Z,2026-05-26T16:19:27+0200,9d8474b6-9a07-4a7a-8e0f-b65ff32620de,2026-05-03T22:30:00Z,2026-05-04T00:30:00+0200,67.905,MW,FR,FR,forecast_offshore_wind_generation,Wind Offshore,2026-05-26T14:20:23Z
2026-05-26T14:19:27Z,2026-05-26T16:19:27+0200,9d8474b6-9a07-4a7a-8e0f-b65ff32620de,2026-05-03T22:45:00Z,2026-05-04T00:45:00+0200,67.9575,MW,FR,FR,forecast_offshore_wind_generation,Wind Offshore,2026-05-26T14:20:23Z
2026-05-26T14:19:27Z,2026-05-26T16:19:27+0200,9d8474b6-9a07-4a7a-8e0f-b65ff32620de,2026-05-03T23:00:00Z,2026-05-04T01:00:00+0200,68.01,MW,FR,FR,forecast_offshore_wind_generation,Wind Offshore,2026-05-26T14:20:23Z
2026-05-26T14:19:27Z,2026-05-26T16:19:27+0200,9d8474b6-9a07-4a7a-8e0f-b65ff32620de,2026-05-03T23:15:00Z,2026-05-04T01:15:00+0200,68.285,MW,FR,FR,forecast_offshore_wind_generation,Wind Offshore,2026-05-26T14:20:23Z
2026-05-26T14:19:27Z,2026-05-26T16:19:27+0200,9d8474b6-9a07-4a7a-8e0f-b65ff32620de,2026-05-03T23:30:00Z,2026-05-04T01:30:00+0200,68.56,MW,FR,FR,forecast_offshore_wind_generation,Wind Offshore,2026-05-26T14:20:23Z
2026-05-26T14:19:27Z,2026-05-26T16:19:27+0200,9d8474b6-9a07-4a7a-8e0f-b65ff32620de,2026-05-03T23:45:00Z,2026-05-04T01:45:00+0200,68.835,MW,FR,FR,forecast_offshore_wind_generation,Wind Offshore,2026-05-26T14:20:23Z
2026-05-26T14:19:27Z,2026-05-26T16:19:27+0200,9d8474b6-9a07-4a7a-8e0f-b65ff32620de,2026-05-04T00:00:00Z,2026-05-04T02:00:00+0200,69.11,MW,FR,FR,forecast_offshore_wind_generation,Wind Offshore,2026-05-26T14:20:23Z
2026-05-26T14:19:27Z,2026-05-26T16:19:27+0200,9d8474b6-9a07-4a7a-8e0f-b65ff32620de,2026-05-04T00:15:00Z,2026-05-04T02:15:00+0200,67.505,MW,FR,FR,forecast_offshore_wind_generation,Wind Offshore,2026-05-26T14:20:23Z
2026-05-26T14:19:27Z,2026-05-26T16:19:27+0200,9d8474b6-9a07-4a7a-8e0f-b65ff32620de,2026-05-04T00:30:00Z,2026-05-04T02:30:00+0200,65.9,MW,FR,FR,forecast_offshore_wind_generation,Wind Offshore,2026-05-26T14:20:23Z
2026-05-26T14:19:27Z,2026-05-26T16:19:27+0200,9d8474b6-9a07-4a7a-8e0f-b65ff32620de,2026-05-04T00:45:00Z,2026-05-04T02:45:00+0200,64.295,MW,FR,FR,forecast_offshore_wind_generation,Wind Offshore,2026-05-26T14:20:23Z
2026-05-26T14:19:27Z,2026-05-26T16:19:27+0200,9d8474b6-9a07-4a7a-8e0f-b65ff32620de,2026-05-04T01:00:00Z,2026-05-04T03:00:00+0200,62.69,MW,FR,FR,forecast_offshore_wind_generation,Wind Offshore,2026-05-26T14:20:23Z
2026-05-26T14:19:27Z,2026-05-26T16:19:27+0200,9d8474b6-9a07-4a7a-8e0f-b65ff32620de,2026-05-04T01:15:00Z,2026-05-04T03:15:00+0200,61.46749,MW,FR,FR,forecast_offshore_wind_generation,Wind Offshore,2026-05-26T14:20:23Z
2026-05-26T14:19:27Z,2026-05-26T16:19:27+0200,9d8474b6-9a07-4a7a-8e0f-b65ff32620de,2026-05-04T01:30:00Z,2026-05-04T03:30:00+0200,60.245,MW,FR,FR,forecast_offshore_wind_generation,Wind Offshore,2026-05-26T14:20:23Z
2026-05-26T14:19:27Z,2026-05-26T16:19:27+0200,9d8474b6-9a07-4a7a-8e0f-b65ff32620de,2026-05-04T01:45:00Z,2026-05-04T03:45:00+0200,59.0225,MW,FR,FR,forecast_offshore_wind_generation,Wind Offshore,2026-05-26T14:20:23Z
2026-05-26T14:19:27Z,2026-05-26T16:19:27+0200,9d8474b6-9a07-4a7a-8e0f-b65ff32620de,2026-05-04T02:00:00Z,2026-05-04T04:00:00+0200,57.8,MW,FR,FR,forecast_offshore_wind_generation,Wind Offshore,2026-05-26T14:20:23Z
2026-05-26T14:19:27Z,2026-05-26T16:19:27+0200,9d8474b6-9a07-4a7a-8e0f-b65ff32620de,2026-05-04T02:15:00Z,2026-05-04T04:15:00+0200,59.1925,MW,FR,FR,forecast_offshore_wind_generation,Wind Offshore,2026-05-26T14:20:23Z
2026-05-26T14:19:27Z,2026-05-26T16:19:27+0200,9d8474b6-9a07-4a7a-8e0f-b65ff32620de,2026-05-04T02:30:00Z,2026-05-04T04:30:00+0200,60.585,MW,FR,FR,forecast_offshore_wind_generation,Wind Offshore,2026-05-26T14:20:23Z
2026-05-26T14:19:27Z,2026-05-26T16:19:27+0200,9d8474b6-9a07-4a7a-8e0f-b65ff32620de,2026-05-04T02:45:00Z,2026-05-04T04:45:00+0200,61.9775,MW,FR,FR,forecast_offshore_wind_generation,Wind Offshore,2026-05-26T14:20:23Z
2026-05-26T14:19:27Z,2026-05-26T16:19:27+0200,9d8474b6-9a07-4a7a-8e0f-b65ff32620de,2026-05-04T03:00:00Z,2026-05-04T05:00:00+0200,63.37,MW,FR,FR,forecast_offshore_wind_generation,Wind Offshore,2026-05-26T14:20:23Z
2026-05-26T14:19:27Z,2026-05-26T16:19:27+0200,9d8474b6-9a07-4a7a-8e0f-b65ff32620de,2026-05-04T03:15:00Z,2026-05-04T05:15:00+0200,64.745,MW,FR,FR,forecast_offshore_wind_generation,Wind Offshore,2026-05-26T14:20:23Z
2026-05-26T14:19:27Z,2026-05-26T16:19:27+0200,9d8474b6-9a07-4a7a-8e0f-b65ff32620de,2026-05-04T03:30:00Z,2026-05-04T05:30:00+0200,66.12,MW,FR,FR,forecast_offshore_wind_generation,Wind Offshore,2026-05-26T14:20:23Z
2026-05-26T14:19:27Z,2026-05-26T16:19:27+0200,9d8474b6-9a07-4a7a-8e0f-b65ff32620de,2026-05-04T03:45:00Z,2026-05-04T05:45:00+0200,67.495,MW,FR,FR,forecast_offshore_wind_generation,Wind Offshore,2026-05-26T14:20:23Z
2026-05-26T14:19:27Z,2026-05-26T16:19:27+0200,9d8474b6-9a07-4a7a-8e0f-b65ff32620de,2026-05-04T04:00:00Z,2026-05-04T06:00:00+0200,68.87,MW,FR,FR,forecast_offshore_wind_generation,Wind Offshore,2026-05-26T14:20:23Z
2026-05-26T14:19:27Z,2026-05-26T16:19:27+0200,9d8474b6-9a07-4a7a-8e0f-b65ff32620de,2026-05-04T04:15:00Z,2026-05-04T06:15:00+0200,67.9875,MW,FR,FR,forecast_offshore_wind_generation,Wind Offshore,2026-05-26T14:20:23Z
2026-05-26T14:19:27Z,2026-05-26T16:19:27+0200,9d8474b6-9a07-4a7a-8e0f-b65ff32620de,2026-05-04T04:30:00Z,2026-05-04T06:30:00+0200,67.105,MW,FR,FR,forecast_offshore_wind_generation,Wind Offshore,2026-05-26T14:20:23Z
2026-05-26T14:19:27Z,2026-05-26T16:19:27+0200,9d8474b6-9a07-4a7a-8e0f-b65ff32620de,2026-05-04T04:45:00Z,2026-05-04T06:45:00+0200,66.2225,MW,FR,FR,forecast_offshore_wind_generation,Wind Offshore,2026-05-26T14:20:23Z
2026-05-26T14:19:27Z,2026-05-26T16:19:27+0200,9d8474b6-9a07-4a7a-8e0f-b65ff32620de,2026-05-04T05:00:00Z,2026-05-04T07:00:00+0200,65.34,MW,FR,FR,forecast_offshore_wind_generation,Wind Offshore,2026-05-26T14:20:23Z
2026-05-26T14:19:27Z,2026-05-26T16:19:27+0200,9d8474b6-9a07-4a7a-8e0f-b65ff32620de,2026-05-04T05:15:00Z,2026-05-04T07:15:00+0200,65.53,MW,FR,FR,forecast_offshore_wind_generation,Wind Offshore,2026-05-26T14:20:23Z
2026-05-26T14:19:27Z,2026-05-26T16:19:27+0200,9d8474b6-9a07-4a7a-8e0f-b65ff32620de,2026-05-04T05:30:00Z,2026-05-04T07:30:00+0200,65.72,MW,FR,FR,forecast_offshore_wind_generation,Wind Offshore,2026-05-26T14:20:23Z
2026-05-26T14:19:27Z,2026-05-26T16:19:27+0200,9d8474b6-9a07-4a7a-8e0f-b65ff32620de,2026-05-04T05:45:00Z,2026-05-04T07:45:00+0200,65.91,MW,FR,FR,forecast_offshore_wind_generation,Wind Offshore,2026-05-26T14:20:23Z
2026-05-26T14:19:27Z,2026-05-26T16:19:27+0200,9d8474b6-9a07-4a7a-8e0f-b65ff32620de,2026-05-04T06:00:00Z,2026-05-04T08:00:00+0200,66.1,MW,FR,FR,forecast_offshore_wind_generation,Wind Offshore,2026-05-26T14:20:23Z
2026-05-26T14:19:27Z,2026-05-26T16:19:27+0200,9d8474b6-9a07-4a7a-8e0f-b65ff32620de,2026-05-04T06:15:00Z,2026-05-04T08:15:00+0200,65.425,MW,FR,FR,forecast_offshore_wind_generation,Wind Offshore,2026-05-26T14:20:23Z
2026-05-26T14:19:27Z,2026-05-26T16:19:27+0200,9d8474b6-9a07-4a7a-8e0f-b65ff32620de,2026-05-04T06:30:00Z,2026-05-04T08:30:00+0200,64.75,MW,FR,FR,forecast_offshore_wind_generation,Wind Offshore,2026-05-26T14:20:23Z
2026-05-26T14:19:27Z,2026-05-26T16:19:27+0200,9d8474b6-9a07-4a7a-8e0f-b65ff32620de,2026-05-04T06:45:00Z,2026-05-04T08:45:00+0200,64.075,MW,FR,FR,forecast_offshore_wind_generation,Wind Offshore,2026-05-26T14:20:23Z
2026-05-26T14:19:27Z,2026-05-26T16:19:27+0200,9d8474b6-9a07-4a7a-8e0f-b65ff32620de,2026-05-04T07:00:00Z,2026-05-04T09:00:00+0200,63.4,MW,FR,FR,forecast_offshore_wind_generation,Wind Offshore,2026-05-26T14:20:23Z
2026-05-26T14:19:27Z,2026-05-26T16:19:27+0200,9d8474b6-9a07-4a7a-8e0f-b65ff32620de,2026-05-04T07:15:00Z,2026-05-04T09:15:00+0200,63.68,MW,FR,FR,forecast_offshore_wind_generation,Wind Offshore,2026-05-26T14:20:23Z
2026-05-26T14:19:27Z,2026-05-26T16:19:27+0200,9d8474b6-9a07-4a7a-8e0f-b65ff32620de,2026-05-04T07:30:00Z,2026-05-04T09:30:00+0200,63.96,MW,FR,FR,forecast_offshore_wind_generation,Wind Offshore,2026-05-26T14:20:23Z
2026-05-26T14:19:27Z,2026-05-26T16:19:27+0200,9d8474b6-9a07-4a7a-8e0f-b65ff32620de,2026-05-04T07:45:00Z,2026-05-04T09:45:00+0200,64.24,MW,FR,FR,forecast_offshore_wind_generation,Wind Offshore,2026-05-26T14:20:23Z
2026-05-26T14:19:27Z,2026-05-26T16:19:27+0200,9d8474b6-9a07-4a7a-8e0f-b65ff32620de,2026-05-04T08:00:00Z,2026-05-04T10:00:00+0200,64.52,MW,FR,FR,forecast_offshore_wind_generation,Wind Offshore,2026-05-26T14:20:23Z
2026-05-26T14:19:27Z,2026-05-26T16:19:27+0200,9d8474b6-9a07-4a7a-8e0f-b65ff32620de,2026-05-04T08:15:00Z,2026-05-04T10:15:00+0200,65.135,MW,FR,FR,forecast_offshore_wind_generation,Wind Offshore,2026-05-26T14:20:23Z
2026-05-26T14:19:27Z,2026-05-26T16:19:27+0200,9d8474b6-9a07-4a7a-8e0f-b65ff32620de,2026-05-04T08:30:00Z,2026-05-04T10:30:00+0200,65.75,MW,FR,FR,forecast_offshore_wind_generation,Wind Offshore,2026-05-26T14:20:23Z
2026-05-26T14:19:27Z,2026-05-26T16:19:27+0200,9d8474b6-9a07-4a7a-8e0f-b65ff32620de,2026-05-04T08:45:00Z,2026-05-04T10:45:00+0200,66.365,MW,FR,FR,forecast_offshore_wind_generation,Wind Offshore,2026-05-26T14:20:23Z
2026-05-26T14:19:27Z,2026-05-26T16:19:27+0200,9d8474b6-9a07-4a7a-8e0f-b65ff32620de,2026-05-04T09:00:00Z,2026-05-04T11:00:00+0200,66.98,MW,FR,FR,forecast_offshore_wind_generation,Wind Offshore,2026-05-26T14:20:23Z
2026-05-26T14:19:27Z,2026-05-26T16:19:27+0200,9d8474b6-9a07-4a7a-8e0f-b65ff32620de,2026-05-04T09:15:00Z,2026-05-04T11:15:00+0200,64.8225,MW,FR,FR,forecast_offshore_wind_generation,Wind Offshore,2026-05-26T14:20:23Z
2026-05-26T14:19:27Z,2026-05-26T16:19:27+0200,9d8474b6-9a07-4a7a-8e0f-b65ff32620de,2026-05-04T09:30:00Z,2026-05-04T11:30:00+0200,62.665,MW,FR,FR,forecast_offshore_wind_generation,Wind Offshore,2026-05-26T14:20:23Z
2026-05-26T14:19:27Z,2026-05-26T16:19:27+0200,9d8474b6-9a07-4a7a-8e0f-b65ff32620de,2026-05-04T09:45:00Z,2026-05-04T11:45:00+0200,60.5075,MW,FR,FR,forecast_offshore_wind_generation,Wind Offshore,2026-05-26T14:20:23Z
2026-05-26T14:19:27Z,2026-05-26T16:19:27+0200,9d8474b6-9a07-4a7a-8e0f-b65ff32620de,2026-05-04T10:00:00Z,2026-05-04T12:00:00+0200,58.35,MW,FR,FR,forecast_offshore_wind_generation,Wind Offshore,2026-05-26T14:20:23Z
2026-05-26T14:19:27Z,2026-05-26T16:19:27+0200,9d8474b6-9a07-4a7a-8e0f-b65ff32620de,2026-05-04T10:15:00Z,2026-05-04T12:15:00+0200,58.0,MW,FR,FR,forecast_offshore_wind_generation,Wind Offshore,2026-05-26T14:20:23Z
2026-05-26T14:19:27Z,2026-05-26T16:19:27+0200,9d8474b6-9a07-4a7a-8e0f-b65ff32620de,2026-05-04T10:30:00Z,2026-05-04T12:30:00+0200,57.65,MW,FR,FR,forecast_offshore_wind_generation,Wind Offshore,2026-05-26T14:20:23Z
2026-05-26T14:19:27Z,2026-05-26T16:19:27+0200,9d8474b6-9a07-4a7a-8e0f-b65ff32620de,2026-05-04T10:45:00Z,2026-05-04T12:45:00+0200,57.3,MW,FR,FR,forecast_offshore_wind_generation,Wind Offshore,2026-05-26T14:20:23Z
2026-05-26T14:19:27Z,2026-05-26T16:19:27+0200,9d8474b6-9a07-4a7a-8e0f-b65ff32620de,2026-05-04T11:00:00Z,2026-05-04T13:00:00+0200,56.95,MW,FR,FR,forecast_offshore_wind_generation,Wind Offshore,2026-05-26T14:20:23Z
2026-05-26T14:19:27Z,2026-05-26T16:19:27+0200,9d8474b6-9a07-4a7a-8e0f-b65ff32620de,2026-05-04T11:15:00Z,2026-05-04T13:15:00+0200,59.72,MW,FR,FR,forecast_offshore_wind_generation,Wind Offshore,2026-05-26T14:20:23Z
2026-05-26T14:19:27Z,2026-05-26T16:19:27+0200,9d8474b6-9a07-4a7a-8e0f-b65ff32620de,2026-05-04T11:30:00Z,2026-05-04T13:30:00+0200,62.49,MW,FR,FR,forecast_offshore_wind_generation,Wind Offshore,2026-05-26T14:20:23Z
2026-05-26T14:19:27Z,2026-05-26T16:19:27+0200,9d8474b6-9a07-4a7a-8e0f-b65ff32620de,2026-05-04T11:45:00Z,2026-05-04T13:45:00+0200,65.26,MW,FR,FR,forecast_offshore_wind_generation,Wind Offshore,2026-05-26T14:20:23Z
2026-05-26T14:19:27Z,2026-05-26T16:19:27+0200,9d8474b6-9a07-4a7a-8e0f-b65ff32620de,2026-05-04T12:00:00Z,2026-05-04T14:00:00+0200,68.03,MW,FR,FR,forecast_offshore_wind_generation,Wind Offshore,2026-05-26T14:20:23Z
2026-05-26T14:19:27Z,2026-05-26T16:19:27+0200,9d8474b6-9a07-4a7a-8e0f-b65ff32620de,2026-05-04T12:15:00Z,2026-05-04T14:15:00+0200,78.42001,MW,FR,FR,forecast_offshore_wind_generation,Wind Offshore,2026-05-26T14:20:23Z
2026-05-26T14:19:27Z,2026-05-26T16:19:27+0200,9d8474b6-9a07-4a7a-8e0f-b65ff32620de,2026-05-04T12:30:00Z,2026-05-04T14:30:00+0200,88.81,MW,FR,FR,forecast_offshore_wind_generation,Wind Offshore,2026-05-26T14:20:23Z
2026-05-26T14:19:27Z,2026-05-26T16:19:27+0200,9d8474b6-9a07-4a7a-8e0f-b65ff32620de,2026-05-04T12:45:00Z,2026-05-04T14:45:00+0200,99.2,MW,FR,FR,forecast_offshore_wind_generation,Wind Offshore,2026-05-26T14:20:23Z
2026-05-26T14:19:27Z,2026-05-26T16:19:27+0200,9d8474b6-9a07-4a7a-8e0f-b65ff32620de,2026-05-04T13:00:00Z,2026-05-04T15:00:00+0200,109.59,MW,FR,FR,forecast_offshore_wind_generation,Wind Offshore,2026-05-26T14:20:23Z
2026-05-26T14:19:27Z,2026-05-26T16:19:27+0200,9d8474b6-9a07-4a7a-8e0f-b65ff32620de,2026-05-04T13:15:00Z,2026-05-04T15:15:00+0200,126.19501,MW,FR,FR,forecast_offshore_wind_generation,Wind Offshore,2026-05-26T14:20:23Z
2026-05-26T14:19:27Z,2026-05-26T16:19:27+0200,9d8474b6-9a07-4a7a-8e0f-b65ff32620de,2026-05-04T13:30:00Z,2026-05-04T15:30:00+0200,142.80002,MW,FR,FR,forecast_offshore_wind_generation,Wind Offshore,2026-05-26T14:20:23Z
2026-05-26T14:19:27Z,2026-05-26T16:19:27+0200,9d8474b6-9a07-4a7a-8e0f-b65ff32620de,2026-05-04T13:45:00Z,2026-05-04T15:45:00+0200,159.405,MW,FR,FR,forecast_offshore_wind_generation,Wind Offshore,2026-05-26T14:20:23Z
2026-05-26T14:19:27Z,2026-05-26T16:19:27+0200,9d8474b6-9a07-4a7a-8e0f-b65ff32620de,2026-05-04T14:00:00Z,2026-05-04T16:00:00+0200,176.01001,MW,FR,FR,forecast_offshore_wind_generation,Wind Offshore,2026-05-26T14:20:23Z
2026-05-26T14:19:27Z,2026-05-26T16:19:27+0200,9d8474b6-9a07-4a7a-8e0f-b65ff32620de,2026-05-04T14:15:00Z,2026-05-04T16:15:00+0200,194.8625,MW,FR,FR,forecast_offshore_wind_generation,Wind Offshore,2026-05-26T14:20:23Z
2026-05-26T14:19:27Z,2026-05-26T16:19:27+0200,9d8474b6-9a07-4a7a-8e0f-b65ff32620de,2026-05-04T14:30:00Z,2026-05-04T16:30:00+0200,213.715,MW,FR,FR,forecast_offshore_wind_generation,Wind Offshore,2026-05-26T14:20:23Z
2026-05-26T14:19:27Z,2026-05-26T16:19:27+0200,9d8474b6-9a07-4a7a-8e0f-b65ff32620de,2026-05-04T14:45:00Z,2026-05-04T16:45:00+0200,232.5675,MW,FR,FR,forecast_offshore_wind_generation,Wind Offshore,2026-05-26T14:20:23Z
2026-05-26T14:19:27Z,2026-05-26T16:19:27+0200,9d8474b6-9a07-4a7a-8e0f-b65ff32620de,2026-05-04T15:00:00Z,2026-05-04T17:00:00+0200,251.42001,MW,FR,FR,forecast_offshore_wind_generation,Wind Offshore,2026-05-26T14:20:23Z
2026-05-26T14:19:27Z,2026-05-26T16:19:27+0200,9d8474b6-9a07-4a7a-8e0f-b65ff32620de,2026-05-04T15:15:00Z,2026-05-04T17:15:00+0200,271.14999,MW,FR,FR,forecast_offshore_wind_generation,Wind Offshore,2026-05-26T14:20:23Z
2026-05-26T14:19:27Z,2026-05-26T16:19:27+0200,9d8474b6-9a07-4a7a-8e0f-b65ff32620de,2026-05-04T15:30:00Z,2026-05-04T17:30:00+0200,290.88,MW,FR,FR,forecast_offshore_wind_generation,Wind Offshore,2026-05-26T14:20:23Z
2026-05-26T14:19:27Z,2026-05-26T16:19:27+0200,9d8474b6-9a07-4a7a-8e0f-b65ff32620de,2026-05-04T15:45:00Z,2026-05-04T17:45:00+0200,310.60999,MW,FR,FR,forecast_offshore_wind_generation,Wind Offshore,2026-05-26T14:20:23Z
2026-05-26T14:19:27Z,2026-05-26T16:19:27+0200,9d8474b6-9a07-4a7a-8e0f-b65ff32620de,2026-05-04T16:00:00Z,2026-05-04T18:00:00+0200,330.34003,MW,FR,FR,forecast_offshore_wind_generation,Wind Offshore,2026-05-26T14:20:23Z
2026-05-26T14:19:27Z,2026-05-26T16:19:27+0200,9d8474b6-9a07-4a7a-8e0f-b65ff32620de,2026-05-04T16:15:00Z,2026-05-04T18:15:00+0200,351.065,MW,FR,FR,forecast_offshore_wind_generation,Wind Offshore,2026-05-26T14:20:23Z
2026-05-26T14:19:27Z,2026-05-26T16:19:27+0200,9d8474b6-9a07-4a7a-8e0f-b65ff32620de,2026-05-04T16:30:00Z,2026-05-04T18:30:00+0200,371.79001,MW,FR,FR,forecast_offshore_wind_generation,Wind Offshore,2026-05-26T14:20:23Z
2026-05-26T14:19:27Z,2026-05-26T16:19:27+0200,9d8474b6-9a07-4a7a-8e0f-b65ff32620de,2026-05-04T16:45:00Z,2026-05-04T18:45:00+0200,392.51501,MW,FR,FR,forecast_offshore_wind_generation,Wind Offshore,2026-05-26T14:20:23Z
2026-05-26T14:19:27Z,2026-05-26T16:19:27+0200,9d8474b6-9a07-4a7a-8e0f-b65ff32620de,2026-05-04T17:00:00Z,2026-05-04T19:00:00+0200,413.24002,MW,FR,FR,forecast_offshore_wind_generation,Wind Offshore,2026-05-26T14:20:23Z
2026-05-26T14:19:27Z,2026-05-26T16:19:27+0200,9d8474b6-9a07-4a7a-8e0f-b65ff32620de,2026-05-04T17:15:00Z,2026-05-04T19:15:00+0200,426.39001,MW,FR,FR,forecast_offshore_wind_generation,Wind Offshore,2026-05-26T14:20:23Z
2026-05-26T14:19:27Z,2026-05-26T16:19:27+0200,9d8474b6-9a07-4a7a-8e0f-b65ff32620de,2026-05-04T17:30:00Z,2026-05-04T19:30:00+0200,439.53998,MW,FR,FR,forecast_offshore_wind_generation,Wind Offshore,2026-05-26T14:20:23Z
2026-05-26T14:19:27Z,2026-05-26T16:19:27+0200,9d8474b6-9a07-4a7a-8e0f-b65ff32620de,2026-05-04T17:45:00Z,2026-05-04T19:45:00+0200,452.69,MW,FR,FR,forecast_offshore_wind_generation,Wind Offshore,2026-05-26T14:20:23Z
2026-05-26T14:19:27Z,2026-05-26T16:19:27+0200,9d8474b6-9a07-4a7a-8e0f-b65ff32620de,2026-05-04T18:00:00Z,2026-05-04T20:00:00+0200,465.84,MW,FR,FR,forecast_offshore_wind_generation,Wind Offshore,2026-05-26T14:20:23Z
2026-05-26T14:19:27Z,2026-05-26T16:19:27+0200,9d8474b6-9a07-4a7a-8e0f-b65ff32620de,2026-05-04T18:15:00Z,2026-05-04T20:15:00+0200,459.39999,MW,FR,FR,forecast_offshore_wind_generation,Wind Offshore,2026-05-26T14:20:23Z
2026-05-26T14:19:27Z,2026-05-26T16:19:27+0200,9d8474b6-9a07-4a7a-8e0f-b65ff32620de,2026-05-04T18:30:00Z,2026-05-04T20:30:00+0200,452.96002,MW,FR,FR,forecast_offshore_wind_generation,Wind Offshore,2026-05-26T14:20:23Z
2026-05-26T14:19:27Z,2026-05-26T16:19:27+0200,9d8474b6-9a07-4a7a-8e0f-b65ff32620de,2026-05-04T18:45:00Z,2026-05-04T20:45:00+0200,446.51999,MW,FR,FR,forecast_offshore_wind_generation,Wind Offshore,2026-05-26T14:20:23Z
2026-05-26T14:19:27Z,2026-05-26T16:19:27+0200,9d8474b6-9a07-4a7a-8e0f-b65ff32620de,2026-05-04T19:00:00Z,2026-05-04T21:00:00+0200,440.08002,MW,FR,FR,forecast_offshore_wind_generation,Wind Offshore,2026-05-26T14:20:23Z
2026-05-26T14:19:27Z,2026-05-26T16:19:27+0200,9d8474b6-9a07-4a7a-8e0f-b65ff32620de,2026-05-04T19:15:00Z,2026-05-04T21:15:00+0200,430.67499,MW,FR,FR,forecast_offshore_wind_generation,Wind Offshore,2026-05-26T14:20:23Z
2026-05-26T14:19:27Z,2026-05-26T16:19:27+0200,9d8474b6-9a07-4a7a-8e0f-b65ff32620de,2026-05-04T19:30:00Z,2026-05-04T21:30:00+0200,421.26999,MW,FR,FR,forecast_offshore_wind_generation,Wind Offshore,2026-05-26T14:20:23Z
2026-05-26T14:19:27Z,2026-05-26T16:19:27+0200,9d8474b6-9a07-4a7a-8e0f-b65ff32620de,2026-05-04T19:45:00Z,2026-05-04T21:45:00+0200,411.86499,MW,FR,FR,forecast_offshore_wind_generation,Wind Offshore,2026-05-26T14:20:23Z
2026-05-26T14:19:27Z,2026-05-26T16:19:27+0200,9d8474b6-9a07-4a7a-8e0f-b65ff32620de,2026-05-04T20:00:00Z,2026-05-04T22:00:00+0200,402.45999,MW,FR,FR,forecast_offshore_wind_generation,Wind Offshore,2026-05-26T14:20:23Z
2026-05-26T14:19:27Z,2026-05-26T16:19:27+0200,9d8474b6-9a07-4a7a-8e0f-b65ff32620de,2026-05-04T20:15:00Z,2026-05-04T22:15:00+0200,385.81,MW,FR,FR,forecast_offshore_wind_generation,Wind Offshore,2026-05-26T14:20:23Z
2026-05-26T14:19:27Z,2026-05-26T16:19:27+0200,9d8474b6-9a07-4a7a-8e0f-b65ff32620de,2026-05-04T20:30:00Z,2026-05-04T22:30:00+0200,369.16,MW,FR,FR,forecast_offshore_wind_generation,Wind Offshore,2026-05-26T14:20:23Z
2026-05-26T14:19:27Z,2026-05-26T16:19:27+0200,9d8474b6-9a07-4a7a-8e0f-b65ff32620de,2026-05-04T20:45:00Z,2026-05-04T22:45:00+0200,352.51001,MW,FR,FR,forecast_offshore_wind_generation,Wind Offshore,2026-05-26T14:20:23Z
2026-05-26T14:19:27Z,2026-05-26T16:19:27+0200,9d8474b6-9a07-4a7a-8e0f-b65ff32620de,2026-05-04T21:00:00Z,2026-05-04T23:00:00+0200,335.86002,MW,FR,FR,forecast_offshore_wind_generation,Wind Offshore,2026-05-26T14:20:23Z
2026-05-26T14:19:27Z,2026-05-26T16:19:27+0200,9d8474b6-9a07-4a7a-8e0f-b65ff32620de,2026-05-04T21:15:00Z,2026-05-04T23:15:00+0200,336.20502,MW,FR,FR,forecast_offshore_wind_generation,Wind Offshore,2026-05-26T14:20:23Z
2026-05-26T14:19:27Z,2026-05-26T16:19:27+0200,9d8474b6-9a07-4a7a-8e0f-b65ff32620de,2026-05-04T21:30:00Z,2026-05-04T23:30:00+0200,336.55002,MW,FR,FR,forecast_offshore_wind_generation,Wind Offshore,2026-05-26T14:20:23Z
2026-05-26T14:19:27Z,2026-05-26T16:19:27+0200,9d8474b6-9a07-4a7a-8e0f-b65ff32620de,2026-05-04T21:45:00Z,2026-05-04T23:45:00+0200,336.89499,MW,FR,FR,forecast_offshore_wind_generation,Wind Offshore,2026-05-26T14:20:23Z
2026-05-26T14:19:27Z,2026-05-26T16:19:27+0200,9d8474b6-9a07-4a7a-8e0f-b65ff32620de,2026-05-04T22:00:00Z,2026-05-05T00:00:00+0200,371.51001,MW,FR,FR,forecast_offshore_wind_generation,Wind Offshore,2026-05-26T14:20:23Z
2026-05-26T14:19:27Z,2026-05-26T16:19:27+0200,9d8474b6-9a07-4a7a-8e0f-b65ff32620de,2026-05-04T22:15:00Z,2026-05-05T00:15:00+0200,383.04752,MW,FR,FR,forecast_offshore_wind_generation,Wind Offshore,2026-05-26T14:20:23Z
2026-05-26T14:19:27Z,2026-05-26T16:19:27+0200,9d8474b6-9a07-4a7a-8e0f-b65ff32620de,2026-05-04T22:30:00Z,2026-05-05T00:30:00+0200,394.58499,MW,FR,FR,forecast_offshore_wind_generation,Wind Offshore,2026-05-26T14:20:23Z
2026-05-26T14:19:27Z,2026-05-26T16:19:27+0200,9d8474b6-9a07-4a7a-8e0f-b65ff32620de,2026-05-04T22:45:00Z,2026-05-05T00:45:00+0200,406.1225,MW,FR,FR,forecast_offshore_wind_generation,Wind Offshore,2026-05-26T14:20:23Z
2026-05-26T14:19:27Z,2026-05-26T16:19:27+0200,9d8474b6-9a07-4a7a-8e0f-b65ff32620de,2026-05-04T23:00:00Z,2026-05-05T01:00:00+0200,417.66,MW,FR,FR,forecast_offshore_wind_generation,Wind Offshore,2026-05-26T14:20:23Z
2026-05-26T14:19:27Z,2026-05-26T16:19:27+0200,9d8474b6-9a07-4a7a-8e0f-b65ff32620de,2026-05-04T23:15:00Z,2026-05-05T01:15:00+0200,420.13,MW,FR,FR,forecast_offshore_wind_generation,Wind Offshore,2026-05-26T14:20:23Z
2026-05-26T14:19:27Z,2026-05-26T16:19:27+0200,9d8474b6-9a07-4a7a-8e0f-b65ff32620de,2026-05-04T23:30:00Z,2026-05-05T01:30:00+0200,422.59998,MW,FR,FR,forecast_offshore_wind_generation,Wind Offshore,2026-05-26T14:20:23Z
2026-05-26T14:19:27Z,2026-05-26T16:19:27+0200,9d8474b6-9a07-4a7a-8e0f-b65ff32620de,2026-05-04T23:45:00Z,2026-05-05T01:45:00+0200,425.07001,MW,FR,FR,forecast_offshore_wind_generation,Wind Offshore,2026-05-26T14:20:23Z
2026-05-26T14:19:27Z,2026-05-26T16:19:27+0200,9d8474b6-9a07-4a7a-8e0f-b65ff32620de,2026-05-05T00:00:00Z,2026-05-05T02:00:00+0200,427.54001,MW,FR,FR,forecast_offshore_wind_generation,Wind Offshore,2026-05-26T14:20:23Z
2026-05-26T14:19:27Z,2026-05-26T16:19:27+0200,9d8474b6-9a07-4a7a-8e0f-b65ff32620de,2026-05-05T00:15:00Z,2026-05-05T02:15:00+0200,431.01999,MW,FR,FR,forecast_offshore_wind_generation,Wind Offshore,2026-05-26T14:20:23Z
2026-05-26T14:19:27Z,2026-05-26T16:19:27+0200,9d8474b6-9a07-4a7a-8e0f-b65ff32620de,2026-05-05T00:30:00Z,2026-05-05T02:30:00+0200,434.5,MW,FR,FR,forecast_offshore_wind_generation,Wind Offshore,2026-05-26T14:20:23Z
2026-05-26T14:19:27Z,2026-05-26T16:19:27+0200,9d8474b6-9a07-4a7a-8e0f-b65ff32620de,2026-05-05T00:45:00Z,2026-05-05T02:45:00+0200,437.98001,MW,FR,FR,forecast_offshore_wind_generation,Wind Offshore,2026-05-26T14:20:23Z
2026-05-26T14:19:27Z,2026-05-26T16:19:27+0200,9d8474b6-9a07-4a7a-8e0f-b65ff32620de,2026-05-05T01:00:00Z,2026-05-05T03:00:00+0200,441.45999,MW,FR,FR,forecast_offshore_wind_generation,Wind Offshore,2026-05-26T14:20:23Z
2026-05-26T14:19:27Z,2026-05-26T16:19:27+0200,9d8474b6-9a07-4a7a-8e0f-b65ff32620de,2026-05-05T01:15:00Z,2026-05-05T03:15:00+0200,436.54498,MW,FR,FR,forecast_offshore_wind_generation,Wind Offshore,2026-05-26T14:20:23Z
2026-05-26T14:19:27Z,2026-05-26T16:19:27+0200,9d8474b6-9a07-4a7a-8e0f-b65ff32620de,2026-05-05T01:30:00Z,2026-05-05T03:30:00+0200,431.63,MW,FR,FR,forecast_offshore_wind_generation,Wind Offshore,2026-05-26T14:20:23Z
2026-05-26T14:19:27Z,2026-05-26T16:19:27+0200,9d8474b6-9a07-4a7a-8e0f-b65ff32620de,2026-05-05T01:45:00Z,2026-05-05T03:45:00+0200,426.71503,MW,FR,FR,forecast_offshore_wind_generation,Wind Offshore,2026-05-26T14:20:23Z
2026-05-26T14:19:27Z,2026-05-26T16:19:27+0200,9d8474b6-9a07-4a7a-8e0f-b65ff32620de,2026-05-05T02:00:00Z,2026-05-05T04:00:00+0200,421.80002,MW,FR,FR,forecast_offshore_wind_generation,Wind Offshore,2026-05-26T14:20:23Z
2026-05-26T14:19:27Z,2026-05-26T16:19:27+0200,9d8474b6-9a07-4a7a-8e0f-b65ff32620de,2026-05-05T02:15:00Z,2026-05-05T04:15:00+0200,423.19003,MW,FR,FR,forecast_offshore_wind_generation,Wind Offshore,2026-05-26T14:20:23Z
2026-05-26T14:19:27Z,2026-05-26T16:19:27+0200,9d8474b6-9a07-4a7a-8e0f-b65ff32620de,2026-05-05T02:30:00Z,2026-05-05T04:30:00+0200,424.58002,MW,FR,FR,forecast_offshore_wind_generation,Wind Offshore,2026-05-26T14:20:23Z
2026-05-26T14:19:27Z,2026-05-26T16:19:27+0200,9d8474b6-9a07-4a7a-8e0f-b65ff32620de,2026-05-05T02:45:00Z,2026-05-05T04:45:00+0200,425.96997,MW,FR,FR,forecast_offshore_wind_generation,Wind Offshore,2026-05-26T14:20:23Z
2026-05-26T14:19:27Z,2026-05-26T16:19:27+0200,9d8474b6-9a07-4a7a-8e0f-b65ff32620de,2026-05-05T03:00:00Z,2026-05-05T05:00:00+0200,427.35999,MW,FR,FR,forecast_offshore_wind_generation,Wind Offshore,2026-05-26T14:20:23Z
2026-05-26T14:19:27Z,2026-05-26T16:19:27+0200,9d8474b6-9a07-4a7a-8e0f-b65ff32620de,2026-05-05T03:15:00Z,2026-05-05T05:15:00+0200,439.79498,MW,FR,FR,forecast_offshore_wind_generation,Wind Offshore,2026-05-26T14:20:23Z
2026-05-26T14:19:27Z,2026-05-26T16:19:27+0200,9d8474b6-9a07-4a7a-8e0f-b65ff32620de,2026-05-05T03:30:00Z,2026-05-05T05:30:00+0200,452.23001,MW,FR,FR,forecast_offshore_wind_generation,Wind Offshore,2026-05-26T14:20:23Z
2026-05-26T14:19:27Z,2026-05-26T16:19:27+0200,9d8474b6-9a07-4a7a-8e0f-b65ff32620de,2026-05-05T03:45:00Z,2026-05-05T05:45:00+0200,464.66498,MW,FR,FR,forecast_offshore_wind_generation,Wind Offshore,2026-05-26T14:20:23Z
2026-05-26T14:19:27Z,2026-05-26T16:19:27+0200,9d8474b6-9a07-4a7a-8e0f-b65ff32620de,2026-05-05T04:00:00Z,2026-05-05T06:00:00+0200,477.09998,MW,FR,FR,forecast_offshore_wind_generation,Wind Offshore,2026-05-26T14:20:23Z
2026-05-26T14:19:27Z,2026-05-26T16:19:27+0200,9d8474b6-9a07-4a7a-8e0f-b65ff32620de,2026-05-05T04:15:00Z,2026-05-05T06:15:00+0200,471.56497,MW,FR,FR,forecast_offshore_wind_generation,Wind Offshore,2026-05-26T14:20:23Z
2026-05-26T14:19:27Z,2026-05-26T16:19:27+0200,9d8474b6-9a07-4a7a-8e0f-b65ff32620de,2026-05-05T04:30:00Z,2026-05-05T06:30:00+0200,466.03,MW,FR,FR,forecast_offshore_wind_generation,Wind Offshore,2026-05-26T14:20:23Z
2026-05-26T14:19:27Z,2026-05-26T16:19:27+0200,9d8474b6-9a07-4a7a-8e0f-b65ff32620de,2026-05-05T04:45:00Z,2026-05-05T06:45:00+0200,460.495,MW,FR,FR,forecast_offshore_wind_generation,Wind Offshore,2026-05-26T14:20:23Z
2026-05-26T14:19:27Z,2026-05-26T16:19:27+0200,9d8474b6-9a07-4a7a-8e0f-b65ff32620de,2026-05-05T05:00:00Z,2026-05-05T07:00:00+0200,454.95999,MW,FR,FR,forecast_offshore_wind_generation,Wind Offshore,2026-05-26T14:20:23Z
2026-05-26T14:19:27Z,2026-05-26T16:19:27+0200,9d8474b6-9a07-4a7a-8e0f-b65ff32620de,2026-05-05T05:15:00Z,2026-05-05T07:15:00+0200,448.5325,MW,FR,FR,forecast_offshore_wind_generation,Wind Offshore,2026-05-26T14:20:23Z
2026-05-26T14:19:27Z,2026-05-26T16:19:27+0200,9d8474b6-9a07-4a7a-8e0f-b65ff32620de,2026-05-05T05:30:00Z,2026-05-05T07:30:00+0200,442.10498,MW,FR,FR,forecast_offshore_wind_generation,Wind Offshore,2026-05-26T14:20:23Z
2026-05-26T14:19:27Z,2026-05-26T16:19:27+0200,9d8474b6-9a07-4a7a-8e0f-b65ff32620de,2026-05-05T05:45:00Z,2026-05-05T07:45:00+0200,435.67752,MW,FR,FR,forecast_offshore_wind_generation,Wind Offshore,2026-05-26T14:20:23Z
2026-05-26T14:19:27Z,2026-05-26T16:19:27+0200,9d8474b6-9a07-4a7a-8e0f-b65ff32620de,2026-05-05T06:00:00Z,2026-05-05T08:00:00+0200,429.25,MW,FR,FR,forecast_offshore_wind_generation,Wind Offshore,2026-05-26T14:20:23Z
2026-05-26T14:19:27Z,2026-05-26T16:19:27+0200,9d8474b6-9a07-4a7a-8e0f-b65ff32620de,2026-05-05T06:15:00Z,2026-05-05T08:15:00+0200,426.1925,MW,FR,FR,forecast_offshore_wind_generation,Wind Offshore,2026-05-26T14:20:23Z
2026-05-26T14:19:27Z,2026-05-26T16:19:27+0200,9d8474b6-9a07-4a7a-8e0f-b65ff32620de,2026-05-05T06:30:00Z,2026-05-05T08:30:00+0200,423.13501,MW,FR,FR,forecast_offshore_wind_generation,Wind Offshore,2026-05-26T14:20:23Z
2026-05-26T14:19:27Z,2026-05-26T16:19:27+0200,9d8474b6-9a07-4a7a-8e0f-b65ff32620de,2026-05-05T06:45:00Z,2026-05-05T08:45:00+0200,420.07751,MW,FR,FR,forecast_offshore_wind_generation,Wind Offshore,2026-05-26T14:20:23Z
2026-05-26T14:19:27Z,2026-05-26T16:19:27+0200,9d8474b6-9a07-4a7a-8e0f-b65ff32620de,2026-05-05T07:00:00Z,2026-05-05T09:00:00+0200,417.01999,MW,FR,FR,forecast_offshore_wind_generation,Wind Offshore,2026-05-26T14:20:23Z
2026-05-26T14:19:27Z,2026-05-26T16:19:27+0200,9d8474b6-9a07-4a7a-8e0f-b65ff32620de,2026-05-05T07:15:00Z,2026-05-05T09:15:00+0200,416.12003,MW,FR,FR,forecast_offshore_wind_generation,Wind Offshore,2026-05-26T14:20:23Z
2026-05-26T14:19:27Z,2026-05-26T16:19:27+0200,9d8474b6-9a07-4a7a-8e0f-b65ff32620de,2026-05-05T07:30:00Z,2026-05-05T09:30:00+0200,415.22,MW,FR,FR,forecast_offshore_wind_generation,Wind Offshore,2026-05-26T14:20:23Z
2026-05-26T14:19:27Z,2026-05-26T16:19:27+0200,9d8474b6-9a07-4a7a-8e0f-b65ff32620de,2026-05-05T07:45:00Z,2026-05-05T09:45:00+0200,414.32001,MW,FR,FR,forecast_offshore_wind_generation,Wind Offshore,2026-05-26T14:20:23Z
2026-05-26T14:19:27Z,2026-05-26T16:19:27+0200,9d8474b6-9a07-4a7a-8e0f-b65ff32620de,2026-05-05T08:00:00Z,2026-05-05T10:00:00+0200,413.42001,MW,FR,FR,forecast_offshore_wind_generation,Wind Offshore,2026-05-26T14:20:23Z
2026-05-26T14:19:27Z,2026-05-26T16:19:27+0200,9d8474b6-9a07-4a7a-8e0f-b65ff32620de,2026-05-05T08:15:00Z,2026-05-05T10:15:00+0200,420.95001,MW,FR,FR,forecast_offshore_wind_generation,Wind Offshore,2026-05-26T14:20:23Z
2026-05-26T14:19:27Z,2026-05-26T16:19:27+0200,9d8474b6-9a07-4a7a-8e0f-b65ff32620de,2026-05-05T08:30:00Z,2026-05-05T10:30:00+0200,428.47998,MW,FR,FR,forecast_offshore_wind_generation,Wind Offshore,2026-05-26T14:20:23Z
2026-05-26T14:19:27Z,2026-05-26T16:19:27+0200,9d8474b6-9a07-4a7a-8e0f-b65ff32620de,2026-05-05T08:45:00Z,2026-05-05T10:45:00+0200,436.01001,MW,FR,FR,forecast_offshore_wind_generation,Wind Offshore,2026-05-26T14:20:23Z
2026-05-26T14:19:27Z,2026-05-26T16:19:27+0200,9d8474b6-9a07-4a7a-8e0f-b65ff32620de,2026-05-05T09:00:00Z,2026-05-05T11:00:00+0200,443.54001,MW,FR,FR,forecast_offshore_wind_generation,Wind Offshore,2026-05-26T14:20:23Z
2026-05-26T14:19:27Z,2026-05-26T16:19:27+0200,9d8474b6-9a07-4a7a-8e0f-b65ff32620de,2026-05-05T09:15:00Z,2026-05-05T11:15:00+0200,441.26498,MW,FR,FR,forecast_offshore_wind_generation,Wind Offshore,2026-05-26T14:20:23Z
2026-05-26T14:19:27Z,2026-05-26T16:19:27+0200,9d8474b6-9a07-4a7a-8e0f-b65ff32620de,2026-05-05T09:30:00Z,2026-05-05T11:30:00+0200,438.98999,MW,FR,FR,forecast_offshore_wind_generation,Wind Offshore,2026-05-26T14:20:23Z
2026-05-26T14:19:27Z,2026-05-26T16:19:27+0200,9d8474b6-9a07-4a7a-8e0f-b65ff32620de,2026-05-05T09:45:00Z,2026-05-05T11:45:00+0200,436.715,MW,FR,FR,forecast_offshore_wind_generation,Wind Offshore,2026-05-26T14:20:23Z
2026-05-26T14:19:27Z,2026-05-26T16:19:27+0200,9d8474b6-9a07-4a7a-8e0f-b65ff32620de,2026-05-05T10:00:00Z,2026-05-05T12:00:00+0200,434.43997,MW,FR,FR,forecast_offshore_wind_generation,Wind Offshore,2026-05-26T14:20:23Z
2026-05-26T14:19:27Z,2026-05-26T16:19:27+0200,9d8474b6-9a07-4a7a-8e0f-b65ff32620de,2026-05-05T10:15:00Z,2026-05-05T12:15:00+0200,452.44751,MW,FR,FR,forecast_offshore_wind_generation,Wind Offshore,2026-05-26T14:20:23Z
2026-05-26T14:19:27Z,2026-05-26T16:19:27+0200,9d8474b6-9a07-4a7a-8e0f-b65ff32620de,2026-05-05T10:30:00Z,2026-05-05T12:30:00+0200,470.45499,MW,FR,FR,forecast_offshore_wind_generation,Wind Offshore,2026-05-26T14:20:23Z
2026-05-26T14:19:27Z,2026-05-26T16:19:27+0200,9d8474b6-9a07-4a7a-8e0f-b65ff32620de,2026-05-05T10:45:00Z,2026-05-05T12:45:00+0200,488.46249,MW,FR,FR,forecast_offshore_wind_generation,Wind Offshore,2026-05-26T14:20:23Z
2026-05-26T14:19:27Z,2026-05-26T16:19:27+0200,9d8474b6-9a07-4a7a-8e0f-b65ff32620de,2026-05-05T11:00:00Z,2026-05-05T13:00:00+0200,506.47,MW,FR,FR,forecast_offshore_wind_generation,Wind Offshore,2026-05-26T14:20:23Z
2026-05-26T14:19:27Z,2026-05-26T16:19:27+0200,9d8474b6-9a07-4a7a-8e0f-b65ff32620de,2026-05-05T11:15:00Z,2026-05-05T13:15:00+0200,527.22504,MW,FR,FR,forecast_offshore_wind_generation,Wind Offshore,2026-05-26T14:20:23Z
2026-05-26T14:19:27Z,2026-05-26T16:19:27+0200,9d8474b6-9a07-4a7a-8e0f-b65ff32620de,2026-05-05T11:30:00Z,2026-05-05T13:30:00+0200,547.97998,MW,FR,FR,forecast_offshore_wind_generation,Wind Offshore,2026-05-26T14:20:23Z
2026-05-26T14:19:27Z,2026-05-26T16:19:27+0200,9d8474b6-9a07-4a7a-8e0f-b65ff32620de,2026-05-05T11:45:00Z,2026-05-05T13:45:00+0200,568.73499,MW,FR,FR,forecast_offshore_wind_generation,Wind Offshore,2026-05-26T14:20:23Z
2026-05-26T14:19:27Z,2026-05-26T16:19:27+0200,9d8474b6-9a07-4a7a-8e0f-b65ff32620de,2026-05-05T12:00:00Z,2026-05-05T14:00:00+0200,589.48999,MW,FR,FR,forecast_offshore_wind_generation,Wind Offshore,2026-05-26T14:20:23Z
2026-05-26T14:19:27Z,2026-05-26T16:19:27+0200,9d8474b6-9a07-4a7a-8e0f-b65ff32620de,2026-05-05T12:15:00Z,2026-05-05T14:15:00+0200,615.61499,MW,FR,FR,forecast_offshore_wind_generation,Wind Offshore,2026-05-26T14:20:23Z
2026-05-26T14:19:27Z,2026-05-26T16:19:27+0200,9d8474b6-9a07-4a7a-8e0f-b65ff32620de,2026-05-05T12:30:00Z,2026-05-05T14:30:00+0200,641.73999,MW,FR,FR,forecast_offshore_wind_generation,Wind Offshore,2026-05-26T14:20:23Z
2026-05-26T14:19:27Z,2026-05-26T16:19:27+0200,9d8474b6-9a07-4a7a-8e0f-b65ff32620de,2026-05-05T12:45:00Z,2026-05-05T14:45:00+0200,667.86499,MW,FR,FR,forecast_offshore_wind_generation,Wind Offshore,2026-05-26T14:20:23Z
2026-05-26T14:19:27Z,2026-05-26T16:19:27+0200,9d8474b6-9a07-4a7a-8e0f-b65ff32620de,2026-05-05T13:00:00Z,2026-05-05T15:00:00+0200,693.98999,MW,FR,FR,forecast_offshore_wind_generation,Wind Offshore,2026-05-26T14:20:23Z
2026-05-26T14:19:27Z,2026-05-26T16:19:27+0200,9d8474b6-9a07-4a7a-8e0f-b65ff32620de,2026-05-05T13:15:00Z,2026-05-05T15:15:00+0200,717.8775,MW,FR,FR,forecast_offshore_wind_generation,Wind Offshore,2026-05-26T14:20:23Z
2026-05-26T14:19:27Z,2026-05-26T16:19:27+0200,9d8474b6-9a07-4a7a-8e0f-b65ff32620de,2026-05-05T13:30:00Z,2026-05-05T15:30:00+0200,741.76501,MW,FR,FR,forecast_offshore_wind_generation,Wind Offshore,2026-05-26T14:20:23Z
2026-05-26T14:19:27Z,2026-05-26T16:19:27+0200,9d8474b6-9a07-4a7a-8e0f-b65ff32620de,2026-05-05T13:45:00Z,2026-05-05T15:45:00+0200,765.65247,MW,FR,FR,forecast_offshore_wind_generation,Wind Offshore,2026-05-26T14:20:23Z
2026-05-26T14:19:27Z,2026-05-26T16:19:27+0200,9d8474b6-9a07-4a7a-8e0f-b65ff32620de,2026-05-05T14:00:00Z,2026-05-05T16:00:00+0200,789.54004,MW,FR,FR,forecast_offshore_wind_generation,Wind Offshore,2026-05-26T14:20:23Z
2026-05-26T14:19:27Z,2026-05-26T16:19:27+0200,9d8474b6-9a07-4a7a-8e0f-b65ff32620de,2026-05-05T14:15:00Z,2026-05-05T16:15:00+0200,787.62744,MW,FR,FR,forecast_offshore_wind_generation,Wind Offshore,2026-05-26T14:20:23Z
2026-05-26T14:19:27Z,2026-05-26T16:19:27+0200,9d8474b6-9a07-4a7a-8e0f-b65ff32620de,2026-05-05T14:30:00Z,2026-05-05T16:30:00+0200,785.71503,MW,FR,FR,forecast_offshore_wind_generation,Wind Offshore,2026-05-26T14:20:23Z
2026-05-26T14:19:27Z,2026-05-26T16:19:27+0200,9d8474b6-9a07-4a7a-8e0f-b65ff32620de,2026-05-05T14:45:00Z,2026-05-05T16:45:00+0200,783.80249,MW,FR,FR,forecast_offshore_wind_generation,Wind Offshore,2026-05-26T14:20:23Z
2026-05-26T14:19:27Z,2026-05-26T16:19:27+0200,9d8474b6-9a07-4a7a-8e0f-b65ff32620de,2026-05-05T15:00:00Z,2026-05-05T17:00:00+0200,781.89001,MW,FR,FR,forecast_offshore_wind_generation,Wind Offshore,2026-05-26T14:20:23Z
2026-05-26T14:19:27Z,2026-05-26T16:19:27+0200,9d8474b6-9a07-4a7a-8e0f-b65ff32620de,2026-05-05T15:15:00Z,2026-05-05T17:15:00+0200,770.42249,MW,FR,FR,forecast_offshore_wind_generation,Wind Offshore,2026-05-26T14:20:23Z
2026-05-26T14:19:27Z,2026-05-26T16:19:27+0200,9d8474b6-9a07-4a7a-8e0f-b65ff32620de,2026-05-05T15:30:00Z,2026-05-05T17:30:00+0200,758.95496,MW,FR,FR,forecast_offshore_wind_generation,Wind Offshore,2026-05-26T14:20:23Z
2026-05-26T14:19:27Z,2026-05-26T16:19:27+0200,9d8474b6-9a07-4a7a-8e0f-b65ff32620de,2026-05-05T15:45:00Z,2026-05-05T17:45:00+0200,747.48743,MW,FR,FR,forecast_offshore_wind_generation,Wind Offshore,2026-05-26T14:20:23Z
2026-05-26T14:19:27Z,2026-05-26T16:19:27+0200,9d8474b6-9a07-4a7a-8e0f-b65ff32620de,2026-05-05T16:00:00Z,2026-05-05T18:00:00+0200,736.02002,MW,FR,FR,forecast_offshore_wind_generation,Wind Offshore,2026-05-26T14:20:23Z
2026-05-26T14:19:27Z,2026-05-26T16:19:27+0200,9d8474b6-9a07-4a7a-8e0f-b65ff32620de,2026-05-05T16:15:00Z,2026-05-05T18:15:00+0200,729.8775,MW,FR,FR,forecast_offshore_wind_generation,Wind Offshore,2026-05-26T14:20:23Z
2026-05-26T14:19:27Z,2026-05-26T16:19:27+0200,9d8474b6-9a07-4a7a-8e0f-b65ff32620de,2026-05-05T16:30:00Z,2026-05-05T18:30:00+0200,723.73499,MW,FR,FR,forecast_offshore_wind_generation,Wind Offshore,2026-05-26T14:20:23Z
2026-05-26T14:19:27Z,2026-05-26T16:19:27+0200,9d8474b6-9a07-4a7a-8e0f-b65ff32620de,2026-05-05T16:45:00Z,2026-05-05T18:45:00+0200,717.59247,MW,FR,FR,forecast_offshore_wind_generation,Wind Offshore,2026-05-26T14:20:23Z
2026-05-26T14:19:27Z,2026-05-26T16:19:27+0200,9d8474b6-9a07-4a7a-8e0f-b65ff32620de,2026-05-05T17:00:00Z,2026-05-05T19:00:00+0200,711.45001,MW,FR,FR,forecast_offshore_wind_generation,Wind Offshore,2026-05-26T14:20:23Z
2026-05-26T14:19:27Z,2026-05-26T16:19:27+0200,9d8474b6-9a07-4a7a-8e0f-b65ff32620de,2026-05-05T17:15:00Z,2026-05-05T19:15:00+0200,716.67249,MW,FR,FR,forecast_offshore_wind_generation,Wind Offshore,2026-05-26T14:20:23Z
2026-05-26T14:19:27Z,2026-05-26T16:19:27+0200,9d8474b6-9a07-4a7a-8e0f-b65ff32620de,2026-05-05T17:30:00Z,2026-05-05T19:30:00+0200,721.89502,MW,FR,FR,forecast_offshore_wind_generation,Wind Offshore,2026-05-26T14:20:23Z
2026-05-26T14:19:27Z,2026-05-26T16:19:27+0200,9d8474b6-9a07-4a7a-8e0f-b65ff32620de,2026-05-05T17:45:00Z,2026-05-05T19:45:00+0200,727.11749,MW,FR,FR,forecast_offshore_wind_generation,Wind Offshore,2026-05-26T14:20:23Z
2026-05-26T14:19:27Z,2026-05-26T16:19:27+0200,9d8474b6-9a07-4a7a-8e0f-b65ff32620de,2026-05-05T18:00:00Z,2026-05-05T20:00:00+0200,732.33997,MW,FR,FR,forecast_offshore_wind_generation,Wind Offshore,2026-05-26T14:20:23Z
2026-05-26T14:19:27Z,2026-05-26T16:19:27+0200,9d8474b6-9a07-4a7a-8e0f-b65ff32620de,2026-05-05T18:15:00Z,2026-05-05T20:15:00+0200,725.76501,MW,FR,FR,forecast_offshore_wind_generation,Wind Offshore,2026-05-26T14:20:23Z
2026-05-26T14:19:27Z,2026-05-26T16:19:27+0200,9d8474b6-9a07-4a7a-8e0f-b65ff32620de,2026-05-05T18:30:00Z,2026-05-05T20:30:00+0200,719.19,MW,FR,FR,forecast_offshore_wind_generation,Wind Offshore,2026-05-26T14:20:23Z
2026-05-26T14:19:27Z,2026-05-26T16:19:27+0200,9d8474b6-9a07-4a7a-8e0f-b65ff32620de,2026-05-05T18:45:00Z,2026-05-05T20:45:00+0200,712.61499,MW,FR,FR,forecast_offshore_wind_generation,Wind Offshore,2026-05-26T14:20:23Z
2026-05-26T14:19:27Z,2026-05-26T16:19:27+0200,9d8474b6-9a07-4a7a-8e0f-b65ff32620de,2026-05-05T19:00:00Z,2026-05-05T21:00:00+0200,706.04004,MW,FR,FR,forecast_offshore_wind_generation,Wind Offshore,2026-05-26T14:20:23Z
2026-05-26T14:19:27Z,2026-05-26T16:19:27+0200,9d8474b6-9a07-4a7a-8e0f-b65ff32620de,2026-05-05T19:15:00Z,2026-05-05T21:15:00+0200,718.84253,MW,FR,FR,forecast_offshore_wind_generation,Wind Offshore,2026-05-26T14:20:23Z
2026-05-26T14:19:27Z,2026-05-26T16:19:27+0200,9d8474b6-9a07-4a7a-8e0f-b65ff32620de,2026-05-05T19:30:00Z,2026-05-05T21:30:00+0200,731.64502,MW,FR,FR,forecast_offshore_wind_generation,Wind Offshore,2026-05-26T14:20:23Z
2026-05-26T14:19:27Z,2026-05-26T16:19:27+0200,9d8474b6-9a07-4a7a-8e0f-b65ff32620de,2026-05-05T19:45:00Z,2026-05-05T21:45:00+0200,744.44751,MW,FR,FR,forecast_offshore_wind_generation,Wind Offshore,2026-05-26T14:20:23Z
2026-05-26T14:19:27Z,2026-05-26T16:19:27+0200,9d8474b6-9a07-4a7a-8e0f-b65ff32620de,2026-05-05T20:00:00Z,2026-05-05T22:00:00+0200,757.25,MW,FR,FR,forecast_offshore_wind_generation,Wind Offshore,2026-05-26T14:20:23Z
2026-05-26T14:19:27Z,2026-05-26T16:19:27+0200,9d8474b6-9a07-4a7a-8e0f-b65ff32620de,2026-05-05T20:15:00Z,2026-05-05T22:15:00+0200,743.76746,MW,FR,FR,forecast_offshore_wind_generation,Wind Offshore,2026-05-26T14:20:23Z
2026-05-26T14:19:27Z,2026-05-26T16:19:27+0200,9d8474b6-9a07-4a7a-8e0f-b65ff32620de,2026-05-05T20:30:00Z,2026-05-05T22:30:00+0200,730.28491,MW,FR,FR,forecast_offshore_wind_generation,Wind Offshore,2026-05-26T14:20:23Z
2026-05-26T14:19:27Z,2026-05-26T16:19:27+0200,9d8474b6-9a07-4a7a-8e0f-b65ff32620de,2026-05-05T20:45:00Z,2026-05-05T22:45:00+0200,716.80243,MW,FR,FR,forecast_offshore_wind_generation,Wind Offshore,2026-05-26T14:20:23Z
2026-05-26T14:19:27Z,2026-05-26T16:19:27+0200,9d8474b6-9a07-4a7a-8e0f-b65ff32620de,2026-05-05T21:00:00Z,2026-05-05T23:00:00+0200,703.32001,MW,FR,FR,forecast_offshore_wind_generation,Wind Offshore,2026-05-26T14:20:23Z
2026-05-26T14:19:27Z,2026-05-26T16:19:27+0200,9d8474b6-9a07-4a7a-8e0f-b65ff32620de,2026-05-05T21:15:00Z,2026-05-05T23:15:00+0200,691.01495,MW,FR,FR,forecast_offshore_wind_generation,Wind Offshore,2026-05-26T14:20:23Z
2026-05-26T14:19:27Z,2026-05-26T16:19:27+0200,9d8474b6-9a07-4a7a-8e0f-b65ff32620de,2026-05-05T21:30:00Z,2026-05-05T23:30:00+0200,678.70996,MW,FR,FR,forecast_offshore_wind_generation,Wind Offshore,2026-05-26T14:20:23Z
2026-05-26T14:19:27Z,2026-05-26T16:19:27+0200,9d8474b6-9a07-4a7a-8e0f-b65ff32620de,2026-05-05T21:45:00Z,2026-05-05T23:45:00+0200,666.40503,MW,FR,FR,forecast_offshore_wind_generation,Wind Offshore,2026-05-26T14:20:23Z
2026-05-26T14:19:27Z,2026-05-26T16:19:27+0200,9d8474b6-9a07-4a7a-8e0f-b65ff32620de,2026-05-05T22:00:00Z,2026-05-06T00:00:00+0200,959.59998,MW,FR,FR,forecast_offshore_wind_generation,Wind Offshore,2026-05-26T14:20:23Z
2026-05-26T14:19:27Z,2026-05-26T16:19:27+0200,9d8474b6-9a07-4a7a-8e0f-b65ff32620de,2026-05-05T22:15:00Z,2026-05-06T00:15:00+0200,974.17499,MW,FR,FR,forecast_offshore_wind_generation,Wind Offshore,2026-05-26T14:20:23Z
2026-05-26T14:19:27Z,2026-05-26T16:19:27+0200,9d8474b6-9a07-4a7a-8e0f-b65ff32620de,2026-05-05T22:30:00Z,2026-05-06T00:30:00+0200,988.75,MW,FR,FR,forecast_offshore_wind_generation,Wind Offshore,2026-05-26T14:20:23Z
2026-05-26T14:19:27Z,2026-05-26T16:19:27+0200,9d8474b6-9a07-4a7a-8e0f-b65ff32620de,2026-05-05T22:45:00Z,2026-05-06T00:45:00+0200,1003.32501,MW,FR,FR,forecast_offshore_wind_generation,Wind Offshore,2026-05-26T14:20:23Z
2026-05-26T14:19:27Z,2026-05-26T16:19:27+0200,9d8474b6-9a07-4a7a-8e0f-b65ff32620de,2026-05-05T23:00:00Z,2026-05-06T01:00:00+0200,1017.89996,MW,FR,FR,forecast_offshore_wind_generation,Wind Offshore,2026-05-26T14:20:23Z
2026-05-26T14:19:27Z,2026-05-26T16:19:27+0200,9d8474b6-9a07-4a7a-8e0f-b65ff32620de,2026-05-05T23:15:00Z,2026-05-06T01:15:00+0200,999.16504,MW,FR,FR,forecast_offshore_wind_generation,Wind Offshore,2026-05-26T14:20:23Z
2026-05-26T14:19:27Z,2026-05-26T16:19:27+0200,9d8474b6-9a07-4a7a-8e0f-b65ff32620de,2026-05-05T23:30:00Z,2026-05-06T01:30:00+0200,980.42999,MW,FR,FR,forecast_offshore_wind_generation,Wind Offshore,2026-05-26T14:20:23Z
2026-05-26T14:19:27Z,2026-05-26T16:19:27+0200,9d8474b6-9a07-4a7a-8e0f-b65ff32620de,2026-05-05T23:45:00Z,2026-05-06T01:45:00+0200,961.69501,MW,FR,FR,forecast_offshore_wind_generation,Wind Offshore,2026-05-26T14:20:23Z
2026-05-26T14:19:27Z,2026-05-26T16:19:27+0200,9d8474b6-9a07-4a7a-8e0f-b65ff32620de,2026-05-06T00:00:00Z,2026-05-06T02:00:00+0200,942.96002,MW,FR,FR,forecast_offshore_wind_generation,Wind Offshore,2026-05-26T14:20:23Z
2026-05-26T14:19:27Z,2026-05-26T16:19:27+0200,9d8474b6-9a07-4a7a-8e0f-b65ff32620de,2026-05-06T00:15:00Z,2026-05-06T02:15:00+0200,927.12256,MW,FR,FR,forecast_offshore_wind_generation,Wind Offshore,2026-05-26T14:20:23Z
2026-05-26T14:19:27Z,2026-05-26T16:19:27+0200,9d8474b6-9a07-4a7a-8e0f-b65ff32620de,2026-05-06T00:30:00Z,2026-05-06T02:30:00+0200,911.28497,MW,FR,FR,forecast_offshore_wind_generation,Wind Offshore,2026-05-26T14:20:23Z
2026-05-26T14:19:27Z,2026-05-26T16:19:27+0200,9d8474b6-9a07-4a7a-8e0f-b65ff32620de,2026-05-06T00:45:00Z,2026-05-06T02:45:00+0200,895.44751,MW,FR,FR,forecast_offshore_wind_generation,Wind Offshore,2026-05-26T14:20:23Z
2026-05-26T14:19:27Z,2026-05-26T16:19:27+0200,9d8474b6-9a07-4a7a-8e0f-b65ff32620de,2026-05-06T01:00:00Z,2026-05-06T03:00:00+0200,879.61005,MW,FR,FR,forecast_offshore_wind_generation,Wind Offshore,2026-05-26T14:20:23Z
2026-05-26T14:19:27Z,2026-05-26T16:19:27+0200,9d8474b6-9a07-4a7a-8e0f-b65ff32620de,2026-05-06T01:15:00Z,2026-05-06T03:15:00+0200,860.17249,MW,FR,FR,forecast_offshore_wind_generation,Wind Offshore,2026-05-26T14:20:23Z
2026-05-26T14:19:27Z,2026-05-26T16:19:27+0200,9d8474b6-9a07-4a7a-8e0f-b65ff32620de,2026-05-06T01:30:00Z,2026-05-06T03:30:00+0200,840.73492,MW,FR,FR,forecast_offshore_wind_generation,Wind Offshore,2026-05-26T14:20:23Z
2026-05-26T14:19:27Z,2026-05-26T16:19:27+0200,9d8474b6-9a07-4a7a-8e0f-b65ff32620de,2026-05-06T01:45:00Z,2026-05-06T03:45:00+0200,821.29742,MW,FR,FR,forecast_offshore_wind_generation,Wind Offshore,2026-05-26T14:20:23Z
2026-05-26T14:19:27Z,2026-05-26T16:19:27+0200,9d8474b6-9a07-4a7a-8e0f-b65ff32620de,2026-05-06T02:00:00Z,2026-05-06T04:00:00+0200,801.85999,MW,FR,FR,forecast_offshore_wind_generation,Wind Offshore,2026-05-26T14:20:23Z
2026-05-26T14:19:27Z,2026-05-26T16:19:27+0200,9d8474b6-9a07-4a7a-8e0f-b65ff32620de,2026-05-06T02:15:00Z,2026-05-06T04:15:00+0200,776.59741,MW,FR,FR,forecast_offshore_wind_generation,Wind Offshore,2026-05-26T14:20:23Z
2026-05-26T14:19:27Z,2026-05-26T16:19:27+0200,9d8474b6-9a07-4a7a-8e0f-b65ff32620de,2026-05-06T02:30:00Z,2026-05-06T04:30:00+0200,751.33496,MW,FR,FR,forecast_offshore_wind_generation,Wind Offshore,2026-05-26T14:20:23Z
2026-05-26T14:19:27Z,2026-05-26T16:19:27+0200,9d8474b6-9a07-4a7a-8e0f-b65ff32620de,2026-05-06T02:45:00Z,2026-05-06T04:45:00+0200,726.07251,MW,FR,FR,forecast_offshore_wind_generation,Wind Offshore,2026-05-26T14:20:23Z
2026-05-26T14:19:27Z,2026-05-26T16:19:27+0200,9d8474b6-9a07-4a7a-8e0f-b65ff32620de,2026-05-06T03:00:00Z,2026-05-06T05:00:00+0200,700.81,MW,FR,FR,forecast_offshore_wind_generation,Wind Offshore,2026-05-26T14:20:23Z
2026-05-26T14:19:27Z,2026-05-26T16:19:27+0200,9d8474b6-9a07-4a7a-8e0f-b65ff32620de,2026-05-06T03:15:00Z,2026-05-06T05:15:00+0200,676.71753,MW,FR,FR,forecast_offshore_wind_generation,Wind Offshore,2026-05-26T14:20:23Z
2026-05-26T14:19:27Z,2026-05-26T16:19:27+0200,9d8474b6-9a07-4a7a-8e0f-b65ff32620de,2026-05-06T03:30:00Z,2026-05-06T05:30:00+0200,652.625,MW,FR,FR,forecast_offshore_wind_generation,Wind Offshore,2026-05-26T14:20:23Z
2026-05-26T14:19:27Z,2026-05-26T16:19:27+0200,9d8474b6-9a07-4a7a-8e0f-b65ff32620de,2026-05-06T03:45:00Z,2026-05-06T05:45:00+0200,628.53253,MW,FR,FR,forecast_offshore_wind_generation,Wind Offshore,2026-05-26T14:20:23Z
2026-05-26T14:19:27Z,2026-05-26T16:19:27+0200,9d8474b6-9a07-4a7a-8e0f-b65ff32620de,2026-05-06T04:00:00Z,2026-05-06T06:00:00+0200,604.44,MW,FR,FR,forecast_offshore_wind_generation,Wind Offshore,2026-05-26T14:20:23Z
2026-05-26T14:19:27Z,2026-05-26T16:19:27+0200,9d8474b6-9a07-4a7a-8e0f-b65ff32620de,2026-05-06T04:15:00Z,2026-05-06T06:15:00+0200,590.29504,MW,FR,FR,forecast_offshore_wind_generation,Wind Offshore,2026-05-26T14:20:23Z
2026-05-26T14:19:27Z,2026-05-26T16:19:27+0200,9d8474b6-9a07-4a7a-8e0f-b65ff32620de,2026-05-06T04:30:00Z,2026-05-06T06:30:00+0200,576.14996,MW,FR,FR,forecast_offshore_wind_generation,Wind Offshore,2026-05-26T14:20:23Z
2026-05-26T14:19:27Z,2026-05-26T16:19:27+0200,9d8474b6-9a07-4a7a-8e0f-b65ff32620de,2026-05-06T04:45:00Z,2026-05-06T06:45:00+0200,562.005,MW,FR,FR,forecast_offshore_wind_generation,Wind Offshore,2026-05-26T14:20:23Z
2026-05-26T14:19:27Z,2026-05-26T16:19:27+0200,9d8474b6-9a07-4a7a-8e0f-b65ff32620de,2026-05-06T05:00:00Z,2026-05-06T07:00:00+0200,547.86005,MW,FR,FR,forecast_offshore_wind_generation,Wind Offshore,2026-05-26T14:20:23Z
2026-05-26T14:19:27Z,2026-05-26T16:19:27+0200,9d8474b6-9a07-4a7a-8e0f-b65ff32620de,2026-05-06T05:15:00Z,2026-05-06T07:15:00+0200,534.11249,MW,FR,FR,forecast_offshore_wind_generation,Wind Offshore,2026-05-26T14:20:23Z
2026-05-26T14:19:27Z,2026-05-26T16:19:27+0200,9d8474b6-9a07-4a7a-8e0f-b65ff32620de,2026-05-06T05:30:00Z,2026-05-06T07:30:00+0200,520.36493,MW,FR,FR,forecast_offshore_wind_generation,Wind Offshore,2026-05-26T14:20:23Z
2026-05-26T14:19:27Z,2026-05-26T16:19:27+0200,9d8474b6-9a07-4a7a-8e0f-b65ff32620de,2026-05-06T05:45:00Z,2026-05-06T07:45:00+0200,506.61749,MW,FR,FR,forecast_offshore_wind_generation,Wind Offshore,2026-05-26T14:20:23Z
2026-05-26T14:19:27Z,2026-05-26T16:19:27+0200,9d8474b6-9a07-4a7a-8e0f-b65ff32620de,2026-05-06T06:00:00Z,2026-05-06T08:00:00+0200,492.87,MW,FR,FR,forecast_offshore_wind_generation,Wind Offshore,2026-05-26T14:20:23Z
2026-05-26T14:19:27Z,2026-05-26T16:19:27+0200,9d8474b6-9a07-4a7a-8e0f-b65ff32620de,2026-05-06T06:15:00Z,2026-05-06T08:15:00+0200,472.3725,MW,FR,FR,forecast_offshore_wind_generation,Wind Offshore,2026-05-26T14:20:23Z
2026-05-26T14:19:27Z,2026-05-26T16:19:27+0200,9d8474b6-9a07-4a7a-8e0f-b65ff32620de,2026-05-06T06:30:00Z,2026-05-06T08:30:00+0200,451.87497,MW,FR,FR,forecast_offshore_wind_generation,Wind Offshore,2026-05-26T14:20:23Z
2026-05-26T14:19:27Z,2026-05-26T16:19:27+0200,9d8474b6-9a07-4a7a-8e0f-b65ff32620de,2026-05-06T06:45:00Z,2026-05-06T08:45:00+0200,431.3775,MW,FR,FR,forecast_offshore_wind_generation,Wind Offshore,2026-05-26T14:20:23Z
2026-05-26T14:19:27Z,2026-05-26T16:19:27+0200,9d8474b6-9a07-4a7a-8e0f-b65ff32620de,2026-05-06T07:00:00Z,2026-05-06T09:00:00+0200,410.88,MW,FR,FR,forecast_offshore_wind_generation,Wind Offshore,2026-05-26T14:20:23Z
2026-05-26T14:19:27Z,2026-05-26T16:19:27+0200,9d8474b6-9a07-4a7a-8e0f-b65ff32620de,2026-05-06T07:15:00Z,2026-05-06T09:15:00+0200,396.9975,MW,FR,FR,forecast_offshore_wind_generation,Wind Offshore,2026-05-26T14:20:23Z
2026-05-26T14:19:27Z,2026-05-26T16:19:27+0200,9d8474b6-9a07-4a7a-8e0f-b65ff32620de,2026-05-06T07:30:00Z,2026-05-06T09:30:00+0200,383.11499,MW,FR,FR,forecast_offshore_wind_generation,Wind Offshore,2026-05-26T14:20:23Z
2026-05-26T14:19:27Z,2026-05-26T16:19:27+0200,9d8474b6-9a07-4a7a-8e0f-b65ff32620de,2026-05-06T07:45:00Z,2026-05-06T09:45:00+0200,369.23248,MW,FR,FR,forecast_offshore_wind_generation,Wind Offshore,2026-05-26T14:20:23Z
2026-05-26T14:19:27Z,2026-05-26T16:19:27+0200,9d8474b6-9a07-4a7a-8e0f-b65ff32620de,2026-05-06T08:00:00Z,2026-05-06T10:00:00+0200,355.34998,MW,FR,FR,forecast_offshore_wind_generation,Wind Offshore,2026-05-26T14:20:23Z
2026-05-26T14:19:27Z,2026-05-26T16:19:27+0200,9d8474b6-9a07-4a7a-8e0f-b65ff32620de,2026-05-06T08:15:00Z,2026-05-06T10:15:00+0200,340.16501,MW,FR,FR,forecast_offshore_wind_generation,Wind Offshore,2026-05-26T14:20:23Z
2026-05-26T14:19:27Z,2026-05-26T16:19:27+0200,9d8474b6-9a07-4a7a-8e0f-b65ff32620de,2026-05-06T08:30:00Z,2026-05-06T10:30:00+0200,324.98001,MW,FR,FR,forecast_offshore_wind_generation,Wind Offshore,2026-05-26T14:20:23Z
2026-05-26T14:19:27Z,2026-05-26T16:19:27+0200,9d8474b6-9a07-4a7a-8e0f-b65ff32620de,2026-05-06T08:45:00Z,2026-05-06T10:45:00+0200,309.79498,MW,FR,FR,forecast_offshore_wind_generation,Wind Offshore,2026-05-26T14:20:23Z
2026-05-26T14:19:27Z,2026-05-26T16:19:27+0200,9d8474b6-9a07-4a7a-8e0f-b65ff32620de,2026-05-06T09:00:00Z,2026-05-06T11:00:00+0200,294.61002,MW,FR,FR,forecast_offshore_wind_generation,Wind Offshore,2026-05-26T14:20:23Z
2026-05-26T14:19:27Z,2026-05-26T16:19:27+0200,9d8474b6-9a07-4a7a-8e0f-b65ff32620de,2026-05-06T09:15:00Z,2026-05-06T11:15:00+0200,283.46503,MW,FR,FR,forecast_offshore_wind_generation,Wind Offshore,2026-05-26T14:20:23Z
2026-05-26T14:19:27Z,2026-05-26T16:19:27+0200,9d8474b6-9a07-4a7a-8e0f-b65ff32620de,2026-05-06T09:30:00Z,2026-05-06T11:30:00+0200,272.32001,MW,FR,FR,forecast_offshore_wind_generation,Wind Offshore,2026-05-26T14:20:23Z
2026-05-26T14:19:27Z,2026-05-26T16:19:27+0200,9d8474b6-9a07-4a7a-8e0f-b65ff32620de,2026-05-06T09:45:00Z,2026-05-06T11:45:00+0200,261.17499,MW,FR,FR,forecast_offshore_wind_generation,Wind Offshore,2026-05-26T14:20:23Z
2026-05-26T14:19:27Z,2026-05-26T16:19:27+0200,9d8474b6-9a07-4a7a-8e0f-b65ff32620de,2026-05-06T10:00:00Z,2026-05-06T12:00:00+0200,250.03,MW,FR,FR,forecast_offshore_wind_generation,Wind Offshore,2026-05-26T14:20:23Z
2026-05-26T14:19:27Z,2026-05-26T16:19:27+0200,9d8474b6-9a07-4a7a-8e0f-b65ff32620de,2026-05-06T10:15:00Z,2026-05-06T12:15:00+0200,241.0125,MW,FR,FR,forecast_offshore_wind_generation,Wind Offshore,2026-05-26T14:20:23Z
2026-05-26T14:19:27Z,2026-05-26T16:19:27+0200,9d8474b6-9a07-4a7a-8e0f-b65ff32620de,2026-05-06T10:30:00Z,2026-05-06T12:30:00+0200,231.995,MW,FR,FR,forecast_offshore_wind_generation,Wind Offshore,2026-05-26T14:20:23Z
2026-05-26T14:19:27Z,2026-05-26T16:19:27+0200,9d8474b6-9a07-4a7a-8e0f-b65ff32620de,2026-05-06T10:45:00Z,2026-05-06T12:45:00+0200,222.97751,MW,FR,FR,forecast_offshore_wind_generation,Wind Offshore,2026-05-26T14:20:23Z
2026-05-26T14:19:27Z,2026-05-26T16:19:27+0200,9d8474b6-9a07-4a7a-8e0f-b65ff32620de,2026-05-06T11:00:00Z,2026-05-06T13:00:00+0200,213.95999,MW,FR,FR,forecast_offshore_wind_generation,Wind Offshore,2026-05-26T14:20:23Z
2026-05-26T14:19:27Z,2026-05-26T16:19:27+0200,9d8474b6-9a07-4a7a-8e0f-b65ff32620de,2026-05-06T11:15:00Z,2026-05-06T13:15:00+0200,208.03751,MW,FR,FR,forecast_offshore_wind_generation,Wind Offshore,2026-05-26T14:20:23Z
2026-05-26T14:19:27Z,2026-05-26T16:19:27+0200,9d8474b6-9a07-4a7a-8e0f-b65ff32620de,2026-05-06T11:30:00Z,2026-05-06T13:30:00+0200,202.11499,MW,FR,FR,forecast_offshore_wind_generation,Wind Offshore,2026-05-26T14:20:23Z
2026-05-26T14:19:27Z,2026-05-26T16:19:27+0200,9d8474b6-9a07-4a7a-8e0f-b65ff32620de,2026-05-06T11:45:00Z,2026-05-06T13:45:00+0200,196.1925,MW,FR,FR,forecast_offshore_wind_generation,Wind Offshore,2026-05-26T14:20:23Z
2026-05-26T14:19:27Z,2026-05-26T16:19:27+0200,9d8474b6-9a07-4a7a-8e0f-b65ff32620de,2026-05-06T12:00:00Z,2026-05-06T14:00:00+0200,190.27,MW,FR,FR,forecast_offshore_wind_generation,Wind Offshore,2026-05-26T14:20:23Z
2026-05-26T14:19:27Z,2026-05-26T16:19:27+0200,9d8474b6-9a07-4a7a-8e0f-b65ff32620de,2026-05-06T12:15:00Z,2026-05-06T14:15:00+0200,183.64751,MW,FR,FR,forecast_offshore_wind_generation,Wind Offshore,2026-05-26T14:20:23Z
2026-05-26T14:19:27Z,2026-05-26T16:19:27+0200,9d8474b6-9a07-4a7a-8e0f-b65ff32620de,2026-05-06T12:30:00Z,2026-05-06T14:30:00+0200,177.02499,MW,FR,FR,forecast_offshore_wind_generation,Wind Offshore,2026-05-26T14:20:23Z
2026-05-26T14:19:27Z,2026-05-26T16:19:27+0200,9d8474b6-9a07-4a7a-8e0f-b65ff32620de,2026-05-06T12:45:00Z,2026-05-06T14:45:00+0200,170.4025,MW,FR,FR,forecast_offshore_wind_generation,Wind Offshore,2026-05-26T14:20:23Z
2026-05-26T14:19:27Z,2026-05-26T16:19:27+0200,9d8474b6-9a07-4a7a-8e0f-b65ff32620de,2026-05-06T13:00:00Z,2026-05-06T15:00:00+0200,163.78,MW,FR,FR,forecast_offshore_wind_generation,Wind Offshore,2026-05-26T14:20:23Z
2026-05-26T14:19:27Z,2026-05-26T16:19:27+0200,9d8474b6-9a07-4a7a-8e0f-b65ff32620de,2026-05-06T13:15:00Z,2026-05-06T15:15:00+0200,157.8925,MW,FR,FR,forecast_offshore_wind_generation,Wind Offshore,2026-05-26T14:20:23Z
2026-05-26T14:19:27Z,2026-05-26T16:19:27+0200,9d8474b6-9a07-4a7a-8e0f-b65ff32620de,2026-05-06T13:30:00Z,2026-05-06T15:30:00+0200,152.005,MW,FR,FR,forecast_offshore_wind_generation,Wind Offshore,2026-05-26T14:20:23Z
2026-05-26T14:19:27Z,2026-05-26T16:19:27+0200,9d8474b6-9a07-4a7a-8e0f-b65ff32620de,2026-05-06T13:45:00Z,2026-05-06T15:45:00+0200,146.11751,MW,FR,FR,forecast_offshore_wind_generation,Wind Offshore,2026-05-26T14:20:23Z
2026-05-26T14:19:27Z,2026-05-26T16:19:27+0200,9d8474b6-9a07-4a7a-8e0f-b65ff32620de,2026-05-06T14:00:00Z,2026-05-06T16:00:00+0200,140.23001,MW,FR,FR,forecast_offshore_wind_generation,Wind Offshore,2026-05-26T14:20:23Z
2026-05-26T14:19:27Z,2026-05-26T16:19:27+0200,9d8474b6-9a07-4a7a-8e0f-b65ff32620de,2026-05-06T14:15:00Z,2026-05-06T16:15:00+0200,146.07251,MW,FR,FR,forecast_offshore_wind_generation,Wind Offshore,2026-05-26T14:20:23Z
2026-05-26T14:19:27Z,2026-05-26T16:19:27+0200,9d8474b6-9a07-4a7a-8e0f-b65ff32620de,2026-05-06T14:30:00Z,2026-05-06T16:30:00+0200,151.91501,MW,FR,FR,forecast_offshore_wind_generation,Wind Offshore,2026-05-26T14:20:23Z
2026-05-26T14:19:27Z,2026-05-26T16:19:27+0200,9d8474b6-9a07-4a7a-8e0f-b65ff32620de,2026-05-06T14:45:00Z,2026-05-06T16:45:00+0200,157.75749,MW,FR,FR,forecast_offshore_wind_generation,Wind Offshore,2026-05-26T14:20:23Z
2026-05-26T14:19:27Z,2026-05-26T16:19:27+0200,9d8474b6-9a07-4a7a-8e0f-b65ff32620de,2026-05-06T15:00:00Z,2026-05-06T17:00:00+0200,163.59999,MW,FR,FR,forecast_offshore_wind_generation,Wind Offshore,2026-05-26T14:20:23Z
2026-05-26T14:19:27Z,2026-05-26T16:19:27+0200,9d8474b6-9a07-4a7a-8e0f-b65ff32620de,2026-05-06T15:15:00Z,2026-05-06T17:15:00+0200,172.13499,MW,FR,FR,forecast_offshore_wind_generation,Wind Offshore,2026-05-26T14:20:23Z
2026-05-26T14:19:27Z,2026-05-26T16:19:27+0200,9d8474b6-9a07-4a7a-8e0f-b65ff32620de,2026-05-06T15:30:00Z,2026-05-06T17:30:00+0200,180.66998,MW,FR,FR,forecast_offshore_wind_generation,Wind Offshore,2026-05-26T14:20:23Z
2026-05-26T14:19:27Z,2026-05-26T16:19:27+0200,9d8474b6-9a07-4a7a-8e0f-b65ff32620de,2026-05-06T15:45:00Z,2026-05-06T17:45:00+0200,189.205,MW,FR,FR,forecast_offshore_wind_generation,Wind Offshore,2026-05-26T14:20:23Z
2026-05-26T14:19:27Z,2026-05-26T16:19:27+0200,9d8474b6-9a07-4a7a-8e0f-b65ff32620de,2026-05-06T16:00:00Z,2026-05-06T18:00:00+0200,197.73999,MW,FR,FR,forecast_offshore_wind_generation,Wind Offshore,2026-05-26T14:20:23Z
2026-05-26T14:19:27Z,2026-05-26T16:19:27+0200,9d8474b6-9a07-4a7a-8e0f-b65ff32620de,2026-05-06T16:15:00Z,2026-05-06T18:15:00+0200,196.53,MW,FR,FR,forecast_offshore_wind_generation,Wind Offshore,2026-05-26T14:20:23Z
2026-05-26T14:19:27Z,2026-05-26T16:19:27+0200,9d8474b6-9a07-4a7a-8e0f-b65ff32620de,2026-05-06T16:30:00Z,2026-05-06T18:30:00+0200,195.32001,MW,FR,FR,forecast_offshore_wind_generation,Wind Offshore,2026-05-26T14:20:23Z
2026-05-26T14:19:27Z,2026-05-26T16:19:27+0200,9d8474b6-9a07-4a7a-8e0f-b65ff32620de,2026-05-06T16:45:00Z,2026-05-06T18:45:00+0200,194.11,MW,FR,FR,forecast_offshore_wind_generation,Wind Offshore,2026-05-26T14:20:23Z
2026-05-26T14:19:27Z,2026-05-26T16:19:27+0200,9d8474b6-9a07-4a7a-8e0f-b65ff32620de,2026-05-06T17:00:00Z,2026-05-06T19:00:00+0200,192.89999,MW,FR,FR,forecast_offshore_wind_generation,Wind Offshore,2026-05-26T14:20:23Z
2026-05-26T14:19:27Z,2026-05-26T16:19:27+0200,9d8474b6-9a07-4a7a-8e0f-b65ff32620de,2026-05-06T17:15:00Z,2026-05-06T19:15:00+0200,194.155,MW,FR,FR,forecast_offshore_wind_generation,Wind Offshore,2026-05-26T14:20:23Z
2026-05-26T14:19:27Z,2026-05-26T16:19:27+0200,9d8474b6-9a07-4a7a-8e0f-b65ff32620de,2026-05-06T17:30:00Z,2026-05-06T19:30:00+0200,195.40999,MW,FR,FR,forecast_offshore_wind_generation,Wind Offshore,2026-05-26T14:20:23Z
2026-05-26T14:19:27Z,2026-05-26T16:19:27+0200,9d8474b6-9a07-4a7a-8e0f-b65ff32620de,2026-05-06T17:45:00Z,2026-05-06T19:45:00+0200,196.66501,MW,FR,FR,forecast_offshore_wind_generation,Wind Offshore,2026-05-26T14:20:23Z
2026-05-26T14:19:27Z,2026-05-26T16:19:27+0200,9d8474b6-9a07-4a7a-8e0f-b65ff32620de,2026-05-06T18:00:00Z,2026-05-06T20:00:00+0200,197.92,MW,FR,FR,forecast_offshore_wind_generation,Wind Offshore,2026-05-26T14:20:23Z
2026-05-26T14:19:27Z,2026-05-26T16:19:27+0200,9d8474b6-9a07-4a7a-8e0f-b65ff32620de,2026-05-06T18:15:00Z,2026-05-06T20:15:00+0200,193.0575,MW,FR,FR,forecast_offshore_wind_generation,Wind Offshore,2026-05-26T14:20:23Z
2026-05-26T14:19:27Z,2026-05-26T16:19:27+0200,9d8474b6-9a07-4a7a-8e0f-b65ff32620de,2026-05-06T18:30:00Z,2026-05-06T20:30:00+0200,188.19499,MW,FR,FR,forecast_offshore_wind_generation,Wind Offshore,2026-05-26T14:20:23Z
2026-05-26T14:19:27Z,2026-05-26T16:19:27+0200,9d8474b6-9a07-4a7a-8e0f-b65ff32620de,2026-05-06T18:45:00Z,2026-05-06T20:45:00+0200,183.33252,MW,FR,FR,forecast_offshore_wind_generation,Wind Offshore,2026-05-26T14:20:23Z
2026-05-26T14:19:27Z,2026-05-26T16:19:27+0200,9d8474b6-9a07-4a7a-8e0f-b65ff32620de,2026-05-06T19:00:00Z,2026-05-06T21:00:00+0200,178.47,MW,FR,FR,forecast_offshore_wind_generation,Wind Offshore,2026-05-26T14:20:23Z
2026-05-26T14:19:27Z,2026-05-26T16:19:27+0200,9d8474b6-9a07-4a7a-8e0f-b65ff32620de,2026-05-06T19:15:00Z,2026-05-06T21:15:00+0200,180.5775,MW,FR,FR,forecast_offshore_wind_generation,Wind Offshore,2026-05-26T14:20:23Z
2026-05-26T14:19:27Z,2026-05-26T16:19:27+0200,9d8474b6-9a07-4a7a-8e0f-b65ff32620de,2026-05-06T19:30:00Z,2026-05-06T21:30:00+0200,182.685,MW,FR,FR,forecast_offshore_wind_generation,Wind Offshore,2026-05-26T14:20:23Z
2026-05-26T14:19:27Z,2026-05-26T16:19:27+0200,9d8474b6-9a07-4a7a-8e0f-b65ff32620de,2026-05-06T19:45:00Z,2026-05-06T21:45:00+0200,184.7925,MW,FR,FR,forecast_offshore_wind_generation,Wind Offshore,2026-05-26T14:20:23Z
2026-05-26T14:19:27Z,2026-05-26T16:19:27+0200,9d8474b6-9a07-4a7a-8e0f-b65ff32620de,2026-05-06T20:00:00Z,2026-05-06T22:00:00+0200,186.89999,MW,FR,FR,forecast_offshore_wind_generation,Wind Offshore,2026-05-26T14:20:23Z
2026-05-26T14:19:27Z,2026-05-26T16:19:27+0200,9d8474b6-9a07-4a7a-8e0f-b65ff32620de,2026-05-06T20:15:00Z,2026-05-06T22:15:00+0200,183.31,MW,FR,FR,forecast_offshore_wind_generation,Wind Offshore,2026-05-26T14:20:23Z
2026-05-26T14:19:27Z,2026-05-26T16:19:27+0200,9d8474b6-9a07-4a7a-8e0f-b65ff32620de,2026-05-06T20:30:00Z,2026-05-06T22:30:00+0200,179.72,MW,FR,FR,forecast_offshore_wind_generation,Wind Offshore,2026-05-26T14:20:23Z
2026-05-26T14:19:27Z,2026-05-26T16:19:27+0200,9d8474b6-9a07-4a7a-8e0f-b65ff32620de,2026-05-06T20:45:00Z,2026-05-06T22:45:00+0200,176.12999,MW,FR,FR,forecast_offshore_wind_generation,Wind Offshore,2026-05-26T14:20:23Z
2026-05-26T14:19:27Z,2026-05-26T16:19:27+0200,9d8474b6-9a07-4a7a-8e0f-b65ff32620de,2026-05-06T21:00:00Z,2026-05-06T23:00:00+0200,172.53999,MW,FR,FR,forecast_offshore_wind_generation,Wind Offshore,2026-05-26T14:20:23Z
2026-05-26T14:19:27Z,2026-05-26T16:19:27+0200,9d8474b6-9a07-4a7a-8e0f-b65ff32620de,2026-05-06T21:15:00Z,2026-05-06T23:15:00+0200,173.21249,MW,FR,FR,forecast_offshore_wind_generation,Wind Offshore,2026-05-26T14:20:23Z
2026-05-26T14:19:27Z,2026-05-26T16:19:27+0200,9d8474b6-9a07-4a7a-8e0f-b65ff32620de,2026-05-06T21:30:00Z,2026-05-06T23:30:00+0200,173.88499,MW,FR,FR,forecast_offshore_wind_generation,Wind Offshore,2026-05-26T14:20:23Z
2026-05-26T14:19:27Z,2026-05-26T16:19:27+0200,9d8474b6-9a07-4a7a-8e0f-b65ff32620de,2026-05-06T21:45:00Z,2026-05-06T23:45:00+0200,174.5575,MW,FR,FR,forecast_offshore_wind_generation,Wind Offshore,2026-05-26T14:20:23Z
2026-05-26T14:19:27Z,2026-05-26T16:19:27+0200,9d8474b6-9a07-4a7a-8e0f-b65ff32620de,2026-05-06T22:00:00Z,2026-05-07T00:00:00+0200,101.01,MW,FR,FR,forecast_offshore_wind_generation,Wind Offshore,2026-05-26T14:20:23Z
2026-05-26T14:19:27Z,2026-05-26T16:19:27+0200,9d8474b6-9a07-4a7a-8e0f-b65ff32620de,2026-05-06T22:15:00Z,2026-05-07T00:15:00+0200,98.645,MW,FR,FR,forecast_offshore_wind_generation,Wind Offshore,2026-05-26T14:20:23Z
2026-05-26T14:19:27Z,2026-05-26T16:19:27+0200,9d8474b6-9a07-4a7a-8e0f-b65ff32620de,2026-05-06T22:30:00Z,2026-05-07T00:30:00+0200,96.28,MW,FR,FR,forecast_offshore_wind_generation,Wind Offshore,2026-05-26T14:20:23Z
2026-05-26T14:19:27Z,2026-05-26T16:19:27+0200,9d8474b6-9a07-4a7a-8e0f-b65ff32620de,2026-05-06T22:45:00Z,2026-05-07T00:45:00+0200,93.91499,MW,FR,FR,forecast_offshore_wind_generation,Wind Offshore,2026-05-26T14:20:23Z
2026-05-26T14:19:27Z,2026-05-26T16:19:27+0200,9d8474b6-9a07-4a7a-8e0f-b65ff32620de,2026-05-06T23:00:00Z,2026-05-07T01:00:00+0200,91.55,MW,FR,FR,forecast_offshore_wind_generation,Wind Offshore,2026-05-26T14:20:23Z
2026-05-26T14:19:27Z,2026-05-26T16:19:27+0200,9d8474b6-9a07-4a7a-8e0f-b65ff32620de,2026-05-06T23:15:00Z,2026-05-07T01:15:00+0200,91.755,MW,FR,FR,forecast_offshore_wind_generation,Wind Offshore,2026-05-26T14:20:23Z
2026-05-26T14:19:27Z,2026-05-26T16:19:27+0200,9d8474b6-9a07-4a7a-8e0f-b65ff32620de,2026-05-06T23:30:00Z,2026-05-07T01:30:00+0200,91.96,MW,FR,FR,forecast_offshore_wind_generation,Wind Offshore,2026-05-26T14:20:23Z
2026-05-26T14:19:27Z,2026-05-26T16:19:27+0200,9d8474b6-9a07-4a7a-8e0f-b65ff32620de,2026-05-06T23:45:00Z,2026-05-07T01:45:00+0200,92.165,MW,FR,FR,forecast_offshore_wind_generation,Wind Offshore,2026-05-26T14:20:23Z
2026-05-26T14:19:27Z,2026-05-26T16:19:27+0200,9d8474b6-9a07-4a7a-8e0f-b65ff32620de,2026-05-07T00:00:00Z,2026-05-07T02:00:00+0200,92.37,MW,FR,FR,forecast_offshore_wind_generation,Wind Offshore,2026-05-26T14:20:23Z
2026-05-26T14:19:27Z,2026-05-26T16:19:27+0200,9d8474b6-9a07-4a7a-8e0f-b65ff32620de,2026-05-07T00:15:00Z,2026-05-07T02:15:00+0200,93.6225,MW,FR,FR,forecast_offshore_wind_generation,Wind Offshore,2026-05-26T14:20:23Z
2026-05-26T14:19:27Z,2026-05-26T16:19:27+0200,9d8474b6-9a07-4a7a-8e0f-b65ff32620de,2026-05-07T00:30:00Z,2026-05-07T02:30:00+0200,94.87499,MW,FR,FR,forecast_offshore_wind_generation,Wind Offshore,2026-05-26T14:20:23Z
2026-05-26T14:19:27Z,2026-05-26T16:19:27+0200,9d8474b6-9a07-4a7a-8e0f-b65ff32620de,2026-05-07T00:45:00Z,2026-05-07T02:45:00+0200,96.1275,MW,FR,FR,forecast_offshore_wind_generation,Wind Offshore,2026-05-26T14:20:23Z
2026-05-26T14:19:27Z,2026-05-26T16:19:27+0200,9d8474b6-9a07-4a7a-8e0f-b65ff32620de,2026-05-07T01:00:00Z,2026-05-07T03:00:00+0200,97.38,MW,FR,FR,forecast_offshore_wind_generation,Wind Offshore,2026-05-26T14:20:23Z
2026-05-26T14:19:27Z,2026-05-26T16:19:27+0200,9d8474b6-9a07-4a7a-8e0f-b65ff32620de,2026-05-07T01:15:00Z,2026-05-07T03:15:00+0200,96.125,MW,FR,FR,forecast_offshore_wind_generation,Wind Offshore,2026-05-26T14:20:23Z
2026-05-26T14:19:27Z,2026-05-26T16:19:27+0200,9d8474b6-9a07-4a7a-8e0f-b65ff32620de,2026-05-07T01:30:00Z,2026-05-07T03:30:00+0200,94.87,MW,FR,FR,forecast_offshore_wind_generation,Wind Offshore,2026-05-26T14:20:23Z
2026-05-26T14:19:27Z,2026-05-26T16:19:27+0200,9d8474b6-9a07-4a7a-8e0f-b65ff32620de,2026-05-07T01:45:00Z,2026-05-07T03:45:00+0200,93.61501,MW,FR,FR,forecast_offshore_wind_generation,Wind Offshore,2026-05-26T14:20:23Z
2026-05-26T14:19:27Z,2026-05-26T16:19:27+0200,9d8474b6-9a07-4a7a-8e0f-b65ff32620de,2026-05-07T02:00:00Z,2026-05-07T04:00:00+0200,92.36,MW,FR,FR,forecast_offshore_wind_generation,Wind Offshore,2026-05-26T14:20:23Z
2026-05-26T14:19:27Z,2026-05-26T16:19:27+0200,9d8474b6-9a07-4a7a-8e0f-b65ff32620de,2026-05-07T02:15:00Z,2026-05-07T04:15:00+0200,91.7675,MW,FR,FR,forecast_offshore_wind_generation,Wind Offshore,2026-05-26T14:20:23Z
2026-05-26T14:19:27Z,2026-05-26T16:19:27+0200,9d8474b6-9a07-4a7a-8e0f-b65ff32620de,2026-05-07T02:30:00Z,2026-05-07T04:30:00+0200,91.175,MW,FR,FR,forecast_offshore_wind_generation,Wind Offshore,2026-05-26T14:20:23Z
2026-05-26T14:19:27Z,2026-05-26T16:19:27+0200,9d8474b6-9a07-4a7a-8e0f-b65ff32620de,2026-05-07T02:45:00Z,2026-05-07T04:45:00+0200,90.5825,MW,FR,FR,forecast_offshore_wind_generation,Wind Offshore,2026-05-26T14:20:23Z
2026-05-26T14:19:27Z,2026-05-26T16:19:27+0200,9d8474b6-9a07-4a7a-8e0f-b65ff32620de,2026-05-07T03:00:00Z,2026-05-07T05:00:00+0200,89.99001,MW,FR,FR,forecast_offshore_wind_generation,Wind Offshore,2026-05-26T14:20:23Z
2026-05-26T14:19:27Z,2026-05-26T16:19:27+0200,9d8474b6-9a07-4a7a-8e0f-b65ff32620de,2026-05-07T03:15:00Z,2026-05-07T05:15:00+0200,93.0925,MW,FR,FR,forecast_offshore_wind_generation,Wind Offshore,2026-05-26T14:20:23Z
2026-05-26T14:19:27Z,2026-05-26T16:19:27+0200,9d8474b6-9a07-4a7a-8e0f-b65ff32620de,2026-05-07T03:30:00Z,2026-05-07T05:30:00+0200,96.195,MW,FR,FR,forecast_offshore_wind_generation,Wind Offshore,2026-05-26T14:20:23Z
2026-05-26T14:19:27Z,2026-05-26T16:19:27+0200,9d8474b6-9a07-4a7a-8e0f-b65ff32620de,2026-05-07T03:45:00Z,2026-05-07T05:45:00+0200,99.2975,MW,FR,FR,forecast_offshore_wind_generation,Wind Offshore,2026-05-26T14:20:23Z
2026-05-26T14:19:27Z,2026-05-26T16:19:27+0200,9d8474b6-9a07-4a7a-8e0f-b65ff32620de,2026-05-07T04:00:00Z,2026-05-07T06:00:00+0200,102.4,MW,FR,FR,forecast_offshore_wind_generation,Wind Offshore,2026-05-26T14:20:23Z
2026-05-26T14:19:27Z,2026-05-26T16:19:27+0200,9d8474b6-9a07-4a7a-8e0f-b65ff32620de,2026-05-07T04:15:00Z,2026-05-07T06:15:00+0200,106.7975,MW,FR,FR,forecast_offshore_wind_generation,Wind Offshore,2026-05-26T14:20:23Z
2026-05-26T14:19:27Z,2026-05-26T16:19:27+0200,9d8474b6-9a07-4a7a-8e0f-b65ff32620de,2026-05-07T04:30:00Z,2026-05-07T06:30:00+0200,111.19499,MW,FR,FR,forecast_offshore_wind_generation,Wind Offshore,2026-05-26T14:20:23Z
2026-05-26T14:19:27Z,2026-05-26T16:19:27+0200,9d8474b6-9a07-4a7a-8e0f-b65ff32620de,2026-05-07T04:45:00Z,2026-05-07T06:45:00+0200,115.59249,MW,FR,FR,forecast_offshore_wind_generation,Wind Offshore,2026-05-26T14:20:23Z
2026-05-26T14:19:27Z,2026-05-26T16:19:27+0200,9d8474b6-9a07-4a7a-8e0f-b65ff32620de,2026-05-07T05:00:00Z,2026-05-07T07:00:00+0200,119.99001,MW,FR,FR,forecast_offshore_wind_generation,Wind Offshore,2026-05-26T14:20:23Z
2026-05-26T14:19:27Z,2026-05-26T16:19:27+0200,9d8474b6-9a07-4a7a-8e0f-b65ff32620de,2026-05-07T05:15:00Z,2026-05-07T07:15:00+0200,121.7675,MW,FR,FR,forecast_offshore_wind_generation,Wind Offshore,2026-05-26T14:20:23Z
2026-05-26T14:19:27Z,2026-05-26T16:19:27+0200,9d8474b6-9a07-4a7a-8e0f-b65ff32620de,2026-05-07T05:30:00Z,2026-05-07T07:30:00+0200,123.545,MW,FR,FR,forecast_offshore_wind_generation,Wind Offshore,2026-05-26T14:20:23Z
2026-05-26T14:19:27Z,2026-05-26T16:19:27+0200,9d8474b6-9a07-4a7a-8e0f-b65ff32620de,2026-05-07T05:45:00Z,2026-05-07T07:45:00+0200,125.32249,MW,FR,FR,forecast_offshore_wind_generation,Wind Offshore,2026-05-26T14:20:23Z
2026-05-26T14:19:27Z,2026-05-26T16:19:27+0200,9d8474b6-9a07-4a7a-8e0f-b65ff32620de,2026-05-07T06:00:00Z,2026-05-07T08:00:00+0200,127.1,MW,FR,FR,forecast_offshore_wind_generation,Wind Offshore,2026-05-26T14:20:23Z
2026-05-26T14:19:27Z,2026-05-26T16:19:27+0200,9d8474b6-9a07-4a7a-8e0f-b65ff32620de,2026-05-07T06:15:00Z,2026-05-07T08:15:00+0200,123.5275,MW,FR,FR,forecast_offshore_wind_generation,Wind Offshore,2026-05-26T14:20:23Z
2026-05-26T14:19:27Z,2026-05-26T16:19:27+0200,9d8474b6-9a07-4a7a-8e0f-b65ff32620de,2026-05-07T06:30:00Z,2026-05-07T08:30:00+0200,119.955,MW,FR,FR,forecast_offshore_wind_generation,Wind Offshore,2026-05-26T14:20:23Z
2026-05-26T14:19:27Z,2026-05-26T16:19:27+0200,9d8474b6-9a07-4a7a-8e0f-b65ff32620de,2026-05-07T06:45:00Z,2026-05-07T08:45:00+0200,116.38249,MW,FR,FR,forecast_offshore_wind_generation,Wind Offshore,2026-05-26T14:20:23Z
2026-05-26T14:19:27Z,2026-05-26T16:19:27+0200,9d8474b6-9a07-4a7a-8e0f-b65ff32620de,2026-05-07T07:00:00Z,2026-05-07T09:00:00+0200,112.81,MW,FR,FR,forecast_offshore_wind_generation,Wind Offshore,2026-05-26T14:20:23Z
2026-05-26T14:19:27Z,2026-05-26T16:19:27+0200,9d8474b6-9a07-4a7a-8e0f-b65ff32620de,2026-05-07T07:15:00Z,2026-05-07T09:15:00+0200,115.12,MW,FR,FR,forecast_offshore_wind_generation,Wind Offshore,2026-05-26T14:20:23Z
2026-05-26T14:19:27Z,2026-05-26T16:19:27+0200,9d8474b6-9a07-4a7a-8e0f-b65ff32620de,2026-05-07T07:30:00Z,2026-05-07T09:30:00+0200,117.43,MW,FR,FR,forecast_offshore_wind_generation,Wind Offshore,2026-05-26T14:20:23Z
2026-05-26T14:19:27Z,2026-05-26T16:19:27+0200,9d8474b6-9a07-4a7a-8e0f-b65ff32620de,2026-05-07T07:45:00Z,2026-05-07T09:45:00+0200,119.74001,MW,FR,FR,forecast_offshore_wind_generation,Wind Offshore,2026-05-26T14:20:23Z
2026-05-26T14:19:27Z,2026-05-26T16:19:27+0200,9d8474b6-9a07-4a7a-8e0f-b65ff32620de,2026-05-07T08:00:00Z,2026-05-07T10:00:00+0200,122.05,MW,FR,FR,forecast_offshore_wind_generation,Wind Offshore,2026-05-26T14:20:23Z
2026-05-26T14:19:27Z,2026-05-26T16:19:27+0200,9d8474b6-9a07-4a7a-8e0f-b65ff32620de,2026-05-07T08:15:00Z,2026-05-07T10:15:00+0200,125.5175,MW,FR,FR,forecast_offshore_wind_generation,Wind Offshore,2026-05-26T14:20:23Z
2026-05-26T14:19:27Z,2026-05-26T16:19:27+0200,9d8474b6-9a07-4a7a-8e0f-b65ff32620de,2026-05-07T08:30:00Z,2026-05-07T10:30:00+0200,128.985,MW,FR,FR,forecast_offshore_wind_generation,Wind Offshore,2026-05-26T14:20:23Z
2026-05-26T14:19:27Z,2026-05-26T16:19:27+0200,9d8474b6-9a07-4a7a-8e0f-b65ff32620de,2026-05-07T08:45:00Z,2026-05-07T10:45:00+0200,132.4525,MW,FR,FR,forecast_offshore_wind_generation,Wind Offshore,2026-05-26T14:20:23Z
2026-05-26T14:19:27Z,2026-05-26T16:19:27+0200,9d8474b6-9a07-4a7a-8e0f-b65ff32620de,2026-05-07T09:00:00Z,2026-05-07T11:00:00+0200,135.92001,MW,FR,FR,forecast_offshore_wind_generation,Wind Offshore,2026-05-26T14:20:23Z
2026-05-26T14:19:27Z,2026-05-26T16:19:27+0200,9d8474b6-9a07-4a7a-8e0f-b65ff32620de,2026-05-07T09:15:00Z,2026-05-07T11:15:00+0200,137.84999,MW,FR,FR,forecast_offshore_wind_generation,Wind Offshore,2026-05-26T14:20:23Z
2026-05-26T14:19:27Z,2026-05-26T16:19:27+0200,9d8474b6-9a07-4a7a-8e0f-b65ff32620de,2026-05-07T09:30:00Z,2026-05-07T11:30:00+0200,139.78,MW,FR,FR,forecast_offshore_wind_generation,Wind Offshore,2026-05-26T14:20:23Z
2026-05-26T14:19:27Z,2026-05-26T16:19:27+0200,9d8474b6-9a07-4a7a-8e0f-b65ff32620de,2026-05-07T09:45:00Z,2026-05-07T11:45:00+0200,141.70999,MW,FR,FR,forecast_offshore_wind_generation,Wind Offshore,2026-05-26T14:20:23Z
2026-05-26T14:19:27Z,2026-05-26T16:19:27+0200,9d8474b6-9a07-4a7a-8e0f-b65ff32620de,2026-05-07T10:00:00Z,2026-05-07T12:00:00+0200,143.64,MW,FR,FR,forecast_offshore_wind_generation,Wind Offshore,2026-05-26T14:20:23Z
2026-05-26T14:19:27Z,2026-05-26T16:19:27+0200,9d8474b6-9a07-4a7a-8e0f-b65ff32620de,2026-05-07T10:15:00Z,2026-05-07T12:15:00+0200,146.77251,MW,FR,FR,forecast_offshore_wind_generation,Wind Offshore,2026-05-26T14:20:23Z
2026-05-26T14:19:27Z,2026-05-26T16:19:27+0200,9d8474b6-9a07-4a7a-8e0f-b65ff32620de,2026-05-07T10:30:00Z,2026-05-07T12:30:00+0200,149.905,MW,FR,FR,forecast_offshore_wind_generation,Wind Offshore,2026-05-26T14:20:23Z
2026-05-26T14:19:27Z,2026-05-26T16:19:27+0200,9d8474b6-9a07-4a7a-8e0f-b65ff32620de,2026-05-07T10:45:00Z,2026-05-07T12:45:00+0200,153.03751,MW,FR,FR,forecast_offshore_wind_generation,Wind Offshore,2026-05-26T14:20:23Z
2026-05-26T14:19:27Z,2026-05-26T16:19:27+0200,9d8474b6-9a07-4a7a-8e0f-b65ff32620de,2026-05-07T11:00:00Z,2026-05-07T13:00:00+0200,156.17001,MW,FR,FR,forecast_offshore_wind_generation,Wind Offshore,2026-05-26T14:20:23Z
2026-05-26T14:19:27Z,2026-05-26T16:19:27+0200,9d8474b6-9a07-4a7a-8e0f-b65ff32620de,2026-05-07T11:15:00Z,2026-05-07T13:15:00+0200,160.16748,MW,FR,FR,forecast_offshore_wind_generation,Wind Offshore,2026-05-26T14:20:23Z
2026-05-26T14:19:27Z,2026-05-26T16:19:27+0200,9d8474b6-9a07-4a7a-8e0f-b65ff32620de,2026-05-07T11:30:00Z,2026-05-07T13:30:00+0200,164.16501,MW,FR,FR,forecast_offshore_wind_generation,Wind Offshore,2026-05-26T14:20:23Z
2026-05-26T14:19:27Z,2026-05-26T16:19:27+0200,9d8474b6-9a07-4a7a-8e0f-b65ff32620de,2026-05-07T11:45:00Z,2026-05-07T13:45:00+0200,168.16251,MW,FR,FR,forecast_offshore_wind_generation,Wind Offshore,2026-05-26T14:20:23Z
2026-05-26T14:19:27Z,2026-05-26T16:19:27+0200,9d8474b6-9a07-4a7a-8e0f-b65ff32620de,2026-05-07T12:00:00Z,2026-05-07T14:00:00+0200,172.16,MW,FR,FR,forecast_offshore_wind_generation,Wind Offshore,2026-05-26T14:20:23Z
2026-05-26T14:19:27Z,2026-05-26T16:19:27+0200,9d8474b6-9a07-4a7a-8e0f-b65ff32620de,2026-05-07T12:15:00Z,2026-05-07T14:15:00+0200,176.49001,MW,FR,FR,forecast_offshore_wind_generation,Wind Offshore,2026-05-26T14:20:23Z
2026-05-26T14:19:27Z,2026-05-26T16:19:27+0200,9d8474b6-9a07-4a7a-8e0f-b65ff32620de,2026-05-07T12:30:00Z,2026-05-07T14:30:00+0200,180.81999,MW,FR,FR,forecast_offshore_wind_generation,Wind Offshore,2026-05-26T14:20:23Z
2026-05-26T14:19:27Z,2026-05-26T16:19:27+0200,9d8474b6-9a07-4a7a-8e0f-b65ff32620de,2026-05-07T12:45:00Z,2026-05-07T14:45:00+0200,185.14999,MW,FR,FR,forecast_offshore_wind_generation,Wind Offshore,2026-05-26T14:20:23Z
2026-05-26T14:19:27Z,2026-05-26T16:19:27+0200,9d8474b6-9a07-4a7a-8e0f-b65ff32620de,2026-05-07T13:00:00Z,2026-05-07T15:00:00+0200,189.47998,MW,FR,FR,forecast_offshore_wind_generation,Wind Offshore,2026-05-26T14:20:23Z
2026-05-26T14:19:27Z,2026-05-26T16:19:27+0200,9d8474b6-9a07-4a7a-8e0f-b65ff32620de,2026-05-07T13:15:00Z,2026-05-07T15:15:00+0200,189.75998,MW,FR,FR,forecast_offshore_wind_generation,Wind Offshore,2026-05-26T14:20:23Z
2026-05-26T14:19:27Z,2026-05-26T16:19:27+0200,9d8474b6-9a07-4a7a-8e0f-b65ff32620de,2026-05-07T13:30:00Z,2026-05-07T15:30:00+0200,190.03999,MW,FR,FR,forecast_offshore_wind_generation,Wind Offshore,2026-05-26T14:20:23Z
2026-05-26T14:19:27Z,2026-05-26T16:19:27+0200,9d8474b6-9a07-4a7a-8e0f-b65ff32620de,2026-05-07T13:45:00Z,2026-05-07T15:45:00+0200,190.32001,MW,FR,FR,forecast_offshore_wind_generation,Wind Offshore,2026-05-26T14:20:23Z
2026-05-26T14:19:27Z,2026-05-26T16:19:27+0200,9d8474b6-9a07-4a7a-8e0f-b65ff32620de,2026-05-07T14:00:00Z,2026-05-07T16:00:00+0200,190.60001,MW,FR,FR,forecast_offshore_wind_generation,Wind Offshore,2026-05-26T14:20:23Z
2026-05-26T14:19:27Z,2026-05-26T16:19:27+0200,9d8474b6-9a07-4a7a-8e0f-b65ff32620de,2026-05-07T14:15:00Z,2026-05-07T16:15:00+0200,188.00499,MW,FR,FR,forecast_offshore_wind_generation,Wind Offshore,2026-05-26T14:20:23Z
2026-05-26T14:19:27Z,2026-05-26T16:19:27+0200,9d8474b6-9a07-4a7a-8e0f-b65ff32620de,2026-05-07T14:30:00Z,2026-05-07T16:30:00+0200,185.40999,MW,FR,FR,forecast_offshore_wind_generation,Wind Offshore,2026-05-26T14:20:23Z
2026-05-26T14:19:27Z,2026-05-26T16:19:27+0200,9d8474b6-9a07-4a7a-8e0f-b65ff32620de,2026-05-07T14:45:00Z,2026-05-07T16:45:00+0200,182.81502,MW,FR,FR,forecast_offshore_wind_generation,Wind Offshore,2026-05-26T14:20:23Z
2026-05-26T14:19:27Z,2026-05-26T16:19:27+0200,9d8474b6-9a07-4a7a-8e0f-b65ff32620de,2026-05-07T15:00:00Z,2026-05-07T17:00:00+0200,180.22,MW,FR,FR,forecast_offshore_wind_generation,Wind Offshore,2026-05-26T14:20:23Z
2026-05-26T14:19:27Z,2026-05-26T16:19:27+0200,9d8474b6-9a07-4a7a-8e0f-b65ff32620de,2026-05-07T15:15:00Z,2026-05-07T17:15:00+0200,196.07249,MW,FR,FR,forecast_offshore_wind_generation,Wind Offshore,2026-05-26T14:20:23Z
2026-05-26T14:19:27Z,2026-05-26T16:19:27+0200,9d8474b6-9a07-4a7a-8e0f-b65ff32620de,2026-05-07T15:30:00Z,2026-05-07T17:30:00+0200,211.92502,MW,FR,FR,forecast_offshore_wind_generation,Wind Offshore,2026-05-26T14:20:23Z
2026-05-26T14:19:27Z,2026-05-26T16:19:27+0200,9d8474b6-9a07-4a7a-8e0f-b65ff32620de,2026-05-07T15:45:00Z,2026-05-07T17:45:00+0200,227.7775,MW,FR,FR,forecast_offshore_wind_generation,Wind Offshore,2026-05-26T14:20:23Z
2026-05-26T14:19:27Z,2026-05-26T16:19:27+0200,9d8474b6-9a07-4a7a-8e0f-b65ff32620de,2026-05-07T16:00:00Z,2026-05-07T18:00:00+0200,243.62999,MW,FR,FR,forecast_offshore_wind_generation,Wind Offshore,2026-05-26T14:20:23Z
2026-05-26T14:19:27Z,2026-05-26T16:19:27+0200,9d8474b6-9a07-4a7a-8e0f-b65ff32620de,2026-05-07T16:15:00Z,2026-05-07T18:15:00+0200,226.67249,MW,FR,FR,forecast_offshore_wind_generation,Wind Offshore,2026-05-26T14:20:23Z
2026-05-26T14:19:27Z,2026-05-26T16:19:27+0200,9d8474b6-9a07-4a7a-8e0f-b65ff32620de,2026-05-07T16:30:00Z,2026-05-07T18:30:00+0200,209.715,MW,FR,FR,forecast_offshore_wind_generation,Wind Offshore,2026-05-26T14:20:23Z
2026-05-26T14:19:27Z,2026-05-26T16:19:27+0200,9d8474b6-9a07-4a7a-8e0f-b65ff32620de,2026-05-07T16:45:00Z,2026-05-07T18:45:00+0200,192.75751,MW,FR,FR,forecast_offshore_wind_generation,Wind Offshore,2026-05-26T14:20:23Z
2026-05-26T14:19:27Z,2026-05-26T16:19:27+0200,9d8474b6-9a07-4a7a-8e0f-b65ff32620de,2026-05-07T17:00:00Z,2026-05-07T19:00:00+0200,175.79999,MW,FR,FR,forecast_offshore_wind_generation,Wind Offshore,2026-05-26T14:20:23Z
2026-05-26T14:19:27Z,2026-05-26T16:19:27+0200,9d8474b6-9a07-4a7a-8e0f-b65ff32620de,2026-05-07T17:15:00Z,2026-05-07T19:15:00+0200,176.6875,MW,FR,FR,forecast_offshore_wind_generation,Wind Offshore,2026-05-26T14:20:23Z
2026-05-26T14:19:27Z,2026-05-26T16:19:27+0200,9d8474b6-9a07-4a7a-8e0f-b65ff32620de,2026-05-07T17:30:00Z,2026-05-07T19:30:00+0200,177.57501,MW,FR,FR,forecast_offshore_wind_generation,Wind Offshore,2026-05-26T14:20:23Z
2026-05-26T14:19:27Z,2026-05-26T16:19:27+0200,9d8474b6-9a07-4a7a-8e0f-b65ff32620de,2026-05-07T17:45:00Z,2026-05-07T19:45:00+0200,178.46249,MW,FR,FR,forecast_offshore_wind_generation,Wind Offshore,2026-05-26T14:20:23Z
2026-05-26T14:19:27Z,2026-05-26T16:19:27+0200,9d8474b6-9a07-4a7a-8e0f-b65ff32620de,2026-05-07T18:00:00Z,2026-05-07T20:00:00+0200,179.35001,MW,FR,FR,forecast_offshore_wind_generation,Wind Offshore,2026-05-26T14:20:23Z
2026-05-26T14:19:27Z,2026-05-26T16:19:27+0200,9d8474b6-9a07-4a7a-8e0f-b65ff32620de,2026-05-07T18:15:00Z,2026-05-07T20:15:00+0200,199.57999,MW,FR,FR,forecast_offshore_wind_generation,Wind Offshore,2026-05-26T14:20:23Z
2026-05-26T14:19:27Z,2026-05-26T16:19:27+0200,9d8474b6-9a07-4a7a-8e0f-b65ff32620de,2026-05-07T18:30:00Z,2026-05-07T20:30:00+0200,219.81,MW,FR,FR,forecast_offshore_wind_generation,Wind Offshore,2026-05-26T14:20:23Z
2026-05-26T14:19:27Z,2026-05-26T16:19:27+0200,9d8474b6-9a07-4a7a-8e0f-b65ff32620de,2026-05-07T18:45:00Z,2026-05-07T20:45:00+0200,240.04001,MW,FR,FR,forecast_offshore_wind_generation,Wind Offshore,2026-05-26T14:20:23Z
2026-05-26T14:19:27Z,2026-05-26T16:19:27+0200,9d8474b6-9a07-4a7a-8e0f-b65ff32620de,2026-05-07T19:00:00Z,2026-05-07T21:00:00+0200,260.26999,MW,FR,FR,forecast_offshore_wind_generation,Wind Offshore,2026-05-26T14:20:23Z
2026-05-26T14:19:27Z,2026-05-26T16:19:27+0200,9d8474b6-9a07-4a7a-8e0f-b65ff32620de,2026-05-07T19:15:00Z,2026-05-07T21:15:00+0200,267.2825,MW,FR,FR,forecast_offshore_wind_generation,Wind Offshore,2026-05-26T14:20:23Z
2026-05-26T14:19:27Z,2026-05-26T16:19:27+0200,9d8474b6-9a07-4a7a-8e0f-b65ff32620de,2026-05-07T19:30:00Z,2026-05-07T21:30:00+0200,274.29501,MW,FR,FR,forecast_offshore_wind_generation,Wind Offshore,2026-05-26T14:20:23Z
2026-05-26T14:19:27Z,2026-05-26T16:19:27+0200,9d8474b6-9a07-4a7a-8e0f-b65ff32620de,2026-05-07T19:45:00Z,2026-05-07T21:45:00+0200,281.3075,MW,FR,FR,forecast_offshore_wind_generation,Wind Offshore,2026-05-26T14:20:23Z
2026-05-26T14:19:27Z,2026-05-26T16:19:27+0200,9d8474b6-9a07-4a7a-8e0f-b65ff32620de,2026-05-07T20:00:00Z,2026-05-07T22:00:00+0200,288.31998,MW,FR,FR,forecast_offshore_wind_generation,Wind Offshore,2026-05-26T14:20:23Z
2026-05-26T14:19:27Z,2026-05-26T16:19:27+0200,9d8474b6-9a07-4a7a-8e0f-b65ff32620de,2026-05-07T20:15:00Z,2026-05-07T22:15:00+0200,290.3775,MW,FR,FR,forecast_offshore_wind_generation,Wind Offshore,2026-05-26T14:20:23Z
2026-05-26T14:19:27Z,2026-05-26T16:19:27+0200,9d8474b6-9a07-4a7a-8e0f-b65ff32620de,2026-05-07T20:30:00Z,2026-05-07T22:30:00+0200,292.435,MW,FR,FR,forecast_offshore_wind_generation,Wind Offshore,2026-05-26T14:20:23Z
2026-05-26T14:19:27Z,2026-05-26T16:19:27+0200,9d8474b6-9a07-4a7a-8e0f-b65ff32620de,2026-05-07T20:45:00Z,2026-05-07T22:45:00+0200,294.49249,MW,FR,FR,forecast_offshore_wind_generation,Wind Offshore,2026-05-26T14:20:23Z
2026-05-26T14:19:27Z,2026-05-26T16:19:27+0200,9d8474b6-9a07-4a7a-8e0f-b65ff32620de,2026-05-07T21:00:00Z,2026-05-07T23:00:00+0200,296.55002,MW,FR,FR,forecast_offshore_wind_generation,Wind Offshore,2026-05-26T14:20:23Z
2026-05-26T14:19:27Z,2026-05-26T16:19:27+0200,9d8474b6-9a07-4a7a-8e0f-b65ff32620de,2026-05-07T21:15:00Z,2026-05-07T23:15:00+0200,293.53003,MW,FR,FR,forecast_offshore_wind_generation,Wind Offshore,2026-05-26T14:20:23Z
2026-05-26T14:19:27Z,2026-05-26T16:19:27+0200,9d8474b6-9a07-4a7a-8e0f-b65ff32620de,2026-05-07T21:30:00Z,2026-05-07T23:30:00+0200,290.50998,MW,FR,FR,forecast_offshore_wind_generation,Wind Offshore,2026-05-26T14:20:23Z
2026-05-26T14:19:27Z,2026-05-26T16:19:27+0200,9d8474b6-9a07-4a7a-8e0f-b65ff32620de,2026-05-07T21:45:00Z,2026-05-07T23:45:00+0200,287.48999,MW,FR,FR,forecast_offshore_wind_generation,Wind Offshore,2026-05-26T14:20:23Z
2026-05-26T14:19:27Z,2026-05-26T16:19:27+0200,9d8474b6-9a07-4a7a-8e0f-b65ff32620de,2026-05-07T22:00:00Z,2026-05-08T00:00:00+0200,185.88998,MW,FR,FR,forecast_offshore_wind_generation,Wind Offshore,2026-05-26T14:20:23Z
2026-05-26T14:19:27Z,2026-05-26T16:19:27+0200,9d8474b6-9a07-4a7a-8e0f-b65ff32620de,2026-05-07T22:15:00Z,2026-05-08T00:15:00+0200,199.86751,MW,FR,FR,forecast_offshore_wind_generation,Wind Offshore,2026-05-26T14:20:23Z
2026-05-26T14:19:27Z,2026-05-26T16:19:27+0200,9d8474b6-9a07-4a7a-8e0f-b65ff32620de,2026-05-07T22:30:00Z,2026-05-08T00:30:00+0200,213.84499,MW,FR,FR,forecast_offshore_wind_generation,Wind Offshore,2026-05-26T14:20:23Z
2026-05-26T14:19:27Z,2026-05-26T16:19:27+0200,9d8474b6-9a07-4a7a-8e0f-b65ff32620de,2026-05-07T22:45:00Z,2026-05-08T00:45:00+0200,227.82249,MW,FR,FR,forecast_offshore_wind_generation,Wind Offshore,2026-05-26T14:20:23Z
2026-05-26T14:19:27Z,2026-05-26T16:19:27+0200,9d8474b6-9a07-4a7a-8e0f-b65ff32620de,2026-05-07T23:00:00Z,2026-05-08T01:00:00+0200,241.8,MW,FR,FR,forecast_offshore_wind_generation,Wind Offshore,2026-05-26T14:20:23Z
2026-05-26T14:19:27Z,2026-05-26T16:19:27+0200,9d8474b6-9a07-4a7a-8e0f-b65ff32620de,2026-05-07T23:15:00Z,2026-05-08T01:15:00+0200,234.2925,MW,FR,FR,forecast_offshore_wind_generation,Wind Offshore,2026-05-26T14:20:23Z
2026-05-26T14:19:27Z,2026-05-26T16:19:27+0200,9d8474b6-9a07-4a7a-8e0f-b65ff32620de,2026-05-07T23:30:00Z,2026-05-08T01:30:00+0200,226.78502,MW,FR,FR,forecast_offshore_wind_generation,Wind Offshore,2026-05-26T14:20:23Z
2026-05-26T14:19:27Z,2026-05-26T16:19:27+0200,9d8474b6-9a07-4a7a-8e0f-b65ff32620de,2026-05-07T23:45:00Z,2026-05-08T01:45:00+0200,219.2775,MW,FR,FR,forecast_offshore_wind_generation,Wind Offshore,2026-05-26T14:20:23Z
2026-05-26T14:19:27Z,2026-05-26T16:19:27+0200,9d8474b6-9a07-4a7a-8e0f-b65ff32620de,2026-05-08T00:00:00Z,2026-05-08T02:00:00+0200,211.77,MW,FR,FR,forecast_offshore_wind_generation,Wind Offshore,2026-05-26T14:20:23Z
2026-05-26T14:19:27Z,2026-05-26T16:19:27+0200,9d8474b6-9a07-4a7a-8e0f-b65ff32620de,2026-05-08T00:15:00Z,2026-05-08T02:15:00+0200,201.72499,MW,FR,FR,forecast_offshore_wind_generation,Wind Offshore,2026-05-26T14:20:23Z
2026-05-26T14:19:27Z,2026-05-26T16:19:27+0200,9d8474b6-9a07-4a7a-8e0f-b65ff32620de,2026-05-08T00:30:00Z,2026-05-08T02:30:00+0200,191.67999,MW,FR,FR,forecast_offshore_wind_generation,Wind Offshore,2026-05-26T14:20:23Z
2026-05-26T14:19:27Z,2026-05-26T16:19:27+0200,9d8474b6-9a07-4a7a-8e0f-b65ff32620de,2026-05-08T00:45:00Z,2026-05-08T02:45:00+0200,181.63501,MW,FR,FR,forecast_offshore_wind_generation,Wind Offshore,2026-05-26T14:20:23Z
2026-05-26T14:19:27Z,2026-05-26T16:19:27+0200,9d8474b6-9a07-4a7a-8e0f-b65ff32620de,2026-05-08T01:00:00Z,2026-05-08T03:00:00+0200,171.59001,MW,FR,FR,forecast_offshore_wind_generation,Wind Offshore,2026-05-26T14:20:23Z
2026-05-26T14:19:27Z,2026-05-26T16:19:27+0200,9d8474b6-9a07-4a7a-8e0f-b65ff32620de,2026-05-08T01:15:00Z,2026-05-08T03:15:00+0200,174.95001,MW,FR,FR,forecast_offshore_wind_generation,Wind Offshore,2026-05-26T14:20:23Z
2026-05-26T14:19:27Z,2026-05-26T16:19:27+0200,9d8474b6-9a07-4a7a-8e0f-b65ff32620de,2026-05-08T01:30:00Z,2026-05-08T03:30:00+0200,178.31001,MW,FR,FR,forecast_offshore_wind_generation,Wind Offshore,2026-05-26T14:20:23Z
2026-05-26T14:19:27Z,2026-05-26T16:19:27+0200,9d8474b6-9a07-4a7a-8e0f-b65ff32620de,2026-05-08T01:45:00Z,2026-05-08T03:45:00+0200,181.66998,MW,FR,FR,forecast_offshore_wind_generation,Wind Offshore,2026-05-26T14:20:23Z
2026-05-26T14:19:27Z,2026-05-26T16:19:27+0200,9d8474b6-9a07-4a7a-8e0f-b65ff32620de,2026-05-08T02:00:00Z,2026-05-08T04:00:00+0200,185.03001,MW,FR,FR,forecast_offshore_wind_generation,Wind Offshore,2026-05-26T14:20:23Z
2026-05-26T14:19:27Z,2026-05-26T16:19:27+0200,9d8474b6-9a07-4a7a-8e0f-b65ff32620de,2026-05-08T02:15:00Z,2026-05-08T04:15:00+0200,190.74001,MW,FR,FR,forecast_offshore_wind_generation,Wind Offshore,2026-05-26T14:20:23Z
2026-05-26T14:19:27Z,2026-05-26T16:19:27+0200,9d8474b6-9a07-4a7a-8e0f-b65ff32620de,2026-05-08T02:30:00Z,2026-05-08T04:30:00+0200,196.45,MW,FR,FR,forecast_offshore_wind_generation,Wind Offshore,2026-05-26T14:20:23Z
2026-05-26T14:19:27Z,2026-05-26T16:19:27+0200,9d8474b6-9a07-4a7a-8e0f-b65ff32620de,2026-05-08T02:45:00Z,2026-05-08T04:45:00+0200,202.16,MW,FR,FR,forecast_offshore_wind_generation,Wind Offshore,2026-05-26T14:20:23Z
2026-05-26T14:19:27Z,2026-05-26T16:19:27+0200,9d8474b6-9a07-4a7a-8e0f-b65ff32620de,2026-05-08T03:00:00Z,2026-05-08T05:00:00+0200,207.87001,MW,FR,FR,forecast_offshore_wind_generation,Wind Offshore,2026-05-26T14:20:23Z
2026-05-26T14:19:27Z,2026-05-26T16:19:27+0200,9d8474b6-9a07-4a7a-8e0f-b65ff32620de,2026-05-08T03:15:00Z,2026-05-08T05:15:00+0200,207.0825,MW,FR,FR,forecast_offshore_wind_generation,Wind Offshore,2026-05-26T14:20:23Z
2026-05-26T14:19:27Z,2026-05-26T16:19:27+0200,9d8474b6-9a07-4a7a-8e0f-b65ff32620de,2026-05-08T03:30:00Z,2026-05-08T05:30:00+0200,206.295,MW,FR,FR,forecast_offshore_wind_generation,Wind Offshore,2026-05-26T14:20:23Z
2026-05-26T14:19:27Z,2026-05-26T16:19:27+0200,9d8474b6-9a07-4a7a-8e0f-b65ff32620de,2026-05-08T03:45:00Z,2026-05-08T05:45:00+0200,205.50751,MW,FR,FR,forecast_offshore_wind_generation,Wind Offshore,2026-05-26T14:20:23Z
2026-05-26T14:19:27Z,2026-05-26T16:19:27+0200,9d8474b6-9a07-4a7a-8e0f-b65ff32620de,2026-05-08T04:00:00Z,2026-05-08T06:00:00+0200,204.72,MW,FR,FR,forecast_offshore_wind_generation,Wind Offshore,2026-05-26T14:20:23Z
2026-05-26T14:19:27Z,2026-05-26T16:19:27+0200,9d8474b6-9a07-4a7a-8e0f-b65ff32620de,2026-05-08T04:15:00Z,2026-05-08T06:15:00+0200,201.565,MW,FR,FR,forecast_offshore_wind_generation,Wind Offshore,2026-05-26T14:20:23Z
2026-05-26T14:19:27Z,2026-05-26T16:19:27+0200,9d8474b6-9a07-4a7a-8e0f-b65ff32620de,2026-05-08T04:30:00Z,2026-05-08T06:30:00+0200,198.40999,MW,FR,FR,forecast_offshore_wind_generation,Wind Offshore,2026-05-26T14:20:23Z
2026-05-26T14:19:27Z,2026-05-26T16:19:27+0200,9d8474b6-9a07-4a7a-8e0f-b65ff32620de,2026-05-08T04:45:00Z,2026-05-08T06:45:00+0200,195.255,MW,FR,FR,forecast_offshore_wind_generation,Wind Offshore,2026-05-26T14:20:23Z
2026-05-26T14:19:27Z,2026-05-26T16:19:27+0200,9d8474b6-9a07-4a7a-8e0f-b65ff32620de,2026-05-08T05:00:00Z,2026-05-08T07:00:00+0200,192.10001,MW,FR,FR,forecast_offshore_wind_generation,Wind Offshore,2026-05-26T14:20:23Z
2026-05-26T14:19:27Z,2026-05-26T16:19:27+0200,9d8474b6-9a07-4a7a-8e0f-b65ff32620de,2026-05-08T05:15:00Z,2026-05-08T07:15:00+0200,185.9575,MW,FR,FR,forecast_offshore_wind_generation,Wind Offshore,2026-05-26T14:20:23Z
2026-05-26T14:19:27Z,2026-05-26T16:19:27+0200,9d8474b6-9a07-4a7a-8e0f-b65ff32620de,2026-05-08T05:30:00Z,2026-05-08T07:30:00+0200,179.815,MW,FR,FR,forecast_offshore_wind_generation,Wind Offshore,2026-05-26T14:20:23Z
2026-05-26T14:19:27Z,2026-05-26T16:19:27+0200,9d8474b6-9a07-4a7a-8e0f-b65ff32620de,2026-05-08T05:45:00Z,2026-05-08T07:45:00+0200,173.6725,MW,FR,FR,forecast_offshore_wind_generation,Wind Offshore,2026-05-26T14:20:23Z
2026-05-26T14:19:27Z,2026-05-26T16:19:27+0200,9d8474b6-9a07-4a7a-8e0f-b65ff32620de,2026-05-08T06:00:00Z,2026-05-08T08:00:00+0200,167.53,MW,FR,FR,forecast_offshore_wind_generation,Wind Offshore,2026-05-26T14:20:23Z
2026-05-26T14:19:27Z,2026-05-26T16:19:27+0200,9d8474b6-9a07-4a7a-8e0f-b65ff32620de,2026-05-08T06:15:00Z,2026-05-08T08:15:00+0200,163.125,MW,FR,FR,forecast_offshore_wind_generation,Wind Offshore,2026-05-26T14:20:23Z
2026-05-26T14:19:27Z,2026-05-26T16:19:27+0200,9d8474b6-9a07-4a7a-8e0f-b65ff32620de,2026-05-08T06:30:00Z,2026-05-08T08:30:00+0200,158.72,MW,FR,FR,forecast_offshore_wind_generation,Wind Offshore,2026-05-26T14:20:23Z
2026-05-26T14:19:27Z,2026-05-26T16:19:27+0200,9d8474b6-9a07-4a7a-8e0f-b65ff32620de,2026-05-08T06:45:00Z,2026-05-08T08:45:00+0200,154.31499,MW,FR,FR,forecast_offshore_wind_generation,Wind Offshore,2026-05-26T14:20:23Z
2026-05-26T14:19:27Z,2026-05-26T16:19:27+0200,9d8474b6-9a07-4a7a-8e0f-b65ff32620de,2026-05-08T07:00:00Z,2026-05-08T09:00:00+0200,149.91,MW,FR,FR,forecast_offshore_wind_generation,Wind Offshore,2026-05-26T14:20:23Z
2026-05-26T14:19:27Z,2026-05-26T16:19:27+0200,9d8474b6-9a07-4a7a-8e0f-b65ff32620de,2026-05-08T07:15:00Z,2026-05-08T09:15:00+0200,151.005,MW,FR,FR,forecast_offshore_wind_generation,Wind Offshore,2026-05-26T14:20:23Z
2026-05-26T14:19:27Z,2026-05-26T16:19:27+0200,9d8474b6-9a07-4a7a-8e0f-b65ff32620de,2026-05-08T07:30:00Z,2026-05-08T09:30:00+0200,152.10001,MW,FR,FR,forecast_offshore_wind_generation,Wind Offshore,2026-05-26T14:20:23Z
2026-05-26T14:19:27Z,2026-05-26T16:19:27+0200,9d8474b6-9a07-4a7a-8e0f-b65ff32620de,2026-05-08T07:45:00Z,2026-05-08T09:45:00+0200,153.19501,MW,FR,FR,forecast_offshore_wind_generation,Wind Offshore,2026-05-26T14:20:23Z
2026-05-26T14:19:27Z,2026-05-26T16:19:27+0200,9d8474b6-9a07-4a7a-8e0f-b65ff32620de,2026-05-08T08:00:00Z,2026-05-08T10:00:00+0200,154.28999,MW,FR,FR,forecast_offshore_wind_generation,Wind Offshore,2026-05-26T14:20:23Z
2026-05-26T14:19:27Z,2026-05-26T16:19:27+0200,9d8474b6-9a07-4a7a-8e0f-b65ff32620de,2026-05-08T08:15:00Z,2026-05-08T10:15:00+0200,152.7675,MW,FR,FR,forecast_offshore_wind_generation,Wind Offshore,2026-05-26T14:20:23Z
2026-05-26T14:19:27Z,2026-05-26T16:19:27+0200,9d8474b6-9a07-4a7a-8e0f-b65ff32620de,2026-05-08T08:30:00Z,2026-05-08T10:30:00+0200,151.245,MW,FR,FR,forecast_offshore_wind_generation,Wind Offshore,2026-05-26T14:20:23Z
2026-05-26T14:19:27Z,2026-05-26T16:19:27+0200,9d8474b6-9a07-4a7a-8e0f-b65ff32620de,2026-05-08T08:45:00Z,2026-05-08T10:45:00+0200,149.7225,MW,FR,FR,forecast_offshore_wind_generation,Wind Offshore,2026-05-26T14:20:23Z
2026-05-26T14:19:27Z,2026-05-26T16:19:27+0200,9d8474b6-9a07-4a7a-8e0f-b65ff32620de,2026-05-08T09:00:00Z,2026-05-08T11:00:00+0200,148.20001,MW,FR,FR,forecast_offshore_wind_generation,Wind Offshore,2026-05-26T14:20:23Z
2026-05-26T14:19:27Z,2026-05-26T16:19:27+0200,9d8474b6-9a07-4a7a-8e0f-b65ff32620de,2026-05-08T09:15:00Z,2026-05-08T11:15:00+0200,151.72249,MW,FR,FR,forecast_offshore_wind_generation,Wind Offshore,2026-05-26T14:20:23Z
2026-05-26T14:19:27Z,2026-05-26T16:19:27+0200,9d8474b6-9a07-4a7a-8e0f-b65ff32620de,2026-05-08T09:30:00Z,2026-05-08T11:30:00+0200,155.245,MW,FR,FR,forecast_offshore_wind_generation,Wind Offshore,2026-05-26T14:20:23Z
2026-05-26T14:19:27Z,2026-05-26T16:19:27+0200,9d8474b6-9a07-4a7a-8e0f-b65ff32620de,2026-05-08T09:45:00Z,2026-05-08T11:45:00+0200,158.7675,MW,FR,FR,forecast_offshore_wind_generation,Wind Offshore,2026-05-26T14:20:23Z
2026-05-26T14:19:27Z,2026-05-26T16:19:27+0200,9d8474b6-9a07-4a7a-8e0f-b65ff32620de,2026-05-08T10:00:00Z,2026-05-08T12:00:00+0200,162.29001,MW,FR,FR,forecast_offshore_wind_generation,Wind Offshore,2026-05-26T14:20:23Z
2026-05-26T14:19:27Z,2026-05-26T16:19:27+0200,9d8474b6-9a07-4a7a-8e0f-b65ff32620de,2026-05-08T10:15:00Z,2026-05-08T12:15:00+0200,168.38,MW,FR,FR,forecast_offshore_wind_generation,Wind Offshore,2026-05-26T14:20:23Z
2026-05-26T14:19:27Z,2026-05-26T16:19:27+0200,9d8474b6-9a07-4a7a-8e0f-b65ff32620de,2026-05-08T10:30:00Z,2026-05-08T12:30:00+0200,174.46999,MW,FR,FR,forecast_offshore_wind_generation,Wind Offshore,2026-05-26T14:20:23Z
2026-05-26T14:19:27Z,2026-05-26T16:19:27+0200,9d8474b6-9a07-4a7a-8e0f-b65ff32620de,2026-05-08T10:45:00Z,2026-05-08T12:45:00+0200,180.56,MW,FR,FR,forecast_offshore_wind_generation,Wind Offshore,2026-05-26T14:20:23Z
2026-05-26T14:19:27Z,2026-05-26T16:19:27+0200,9d8474b6-9a07-4a7a-8e0f-b65ff32620de,2026-05-08T11:00:00Z,2026-05-08T13:00:00+0200,186.64999,MW,FR,FR,forecast_offshore_wind_generation,Wind Offshore,2026-05-26T14:20:23Z
2026-05-26T14:19:27Z,2026-05-26T16:19:27+0200,9d8474b6-9a07-4a7a-8e0f-b65ff32620de,2026-05-08T11:15:00Z,2026-05-08T13:15:00+0200,198.545,MW,FR,FR,forecast_offshore_wind_generation,Wind Offshore,2026-05-26T14:20:23Z
2026-05-26T14:19:27Z,2026-05-26T16:19:27+0200,9d8474b6-9a07-4a7a-8e0f-b65ff32620de,2026-05-08T11:30:00Z,2026-05-08T13:30:00+0200,210.43999,MW,FR,FR,forecast_offshore_wind_generation,Wind Offshore,2026-05-26T14:20:23Z
2026-05-26T14:19:27Z,2026-05-26T16:19:27+0200,9d8474b6-9a07-4a7a-8e0f-b65ff32620de,2026-05-08T11:45:00Z,2026-05-08T13:45:00+0200,222.33499,MW,FR,FR,forecast_offshore_wind_generation,Wind Offshore,2026-05-26T14:20:23Z
2026-05-26T14:19:27Z,2026-05-26T16:19:27+0200,9d8474b6-9a07-4a7a-8e0f-b65ff32620de,2026-05-08T12:00:00Z,2026-05-08T14:00:00+0200,234.23,MW,FR,FR,forecast_offshore_wind_generation,Wind Offshore,2026-05-26T14:20:23Z
2026-05-26T14:19:27Z,2026-05-26T16:19:27+0200,9d8474b6-9a07-4a7a-8e0f-b65ff32620de,2026-05-08T12:15:00Z,2026-05-08T14:15:00+0200,251.96498,MW,FR,FR,forecast_offshore_wind_generation,Wind Offshore,2026-05-26T14:20:23Z
2026-05-26T14:19:27Z,2026-05-26T16:19:27+0200,9d8474b6-9a07-4a7a-8e0f-b65ff32620de,2026-05-08T12:30:00Z,2026-05-08T14:30:00+0200,269.69998,MW,FR,FR,forecast_offshore_wind_generation,Wind Offshore,2026-05-26T14:20:23Z
2026-05-26T14:19:27Z,2026-05-26T16:19:27+0200,9d8474b6-9a07-4a7a-8e0f-b65ff32620de,2026-05-08T12:45:00Z,2026-05-08T14:45:00+0200,287.43503,MW,FR,FR,forecast_offshore_wind_generation,Wind Offshore,2026-05-26T14:20:23Z
2026-05-26T14:19:27Z,2026-05-26T16:19:27+0200,9d8474b6-9a07-4a7a-8e0f-b65ff32620de,2026-05-08T13:00:00Z,2026-05-08T15:00:00+0200,305.16998,MW,FR,FR,forecast_offshore_wind_generation,Wind Offshore,2026-05-26T14:20:23Z
2026-05-26T14:19:27Z,2026-05-26T16:19:27+0200,9d8474b6-9a07-4a7a-8e0f-b65ff32620de,2026-05-08T13:15:00Z,2026-05-08T15:15:00+0200,322.23999,MW,FR,FR,forecast_offshore_wind_generation,Wind Offshore,2026-05-26T14:20:23Z
2026-05-26T14:19:27Z,2026-05-26T16:19:27+0200,9d8474b6-9a07-4a7a-8e0f-b65ff32620de,2026-05-08T13:30:00Z,2026-05-08T15:30:00+0200,339.30997,MW,FR,FR,forecast_offshore_wind_generation,Wind Offshore,2026-05-26T14:20:23Z
2026-05-26T14:19:27Z,2026-05-26T16:19:27+0200,9d8474b6-9a07-4a7a-8e0f-b65ff32620de,2026-05-08T13:45:00Z,2026-05-08T15:45:00+0200,356.37997,MW,FR,FR,forecast_offshore_wind_generation,Wind Offshore,2026-05-26T14:20:23Z
2026-05-26T14:19:27Z,2026-05-26T16:19:27+0200,9d8474b6-9a07-4a7a-8e0f-b65ff32620de,2026-05-08T14:00:00Z,2026-05-08T16:00:00+0200,373.45001,MW,FR,FR,forecast_offshore_wind_generation,Wind Offshore,2026-05-26T14:20:23Z
2026-05-26T14:19:27Z,2026-05-26T16:19:27+0200,9d8474b6-9a07-4a7a-8e0f-b65ff32620de,2026-05-08T14:15:00Z,2026-05-08T16:15:00+0200,396.04999,MW,FR,FR,forecast_offshore_wind_generation,Wind Offshore,2026-05-26T14:20:23Z
2026-05-26T14:19:27Z,2026-05-26T16:19:27+0200,9d8474b6-9a07-4a7a-8e0f-b65ff32620de,2026-05-08T14:30:00Z,2026-05-08T16:30:00+0200,418.64999,MW,FR,FR,forecast_offshore_wind_generation,Wind Offshore,2026-05-26T14:20:23Z
2026-05-26T14:19:27Z,2026-05-26T16:19:27+0200,9d8474b6-9a07-4a7a-8e0f-b65ff32620de,2026-05-08T14:45:00Z,2026-05-08T16:45:00+0200,441.25,MW,FR,FR,forecast_offshore_wind_generation,Wind Offshore,2026-05-26T14:20:23Z
2026-05-26T14:19:27Z,2026-05-26T16:19:27+0200,9d8474b6-9a07-4a7a-8e0f-b65ff32620de,2026-05-08T15:00:00Z,2026-05-08T17:00:00+0200,463.85001,MW,FR,FR,forecast_offshore_wind_generation,Wind Offshore,2026-05-26T14:20:23Z
2026-05-26T14:19:27Z,2026-05-26T16:19:27+0200,9d8474b6-9a07-4a7a-8e0f-b65ff32620de,2026-05-08T15:15:00Z,2026-05-08T17:15:00+0200,480.85251,MW,FR,FR,forecast_offshore_wind_generation,Wind Offshore,2026-05-26T14:20:23Z
2026-05-26T14:19:27Z,2026-05-26T16:19:27+0200,9d8474b6-9a07-4a7a-8e0f-b65ff32620de,2026-05-08T15:30:00Z,2026-05-08T17:30:00+0200,497.85498,MW,FR,FR,forecast_offshore_wind_generation,Wind Offshore,2026-05-26T14:20:23Z
2026-05-26T14:19:27Z,2026-05-26T16:19:27+0200,9d8474b6-9a07-4a7a-8e0f-b65ff32620de,2026-05-08T15:45:00Z,2026-05-08T17:45:00+0200,514.85748,MW,FR,FR,forecast_offshore_wind_generation,Wind Offshore,2026-05-26T14:20:23Z
2026-05-26T14:19:27Z,2026-05-26T16:19:27+0200,9d8474b6-9a07-4a7a-8e0f-b65ff32620de,2026-05-08T16:00:00Z,2026-05-08T18:00:00+0200,531.85999,MW,FR,FR,forecast_offshore_wind_generation,Wind Offshore,2026-05-26T14:20:23Z
2026-05-26T14:19:27Z,2026-05-26T16:19:27+0200,9d8474b6-9a07-4a7a-8e0f-b65ff32620de,2026-05-08T16:15:00Z,2026-05-08T18:15:00+0200,563.61249,MW,FR,FR,forecast_offshore_wind_generation,Wind Offshore,2026-05-26T14:20:23Z
2026-05-26T14:19:27Z,2026-05-26T16:19:27+0200,9d8474b6-9a07-4a7a-8e0f-b65ff32620de,2026-05-08T16:30:00Z,2026-05-08T18:30:00+0200,595.36499,MW,FR,FR,forecast_offshore_wind_generation,Wind Offshore,2026-05-26T14:20:23Z
2026-05-26T14:19:27Z,2026-05-26T16:19:27+0200,9d8474b6-9a07-4a7a-8e0f-b65ff32620de,2026-05-08T16:45:00Z,2026-05-08T18:45:00+0200,627.11755,MW,FR,FR,forecast_offshore_wind_generation,Wind Offshore,2026-05-26T14:20:23Z
2026-05-26T14:19:27Z,2026-05-26T16:19:27+0200,9d8474b6-9a07-4a7a-8e0f-b65ff32620de,2026-05-08T17:00:00Z,2026-05-08T19:00:00+0200,658.87,MW,FR,FR,forecast_offshore_wind_generation,Wind Offshore,2026-05-26T14:20:23Z
2026-05-26T14:19:27Z,2026-05-26T16:19:27+0200,9d8474b6-9a07-4a7a-8e0f-b65ff32620de,2026-05-08T17:15:00Z,2026-05-08T19:15:00+0200,715.71497,MW,FR,FR,forecast_offshore_wind_generation,Wind Offshore,2026-05-26T14:20:23Z
2026-05-26T14:19:27Z,2026-05-26T16:19:27+0200,9d8474b6-9a07-4a7a-8e0f-b65ff32620de,2026-05-08T17:30:00Z,2026-05-08T19:30:00+0200,772.56,MW,FR,FR,forecast_offshore_wind_generation,Wind Offshore,2026-05-26T14:20:23Z
2026-05-26T14:19:27Z,2026-05-26T16:19:27+0200,9d8474b6-9a07-4a7a-8e0f-b65ff32620de,2026-05-08T17:45:00Z,2026-05-08T19:45:00+0200,829.40503,MW,FR,FR,forecast_offshore_wind_generation,Wind Offshore,2026-05-26T14:20:23Z
2026-05-26T14:19:27Z,2026-05-26T16:19:27+0200,9d8474b6-9a07-4a7a-8e0f-b65ff32620de,2026-05-08T18:00:00Z,2026-05-08T20:00:00+0200,886.25,MW,FR,FR,forecast_offshore_wind_generation,Wind Offshore,2026-05-26T14:20:23Z
2026-05-26T14:19:27Z,2026-05-26T16:19:27+0200,9d8474b6-9a07-4a7a-8e0f-b65ff32620de,2026-05-08T18:15:00Z,2026-05-08T20:15:00+0200,893.15997,MW,FR,FR,forecast_offshore_wind_generation,Wind Offshore,2026-05-26T14:20:23Z
2026-05-26T14:19:27Z,2026-05-26T16:19:27+0200,9d8474b6-9a07-4a7a-8e0f-b65ff32620de,2026-05-08T18:30:00Z,2026-05-08T20:30:00+0200,900.06995,MW,FR,FR,forecast_offshore_wind_generation,Wind Offshore,2026-05-26T14:20:23Z
2026-05-26T14:19:27Z,2026-05-26T16:19:27+0200,9d8474b6-9a07-4a7a-8e0f-b65ff32620de,2026-05-08T18:45:00Z,2026-05-08T20:45:00+0200,906.97998,MW,FR,FR,forecast_offshore_wind_generation,Wind Offshore,2026-05-26T14:20:23Z
2026-05-26T14:19:27Z,2026-05-26T16:19:27+0200,9d8474b6-9a07-4a7a-8e0f-b65ff32620de,2026-05-08T19:00:00Z,2026-05-08T21:00:00+0200,913.89001,MW,FR,FR,forecast_offshore_wind_generation,Wind Offshore,2026-05-26T14:20:23Z
2026-05-26T14:19:27Z,2026-05-26T16:19:27+0200,9d8474b6-9a07-4a7a-8e0f-b65ff32620de,2026-05-08T19:15:00Z,2026-05-08T21:15:00+0200,953.75256,MW,FR,FR,forecast_offshore_wind_generation,Wind Offshore,2026-05-26T14:20:23Z
2026-05-26T14:19:27Z,2026-05-26T16:19:27+0200,9d8474b6-9a07-4a7a-8e0f-b65ff32620de,2026-05-08T19:30:00Z,2026-05-08T21:30:00+0200,993.61499,MW,FR,FR,forecast_offshore_wind_generation,Wind Offshore,2026-05-26T14:20:23Z
2026-05-26T14:19:27Z,2026-05-26T16:19:27+0200,9d8474b6-9a07-4a7a-8e0f-b65ff32620de,2026-05-08T19:45:00Z,2026-05-08T21:45:00+0200,1033.47742,MW,FR,FR,forecast_offshore_wind_generation,Wind Offshore,2026-05-26T14:20:23Z
2026-05-26T14:19:27Z,2026-05-26T16:19:27+0200,9d8474b6-9a07-4a7a-8e0f-b65ff32620de,2026-05-08T20:00:00Z,2026-05-08T22:00:00+0200,1073.34009,MW,FR,FR,forecast_offshore_wind_generation,Wind Offshore,2026-05-26T14:20:23Z
2026-05-26T14:19:27Z,2026-05-26T16:19:27+0200,9d8474b6-9a07-4a7a-8e0f-b65ff32620de,2026-05-08T20:15:00Z,2026-05-08T22:15:00+0200,1093.13,MW,FR,FR,forecast_offshore_wind_generation,Wind Offshore,2026-05-26T14:20:23Z
2026-05-26T14:19:27Z,2026-05-26T16:19:27+0200,9d8474b6-9a07-4a7a-8e0f-b65ff32620de,2026-05-08T20:30:00Z,2026-05-08T22:30:00+0200,1112.92004,MW,FR,FR,forecast_offshore_wind_generation,Wind Offshore,2026-05-26T14:20:23Z
2026-05-26T14:19:27Z,2026-05-26T16:19:27+0200,9d8474b6-9a07-4a7a-8e0f-b65ff32620de,2026-05-08T20:45:00Z,2026-05-08T22:45:00+0200,1132.70996,MW,FR,FR,forecast_offshore_wind_generation,Wind Offshore,2026-05-26T14:20:23Z
2026-05-26T14:19:27Z,2026-05-26T16:19:27+0200,9d8474b6-9a07-4a7a-8e0f-b65ff32620de,2026-05-08T21:00:00Z,2026-05-08T23:00:00+0200,1152.5,MW,FR,FR,forecast_offshore_wind_generation,Wind Offshore,2026-05-26T14:20:23Z
2026-05-26T14:19:27Z,2026-05-26T16:19:27+0200,9d8474b6-9a07-4a7a-8e0f-b65ff32620de,2026-05-08T21:15:00Z,2026-05-08T23:15:00+0200,1135.88745,MW,FR,FR,forecast_offshore_wind_generation,Wind Offshore,2026-05-26T14:20:23Z
2026-05-26T14:19:27Z,2026-05-26T16:19:27+0200,9d8474b6-9a07-4a7a-8e0f-b65ff32620de,2026-05-08T21:30:00Z,2026-05-08T23:30:00+0200,1119.2749,MW,FR,FR,forecast_offshore_wind_generation,Wind Offshore,2026-05-26T14:20:23Z
2026-05-26T14:19:27Z,2026-05-26T16:19:27+0200,9d8474b6-9a07-4a7a-8e0f-b65ff32620de,2026-05-08T21:45:00Z,2026-05-08T23:45:00+0200,1102.66248,MW,FR,FR,forecast_offshore_wind_generation,Wind Offshore,2026-05-26T14:20:23Z
2026-05-26T14:19:27Z,2026-05-26T16:19:27+0200,9d8474b6-9a07-4a7a-8e0f-b65ff32620de,2026-05-08T22:00:00Z,2026-05-09T00:00:00+0200,632.06,MW,FR,FR,forecast_offshore_wind_generation,Wind Offshore,2026-05-26T14:20:23Z
2026-05-26T14:19:27Z,2026-05-26T16:19:27+0200,9d8474b6-9a07-4a7a-8e0f-b65ff32620de,2026-05-08T22:15:00Z,2026-05-09T00:15:00+0200,622.3725,MW,FR,FR,forecast_offshore_wind_generation,Wind Offshore,2026-05-26T14:20:23Z
2026-05-26T14:19:27Z,2026-05-26T16:19:27+0200,9d8474b6-9a07-4a7a-8e0f-b65ff32620de,2026-05-08T22:30:00Z,2026-05-09T00:30:00+0200,612.685,MW,FR,FR,forecast_offshore_wind_generation,Wind Offshore,2026-05-26T14:20:23Z
2026-05-26T14:19:27Z,2026-05-26T16:19:27+0200,9d8474b6-9a07-4a7a-8e0f-b65ff32620de,2026-05-08T22:45:00Z,2026-05-09T00:45:00+0200,602.9975,MW,FR,FR,forecast_offshore_wind_generation,Wind Offshore,2026-05-26T14:20:23Z
2026-05-26T14:19:27Z,2026-05-26T16:19:27+0200,9d8474b6-9a07-4a7a-8e0f-b65ff32620de,2026-05-08T23:00:00Z,2026-05-09T01:00:00+0200,593.31,MW,FR,FR,forecast_offshore_wind_generation,Wind Offshore,2026-05-26T14:20:23Z
2026-05-26T14:19:27Z,2026-05-26T16:19:27+0200,9d8474b6-9a07-4a7a-8e0f-b65ff32620de,2026-05-08T23:15:00Z,2026-05-09T01:15:00+0200,602.53748,MW,FR,FR,forecast_offshore_wind_generation,Wind Offshore,2026-05-26T14:20:23Z
2026-05-26T14:19:27Z,2026-05-26T16:19:27+0200,9d8474b6-9a07-4a7a-8e0f-b65ff32620de,2026-05-08T23:30:00Z,2026-05-09T01:30:00+0200,611.76501,MW,FR,FR,forecast_offshore_wind_generation,Wind Offshore,2026-05-26T14:20:23Z
2026-05-26T14:19:27Z,2026-05-26T16:19:27+0200,9d8474b6-9a07-4a7a-8e0f-b65ff32620de,2026-05-08T23:45:00Z,2026-05-09T01:45:00+0200,620.99249,MW,FR,FR,forecast_offshore_wind_generation,Wind Offshore,2026-05-26T14:20:23Z
2026-05-26T14:19:27Z,2026-05-26T16:19:27+0200,9d8474b6-9a07-4a7a-8e0f-b65ff32620de,2026-05-09T00:00:00Z,2026-05-09T02:00:00+0200,630.21997,MW,FR,FR,forecast_offshore_wind_generation,Wind Offshore,2026-05-26T14:20:23Z
2026-05-26T14:19:27Z,2026-05-26T16:19:27+0200,9d8474b6-9a07-4a7a-8e0f-b65ff32620de,2026-05-09T00:15:00Z,2026-05-09T02:15:00+0200,606.58002,MW,FR,FR,forecast_offshore_wind_generation,Wind Offshore,2026-05-26T14:20:23Z
2026-05-26T14:19:27Z,2026-05-26T16:19:27+0200,9d8474b6-9a07-4a7a-8e0f-b65ff32620de,2026-05-09T00:30:00Z,2026-05-09T02:30:00+0200,582.94,MW,FR,FR,forecast_offshore_wind_generation,Wind Offshore,2026-05-26T14:20:23Z
2026-05-26T14:19:27Z,2026-05-26T16:19:27+0200,9d8474b6-9a07-4a7a-8e0f-b65ff32620de,2026-05-09T00:45:00Z,2026-05-09T02:45:00+0200,559.29999,MW,FR,FR,forecast_offshore_wind_generation,Wind Offshore,2026-05-26T14:20:23Z
2026-05-26T14:19:27Z,2026-05-26T16:19:27+0200,9d8474b6-9a07-4a7a-8e0f-b65ff32620de,2026-05-09T01:00:00Z,2026-05-09T03:00:00+0200,535.65997,MW,FR,FR,forecast_offshore_wind_generation,Wind Offshore,2026-05-26T14:20:23Z
2026-05-26T14:19:27Z,2026-05-26T16:19:27+0200,9d8474b6-9a07-4a7a-8e0f-b65ff32620de,2026-05-09T01:15:00Z,2026-05-09T03:15:00+0200,510.29248,MW,FR,FR,forecast_offshore_wind_generation,Wind Offshore,2026-05-26T14:20:23Z
2026-05-26T14:19:27Z,2026-05-26T16:19:27+0200,9d8474b6-9a07-4a7a-8e0f-b65ff32620de,2026-05-09T01:30:00Z,2026-05-09T03:30:00+0200,484.92499,MW,FR,FR,forecast_offshore_wind_generation,Wind Offshore,2026-05-26T14:20:23Z
2026-05-26T14:19:27Z,2026-05-26T16:19:27+0200,9d8474b6-9a07-4a7a-8e0f-b65ff32620de,2026-05-09T01:45:00Z,2026-05-09T03:45:00+0200,459.55753,MW,FR,FR,forecast_offshore_wind_generation,Wind Offshore,2026-05-26T14:20:23Z
2026-05-26T14:19:27Z,2026-05-26T16:19:27+0200,9d8474b6-9a07-4a7a-8e0f-b65ff32620de,2026-05-09T02:00:00Z,2026-05-09T04:00:00+0200,434.19,MW,FR,FR,forecast_offshore_wind_generation,Wind Offshore,2026-05-26T14:20:23Z
2026-05-26T14:19:27Z,2026-05-26T16:19:27+0200,9d8474b6-9a07-4a7a-8e0f-b65ff32620de,2026-05-09T02:15:00Z,2026-05-09T04:15:00+0200,415.5025,MW,FR,FR,forecast_offshore_wind_generation,Wind Offshore,2026-05-26T14:20:23Z
2026-05-26T14:19:27Z,2026-05-26T16:19:27+0200,9d8474b6-9a07-4a7a-8e0f-b65ff32620de,2026-05-09T02:30:00Z,2026-05-09T04:30:00+0200,396.815,MW,FR,FR,forecast_offshore_wind_generation,Wind Offshore,2026-05-26T14:20:23Z
2026-05-26T14:19:27Z,2026-05-26T16:19:27+0200,9d8474b6-9a07-4a7a-8e0f-b65ff32620de,2026-05-09T02:45:00Z,2026-05-09T04:45:00+0200,378.1275,MW,FR,FR,forecast_offshore_wind_generation,Wind Offshore,2026-05-26T14:20:23Z
2026-05-26T14:19:27Z,2026-05-26T16:19:27+0200,9d8474b6-9a07-4a7a-8e0f-b65ff32620de,2026-05-09T03:00:00Z,2026-05-09T05:00:00+0200,359.44,MW,FR,FR,forecast_offshore_wind_generation,Wind Offshore,2026-05-26T14:20:23Z
2026-05-26T14:19:27Z,2026-05-26T16:19:27+0200,9d8474b6-9a07-4a7a-8e0f-b65ff32620de,2026-05-09T03:15:00Z,2026-05-09T05:15:00+0200,369.63251,MW,FR,FR,forecast_offshore_wind_generation,Wind Offshore,2026-05-26T14:20:23Z
2026-05-26T14:19:27Z,2026-05-26T16:19:27+0200,9d8474b6-9a07-4a7a-8e0f-b65ff32620de,2026-05-09T03:30:00Z,2026-05-09T05:30:00+0200,379.82501,MW,FR,FR,forecast_offshore_wind_generation,Wind Offshore,2026-05-26T14:20:23Z
2026-05-26T14:19:27Z,2026-05-26T16:19:27+0200,9d8474b6-9a07-4a7a-8e0f-b65ff32620de,2026-05-09T03:45:00Z,2026-05-09T05:45:00+0200,390.01752,MW,FR,FR,forecast_offshore_wind_generation,Wind Offshore,2026-05-26T14:20:23Z
2026-05-26T14:19:27Z,2026-05-26T16:19:27+0200,9d8474b6-9a07-4a7a-8e0f-b65ff32620de,2026-05-09T04:00:00Z,2026-05-09T06:00:00+0200,400.20999,MW,FR,FR,forecast_offshore_wind_generation,Wind Offshore,2026-05-26T14:20:23Z
2026-05-26T14:19:27Z,2026-05-26T16:19:27+0200,9d8474b6-9a07-4a7a-8e0f-b65ff32620de,2026-05-09T04:15:00Z,2026-05-09T06:15:00+0200,427.02249,MW,FR,FR,forecast_offshore_wind_generation,Wind Offshore,2026-05-26T14:20:23Z
2026-05-26T14:19:27Z,2026-05-26T16:19:27+0200,9d8474b6-9a07-4a7a-8e0f-b65ff32620de,2026-05-09T04:30:00Z,2026-05-09T06:30:00+0200,453.83496,MW,FR,FR,forecast_offshore_wind_generation,Wind Offshore,2026-05-26T14:20:23Z
2026-05-26T14:19:27Z,2026-05-26T16:19:27+0200,9d8474b6-9a07-4a7a-8e0f-b65ff32620de,2026-05-09T04:45:00Z,2026-05-09T06:45:00+0200,480.64749,MW,FR,FR,forecast_offshore_wind_generation,Wind Offshore,2026-05-26T14:20:23Z
2026-05-26T14:19:27Z,2026-05-26T16:19:27+0200,9d8474b6-9a07-4a7a-8e0f-b65ff32620de,2026-05-09T05:00:00Z,2026-05-09T07:00:00+0200,507.45999,MW,FR,FR,forecast_offshore_wind_generation,Wind Offshore,2026-05-26T14:20:23Z
2026-05-26T14:19:27Z,2026-05-26T16:19:27+0200,9d8474b6-9a07-4a7a-8e0f-b65ff32620de,2026-05-09T05:15:00Z,2026-05-09T07:15:00+0200,488.755,MW,FR,FR,forecast_offshore_wind_generation,Wind Offshore,2026-05-26T14:20:23Z
2026-05-26T14:19:27Z,2026-05-26T16:19:27+0200,9d8474b6-9a07-4a7a-8e0f-b65ff32620de,2026-05-09T05:30:00Z,2026-05-09T07:30:00+0200,470.05002,MW,FR,FR,forecast_offshore_wind_generation,Wind Offshore,2026-05-26T14:20:23Z
2026-05-26T14:19:27Z,2026-05-26T16:19:27+0200,9d8474b6-9a07-4a7a-8e0f-b65ff32620de,2026-05-09T05:45:00Z,2026-05-09T07:45:00+0200,451.345,MW,FR,FR,forecast_offshore_wind_generation,Wind Offshore,2026-05-26T14:20:23Z
2026-05-26T14:19:27Z,2026-05-26T16:19:27+0200,9d8474b6-9a07-4a7a-8e0f-b65ff32620de,2026-05-09T06:00:00Z,2026-05-09T08:00:00+0200,432.64001,MW,FR,FR,forecast_offshore_wind_generation,Wind Offshore,2026-05-26T14:20:23Z
2026-05-26T14:19:27Z,2026-05-26T16:19:27+0200,9d8474b6-9a07-4a7a-8e0f-b65ff32620de,2026-05-09T06:15:00Z,2026-05-09T08:15:00+0200,448.0025,MW,FR,FR,forecast_offshore_wind_generation,Wind Offshore,2026-05-26T14:20:23Z
2026-05-26T14:19:27Z,2026-05-26T16:19:27+0200,9d8474b6-9a07-4a7a-8e0f-b65ff32620de,2026-05-09T06:30:00Z,2026-05-09T08:30:00+0200,463.36502,MW,FR,FR,forecast_offshore_wind_generation,Wind Offshore,2026-05-26T14:20:23Z
2026-05-26T14:19:27Z,2026-05-26T16:19:27+0200,9d8474b6-9a07-4a7a-8e0f-b65ff32620de,2026-05-09T06:45:00Z,2026-05-09T08:45:00+0200,478.72751,MW,FR,FR,forecast_offshore_wind_generation,Wind Offshore,2026-05-26T14:20:23Z
2026-05-26T14:19:27Z,2026-05-26T16:19:27+0200,9d8474b6-9a07-4a7a-8e0f-b65ff32620de,2026-05-09T07:00:00Z,2026-05-09T09:00:00+0200,494.09,MW,FR,FR,forecast_offshore_wind_generation,Wind Offshore,2026-05-26T14:20:23Z
2026-05-26T14:19:27Z,2026-05-26T16:19:27+0200,9d8474b6-9a07-4a7a-8e0f-b65ff32620de,2026-05-09T07:15:00Z,2026-05-09T09:15:00+0200,524.95245,MW,FR,FR,forecast_offshore_wind_generation,Wind Offshore,2026-05-26T14:20:23Z
2026-05-26T14:19:27Z,2026-05-26T16:19:27+0200,9d8474b6-9a07-4a7a-8e0f-b65ff32620de,2026-05-09T07:30:00Z,2026-05-09T09:30:00+0200,555.815,MW,FR,FR,forecast_offshore_wind_generation,Wind Offshore,2026-05-26T14:20:23Z
2026-05-26T14:19:27Z,2026-05-26T16:19:27+0200,9d8474b6-9a07-4a7a-8e0f-b65ff32620de,2026-05-09T07:45:00Z,2026-05-09T09:45:00+0200,586.67749,MW,FR,FR,forecast_offshore_wind_generation,Wind Offshore,2026-05-26T14:20:23Z
2026-05-26T14:19:27Z,2026-05-26T16:19:27+0200,9d8474b6-9a07-4a7a-8e0f-b65ff32620de,2026-05-09T08:00:00Z,2026-05-09T10:00:00+0200,617.54004,MW,FR,FR,forecast_offshore_wind_generation,Wind Offshore,2026-05-26T14:20:23Z
2026-05-26T14:19:27Z,2026-05-26T16:19:27+0200,9d8474b6-9a07-4a7a-8e0f-b65ff32620de,2026-05-09T08:15:00Z,2026-05-09T10:15:00+0200,621.40753,MW,FR,FR,forecast_offshore_wind_generation,Wind Offshore,2026-05-26T14:20:23Z
2026-05-26T14:19:27Z,2026-05-26T16:19:27+0200,9d8474b6-9a07-4a7a-8e0f-b65ff32620de,2026-05-09T08:30:00Z,2026-05-09T10:30:00+0200,625.27502,MW,FR,FR,forecast_offshore_wind_generation,Wind Offshore,2026-05-26T14:20:23Z
2026-05-26T14:19:27Z,2026-05-26T16:19:27+0200,9d8474b6-9a07-4a7a-8e0f-b65ff32620de,2026-05-09T08:45:00Z,2026-05-09T10:45:00+0200,629.14252,MW,FR,FR,forecast_offshore_wind_generation,Wind Offshore,2026-05-26T14:20:23Z
2026-05-26T14:19:27Z,2026-05-26T16:19:27+0200,9d8474b6-9a07-4a7a-8e0f-b65ff32620de,2026-05-09T09:00:00Z,2026-05-09T11:00:00+0200,633.01001,MW,FR,FR,forecast_offshore_wind_generation,Wind Offshore,2026-05-26T14:20:23Z
2026-05-26T14:19:27Z,2026-05-26T16:19:27+0200,9d8474b6-9a07-4a7a-8e0f-b65ff32620de,2026-05-09T09:15:00Z,2026-05-09T11:15:00+0200,650.37244,MW,FR,FR,forecast_offshore_wind_generation,Wind Offshore,2026-05-26T14:20:23Z
2026-05-26T14:19:27Z,2026-05-26T16:19:27+0200,9d8474b6-9a07-4a7a-8e0f-b65ff32620de,2026-05-09T09:30:00Z,2026-05-09T11:30:00+0200,667.73499,MW,FR,FR,forecast_offshore_wind_generation,Wind Offshore,2026-05-26T14:20:23Z
2026-05-26T14:19:27Z,2026-05-26T16:19:27+0200,9d8474b6-9a07-4a7a-8e0f-b65ff32620de,2026-05-09T09:45:00Z,2026-05-09T11:45:00+0200,685.09753,MW,FR,FR,forecast_offshore_wind_generation,Wind Offshore,2026-05-26T14:20:23Z
2026-05-26T14:19:27Z,2026-05-26T16:19:27+0200,9d8474b6-9a07-4a7a-8e0f-b65ff32620de,2026-05-09T10:00:00Z,2026-05-09T12:00:00+0200,702.45996,MW,FR,FR,forecast_offshore_wind_generation,Wind Offshore,2026-05-26T14:20:23Z
2026-05-26T14:19:27Z,2026-05-26T16:19:27+0200,9d8474b6-9a07-4a7a-8e0f-b65ff32620de,2026-05-09T10:15:00Z,2026-05-09T12:15:00+0200,690.22998,MW,FR,FR,forecast_offshore_wind_generation,Wind Offshore,2026-05-26T14:20:23Z
2026-05-26T14:19:27Z,2026-05-26T16:19:27+0200,9d8474b6-9a07-4a7a-8e0f-b65ff32620de,2026-05-09T10:30:00Z,2026-05-09T12:30:00+0200,678.0,MW,FR,FR,forecast_offshore_wind_generation,Wind Offshore,2026-05-26T14:20:23Z
2026-05-26T14:19:27Z,2026-05-26T16:19:27+0200,9d8474b6-9a07-4a7a-8e0f-b65ff32620de,2026-05-09T10:45:00Z,2026-05-09T12:45:00+0200,665.77002,MW,FR,FR,forecast_offshore_wind_generation,Wind Offshore,2026-05-26T14:20:23Z
2026-05-26T14:19:27Z,2026-05-26T16:19:27+0200,9d8474b6-9a07-4a7a-8e0f-b65ff32620de,2026-05-09T11:00:00Z,2026-05-09T13:00:00+0200,653.53998,MW,FR,FR,forecast_offshore_wind_generation,Wind Offshore,2026-05-26T14:20:23Z
2026-05-26T14:19:27Z,2026-05-26T16:19:27+0200,9d8474b6-9a07-4a7a-8e0f-b65ff32620de,2026-05-09T11:15:00Z,2026-05-09T13:15:00+0200,682.22498,MW,FR,FR,forecast_offshore_wind_generation,Wind Offshore,2026-05-26T14:20:23Z
2026-05-26T14:19:27Z,2026-05-26T16:19:27+0200,9d8474b6-9a07-4a7a-8e0f-b65ff32620de,2026-05-09T11:30:00Z,2026-05-09T13:30:00+0200,710.90997,MW,FR,FR,forecast_offshore_wind_generation,Wind Offshore,2026-05-26T14:20:23Z
2026-05-26T14:19:27Z,2026-05-26T16:19:27+0200,9d8474b6-9a07-4a7a-8e0f-b65ff32620de,2026-05-09T11:45:00Z,2026-05-09T13:45:00+0200,739.59497,MW,FR,FR,forecast_offshore_wind_generation,Wind Offshore,2026-05-26T14:20:23Z
2026-05-26T14:19:27Z,2026-05-26T16:19:27+0200,9d8474b6-9a07-4a7a-8e0f-b65ff32620de,2026-05-09T12:00:00Z,2026-05-09T14:00:00+0200,768.27997,MW,FR,FR,forecast_offshore_wind_generation,Wind Offshore,2026-05-26T14:20:23Z
2026-05-26T14:19:27Z,2026-05-26T16:19:27+0200,9d8474b6-9a07-4a7a-8e0f-b65ff32620de,2026-05-09T12:15:00Z,2026-05-09T14:15:00+0200,772.5675,MW,FR,FR,forecast_offshore_wind_generation,Wind Offshore,2026-05-26T14:20:23Z
2026-05-26T14:19:27Z,2026-05-26T16:19:27+0200,9d8474b6-9a07-4a7a-8e0f-b65ff32620de,2026-05-09T12:30:00Z,2026-05-09T14:30:00+0200,776.85498,MW,FR,FR,forecast_offshore_wind_generation,Wind Offshore,2026-05-26T14:20:23Z
2026-05-26T14:19:27Z,2026-05-26T16:19:27+0200,9d8474b6-9a07-4a7a-8e0f-b65ff32620de,2026-05-09T12:45:00Z,2026-05-09T14:45:00+0200,781.14252,MW,FR,FR,forecast_offshore_wind_generation,Wind Offshore,2026-05-26T14:20:23Z
2026-05-26T14:19:27Z,2026-05-26T16:19:27+0200,9d8474b6-9a07-4a7a-8e0f-b65ff32620de,2026-05-09T13:00:00Z,2026-05-09T15:00:00+0200,785.43005,MW,FR,FR,forecast_offshore_wind_generation,Wind Offshore,2026-05-26T14:20:23Z
2026-05-26T14:19:27Z,2026-05-26T16:19:27+0200,9d8474b6-9a07-4a7a-8e0f-b65ff32620de,2026-05-09T13:15:00Z,2026-05-09T15:15:00+0200,770.28748,MW,FR,FR,forecast_offshore_wind_generation,Wind Offshore,2026-05-26T14:20:23Z
2026-05-26T14:19:27Z,2026-05-26T16:19:27+0200,9d8474b6-9a07-4a7a-8e0f-b65ff32620de,2026-05-09T13:30:00Z,2026-05-09T15:30:00+0200,755.14502,MW,FR,FR,forecast_offshore_wind_generation,Wind Offshore,2026-05-26T14:20:23Z
2026-05-26T14:19:27Z,2026-05-26T16:19:27+0200,9d8474b6-9a07-4a7a-8e0f-b65ff32620de,2026-05-09T13:45:00Z,2026-05-09T15:45:00+0200,740.0025,MW,FR,FR,forecast_offshore_wind_generation,Wind Offshore,2026-05-26T14:20:23Z
2026-05-26T14:19:27Z,2026-05-26T16:19:27+0200,9d8474b6-9a07-4a7a-8e0f-b65ff32620de,2026-05-09T14:00:00Z,2026-05-09T16:00:00+0200,724.85999,MW,FR,FR,forecast_offshore_wind_generation,Wind Offshore,2026-05-26T14:20:23Z
2026-05-26T14:19:27Z,2026-05-26T16:19:27+0200,9d8474b6-9a07-4a7a-8e0f-b65ff32620de,2026-05-09T14:15:00Z,2026-05-09T16:15:00+0200,726.13751,MW,FR,FR,forecast_offshore_wind_generation,Wind Offshore,2026-05-26T14:20:23Z
2026-05-26T14:19:27Z,2026-05-26T16:19:27+0200,9d8474b6-9a07-4a7a-8e0f-b65ff32620de,2026-05-09T14:30:00Z,2026-05-09T16:30:00+0200,727.41504,MW,FR,FR,forecast_offshore_wind_generation,Wind Offshore,2026-05-26T14:20:23Z
2026-05-26T14:19:27Z,2026-05-26T16:19:27+0200,9d8474b6-9a07-4a7a-8e0f-b65ff32620de,2026-05-09T14:45:00Z,2026-05-09T16:45:00+0200,728.6925,MW,FR,FR,forecast_offshore_wind_generation,Wind Offshore,2026-05-26T14:20:23Z
2026-05-26T14:19:27Z,2026-05-26T16:19:27+0200,9d8474b6-9a07-4a7a-8e0f-b65ff32620de,2026-05-09T15:00:00Z,2026-05-09T17:00:00+0200,729.96997,MW,FR,FR,forecast_offshore_wind_generation,Wind Offshore,2026-05-26T14:20:23Z
2026-05-26T14:19:27Z,2026-05-26T16:19:27+0200,9d8474b6-9a07-4a7a-8e0f-b65ff32620de,2026-05-09T15:15:00Z,2026-05-09T17:15:00+0200,743.4375,MW,FR,FR,forecast_offshore_wind_generation,Wind Offshore,2026-05-26T14:20:23Z
2026-05-26T14:19:27Z,2026-05-26T16:19:27+0200,9d8474b6-9a07-4a7a-8e0f-b65ff32620de,2026-05-09T15:30:00Z,2026-05-09T17:30:00+0200,756.90497,MW,FR,FR,forecast_offshore_wind_generation,Wind Offshore,2026-05-26T14:20:23Z
2026-05-26T14:19:27Z,2026-05-26T16:19:27+0200,9d8474b6-9a07-4a7a-8e0f-b65ff32620de,2026-05-09T15:45:00Z,2026-05-09T17:45:00+0200,770.3725,MW,FR,FR,forecast_offshore_wind_generation,Wind Offshore,2026-05-26T14:20:23Z
2026-05-26T14:19:27Z,2026-05-26T16:19:27+0200,9d8474b6-9a07-4a7a-8e0f-b65ff32620de,2026-05-09T16:00:00Z,2026-05-09T18:00:00+0200,783.83997,MW,FR,FR,forecast_offshore_wind_generation,Wind Offshore,2026-05-26T14:20:23Z
2026-05-26T14:19:27Z,2026-05-26T16:19:27+0200,9d8474b6-9a07-4a7a-8e0f-b65ff32620de,2026-05-09T16:15:00Z,2026-05-09T18:15:00+0200,785.43005,MW,FR,FR,forecast_offshore_wind_generation,Wind Offshore,2026-05-26T14:20:23Z
2026-05-26T14:19:27Z,2026-05-26T16:19:27+0200,9d8474b6-9a07-4a7a-8e0f-b65ff32620de,2026-05-09T16:30:00Z,2026-05-09T18:30:00+0200,787.02002,MW,FR,FR,forecast_offshore_wind_generation,Wind Offshore,2026-05-26T14:20:23Z
2026-05-26T14:19:27Z,2026-05-26T16:19:27+0200,9d8474b6-9a07-4a7a-8e0f-b65ff32620de,2026-05-09T16:45:00Z,2026-05-09T18:45:00+0200,788.60999,MW,FR,FR,forecast_offshore_wind_generation,Wind Offshore,2026-05-26T14:20:23Z
2026-05-26T14:19:27Z,2026-05-26T16:19:27+0200,9d8474b6-9a07-4a7a-8e0f-b65ff32620de,2026-05-09T17:00:00Z,2026-05-09T19:00:00+0200,790.20007,MW,FR,FR,forecast_offshore_wind_generation,Wind Offshore,2026-05-26T14:20:23Z
2026-05-26T14:19:27Z,2026-05-26T16:19:27+0200,9d8474b6-9a07-4a7a-8e0f-b65ff32620de,2026-05-09T17:15:00Z,2026-05-09T19:15:00+0200,778.42993,MW,FR,FR,forecast_offshore_wind_generation,Wind Offshore,2026-05-26T14:20:23Z
2026-05-26T14:19:27Z,2026-05-26T16:19:27+0200,9d8474b6-9a07-4a7a-8e0f-b65ff32620de,2026-05-09T17:30:00Z,2026-05-09T19:30:00+0200,766.66003,MW,FR,FR,forecast_offshore_wind_generation,Wind Offshore,2026-05-26T14:20:23Z
2026-05-26T14:19:27Z,2026-05-26T16:19:27+0200,9d8474b6-9a07-4a7a-8e0f-b65ff32620de,2026-05-09T17:45:00Z,2026-05-09T19:45:00+0200,754.89001,MW,FR,FR,forecast_offshore_wind_generation,Wind Offshore,2026-05-26T14:20:23Z
2026-05-26T14:19:27Z,2026-05-26T16:19:27+0200,9d8474b6-9a07-4a7a-8e0f-b65ff32620de,2026-05-09T18:00:00Z,2026-05-09T20:00:00+0200,743.12,MW,FR,FR,forecast_offshore_wind_generation,Wind Offshore,2026-05-26T14:20:23Z
2026-05-26T14:19:27Z,2026-05-26T16:19:27+0200,9d8474b6-9a07-4a7a-8e0f-b65ff32620de,2026-05-09T18:15:00Z,2026-05-09T20:15:00+0200,713.995,MW,FR,FR,forecast_offshore_wind_generation,Wind Offshore,2026-05-26T14:20:23Z
2026-05-26T14:19:27Z,2026-05-26T16:19:27+0200,9d8474b6-9a07-4a7a-8e0f-b65ff32620de,2026-05-09T18:30:00Z,2026-05-09T20:30:00+0200,684.86993,MW,FR,FR,forecast_offshore_wind_generation,Wind Offshore,2026-05-26T14:20:23Z
2026-05-26T14:19:27Z,2026-05-26T16:19:27+0200,9d8474b6-9a07-4a7a-8e0f-b65ff32620de,2026-05-09T18:45:00Z,2026-05-09T20:45:00+0200,655.745,MW,FR,FR,forecast_offshore_wind_generation,Wind Offshore,2026-05-26T14:20:23Z
2026-05-26T14:19:27Z,2026-05-26T16:19:27+0200,9d8474b6-9a07-4a7a-8e0f-b65ff32620de,2026-05-09T19:00:00Z,2026-05-09T21:00:00+0200,626.62,MW,FR,FR,forecast_offshore_wind_generation,Wind Offshore,2026-05-26T14:20:23Z
2026-05-26T14:19:27Z,2026-05-26T16:19:27+0200,9d8474b6-9a07-4a7a-8e0f-b65ff32620de,2026-05-09T19:15:00Z,2026-05-09T21:15:00+0200,553.51752,MW,FR,FR,forecast_offshore_wind_generation,Wind Offshore,2026-05-26T14:20:23Z
2026-05-26T14:19:27Z,2026-05-26T16:19:27+0200,9d8474b6-9a07-4a7a-8e0f-b65ff32620de,2026-05-09T19:30:00Z,2026-05-09T21:30:00+0200,480.41498,MW,FR,FR,forecast_offshore_wind_generation,Wind Offshore,2026-05-26T14:20:23Z
2026-05-26T14:19:27Z,2026-05-26T16:19:27+0200,9d8474b6-9a07-4a7a-8e0f-b65ff32620de,2026-05-09T19:45:00Z,2026-05-09T21:45:00+0200,407.3125,MW,FR,FR,forecast_offshore_wind_generation,Wind Offshore,2026-05-26T14:20:23Z
2026-05-26T14:19:27Z,2026-05-26T16:19:27+0200,9d8474b6-9a07-4a7a-8e0f-b65ff32620de,2026-05-09T20:00:00Z,2026-05-09T22:00:00+0200,334.20999,MW,FR,FR,forecast_offshore_wind_generation,Wind Offshore,2026-05-26T14:20:23Z
2026-05-26T14:19:27Z,2026-05-26T16:19:27+0200,9d8474b6-9a07-4a7a-8e0f-b65ff32620de,2026-05-09T20:15:00Z,2026-05-09T22:15:00+0200,426.6575,MW,FR,FR,forecast_offshore_wind_generation,Wind Offshore,2026-05-26T14:20:23Z
2026-05-26T14:19:27Z,2026-05-26T16:19:27+0200,9d8474b6-9a07-4a7a-8e0f-b65ff32620de,2026-05-09T20:30:00Z,2026-05-09T22:30:00+0200,519.10498,MW,FR,FR,forecast_offshore_wind_generation,Wind Offshore,2026-05-26T14:20:23Z
2026-05-26T14:19:27Z,2026-05-26T16:19:27+0200,9d8474b6-9a07-4a7a-8e0f-b65ff32620de,2026-05-09T20:45:00Z,2026-05-09T22:45:00+0200,611.55249,MW,FR,FR,forecast_offshore_wind_generation,Wind Offshore,2026-05-26T14:20:23Z
2026-05-26T14:19:27Z,2026-05-26T16:19:27+0200,9d8474b6-9a07-4a7a-8e0f-b65ff32620de,2026-05-09T21:00:00Z,2026-05-09T23:00:00+0200,704.0,MW,FR,FR,forecast_offshore_wind_generation,Wind Offshore,2026-05-26T14:20:23Z
2026-05-26T14:19:27Z,2026-05-26T16:19:27+0200,9d8474b6-9a07-4a7a-8e0f-b65ff32620de,2026-05-09T21:15:00Z,2026-05-09T23:15:00+0200,774.23749,MW,FR,FR,forecast_offshore_wind_generation,Wind Offshore,2026-05-26T14:20:23Z
2026-05-26T14:19:27Z,2026-05-26T16:19:27+0200,9d8474b6-9a07-4a7a-8e0f-b65ff32620de,2026-05-09T21:30:00Z,2026-05-09T23:30:00+0200,844.47504,MW,FR,FR,forecast_offshore_wind_generation,Wind Offshore,2026-05-26T14:20:23Z
2026-05-26T14:19:27Z,2026-05-26T16:19:27+0200,9d8474b6-9a07-4a7a-8e0f-b65ff32620de,2026-05-09T21:45:00Z,2026-05-09T23:45:00+0200,914.71252,MW,FR,FR,forecast_offshore_wind_generation,Wind Offshore,2026-05-26T14:20:23Z
2026-05-26T14:19:27Z,2026-05-26T16:19:27+0200,9d8474b6-9a07-4a7a-8e0f-b65ff32620de,2026-05-09T22:00:00Z,2026-05-10T00:00:00+0200,1260.20007,MW,FR,FR,forecast_offshore_wind_generation,Wind Offshore,2026-05-26T14:20:23Z
2026-05-26T14:19:27Z,2026-05-26T16:19:27+0200,9d8474b6-9a07-4a7a-8e0f-b65ff32620de,2026-05-09T22:15:00Z,2026-05-10T00:15:00+0200,1298.35242,MW,FR,FR,forecast_offshore_wind_generation,Wind Offshore,2026-05-26T14:20:23Z
2026-05-26T14:19:27Z,2026-05-26T16:19:27+0200,9d8474b6-9a07-4a7a-8e0f-b65ff32620de,2026-05-09T22:30:00Z,2026-05-10T00:30:00+0200,1336.50513,MW,FR,FR,forecast_offshore_wind_generation,Wind Offshore,2026-05-26T14:20:23Z
2026-05-26T14:19:27Z,2026-05-26T16:19:27+0200,9d8474b6-9a07-4a7a-8e0f-b65ff32620de,2026-05-09T22:45:00Z,2026-05-10T00:45:00+0200,1374.65735,MW,FR,FR,forecast_offshore_wind_generation,Wind Offshore,2026-05-26T14:20:23Z
2026-05-26T14:19:27Z,2026-05-26T16:19:27+0200,9d8474b6-9a07-4a7a-8e0f-b65ff32620de,2026-05-09T23:00:00Z,2026-05-10T01:00:00+0200,1412.81006,MW,FR,FR,forecast_offshore_wind_generation,Wind Offshore,2026-05-26T14:20:23Z
2026-05-26T14:19:27Z,2026-05-26T16:19:27+0200,9d8474b6-9a07-4a7a-8e0f-b65ff32620de,2026-05-09T23:15:00Z,2026-05-10T01:15:00+0200,1398.75,MW,FR,FR,forecast_offshore_wind_generation,Wind Offshore,2026-05-26T14:20:23Z
2026-05-26T14:19:27Z,2026-05-26T16:19:27+0200,9d8474b6-9a07-4a7a-8e0f-b65ff32620de,2026-05-09T23:30:00Z,2026-05-10T01:30:00+0200,1384.69006,MW,FR,FR,forecast_offshore_wind_generation,Wind Offshore,2026-05-26T14:20:23Z
2026-05-26T14:19:27Z,2026-05-26T16:19:27+0200,9d8474b6-9a07-4a7a-8e0f-b65ff32620de,2026-05-09T23:45:00Z,2026-05-10T01:45:00+0200,1370.63,MW,FR,FR,forecast_offshore_wind_generation,Wind Offshore,2026-05-26T14:20:23Z
2026-05-26T14:19:27Z,2026-05-26T16:19:27+0200,9d8474b6-9a07-4a7a-8e0f-b65ff32620de,2026-05-10T00:00:00Z,2026-05-10T02:00:00+0200,1356.56995,MW,FR,FR,forecast_offshore_wind_generation,Wind Offshore,2026-05-26T14:20:23Z
2026-05-26T14:19:27Z,2026-05-26T16:19:27+0200,9d8474b6-9a07-4a7a-8e0f-b65ff32620de,2026-05-10T00:15:00Z,2026-05-10T02:15:00+0200,1249.39502,MW,FR,FR,forecast_offshore_wind_generation,Wind Offshore,2026-05-26T14:20:23Z
2026-05-26T14:19:27Z,2026-05-26T16:19:27+0200,9d8474b6-9a07-4a7a-8e0f-b65ff32620de,2026-05-10T00:30:00Z,2026-05-10T02:30:00+0200,1142.21997,MW,FR,FR,forecast_offshore_wind_generation,Wind Offshore,2026-05-26T14:20:23Z
2026-05-26T14:19:27Z,2026-05-26T16:19:27+0200,9d8474b6-9a07-4a7a-8e0f-b65ff32620de,2026-05-10T00:45:00Z,2026-05-10T02:45:00+0200,1035.04492,MW,FR,FR,forecast_offshore_wind_generation,Wind Offshore,2026-05-26T14:20:23Z
2026-05-26T14:19:27Z,2026-05-26T16:19:27+0200,9d8474b6-9a07-4a7a-8e0f-b65ff32620de,2026-05-10T01:00:00Z,2026-05-10T03:00:00+0200,927.87006,MW,FR,FR,forecast_offshore_wind_generation,Wind Offshore,2026-05-26T14:20:23Z
2026-05-26T14:19:27Z,2026-05-26T16:19:27+0200,9d8474b6-9a07-4a7a-8e0f-b65ff32620de,2026-05-10T01:15:00Z,2026-05-10T03:15:00+0200,882.27258,MW,FR,FR,forecast_offshore_wind_generation,Wind Offshore,2026-05-26T14:20:23Z
2026-05-26T14:19:27Z,2026-05-26T16:19:27+0200,9d8474b6-9a07-4a7a-8e0f-b65ff32620de,2026-05-10T01:30:00Z,2026-05-10T03:30:00+0200,836.67499,MW,FR,FR,forecast_offshore_wind_generation,Wind Offshore,2026-05-26T14:20:23Z
2026-05-26T14:19:27Z,2026-05-26T16:19:27+0200,9d8474b6-9a07-4a7a-8e0f-b65ff32620de,2026-05-10T01:45:00Z,2026-05-10T03:45:00+0200,791.07751,MW,FR,FR,forecast_offshore_wind_generation,Wind Offshore,2026-05-26T14:20:23Z
2026-05-26T14:19:27Z,2026-05-26T16:19:27+0200,9d8474b6-9a07-4a7a-8e0f-b65ff32620de,2026-05-10T02:00:00Z,2026-05-10T04:00:00+0200,745.47998,MW,FR,FR,forecast_offshore_wind_generation,Wind Offshore,2026-05-26T14:20:23Z
2026-05-26T14:19:27Z,2026-05-26T16:19:27+0200,9d8474b6-9a07-4a7a-8e0f-b65ff32620de,2026-05-10T02:15:00Z,2026-05-10T04:15:00+0200,780.39001,MW,FR,FR,forecast_offshore_wind_generation,Wind Offshore,2026-05-26T14:20:23Z
2026-05-26T14:19:27Z,2026-05-26T16:19:27+0200,9d8474b6-9a07-4a7a-8e0f-b65ff32620de,2026-05-10T02:30:00Z,2026-05-10T04:30:00+0200,815.29993,MW,FR,FR,forecast_offshore_wind_generation,Wind Offshore,2026-05-26T14:20:23Z
2026-05-26T14:19:27Z,2026-05-26T16:19:27+0200,9d8474b6-9a07-4a7a-8e0f-b65ff32620de,2026-05-10T02:45:00Z,2026-05-10T04:45:00+0200,850.21002,MW,FR,FR,forecast_offshore_wind_generation,Wind Offshore,2026-05-26T14:20:23Z
2026-05-26T14:19:27Z,2026-05-26T16:19:27+0200,9d8474b6-9a07-4a7a-8e0f-b65ff32620de,2026-05-10T03:00:00Z,2026-05-10T05:00:00+0200,885.12,MW,FR,FR,forecast_offshore_wind_generation,Wind Offshore,2026-05-26T14:20:23Z
2026-05-26T14:19:27Z,2026-05-26T16:19:27+0200,9d8474b6-9a07-4a7a-8e0f-b65ff32620de,2026-05-10T03:15:00Z,2026-05-10T05:15:00+0200,909.95001,MW,FR,FR,forecast_offshore_wind_generation,Wind Offshore,2026-05-26T14:20:23Z
2026-05-26T14:19:27Z,2026-05-26T16:19:27+0200,9d8474b6-9a07-4a7a-8e0f-b65ff32620de,2026-05-10T03:30:00Z,2026-05-10T05:30:00+0200,934.78003,MW,FR,FR,forecast_offshore_wind_generation,Wind Offshore,2026-05-26T14:20:23Z
2026-05-26T14:19:27Z,2026-05-26T16:19:27+0200,9d8474b6-9a07-4a7a-8e0f-b65ff32620de,2026-05-10T03:45:00Z,2026-05-10T05:45:00+0200,959.60999,MW,FR,FR,forecast_offshore_wind_generation,Wind Offshore,2026-05-26T14:20:23Z
2026-05-26T14:19:27Z,2026-05-26T16:19:27+0200,9d8474b6-9a07-4a7a-8e0f-b65ff32620de,2026-05-10T04:00:00Z,2026-05-10T06:00:00+0200,984.44006,MW,FR,FR,forecast_offshore_wind_generation,Wind Offshore,2026-05-26T14:20:23Z
2026-05-26T14:19:27Z,2026-05-26T16:19:27+0200,9d8474b6-9a07-4a7a-8e0f-b65ff32620de,2026-05-10T04:15:00Z,2026-05-10T06:15:00+0200,1020.14502,MW,FR,FR,forecast_offshore_wind_generation,Wind Offshore,2026-05-26T14:20:23Z
2026-05-26T14:19:27Z,2026-05-26T16:19:27+0200,9d8474b6-9a07-4a7a-8e0f-b65ff32620de,2026-05-10T04:30:00Z,2026-05-10T06:30:00+0200,1055.8501,MW,FR,FR,forecast_offshore_wind_generation,Wind Offshore,2026-05-26T14:20:23Z
2026-05-26T14:19:27Z,2026-05-26T16:19:27+0200,9d8474b6-9a07-4a7a-8e0f-b65ff32620de,2026-05-10T04:45:00Z,2026-05-10T06:45:00+0200,1091.55505,MW,FR,FR,forecast_offshore_wind_generation,Wind Offshore,2026-05-26T14:20:23Z
2026-05-26T14:19:27Z,2026-05-26T16:19:27+0200,9d8474b6-9a07-4a7a-8e0f-b65ff32620de,2026-05-10T05:00:00Z,2026-05-10T07:00:00+0200,1127.26001,MW,FR,FR,forecast_offshore_wind_generation,Wind Offshore,2026-05-26T14:20:23Z
2026-05-26T14:19:27Z,2026-05-26T16:19:27+0200,9d8474b6-9a07-4a7a-8e0f-b65ff32620de,2026-05-10T05:15:00Z,2026-05-10T07:15:00+0200,1120.495,MW,FR,FR,forecast_offshore_wind_generation,Wind Offshore,2026-05-26T14:20:23Z
2026-05-26T14:19:27Z,2026-05-26T16:19:27+0200,9d8474b6-9a07-4a7a-8e0f-b65ff32620de,2026-05-10T05:30:00Z,2026-05-10T07:30:00+0200,1113.72998,MW,FR,FR,forecast_offshore_wind_generation,Wind Offshore,2026-05-26T14:20:23Z
2026-05-26T14:19:27Z,2026-05-26T16:19:27+0200,9d8474b6-9a07-4a7a-8e0f-b65ff32620de,2026-05-10T05:45:00Z,2026-05-10T07:45:00+0200,1106.96497,MW,FR,FR,forecast_offshore_wind_generation,Wind Offshore,2026-05-26T14:20:23Z
2026-05-26T14:19:27Z,2026-05-26T16:19:27+0200,9d8474b6-9a07-4a7a-8e0f-b65ff32620de,2026-05-10T06:00:00Z,2026-05-10T08:00:00+0200,1100.20007,MW,FR,FR,forecast_offshore_wind_generation,Wind Offshore,2026-05-26T14:20:23Z
2026-05-26T14:19:27Z,2026-05-26T16:19:27+0200,9d8474b6-9a07-4a7a-8e0f-b65ff32620de,2026-05-10T06:15:00Z,2026-05-10T08:15:00+0200,1090.10999,MW,FR,FR,forecast_offshore_wind_generation,Wind Offshore,2026-05-26T14:20:23Z
2026-05-26T14:19:27Z,2026-05-26T16:19:27+0200,9d8474b6-9a07-4a7a-8e0f-b65ff32620de,2026-05-10T06:30:00Z,2026-05-10T08:30:00+0200,1080.02002,MW,FR,FR,forecast_offshore_wind_generation,Wind Offshore,2026-05-26T14:20:23Z
2026-05-26T14:19:27Z,2026-05-26T16:19:27+0200,9d8474b6-9a07-4a7a-8e0f-b65ff32620de,2026-05-10T06:45:00Z,2026-05-10T08:45:00+0200,1069.93005,MW,FR,FR,forecast_offshore_wind_generation,Wind Offshore,2026-05-26T14:20:23Z
2026-05-26T14:19:27Z,2026-05-26T16:19:27+0200,9d8474b6-9a07-4a7a-8e0f-b65ff32620de,2026-05-10T07:00:00Z,2026-05-10T09:00:00+0200,1059.83997,MW,FR,FR,forecast_offshore_wind_generation,Wind Offshore,2026-05-26T14:20:23Z
2026-05-26T14:19:27Z,2026-05-26T16:19:27+0200,9d8474b6-9a07-4a7a-8e0f-b65ff32620de,2026-05-10T07:15:00Z,2026-05-10T09:15:00+0200,1047.73999,MW,FR,FR,forecast_offshore_wind_generation,Wind Offshore,2026-05-26T14:20:23Z
2026-05-26T14:19:27Z,2026-05-26T16:19:27+0200,9d8474b6-9a07-4a7a-8e0f-b65ff32620de,2026-05-10T07:30:00Z,2026-05-10T09:30:00+0200,1035.64001,MW,FR,FR,forecast_offshore_wind_generation,Wind Offshore,2026-05-26T14:20:23Z
2026-05-26T14:19:27Z,2026-05-26T16:19:27+0200,9d8474b6-9a07-4a7a-8e0f-b65ff32620de,2026-05-10T07:45:00Z,2026-05-10T09:45:00+0200,1023.53998,MW,FR,FR,forecast_offshore_wind_generation,Wind Offshore,2026-05-26T14:20:23Z
2026-05-26T14:19:27Z,2026-05-26T16:19:27+0200,9d8474b6-9a07-4a7a-8e0f-b65ff32620de,2026-05-10T08:00:00Z,2026-05-10T10:00:00+0200,1011.44,MW,FR,FR,forecast_offshore_wind_generation,Wind Offshore,2026-05-26T14:20:23Z
2026-05-26T14:19:27Z,2026-05-26T16:19:27+0200,9d8474b6-9a07-4a7a-8e0f-b65ff32620de,2026-05-10T08:15:00Z,2026-05-10T10:15:00+0200,1028.43506,MW,FR,FR,forecast_offshore_wind_generation,Wind Offshore,2026-05-26T14:20:23Z
2026-05-26T14:19:27Z,2026-05-26T16:19:27+0200,9d8474b6-9a07-4a7a-8e0f-b65ff32620de,2026-05-10T08:30:00Z,2026-05-10T10:30:00+0200,1045.43005,MW,FR,FR,forecast_offshore_wind_generation,Wind Offshore,2026-05-26T14:20:23Z
2026-05-26T14:19:27Z,2026-05-26T16:19:27+0200,9d8474b6-9a07-4a7a-8e0f-b65ff32620de,2026-05-10T08:45:00Z,2026-05-10T10:45:00+0200,1062.42493,MW,FR,FR,forecast_offshore_wind_generation,Wind Offshore,2026-05-26T14:20:23Z
2026-05-26T14:19:27Z,2026-05-26T16:19:27+0200,9d8474b6-9a07-4a7a-8e0f-b65ff32620de,2026-05-10T09:00:00Z,2026-05-10T11:00:00+0200,1079.41992,MW,FR,FR,forecast_offshore_wind_generation,Wind Offshore,2026-05-26T14:20:23Z
2026-05-26T14:19:27Z,2026-05-26T16:19:27+0200,9d8474b6-9a07-4a7a-8e0f-b65ff32620de,2026-05-10T09:15:00Z,2026-05-10T11:15:00+0200,1071.48999,MW,FR,FR,forecast_offshore_wind_generation,Wind Offshore,2026-05-26T14:20:23Z
2026-05-26T14:19:27Z,2026-05-26T16:19:27+0200,9d8474b6-9a07-4a7a-8e0f-b65ff32620de,2026-05-10T09:30:00Z,2026-05-10T11:30:00+0200,1063.56006,MW,FR,FR,forecast_offshore_wind_generation,Wind Offshore,2026-05-26T14:20:23Z
2026-05-26T14:19:27Z,2026-05-26T16:19:27+0200,9d8474b6-9a07-4a7a-8e0f-b65ff32620de,2026-05-10T09:45:00Z,2026-05-10T11:45:00+0200,1055.63,MW,FR,FR,forecast_offshore_wind_generation,Wind Offshore,2026-05-26T14:20:23Z
2026-05-26T14:19:27Z,2026-05-26T16:19:27+0200,9d8474b6-9a07-4a7a-8e0f-b65ff32620de,2026-05-10T10:00:00Z,2026-05-10T12:00:00+0200,1047.70007,MW,FR,FR,forecast_offshore_wind_generation,Wind Offshore,2026-05-26T14:20:23Z
2026-05-26T14:19:27Z,2026-05-26T16:19:27+0200,9d8474b6-9a07-4a7a-8e0f-b65ff32620de,2026-05-10T10:15:00Z,2026-05-10T12:15:00+0200,1054.62756,MW,FR,FR,forecast_offshore_wind_generation,Wind Offshore,2026-05-26T14:20:23Z
2026-05-26T14:19:27Z,2026-05-26T16:19:27+0200,9d8474b6-9a07-4a7a-8e0f-b65ff32620de,2026-05-10T10:30:00Z,2026-05-10T12:30:00+0200,1061.55493,MW,FR,FR,forecast_offshore_wind_generation,Wind Offshore,2026-05-26T14:20:23Z
2026-05-26T14:19:27Z,2026-05-26T16:19:27+0200,9d8474b6-9a07-4a7a-8e0f-b65ff32620de,2026-05-10T10:45:00Z,2026-05-10T12:45:00+0200,1068.48242,MW,FR,FR,forecast_offshore_wind_generation,Wind Offshore,2026-05-26T14:20:23Z
2026-05-26T14:19:27Z,2026-05-26T16:19:27+0200,9d8474b6-9a07-4a7a-8e0f-b65ff32620de,2026-05-10T11:00:00Z,2026-05-10T13:00:00+0200,219.32001,MW,FR,FR,forecast_offshore_wind_generation,Wind Offshore,2026-05-26T14:20:23Z
2026-05-26T14:19:27Z,2026-05-26T16:19:27+0200,9d8474b6-9a07-4a7a-8e0f-b65ff32620de,2026-05-10T11:15:00Z,2026-05-10T13:15:00+0200,220.72749,MW,FR,FR,forecast_offshore_wind_generation,Wind Offshore,2026-05-26T14:20:23Z
2026-05-26T14:19:27Z,2026-05-26T16:19:27+0200,9d8474b6-9a07-4a7a-8e0f-b65ff32620de,2026-05-10T11:30:00Z,2026-05-10T13:30:00+0200,222.13499,MW,FR,FR,forecast_offshore_wind_generation,Wind Offshore,2026-05-26T14:20:23Z
2026-05-26T14:19:27Z,2026-05-26T16:19:27+0200,9d8474b6-9a07-4a7a-8e0f-b65ff32620de,2026-05-10T11:45:00Z,2026-05-10T13:45:00+0200,223.54251,MW,FR,FR,forecast_offshore_wind_generation,Wind Offshore,2026-05-26T14:20:23Z
2026-05-26T14:19:27Z,2026-05-26T16:19:27+0200,9d8474b6-9a07-4a7a-8e0f-b65ff32620de,2026-05-10T12:00:00Z,2026-05-10T14:00:00+0200,224.95,MW,FR,FR,forecast_offshore_wind_generation,Wind Offshore,2026-05-26T14:20:23Z
2026-05-26T14:19:27Z,2026-05-26T16:19:27+0200,9d8474b6-9a07-4a7a-8e0f-b65ff32620de,2026-05-10T12:15:00Z,2026-05-10T14:15:00+0200,208.46249,MW,FR,FR,forecast_offshore_wind_generation,Wind Offshore,2026-05-26T14:20:23Z
2026-05-26T14:19:27Z,2026-05-26T16:19:27+0200,9d8474b6-9a07-4a7a-8e0f-b65ff32620de,2026-05-10T12:30:00Z,2026-05-10T14:30:00+0200,191.97501,MW,FR,FR,forecast_offshore_wind_generation,Wind Offshore,2026-05-26T14:20:23Z
2026-05-26T14:19:27Z,2026-05-26T16:19:27+0200,9d8474b6-9a07-4a7a-8e0f-b65ff32620de,2026-05-10T12:45:00Z,2026-05-10T14:45:00+0200,175.48749,MW,FR,FR,forecast_offshore_wind_generation,Wind Offshore,2026-05-26T14:20:23Z
2026-05-26T14:19:27Z,2026-05-26T16:19:27+0200,9d8474b6-9a07-4a7a-8e0f-b65ff32620de,2026-05-10T13:00:00Z,2026-05-10T15:00:00+0200,159.0,MW,FR,FR,forecast_offshore_wind_generation,Wind Offshore,2026-05-26T14:20:23Z
2026-05-26T14:19:27Z,2026-05-26T16:19:27+0200,9d8474b6-9a07-4a7a-8e0f-b65ff32620de,2026-05-10T13:15:00Z,2026-05-10T15:15:00+0200,143.64999,MW,FR,FR,forecast_offshore_wind_generation,Wind Offshore,2026-05-26T14:20:23Z
2026-05-26T14:19:27Z,2026-05-26T16:19:27+0200,9d8474b6-9a07-4a7a-8e0f-b65ff32620de,2026-05-10T13:30:00Z,2026-05-10T15:30:00+0200,128.3,MW,FR,FR,forecast_offshore_wind_generation,Wind Offshore,2026-05-26T14:20:23Z
2026-05-26T14:19:27Z,2026-05-26T16:19:27+0200,9d8474b6-9a07-4a7a-8e0f-b65ff32620de,2026-05-10T13:45:00Z,2026-05-10T15:45:00+0200,983.59253,MW,FR,FR,forecast_offshore_wind_generation,Wind Offshore,2026-05-26T14:20:23Z
2026-05-26T14:19:27Z,2026-05-26T16:19:27+0200,9d8474b6-9a07-4a7a-8e0f-b65ff32620de,2026-05-10T14:00:00Z,2026-05-10T16:00:00+0200,974.10004,MW,FR,FR,forecast_offshore_wind_generation,Wind Offshore,2026-05-26T14:20:23Z
2026-05-26T14:19:27Z,2026-05-26T16:19:27+0200,9d8474b6-9a07-4a7a-8e0f-b65ff32620de,2026-05-10T14:15:00Z,2026-05-10T16:15:00+0200,974.48248,MW,FR,FR,forecast_offshore_wind_generation,Wind Offshore,2026-05-26T14:20:23Z
2026-05-26T14:19:27Z,2026-05-26T16:19:27+0200,9d8474b6-9a07-4a7a-8e0f-b65ff32620de,2026-05-10T14:30:00Z,2026-05-10T16:30:00+0200,974.86499,MW,FR,FR,forecast_offshore_wind_generation,Wind Offshore,2026-05-26T14:20:23Z
2026-05-26T14:19:27Z,2026-05-26T16:19:27+0200,9d8474b6-9a07-4a7a-8e0f-b65ff32620de,2026-05-10T14:45:00Z,2026-05-10T16:45:00+0200,975.24756,MW,FR,FR,forecast_offshore_wind_generation,Wind Offshore,2026-05-26T14:20:23Z
2026-05-26T14:19:27Z,2026-05-26T16:19:27+0200,9d8474b6-9a07-4a7a-8e0f-b65ff32620de,2026-05-10T15:00:00Z,2026-05-10T17:00:00+0200,975.63,MW,FR,FR,forecast_offshore_wind_generation,Wind Offshore,2026-05-26T14:20:23Z
2026-05-26T14:19:27Z,2026-05-26T16:19:27+0200,9d8474b6-9a07-4a7a-8e0f-b65ff32620de,2026-05-10T15:15:00Z,2026-05-10T17:15:00+0200,994.73755,MW,FR,FR,forecast_offshore_wind_generation,Wind Offshore,2026-05-26T14:20:23Z
2026-05-26T14:19:27Z,2026-05-26T16:19:27+0200,9d8474b6-9a07-4a7a-8e0f-b65ff32620de,2026-05-10T15:30:00Z,2026-05-10T17:30:00+0200,1013.84503,MW,FR,FR,forecast_offshore_wind_generation,Wind Offshore,2026-05-26T14:20:23Z
2026-05-26T14:19:27Z,2026-05-26T16:19:27+0200,9d8474b6-9a07-4a7a-8e0f-b65ff32620de,2026-05-10T15:45:00Z,2026-05-10T17:45:00+0200,1032.95251,MW,FR,FR,forecast_offshore_wind_generation,Wind Offshore,2026-05-26T14:20:23Z
2026-05-26T14:19:27Z,2026-05-26T16:19:27+0200,9d8474b6-9a07-4a7a-8e0f-b65ff32620de,2026-05-10T16:00:00Z,2026-05-10T18:00:00+0200,1052.06006,MW,FR,FR,forecast_offshore_wind_generation,Wind Offshore,2026-05-26T14:20:23Z
2026-05-26T14:19:27Z,2026-05-26T16:19:27+0200,9d8474b6-9a07-4a7a-8e0f-b65ff32620de,2026-05-10T16:15:00Z,2026-05-10T18:15:00+0200,1071.47754,MW,FR,FR,forecast_offshore_wind_generation,Wind Offshore,2026-05-26T14:20:23Z
2026-05-26T14:19:27Z,2026-05-26T16:19:27+0200,9d8474b6-9a07-4a7a-8e0f-b65ff32620de,2026-05-10T16:30:00Z,2026-05-10T18:30:00+0200,1090.89502,MW,FR,FR,forecast_offshore_wind_generation,Wind Offshore,2026-05-26T14:20:23Z
2026-05-26T14:19:27Z,2026-05-26T16:19:27+0200,9d8474b6-9a07-4a7a-8e0f-b65ff32620de,2026-05-10T16:45:00Z,2026-05-10T18:45:00+0200,1110.3125,MW,FR,FR,forecast_offshore_wind_generation,Wind Offshore,2026-05-26T14:20:23Z
2026-05-26T14:19:27Z,2026-05-26T16:19:27+0200,9d8474b6-9a07-4a7a-8e0f-b65ff32620de,2026-05-10T17:00:00Z,2026-05-10T19:00:00+0200,1129.7301,MW,FR,FR,forecast_offshore_wind_generation,Wind Offshore,2026-05-26T14:20:23Z
2026-05-26T14:19:27Z,2026-05-26T16:19:27+0200,9d8474b6-9a07-4a7a-8e0f-b65ff32620de,2026-05-10T17:15:00Z,2026-05-10T19:15:00+0200,1146.2124,MW,FR,FR,forecast_offshore_wind_generation,Wind Offshore,2026-05-26T14:20:23Z
2026-05-26T14:19:27Z,2026-05-26T16:19:27+0200,9d8474b6-9a07-4a7a-8e0f-b65ff32620de,2026-05-10T17:30:00Z,2026-05-10T19:30:00+0200,1162.69495,MW,FR,FR,forecast_offshore_wind_generation,Wind Offshore,2026-05-26T14:20:23Z
2026-05-26T14:19:27Z,2026-05-26T16:19:27+0200,9d8474b6-9a07-4a7a-8e0f-b65ff32620de,2026-05-10T17:45:00Z,2026-05-10T19:45:00+0200,1179.17749,MW,FR,FR,forecast_offshore_wind_generation,Wind Offshore,2026-05-26T14:20:23Z
2026-05-26T14:19:27Z,2026-05-26T16:19:27+0200,9d8474b6-9a07-4a7a-8e0f-b65ff32620de,2026-05-10T18:00:00Z,2026-05-10T20:00:00+0200,1195.65991,MW,FR,FR,forecast_offshore_wind_generation,Wind Offshore,2026-05-26T14:20:23Z
2026-05-26T14:19:27Z,2026-05-26T16:19:27+0200,9d8474b6-9a07-4a7a-8e0f-b65ff32620de,2026-05-10T18:15:00Z,2026-05-10T20:15:00+0200,1199.28748,MW,FR,FR,forecast_offshore_wind_generation,Wind Offshore,2026-05-26T14:20:23Z
2026-05-26T14:19:27Z,2026-05-26T16:19:27+0200,9d8474b6-9a07-4a7a-8e0f-b65ff32620de,2026-05-10T18:30:00Z,2026-05-10T20:30:00+0200,1202.91504,MW,FR,FR,forecast_offshore_wind_generation,Wind Offshore,2026-05-26T14:20:23Z
2026-05-26T14:19:27Z,2026-05-26T16:19:27+0200,9d8474b6-9a07-4a7a-8e0f-b65ff32620de,2026-05-10T18:45:00Z,2026-05-10T20:45:00+0200,1206.54248,MW,FR,FR,forecast_offshore_wind_generation,Wind Offshore,2026-05-26T14:20:23Z
2026-05-26T14:19:27Z,2026-05-26T16:19:27+0200,9d8474b6-9a07-4a7a-8e0f-b65ff32620de,2026-05-10T19:00:00Z,2026-05-10T21:00:00+0200,1210.17004,MW,FR,FR,forecast_offshore_wind_generation,Wind Offshore,2026-05-26T14:20:23Z
2026-05-26T14:19:27Z,2026-05-26T16:19:27+0200,9d8474b6-9a07-4a7a-8e0f-b65ff32620de,2026-05-10T19:15:00Z,2026-05-10T21:15:00+0200,1204.19751,MW,FR,FR,forecast_offshore_wind_generation,Wind Offshore,2026-05-26T14:20:23Z
2026-05-26T14:19:27Z,2026-05-26T16:19:27+0200,9d8474b6-9a07-4a7a-8e0f-b65ff32620de,2026-05-10T19:30:00Z,2026-05-10T21:30:00+0200,1198.22498,MW,FR,FR,forecast_offshore_wind_generation,Wind Offshore,2026-05-26T14:20:23Z
2026-05-26T14:19:27Z,2026-05-26T16:19:27+0200,9d8474b6-9a07-4a7a-8e0f-b65ff32620de,2026-05-10T19:45:00Z,2026-05-10T21:45:00+0200,1192.25244,MW,FR,FR,forecast_offshore_wind_generation,Wind Offshore,2026-05-26T14:20:23Z
2026-05-26T14:19:27Z,2026-05-26T16:19:27+0200,9d8474b6-9a07-4a7a-8e0f-b65ff32620de,2026-05-10T20:00:00Z,2026-05-10T22:00:00+0200,1186.28003,MW,FR,FR,forecast_offshore_wind_generation,Wind Offshore,2026-05-26T14:20:23Z
2026-05-26T14:19:27Z,2026-05-26T16:19:27+0200,9d8474b6-9a07-4a7a-8e0f-b65ff32620de,2026-05-10T20:15:00Z,2026-05-10T22:15:00+0200,1174.3175,MW,FR,FR,forecast_offshore_wind_generation,Wind Offshore,2026-05-26T14:20:23Z
2026-05-26T14:19:27Z,2026-05-26T16:19:27+0200,9d8474b6-9a07-4a7a-8e0f-b65ff32620de,2026-05-10T20:30:00Z,2026-05-10T22:30:00+0200,1162.35498,MW,FR,FR,forecast_offshore_wind_generation,Wind Offshore,2026-05-26T14:20:23Z
2026-05-26T14:19:27Z,2026-05-26T16:19:27+0200,9d8474b6-9a07-4a7a-8e0f-b65ff32620de,2026-05-10T20:45:00Z,2026-05-10T22:45:00+0200,1150.39246,MW,FR,FR,forecast_offshore_wind_generation,Wind Offshore,2026-05-26T14:20:23Z
2026-05-26T14:19:27Z,2026-05-26T16:19:27+0200,9d8474b6-9a07-4a7a-8e0f-b65ff32620de,2026-05-10T21:00:00Z,2026-05-10T23:00:00+0200,1138.42993,MW,FR,FR,forecast_offshore_wind_generation,Wind Offshore,2026-05-26T14:20:23Z
2026-05-26T14:19:27Z,2026-05-26T16:19:27+0200,9d8474b6-9a07-4a7a-8e0f-b65ff32620de,2026-05-10T21:15:00Z,2026-05-10T23:15:00+0200,1153.96008,MW,FR,FR,forecast_offshore_wind_generation,Wind Offshore,2026-05-26T14:20:23Z
2026-05-26T14:19:27Z,2026-05-26T16:19:27+0200,9d8474b6-9a07-4a7a-8e0f-b65ff32620de,2026-05-10T21:30:00Z,2026-05-10T23:30:00+0200,1169.48999,MW,FR,FR,forecast_offshore_wind_generation,Wind Offshore,2026-05-26T14:20:23Z
2026-05-26T14:19:27Z,2026-05-26T16:19:27+0200,9d8474b6-9a07-4a7a-8e0f-b65ff32620de,2026-05-10T21:45:00Z,2026-05-10T23:45:00+0200,1185.02002,MW,FR,FR,forecast_offshore_wind_generation,Wind Offshore,2026-05-26T14:20:23Z
2026-05-26T14:19:27Z,2026-05-26T16:19:27+0200,9d8474b6-9a07-4a7a-8e0f-b65ff32620de,2026-05-10T22:00:00Z,2026-05-11T00:00:00+0200,911.53003,MW,FR,FR,forecast_offshore_wind_generation,Wind Offshore,2026-05-26T14:20:23Z
2026-05-26T14:19:27Z,2026-05-26T16:19:27+0200,9d8474b6-9a07-4a7a-8e0f-b65ff32620de,2026-05-10T22:15:00Z,2026-05-11T00:15:00+0200,914.91248,MW,FR,FR,forecast_offshore_wind_generation,Wind Offshore,2026-05-26T14:20:23Z
2026-05-26T14:19:27Z,2026-05-26T16:19:27+0200,9d8474b6-9a07-4a7a-8e0f-b65ff32620de,2026-05-10T22:30:00Z,2026-05-11T00:30:00+0200,918.29504,MW,FR,FR,forecast_offshore_wind_generation,Wind Offshore,2026-05-26T14:20:23Z
2026-05-26T14:19:27Z,2026-05-26T16:19:27+0200,9d8474b6-9a07-4a7a-8e0f-b65ff32620de,2026-05-10T22:45:00Z,2026-05-11T00:45:00+0200,921.67755,MW,FR,FR,forecast_offshore_wind_generation,Wind Offshore,2026-05-26T14:20:23Z
2026-05-26T14:19:27Z,2026-05-26T16:19:27+0200,9d8474b6-9a07-4a7a-8e0f-b65ff32620de,2026-05-10T23:00:00Z,2026-05-11T01:00:00+0200,925.06,MW,FR,FR,forecast_offshore_wind_generation,Wind Offshore,2026-05-26T14:20:23Z
2026-05-26T14:19:27Z,2026-05-26T16:19:27+0200,9d8474b6-9a07-4a7a-8e0f-b65ff32620de,2026-05-10T23:15:00Z,2026-05-11T01:15:00+0200,933.39252,MW,FR,FR,forecast_offshore_wind_generation,Wind Offshore,2026-05-26T14:20:23Z
2026-05-26T14:19:27Z,2026-05-26T16:19:27+0200,9d8474b6-9a07-4a7a-8e0f-b65ff32620de,2026-05-10T23:30:00Z,2026-05-11T01:30:00+0200,941.72498,MW,FR,FR,forecast_offshore_wind_generation,Wind Offshore,2026-05-26T14:20:23Z
2026-05-26T14:19:27Z,2026-05-26T16:19:27+0200,9d8474b6-9a07-4a7a-8e0f-b65ff32620de,2026-05-10T23:45:00Z,2026-05-11T01:45:00+0200,950.0575,MW,FR,FR,forecast_offshore_wind_generation,Wind Offshore,2026-05-26T14:20:23Z
2026-05-26T14:19:27Z,2026-05-26T16:19:27+0200,9d8474b6-9a07-4a7a-8e0f-b65ff32620de,2026-05-11T00:00:00Z,2026-05-11T02:00:00+0200,958.39001,MW,FR,FR,forecast_offshore_wind_generation,Wind Offshore,2026-05-26T14:20:23Z
2026-05-26T14:19:27Z,2026-05-26T16:19:27+0200,9d8474b6-9a07-4a7a-8e0f-b65ff32620de,2026-05-11T00:15:00Z,2026-05-11T02:15:00+0200,960.23749,MW,FR,FR,forecast_offshore_wind_generation,Wind Offshore,2026-05-26T14:20:23Z
2026-05-26T14:19:27Z,2026-05-26T16:19:27+0200,9d8474b6-9a07-4a7a-8e0f-b65ff32620de,2026-05-11T00:30:00Z,2026-05-11T02:30:00+0200,962.08496,MW,FR,FR,forecast_offshore_wind_generation,Wind Offshore,2026-05-26T14:20:23Z
2026-05-26T14:19:27Z,2026-05-26T16:19:27+0200,9d8474b6-9a07-4a7a-8e0f-b65ff32620de,2026-05-11T00:45:00Z,2026-05-11T02:45:00+0200,963.93256,MW,FR,FR,forecast_offshore_wind_generation,Wind Offshore,2026-05-26T14:20:23Z
2026-05-26T14:19:27Z,2026-05-26T16:19:27+0200,9d8474b6-9a07-4a7a-8e0f-b65ff32620de,2026-05-11T01:00:00Z,2026-05-11T03:00:00+0200,965.77997,MW,FR,FR,forecast_offshore_wind_generation,Wind Offshore,2026-05-26T14:20:23Z
2026-05-26T14:19:27Z,2026-05-26T16:19:27+0200,9d8474b6-9a07-4a7a-8e0f-b65ff32620de,2026-05-11T01:15:00Z,2026-05-11T03:15:00+0200,967.17004,MW,FR,FR,forecast_offshore_wind_generation,Wind Offshore,2026-05-26T14:20:23Z
2026-05-26T14:19:27Z,2026-05-26T16:19:27+0200,9d8474b6-9a07-4a7a-8e0f-b65ff32620de,2026-05-11T01:30:00Z,2026-05-11T03:30:00+0200,968.56,MW,FR,FR,forecast_offshore_wind_generation,Wind Offshore,2026-05-26T14:20:23Z
2026-05-26T14:19:27Z,2026-05-26T16:19:27+0200,9d8474b6-9a07-4a7a-8e0f-b65ff32620de,2026-05-11T01:45:00Z,2026-05-11T03:45:00+0200,969.94995,MW,FR,FR,forecast_offshore_wind_generation,Wind Offshore,2026-05-26T14:20:23Z
2026-05-26T14:19:27Z,2026-05-26T16:19:27+0200,9d8474b6-9a07-4a7a-8e0f-b65ff32620de,2026-05-11T02:00:00Z,2026-05-11T04:00:00+0200,971.34003,MW,FR,FR,forecast_offshore_wind_generation,Wind Offshore,2026-05-26T14:20:23Z
2026-05-26T14:19:27Z,2026-05-26T16:19:27+0200,9d8474b6-9a07-4a7a-8e0f-b65ff32620de,2026-05-11T02:15:00Z,2026-05-11T04:15:00+0200,994.26752,MW,FR,FR,forecast_offshore_wind_generation,Wind Offshore,2026-05-26T14:20:23Z
2026-05-26T14:19:27Z,2026-05-26T16:19:27+0200,9d8474b6-9a07-4a7a-8e0f-b65ff32620de,2026-05-11T02:30:00Z,2026-05-11T04:30:00+0200,1017.19507,MW,FR,FR,forecast_offshore_wind_generation,Wind Offshore,2026-05-26T14:20:23Z
2026-05-26T14:19:27Z,2026-05-26T16:19:27+0200,9d8474b6-9a07-4a7a-8e0f-b65ff32620de,2026-05-11T02:45:00Z,2026-05-11T04:45:00+0200,1040.12244,MW,FR,FR,forecast_offshore_wind_generation,Wind Offshore,2026-05-26T14:20:23Z
2026-05-26T14:19:27Z,2026-05-26T16:19:27+0200,9d8474b6-9a07-4a7a-8e0f-b65ff32620de,2026-05-11T03:00:00Z,2026-05-11T05:00:00+0200,1063.05005,MW,FR,FR,forecast_offshore_wind_generation,Wind Offshore,2026-05-26T14:20:23Z
2026-05-26T14:19:27Z,2026-05-26T16:19:27+0200,9d8474b6-9a07-4a7a-8e0f-b65ff32620de,2026-05-11T03:15:00Z,2026-05-11T05:15:00+0200,1055.45496,MW,FR,FR,forecast_offshore_wind_generation,Wind Offshore,2026-05-26T14:20:23Z
2026-05-26T14:19:27Z,2026-05-26T16:19:27+0200,9d8474b6-9a07-4a7a-8e0f-b65ff32620de,2026-05-11T03:30:00Z,2026-05-11T05:30:00+0200,1047.85999,MW,FR,FR,forecast_offshore_wind_generation,Wind Offshore,2026-05-26T14:20:23Z
2026-05-26T14:19:27Z,2026-05-26T16:19:27+0200,9d8474b6-9a07-4a7a-8e0f-b65ff32620de,2026-05-11T03:45:00Z,2026-05-11T05:45:00+0200,1040.26501,MW,FR,FR,forecast_offshore_wind_generation,Wind Offshore,2026-05-26T14:20:23Z
2026-05-26T14:19:27Z,2026-05-26T16:19:27+0200,9d8474b6-9a07-4a7a-8e0f-b65ff32620de,2026-05-11T04:00:00Z,2026-05-11T06:00:00+0200,1032.67004,MW,FR,FR,forecast_offshore_wind_generation,Wind Offshore,2026-05-26T14:20:23Z
2026-05-26T14:19:27Z,2026-05-26T16:19:27+0200,9d8474b6-9a07-4a7a-8e0f-b65ff32620de,2026-05-11T04:15:00Z,2026-05-11T06:15:00+0200,1031.17749,MW,FR,FR,forecast_offshore_wind_generation,Wind Offshore,2026-05-26T14:20:23Z
2026-05-26T14:19:27Z,2026-05-26T16:19:27+0200,9d8474b6-9a07-4a7a-8e0f-b65ff32620de,2026-05-11T04:30:00Z,2026-05-11T06:30:00+0200,1029.68506,MW,FR,FR,forecast_offshore_wind_generation,Wind Offshore,2026-05-26T14:20:23Z
2026-05-26T14:19:27Z,2026-05-26T16:19:27+0200,9d8474b6-9a07-4a7a-8e0f-b65ff32620de,2026-05-11T04:45:00Z,2026-05-11T06:45:00+0200,1028.1925,MW,FR,FR,forecast_offshore_wind_generation,Wind Offshore,2026-05-26T14:20:23Z
2026-05-26T14:19:27Z,2026-05-26T16:19:27+0200,9d8474b6-9a07-4a7a-8e0f-b65ff32620de,2026-05-11T05:00:00Z,2026-05-11T07:00:00+0200,1026.69995,MW,FR,FR,forecast_offshore_wind_generation,Wind Offshore,2026-05-26T14:20:23Z
2026-05-26T14:19:27Z,2026-05-26T16:19:27+0200,9d8474b6-9a07-4a7a-8e0f-b65ff32620de,2026-05-11T05:15:00Z,2026-05-11T07:15:00+0200,1022.30743,MW,FR,FR,forecast_offshore_wind_generation,Wind Offshore,2026-05-26T14:20:23Z
2026-05-26T14:19:27Z,2026-05-26T16:19:27+0200,9d8474b6-9a07-4a7a-8e0f-b65ff32620de,2026-05-11T05:30:00Z,2026-05-11T07:30:00+0200,1017.91498,MW,FR,FR,forecast_offshore_wind_generation,Wind Offshore,2026-05-26T14:20:23Z
2026-05-26T14:19:27Z,2026-05-26T16:19:27+0200,9d8474b6-9a07-4a7a-8e0f-b65ff32620de,2026-05-11T05:45:00Z,2026-05-11T07:45:00+0200,1013.52246,MW,FR,FR,forecast_offshore_wind_generation,Wind Offshore,2026-05-26T14:20:23Z
2026-05-26T14:19:27Z,2026-05-26T16:19:27+0200,9d8474b6-9a07-4a7a-8e0f-b65ff32620de,2026-05-11T06:00:00Z,2026-05-11T08:00:00+0200,1009.13,MW,FR,FR,forecast_offshore_wind_generation,Wind Offshore,2026-05-26T14:20:23Z
2026-05-26T14:19:27Z,2026-05-26T16:19:27+0200,9d8474b6-9a07-4a7a-8e0f-b65ff32620de,2026-05-11T06:15:00Z,2026-05-11T08:15:00+0200,977.44495,MW,FR,FR,forecast_offshore_wind_generation,Wind Offshore,2026-05-26T14:20:23Z
2026-05-26T14:19:27Z,2026-05-26T16:19:27+0200,9d8474b6-9a07-4a7a-8e0f-b65ff32620de,2026-05-11T06:30:00Z,2026-05-11T08:30:00+0200,945.76001,MW,FR,FR,forecast_offshore_wind_generation,Wind Offshore,2026-05-26T14:20:23Z
2026-05-26T14:19:27Z,2026-05-26T16:19:27+0200,9d8474b6-9a07-4a7a-8e0f-b65ff32620de,2026-05-11T06:45:00Z,2026-05-11T08:45:00+0200,914.07501,MW,FR,FR,forecast_offshore_wind_generation,Wind Offshore,2026-05-26T14:20:23Z
2026-05-26T14:19:27Z,2026-05-26T16:19:27+0200,9d8474b6-9a07-4a7a-8e0f-b65ff32620de,2026-05-11T07:00:00Z,2026-05-11T09:00:00+0200,882.39001,MW,FR,FR,forecast_offshore_wind_generation,Wind Offshore,2026-05-26T14:20:23Z
2026-05-26T14:19:27Z,2026-05-26T16:19:27+0200,9d8474b6-9a07-4a7a-8e0f-b65ff32620de,2026-05-11T07:15:00Z,2026-05-11T09:15:00+0200,861.94751,MW,FR,FR,forecast_offshore_wind_generation,Wind Offshore,2026-05-26T14:20:23Z
2026-05-26T14:19:27Z,2026-05-26T16:19:27+0200,9d8474b6-9a07-4a7a-8e0f-b65ff32620de,2026-05-11T07:30:00Z,2026-05-11T09:30:00+0200,841.505,MW,FR,FR,forecast_offshore_wind_generation,Wind Offshore,2026-05-26T14:20:23Z
2026-05-26T14:19:27Z,2026-05-26T16:19:27+0200,9d8474b6-9a07-4a7a-8e0f-b65ff32620de,2026-05-11T07:45:00Z,2026-05-11T09:45:00+0200,821.0625,MW,FR,FR,forecast_offshore_wind_generation,Wind Offshore,2026-05-26T14:20:23Z
2026-05-26T14:19:27Z,2026-05-26T16:19:27+0200,9d8474b6-9a07-4a7a-8e0f-b65ff32620de,2026-05-11T08:00:00Z,2026-05-11T10:00:00+0200,800.62,MW,FR,FR,forecast_offshore_wind_generation,Wind Offshore,2026-05-26T14:20:23Z
2026-05-26T14:19:27Z,2026-05-26T16:19:27+0200,9d8474b6-9a07-4a7a-8e0f-b65ff32620de,2026-05-11T08:15:00Z,2026-05-11T10:15:00+0200,791.85999,MW,FR,FR,forecast_offshore_wind_generation,Wind Offshore,2026-05-26T14:20:23Z
2026-05-26T14:19:27Z,2026-05-26T16:19:27+0200,9d8474b6-9a07-4a7a-8e0f-b65ff32620de,2026-05-11T08:30:00Z,2026-05-11T10:30:00+0200,783.09998,MW,FR,FR,forecast_offshore_wind_generation,Wind Offshore,2026-05-26T14:20:23Z
2026-05-26T14:19:27Z,2026-05-26T16:19:27+0200,9d8474b6-9a07-4a7a-8e0f-b65ff32620de,2026-05-11T08:45:00Z,2026-05-11T10:45:00+0200,774.34003,MW,FR,FR,forecast_offshore_wind_generation,Wind Offshore,2026-05-26T14:20:23Z
2026-05-26T14:19:27Z,2026-05-26T16:19:27+0200,9d8474b6-9a07-4a7a-8e0f-b65ff32620de,2026-05-11T09:00:00Z,2026-05-11T11:00:00+0200,765.57996,MW,FR,FR,forecast_offshore_wind_generation,Wind Offshore,2026-05-26T14:20:23Z
2026-05-26T14:19:27Z,2026-05-26T16:19:27+0200,9d8474b6-9a07-4a7a-8e0f-b65ff32620de,2026-05-11T09:15:00Z,2026-05-11T11:15:00+0200,740.21497,MW,FR,FR,forecast_offshore_wind_generation,Wind Offshore,2026-05-26T14:20:23Z
2026-05-26T14:19:27Z,2026-05-26T16:19:27+0200,9d8474b6-9a07-4a7a-8e0f-b65ff32620de,2026-05-11T09:30:00Z,2026-05-11T11:30:00+0200,714.85004,MW,FR,FR,forecast_offshore_wind_generation,Wind Offshore,2026-05-26T14:20:23Z
2026-05-26T14:19:27Z,2026-05-26T16:19:27+0200,9d8474b6-9a07-4a7a-8e0f-b65ff32620de,2026-05-11T09:45:00Z,2026-05-11T11:45:00+0200,689.48499,MW,FR,FR,forecast_offshore_wind_generation,Wind Offshore,2026-05-26T14:20:23Z
2026-05-26T14:19:27Z,2026-05-26T16:19:27+0200,9d8474b6-9a07-4a7a-8e0f-b65ff32620de,2026-05-11T10:00:00Z,2026-05-11T12:00:00+0200,664.12,MW,FR,FR,forecast_offshore_wind_generation,Wind Offshore,2026-05-26T14:20:23Z
2026-05-26T14:19:27Z,2026-05-26T16:19:27+0200,9d8474b6-9a07-4a7a-8e0f-b65ff32620de,2026-05-11T10:15:00Z,2026-05-11T12:15:00+0200,645.10498,MW,FR,FR,forecast_offshore_wind_generation,Wind Offshore,2026-05-26T14:20:23Z
2026-05-26T14:19:27Z,2026-05-26T16:19:27+0200,9d8474b6-9a07-4a7a-8e0f-b65ff32620de,2026-05-11T10:30:00Z,2026-05-11T12:30:00+0200,626.08997,MW,FR,FR,forecast_offshore_wind_generation,Wind Offshore,2026-05-26T14:20:23Z
2026-05-26T14:19:27Z,2026-05-26T16:19:27+0200,9d8474b6-9a07-4a7a-8e0f-b65ff32620de,2026-05-11T10:45:00Z,2026-05-11T12:45:00+0200,607.07501,MW,FR,FR,forecast_offshore_wind_generation,Wind Offshore,2026-05-26T14:20:23Z
2026-05-26T14:19:27Z,2026-05-26T16:19:27+0200,9d8474b6-9a07-4a7a-8e0f-b65ff32620de,2026-05-11T11:00:00Z,2026-05-11T13:00:00+0200,588.06,MW,FR,FR,forecast_offshore_wind_generation,Wind Offshore,2026-05-26T14:20:23Z
2026-05-26T14:19:27Z,2026-05-26T16:19:27+0200,9d8474b6-9a07-4a7a-8e0f-b65ff32620de,2026-05-11T11:15:00Z,2026-05-11T13:15:00+0200,564.47247,MW,FR,FR,forecast_offshore_wind_generation,Wind Offshore,2026-05-26T14:20:23Z
2026-05-26T14:19:27Z,2026-05-26T16:19:27+0200,9d8474b6-9a07-4a7a-8e0f-b65ff32620de,2026-05-11T11:30:00Z,2026-05-11T13:30:00+0200,540.88501,MW,FR,FR,forecast_offshore_wind_generation,Wind Offshore,2026-05-26T14:20:23Z
2026-05-26T14:19:27Z,2026-05-26T16:19:27+0200,9d8474b6-9a07-4a7a-8e0f-b65ff32620de,2026-05-11T11:45:00Z,2026-05-11T13:45:00+0200,517.29749,MW,FR,FR,forecast_offshore_wind_generation,Wind Offshore,2026-05-26T14:20:23Z
2026-05-26T14:19:27Z,2026-05-26T16:19:27+0200,9d8474b6-9a07-4a7a-8e0f-b65ff32620de,2026-05-11T12:00:00Z,2026-05-11T14:00:00+0200,493.70999,MW,FR,FR,forecast_offshore_wind_generation,Wind Offshore,2026-05-26T14:20:23Z
2026-05-26T14:19:27Z,2026-05-26T16:19:27+0200,9d8474b6-9a07-4a7a-8e0f-b65ff32620de,2026-05-11T12:15:00Z,2026-05-11T14:15:00+0200,476.67502,MW,FR,FR,forecast_offshore_wind_generation,Wind Offshore,2026-05-26T14:20:23Z
2026-05-26T14:19:27Z,2026-05-26T16:19:27+0200,9d8474b6-9a07-4a7a-8e0f-b65ff32620de,2026-05-11T12:30:00Z,2026-05-11T14:30:00+0200,459.64001,MW,FR,FR,forecast_offshore_wind_generation,Wind Offshore,2026-05-26T14:20:23Z
2026-05-26T14:19:27Z,2026-05-26T16:19:27+0200,9d8474b6-9a07-4a7a-8e0f-b65ff32620de,2026-05-11T12:45:00Z,2026-05-11T14:45:00+0200,442.60498,MW,FR,FR,forecast_offshore_wind_generation,Wind Offshore,2026-05-26T14:20:23Z
2026-05-26T14:19:27Z,2026-05-26T16:19:27+0200,9d8474b6-9a07-4a7a-8e0f-b65ff32620de,2026-05-11T13:00:00Z,2026-05-11T15:00:00+0200,425.57001,MW,FR,FR,forecast_offshore_wind_generation,Wind Offshore,2026-05-26T14:20:23Z
2026-05-26T14:19:27Z,2026-05-26T16:19:27+0200,9d8474b6-9a07-4a7a-8e0f-b65ff32620de,2026-05-11T13:15:00Z,2026-05-11T15:15:00+0200,435.72501,MW,FR,FR,forecast_offshore_wind_generation,Wind Offshore,2026-05-26T14:20:23Z
2026-05-26T14:19:27Z,2026-05-26T16:19:27+0200,9d8474b6-9a07-4a7a-8e0f-b65ff32620de,2026-05-11T13:30:00Z,2026-05-11T15:30:00+0200,445.88,MW,FR,FR,forecast_offshore_wind_generation,Wind Offshore,2026-05-26T14:20:23Z
2026-05-26T14:19:27Z,2026-05-26T16:19:27+0200,9d8474b6-9a07-4a7a-8e0f-b65ff32620de,2026-05-11T13:45:00Z,2026-05-11T15:45:00+0200,456.035,MW,FR,FR,forecast_offshore_wind_generation,Wind Offshore,2026-05-26T14:20:23Z
2026-05-26T14:19:27Z,2026-05-26T16:19:27+0200,9d8474b6-9a07-4a7a-8e0f-b65ff32620de,2026-05-11T14:00:00Z,2026-05-11T16:00:00+0200,466.19,MW,FR,FR,forecast_offshore_wind_generation,Wind Offshore,2026-05-26T14:20:23Z
2026-05-26T14:19:27Z,2026-05-26T16:19:27+0200,9d8474b6-9a07-4a7a-8e0f-b65ff32620de,2026-05-11T14:15:00Z,2026-05-11T16:15:00+0200,486.98499,MW,FR,FR,forecast_offshore_wind_generation,Wind Offshore,2026-05-26T14:20:23Z
2026-05-26T14:19:27Z,2026-05-26T16:19:27+0200,9d8474b6-9a07-4a7a-8e0f-b65ff32620de,2026-05-11T14:30:00Z,2026-05-11T16:30:00+0200,507.78,MW,FR,FR,forecast_offshore_wind_generation,Wind Offshore,2026-05-26T14:20:23Z
2026-05-26T14:19:27Z,2026-05-26T16:19:27+0200,9d8474b6-9a07-4a7a-8e0f-b65ff32620de,2026-05-11T14:45:00Z,2026-05-11T16:45:00+0200,528.57501,MW,FR,FR,forecast_offshore_wind_generation,Wind Offshore,2026-05-26T14:20:23Z
2026-05-26T14:19:27Z,2026-05-26T16:19:27+0200,9d8474b6-9a07-4a7a-8e0f-b65ff32620de,2026-05-11T15:00:00Z,2026-05-11T17:00:00+0200,549.37,MW,FR,FR,forecast_offshore_wind_generation,Wind Offshore,2026-05-26T14:20:23Z
2026-05-26T14:19:27Z,2026-05-26T16:19:27+0200,9d8474b6-9a07-4a7a-8e0f-b65ff32620de,2026-05-11T15:15:00Z,2026-05-11T17:15:00+0200,580.97253,MW,FR,FR,forecast_offshore_wind_generation,Wind Offshore,2026-05-26T14:20:23Z
2026-05-26T14:19:27Z,2026-05-26T16:19:27+0200,9d8474b6-9a07-4a7a-8e0f-b65ff32620de,2026-05-11T15:30:00Z,2026-05-11T17:30:00+0200,612.57501,MW,FR,FR,forecast_offshore_wind_generation,Wind Offshore,2026-05-26T14:20:23Z
2026-05-26T14:19:27Z,2026-05-26T16:19:27+0200,9d8474b6-9a07-4a7a-8e0f-b65ff32620de,2026-05-11T15:45:00Z,2026-05-11T17:45:00+0200,644.17749,MW,FR,FR,forecast_offshore_wind_generation,Wind Offshore,2026-05-26T14:20:23Z
2026-05-26T14:19:27Z,2026-05-26T16:19:27+0200,9d8474b6-9a07-4a7a-8e0f-b65ff32620de,2026-05-11T16:00:00Z,2026-05-11T18:00:00+0200,675.78003,MW,FR,FR,forecast_offshore_wind_generation,Wind Offshore,2026-05-26T14:20:23Z
2026-05-26T14:19:27Z,2026-05-26T16:19:27+0200,9d8474b6-9a07-4a7a-8e0f-b65ff32620de,2026-05-11T16:15:00Z,2026-05-11T18:15:00+0200,685.71246,MW,FR,FR,forecast_offshore_wind_generation,Wind Offshore,2026-05-26T14:20:23Z
2026-05-26T14:19:27Z,2026-05-26T16:19:27+0200,9d8474b6-9a07-4a7a-8e0f-b65ff32620de,2026-05-11T16:30:00Z,2026-05-11T18:30:00+0200,695.64502,MW,FR,FR,forecast_offshore_wind_generation,Wind Offshore,2026-05-26T14:20:23Z
2026-05-26T14:19:27Z,2026-05-26T16:19:27+0200,9d8474b6-9a07-4a7a-8e0f-b65ff32620de,2026-05-11T16:45:00Z,2026-05-11T18:45:00+0200,705.57751,MW,FR,FR,forecast_offshore_wind_generation,Wind Offshore,2026-05-26T14:20:23Z
2026-05-26T14:19:27Z,2026-05-26T16:19:27+0200,9d8474b6-9a07-4a7a-8e0f-b65ff32620de,2026-05-11T17:00:00Z,2026-05-11T19:00:00+0200,715.51001,MW,FR,FR,forecast_offshore_wind_generation,Wind Offshore,2026-05-26T14:20:23Z
2026-05-26T14:19:27Z,2026-05-26T16:19:27+0200,9d8474b6-9a07-4a7a-8e0f-b65ff32620de,2026-05-11T17:15:00Z,2026-05-11T19:15:00+0200,705.41248,MW,FR,FR,forecast_offshore_wind_generation,Wind Offshore,2026-05-26T14:20:23Z
2026-05-26T14:19:27Z,2026-05-26T16:19:27+0200,9d8474b6-9a07-4a7a-8e0f-b65ff32620de,2026-05-11T17:30:00Z,2026-05-11T19:30:00+0200,695.31506,MW,FR,FR,forecast_offshore_wind_generation,Wind Offshore,2026-05-26T14:20:23Z
2026-05-26T14:19:27Z,2026-05-26T16:19:27+0200,9d8474b6-9a07-4a7a-8e0f-b65ff32620de,2026-05-11T17:45:00Z,2026-05-11T19:45:00+0200,685.21753,MW,FR,FR,forecast_offshore_wind_generation,Wind Offshore,2026-05-26T14:20:23Z
2026-05-26T14:19:27Z,2026-05-26T16:19:27+0200,9d8474b6-9a07-4a7a-8e0f-b65ff32620de,2026-05-11T18:00:00Z,2026-05-11T20:00:00+0200,675.12,MW,FR,FR,forecast_offshore_wind_generation,Wind Offshore,2026-05-26T14:20:23Z
2026-05-26T14:19:27Z,2026-05-26T16:19:27+0200,9d8474b6-9a07-4a7a-8e0f-b65ff32620de,2026-05-11T18:15:00Z,2026-05-11T20:15:00+0200,658.35748,MW,FR,FR,forecast_offshore_wind_generation,Wind Offshore,2026-05-26T14:20:23Z
2026-05-26T14:19:27Z,2026-05-26T16:19:27+0200,9d8474b6-9a07-4a7a-8e0f-b65ff32620de,2026-05-11T18:30:00Z,2026-05-11T20:30:00+0200,641.59497,MW,FR,FR,forecast_offshore_wind_generation,Wind Offshore,2026-05-26T14:20:23Z
2026-05-26T14:19:27Z,2026-05-26T16:19:27+0200,9d8474b6-9a07-4a7a-8e0f-b65ff32620de,2026-05-11T18:45:00Z,2026-05-11T20:45:00+0200,624.83252,MW,FR,FR,forecast_offshore_wind_generation,Wind Offshore,2026-05-26T14:20:23Z
2026-05-26T14:19:27Z,2026-05-26T16:19:27+0200,9d8474b6-9a07-4a7a-8e0f-b65ff32620de,2026-05-11T19:00:00Z,2026-05-11T21:00:00+0200,608.07001,MW,FR,FR,forecast_offshore_wind_generation,Wind Offshore,2026-05-26T14:20:23Z
2026-05-26T14:19:27Z,2026-05-26T16:19:27+0200,9d8474b6-9a07-4a7a-8e0f-b65ff32620de,2026-05-11T19:15:00Z,2026-05-11T21:15:00+0200,613.32745,MW,FR,FR,forecast_offshore_wind_generation,Wind Offshore,2026-05-26T14:20:23Z
2026-05-26T14:19:27Z,2026-05-26T16:19:27+0200,9d8474b6-9a07-4a7a-8e0f-b65ff32620de,2026-05-11T19:30:00Z,2026-05-11T21:30:00+0200,618.58496,MW,FR,FR,forecast_offshore_wind_generation,Wind Offshore,2026-05-26T14:20:23Z
2026-05-26T14:19:27Z,2026-05-26T16:19:27+0200,9d8474b6-9a07-4a7a-8e0f-b65ff32620de,2026-05-11T19:45:00Z,2026-05-11T21:45:00+0200,623.84253,MW,FR,FR,forecast_offshore_wind_generation,Wind Offshore,2026-05-26T14:20:23Z
2026-05-26T14:19:27Z,2026-05-26T16:19:27+0200,9d8474b6-9a07-4a7a-8e0f-b65ff32620de,2026-05-11T20:00:00Z,2026-05-11T22:00:00+0200,629.09998,MW,FR,FR,forecast_offshore_wind_generation,Wind Offshore,2026-05-26T14:20:23Z
2026-05-26T14:19:27Z,2026-05-26T16:19:27+0200,9d8474b6-9a07-4a7a-8e0f-b65ff32620de,2026-05-11T20:15:00Z,2026-05-11T22:15:00+0200,633.6825,MW,FR,FR,forecast_offshore_wind_generation,Wind Offshore,2026-05-26T14:20:23Z
2026-05-26T14:19:27Z,2026-05-26T16:19:27+0200,9d8474b6-9a07-4a7a-8e0f-b65ff32620de,2026-05-11T20:30:00Z,2026-05-11T22:30:00+0200,638.26501,MW,FR,FR,forecast_offshore_wind_generation,Wind Offshore,2026-05-26T14:20:23Z
2026-05-26T14:19:27Z,2026-05-26T16:19:27+0200,9d8474b6-9a07-4a7a-8e0f-b65ff32620de,2026-05-11T20:45:00Z,2026-05-11T22:45:00+0200,642.84747,MW,FR,FR,forecast_offshore_wind_generation,Wind Offshore,2026-05-26T14:20:23Z
2026-05-26T14:19:27Z,2026-05-26T16:19:27+0200,9d8474b6-9a07-4a7a-8e0f-b65ff32620de,2026-05-11T21:00:00Z,2026-05-11T23:00:00+0200,647.42999,MW,FR,FR,forecast_offshore_wind_generation,Wind Offshore,2026-05-26T14:20:23Z
2026-05-26T14:19:27Z,2026-05-26T16:19:27+0200,9d8474b6-9a07-4a7a-8e0f-b65ff32620de,2026-05-11T21:15:00Z,2026-05-11T23:15:00+0200,626.85498,MW,FR,FR,forecast_offshore_wind_generation,Wind Offshore,2026-05-26T14:20:23Z
2026-05-26T14:19:27Z,2026-05-26T16:19:27+0200,9d8474b6-9a07-4a7a-8e0f-b65ff32620de,2026-05-11T21:30:00Z,2026-05-11T23:30:00+0200,606.27997,MW,FR,FR,forecast_offshore_wind_generation,Wind Offshore,2026-05-26T14:20:23Z
2026-05-26T14:19:27Z,2026-05-26T16:19:27+0200,9d8474b6-9a07-4a7a-8e0f-b65ff32620de,2026-05-11T21:45:00Z,2026-05-11T23:45:00+0200,585.70502,MW,FR,FR,forecast_offshore_wind_generation,Wind Offshore,2026-05-26T14:20:23Z
2026-05-26T14:19:27Z,2026-05-26T16:19:27+0200,9d8474b6-9a07-4a7a-8e0f-b65ff32620de,2026-05-11T22:00:00Z,2026-05-12T00:00:00+0200,406.95999,MW,FR,FR,forecast_offshore_wind_generation,Wind Offshore,2026-05-26T14:20:23Z
2026-05-26T14:19:27Z,2026-05-26T16:19:27+0200,9d8474b6-9a07-4a7a-8e0f-b65ff32620de,2026-05-11T22:15:00Z,2026-05-12T00:15:00+0200,389.46503,MW,FR,FR,forecast_offshore_wind_generation,Wind Offshore,2026-05-26T14:20:23Z
2026-05-26T14:19:27Z,2026-05-26T16:19:27+0200,9d8474b6-9a07-4a7a-8e0f-b65ff32620de,2026-05-11T22:30:00Z,2026-05-12T00:30:00+0200,371.96997,MW,FR,FR,forecast_offshore_wind_generation,Wind Offshore,2026-05-26T14:20:23Z
2026-05-26T14:19:27Z,2026-05-26T16:19:27+0200,9d8474b6-9a07-4a7a-8e0f-b65ff32620de,2026-05-11T22:45:00Z,2026-05-12T00:45:00+0200,354.47501,MW,FR,FR,forecast_offshore_wind_generation,Wind Offshore,2026-05-26T14:20:23Z
2026-05-26T14:19:27Z,2026-05-26T16:19:27+0200,9d8474b6-9a07-4a7a-8e0f-b65ff32620de,2026-05-11T23:00:00Z,2026-05-12T01:00:00+0200,336.98001,MW,FR,FR,forecast_offshore_wind_generation,Wind Offshore,2026-05-26T14:20:23Z
2026-05-26T14:19:27Z,2026-05-26T16:19:27+0200,9d8474b6-9a07-4a7a-8e0f-b65ff32620de,2026-05-11T23:15:00Z,2026-05-12T01:15:00+0200,317.22,MW,FR,FR,forecast_offshore_wind_generation,Wind Offshore,2026-05-26T14:20:23Z
2026-05-26T14:19:27Z,2026-05-26T16:19:27+0200,9d8474b6-9a07-4a7a-8e0f-b65ff32620de,2026-05-11T23:30:00Z,2026-05-12T01:30:00+0200,297.45999,MW,FR,FR,forecast_offshore_wind_generation,Wind Offshore,2026-05-26T14:20:23Z
2026-05-26T14:19:27Z,2026-05-26T16:19:27+0200,9d8474b6-9a07-4a7a-8e0f-b65ff32620de,2026-05-11T23:45:00Z,2026-05-12T01:45:00+0200,277.70001,MW,FR,FR,forecast_offshore_wind_generation,Wind Offshore,2026-05-26T14:20:23Z
2026-05-26T14:19:27Z,2026-05-26T16:19:27+0200,9d8474b6-9a07-4a7a-8e0f-b65ff32620de,2026-05-12T00:00:00Z,2026-05-12T02:00:00+0200,257.94,MW,FR,FR,forecast_offshore_wind_generation,Wind Offshore,2026-05-26T14:20:23Z
2026-05-26T14:19:27Z,2026-05-26T16:19:27+0200,9d8474b6-9a07-4a7a-8e0f-b65ff32620de,2026-05-12T00:15:00Z,2026-05-12T02:15:00+0200,240.64,MW,FR,FR,forecast_offshore_wind_generation,Wind Offshore,2026-05-26T14:20:23Z
2026-05-26T14:19:27Z,2026-05-26T16:19:27+0200,9d8474b6-9a07-4a7a-8e0f-b65ff32620de,2026-05-12T00:30:00Z,2026-05-12T02:30:00+0200,223.34,MW,FR,FR,forecast_offshore_wind_generation,Wind Offshore,2026-05-26T14:20:23Z
2026-05-26T14:19:27Z,2026-05-26T16:19:27+0200,9d8474b6-9a07-4a7a-8e0f-b65ff32620de,2026-05-12T00:45:00Z,2026-05-12T02:45:00+0200,206.03999,MW,FR,FR,forecast_offshore_wind_generation,Wind Offshore,2026-05-26T14:20:23Z
2026-05-26T14:19:27Z,2026-05-26T16:19:27+0200,9d8474b6-9a07-4a7a-8e0f-b65ff32620de,2026-05-12T01:00:00Z,2026-05-12T03:00:00+0200,188.74001,MW,FR,FR,forecast_offshore_wind_generation,Wind Offshore,2026-05-26T14:20:23Z
2026-05-26T14:19:27Z,2026-05-26T16:19:27+0200,9d8474b6-9a07-4a7a-8e0f-b65ff32620de,2026-05-12T01:15:00Z,2026-05-12T03:15:00+0200,179.995,MW,FR,FR,forecast_offshore_wind_generation,Wind Offshore,2026-05-26T14:20:23Z
2026-05-26T14:19:27Z,2026-05-26T16:19:27+0200,9d8474b6-9a07-4a7a-8e0f-b65ff32620de,2026-05-12T01:30:00Z,2026-05-12T03:30:00+0200,171.25,MW,FR,FR,forecast_offshore_wind_generation,Wind Offshore,2026-05-26T14:20:23Z
2026-05-26T14:19:27Z,2026-05-26T16:19:27+0200,9d8474b6-9a07-4a7a-8e0f-b65ff32620de,2026-05-12T01:45:00Z,2026-05-12T03:45:00+0200,162.505,MW,FR,FR,forecast_offshore_wind_generation,Wind Offshore,2026-05-26T14:20:23Z
2026-05-26T14:19:27Z,2026-05-26T16:19:27+0200,9d8474b6-9a07-4a7a-8e0f-b65ff32620de,2026-05-12T02:00:00Z,2026-05-12T04:00:00+0200,153.76001,MW,FR,FR,forecast_offshore_wind_generation,Wind Offshore,2026-05-26T14:20:23Z
2026-05-26T14:19:27Z,2026-05-26T16:19:27+0200,9d8474b6-9a07-4a7a-8e0f-b65ff32620de,2026-05-12T02:15:00Z,2026-05-12T04:15:00+0200,153.39249,MW,FR,FR,forecast_offshore_wind_generation,Wind Offshore,2026-05-26T14:20:23Z
2026-05-26T14:19:27Z,2026-05-26T16:19:27+0200,9d8474b6-9a07-4a7a-8e0f-b65ff32620de,2026-05-12T02:30:00Z,2026-05-12T04:30:00+0200,153.02499,MW,FR,FR,forecast_offshore_wind_generation,Wind Offshore,2026-05-26T14:20:23Z
2026-05-26T14:19:27Z,2026-05-26T16:19:27+0200,9d8474b6-9a07-4a7a-8e0f-b65ff32620de,2026-05-12T02:45:00Z,2026-05-12T04:45:00+0200,152.65749,MW,FR,FR,forecast_offshore_wind_generation,Wind Offshore,2026-05-26T14:20:23Z
2026-05-26T14:19:27Z,2026-05-26T16:19:27+0200,9d8474b6-9a07-4a7a-8e0f-b65ff32620de,2026-05-12T03:00:00Z,2026-05-12T05:00:00+0200,152.28999,MW,FR,FR,forecast_offshore_wind_generation,Wind Offshore,2026-05-26T14:20:23Z
2026-05-26T14:19:27Z,2026-05-26T16:19:27+0200,9d8474b6-9a07-4a7a-8e0f-b65ff32620de,2026-05-12T03:15:00Z,2026-05-12T05:15:00+0200,160.30499,MW,FR,FR,forecast_offshore_wind_generation,Wind Offshore,2026-05-26T14:20:23Z
2026-05-26T14:19:27Z,2026-05-26T16:19:27+0200,9d8474b6-9a07-4a7a-8e0f-b65ff32620de,2026-05-12T03:30:00Z,2026-05-12T05:30:00+0200,168.31999,MW,FR,FR,forecast_offshore_wind_generation,Wind Offshore,2026-05-26T14:20:23Z
2026-05-26T14:19:27Z,2026-05-26T16:19:27+0200,9d8474b6-9a07-4a7a-8e0f-b65ff32620de,2026-05-12T03:45:00Z,2026-05-12T05:45:00+0200,176.33501,MW,FR,FR,forecast_offshore_wind_generation,Wind Offshore,2026-05-26T14:20:23Z
2026-05-26T14:19:27Z,2026-05-26T16:19:27+0200,9d8474b6-9a07-4a7a-8e0f-b65ff32620de,2026-05-12T04:00:00Z,2026-05-12T06:00:00+0200,184.35001,MW,FR,FR,forecast_offshore_wind_generation,Wind Offshore,2026-05-26T14:20:23Z
2026-05-26T14:19:27Z,2026-05-26T16:19:27+0200,9d8474b6-9a07-4a7a-8e0f-b65ff32620de,2026-05-12T04:15:00Z,2026-05-12T06:15:00+0200,192.1275,MW,FR,FR,forecast_offshore_wind_generation,Wind Offshore,2026-05-26T14:20:23Z
2026-05-26T14:19:27Z,2026-05-26T16:19:27+0200,9d8474b6-9a07-4a7a-8e0f-b65ff32620de,2026-05-12T04:30:00Z,2026-05-12T06:30:00+0200,199.905,MW,FR,FR,forecast_offshore_wind_generation,Wind Offshore,2026-05-26T14:20:23Z
2026-05-26T14:19:27Z,2026-05-26T16:19:27+0200,9d8474b6-9a07-4a7a-8e0f-b65ff32620de,2026-05-12T04:45:00Z,2026-05-12T06:45:00+0200,207.6825,MW,FR,FR,forecast_offshore_wind_generation,Wind Offshore,2026-05-26T14:20:23Z
2026-05-26T14:19:27Z,2026-05-26T16:19:27+0200,9d8474b6-9a07-4a7a-8e0f-b65ff32620de,2026-05-12T05:00:00Z,2026-05-12T07:00:00+0200,215.46001,MW,FR,FR,forecast_offshore_wind_generation,Wind Offshore,2026-05-26T14:20:23Z
2026-05-26T14:19:27Z,2026-05-26T16:19:27+0200,9d8474b6-9a07-4a7a-8e0f-b65ff32620de,2026-05-12T05:15:00Z,2026-05-12T07:15:00+0200,217.6725,MW,FR,FR,forecast_offshore_wind_generation,Wind Offshore,2026-05-26T14:20:23Z
2026-05-26T14:19:27Z,2026-05-26T16:19:27+0200,9d8474b6-9a07-4a7a-8e0f-b65ff32620de,2026-05-12T05:30:00Z,2026-05-12T07:30:00+0200,219.88499,MW,FR,FR,forecast_offshore_wind_generation,Wind Offshore,2026-05-26T14:20:23Z
2026-05-26T14:19:27Z,2026-05-26T16:19:27+0200,9d8474b6-9a07-4a7a-8e0f-b65ff32620de,2026-05-12T05:45:00Z,2026-05-12T07:45:00+0200,222.09749,MW,FR,FR,forecast_offshore_wind_generation,Wind Offshore,2026-05-26T14:20:23Z
2026-05-26T14:19:27Z,2026-05-26T16:19:27+0200,9d8474b6-9a07-4a7a-8e0f-b65ff32620de,2026-05-12T06:00:00Z,2026-05-12T08:00:00+0200,224.31,MW,FR,FR,forecast_offshore_wind_generation,Wind Offshore,2026-05-26T14:20:23Z
2026-05-26T14:19:27Z,2026-05-26T16:19:27+0200,9d8474b6-9a07-4a7a-8e0f-b65ff32620de,2026-05-12T06:15:00Z,2026-05-12T08:15:00+0200,225.99251,MW,FR,FR,forecast_offshore_wind_generation,Wind Offshore,2026-05-26T14:20:23Z
2026-05-26T14:19:27Z,2026-05-26T16:19:27+0200,9d8474b6-9a07-4a7a-8e0f-b65ff32620de,2026-05-12T06:30:00Z,2026-05-12T08:30:00+0200,227.675,MW,FR,FR,forecast_offshore_wind_generation,Wind Offshore,2026-05-26T14:20:23Z
2026-05-26T14:19:27Z,2026-05-26T16:19:27+0200,9d8474b6-9a07-4a7a-8e0f-b65ff32620de,2026-05-12T06:45:00Z,2026-05-12T08:45:00+0200,229.3575,MW,FR,FR,forecast_offshore_wind_generation,Wind Offshore,2026-05-26T14:20:23Z
2026-05-26T14:19:27Z,2026-05-26T16:19:27+0200,9d8474b6-9a07-4a7a-8e0f-b65ff32620de,2026-05-12T07:00:00Z,2026-05-12T09:00:00+0200,231.03999,MW,FR,FR,forecast_offshore_wind_generation,Wind Offshore,2026-05-26T14:20:23Z
2026-05-26T14:19:27Z,2026-05-26T16:19:27+0200,9d8474b6-9a07-4a7a-8e0f-b65ff32620de,2026-05-12T07:15:00Z,2026-05-12T09:15:00+0200,238.14749,MW,FR,FR,forecast_offshore_wind_generation,Wind Offshore,2026-05-26T14:20:23Z
2026-05-26T14:19:27Z,2026-05-26T16:19:27+0200,9d8474b6-9a07-4a7a-8e0f-b65ff32620de,2026-05-12T07:30:00Z,2026-05-12T09:30:00+0200,245.255,MW,FR,FR,forecast_offshore_wind_generation,Wind Offshore,2026-05-26T14:20:23Z
2026-05-26T14:19:27Z,2026-05-26T16:19:27+0200,9d8474b6-9a07-4a7a-8e0f-b65ff32620de,2026-05-12T07:45:00Z,2026-05-12T09:45:00+0200,252.36249,MW,FR,FR,forecast_offshore_wind_generation,Wind Offshore,2026-05-26T14:20:23Z
2026-05-26T14:19:27Z,2026-05-26T16:19:27+0200,9d8474b6-9a07-4a7a-8e0f-b65ff32620de,2026-05-12T08:00:00Z,2026-05-12T10:00:00+0200,259.47,MW,FR,FR,forecast_offshore_wind_generation,Wind Offshore,2026-05-26T14:20:23Z
2026-05-26T14:19:27Z,2026-05-26T16:19:27+0200,9d8474b6-9a07-4a7a-8e0f-b65ff32620de,2026-05-12T08:15:00Z,2026-05-12T10:15:00+0200,255.79749,MW,FR,FR,forecast_offshore_wind_generation,Wind Offshore,2026-05-26T14:20:23Z
2026-05-26T14:19:27Z,2026-05-26T16:19:27+0200,9d8474b6-9a07-4a7a-8e0f-b65ff32620de,2026-05-12T08:30:00Z,2026-05-12T10:30:00+0200,252.125,MW,FR,FR,forecast_offshore_wind_generation,Wind Offshore,2026-05-26T14:20:23Z
2026-05-26T14:19:27Z,2026-05-26T16:19:27+0200,9d8474b6-9a07-4a7a-8e0f-b65ff32620de,2026-05-12T08:45:00Z,2026-05-12T10:45:00+0200,248.45251,MW,FR,FR,forecast_offshore_wind_generation,Wind Offshore,2026-05-26T14:20:23Z
2026-05-26T14:19:27Z,2026-05-26T16:19:27+0200,9d8474b6-9a07-4a7a-8e0f-b65ff32620de,2026-05-12T09:00:00Z,2026-05-12T11:00:00+0200,244.77998,MW,FR,FR,forecast_offshore_wind_generation,Wind Offshore,2026-05-26T14:20:23Z
2026-05-26T14:19:27Z,2026-05-26T16:19:27+0200,9d8474b6-9a07-4a7a-8e0f-b65ff32620de,2026-05-12T09:15:00Z,2026-05-12T11:15:00+0200,244.58501,MW,FR,FR,forecast_offshore_wind_generation,Wind Offshore,2026-05-26T14:20:23Z
2026-05-26T14:19:27Z,2026-05-26T16:19:27+0200,9d8474b6-9a07-4a7a-8e0f-b65ff32620de,2026-05-12T09:30:00Z,2026-05-12T11:30:00+0200,244.38998,MW,FR,FR,forecast_offshore_wind_generation,Wind Offshore,2026-05-26T14:20:23Z
2026-05-26T14:19:27Z,2026-05-26T16:19:27+0200,9d8474b6-9a07-4a7a-8e0f-b65ff32620de,2026-05-12T09:45:00Z,2026-05-12T11:45:00+0200,244.19501,MW,FR,FR,forecast_offshore_wind_generation,Wind Offshore,2026-05-26T14:20:23Z
2026-05-26T14:19:27Z,2026-05-26T16:19:27+0200,9d8474b6-9a07-4a7a-8e0f-b65ff32620de,2026-05-12T10:00:00Z,2026-05-12T12:00:00+0200,244.0,MW,FR,FR,forecast_offshore_wind_generation,Wind Offshore,2026-05-26T14:20:23Z
2026-05-26T14:19:27Z,2026-05-26T16:19:27+0200,9d8474b6-9a07-4a7a-8e0f-b65ff32620de,2026-05-12T10:15:00Z,2026-05-12T12:15:00+0200,254.2775,MW,FR,FR,forecast_offshore_wind_generation,Wind Offshore,2026-05-26T14:20:23Z
2026-05-26T14:19:27Z,2026-05-26T16:19:27+0200,9d8474b6-9a07-4a7a-8e0f-b65ff32620de,2026-05-12T10:30:00Z,2026-05-12T12:30:00+0200,264.55499,MW,FR,FR,forecast_offshore_wind_generation,Wind Offshore,2026-05-26T14:20:23Z
2026-05-26T14:19:27Z,2026-05-26T16:19:27+0200,9d8474b6-9a07-4a7a-8e0f-b65ff32620de,2026-05-12T10:45:00Z,2026-05-12T12:45:00+0200,274.83252,MW,FR,FR,forecast_offshore_wind_generation,Wind Offshore,2026-05-26T14:20:23Z
2026-05-26T14:19:27Z,2026-05-26T16:19:27+0200,9d8474b6-9a07-4a7a-8e0f-b65ff32620de,2026-05-12T11:00:00Z,2026-05-12T13:00:00+0200,285.11002,MW,FR,FR,forecast_offshore_wind_generation,Wind Offshore,2026-05-26T14:20:23Z
2026-05-26T14:19:27Z,2026-05-26T16:19:27+0200,9d8474b6-9a07-4a7a-8e0f-b65ff32620de,2026-05-12T11:15:00Z,2026-05-12T13:15:00+0200,293.35248,MW,FR,FR,forecast_offshore_wind_generation,Wind Offshore,2026-05-26T14:20:23Z
2026-05-26T14:19:27Z,2026-05-26T16:19:27+0200,9d8474b6-9a07-4a7a-8e0f-b65ff32620de,2026-05-12T11:30:00Z,2026-05-12T13:30:00+0200,301.59497,MW,FR,FR,forecast_offshore_wind_generation,Wind Offshore,2026-05-26T14:20:23Z
2026-05-26T14:19:27Z,2026-05-26T16:19:27+0200,9d8474b6-9a07-4a7a-8e0f-b65ff32620de,2026-05-12T11:45:00Z,2026-05-12T13:45:00+0200,309.83749,MW,FR,FR,forecast_offshore_wind_generation,Wind Offshore,2026-05-26T14:20:23Z
2026-05-26T14:19:27Z,2026-05-26T16:19:27+0200,9d8474b6-9a07-4a7a-8e0f-b65ff32620de,2026-05-12T12:00:00Z,2026-05-12T14:00:00+0200,318.07999,MW,FR,FR,forecast_offshore_wind_generation,Wind Offshore,2026-05-26T14:20:23Z
2026-05-26T14:19:27Z,2026-05-26T16:19:27+0200,9d8474b6-9a07-4a7a-8e0f-b65ff32620de,2026-05-12T12:15:00Z,2026-05-12T14:15:00+0200,321.75748,MW,FR,FR,forecast_offshore_wind_generation,Wind Offshore,2026-05-26T14:20:23Z
2026-05-26T14:19:27Z,2026-05-26T16:19:27+0200,9d8474b6-9a07-4a7a-8e0f-b65ff32620de,2026-05-12T12:30:00Z,2026-05-12T14:30:00+0200,325.435,MW,FR,FR,forecast_offshore_wind_generation,Wind Offshore,2026-05-26T14:20:23Z
2026-05-26T14:19:27Z,2026-05-26T16:19:27+0200,9d8474b6-9a07-4a7a-8e0f-b65ff32620de,2026-05-12T12:45:00Z,2026-05-12T14:45:00+0200,329.11249,MW,FR,FR,forecast_offshore_wind_generation,Wind Offshore,2026-05-26T14:20:23Z
2026-05-26T14:19:27Z,2026-05-26T16:19:27+0200,9d8474b6-9a07-4a7a-8e0f-b65ff32620de,2026-05-12T13:00:00Z,2026-05-12T15:00:00+0200,332.78998,MW,FR,FR,forecast_offshore_wind_generation,Wind Offshore,2026-05-26T14:20:23Z
2026-05-26T14:19:27Z,2026-05-26T16:19:27+0200,9d8474b6-9a07-4a7a-8e0f-b65ff32620de,2026-05-12T13:15:00Z,2026-05-12T15:15:00+0200,345.46497,MW,FR,FR,forecast_offshore_wind_generation,Wind Offshore,2026-05-26T14:20:23Z
2026-05-26T14:19:27Z,2026-05-26T16:19:27+0200,9d8474b6-9a07-4a7a-8e0f-b65ff32620de,2026-05-12T13:30:00Z,2026-05-12T15:30:00+0200,358.14001,MW,FR,FR,forecast_offshore_wind_generation,Wind Offshore,2026-05-26T14:20:23Z
2026-05-26T14:19:27Z,2026-05-26T16:19:27+0200,9d8474b6-9a07-4a7a-8e0f-b65ff32620de,2026-05-12T13:45:00Z,2026-05-12T15:45:00+0200,370.815,MW,FR,FR,forecast_offshore_wind_generation,Wind Offshore,2026-05-26T14:20:23Z
2026-05-26T14:19:27Z,2026-05-26T16:19:27+0200,9d8474b6-9a07-4a7a-8e0f-b65ff32620de,2026-05-12T14:00:00Z,2026-05-12T16:00:00+0200,383.48999,MW,FR,FR,forecast_offshore_wind_generation,Wind Offshore,2026-05-26T14:20:23Z
2026-05-26T14:19:27Z,2026-05-26T16:19:27+0200,9d8474b6-9a07-4a7a-8e0f-b65ff32620de,2026-05-12T14:15:00Z,2026-05-12T16:15:00+0200,392.49002,MW,FR,FR,forecast_offshore_wind_generation,Wind Offshore,2026-05-26T14:20:23Z
2026-05-26T14:19:27Z,2026-05-26T16:19:27+0200,9d8474b6-9a07-4a7a-8e0f-b65ff32620de,2026-05-12T14:30:00Z,2026-05-12T16:30:00+0200,401.48999,MW,FR,FR,forecast_offshore_wind_generation,Wind Offshore,2026-05-26T14:20:23Z
2026-05-26T14:19:27Z,2026-05-26T16:19:27+0200,9d8474b6-9a07-4a7a-8e0f-b65ff32620de,2026-05-12T14:45:00Z,2026-05-12T16:45:00+0200,410.48999,MW,FR,FR,forecast_offshore_wind_generation,Wind Offshore,2026-05-26T14:20:23Z
2026-05-26T14:19:27Z,2026-05-26T16:19:27+0200,9d8474b6-9a07-4a7a-8e0f-b65ff32620de,2026-05-12T15:00:00Z,2026-05-12T17:00:00+0200,419.48999,MW,FR,FR,forecast_offshore_wind_generation,Wind Offshore,2026-05-26T14:20:23Z
2026-05-26T14:19:27Z,2026-05-26T16:19:27+0200,9d8474b6-9a07-4a7a-8e0f-b65ff32620de,2026-05-12T15:15:00Z,2026-05-12T17:15:00+0200,437.47748,MW,FR,FR,forecast_offshore_wind_generation,Wind Offshore,2026-05-26T14:20:23Z
2026-05-26T14:19:27Z,2026-05-26T16:19:27+0200,9d8474b6-9a07-4a7a-8e0f-b65ff32620de,2026-05-12T15:30:00Z,2026-05-12T17:30:00+0200,455.46503,MW,FR,FR,forecast_offshore_wind_generation,Wind Offshore,2026-05-26T14:20:23Z
2026-05-26T14:19:27Z,2026-05-26T16:19:27+0200,9d8474b6-9a07-4a7a-8e0f-b65ff32620de,2026-05-12T15:45:00Z,2026-05-12T17:45:00+0200,473.45251,MW,FR,FR,forecast_offshore_wind_generation,Wind Offshore,2026-05-26T14:20:23Z
2026-05-26T14:19:27Z,2026-05-26T16:19:27+0200,9d8474b6-9a07-4a7a-8e0f-b65ff32620de,2026-05-12T16:00:00Z,2026-05-12T18:00:00+0200,491.44,MW,FR,FR,forecast_offshore_wind_generation,Wind Offshore,2026-05-26T14:20:23Z
2026-05-26T14:19:27Z,2026-05-26T16:19:27+0200,9d8474b6-9a07-4a7a-8e0f-b65ff32620de,2026-05-12T16:15:00Z,2026-05-12T18:15:00+0200,519.02502,MW,FR,FR,forecast_offshore_wind_generation,Wind Offshore,2026-05-26T14:20:23Z
2026-05-26T14:19:27Z,2026-05-26T16:19:27+0200,9d8474b6-9a07-4a7a-8e0f-b65ff32620de,2026-05-12T16:30:00Z,2026-05-12T18:30:00+0200,546.60999,MW,FR,FR,forecast_offshore_wind_generation,Wind Offshore,2026-05-26T14:20:23Z
2026-05-26T14:19:27Z,2026-05-26T16:19:27+0200,9d8474b6-9a07-4a7a-8e0f-b65ff32620de,2026-05-12T16:45:00Z,2026-05-12T18:45:00+0200,574.19501,MW,FR,FR,forecast_offshore_wind_generation,Wind Offshore,2026-05-26T14:20:23Z
2026-05-26T14:19:27Z,2026-05-26T16:19:27+0200,9d8474b6-9a07-4a7a-8e0f-b65ff32620de,2026-05-12T17:00:00Z,2026-05-12T19:00:00+0200,601.78003,MW,FR,FR,forecast_offshore_wind_generation,Wind Offshore,2026-05-26T14:20:23Z
2026-05-26T14:19:27Z,2026-05-26T16:19:27+0200,9d8474b6-9a07-4a7a-8e0f-b65ff32620de,2026-05-12T17:15:00Z,2026-05-12T19:15:00+0200,621.64996,MW,FR,FR,forecast_offshore_wind_generation,Wind Offshore,2026-05-26T14:20:23Z
2026-05-26T14:19:27Z,2026-05-26T16:19:27+0200,9d8474b6-9a07-4a7a-8e0f-b65ff32620de,2026-05-12T17:30:00Z,2026-05-12T19:30:00+0200,641.52002,MW,FR,FR,forecast_offshore_wind_generation,Wind Offshore,2026-05-26T14:20:23Z
2026-05-26T14:19:27Z,2026-05-26T16:19:27+0200,9d8474b6-9a07-4a7a-8e0f-b65ff32620de,2026-05-12T17:45:00Z,2026-05-12T19:45:00+0200,661.39001,MW,FR,FR,forecast_offshore_wind_generation,Wind Offshore,2026-05-26T14:20:23Z
2026-05-26T14:19:27Z,2026-05-26T16:19:27+0200,9d8474b6-9a07-4a7a-8e0f-b65ff32620de,2026-05-12T18:00:00Z,2026-05-12T20:00:00+0200,681.26001,MW,FR,FR,forecast_offshore_wind_generation,Wind Offshore,2026-05-26T14:20:23Z
2026-05-26T14:19:27Z,2026-05-26T16:19:27+0200,9d8474b6-9a07-4a7a-8e0f-b65ff32620de,2026-05-12T18:15:00Z,2026-05-12T20:15:00+0200,724.66998,MW,FR,FR,forecast_offshore_wind_generation,Wind Offshore,2026-05-26T14:20:23Z
2026-05-26T14:19:27Z,2026-05-26T16:19:27+0200,9d8474b6-9a07-4a7a-8e0f-b65ff32620de,2026-05-12T18:30:00Z,2026-05-12T20:30:00+0200,768.07996,MW,FR,FR,forecast_offshore_wind_generation,Wind Offshore,2026-05-26T14:20:23Z
2026-05-26T14:19:27Z,2026-05-26T16:19:27+0200,9d8474b6-9a07-4a7a-8e0f-b65ff32620de,2026-05-12T18:45:00Z,2026-05-12T20:45:00+0200,811.48999,MW,FR,FR,forecast_offshore_wind_generation,Wind Offshore,2026-05-26T14:20:23Z
2026-05-26T14:19:27Z,2026-05-26T16:19:27+0200,9d8474b6-9a07-4a7a-8e0f-b65ff32620de,2026-05-12T19:00:00Z,2026-05-12T21:00:00+0200,854.89996,MW,FR,FR,forecast_offshore_wind_generation,Wind Offshore,2026-05-26T14:20:23Z
2026-05-26T14:19:27Z,2026-05-26T16:19:27+0200,9d8474b6-9a07-4a7a-8e0f-b65ff32620de,2026-05-12T19:15:00Z,2026-05-12T21:15:00+0200,876.46509,MW,FR,FR,forecast_offshore_wind_generation,Wind Offshore,2026-05-26T14:20:23Z
2026-05-26T14:19:27Z,2026-05-26T16:19:27+0200,9d8474b6-9a07-4a7a-8e0f-b65ff32620de,2026-05-12T19:30:00Z,2026-05-12T21:30:00+0200,898.02997,MW,FR,FR,forecast_offshore_wind_generation,Wind Offshore,2026-05-26T14:20:23Z
2026-05-26T14:19:27Z,2026-05-26T16:19:27+0200,9d8474b6-9a07-4a7a-8e0f-b65ff32620de,2026-05-12T19:45:00Z,2026-05-12T21:45:00+0200,919.59497,MW,FR,FR,forecast_offshore_wind_generation,Wind Offshore,2026-05-26T14:20:23Z
2026-05-26T14:19:27Z,2026-05-26T16:19:27+0200,9d8474b6-9a07-4a7a-8e0f-b65ff32620de,2026-05-12T20:00:00Z,2026-05-12T22:00:00+0200,941.16003,MW,FR,FR,forecast_offshore_wind_generation,Wind Offshore,2026-05-26T14:20:23Z
2026-05-26T14:19:27Z,2026-05-26T16:19:27+0200,9d8474b6-9a07-4a7a-8e0f-b65ff32620de,2026-05-12T20:15:00Z,2026-05-12T22:15:00+0200,910.54498,MW,FR,FR,forecast_offshore_wind_generation,Wind Offshore,2026-05-26T14:20:23Z
2026-05-26T14:19:27Z,2026-05-26T16:19:27+0200,9d8474b6-9a07-4a7a-8e0f-b65ff32620de,2026-05-12T20:30:00Z,2026-05-12T22:30:00+0200,879.93005,MW,FR,FR,forecast_offshore_wind_generation,Wind Offshore,2026-05-26T14:20:23Z
2026-05-26T14:19:27Z,2026-05-26T16:19:27+0200,9d8474b6-9a07-4a7a-8e0f-b65ff32620de,2026-05-12T20:45:00Z,2026-05-12T22:45:00+0200,849.31494,MW,FR,FR,forecast_offshore_wind_generation,Wind Offshore,2026-05-26T14:20:23Z
2026-05-26T14:19:27Z,2026-05-26T16:19:27+0200,9d8474b6-9a07-4a7a-8e0f-b65ff32620de,2026-05-12T21:00:00Z,2026-05-12T23:00:00+0200,818.70001,MW,FR,FR,forecast_offshore_wind_generation,Wind Offshore,2026-05-26T14:20:23Z
2026-05-26T14:19:27Z,2026-05-26T16:19:27+0200,9d8474b6-9a07-4a7a-8e0f-b65ff32620de,2026-05-12T21:15:00Z,2026-05-12T23:15:00+0200,803.52502,MW,FR,FR,forecast_offshore_wind_generation,Wind Offshore,2026-05-26T14:20:23Z
2026-05-26T14:19:27Z,2026-05-26T16:19:27+0200,9d8474b6-9a07-4a7a-8e0f-b65ff32620de,2026-05-12T21:30:00Z,2026-05-12T23:30:00+0200,788.35004,MW,FR,FR,forecast_offshore_wind_generation,Wind Offshore,2026-05-26T14:20:23Z
2026-05-26T14:19:27Z,2026-05-26T16:19:27+0200,9d8474b6-9a07-4a7a-8e0f-b65ff32620de,2026-05-12T21:45:00Z,2026-05-12T23:45:00+0200,773.17499,MW,FR,FR,forecast_offshore_wind_generation,Wind Offshore,2026-05-26T14:20:23Z
2026-05-26T14:19:27Z,2026-05-26T16:19:27+0200,9d8474b6-9a07-4a7a-8e0f-b65ff32620de,2026-05-12T22:00:00Z,2026-05-13T00:00:00+0200,835.73004,MW,FR,FR,forecast_offshore_wind_generation,Wind Offshore,2026-05-26T14:20:23Z
2026-05-26T14:19:27Z,2026-05-26T16:19:27+0200,9d8474b6-9a07-4a7a-8e0f-b65ff32620de,2026-05-12T22:15:00Z,2026-05-13T00:15:00+0200,834.15247,MW,FR,FR,forecast_offshore_wind_generation,Wind Offshore,2026-05-26T14:20:23Z
2026-05-26T14:19:27Z,2026-05-26T16:19:27+0200,9d8474b6-9a07-4a7a-8e0f-b65ff32620de,2026-05-12T22:30:00Z,2026-05-13T00:30:00+0200,832.57495,MW,FR,FR,forecast_offshore_wind_generation,Wind Offshore,2026-05-26T14:20:23Z
2026-05-26T14:19:27Z,2026-05-26T16:19:27+0200,9d8474b6-9a07-4a7a-8e0f-b65ff32620de,2026-05-12T22:45:00Z,2026-05-13T00:45:00+0200,830.9975,MW,FR,FR,forecast_offshore_wind_generation,Wind Offshore,2026-05-26T14:20:23Z
2026-05-26T14:19:27Z,2026-05-26T16:19:27+0200,9d8474b6-9a07-4a7a-8e0f-b65ff32620de,2026-05-12T23:00:00Z,2026-05-13T01:00:00+0200,829.42004,MW,FR,FR,forecast_offshore_wind_generation,Wind Offshore,2026-05-26T14:20:23Z
2026-05-26T14:19:27Z,2026-05-26T16:19:27+0200,9d8474b6-9a07-4a7a-8e0f-b65ff32620de,2026-05-12T23:15:00Z,2026-05-13T01:15:00+0200,838.17249,MW,FR,FR,forecast_offshore_wind_generation,Wind Offshore,2026-05-26T14:20:23Z
2026-05-26T14:19:27Z,2026-05-26T16:19:27+0200,9d8474b6-9a07-4a7a-8e0f-b65ff32620de,2026-05-12T23:30:00Z,2026-05-13T01:30:00+0200,846.92499,MW,FR,FR,forecast_offshore_wind_generation,Wind Offshore,2026-05-26T14:20:23Z
2026-05-26T14:19:27Z,2026-05-26T16:19:27+0200,9d8474b6-9a07-4a7a-8e0f-b65ff32620de,2026-05-12T23:45:00Z,2026-05-13T01:45:00+0200,855.67749,MW,FR,FR,forecast_offshore_wind_generation,Wind Offshore,2026-05-26T14:20:23Z
2026-05-26T14:19:27Z,2026-05-26T16:19:27+0200,9d8474b6-9a07-4a7a-8e0f-b65ff32620de,2026-05-13T00:00:00Z,2026-05-13T02:00:00+0200,864.42993,MW,FR,FR,forecast_offshore_wind_generation,Wind Offshore,2026-05-26T14:20:23Z
2026-05-26T14:19:27Z,2026-05-26T16:19:27+0200,9d8474b6-9a07-4a7a-8e0f-b65ff32620de,2026-05-13T00:15:00Z,2026-05-13T02:15:00+0200,867.1225,MW,FR,FR,forecast_offshore_wind_generation,Wind Offshore,2026-05-26T14:20:23Z
2026-05-26T14:19:27Z,2026-05-26T16:19:27+0200,9d8474b6-9a07-4a7a-8e0f-b65ff32620de,2026-05-13T00:30:00Z,2026-05-13T02:30:00+0200,869.81506,MW,FR,FR,forecast_offshore_wind_generation,Wind Offshore,2026-05-26T14:20:23Z
2026-05-26T14:19:27Z,2026-05-26T16:19:27+0200,9d8474b6-9a07-4a7a-8e0f-b65ff32620de,2026-05-13T00:45:00Z,2026-05-13T02:45:00+0200,872.50745,MW,FR,FR,forecast_offshore_wind_generation,Wind Offshore,2026-05-26T14:20:23Z
2026-05-26T14:19:27Z,2026-05-26T16:19:27+0200,9d8474b6-9a07-4a7a-8e0f-b65ff32620de,2026-05-13T01:00:00Z,2026-05-13T03:00:00+0200,875.19995,MW,FR,FR,forecast_offshore_wind_generation,Wind Offshore,2026-05-26T14:20:23Z
2026-05-26T14:19:27Z,2026-05-26T16:19:27+0200,9d8474b6-9a07-4a7a-8e0f-b65ff32620de,2026-05-13T01:15:00Z,2026-05-13T03:15:00+0200,889.26257,MW,FR,FR,forecast_offshore_wind_generation,Wind Offshore,2026-05-26T14:20:23Z
2026-05-26T14:19:27Z,2026-05-26T16:19:27+0200,9d8474b6-9a07-4a7a-8e0f-b65ff32620de,2026-05-13T01:30:00Z,2026-05-13T03:30:00+0200,903.32501,MW,FR,FR,forecast_offshore_wind_generation,Wind Offshore,2026-05-26T14:20:23Z
2026-05-26T14:19:27Z,2026-05-26T16:19:27+0200,9d8474b6-9a07-4a7a-8e0f-b65ff32620de,2026-05-13T01:45:00Z,2026-05-13T03:45:00+0200,917.38745,MW,FR,FR,forecast_offshore_wind_generation,Wind Offshore,2026-05-26T14:20:23Z
2026-05-26T14:19:27Z,2026-05-26T16:19:27+0200,9d8474b6-9a07-4a7a-8e0f-b65ff32620de,2026-05-13T02:00:00Z,2026-05-13T04:00:00+0200,931.45007,MW,FR,FR,forecast_offshore_wind_generation,Wind Offshore,2026-05-26T14:20:23Z
2026-05-26T14:19:27Z,2026-05-26T16:19:27+0200,9d8474b6-9a07-4a7a-8e0f-b65ff32620de,2026-05-13T02:15:00Z,2026-05-13T04:15:00+0200,977.5625,MW,FR,FR,forecast_offshore_wind_generation,Wind Offshore,2026-05-26T14:20:23Z
2026-05-26T14:19:27Z,2026-05-26T16:19:27+0200,9d8474b6-9a07-4a7a-8e0f-b65ff32620de,2026-05-13T02:30:00Z,2026-05-13T04:30:00+0200,1023.67499,MW,FR,FR,forecast_offshore_wind_generation,Wind Offshore,2026-05-26T14:20:23Z
2026-05-26T14:19:27Z,2026-05-26T16:19:27+0200,9d8474b6-9a07-4a7a-8e0f-b65ff32620de,2026-05-13T02:45:00Z,2026-05-13T04:45:00+0200,1069.78748,MW,FR,FR,forecast_offshore_wind_generation,Wind Offshore,2026-05-26T14:20:23Z
2026-05-26T14:19:27Z,2026-05-26T16:19:27+0200,9d8474b6-9a07-4a7a-8e0f-b65ff32620de,2026-05-13T03:00:00Z,2026-05-13T05:00:00+0200,1115.90002,MW,FR,FR,forecast_offshore_wind_generation,Wind Offshore,2026-05-26T14:20:23Z
2026-05-26T14:19:27Z,2026-05-26T16:19:27+0200,9d8474b6-9a07-4a7a-8e0f-b65ff32620de,2026-05-13T03:15:00Z,2026-05-13T05:15:00+0200,1157.46497,MW,FR,FR,forecast_offshore_wind_generation,Wind Offshore,2026-05-26T14:20:23Z
2026-05-26T14:19:27Z,2026-05-26T16:19:27+0200,9d8474b6-9a07-4a7a-8e0f-b65ff32620de,2026-05-13T03:30:00Z,2026-05-13T05:30:00+0200,1199.03003,MW,FR,FR,forecast_offshore_wind_generation,Wind Offshore,2026-05-26T14:20:23Z
2026-05-26T14:19:27Z,2026-05-26T16:19:27+0200,9d8474b6-9a07-4a7a-8e0f-b65ff32620de,2026-05-13T03:45:00Z,2026-05-13T05:45:00+0200,1240.59497,MW,FR,FR,forecast_offshore_wind_generation,Wind Offshore,2026-05-26T14:20:23Z
2026-05-26T14:19:27Z,2026-05-26T16:19:27+0200,9d8474b6-9a07-4a7a-8e0f-b65ff32620de,2026-05-13T04:00:00Z,2026-05-13T06:00:00+0200,1282.15991,MW,FR,FR,forecast_offshore_wind_generation,Wind Offshore,2026-05-26T14:20:23Z
2026-05-26T14:19:27Z,2026-05-26T16:19:27+0200,9d8474b6-9a07-4a7a-8e0f-b65ff32620de,2026-05-13T04:15:00Z,2026-05-13T06:15:00+0200,1317.59741,MW,FR,FR,forecast_offshore_wind_generation,Wind Offshore,2026-05-26T14:20:23Z
2026-05-26T14:19:27Z,2026-05-26T16:19:27+0200,9d8474b6-9a07-4a7a-8e0f-b65ff32620de,2026-05-13T04:30:00Z,2026-05-13T06:30:00+0200,1353.03503,MW,FR,FR,forecast_offshore_wind_generation,Wind Offshore,2026-05-26T14:20:23Z
2026-05-26T14:19:27Z,2026-05-26T16:19:27+0200,9d8474b6-9a07-4a7a-8e0f-b65ff32620de,2026-05-13T04:45:00Z,2026-05-13T06:45:00+0200,1388.47253,MW,FR,FR,forecast_offshore_wind_generation,Wind Offshore,2026-05-26T14:20:23Z
2026-05-26T14:19:27Z,2026-05-26T16:19:27+0200,9d8474b6-9a07-4a7a-8e0f-b65ff32620de,2026-05-13T05:00:00Z,2026-05-13T07:00:00+0200,1423.91003,MW,FR,FR,forecast_offshore_wind_generation,Wind Offshore,2026-05-26T14:20:23Z
2026-05-26T14:19:27Z,2026-05-26T16:19:27+0200,9d8474b6-9a07-4a7a-8e0f-b65ff32620de,2026-05-13T05:15:00Z,2026-05-13T07:15:00+0200,1431.72241,MW,FR,FR,forecast_offshore_wind_generation,Wind Offshore,2026-05-26T14:20:23Z
2026-05-26T14:19:27Z,2026-05-26T16:19:27+0200,9d8474b6-9a07-4a7a-8e0f-b65ff32620de,2026-05-13T05:30:00Z,2026-05-13T07:30:00+0200,1439.53491,MW,FR,FR,forecast_offshore_wind_generation,Wind Offshore,2026-05-26T14:20:23Z
2026-05-26T14:19:27Z,2026-05-26T16:19:27+0200,9d8474b6-9a07-4a7a-8e0f-b65ff32620de,2026-05-13T05:45:00Z,2026-05-13T07:45:00+0200,1447.34753,MW,FR,FR,forecast_offshore_wind_generation,Wind Offshore,2026-05-26T14:20:23Z
2026-05-26T14:19:27Z,2026-05-26T16:19:27+0200,9d8474b6-9a07-4a7a-8e0f-b65ff32620de,2026-05-13T06:00:00Z,2026-05-13T08:00:00+0200,1455.16003,MW,FR,FR,forecast_offshore_wind_generation,Wind Offshore,2026-05-26T14:20:23Z
2026-05-26T14:19:27Z,2026-05-26T16:19:27+0200,9d8474b6-9a07-4a7a-8e0f-b65ff32620de,2026-05-13T06:15:00Z,2026-05-13T08:15:00+0200,1473.08997,MW,FR,FR,forecast_offshore_wind_generation,Wind Offshore,2026-05-26T14:20:23Z
2026-05-26T14:19:27Z,2026-05-26T16:19:27+0200,9d8474b6-9a07-4a7a-8e0f-b65ff32620de,2026-05-13T06:30:00Z,2026-05-13T08:30:00+0200,1491.02002,MW,FR,FR,forecast_offshore_wind_generation,Wind Offshore,2026-05-26T14:20:23Z
2026-05-26T14:19:27Z,2026-05-26T16:19:27+0200,9d8474b6-9a07-4a7a-8e0f-b65ff32620de,2026-05-13T06:45:00Z,2026-05-13T08:45:00+0200,1508.95007,MW,FR,FR,forecast_offshore_wind_generation,Wind Offshore,2026-05-26T14:20:23Z
2026-05-26T14:19:27Z,2026-05-26T16:19:27+0200,9d8474b6-9a07-4a7a-8e0f-b65ff32620de,2026-05-13T07:00:00Z,2026-05-13T09:00:00+0200,1526.88,MW,FR,FR,forecast_offshore_wind_generation,Wind Offshore,2026-05-26T14:20:23Z
2026-05-26T14:19:27Z,2026-05-26T16:19:27+0200,9d8474b6-9a07-4a7a-8e0f-b65ff32620de,2026-05-13T07:15:00Z,2026-05-13T09:15:00+0200,1536.27502,MW,FR,FR,forecast_offshore_wind_generation,Wind Offshore,2026-05-26T14:20:23Z
2026-05-26T14:19:27Z,2026-05-26T16:19:27+0200,9d8474b6-9a07-4a7a-8e0f-b65ff32620de,2026-05-13T07:30:00Z,2026-05-13T09:30:00+0200,1545.66992,MW,FR,FR,forecast_offshore_wind_generation,Wind Offshore,2026-05-26T14:20:23Z
2026-05-26T14:19:27Z,2026-05-26T16:19:27+0200,9d8474b6-9a07-4a7a-8e0f-b65ff32620de,2026-05-13T07:45:00Z,2026-05-13T09:45:00+0200,1555.06494,MW,FR,FR,forecast_offshore_wind_generation,Wind Offshore,2026-05-26T14:20:23Z
2026-05-26T14:19:27Z,2026-05-26T16:19:27+0200,9d8474b6-9a07-4a7a-8e0f-b65ff32620de,2026-05-13T08:00:00Z,2026-05-13T10:00:00+0200,1564.45996,MW,FR,FR,forecast_offshore_wind_generation,Wind Offshore,2026-05-26T14:20:23Z
2026-05-26T14:19:27Z,2026-05-26T16:19:27+0200,9d8474b6-9a07-4a7a-8e0f-b65ff32620de,2026-05-13T08:15:00Z,2026-05-13T10:15:00+0200,1583.45508,MW,FR,FR,forecast_offshore_wind_generation,Wind Offshore,2026-05-26T14:20:23Z
2026-05-26T14:19:27Z,2026-05-26T16:19:27+0200,9d8474b6-9a07-4a7a-8e0f-b65ff32620de,2026-05-13T08:30:00Z,2026-05-13T10:30:00+0200,1602.45007,MW,FR,FR,forecast_offshore_wind_generation,Wind Offshore,2026-05-26T14:20:23Z
2026-05-26T14:19:27Z,2026-05-26T16:19:27+0200,9d8474b6-9a07-4a7a-8e0f-b65ff32620de,2026-05-13T08:45:00Z,2026-05-13T10:45:00+0200,1621.44507,MW,FR,FR,forecast_offshore_wind_generation,Wind Offshore,2026-05-26T14:20:23Z
2026-05-26T14:19:27Z,2026-05-26T16:19:27+0200,9d8474b6-9a07-4a7a-8e0f-b65ff32620de,2026-05-13T09:00:00Z,2026-05-13T11:00:00+0200,1640.44006,MW,FR,FR,forecast_offshore_wind_generation,Wind Offshore,2026-05-26T14:20:23Z
2026-05-26T14:19:27Z,2026-05-26T16:19:27+0200,9d8474b6-9a07-4a7a-8e0f-b65ff32620de,2026-05-13T09:15:00Z,2026-05-13T11:15:00+0200,1645.09253,MW,FR,FR,forecast_offshore_wind_generation,Wind Offshore,2026-05-26T14:20:23Z
2026-05-26T14:19:27Z,2026-05-26T16:19:27+0200,9d8474b6-9a07-4a7a-8e0f-b65ff32620de,2026-05-13T09:30:00Z,2026-05-13T11:30:00+0200,1649.74487,MW,FR,FR,forecast_offshore_wind_generation,Wind Offshore,2026-05-26T14:20:23Z
2026-05-26T14:19:27Z,2026-05-26T16:19:27+0200,9d8474b6-9a07-4a7a-8e0f-b65ff32620de,2026-05-13T09:45:00Z,2026-05-13T11:45:00+0200,1654.39746,MW,FR,FR,forecast_offshore_wind_generation,Wind Offshore,2026-05-26T14:20:23Z
2026-05-26T14:19:27Z,2026-05-26T16:19:27+0200,9d8474b6-9a07-4a7a-8e0f-b65ff32620de,2026-05-13T10:00:00Z,2026-05-13T12:00:00+0200,1659.04993,MW,FR,FR,forecast_offshore_wind_generation,Wind Offshore,2026-05-26T14:20:23Z
2026-05-26T14:19:27Z,2026-05-26T16:19:27+0200,9d8474b6-9a07-4a7a-8e0f-b65ff32620de,2026-05-13T10:15:00Z,2026-05-13T12:15:00+0200,1671.1449,MW,FR,FR,forecast_offshore_wind_generation,Wind Offshore,2026-05-26T14:20:23Z
2026-05-26T14:19:27Z,2026-05-26T16:19:27+0200,9d8474b6-9a07-4a7a-8e0f-b65ff32620de,2026-05-13T10:30:00Z,2026-05-13T12:30:00+0200,1683.23999,MW,FR,FR,forecast_offshore_wind_generation,Wind Offshore,2026-05-26T14:20:23Z
2026-05-26T14:19:27Z,2026-05-26T16:19:27+0200,9d8474b6-9a07-4a7a-8e0f-b65ff32620de,2026-05-13T10:45:00Z,2026-05-13T12:45:00+0200,1695.33496,MW,FR,FR,forecast_offshore_wind_generation,Wind Offshore,2026-05-26T14:20:23Z
2026-05-26T14:19:27Z,2026-05-26T16:19:27+0200,9d8474b6-9a07-4a7a-8e0f-b65ff32620de,2026-05-13T11:00:00Z,2026-05-13T13:00:00+0200,1707.42993,MW,FR,FR,forecast_offshore_wind_generation,Wind Offshore,2026-05-26T14:20:23Z
2026-05-26T14:19:27Z,2026-05-26T16:19:27+0200,9d8474b6-9a07-4a7a-8e0f-b65ff32620de,2026-05-13T11:15:00Z,2026-05-13T13:15:00+0200,1718.90991,MW,FR,FR,forecast_offshore_wind_generation,Wind Offshore,2026-05-26T14:20:23Z
2026-05-26T14:19:27Z,2026-05-26T16:19:27+0200,9d8474b6-9a07-4a7a-8e0f-b65ff32620de,2026-05-13T11:30:00Z,2026-05-13T13:30:00+0200,1730.39001,MW,FR,FR,forecast_offshore_wind_generation,Wind Offshore,2026-05-26T14:20:23Z
2026-05-26T14:19:27Z,2026-05-26T16:19:27+0200,9d8474b6-9a07-4a7a-8e0f-b65ff32620de,2026-05-13T11:45:00Z,2026-05-13T13:45:00+0200,1741.87,MW,FR,FR,forecast_offshore_wind_generation,Wind Offshore,2026-05-26T14:20:23Z
2026-05-26T14:19:27Z,2026-05-26T16:19:27+0200,9d8474b6-9a07-4a7a-8e0f-b65ff32620de,2026-05-13T12:00:00Z,2026-05-13T14:00:00+0200,1753.34998,MW,FR,FR,forecast_offshore_wind_generation,Wind Offshore,2026-05-26T14:20:23Z
2026-05-26T14:19:27Z,2026-05-26T16:19:27+0200,9d8474b6-9a07-4a7a-8e0f-b65ff32620de,2026-05-13T12:15:00Z,2026-05-13T14:15:00+0200,1754.83752,MW,FR,FR,forecast_offshore_wind_generation,Wind Offshore,2026-05-26T14:20:23Z
2026-05-26T14:19:27Z,2026-05-26T16:19:27+0200,9d8474b6-9a07-4a7a-8e0f-b65ff32620de,2026-05-13T12:30:00Z,2026-05-13T14:30:00+0200,1756.32495,MW,FR,FR,forecast_offshore_wind_generation,Wind Offshore,2026-05-26T14:20:23Z
2026-05-26T14:19:27Z,2026-05-26T16:19:27+0200,9d8474b6-9a07-4a7a-8e0f-b65ff32620de,2026-05-13T12:45:00Z,2026-05-13T14:45:00+0200,1757.81262,MW,FR,FR,forecast_offshore_wind_generation,Wind Offshore,2026-05-26T14:20:23Z
2026-05-26T14:19:27Z,2026-05-26T16:19:27+0200,9d8474b6-9a07-4a7a-8e0f-b65ff32620de,2026-05-13T13:00:00Z,2026-05-13T15:00:00+0200,1759.30005,MW,FR,FR,forecast_offshore_wind_generation,Wind Offshore,2026-05-26T14:20:23Z
2026-05-26T14:19:27Z,2026-05-26T16:19:27+0200,9d8474b6-9a07-4a7a-8e0f-b65ff32620de,2026-05-13T13:15:00Z,2026-05-13T15:15:00+0200,1765.89502,MW,FR,FR,forecast_offshore_wind_generation,Wind Offshore,2026-05-26T14:20:23Z
2026-05-26T14:19:27Z,2026-05-26T16:19:27+0200,9d8474b6-9a07-4a7a-8e0f-b65ff32620de,2026-05-13T13:30:00Z,2026-05-13T15:30:00+0200,1772.48999,MW,FR,FR,forecast_offshore_wind_generation,Wind Offshore,2026-05-26T14:20:23Z
2026-05-26T14:19:27Z,2026-05-26T16:19:27+0200,9d8474b6-9a07-4a7a-8e0f-b65ff32620de,2026-05-13T13:45:00Z,2026-05-13T15:45:00+0200,1779.08496,MW,FR,FR,forecast_offshore_wind_generation,Wind Offshore,2026-05-26T14:20:23Z
2026-05-26T14:19:27Z,2026-05-26T16:19:27+0200,9d8474b6-9a07-4a7a-8e0f-b65ff32620de,2026-05-13T14:00:00Z,2026-05-13T16:00:00+0200,1785.67993,MW,FR,FR,forecast_offshore_wind_generation,Wind Offshore,2026-05-26T14:20:23Z
2026-05-26T14:19:27Z,2026-05-26T16:19:27+0200,9d8474b6-9a07-4a7a-8e0f-b65ff32620de,2026-05-13T14:15:00Z,2026-05-13T16:15:00+0200,1793.57251,MW,FR,FR,forecast_offshore_wind_generation,Wind Offshore,2026-05-26T14:20:23Z
2026-05-26T14:19:27Z,2026-05-26T16:19:27+0200,9d8474b6-9a07-4a7a-8e0f-b65ff32620de,2026-05-13T14:30:00Z,2026-05-13T16:30:00+0200,1801.46509,MW,FR,FR,forecast_offshore_wind_generation,Wind Offshore,2026-05-26T14:20:23Z
2026-05-26T14:19:27Z,2026-05-26T16:19:27+0200,9d8474b6-9a07-4a7a-8e0f-b65ff32620de,2026-05-13T14:45:00Z,2026-05-13T16:45:00+0200,1809.35742,MW,FR,FR,forecast_offshore_wind_generation,Wind Offshore,2026-05-26T14:20:23Z
2026-05-26T14:19:27Z,2026-05-26T16:19:27+0200,9d8474b6-9a07-4a7a-8e0f-b65ff32620de,2026-05-13T15:00:00Z,2026-05-13T17:00:00+0200,1817.25,MW,FR,FR,forecast_offshore_wind_generation,Wind Offshore,2026-05-26T14:20:23Z
2026-05-26T14:19:27Z,2026-05-26T16:19:27+0200,9d8474b6-9a07-4a7a-8e0f-b65ff32620de,2026-05-13T15:15:00Z,2026-05-13T17:15:00+0200,1827.51257,MW,FR,FR,forecast_offshore_wind_generation,Wind Offshore,2026-05-26T14:20:23Z
2026-05-26T14:19:27Z,2026-05-26T16:19:27+0200,9d8474b6-9a07-4a7a-8e0f-b65ff32620de,2026-05-13T15:30:00Z,2026-05-13T17:30:00+0200,1837.77515,MW,FR,FR,forecast_offshore_wind_generation,Wind Offshore,2026-05-26T14:20:23Z
2026-05-26T14:19:27Z,2026-05-26T16:19:27+0200,9d8474b6-9a07-4a7a-8e0f-b65ff32620de,2026-05-13T15:45:00Z,2026-05-13T17:45:00+0200,1848.03748,MW,FR,FR,forecast_offshore_wind_generation,Wind Offshore,2026-05-26T14:20:23Z
2026-05-26T14:19:27Z,2026-05-26T16:19:27+0200,9d8474b6-9a07-4a7a-8e0f-b65ff32620de,2026-05-13T16:00:00Z,2026-05-13T18:00:00+0200,1858.30005,MW,FR,FR,forecast_offshore_wind_generation,Wind Offshore,2026-05-26T14:20:23Z
2026-05-26T14:19:27Z,2026-05-26T16:19:27+0200,9d8474b6-9a07-4a7a-8e0f-b65ff32620de,2026-05-13T16:15:00Z,2026-05-13T18:15:00+0200,1854.60498,MW,FR,FR,forecast_offshore_wind_generation,Wind Offshore,2026-05-26T14:20:23Z
2026-05-26T14:19:27Z,2026-05-26T16:19:27+0200,9d8474b6-9a07-4a7a-8e0f-b65ff32620de,2026-05-13T16:30:00Z,2026-05-13T18:30:00+0200,1850.91003,MW,FR,FR,forecast_offshore_wind_generation,Wind Offshore,2026-05-26T14:20:23Z
2026-05-26T14:19:27Z,2026-05-26T16:19:27+0200,9d8474b6-9a07-4a7a-8e0f-b65ff32620de,2026-05-13T16:45:00Z,2026-05-13T18:45:00+0200,1847.21509,MW,FR,FR,forecast_offshore_wind_generation,Wind Offshore,2026-05-26T14:20:23Z
2026-05-26T14:19:27Z,2026-05-26T16:19:27+0200,9d8474b6-9a07-4a7a-8e0f-b65ff32620de,2026-05-13T17:00:00Z,2026-05-13T19:00:00+0200,1843.52014,MW,FR,FR,forecast_offshore_wind_generation,Wind Offshore,2026-05-26T14:20:23Z
2026-05-26T14:19:27Z,2026-05-26T16:19:27+0200,9d8474b6-9a07-4a7a-8e0f-b65ff32620de,2026-05-13T17:15:00Z,2026-05-13T19:15:00+0200,1840.77246,MW,FR,FR,forecast_offshore_wind_generation,Wind Offshore,2026-05-26T14:20:23Z
2026-05-26T14:19:27Z,2026-05-26T16:19:27+0200,9d8474b6-9a07-4a7a-8e0f-b65ff32620de,2026-05-13T17:30:00Z,2026-05-13T19:30:00+0200,1838.0249,MW,FR,FR,forecast_offshore_wind_generation,Wind Offshore,2026-05-26T14:20:23Z
2026-05-26T14:19:27Z,2026-05-26T16:19:27+0200,9d8474b6-9a07-4a7a-8e0f-b65ff32620de,2026-05-13T17:45:00Z,2026-05-13T19:45:00+0200,1835.27747,MW,FR,FR,forecast_offshore_wind_generation,Wind Offshore,2026-05-26T14:20:23Z
2026-05-26T14:19:27Z,2026-05-26T16:19:27+0200,9d8474b6-9a07-4a7a-8e0f-b65ff32620de,2026-05-13T18:00:00Z,2026-05-13T20:00:00+0200,1832.53003,MW,FR,FR,forecast_offshore_wind_generation,Wind Offshore,2026-05-26T14:20:23Z
2026-05-26T14:19:27Z,2026-05-26T16:19:27+0200,9d8474b6-9a07-4a7a-8e0f-b65ff32620de,2026-05-13T18:15:00Z,2026-05-13T20:15:00+0200,1814.30005,MW,FR,FR,forecast_offshore_wind_generation,Wind Offshore,2026-05-26T14:20:23Z
2026-05-26T14:19:27Z,2026-05-26T16:19:27+0200,9d8474b6-9a07-4a7a-8e0f-b65ff32620de,2026-05-13T18:30:00Z,2026-05-13T20:30:00+0200,1796.06995,MW,FR,FR,forecast_offshore_wind_generation,Wind Offshore,2026-05-26T14:20:23Z
2026-05-26T14:19:27Z,2026-05-26T16:19:27+0200,9d8474b6-9a07-4a7a-8e0f-b65ff32620de,2026-05-13T18:45:00Z,2026-05-13T20:45:00+0200,1777.84009,MW,FR,FR,forecast_offshore_wind_generation,Wind Offshore,2026-05-26T14:20:23Z
2026-05-26T14:19:27Z,2026-05-26T16:19:27+0200,9d8474b6-9a07-4a7a-8e0f-b65ff32620de,2026-05-13T19:00:00Z,2026-05-13T21:00:00+0200,1759.61011,MW,FR,FR,forecast_offshore_wind_generation,Wind Offshore,2026-05-26T14:20:23Z
2026-05-26T14:19:27Z,2026-05-26T16:19:27+0200,9d8474b6-9a07-4a7a-8e0f-b65ff32620de,2026-05-13T19:15:00Z,2026-05-13T21:15:00+0200,1728.40747,MW,FR,FR,forecast_offshore_wind_generation,Wind Offshore,2026-05-26T14:20:23Z
2026-05-26T14:19:27Z,2026-05-26T16:19:27+0200,9d8474b6-9a07-4a7a-8e0f-b65ff32620de,2026-05-13T19:30:00Z,2026-05-13T21:30:00+0200,1697.20508,MW,FR,FR,forecast_offshore_wind_generation,Wind Offshore,2026-05-26T14:20:23Z
2026-05-26T14:19:27Z,2026-05-26T16:19:27+0200,9d8474b6-9a07-4a7a-8e0f-b65ff32620de,2026-05-13T19:45:00Z,2026-05-13T21:45:00+0200,1666.00244,MW,FR,FR,forecast_offshore_wind_generation,Wind Offshore,2026-05-26T14:20:23Z
2026-05-26T14:19:27Z,2026-05-26T16:19:27+0200,9d8474b6-9a07-4a7a-8e0f-b65ff32620de,2026-05-13T20:00:00Z,2026-05-13T22:00:00+0200,1634.79993,MW,FR,FR,forecast_offshore_wind_generation,Wind Offshore,2026-05-26T14:20:23Z
2026-05-26T14:19:27Z,2026-05-26T16:19:27+0200,9d8474b6-9a07-4a7a-8e0f-b65ff32620de,2026-05-13T20:15:00Z,2026-05-13T22:15:00+0200,1620.42749,MW,FR,FR,forecast_offshore_wind_generation,Wind Offshore,2026-05-26T14:20:23Z
2026-05-26T14:19:27Z,2026-05-26T16:19:27+0200,9d8474b6-9a07-4a7a-8e0f-b65ff32620de,2026-05-13T20:30:00Z,2026-05-13T22:30:00+0200,1606.05493,MW,FR,FR,forecast_offshore_wind_generation,Wind Offshore,2026-05-26T14:20:23Z
2026-05-26T14:19:27Z,2026-05-26T16:19:27+0200,9d8474b6-9a07-4a7a-8e0f-b65ff32620de,2026-05-13T20:45:00Z,2026-05-13T22:45:00+0200,1591.6825,MW,FR,FR,forecast_offshore_wind_generation,Wind Offshore,2026-05-26T14:20:23Z
2026-05-26T14:19:27Z,2026-05-26T16:19:27+0200,9d8474b6-9a07-4a7a-8e0f-b65ff32620de,2026-05-13T21:00:00Z,2026-05-13T23:00:00+0200,1577.30994,MW,FR,FR,forecast_offshore_wind_generation,Wind Offshore,2026-05-26T14:20:23Z
2026-05-26T14:19:27Z,2026-05-26T16:19:27+0200,9d8474b6-9a07-4a7a-8e0f-b65ff32620de,2026-05-13T21:15:00Z,2026-05-13T23:15:00+0200,1555.49756,MW,FR,FR,forecast_offshore_wind_generation,Wind Offshore,2026-05-26T14:20:23Z
2026-05-26T14:19:27Z,2026-05-26T16:19:27+0200,9d8474b6-9a07-4a7a-8e0f-b65ff32620de,2026-05-13T21:30:00Z,2026-05-13T23:30:00+0200,1533.68506,MW,FR,FR,forecast_offshore_wind_generation,Wind Offshore,2026-05-26T14:20:23Z
2026-05-26T14:19:27Z,2026-05-26T16:19:27+0200,9d8474b6-9a07-4a7a-8e0f-b65ff32620de,2026-05-13T21:45:00Z,2026-05-13T23:45:00+0200,1511.87256,MW,FR,FR,forecast_offshore_wind_generation,Wind Offshore,2026-05-26T14:20:23Z
2026-05-26T14:19:27Z,2026-05-26T16:19:27+0200,9d8474b6-9a07-4a7a-8e0f-b65ff32620de,2026-05-13T22:00:00Z,2026-05-14T00:00:00+0200,1483.92993,MW,FR,FR,forecast_offshore_wind_generation,Wind Offshore,2026-05-26T14:20:23Z
2026-05-26T14:19:27Z,2026-05-26T16:19:27+0200,9d8474b6-9a07-4a7a-8e0f-b65ff32620de,2026-05-13T22:15:00Z,2026-05-14T00:15:00+0200,1474.91748,MW,FR,FR,forecast_offshore_wind_generation,Wind Offshore,2026-05-26T14:20:23Z
2026-05-26T14:19:27Z,2026-05-26T16:19:27+0200,9d8474b6-9a07-4a7a-8e0f-b65ff32620de,2026-05-13T22:30:00Z,2026-05-14T00:30:00+0200,1465.90503,MW,FR,FR,forecast_offshore_wind_generation,Wind Offshore,2026-05-26T14:20:23Z
2026-05-26T14:19:27Z,2026-05-26T16:19:27+0200,9d8474b6-9a07-4a7a-8e0f-b65ff32620de,2026-05-13T22:45:00Z,2026-05-14T00:45:00+0200,1456.89258,MW,FR,FR,forecast_offshore_wind_generation,Wind Offshore,2026-05-26T14:20:23Z
2026-05-26T14:19:27Z,2026-05-26T16:19:27+0200,9d8474b6-9a07-4a7a-8e0f-b65ff32620de,2026-05-13T23:00:00Z,2026-05-14T01:00:00+0200,1447.88,MW,FR,FR,forecast_offshore_wind_generation,Wind Offshore,2026-05-26T14:20:23Z
2026-05-26T14:19:27Z,2026-05-26T16:19:27+0200,9d8474b6-9a07-4a7a-8e0f-b65ff32620de,2026-05-13T23:15:00Z,2026-05-14T01:15:00+0200,1428.12,MW,FR,FR,forecast_offshore_wind_generation,Wind Offshore,2026-05-26T14:20:23Z
2026-05-26T14:19:27Z,2026-05-26T16:19:27+0200,9d8474b6-9a07-4a7a-8e0f-b65ff32620de,2026-05-13T23:30:00Z,2026-05-14T01:30:00+0200,1408.35999,MW,FR,FR,forecast_offshore_wind_generation,Wind Offshore,2026-05-26T14:20:23Z
2026-05-26T14:19:27Z,2026-05-26T16:19:27+0200,9d8474b6-9a07-4a7a-8e0f-b65ff32620de,2026-05-13T23:45:00Z,2026-05-14T01:45:00+0200,1388.59998,MW,FR,FR,forecast_offshore_wind_generation,Wind Offshore,2026-05-26T14:20:23Z
2026-05-26T14:19:27Z,2026-05-26T16:19:27+0200,9d8474b6-9a07-4a7a-8e0f-b65ff32620de,2026-05-14T00:00:00Z,2026-05-14T02:00:00+0200,1368.83984,MW,FR,FR,forecast_offshore_wind_generation,Wind Offshore,2026-05-26T14:20:23Z
2026-05-26T14:19:27Z,2026-05-26T16:19:27+0200,9d8474b6-9a07-4a7a-8e0f-b65ff32620de,2026-05-14T00:15:00Z,2026-05-14T02:15:00+0200,1379.50256,MW,FR,FR,forecast_offshore_wind_generation,Wind Offshore,2026-05-26T14:20:23Z
2026-05-26T14:19:27Z,2026-05-26T16:19:27+0200,9d8474b6-9a07-4a7a-8e0f-b65ff32620de,2026-05-14T00:30:00Z,2026-05-14T02:30:00+0200,1390.16504,MW,FR,FR,forecast_offshore_wind_generation,Wind Offshore,2026-05-26T14:20:23Z
2026-05-26T14:19:27Z,2026-05-26T16:19:27+0200,9d8474b6-9a07-4a7a-8e0f-b65ff32620de,2026-05-14T00:45:00Z,2026-05-14T02:45:00+0200,1400.82739,MW,FR,FR,forecast_offshore_wind_generation,Wind Offshore,2026-05-26T14:20:23Z
2026-05-26T14:19:27Z,2026-05-26T16:19:27+0200,9d8474b6-9a07-4a7a-8e0f-b65ff32620de,2026-05-14T01:00:00Z,2026-05-14T03:00:00+0200,1411.48999,MW,FR,FR,forecast_offshore_wind_generation,Wind Offshore,2026-05-26T14:20:23Z
2026-05-26T14:19:27Z,2026-05-26T16:19:27+0200,9d8474b6-9a07-4a7a-8e0f-b65ff32620de,2026-05-14T01:15:00Z,2026-05-14T03:15:00+0200,1395.28247,MW,FR,FR,forecast_offshore_wind_generation,Wind Offshore,2026-05-26T14:20:23Z
2026-05-26T14:19:27Z,2026-05-26T16:19:27+0200,9d8474b6-9a07-4a7a-8e0f-b65ff32620de,2026-05-14T01:30:00Z,2026-05-14T03:30:00+0200,1379.07495,MW,FR,FR,forecast_offshore_wind_generation,Wind Offshore,2026-05-26T14:20:23Z
2026-05-26T14:19:27Z,2026-05-26T16:19:27+0200,9d8474b6-9a07-4a7a-8e0f-b65ff32620de,2026-05-14T01:45:00Z,2026-05-14T03:45:00+0200,1362.86743,MW,FR,FR,forecast_offshore_wind_generation,Wind Offshore,2026-05-26T14:20:23Z
2026-05-26T14:19:27Z,2026-05-26T16:19:27+0200,9d8474b6-9a07-4a7a-8e0f-b65ff32620de,2026-05-14T02:00:00Z,2026-05-14T04:00:00+0200,1346.65991,MW,FR,FR,forecast_offshore_wind_generation,Wind Offshore,2026-05-26T14:20:23Z
2026-05-26T14:19:27Z,2026-05-26T16:19:27+0200,9d8474b6-9a07-4a7a-8e0f-b65ff32620de,2026-05-14T02:15:00Z,2026-05-14T04:15:00+0200,1350.12988,MW,FR,FR,forecast_offshore_wind_generation,Wind Offshore,2026-05-26T14:20:23Z
2026-05-26T14:19:27Z,2026-05-26T16:19:27+0200,9d8474b6-9a07-4a7a-8e0f-b65ff32620de,2026-05-14T02:30:00Z,2026-05-14T04:30:00+0200,1353.59985,MW,FR,FR,forecast_offshore_wind_generation,Wind Offshore,2026-05-26T14:20:23Z
2026-05-26T14:19:27Z,2026-05-26T16:19:27+0200,9d8474b6-9a07-4a7a-8e0f-b65ff32620de,2026-05-14T02:45:00Z,2026-05-14T04:45:00+0200,1357.06995,MW,FR,FR,forecast_offshore_wind_generation,Wind Offshore,2026-05-26T14:20:23Z
2026-05-26T14:19:27Z,2026-05-26T16:19:27+0200,9d8474b6-9a07-4a7a-8e0f-b65ff32620de,2026-05-14T03:00:00Z,2026-05-14T05:00:00+0200,1360.54004,MW,FR,FR,forecast_offshore_wind_generation,Wind Offshore,2026-05-26T14:20:23Z
2026-05-26T14:19:27Z,2026-05-26T16:19:27+0200,9d8474b6-9a07-4a7a-8e0f-b65ff32620de,2026-05-14T03:15:00Z,2026-05-14T05:15:00+0200,1363.3501,MW,FR,FR,forecast_offshore_wind_generation,Wind Offshore,2026-05-26T14:20:23Z
2026-05-26T14:19:27Z,2026-05-26T16:19:27+0200,9d8474b6-9a07-4a7a-8e0f-b65ff32620de,2026-05-14T03:30:00Z,2026-05-14T05:30:00+0200,1366.15991,MW,FR,FR,forecast_offshore_wind_generation,Wind Offshore,2026-05-26T14:20:23Z
2026-05-26T14:19:27Z,2026-05-26T16:19:27+0200,9d8474b6-9a07-4a7a-8e0f-b65ff32620de,2026-05-14T03:45:00Z,2026-05-14T05:45:00+0200,1368.96997,MW,FR,FR,forecast_offshore_wind_generation,Wind Offshore,2026-05-26T14:20:23Z
2026-05-26T14:19:27Z,2026-05-26T16:19:27+0200,9d8474b6-9a07-4a7a-8e0f-b65ff32620de,2026-05-14T04:00:00Z,2026-05-14T06:00:00+0200,1371.77991,MW,FR,FR,forecast_offshore_wind_generation,Wind Offshore,2026-05-26T14:20:23Z
2026-05-26T14:19:27Z,2026-05-26T16:19:27+0200,9d8474b6-9a07-4a7a-8e0f-b65ff32620de,2026-05-14T04:15:00Z,2026-05-14T06:15:00+0200,1393.50256,MW,FR,FR,forecast_offshore_wind_generation,Wind Offshore,2026-05-26T14:20:23Z
2026-05-26T14:19:27Z,2026-05-26T16:19:27+0200,9d8474b6-9a07-4a7a-8e0f-b65ff32620de,2026-05-14T04:30:00Z,2026-05-14T06:30:00+0200,1415.22498,MW,FR,FR,forecast_offshore_wind_generation,Wind Offshore,2026-05-26T14:20:23Z
2026-05-26T14:19:27Z,2026-05-26T16:19:27+0200,9d8474b6-9a07-4a7a-8e0f-b65ff32620de,2026-05-14T04:45:00Z,2026-05-14T06:45:00+0200,1436.94751,MW,FR,FR,forecast_offshore_wind_generation,Wind Offshore,2026-05-26T14:20:23Z
2026-05-26T14:19:27Z,2026-05-26T16:19:27+0200,9d8474b6-9a07-4a7a-8e0f-b65ff32620de,2026-05-14T05:00:00Z,2026-05-14T07:00:00+0200,1458.67004,MW,FR,FR,forecast_offshore_wind_generation,Wind Offshore,2026-05-26T14:20:23Z
2026-05-26T14:19:27Z,2026-05-26T16:19:27+0200,9d8474b6-9a07-4a7a-8e0f-b65ff32620de,2026-05-14T05:15:00Z,2026-05-14T07:15:00+0200,1446.95007,MW,FR,FR,forecast_offshore_wind_generation,Wind Offshore,2026-05-26T14:20:23Z
2026-05-26T14:19:27Z,2026-05-26T16:19:27+0200,9d8474b6-9a07-4a7a-8e0f-b65ff32620de,2026-05-14T05:30:00Z,2026-05-14T07:30:00+0200,1435.22998,MW,FR,FR,forecast_offshore_wind_generation,Wind Offshore,2026-05-26T14:20:23Z
2026-05-26T14:19:27Z,2026-05-26T16:19:27+0200,9d8474b6-9a07-4a7a-8e0f-b65ff32620de,2026-05-14T05:45:00Z,2026-05-14T07:45:00+0200,1423.51001,MW,FR,FR,forecast_offshore_wind_generation,Wind Offshore,2026-05-26T14:20:23Z
2026-05-26T14:19:27Z,2026-05-26T16:19:27+0200,9d8474b6-9a07-4a7a-8e0f-b65ff32620de,2026-05-14T06:00:00Z,2026-05-14T08:00:00+0200,1411.79004,MW,FR,FR,forecast_offshore_wind_generation,Wind Offshore,2026-05-26T14:20:23Z
2026-05-26T14:19:27Z,2026-05-26T16:19:27+0200,9d8474b6-9a07-4a7a-8e0f-b65ff32620de,2026-05-14T06:15:00Z,2026-05-14T08:15:00+0200,1409.51245,MW,FR,FR,forecast_offshore_wind_generation,Wind Offshore,2026-05-26T14:20:23Z
2026-05-26T14:19:27Z,2026-05-26T16:19:27+0200,9d8474b6-9a07-4a7a-8e0f-b65ff32620de,2026-05-14T06:30:00Z,2026-05-14T08:30:00+0200,1407.23499,MW,FR,FR,forecast_offshore_wind_generation,Wind Offshore,2026-05-26T14:20:23Z
2026-05-26T14:19:27Z,2026-05-26T16:19:27+0200,9d8474b6-9a07-4a7a-8e0f-b65ff32620de,2026-05-14T06:45:00Z,2026-05-14T08:45:00+0200,1404.95752,MW,FR,FR,forecast_offshore_wind_generation,Wind Offshore,2026-05-26T14:20:23Z
2026-05-26T14:19:27Z,2026-05-26T16:19:27+0200,9d8474b6-9a07-4a7a-8e0f-b65ff32620de,2026-05-14T07:00:00Z,2026-05-14T09:00:00+0200,1402.68005,MW,FR,FR,forecast_offshore_wind_generation,Wind Offshore,2026-05-26T14:20:23Z
2026-05-26T14:19:27Z,2026-05-26T16:19:27+0200,9d8474b6-9a07-4a7a-8e0f-b65ff32620de,2026-05-14T07:15:00Z,2026-05-14T09:15:00+0200,1405.44751,MW,FR,FR,forecast_offshore_wind_generation,Wind Offshore,2026-05-26T14:20:23Z
2026-05-26T14:19:27Z,2026-05-26T16:19:27+0200,9d8474b6-9a07-4a7a-8e0f-b65ff32620de,2026-05-14T07:30:00Z,2026-05-14T09:30:00+0200,1408.21509,MW,FR,FR,forecast_offshore_wind_generation,Wind Offshore,2026-05-26T14:20:23Z
2026-05-26T14:19:27Z,2026-05-26T16:19:27+0200,9d8474b6-9a07-4a7a-8e0f-b65ff32620de,2026-05-14T07:45:00Z,2026-05-14T09:45:00+0200,1410.98254,MW,FR,FR,forecast_offshore_wind_generation,Wind Offshore,2026-05-26T14:20:23Z
2026-05-26T14:19:27Z,2026-05-26T16:19:27+0200,9d8474b6-9a07-4a7a-8e0f-b65ff32620de,2026-05-14T08:00:00Z,2026-05-14T10:00:00+0200,1413.75,MW,FR,FR,forecast_offshore_wind_generation,Wind Offshore,2026-05-26T14:20:23Z
2026-05-26T14:19:27Z,2026-05-26T16:19:27+0200,9d8474b6-9a07-4a7a-8e0f-b65ff32620de,2026-05-14T08:15:00Z,2026-05-14T10:15:00+0200,1410.12,MW,FR,FR,forecast_offshore_wind_generation,Wind Offshore,2026-05-26T14:20:23Z
2026-05-26T14:19:27Z,2026-05-26T16:19:27+0200,9d8474b6-9a07-4a7a-8e0f-b65ff32620de,2026-05-14T08:30:00Z,2026-05-14T10:30:00+0200,1406.49011,MW,FR,FR,forecast_offshore_wind_generation,Wind Offshore,2026-05-26T14:20:23Z
2026-05-26T14:19:27Z,2026-05-26T16:19:27+0200,9d8474b6-9a07-4a7a-8e0f-b65ff32620de,2026-05-14T08:45:00Z,2026-05-14T10:45:00+0200,1402.86011,MW,FR,FR,forecast_offshore_wind_generation,Wind Offshore,2026-05-26T14:20:23Z
2026-05-26T14:19:27Z,2026-05-26T16:19:27+0200,9d8474b6-9a07-4a7a-8e0f-b65ff32620de,2026-05-14T09:00:00Z,2026-05-14T11:00:00+0200,1399.22998,MW,FR,FR,forecast_offshore_wind_generation,Wind Offshore,2026-05-26T14:20:23Z
2026-05-26T14:19:27Z,2026-05-26T16:19:27+0200,9d8474b6-9a07-4a7a-8e0f-b65ff32620de,2026-05-14T09:15:00Z,2026-05-14T11:15:00+0200,1378.375,MW,FR,FR,forecast_offshore_wind_generation,Wind Offshore,2026-05-26T14:20:23Z
2026-05-26T14:19:27Z,2026-05-26T16:19:27+0200,9d8474b6-9a07-4a7a-8e0f-b65ff32620de,2026-05-14T09:30:00Z,2026-05-14T11:30:00+0200,1357.52002,MW,FR,FR,forecast_offshore_wind_generation,Wind Offshore,2026-05-26T14:20:23Z
2026-05-26T14:19:27Z,2026-05-26T16:19:27+0200,9d8474b6-9a07-4a7a-8e0f-b65ff32620de,2026-05-14T09:45:00Z,2026-05-14T11:45:00+0200,1336.66504,MW,FR,FR,forecast_offshore_wind_generation,Wind Offshore,2026-05-26T14:20:23Z
2026-05-26T14:19:27Z,2026-05-26T16:19:27+0200,9d8474b6-9a07-4a7a-8e0f-b65ff32620de,2026-05-14T10:00:00Z,2026-05-14T12:00:00+0200,1315.80994,MW,FR,FR,forecast_offshore_wind_generation,Wind Offshore,2026-05-26T14:20:23Z
2026-05-26T14:19:27Z,2026-05-26T16:19:27+0200,9d8474b6-9a07-4a7a-8e0f-b65ff32620de,2026-05-14T10:15:00Z,2026-05-14T12:15:00+0200,1305.36499,MW,FR,FR,forecast_offshore_wind_generation,Wind Offshore,2026-05-26T14:20:23Z
2026-05-26T14:19:27Z,2026-05-26T16:19:27+0200,9d8474b6-9a07-4a7a-8e0f-b65ff32620de,2026-05-14T10:30:00Z,2026-05-14T12:30:00+0200,1294.92004,MW,FR,FR,forecast_offshore_wind_generation,Wind Offshore,2026-05-26T14:20:23Z
2026-05-26T14:19:27Z,2026-05-26T16:19:27+0200,9d8474b6-9a07-4a7a-8e0f-b65ff32620de,2026-05-14T10:45:00Z,2026-05-14T12:45:00+0200,1284.47498,MW,FR,FR,forecast_offshore_wind_generation,Wind Offshore,2026-05-26T14:20:23Z
2026-05-26T14:19:27Z,2026-05-26T16:19:27+0200,9d8474b6-9a07-4a7a-8e0f-b65ff32620de,2026-05-14T11:00:00Z,2026-05-14T13:00:00+0200,1274.03003,MW,FR,FR,forecast_offshore_wind_generation,Wind Offshore,2026-05-26T14:20:23Z
2026-05-26T14:19:27Z,2026-05-26T16:19:27+0200,9d8474b6-9a07-4a7a-8e0f-b65ff32620de,2026-05-14T11:15:00Z,2026-05-14T13:15:00+0200,1278.36499,MW,FR,FR,forecast_offshore_wind_generation,Wind Offshore,2026-05-26T14:20:23Z
2026-05-26T14:19:27Z,2026-05-26T16:19:27+0200,9d8474b6-9a07-4a7a-8e0f-b65ff32620de,2026-05-14T11:30:00Z,2026-05-14T13:30:00+0200,1282.69995,MW,FR,FR,forecast_offshore_wind_generation,Wind Offshore,2026-05-26T14:20:23Z
2026-05-26T14:19:27Z,2026-05-26T16:19:27+0200,9d8474b6-9a07-4a7a-8e0f-b65ff32620de,2026-05-14T11:45:00Z,2026-05-14T13:45:00+0200,1287.03491,MW,FR,FR,forecast_offshore_wind_generation,Wind Offshore,2026-05-26T14:20:23Z
2026-05-26T14:19:27Z,2026-05-26T16:19:27+0200,9d8474b6-9a07-4a7a-8e0f-b65ff32620de,2026-05-14T12:00:00Z,2026-05-14T14:00:00+0200,1291.37,MW,FR,FR,forecast_offshore_wind_generation,Wind Offshore,2026-05-26T14:20:23Z
2026-05-26T14:19:27Z,2026-05-26T16:19:27+0200,9d8474b6-9a07-4a7a-8e0f-b65ff32620de,2026-05-14T12:15:00Z,2026-05-14T14:15:00+0200,1301.23999,MW,FR,FR,forecast_offshore_wind_generation,Wind Offshore,2026-05-26T14:20:23Z
2026-05-26T14:19:27Z,2026-05-26T16:19:27+0200,9d8474b6-9a07-4a7a-8e0f-b65ff32620de,2026-05-14T12:30:00Z,2026-05-14T14:30:00+0200,1311.10999,MW,FR,FR,forecast_offshore_wind_generation,Wind Offshore,2026-05-26T14:20:23Z
2026-05-26T14:19:27Z,2026-05-26T16:19:27+0200,9d8474b6-9a07-4a7a-8e0f-b65ff32620de,2026-05-14T12:45:00Z,2026-05-14T14:45:00+0200,1320.97998,MW,FR,FR,forecast_offshore_wind_generation,Wind Offshore,2026-05-26T14:20:23Z
2026-05-26T14:19:27Z,2026-05-26T16:19:27+0200,9d8474b6-9a07-4a7a-8e0f-b65ff32620de,2026-05-14T13:00:00Z,2026-05-14T15:00:00+0200,1330.84998,MW,FR,FR,forecast_offshore_wind_generation,Wind Offshore,2026-05-26T14:20:23Z
2026-05-26T14:19:27Z,2026-05-26T16:19:27+0200,9d8474b6-9a07-4a7a-8e0f-b65ff32620de,2026-05-14T13:15:00Z,2026-05-14T15:15:00+0200,1331.36511,MW,FR,FR,forecast_offshore_wind_generation,Wind Offshore,2026-05-26T14:20:23Z
2026-05-26T14:19:27Z,2026-05-26T16:19:27+0200,9d8474b6-9a07-4a7a-8e0f-b65ff32620de,2026-05-14T13:30:00Z,2026-05-14T15:30:00+0200,1331.88,MW,FR,FR,forecast_offshore_wind_generation,Wind Offshore,2026-05-26T14:20:23Z
2026-05-26T14:19:27Z,2026-05-26T16:19:27+0200,9d8474b6-9a07-4a7a-8e0f-b65ff32620de,2026-05-14T13:45:00Z,2026-05-14T15:45:00+0200,1332.39502,MW,FR,FR,forecast_offshore_wind_generation,Wind Offshore,2026-05-26T14:20:23Z
2026-05-26T14:19:27Z,2026-05-26T16:19:27+0200,9d8474b6-9a07-4a7a-8e0f-b65ff32620de,2026-05-14T14:00:00Z,2026-05-14T16:00:00+0200,1332.91003,MW,FR,FR,forecast_offshore_wind_generation,Wind Offshore,2026-05-26T14:20:23Z
2026-05-26T14:19:27Z,2026-05-26T16:19:27+0200,9d8474b6-9a07-4a7a-8e0f-b65ff32620de,2026-05-14T14:15:00Z,2026-05-14T16:15:00+0200,1343.41248,MW,FR,FR,forecast_offshore_wind_generation,Wind Offshore,2026-05-26T14:20:23Z
2026-05-26T14:19:27Z,2026-05-26T16:19:27+0200,9d8474b6-9a07-4a7a-8e0f-b65ff32620de,2026-05-14T14:30:00Z,2026-05-14T16:30:00+0200,1353.91504,MW,FR,FR,forecast_offshore_wind_generation,Wind Offshore,2026-05-26T14:20:23Z
2026-05-26T14:19:27Z,2026-05-26T16:19:27+0200,9d8474b6-9a07-4a7a-8e0f-b65ff32620de,2026-05-14T14:45:00Z,2026-05-14T16:45:00+0200,1364.41748,MW,FR,FR,forecast_offshore_wind_generation,Wind Offshore,2026-05-26T14:20:23Z
2026-05-26T14:19:27Z,2026-05-26T16:19:27+0200,9d8474b6-9a07-4a7a-8e0f-b65ff32620de,2026-05-14T15:00:00Z,2026-05-14T17:00:00+0200,1374.92004,MW,FR,FR,forecast_offshore_wind_generation,Wind Offshore,2026-05-26T14:20:23Z
2026-05-26T14:19:27Z,2026-05-26T16:19:27+0200,9d8474b6-9a07-4a7a-8e0f-b65ff32620de,2026-05-14T15:15:00Z,2026-05-14T17:15:00+0200,1354.17004,MW,FR,FR,forecast_offshore_wind_generation,Wind Offshore,2026-05-26T14:20:23Z
2026-05-26T14:19:27Z,2026-05-26T16:19:27+0200,9d8474b6-9a07-4a7a-8e0f-b65ff32620de,2026-05-14T15:30:00Z,2026-05-14T17:30:00+0200,1333.41992,MW,FR,FR,forecast_offshore_wind_generation,Wind Offshore,2026-05-26T14:20:23Z
2026-05-26T14:19:27Z,2026-05-26T16:19:27+0200,9d8474b6-9a07-4a7a-8e0f-b65ff32620de,2026-05-14T15:45:00Z,2026-05-14T17:45:00+0200,1312.66992,MW,FR,FR,forecast_offshore_wind_generation,Wind Offshore,2026-05-26T14:20:23Z
2026-05-26T14:19:27Z,2026-05-26T16:19:27+0200,9d8474b6-9a07-4a7a-8e0f-b65ff32620de,2026-05-14T16:00:00Z,2026-05-14T18:00:00+0200,1291.92004,MW,FR,FR,forecast_offshore_wind_generation,Wind Offshore,2026-05-26T14:20:23Z
2026-05-26T14:19:27Z,2026-05-26T16:19:27+0200,9d8474b6-9a07-4a7a-8e0f-b65ff32620de,2026-05-14T16:15:00Z,2026-05-14T18:15:00+0200,1268.4325,MW,FR,FR,forecast_offshore_wind_generation,Wind Offshore,2026-05-26T14:20:23Z
2026-05-26T14:19:27Z,2026-05-26T16:19:27+0200,9d8474b6-9a07-4a7a-8e0f-b65ff32620de,2026-05-14T16:30:00Z,2026-05-14T18:30:00+0200,1244.94507,MW,FR,FR,forecast_offshore_wind_generation,Wind Offshore,2026-05-26T14:20:23Z
2026-05-26T14:19:27Z,2026-05-26T16:19:27+0200,9d8474b6-9a07-4a7a-8e0f-b65ff32620de,2026-05-14T16:45:00Z,2026-05-14T18:45:00+0200,1221.45752,MW,FR,FR,forecast_offshore_wind_generation,Wind Offshore,2026-05-26T14:20:23Z
2026-05-26T14:19:27Z,2026-05-26T16:19:27+0200,9d8474b6-9a07-4a7a-8e0f-b65ff32620de,2026-05-14T17:00:00Z,2026-05-14T19:00:00+0200,1197.96997,MW,FR,FR,forecast_offshore_wind_generation,Wind Offshore,2026-05-26T14:20:23Z
2026-05-26T14:19:27Z,2026-05-26T16:19:27+0200,9d8474b6-9a07-4a7a-8e0f-b65ff32620de,2026-05-14T17:15:00Z,2026-05-14T19:15:00+0200,1191.16248,MW,FR,FR,forecast_offshore_wind_generation,Wind Offshore,2026-05-26T14:20:23Z
2026-05-26T14:19:27Z,2026-05-26T16:19:27+0200,9d8474b6-9a07-4a7a-8e0f-b65ff32620de,2026-05-14T17:30:00Z,2026-05-14T19:30:00+0200,1184.35498,MW,FR,FR,forecast_offshore_wind_generation,Wind Offshore,2026-05-26T14:20:23Z
2026-05-26T14:19:27Z,2026-05-26T16:19:27+0200,9d8474b6-9a07-4a7a-8e0f-b65ff32620de,2026-05-14T17:45:00Z,2026-05-14T19:45:00+0200,1177.54749,MW,FR,FR,forecast_offshore_wind_generation,Wind Offshore,2026-05-26T14:20:23Z
2026-05-26T14:19:27Z,2026-05-26T16:19:27+0200,9d8474b6-9a07-4a7a-8e0f-b65ff32620de,2026-05-14T18:00:00Z,2026-05-14T20:00:00+0200,1170.73999,MW,FR,FR,forecast_offshore_wind_generation,Wind Offshore,2026-05-26T14:20:23Z
2026-05-26T14:19:27Z,2026-05-26T16:19:27+0200,9d8474b6-9a07-4a7a-8e0f-b65ff32620de,2026-05-14T18:15:00Z,2026-05-14T20:15:00+0200,1134.15259,MW,FR,FR,forecast_offshore_wind_generation,Wind Offshore,2026-05-26T14:20:23Z
2026-05-26T14:19:27Z,2026-05-26T16:19:27+0200,9d8474b6-9a07-4a7a-8e0f-b65ff32620de,2026-05-14T18:30:00Z,2026-05-14T20:30:00+0200,1097.56494,MW,FR,FR,forecast_offshore_wind_generation,Wind Offshore,2026-05-26T14:20:23Z
2026-05-26T14:19:27Z,2026-05-26T16:19:27+0200,9d8474b6-9a07-4a7a-8e0f-b65ff32620de,2026-05-14T18:45:00Z,2026-05-14T20:45:00+0200,1060.97754,MW,FR,FR,forecast_offshore_wind_generation,Wind Offshore,2026-05-26T14:20:23Z
2026-05-26T14:19:27Z,2026-05-26T16:19:27+0200,9d8474b6-9a07-4a7a-8e0f-b65ff32620de,2026-05-14T19:00:00Z,2026-05-14T21:00:00+0200,1024.39001,MW,FR,FR,forecast_offshore_wind_generation,Wind Offshore,2026-05-26T14:20:23Z
2026-05-26T14:19:27Z,2026-05-26T16:19:27+0200,9d8474b6-9a07-4a7a-8e0f-b65ff32620de,2026-05-14T19:15:00Z,2026-05-14T21:15:00+0200,989.75494,MW,FR,FR,forecast_offshore_wind_generation,Wind Offshore,2026-05-26T14:20:23Z
2026-05-26T14:19:27Z,2026-05-26T16:19:27+0200,9d8474b6-9a07-4a7a-8e0f-b65ff32620de,2026-05-14T19:30:00Z,2026-05-14T21:30:00+0200,955.11993,MW,FR,FR,forecast_offshore_wind_generation,Wind Offshore,2026-05-26T14:20:23Z
2026-05-26T14:19:27Z,2026-05-26T16:19:27+0200,9d8474b6-9a07-4a7a-8e0f-b65ff32620de,2026-05-14T19:45:00Z,2026-05-14T21:45:00+0200,920.48505,MW,FR,FR,forecast_offshore_wind_generation,Wind Offshore,2026-05-26T14:20:23Z
2026-05-26T14:19:27Z,2026-05-26T16:19:27+0200,9d8474b6-9a07-4a7a-8e0f-b65ff32620de,2026-05-14T20:00:00Z,2026-05-14T22:00:00+0200,885.84998,MW,FR,FR,forecast_offshore_wind_generation,Wind Offshore,2026-05-26T14:20:23Z
2026-05-26T14:19:27Z,2026-05-26T16:19:27+0200,9d8474b6-9a07-4a7a-8e0f-b65ff32620de,2026-05-14T20:15:00Z,2026-05-14T22:15:00+0200,871.71753,MW,FR,FR,forecast_offshore_wind_generation,Wind Offshore,2026-05-26T14:20:23Z
2026-05-26T14:19:27Z,2026-05-26T16:19:27+0200,9d8474b6-9a07-4a7a-8e0f-b65ff32620de,2026-05-14T20:30:00Z,2026-05-14T22:30:00+0200,857.58496,MW,FR,FR,forecast_offshore_wind_generation,Wind Offshore,2026-05-26T14:20:23Z
2026-05-26T14:19:27Z,2026-05-26T16:19:27+0200,9d8474b6-9a07-4a7a-8e0f-b65ff32620de,2026-05-14T20:45:00Z,2026-05-14T22:45:00+0200,843.45245,MW,FR,FR,forecast_offshore_wind_generation,Wind Offshore,2026-05-26T14:20:23Z
2026-05-26T14:19:27Z,2026-05-26T16:19:27+0200,9d8474b6-9a07-4a7a-8e0f-b65ff32620de,2026-05-14T21:00:00Z,2026-05-14T23:00:00+0200,829.31995,MW,FR,FR,forecast_offshore_wind_generation,Wind Offshore,2026-05-26T14:20:23Z
2026-05-26T14:19:27Z,2026-05-26T16:19:27+0200,9d8474b6-9a07-4a7a-8e0f-b65ff32620de,2026-05-14T21:15:00Z,2026-05-14T23:15:00+0200,816.8999,MW,FR,FR,forecast_offshore_wind_generation,Wind Offshore,2026-05-26T14:20:23Z
2026-05-26T14:19:27Z,2026-05-26T16:19:27+0200,9d8474b6-9a07-4a7a-8e0f-b65ff32620de,2026-05-14T21:30:00Z,2026-05-14T23:30:00+0200,804.47998,MW,FR,FR,forecast_offshore_wind_generation,Wind Offshore,2026-05-26T14:20:23Z
2026-05-26T14:19:27Z,2026-05-26T16:19:27+0200,9d8474b6-9a07-4a7a-8e0f-b65ff32620de,2026-05-14T21:45:00Z,2026-05-14T23:45:00+0200,792.06,MW,FR,FR,forecast_offshore_wind_generation,Wind Offshore,2026-05-26T14:20:23Z
2026-05-26T14:19:27Z,2026-05-26T16:19:27+0200,9d8474b6-9a07-4a7a-8e0f-b65ff32620de,2026-05-14T22:00:00Z,2026-05-15T00:00:00+0200,923.93005,MW,FR,FR,forecast_offshore_wind_generation,Wind Offshore,2026-05-26T14:20:23Z
2026-05-26T14:19:27Z,2026-05-26T16:19:27+0200,9d8474b6-9a07-4a7a-8e0f-b65ff32620de,2026-05-14T22:15:00Z,2026-05-15T00:15:00+0200,909.08508,MW,FR,FR,forecast_offshore_wind_generation,Wind Offshore,2026-05-26T14:20:23Z
2026-05-26T14:19:27Z,2026-05-26T16:19:27+0200,9d8474b6-9a07-4a7a-8e0f-b65ff32620de,2026-05-14T22:30:00Z,2026-05-15T00:30:00+0200,894.23999,MW,FR,FR,forecast_offshore_wind_generation,Wind Offshore,2026-05-26T14:20:23Z
2026-05-26T14:19:27Z,2026-05-26T16:19:27+0200,9d8474b6-9a07-4a7a-8e0f-b65ff32620de,2026-05-14T22:45:00Z,2026-05-15T00:45:00+0200,879.39502,MW,FR,FR,forecast_offshore_wind_generation,Wind Offshore,2026-05-26T14:20:23Z
2026-05-26T14:19:27Z,2026-05-26T16:19:27+0200,9d8474b6-9a07-4a7a-8e0f-b65ff32620de,2026-05-14T23:00:00Z,2026-05-15T01:00:00+0200,864.54993,MW,FR,FR,forecast_offshore_wind_generation,Wind Offshore,2026-05-26T14:20:23Z
2026-05-26T14:19:27Z,2026-05-26T16:19:27+0200,9d8474b6-9a07-4a7a-8e0f-b65ff32620de,2026-05-14T23:15:00Z,2026-05-15T01:15:00+0200,832.45251,MW,FR,FR,forecast_offshore_wind_generation,Wind Offshore,2026-05-26T14:20:23Z
2026-05-26T14:19:27Z,2026-05-26T16:19:27+0200,9d8474b6-9a07-4a7a-8e0f-b65ff32620de,2026-05-14T23:30:00Z,2026-05-15T01:30:00+0200,800.35492,MW,FR,FR,forecast_offshore_wind_generation,Wind Offshore,2026-05-26T14:20:23Z
2026-05-26T14:19:27Z,2026-05-26T16:19:27+0200,9d8474b6-9a07-4a7a-8e0f-b65ff32620de,2026-05-14T23:45:00Z,2026-05-15T01:45:00+0200,768.25745,MW,FR,FR,forecast_offshore_wind_generation,Wind Offshore,2026-05-26T14:20:23Z
2026-05-26T14:19:27Z,2026-05-26T16:19:27+0200,9d8474b6-9a07-4a7a-8e0f-b65ff32620de,2026-05-15T00:00:00Z,2026-05-15T02:00:00+0200,736.16003,MW,FR,FR,forecast_offshore_wind_generation,Wind Offshore,2026-05-26T14:20:23Z
2026-05-26T14:19:27Z,2026-05-26T16:19:27+0200,9d8474b6-9a07-4a7a-8e0f-b65ff32620de,2026-05-15T00:15:00Z,2026-05-15T02:15:00+0200,731.90247,MW,FR,FR,forecast_offshore_wind_generation,Wind Offshore,2026-05-26T14:20:23Z
2026-05-26T14:19:27Z,2026-05-26T16:19:27+0200,9d8474b6-9a07-4a7a-8e0f-b65ff32620de,2026-05-15T00:30:00Z,2026-05-15T02:30:00+0200,727.64502,MW,FR,FR,forecast_offshore_wind_generation,Wind Offshore,2026-05-26T14:20:23Z
2026-05-26T14:19:27Z,2026-05-26T16:19:27+0200,9d8474b6-9a07-4a7a-8e0f-b65ff32620de,2026-05-15T00:45:00Z,2026-05-15T02:45:00+0200,723.38751,MW,FR,FR,forecast_offshore_wind_generation,Wind Offshore,2026-05-26T14:20:23Z
2026-05-26T14:19:27Z,2026-05-26T16:19:27+0200,9d8474b6-9a07-4a7a-8e0f-b65ff32620de,2026-05-15T01:00:00Z,2026-05-15T03:00:00+0200,719.13,MW,FR,FR,forecast_offshore_wind_generation,Wind Offshore,2026-05-26T14:20:23Z
2026-05-26T14:19:27Z,2026-05-26T16:19:27+0200,9d8474b6-9a07-4a7a-8e0f-b65ff32620de,2026-05-15T01:15:00Z,2026-05-15T03:15:00+0200,717.59998,MW,FR,FR,forecast_offshore_wind_generation,Wind Offshore,2026-05-26T14:20:23Z
2026-05-26T14:19:27Z,2026-05-26T16:19:27+0200,9d8474b6-9a07-4a7a-8e0f-b65ff32620de,2026-05-15T01:30:00Z,2026-05-15T03:30:00+0200,716.07001,MW,FR,FR,forecast_offshore_wind_generation,Wind Offshore,2026-05-26T14:20:23Z
2026-05-26T14:19:27Z,2026-05-26T16:19:27+0200,9d8474b6-9a07-4a7a-8e0f-b65ff32620de,2026-05-15T01:45:00Z,2026-05-15T03:45:00+0200,714.53998,MW,FR,FR,forecast_offshore_wind_generation,Wind Offshore,2026-05-26T14:20:23Z
2026-05-26T14:19:27Z,2026-05-26T16:19:27+0200,9d8474b6-9a07-4a7a-8e0f-b65ff32620de,2026-05-15T02:00:00Z,2026-05-15T04:00:00+0200,713.01001,MW,FR,FR,forecast_offshore_wind_generation,Wind Offshore,2026-05-26T14:20:23Z
2026-05-26T14:19:27Z,2026-05-26T16:19:27+0200,9d8474b6-9a07-4a7a-8e0f-b65ff32620de,2026-05-15T02:15:00Z,2026-05-15T04:15:00+0200,700.815,MW,FR,FR,forecast_offshore_wind_generation,Wind Offshore,2026-05-26T14:20:23Z
2026-05-26T14:19:27Z,2026-05-26T16:19:27+0200,9d8474b6-9a07-4a7a-8e0f-b65ff32620de,2026-05-15T02:30:00Z,2026-05-15T04:30:00+0200,688.62,MW,FR,FR,forecast_offshore_wind_generation,Wind Offshore,2026-05-26T14:20:23Z
2026-05-26T14:19:27Z,2026-05-26T16:19:27+0200,9d8474b6-9a07-4a7a-8e0f-b65ff32620de,2026-05-15T02:45:00Z,2026-05-15T04:45:00+0200,676.42499,MW,FR,FR,forecast_offshore_wind_generation,Wind Offshore,2026-05-26T14:20:23Z
2026-05-26T14:19:27Z,2026-05-26T16:19:27+0200,9d8474b6-9a07-4a7a-8e0f-b65ff32620de,2026-05-15T03:00:00Z,2026-05-15T05:00:00+0200,664.22998,MW,FR,FR,forecast_offshore_wind_generation,Wind Offshore,2026-05-26T14:20:23Z
2026-05-26T14:19:27Z,2026-05-26T16:19:27+0200,9d8474b6-9a07-4a7a-8e0f-b65ff32620de,2026-05-15T03:15:00Z,2026-05-15T05:15:00+0200,661.96503,MW,FR,FR,forecast_offshore_wind_generation,Wind Offshore,2026-05-26T14:20:23Z
2026-05-26T14:19:27Z,2026-05-26T16:19:27+0200,9d8474b6-9a07-4a7a-8e0f-b65ff32620de,2026-05-15T03:30:00Z,2026-05-15T05:30:00+0200,659.70001,MW,FR,FR,forecast_offshore_wind_generation,Wind Offshore,2026-05-26T14:20:23Z
2026-05-26T14:19:27Z,2026-05-26T16:19:27+0200,9d8474b6-9a07-4a7a-8e0f-b65ff32620de,2026-05-15T03:45:00Z,2026-05-15T05:45:00+0200,657.43506,MW,FR,FR,forecast_offshore_wind_generation,Wind Offshore,2026-05-26T14:20:23Z
2026-05-26T14:19:27Z,2026-05-26T16:19:27+0200,9d8474b6-9a07-4a7a-8e0f-b65ff32620de,2026-05-15T04:00:00Z,2026-05-15T06:00:00+0200,655.17004,MW,FR,FR,forecast_offshore_wind_generation,Wind Offshore,2026-05-26T14:20:23Z
2026-05-26T14:19:27Z,2026-05-26T16:19:27+0200,9d8474b6-9a07-4a7a-8e0f-b65ff32620de,2026-05-15T04:15:00Z,2026-05-15T06:15:00+0200,653.55249,MW,FR,FR,forecast_offshore_wind_generation,Wind Offshore,2026-05-26T14:20:23Z
2026-05-26T14:19:27Z,2026-05-26T16:19:27+0200,9d8474b6-9a07-4a7a-8e0f-b65ff32620de,2026-05-15T04:30:00Z,2026-05-15T06:30:00+0200,651.935,MW,FR,FR,forecast_offshore_wind_generation,Wind Offshore,2026-05-26T14:20:23Z
2026-05-26T14:19:27Z,2026-05-26T16:19:27+0200,9d8474b6-9a07-4a7a-8e0f-b65ff32620de,2026-05-15T04:45:00Z,2026-05-15T06:45:00+0200,650.3175,MW,FR,FR,forecast_offshore_wind_generation,Wind Offshore,2026-05-26T14:20:23Z
2026-05-26T14:19:27Z,2026-05-26T16:19:27+0200,9d8474b6-9a07-4a7a-8e0f-b65ff32620de,2026-05-15T05:00:00Z,2026-05-15T07:00:00+0200,648.69995,MW,FR,FR,forecast_offshore_wind_generation,Wind Offshore,2026-05-26T14:20:23Z
2026-05-26T14:19:27Z,2026-05-26T16:19:27+0200,9d8474b6-9a07-4a7a-8e0f-b65ff32620de,2026-05-15T05:15:00Z,2026-05-15T07:15:00+0200,638.75745,MW,FR,FR,forecast_offshore_wind_generation,Wind Offshore,2026-05-26T14:20:23Z
2026-05-26T14:19:27Z,2026-05-26T16:19:27+0200,9d8474b6-9a07-4a7a-8e0f-b65ff32620de,2026-05-15T05:30:00Z,2026-05-15T07:30:00+0200,628.81506,MW,FR,FR,forecast_offshore_wind_generation,Wind Offshore,2026-05-26T14:20:23Z
2026-05-26T14:19:27Z,2026-05-26T16:19:27+0200,9d8474b6-9a07-4a7a-8e0f-b65ff32620de,2026-05-15T05:45:00Z,2026-05-15T07:45:00+0200,618.8725,MW,FR,FR,forecast_offshore_wind_generation,Wind Offshore,2026-05-26T14:20:23Z
2026-05-26T14:19:27Z,2026-05-26T16:19:27+0200,9d8474b6-9a07-4a7a-8e0f-b65ff32620de,2026-05-15T06:00:00Z,2026-05-15T08:00:00+0200,608.93005,MW,FR,FR,forecast_offshore_wind_generation,Wind Offshore,2026-05-26T14:20:23Z
2026-05-26T14:19:27Z,2026-05-26T16:19:27+0200,9d8474b6-9a07-4a7a-8e0f-b65ff32620de,2026-05-15T06:15:00Z,2026-05-15T08:15:00+0200,594.53998,MW,FR,FR,forecast_offshore_wind_generation,Wind Offshore,2026-05-26T14:20:23Z
2026-05-26T14:19:27Z,2026-05-26T16:19:27+0200,9d8474b6-9a07-4a7a-8e0f-b65ff32620de,2026-05-15T06:30:00Z,2026-05-15T08:30:00+0200,580.15002,MW,FR,FR,forecast_offshore_wind_generation,Wind Offshore,2026-05-26T14:20:23Z
2026-05-26T14:19:27Z,2026-05-26T16:19:27+0200,9d8474b6-9a07-4a7a-8e0f-b65ff32620de,2026-05-15T06:45:00Z,2026-05-15T08:45:00+0200,565.76001,MW,FR,FR,forecast_offshore_wind_generation,Wind Offshore,2026-05-26T14:20:23Z
2026-05-26T14:19:27Z,2026-05-26T16:19:27+0200,9d8474b6-9a07-4a7a-8e0f-b65ff32620de,2026-05-15T07:00:00Z,2026-05-15T09:00:00+0200,551.37006,MW,FR,FR,forecast_offshore_wind_generation,Wind Offshore,2026-05-26T14:20:23Z
2026-05-26T14:19:27Z,2026-05-26T16:19:27+0200,9d8474b6-9a07-4a7a-8e0f-b65ff32620de,2026-05-15T07:15:00Z,2026-05-15T09:15:00+0200,534.48755,MW,FR,FR,forecast_offshore_wind_generation,Wind Offshore,2026-05-26T14:20:23Z
2026-05-26T14:19:27Z,2026-05-26T16:19:27+0200,9d8474b6-9a07-4a7a-8e0f-b65ff32620de,2026-05-15T07:30:00Z,2026-05-15T09:30:00+0200,517.60498,MW,FR,FR,forecast_offshore_wind_generation,Wind Offshore,2026-05-26T14:20:23Z
2026-05-26T14:19:27Z,2026-05-26T16:19:27+0200,9d8474b6-9a07-4a7a-8e0f-b65ff32620de,2026-05-15T07:45:00Z,2026-05-15T09:45:00+0200,500.72253,MW,FR,FR,forecast_offshore_wind_generation,Wind Offshore,2026-05-26T14:20:23Z
2026-05-26T14:19:27Z,2026-05-26T16:19:27+0200,9d8474b6-9a07-4a7a-8e0f-b65ff32620de,2026-05-15T08:00:00Z,2026-05-15T10:00:00+0200,483.83997,MW,FR,FR,forecast_offshore_wind_generation,Wind Offshore,2026-05-26T14:20:23Z
2026-05-26T14:19:27Z,2026-05-26T16:19:27+0200,9d8474b6-9a07-4a7a-8e0f-b65ff32620de,2026-05-15T08:15:00Z,2026-05-15T10:15:00+0200,460.2525,MW,FR,FR,forecast_offshore_wind_generation,Wind Offshore,2026-05-26T14:20:23Z
2026-05-26T14:19:27Z,2026-05-26T16:19:27+0200,9d8474b6-9a07-4a7a-8e0f-b65ff32620de,2026-05-15T08:30:00Z,2026-05-15T10:30:00+0200,436.66504,MW,FR,FR,forecast_offshore_wind_generation,Wind Offshore,2026-05-26T14:20:23Z
2026-05-26T14:19:27Z,2026-05-26T16:19:27+0200,9d8474b6-9a07-4a7a-8e0f-b65ff32620de,2026-05-15T08:45:00Z,2026-05-15T10:45:00+0200,413.07755,MW,FR,FR,forecast_offshore_wind_generation,Wind Offshore,2026-05-26T14:20:23Z
2026-05-26T14:19:27Z,2026-05-26T16:19:27+0200,9d8474b6-9a07-4a7a-8e0f-b65ff32620de,2026-05-15T09:00:00Z,2026-05-15T11:00:00+0200,389.48999,MW,FR,FR,forecast_offshore_wind_generation,Wind Offshore,2026-05-26T14:20:23Z
2026-05-26T14:19:27Z,2026-05-26T16:19:27+0200,9d8474b6-9a07-4a7a-8e0f-b65ff32620de,2026-05-15T09:15:00Z,2026-05-15T11:15:00+0200,362.69254,MW,FR,FR,forecast_offshore_wind_generation,Wind Offshore,2026-05-26T14:20:23Z
2026-05-26T14:19:27Z,2026-05-26T16:19:27+0200,9d8474b6-9a07-4a7a-8e0f-b65ff32620de,2026-05-15T09:30:00Z,2026-05-15T11:30:00+0200,335.89502,MW,FR,FR,forecast_offshore_wind_generation,Wind Offshore,2026-05-26T14:20:23Z
2026-05-26T14:19:27Z,2026-05-26T16:19:27+0200,9d8474b6-9a07-4a7a-8e0f-b65ff32620de,2026-05-15T09:45:00Z,2026-05-15T11:45:00+0200,309.09747,MW,FR,FR,forecast_offshore_wind_generation,Wind Offshore,2026-05-26T14:20:23Z
2026-05-26T14:19:27Z,2026-05-26T16:19:27+0200,9d8474b6-9a07-4a7a-8e0f-b65ff32620de,2026-05-15T10:00:00Z,2026-05-15T12:00:00+0200,282.29999,MW,FR,FR,forecast_offshore_wind_generation,Wind Offshore,2026-05-26T14:20:23Z
2026-05-26T14:19:27Z,2026-05-26T16:19:27+0200,9d8474b6-9a07-4a7a-8e0f-b65ff32620de,2026-05-15T10:15:00Z,2026-05-15T12:15:00+0200,272.56,MW,FR,FR,forecast_offshore_wind_generation,Wind Offshore,2026-05-26T14:20:23Z
2026-05-26T14:19:27Z,2026-05-26T16:19:27+0200,9d8474b6-9a07-4a7a-8e0f-b65ff32620de,2026-05-15T10:30:00Z,2026-05-15T12:30:00+0200,262.82001,MW,FR,FR,forecast_offshore_wind_generation,Wind Offshore,2026-05-26T14:20:23Z
2026-05-26T14:19:27Z,2026-05-26T16:19:27+0200,9d8474b6-9a07-4a7a-8e0f-b65ff32620de,2026-05-15T10:45:00Z,2026-05-15T12:45:00+0200,253.07999,MW,FR,FR,forecast_offshore_wind_generation,Wind Offshore,2026-05-26T14:20:23Z
2026-05-26T14:19:27Z,2026-05-26T16:19:27+0200,9d8474b6-9a07-4a7a-8e0f-b65ff32620de,2026-05-15T11:00:00Z,2026-05-15T13:00:00+0200,243.34,MW,FR,FR,forecast_offshore_wind_generation,Wind Offshore,2026-05-26T14:20:23Z
2026-05-26T14:19:27Z,2026-05-26T16:19:27+0200,9d8474b6-9a07-4a7a-8e0f-b65ff32620de,2026-05-15T11:15:00Z,2026-05-15T13:15:00+0200,247.7625,MW,FR,FR,forecast_offshore_wind_generation,Wind Offshore,2026-05-26T14:20:23Z
2026-05-26T14:19:27Z,2026-05-26T16:19:27+0200,9d8474b6-9a07-4a7a-8e0f-b65ff32620de,2026-05-15T11:30:00Z,2026-05-15T13:30:00+0200,252.185,MW,FR,FR,forecast_offshore_wind_generation,Wind Offshore,2026-05-26T14:20:23Z
2026-05-26T14:19:27Z,2026-05-26T16:19:27+0200,9d8474b6-9a07-4a7a-8e0f-b65ff32620de,2026-05-15T11:45:00Z,2026-05-15T13:45:00+0200,256.60748,MW,FR,FR,forecast_offshore_wind_generation,Wind Offshore,2026-05-26T14:20:23Z
2026-05-26T14:19:27Z,2026-05-26T16:19:27+0200,9d8474b6-9a07-4a7a-8e0f-b65ff32620de,2026-05-15T12:00:00Z,2026-05-15T14:00:00+0200,261.03003,MW,FR,FR,forecast_offshore_wind_generation,Wind Offshore,2026-05-26T14:20:23Z
2026-05-26T14:19:27Z,2026-05-26T16:19:27+0200,9d8474b6-9a07-4a7a-8e0f-b65ff32620de,2026-05-15T12:15:00Z,2026-05-15T14:15:00+0200,283.01999,MW,FR,FR,forecast_offshore_wind_generation,Wind Offshore,2026-05-26T14:20:23Z
2026-05-26T14:19:27Z,2026-05-26T16:19:27+0200,9d8474b6-9a07-4a7a-8e0f-b65ff32620de,2026-05-15T12:30:00Z,2026-05-15T14:30:00+0200,305.01001,MW,FR,FR,forecast_offshore_wind_generation,Wind Offshore,2026-05-26T14:20:23Z
2026-05-26T14:19:27Z,2026-05-26T16:19:27+0200,9d8474b6-9a07-4a7a-8e0f-b65ff32620de,2026-05-15T12:45:00Z,2026-05-15T14:45:00+0200,327.0,MW,FR,FR,forecast_offshore_wind_generation,Wind Offshore,2026-05-26T14:20:23Z
2026-05-26T14:19:27Z,2026-05-26T16:19:27+0200,9d8474b6-9a07-4a7a-8e0f-b65ff32620de,2026-05-15T13:00:00Z,2026-05-15T15:00:00+0200,348.98999,MW,FR,FR,forecast_offshore_wind_generation,Wind Offshore,2026-05-26T14:20:23Z
2026-05-26T14:19:27Z,2026-05-26T16:19:27+0200,9d8474b6-9a07-4a7a-8e0f-b65ff32620de,2026-05-15T13:15:00Z,2026-05-15T15:15:00+0200,379.30997,MW,FR,FR,forecast_offshore_wind_generation,Wind Offshore,2026-05-26T14:20:23Z
2026-05-26T14:19:27Z,2026-05-26T16:19:27+0200,9d8474b6-9a07-4a7a-8e0f-b65ff32620de,2026-05-15T13:30:00Z,2026-05-15T15:30:00+0200,409.62997,MW,FR,FR,forecast_offshore_wind_generation,Wind Offshore,2026-05-26T14:20:23Z
2026-05-26T14:19:27Z,2026-05-26T16:19:27+0200,9d8474b6-9a07-4a7a-8e0f-b65ff32620de,2026-05-15T13:45:00Z,2026-05-15T15:45:00+0200,439.95001,MW,FR,FR,forecast_offshore_wind_generation,Wind Offshore,2026-05-26T14:20:23Z
2026-05-26T14:19:27Z,2026-05-26T16:19:27+0200,9d8474b6-9a07-4a7a-8e0f-b65ff32620de,2026-05-15T14:00:00Z,2026-05-15T16:00:00+0200,470.27002,MW,FR,FR,forecast_offshore_wind_generation,Wind Offshore,2026-05-26T14:20:23Z
2026-05-26T14:19:27Z,2026-05-26T16:19:27+0200,9d8474b6-9a07-4a7a-8e0f-b65ff32620de,2026-05-15T14:15:00Z,2026-05-15T16:15:00+0200,515.42499,MW,FR,FR,forecast_offshore_wind_generation,Wind Offshore,2026-05-26T14:20:23Z
2026-05-26T14:19:27Z,2026-05-26T16:19:27+0200,9d8474b6-9a07-4a7a-8e0f-b65ff32620de,2026-05-15T14:30:00Z,2026-05-15T16:30:00+0200,560.57996,MW,FR,FR,forecast_offshore_wind_generation,Wind Offshore,2026-05-26T14:20:23Z
2026-05-26T14:19:27Z,2026-05-26T16:19:27+0200,9d8474b6-9a07-4a7a-8e0f-b65ff32620de,2026-05-15T14:45:00Z,2026-05-15T16:45:00+0200,605.73499,MW,FR,FR,forecast_offshore_wind_generation,Wind Offshore,2026-05-26T14:20:23Z
2026-05-26T14:19:27Z,2026-05-26T16:19:27+0200,9d8474b6-9a07-4a7a-8e0f-b65ff32620de,2026-05-15T15:00:00Z,2026-05-15T17:00:00+0200,650.89001,MW,FR,FR,forecast_offshore_wind_generation,Wind Offshore,2026-05-26T14:20:23Z
2026-05-26T14:19:27Z,2026-05-26T16:19:27+0200,9d8474b6-9a07-4a7a-8e0f-b65ff32620de,2026-05-15T15:15:00Z,2026-05-15T17:15:00+0200,689.23004,MW,FR,FR,forecast_offshore_wind_generation,Wind Offshore,2026-05-26T14:20:23Z
2026-05-26T14:19:27Z,2026-05-26T16:19:27+0200,9d8474b6-9a07-4a7a-8e0f-b65ff32620de,2026-05-15T15:30:00Z,2026-05-15T17:30:00+0200,727.57001,MW,FR,FR,forecast_offshore_wind_generation,Wind Offshore,2026-05-26T14:20:23Z
2026-05-26T14:19:27Z,2026-05-26T16:19:27+0200,9d8474b6-9a07-4a7a-8e0f-b65ff32620de,2026-05-15T15:45:00Z,2026-05-15T17:45:00+0200,765.90997,MW,FR,FR,forecast_offshore_wind_generation,Wind Offshore,2026-05-26T14:20:23Z
2026-05-26T14:19:27Z,2026-05-26T16:19:27+0200,9d8474b6-9a07-4a7a-8e0f-b65ff32620de,2026-05-15T16:00:00Z,2026-05-15T18:00:00+0200,804.25,MW,FR,FR,forecast_offshore_wind_generation,Wind Offshore,2026-05-26T14:20:23Z
2026-05-26T14:19:27Z,2026-05-26T16:19:27+0200,9d8474b6-9a07-4a7a-8e0f-b65ff32620de,2026-05-15T16:15:00Z,2026-05-15T18:15:00+0200,833.34247,MW,FR,FR,forecast_offshore_wind_generation,Wind Offshore,2026-05-26T14:20:23Z
2026-05-26T14:19:27Z,2026-05-26T16:19:27+0200,9d8474b6-9a07-4a7a-8e0f-b65ff32620de,2026-05-15T16:30:00Z,2026-05-15T18:30:00+0200,862.43494,MW,FR,FR,forecast_offshore_wind_generation,Wind Offshore,2026-05-26T14:20:23Z
2026-05-26T14:19:27Z,2026-05-26T16:19:27+0200,9d8474b6-9a07-4a7a-8e0f-b65ff32620de,2026-05-15T16:45:00Z,2026-05-15T18:45:00+0200,891.52753,MW,FR,FR,forecast_offshore_wind_generation,Wind Offshore,2026-05-26T14:20:23Z
2026-05-26T14:19:27Z,2026-05-26T16:19:27+0200,9d8474b6-9a07-4a7a-8e0f-b65ff32620de,2026-05-15T17:00:00Z,2026-05-15T19:00:00+0200,920.62006,MW,FR,FR,forecast_offshore_wind_generation,Wind Offshore,2026-05-26T14:20:23Z
2026-05-26T14:19:27Z,2026-05-26T16:19:27+0200,9d8474b6-9a07-4a7a-8e0f-b65ff32620de,2026-05-15T17:15:00Z,2026-05-15T19:15:00+0200,953.61743,MW,FR,FR,forecast_offshore_wind_generation,Wind Offshore,2026-05-26T14:20:23Z
2026-05-26T14:19:27Z,2026-05-26T16:19:27+0200,9d8474b6-9a07-4a7a-8e0f-b65ff32620de,2026-05-15T17:30:00Z,2026-05-15T19:30:00+0200,986.61499,MW,FR,FR,forecast_offshore_wind_generation,Wind Offshore,2026-05-26T14:20:23Z
2026-05-26T14:19:27Z,2026-05-26T16:19:27+0200,9d8474b6-9a07-4a7a-8e0f-b65ff32620de,2026-05-15T17:45:00Z,2026-05-15T19:45:00+0200,1019.61243,MW,FR,FR,forecast_offshore_wind_generation,Wind Offshore,2026-05-26T14:20:23Z
2026-05-26T14:19:27Z,2026-05-26T16:19:27+0200,9d8474b6-9a07-4a7a-8e0f-b65ff32620de,2026-05-15T18:00:00Z,2026-05-15T20:00:00+0200,1052.61011,MW,FR,FR,forecast_offshore_wind_generation,Wind Offshore,2026-05-26T14:20:23Z
2026-05-26T14:19:27Z,2026-05-26T16:19:27+0200,9d8474b6-9a07-4a7a-8e0f-b65ff32620de,2026-05-15T18:15:00Z,2026-05-15T20:15:00+0200,1052.8175,MW,FR,FR,forecast_offshore_wind_generation,Wind Offshore,2026-05-26T14:20:23Z
2026-05-26T14:19:27Z,2026-05-26T16:19:27+0200,9d8474b6-9a07-4a7a-8e0f-b65ff32620de,2026-05-15T18:30:00Z,2026-05-15T20:30:00+0200,1053.0249,MW,FR,FR,forecast_offshore_wind_generation,Wind Offshore,2026-05-26T14:20:23Z
2026-05-26T14:19:27Z,2026-05-26T16:19:27+0200,9d8474b6-9a07-4a7a-8e0f-b65ff32620de,2026-05-15T18:45:00Z,2026-05-15T20:45:00+0200,1053.23254,MW,FR,FR,forecast_offshore_wind_generation,Wind Offshore,2026-05-26T14:20:23Z
2026-05-26T14:19:27Z,2026-05-26T16:19:27+0200,9d8474b6-9a07-4a7a-8e0f-b65ff32620de,2026-05-15T19:00:00Z,2026-05-15T21:00:00+0200,1053.43994,MW,FR,FR,forecast_offshore_wind_generation,Wind Offshore,2026-05-26T14:20:23Z
2026-05-26T14:19:27Z,2026-05-26T16:19:27+0200,9d8474b6-9a07-4a7a-8e0f-b65ff32620de,2026-05-15T19:15:00Z,2026-05-15T21:15:00+0200,1019.08252,MW,FR,FR,forecast_offshore_wind_generation,Wind Offshore,2026-05-26T14:20:23Z
2026-05-26T14:19:27Z,2026-05-26T16:19:27+0200,9d8474b6-9a07-4a7a-8e0f-b65ff32620de,2026-05-15T19:30:00Z,2026-05-15T21:30:00+0200,984.72504,MW,FR,FR,forecast_offshore_wind_generation,Wind Offshore,2026-05-26T14:20:23Z
2026-05-26T14:19:27Z,2026-05-26T16:19:27+0200,9d8474b6-9a07-4a7a-8e0f-b65ff32620de,2026-05-15T19:45:00Z,2026-05-15T21:45:00+0200,950.36749,MW,FR,FR,forecast_offshore_wind_generation,Wind Offshore,2026-05-26T14:20:23Z
2026-05-26T14:19:27Z,2026-05-26T16:19:27+0200,9d8474b6-9a07-4a7a-8e0f-b65ff32620de,2026-05-15T20:00:00Z,2026-05-15T22:00:00+0200,916.01001,MW,FR,FR,forecast_offshore_wind_generation,Wind Offshore,2026-05-26T14:20:23Z
2026-05-26T14:19:27Z,2026-05-26T16:19:27+0200,9d8474b6-9a07-4a7a-8e0f-b65ff32620de,2026-05-15T20:15:00Z,2026-05-15T22:15:00+0200,878.47003,MW,FR,FR,forecast_offshore_wind_generation,Wind Offshore,2026-05-26T14:20:23Z
2026-05-26T14:19:27Z,2026-05-26T16:19:27+0200,9d8474b6-9a07-4a7a-8e0f-b65ff32620de,2026-05-15T20:30:00Z,2026-05-15T22:30:00+0200,840.93005,MW,FR,FR,forecast_offshore_wind_generation,Wind Offshore,2026-05-26T14:20:23Z
2026-05-26T14:19:27Z,2026-05-26T16:19:27+0200,9d8474b6-9a07-4a7a-8e0f-b65ff32620de,2026-05-15T20:45:00Z,2026-05-15T22:45:00+0200,803.39001,MW,FR,FR,forecast_offshore_wind_generation,Wind Offshore,2026-05-26T14:20:23Z
2026-05-26T14:19:27Z,2026-05-26T16:19:27+0200,9d8474b6-9a07-4a7a-8e0f-b65ff32620de,2026-05-15T21:00:00Z,2026-05-15T23:00:00+0200,765.84998,MW,FR,FR,forecast_offshore_wind_generation,Wind Offshore,2026-05-26T14:20:23Z
2026-05-26T14:19:27Z,2026-05-26T16:19:27+0200,9d8474b6-9a07-4a7a-8e0f-b65ff32620de,2026-05-15T21:15:00Z,2026-05-15T23:15:00+0200,725.25,MW,FR,FR,forecast_offshore_wind_generation,Wind Offshore,2026-05-26T14:20:23Z
2026-05-26T14:19:27Z,2026-05-26T16:19:27+0200,9d8474b6-9a07-4a7a-8e0f-b65ff32620de,2026-05-15T21:30:00Z,2026-05-15T23:30:00+0200,684.65002,MW,FR,FR,forecast_offshore_wind_generation,Wind Offshore,2026-05-26T14:20:23Z
2026-05-26T14:19:27Z,2026-05-26T16:19:27+0200,9d8474b6-9a07-4a7a-8e0f-b65ff32620de,2026-05-15T21:45:00Z,2026-05-15T23:45:00+0200,644.04999,MW,FR,FR,forecast_offshore_wind_generation,Wind Offshore,2026-05-26T14:20:23Z
2026-05-26T14:19:27Z,2026-05-26T16:19:27+0200,9d8474b6-9a07-4a7a-8e0f-b65ff32620de,2026-05-15T22:00:00Z,2026-05-16T00:00:00+0200,630.49005,MW,FR,FR,forecast_offshore_wind_generation,Wind Offshore,2026-05-26T14:20:23Z
2026-05-26T14:19:27Z,2026-05-26T16:19:27+0200,9d8474b6-9a07-4a7a-8e0f-b65ff32620de,2026-05-15T22:15:00Z,2026-05-16T00:15:00+0200,638.71497,MW,FR,FR,forecast_offshore_wind_generation,Wind Offshore,2026-05-26T14:20:23Z
2026-05-26T14:19:27Z,2026-05-26T16:19:27+0200,9d8474b6-9a07-4a7a-8e0f-b65ff32620de,2026-05-15T22:30:00Z,2026-05-16T00:30:00+0200,646.94,MW,FR,FR,forecast_offshore_wind_generation,Wind Offshore,2026-05-26T14:20:23Z
2026-05-26T14:19:27Z,2026-05-26T16:19:27+0200,9d8474b6-9a07-4a7a-8e0f-b65ff32620de,2026-05-15T22:45:00Z,2026-05-16T00:45:00+0200,655.16498,MW,FR,FR,forecast_offshore_wind_generation,Wind Offshore,2026-05-26T14:20:23Z
2026-05-26T14:19:27Z,2026-05-26T16:19:27+0200,9d8474b6-9a07-4a7a-8e0f-b65ff32620de,2026-05-15T23:00:00Z,2026-05-16T01:00:00+0200,663.39001,MW,FR,FR,forecast_offshore_wind_generation,Wind Offshore,2026-05-26T14:20:23Z
2026-05-26T14:19:27Z,2026-05-26T16:19:27+0200,9d8474b6-9a07-4a7a-8e0f-b65ff32620de,2026-05-15T23:15:00Z,2026-05-16T01:15:00+0200,658.86749,MW,FR,FR,forecast_offshore_wind_generation,Wind Offshore,2026-05-26T14:20:23Z
2026-05-26T14:19:27Z,2026-05-26T16:19:27+0200,9d8474b6-9a07-4a7a-8e0f-b65ff32620de,2026-05-15T23:30:00Z,2026-05-16T01:30:00+0200,654.34497,MW,FR,FR,forecast_offshore_wind_generation,Wind Offshore,2026-05-26T14:20:23Z
2026-05-26T14:19:27Z,2026-05-26T16:19:27+0200,9d8474b6-9a07-4a7a-8e0f-b65ff32620de,2026-05-15T23:45:00Z,2026-05-16T01:45:00+0200,649.82251,MW,FR,FR,forecast_offshore_wind_generation,Wind Offshore,2026-05-26T14:20:23Z
2026-05-26T14:19:27Z,2026-05-26T16:19:27+0200,9d8474b6-9a07-4a7a-8e0f-b65ff32620de,2026-05-16T00:00:00Z,2026-05-16T02:00:00+0200,645.30005,MW,FR,FR,forecast_offshore_wind_generation,Wind Offshore,2026-05-26T14:20:23Z
2026-05-26T14:19:27Z,2026-05-26T16:19:27+0200,9d8474b6-9a07-4a7a-8e0f-b65ff32620de,2026-05-16T00:15:00Z,2026-05-16T02:15:00+0200,627.60004,MW,FR,FR,forecast_offshore_wind_generation,Wind Offshore,2026-05-26T14:20:23Z
2026-05-26T14:19:27Z,2026-05-26T16:19:27+0200,9d8474b6-9a07-4a7a-8e0f-b65ff32620de,2026-05-16T00:30:00Z,2026-05-16T02:30:00+0200,609.90002,MW,FR,FR,forecast_offshore_wind_generation,Wind Offshore,2026-05-26T14:20:23Z
2026-05-26T14:19:27Z,2026-05-26T16:19:27+0200,9d8474b6-9a07-4a7a-8e0f-b65ff32620de,2026-05-16T00:45:00Z,2026-05-16T02:45:00+0200,592.20001,MW,FR,FR,forecast_offshore_wind_generation,Wind Offshore,2026-05-26T14:20:23Z
2026-05-26T14:19:27Z,2026-05-26T16:19:27+0200,9d8474b6-9a07-4a7a-8e0f-b65ff32620de,2026-05-16T01:00:00Z,2026-05-16T03:00:00+0200,574.5,MW,FR,FR,forecast_offshore_wind_generation,Wind Offshore,2026-05-26T14:20:23Z
2026-05-26T14:19:27Z,2026-05-26T16:19:27+0200,9d8474b6-9a07-4a7a-8e0f-b65ff32620de,2026-05-16T01:15:00Z,2026-05-16T03:15:00+0200,556.45001,MW,FR,FR,forecast_offshore_wind_generation,Wind Offshore,2026-05-26T14:20:23Z
2026-05-26T14:19:27Z,2026-05-26T16:19:27+0200,9d8474b6-9a07-4a7a-8e0f-b65ff32620de,2026-05-16T01:30:00Z,2026-05-16T03:30:00+0200,538.40002,MW,FR,FR,forecast_offshore_wind_generation,Wind Offshore,2026-05-26T14:20:23Z
2026-05-26T14:19:27Z,2026-05-26T16:19:27+0200,9d8474b6-9a07-4a7a-8e0f-b65ff32620de,2026-05-16T01:45:00Z,2026-05-16T03:45:00+0200,520.34998,MW,FR,FR,forecast_offshore_wind_generation,Wind Offshore,2026-05-26T14:20:23Z
2026-05-26T14:19:27Z,2026-05-26T16:19:27+0200,9d8474b6-9a07-4a7a-8e0f-b65ff32620de,2026-05-16T02:00:00Z,2026-05-16T04:00:00+0200,502.29999,MW,FR,FR,forecast_offshore_wind_generation,Wind Offshore,2026-05-26T14:20:23Z
2026-05-26T14:19:27Z,2026-05-26T16:19:27+0200,9d8474b6-9a07-4a7a-8e0f-b65ff32620de,2026-05-16T02:15:00Z,2026-05-16T04:15:00+0200,496.14001,MW,FR,FR,forecast_offshore_wind_generation,Wind Offshore,2026-05-26T14:20:23Z
2026-05-26T14:19:27Z,2026-05-26T16:19:27+0200,9d8474b6-9a07-4a7a-8e0f-b65ff32620de,2026-05-16T02:30:00Z,2026-05-16T04:30:00+0200,489.97998,MW,FR,FR,forecast_offshore_wind_generation,Wind Offshore,2026-05-26T14:20:23Z
2026-05-26T14:19:27Z,2026-05-26T16:19:27+0200,9d8474b6-9a07-4a7a-8e0f-b65ff32620de,2026-05-16T02:45:00Z,2026-05-16T04:45:00+0200,483.82001,MW,FR,FR,forecast_offshore_wind_generation,Wind Offshore,2026-05-26T14:20:23Z
2026-05-26T14:19:27Z,2026-05-26T16:19:27+0200,9d8474b6-9a07-4a7a-8e0f-b65ff32620de,2026-05-16T03:00:00Z,2026-05-16T05:00:00+0200,477.66,MW,FR,FR,forecast_offshore_wind_generation,Wind Offshore,2026-05-26T14:20:23Z
2026-05-26T14:19:27Z,2026-05-26T16:19:27+0200,9d8474b6-9a07-4a7a-8e0f-b65ff32620de,2026-05-16T03:15:00Z,2026-05-16T05:15:00+0200,475.58997,MW,FR,FR,forecast_offshore_wind_generation,Wind Offshore,2026-05-26T14:20:23Z
2026-05-26T14:19:27Z,2026-05-26T16:19:27+0200,9d8474b6-9a07-4a7a-8e0f-b65ff32620de,2026-05-16T03:30:00Z,2026-05-16T05:30:00+0200,473.52002,MW,FR,FR,forecast_offshore_wind_generation,Wind Offshore,2026-05-26T14:20:23Z
2026-05-26T14:19:27Z,2026-05-26T16:19:27+0200,9d8474b6-9a07-4a7a-8e0f-b65ff32620de,2026-05-16T03:45:00Z,2026-05-16T05:45:00+0200,471.45001,MW,FR,FR,forecast_offshore_wind_generation,Wind Offshore,2026-05-26T14:20:23Z
2026-05-26T14:19:27Z,2026-05-26T16:19:27+0200,9d8474b6-9a07-4a7a-8e0f-b65ff32620de,2026-05-16T04:00:00Z,2026-05-16T06:00:00+0200,469.38,MW,FR,FR,forecast_offshore_wind_generation,Wind Offshore,2026-05-26T14:20:23Z
2026-05-26T14:19:27Z,2026-05-26T16:19:27+0200,9d8474b6-9a07-4a7a-8e0f-b65ff32620de,2026-05-16T04:15:00Z,2026-05-16T06:15:00+0200,465.6875,MW,FR,FR,forecast_offshore_wind_generation,Wind Offshore,2026-05-26T14:20:23Z
2026-05-26T14:19:27Z,2026-05-26T16:19:27+0200,9d8474b6-9a07-4a7a-8e0f-b65ff32620de,2026-05-16T04:30:00Z,2026-05-16T06:30:00+0200,461.995,MW,FR,FR,forecast_offshore_wind_generation,Wind Offshore,2026-05-26T14:20:23Z
2026-05-26T14:19:27Z,2026-05-26T16:19:27+0200,9d8474b6-9a07-4a7a-8e0f-b65ff32620de,2026-05-16T04:45:00Z,2026-05-16T06:45:00+0200,458.30249,MW,FR,FR,forecast_offshore_wind_generation,Wind Offshore,2026-05-26T14:20:23Z
2026-05-26T14:19:27Z,2026-05-26T16:19:27+0200,9d8474b6-9a07-4a7a-8e0f-b65ff32620de,2026-05-16T05:00:00Z,2026-05-16T07:00:00+0200,454.60999,MW,FR,FR,forecast_offshore_wind_generation,Wind Offshore,2026-05-26T14:20:23Z
2026-05-26T14:19:27Z,2026-05-26T16:19:27+0200,9d8474b6-9a07-4a7a-8e0f-b65ff32620de,2026-05-16T05:15:00Z,2026-05-16T07:15:00+0200,442.01248,MW,FR,FR,forecast_offshore_wind_generation,Wind Offshore,2026-05-26T14:20:23Z
2026-05-26T14:19:27Z,2026-05-26T16:19:27+0200,9d8474b6-9a07-4a7a-8e0f-b65ff32620de,2026-05-16T05:30:00Z,2026-05-16T07:30:00+0200,429.41501,MW,FR,FR,forecast_offshore_wind_generation,Wind Offshore,2026-05-26T14:20:23Z
2026-05-26T14:19:27Z,2026-05-26T16:19:27+0200,9d8474b6-9a07-4a7a-8e0f-b65ff32620de,2026-05-16T05:45:00Z,2026-05-16T07:45:00+0200,416.8175,MW,FR,FR,forecast_offshore_wind_generation,Wind Offshore,2026-05-26T14:20:23Z
2026-05-26T14:19:27Z,2026-05-26T16:19:27+0200,9d8474b6-9a07-4a7a-8e0f-b65ff32620de,2026-05-16T06:00:00Z,2026-05-16T08:00:00+0200,404.22,MW,FR,FR,forecast_offshore_wind_generation,Wind Offshore,2026-05-26T14:20:23Z
2026-05-26T14:19:27Z,2026-05-26T16:19:27+0200,9d8474b6-9a07-4a7a-8e0f-b65ff32620de,2026-05-16T06:15:00Z,2026-05-16T08:15:00+0200,387.21997,MW,FR,FR,forecast_offshore_wind_generation,Wind Offshore,2026-05-26T14:20:23Z
2026-05-26T14:19:27Z,2026-05-26T16:19:27+0200,9d8474b6-9a07-4a7a-8e0f-b65ff32620de,2026-05-16T06:30:00Z,2026-05-16T08:30:00+0200,370.22003,MW,FR,FR,forecast_offshore_wind_generation,Wind Offshore,2026-05-26T14:20:23Z
2026-05-26T14:19:27Z,2026-05-26T16:19:27+0200,9d8474b6-9a07-4a7a-8e0f-b65ff32620de,2026-05-16T06:45:00Z,2026-05-16T08:45:00+0200,353.22,MW,FR,FR,forecast_offshore_wind_generation,Wind Offshore,2026-05-26T14:20:23Z
2026-05-26T14:19:27Z,2026-05-26T16:19:27+0200,9d8474b6-9a07-4a7a-8e0f-b65ff32620de,2026-05-16T07:00:00Z,2026-05-16T09:00:00+0200,336.21997,MW,FR,FR,forecast_offshore_wind_generation,Wind Offshore,2026-05-26T14:20:23Z
2026-05-26T14:19:27Z,2026-05-26T16:19:27+0200,9d8474b6-9a07-4a7a-8e0f-b65ff32620de,2026-05-16T07:15:00Z,2026-05-16T09:15:00+0200,327.96997,MW,FR,FR,forecast_offshore_wind_generation,Wind Offshore,2026-05-26T14:20:23Z
2026-05-26T14:19:27Z,2026-05-26T16:19:27+0200,9d8474b6-9a07-4a7a-8e0f-b65ff32620de,2026-05-16T07:30:00Z,2026-05-16T09:30:00+0200,319.72,MW,FR,FR,forecast_offshore_wind_generation,Wind Offshore,2026-05-26T14:20:23Z
2026-05-26T14:19:27Z,2026-05-26T16:19:27+0200,9d8474b6-9a07-4a7a-8e0f-b65ff32620de,2026-05-16T07:45:00Z,2026-05-16T09:45:00+0200,311.47,MW,FR,FR,forecast_offshore_wind_generation,Wind Offshore,2026-05-26T14:20:23Z
2026-05-26T14:19:27Z,2026-05-26T16:19:27+0200,9d8474b6-9a07-4a7a-8e0f-b65ff32620de,2026-05-16T08:00:00Z,2026-05-16T10:00:00+0200,303.22,MW,FR,FR,forecast_offshore_wind_generation,Wind Offshore,2026-05-26T14:20:23Z
2026-05-26T14:19:27Z,2026-05-26T16:19:27+0200,9d8474b6-9a07-4a7a-8e0f-b65ff32620de,2026-05-16T08:15:00Z,2026-05-16T10:15:00+0200,315.07251,MW,FR,FR,forecast_offshore_wind_generation,Wind Offshore,2026-05-26T14:20:23Z
2026-05-26T14:19:27Z,2026-05-26T16:19:27+0200,9d8474b6-9a07-4a7a-8e0f-b65ff32620de,2026-05-16T08:30:00Z,2026-05-16T10:30:00+0200,326.92502,MW,FR,FR,forecast_offshore_wind_generation,Wind Offshore,2026-05-26T14:20:23Z
2026-05-26T14:19:27Z,2026-05-26T16:19:27+0200,9d8474b6-9a07-4a7a-8e0f-b65ff32620de,2026-05-16T08:45:00Z,2026-05-16T10:45:00+0200,338.7775,MW,FR,FR,forecast_offshore_wind_generation,Wind Offshore,2026-05-26T14:20:23Z
2026-05-26T14:19:27Z,2026-05-26T16:19:27+0200,9d8474b6-9a07-4a7a-8e0f-b65ff32620de,2026-05-16T09:00:00Z,2026-05-16T11:00:00+0200,350.63,MW,FR,FR,forecast_offshore_wind_generation,Wind Offshore,2026-05-26T14:20:23Z
2026-05-26T14:19:27Z,2026-05-26T16:19:27+0200,9d8474b6-9a07-4a7a-8e0f-b65ff32620de,2026-05-16T09:15:00Z,2026-05-16T11:15:00+0200,373.32001,MW,FR,FR,forecast_offshore_wind_generation,Wind Offshore,2026-05-26T14:20:23Z
2026-05-26T14:19:27Z,2026-05-26T16:19:27+0200,9d8474b6-9a07-4a7a-8e0f-b65ff32620de,2026-05-16T09:30:00Z,2026-05-16T11:30:00+0200,396.01001,MW,FR,FR,forecast_offshore_wind_generation,Wind Offshore,2026-05-26T14:20:23Z
2026-05-26T14:19:27Z,2026-05-26T16:19:27+0200,9d8474b6-9a07-4a7a-8e0f-b65ff32620de,2026-05-16T09:45:00Z,2026-05-16T11:45:00+0200,418.70001,MW,FR,FR,forecast_offshore_wind_generation,Wind Offshore,2026-05-26T14:20:23Z
2026-05-26T14:19:27Z,2026-05-26T16:19:27+0200,9d8474b6-9a07-4a7a-8e0f-b65ff32620de,2026-05-16T10:00:00Z,2026-05-16T12:00:00+0200,441.39001,MW,FR,FR,forecast_offshore_wind_generation,Wind Offshore,2026-05-26T14:20:23Z
2026-05-26T14:19:27Z,2026-05-26T16:19:27+0200,9d8474b6-9a07-4a7a-8e0f-b65ff32620de,2026-05-16T10:15:00Z,2026-05-16T12:15:00+0200,461.6825,MW,FR,FR,forecast_offshore_wind_generation,Wind Offshore,2026-05-26T14:20:23Z
2026-05-26T14:19:27Z,2026-05-26T16:19:27+0200,9d8474b6-9a07-4a7a-8e0f-b65ff32620de,2026-05-16T10:30:00Z,2026-05-16T12:30:00+0200,481.97504,MW,FR,FR,forecast_offshore_wind_generation,Wind Offshore,2026-05-26T14:20:23Z
2026-05-26T14:19:27Z,2026-05-26T16:19:27+0200,9d8474b6-9a07-4a7a-8e0f-b65ff32620de,2026-05-16T10:45:00Z,2026-05-16T12:45:00+0200,502.26752,MW,FR,FR,forecast_offshore_wind_generation,Wind Offshore,2026-05-26T14:20:23Z
2026-05-26T14:19:27Z,2026-05-26T16:19:27+0200,9d8474b6-9a07-4a7a-8e0f-b65ff32620de,2026-05-16T11:00:00Z,2026-05-16T13:00:00+0200,522.56,MW,FR,FR,forecast_offshore_wind_generation,Wind Offshore,2026-05-26T14:20:23Z
2026-05-26T14:19:27Z,2026-05-26T16:19:27+0200,9d8474b6-9a07-4a7a-8e0f-b65ff32620de,2026-05-16T11:15:00Z,2026-05-16T13:15:00+0200,533.6825,MW,FR,FR,forecast_offshore_wind_generation,Wind Offshore,2026-05-26T14:20:23Z
2026-05-26T14:19:27Z,2026-05-26T16:19:27+0200,9d8474b6-9a07-4a7a-8e0f-b65ff32620de,2026-05-16T11:30:00Z,2026-05-16T13:30:00+0200,544.80499,MW,FR,FR,forecast_offshore_wind_generation,Wind Offshore,2026-05-26T14:20:23Z
2026-05-26T14:19:27Z,2026-05-26T16:19:27+0200,9d8474b6-9a07-4a7a-8e0f-b65ff32620de,2026-05-16T11:45:00Z,2026-05-16T13:45:00+0200,555.92749,MW,FR,FR,forecast_offshore_wind_generation,Wind Offshore,2026-05-26T14:20:23Z
2026-05-26T14:19:27Z,2026-05-26T16:19:27+0200,9d8474b6-9a07-4a7a-8e0f-b65ff32620de,2026-05-16T12:00:00Z,2026-05-16T14:00:00+0200,567.03998,MW,FR,FR,forecast_offshore_wind_generation,Wind Offshore,2026-05-26T14:20:23Z
2026-05-26T14:19:27Z,2026-05-26T16:19:27+0200,9d8474b6-9a07-4a7a-8e0f-b65ff32620de,2026-05-16T12:15:00Z,2026-05-16T14:15:00+0200,314.17001,MW,FR,FR,forecast_offshore_wind_generation,Wind Offshore,2026-05-26T14:20:23Z
2026-05-26T14:19:27Z,2026-05-26T16:19:27+0200,9d8474b6-9a07-4a7a-8e0f-b65ff32620de,2026-05-16T12:30:00Z,2026-05-16T14:30:00+0200,297.15997,MW,FR,FR,forecast_offshore_wind_generation,Wind Offshore,2026-05-26T14:20:23Z
2026-05-26T14:19:27Z,2026-05-26T16:19:27+0200,9d8474b6-9a07-4a7a-8e0f-b65ff32620de,2026-05-16T12:45:00Z,2026-05-16T14:45:00+0200,280.15002,MW,FR,FR,forecast_offshore_wind_generation,Wind Offshore,2026-05-26T14:20:23Z
2026-05-26T14:19:27Z,2026-05-26T16:19:27+0200,9d8474b6-9a07-4a7a-8e0f-b65ff32620de,2026-05-16T13:00:00Z,2026-05-16T15:00:00+0200,263.14001,MW,FR,FR,forecast_offshore_wind_generation,Wind Offshore,2026-05-26T14:20:23Z
2026-05-26T14:19:27Z,2026-05-26T16:19:27+0200,9d8474b6-9a07-4a7a-8e0f-b65ff32620de,2026-05-16T13:15:00Z,2026-05-16T15:15:00+0200,613.19757,MW,FR,FR,forecast_offshore_wind_generation,Wind Offshore,2026-05-26T14:20:23Z
2026-05-26T14:19:27Z,2026-05-26T16:19:27+0200,9d8474b6-9a07-4a7a-8e0f-b65ff32620de,2026-05-16T13:30:00Z,2026-05-16T15:30:00+0200,628.67999,MW,FR,FR,forecast_offshore_wind_generation,Wind Offshore,2026-05-26T14:20:23Z
2026-05-26T14:19:27Z,2026-05-26T16:19:27+0200,9d8474b6-9a07-4a7a-8e0f-b65ff32620de,2026-05-16T13:45:00Z,2026-05-16T15:45:00+0200,644.16504,MW,FR,FR,forecast_offshore_wind_generation,Wind Offshore,2026-05-26T14:20:23Z
2026-05-26T14:19:27Z,2026-05-26T16:19:27+0200,9d8474b6-9a07-4a7a-8e0f-b65ff32620de,2026-05-16T14:00:00Z,2026-05-16T16:00:00+0200,659.65002,MW,FR,FR,forecast_offshore_wind_generation,Wind Offshore,2026-05-26T14:20:23Z
2026-05-26T14:19:27Z,2026-05-26T16:19:27+0200,9d8474b6-9a07-4a7a-8e0f-b65ff32620de,2026-05-16T14:15:00Z,2026-05-16T16:15:00+0200,702.65747,MW,FR,FR,forecast_offshore_wind_generation,Wind Offshore,2026-05-26T14:20:23Z
2026-05-26T14:19:27Z,2026-05-26T16:19:27+0200,9d8474b6-9a07-4a7a-8e0f-b65ff32620de,2026-05-16T14:30:00Z,2026-05-16T16:30:00+0200,745.66504,MW,FR,FR,forecast_offshore_wind_generation,Wind Offshore,2026-05-26T14:20:23Z
2026-05-26T14:19:27Z,2026-05-26T16:19:27+0200,9d8474b6-9a07-4a7a-8e0f-b65ff32620de,2026-05-16T14:45:00Z,2026-05-16T16:45:00+0200,788.67249,MW,FR,FR,forecast_offshore_wind_generation,Wind Offshore,2026-05-26T14:20:23Z
2026-05-26T14:19:27Z,2026-05-26T16:19:27+0200,9d8474b6-9a07-4a7a-8e0f-b65ff32620de,2026-05-16T15:00:00Z,2026-05-16T17:00:00+0200,831.67993,MW,FR,FR,forecast_offshore_wind_generation,Wind Offshore,2026-05-26T14:20:23Z
2026-05-26T14:19:27Z,2026-05-26T16:19:27+0200,9d8474b6-9a07-4a7a-8e0f-b65ff32620de,2026-05-16T15:15:00Z,2026-05-16T17:15:00+0200,829.23499,MW,FR,FR,forecast_offshore_wind_generation,Wind Offshore,2026-05-26T14:20:23Z
2026-05-26T14:19:27Z,2026-05-26T16:19:27+0200,9d8474b6-9a07-4a7a-8e0f-b65ff32620de,2026-05-16T15:30:00Z,2026-05-16T17:30:00+0200,826.79004,MW,FR,FR,forecast_offshore_wind_generation,Wind Offshore,2026-05-26T14:20:23Z
2026-05-26T14:19:27Z,2026-05-26T16:19:27+0200,9d8474b6-9a07-4a7a-8e0f-b65ff32620de,2026-05-16T15:45:00Z,2026-05-16T17:45:00+0200,824.34503,MW,FR,FR,forecast_offshore_wind_generation,Wind Offshore,2026-05-26T14:20:23Z
2026-05-26T14:19:27Z,2026-05-26T16:19:27+0200,9d8474b6-9a07-4a7a-8e0f-b65ff32620de,2026-05-16T16:00:00Z,2026-05-16T18:00:00+0200,821.89996,MW,FR,FR,forecast_offshore_wind_generation,Wind Offshore,2026-05-26T14:20:23Z
2026-05-26T14:19:27Z,2026-05-26T16:19:27+0200,9d8474b6-9a07-4a7a-8e0f-b65ff32620de,2026-05-16T16:15:00Z,2026-05-16T18:15:00+0200,802.29749,MW,FR,FR,forecast_offshore_wind_generation,Wind Offshore,2026-05-26T14:20:23Z
2026-05-26T14:19:27Z,2026-05-26T16:19:27+0200,9d8474b6-9a07-4a7a-8e0f-b65ff32620de,2026-05-16T16:30:00Z,2026-05-16T18:30:00+0200,782.69495,MW,FR,FR,forecast_offshore_wind_generation,Wind Offshore,2026-05-26T14:20:23Z
2026-05-26T14:19:27Z,2026-05-26T16:19:27+0200,9d8474b6-9a07-4a7a-8e0f-b65ff32620de,2026-05-16T16:45:00Z,2026-05-16T18:45:00+0200,763.09247,MW,FR,FR,forecast_offshore_wind_generation,Wind Offshore,2026-05-26T14:20:23Z
2026-05-26T14:19:27Z,2026-05-26T16:19:27+0200,9d8474b6-9a07-4a7a-8e0f-b65ff32620de,2026-05-16T17:00:00Z,2026-05-16T19:00:00+0200,743.48999,MW,FR,FR,forecast_offshore_wind_generation,Wind Offshore,2026-05-26T14:20:23Z
2026-05-26T14:19:27Z,2026-05-26T16:19:27+0200,9d8474b6-9a07-4a7a-8e0f-b65ff32620de,2026-05-16T17:15:00Z,2026-05-16T19:15:00+0200,715.06006,MW,FR,FR,forecast_offshore_wind_generation,Wind Offshore,2026-05-26T14:20:23Z
2026-05-26T14:19:27Z,2026-05-26T16:19:27+0200,9d8474b6-9a07-4a7a-8e0f-b65ff32620de,2026-05-16T17:30:00Z,2026-05-16T19:30:00+0200,686.62994,MW,FR,FR,forecast_offshore_wind_generation,Wind Offshore,2026-05-26T14:20:23Z
2026-05-26T14:19:27Z,2026-05-26T16:19:27+0200,9d8474b6-9a07-4a7a-8e0f-b65ff32620de,2026-05-16T17:45:00Z,2026-05-16T19:45:00+0200,658.20001,MW,FR,FR,forecast_offshore_wind_generation,Wind Offshore,2026-05-26T14:20:23Z
2026-05-26T14:19:27Z,2026-05-26T16:19:27+0200,9d8474b6-9a07-4a7a-8e0f-b65ff32620de,2026-05-16T18:00:00Z,2026-05-16T20:00:00+0200,629.77002,MW,FR,FR,forecast_offshore_wind_generation,Wind Offshore,2026-05-26T14:20:23Z
2026-05-26T14:19:27Z,2026-05-26T16:19:27+0200,9d8474b6-9a07-4a7a-8e0f-b65ff32620de,2026-05-16T18:15:00Z,2026-05-16T20:15:00+0200,614.91748,MW,FR,FR,forecast_offshore_wind_generation,Wind Offshore,2026-05-26T14:20:23Z
2026-05-26T14:19:27Z,2026-05-26T16:19:27+0200,9d8474b6-9a07-4a7a-8e0f-b65ff32620de,2026-05-16T18:30:00Z,2026-05-16T20:30:00+0200,600.06494,MW,FR,FR,forecast_offshore_wind_generation,Wind Offshore,2026-05-26T14:20:23Z
2026-05-26T14:19:27Z,2026-05-26T16:19:27+0200,9d8474b6-9a07-4a7a-8e0f-b65ff32620de,2026-05-16T18:45:00Z,2026-05-16T20:45:00+0200,585.21252,MW,FR,FR,forecast_offshore_wind_generation,Wind Offshore,2026-05-26T14:20:23Z
2026-05-26T14:19:27Z,2026-05-26T16:19:27+0200,9d8474b6-9a07-4a7a-8e0f-b65ff32620de,2026-05-16T19:00:00Z,2026-05-16T21:00:00+0200,570.35999,MW,FR,FR,forecast_offshore_wind_generation,Wind Offshore,2026-05-26T14:20:23Z
2026-05-26T14:19:27Z,2026-05-26T16:19:27+0200,9d8474b6-9a07-4a7a-8e0f-b65ff32620de,2026-05-16T19:15:00Z,2026-05-16T21:15:00+0200,573.88495,MW,FR,FR,forecast_offshore_wind_generation,Wind Offshore,2026-05-26T14:20:23Z
2026-05-26T14:19:27Z,2026-05-26T16:19:27+0200,9d8474b6-9a07-4a7a-8e0f-b65ff32620de,2026-05-16T19:30:00Z,2026-05-16T21:30:00+0200,577.40997,MW,FR,FR,forecast_offshore_wind_generation,Wind Offshore,2026-05-26T14:20:23Z
2026-05-26T14:19:27Z,2026-05-26T16:19:27+0200,9d8474b6-9a07-4a7a-8e0f-b65ff32620de,2026-05-16T19:45:00Z,2026-05-16T21:45:00+0200,580.935,MW,FR,FR,forecast_offshore_wind_generation,Wind Offshore,2026-05-26T14:20:23Z
2026-05-26T14:19:27Z,2026-05-26T16:19:27+0200,9d8474b6-9a07-4a7a-8e0f-b65ff32620de,2026-05-16T20:00:00Z,2026-05-16T22:00:00+0200,584.46002,MW,FR,FR,forecast_offshore_wind_generation,Wind Offshore,2026-05-26T14:20:23Z
2026-05-26T14:19:27Z,2026-05-26T16:19:27+0200,9d8474b6-9a07-4a7a-8e0f-b65ff32620de,2026-05-16T20:15:00Z,2026-05-16T22:15:00+0200,587.23499,MW,FR,FR,forecast_offshore_wind_generation,Wind Offshore,2026-05-26T14:20:23Z
2026-05-26T14:19:27Z,2026-05-26T16:19:27+0200,9d8474b6-9a07-4a7a-8e0f-b65ff32620de,2026-05-16T20:30:00Z,2026-05-16T22:30:00+0200,590.01001,MW,FR,FR,forecast_offshore_wind_generation,Wind Offshore,2026-05-26T14:20:23Z
2026-05-26T14:19:27Z,2026-05-26T16:19:27+0200,9d8474b6-9a07-4a7a-8e0f-b65ff32620de,2026-05-16T20:45:00Z,2026-05-16T22:45:00+0200,592.78497,MW,FR,FR,forecast_offshore_wind_generation,Wind Offshore,2026-05-26T14:20:23Z
2026-05-26T14:19:27Z,2026-05-26T16:19:27+0200,9d8474b6-9a07-4a7a-8e0f-b65ff32620de,2026-05-16T21:00:00Z,2026-05-16T23:00:00+0200,595.56,MW,FR,FR,forecast_offshore_wind_generation,Wind Offshore,2026-05-26T14:20:23Z
2026-05-26T14:19:27Z,2026-05-26T16:19:27+0200,9d8474b6-9a07-4a7a-8e0f-b65ff32620de,2026-05-16T21:15:00Z,2026-05-16T23:15:00+0200,590.66748,MW,FR,FR,forecast_offshore_wind_generation,Wind Offshore,2026-05-26T14:20:23Z
2026-05-26T14:19:27Z,2026-05-26T16:19:27+0200,9d8474b6-9a07-4a7a-8e0f-b65ff32620de,2026-05-16T21:30:00Z,2026-05-16T23:30:00+0200,585.77502,MW,FR,FR,forecast_offshore_wind_generation,Wind Offshore,2026-05-26T14:20:23Z
2026-05-26T14:19:27Z,2026-05-26T16:19:27+0200,9d8474b6-9a07-4a7a-8e0f-b65ff32620de,2026-05-16T21:45:00Z,2026-05-16T23:45:00+0200,580.88251,MW,FR,FR,forecast_offshore_wind_generation,Wind Offshore,2026-05-26T14:20:23Z
2026-05-26T14:19:27Z,2026-05-26T16:19:27+0200,9d8474b6-9a07-4a7a-8e0f-b65ff32620de,2026-05-16T22:00:00Z,2026-05-17T00:00:00+0200,582.57996,MW,FR,FR,forecast_offshore_wind_generation,Wind Offshore,2026-05-26T14:20:23Z
2026-05-26T14:19:27Z,2026-05-26T16:19:27+0200,9d8474b6-9a07-4a7a-8e0f-b65ff32620de,2026-05-16T22:15:00Z,2026-05-17T00:15:00+0200,556.065,MW,FR,FR,forecast_offshore_wind_generation,Wind Offshore,2026-05-26T14:20:23Z
2026-05-26T14:19:27Z,2026-05-26T16:19:27+0200,9d8474b6-9a07-4a7a-8e0f-b65ff32620de,2026-05-16T22:30:00Z,2026-05-17T00:30:00+0200,529.54999,MW,FR,FR,forecast_offshore_wind_generation,Wind Offshore,2026-05-26T14:20:23Z
2026-05-26T14:19:27Z,2026-05-26T16:19:27+0200,9d8474b6-9a07-4a7a-8e0f-b65ff32620de,2026-05-16T22:45:00Z,2026-05-17T00:45:00+0200,503.035,MW,FR,FR,forecast_offshore_wind_generation,Wind Offshore,2026-05-26T14:20:23Z
2026-05-26T14:19:27Z,2026-05-26T16:19:27+0200,9d8474b6-9a07-4a7a-8e0f-b65ff32620de,2026-05-16T23:00:00Z,2026-05-17T01:00:00+0200,476.52002,MW,FR,FR,forecast_offshore_wind_generation,Wind Offshore,2026-05-26T14:20:23Z
2026-05-26T14:19:27Z,2026-05-26T16:19:27+0200,9d8474b6-9a07-4a7a-8e0f-b65ff32620de,2026-05-16T23:15:00Z,2026-05-17T01:15:00+0200,513.59247,MW,FR,FR,forecast_offshore_wind_generation,Wind Offshore,2026-05-26T14:20:23Z
2026-05-26T14:19:27Z,2026-05-26T16:19:27+0200,9d8474b6-9a07-4a7a-8e0f-b65ff32620de,2026-05-16T23:30:00Z,2026-05-17T01:30:00+0200,550.66498,MW,FR,FR,forecast_offshore_wind_generation,Wind Offshore,2026-05-26T14:20:23Z
2026-05-26T14:19:27Z,2026-05-26T16:19:27+0200,9d8474b6-9a07-4a7a-8e0f-b65ff32620de,2026-05-16T23:45:00Z,2026-05-17T01:45:00+0200,587.73755,MW,FR,FR,forecast_offshore_wind_generation,Wind Offshore,2026-05-26T14:20:23Z
2026-05-26T14:19:27Z,2026-05-26T16:19:27+0200,9d8474b6-9a07-4a7a-8e0f-b65ff32620de,2026-05-17T00:00:00Z,2026-05-17T02:00:00+0200,624.81,MW,FR,FR,forecast_offshore_wind_generation,Wind Offshore,2026-05-26T14:20:23Z
2026-05-26T14:19:27Z,2026-05-26T16:19:27+0200,9d8474b6-9a07-4a7a-8e0f-b65ff32620de,2026-05-17T00:15:00Z,2026-05-17T02:15:00+0200,606.42999,MW,FR,FR,forecast_offshore_wind_generation,Wind Offshore,2026-05-26T14:20:23Z
2026-05-26T14:19:27Z,2026-05-26T16:19:27+0200,9d8474b6-9a07-4a7a-8e0f-b65ff32620de,2026-05-17T00:30:00Z,2026-05-17T02:30:00+0200,588.04999,MW,FR,FR,forecast_offshore_wind_generation,Wind Offshore,2026-05-26T14:20:23Z
2026-05-26T14:19:27Z,2026-05-26T16:19:27+0200,9d8474b6-9a07-4a7a-8e0f-b65ff32620de,2026-05-17T00:45:00Z,2026-05-17T02:45:00+0200,569.66998,MW,FR,FR,forecast_offshore_wind_generation,Wind Offshore,2026-05-26T14:20:23Z
2026-05-26T14:19:27Z,2026-05-26T16:19:27+0200,9d8474b6-9a07-4a7a-8e0f-b65ff32620de,2026-05-17T01:00:00Z,2026-05-17T03:00:00+0200,551.28998,MW,FR,FR,forecast_offshore_wind_generation,Wind Offshore,2026-05-26T14:20:23Z
2026-05-26T14:19:27Z,2026-05-26T16:19:27+0200,9d8474b6-9a07-4a7a-8e0f-b65ff32620de,2026-05-17T01:15:00Z,2026-05-17T03:15:00+0200,557.17999,MW,FR,FR,forecast_offshore_wind_generation,Wind Offshore,2026-05-26T14:20:23Z
2026-05-26T14:19:27Z,2026-05-26T16:19:27+0200,9d8474b6-9a07-4a7a-8e0f-b65ff32620de,2026-05-17T01:30:00Z,2026-05-17T03:30:00+0200,563.06995,MW,FR,FR,forecast_offshore_wind_generation,Wind Offshore,2026-05-26T14:20:23Z
2026-05-26T14:19:27Z,2026-05-26T16:19:27+0200,9d8474b6-9a07-4a7a-8e0f-b65ff32620de,2026-05-17T01:45:00Z,2026-05-17T03:45:00+0200,568.95996,MW,FR,FR,forecast_offshore_wind_generation,Wind Offshore,2026-05-26T14:20:23Z
2026-05-26T14:19:27Z,2026-05-26T16:19:27+0200,9d8474b6-9a07-4a7a-8e0f-b65ff32620de,2026-05-17T02:00:00Z,2026-05-17T04:00:00+0200,574.84998,MW,FR,FR,forecast_offshore_wind_generation,Wind Offshore,2026-05-26T14:20:23Z
2026-05-26T14:19:27Z,2026-05-26T16:19:27+0200,9d8474b6-9a07-4a7a-8e0f-b65ff32620de,2026-05-17T02:15:00Z,2026-05-17T04:15:00+0200,562.03998,MW,FR,FR,forecast_offshore_wind_generation,Wind Offshore,2026-05-26T14:20:23Z
2026-05-26T14:19:27Z,2026-05-26T16:19:27+0200,9d8474b6-9a07-4a7a-8e0f-b65ff32620de,2026-05-17T02:30:00Z,2026-05-17T04:30:00+0200,549.22998,MW,FR,FR,forecast_offshore_wind_generation,Wind Offshore,2026-05-26T14:20:23Z
2026-05-26T14:19:27Z,2026-05-26T16:19:27+0200,9d8474b6-9a07-4a7a-8e0f-b65ff32620de,2026-05-17T02:45:00Z,2026-05-17T04:45:00+0200,536.41998,MW,FR,FR,forecast_offshore_wind_generation,Wind Offshore,2026-05-26T14:20:23Z
2026-05-26T14:19:27Z,2026-05-26T16:19:27+0200,9d8474b6-9a07-4a7a-8e0f-b65ff32620de,2026-05-17T03:00:00Z,2026-05-17T05:00:00+0200,523.60999,MW,FR,FR,forecast_offshore_wind_generation,Wind Offshore,2026-05-26T14:20:23Z
2026-05-26T14:19:27Z,2026-05-26T16:19:27+0200,9d8474b6-9a07-4a7a-8e0f-b65ff32620de,2026-05-17T03:15:00Z,2026-05-17T05:15:00+0200,552.72498,MW,FR,FR,forecast_offshore_wind_generation,Wind Offshore,2026-05-26T14:20:23Z
2026-05-26T14:19:27Z,2026-05-26T16:19:27+0200,9d8474b6-9a07-4a7a-8e0f-b65ff32620de,2026-05-17T03:30:00Z,2026-05-17T05:30:00+0200,581.83997,MW,FR,FR,forecast_offshore_wind_generation,Wind Offshore,2026-05-26T14:20:23Z
2026-05-26T14:19:27Z,2026-05-26T16:19:27+0200,9d8474b6-9a07-4a7a-8e0f-b65ff32620de,2026-05-17T03:45:00Z,2026-05-17T05:45:00+0200,610.95496,MW,FR,FR,forecast_offshore_wind_generation,Wind Offshore,2026-05-26T14:20:23Z
2026-05-26T14:19:27Z,2026-05-26T16:19:27+0200,9d8474b6-9a07-4a7a-8e0f-b65ff32620de,2026-05-17T04:00:00Z,2026-05-17T06:00:00+0200,640.06995,MW,FR,FR,forecast_offshore_wind_generation,Wind Offshore,2026-05-26T14:20:23Z
2026-05-26T14:19:27Z,2026-05-26T16:19:27+0200,9d8474b6-9a07-4a7a-8e0f-b65ff32620de,2026-05-17T04:15:00Z,2026-05-17T06:15:00+0200,628.71252,MW,FR,FR,forecast_offshore_wind_generation,Wind Offshore,2026-05-26T14:20:23Z
2026-05-26T14:19:27Z,2026-05-26T16:19:27+0200,9d8474b6-9a07-4a7a-8e0f-b65ff32620de,2026-05-17T04:30:00Z,2026-05-17T06:30:00+0200,617.35498,MW,FR,FR,forecast_offshore_wind_generation,Wind Offshore,2026-05-26T14:20:23Z
2026-05-26T14:19:27Z,2026-05-26T16:19:27+0200,9d8474b6-9a07-4a7a-8e0f-b65ff32620de,2026-05-17T04:45:00Z,2026-05-17T06:45:00+0200,605.99756,MW,FR,FR,forecast_offshore_wind_generation,Wind Offshore,2026-05-26T14:20:23Z
2026-05-26T14:19:27Z,2026-05-26T16:19:27+0200,9d8474b6-9a07-4a7a-8e0f-b65ff32620de,2026-05-17T05:00:00Z,2026-05-17T07:00:00+0200,594.64001,MW,FR,FR,forecast_offshore_wind_generation,Wind Offshore,2026-05-26T14:20:23Z
2026-05-26T14:19:27Z,2026-05-26T16:19:27+0200,9d8474b6-9a07-4a7a-8e0f-b65ff32620de,2026-05-17T05:15:00Z,2026-05-17T07:15:00+0200,559.90747,MW,FR,FR,forecast_offshore_wind_generation,Wind Offshore,2026-05-26T14:20:23Z
2026-05-26T14:19:27Z,2026-05-26T16:19:27+0200,9d8474b6-9a07-4a7a-8e0f-b65ff32620de,2026-05-17T05:30:00Z,2026-05-17T07:30:00+0200,525.17499,MW,FR,FR,forecast_offshore_wind_generation,Wind Offshore,2026-05-26T14:20:23Z
2026-05-26T14:19:27Z,2026-05-26T16:19:27+0200,9d8474b6-9a07-4a7a-8e0f-b65ff32620de,2026-05-17T05:45:00Z,2026-05-17T07:45:00+0200,490.44244,MW,FR,FR,forecast_offshore_wind_generation,Wind Offshore,2026-05-26T14:20:23Z
2026-05-26T14:19:27Z,2026-05-26T16:19:27+0200,9d8474b6-9a07-4a7a-8e0f-b65ff32620de,2026-05-17T06:00:00Z,2026-05-17T08:00:00+0200,455.70999,MW,FR,FR,forecast_offshore_wind_generation,Wind Offshore,2026-05-26T14:20:23Z
2026-05-26T14:19:27Z,2026-05-26T16:19:27+0200,9d8474b6-9a07-4a7a-8e0f-b65ff32620de,2026-05-17T06:15:00Z,2026-05-17T08:15:00+0200,435.04251,MW,FR,FR,forecast_offshore_wind_generation,Wind Offshore,2026-05-26T14:20:23Z
2026-05-26T14:19:27Z,2026-05-26T16:19:27+0200,9d8474b6-9a07-4a7a-8e0f-b65ff32620de,2026-05-17T06:30:00Z,2026-05-17T08:30:00+0200,414.375,MW,FR,FR,forecast_offshore_wind_generation,Wind Offshore,2026-05-26T14:20:23Z
2026-05-26T14:19:27Z,2026-05-26T16:19:27+0200,9d8474b6-9a07-4a7a-8e0f-b65ff32620de,2026-05-17T06:45:00Z,2026-05-17T08:45:00+0200,393.70746,MW,FR,FR,forecast_offshore_wind_generation,Wind Offshore,2026-05-26T14:20:23Z
2026-05-26T14:19:27Z,2026-05-26T16:19:27+0200,9d8474b6-9a07-4a7a-8e0f-b65ff32620de,2026-05-17T07:00:00Z,2026-05-17T09:00:00+0200,373.04001,MW,FR,FR,forecast_offshore_wind_generation,Wind Offshore,2026-05-26T14:20:23Z
2026-05-26T14:19:27Z,2026-05-26T16:19:27+0200,9d8474b6-9a07-4a7a-8e0f-b65ff32620de,2026-05-17T07:15:00Z,2026-05-17T09:15:00+0200,357.14249,MW,FR,FR,forecast_offshore_wind_generation,Wind Offshore,2026-05-26T14:20:23Z
2026-05-26T14:19:27Z,2026-05-26T16:19:27+0200,9d8474b6-9a07-4a7a-8e0f-b65ff32620de,2026-05-17T07:30:00Z,2026-05-17T09:30:00+0200,341.245,MW,FR,FR,forecast_offshore_wind_generation,Wind Offshore,2026-05-26T14:20:23Z
2026-05-26T14:19:27Z,2026-05-26T16:19:27+0200,9d8474b6-9a07-4a7a-8e0f-b65ff32620de,2026-05-17T07:45:00Z,2026-05-17T09:45:00+0200,325.3475,MW,FR,FR,forecast_offshore_wind_generation,Wind Offshore,2026-05-26T14:20:23Z
2026-05-26T14:19:27Z,2026-05-26T16:19:27+0200,9d8474b6-9a07-4a7a-8e0f-b65ff32620de,2026-05-17T08:00:00Z,2026-05-17T10:00:00+0200,309.44998,MW,FR,FR,forecast_offshore_wind_generation,Wind Offshore,2026-05-26T14:20:23Z
2026-05-26T14:19:27Z,2026-05-26T16:19:27+0200,9d8474b6-9a07-4a7a-8e0f-b65ff32620de,2026-05-17T08:15:00Z,2026-05-17T10:15:00+0200,304.76001,MW,FR,FR,forecast_offshore_wind_generation,Wind Offshore,2026-05-26T14:20:23Z
2026-05-26T14:19:27Z,2026-05-26T16:19:27+0200,9d8474b6-9a07-4a7a-8e0f-b65ff32620de,2026-05-17T08:30:00Z,2026-05-17T10:30:00+0200,300.07001,MW,FR,FR,forecast_offshore_wind_generation,Wind Offshore,2026-05-26T14:20:23Z
2026-05-26T14:19:27Z,2026-05-26T16:19:27+0200,9d8474b6-9a07-4a7a-8e0f-b65ff32620de,2026-05-17T08:45:00Z,2026-05-17T10:45:00+0200,295.38004,MW,FR,FR,forecast_offshore_wind_generation,Wind Offshore,2026-05-26T14:20:23Z
2026-05-26T14:19:27Z,2026-05-26T16:19:27+0200,9d8474b6-9a07-4a7a-8e0f-b65ff32620de,2026-05-17T09:00:00Z,2026-05-17T11:00:00+0200,290.69,MW,FR,FR,forecast_offshore_wind_generation,Wind Offshore,2026-05-26T14:20:23Z
2026-05-26T14:19:27Z,2026-05-26T16:19:27+0200,9d8474b6-9a07-4a7a-8e0f-b65ff32620de,2026-05-17T09:15:00Z,2026-05-17T11:15:00+0200,293.16248,MW,FR,FR,forecast_offshore_wind_generation,Wind Offshore,2026-05-26T14:20:23Z
2026-05-26T14:19:27Z,2026-05-26T16:19:27+0200,9d8474b6-9a07-4a7a-8e0f-b65ff32620de,2026-05-17T09:30:00Z,2026-05-17T11:30:00+0200,295.63501,MW,FR,FR,forecast_offshore_wind_generation,Wind Offshore,2026-05-26T14:20:23Z
2026-05-26T14:19:27Z,2026-05-26T16:19:27+0200,9d8474b6-9a07-4a7a-8e0f-b65ff32620de,2026-05-17T09:45:00Z,2026-05-17T11:45:00+0200,298.10751,MW,FR,FR,forecast_offshore_wind_generation,Wind Offshore,2026-05-26T14:20:23Z
2026-05-26T14:19:27Z,2026-05-26T16:19:27+0200,9d8474b6-9a07-4a7a-8e0f-b65ff32620de,2026-05-17T10:00:00Z,2026-05-17T12:00:00+0200,300.58002,MW,FR,FR,forecast_offshore_wind_generation,Wind Offshore,2026-05-26T14:20:23Z
2026-05-26T14:19:27Z,2026-05-26T16:19:27+0200,9d8474b6-9a07-4a7a-8e0f-b65ff32620de,2026-05-17T10:15:00Z,2026-05-17T12:15:00+0200,304.69748,MW,FR,FR,forecast_offshore_wind_generation,Wind Offshore,2026-05-26T14:20:23Z
2026-05-26T14:19:27Z,2026-05-26T16:19:27+0200,9d8474b6-9a07-4a7a-8e0f-b65ff32620de,2026-05-17T10:30:00Z,2026-05-17T12:30:00+0200,308.815,MW,FR,FR,forecast_offshore_wind_generation,Wind Offshore,2026-05-26T14:20:23Z
2026-05-26T14:19:27Z,2026-05-26T16:19:27+0200,9d8474b6-9a07-4a7a-8e0f-b65ff32620de,2026-05-17T10:45:00Z,2026-05-17T12:45:00+0200,312.93253,MW,FR,FR,forecast_offshore_wind_generation,Wind Offshore,2026-05-26T14:20:23Z
2026-05-26T14:19:27Z,2026-05-26T16:19:27+0200,9d8474b6-9a07-4a7a-8e0f-b65ff32620de,2026-05-17T11:00:00Z,2026-05-17T13:00:00+0200,317.04999,MW,FR,FR,forecast_offshore_wind_generation,Wind Offshore,2026-05-26T14:20:23Z
2026-05-26T14:19:27Z,2026-05-26T16:19:27+0200,9d8474b6-9a07-4a7a-8e0f-b65ff32620de,2026-05-17T11:15:00Z,2026-05-17T13:15:00+0200,336.52249,MW,FR,FR,forecast_offshore_wind_generation,Wind Offshore,2026-05-26T14:20:23Z
2026-05-26T14:19:27Z,2026-05-26T16:19:27+0200,9d8474b6-9a07-4a7a-8e0f-b65ff32620de,2026-05-17T11:30:00Z,2026-05-17T13:30:00+0200,355.995,MW,FR,FR,forecast_offshore_wind_generation,Wind Offshore,2026-05-26T14:20:23Z
2026-05-26T14:19:27Z,2026-05-26T16:19:27+0200,9d8474b6-9a07-4a7a-8e0f-b65ff32620de,2026-05-17T11:45:00Z,2026-05-17T13:45:00+0200,375.4675,MW,FR,FR,forecast_offshore_wind_generation,Wind Offshore,2026-05-26T14:20:23Z
2026-05-26T14:19:27Z,2026-05-26T16:19:27+0200,9d8474b6-9a07-4a7a-8e0f-b65ff32620de,2026-05-17T12:00:00Z,2026-05-17T14:00:00+0200,394.94,MW,FR,FR,forecast_offshore_wind_generation,Wind Offshore,2026-05-26T14:20:23Z
2026-05-26T14:19:27Z,2026-05-26T16:19:27+0200,9d8474b6-9a07-4a7a-8e0f-b65ff32620de,2026-05-17T12:15:00Z,2026-05-17T14:15:00+0200,410.0925,MW,FR,FR,forecast_offshore_wind_generation,Wind Offshore,2026-05-26T14:20:23Z
2026-05-26T14:19:27Z,2026-05-26T16:19:27+0200,9d8474b6-9a07-4a7a-8e0f-b65ff32620de,2026-05-17T12:30:00Z,2026-05-17T14:30:00+0200,425.245,MW,FR,FR,forecast_offshore_wind_generation,Wind Offshore,2026-05-26T14:20:23Z
2026-05-26T14:19:27Z,2026-05-26T16:19:27+0200,9d8474b6-9a07-4a7a-8e0f-b65ff32620de,2026-05-17T12:45:00Z,2026-05-17T14:45:00+0200,440.39752,MW,FR,FR,forecast_offshore_wind_generation,Wind Offshore,2026-05-26T14:20:23Z
2026-05-26T14:19:27Z,2026-05-26T16:19:27+0200,9d8474b6-9a07-4a7a-8e0f-b65ff32620de,2026-05-17T13:00:00Z,2026-05-17T15:00:00+0200,455.55002,MW,FR,FR,forecast_offshore_wind_generation,Wind Offshore,2026-05-26T14:20:23Z
2026-05-26T14:19:27Z,2026-05-26T16:19:27+0200,9d8474b6-9a07-4a7a-8e0f-b65ff32620de,2026-05-17T13:15:00Z,2026-05-17T15:15:00+0200,476.89752,MW,FR,FR,forecast_offshore_wind_generation,Wind Offshore,2026-05-26T14:20:23Z
2026-05-26T14:19:27Z,2026-05-26T16:19:27+0200,9d8474b6-9a07-4a7a-8e0f-b65ff32620de,2026-05-17T13:30:00Z,2026-05-17T15:30:00+0200,498.245,MW,FR,FR,forecast_offshore_wind_generation,Wind Offshore,2026-05-26T14:20:23Z
2026-05-26T14:19:27Z,2026-05-26T16:19:27+0200,9d8474b6-9a07-4a7a-8e0f-b65ff32620de,2026-05-17T13:45:00Z,2026-05-17T15:45:00+0200,519.59253,MW,FR,FR,forecast_offshore_wind_generation,Wind Offshore,2026-05-26T14:20:23Z
2026-05-26T14:19:27Z,2026-05-26T16:19:27+0200,9d8474b6-9a07-4a7a-8e0f-b65ff32620de,2026-05-17T14:00:00Z,2026-05-17T16:00:00+0200,540.94,MW,FR,FR,forecast_offshore_wind_generation,Wind Offshore,2026-05-26T14:20:23Z
2026-05-26T14:19:27Z,2026-05-26T16:19:27+0200,9d8474b6-9a07-4a7a-8e0f-b65ff32620de,2026-05-17T14:15:00Z,2026-05-17T16:15:00+0200,550.60748,MW,FR,FR,forecast_offshore_wind_generation,Wind Offshore,2026-05-26T14:20:23Z
2026-05-26T14:19:27Z,2026-05-26T16:19:27+0200,9d8474b6-9a07-4a7a-8e0f-b65ff32620de,2026-05-17T14:30:00Z,2026-05-17T16:30:00+0200,560.27502,MW,FR,FR,forecast_offshore_wind_generation,Wind Offshore,2026-05-26T14:20:23Z
2026-05-26T14:19:27Z,2026-05-26T16:19:27+0200,9d8474b6-9a07-4a7a-8e0f-b65ff32620de,2026-05-17T14:45:00Z,2026-05-17T16:45:00+0200,569.9425,MW,FR,FR,forecast_offshore_wind_generation,Wind Offshore,2026-05-26T14:20:23Z
2026-05-26T14:19:27Z,2026-05-26T16:19:27+0200,9d8474b6-9a07-4a7a-8e0f-b65ff32620de,2026-05-17T15:00:00Z,2026-05-17T17:00:00+0200,579.60999,MW,FR,FR,forecast_offshore_wind_generation,Wind Offshore,2026-05-26T14:20:23Z
2026-05-26T14:19:27Z,2026-05-26T16:19:27+0200,9d8474b6-9a07-4a7a-8e0f-b65ff32620de,2026-05-17T15:15:00Z,2026-05-17T17:15:00+0200,604.51251,MW,FR,FR,forecast_offshore_wind_generation,Wind Offshore,2026-05-26T14:20:23Z
2026-05-26T14:19:27Z,2026-05-26T16:19:27+0200,9d8474b6-9a07-4a7a-8e0f-b65ff32620de,2026-05-17T15:30:00Z,2026-05-17T17:30:00+0200,629.41498,MW,FR,FR,forecast_offshore_wind_generation,Wind Offshore,2026-05-26T14:20:23Z
2026-05-26T14:19:27Z,2026-05-26T16:19:27+0200,9d8474b6-9a07-4a7a-8e0f-b65ff32620de,2026-05-17T15:45:00Z,2026-05-17T17:45:00+0200,654.3175,MW,FR,FR,forecast_offshore_wind_generation,Wind Offshore,2026-05-26T14:20:23Z
2026-05-26T14:19:27Z,2026-05-26T16:19:27+0200,9d8474b6-9a07-4a7a-8e0f-b65ff32620de,2026-05-17T16:00:00Z,2026-05-17T18:00:00+0200,679.21997,MW,FR,FR,forecast_offshore_wind_generation,Wind Offshore,2026-05-26T14:20:23Z
2026-05-26T14:19:27Z,2026-05-26T16:19:27+0200,9d8474b6-9a07-4a7a-8e0f-b65ff32620de,2026-05-17T16:15:00Z,2026-05-17T18:15:00+0200,708.41504,MW,FR,FR,forecast_offshore_wind_generation,Wind Offshore,2026-05-26T14:20:23Z
2026-05-26T14:19:27Z,2026-05-26T16:19:27+0200,9d8474b6-9a07-4a7a-8e0f-b65ff32620de,2026-05-17T16:30:00Z,2026-05-17T18:30:00+0200,737.60999,MW,FR,FR,forecast_offshore_wind_generation,Wind Offshore,2026-05-26T14:20:23Z
2026-05-26T14:19:27Z,2026-05-26T16:19:27+0200,9d8474b6-9a07-4a7a-8e0f-b65ff32620de,2026-05-17T16:45:00Z,2026-05-17T18:45:00+0200,766.80493,MW,FR,FR,forecast_offshore_wind_generation,Wind Offshore,2026-05-26T14:20:23Z
2026-05-26T14:19:27Z,2026-05-26T16:19:27+0200,9d8474b6-9a07-4a7a-8e0f-b65ff32620de,2026-05-17T17:00:00Z,2026-05-17T19:00:00+0200,796.0,MW,FR,FR,forecast_offshore_wind_generation,Wind Offshore,2026-05-26T14:20:23Z
2026-05-26T14:19:27Z,2026-05-26T16:19:27+0200,9d8474b6-9a07-4a7a-8e0f-b65ff32620de,2026-05-17T17:15:00Z,2026-05-17T19:15:00+0200,802.03247,MW,FR,FR,forecast_offshore_wind_generation,Wind Offshore,2026-05-26T14:20:23Z
2026-05-26T14:19:27Z,2026-05-26T16:19:27+0200,9d8474b6-9a07-4a7a-8e0f-b65ff32620de,2026-05-17T17:30:00Z,2026-05-17T19:30:00+0200,808.06494,MW,FR,FR,forecast_offshore_wind_generation,Wind Offshore,2026-05-26T14:20:23Z
2026-05-26T14:19:27Z,2026-05-26T16:19:27+0200,9d8474b6-9a07-4a7a-8e0f-b65ff32620de,2026-05-17T17:45:00Z,2026-05-17T19:45:00+0200,814.09753,MW,FR,FR,forecast_offshore_wind_generation,Wind Offshore,2026-05-26T14:20:23Z
2026-05-26T14:19:27Z,2026-05-26T16:19:27+0200,9d8474b6-9a07-4a7a-8e0f-b65ff32620de,2026-05-17T18:00:00Z,2026-05-17T20:00:00+0200,820.13,MW,FR,FR,forecast_offshore_wind_generation,Wind Offshore,2026-05-26T14:20:23Z
2026-05-26T14:19:27Z,2026-05-26T16:19:27+0200,9d8474b6-9a07-4a7a-8e0f-b65ff32620de,2026-05-17T18:15:00Z,2026-05-17T20:15:00+0200,822.10254,MW,FR,FR,forecast_offshore_wind_generation,Wind Offshore,2026-05-26T14:20:23Z
2026-05-26T14:19:27Z,2026-05-26T16:19:27+0200,9d8474b6-9a07-4a7a-8e0f-b65ff32620de,2026-05-17T18:30:00Z,2026-05-17T20:30:00+0200,824.07495,MW,FR,FR,forecast_offshore_wind_generation,Wind Offshore,2026-05-26T14:20:23Z
2026-05-26T14:19:27Z,2026-05-26T16:19:27+0200,9d8474b6-9a07-4a7a-8e0f-b65ff32620de,2026-05-17T18:45:00Z,2026-05-17T20:45:00+0200,826.04749,MW,FR,FR,forecast_offshore_wind_generation,Wind Offshore,2026-05-26T14:20:23Z
2026-05-26T14:19:27Z,2026-05-26T16:19:27+0200,9d8474b6-9a07-4a7a-8e0f-b65ff32620de,2026-05-17T19:00:00Z,2026-05-17T21:00:00+0200,828.02002,MW,FR,FR,forecast_offshore_wind_generation,Wind Offshore,2026-05-26T14:20:23Z
2026-05-26T14:19:27Z,2026-05-26T16:19:27+0200,9d8474b6-9a07-4a7a-8e0f-b65ff32620de,2026-05-17T19:15:00Z,2026-05-17T21:15:00+0200,804.29498,MW,FR,FR,forecast_offshore_wind_generation,Wind Offshore,2026-05-26T14:20:23Z
2026-05-26T14:19:27Z,2026-05-26T16:19:27+0200,9d8474b6-9a07-4a7a-8e0f-b65ff32620de,2026-05-17T19:30:00Z,2026-05-17T21:30:00+0200,780.57001,MW,FR,FR,forecast_offshore_wind_generation,Wind Offshore,2026-05-26T14:20:23Z
2026-05-26T14:19:27Z,2026-05-26T16:19:27+0200,9d8474b6-9a07-4a7a-8e0f-b65ff32620de,2026-05-17T19:45:00Z,2026-05-17T21:45:00+0200,756.84497,MW,FR,FR,forecast_offshore_wind_generation,Wind Offshore,2026-05-26T14:20:23Z
2026-05-26T14:19:27Z,2026-05-26T16:19:27+0200,9d8474b6-9a07-4a7a-8e0f-b65ff32620de,2026-05-17T20:00:00Z,2026-05-17T22:00:00+0200,733.12,MW,FR,FR,forecast_offshore_wind_generation,Wind Offshore,2026-05-26T14:20:23Z
2026-05-26T14:19:27Z,2026-05-26T16:19:27+0200,9d8474b6-9a07-4a7a-8e0f-b65ff32620de,2026-05-17T20:15:00Z,2026-05-17T22:15:00+0200,721.1275,MW,FR,FR,forecast_offshore_wind_generation,Wind Offshore,2026-05-26T14:20:23Z
2026-05-26T14:19:27Z,2026-05-26T16:19:27+0200,9d8474b6-9a07-4a7a-8e0f-b65ff32620de,2026-05-17T20:30:00Z,2026-05-17T22:30:00+0200,709.13501,MW,FR,FR,forecast_offshore_wind_generation,Wind Offshore,2026-05-26T14:20:23Z
2026-05-26T14:19:27Z,2026-05-26T16:19:27+0200,9d8474b6-9a07-4a7a-8e0f-b65ff32620de,2026-05-17T20:45:00Z,2026-05-17T22:45:00+0200,697.14246,MW,FR,FR,forecast_offshore_wind_generation,Wind Offshore,2026-05-26T14:20:23Z
2026-05-26T14:19:27Z,2026-05-26T16:19:27+0200,9d8474b6-9a07-4a7a-8e0f-b65ff32620de,2026-05-17T21:00:00Z,2026-05-17T23:00:00+0200,685.14996,MW,FR,FR,forecast_offshore_wind_generation,Wind Offshore,2026-05-26T14:20:23Z
2026-05-26T14:19:27Z,2026-05-26T16:19:27+0200,9d8474b6-9a07-4a7a-8e0f-b65ff32620de,2026-05-17T21:15:00Z,2026-05-17T23:15:00+0200,665.20251,MW,FR,FR,forecast_offshore_wind_generation,Wind Offshore,2026-05-26T14:20:23Z
2026-05-26T14:19:27Z,2026-05-26T16:19:27+0200,9d8474b6-9a07-4a7a-8e0f-b65ff32620de,2026-05-17T21:30:00Z,2026-05-17T23:30:00+0200,645.255,MW,FR,FR,forecast_offshore_wind_generation,Wind Offshore,2026-05-26T14:20:23Z
2026-05-26T14:19:27Z,2026-05-26T16:19:27+0200,9d8474b6-9a07-4a7a-8e0f-b65ff32620de,2026-05-17T21:45:00Z,2026-05-17T23:45:00+0200,625.3075,MW,FR,FR,forecast_offshore_wind_generation,Wind Offshore,2026-05-26T14:20:23Z
2026-05-26T14:19:27Z,2026-05-26T16:19:27+0200,9d8474b6-9a07-4a7a-8e0f-b65ff32620de,2026-05-17T22:00:00Z,2026-05-18T00:00:00+0200,536.70996,MW,FR,FR,forecast_offshore_wind_generation,Wind Offshore,2026-05-26T14:20:23Z
2026-05-26T14:19:27Z,2026-05-26T16:19:27+0200,9d8474b6-9a07-4a7a-8e0f-b65ff32620de,2026-05-17T22:15:00Z,2026-05-18T00:15:00+0200,535.98499,MW,FR,FR,forecast_offshore_wind_generation,Wind Offshore,2026-05-26T14:20:23Z
2026-05-26T14:19:27Z,2026-05-26T16:19:27+0200,9d8474b6-9a07-4a7a-8e0f-b65ff32620de,2026-05-17T22:30:00Z,2026-05-18T00:30:00+0200,535.26001,MW,FR,FR,forecast_offshore_wind_generation,Wind Offshore,2026-05-26T14:20:23Z
2026-05-26T14:19:27Z,2026-05-26T16:19:27+0200,9d8474b6-9a07-4a7a-8e0f-b65ff32620de,2026-05-17T22:45:00Z,2026-05-18T00:45:00+0200,534.53503,MW,FR,FR,forecast_offshore_wind_generation,Wind Offshore,2026-05-26T14:20:23Z
2026-05-26T14:19:27Z,2026-05-26T16:19:27+0200,9d8474b6-9a07-4a7a-8e0f-b65ff32620de,2026-05-17T23:00:00Z,2026-05-18T01:00:00+0200,533.81,MW,FR,FR,forecast_offshore_wind_generation,Wind Offshore,2026-05-26T14:20:23Z
2026-05-26T14:19:27Z,2026-05-26T16:19:27+0200,9d8474b6-9a07-4a7a-8e0f-b65ff32620de,2026-05-17T23:15:00Z,2026-05-18T01:15:00+0200,527.59253,MW,FR,FR,forecast_offshore_wind_generation,Wind Offshore,2026-05-26T14:20:23Z
2026-05-26T14:19:27Z,2026-05-26T16:19:27+0200,9d8474b6-9a07-4a7a-8e0f-b65ff32620de,2026-05-17T23:30:00Z,2026-05-18T01:30:00+0200,521.375,MW,FR,FR,forecast_offshore_wind_generation,Wind Offshore,2026-05-26T14:20:23Z
2026-05-26T14:19:27Z,2026-05-26T16:19:27+0200,9d8474b6-9a07-4a7a-8e0f-b65ff32620de,2026-05-17T23:45:00Z,2026-05-18T01:45:00+0200,515.15747,MW,FR,FR,forecast_offshore_wind_generation,Wind Offshore,2026-05-26T14:20:23Z
2026-05-26T14:19:27Z,2026-05-26T16:19:27+0200,9d8474b6-9a07-4a7a-8e0f-b65ff32620de,2026-05-18T00:00:00Z,2026-05-18T02:00:00+0200,508.94,MW,FR,FR,forecast_offshore_wind_generation,Wind Offshore,2026-05-26T14:20:23Z
2026-05-26T14:19:27Z,2026-05-26T16:19:27+0200,9d8474b6-9a07-4a7a-8e0f-b65ff32620de,2026-05-18T00:15:00Z,2026-05-18T02:15:00+0200,497.21249,MW,FR,FR,forecast_offshore_wind_generation,Wind Offshore,2026-05-26T14:20:23Z
2026-05-26T14:19:27Z,2026-05-26T16:19:27+0200,9d8474b6-9a07-4a7a-8e0f-b65ff32620de,2026-05-18T00:30:00Z,2026-05-18T02:30:00+0200,485.48499,MW,FR,FR,forecast_offshore_wind_generation,Wind Offshore,2026-05-26T14:20:23Z
2026-05-26T14:19:27Z,2026-05-26T16:19:27+0200,9d8474b6-9a07-4a7a-8e0f-b65ff32620de,2026-05-18T00:45:00Z,2026-05-18T02:45:00+0200,473.75751,MW,FR,FR,forecast_offshore_wind_generation,Wind Offshore,2026-05-26T14:20:23Z
2026-05-26T14:19:27Z,2026-05-26T16:19:27+0200,9d8474b6-9a07-4a7a-8e0f-b65ff32620de,2026-05-18T01:00:00Z,2026-05-18T03:00:00+0200,462.03003,MW,FR,FR,forecast_offshore_wind_generation,Wind Offshore,2026-05-26T14:20:23Z
2026-05-26T14:19:27Z,2026-05-26T16:19:27+0200,9d8474b6-9a07-4a7a-8e0f-b65ff32620de,2026-05-18T01:15:00Z,2026-05-18T03:15:00+0200,461.05002,MW,FR,FR,forecast_offshore_wind_generation,Wind Offshore,2026-05-26T14:20:23Z
2026-05-26T14:19:27Z,2026-05-26T16:19:27+0200,9d8474b6-9a07-4a7a-8e0f-b65ff32620de,2026-05-18T01:30:00Z,2026-05-18T03:30:00+0200,460.07001,MW,FR,FR,forecast_offshore_wind_generation,Wind Offshore,2026-05-26T14:20:23Z
2026-05-26T14:19:27Z,2026-05-26T16:19:27+0200,9d8474b6-9a07-4a7a-8e0f-b65ff32620de,2026-05-18T01:45:00Z,2026-05-18T03:45:00+0200,459.09003,MW,FR,FR,forecast_offshore_wind_generation,Wind Offshore,2026-05-26T14:20:23Z
2026-05-26T14:19:27Z,2026-05-26T16:19:27+0200,9d8474b6-9a07-4a7a-8e0f-b65ff32620de,2026-05-18T02:00:00Z,2026-05-18T04:00:00+0200,458.11002,MW,FR,FR,forecast_offshore_wind_generation,Wind Offshore,2026-05-26T14:20:23Z
2026-05-26T14:19:27Z,2026-05-26T16:19:27+0200,9d8474b6-9a07-4a7a-8e0f-b65ff32620de,2026-05-18T02:15:00Z,2026-05-18T04:15:00+0200,455.9425,MW,FR,FR,forecast_offshore_wind_generation,Wind Offshore,2026-05-26T14:20:23Z
2026-05-26T14:19:27Z,2026-05-26T16:19:27+0200,9d8474b6-9a07-4a7a-8e0f-b65ff32620de,2026-05-18T02:30:00Z,2026-05-18T04:30:00+0200,453.77499,MW,FR,FR,forecast_offshore_wind_generation,Wind Offshore,2026-05-26T14:20:23Z
2026-05-26T14:19:27Z,2026-05-26T16:19:27+0200,9d8474b6-9a07-4a7a-8e0f-b65ff32620de,2026-05-18T02:45:00Z,2026-05-18T04:45:00+0200,451.60748,MW,FR,FR,forecast_offshore_wind_generation,Wind Offshore,2026-05-26T14:20:23Z
2026-05-26T14:19:27Z,2026-05-26T16:19:27+0200,9d8474b6-9a07-4a7a-8e0f-b65ff32620de,2026-05-18T03:00:00Z,2026-05-18T05:00:00+0200,449.44,MW,FR,FR,forecast_offshore_wind_generation,Wind Offshore,2026-05-26T14:20:23Z
2026-05-26T14:19:27Z,2026-05-26T16:19:27+0200,9d8474b6-9a07-4a7a-8e0f-b65ff32620de,2026-05-18T03:15:00Z,2026-05-18T05:15:00+0200,444.28748,MW,FR,FR,forecast_offshore_wind_generation,Wind Offshore,2026-05-26T14:20:23Z
2026-05-26T14:19:27Z,2026-05-26T16:19:27+0200,9d8474b6-9a07-4a7a-8e0f-b65ff32620de,2026-05-18T03:30:00Z,2026-05-18T05:30:00+0200,439.13501,MW,FR,FR,forecast_offshore_wind_generation,Wind Offshore,2026-05-26T14:20:23Z
2026-05-26T14:19:27Z,2026-05-26T16:19:27+0200,9d8474b6-9a07-4a7a-8e0f-b65ff32620de,2026-05-18T03:45:00Z,2026-05-18T05:45:00+0200,433.98251,MW,FR,FR,forecast_offshore_wind_generation,Wind Offshore,2026-05-26T14:20:23Z
2026-05-26T14:19:27Z,2026-05-26T16:19:27+0200,9d8474b6-9a07-4a7a-8e0f-b65ff32620de,2026-05-18T04:00:00Z,2026-05-18T06:00:00+0200,428.82999,MW,FR,FR,forecast_offshore_wind_generation,Wind Offshore,2026-05-26T14:20:23Z
2026-05-26T14:19:27Z,2026-05-26T16:19:27+0200,9d8474b6-9a07-4a7a-8e0f-b65ff32620de,2026-05-18T04:15:00Z,2026-05-18T06:15:00+0200,413.30249,MW,FR,FR,forecast_offshore_wind_generation,Wind Offshore,2026-05-26T14:20:23Z
2026-05-26T14:19:27Z,2026-05-26T16:19:27+0200,9d8474b6-9a07-4a7a-8e0f-b65ff32620de,2026-05-18T04:30:00Z,2026-05-18T06:30:00+0200,397.77499,MW,FR,FR,forecast_offshore_wind_generation,Wind Offshore,2026-05-26T14:20:23Z
2026-05-26T14:19:27Z,2026-05-26T16:19:27+0200,9d8474b6-9a07-4a7a-8e0f-b65ff32620de,2026-05-18T04:45:00Z,2026-05-18T06:45:00+0200,382.2475,MW,FR,FR,forecast_offshore_wind_generation,Wind Offshore,2026-05-26T14:20:23Z
2026-05-26T14:19:27Z,2026-05-26T16:19:27+0200,9d8474b6-9a07-4a7a-8e0f-b65ff32620de,2026-05-18T05:00:00Z,2026-05-18T07:00:00+0200,366.72,MW,FR,FR,forecast_offshore_wind_generation,Wind Offshore,2026-05-26T14:20:23Z
2026-05-26T14:19:27Z,2026-05-26T16:19:27+0200,9d8474b6-9a07-4a7a-8e0f-b65ff32620de,2026-05-18T05:15:00Z,2026-05-18T07:15:00+0200,344.28998,MW,FR,FR,forecast_offshore_wind_generation,Wind Offshore,2026-05-26T14:20:23Z
2026-05-26T14:19:27Z,2026-05-26T16:19:27+0200,9d8474b6-9a07-4a7a-8e0f-b65ff32620de,2026-05-18T05:30:00Z,2026-05-18T07:30:00+0200,321.85999,MW,FR,FR,forecast_offshore_wind_generation,Wind Offshore,2026-05-26T14:20:23Z
2026-05-26T14:19:27Z,2026-05-26T16:19:27+0200,9d8474b6-9a07-4a7a-8e0f-b65ff32620de,2026-05-18T05:45:00Z,2026-05-18T07:45:00+0200,299.42999,MW,FR,FR,forecast_offshore_wind_generation,Wind Offshore,2026-05-26T14:20:23Z
2026-05-26T14:19:27Z,2026-05-26T16:19:27+0200,9d8474b6-9a07-4a7a-8e0f-b65ff32620de,2026-05-18T06:00:00Z,2026-05-18T08:00:00+0200,277.0,MW,FR,FR,forecast_offshore_wind_generation,Wind Offshore,2026-05-26T14:20:23Z
2026-05-26T14:19:27Z,2026-05-26T16:19:27+0200,9d8474b6-9a07-4a7a-8e0f-b65ff32620de,2026-05-18T06:15:00Z,2026-05-18T08:15:00+0200,277.995,MW,FR,FR,forecast_offshore_wind_generation,Wind Offshore,2026-05-26T14:20:23Z
2026-05-26T14:19:27Z,2026-05-26T16:19:27+0200,9d8474b6-9a07-4a7a-8e0f-b65ff32620de,2026-05-18T06:30:00Z,2026-05-18T08:30:00+0200,278.99002,MW,FR,FR,forecast_offshore_wind_generation,Wind Offshore,2026-05-26T14:20:23Z
2026-05-26T14:19:27Z,2026-05-26T16:19:27+0200,9d8474b6-9a07-4a7a-8e0f-b65ff32620de,2026-05-18T06:45:00Z,2026-05-18T08:45:00+0200,279.98502,MW,FR,FR,forecast_offshore_wind_generation,Wind Offshore,2026-05-26T14:20:23Z
2026-05-26T14:19:27Z,2026-05-26T16:19:27+0200,9d8474b6-9a07-4a7a-8e0f-b65ff32620de,2026-05-18T07:00:00Z,2026-05-18T09:00:00+0200,280.98001,MW,FR,FR,forecast_offshore_wind_generation,Wind Offshore,2026-05-26T14:20:23Z
2026-05-26T14:19:27Z,2026-05-26T16:19:27+0200,9d8474b6-9a07-4a7a-8e0f-b65ff32620de,2026-05-18T07:15:00Z,2026-05-18T09:15:00+0200,280.85999,MW,FR,FR,forecast_offshore_wind_generation,Wind Offshore,2026-05-26T14:20:23Z
2026-05-26T14:19:27Z,2026-05-26T16:19:27+0200,9d8474b6-9a07-4a7a-8e0f-b65ff32620de,2026-05-18T07:30:00Z,2026-05-18T09:30:00+0200,280.73999,MW,FR,FR,forecast_offshore_wind_generation,Wind Offshore,2026-05-26T14:20:23Z
2026-05-26T14:19:27Z,2026-05-26T16:19:27+0200,9d8474b6-9a07-4a7a-8e0f-b65ff32620de,2026-05-18T07:45:00Z,2026-05-18T09:45:00+0200,280.62,MW,FR,FR,forecast_offshore_wind_generation,Wind Offshore,2026-05-26T14:20:23Z
2026-05-26T14:19:27Z,2026-05-26T16:19:27+0200,9d8474b6-9a07-4a7a-8e0f-b65ff32620de,2026-05-18T08:00:00Z,2026-05-18T10:00:00+0200,280.50003,MW,FR,FR,forecast_offshore_wind_generation,Wind Offshore,2026-05-26T14:20:23Z
2026-05-26T14:19:27Z,2026-05-26T16:19:27+0200,9d8474b6-9a07-4a7a-8e0f-b65ff32620de,2026-05-18T08:15:00Z,2026-05-18T10:15:00+0200,263.8725,MW,FR,FR,forecast_offshore_wind_generation,Wind Offshore,2026-05-26T14:20:23Z
2026-05-26T14:19:27Z,2026-05-26T16:19:27+0200,9d8474b6-9a07-4a7a-8e0f-b65ff32620de,2026-05-18T08:30:00Z,2026-05-18T10:30:00+0200,247.24501,MW,FR,FR,forecast_offshore_wind_generation,Wind Offshore,2026-05-26T14:20:23Z
2026-05-26T14:19:27Z,2026-05-26T16:19:27+0200,9d8474b6-9a07-4a7a-8e0f-b65ff32620de,2026-05-18T08:45:00Z,2026-05-18T10:45:00+0200,230.61749,MW,FR,FR,forecast_offshore_wind_generation,Wind Offshore,2026-05-26T14:20:23Z
2026-05-26T14:19:27Z,2026-05-26T16:19:27+0200,9d8474b6-9a07-4a7a-8e0f-b65ff32620de,2026-05-18T09:00:00Z,2026-05-18T11:00:00+0200,213.99001,MW,FR,FR,forecast_offshore_wind_generation,Wind Offshore,2026-05-26T14:20:23Z
2026-05-26T14:19:27Z,2026-05-26T16:19:27+0200,9d8474b6-9a07-4a7a-8e0f-b65ff32620de,2026-05-18T09:15:00Z,2026-05-18T11:15:00+0200,213.71249,MW,FR,FR,forecast_offshore_wind_generation,Wind Offshore,2026-05-26T14:20:23Z
2026-05-26T14:19:27Z,2026-05-26T16:19:27+0200,9d8474b6-9a07-4a7a-8e0f-b65ff32620de,2026-05-18T09:30:00Z,2026-05-18T11:30:00+0200,213.435,MW,FR,FR,forecast_offshore_wind_generation,Wind Offshore,2026-05-26T14:20:23Z
2026-05-26T14:19:27Z,2026-05-26T16:19:27+0200,9d8474b6-9a07-4a7a-8e0f-b65ff32620de,2026-05-18T09:45:00Z,2026-05-18T11:45:00+0200,213.1575,MW,FR,FR,forecast_offshore_wind_generation,Wind Offshore,2026-05-26T14:20:23Z
2026-05-26T14:19:27Z,2026-05-26T16:19:27+0200,9d8474b6-9a07-4a7a-8e0f-b65ff32620de,2026-05-18T10:00:00Z,2026-05-18T12:00:00+0200,212.88,MW,FR,FR,forecast_offshore_wind_generation,Wind Offshore,2026-05-26T14:20:23Z
2026-05-26T14:19:27Z,2026-05-26T16:19:27+0200,9d8474b6-9a07-4a7a-8e0f-b65ff32620de,2026-05-18T10:15:00Z,2026-05-18T12:15:00+0200,214.9875,MW,FR,FR,forecast_offshore_wind_generation,Wind Offshore,2026-05-26T14:20:23Z
2026-05-26T14:19:27Z,2026-05-26T16:19:27+0200,9d8474b6-9a07-4a7a-8e0f-b65ff32620de,2026-05-18T10:30:00Z,2026-05-18T12:30:00+0200,217.095,MW,FR,FR,forecast_offshore_wind_generation,Wind Offshore,2026-05-26T14:20:23Z
2026-05-26T14:19:27Z,2026-05-26T16:19:27+0200,9d8474b6-9a07-4a7a-8e0f-b65ff32620de,2026-05-18T10:45:00Z,2026-05-18T12:45:00+0200,219.2025,MW,FR,FR,forecast_offshore_wind_generation,Wind Offshore,2026-05-26T14:20:23Z
2026-05-26T14:19:27Z,2026-05-26T16:19:27+0200,9d8474b6-9a07-4a7a-8e0f-b65ff32620de,2026-05-18T11:00:00Z,2026-05-18T13:00:00+0200,221.31001,MW,FR,FR,forecast_offshore_wind_generation,Wind Offshore,2026-05-26T14:20:23Z
2026-05-26T14:19:27Z,2026-05-26T16:19:27+0200,9d8474b6-9a07-4a7a-8e0f-b65ff32620de,2026-05-18T11:15:00Z,2026-05-18T13:15:00+0200,231.08749,MW,FR,FR,forecast_offshore_wind_generation,Wind Offshore,2026-05-26T14:20:23Z
2026-05-26T14:19:27Z,2026-05-26T16:19:27+0200,9d8474b6-9a07-4a7a-8e0f-b65ff32620de,2026-05-18T11:30:00Z,2026-05-18T13:30:00+0200,240.86499,MW,FR,FR,forecast_offshore_wind_generation,Wind Offshore,2026-05-26T14:20:23Z
2026-05-26T14:19:27Z,2026-05-26T16:19:27+0200,9d8474b6-9a07-4a7a-8e0f-b65ff32620de,2026-05-18T11:45:00Z,2026-05-18T13:45:00+0200,250.6425,MW,FR,FR,forecast_offshore_wind_generation,Wind Offshore,2026-05-26T14:20:23Z
2026-05-26T14:19:27Z,2026-05-26T16:19:27+0200,9d8474b6-9a07-4a7a-8e0f-b65ff32620de,2026-05-18T12:00:00Z,2026-05-18T14:00:00+0200,260.41998,MW,FR,FR,forecast_offshore_wind_generation,Wind Offshore,2026-05-26T14:20:23Z
2026-05-26T14:19:27Z,2026-05-26T16:19:27+0200,9d8474b6-9a07-4a7a-8e0f-b65ff32620de,2026-05-18T12:15:00Z,2026-05-18T14:15:00+0200,273.05499,MW,FR,FR,forecast_offshore_wind_generation,Wind Offshore,2026-05-26T14:20:23Z
2026-05-26T14:19:27Z,2026-05-26T16:19:27+0200,9d8474b6-9a07-4a7a-8e0f-b65ff32620de,2026-05-18T12:30:00Z,2026-05-18T14:30:00+0200,285.69,MW,FR,FR,forecast_offshore_wind_generation,Wind Offshore,2026-05-26T14:20:23Z
2026-05-26T14:19:27Z,2026-05-26T16:19:27+0200,9d8474b6-9a07-4a7a-8e0f-b65ff32620de,2026-05-18T12:45:00Z,2026-05-18T14:45:00+0200,298.32498,MW,FR,FR,forecast_offshore_wind_generation,Wind Offshore,2026-05-26T14:20:23Z
2026-05-26T14:19:27Z,2026-05-26T16:19:27+0200,9d8474b6-9a07-4a7a-8e0f-b65ff32620de,2026-05-18T13:00:00Z,2026-05-18T15:00:00+0200,310.95999,MW,FR,FR,forecast_offshore_wind_generation,Wind Offshore,2026-05-26T14:20:23Z
2026-05-26T14:19:27Z,2026-05-26T16:19:27+0200,9d8474b6-9a07-4a7a-8e0f-b65ff32620de,2026-05-18T13:15:00Z,2026-05-18T15:15:00+0200,313.22498,MW,FR,FR,forecast_offshore_wind_generation,Wind Offshore,2026-05-26T14:20:23Z
2026-05-26T14:19:27Z,2026-05-26T16:19:27+0200,9d8474b6-9a07-4a7a-8e0f-b65ff32620de,2026-05-18T13:30:00Z,2026-05-18T15:30:00+0200,315.48999,MW,FR,FR,forecast_offshore_wind_generation,Wind Offshore,2026-05-26T14:20:23Z
2026-05-26T14:19:27Z,2026-05-26T16:19:27+0200,9d8474b6-9a07-4a7a-8e0f-b65ff32620de,2026-05-18T13:45:00Z,2026-05-18T15:45:00+0200,317.755,MW,FR,FR,forecast_offshore_wind_generation,Wind Offshore,2026-05-26T14:20:23Z
2026-05-26T14:19:27Z,2026-05-26T16:19:27+0200,9d8474b6-9a07-4a7a-8e0f-b65ff32620de,2026-05-18T14:00:00Z,2026-05-18T16:00:00+0200,320.02002,MW,FR,FR,forecast_offshore_wind_generation,Wind Offshore,2026-05-26T14:20:23Z
2026-05-26T14:19:27Z,2026-05-26T16:19:27+0200,9d8474b6-9a07-4a7a-8e0f-b65ff32620de,2026-05-18T14:15:00Z,2026-05-18T16:15:00+0200,334.3125,MW,FR,FR,forecast_offshore_wind_generation,Wind Offshore,2026-05-26T14:20:23Z
2026-05-26T14:19:27Z,2026-05-26T16:19:27+0200,9d8474b6-9a07-4a7a-8e0f-b65ff32620de,2026-05-18T14:30:00Z,2026-05-18T16:30:00+0200,348.60504,MW,FR,FR,forecast_offshore_wind_generation,Wind Offshore,2026-05-26T14:20:23Z
2026-05-26T14:19:27Z,2026-05-26T16:19:27+0200,9d8474b6-9a07-4a7a-8e0f-b65ff32620de,2026-05-18T14:45:00Z,2026-05-18T16:45:00+0200,362.89746,MW,FR,FR,forecast_offshore_wind_generation,Wind Offshore,2026-05-26T14:20:23Z
2026-05-26T14:19:27Z,2026-05-26T16:19:27+0200,9d8474b6-9a07-4a7a-8e0f-b65ff32620de,2026-05-18T15:00:00Z,2026-05-18T17:00:00+0200,377.19,MW,FR,FR,forecast_offshore_wind_generation,Wind Offshore,2026-05-26T14:20:23Z
2026-05-26T14:19:27Z,2026-05-26T16:19:27+0200,9d8474b6-9a07-4a7a-8e0f-b65ff32620de,2026-05-18T15:15:00Z,2026-05-18T17:15:00+0200,368.99997,MW,FR,FR,forecast_offshore_wind_generation,Wind Offshore,2026-05-26T14:20:23Z
2026-05-26T14:19:27Z,2026-05-26T16:19:27+0200,9d8474b6-9a07-4a7a-8e0f-b65ff32620de,2026-05-18T15:30:00Z,2026-05-18T17:30:00+0200,360.81,MW,FR,FR,forecast_offshore_wind_generation,Wind Offshore,2026-05-26T14:20:23Z
2026-05-26T14:19:27Z,2026-05-26T16:19:27+0200,9d8474b6-9a07-4a7a-8e0f-b65ff32620de,2026-05-18T15:45:00Z,2026-05-18T17:45:00+0200,352.62,MW,FR,FR,forecast_offshore_wind_generation,Wind Offshore,2026-05-26T14:20:23Z
2026-05-26T14:19:27Z,2026-05-26T16:19:27+0200,9d8474b6-9a07-4a7a-8e0f-b65ff32620de,2026-05-18T16:00:00Z,2026-05-18T18:00:00+0200,344.42996,MW,FR,FR,forecast_offshore_wind_generation,Wind Offshore,2026-05-26T14:20:23Z
2026-05-26T14:19:27Z,2026-05-26T16:19:27+0200,9d8474b6-9a07-4a7a-8e0f-b65ff32620de,2026-05-18T16:15:00Z,2026-05-18T18:15:00+0200,369.61749,MW,FR,FR,forecast_offshore_wind_generation,Wind Offshore,2026-05-26T14:20:23Z
2026-05-26T14:19:27Z,2026-05-26T16:19:27+0200,9d8474b6-9a07-4a7a-8e0f-b65ff32620de,2026-05-18T16:30:00Z,2026-05-18T18:30:00+0200,394.80499,MW,FR,FR,forecast_offshore_wind_generation,Wind Offshore,2026-05-26T14:20:23Z
2026-05-26T14:19:27Z,2026-05-26T16:19:27+0200,9d8474b6-9a07-4a7a-8e0f-b65ff32620de,2026-05-18T16:45:00Z,2026-05-18T18:45:00+0200,419.99249,MW,FR,FR,forecast_offshore_wind_generation,Wind Offshore,2026-05-26T14:20:23Z
2026-05-26T14:19:27Z,2026-05-26T16:19:27+0200,9d8474b6-9a07-4a7a-8e0f-b65ff32620de,2026-05-18T17:00:00Z,2026-05-18T19:00:00+0200,445.17999,MW,FR,FR,forecast_offshore_wind_generation,Wind Offshore,2026-05-26T14:20:23Z
2026-05-26T14:19:27Z,2026-05-26T16:19:27+0200,9d8474b6-9a07-4a7a-8e0f-b65ff32620de,2026-05-18T17:15:00Z,2026-05-18T19:15:00+0200,449.065,MW,FR,FR,forecast_offshore_wind_generation,Wind Offshore,2026-05-26T14:20:23Z
2026-05-26T14:19:27Z,2026-05-26T16:19:27+0200,9d8474b6-9a07-4a7a-8e0f-b65ff32620de,2026-05-18T17:30:00Z,2026-05-18T19:30:00+0200,452.95001,MW,FR,FR,forecast_offshore_wind_generation,Wind Offshore,2026-05-26T14:20:23Z
2026-05-26T14:19:27Z,2026-05-26T16:19:27+0200,9d8474b6-9a07-4a7a-8e0f-b65ff32620de,2026-05-18T17:45:00Z,2026-05-18T19:45:00+0200,456.83496,MW,FR,FR,forecast_offshore_wind_generation,Wind Offshore,2026-05-26T14:20:23Z
2026-05-26T14:19:27Z,2026-05-26T16:19:27+0200,9d8474b6-9a07-4a7a-8e0f-b65ff32620de,2026-05-18T18:00:00Z,2026-05-18T20:00:00+0200,460.71997,MW,FR,FR,forecast_offshore_wind_generation,Wind Offshore,2026-05-26T14:20:23Z
2026-05-26T14:19:27Z,2026-05-26T16:19:27+0200,9d8474b6-9a07-4a7a-8e0f-b65ff32620de,2026-05-18T18:15:00Z,2026-05-18T20:15:00+0200,492.125,MW,FR,FR,forecast_offshore_wind_generation,Wind Offshore,2026-05-26T14:20:23Z
2026-05-26T14:19:27Z,2026-05-26T16:19:27+0200,9d8474b6-9a07-4a7a-8e0f-b65ff32620de,2026-05-18T18:30:00Z,2026-05-18T20:30:00+0200,523.52997,MW,FR,FR,forecast_offshore_wind_generation,Wind Offshore,2026-05-26T14:20:23Z
2026-05-26T14:19:27Z,2026-05-26T16:19:27+0200,9d8474b6-9a07-4a7a-8e0f-b65ff32620de,2026-05-18T18:45:00Z,2026-05-18T20:45:00+0200,554.93506,MW,FR,FR,forecast_offshore_wind_generation,Wind Offshore,2026-05-26T14:20:23Z
2026-05-26T14:19:27Z,2026-05-26T16:19:27+0200,9d8474b6-9a07-4a7a-8e0f-b65ff32620de,2026-05-18T19:00:00Z,2026-05-18T21:00:00+0200,586.34003,MW,FR,FR,forecast_offshore_wind_generation,Wind Offshore,2026-05-26T14:20:23Z
2026-05-26T14:19:27Z,2026-05-26T16:19:27+0200,9d8474b6-9a07-4a7a-8e0f-b65ff32620de,2026-05-18T19:15:00Z,2026-05-18T21:15:00+0200,631.34998,MW,FR,FR,forecast_offshore_wind_generation,Wind Offshore,2026-05-26T14:20:23Z
2026-05-26T14:19:27Z,2026-05-26T16:19:27+0200,9d8474b6-9a07-4a7a-8e0f-b65ff32620de,2026-05-18T19:30:00Z,2026-05-18T21:30:00+0200,676.35999,MW,FR,FR,forecast_offshore_wind_generation,Wind Offshore,2026-05-26T14:20:23Z
2026-05-26T14:19:27Z,2026-05-26T16:19:27+0200,9d8474b6-9a07-4a7a-8e0f-b65ff32620de,2026-05-18T19:45:00Z,2026-05-18T21:45:00+0200,721.37,MW,FR,FR,forecast_offshore_wind_generation,Wind Offshore,2026-05-26T14:20:23Z
2026-05-26T14:19:27Z,2026-05-26T16:19:27+0200,9d8474b6-9a07-4a7a-8e0f-b65ff32620de,2026-05-18T20:00:00Z,2026-05-18T22:00:00+0200,766.38,MW,FR,FR,forecast_offshore_wind_generation,Wind Offshore,2026-05-26T14:20:23Z
2026-05-26T14:19:27Z,2026-05-26T16:19:27+0200,9d8474b6-9a07-4a7a-8e0f-b65ff32620de,2026-05-18T20:15:00Z,2026-05-18T22:15:00+0200,788.75,MW,FR,FR,forecast_offshore_wind_generation,Wind Offshore,2026-05-26T14:20:23Z
2026-05-26T14:19:27Z,2026-05-26T16:19:27+0200,9d8474b6-9a07-4a7a-8e0f-b65ff32620de,2026-05-18T20:30:00Z,2026-05-18T22:30:00+0200,811.12,MW,FR,FR,forecast_offshore_wind_generation,Wind Offshore,2026-05-26T14:20:23Z
2026-05-26T14:19:27Z,2026-05-26T16:19:27+0200,9d8474b6-9a07-4a7a-8e0f-b65ff32620de,2026-05-18T20:45:00Z,2026-05-18T22:45:00+0200,833.48999,MW,FR,FR,forecast_offshore_wind_generation,Wind Offshore,2026-05-26T14:20:23Z
2026-05-26T14:19:27Z,2026-05-26T16:19:27+0200,9d8474b6-9a07-4a7a-8e0f-b65ff32620de,2026-05-18T21:00:00Z,2026-05-18T23:00:00+0200,855.85999,MW,FR,FR,forecast_offshore_wind_generation,Wind Offshore,2026-05-26T14:20:23Z
2026-05-26T14:19:27Z,2026-05-26T16:19:27+0200,9d8474b6-9a07-4a7a-8e0f-b65ff32620de,2026-05-18T21:15:00Z,2026-05-18T23:15:00+0200,904.3125,MW,FR,FR,forecast_offshore_wind_generation,Wind Offshore,2026-05-26T14:20:23Z
2026-05-26T14:19:27Z,2026-05-26T16:19:27+0200,9d8474b6-9a07-4a7a-8e0f-b65ff32620de,2026-05-18T21:30:00Z,2026-05-18T23:30:00+0200,952.76501,MW,FR,FR,forecast_offshore_wind_generation,Wind Offshore,2026-05-26T14:20:23Z
2026-05-26T14:19:27Z,2026-05-26T16:19:27+0200,9d8474b6-9a07-4a7a-8e0f-b65ff32620de,2026-05-18T21:45:00Z,2026-05-18T23:45:00+0200,1001.21753,MW,FR,FR,forecast_offshore_wind_generation,Wind Offshore,2026-05-26T14:20:23Z
2026-05-26T14:19:27Z,2026-05-26T16:19:27+0200,9d8474b6-9a07-4a7a-8e0f-b65ff32620de,2026-05-18T22:00:00Z,2026-05-19T00:00:00+0200,923.24005,MW,FR,FR,forecast_offshore_wind_generation,Wind Offshore,2026-05-26T14:20:23Z
2026-05-26T14:19:27Z,2026-05-26T16:19:27+0200,9d8474b6-9a07-4a7a-8e0f-b65ff32620de,2026-05-18T22:15:00Z,2026-05-19T00:15:00+0200,980.31,MW,FR,FR,forecast_offshore_wind_generation,Wind Offshore,2026-05-26T14:20:23Z
2026-05-26T14:19:27Z,2026-05-26T16:19:27+0200,9d8474b6-9a07-4a7a-8e0f-b65ff32620de,2026-05-18T22:30:00Z,2026-05-19T00:30:00+0200,1037.38,MW,FR,FR,forecast_offshore_wind_generation,Wind Offshore,2026-05-26T14:20:23Z
2026-05-26T14:19:27Z,2026-05-26T16:19:27+0200,9d8474b6-9a07-4a7a-8e0f-b65ff32620de,2026-05-18T22:45:00Z,2026-05-19T00:45:00+0200,1094.15002,MW,FR,FR,forecast_offshore_wind_generation,Wind Offshore,2026-05-26T14:20:23Z
2026-05-26T14:19:27Z,2026-05-26T16:19:27+0200,9d8474b6-9a07-4a7a-8e0f-b65ff32620de,2026-05-18T23:00:00Z,2026-05-19T01:00:00+0200,1150.90002,MW,FR,FR,forecast_offshore_wind_generation,Wind Offshore,2026-05-26T14:20:23Z
2026-05-26T14:19:27Z,2026-05-26T16:19:27+0200,9d8474b6-9a07-4a7a-8e0f-b65ff32620de,2026-05-18T23:15:00Z,2026-05-19T01:15:00+0200,1174.48999,MW,FR,FR,forecast_offshore_wind_generation,Wind Offshore,2026-05-26T14:20:23Z
2026-05-26T14:19:27Z,2026-05-26T16:19:27+0200,9d8474b6-9a07-4a7a-8e0f-b65ff32620de,2026-05-18T23:30:00Z,2026-05-19T01:30:00+0200,1198.08997,MW,FR,FR,forecast_offshore_wind_generation,Wind Offshore,2026-05-26T14:20:23Z
2026-05-26T14:19:27Z,2026-05-26T16:19:27+0200,9d8474b6-9a07-4a7a-8e0f-b65ff32620de,2026-05-18T23:45:00Z,2026-05-19T01:45:00+0200,1221.57007,MW,FR,FR,forecast_offshore_wind_generation,Wind Offshore,2026-05-26T14:20:23Z
2026-05-26T14:19:27Z,2026-05-26T16:19:27+0200,9d8474b6-9a07-4a7a-8e0f-b65ff32620de,2026-05-19T00:00:00Z,2026-05-19T02:00:00+0200,1245.05005,MW,FR,FR,forecast_offshore_wind_generation,Wind Offshore,2026-05-26T14:20:23Z
2026-05-26T14:19:27Z,2026-05-26T16:19:27+0200,9d8474b6-9a07-4a7a-8e0f-b65ff32620de,2026-05-19T00:15:00Z,2026-05-19T02:15:00+0200,1254.05005,MW,FR,FR,forecast_offshore_wind_generation,Wind Offshore,2026-05-26T14:20:23Z
2026-05-26T14:19:27Z,2026-05-26T16:19:27+0200,9d8474b6-9a07-4a7a-8e0f-b65ff32620de,2026-05-19T00:30:00Z,2026-05-19T02:30:00+0200,1263.05005,MW,FR,FR,forecast_offshore_wind_generation,Wind Offshore,2026-05-26T14:20:23Z
2026-05-26T14:19:27Z,2026-05-26T16:19:27+0200,9d8474b6-9a07-4a7a-8e0f-b65ff32620de,2026-05-19T00:45:00Z,2026-05-19T02:45:00+0200,1272.02991,MW,FR,FR,forecast_offshore_wind_generation,Wind Offshore,2026-05-26T14:20:23Z
2026-05-26T14:19:27Z,2026-05-26T16:19:27+0200,9d8474b6-9a07-4a7a-8e0f-b65ff32620de,2026-05-19T01:00:00Z,2026-05-19T03:00:00+0200,1281.04004,MW,FR,FR,forecast_offshore_wind_generation,Wind Offshore,2026-05-26T14:20:23Z
2026-05-26T14:19:27Z,2026-05-26T16:19:27+0200,9d8474b6-9a07-4a7a-8e0f-b65ff32620de,2026-05-19T01:15:00Z,2026-05-19T03:15:00+0200,1322.20007,MW,FR,FR,forecast_offshore_wind_generation,Wind Offshore,2026-05-26T14:20:23Z
2026-05-26T14:19:27Z,2026-05-26T16:19:27+0200,9d8474b6-9a07-4a7a-8e0f-b65ff32620de,2026-05-19T01:30:00Z,2026-05-19T03:30:00+0200,1363.35999,MW,FR,FR,forecast_offshore_wind_generation,Wind Offshore,2026-05-26T14:20:23Z
2026-05-26T14:19:27Z,2026-05-26T16:19:27+0200,9d8474b6-9a07-4a7a-8e0f-b65ff32620de,2026-05-19T01:45:00Z,2026-05-19T03:45:00+0200,1404.53003,MW,FR,FR,forecast_offshore_wind_generation,Wind Offshore,2026-05-26T14:20:23Z
2026-05-26T14:19:27Z,2026-05-26T16:19:27+0200,9d8474b6-9a07-4a7a-8e0f-b65ff32620de,2026-05-19T02:00:00Z,2026-05-19T04:00:00+0200,1445.69995,MW,FR,FR,forecast_offshore_wind_generation,Wind Offshore,2026-05-26T14:20:23Z
2026-05-26T14:19:27Z,2026-05-26T16:19:27+0200,9d8474b6-9a07-4a7a-8e0f-b65ff32620de,2026-05-19T02:15:00Z,2026-05-19T04:15:00+0200,1464.92004,MW,FR,FR,forecast_offshore_wind_generation,Wind Offshore,2026-05-26T14:20:23Z
2026-05-26T14:19:27Z,2026-05-26T16:19:27+0200,9d8474b6-9a07-4a7a-8e0f-b65ff32620de,2026-05-19T02:30:00Z,2026-05-19T04:30:00+0200,1484.13,MW,FR,FR,forecast_offshore_wind_generation,Wind Offshore,2026-05-26T14:20:23Z
2026-05-26T14:19:27Z,2026-05-26T16:19:27+0200,9d8474b6-9a07-4a7a-8e0f-b65ff32620de,2026-05-19T02:45:00Z,2026-05-19T04:45:00+0200,1503.33997,MW,FR,FR,forecast_offshore_wind_generation,Wind Offshore,2026-05-26T14:20:23Z
2026-05-26T14:19:27Z,2026-05-26T16:19:27+0200,9d8474b6-9a07-4a7a-8e0f-b65ff32620de,2026-05-19T03:00:00Z,2026-05-19T05:00:00+0200,1522.53003,MW,FR,FR,forecast_offshore_wind_generation,Wind Offshore,2026-05-26T14:20:23Z
2026-05-26T14:19:27Z,2026-05-26T16:19:27+0200,9d8474b6-9a07-4a7a-8e0f-b65ff32620de,2026-05-19T03:15:00Z,2026-05-19T05:15:00+0200,1512.55994,MW,FR,FR,forecast_offshore_wind_generation,Wind Offshore,2026-05-26T14:20:23Z
2026-05-26T14:19:27Z,2026-05-26T16:19:27+0200,9d8474b6-9a07-4a7a-8e0f-b65ff32620de,2026-05-19T03:30:00Z,2026-05-19T05:30:00+0200,1502.57007,MW,FR,FR,forecast_offshore_wind_generation,Wind Offshore,2026-05-26T14:20:23Z
2026-05-26T14:19:27Z,2026-05-26T16:19:27+0200,9d8474b6-9a07-4a7a-8e0f-b65ff32620de,2026-05-19T03:45:00Z,2026-05-19T05:45:00+0200,1492.51001,MW,FR,FR,forecast_offshore_wind_generation,Wind Offshore,2026-05-26T14:20:23Z
2026-05-26T14:19:27Z,2026-05-26T16:19:27+0200,9d8474b6-9a07-4a7a-8e0f-b65ff32620de,2026-05-19T04:00:00Z,2026-05-19T06:00:00+0200,1482.42993,MW,FR,FR,forecast_offshore_wind_generation,Wind Offshore,2026-05-26T14:20:23Z
2026-05-26T14:19:27Z,2026-05-26T16:19:27+0200,9d8474b6-9a07-4a7a-8e0f-b65ff32620de,2026-05-19T04:15:00Z,2026-05-19T06:15:00+0200,1501.42993,MW,FR,FR,forecast_offshore_wind_generation,Wind Offshore,2026-05-26T14:20:23Z
2026-05-26T14:19:27Z,2026-05-26T16:19:27+0200,9d8474b6-9a07-4a7a-8e0f-b65ff32620de,2026-05-19T04:30:00Z,2026-05-19T06:30:00+0200,1520.43005,MW,FR,FR,forecast_offshore_wind_generation,Wind Offshore,2026-05-26T14:20:23Z
2026-05-26T14:19:27Z,2026-05-26T16:19:27+0200,9d8474b6-9a07-4a7a-8e0f-b65ff32620de,2026-05-19T04:45:00Z,2026-05-19T06:45:00+0200,1539.3501,MW,FR,FR,forecast_offshore_wind_generation,Wind Offshore,2026-05-26T14:20:23Z
2026-05-26T14:19:27Z,2026-05-26T16:19:27+0200,9d8474b6-9a07-4a7a-8e0f-b65ff32620de,2026-05-19T05:00:00Z,2026-05-19T07:00:00+0200,1558.25,MW,FR,FR,forecast_offshore_wind_generation,Wind Offshore,2026-05-26T14:20:23Z
2026-05-26T14:19:27Z,2026-05-26T16:19:27+0200,9d8474b6-9a07-4a7a-8e0f-b65ff32620de,2026-05-19T05:15:00Z,2026-05-19T07:15:00+0200,1550.10999,MW,FR,FR,forecast_offshore_wind_generation,Wind Offshore,2026-05-26T14:20:23Z
2026-05-26T14:19:27Z,2026-05-26T16:19:27+0200,9d8474b6-9a07-4a7a-8e0f-b65ff32620de,2026-05-19T05:30:00Z,2026-05-19T07:30:00+0200,1541.95996,MW,FR,FR,forecast_offshore_wind_generation,Wind Offshore,2026-05-26T14:20:23Z
2026-05-26T14:19:27Z,2026-05-26T16:19:27+0200,9d8474b6-9a07-4a7a-8e0f-b65ff32620de,2026-05-19T05:45:00Z,2026-05-19T07:45:00+0200,1533.71997,MW,FR,FR,forecast_offshore_wind_generation,Wind Offshore,2026-05-26T14:20:23Z
2026-05-26T14:19:27Z,2026-05-26T16:19:27+0200,9d8474b6-9a07-4a7a-8e0f-b65ff32620de,2026-05-19T06:00:00Z,2026-05-19T08:00:00+0200,1525.47998,MW,FR,FR,forecast_offshore_wind_generation,Wind Offshore,2026-05-26T14:20:23Z
2026-05-26T14:19:27Z,2026-05-26T16:19:27+0200,9d8474b6-9a07-4a7a-8e0f-b65ff32620de,2026-05-19T06:15:00Z,2026-05-19T08:15:00+0200,1525.90002,MW,FR,FR,forecast_offshore_wind_generation,Wind Offshore,2026-05-26T14:20:23Z
2026-05-26T14:19:27Z,2026-05-26T16:19:27+0200,9d8474b6-9a07-4a7a-8e0f-b65ff32620de,2026-05-19T06:30:00Z,2026-05-19T08:30:00+0200,1526.32007,MW,FR,FR,forecast_offshore_wind_generation,Wind Offshore,2026-05-26T14:20:23Z
2026-05-26T14:19:27Z,2026-05-26T16:19:27+0200,9d8474b6-9a07-4a7a-8e0f-b65ff32620de,2026-05-19T06:45:00Z,2026-05-19T08:45:00+0200,1526.65991,MW,FR,FR,forecast_offshore_wind_generation,Wind Offshore,2026-05-26T14:20:23Z
2026-05-26T14:19:27Z,2026-05-26T16:19:27+0200,9d8474b6-9a07-4a7a-8e0f-b65ff32620de,2026-05-19T07:00:00Z,2026-05-19T09:00:00+0200,1527.03003,MW,FR,FR,forecast_offshore_wind_generation,Wind Offshore,2026-05-26T14:20:23Z
2026-05-26T14:19:27Z,2026-05-26T16:19:27+0200,9d8474b6-9a07-4a7a-8e0f-b65ff32620de,2026-05-19T07:15:00Z,2026-05-19T09:15:00+0200,1501.42993,MW,FR,FR,forecast_offshore_wind_generation,Wind Offshore,2026-05-26T14:20:23Z
2026-05-26T14:19:27Z,2026-05-26T16:19:27+0200,9d8474b6-9a07-4a7a-8e0f-b65ff32620de,2026-05-19T07:30:00Z,2026-05-19T09:30:00+0200,1475.81006,MW,FR,FR,forecast_offshore_wind_generation,Wind Offshore,2026-05-26T14:20:23Z
2026-05-26T14:19:27Z,2026-05-26T16:19:27+0200,9d8474b6-9a07-4a7a-8e0f-b65ff32620de,2026-05-19T07:45:00Z,2026-05-19T09:45:00+0200,1450.17993,MW,FR,FR,forecast_offshore_wind_generation,Wind Offshore,2026-05-26T14:20:23Z
2026-05-26T14:19:27Z,2026-05-26T16:19:27+0200,9d8474b6-9a07-4a7a-8e0f-b65ff32620de,2026-05-19T08:00:00Z,2026-05-19T10:00:00+0200,1424.56995,MW,FR,FR,forecast_offshore_wind_generation,Wind Offshore,2026-05-26T14:20:23Z
2026-05-26T14:19:27Z,2026-05-26T16:19:27+0200,9d8474b6-9a07-4a7a-8e0f-b65ff32620de,2026-05-19T08:15:00Z,2026-05-19T10:15:00+0200,1408.8999,MW,FR,FR,forecast_offshore_wind_generation,Wind Offshore,2026-05-26T14:20:23Z
2026-05-26T14:19:27Z,2026-05-26T16:19:27+0200,9d8474b6-9a07-4a7a-8e0f-b65ff32620de,2026-05-19T08:30:00Z,2026-05-19T10:30:00+0200,1393.23999,MW,FR,FR,forecast_offshore_wind_generation,Wind Offshore,2026-05-26T14:20:23Z
2026-05-26T14:19:27Z,2026-05-26T16:19:27+0200,9d8474b6-9a07-4a7a-8e0f-b65ff32620de,2026-05-19T08:45:00Z,2026-05-19T10:45:00+0200,1377.56006,MW,FR,FR,forecast_offshore_wind_generation,Wind Offshore,2026-05-26T14:20:23Z
2026-05-26T14:19:27Z,2026-05-26T16:19:27+0200,9d8474b6-9a07-4a7a-8e0f-b65ff32620de,2026-05-19T09:00:00Z,2026-05-19T11:00:00+0200,1361.89001,MW,FR,FR,forecast_offshore_wind_generation,Wind Offshore,2026-05-26T14:20:23Z
2026-05-26T14:19:27Z,2026-05-26T16:19:27+0200,9d8474b6-9a07-4a7a-8e0f-b65ff32620de,2026-05-19T09:15:00Z,2026-05-19T11:15:00+0200,1349.97998,MW,FR,FR,forecast_offshore_wind_generation,Wind Offshore,2026-05-26T14:20:23Z
2026-05-26T14:19:27Z,2026-05-26T16:19:27+0200,9d8474b6-9a07-4a7a-8e0f-b65ff32620de,2026-05-19T09:30:00Z,2026-05-19T11:30:00+0200,1338.05994,MW,FR,FR,forecast_offshore_wind_generation,Wind Offshore,2026-05-26T14:20:23Z
2026-05-26T14:19:27Z,2026-05-26T16:19:27+0200,9d8474b6-9a07-4a7a-8e0f-b65ff32620de,2026-05-19T09:45:00Z,2026-05-19T11:45:00+0200,1326.13989,MW,FR,FR,forecast_offshore_wind_generation,Wind Offshore,2026-05-26T14:20:23Z
2026-05-26T14:19:27Z,2026-05-26T16:19:27+0200,9d8474b6-9a07-4a7a-8e0f-b65ff32620de,2026-05-19T10:00:00Z,2026-05-19T12:00:00+0200,1314.20996,MW,FR,FR,forecast_offshore_wind_generation,Wind Offshore,2026-05-26T14:20:23Z
2026-05-26T14:19:27Z,2026-05-26T16:19:27+0200,9d8474b6-9a07-4a7a-8e0f-b65ff32620de,2026-05-19T10:15:00Z,2026-05-19T12:15:00+0200,1299.66992,MW,FR,FR,forecast_offshore_wind_generation,Wind Offshore,2026-05-26T14:20:23Z
2026-05-26T14:19:27Z,2026-05-26T16:19:27+0200,9d8474b6-9a07-4a7a-8e0f-b65ff32620de,2026-05-19T10:30:00Z,2026-05-19T12:30:00+0200,1285.12,MW,FR,FR,forecast_offshore_wind_generation,Wind Offshore,2026-05-26T14:20:23Z
2026-05-26T14:19:27Z,2026-05-26T16:19:27+0200,9d8474b6-9a07-4a7a-8e0f-b65ff32620de,2026-05-19T10:45:00Z,2026-05-19T12:45:00+0200,1270.57996,MW,FR,FR,forecast_offshore_wind_generation,Wind Offshore,2026-05-26T14:20:23Z
2026-05-26T14:19:27Z,2026-05-26T16:19:27+0200,9d8474b6-9a07-4a7a-8e0f-b65ff32620de,2026-05-19T11:00:00Z,2026-05-19T13:00:00+0200,1256.13,MW,FR,FR,forecast_offshore_wind_generation,Wind Offshore,2026-05-26T14:20:23Z
2026-05-26T14:19:27Z,2026-05-26T16:19:27+0200,9d8474b6-9a07-4a7a-8e0f-b65ff32620de,2026-05-19T11:15:00Z,2026-05-19T13:15:00+0200,1247.83008,MW,FR,FR,forecast_offshore_wind_generation,Wind Offshore,2026-05-26T14:20:23Z
2026-05-26T14:19:27Z,2026-05-26T16:19:27+0200,9d8474b6-9a07-4a7a-8e0f-b65ff32620de,2026-05-19T11:30:00Z,2026-05-19T13:30:00+0200,1239.54004,MW,FR,FR,forecast_offshore_wind_generation,Wind Offshore,2026-05-26T14:20:23Z
2026-05-26T14:19:27Z,2026-05-26T16:19:27+0200,9d8474b6-9a07-4a7a-8e0f-b65ff32620de,2026-05-19T11:45:00Z,2026-05-19T13:45:00+0200,1231.22998,MW,FR,FR,forecast_offshore_wind_generation,Wind Offshore,2026-05-26T14:20:23Z
2026-05-26T14:19:27Z,2026-05-26T16:19:27+0200,9d8474b6-9a07-4a7a-8e0f-b65ff32620de,2026-05-19T12:00:00Z,2026-05-19T14:00:00+0200,1222.91003,MW,FR,FR,forecast_offshore_wind_generation,Wind Offshore,2026-05-26T14:20:23Z
2026-05-26T14:19:27Z,2026-05-26T16:19:27+0200,9d8474b6-9a07-4a7a-8e0f-b65ff32620de,2026-05-19T12:15:00Z,2026-05-19T14:15:00+0200,1204.67004,MW,FR,FR,forecast_offshore_wind_generation,Wind Offshore,2026-05-26T14:20:23Z
2026-05-26T14:19:27Z,2026-05-26T16:19:27+0200,9d8474b6-9a07-4a7a-8e0f-b65ff32620de,2026-05-19T12:30:00Z,2026-05-19T14:30:00+0200,1186.45007,MW,FR,FR,forecast_offshore_wind_generation,Wind Offshore,2026-05-26T14:20:23Z
2026-05-26T14:19:27Z,2026-05-26T16:19:27+0200,9d8474b6-9a07-4a7a-8e0f-b65ff32620de,2026-05-19T12:45:00Z,2026-05-19T14:45:00+0200,1168.20996,MW,FR,FR,forecast_offshore_wind_generation,Wind Offshore,2026-05-26T14:20:23Z
2026-05-26T14:19:27Z,2026-05-26T16:19:27+0200,9d8474b6-9a07-4a7a-8e0f-b65ff32620de,2026-05-19T13:00:00Z,2026-05-19T15:00:00+0200,1149.97998,MW,FR,FR,forecast_offshore_wind_generation,Wind Offshore,2026-05-26T14:20:23Z
2026-05-26T14:19:27Z,2026-05-26T16:19:27+0200,9d8474b6-9a07-4a7a-8e0f-b65ff32620de,2026-05-19T13:15:00Z,2026-05-19T15:15:00+0200,1164.27991,MW,FR,FR,forecast_offshore_wind_generation,Wind Offshore,2026-05-26T14:20:23Z
2026-05-26T14:19:27Z,2026-05-26T16:19:27+0200,9d8474b6-9a07-4a7a-8e0f-b65ff32620de,2026-05-19T13:30:00Z,2026-05-19T15:30:00+0200,1178.58997,MW,FR,FR,forecast_offshore_wind_generation,Wind Offshore,2026-05-26T14:20:23Z
2026-05-26T14:19:27Z,2026-05-26T16:19:27+0200,9d8474b6-9a07-4a7a-8e0f-b65ff32620de,2026-05-19T13:45:00Z,2026-05-19T15:45:00+0200,1192.94006,MW,FR,FR,forecast_offshore_wind_generation,Wind Offshore,2026-05-26T14:20:23Z
2026-05-26T14:19:27Z,2026-05-26T16:19:27+0200,9d8474b6-9a07-4a7a-8e0f-b65ff32620de,2026-05-19T14:00:00Z,2026-05-19T16:00:00+0200,1207.29004,MW,FR,FR,forecast_offshore_wind_generation,Wind Offshore,2026-05-26T14:20:23Z
2026-05-26T14:19:27Z,2026-05-26T16:19:27+0200,9d8474b6-9a07-4a7a-8e0f-b65ff32620de,2026-05-19T14:15:00Z,2026-05-19T16:15:00+0200,1220.91992,MW,FR,FR,forecast_offshore_wind_generation,Wind Offshore,2026-05-26T14:20:23Z
2026-05-26T14:19:27Z,2026-05-26T16:19:27+0200,9d8474b6-9a07-4a7a-8e0f-b65ff32620de,2026-05-19T14:30:00Z,2026-05-19T16:30:00+0200,1234.54004,MW,FR,FR,forecast_offshore_wind_generation,Wind Offshore,2026-05-26T14:20:23Z
2026-05-26T14:19:27Z,2026-05-26T16:19:27+0200,9d8474b6-9a07-4a7a-8e0f-b65ff32620de,2026-05-19T14:45:00Z,2026-05-19T16:45:00+0200,1248.22998,MW,FR,FR,forecast_offshore_wind_generation,Wind Offshore,2026-05-26T14:20:23Z
2026-05-26T14:19:27Z,2026-05-26T16:19:27+0200,9d8474b6-9a07-4a7a-8e0f-b65ff32620de,2026-05-19T15:00:00Z,2026-05-19T17:00:00+0200,1261.92993,MW,FR,FR,forecast_offshore_wind_generation,Wind Offshore,2026-05-26T14:20:23Z
2026-05-26T14:19:27Z,2026-05-26T16:19:27+0200,9d8474b6-9a07-4a7a-8e0f-b65ff32620de,2026-05-19T15:15:00Z,2026-05-19T17:15:00+0200,1252.62012,MW,FR,FR,forecast_offshore_wind_generation,Wind Offshore,2026-05-26T14:20:23Z
2026-05-26T14:19:27Z,2026-05-26T16:19:27+0200,9d8474b6-9a07-4a7a-8e0f-b65ff32620de,2026-05-19T15:30:00Z,2026-05-19T17:30:00+0200,1243.30994,MW,FR,FR,forecast_offshore_wind_generation,Wind Offshore,2026-05-26T14:20:23Z
2026-05-26T14:19:27Z,2026-05-26T16:19:27+0200,9d8474b6-9a07-4a7a-8e0f-b65ff32620de,2026-05-19T15:45:00Z,2026-05-19T17:45:00+0200,1234.06006,MW,FR,FR,forecast_offshore_wind_generation,Wind Offshore,2026-05-26T14:20:23Z
2026-05-26T14:19:27Z,2026-05-26T16:19:27+0200,9d8474b6-9a07-4a7a-8e0f-b65ff32620de,2026-05-19T16:00:00Z,2026-05-19T18:00:00+0200,1224.82996,MW,FR,FR,forecast_offshore_wind_generation,Wind Offshore,2026-05-26T14:20:23Z
2026-05-26T14:19:27Z,2026-05-26T16:19:27+0200,9d8474b6-9a07-4a7a-8e0f-b65ff32620de,2026-05-19T16:15:00Z,2026-05-19T18:15:00+0200,1220.57007,MW,FR,FR,forecast_offshore_wind_generation,Wind Offshore,2026-05-26T14:20:23Z
2026-05-26T14:19:27Z,2026-05-26T16:19:27+0200,9d8474b6-9a07-4a7a-8e0f-b65ff32620de,2026-05-19T16:30:00Z,2026-05-19T18:30:00+0200,1216.28992,MW,FR,FR,forecast_offshore_wind_generation,Wind Offshore,2026-05-26T14:20:23Z
2026-05-26T14:19:27Z,2026-05-26T16:19:27+0200,9d8474b6-9a07-4a7a-8e0f-b65ff32620de,2026-05-19T16:45:00Z,2026-05-19T18:45:00+0200,1212.08997,MW,FR,FR,forecast_offshore_wind_generation,Wind Offshore,2026-05-26T14:20:23Z
2026-05-26T14:19:27Z,2026-05-26T16:19:27+0200,9d8474b6-9a07-4a7a-8e0f-b65ff32620de,2026-05-19T17:00:00Z,2026-05-19T19:00:00+0200,1207.87,MW,FR,FR,forecast_offshore_wind_generation,Wind Offshore,2026-05-26T14:20:23Z
2026-05-26T14:19:27Z,2026-05-26T16:19:27+0200,9d8474b6-9a07-4a7a-8e0f-b65ff32620de,2026-05-19T17:15:00Z,2026-05-19T19:15:00+0200,1190.45007,MW,FR,FR,forecast_offshore_wind_generation,Wind Offshore,2026-05-26T14:20:23Z
2026-05-26T14:19:27Z,2026-05-26T16:19:27+0200,9d8474b6-9a07-4a7a-8e0f-b65ff32620de,2026-05-19T17:30:00Z,2026-05-19T19:30:00+0200,1173.00012,MW,FR,FR,forecast_offshore_wind_generation,Wind Offshore,2026-05-26T14:20:23Z
2026-05-26T14:19:27Z,2026-05-26T16:19:27+0200,9d8474b6-9a07-4a7a-8e0f-b65ff32620de,2026-05-19T17:45:00Z,2026-05-19T19:45:00+0200,1155.63989,MW,FR,FR,forecast_offshore_wind_generation,Wind Offshore,2026-05-26T14:20:23Z
2026-05-26T14:19:27Z,2026-05-26T16:19:27+0200,9d8474b6-9a07-4a7a-8e0f-b65ff32620de,2026-05-19T18:00:00Z,2026-05-19T20:00:00+0200,1138.28003,MW,FR,FR,forecast_offshore_wind_generation,Wind Offshore,2026-05-26T14:20:23Z
2026-05-26T14:19:27Z,2026-05-26T16:19:27+0200,9d8474b6-9a07-4a7a-8e0f-b65ff32620de,2026-05-19T18:15:00Z,2026-05-19T20:15:00+0200,1150.63989,MW,FR,FR,forecast_offshore_wind_generation,Wind Offshore,2026-05-26T14:20:23Z
2026-05-26T14:19:27Z,2026-05-26T16:19:27+0200,9d8474b6-9a07-4a7a-8e0f-b65ff32620de,2026-05-19T18:30:00Z,2026-05-19T20:30:00+0200,1163.0,MW,FR,FR,forecast_offshore_wind_generation,Wind Offshore,2026-05-26T14:20:23Z
2026-05-26T14:19:27Z,2026-05-26T16:19:27+0200,9d8474b6-9a07-4a7a-8e0f-b65ff32620de,2026-05-19T18:45:00Z,2026-05-19T20:45:00+0200,1175.32996,MW,FR,FR,forecast_offshore_wind_generation,Wind Offshore,2026-05-26T14:20:23Z
2026-05-26T14:19:27Z,2026-05-26T16:19:27+0200,9d8474b6-9a07-4a7a-8e0f-b65ff32620de,2026-05-19T19:00:00Z,2026-05-19T21:00:00+0200,1187.65002,MW,FR,FR,forecast_offshore_wind_generation,Wind Offshore,2026-05-26T14:20:23Z
2026-05-26T14:19:27Z,2026-05-26T16:19:27+0200,9d8474b6-9a07-4a7a-8e0f-b65ff32620de,2026-05-19T19:15:00Z,2026-05-19T21:15:00+0200,1177.72998,MW,FR,FR,forecast_offshore_wind_generation,Wind Offshore,2026-05-26T14:20:23Z
2026-05-26T14:19:27Z,2026-05-26T16:19:27+0200,9d8474b6-9a07-4a7a-8e0f-b65ff32620de,2026-05-19T19:30:00Z,2026-05-19T21:30:00+0200,1167.80005,MW,FR,FR,forecast_offshore_wind_generation,Wind Offshore,2026-05-26T14:20:23Z
2026-05-26T14:19:27Z,2026-05-26T16:19:27+0200,9d8474b6-9a07-4a7a-8e0f-b65ff32620de,2026-05-19T19:45:00Z,2026-05-19T21:45:00+0200,1157.82996,MW,FR,FR,forecast_offshore_wind_generation,Wind Offshore,2026-05-26T14:20:23Z
2026-05-26T14:19:27Z,2026-05-26T16:19:27+0200,9d8474b6-9a07-4a7a-8e0f-b65ff32620de,2026-05-19T20:00:00Z,2026-05-19T22:00:00+0200,1147.88,MW,FR,FR,forecast_offshore_wind_generation,Wind Offshore,2026-05-26T14:20:23Z
2026-05-26T14:19:27Z,2026-05-26T16:19:27+0200,9d8474b6-9a07-4a7a-8e0f-b65ff32620de,2026-05-19T20:15:00Z,2026-05-19T22:15:00+0200,1170.59009,MW,FR,FR,forecast_offshore_wind_generation,Wind Offshore,2026-05-26T14:20:23Z
2026-05-26T14:19:27Z,2026-05-26T16:19:27+0200,9d8474b6-9a07-4a7a-8e0f-b65ff32620de,2026-05-19T20:30:00Z,2026-05-19T22:30:00+0200,1193.29004,MW,FR,FR,forecast_offshore_wind_generation,Wind Offshore,2026-05-26T14:20:23Z
2026-05-26T14:19:27Z,2026-05-26T16:19:27+0200,9d8474b6-9a07-4a7a-8e0f-b65ff32620de,2026-05-19T20:45:00Z,2026-05-19T22:45:00+0200,1215.92993,MW,FR,FR,forecast_offshore_wind_generation,Wind Offshore,2026-05-26T14:20:23Z
2026-05-26T14:19:27Z,2026-05-26T16:19:27+0200,9d8474b6-9a07-4a7a-8e0f-b65ff32620de,2026-05-19T21:00:00Z,2026-05-19T23:00:00+0200,1238.55005,MW,FR,FR,forecast_offshore_wind_generation,Wind Offshore,2026-05-26T14:20:23Z
2026-05-26T14:19:27Z,2026-05-26T16:19:27+0200,9d8474b6-9a07-4a7a-8e0f-b65ff32620de,2026-05-19T21:15:00Z,2026-05-19T23:15:00+0200,1225.39001,MW,FR,FR,forecast_offshore_wind_generation,Wind Offshore,2026-05-26T14:20:23Z
2026-05-26T14:19:27Z,2026-05-26T16:19:27+0200,9d8474b6-9a07-4a7a-8e0f-b65ff32620de,2026-05-19T21:30:00Z,2026-05-19T23:30:00+0200,1212.21997,MW,FR,FR,forecast_offshore_wind_generation,Wind Offshore,2026-05-26T14:20:23Z
2026-05-26T14:19:27Z,2026-05-26T16:19:27+0200,9d8474b6-9a07-4a7a-8e0f-b65ff32620de,2026-05-19T21:45:00Z,2026-05-19T23:45:00+0200,1198.97998,MW,FR,FR,forecast_offshore_wind_generation,Wind Offshore,2026-05-26T14:20:23Z
2026-05-26T14:19:27Z,2026-05-26T16:19:27+0200,9d8474b6-9a07-4a7a-8e0f-b65ff32620de,2026-05-19T22:00:00Z,2026-05-20T00:00:00+0200,1142.19995,MW,FR,FR,forecast_offshore_wind_generation,Wind Offshore,2026-05-26T14:20:23Z
2026-05-26T14:19:27Z,2026-05-26T16:19:27+0200,9d8474b6-9a07-4a7a-8e0f-b65ff32620de,2026-05-19T22:15:00Z,2026-05-20T00:15:00+0200,1152.73999,MW,FR,FR,forecast_offshore_wind_generation,Wind Offshore,2026-05-26T14:20:23Z
2026-05-26T14:19:27Z,2026-05-26T16:19:27+0200,9d8474b6-9a07-4a7a-8e0f-b65ff32620de,2026-05-19T22:30:00Z,2026-05-20T00:30:00+0200,1163.28003,MW,FR,FR,forecast_offshore_wind_generation,Wind Offshore,2026-05-26T14:20:23Z
2026-05-26T14:19:27Z,2026-05-26T16:19:27+0200,9d8474b6-9a07-4a7a-8e0f-b65ff32620de,2026-05-19T22:45:00Z,2026-05-20T00:45:00+0200,1173.58997,MW,FR,FR,forecast_offshore_wind_generation,Wind Offshore,2026-05-26T14:20:23Z
2026-05-26T14:19:27Z,2026-05-26T16:19:27+0200,9d8474b6-9a07-4a7a-8e0f-b65ff32620de,2026-05-19T23:00:00Z,2026-05-20T01:00:00+0200,1183.88989,MW,FR,FR,forecast_offshore_wind_generation,Wind Offshore,2026-05-26T14:20:23Z
2026-05-26T14:19:27Z,2026-05-26T16:19:27+0200,9d8474b6-9a07-4a7a-8e0f-b65ff32620de,2026-05-19T23:15:00Z,2026-05-20T01:15:00+0200,1167.0,MW,FR,FR,forecast_offshore_wind_generation,Wind Offshore,2026-05-26T14:20:23Z
2026-05-26T14:19:27Z,2026-05-26T16:19:27+0200,9d8474b6-9a07-4a7a-8e0f-b65ff32620de,2026-05-19T23:30:00Z,2026-05-20T01:30:00+0200,1150.09009,MW,FR,FR,forecast_offshore_wind_generation,Wind Offshore,2026-05-26T14:20:23Z
2026-05-26T14:19:27Z,2026-05-26T16:19:27+0200,9d8474b6-9a07-4a7a-8e0f-b65ff32620de,2026-05-19T23:45:00Z,2026-05-20T01:45:00+0200,1133.20996,MW,FR,FR,forecast_offshore_wind_generation,Wind Offshore,2026-05-26T14:20:23Z
2026-05-26T14:19:27Z,2026-05-26T16:19:27+0200,9d8474b6-9a07-4a7a-8e0f-b65ff32620de,2026-05-20T00:00:00Z,2026-05-20T02:00:00+0200,1116.34998,MW,FR,FR,forecast_offshore_wind_generation,Wind Offshore,2026-05-26T14:20:23Z
2026-05-26T14:19:27Z,2026-05-26T16:19:27+0200,9d8474b6-9a07-4a7a-8e0f-b65ff32620de,2026-05-20T00:15:00Z,2026-05-20T02:15:00+0200,1122.09009,MW,FR,FR,forecast_offshore_wind_generation,Wind Offshore,2026-05-26T14:20:23Z
2026-05-26T14:19:27Z,2026-05-26T16:19:27+0200,9d8474b6-9a07-4a7a-8e0f-b65ff32620de,2026-05-20T00:30:00Z,2026-05-20T02:30:00+0200,1127.84998,MW,FR,FR,forecast_offshore_wind_generation,Wind Offshore,2026-05-26T14:20:23Z
2026-05-26T14:19:27Z,2026-05-26T16:19:27+0200,9d8474b6-9a07-4a7a-8e0f-b65ff32620de,2026-05-20T00:45:00Z,2026-05-20T02:45:00+0200,1133.63,MW,FR,FR,forecast_offshore_wind_generation,Wind Offshore,2026-05-26T14:20:23Z
2026-05-26T14:19:27Z,2026-05-26T16:19:27+0200,9d8474b6-9a07-4a7a-8e0f-b65ff32620de,2026-05-20T01:00:00Z,2026-05-20T03:00:00+0200,1139.40002,MW,FR,FR,forecast_offshore_wind_generation,Wind Offshore,2026-05-26T14:20:23Z
2026-05-26T14:19:27Z,2026-05-26T16:19:27+0200,9d8474b6-9a07-4a7a-8e0f-b65ff32620de,2026-05-20T01:15:00Z,2026-05-20T03:15:00+0200,1159.92004,MW,FR,FR,forecast_offshore_wind_generation,Wind Offshore,2026-05-26T14:20:23Z
2026-05-26T14:19:27Z,2026-05-26T16:19:27+0200,9d8474b6-9a07-4a7a-8e0f-b65ff32620de,2026-05-20T01:30:00Z,2026-05-20T03:30:00+0200,1180.42993,MW,FR,FR,forecast_offshore_wind_generation,Wind Offshore,2026-05-26T14:20:23Z
2026-05-26T14:19:27Z,2026-05-26T16:19:27+0200,9d8474b6-9a07-4a7a-8e0f-b65ff32620de,2026-05-20T01:45:00Z,2026-05-20T03:45:00+0200,1200.92993,MW,FR,FR,forecast_offshore_wind_generation,Wind Offshore,2026-05-26T14:20:23Z
2026-05-26T14:19:27Z,2026-05-26T16:19:27+0200,9d8474b6-9a07-4a7a-8e0f-b65ff32620de,2026-05-20T02:00:00Z,2026-05-20T04:00:00+0200,1221.41003,MW,FR,FR,forecast_offshore_wind_generation,Wind Offshore,2026-05-26T14:20:23Z
2026-05-26T14:19:27Z,2026-05-26T16:19:27+0200,9d8474b6-9a07-4a7a-8e0f-b65ff32620de,2026-05-20T02:15:00Z,2026-05-20T04:15:00+0200,1211.40002,MW,FR,FR,forecast_offshore_wind_generation,Wind Offshore,2026-05-26T14:20:23Z
2026-05-26T14:19:27Z,2026-05-26T16:19:27+0200,9d8474b6-9a07-4a7a-8e0f-b65ff32620de,2026-05-20T02:30:00Z,2026-05-20T04:30:00+0200,1201.39014,MW,FR,FR,forecast_offshore_wind_generation,Wind Offshore,2026-05-26T14:20:23Z
2026-05-26T14:19:27Z,2026-05-26T16:19:27+0200,9d8474b6-9a07-4a7a-8e0f-b65ff32620de,2026-05-20T02:45:00Z,2026-05-20T04:45:00+0200,1191.17993,MW,FR,FR,forecast_offshore_wind_generation,Wind Offshore,2026-05-26T14:20:23Z
2026-05-26T14:19:27Z,2026-05-26T16:19:27+0200,9d8474b6-9a07-4a7a-8e0f-b65ff32620de,2026-05-20T03:00:00Z,2026-05-20T05:00:00+0200,1180.96997,MW,FR,FR,forecast_offshore_wind_generation,Wind Offshore,2026-05-26T14:20:23Z
2026-05-26T14:19:27Z,2026-05-26T16:19:27+0200,9d8474b6-9a07-4a7a-8e0f-b65ff32620de,2026-05-20T03:15:00Z,2026-05-20T05:15:00+0200,1155.70007,MW,FR,FR,forecast_offshore_wind_generation,Wind Offshore,2026-05-26T14:20:23Z
2026-05-26T14:19:27Z,2026-05-26T16:19:27+0200,9d8474b6-9a07-4a7a-8e0f-b65ff32620de,2026-05-20T03:30:00Z,2026-05-20T05:30:00+0200,1130.43005,MW,FR,FR,forecast_offshore_wind_generation,Wind Offshore,2026-05-26T14:20:23Z
2026-05-26T14:19:27Z,2026-05-26T16:19:27+0200,9d8474b6-9a07-4a7a-8e0f-b65ff32620de,2026-05-20T03:45:00Z,2026-05-20T05:45:00+0200,1104.94995,MW,FR,FR,forecast_offshore_wind_generation,Wind Offshore,2026-05-26T14:20:23Z
2026-05-26T14:19:27Z,2026-05-26T16:19:27+0200,9d8474b6-9a07-4a7a-8e0f-b65ff32620de,2026-05-20T04:00:00Z,2026-05-20T06:00:00+0200,1079.46997,MW,FR,FR,forecast_offshore_wind_generation,Wind Offshore,2026-05-26T14:20:23Z
2026-05-26T14:19:27Z,2026-05-26T16:19:27+0200,9d8474b6-9a07-4a7a-8e0f-b65ff32620de,2026-05-20T04:15:00Z,2026-05-20T06:15:00+0200,1052.57996,MW,FR,FR,forecast_offshore_wind_generation,Wind Offshore,2026-05-26T14:20:23Z
2026-05-26T14:19:27Z,2026-05-26T16:19:27+0200,9d8474b6-9a07-4a7a-8e0f-b65ff32620de,2026-05-20T04:30:00Z,2026-05-20T06:30:00+0200,1025.66003,MW,FR,FR,forecast_offshore_wind_generation,Wind Offshore,2026-05-26T14:20:23Z
2026-05-26T14:19:27Z,2026-05-26T16:19:27+0200,9d8474b6-9a07-4a7a-8e0f-b65ff32620de,2026-05-20T04:45:00Z,2026-05-20T06:45:00+0200,998.57001,MW,FR,FR,forecast_offshore_wind_generation,Wind Offshore,2026-05-26T14:20:23Z
2026-05-26T14:19:27Z,2026-05-26T16:19:27+0200,9d8474b6-9a07-4a7a-8e0f-b65ff32620de,2026-05-20T05:00:00Z,2026-05-20T07:00:00+0200,971.48999,MW,FR,FR,forecast_offshore_wind_generation,Wind Offshore,2026-05-26T14:20:23Z
2026-05-26T14:19:27Z,2026-05-26T16:19:27+0200,9d8474b6-9a07-4a7a-8e0f-b65ff32620de,2026-05-20T05:15:00Z,2026-05-20T07:15:00+0200,960.02002,MW,FR,FR,forecast_offshore_wind_generation,Wind Offshore,2026-05-26T14:20:23Z
2026-05-26T14:19:27Z,2026-05-26T16:19:27+0200,9d8474b6-9a07-4a7a-8e0f-b65ff32620de,2026-05-20T05:30:00Z,2026-05-20T07:30:00+0200,948.54004,MW,FR,FR,forecast_offshore_wind_generation,Wind Offshore,2026-05-26T14:20:23Z
2026-05-26T14:19:27Z,2026-05-26T16:19:27+0200,9d8474b6-9a07-4a7a-8e0f-b65ff32620de,2026-05-20T05:45:00Z,2026-05-20T07:45:00+0200,936.95001,MW,FR,FR,forecast_offshore_wind_generation,Wind Offshore,2026-05-26T14:20:23Z
2026-05-26T14:19:27Z,2026-05-26T16:19:27+0200,9d8474b6-9a07-4a7a-8e0f-b65ff32620de,2026-05-20T06:00:00Z,2026-05-20T08:00:00+0200,925.35999,MW,FR,FR,forecast_offshore_wind_generation,Wind Offshore,2026-05-26T14:20:23Z
2026-05-26T14:19:27Z,2026-05-26T16:19:27+0200,9d8474b6-9a07-4a7a-8e0f-b65ff32620de,2026-05-20T06:15:00Z,2026-05-20T08:15:00+0200,899.26996,MW,FR,FR,forecast_offshore_wind_generation,Wind Offshore,2026-05-26T14:20:23Z
2026-05-26T14:19:27Z,2026-05-26T16:19:27+0200,9d8474b6-9a07-4a7a-8e0f-b65ff32620de,2026-05-20T06:30:00Z,2026-05-20T08:30:00+0200,873.16003,MW,FR,FR,forecast_offshore_wind_generation,Wind Offshore,2026-05-26T14:20:23Z
2026-05-26T14:19:27Z,2026-05-26T16:19:27+0200,9d8474b6-9a07-4a7a-8e0f-b65ff32620de,2026-05-20T06:45:00Z,2026-05-20T08:45:00+0200,846.99005,MW,FR,FR,forecast_offshore_wind_generation,Wind Offshore,2026-05-26T14:20:23Z
2026-05-26T14:19:27Z,2026-05-26T16:19:27+0200,9d8474b6-9a07-4a7a-8e0f-b65ff32620de,2026-05-20T07:00:00Z,2026-05-20T09:00:00+0200,820.84998,MW,FR,FR,forecast_offshore_wind_generation,Wind Offshore,2026-05-26T14:20:23Z
2026-05-26T14:19:27Z,2026-05-26T16:19:27+0200,9d8474b6-9a07-4a7a-8e0f-b65ff32620de,2026-05-20T07:15:00Z,2026-05-20T09:15:00+0200,794.0,MW,FR,FR,forecast_offshore_wind_generation,Wind Offshore,2026-05-26T14:20:23Z
2026-05-26T14:19:27Z,2026-05-26T16:19:27+0200,9d8474b6-9a07-4a7a-8e0f-b65ff32620de,2026-05-20T07:30:00Z,2026-05-20T09:30:00+0200,767.17004,MW,FR,FR,forecast_offshore_wind_generation,Wind Offshore,2026-05-26T14:20:23Z
2026-05-26T14:19:27Z,2026-05-26T16:19:27+0200,9d8474b6-9a07-4a7a-8e0f-b65ff32620de,2026-05-20T07:45:00Z,2026-05-20T09:45:00+0200,740.26996,MW,FR,FR,forecast_offshore_wind_generation,Wind Offshore,2026-05-26T14:20:23Z
2026-05-26T14:19:27Z,2026-05-26T16:19:27+0200,9d8474b6-9a07-4a7a-8e0f-b65ff32620de,2026-05-20T08:00:00Z,2026-05-20T10:00:00+0200,713.38,MW,FR,FR,forecast_offshore_wind_generation,Wind Offshore,2026-05-26T14:20:23Z
2026-05-26T14:19:27Z,2026-05-26T16:19:27+0200,9d8474b6-9a07-4a7a-8e0f-b65ff32620de,2026-05-20T08:15:00Z,2026-05-20T10:15:00+0200,672.64001,MW,FR,FR,forecast_offshore_wind_generation,Wind Offshore,2026-05-26T14:20:23Z
2026-05-26T14:19:27Z,2026-05-26T16:19:27+0200,9d8474b6-9a07-4a7a-8e0f-b65ff32620de,2026-05-20T08:30:00Z,2026-05-20T10:30:00+0200,631.89001,MW,FR,FR,forecast_offshore_wind_generation,Wind Offshore,2026-05-26T14:20:23Z
2026-05-26T14:19:27Z,2026-05-26T16:19:27+0200,9d8474b6-9a07-4a7a-8e0f-b65ff32620de,2026-05-20T08:45:00Z,2026-05-20T10:45:00+0200,591.13,MW,FR,FR,forecast_offshore_wind_generation,Wind Offshore,2026-05-26T14:20:23Z
2026-05-26T14:19:27Z,2026-05-26T16:19:27+0200,9d8474b6-9a07-4a7a-8e0f-b65ff32620de,2026-05-20T09:00:00Z,2026-05-20T11:00:00+0200,550.38,MW,FR,FR,forecast_offshore_wind_generation,Wind Offshore,2026-05-26T14:20:23Z
2026-05-26T14:19:27Z,2026-05-26T16:19:27+0200,9d8474b6-9a07-4a7a-8e0f-b65ff32620de,2026-05-20T09:15:00Z,2026-05-20T11:15:00+0200,528.22998,MW,FR,FR,forecast_offshore_wind_generation,Wind Offshore,2026-05-26T14:20:23Z
2026-05-26T14:19:27Z,2026-05-26T16:19:27+0200,9d8474b6-9a07-4a7a-8e0f-b65ff32620de,2026-05-20T09:30:00Z,2026-05-20T11:30:00+0200,506.09,MW,FR,FR,forecast_offshore_wind_generation,Wind Offshore,2026-05-26T14:20:23Z
2026-05-26T14:19:27Z,2026-05-26T16:19:27+0200,9d8474b6-9a07-4a7a-8e0f-b65ff32620de,2026-05-20T09:45:00Z,2026-05-20T11:45:00+0200,483.95001,MW,FR,FR,forecast_offshore_wind_generation,Wind Offshore,2026-05-26T14:20:23Z
2026-05-26T14:19:27Z,2026-05-26T16:19:27+0200,9d8474b6-9a07-4a7a-8e0f-b65ff32620de,2026-05-20T10:00:00Z,2026-05-20T12:00:00+0200,461.80002,MW,FR,FR,forecast_offshore_wind_generation,Wind Offshore,2026-05-26T14:20:23Z
2026-05-26T14:19:27Z,2026-05-26T16:19:27+0200,9d8474b6-9a07-4a7a-8e0f-b65ff32620de,2026-05-20T10:15:00Z,2026-05-20T12:15:00+0200,459.57001,MW,FR,FR,forecast_offshore_wind_generation,Wind Offshore,2026-05-26T14:20:23Z
2026-05-26T14:19:27Z,2026-05-26T16:19:27+0200,9d8474b6-9a07-4a7a-8e0f-b65ff32620de,2026-05-20T10:30:00Z,2026-05-20T12:30:00+0200,457.34003,MW,FR,FR,forecast_offshore_wind_generation,Wind Offshore,2026-05-26T14:20:23Z
2026-05-26T14:19:27Z,2026-05-26T16:19:27+0200,9d8474b6-9a07-4a7a-8e0f-b65ff32620de,2026-05-20T10:45:00Z,2026-05-20T12:45:00+0200,455.04999,MW,FR,FR,forecast_offshore_wind_generation,Wind Offshore,2026-05-26T14:20:23Z
2026-05-26T14:19:27Z,2026-05-26T16:19:27+0200,9d8474b6-9a07-4a7a-8e0f-b65ff32620de,2026-05-20T11:00:00Z,2026-05-20T13:00:00+0200,452.78,MW,FR,FR,forecast_offshore_wind_generation,Wind Offshore,2026-05-26T14:20:23Z
2026-05-26T14:19:27Z,2026-05-26T16:19:27+0200,9d8474b6-9a07-4a7a-8e0f-b65ff32620de,2026-05-20T11:15:00Z,2026-05-20T13:15:00+0200,434.23001,MW,FR,FR,forecast_offshore_wind_generation,Wind Offshore,2026-05-26T14:20:23Z
2026-05-26T14:19:27Z,2026-05-26T16:19:27+0200,9d8474b6-9a07-4a7a-8e0f-b65ff32620de,2026-05-20T11:30:00Z,2026-05-20T13:30:00+0200,415.67001,MW,FR,FR,forecast_offshore_wind_generation,Wind Offshore,2026-05-26T14:20:23Z
2026-05-26T14:19:27Z,2026-05-26T16:19:27+0200,9d8474b6-9a07-4a7a-8e0f-b65ff32620de,2026-05-20T11:45:00Z,2026-05-20T13:45:00+0200,397.12997,MW,FR,FR,forecast_offshore_wind_generation,Wind Offshore,2026-05-26T14:20:23Z
2026-05-26T14:19:27Z,2026-05-26T16:19:27+0200,9d8474b6-9a07-4a7a-8e0f-b65ff32620de,2026-05-20T12:00:00Z,2026-05-20T14:00:00+0200,379.01004,MW,FR,FR,forecast_offshore_wind_generation,Wind Offshore,2026-05-26T14:20:23Z
2026-05-26T14:19:27Z,2026-05-26T16:19:27+0200,9d8474b6-9a07-4a7a-8e0f-b65ff32620de,2026-05-20T12:15:00Z,2026-05-20T14:15:00+0200,407.65002,MW,FR,FR,forecast_offshore_wind_generation,Wind Offshore,2026-05-26T14:20:23Z
2026-05-26T14:19:27Z,2026-05-26T16:19:27+0200,9d8474b6-9a07-4a7a-8e0f-b65ff32620de,2026-05-20T12:30:00Z,2026-05-20T14:30:00+0200,436.67999,MW,FR,FR,forecast_offshore_wind_generation,Wind Offshore,2026-05-26T14:20:23Z
2026-05-26T14:19:27Z,2026-05-26T16:19:27+0200,9d8474b6-9a07-4a7a-8e0f-b65ff32620de,2026-05-20T12:45:00Z,2026-05-20T14:45:00+0200,465.85999,MW,FR,FR,forecast_offshore_wind_generation,Wind Offshore,2026-05-26T14:20:23Z
2026-05-26T14:19:27Z,2026-05-26T16:19:27+0200,9d8474b6-9a07-4a7a-8e0f-b65ff32620de,2026-05-20T13:00:00Z,2026-05-20T15:00:00+0200,495.01996,MW,FR,FR,forecast_offshore_wind_generation,Wind Offshore,2026-05-26T14:20:23Z
2026-05-26T14:19:27Z,2026-05-26T16:19:27+0200,9d8474b6-9a07-4a7a-8e0f-b65ff32620de,2026-05-20T13:15:00Z,2026-05-20T15:15:00+0200,484.43002,MW,FR,FR,forecast_offshore_wind_generation,Wind Offshore,2026-05-26T14:20:23Z
2026-05-26T14:19:27Z,2026-05-26T16:19:27+0200,9d8474b6-9a07-4a7a-8e0f-b65ff32620de,2026-05-20T13:30:00Z,2026-05-20T15:30:00+0200,473.86002,MW,FR,FR,forecast_offshore_wind_generation,Wind Offshore,2026-05-26T14:20:23Z
2026-05-26T14:19:27Z,2026-05-26T16:19:27+0200,9d8474b6-9a07-4a7a-8e0f-b65ff32620de,2026-05-20T13:45:00Z,2026-05-20T15:45:00+0200,463.43002,MW,FR,FR,forecast_offshore_wind_generation,Wind Offshore,2026-05-26T14:20:23Z
2026-05-26T14:19:27Z,2026-05-26T16:19:27+0200,9d8474b6-9a07-4a7a-8e0f-b65ff32620de,2026-05-20T14:00:00Z,2026-05-20T16:00:00+0200,452.97998,MW,FR,FR,forecast_offshore_wind_generation,Wind Offshore,2026-05-26T14:20:23Z
2026-05-26T14:19:27Z,2026-05-26T16:19:27+0200,9d8474b6-9a07-4a7a-8e0f-b65ff32620de,2026-05-20T14:15:00Z,2026-05-20T16:15:00+0200,449.87,MW,FR,FR,forecast_offshore_wind_generation,Wind Offshore,2026-05-26T14:20:23Z
2026-05-26T14:19:27Z,2026-05-26T16:19:27+0200,9d8474b6-9a07-4a7a-8e0f-b65ff32620de,2026-05-20T14:30:00Z,2026-05-20T16:30:00+0200,446.75998,MW,FR,FR,forecast_offshore_wind_generation,Wind Offshore,2026-05-26T14:20:23Z
2026-05-26T14:19:27Z,2026-05-26T16:19:27+0200,9d8474b6-9a07-4a7a-8e0f-b65ff32620de,2026-05-20T14:45:00Z,2026-05-20T16:45:00+0200,443.81,MW,FR,FR,forecast_offshore_wind_generation,Wind Offshore,2026-05-26T14:20:23Z
2026-05-26T14:19:27Z,2026-05-26T16:19:27+0200,9d8474b6-9a07-4a7a-8e0f-b65ff32620de,2026-05-20T15:00:00Z,2026-05-20T17:00:00+0200,440.82999,MW,FR,FR,forecast_offshore_wind_generation,Wind Offshore,2026-05-26T14:20:23Z
2026-05-26T14:19:27Z,2026-05-26T16:19:27+0200,9d8474b6-9a07-4a7a-8e0f-b65ff32620de,2026-05-20T15:15:00Z,2026-05-20T17:15:00+0200,416.84998,MW,FR,FR,forecast_offshore_wind_generation,Wind Offshore,2026-05-26T14:20:23Z
2026-05-26T14:19:27Z,2026-05-26T16:19:27+0200,9d8474b6-9a07-4a7a-8e0f-b65ff32620de,2026-05-20T15:30:00Z,2026-05-20T17:30:00+0200,392.88,MW,FR,FR,forecast_offshore_wind_generation,Wind Offshore,2026-05-26T14:20:23Z
2026-05-26T14:19:27Z,2026-05-26T16:19:27+0200,9d8474b6-9a07-4a7a-8e0f-b65ff32620de,2026-05-20T15:45:00Z,2026-05-20T17:45:00+0200,369.00998,MW,FR,FR,forecast_offshore_wind_generation,Wind Offshore,2026-05-26T14:20:23Z
2026-05-26T14:19:27Z,2026-05-26T16:19:27+0200,9d8474b6-9a07-4a7a-8e0f-b65ff32620de,2026-05-20T16:00:00Z,2026-05-20T18:00:00+0200,345.13998,MW,FR,FR,forecast_offshore_wind_generation,Wind Offshore,2026-05-26T14:20:23Z
2026-05-26T14:19:27Z,2026-05-26T16:19:27+0200,9d8474b6-9a07-4a7a-8e0f-b65ff32620de,2026-05-20T16:15:00Z,2026-05-20T18:15:00+0200,321.39999,MW,FR,FR,forecast_offshore_wind_generation,Wind Offshore,2026-05-26T14:20:23Z
2026-05-26T14:19:27Z,2026-05-26T16:19:27+0200,9d8474b6-9a07-4a7a-8e0f-b65ff32620de,2026-05-20T16:30:00Z,2026-05-20T18:30:00+0200,297.70001,MW,FR,FR,forecast_offshore_wind_generation,Wind Offshore,2026-05-26T14:20:23Z
2026-05-26T14:19:27Z,2026-05-26T16:19:27+0200,9d8474b6-9a07-4a7a-8e0f-b65ff32620de,2026-05-20T16:45:00Z,2026-05-20T18:45:00+0200,274.10999,MW,FR,FR,forecast_offshore_wind_generation,Wind Offshore,2026-05-26T14:20:23Z
2026-05-26T14:19:27Z,2026-05-26T16:19:27+0200,9d8474b6-9a07-4a7a-8e0f-b65ff32620de,2026-05-20T17:00:00Z,2026-05-20T19:00:00+0200,250.52,MW,FR,FR,forecast_offshore_wind_generation,Wind Offshore,2026-05-26T14:20:23Z
2026-05-26T14:19:27Z,2026-05-26T16:19:27+0200,9d8474b6-9a07-4a7a-8e0f-b65ff32620de,2026-05-20T17:15:00Z,2026-05-20T19:15:00+0200,233.22,MW,FR,FR,forecast_offshore_wind_generation,Wind Offshore,2026-05-26T14:20:23Z
2026-05-26T14:19:27Z,2026-05-26T16:19:27+0200,9d8474b6-9a07-4a7a-8e0f-b65ff32620de,2026-05-20T17:30:00Z,2026-05-20T19:30:00+0200,215.92,MW,FR,FR,forecast_offshore_wind_generation,Wind Offshore,2026-05-26T14:20:23Z
2026-05-26T14:19:27Z,2026-05-26T16:19:27+0200,9d8474b6-9a07-4a7a-8e0f-b65ff32620de,2026-05-20T17:45:00Z,2026-05-20T19:45:00+0200,200.39999,MW,FR,FR,forecast_offshore_wind_generation,Wind Offshore,2026-05-26T14:20:23Z
2026-05-26T14:19:27Z,2026-05-26T16:19:27+0200,9d8474b6-9a07-4a7a-8e0f-b65ff32620de,2026-05-20T18:00:00Z,2026-05-20T20:00:00+0200,185.82999,MW,FR,FR,forecast_offshore_wind_generation,Wind Offshore,2026-05-26T14:20:23Z
2026-05-26T14:19:27Z,2026-05-26T16:19:27+0200,9d8474b6-9a07-4a7a-8e0f-b65ff32620de,2026-05-20T18:15:00Z,2026-05-20T20:15:00+0200,177.94,MW,FR,FR,forecast_offshore_wind_generation,Wind Offshore,2026-05-26T14:20:23Z
2026-05-26T14:19:27Z,2026-05-26T16:19:27+0200,9d8474b6-9a07-4a7a-8e0f-b65ff32620de,2026-05-20T18:30:00Z,2026-05-20T20:30:00+0200,170.59,MW,FR,FR,forecast_offshore_wind_generation,Wind Offshore,2026-05-26T14:20:23Z
2026-05-26T14:19:27Z,2026-05-26T16:19:27+0200,9d8474b6-9a07-4a7a-8e0f-b65ff32620de,2026-05-20T18:45:00Z,2026-05-20T20:45:00+0200,163.39999,MW,FR,FR,forecast_offshore_wind_generation,Wind Offshore,2026-05-26T14:20:23Z
2026-05-26T14:19:27Z,2026-05-26T16:19:27+0200,9d8474b6-9a07-4a7a-8e0f-b65ff32620de,2026-05-20T19:00:00Z,2026-05-20T21:00:00+0200,156.23,MW,FR,FR,forecast_offshore_wind_generation,Wind Offshore,2026-05-26T14:20:23Z
2026-05-26T14:19:27Z,2026-05-26T16:19:27+0200,9d8474b6-9a07-4a7a-8e0f-b65ff32620de,2026-05-20T19:15:00Z,2026-05-20T21:15:00+0200,153.34,MW,FR,FR,forecast_offshore_wind_generation,Wind Offshore,2026-05-26T14:20:23Z
2026-05-26T14:19:27Z,2026-05-26T16:19:27+0200,9d8474b6-9a07-4a7a-8e0f-b65ff32620de,2026-05-20T19:30:00Z,2026-05-20T21:30:00+0200,150.45,MW,FR,FR,forecast_offshore_wind_generation,Wind Offshore,2026-05-26T14:20:23Z
2026-05-26T14:19:27Z,2026-05-26T16:19:27+0200,9d8474b6-9a07-4a7a-8e0f-b65ff32620de,2026-05-20T19:45:00Z,2026-05-20T21:45:00+0200,147.56,MW,FR,FR,forecast_offshore_wind_generation,Wind Offshore,2026-05-26T14:20:23Z
2026-05-26T14:19:27Z,2026-05-26T16:19:27+0200,9d8474b6-9a07-4a7a-8e0f-b65ff32620de,2026-05-20T20:00:00Z,2026-05-20T22:00:00+0200,144.65001,MW,FR,FR,forecast_offshore_wind_generation,Wind Offshore,2026-05-26T14:20:23Z
2026-05-26T14:19:27Z,2026-05-26T16:19:27+0200,9d8474b6-9a07-4a7a-8e0f-b65ff32620de,2026-05-20T20:15:00Z,2026-05-20T22:15:00+0200,144.68999,MW,FR,FR,forecast_offshore_wind_generation,Wind Offshore,2026-05-26T14:20:23Z
2026-05-26T14:19:27Z,2026-05-26T16:19:27+0200,9d8474b6-9a07-4a7a-8e0f-b65ff32620de,2026-05-20T20:30:00Z,2026-05-20T22:30:00+0200,144.72,MW,FR,FR,forecast_offshore_wind_generation,Wind Offshore,2026-05-26T14:20:23Z
2026-05-26T14:19:27Z,2026-05-26T16:19:27+0200,9d8474b6-9a07-4a7a-8e0f-b65ff32620de,2026-05-20T20:45:00Z,2026-05-20T22:45:00+0200,144.73999,MW,FR,FR,forecast_offshore_wind_generation,Wind Offshore,2026-05-26T14:20:23Z
2026-05-26T14:19:27Z,2026-05-26T16:19:27+0200,9d8474b6-9a07-4a7a-8e0f-b65ff32620de,2026-05-20T21:00:00Z,2026-05-20T23:00:00+0200,144.78,MW,FR,FR,forecast_offshore_wind_generation,Wind Offshore,2026-05-26T14:20:23Z
2026-05-26T14:19:27Z,2026-05-26T16:19:27+0200,9d8474b6-9a07-4a7a-8e0f-b65ff32620de,2026-05-20T21:15:00Z,2026-05-20T23:15:00+0200,146.83,MW,FR,FR,forecast_offshore_wind_generation,Wind Offshore,2026-05-26T14:20:23Z
2026-05-26T14:19:27Z,2026-05-26T16:19:27+0200,9d8474b6-9a07-4a7a-8e0f-b65ff32620de,2026-05-20T21:30:00Z,2026-05-20T23:30:00+0200,148.87999,MW,FR,FR,forecast_offshore_wind_generation,Wind Offshore,2026-05-26T14:20:23Z
2026-05-26T14:19:27Z,2026-05-26T16:19:27+0200,9d8474b6-9a07-4a7a-8e0f-b65ff32620de,2026-05-20T21:45:00Z,2026-05-20T23:45:00+0200,151.96001,MW,FR,FR,forecast_offshore_wind_generation,Wind Offshore,2026-05-26T14:20:23Z
2026-05-26T14:19:27Z,2026-05-26T16:19:27+0200,9d8474b6-9a07-4a7a-8e0f-b65ff32620de,2026-05-20T22:00:00Z,2026-05-21T00:00:00+0200,162.04001,MW,FR,FR,forecast_offshore_wind_generation,Wind Offshore,2026-05-26T14:20:23Z
2026-05-26T14:19:27Z,2026-05-26T16:19:27+0200,9d8474b6-9a07-4a7a-8e0f-b65ff32620de,2026-05-20T22:15:00Z,2026-05-21T00:15:00+0200,164.02,MW,FR,FR,forecast_offshore_wind_generation,Wind Offshore,2026-05-26T14:20:23Z
2026-05-26T14:19:27Z,2026-05-26T16:19:27+0200,9d8474b6-9a07-4a7a-8e0f-b65ff32620de,2026-05-20T22:30:00Z,2026-05-21T00:30:00+0200,166.02,MW,FR,FR,forecast_offshore_wind_generation,Wind Offshore,2026-05-26T14:20:23Z
2026-05-26T14:19:27Z,2026-05-26T16:19:27+0200,9d8474b6-9a07-4a7a-8e0f-b65ff32620de,2026-05-20T22:45:00Z,2026-05-21T00:45:00+0200,168.09,MW,FR,FR,forecast_offshore_wind_generation,Wind Offshore,2026-05-26T14:20:23Z
2026-05-26T14:19:27Z,2026-05-26T16:19:27+0200,9d8474b6-9a07-4a7a-8e0f-b65ff32620de,2026-05-20T23:00:00Z,2026-05-21T01:00:00+0200,170.17,MW,FR,FR,forecast_offshore_wind_generation,Wind Offshore,2026-05-26T14:20:23Z
2026-05-26T14:19:27Z,2026-05-26T16:19:27+0200,9d8474b6-9a07-4a7a-8e0f-b65ff32620de,2026-05-20T23:15:00Z,2026-05-21T01:15:00+0200,160.75,MW,FR,FR,forecast_offshore_wind_generation,Wind Offshore,2026-05-26T14:20:23Z
2026-05-26T14:19:27Z,2026-05-26T16:19:27+0200,9d8474b6-9a07-4a7a-8e0f-b65ff32620de,2026-05-20T23:30:00Z,2026-05-21T01:30:00+0200,151.8,MW,FR,FR,forecast_offshore_wind_generation,Wind Offshore,2026-05-26T14:20:23Z
2026-05-26T14:19:27Z,2026-05-26T16:19:27+0200,9d8474b6-9a07-4a7a-8e0f-b65ff32620de,2026-05-20T23:45:00Z,2026-05-21T01:45:00+0200,142.88,MW,FR,FR,forecast_offshore_wind_generation,Wind Offshore,2026-05-26T14:20:23Z
2026-05-26T14:19:27Z,2026-05-26T16:19:27+0200,9d8474b6-9a07-4a7a-8e0f-b65ff32620de,2026-05-21T00:00:00Z,2026-05-21T02:00:00+0200,134.69,MW,FR,FR,forecast_offshore_wind_generation,Wind Offshore,2026-05-26T14:20:23Z
2026-05-26T14:19:27Z,2026-05-26T16:19:27+0200,9d8474b6-9a07-4a7a-8e0f-b65ff32620de,2026-05-21T00:15:00Z,2026-05-21T02:15:00+0200,125.92999,MW,FR,FR,forecast_offshore_wind_generation,Wind Offshore,2026-05-26T14:20:23Z
2026-05-26T14:19:27Z,2026-05-26T16:19:27+0200,9d8474b6-9a07-4a7a-8e0f-b65ff32620de,2026-05-21T00:30:00Z,2026-05-21T02:30:00+0200,117.14999,MW,FR,FR,forecast_offshore_wind_generation,Wind Offshore,2026-05-26T14:20:23Z
2026-05-26T14:19:27Z,2026-05-26T16:19:27+0200,9d8474b6-9a07-4a7a-8e0f-b65ff32620de,2026-05-21T00:45:00Z,2026-05-21T02:45:00+0200,108.39001,MW,FR,FR,forecast_offshore_wind_generation,Wind Offshore,2026-05-26T14:20:23Z
2026-05-26T14:19:27Z,2026-05-26T16:19:27+0200,9d8474b6-9a07-4a7a-8e0f-b65ff32620de,2026-05-21T01:00:00Z,2026-05-21T03:00:00+0200,99.62,MW,FR,FR,forecast_offshore_wind_generation,Wind Offshore,2026-05-26T14:20:23Z
2026-05-26T14:19:27Z,2026-05-26T16:19:27+0200,9d8474b6-9a07-4a7a-8e0f-b65ff32620de,2026-05-21T01:15:00Z,2026-05-21T03:15:00+0200,97.98,MW,FR,FR,forecast_offshore_wind_generation,Wind Offshore,2026-05-26T14:20:23Z
2026-05-26T14:19:27Z,2026-05-26T16:19:27+0200,9d8474b6-9a07-4a7a-8e0f-b65ff32620de,2026-05-21T01:30:00Z,2026-05-21T03:30:00+0200,96.34,MW,FR,FR,forecast_offshore_wind_generation,Wind Offshore,2026-05-26T14:20:23Z
2026-05-26T14:19:27Z,2026-05-26T16:19:27+0200,9d8474b6-9a07-4a7a-8e0f-b65ff32620de,2026-05-21T01:45:00Z,2026-05-21T03:45:00+0200,94.71001,MW,FR,FR,forecast_offshore_wind_generation,Wind Offshore,2026-05-26T14:20:23Z
2026-05-26T14:19:27Z,2026-05-26T16:19:27+0200,9d8474b6-9a07-4a7a-8e0f-b65ff32620de,2026-05-21T02:00:00Z,2026-05-21T04:00:00+0200,93.06001,MW,FR,FR,forecast_offshore_wind_generation,Wind Offshore,2026-05-26T14:20:23Z
2026-05-26T14:19:27Z,2026-05-26T16:19:27+0200,9d8474b6-9a07-4a7a-8e0f-b65ff32620de,2026-05-21T02:15:00Z,2026-05-21T04:15:00+0200,94.39,MW,FR,FR,forecast_offshore_wind_generation,Wind Offshore,2026-05-26T14:20:23Z
2026-05-26T14:19:27Z,2026-05-26T16:19:27+0200,9d8474b6-9a07-4a7a-8e0f-b65ff32620de,2026-05-21T02:30:00Z,2026-05-21T04:30:00+0200,95.7,MW,FR,FR,forecast_offshore_wind_generation,Wind Offshore,2026-05-26T14:20:23Z
2026-05-26T14:19:27Z,2026-05-26T16:19:27+0200,9d8474b6-9a07-4a7a-8e0f-b65ff32620de,2026-05-21T02:45:00Z,2026-05-21T04:45:00+0200,97.02,MW,FR,FR,forecast_offshore_wind_generation,Wind Offshore,2026-05-26T14:20:23Z
2026-05-26T14:19:27Z,2026-05-26T16:19:27+0200,9d8474b6-9a07-4a7a-8e0f-b65ff32620de,2026-05-21T03:00:00Z,2026-05-21T05:00:00+0200,98.33,MW,FR,FR,forecast_offshore_wind_generation,Wind Offshore,2026-05-26T14:20:23Z
2026-05-26T14:19:27Z,2026-05-26T16:19:27+0200,9d8474b6-9a07-4a7a-8e0f-b65ff32620de,2026-05-21T03:15:00Z,2026-05-21T05:15:00+0200,109.91,MW,FR,FR,forecast_offshore_wind_generation,Wind Offshore,2026-05-26T14:20:23Z
2026-05-26T14:19:27Z,2026-05-26T16:19:27+0200,9d8474b6-9a07-4a7a-8e0f-b65ff32620de,2026-05-21T03:30:00Z,2026-05-21T05:30:00+0200,121.47,MW,FR,FR,forecast_offshore_wind_generation,Wind Offshore,2026-05-26T14:20:23Z
2026-05-26T14:19:27Z,2026-05-26T16:19:27+0200,9d8474b6-9a07-4a7a-8e0f-b65ff32620de,2026-05-21T03:45:00Z,2026-05-21T05:45:00+0200,133.04001,MW,FR,FR,forecast_offshore_wind_generation,Wind Offshore,2026-05-26T14:20:23Z
2026-05-26T14:19:27Z,2026-05-26T16:19:27+0200,9d8474b6-9a07-4a7a-8e0f-b65ff32620de,2026-05-21T04:00:00Z,2026-05-21T06:00:00+0200,144.58,MW,FR,FR,forecast_offshore_wind_generation,Wind Offshore,2026-05-26T14:20:23Z
2026-05-26T14:19:27Z,2026-05-26T16:19:27+0200,9d8474b6-9a07-4a7a-8e0f-b65ff32620de,2026-05-21T04:15:00Z,2026-05-21T06:15:00+0200,165.22,MW,FR,FR,forecast_offshore_wind_generation,Wind Offshore,2026-05-26T14:20:23Z
2026-05-26T14:19:27Z,2026-05-26T16:19:27+0200,9d8474b6-9a07-4a7a-8e0f-b65ff32620de,2026-05-21T04:30:00Z,2026-05-21T06:30:00+0200,185.87,MW,FR,FR,forecast_offshore_wind_generation,Wind Offshore,2026-05-26T14:20:23Z
2026-05-26T14:19:27Z,2026-05-26T16:19:27+0200,9d8474b6-9a07-4a7a-8e0f-b65ff32620de,2026-05-21T04:45:00Z,2026-05-21T06:45:00+0200,206.51001,MW,FR,FR,forecast_offshore_wind_generation,Wind Offshore,2026-05-26T14:20:23Z
2026-05-26T14:19:27Z,2026-05-26T16:19:27+0200,9d8474b6-9a07-4a7a-8e0f-b65ff32620de,2026-05-21T05:00:00Z,2026-05-21T07:00:00+0200,227.12,MW,FR,FR,forecast_offshore_wind_generation,Wind Offshore,2026-05-26T14:20:23Z
2026-05-26T14:19:27Z,2026-05-26T16:19:27+0200,9d8474b6-9a07-4a7a-8e0f-b65ff32620de,2026-05-21T05:15:00Z,2026-05-21T07:15:00+0200,246.14,MW,FR,FR,forecast_offshore_wind_generation,Wind Offshore,2026-05-26T14:20:23Z
2026-05-26T14:19:27Z,2026-05-26T16:19:27+0200,9d8474b6-9a07-4a7a-8e0f-b65ff32620de,2026-05-21T05:30:00Z,2026-05-21T07:30:00+0200,265.14999,MW,FR,FR,forecast_offshore_wind_generation,Wind Offshore,2026-05-26T14:20:23Z
2026-05-26T14:19:27Z,2026-05-26T16:19:27+0200,9d8474b6-9a07-4a7a-8e0f-b65ff32620de,2026-05-21T05:45:00Z,2026-05-21T07:45:00+0200,284.13998,MW,FR,FR,forecast_offshore_wind_generation,Wind Offshore,2026-05-26T14:20:23Z
2026-05-26T14:19:27Z,2026-05-26T16:19:27+0200,9d8474b6-9a07-4a7a-8e0f-b65ff32620de,2026-05-21T06:00:00Z,2026-05-21T08:00:00+0200,303.12,MW,FR,FR,forecast_offshore_wind_generation,Wind Offshore,2026-05-26T14:20:23Z
2026-05-26T14:19:27Z,2026-05-26T16:19:27+0200,9d8474b6-9a07-4a7a-8e0f-b65ff32620de,2026-05-21T06:15:00Z,2026-05-21T08:15:00+0200,305.52002,MW,FR,FR,forecast_offshore_wind_generation,Wind Offshore,2026-05-26T14:20:23Z
2026-05-26T14:19:27Z,2026-05-26T16:19:27+0200,9d8474b6-9a07-4a7a-8e0f-b65ff32620de,2026-05-21T06:30:00Z,2026-05-21T08:30:00+0200,307.89999,MW,FR,FR,forecast_offshore_wind_generation,Wind Offshore,2026-05-26T14:20:23Z
2026-05-26T14:19:27Z,2026-05-26T16:19:27+0200,9d8474b6-9a07-4a7a-8e0f-b65ff32620de,2026-05-21T06:45:00Z,2026-05-21T08:45:00+0200,310.26001,MW,FR,FR,forecast_offshore_wind_generation,Wind Offshore,2026-05-26T14:20:23Z
2026-05-26T14:19:27Z,2026-05-26T16:19:27+0200,9d8474b6-9a07-4a7a-8e0f-b65ff32620de,2026-05-21T07:00:00Z,2026-05-21T09:00:00+0200,312.63,MW,FR,FR,forecast_offshore_wind_generation,Wind Offshore,2026-05-26T14:20:23Z
2026-05-26T14:19:27Z,2026-05-26T16:19:27+0200,9d8474b6-9a07-4a7a-8e0f-b65ff32620de,2026-05-21T07:15:00Z,2026-05-21T09:15:00+0200,299.84,MW,FR,FR,forecast_offshore_wind_generation,Wind Offshore,2026-05-26T14:20:23Z
2026-05-26T14:19:27Z,2026-05-26T16:19:27+0200,9d8474b6-9a07-4a7a-8e0f-b65ff32620de,2026-05-21T07:30:00Z,2026-05-21T09:30:00+0200,287.19,MW,FR,FR,forecast_offshore_wind_generation,Wind Offshore,2026-05-26T14:20:23Z
2026-05-26T14:19:27Z,2026-05-26T16:19:27+0200,9d8474b6-9a07-4a7a-8e0f-b65ff32620de,2026-05-21T07:45:00Z,2026-05-21T09:45:00+0200,274.56,MW,FR,FR,forecast_offshore_wind_generation,Wind Offshore,2026-05-26T14:20:23Z
2026-05-26T14:19:27Z,2026-05-26T16:19:27+0200,9d8474b6-9a07-4a7a-8e0f-b65ff32620de,2026-05-21T08:00:00Z,2026-05-21T10:00:00+0200,261.90002,MW,FR,FR,forecast_offshore_wind_generation,Wind Offshore,2026-05-26T14:20:23Z
2026-05-26T14:19:27Z,2026-05-26T16:19:27+0200,9d8474b6-9a07-4a7a-8e0f-b65ff32620de,2026-05-21T08:15:00Z,2026-05-21T10:15:00+0200,249.0,MW,FR,FR,forecast_offshore_wind_generation,Wind Offshore,2026-05-26T14:20:23Z
2026-05-26T14:19:27Z,2026-05-26T16:19:27+0200,9d8474b6-9a07-4a7a-8e0f-b65ff32620de,2026-05-21T08:30:00Z,2026-05-21T10:30:00+0200,236.09,MW,FR,FR,forecast_offshore_wind_generation,Wind Offshore,2026-05-26T14:20:23Z
2026-05-26T14:19:27Z,2026-05-26T16:19:27+0200,9d8474b6-9a07-4a7a-8e0f-b65ff32620de,2026-05-21T08:45:00Z,2026-05-21T10:45:00+0200,223.18002,MW,FR,FR,forecast_offshore_wind_generation,Wind Offshore,2026-05-26T14:20:23Z
2026-05-26T14:19:27Z,2026-05-26T16:19:27+0200,9d8474b6-9a07-4a7a-8e0f-b65ff32620de,2026-05-21T09:00:00Z,2026-05-21T11:00:00+0200,210.25999,MW,FR,FR,forecast_offshore_wind_generation,Wind Offshore,2026-05-26T14:20:23Z
2026-05-26T14:19:27Z,2026-05-26T16:19:27+0200,9d8474b6-9a07-4a7a-8e0f-b65ff32620de,2026-05-21T09:15:00Z,2026-05-21T11:15:00+0200,204.49001,MW,FR,FR,forecast_offshore_wind_generation,Wind Offshore,2026-05-26T14:20:23Z
2026-05-26T14:19:27Z,2026-05-26T16:19:27+0200,9d8474b6-9a07-4a7a-8e0f-b65ff32620de,2026-05-21T09:30:00Z,2026-05-21T11:30:00+0200,198.70999,MW,FR,FR,forecast_offshore_wind_generation,Wind Offshore,2026-05-26T14:20:23Z
2026-05-26T14:19:27Z,2026-05-26T16:19:27+0200,9d8474b6-9a07-4a7a-8e0f-b65ff32620de,2026-05-21T09:45:00Z,2026-05-21T11:45:00+0200,192.92,MW,FR,FR,forecast_offshore_wind_generation,Wind Offshore,2026-05-26T14:20:23Z
2026-05-26T14:19:27Z,2026-05-26T16:19:27+0200,9d8474b6-9a07-4a7a-8e0f-b65ff32620de,2026-05-21T10:00:00Z,2026-05-21T12:00:00+0200,187.16,MW,FR,FR,forecast_offshore_wind_generation,Wind Offshore,2026-05-26T14:20:23Z
2026-05-26T14:19:27Z,2026-05-26T16:19:27+0200,9d8474b6-9a07-4a7a-8e0f-b65ff32620de,2026-05-21T10:15:00Z,2026-05-21T12:15:00+0200,181.37,MW,FR,FR,forecast_offshore_wind_generation,Wind Offshore,2026-05-26T14:20:23Z
2026-05-26T14:19:27Z,2026-05-26T16:19:27+0200,9d8474b6-9a07-4a7a-8e0f-b65ff32620de,2026-05-21T10:30:00Z,2026-05-21T12:30:00+0200,175.56999,MW,FR,FR,forecast_offshore_wind_generation,Wind Offshore,2026-05-26T14:20:23Z
2026-05-26T14:19:27Z,2026-05-26T16:19:27+0200,9d8474b6-9a07-4a7a-8e0f-b65ff32620de,2026-05-21T10:45:00Z,2026-05-21T12:45:00+0200,169.78,MW,FR,FR,forecast_offshore_wind_generation,Wind Offshore,2026-05-26T14:20:23Z
2026-05-26T14:19:27Z,2026-05-26T16:19:27+0200,9d8474b6-9a07-4a7a-8e0f-b65ff32620de,2026-05-21T11:00:00Z,2026-05-21T13:00:00+0200,163.98999,MW,FR,FR,forecast_offshore_wind_generation,Wind Offshore,2026-05-26T14:20:23Z
2026-05-26T14:19:27Z,2026-05-26T16:19:27+0200,9d8474b6-9a07-4a7a-8e0f-b65ff32620de,2026-05-21T11:15:00Z,2026-05-21T13:15:00+0200,157.33,MW,FR,FR,forecast_offshore_wind_generation,Wind Offshore,2026-05-26T14:20:23Z
2026-05-26T14:19:27Z,2026-05-26T16:19:27+0200,9d8474b6-9a07-4a7a-8e0f-b65ff32620de,2026-05-21T11:30:00Z,2026-05-21T13:30:00+0200,150.67,MW,FR,FR,forecast_offshore_wind_generation,Wind Offshore,2026-05-26T14:20:23Z
2026-05-26T14:19:27Z,2026-05-26T16:19:27+0200,9d8474b6-9a07-4a7a-8e0f-b65ff32620de,2026-05-21T11:45:00Z,2026-05-21T13:45:00+0200,144.01001,MW,FR,FR,forecast_offshore_wind_generation,Wind Offshore,2026-05-26T14:20:23Z
2026-05-26T14:19:27Z,2026-05-26T16:19:27+0200,9d8474b6-9a07-4a7a-8e0f-b65ff32620de,2026-05-21T12:00:00Z,2026-05-21T14:00:00+0200,137.34,MW,FR,FR,forecast_offshore_wind_generation,Wind Offshore,2026-05-26T14:20:23Z
2026-05-26T14:19:27Z,2026-05-26T16:19:27+0200,9d8474b6-9a07-4a7a-8e0f-b65ff32620de,2026-05-21T12:15:00Z,2026-05-21T14:15:00+0200,134.36,MW,FR,FR,forecast_offshore_wind_generation,Wind Offshore,2026-05-26T14:20:23Z
2026-05-26T14:19:27Z,2026-05-26T16:19:27+0200,9d8474b6-9a07-4a7a-8e0f-b65ff32620de,2026-05-21T12:30:00Z,2026-05-21T14:30:00+0200,131.37,MW,FR,FR,forecast_offshore_wind_generation,Wind Offshore,2026-05-26T14:20:23Z
2026-05-26T14:19:27Z,2026-05-26T16:19:27+0200,9d8474b6-9a07-4a7a-8e0f-b65ff32620de,2026-05-21T12:45:00Z,2026-05-21T14:45:00+0200,128.39,MW,FR,FR,forecast_offshore_wind_generation,Wind Offshore,2026-05-26T14:20:23Z
2026-05-26T14:19:27Z,2026-05-26T16:19:27+0200,9d8474b6-9a07-4a7a-8e0f-b65ff32620de,2026-05-21T13:00:00Z,2026-05-21T15:00:00+0200,125.4,MW,FR,FR,forecast_offshore_wind_generation,Wind Offshore,2026-05-26T14:20:23Z
2026-05-26T14:19:27Z,2026-05-26T16:19:27+0200,9d8474b6-9a07-4a7a-8e0f-b65ff32620de,2026-05-21T13:15:00Z,2026-05-21T15:15:00+0200,121.17999,MW,FR,FR,forecast_offshore_wind_generation,Wind Offshore,2026-05-26T14:20:23Z
2026-05-26T14:19:27Z,2026-05-26T16:19:27+0200,9d8474b6-9a07-4a7a-8e0f-b65ff32620de,2026-05-21T13:30:00Z,2026-05-21T15:30:00+0200,116.98,MW,FR,FR,forecast_offshore_wind_generation,Wind Offshore,2026-05-26T14:20:23Z
2026-05-26T14:19:27Z,2026-05-26T16:19:27+0200,9d8474b6-9a07-4a7a-8e0f-b65ff32620de,2026-05-21T13:45:00Z,2026-05-21T15:45:00+0200,112.78,MW,FR,FR,forecast_offshore_wind_generation,Wind Offshore,2026-05-26T14:20:23Z
2026-05-26T14:19:27Z,2026-05-26T16:19:27+0200,9d8474b6-9a07-4a7a-8e0f-b65ff32620de,2026-05-21T14:00:00Z,2026-05-21T16:00:00+0200,108.57999,MW,FR,FR,forecast_offshore_wind_generation,Wind Offshore,2026-05-26T14:20:23Z
2026-05-26T14:19:27Z,2026-05-26T16:19:27+0200,9d8474b6-9a07-4a7a-8e0f-b65ff32620de,2026-05-21T14:15:00Z,2026-05-21T16:15:00+0200,112.7,MW,FR,FR,forecast_offshore_wind_generation,Wind Offshore,2026-05-26T14:20:23Z
2026-05-26T14:19:27Z,2026-05-26T16:19:27+0200,9d8474b6-9a07-4a7a-8e0f-b65ff32620de,2026-05-21T14:30:00Z,2026-05-21T16:30:00+0200,116.81999,MW,FR,FR,forecast_offshore_wind_generation,Wind Offshore,2026-05-26T14:20:23Z
2026-05-26T14:19:27Z,2026-05-26T16:19:27+0200,9d8474b6-9a07-4a7a-8e0f-b65ff32620de,2026-05-21T14:45:00Z,2026-05-21T16:45:00+0200,120.94,MW,FR,FR,forecast_offshore_wind_generation,Wind Offshore,2026-05-26T14:20:23Z
2026-05-26T14:19:27Z,2026-05-26T16:19:27+0200,9d8474b6-9a07-4a7a-8e0f-b65ff32620de,2026-05-21T15:00:00Z,2026-05-21T17:00:00+0200,125.07,MW,FR,FR,forecast_offshore_wind_generation,Wind Offshore,2026-05-26T14:20:23Z
2026-05-26T14:19:27Z,2026-05-26T16:19:27+0200,9d8474b6-9a07-4a7a-8e0f-b65ff32620de,2026-05-21T15:15:00Z,2026-05-21T17:15:00+0200,130.03999,MW,FR,FR,forecast_offshore_wind_generation,Wind Offshore,2026-05-26T14:20:23Z
2026-05-26T14:19:27Z,2026-05-26T16:19:27+0200,9d8474b6-9a07-4a7a-8e0f-b65ff32620de,2026-05-21T15:30:00Z,2026-05-21T17:30:00+0200,134.98999,MW,FR,FR,forecast_offshore_wind_generation,Wind Offshore,2026-05-26T14:20:23Z
2026-05-26T14:19:27Z,2026-05-26T16:19:27+0200,9d8474b6-9a07-4a7a-8e0f-b65ff32620de,2026-05-21T15:45:00Z,2026-05-21T17:45:00+0200,139.95999,MW,FR,FR,forecast_offshore_wind_generation,Wind Offshore,2026-05-26T14:20:23Z
2026-05-26T14:19:27Z,2026-05-26T16:19:27+0200,9d8474b6-9a07-4a7a-8e0f-b65ff32620de,2026-05-21T16:00:00Z,2026-05-21T18:00:00+0200,144.93001,MW,FR,FR,forecast_offshore_wind_generation,Wind Offshore,2026-05-26T14:20:23Z
2026-05-26T14:19:27Z,2026-05-26T16:19:27+0200,9d8474b6-9a07-4a7a-8e0f-b65ff32620de,2026-05-21T16:15:00Z,2026-05-21T18:15:00+0200,153.71001,MW,FR,FR,forecast_offshore_wind_generation,Wind Offshore,2026-05-26T14:20:23Z
2026-05-26T14:19:27Z,2026-05-26T16:19:27+0200,9d8474b6-9a07-4a7a-8e0f-b65ff32620de,2026-05-21T16:30:00Z,2026-05-21T18:30:00+0200,162.51001,MW,FR,FR,forecast_offshore_wind_generation,Wind Offshore,2026-05-26T14:20:23Z
2026-05-26T14:19:27Z,2026-05-26T16:19:27+0200,9d8474b6-9a07-4a7a-8e0f-b65ff32620de,2026-05-21T16:45:00Z,2026-05-21T18:45:00+0200,171.29999,MW,FR,FR,forecast_offshore_wind_generation,Wind Offshore,2026-05-26T14:20:23Z
2026-05-26T14:19:27Z,2026-05-26T16:19:27+0200,9d8474b6-9a07-4a7a-8e0f-b65ff32620de,2026-05-21T17:00:00Z,2026-05-21T19:00:00+0200,180.09999,MW,FR,FR,forecast_offshore_wind_generation,Wind Offshore,2026-05-26T14:20:23Z
2026-05-26T14:19:27Z,2026-05-26T16:19:27+0200,9d8474b6-9a07-4a7a-8e0f-b65ff32620de,2026-05-21T17:15:00Z,2026-05-21T19:15:00+0200,184.87999,MW,FR,FR,forecast_offshore_wind_generation,Wind Offshore,2026-05-26T14:20:23Z
2026-05-26T14:19:27Z,2026-05-26T16:19:27+0200,9d8474b6-9a07-4a7a-8e0f-b65ff32620de,2026-05-21T17:30:00Z,2026-05-21T19:30:00+0200,189.69,MW,FR,FR,forecast_offshore_wind_generation,Wind Offshore,2026-05-26T14:20:23Z
2026-05-26T14:19:27Z,2026-05-26T16:19:27+0200,9d8474b6-9a07-4a7a-8e0f-b65ff32620de,2026-05-21T17:45:00Z,2026-05-21T19:45:00+0200,194.5,MW,FR,FR,forecast_offshore_wind_generation,Wind Offshore,2026-05-26T14:20:23Z
2026-05-26T14:19:27Z,2026-05-26T16:19:27+0200,9d8474b6-9a07-4a7a-8e0f-b65ff32620de,2026-05-21T18:00:00Z,2026-05-21T20:00:00+0200,199.31001,MW,FR,FR,forecast_offshore_wind_generation,Wind Offshore,2026-05-26T14:20:23Z
2026-05-26T14:19:27Z,2026-05-26T16:19:27+0200,9d8474b6-9a07-4a7a-8e0f-b65ff32620de,2026-05-21T18:15:00Z,2026-05-21T20:15:00+0200,201.18001,MW,FR,FR,forecast_offshore_wind_generation,Wind Offshore,2026-05-26T14:20:23Z
2026-05-26T14:19:27Z,2026-05-26T16:19:27+0200,9d8474b6-9a07-4a7a-8e0f-b65ff32620de,2026-05-21T18:30:00Z,2026-05-21T20:30:00+0200,203.06001,MW,FR,FR,forecast_offshore_wind_generation,Wind Offshore,2026-05-26T14:20:23Z
2026-05-26T14:19:27Z,2026-05-26T16:19:27+0200,9d8474b6-9a07-4a7a-8e0f-b65ff32620de,2026-05-21T18:45:00Z,2026-05-21T20:45:00+0200,204.94,MW,FR,FR,forecast_offshore_wind_generation,Wind Offshore,2026-05-26T14:20:23Z
2026-05-26T14:19:27Z,2026-05-26T16:19:27+0200,9d8474b6-9a07-4a7a-8e0f-b65ff32620de,2026-05-21T19:00:00Z,2026-05-21T21:00:00+0200,206.81001,MW,FR,FR,forecast_offshore_wind_generation,Wind Offshore,2026-05-26T14:20:23Z
2026-05-26T14:19:27Z,2026-05-26T16:19:27+0200,9d8474b6-9a07-4a7a-8e0f-b65ff32620de,2026-05-21T19:15:00Z,2026-05-21T21:15:00+0200,215.32001,MW,FR,FR,forecast_offshore_wind_generation,Wind Offshore,2026-05-26T14:20:23Z
2026-05-26T14:19:27Z,2026-05-26T16:19:27+0200,9d8474b6-9a07-4a7a-8e0f-b65ff32620de,2026-05-21T19:30:00Z,2026-05-21T21:30:00+0200,223.84001,MW,FR,FR,forecast_offshore_wind_generation,Wind Offshore,2026-05-26T14:20:23Z
2026-05-26T14:19:27Z,2026-05-26T16:19:27+0200,9d8474b6-9a07-4a7a-8e0f-b65ff32620de,2026-05-21T19:45:00Z,2026-05-21T21:45:00+0200,232.36002,MW,FR,FR,forecast_offshore_wind_generation,Wind Offshore,2026-05-26T14:20:23Z
2026-05-26T14:19:27Z,2026-05-26T16:19:27+0200,9d8474b6-9a07-4a7a-8e0f-b65ff32620de,2026-05-21T20:00:00Z,2026-05-21T22:00:00+0200,240.86,MW,FR,FR,forecast_offshore_wind_generation,Wind Offshore,2026-05-26T14:20:23Z
2026-05-26T14:19:27Z,2026-05-26T16:19:27+0200,9d8474b6-9a07-4a7a-8e0f-b65ff32620de,2026-05-21T20:15:00Z,2026-05-21T22:15:00+0200,249.14,MW,FR,FR,forecast_offshore_wind_generation,Wind Offshore,2026-05-26T14:20:23Z
2026-05-26T14:19:27Z,2026-05-26T16:19:27+0200,9d8474b6-9a07-4a7a-8e0f-b65ff32620de,2026-05-21T20:30:00Z,2026-05-21T22:30:00+0200,257.43002,MW,FR,FR,forecast_offshore_wind_generation,Wind Offshore,2026-05-26T14:20:23Z
2026-05-26T14:19:27Z,2026-05-26T16:19:27+0200,9d8474b6-9a07-4a7a-8e0f-b65ff32620de,2026-05-21T20:45:00Z,2026-05-21T22:45:00+0200,265.72,MW,FR,FR,forecast_offshore_wind_generation,Wind Offshore,2026-05-26T14:20:23Z
2026-05-26T14:19:27Z,2026-05-26T16:19:27+0200,9d8474b6-9a07-4a7a-8e0f-b65ff32620de,2026-05-21T21:00:00Z,2026-05-21T23:00:00+0200,273.98999,MW,FR,FR,forecast_offshore_wind_generation,Wind Offshore,2026-05-26T14:20:23Z
2026-05-26T14:19:27Z,2026-05-26T16:19:27+0200,9d8474b6-9a07-4a7a-8e0f-b65ff32620de,2026-05-21T21:15:00Z,2026-05-21T23:15:00+0200,274.51999,MW,FR,FR,forecast_offshore_wind_generation,Wind Offshore,2026-05-26T14:20:23Z
2026-05-26T14:19:27Z,2026-05-26T16:19:27+0200,9d8474b6-9a07-4a7a-8e0f-b65ff32620de,2026-05-21T21:30:00Z,2026-05-21T23:30:00+0200,275.07001,MW,FR,FR,forecast_offshore_wind_generation,Wind Offshore,2026-05-26T14:20:23Z
2026-05-26T14:19:27Z,2026-05-26T16:19:27+0200,9d8474b6-9a07-4a7a-8e0f-b65ff32620de,2026-05-21T21:45:00Z,2026-05-21T23:45:00+0200,275.60001,MW,FR,FR,forecast_offshore_wind_generation,Wind Offshore,2026-05-26T14:20:23Z
2026-05-26T14:19:27Z,2026-05-26T16:19:27+0200,9d8474b6-9a07-4a7a-8e0f-b65ff32620de,2026-05-21T22:00:00Z,2026-05-22T00:00:00+0200,276.72998,MW,FR,FR,forecast_offshore_wind_generation,Wind Offshore,2026-05-26T14:20:23Z
2026-05-26T14:19:27Z,2026-05-26T16:19:27+0200,9d8474b6-9a07-4a7a-8e0f-b65ff32620de,2026-05-21T22:15:00Z,2026-05-22T00:15:00+0200,293.10999,MW,FR,FR,forecast_offshore_wind_generation,Wind Offshore,2026-05-26T14:20:23Z
2026-05-26T14:19:27Z,2026-05-26T16:19:27+0200,9d8474b6-9a07-4a7a-8e0f-b65ff32620de,2026-05-21T22:30:00Z,2026-05-22T00:30:00+0200,309.47998,MW,FR,FR,forecast_offshore_wind_generation,Wind Offshore,2026-05-26T14:20:23Z
2026-05-26T14:19:27Z,2026-05-26T16:19:27+0200,9d8474b6-9a07-4a7a-8e0f-b65ff32620de,2026-05-21T22:45:00Z,2026-05-22T00:45:00+0200,325.70996,MW,FR,FR,forecast_offshore_wind_generation,Wind Offshore,2026-05-26T14:20:23Z
2026-05-26T14:19:27Z,2026-05-26T16:19:27+0200,9d8474b6-9a07-4a7a-8e0f-b65ff32620de,2026-05-21T23:00:00Z,2026-05-22T01:00:00+0200,341.95999,MW,FR,FR,forecast_offshore_wind_generation,Wind Offshore,2026-05-26T14:20:23Z
2026-05-26T14:19:27Z,2026-05-26T16:19:27+0200,9d8474b6-9a07-4a7a-8e0f-b65ff32620de,2026-05-21T23:15:00Z,2026-05-22T01:15:00+0200,337.42001,MW,FR,FR,forecast_offshore_wind_generation,Wind Offshore,2026-05-26T14:20:23Z
2026-05-26T14:19:27Z,2026-05-26T16:19:27+0200,9d8474b6-9a07-4a7a-8e0f-b65ff32620de,2026-05-21T23:30:00Z,2026-05-22T01:30:00+0200,332.89001,MW,FR,FR,forecast_offshore_wind_generation,Wind Offshore,2026-05-26T14:20:23Z
2026-05-26T14:19:27Z,2026-05-26T16:19:27+0200,9d8474b6-9a07-4a7a-8e0f-b65ff32620de,2026-05-21T23:45:00Z,2026-05-22T01:45:00+0200,328.28998,MW,FR,FR,forecast_offshore_wind_generation,Wind Offshore,2026-05-26T14:20:23Z
2026-05-26T14:19:27Z,2026-05-26T16:19:27+0200,9d8474b6-9a07-4a7a-8e0f-b65ff32620de,2026-05-22T00:00:00Z,2026-05-22T02:00:00+0200,323.70999,MW,FR,FR,forecast_offshore_wind_generation,Wind Offshore,2026-05-26T14:20:23Z
2026-05-26T14:19:27Z,2026-05-26T16:19:27+0200,9d8474b6-9a07-4a7a-8e0f-b65ff32620de,2026-05-22T00:15:00Z,2026-05-22T02:15:00+0200,338.54999,MW,FR,FR,forecast_offshore_wind_generation,Wind Offshore,2026-05-26T14:20:23Z
2026-05-26T14:19:27Z,2026-05-26T16:19:27+0200,9d8474b6-9a07-4a7a-8e0f-b65ff32620de,2026-05-22T00:30:00Z,2026-05-22T02:30:00+0200,353.41003,MW,FR,FR,forecast_offshore_wind_generation,Wind Offshore,2026-05-26T14:20:23Z
2026-05-26T14:19:27Z,2026-05-26T16:19:27+0200,9d8474b6-9a07-4a7a-8e0f-b65ff32620de,2026-05-22T00:45:00Z,2026-05-22T02:45:00+0200,368.25,MW,FR,FR,forecast_offshore_wind_generation,Wind Offshore,2026-05-26T14:20:23Z
2026-05-26T14:19:27Z,2026-05-26T16:19:27+0200,9d8474b6-9a07-4a7a-8e0f-b65ff32620de,2026-05-22T01:00:00Z,2026-05-22T03:00:00+0200,383.09,MW,FR,FR,forecast_offshore_wind_generation,Wind Offshore,2026-05-26T14:20:23Z
2026-05-26T14:19:27Z,2026-05-26T16:19:27+0200,9d8474b6-9a07-4a7a-8e0f-b65ff32620de,2026-05-22T01:15:00Z,2026-05-22T03:15:00+0200,406.20001,MW,FR,FR,forecast_offshore_wind_generation,Wind Offshore,2026-05-26T14:20:23Z
2026-05-26T14:19:27Z,2026-05-26T16:19:27+0200,9d8474b6-9a07-4a7a-8e0f-b65ff32620de,2026-05-22T01:30:00Z,2026-05-22T03:30:00+0200,429.29999,MW,FR,FR,forecast_offshore_wind_generation,Wind Offshore,2026-05-26T14:20:23Z
2026-05-26T14:19:27Z,2026-05-26T16:19:27+0200,9d8474b6-9a07-4a7a-8e0f-b65ff32620de,2026-05-22T01:45:00Z,2026-05-22T03:45:00+0200,452.39999,MW,FR,FR,forecast_offshore_wind_generation,Wind Offshore,2026-05-26T14:20:23Z
2026-05-26T14:19:27Z,2026-05-26T16:19:27+0200,9d8474b6-9a07-4a7a-8e0f-b65ff32620de,2026-05-22T02:00:00Z,2026-05-22T04:00:00+0200,475.5,MW,FR,FR,forecast_offshore_wind_generation,Wind Offshore,2026-05-26T14:20:23Z
2026-05-26T14:19:27Z,2026-05-26T16:19:27+0200,9d8474b6-9a07-4a7a-8e0f-b65ff32620de,2026-05-22T02:15:00Z,2026-05-22T04:15:00+0200,475.60001,MW,FR,FR,forecast_offshore_wind_generation,Wind Offshore,2026-05-26T14:20:23Z
2026-05-26T14:19:27Z,2026-05-26T16:19:27+0200,9d8474b6-9a07-4a7a-8e0f-b65ff32620de,2026-05-22T02:30:00Z,2026-05-22T04:30:00+0200,475.69998,MW,FR,FR,forecast_offshore_wind_generation,Wind Offshore,2026-05-26T14:20:23Z
2026-05-26T14:19:27Z,2026-05-26T16:19:27+0200,9d8474b6-9a07-4a7a-8e0f-b65ff32620de,2026-05-22T02:45:00Z,2026-05-22T04:45:00+0200,475.81003,MW,FR,FR,forecast_offshore_wind_generation,Wind Offshore,2026-05-26T14:20:23Z
2026-05-26T14:19:27Z,2026-05-26T16:19:27+0200,9d8474b6-9a07-4a7a-8e0f-b65ff32620de,2026-05-22T03:00:00Z,2026-05-22T05:00:00+0200,475.90002,MW,FR,FR,forecast_offshore_wind_generation,Wind Offshore,2026-05-26T14:20:23Z
2026-05-26T14:19:27Z,2026-05-26T16:19:27+0200,9d8474b6-9a07-4a7a-8e0f-b65ff32620de,2026-05-22T03:15:00Z,2026-05-22T05:15:00+0200,478.89005,MW,FR,FR,forecast_offshore_wind_generation,Wind Offshore,2026-05-26T14:20:23Z
2026-05-26T14:19:27Z,2026-05-26T16:19:27+0200,9d8474b6-9a07-4a7a-8e0f-b65ff32620de,2026-05-22T03:30:00Z,2026-05-22T05:30:00+0200,481.88998,MW,FR,FR,forecast_offshore_wind_generation,Wind Offshore,2026-05-26T14:20:23Z
2026-05-26T14:19:27Z,2026-05-26T16:19:27+0200,9d8474b6-9a07-4a7a-8e0f-b65ff32620de,2026-05-22T03:45:00Z,2026-05-22T05:45:00+0200,484.85001,MW,FR,FR,forecast_offshore_wind_generation,Wind Offshore,2026-05-26T14:20:23Z
2026-05-26T14:19:27Z,2026-05-26T16:19:27+0200,9d8474b6-9a07-4a7a-8e0f-b65ff32620de,2026-05-22T04:00:00Z,2026-05-22T06:00:00+0200,487.79001,MW,FR,FR,forecast_offshore_wind_generation,Wind Offshore,2026-05-26T14:20:23Z
2026-05-26T14:19:27Z,2026-05-26T16:19:27+0200,9d8474b6-9a07-4a7a-8e0f-b65ff32620de,2026-05-22T04:15:00Z,2026-05-22T06:15:00+0200,480.75,MW,FR,FR,forecast_offshore_wind_generation,Wind Offshore,2026-05-26T14:20:23Z
2026-05-26T14:19:27Z,2026-05-26T16:19:27+0200,9d8474b6-9a07-4a7a-8e0f-b65ff32620de,2026-05-22T04:30:00Z,2026-05-22T06:30:00+0200,473.69,MW,FR,FR,forecast_offshore_wind_generation,Wind Offshore,2026-05-26T14:20:23Z
2026-05-26T14:19:27Z,2026-05-26T16:19:27+0200,9d8474b6-9a07-4a7a-8e0f-b65ff32620de,2026-05-22T04:45:00Z,2026-05-22T06:45:00+0200,466.57999,MW,FR,FR,forecast_offshore_wind_generation,Wind Offshore,2026-05-26T14:20:23Z
2026-05-26T14:19:27Z,2026-05-26T16:19:27+0200,9d8474b6-9a07-4a7a-8e0f-b65ff32620de,2026-05-22T05:00:00Z,2026-05-22T07:00:00+0200,459.5,MW,FR,FR,forecast_offshore_wind_generation,Wind Offshore,2026-05-26T14:20:23Z
2026-05-26T14:19:27Z,2026-05-26T16:19:27+0200,9d8474b6-9a07-4a7a-8e0f-b65ff32620de,2026-05-22T05:15:00Z,2026-05-22T07:15:00+0200,450.84998,MW,FR,FR,forecast_offshore_wind_generation,Wind Offshore,2026-05-26T14:20:23Z
2026-05-26T14:19:27Z,2026-05-26T16:19:27+0200,9d8474b6-9a07-4a7a-8e0f-b65ff32620de,2026-05-22T05:30:00Z,2026-05-22T07:30:00+0200,442.20001,MW,FR,FR,forecast_offshore_wind_generation,Wind Offshore,2026-05-26T14:20:23Z
2026-05-26T14:19:27Z,2026-05-26T16:19:27+0200,9d8474b6-9a07-4a7a-8e0f-b65ff32620de,2026-05-22T05:45:00Z,2026-05-22T07:45:00+0200,433.51001,MW,FR,FR,forecast_offshore_wind_generation,Wind Offshore,2026-05-26T14:20:23Z
2026-05-26T14:19:27Z,2026-05-26T16:19:27+0200,9d8474b6-9a07-4a7a-8e0f-b65ff32620de,2026-05-22T06:00:00Z,2026-05-22T08:00:00+0200,424.85001,MW,FR,FR,forecast_offshore_wind_generation,Wind Offshore,2026-05-26T14:20:23Z
2026-05-26T14:19:27Z,2026-05-26T16:19:27+0200,9d8474b6-9a07-4a7a-8e0f-b65ff32620de,2026-05-22T06:15:00Z,2026-05-22T08:15:00+0200,426.44998,MW,FR,FR,forecast_offshore_wind_generation,Wind Offshore,2026-05-26T14:20:23Z
2026-05-26T14:19:27Z,2026-05-26T16:19:27+0200,9d8474b6-9a07-4a7a-8e0f-b65ff32620de,2026-05-22T06:30:00Z,2026-05-22T08:30:00+0200,428.03998,MW,FR,FR,forecast_offshore_wind_generation,Wind Offshore,2026-05-26T14:20:23Z
2026-05-26T14:19:27Z,2026-05-26T16:19:27+0200,9d8474b6-9a07-4a7a-8e0f-b65ff32620de,2026-05-22T06:45:00Z,2026-05-22T08:45:00+0200,429.61002,MW,FR,FR,forecast_offshore_wind_generation,Wind Offshore,2026-05-26T14:20:23Z
2026-05-26T14:19:27Z,2026-05-26T16:19:27+0200,9d8474b6-9a07-4a7a-8e0f-b65ff32620de,2026-05-22T07:00:00Z,2026-05-22T09:00:00+0200,431.17999,MW,FR,FR,forecast_offshore_wind_generation,Wind Offshore,2026-05-26T14:20:23Z
2026-05-26T14:19:27Z,2026-05-26T16:19:27+0200,9d8474b6-9a07-4a7a-8e0f-b65ff32620de,2026-05-22T07:15:00Z,2026-05-22T09:15:00+0200,421.72,MW,FR,FR,forecast_offshore_wind_generation,Wind Offshore,2026-05-26T14:20:23Z
2026-05-26T14:19:27Z,2026-05-26T16:19:27+0200,9d8474b6-9a07-4a7a-8e0f-b65ff32620de,2026-05-22T07:30:00Z,2026-05-22T09:30:00+0200,412.26001,MW,FR,FR,forecast_offshore_wind_generation,Wind Offshore,2026-05-26T14:20:23Z
2026-05-26T14:19:27Z,2026-05-26T16:19:27+0200,9d8474b6-9a07-4a7a-8e0f-b65ff32620de,2026-05-22T07:45:00Z,2026-05-22T09:45:00+0200,402.78,MW,FR,FR,forecast_offshore_wind_generation,Wind Offshore,2026-05-26T14:20:23Z
2026-05-26T14:19:27Z,2026-05-26T16:19:27+0200,9d8474b6-9a07-4a7a-8e0f-b65ff32620de,2026-05-22T08:00:00Z,2026-05-22T10:00:00+0200,393.31998,MW,FR,FR,forecast_offshore_wind_generation,Wind Offshore,2026-05-26T14:20:23Z
2026-05-26T14:19:27Z,2026-05-26T16:19:27+0200,9d8474b6-9a07-4a7a-8e0f-b65ff32620de,2026-05-22T08:15:00Z,2026-05-22T10:15:00+0200,377.13998,MW,FR,FR,forecast_offshore_wind_generation,Wind Offshore,2026-05-26T14:20:23Z
2026-05-26T14:19:27Z,2026-05-26T16:19:27+0200,9d8474b6-9a07-4a7a-8e0f-b65ff32620de,2026-05-22T08:30:00Z,2026-05-22T10:30:00+0200,360.99002,MW,FR,FR,forecast_offshore_wind_generation,Wind Offshore,2026-05-26T14:20:23Z
2026-05-26T14:19:27Z,2026-05-26T16:19:27+0200,9d8474b6-9a07-4a7a-8e0f-b65ff32620de,2026-05-22T08:45:00Z,2026-05-22T10:45:00+0200,344.80002,MW,FR,FR,forecast_offshore_wind_generation,Wind Offshore,2026-05-26T14:20:23Z
2026-05-26T14:19:27Z,2026-05-26T16:19:27+0200,9d8474b6-9a07-4a7a-8e0f-b65ff32620de,2026-05-22T09:00:00Z,2026-05-22T11:00:00+0200,328.62,MW,FR,FR,forecast_offshore_wind_generation,Wind Offshore,2026-05-26T14:20:23Z
2026-05-26T14:19:27Z,2026-05-26T16:19:27+0200,9d8474b6-9a07-4a7a-8e0f-b65ff32620de,2026-05-22T09:15:00Z,2026-05-22T11:15:00+0200,327.04999,MW,FR,FR,forecast_offshore_wind_generation,Wind Offshore,2026-05-26T14:20:23Z
2026-05-26T14:19:27Z,2026-05-26T16:19:27+0200,9d8474b6-9a07-4a7a-8e0f-b65ff32620de,2026-05-22T09:30:00Z,2026-05-22T11:30:00+0200,325.45001,MW,FR,FR,forecast_offshore_wind_generation,Wind Offshore,2026-05-26T14:20:23Z
2026-05-26T14:19:27Z,2026-05-26T16:19:27+0200,9d8474b6-9a07-4a7a-8e0f-b65ff32620de,2026-05-22T09:45:00Z,2026-05-22T11:45:00+0200,323.88,MW,FR,FR,forecast_offshore_wind_generation,Wind Offshore,2026-05-26T14:20:23Z
2026-05-26T14:19:27Z,2026-05-26T16:19:27+0200,9d8474b6-9a07-4a7a-8e0f-b65ff32620de,2026-05-22T10:00:00Z,2026-05-22T12:00:00+0200,322.29999,MW,FR,FR,forecast_offshore_wind_generation,Wind Offshore,2026-05-26T14:20:23Z
2026-05-26T14:19:27Z,2026-05-26T16:19:27+0200,9d8474b6-9a07-4a7a-8e0f-b65ff32620de,2026-05-22T10:15:00Z,2026-05-22T12:15:00+0200,333.60999,MW,FR,FR,forecast_offshore_wind_generation,Wind Offshore,2026-05-26T14:20:23Z
2026-05-26T14:19:27Z,2026-05-26T16:19:27+0200,9d8474b6-9a07-4a7a-8e0f-b65ff32620de,2026-05-22T10:30:00Z,2026-05-22T12:30:00+0200,344.91998,MW,FR,FR,forecast_offshore_wind_generation,Wind Offshore,2026-05-26T14:20:23Z
2026-05-26T14:19:27Z,2026-05-26T16:19:27+0200,9d8474b6-9a07-4a7a-8e0f-b65ff32620de,2026-05-22T10:45:00Z,2026-05-22T12:45:00+0200,356.22998,MW,FR,FR,forecast_offshore_wind_generation,Wind Offshore,2026-05-26T14:20:23Z
2026-05-26T14:19:27Z,2026-05-26T16:19:27+0200,9d8474b6-9a07-4a7a-8e0f-b65ff32620de,2026-05-22T11:00:00Z,2026-05-22T13:00:00+0200,367.54999,MW,FR,FR,forecast_offshore_wind_generation,Wind Offshore,2026-05-26T14:20:23Z
2026-05-26T14:19:27Z,2026-05-26T16:19:27+0200,9d8474b6-9a07-4a7a-8e0f-b65ff32620de,2026-05-22T11:15:00Z,2026-05-22T13:15:00+0200,375.32999,MW,FR,FR,forecast_offshore_wind_generation,Wind Offshore,2026-05-26T14:20:23Z
2026-05-26T14:19:27Z,2026-05-26T16:19:27+0200,9d8474b6-9a07-4a7a-8e0f-b65ff32620de,2026-05-22T11:30:00Z,2026-05-22T13:30:00+0200,383.12,MW,FR,FR,forecast_offshore_wind_generation,Wind Offshore,2026-05-26T14:20:23Z
2026-05-26T14:19:27Z,2026-05-26T16:19:27+0200,9d8474b6-9a07-4a7a-8e0f-b65ff32620de,2026-05-22T11:45:00Z,2026-05-22T13:45:00+0200,390.90002,MW,FR,FR,forecast_offshore_wind_generation,Wind Offshore,2026-05-26T14:20:23Z
2026-05-26T14:19:27Z,2026-05-26T16:19:27+0200,9d8474b6-9a07-4a7a-8e0f-b65ff32620de,2026-05-22T12:00:00Z,2026-05-22T14:00:00+0200,398.67999,MW,FR,FR,forecast_offshore_wind_generation,Wind Offshore,2026-05-26T14:20:23Z
2026-05-26T14:19:27Z,2026-05-26T16:19:27+0200,9d8474b6-9a07-4a7a-8e0f-b65ff32620de,2026-05-22T12:15:00Z,2026-05-22T14:15:00+0200,404.88998,MW,FR,FR,forecast_offshore_wind_generation,Wind Offshore,2026-05-26T14:20:23Z
2026-05-26T14:19:27Z,2026-05-26T16:19:27+0200,9d8474b6-9a07-4a7a-8e0f-b65ff32620de,2026-05-22T12:30:00Z,2026-05-22T14:30:00+0200,411.10001,MW,FR,FR,forecast_offshore_wind_generation,Wind Offshore,2026-05-26T14:20:23Z
2026-05-26T14:19:27Z,2026-05-26T16:19:27+0200,9d8474b6-9a07-4a7a-8e0f-b65ff32620de,2026-05-22T12:45:00Z,2026-05-22T14:45:00+0200,417.32004,MW,FR,FR,forecast_offshore_wind_generation,Wind Offshore,2026-05-26T14:20:23Z
2026-05-26T14:19:27Z,2026-05-26T16:19:27+0200,9d8474b6-9a07-4a7a-8e0f-b65ff32620de,2026-05-22T13:00:00Z,2026-05-22T15:00:00+0200,423.51999,MW,FR,FR,forecast_offshore_wind_generation,Wind Offshore,2026-05-26T14:20:23Z
2026-05-26T14:19:27Z,2026-05-26T16:19:27+0200,9d8474b6-9a07-4a7a-8e0f-b65ff32620de,2026-05-22T13:15:00Z,2026-05-22T15:15:00+0200,439.71002,MW,FR,FR,forecast_offshore_wind_generation,Wind Offshore,2026-05-26T14:20:23Z
2026-05-26T14:19:27Z,2026-05-26T16:19:27+0200,9d8474b6-9a07-4a7a-8e0f-b65ff32620de,2026-05-22T13:30:00Z,2026-05-22T15:30:00+0200,455.91003,MW,FR,FR,forecast_offshore_wind_generation,Wind Offshore,2026-05-26T14:20:23Z
2026-05-26T14:19:27Z,2026-05-26T16:19:27+0200,9d8474b6-9a07-4a7a-8e0f-b65ff32620de,2026-05-22T13:45:00Z,2026-05-22T15:45:00+0200,472.13,MW,FR,FR,forecast_offshore_wind_generation,Wind Offshore,2026-05-26T14:20:23Z
2026-05-26T14:19:27Z,2026-05-26T16:19:27+0200,9d8474b6-9a07-4a7a-8e0f-b65ff32620de,2026-05-22T14:00:00Z,2026-05-22T16:00:00+0200,488.31998,MW,FR,FR,forecast_offshore_wind_generation,Wind Offshore,2026-05-26T14:20:23Z
2026-05-26T14:19:27Z,2026-05-26T16:19:27+0200,9d8474b6-9a07-4a7a-8e0f-b65ff32620de,2026-05-22T14:15:00Z,2026-05-22T16:15:00+0200,491.03998,MW,FR,FR,forecast_offshore_wind_generation,Wind Offshore,2026-05-26T14:20:23Z
2026-05-26T14:19:27Z,2026-05-26T16:19:27+0200,9d8474b6-9a07-4a7a-8e0f-b65ff32620de,2026-05-22T14:30:00Z,2026-05-22T16:30:00+0200,493.76001,MW,FR,FR,forecast_offshore_wind_generation,Wind Offshore,2026-05-26T14:20:23Z
2026-05-26T14:19:27Z,2026-05-26T16:19:27+0200,9d8474b6-9a07-4a7a-8e0f-b65ff32620de,2026-05-22T14:45:00Z,2026-05-22T16:45:00+0200,496.5,MW,FR,FR,forecast_offshore_wind_generation,Wind Offshore,2026-05-26T14:20:23Z
2026-05-26T14:19:27Z,2026-05-26T16:19:27+0200,9d8474b6-9a07-4a7a-8e0f-b65ff32620de,2026-05-22T15:00:00Z,2026-05-22T17:00:00+0200,499.26001,MW,FR,FR,forecast_offshore_wind_generation,Wind Offshore,2026-05-26T14:20:23Z
2026-05-26T14:19:27Z,2026-05-26T16:19:27+0200,9d8474b6-9a07-4a7a-8e0f-b65ff32620de,2026-05-22T15:15:00Z,2026-05-22T17:15:00+0200,469.60999,MW,FR,FR,forecast_offshore_wind_generation,Wind Offshore,2026-05-26T14:20:23Z
2026-05-26T14:19:27Z,2026-05-26T16:19:27+0200,9d8474b6-9a07-4a7a-8e0f-b65ff32620de,2026-05-22T15:30:00Z,2026-05-22T17:30:00+0200,439.98001,MW,FR,FR,forecast_offshore_wind_generation,Wind Offshore,2026-05-26T14:20:23Z
2026-05-26T14:19:27Z,2026-05-26T16:19:27+0200,9d8474b6-9a07-4a7a-8e0f-b65ff32620de,2026-05-22T15:45:00Z,2026-05-22T17:45:00+0200,410.38004,MW,FR,FR,forecast_offshore_wind_generation,Wind Offshore,2026-05-26T14:20:23Z
2026-05-26T14:19:27Z,2026-05-26T16:19:27+0200,9d8474b6-9a07-4a7a-8e0f-b65ff32620de,2026-05-22T16:00:00Z,2026-05-22T18:00:00+0200,380.79999,MW,FR,FR,forecast_offshore_wind_generation,Wind Offshore,2026-05-26T14:20:23Z
2026-05-26T14:19:27Z,2026-05-26T16:19:27+0200,9d8474b6-9a07-4a7a-8e0f-b65ff32620de,2026-05-22T16:15:00Z,2026-05-22T18:15:00+0200,347.54999,MW,FR,FR,forecast_offshore_wind_generation,Wind Offshore,2026-05-26T14:20:23Z
2026-05-26T14:19:27Z,2026-05-26T16:19:27+0200,9d8474b6-9a07-4a7a-8e0f-b65ff32620de,2026-05-22T16:30:00Z,2026-05-22T18:30:00+0200,314.31,MW,FR,FR,forecast_offshore_wind_generation,Wind Offshore,2026-05-26T14:20:23Z
2026-05-26T14:19:27Z,2026-05-26T16:19:27+0200,9d8474b6-9a07-4a7a-8e0f-b65ff32620de,2026-05-22T16:45:00Z,2026-05-22T18:45:00+0200,281.10999,MW,FR,FR,forecast_offshore_wind_generation,Wind Offshore,2026-05-26T14:20:23Z
2026-05-26T14:19:27Z,2026-05-26T16:19:27+0200,9d8474b6-9a07-4a7a-8e0f-b65ff32620de,2026-05-22T17:00:00Z,2026-05-22T19:00:00+0200,247.88998,MW,FR,FR,forecast_offshore_wind_generation,Wind Offshore,2026-05-26T14:20:23Z
2026-05-26T14:19:27Z,2026-05-26T16:19:27+0200,9d8474b6-9a07-4a7a-8e0f-b65ff32620de,2026-05-22T17:15:00Z,2026-05-22T19:15:00+0200,225.96001,MW,FR,FR,forecast_offshore_wind_generation,Wind Offshore,2026-05-26T14:20:23Z
2026-05-26T14:19:27Z,2026-05-26T16:19:27+0200,9d8474b6-9a07-4a7a-8e0f-b65ff32620de,2026-05-22T17:30:00Z,2026-05-22T19:30:00+0200,204.03,MW,FR,FR,forecast_offshore_wind_generation,Wind Offshore,2026-05-26T14:20:23Z
2026-05-26T14:19:27Z,2026-05-26T16:19:27+0200,9d8474b6-9a07-4a7a-8e0f-b65ff32620de,2026-05-22T17:45:00Z,2026-05-22T19:45:00+0200,182.13,MW,FR,FR,forecast_offshore_wind_generation,Wind Offshore,2026-05-26T14:20:23Z
2026-05-26T14:19:27Z,2026-05-26T16:19:27+0200,9d8474b6-9a07-4a7a-8e0f-b65ff32620de,2026-05-22T18:00:00Z,2026-05-22T20:00:00+0200,160.22,MW,FR,FR,forecast_offshore_wind_generation,Wind Offshore,2026-05-26T14:20:23Z
2026-05-26T14:19:27Z,2026-05-26T16:19:27+0200,9d8474b6-9a07-4a7a-8e0f-b65ff32620de,2026-05-22T18:15:00Z,2026-05-22T20:15:00+0200,147.17,MW,FR,FR,forecast_offshore_wind_generation,Wind Offshore,2026-05-26T14:20:23Z
2026-05-26T14:19:27Z,2026-05-26T16:19:27+0200,9d8474b6-9a07-4a7a-8e0f-b65ff32620de,2026-05-22T18:30:00Z,2026-05-22T20:30:00+0200,134.11,MW,FR,FR,forecast_offshore_wind_generation,Wind Offshore,2026-05-26T14:20:23Z
2026-05-26T14:19:27Z,2026-05-26T16:19:27+0200,9d8474b6-9a07-4a7a-8e0f-b65ff32620de,2026-05-22T18:45:00Z,2026-05-22T20:45:00+0200,121.06,MW,FR,FR,forecast_offshore_wind_generation,Wind Offshore,2026-05-26T14:20:23Z
2026-05-26T14:19:27Z,2026-05-26T16:19:27+0200,9d8474b6-9a07-4a7a-8e0f-b65ff32620de,2026-05-22T19:00:00Z,2026-05-22T21:00:00+0200,107.98,MW,FR,FR,forecast_offshore_wind_generation,Wind Offshore,2026-05-26T14:20:23Z
2026-05-26T14:19:27Z,2026-05-26T16:19:27+0200,9d8474b6-9a07-4a7a-8e0f-b65ff32620de,2026-05-22T19:15:00Z,2026-05-22T21:15:00+0200,105.71001,MW,FR,FR,forecast_offshore_wind_generation,Wind Offshore,2026-05-26T14:20:23Z
2026-05-26T14:19:27Z,2026-05-26T16:19:27+0200,9d8474b6-9a07-4a7a-8e0f-b65ff32620de,2026-05-22T19:30:00Z,2026-05-22T21:30:00+0200,103.43999,MW,FR,FR,forecast_offshore_wind_generation,Wind Offshore,2026-05-26T14:20:23Z
2026-05-26T14:19:27Z,2026-05-26T16:19:27+0200,9d8474b6-9a07-4a7a-8e0f-b65ff32620de,2026-05-22T19:45:00Z,2026-05-22T21:45:00+0200,101.16,MW,FR,FR,forecast_offshore_wind_generation,Wind Offshore,2026-05-26T14:20:23Z
2026-05-26T14:19:27Z,2026-05-26T16:19:27+0200,9d8474b6-9a07-4a7a-8e0f-b65ff32620de,2026-05-22T20:00:00Z,2026-05-22T22:00:00+0200,98.86,MW,FR,FR,forecast_offshore_wind_generation,Wind Offshore,2026-05-26T14:20:23Z
2026-05-26T14:19:27Z,2026-05-26T16:19:27+0200,9d8474b6-9a07-4a7a-8e0f-b65ff32620de,2026-05-22T20:15:00Z,2026-05-22T22:15:00+0200,107.73,MW,FR,FR,forecast_offshore_wind_generation,Wind Offshore,2026-05-26T14:20:23Z
2026-05-26T14:19:27Z,2026-05-26T16:19:27+0200,9d8474b6-9a07-4a7a-8e0f-b65ff32620de,2026-05-22T20:30:00Z,2026-05-22T22:30:00+0200,116.61001,MW,FR,FR,forecast_offshore_wind_generation,Wind Offshore,2026-05-26T14:20:23Z
2026-05-26T14:19:27Z,2026-05-26T16:19:27+0200,9d8474b6-9a07-4a7a-8e0f-b65ff32620de,2026-05-22T20:45:00Z,2026-05-22T22:45:00+0200,125.46,MW,FR,FR,forecast_offshore_wind_generation,Wind Offshore,2026-05-26T14:20:23Z
2026-05-26T14:19:27Z,2026-05-26T16:19:27+0200,9d8474b6-9a07-4a7a-8e0f-b65ff32620de,2026-05-22T21:00:00Z,2026-05-22T23:00:00+0200,134.3,MW,FR,FR,forecast_offshore_wind_generation,Wind Offshore,2026-05-26T14:20:23Z
2026-05-26T14:19:27Z,2026-05-26T16:19:27+0200,9d8474b6-9a07-4a7a-8e0f-b65ff32620de,2026-05-22T21:15:00Z,2026-05-22T23:15:00+0200,151.63998,MW,FR,FR,forecast_offshore_wind_generation,Wind Offshore,2026-05-26T14:20:23Z
2026-05-26T14:19:27Z,2026-05-26T16:19:27+0200,9d8474b6-9a07-4a7a-8e0f-b65ff32620de,2026-05-22T21:30:00Z,2026-05-22T23:30:00+0200,169.0,MW,FR,FR,forecast_offshore_wind_generation,Wind Offshore,2026-05-26T14:20:23Z
2026-05-26T14:19:27Z,2026-05-26T16:19:27+0200,9d8474b6-9a07-4a7a-8e0f-b65ff32620de,2026-05-22T21:45:00Z,2026-05-22T23:45:00+0200,186.32999,MW,FR,FR,forecast_offshore_wind_generation,Wind Offshore,2026-05-26T14:20:23Z
2026-05-26T14:19:27Z,2026-05-26T16:19:27+0200,9d8474b6-9a07-4a7a-8e0f-b65ff32620de,2026-05-22T22:00:00Z,2026-05-23T00:00:00+0200,140.83002,MW,FR,FR,forecast_offshore_wind_generation,Wind Offshore,2026-05-26T14:20:23Z
2026-05-26T14:19:27Z,2026-05-26T16:19:27+0200,9d8474b6-9a07-4a7a-8e0f-b65ff32620de,2026-05-22T22:15:00Z,2026-05-23T00:15:00+0200,153.13,MW,FR,FR,forecast_offshore_wind_generation,Wind Offshore,2026-05-26T14:20:23Z
2026-05-26T14:19:27Z,2026-05-26T16:19:27+0200,9d8474b6-9a07-4a7a-8e0f-b65ff32620de,2026-05-22T22:30:00Z,2026-05-23T00:30:00+0200,167.68001,MW,FR,FR,forecast_offshore_wind_generation,Wind Offshore,2026-05-26T14:20:23Z
2026-05-26T14:19:27Z,2026-05-26T16:19:27+0200,9d8474b6-9a07-4a7a-8e0f-b65ff32620de,2026-05-22T22:45:00Z,2026-05-23T00:45:00+0200,182.23999,MW,FR,FR,forecast_offshore_wind_generation,Wind Offshore,2026-05-26T14:20:23Z
2026-05-26T14:19:27Z,2026-05-26T16:19:27+0200,9d8474b6-9a07-4a7a-8e0f-b65ff32620de,2026-05-22T23:00:00Z,2026-05-23T01:00:00+0200,196.81,MW,FR,FR,forecast_offshore_wind_generation,Wind Offshore,2026-05-26T14:20:23Z
2026-05-26T14:19:27Z,2026-05-26T16:19:27+0200,9d8474b6-9a07-4a7a-8e0f-b65ff32620de,2026-05-22T23:15:00Z,2026-05-23T01:15:00+0200,215.82999,MW,FR,FR,forecast_offshore_wind_generation,Wind Offshore,2026-05-26T14:20:23Z
2026-05-26T14:19:27Z,2026-05-26T16:19:27+0200,9d8474b6-9a07-4a7a-8e0f-b65ff32620de,2026-05-22T23:30:00Z,2026-05-23T01:30:00+0200,234.82999,MW,FR,FR,forecast_offshore_wind_generation,Wind Offshore,2026-05-26T14:20:23Z
2026-05-26T14:19:27Z,2026-05-26T16:19:27+0200,9d8474b6-9a07-4a7a-8e0f-b65ff32620de,2026-05-22T23:45:00Z,2026-05-23T01:45:00+0200,253.84,MW,FR,FR,forecast_offshore_wind_generation,Wind Offshore,2026-05-26T14:20:23Z
2026-05-26T14:19:27Z,2026-05-26T16:19:27+0200,9d8474b6-9a07-4a7a-8e0f-b65ff32620de,2026-05-23T00:00:00Z,2026-05-23T02:00:00+0200,272.86002,MW,FR,FR,forecast_offshore_wind_generation,Wind Offshore,2026-05-26T14:20:23Z
2026-05-26T14:19:27Z,2026-05-26T16:19:27+0200,9d8474b6-9a07-4a7a-8e0f-b65ff32620de,2026-05-23T00:15:00Z,2026-05-23T02:15:00+0200,278.00998,MW,FR,FR,forecast_offshore_wind_generation,Wind Offshore,2026-05-26T14:20:23Z
2026-05-26T14:19:27Z,2026-05-26T16:19:27+0200,9d8474b6-9a07-4a7a-8e0f-b65ff32620de,2026-05-23T00:30:00Z,2026-05-23T02:30:00+0200,283.17999,MW,FR,FR,forecast_offshore_wind_generation,Wind Offshore,2026-05-26T14:20:23Z
2026-05-26T14:19:27Z,2026-05-26T16:19:27+0200,9d8474b6-9a07-4a7a-8e0f-b65ff32620de,2026-05-23T00:45:00Z,2026-05-23T02:45:00+0200,288.36002,MW,FR,FR,forecast_offshore_wind_generation,Wind Offshore,2026-05-26T14:20:23Z
2026-05-26T14:19:27Z,2026-05-26T16:19:27+0200,9d8474b6-9a07-4a7a-8e0f-b65ff32620de,2026-05-23T01:00:00Z,2026-05-23T03:00:00+0200,293.53,MW,FR,FR,forecast_offshore_wind_generation,Wind Offshore,2026-05-26T14:20:23Z
2026-05-26T14:19:27Z,2026-05-26T16:19:27+0200,9d8474b6-9a07-4a7a-8e0f-b65ff32620de,2026-05-23T01:15:00Z,2026-05-23T03:15:00+0200,284.51999,MW,FR,FR,forecast_offshore_wind_generation,Wind Offshore,2026-05-26T14:20:23Z
2026-05-26T14:19:27Z,2026-05-26T16:19:27+0200,9d8474b6-9a07-4a7a-8e0f-b65ff32620de,2026-05-23T01:30:00Z,2026-05-23T03:30:00+0200,275.5,MW,FR,FR,forecast_offshore_wind_generation,Wind Offshore,2026-05-26T14:20:23Z
2026-05-26T14:19:27Z,2026-05-26T16:19:27+0200,9d8474b6-9a07-4a7a-8e0f-b65ff32620de,2026-05-23T01:45:00Z,2026-05-23T03:45:00+0200,266.5,MW,FR,FR,forecast_offshore_wind_generation,Wind Offshore,2026-05-26T14:20:23Z
2026-05-26T14:19:27Z,2026-05-26T16:19:27+0200,9d8474b6-9a07-4a7a-8e0f-b65ff32620de,2026-05-23T02:00:00Z,2026-05-23T04:00:00+0200,257.5,MW,FR,FR,forecast_offshore_wind_generation,Wind Offshore,2026-05-26T14:20:23Z
2026-05-26T14:19:27Z,2026-05-26T16:19:27+0200,9d8474b6-9a07-4a7a-8e0f-b65ff32620de,2026-05-23T02:15:00Z,2026-05-23T04:15:00+0200,273.26001,MW,FR,FR,forecast_offshore_wind_generation,Wind Offshore,2026-05-26T14:20:23Z
2026-05-26T14:19:27Z,2026-05-26T16:19:27+0200,9d8474b6-9a07-4a7a-8e0f-b65ff32620de,2026-05-23T02:30:00Z,2026-05-23T04:30:00+0200,289.01999,MW,FR,FR,forecast_offshore_wind_generation,Wind Offshore,2026-05-26T14:20:23Z
2026-05-26T14:19:27Z,2026-05-26T16:19:27+0200,9d8474b6-9a07-4a7a-8e0f-b65ff32620de,2026-05-23T02:45:00Z,2026-05-23T04:45:00+0200,304.78,MW,FR,FR,forecast_offshore_wind_generation,Wind Offshore,2026-05-26T14:20:23Z
2026-05-26T14:19:27Z,2026-05-26T16:19:27+0200,9d8474b6-9a07-4a7a-8e0f-b65ff32620de,2026-05-23T03:00:00Z,2026-05-23T05:00:00+0200,320.53998,MW,FR,FR,forecast_offshore_wind_generation,Wind Offshore,2026-05-26T14:20:23Z
2026-05-26T14:19:27Z,2026-05-26T16:19:27+0200,9d8474b6-9a07-4a7a-8e0f-b65ff32620de,2026-05-23T03:15:00Z,2026-05-23T05:15:00+0200,325.84,MW,FR,FR,forecast_offshore_wind_generation,Wind Offshore,2026-05-26T14:20:23Z
2026-05-26T14:19:27Z,2026-05-26T16:19:27+0200,9d8474b6-9a07-4a7a-8e0f-b65ff32620de,2026-05-23T03:30:00Z,2026-05-23T05:30:00+0200,331.12,MW,FR,FR,forecast_offshore_wind_generation,Wind Offshore,2026-05-26T14:20:23Z
2026-05-26T14:19:27Z,2026-05-26T16:19:27+0200,9d8474b6-9a07-4a7a-8e0f-b65ff32620de,2026-05-23T03:45:00Z,2026-05-23T05:45:00+0200,336.41,MW,FR,FR,forecast_offshore_wind_generation,Wind Offshore,2026-05-26T14:20:23Z
2026-05-26T14:19:27Z,2026-05-26T16:19:27+0200,9d8474b6-9a07-4a7a-8e0f-b65ff32620de,2026-05-23T04:00:00Z,2026-05-23T06:00:00+0200,341.70001,MW,FR,FR,forecast_offshore_wind_generation,Wind Offshore,2026-05-26T14:20:23Z
2026-05-26T14:19:27Z,2026-05-26T16:19:27+0200,9d8474b6-9a07-4a7a-8e0f-b65ff32620de,2026-05-23T04:15:00Z,2026-05-23T06:15:00+0200,317.14001,MW,FR,FR,forecast_offshore_wind_generation,Wind Offshore,2026-05-26T14:20:23Z
2026-05-26T14:19:27Z,2026-05-26T16:19:27+0200,9d8474b6-9a07-4a7a-8e0f-b65ff32620de,2026-05-23T04:30:00Z,2026-05-23T06:30:00+0200,292.60001,MW,FR,FR,forecast_offshore_wind_generation,Wind Offshore,2026-05-26T14:20:23Z
2026-05-26T14:19:27Z,2026-05-26T16:19:27+0200,9d8474b6-9a07-4a7a-8e0f-b65ff32620de,2026-05-23T04:45:00Z,2026-05-23T06:45:00+0200,268.06,MW,FR,FR,forecast_offshore_wind_generation,Wind Offshore,2026-05-26T14:20:23Z
2026-05-26T14:19:27Z,2026-05-26T16:19:27+0200,9d8474b6-9a07-4a7a-8e0f-b65ff32620de,2026-05-23T05:00:00Z,2026-05-23T07:00:00+0200,243.50999,MW,FR,FR,forecast_offshore_wind_generation,Wind Offshore,2026-05-26T14:20:23Z
2026-05-26T14:19:27Z,2026-05-26T16:19:27+0200,9d8474b6-9a07-4a7a-8e0f-b65ff32620de,2026-05-23T05:15:00Z,2026-05-23T07:15:00+0200,227.39999,MW,FR,FR,forecast_offshore_wind_generation,Wind Offshore,2026-05-26T14:20:23Z
2026-05-26T14:19:27Z,2026-05-26T16:19:27+0200,9d8474b6-9a07-4a7a-8e0f-b65ff32620de,2026-05-23T05:30:00Z,2026-05-23T07:30:00+0200,211.28,MW,FR,FR,forecast_offshore_wind_generation,Wind Offshore,2026-05-26T14:20:23Z
2026-05-26T14:19:27Z,2026-05-26T16:19:27+0200,9d8474b6-9a07-4a7a-8e0f-b65ff32620de,2026-05-23T05:45:00Z,2026-05-23T07:45:00+0200,195.17001,MW,FR,FR,forecast_offshore_wind_generation,Wind Offshore,2026-05-26T14:20:23Z
2026-05-26T14:19:27Z,2026-05-26T16:19:27+0200,9d8474b6-9a07-4a7a-8e0f-b65ff32620de,2026-05-23T06:00:00Z,2026-05-23T08:00:00+0200,179.05,MW,FR,FR,forecast_offshore_wind_generation,Wind Offshore,2026-05-26T14:20:23Z
2026-05-26T14:19:27Z,2026-05-26T16:19:27+0200,9d8474b6-9a07-4a7a-8e0f-b65ff32620de,2026-05-23T06:15:00Z,2026-05-23T08:15:00+0200,171.25,MW,FR,FR,forecast_offshore_wind_generation,Wind Offshore,2026-05-26T14:20:23Z
2026-05-26T14:19:27Z,2026-05-26T16:19:27+0200,9d8474b6-9a07-4a7a-8e0f-b65ff32620de,2026-05-23T06:30:00Z,2026-05-23T08:30:00+0200,163.45999,MW,FR,FR,forecast_offshore_wind_generation,Wind Offshore,2026-05-26T14:20:23Z
2026-05-26T14:19:27Z,2026-05-26T16:19:27+0200,9d8474b6-9a07-4a7a-8e0f-b65ff32620de,2026-05-23T06:45:00Z,2026-05-23T08:45:00+0200,155.67,MW,FR,FR,forecast_offshore_wind_generation,Wind Offshore,2026-05-26T14:20:23Z
2026-05-26T14:19:27Z,2026-05-26T16:19:27+0200,9d8474b6-9a07-4a7a-8e0f-b65ff32620de,2026-05-23T07:00:00Z,2026-05-23T09:00:00+0200,147.88,MW,FR,FR,forecast_offshore_wind_generation,Wind Offshore,2026-05-26T14:20:23Z
2026-05-26T14:19:27Z,2026-05-26T16:19:27+0200,9d8474b6-9a07-4a7a-8e0f-b65ff32620de,2026-05-23T07:15:00Z,2026-05-23T09:15:00+0200,144.39001,MW,FR,FR,forecast_offshore_wind_generation,Wind Offshore,2026-05-26T14:20:23Z
2026-05-26T14:19:27Z,2026-05-26T16:19:27+0200,9d8474b6-9a07-4a7a-8e0f-b65ff32620de,2026-05-23T07:30:00Z,2026-05-23T09:30:00+0200,140.92,MW,FR,FR,forecast_offshore_wind_generation,Wind Offshore,2026-05-26T14:20:23Z
2026-05-26T14:19:27Z,2026-05-26T16:19:27+0200,9d8474b6-9a07-4a7a-8e0f-b65ff32620de,2026-05-23T07:45:00Z,2026-05-23T09:45:00+0200,137.44,MW,FR,FR,forecast_offshore_wind_generation,Wind Offshore,2026-05-26T14:20:23Z
2026-05-26T14:19:27Z,2026-05-26T16:19:27+0200,9d8474b6-9a07-4a7a-8e0f-b65ff32620de,2026-05-23T08:00:00Z,2026-05-23T10:00:00+0200,134.33,MW,FR,FR,forecast_offshore_wind_generation,Wind Offshore,2026-05-26T14:20:23Z
2026-05-26T14:19:27Z,2026-05-26T16:19:27+0200,9d8474b6-9a07-4a7a-8e0f-b65ff32620de,2026-05-23T08:15:00Z,2026-05-23T10:15:00+0200,132.05,MW,FR,FR,forecast_offshore_wind_generation,Wind Offshore,2026-05-26T14:20:23Z
2026-05-26T14:19:27Z,2026-05-26T16:19:27+0200,9d8474b6-9a07-4a7a-8e0f-b65ff32620de,2026-05-23T08:30:00Z,2026-05-23T10:30:00+0200,94.17,MW,FR,FR,forecast_offshore_wind_generation,Wind Offshore,2026-05-26T14:20:23Z
2026-05-26T14:19:27Z,2026-05-26T16:19:27+0200,9d8474b6-9a07-4a7a-8e0f-b65ff32620de,2026-05-23T08:45:00Z,2026-05-23T10:45:00+0200,95.83,MW,FR,FR,forecast_offshore_wind_generation,Wind Offshore,2026-05-26T14:20:23Z
2026-05-26T14:19:27Z,2026-05-26T16:19:27+0200,9d8474b6-9a07-4a7a-8e0f-b65ff32620de,2026-05-23T09:00:00Z,2026-05-23T11:00:00+0200,97.47,MW,FR,FR,forecast_offshore_wind_generation,Wind Offshore,2026-05-26T14:20:23Z
2026-05-26T14:19:27Z,2026-05-26T16:19:27+0200,9d8474b6-9a07-4a7a-8e0f-b65ff32620de,2026-05-23T09:15:00Z,2026-05-23T11:15:00+0200,97.73,MW,FR,FR,forecast_offshore_wind_generation,Wind Offshore,2026-05-26T14:20:23Z
2026-05-26T14:19:27Z,2026-05-26T16:19:27+0200,9d8474b6-9a07-4a7a-8e0f-b65ff32620de,2026-05-23T09:30:00Z,2026-05-23T11:30:00+0200,97.42001,MW,FR,FR,forecast_offshore_wind_generation,Wind Offshore,2026-05-26T14:20:23Z
2026-05-26T14:19:27Z,2026-05-26T16:19:27+0200,9d8474b6-9a07-4a7a-8e0f-b65ff32620de,2026-05-23T09:45:00Z,2026-05-23T11:45:00+0200,95.64,MW,FR,FR,forecast_offshore_wind_generation,Wind Offshore,2026-05-26T14:20:23Z
2026-05-26T14:19:27Z,2026-05-26T16:19:27+0200,9d8474b6-9a07-4a7a-8e0f-b65ff32620de,2026-05-23T10:00:00Z,2026-05-23T12:00:00+0200,93.84,MW,FR,FR,forecast_offshore_wind_generation,Wind Offshore,2026-05-26T14:20:23Z
2026-05-26T14:19:27Z,2026-05-26T16:19:27+0200,9d8474b6-9a07-4a7a-8e0f-b65ff32620de,2026-05-23T10:15:00Z,2026-05-23T12:15:00+0200,91.3,MW,FR,FR,forecast_offshore_wind_generation,Wind Offshore,2026-05-26T14:20:23Z
2026-05-26T14:19:27Z,2026-05-26T16:19:27+0200,9d8474b6-9a07-4a7a-8e0f-b65ff32620de,2026-05-23T10:30:00Z,2026-05-23T12:30:00+0200,87.83,MW,FR,FR,forecast_offshore_wind_generation,Wind Offshore,2026-05-26T14:20:23Z
2026-05-26T14:19:27Z,2026-05-26T16:19:27+0200,9d8474b6-9a07-4a7a-8e0f-b65ff32620de,2026-05-23T10:45:00Z,2026-05-23T12:45:00+0200,84.17001,MW,FR,FR,forecast_offshore_wind_generation,Wind Offshore,2026-05-26T14:20:23Z
2026-05-26T14:19:27Z,2026-05-26T16:19:27+0200,9d8474b6-9a07-4a7a-8e0f-b65ff32620de,2026-05-23T11:00:00Z,2026-05-23T13:00:00+0200,80.50001,MW,FR,FR,forecast_offshore_wind_generation,Wind Offshore,2026-05-26T14:20:23Z
2026-05-26T14:19:27Z,2026-05-26T16:19:27+0200,9d8474b6-9a07-4a7a-8e0f-b65ff32620de,2026-05-23T11:15:00Z,2026-05-23T13:15:00+0200,79.44,MW,FR,FR,forecast_offshore_wind_generation,Wind Offshore,2026-05-26T14:20:23Z
2026-05-26T14:19:27Z,2026-05-26T16:19:27+0200,9d8474b6-9a07-4a7a-8e0f-b65ff32620de,2026-05-23T11:30:00Z,2026-05-23T13:30:00+0200,77.73,MW,FR,FR,forecast_offshore_wind_generation,Wind Offshore,2026-05-26T14:20:23Z
2026-05-26T14:19:27Z,2026-05-26T16:19:27+0200,9d8474b6-9a07-4a7a-8e0f-b65ff32620de,2026-05-23T11:45:00Z,2026-05-23T13:45:00+0200,73.69,MW,FR,FR,forecast_offshore_wind_generation,Wind Offshore,2026-05-26T14:20:23Z
2026-05-26T14:19:27Z,2026-05-26T16:19:27+0200,9d8474b6-9a07-4a7a-8e0f-b65ff32620de,2026-05-23T12:00:00Z,2026-05-23T14:00:00+0200,69.39999,MW,FR,FR,forecast_offshore_wind_generation,Wind Offshore,2026-05-26T14:20:23Z
2026-05-26T14:19:27Z,2026-05-26T16:19:27+0200,9d8474b6-9a07-4a7a-8e0f-b65ff32620de,2026-05-23T12:15:00Z,2026-05-23T14:15:00+0200,67.55,MW,FR,FR,forecast_offshore_wind_generation,Wind Offshore,2026-05-26T14:20:23Z
2026-05-26T14:19:27Z,2026-05-26T16:19:27+0200,9d8474b6-9a07-4a7a-8e0f-b65ff32620de,2026-05-23T12:30:00Z,2026-05-23T14:30:00+0200,64.59,MW,FR,FR,forecast_offshore_wind_generation,Wind Offshore,2026-05-26T14:20:23Z
2026-05-26T14:19:27Z,2026-05-26T16:19:27+0200,9d8474b6-9a07-4a7a-8e0f-b65ff32620de,2026-05-23T12:45:00Z,2026-05-23T14:45:00+0200,61.5,MW,FR,FR,forecast_offshore_wind_generation,Wind Offshore,2026-05-26T14:20:23Z
2026-05-26T14:19:27Z,2026-05-26T16:19:27+0200,9d8474b6-9a07-4a7a-8e0f-b65ff32620de,2026-05-23T13:00:00Z,2026-05-23T15:00:00+0200,57.32,MW,FR,FR,forecast_offshore_wind_generation,Wind Offshore,2026-05-26T14:20:23Z
2026-05-26T14:19:27Z,2026-05-26T16:19:27+0200,9d8474b6-9a07-4a7a-8e0f-b65ff32620de,2026-05-23T13:15:00Z,2026-05-23T15:15:00+0200,58.15,MW,FR,FR,forecast_offshore_wind_generation,Wind Offshore,2026-05-26T14:20:23Z
2026-05-26T14:19:27Z,2026-05-26T16:19:27+0200,9d8474b6-9a07-4a7a-8e0f-b65ff32620de,2026-05-23T13:30:00Z,2026-05-23T15:30:00+0200,59.03,MW,FR,FR,forecast_offshore_wind_generation,Wind Offshore,2026-05-26T14:20:23Z
2026-05-26T14:19:27Z,2026-05-26T16:19:27+0200,9d8474b6-9a07-4a7a-8e0f-b65ff32620de,2026-05-23T13:45:00Z,2026-05-23T15:45:00+0200,59.88,MW,FR,FR,forecast_offshore_wind_generation,Wind Offshore,2026-05-26T14:20:23Z
2026-05-26T14:19:27Z,2026-05-26T16:19:27+0200,9d8474b6-9a07-4a7a-8e0f-b65ff32620de,2026-05-23T14:00:00Z,2026-05-23T16:00:00+0200,60.73,MW,FR,FR,forecast_offshore_wind_generation,Wind Offshore,2026-05-26T14:20:23Z
2026-05-26T14:19:27Z,2026-05-26T16:19:27+0200,9d8474b6-9a07-4a7a-8e0f-b65ff32620de,2026-05-23T14:15:00Z,2026-05-23T16:15:00+0200,70.95,MW,FR,FR,forecast_offshore_wind_generation,Wind Offshore,2026-05-26T14:20:23Z
2026-05-26T14:19:27Z,2026-05-26T16:19:27+0200,9d8474b6-9a07-4a7a-8e0f-b65ff32620de,2026-05-23T14:30:00Z,2026-05-23T16:30:00+0200,98.47,MW,FR,FR,forecast_offshore_wind_generation,Wind Offshore,2026-05-26T14:20:23Z
2026-05-26T14:19:27Z,2026-05-26T16:19:27+0200,9d8474b6-9a07-4a7a-8e0f-b65ff32620de,2026-05-23T14:45:00Z,2026-05-23T16:45:00+0200,110.28,MW,FR,FR,forecast_offshore_wind_generation,Wind Offshore,2026-05-26T14:20:23Z
2026-05-26T14:19:27Z,2026-05-26T16:19:27+0200,9d8474b6-9a07-4a7a-8e0f-b65ff32620de,2026-05-23T15:00:00Z,2026-05-23T17:00:00+0200,122.86,MW,FR,FR,forecast_offshore_wind_generation,Wind Offshore,2026-05-26T14:20:23Z
2026-05-26T14:19:27Z,2026-05-26T16:19:27+0200,9d8474b6-9a07-4a7a-8e0f-b65ff32620de,2026-05-23T15:15:00Z,2026-05-23T17:15:00+0200,140.82001,MW,FR,FR,forecast_offshore_wind_generation,Wind Offshore,2026-05-26T14:20:23Z
2026-05-26T14:19:27Z,2026-05-26T16:19:27+0200,9d8474b6-9a07-4a7a-8e0f-b65ff32620de,2026-05-23T15:30:00Z,2026-05-23T17:30:00+0200,158.78,MW,FR,FR,forecast_offshore_wind_generation,Wind Offshore,2026-05-26T14:20:23Z
2026-05-26T14:19:27Z,2026-05-26T16:19:27+0200,9d8474b6-9a07-4a7a-8e0f-b65ff32620de,2026-05-23T15:45:00Z,2026-05-23T17:45:00+0200,176.89,MW,FR,FR,forecast_offshore_wind_generation,Wind Offshore,2026-05-26T14:20:23Z
2026-05-26T14:19:27Z,2026-05-26T16:19:27+0200,9d8474b6-9a07-4a7a-8e0f-b65ff32620de,2026-05-23T16:00:00Z,2026-05-23T18:00:00+0200,194.98999,MW,FR,FR,forecast_offshore_wind_generation,Wind Offshore,2026-05-26T14:20:23Z
2026-05-26T14:19:27Z,2026-05-26T16:19:27+0200,9d8474b6-9a07-4a7a-8e0f-b65ff32620de,2026-05-23T16:15:00Z,2026-05-23T18:15:00+0200,210.13998,MW,FR,FR,forecast_offshore_wind_generation,Wind Offshore,2026-05-26T14:20:23Z
2026-05-26T14:19:27Z,2026-05-26T16:19:27+0200,9d8474b6-9a07-4a7a-8e0f-b65ff32620de,2026-05-23T16:30:00Z,2026-05-23T18:30:00+0200,225.48001,MW,FR,FR,forecast_offshore_wind_generation,Wind Offshore,2026-05-26T14:20:23Z
2026-05-26T14:19:27Z,2026-05-26T16:19:27+0200,9d8474b6-9a07-4a7a-8e0f-b65ff32620de,2026-05-23T16:45:00Z,2026-05-23T18:45:00+0200,240.87,MW,FR,FR,forecast_offshore_wind_generation,Wind Offshore,2026-05-26T14:20:23Z
2026-05-26T14:19:27Z,2026-05-26T16:19:27+0200,9d8474b6-9a07-4a7a-8e0f-b65ff32620de,2026-05-23T17:00:00Z,2026-05-23T19:00:00+0200,256.25998,MW,FR,FR,forecast_offshore_wind_generation,Wind Offshore,2026-05-26T14:20:23Z
2026-05-26T14:19:27Z,2026-05-26T16:19:27+0200,9d8474b6-9a07-4a7a-8e0f-b65ff32620de,2026-05-23T17:15:00Z,2026-05-23T19:15:00+0200,273.56,MW,FR,FR,forecast_offshore_wind_generation,Wind Offshore,2026-05-26T14:20:23Z
2026-05-26T14:19:27Z,2026-05-26T16:19:27+0200,9d8474b6-9a07-4a7a-8e0f-b65ff32620de,2026-05-23T17:30:00Z,2026-05-23T19:30:00+0200,290.87997,MW,FR,FR,forecast_offshore_wind_generation,Wind Offshore,2026-05-26T14:20:23Z
2026-05-26T14:19:27Z,2026-05-26T16:19:27+0200,9d8474b6-9a07-4a7a-8e0f-b65ff32620de,2026-05-23T17:45:00Z,2026-05-23T19:45:00+0200,308.17999,MW,FR,FR,forecast_offshore_wind_generation,Wind Offshore,2026-05-26T14:20:23Z
2026-05-26T14:19:27Z,2026-05-26T16:19:27+0200,9d8474b6-9a07-4a7a-8e0f-b65ff32620de,2026-05-23T18:00:00Z,2026-05-23T20:00:00+0200,325.48001,MW,FR,FR,forecast_offshore_wind_generation,Wind Offshore,2026-05-26T14:20:23Z
2026-05-26T14:19:27Z,2026-05-26T16:19:27+0200,9d8474b6-9a07-4a7a-8e0f-b65ff32620de,2026-05-23T18:15:00Z,2026-05-23T20:15:00+0200,360.09,MW,FR,FR,forecast_offshore_wind_generation,Wind Offshore,2026-05-26T14:20:23Z
2026-05-26T14:19:27Z,2026-05-26T16:19:27+0200,9d8474b6-9a07-4a7a-8e0f-b65ff32620de,2026-05-23T18:30:00Z,2026-05-23T20:30:00+0200,394.69,MW,FR,FR,forecast_offshore_wind_generation,Wind Offshore,2026-05-26T14:20:23Z
2026-05-26T14:19:27Z,2026-05-26T16:19:27+0200,9d8474b6-9a07-4a7a-8e0f-b65ff32620de,2026-05-23T18:45:00Z,2026-05-23T20:45:00+0200,429.30002,MW,FR,FR,forecast_offshore_wind_generation,Wind Offshore,2026-05-26T14:20:23Z
2026-05-26T14:19:27Z,2026-05-26T16:19:27+0200,9d8474b6-9a07-4a7a-8e0f-b65ff32620de,2026-05-23T19:00:00Z,2026-05-23T21:00:00+0200,463.90002,MW,FR,FR,forecast_offshore_wind_generation,Wind Offshore,2026-05-26T14:20:23Z
2026-05-26T14:19:27Z,2026-05-26T16:19:27+0200,9d8474b6-9a07-4a7a-8e0f-b65ff32620de,2026-05-23T19:15:00Z,2026-05-23T21:15:00+0200,501.07999,MW,FR,FR,forecast_offshore_wind_generation,Wind Offshore,2026-05-26T14:20:23Z
2026-05-26T14:19:27Z,2026-05-26T16:19:27+0200,9d8474b6-9a07-4a7a-8e0f-b65ff32620de,2026-05-23T19:30:00Z,2026-05-23T21:30:00+0200,538.25995,MW,FR,FR,forecast_offshore_wind_generation,Wind Offshore,2026-05-26T14:20:23Z
2026-05-26T14:19:27Z,2026-05-26T16:19:27+0200,9d8474b6-9a07-4a7a-8e0f-b65ff32620de,2026-05-23T19:45:00Z,2026-05-23T21:45:00+0200,575.45001,MW,FR,FR,forecast_offshore_wind_generation,Wind Offshore,2026-05-26T14:20:23Z
2026-05-26T14:19:27Z,2026-05-26T16:19:27+0200,9d8474b6-9a07-4a7a-8e0f-b65ff32620de,2026-05-23T20:00:00Z,2026-05-23T22:00:00+0200,612.64001,MW,FR,FR,forecast_offshore_wind_generation,Wind Offshore,2026-05-26T14:20:23Z
2026-05-26T14:19:27Z,2026-05-26T16:19:27+0200,9d8474b6-9a07-4a7a-8e0f-b65ff32620de,2026-05-23T20:15:00Z,2026-05-23T22:15:00+0200,640.18005,MW,FR,FR,forecast_offshore_wind_generation,Wind Offshore,2026-05-26T14:20:23Z
2026-05-26T14:19:27Z,2026-05-26T16:19:27+0200,9d8474b6-9a07-4a7a-8e0f-b65ff32620de,2026-05-23T20:30:00Z,2026-05-23T22:30:00+0200,667.71997,MW,FR,FR,forecast_offshore_wind_generation,Wind Offshore,2026-05-26T14:20:23Z
2026-05-26T14:19:27Z,2026-05-26T16:19:27+0200,9d8474b6-9a07-4a7a-8e0f-b65ff32620de,2026-05-23T20:45:00Z,2026-05-23T22:45:00+0200,695.26001,MW,FR,FR,forecast_offshore_wind_generation,Wind Offshore,2026-05-26T14:20:23Z
2026-05-26T14:19:27Z,2026-05-26T16:19:27+0200,9d8474b6-9a07-4a7a-8e0f-b65ff32620de,2026-05-23T21:00:00Z,2026-05-23T23:00:00+0200,722.80005,MW,FR,FR,forecast_offshore_wind_generation,Wind Offshore,2026-05-26T14:20:23Z
2026-05-26T14:19:27Z,2026-05-26T16:19:27+0200,9d8474b6-9a07-4a7a-8e0f-b65ff32620de,2026-05-23T21:15:00Z,2026-05-23T23:15:00+0200,719.62,MW,FR,FR,forecast_offshore_wind_generation,Wind Offshore,2026-05-26T14:20:23Z
2026-05-26T14:19:27Z,2026-05-26T16:19:27+0200,9d8474b6-9a07-4a7a-8e0f-b65ff32620de,2026-05-23T21:30:00Z,2026-05-23T23:30:00+0200,716.44,MW,FR,FR,forecast_offshore_wind_generation,Wind Offshore,2026-05-26T14:20:23Z
2026-05-26T14:19:27Z,2026-05-26T16:19:27+0200,9d8474b6-9a07-4a7a-8e0f-b65ff32620de,2026-05-23T21:45:00Z,2026-05-23T23:45:00+0200,713.26001,MW,FR,FR,forecast_offshore_wind_generation,Wind Offshore,2026-05-26T14:20:23Z
2026-05-26T14:19:27Z,2026-05-26T16:19:27+0200,9d8474b6-9a07-4a7a-8e0f-b65ff32620de,2026-05-23T22:00:00Z,2026-05-24T00:00:00+0200,771.59003,MW,FR,FR,forecast_offshore_wind_generation,Wind Offshore,2026-05-26T14:20:23Z
2026-05-26T14:19:27Z,2026-05-26T16:19:27+0200,9d8474b6-9a07-4a7a-8e0f-b65ff32620de,2026-05-23T22:15:00Z,2026-05-24T00:15:00+0200,764.96997,MW,FR,FR,forecast_offshore_wind_generation,Wind Offshore,2026-05-26T14:20:23Z
2026-05-26T14:19:27Z,2026-05-26T16:19:27+0200,9d8474b6-9a07-4a7a-8e0f-b65ff32620de,2026-05-23T22:30:00Z,2026-05-24T00:30:00+0200,758.34998,MW,FR,FR,forecast_offshore_wind_generation,Wind Offshore,2026-05-26T14:20:23Z
2026-05-26T14:19:27Z,2026-05-26T16:19:27+0200,9d8474b6-9a07-4a7a-8e0f-b65ff32620de,2026-05-23T22:45:00Z,2026-05-24T00:45:00+0200,751.73004,MW,FR,FR,forecast_offshore_wind_generation,Wind Offshore,2026-05-26T14:20:23Z
2026-05-26T14:19:27Z,2026-05-26T16:19:27+0200,9d8474b6-9a07-4a7a-8e0f-b65ff32620de,2026-05-23T23:00:00Z,2026-05-24T01:00:00+0200,745.09003,MW,FR,FR,forecast_offshore_wind_generation,Wind Offshore,2026-05-26T14:20:23Z
2026-05-26T14:19:27Z,2026-05-26T16:19:27+0200,9d8474b6-9a07-4a7a-8e0f-b65ff32620de,2026-05-23T23:15:00Z,2026-05-24T01:15:00+0200,731.98999,MW,FR,FR,forecast_offshore_wind_generation,Wind Offshore,2026-05-26T14:20:23Z
2026-05-26T14:19:27Z,2026-05-26T16:19:27+0200,9d8474b6-9a07-4a7a-8e0f-b65ff32620de,2026-05-23T23:30:00Z,2026-05-24T01:30:00+0200,718.88,MW,FR,FR,forecast_offshore_wind_generation,Wind Offshore,2026-05-26T14:20:23Z
2026-05-26T14:19:27Z,2026-05-26T16:19:27+0200,9d8474b6-9a07-4a7a-8e0f-b65ff32620de,2026-05-23T23:45:00Z,2026-05-24T01:45:00+0200,705.76996,MW,FR,FR,forecast_offshore_wind_generation,Wind Offshore,2026-05-26T14:20:23Z
2026-05-26T14:19:27Z,2026-05-26T16:19:27+0200,9d8474b6-9a07-4a7a-8e0f-b65ff32620de,2026-05-24T00:00:00Z,2026-05-24T02:00:00+0200,692.66998,MW,FR,FR,forecast_offshore_wind_generation,Wind Offshore,2026-05-26T14:20:23Z
2026-05-26T14:19:27Z,2026-05-26T16:19:27+0200,9d8474b6-9a07-4a7a-8e0f-b65ff32620de,2026-05-24T00:15:00Z,2026-05-24T02:15:00+0200,672.41998,MW,FR,FR,forecast_offshore_wind_generation,Wind Offshore,2026-05-26T14:20:23Z
2026-05-26T14:19:27Z,2026-05-26T16:19:27+0200,9d8474b6-9a07-4a7a-8e0f-b65ff32620de,2026-05-24T00:30:00Z,2026-05-24T02:30:00+0200,652.16998,MW,FR,FR,forecast_offshore_wind_generation,Wind Offshore,2026-05-26T14:20:23Z
2026-05-26T14:19:27Z,2026-05-26T16:19:27+0200,9d8474b6-9a07-4a7a-8e0f-b65ff32620de,2026-05-24T00:45:00Z,2026-05-24T02:45:00+0200,631.92999,MW,FR,FR,forecast_offshore_wind_generation,Wind Offshore,2026-05-26T14:20:23Z
2026-05-26T14:19:27Z,2026-05-26T16:19:27+0200,9d8474b6-9a07-4a7a-8e0f-b65ff32620de,2026-05-24T01:00:00Z,2026-05-24T03:00:00+0200,611.69,MW,FR,FR,forecast_offshore_wind_generation,Wind Offshore,2026-05-26T14:20:23Z
2026-05-26T14:19:27Z,2026-05-26T16:19:27+0200,9d8474b6-9a07-4a7a-8e0f-b65ff32620de,2026-05-24T01:15:00Z,2026-05-24T03:15:00+0200,610.38995,MW,FR,FR,forecast_offshore_wind_generation,Wind Offshore,2026-05-26T14:20:23Z
2026-05-26T14:19:27Z,2026-05-26T16:19:27+0200,9d8474b6-9a07-4a7a-8e0f-b65ff32620de,2026-05-24T01:30:00Z,2026-05-24T03:30:00+0200,609.10004,MW,FR,FR,forecast_offshore_wind_generation,Wind Offshore,2026-05-26T14:20:23Z
2026-05-26T14:19:27Z,2026-05-26T16:19:27+0200,9d8474b6-9a07-4a7a-8e0f-b65ff32620de,2026-05-24T01:45:00Z,2026-05-24T03:45:00+0200,607.81,MW,FR,FR,forecast_offshore_wind_generation,Wind Offshore,2026-05-26T14:20:23Z
2026-05-26T14:19:27Z,2026-05-26T16:19:27+0200,9d8474b6-9a07-4a7a-8e0f-b65ff32620de,2026-05-24T02:00:00Z,2026-05-24T04:00:00+0200,606.52002,MW,FR,FR,forecast_offshore_wind_generation,Wind Offshore,2026-05-26T14:20:23Z
2026-05-26T14:19:27Z,2026-05-26T16:19:27+0200,9d8474b6-9a07-4a7a-8e0f-b65ff32620de,2026-05-24T02:15:00Z,2026-05-24T04:15:00+0200,611.90002,MW,FR,FR,forecast_offshore_wind_generation,Wind Offshore,2026-05-26T14:20:23Z
2026-05-26T14:19:27Z,2026-05-26T16:19:27+0200,9d8474b6-9a07-4a7a-8e0f-b65ff32620de,2026-05-24T02:30:00Z,2026-05-24T04:30:00+0200,617.29004,MW,FR,FR,forecast_offshore_wind_generation,Wind Offshore,2026-05-26T14:20:23Z
2026-05-26T14:19:27Z,2026-05-26T16:19:27+0200,9d8474b6-9a07-4a7a-8e0f-b65ff32620de,2026-05-24T02:45:00Z,2026-05-24T04:45:00+0200,622.67999,MW,FR,FR,forecast_offshore_wind_generation,Wind Offshore,2026-05-26T14:20:23Z
2026-05-26T14:19:27Z,2026-05-26T16:19:27+0200,9d8474b6-9a07-4a7a-8e0f-b65ff32620de,2026-05-24T03:00:00Z,2026-05-24T05:00:00+0200,628.06,MW,FR,FR,forecast_offshore_wind_generation,Wind Offshore,2026-05-26T14:20:23Z
2026-05-26T14:19:27Z,2026-05-26T16:19:27+0200,9d8474b6-9a07-4a7a-8e0f-b65ff32620de,2026-05-24T03:15:00Z,2026-05-24T05:15:00+0200,632.40002,MW,FR,FR,forecast_offshore_wind_generation,Wind Offshore,2026-05-26T14:20:23Z
2026-05-26T14:19:27Z,2026-05-26T16:19:27+0200,9d8474b6-9a07-4a7a-8e0f-b65ff32620de,2026-05-24T03:30:00Z,2026-05-24T05:30:00+0200,636.76001,MW,FR,FR,forecast_offshore_wind_generation,Wind Offshore,2026-05-26T14:20:23Z
2026-05-26T14:19:27Z,2026-05-26T16:19:27+0200,9d8474b6-9a07-4a7a-8e0f-b65ff32620de,2026-05-24T03:45:00Z,2026-05-24T05:45:00+0200,641.09998,MW,FR,FR,forecast_offshore_wind_generation,Wind Offshore,2026-05-26T14:20:23Z
2026-05-26T14:19:27Z,2026-05-26T16:19:27+0200,9d8474b6-9a07-4a7a-8e0f-b65ff32620de,2026-05-24T04:00:00Z,2026-05-24T06:00:00+0200,645.46002,MW,FR,FR,forecast_offshore_wind_generation,Wind Offshore,2026-05-26T14:20:23Z
2026-05-26T14:19:27Z,2026-05-26T16:19:27+0200,9d8474b6-9a07-4a7a-8e0f-b65ff32620de,2026-05-24T04:15:00Z,2026-05-24T06:15:00+0200,649.62,MW,FR,FR,forecast_offshore_wind_generation,Wind Offshore,2026-05-26T14:20:23Z
2026-05-26T14:19:27Z,2026-05-26T16:19:27+0200,9d8474b6-9a07-4a7a-8e0f-b65ff32620de,2026-05-24T04:30:00Z,2026-05-24T06:30:00+0200,653.77002,MW,FR,FR,forecast_offshore_wind_generation,Wind Offshore,2026-05-26T14:20:23Z
2026-05-26T14:19:27Z,2026-05-26T16:19:27+0200,9d8474b6-9a07-4a7a-8e0f-b65ff32620de,2026-05-24T04:45:00Z,2026-05-24T06:45:00+0200,657.94,MW,FR,FR,forecast_offshore_wind_generation,Wind Offshore,2026-05-26T14:20:23Z
2026-05-26T14:19:27Z,2026-05-26T16:19:27+0200,9d8474b6-9a07-4a7a-8e0f-b65ff32620de,2026-05-24T05:00:00Z,2026-05-24T07:00:00+0200,662.09003,MW,FR,FR,forecast_offshore_wind_generation,Wind Offshore,2026-05-26T14:20:23Z
2026-05-26T14:19:27Z,2026-05-26T16:19:27+0200,9d8474b6-9a07-4a7a-8e0f-b65ff32620de,2026-05-24T05:15:00Z,2026-05-24T07:15:00+0200,675.88995,MW,FR,FR,forecast_offshore_wind_generation,Wind Offshore,2026-05-26T14:20:23Z
2026-05-26T14:19:27Z,2026-05-26T16:19:27+0200,9d8474b6-9a07-4a7a-8e0f-b65ff32620de,2026-05-24T05:30:00Z,2026-05-24T07:30:00+0200,689.68005,MW,FR,FR,forecast_offshore_wind_generation,Wind Offshore,2026-05-26T14:20:23Z
2026-05-26T14:19:27Z,2026-05-26T16:19:27+0200,9d8474b6-9a07-4a7a-8e0f-b65ff32620de,2026-05-24T05:45:00Z,2026-05-24T07:45:00+0200,703.46002,MW,FR,FR,forecast_offshore_wind_generation,Wind Offshore,2026-05-26T14:20:23Z
2026-05-26T14:19:27Z,2026-05-26T16:19:27+0200,9d8474b6-9a07-4a7a-8e0f-b65ff32620de,2026-05-24T06:00:00Z,2026-05-24T08:00:00+0200,717.26001,MW,FR,FR,forecast_offshore_wind_generation,Wind Offshore,2026-05-26T14:20:23Z
2026-05-26T14:19:27Z,2026-05-26T16:19:27+0200,9d8474b6-9a07-4a7a-8e0f-b65ff32620de,2026-05-24T06:15:00Z,2026-05-24T08:15:00+0200,719.62,MW,FR,FR,forecast_offshore_wind_generation,Wind Offshore,2026-05-26T14:20:23Z
2026-05-26T14:19:27Z,2026-05-26T16:19:27+0200,9d8474b6-9a07-4a7a-8e0f-b65ff32620de,2026-05-24T06:30:00Z,2026-05-24T08:30:00+0200,721.97998,MW,FR,FR,forecast_offshore_wind_generation,Wind Offshore,2026-05-26T14:20:23Z
2026-05-26T14:19:27Z,2026-05-26T16:19:27+0200,9d8474b6-9a07-4a7a-8e0f-b65ff32620de,2026-05-24T06:45:00Z,2026-05-24T08:45:00+0200,724.34998,MW,FR,FR,forecast_offshore_wind_generation,Wind Offshore,2026-05-26T14:20:23Z
2026-05-26T14:19:27Z,2026-05-26T16:19:27+0200,9d8474b6-9a07-4a7a-8e0f-b65ff32620de,2026-05-24T07:00:00Z,2026-05-24T09:00:00+0200,726.71002,MW,FR,FR,forecast_offshore_wind_generation,Wind Offshore,2026-05-26T14:20:23Z
2026-05-26T14:19:27Z,2026-05-26T16:19:27+0200,9d8474b6-9a07-4a7a-8e0f-b65ff32620de,2026-05-24T07:15:00Z,2026-05-24T09:15:00+0200,707.71997,MW,FR,FR,forecast_offshore_wind_generation,Wind Offshore,2026-05-26T14:20:23Z
2026-05-26T14:19:27Z,2026-05-26T16:19:27+0200,9d8474b6-9a07-4a7a-8e0f-b65ff32620de,2026-05-24T07:30:00Z,2026-05-24T09:30:00+0200,688.71997,MW,FR,FR,forecast_offshore_wind_generation,Wind Offshore,2026-05-26T14:20:23Z
2026-05-26T14:19:27Z,2026-05-26T16:19:27+0200,9d8474b6-9a07-4a7a-8e0f-b65ff32620de,2026-05-24T07:45:00Z,2026-05-24T09:45:00+0200,390.91,MW,FR,FR,forecast_offshore_wind_generation,Wind Offshore,2026-05-26T14:20:23Z
2026-05-26T14:19:27Z,2026-05-26T16:19:27+0200,9d8474b6-9a07-4a7a-8e0f-b65ff32620de,2026-05-24T08:00:00Z,2026-05-24T10:00:00+0200,383.61002,MW,FR,FR,forecast_offshore_wind_generation,Wind Offshore,2026-05-26T14:20:23Z
2026-05-26T14:19:27Z,2026-05-26T16:19:27+0200,9d8474b6-9a07-4a7a-8e0f-b65ff32620de,2026-05-24T08:15:00Z,2026-05-24T10:15:00+0200,374.75,MW,FR,FR,forecast_offshore_wind_generation,Wind Offshore,2026-05-26T14:20:23Z
2026-05-26T14:19:27Z,2026-05-26T16:19:27+0200,9d8474b6-9a07-4a7a-8e0f-b65ff32620de,2026-05-24T08:30:00Z,2026-05-24T10:30:00+0200,365.87003,MW,FR,FR,forecast_offshore_wind_generation,Wind Offshore,2026-05-26T14:20:23Z
2026-05-26T14:19:27Z,2026-05-26T16:19:27+0200,9d8474b6-9a07-4a7a-8e0f-b65ff32620de,2026-05-24T08:45:00Z,2026-05-24T10:45:00+0200,357.0,MW,FR,FR,forecast_offshore_wind_generation,Wind Offshore,2026-05-26T14:20:23Z
2026-05-26T14:19:27Z,2026-05-26T16:19:27+0200,9d8474b6-9a07-4a7a-8e0f-b65ff32620de,2026-05-24T09:00:00Z,2026-05-24T11:00:00+0200,348.11002,MW,FR,FR,forecast_offshore_wind_generation,Wind Offshore,2026-05-26T14:20:23Z
2026-05-26T14:19:27Z,2026-05-26T16:19:27+0200,9d8474b6-9a07-4a7a-8e0f-b65ff32620de,2026-05-24T09:15:00Z,2026-05-24T11:15:00+0200,342.08002,MW,FR,FR,forecast_offshore_wind_generation,Wind Offshore,2026-05-26T14:20:23Z
2026-05-26T14:19:27Z,2026-05-26T16:19:27+0200,9d8474b6-9a07-4a7a-8e0f-b65ff32620de,2026-05-24T09:30:00Z,2026-05-24T11:30:00+0200,336.06,MW,FR,FR,forecast_offshore_wind_generation,Wind Offshore,2026-05-26T14:20:23Z
2026-05-26T14:19:27Z,2026-05-26T16:19:27+0200,9d8474b6-9a07-4a7a-8e0f-b65ff32620de,2026-05-24T09:45:00Z,2026-05-24T11:45:00+0200,330.01999,MW,FR,FR,forecast_offshore_wind_generation,Wind Offshore,2026-05-26T14:20:23Z
2026-05-26T14:19:27Z,2026-05-26T16:19:27+0200,9d8474b6-9a07-4a7a-8e0f-b65ff32620de,2026-05-24T10:00:00Z,2026-05-24T12:00:00+0200,323.98001,MW,FR,FR,forecast_offshore_wind_generation,Wind Offshore,2026-05-26T14:20:23Z
2026-05-26T14:19:27Z,2026-05-26T16:19:27+0200,9d8474b6-9a07-4a7a-8e0f-b65ff32620de,2026-05-24T10:15:00Z,2026-05-24T12:15:00+0200,323.81,MW,FR,FR,forecast_offshore_wind_generation,Wind Offshore,2026-05-26T14:20:23Z
2026-05-26T14:19:27Z,2026-05-26T16:19:27+0200,9d8474b6-9a07-4a7a-8e0f-b65ff32620de,2026-05-24T10:30:00Z,2026-05-24T12:30:00+0200,323.63,MW,FR,FR,forecast_offshore_wind_generation,Wind Offshore,2026-05-26T14:20:23Z
2026-05-26T14:19:27Z,2026-05-26T16:19:27+0200,9d8474b6-9a07-4a7a-8e0f-b65ff32620de,2026-05-24T10:45:00Z,2026-05-24T12:45:00+0200,323.45999,MW,FR,FR,forecast_offshore_wind_generation,Wind Offshore,2026-05-26T14:20:23Z
2026-05-26T14:19:27Z,2026-05-26T16:19:27+0200,9d8474b6-9a07-4a7a-8e0f-b65ff32620de,2026-05-24T11:00:00Z,2026-05-24T13:00:00+0200,323.29001,MW,FR,FR,forecast_offshore_wind_generation,Wind Offshore,2026-05-26T14:20:23Z
2026-05-26T14:19:27Z,2026-05-26T16:19:27+0200,9d8474b6-9a07-4a7a-8e0f-b65ff32620de,2026-05-24T11:15:00Z,2026-05-24T13:15:00+0200,318.01999,MW,FR,FR,forecast_offshore_wind_generation,Wind Offshore,2026-05-26T14:20:23Z
2026-05-26T14:19:27Z,2026-05-26T16:19:27+0200,9d8474b6-9a07-4a7a-8e0f-b65ff32620de,2026-05-24T11:30:00Z,2026-05-24T13:30:00+0200,312.75,MW,FR,FR,forecast_offshore_wind_generation,Wind Offshore,2026-05-26T14:20:23Z
2026-05-26T14:19:27Z,2026-05-26T16:19:27+0200,9d8474b6-9a07-4a7a-8e0f-b65ff32620de,2026-05-24T11:45:00Z,2026-05-24T13:45:00+0200,307.32999,MW,FR,FR,forecast_offshore_wind_generation,Wind Offshore,2026-05-26T14:20:23Z
2026-05-26T14:19:27Z,2026-05-26T16:19:27+0200,9d8474b6-9a07-4a7a-8e0f-b65ff32620de,2026-05-24T12:00:00Z,2026-05-24T14:00:00+0200,301.41,MW,FR,FR,forecast_offshore_wind_generation,Wind Offshore,2026-05-26T14:20:23Z
2026-05-26T14:19:27Z,2026-05-26T16:19:27+0200,9d8474b6-9a07-4a7a-8e0f-b65ff32620de,2026-05-24T12:15:00Z,2026-05-24T14:15:00+0200,300.60001,MW,FR,FR,forecast_offshore_wind_generation,Wind Offshore,2026-05-26T14:20:23Z
2026-05-26T14:19:27Z,2026-05-26T16:19:27+0200,9d8474b6-9a07-4a7a-8e0f-b65ff32620de,2026-05-24T12:30:00Z,2026-05-24T14:30:00+0200,299.79001,MW,FR,FR,forecast_offshore_wind_generation,Wind Offshore,2026-05-26T14:20:23Z
2026-05-26T14:19:27Z,2026-05-26T16:19:27+0200,9d8474b6-9a07-4a7a-8e0f-b65ff32620de,2026-05-24T12:45:00Z,2026-05-24T14:45:00+0200,298.66003,MW,FR,FR,forecast_offshore_wind_generation,Wind Offshore,2026-05-26T14:20:23Z
2026-05-26T14:19:27Z,2026-05-26T16:19:27+0200,9d8474b6-9a07-4a7a-8e0f-b65ff32620de,2026-05-24T13:00:00Z,2026-05-24T15:00:00+0200,296.44998,MW,FR,FR,forecast_offshore_wind_generation,Wind Offshore,2026-05-26T14:20:23Z
2026-05-26T14:19:27Z,2026-05-26T16:19:27+0200,9d8474b6-9a07-4a7a-8e0f-b65ff32620de,2026-05-24T13:15:00Z,2026-05-24T15:15:00+0200,300.76999,MW,FR,FR,forecast_offshore_wind_generation,Wind Offshore,2026-05-26T14:20:23Z
2026-05-26T14:19:27Z,2026-05-26T16:19:27+0200,9d8474b6-9a07-4a7a-8e0f-b65ff32620de,2026-05-24T13:30:00Z,2026-05-24T15:30:00+0200,305.07999,MW,FR,FR,forecast_offshore_wind_generation,Wind Offshore,2026-05-26T14:20:23Z
2026-05-26T14:19:27Z,2026-05-26T16:19:27+0200,9d8474b6-9a07-4a7a-8e0f-b65ff32620de,2026-05-24T13:45:00Z,2026-05-24T15:45:00+0200,309.39001,MW,FR,FR,forecast_offshore_wind_generation,Wind Offshore,2026-05-26T14:20:23Z
2026-05-26T14:19:27Z,2026-05-26T16:19:27+0200,9d8474b6-9a07-4a7a-8e0f-b65ff32620de,2026-05-24T14:00:00Z,2026-05-24T16:00:00+0200,313.70001,MW,FR,FR,forecast_offshore_wind_generation,Wind Offshore,2026-05-26T14:20:23Z
2026-05-26T14:19:27Z,2026-05-26T16:19:27+0200,9d8474b6-9a07-4a7a-8e0f-b65ff32620de,2026-05-24T14:15:00Z,2026-05-24T16:15:00+0200,305.87,MW,FR,FR,forecast_offshore_wind_generation,Wind Offshore,2026-05-26T14:20:23Z
2026-05-26T14:19:27Z,2026-05-26T16:19:27+0200,9d8474b6-9a07-4a7a-8e0f-b65ff32620de,2026-05-24T14:30:00Z,2026-05-24T16:30:00+0200,298.03,MW,FR,FR,forecast_offshore_wind_generation,Wind Offshore,2026-05-26T14:20:23Z
2026-05-26T14:19:27Z,2026-05-26T16:19:27+0200,9d8474b6-9a07-4a7a-8e0f-b65ff32620de,2026-05-24T14:45:00Z,2026-05-24T16:45:00+0200,290.19,MW,FR,FR,forecast_offshore_wind_generation,Wind Offshore,2026-05-26T14:20:23Z
2026-05-26T14:19:27Z,2026-05-26T16:19:27+0200,9d8474b6-9a07-4a7a-8e0f-b65ff32620de,2026-05-24T15:00:00Z,2026-05-24T17:00:00+0200,583.88,MW,FR,FR,forecast_offshore_wind_generation,Wind Offshore,2026-05-26T14:20:23Z
2026-05-26T14:19:27Z,2026-05-26T16:19:27+0200,9d8474b6-9a07-4a7a-8e0f-b65ff32620de,2026-05-24T15:15:00Z,2026-05-24T17:15:00+0200,587.01001,MW,FR,FR,forecast_offshore_wind_generation,Wind Offshore,2026-05-26T14:20:23Z
2026-05-26T14:19:27Z,2026-05-26T16:19:27+0200,9d8474b6-9a07-4a7a-8e0f-b65ff32620de,2026-05-24T15:30:00Z,2026-05-24T17:30:00+0200,590.14001,MW,FR,FR,forecast_offshore_wind_generation,Wind Offshore,2026-05-26T14:20:23Z
2026-05-26T14:19:27Z,2026-05-26T16:19:27+0200,9d8474b6-9a07-4a7a-8e0f-b65ff32620de,2026-05-24T15:45:00Z,2026-05-24T17:45:00+0200,593.25,MW,FR,FR,forecast_offshore_wind_generation,Wind Offshore,2026-05-26T14:20:23Z
2026-05-26T14:19:27Z,2026-05-26T16:19:27+0200,9d8474b6-9a07-4a7a-8e0f-b65ff32620de,2026-05-24T16:00:00Z,2026-05-24T18:00:00+0200,596.37006,MW,FR,FR,forecast_offshore_wind_generation,Wind Offshore,2026-05-26T14:20:23Z
2026-05-26T14:19:27Z,2026-05-26T16:19:27+0200,9d8474b6-9a07-4a7a-8e0f-b65ff32620de,2026-05-24T16:15:00Z,2026-05-24T18:15:00+0200,614.62006,MW,FR,FR,forecast_offshore_wind_generation,Wind Offshore,2026-05-26T14:20:23Z
2026-05-26T14:19:27Z,2026-05-26T16:19:27+0200,9d8474b6-9a07-4a7a-8e0f-b65ff32620de,2026-05-24T16:30:00Z,2026-05-24T18:30:00+0200,632.87,MW,FR,FR,forecast_offshore_wind_generation,Wind Offshore,2026-05-26T14:20:23Z
2026-05-26T14:19:27Z,2026-05-26T16:19:27+0200,9d8474b6-9a07-4a7a-8e0f-b65ff32620de,2026-05-24T16:45:00Z,2026-05-24T18:45:00+0200,651.12,MW,FR,FR,forecast_offshore_wind_generation,Wind Offshore,2026-05-26T14:20:23Z
2026-05-26T14:19:27Z,2026-05-26T16:19:27+0200,9d8474b6-9a07-4a7a-8e0f-b65ff32620de,2026-05-24T17:00:00Z,2026-05-24T19:00:00+0200,669.38,MW,FR,FR,forecast_offshore_wind_generation,Wind Offshore,2026-05-26T14:20:23Z
2026-05-26T14:19:27Z,2026-05-26T16:19:27+0200,9d8474b6-9a07-4a7a-8e0f-b65ff32620de,2026-05-24T17:15:00Z,2026-05-24T19:15:00+0200,702.77002,MW,FR,FR,forecast_offshore_wind_generation,Wind Offshore,2026-05-26T14:20:23Z
2026-05-26T14:19:27Z,2026-05-26T16:19:27+0200,9d8474b6-9a07-4a7a-8e0f-b65ff32620de,2026-05-24T17:30:00Z,2026-05-24T19:30:00+0200,736.17999,MW,FR,FR,forecast_offshore_wind_generation,Wind Offshore,2026-05-26T14:20:23Z
2026-05-26T14:19:27Z,2026-05-26T16:19:27+0200,9d8474b6-9a07-4a7a-8e0f-b65ff32620de,2026-05-24T17:45:00Z,2026-05-24T19:45:00+0200,769.55994,MW,FR,FR,forecast_offshore_wind_generation,Wind Offshore,2026-05-26T14:20:23Z
2026-05-26T14:19:27Z,2026-05-26T16:19:27+0200,9d8474b6-9a07-4a7a-8e0f-b65ff32620de,2026-05-24T18:00:00Z,2026-05-24T20:00:00+0200,802.94995,MW,FR,FR,forecast_offshore_wind_generation,Wind Offshore,2026-05-26T14:20:23Z
2026-05-26T14:19:27Z,2026-05-26T16:19:27+0200,9d8474b6-9a07-4a7a-8e0f-b65ff32620de,2026-05-24T18:15:00Z,2026-05-24T20:15:00+0200,831.50006,MW,FR,FR,forecast_offshore_wind_generation,Wind Offshore,2026-05-26T14:20:23Z
2026-05-26T14:19:27Z,2026-05-26T16:19:27+0200,9d8474b6-9a07-4a7a-8e0f-b65ff32620de,2026-05-24T18:30:00Z,2026-05-24T20:30:00+0200,860.02997,MW,FR,FR,forecast_offshore_wind_generation,Wind Offshore,2026-05-26T14:20:23Z
2026-05-26T14:19:27Z,2026-05-26T16:19:27+0200,9d8474b6-9a07-4a7a-8e0f-b65ff32620de,2026-05-24T18:45:00Z,2026-05-24T20:45:00+0200,888.55005,MW,FR,FR,forecast_offshore_wind_generation,Wind Offshore,2026-05-26T14:20:23Z
2026-05-26T14:19:27Z,2026-05-26T16:19:27+0200,9d8474b6-9a07-4a7a-8e0f-b65ff32620de,2026-05-24T19:00:00Z,2026-05-24T21:00:00+0200,917.10999,MW,FR,FR,forecast_offshore_wind_generation,Wind Offshore,2026-05-26T14:20:23Z
2026-05-26T14:19:27Z,2026-05-26T16:19:27+0200,9d8474b6-9a07-4a7a-8e0f-b65ff32620de,2026-05-24T19:15:00Z,2026-05-24T21:15:00+0200,941.73004,MW,FR,FR,forecast_offshore_wind_generation,Wind Offshore,2026-05-26T14:20:23Z
2026-05-26T14:19:27Z,2026-05-26T16:19:27+0200,9d8474b6-9a07-4a7a-8e0f-b65ff32620de,2026-05-24T19:30:00Z,2026-05-24T21:30:00+0200,966.36005,MW,FR,FR,forecast_offshore_wind_generation,Wind Offshore,2026-05-26T14:20:23Z
2026-05-26T14:19:27Z,2026-05-26T16:19:27+0200,9d8474b6-9a07-4a7a-8e0f-b65ff32620de,2026-05-24T19:45:00Z,2026-05-24T21:45:00+0200,990.96002,MW,FR,FR,forecast_offshore_wind_generation,Wind Offshore,2026-05-26T14:20:23Z
2026-05-26T14:19:27Z,2026-05-26T16:19:27+0200,9d8474b6-9a07-4a7a-8e0f-b65ff32620de,2026-05-24T20:00:00Z,2026-05-24T22:00:00+0200,1015.59003,MW,FR,FR,forecast_offshore_wind_generation,Wind Offshore,2026-05-26T14:20:23Z
2026-05-26T14:19:27Z,2026-05-26T16:19:27+0200,9d8474b6-9a07-4a7a-8e0f-b65ff32620de,2026-05-24T20:15:00Z,2026-05-24T22:15:00+0200,1025.62988,MW,FR,FR,forecast_offshore_wind_generation,Wind Offshore,2026-05-26T14:20:23Z
2026-05-26T14:19:27Z,2026-05-26T16:19:27+0200,9d8474b6-9a07-4a7a-8e0f-b65ff32620de,2026-05-24T20:30:00Z,2026-05-24T22:30:00+0200,1035.65002,MW,FR,FR,forecast_offshore_wind_generation,Wind Offshore,2026-05-26T14:20:23Z
2026-05-26T14:19:27Z,2026-05-26T16:19:27+0200,9d8474b6-9a07-4a7a-8e0f-b65ff32620de,2026-05-24T20:45:00Z,2026-05-24T22:45:00+0200,1045.68994,MW,FR,FR,forecast_offshore_wind_generation,Wind Offshore,2026-05-26T14:20:23Z
2026-05-26T14:19:27Z,2026-05-26T16:19:27+0200,9d8474b6-9a07-4a7a-8e0f-b65ff32620de,2026-05-24T21:00:00Z,2026-05-24T23:00:00+0200,1055.72998,MW,FR,FR,forecast_offshore_wind_generation,Wind Offshore,2026-05-26T14:20:23Z
2026-05-26T14:19:27Z,2026-05-26T16:19:27+0200,9d8474b6-9a07-4a7a-8e0f-b65ff32620de,2026-05-24T21:15:00Z,2026-05-24T23:15:00+0200,1067.21008,MW,FR,FR,forecast_offshore_wind_generation,Wind Offshore,2026-05-26T14:20:23Z
2026-05-26T14:19:27Z,2026-05-26T16:19:27+0200,9d8474b6-9a07-4a7a-8e0f-b65ff32620de,2026-05-24T21:30:00Z,2026-05-24T23:30:00+0200,1078.69995,MW,FR,FR,forecast_offshore_wind_generation,Wind Offshore,2026-05-26T14:20:23Z
2026-05-26T14:19:27Z,2026-05-26T16:19:27+0200,9d8474b6-9a07-4a7a-8e0f-b65ff32620de,2026-05-24T21:45:00Z,2026-05-24T23:45:00+0200,1090.16992,MW,FR,FR,forecast_offshore_wind_generation,Wind Offshore,2026-05-26T14:20:23Z
2026-05-26T14:19:27Z,2026-05-26T16:19:27+0200,9d8474b6-9a07-4a7a-8e0f-b65ff32620de,2026-05-24T22:00:00Z,2026-05-25T00:00:00+0200,1064.90991,MW,FR,FR,forecast_offshore_wind_generation,Wind Offshore,2026-05-26T14:20:23Z
2026-05-26T14:19:27Z,2026-05-26T16:19:27+0200,9d8474b6-9a07-4a7a-8e0f-b65ff32620de,2026-05-24T22:15:00Z,2026-05-25T00:15:00+0200,1070.43005,MW,FR,FR,forecast_offshore_wind_generation,Wind Offshore,2026-05-26T14:20:23Z
2026-05-26T14:19:27Z,2026-05-26T16:19:27+0200,9d8474b6-9a07-4a7a-8e0f-b65ff32620de,2026-05-24T22:30:00Z,2026-05-25T00:30:00+0200,1075.95996,MW,FR,FR,forecast_offshore_wind_generation,Wind Offshore,2026-05-26T14:20:23Z
2026-05-26T14:19:27Z,2026-05-26T16:19:27+0200,9d8474b6-9a07-4a7a-8e0f-b65ff32620de,2026-05-24T22:45:00Z,2026-05-25T00:45:00+0200,1081.44995,MW,FR,FR,forecast_offshore_wind_generation,Wind Offshore,2026-05-26T14:20:23Z
2026-05-26T14:19:27Z,2026-05-26T16:19:27+0200,9d8474b6-9a07-4a7a-8e0f-b65ff32620de,2026-05-24T23:00:00Z,2026-05-25T01:00:00+0200,1086.97998,MW,FR,FR,forecast_offshore_wind_generation,Wind Offshore,2026-05-26T14:20:23Z
2026-05-26T14:19:27Z,2026-05-26T16:19:27+0200,9d8474b6-9a07-4a7a-8e0f-b65ff32620de,2026-05-24T23:15:00Z,2026-05-25T01:15:00+0200,1072.34998,MW,FR,FR,forecast_offshore_wind_generation,Wind Offshore,2026-05-26T14:20:23Z
2026-05-26T14:19:27Z,2026-05-26T16:19:27+0200,9d8474b6-9a07-4a7a-8e0f-b65ff32620de,2026-05-24T23:30:00Z,2026-05-25T01:30:00+0200,1057.71997,MW,FR,FR,forecast_offshore_wind_generation,Wind Offshore,2026-05-26T14:20:23Z
2026-05-26T14:19:27Z,2026-05-26T16:19:27+0200,9d8474b6-9a07-4a7a-8e0f-b65ff32620de,2026-05-24T23:45:00Z,2026-05-25T01:45:00+0200,1043.09009,MW,FR,FR,forecast_offshore_wind_generation,Wind Offshore,2026-05-26T14:20:23Z
2026-05-26T14:19:27Z,2026-05-26T16:19:27+0200,9d8474b6-9a07-4a7a-8e0f-b65ff32620de,2026-05-25T00:00:00Z,2026-05-25T02:00:00+0200,1028.46997,MW,FR,FR,forecast_offshore_wind_generation,Wind Offshore,2026-05-26T14:20:23Z
2026-05-26T14:19:27Z,2026-05-26T16:19:27+0200,9d8474b6-9a07-4a7a-8e0f-b65ff32620de,2026-05-25T00:15:00Z,2026-05-25T02:15:00+0200,996.67004,MW,FR,FR,forecast_offshore_wind_generation,Wind Offshore,2026-05-26T14:20:23Z
2026-05-26T14:19:27Z,2026-05-26T16:19:27+0200,9d8474b6-9a07-4a7a-8e0f-b65ff32620de,2026-05-25T00:30:00Z,2026-05-25T02:30:00+0200,964.90002,MW,FR,FR,forecast_offshore_wind_generation,Wind Offshore,2026-05-26T14:20:23Z
2026-05-26T14:19:27Z,2026-05-26T16:19:27+0200,9d8474b6-9a07-4a7a-8e0f-b65ff32620de,2026-05-25T00:45:00Z,2026-05-25T02:45:00+0200,933.10999,MW,FR,FR,forecast_offshore_wind_generation,Wind Offshore,2026-05-26T14:20:23Z
2026-05-26T14:19:27Z,2026-05-26T16:19:27+0200,9d8474b6-9a07-4a7a-8e0f-b65ff32620de,2026-05-25T01:00:00Z,2026-05-25T03:00:00+0200,901.32001,MW,FR,FR,forecast_offshore_wind_generation,Wind Offshore,2026-05-26T14:20:23Z
2026-05-26T14:19:27Z,2026-05-26T16:19:27+0200,9d8474b6-9a07-4a7a-8e0f-b65ff32620de,2026-05-25T01:15:00Z,2026-05-25T03:15:00+0200,889.73999,MW,FR,FR,forecast_offshore_wind_generation,Wind Offshore,2026-05-26T14:20:23Z
2026-05-26T14:19:27Z,2026-05-26T16:19:27+0200,9d8474b6-9a07-4a7a-8e0f-b65ff32620de,2026-05-25T01:30:00Z,2026-05-25T03:30:00+0200,878.15002,MW,FR,FR,forecast_offshore_wind_generation,Wind Offshore,2026-05-26T14:20:23Z
2026-05-26T14:19:27Z,2026-05-26T16:19:27+0200,9d8474b6-9a07-4a7a-8e0f-b65ff32620de,2026-05-25T01:45:00Z,2026-05-25T03:45:00+0200,866.57996,MW,FR,FR,forecast_offshore_wind_generation,Wind Offshore,2026-05-26T14:20:23Z
2026-05-26T14:19:27Z,2026-05-26T16:19:27+0200,9d8474b6-9a07-4a7a-8e0f-b65ff32620de,2026-05-25T02:00:00Z,2026-05-25T04:00:00+0200,854.98004,MW,FR,FR,forecast_offshore_wind_generation,Wind Offshore,2026-05-26T14:20:23Z
2026-05-26T14:19:27Z,2026-05-26T16:19:27+0200,9d8474b6-9a07-4a7a-8e0f-b65ff32620de,2026-05-25T02:15:00Z,2026-05-25T04:15:00+0200,853.78003,MW,FR,FR,forecast_offshore_wind_generation,Wind Offshore,2026-05-26T14:20:23Z
2026-05-26T14:19:27Z,2026-05-26T16:19:27+0200,9d8474b6-9a07-4a7a-8e0f-b65ff32620de,2026-05-25T02:30:00Z,2026-05-25T04:30:00+0200,852.57996,MW,FR,FR,forecast_offshore_wind_generation,Wind Offshore,2026-05-26T14:20:23Z
2026-05-26T14:19:27Z,2026-05-26T16:19:27+0200,9d8474b6-9a07-4a7a-8e0f-b65ff32620de,2026-05-25T02:45:00Z,2026-05-25T04:45:00+0200,851.38,MW,FR,FR,forecast_offshore_wind_generation,Wind Offshore,2026-05-26T14:20:23Z
2026-05-26T14:19:27Z,2026-05-26T16:19:27+0200,9d8474b6-9a07-4a7a-8e0f-b65ff32620de,2026-05-25T03:00:00Z,2026-05-25T05:00:00+0200,850.17004,MW,FR,FR,forecast_offshore_wind_generation,Wind Offshore,2026-05-26T14:20:23Z
2026-05-26T14:19:27Z,2026-05-26T16:19:27+0200,9d8474b6-9a07-4a7a-8e0f-b65ff32620de,2026-05-25T03:15:00Z,2026-05-25T05:15:00+0200,837.25995,MW,FR,FR,forecast_offshore_wind_generation,Wind Offshore,2026-05-26T14:20:23Z
2026-05-26T14:19:27Z,2026-05-26T16:19:27+0200,9d8474b6-9a07-4a7a-8e0f-b65ff32620de,2026-05-25T03:30:00Z,2026-05-25T05:30:00+0200,824.34998,MW,FR,FR,forecast_offshore_wind_generation,Wind Offshore,2026-05-26T14:20:23Z
2026-05-26T14:19:27Z,2026-05-26T16:19:27+0200,9d8474b6-9a07-4a7a-8e0f-b65ff32620de,2026-05-25T03:45:00Z,2026-05-25T05:45:00+0200,811.43005,MW,FR,FR,forecast_offshore_wind_generation,Wind Offshore,2026-05-26T14:20:23Z
2026-05-26T14:19:27Z,2026-05-26T16:19:27+0200,9d8474b6-9a07-4a7a-8e0f-b65ff32620de,2026-05-25T04:00:00Z,2026-05-25T06:00:00+0200,798.5,MW,FR,FR,forecast_offshore_wind_generation,Wind Offshore,2026-05-26T14:20:23Z
2026-05-26T14:19:27Z,2026-05-26T16:19:27+0200,9d8474b6-9a07-4a7a-8e0f-b65ff32620de,2026-05-25T04:15:00Z,2026-05-25T06:15:00+0200,775.47998,MW,FR,FR,forecast_offshore_wind_generation,Wind Offshore,2026-05-26T14:20:23Z
2026-05-26T14:19:27Z,2026-05-26T16:19:27+0200,9d8474b6-9a07-4a7a-8e0f-b65ff32620de,2026-05-25T04:30:00Z,2026-05-25T06:30:00+0200,752.43994,MW,FR,FR,forecast_offshore_wind_generation,Wind Offshore,2026-05-26T14:20:23Z
2026-05-26T14:19:27Z,2026-05-26T16:19:27+0200,9d8474b6-9a07-4a7a-8e0f-b65ff32620de,2026-05-25T04:45:00Z,2026-05-25T06:45:00+0200,729.40002,MW,FR,FR,forecast_offshore_wind_generation,Wind Offshore,2026-05-26T14:20:23Z
2026-05-26T14:19:27Z,2026-05-26T16:19:27+0200,9d8474b6-9a07-4a7a-8e0f-b65ff32620de,2026-05-25T05:00:00Z,2026-05-25T07:00:00+0200,706.35999,MW,FR,FR,forecast_offshore_wind_generation,Wind Offshore,2026-05-26T14:20:23Z
2026-05-26T14:19:27Z,2026-05-26T16:19:27+0200,9d8474b6-9a07-4a7a-8e0f-b65ff32620de,2026-05-25T05:15:00Z,2026-05-25T07:15:00+0200,685.13,MW,FR,FR,forecast_offshore_wind_generation,Wind Offshore,2026-05-26T14:20:23Z
2026-05-26T14:19:27Z,2026-05-26T16:19:27+0200,9d8474b6-9a07-4a7a-8e0f-b65ff32620de,2026-05-25T05:30:00Z,2026-05-25T07:30:00+0200,663.91998,MW,FR,FR,forecast_offshore_wind_generation,Wind Offshore,2026-05-26T14:20:23Z
2026-05-26T14:19:27Z,2026-05-26T16:19:27+0200,9d8474b6-9a07-4a7a-8e0f-b65ff32620de,2026-05-25T05:45:00Z,2026-05-25T07:45:00+0200,642.67999,MW,FR,FR,forecast_offshore_wind_generation,Wind Offshore,2026-05-26T14:20:23Z
2026-05-26T14:19:27Z,2026-05-26T16:19:27+0200,9d8474b6-9a07-4a7a-8e0f-b65ff32620de,2026-05-25T06:00:00Z,2026-05-25T08:00:00+0200,621.46002,MW,FR,FR,forecast_offshore_wind_generation,Wind Offshore,2026-05-26T14:20:23Z
2026-05-26T14:19:27Z,2026-05-26T16:19:27+0200,9d8474b6-9a07-4a7a-8e0f-b65ff32620de,2026-05-25T06:15:00Z,2026-05-25T08:15:00+0200,606.94,MW,FR,FR,forecast_offshore_wind_generation,Wind Offshore,2026-05-26T14:20:23Z
2026-05-26T14:19:27Z,2026-05-26T16:19:27+0200,9d8474b6-9a07-4a7a-8e0f-b65ff32620de,2026-05-25T06:30:00Z,2026-05-25T08:30:00+0200,592.44006,MW,FR,FR,forecast_offshore_wind_generation,Wind Offshore,2026-05-26T14:20:23Z
2026-05-26T14:19:27Z,2026-05-26T16:19:27+0200,9d8474b6-9a07-4a7a-8e0f-b65ff32620de,2026-05-25T06:45:00Z,2026-05-25T08:45:00+0200,577.92999,MW,FR,FR,forecast_offshore_wind_generation,Wind Offshore,2026-05-26T14:20:23Z
2026-05-26T14:19:27Z,2026-05-26T16:19:27+0200,9d8474b6-9a07-4a7a-8e0f-b65ff32620de,2026-05-25T07:00:00Z,2026-05-25T09:00:00+0200,563.39996,MW,FR,FR,forecast_offshore_wind_generation,Wind Offshore,2026-05-26T14:20:23Z
2026-05-26T14:19:27Z,2026-05-26T16:19:27+0200,9d8474b6-9a07-4a7a-8e0f-b65ff32620de,2026-05-25T07:15:00Z,2026-05-25T09:15:00+0200,533.59998,MW,FR,FR,forecast_offshore_wind_generation,Wind Offshore,2026-05-26T14:20:23Z
2026-05-26T14:19:27Z,2026-05-26T16:19:27+0200,9d8474b6-9a07-4a7a-8e0f-b65ff32620de,2026-05-25T07:30:00Z,2026-05-25T09:30:00+0200,503.78,MW,FR,FR,forecast_offshore_wind_generation,Wind Offshore,2026-05-26T14:20:23Z
2026-05-26T14:19:27Z,2026-05-26T16:19:27+0200,9d8474b6-9a07-4a7a-8e0f-b65ff32620de,2026-05-25T07:45:00Z,2026-05-25T09:45:00+0200,473.94,MW,FR,FR,forecast_offshore_wind_generation,Wind Offshore,2026-05-26T14:20:23Z
2026-05-26T14:19:27Z,2026-05-26T16:19:27+0200,9d8474b6-9a07-4a7a-8e0f-b65ff32620de,2026-05-25T08:00:00Z,2026-05-25T10:00:00+0200,444.10999,MW,FR,FR,forecast_offshore_wind_generation,Wind Offshore,2026-05-26T14:20:23Z
2026-05-26T14:19:27Z,2026-05-26T16:19:27+0200,9d8474b6-9a07-4a7a-8e0f-b65ff32620de,2026-05-25T08:15:00Z,2026-05-25T10:15:00+0200,419.85001,MW,FR,FR,forecast_offshore_wind_generation,Wind Offshore,2026-05-26T14:20:23Z
2026-05-26T14:19:27Z,2026-05-26T16:19:27+0200,9d8474b6-9a07-4a7a-8e0f-b65ff32620de,2026-05-25T08:30:00Z,2026-05-25T10:30:00+0200,395.56003,MW,FR,FR,forecast_offshore_wind_generation,Wind Offshore,2026-05-26T14:20:23Z
2026-05-26T14:19:27Z,2026-05-26T16:19:27+0200,9d8474b6-9a07-4a7a-8e0f-b65ff32620de,2026-05-25T08:45:00Z,2026-05-25T10:45:00+0200,150.97,MW,FR,FR,forecast_offshore_wind_generation,Wind Offshore,2026-05-26T14:20:23Z
2026-05-26T14:19:27Z,2026-05-26T16:19:27+0200,9d8474b6-9a07-4a7a-8e0f-b65ff32620de,2026-05-25T09:00:00Z,2026-05-25T11:00:00+0200,141.67999,MW,FR,FR,forecast_offshore_wind_generation,Wind Offshore,2026-05-26T14:20:23Z
2026-05-26T14:19:27Z,2026-05-26T16:19:27+0200,9d8474b6-9a07-4a7a-8e0f-b65ff32620de,2026-05-25T09:15:00Z,2026-05-25T11:15:00+0200,142.45001,MW,FR,FR,forecast_offshore_wind_generation,Wind Offshore,2026-05-26T14:20:23Z
2026-05-26T14:19:27Z,2026-05-26T16:19:27+0200,9d8474b6-9a07-4a7a-8e0f-b65ff32620de,2026-05-25T09:30:00Z,2026-05-25T11:30:00+0200,143.23999,MW,FR,FR,forecast_offshore_wind_generation,Wind Offshore,2026-05-26T14:20:23Z
2026-05-26T14:19:27Z,2026-05-26T16:19:27+0200,9d8474b6-9a07-4a7a-8e0f-b65ff32620de,2026-05-25T09:45:00Z,2026-05-25T11:45:00+0200,144.00999,MW,FR,FR,forecast_offshore_wind_generation,Wind Offshore,2026-05-26T14:20:23Z
2026-05-26T14:19:27Z,2026-05-26T16:19:27+0200,9d8474b6-9a07-4a7a-8e0f-b65ff32620de,2026-05-25T10:00:00Z,2026-05-25T12:00:00+0200,144.78,MW,FR,FR,forecast_offshore_wind_generation,Wind Offshore,2026-05-26T14:20:23Z
2026-05-26T14:19:27Z,2026-05-26T16:19:27+0200,9d8474b6-9a07-4a7a-8e0f-b65ff32620de,2026-05-25T10:15:00Z,2026-05-25T12:15:00+0200,148.01001,MW,FR,FR,forecast_offshore_wind_generation,Wind Offshore,2026-05-26T14:20:23Z
2026-05-26T14:19:27Z,2026-05-26T16:19:27+0200,9d8474b6-9a07-4a7a-8e0f-b65ff32620de,2026-05-25T10:30:00Z,2026-05-25T12:30:00+0200,151.25,MW,FR,FR,forecast_offshore_wind_generation,Wind Offshore,2026-05-26T14:20:23Z
2026-05-26T14:19:27Z,2026-05-26T16:19:27+0200,9d8474b6-9a07-4a7a-8e0f-b65ff32620de,2026-05-25T10:45:00Z,2026-05-25T12:45:00+0200,154.47,MW,FR,FR,forecast_offshore_wind_generation,Wind Offshore,2026-05-26T14:20:23Z
2026-05-26T14:19:27Z,2026-05-26T16:19:27+0200,9d8474b6-9a07-4a7a-8e0f-b65ff32620de,2026-05-25T11:00:00Z,2026-05-25T13:00:00+0200,157.70001,MW,FR,FR,forecast_offshore_wind_generation,Wind Offshore,2026-05-26T14:20:23Z
2026-05-26T14:19:27Z,2026-05-26T16:19:27+0200,9d8474b6-9a07-4a7a-8e0f-b65ff32620de,2026-05-25T11:15:00Z,2026-05-25T13:15:00+0200,157.23,MW,FR,FR,forecast_offshore_wind_generation,Wind Offshore,2026-05-26T14:20:23Z
2026-05-26T14:19:27Z,2026-05-26T16:19:27+0200,9d8474b6-9a07-4a7a-8e0f-b65ff32620de,2026-05-25T11:30:00Z,2026-05-25T13:30:00+0200,156.74001,MW,FR,FR,forecast_offshore_wind_generation,Wind Offshore,2026-05-26T14:20:23Z
2026-05-26T14:19:27Z,2026-05-26T16:19:27+0200,9d8474b6-9a07-4a7a-8e0f-b65ff32620de,2026-05-25T11:45:00Z,2026-05-25T13:45:00+0200,156.25002,MW,FR,FR,forecast_offshore_wind_generation,Wind Offshore,2026-05-26T14:20:23Z
2026-05-26T14:19:27Z,2026-05-26T16:19:27+0200,9d8474b6-9a07-4a7a-8e0f-b65ff32620de,2026-05-25T12:00:00Z,2026-05-25T14:00:00+0200,155.78,MW,FR,FR,forecast_offshore_wind_generation,Wind Offshore,2026-05-26T14:20:23Z
2026-05-26T14:19:27Z,2026-05-26T16:19:27+0200,9d8474b6-9a07-4a7a-8e0f-b65ff32620de,2026-05-25T12:15:00Z,2026-05-25T14:15:00+0200,152.76999,MW,FR,FR,forecast_offshore_wind_generation,Wind Offshore,2026-05-26T14:20:23Z
2026-05-26T14:19:27Z,2026-05-26T16:19:27+0200,9d8474b6-9a07-4a7a-8e0f-b65ff32620de,2026-05-25T12:30:00Z,2026-05-25T14:30:00+0200,149.75999,MW,FR,FR,forecast_offshore_wind_generation,Wind Offshore,2026-05-26T14:20:23Z
2026-05-26T14:19:27Z,2026-05-26T16:19:27+0200,9d8474b6-9a07-4a7a-8e0f-b65ff32620de,2026-05-25T12:45:00Z,2026-05-25T14:45:00+0200,146.76999,MW,FR,FR,forecast_offshore_wind_generation,Wind Offshore,2026-05-26T14:20:23Z
2026-05-26T14:19:27Z,2026-05-26T16:19:27+0200,9d8474b6-9a07-4a7a-8e0f-b65ff32620de,2026-05-25T13:00:00Z,2026-05-25T15:00:00+0200,143.76999,MW,FR,FR,forecast_offshore_wind_generation,Wind Offshore,2026-05-26T14:20:23Z
2026-05-26T14:19:27Z,2026-05-26T16:19:27+0200,9d8474b6-9a07-4a7a-8e0f-b65ff32620de,2026-05-25T13:15:00Z,2026-05-25T15:15:00+0200,134.47,MW,FR,FR,forecast_offshore_wind_generation,Wind Offshore,2026-05-26T14:20:23Z
2026-05-26T14:19:27Z,2026-05-26T16:19:27+0200,9d8474b6-9a07-4a7a-8e0f-b65ff32620de,2026-05-25T13:30:00Z,2026-05-25T15:30:00+0200,125.17001,MW,FR,FR,forecast_offshore_wind_generation,Wind Offshore,2026-05-26T14:20:23Z
2026-05-26T14:19:27Z,2026-05-26T16:19:27+0200,9d8474b6-9a07-4a7a-8e0f-b65ff32620de,2026-05-25T13:45:00Z,2026-05-25T15:45:00+0200,115.88,MW,FR,FR,forecast_offshore_wind_generation,Wind Offshore,2026-05-26T14:20:23Z
2026-05-26T14:19:27Z,2026-05-26T16:19:27+0200,9d8474b6-9a07-4a7a-8e0f-b65ff32620de,2026-05-25T14:00:00Z,2026-05-25T16:00:00+0200,106.59,MW,FR,FR,forecast_offshore_wind_generation,Wind Offshore,2026-05-26T14:20:23Z
2026-05-26T14:19:27Z,2026-05-26T16:19:27+0200,9d8474b6-9a07-4a7a-8e0f-b65ff32620de,2026-05-25T14:15:00Z,2026-05-25T16:15:00+0200,101.3,MW,FR,FR,forecast_offshore_wind_generation,Wind Offshore,2026-05-26T14:20:23Z
2026-05-26T14:19:27Z,2026-05-26T16:19:27+0200,9d8474b6-9a07-4a7a-8e0f-b65ff32620de,2026-05-25T14:30:00Z,2026-05-25T16:30:00+0200,96.0,MW,FR,FR,forecast_offshore_wind_generation,Wind Offshore,2026-05-26T14:20:23Z
2026-05-26T14:19:27Z,2026-05-26T16:19:27+0200,9d8474b6-9a07-4a7a-8e0f-b65ff32620de,2026-05-25T14:45:00Z,2026-05-25T16:45:00+0200,334.51001,MW,FR,FR,forecast_offshore_wind_generation,Wind Offshore,2026-05-26T14:20:23Z
2026-05-26T14:19:27Z,2026-05-26T16:19:27+0200,9d8474b6-9a07-4a7a-8e0f-b65ff32620de,2026-05-25T15:00:00Z,2026-05-25T17:00:00+0200,333.72,MW,FR,FR,forecast_offshore_wind_generation,Wind Offshore,2026-05-26T14:20:23Z
2026-05-26T14:19:27Z,2026-05-26T16:19:27+0200,9d8474b6-9a07-4a7a-8e0f-b65ff32620de,2026-05-25T15:15:00Z,2026-05-25T17:15:00+0200,332.92999,MW,FR,FR,forecast_offshore_wind_generation,Wind Offshore,2026-05-26T14:20:23Z
2026-05-26T14:19:27Z,2026-05-26T16:19:27+0200,9d8474b6-9a07-4a7a-8e0f-b65ff32620de,2026-05-25T15:30:00Z,2026-05-25T17:30:00+0200,332.14999,MW,FR,FR,forecast_offshore_wind_generation,Wind Offshore,2026-05-26T14:20:23Z
2026-05-26T14:19:27Z,2026-05-26T16:19:27+0200,9d8474b6-9a07-4a7a-8e0f-b65ff32620de,2026-05-25T15:45:00Z,2026-05-25T17:45:00+0200,331.35999,MW,FR,FR,forecast_offshore_wind_generation,Wind Offshore,2026-05-26T14:20:23Z
2026-05-26T14:19:27Z,2026-05-26T16:19:27+0200,9d8474b6-9a07-4a7a-8e0f-b65ff32620de,2026-05-25T16:00:00Z,2026-05-25T18:00:00+0200,330.57999,MW,FR,FR,forecast_offshore_wind_generation,Wind Offshore,2026-05-26T14:20:23Z
2026-05-26T14:19:27Z,2026-05-26T16:19:27+0200,9d8474b6-9a07-4a7a-8e0f-b65ff32620de,2026-05-25T16:15:00Z,2026-05-25T18:15:00+0200,329.45001,MW,FR,FR,forecast_offshore_wind_generation,Wind Offshore,2026-05-26T14:20:23Z
2026-05-26T14:19:27Z,2026-05-26T16:19:27+0200,9d8474b6-9a07-4a7a-8e0f-b65ff32620de,2026-05-25T16:30:00Z,2026-05-25T18:30:00+0200,328.31998,MW,FR,FR,forecast_offshore_wind_generation,Wind Offshore,2026-05-26T14:20:23Z
2026-05-26T14:19:27Z,2026-05-26T16:19:27+0200,9d8474b6-9a07-4a7a-8e0f-b65ff32620de,2026-05-25T16:45:00Z,2026-05-25T18:45:00+0200,327.19,MW,FR,FR,forecast_offshore_wind_generation,Wind Offshore,2026-05-26T14:20:23Z
2026-05-26T14:19:27Z,2026-05-26T16:19:27+0200,9d8474b6-9a07-4a7a-8e0f-b65ff32620de,2026-05-25T17:00:00Z,2026-05-25T19:00:00+0200,326.06,MW,FR,FR,forecast_offshore_wind_generation,Wind Offshore,2026-05-26T14:20:23Z
2026-05-26T14:19:27Z,2026-05-26T16:19:27+0200,9d8474b6-9a07-4a7a-8e0f-b65ff32620de,2026-05-25T17:15:00Z,2026-05-25T19:15:00+0200,320.31998,MW,FR,FR,forecast_offshore_wind_generation,Wind Offshore,2026-05-26T14:20:23Z
2026-05-26T14:19:27Z,2026-05-26T16:19:27+0200,9d8474b6-9a07-4a7a-8e0f-b65ff32620de,2026-05-25T17:30:00Z,2026-05-25T19:30:00+0200,314.59998,MW,FR,FR,forecast_offshore_wind_generation,Wind Offshore,2026-05-26T14:20:23Z
2026-05-26T14:19:27Z,2026-05-26T16:19:27+0200,9d8474b6-9a07-4a7a-8e0f-b65ff32620de,2026-05-25T17:45:00Z,2026-05-25T19:45:00+0200,308.84,MW,FR,FR,forecast_offshore_wind_generation,Wind Offshore,2026-05-26T14:20:23Z
2026-05-26T14:19:27Z,2026-05-26T16:19:27+0200,9d8474b6-9a07-4a7a-8e0f-b65ff32620de,2026-05-25T18:00:00Z,2026-05-25T20:00:00+0200,303.09998,MW,FR,FR,forecast_offshore_wind_generation,Wind Offshore,2026-05-26T14:20:23Z
2026-05-26T14:19:27Z,2026-05-26T16:19:27+0200,9d8474b6-9a07-4a7a-8e0f-b65ff32620de,2026-05-25T18:15:00Z,2026-05-25T20:15:00+0200,295.82001,MW,FR,FR,forecast_offshore_wind_generation,Wind Offshore,2026-05-26T14:20:23Z
2026-05-26T14:19:27Z,2026-05-26T16:19:27+0200,9d8474b6-9a07-4a7a-8e0f-b65ff32620de,2026-05-25T18:30:00Z,2026-05-25T20:30:00+0200,288.53998,MW,FR,FR,forecast_offshore_wind_generation,Wind Offshore,2026-05-26T14:20:23Z
2026-05-26T14:19:27Z,2026-05-26T16:19:27+0200,9d8474b6-9a07-4a7a-8e0f-b65ff32620de,2026-05-25T18:45:00Z,2026-05-25T20:45:00+0200,281.25998,MW,FR,FR,forecast_offshore_wind_generation,Wind Offshore,2026-05-26T14:20:23Z
2026-05-26T14:19:27Z,2026-05-26T16:19:27+0200,9d8474b6-9a07-4a7a-8e0f-b65ff32620de,2026-05-25T19:00:00Z,2026-05-25T21:00:00+0200,273.97,MW,FR,FR,forecast_offshore_wind_generation,Wind Offshore,2026-05-26T14:20:23Z
2026-05-26T14:19:27Z,2026-05-26T16:19:27+0200,9d8474b6-9a07-4a7a-8e0f-b65ff32620de,2026-05-25T19:15:00Z,2026-05-25T21:15:00+0200,264.82004,MW,FR,FR,forecast_offshore_wind_generation,Wind Offshore,2026-05-26T14:20:23Z
2026-05-26T14:19:27Z,2026-05-26T16:19:27+0200,9d8474b6-9a07-4a7a-8e0f-b65ff32620de,2026-05-25T19:30:00Z,2026-05-25T21:30:00+0200,255.64998,MW,FR,FR,forecast_offshore_wind_generation,Wind Offshore,2026-05-26T14:20:23Z
2026-05-26T14:19:27Z,2026-05-26T16:19:27+0200,9d8474b6-9a07-4a7a-8e0f-b65ff32620de,2026-05-25T19:45:00Z,2026-05-25T21:45:00+0200,246.48001,MW,FR,FR,forecast_offshore_wind_generation,Wind Offshore,2026-05-26T14:20:23Z
2026-05-26T14:19:27Z,2026-05-26T16:19:27+0200,9d8474b6-9a07-4a7a-8e0f-b65ff32620de,2026-05-25T20:00:00Z,2026-05-25T22:00:00+0200,237.32001,MW,FR,FR,forecast_offshore_wind_generation,Wind Offshore,2026-05-26T14:20:23Z
2026-05-26T14:19:27Z,2026-05-26T16:19:27+0200,9d8474b6-9a07-4a7a-8e0f-b65ff32620de,2026-05-25T20:15:00Z,2026-05-25T22:15:00+0200,235.14999,MW,FR,FR,forecast_offshore_wind_generation,Wind Offshore,2026-05-26T14:20:23Z
2026-05-26T14:19:27Z,2026-05-26T16:19:27+0200,9d8474b6-9a07-4a7a-8e0f-b65ff32620de,2026-05-25T20:30:00Z,2026-05-25T22:30:00+0200,232.99001,MW,FR,FR,forecast_offshore_wind_generation,Wind Offshore,2026-05-26T14:20:23Z
2026-05-26T14:19:27Z,2026-05-26T16:19:27+0200,9d8474b6-9a07-4a7a-8e0f-b65ff32620de,2026-05-25T20:45:00Z,2026-05-25T22:45:00+0200,230.81,MW,FR,FR,forecast_offshore_wind_generation,Wind Offshore,2026-05-26T14:20:23Z
2026-05-26T14:19:27Z,2026-05-26T16:19:27+0200,9d8474b6-9a07-4a7a-8e0f-b65ff32620de,2026-05-25T21:00:00Z,2026-05-25T23:00:00+0200,228.64999,MW,FR,FR,forecast_offshore_wind_generation,Wind Offshore,2026-05-26T14:20:23Z
2026-05-26T14:19:27Z,2026-05-26T16:19:27+0200,9d8474b6-9a07-4a7a-8e0f-b65ff32620de,2026-05-25T21:15:00Z,2026-05-25T23:15:00+0200,238.09,MW,FR,FR,forecast_offshore_wind_generation,Wind Offshore,2026-05-26T14:20:23Z
2026-05-26T14:19:27Z,2026-05-26T16:19:27+0200,9d8474b6-9a07-4a7a-8e0f-b65ff32620de,2026-05-25T21:30:00Z,2026-05-25T23:30:00+0200,247.54999,MW,FR,FR,forecast_offshore_wind_generation,Wind Offshore,2026-05-26T14:20:23Z
2026-05-26T14:19:27Z,2026-05-26T16:19:27+0200,9d8474b6-9a07-4a7a-8e0f-b65ff32620de,2026-05-25T21:45:00Z,2026-05-25T23:45:00+0200,257.0,MW,FR,FR,forecast_offshore_wind_generation,Wind Offshore,2026-05-26T14:20:23Z
2026-05-26T14:19:27Z,2026-05-26T16:19:27+0200,9d8474b6-9a07-4a7a-8e0f-b65ff32620de,2026-05-25T22:00:00Z,2026-05-26T00:00:00+0200,332.27997,MW,FR,FR,forecast_offshore_wind_generation,Wind Offshore,2026-05-26T14:20:23Z
2026-05-26T14:19:27Z,2026-05-26T16:19:27+0200,9d8474b6-9a07-4a7a-8e0f-b65ff32620de,2026-05-25T22:15:00Z,2026-05-26T00:15:00+0200,356.54999,MW,FR,FR,forecast_offshore_wind_generation,Wind Offshore,2026-05-26T14:20:23Z
2026-05-26T14:19:27Z,2026-05-26T16:19:27+0200,9d8474b6-9a07-4a7a-8e0f-b65ff32620de,2026-05-25T22:30:00Z,2026-05-26T00:30:00+0200,380.84003,MW,FR,FR,forecast_offshore_wind_generation,Wind Offshore,2026-05-26T14:20:23Z
2026-05-26T14:19:27Z,2026-05-26T16:19:27+0200,9d8474b6-9a07-4a7a-8e0f-b65ff32620de,2026-05-25T22:45:00Z,2026-05-26T00:45:00+0200,405.02997,MW,FR,FR,forecast_offshore_wind_generation,Wind Offshore,2026-05-26T14:20:23Z
2026-05-26T14:19:27Z,2026-05-26T16:19:27+0200,9d8474b6-9a07-4a7a-8e0f-b65ff32620de,2026-05-25T23:00:00Z,2026-05-26T01:00:00+0200,429.21002,MW,FR,FR,forecast_offshore_wind_generation,Wind Offshore,2026-05-26T14:20:23Z
2026-05-26T14:19:27Z,2026-05-26T16:19:27+0200,9d8474b6-9a07-4a7a-8e0f-b65ff32620de,2026-05-25T23:15:00Z,2026-05-26T01:15:00+0200,427.31003,MW,FR,FR,forecast_offshore_wind_generation,Wind Offshore,2026-05-26T14:20:23Z
2026-05-26T14:19:27Z,2026-05-26T16:19:27+0200,9d8474b6-9a07-4a7a-8e0f-b65ff32620de,2026-05-25T23:30:00Z,2026-05-26T01:30:00+0200,425.39999,MW,FR,FR,forecast_offshore_wind_generation,Wind Offshore,2026-05-26T14:20:23Z
2026-05-26T14:19:27Z,2026-05-26T16:19:27+0200,9d8474b6-9a07-4a7a-8e0f-b65ff32620de,2026-05-25T23:45:00Z,2026-05-26T01:45:00+0200,423.47003,MW,FR,FR,forecast_offshore_wind_generation,Wind Offshore,2026-05-26T14:20:23Z
2026-05-26T14:19:27Z,2026-05-26T16:19:27+0200,9d8474b6-9a07-4a7a-8e0f-b65ff32620de,2026-05-26T00:00:00Z,2026-05-26T02:00:00+0200,421.53,MW,FR,FR,forecast_offshore_wind_generation,Wind Offshore,2026-05-26T14:20:23Z
2026-05-26T14:19:27Z,2026-05-26T16:19:27+0200,9d8474b6-9a07-4a7a-8e0f-b65ff32620de,2026-05-26T00:15:00Z,2026-05-26T02:15:00+0200,425.81,MW,FR,FR,forecast_offshore_wind_generation,Wind Offshore,2026-05-26T14:20:23Z
2026-05-26T14:19:27Z,2026-05-26T16:19:27+0200,9d8474b6-9a07-4a7a-8e0f-b65ff32620de,2026-05-26T00:30:00Z,2026-05-26T02:30:00+0200,430.09998,MW,FR,FR,forecast_offshore_wind_generation,Wind Offshore,2026-05-26T14:20:23Z
2026-05-26T14:19:27Z,2026-05-26T16:19:27+0200,9d8474b6-9a07-4a7a-8e0f-b65ff32620de,2026-05-26T00:45:00Z,2026-05-26T02:45:00+0200,434.41003,MW,FR,FR,forecast_offshore_wind_generation,Wind Offshore,2026-05-26T14:20:23Z
2026-05-26T14:19:27Z,2026-05-26T16:19:27+0200,9d8474b6-9a07-4a7a-8e0f-b65ff32620de,2026-05-26T01:00:00Z,2026-05-26T03:00:00+0200,438.67999,MW,FR,FR,forecast_offshore_wind_generation,Wind Offshore,2026-05-26T14:20:23Z
2026-05-26T14:19:27Z,2026-05-26T16:19:27+0200,9d8474b6-9a07-4a7a-8e0f-b65ff32620de,2026-05-26T01:15:00Z,2026-05-26T03:15:00+0200,446.79001,MW,FR,FR,forecast_offshore_wind_generation,Wind Offshore,2026-05-26T14:20:23Z
2026-05-26T14:19:27Z,2026-05-26T16:19:27+0200,9d8474b6-9a07-4a7a-8e0f-b65ff32620de,2026-05-26T01:30:00Z,2026-05-26T03:30:00+0200,454.89996,MW,FR,FR,forecast_offshore_wind_generation,Wind Offshore,2026-05-26T14:20:23Z
2026-05-26T14:19:27Z,2026-05-26T16:19:27+0200,9d8474b6-9a07-4a7a-8e0f-b65ff32620de,2026-05-26T01:45:00Z,2026-05-26T03:45:00+0200,463.00998,MW,FR,FR,forecast_offshore_wind_generation,Wind Offshore,2026-05-26T14:20:23Z
2026-05-26T14:19:27Z,2026-05-26T16:19:27+0200,9d8474b6-9a07-4a7a-8e0f-b65ff32620de,2026-05-26T02:00:00Z,2026-05-26T04:00:00+0200,471.12,MW,FR,FR,forecast_offshore_wind_generation,Wind Offshore,2026-05-26T14:20:23Z
2026-05-26T14:19:27Z,2026-05-26T16:19:27+0200,9d8474b6-9a07-4a7a-8e0f-b65ff32620de,2026-05-26T02:15:00Z,2026-05-26T04:15:00+0200,476.21002,MW,FR,FR,forecast_offshore_wind_generation,Wind Offshore,2026-05-26T14:20:23Z
2026-05-26T14:19:27Z,2026-05-26T16:19:27+0200,9d8474b6-9a07-4a7a-8e0f-b65ff32620de,2026-05-26T02:30:00Z,2026-05-26T04:30:00+0200,481.28003,MW,FR,FR,forecast_offshore_wind_generation,Wind Offshore,2026-05-26T14:20:23Z
2026-05-26T14:19:27Z,2026-05-26T16:19:27+0200,9d8474b6-9a07-4a7a-8e0f-b65ff32620de,2026-05-26T02:45:00Z,2026-05-26T04:45:00+0200,486.37,MW,FR,FR,forecast_offshore_wind_generation,Wind Offshore,2026-05-26T14:20:23Z
2026-05-26T14:19:27Z,2026-05-26T16:19:27+0200,9d8474b6-9a07-4a7a-8e0f-b65ff32620de,2026-05-26T03:00:00Z,2026-05-26T05:00:00+0200,491.44,MW,FR,FR,forecast_offshore_wind_generation,Wind Offshore,2026-05-26T14:20:23Z
2026-05-26T14:19:27Z,2026-05-26T16:19:27+0200,9d8474b6-9a07-4a7a-8e0f-b65ff32620de,2026-05-26T03:15:00Z,2026-05-26T05:15:00+0200,491.34,MW,FR,FR,forecast_offshore_wind_generation,Wind Offshore,2026-05-26T14:20:23Z
2026-05-26T14:19:27Z,2026-05-26T16:19:27+0200,9d8474b6-9a07-4a7a-8e0f-b65ff32620de,2026-05-26T03:30:00Z,2026-05-26T05:30:00+0200,491.23999,MW,FR,FR,forecast_offshore_wind_generation,Wind Offshore,2026-05-26T14:20:23Z
2026-05-26T14:19:27Z,2026-05-26T16:19:27+0200,9d8474b6-9a07-4a7a-8e0f-b65ff32620de,2026-05-26T03:45:00Z,2026-05-26T05:45:00+0200,491.10001,MW,FR,FR,forecast_offshore_wind_generation,Wind Offshore,2026-05-26T14:20:23Z
2026-05-26T14:19:27Z,2026-05-26T16:19:27+0200,9d8474b6-9a07-4a7a-8e0f-b65ff32620de,2026-05-26T04:00:00Z,2026-05-26T06:00:00+0200,490.96997,MW,FR,FR,forecast_offshore_wind_generation,Wind Offshore,2026-05-26T14:20:23Z
2026-05-26T14:19:27Z,2026-05-26T16:19:27+0200,9d8474b6-9a07-4a7a-8e0f-b65ff32620de,2026-05-26T04:15:00Z,2026-05-26T06:15:00+0200,482.31998,MW,FR,FR,forecast_offshore_wind_generation,Wind Offshore,2026-05-26T14:20:23Z
2026-05-26T14:19:27Z,2026-05-26T16:19:27+0200,9d8474b6-9a07-4a7a-8e0f-b65ff32620de,2026-05-26T04:30:00Z,2026-05-26T06:30:00+0200,473.65002,MW,FR,FR,forecast_offshore_wind_generation,Wind Offshore,2026-05-26T14:20:23Z
2026-05-26T14:19:27Z,2026-05-26T16:19:27+0200,9d8474b6-9a07-4a7a-8e0f-b65ff32620de,2026-05-26T04:45:00Z,2026-05-26T06:45:00+0200,464.95999,MW,FR,FR,forecast_offshore_wind_generation,Wind Offshore,2026-05-26T14:20:23Z
2026-05-26T14:19:27Z,2026-05-26T16:19:27+0200,9d8474b6-9a07-4a7a-8e0f-b65ff32620de,2026-05-26T05:00:00Z,2026-05-26T07:00:00+0200,456.26999,MW,FR,FR,forecast_offshore_wind_generation,Wind Offshore,2026-05-26T14:20:23Z
2026-05-26T14:19:27Z,2026-05-26T16:19:27+0200,9d8474b6-9a07-4a7a-8e0f-b65ff32620de,2026-05-26T05:15:00Z,2026-05-26T07:15:00+0200,435.48999,MW,FR,FR,forecast_offshore_wind_generation,Wind Offshore,2026-05-26T14:20:23Z
2026-05-26T14:19:27Z,2026-05-26T16:19:27+0200,9d8474b6-9a07-4a7a-8e0f-b65ff32620de,2026-05-26T05:30:00Z,2026-05-26T07:30:00+0200,414.72,MW,FR,FR,forecast_offshore_wind_generation,Wind Offshore,2026-05-26T14:20:23Z
2026-05-26T14:19:27Z,2026-05-26T16:19:27+0200,9d8474b6-9a07-4a7a-8e0f-b65ff32620de,2026-05-26T05:45:00Z,2026-05-26T07:45:00+0200,393.90002,MW,FR,FR,forecast_offshore_wind_generation,Wind Offshore,2026-05-26T14:20:23Z
2026-05-26T14:19:27Z,2026-05-26T16:19:27+0200,9d8474b6-9a07-4a7a-8e0f-b65ff32620de,2026-05-26T06:00:00Z,2026-05-26T08:00:00+0200,373.09998,MW,FR,FR,forecast_offshore_wind_generation,Wind Offshore,2026-05-26T14:20:23Z
2026-05-26T14:19:27Z,2026-05-26T16:19:27+0200,9d8474b6-9a07-4a7a-8e0f-b65ff32620de,2026-05-26T06:15:00Z,2026-05-26T08:15:00+0200,353.92999,MW,FR,FR,forecast_offshore_wind_generation,Wind Offshore,2026-05-26T14:20:23Z
2026-05-26T14:19:27Z,2026-05-26T16:19:27+0200,9d8474b6-9a07-4a7a-8e0f-b65ff32620de,2026-05-26T06:30:00Z,2026-05-26T08:30:00+0200,334.75,MW,FR,FR,forecast_offshore_wind_generation,Wind Offshore,2026-05-26T14:20:23Z
2026-05-26T14:19:27Z,2026-05-26T16:19:27+0200,9d8474b6-9a07-4a7a-8e0f-b65ff32620de,2026-05-26T06:45:00Z,2026-05-26T08:45:00+0200,315.56,MW,FR,FR,forecast_offshore_wind_generation,Wind Offshore,2026-05-26T14:20:23Z
2026-05-26T14:19:27Z,2026-05-26T16:19:27+0200,9d8474b6-9a07-4a7a-8e0f-b65ff32620de,2026-05-26T07:00:00Z,2026-05-26T09:00:00+0200,296.37997,MW,FR,FR,forecast_offshore_wind_generation,Wind Offshore,2026-05-26T14:20:23Z
2026-05-26T14:19:27Z,2026-05-26T16:19:27+0200,9d8474b6-9a07-4a7a-8e0f-b65ff32620de,2026-05-26T07:15:00Z,2026-05-26T09:15:00+0200,288.59998,MW,FR,FR,forecast_offshore_wind_generation,Wind Offshore,2026-05-26T14:20:23Z
2026-05-26T14:19:27Z,2026-05-26T16:19:27+0200,9d8474b6-9a07-4a7a-8e0f-b65ff32620de,2026-05-26T07:30:00Z,2026-05-26T09:30:00+0200,280.85004,MW,FR,FR,forecast_offshore_wind_generation,Wind Offshore,2026-05-26T14:20:23Z
2026-05-26T14:19:27Z,2026-05-26T16:19:27+0200,9d8474b6-9a07-4a7a-8e0f-b65ff32620de,2026-05-26T07:45:00Z,2026-05-26T09:45:00+0200,273.06003,MW,FR,FR,forecast_offshore_wind_generation,Wind Offshore,2026-05-26T14:20:23Z
2026-05-26T14:19:27Z,2026-05-26T16:19:27+0200,9d8474b6-9a07-4a7a-8e0f-b65ff32620de,2026-05-26T08:00:00Z,2026-05-26T10:00:00+0200,265.29004,MW,FR,FR,forecast_offshore_wind_generation,Wind Offshore,2026-05-26T14:20:23Z
2026-05-26T14:19:27Z,2026-05-26T16:19:27+0200,9d8474b6-9a07-4a7a-8e0f-b65ff32620de,2026-05-26T08:15:00Z,2026-05-26T10:15:00+0200,255.04001,MW,FR,FR,forecast_offshore_wind_generation,Wind Offshore,2026-05-26T14:20:23Z
2026-05-26T14:19:27Z,2026-05-26T16:19:27+0200,9d8474b6-9a07-4a7a-8e0f-b65ff32620de,2026-05-26T08:30:00Z,2026-05-26T10:30:00+0200,244.80002,MW,FR,FR,forecast_offshore_wind_generation,Wind Offshore,2026-05-26T14:20:23Z
2026-05-26T14:19:27Z,2026-05-26T16:19:27+0200,9d8474b6-9a07-4a7a-8e0f-b65ff32620de,2026-05-26T08:45:00Z,2026-05-26T10:45:00+0200,234.53,MW,FR,FR,forecast_offshore_wind_generation,Wind Offshore,2026-05-26T14:20:23Z
2026-05-26T14:19:27Z,2026-05-26T16:19:27+0200,9d8474b6-9a07-4a7a-8e0f-b65ff32620de,2026-05-26T09:00:00Z,2026-05-26T11:00:00+0200,224.27,MW,FR,FR,forecast_offshore_wind_generation,Wind Offshore,2026-05-26T14:20:23Z
2026-05-26T14:19:27Z,2026-05-26T16:19:27+0200,9d8474b6-9a07-4a7a-8e0f-b65ff32620de,2026-05-26T09:15:00Z,2026-05-26T11:15:00+0200,223.29999,MW,FR,FR,forecast_offshore_wind_generation,Wind Offshore,2026-05-26T14:20:23Z
2026-05-26T14:19:27Z,2026-05-26T16:19:27+0200,9d8474b6-9a07-4a7a-8e0f-b65ff32620de,2026-05-26T09:30:00Z,2026-05-26T11:30:00+0200,222.31001,MW,FR,FR,forecast_offshore_wind_generation,Wind Offshore,2026-05-26T14:20:23Z
2026-05-26T14:19:27Z,2026-05-26T16:19:27+0200,9d8474b6-9a07-4a7a-8e0f-b65ff32620de,2026-05-26T09:45:00Z,2026-05-26T11:45:00+0200,221.34,MW,FR,FR,forecast_offshore_wind_generation,Wind Offshore,2026-05-26T14:20:23Z
2026-05-26T14:19:27Z,2026-05-26T16:19:27+0200,9d8474b6-9a07-4a7a-8e0f-b65ff32620de,2026-05-26T10:00:00Z,2026-05-26T12:00:00+0200,220.36,MW,FR,FR,forecast_offshore_wind_generation,Wind Offshore,2026-05-26T14:20:23Z
2026-05-26T14:19:27Z,2026-05-26T16:19:27+0200,9d8474b6-9a07-4a7a-8e0f-b65ff32620de,2026-05-26T10:15:00Z,2026-05-26T12:15:00+0200,224.03,MW,FR,FR,forecast_offshore_wind_generation,Wind Offshore,2026-05-26T14:20:23Z
2026-05-26T14:19:27Z,2026-05-26T16:19:27+0200,9d8474b6-9a07-4a7a-8e0f-b65ff32620de,2026-05-26T10:30:00Z,2026-05-26T12:30:00+0200,227.66998,MW,FR,FR,forecast_offshore_wind_generation,Wind Offshore,2026-05-26T14:20:23Z
2026-05-26T14:19:27Z,2026-05-26T16:19:27+0200,9d8474b6-9a07-4a7a-8e0f-b65ff32620de,2026-05-26T10:45:00Z,2026-05-26T12:45:00+0200,231.32999,MW,FR,FR,forecast_offshore_wind_generation,Wind Offshore,2026-05-26T14:20:23Z
2026-05-26T14:19:27Z,2026-05-26T16:19:27+0200,9d8474b6-9a07-4a7a-8e0f-b65ff32620de,2026-05-26T11:00:00Z,2026-05-26T13:00:00+0200,234.97998,MW,FR,FR,forecast_offshore_wind_generation,Wind Offshore,2026-05-26T14:20:23Z
2026-05-26T14:19:27Z,2026-05-26T16:19:27+0200,9d8474b6-9a07-4a7a-8e0f-b65ff32620de,2026-05-26T11:15:00Z,2026-05-26T13:15:00+0200,197.25,MW,FR,FR,forecast_offshore_wind_generation,Wind Offshore,2026-05-26T14:20:23Z
2026-05-26T14:19:27Z,2026-05-26T16:19:27+0200,9d8474b6-9a07-4a7a-8e0f-b65ff32620de,2026-05-26T11:30:00Z,2026-05-26T13:30:00+0200,197.34999,MW,FR,FR,forecast_offshore_wind_generation,Wind Offshore,2026-05-26T14:20:23Z
2026-05-26T14:19:27Z,2026-05-26T16:19:27+0200,9d8474b6-9a07-4a7a-8e0f-b65ff32620de,2026-05-26T11:45:00Z,2026-05-26T13:45:00+0200,197.45999,MW,FR,FR,forecast_offshore_wind_generation,Wind Offshore,2026-05-26T14:20:23Z
2026-05-26T14:19:27Z,2026-05-26T16:19:27+0200,9d8474b6-9a07-4a7a-8e0f-b65ff32620de,2026-05-26T12:00:00Z,2026-05-26T14:00:00+0200,197.57001,MW,FR,FR,forecast_offshore_wind_generation,Wind Offshore,2026-05-26T14:20:23Z
2026-05-26T14:19:27Z,2026-05-26T16:19:27+0200,9d8474b6-9a07-4a7a-8e0f-b65ff32620de,2026-05-26T12:15:00Z,2026-05-26T14:15:00+0200,193.8,MW,FR,FR,forecast_offshore_wind_generation,Wind Offshore,2026-05-26T14:20:23Z
2026-05-26T14:19:27Z,2026-05-26T16:19:27+0200,9d8474b6-9a07-4a7a-8e0f-b65ff32620de,2026-05-26T12:30:00Z,2026-05-26T14:30:00+0200,190.04001,MW,FR,FR,forecast_offshore_wind_generation,Wind Offshore,2026-05-26T14:20:23Z
2026-05-26T14:19:27Z,2026-05-26T16:19:27+0200,9d8474b6-9a07-4a7a-8e0f-b65ff32620de,2026-05-26T12:45:00Z,2026-05-26T14:45:00+0200,186.28999,MW,FR,FR,forecast_offshore_wind_generation,Wind Offshore,2026-05-26T14:20:23Z
2026-05-26T14:19:27Z,2026-05-26T16:19:27+0200,9d8474b6-9a07-4a7a-8e0f-b65ff32620de,2026-05-26T13:00:00Z,2026-05-26T15:00:00+0200,235.95999,MW,FR,FR,forecast_offshore_wind_generation,Wind Offshore,2026-05-26T14:20:23Z
2026-05-26T14:19:27Z,2026-05-26T16:19:27+0200,9d8474b6-9a07-4a7a-8e0f-b65ff32620de,2026-05-26T13:15:00Z,2026-05-26T15:15:00+0200,236.98,MW,FR,FR,forecast_offshore_wind_generation,Wind Offshore,2026-05-26T14:20:23Z
2026-05-26T14:19:27Z,2026-05-26T16:19:27+0200,9d8474b6-9a07-4a7a-8e0f-b65ff32620de,2026-05-26T13:30:00Z,2026-05-26T15:30:00+0200,237.98001,MW,FR,FR,forecast_offshore_wind_generation,Wind Offshore,2026-05-26T14:20:23Z
2026-05-26T14:19:27Z,2026-05-26T16:19:27+0200,9d8474b6-9a07-4a7a-8e0f-b65ff32620de,2026-05-26T13:45:00Z,2026-05-26T15:45:00+0200,239.0,MW,FR,FR,forecast_offshore_wind_generation,Wind Offshore,2026-05-26T14:20:23Z
