collection_time_utc,collection_time_local,run_id,timestamp_utc,timestamp_local,value,unit,country,entsoe_area,variable,source,updated_at_utc
2026-07-17T04:54:16Z,2026-07-17T06:54:16+0200,4e64d4d3-e4bc-4728-8eea-52acf8983738,2026-06-16T05:00:00Z,2026-06-16T07:00:00+0200,2770.16,MW,FR,FR,actual_onshore_wind_generation,Wind Onshore,2026-07-17T04:55:04Z
2026-07-17T04:54:16Z,2026-07-17T06:54:16+0200,4e64d4d3-e4bc-4728-8eea-52acf8983738,2026-06-16T05:15:00Z,2026-06-16T07:15:00+0200,2721.42,MW,FR,FR,actual_onshore_wind_generation,Wind Onshore,2026-07-17T04:55:04Z
2026-07-17T04:54:16Z,2026-07-17T06:54:16+0200,4e64d4d3-e4bc-4728-8eea-52acf8983738,2026-06-16T05:30:00Z,2026-06-16T07:30:00+0200,2713.33,MW,FR,FR,actual_onshore_wind_generation,Wind Onshore,2026-07-17T04:55:04Z
2026-07-17T04:54:16Z,2026-07-17T06:54:16+0200,4e64d4d3-e4bc-4728-8eea-52acf8983738,2026-06-16T05:45:00Z,2026-06-16T07:45:00+0200,2749.2,MW,FR,FR,actual_onshore_wind_generation,Wind Onshore,2026-07-17T04:55:04Z
2026-07-17T04:54:16Z,2026-07-17T06:54:16+0200,4e64d4d3-e4bc-4728-8eea-52acf8983738,2026-06-16T06:00:00Z,2026-06-16T08:00:00+0200,2906.46,MW,FR,FR,actual_onshore_wind_generation,Wind Onshore,2026-07-17T04:55:04Z
2026-07-17T04:54:16Z,2026-07-17T06:54:16+0200,4e64d4d3-e4bc-4728-8eea-52acf8983738,2026-06-16T06:15:00Z,2026-06-16T08:15:00+0200,3090.95,MW,FR,FR,actual_onshore_wind_generation,Wind Onshore,2026-07-17T04:55:04Z
2026-07-17T04:54:16Z,2026-07-17T06:54:16+0200,4e64d4d3-e4bc-4728-8eea-52acf8983738,2026-06-16T06:30:00Z,2026-06-16T08:30:00+0200,3058.15,MW,FR,FR,actual_onshore_wind_generation,Wind Onshore,2026-07-17T04:55:04Z
2026-07-17T04:54:16Z,2026-07-17T06:54:16+0200,4e64d4d3-e4bc-4728-8eea-52acf8983738,2026-06-16T06:45:00Z,2026-06-16T08:45:00+0200,2821.0,MW,FR,FR,actual_onshore_wind_generation,Wind Onshore,2026-07-17T04:55:04Z
2026-07-17T04:54:16Z,2026-07-17T06:54:16+0200,4e64d4d3-e4bc-4728-8eea-52acf8983738,2026-06-16T07:00:00Z,2026-06-16T09:00:00+0200,2615.23,MW,FR,FR,actual_onshore_wind_generation,Wind Onshore,2026-07-17T04:55:04Z
2026-07-17T04:54:16Z,2026-07-17T06:54:16+0200,4e64d4d3-e4bc-4728-8eea-52acf8983738,2026-06-16T07:15:00Z,2026-06-16T09:15:00+0200,2537.73,MW,FR,FR,actual_onshore_wind_generation,Wind Onshore,2026-07-17T04:55:04Z
2026-07-17T04:54:16Z,2026-07-17T06:54:16+0200,4e64d4d3-e4bc-4728-8eea-52acf8983738,2026-06-16T07:30:00Z,2026-06-16T09:30:00+0200,2472.42,MW,FR,FR,actual_onshore_wind_generation,Wind Onshore,2026-07-17T04:55:04Z
2026-07-17T04:54:16Z,2026-07-17T06:54:16+0200,4e64d4d3-e4bc-4728-8eea-52acf8983738,2026-06-16T07:45:00Z,2026-06-16T09:45:00+0200,2379.59,MW,FR,FR,actual_onshore_wind_generation,Wind Onshore,2026-07-17T04:55:04Z
2026-07-17T04:54:16Z,2026-07-17T06:54:16+0200,4e64d4d3-e4bc-4728-8eea-52acf8983738,2026-06-16T08:00:00Z,2026-06-16T10:00:00+0200,2281.62,MW,FR,FR,actual_onshore_wind_generation,Wind Onshore,2026-07-17T04:55:04Z
2026-07-17T04:54:16Z,2026-07-17T06:54:16+0200,4e64d4d3-e4bc-4728-8eea-52acf8983738,2026-06-16T08:15:00Z,2026-06-16T10:15:00+0200,2096.74,MW,FR,FR,actual_onshore_wind_generation,Wind Onshore,2026-07-17T04:55:04Z
2026-07-17T04:54:16Z,2026-07-17T06:54:16+0200,4e64d4d3-e4bc-4728-8eea-52acf8983738,2026-06-16T08:30:00Z,2026-06-16T10:30:00+0200,1847.04,MW,FR,FR,actual_onshore_wind_generation,Wind Onshore,2026-07-17T04:55:04Z
2026-07-17T04:54:16Z,2026-07-17T06:54:16+0200,4e64d4d3-e4bc-4728-8eea-52acf8983738,2026-06-16T08:45:00Z,2026-06-16T10:45:00+0200,2018.62,MW,FR,FR,actual_onshore_wind_generation,Wind Onshore,2026-07-17T04:55:04Z
2026-07-17T04:54:16Z,2026-07-17T06:54:16+0200,4e64d4d3-e4bc-4728-8eea-52acf8983738,2026-06-16T09:00:00Z,2026-06-16T11:00:00+0200,2094.0,MW,FR,FR,actual_onshore_wind_generation,Wind Onshore,2026-07-17T04:55:04Z
2026-07-17T04:54:16Z,2026-07-17T06:54:16+0200,4e64d4d3-e4bc-4728-8eea-52acf8983738,2026-06-16T09:15:00Z,2026-06-16T11:15:00+0200,2084.1,MW,FR,FR,actual_onshore_wind_generation,Wind Onshore,2026-07-17T04:55:04Z
2026-07-17T04:54:16Z,2026-07-17T06:54:16+0200,4e64d4d3-e4bc-4728-8eea-52acf8983738,2026-06-16T09:30:00Z,2026-06-16T11:30:00+0200,2200.49,MW,FR,FR,actual_onshore_wind_generation,Wind Onshore,2026-07-17T04:55:04Z
2026-07-17T04:54:16Z,2026-07-17T06:54:16+0200,4e64d4d3-e4bc-4728-8eea-52acf8983738,2026-06-16T09:45:00Z,2026-06-16T11:45:00+0200,2257.33,MW,FR,FR,actual_onshore_wind_generation,Wind Onshore,2026-07-17T04:55:04Z
2026-07-17T04:54:16Z,2026-07-17T06:54:16+0200,4e64d4d3-e4bc-4728-8eea-52acf8983738,2026-06-16T10:00:00Z,2026-06-16T12:00:00+0200,2300.25,MW,FR,FR,actual_onshore_wind_generation,Wind Onshore,2026-07-17T04:55:04Z
2026-07-17T04:54:16Z,2026-07-17T06:54:16+0200,4e64d4d3-e4bc-4728-8eea-52acf8983738,2026-06-16T10:15:00Z,2026-06-16T12:15:00+0200,2361.65,MW,FR,FR,actual_onshore_wind_generation,Wind Onshore,2026-07-17T04:55:04Z
2026-07-17T04:54:16Z,2026-07-17T06:54:16+0200,4e64d4d3-e4bc-4728-8eea-52acf8983738,2026-06-16T10:30:00Z,2026-06-16T12:30:00+0200,2472.11,MW,FR,FR,actual_onshore_wind_generation,Wind Onshore,2026-07-17T04:55:04Z
2026-07-17T04:54:16Z,2026-07-17T06:54:16+0200,4e64d4d3-e4bc-4728-8eea-52acf8983738,2026-06-16T10:45:00Z,2026-06-16T12:45:00+0200,2583.35,MW,FR,FR,actual_onshore_wind_generation,Wind Onshore,2026-07-17T04:55:04Z
2026-07-17T04:54:16Z,2026-07-17T06:54:16+0200,4e64d4d3-e4bc-4728-8eea-52acf8983738,2026-06-16T11:00:00Z,2026-06-16T13:00:00+0200,2554.3,MW,FR,FR,actual_onshore_wind_generation,Wind Onshore,2026-07-17T04:55:04Z
2026-07-17T04:54:16Z,2026-07-17T06:54:16+0200,4e64d4d3-e4bc-4728-8eea-52acf8983738,2026-06-16T11:15:00Z,2026-06-16T13:15:00+0200,2618.06,MW,FR,FR,actual_onshore_wind_generation,Wind Onshore,2026-07-17T04:55:04Z
2026-07-17T04:54:16Z,2026-07-17T06:54:16+0200,4e64d4d3-e4bc-4728-8eea-52acf8983738,2026-06-16T11:30:00Z,2026-06-16T13:30:00+0200,2991.03,MW,FR,FR,actual_onshore_wind_generation,Wind Onshore,2026-07-17T04:55:04Z
2026-07-17T04:54:16Z,2026-07-17T06:54:16+0200,4e64d4d3-e4bc-4728-8eea-52acf8983738,2026-06-16T11:45:00Z,2026-06-16T13:45:00+0200,3216.2,MW,FR,FR,actual_onshore_wind_generation,Wind Onshore,2026-07-17T04:55:04Z
2026-07-17T04:54:16Z,2026-07-17T06:54:16+0200,4e64d4d3-e4bc-4728-8eea-52acf8983738,2026-06-16T12:00:00Z,2026-06-16T14:00:00+0200,3438.24,MW,FR,FR,actual_onshore_wind_generation,Wind Onshore,2026-07-17T04:55:04Z
2026-07-17T04:54:16Z,2026-07-17T06:54:16+0200,4e64d4d3-e4bc-4728-8eea-52acf8983738,2026-06-16T12:15:00Z,2026-06-16T14:15:00+0200,3630.99,MW,FR,FR,actual_onshore_wind_generation,Wind Onshore,2026-07-17T04:55:04Z
2026-07-17T04:54:16Z,2026-07-17T06:54:16+0200,4e64d4d3-e4bc-4728-8eea-52acf8983738,2026-06-16T12:30:00Z,2026-06-16T14:30:00+0200,3809.43,MW,FR,FR,actual_onshore_wind_generation,Wind Onshore,2026-07-17T04:55:04Z
2026-07-17T04:54:16Z,2026-07-17T06:54:16+0200,4e64d4d3-e4bc-4728-8eea-52acf8983738,2026-06-16T12:45:00Z,2026-06-16T14:45:00+0200,3857.12,MW,FR,FR,actual_onshore_wind_generation,Wind Onshore,2026-07-17T04:55:04Z
2026-07-17T04:54:16Z,2026-07-17T06:54:16+0200,4e64d4d3-e4bc-4728-8eea-52acf8983738,2026-06-16T13:00:00Z,2026-06-16T15:00:00+0200,3883.54,MW,FR,FR,actual_onshore_wind_generation,Wind Onshore,2026-07-17T04:55:04Z
2026-07-17T04:54:16Z,2026-07-17T06:54:16+0200,4e64d4d3-e4bc-4728-8eea-52acf8983738,2026-06-16T13:15:00Z,2026-06-16T15:15:00+0200,3905.82,MW,FR,FR,actual_onshore_wind_generation,Wind Onshore,2026-07-17T04:55:04Z
2026-07-17T04:54:16Z,2026-07-17T06:54:16+0200,4e64d4d3-e4bc-4728-8eea-52acf8983738,2026-06-16T13:30:00Z,2026-06-16T15:30:00+0200,3881.42,MW,FR,FR,actual_onshore_wind_generation,Wind Onshore,2026-07-17T04:55:04Z
2026-07-17T04:54:16Z,2026-07-17T06:54:16+0200,4e64d4d3-e4bc-4728-8eea-52acf8983738,2026-06-16T13:45:00Z,2026-06-16T15:45:00+0200,3789.47,MW,FR,FR,actual_onshore_wind_generation,Wind Onshore,2026-07-17T04:55:04Z
2026-07-17T04:54:16Z,2026-07-17T06:54:16+0200,4e64d4d3-e4bc-4728-8eea-52acf8983738,2026-06-16T14:00:00Z,2026-06-16T16:00:00+0200,3792.49,MW,FR,FR,actual_onshore_wind_generation,Wind Onshore,2026-07-17T04:55:04Z
2026-07-17T04:54:16Z,2026-07-17T06:54:16+0200,4e64d4d3-e4bc-4728-8eea-52acf8983738,2026-06-16T14:15:00Z,2026-06-16T16:15:00+0200,3815.88,MW,FR,FR,actual_onshore_wind_generation,Wind Onshore,2026-07-17T04:55:04Z
2026-07-17T04:54:16Z,2026-07-17T06:54:16+0200,4e64d4d3-e4bc-4728-8eea-52acf8983738,2026-06-16T14:30:00Z,2026-06-16T16:30:00+0200,3793.79,MW,FR,FR,actual_onshore_wind_generation,Wind Onshore,2026-07-17T04:55:04Z
2026-07-17T04:54:16Z,2026-07-17T06:54:16+0200,4e64d4d3-e4bc-4728-8eea-52acf8983738,2026-06-16T14:45:00Z,2026-06-16T16:45:00+0200,3732.05,MW,FR,FR,actual_onshore_wind_generation,Wind Onshore,2026-07-17T04:55:04Z
2026-07-17T04:54:16Z,2026-07-17T06:54:16+0200,4e64d4d3-e4bc-4728-8eea-52acf8983738,2026-06-16T15:00:00Z,2026-06-16T17:00:00+0200,3660.6,MW,FR,FR,actual_onshore_wind_generation,Wind Onshore,2026-07-17T04:55:04Z
2026-07-17T04:54:16Z,2026-07-17T06:54:16+0200,4e64d4d3-e4bc-4728-8eea-52acf8983738,2026-06-16T15:15:00Z,2026-06-16T17:15:00+0200,3546.05,MW,FR,FR,actual_onshore_wind_generation,Wind Onshore,2026-07-17T04:55:04Z
2026-07-17T04:54:16Z,2026-07-17T06:54:16+0200,4e64d4d3-e4bc-4728-8eea-52acf8983738,2026-06-16T15:30:00Z,2026-06-16T17:30:00+0200,3421.96,MW,FR,FR,actual_onshore_wind_generation,Wind Onshore,2026-07-17T04:55:04Z
2026-07-17T04:54:16Z,2026-07-17T06:54:16+0200,4e64d4d3-e4bc-4728-8eea-52acf8983738,2026-06-16T15:45:00Z,2026-06-16T17:45:00+0200,3298.51,MW,FR,FR,actual_onshore_wind_generation,Wind Onshore,2026-07-17T04:55:04Z
2026-07-17T04:54:16Z,2026-07-17T06:54:16+0200,4e64d4d3-e4bc-4728-8eea-52acf8983738,2026-06-16T16:00:00Z,2026-06-16T18:00:00+0200,3198.28,MW,FR,FR,actual_onshore_wind_generation,Wind Onshore,2026-07-17T04:55:04Z
2026-07-17T04:54:16Z,2026-07-17T06:54:16+0200,4e64d4d3-e4bc-4728-8eea-52acf8983738,2026-06-16T16:15:00Z,2026-06-16T18:15:00+0200,3059.2,MW,FR,FR,actual_onshore_wind_generation,Wind Onshore,2026-07-17T04:55:04Z
2026-07-17T04:54:16Z,2026-07-17T06:54:16+0200,4e64d4d3-e4bc-4728-8eea-52acf8983738,2026-06-16T16:30:00Z,2026-06-16T18:30:00+0200,2992.0,MW,FR,FR,actual_onshore_wind_generation,Wind Onshore,2026-07-17T04:55:04Z
2026-07-17T04:54:16Z,2026-07-17T06:54:16+0200,4e64d4d3-e4bc-4728-8eea-52acf8983738,2026-06-16T16:45:00Z,2026-06-16T18:45:00+0200,2873.83,MW,FR,FR,actual_onshore_wind_generation,Wind Onshore,2026-07-17T04:55:04Z
2026-07-17T04:54:16Z,2026-07-17T06:54:16+0200,4e64d4d3-e4bc-4728-8eea-52acf8983738,2026-06-16T17:00:00Z,2026-06-16T19:00:00+0200,2844.15,MW,FR,FR,actual_onshore_wind_generation,Wind Onshore,2026-07-17T04:55:04Z
2026-07-17T04:54:16Z,2026-07-17T06:54:16+0200,4e64d4d3-e4bc-4728-8eea-52acf8983738,2026-06-16T17:15:00Z,2026-06-16T19:15:00+0200,2729.88,MW,FR,FR,actual_onshore_wind_generation,Wind Onshore,2026-07-17T04:55:04Z
2026-07-17T04:54:16Z,2026-07-17T06:54:16+0200,4e64d4d3-e4bc-4728-8eea-52acf8983738,2026-06-16T17:30:00Z,2026-06-16T19:30:00+0200,2609.91,MW,FR,FR,actual_onshore_wind_generation,Wind Onshore,2026-07-17T04:55:04Z
2026-07-17T04:54:16Z,2026-07-17T06:54:16+0200,4e64d4d3-e4bc-4728-8eea-52acf8983738,2026-06-16T17:45:00Z,2026-06-16T19:45:00+0200,2501.68,MW,FR,FR,actual_onshore_wind_generation,Wind Onshore,2026-07-17T04:55:04Z
2026-07-17T04:54:16Z,2026-07-17T06:54:16+0200,4e64d4d3-e4bc-4728-8eea-52acf8983738,2026-06-16T18:00:00Z,2026-06-16T20:00:00+0200,2403.49,MW,FR,FR,actual_onshore_wind_generation,Wind Onshore,2026-07-17T04:55:04Z
2026-07-17T04:54:16Z,2026-07-17T06:54:16+0200,4e64d4d3-e4bc-4728-8eea-52acf8983738,2026-06-16T18:15:00Z,2026-06-16T20:15:00+0200,2254.54,MW,FR,FR,actual_onshore_wind_generation,Wind Onshore,2026-07-17T04:55:04Z
2026-07-17T04:54:16Z,2026-07-17T06:54:16+0200,4e64d4d3-e4bc-4728-8eea-52acf8983738,2026-06-16T18:30:00Z,2026-06-16T20:30:00+0200,2169.81,MW,FR,FR,actual_onshore_wind_generation,Wind Onshore,2026-07-17T04:55:04Z
2026-07-17T04:54:16Z,2026-07-17T06:54:16+0200,4e64d4d3-e4bc-4728-8eea-52acf8983738,2026-06-16T18:45:00Z,2026-06-16T20:45:00+0200,2147.21,MW,FR,FR,actual_onshore_wind_generation,Wind Onshore,2026-07-17T04:55:04Z
2026-07-17T04:54:16Z,2026-07-17T06:54:16+0200,4e64d4d3-e4bc-4728-8eea-52acf8983738,2026-06-16T19:00:00Z,2026-06-16T21:00:00+0200,2084.9,MW,FR,FR,actual_onshore_wind_generation,Wind Onshore,2026-07-17T04:55:04Z
2026-07-17T04:54:16Z,2026-07-17T06:54:16+0200,4e64d4d3-e4bc-4728-8eea-52acf8983738,2026-06-16T19:15:00Z,2026-06-16T21:15:00+0200,2076.65,MW,FR,FR,actual_onshore_wind_generation,Wind Onshore,2026-07-17T04:55:04Z
2026-07-17T04:54:16Z,2026-07-17T06:54:16+0200,4e64d4d3-e4bc-4728-8eea-52acf8983738,2026-06-16T19:30:00Z,2026-06-16T21:30:00+0200,2090.56,MW,FR,FR,actual_onshore_wind_generation,Wind Onshore,2026-07-17T04:55:04Z
2026-07-17T04:54:16Z,2026-07-17T06:54:16+0200,4e64d4d3-e4bc-4728-8eea-52acf8983738,2026-06-16T19:45:00Z,2026-06-16T21:45:00+0200,2027.13,MW,FR,FR,actual_onshore_wind_generation,Wind Onshore,2026-07-17T04:55:04Z
2026-07-17T04:54:16Z,2026-07-17T06:54:16+0200,4e64d4d3-e4bc-4728-8eea-52acf8983738,2026-06-16T20:00:00Z,2026-06-16T22:00:00+0200,1957.11,MW,FR,FR,actual_onshore_wind_generation,Wind Onshore,2026-07-17T04:55:04Z
2026-07-17T04:54:16Z,2026-07-17T06:54:16+0200,4e64d4d3-e4bc-4728-8eea-52acf8983738,2026-06-16T20:15:00Z,2026-06-16T22:15:00+0200,1930.03,MW,FR,FR,actual_onshore_wind_generation,Wind Onshore,2026-07-17T04:55:04Z
2026-07-17T04:54:16Z,2026-07-17T06:54:16+0200,4e64d4d3-e4bc-4728-8eea-52acf8983738,2026-06-16T20:30:00Z,2026-06-16T22:30:00+0200,1929.76,MW,FR,FR,actual_onshore_wind_generation,Wind Onshore,2026-07-17T04:55:04Z
2026-07-17T04:54:16Z,2026-07-17T06:54:16+0200,4e64d4d3-e4bc-4728-8eea-52acf8983738,2026-06-16T20:45:00Z,2026-06-16T22:45:00+0200,1908.15,MW,FR,FR,actual_onshore_wind_generation,Wind Onshore,2026-07-17T04:55:04Z
2026-07-17T04:54:16Z,2026-07-17T06:54:16+0200,4e64d4d3-e4bc-4728-8eea-52acf8983738,2026-06-16T21:00:00Z,2026-06-16T23:00:00+0200,1849.12,MW,FR,FR,actual_onshore_wind_generation,Wind Onshore,2026-07-17T04:55:04Z
2026-07-17T04:54:16Z,2026-07-17T06:54:16+0200,4e64d4d3-e4bc-4728-8eea-52acf8983738,2026-06-16T21:15:00Z,2026-06-16T23:15:00+0200,1791.65,MW,FR,FR,actual_onshore_wind_generation,Wind Onshore,2026-07-17T04:55:04Z
2026-07-17T04:54:16Z,2026-07-17T06:54:16+0200,4e64d4d3-e4bc-4728-8eea-52acf8983738,2026-06-16T21:30:00Z,2026-06-16T23:30:00+0200,1756.58,MW,FR,FR,actual_onshore_wind_generation,Wind Onshore,2026-07-17T04:55:04Z
2026-07-17T04:54:16Z,2026-07-17T06:54:16+0200,4e64d4d3-e4bc-4728-8eea-52acf8983738,2026-06-16T21:45:00Z,2026-06-16T23:45:00+0200,1731.78,MW,FR,FR,actual_onshore_wind_generation,Wind Onshore,2026-07-17T04:55:04Z
2026-07-17T04:54:16Z,2026-07-17T06:54:16+0200,4e64d4d3-e4bc-4728-8eea-52acf8983738,2026-06-16T22:00:00Z,2026-06-17T00:00:00+0200,1720.99,MW,FR,FR,actual_onshore_wind_generation,Wind Onshore,2026-07-17T04:55:04Z
2026-07-17T04:54:16Z,2026-07-17T06:54:16+0200,4e64d4d3-e4bc-4728-8eea-52acf8983738,2026-06-16T22:15:00Z,2026-06-17T00:15:00+0200,1690.73,MW,FR,FR,actual_onshore_wind_generation,Wind Onshore,2026-07-17T04:55:04Z
2026-07-17T04:54:16Z,2026-07-17T06:54:16+0200,4e64d4d3-e4bc-4728-8eea-52acf8983738,2026-06-16T22:30:00Z,2026-06-17T00:30:00+0200,1641.13,MW,FR,FR,actual_onshore_wind_generation,Wind Onshore,2026-07-17T04:55:04Z
2026-07-17T04:54:16Z,2026-07-17T06:54:16+0200,4e64d4d3-e4bc-4728-8eea-52acf8983738,2026-06-16T22:45:00Z,2026-06-17T00:45:00+0200,1561.87,MW,FR,FR,actual_onshore_wind_generation,Wind Onshore,2026-07-17T04:55:04Z
2026-07-17T04:54:16Z,2026-07-17T06:54:16+0200,4e64d4d3-e4bc-4728-8eea-52acf8983738,2026-06-16T23:00:00Z,2026-06-17T01:00:00+0200,1501.65,MW,FR,FR,actual_onshore_wind_generation,Wind Onshore,2026-07-17T04:55:04Z
2026-07-17T04:54:16Z,2026-07-17T06:54:16+0200,4e64d4d3-e4bc-4728-8eea-52acf8983738,2026-06-16T23:15:00Z,2026-06-17T01:15:00+0200,1441.98,MW,FR,FR,actual_onshore_wind_generation,Wind Onshore,2026-07-17T04:55:04Z
2026-07-17T04:54:16Z,2026-07-17T06:54:16+0200,4e64d4d3-e4bc-4728-8eea-52acf8983738,2026-06-16T23:30:00Z,2026-06-17T01:30:00+0200,1423.42,MW,FR,FR,actual_onshore_wind_generation,Wind Onshore,2026-07-17T04:55:04Z
2026-07-17T04:54:16Z,2026-07-17T06:54:16+0200,4e64d4d3-e4bc-4728-8eea-52acf8983738,2026-06-16T23:45:00Z,2026-06-17T01:45:00+0200,1390.96,MW,FR,FR,actual_onshore_wind_generation,Wind Onshore,2026-07-17T04:55:04Z
2026-07-17T04:54:16Z,2026-07-17T06:54:16+0200,4e64d4d3-e4bc-4728-8eea-52acf8983738,2026-06-17T00:00:00Z,2026-06-17T02:00:00+0200,1318.13,MW,FR,FR,actual_onshore_wind_generation,Wind Onshore,2026-07-17T04:55:04Z
2026-07-17T04:54:16Z,2026-07-17T06:54:16+0200,4e64d4d3-e4bc-4728-8eea-52acf8983738,2026-06-17T00:15:00Z,2026-06-17T02:15:00+0200,1230.36,MW,FR,FR,actual_onshore_wind_generation,Wind Onshore,2026-07-17T04:55:04Z
2026-07-17T04:54:16Z,2026-07-17T06:54:16+0200,4e64d4d3-e4bc-4728-8eea-52acf8983738,2026-06-17T00:30:00Z,2026-06-17T02:30:00+0200,1155.71,MW,FR,FR,actual_onshore_wind_generation,Wind Onshore,2026-07-17T04:55:04Z
2026-07-17T04:54:16Z,2026-07-17T06:54:16+0200,4e64d4d3-e4bc-4728-8eea-52acf8983738,2026-06-17T00:45:00Z,2026-06-17T02:45:00+0200,1083.7,MW,FR,FR,actual_onshore_wind_generation,Wind Onshore,2026-07-17T04:55:04Z
2026-07-17T04:54:16Z,2026-07-17T06:54:16+0200,4e64d4d3-e4bc-4728-8eea-52acf8983738,2026-06-17T01:00:00Z,2026-06-17T03:00:00+0200,1029.91,MW,FR,FR,actual_onshore_wind_generation,Wind Onshore,2026-07-17T04:55:04Z
2026-07-17T04:54:16Z,2026-07-17T06:54:16+0200,4e64d4d3-e4bc-4728-8eea-52acf8983738,2026-06-17T01:15:00Z,2026-06-17T03:15:00+0200,1002.04,MW,FR,FR,actual_onshore_wind_generation,Wind Onshore,2026-07-17T04:55:04Z
2026-07-17T04:54:16Z,2026-07-17T06:54:16+0200,4e64d4d3-e4bc-4728-8eea-52acf8983738,2026-06-17T01:30:00Z,2026-06-17T03:30:00+0200,985.57,MW,FR,FR,actual_onshore_wind_generation,Wind Onshore,2026-07-17T04:55:04Z
2026-07-17T04:54:16Z,2026-07-17T06:54:16+0200,4e64d4d3-e4bc-4728-8eea-52acf8983738,2026-06-17T01:45:00Z,2026-06-17T03:45:00+0200,957.14,MW,FR,FR,actual_onshore_wind_generation,Wind Onshore,2026-07-17T04:55:04Z
2026-07-17T04:54:16Z,2026-07-17T06:54:16+0200,4e64d4d3-e4bc-4728-8eea-52acf8983738,2026-06-17T02:00:00Z,2026-06-17T04:00:00+0200,967.5,MW,FR,FR,actual_onshore_wind_generation,Wind Onshore,2026-07-17T04:55:04Z
2026-07-17T04:54:16Z,2026-07-17T06:54:16+0200,4e64d4d3-e4bc-4728-8eea-52acf8983738,2026-06-17T02:15:00Z,2026-06-17T04:15:00+0200,967.62,MW,FR,FR,actual_onshore_wind_generation,Wind Onshore,2026-07-17T04:55:04Z
2026-07-17T04:54:16Z,2026-07-17T06:54:16+0200,4e64d4d3-e4bc-4728-8eea-52acf8983738,2026-06-17T02:30:00Z,2026-06-17T04:30:00+0200,968.07,MW,FR,FR,actual_onshore_wind_generation,Wind Onshore,2026-07-17T04:55:04Z
2026-07-17T04:54:16Z,2026-07-17T06:54:16+0200,4e64d4d3-e4bc-4728-8eea-52acf8983738,2026-06-17T02:45:00Z,2026-06-17T04:45:00+0200,965.4,MW,FR,FR,actual_onshore_wind_generation,Wind Onshore,2026-07-17T04:55:04Z
2026-07-17T04:54:16Z,2026-07-17T06:54:16+0200,4e64d4d3-e4bc-4728-8eea-52acf8983738,2026-06-17T03:00:00Z,2026-06-17T05:00:00+0200,993.74,MW,FR,FR,actual_onshore_wind_generation,Wind Onshore,2026-07-17T04:55:04Z
2026-07-17T04:54:16Z,2026-07-17T06:54:16+0200,4e64d4d3-e4bc-4728-8eea-52acf8983738,2026-06-17T03:15:00Z,2026-06-17T05:15:00+0200,986.91,MW,FR,FR,actual_onshore_wind_generation,Wind Onshore,2026-07-17T04:55:04Z
2026-07-17T04:54:16Z,2026-07-17T06:54:16+0200,4e64d4d3-e4bc-4728-8eea-52acf8983738,2026-06-17T03:30:00Z,2026-06-17T05:30:00+0200,990.15,MW,FR,FR,actual_onshore_wind_generation,Wind Onshore,2026-07-17T04:55:04Z
2026-07-17T04:54:16Z,2026-07-17T06:54:16+0200,4e64d4d3-e4bc-4728-8eea-52acf8983738,2026-06-17T03:45:00Z,2026-06-17T05:45:00+0200,995.64,MW,FR,FR,actual_onshore_wind_generation,Wind Onshore,2026-07-17T04:55:04Z
2026-07-17T04:54:16Z,2026-07-17T06:54:16+0200,4e64d4d3-e4bc-4728-8eea-52acf8983738,2026-06-17T04:00:00Z,2026-06-17T06:00:00+0200,952.16,MW,FR,FR,actual_onshore_wind_generation,Wind Onshore,2026-07-17T04:55:04Z
2026-07-17T04:54:16Z,2026-07-17T06:54:16+0200,4e64d4d3-e4bc-4728-8eea-52acf8983738,2026-06-17T04:15:00Z,2026-06-17T06:15:00+0200,955.41,MW,FR,FR,actual_onshore_wind_generation,Wind Onshore,2026-07-17T04:55:04Z
2026-07-17T04:54:16Z,2026-07-17T06:54:16+0200,4e64d4d3-e4bc-4728-8eea-52acf8983738,2026-06-17T04:30:00Z,2026-06-17T06:30:00+0200,950.56,MW,FR,FR,actual_onshore_wind_generation,Wind Onshore,2026-07-17T04:55:04Z
2026-07-17T04:54:16Z,2026-07-17T06:54:16+0200,4e64d4d3-e4bc-4728-8eea-52acf8983738,2026-06-17T04:45:00Z,2026-06-17T06:45:00+0200,949.45,MW,FR,FR,actual_onshore_wind_generation,Wind Onshore,2026-07-17T04:55:04Z
2026-07-17T04:54:16Z,2026-07-17T06:54:16+0200,4e64d4d3-e4bc-4728-8eea-52acf8983738,2026-06-17T05:00:00Z,2026-06-17T07:00:00+0200,952.69,MW,FR,FR,actual_onshore_wind_generation,Wind Onshore,2026-07-17T04:55:04Z
2026-07-17T04:54:16Z,2026-07-17T06:54:16+0200,4e64d4d3-e4bc-4728-8eea-52acf8983738,2026-06-17T05:15:00Z,2026-06-17T07:15:00+0200,952.81,MW,FR,FR,actual_onshore_wind_generation,Wind Onshore,2026-07-17T04:55:04Z
2026-07-17T04:54:16Z,2026-07-17T06:54:16+0200,4e64d4d3-e4bc-4728-8eea-52acf8983738,2026-06-17T05:30:00Z,2026-06-17T07:30:00+0200,923.5,MW,FR,FR,actual_onshore_wind_generation,Wind Onshore,2026-07-17T04:55:04Z
2026-07-17T04:54:16Z,2026-07-17T06:54:16+0200,4e64d4d3-e4bc-4728-8eea-52acf8983738,2026-06-17T05:45:00Z,2026-06-17T07:45:00+0200,879.54,MW,FR,FR,actual_onshore_wind_generation,Wind Onshore,2026-07-17T04:55:04Z
2026-07-17T04:54:16Z,2026-07-17T06:54:16+0200,4e64d4d3-e4bc-4728-8eea-52acf8983738,2026-06-17T06:00:00Z,2026-06-17T08:00:00+0200,832.33,MW,FR,FR,actual_onshore_wind_generation,Wind Onshore,2026-07-17T04:55:04Z
2026-07-17T04:54:16Z,2026-07-17T06:54:16+0200,4e64d4d3-e4bc-4728-8eea-52acf8983738,2026-06-17T06:15:00Z,2026-06-17T08:15:00+0200,790.26,MW,FR,FR,actual_onshore_wind_generation,Wind Onshore,2026-07-17T04:55:04Z
2026-07-17T04:54:16Z,2026-07-17T06:54:16+0200,4e64d4d3-e4bc-4728-8eea-52acf8983738,2026-06-17T06:30:00Z,2026-06-17T08:30:00+0200,743.29,MW,FR,FR,actual_onshore_wind_generation,Wind Onshore,2026-07-17T04:55:04Z
2026-07-17T04:54:16Z,2026-07-17T06:54:16+0200,4e64d4d3-e4bc-4728-8eea-52acf8983738,2026-06-17T06:45:00Z,2026-06-17T08:45:00+0200,712.2,MW,FR,FR,actual_onshore_wind_generation,Wind Onshore,2026-07-17T04:55:04Z
2026-07-17T04:54:16Z,2026-07-17T06:54:16+0200,4e64d4d3-e4bc-4728-8eea-52acf8983738,2026-06-17T07:00:00Z,2026-06-17T09:00:00+0200,696.4,MW,FR,FR,actual_onshore_wind_generation,Wind Onshore,2026-07-17T04:55:04Z
2026-07-17T04:54:16Z,2026-07-17T06:54:16+0200,4e64d4d3-e4bc-4728-8eea-52acf8983738,2026-06-17T07:15:00Z,2026-06-17T09:15:00+0200,667.32,MW,FR,FR,actual_onshore_wind_generation,Wind Onshore,2026-07-17T04:55:04Z
2026-07-17T04:54:16Z,2026-07-17T06:54:16+0200,4e64d4d3-e4bc-4728-8eea-52acf8983738,2026-06-17T07:30:00Z,2026-06-17T09:30:00+0200,670.54,MW,FR,FR,actual_onshore_wind_generation,Wind Onshore,2026-07-17T04:55:04Z
2026-07-17T04:54:16Z,2026-07-17T06:54:16+0200,4e64d4d3-e4bc-4728-8eea-52acf8983738,2026-06-17T07:45:00Z,2026-06-17T09:45:00+0200,713.62,MW,FR,FR,actual_onshore_wind_generation,Wind Onshore,2026-07-17T04:55:04Z
2026-07-17T04:54:16Z,2026-07-17T06:54:16+0200,4e64d4d3-e4bc-4728-8eea-52acf8983738,2026-06-17T08:00:00Z,2026-06-17T10:00:00+0200,745.04,MW,FR,FR,actual_onshore_wind_generation,Wind Onshore,2026-07-17T04:55:04Z
2026-07-17T04:54:16Z,2026-07-17T06:54:16+0200,4e64d4d3-e4bc-4728-8eea-52acf8983738,2026-06-17T08:15:00Z,2026-06-17T10:15:00+0200,759.61,MW,FR,FR,actual_onshore_wind_generation,Wind Onshore,2026-07-17T04:55:04Z
2026-07-17T04:54:16Z,2026-07-17T06:54:16+0200,4e64d4d3-e4bc-4728-8eea-52acf8983738,2026-06-17T08:30:00Z,2026-06-17T10:30:00+0200,763.54,MW,FR,FR,actual_onshore_wind_generation,Wind Onshore,2026-07-17T04:55:04Z
2026-07-17T04:54:16Z,2026-07-17T06:54:16+0200,4e64d4d3-e4bc-4728-8eea-52acf8983738,2026-06-17T08:45:00Z,2026-06-17T10:45:00+0200,752.87,MW,FR,FR,actual_onshore_wind_generation,Wind Onshore,2026-07-17T04:55:04Z
2026-07-17T04:54:16Z,2026-07-17T06:54:16+0200,4e64d4d3-e4bc-4728-8eea-52acf8983738,2026-06-17T09:00:00Z,2026-06-17T11:00:00+0200,771.84,MW,FR,FR,actual_onshore_wind_generation,Wind Onshore,2026-07-17T04:55:04Z
2026-07-17T04:54:16Z,2026-07-17T06:54:16+0200,4e64d4d3-e4bc-4728-8eea-52acf8983738,2026-06-17T09:15:00Z,2026-06-17T11:15:00+0200,803.54,MW,FR,FR,actual_onshore_wind_generation,Wind Onshore,2026-07-17T04:55:04Z
2026-07-17T04:54:16Z,2026-07-17T06:54:16+0200,4e64d4d3-e4bc-4728-8eea-52acf8983738,2026-06-17T09:30:00Z,2026-06-17T11:30:00+0200,800.21,MW,FR,FR,actual_onshore_wind_generation,Wind Onshore,2026-07-17T04:55:04Z
2026-07-17T04:54:16Z,2026-07-17T06:54:16+0200,4e64d4d3-e4bc-4728-8eea-52acf8983738,2026-06-17T09:45:00Z,2026-06-17T11:45:00+0200,819.41,MW,FR,FR,actual_onshore_wind_generation,Wind Onshore,2026-07-17T04:55:04Z
2026-07-17T04:54:16Z,2026-07-17T06:54:16+0200,4e64d4d3-e4bc-4728-8eea-52acf8983738,2026-06-17T10:00:00Z,2026-06-17T12:00:00+0200,832.27,MW,FR,FR,actual_onshore_wind_generation,Wind Onshore,2026-07-17T04:55:04Z
2026-07-17T04:54:16Z,2026-07-17T06:54:16+0200,4e64d4d3-e4bc-4728-8eea-52acf8983738,2026-06-17T10:15:00Z,2026-06-17T12:15:00+0200,876.18,MW,FR,FR,actual_onshore_wind_generation,Wind Onshore,2026-07-17T04:55:04Z
2026-07-17T04:54:16Z,2026-07-17T06:54:16+0200,4e64d4d3-e4bc-4728-8eea-52acf8983738,2026-06-17T10:30:00Z,2026-06-17T12:30:00+0200,906.12,MW,FR,FR,actual_onshore_wind_generation,Wind Onshore,2026-07-17T04:55:04Z
2026-07-17T04:54:16Z,2026-07-17T06:54:16+0200,4e64d4d3-e4bc-4728-8eea-52acf8983738,2026-06-17T10:45:00Z,2026-06-17T12:45:00+0200,927.58,MW,FR,FR,actual_onshore_wind_generation,Wind Onshore,2026-07-17T04:55:04Z
2026-07-17T04:54:16Z,2026-07-17T06:54:16+0200,4e64d4d3-e4bc-4728-8eea-52acf8983738,2026-06-17T11:00:00Z,2026-06-17T13:00:00+0200,928.36,MW,FR,FR,actual_onshore_wind_generation,Wind Onshore,2026-07-17T04:55:04Z
2026-07-17T04:54:16Z,2026-07-17T06:54:16+0200,4e64d4d3-e4bc-4728-8eea-52acf8983738,2026-06-17T11:15:00Z,2026-06-17T13:15:00+0200,897.94,MW,FR,FR,actual_onshore_wind_generation,Wind Onshore,2026-07-17T04:55:04Z
2026-07-17T04:54:16Z,2026-07-17T06:54:16+0200,4e64d4d3-e4bc-4728-8eea-52acf8983738,2026-06-17T11:30:00Z,2026-06-17T13:30:00+0200,895.57,MW,FR,FR,actual_onshore_wind_generation,Wind Onshore,2026-07-17T04:55:04Z
2026-07-17T04:54:16Z,2026-07-17T06:54:16+0200,4e64d4d3-e4bc-4728-8eea-52acf8983738,2026-06-17T11:45:00Z,2026-06-17T13:45:00+0200,884.41,MW,FR,FR,actual_onshore_wind_generation,Wind Onshore,2026-07-17T04:55:04Z
2026-07-17T04:54:16Z,2026-07-17T06:54:16+0200,4e64d4d3-e4bc-4728-8eea-52acf8983738,2026-06-17T12:00:00Z,2026-06-17T14:00:00+0200,891.34,MW,FR,FR,actual_onshore_wind_generation,Wind Onshore,2026-07-17T04:55:04Z
2026-07-17T04:54:16Z,2026-07-17T06:54:16+0200,4e64d4d3-e4bc-4728-8eea-52acf8983738,2026-06-17T12:15:00Z,2026-06-17T14:15:00+0200,887.53,MW,FR,FR,actual_onshore_wind_generation,Wind Onshore,2026-07-17T04:55:04Z
2026-07-17T04:54:16Z,2026-07-17T06:54:16+0200,4e64d4d3-e4bc-4728-8eea-52acf8983738,2026-06-17T12:30:00Z,2026-06-17T14:30:00+0200,869.51,MW,FR,FR,actual_onshore_wind_generation,Wind Onshore,2026-07-17T04:55:04Z
2026-07-17T04:54:16Z,2026-07-17T06:54:16+0200,4e64d4d3-e4bc-4728-8eea-52acf8983738,2026-06-17T12:45:00Z,2026-06-17T14:45:00+0200,862.47,MW,FR,FR,actual_onshore_wind_generation,Wind Onshore,2026-07-17T04:55:04Z
2026-07-17T04:54:16Z,2026-07-17T06:54:16+0200,4e64d4d3-e4bc-4728-8eea-52acf8983738,2026-06-17T13:00:00Z,2026-06-17T15:00:00+0200,884.54,MW,FR,FR,actual_onshore_wind_generation,Wind Onshore,2026-07-17T04:55:04Z
2026-07-17T04:54:16Z,2026-07-17T06:54:16+0200,4e64d4d3-e4bc-4728-8eea-52acf8983738,2026-06-17T13:15:00Z,2026-06-17T15:15:00+0200,884.42,MW,FR,FR,actual_onshore_wind_generation,Wind Onshore,2026-07-17T04:55:04Z
2026-07-17T04:54:16Z,2026-07-17T06:54:16+0200,4e64d4d3-e4bc-4728-8eea-52acf8983738,2026-06-17T13:30:00Z,2026-06-17T15:30:00+0200,889.49,MW,FR,FR,actual_onshore_wind_generation,Wind Onshore,2026-07-17T04:55:04Z
2026-07-17T04:54:16Z,2026-07-17T06:54:16+0200,4e64d4d3-e4bc-4728-8eea-52acf8983738,2026-06-17T13:45:00Z,2026-06-17T15:45:00+0200,914.03,MW,FR,FR,actual_onshore_wind_generation,Wind Onshore,2026-07-17T04:55:04Z
2026-07-17T04:54:16Z,2026-07-17T06:54:16+0200,4e64d4d3-e4bc-4728-8eea-52acf8983738,2026-06-17T14:00:00Z,2026-06-17T16:00:00+0200,944.71,MW,FR,FR,actual_onshore_wind_generation,Wind Onshore,2026-07-17T04:55:04Z
2026-07-17T04:54:16Z,2026-07-17T06:54:16+0200,4e64d4d3-e4bc-4728-8eea-52acf8983738,2026-06-17T14:15:00Z,2026-06-17T16:15:00+0200,959.23,MW,FR,FR,actual_onshore_wind_generation,Wind Onshore,2026-07-17T04:55:04Z
2026-07-17T04:54:16Z,2026-07-17T06:54:16+0200,4e64d4d3-e4bc-4728-8eea-52acf8983738,2026-06-17T14:30:00Z,2026-06-17T16:30:00+0200,965.51,MW,FR,FR,actual_onshore_wind_generation,Wind Onshore,2026-07-17T04:55:04Z
2026-07-17T04:54:16Z,2026-07-17T06:54:16+0200,4e64d4d3-e4bc-4728-8eea-52acf8983738,2026-06-17T14:45:00Z,2026-06-17T16:45:00+0200,974.02,MW,FR,FR,actual_onshore_wind_generation,Wind Onshore,2026-07-17T04:55:04Z
2026-07-17T04:54:16Z,2026-07-17T06:54:16+0200,4e64d4d3-e4bc-4728-8eea-52acf8983738,2026-06-17T15:00:00Z,2026-06-17T17:00:00+0200,992.04,MW,FR,FR,actual_onshore_wind_generation,Wind Onshore,2026-07-17T04:55:04Z
2026-07-17T04:54:16Z,2026-07-17T06:54:16+0200,4e64d4d3-e4bc-4728-8eea-52acf8983738,2026-06-17T15:15:00Z,2026-06-17T17:15:00+0200,1002.05,MW,FR,FR,actual_onshore_wind_generation,Wind Onshore,2026-07-17T04:55:04Z
2026-07-17T04:54:16Z,2026-07-17T06:54:16+0200,4e64d4d3-e4bc-4728-8eea-52acf8983738,2026-06-17T15:30:00Z,2026-06-17T17:30:00+0200,983.98,MW,FR,FR,actual_onshore_wind_generation,Wind Onshore,2026-07-17T04:55:04Z
2026-07-17T04:54:16Z,2026-07-17T06:54:16+0200,4e64d4d3-e4bc-4728-8eea-52acf8983738,2026-06-17T15:45:00Z,2026-06-17T17:45:00+0200,961.56,MW,FR,FR,actual_onshore_wind_generation,Wind Onshore,2026-07-17T04:55:04Z
2026-07-17T04:54:16Z,2026-07-17T06:54:16+0200,4e64d4d3-e4bc-4728-8eea-52acf8983738,2026-06-17T16:00:00Z,2026-06-17T18:00:00+0200,939.65,MW,FR,FR,actual_onshore_wind_generation,Wind Onshore,2026-07-17T04:55:04Z
2026-07-17T04:54:16Z,2026-07-17T06:54:16+0200,4e64d4d3-e4bc-4728-8eea-52acf8983738,2026-06-17T16:15:00Z,2026-06-17T18:15:00+0200,930.6,MW,FR,FR,actual_onshore_wind_generation,Wind Onshore,2026-07-17T04:55:04Z
2026-07-17T04:54:16Z,2026-07-17T06:54:16+0200,4e64d4d3-e4bc-4728-8eea-52acf8983738,2026-06-17T16:30:00Z,2026-06-17T18:30:00+0200,911.15,MW,FR,FR,actual_onshore_wind_generation,Wind Onshore,2026-07-17T04:55:04Z
2026-07-17T04:54:16Z,2026-07-17T06:54:16+0200,4e64d4d3-e4bc-4728-8eea-52acf8983738,2026-06-17T16:45:00Z,2026-06-17T18:45:00+0200,891.83,MW,FR,FR,actual_onshore_wind_generation,Wind Onshore,2026-07-17T04:55:04Z
2026-07-17T04:54:16Z,2026-07-17T06:54:16+0200,4e64d4d3-e4bc-4728-8eea-52acf8983738,2026-06-17T17:00:00Z,2026-06-17T19:00:00+0200,870.42,MW,FR,FR,actual_onshore_wind_generation,Wind Onshore,2026-07-17T04:55:04Z
2026-07-17T04:54:16Z,2026-07-17T06:54:16+0200,4e64d4d3-e4bc-4728-8eea-52acf8983738,2026-06-17T17:15:00Z,2026-06-17T19:15:00+0200,858.38,MW,FR,FR,actual_onshore_wind_generation,Wind Onshore,2026-07-17T04:55:04Z
2026-07-17T04:54:16Z,2026-07-17T06:54:16+0200,4e64d4d3-e4bc-4728-8eea-52acf8983738,2026-06-17T17:30:00Z,2026-06-17T19:30:00+0200,865.06,MW,FR,FR,actual_onshore_wind_generation,Wind Onshore,2026-07-17T04:55:04Z
2026-07-17T04:54:16Z,2026-07-17T06:54:16+0200,4e64d4d3-e4bc-4728-8eea-52acf8983738,2026-06-17T17:45:00Z,2026-06-17T19:45:00+0200,905.92,MW,FR,FR,actual_onshore_wind_generation,Wind Onshore,2026-07-17T04:55:04Z
2026-07-17T04:54:16Z,2026-07-17T06:54:16+0200,4e64d4d3-e4bc-4728-8eea-52acf8983738,2026-06-17T18:00:00Z,2026-06-17T20:00:00+0200,961.49,MW,FR,FR,actual_onshore_wind_generation,Wind Onshore,2026-07-17T04:55:04Z
2026-07-17T04:54:16Z,2026-07-17T06:54:16+0200,4e64d4d3-e4bc-4728-8eea-52acf8983738,2026-06-17T18:15:00Z,2026-06-17T20:15:00+0200,1006.46,MW,FR,FR,actual_onshore_wind_generation,Wind Onshore,2026-07-17T04:55:04Z
2026-07-17T04:54:16Z,2026-07-17T06:54:16+0200,4e64d4d3-e4bc-4728-8eea-52acf8983738,2026-06-17T18:30:00Z,2026-06-17T20:30:00+0200,1086.04,MW,FR,FR,actual_onshore_wind_generation,Wind Onshore,2026-07-17T04:55:04Z
2026-07-17T04:54:16Z,2026-07-17T06:54:16+0200,4e64d4d3-e4bc-4728-8eea-52acf8983738,2026-06-17T18:45:00Z,2026-06-17T20:45:00+0200,1152.9,MW,FR,FR,actual_onshore_wind_generation,Wind Onshore,2026-07-17T04:55:04Z
2026-07-17T04:54:16Z,2026-07-17T06:54:16+0200,4e64d4d3-e4bc-4728-8eea-52acf8983738,2026-06-17T19:00:00Z,2026-06-17T21:00:00+0200,1182.7,MW,FR,FR,actual_onshore_wind_generation,Wind Onshore,2026-07-17T04:55:04Z
2026-07-17T04:54:16Z,2026-07-17T06:54:16+0200,4e64d4d3-e4bc-4728-8eea-52acf8983738,2026-06-17T19:15:00Z,2026-06-17T21:15:00+0200,1256.46,MW,FR,FR,actual_onshore_wind_generation,Wind Onshore,2026-07-17T04:55:04Z
2026-07-17T04:54:16Z,2026-07-17T06:54:16+0200,4e64d4d3-e4bc-4728-8eea-52acf8983738,2026-06-17T19:30:00Z,2026-06-17T21:30:00+0200,1342.59,MW,FR,FR,actual_onshore_wind_generation,Wind Onshore,2026-07-17T04:55:04Z
2026-07-17T04:54:16Z,2026-07-17T06:54:16+0200,4e64d4d3-e4bc-4728-8eea-52acf8983738,2026-06-17T19:45:00Z,2026-06-17T21:45:00+0200,1402.52,MW,FR,FR,actual_onshore_wind_generation,Wind Onshore,2026-07-17T04:55:04Z
2026-07-17T04:54:16Z,2026-07-17T06:54:16+0200,4e64d4d3-e4bc-4728-8eea-52acf8983738,2026-06-17T20:00:00Z,2026-06-17T22:00:00+0200,1447.06,MW,FR,FR,actual_onshore_wind_generation,Wind Onshore,2026-07-17T04:55:04Z
2026-07-17T04:54:16Z,2026-07-17T06:54:16+0200,4e64d4d3-e4bc-4728-8eea-52acf8983738,2026-06-17T20:15:00Z,2026-06-17T22:15:00+0200,1503.81,MW,FR,FR,actual_onshore_wind_generation,Wind Onshore,2026-07-17T04:55:04Z
2026-07-17T04:54:16Z,2026-07-17T06:54:16+0200,4e64d4d3-e4bc-4728-8eea-52acf8983738,2026-06-17T20:30:00Z,2026-06-17T22:30:00+0200,1577.56,MW,FR,FR,actual_onshore_wind_generation,Wind Onshore,2026-07-17T04:55:04Z
2026-07-17T04:54:16Z,2026-07-17T06:54:16+0200,4e64d4d3-e4bc-4728-8eea-52acf8983738,2026-06-17T20:45:00Z,2026-06-17T22:45:00+0200,1648.39,MW,FR,FR,actual_onshore_wind_generation,Wind Onshore,2026-07-17T04:55:04Z
2026-07-17T04:54:16Z,2026-07-17T06:54:16+0200,4e64d4d3-e4bc-4728-8eea-52acf8983738,2026-06-17T21:00:00Z,2026-06-17T23:00:00+0200,1660.52,MW,FR,FR,actual_onshore_wind_generation,Wind Onshore,2026-07-17T04:55:04Z
2026-07-17T04:54:16Z,2026-07-17T06:54:16+0200,4e64d4d3-e4bc-4728-8eea-52acf8983738,2026-06-17T21:15:00Z,2026-06-17T23:15:00+0200,1635.93,MW,FR,FR,actual_onshore_wind_generation,Wind Onshore,2026-07-17T04:55:04Z
2026-07-17T04:54:16Z,2026-07-17T06:54:16+0200,4e64d4d3-e4bc-4728-8eea-52acf8983738,2026-06-17T21:30:00Z,2026-06-17T23:30:00+0200,1651.37,MW,FR,FR,actual_onshore_wind_generation,Wind Onshore,2026-07-17T04:55:04Z
2026-07-17T04:54:16Z,2026-07-17T06:54:16+0200,4e64d4d3-e4bc-4728-8eea-52acf8983738,2026-06-17T21:45:00Z,2026-06-17T23:45:00+0200,1640.8,MW,FR,FR,actual_onshore_wind_generation,Wind Onshore,2026-07-17T04:55:04Z
2026-07-17T04:54:16Z,2026-07-17T06:54:16+0200,4e64d4d3-e4bc-4728-8eea-52acf8983738,2026-06-17T22:00:00Z,2026-06-18T00:00:00+0200,1667.5,MW,FR,FR,actual_onshore_wind_generation,Wind Onshore,2026-07-17T04:55:04Z
2026-07-17T04:54:16Z,2026-07-17T06:54:16+0200,4e64d4d3-e4bc-4728-8eea-52acf8983738,2026-06-17T22:15:00Z,2026-06-18T00:15:00+0200,1702.46,MW,FR,FR,actual_onshore_wind_generation,Wind Onshore,2026-07-17T04:55:04Z
2026-07-17T04:54:16Z,2026-07-17T06:54:16+0200,4e64d4d3-e4bc-4728-8eea-52acf8983738,2026-06-17T22:30:00Z,2026-06-18T00:30:00+0200,1735.19,MW,FR,FR,actual_onshore_wind_generation,Wind Onshore,2026-07-17T04:55:04Z
2026-07-17T04:54:16Z,2026-07-17T06:54:16+0200,4e64d4d3-e4bc-4728-8eea-52acf8983738,2026-06-17T22:45:00Z,2026-06-18T00:45:00+0200,1758.9,MW,FR,FR,actual_onshore_wind_generation,Wind Onshore,2026-07-17T04:55:04Z
2026-07-17T04:54:16Z,2026-07-17T06:54:16+0200,4e64d4d3-e4bc-4728-8eea-52acf8983738,2026-06-17T23:00:00Z,2026-06-18T01:00:00+0200,1756.77,MW,FR,FR,actual_onshore_wind_generation,Wind Onshore,2026-07-17T04:55:04Z
2026-07-17T04:54:16Z,2026-07-17T06:54:16+0200,4e64d4d3-e4bc-4728-8eea-52acf8983738,2026-06-17T23:15:00Z,2026-06-18T01:15:00+0200,1710.37,MW,FR,FR,actual_onshore_wind_generation,Wind Onshore,2026-07-17T04:55:04Z
2026-07-17T04:54:16Z,2026-07-17T06:54:16+0200,4e64d4d3-e4bc-4728-8eea-52acf8983738,2026-06-17T23:30:00Z,2026-06-18T01:30:00+0200,1704.02,MW,FR,FR,actual_onshore_wind_generation,Wind Onshore,2026-07-17T04:55:04Z
2026-07-17T04:54:16Z,2026-07-17T06:54:16+0200,4e64d4d3-e4bc-4728-8eea-52acf8983738,2026-06-17T23:45:00Z,2026-06-18T01:45:00+0200,1698.13,MW,FR,FR,actual_onshore_wind_generation,Wind Onshore,2026-07-17T04:55:04Z
2026-07-17T04:54:16Z,2026-07-17T06:54:16+0200,4e64d4d3-e4bc-4728-8eea-52acf8983738,2026-06-18T00:00:00Z,2026-06-18T02:00:00+0200,1698.72,MW,FR,FR,actual_onshore_wind_generation,Wind Onshore,2026-07-17T04:55:04Z
2026-07-17T04:54:16Z,2026-07-17T06:54:16+0200,4e64d4d3-e4bc-4728-8eea-52acf8983738,2026-06-18T00:15:00Z,2026-06-18T02:15:00+0200,1694.57,MW,FR,FR,actual_onshore_wind_generation,Wind Onshore,2026-07-17T04:55:04Z
2026-07-17T04:54:16Z,2026-07-17T06:54:16+0200,4e64d4d3-e4bc-4728-8eea-52acf8983738,2026-06-18T00:30:00Z,2026-06-18T02:30:00+0200,1649.43,MW,FR,FR,actual_onshore_wind_generation,Wind Onshore,2026-07-17T04:55:04Z
2026-07-17T04:54:16Z,2026-07-17T06:54:16+0200,4e64d4d3-e4bc-4728-8eea-52acf8983738,2026-06-18T00:45:00Z,2026-06-18T02:45:00+0200,1646.91,MW,FR,FR,actual_onshore_wind_generation,Wind Onshore,2026-07-17T04:55:04Z
2026-07-17T04:54:16Z,2026-07-17T06:54:16+0200,4e64d4d3-e4bc-4728-8eea-52acf8983738,2026-06-18T01:00:00Z,2026-06-18T03:00:00+0200,1644.19,MW,FR,FR,actual_onshore_wind_generation,Wind Onshore,2026-07-17T04:55:04Z
2026-07-17T04:54:16Z,2026-07-17T06:54:16+0200,4e64d4d3-e4bc-4728-8eea-52acf8983738,2026-06-18T01:15:00Z,2026-06-18T03:15:00+0200,1629.16,MW,FR,FR,actual_onshore_wind_generation,Wind Onshore,2026-07-17T04:55:04Z
2026-07-17T04:54:16Z,2026-07-17T06:54:16+0200,4e64d4d3-e4bc-4728-8eea-52acf8983738,2026-06-18T01:30:00Z,2026-06-18T03:30:00+0200,1600.37,MW,FR,FR,actual_onshore_wind_generation,Wind Onshore,2026-07-17T04:55:04Z
2026-07-17T04:54:16Z,2026-07-17T06:54:16+0200,4e64d4d3-e4bc-4728-8eea-52acf8983738,2026-06-18T01:45:00Z,2026-06-18T03:45:00+0200,1556.86,MW,FR,FR,actual_onshore_wind_generation,Wind Onshore,2026-07-17T04:55:04Z
2026-07-17T04:54:16Z,2026-07-17T06:54:16+0200,4e64d4d3-e4bc-4728-8eea-52acf8983738,2026-06-18T02:00:00Z,2026-06-18T04:00:00+0200,1533.79,MW,FR,FR,actual_onshore_wind_generation,Wind Onshore,2026-07-17T04:55:04Z
2026-07-17T04:54:16Z,2026-07-17T06:54:16+0200,4e64d4d3-e4bc-4728-8eea-52acf8983738,2026-06-18T02:15:00Z,2026-06-18T04:15:00+0200,1481.7,MW,FR,FR,actual_onshore_wind_generation,Wind Onshore,2026-07-17T04:55:04Z
2026-07-17T04:54:16Z,2026-07-17T06:54:16+0200,4e64d4d3-e4bc-4728-8eea-52acf8983738,2026-06-18T02:30:00Z,2026-06-18T04:30:00+0200,1428.57,MW,FR,FR,actual_onshore_wind_generation,Wind Onshore,2026-07-17T04:55:04Z
2026-07-17T04:54:16Z,2026-07-17T06:54:16+0200,4e64d4d3-e4bc-4728-8eea-52acf8983738,2026-06-18T02:45:00Z,2026-06-18T04:45:00+0200,1382.84,MW,FR,FR,actual_onshore_wind_generation,Wind Onshore,2026-07-17T04:55:04Z
2026-07-17T04:54:16Z,2026-07-17T06:54:16+0200,4e64d4d3-e4bc-4728-8eea-52acf8983738,2026-06-18T03:00:00Z,2026-06-18T05:00:00+0200,1384.46,MW,FR,FR,actual_onshore_wind_generation,Wind Onshore,2026-07-17T04:55:04Z
2026-07-17T04:54:16Z,2026-07-17T06:54:16+0200,4e64d4d3-e4bc-4728-8eea-52acf8983738,2026-06-18T03:15:00Z,2026-06-18T05:15:00+0200,1389.48,MW,FR,FR,actual_onshore_wind_generation,Wind Onshore,2026-07-17T04:55:04Z
2026-07-17T04:54:16Z,2026-07-17T06:54:16+0200,4e64d4d3-e4bc-4728-8eea-52acf8983738,2026-06-18T03:30:00Z,2026-06-18T05:30:00+0200,1317.36,MW,FR,FR,actual_onshore_wind_generation,Wind Onshore,2026-07-17T04:55:04Z
2026-07-17T04:54:16Z,2026-07-17T06:54:16+0200,4e64d4d3-e4bc-4728-8eea-52acf8983738,2026-06-18T03:45:00Z,2026-06-18T05:45:00+0200,1290.98,MW,FR,FR,actual_onshore_wind_generation,Wind Onshore,2026-07-17T04:55:04Z
2026-07-17T04:54:16Z,2026-07-17T06:54:16+0200,4e64d4d3-e4bc-4728-8eea-52acf8983738,2026-06-18T04:00:00Z,2026-06-18T06:00:00+0200,1305.29,MW,FR,FR,actual_onshore_wind_generation,Wind Onshore,2026-07-17T04:55:04Z
2026-07-17T04:54:16Z,2026-07-17T06:54:16+0200,4e64d4d3-e4bc-4728-8eea-52acf8983738,2026-06-18T04:15:00Z,2026-06-18T06:15:00+0200,1387.45,MW,FR,FR,actual_onshore_wind_generation,Wind Onshore,2026-07-17T04:55:04Z
2026-07-17T04:54:16Z,2026-07-17T06:54:16+0200,4e64d4d3-e4bc-4728-8eea-52acf8983738,2026-06-18T04:30:00Z,2026-06-18T06:30:00+0200,1415.08,MW,FR,FR,actual_onshore_wind_generation,Wind Onshore,2026-07-17T04:55:04Z
2026-07-17T04:54:16Z,2026-07-17T06:54:16+0200,4e64d4d3-e4bc-4728-8eea-52acf8983738,2026-06-18T04:45:00Z,2026-06-18T06:45:00+0200,1454.12,MW,FR,FR,actual_onshore_wind_generation,Wind Onshore,2026-07-17T04:55:04Z
2026-07-17T04:54:16Z,2026-07-17T06:54:16+0200,4e64d4d3-e4bc-4728-8eea-52acf8983738,2026-06-18T05:00:00Z,2026-06-18T07:00:00+0200,1448.05,MW,FR,FR,actual_onshore_wind_generation,Wind Onshore,2026-07-17T04:55:04Z
2026-07-17T04:54:16Z,2026-07-17T06:54:16+0200,4e64d4d3-e4bc-4728-8eea-52acf8983738,2026-06-18T05:15:00Z,2026-06-18T07:15:00+0200,1417.84,MW,FR,FR,actual_onshore_wind_generation,Wind Onshore,2026-07-17T04:55:04Z
2026-07-17T04:54:16Z,2026-07-17T06:54:16+0200,4e64d4d3-e4bc-4728-8eea-52acf8983738,2026-06-18T05:30:00Z,2026-06-18T07:30:00+0200,1361.94,MW,FR,FR,actual_onshore_wind_generation,Wind Onshore,2026-07-17T04:55:04Z
2026-07-17T04:54:16Z,2026-07-17T06:54:16+0200,4e64d4d3-e4bc-4728-8eea-52acf8983738,2026-06-18T05:45:00Z,2026-06-18T07:45:00+0200,1269.4,MW,FR,FR,actual_onshore_wind_generation,Wind Onshore,2026-07-17T04:55:04Z
2026-07-17T04:54:16Z,2026-07-17T06:54:16+0200,4e64d4d3-e4bc-4728-8eea-52acf8983738,2026-06-18T06:00:00Z,2026-06-18T08:00:00+0200,1143.24,MW,FR,FR,actual_onshore_wind_generation,Wind Onshore,2026-07-17T04:55:04Z
2026-07-17T04:54:16Z,2026-07-17T06:54:16+0200,4e64d4d3-e4bc-4728-8eea-52acf8983738,2026-06-18T06:15:00Z,2026-06-18T08:15:00+0200,1036.02,MW,FR,FR,actual_onshore_wind_generation,Wind Onshore,2026-07-17T04:55:04Z
2026-07-17T04:54:16Z,2026-07-17T06:54:16+0200,4e64d4d3-e4bc-4728-8eea-52acf8983738,2026-06-18T06:30:00Z,2026-06-18T08:30:00+0200,934.25,MW,FR,FR,actual_onshore_wind_generation,Wind Onshore,2026-07-17T04:55:04Z
2026-07-17T04:54:16Z,2026-07-17T06:54:16+0200,4e64d4d3-e4bc-4728-8eea-52acf8983738,2026-06-18T06:45:00Z,2026-06-18T08:45:00+0200,862.33,MW,FR,FR,actual_onshore_wind_generation,Wind Onshore,2026-07-17T04:55:04Z
2026-07-17T04:54:16Z,2026-07-17T06:54:16+0200,4e64d4d3-e4bc-4728-8eea-52acf8983738,2026-06-18T07:00:00Z,2026-06-18T09:00:00+0200,797.95,MW,FR,FR,actual_onshore_wind_generation,Wind Onshore,2026-07-17T04:55:04Z
2026-07-17T04:54:16Z,2026-07-17T06:54:16+0200,4e64d4d3-e4bc-4728-8eea-52acf8983738,2026-06-18T07:15:00Z,2026-06-18T09:15:00+0200,753.09,MW,FR,FR,actual_onshore_wind_generation,Wind Onshore,2026-07-17T04:55:04Z
2026-07-17T04:54:16Z,2026-07-17T06:54:16+0200,4e64d4d3-e4bc-4728-8eea-52acf8983738,2026-06-18T07:30:00Z,2026-06-18T09:30:00+0200,717.12,MW,FR,FR,actual_onshore_wind_generation,Wind Onshore,2026-07-17T04:55:04Z
2026-07-17T04:54:16Z,2026-07-17T06:54:16+0200,4e64d4d3-e4bc-4728-8eea-52acf8983738,2026-06-18T07:45:00Z,2026-06-18T09:45:00+0200,678.33,MW,FR,FR,actual_onshore_wind_generation,Wind Onshore,2026-07-17T04:55:04Z
2026-07-17T04:54:16Z,2026-07-17T06:54:16+0200,4e64d4d3-e4bc-4728-8eea-52acf8983738,2026-06-18T08:00:00Z,2026-06-18T10:00:00+0200,689.51,MW,FR,FR,actual_onshore_wind_generation,Wind Onshore,2026-07-17T04:55:04Z
2026-07-17T04:54:16Z,2026-07-17T06:54:16+0200,4e64d4d3-e4bc-4728-8eea-52acf8983738,2026-06-18T08:15:00Z,2026-06-18T10:15:00+0200,690.42,MW,FR,FR,actual_onshore_wind_generation,Wind Onshore,2026-07-17T04:55:04Z
2026-07-17T04:54:16Z,2026-07-17T06:54:16+0200,4e64d4d3-e4bc-4728-8eea-52acf8983738,2026-06-18T08:30:00Z,2026-06-18T10:30:00+0200,709.01,MW,FR,FR,actual_onshore_wind_generation,Wind Onshore,2026-07-17T04:55:04Z
2026-07-17T04:54:16Z,2026-07-17T06:54:16+0200,4e64d4d3-e4bc-4728-8eea-52acf8983738,2026-06-18T08:45:00Z,2026-06-18T10:45:00+0200,719.69,MW,FR,FR,actual_onshore_wind_generation,Wind Onshore,2026-07-17T04:55:04Z
2026-07-17T04:54:16Z,2026-07-17T06:54:16+0200,4e64d4d3-e4bc-4728-8eea-52acf8983738,2026-06-18T09:00:00Z,2026-06-18T11:00:00+0200,749.72,MW,FR,FR,actual_onshore_wind_generation,Wind Onshore,2026-07-17T04:55:04Z
2026-07-17T04:54:16Z,2026-07-17T06:54:16+0200,4e64d4d3-e4bc-4728-8eea-52acf8983738,2026-06-18T09:15:00Z,2026-06-18T11:15:00+0200,802.87,MW,FR,FR,actual_onshore_wind_generation,Wind Onshore,2026-07-17T04:55:04Z
2026-07-17T04:54:16Z,2026-07-17T06:54:16+0200,4e64d4d3-e4bc-4728-8eea-52acf8983738,2026-06-18T09:30:00Z,2026-06-18T11:30:00+0200,867.09,MW,FR,FR,actual_onshore_wind_generation,Wind Onshore,2026-07-17T04:55:04Z
2026-07-17T04:54:16Z,2026-07-17T06:54:16+0200,4e64d4d3-e4bc-4728-8eea-52acf8983738,2026-06-18T09:45:00Z,2026-06-18T11:45:00+0200,920.65,MW,FR,FR,actual_onshore_wind_generation,Wind Onshore,2026-07-17T04:55:04Z
2026-07-17T04:54:16Z,2026-07-17T06:54:16+0200,4e64d4d3-e4bc-4728-8eea-52acf8983738,2026-06-18T10:00:00Z,2026-06-18T12:00:00+0200,963.98,MW,FR,FR,actual_onshore_wind_generation,Wind Onshore,2026-07-17T04:55:04Z
2026-07-17T04:54:16Z,2026-07-17T06:54:16+0200,4e64d4d3-e4bc-4728-8eea-52acf8983738,2026-06-18T10:15:00Z,2026-06-18T12:15:00+0200,1011.45,MW,FR,FR,actual_onshore_wind_generation,Wind Onshore,2026-07-17T04:55:04Z
2026-07-17T04:54:16Z,2026-07-17T06:54:16+0200,4e64d4d3-e4bc-4728-8eea-52acf8983738,2026-06-18T10:30:00Z,2026-06-18T12:30:00+0200,1064.64,MW,FR,FR,actual_onshore_wind_generation,Wind Onshore,2026-07-17T04:55:04Z
2026-07-17T04:54:16Z,2026-07-17T06:54:16+0200,4e64d4d3-e4bc-4728-8eea-52acf8983738,2026-06-18T10:45:00Z,2026-06-18T12:45:00+0200,1129.3,MW,FR,FR,actual_onshore_wind_generation,Wind Onshore,2026-07-17T04:55:04Z
2026-07-17T04:54:16Z,2026-07-17T06:54:16+0200,4e64d4d3-e4bc-4728-8eea-52acf8983738,2026-06-18T11:00:00Z,2026-06-18T13:00:00+0200,1177.36,MW,FR,FR,actual_onshore_wind_generation,Wind Onshore,2026-07-17T04:55:04Z
2026-07-17T04:54:16Z,2026-07-17T06:54:16+0200,4e64d4d3-e4bc-4728-8eea-52acf8983738,2026-06-18T11:15:00Z,2026-06-18T13:15:00+0200,1223.58,MW,FR,FR,actual_onshore_wind_generation,Wind Onshore,2026-07-17T04:55:04Z
2026-07-17T04:54:16Z,2026-07-17T06:54:16+0200,4e64d4d3-e4bc-4728-8eea-52acf8983738,2026-06-18T11:30:00Z,2026-06-18T13:30:00+0200,1278.51,MW,FR,FR,actual_onshore_wind_generation,Wind Onshore,2026-07-17T04:55:04Z
2026-07-17T04:54:16Z,2026-07-17T06:54:16+0200,4e64d4d3-e4bc-4728-8eea-52acf8983738,2026-06-18T11:45:00Z,2026-06-18T13:45:00+0200,1272.71,MW,FR,FR,actual_onshore_wind_generation,Wind Onshore,2026-07-17T04:55:04Z
2026-07-17T04:54:16Z,2026-07-17T06:54:16+0200,4e64d4d3-e4bc-4728-8eea-52acf8983738,2026-06-18T12:00:00Z,2026-06-18T14:00:00+0200,1273.83,MW,FR,FR,actual_onshore_wind_generation,Wind Onshore,2026-07-17T04:55:04Z
2026-07-17T04:54:16Z,2026-07-17T06:54:16+0200,4e64d4d3-e4bc-4728-8eea-52acf8983738,2026-06-18T12:15:00Z,2026-06-18T14:15:00+0200,1290.1,MW,FR,FR,actual_onshore_wind_generation,Wind Onshore,2026-07-17T04:55:04Z
2026-07-17T04:54:16Z,2026-07-17T06:54:16+0200,4e64d4d3-e4bc-4728-8eea-52acf8983738,2026-06-18T12:30:00Z,2026-06-18T14:30:00+0200,1349.52,MW,FR,FR,actual_onshore_wind_generation,Wind Onshore,2026-07-17T04:55:04Z
2026-07-17T04:54:16Z,2026-07-17T06:54:16+0200,4e64d4d3-e4bc-4728-8eea-52acf8983738,2026-06-18T12:45:00Z,2026-06-18T14:45:00+0200,1365.71,MW,FR,FR,actual_onshore_wind_generation,Wind Onshore,2026-07-17T04:55:04Z
2026-07-17T04:54:16Z,2026-07-17T06:54:16+0200,4e64d4d3-e4bc-4728-8eea-52acf8983738,2026-06-18T13:00:00Z,2026-06-18T15:00:00+0200,1381.71,MW,FR,FR,actual_onshore_wind_generation,Wind Onshore,2026-07-17T04:55:04Z
2026-07-17T04:54:16Z,2026-07-17T06:54:16+0200,4e64d4d3-e4bc-4728-8eea-52acf8983738,2026-06-18T13:15:00Z,2026-06-18T15:15:00+0200,1410.5,MW,FR,FR,actual_onshore_wind_generation,Wind Onshore,2026-07-17T04:55:04Z
2026-07-17T04:54:16Z,2026-07-17T06:54:16+0200,4e64d4d3-e4bc-4728-8eea-52acf8983738,2026-06-18T13:30:00Z,2026-06-18T15:30:00+0200,1467.6,MW,FR,FR,actual_onshore_wind_generation,Wind Onshore,2026-07-17T04:55:04Z
2026-07-17T04:54:16Z,2026-07-17T06:54:16+0200,4e64d4d3-e4bc-4728-8eea-52acf8983738,2026-06-18T13:45:00Z,2026-06-18T15:45:00+0200,1520.18,MW,FR,FR,actual_onshore_wind_generation,Wind Onshore,2026-07-17T04:55:04Z
2026-07-17T04:54:16Z,2026-07-17T06:54:16+0200,4e64d4d3-e4bc-4728-8eea-52acf8983738,2026-06-18T14:00:00Z,2026-06-18T16:00:00+0200,1567.24,MW,FR,FR,actual_onshore_wind_generation,Wind Onshore,2026-07-17T04:55:04Z
2026-07-17T04:54:16Z,2026-07-17T06:54:16+0200,4e64d4d3-e4bc-4728-8eea-52acf8983738,2026-06-18T14:15:00Z,2026-06-18T16:15:00+0200,1593.64,MW,FR,FR,actual_onshore_wind_generation,Wind Onshore,2026-07-17T04:55:04Z
2026-07-17T04:54:16Z,2026-07-17T06:54:16+0200,4e64d4d3-e4bc-4728-8eea-52acf8983738,2026-06-18T14:30:00Z,2026-06-18T16:30:00+0200,1751.43,MW,FR,FR,actual_onshore_wind_generation,Wind Onshore,2026-07-17T04:55:04Z
2026-07-17T04:54:16Z,2026-07-17T06:54:16+0200,4e64d4d3-e4bc-4728-8eea-52acf8983738,2026-06-18T14:45:00Z,2026-06-18T16:45:00+0200,1780.37,MW,FR,FR,actual_onshore_wind_generation,Wind Onshore,2026-07-17T04:55:04Z
2026-07-17T04:54:16Z,2026-07-17T06:54:16+0200,4e64d4d3-e4bc-4728-8eea-52acf8983738,2026-06-18T15:00:00Z,2026-06-18T17:00:00+0200,1759.98,MW,FR,FR,actual_onshore_wind_generation,Wind Onshore,2026-07-17T04:55:04Z
2026-07-17T04:54:16Z,2026-07-17T06:54:16+0200,4e64d4d3-e4bc-4728-8eea-52acf8983738,2026-06-18T15:15:00Z,2026-06-18T17:15:00+0200,1798.03,MW,FR,FR,actual_onshore_wind_generation,Wind Onshore,2026-07-17T04:55:04Z
2026-07-17T04:54:16Z,2026-07-17T06:54:16+0200,4e64d4d3-e4bc-4728-8eea-52acf8983738,2026-06-18T15:30:00Z,2026-06-18T17:30:00+0200,1900.22,MW,FR,FR,actual_onshore_wind_generation,Wind Onshore,2026-07-17T04:55:04Z
2026-07-17T04:54:16Z,2026-07-17T06:54:16+0200,4e64d4d3-e4bc-4728-8eea-52acf8983738,2026-06-18T15:45:00Z,2026-06-18T17:45:00+0200,2035.07,MW,FR,FR,actual_onshore_wind_generation,Wind Onshore,2026-07-17T04:55:04Z
2026-07-17T04:54:16Z,2026-07-17T06:54:16+0200,4e64d4d3-e4bc-4728-8eea-52acf8983738,2026-06-18T16:00:00Z,2026-06-18T18:00:00+0200,2259.04,MW,FR,FR,actual_onshore_wind_generation,Wind Onshore,2026-07-17T04:55:04Z
2026-07-17T04:54:16Z,2026-07-17T06:54:16+0200,4e64d4d3-e4bc-4728-8eea-52acf8983738,2026-06-18T16:15:00Z,2026-06-18T18:15:00+0200,2478.11,MW,FR,FR,actual_onshore_wind_generation,Wind Onshore,2026-07-17T04:55:04Z
2026-07-17T04:54:16Z,2026-07-17T06:54:16+0200,4e64d4d3-e4bc-4728-8eea-52acf8983738,2026-06-18T16:30:00Z,2026-06-18T18:30:00+0200,2838.82,MW,FR,FR,actual_onshore_wind_generation,Wind Onshore,2026-07-17T04:55:04Z
2026-07-17T04:54:16Z,2026-07-17T06:54:16+0200,4e64d4d3-e4bc-4728-8eea-52acf8983738,2026-06-18T16:45:00Z,2026-06-18T18:45:00+0200,2974.39,MW,FR,FR,actual_onshore_wind_generation,Wind Onshore,2026-07-17T04:55:04Z
2026-07-17T04:54:16Z,2026-07-17T06:54:16+0200,4e64d4d3-e4bc-4728-8eea-52acf8983738,2026-06-18T17:00:00Z,2026-06-18T19:00:00+0200,3050.25,MW,FR,FR,actual_onshore_wind_generation,Wind Onshore,2026-07-17T04:55:04Z
2026-07-17T04:54:16Z,2026-07-17T06:54:16+0200,4e64d4d3-e4bc-4728-8eea-52acf8983738,2026-06-18T17:15:00Z,2026-06-18T19:15:00+0200,3021.04,MW,FR,FR,actual_onshore_wind_generation,Wind Onshore,2026-07-17T04:55:04Z
2026-07-17T04:54:16Z,2026-07-17T06:54:16+0200,4e64d4d3-e4bc-4728-8eea-52acf8983738,2026-06-18T17:30:00Z,2026-06-18T19:30:00+0200,2763.63,MW,FR,FR,actual_onshore_wind_generation,Wind Onshore,2026-07-17T04:55:04Z
2026-07-17T04:54:16Z,2026-07-17T06:54:16+0200,4e64d4d3-e4bc-4728-8eea-52acf8983738,2026-06-18T17:45:00Z,2026-06-18T19:45:00+0200,2518.27,MW,FR,FR,actual_onshore_wind_generation,Wind Onshore,2026-07-17T04:55:04Z
2026-07-17T04:54:16Z,2026-07-17T06:54:16+0200,4e64d4d3-e4bc-4728-8eea-52acf8983738,2026-06-18T18:00:00Z,2026-06-18T20:00:00+0200,2481.95,MW,FR,FR,actual_onshore_wind_generation,Wind Onshore,2026-07-17T04:55:04Z
2026-07-17T04:54:16Z,2026-07-17T06:54:16+0200,4e64d4d3-e4bc-4728-8eea-52acf8983738,2026-06-18T18:15:00Z,2026-06-18T20:15:00+0200,2540.96,MW,FR,FR,actual_onshore_wind_generation,Wind Onshore,2026-07-17T04:55:04Z
2026-07-17T04:54:16Z,2026-07-17T06:54:16+0200,4e64d4d3-e4bc-4728-8eea-52acf8983738,2026-06-18T18:30:00Z,2026-06-18T20:30:00+0200,2597.91,MW,FR,FR,actual_onshore_wind_generation,Wind Onshore,2026-07-17T04:55:04Z
2026-07-17T04:54:16Z,2026-07-17T06:54:16+0200,4e64d4d3-e4bc-4728-8eea-52acf8983738,2026-06-18T18:45:00Z,2026-06-18T20:45:00+0200,2658.97,MW,FR,FR,actual_onshore_wind_generation,Wind Onshore,2026-07-17T04:55:04Z
2026-07-17T04:54:16Z,2026-07-17T06:54:16+0200,4e64d4d3-e4bc-4728-8eea-52acf8983738,2026-06-18T19:00:00Z,2026-06-18T21:00:00+0200,2743.89,MW,FR,FR,actual_onshore_wind_generation,Wind Onshore,2026-07-17T04:55:04Z
2026-07-17T04:54:16Z,2026-07-17T06:54:16+0200,4e64d4d3-e4bc-4728-8eea-52acf8983738,2026-06-18T19:15:00Z,2026-06-18T21:15:00+0200,3052.03,MW,FR,FR,actual_onshore_wind_generation,Wind Onshore,2026-07-17T04:55:04Z
2026-07-17T04:54:16Z,2026-07-17T06:54:16+0200,4e64d4d3-e4bc-4728-8eea-52acf8983738,2026-06-18T19:30:00Z,2026-06-18T21:30:00+0200,3095.16,MW,FR,FR,actual_onshore_wind_generation,Wind Onshore,2026-07-17T04:55:04Z
2026-07-17T04:54:16Z,2026-07-17T06:54:16+0200,4e64d4d3-e4bc-4728-8eea-52acf8983738,2026-06-18T19:45:00Z,2026-06-18T21:45:00+0200,3369.89,MW,FR,FR,actual_onshore_wind_generation,Wind Onshore,2026-07-17T04:55:04Z
2026-07-17T04:54:16Z,2026-07-17T06:54:16+0200,4e64d4d3-e4bc-4728-8eea-52acf8983738,2026-06-18T20:00:00Z,2026-06-18T22:00:00+0200,3703.18,MW,FR,FR,actual_onshore_wind_generation,Wind Onshore,2026-07-17T04:55:04Z
2026-07-17T04:54:16Z,2026-07-17T06:54:16+0200,4e64d4d3-e4bc-4728-8eea-52acf8983738,2026-06-18T20:15:00Z,2026-06-18T22:15:00+0200,3862.48,MW,FR,FR,actual_onshore_wind_generation,Wind Onshore,2026-07-17T04:55:04Z
2026-07-17T04:54:16Z,2026-07-17T06:54:16+0200,4e64d4d3-e4bc-4728-8eea-52acf8983738,2026-06-18T20:30:00Z,2026-06-18T22:30:00+0200,3979.92,MW,FR,FR,actual_onshore_wind_generation,Wind Onshore,2026-07-17T04:55:04Z
2026-07-17T04:54:16Z,2026-07-17T06:54:16+0200,4e64d4d3-e4bc-4728-8eea-52acf8983738,2026-06-18T20:45:00Z,2026-06-18T22:45:00+0200,4131.91,MW,FR,FR,actual_onshore_wind_generation,Wind Onshore,2026-07-17T04:55:04Z
2026-07-17T04:54:16Z,2026-07-17T06:54:16+0200,4e64d4d3-e4bc-4728-8eea-52acf8983738,2026-06-18T21:00:00Z,2026-06-18T23:00:00+0200,3942.92,MW,FR,FR,actual_onshore_wind_generation,Wind Onshore,2026-07-17T04:55:04Z
2026-07-17T04:54:16Z,2026-07-17T06:54:16+0200,4e64d4d3-e4bc-4728-8eea-52acf8983738,2026-06-18T21:15:00Z,2026-06-18T23:15:00+0200,4025.55,MW,FR,FR,actual_onshore_wind_generation,Wind Onshore,2026-07-17T04:55:04Z
2026-07-17T04:54:16Z,2026-07-17T06:54:16+0200,4e64d4d3-e4bc-4728-8eea-52acf8983738,2026-06-18T21:30:00Z,2026-06-18T23:30:00+0200,4028.33,MW,FR,FR,actual_onshore_wind_generation,Wind Onshore,2026-07-17T04:55:04Z
2026-07-17T04:54:16Z,2026-07-17T06:54:16+0200,4e64d4d3-e4bc-4728-8eea-52acf8983738,2026-06-18T21:45:00Z,2026-06-18T23:45:00+0200,4293.59,MW,FR,FR,actual_onshore_wind_generation,Wind Onshore,2026-07-17T04:55:04Z
2026-07-17T04:54:16Z,2026-07-17T06:54:16+0200,4e64d4d3-e4bc-4728-8eea-52acf8983738,2026-06-18T22:00:00Z,2026-06-19T00:00:00+0200,4719.3,MW,FR,FR,actual_onshore_wind_generation,Wind Onshore,2026-07-17T04:55:04Z
2026-07-17T04:54:16Z,2026-07-17T06:54:16+0200,4e64d4d3-e4bc-4728-8eea-52acf8983738,2026-06-18T22:15:00Z,2026-06-19T00:15:00+0200,5080.92,MW,FR,FR,actual_onshore_wind_generation,Wind Onshore,2026-07-17T04:55:04Z
2026-07-17T04:54:16Z,2026-07-17T06:54:16+0200,4e64d4d3-e4bc-4728-8eea-52acf8983738,2026-06-18T22:30:00Z,2026-06-19T00:30:00+0200,5141.96,MW,FR,FR,actual_onshore_wind_generation,Wind Onshore,2026-07-17T04:55:04Z
2026-07-17T04:54:16Z,2026-07-17T06:54:16+0200,4e64d4d3-e4bc-4728-8eea-52acf8983738,2026-06-18T22:45:00Z,2026-06-19T00:45:00+0200,4898.57,MW,FR,FR,actual_onshore_wind_generation,Wind Onshore,2026-07-17T04:55:04Z
2026-07-17T04:54:16Z,2026-07-17T06:54:16+0200,4e64d4d3-e4bc-4728-8eea-52acf8983738,2026-06-18T23:00:00Z,2026-06-19T01:00:00+0200,4772.28,MW,FR,FR,actual_onshore_wind_generation,Wind Onshore,2026-07-17T04:55:04Z
2026-07-17T04:54:16Z,2026-07-17T06:54:16+0200,4e64d4d3-e4bc-4728-8eea-52acf8983738,2026-06-18T23:15:00Z,2026-06-19T01:15:00+0200,4707.89,MW,FR,FR,actual_onshore_wind_generation,Wind Onshore,2026-07-17T04:55:04Z
2026-07-17T04:54:16Z,2026-07-17T06:54:16+0200,4e64d4d3-e4bc-4728-8eea-52acf8983738,2026-06-18T23:30:00Z,2026-06-19T01:30:00+0200,4872.12,MW,FR,FR,actual_onshore_wind_generation,Wind Onshore,2026-07-17T04:55:04Z
2026-07-17T04:54:16Z,2026-07-17T06:54:16+0200,4e64d4d3-e4bc-4728-8eea-52acf8983738,2026-06-18T23:45:00Z,2026-06-19T01:45:00+0200,5110.81,MW,FR,FR,actual_onshore_wind_generation,Wind Onshore,2026-07-17T04:55:04Z
2026-07-17T04:54:16Z,2026-07-17T06:54:16+0200,4e64d4d3-e4bc-4728-8eea-52acf8983738,2026-06-19T00:00:00Z,2026-06-19T02:00:00+0200,5378.01,MW,FR,FR,actual_onshore_wind_generation,Wind Onshore,2026-07-17T04:55:04Z
2026-07-17T04:54:16Z,2026-07-17T06:54:16+0200,4e64d4d3-e4bc-4728-8eea-52acf8983738,2026-06-19T00:15:00Z,2026-06-19T02:15:00+0200,5515.1,MW,FR,FR,actual_onshore_wind_generation,Wind Onshore,2026-07-17T04:55:04Z
2026-07-17T04:54:16Z,2026-07-17T06:54:16+0200,4e64d4d3-e4bc-4728-8eea-52acf8983738,2026-06-19T00:30:00Z,2026-06-19T02:30:00+0200,5475.77,MW,FR,FR,actual_onshore_wind_generation,Wind Onshore,2026-07-17T04:55:04Z
2026-07-17T04:54:16Z,2026-07-17T06:54:16+0200,4e64d4d3-e4bc-4728-8eea-52acf8983738,2026-06-19T00:45:00Z,2026-06-19T02:45:00+0200,5315.09,MW,FR,FR,actual_onshore_wind_generation,Wind Onshore,2026-07-17T04:55:04Z
2026-07-17T04:54:16Z,2026-07-17T06:54:16+0200,4e64d4d3-e4bc-4728-8eea-52acf8983738,2026-06-19T01:00:00Z,2026-06-19T03:00:00+0200,5187.34,MW,FR,FR,actual_onshore_wind_generation,Wind Onshore,2026-07-17T04:55:04Z
2026-07-17T04:54:16Z,2026-07-17T06:54:16+0200,4e64d4d3-e4bc-4728-8eea-52acf8983738,2026-06-19T01:15:00Z,2026-06-19T03:15:00+0200,5258.84,MW,FR,FR,actual_onshore_wind_generation,Wind Onshore,2026-07-17T04:55:04Z
2026-07-17T04:54:16Z,2026-07-17T06:54:16+0200,4e64d4d3-e4bc-4728-8eea-52acf8983738,2026-06-19T01:30:00Z,2026-06-19T03:30:00+0200,5337.74,MW,FR,FR,actual_onshore_wind_generation,Wind Onshore,2026-07-17T04:55:04Z
2026-07-17T04:54:16Z,2026-07-17T06:54:16+0200,4e64d4d3-e4bc-4728-8eea-52acf8983738,2026-06-19T01:45:00Z,2026-06-19T03:45:00+0200,5452.68,MW,FR,FR,actual_onshore_wind_generation,Wind Onshore,2026-07-17T04:55:04Z
2026-07-17T04:54:16Z,2026-07-17T06:54:16+0200,4e64d4d3-e4bc-4728-8eea-52acf8983738,2026-06-19T02:00:00Z,2026-06-19T04:00:00+0200,5553.84,MW,FR,FR,actual_onshore_wind_generation,Wind Onshore,2026-07-17T04:55:04Z
2026-07-17T04:54:16Z,2026-07-17T06:54:16+0200,4e64d4d3-e4bc-4728-8eea-52acf8983738,2026-06-19T02:15:00Z,2026-06-19T04:15:00+0200,5645.86,MW,FR,FR,actual_onshore_wind_generation,Wind Onshore,2026-07-17T04:55:04Z
2026-07-17T04:54:16Z,2026-07-17T06:54:16+0200,4e64d4d3-e4bc-4728-8eea-52acf8983738,2026-06-19T02:30:00Z,2026-06-19T04:30:00+0200,5692.44,MW,FR,FR,actual_onshore_wind_generation,Wind Onshore,2026-07-17T04:55:04Z
2026-07-17T04:54:16Z,2026-07-17T06:54:16+0200,4e64d4d3-e4bc-4728-8eea-52acf8983738,2026-06-19T02:45:00Z,2026-06-19T04:45:00+0200,5640.14,MW,FR,FR,actual_onshore_wind_generation,Wind Onshore,2026-07-17T04:55:04Z
2026-07-17T04:54:16Z,2026-07-17T06:54:16+0200,4e64d4d3-e4bc-4728-8eea-52acf8983738,2026-06-19T03:00:00Z,2026-06-19T05:00:00+0200,5466.06,MW,FR,FR,actual_onshore_wind_generation,Wind Onshore,2026-07-17T04:55:04Z
2026-07-17T04:54:16Z,2026-07-17T06:54:16+0200,4e64d4d3-e4bc-4728-8eea-52acf8983738,2026-06-19T03:15:00Z,2026-06-19T05:15:00+0200,5283.64,MW,FR,FR,actual_onshore_wind_generation,Wind Onshore,2026-07-17T04:55:04Z
2026-07-17T04:54:16Z,2026-07-17T06:54:16+0200,4e64d4d3-e4bc-4728-8eea-52acf8983738,2026-06-19T03:30:00Z,2026-06-19T05:30:00+0200,5241.83,MW,FR,FR,actual_onshore_wind_generation,Wind Onshore,2026-07-17T04:55:04Z
2026-07-17T04:54:16Z,2026-07-17T06:54:16+0200,4e64d4d3-e4bc-4728-8eea-52acf8983738,2026-06-19T03:45:00Z,2026-06-19T05:45:00+0200,5305.51,MW,FR,FR,actual_onshore_wind_generation,Wind Onshore,2026-07-17T04:55:04Z
2026-07-17T04:54:16Z,2026-07-17T06:54:16+0200,4e64d4d3-e4bc-4728-8eea-52acf8983738,2026-06-19T04:00:00Z,2026-06-19T06:00:00+0200,5500.47,MW,FR,FR,actual_onshore_wind_generation,Wind Onshore,2026-07-17T04:55:04Z
2026-07-17T04:54:16Z,2026-07-17T06:54:16+0200,4e64d4d3-e4bc-4728-8eea-52acf8983738,2026-06-19T04:15:00Z,2026-06-19T06:15:00+0200,5797.37,MW,FR,FR,actual_onshore_wind_generation,Wind Onshore,2026-07-17T04:55:04Z
2026-07-17T04:54:16Z,2026-07-17T06:54:16+0200,4e64d4d3-e4bc-4728-8eea-52acf8983738,2026-06-19T04:30:00Z,2026-06-19T06:30:00+0200,6045.18,MW,FR,FR,actual_onshore_wind_generation,Wind Onshore,2026-07-17T04:55:04Z
2026-07-17T04:54:16Z,2026-07-17T06:54:16+0200,4e64d4d3-e4bc-4728-8eea-52acf8983738,2026-06-19T04:45:00Z,2026-06-19T06:45:00+0200,6160.03,MW,FR,FR,actual_onshore_wind_generation,Wind Onshore,2026-07-17T04:55:04Z
2026-07-17T04:54:16Z,2026-07-17T06:54:16+0200,4e64d4d3-e4bc-4728-8eea-52acf8983738,2026-06-19T05:00:00Z,2026-06-19T07:00:00+0200,6125.23,MW,FR,FR,actual_onshore_wind_generation,Wind Onshore,2026-07-17T04:55:04Z
2026-07-17T04:54:16Z,2026-07-17T06:54:16+0200,4e64d4d3-e4bc-4728-8eea-52acf8983738,2026-06-19T05:15:00Z,2026-06-19T07:15:00+0200,5977.36,MW,FR,FR,actual_onshore_wind_generation,Wind Onshore,2026-07-17T04:55:04Z
2026-07-17T04:54:16Z,2026-07-17T06:54:16+0200,4e64d4d3-e4bc-4728-8eea-52acf8983738,2026-06-19T05:30:00Z,2026-06-19T07:30:00+0200,5723.47,MW,FR,FR,actual_onshore_wind_generation,Wind Onshore,2026-07-17T04:55:04Z
2026-07-17T04:54:16Z,2026-07-17T06:54:16+0200,4e64d4d3-e4bc-4728-8eea-52acf8983738,2026-06-19T05:45:00Z,2026-06-19T07:45:00+0200,5333.09,MW,FR,FR,actual_onshore_wind_generation,Wind Onshore,2026-07-17T04:55:04Z
2026-07-17T04:54:16Z,2026-07-17T06:54:16+0200,4e64d4d3-e4bc-4728-8eea-52acf8983738,2026-06-19T06:00:00Z,2026-06-19T08:00:00+0200,4959.31,MW,FR,FR,actual_onshore_wind_generation,Wind Onshore,2026-07-17T04:55:04Z
2026-07-17T04:54:16Z,2026-07-17T06:54:16+0200,4e64d4d3-e4bc-4728-8eea-52acf8983738,2026-06-19T06:15:00Z,2026-06-19T08:15:00+0200,4607.23,MW,FR,FR,actual_onshore_wind_generation,Wind Onshore,2026-07-17T04:55:04Z
2026-07-17T04:54:16Z,2026-07-17T06:54:16+0200,4e64d4d3-e4bc-4728-8eea-52acf8983738,2026-06-19T06:30:00Z,2026-06-19T08:30:00+0200,4265.98,MW,FR,FR,actual_onshore_wind_generation,Wind Onshore,2026-07-17T04:55:04Z
2026-07-17T04:54:16Z,2026-07-17T06:54:16+0200,4e64d4d3-e4bc-4728-8eea-52acf8983738,2026-06-19T06:45:00Z,2026-06-19T08:45:00+0200,3916.92,MW,FR,FR,actual_onshore_wind_generation,Wind Onshore,2026-07-17T04:55:04Z
2026-07-17T04:54:16Z,2026-07-17T06:54:16+0200,4e64d4d3-e4bc-4728-8eea-52acf8983738,2026-06-19T07:00:00Z,2026-06-19T09:00:00+0200,3645.68,MW,FR,FR,actual_onshore_wind_generation,Wind Onshore,2026-07-17T04:55:04Z
2026-07-17T04:54:16Z,2026-07-17T06:54:16+0200,4e64d4d3-e4bc-4728-8eea-52acf8983738,2026-06-19T07:15:00Z,2026-06-19T09:15:00+0200,3401.06,MW,FR,FR,actual_onshore_wind_generation,Wind Onshore,2026-07-17T04:55:04Z
2026-07-17T04:54:16Z,2026-07-17T06:54:16+0200,4e64d4d3-e4bc-4728-8eea-52acf8983738,2026-06-19T07:30:00Z,2026-06-19T09:30:00+0200,3236.12,MW,FR,FR,actual_onshore_wind_generation,Wind Onshore,2026-07-17T04:55:04Z
2026-07-17T04:54:16Z,2026-07-17T06:54:16+0200,4e64d4d3-e4bc-4728-8eea-52acf8983738,2026-06-19T07:45:00Z,2026-06-19T09:45:00+0200,3030.44,MW,FR,FR,actual_onshore_wind_generation,Wind Onshore,2026-07-17T04:55:04Z
2026-07-17T04:54:16Z,2026-07-17T06:54:16+0200,4e64d4d3-e4bc-4728-8eea-52acf8983738,2026-06-19T08:00:00Z,2026-06-19T10:00:00+0200,2806.9,MW,FR,FR,actual_onshore_wind_generation,Wind Onshore,2026-07-17T04:55:04Z
2026-07-17T04:54:16Z,2026-07-17T06:54:16+0200,4e64d4d3-e4bc-4728-8eea-52acf8983738,2026-06-19T08:15:00Z,2026-06-19T10:15:00+0200,2639.46,MW,FR,FR,actual_onshore_wind_generation,Wind Onshore,2026-07-17T04:55:04Z
2026-07-17T04:54:16Z,2026-07-17T06:54:16+0200,4e64d4d3-e4bc-4728-8eea-52acf8983738,2026-06-19T08:30:00Z,2026-06-19T10:30:00+0200,2496.61,MW,FR,FR,actual_onshore_wind_generation,Wind Onshore,2026-07-17T04:55:04Z
2026-07-17T04:54:16Z,2026-07-17T06:54:16+0200,4e64d4d3-e4bc-4728-8eea-52acf8983738,2026-06-19T08:45:00Z,2026-06-19T10:45:00+0200,2425.6,MW,FR,FR,actual_onshore_wind_generation,Wind Onshore,2026-07-17T04:55:04Z
2026-07-17T04:54:16Z,2026-07-17T06:54:16+0200,4e64d4d3-e4bc-4728-8eea-52acf8983738,2026-06-19T09:00:00Z,2026-06-19T11:00:00+0200,2323.63,MW,FR,FR,actual_onshore_wind_generation,Wind Onshore,2026-07-17T04:55:04Z
2026-07-17T04:54:16Z,2026-07-17T06:54:16+0200,4e64d4d3-e4bc-4728-8eea-52acf8983738,2026-06-19T09:15:00Z,2026-06-19T11:15:00+0200,2156.48,MW,FR,FR,actual_onshore_wind_generation,Wind Onshore,2026-07-17T04:55:04Z
2026-07-17T04:54:16Z,2026-07-17T06:54:16+0200,4e64d4d3-e4bc-4728-8eea-52acf8983738,2026-06-19T09:30:00Z,2026-06-19T11:30:00+0200,2049.59,MW,FR,FR,actual_onshore_wind_generation,Wind Onshore,2026-07-17T04:55:04Z
2026-07-17T04:54:16Z,2026-07-17T06:54:16+0200,4e64d4d3-e4bc-4728-8eea-52acf8983738,2026-06-19T09:45:00Z,2026-06-19T11:45:00+0200,1991.51,MW,FR,FR,actual_onshore_wind_generation,Wind Onshore,2026-07-17T04:55:04Z
2026-07-17T04:54:16Z,2026-07-17T06:54:16+0200,4e64d4d3-e4bc-4728-8eea-52acf8983738,2026-06-19T10:00:00Z,2026-06-19T12:00:00+0200,1931.89,MW,FR,FR,actual_onshore_wind_generation,Wind Onshore,2026-07-17T04:55:04Z
2026-07-17T04:54:16Z,2026-07-17T06:54:16+0200,4e64d4d3-e4bc-4728-8eea-52acf8983738,2026-06-19T10:15:00Z,2026-06-19T12:15:00+0200,1924.13,MW,FR,FR,actual_onshore_wind_generation,Wind Onshore,2026-07-17T04:55:04Z
2026-07-17T04:54:16Z,2026-07-17T06:54:16+0200,4e64d4d3-e4bc-4728-8eea-52acf8983738,2026-06-19T10:30:00Z,2026-06-19T12:30:00+0200,1943.4,MW,FR,FR,actual_onshore_wind_generation,Wind Onshore,2026-07-17T04:55:04Z
2026-07-17T04:54:16Z,2026-07-17T06:54:16+0200,4e64d4d3-e4bc-4728-8eea-52acf8983738,2026-06-19T10:45:00Z,2026-06-19T12:45:00+0200,1969.95,MW,FR,FR,actual_onshore_wind_generation,Wind Onshore,2026-07-17T04:55:04Z
2026-07-17T04:54:16Z,2026-07-17T06:54:16+0200,4e64d4d3-e4bc-4728-8eea-52acf8983738,2026-06-19T11:00:00Z,2026-06-19T13:00:00+0200,1939.59,MW,FR,FR,actual_onshore_wind_generation,Wind Onshore,2026-07-17T04:55:04Z
2026-07-17T04:54:16Z,2026-07-17T06:54:16+0200,4e64d4d3-e4bc-4728-8eea-52acf8983738,2026-06-19T11:15:00Z,2026-06-19T13:15:00+0200,1997.79,MW,FR,FR,actual_onshore_wind_generation,Wind Onshore,2026-07-17T04:55:04Z
2026-07-17T04:54:16Z,2026-07-17T06:54:16+0200,4e64d4d3-e4bc-4728-8eea-52acf8983738,2026-06-19T11:30:00Z,2026-06-19T13:30:00+0200,2022.66,MW,FR,FR,actual_onshore_wind_generation,Wind Onshore,2026-07-17T04:55:04Z
2026-07-17T04:54:16Z,2026-07-17T06:54:16+0200,4e64d4d3-e4bc-4728-8eea-52acf8983738,2026-06-19T11:45:00Z,2026-06-19T13:45:00+0200,2097.97,MW,FR,FR,actual_onshore_wind_generation,Wind Onshore,2026-07-17T04:55:04Z
2026-07-17T04:54:16Z,2026-07-17T06:54:16+0200,4e64d4d3-e4bc-4728-8eea-52acf8983738,2026-06-19T12:00:00Z,2026-06-19T14:00:00+0200,2172.99,MW,FR,FR,actual_onshore_wind_generation,Wind Onshore,2026-07-17T04:55:04Z
2026-07-17T04:54:16Z,2026-07-17T06:54:16+0200,4e64d4d3-e4bc-4728-8eea-52acf8983738,2026-06-19T12:15:00Z,2026-06-19T14:15:00+0200,2256.48,MW,FR,FR,actual_onshore_wind_generation,Wind Onshore,2026-07-17T04:55:04Z
2026-07-17T04:54:16Z,2026-07-17T06:54:16+0200,4e64d4d3-e4bc-4728-8eea-52acf8983738,2026-06-19T12:30:00Z,2026-06-19T14:30:00+0200,2328.38,MW,FR,FR,actual_onshore_wind_generation,Wind Onshore,2026-07-17T04:55:04Z
2026-07-17T04:54:16Z,2026-07-17T06:54:16+0200,4e64d4d3-e4bc-4728-8eea-52acf8983738,2026-06-19T12:45:00Z,2026-06-19T14:45:00+0200,2365.75,MW,FR,FR,actual_onshore_wind_generation,Wind Onshore,2026-07-17T04:55:04Z
2026-07-17T04:54:16Z,2026-07-17T06:54:16+0200,4e64d4d3-e4bc-4728-8eea-52acf8983738,2026-06-19T13:00:00Z,2026-06-19T15:00:00+0200,2385.47,MW,FR,FR,actual_onshore_wind_generation,Wind Onshore,2026-07-17T04:55:04Z
2026-07-17T04:54:16Z,2026-07-17T06:54:16+0200,4e64d4d3-e4bc-4728-8eea-52acf8983738,2026-06-19T13:15:00Z,2026-06-19T15:15:00+0200,2510.83,MW,FR,FR,actual_onshore_wind_generation,Wind Onshore,2026-07-17T04:55:04Z
2026-07-17T04:54:16Z,2026-07-17T06:54:16+0200,4e64d4d3-e4bc-4728-8eea-52acf8983738,2026-06-19T13:30:00Z,2026-06-19T15:30:00+0200,2639.44,MW,FR,FR,actual_onshore_wind_generation,Wind Onshore,2026-07-17T04:55:04Z
2026-07-17T04:54:16Z,2026-07-17T06:54:16+0200,4e64d4d3-e4bc-4728-8eea-52acf8983738,2026-06-19T13:45:00Z,2026-06-19T15:45:00+0200,2761.74,MW,FR,FR,actual_onshore_wind_generation,Wind Onshore,2026-07-17T04:55:04Z
2026-07-17T04:54:16Z,2026-07-17T06:54:16+0200,4e64d4d3-e4bc-4728-8eea-52acf8983738,2026-06-19T14:00:00Z,2026-06-19T16:00:00+0200,2845.71,MW,FR,FR,actual_onshore_wind_generation,Wind Onshore,2026-07-17T04:55:04Z
2026-07-17T04:54:16Z,2026-07-17T06:54:16+0200,4e64d4d3-e4bc-4728-8eea-52acf8983738,2026-06-19T14:15:00Z,2026-06-19T16:15:00+0200,2925.0,MW,FR,FR,actual_onshore_wind_generation,Wind Onshore,2026-07-17T04:55:04Z
2026-07-17T04:54:16Z,2026-07-17T06:54:16+0200,4e64d4d3-e4bc-4728-8eea-52acf8983738,2026-06-19T14:30:00Z,2026-06-19T16:30:00+0200,2916.41,MW,FR,FR,actual_onshore_wind_generation,Wind Onshore,2026-07-17T04:55:04Z
2026-07-17T04:54:16Z,2026-07-17T06:54:16+0200,4e64d4d3-e4bc-4728-8eea-52acf8983738,2026-06-19T14:45:00Z,2026-06-19T16:45:00+0200,2964.69,MW,FR,FR,actual_onshore_wind_generation,Wind Onshore,2026-07-17T04:55:04Z
2026-07-17T04:54:16Z,2026-07-17T06:54:16+0200,4e64d4d3-e4bc-4728-8eea-52acf8983738,2026-06-19T15:00:00Z,2026-06-19T17:00:00+0200,2948.83,MW,FR,FR,actual_onshore_wind_generation,Wind Onshore,2026-07-17T04:55:04Z
2026-07-17T04:54:16Z,2026-07-17T06:54:16+0200,4e64d4d3-e4bc-4728-8eea-52acf8983738,2026-06-19T15:15:00Z,2026-06-19T17:15:00+0200,2943.24,MW,FR,FR,actual_onshore_wind_generation,Wind Onshore,2026-07-17T04:55:04Z
2026-07-17T04:54:16Z,2026-07-17T06:54:16+0200,4e64d4d3-e4bc-4728-8eea-52acf8983738,2026-06-19T15:30:00Z,2026-06-19T17:30:00+0200,2883.89,MW,FR,FR,actual_onshore_wind_generation,Wind Onshore,2026-07-17T04:55:04Z
2026-07-17T04:54:16Z,2026-07-17T06:54:16+0200,4e64d4d3-e4bc-4728-8eea-52acf8983738,2026-06-19T15:45:00Z,2026-06-19T17:45:00+0200,3025.43,MW,FR,FR,actual_onshore_wind_generation,Wind Onshore,2026-07-17T04:55:04Z
2026-07-17T04:54:16Z,2026-07-17T06:54:16+0200,4e64d4d3-e4bc-4728-8eea-52acf8983738,2026-06-19T16:00:00Z,2026-06-19T18:00:00+0200,2976.11,MW,FR,FR,actual_onshore_wind_generation,Wind Onshore,2026-07-17T04:55:04Z
2026-07-17T04:54:16Z,2026-07-17T06:54:16+0200,4e64d4d3-e4bc-4728-8eea-52acf8983738,2026-06-19T16:15:00Z,2026-06-19T18:15:00+0200,3154.06,MW,FR,FR,actual_onshore_wind_generation,Wind Onshore,2026-07-17T04:55:04Z
2026-07-17T04:54:16Z,2026-07-17T06:54:16+0200,4e64d4d3-e4bc-4728-8eea-52acf8983738,2026-06-19T16:30:00Z,2026-06-19T18:30:00+0200,3472.61,MW,FR,FR,actual_onshore_wind_generation,Wind Onshore,2026-07-17T04:55:04Z
2026-07-17T04:54:16Z,2026-07-17T06:54:16+0200,4e64d4d3-e4bc-4728-8eea-52acf8983738,2026-06-19T16:45:00Z,2026-06-19T18:45:00+0200,3392.45,MW,FR,FR,actual_onshore_wind_generation,Wind Onshore,2026-07-17T04:55:04Z
2026-07-17T04:54:16Z,2026-07-17T06:54:16+0200,4e64d4d3-e4bc-4728-8eea-52acf8983738,2026-06-19T17:00:00Z,2026-06-19T19:00:00+0200,3219.22,MW,FR,FR,actual_onshore_wind_generation,Wind Onshore,2026-07-17T04:55:04Z
2026-07-17T04:54:16Z,2026-07-17T06:54:16+0200,4e64d4d3-e4bc-4728-8eea-52acf8983738,2026-06-19T17:15:00Z,2026-06-19T19:15:00+0200,2878.23,MW,FR,FR,actual_onshore_wind_generation,Wind Onshore,2026-07-17T04:55:04Z
2026-07-17T04:54:16Z,2026-07-17T06:54:16+0200,4e64d4d3-e4bc-4728-8eea-52acf8983738,2026-06-19T17:30:00Z,2026-06-19T19:30:00+0200,2625.87,MW,FR,FR,actual_onshore_wind_generation,Wind Onshore,2026-07-17T04:55:04Z
2026-07-17T04:54:16Z,2026-07-17T06:54:16+0200,4e64d4d3-e4bc-4728-8eea-52acf8983738,2026-06-19T17:45:00Z,2026-06-19T19:45:00+0200,2541.61,MW,FR,FR,actual_onshore_wind_generation,Wind Onshore,2026-07-17T04:55:04Z
2026-07-17T04:54:16Z,2026-07-17T06:54:16+0200,4e64d4d3-e4bc-4728-8eea-52acf8983738,2026-06-19T18:00:00Z,2026-06-19T20:00:00+0200,2390.83,MW,FR,FR,actual_onshore_wind_generation,Wind Onshore,2026-07-17T04:55:04Z
2026-07-17T04:54:16Z,2026-07-17T06:54:16+0200,4e64d4d3-e4bc-4728-8eea-52acf8983738,2026-06-19T18:15:00Z,2026-06-19T20:15:00+0200,2305.83,MW,FR,FR,actual_onshore_wind_generation,Wind Onshore,2026-07-17T04:55:04Z
2026-07-17T04:54:16Z,2026-07-17T06:54:16+0200,4e64d4d3-e4bc-4728-8eea-52acf8983738,2026-06-19T18:30:00Z,2026-06-19T20:30:00+0200,2310.64,MW,FR,FR,actual_onshore_wind_generation,Wind Onshore,2026-07-17T04:55:04Z
2026-07-17T04:54:16Z,2026-07-17T06:54:16+0200,4e64d4d3-e4bc-4728-8eea-52acf8983738,2026-06-19T18:45:00Z,2026-06-19T20:45:00+0200,2403.94,MW,FR,FR,actual_onshore_wind_generation,Wind Onshore,2026-07-17T04:55:04Z
2026-07-17T04:54:16Z,2026-07-17T06:54:16+0200,4e64d4d3-e4bc-4728-8eea-52acf8983738,2026-06-19T19:00:00Z,2026-06-19T21:00:00+0200,2377.74,MW,FR,FR,actual_onshore_wind_generation,Wind Onshore,2026-07-17T04:55:04Z
2026-07-17T04:54:16Z,2026-07-17T06:54:16+0200,4e64d4d3-e4bc-4728-8eea-52acf8983738,2026-06-19T19:15:00Z,2026-06-19T21:15:00+0200,2240.83,MW,FR,FR,actual_onshore_wind_generation,Wind Onshore,2026-07-17T04:55:04Z
2026-07-17T04:54:16Z,2026-07-17T06:54:16+0200,4e64d4d3-e4bc-4728-8eea-52acf8983738,2026-06-19T19:30:00Z,2026-06-19T21:30:00+0200,2262.75,MW,FR,FR,actual_onshore_wind_generation,Wind Onshore,2026-07-17T04:55:04Z
2026-07-17T04:54:16Z,2026-07-17T06:54:16+0200,4e64d4d3-e4bc-4728-8eea-52acf8983738,2026-06-19T19:45:00Z,2026-06-19T21:45:00+0200,2353.14,MW,FR,FR,actual_onshore_wind_generation,Wind Onshore,2026-07-17T04:55:04Z
2026-07-17T04:54:16Z,2026-07-17T06:54:16+0200,4e64d4d3-e4bc-4728-8eea-52acf8983738,2026-06-19T20:00:00Z,2026-06-19T22:00:00+0200,2410.64,MW,FR,FR,actual_onshore_wind_generation,Wind Onshore,2026-07-17T04:55:04Z
2026-07-17T04:54:16Z,2026-07-17T06:54:16+0200,4e64d4d3-e4bc-4728-8eea-52acf8983738,2026-06-19T20:15:00Z,2026-06-19T22:15:00+0200,2553.79,MW,FR,FR,actual_onshore_wind_generation,Wind Onshore,2026-07-17T04:55:04Z
2026-07-17T04:54:16Z,2026-07-17T06:54:16+0200,4e64d4d3-e4bc-4728-8eea-52acf8983738,2026-06-19T20:30:00Z,2026-06-19T22:30:00+0200,2599.91,MW,FR,FR,actual_onshore_wind_generation,Wind Onshore,2026-07-17T04:55:04Z
2026-07-17T04:54:16Z,2026-07-17T06:54:16+0200,4e64d4d3-e4bc-4728-8eea-52acf8983738,2026-06-19T20:45:00Z,2026-06-19T22:45:00+0200,2597.41,MW,FR,FR,actual_onshore_wind_generation,Wind Onshore,2026-07-17T04:55:04Z
2026-07-17T04:54:16Z,2026-07-17T06:54:16+0200,4e64d4d3-e4bc-4728-8eea-52acf8983738,2026-06-19T21:00:00Z,2026-06-19T23:00:00+0200,2598.67,MW,FR,FR,actual_onshore_wind_generation,Wind Onshore,2026-07-17T04:55:04Z
2026-07-17T04:54:16Z,2026-07-17T06:54:16+0200,4e64d4d3-e4bc-4728-8eea-52acf8983738,2026-06-19T21:15:00Z,2026-06-19T23:15:00+0200,2603.52,MW,FR,FR,actual_onshore_wind_generation,Wind Onshore,2026-07-17T04:55:04Z
2026-07-17T04:54:16Z,2026-07-17T06:54:16+0200,4e64d4d3-e4bc-4728-8eea-52acf8983738,2026-06-19T21:30:00Z,2026-06-19T23:30:00+0200,2621.29,MW,FR,FR,actual_onshore_wind_generation,Wind Onshore,2026-07-17T04:55:04Z
2026-07-17T04:54:16Z,2026-07-17T06:54:16+0200,4e64d4d3-e4bc-4728-8eea-52acf8983738,2026-06-19T21:45:00Z,2026-06-19T23:45:00+0200,2677.29,MW,FR,FR,actual_onshore_wind_generation,Wind Onshore,2026-07-17T04:55:04Z
2026-07-17T04:54:16Z,2026-07-17T06:54:16+0200,4e64d4d3-e4bc-4728-8eea-52acf8983738,2026-06-19T22:00:00Z,2026-06-20T00:00:00+0200,2766.39,MW,FR,FR,actual_onshore_wind_generation,Wind Onshore,2026-07-17T04:55:04Z
2026-07-17T04:54:16Z,2026-07-17T06:54:16+0200,4e64d4d3-e4bc-4728-8eea-52acf8983738,2026-06-19T22:15:00Z,2026-06-20T00:15:00+0200,2861.44,MW,FR,FR,actual_onshore_wind_generation,Wind Onshore,2026-07-17T04:55:04Z
2026-07-17T04:54:16Z,2026-07-17T06:54:16+0200,4e64d4d3-e4bc-4728-8eea-52acf8983738,2026-06-19T22:30:00Z,2026-06-20T00:30:00+0200,2877.86,MW,FR,FR,actual_onshore_wind_generation,Wind Onshore,2026-07-17T04:55:04Z
2026-07-17T04:54:16Z,2026-07-17T06:54:16+0200,4e64d4d3-e4bc-4728-8eea-52acf8983738,2026-06-19T22:45:00Z,2026-06-20T00:45:00+0200,2904.74,MW,FR,FR,actual_onshore_wind_generation,Wind Onshore,2026-07-17T04:55:04Z
2026-07-17T04:54:16Z,2026-07-17T06:54:16+0200,4e64d4d3-e4bc-4728-8eea-52acf8983738,2026-06-19T23:00:00Z,2026-06-20T01:00:00+0200,2892.04,MW,FR,FR,actual_onshore_wind_generation,Wind Onshore,2026-07-17T04:55:04Z
2026-07-17T04:54:16Z,2026-07-17T06:54:16+0200,4e64d4d3-e4bc-4728-8eea-52acf8983738,2026-06-19T23:15:00Z,2026-06-20T01:15:00+0200,2927.09,MW,FR,FR,actual_onshore_wind_generation,Wind Onshore,2026-07-17T04:55:04Z
2026-07-17T04:54:16Z,2026-07-17T06:54:16+0200,4e64d4d3-e4bc-4728-8eea-52acf8983738,2026-06-19T23:30:00Z,2026-06-20T01:30:00+0200,2996.11,MW,FR,FR,actual_onshore_wind_generation,Wind Onshore,2026-07-17T04:55:04Z
2026-07-17T04:54:16Z,2026-07-17T06:54:16+0200,4e64d4d3-e4bc-4728-8eea-52acf8983738,2026-06-19T23:45:00Z,2026-06-20T01:45:00+0200,2996.74,MW,FR,FR,actual_onshore_wind_generation,Wind Onshore,2026-07-17T04:55:04Z
2026-07-17T04:54:16Z,2026-07-17T06:54:16+0200,4e64d4d3-e4bc-4728-8eea-52acf8983738,2026-06-20T00:00:00Z,2026-06-20T02:00:00+0200,2905.76,MW,FR,FR,actual_onshore_wind_generation,Wind Onshore,2026-07-17T04:55:04Z
2026-07-17T04:54:16Z,2026-07-17T06:54:16+0200,4e64d4d3-e4bc-4728-8eea-52acf8983738,2026-06-20T00:15:00Z,2026-06-20T02:15:00+0200,2811.29,MW,FR,FR,actual_onshore_wind_generation,Wind Onshore,2026-07-17T04:55:04Z
2026-07-17T04:54:16Z,2026-07-17T06:54:16+0200,4e64d4d3-e4bc-4728-8eea-52acf8983738,2026-06-20T00:30:00Z,2026-06-20T02:30:00+0200,2715.87,MW,FR,FR,actual_onshore_wind_generation,Wind Onshore,2026-07-17T04:55:04Z
2026-07-17T04:54:16Z,2026-07-17T06:54:16+0200,4e64d4d3-e4bc-4728-8eea-52acf8983738,2026-06-20T00:45:00Z,2026-06-20T02:45:00+0200,2591.65,MW,FR,FR,actual_onshore_wind_generation,Wind Onshore,2026-07-17T04:55:04Z
2026-07-17T04:54:16Z,2026-07-17T06:54:16+0200,4e64d4d3-e4bc-4728-8eea-52acf8983738,2026-06-20T01:00:00Z,2026-06-20T03:00:00+0200,2500.32,MW,FR,FR,actual_onshore_wind_generation,Wind Onshore,2026-07-17T04:55:04Z
2026-07-17T04:54:16Z,2026-07-17T06:54:16+0200,4e64d4d3-e4bc-4728-8eea-52acf8983738,2026-06-20T01:15:00Z,2026-06-20T03:15:00+0200,2405.63,MW,FR,FR,actual_onshore_wind_generation,Wind Onshore,2026-07-17T04:55:04Z
2026-07-17T04:54:16Z,2026-07-17T06:54:16+0200,4e64d4d3-e4bc-4728-8eea-52acf8983738,2026-06-20T01:30:00Z,2026-06-20T03:30:00+0200,2313.33,MW,FR,FR,actual_onshore_wind_generation,Wind Onshore,2026-07-17T04:55:04Z
2026-07-17T04:54:16Z,2026-07-17T06:54:16+0200,4e64d4d3-e4bc-4728-8eea-52acf8983738,2026-06-20T01:45:00Z,2026-06-20T03:45:00+0200,2208.13,MW,FR,FR,actual_onshore_wind_generation,Wind Onshore,2026-07-17T04:55:04Z
2026-07-17T04:54:16Z,2026-07-17T06:54:16+0200,4e64d4d3-e4bc-4728-8eea-52acf8983738,2026-06-20T02:00:00Z,2026-06-20T04:00:00+0200,2130.2,MW,FR,FR,actual_onshore_wind_generation,Wind Onshore,2026-07-17T04:55:04Z
2026-07-17T04:54:16Z,2026-07-17T06:54:16+0200,4e64d4d3-e4bc-4728-8eea-52acf8983738,2026-06-20T02:15:00Z,2026-06-20T04:15:00+0200,2073.23,MW,FR,FR,actual_onshore_wind_generation,Wind Onshore,2026-07-17T04:55:04Z
2026-07-17T04:54:16Z,2026-07-17T06:54:16+0200,4e64d4d3-e4bc-4728-8eea-52acf8983738,2026-06-20T02:30:00Z,2026-06-20T04:30:00+0200,2020.5,MW,FR,FR,actual_onshore_wind_generation,Wind Onshore,2026-07-17T04:55:04Z
2026-07-17T04:54:16Z,2026-07-17T06:54:16+0200,4e64d4d3-e4bc-4728-8eea-52acf8983738,2026-06-20T02:45:00Z,2026-06-20T04:45:00+0200,2006.44,MW,FR,FR,actual_onshore_wind_generation,Wind Onshore,2026-07-17T04:55:04Z
2026-07-17T04:54:16Z,2026-07-17T06:54:16+0200,4e64d4d3-e4bc-4728-8eea-52acf8983738,2026-06-20T03:00:00Z,2026-06-20T05:00:00+0200,2003.97,MW,FR,FR,actual_onshore_wind_generation,Wind Onshore,2026-07-17T04:55:04Z
2026-07-17T04:54:16Z,2026-07-17T06:54:16+0200,4e64d4d3-e4bc-4728-8eea-52acf8983738,2026-06-20T03:15:00Z,2026-06-20T05:15:00+0200,1962.76,MW,FR,FR,actual_onshore_wind_generation,Wind Onshore,2026-07-17T04:55:04Z
2026-07-17T04:54:16Z,2026-07-17T06:54:16+0200,4e64d4d3-e4bc-4728-8eea-52acf8983738,2026-06-20T03:30:00Z,2026-06-20T05:30:00+0200,1940.8,MW,FR,FR,actual_onshore_wind_generation,Wind Onshore,2026-07-17T04:55:04Z
2026-07-17T04:54:16Z,2026-07-17T06:54:16+0200,4e64d4d3-e4bc-4728-8eea-52acf8983738,2026-06-20T03:45:00Z,2026-06-20T05:45:00+0200,1926.69,MW,FR,FR,actual_onshore_wind_generation,Wind Onshore,2026-07-17T04:55:04Z
2026-07-17T04:54:16Z,2026-07-17T06:54:16+0200,4e64d4d3-e4bc-4728-8eea-52acf8983738,2026-06-20T04:00:00Z,2026-06-20T06:00:00+0200,1930.94,MW,FR,FR,actual_onshore_wind_generation,Wind Onshore,2026-07-17T04:55:04Z
2026-07-17T04:54:16Z,2026-07-17T06:54:16+0200,4e64d4d3-e4bc-4728-8eea-52acf8983738,2026-06-20T04:15:00Z,2026-06-20T06:15:00+0200,1895.41,MW,FR,FR,actual_onshore_wind_generation,Wind Onshore,2026-07-17T04:55:04Z
2026-07-17T04:54:16Z,2026-07-17T06:54:16+0200,4e64d4d3-e4bc-4728-8eea-52acf8983738,2026-06-20T04:30:00Z,2026-06-20T06:30:00+0200,1843.43,MW,FR,FR,actual_onshore_wind_generation,Wind Onshore,2026-07-17T04:55:04Z
2026-07-17T04:54:16Z,2026-07-17T06:54:16+0200,4e64d4d3-e4bc-4728-8eea-52acf8983738,2026-06-20T04:45:00Z,2026-06-20T06:45:00+0200,1801.45,MW,FR,FR,actual_onshore_wind_generation,Wind Onshore,2026-07-17T04:55:04Z
2026-07-17T04:54:16Z,2026-07-17T06:54:16+0200,4e64d4d3-e4bc-4728-8eea-52acf8983738,2026-06-20T05:00:00Z,2026-06-20T07:00:00+0200,1773.94,MW,FR,FR,actual_onshore_wind_generation,Wind Onshore,2026-07-17T04:55:04Z
2026-07-17T04:54:16Z,2026-07-17T06:54:16+0200,4e64d4d3-e4bc-4728-8eea-52acf8983738,2026-06-20T05:15:00Z,2026-06-20T07:15:00+0200,1709.33,MW,FR,FR,actual_onshore_wind_generation,Wind Onshore,2026-07-17T04:55:04Z
2026-07-17T04:54:16Z,2026-07-17T06:54:16+0200,4e64d4d3-e4bc-4728-8eea-52acf8983738,2026-06-20T05:30:00Z,2026-06-20T07:30:00+0200,1632.25,MW,FR,FR,actual_onshore_wind_generation,Wind Onshore,2026-07-17T04:55:04Z
2026-07-17T04:54:16Z,2026-07-17T06:54:16+0200,4e64d4d3-e4bc-4728-8eea-52acf8983738,2026-06-20T05:45:00Z,2026-06-20T07:45:00+0200,1495.61,MW,FR,FR,actual_onshore_wind_generation,Wind Onshore,2026-07-17T04:55:04Z
2026-07-17T04:54:16Z,2026-07-17T06:54:16+0200,4e64d4d3-e4bc-4728-8eea-52acf8983738,2026-06-20T06:00:00Z,2026-06-20T08:00:00+0200,1405.59,MW,FR,FR,actual_onshore_wind_generation,Wind Onshore,2026-07-17T04:55:04Z
2026-07-17T04:54:16Z,2026-07-17T06:54:16+0200,4e64d4d3-e4bc-4728-8eea-52acf8983738,2026-06-20T06:15:00Z,2026-06-20T08:15:00+0200,1315.35,MW,FR,FR,actual_onshore_wind_generation,Wind Onshore,2026-07-17T04:55:04Z
2026-07-17T04:54:16Z,2026-07-17T06:54:16+0200,4e64d4d3-e4bc-4728-8eea-52acf8983738,2026-06-20T06:30:00Z,2026-06-20T08:30:00+0200,1261.17,MW,FR,FR,actual_onshore_wind_generation,Wind Onshore,2026-07-17T04:55:04Z
2026-07-17T04:54:16Z,2026-07-17T06:54:16+0200,4e64d4d3-e4bc-4728-8eea-52acf8983738,2026-06-20T06:45:00Z,2026-06-20T08:45:00+0200,1224.38,MW,FR,FR,actual_onshore_wind_generation,Wind Onshore,2026-07-17T04:55:04Z
2026-07-17T04:54:16Z,2026-07-17T06:54:16+0200,4e64d4d3-e4bc-4728-8eea-52acf8983738,2026-06-20T07:00:00Z,2026-06-20T09:00:00+0200,1170.72,MW,FR,FR,actual_onshore_wind_generation,Wind Onshore,2026-07-17T04:55:04Z
2026-07-17T04:54:16Z,2026-07-17T06:54:16+0200,4e64d4d3-e4bc-4728-8eea-52acf8983738,2026-06-20T07:15:00Z,2026-06-20T09:15:00+0200,1125.36,MW,FR,FR,actual_onshore_wind_generation,Wind Onshore,2026-07-17T04:55:04Z
2026-07-17T04:54:16Z,2026-07-17T06:54:16+0200,4e64d4d3-e4bc-4728-8eea-52acf8983738,2026-06-20T07:30:00Z,2026-06-20T09:30:00+0200,1133.46,MW,FR,FR,actual_onshore_wind_generation,Wind Onshore,2026-07-17T04:55:04Z
2026-07-17T04:54:16Z,2026-07-17T06:54:16+0200,4e64d4d3-e4bc-4728-8eea-52acf8983738,2026-06-20T07:45:00Z,2026-06-20T09:45:00+0200,1102.84,MW,FR,FR,actual_onshore_wind_generation,Wind Onshore,2026-07-17T04:55:04Z
2026-07-17T04:54:16Z,2026-07-17T06:54:16+0200,4e64d4d3-e4bc-4728-8eea-52acf8983738,2026-06-20T08:00:00Z,2026-06-20T10:00:00+0200,1105.15,MW,FR,FR,actual_onshore_wind_generation,Wind Onshore,2026-07-17T04:55:04Z
2026-07-17T04:54:16Z,2026-07-17T06:54:16+0200,4e64d4d3-e4bc-4728-8eea-52acf8983738,2026-06-20T08:15:00Z,2026-06-20T10:15:00+0200,1104.29,MW,FR,FR,actual_onshore_wind_generation,Wind Onshore,2026-07-17T04:55:04Z
2026-07-17T04:54:16Z,2026-07-17T06:54:16+0200,4e64d4d3-e4bc-4728-8eea-52acf8983738,2026-06-20T08:30:00Z,2026-06-20T10:30:00+0200,1050.69,MW,FR,FR,actual_onshore_wind_generation,Wind Onshore,2026-07-17T04:55:04Z
2026-07-17T04:54:16Z,2026-07-17T06:54:16+0200,4e64d4d3-e4bc-4728-8eea-52acf8983738,2026-06-20T08:45:00Z,2026-06-20T10:45:00+0200,1025.16,MW,FR,FR,actual_onshore_wind_generation,Wind Onshore,2026-07-17T04:55:04Z
2026-07-17T04:54:16Z,2026-07-17T06:54:16+0200,4e64d4d3-e4bc-4728-8eea-52acf8983738,2026-06-20T09:00:00Z,2026-06-20T11:00:00+0200,989.91,MW,FR,FR,actual_onshore_wind_generation,Wind Onshore,2026-07-17T04:55:04Z
2026-07-17T04:54:16Z,2026-07-17T06:54:16+0200,4e64d4d3-e4bc-4728-8eea-52acf8983738,2026-06-20T09:15:00Z,2026-06-20T11:15:00+0200,969.0,MW,FR,FR,actual_onshore_wind_generation,Wind Onshore,2026-07-17T04:55:04Z
2026-07-17T04:54:16Z,2026-07-17T06:54:16+0200,4e64d4d3-e4bc-4728-8eea-52acf8983738,2026-06-20T09:30:00Z,2026-06-20T11:30:00+0200,912.05,MW,FR,FR,actual_onshore_wind_generation,Wind Onshore,2026-07-17T04:55:04Z
2026-07-17T04:54:16Z,2026-07-17T06:54:16+0200,4e64d4d3-e4bc-4728-8eea-52acf8983738,2026-06-20T09:45:00Z,2026-06-20T11:45:00+0200,780.54,MW,FR,FR,actual_onshore_wind_generation,Wind Onshore,2026-07-17T04:55:04Z
2026-07-17T04:54:16Z,2026-07-17T06:54:16+0200,4e64d4d3-e4bc-4728-8eea-52acf8983738,2026-06-20T10:00:00Z,2026-06-20T12:00:00+0200,753.57,MW,FR,FR,actual_onshore_wind_generation,Wind Onshore,2026-07-17T04:55:04Z
2026-07-17T04:54:16Z,2026-07-17T06:54:16+0200,4e64d4d3-e4bc-4728-8eea-52acf8983738,2026-06-20T10:15:00Z,2026-06-20T12:15:00+0200,745.73,MW,FR,FR,actual_onshore_wind_generation,Wind Onshore,2026-07-17T04:55:04Z
2026-07-17T04:54:16Z,2026-07-17T06:54:16+0200,4e64d4d3-e4bc-4728-8eea-52acf8983738,2026-06-20T10:30:00Z,2026-06-20T12:30:00+0200,730.32,MW,FR,FR,actual_onshore_wind_generation,Wind Onshore,2026-07-17T04:55:04Z
2026-07-17T04:54:16Z,2026-07-17T06:54:16+0200,4e64d4d3-e4bc-4728-8eea-52acf8983738,2026-06-20T10:45:00Z,2026-06-20T12:45:00+0200,725.33,MW,FR,FR,actual_onshore_wind_generation,Wind Onshore,2026-07-17T04:55:04Z
2026-07-17T04:54:16Z,2026-07-17T06:54:16+0200,4e64d4d3-e4bc-4728-8eea-52acf8983738,2026-06-20T11:00:00Z,2026-06-20T13:00:00+0200,735.61,MW,FR,FR,actual_onshore_wind_generation,Wind Onshore,2026-07-17T04:55:04Z
2026-07-17T04:54:16Z,2026-07-17T06:54:16+0200,4e64d4d3-e4bc-4728-8eea-52acf8983738,2026-06-20T11:15:00Z,2026-06-20T13:15:00+0200,742.35,MW,FR,FR,actual_onshore_wind_generation,Wind Onshore,2026-07-17T04:55:04Z
2026-07-17T04:54:16Z,2026-07-17T06:54:16+0200,4e64d4d3-e4bc-4728-8eea-52acf8983738,2026-06-20T11:30:00Z,2026-06-20T13:30:00+0200,744.92,MW,FR,FR,actual_onshore_wind_generation,Wind Onshore,2026-07-17T04:55:04Z
2026-07-17T04:54:16Z,2026-07-17T06:54:16+0200,4e64d4d3-e4bc-4728-8eea-52acf8983738,2026-06-20T11:45:00Z,2026-06-20T13:45:00+0200,752.63,MW,FR,FR,actual_onshore_wind_generation,Wind Onshore,2026-07-17T04:55:04Z
2026-07-17T04:54:16Z,2026-07-17T06:54:16+0200,4e64d4d3-e4bc-4728-8eea-52acf8983738,2026-06-20T12:00:00Z,2026-06-20T14:00:00+0200,769.19,MW,FR,FR,actual_onshore_wind_generation,Wind Onshore,2026-07-17T04:55:04Z
2026-07-17T04:54:16Z,2026-07-17T06:54:16+0200,4e64d4d3-e4bc-4728-8eea-52acf8983738,2026-06-20T12:15:00Z,2026-06-20T14:15:00+0200,787.45,MW,FR,FR,actual_onshore_wind_generation,Wind Onshore,2026-07-17T04:55:04Z
2026-07-17T04:54:16Z,2026-07-17T06:54:16+0200,4e64d4d3-e4bc-4728-8eea-52acf8983738,2026-06-20T12:30:00Z,2026-06-20T14:30:00+0200,783.42,MW,FR,FR,actual_onshore_wind_generation,Wind Onshore,2026-07-17T04:55:04Z
2026-07-17T04:54:16Z,2026-07-17T06:54:16+0200,4e64d4d3-e4bc-4728-8eea-52acf8983738,2026-06-20T12:45:00Z,2026-06-20T14:45:00+0200,797.91,MW,FR,FR,actual_onshore_wind_generation,Wind Onshore,2026-07-17T04:55:04Z
2026-07-17T04:54:16Z,2026-07-17T06:54:16+0200,4e64d4d3-e4bc-4728-8eea-52acf8983738,2026-06-20T13:00:00Z,2026-06-20T15:00:00+0200,988.44,MW,FR,FR,actual_onshore_wind_generation,Wind Onshore,2026-07-17T04:55:04Z
2026-07-17T04:54:16Z,2026-07-17T06:54:16+0200,4e64d4d3-e4bc-4728-8eea-52acf8983738,2026-06-20T13:15:00Z,2026-06-20T15:15:00+0200,1170.32,MW,FR,FR,actual_onshore_wind_generation,Wind Onshore,2026-07-17T04:55:04Z
2026-07-17T04:54:16Z,2026-07-17T06:54:16+0200,4e64d4d3-e4bc-4728-8eea-52acf8983738,2026-06-20T13:30:00Z,2026-06-20T15:30:00+0200,1218.49,MW,FR,FR,actual_onshore_wind_generation,Wind Onshore,2026-07-17T04:55:04Z
2026-07-17T04:54:16Z,2026-07-17T06:54:16+0200,4e64d4d3-e4bc-4728-8eea-52acf8983738,2026-06-20T13:45:00Z,2026-06-20T15:45:00+0200,1245.0,MW,FR,FR,actual_onshore_wind_generation,Wind Onshore,2026-07-17T04:55:04Z
2026-07-17T04:54:16Z,2026-07-17T06:54:16+0200,4e64d4d3-e4bc-4728-8eea-52acf8983738,2026-06-20T14:00:00Z,2026-06-20T16:00:00+0200,1279.76,MW,FR,FR,actual_onshore_wind_generation,Wind Onshore,2026-07-17T04:55:04Z
2026-07-17T04:54:16Z,2026-07-17T06:54:16+0200,4e64d4d3-e4bc-4728-8eea-52acf8983738,2026-06-20T14:15:00Z,2026-06-20T16:15:00+0200,1263.28,MW,FR,FR,actual_onshore_wind_generation,Wind Onshore,2026-07-17T04:55:04Z
2026-07-17T04:54:16Z,2026-07-17T06:54:16+0200,4e64d4d3-e4bc-4728-8eea-52acf8983738,2026-06-20T14:30:00Z,2026-06-20T16:30:00+0200,1308.71,MW,FR,FR,actual_onshore_wind_generation,Wind Onshore,2026-07-17T04:55:04Z
2026-07-17T04:54:16Z,2026-07-17T06:54:16+0200,4e64d4d3-e4bc-4728-8eea-52acf8983738,2026-06-20T14:45:00Z,2026-06-20T16:45:00+0200,1320.23,MW,FR,FR,actual_onshore_wind_generation,Wind Onshore,2026-07-17T04:55:04Z
2026-07-17T04:54:16Z,2026-07-17T06:54:16+0200,4e64d4d3-e4bc-4728-8eea-52acf8983738,2026-06-20T15:00:00Z,2026-06-20T17:00:00+0200,1357.03,MW,FR,FR,actual_onshore_wind_generation,Wind Onshore,2026-07-17T04:55:04Z
2026-07-17T04:54:16Z,2026-07-17T06:54:16+0200,4e64d4d3-e4bc-4728-8eea-52acf8983738,2026-06-20T15:15:00Z,2026-06-20T17:15:00+0200,1451.19,MW,FR,FR,actual_onshore_wind_generation,Wind Onshore,2026-07-17T04:55:04Z
2026-07-17T04:54:16Z,2026-07-17T06:54:16+0200,4e64d4d3-e4bc-4728-8eea-52acf8983738,2026-06-20T15:30:00Z,2026-06-20T17:30:00+0200,1767.07,MW,FR,FR,actual_onshore_wind_generation,Wind Onshore,2026-07-17T04:55:04Z
2026-07-17T04:54:16Z,2026-07-17T06:54:16+0200,4e64d4d3-e4bc-4728-8eea-52acf8983738,2026-06-20T15:45:00Z,2026-06-20T17:45:00+0200,1982.06,MW,FR,FR,actual_onshore_wind_generation,Wind Onshore,2026-07-17T04:55:04Z
2026-07-17T04:54:16Z,2026-07-17T06:54:16+0200,4e64d4d3-e4bc-4728-8eea-52acf8983738,2026-06-20T16:00:00Z,2026-06-20T18:00:00+0200,1927.85,MW,FR,FR,actual_onshore_wind_generation,Wind Onshore,2026-07-17T04:55:04Z
2026-07-17T04:54:16Z,2026-07-17T06:54:16+0200,4e64d4d3-e4bc-4728-8eea-52acf8983738,2026-06-20T16:15:00Z,2026-06-20T18:15:00+0200,1864.63,MW,FR,FR,actual_onshore_wind_generation,Wind Onshore,2026-07-17T04:55:04Z
2026-07-17T04:54:16Z,2026-07-17T06:54:16+0200,4e64d4d3-e4bc-4728-8eea-52acf8983738,2026-06-20T16:30:00Z,2026-06-20T18:30:00+0200,1755.85,MW,FR,FR,actual_onshore_wind_generation,Wind Onshore,2026-07-17T04:55:04Z
2026-07-17T04:54:16Z,2026-07-17T06:54:16+0200,4e64d4d3-e4bc-4728-8eea-52acf8983738,2026-06-20T16:45:00Z,2026-06-20T18:45:00+0200,1747.93,MW,FR,FR,actual_onshore_wind_generation,Wind Onshore,2026-07-17T04:55:04Z
2026-07-17T04:54:16Z,2026-07-17T06:54:16+0200,4e64d4d3-e4bc-4728-8eea-52acf8983738,2026-06-20T17:00:00Z,2026-06-20T19:00:00+0200,1956.77,MW,FR,FR,actual_onshore_wind_generation,Wind Onshore,2026-07-17T04:55:04Z
2026-07-17T04:54:16Z,2026-07-17T06:54:16+0200,4e64d4d3-e4bc-4728-8eea-52acf8983738,2026-06-20T17:15:00Z,2026-06-20T19:15:00+0200,2298.33,MW,FR,FR,actual_onshore_wind_generation,Wind Onshore,2026-07-17T04:55:04Z
2026-07-17T04:54:16Z,2026-07-17T06:54:16+0200,4e64d4d3-e4bc-4728-8eea-52acf8983738,2026-06-20T17:30:00Z,2026-06-20T19:30:00+0200,2629.69,MW,FR,FR,actual_onshore_wind_generation,Wind Onshore,2026-07-17T04:55:04Z
2026-07-17T04:54:16Z,2026-07-17T06:54:16+0200,4e64d4d3-e4bc-4728-8eea-52acf8983738,2026-06-20T17:45:00Z,2026-06-20T19:45:00+0200,2946.3,MW,FR,FR,actual_onshore_wind_generation,Wind Onshore,2026-07-17T04:55:04Z
2026-07-17T04:54:16Z,2026-07-17T06:54:16+0200,4e64d4d3-e4bc-4728-8eea-52acf8983738,2026-06-20T18:00:00Z,2026-06-20T20:00:00+0200,3104.96,MW,FR,FR,actual_onshore_wind_generation,Wind Onshore,2026-07-17T04:55:04Z
2026-07-17T04:54:16Z,2026-07-17T06:54:16+0200,4e64d4d3-e4bc-4728-8eea-52acf8983738,2026-06-20T18:15:00Z,2026-06-20T20:15:00+0200,3039.83,MW,FR,FR,actual_onshore_wind_generation,Wind Onshore,2026-07-17T04:55:04Z
2026-07-17T04:54:16Z,2026-07-17T06:54:16+0200,4e64d4d3-e4bc-4728-8eea-52acf8983738,2026-06-20T18:30:00Z,2026-06-20T20:30:00+0200,3004.18,MW,FR,FR,actual_onshore_wind_generation,Wind Onshore,2026-07-17T04:55:04Z
2026-07-17T04:54:16Z,2026-07-17T06:54:16+0200,4e64d4d3-e4bc-4728-8eea-52acf8983738,2026-06-20T18:45:00Z,2026-06-20T20:45:00+0200,2958.64,MW,FR,FR,actual_onshore_wind_generation,Wind Onshore,2026-07-17T04:55:04Z
2026-07-17T04:54:16Z,2026-07-17T06:54:16+0200,4e64d4d3-e4bc-4728-8eea-52acf8983738,2026-06-20T19:00:00Z,2026-06-20T21:00:00+0200,3311.86,MW,FR,FR,actual_onshore_wind_generation,Wind Onshore,2026-07-17T04:55:04Z
2026-07-17T04:54:16Z,2026-07-17T06:54:16+0200,4e64d4d3-e4bc-4728-8eea-52acf8983738,2026-06-20T19:15:00Z,2026-06-20T21:15:00+0200,3664.08,MW,FR,FR,actual_onshore_wind_generation,Wind Onshore,2026-07-17T04:55:04Z
2026-07-17T04:54:16Z,2026-07-17T06:54:16+0200,4e64d4d3-e4bc-4728-8eea-52acf8983738,2026-06-20T19:30:00Z,2026-06-20T21:30:00+0200,3755.24,MW,FR,FR,actual_onshore_wind_generation,Wind Onshore,2026-07-17T04:55:04Z
2026-07-17T04:54:16Z,2026-07-17T06:54:16+0200,4e64d4d3-e4bc-4728-8eea-52acf8983738,2026-06-20T19:45:00Z,2026-06-20T21:45:00+0200,3760.69,MW,FR,FR,actual_onshore_wind_generation,Wind Onshore,2026-07-17T04:55:04Z
2026-07-17T04:54:16Z,2026-07-17T06:54:16+0200,4e64d4d3-e4bc-4728-8eea-52acf8983738,2026-06-20T20:00:00Z,2026-06-20T22:00:00+0200,3628.09,MW,FR,FR,actual_onshore_wind_generation,Wind Onshore,2026-07-17T04:55:04Z
2026-07-17T04:54:16Z,2026-07-17T06:54:16+0200,4e64d4d3-e4bc-4728-8eea-52acf8983738,2026-06-20T20:15:00Z,2026-06-20T22:15:00+0200,3590.06,MW,FR,FR,actual_onshore_wind_generation,Wind Onshore,2026-07-17T04:55:04Z
2026-07-17T04:54:16Z,2026-07-17T06:54:16+0200,4e64d4d3-e4bc-4728-8eea-52acf8983738,2026-06-20T20:30:00Z,2026-06-20T22:30:00+0200,3504.08,MW,FR,FR,actual_onshore_wind_generation,Wind Onshore,2026-07-17T04:55:04Z
2026-07-17T04:54:16Z,2026-07-17T06:54:16+0200,4e64d4d3-e4bc-4728-8eea-52acf8983738,2026-06-20T20:45:00Z,2026-06-20T22:45:00+0200,3479.99,MW,FR,FR,actual_onshore_wind_generation,Wind Onshore,2026-07-17T04:55:04Z
2026-07-17T04:54:16Z,2026-07-17T06:54:16+0200,4e64d4d3-e4bc-4728-8eea-52acf8983738,2026-06-20T21:00:00Z,2026-06-20T23:00:00+0200,3473.23,MW,FR,FR,actual_onshore_wind_generation,Wind Onshore,2026-07-17T04:55:04Z
2026-07-17T04:54:16Z,2026-07-17T06:54:16+0200,4e64d4d3-e4bc-4728-8eea-52acf8983738,2026-06-20T21:15:00Z,2026-06-20T23:15:00+0200,3472.26,MW,FR,FR,actual_onshore_wind_generation,Wind Onshore,2026-07-17T04:55:04Z
2026-07-17T04:54:16Z,2026-07-17T06:54:16+0200,4e64d4d3-e4bc-4728-8eea-52acf8983738,2026-06-20T21:30:00Z,2026-06-20T23:30:00+0200,3320.21,MW,FR,FR,actual_onshore_wind_generation,Wind Onshore,2026-07-17T04:55:04Z
2026-07-17T04:54:16Z,2026-07-17T06:54:16+0200,4e64d4d3-e4bc-4728-8eea-52acf8983738,2026-06-20T21:45:00Z,2026-06-20T23:45:00+0200,3299.73,MW,FR,FR,actual_onshore_wind_generation,Wind Onshore,2026-07-17T04:55:04Z
2026-07-17T04:54:16Z,2026-07-17T06:54:16+0200,4e64d4d3-e4bc-4728-8eea-52acf8983738,2026-06-20T22:00:00Z,2026-06-21T00:00:00+0200,3224.08,MW,FR,FR,actual_onshore_wind_generation,Wind Onshore,2026-07-17T04:55:04Z
2026-07-17T04:54:16Z,2026-07-17T06:54:16+0200,4e64d4d3-e4bc-4728-8eea-52acf8983738,2026-06-20T22:15:00Z,2026-06-21T00:15:00+0200,3061.17,MW,FR,FR,actual_onshore_wind_generation,Wind Onshore,2026-07-17T04:55:04Z
2026-07-17T04:54:16Z,2026-07-17T06:54:16+0200,4e64d4d3-e4bc-4728-8eea-52acf8983738,2026-06-20T22:30:00Z,2026-06-21T00:30:00+0200,2766.79,MW,FR,FR,actual_onshore_wind_generation,Wind Onshore,2026-07-17T04:55:04Z
2026-07-17T04:54:16Z,2026-07-17T06:54:16+0200,4e64d4d3-e4bc-4728-8eea-52acf8983738,2026-06-20T22:45:00Z,2026-06-21T00:45:00+0200,2542.74,MW,FR,FR,actual_onshore_wind_generation,Wind Onshore,2026-07-17T04:55:04Z
2026-07-17T04:54:16Z,2026-07-17T06:54:16+0200,4e64d4d3-e4bc-4728-8eea-52acf8983738,2026-06-20T23:00:00Z,2026-06-21T01:00:00+0200,2443.43,MW,FR,FR,actual_onshore_wind_generation,Wind Onshore,2026-07-17T04:55:04Z
2026-07-17T04:54:16Z,2026-07-17T06:54:16+0200,4e64d4d3-e4bc-4728-8eea-52acf8983738,2026-06-20T23:15:00Z,2026-06-21T01:15:00+0200,2384.45,MW,FR,FR,actual_onshore_wind_generation,Wind Onshore,2026-07-17T04:55:04Z
2026-07-17T04:54:16Z,2026-07-17T06:54:16+0200,4e64d4d3-e4bc-4728-8eea-52acf8983738,2026-06-20T23:30:00Z,2026-06-21T01:30:00+0200,2280.41,MW,FR,FR,actual_onshore_wind_generation,Wind Onshore,2026-07-17T04:55:04Z
2026-07-17T04:54:16Z,2026-07-17T06:54:16+0200,4e64d4d3-e4bc-4728-8eea-52acf8983738,2026-06-20T23:45:00Z,2026-06-21T01:45:00+0200,2300.62,MW,FR,FR,actual_onshore_wind_generation,Wind Onshore,2026-07-17T04:55:04Z
2026-07-17T04:54:16Z,2026-07-17T06:54:16+0200,4e64d4d3-e4bc-4728-8eea-52acf8983738,2026-06-21T00:00:00Z,2026-06-21T02:00:00+0200,2348.25,MW,FR,FR,actual_onshore_wind_generation,Wind Onshore,2026-07-17T04:55:04Z
2026-07-17T04:54:16Z,2026-07-17T06:54:16+0200,4e64d4d3-e4bc-4728-8eea-52acf8983738,2026-06-21T00:15:00Z,2026-06-21T02:15:00+0200,2431.94,MW,FR,FR,actual_onshore_wind_generation,Wind Onshore,2026-07-17T04:55:04Z
2026-07-17T04:54:16Z,2026-07-17T06:54:16+0200,4e64d4d3-e4bc-4728-8eea-52acf8983738,2026-06-21T00:30:00Z,2026-06-21T02:30:00+0200,2416.23,MW,FR,FR,actual_onshore_wind_generation,Wind Onshore,2026-07-17T04:55:04Z
2026-07-17T04:54:16Z,2026-07-17T06:54:16+0200,4e64d4d3-e4bc-4728-8eea-52acf8983738,2026-06-21T00:45:00Z,2026-06-21T02:45:00+0200,2415.3,MW,FR,FR,actual_onshore_wind_generation,Wind Onshore,2026-07-17T04:55:04Z
2026-07-17T04:54:16Z,2026-07-17T06:54:16+0200,4e64d4d3-e4bc-4728-8eea-52acf8983738,2026-06-21T01:00:00Z,2026-06-21T03:00:00+0200,2444.46,MW,FR,FR,actual_onshore_wind_generation,Wind Onshore,2026-07-17T04:55:04Z
2026-07-17T04:54:16Z,2026-07-17T06:54:16+0200,4e64d4d3-e4bc-4728-8eea-52acf8983738,2026-06-21T01:15:00Z,2026-06-21T03:15:00+0200,2447.56,MW,FR,FR,actual_onshore_wind_generation,Wind Onshore,2026-07-17T04:55:04Z
2026-07-17T04:54:16Z,2026-07-17T06:54:16+0200,4e64d4d3-e4bc-4728-8eea-52acf8983738,2026-06-21T01:30:00Z,2026-06-21T03:30:00+0200,2446.32,MW,FR,FR,actual_onshore_wind_generation,Wind Onshore,2026-07-17T04:55:04Z
2026-07-17T04:54:16Z,2026-07-17T06:54:16+0200,4e64d4d3-e4bc-4728-8eea-52acf8983738,2026-06-21T01:45:00Z,2026-06-21T03:45:00+0200,2433.66,MW,FR,FR,actual_onshore_wind_generation,Wind Onshore,2026-07-17T04:55:04Z
2026-07-17T04:54:16Z,2026-07-17T06:54:16+0200,4e64d4d3-e4bc-4728-8eea-52acf8983738,2026-06-21T02:00:00Z,2026-06-21T04:00:00+0200,2412.29,MW,FR,FR,actual_onshore_wind_generation,Wind Onshore,2026-07-17T04:55:04Z
2026-07-17T04:54:16Z,2026-07-17T06:54:16+0200,4e64d4d3-e4bc-4728-8eea-52acf8983738,2026-06-21T02:15:00Z,2026-06-21T04:15:00+0200,2338.54,MW,FR,FR,actual_onshore_wind_generation,Wind Onshore,2026-07-17T04:55:04Z
2026-07-17T04:54:16Z,2026-07-17T06:54:16+0200,4e64d4d3-e4bc-4728-8eea-52acf8983738,2026-06-21T02:30:00Z,2026-06-21T04:30:00+0200,2239.21,MW,FR,FR,actual_onshore_wind_generation,Wind Onshore,2026-07-17T04:55:04Z
2026-07-17T04:54:16Z,2026-07-17T06:54:16+0200,4e64d4d3-e4bc-4728-8eea-52acf8983738,2026-06-21T02:45:00Z,2026-06-21T04:45:00+0200,2226.45,MW,FR,FR,actual_onshore_wind_generation,Wind Onshore,2026-07-17T04:55:04Z
2026-07-17T04:54:16Z,2026-07-17T06:54:16+0200,4e64d4d3-e4bc-4728-8eea-52acf8983738,2026-06-21T03:00:00Z,2026-06-21T05:00:00+0200,2201.3,MW,FR,FR,actual_onshore_wind_generation,Wind Onshore,2026-07-17T04:55:04Z
2026-07-17T04:54:16Z,2026-07-17T06:54:16+0200,4e64d4d3-e4bc-4728-8eea-52acf8983738,2026-06-21T03:15:00Z,2026-06-21T05:15:00+0200,2156.85,MW,FR,FR,actual_onshore_wind_generation,Wind Onshore,2026-07-17T04:55:04Z
2026-07-17T04:54:16Z,2026-07-17T06:54:16+0200,4e64d4d3-e4bc-4728-8eea-52acf8983738,2026-06-21T03:30:00Z,2026-06-21T05:30:00+0200,2125.39,MW,FR,FR,actual_onshore_wind_generation,Wind Onshore,2026-07-17T04:55:04Z
2026-07-17T04:54:16Z,2026-07-17T06:54:16+0200,4e64d4d3-e4bc-4728-8eea-52acf8983738,2026-06-21T03:45:00Z,2026-06-21T05:45:00+0200,2100.09,MW,FR,FR,actual_onshore_wind_generation,Wind Onshore,2026-07-17T04:55:04Z
2026-07-17T04:54:16Z,2026-07-17T06:54:16+0200,4e64d4d3-e4bc-4728-8eea-52acf8983738,2026-06-21T04:00:00Z,2026-06-21T06:00:00+0200,2108.38,MW,FR,FR,actual_onshore_wind_generation,Wind Onshore,2026-07-17T04:55:04Z
2026-07-17T04:54:16Z,2026-07-17T06:54:16+0200,4e64d4d3-e4bc-4728-8eea-52acf8983738,2026-06-21T04:15:00Z,2026-06-21T06:15:00+0200,2162.74,MW,FR,FR,actual_onshore_wind_generation,Wind Onshore,2026-07-17T04:55:04Z
2026-07-17T04:54:16Z,2026-07-17T06:54:16+0200,4e64d4d3-e4bc-4728-8eea-52acf8983738,2026-06-21T04:30:00Z,2026-06-21T06:30:00+0200,2177.15,MW,FR,FR,actual_onshore_wind_generation,Wind Onshore,2026-07-17T04:55:04Z
2026-07-17T04:54:16Z,2026-07-17T06:54:16+0200,4e64d4d3-e4bc-4728-8eea-52acf8983738,2026-06-21T04:45:00Z,2026-06-21T06:45:00+0200,2184.96,MW,FR,FR,actual_onshore_wind_generation,Wind Onshore,2026-07-17T04:55:04Z
2026-07-17T04:54:16Z,2026-07-17T06:54:16+0200,4e64d4d3-e4bc-4728-8eea-52acf8983738,2026-06-21T05:00:00Z,2026-06-21T07:00:00+0200,2133.03,MW,FR,FR,actual_onshore_wind_generation,Wind Onshore,2026-07-17T04:55:04Z
2026-07-17T04:54:16Z,2026-07-17T06:54:16+0200,4e64d4d3-e4bc-4728-8eea-52acf8983738,2026-06-21T05:15:00Z,2026-06-21T07:15:00+0200,2081.13,MW,FR,FR,actual_onshore_wind_generation,Wind Onshore,2026-07-17T04:55:04Z
2026-07-17T04:54:16Z,2026-07-17T06:54:16+0200,4e64d4d3-e4bc-4728-8eea-52acf8983738,2026-06-21T05:30:00Z,2026-06-21T07:30:00+0200,1997.26,MW,FR,FR,actual_onshore_wind_generation,Wind Onshore,2026-07-17T04:55:04Z
2026-07-17T04:54:16Z,2026-07-17T06:54:16+0200,4e64d4d3-e4bc-4728-8eea-52acf8983738,2026-06-21T05:45:00Z,2026-06-21T07:45:00+0200,1880.13,MW,FR,FR,actual_onshore_wind_generation,Wind Onshore,2026-07-17T04:55:04Z
2026-07-17T04:54:16Z,2026-07-17T06:54:16+0200,4e64d4d3-e4bc-4728-8eea-52acf8983738,2026-06-21T06:00:00Z,2026-06-21T08:00:00+0200,1736.08,MW,FR,FR,actual_onshore_wind_generation,Wind Onshore,2026-07-17T04:55:04Z
2026-07-17T04:54:16Z,2026-07-17T06:54:16+0200,4e64d4d3-e4bc-4728-8eea-52acf8983738,2026-06-21T06:15:00Z,2026-06-21T08:15:00+0200,1564.25,MW,FR,FR,actual_onshore_wind_generation,Wind Onshore,2026-07-17T04:55:04Z
2026-07-17T04:54:16Z,2026-07-17T06:54:16+0200,4e64d4d3-e4bc-4728-8eea-52acf8983738,2026-06-21T06:30:00Z,2026-06-21T08:30:00+0200,1410.29,MW,FR,FR,actual_onshore_wind_generation,Wind Onshore,2026-07-17T04:55:04Z
2026-07-17T04:54:16Z,2026-07-17T06:54:16+0200,4e64d4d3-e4bc-4728-8eea-52acf8983738,2026-06-21T06:45:00Z,2026-06-21T08:45:00+0200,1220.84,MW,FR,FR,actual_onshore_wind_generation,Wind Onshore,2026-07-17T04:55:04Z
2026-07-17T04:54:16Z,2026-07-17T06:54:16+0200,4e64d4d3-e4bc-4728-8eea-52acf8983738,2026-06-21T07:00:00Z,2026-06-21T09:00:00+0200,1065.91,MW,FR,FR,actual_onshore_wind_generation,Wind Onshore,2026-07-17T04:55:04Z
2026-07-17T04:54:16Z,2026-07-17T06:54:16+0200,4e64d4d3-e4bc-4728-8eea-52acf8983738,2026-06-21T07:15:00Z,2026-06-21T09:15:00+0200,971.77,MW,FR,FR,actual_onshore_wind_generation,Wind Onshore,2026-07-17T04:55:04Z
2026-07-17T04:54:16Z,2026-07-17T06:54:16+0200,4e64d4d3-e4bc-4728-8eea-52acf8983738,2026-06-21T07:30:00Z,2026-06-21T09:30:00+0200,936.24,MW,FR,FR,actual_onshore_wind_generation,Wind Onshore,2026-07-17T04:55:04Z
2026-07-17T04:54:16Z,2026-07-17T06:54:16+0200,4e64d4d3-e4bc-4728-8eea-52acf8983738,2026-06-21T07:45:00Z,2026-06-21T09:45:00+0200,888.0,MW,FR,FR,actual_onshore_wind_generation,Wind Onshore,2026-07-17T04:55:04Z
2026-07-17T04:54:16Z,2026-07-17T06:54:16+0200,4e64d4d3-e4bc-4728-8eea-52acf8983738,2026-06-21T08:00:00Z,2026-06-21T10:00:00+0200,831.08,MW,FR,FR,actual_onshore_wind_generation,Wind Onshore,2026-07-17T04:55:04Z
2026-07-17T04:54:16Z,2026-07-17T06:54:16+0200,4e64d4d3-e4bc-4728-8eea-52acf8983738,2026-06-21T08:15:00Z,2026-06-21T10:15:00+0200,797.2,MW,FR,FR,actual_onshore_wind_generation,Wind Onshore,2026-07-17T04:55:04Z
2026-07-17T04:54:16Z,2026-07-17T06:54:16+0200,4e64d4d3-e4bc-4728-8eea-52acf8983738,2026-06-21T08:30:00Z,2026-06-21T10:30:00+0200,778.01,MW,FR,FR,actual_onshore_wind_generation,Wind Onshore,2026-07-17T04:55:04Z
2026-07-17T04:54:16Z,2026-07-17T06:54:16+0200,4e64d4d3-e4bc-4728-8eea-52acf8983738,2026-06-21T08:45:00Z,2026-06-21T10:45:00+0200,760.51,MW,FR,FR,actual_onshore_wind_generation,Wind Onshore,2026-07-17T04:55:04Z
2026-07-17T04:54:16Z,2026-07-17T06:54:16+0200,4e64d4d3-e4bc-4728-8eea-52acf8983738,2026-06-21T09:00:00Z,2026-06-21T11:00:00+0200,741.24,MW,FR,FR,actual_onshore_wind_generation,Wind Onshore,2026-07-17T04:55:04Z
2026-07-17T04:54:16Z,2026-07-17T06:54:16+0200,4e64d4d3-e4bc-4728-8eea-52acf8983738,2026-06-21T09:15:00Z,2026-06-21T11:15:00+0200,723.85,MW,FR,FR,actual_onshore_wind_generation,Wind Onshore,2026-07-17T04:55:04Z
2026-07-17T04:54:16Z,2026-07-17T06:54:16+0200,4e64d4d3-e4bc-4728-8eea-52acf8983738,2026-06-21T09:30:00Z,2026-06-21T11:30:00+0200,673.93,MW,FR,FR,actual_onshore_wind_generation,Wind Onshore,2026-07-17T04:55:04Z
2026-07-17T04:54:16Z,2026-07-17T06:54:16+0200,4e64d4d3-e4bc-4728-8eea-52acf8983738,2026-06-21T09:45:00Z,2026-06-21T11:45:00+0200,586.11,MW,FR,FR,actual_onshore_wind_generation,Wind Onshore,2026-07-17T04:55:04Z
2026-07-17T04:54:16Z,2026-07-17T06:54:16+0200,4e64d4d3-e4bc-4728-8eea-52acf8983738,2026-06-21T10:00:00Z,2026-06-21T12:00:00+0200,582.45,MW,FR,FR,actual_onshore_wind_generation,Wind Onshore,2026-07-17T04:55:04Z
2026-07-17T04:54:16Z,2026-07-17T06:54:16+0200,4e64d4d3-e4bc-4728-8eea-52acf8983738,2026-06-21T10:15:00Z,2026-06-21T12:15:00+0200,549.71,MW,FR,FR,actual_onshore_wind_generation,Wind Onshore,2026-07-17T04:55:04Z
2026-07-17T04:54:16Z,2026-07-17T06:54:16+0200,4e64d4d3-e4bc-4728-8eea-52acf8983738,2026-06-21T10:30:00Z,2026-06-21T12:30:00+0200,532.69,MW,FR,FR,actual_onshore_wind_generation,Wind Onshore,2026-07-17T04:55:04Z
2026-07-17T04:54:16Z,2026-07-17T06:54:16+0200,4e64d4d3-e4bc-4728-8eea-52acf8983738,2026-06-21T10:45:00Z,2026-06-21T12:45:00+0200,527.9,MW,FR,FR,actual_onshore_wind_generation,Wind Onshore,2026-07-17T04:55:04Z
2026-07-17T04:54:16Z,2026-07-17T06:54:16+0200,4e64d4d3-e4bc-4728-8eea-52acf8983738,2026-06-21T11:00:00Z,2026-06-21T13:00:00+0200,517.73,MW,FR,FR,actual_onshore_wind_generation,Wind Onshore,2026-07-17T04:55:04Z
2026-07-17T04:54:16Z,2026-07-17T06:54:16+0200,4e64d4d3-e4bc-4728-8eea-52acf8983738,2026-06-21T11:15:00Z,2026-06-21T13:15:00+0200,517.11,MW,FR,FR,actual_onshore_wind_generation,Wind Onshore,2026-07-17T04:55:04Z
2026-07-17T04:54:16Z,2026-07-17T06:54:16+0200,4e64d4d3-e4bc-4728-8eea-52acf8983738,2026-06-21T11:30:00Z,2026-06-21T13:30:00+0200,524.66,MW,FR,FR,actual_onshore_wind_generation,Wind Onshore,2026-07-17T04:55:04Z
2026-07-17T04:54:16Z,2026-07-17T06:54:16+0200,4e64d4d3-e4bc-4728-8eea-52acf8983738,2026-06-21T11:45:00Z,2026-06-21T13:45:00+0200,524.88,MW,FR,FR,actual_onshore_wind_generation,Wind Onshore,2026-07-17T04:55:04Z
2026-07-17T04:54:16Z,2026-07-17T06:54:16+0200,4e64d4d3-e4bc-4728-8eea-52acf8983738,2026-06-21T12:00:00Z,2026-06-21T14:00:00+0200,540.02,MW,FR,FR,actual_onshore_wind_generation,Wind Onshore,2026-07-17T04:55:04Z
2026-07-17T04:54:16Z,2026-07-17T06:54:16+0200,4e64d4d3-e4bc-4728-8eea-52acf8983738,2026-06-21T12:15:00Z,2026-06-21T14:15:00+0200,534.83,MW,FR,FR,actual_onshore_wind_generation,Wind Onshore,2026-07-17T04:55:04Z
2026-07-17T04:54:16Z,2026-07-17T06:54:16+0200,4e64d4d3-e4bc-4728-8eea-52acf8983738,2026-06-21T12:30:00Z,2026-06-21T14:30:00+0200,597.23,MW,FR,FR,actual_onshore_wind_generation,Wind Onshore,2026-07-17T04:55:04Z
2026-07-17T04:54:16Z,2026-07-17T06:54:16+0200,4e64d4d3-e4bc-4728-8eea-52acf8983738,2026-06-21T12:45:00Z,2026-06-21T14:45:00+0200,683.76,MW,FR,FR,actual_onshore_wind_generation,Wind Onshore,2026-07-17T04:55:04Z
2026-07-17T04:54:16Z,2026-07-17T06:54:16+0200,4e64d4d3-e4bc-4728-8eea-52acf8983738,2026-06-21T13:00:00Z,2026-06-21T15:00:00+0200,728.49,MW,FR,FR,actual_onshore_wind_generation,Wind Onshore,2026-07-17T04:55:04Z
2026-07-17T04:54:16Z,2026-07-17T06:54:16+0200,4e64d4d3-e4bc-4728-8eea-52acf8983738,2026-06-21T13:15:00Z,2026-06-21T15:15:00+0200,772.46,MW,FR,FR,actual_onshore_wind_generation,Wind Onshore,2026-07-17T04:55:04Z
2026-07-17T04:54:16Z,2026-07-17T06:54:16+0200,4e64d4d3-e4bc-4728-8eea-52acf8983738,2026-06-21T13:30:00Z,2026-06-21T15:30:00+0200,821.15,MW,FR,FR,actual_onshore_wind_generation,Wind Onshore,2026-07-17T04:55:04Z
2026-07-17T04:54:16Z,2026-07-17T06:54:16+0200,4e64d4d3-e4bc-4728-8eea-52acf8983738,2026-06-21T13:45:00Z,2026-06-21T15:45:00+0200,843.23,MW,FR,FR,actual_onshore_wind_generation,Wind Onshore,2026-07-17T04:55:04Z
2026-07-17T04:54:16Z,2026-07-17T06:54:16+0200,4e64d4d3-e4bc-4728-8eea-52acf8983738,2026-06-21T14:00:00Z,2026-06-21T16:00:00+0200,842.08,MW,FR,FR,actual_onshore_wind_generation,Wind Onshore,2026-07-17T04:55:04Z
2026-07-17T04:54:16Z,2026-07-17T06:54:16+0200,4e64d4d3-e4bc-4728-8eea-52acf8983738,2026-06-21T14:15:00Z,2026-06-21T16:15:00+0200,840.76,MW,FR,FR,actual_onshore_wind_generation,Wind Onshore,2026-07-17T04:55:04Z
2026-07-17T04:54:16Z,2026-07-17T06:54:16+0200,4e64d4d3-e4bc-4728-8eea-52acf8983738,2026-06-21T14:30:00Z,2026-06-21T16:30:00+0200,836.35,MW,FR,FR,actual_onshore_wind_generation,Wind Onshore,2026-07-17T04:55:04Z
2026-07-17T04:54:16Z,2026-07-17T06:54:16+0200,4e64d4d3-e4bc-4728-8eea-52acf8983738,2026-06-21T14:45:00Z,2026-06-21T16:45:00+0200,849.1,MW,FR,FR,actual_onshore_wind_generation,Wind Onshore,2026-07-17T04:55:04Z
2026-07-17T04:54:16Z,2026-07-17T06:54:16+0200,4e64d4d3-e4bc-4728-8eea-52acf8983738,2026-06-21T15:00:00Z,2026-06-21T17:00:00+0200,871.79,MW,FR,FR,actual_onshore_wind_generation,Wind Onshore,2026-07-17T04:55:04Z
2026-07-17T04:54:16Z,2026-07-17T06:54:16+0200,4e64d4d3-e4bc-4728-8eea-52acf8983738,2026-06-21T15:15:00Z,2026-06-21T17:15:00+0200,924.86,MW,FR,FR,actual_onshore_wind_generation,Wind Onshore,2026-07-17T04:55:04Z
2026-07-17T04:54:16Z,2026-07-17T06:54:16+0200,4e64d4d3-e4bc-4728-8eea-52acf8983738,2026-06-21T15:30:00Z,2026-06-21T17:30:00+0200,973.85,MW,FR,FR,actual_onshore_wind_generation,Wind Onshore,2026-07-17T04:55:04Z
2026-07-17T04:54:16Z,2026-07-17T06:54:16+0200,4e64d4d3-e4bc-4728-8eea-52acf8983738,2026-06-21T15:45:00Z,2026-06-21T17:45:00+0200,979.92,MW,FR,FR,actual_onshore_wind_generation,Wind Onshore,2026-07-17T04:55:04Z
2026-07-17T04:54:16Z,2026-07-17T06:54:16+0200,4e64d4d3-e4bc-4728-8eea-52acf8983738,2026-06-21T16:00:00Z,2026-06-21T18:00:00+0200,1008.54,MW,FR,FR,actual_onshore_wind_generation,Wind Onshore,2026-07-17T04:55:04Z
2026-07-17T04:54:16Z,2026-07-17T06:54:16+0200,4e64d4d3-e4bc-4728-8eea-52acf8983738,2026-06-21T16:15:00Z,2026-06-21T18:15:00+0200,1041.91,MW,FR,FR,actual_onshore_wind_generation,Wind Onshore,2026-07-17T04:55:04Z
2026-07-17T04:54:16Z,2026-07-17T06:54:16+0200,4e64d4d3-e4bc-4728-8eea-52acf8983738,2026-06-21T16:30:00Z,2026-06-21T18:30:00+0200,1070.66,MW,FR,FR,actual_onshore_wind_generation,Wind Onshore,2026-07-17T04:55:04Z
2026-07-17T04:54:16Z,2026-07-17T06:54:16+0200,4e64d4d3-e4bc-4728-8eea-52acf8983738,2026-06-21T16:45:00Z,2026-06-21T18:45:00+0200,1106.12,MW,FR,FR,actual_onshore_wind_generation,Wind Onshore,2026-07-17T04:55:04Z
2026-07-17T04:54:16Z,2026-07-17T06:54:16+0200,4e64d4d3-e4bc-4728-8eea-52acf8983738,2026-06-21T17:00:00Z,2026-06-21T19:00:00+0200,1160.89,MW,FR,FR,actual_onshore_wind_generation,Wind Onshore,2026-07-17T04:55:04Z
2026-07-17T04:54:16Z,2026-07-17T06:54:16+0200,4e64d4d3-e4bc-4728-8eea-52acf8983738,2026-06-21T17:15:00Z,2026-06-21T19:15:00+0200,1225.28,MW,FR,FR,actual_onshore_wind_generation,Wind Onshore,2026-07-17T04:55:04Z
2026-07-17T04:54:16Z,2026-07-17T06:54:16+0200,4e64d4d3-e4bc-4728-8eea-52acf8983738,2026-06-21T17:30:00Z,2026-06-21T19:30:00+0200,1296.68,MW,FR,FR,actual_onshore_wind_generation,Wind Onshore,2026-07-17T04:55:04Z
2026-07-17T04:54:16Z,2026-07-17T06:54:16+0200,4e64d4d3-e4bc-4728-8eea-52acf8983738,2026-06-21T17:45:00Z,2026-06-21T19:45:00+0200,1376.32,MW,FR,FR,actual_onshore_wind_generation,Wind Onshore,2026-07-17T04:55:04Z
2026-07-17T04:54:16Z,2026-07-17T06:54:16+0200,4e64d4d3-e4bc-4728-8eea-52acf8983738,2026-06-21T18:00:00Z,2026-06-21T20:00:00+0200,1520.17,MW,FR,FR,actual_onshore_wind_generation,Wind Onshore,2026-07-17T04:55:04Z
2026-07-17T04:54:16Z,2026-07-17T06:54:16+0200,4e64d4d3-e4bc-4728-8eea-52acf8983738,2026-06-21T18:15:00Z,2026-06-21T20:15:00+0200,1731.65,MW,FR,FR,actual_onshore_wind_generation,Wind Onshore,2026-07-17T04:55:04Z
2026-07-17T04:54:16Z,2026-07-17T06:54:16+0200,4e64d4d3-e4bc-4728-8eea-52acf8983738,2026-06-21T18:30:00Z,2026-06-21T20:30:00+0200,1937.87,MW,FR,FR,actual_onshore_wind_generation,Wind Onshore,2026-07-17T04:55:04Z
2026-07-17T04:54:16Z,2026-07-17T06:54:16+0200,4e64d4d3-e4bc-4728-8eea-52acf8983738,2026-06-21T18:45:00Z,2026-06-21T20:45:00+0200,2130.05,MW,FR,FR,actual_onshore_wind_generation,Wind Onshore,2026-07-17T04:55:04Z
2026-07-17T04:54:16Z,2026-07-17T06:54:16+0200,4e64d4d3-e4bc-4728-8eea-52acf8983738,2026-06-21T19:00:00Z,2026-06-21T21:00:00+0200,2266.78,MW,FR,FR,actual_onshore_wind_generation,Wind Onshore,2026-07-17T04:55:04Z
2026-07-17T04:54:16Z,2026-07-17T06:54:16+0200,4e64d4d3-e4bc-4728-8eea-52acf8983738,2026-06-21T19:15:00Z,2026-06-21T21:15:00+0200,2472.62,MW,FR,FR,actual_onshore_wind_generation,Wind Onshore,2026-07-17T04:55:04Z
2026-07-17T04:54:16Z,2026-07-17T06:54:16+0200,4e64d4d3-e4bc-4728-8eea-52acf8983738,2026-06-21T19:30:00Z,2026-06-21T21:30:00+0200,2765.6,MW,FR,FR,actual_onshore_wind_generation,Wind Onshore,2026-07-17T04:55:04Z
2026-07-17T04:54:16Z,2026-07-17T06:54:16+0200,4e64d4d3-e4bc-4728-8eea-52acf8983738,2026-06-21T19:45:00Z,2026-06-21T21:45:00+0200,3025.2,MW,FR,FR,actual_onshore_wind_generation,Wind Onshore,2026-07-17T04:55:04Z
2026-07-17T04:54:16Z,2026-07-17T06:54:16+0200,4e64d4d3-e4bc-4728-8eea-52acf8983738,2026-06-21T20:00:00Z,2026-06-21T22:00:00+0200,3297.1,MW,FR,FR,actual_onshore_wind_generation,Wind Onshore,2026-07-17T04:55:04Z
2026-07-17T04:54:16Z,2026-07-17T06:54:16+0200,4e64d4d3-e4bc-4728-8eea-52acf8983738,2026-06-21T20:15:00Z,2026-06-21T22:15:00+0200,3592.32,MW,FR,FR,actual_onshore_wind_generation,Wind Onshore,2026-07-17T04:55:04Z
2026-07-17T04:54:16Z,2026-07-17T06:54:16+0200,4e64d4d3-e4bc-4728-8eea-52acf8983738,2026-06-21T20:30:00Z,2026-06-21T22:30:00+0200,3844.7,MW,FR,FR,actual_onshore_wind_generation,Wind Onshore,2026-07-17T04:55:04Z
2026-07-17T04:54:16Z,2026-07-17T06:54:16+0200,4e64d4d3-e4bc-4728-8eea-52acf8983738,2026-06-21T20:45:00Z,2026-06-21T22:45:00+0200,3960.3,MW,FR,FR,actual_onshore_wind_generation,Wind Onshore,2026-07-17T04:55:04Z
2026-07-17T04:54:16Z,2026-07-17T06:54:16+0200,4e64d4d3-e4bc-4728-8eea-52acf8983738,2026-06-21T21:00:00Z,2026-06-21T23:00:00+0200,4069.98,MW,FR,FR,actual_onshore_wind_generation,Wind Onshore,2026-07-17T04:55:04Z
2026-07-17T04:54:16Z,2026-07-17T06:54:16+0200,4e64d4d3-e4bc-4728-8eea-52acf8983738,2026-06-21T21:15:00Z,2026-06-21T23:15:00+0200,4214.28,MW,FR,FR,actual_onshore_wind_generation,Wind Onshore,2026-07-17T04:55:04Z
2026-07-17T04:54:16Z,2026-07-17T06:54:16+0200,4e64d4d3-e4bc-4728-8eea-52acf8983738,2026-06-21T21:30:00Z,2026-06-21T23:30:00+0200,4382.42,MW,FR,FR,actual_onshore_wind_generation,Wind Onshore,2026-07-17T04:55:04Z
2026-07-17T04:54:16Z,2026-07-17T06:54:16+0200,4e64d4d3-e4bc-4728-8eea-52acf8983738,2026-06-21T21:45:00Z,2026-06-21T23:45:00+0200,4523.15,MW,FR,FR,actual_onshore_wind_generation,Wind Onshore,2026-07-17T04:55:04Z
2026-07-17T04:54:16Z,2026-07-17T06:54:16+0200,4e64d4d3-e4bc-4728-8eea-52acf8983738,2026-06-21T22:00:00Z,2026-06-22T00:00:00+0200,4493.68,MW,FR,FR,actual_onshore_wind_generation,Wind Onshore,2026-07-17T04:55:04Z
2026-07-17T04:54:16Z,2026-07-17T06:54:16+0200,4e64d4d3-e4bc-4728-8eea-52acf8983738,2026-06-21T22:15:00Z,2026-06-22T00:15:00+0200,4421.31,MW,FR,FR,actual_onshore_wind_generation,Wind Onshore,2026-07-17T04:55:04Z
2026-07-17T04:54:16Z,2026-07-17T06:54:16+0200,4e64d4d3-e4bc-4728-8eea-52acf8983738,2026-06-21T22:30:00Z,2026-06-22T00:30:00+0200,4360.54,MW,FR,FR,actual_onshore_wind_generation,Wind Onshore,2026-07-17T04:55:04Z
2026-07-17T04:54:16Z,2026-07-17T06:54:16+0200,4e64d4d3-e4bc-4728-8eea-52acf8983738,2026-06-21T22:45:00Z,2026-06-22T00:45:00+0200,4280.07,MW,FR,FR,actual_onshore_wind_generation,Wind Onshore,2026-07-17T04:55:04Z
2026-07-17T04:54:16Z,2026-07-17T06:54:16+0200,4e64d4d3-e4bc-4728-8eea-52acf8983738,2026-06-21T23:00:00Z,2026-06-22T01:00:00+0200,4183.07,MW,FR,FR,actual_onshore_wind_generation,Wind Onshore,2026-07-17T04:55:04Z
2026-07-17T04:54:16Z,2026-07-17T06:54:16+0200,4e64d4d3-e4bc-4728-8eea-52acf8983738,2026-06-21T23:15:00Z,2026-06-22T01:15:00+0200,4074.77,MW,FR,FR,actual_onshore_wind_generation,Wind Onshore,2026-07-17T04:55:04Z
2026-07-17T04:54:16Z,2026-07-17T06:54:16+0200,4e64d4d3-e4bc-4728-8eea-52acf8983738,2026-06-21T23:30:00Z,2026-06-22T01:30:00+0200,3921.21,MW,FR,FR,actual_onshore_wind_generation,Wind Onshore,2026-07-17T04:55:04Z
2026-07-17T04:54:16Z,2026-07-17T06:54:16+0200,4e64d4d3-e4bc-4728-8eea-52acf8983738,2026-06-21T23:45:00Z,2026-06-22T01:45:00+0200,3833.37,MW,FR,FR,actual_onshore_wind_generation,Wind Onshore,2026-07-17T04:55:04Z
2026-07-17T04:54:16Z,2026-07-17T06:54:16+0200,4e64d4d3-e4bc-4728-8eea-52acf8983738,2026-06-22T00:00:00Z,2026-06-22T02:00:00+0200,3766.41,MW,FR,FR,actual_onshore_wind_generation,Wind Onshore,2026-07-17T04:55:04Z
2026-07-17T04:54:16Z,2026-07-17T06:54:16+0200,4e64d4d3-e4bc-4728-8eea-52acf8983738,2026-06-22T00:15:00Z,2026-06-22T02:15:00+0200,3623.98,MW,FR,FR,actual_onshore_wind_generation,Wind Onshore,2026-07-17T04:55:04Z
2026-07-17T04:54:16Z,2026-07-17T06:54:16+0200,4e64d4d3-e4bc-4728-8eea-52acf8983738,2026-06-22T00:30:00Z,2026-06-22T02:30:00+0200,3558.99,MW,FR,FR,actual_onshore_wind_generation,Wind Onshore,2026-07-17T04:55:04Z
2026-07-17T04:54:16Z,2026-07-17T06:54:16+0200,4e64d4d3-e4bc-4728-8eea-52acf8983738,2026-06-22T00:45:00Z,2026-06-22T02:45:00+0200,3539.28,MW,FR,FR,actual_onshore_wind_generation,Wind Onshore,2026-07-17T04:55:04Z
2026-07-17T04:54:16Z,2026-07-17T06:54:16+0200,4e64d4d3-e4bc-4728-8eea-52acf8983738,2026-06-22T01:00:00Z,2026-06-22T03:00:00+0200,3458.3,MW,FR,FR,actual_onshore_wind_generation,Wind Onshore,2026-07-17T04:55:04Z
2026-07-17T04:54:16Z,2026-07-17T06:54:16+0200,4e64d4d3-e4bc-4728-8eea-52acf8983738,2026-06-22T01:15:00Z,2026-06-22T03:15:00+0200,3389.25,MW,FR,FR,actual_onshore_wind_generation,Wind Onshore,2026-07-17T04:55:04Z
2026-07-17T04:54:16Z,2026-07-17T06:54:16+0200,4e64d4d3-e4bc-4728-8eea-52acf8983738,2026-06-22T01:30:00Z,2026-06-22T03:30:00+0200,3293.85,MW,FR,FR,actual_onshore_wind_generation,Wind Onshore,2026-07-17T04:55:04Z
2026-07-17T04:54:16Z,2026-07-17T06:54:16+0200,4e64d4d3-e4bc-4728-8eea-52acf8983738,2026-06-22T01:45:00Z,2026-06-22T03:45:00+0200,3216.17,MW,FR,FR,actual_onshore_wind_generation,Wind Onshore,2026-07-17T04:55:04Z
2026-07-17T04:54:16Z,2026-07-17T06:54:16+0200,4e64d4d3-e4bc-4728-8eea-52acf8983738,2026-06-22T02:00:00Z,2026-06-22T04:00:00+0200,3100.65,MW,FR,FR,actual_onshore_wind_generation,Wind Onshore,2026-07-17T04:55:04Z
2026-07-17T04:54:16Z,2026-07-17T06:54:16+0200,4e64d4d3-e4bc-4728-8eea-52acf8983738,2026-06-22T02:15:00Z,2026-06-22T04:15:00+0200,2962.91,MW,FR,FR,actual_onshore_wind_generation,Wind Onshore,2026-07-17T04:55:04Z
2026-07-17T04:54:16Z,2026-07-17T06:54:16+0200,4e64d4d3-e4bc-4728-8eea-52acf8983738,2026-06-22T02:30:00Z,2026-06-22T04:30:00+0200,2831.69,MW,FR,FR,actual_onshore_wind_generation,Wind Onshore,2026-07-17T04:55:04Z
2026-07-17T04:54:16Z,2026-07-17T06:54:16+0200,4e64d4d3-e4bc-4728-8eea-52acf8983738,2026-06-22T02:45:00Z,2026-06-22T04:45:00+0200,2756.2,MW,FR,FR,actual_onshore_wind_generation,Wind Onshore,2026-07-17T04:55:04Z
2026-07-17T04:54:16Z,2026-07-17T06:54:16+0200,4e64d4d3-e4bc-4728-8eea-52acf8983738,2026-06-22T03:00:00Z,2026-06-22T05:00:00+0200,2699.55,MW,FR,FR,actual_onshore_wind_generation,Wind Onshore,2026-07-17T04:55:04Z
2026-07-17T04:54:16Z,2026-07-17T06:54:16+0200,4e64d4d3-e4bc-4728-8eea-52acf8983738,2026-06-22T03:15:00Z,2026-06-22T05:15:00+0200,2670.84,MW,FR,FR,actual_onshore_wind_generation,Wind Onshore,2026-07-17T04:55:04Z
2026-07-17T04:54:16Z,2026-07-17T06:54:16+0200,4e64d4d3-e4bc-4728-8eea-52acf8983738,2026-06-22T03:30:00Z,2026-06-22T05:30:00+0200,2616.23,MW,FR,FR,actual_onshore_wind_generation,Wind Onshore,2026-07-17T04:55:04Z
2026-07-17T04:54:16Z,2026-07-17T06:54:16+0200,4e64d4d3-e4bc-4728-8eea-52acf8983738,2026-06-22T03:45:00Z,2026-06-22T05:45:00+0200,2613.69,MW,FR,FR,actual_onshore_wind_generation,Wind Onshore,2026-07-17T04:55:04Z
2026-07-17T04:54:16Z,2026-07-17T06:54:16+0200,4e64d4d3-e4bc-4728-8eea-52acf8983738,2026-06-22T04:00:00Z,2026-06-22T06:00:00+0200,2616.3,MW,FR,FR,actual_onshore_wind_generation,Wind Onshore,2026-07-17T04:55:04Z
2026-07-17T04:54:16Z,2026-07-17T06:54:16+0200,4e64d4d3-e4bc-4728-8eea-52acf8983738,2026-06-22T04:15:00Z,2026-06-22T06:15:00+0200,2620.75,MW,FR,FR,actual_onshore_wind_generation,Wind Onshore,2026-07-17T04:55:04Z
2026-07-17T04:54:16Z,2026-07-17T06:54:16+0200,4e64d4d3-e4bc-4728-8eea-52acf8983738,2026-06-22T04:30:00Z,2026-06-22T06:30:00+0200,2649.7,MW,FR,FR,actual_onshore_wind_generation,Wind Onshore,2026-07-17T04:55:04Z
2026-07-17T04:54:16Z,2026-07-17T06:54:16+0200,4e64d4d3-e4bc-4728-8eea-52acf8983738,2026-06-22T04:45:00Z,2026-06-22T06:45:00+0200,2670.73,MW,FR,FR,actual_onshore_wind_generation,Wind Onshore,2026-07-17T04:55:04Z
2026-07-17T04:54:16Z,2026-07-17T06:54:16+0200,4e64d4d3-e4bc-4728-8eea-52acf8983738,2026-06-22T05:00:00Z,2026-06-22T07:00:00+0200,2632.46,MW,FR,FR,actual_onshore_wind_generation,Wind Onshore,2026-07-17T04:55:04Z
2026-07-17T04:54:16Z,2026-07-17T06:54:16+0200,4e64d4d3-e4bc-4728-8eea-52acf8983738,2026-06-22T05:15:00Z,2026-06-22T07:15:00+0200,2534.04,MW,FR,FR,actual_onshore_wind_generation,Wind Onshore,2026-07-17T04:55:04Z
2026-07-17T04:54:16Z,2026-07-17T06:54:16+0200,4e64d4d3-e4bc-4728-8eea-52acf8983738,2026-06-22T05:30:00Z,2026-06-22T07:30:00+0200,2351.69,MW,FR,FR,actual_onshore_wind_generation,Wind Onshore,2026-07-17T04:55:04Z
2026-07-17T04:54:16Z,2026-07-17T06:54:16+0200,4e64d4d3-e4bc-4728-8eea-52acf8983738,2026-06-22T05:45:00Z,2026-06-22T07:45:00+0200,2113.99,MW,FR,FR,actual_onshore_wind_generation,Wind Onshore,2026-07-17T04:55:04Z
2026-07-17T04:54:16Z,2026-07-17T06:54:16+0200,4e64d4d3-e4bc-4728-8eea-52acf8983738,2026-06-22T06:00:00Z,2026-06-22T08:00:00+0200,1889.17,MW,FR,FR,actual_onshore_wind_generation,Wind Onshore,2026-07-17T04:55:04Z
2026-07-17T04:54:16Z,2026-07-17T06:54:16+0200,4e64d4d3-e4bc-4728-8eea-52acf8983738,2026-06-22T06:15:00Z,2026-06-22T08:15:00+0200,1667.39,MW,FR,FR,actual_onshore_wind_generation,Wind Onshore,2026-07-17T04:55:04Z
2026-07-17T04:54:16Z,2026-07-17T06:54:16+0200,4e64d4d3-e4bc-4728-8eea-52acf8983738,2026-06-22T06:30:00Z,2026-06-22T08:30:00+0200,1461.13,MW,FR,FR,actual_onshore_wind_generation,Wind Onshore,2026-07-17T04:55:04Z
2026-07-17T04:54:16Z,2026-07-17T06:54:16+0200,4e64d4d3-e4bc-4728-8eea-52acf8983738,2026-06-22T06:45:00Z,2026-06-22T08:45:00+0200,1287.65,MW,FR,FR,actual_onshore_wind_generation,Wind Onshore,2026-07-17T04:55:04Z
2026-07-17T04:54:16Z,2026-07-17T06:54:16+0200,4e64d4d3-e4bc-4728-8eea-52acf8983738,2026-06-22T07:00:00Z,2026-06-22T09:00:00+0200,1107.35,MW,FR,FR,actual_onshore_wind_generation,Wind Onshore,2026-07-17T04:55:04Z
2026-07-17T04:54:16Z,2026-07-17T06:54:16+0200,4e64d4d3-e4bc-4728-8eea-52acf8983738,2026-06-22T07:15:00Z,2026-06-22T09:15:00+0200,991.75,MW,FR,FR,actual_onshore_wind_generation,Wind Onshore,2026-07-17T04:55:04Z
2026-07-17T04:54:16Z,2026-07-17T06:54:16+0200,4e64d4d3-e4bc-4728-8eea-52acf8983738,2026-06-22T07:30:00Z,2026-06-22T09:30:00+0200,918.54,MW,FR,FR,actual_onshore_wind_generation,Wind Onshore,2026-07-17T04:55:04Z
2026-07-17T04:54:16Z,2026-07-17T06:54:16+0200,4e64d4d3-e4bc-4728-8eea-52acf8983738,2026-06-22T07:45:00Z,2026-06-22T09:45:00+0200,866.23,MW,FR,FR,actual_onshore_wind_generation,Wind Onshore,2026-07-17T04:55:04Z
2026-07-17T04:54:16Z,2026-07-17T06:54:16+0200,4e64d4d3-e4bc-4728-8eea-52acf8983738,2026-06-22T08:00:00Z,2026-06-22T10:00:00+0200,815.45,MW,FR,FR,actual_onshore_wind_generation,Wind Onshore,2026-07-17T04:55:04Z
2026-07-17T04:54:16Z,2026-07-17T06:54:16+0200,4e64d4d3-e4bc-4728-8eea-52acf8983738,2026-06-22T08:15:00Z,2026-06-22T10:15:00+0200,792.35,MW,FR,FR,actual_onshore_wind_generation,Wind Onshore,2026-07-17T04:55:04Z
2026-07-17T04:54:16Z,2026-07-17T06:54:16+0200,4e64d4d3-e4bc-4728-8eea-52acf8983738,2026-06-22T08:30:00Z,2026-06-22T10:30:00+0200,795.71,MW,FR,FR,actual_onshore_wind_generation,Wind Onshore,2026-07-17T04:55:04Z
2026-07-17T04:54:16Z,2026-07-17T06:54:16+0200,4e64d4d3-e4bc-4728-8eea-52acf8983738,2026-06-22T08:45:00Z,2026-06-22T10:45:00+0200,836.21,MW,FR,FR,actual_onshore_wind_generation,Wind Onshore,2026-07-17T04:55:04Z
2026-07-17T04:54:16Z,2026-07-17T06:54:16+0200,4e64d4d3-e4bc-4728-8eea-52acf8983738,2026-06-22T09:00:00Z,2026-06-22T11:00:00+0200,857.53,MW,FR,FR,actual_onshore_wind_generation,Wind Onshore,2026-07-17T04:55:04Z
2026-07-17T04:54:16Z,2026-07-17T06:54:16+0200,4e64d4d3-e4bc-4728-8eea-52acf8983738,2026-06-22T09:15:00Z,2026-06-22T11:15:00+0200,887.66,MW,FR,FR,actual_onshore_wind_generation,Wind Onshore,2026-07-17T04:55:04Z
2026-07-17T04:54:16Z,2026-07-17T06:54:16+0200,4e64d4d3-e4bc-4728-8eea-52acf8983738,2026-06-22T09:30:00Z,2026-06-22T11:30:00+0200,950.17,MW,FR,FR,actual_onshore_wind_generation,Wind Onshore,2026-07-17T04:55:04Z
2026-07-17T04:54:16Z,2026-07-17T06:54:16+0200,4e64d4d3-e4bc-4728-8eea-52acf8983738,2026-06-22T09:45:00Z,2026-06-22T11:45:00+0200,1018.37,MW,FR,FR,actual_onshore_wind_generation,Wind Onshore,2026-07-17T04:55:04Z
2026-07-17T04:54:16Z,2026-07-17T06:54:16+0200,4e64d4d3-e4bc-4728-8eea-52acf8983738,2026-06-22T10:00:00Z,2026-06-22T12:00:00+0200,1059.01,MW,FR,FR,actual_onshore_wind_generation,Wind Onshore,2026-07-17T04:55:04Z
2026-07-17T04:54:16Z,2026-07-17T06:54:16+0200,4e64d4d3-e4bc-4728-8eea-52acf8983738,2026-06-22T10:15:00Z,2026-06-22T12:15:00+0200,1093.77,MW,FR,FR,actual_onshore_wind_generation,Wind Onshore,2026-07-17T04:55:04Z
2026-07-17T04:54:16Z,2026-07-17T06:54:16+0200,4e64d4d3-e4bc-4728-8eea-52acf8983738,2026-06-22T10:30:00Z,2026-06-22T12:30:00+0200,1102.9,MW,FR,FR,actual_onshore_wind_generation,Wind Onshore,2026-07-17T04:55:04Z
2026-07-17T04:54:16Z,2026-07-17T06:54:16+0200,4e64d4d3-e4bc-4728-8eea-52acf8983738,2026-06-22T10:45:00Z,2026-06-22T12:45:00+0200,1117.45,MW,FR,FR,actual_onshore_wind_generation,Wind Onshore,2026-07-17T04:55:04Z
2026-07-17T04:54:16Z,2026-07-17T06:54:16+0200,4e64d4d3-e4bc-4728-8eea-52acf8983738,2026-06-22T11:00:00Z,2026-06-22T13:00:00+0200,1150.56,MW,FR,FR,actual_onshore_wind_generation,Wind Onshore,2026-07-17T04:55:04Z
2026-07-17T04:54:16Z,2026-07-17T06:54:16+0200,4e64d4d3-e4bc-4728-8eea-52acf8983738,2026-06-22T11:15:00Z,2026-06-22T13:15:00+0200,1183.21,MW,FR,FR,actual_onshore_wind_generation,Wind Onshore,2026-07-17T04:55:04Z
2026-07-17T04:54:16Z,2026-07-17T06:54:16+0200,4e64d4d3-e4bc-4728-8eea-52acf8983738,2026-06-22T11:30:00Z,2026-06-22T13:30:00+0200,1202.72,MW,FR,FR,actual_onshore_wind_generation,Wind Onshore,2026-07-17T04:55:04Z
2026-07-17T04:54:16Z,2026-07-17T06:54:16+0200,4e64d4d3-e4bc-4728-8eea-52acf8983738,2026-06-22T11:45:00Z,2026-06-22T13:45:00+0200,1210.45,MW,FR,FR,actual_onshore_wind_generation,Wind Onshore,2026-07-17T04:55:04Z
2026-07-17T04:54:16Z,2026-07-17T06:54:16+0200,4e64d4d3-e4bc-4728-8eea-52acf8983738,2026-06-22T12:00:00Z,2026-06-22T14:00:00+0200,1224.09,MW,FR,FR,actual_onshore_wind_generation,Wind Onshore,2026-07-17T04:55:04Z
2026-07-17T04:54:16Z,2026-07-17T06:54:16+0200,4e64d4d3-e4bc-4728-8eea-52acf8983738,2026-06-22T12:15:00Z,2026-06-22T14:15:00+0200,1251.7,MW,FR,FR,actual_onshore_wind_generation,Wind Onshore,2026-07-17T04:55:04Z
2026-07-17T04:54:16Z,2026-07-17T06:54:16+0200,4e64d4d3-e4bc-4728-8eea-52acf8983738,2026-06-22T12:30:00Z,2026-06-22T14:30:00+0200,1245.69,MW,FR,FR,actual_onshore_wind_generation,Wind Onshore,2026-07-17T04:55:04Z
2026-07-17T04:54:16Z,2026-07-17T06:54:16+0200,4e64d4d3-e4bc-4728-8eea-52acf8983738,2026-06-22T12:45:00Z,2026-06-22T14:45:00+0200,1258.85,MW,FR,FR,actual_onshore_wind_generation,Wind Onshore,2026-07-17T04:55:04Z
2026-07-17T04:54:16Z,2026-07-17T06:54:16+0200,4e64d4d3-e4bc-4728-8eea-52acf8983738,2026-06-22T13:00:00Z,2026-06-22T15:00:00+0200,1254.12,MW,FR,FR,actual_onshore_wind_generation,Wind Onshore,2026-07-17T04:55:04Z
2026-07-17T04:54:16Z,2026-07-17T06:54:16+0200,4e64d4d3-e4bc-4728-8eea-52acf8983738,2026-06-22T13:15:00Z,2026-06-22T15:15:00+0200,1241.63,MW,FR,FR,actual_onshore_wind_generation,Wind Onshore,2026-07-17T04:55:04Z
2026-07-17T04:54:16Z,2026-07-17T06:54:16+0200,4e64d4d3-e4bc-4728-8eea-52acf8983738,2026-06-22T13:30:00Z,2026-06-22T15:30:00+0200,1250.21,MW,FR,FR,actual_onshore_wind_generation,Wind Onshore,2026-07-17T04:55:04Z
2026-07-17T04:54:16Z,2026-07-17T06:54:16+0200,4e64d4d3-e4bc-4728-8eea-52acf8983738,2026-06-22T13:45:00Z,2026-06-22T15:45:00+0200,1230.38,MW,FR,FR,actual_onshore_wind_generation,Wind Onshore,2026-07-17T04:55:04Z
2026-07-17T04:54:16Z,2026-07-17T06:54:16+0200,4e64d4d3-e4bc-4728-8eea-52acf8983738,2026-06-22T14:00:00Z,2026-06-22T16:00:00+0200,1327.46,MW,FR,FR,actual_onshore_wind_generation,Wind Onshore,2026-07-17T04:55:04Z
2026-07-17T04:54:16Z,2026-07-17T06:54:16+0200,4e64d4d3-e4bc-4728-8eea-52acf8983738,2026-06-22T14:15:00Z,2026-06-22T16:15:00+0200,1433.9,MW,FR,FR,actual_onshore_wind_generation,Wind Onshore,2026-07-17T04:55:04Z
2026-07-17T04:54:16Z,2026-07-17T06:54:16+0200,4e64d4d3-e4bc-4728-8eea-52acf8983738,2026-06-22T14:30:00Z,2026-06-22T16:30:00+0200,1430.62,MW,FR,FR,actual_onshore_wind_generation,Wind Onshore,2026-07-17T04:55:04Z
2026-07-17T04:54:16Z,2026-07-17T06:54:16+0200,4e64d4d3-e4bc-4728-8eea-52acf8983738,2026-06-22T14:45:00Z,2026-06-22T16:45:00+0200,1461.84,MW,FR,FR,actual_onshore_wind_generation,Wind Onshore,2026-07-17T04:55:04Z
2026-07-17T04:54:16Z,2026-07-17T06:54:16+0200,4e64d4d3-e4bc-4728-8eea-52acf8983738,2026-06-22T15:00:00Z,2026-06-22T17:00:00+0200,1486.13,MW,FR,FR,actual_onshore_wind_generation,Wind Onshore,2026-07-17T04:55:04Z
2026-07-17T04:54:16Z,2026-07-17T06:54:16+0200,4e64d4d3-e4bc-4728-8eea-52acf8983738,2026-06-22T15:15:00Z,2026-06-22T17:15:00+0200,1542.73,MW,FR,FR,actual_onshore_wind_generation,Wind Onshore,2026-07-17T04:55:04Z
2026-07-17T04:54:16Z,2026-07-17T06:54:16+0200,4e64d4d3-e4bc-4728-8eea-52acf8983738,2026-06-22T15:30:00Z,2026-06-22T17:30:00+0200,1581.15,MW,FR,FR,actual_onshore_wind_generation,Wind Onshore,2026-07-17T04:55:04Z
2026-07-17T04:54:16Z,2026-07-17T06:54:16+0200,4e64d4d3-e4bc-4728-8eea-52acf8983738,2026-06-22T15:45:00Z,2026-06-22T17:45:00+0200,1612.33,MW,FR,FR,actual_onshore_wind_generation,Wind Onshore,2026-07-17T04:55:04Z
2026-07-17T04:54:16Z,2026-07-17T06:54:16+0200,4e64d4d3-e4bc-4728-8eea-52acf8983738,2026-06-22T16:00:00Z,2026-06-22T18:00:00+0200,1657.1,MW,FR,FR,actual_onshore_wind_generation,Wind Onshore,2026-07-17T04:55:04Z
2026-07-17T04:54:16Z,2026-07-17T06:54:16+0200,4e64d4d3-e4bc-4728-8eea-52acf8983738,2026-06-22T16:15:00Z,2026-06-22T18:15:00+0200,1706.27,MW,FR,FR,actual_onshore_wind_generation,Wind Onshore,2026-07-17T04:55:04Z
2026-07-17T04:54:16Z,2026-07-17T06:54:16+0200,4e64d4d3-e4bc-4728-8eea-52acf8983738,2026-06-22T16:30:00Z,2026-06-22T18:30:00+0200,1767.06,MW,FR,FR,actual_onshore_wind_generation,Wind Onshore,2026-07-17T04:55:04Z
2026-07-17T04:54:16Z,2026-07-17T06:54:16+0200,4e64d4d3-e4bc-4728-8eea-52acf8983738,2026-06-22T16:45:00Z,2026-06-22T18:45:00+0200,1854.41,MW,FR,FR,actual_onshore_wind_generation,Wind Onshore,2026-07-17T04:55:04Z
2026-07-17T04:54:16Z,2026-07-17T06:54:16+0200,4e64d4d3-e4bc-4728-8eea-52acf8983738,2026-06-22T17:00:00Z,2026-06-22T19:00:00+0200,1912.6,MW,FR,FR,actual_onshore_wind_generation,Wind Onshore,2026-07-17T04:55:04Z
2026-07-17T04:54:16Z,2026-07-17T06:54:16+0200,4e64d4d3-e4bc-4728-8eea-52acf8983738,2026-06-22T17:15:00Z,2026-06-22T19:15:00+0200,1992.49,MW,FR,FR,actual_onshore_wind_generation,Wind Onshore,2026-07-17T04:55:04Z
2026-07-17T04:54:16Z,2026-07-17T06:54:16+0200,4e64d4d3-e4bc-4728-8eea-52acf8983738,2026-06-22T17:30:00Z,2026-06-22T19:30:00+0200,2188.24,MW,FR,FR,actual_onshore_wind_generation,Wind Onshore,2026-07-17T04:55:04Z
2026-07-17T04:54:16Z,2026-07-17T06:54:16+0200,4e64d4d3-e4bc-4728-8eea-52acf8983738,2026-06-22T17:45:00Z,2026-06-22T19:45:00+0200,2280.15,MW,FR,FR,actual_onshore_wind_generation,Wind Onshore,2026-07-17T04:55:04Z
2026-07-17T04:54:16Z,2026-07-17T06:54:16+0200,4e64d4d3-e4bc-4728-8eea-52acf8983738,2026-06-22T18:00:00Z,2026-06-22T20:00:00+0200,2406.85,MW,FR,FR,actual_onshore_wind_generation,Wind Onshore,2026-07-17T04:55:04Z
2026-07-17T04:54:16Z,2026-07-17T06:54:16+0200,4e64d4d3-e4bc-4728-8eea-52acf8983738,2026-06-22T18:15:00Z,2026-06-22T20:15:00+0200,2520.64,MW,FR,FR,actual_onshore_wind_generation,Wind Onshore,2026-07-17T04:55:04Z
2026-07-17T04:54:16Z,2026-07-17T06:54:16+0200,4e64d4d3-e4bc-4728-8eea-52acf8983738,2026-06-22T18:30:00Z,2026-06-22T20:30:00+0200,2684.65,MW,FR,FR,actual_onshore_wind_generation,Wind Onshore,2026-07-17T04:55:04Z
2026-07-17T04:54:16Z,2026-07-17T06:54:16+0200,4e64d4d3-e4bc-4728-8eea-52acf8983738,2026-06-22T18:45:00Z,2026-06-22T20:45:00+0200,2803.22,MW,FR,FR,actual_onshore_wind_generation,Wind Onshore,2026-07-17T04:55:04Z
2026-07-17T04:54:16Z,2026-07-17T06:54:16+0200,4e64d4d3-e4bc-4728-8eea-52acf8983738,2026-06-22T19:00:00Z,2026-06-22T21:00:00+0200,2911.57,MW,FR,FR,actual_onshore_wind_generation,Wind Onshore,2026-07-17T04:55:04Z
2026-07-17T04:54:16Z,2026-07-17T06:54:16+0200,4e64d4d3-e4bc-4728-8eea-52acf8983738,2026-06-22T19:15:00Z,2026-06-22T21:15:00+0200,3070.14,MW,FR,FR,actual_onshore_wind_generation,Wind Onshore,2026-07-17T04:55:04Z
2026-07-17T04:54:16Z,2026-07-17T06:54:16+0200,4e64d4d3-e4bc-4728-8eea-52acf8983738,2026-06-22T19:30:00Z,2026-06-22T21:30:00+0200,3162.5,MW,FR,FR,actual_onshore_wind_generation,Wind Onshore,2026-07-17T04:55:04Z
2026-07-17T04:54:16Z,2026-07-17T06:54:16+0200,4e64d4d3-e4bc-4728-8eea-52acf8983738,2026-06-22T19:45:00Z,2026-06-22T21:45:00+0200,3421.86,MW,FR,FR,actual_onshore_wind_generation,Wind Onshore,2026-07-17T04:55:04Z
2026-07-17T04:54:16Z,2026-07-17T06:54:16+0200,4e64d4d3-e4bc-4728-8eea-52acf8983738,2026-06-22T20:00:00Z,2026-06-22T22:00:00+0200,3709.05,MW,FR,FR,actual_onshore_wind_generation,Wind Onshore,2026-07-17T04:55:04Z
2026-07-17T04:54:16Z,2026-07-17T06:54:16+0200,4e64d4d3-e4bc-4728-8eea-52acf8983738,2026-06-22T20:15:00Z,2026-06-22T22:15:00+0200,3984.07,MW,FR,FR,actual_onshore_wind_generation,Wind Onshore,2026-07-17T04:55:04Z
2026-07-17T04:54:16Z,2026-07-17T06:54:16+0200,4e64d4d3-e4bc-4728-8eea-52acf8983738,2026-06-22T20:30:00Z,2026-06-22T22:30:00+0200,4228.45,MW,FR,FR,actual_onshore_wind_generation,Wind Onshore,2026-07-17T04:55:04Z
2026-07-17T04:54:16Z,2026-07-17T06:54:16+0200,4e64d4d3-e4bc-4728-8eea-52acf8983738,2026-06-22T20:45:00Z,2026-06-22T22:45:00+0200,4426.53,MW,FR,FR,actual_onshore_wind_generation,Wind Onshore,2026-07-17T04:55:04Z
2026-07-17T04:54:16Z,2026-07-17T06:54:16+0200,4e64d4d3-e4bc-4728-8eea-52acf8983738,2026-06-22T21:00:00Z,2026-06-22T23:00:00+0200,4611.58,MW,FR,FR,actual_onshore_wind_generation,Wind Onshore,2026-07-17T04:55:04Z
2026-07-17T04:54:16Z,2026-07-17T06:54:16+0200,4e64d4d3-e4bc-4728-8eea-52acf8983738,2026-06-22T21:15:00Z,2026-06-22T23:15:00+0200,4713.33,MW,FR,FR,actual_onshore_wind_generation,Wind Onshore,2026-07-17T04:55:04Z
2026-07-17T04:54:16Z,2026-07-17T06:54:16+0200,4e64d4d3-e4bc-4728-8eea-52acf8983738,2026-06-22T21:30:00Z,2026-06-22T23:30:00+0200,4732.35,MW,FR,FR,actual_onshore_wind_generation,Wind Onshore,2026-07-17T04:55:04Z
2026-07-17T04:54:16Z,2026-07-17T06:54:16+0200,4e64d4d3-e4bc-4728-8eea-52acf8983738,2026-06-22T21:45:00Z,2026-06-22T23:45:00+0200,4780.84,MW,FR,FR,actual_onshore_wind_generation,Wind Onshore,2026-07-17T04:55:04Z
2026-07-17T04:54:16Z,2026-07-17T06:54:16+0200,4e64d4d3-e4bc-4728-8eea-52acf8983738,2026-06-22T22:00:00Z,2026-06-23T00:00:00+0200,4817.95,MW,FR,FR,actual_onshore_wind_generation,Wind Onshore,2026-07-17T04:55:04Z
2026-07-17T04:54:16Z,2026-07-17T06:54:16+0200,4e64d4d3-e4bc-4728-8eea-52acf8983738,2026-06-22T22:15:00Z,2026-06-23T00:15:00+0200,4861.76,MW,FR,FR,actual_onshore_wind_generation,Wind Onshore,2026-07-17T04:55:04Z
2026-07-17T04:54:16Z,2026-07-17T06:54:16+0200,4e64d4d3-e4bc-4728-8eea-52acf8983738,2026-06-22T22:30:00Z,2026-06-23T00:30:00+0200,4834.11,MW,FR,FR,actual_onshore_wind_generation,Wind Onshore,2026-07-17T04:55:04Z
2026-07-17T04:54:16Z,2026-07-17T06:54:16+0200,4e64d4d3-e4bc-4728-8eea-52acf8983738,2026-06-22T22:45:00Z,2026-06-23T00:45:00+0200,4722.99,MW,FR,FR,actual_onshore_wind_generation,Wind Onshore,2026-07-17T04:55:04Z
2026-07-17T04:54:16Z,2026-07-17T06:54:16+0200,4e64d4d3-e4bc-4728-8eea-52acf8983738,2026-06-22T23:00:00Z,2026-06-23T01:00:00+0200,4573.26,MW,FR,FR,actual_onshore_wind_generation,Wind Onshore,2026-07-17T04:55:04Z
2026-07-17T04:54:16Z,2026-07-17T06:54:16+0200,4e64d4d3-e4bc-4728-8eea-52acf8983738,2026-06-22T23:15:00Z,2026-06-23T01:15:00+0200,4415.49,MW,FR,FR,actual_onshore_wind_generation,Wind Onshore,2026-07-17T04:55:04Z
2026-07-17T04:54:16Z,2026-07-17T06:54:16+0200,4e64d4d3-e4bc-4728-8eea-52acf8983738,2026-06-22T23:30:00Z,2026-06-23T01:30:00+0200,4337.17,MW,FR,FR,actual_onshore_wind_generation,Wind Onshore,2026-07-17T04:55:04Z
2026-07-17T04:54:16Z,2026-07-17T06:54:16+0200,4e64d4d3-e4bc-4728-8eea-52acf8983738,2026-06-22T23:45:00Z,2026-06-23T01:45:00+0200,4246.53,MW,FR,FR,actual_onshore_wind_generation,Wind Onshore,2026-07-17T04:55:04Z
2026-07-17T04:54:16Z,2026-07-17T06:54:16+0200,4e64d4d3-e4bc-4728-8eea-52acf8983738,2026-06-23T00:00:00Z,2026-06-23T02:00:00+0200,4134.53,MW,FR,FR,actual_onshore_wind_generation,Wind Onshore,2026-07-17T04:55:04Z
2026-07-17T04:54:16Z,2026-07-17T06:54:16+0200,4e64d4d3-e4bc-4728-8eea-52acf8983738,2026-06-23T00:15:00Z,2026-06-23T02:15:00+0200,4020.14,MW,FR,FR,actual_onshore_wind_generation,Wind Onshore,2026-07-17T04:55:04Z
2026-07-17T04:54:16Z,2026-07-17T06:54:16+0200,4e64d4d3-e4bc-4728-8eea-52acf8983738,2026-06-23T00:30:00Z,2026-06-23T02:30:00+0200,3927.02,MW,FR,FR,actual_onshore_wind_generation,Wind Onshore,2026-07-17T04:55:04Z
2026-07-17T04:54:16Z,2026-07-17T06:54:16+0200,4e64d4d3-e4bc-4728-8eea-52acf8983738,2026-06-23T00:45:00Z,2026-06-23T02:45:00+0200,3798.95,MW,FR,FR,actual_onshore_wind_generation,Wind Onshore,2026-07-17T04:55:04Z
2026-07-17T04:54:16Z,2026-07-17T06:54:16+0200,4e64d4d3-e4bc-4728-8eea-52acf8983738,2026-06-23T01:00:00Z,2026-06-23T03:00:00+0200,3686.83,MW,FR,FR,actual_onshore_wind_generation,Wind Onshore,2026-07-17T04:55:04Z
2026-07-17T04:54:16Z,2026-07-17T06:54:16+0200,4e64d4d3-e4bc-4728-8eea-52acf8983738,2026-06-23T01:15:00Z,2026-06-23T03:15:00+0200,3629.49,MW,FR,FR,actual_onshore_wind_generation,Wind Onshore,2026-07-17T04:55:04Z
2026-07-17T04:54:16Z,2026-07-17T06:54:16+0200,4e64d4d3-e4bc-4728-8eea-52acf8983738,2026-06-23T01:30:00Z,2026-06-23T03:30:00+0200,3585.96,MW,FR,FR,actual_onshore_wind_generation,Wind Onshore,2026-07-17T04:55:04Z
2026-07-17T04:54:16Z,2026-07-17T06:54:16+0200,4e64d4d3-e4bc-4728-8eea-52acf8983738,2026-06-23T01:45:00Z,2026-06-23T03:45:00+0200,3559.79,MW,FR,FR,actual_onshore_wind_generation,Wind Onshore,2026-07-17T04:55:04Z
2026-07-17T04:54:16Z,2026-07-17T06:54:16+0200,4e64d4d3-e4bc-4728-8eea-52acf8983738,2026-06-23T02:00:00Z,2026-06-23T04:00:00+0200,3487.3,MW,FR,FR,actual_onshore_wind_generation,Wind Onshore,2026-07-17T04:55:04Z
2026-07-17T04:54:16Z,2026-07-17T06:54:16+0200,4e64d4d3-e4bc-4728-8eea-52acf8983738,2026-06-23T02:15:00Z,2026-06-23T04:15:00+0200,3486.19,MW,FR,FR,actual_onshore_wind_generation,Wind Onshore,2026-07-17T04:55:04Z
2026-07-17T04:54:16Z,2026-07-17T06:54:16+0200,4e64d4d3-e4bc-4728-8eea-52acf8983738,2026-06-23T02:30:00Z,2026-06-23T04:30:00+0200,3545.73,MW,FR,FR,actual_onshore_wind_generation,Wind Onshore,2026-07-17T04:55:04Z
2026-07-17T04:54:16Z,2026-07-17T06:54:16+0200,4e64d4d3-e4bc-4728-8eea-52acf8983738,2026-06-23T02:45:00Z,2026-06-23T04:45:00+0200,3594.12,MW,FR,FR,actual_onshore_wind_generation,Wind Onshore,2026-07-17T04:55:04Z
2026-07-17T04:54:16Z,2026-07-17T06:54:16+0200,4e64d4d3-e4bc-4728-8eea-52acf8983738,2026-06-23T03:00:00Z,2026-06-23T05:00:00+0200,3632.5,MW,FR,FR,actual_onshore_wind_generation,Wind Onshore,2026-07-17T04:55:04Z
2026-07-17T04:54:16Z,2026-07-17T06:54:16+0200,4e64d4d3-e4bc-4728-8eea-52acf8983738,2026-06-23T03:15:00Z,2026-06-23T05:15:00+0200,3654.0,MW,FR,FR,actual_onshore_wind_generation,Wind Onshore,2026-07-17T04:55:04Z
2026-07-17T04:54:16Z,2026-07-17T06:54:16+0200,4e64d4d3-e4bc-4728-8eea-52acf8983738,2026-06-23T03:30:00Z,2026-06-23T05:30:00+0200,3703.6,MW,FR,FR,actual_onshore_wind_generation,Wind Onshore,2026-07-17T04:55:04Z
2026-07-17T04:54:16Z,2026-07-17T06:54:16+0200,4e64d4d3-e4bc-4728-8eea-52acf8983738,2026-06-23T03:45:00Z,2026-06-23T05:45:00+0200,3807.42,MW,FR,FR,actual_onshore_wind_generation,Wind Onshore,2026-07-17T04:55:04Z
2026-07-17T04:54:16Z,2026-07-17T06:54:16+0200,4e64d4d3-e4bc-4728-8eea-52acf8983738,2026-06-23T04:00:00Z,2026-06-23T06:00:00+0200,3796.34,MW,FR,FR,actual_onshore_wind_generation,Wind Onshore,2026-07-17T04:55:04Z
2026-07-17T04:54:16Z,2026-07-17T06:54:16+0200,4e64d4d3-e4bc-4728-8eea-52acf8983738,2026-06-23T04:15:00Z,2026-06-23T06:15:00+0200,3643.35,MW,FR,FR,actual_onshore_wind_generation,Wind Onshore,2026-07-17T04:55:04Z
2026-07-17T04:54:16Z,2026-07-17T06:54:16+0200,4e64d4d3-e4bc-4728-8eea-52acf8983738,2026-06-23T04:30:00Z,2026-06-23T06:30:00+0200,3418.58,MW,FR,FR,actual_onshore_wind_generation,Wind Onshore,2026-07-17T04:55:04Z
2026-07-17T04:54:16Z,2026-07-17T06:54:16+0200,4e64d4d3-e4bc-4728-8eea-52acf8983738,2026-06-23T04:45:00Z,2026-06-23T06:45:00+0200,3305.24,MW,FR,FR,actual_onshore_wind_generation,Wind Onshore,2026-07-17T04:55:04Z
2026-07-17T04:54:16Z,2026-07-17T06:54:16+0200,4e64d4d3-e4bc-4728-8eea-52acf8983738,2026-06-23T05:00:00Z,2026-06-23T07:00:00+0200,3236.72,MW,FR,FR,actual_onshore_wind_generation,Wind Onshore,2026-07-17T04:55:04Z
2026-07-17T04:54:16Z,2026-07-17T06:54:16+0200,4e64d4d3-e4bc-4728-8eea-52acf8983738,2026-06-23T05:15:00Z,2026-06-23T07:15:00+0200,3102.39,MW,FR,FR,actual_onshore_wind_generation,Wind Onshore,2026-07-17T04:55:04Z
2026-07-17T04:54:16Z,2026-07-17T06:54:16+0200,4e64d4d3-e4bc-4728-8eea-52acf8983738,2026-06-23T05:30:00Z,2026-06-23T07:30:00+0200,2970.63,MW,FR,FR,actual_onshore_wind_generation,Wind Onshore,2026-07-17T04:55:04Z
2026-07-17T04:54:16Z,2026-07-17T06:54:16+0200,4e64d4d3-e4bc-4728-8eea-52acf8983738,2026-06-23T05:45:00Z,2026-06-23T07:45:00+0200,2824.21,MW,FR,FR,actual_onshore_wind_generation,Wind Onshore,2026-07-17T04:55:04Z
2026-07-17T04:54:16Z,2026-07-17T06:54:16+0200,4e64d4d3-e4bc-4728-8eea-52acf8983738,2026-06-23T06:00:00Z,2026-06-23T08:00:00+0200,2946.12,MW,FR,FR,actual_onshore_wind_generation,Wind Onshore,2026-07-17T04:55:04Z
2026-07-17T04:54:16Z,2026-07-17T06:54:16+0200,4e64d4d3-e4bc-4728-8eea-52acf8983738,2026-06-23T06:15:00Z,2026-06-23T08:15:00+0200,3098.56,MW,FR,FR,actual_onshore_wind_generation,Wind Onshore,2026-07-17T04:55:04Z
2026-07-17T04:54:16Z,2026-07-17T06:54:16+0200,4e64d4d3-e4bc-4728-8eea-52acf8983738,2026-06-23T06:30:00Z,2026-06-23T08:30:00+0200,3088.4,MW,FR,FR,actual_onshore_wind_generation,Wind Onshore,2026-07-17T04:55:04Z
2026-07-17T04:54:16Z,2026-07-17T06:54:16+0200,4e64d4d3-e4bc-4728-8eea-52acf8983738,2026-06-23T06:45:00Z,2026-06-23T08:45:00+0200,3433.77,MW,FR,FR,actual_onshore_wind_generation,Wind Onshore,2026-07-17T04:55:04Z
2026-07-17T04:54:16Z,2026-07-17T06:54:16+0200,4e64d4d3-e4bc-4728-8eea-52acf8983738,2026-06-23T07:00:00Z,2026-06-23T09:00:00+0200,3796.12,MW,FR,FR,actual_onshore_wind_generation,Wind Onshore,2026-07-17T04:55:04Z
2026-07-17T04:54:16Z,2026-07-17T06:54:16+0200,4e64d4d3-e4bc-4728-8eea-52acf8983738,2026-06-23T07:15:00Z,2026-06-23T09:15:00+0200,3820.5,MW,FR,FR,actual_onshore_wind_generation,Wind Onshore,2026-07-17T04:55:04Z
2026-07-17T04:54:16Z,2026-07-17T06:54:16+0200,4e64d4d3-e4bc-4728-8eea-52acf8983738,2026-06-23T07:30:00Z,2026-06-23T09:30:00+0200,3538.25,MW,FR,FR,actual_onshore_wind_generation,Wind Onshore,2026-07-17T04:55:04Z
2026-07-17T04:54:16Z,2026-07-17T06:54:16+0200,4e64d4d3-e4bc-4728-8eea-52acf8983738,2026-06-23T07:45:00Z,2026-06-23T09:45:00+0200,3208.54,MW,FR,FR,actual_onshore_wind_generation,Wind Onshore,2026-07-17T04:55:04Z
2026-07-17T04:54:16Z,2026-07-17T06:54:16+0200,4e64d4d3-e4bc-4728-8eea-52acf8983738,2026-06-23T08:00:00Z,2026-06-23T10:00:00+0200,2960.84,MW,FR,FR,actual_onshore_wind_generation,Wind Onshore,2026-07-17T04:55:04Z
2026-07-17T04:54:16Z,2026-07-17T06:54:16+0200,4e64d4d3-e4bc-4728-8eea-52acf8983738,2026-06-23T08:15:00Z,2026-06-23T10:15:00+0200,2965.59,MW,FR,FR,actual_onshore_wind_generation,Wind Onshore,2026-07-17T04:55:04Z
2026-07-17T04:54:16Z,2026-07-17T06:54:16+0200,4e64d4d3-e4bc-4728-8eea-52acf8983738,2026-06-23T08:30:00Z,2026-06-23T10:30:00+0200,2845.81,MW,FR,FR,actual_onshore_wind_generation,Wind Onshore,2026-07-17T04:55:04Z
2026-07-17T04:54:16Z,2026-07-17T06:54:16+0200,4e64d4d3-e4bc-4728-8eea-52acf8983738,2026-06-23T08:45:00Z,2026-06-23T10:45:00+0200,2646.99,MW,FR,FR,actual_onshore_wind_generation,Wind Onshore,2026-07-17T04:55:04Z
2026-07-17T04:54:16Z,2026-07-17T06:54:16+0200,4e64d4d3-e4bc-4728-8eea-52acf8983738,2026-06-23T09:00:00Z,2026-06-23T11:00:00+0200,2648.36,MW,FR,FR,actual_onshore_wind_generation,Wind Onshore,2026-07-17T04:55:04Z
2026-07-17T04:54:16Z,2026-07-17T06:54:16+0200,4e64d4d3-e4bc-4728-8eea-52acf8983738,2026-06-23T09:15:00Z,2026-06-23T11:15:00+0200,2562.91,MW,FR,FR,actual_onshore_wind_generation,Wind Onshore,2026-07-17T04:55:04Z
2026-07-17T04:54:16Z,2026-07-17T06:54:16+0200,4e64d4d3-e4bc-4728-8eea-52acf8983738,2026-06-23T09:30:00Z,2026-06-23T11:30:00+0200,2500.05,MW,FR,FR,actual_onshore_wind_generation,Wind Onshore,2026-07-17T04:55:04Z
2026-07-17T04:54:16Z,2026-07-17T06:54:16+0200,4e64d4d3-e4bc-4728-8eea-52acf8983738,2026-06-23T09:45:00Z,2026-06-23T11:45:00+0200,2542.64,MW,FR,FR,actual_onshore_wind_generation,Wind Onshore,2026-07-17T04:55:04Z
2026-07-17T04:54:16Z,2026-07-17T06:54:16+0200,4e64d4d3-e4bc-4728-8eea-52acf8983738,2026-06-23T10:00:00Z,2026-06-23T12:00:00+0200,2646.85,MW,FR,FR,actual_onshore_wind_generation,Wind Onshore,2026-07-17T04:55:04Z
2026-07-17T04:54:16Z,2026-07-17T06:54:16+0200,4e64d4d3-e4bc-4728-8eea-52acf8983738,2026-06-23T10:15:00Z,2026-06-23T12:15:00+0200,2660.41,MW,FR,FR,actual_onshore_wind_generation,Wind Onshore,2026-07-17T04:55:04Z
2026-07-17T04:54:16Z,2026-07-17T06:54:16+0200,4e64d4d3-e4bc-4728-8eea-52acf8983738,2026-06-23T10:30:00Z,2026-06-23T12:30:00+0200,2424.3,MW,FR,FR,actual_onshore_wind_generation,Wind Onshore,2026-07-17T04:55:04Z
2026-07-17T04:54:16Z,2026-07-17T06:54:16+0200,4e64d4d3-e4bc-4728-8eea-52acf8983738,2026-06-23T10:45:00Z,2026-06-23T12:45:00+0200,2415.52,MW,FR,FR,actual_onshore_wind_generation,Wind Onshore,2026-07-17T04:55:04Z
2026-07-17T04:54:16Z,2026-07-17T06:54:16+0200,4e64d4d3-e4bc-4728-8eea-52acf8983738,2026-06-23T11:00:00Z,2026-06-23T13:00:00+0200,2237.51,MW,FR,FR,actual_onshore_wind_generation,Wind Onshore,2026-07-17T04:55:04Z
2026-07-17T04:54:16Z,2026-07-17T06:54:16+0200,4e64d4d3-e4bc-4728-8eea-52acf8983738,2026-06-23T11:15:00Z,2026-06-23T13:15:00+0200,1981.99,MW,FR,FR,actual_onshore_wind_generation,Wind Onshore,2026-07-17T04:55:04Z
2026-07-17T04:54:16Z,2026-07-17T06:54:16+0200,4e64d4d3-e4bc-4728-8eea-52acf8983738,2026-06-23T11:30:00Z,2026-06-23T13:30:00+0200,1813.46,MW,FR,FR,actual_onshore_wind_generation,Wind Onshore,2026-07-17T04:55:04Z
2026-07-17T04:54:16Z,2026-07-17T06:54:16+0200,4e64d4d3-e4bc-4728-8eea-52acf8983738,2026-06-23T11:45:00Z,2026-06-23T13:45:00+0200,1706.2,MW,FR,FR,actual_onshore_wind_generation,Wind Onshore,2026-07-17T04:55:04Z
2026-07-17T04:54:16Z,2026-07-17T06:54:16+0200,4e64d4d3-e4bc-4728-8eea-52acf8983738,2026-06-23T12:00:00Z,2026-06-23T14:00:00+0200,1612.93,MW,FR,FR,actual_onshore_wind_generation,Wind Onshore,2026-07-17T04:55:04Z
2026-07-17T04:54:16Z,2026-07-17T06:54:16+0200,4e64d4d3-e4bc-4728-8eea-52acf8983738,2026-06-23T12:15:00Z,2026-06-23T14:15:00+0200,1570.19,MW,FR,FR,actual_onshore_wind_generation,Wind Onshore,2026-07-17T04:55:04Z
2026-07-17T04:54:16Z,2026-07-17T06:54:16+0200,4e64d4d3-e4bc-4728-8eea-52acf8983738,2026-06-23T12:30:00Z,2026-06-23T14:30:00+0200,1526.61,MW,FR,FR,actual_onshore_wind_generation,Wind Onshore,2026-07-17T04:55:04Z
2026-07-17T04:54:16Z,2026-07-17T06:54:16+0200,4e64d4d3-e4bc-4728-8eea-52acf8983738,2026-06-23T12:45:00Z,2026-06-23T14:45:00+0200,1491.09,MW,FR,FR,actual_onshore_wind_generation,Wind Onshore,2026-07-17T04:55:04Z
2026-07-17T04:54:16Z,2026-07-17T06:54:16+0200,4e64d4d3-e4bc-4728-8eea-52acf8983738,2026-06-23T13:00:00Z,2026-06-23T15:00:00+0200,1429.79,MW,FR,FR,actual_onshore_wind_generation,Wind Onshore,2026-07-17T04:55:04Z
2026-07-17T04:54:16Z,2026-07-17T06:54:16+0200,4e64d4d3-e4bc-4728-8eea-52acf8983738,2026-06-23T13:15:00Z,2026-06-23T15:15:00+0200,1319.08,MW,FR,FR,actual_onshore_wind_generation,Wind Onshore,2026-07-17T04:55:04Z
2026-07-17T04:54:16Z,2026-07-17T06:54:16+0200,4e64d4d3-e4bc-4728-8eea-52acf8983738,2026-06-23T13:30:00Z,2026-06-23T15:30:00+0200,1241.16,MW,FR,FR,actual_onshore_wind_generation,Wind Onshore,2026-07-17T04:55:04Z
2026-07-17T04:54:16Z,2026-07-17T06:54:16+0200,4e64d4d3-e4bc-4728-8eea-52acf8983738,2026-06-23T13:45:00Z,2026-06-23T15:45:00+0200,1190.37,MW,FR,FR,actual_onshore_wind_generation,Wind Onshore,2026-07-17T04:55:04Z
2026-07-17T04:54:16Z,2026-07-17T06:54:16+0200,4e64d4d3-e4bc-4728-8eea-52acf8983738,2026-06-23T14:00:00Z,2026-06-23T16:00:00+0200,1151.77,MW,FR,FR,actual_onshore_wind_generation,Wind Onshore,2026-07-17T04:55:04Z
2026-07-17T04:54:16Z,2026-07-17T06:54:16+0200,4e64d4d3-e4bc-4728-8eea-52acf8983738,2026-06-23T14:15:00Z,2026-06-23T16:15:00+0200,1147.33,MW,FR,FR,actual_onshore_wind_generation,Wind Onshore,2026-07-17T04:55:04Z
2026-07-17T04:54:16Z,2026-07-17T06:54:16+0200,4e64d4d3-e4bc-4728-8eea-52acf8983738,2026-06-23T14:30:00Z,2026-06-23T16:30:00+0200,1151.3,MW,FR,FR,actual_onshore_wind_generation,Wind Onshore,2026-07-17T04:55:04Z
2026-07-17T04:54:16Z,2026-07-17T06:54:16+0200,4e64d4d3-e4bc-4728-8eea-52acf8983738,2026-06-23T14:45:00Z,2026-06-23T16:45:00+0200,1131.17,MW,FR,FR,actual_onshore_wind_generation,Wind Onshore,2026-07-17T04:55:04Z
2026-07-17T04:54:16Z,2026-07-17T06:54:16+0200,4e64d4d3-e4bc-4728-8eea-52acf8983738,2026-06-23T15:00:00Z,2026-06-23T17:00:00+0200,1111.82,MW,FR,FR,actual_onshore_wind_generation,Wind Onshore,2026-07-17T04:55:04Z
2026-07-17T04:54:16Z,2026-07-17T06:54:16+0200,4e64d4d3-e4bc-4728-8eea-52acf8983738,2026-06-23T15:15:00Z,2026-06-23T17:15:00+0200,1139.55,MW,FR,FR,actual_onshore_wind_generation,Wind Onshore,2026-07-17T04:55:04Z
2026-07-17T04:54:16Z,2026-07-17T06:54:16+0200,4e64d4d3-e4bc-4728-8eea-52acf8983738,2026-06-23T15:30:00Z,2026-06-23T17:30:00+0200,1144.1,MW,FR,FR,actual_onshore_wind_generation,Wind Onshore,2026-07-17T04:55:04Z
2026-07-17T04:54:16Z,2026-07-17T06:54:16+0200,4e64d4d3-e4bc-4728-8eea-52acf8983738,2026-06-23T15:45:00Z,2026-06-23T17:45:00+0200,1157.92,MW,FR,FR,actual_onshore_wind_generation,Wind Onshore,2026-07-17T04:55:04Z
2026-07-17T04:54:16Z,2026-07-17T06:54:16+0200,4e64d4d3-e4bc-4728-8eea-52acf8983738,2026-06-23T16:00:00Z,2026-06-23T18:00:00+0200,1213.96,MW,FR,FR,actual_onshore_wind_generation,Wind Onshore,2026-07-17T04:55:04Z
2026-07-17T04:54:16Z,2026-07-17T06:54:16+0200,4e64d4d3-e4bc-4728-8eea-52acf8983738,2026-06-23T16:15:00Z,2026-06-23T18:15:00+0200,1247.08,MW,FR,FR,actual_onshore_wind_generation,Wind Onshore,2026-07-17T04:55:04Z
2026-07-17T04:54:16Z,2026-07-17T06:54:16+0200,4e64d4d3-e4bc-4728-8eea-52acf8983738,2026-06-23T16:30:00Z,2026-06-23T18:30:00+0200,1263.06,MW,FR,FR,actual_onshore_wind_generation,Wind Onshore,2026-07-17T04:55:04Z
2026-07-17T04:54:16Z,2026-07-17T06:54:16+0200,4e64d4d3-e4bc-4728-8eea-52acf8983738,2026-06-23T16:45:00Z,2026-06-23T18:45:00+0200,1226.06,MW,FR,FR,actual_onshore_wind_generation,Wind Onshore,2026-07-17T04:55:04Z
2026-07-17T04:54:16Z,2026-07-17T06:54:16+0200,4e64d4d3-e4bc-4728-8eea-52acf8983738,2026-06-23T17:00:00Z,2026-06-23T19:00:00+0200,1188.0,MW,FR,FR,actual_onshore_wind_generation,Wind Onshore,2026-07-17T04:55:04Z
2026-07-17T04:54:16Z,2026-07-17T06:54:16+0200,4e64d4d3-e4bc-4728-8eea-52acf8983738,2026-06-23T17:15:00Z,2026-06-23T19:15:00+0200,1261.85,MW,FR,FR,actual_onshore_wind_generation,Wind Onshore,2026-07-17T04:55:04Z
2026-07-17T04:54:16Z,2026-07-17T06:54:16+0200,4e64d4d3-e4bc-4728-8eea-52acf8983738,2026-06-23T17:30:00Z,2026-06-23T19:30:00+0200,1321.16,MW,FR,FR,actual_onshore_wind_generation,Wind Onshore,2026-07-17T04:55:04Z
2026-07-17T04:54:16Z,2026-07-17T06:54:16+0200,4e64d4d3-e4bc-4728-8eea-52acf8983738,2026-06-23T17:45:00Z,2026-06-23T19:45:00+0200,1371.0,MW,FR,FR,actual_onshore_wind_generation,Wind Onshore,2026-07-17T04:55:04Z
2026-07-17T04:54:16Z,2026-07-17T06:54:16+0200,4e64d4d3-e4bc-4728-8eea-52acf8983738,2026-06-23T18:00:00Z,2026-06-23T20:00:00+0200,1439.02,MW,FR,FR,actual_onshore_wind_generation,Wind Onshore,2026-07-17T04:55:04Z
2026-07-17T04:54:16Z,2026-07-17T06:54:16+0200,4e64d4d3-e4bc-4728-8eea-52acf8983738,2026-06-23T18:15:00Z,2026-06-23T20:15:00+0200,1541.97,MW,FR,FR,actual_onshore_wind_generation,Wind Onshore,2026-07-17T04:55:04Z
2026-07-17T04:54:16Z,2026-07-17T06:54:16+0200,4e64d4d3-e4bc-4728-8eea-52acf8983738,2026-06-23T18:30:00Z,2026-06-23T20:30:00+0200,1663.77,MW,FR,FR,actual_onshore_wind_generation,Wind Onshore,2026-07-17T04:55:04Z
2026-07-17T04:54:16Z,2026-07-17T06:54:16+0200,4e64d4d3-e4bc-4728-8eea-52acf8983738,2026-06-23T18:45:00Z,2026-06-23T20:45:00+0200,1760.83,MW,FR,FR,actual_onshore_wind_generation,Wind Onshore,2026-07-17T04:55:04Z
2026-07-17T04:54:16Z,2026-07-17T06:54:16+0200,4e64d4d3-e4bc-4728-8eea-52acf8983738,2026-06-23T19:00:00Z,2026-06-23T21:00:00+0200,1912.61,MW,FR,FR,actual_onshore_wind_generation,Wind Onshore,2026-07-17T04:55:04Z
2026-07-17T04:54:16Z,2026-07-17T06:54:16+0200,4e64d4d3-e4bc-4728-8eea-52acf8983738,2026-06-23T19:15:00Z,2026-06-23T21:15:00+0200,2141.99,MW,FR,FR,actual_onshore_wind_generation,Wind Onshore,2026-07-17T04:55:04Z
2026-07-17T04:54:16Z,2026-07-17T06:54:16+0200,4e64d4d3-e4bc-4728-8eea-52acf8983738,2026-06-23T19:30:00Z,2026-06-23T21:30:00+0200,2388.84,MW,FR,FR,actual_onshore_wind_generation,Wind Onshore,2026-07-17T04:55:04Z
2026-07-17T04:54:16Z,2026-07-17T06:54:16+0200,4e64d4d3-e4bc-4728-8eea-52acf8983738,2026-06-23T19:45:00Z,2026-06-23T21:45:00+0200,2600.01,MW,FR,FR,actual_onshore_wind_generation,Wind Onshore,2026-07-17T04:55:04Z
2026-07-17T04:54:16Z,2026-07-17T06:54:16+0200,4e64d4d3-e4bc-4728-8eea-52acf8983738,2026-06-23T20:00:00Z,2026-06-23T22:00:00+0200,2791.3,MW,FR,FR,actual_onshore_wind_generation,Wind Onshore,2026-07-17T04:55:04Z
2026-07-17T04:54:16Z,2026-07-17T06:54:16+0200,4e64d4d3-e4bc-4728-8eea-52acf8983738,2026-06-23T20:15:00Z,2026-06-23T22:15:00+0200,2998.32,MW,FR,FR,actual_onshore_wind_generation,Wind Onshore,2026-07-17T04:55:04Z
2026-07-17T04:54:16Z,2026-07-17T06:54:16+0200,4e64d4d3-e4bc-4728-8eea-52acf8983738,2026-06-23T20:30:00Z,2026-06-23T22:30:00+0200,3178.34,MW,FR,FR,actual_onshore_wind_generation,Wind Onshore,2026-07-17T04:55:04Z
2026-07-17T04:54:16Z,2026-07-17T06:54:16+0200,4e64d4d3-e4bc-4728-8eea-52acf8983738,2026-06-23T20:45:00Z,2026-06-23T22:45:00+0200,3305.93,MW,FR,FR,actual_onshore_wind_generation,Wind Onshore,2026-07-17T04:55:04Z
2026-07-17T04:54:16Z,2026-07-17T06:54:16+0200,4e64d4d3-e4bc-4728-8eea-52acf8983738,2026-06-23T21:00:00Z,2026-06-23T23:00:00+0200,3349.64,MW,FR,FR,actual_onshore_wind_generation,Wind Onshore,2026-07-17T04:55:04Z
2026-07-17T04:54:16Z,2026-07-17T06:54:16+0200,4e64d4d3-e4bc-4728-8eea-52acf8983738,2026-06-23T21:15:00Z,2026-06-23T23:15:00+0200,3403.25,MW,FR,FR,actual_onshore_wind_generation,Wind Onshore,2026-07-17T04:55:04Z
2026-07-17T04:54:16Z,2026-07-17T06:54:16+0200,4e64d4d3-e4bc-4728-8eea-52acf8983738,2026-06-23T21:30:00Z,2026-06-23T23:30:00+0200,3416.24,MW,FR,FR,actual_onshore_wind_generation,Wind Onshore,2026-07-17T04:55:04Z
2026-07-17T04:54:16Z,2026-07-17T06:54:16+0200,4e64d4d3-e4bc-4728-8eea-52acf8983738,2026-06-23T21:45:00Z,2026-06-23T23:45:00+0200,3455.85,MW,FR,FR,actual_onshore_wind_generation,Wind Onshore,2026-07-17T04:55:04Z
2026-07-17T04:54:16Z,2026-07-17T06:54:16+0200,4e64d4d3-e4bc-4728-8eea-52acf8983738,2026-06-23T22:00:00Z,2026-06-24T00:00:00+0200,3504.93,MW,FR,FR,actual_onshore_wind_generation,Wind Onshore,2026-07-17T04:55:04Z
2026-07-17T04:54:16Z,2026-07-17T06:54:16+0200,4e64d4d3-e4bc-4728-8eea-52acf8983738,2026-06-23T22:15:00Z,2026-06-24T00:15:00+0200,3509.26,MW,FR,FR,actual_onshore_wind_generation,Wind Onshore,2026-07-17T04:55:04Z
2026-07-17T04:54:16Z,2026-07-17T06:54:16+0200,4e64d4d3-e4bc-4728-8eea-52acf8983738,2026-06-23T22:30:00Z,2026-06-24T00:30:00+0200,3474.23,MW,FR,FR,actual_onshore_wind_generation,Wind Onshore,2026-07-17T04:55:04Z
2026-07-17T04:54:16Z,2026-07-17T06:54:16+0200,4e64d4d3-e4bc-4728-8eea-52acf8983738,2026-06-23T22:45:00Z,2026-06-24T00:45:00+0200,3500.43,MW,FR,FR,actual_onshore_wind_generation,Wind Onshore,2026-07-17T04:55:04Z
2026-07-17T04:54:16Z,2026-07-17T06:54:16+0200,4e64d4d3-e4bc-4728-8eea-52acf8983738,2026-06-23T23:00:00Z,2026-06-24T01:00:00+0200,3532.03,MW,FR,FR,actual_onshore_wind_generation,Wind Onshore,2026-07-17T04:55:04Z
2026-07-17T04:54:16Z,2026-07-17T06:54:16+0200,4e64d4d3-e4bc-4728-8eea-52acf8983738,2026-06-23T23:15:00Z,2026-06-24T01:15:00+0200,3582.61,MW,FR,FR,actual_onshore_wind_generation,Wind Onshore,2026-07-17T04:55:04Z
2026-07-17T04:54:16Z,2026-07-17T06:54:16+0200,4e64d4d3-e4bc-4728-8eea-52acf8983738,2026-06-23T23:30:00Z,2026-06-24T01:30:00+0200,3560.97,MW,FR,FR,actual_onshore_wind_generation,Wind Onshore,2026-07-17T04:55:04Z
2026-07-17T04:54:16Z,2026-07-17T06:54:16+0200,4e64d4d3-e4bc-4728-8eea-52acf8983738,2026-06-23T23:45:00Z,2026-06-24T01:45:00+0200,3587.9,MW,FR,FR,actual_onshore_wind_generation,Wind Onshore,2026-07-17T04:55:04Z
2026-07-17T04:54:16Z,2026-07-17T06:54:16+0200,4e64d4d3-e4bc-4728-8eea-52acf8983738,2026-06-24T00:00:00Z,2026-06-24T02:00:00+0200,3629.78,MW,FR,FR,actual_onshore_wind_generation,Wind Onshore,2026-07-17T04:55:04Z
2026-07-17T04:54:16Z,2026-07-17T06:54:16+0200,4e64d4d3-e4bc-4728-8eea-52acf8983738,2026-06-24T00:15:00Z,2026-06-24T02:15:00+0200,3612.5,MW,FR,FR,actual_onshore_wind_generation,Wind Onshore,2026-07-17T04:55:04Z
2026-07-17T04:54:16Z,2026-07-17T06:54:16+0200,4e64d4d3-e4bc-4728-8eea-52acf8983738,2026-06-24T00:30:00Z,2026-06-24T02:30:00+0200,3578.36,MW,FR,FR,actual_onshore_wind_generation,Wind Onshore,2026-07-17T04:55:04Z
2026-07-17T04:54:16Z,2026-07-17T06:54:16+0200,4e64d4d3-e4bc-4728-8eea-52acf8983738,2026-06-24T00:45:00Z,2026-06-24T02:45:00+0200,3548.45,MW,FR,FR,actual_onshore_wind_generation,Wind Onshore,2026-07-17T04:55:04Z
2026-07-17T04:54:16Z,2026-07-17T06:54:16+0200,4e64d4d3-e4bc-4728-8eea-52acf8983738,2026-06-24T01:00:00Z,2026-06-24T03:00:00+0200,3588.58,MW,FR,FR,actual_onshore_wind_generation,Wind Onshore,2026-07-17T04:55:04Z
2026-07-17T04:54:16Z,2026-07-17T06:54:16+0200,4e64d4d3-e4bc-4728-8eea-52acf8983738,2026-06-24T01:15:00Z,2026-06-24T03:15:00+0200,3614.17,MW,FR,FR,actual_onshore_wind_generation,Wind Onshore,2026-07-17T04:55:04Z
2026-07-17T04:54:16Z,2026-07-17T06:54:16+0200,4e64d4d3-e4bc-4728-8eea-52acf8983738,2026-06-24T01:30:00Z,2026-06-24T03:30:00+0200,3626.3,MW,FR,FR,actual_onshore_wind_generation,Wind Onshore,2026-07-17T04:55:04Z
2026-07-17T04:54:16Z,2026-07-17T06:54:16+0200,4e64d4d3-e4bc-4728-8eea-52acf8983738,2026-06-24T01:45:00Z,2026-06-24T03:45:00+0200,3591.14,MW,FR,FR,actual_onshore_wind_generation,Wind Onshore,2026-07-17T04:55:04Z
2026-07-17T04:54:16Z,2026-07-17T06:54:16+0200,4e64d4d3-e4bc-4728-8eea-52acf8983738,2026-06-24T02:00:00Z,2026-06-24T04:00:00+0200,3525.1,MW,FR,FR,actual_onshore_wind_generation,Wind Onshore,2026-07-17T04:55:04Z
2026-07-17T04:54:16Z,2026-07-17T06:54:16+0200,4e64d4d3-e4bc-4728-8eea-52acf8983738,2026-06-24T02:15:00Z,2026-06-24T04:15:00+0200,3510.1,MW,FR,FR,actual_onshore_wind_generation,Wind Onshore,2026-07-17T04:55:04Z
2026-07-17T04:54:16Z,2026-07-17T06:54:16+0200,4e64d4d3-e4bc-4728-8eea-52acf8983738,2026-06-24T02:30:00Z,2026-06-24T04:30:00+0200,3483.02,MW,FR,FR,actual_onshore_wind_generation,Wind Onshore,2026-07-17T04:55:04Z
2026-07-17T04:54:16Z,2026-07-17T06:54:16+0200,4e64d4d3-e4bc-4728-8eea-52acf8983738,2026-06-24T02:45:00Z,2026-06-24T04:45:00+0200,3496.31,MW,FR,FR,actual_onshore_wind_generation,Wind Onshore,2026-07-17T04:55:04Z
2026-07-17T04:54:16Z,2026-07-17T06:54:16+0200,4e64d4d3-e4bc-4728-8eea-52acf8983738,2026-06-24T03:00:00Z,2026-06-24T05:00:00+0200,3521.94,MW,FR,FR,actual_onshore_wind_generation,Wind Onshore,2026-07-17T04:55:04Z
2026-07-17T04:54:16Z,2026-07-17T06:54:16+0200,4e64d4d3-e4bc-4728-8eea-52acf8983738,2026-06-24T03:15:00Z,2026-06-24T05:15:00+0200,3461.21,MW,FR,FR,actual_onshore_wind_generation,Wind Onshore,2026-07-17T04:55:04Z
2026-07-17T04:54:16Z,2026-07-17T06:54:16+0200,4e64d4d3-e4bc-4728-8eea-52acf8983738,2026-06-24T03:30:00Z,2026-06-24T05:30:00+0200,3404.67,MW,FR,FR,actual_onshore_wind_generation,Wind Onshore,2026-07-17T04:55:04Z
2026-07-17T04:54:16Z,2026-07-17T06:54:16+0200,4e64d4d3-e4bc-4728-8eea-52acf8983738,2026-06-24T03:45:00Z,2026-06-24T05:45:00+0200,3384.85,MW,FR,FR,actual_onshore_wind_generation,Wind Onshore,2026-07-17T04:55:04Z
2026-07-17T04:54:16Z,2026-07-17T06:54:16+0200,4e64d4d3-e4bc-4728-8eea-52acf8983738,2026-06-24T04:00:00Z,2026-06-24T06:00:00+0200,3353.48,MW,FR,FR,actual_onshore_wind_generation,Wind Onshore,2026-07-17T04:55:04Z
2026-07-17T04:54:16Z,2026-07-17T06:54:16+0200,4e64d4d3-e4bc-4728-8eea-52acf8983738,2026-06-24T04:15:00Z,2026-06-24T06:15:00+0200,3271.73,MW,FR,FR,actual_onshore_wind_generation,Wind Onshore,2026-07-17T04:55:04Z
2026-07-17T04:54:16Z,2026-07-17T06:54:16+0200,4e64d4d3-e4bc-4728-8eea-52acf8983738,2026-06-24T04:30:00Z,2026-06-24T06:30:00+0200,3127.02,MW,FR,FR,actual_onshore_wind_generation,Wind Onshore,2026-07-17T04:55:04Z
2026-07-17T04:54:16Z,2026-07-17T06:54:16+0200,4e64d4d3-e4bc-4728-8eea-52acf8983738,2026-06-24T04:45:00Z,2026-06-24T06:45:00+0200,3009.48,MW,FR,FR,actual_onshore_wind_generation,Wind Onshore,2026-07-17T04:55:04Z
2026-07-17T04:54:16Z,2026-07-17T06:54:16+0200,4e64d4d3-e4bc-4728-8eea-52acf8983738,2026-06-24T05:00:00Z,2026-06-24T07:00:00+0200,2848.08,MW,FR,FR,actual_onshore_wind_generation,Wind Onshore,2026-07-17T04:55:04Z
2026-07-17T04:54:16Z,2026-07-17T06:54:16+0200,4e64d4d3-e4bc-4728-8eea-52acf8983738,2026-06-24T05:15:00Z,2026-06-24T07:15:00+0200,2724.66,MW,FR,FR,actual_onshore_wind_generation,Wind Onshore,2026-07-17T04:55:04Z
2026-07-17T04:54:16Z,2026-07-17T06:54:16+0200,4e64d4d3-e4bc-4728-8eea-52acf8983738,2026-06-24T05:30:00Z,2026-06-24T07:30:00+0200,2612.27,MW,FR,FR,actual_onshore_wind_generation,Wind Onshore,2026-07-17T04:55:04Z
2026-07-17T04:54:16Z,2026-07-17T06:54:16+0200,4e64d4d3-e4bc-4728-8eea-52acf8983738,2026-06-24T05:45:00Z,2026-06-24T07:45:00+0200,2381.22,MW,FR,FR,actual_onshore_wind_generation,Wind Onshore,2026-07-17T04:55:04Z
2026-07-17T04:54:16Z,2026-07-17T06:54:16+0200,4e64d4d3-e4bc-4728-8eea-52acf8983738,2026-06-24T06:00:00Z,2026-06-24T08:00:00+0200,2137.6,MW,FR,FR,actual_onshore_wind_generation,Wind Onshore,2026-07-17T04:55:04Z
2026-07-17T04:54:16Z,2026-07-17T06:54:16+0200,4e64d4d3-e4bc-4728-8eea-52acf8983738,2026-06-24T06:15:00Z,2026-06-24T08:15:00+0200,1874.91,MW,FR,FR,actual_onshore_wind_generation,Wind Onshore,2026-07-17T04:55:04Z
2026-07-17T04:54:16Z,2026-07-17T06:54:16+0200,4e64d4d3-e4bc-4728-8eea-52acf8983738,2026-06-24T06:30:00Z,2026-06-24T08:30:00+0200,1628.68,MW,FR,FR,actual_onshore_wind_generation,Wind Onshore,2026-07-17T04:55:04Z
2026-07-17T04:54:16Z,2026-07-17T06:54:16+0200,4e64d4d3-e4bc-4728-8eea-52acf8983738,2026-06-24T06:45:00Z,2026-06-24T08:45:00+0200,1399.32,MW,FR,FR,actual_onshore_wind_generation,Wind Onshore,2026-07-17T04:55:04Z
2026-07-17T04:54:16Z,2026-07-17T06:54:16+0200,4e64d4d3-e4bc-4728-8eea-52acf8983738,2026-06-24T07:00:00Z,2026-06-24T09:00:00+0200,1196.79,MW,FR,FR,actual_onshore_wind_generation,Wind Onshore,2026-07-17T04:55:04Z
2026-07-17T04:54:16Z,2026-07-17T06:54:16+0200,4e64d4d3-e4bc-4728-8eea-52acf8983738,2026-06-24T07:15:00Z,2026-06-24T09:15:00+0200,1055.48,MW,FR,FR,actual_onshore_wind_generation,Wind Onshore,2026-07-17T04:55:04Z
2026-07-17T04:54:16Z,2026-07-17T06:54:16+0200,4e64d4d3-e4bc-4728-8eea-52acf8983738,2026-06-24T07:30:00Z,2026-06-24T09:30:00+0200,943.96,MW,FR,FR,actual_onshore_wind_generation,Wind Onshore,2026-07-17T04:55:04Z
2026-07-17T04:54:16Z,2026-07-17T06:54:16+0200,4e64d4d3-e4bc-4728-8eea-52acf8983738,2026-06-24T07:45:00Z,2026-06-24T09:45:00+0200,847.74,MW,FR,FR,actual_onshore_wind_generation,Wind Onshore,2026-07-17T04:55:04Z
2026-07-17T04:54:16Z,2026-07-17T06:54:16+0200,4e64d4d3-e4bc-4728-8eea-52acf8983738,2026-06-24T08:00:00Z,2026-06-24T10:00:00+0200,770.81,MW,FR,FR,actual_onshore_wind_generation,Wind Onshore,2026-07-17T04:55:04Z
2026-07-17T04:54:16Z,2026-07-17T06:54:16+0200,4e64d4d3-e4bc-4728-8eea-52acf8983738,2026-06-24T08:15:00Z,2026-06-24T10:15:00+0200,736.44,MW,FR,FR,actual_onshore_wind_generation,Wind Onshore,2026-07-17T04:55:04Z
2026-07-17T04:54:16Z,2026-07-17T06:54:16+0200,4e64d4d3-e4bc-4728-8eea-52acf8983738,2026-06-24T08:30:00Z,2026-06-24T10:30:00+0200,726.43,MW,FR,FR,actual_onshore_wind_generation,Wind Onshore,2026-07-17T04:55:04Z
2026-07-17T04:54:16Z,2026-07-17T06:54:16+0200,4e64d4d3-e4bc-4728-8eea-52acf8983738,2026-06-24T08:45:00Z,2026-06-24T10:45:00+0200,719.47,MW,FR,FR,actual_onshore_wind_generation,Wind Onshore,2026-07-17T04:55:04Z
2026-07-17T04:54:16Z,2026-07-17T06:54:16+0200,4e64d4d3-e4bc-4728-8eea-52acf8983738,2026-06-24T09:00:00Z,2026-06-24T11:00:00+0200,722.98,MW,FR,FR,actual_onshore_wind_generation,Wind Onshore,2026-07-17T04:55:04Z
2026-07-17T04:54:16Z,2026-07-17T06:54:16+0200,4e64d4d3-e4bc-4728-8eea-52acf8983738,2026-06-24T09:15:00Z,2026-06-24T11:15:00+0200,714.89,MW,FR,FR,actual_onshore_wind_generation,Wind Onshore,2026-07-17T04:55:04Z
2026-07-17T04:54:16Z,2026-07-17T06:54:16+0200,4e64d4d3-e4bc-4728-8eea-52acf8983738,2026-06-24T09:30:00Z,2026-06-24T11:30:00+0200,721.35,MW,FR,FR,actual_onshore_wind_generation,Wind Onshore,2026-07-17T04:55:04Z
2026-07-17T04:54:16Z,2026-07-17T06:54:16+0200,4e64d4d3-e4bc-4728-8eea-52acf8983738,2026-06-24T09:45:00Z,2026-06-24T11:45:00+0200,720.75,MW,FR,FR,actual_onshore_wind_generation,Wind Onshore,2026-07-17T04:55:04Z
2026-07-17T04:54:16Z,2026-07-17T06:54:16+0200,4e64d4d3-e4bc-4728-8eea-52acf8983738,2026-06-24T10:00:00Z,2026-06-24T12:00:00+0200,718.49,MW,FR,FR,actual_onshore_wind_generation,Wind Onshore,2026-07-17T04:55:04Z
2026-07-17T04:54:16Z,2026-07-17T06:54:16+0200,4e64d4d3-e4bc-4728-8eea-52acf8983738,2026-06-24T10:15:00Z,2026-06-24T12:15:00+0200,752.29,MW,FR,FR,actual_onshore_wind_generation,Wind Onshore,2026-07-17T04:55:04Z
2026-07-17T04:54:16Z,2026-07-17T06:54:16+0200,4e64d4d3-e4bc-4728-8eea-52acf8983738,2026-06-24T10:30:00Z,2026-06-24T12:30:00+0200,772.32,MW,FR,FR,actual_onshore_wind_generation,Wind Onshore,2026-07-17T04:55:04Z
2026-07-17T04:54:16Z,2026-07-17T06:54:16+0200,4e64d4d3-e4bc-4728-8eea-52acf8983738,2026-06-24T10:45:00Z,2026-06-24T12:45:00+0200,792.69,MW,FR,FR,actual_onshore_wind_generation,Wind Onshore,2026-07-17T04:55:04Z
2026-07-17T04:54:16Z,2026-07-17T06:54:16+0200,4e64d4d3-e4bc-4728-8eea-52acf8983738,2026-06-24T11:00:00Z,2026-06-24T13:00:00+0200,829.35,MW,FR,FR,actual_onshore_wind_generation,Wind Onshore,2026-07-17T04:55:04Z
2026-07-17T04:54:16Z,2026-07-17T06:54:16+0200,4e64d4d3-e4bc-4728-8eea-52acf8983738,2026-06-24T11:15:00Z,2026-06-24T13:15:00+0200,839.66,MW,FR,FR,actual_onshore_wind_generation,Wind Onshore,2026-07-17T04:55:04Z
2026-07-17T04:54:16Z,2026-07-17T06:54:16+0200,4e64d4d3-e4bc-4728-8eea-52acf8983738,2026-06-24T11:30:00Z,2026-06-24T13:30:00+0200,838.42,MW,FR,FR,actual_onshore_wind_generation,Wind Onshore,2026-07-17T04:55:04Z
2026-07-17T04:54:16Z,2026-07-17T06:54:16+0200,4e64d4d3-e4bc-4728-8eea-52acf8983738,2026-06-24T11:45:00Z,2026-06-24T13:45:00+0200,837.77,MW,FR,FR,actual_onshore_wind_generation,Wind Onshore,2026-07-17T04:55:04Z
2026-07-17T04:54:16Z,2026-07-17T06:54:16+0200,4e64d4d3-e4bc-4728-8eea-52acf8983738,2026-06-24T12:00:00Z,2026-06-24T14:00:00+0200,877.22,MW,FR,FR,actual_onshore_wind_generation,Wind Onshore,2026-07-17T04:55:04Z
2026-07-17T04:54:16Z,2026-07-17T06:54:16+0200,4e64d4d3-e4bc-4728-8eea-52acf8983738,2026-06-24T12:15:00Z,2026-06-24T14:15:00+0200,868.96,MW,FR,FR,actual_onshore_wind_generation,Wind Onshore,2026-07-17T04:55:04Z
2026-07-17T04:54:16Z,2026-07-17T06:54:16+0200,4e64d4d3-e4bc-4728-8eea-52acf8983738,2026-06-24T12:30:00Z,2026-06-24T14:30:00+0200,862.41,MW,FR,FR,actual_onshore_wind_generation,Wind Onshore,2026-07-17T04:55:04Z
2026-07-17T04:54:16Z,2026-07-17T06:54:16+0200,4e64d4d3-e4bc-4728-8eea-52acf8983738,2026-06-24T12:45:00Z,2026-06-24T14:45:00+0200,890.42,MW,FR,FR,actual_onshore_wind_generation,Wind Onshore,2026-07-17T04:55:04Z
2026-07-17T04:54:16Z,2026-07-17T06:54:16+0200,4e64d4d3-e4bc-4728-8eea-52acf8983738,2026-06-24T13:00:00Z,2026-06-24T15:00:00+0200,907.63,MW,FR,FR,actual_onshore_wind_generation,Wind Onshore,2026-07-17T04:55:04Z
2026-07-17T04:54:16Z,2026-07-17T06:54:16+0200,4e64d4d3-e4bc-4728-8eea-52acf8983738,2026-06-24T13:15:00Z,2026-06-24T15:15:00+0200,919.97,MW,FR,FR,actual_onshore_wind_generation,Wind Onshore,2026-07-17T04:55:04Z
2026-07-17T04:54:16Z,2026-07-17T06:54:16+0200,4e64d4d3-e4bc-4728-8eea-52acf8983738,2026-06-24T13:30:00Z,2026-06-24T15:30:00+0200,925.35,MW,FR,FR,actual_onshore_wind_generation,Wind Onshore,2026-07-17T04:55:04Z
2026-07-17T04:54:16Z,2026-07-17T06:54:16+0200,4e64d4d3-e4bc-4728-8eea-52acf8983738,2026-06-24T13:45:00Z,2026-06-24T15:45:00+0200,932.83,MW,FR,FR,actual_onshore_wind_generation,Wind Onshore,2026-07-17T04:55:04Z
2026-07-17T04:54:16Z,2026-07-17T06:54:16+0200,4e64d4d3-e4bc-4728-8eea-52acf8983738,2026-06-24T14:00:00Z,2026-06-24T16:00:00+0200,955.17,MW,FR,FR,actual_onshore_wind_generation,Wind Onshore,2026-07-17T04:55:04Z
2026-07-17T04:54:16Z,2026-07-17T06:54:16+0200,4e64d4d3-e4bc-4728-8eea-52acf8983738,2026-06-24T14:15:00Z,2026-06-24T16:15:00+0200,1005.54,MW,FR,FR,actual_onshore_wind_generation,Wind Onshore,2026-07-17T04:55:04Z
2026-07-17T04:54:16Z,2026-07-17T06:54:16+0200,4e64d4d3-e4bc-4728-8eea-52acf8983738,2026-06-24T14:30:00Z,2026-06-24T16:30:00+0200,1020.71,MW,FR,FR,actual_onshore_wind_generation,Wind Onshore,2026-07-17T04:55:04Z
2026-07-17T04:54:16Z,2026-07-17T06:54:16+0200,4e64d4d3-e4bc-4728-8eea-52acf8983738,2026-06-24T14:45:00Z,2026-06-24T16:45:00+0200,1045.99,MW,FR,FR,actual_onshore_wind_generation,Wind Onshore,2026-07-17T04:55:04Z
2026-07-17T04:54:16Z,2026-07-17T06:54:16+0200,4e64d4d3-e4bc-4728-8eea-52acf8983738,2026-06-24T15:00:00Z,2026-06-24T17:00:00+0200,1073.13,MW,FR,FR,actual_onshore_wind_generation,Wind Onshore,2026-07-17T04:55:04Z
2026-07-17T04:54:16Z,2026-07-17T06:54:16+0200,4e64d4d3-e4bc-4728-8eea-52acf8983738,2026-06-24T15:15:00Z,2026-06-24T17:15:00+0200,1178.65,MW,FR,FR,actual_onshore_wind_generation,Wind Onshore,2026-07-17T04:55:04Z
2026-07-17T04:54:16Z,2026-07-17T06:54:16+0200,4e64d4d3-e4bc-4728-8eea-52acf8983738,2026-06-24T15:30:00Z,2026-06-24T17:30:00+0200,1203.14,MW,FR,FR,actual_onshore_wind_generation,Wind Onshore,2026-07-17T04:55:04Z
2026-07-17T04:54:16Z,2026-07-17T06:54:16+0200,4e64d4d3-e4bc-4728-8eea-52acf8983738,2026-06-24T15:45:00Z,2026-06-24T17:45:00+0200,1285.86,MW,FR,FR,actual_onshore_wind_generation,Wind Onshore,2026-07-17T04:55:04Z
2026-07-17T04:54:16Z,2026-07-17T06:54:16+0200,4e64d4d3-e4bc-4728-8eea-52acf8983738,2026-06-24T16:00:00Z,2026-06-24T18:00:00+0200,1322.06,MW,FR,FR,actual_onshore_wind_generation,Wind Onshore,2026-07-17T04:55:04Z
2026-07-17T04:54:16Z,2026-07-17T06:54:16+0200,4e64d4d3-e4bc-4728-8eea-52acf8983738,2026-06-24T16:15:00Z,2026-06-24T18:15:00+0200,1367.01,MW,FR,FR,actual_onshore_wind_generation,Wind Onshore,2026-07-17T04:55:04Z
2026-07-17T04:54:16Z,2026-07-17T06:54:16+0200,4e64d4d3-e4bc-4728-8eea-52acf8983738,2026-06-24T16:30:00Z,2026-06-24T18:30:00+0200,1501.09,MW,FR,FR,actual_onshore_wind_generation,Wind Onshore,2026-07-17T04:55:04Z
2026-07-17T04:54:16Z,2026-07-17T06:54:16+0200,4e64d4d3-e4bc-4728-8eea-52acf8983738,2026-06-24T16:45:00Z,2026-06-24T18:45:00+0200,1595.67,MW,FR,FR,actual_onshore_wind_generation,Wind Onshore,2026-07-17T04:55:04Z
2026-07-17T04:54:16Z,2026-07-17T06:54:16+0200,4e64d4d3-e4bc-4728-8eea-52acf8983738,2026-06-24T17:00:00Z,2026-06-24T19:00:00+0200,1629.9,MW,FR,FR,actual_onshore_wind_generation,Wind Onshore,2026-07-17T04:55:04Z
2026-07-17T04:54:16Z,2026-07-17T06:54:16+0200,4e64d4d3-e4bc-4728-8eea-52acf8983738,2026-06-24T17:15:00Z,2026-06-24T19:15:00+0200,1735.72,MW,FR,FR,actual_onshore_wind_generation,Wind Onshore,2026-07-17T04:55:04Z
2026-07-17T04:54:16Z,2026-07-17T06:54:16+0200,4e64d4d3-e4bc-4728-8eea-52acf8983738,2026-06-24T17:30:00Z,2026-06-24T19:30:00+0200,1772.85,MW,FR,FR,actual_onshore_wind_generation,Wind Onshore,2026-07-17T04:55:04Z
2026-07-17T04:54:16Z,2026-07-17T06:54:16+0200,4e64d4d3-e4bc-4728-8eea-52acf8983738,2026-06-24T17:45:00Z,2026-06-24T19:45:00+0200,1907.33,MW,FR,FR,actual_onshore_wind_generation,Wind Onshore,2026-07-17T04:55:04Z
2026-07-17T04:54:16Z,2026-07-17T06:54:16+0200,4e64d4d3-e4bc-4728-8eea-52acf8983738,2026-06-24T18:00:00Z,2026-06-24T20:00:00+0200,2000.97,MW,FR,FR,actual_onshore_wind_generation,Wind Onshore,2026-07-17T04:55:04Z
2026-07-17T04:54:16Z,2026-07-17T06:54:16+0200,4e64d4d3-e4bc-4728-8eea-52acf8983738,2026-06-24T18:15:00Z,2026-06-24T20:15:00+0200,2060.32,MW,FR,FR,actual_onshore_wind_generation,Wind Onshore,2026-07-17T04:55:04Z
2026-07-17T04:54:16Z,2026-07-17T06:54:16+0200,4e64d4d3-e4bc-4728-8eea-52acf8983738,2026-06-24T18:30:00Z,2026-06-24T20:30:00+0200,2153.29,MW,FR,FR,actual_onshore_wind_generation,Wind Onshore,2026-07-17T04:55:04Z
2026-07-17T04:54:16Z,2026-07-17T06:54:16+0200,4e64d4d3-e4bc-4728-8eea-52acf8983738,2026-06-24T18:45:00Z,2026-06-24T20:45:00+0200,2325.29,MW,FR,FR,actual_onshore_wind_generation,Wind Onshore,2026-07-17T04:55:04Z
2026-07-17T04:54:16Z,2026-07-17T06:54:16+0200,4e64d4d3-e4bc-4728-8eea-52acf8983738,2026-06-24T19:00:00Z,2026-06-24T21:00:00+0200,2515.35,MW,FR,FR,actual_onshore_wind_generation,Wind Onshore,2026-07-17T04:55:04Z
2026-07-17T04:54:16Z,2026-07-17T06:54:16+0200,4e64d4d3-e4bc-4728-8eea-52acf8983738,2026-06-24T19:15:00Z,2026-06-24T21:15:00+0200,2540.29,MW,FR,FR,actual_onshore_wind_generation,Wind Onshore,2026-07-17T04:55:04Z
2026-07-17T04:54:16Z,2026-07-17T06:54:16+0200,4e64d4d3-e4bc-4728-8eea-52acf8983738,2026-06-24T19:30:00Z,2026-06-24T21:30:00+0200,2810.08,MW,FR,FR,actual_onshore_wind_generation,Wind Onshore,2026-07-17T04:55:04Z
2026-07-17T04:54:16Z,2026-07-17T06:54:16+0200,4e64d4d3-e4bc-4728-8eea-52acf8983738,2026-06-24T19:45:00Z,2026-06-24T21:45:00+0200,3076.07,MW,FR,FR,actual_onshore_wind_generation,Wind Onshore,2026-07-17T04:55:04Z
2026-07-17T04:54:16Z,2026-07-17T06:54:16+0200,4e64d4d3-e4bc-4728-8eea-52acf8983738,2026-06-24T20:00:00Z,2026-06-24T22:00:00+0200,3415.62,MW,FR,FR,actual_onshore_wind_generation,Wind Onshore,2026-07-17T04:55:04Z
2026-07-17T04:54:16Z,2026-07-17T06:54:16+0200,4e64d4d3-e4bc-4728-8eea-52acf8983738,2026-06-24T20:15:00Z,2026-06-24T22:15:00+0200,3743.55,MW,FR,FR,actual_onshore_wind_generation,Wind Onshore,2026-07-17T04:55:04Z
2026-07-17T04:54:16Z,2026-07-17T06:54:16+0200,4e64d4d3-e4bc-4728-8eea-52acf8983738,2026-06-24T20:30:00Z,2026-06-24T22:30:00+0200,3940.56,MW,FR,FR,actual_onshore_wind_generation,Wind Onshore,2026-07-17T04:55:04Z
2026-07-17T04:54:16Z,2026-07-17T06:54:16+0200,4e64d4d3-e4bc-4728-8eea-52acf8983738,2026-06-24T20:45:00Z,2026-06-24T22:45:00+0200,4133.59,MW,FR,FR,actual_onshore_wind_generation,Wind Onshore,2026-07-17T04:55:04Z
2026-07-17T04:54:16Z,2026-07-17T06:54:16+0200,4e64d4d3-e4bc-4728-8eea-52acf8983738,2026-06-24T21:00:00Z,2026-06-24T23:00:00+0200,4194.57,MW,FR,FR,actual_onshore_wind_generation,Wind Onshore,2026-07-17T04:55:04Z
2026-07-17T04:54:16Z,2026-07-17T06:54:16+0200,4e64d4d3-e4bc-4728-8eea-52acf8983738,2026-06-24T21:15:00Z,2026-06-24T23:15:00+0200,4164.82,MW,FR,FR,actual_onshore_wind_generation,Wind Onshore,2026-07-17T04:55:04Z
2026-07-17T04:54:16Z,2026-07-17T06:54:16+0200,4e64d4d3-e4bc-4728-8eea-52acf8983738,2026-06-24T21:30:00Z,2026-06-24T23:30:00+0200,4132.28,MW,FR,FR,actual_onshore_wind_generation,Wind Onshore,2026-07-17T04:55:04Z
2026-07-17T04:54:16Z,2026-07-17T06:54:16+0200,4e64d4d3-e4bc-4728-8eea-52acf8983738,2026-06-24T21:45:00Z,2026-06-24T23:45:00+0200,4039.53,MW,FR,FR,actual_onshore_wind_generation,Wind Onshore,2026-07-17T04:55:04Z
2026-07-17T04:54:16Z,2026-07-17T06:54:16+0200,4e64d4d3-e4bc-4728-8eea-52acf8983738,2026-06-24T22:00:00Z,2026-06-25T00:00:00+0200,3985.38,MW,FR,FR,actual_onshore_wind_generation,Wind Onshore,2026-07-17T04:55:04Z
2026-07-17T04:54:16Z,2026-07-17T06:54:16+0200,4e64d4d3-e4bc-4728-8eea-52acf8983738,2026-06-24T22:15:00Z,2026-06-25T00:15:00+0200,3985.38,MW,FR,FR,actual_onshore_wind_generation,Wind Onshore,2026-07-17T04:55:04Z
2026-07-17T04:54:16Z,2026-07-17T06:54:16+0200,4e64d4d3-e4bc-4728-8eea-52acf8983738,2026-06-24T22:30:00Z,2026-06-25T00:30:00+0200,4039.43,MW,FR,FR,actual_onshore_wind_generation,Wind Onshore,2026-07-17T04:55:04Z
2026-07-17T04:54:16Z,2026-07-17T06:54:16+0200,4e64d4d3-e4bc-4728-8eea-52acf8983738,2026-06-24T22:45:00Z,2026-06-25T00:45:00+0200,4208.16,MW,FR,FR,actual_onshore_wind_generation,Wind Onshore,2026-07-17T04:55:04Z
2026-07-17T04:54:16Z,2026-07-17T06:54:16+0200,4e64d4d3-e4bc-4728-8eea-52acf8983738,2026-06-24T23:00:00Z,2026-06-25T01:00:00+0200,4224.51,MW,FR,FR,actual_onshore_wind_generation,Wind Onshore,2026-07-17T04:55:04Z
2026-07-17T04:54:16Z,2026-07-17T06:54:16+0200,4e64d4d3-e4bc-4728-8eea-52acf8983738,2026-06-24T23:15:00Z,2026-06-25T01:15:00+0200,4088.66,MW,FR,FR,actual_onshore_wind_generation,Wind Onshore,2026-07-17T04:55:04Z
2026-07-17T04:54:16Z,2026-07-17T06:54:16+0200,4e64d4d3-e4bc-4728-8eea-52acf8983738,2026-06-24T23:30:00Z,2026-06-25T01:30:00+0200,3907.22,MW,FR,FR,actual_onshore_wind_generation,Wind Onshore,2026-07-17T04:55:04Z
2026-07-17T04:54:16Z,2026-07-17T06:54:16+0200,4e64d4d3-e4bc-4728-8eea-52acf8983738,2026-06-24T23:45:00Z,2026-06-25T01:45:00+0200,3807.84,MW,FR,FR,actual_onshore_wind_generation,Wind Onshore,2026-07-17T04:55:04Z
2026-07-17T04:54:16Z,2026-07-17T06:54:16+0200,4e64d4d3-e4bc-4728-8eea-52acf8983738,2026-06-25T00:00:00Z,2026-06-25T02:00:00+0200,3748.23,MW,FR,FR,actual_onshore_wind_generation,Wind Onshore,2026-07-17T04:55:04Z
2026-07-17T04:54:16Z,2026-07-17T06:54:16+0200,4e64d4d3-e4bc-4728-8eea-52acf8983738,2026-06-25T00:15:00Z,2026-06-25T02:15:00+0200,3739.08,MW,FR,FR,actual_onshore_wind_generation,Wind Onshore,2026-07-17T04:55:04Z
2026-07-17T04:54:16Z,2026-07-17T06:54:16+0200,4e64d4d3-e4bc-4728-8eea-52acf8983738,2026-06-25T00:30:00Z,2026-06-25T02:30:00+0200,3700.76,MW,FR,FR,actual_onshore_wind_generation,Wind Onshore,2026-07-17T04:55:04Z
2026-07-17T04:54:16Z,2026-07-17T06:54:16+0200,4e64d4d3-e4bc-4728-8eea-52acf8983738,2026-06-25T00:45:00Z,2026-06-25T02:45:00+0200,3573.16,MW,FR,FR,actual_onshore_wind_generation,Wind Onshore,2026-07-17T04:55:04Z
2026-07-17T04:54:16Z,2026-07-17T06:54:16+0200,4e64d4d3-e4bc-4728-8eea-52acf8983738,2026-06-25T01:00:00Z,2026-06-25T03:00:00+0200,3561.06,MW,FR,FR,actual_onshore_wind_generation,Wind Onshore,2026-07-17T04:55:04Z
2026-07-17T04:54:16Z,2026-07-17T06:54:16+0200,4e64d4d3-e4bc-4728-8eea-52acf8983738,2026-06-25T01:15:00Z,2026-06-25T03:15:00+0200,3556.9,MW,FR,FR,actual_onshore_wind_generation,Wind Onshore,2026-07-17T04:55:04Z
2026-07-17T04:54:16Z,2026-07-17T06:54:16+0200,4e64d4d3-e4bc-4728-8eea-52acf8983738,2026-06-25T01:30:00Z,2026-06-25T03:30:00+0200,3508.32,MW,FR,FR,actual_onshore_wind_generation,Wind Onshore,2026-07-17T04:55:04Z
2026-07-17T04:54:16Z,2026-07-17T06:54:16+0200,4e64d4d3-e4bc-4728-8eea-52acf8983738,2026-06-25T01:45:00Z,2026-06-25T03:45:00+0200,3531.69,MW,FR,FR,actual_onshore_wind_generation,Wind Onshore,2026-07-17T04:55:04Z
2026-07-17T04:54:16Z,2026-07-17T06:54:16+0200,4e64d4d3-e4bc-4728-8eea-52acf8983738,2026-06-25T02:00:00Z,2026-06-25T04:00:00+0200,3451.8,MW,FR,FR,actual_onshore_wind_generation,Wind Onshore,2026-07-17T04:55:04Z
2026-07-17T04:54:16Z,2026-07-17T06:54:16+0200,4e64d4d3-e4bc-4728-8eea-52acf8983738,2026-06-25T02:15:00Z,2026-06-25T04:15:00+0200,3367.01,MW,FR,FR,actual_onshore_wind_generation,Wind Onshore,2026-07-17T04:55:04Z
2026-07-17T04:54:16Z,2026-07-17T06:54:16+0200,4e64d4d3-e4bc-4728-8eea-52acf8983738,2026-06-25T02:30:00Z,2026-06-25T04:30:00+0200,3294.72,MW,FR,FR,actual_onshore_wind_generation,Wind Onshore,2026-07-17T04:55:04Z
2026-07-17T04:54:16Z,2026-07-17T06:54:16+0200,4e64d4d3-e4bc-4728-8eea-52acf8983738,2026-06-25T02:45:00Z,2026-06-25T04:45:00+0200,3254.97,MW,FR,FR,actual_onshore_wind_generation,Wind Onshore,2026-07-17T04:55:04Z
2026-07-17T04:54:16Z,2026-07-17T06:54:16+0200,4e64d4d3-e4bc-4728-8eea-52acf8983738,2026-06-25T03:00:00Z,2026-06-25T05:00:00+0200,3611.12,MW,FR,FR,actual_onshore_wind_generation,Wind Onshore,2026-07-17T04:55:04Z
2026-07-17T04:54:16Z,2026-07-17T06:54:16+0200,4e64d4d3-e4bc-4728-8eea-52acf8983738,2026-06-25T03:15:00Z,2026-06-25T05:15:00+0200,3625.3,MW,FR,FR,actual_onshore_wind_generation,Wind Onshore,2026-07-17T04:55:04Z
2026-07-17T04:54:16Z,2026-07-17T06:54:16+0200,4e64d4d3-e4bc-4728-8eea-52acf8983738,2026-06-25T03:30:00Z,2026-06-25T05:30:00+0200,3610.64,MW,FR,FR,actual_onshore_wind_generation,Wind Onshore,2026-07-17T04:55:04Z
2026-07-17T04:54:16Z,2026-07-17T06:54:16+0200,4e64d4d3-e4bc-4728-8eea-52acf8983738,2026-06-25T03:45:00Z,2026-06-25T05:45:00+0200,3601.6,MW,FR,FR,actual_onshore_wind_generation,Wind Onshore,2026-07-17T04:55:04Z
2026-07-17T04:54:16Z,2026-07-17T06:54:16+0200,4e64d4d3-e4bc-4728-8eea-52acf8983738,2026-06-25T04:00:00Z,2026-06-25T06:00:00+0200,3604.82,MW,FR,FR,actual_onshore_wind_generation,Wind Onshore,2026-07-17T04:55:04Z
2026-07-17T04:54:16Z,2026-07-17T06:54:16+0200,4e64d4d3-e4bc-4728-8eea-52acf8983738,2026-06-25T04:15:00Z,2026-06-25T06:15:00+0200,3626.18,MW,FR,FR,actual_onshore_wind_generation,Wind Onshore,2026-07-17T04:55:04Z
2026-07-17T04:54:16Z,2026-07-17T06:54:16+0200,4e64d4d3-e4bc-4728-8eea-52acf8983738,2026-06-25T04:30:00Z,2026-06-25T06:30:00+0200,3596.05,MW,FR,FR,actual_onshore_wind_generation,Wind Onshore,2026-07-17T04:55:04Z
2026-07-17T04:54:16Z,2026-07-17T06:54:16+0200,4e64d4d3-e4bc-4728-8eea-52acf8983738,2026-06-25T04:45:00Z,2026-06-25T06:45:00+0200,3657.37,MW,FR,FR,actual_onshore_wind_generation,Wind Onshore,2026-07-17T04:55:04Z
2026-07-17T04:54:16Z,2026-07-17T06:54:16+0200,4e64d4d3-e4bc-4728-8eea-52acf8983738,2026-06-25T05:00:00Z,2026-06-25T07:00:00+0200,3717.78,MW,FR,FR,actual_onshore_wind_generation,Wind Onshore,2026-07-17T04:55:04Z
2026-07-17T04:54:16Z,2026-07-17T06:54:16+0200,4e64d4d3-e4bc-4728-8eea-52acf8983738,2026-06-25T05:15:00Z,2026-06-25T07:15:00+0200,3674.91,MW,FR,FR,actual_onshore_wind_generation,Wind Onshore,2026-07-17T04:55:04Z
2026-07-17T04:54:16Z,2026-07-17T06:54:16+0200,4e64d4d3-e4bc-4728-8eea-52acf8983738,2026-06-25T05:30:00Z,2026-06-25T07:30:00+0200,3550.96,MW,FR,FR,actual_onshore_wind_generation,Wind Onshore,2026-07-17T04:55:04Z
2026-07-17T04:54:16Z,2026-07-17T06:54:16+0200,4e64d4d3-e4bc-4728-8eea-52acf8983738,2026-06-25T05:45:00Z,2026-06-25T07:45:00+0200,3358.55,MW,FR,FR,actual_onshore_wind_generation,Wind Onshore,2026-07-17T04:55:04Z
2026-07-17T04:54:16Z,2026-07-17T06:54:16+0200,4e64d4d3-e4bc-4728-8eea-52acf8983738,2026-06-25T06:00:00Z,2026-06-25T08:00:00+0200,3069.13,MW,FR,FR,actual_onshore_wind_generation,Wind Onshore,2026-07-17T04:55:04Z
2026-07-17T04:54:16Z,2026-07-17T06:54:16+0200,4e64d4d3-e4bc-4728-8eea-52acf8983738,2026-06-25T06:15:00Z,2026-06-25T08:15:00+0200,2736.78,MW,FR,FR,actual_onshore_wind_generation,Wind Onshore,2026-07-17T04:55:04Z
2026-07-17T04:54:16Z,2026-07-17T06:54:16+0200,4e64d4d3-e4bc-4728-8eea-52acf8983738,2026-06-25T06:30:00Z,2026-06-25T08:30:00+0200,2395.12,MW,FR,FR,actual_onshore_wind_generation,Wind Onshore,2026-07-17T04:55:04Z
2026-07-17T04:54:16Z,2026-07-17T06:54:16+0200,4e64d4d3-e4bc-4728-8eea-52acf8983738,2026-06-25T06:45:00Z,2026-06-25T08:45:00+0200,2090.7,MW,FR,FR,actual_onshore_wind_generation,Wind Onshore,2026-07-17T04:55:04Z
2026-07-17T04:54:16Z,2026-07-17T06:54:16+0200,4e64d4d3-e4bc-4728-8eea-52acf8983738,2026-06-25T07:00:00Z,2026-06-25T09:00:00+0200,1944.27,MW,FR,FR,actual_onshore_wind_generation,Wind Onshore,2026-07-17T04:55:04Z
2026-07-17T04:54:16Z,2026-07-17T06:54:16+0200,4e64d4d3-e4bc-4728-8eea-52acf8983738,2026-06-25T07:15:00Z,2026-06-25T09:15:00+0200,1781.38,MW,FR,FR,actual_onshore_wind_generation,Wind Onshore,2026-07-17T04:55:04Z
2026-07-17T04:54:16Z,2026-07-17T06:54:16+0200,4e64d4d3-e4bc-4728-8eea-52acf8983738,2026-06-25T07:30:00Z,2026-06-25T09:30:00+0200,1608.79,MW,FR,FR,actual_onshore_wind_generation,Wind Onshore,2026-07-17T04:55:04Z
2026-07-17T04:54:16Z,2026-07-17T06:54:16+0200,4e64d4d3-e4bc-4728-8eea-52acf8983738,2026-06-25T07:45:00Z,2026-06-25T09:45:00+0200,1534.34,MW,FR,FR,actual_onshore_wind_generation,Wind Onshore,2026-07-17T04:55:04Z
2026-07-17T04:54:16Z,2026-07-17T06:54:16+0200,4e64d4d3-e4bc-4728-8eea-52acf8983738,2026-06-25T08:00:00Z,2026-06-25T10:00:00+0200,1519.69,MW,FR,FR,actual_onshore_wind_generation,Wind Onshore,2026-07-17T04:55:04Z
2026-07-17T04:54:16Z,2026-07-17T06:54:16+0200,4e64d4d3-e4bc-4728-8eea-52acf8983738,2026-06-25T08:15:00Z,2026-06-25T10:15:00+0200,1536.22,MW,FR,FR,actual_onshore_wind_generation,Wind Onshore,2026-07-17T04:55:04Z
2026-07-17T04:54:16Z,2026-07-17T06:54:16+0200,4e64d4d3-e4bc-4728-8eea-52acf8983738,2026-06-25T08:30:00Z,2026-06-25T10:30:00+0200,1567.1,MW,FR,FR,actual_onshore_wind_generation,Wind Onshore,2026-07-17T04:55:04Z
2026-07-17T04:54:16Z,2026-07-17T06:54:16+0200,4e64d4d3-e4bc-4728-8eea-52acf8983738,2026-06-25T08:45:00Z,2026-06-25T10:45:00+0200,1609.43,MW,FR,FR,actual_onshore_wind_generation,Wind Onshore,2026-07-17T04:55:04Z
2026-07-17T04:54:16Z,2026-07-17T06:54:16+0200,4e64d4d3-e4bc-4728-8eea-52acf8983738,2026-06-25T09:00:00Z,2026-06-25T11:00:00+0200,1642.45,MW,FR,FR,actual_onshore_wind_generation,Wind Onshore,2026-07-17T04:55:04Z
2026-07-17T04:54:16Z,2026-07-17T06:54:16+0200,4e64d4d3-e4bc-4728-8eea-52acf8983738,2026-06-25T09:15:00Z,2026-06-25T11:15:00+0200,1783.85,MW,FR,FR,actual_onshore_wind_generation,Wind Onshore,2026-07-17T04:55:04Z
2026-07-17T04:54:16Z,2026-07-17T06:54:16+0200,4e64d4d3-e4bc-4728-8eea-52acf8983738,2026-06-25T09:30:00Z,2026-06-25T11:30:00+0200,1989.79,MW,FR,FR,actual_onshore_wind_generation,Wind Onshore,2026-07-17T04:55:04Z
2026-07-17T04:54:16Z,2026-07-17T06:54:16+0200,4e64d4d3-e4bc-4728-8eea-52acf8983738,2026-06-25T09:45:00Z,2026-06-25T11:45:00+0200,2124.49,MW,FR,FR,actual_onshore_wind_generation,Wind Onshore,2026-07-17T04:55:04Z
2026-07-17T04:54:16Z,2026-07-17T06:54:16+0200,4e64d4d3-e4bc-4728-8eea-52acf8983738,2026-06-25T10:00:00Z,2026-06-25T12:00:00+0200,2206.5,MW,FR,FR,actual_onshore_wind_generation,Wind Onshore,2026-07-17T04:55:04Z
2026-07-17T04:54:16Z,2026-07-17T06:54:16+0200,4e64d4d3-e4bc-4728-8eea-52acf8983738,2026-06-25T10:15:00Z,2026-06-25T12:15:00+0200,2414.15,MW,FR,FR,actual_onshore_wind_generation,Wind Onshore,2026-07-17T04:55:04Z
2026-07-17T04:54:16Z,2026-07-17T06:54:16+0200,4e64d4d3-e4bc-4728-8eea-52acf8983738,2026-06-25T10:30:00Z,2026-06-25T12:30:00+0200,2635.87,MW,FR,FR,actual_onshore_wind_generation,Wind Onshore,2026-07-17T04:55:04Z
2026-07-17T04:54:16Z,2026-07-17T06:54:16+0200,4e64d4d3-e4bc-4728-8eea-52acf8983738,2026-06-25T10:45:00Z,2026-06-25T12:45:00+0200,2805.85,MW,FR,FR,actual_onshore_wind_generation,Wind Onshore,2026-07-17T04:55:04Z
2026-07-17T04:54:16Z,2026-07-17T06:54:16+0200,4e64d4d3-e4bc-4728-8eea-52acf8983738,2026-06-25T11:00:00Z,2026-06-25T13:00:00+0200,2941.39,MW,FR,FR,actual_onshore_wind_generation,Wind Onshore,2026-07-17T04:55:04Z
2026-07-17T04:54:16Z,2026-07-17T06:54:16+0200,4e64d4d3-e4bc-4728-8eea-52acf8983738,2026-06-25T11:15:00Z,2026-06-25T13:15:00+0200,3134.76,MW,FR,FR,actual_onshore_wind_generation,Wind Onshore,2026-07-17T04:55:04Z
2026-07-17T04:54:16Z,2026-07-17T06:54:16+0200,4e64d4d3-e4bc-4728-8eea-52acf8983738,2026-06-25T11:30:00Z,2026-06-25T13:30:00+0200,3257.39,MW,FR,FR,actual_onshore_wind_generation,Wind Onshore,2026-07-17T04:55:04Z
2026-07-17T04:54:16Z,2026-07-17T06:54:16+0200,4e64d4d3-e4bc-4728-8eea-52acf8983738,2026-06-25T11:45:00Z,2026-06-25T13:45:00+0200,3341.57,MW,FR,FR,actual_onshore_wind_generation,Wind Onshore,2026-07-17T04:55:04Z
2026-07-17T04:54:16Z,2026-07-17T06:54:16+0200,4e64d4d3-e4bc-4728-8eea-52acf8983738,2026-06-25T12:00:00Z,2026-06-25T14:00:00+0200,3349.32,MW,FR,FR,actual_onshore_wind_generation,Wind Onshore,2026-07-17T04:55:04Z
2026-07-17T04:54:16Z,2026-07-17T06:54:16+0200,4e64d4d3-e4bc-4728-8eea-52acf8983738,2026-06-25T12:15:00Z,2026-06-25T14:15:00+0200,3413.78,MW,FR,FR,actual_onshore_wind_generation,Wind Onshore,2026-07-17T04:55:04Z
2026-07-17T04:54:16Z,2026-07-17T06:54:16+0200,4e64d4d3-e4bc-4728-8eea-52acf8983738,2026-06-25T12:30:00Z,2026-06-25T14:30:00+0200,3482.54,MW,FR,FR,actual_onshore_wind_generation,Wind Onshore,2026-07-17T04:55:04Z
2026-07-17T04:54:16Z,2026-07-17T06:54:16+0200,4e64d4d3-e4bc-4728-8eea-52acf8983738,2026-06-25T12:45:00Z,2026-06-25T14:45:00+0200,3458.52,MW,FR,FR,actual_onshore_wind_generation,Wind Onshore,2026-07-17T04:55:04Z
2026-07-17T04:54:16Z,2026-07-17T06:54:16+0200,4e64d4d3-e4bc-4728-8eea-52acf8983738,2026-06-25T13:00:00Z,2026-06-25T15:00:00+0200,3549.4,MW,FR,FR,actual_onshore_wind_generation,Wind Onshore,2026-07-17T04:55:04Z
2026-07-17T04:54:16Z,2026-07-17T06:54:16+0200,4e64d4d3-e4bc-4728-8eea-52acf8983738,2026-06-25T13:15:00Z,2026-06-25T15:15:00+0200,3615.55,MW,FR,FR,actual_onshore_wind_generation,Wind Onshore,2026-07-17T04:55:04Z
2026-07-17T04:54:16Z,2026-07-17T06:54:16+0200,4e64d4d3-e4bc-4728-8eea-52acf8983738,2026-06-25T13:30:00Z,2026-06-25T15:30:00+0200,3765.4,MW,FR,FR,actual_onshore_wind_generation,Wind Onshore,2026-07-17T04:55:04Z
2026-07-17T04:54:16Z,2026-07-17T06:54:16+0200,4e64d4d3-e4bc-4728-8eea-52acf8983738,2026-06-25T13:45:00Z,2026-06-25T15:45:00+0200,3823.02,MW,FR,FR,actual_onshore_wind_generation,Wind Onshore,2026-07-17T04:55:04Z
2026-07-17T04:54:16Z,2026-07-17T06:54:16+0200,4e64d4d3-e4bc-4728-8eea-52acf8983738,2026-06-25T14:00:00Z,2026-06-25T16:00:00+0200,3746.77,MW,FR,FR,actual_onshore_wind_generation,Wind Onshore,2026-07-17T04:55:04Z
2026-07-17T04:54:16Z,2026-07-17T06:54:16+0200,4e64d4d3-e4bc-4728-8eea-52acf8983738,2026-06-25T14:15:00Z,2026-06-25T16:15:00+0200,3587.41,MW,FR,FR,actual_onshore_wind_generation,Wind Onshore,2026-07-17T04:55:04Z
2026-07-17T04:54:16Z,2026-07-17T06:54:16+0200,4e64d4d3-e4bc-4728-8eea-52acf8983738,2026-06-25T14:30:00Z,2026-06-25T16:30:00+0200,3618.77,MW,FR,FR,actual_onshore_wind_generation,Wind Onshore,2026-07-17T04:55:04Z
2026-07-17T04:54:16Z,2026-07-17T06:54:16+0200,4e64d4d3-e4bc-4728-8eea-52acf8983738,2026-06-25T14:45:00Z,2026-06-25T16:45:00+0200,3525.59,MW,FR,FR,actual_onshore_wind_generation,Wind Onshore,2026-07-17T04:55:04Z
2026-07-17T04:54:16Z,2026-07-17T06:54:16+0200,4e64d4d3-e4bc-4728-8eea-52acf8983738,2026-06-25T15:00:00Z,2026-06-25T17:00:00+0200,3390.05,MW,FR,FR,actual_onshore_wind_generation,Wind Onshore,2026-07-17T04:55:04Z
2026-07-17T04:54:16Z,2026-07-17T06:54:16+0200,4e64d4d3-e4bc-4728-8eea-52acf8983738,2026-06-25T15:15:00Z,2026-06-25T17:15:00+0200,3365.23,MW,FR,FR,actual_onshore_wind_generation,Wind Onshore,2026-07-17T04:55:04Z
2026-07-17T04:54:16Z,2026-07-17T06:54:16+0200,4e64d4d3-e4bc-4728-8eea-52acf8983738,2026-06-25T15:30:00Z,2026-06-25T17:30:00+0200,3324.61,MW,FR,FR,actual_onshore_wind_generation,Wind Onshore,2026-07-17T04:55:04Z
2026-07-17T04:54:16Z,2026-07-17T06:54:16+0200,4e64d4d3-e4bc-4728-8eea-52acf8983738,2026-06-25T15:45:00Z,2026-06-25T17:45:00+0200,3502.86,MW,FR,FR,actual_onshore_wind_generation,Wind Onshore,2026-07-17T04:55:04Z
2026-07-17T04:54:16Z,2026-07-17T06:54:16+0200,4e64d4d3-e4bc-4728-8eea-52acf8983738,2026-06-25T16:00:00Z,2026-06-25T18:00:00+0200,3469.79,MW,FR,FR,actual_onshore_wind_generation,Wind Onshore,2026-07-17T04:55:04Z
2026-07-17T04:54:16Z,2026-07-17T06:54:16+0200,4e64d4d3-e4bc-4728-8eea-52acf8983738,2026-06-25T16:15:00Z,2026-06-25T18:15:00+0200,3440.54,MW,FR,FR,actual_onshore_wind_generation,Wind Onshore,2026-07-17T04:55:04Z
2026-07-17T04:54:16Z,2026-07-17T06:54:16+0200,4e64d4d3-e4bc-4728-8eea-52acf8983738,2026-06-25T16:30:00Z,2026-06-25T18:30:00+0200,3627.22,MW,FR,FR,actual_onshore_wind_generation,Wind Onshore,2026-07-17T04:55:04Z
2026-07-17T04:54:16Z,2026-07-17T06:54:16+0200,4e64d4d3-e4bc-4728-8eea-52acf8983738,2026-06-25T16:45:00Z,2026-06-25T18:45:00+0200,3782.86,MW,FR,FR,actual_onshore_wind_generation,Wind Onshore,2026-07-17T04:55:04Z
2026-07-17T04:54:16Z,2026-07-17T06:54:16+0200,4e64d4d3-e4bc-4728-8eea-52acf8983738,2026-06-25T17:00:00Z,2026-06-25T19:00:00+0200,3780.34,MW,FR,FR,actual_onshore_wind_generation,Wind Onshore,2026-07-17T04:55:04Z
2026-07-17T04:54:16Z,2026-07-17T06:54:16+0200,4e64d4d3-e4bc-4728-8eea-52acf8983738,2026-06-25T17:15:00Z,2026-06-25T19:15:00+0200,3745.78,MW,FR,FR,actual_onshore_wind_generation,Wind Onshore,2026-07-17T04:55:04Z
2026-07-17T04:54:16Z,2026-07-17T06:54:16+0200,4e64d4d3-e4bc-4728-8eea-52acf8983738,2026-06-25T17:30:00Z,2026-06-25T19:30:00+0200,3803.33,MW,FR,FR,actual_onshore_wind_generation,Wind Onshore,2026-07-17T04:55:04Z
2026-07-17T04:54:16Z,2026-07-17T06:54:16+0200,4e64d4d3-e4bc-4728-8eea-52acf8983738,2026-06-25T17:45:00Z,2026-06-25T19:45:00+0200,3816.53,MW,FR,FR,actual_onshore_wind_generation,Wind Onshore,2026-07-17T04:55:04Z
2026-07-17T04:54:16Z,2026-07-17T06:54:16+0200,4e64d4d3-e4bc-4728-8eea-52acf8983738,2026-06-25T18:00:00Z,2026-06-25T20:00:00+0200,3911.96,MW,FR,FR,actual_onshore_wind_generation,Wind Onshore,2026-07-17T04:55:04Z
2026-07-17T04:54:16Z,2026-07-17T06:54:16+0200,4e64d4d3-e4bc-4728-8eea-52acf8983738,2026-06-25T18:15:00Z,2026-06-25T20:15:00+0200,4018.43,MW,FR,FR,actual_onshore_wind_generation,Wind Onshore,2026-07-17T04:55:04Z
2026-07-17T04:54:16Z,2026-07-17T06:54:16+0200,4e64d4d3-e4bc-4728-8eea-52acf8983738,2026-06-25T18:30:00Z,2026-06-25T20:30:00+0200,4064.06,MW,FR,FR,actual_onshore_wind_generation,Wind Onshore,2026-07-17T04:55:04Z
2026-07-17T04:54:16Z,2026-07-17T06:54:16+0200,4e64d4d3-e4bc-4728-8eea-52acf8983738,2026-06-25T18:45:00Z,2026-06-25T20:45:00+0200,4213.66,MW,FR,FR,actual_onshore_wind_generation,Wind Onshore,2026-07-17T04:55:04Z
2026-07-17T04:54:16Z,2026-07-17T06:54:16+0200,4e64d4d3-e4bc-4728-8eea-52acf8983738,2026-06-25T19:00:00Z,2026-06-25T21:00:00+0200,4290.28,MW,FR,FR,actual_onshore_wind_generation,Wind Onshore,2026-07-17T04:55:04Z
2026-07-17T04:54:16Z,2026-07-17T06:54:16+0200,4e64d4d3-e4bc-4728-8eea-52acf8983738,2026-06-25T19:15:00Z,2026-06-25T21:15:00+0200,4450.39,MW,FR,FR,actual_onshore_wind_generation,Wind Onshore,2026-07-17T04:55:04Z
2026-07-17T04:54:16Z,2026-07-17T06:54:16+0200,4e64d4d3-e4bc-4728-8eea-52acf8983738,2026-06-25T19:30:00Z,2026-06-25T21:30:00+0200,4650.86,MW,FR,FR,actual_onshore_wind_generation,Wind Onshore,2026-07-17T04:55:04Z
2026-07-17T04:54:16Z,2026-07-17T06:54:16+0200,4e64d4d3-e4bc-4728-8eea-52acf8983738,2026-06-25T19:45:00Z,2026-06-25T21:45:00+0200,4922.09,MW,FR,FR,actual_onshore_wind_generation,Wind Onshore,2026-07-17T04:55:04Z
2026-07-17T04:54:16Z,2026-07-17T06:54:16+0200,4e64d4d3-e4bc-4728-8eea-52acf8983738,2026-06-25T20:00:00Z,2026-06-25T22:00:00+0200,5053.64,MW,FR,FR,actual_onshore_wind_generation,Wind Onshore,2026-07-17T04:55:04Z
2026-07-17T04:54:16Z,2026-07-17T06:54:16+0200,4e64d4d3-e4bc-4728-8eea-52acf8983738,2026-06-25T20:15:00Z,2026-06-25T22:15:00+0200,5186.47,MW,FR,FR,actual_onshore_wind_generation,Wind Onshore,2026-07-17T04:55:04Z
2026-07-17T04:54:16Z,2026-07-17T06:54:16+0200,4e64d4d3-e4bc-4728-8eea-52acf8983738,2026-06-25T20:30:00Z,2026-06-25T22:30:00+0200,5387.2,MW,FR,FR,actual_onshore_wind_generation,Wind Onshore,2026-07-17T04:55:04Z
2026-07-17T04:54:16Z,2026-07-17T06:54:16+0200,4e64d4d3-e4bc-4728-8eea-52acf8983738,2026-06-25T20:45:00Z,2026-06-25T22:45:00+0200,5608.67,MW,FR,FR,actual_onshore_wind_generation,Wind Onshore,2026-07-17T04:55:04Z
2026-07-17T04:54:16Z,2026-07-17T06:54:16+0200,4e64d4d3-e4bc-4728-8eea-52acf8983738,2026-06-25T21:00:00Z,2026-06-25T23:00:00+0200,5850.18,MW,FR,FR,actual_onshore_wind_generation,Wind Onshore,2026-07-17T04:55:04Z
2026-07-17T04:54:16Z,2026-07-17T06:54:16+0200,4e64d4d3-e4bc-4728-8eea-52acf8983738,2026-06-25T21:15:00Z,2026-06-25T23:15:00+0200,6091.41,MW,FR,FR,actual_onshore_wind_generation,Wind Onshore,2026-07-17T04:55:04Z
2026-07-17T04:54:16Z,2026-07-17T06:54:16+0200,4e64d4d3-e4bc-4728-8eea-52acf8983738,2026-06-25T21:30:00Z,2026-06-25T23:30:00+0200,6264.99,MW,FR,FR,actual_onshore_wind_generation,Wind Onshore,2026-07-17T04:55:04Z
2026-07-17T04:54:16Z,2026-07-17T06:54:16+0200,4e64d4d3-e4bc-4728-8eea-52acf8983738,2026-06-25T21:45:00Z,2026-06-25T23:45:00+0200,6364.8,MW,FR,FR,actual_onshore_wind_generation,Wind Onshore,2026-07-17T04:55:04Z
2026-07-17T04:54:16Z,2026-07-17T06:54:16+0200,4e64d4d3-e4bc-4728-8eea-52acf8983738,2026-06-25T22:00:00Z,2026-06-26T00:00:00+0200,6244.44,MW,FR,FR,actual_onshore_wind_generation,Wind Onshore,2026-07-17T04:55:04Z
2026-07-17T04:54:16Z,2026-07-17T06:54:16+0200,4e64d4d3-e4bc-4728-8eea-52acf8983738,2026-06-25T22:15:00Z,2026-06-26T00:15:00+0200,6168.79,MW,FR,FR,actual_onshore_wind_generation,Wind Onshore,2026-07-17T04:55:04Z
2026-07-17T04:54:16Z,2026-07-17T06:54:16+0200,4e64d4d3-e4bc-4728-8eea-52acf8983738,2026-06-25T22:30:00Z,2026-06-26T00:30:00+0200,5984.77,MW,FR,FR,actual_onshore_wind_generation,Wind Onshore,2026-07-17T04:55:04Z
2026-07-17T04:54:16Z,2026-07-17T06:54:16+0200,4e64d4d3-e4bc-4728-8eea-52acf8983738,2026-06-25T22:45:00Z,2026-06-26T00:45:00+0200,6052.07,MW,FR,FR,actual_onshore_wind_generation,Wind Onshore,2026-07-17T04:55:04Z
2026-07-17T04:54:16Z,2026-07-17T06:54:16+0200,4e64d4d3-e4bc-4728-8eea-52acf8983738,2026-06-25T23:00:00Z,2026-06-26T01:00:00+0200,5935.69,MW,FR,FR,actual_onshore_wind_generation,Wind Onshore,2026-07-17T04:55:04Z
2026-07-17T04:54:16Z,2026-07-17T06:54:16+0200,4e64d4d3-e4bc-4728-8eea-52acf8983738,2026-06-25T23:15:00Z,2026-06-26T01:15:00+0200,5816.22,MW,FR,FR,actual_onshore_wind_generation,Wind Onshore,2026-07-17T04:55:04Z
2026-07-17T04:54:16Z,2026-07-17T06:54:16+0200,4e64d4d3-e4bc-4728-8eea-52acf8983738,2026-06-25T23:30:00Z,2026-06-26T01:30:00+0200,5755.57,MW,FR,FR,actual_onshore_wind_generation,Wind Onshore,2026-07-17T04:55:04Z
2026-07-17T04:54:16Z,2026-07-17T06:54:16+0200,4e64d4d3-e4bc-4728-8eea-52acf8983738,2026-06-25T23:45:00Z,2026-06-26T01:45:00+0200,5605.06,MW,FR,FR,actual_onshore_wind_generation,Wind Onshore,2026-07-17T04:55:04Z
2026-07-17T04:54:16Z,2026-07-17T06:54:16+0200,4e64d4d3-e4bc-4728-8eea-52acf8983738,2026-06-26T00:00:00Z,2026-06-26T02:00:00+0200,5422.52,MW,FR,FR,actual_onshore_wind_generation,Wind Onshore,2026-07-17T04:55:04Z
2026-07-17T04:54:16Z,2026-07-17T06:54:16+0200,4e64d4d3-e4bc-4728-8eea-52acf8983738,2026-06-26T00:15:00Z,2026-06-26T02:15:00+0200,5084.43,MW,FR,FR,actual_onshore_wind_generation,Wind Onshore,2026-07-17T04:55:04Z
2026-07-17T04:54:16Z,2026-07-17T06:54:16+0200,4e64d4d3-e4bc-4728-8eea-52acf8983738,2026-06-26T00:30:00Z,2026-06-26T02:30:00+0200,4960.15,MW,FR,FR,actual_onshore_wind_generation,Wind Onshore,2026-07-17T04:55:04Z
2026-07-17T04:54:16Z,2026-07-17T06:54:16+0200,4e64d4d3-e4bc-4728-8eea-52acf8983738,2026-06-26T00:45:00Z,2026-06-26T02:45:00+0200,4832.86,MW,FR,FR,actual_onshore_wind_generation,Wind Onshore,2026-07-17T04:55:04Z
2026-07-17T04:54:16Z,2026-07-17T06:54:16+0200,4e64d4d3-e4bc-4728-8eea-52acf8983738,2026-06-26T01:00:00Z,2026-06-26T03:00:00+0200,4818.91,MW,FR,FR,actual_onshore_wind_generation,Wind Onshore,2026-07-17T04:55:04Z
2026-07-17T04:54:16Z,2026-07-17T06:54:16+0200,4e64d4d3-e4bc-4728-8eea-52acf8983738,2026-06-26T01:15:00Z,2026-06-26T03:15:00+0200,4784.8,MW,FR,FR,actual_onshore_wind_generation,Wind Onshore,2026-07-17T04:55:04Z
2026-07-17T04:54:16Z,2026-07-17T06:54:16+0200,4e64d4d3-e4bc-4728-8eea-52acf8983738,2026-06-26T01:30:00Z,2026-06-26T03:30:00+0200,4714.61,MW,FR,FR,actual_onshore_wind_generation,Wind Onshore,2026-07-17T04:55:04Z
2026-07-17T04:54:16Z,2026-07-17T06:54:16+0200,4e64d4d3-e4bc-4728-8eea-52acf8983738,2026-06-26T01:45:00Z,2026-06-26T03:45:00+0200,4735.04,MW,FR,FR,actual_onshore_wind_generation,Wind Onshore,2026-07-17T04:55:04Z
2026-07-17T04:54:16Z,2026-07-17T06:54:16+0200,4e64d4d3-e4bc-4728-8eea-52acf8983738,2026-06-26T02:00:00Z,2026-06-26T04:00:00+0200,4634.28,MW,FR,FR,actual_onshore_wind_generation,Wind Onshore,2026-07-17T04:55:04Z
2026-07-17T04:54:16Z,2026-07-17T06:54:16+0200,4e64d4d3-e4bc-4728-8eea-52acf8983738,2026-06-26T02:15:00Z,2026-06-26T04:15:00+0200,4577.55,MW,FR,FR,actual_onshore_wind_generation,Wind Onshore,2026-07-17T04:55:04Z
2026-07-17T04:54:16Z,2026-07-17T06:54:16+0200,4e64d4d3-e4bc-4728-8eea-52acf8983738,2026-06-26T02:30:00Z,2026-06-26T04:30:00+0200,4585.5,MW,FR,FR,actual_onshore_wind_generation,Wind Onshore,2026-07-17T04:55:04Z
2026-07-17T04:54:16Z,2026-07-17T06:54:16+0200,4e64d4d3-e4bc-4728-8eea-52acf8983738,2026-06-26T02:45:00Z,2026-06-26T04:45:00+0200,4614.66,MW,FR,FR,actual_onshore_wind_generation,Wind Onshore,2026-07-17T04:55:04Z
2026-07-17T04:54:16Z,2026-07-17T06:54:16+0200,4e64d4d3-e4bc-4728-8eea-52acf8983738,2026-06-26T03:00:00Z,2026-06-26T05:00:00+0200,4663.55,MW,FR,FR,actual_onshore_wind_generation,Wind Onshore,2026-07-17T04:55:04Z
2026-07-17T04:54:16Z,2026-07-17T06:54:16+0200,4e64d4d3-e4bc-4728-8eea-52acf8983738,2026-06-26T03:15:00Z,2026-06-26T05:15:00+0200,4475.66,MW,FR,FR,actual_onshore_wind_generation,Wind Onshore,2026-07-17T04:55:04Z
2026-07-17T04:54:16Z,2026-07-17T06:54:16+0200,4e64d4d3-e4bc-4728-8eea-52acf8983738,2026-06-26T03:30:00Z,2026-06-26T05:30:00+0200,4380.16,MW,FR,FR,actual_onshore_wind_generation,Wind Onshore,2026-07-17T04:55:04Z
2026-07-17T04:54:16Z,2026-07-17T06:54:16+0200,4e64d4d3-e4bc-4728-8eea-52acf8983738,2026-06-26T03:45:00Z,2026-06-26T05:45:00+0200,4241.58,MW,FR,FR,actual_onshore_wind_generation,Wind Onshore,2026-07-17T04:55:04Z
2026-07-17T04:54:16Z,2026-07-17T06:54:16+0200,4e64d4d3-e4bc-4728-8eea-52acf8983738,2026-06-26T04:00:00Z,2026-06-26T06:00:00+0200,4302.46,MW,FR,FR,actual_onshore_wind_generation,Wind Onshore,2026-07-17T04:55:04Z
2026-07-17T04:54:16Z,2026-07-17T06:54:16+0200,4e64d4d3-e4bc-4728-8eea-52acf8983738,2026-06-26T04:15:00Z,2026-06-26T06:15:00+0200,4356.33,MW,FR,FR,actual_onshore_wind_generation,Wind Onshore,2026-07-17T04:55:04Z
2026-07-17T04:54:16Z,2026-07-17T06:54:16+0200,4e64d4d3-e4bc-4728-8eea-52acf8983738,2026-06-26T04:30:00Z,2026-06-26T06:30:00+0200,4425.71,MW,FR,FR,actual_onshore_wind_generation,Wind Onshore,2026-07-17T04:55:04Z
2026-07-17T04:54:16Z,2026-07-17T06:54:16+0200,4e64d4d3-e4bc-4728-8eea-52acf8983738,2026-06-26T04:45:00Z,2026-06-26T06:45:00+0200,4606.38,MW,FR,FR,actual_onshore_wind_generation,Wind Onshore,2026-07-17T04:55:04Z
2026-07-17T04:54:16Z,2026-07-17T06:54:16+0200,4e64d4d3-e4bc-4728-8eea-52acf8983738,2026-06-26T05:00:00Z,2026-06-26T07:00:00+0200,4549.18,MW,FR,FR,actual_onshore_wind_generation,Wind Onshore,2026-07-17T04:55:04Z
2026-07-17T04:54:16Z,2026-07-17T06:54:16+0200,4e64d4d3-e4bc-4728-8eea-52acf8983738,2026-06-26T05:15:00Z,2026-06-26T07:15:00+0200,4248.7,MW,FR,FR,actual_onshore_wind_generation,Wind Onshore,2026-07-17T04:55:04Z
2026-07-17T04:54:16Z,2026-07-17T06:54:16+0200,4e64d4d3-e4bc-4728-8eea-52acf8983738,2026-06-26T05:30:00Z,2026-06-26T07:30:00+0200,3884.6,MW,FR,FR,actual_onshore_wind_generation,Wind Onshore,2026-07-17T04:55:04Z
2026-07-17T04:54:16Z,2026-07-17T06:54:16+0200,4e64d4d3-e4bc-4728-8eea-52acf8983738,2026-06-26T05:45:00Z,2026-06-26T07:45:00+0200,3513.39,MW,FR,FR,actual_onshore_wind_generation,Wind Onshore,2026-07-17T04:55:04Z
2026-07-17T04:54:16Z,2026-07-17T06:54:16+0200,4e64d4d3-e4bc-4728-8eea-52acf8983738,2026-06-26T06:00:00Z,2026-06-26T08:00:00+0200,3089.88,MW,FR,FR,actual_onshore_wind_generation,Wind Onshore,2026-07-17T04:55:04Z
2026-07-17T04:54:16Z,2026-07-17T06:54:16+0200,4e64d4d3-e4bc-4728-8eea-52acf8983738,2026-06-26T06:15:00Z,2026-06-26T08:15:00+0200,2691.78,MW,FR,FR,actual_onshore_wind_generation,Wind Onshore,2026-07-17T04:55:04Z
2026-07-17T04:54:16Z,2026-07-17T06:54:16+0200,4e64d4d3-e4bc-4728-8eea-52acf8983738,2026-06-26T06:30:00Z,2026-06-26T08:30:00+0200,2416.95,MW,FR,FR,actual_onshore_wind_generation,Wind Onshore,2026-07-17T04:55:04Z
2026-07-17T04:54:16Z,2026-07-17T06:54:16+0200,4e64d4d3-e4bc-4728-8eea-52acf8983738,2026-06-26T06:45:00Z,2026-06-26T08:45:00+0200,2233.81,MW,FR,FR,actual_onshore_wind_generation,Wind Onshore,2026-07-17T04:55:04Z
2026-07-17T04:54:16Z,2026-07-17T06:54:16+0200,4e64d4d3-e4bc-4728-8eea-52acf8983738,2026-06-26T07:00:00Z,2026-06-26T09:00:00+0200,2087.99,MW,FR,FR,actual_onshore_wind_generation,Wind Onshore,2026-07-17T04:55:04Z
2026-07-17T04:54:16Z,2026-07-17T06:54:16+0200,4e64d4d3-e4bc-4728-8eea-52acf8983738,2026-06-26T07:15:00Z,2026-06-26T09:15:00+0200,2001.06,MW,FR,FR,actual_onshore_wind_generation,Wind Onshore,2026-07-17T04:55:04Z
2026-07-17T04:54:16Z,2026-07-17T06:54:16+0200,4e64d4d3-e4bc-4728-8eea-52acf8983738,2026-06-26T07:30:00Z,2026-06-26T09:30:00+0200,1934.75,MW,FR,FR,actual_onshore_wind_generation,Wind Onshore,2026-07-17T04:55:04Z
2026-07-17T04:54:16Z,2026-07-17T06:54:16+0200,4e64d4d3-e4bc-4728-8eea-52acf8983738,2026-06-26T07:45:00Z,2026-06-26T09:45:00+0200,1863.15,MW,FR,FR,actual_onshore_wind_generation,Wind Onshore,2026-07-17T04:55:04Z
2026-07-17T04:54:16Z,2026-07-17T06:54:16+0200,4e64d4d3-e4bc-4728-8eea-52acf8983738,2026-06-26T08:00:00Z,2026-06-26T10:00:00+0200,1862.0,MW,FR,FR,actual_onshore_wind_generation,Wind Onshore,2026-07-17T04:55:04Z
2026-07-17T04:54:16Z,2026-07-17T06:54:16+0200,4e64d4d3-e4bc-4728-8eea-52acf8983738,2026-06-26T08:15:00Z,2026-06-26T10:15:00+0200,1857.2,MW,FR,FR,actual_onshore_wind_generation,Wind Onshore,2026-07-17T04:55:04Z
2026-07-17T04:54:16Z,2026-07-17T06:54:16+0200,4e64d4d3-e4bc-4728-8eea-52acf8983738,2026-06-26T08:30:00Z,2026-06-26T10:30:00+0200,1773.44,MW,FR,FR,actual_onshore_wind_generation,Wind Onshore,2026-07-17T04:55:04Z
2026-07-17T04:54:16Z,2026-07-17T06:54:16+0200,4e64d4d3-e4bc-4728-8eea-52acf8983738,2026-06-26T08:45:00Z,2026-06-26T10:45:00+0200,1689.73,MW,FR,FR,actual_onshore_wind_generation,Wind Onshore,2026-07-17T04:55:04Z
2026-07-17T04:54:16Z,2026-07-17T06:54:16+0200,4e64d4d3-e4bc-4728-8eea-52acf8983738,2026-06-26T09:00:00Z,2026-06-26T11:00:00+0200,1665.09,MW,FR,FR,actual_onshore_wind_generation,Wind Onshore,2026-07-17T04:55:04Z
2026-07-17T04:54:16Z,2026-07-17T06:54:16+0200,4e64d4d3-e4bc-4728-8eea-52acf8983738,2026-06-26T09:15:00Z,2026-06-26T11:15:00+0200,1616.0,MW,FR,FR,actual_onshore_wind_generation,Wind Onshore,2026-07-17T04:55:04Z
2026-07-17T04:54:16Z,2026-07-17T06:54:16+0200,4e64d4d3-e4bc-4728-8eea-52acf8983738,2026-06-26T09:30:00Z,2026-06-26T11:30:00+0200,1566.94,MW,FR,FR,actual_onshore_wind_generation,Wind Onshore,2026-07-17T04:55:04Z
2026-07-17T04:54:16Z,2026-07-17T06:54:16+0200,4e64d4d3-e4bc-4728-8eea-52acf8983738,2026-06-26T09:45:00Z,2026-06-26T11:45:00+0200,1573.96,MW,FR,FR,actual_onshore_wind_generation,Wind Onshore,2026-07-17T04:55:04Z
2026-07-17T04:54:16Z,2026-07-17T06:54:16+0200,4e64d4d3-e4bc-4728-8eea-52acf8983738,2026-06-26T10:00:00Z,2026-06-26T12:00:00+0200,1636.8,MW,FR,FR,actual_onshore_wind_generation,Wind Onshore,2026-07-17T04:55:04Z
2026-07-17T04:54:16Z,2026-07-17T06:54:16+0200,4e64d4d3-e4bc-4728-8eea-52acf8983738,2026-06-26T10:15:00Z,2026-06-26T12:15:00+0200,1695.18,MW,FR,FR,actual_onshore_wind_generation,Wind Onshore,2026-07-17T04:55:04Z
2026-07-17T04:54:16Z,2026-07-17T06:54:16+0200,4e64d4d3-e4bc-4728-8eea-52acf8983738,2026-06-26T10:30:00Z,2026-06-26T12:30:00+0200,1734.49,MW,FR,FR,actual_onshore_wind_generation,Wind Onshore,2026-07-17T04:55:04Z
2026-07-17T04:54:16Z,2026-07-17T06:54:16+0200,4e64d4d3-e4bc-4728-8eea-52acf8983738,2026-06-26T10:45:00Z,2026-06-26T12:45:00+0200,1786.08,MW,FR,FR,actual_onshore_wind_generation,Wind Onshore,2026-07-17T04:55:04Z
2026-07-17T04:54:16Z,2026-07-17T06:54:16+0200,4e64d4d3-e4bc-4728-8eea-52acf8983738,2026-06-26T11:00:00Z,2026-06-26T13:00:00+0200,1745.48,MW,FR,FR,actual_onshore_wind_generation,Wind Onshore,2026-07-17T04:55:04Z
2026-07-17T04:54:16Z,2026-07-17T06:54:16+0200,4e64d4d3-e4bc-4728-8eea-52acf8983738,2026-06-26T11:15:00Z,2026-06-26T13:15:00+0200,1647.56,MW,FR,FR,actual_onshore_wind_generation,Wind Onshore,2026-07-17T04:55:04Z
2026-07-17T04:54:16Z,2026-07-17T06:54:16+0200,4e64d4d3-e4bc-4728-8eea-52acf8983738,2026-06-26T11:30:00Z,2026-06-26T13:30:00+0200,1594.87,MW,FR,FR,actual_onshore_wind_generation,Wind Onshore,2026-07-17T04:55:04Z
2026-07-17T04:54:16Z,2026-07-17T06:54:16+0200,4e64d4d3-e4bc-4728-8eea-52acf8983738,2026-06-26T11:45:00Z,2026-06-26T13:45:00+0200,1593.59,MW,FR,FR,actual_onshore_wind_generation,Wind Onshore,2026-07-17T04:55:04Z
2026-07-17T04:54:16Z,2026-07-17T06:54:16+0200,4e64d4d3-e4bc-4728-8eea-52acf8983738,2026-06-26T12:00:00Z,2026-06-26T14:00:00+0200,1654.29,MW,FR,FR,actual_onshore_wind_generation,Wind Onshore,2026-07-17T04:55:04Z
2026-07-17T04:54:16Z,2026-07-17T06:54:16+0200,4e64d4d3-e4bc-4728-8eea-52acf8983738,2026-06-26T12:15:00Z,2026-06-26T14:15:00+0200,1662.93,MW,FR,FR,actual_onshore_wind_generation,Wind Onshore,2026-07-17T04:55:04Z
2026-07-17T04:54:16Z,2026-07-17T06:54:16+0200,4e64d4d3-e4bc-4728-8eea-52acf8983738,2026-06-26T12:30:00Z,2026-06-26T14:30:00+0200,1652.57,MW,FR,FR,actual_onshore_wind_generation,Wind Onshore,2026-07-17T04:55:04Z
2026-07-17T04:54:16Z,2026-07-17T06:54:16+0200,4e64d4d3-e4bc-4728-8eea-52acf8983738,2026-06-26T12:45:00Z,2026-06-26T14:45:00+0200,1688.58,MW,FR,FR,actual_onshore_wind_generation,Wind Onshore,2026-07-17T04:55:04Z
2026-07-17T04:54:16Z,2026-07-17T06:54:16+0200,4e64d4d3-e4bc-4728-8eea-52acf8983738,2026-06-26T13:00:00Z,2026-06-26T15:00:00+0200,1739.15,MW,FR,FR,actual_onshore_wind_generation,Wind Onshore,2026-07-17T04:55:04Z
2026-07-17T04:54:16Z,2026-07-17T06:54:16+0200,4e64d4d3-e4bc-4728-8eea-52acf8983738,2026-06-26T13:15:00Z,2026-06-26T15:15:00+0200,1789.32,MW,FR,FR,actual_onshore_wind_generation,Wind Onshore,2026-07-17T04:55:04Z
2026-07-17T04:54:16Z,2026-07-17T06:54:16+0200,4e64d4d3-e4bc-4728-8eea-52acf8983738,2026-06-26T13:30:00Z,2026-06-26T15:30:00+0200,1828.16,MW,FR,FR,actual_onshore_wind_generation,Wind Onshore,2026-07-17T04:55:04Z
2026-07-17T04:54:16Z,2026-07-17T06:54:16+0200,4e64d4d3-e4bc-4728-8eea-52acf8983738,2026-06-26T13:45:00Z,2026-06-26T15:45:00+0200,1844.69,MW,FR,FR,actual_onshore_wind_generation,Wind Onshore,2026-07-17T04:55:04Z
2026-07-17T04:54:16Z,2026-07-17T06:54:16+0200,4e64d4d3-e4bc-4728-8eea-52acf8983738,2026-06-26T14:00:00Z,2026-06-26T16:00:00+0200,1893.87,MW,FR,FR,actual_onshore_wind_generation,Wind Onshore,2026-07-17T04:55:04Z
2026-07-17T04:54:16Z,2026-07-17T06:54:16+0200,4e64d4d3-e4bc-4728-8eea-52acf8983738,2026-06-26T14:15:00Z,2026-06-26T16:15:00+0200,1907.54,MW,FR,FR,actual_onshore_wind_generation,Wind Onshore,2026-07-17T04:55:04Z
2026-07-17T04:54:16Z,2026-07-17T06:54:16+0200,4e64d4d3-e4bc-4728-8eea-52acf8983738,2026-06-26T14:30:00Z,2026-06-26T16:30:00+0200,1916.93,MW,FR,FR,actual_onshore_wind_generation,Wind Onshore,2026-07-17T04:55:04Z
2026-07-17T04:54:16Z,2026-07-17T06:54:16+0200,4e64d4d3-e4bc-4728-8eea-52acf8983738,2026-06-26T14:45:00Z,2026-06-26T16:45:00+0200,1988.62,MW,FR,FR,actual_onshore_wind_generation,Wind Onshore,2026-07-17T04:55:04Z
2026-07-17T04:54:16Z,2026-07-17T06:54:16+0200,4e64d4d3-e4bc-4728-8eea-52acf8983738,2026-06-26T15:00:00Z,2026-06-26T17:00:00+0200,2052.21,MW,FR,FR,actual_onshore_wind_generation,Wind Onshore,2026-07-17T04:55:04Z
2026-07-17T04:54:16Z,2026-07-17T06:54:16+0200,4e64d4d3-e4bc-4728-8eea-52acf8983738,2026-06-26T15:15:00Z,2026-06-26T17:15:00+0200,2085.95,MW,FR,FR,actual_onshore_wind_generation,Wind Onshore,2026-07-17T04:55:04Z
2026-07-17T04:54:16Z,2026-07-17T06:54:16+0200,4e64d4d3-e4bc-4728-8eea-52acf8983738,2026-06-26T15:30:00Z,2026-06-26T17:30:00+0200,2174.41,MW,FR,FR,actual_onshore_wind_generation,Wind Onshore,2026-07-17T04:55:04Z
2026-07-17T04:54:16Z,2026-07-17T06:54:16+0200,4e64d4d3-e4bc-4728-8eea-52acf8983738,2026-06-26T15:45:00Z,2026-06-26T17:45:00+0200,2300.38,MW,FR,FR,actual_onshore_wind_generation,Wind Onshore,2026-07-17T04:55:04Z
2026-07-17T04:54:16Z,2026-07-17T06:54:16+0200,4e64d4d3-e4bc-4728-8eea-52acf8983738,2026-06-26T16:00:00Z,2026-06-26T18:00:00+0200,2433.52,MW,FR,FR,actual_onshore_wind_generation,Wind Onshore,2026-07-17T04:55:04Z
2026-07-17T04:54:16Z,2026-07-17T06:54:16+0200,4e64d4d3-e4bc-4728-8eea-52acf8983738,2026-06-26T16:15:00Z,2026-06-26T18:15:00+0200,2450.31,MW,FR,FR,actual_onshore_wind_generation,Wind Onshore,2026-07-17T04:55:04Z
2026-07-17T04:54:16Z,2026-07-17T06:54:16+0200,4e64d4d3-e4bc-4728-8eea-52acf8983738,2026-06-26T16:30:00Z,2026-06-26T18:30:00+0200,2399.53,MW,FR,FR,actual_onshore_wind_generation,Wind Onshore,2026-07-17T04:55:04Z
2026-07-17T04:54:16Z,2026-07-17T06:54:16+0200,4e64d4d3-e4bc-4728-8eea-52acf8983738,2026-06-26T16:45:00Z,2026-06-26T18:45:00+0200,2292.3,MW,FR,FR,actual_onshore_wind_generation,Wind Onshore,2026-07-17T04:55:04Z
2026-07-17T04:54:16Z,2026-07-17T06:54:16+0200,4e64d4d3-e4bc-4728-8eea-52acf8983738,2026-06-26T17:00:00Z,2026-06-26T19:00:00+0200,2265.46,MW,FR,FR,actual_onshore_wind_generation,Wind Onshore,2026-07-17T04:55:04Z
2026-07-17T04:54:16Z,2026-07-17T06:54:16+0200,4e64d4d3-e4bc-4728-8eea-52acf8983738,2026-06-26T17:15:00Z,2026-06-26T19:15:00+0200,2280.81,MW,FR,FR,actual_onshore_wind_generation,Wind Onshore,2026-07-17T04:55:04Z
2026-07-17T04:54:16Z,2026-07-17T06:54:16+0200,4e64d4d3-e4bc-4728-8eea-52acf8983738,2026-06-26T17:30:00Z,2026-06-26T19:30:00+0200,2309.35,MW,FR,FR,actual_onshore_wind_generation,Wind Onshore,2026-07-17T04:55:04Z
2026-07-17T04:54:16Z,2026-07-17T06:54:16+0200,4e64d4d3-e4bc-4728-8eea-52acf8983738,2026-06-26T17:45:00Z,2026-06-26T19:45:00+0200,2313.67,MW,FR,FR,actual_onshore_wind_generation,Wind Onshore,2026-07-17T04:55:04Z
2026-07-17T04:54:16Z,2026-07-17T06:54:16+0200,4e64d4d3-e4bc-4728-8eea-52acf8983738,2026-06-26T18:00:00Z,2026-06-26T20:00:00+0200,2386.66,MW,FR,FR,actual_onshore_wind_generation,Wind Onshore,2026-07-17T04:55:04Z
2026-07-17T04:54:16Z,2026-07-17T06:54:16+0200,4e64d4d3-e4bc-4728-8eea-52acf8983738,2026-06-26T18:15:00Z,2026-06-26T20:15:00+0200,2552.05,MW,FR,FR,actual_onshore_wind_generation,Wind Onshore,2026-07-17T04:55:04Z
2026-07-17T04:54:16Z,2026-07-17T06:54:16+0200,4e64d4d3-e4bc-4728-8eea-52acf8983738,2026-06-26T18:30:00Z,2026-06-26T20:30:00+0200,2612.8,MW,FR,FR,actual_onshore_wind_generation,Wind Onshore,2026-07-17T04:55:04Z
2026-07-17T04:54:16Z,2026-07-17T06:54:16+0200,4e64d4d3-e4bc-4728-8eea-52acf8983738,2026-06-26T18:45:00Z,2026-06-26T20:45:00+0200,2702.54,MW,FR,FR,actual_onshore_wind_generation,Wind Onshore,2026-07-17T04:55:04Z
2026-07-17T04:54:16Z,2026-07-17T06:54:16+0200,4e64d4d3-e4bc-4728-8eea-52acf8983738,2026-06-26T19:00:00Z,2026-06-26T21:00:00+0200,2762.67,MW,FR,FR,actual_onshore_wind_generation,Wind Onshore,2026-07-17T04:55:04Z
2026-07-17T04:54:16Z,2026-07-17T06:54:16+0200,4e64d4d3-e4bc-4728-8eea-52acf8983738,2026-06-26T19:15:00Z,2026-06-26T21:15:00+0200,2804.55,MW,FR,FR,actual_onshore_wind_generation,Wind Onshore,2026-07-17T04:55:04Z
2026-07-17T04:54:16Z,2026-07-17T06:54:16+0200,4e64d4d3-e4bc-4728-8eea-52acf8983738,2026-06-26T19:30:00Z,2026-06-26T21:30:00+0200,2881.66,MW,FR,FR,actual_onshore_wind_generation,Wind Onshore,2026-07-17T04:55:04Z
2026-07-17T04:54:16Z,2026-07-17T06:54:16+0200,4e64d4d3-e4bc-4728-8eea-52acf8983738,2026-06-26T19:45:00Z,2026-06-26T21:45:00+0200,2951.35,MW,FR,FR,actual_onshore_wind_generation,Wind Onshore,2026-07-17T04:55:04Z
2026-07-17T04:54:16Z,2026-07-17T06:54:16+0200,4e64d4d3-e4bc-4728-8eea-52acf8983738,2026-06-26T20:00:00Z,2026-06-26T22:00:00+0200,2945.11,MW,FR,FR,actual_onshore_wind_generation,Wind Onshore,2026-07-17T04:55:04Z
2026-07-17T04:54:16Z,2026-07-17T06:54:16+0200,4e64d4d3-e4bc-4728-8eea-52acf8983738,2026-06-26T20:15:00Z,2026-06-26T22:15:00+0200,2997.4,MW,FR,FR,actual_onshore_wind_generation,Wind Onshore,2026-07-17T04:55:04Z
2026-07-17T04:54:16Z,2026-07-17T06:54:16+0200,4e64d4d3-e4bc-4728-8eea-52acf8983738,2026-06-26T20:30:00Z,2026-06-26T22:30:00+0200,3086.9,MW,FR,FR,actual_onshore_wind_generation,Wind Onshore,2026-07-17T04:55:04Z
2026-07-17T04:54:16Z,2026-07-17T06:54:16+0200,4e64d4d3-e4bc-4728-8eea-52acf8983738,2026-06-26T20:45:00Z,2026-06-26T22:45:00+0200,3224.97,MW,FR,FR,actual_onshore_wind_generation,Wind Onshore,2026-07-17T04:55:04Z
2026-07-17T04:54:16Z,2026-07-17T06:54:16+0200,4e64d4d3-e4bc-4728-8eea-52acf8983738,2026-06-26T21:00:00Z,2026-06-26T23:00:00+0200,3405.79,MW,FR,FR,actual_onshore_wind_generation,Wind Onshore,2026-07-17T04:55:04Z
2026-07-17T04:54:16Z,2026-07-17T06:54:16+0200,4e64d4d3-e4bc-4728-8eea-52acf8983738,2026-06-26T21:15:00Z,2026-06-26T23:15:00+0200,3589.04,MW,FR,FR,actual_onshore_wind_generation,Wind Onshore,2026-07-17T04:55:04Z
2026-07-17T04:54:16Z,2026-07-17T06:54:16+0200,4e64d4d3-e4bc-4728-8eea-52acf8983738,2026-06-26T21:30:00Z,2026-06-26T23:30:00+0200,3665.94,MW,FR,FR,actual_onshore_wind_generation,Wind Onshore,2026-07-17T04:55:04Z
2026-07-17T04:54:16Z,2026-07-17T06:54:16+0200,4e64d4d3-e4bc-4728-8eea-52acf8983738,2026-06-26T21:45:00Z,2026-06-26T23:45:00+0200,3703.14,MW,FR,FR,actual_onshore_wind_generation,Wind Onshore,2026-07-17T04:55:04Z
2026-07-17T04:54:16Z,2026-07-17T06:54:16+0200,4e64d4d3-e4bc-4728-8eea-52acf8983738,2026-06-26T22:00:00Z,2026-06-27T00:00:00+0200,3739.35,MW,FR,FR,actual_onshore_wind_generation,Wind Onshore,2026-07-17T04:55:04Z
2026-07-17T04:54:16Z,2026-07-17T06:54:16+0200,4e64d4d3-e4bc-4728-8eea-52acf8983738,2026-06-26T22:15:00Z,2026-06-27T00:15:00+0200,3848.78,MW,FR,FR,actual_onshore_wind_generation,Wind Onshore,2026-07-17T04:55:04Z
2026-07-17T04:54:16Z,2026-07-17T06:54:16+0200,4e64d4d3-e4bc-4728-8eea-52acf8983738,2026-06-26T22:30:00Z,2026-06-27T00:30:00+0200,3897.64,MW,FR,FR,actual_onshore_wind_generation,Wind Onshore,2026-07-17T04:55:04Z
2026-07-17T04:54:16Z,2026-07-17T06:54:16+0200,4e64d4d3-e4bc-4728-8eea-52acf8983738,2026-06-26T22:45:00Z,2026-06-27T00:45:00+0200,3845.82,MW,FR,FR,actual_onshore_wind_generation,Wind Onshore,2026-07-17T04:55:04Z
2026-07-17T04:54:16Z,2026-07-17T06:54:16+0200,4e64d4d3-e4bc-4728-8eea-52acf8983738,2026-06-26T23:00:00Z,2026-06-27T01:00:00+0200,3727.9,MW,FR,FR,actual_onshore_wind_generation,Wind Onshore,2026-07-17T04:55:04Z
2026-07-17T04:54:16Z,2026-07-17T06:54:16+0200,4e64d4d3-e4bc-4728-8eea-52acf8983738,2026-06-26T23:15:00Z,2026-06-27T01:15:00+0200,3557.5,MW,FR,FR,actual_onshore_wind_generation,Wind Onshore,2026-07-17T04:55:04Z
2026-07-17T04:54:16Z,2026-07-17T06:54:16+0200,4e64d4d3-e4bc-4728-8eea-52acf8983738,2026-06-26T23:30:00Z,2026-06-27T01:30:00+0200,3387.5,MW,FR,FR,actual_onshore_wind_generation,Wind Onshore,2026-07-17T04:55:04Z
2026-07-17T04:54:16Z,2026-07-17T06:54:16+0200,4e64d4d3-e4bc-4728-8eea-52acf8983738,2026-06-26T23:45:00Z,2026-06-27T01:45:00+0200,3214.03,MW,FR,FR,actual_onshore_wind_generation,Wind Onshore,2026-07-17T04:55:04Z
2026-07-17T04:54:16Z,2026-07-17T06:54:16+0200,4e64d4d3-e4bc-4728-8eea-52acf8983738,2026-06-27T00:00:00Z,2026-06-27T02:00:00+0200,3082.59,MW,FR,FR,actual_onshore_wind_generation,Wind Onshore,2026-07-17T04:55:04Z
2026-07-17T04:54:16Z,2026-07-17T06:54:16+0200,4e64d4d3-e4bc-4728-8eea-52acf8983738,2026-06-27T00:15:00Z,2026-06-27T02:15:00+0200,2925.82,MW,FR,FR,actual_onshore_wind_generation,Wind Onshore,2026-07-17T04:55:04Z
2026-07-17T04:54:16Z,2026-07-17T06:54:16+0200,4e64d4d3-e4bc-4728-8eea-52acf8983738,2026-06-27T00:30:00Z,2026-06-27T02:30:00+0200,2854.99,MW,FR,FR,actual_onshore_wind_generation,Wind Onshore,2026-07-17T04:55:04Z
2026-07-17T04:54:16Z,2026-07-17T06:54:16+0200,4e64d4d3-e4bc-4728-8eea-52acf8983738,2026-06-27T00:45:00Z,2026-06-27T02:45:00+0200,2762.0,MW,FR,FR,actual_onshore_wind_generation,Wind Onshore,2026-07-17T04:55:04Z
2026-07-17T04:54:16Z,2026-07-17T06:54:16+0200,4e64d4d3-e4bc-4728-8eea-52acf8983738,2026-06-27T01:00:00Z,2026-06-27T03:00:00+0200,2671.27,MW,FR,FR,actual_onshore_wind_generation,Wind Onshore,2026-07-17T04:55:04Z
2026-07-17T04:54:16Z,2026-07-17T06:54:16+0200,4e64d4d3-e4bc-4728-8eea-52acf8983738,2026-06-27T01:15:00Z,2026-06-27T03:15:00+0200,2643.08,MW,FR,FR,actual_onshore_wind_generation,Wind Onshore,2026-07-17T04:55:04Z
2026-07-17T04:54:16Z,2026-07-17T06:54:16+0200,4e64d4d3-e4bc-4728-8eea-52acf8983738,2026-06-27T01:30:00Z,2026-06-27T03:30:00+0200,2638.01,MW,FR,FR,actual_onshore_wind_generation,Wind Onshore,2026-07-17T04:55:04Z
2026-07-17T04:54:16Z,2026-07-17T06:54:16+0200,4e64d4d3-e4bc-4728-8eea-52acf8983738,2026-06-27T01:45:00Z,2026-06-27T03:45:00+0200,2684.26,MW,FR,FR,actual_onshore_wind_generation,Wind Onshore,2026-07-17T04:55:04Z
2026-07-17T04:54:16Z,2026-07-17T06:54:16+0200,4e64d4d3-e4bc-4728-8eea-52acf8983738,2026-06-27T02:00:00Z,2026-06-27T04:00:00+0200,2737.87,MW,FR,FR,actual_onshore_wind_generation,Wind Onshore,2026-07-17T04:55:04Z
2026-07-17T04:54:16Z,2026-07-17T06:54:16+0200,4e64d4d3-e4bc-4728-8eea-52acf8983738,2026-06-27T02:15:00Z,2026-06-27T04:15:00+0200,2810.8,MW,FR,FR,actual_onshore_wind_generation,Wind Onshore,2026-07-17T04:55:04Z
2026-07-17T04:54:16Z,2026-07-17T06:54:16+0200,4e64d4d3-e4bc-4728-8eea-52acf8983738,2026-06-27T02:30:00Z,2026-06-27T04:30:00+0200,2971.7,MW,FR,FR,actual_onshore_wind_generation,Wind Onshore,2026-07-17T04:55:04Z
2026-07-17T04:54:16Z,2026-07-17T06:54:16+0200,4e64d4d3-e4bc-4728-8eea-52acf8983738,2026-06-27T02:45:00Z,2026-06-27T04:45:00+0200,3138.85,MW,FR,FR,actual_onshore_wind_generation,Wind Onshore,2026-07-17T04:55:04Z
2026-07-17T04:54:16Z,2026-07-17T06:54:16+0200,4e64d4d3-e4bc-4728-8eea-52acf8983738,2026-06-27T03:00:00Z,2026-06-27T05:00:00+0200,3309.81,MW,FR,FR,actual_onshore_wind_generation,Wind Onshore,2026-07-17T04:55:04Z
2026-07-17T04:54:16Z,2026-07-17T06:54:16+0200,4e64d4d3-e4bc-4728-8eea-52acf8983738,2026-06-27T03:15:00Z,2026-06-27T05:15:00+0200,3447.78,MW,FR,FR,actual_onshore_wind_generation,Wind Onshore,2026-07-17T04:55:04Z
2026-07-17T04:54:16Z,2026-07-17T06:54:16+0200,4e64d4d3-e4bc-4728-8eea-52acf8983738,2026-06-27T03:30:00Z,2026-06-27T05:30:00+0200,3557.37,MW,FR,FR,actual_onshore_wind_generation,Wind Onshore,2026-07-17T04:55:04Z
2026-07-17T04:54:16Z,2026-07-17T06:54:16+0200,4e64d4d3-e4bc-4728-8eea-52acf8983738,2026-06-27T03:45:00Z,2026-06-27T05:45:00+0200,3675.77,MW,FR,FR,actual_onshore_wind_generation,Wind Onshore,2026-07-17T04:55:04Z
2026-07-17T04:54:16Z,2026-07-17T06:54:16+0200,4e64d4d3-e4bc-4728-8eea-52acf8983738,2026-06-27T04:00:00Z,2026-06-27T06:00:00+0200,3721.81,MW,FR,FR,actual_onshore_wind_generation,Wind Onshore,2026-07-17T04:55:04Z
2026-07-17T04:54:16Z,2026-07-17T06:54:16+0200,4e64d4d3-e4bc-4728-8eea-52acf8983738,2026-06-27T04:15:00Z,2026-06-27T06:15:00+0200,3698.83,MW,FR,FR,actual_onshore_wind_generation,Wind Onshore,2026-07-17T04:55:04Z
2026-07-17T04:54:16Z,2026-07-17T06:54:16+0200,4e64d4d3-e4bc-4728-8eea-52acf8983738,2026-06-27T04:30:00Z,2026-06-27T06:30:00+0200,3707.11,MW,FR,FR,actual_onshore_wind_generation,Wind Onshore,2026-07-17T04:55:04Z
2026-07-17T04:54:16Z,2026-07-17T06:54:16+0200,4e64d4d3-e4bc-4728-8eea-52acf8983738,2026-06-27T04:45:00Z,2026-06-27T06:45:00+0200,3739.88,MW,FR,FR,actual_onshore_wind_generation,Wind Onshore,2026-07-17T04:55:04Z
2026-07-17T04:54:16Z,2026-07-17T06:54:16+0200,4e64d4d3-e4bc-4728-8eea-52acf8983738,2026-06-27T05:00:00Z,2026-06-27T07:00:00+0200,3878.16,MW,FR,FR,actual_onshore_wind_generation,Wind Onshore,2026-07-17T04:55:04Z
2026-07-17T04:54:16Z,2026-07-17T06:54:16+0200,4e64d4d3-e4bc-4728-8eea-52acf8983738,2026-06-27T05:15:00Z,2026-06-27T07:15:00+0200,3948.98,MW,FR,FR,actual_onshore_wind_generation,Wind Onshore,2026-07-17T04:55:04Z
2026-07-17T04:54:16Z,2026-07-17T06:54:16+0200,4e64d4d3-e4bc-4728-8eea-52acf8983738,2026-06-27T05:30:00Z,2026-06-27T07:30:00+0200,3992.56,MW,FR,FR,actual_onshore_wind_generation,Wind Onshore,2026-07-17T04:55:04Z
2026-07-17T04:54:16Z,2026-07-17T06:54:16+0200,4e64d4d3-e4bc-4728-8eea-52acf8983738,2026-06-27T05:45:00Z,2026-06-27T07:45:00+0200,4009.22,MW,FR,FR,actual_onshore_wind_generation,Wind Onshore,2026-07-17T04:55:04Z
2026-07-17T04:54:16Z,2026-07-17T06:54:16+0200,4e64d4d3-e4bc-4728-8eea-52acf8983738,2026-06-27T06:00:00Z,2026-06-27T08:00:00+0200,3828.41,MW,FR,FR,actual_onshore_wind_generation,Wind Onshore,2026-07-17T04:55:04Z
2026-07-17T04:54:16Z,2026-07-17T06:54:16+0200,4e64d4d3-e4bc-4728-8eea-52acf8983738,2026-06-27T06:15:00Z,2026-06-27T08:15:00+0200,3636.65,MW,FR,FR,actual_onshore_wind_generation,Wind Onshore,2026-07-17T04:55:04Z
2026-07-17T04:54:16Z,2026-07-17T06:54:16+0200,4e64d4d3-e4bc-4728-8eea-52acf8983738,2026-06-27T06:30:00Z,2026-06-27T08:30:00+0200,3531.3,MW,FR,FR,actual_onshore_wind_generation,Wind Onshore,2026-07-17T04:55:04Z
2026-07-17T04:54:16Z,2026-07-17T06:54:16+0200,4e64d4d3-e4bc-4728-8eea-52acf8983738,2026-06-27T06:45:00Z,2026-06-27T08:45:00+0200,3263.5,MW,FR,FR,actual_onshore_wind_generation,Wind Onshore,2026-07-17T04:55:04Z
2026-07-17T04:54:16Z,2026-07-17T06:54:16+0200,4e64d4d3-e4bc-4728-8eea-52acf8983738,2026-06-27T07:00:00Z,2026-06-27T09:00:00+0200,2985.69,MW,FR,FR,actual_onshore_wind_generation,Wind Onshore,2026-07-17T04:55:04Z
2026-07-17T04:54:16Z,2026-07-17T06:54:16+0200,4e64d4d3-e4bc-4728-8eea-52acf8983738,2026-06-27T07:15:00Z,2026-06-27T09:15:00+0200,2831.51,MW,FR,FR,actual_onshore_wind_generation,Wind Onshore,2026-07-17T04:55:04Z
2026-07-17T04:54:16Z,2026-07-17T06:54:16+0200,4e64d4d3-e4bc-4728-8eea-52acf8983738,2026-06-27T07:30:00Z,2026-06-27T09:30:00+0200,2784.86,MW,FR,FR,actual_onshore_wind_generation,Wind Onshore,2026-07-17T04:55:04Z
2026-07-17T04:54:16Z,2026-07-17T06:54:16+0200,4e64d4d3-e4bc-4728-8eea-52acf8983738,2026-06-27T07:45:00Z,2026-06-27T09:45:00+0200,2776.19,MW,FR,FR,actual_onshore_wind_generation,Wind Onshore,2026-07-17T04:55:04Z
2026-07-17T04:54:16Z,2026-07-17T06:54:16+0200,4e64d4d3-e4bc-4728-8eea-52acf8983738,2026-06-27T08:00:00Z,2026-06-27T10:00:00+0200,2751.91,MW,FR,FR,actual_onshore_wind_generation,Wind Onshore,2026-07-17T04:55:04Z
2026-07-17T04:54:16Z,2026-07-17T06:54:16+0200,4e64d4d3-e4bc-4728-8eea-52acf8983738,2026-06-27T08:15:00Z,2026-06-27T10:15:00+0200,2711.62,MW,FR,FR,actual_onshore_wind_generation,Wind Onshore,2026-07-17T04:55:04Z
2026-07-17T04:54:16Z,2026-07-17T06:54:16+0200,4e64d4d3-e4bc-4728-8eea-52acf8983738,2026-06-27T08:30:00Z,2026-06-27T10:30:00+0200,2749.43,MW,FR,FR,actual_onshore_wind_generation,Wind Onshore,2026-07-17T04:55:04Z
2026-07-17T04:54:16Z,2026-07-17T06:54:16+0200,4e64d4d3-e4bc-4728-8eea-52acf8983738,2026-06-27T08:45:00Z,2026-06-27T10:45:00+0200,2784.9,MW,FR,FR,actual_onshore_wind_generation,Wind Onshore,2026-07-17T04:55:04Z
2026-07-17T04:54:16Z,2026-07-17T06:54:16+0200,4e64d4d3-e4bc-4728-8eea-52acf8983738,2026-06-27T09:00:00Z,2026-06-27T11:00:00+0200,2849.36,MW,FR,FR,actual_onshore_wind_generation,Wind Onshore,2026-07-17T04:55:04Z
2026-07-17T04:54:16Z,2026-07-17T06:54:16+0200,4e64d4d3-e4bc-4728-8eea-52acf8983738,2026-06-27T09:15:00Z,2026-06-27T11:15:00+0200,2905.9,MW,FR,FR,actual_onshore_wind_generation,Wind Onshore,2026-07-17T04:55:04Z
2026-07-17T04:54:16Z,2026-07-17T06:54:16+0200,4e64d4d3-e4bc-4728-8eea-52acf8983738,2026-06-27T09:30:00Z,2026-06-27T11:30:00+0200,2950.63,MW,FR,FR,actual_onshore_wind_generation,Wind Onshore,2026-07-17T04:55:04Z
2026-07-17T04:54:16Z,2026-07-17T06:54:16+0200,4e64d4d3-e4bc-4728-8eea-52acf8983738,2026-06-27T09:45:00Z,2026-06-27T11:45:00+0200,2915.47,MW,FR,FR,actual_onshore_wind_generation,Wind Onshore,2026-07-17T04:55:04Z
2026-07-17T04:54:16Z,2026-07-17T06:54:16+0200,4e64d4d3-e4bc-4728-8eea-52acf8983738,2026-06-27T10:00:00Z,2026-06-27T12:00:00+0200,2814.56,MW,FR,FR,actual_onshore_wind_generation,Wind Onshore,2026-07-17T04:55:04Z
2026-07-17T04:54:16Z,2026-07-17T06:54:16+0200,4e64d4d3-e4bc-4728-8eea-52acf8983738,2026-06-27T10:15:00Z,2026-06-27T12:15:00+0200,2614.56,MW,FR,FR,actual_onshore_wind_generation,Wind Onshore,2026-07-17T04:55:04Z
2026-07-17T04:54:16Z,2026-07-17T06:54:16+0200,4e64d4d3-e4bc-4728-8eea-52acf8983738,2026-06-27T10:30:00Z,2026-06-27T12:30:00+0200,2438.06,MW,FR,FR,actual_onshore_wind_generation,Wind Onshore,2026-07-17T04:55:04Z
2026-07-17T04:54:16Z,2026-07-17T06:54:16+0200,4e64d4d3-e4bc-4728-8eea-52acf8983738,2026-06-27T10:45:00Z,2026-06-27T12:45:00+0200,2324.79,MW,FR,FR,actual_onshore_wind_generation,Wind Onshore,2026-07-17T04:55:04Z
2026-07-17T04:54:16Z,2026-07-17T06:54:16+0200,4e64d4d3-e4bc-4728-8eea-52acf8983738,2026-06-27T11:00:00Z,2026-06-27T13:00:00+0200,2231.79,MW,FR,FR,actual_onshore_wind_generation,Wind Onshore,2026-07-17T04:55:04Z
2026-07-17T04:54:16Z,2026-07-17T06:54:16+0200,4e64d4d3-e4bc-4728-8eea-52acf8983738,2026-06-27T11:15:00Z,2026-06-27T13:15:00+0200,2183.56,MW,FR,FR,actual_onshore_wind_generation,Wind Onshore,2026-07-17T04:55:04Z
2026-07-17T04:54:16Z,2026-07-17T06:54:16+0200,4e64d4d3-e4bc-4728-8eea-52acf8983738,2026-06-27T11:30:00Z,2026-06-27T13:30:00+0200,2151.13,MW,FR,FR,actual_onshore_wind_generation,Wind Onshore,2026-07-17T04:55:04Z
2026-07-17T04:54:16Z,2026-07-17T06:54:16+0200,4e64d4d3-e4bc-4728-8eea-52acf8983738,2026-06-27T11:45:00Z,2026-06-27T13:45:00+0200,2166.5,MW,FR,FR,actual_onshore_wind_generation,Wind Onshore,2026-07-17T04:55:04Z
2026-07-17T04:54:16Z,2026-07-17T06:54:16+0200,4e64d4d3-e4bc-4728-8eea-52acf8983738,2026-06-27T12:00:00Z,2026-06-27T14:00:00+0200,2227.85,MW,FR,FR,actual_onshore_wind_generation,Wind Onshore,2026-07-17T04:55:04Z
2026-07-17T04:54:16Z,2026-07-17T06:54:16+0200,4e64d4d3-e4bc-4728-8eea-52acf8983738,2026-06-27T12:15:00Z,2026-06-27T14:15:00+0200,2214.7,MW,FR,FR,actual_onshore_wind_generation,Wind Onshore,2026-07-17T04:55:04Z
2026-07-17T04:54:16Z,2026-07-17T06:54:16+0200,4e64d4d3-e4bc-4728-8eea-52acf8983738,2026-06-27T12:30:00Z,2026-06-27T14:30:00+0200,2183.67,MW,FR,FR,actual_onshore_wind_generation,Wind Onshore,2026-07-17T04:55:04Z
2026-07-17T04:54:16Z,2026-07-17T06:54:16+0200,4e64d4d3-e4bc-4728-8eea-52acf8983738,2026-06-27T12:45:00Z,2026-06-27T14:45:00+0200,2259.03,MW,FR,FR,actual_onshore_wind_generation,Wind Onshore,2026-07-17T04:55:04Z
2026-07-17T04:54:16Z,2026-07-17T06:54:16+0200,4e64d4d3-e4bc-4728-8eea-52acf8983738,2026-06-27T13:00:00Z,2026-06-27T15:00:00+0200,2291.79,MW,FR,FR,actual_onshore_wind_generation,Wind Onshore,2026-07-17T04:55:04Z
2026-07-17T04:54:16Z,2026-07-17T06:54:16+0200,4e64d4d3-e4bc-4728-8eea-52acf8983738,2026-06-27T13:15:00Z,2026-06-27T15:15:00+0200,2302.89,MW,FR,FR,actual_onshore_wind_generation,Wind Onshore,2026-07-17T04:55:04Z
2026-07-17T04:54:16Z,2026-07-17T06:54:16+0200,4e64d4d3-e4bc-4728-8eea-52acf8983738,2026-06-27T13:30:00Z,2026-06-27T15:30:00+0200,2342.46,MW,FR,FR,actual_onshore_wind_generation,Wind Onshore,2026-07-17T04:55:04Z
2026-07-17T04:54:16Z,2026-07-17T06:54:16+0200,4e64d4d3-e4bc-4728-8eea-52acf8983738,2026-06-27T13:45:00Z,2026-06-27T15:45:00+0200,2378.04,MW,FR,FR,actual_onshore_wind_generation,Wind Onshore,2026-07-17T04:55:04Z
2026-07-17T04:54:16Z,2026-07-17T06:54:16+0200,4e64d4d3-e4bc-4728-8eea-52acf8983738,2026-06-27T14:00:00Z,2026-06-27T16:00:00+0200,2382.11,MW,FR,FR,actual_onshore_wind_generation,Wind Onshore,2026-07-17T04:55:04Z
2026-07-17T04:54:16Z,2026-07-17T06:54:16+0200,4e64d4d3-e4bc-4728-8eea-52acf8983738,2026-06-27T14:15:00Z,2026-06-27T16:15:00+0200,2386.06,MW,FR,FR,actual_onshore_wind_generation,Wind Onshore,2026-07-17T04:55:04Z
2026-07-17T04:54:16Z,2026-07-17T06:54:16+0200,4e64d4d3-e4bc-4728-8eea-52acf8983738,2026-06-27T14:30:00Z,2026-06-27T16:30:00+0200,2354.22,MW,FR,FR,actual_onshore_wind_generation,Wind Onshore,2026-07-17T04:55:04Z
2026-07-17T04:54:16Z,2026-07-17T06:54:16+0200,4e64d4d3-e4bc-4728-8eea-52acf8983738,2026-06-27T14:45:00Z,2026-06-27T16:45:00+0200,2445.13,MW,FR,FR,actual_onshore_wind_generation,Wind Onshore,2026-07-17T04:55:04Z
2026-07-17T04:54:16Z,2026-07-17T06:54:16+0200,4e64d4d3-e4bc-4728-8eea-52acf8983738,2026-06-27T15:00:00Z,2026-06-27T17:00:00+0200,2512.25,MW,FR,FR,actual_onshore_wind_generation,Wind Onshore,2026-07-17T04:55:04Z
2026-07-17T04:54:16Z,2026-07-17T06:54:16+0200,4e64d4d3-e4bc-4728-8eea-52acf8983738,2026-06-27T15:15:00Z,2026-06-27T17:15:00+0200,2602.8,MW,FR,FR,actual_onshore_wind_generation,Wind Onshore,2026-07-17T04:55:04Z
2026-07-17T04:54:16Z,2026-07-17T06:54:16+0200,4e64d4d3-e4bc-4728-8eea-52acf8983738,2026-06-27T15:30:00Z,2026-06-27T17:30:00+0200,2651.0,MW,FR,FR,actual_onshore_wind_generation,Wind Onshore,2026-07-17T04:55:04Z
2026-07-17T04:54:16Z,2026-07-17T06:54:16+0200,4e64d4d3-e4bc-4728-8eea-52acf8983738,2026-06-27T15:45:00Z,2026-06-27T17:45:00+0200,2697.63,MW,FR,FR,actual_onshore_wind_generation,Wind Onshore,2026-07-17T04:55:04Z
2026-07-17T04:54:16Z,2026-07-17T06:54:16+0200,4e64d4d3-e4bc-4728-8eea-52acf8983738,2026-06-27T16:00:00Z,2026-06-27T18:00:00+0200,2714.07,MW,FR,FR,actual_onshore_wind_generation,Wind Onshore,2026-07-17T04:55:04Z
2026-07-17T04:54:16Z,2026-07-17T06:54:16+0200,4e64d4d3-e4bc-4728-8eea-52acf8983738,2026-06-27T16:15:00Z,2026-06-27T18:15:00+0200,2730.14,MW,FR,FR,actual_onshore_wind_generation,Wind Onshore,2026-07-17T04:55:04Z
2026-07-17T04:54:16Z,2026-07-17T06:54:16+0200,4e64d4d3-e4bc-4728-8eea-52acf8983738,2026-06-27T16:30:00Z,2026-06-27T18:30:00+0200,2822.81,MW,FR,FR,actual_onshore_wind_generation,Wind Onshore,2026-07-17T04:55:04Z
2026-07-17T04:54:16Z,2026-07-17T06:54:16+0200,4e64d4d3-e4bc-4728-8eea-52acf8983738,2026-06-27T16:45:00Z,2026-06-27T18:45:00+0200,2845.39,MW,FR,FR,actual_onshore_wind_generation,Wind Onshore,2026-07-17T04:55:04Z
2026-07-17T04:54:16Z,2026-07-17T06:54:16+0200,4e64d4d3-e4bc-4728-8eea-52acf8983738,2026-06-27T17:00:00Z,2026-06-27T19:00:00+0200,2884.69,MW,FR,FR,actual_onshore_wind_generation,Wind Onshore,2026-07-17T04:55:04Z
2026-07-17T04:54:16Z,2026-07-17T06:54:16+0200,4e64d4d3-e4bc-4728-8eea-52acf8983738,2026-06-27T17:15:00Z,2026-06-27T19:15:00+0200,2881.15,MW,FR,FR,actual_onshore_wind_generation,Wind Onshore,2026-07-17T04:55:04Z
2026-07-17T04:54:16Z,2026-07-17T06:54:16+0200,4e64d4d3-e4bc-4728-8eea-52acf8983738,2026-06-27T17:30:00Z,2026-06-27T19:30:00+0200,2851.66,MW,FR,FR,actual_onshore_wind_generation,Wind Onshore,2026-07-17T04:55:04Z
2026-07-17T04:54:16Z,2026-07-17T06:54:16+0200,4e64d4d3-e4bc-4728-8eea-52acf8983738,2026-06-27T17:45:00Z,2026-06-27T19:45:00+0200,2879.32,MW,FR,FR,actual_onshore_wind_generation,Wind Onshore,2026-07-17T04:55:04Z
2026-07-17T04:54:16Z,2026-07-17T06:54:16+0200,4e64d4d3-e4bc-4728-8eea-52acf8983738,2026-06-27T18:00:00Z,2026-06-27T20:00:00+0200,3057.78,MW,FR,FR,actual_onshore_wind_generation,Wind Onshore,2026-07-17T04:55:04Z
2026-07-17T04:54:16Z,2026-07-17T06:54:16+0200,4e64d4d3-e4bc-4728-8eea-52acf8983738,2026-06-27T18:15:00Z,2026-06-27T20:15:00+0200,3185.48,MW,FR,FR,actual_onshore_wind_generation,Wind Onshore,2026-07-17T04:55:04Z
2026-07-17T04:54:16Z,2026-07-17T06:54:16+0200,4e64d4d3-e4bc-4728-8eea-52acf8983738,2026-06-27T18:30:00Z,2026-06-27T20:30:00+0200,3287.51,MW,FR,FR,actual_onshore_wind_generation,Wind Onshore,2026-07-17T04:55:04Z
2026-07-17T04:54:16Z,2026-07-17T06:54:16+0200,4e64d4d3-e4bc-4728-8eea-52acf8983738,2026-06-27T18:45:00Z,2026-06-27T20:45:00+0200,3256.97,MW,FR,FR,actual_onshore_wind_generation,Wind Onshore,2026-07-17T04:55:04Z
2026-07-17T04:54:16Z,2026-07-17T06:54:16+0200,4e64d4d3-e4bc-4728-8eea-52acf8983738,2026-06-27T19:00:00Z,2026-06-27T21:00:00+0200,3250.67,MW,FR,FR,actual_onshore_wind_generation,Wind Onshore,2026-07-17T04:55:04Z
2026-07-17T04:54:16Z,2026-07-17T06:54:16+0200,4e64d4d3-e4bc-4728-8eea-52acf8983738,2026-06-27T19:15:00Z,2026-06-27T21:15:00+0200,3307.37,MW,FR,FR,actual_onshore_wind_generation,Wind Onshore,2026-07-17T04:55:04Z
2026-07-17T04:54:16Z,2026-07-17T06:54:16+0200,4e64d4d3-e4bc-4728-8eea-52acf8983738,2026-06-27T19:30:00Z,2026-06-27T21:30:00+0200,3266.4,MW,FR,FR,actual_onshore_wind_generation,Wind Onshore,2026-07-17T04:55:04Z
2026-07-17T04:54:16Z,2026-07-17T06:54:16+0200,4e64d4d3-e4bc-4728-8eea-52acf8983738,2026-06-27T19:45:00Z,2026-06-27T21:45:00+0200,3244.9,MW,FR,FR,actual_onshore_wind_generation,Wind Onshore,2026-07-17T04:55:04Z
2026-07-17T04:54:16Z,2026-07-17T06:54:16+0200,4e64d4d3-e4bc-4728-8eea-52acf8983738,2026-06-27T20:00:00Z,2026-06-27T22:00:00+0200,3034.52,MW,FR,FR,actual_onshore_wind_generation,Wind Onshore,2026-07-17T04:55:04Z
2026-07-17T04:54:16Z,2026-07-17T06:54:16+0200,4e64d4d3-e4bc-4728-8eea-52acf8983738,2026-06-27T20:15:00Z,2026-06-27T22:15:00+0200,3146.9,MW,FR,FR,actual_onshore_wind_generation,Wind Onshore,2026-07-17T04:55:04Z
2026-07-17T04:54:16Z,2026-07-17T06:54:16+0200,4e64d4d3-e4bc-4728-8eea-52acf8983738,2026-06-27T20:30:00Z,2026-06-27T22:30:00+0200,3241.82,MW,FR,FR,actual_onshore_wind_generation,Wind Onshore,2026-07-17T04:55:04Z
2026-07-17T04:54:16Z,2026-07-17T06:54:16+0200,4e64d4d3-e4bc-4728-8eea-52acf8983738,2026-06-27T20:45:00Z,2026-06-27T22:45:00+0200,3039.05,MW,FR,FR,actual_onshore_wind_generation,Wind Onshore,2026-07-17T04:55:04Z
2026-07-17T04:54:16Z,2026-07-17T06:54:16+0200,4e64d4d3-e4bc-4728-8eea-52acf8983738,2026-06-27T21:00:00Z,2026-06-27T23:00:00+0200,2959.88,MW,FR,FR,actual_onshore_wind_generation,Wind Onshore,2026-07-17T04:55:04Z
2026-07-17T04:54:16Z,2026-07-17T06:54:16+0200,4e64d4d3-e4bc-4728-8eea-52acf8983738,2026-06-27T21:15:00Z,2026-06-27T23:15:00+0200,3174.54,MW,FR,FR,actual_onshore_wind_generation,Wind Onshore,2026-07-17T04:55:04Z
2026-07-17T04:54:16Z,2026-07-17T06:54:16+0200,4e64d4d3-e4bc-4728-8eea-52acf8983738,2026-06-27T21:30:00Z,2026-06-27T23:30:00+0200,3479.73,MW,FR,FR,actual_onshore_wind_generation,Wind Onshore,2026-07-17T04:55:04Z
2026-07-17T04:54:16Z,2026-07-17T06:54:16+0200,4e64d4d3-e4bc-4728-8eea-52acf8983738,2026-06-27T21:45:00Z,2026-06-27T23:45:00+0200,3454.1,MW,FR,FR,actual_onshore_wind_generation,Wind Onshore,2026-07-17T04:55:04Z
2026-07-17T04:54:16Z,2026-07-17T06:54:16+0200,4e64d4d3-e4bc-4728-8eea-52acf8983738,2026-06-27T22:00:00Z,2026-06-28T00:00:00+0200,3665.69,MW,FR,FR,actual_onshore_wind_generation,Wind Onshore,2026-07-17T04:55:04Z
2026-07-17T04:54:16Z,2026-07-17T06:54:16+0200,4e64d4d3-e4bc-4728-8eea-52acf8983738,2026-06-27T22:15:00Z,2026-06-28T00:15:00+0200,4075.04,MW,FR,FR,actual_onshore_wind_generation,Wind Onshore,2026-07-17T04:55:04Z
2026-07-17T04:54:16Z,2026-07-17T06:54:16+0200,4e64d4d3-e4bc-4728-8eea-52acf8983738,2026-06-27T22:30:00Z,2026-06-28T00:30:00+0200,4033.08,MW,FR,FR,actual_onshore_wind_generation,Wind Onshore,2026-07-17T04:55:04Z
2026-07-17T04:54:16Z,2026-07-17T06:54:16+0200,4e64d4d3-e4bc-4728-8eea-52acf8983738,2026-06-27T22:45:00Z,2026-06-28T00:45:00+0200,4096.38,MW,FR,FR,actual_onshore_wind_generation,Wind Onshore,2026-07-17T04:55:04Z
2026-07-17T04:54:16Z,2026-07-17T06:54:16+0200,4e64d4d3-e4bc-4728-8eea-52acf8983738,2026-06-27T23:00:00Z,2026-06-28T01:00:00+0200,3675.77,MW,FR,FR,actual_onshore_wind_generation,Wind Onshore,2026-07-17T04:55:04Z
2026-07-17T04:54:16Z,2026-07-17T06:54:16+0200,4e64d4d3-e4bc-4728-8eea-52acf8983738,2026-06-27T23:15:00Z,2026-06-28T01:15:00+0200,3486.67,MW,FR,FR,actual_onshore_wind_generation,Wind Onshore,2026-07-17T04:55:04Z
2026-07-17T04:54:16Z,2026-07-17T06:54:16+0200,4e64d4d3-e4bc-4728-8eea-52acf8983738,2026-06-27T23:30:00Z,2026-06-28T01:30:00+0200,3607.01,MW,FR,FR,actual_onshore_wind_generation,Wind Onshore,2026-07-17T04:55:04Z
2026-07-17T04:54:16Z,2026-07-17T06:54:16+0200,4e64d4d3-e4bc-4728-8eea-52acf8983738,2026-06-27T23:45:00Z,2026-06-28T01:45:00+0200,3902.73,MW,FR,FR,actual_onshore_wind_generation,Wind Onshore,2026-07-17T04:55:04Z
2026-07-17T04:54:16Z,2026-07-17T06:54:16+0200,4e64d4d3-e4bc-4728-8eea-52acf8983738,2026-06-28T00:00:00Z,2026-06-28T02:00:00+0200,3816.43,MW,FR,FR,actual_onshore_wind_generation,Wind Onshore,2026-07-17T04:55:04Z
2026-07-17T04:54:16Z,2026-07-17T06:54:16+0200,4e64d4d3-e4bc-4728-8eea-52acf8983738,2026-06-28T00:15:00Z,2026-06-28T02:15:00+0200,3453.34,MW,FR,FR,actual_onshore_wind_generation,Wind Onshore,2026-07-17T04:55:04Z
2026-07-17T04:54:16Z,2026-07-17T06:54:16+0200,4e64d4d3-e4bc-4728-8eea-52acf8983738,2026-06-28T00:30:00Z,2026-06-28T02:30:00+0200,3117.33,MW,FR,FR,actual_onshore_wind_generation,Wind Onshore,2026-07-17T04:55:04Z
2026-07-17T04:54:16Z,2026-07-17T06:54:16+0200,4e64d4d3-e4bc-4728-8eea-52acf8983738,2026-06-28T00:45:00Z,2026-06-28T02:45:00+0200,2839.01,MW,FR,FR,actual_onshore_wind_generation,Wind Onshore,2026-07-17T04:55:04Z
2026-07-17T04:54:16Z,2026-07-17T06:54:16+0200,4e64d4d3-e4bc-4728-8eea-52acf8983738,2026-06-28T01:00:00Z,2026-06-28T03:00:00+0200,2647.41,MW,FR,FR,actual_onshore_wind_generation,Wind Onshore,2026-07-17T04:55:04Z
2026-07-17T04:54:16Z,2026-07-17T06:54:16+0200,4e64d4d3-e4bc-4728-8eea-52acf8983738,2026-06-28T01:15:00Z,2026-06-28T03:15:00+0200,2551.21,MW,FR,FR,actual_onshore_wind_generation,Wind Onshore,2026-07-17T04:55:04Z
2026-07-17T04:54:16Z,2026-07-17T06:54:16+0200,4e64d4d3-e4bc-4728-8eea-52acf8983738,2026-06-28T01:30:00Z,2026-06-28T03:30:00+0200,2507.13,MW,FR,FR,actual_onshore_wind_generation,Wind Onshore,2026-07-17T04:55:04Z
2026-07-17T04:54:16Z,2026-07-17T06:54:16+0200,4e64d4d3-e4bc-4728-8eea-52acf8983738,2026-06-28T01:45:00Z,2026-06-28T03:45:00+0200,2347.92,MW,FR,FR,actual_onshore_wind_generation,Wind Onshore,2026-07-17T04:55:04Z
2026-07-17T04:54:16Z,2026-07-17T06:54:16+0200,4e64d4d3-e4bc-4728-8eea-52acf8983738,2026-06-28T02:00:00Z,2026-06-28T04:00:00+0200,2195.99,MW,FR,FR,actual_onshore_wind_generation,Wind Onshore,2026-07-17T04:55:04Z
2026-07-17T04:54:16Z,2026-07-17T06:54:16+0200,4e64d4d3-e4bc-4728-8eea-52acf8983738,2026-06-28T02:15:00Z,2026-06-28T04:15:00+0200,2116.9,MW,FR,FR,actual_onshore_wind_generation,Wind Onshore,2026-07-17T04:55:04Z
2026-07-17T04:54:16Z,2026-07-17T06:54:16+0200,4e64d4d3-e4bc-4728-8eea-52acf8983738,2026-06-28T02:30:00Z,2026-06-28T04:30:00+0200,2127.83,MW,FR,FR,actual_onshore_wind_generation,Wind Onshore,2026-07-17T04:55:04Z
2026-07-17T04:54:16Z,2026-07-17T06:54:16+0200,4e64d4d3-e4bc-4728-8eea-52acf8983738,2026-06-28T02:45:00Z,2026-06-28T04:45:00+0200,2059.91,MW,FR,FR,actual_onshore_wind_generation,Wind Onshore,2026-07-17T04:55:04Z
2026-07-17T04:54:16Z,2026-07-17T06:54:16+0200,4e64d4d3-e4bc-4728-8eea-52acf8983738,2026-06-28T03:00:00Z,2026-06-28T05:00:00+0200,2036.07,MW,FR,FR,actual_onshore_wind_generation,Wind Onshore,2026-07-17T04:55:04Z
2026-07-17T04:54:16Z,2026-07-17T06:54:16+0200,4e64d4d3-e4bc-4728-8eea-52acf8983738,2026-06-28T03:15:00Z,2026-06-28T05:15:00+0200,2096.11,MW,FR,FR,actual_onshore_wind_generation,Wind Onshore,2026-07-17T04:55:04Z
2026-07-17T04:54:16Z,2026-07-17T06:54:16+0200,4e64d4d3-e4bc-4728-8eea-52acf8983738,2026-06-28T03:30:00Z,2026-06-28T05:30:00+0200,2101.91,MW,FR,FR,actual_onshore_wind_generation,Wind Onshore,2026-07-17T04:55:04Z
2026-07-17T04:54:16Z,2026-07-17T06:54:16+0200,4e64d4d3-e4bc-4728-8eea-52acf8983738,2026-06-28T03:45:00Z,2026-06-28T05:45:00+0200,2226.12,MW,FR,FR,actual_onshore_wind_generation,Wind Onshore,2026-07-17T04:55:04Z
2026-07-17T04:54:16Z,2026-07-17T06:54:16+0200,4e64d4d3-e4bc-4728-8eea-52acf8983738,2026-06-28T04:00:00Z,2026-06-28T06:00:00+0200,2304.01,MW,FR,FR,actual_onshore_wind_generation,Wind Onshore,2026-07-17T04:55:04Z
2026-07-17T04:54:16Z,2026-07-17T06:54:16+0200,4e64d4d3-e4bc-4728-8eea-52acf8983738,2026-06-28T04:15:00Z,2026-06-28T06:15:00+0200,2352.11,MW,FR,FR,actual_onshore_wind_generation,Wind Onshore,2026-07-17T04:55:04Z
2026-07-17T04:54:16Z,2026-07-17T06:54:16+0200,4e64d4d3-e4bc-4728-8eea-52acf8983738,2026-06-28T04:30:00Z,2026-06-28T06:30:00+0200,2417.28,MW,FR,FR,actual_onshore_wind_generation,Wind Onshore,2026-07-17T04:55:04Z
2026-07-17T04:54:16Z,2026-07-17T06:54:16+0200,4e64d4d3-e4bc-4728-8eea-52acf8983738,2026-06-28T04:45:00Z,2026-06-28T06:45:00+0200,2482.07,MW,FR,FR,actual_onshore_wind_generation,Wind Onshore,2026-07-17T04:55:04Z
2026-07-17T04:54:16Z,2026-07-17T06:54:16+0200,4e64d4d3-e4bc-4728-8eea-52acf8983738,2026-06-28T05:00:00Z,2026-06-28T07:00:00+0200,2544.8,MW,FR,FR,actual_onshore_wind_generation,Wind Onshore,2026-07-17T04:55:04Z
2026-07-17T04:54:16Z,2026-07-17T06:54:16+0200,4e64d4d3-e4bc-4728-8eea-52acf8983738,2026-06-28T05:15:00Z,2026-06-28T07:15:00+0200,2427.08,MW,FR,FR,actual_onshore_wind_generation,Wind Onshore,2026-07-17T04:55:04Z
2026-07-17T04:54:16Z,2026-07-17T06:54:16+0200,4e64d4d3-e4bc-4728-8eea-52acf8983738,2026-06-28T05:30:00Z,2026-06-28T07:30:00+0200,2274.97,MW,FR,FR,actual_onshore_wind_generation,Wind Onshore,2026-07-17T04:55:04Z
2026-07-17T04:54:16Z,2026-07-17T06:54:16+0200,4e64d4d3-e4bc-4728-8eea-52acf8983738,2026-06-28T05:45:00Z,2026-06-28T07:45:00+0200,2229.7,MW,FR,FR,actual_onshore_wind_generation,Wind Onshore,2026-07-17T04:55:04Z
2026-07-17T04:54:16Z,2026-07-17T06:54:16+0200,4e64d4d3-e4bc-4728-8eea-52acf8983738,2026-06-28T06:00:00Z,2026-06-28T08:00:00+0200,2167.27,MW,FR,FR,actual_onshore_wind_generation,Wind Onshore,2026-07-17T04:55:04Z
2026-07-17T04:54:16Z,2026-07-17T06:54:16+0200,4e64d4d3-e4bc-4728-8eea-52acf8983738,2026-06-28T06:15:00Z,2026-06-28T08:15:00+0200,2155.48,MW,FR,FR,actual_onshore_wind_generation,Wind Onshore,2026-07-17T04:55:04Z
2026-07-17T04:54:16Z,2026-07-17T06:54:16+0200,4e64d4d3-e4bc-4728-8eea-52acf8983738,2026-06-28T06:30:00Z,2026-06-28T08:30:00+0200,2042.12,MW,FR,FR,actual_onshore_wind_generation,Wind Onshore,2026-07-17T04:55:04Z
2026-07-17T04:54:16Z,2026-07-17T06:54:16+0200,4e64d4d3-e4bc-4728-8eea-52acf8983738,2026-06-28T06:45:00Z,2026-06-28T08:45:00+0200,2067.37,MW,FR,FR,actual_onshore_wind_generation,Wind Onshore,2026-07-17T04:55:04Z
2026-07-17T04:54:16Z,2026-07-17T06:54:16+0200,4e64d4d3-e4bc-4728-8eea-52acf8983738,2026-06-28T07:00:00Z,2026-06-28T09:00:00+0200,2148.55,MW,FR,FR,actual_onshore_wind_generation,Wind Onshore,2026-07-17T04:55:04Z
2026-07-17T04:54:16Z,2026-07-17T06:54:16+0200,4e64d4d3-e4bc-4728-8eea-52acf8983738,2026-06-28T07:15:00Z,2026-06-28T09:15:00+0200,2266.08,MW,FR,FR,actual_onshore_wind_generation,Wind Onshore,2026-07-17T04:55:04Z
2026-07-17T04:54:16Z,2026-07-17T06:54:16+0200,4e64d4d3-e4bc-4728-8eea-52acf8983738,2026-06-28T07:30:00Z,2026-06-28T09:30:00+0200,2433.14,MW,FR,FR,actual_onshore_wind_generation,Wind Onshore,2026-07-17T04:55:04Z
2026-07-17T04:54:16Z,2026-07-17T06:54:16+0200,4e64d4d3-e4bc-4728-8eea-52acf8983738,2026-06-28T07:45:00Z,2026-06-28T09:45:00+0200,2615.35,MW,FR,FR,actual_onshore_wind_generation,Wind Onshore,2026-07-17T04:55:04Z
2026-07-17T04:54:16Z,2026-07-17T06:54:16+0200,4e64d4d3-e4bc-4728-8eea-52acf8983738,2026-06-28T08:00:00Z,2026-06-28T10:00:00+0200,2710.15,MW,FR,FR,actual_onshore_wind_generation,Wind Onshore,2026-07-17T04:55:04Z
2026-07-17T04:54:16Z,2026-07-17T06:54:16+0200,4e64d4d3-e4bc-4728-8eea-52acf8983738,2026-06-28T08:15:00Z,2026-06-28T10:15:00+0200,2703.03,MW,FR,FR,actual_onshore_wind_generation,Wind Onshore,2026-07-17T04:55:04Z
2026-07-17T04:54:16Z,2026-07-17T06:54:16+0200,4e64d4d3-e4bc-4728-8eea-52acf8983738,2026-06-28T08:30:00Z,2026-06-28T10:30:00+0200,2856.39,MW,FR,FR,actual_onshore_wind_generation,Wind Onshore,2026-07-17T04:55:04Z
2026-07-17T04:54:16Z,2026-07-17T06:54:16+0200,4e64d4d3-e4bc-4728-8eea-52acf8983738,2026-06-28T08:45:00Z,2026-06-28T10:45:00+0200,2776.37,MW,FR,FR,actual_onshore_wind_generation,Wind Onshore,2026-07-17T04:55:04Z
2026-07-17T04:54:16Z,2026-07-17T06:54:16+0200,4e64d4d3-e4bc-4728-8eea-52acf8983738,2026-06-28T09:00:00Z,2026-06-28T11:00:00+0200,2580.35,MW,FR,FR,actual_onshore_wind_generation,Wind Onshore,2026-07-17T04:55:04Z
2026-07-17T04:54:16Z,2026-07-17T06:54:16+0200,4e64d4d3-e4bc-4728-8eea-52acf8983738,2026-06-28T09:15:00Z,2026-06-28T11:15:00+0200,2341.36,MW,FR,FR,actual_onshore_wind_generation,Wind Onshore,2026-07-17T04:55:04Z
2026-07-17T04:54:16Z,2026-07-17T06:54:16+0200,4e64d4d3-e4bc-4728-8eea-52acf8983738,2026-06-28T09:30:00Z,2026-06-28T11:30:00+0200,2088.65,MW,FR,FR,actual_onshore_wind_generation,Wind Onshore,2026-07-17T04:55:04Z
2026-07-17T04:54:16Z,2026-07-17T06:54:16+0200,4e64d4d3-e4bc-4728-8eea-52acf8983738,2026-06-28T09:45:00Z,2026-06-28T11:45:00+0200,1910.02,MW,FR,FR,actual_onshore_wind_generation,Wind Onshore,2026-07-17T04:55:04Z
2026-07-17T04:54:16Z,2026-07-17T06:54:16+0200,4e64d4d3-e4bc-4728-8eea-52acf8983738,2026-06-28T10:00:00Z,2026-06-28T12:00:00+0200,1754.91,MW,FR,FR,actual_onshore_wind_generation,Wind Onshore,2026-07-17T04:55:04Z
2026-07-17T04:54:16Z,2026-07-17T06:54:16+0200,4e64d4d3-e4bc-4728-8eea-52acf8983738,2026-06-28T10:15:00Z,2026-06-28T12:15:00+0200,1704.88,MW,FR,FR,actual_onshore_wind_generation,Wind Onshore,2026-07-17T04:55:04Z
2026-07-17T04:54:16Z,2026-07-17T06:54:16+0200,4e64d4d3-e4bc-4728-8eea-52acf8983738,2026-06-28T10:30:00Z,2026-06-28T12:30:00+0200,1721.73,MW,FR,FR,actual_onshore_wind_generation,Wind Onshore,2026-07-17T04:55:04Z
2026-07-17T04:54:16Z,2026-07-17T06:54:16+0200,4e64d4d3-e4bc-4728-8eea-52acf8983738,2026-06-28T10:45:00Z,2026-06-28T12:45:00+0200,1831.75,MW,FR,FR,actual_onshore_wind_generation,Wind Onshore,2026-07-17T04:55:04Z
2026-07-17T04:54:16Z,2026-07-17T06:54:16+0200,4e64d4d3-e4bc-4728-8eea-52acf8983738,2026-06-28T11:00:00Z,2026-06-28T13:00:00+0200,1868.9,MW,FR,FR,actual_onshore_wind_generation,Wind Onshore,2026-07-17T04:55:04Z
2026-07-17T04:54:16Z,2026-07-17T06:54:16+0200,4e64d4d3-e4bc-4728-8eea-52acf8983738,2026-06-28T11:15:00Z,2026-06-28T13:15:00+0200,1899.26,MW,FR,FR,actual_onshore_wind_generation,Wind Onshore,2026-07-17T04:55:04Z
2026-07-17T04:54:16Z,2026-07-17T06:54:16+0200,4e64d4d3-e4bc-4728-8eea-52acf8983738,2026-06-28T11:30:00Z,2026-06-28T13:30:00+0200,1854.68,MW,FR,FR,actual_onshore_wind_generation,Wind Onshore,2026-07-17T04:55:04Z
2026-07-17T04:54:16Z,2026-07-17T06:54:16+0200,4e64d4d3-e4bc-4728-8eea-52acf8983738,2026-06-28T11:45:00Z,2026-06-28T13:45:00+0200,1814.99,MW,FR,FR,actual_onshore_wind_generation,Wind Onshore,2026-07-17T04:55:04Z
2026-07-17T04:54:16Z,2026-07-17T06:54:16+0200,4e64d4d3-e4bc-4728-8eea-52acf8983738,2026-06-28T12:00:00Z,2026-06-28T14:00:00+0200,1781.2,MW,FR,FR,actual_onshore_wind_generation,Wind Onshore,2026-07-17T04:55:04Z
2026-07-17T04:54:16Z,2026-07-17T06:54:16+0200,4e64d4d3-e4bc-4728-8eea-52acf8983738,2026-06-28T12:15:00Z,2026-06-28T14:15:00+0200,1765.36,MW,FR,FR,actual_onshore_wind_generation,Wind Onshore,2026-07-17T04:55:04Z
2026-07-17T04:54:16Z,2026-07-17T06:54:16+0200,4e64d4d3-e4bc-4728-8eea-52acf8983738,2026-06-28T12:30:00Z,2026-06-28T14:30:00+0200,1811.37,MW,FR,FR,actual_onshore_wind_generation,Wind Onshore,2026-07-17T04:55:04Z
2026-07-17T04:54:16Z,2026-07-17T06:54:16+0200,4e64d4d3-e4bc-4728-8eea-52acf8983738,2026-06-28T12:45:00Z,2026-06-28T14:45:00+0200,1846.73,MW,FR,FR,actual_onshore_wind_generation,Wind Onshore,2026-07-17T04:55:04Z
2026-07-17T04:54:16Z,2026-07-17T06:54:16+0200,4e64d4d3-e4bc-4728-8eea-52acf8983738,2026-06-28T13:00:00Z,2026-06-28T15:00:00+0200,1894.95,MW,FR,FR,actual_onshore_wind_generation,Wind Onshore,2026-07-17T04:55:04Z
2026-07-17T04:54:16Z,2026-07-17T06:54:16+0200,4e64d4d3-e4bc-4728-8eea-52acf8983738,2026-06-28T13:15:00Z,2026-06-28T15:15:00+0200,1965.32,MW,FR,FR,actual_onshore_wind_generation,Wind Onshore,2026-07-17T04:55:04Z
2026-07-17T04:54:16Z,2026-07-17T06:54:16+0200,4e64d4d3-e4bc-4728-8eea-52acf8983738,2026-06-28T13:30:00Z,2026-06-28T15:30:00+0200,1943.73,MW,FR,FR,actual_onshore_wind_generation,Wind Onshore,2026-07-17T04:55:04Z
2026-07-17T04:54:16Z,2026-07-17T06:54:16+0200,4e64d4d3-e4bc-4728-8eea-52acf8983738,2026-06-28T13:45:00Z,2026-06-28T15:45:00+0200,1993.71,MW,FR,FR,actual_onshore_wind_generation,Wind Onshore,2026-07-17T04:55:04Z
2026-07-17T04:54:16Z,2026-07-17T06:54:16+0200,4e64d4d3-e4bc-4728-8eea-52acf8983738,2026-06-28T14:00:00Z,2026-06-28T16:00:00+0200,1975.15,MW,FR,FR,actual_onshore_wind_generation,Wind Onshore,2026-07-17T04:55:04Z
2026-07-17T04:54:16Z,2026-07-17T06:54:16+0200,4e64d4d3-e4bc-4728-8eea-52acf8983738,2026-06-28T14:15:00Z,2026-06-28T16:15:00+0200,2054.13,MW,FR,FR,actual_onshore_wind_generation,Wind Onshore,2026-07-17T04:55:04Z
2026-07-17T04:54:16Z,2026-07-17T06:54:16+0200,4e64d4d3-e4bc-4728-8eea-52acf8983738,2026-06-28T14:30:00Z,2026-06-28T16:30:00+0200,2119.77,MW,FR,FR,actual_onshore_wind_generation,Wind Onshore,2026-07-17T04:55:04Z
2026-07-17T04:54:16Z,2026-07-17T06:54:16+0200,4e64d4d3-e4bc-4728-8eea-52acf8983738,2026-06-28T14:45:00Z,2026-06-28T16:45:00+0200,2170.32,MW,FR,FR,actual_onshore_wind_generation,Wind Onshore,2026-07-17T04:55:04Z
2026-07-17T04:54:16Z,2026-07-17T06:54:16+0200,4e64d4d3-e4bc-4728-8eea-52acf8983738,2026-06-28T15:00:00Z,2026-06-28T17:00:00+0200,2211.88,MW,FR,FR,actual_onshore_wind_generation,Wind Onshore,2026-07-17T04:55:04Z
2026-07-17T04:54:16Z,2026-07-17T06:54:16+0200,4e64d4d3-e4bc-4728-8eea-52acf8983738,2026-06-28T15:15:00Z,2026-06-28T17:15:00+0200,2298.22,MW,FR,FR,actual_onshore_wind_generation,Wind Onshore,2026-07-17T04:55:04Z
2026-07-17T04:54:16Z,2026-07-17T06:54:16+0200,4e64d4d3-e4bc-4728-8eea-52acf8983738,2026-06-28T15:30:00Z,2026-06-28T17:30:00+0200,2438.58,MW,FR,FR,actual_onshore_wind_generation,Wind Onshore,2026-07-17T04:55:04Z
2026-07-17T04:54:16Z,2026-07-17T06:54:16+0200,4e64d4d3-e4bc-4728-8eea-52acf8983738,2026-06-28T15:45:00Z,2026-06-28T17:45:00+0200,2537.66,MW,FR,FR,actual_onshore_wind_generation,Wind Onshore,2026-07-17T04:55:04Z
2026-07-17T04:54:16Z,2026-07-17T06:54:16+0200,4e64d4d3-e4bc-4728-8eea-52acf8983738,2026-06-28T16:00:00Z,2026-06-28T18:00:00+0200,2626.32,MW,FR,FR,actual_onshore_wind_generation,Wind Onshore,2026-07-17T04:55:04Z
2026-07-17T04:54:16Z,2026-07-17T06:54:16+0200,4e64d4d3-e4bc-4728-8eea-52acf8983738,2026-06-28T16:15:00Z,2026-06-28T18:15:00+0200,2762.41,MW,FR,FR,actual_onshore_wind_generation,Wind Onshore,2026-07-17T04:55:04Z
2026-07-17T04:54:16Z,2026-07-17T06:54:16+0200,4e64d4d3-e4bc-4728-8eea-52acf8983738,2026-06-28T16:30:00Z,2026-06-28T18:30:00+0200,2862.18,MW,FR,FR,actual_onshore_wind_generation,Wind Onshore,2026-07-17T04:55:04Z
2026-07-17T04:54:16Z,2026-07-17T06:54:16+0200,4e64d4d3-e4bc-4728-8eea-52acf8983738,2026-06-28T16:45:00Z,2026-06-28T18:45:00+0200,2925.98,MW,FR,FR,actual_onshore_wind_generation,Wind Onshore,2026-07-17T04:55:04Z
2026-07-17T04:54:16Z,2026-07-17T06:54:16+0200,4e64d4d3-e4bc-4728-8eea-52acf8983738,2026-06-28T17:00:00Z,2026-06-28T19:00:00+0200,2893.55,MW,FR,FR,actual_onshore_wind_generation,Wind Onshore,2026-07-17T04:55:04Z
2026-07-17T04:54:16Z,2026-07-17T06:54:16+0200,4e64d4d3-e4bc-4728-8eea-52acf8983738,2026-06-28T17:15:00Z,2026-06-28T19:15:00+0200,2909.9,MW,FR,FR,actual_onshore_wind_generation,Wind Onshore,2026-07-17T04:55:04Z
2026-07-17T04:54:16Z,2026-07-17T06:54:16+0200,4e64d4d3-e4bc-4728-8eea-52acf8983738,2026-06-28T17:30:00Z,2026-06-28T19:30:00+0200,2957.96,MW,FR,FR,actual_onshore_wind_generation,Wind Onshore,2026-07-17T04:55:04Z
2026-07-17T04:54:16Z,2026-07-17T06:54:16+0200,4e64d4d3-e4bc-4728-8eea-52acf8983738,2026-06-28T17:45:00Z,2026-06-28T19:45:00+0200,2976.66,MW,FR,FR,actual_onshore_wind_generation,Wind Onshore,2026-07-17T04:55:04Z
2026-07-17T04:54:16Z,2026-07-17T06:54:16+0200,4e64d4d3-e4bc-4728-8eea-52acf8983738,2026-06-28T18:00:00Z,2026-06-28T20:00:00+0200,2915.89,MW,FR,FR,actual_onshore_wind_generation,Wind Onshore,2026-07-17T04:55:04Z
2026-07-17T04:54:16Z,2026-07-17T06:54:16+0200,4e64d4d3-e4bc-4728-8eea-52acf8983738,2026-06-28T18:15:00Z,2026-06-28T20:15:00+0200,2924.13,MW,FR,FR,actual_onshore_wind_generation,Wind Onshore,2026-07-17T04:55:04Z
2026-07-17T04:54:16Z,2026-07-17T06:54:16+0200,4e64d4d3-e4bc-4728-8eea-52acf8983738,2026-06-28T18:30:00Z,2026-06-28T20:30:00+0200,2934.88,MW,FR,FR,actual_onshore_wind_generation,Wind Onshore,2026-07-17T04:55:04Z
2026-07-17T04:54:16Z,2026-07-17T06:54:16+0200,4e64d4d3-e4bc-4728-8eea-52acf8983738,2026-06-28T18:45:00Z,2026-06-28T20:45:00+0200,2912.15,MW,FR,FR,actual_onshore_wind_generation,Wind Onshore,2026-07-17T04:55:04Z
2026-07-17T04:54:16Z,2026-07-17T06:54:16+0200,4e64d4d3-e4bc-4728-8eea-52acf8983738,2026-06-28T19:00:00Z,2026-06-28T21:00:00+0200,2975.74,MW,FR,FR,actual_onshore_wind_generation,Wind Onshore,2026-07-17T04:55:04Z
2026-07-17T04:54:16Z,2026-07-17T06:54:16+0200,4e64d4d3-e4bc-4728-8eea-52acf8983738,2026-06-28T19:15:00Z,2026-06-28T21:15:00+0200,2984.62,MW,FR,FR,actual_onshore_wind_generation,Wind Onshore,2026-07-17T04:55:04Z
2026-07-17T04:54:16Z,2026-07-17T06:54:16+0200,4e64d4d3-e4bc-4728-8eea-52acf8983738,2026-06-28T19:30:00Z,2026-06-28T21:30:00+0200,3127.27,MW,FR,FR,actual_onshore_wind_generation,Wind Onshore,2026-07-17T04:55:04Z
2026-07-17T04:54:16Z,2026-07-17T06:54:16+0200,4e64d4d3-e4bc-4728-8eea-52acf8983738,2026-06-28T19:45:00Z,2026-06-28T21:45:00+0200,3500.84,MW,FR,FR,actual_onshore_wind_generation,Wind Onshore,2026-07-17T04:55:04Z
2026-07-17T04:54:16Z,2026-07-17T06:54:16+0200,4e64d4d3-e4bc-4728-8eea-52acf8983738,2026-06-28T20:00:00Z,2026-06-28T22:00:00+0200,3465.49,MW,FR,FR,actual_onshore_wind_generation,Wind Onshore,2026-07-17T04:55:04Z
2026-07-17T04:54:16Z,2026-07-17T06:54:16+0200,4e64d4d3-e4bc-4728-8eea-52acf8983738,2026-06-28T20:15:00Z,2026-06-28T22:15:00+0200,3630.7,MW,FR,FR,actual_onshore_wind_generation,Wind Onshore,2026-07-17T04:55:04Z
2026-07-17T04:54:16Z,2026-07-17T06:54:16+0200,4e64d4d3-e4bc-4728-8eea-52acf8983738,2026-06-28T20:30:00Z,2026-06-28T22:30:00+0200,3857.57,MW,FR,FR,actual_onshore_wind_generation,Wind Onshore,2026-07-17T04:55:04Z
2026-07-17T04:54:16Z,2026-07-17T06:54:16+0200,4e64d4d3-e4bc-4728-8eea-52acf8983738,2026-06-28T20:45:00Z,2026-06-28T22:45:00+0200,4329.0,MW,FR,FR,actual_onshore_wind_generation,Wind Onshore,2026-07-17T04:55:04Z
2026-07-17T04:54:16Z,2026-07-17T06:54:16+0200,4e64d4d3-e4bc-4728-8eea-52acf8983738,2026-06-28T21:00:00Z,2026-06-28T23:00:00+0200,4299.45,MW,FR,FR,actual_onshore_wind_generation,Wind Onshore,2026-07-17T04:55:04Z
2026-07-17T04:54:16Z,2026-07-17T06:54:16+0200,4e64d4d3-e4bc-4728-8eea-52acf8983738,2026-06-28T21:15:00Z,2026-06-28T23:15:00+0200,4099.08,MW,FR,FR,actual_onshore_wind_generation,Wind Onshore,2026-07-17T04:55:04Z
2026-07-17T04:54:16Z,2026-07-17T06:54:16+0200,4e64d4d3-e4bc-4728-8eea-52acf8983738,2026-06-28T21:30:00Z,2026-06-28T23:30:00+0200,3895.63,MW,FR,FR,actual_onshore_wind_generation,Wind Onshore,2026-07-17T04:55:04Z
2026-07-17T04:54:16Z,2026-07-17T06:54:16+0200,4e64d4d3-e4bc-4728-8eea-52acf8983738,2026-06-28T21:45:00Z,2026-06-28T23:45:00+0200,3971.25,MW,FR,FR,actual_onshore_wind_generation,Wind Onshore,2026-07-17T04:55:04Z
2026-07-17T04:54:16Z,2026-07-17T06:54:16+0200,4e64d4d3-e4bc-4728-8eea-52acf8983738,2026-06-28T22:00:00Z,2026-06-29T00:00:00+0200,4184.16,MW,FR,FR,actual_onshore_wind_generation,Wind Onshore,2026-07-17T04:55:04Z
2026-07-17T04:54:16Z,2026-07-17T06:54:16+0200,4e64d4d3-e4bc-4728-8eea-52acf8983738,2026-06-28T22:15:00Z,2026-06-29T00:15:00+0200,4296.21,MW,FR,FR,actual_onshore_wind_generation,Wind Onshore,2026-07-17T04:55:04Z
2026-07-17T04:54:16Z,2026-07-17T06:54:16+0200,4e64d4d3-e4bc-4728-8eea-52acf8983738,2026-06-28T22:30:00Z,2026-06-29T00:30:00+0200,4190.77,MW,FR,FR,actual_onshore_wind_generation,Wind Onshore,2026-07-17T04:55:04Z
2026-07-17T04:54:16Z,2026-07-17T06:54:16+0200,4e64d4d3-e4bc-4728-8eea-52acf8983738,2026-06-28T22:45:00Z,2026-06-29T00:45:00+0200,4059.24,MW,FR,FR,actual_onshore_wind_generation,Wind Onshore,2026-07-17T04:55:04Z
2026-07-17T04:54:16Z,2026-07-17T06:54:16+0200,4e64d4d3-e4bc-4728-8eea-52acf8983738,2026-06-28T23:00:00Z,2026-06-29T01:00:00+0200,4200.11,MW,FR,FR,actual_onshore_wind_generation,Wind Onshore,2026-07-17T04:55:04Z
2026-07-17T04:54:16Z,2026-07-17T06:54:16+0200,4e64d4d3-e4bc-4728-8eea-52acf8983738,2026-06-28T23:15:00Z,2026-06-29T01:15:00+0200,4354.35,MW,FR,FR,actual_onshore_wind_generation,Wind Onshore,2026-07-17T04:55:04Z
2026-07-17T04:54:16Z,2026-07-17T06:54:16+0200,4e64d4d3-e4bc-4728-8eea-52acf8983738,2026-06-28T23:30:00Z,2026-06-29T01:30:00+0200,4443.43,MW,FR,FR,actual_onshore_wind_generation,Wind Onshore,2026-07-17T04:55:04Z
2026-07-17T04:54:16Z,2026-07-17T06:54:16+0200,4e64d4d3-e4bc-4728-8eea-52acf8983738,2026-06-28T23:45:00Z,2026-06-29T01:45:00+0200,4532.15,MW,FR,FR,actual_onshore_wind_generation,Wind Onshore,2026-07-17T04:55:04Z
2026-07-17T04:54:16Z,2026-07-17T06:54:16+0200,4e64d4d3-e4bc-4728-8eea-52acf8983738,2026-06-29T00:00:00Z,2026-06-29T02:00:00+0200,4577.33,MW,FR,FR,actual_onshore_wind_generation,Wind Onshore,2026-07-17T04:55:04Z
2026-07-17T04:54:16Z,2026-07-17T06:54:16+0200,4e64d4d3-e4bc-4728-8eea-52acf8983738,2026-06-29T00:15:00Z,2026-06-29T02:15:00+0200,4373.12,MW,FR,FR,actual_onshore_wind_generation,Wind Onshore,2026-07-17T04:55:04Z
2026-07-17T04:54:16Z,2026-07-17T06:54:16+0200,4e64d4d3-e4bc-4728-8eea-52acf8983738,2026-06-29T00:30:00Z,2026-06-29T02:30:00+0200,4210.42,MW,FR,FR,actual_onshore_wind_generation,Wind Onshore,2026-07-17T04:55:04Z
2026-07-17T04:54:16Z,2026-07-17T06:54:16+0200,4e64d4d3-e4bc-4728-8eea-52acf8983738,2026-06-29T00:45:00Z,2026-06-29T02:45:00+0200,4237.44,MW,FR,FR,actual_onshore_wind_generation,Wind Onshore,2026-07-17T04:55:04Z
2026-07-17T04:54:16Z,2026-07-17T06:54:16+0200,4e64d4d3-e4bc-4728-8eea-52acf8983738,2026-06-29T01:00:00Z,2026-06-29T03:00:00+0200,4128.5,MW,FR,FR,actual_onshore_wind_generation,Wind Onshore,2026-07-17T04:55:04Z
2026-07-17T04:54:16Z,2026-07-17T06:54:16+0200,4e64d4d3-e4bc-4728-8eea-52acf8983738,2026-06-29T01:15:00Z,2026-06-29T03:15:00+0200,4024.08,MW,FR,FR,actual_onshore_wind_generation,Wind Onshore,2026-07-17T04:55:04Z
2026-07-17T04:54:16Z,2026-07-17T06:54:16+0200,4e64d4d3-e4bc-4728-8eea-52acf8983738,2026-06-29T01:30:00Z,2026-06-29T03:30:00+0200,4052.83,MW,FR,FR,actual_onshore_wind_generation,Wind Onshore,2026-07-17T04:55:04Z
2026-07-17T04:54:16Z,2026-07-17T06:54:16+0200,4e64d4d3-e4bc-4728-8eea-52acf8983738,2026-06-29T01:45:00Z,2026-06-29T03:45:00+0200,4049.88,MW,FR,FR,actual_onshore_wind_generation,Wind Onshore,2026-07-17T04:55:04Z
2026-07-17T04:54:16Z,2026-07-17T06:54:16+0200,4e64d4d3-e4bc-4728-8eea-52acf8983738,2026-06-29T02:00:00Z,2026-06-29T04:00:00+0200,3886.57,MW,FR,FR,actual_onshore_wind_generation,Wind Onshore,2026-07-17T04:55:04Z
2026-07-17T04:54:16Z,2026-07-17T06:54:16+0200,4e64d4d3-e4bc-4728-8eea-52acf8983738,2026-06-29T02:15:00Z,2026-06-29T04:15:00+0200,3855.16,MW,FR,FR,actual_onshore_wind_generation,Wind Onshore,2026-07-17T04:55:04Z
2026-07-17T04:54:16Z,2026-07-17T06:54:16+0200,4e64d4d3-e4bc-4728-8eea-52acf8983738,2026-06-29T02:30:00Z,2026-06-29T04:30:00+0200,3843.99,MW,FR,FR,actual_onshore_wind_generation,Wind Onshore,2026-07-17T04:55:04Z
2026-07-17T04:54:16Z,2026-07-17T06:54:16+0200,4e64d4d3-e4bc-4728-8eea-52acf8983738,2026-06-29T02:45:00Z,2026-06-29T04:45:00+0200,3769.79,MW,FR,FR,actual_onshore_wind_generation,Wind Onshore,2026-07-17T04:55:04Z
2026-07-17T04:54:16Z,2026-07-17T06:54:16+0200,4e64d4d3-e4bc-4728-8eea-52acf8983738,2026-06-29T03:00:00Z,2026-06-29T05:00:00+0200,3622.23,MW,FR,FR,actual_onshore_wind_generation,Wind Onshore,2026-07-17T04:55:04Z
2026-07-17T04:54:16Z,2026-07-17T06:54:16+0200,4e64d4d3-e4bc-4728-8eea-52acf8983738,2026-06-29T03:15:00Z,2026-06-29T05:15:00+0200,3467.75,MW,FR,FR,actual_onshore_wind_generation,Wind Onshore,2026-07-17T04:55:04Z
2026-07-17T04:54:16Z,2026-07-17T06:54:16+0200,4e64d4d3-e4bc-4728-8eea-52acf8983738,2026-06-29T03:30:00Z,2026-06-29T05:30:00+0200,3282.33,MW,FR,FR,actual_onshore_wind_generation,Wind Onshore,2026-07-17T04:55:04Z
2026-07-17T04:54:16Z,2026-07-17T06:54:16+0200,4e64d4d3-e4bc-4728-8eea-52acf8983738,2026-06-29T03:45:00Z,2026-06-29T05:45:00+0200,3201.64,MW,FR,FR,actual_onshore_wind_generation,Wind Onshore,2026-07-17T04:55:04Z
2026-07-17T04:54:16Z,2026-07-17T06:54:16+0200,4e64d4d3-e4bc-4728-8eea-52acf8983738,2026-06-29T04:00:00Z,2026-06-29T06:00:00+0200,3148.77,MW,FR,FR,actual_onshore_wind_generation,Wind Onshore,2026-07-17T04:55:04Z
2026-07-17T04:54:16Z,2026-07-17T06:54:16+0200,4e64d4d3-e4bc-4728-8eea-52acf8983738,2026-06-29T04:15:00Z,2026-06-29T06:15:00+0200,3077.38,MW,FR,FR,actual_onshore_wind_generation,Wind Onshore,2026-07-17T04:55:04Z
2026-07-17T04:54:16Z,2026-07-17T06:54:16+0200,4e64d4d3-e4bc-4728-8eea-52acf8983738,2026-06-29T04:30:00Z,2026-06-29T06:30:00+0200,3026.26,MW,FR,FR,actual_onshore_wind_generation,Wind Onshore,2026-07-17T04:55:04Z
2026-07-17T04:54:16Z,2026-07-17T06:54:16+0200,4e64d4d3-e4bc-4728-8eea-52acf8983738,2026-06-29T04:45:00Z,2026-06-29T06:45:00+0200,3052.62,MW,FR,FR,actual_onshore_wind_generation,Wind Onshore,2026-07-17T04:55:04Z
2026-07-17T04:54:16Z,2026-07-17T06:54:16+0200,4e64d4d3-e4bc-4728-8eea-52acf8983738,2026-06-29T05:00:00Z,2026-06-29T07:00:00+0200,3104.76,MW,FR,FR,actual_onshore_wind_generation,Wind Onshore,2026-07-17T04:55:04Z
2026-07-17T04:54:16Z,2026-07-17T06:54:16+0200,4e64d4d3-e4bc-4728-8eea-52acf8983738,2026-06-29T05:15:00Z,2026-06-29T07:15:00+0200,3089.57,MW,FR,FR,actual_onshore_wind_generation,Wind Onshore,2026-07-17T04:55:04Z
2026-07-17T04:54:16Z,2026-07-17T06:54:16+0200,4e64d4d3-e4bc-4728-8eea-52acf8983738,2026-06-29T05:30:00Z,2026-06-29T07:30:00+0200,2957.27,MW,FR,FR,actual_onshore_wind_generation,Wind Onshore,2026-07-17T04:55:04Z
2026-07-17T04:54:16Z,2026-07-17T06:54:16+0200,4e64d4d3-e4bc-4728-8eea-52acf8983738,2026-06-29T05:45:00Z,2026-06-29T07:45:00+0200,2816.6,MW,FR,FR,actual_onshore_wind_generation,Wind Onshore,2026-07-17T04:55:04Z
2026-07-17T04:54:16Z,2026-07-17T06:54:16+0200,4e64d4d3-e4bc-4728-8eea-52acf8983738,2026-06-29T06:00:00Z,2026-06-29T08:00:00+0200,2793.46,MW,FR,FR,actual_onshore_wind_generation,Wind Onshore,2026-07-17T04:55:04Z
2026-07-17T04:54:16Z,2026-07-17T06:54:16+0200,4e64d4d3-e4bc-4728-8eea-52acf8983738,2026-06-29T06:15:00Z,2026-06-29T08:15:00+0200,2781.05,MW,FR,FR,actual_onshore_wind_generation,Wind Onshore,2026-07-17T04:55:04Z
2026-07-17T04:54:16Z,2026-07-17T06:54:16+0200,4e64d4d3-e4bc-4728-8eea-52acf8983738,2026-06-29T06:30:00Z,2026-06-29T08:30:00+0200,2745.55,MW,FR,FR,actual_onshore_wind_generation,Wind Onshore,2026-07-17T04:55:04Z
2026-07-17T04:54:16Z,2026-07-17T06:54:16+0200,4e64d4d3-e4bc-4728-8eea-52acf8983738,2026-06-29T06:45:00Z,2026-06-29T08:45:00+0200,2709.08,MW,FR,FR,actual_onshore_wind_generation,Wind Onshore,2026-07-17T04:55:04Z
2026-07-17T04:54:16Z,2026-07-17T06:54:16+0200,4e64d4d3-e4bc-4728-8eea-52acf8983738,2026-06-29T07:00:00Z,2026-06-29T09:00:00+0200,2620.83,MW,FR,FR,actual_onshore_wind_generation,Wind Onshore,2026-07-17T04:55:04Z
2026-07-17T04:54:16Z,2026-07-17T06:54:16+0200,4e64d4d3-e4bc-4728-8eea-52acf8983738,2026-06-29T07:15:00Z,2026-06-29T09:15:00+0200,2456.18,MW,FR,FR,actual_onshore_wind_generation,Wind Onshore,2026-07-17T04:55:04Z
2026-07-17T04:54:16Z,2026-07-17T06:54:16+0200,4e64d4d3-e4bc-4728-8eea-52acf8983738,2026-06-29T07:30:00Z,2026-06-29T09:30:00+0200,2324.95,MW,FR,FR,actual_onshore_wind_generation,Wind Onshore,2026-07-17T04:55:04Z
2026-07-17T04:54:16Z,2026-07-17T06:54:16+0200,4e64d4d3-e4bc-4728-8eea-52acf8983738,2026-06-29T07:45:00Z,2026-06-29T09:45:00+0200,2192.33,MW,FR,FR,actual_onshore_wind_generation,Wind Onshore,2026-07-17T04:55:04Z
2026-07-17T04:54:16Z,2026-07-17T06:54:16+0200,4e64d4d3-e4bc-4728-8eea-52acf8983738,2026-06-29T08:00:00Z,2026-06-29T10:00:00+0200,2108.44,MW,FR,FR,actual_onshore_wind_generation,Wind Onshore,2026-07-17T04:55:04Z
2026-07-17T04:54:16Z,2026-07-17T06:54:16+0200,4e64d4d3-e4bc-4728-8eea-52acf8983738,2026-06-29T08:15:00Z,2026-06-29T10:15:00+0200,1952.41,MW,FR,FR,actual_onshore_wind_generation,Wind Onshore,2026-07-17T04:55:04Z
2026-07-17T04:54:16Z,2026-07-17T06:54:16+0200,4e64d4d3-e4bc-4728-8eea-52acf8983738,2026-06-29T08:30:00Z,2026-06-29T10:30:00+0200,1800.23,MW,FR,FR,actual_onshore_wind_generation,Wind Onshore,2026-07-17T04:55:04Z
2026-07-17T04:54:16Z,2026-07-17T06:54:16+0200,4e64d4d3-e4bc-4728-8eea-52acf8983738,2026-06-29T08:45:00Z,2026-06-29T10:45:00+0200,1789.99,MW,FR,FR,actual_onshore_wind_generation,Wind Onshore,2026-07-17T04:55:04Z
2026-07-17T04:54:16Z,2026-07-17T06:54:16+0200,4e64d4d3-e4bc-4728-8eea-52acf8983738,2026-06-29T09:00:00Z,2026-06-29T11:00:00+0200,1715.6,MW,FR,FR,actual_onshore_wind_generation,Wind Onshore,2026-07-17T04:55:04Z
2026-07-17T04:54:16Z,2026-07-17T06:54:16+0200,4e64d4d3-e4bc-4728-8eea-52acf8983738,2026-06-29T09:15:00Z,2026-06-29T11:15:00+0200,1649.51,MW,FR,FR,actual_onshore_wind_generation,Wind Onshore,2026-07-17T04:55:04Z
2026-07-17T04:54:16Z,2026-07-17T06:54:16+0200,4e64d4d3-e4bc-4728-8eea-52acf8983738,2026-06-29T09:30:00Z,2026-06-29T11:30:00+0200,1613.24,MW,FR,FR,actual_onshore_wind_generation,Wind Onshore,2026-07-17T04:55:04Z
2026-07-17T04:54:16Z,2026-07-17T06:54:16+0200,4e64d4d3-e4bc-4728-8eea-52acf8983738,2026-06-29T09:45:00Z,2026-06-29T11:45:00+0200,1606.35,MW,FR,FR,actual_onshore_wind_generation,Wind Onshore,2026-07-17T04:55:04Z
2026-07-17T04:54:16Z,2026-07-17T06:54:16+0200,4e64d4d3-e4bc-4728-8eea-52acf8983738,2026-06-29T10:00:00Z,2026-06-29T12:00:00+0200,1549.82,MW,FR,FR,actual_onshore_wind_generation,Wind Onshore,2026-07-17T04:55:04Z
2026-07-17T04:54:16Z,2026-07-17T06:54:16+0200,4e64d4d3-e4bc-4728-8eea-52acf8983738,2026-06-29T10:15:00Z,2026-06-29T12:15:00+0200,1578.73,MW,FR,FR,actual_onshore_wind_generation,Wind Onshore,2026-07-17T04:55:04Z
2026-07-17T04:54:16Z,2026-07-17T06:54:16+0200,4e64d4d3-e4bc-4728-8eea-52acf8983738,2026-06-29T10:30:00Z,2026-06-29T12:30:00+0200,1539.68,MW,FR,FR,actual_onshore_wind_generation,Wind Onshore,2026-07-17T04:55:04Z
2026-07-17T04:54:16Z,2026-07-17T06:54:16+0200,4e64d4d3-e4bc-4728-8eea-52acf8983738,2026-06-29T10:45:00Z,2026-06-29T12:45:00+0200,1511.81,MW,FR,FR,actual_onshore_wind_generation,Wind Onshore,2026-07-17T04:55:04Z
2026-07-17T04:54:16Z,2026-07-17T06:54:16+0200,4e64d4d3-e4bc-4728-8eea-52acf8983738,2026-06-29T11:00:00Z,2026-06-29T13:00:00+0200,1494.64,MW,FR,FR,actual_onshore_wind_generation,Wind Onshore,2026-07-17T04:55:04Z
2026-07-17T04:54:16Z,2026-07-17T06:54:16+0200,4e64d4d3-e4bc-4728-8eea-52acf8983738,2026-06-29T11:15:00Z,2026-06-29T13:15:00+0200,1482.95,MW,FR,FR,actual_onshore_wind_generation,Wind Onshore,2026-07-17T04:55:04Z
2026-07-17T04:54:16Z,2026-07-17T06:54:16+0200,4e64d4d3-e4bc-4728-8eea-52acf8983738,2026-06-29T11:30:00Z,2026-06-29T13:30:00+0200,1458.1,MW,FR,FR,actual_onshore_wind_generation,Wind Onshore,2026-07-17T04:55:04Z
2026-07-17T04:54:16Z,2026-07-17T06:54:16+0200,4e64d4d3-e4bc-4728-8eea-52acf8983738,2026-06-29T11:45:00Z,2026-06-29T13:45:00+0200,1419.29,MW,FR,FR,actual_onshore_wind_generation,Wind Onshore,2026-07-17T04:55:04Z
2026-07-17T04:54:16Z,2026-07-17T06:54:16+0200,4e64d4d3-e4bc-4728-8eea-52acf8983738,2026-06-29T12:00:00Z,2026-06-29T14:00:00+0200,1408.25,MW,FR,FR,actual_onshore_wind_generation,Wind Onshore,2026-07-17T04:55:04Z
2026-07-17T04:54:16Z,2026-07-17T06:54:16+0200,4e64d4d3-e4bc-4728-8eea-52acf8983738,2026-06-29T12:15:00Z,2026-06-29T14:15:00+0200,1392.77,MW,FR,FR,actual_onshore_wind_generation,Wind Onshore,2026-07-17T04:55:04Z
2026-07-17T04:54:16Z,2026-07-17T06:54:16+0200,4e64d4d3-e4bc-4728-8eea-52acf8983738,2026-06-29T12:30:00Z,2026-06-29T14:30:00+0200,1417.68,MW,FR,FR,actual_onshore_wind_generation,Wind Onshore,2026-07-17T04:55:04Z
2026-07-17T04:54:16Z,2026-07-17T06:54:16+0200,4e64d4d3-e4bc-4728-8eea-52acf8983738,2026-06-29T12:45:00Z,2026-06-29T14:45:00+0200,1444.76,MW,FR,FR,actual_onshore_wind_generation,Wind Onshore,2026-07-17T04:55:04Z
2026-07-17T04:54:16Z,2026-07-17T06:54:16+0200,4e64d4d3-e4bc-4728-8eea-52acf8983738,2026-06-29T13:00:00Z,2026-06-29T15:00:00+0200,1463.23,MW,FR,FR,actual_onshore_wind_generation,Wind Onshore,2026-07-17T04:55:04Z
2026-07-17T04:54:16Z,2026-07-17T06:54:16+0200,4e64d4d3-e4bc-4728-8eea-52acf8983738,2026-06-29T13:15:00Z,2026-06-29T15:15:00+0200,1485.63,MW,FR,FR,actual_onshore_wind_generation,Wind Onshore,2026-07-17T04:55:04Z
2026-07-17T04:54:16Z,2026-07-17T06:54:16+0200,4e64d4d3-e4bc-4728-8eea-52acf8983738,2026-06-29T13:30:00Z,2026-06-29T15:30:00+0200,1501.32,MW,FR,FR,actual_onshore_wind_generation,Wind Onshore,2026-07-17T04:55:04Z
2026-07-17T04:54:16Z,2026-07-17T06:54:16+0200,4e64d4d3-e4bc-4728-8eea-52acf8983738,2026-06-29T13:45:00Z,2026-06-29T15:45:00+0200,1492.17,MW,FR,FR,actual_onshore_wind_generation,Wind Onshore,2026-07-17T04:55:04Z
2026-07-17T04:54:16Z,2026-07-17T06:54:16+0200,4e64d4d3-e4bc-4728-8eea-52acf8983738,2026-06-29T14:00:00Z,2026-06-29T16:00:00+0200,1535.08,MW,FR,FR,actual_onshore_wind_generation,Wind Onshore,2026-07-17T04:55:04Z
2026-07-17T04:54:16Z,2026-07-17T06:54:16+0200,4e64d4d3-e4bc-4728-8eea-52acf8983738,2026-06-29T14:15:00Z,2026-06-29T16:15:00+0200,1554.48,MW,FR,FR,actual_onshore_wind_generation,Wind Onshore,2026-07-17T04:55:04Z
2026-07-17T04:54:16Z,2026-07-17T06:54:16+0200,4e64d4d3-e4bc-4728-8eea-52acf8983738,2026-06-29T14:30:00Z,2026-06-29T16:30:00+0200,1596.91,MW,FR,FR,actual_onshore_wind_generation,Wind Onshore,2026-07-17T04:55:04Z
2026-07-17T04:54:16Z,2026-07-17T06:54:16+0200,4e64d4d3-e4bc-4728-8eea-52acf8983738,2026-06-29T14:45:00Z,2026-06-29T16:45:00+0200,1618.4,MW,FR,FR,actual_onshore_wind_generation,Wind Onshore,2026-07-17T04:55:04Z
2026-07-17T04:54:16Z,2026-07-17T06:54:16+0200,4e64d4d3-e4bc-4728-8eea-52acf8983738,2026-06-29T15:00:00Z,2026-06-29T17:00:00+0200,1730.57,MW,FR,FR,actual_onshore_wind_generation,Wind Onshore,2026-07-17T04:55:04Z
2026-07-17T04:54:16Z,2026-07-17T06:54:16+0200,4e64d4d3-e4bc-4728-8eea-52acf8983738,2026-06-29T15:15:00Z,2026-06-29T17:15:00+0200,1800.15,MW,FR,FR,actual_onshore_wind_generation,Wind Onshore,2026-07-17T04:55:04Z
2026-07-17T04:54:16Z,2026-07-17T06:54:16+0200,4e64d4d3-e4bc-4728-8eea-52acf8983738,2026-06-29T15:30:00Z,2026-06-29T17:30:00+0200,1852.35,MW,FR,FR,actual_onshore_wind_generation,Wind Onshore,2026-07-17T04:55:04Z
2026-07-17T04:54:16Z,2026-07-17T06:54:16+0200,4e64d4d3-e4bc-4728-8eea-52acf8983738,2026-06-29T15:45:00Z,2026-06-29T17:45:00+0200,1965.88,MW,FR,FR,actual_onshore_wind_generation,Wind Onshore,2026-07-17T04:55:04Z
2026-07-17T04:54:16Z,2026-07-17T06:54:16+0200,4e64d4d3-e4bc-4728-8eea-52acf8983738,2026-06-29T16:00:00Z,2026-06-29T18:00:00+0200,2045.55,MW,FR,FR,actual_onshore_wind_generation,Wind Onshore,2026-07-17T04:55:04Z
2026-07-17T04:54:16Z,2026-07-17T06:54:16+0200,4e64d4d3-e4bc-4728-8eea-52acf8983738,2026-06-29T16:15:00Z,2026-06-29T18:15:00+0200,2156.84,MW,FR,FR,actual_onshore_wind_generation,Wind Onshore,2026-07-17T04:55:04Z
2026-07-17T04:54:16Z,2026-07-17T06:54:16+0200,4e64d4d3-e4bc-4728-8eea-52acf8983738,2026-06-29T16:30:00Z,2026-06-29T18:30:00+0200,2194.52,MW,FR,FR,actual_onshore_wind_generation,Wind Onshore,2026-07-17T04:55:04Z
2026-07-17T04:54:16Z,2026-07-17T06:54:16+0200,4e64d4d3-e4bc-4728-8eea-52acf8983738,2026-06-29T16:45:00Z,2026-06-29T18:45:00+0200,2245.17,MW,FR,FR,actual_onshore_wind_generation,Wind Onshore,2026-07-17T04:55:04Z
2026-07-17T04:54:16Z,2026-07-17T06:54:16+0200,4e64d4d3-e4bc-4728-8eea-52acf8983738,2026-06-29T17:00:00Z,2026-06-29T19:00:00+0200,2352.13,MW,FR,FR,actual_onshore_wind_generation,Wind Onshore,2026-07-17T04:55:04Z
2026-07-17T04:54:16Z,2026-07-17T06:54:16+0200,4e64d4d3-e4bc-4728-8eea-52acf8983738,2026-06-29T17:15:00Z,2026-06-29T19:15:00+0200,2405.02,MW,FR,FR,actual_onshore_wind_generation,Wind Onshore,2026-07-17T04:55:04Z
2026-07-17T04:54:16Z,2026-07-17T06:54:16+0200,4e64d4d3-e4bc-4728-8eea-52acf8983738,2026-06-29T17:30:00Z,2026-06-29T19:30:00+0200,2402.95,MW,FR,FR,actual_onshore_wind_generation,Wind Onshore,2026-07-17T04:55:04Z
2026-07-17T04:54:16Z,2026-07-17T06:54:16+0200,4e64d4d3-e4bc-4728-8eea-52acf8983738,2026-06-29T17:45:00Z,2026-06-29T19:45:00+0200,2434.3,MW,FR,FR,actual_onshore_wind_generation,Wind Onshore,2026-07-17T04:55:04Z
2026-07-17T04:54:16Z,2026-07-17T06:54:16+0200,4e64d4d3-e4bc-4728-8eea-52acf8983738,2026-06-29T18:00:00Z,2026-06-29T20:00:00+0200,2444.2,MW,FR,FR,actual_onshore_wind_generation,Wind Onshore,2026-07-17T04:55:04Z
2026-07-17T04:54:16Z,2026-07-17T06:54:16+0200,4e64d4d3-e4bc-4728-8eea-52acf8983738,2026-06-29T18:15:00Z,2026-06-29T20:15:00+0200,2533.11,MW,FR,FR,actual_onshore_wind_generation,Wind Onshore,2026-07-17T04:55:04Z
2026-07-17T04:54:16Z,2026-07-17T06:54:16+0200,4e64d4d3-e4bc-4728-8eea-52acf8983738,2026-06-29T18:30:00Z,2026-06-29T20:30:00+0200,2647.47,MW,FR,FR,actual_onshore_wind_generation,Wind Onshore,2026-07-17T04:55:04Z
2026-07-17T04:54:16Z,2026-07-17T06:54:16+0200,4e64d4d3-e4bc-4728-8eea-52acf8983738,2026-06-29T18:45:00Z,2026-06-29T20:45:00+0200,2688.89,MW,FR,FR,actual_onshore_wind_generation,Wind Onshore,2026-07-17T04:55:04Z
2026-07-17T04:54:16Z,2026-07-17T06:54:16+0200,4e64d4d3-e4bc-4728-8eea-52acf8983738,2026-06-29T19:00:00Z,2026-06-29T21:00:00+0200,2700.87,MW,FR,FR,actual_onshore_wind_generation,Wind Onshore,2026-07-17T04:55:04Z
2026-07-17T04:54:16Z,2026-07-17T06:54:16+0200,4e64d4d3-e4bc-4728-8eea-52acf8983738,2026-06-29T19:15:00Z,2026-06-29T21:15:00+0200,2813.97,MW,FR,FR,actual_onshore_wind_generation,Wind Onshore,2026-07-17T04:55:04Z
2026-07-17T04:54:16Z,2026-07-17T06:54:16+0200,4e64d4d3-e4bc-4728-8eea-52acf8983738,2026-06-29T19:30:00Z,2026-06-29T21:30:00+0200,2903.25,MW,FR,FR,actual_onshore_wind_generation,Wind Onshore,2026-07-17T04:55:04Z
2026-07-17T04:54:16Z,2026-07-17T06:54:16+0200,4e64d4d3-e4bc-4728-8eea-52acf8983738,2026-06-29T19:45:00Z,2026-06-29T21:45:00+0200,3004.83,MW,FR,FR,actual_onshore_wind_generation,Wind Onshore,2026-07-17T04:55:04Z
2026-07-17T04:54:16Z,2026-07-17T06:54:16+0200,4e64d4d3-e4bc-4728-8eea-52acf8983738,2026-06-29T20:00:00Z,2026-06-29T22:00:00+0200,3108.31,MW,FR,FR,actual_onshore_wind_generation,Wind Onshore,2026-07-17T04:55:04Z
2026-07-17T04:54:16Z,2026-07-17T06:54:16+0200,4e64d4d3-e4bc-4728-8eea-52acf8983738,2026-06-29T20:15:00Z,2026-06-29T22:15:00+0200,3188.65,MW,FR,FR,actual_onshore_wind_generation,Wind Onshore,2026-07-17T04:55:04Z
2026-07-17T04:54:16Z,2026-07-17T06:54:16+0200,4e64d4d3-e4bc-4728-8eea-52acf8983738,2026-06-29T20:30:00Z,2026-06-29T22:30:00+0200,3311.61,MW,FR,FR,actual_onshore_wind_generation,Wind Onshore,2026-07-17T04:55:04Z
2026-07-17T04:54:16Z,2026-07-17T06:54:16+0200,4e64d4d3-e4bc-4728-8eea-52acf8983738,2026-06-29T20:45:00Z,2026-06-29T22:45:00+0200,3416.04,MW,FR,FR,actual_onshore_wind_generation,Wind Onshore,2026-07-17T04:55:04Z
2026-07-17T04:54:16Z,2026-07-17T06:54:16+0200,4e64d4d3-e4bc-4728-8eea-52acf8983738,2026-06-29T21:00:00Z,2026-06-29T23:00:00+0200,3540.65,MW,FR,FR,actual_onshore_wind_generation,Wind Onshore,2026-07-17T04:55:04Z
2026-07-17T04:54:16Z,2026-07-17T06:54:16+0200,4e64d4d3-e4bc-4728-8eea-52acf8983738,2026-06-29T21:15:00Z,2026-06-29T23:15:00+0200,3640.22,MW,FR,FR,actual_onshore_wind_generation,Wind Onshore,2026-07-17T04:55:04Z
2026-07-17T04:54:16Z,2026-07-17T06:54:16+0200,4e64d4d3-e4bc-4728-8eea-52acf8983738,2026-06-29T21:30:00Z,2026-06-29T23:30:00+0200,3697.89,MW,FR,FR,actual_onshore_wind_generation,Wind Onshore,2026-07-17T04:55:04Z
2026-07-17T04:54:16Z,2026-07-17T06:54:16+0200,4e64d4d3-e4bc-4728-8eea-52acf8983738,2026-06-29T21:45:00Z,2026-06-29T23:45:00+0200,3715.46,MW,FR,FR,actual_onshore_wind_generation,Wind Onshore,2026-07-17T04:55:04Z
2026-07-17T04:54:16Z,2026-07-17T06:54:16+0200,4e64d4d3-e4bc-4728-8eea-52acf8983738,2026-06-29T22:00:00Z,2026-06-30T00:00:00+0200,3687.51,MW,FR,FR,actual_onshore_wind_generation,Wind Onshore,2026-07-17T04:55:04Z
2026-07-17T04:54:16Z,2026-07-17T06:54:16+0200,4e64d4d3-e4bc-4728-8eea-52acf8983738,2026-06-29T22:15:00Z,2026-06-30T00:15:00+0200,3556.35,MW,FR,FR,actual_onshore_wind_generation,Wind Onshore,2026-07-17T04:55:04Z
2026-07-17T04:54:16Z,2026-07-17T06:54:16+0200,4e64d4d3-e4bc-4728-8eea-52acf8983738,2026-06-29T22:30:00Z,2026-06-30T00:30:00+0200,3431.17,MW,FR,FR,actual_onshore_wind_generation,Wind Onshore,2026-07-17T04:55:04Z
2026-07-17T04:54:16Z,2026-07-17T06:54:16+0200,4e64d4d3-e4bc-4728-8eea-52acf8983738,2026-06-29T22:45:00Z,2026-06-30T00:45:00+0200,3366.56,MW,FR,FR,actual_onshore_wind_generation,Wind Onshore,2026-07-17T04:55:04Z
2026-07-17T04:54:16Z,2026-07-17T06:54:16+0200,4e64d4d3-e4bc-4728-8eea-52acf8983738,2026-06-29T23:00:00Z,2026-06-30T01:00:00+0200,3321.48,MW,FR,FR,actual_onshore_wind_generation,Wind Onshore,2026-07-17T04:55:04Z
2026-07-17T04:54:16Z,2026-07-17T06:54:16+0200,4e64d4d3-e4bc-4728-8eea-52acf8983738,2026-06-29T23:15:00Z,2026-06-30T01:15:00+0200,3244.14,MW,FR,FR,actual_onshore_wind_generation,Wind Onshore,2026-07-17T04:55:04Z
2026-07-17T04:54:16Z,2026-07-17T06:54:16+0200,4e64d4d3-e4bc-4728-8eea-52acf8983738,2026-06-29T23:30:00Z,2026-06-30T01:30:00+0200,3227.3,MW,FR,FR,actual_onshore_wind_generation,Wind Onshore,2026-07-17T04:55:04Z
2026-07-17T04:54:16Z,2026-07-17T06:54:16+0200,4e64d4d3-e4bc-4728-8eea-52acf8983738,2026-06-29T23:45:00Z,2026-06-30T01:45:00+0200,3199.84,MW,FR,FR,actual_onshore_wind_generation,Wind Onshore,2026-07-17T04:55:04Z
2026-07-17T04:54:16Z,2026-07-17T06:54:16+0200,4e64d4d3-e4bc-4728-8eea-52acf8983738,2026-06-30T00:00:00Z,2026-06-30T02:00:00+0200,3154.04,MW,FR,FR,actual_onshore_wind_generation,Wind Onshore,2026-07-17T04:55:04Z
2026-07-17T04:54:16Z,2026-07-17T06:54:16+0200,4e64d4d3-e4bc-4728-8eea-52acf8983738,2026-06-30T00:15:00Z,2026-06-30T02:15:00+0200,3116.34,MW,FR,FR,actual_onshore_wind_generation,Wind Onshore,2026-07-17T04:55:04Z
2026-07-17T04:54:16Z,2026-07-17T06:54:16+0200,4e64d4d3-e4bc-4728-8eea-52acf8983738,2026-06-30T00:30:00Z,2026-06-30T02:30:00+0200,3097.91,MW,FR,FR,actual_onshore_wind_generation,Wind Onshore,2026-07-17T04:55:04Z
2026-07-17T04:54:16Z,2026-07-17T06:54:16+0200,4e64d4d3-e4bc-4728-8eea-52acf8983738,2026-06-30T00:45:00Z,2026-06-30T02:45:00+0200,3028.41,MW,FR,FR,actual_onshore_wind_generation,Wind Onshore,2026-07-17T04:55:04Z
2026-07-17T04:54:16Z,2026-07-17T06:54:16+0200,4e64d4d3-e4bc-4728-8eea-52acf8983738,2026-06-30T01:00:00Z,2026-06-30T03:00:00+0200,2986.77,MW,FR,FR,actual_onshore_wind_generation,Wind Onshore,2026-07-17T04:55:04Z
2026-07-17T04:54:16Z,2026-07-17T06:54:16+0200,4e64d4d3-e4bc-4728-8eea-52acf8983738,2026-06-30T01:15:00Z,2026-06-30T03:15:00+0200,2906.77,MW,FR,FR,actual_onshore_wind_generation,Wind Onshore,2026-07-17T04:55:04Z
2026-07-17T04:54:16Z,2026-07-17T06:54:16+0200,4e64d4d3-e4bc-4728-8eea-52acf8983738,2026-06-30T01:30:00Z,2026-06-30T03:30:00+0200,2803.71,MW,FR,FR,actual_onshore_wind_generation,Wind Onshore,2026-07-17T04:55:04Z
2026-07-17T04:54:16Z,2026-07-17T06:54:16+0200,4e64d4d3-e4bc-4728-8eea-52acf8983738,2026-06-30T01:45:00Z,2026-06-30T03:45:00+0200,2724.82,MW,FR,FR,actual_onshore_wind_generation,Wind Onshore,2026-07-17T04:55:04Z
2026-07-17T04:54:16Z,2026-07-17T06:54:16+0200,4e64d4d3-e4bc-4728-8eea-52acf8983738,2026-06-30T02:00:00Z,2026-06-30T04:00:00+0200,2646.05,MW,FR,FR,actual_onshore_wind_generation,Wind Onshore,2026-07-17T04:55:04Z
2026-07-17T04:54:16Z,2026-07-17T06:54:16+0200,4e64d4d3-e4bc-4728-8eea-52acf8983738,2026-06-30T02:15:00Z,2026-06-30T04:15:00+0200,2583.01,MW,FR,FR,actual_onshore_wind_generation,Wind Onshore,2026-07-17T04:55:04Z
2026-07-17T04:54:16Z,2026-07-17T06:54:16+0200,4e64d4d3-e4bc-4728-8eea-52acf8983738,2026-06-30T02:30:00Z,2026-06-30T04:30:00+0200,2490.57,MW,FR,FR,actual_onshore_wind_generation,Wind Onshore,2026-07-17T04:55:04Z
2026-07-17T04:54:16Z,2026-07-17T06:54:16+0200,4e64d4d3-e4bc-4728-8eea-52acf8983738,2026-06-30T02:45:00Z,2026-06-30T04:45:00+0200,2374.12,MW,FR,FR,actual_onshore_wind_generation,Wind Onshore,2026-07-17T04:55:04Z
2026-07-17T04:54:16Z,2026-07-17T06:54:16+0200,4e64d4d3-e4bc-4728-8eea-52acf8983738,2026-06-30T03:00:00Z,2026-06-30T05:00:00+0200,2214.12,MW,FR,FR,actual_onshore_wind_generation,Wind Onshore,2026-07-17T04:55:04Z
2026-07-17T04:54:16Z,2026-07-17T06:54:16+0200,4e64d4d3-e4bc-4728-8eea-52acf8983738,2026-06-30T03:15:00Z,2026-06-30T05:15:00+0200,2045.59,MW,FR,FR,actual_onshore_wind_generation,Wind Onshore,2026-07-17T04:55:04Z
2026-07-17T04:54:16Z,2026-07-17T06:54:16+0200,4e64d4d3-e4bc-4728-8eea-52acf8983738,2026-06-30T03:30:00Z,2026-06-30T05:30:00+0200,1945.11,MW,FR,FR,actual_onshore_wind_generation,Wind Onshore,2026-07-17T04:55:04Z
2026-07-17T04:54:16Z,2026-07-17T06:54:16+0200,4e64d4d3-e4bc-4728-8eea-52acf8983738,2026-06-30T03:45:00Z,2026-06-30T05:45:00+0200,1890.12,MW,FR,FR,actual_onshore_wind_generation,Wind Onshore,2026-07-17T04:55:04Z
2026-07-17T04:54:16Z,2026-07-17T06:54:16+0200,4e64d4d3-e4bc-4728-8eea-52acf8983738,2026-06-30T04:00:00Z,2026-06-30T06:00:00+0200,1798.92,MW,FR,FR,actual_onshore_wind_generation,Wind Onshore,2026-07-17T04:55:04Z
2026-07-17T04:54:16Z,2026-07-17T06:54:16+0200,4e64d4d3-e4bc-4728-8eea-52acf8983738,2026-06-30T04:15:00Z,2026-06-30T06:15:00+0200,1738.54,MW,FR,FR,actual_onshore_wind_generation,Wind Onshore,2026-07-17T04:55:04Z
2026-07-17T04:54:16Z,2026-07-17T06:54:16+0200,4e64d4d3-e4bc-4728-8eea-52acf8983738,2026-06-30T04:30:00Z,2026-06-30T06:30:00+0200,1672.07,MW,FR,FR,actual_onshore_wind_generation,Wind Onshore,2026-07-17T04:55:04Z
2026-07-17T04:54:16Z,2026-07-17T06:54:16+0200,4e64d4d3-e4bc-4728-8eea-52acf8983738,2026-06-30T04:45:00Z,2026-06-30T06:45:00+0200,1631.13,MW,FR,FR,actual_onshore_wind_generation,Wind Onshore,2026-07-17T04:55:04Z
2026-07-17T04:54:16Z,2026-07-17T06:54:16+0200,4e64d4d3-e4bc-4728-8eea-52acf8983738,2026-06-30T05:00:00Z,2026-06-30T07:00:00+0200,1576.27,MW,FR,FR,actual_onshore_wind_generation,Wind Onshore,2026-07-17T04:55:04Z
2026-07-17T04:54:16Z,2026-07-17T06:54:16+0200,4e64d4d3-e4bc-4728-8eea-52acf8983738,2026-06-30T05:15:00Z,2026-06-30T07:15:00+0200,1495.71,MW,FR,FR,actual_onshore_wind_generation,Wind Onshore,2026-07-17T04:55:04Z
2026-07-17T04:54:16Z,2026-07-17T06:54:16+0200,4e64d4d3-e4bc-4728-8eea-52acf8983738,2026-06-30T05:30:00Z,2026-06-30T07:30:00+0200,1370.98,MW,FR,FR,actual_onshore_wind_generation,Wind Onshore,2026-07-17T04:55:04Z
2026-07-17T04:54:16Z,2026-07-17T06:54:16+0200,4e64d4d3-e4bc-4728-8eea-52acf8983738,2026-06-30T05:45:00Z,2026-06-30T07:45:00+0200,1230.33,MW,FR,FR,actual_onshore_wind_generation,Wind Onshore,2026-07-17T04:55:04Z
2026-07-17T04:54:16Z,2026-07-17T06:54:16+0200,4e64d4d3-e4bc-4728-8eea-52acf8983738,2026-06-30T06:00:00Z,2026-06-30T08:00:00+0200,1106.04,MW,FR,FR,actual_onshore_wind_generation,Wind Onshore,2026-07-17T04:55:04Z
2026-07-17T04:54:16Z,2026-07-17T06:54:16+0200,4e64d4d3-e4bc-4728-8eea-52acf8983738,2026-06-30T06:15:00Z,2026-06-30T08:15:00+0200,1022.76,MW,FR,FR,actual_onshore_wind_generation,Wind Onshore,2026-07-17T04:55:04Z
2026-07-17T04:54:16Z,2026-07-17T06:54:16+0200,4e64d4d3-e4bc-4728-8eea-52acf8983738,2026-06-30T06:30:00Z,2026-06-30T08:30:00+0200,968.52,MW,FR,FR,actual_onshore_wind_generation,Wind Onshore,2026-07-17T04:55:04Z
2026-07-17T04:54:16Z,2026-07-17T06:54:16+0200,4e64d4d3-e4bc-4728-8eea-52acf8983738,2026-06-30T06:45:00Z,2026-06-30T08:45:00+0200,939.38,MW,FR,FR,actual_onshore_wind_generation,Wind Onshore,2026-07-17T04:55:04Z
2026-07-17T04:54:16Z,2026-07-17T06:54:16+0200,4e64d4d3-e4bc-4728-8eea-52acf8983738,2026-06-30T07:00:00Z,2026-06-30T09:00:00+0200,928.13,MW,FR,FR,actual_onshore_wind_generation,Wind Onshore,2026-07-17T04:55:04Z
2026-07-17T04:54:16Z,2026-07-17T06:54:16+0200,4e64d4d3-e4bc-4728-8eea-52acf8983738,2026-06-30T07:15:00Z,2026-06-30T09:15:00+0200,905.96,MW,FR,FR,actual_onshore_wind_generation,Wind Onshore,2026-07-17T04:55:04Z
2026-07-17T04:54:16Z,2026-07-17T06:54:16+0200,4e64d4d3-e4bc-4728-8eea-52acf8983738,2026-06-30T07:30:00Z,2026-06-30T09:30:00+0200,898.35,MW,FR,FR,actual_onshore_wind_generation,Wind Onshore,2026-07-17T04:55:04Z
2026-07-17T04:54:16Z,2026-07-17T06:54:16+0200,4e64d4d3-e4bc-4728-8eea-52acf8983738,2026-06-30T07:45:00Z,2026-06-30T09:45:00+0200,938.29,MW,FR,FR,actual_onshore_wind_generation,Wind Onshore,2026-07-17T04:55:04Z
2026-07-17T04:54:16Z,2026-07-17T06:54:16+0200,4e64d4d3-e4bc-4728-8eea-52acf8983738,2026-06-30T08:00:00Z,2026-06-30T10:00:00+0200,953.44,MW,FR,FR,actual_onshore_wind_generation,Wind Onshore,2026-07-17T04:55:04Z
2026-07-17T04:54:16Z,2026-07-17T06:54:16+0200,4e64d4d3-e4bc-4728-8eea-52acf8983738,2026-06-30T08:15:00Z,2026-06-30T10:15:00+0200,991.1,MW,FR,FR,actual_onshore_wind_generation,Wind Onshore,2026-07-17T04:55:04Z
2026-07-17T04:54:16Z,2026-07-17T06:54:16+0200,4e64d4d3-e4bc-4728-8eea-52acf8983738,2026-06-30T08:30:00Z,2026-06-30T10:30:00+0200,1012.51,MW,FR,FR,actual_onshore_wind_generation,Wind Onshore,2026-07-17T04:55:04Z
2026-07-17T04:54:16Z,2026-07-17T06:54:16+0200,4e64d4d3-e4bc-4728-8eea-52acf8983738,2026-06-30T08:45:00Z,2026-06-30T10:45:00+0200,1037.46,MW,FR,FR,actual_onshore_wind_generation,Wind Onshore,2026-07-17T04:55:04Z
2026-07-17T04:54:16Z,2026-07-17T06:54:16+0200,4e64d4d3-e4bc-4728-8eea-52acf8983738,2026-06-30T09:00:00Z,2026-06-30T11:00:00+0200,1060.27,MW,FR,FR,actual_onshore_wind_generation,Wind Onshore,2026-07-17T04:55:04Z
2026-07-17T04:54:16Z,2026-07-17T06:54:16+0200,4e64d4d3-e4bc-4728-8eea-52acf8983738,2026-06-30T09:15:00Z,2026-06-30T11:15:00+0200,1089.83,MW,FR,FR,actual_onshore_wind_generation,Wind Onshore,2026-07-17T04:55:04Z
2026-07-17T04:54:16Z,2026-07-17T06:54:16+0200,4e64d4d3-e4bc-4728-8eea-52acf8983738,2026-06-30T09:30:00Z,2026-06-30T11:30:00+0200,1142.64,MW,FR,FR,actual_onshore_wind_generation,Wind Onshore,2026-07-17T04:55:04Z
2026-07-17T04:54:16Z,2026-07-17T06:54:16+0200,4e64d4d3-e4bc-4728-8eea-52acf8983738,2026-06-30T09:45:00Z,2026-06-30T11:45:00+0200,1187.99,MW,FR,FR,actual_onshore_wind_generation,Wind Onshore,2026-07-17T04:55:04Z
2026-07-17T04:54:16Z,2026-07-17T06:54:16+0200,4e64d4d3-e4bc-4728-8eea-52acf8983738,2026-06-30T10:00:00Z,2026-06-30T12:00:00+0200,1236.23,MW,FR,FR,actual_onshore_wind_generation,Wind Onshore,2026-07-17T04:55:04Z
2026-07-17T04:54:16Z,2026-07-17T06:54:16+0200,4e64d4d3-e4bc-4728-8eea-52acf8983738,2026-06-30T10:15:00Z,2026-06-30T12:15:00+0200,1246.21,MW,FR,FR,actual_onshore_wind_generation,Wind Onshore,2026-07-17T04:55:04Z
2026-07-17T04:54:16Z,2026-07-17T06:54:16+0200,4e64d4d3-e4bc-4728-8eea-52acf8983738,2026-06-30T10:30:00Z,2026-06-30T12:30:00+0200,1257.26,MW,FR,FR,actual_onshore_wind_generation,Wind Onshore,2026-07-17T04:55:04Z
2026-07-17T04:54:16Z,2026-07-17T06:54:16+0200,4e64d4d3-e4bc-4728-8eea-52acf8983738,2026-06-30T10:45:00Z,2026-06-30T12:45:00+0200,1234.73,MW,FR,FR,actual_onshore_wind_generation,Wind Onshore,2026-07-17T04:55:04Z
2026-07-17T04:54:16Z,2026-07-17T06:54:16+0200,4e64d4d3-e4bc-4728-8eea-52acf8983738,2026-06-30T11:00:00Z,2026-06-30T13:00:00+0200,1194.65,MW,FR,FR,actual_onshore_wind_generation,Wind Onshore,2026-07-17T04:55:04Z
2026-07-17T04:54:16Z,2026-07-17T06:54:16+0200,4e64d4d3-e4bc-4728-8eea-52acf8983738,2026-06-30T11:15:00Z,2026-06-30T13:15:00+0200,1197.08,MW,FR,FR,actual_onshore_wind_generation,Wind Onshore,2026-07-17T04:55:04Z
2026-07-17T04:54:16Z,2026-07-17T06:54:16+0200,4e64d4d3-e4bc-4728-8eea-52acf8983738,2026-06-30T11:30:00Z,2026-06-30T13:30:00+0200,1207.57,MW,FR,FR,actual_onshore_wind_generation,Wind Onshore,2026-07-17T04:55:04Z
2026-07-17T04:54:16Z,2026-07-17T06:54:16+0200,4e64d4d3-e4bc-4728-8eea-52acf8983738,2026-06-30T11:45:00Z,2026-06-30T13:45:00+0200,1211.08,MW,FR,FR,actual_onshore_wind_generation,Wind Onshore,2026-07-17T04:55:04Z
2026-07-17T04:54:16Z,2026-07-17T06:54:16+0200,4e64d4d3-e4bc-4728-8eea-52acf8983738,2026-06-30T12:00:00Z,2026-06-30T14:00:00+0200,1234.06,MW,FR,FR,actual_onshore_wind_generation,Wind Onshore,2026-07-17T04:55:04Z
2026-07-17T04:54:16Z,2026-07-17T06:54:16+0200,4e64d4d3-e4bc-4728-8eea-52acf8983738,2026-06-30T12:15:00Z,2026-06-30T14:15:00+0200,1295.08,MW,FR,FR,actual_onshore_wind_generation,Wind Onshore,2026-07-17T04:55:04Z
2026-07-17T04:54:16Z,2026-07-17T06:54:16+0200,4e64d4d3-e4bc-4728-8eea-52acf8983738,2026-06-30T12:30:00Z,2026-06-30T14:30:00+0200,1365.91,MW,FR,FR,actual_onshore_wind_generation,Wind Onshore,2026-07-17T04:55:04Z
2026-07-17T04:54:16Z,2026-07-17T06:54:16+0200,4e64d4d3-e4bc-4728-8eea-52acf8983738,2026-06-30T12:45:00Z,2026-06-30T14:45:00+0200,1423.05,MW,FR,FR,actual_onshore_wind_generation,Wind Onshore,2026-07-17T04:55:04Z
2026-07-17T04:54:16Z,2026-07-17T06:54:16+0200,4e64d4d3-e4bc-4728-8eea-52acf8983738,2026-06-30T13:00:00Z,2026-06-30T15:00:00+0200,1533.61,MW,FR,FR,actual_onshore_wind_generation,Wind Onshore,2026-07-17T04:55:04Z
2026-07-17T04:54:16Z,2026-07-17T06:54:16+0200,4e64d4d3-e4bc-4728-8eea-52acf8983738,2026-06-30T13:15:00Z,2026-06-30T15:15:00+0200,1713.6,MW,FR,FR,actual_onshore_wind_generation,Wind Onshore,2026-07-17T04:55:04Z
2026-07-17T04:54:16Z,2026-07-17T06:54:16+0200,4e64d4d3-e4bc-4728-8eea-52acf8983738,2026-06-30T13:30:00Z,2026-06-30T15:30:00+0200,1806.42,MW,FR,FR,actual_onshore_wind_generation,Wind Onshore,2026-07-17T04:55:04Z
2026-07-17T04:54:16Z,2026-07-17T06:54:16+0200,4e64d4d3-e4bc-4728-8eea-52acf8983738,2026-06-30T13:45:00Z,2026-06-30T15:45:00+0200,1934.86,MW,FR,FR,actual_onshore_wind_generation,Wind Onshore,2026-07-17T04:55:04Z
2026-07-17T04:54:16Z,2026-07-17T06:54:16+0200,4e64d4d3-e4bc-4728-8eea-52acf8983738,2026-06-30T14:00:00Z,2026-06-30T16:00:00+0200,1992.73,MW,FR,FR,actual_onshore_wind_generation,Wind Onshore,2026-07-17T04:55:04Z
2026-07-17T04:54:16Z,2026-07-17T06:54:16+0200,4e64d4d3-e4bc-4728-8eea-52acf8983738,2026-06-30T14:15:00Z,2026-06-30T16:15:00+0200,2054.66,MW,FR,FR,actual_onshore_wind_generation,Wind Onshore,2026-07-17T04:55:04Z
2026-07-17T04:54:16Z,2026-07-17T06:54:16+0200,4e64d4d3-e4bc-4728-8eea-52acf8983738,2026-06-30T14:30:00Z,2026-06-30T16:30:00+0200,2110.55,MW,FR,FR,actual_onshore_wind_generation,Wind Onshore,2026-07-17T04:55:04Z
2026-07-17T04:54:16Z,2026-07-17T06:54:16+0200,4e64d4d3-e4bc-4728-8eea-52acf8983738,2026-06-30T14:45:00Z,2026-06-30T16:45:00+0200,2187.13,MW,FR,FR,actual_onshore_wind_generation,Wind Onshore,2026-07-17T04:55:04Z
2026-07-17T04:54:16Z,2026-07-17T06:54:16+0200,4e64d4d3-e4bc-4728-8eea-52acf8983738,2026-06-30T15:00:00Z,2026-06-30T17:00:00+0200,2259.68,MW,FR,FR,actual_onshore_wind_generation,Wind Onshore,2026-07-17T04:55:04Z
2026-07-17T04:54:16Z,2026-07-17T06:54:16+0200,4e64d4d3-e4bc-4728-8eea-52acf8983738,2026-06-30T15:15:00Z,2026-06-30T17:15:00+0200,2355.3,MW,FR,FR,actual_onshore_wind_generation,Wind Onshore,2026-07-17T04:55:04Z
2026-07-17T04:54:16Z,2026-07-17T06:54:16+0200,4e64d4d3-e4bc-4728-8eea-52acf8983738,2026-06-30T15:30:00Z,2026-06-30T17:30:00+0200,2403.68,MW,FR,FR,actual_onshore_wind_generation,Wind Onshore,2026-07-17T04:55:04Z
2026-07-17T04:54:16Z,2026-07-17T06:54:16+0200,4e64d4d3-e4bc-4728-8eea-52acf8983738,2026-06-30T15:45:00Z,2026-06-30T17:45:00+0200,2457.89,MW,FR,FR,actual_onshore_wind_generation,Wind Onshore,2026-07-17T04:55:04Z
2026-07-17T04:54:16Z,2026-07-17T06:54:16+0200,4e64d4d3-e4bc-4728-8eea-52acf8983738,2026-06-30T16:00:00Z,2026-06-30T18:00:00+0200,2491.74,MW,FR,FR,actual_onshore_wind_generation,Wind Onshore,2026-07-17T04:55:04Z
2026-07-17T04:54:16Z,2026-07-17T06:54:16+0200,4e64d4d3-e4bc-4728-8eea-52acf8983738,2026-06-30T16:15:00Z,2026-06-30T18:15:00+0200,2473.53,MW,FR,FR,actual_onshore_wind_generation,Wind Onshore,2026-07-17T04:55:04Z
2026-07-17T04:54:16Z,2026-07-17T06:54:16+0200,4e64d4d3-e4bc-4728-8eea-52acf8983738,2026-06-30T16:30:00Z,2026-06-30T18:30:00+0200,2557.57,MW,FR,FR,actual_onshore_wind_generation,Wind Onshore,2026-07-17T04:55:04Z
2026-07-17T04:54:16Z,2026-07-17T06:54:16+0200,4e64d4d3-e4bc-4728-8eea-52acf8983738,2026-06-30T16:45:00Z,2026-06-30T18:45:00+0200,2683.02,MW,FR,FR,actual_onshore_wind_generation,Wind Onshore,2026-07-17T04:55:04Z
2026-07-17T04:54:16Z,2026-07-17T06:54:16+0200,4e64d4d3-e4bc-4728-8eea-52acf8983738,2026-06-30T17:00:00Z,2026-06-30T19:00:00+0200,2796.93,MW,FR,FR,actual_onshore_wind_generation,Wind Onshore,2026-07-17T04:55:04Z
2026-07-17T04:54:16Z,2026-07-17T06:54:16+0200,4e64d4d3-e4bc-4728-8eea-52acf8983738,2026-06-30T17:15:00Z,2026-06-30T19:15:00+0200,2982.64,MW,FR,FR,actual_onshore_wind_generation,Wind Onshore,2026-07-17T04:55:04Z
2026-07-17T04:54:16Z,2026-07-17T06:54:16+0200,4e64d4d3-e4bc-4728-8eea-52acf8983738,2026-06-30T17:30:00Z,2026-06-30T19:30:00+0200,3181.19,MW,FR,FR,actual_onshore_wind_generation,Wind Onshore,2026-07-17T04:55:04Z
2026-07-17T04:54:16Z,2026-07-17T06:54:16+0200,4e64d4d3-e4bc-4728-8eea-52acf8983738,2026-06-30T17:45:00Z,2026-06-30T19:45:00+0200,3293.96,MW,FR,FR,actual_onshore_wind_generation,Wind Onshore,2026-07-17T04:55:04Z
2026-07-17T04:54:16Z,2026-07-17T06:54:16+0200,4e64d4d3-e4bc-4728-8eea-52acf8983738,2026-06-30T18:00:00Z,2026-06-30T20:00:00+0200,3453.65,MW,FR,FR,actual_onshore_wind_generation,Wind Onshore,2026-07-17T04:55:04Z
2026-07-17T04:54:16Z,2026-07-17T06:54:16+0200,4e64d4d3-e4bc-4728-8eea-52acf8983738,2026-06-30T18:15:00Z,2026-06-30T20:15:00+0200,3519.68,MW,FR,FR,actual_onshore_wind_generation,Wind Onshore,2026-07-17T04:55:04Z
2026-07-17T04:54:16Z,2026-07-17T06:54:16+0200,4e64d4d3-e4bc-4728-8eea-52acf8983738,2026-06-30T18:30:00Z,2026-06-30T20:30:00+0200,3601.84,MW,FR,FR,actual_onshore_wind_generation,Wind Onshore,2026-07-17T04:55:04Z
2026-07-17T04:54:16Z,2026-07-17T06:54:16+0200,4e64d4d3-e4bc-4728-8eea-52acf8983738,2026-06-30T18:45:00Z,2026-06-30T20:45:00+0200,3668.31,MW,FR,FR,actual_onshore_wind_generation,Wind Onshore,2026-07-17T04:55:04Z
2026-07-17T04:54:16Z,2026-07-17T06:54:16+0200,4e64d4d3-e4bc-4728-8eea-52acf8983738,2026-06-30T19:00:00Z,2026-06-30T21:00:00+0200,3765.21,MW,FR,FR,actual_onshore_wind_generation,Wind Onshore,2026-07-17T04:55:04Z
2026-07-17T04:54:16Z,2026-07-17T06:54:16+0200,4e64d4d3-e4bc-4728-8eea-52acf8983738,2026-06-30T19:15:00Z,2026-06-30T21:15:00+0200,3920.72,MW,FR,FR,actual_onshore_wind_generation,Wind Onshore,2026-07-17T04:55:04Z
2026-07-17T04:54:16Z,2026-07-17T06:54:16+0200,4e64d4d3-e4bc-4728-8eea-52acf8983738,2026-06-30T19:30:00Z,2026-06-30T21:30:00+0200,4043.15,MW,FR,FR,actual_onshore_wind_generation,Wind Onshore,2026-07-17T04:55:04Z
2026-07-17T04:54:16Z,2026-07-17T06:54:16+0200,4e64d4d3-e4bc-4728-8eea-52acf8983738,2026-06-30T19:45:00Z,2026-06-30T21:45:00+0200,4012.21,MW,FR,FR,actual_onshore_wind_generation,Wind Onshore,2026-07-17T04:55:04Z
2026-07-17T04:54:16Z,2026-07-17T06:54:16+0200,4e64d4d3-e4bc-4728-8eea-52acf8983738,2026-06-30T20:00:00Z,2026-06-30T22:00:00+0200,3961.68,MW,FR,FR,actual_onshore_wind_generation,Wind Onshore,2026-07-17T04:55:04Z
2026-07-17T04:54:16Z,2026-07-17T06:54:16+0200,4e64d4d3-e4bc-4728-8eea-52acf8983738,2026-06-30T20:15:00Z,2026-06-30T22:15:00+0200,3985.68,MW,FR,FR,actual_onshore_wind_generation,Wind Onshore,2026-07-17T04:55:04Z
2026-07-17T04:54:16Z,2026-07-17T06:54:16+0200,4e64d4d3-e4bc-4728-8eea-52acf8983738,2026-06-30T20:30:00Z,2026-06-30T22:30:00+0200,3978.06,MW,FR,FR,actual_onshore_wind_generation,Wind Onshore,2026-07-17T04:55:04Z
2026-07-17T04:54:16Z,2026-07-17T06:54:16+0200,4e64d4d3-e4bc-4728-8eea-52acf8983738,2026-06-30T20:45:00Z,2026-06-30T22:45:00+0200,4031.43,MW,FR,FR,actual_onshore_wind_generation,Wind Onshore,2026-07-17T04:55:04Z
2026-07-17T04:54:16Z,2026-07-17T06:54:16+0200,4e64d4d3-e4bc-4728-8eea-52acf8983738,2026-06-30T21:00:00Z,2026-06-30T23:00:00+0200,4094.74,MW,FR,FR,actual_onshore_wind_generation,Wind Onshore,2026-07-17T04:55:04Z
2026-07-17T04:54:16Z,2026-07-17T06:54:16+0200,4e64d4d3-e4bc-4728-8eea-52acf8983738,2026-06-30T21:15:00Z,2026-06-30T23:15:00+0200,4067.0,MW,FR,FR,actual_onshore_wind_generation,Wind Onshore,2026-07-17T04:55:04Z
2026-07-17T04:54:16Z,2026-07-17T06:54:16+0200,4e64d4d3-e4bc-4728-8eea-52acf8983738,2026-06-30T21:30:00Z,2026-06-30T23:30:00+0200,4032.35,MW,FR,FR,actual_onshore_wind_generation,Wind Onshore,2026-07-17T04:55:04Z
2026-07-17T04:54:16Z,2026-07-17T06:54:16+0200,4e64d4d3-e4bc-4728-8eea-52acf8983738,2026-06-30T21:45:00Z,2026-06-30T23:45:00+0200,3973.12,MW,FR,FR,actual_onshore_wind_generation,Wind Onshore,2026-07-17T04:55:04Z
2026-07-17T04:54:16Z,2026-07-17T06:54:16+0200,4e64d4d3-e4bc-4728-8eea-52acf8983738,2026-06-30T22:00:00Z,2026-07-01T00:00:00+0200,3927.23,MW,FR,FR,actual_onshore_wind_generation,Wind Onshore,2026-07-17T04:55:04Z
2026-07-17T04:54:16Z,2026-07-17T06:54:16+0200,4e64d4d3-e4bc-4728-8eea-52acf8983738,2026-06-30T22:15:00Z,2026-07-01T00:15:00+0200,3860.88,MW,FR,FR,actual_onshore_wind_generation,Wind Onshore,2026-07-17T04:55:04Z
2026-07-17T04:54:16Z,2026-07-17T06:54:16+0200,4e64d4d3-e4bc-4728-8eea-52acf8983738,2026-06-30T22:30:00Z,2026-07-01T00:30:00+0200,3787.9,MW,FR,FR,actual_onshore_wind_generation,Wind Onshore,2026-07-17T04:55:04Z
2026-07-17T04:54:16Z,2026-07-17T06:54:16+0200,4e64d4d3-e4bc-4728-8eea-52acf8983738,2026-06-30T22:45:00Z,2026-07-01T00:45:00+0200,3745.64,MW,FR,FR,actual_onshore_wind_generation,Wind Onshore,2026-07-17T04:55:04Z
2026-07-17T04:54:16Z,2026-07-17T06:54:16+0200,4e64d4d3-e4bc-4728-8eea-52acf8983738,2026-06-30T23:00:00Z,2026-07-01T01:00:00+0200,3730.74,MW,FR,FR,actual_onshore_wind_generation,Wind Onshore,2026-07-17T04:55:04Z
2026-07-17T04:54:16Z,2026-07-17T06:54:16+0200,4e64d4d3-e4bc-4728-8eea-52acf8983738,2026-06-30T23:15:00Z,2026-07-01T01:15:00+0200,3694.33,MW,FR,FR,actual_onshore_wind_generation,Wind Onshore,2026-07-17T04:55:04Z
2026-07-17T04:54:16Z,2026-07-17T06:54:16+0200,4e64d4d3-e4bc-4728-8eea-52acf8983738,2026-06-30T23:30:00Z,2026-07-01T01:30:00+0200,3685.45,MW,FR,FR,actual_onshore_wind_generation,Wind Onshore,2026-07-17T04:55:04Z
2026-07-17T04:54:16Z,2026-07-17T06:54:16+0200,4e64d4d3-e4bc-4728-8eea-52acf8983738,2026-06-30T23:45:00Z,2026-07-01T01:45:00+0200,3668.78,MW,FR,FR,actual_onshore_wind_generation,Wind Onshore,2026-07-17T04:55:04Z
2026-07-17T04:54:16Z,2026-07-17T06:54:16+0200,4e64d4d3-e4bc-4728-8eea-52acf8983738,2026-07-01T00:00:00Z,2026-07-01T02:00:00+0200,3696.18,MW,FR,FR,actual_onshore_wind_generation,Wind Onshore,2026-07-17T04:55:04Z
2026-07-17T04:54:16Z,2026-07-17T06:54:16+0200,4e64d4d3-e4bc-4728-8eea-52acf8983738,2026-07-01T00:15:00Z,2026-07-01T02:15:00+0200,3768.85,MW,FR,FR,actual_onshore_wind_generation,Wind Onshore,2026-07-17T04:55:04Z
2026-07-17T04:54:16Z,2026-07-17T06:54:16+0200,4e64d4d3-e4bc-4728-8eea-52acf8983738,2026-07-01T00:30:00Z,2026-07-01T02:30:00+0200,3758.16,MW,FR,FR,actual_onshore_wind_generation,Wind Onshore,2026-07-17T04:55:04Z
2026-07-17T04:54:16Z,2026-07-17T06:54:16+0200,4e64d4d3-e4bc-4728-8eea-52acf8983738,2026-07-01T00:45:00Z,2026-07-01T02:45:00+0200,3725.79,MW,FR,FR,actual_onshore_wind_generation,Wind Onshore,2026-07-17T04:55:04Z
2026-07-17T04:54:16Z,2026-07-17T06:54:16+0200,4e64d4d3-e4bc-4728-8eea-52acf8983738,2026-07-01T01:00:00Z,2026-07-01T03:00:00+0200,3778.24,MW,FR,FR,actual_onshore_wind_generation,Wind Onshore,2026-07-17T04:55:04Z
2026-07-17T04:54:16Z,2026-07-17T06:54:16+0200,4e64d4d3-e4bc-4728-8eea-52acf8983738,2026-07-01T01:15:00Z,2026-07-01T03:15:00+0200,3819.6,MW,FR,FR,actual_onshore_wind_generation,Wind Onshore,2026-07-17T04:55:04Z
2026-07-17T04:54:16Z,2026-07-17T06:54:16+0200,4e64d4d3-e4bc-4728-8eea-52acf8983738,2026-07-01T01:30:00Z,2026-07-01T03:30:00+0200,3952.25,MW,FR,FR,actual_onshore_wind_generation,Wind Onshore,2026-07-17T04:55:04Z
2026-07-17T04:54:16Z,2026-07-17T06:54:16+0200,4e64d4d3-e4bc-4728-8eea-52acf8983738,2026-07-01T01:45:00Z,2026-07-01T03:45:00+0200,4086.59,MW,FR,FR,actual_onshore_wind_generation,Wind Onshore,2026-07-17T04:55:04Z
2026-07-17T04:54:16Z,2026-07-17T06:54:16+0200,4e64d4d3-e4bc-4728-8eea-52acf8983738,2026-07-01T02:00:00Z,2026-07-01T04:00:00+0200,4378.69,MW,FR,FR,actual_onshore_wind_generation,Wind Onshore,2026-07-17T04:55:04Z
2026-07-17T04:54:16Z,2026-07-17T06:54:16+0200,4e64d4d3-e4bc-4728-8eea-52acf8983738,2026-07-01T02:15:00Z,2026-07-01T04:15:00+0200,4387.91,MW,FR,FR,actual_onshore_wind_generation,Wind Onshore,2026-07-17T04:55:04Z
2026-07-17T04:54:16Z,2026-07-17T06:54:16+0200,4e64d4d3-e4bc-4728-8eea-52acf8983738,2026-07-01T02:30:00Z,2026-07-01T04:30:00+0200,4305.42,MW,FR,FR,actual_onshore_wind_generation,Wind Onshore,2026-07-17T04:55:04Z
2026-07-17T04:54:16Z,2026-07-17T06:54:16+0200,4e64d4d3-e4bc-4728-8eea-52acf8983738,2026-07-01T02:45:00Z,2026-07-01T04:45:00+0200,4220.56,MW,FR,FR,actual_onshore_wind_generation,Wind Onshore,2026-07-17T04:55:04Z
2026-07-17T04:54:16Z,2026-07-17T06:54:16+0200,4e64d4d3-e4bc-4728-8eea-52acf8983738,2026-07-01T03:00:00Z,2026-07-01T05:00:00+0200,4016.03,MW,FR,FR,actual_onshore_wind_generation,Wind Onshore,2026-07-17T04:55:04Z
2026-07-17T04:54:16Z,2026-07-17T06:54:16+0200,4e64d4d3-e4bc-4728-8eea-52acf8983738,2026-07-01T03:15:00Z,2026-07-01T05:15:00+0200,3894.31,MW,FR,FR,actual_onshore_wind_generation,Wind Onshore,2026-07-17T04:55:04Z
2026-07-17T04:54:16Z,2026-07-17T06:54:16+0200,4e64d4d3-e4bc-4728-8eea-52acf8983738,2026-07-01T03:30:00Z,2026-07-01T05:30:00+0200,3918.72,MW,FR,FR,actual_onshore_wind_generation,Wind Onshore,2026-07-17T04:55:04Z
2026-07-17T04:54:16Z,2026-07-17T06:54:16+0200,4e64d4d3-e4bc-4728-8eea-52acf8983738,2026-07-01T03:45:00Z,2026-07-01T05:45:00+0200,4139.39,MW,FR,FR,actual_onshore_wind_generation,Wind Onshore,2026-07-17T04:55:04Z
2026-07-17T04:54:16Z,2026-07-17T06:54:16+0200,4e64d4d3-e4bc-4728-8eea-52acf8983738,2026-07-01T04:00:00Z,2026-07-01T06:00:00+0200,4251.37,MW,FR,FR,actual_onshore_wind_generation,Wind Onshore,2026-07-17T04:55:04Z
2026-07-17T04:54:16Z,2026-07-17T06:54:16+0200,4e64d4d3-e4bc-4728-8eea-52acf8983738,2026-07-01T04:15:00Z,2026-07-01T06:15:00+0200,4340.54,MW,FR,FR,actual_onshore_wind_generation,Wind Onshore,2026-07-17T04:55:04Z
2026-07-17T04:54:16Z,2026-07-17T06:54:16+0200,4e64d4d3-e4bc-4728-8eea-52acf8983738,2026-07-01T04:30:00Z,2026-07-01T06:30:00+0200,4207.44,MW,FR,FR,actual_onshore_wind_generation,Wind Onshore,2026-07-17T04:55:04Z
2026-07-17T04:54:16Z,2026-07-17T06:54:16+0200,4e64d4d3-e4bc-4728-8eea-52acf8983738,2026-07-01T04:45:00Z,2026-07-01T06:45:00+0200,4144.3,MW,FR,FR,actual_onshore_wind_generation,Wind Onshore,2026-07-17T04:55:04Z
2026-07-17T04:54:16Z,2026-07-17T06:54:16+0200,4e64d4d3-e4bc-4728-8eea-52acf8983738,2026-07-01T05:00:00Z,2026-07-01T07:00:00+0200,3890.69,MW,FR,FR,actual_onshore_wind_generation,Wind Onshore,2026-07-17T04:55:04Z
2026-07-17T04:54:16Z,2026-07-17T06:54:16+0200,4e64d4d3-e4bc-4728-8eea-52acf8983738,2026-07-01T05:15:00Z,2026-07-01T07:15:00+0200,3644.55,MW,FR,FR,actual_onshore_wind_generation,Wind Onshore,2026-07-17T04:55:04Z
2026-07-17T04:54:16Z,2026-07-17T06:54:16+0200,4e64d4d3-e4bc-4728-8eea-52acf8983738,2026-07-01T05:30:00Z,2026-07-01T07:30:00+0200,3344.89,MW,FR,FR,actual_onshore_wind_generation,Wind Onshore,2026-07-17T04:55:04Z
2026-07-17T04:54:16Z,2026-07-17T06:54:16+0200,4e64d4d3-e4bc-4728-8eea-52acf8983738,2026-07-01T05:45:00Z,2026-07-01T07:45:00+0200,3124.13,MW,FR,FR,actual_onshore_wind_generation,Wind Onshore,2026-07-17T04:55:04Z
2026-07-17T04:54:16Z,2026-07-17T06:54:16+0200,4e64d4d3-e4bc-4728-8eea-52acf8983738,2026-07-01T06:00:00Z,2026-07-01T08:00:00+0200,2944.89,MW,FR,FR,actual_onshore_wind_generation,Wind Onshore,2026-07-17T04:55:04Z
2026-07-17T04:54:16Z,2026-07-17T06:54:16+0200,4e64d4d3-e4bc-4728-8eea-52acf8983738,2026-07-01T06:15:00Z,2026-07-01T08:15:00+0200,2871.34,MW,FR,FR,actual_onshore_wind_generation,Wind Onshore,2026-07-17T04:55:04Z
2026-07-17T04:54:16Z,2026-07-17T06:54:16+0200,4e64d4d3-e4bc-4728-8eea-52acf8983738,2026-07-01T06:30:00Z,2026-07-01T08:30:00+0200,2856.51,MW,FR,FR,actual_onshore_wind_generation,Wind Onshore,2026-07-17T04:55:04Z
2026-07-17T04:54:16Z,2026-07-17T06:54:16+0200,4e64d4d3-e4bc-4728-8eea-52acf8983738,2026-07-01T06:45:00Z,2026-07-01T08:45:00+0200,2926.48,MW,FR,FR,actual_onshore_wind_generation,Wind Onshore,2026-07-17T04:55:04Z
2026-07-17T04:54:16Z,2026-07-17T06:54:16+0200,4e64d4d3-e4bc-4728-8eea-52acf8983738,2026-07-01T07:00:00Z,2026-07-01T09:00:00+0200,2925.54,MW,FR,FR,actual_onshore_wind_generation,Wind Onshore,2026-07-17T04:55:04Z
2026-07-17T04:54:16Z,2026-07-17T06:54:16+0200,4e64d4d3-e4bc-4728-8eea-52acf8983738,2026-07-01T07:15:00Z,2026-07-01T09:15:00+0200,2904.22,MW,FR,FR,actual_onshore_wind_generation,Wind Onshore,2026-07-17T04:55:04Z
2026-07-17T04:54:16Z,2026-07-17T06:54:16+0200,4e64d4d3-e4bc-4728-8eea-52acf8983738,2026-07-01T07:30:00Z,2026-07-01T09:30:00+0200,2874.16,MW,FR,FR,actual_onshore_wind_generation,Wind Onshore,2026-07-17T04:55:04Z
2026-07-17T04:54:16Z,2026-07-17T06:54:16+0200,4e64d4d3-e4bc-4728-8eea-52acf8983738,2026-07-01T07:45:00Z,2026-07-01T09:45:00+0200,2864.66,MW,FR,FR,actual_onshore_wind_generation,Wind Onshore,2026-07-17T04:55:04Z
2026-07-17T04:54:16Z,2026-07-17T06:54:16+0200,4e64d4d3-e4bc-4728-8eea-52acf8983738,2026-07-01T08:00:00Z,2026-07-01T10:00:00+0200,2732.45,MW,FR,FR,actual_onshore_wind_generation,Wind Onshore,2026-07-17T04:55:04Z
2026-07-17T04:54:16Z,2026-07-17T06:54:16+0200,4e64d4d3-e4bc-4728-8eea-52acf8983738,2026-07-01T08:15:00Z,2026-07-01T10:15:00+0200,2706.85,MW,FR,FR,actual_onshore_wind_generation,Wind Onshore,2026-07-17T04:55:04Z
2026-07-17T04:54:16Z,2026-07-17T06:54:16+0200,4e64d4d3-e4bc-4728-8eea-52acf8983738,2026-07-01T08:30:00Z,2026-07-01T10:30:00+0200,2663.72,MW,FR,FR,actual_onshore_wind_generation,Wind Onshore,2026-07-17T04:55:04Z
2026-07-17T04:54:16Z,2026-07-17T06:54:16+0200,4e64d4d3-e4bc-4728-8eea-52acf8983738,2026-07-01T08:45:00Z,2026-07-01T10:45:00+0200,2732.18,MW,FR,FR,actual_onshore_wind_generation,Wind Onshore,2026-07-17T04:55:04Z
2026-07-17T04:54:16Z,2026-07-17T06:54:16+0200,4e64d4d3-e4bc-4728-8eea-52acf8983738,2026-07-01T09:00:00Z,2026-07-01T11:00:00+0200,2766.98,MW,FR,FR,actual_onshore_wind_generation,Wind Onshore,2026-07-17T04:55:04Z
2026-07-17T04:54:16Z,2026-07-17T06:54:16+0200,4e64d4d3-e4bc-4728-8eea-52acf8983738,2026-07-01T09:15:00Z,2026-07-01T11:15:00+0200,2882.06,MW,FR,FR,actual_onshore_wind_generation,Wind Onshore,2026-07-17T04:55:04Z
2026-07-17T04:54:16Z,2026-07-17T06:54:16+0200,4e64d4d3-e4bc-4728-8eea-52acf8983738,2026-07-01T09:30:00Z,2026-07-01T11:30:00+0200,2978.81,MW,FR,FR,actual_onshore_wind_generation,Wind Onshore,2026-07-17T04:55:04Z
2026-07-17T04:54:16Z,2026-07-17T06:54:16+0200,4e64d4d3-e4bc-4728-8eea-52acf8983738,2026-07-01T09:45:00Z,2026-07-01T11:45:00+0200,3064.73,MW,FR,FR,actual_onshore_wind_generation,Wind Onshore,2026-07-17T04:55:04Z
2026-07-17T04:54:16Z,2026-07-17T06:54:16+0200,4e64d4d3-e4bc-4728-8eea-52acf8983738,2026-07-01T10:00:00Z,2026-07-01T12:00:00+0200,3157.89,MW,FR,FR,actual_onshore_wind_generation,Wind Onshore,2026-07-17T04:55:04Z
2026-07-17T04:54:16Z,2026-07-17T06:54:16+0200,4e64d4d3-e4bc-4728-8eea-52acf8983738,2026-07-01T10:15:00Z,2026-07-01T12:15:00+0200,3287.4,MW,FR,FR,actual_onshore_wind_generation,Wind Onshore,2026-07-17T04:55:04Z
2026-07-17T04:54:16Z,2026-07-17T06:54:16+0200,4e64d4d3-e4bc-4728-8eea-52acf8983738,2026-07-01T10:30:00Z,2026-07-01T12:30:00+0200,3404.73,MW,FR,FR,actual_onshore_wind_generation,Wind Onshore,2026-07-17T04:55:04Z
2026-07-17T04:54:16Z,2026-07-17T06:54:16+0200,4e64d4d3-e4bc-4728-8eea-52acf8983738,2026-07-01T10:45:00Z,2026-07-01T12:45:00+0200,3526.51,MW,FR,FR,actual_onshore_wind_generation,Wind Onshore,2026-07-17T04:55:04Z
2026-07-17T04:54:16Z,2026-07-17T06:54:16+0200,4e64d4d3-e4bc-4728-8eea-52acf8983738,2026-07-01T11:00:00Z,2026-07-01T13:00:00+0200,3678.63,MW,FR,FR,actual_onshore_wind_generation,Wind Onshore,2026-07-17T04:55:04Z
2026-07-17T04:54:16Z,2026-07-17T06:54:16+0200,4e64d4d3-e4bc-4728-8eea-52acf8983738,2026-07-01T11:15:00Z,2026-07-01T13:15:00+0200,3735.16,MW,FR,FR,actual_onshore_wind_generation,Wind Onshore,2026-07-17T04:55:04Z
2026-07-17T04:54:16Z,2026-07-17T06:54:16+0200,4e64d4d3-e4bc-4728-8eea-52acf8983738,2026-07-01T11:30:00Z,2026-07-01T13:30:00+0200,3772.93,MW,FR,FR,actual_onshore_wind_generation,Wind Onshore,2026-07-17T04:55:04Z
2026-07-17T04:54:16Z,2026-07-17T06:54:16+0200,4e64d4d3-e4bc-4728-8eea-52acf8983738,2026-07-01T11:45:00Z,2026-07-01T13:45:00+0200,3778.9,MW,FR,FR,actual_onshore_wind_generation,Wind Onshore,2026-07-17T04:55:04Z
2026-07-17T04:54:16Z,2026-07-17T06:54:16+0200,4e64d4d3-e4bc-4728-8eea-52acf8983738,2026-07-01T12:00:00Z,2026-07-01T14:00:00+0200,3828.96,MW,FR,FR,actual_onshore_wind_generation,Wind Onshore,2026-07-17T04:55:04Z
2026-07-17T04:54:16Z,2026-07-17T06:54:16+0200,4e64d4d3-e4bc-4728-8eea-52acf8983738,2026-07-01T12:15:00Z,2026-07-01T14:15:00+0200,3832.17,MW,FR,FR,actual_onshore_wind_generation,Wind Onshore,2026-07-17T04:55:04Z
2026-07-17T04:54:16Z,2026-07-17T06:54:16+0200,4e64d4d3-e4bc-4728-8eea-52acf8983738,2026-07-01T12:30:00Z,2026-07-01T14:30:00+0200,3821.41,MW,FR,FR,actual_onshore_wind_generation,Wind Onshore,2026-07-17T04:55:04Z
2026-07-17T04:54:16Z,2026-07-17T06:54:16+0200,4e64d4d3-e4bc-4728-8eea-52acf8983738,2026-07-01T12:45:00Z,2026-07-01T14:45:00+0200,3858.66,MW,FR,FR,actual_onshore_wind_generation,Wind Onshore,2026-07-17T04:55:04Z
2026-07-17T04:54:16Z,2026-07-17T06:54:16+0200,4e64d4d3-e4bc-4728-8eea-52acf8983738,2026-07-01T13:00:00Z,2026-07-01T15:00:00+0200,3840.64,MW,FR,FR,actual_onshore_wind_generation,Wind Onshore,2026-07-17T04:55:04Z
2026-07-17T04:54:16Z,2026-07-17T06:54:16+0200,4e64d4d3-e4bc-4728-8eea-52acf8983738,2026-07-01T13:15:00Z,2026-07-01T15:15:00+0200,3856.17,MW,FR,FR,actual_onshore_wind_generation,Wind Onshore,2026-07-17T04:55:04Z
2026-07-17T04:54:16Z,2026-07-17T06:54:16+0200,4e64d4d3-e4bc-4728-8eea-52acf8983738,2026-07-01T13:30:00Z,2026-07-01T15:30:00+0200,3876.33,MW,FR,FR,actual_onshore_wind_generation,Wind Onshore,2026-07-17T04:55:04Z
2026-07-17T04:54:16Z,2026-07-17T06:54:16+0200,4e64d4d3-e4bc-4728-8eea-52acf8983738,2026-07-01T13:45:00Z,2026-07-01T15:45:00+0200,3857.31,MW,FR,FR,actual_onshore_wind_generation,Wind Onshore,2026-07-17T04:55:04Z
2026-07-17T04:54:16Z,2026-07-17T06:54:16+0200,4e64d4d3-e4bc-4728-8eea-52acf8983738,2026-07-01T14:00:00Z,2026-07-01T16:00:00+0200,3916.52,MW,FR,FR,actual_onshore_wind_generation,Wind Onshore,2026-07-17T04:55:04Z
2026-07-17T04:54:16Z,2026-07-17T06:54:16+0200,4e64d4d3-e4bc-4728-8eea-52acf8983738,2026-07-01T14:15:00Z,2026-07-01T16:15:00+0200,3963.7,MW,FR,FR,actual_onshore_wind_generation,Wind Onshore,2026-07-17T04:55:04Z
2026-07-17T04:54:16Z,2026-07-17T06:54:16+0200,4e64d4d3-e4bc-4728-8eea-52acf8983738,2026-07-01T14:30:00Z,2026-07-01T16:30:00+0200,4050.64,MW,FR,FR,actual_onshore_wind_generation,Wind Onshore,2026-07-17T04:55:04Z
2026-07-17T04:54:16Z,2026-07-17T06:54:16+0200,4e64d4d3-e4bc-4728-8eea-52acf8983738,2026-07-01T14:45:00Z,2026-07-01T16:45:00+0200,3985.17,MW,FR,FR,actual_onshore_wind_generation,Wind Onshore,2026-07-17T04:55:04Z
2026-07-17T04:54:16Z,2026-07-17T06:54:16+0200,4e64d4d3-e4bc-4728-8eea-52acf8983738,2026-07-01T15:00:00Z,2026-07-01T17:00:00+0200,4239.86,MW,FR,FR,actual_onshore_wind_generation,Wind Onshore,2026-07-17T04:55:04Z
2026-07-17T04:54:16Z,2026-07-17T06:54:16+0200,4e64d4d3-e4bc-4728-8eea-52acf8983738,2026-07-01T15:15:00Z,2026-07-01T17:15:00+0200,4415.75,MW,FR,FR,actual_onshore_wind_generation,Wind Onshore,2026-07-17T04:55:04Z
2026-07-17T04:54:16Z,2026-07-17T06:54:16+0200,4e64d4d3-e4bc-4728-8eea-52acf8983738,2026-07-01T15:30:00Z,2026-07-01T17:30:00+0200,4477.88,MW,FR,FR,actual_onshore_wind_generation,Wind Onshore,2026-07-17T04:55:04Z
2026-07-17T04:54:16Z,2026-07-17T06:54:16+0200,4e64d4d3-e4bc-4728-8eea-52acf8983738,2026-07-01T15:45:00Z,2026-07-01T17:45:00+0200,4514.21,MW,FR,FR,actual_onshore_wind_generation,Wind Onshore,2026-07-17T04:55:04Z
2026-07-17T04:54:16Z,2026-07-17T06:54:16+0200,4e64d4d3-e4bc-4728-8eea-52acf8983738,2026-07-01T16:00:00Z,2026-07-01T18:00:00+0200,4579.06,MW,FR,FR,actual_onshore_wind_generation,Wind Onshore,2026-07-17T04:55:04Z
2026-07-17T04:54:16Z,2026-07-17T06:54:16+0200,4e64d4d3-e4bc-4728-8eea-52acf8983738,2026-07-01T16:15:00Z,2026-07-01T18:15:00+0200,4669.26,MW,FR,FR,actual_onshore_wind_generation,Wind Onshore,2026-07-17T04:55:04Z
2026-07-17T04:54:16Z,2026-07-17T06:54:16+0200,4e64d4d3-e4bc-4728-8eea-52acf8983738,2026-07-01T16:30:00Z,2026-07-01T18:30:00+0200,4836.01,MW,FR,FR,actual_onshore_wind_generation,Wind Onshore,2026-07-17T04:55:04Z
2026-07-17T04:54:16Z,2026-07-17T06:54:16+0200,4e64d4d3-e4bc-4728-8eea-52acf8983738,2026-07-01T16:45:00Z,2026-07-01T18:45:00+0200,4982.02,MW,FR,FR,actual_onshore_wind_generation,Wind Onshore,2026-07-17T04:55:04Z
2026-07-17T04:54:16Z,2026-07-17T06:54:16+0200,4e64d4d3-e4bc-4728-8eea-52acf8983738,2026-07-01T17:00:00Z,2026-07-01T19:00:00+0200,5064.91,MW,FR,FR,actual_onshore_wind_generation,Wind Onshore,2026-07-17T04:55:04Z
2026-07-17T04:54:16Z,2026-07-17T06:54:16+0200,4e64d4d3-e4bc-4728-8eea-52acf8983738,2026-07-01T17:15:00Z,2026-07-01T19:15:00+0200,5160.5,MW,FR,FR,actual_onshore_wind_generation,Wind Onshore,2026-07-17T04:55:04Z
2026-07-17T04:54:16Z,2026-07-17T06:54:16+0200,4e64d4d3-e4bc-4728-8eea-52acf8983738,2026-07-01T17:30:00Z,2026-07-01T19:30:00+0200,5287.54,MW,FR,FR,actual_onshore_wind_generation,Wind Onshore,2026-07-17T04:55:04Z
2026-07-17T04:54:16Z,2026-07-17T06:54:16+0200,4e64d4d3-e4bc-4728-8eea-52acf8983738,2026-07-01T17:45:00Z,2026-07-01T19:45:00+0200,5373.55,MW,FR,FR,actual_onshore_wind_generation,Wind Onshore,2026-07-17T04:55:04Z
2026-07-17T04:54:16Z,2026-07-17T06:54:16+0200,4e64d4d3-e4bc-4728-8eea-52acf8983738,2026-07-01T18:00:00Z,2026-07-01T20:00:00+0200,5325.41,MW,FR,FR,actual_onshore_wind_generation,Wind Onshore,2026-07-17T04:55:04Z
2026-07-17T04:54:16Z,2026-07-17T06:54:16+0200,4e64d4d3-e4bc-4728-8eea-52acf8983738,2026-07-01T18:15:00Z,2026-07-01T20:15:00+0200,5246.6,MW,FR,FR,actual_onshore_wind_generation,Wind Onshore,2026-07-17T04:55:04Z
2026-07-17T04:54:16Z,2026-07-17T06:54:16+0200,4e64d4d3-e4bc-4728-8eea-52acf8983738,2026-07-01T18:30:00Z,2026-07-01T20:30:00+0200,5135.84,MW,FR,FR,actual_onshore_wind_generation,Wind Onshore,2026-07-17T04:55:04Z
2026-07-17T04:54:16Z,2026-07-17T06:54:16+0200,4e64d4d3-e4bc-4728-8eea-52acf8983738,2026-07-01T18:45:00Z,2026-07-01T20:45:00+0200,5053.59,MW,FR,FR,actual_onshore_wind_generation,Wind Onshore,2026-07-17T04:55:04Z
2026-07-17T04:54:16Z,2026-07-17T06:54:16+0200,4e64d4d3-e4bc-4728-8eea-52acf8983738,2026-07-01T19:00:00Z,2026-07-01T21:00:00+0200,4867.25,MW,FR,FR,actual_onshore_wind_generation,Wind Onshore,2026-07-17T04:55:04Z
2026-07-17T04:54:16Z,2026-07-17T06:54:16+0200,4e64d4d3-e4bc-4728-8eea-52acf8983738,2026-07-01T19:15:00Z,2026-07-01T21:15:00+0200,4645.12,MW,FR,FR,actual_onshore_wind_generation,Wind Onshore,2026-07-17T04:55:04Z
2026-07-17T04:54:16Z,2026-07-17T06:54:16+0200,4e64d4d3-e4bc-4728-8eea-52acf8983738,2026-07-01T19:30:00Z,2026-07-01T21:30:00+0200,4551.68,MW,FR,FR,actual_onshore_wind_generation,Wind Onshore,2026-07-17T04:55:04Z
2026-07-17T04:54:16Z,2026-07-17T06:54:16+0200,4e64d4d3-e4bc-4728-8eea-52acf8983738,2026-07-01T19:45:00Z,2026-07-01T21:45:00+0200,4463.56,MW,FR,FR,actual_onshore_wind_generation,Wind Onshore,2026-07-17T04:55:04Z
2026-07-17T04:54:16Z,2026-07-17T06:54:16+0200,4e64d4d3-e4bc-4728-8eea-52acf8983738,2026-07-01T20:00:00Z,2026-07-01T22:00:00+0200,4388.09,MW,FR,FR,actual_onshore_wind_generation,Wind Onshore,2026-07-17T04:55:04Z
2026-07-17T04:54:16Z,2026-07-17T06:54:16+0200,4e64d4d3-e4bc-4728-8eea-52acf8983738,2026-07-01T20:15:00Z,2026-07-01T22:15:00+0200,4481.22,MW,FR,FR,actual_onshore_wind_generation,Wind Onshore,2026-07-17T04:55:04Z
2026-07-17T04:54:16Z,2026-07-17T06:54:16+0200,4e64d4d3-e4bc-4728-8eea-52acf8983738,2026-07-01T20:30:00Z,2026-07-01T22:30:00+0200,4630.97,MW,FR,FR,actual_onshore_wind_generation,Wind Onshore,2026-07-17T04:55:04Z
2026-07-17T04:54:16Z,2026-07-17T06:54:16+0200,4e64d4d3-e4bc-4728-8eea-52acf8983738,2026-07-01T20:45:00Z,2026-07-01T22:45:00+0200,4750.4,MW,FR,FR,actual_onshore_wind_generation,Wind Onshore,2026-07-17T04:55:04Z
2026-07-17T04:54:16Z,2026-07-17T06:54:16+0200,4e64d4d3-e4bc-4728-8eea-52acf8983738,2026-07-01T21:00:00Z,2026-07-01T23:00:00+0200,4954.77,MW,FR,FR,actual_onshore_wind_generation,Wind Onshore,2026-07-17T04:55:04Z
2026-07-17T04:54:16Z,2026-07-17T06:54:16+0200,4e64d4d3-e4bc-4728-8eea-52acf8983738,2026-07-01T21:15:00Z,2026-07-01T23:15:00+0200,5051.81,MW,FR,FR,actual_onshore_wind_generation,Wind Onshore,2026-07-17T04:55:04Z
2026-07-17T04:54:16Z,2026-07-17T06:54:16+0200,4e64d4d3-e4bc-4728-8eea-52acf8983738,2026-07-01T21:30:00Z,2026-07-01T23:30:00+0200,5207.52,MW,FR,FR,actual_onshore_wind_generation,Wind Onshore,2026-07-17T04:55:04Z
2026-07-17T04:54:16Z,2026-07-17T06:54:16+0200,4e64d4d3-e4bc-4728-8eea-52acf8983738,2026-07-01T21:45:00Z,2026-07-01T23:45:00+0200,5224.26,MW,FR,FR,actual_onshore_wind_generation,Wind Onshore,2026-07-17T04:55:04Z
2026-07-17T04:54:16Z,2026-07-17T06:54:16+0200,4e64d4d3-e4bc-4728-8eea-52acf8983738,2026-07-01T22:00:00Z,2026-07-02T00:00:00+0200,5228.55,MW,FR,FR,actual_onshore_wind_generation,Wind Onshore,2026-07-17T04:55:04Z
2026-07-17T04:54:16Z,2026-07-17T06:54:16+0200,4e64d4d3-e4bc-4728-8eea-52acf8983738,2026-07-01T22:15:00Z,2026-07-02T00:15:00+0200,5315.5,MW,FR,FR,actual_onshore_wind_generation,Wind Onshore,2026-07-17T04:55:04Z
2026-07-17T04:54:16Z,2026-07-17T06:54:16+0200,4e64d4d3-e4bc-4728-8eea-52acf8983738,2026-07-01T22:30:00Z,2026-07-02T00:30:00+0200,5344.99,MW,FR,FR,actual_onshore_wind_generation,Wind Onshore,2026-07-17T04:55:04Z
2026-07-17T04:54:16Z,2026-07-17T06:54:16+0200,4e64d4d3-e4bc-4728-8eea-52acf8983738,2026-07-01T22:45:00Z,2026-07-02T00:45:00+0200,5235.43,MW,FR,FR,actual_onshore_wind_generation,Wind Onshore,2026-07-17T04:55:04Z
2026-07-17T04:54:16Z,2026-07-17T06:54:16+0200,4e64d4d3-e4bc-4728-8eea-52acf8983738,2026-07-01T23:00:00Z,2026-07-02T01:00:00+0200,5160.4,MW,FR,FR,actual_onshore_wind_generation,Wind Onshore,2026-07-17T04:55:04Z
2026-07-17T04:54:16Z,2026-07-17T06:54:16+0200,4e64d4d3-e4bc-4728-8eea-52acf8983738,2026-07-01T23:15:00Z,2026-07-02T01:15:00+0200,5069.25,MW,FR,FR,actual_onshore_wind_generation,Wind Onshore,2026-07-17T04:55:04Z
2026-07-17T04:54:16Z,2026-07-17T06:54:16+0200,4e64d4d3-e4bc-4728-8eea-52acf8983738,2026-07-01T23:30:00Z,2026-07-02T01:30:00+0200,4978.22,MW,FR,FR,actual_onshore_wind_generation,Wind Onshore,2026-07-17T04:55:04Z
2026-07-17T04:54:16Z,2026-07-17T06:54:16+0200,4e64d4d3-e4bc-4728-8eea-52acf8983738,2026-07-01T23:45:00Z,2026-07-02T01:45:00+0200,4867.21,MW,FR,FR,actual_onshore_wind_generation,Wind Onshore,2026-07-17T04:55:04Z
2026-07-17T04:54:16Z,2026-07-17T06:54:16+0200,4e64d4d3-e4bc-4728-8eea-52acf8983738,2026-07-02T00:00:00Z,2026-07-02T02:00:00+0200,4777.54,MW,FR,FR,actual_onshore_wind_generation,Wind Onshore,2026-07-17T04:55:04Z
2026-07-17T04:54:16Z,2026-07-17T06:54:16+0200,4e64d4d3-e4bc-4728-8eea-52acf8983738,2026-07-02T00:15:00Z,2026-07-02T02:15:00+0200,4635.58,MW,FR,FR,actual_onshore_wind_generation,Wind Onshore,2026-07-17T04:55:04Z
2026-07-17T04:54:16Z,2026-07-17T06:54:16+0200,4e64d4d3-e4bc-4728-8eea-52acf8983738,2026-07-02T00:30:00Z,2026-07-02T02:30:00+0200,4568.61,MW,FR,FR,actual_onshore_wind_generation,Wind Onshore,2026-07-17T04:55:04Z
2026-07-17T04:54:16Z,2026-07-17T06:54:16+0200,4e64d4d3-e4bc-4728-8eea-52acf8983738,2026-07-02T00:45:00Z,2026-07-02T02:45:00+0200,4484.7,MW,FR,FR,actual_onshore_wind_generation,Wind Onshore,2026-07-17T04:55:04Z
2026-07-17T04:54:16Z,2026-07-17T06:54:16+0200,4e64d4d3-e4bc-4728-8eea-52acf8983738,2026-07-02T01:00:00Z,2026-07-02T03:00:00+0200,4348.42,MW,FR,FR,actual_onshore_wind_generation,Wind Onshore,2026-07-17T04:55:04Z
2026-07-17T04:54:16Z,2026-07-17T06:54:16+0200,4e64d4d3-e4bc-4728-8eea-52acf8983738,2026-07-02T01:15:00Z,2026-07-02T03:15:00+0200,4304.01,MW,FR,FR,actual_onshore_wind_generation,Wind Onshore,2026-07-17T04:55:04Z
2026-07-17T04:54:16Z,2026-07-17T06:54:16+0200,4e64d4d3-e4bc-4728-8eea-52acf8983738,2026-07-02T01:30:00Z,2026-07-02T03:30:00+0200,4172.62,MW,FR,FR,actual_onshore_wind_generation,Wind Onshore,2026-07-17T04:55:04Z
2026-07-17T04:54:16Z,2026-07-17T06:54:16+0200,4e64d4d3-e4bc-4728-8eea-52acf8983738,2026-07-02T01:45:00Z,2026-07-02T03:45:00+0200,4073.84,MW,FR,FR,actual_onshore_wind_generation,Wind Onshore,2026-07-17T04:55:04Z
2026-07-17T04:54:16Z,2026-07-17T06:54:16+0200,4e64d4d3-e4bc-4728-8eea-52acf8983738,2026-07-02T02:00:00Z,2026-07-02T04:00:00+0200,4015.22,MW,FR,FR,actual_onshore_wind_generation,Wind Onshore,2026-07-17T04:55:04Z
2026-07-17T04:54:16Z,2026-07-17T06:54:16+0200,4e64d4d3-e4bc-4728-8eea-52acf8983738,2026-07-02T02:15:00Z,2026-07-02T04:15:00+0200,3956.94,MW,FR,FR,actual_onshore_wind_generation,Wind Onshore,2026-07-17T04:55:04Z
2026-07-17T04:54:16Z,2026-07-17T06:54:16+0200,4e64d4d3-e4bc-4728-8eea-52acf8983738,2026-07-02T02:30:00Z,2026-07-02T04:30:00+0200,3926.0,MW,FR,FR,actual_onshore_wind_generation,Wind Onshore,2026-07-17T04:55:04Z
2026-07-17T04:54:16Z,2026-07-17T06:54:16+0200,4e64d4d3-e4bc-4728-8eea-52acf8983738,2026-07-02T02:45:00Z,2026-07-02T04:45:00+0200,3913.38,MW,FR,FR,actual_onshore_wind_generation,Wind Onshore,2026-07-17T04:55:04Z
2026-07-17T04:54:16Z,2026-07-17T06:54:16+0200,4e64d4d3-e4bc-4728-8eea-52acf8983738,2026-07-02T03:00:00Z,2026-07-02T05:00:00+0200,3939.19,MW,FR,FR,actual_onshore_wind_generation,Wind Onshore,2026-07-17T04:55:04Z
2026-07-17T04:54:16Z,2026-07-17T06:54:16+0200,4e64d4d3-e4bc-4728-8eea-52acf8983738,2026-07-02T03:15:00Z,2026-07-02T05:15:00+0200,3898.26,MW,FR,FR,actual_onshore_wind_generation,Wind Onshore,2026-07-17T04:55:04Z
2026-07-17T04:54:16Z,2026-07-17T06:54:16+0200,4e64d4d3-e4bc-4728-8eea-52acf8983738,2026-07-02T03:30:00Z,2026-07-02T05:30:00+0200,3888.95,MW,FR,FR,actual_onshore_wind_generation,Wind Onshore,2026-07-17T04:55:04Z
2026-07-17T04:54:16Z,2026-07-17T06:54:16+0200,4e64d4d3-e4bc-4728-8eea-52acf8983738,2026-07-02T03:45:00Z,2026-07-02T05:45:00+0200,3899.0,MW,FR,FR,actual_onshore_wind_generation,Wind Onshore,2026-07-17T04:55:04Z
2026-07-17T04:54:16Z,2026-07-17T06:54:16+0200,4e64d4d3-e4bc-4728-8eea-52acf8983738,2026-07-02T04:00:00Z,2026-07-02T06:00:00+0200,3933.67,MW,FR,FR,actual_onshore_wind_generation,Wind Onshore,2026-07-17T04:55:04Z
2026-07-17T04:54:16Z,2026-07-17T06:54:16+0200,4e64d4d3-e4bc-4728-8eea-52acf8983738,2026-07-02T04:15:00Z,2026-07-02T06:15:00+0200,3933.62,MW,FR,FR,actual_onshore_wind_generation,Wind Onshore,2026-07-17T04:55:04Z
2026-07-17T04:54:16Z,2026-07-17T06:54:16+0200,4e64d4d3-e4bc-4728-8eea-52acf8983738,2026-07-02T04:30:00Z,2026-07-02T06:30:00+0200,3914.66,MW,FR,FR,actual_onshore_wind_generation,Wind Onshore,2026-07-17T04:55:04Z
2026-07-17T04:54:16Z,2026-07-17T06:54:16+0200,4e64d4d3-e4bc-4728-8eea-52acf8983738,2026-07-02T04:45:00Z,2026-07-02T06:45:00+0200,3862.52,MW,FR,FR,actual_onshore_wind_generation,Wind Onshore,2026-07-17T04:55:04Z
2026-07-17T04:54:16Z,2026-07-17T06:54:16+0200,4e64d4d3-e4bc-4728-8eea-52acf8983738,2026-07-02T05:00:00Z,2026-07-02T07:00:00+0200,3889.33,MW,FR,FR,actual_onshore_wind_generation,Wind Onshore,2026-07-17T04:55:04Z
2026-07-17T04:54:16Z,2026-07-17T06:54:16+0200,4e64d4d3-e4bc-4728-8eea-52acf8983738,2026-07-02T05:15:00Z,2026-07-02T07:15:00+0200,3791.86,MW,FR,FR,actual_onshore_wind_generation,Wind Onshore,2026-07-17T04:55:04Z
2026-07-17T04:54:16Z,2026-07-17T06:54:16+0200,4e64d4d3-e4bc-4728-8eea-52acf8983738,2026-07-02T05:30:00Z,2026-07-02T07:30:00+0200,3641.84,MW,FR,FR,actual_onshore_wind_generation,Wind Onshore,2026-07-17T04:55:04Z
2026-07-17T04:54:16Z,2026-07-17T06:54:16+0200,4e64d4d3-e4bc-4728-8eea-52acf8983738,2026-07-02T05:45:00Z,2026-07-02T07:45:00+0200,3569.1,MW,FR,FR,actual_onshore_wind_generation,Wind Onshore,2026-07-17T04:55:04Z
2026-07-17T04:54:16Z,2026-07-17T06:54:16+0200,4e64d4d3-e4bc-4728-8eea-52acf8983738,2026-07-02T06:00:00Z,2026-07-02T08:00:00+0200,3484.04,MW,FR,FR,actual_onshore_wind_generation,Wind Onshore,2026-07-17T04:55:04Z
2026-07-17T04:54:16Z,2026-07-17T06:54:16+0200,4e64d4d3-e4bc-4728-8eea-52acf8983738,2026-07-02T06:15:00Z,2026-07-02T08:15:00+0200,3504.07,MW,FR,FR,actual_onshore_wind_generation,Wind Onshore,2026-07-17T04:55:04Z
2026-07-17T04:54:16Z,2026-07-17T06:54:16+0200,4e64d4d3-e4bc-4728-8eea-52acf8983738,2026-07-02T06:30:00Z,2026-07-02T08:30:00+0200,3539.71,MW,FR,FR,actual_onshore_wind_generation,Wind Onshore,2026-07-17T04:55:04Z
2026-07-17T04:54:16Z,2026-07-17T06:54:16+0200,4e64d4d3-e4bc-4728-8eea-52acf8983738,2026-07-02T06:45:00Z,2026-07-02T08:45:00+0200,3642.16,MW,FR,FR,actual_onshore_wind_generation,Wind Onshore,2026-07-17T04:55:04Z
2026-07-17T04:54:16Z,2026-07-17T06:54:16+0200,4e64d4d3-e4bc-4728-8eea-52acf8983738,2026-07-02T07:00:00Z,2026-07-02T09:00:00+0200,3681.21,MW,FR,FR,actual_onshore_wind_generation,Wind Onshore,2026-07-17T04:55:04Z
2026-07-17T04:54:16Z,2026-07-17T06:54:16+0200,4e64d4d3-e4bc-4728-8eea-52acf8983738,2026-07-02T07:15:00Z,2026-07-02T09:15:00+0200,3793.11,MW,FR,FR,actual_onshore_wind_generation,Wind Onshore,2026-07-17T04:55:04Z
2026-07-17T04:54:16Z,2026-07-17T06:54:16+0200,4e64d4d3-e4bc-4728-8eea-52acf8983738,2026-07-02T07:30:00Z,2026-07-02T09:30:00+0200,3935.86,MW,FR,FR,actual_onshore_wind_generation,Wind Onshore,2026-07-17T04:55:04Z
2026-07-17T04:54:16Z,2026-07-17T06:54:16+0200,4e64d4d3-e4bc-4728-8eea-52acf8983738,2026-07-02T07:45:00Z,2026-07-02T09:45:00+0200,4065.24,MW,FR,FR,actual_onshore_wind_generation,Wind Onshore,2026-07-17T04:55:04Z
2026-07-17T04:54:16Z,2026-07-17T06:54:16+0200,4e64d4d3-e4bc-4728-8eea-52acf8983738,2026-07-02T08:00:00Z,2026-07-02T10:00:00+0200,4222.52,MW,FR,FR,actual_onshore_wind_generation,Wind Onshore,2026-07-17T04:55:04Z
2026-07-17T04:54:16Z,2026-07-17T06:54:16+0200,4e64d4d3-e4bc-4728-8eea-52acf8983738,2026-07-02T08:15:00Z,2026-07-02T10:15:00+0200,4424.16,MW,FR,FR,actual_onshore_wind_generation,Wind Onshore,2026-07-17T04:55:04Z
2026-07-17T04:54:16Z,2026-07-17T06:54:16+0200,4e64d4d3-e4bc-4728-8eea-52acf8983738,2026-07-02T08:30:00Z,2026-07-02T10:30:00+0200,4671.05,MW,FR,FR,actual_onshore_wind_generation,Wind Onshore,2026-07-17T04:55:04Z
2026-07-17T04:54:16Z,2026-07-17T06:54:16+0200,4e64d4d3-e4bc-4728-8eea-52acf8983738,2026-07-02T08:45:00Z,2026-07-02T10:45:00+0200,4781.53,MW,FR,FR,actual_onshore_wind_generation,Wind Onshore,2026-07-17T04:55:04Z
2026-07-17T04:54:16Z,2026-07-17T06:54:16+0200,4e64d4d3-e4bc-4728-8eea-52acf8983738,2026-07-02T09:00:00Z,2026-07-02T11:00:00+0200,4391.13,MW,FR,FR,actual_onshore_wind_generation,Wind Onshore,2026-07-17T04:55:04Z
2026-07-17T04:54:16Z,2026-07-17T06:54:16+0200,4e64d4d3-e4bc-4728-8eea-52acf8983738,2026-07-02T09:15:00Z,2026-07-02T11:15:00+0200,3406.92,MW,FR,FR,actual_onshore_wind_generation,Wind Onshore,2026-07-17T04:55:04Z
2026-07-17T04:54:16Z,2026-07-17T06:54:16+0200,4e64d4d3-e4bc-4728-8eea-52acf8983738,2026-07-02T09:30:00Z,2026-07-02T11:30:00+0200,3403.64,MW,FR,FR,actual_onshore_wind_generation,Wind Onshore,2026-07-17T04:55:04Z
2026-07-17T04:54:16Z,2026-07-17T06:54:16+0200,4e64d4d3-e4bc-4728-8eea-52acf8983738,2026-07-02T09:45:00Z,2026-07-02T11:45:00+0200,3402.47,MW,FR,FR,actual_onshore_wind_generation,Wind Onshore,2026-07-17T04:55:04Z
2026-07-17T04:54:16Z,2026-07-17T06:54:16+0200,4e64d4d3-e4bc-4728-8eea-52acf8983738,2026-07-02T10:00:00Z,2026-07-02T12:00:00+0200,3472.68,MW,FR,FR,actual_onshore_wind_generation,Wind Onshore,2026-07-17T04:55:04Z
2026-07-17T04:54:16Z,2026-07-17T06:54:16+0200,4e64d4d3-e4bc-4728-8eea-52acf8983738,2026-07-02T10:15:00Z,2026-07-02T12:15:00+0200,3495.57,MW,FR,FR,actual_onshore_wind_generation,Wind Onshore,2026-07-17T04:55:04Z
2026-07-17T04:54:16Z,2026-07-17T06:54:16+0200,4e64d4d3-e4bc-4728-8eea-52acf8983738,2026-07-02T10:30:00Z,2026-07-02T12:30:00+0200,3501.8,MW,FR,FR,actual_onshore_wind_generation,Wind Onshore,2026-07-17T04:55:04Z
2026-07-17T04:54:16Z,2026-07-17T06:54:16+0200,4e64d4d3-e4bc-4728-8eea-52acf8983738,2026-07-02T10:45:00Z,2026-07-02T12:45:00+0200,3498.68,MW,FR,FR,actual_onshore_wind_generation,Wind Onshore,2026-07-17T04:55:04Z
2026-07-17T04:54:16Z,2026-07-17T06:54:16+0200,4e64d4d3-e4bc-4728-8eea-52acf8983738,2026-07-02T11:00:00Z,2026-07-02T13:00:00+0200,3539.61,MW,FR,FR,actual_onshore_wind_generation,Wind Onshore,2026-07-17T04:55:04Z
2026-07-17T04:54:16Z,2026-07-17T06:54:16+0200,4e64d4d3-e4bc-4728-8eea-52acf8983738,2026-07-02T11:15:00Z,2026-07-02T13:15:00+0200,3584.46,MW,FR,FR,actual_onshore_wind_generation,Wind Onshore,2026-07-17T04:55:04Z
2026-07-17T04:54:16Z,2026-07-17T06:54:16+0200,4e64d4d3-e4bc-4728-8eea-52acf8983738,2026-07-02T11:30:00Z,2026-07-02T13:30:00+0200,3674.97,MW,FR,FR,actual_onshore_wind_generation,Wind Onshore,2026-07-17T04:55:04Z
2026-07-17T04:54:16Z,2026-07-17T06:54:16+0200,4e64d4d3-e4bc-4728-8eea-52acf8983738,2026-07-02T11:45:00Z,2026-07-02T13:45:00+0200,3753.19,MW,FR,FR,actual_onshore_wind_generation,Wind Onshore,2026-07-17T04:55:04Z
2026-07-17T04:54:16Z,2026-07-17T06:54:16+0200,4e64d4d3-e4bc-4728-8eea-52acf8983738,2026-07-02T12:00:00Z,2026-07-02T14:00:00+0200,3879.98,MW,FR,FR,actual_onshore_wind_generation,Wind Onshore,2026-07-17T04:55:04Z
2026-07-17T04:54:16Z,2026-07-17T06:54:16+0200,4e64d4d3-e4bc-4728-8eea-52acf8983738,2026-07-02T12:15:00Z,2026-07-02T14:15:00+0200,3953.37,MW,FR,FR,actual_onshore_wind_generation,Wind Onshore,2026-07-17T04:55:04Z
2026-07-17T04:54:16Z,2026-07-17T06:54:16+0200,4e64d4d3-e4bc-4728-8eea-52acf8983738,2026-07-02T12:30:00Z,2026-07-02T14:30:00+0200,3982.72,MW,FR,FR,actual_onshore_wind_generation,Wind Onshore,2026-07-17T04:55:04Z
2026-07-17T04:54:16Z,2026-07-17T06:54:16+0200,4e64d4d3-e4bc-4728-8eea-52acf8983738,2026-07-02T12:45:00Z,2026-07-02T14:45:00+0200,4029.89,MW,FR,FR,actual_onshore_wind_generation,Wind Onshore,2026-07-17T04:55:04Z
2026-07-17T04:54:16Z,2026-07-17T06:54:16+0200,4e64d4d3-e4bc-4728-8eea-52acf8983738,2026-07-02T13:00:00Z,2026-07-02T15:00:00+0200,4016.82,MW,FR,FR,actual_onshore_wind_generation,Wind Onshore,2026-07-17T04:55:04Z
2026-07-17T04:54:16Z,2026-07-17T06:54:16+0200,4e64d4d3-e4bc-4728-8eea-52acf8983738,2026-07-02T13:15:00Z,2026-07-02T15:15:00+0200,3979.89,MW,FR,FR,actual_onshore_wind_generation,Wind Onshore,2026-07-17T04:55:04Z
2026-07-17T04:54:16Z,2026-07-17T06:54:16+0200,4e64d4d3-e4bc-4728-8eea-52acf8983738,2026-07-02T13:30:00Z,2026-07-02T15:30:00+0200,4035.53,MW,FR,FR,actual_onshore_wind_generation,Wind Onshore,2026-07-17T04:55:04Z
2026-07-17T04:54:16Z,2026-07-17T06:54:16+0200,4e64d4d3-e4bc-4728-8eea-52acf8983738,2026-07-02T13:45:00Z,2026-07-02T15:45:00+0200,4108.78,MW,FR,FR,actual_onshore_wind_generation,Wind Onshore,2026-07-17T04:55:04Z
2026-07-17T04:54:16Z,2026-07-17T06:54:16+0200,4e64d4d3-e4bc-4728-8eea-52acf8983738,2026-07-02T14:00:00Z,2026-07-02T16:00:00+0200,4208.11,MW,FR,FR,actual_onshore_wind_generation,Wind Onshore,2026-07-17T04:55:04Z
2026-07-17T04:54:16Z,2026-07-17T06:54:16+0200,4e64d4d3-e4bc-4728-8eea-52acf8983738,2026-07-02T14:15:00Z,2026-07-02T16:15:00+0200,4289.65,MW,FR,FR,actual_onshore_wind_generation,Wind Onshore,2026-07-17T04:55:04Z
2026-07-17T04:54:16Z,2026-07-17T06:54:16+0200,4e64d4d3-e4bc-4728-8eea-52acf8983738,2026-07-02T14:30:00Z,2026-07-02T16:30:00+0200,4434.85,MW,FR,FR,actual_onshore_wind_generation,Wind Onshore,2026-07-17T04:55:04Z
2026-07-17T04:54:16Z,2026-07-17T06:54:16+0200,4e64d4d3-e4bc-4728-8eea-52acf8983738,2026-07-02T14:45:00Z,2026-07-02T16:45:00+0200,4601.67,MW,FR,FR,actual_onshore_wind_generation,Wind Onshore,2026-07-17T04:55:04Z
2026-07-17T04:54:16Z,2026-07-17T06:54:16+0200,4e64d4d3-e4bc-4728-8eea-52acf8983738,2026-07-02T15:00:00Z,2026-07-02T17:00:00+0200,6285.36,MW,FR,FR,actual_onshore_wind_generation,Wind Onshore,2026-07-17T04:55:04Z
2026-07-17T04:54:16Z,2026-07-17T06:54:16+0200,4e64d4d3-e4bc-4728-8eea-52acf8983738,2026-07-02T15:15:00Z,2026-07-02T17:15:00+0200,7493.86,MW,FR,FR,actual_onshore_wind_generation,Wind Onshore,2026-07-17T04:55:04Z
2026-07-17T04:54:16Z,2026-07-17T06:54:16+0200,4e64d4d3-e4bc-4728-8eea-52acf8983738,2026-07-02T15:30:00Z,2026-07-02T17:30:00+0200,7499.52,MW,FR,FR,actual_onshore_wind_generation,Wind Onshore,2026-07-17T04:55:04Z
2026-07-17T04:54:16Z,2026-07-17T06:54:16+0200,4e64d4d3-e4bc-4728-8eea-52acf8983738,2026-07-02T15:45:00Z,2026-07-02T17:45:00+0200,7646.0,MW,FR,FR,actual_onshore_wind_generation,Wind Onshore,2026-07-17T04:55:04Z
2026-07-17T04:54:16Z,2026-07-17T06:54:16+0200,4e64d4d3-e4bc-4728-8eea-52acf8983738,2026-07-02T16:00:00Z,2026-07-02T18:00:00+0200,7785.96,MW,FR,FR,actual_onshore_wind_generation,Wind Onshore,2026-07-17T04:55:04Z
2026-07-17T04:54:16Z,2026-07-17T06:54:16+0200,4e64d4d3-e4bc-4728-8eea-52acf8983738,2026-07-02T16:15:00Z,2026-07-02T18:15:00+0200,7748.93,MW,FR,FR,actual_onshore_wind_generation,Wind Onshore,2026-07-17T04:55:04Z
2026-07-17T04:54:16Z,2026-07-17T06:54:16+0200,4e64d4d3-e4bc-4728-8eea-52acf8983738,2026-07-02T16:30:00Z,2026-07-02T18:30:00+0200,7508.81,MW,FR,FR,actual_onshore_wind_generation,Wind Onshore,2026-07-17T04:55:04Z
2026-07-17T04:54:16Z,2026-07-17T06:54:16+0200,4e64d4d3-e4bc-4728-8eea-52acf8983738,2026-07-02T16:45:00Z,2026-07-02T18:45:00+0200,7437.3,MW,FR,FR,actual_onshore_wind_generation,Wind Onshore,2026-07-17T04:55:04Z
2026-07-17T04:54:16Z,2026-07-17T06:54:16+0200,4e64d4d3-e4bc-4728-8eea-52acf8983738,2026-07-02T17:00:00Z,2026-07-02T19:00:00+0200,7263.8,MW,FR,FR,actual_onshore_wind_generation,Wind Onshore,2026-07-17T04:55:04Z
2026-07-17T04:54:16Z,2026-07-17T06:54:16+0200,4e64d4d3-e4bc-4728-8eea-52acf8983738,2026-07-02T17:15:00Z,2026-07-02T19:15:00+0200,6933.57,MW,FR,FR,actual_onshore_wind_generation,Wind Onshore,2026-07-17T04:55:04Z
2026-07-17T04:54:16Z,2026-07-17T06:54:16+0200,4e64d4d3-e4bc-4728-8eea-52acf8983738,2026-07-02T17:30:00Z,2026-07-02T19:30:00+0200,6634.01,MW,FR,FR,actual_onshore_wind_generation,Wind Onshore,2026-07-17T04:55:04Z
2026-07-17T04:54:16Z,2026-07-17T06:54:16+0200,4e64d4d3-e4bc-4728-8eea-52acf8983738,2026-07-02T17:45:00Z,2026-07-02T19:45:00+0200,6444.54,MW,FR,FR,actual_onshore_wind_generation,Wind Onshore,2026-07-17T04:55:04Z
2026-07-17T04:54:16Z,2026-07-17T06:54:16+0200,4e64d4d3-e4bc-4728-8eea-52acf8983738,2026-07-02T18:00:00Z,2026-07-02T20:00:00+0200,6313.58,MW,FR,FR,actual_onshore_wind_generation,Wind Onshore,2026-07-17T04:55:04Z
2026-07-17T04:54:16Z,2026-07-17T06:54:16+0200,4e64d4d3-e4bc-4728-8eea-52acf8983738,2026-07-02T18:15:00Z,2026-07-02T20:15:00+0200,6142.25,MW,FR,FR,actual_onshore_wind_generation,Wind Onshore,2026-07-17T04:55:04Z
2026-07-17T04:54:16Z,2026-07-17T06:54:16+0200,4e64d4d3-e4bc-4728-8eea-52acf8983738,2026-07-02T18:30:00Z,2026-07-02T20:30:00+0200,5955.22,MW,FR,FR,actual_onshore_wind_generation,Wind Onshore,2026-07-17T04:55:04Z
2026-07-17T04:54:16Z,2026-07-17T06:54:16+0200,4e64d4d3-e4bc-4728-8eea-52acf8983738,2026-07-02T18:45:00Z,2026-07-02T20:45:00+0200,5748.83,MW,FR,FR,actual_onshore_wind_generation,Wind Onshore,2026-07-17T04:55:04Z
2026-07-17T04:54:16Z,2026-07-17T06:54:16+0200,4e64d4d3-e4bc-4728-8eea-52acf8983738,2026-07-02T19:00:00Z,2026-07-02T21:00:00+0200,5600.4,MW,FR,FR,actual_onshore_wind_generation,Wind Onshore,2026-07-17T04:55:04Z
2026-07-17T04:54:16Z,2026-07-17T06:54:16+0200,4e64d4d3-e4bc-4728-8eea-52acf8983738,2026-07-02T19:15:00Z,2026-07-02T21:15:00+0200,5374.78,MW,FR,FR,actual_onshore_wind_generation,Wind Onshore,2026-07-17T04:55:04Z
2026-07-17T04:54:16Z,2026-07-17T06:54:16+0200,4e64d4d3-e4bc-4728-8eea-52acf8983738,2026-07-02T19:30:00Z,2026-07-02T21:30:00+0200,5390.61,MW,FR,FR,actual_onshore_wind_generation,Wind Onshore,2026-07-17T04:55:04Z
2026-07-17T04:54:16Z,2026-07-17T06:54:16+0200,4e64d4d3-e4bc-4728-8eea-52acf8983738,2026-07-02T19:45:00Z,2026-07-02T21:45:00+0200,5304.23,MW,FR,FR,actual_onshore_wind_generation,Wind Onshore,2026-07-17T04:55:04Z
2026-07-17T04:54:16Z,2026-07-17T06:54:16+0200,4e64d4d3-e4bc-4728-8eea-52acf8983738,2026-07-02T20:00:00Z,2026-07-02T22:00:00+0200,5208.24,MW,FR,FR,actual_onshore_wind_generation,Wind Onshore,2026-07-17T04:55:04Z
2026-07-17T04:54:16Z,2026-07-17T06:54:16+0200,4e64d4d3-e4bc-4728-8eea-52acf8983738,2026-07-02T20:15:00Z,2026-07-02T22:15:00+0200,4984.78,MW,FR,FR,actual_onshore_wind_generation,Wind Onshore,2026-07-17T04:55:04Z
2026-07-17T04:54:16Z,2026-07-17T06:54:16+0200,4e64d4d3-e4bc-4728-8eea-52acf8983738,2026-07-02T20:30:00Z,2026-07-02T22:30:00+0200,4816.78,MW,FR,FR,actual_onshore_wind_generation,Wind Onshore,2026-07-17T04:55:04Z
2026-07-17T04:54:16Z,2026-07-17T06:54:16+0200,4e64d4d3-e4bc-4728-8eea-52acf8983738,2026-07-02T20:45:00Z,2026-07-02T22:45:00+0200,4692.62,MW,FR,FR,actual_onshore_wind_generation,Wind Onshore,2026-07-17T04:55:04Z
2026-07-17T04:54:16Z,2026-07-17T06:54:16+0200,4e64d4d3-e4bc-4728-8eea-52acf8983738,2026-07-02T21:00:00Z,2026-07-02T23:00:00+0200,4519.99,MW,FR,FR,actual_onshore_wind_generation,Wind Onshore,2026-07-17T04:55:04Z
2026-07-17T04:54:16Z,2026-07-17T06:54:16+0200,4e64d4d3-e4bc-4728-8eea-52acf8983738,2026-07-02T21:15:00Z,2026-07-02T23:15:00+0200,4457.88,MW,FR,FR,actual_onshore_wind_generation,Wind Onshore,2026-07-17T04:55:04Z
2026-07-17T04:54:16Z,2026-07-17T06:54:16+0200,4e64d4d3-e4bc-4728-8eea-52acf8983738,2026-07-02T21:30:00Z,2026-07-02T23:30:00+0200,4343.75,MW,FR,FR,actual_onshore_wind_generation,Wind Onshore,2026-07-17T04:55:04Z
2026-07-17T04:54:16Z,2026-07-17T06:54:16+0200,4e64d4d3-e4bc-4728-8eea-52acf8983738,2026-07-02T21:45:00Z,2026-07-02T23:45:00+0200,4289.06,MW,FR,FR,actual_onshore_wind_generation,Wind Onshore,2026-07-17T04:55:04Z
2026-07-17T04:54:16Z,2026-07-17T06:54:16+0200,4e64d4d3-e4bc-4728-8eea-52acf8983738,2026-07-02T22:00:00Z,2026-07-03T00:00:00+0200,4211.49,MW,FR,FR,actual_onshore_wind_generation,Wind Onshore,2026-07-17T04:55:04Z
2026-07-17T04:54:16Z,2026-07-17T06:54:16+0200,4e64d4d3-e4bc-4728-8eea-52acf8983738,2026-07-02T22:15:00Z,2026-07-03T00:15:00+0200,4194.51,MW,FR,FR,actual_onshore_wind_generation,Wind Onshore,2026-07-17T04:55:04Z
2026-07-17T04:54:16Z,2026-07-17T06:54:16+0200,4e64d4d3-e4bc-4728-8eea-52acf8983738,2026-07-02T22:30:00Z,2026-07-03T00:30:00+0200,4082.83,MW,FR,FR,actual_onshore_wind_generation,Wind Onshore,2026-07-17T04:55:04Z
2026-07-17T04:54:16Z,2026-07-17T06:54:16+0200,4e64d4d3-e4bc-4728-8eea-52acf8983738,2026-07-02T22:45:00Z,2026-07-03T00:45:00+0200,3951.29,MW,FR,FR,actual_onshore_wind_generation,Wind Onshore,2026-07-17T04:55:04Z
2026-07-17T04:54:16Z,2026-07-17T06:54:16+0200,4e64d4d3-e4bc-4728-8eea-52acf8983738,2026-07-02T23:00:00Z,2026-07-03T01:00:00+0200,3852.12,MW,FR,FR,actual_onshore_wind_generation,Wind Onshore,2026-07-17T04:55:04Z
2026-07-17T04:54:16Z,2026-07-17T06:54:16+0200,4e64d4d3-e4bc-4728-8eea-52acf8983738,2026-07-02T23:15:00Z,2026-07-03T01:15:00+0200,3700.84,MW,FR,FR,actual_onshore_wind_generation,Wind Onshore,2026-07-17T04:55:04Z
2026-07-17T04:54:16Z,2026-07-17T06:54:16+0200,4e64d4d3-e4bc-4728-8eea-52acf8983738,2026-07-02T23:30:00Z,2026-07-03T01:30:00+0200,3617.13,MW,FR,FR,actual_onshore_wind_generation,Wind Onshore,2026-07-17T04:55:04Z
2026-07-17T04:54:16Z,2026-07-17T06:54:16+0200,4e64d4d3-e4bc-4728-8eea-52acf8983738,2026-07-02T23:45:00Z,2026-07-03T01:45:00+0200,3547.92,MW,FR,FR,actual_onshore_wind_generation,Wind Onshore,2026-07-17T04:55:04Z
2026-07-17T04:54:16Z,2026-07-17T06:54:16+0200,4e64d4d3-e4bc-4728-8eea-52acf8983738,2026-07-03T00:00:00Z,2026-07-03T02:00:00+0200,3403.32,MW,FR,FR,actual_onshore_wind_generation,Wind Onshore,2026-07-17T04:55:04Z
2026-07-17T04:54:16Z,2026-07-17T06:54:16+0200,4e64d4d3-e4bc-4728-8eea-52acf8983738,2026-07-03T00:15:00Z,2026-07-03T02:15:00+0200,3226.59,MW,FR,FR,actual_onshore_wind_generation,Wind Onshore,2026-07-17T04:55:04Z
2026-07-17T04:54:16Z,2026-07-17T06:54:16+0200,4e64d4d3-e4bc-4728-8eea-52acf8983738,2026-07-03T00:30:00Z,2026-07-03T02:30:00+0200,3032.76,MW,FR,FR,actual_onshore_wind_generation,Wind Onshore,2026-07-17T04:55:04Z
2026-07-17T04:54:16Z,2026-07-17T06:54:16+0200,4e64d4d3-e4bc-4728-8eea-52acf8983738,2026-07-03T00:45:00Z,2026-07-03T02:45:00+0200,2883.75,MW,FR,FR,actual_onshore_wind_generation,Wind Onshore,2026-07-17T04:55:04Z
2026-07-17T04:54:16Z,2026-07-17T06:54:16+0200,4e64d4d3-e4bc-4728-8eea-52acf8983738,2026-07-03T01:00:00Z,2026-07-03T03:00:00+0200,2786.4,MW,FR,FR,actual_onshore_wind_generation,Wind Onshore,2026-07-17T04:55:04Z
2026-07-17T04:54:16Z,2026-07-17T06:54:16+0200,4e64d4d3-e4bc-4728-8eea-52acf8983738,2026-07-03T01:15:00Z,2026-07-03T03:15:00+0200,2676.71,MW,FR,FR,actual_onshore_wind_generation,Wind Onshore,2026-07-17T04:55:04Z
2026-07-17T04:54:16Z,2026-07-17T06:54:16+0200,4e64d4d3-e4bc-4728-8eea-52acf8983738,2026-07-03T01:30:00Z,2026-07-03T03:30:00+0200,2614.24,MW,FR,FR,actual_onshore_wind_generation,Wind Onshore,2026-07-17T04:55:04Z
2026-07-17T04:54:16Z,2026-07-17T06:54:16+0200,4e64d4d3-e4bc-4728-8eea-52acf8983738,2026-07-03T01:45:00Z,2026-07-03T03:45:00+0200,2572.15,MW,FR,FR,actual_onshore_wind_generation,Wind Onshore,2026-07-17T04:55:04Z
2026-07-17T04:54:16Z,2026-07-17T06:54:16+0200,4e64d4d3-e4bc-4728-8eea-52acf8983738,2026-07-03T02:00:00Z,2026-07-03T04:00:00+0200,2587.13,MW,FR,FR,actual_onshore_wind_generation,Wind Onshore,2026-07-17T04:55:04Z
2026-07-17T04:54:16Z,2026-07-17T06:54:16+0200,4e64d4d3-e4bc-4728-8eea-52acf8983738,2026-07-03T02:15:00Z,2026-07-03T04:15:00+0200,2578.19,MW,FR,FR,actual_onshore_wind_generation,Wind Onshore,2026-07-17T04:55:04Z
2026-07-17T04:54:16Z,2026-07-17T06:54:16+0200,4e64d4d3-e4bc-4728-8eea-52acf8983738,2026-07-03T02:30:00Z,2026-07-03T04:30:00+0200,2528.47,MW,FR,FR,actual_onshore_wind_generation,Wind Onshore,2026-07-17T04:55:04Z
2026-07-17T04:54:16Z,2026-07-17T06:54:16+0200,4e64d4d3-e4bc-4728-8eea-52acf8983738,2026-07-03T02:45:00Z,2026-07-03T04:45:00+0200,2483.21,MW,FR,FR,actual_onshore_wind_generation,Wind Onshore,2026-07-17T04:55:04Z
2026-07-17T04:54:16Z,2026-07-17T06:54:16+0200,4e64d4d3-e4bc-4728-8eea-52acf8983738,2026-07-03T03:00:00Z,2026-07-03T05:00:00+0200,2484.07,MW,FR,FR,actual_onshore_wind_generation,Wind Onshore,2026-07-17T04:55:04Z
2026-07-17T04:54:16Z,2026-07-17T06:54:16+0200,4e64d4d3-e4bc-4728-8eea-52acf8983738,2026-07-03T03:15:00Z,2026-07-03T05:15:00+0200,2423.82,MW,FR,FR,actual_onshore_wind_generation,Wind Onshore,2026-07-17T04:55:04Z
2026-07-17T04:54:16Z,2026-07-17T06:54:16+0200,4e64d4d3-e4bc-4728-8eea-52acf8983738,2026-07-03T03:30:00Z,2026-07-03T05:30:00+0200,2393.62,MW,FR,FR,actual_onshore_wind_generation,Wind Onshore,2026-07-17T04:55:04Z
2026-07-17T04:54:16Z,2026-07-17T06:54:16+0200,4e64d4d3-e4bc-4728-8eea-52acf8983738,2026-07-03T03:45:00Z,2026-07-03T05:45:00+0200,2354.49,MW,FR,FR,actual_onshore_wind_generation,Wind Onshore,2026-07-17T04:55:04Z
2026-07-17T04:54:16Z,2026-07-17T06:54:16+0200,4e64d4d3-e4bc-4728-8eea-52acf8983738,2026-07-03T04:00:00Z,2026-07-03T06:00:00+0200,2339.66,MW,FR,FR,actual_onshore_wind_generation,Wind Onshore,2026-07-17T04:55:04Z
2026-07-17T04:54:16Z,2026-07-17T06:54:16+0200,4e64d4d3-e4bc-4728-8eea-52acf8983738,2026-07-03T04:15:00Z,2026-07-03T06:15:00+0200,2291.38,MW,FR,FR,actual_onshore_wind_generation,Wind Onshore,2026-07-17T04:55:04Z
2026-07-17T04:54:16Z,2026-07-17T06:54:16+0200,4e64d4d3-e4bc-4728-8eea-52acf8983738,2026-07-03T04:30:00Z,2026-07-03T06:30:00+0200,2227.83,MW,FR,FR,actual_onshore_wind_generation,Wind Onshore,2026-07-17T04:55:04Z
2026-07-17T04:54:16Z,2026-07-17T06:54:16+0200,4e64d4d3-e4bc-4728-8eea-52acf8983738,2026-07-03T04:45:00Z,2026-07-03T06:45:00+0200,2234.2,MW,FR,FR,actual_onshore_wind_generation,Wind Onshore,2026-07-17T04:55:04Z
2026-07-17T04:54:16Z,2026-07-17T06:54:16+0200,4e64d4d3-e4bc-4728-8eea-52acf8983738,2026-07-03T05:00:00Z,2026-07-03T07:00:00+0200,2174.85,MW,FR,FR,actual_onshore_wind_generation,Wind Onshore,2026-07-17T04:55:04Z
2026-07-17T04:54:16Z,2026-07-17T06:54:16+0200,4e64d4d3-e4bc-4728-8eea-52acf8983738,2026-07-03T05:15:00Z,2026-07-03T07:15:00+0200,2070.22,MW,FR,FR,actual_onshore_wind_generation,Wind Onshore,2026-07-17T04:55:04Z
2026-07-17T04:54:16Z,2026-07-17T06:54:16+0200,4e64d4d3-e4bc-4728-8eea-52acf8983738,2026-07-03T05:30:00Z,2026-07-03T07:30:00+0200,1923.98,MW,FR,FR,actual_onshore_wind_generation,Wind Onshore,2026-07-17T04:55:04Z
2026-07-17T04:54:16Z,2026-07-17T06:54:16+0200,4e64d4d3-e4bc-4728-8eea-52acf8983738,2026-07-03T05:45:00Z,2026-07-03T07:45:00+0200,1811.2,MW,FR,FR,actual_onshore_wind_generation,Wind Onshore,2026-07-17T04:55:04Z
2026-07-17T04:54:16Z,2026-07-17T06:54:16+0200,4e64d4d3-e4bc-4728-8eea-52acf8983738,2026-07-03T06:00:00Z,2026-07-03T08:00:00+0200,1683.17,MW,FR,FR,actual_onshore_wind_generation,Wind Onshore,2026-07-17T04:55:04Z
2026-07-17T04:54:16Z,2026-07-17T06:54:16+0200,4e64d4d3-e4bc-4728-8eea-52acf8983738,2026-07-03T06:15:00Z,2026-07-03T08:15:00+0200,1569.61,MW,FR,FR,actual_onshore_wind_generation,Wind Onshore,2026-07-17T04:55:04Z
2026-07-17T04:54:16Z,2026-07-17T06:54:16+0200,4e64d4d3-e4bc-4728-8eea-52acf8983738,2026-07-03T06:30:00Z,2026-07-03T08:30:00+0200,1499.83,MW,FR,FR,actual_onshore_wind_generation,Wind Onshore,2026-07-17T04:55:04Z
2026-07-17T04:54:16Z,2026-07-17T06:54:16+0200,4e64d4d3-e4bc-4728-8eea-52acf8983738,2026-07-03T06:45:00Z,2026-07-03T08:45:00+0200,1466.01,MW,FR,FR,actual_onshore_wind_generation,Wind Onshore,2026-07-17T04:55:04Z
2026-07-17T04:54:16Z,2026-07-17T06:54:16+0200,4e64d4d3-e4bc-4728-8eea-52acf8983738,2026-07-03T07:00:00Z,2026-07-03T09:00:00+0200,1437.45,MW,FR,FR,actual_onshore_wind_generation,Wind Onshore,2026-07-17T04:55:04Z
2026-07-17T04:54:16Z,2026-07-17T06:54:16+0200,4e64d4d3-e4bc-4728-8eea-52acf8983738,2026-07-03T07:15:00Z,2026-07-03T09:15:00+0200,1412.23,MW,FR,FR,actual_onshore_wind_generation,Wind Onshore,2026-07-17T04:55:04Z
2026-07-17T04:54:16Z,2026-07-17T06:54:16+0200,4e64d4d3-e4bc-4728-8eea-52acf8983738,2026-07-03T07:30:00Z,2026-07-03T09:30:00+0200,1427.01,MW,FR,FR,actual_onshore_wind_generation,Wind Onshore,2026-07-17T04:55:04Z
2026-07-17T04:54:16Z,2026-07-17T06:54:16+0200,4e64d4d3-e4bc-4728-8eea-52acf8983738,2026-07-03T07:45:00Z,2026-07-03T09:45:00+0200,1411.56,MW,FR,FR,actual_onshore_wind_generation,Wind Onshore,2026-07-17T04:55:04Z
2026-07-17T04:54:16Z,2026-07-17T06:54:16+0200,4e64d4d3-e4bc-4728-8eea-52acf8983738,2026-07-03T08:00:00Z,2026-07-03T10:00:00+0200,1381.9,MW,FR,FR,actual_onshore_wind_generation,Wind Onshore,2026-07-17T04:55:04Z
2026-07-17T04:54:16Z,2026-07-17T06:54:16+0200,4e64d4d3-e4bc-4728-8eea-52acf8983738,2026-07-03T08:15:00Z,2026-07-03T10:15:00+0200,1385.35,MW,FR,FR,actual_onshore_wind_generation,Wind Onshore,2026-07-17T04:55:04Z
2026-07-17T04:54:16Z,2026-07-17T06:54:16+0200,4e64d4d3-e4bc-4728-8eea-52acf8983738,2026-07-03T08:30:00Z,2026-07-03T10:30:00+0200,1380.36,MW,FR,FR,actual_onshore_wind_generation,Wind Onshore,2026-07-17T04:55:04Z
2026-07-17T04:54:16Z,2026-07-17T06:54:16+0200,4e64d4d3-e4bc-4728-8eea-52acf8983738,2026-07-03T08:45:00Z,2026-07-03T10:45:00+0200,1385.92,MW,FR,FR,actual_onshore_wind_generation,Wind Onshore,2026-07-17T04:55:04Z
2026-07-17T04:54:16Z,2026-07-17T06:54:16+0200,4e64d4d3-e4bc-4728-8eea-52acf8983738,2026-07-03T09:00:00Z,2026-07-03T11:00:00+0200,1408.96,MW,FR,FR,actual_onshore_wind_generation,Wind Onshore,2026-07-17T04:55:04Z
2026-07-17T04:54:16Z,2026-07-17T06:54:16+0200,4e64d4d3-e4bc-4728-8eea-52acf8983738,2026-07-03T09:15:00Z,2026-07-03T11:15:00+0200,1460.67,MW,FR,FR,actual_onshore_wind_generation,Wind Onshore,2026-07-17T04:55:04Z
2026-07-17T04:54:16Z,2026-07-17T06:54:16+0200,4e64d4d3-e4bc-4728-8eea-52acf8983738,2026-07-03T09:30:00Z,2026-07-03T11:30:00+0200,1505.93,MW,FR,FR,actual_onshore_wind_generation,Wind Onshore,2026-07-17T04:55:04Z
2026-07-17T04:54:16Z,2026-07-17T06:54:16+0200,4e64d4d3-e4bc-4728-8eea-52acf8983738,2026-07-03T09:45:00Z,2026-07-03T11:45:00+0200,1431.45,MW,FR,FR,actual_onshore_wind_generation,Wind Onshore,2026-07-17T04:55:04Z
2026-07-17T04:54:16Z,2026-07-17T06:54:16+0200,4e64d4d3-e4bc-4728-8eea-52acf8983738,2026-07-03T10:00:00Z,2026-07-03T12:00:00+0200,1054.96,MW,FR,FR,actual_onshore_wind_generation,Wind Onshore,2026-07-17T04:55:04Z
2026-07-17T04:54:16Z,2026-07-17T06:54:16+0200,4e64d4d3-e4bc-4728-8eea-52acf8983738,2026-07-03T10:15:00Z,2026-07-03T12:15:00+0200,1074.74,MW,FR,FR,actual_onshore_wind_generation,Wind Onshore,2026-07-17T04:55:04Z
2026-07-17T04:54:16Z,2026-07-17T06:54:16+0200,4e64d4d3-e4bc-4728-8eea-52acf8983738,2026-07-03T10:30:00Z,2026-07-03T12:30:00+0200,1105.55,MW,FR,FR,actual_onshore_wind_generation,Wind Onshore,2026-07-17T04:55:04Z
2026-07-17T04:54:16Z,2026-07-17T06:54:16+0200,4e64d4d3-e4bc-4728-8eea-52acf8983738,2026-07-03T10:45:00Z,2026-07-03T12:45:00+0200,1106.84,MW,FR,FR,actual_onshore_wind_generation,Wind Onshore,2026-07-17T04:55:04Z
2026-07-17T04:54:16Z,2026-07-17T06:54:16+0200,4e64d4d3-e4bc-4728-8eea-52acf8983738,2026-07-03T11:00:00Z,2026-07-03T13:00:00+0200,1039.67,MW,FR,FR,actual_onshore_wind_generation,Wind Onshore,2026-07-17T04:55:04Z
2026-07-17T04:54:16Z,2026-07-17T06:54:16+0200,4e64d4d3-e4bc-4728-8eea-52acf8983738,2026-07-03T11:15:00Z,2026-07-03T13:15:00+0200,1019.02,MW,FR,FR,actual_onshore_wind_generation,Wind Onshore,2026-07-17T04:55:04Z
2026-07-17T04:54:16Z,2026-07-17T06:54:16+0200,4e64d4d3-e4bc-4728-8eea-52acf8983738,2026-07-03T11:30:00Z,2026-07-03T13:30:00+0200,914.66,MW,FR,FR,actual_onshore_wind_generation,Wind Onshore,2026-07-17T04:55:04Z
2026-07-17T04:54:16Z,2026-07-17T06:54:16+0200,4e64d4d3-e4bc-4728-8eea-52acf8983738,2026-07-03T11:45:00Z,2026-07-03T13:45:00+0200,897.11,MW,FR,FR,actual_onshore_wind_generation,Wind Onshore,2026-07-17T04:55:04Z
2026-07-17T04:54:16Z,2026-07-17T06:54:16+0200,4e64d4d3-e4bc-4728-8eea-52acf8983738,2026-07-03T12:00:00Z,2026-07-03T14:00:00+0200,910.98,MW,FR,FR,actual_onshore_wind_generation,Wind Onshore,2026-07-17T04:55:04Z
2026-07-17T04:54:16Z,2026-07-17T06:54:16+0200,4e64d4d3-e4bc-4728-8eea-52acf8983738,2026-07-03T12:15:00Z,2026-07-03T14:15:00+0200,914.92,MW,FR,FR,actual_onshore_wind_generation,Wind Onshore,2026-07-17T04:55:04Z
2026-07-17T04:54:16Z,2026-07-17T06:54:16+0200,4e64d4d3-e4bc-4728-8eea-52acf8983738,2026-07-03T12:30:00Z,2026-07-03T14:30:00+0200,918.25,MW,FR,FR,actual_onshore_wind_generation,Wind Onshore,2026-07-17T04:55:04Z
2026-07-17T04:54:16Z,2026-07-17T06:54:16+0200,4e64d4d3-e4bc-4728-8eea-52acf8983738,2026-07-03T12:45:00Z,2026-07-03T14:45:00+0200,1071.03,MW,FR,FR,actual_onshore_wind_generation,Wind Onshore,2026-07-17T04:55:04Z
2026-07-17T04:54:16Z,2026-07-17T06:54:16+0200,4e64d4d3-e4bc-4728-8eea-52acf8983738,2026-07-03T13:00:00Z,2026-07-03T15:00:00+0200,1309.83,MW,FR,FR,actual_onshore_wind_generation,Wind Onshore,2026-07-17T04:55:04Z
2026-07-17T04:54:16Z,2026-07-17T06:54:16+0200,4e64d4d3-e4bc-4728-8eea-52acf8983738,2026-07-03T13:15:00Z,2026-07-03T15:15:00+0200,1291.65,MW,FR,FR,actual_onshore_wind_generation,Wind Onshore,2026-07-17T04:55:04Z
2026-07-17T04:54:16Z,2026-07-17T06:54:16+0200,4e64d4d3-e4bc-4728-8eea-52acf8983738,2026-07-03T13:30:00Z,2026-07-03T15:30:00+0200,1116.72,MW,FR,FR,actual_onshore_wind_generation,Wind Onshore,2026-07-17T04:55:04Z
2026-07-17T04:54:16Z,2026-07-17T06:54:16+0200,4e64d4d3-e4bc-4728-8eea-52acf8983738,2026-07-03T13:45:00Z,2026-07-03T15:45:00+0200,1176.94,MW,FR,FR,actual_onshore_wind_generation,Wind Onshore,2026-07-17T04:55:04Z
2026-07-17T04:54:16Z,2026-07-17T06:54:16+0200,4e64d4d3-e4bc-4728-8eea-52acf8983738,2026-07-03T14:00:00Z,2026-07-03T16:00:00+0200,1246.64,MW,FR,FR,actual_onshore_wind_generation,Wind Onshore,2026-07-17T04:55:04Z
2026-07-17T04:54:16Z,2026-07-17T06:54:16+0200,4e64d4d3-e4bc-4728-8eea-52acf8983738,2026-07-03T14:15:00Z,2026-07-03T16:15:00+0200,1279.95,MW,FR,FR,actual_onshore_wind_generation,Wind Onshore,2026-07-17T04:55:04Z
2026-07-17T04:54:16Z,2026-07-17T06:54:16+0200,4e64d4d3-e4bc-4728-8eea-52acf8983738,2026-07-03T14:30:00Z,2026-07-03T16:30:00+0200,1771.16,MW,FR,FR,actual_onshore_wind_generation,Wind Onshore,2026-07-17T04:55:04Z
2026-07-17T04:54:16Z,2026-07-17T06:54:16+0200,4e64d4d3-e4bc-4728-8eea-52acf8983738,2026-07-03T14:45:00Z,2026-07-03T16:45:00+0200,2193.6,MW,FR,FR,actual_onshore_wind_generation,Wind Onshore,2026-07-17T04:55:04Z
2026-07-17T04:54:16Z,2026-07-17T06:54:16+0200,4e64d4d3-e4bc-4728-8eea-52acf8983738,2026-07-03T15:00:00Z,2026-07-03T17:00:00+0200,2279.81,MW,FR,FR,actual_onshore_wind_generation,Wind Onshore,2026-07-17T04:55:04Z
2026-07-17T04:54:16Z,2026-07-17T06:54:16+0200,4e64d4d3-e4bc-4728-8eea-52acf8983738,2026-07-03T15:15:00Z,2026-07-03T17:15:00+0200,2425.85,MW,FR,FR,actual_onshore_wind_generation,Wind Onshore,2026-07-17T04:55:04Z
2026-07-17T04:54:16Z,2026-07-17T06:54:16+0200,4e64d4d3-e4bc-4728-8eea-52acf8983738,2026-07-03T15:30:00Z,2026-07-03T17:30:00+0200,2477.8,MW,FR,FR,actual_onshore_wind_generation,Wind Onshore,2026-07-17T04:55:04Z
2026-07-17T04:54:16Z,2026-07-17T06:54:16+0200,4e64d4d3-e4bc-4728-8eea-52acf8983738,2026-07-03T15:45:00Z,2026-07-03T17:45:00+0200,2556.88,MW,FR,FR,actual_onshore_wind_generation,Wind Onshore,2026-07-17T04:55:04Z
2026-07-17T04:54:16Z,2026-07-17T06:54:16+0200,4e64d4d3-e4bc-4728-8eea-52acf8983738,2026-07-03T16:00:00Z,2026-07-03T18:00:00+0200,2599.52,MW,FR,FR,actual_onshore_wind_generation,Wind Onshore,2026-07-17T04:55:04Z
2026-07-17T04:54:16Z,2026-07-17T06:54:16+0200,4e64d4d3-e4bc-4728-8eea-52acf8983738,2026-07-03T16:15:00Z,2026-07-03T18:15:00+0200,2639.84,MW,FR,FR,actual_onshore_wind_generation,Wind Onshore,2026-07-17T04:55:04Z
2026-07-17T04:54:16Z,2026-07-17T06:54:16+0200,4e64d4d3-e4bc-4728-8eea-52acf8983738,2026-07-03T16:30:00Z,2026-07-03T18:30:00+0200,2735.37,MW,FR,FR,actual_onshore_wind_generation,Wind Onshore,2026-07-17T04:55:04Z
2026-07-17T04:54:16Z,2026-07-17T06:54:16+0200,4e64d4d3-e4bc-4728-8eea-52acf8983738,2026-07-03T16:45:00Z,2026-07-03T18:45:00+0200,2766.11,MW,FR,FR,actual_onshore_wind_generation,Wind Onshore,2026-07-17T04:55:04Z
2026-07-17T04:54:16Z,2026-07-17T06:54:16+0200,4e64d4d3-e4bc-4728-8eea-52acf8983738,2026-07-03T17:00:00Z,2026-07-03T19:00:00+0200,2872.13,MW,FR,FR,actual_onshore_wind_generation,Wind Onshore,2026-07-17T04:55:04Z
2026-07-17T04:54:16Z,2026-07-17T06:54:16+0200,4e64d4d3-e4bc-4728-8eea-52acf8983738,2026-07-03T17:15:00Z,2026-07-03T19:15:00+0200,2942.72,MW,FR,FR,actual_onshore_wind_generation,Wind Onshore,2026-07-17T04:55:04Z
2026-07-17T04:54:16Z,2026-07-17T06:54:16+0200,4e64d4d3-e4bc-4728-8eea-52acf8983738,2026-07-03T17:30:00Z,2026-07-03T19:30:00+0200,3012.59,MW,FR,FR,actual_onshore_wind_generation,Wind Onshore,2026-07-17T04:55:04Z
2026-07-17T04:54:16Z,2026-07-17T06:54:16+0200,4e64d4d3-e4bc-4728-8eea-52acf8983738,2026-07-03T17:45:00Z,2026-07-03T19:45:00+0200,3035.58,MW,FR,FR,actual_onshore_wind_generation,Wind Onshore,2026-07-17T04:55:04Z
2026-07-17T04:54:16Z,2026-07-17T06:54:16+0200,4e64d4d3-e4bc-4728-8eea-52acf8983738,2026-07-03T18:00:00Z,2026-07-03T20:00:00+0200,3097.22,MW,FR,FR,actual_onshore_wind_generation,Wind Onshore,2026-07-17T04:55:04Z
2026-07-17T04:54:16Z,2026-07-17T06:54:16+0200,4e64d4d3-e4bc-4728-8eea-52acf8983738,2026-07-03T18:15:00Z,2026-07-03T20:15:00+0200,3153.33,MW,FR,FR,actual_onshore_wind_generation,Wind Onshore,2026-07-17T04:55:04Z
2026-07-17T04:54:16Z,2026-07-17T06:54:16+0200,4e64d4d3-e4bc-4728-8eea-52acf8983738,2026-07-03T18:30:00Z,2026-07-03T20:30:00+0200,3189.98,MW,FR,FR,actual_onshore_wind_generation,Wind Onshore,2026-07-17T04:55:04Z
2026-07-17T04:54:16Z,2026-07-17T06:54:16+0200,4e64d4d3-e4bc-4728-8eea-52acf8983738,2026-07-03T18:45:00Z,2026-07-03T20:45:00+0200,3190.95,MW,FR,FR,actual_onshore_wind_generation,Wind Onshore,2026-07-17T04:55:04Z
2026-07-17T04:54:16Z,2026-07-17T06:54:16+0200,4e64d4d3-e4bc-4728-8eea-52acf8983738,2026-07-03T19:00:00Z,2026-07-03T21:00:00+0200,3201.83,MW,FR,FR,actual_onshore_wind_generation,Wind Onshore,2026-07-17T04:55:04Z
2026-07-17T04:54:16Z,2026-07-17T06:54:16+0200,4e64d4d3-e4bc-4728-8eea-52acf8983738,2026-07-03T19:15:00Z,2026-07-03T21:15:00+0200,3261.18,MW,FR,FR,actual_onshore_wind_generation,Wind Onshore,2026-07-17T04:55:04Z
2026-07-17T04:54:16Z,2026-07-17T06:54:16+0200,4e64d4d3-e4bc-4728-8eea-52acf8983738,2026-07-03T19:30:00Z,2026-07-03T21:30:00+0200,3389.79,MW,FR,FR,actual_onshore_wind_generation,Wind Onshore,2026-07-17T04:55:04Z
2026-07-17T04:54:16Z,2026-07-17T06:54:16+0200,4e64d4d3-e4bc-4728-8eea-52acf8983738,2026-07-03T19:45:00Z,2026-07-03T21:45:00+0200,3518.96,MW,FR,FR,actual_onshore_wind_generation,Wind Onshore,2026-07-17T04:55:04Z
2026-07-17T04:54:16Z,2026-07-17T06:54:16+0200,4e64d4d3-e4bc-4728-8eea-52acf8983738,2026-07-03T20:00:00Z,2026-07-03T22:00:00+0200,3635.59,MW,FR,FR,actual_onshore_wind_generation,Wind Onshore,2026-07-17T04:55:04Z
2026-07-17T04:54:16Z,2026-07-17T06:54:16+0200,4e64d4d3-e4bc-4728-8eea-52acf8983738,2026-07-03T20:15:00Z,2026-07-03T22:15:00+0200,3767.55,MW,FR,FR,actual_onshore_wind_generation,Wind Onshore,2026-07-17T04:55:04Z
2026-07-17T04:54:16Z,2026-07-17T06:54:16+0200,4e64d4d3-e4bc-4728-8eea-52acf8983738,2026-07-03T20:30:00Z,2026-07-03T22:30:00+0200,3948.39,MW,FR,FR,actual_onshore_wind_generation,Wind Onshore,2026-07-17T04:55:04Z
2026-07-17T04:54:16Z,2026-07-17T06:54:16+0200,4e64d4d3-e4bc-4728-8eea-52acf8983738,2026-07-03T20:45:00Z,2026-07-03T22:45:00+0200,4082.1,MW,FR,FR,actual_onshore_wind_generation,Wind Onshore,2026-07-17T04:55:04Z
2026-07-17T04:54:16Z,2026-07-17T06:54:16+0200,4e64d4d3-e4bc-4728-8eea-52acf8983738,2026-07-03T21:00:00Z,2026-07-03T23:00:00+0200,4128.28,MW,FR,FR,actual_onshore_wind_generation,Wind Onshore,2026-07-17T04:55:04Z
2026-07-17T04:54:16Z,2026-07-17T06:54:16+0200,4e64d4d3-e4bc-4728-8eea-52acf8983738,2026-07-03T21:15:00Z,2026-07-03T23:15:00+0200,4175.85,MW,FR,FR,actual_onshore_wind_generation,Wind Onshore,2026-07-17T04:55:04Z
2026-07-17T04:54:16Z,2026-07-17T06:54:16+0200,4e64d4d3-e4bc-4728-8eea-52acf8983738,2026-07-03T21:30:00Z,2026-07-03T23:30:00+0200,4202.42,MW,FR,FR,actual_onshore_wind_generation,Wind Onshore,2026-07-17T04:55:04Z
2026-07-17T04:54:16Z,2026-07-17T06:54:16+0200,4e64d4d3-e4bc-4728-8eea-52acf8983738,2026-07-03T21:45:00Z,2026-07-03T23:45:00+0200,4169.54,MW,FR,FR,actual_onshore_wind_generation,Wind Onshore,2026-07-17T04:55:04Z
2026-07-17T04:54:16Z,2026-07-17T06:54:16+0200,4e64d4d3-e4bc-4728-8eea-52acf8983738,2026-07-03T22:00:00Z,2026-07-04T00:00:00+0200,4128.41,MW,FR,FR,actual_onshore_wind_generation,Wind Onshore,2026-07-17T04:55:04Z
2026-07-17T04:54:16Z,2026-07-17T06:54:16+0200,4e64d4d3-e4bc-4728-8eea-52acf8983738,2026-07-03T22:15:00Z,2026-07-04T00:15:00+0200,4145.88,MW,FR,FR,actual_onshore_wind_generation,Wind Onshore,2026-07-17T04:55:04Z
2026-07-17T04:54:16Z,2026-07-17T06:54:16+0200,4e64d4d3-e4bc-4728-8eea-52acf8983738,2026-07-03T22:30:00Z,2026-07-04T00:30:00+0200,4117.13,MW,FR,FR,actual_onshore_wind_generation,Wind Onshore,2026-07-17T04:55:04Z
2026-07-17T04:54:16Z,2026-07-17T06:54:16+0200,4e64d4d3-e4bc-4728-8eea-52acf8983738,2026-07-03T22:45:00Z,2026-07-04T00:45:00+0200,4044.35,MW,FR,FR,actual_onshore_wind_generation,Wind Onshore,2026-07-17T04:55:04Z
2026-07-17T04:54:16Z,2026-07-17T06:54:16+0200,4e64d4d3-e4bc-4728-8eea-52acf8983738,2026-07-03T23:00:00Z,2026-07-04T01:00:00+0200,3968.81,MW,FR,FR,actual_onshore_wind_generation,Wind Onshore,2026-07-17T04:55:04Z
2026-07-17T04:54:16Z,2026-07-17T06:54:16+0200,4e64d4d3-e4bc-4728-8eea-52acf8983738,2026-07-03T23:15:00Z,2026-07-04T01:15:00+0200,3936.54,MW,FR,FR,actual_onshore_wind_generation,Wind Onshore,2026-07-17T04:55:04Z
2026-07-17T04:54:16Z,2026-07-17T06:54:16+0200,4e64d4d3-e4bc-4728-8eea-52acf8983738,2026-07-03T23:30:00Z,2026-07-04T01:30:00+0200,3815.45,MW,FR,FR,actual_onshore_wind_generation,Wind Onshore,2026-07-17T04:55:04Z
2026-07-17T04:54:16Z,2026-07-17T06:54:16+0200,4e64d4d3-e4bc-4728-8eea-52acf8983738,2026-07-03T23:45:00Z,2026-07-04T01:45:00+0200,3754.34,MW,FR,FR,actual_onshore_wind_generation,Wind Onshore,2026-07-17T04:55:04Z
2026-07-17T04:54:16Z,2026-07-17T06:54:16+0200,4e64d4d3-e4bc-4728-8eea-52acf8983738,2026-07-04T00:00:00Z,2026-07-04T02:00:00+0200,3734.55,MW,FR,FR,actual_onshore_wind_generation,Wind Onshore,2026-07-17T04:55:04Z
2026-07-17T04:54:16Z,2026-07-17T06:54:16+0200,4e64d4d3-e4bc-4728-8eea-52acf8983738,2026-07-04T00:15:00Z,2026-07-04T02:15:00+0200,3624.88,MW,FR,FR,actual_onshore_wind_generation,Wind Onshore,2026-07-17T04:55:04Z
2026-07-17T04:54:16Z,2026-07-17T06:54:16+0200,4e64d4d3-e4bc-4728-8eea-52acf8983738,2026-07-04T00:30:00Z,2026-07-04T02:30:00+0200,3488.98,MW,FR,FR,actual_onshore_wind_generation,Wind Onshore,2026-07-17T04:55:04Z
2026-07-17T04:54:16Z,2026-07-17T06:54:16+0200,4e64d4d3-e4bc-4728-8eea-52acf8983738,2026-07-04T00:45:00Z,2026-07-04T02:45:00+0200,3365.22,MW,FR,FR,actual_onshore_wind_generation,Wind Onshore,2026-07-17T04:55:04Z
2026-07-17T04:54:16Z,2026-07-17T06:54:16+0200,4e64d4d3-e4bc-4728-8eea-52acf8983738,2026-07-04T01:00:00Z,2026-07-04T03:00:00+0200,3265.22,MW,FR,FR,actual_onshore_wind_generation,Wind Onshore,2026-07-17T04:55:04Z
2026-07-17T04:54:16Z,2026-07-17T06:54:16+0200,4e64d4d3-e4bc-4728-8eea-52acf8983738,2026-07-04T01:15:00Z,2026-07-04T03:15:00+0200,3184.67,MW,FR,FR,actual_onshore_wind_generation,Wind Onshore,2026-07-17T04:55:04Z
2026-07-17T04:54:16Z,2026-07-17T06:54:16+0200,4e64d4d3-e4bc-4728-8eea-52acf8983738,2026-07-04T01:30:00Z,2026-07-04T03:30:00+0200,3134.57,MW,FR,FR,actual_onshore_wind_generation,Wind Onshore,2026-07-17T04:55:04Z
2026-07-17T04:54:16Z,2026-07-17T06:54:16+0200,4e64d4d3-e4bc-4728-8eea-52acf8983738,2026-07-04T01:45:00Z,2026-07-04T03:45:00+0200,3092.66,MW,FR,FR,actual_onshore_wind_generation,Wind Onshore,2026-07-17T04:55:04Z
2026-07-17T04:54:16Z,2026-07-17T06:54:16+0200,4e64d4d3-e4bc-4728-8eea-52acf8983738,2026-07-04T02:00:00Z,2026-07-04T04:00:00+0200,3050.98,MW,FR,FR,actual_onshore_wind_generation,Wind Onshore,2026-07-17T04:55:04Z
2026-07-17T04:54:16Z,2026-07-17T06:54:16+0200,4e64d4d3-e4bc-4728-8eea-52acf8983738,2026-07-04T02:15:00Z,2026-07-04T04:15:00+0200,3003.74,MW,FR,FR,actual_onshore_wind_generation,Wind Onshore,2026-07-17T04:55:04Z
2026-07-17T04:54:16Z,2026-07-17T06:54:16+0200,4e64d4d3-e4bc-4728-8eea-52acf8983738,2026-07-04T02:30:00Z,2026-07-04T04:30:00+0200,2900.16,MW,FR,FR,actual_onshore_wind_generation,Wind Onshore,2026-07-17T04:55:04Z
2026-07-17T04:54:16Z,2026-07-17T06:54:16+0200,4e64d4d3-e4bc-4728-8eea-52acf8983738,2026-07-04T02:45:00Z,2026-07-04T04:45:00+0200,2833.28,MW,FR,FR,actual_onshore_wind_generation,Wind Onshore,2026-07-17T04:55:04Z
2026-07-17T04:54:16Z,2026-07-17T06:54:16+0200,4e64d4d3-e4bc-4728-8eea-52acf8983738,2026-07-04T03:00:00Z,2026-07-04T05:00:00+0200,2782.04,MW,FR,FR,actual_onshore_wind_generation,Wind Onshore,2026-07-17T04:55:04Z
2026-07-17T04:54:16Z,2026-07-17T06:54:16+0200,4e64d4d3-e4bc-4728-8eea-52acf8983738,2026-07-04T03:15:00Z,2026-07-04T05:15:00+0200,2698.23,MW,FR,FR,actual_onshore_wind_generation,Wind Onshore,2026-07-17T04:55:04Z
2026-07-17T04:54:16Z,2026-07-17T06:54:16+0200,4e64d4d3-e4bc-4728-8eea-52acf8983738,2026-07-04T03:30:00Z,2026-07-04T05:30:00+0200,2647.19,MW,FR,FR,actual_onshore_wind_generation,Wind Onshore,2026-07-17T04:55:04Z
2026-07-17T04:54:16Z,2026-07-17T06:54:16+0200,4e64d4d3-e4bc-4728-8eea-52acf8983738,2026-07-04T03:45:00Z,2026-07-04T05:45:00+0200,2584.18,MW,FR,FR,actual_onshore_wind_generation,Wind Onshore,2026-07-17T04:55:04Z
2026-07-17T04:54:16Z,2026-07-17T06:54:16+0200,4e64d4d3-e4bc-4728-8eea-52acf8983738,2026-07-04T04:00:00Z,2026-07-04T06:00:00+0200,2542.84,MW,FR,FR,actual_onshore_wind_generation,Wind Onshore,2026-07-17T04:55:04Z
2026-07-17T04:54:16Z,2026-07-17T06:54:16+0200,4e64d4d3-e4bc-4728-8eea-52acf8983738,2026-07-04T04:15:00Z,2026-07-04T06:15:00+0200,2546.55,MW,FR,FR,actual_onshore_wind_generation,Wind Onshore,2026-07-17T04:55:04Z
2026-07-17T04:54:16Z,2026-07-17T06:54:16+0200,4e64d4d3-e4bc-4728-8eea-52acf8983738,2026-07-04T04:30:00Z,2026-07-04T06:30:00+0200,2505.75,MW,FR,FR,actual_onshore_wind_generation,Wind Onshore,2026-07-17T04:55:04Z
2026-07-17T04:54:16Z,2026-07-17T06:54:16+0200,4e64d4d3-e4bc-4728-8eea-52acf8983738,2026-07-04T04:45:00Z,2026-07-04T06:45:00+0200,2481.14,MW,FR,FR,actual_onshore_wind_generation,Wind Onshore,2026-07-17T04:55:04Z
2026-07-17T04:54:16Z,2026-07-17T06:54:16+0200,4e64d4d3-e4bc-4728-8eea-52acf8983738,2026-07-04T05:00:00Z,2026-07-04T07:00:00+0200,2505.67,MW,FR,FR,actual_onshore_wind_generation,Wind Onshore,2026-07-17T04:55:04Z
2026-07-17T04:54:16Z,2026-07-17T06:54:16+0200,4e64d4d3-e4bc-4728-8eea-52acf8983738,2026-07-04T05:15:00Z,2026-07-04T07:15:00+0200,2420.58,MW,FR,FR,actual_onshore_wind_generation,Wind Onshore,2026-07-17T04:55:04Z
2026-07-17T04:54:16Z,2026-07-17T06:54:16+0200,4e64d4d3-e4bc-4728-8eea-52acf8983738,2026-07-04T05:30:00Z,2026-07-04T07:30:00+0200,2292.93,MW,FR,FR,actual_onshore_wind_generation,Wind Onshore,2026-07-17T04:55:04Z
2026-07-17T04:54:16Z,2026-07-17T06:54:16+0200,4e64d4d3-e4bc-4728-8eea-52acf8983738,2026-07-04T05:45:00Z,2026-07-04T07:45:00+0200,2144.5,MW,FR,FR,actual_onshore_wind_generation,Wind Onshore,2026-07-17T04:55:04Z
2026-07-17T04:54:16Z,2026-07-17T06:54:16+0200,4e64d4d3-e4bc-4728-8eea-52acf8983738,2026-07-04T06:00:00Z,2026-07-04T08:00:00+0200,1955.46,MW,FR,FR,actual_onshore_wind_generation,Wind Onshore,2026-07-17T04:55:04Z
2026-07-17T04:54:16Z,2026-07-17T06:54:16+0200,4e64d4d3-e4bc-4728-8eea-52acf8983738,2026-07-04T06:15:00Z,2026-07-04T08:15:00+0200,1751.42,MW,FR,FR,actual_onshore_wind_generation,Wind Onshore,2026-07-17T04:55:04Z
2026-07-17T04:54:16Z,2026-07-17T06:54:16+0200,4e64d4d3-e4bc-4728-8eea-52acf8983738,2026-07-04T06:30:00Z,2026-07-04T08:30:00+0200,1601.06,MW,FR,FR,actual_onshore_wind_generation,Wind Onshore,2026-07-17T04:55:04Z
2026-07-17T04:54:16Z,2026-07-17T06:54:16+0200,4e64d4d3-e4bc-4728-8eea-52acf8983738,2026-07-04T06:45:00Z,2026-07-04T08:45:00+0200,1482.83,MW,FR,FR,actual_onshore_wind_generation,Wind Onshore,2026-07-17T04:55:04Z
2026-07-17T04:54:16Z,2026-07-17T06:54:16+0200,4e64d4d3-e4bc-4728-8eea-52acf8983738,2026-07-04T07:00:00Z,2026-07-04T09:00:00+0200,1429.58,MW,FR,FR,actual_onshore_wind_generation,Wind Onshore,2026-07-17T04:55:04Z
2026-07-17T04:54:16Z,2026-07-17T06:54:16+0200,4e64d4d3-e4bc-4728-8eea-52acf8983738,2026-07-04T07:15:00Z,2026-07-04T09:15:00+0200,1446.26,MW,FR,FR,actual_onshore_wind_generation,Wind Onshore,2026-07-17T04:55:04Z
2026-07-17T04:54:16Z,2026-07-17T06:54:16+0200,4e64d4d3-e4bc-4728-8eea-52acf8983738,2026-07-04T07:30:00Z,2026-07-04T09:30:00+0200,1403.71,MW,FR,FR,actual_onshore_wind_generation,Wind Onshore,2026-07-17T04:55:04Z
2026-07-17T04:54:16Z,2026-07-17T06:54:16+0200,4e64d4d3-e4bc-4728-8eea-52acf8983738,2026-07-04T07:45:00Z,2026-07-04T09:45:00+0200,1164.9,MW,FR,FR,actual_onshore_wind_generation,Wind Onshore,2026-07-17T04:55:04Z
2026-07-17T04:54:16Z,2026-07-17T06:54:16+0200,4e64d4d3-e4bc-4728-8eea-52acf8983738,2026-07-04T08:00:00Z,2026-07-04T10:00:00+0200,1547.33,MW,FR,FR,actual_onshore_wind_generation,Wind Onshore,2026-07-17T04:55:04Z
2026-07-17T04:54:16Z,2026-07-17T06:54:16+0200,4e64d4d3-e4bc-4728-8eea-52acf8983738,2026-07-04T08:15:00Z,2026-07-04T10:15:00+0200,1992.86,MW,FR,FR,actual_onshore_wind_generation,Wind Onshore,2026-07-17T04:55:04Z
2026-07-17T04:54:16Z,2026-07-17T06:54:16+0200,4e64d4d3-e4bc-4728-8eea-52acf8983738,2026-07-04T08:30:00Z,2026-07-04T10:30:00+0200,1519.84,MW,FR,FR,actual_onshore_wind_generation,Wind Onshore,2026-07-17T04:55:04Z
2026-07-17T04:54:16Z,2026-07-17T06:54:16+0200,4e64d4d3-e4bc-4728-8eea-52acf8983738,2026-07-04T08:45:00Z,2026-07-04T10:45:00+0200,1236.39,MW,FR,FR,actual_onshore_wind_generation,Wind Onshore,2026-07-17T04:55:04Z
2026-07-17T04:54:16Z,2026-07-17T06:54:16+0200,4e64d4d3-e4bc-4728-8eea-52acf8983738,2026-07-04T09:00:00Z,2026-07-04T11:00:00+0200,1149.52,MW,FR,FR,actual_onshore_wind_generation,Wind Onshore,2026-07-17T04:55:04Z
2026-07-17T04:54:16Z,2026-07-17T06:54:16+0200,4e64d4d3-e4bc-4728-8eea-52acf8983738,2026-07-04T09:15:00Z,2026-07-04T11:15:00+0200,771.12,MW,FR,FR,actual_onshore_wind_generation,Wind Onshore,2026-07-17T04:55:04Z
2026-07-17T04:54:16Z,2026-07-17T06:54:16+0200,4e64d4d3-e4bc-4728-8eea-52acf8983738,2026-07-04T09:30:00Z,2026-07-04T11:30:00+0200,710.11,MW,FR,FR,actual_onshore_wind_generation,Wind Onshore,2026-07-17T04:55:04Z
2026-07-17T04:54:16Z,2026-07-17T06:54:16+0200,4e64d4d3-e4bc-4728-8eea-52acf8983738,2026-07-04T09:45:00Z,2026-07-04T11:45:00+0200,694.38,MW,FR,FR,actual_onshore_wind_generation,Wind Onshore,2026-07-17T04:55:04Z
2026-07-17T04:54:16Z,2026-07-17T06:54:16+0200,4e64d4d3-e4bc-4728-8eea-52acf8983738,2026-07-04T10:00:00Z,2026-07-04T12:00:00+0200,688.3,MW,FR,FR,actual_onshore_wind_generation,Wind Onshore,2026-07-17T04:55:04Z
2026-07-17T04:54:16Z,2026-07-17T06:54:16+0200,4e64d4d3-e4bc-4728-8eea-52acf8983738,2026-07-04T10:15:00Z,2026-07-04T12:15:00+0200,686.23,MW,FR,FR,actual_onshore_wind_generation,Wind Onshore,2026-07-17T04:55:04Z
2026-07-17T04:54:16Z,2026-07-17T06:54:16+0200,4e64d4d3-e4bc-4728-8eea-52acf8983738,2026-07-04T10:30:00Z,2026-07-04T12:30:00+0200,700.58,MW,FR,FR,actual_onshore_wind_generation,Wind Onshore,2026-07-17T04:55:04Z
2026-07-17T04:54:16Z,2026-07-17T06:54:16+0200,4e64d4d3-e4bc-4728-8eea-52acf8983738,2026-07-04T10:45:00Z,2026-07-04T12:45:00+0200,741.15,MW,FR,FR,actual_onshore_wind_generation,Wind Onshore,2026-07-17T04:55:04Z
2026-07-17T04:54:16Z,2026-07-17T06:54:16+0200,4e64d4d3-e4bc-4728-8eea-52acf8983738,2026-07-04T11:00:00Z,2026-07-04T13:00:00+0200,742.08,MW,FR,FR,actual_onshore_wind_generation,Wind Onshore,2026-07-17T04:55:04Z
2026-07-17T04:54:16Z,2026-07-17T06:54:16+0200,4e64d4d3-e4bc-4728-8eea-52acf8983738,2026-07-04T11:15:00Z,2026-07-04T13:15:00+0200,755.5,MW,FR,FR,actual_onshore_wind_generation,Wind Onshore,2026-07-17T04:55:04Z
2026-07-17T04:54:16Z,2026-07-17T06:54:16+0200,4e64d4d3-e4bc-4728-8eea-52acf8983738,2026-07-04T11:30:00Z,2026-07-04T13:30:00+0200,781.25,MW,FR,FR,actual_onshore_wind_generation,Wind Onshore,2026-07-17T04:55:04Z
2026-07-17T04:54:16Z,2026-07-17T06:54:16+0200,4e64d4d3-e4bc-4728-8eea-52acf8983738,2026-07-04T11:45:00Z,2026-07-04T13:45:00+0200,822.91,MW,FR,FR,actual_onshore_wind_generation,Wind Onshore,2026-07-17T04:55:04Z
2026-07-17T04:54:16Z,2026-07-17T06:54:16+0200,4e64d4d3-e4bc-4728-8eea-52acf8983738,2026-07-04T12:00:00Z,2026-07-04T14:00:00+0200,823.49,MW,FR,FR,actual_onshore_wind_generation,Wind Onshore,2026-07-17T04:55:04Z
2026-07-17T04:54:16Z,2026-07-17T06:54:16+0200,4e64d4d3-e4bc-4728-8eea-52acf8983738,2026-07-04T12:15:00Z,2026-07-04T14:15:00+0200,870.76,MW,FR,FR,actual_onshore_wind_generation,Wind Onshore,2026-07-17T04:55:04Z
2026-07-17T04:54:16Z,2026-07-17T06:54:16+0200,4e64d4d3-e4bc-4728-8eea-52acf8983738,2026-07-04T12:30:00Z,2026-07-04T14:30:00+0200,927.01,MW,FR,FR,actual_onshore_wind_generation,Wind Onshore,2026-07-17T04:55:04Z
2026-07-17T04:54:16Z,2026-07-17T06:54:16+0200,4e64d4d3-e4bc-4728-8eea-52acf8983738,2026-07-04T12:45:00Z,2026-07-04T14:45:00+0200,969.78,MW,FR,FR,actual_onshore_wind_generation,Wind Onshore,2026-07-17T04:55:04Z
2026-07-17T04:54:16Z,2026-07-17T06:54:16+0200,4e64d4d3-e4bc-4728-8eea-52acf8983738,2026-07-04T13:00:00Z,2026-07-04T15:00:00+0200,1020.36,MW,FR,FR,actual_onshore_wind_generation,Wind Onshore,2026-07-17T04:55:04Z
2026-07-17T04:54:16Z,2026-07-17T06:54:16+0200,4e64d4d3-e4bc-4728-8eea-52acf8983738,2026-07-04T13:15:00Z,2026-07-04T15:15:00+0200,1050.49,MW,FR,FR,actual_onshore_wind_generation,Wind Onshore,2026-07-17T04:55:04Z
2026-07-17T04:54:16Z,2026-07-17T06:54:16+0200,4e64d4d3-e4bc-4728-8eea-52acf8983738,2026-07-04T13:30:00Z,2026-07-04T15:30:00+0200,1076.46,MW,FR,FR,actual_onshore_wind_generation,Wind Onshore,2026-07-17T04:55:04Z
2026-07-17T04:54:16Z,2026-07-17T06:54:16+0200,4e64d4d3-e4bc-4728-8eea-52acf8983738,2026-07-04T13:45:00Z,2026-07-04T15:45:00+0200,1111.98,MW,FR,FR,actual_onshore_wind_generation,Wind Onshore,2026-07-17T04:55:04Z
2026-07-17T04:54:16Z,2026-07-17T06:54:16+0200,4e64d4d3-e4bc-4728-8eea-52acf8983738,2026-07-04T14:00:00Z,2026-07-04T16:00:00+0200,1220.84,MW,FR,FR,actual_onshore_wind_generation,Wind Onshore,2026-07-17T04:55:04Z
2026-07-17T04:54:16Z,2026-07-17T06:54:16+0200,4e64d4d3-e4bc-4728-8eea-52acf8983738,2026-07-04T14:15:00Z,2026-07-04T16:15:00+0200,1241.98,MW,FR,FR,actual_onshore_wind_generation,Wind Onshore,2026-07-17T04:55:04Z
2026-07-17T04:54:16Z,2026-07-17T06:54:16+0200,4e64d4d3-e4bc-4728-8eea-52acf8983738,2026-07-04T14:30:00Z,2026-07-04T16:30:00+0200,1787.8,MW,FR,FR,actual_onshore_wind_generation,Wind Onshore,2026-07-17T04:55:04Z
2026-07-17T04:54:16Z,2026-07-17T06:54:16+0200,4e64d4d3-e4bc-4728-8eea-52acf8983738,2026-07-04T14:45:00Z,2026-07-04T16:45:00+0200,2563.86,MW,FR,FR,actual_onshore_wind_generation,Wind Onshore,2026-07-17T04:55:04Z
2026-07-17T04:54:16Z,2026-07-17T06:54:16+0200,4e64d4d3-e4bc-4728-8eea-52acf8983738,2026-07-04T15:00:00Z,2026-07-04T17:00:00+0200,2757.85,MW,FR,FR,actual_onshore_wind_generation,Wind Onshore,2026-07-17T04:55:04Z
2026-07-17T04:54:16Z,2026-07-17T06:54:16+0200,4e64d4d3-e4bc-4728-8eea-52acf8983738,2026-07-04T15:15:00Z,2026-07-04T17:15:00+0200,2961.02,MW,FR,FR,actual_onshore_wind_generation,Wind Onshore,2026-07-17T04:55:04Z
2026-07-17T04:54:16Z,2026-07-17T06:54:16+0200,4e64d4d3-e4bc-4728-8eea-52acf8983738,2026-07-04T15:30:00Z,2026-07-04T17:30:00+0200,3158.81,MW,FR,FR,actual_onshore_wind_generation,Wind Onshore,2026-07-17T04:55:04Z
2026-07-17T04:54:16Z,2026-07-17T06:54:16+0200,4e64d4d3-e4bc-4728-8eea-52acf8983738,2026-07-04T15:45:00Z,2026-07-04T17:45:00+0200,3247.2,MW,FR,FR,actual_onshore_wind_generation,Wind Onshore,2026-07-17T04:55:04Z
2026-07-17T04:54:16Z,2026-07-17T06:54:16+0200,4e64d4d3-e4bc-4728-8eea-52acf8983738,2026-07-04T16:00:00Z,2026-07-04T18:00:00+0200,4463.48,MW,FR,FR,actual_onshore_wind_generation,Wind Onshore,2026-07-17T04:55:04Z
2026-07-17T04:54:16Z,2026-07-17T06:54:16+0200,4e64d4d3-e4bc-4728-8eea-52acf8983738,2026-07-04T16:15:00Z,2026-07-04T18:15:00+0200,5220.24,MW,FR,FR,actual_onshore_wind_generation,Wind Onshore,2026-07-17T04:55:04Z
2026-07-17T04:54:16Z,2026-07-17T06:54:16+0200,4e64d4d3-e4bc-4728-8eea-52acf8983738,2026-07-04T16:30:00Z,2026-07-04T18:30:00+0200,5462.89,MW,FR,FR,actual_onshore_wind_generation,Wind Onshore,2026-07-17T04:55:04Z
2026-07-17T04:54:16Z,2026-07-17T06:54:16+0200,4e64d4d3-e4bc-4728-8eea-52acf8983738,2026-07-04T16:45:00Z,2026-07-04T18:45:00+0200,5460.08,MW,FR,FR,actual_onshore_wind_generation,Wind Onshore,2026-07-17T04:55:04Z
2026-07-17T04:54:16Z,2026-07-17T06:54:16+0200,4e64d4d3-e4bc-4728-8eea-52acf8983738,2026-07-04T17:00:00Z,2026-07-04T19:00:00+0200,5431.51,MW,FR,FR,actual_onshore_wind_generation,Wind Onshore,2026-07-17T04:55:04Z
2026-07-17T04:54:16Z,2026-07-17T06:54:16+0200,4e64d4d3-e4bc-4728-8eea-52acf8983738,2026-07-04T17:15:00Z,2026-07-04T19:15:00+0200,5482.78,MW,FR,FR,actual_onshore_wind_generation,Wind Onshore,2026-07-17T04:55:04Z
2026-07-17T04:54:16Z,2026-07-17T06:54:16+0200,4e64d4d3-e4bc-4728-8eea-52acf8983738,2026-07-04T17:30:00Z,2026-07-04T19:30:00+0200,5477.23,MW,FR,FR,actual_onshore_wind_generation,Wind Onshore,2026-07-17T04:55:04Z
2026-07-17T04:54:16Z,2026-07-17T06:54:16+0200,4e64d4d3-e4bc-4728-8eea-52acf8983738,2026-07-04T17:45:00Z,2026-07-04T19:45:00+0200,5399.49,MW,FR,FR,actual_onshore_wind_generation,Wind Onshore,2026-07-17T04:55:04Z
2026-07-17T04:54:16Z,2026-07-17T06:54:16+0200,4e64d4d3-e4bc-4728-8eea-52acf8983738,2026-07-04T18:00:00Z,2026-07-04T20:00:00+0200,5185.12,MW,FR,FR,actual_onshore_wind_generation,Wind Onshore,2026-07-17T04:55:04Z
2026-07-17T04:54:16Z,2026-07-17T06:54:16+0200,4e64d4d3-e4bc-4728-8eea-52acf8983738,2026-07-04T18:15:00Z,2026-07-04T20:15:00+0200,4893.54,MW,FR,FR,actual_onshore_wind_generation,Wind Onshore,2026-07-17T04:55:04Z
2026-07-17T04:54:16Z,2026-07-17T06:54:16+0200,4e64d4d3-e4bc-4728-8eea-52acf8983738,2026-07-04T18:30:00Z,2026-07-04T20:30:00+0200,4603.82,MW,FR,FR,actual_onshore_wind_generation,Wind Onshore,2026-07-17T04:55:04Z
2026-07-17T04:54:16Z,2026-07-17T06:54:16+0200,4e64d4d3-e4bc-4728-8eea-52acf8983738,2026-07-04T18:45:00Z,2026-07-04T20:45:00+0200,4357.53,MW,FR,FR,actual_onshore_wind_generation,Wind Onshore,2026-07-17T04:55:04Z
2026-07-17T04:54:16Z,2026-07-17T06:54:16+0200,4e64d4d3-e4bc-4728-8eea-52acf8983738,2026-07-04T19:00:00Z,2026-07-04T21:00:00+0200,4110.26,MW,FR,FR,actual_onshore_wind_generation,Wind Onshore,2026-07-17T04:55:04Z
2026-07-17T04:54:16Z,2026-07-17T06:54:16+0200,4e64d4d3-e4bc-4728-8eea-52acf8983738,2026-07-04T19:15:00Z,2026-07-04T21:15:00+0200,4050.78,MW,FR,FR,actual_onshore_wind_generation,Wind Onshore,2026-07-17T04:55:04Z
2026-07-17T04:54:16Z,2026-07-17T06:54:16+0200,4e64d4d3-e4bc-4728-8eea-52acf8983738,2026-07-04T19:30:00Z,2026-07-04T21:30:00+0200,4054.75,MW,FR,FR,actual_onshore_wind_generation,Wind Onshore,2026-07-17T04:55:04Z
2026-07-17T04:54:16Z,2026-07-17T06:54:16+0200,4e64d4d3-e4bc-4728-8eea-52acf8983738,2026-07-04T19:45:00Z,2026-07-04T21:45:00+0200,4135.87,MW,FR,FR,actual_onshore_wind_generation,Wind Onshore,2026-07-17T04:55:04Z
2026-07-17T04:54:16Z,2026-07-17T06:54:16+0200,4e64d4d3-e4bc-4728-8eea-52acf8983738,2026-07-04T20:00:00Z,2026-07-04T22:00:00+0200,4060.8,MW,FR,FR,actual_onshore_wind_generation,Wind Onshore,2026-07-17T04:55:04Z
2026-07-17T04:54:16Z,2026-07-17T06:54:16+0200,4e64d4d3-e4bc-4728-8eea-52acf8983738,2026-07-04T20:15:00Z,2026-07-04T22:15:00+0200,4160.08,MW,FR,FR,actual_onshore_wind_generation,Wind Onshore,2026-07-17T04:55:04Z
2026-07-17T04:54:16Z,2026-07-17T06:54:16+0200,4e64d4d3-e4bc-4728-8eea-52acf8983738,2026-07-04T20:30:00Z,2026-07-04T22:30:00+0200,4260.88,MW,FR,FR,actual_onshore_wind_generation,Wind Onshore,2026-07-17T04:55:04Z
2026-07-17T04:54:16Z,2026-07-17T06:54:16+0200,4e64d4d3-e4bc-4728-8eea-52acf8983738,2026-07-04T20:45:00Z,2026-07-04T22:45:00+0200,4348.65,MW,FR,FR,actual_onshore_wind_generation,Wind Onshore,2026-07-17T04:55:04Z
2026-07-17T04:54:16Z,2026-07-17T06:54:16+0200,4e64d4d3-e4bc-4728-8eea-52acf8983738,2026-07-04T21:00:00Z,2026-07-04T23:00:00+0200,4534.14,MW,FR,FR,actual_onshore_wind_generation,Wind Onshore,2026-07-17T04:55:04Z
2026-07-17T04:54:16Z,2026-07-17T06:54:16+0200,4e64d4d3-e4bc-4728-8eea-52acf8983738,2026-07-04T21:15:00Z,2026-07-04T23:15:00+0200,4610.46,MW,FR,FR,actual_onshore_wind_generation,Wind Onshore,2026-07-17T04:55:04Z
2026-07-17T04:54:16Z,2026-07-17T06:54:16+0200,4e64d4d3-e4bc-4728-8eea-52acf8983738,2026-07-04T21:30:00Z,2026-07-04T23:30:00+0200,4562.29,MW,FR,FR,actual_onshore_wind_generation,Wind Onshore,2026-07-17T04:55:04Z
2026-07-17T04:54:16Z,2026-07-17T06:54:16+0200,4e64d4d3-e4bc-4728-8eea-52acf8983738,2026-07-04T21:45:00Z,2026-07-04T23:45:00+0200,4590.55,MW,FR,FR,actual_onshore_wind_generation,Wind Onshore,2026-07-17T04:55:04Z
2026-07-17T04:54:16Z,2026-07-17T06:54:16+0200,4e64d4d3-e4bc-4728-8eea-52acf8983738,2026-07-04T22:00:00Z,2026-07-05T00:00:00+0200,4608.84,MW,FR,FR,actual_onshore_wind_generation,Wind Onshore,2026-07-17T04:55:04Z
2026-07-17T04:54:16Z,2026-07-17T06:54:16+0200,4e64d4d3-e4bc-4728-8eea-52acf8983738,2026-07-04T22:15:00Z,2026-07-05T00:15:00+0200,4599.44,MW,FR,FR,actual_onshore_wind_generation,Wind Onshore,2026-07-17T04:55:04Z
2026-07-17T04:54:16Z,2026-07-17T06:54:16+0200,4e64d4d3-e4bc-4728-8eea-52acf8983738,2026-07-04T22:30:00Z,2026-07-05T00:30:00+0200,4578.53,MW,FR,FR,actual_onshore_wind_generation,Wind Onshore,2026-07-17T04:55:04Z
2026-07-17T04:54:16Z,2026-07-17T06:54:16+0200,4e64d4d3-e4bc-4728-8eea-52acf8983738,2026-07-04T22:45:00Z,2026-07-05T00:45:00+0200,4534.0,MW,FR,FR,actual_onshore_wind_generation,Wind Onshore,2026-07-17T04:55:04Z
2026-07-17T04:54:16Z,2026-07-17T06:54:16+0200,4e64d4d3-e4bc-4728-8eea-52acf8983738,2026-07-04T23:00:00Z,2026-07-05T01:00:00+0200,4570.28,MW,FR,FR,actual_onshore_wind_generation,Wind Onshore,2026-07-17T04:55:04Z
2026-07-17T04:54:16Z,2026-07-17T06:54:16+0200,4e64d4d3-e4bc-4728-8eea-52acf8983738,2026-07-04T23:15:00Z,2026-07-05T01:15:00+0200,4571.54,MW,FR,FR,actual_onshore_wind_generation,Wind Onshore,2026-07-17T04:55:04Z
2026-07-17T04:54:16Z,2026-07-17T06:54:16+0200,4e64d4d3-e4bc-4728-8eea-52acf8983738,2026-07-04T23:30:00Z,2026-07-05T01:30:00+0200,4570.66,MW,FR,FR,actual_onshore_wind_generation,Wind Onshore,2026-07-17T04:55:04Z
2026-07-17T04:54:16Z,2026-07-17T06:54:16+0200,4e64d4d3-e4bc-4728-8eea-52acf8983738,2026-07-04T23:45:00Z,2026-07-05T01:45:00+0200,4598.14,MW,FR,FR,actual_onshore_wind_generation,Wind Onshore,2026-07-17T04:55:04Z
2026-07-17T04:54:16Z,2026-07-17T06:54:16+0200,4e64d4d3-e4bc-4728-8eea-52acf8983738,2026-07-05T00:00:00Z,2026-07-05T02:00:00+0200,4527.8,MW,FR,FR,actual_onshore_wind_generation,Wind Onshore,2026-07-17T04:55:04Z
2026-07-17T04:54:16Z,2026-07-17T06:54:16+0200,4e64d4d3-e4bc-4728-8eea-52acf8983738,2026-07-05T00:15:00Z,2026-07-05T02:15:00+0200,4444.75,MW,FR,FR,actual_onshore_wind_generation,Wind Onshore,2026-07-17T04:55:04Z
2026-07-17T04:54:16Z,2026-07-17T06:54:16+0200,4e64d4d3-e4bc-4728-8eea-52acf8983738,2026-07-05T00:30:00Z,2026-07-05T02:30:00+0200,4357.96,MW,FR,FR,actual_onshore_wind_generation,Wind Onshore,2026-07-17T04:55:04Z
2026-07-17T04:54:16Z,2026-07-17T06:54:16+0200,4e64d4d3-e4bc-4728-8eea-52acf8983738,2026-07-05T00:45:00Z,2026-07-05T02:45:00+0200,4314.35,MW,FR,FR,actual_onshore_wind_generation,Wind Onshore,2026-07-17T04:55:04Z
2026-07-17T04:54:16Z,2026-07-17T06:54:16+0200,4e64d4d3-e4bc-4728-8eea-52acf8983738,2026-07-05T01:00:00Z,2026-07-05T03:00:00+0200,4170.34,MW,FR,FR,actual_onshore_wind_generation,Wind Onshore,2026-07-17T04:55:04Z
2026-07-17T04:54:16Z,2026-07-17T06:54:16+0200,4e64d4d3-e4bc-4728-8eea-52acf8983738,2026-07-05T01:15:00Z,2026-07-05T03:15:00+0200,4068.89,MW,FR,FR,actual_onshore_wind_generation,Wind Onshore,2026-07-17T04:55:04Z
2026-07-17T04:54:16Z,2026-07-17T06:54:16+0200,4e64d4d3-e4bc-4728-8eea-52acf8983738,2026-07-05T01:30:00Z,2026-07-05T03:30:00+0200,3919.87,MW,FR,FR,actual_onshore_wind_generation,Wind Onshore,2026-07-17T04:55:04Z
2026-07-17T04:54:16Z,2026-07-17T06:54:16+0200,4e64d4d3-e4bc-4728-8eea-52acf8983738,2026-07-05T01:45:00Z,2026-07-05T03:45:00+0200,3728.83,MW,FR,FR,actual_onshore_wind_generation,Wind Onshore,2026-07-17T04:55:04Z
2026-07-17T04:54:16Z,2026-07-17T06:54:16+0200,4e64d4d3-e4bc-4728-8eea-52acf8983738,2026-07-05T02:00:00Z,2026-07-05T04:00:00+0200,3564.81,MW,FR,FR,actual_onshore_wind_generation,Wind Onshore,2026-07-17T04:55:04Z
2026-07-17T04:54:16Z,2026-07-17T06:54:16+0200,4e64d4d3-e4bc-4728-8eea-52acf8983738,2026-07-05T02:15:00Z,2026-07-05T04:15:00+0200,3475.14,MW,FR,FR,actual_onshore_wind_generation,Wind Onshore,2026-07-17T04:55:04Z
2026-07-17T04:54:16Z,2026-07-17T06:54:16+0200,4e64d4d3-e4bc-4728-8eea-52acf8983738,2026-07-05T02:30:00Z,2026-07-05T04:30:00+0200,3366.69,MW,FR,FR,actual_onshore_wind_generation,Wind Onshore,2026-07-17T04:55:04Z
2026-07-17T04:54:16Z,2026-07-17T06:54:16+0200,4e64d4d3-e4bc-4728-8eea-52acf8983738,2026-07-05T02:45:00Z,2026-07-05T04:45:00+0200,3254.8,MW,FR,FR,actual_onshore_wind_generation,Wind Onshore,2026-07-17T04:55:04Z
2026-07-17T04:54:16Z,2026-07-17T06:54:16+0200,4e64d4d3-e4bc-4728-8eea-52acf8983738,2026-07-05T03:00:00Z,2026-07-05T05:00:00+0200,3154.92,MW,FR,FR,actual_onshore_wind_generation,Wind Onshore,2026-07-17T04:55:04Z
2026-07-17T04:54:16Z,2026-07-17T06:54:16+0200,4e64d4d3-e4bc-4728-8eea-52acf8983738,2026-07-05T03:15:00Z,2026-07-05T05:15:00+0200,3087.38,MW,FR,FR,actual_onshore_wind_generation,Wind Onshore,2026-07-17T04:55:04Z
2026-07-17T04:54:16Z,2026-07-17T06:54:16+0200,4e64d4d3-e4bc-4728-8eea-52acf8983738,2026-07-05T03:30:00Z,2026-07-05T05:30:00+0200,2985.89,MW,FR,FR,actual_onshore_wind_generation,Wind Onshore,2026-07-17T04:55:04Z
2026-07-17T04:54:16Z,2026-07-17T06:54:16+0200,4e64d4d3-e4bc-4728-8eea-52acf8983738,2026-07-05T03:45:00Z,2026-07-05T05:45:00+0200,2901.64,MW,FR,FR,actual_onshore_wind_generation,Wind Onshore,2026-07-17T04:55:04Z
2026-07-17T04:54:16Z,2026-07-17T06:54:16+0200,4e64d4d3-e4bc-4728-8eea-52acf8983738,2026-07-05T04:00:00Z,2026-07-05T06:00:00+0200,2831.88,MW,FR,FR,actual_onshore_wind_generation,Wind Onshore,2026-07-17T04:55:04Z
2026-07-17T04:54:16Z,2026-07-17T06:54:16+0200,4e64d4d3-e4bc-4728-8eea-52acf8983738,2026-07-05T04:15:00Z,2026-07-05T06:15:00+0200,2719.16,MW,FR,FR,actual_onshore_wind_generation,Wind Onshore,2026-07-17T04:55:04Z
2026-07-17T04:54:16Z,2026-07-17T06:54:16+0200,4e64d4d3-e4bc-4728-8eea-52acf8983738,2026-07-05T04:30:00Z,2026-07-05T06:30:00+0200,2557.93,MW,FR,FR,actual_onshore_wind_generation,Wind Onshore,2026-07-17T04:55:04Z
2026-07-17T04:54:16Z,2026-07-17T06:54:16+0200,4e64d4d3-e4bc-4728-8eea-52acf8983738,2026-07-05T04:45:00Z,2026-07-05T06:45:00+0200,2442.6,MW,FR,FR,actual_onshore_wind_generation,Wind Onshore,2026-07-17T04:55:04Z
2026-07-17T04:54:16Z,2026-07-17T06:54:16+0200,4e64d4d3-e4bc-4728-8eea-52acf8983738,2026-07-05T05:00:00Z,2026-07-05T07:00:00+0200,2320.36,MW,FR,FR,actual_onshore_wind_generation,Wind Onshore,2026-07-17T04:55:04Z
2026-07-17T04:54:16Z,2026-07-17T06:54:16+0200,4e64d4d3-e4bc-4728-8eea-52acf8983738,2026-07-05T05:15:00Z,2026-07-05T07:15:00+0200,2159.72,MW,FR,FR,actual_onshore_wind_generation,Wind Onshore,2026-07-17T04:55:04Z
2026-07-17T04:54:16Z,2026-07-17T06:54:16+0200,4e64d4d3-e4bc-4728-8eea-52acf8983738,2026-07-05T05:30:00Z,2026-07-05T07:30:00+0200,1989.34,MW,FR,FR,actual_onshore_wind_generation,Wind Onshore,2026-07-17T04:55:04Z
2026-07-17T04:54:16Z,2026-07-17T06:54:16+0200,4e64d4d3-e4bc-4728-8eea-52acf8983738,2026-07-05T05:45:00Z,2026-07-05T07:45:00+0200,1706.24,MW,FR,FR,actual_onshore_wind_generation,Wind Onshore,2026-07-17T04:55:04Z
2026-07-17T04:54:16Z,2026-07-17T06:54:16+0200,4e64d4d3-e4bc-4728-8eea-52acf8983738,2026-07-05T06:00:00Z,2026-07-05T08:00:00+0200,1195.4,MW,FR,FR,actual_onshore_wind_generation,Wind Onshore,2026-07-17T04:55:04Z
2026-07-17T04:54:16Z,2026-07-17T06:54:16+0200,4e64d4d3-e4bc-4728-8eea-52acf8983738,2026-07-05T06:15:00Z,2026-07-05T08:15:00+0200,1032.29,MW,FR,FR,actual_onshore_wind_generation,Wind Onshore,2026-07-17T04:55:04Z
2026-07-17T04:54:16Z,2026-07-17T06:54:16+0200,4e64d4d3-e4bc-4728-8eea-52acf8983738,2026-07-05T06:30:00Z,2026-07-05T08:30:00+0200,918.13,MW,FR,FR,actual_onshore_wind_generation,Wind Onshore,2026-07-17T04:55:04Z
2026-07-17T04:54:16Z,2026-07-17T06:54:16+0200,4e64d4d3-e4bc-4728-8eea-52acf8983738,2026-07-05T06:45:00Z,2026-07-05T08:45:00+0200,851.93,MW,FR,FR,actual_onshore_wind_generation,Wind Onshore,2026-07-17T04:55:04Z
2026-07-17T04:54:16Z,2026-07-17T06:54:16+0200,4e64d4d3-e4bc-4728-8eea-52acf8983738,2026-07-05T07:00:00Z,2026-07-05T09:00:00+0200,815.04,MW,FR,FR,actual_onshore_wind_generation,Wind Onshore,2026-07-17T04:55:04Z
2026-07-17T04:54:16Z,2026-07-17T06:54:16+0200,4e64d4d3-e4bc-4728-8eea-52acf8983738,2026-07-05T07:15:00Z,2026-07-05T09:15:00+0200,798.92,MW,FR,FR,actual_onshore_wind_generation,Wind Onshore,2026-07-17T04:55:04Z
2026-07-17T04:54:16Z,2026-07-17T06:54:16+0200,4e64d4d3-e4bc-4728-8eea-52acf8983738,2026-07-05T07:30:00Z,2026-07-05T09:30:00+0200,766.97,MW,FR,FR,actual_onshore_wind_generation,Wind Onshore,2026-07-17T04:55:04Z
2026-07-17T04:54:16Z,2026-07-17T06:54:16+0200,4e64d4d3-e4bc-4728-8eea-52acf8983738,2026-07-05T07:45:00Z,2026-07-05T09:45:00+0200,742.5,MW,FR,FR,actual_onshore_wind_generation,Wind Onshore,2026-07-17T04:55:04Z
2026-07-17T04:54:16Z,2026-07-17T06:54:16+0200,4e64d4d3-e4bc-4728-8eea-52acf8983738,2026-07-05T08:00:00Z,2026-07-05T10:00:00+0200,749.28,MW,FR,FR,actual_onshore_wind_generation,Wind Onshore,2026-07-17T04:55:04Z
2026-07-17T04:54:16Z,2026-07-17T06:54:16+0200,4e64d4d3-e4bc-4728-8eea-52acf8983738,2026-07-05T08:15:00Z,2026-07-05T10:15:00+0200,717.95,MW,FR,FR,actual_onshore_wind_generation,Wind Onshore,2026-07-17T04:55:04Z
2026-07-17T04:54:16Z,2026-07-17T06:54:16+0200,4e64d4d3-e4bc-4728-8eea-52acf8983738,2026-07-05T08:30:00Z,2026-07-05T10:30:00+0200,733.5,MW,FR,FR,actual_onshore_wind_generation,Wind Onshore,2026-07-17T04:55:04Z
2026-07-17T04:54:16Z,2026-07-17T06:54:16+0200,4e64d4d3-e4bc-4728-8eea-52acf8983738,2026-07-05T08:45:00Z,2026-07-05T10:45:00+0200,728.43,MW,FR,FR,actual_onshore_wind_generation,Wind Onshore,2026-07-17T04:55:04Z
2026-07-17T04:54:16Z,2026-07-17T06:54:16+0200,4e64d4d3-e4bc-4728-8eea-52acf8983738,2026-07-05T09:00:00Z,2026-07-05T11:00:00+0200,752.3,MW,FR,FR,actual_onshore_wind_generation,Wind Onshore,2026-07-17T04:55:04Z
2026-07-17T04:54:16Z,2026-07-17T06:54:16+0200,4e64d4d3-e4bc-4728-8eea-52acf8983738,2026-07-05T09:15:00Z,2026-07-05T11:15:00+0200,752.65,MW,FR,FR,actual_onshore_wind_generation,Wind Onshore,2026-07-17T04:55:04Z
2026-07-17T04:54:16Z,2026-07-17T06:54:16+0200,4e64d4d3-e4bc-4728-8eea-52acf8983738,2026-07-05T09:30:00Z,2026-07-05T11:30:00+0200,736.61,MW,FR,FR,actual_onshore_wind_generation,Wind Onshore,2026-07-17T04:55:04Z
2026-07-17T04:54:16Z,2026-07-17T06:54:16+0200,4e64d4d3-e4bc-4728-8eea-52acf8983738,2026-07-05T09:45:00Z,2026-07-05T11:45:00+0200,745.62,MW,FR,FR,actual_onshore_wind_generation,Wind Onshore,2026-07-17T04:55:04Z
2026-07-17T04:54:16Z,2026-07-17T06:54:16+0200,4e64d4d3-e4bc-4728-8eea-52acf8983738,2026-07-05T10:00:00Z,2026-07-05T12:00:00+0200,881.17,MW,FR,FR,actual_onshore_wind_generation,Wind Onshore,2026-07-17T04:55:04Z
2026-07-17T04:54:16Z,2026-07-17T06:54:16+0200,4e64d4d3-e4bc-4728-8eea-52acf8983738,2026-07-05T10:15:00Z,2026-07-05T12:15:00+0200,1038.73,MW,FR,FR,actual_onshore_wind_generation,Wind Onshore,2026-07-17T04:55:04Z
2026-07-17T04:54:16Z,2026-07-17T06:54:16+0200,4e64d4d3-e4bc-4728-8eea-52acf8983738,2026-07-05T10:30:00Z,2026-07-05T12:30:00+0200,1086.35,MW,FR,FR,actual_onshore_wind_generation,Wind Onshore,2026-07-17T04:55:04Z
2026-07-17T04:54:16Z,2026-07-17T06:54:16+0200,4e64d4d3-e4bc-4728-8eea-52acf8983738,2026-07-05T10:45:00Z,2026-07-05T12:45:00+0200,1013.23,MW,FR,FR,actual_onshore_wind_generation,Wind Onshore,2026-07-17T04:55:04Z
2026-07-17T04:54:16Z,2026-07-17T06:54:16+0200,4e64d4d3-e4bc-4728-8eea-52acf8983738,2026-07-05T11:00:00Z,2026-07-05T13:00:00+0200,845.53,MW,FR,FR,actual_onshore_wind_generation,Wind Onshore,2026-07-17T04:55:04Z
2026-07-17T04:54:16Z,2026-07-17T06:54:16+0200,4e64d4d3-e4bc-4728-8eea-52acf8983738,2026-07-05T11:15:00Z,2026-07-05T13:15:00+0200,827.6,MW,FR,FR,actual_onshore_wind_generation,Wind Onshore,2026-07-17T04:55:04Z
2026-07-17T04:54:16Z,2026-07-17T06:54:16+0200,4e64d4d3-e4bc-4728-8eea-52acf8983738,2026-07-05T11:30:00Z,2026-07-05T13:30:00+0200,851.24,MW,FR,FR,actual_onshore_wind_generation,Wind Onshore,2026-07-17T04:55:04Z
2026-07-17T04:54:16Z,2026-07-17T06:54:16+0200,4e64d4d3-e4bc-4728-8eea-52acf8983738,2026-07-05T11:45:00Z,2026-07-05T13:45:00+0200,863.54,MW,FR,FR,actual_onshore_wind_generation,Wind Onshore,2026-07-17T04:55:04Z
2026-07-17T04:54:16Z,2026-07-17T06:54:16+0200,4e64d4d3-e4bc-4728-8eea-52acf8983738,2026-07-05T12:00:00Z,2026-07-05T14:00:00+0200,877.3,MW,FR,FR,actual_onshore_wind_generation,Wind Onshore,2026-07-17T04:55:04Z
2026-07-17T04:54:16Z,2026-07-17T06:54:16+0200,4e64d4d3-e4bc-4728-8eea-52acf8983738,2026-07-05T12:15:00Z,2026-07-05T14:15:00+0200,902.41,MW,FR,FR,actual_onshore_wind_generation,Wind Onshore,2026-07-17T04:55:04Z
2026-07-17T04:54:16Z,2026-07-17T06:54:16+0200,4e64d4d3-e4bc-4728-8eea-52acf8983738,2026-07-05T12:30:00Z,2026-07-05T14:30:00+0200,946.09,MW,FR,FR,actual_onshore_wind_generation,Wind Onshore,2026-07-17T04:55:04Z
2026-07-17T04:54:16Z,2026-07-17T06:54:16+0200,4e64d4d3-e4bc-4728-8eea-52acf8983738,2026-07-05T12:45:00Z,2026-07-05T14:45:00+0200,951.75,MW,FR,FR,actual_onshore_wind_generation,Wind Onshore,2026-07-17T04:55:04Z
2026-07-17T04:54:16Z,2026-07-17T06:54:16+0200,4e64d4d3-e4bc-4728-8eea-52acf8983738,2026-07-05T13:00:00Z,2026-07-05T15:00:00+0200,998.69,MW,FR,FR,actual_onshore_wind_generation,Wind Onshore,2026-07-17T04:55:04Z
2026-07-17T04:54:16Z,2026-07-17T06:54:16+0200,4e64d4d3-e4bc-4728-8eea-52acf8983738,2026-07-05T13:15:00Z,2026-07-05T15:15:00+0200,1011.45,MW,FR,FR,actual_onshore_wind_generation,Wind Onshore,2026-07-17T04:55:04Z
2026-07-17T04:54:16Z,2026-07-17T06:54:16+0200,4e64d4d3-e4bc-4728-8eea-52acf8983738,2026-07-05T13:30:00Z,2026-07-05T15:30:00+0200,1024.95,MW,FR,FR,actual_onshore_wind_generation,Wind Onshore,2026-07-17T04:55:04Z
2026-07-17T04:54:16Z,2026-07-17T06:54:16+0200,4e64d4d3-e4bc-4728-8eea-52acf8983738,2026-07-05T13:45:00Z,2026-07-05T15:45:00+0200,1031.35,MW,FR,FR,actual_onshore_wind_generation,Wind Onshore,2026-07-17T04:55:04Z
2026-07-17T04:54:16Z,2026-07-17T06:54:16+0200,4e64d4d3-e4bc-4728-8eea-52acf8983738,2026-07-05T14:00:00Z,2026-07-05T16:00:00+0200,1049.91,MW,FR,FR,actual_onshore_wind_generation,Wind Onshore,2026-07-17T04:55:04Z
2026-07-17T04:54:16Z,2026-07-17T06:54:16+0200,4e64d4d3-e4bc-4728-8eea-52acf8983738,2026-07-05T14:15:00Z,2026-07-05T16:15:00+0200,1213.49,MW,FR,FR,actual_onshore_wind_generation,Wind Onshore,2026-07-17T04:55:04Z
2026-07-17T04:54:16Z,2026-07-17T06:54:16+0200,4e64d4d3-e4bc-4728-8eea-52acf8983738,2026-07-05T14:30:00Z,2026-07-05T16:30:00+0200,1514.24,MW,FR,FR,actual_onshore_wind_generation,Wind Onshore,2026-07-17T04:55:04Z
2026-07-17T04:54:16Z,2026-07-17T06:54:16+0200,4e64d4d3-e4bc-4728-8eea-52acf8983738,2026-07-05T14:45:00Z,2026-07-05T16:45:00+0200,1635.39,MW,FR,FR,actual_onshore_wind_generation,Wind Onshore,2026-07-17T04:55:04Z
2026-07-17T04:54:16Z,2026-07-17T06:54:16+0200,4e64d4d3-e4bc-4728-8eea-52acf8983738,2026-07-05T15:00:00Z,2026-07-05T17:00:00+0200,2011.92,MW,FR,FR,actual_onshore_wind_generation,Wind Onshore,2026-07-17T04:55:04Z
2026-07-17T04:54:16Z,2026-07-17T06:54:16+0200,4e64d4d3-e4bc-4728-8eea-52acf8983738,2026-07-05T15:15:00Z,2026-07-05T17:15:00+0200,2227.13,MW,FR,FR,actual_onshore_wind_generation,Wind Onshore,2026-07-17T04:55:04Z
2026-07-17T04:54:16Z,2026-07-17T06:54:16+0200,4e64d4d3-e4bc-4728-8eea-52acf8983738,2026-07-05T15:30:00Z,2026-07-05T17:30:00+0200,2249.95,MW,FR,FR,actual_onshore_wind_generation,Wind Onshore,2026-07-17T04:55:04Z
2026-07-17T04:54:16Z,2026-07-17T06:54:16+0200,4e64d4d3-e4bc-4728-8eea-52acf8983738,2026-07-05T15:45:00Z,2026-07-05T17:45:00+0200,2308.24,MW,FR,FR,actual_onshore_wind_generation,Wind Onshore,2026-07-17T04:55:04Z
2026-07-17T04:54:16Z,2026-07-17T06:54:16+0200,4e64d4d3-e4bc-4728-8eea-52acf8983738,2026-07-05T16:00:00Z,2026-07-05T18:00:00+0200,3005.76,MW,FR,FR,actual_onshore_wind_generation,Wind Onshore,2026-07-17T04:55:04Z
2026-07-17T04:54:16Z,2026-07-17T06:54:16+0200,4e64d4d3-e4bc-4728-8eea-52acf8983738,2026-07-05T16:15:00Z,2026-07-05T18:15:00+0200,3455.61,MW,FR,FR,actual_onshore_wind_generation,Wind Onshore,2026-07-17T04:55:04Z
2026-07-17T04:54:16Z,2026-07-17T06:54:16+0200,4e64d4d3-e4bc-4728-8eea-52acf8983738,2026-07-05T16:30:00Z,2026-07-05T18:30:00+0200,3450.53,MW,FR,FR,actual_onshore_wind_generation,Wind Onshore,2026-07-17T04:55:04Z
2026-07-17T04:54:16Z,2026-07-17T06:54:16+0200,4e64d4d3-e4bc-4728-8eea-52acf8983738,2026-07-05T16:45:00Z,2026-07-05T18:45:00+0200,3397.99,MW,FR,FR,actual_onshore_wind_generation,Wind Onshore,2026-07-17T04:55:04Z
2026-07-17T04:54:16Z,2026-07-17T06:54:16+0200,4e64d4d3-e4bc-4728-8eea-52acf8983738,2026-07-05T17:00:00Z,2026-07-05T19:00:00+0200,3297.77,MW,FR,FR,actual_onshore_wind_generation,Wind Onshore,2026-07-17T04:55:04Z
2026-07-17T04:54:16Z,2026-07-17T06:54:16+0200,4e64d4d3-e4bc-4728-8eea-52acf8983738,2026-07-05T17:15:00Z,2026-07-05T19:15:00+0200,3177.38,MW,FR,FR,actual_onshore_wind_generation,Wind Onshore,2026-07-17T04:55:04Z
2026-07-17T04:54:16Z,2026-07-17T06:54:16+0200,4e64d4d3-e4bc-4728-8eea-52acf8983738,2026-07-05T17:30:00Z,2026-07-05T19:30:00+0200,3049.63,MW,FR,FR,actual_onshore_wind_generation,Wind Onshore,2026-07-17T04:55:04Z
2026-07-17T04:54:16Z,2026-07-17T06:54:16+0200,4e64d4d3-e4bc-4728-8eea-52acf8983738,2026-07-05T17:45:00Z,2026-07-05T19:45:00+0200,2953.07,MW,FR,FR,actual_onshore_wind_generation,Wind Onshore,2026-07-17T04:55:04Z
2026-07-17T04:54:16Z,2026-07-17T06:54:16+0200,4e64d4d3-e4bc-4728-8eea-52acf8983738,2026-07-05T18:00:00Z,2026-07-05T20:00:00+0200,2784.83,MW,FR,FR,actual_onshore_wind_generation,Wind Onshore,2026-07-17T04:55:04Z
2026-07-17T04:54:16Z,2026-07-17T06:54:16+0200,4e64d4d3-e4bc-4728-8eea-52acf8983738,2026-07-05T18:15:00Z,2026-07-05T20:15:00+0200,2644.41,MW,FR,FR,actual_onshore_wind_generation,Wind Onshore,2026-07-17T04:55:04Z
2026-07-17T04:54:16Z,2026-07-17T06:54:16+0200,4e64d4d3-e4bc-4728-8eea-52acf8983738,2026-07-05T18:30:00Z,2026-07-05T20:30:00+0200,2529.8,MW,FR,FR,actual_onshore_wind_generation,Wind Onshore,2026-07-17T04:55:04Z
2026-07-17T04:54:16Z,2026-07-17T06:54:16+0200,4e64d4d3-e4bc-4728-8eea-52acf8983738,2026-07-05T18:45:00Z,2026-07-05T20:45:00+0200,2440.06,MW,FR,FR,actual_onshore_wind_generation,Wind Onshore,2026-07-17T04:55:04Z
2026-07-17T04:54:16Z,2026-07-17T06:54:16+0200,4e64d4d3-e4bc-4728-8eea-52acf8983738,2026-07-05T19:00:00Z,2026-07-05T21:00:00+0200,2348.33,MW,FR,FR,actual_onshore_wind_generation,Wind Onshore,2026-07-17T04:55:04Z
2026-07-17T04:54:16Z,2026-07-17T06:54:16+0200,4e64d4d3-e4bc-4728-8eea-52acf8983738,2026-07-05T19:15:00Z,2026-07-05T21:15:00+0200,2354.92,MW,FR,FR,actual_onshore_wind_generation,Wind Onshore,2026-07-17T04:55:04Z
2026-07-17T04:54:16Z,2026-07-17T06:54:16+0200,4e64d4d3-e4bc-4728-8eea-52acf8983738,2026-07-05T19:30:00Z,2026-07-05T21:30:00+0200,2418.87,MW,FR,FR,actual_onshore_wind_generation,Wind Onshore,2026-07-17T04:55:04Z
2026-07-17T04:54:16Z,2026-07-17T06:54:16+0200,4e64d4d3-e4bc-4728-8eea-52acf8983738,2026-07-05T19:45:00Z,2026-07-05T21:45:00+0200,2485.35,MW,FR,FR,actual_onshore_wind_generation,Wind Onshore,2026-07-17T04:55:04Z
2026-07-17T04:54:16Z,2026-07-17T06:54:16+0200,4e64d4d3-e4bc-4728-8eea-52acf8983738,2026-07-05T20:00:00Z,2026-07-05T22:00:00+0200,2517.67,MW,FR,FR,actual_onshore_wind_generation,Wind Onshore,2026-07-17T04:55:04Z
2026-07-17T04:54:16Z,2026-07-17T06:54:16+0200,4e64d4d3-e4bc-4728-8eea-52acf8983738,2026-07-05T20:15:00Z,2026-07-05T22:15:00+0200,2638.19,MW,FR,FR,actual_onshore_wind_generation,Wind Onshore,2026-07-17T04:55:04Z
2026-07-17T04:54:16Z,2026-07-17T06:54:16+0200,4e64d4d3-e4bc-4728-8eea-52acf8983738,2026-07-05T20:30:00Z,2026-07-05T22:30:00+0200,2736.57,MW,FR,FR,actual_onshore_wind_generation,Wind Onshore,2026-07-17T04:55:04Z
2026-07-17T04:54:16Z,2026-07-17T06:54:16+0200,4e64d4d3-e4bc-4728-8eea-52acf8983738,2026-07-05T20:45:00Z,2026-07-05T22:45:00+0200,2799.31,MW,FR,FR,actual_onshore_wind_generation,Wind Onshore,2026-07-17T04:55:04Z
2026-07-17T04:54:16Z,2026-07-17T06:54:16+0200,4e64d4d3-e4bc-4728-8eea-52acf8983738,2026-07-05T21:00:00Z,2026-07-05T23:00:00+0200,2807.89,MW,FR,FR,actual_onshore_wind_generation,Wind Onshore,2026-07-17T04:55:04Z
2026-07-17T04:54:16Z,2026-07-17T06:54:16+0200,4e64d4d3-e4bc-4728-8eea-52acf8983738,2026-07-05T21:15:00Z,2026-07-05T23:15:00+0200,2830.07,MW,FR,FR,actual_onshore_wind_generation,Wind Onshore,2026-07-17T04:55:04Z
2026-07-17T04:54:16Z,2026-07-17T06:54:16+0200,4e64d4d3-e4bc-4728-8eea-52acf8983738,2026-07-05T21:30:00Z,2026-07-05T23:30:00+0200,2821.36,MW,FR,FR,actual_onshore_wind_generation,Wind Onshore,2026-07-17T04:55:04Z
2026-07-17T04:54:16Z,2026-07-17T06:54:16+0200,4e64d4d3-e4bc-4728-8eea-52acf8983738,2026-07-05T21:45:00Z,2026-07-05T23:45:00+0200,2822.17,MW,FR,FR,actual_onshore_wind_generation,Wind Onshore,2026-07-17T04:55:04Z
2026-07-17T04:54:16Z,2026-07-17T06:54:16+0200,4e64d4d3-e4bc-4728-8eea-52acf8983738,2026-07-05T22:00:00Z,2026-07-06T00:00:00+0200,2842.27,MW,FR,FR,actual_onshore_wind_generation,Wind Onshore,2026-07-17T04:55:04Z
2026-07-17T04:54:16Z,2026-07-17T06:54:16+0200,4e64d4d3-e4bc-4728-8eea-52acf8983738,2026-07-05T22:15:00Z,2026-07-06T00:15:00+0200,2742.41,MW,FR,FR,actual_onshore_wind_generation,Wind Onshore,2026-07-17T04:55:04Z
2026-07-17T04:54:16Z,2026-07-17T06:54:16+0200,4e64d4d3-e4bc-4728-8eea-52acf8983738,2026-07-05T22:30:00Z,2026-07-06T00:30:00+0200,2667.86,MW,FR,FR,actual_onshore_wind_generation,Wind Onshore,2026-07-17T04:55:04Z
2026-07-17T04:54:16Z,2026-07-17T06:54:16+0200,4e64d4d3-e4bc-4728-8eea-52acf8983738,2026-07-05T22:45:00Z,2026-07-06T00:45:00+0200,2613.37,MW,FR,FR,actual_onshore_wind_generation,Wind Onshore,2026-07-17T04:55:04Z
2026-07-17T04:54:16Z,2026-07-17T06:54:16+0200,4e64d4d3-e4bc-4728-8eea-52acf8983738,2026-07-05T23:00:00Z,2026-07-06T01:00:00+0200,2570.04,MW,FR,FR,actual_onshore_wind_generation,Wind Onshore,2026-07-17T04:55:04Z
2026-07-17T04:54:16Z,2026-07-17T06:54:16+0200,4e64d4d3-e4bc-4728-8eea-52acf8983738,2026-07-05T23:15:00Z,2026-07-06T01:15:00+0200,2564.99,MW,FR,FR,actual_onshore_wind_generation,Wind Onshore,2026-07-17T04:55:04Z
2026-07-17T04:54:16Z,2026-07-17T06:54:16+0200,4e64d4d3-e4bc-4728-8eea-52acf8983738,2026-07-05T23:30:00Z,2026-07-06T01:30:00+0200,2571.18,MW,FR,FR,actual_onshore_wind_generation,Wind Onshore,2026-07-17T04:55:04Z
2026-07-17T04:54:16Z,2026-07-17T06:54:16+0200,4e64d4d3-e4bc-4728-8eea-52acf8983738,2026-07-05T23:45:00Z,2026-07-06T01:45:00+0200,2527.57,MW,FR,FR,actual_onshore_wind_generation,Wind Onshore,2026-07-17T04:55:04Z
2026-07-17T04:54:16Z,2026-07-17T06:54:16+0200,4e64d4d3-e4bc-4728-8eea-52acf8983738,2026-07-06T00:00:00Z,2026-07-06T02:00:00+0200,2486.63,MW,FR,FR,actual_onshore_wind_generation,Wind Onshore,2026-07-17T04:55:04Z
2026-07-17T04:54:16Z,2026-07-17T06:54:16+0200,4e64d4d3-e4bc-4728-8eea-52acf8983738,2026-07-06T00:15:00Z,2026-07-06T02:15:00+0200,2403.54,MW,FR,FR,actual_onshore_wind_generation,Wind Onshore,2026-07-17T04:55:04Z
2026-07-17T04:54:16Z,2026-07-17T06:54:16+0200,4e64d4d3-e4bc-4728-8eea-52acf8983738,2026-07-06T00:30:00Z,2026-07-06T02:30:00+0200,2316.99,MW,FR,FR,actual_onshore_wind_generation,Wind Onshore,2026-07-17T04:55:04Z
2026-07-17T04:54:16Z,2026-07-17T06:54:16+0200,4e64d4d3-e4bc-4728-8eea-52acf8983738,2026-07-06T00:45:00Z,2026-07-06T02:45:00+0200,2240.2,MW,FR,FR,actual_onshore_wind_generation,Wind Onshore,2026-07-17T04:55:04Z
2026-07-17T04:54:16Z,2026-07-17T06:54:16+0200,4e64d4d3-e4bc-4728-8eea-52acf8983738,2026-07-06T01:00:00Z,2026-07-06T03:00:00+0200,2199.29,MW,FR,FR,actual_onshore_wind_generation,Wind Onshore,2026-07-17T04:55:04Z
2026-07-17T04:54:16Z,2026-07-17T06:54:16+0200,4e64d4d3-e4bc-4728-8eea-52acf8983738,2026-07-06T01:15:00Z,2026-07-06T03:15:00+0200,2151.66,MW,FR,FR,actual_onshore_wind_generation,Wind Onshore,2026-07-17T04:55:04Z
2026-07-17T04:54:16Z,2026-07-17T06:54:16+0200,4e64d4d3-e4bc-4728-8eea-52acf8983738,2026-07-06T01:30:00Z,2026-07-06T03:30:00+0200,2151.29,MW,FR,FR,actual_onshore_wind_generation,Wind Onshore,2026-07-17T04:55:04Z
2026-07-17T04:54:16Z,2026-07-17T06:54:16+0200,4e64d4d3-e4bc-4728-8eea-52acf8983738,2026-07-06T01:45:00Z,2026-07-06T03:45:00+0200,2155.45,MW,FR,FR,actual_onshore_wind_generation,Wind Onshore,2026-07-17T04:55:04Z
2026-07-17T04:54:16Z,2026-07-17T06:54:16+0200,4e64d4d3-e4bc-4728-8eea-52acf8983738,2026-07-06T02:00:00Z,2026-07-06T04:00:00+0200,2117.72,MW,FR,FR,actual_onshore_wind_generation,Wind Onshore,2026-07-17T04:55:04Z
2026-07-17T04:54:16Z,2026-07-17T06:54:16+0200,4e64d4d3-e4bc-4728-8eea-52acf8983738,2026-07-06T02:15:00Z,2026-07-06T04:15:00+0200,2128.08,MW,FR,FR,actual_onshore_wind_generation,Wind Onshore,2026-07-17T04:55:04Z
2026-07-17T04:54:16Z,2026-07-17T06:54:16+0200,4e64d4d3-e4bc-4728-8eea-52acf8983738,2026-07-06T02:30:00Z,2026-07-06T04:30:00+0200,2097.75,MW,FR,FR,actual_onshore_wind_generation,Wind Onshore,2026-07-17T04:55:04Z
2026-07-17T04:54:16Z,2026-07-17T06:54:16+0200,4e64d4d3-e4bc-4728-8eea-52acf8983738,2026-07-06T02:45:00Z,2026-07-06T04:45:00+0200,2045.05,MW,FR,FR,actual_onshore_wind_generation,Wind Onshore,2026-07-17T04:55:04Z
2026-07-17T04:54:16Z,2026-07-17T06:54:16+0200,4e64d4d3-e4bc-4728-8eea-52acf8983738,2026-07-06T03:00:00Z,2026-07-06T05:00:00+0200,1996.74,MW,FR,FR,actual_onshore_wind_generation,Wind Onshore,2026-07-17T04:55:04Z
2026-07-17T04:54:16Z,2026-07-17T06:54:16+0200,4e64d4d3-e4bc-4728-8eea-52acf8983738,2026-07-06T03:15:00Z,2026-07-06T05:15:00+0200,1995.11,MW,FR,FR,actual_onshore_wind_generation,Wind Onshore,2026-07-17T04:55:04Z
2026-07-17T04:54:16Z,2026-07-17T06:54:16+0200,4e64d4d3-e4bc-4728-8eea-52acf8983738,2026-07-06T03:30:00Z,2026-07-06T05:30:00+0200,1984.29,MW,FR,FR,actual_onshore_wind_generation,Wind Onshore,2026-07-17T04:55:04Z
2026-07-17T04:54:16Z,2026-07-17T06:54:16+0200,4e64d4d3-e4bc-4728-8eea-52acf8983738,2026-07-06T03:45:00Z,2026-07-06T05:45:00+0200,2024.69,MW,FR,FR,actual_onshore_wind_generation,Wind Onshore,2026-07-17T04:55:04Z
2026-07-17T04:54:16Z,2026-07-17T06:54:16+0200,4e64d4d3-e4bc-4728-8eea-52acf8983738,2026-07-06T04:00:00Z,2026-07-06T06:00:00+0200,2028.69,MW,FR,FR,actual_onshore_wind_generation,Wind Onshore,2026-07-17T04:55:04Z
2026-07-17T04:54:16Z,2026-07-17T06:54:16+0200,4e64d4d3-e4bc-4728-8eea-52acf8983738,2026-07-06T04:15:00Z,2026-07-06T06:15:00+0200,2008.74,MW,FR,FR,actual_onshore_wind_generation,Wind Onshore,2026-07-17T04:55:04Z
2026-07-17T04:54:16Z,2026-07-17T06:54:16+0200,4e64d4d3-e4bc-4728-8eea-52acf8983738,2026-07-06T04:30:00Z,2026-07-06T06:30:00+0200,1963.52,MW,FR,FR,actual_onshore_wind_generation,Wind Onshore,2026-07-17T04:55:04Z
2026-07-17T04:54:16Z,2026-07-17T06:54:16+0200,4e64d4d3-e4bc-4728-8eea-52acf8983738,2026-07-06T04:45:00Z,2026-07-06T06:45:00+0200,1975.32,MW,FR,FR,actual_onshore_wind_generation,Wind Onshore,2026-07-17T04:55:04Z
2026-07-17T04:54:16Z,2026-07-17T06:54:16+0200,4e64d4d3-e4bc-4728-8eea-52acf8983738,2026-07-06T05:00:00Z,2026-07-06T07:00:00+0200,1976.14,MW,FR,FR,actual_onshore_wind_generation,Wind Onshore,2026-07-17T04:55:04Z
2026-07-17T04:54:16Z,2026-07-17T06:54:16+0200,4e64d4d3-e4bc-4728-8eea-52acf8983738,2026-07-06T05:15:00Z,2026-07-06T07:15:00+0200,1919.98,MW,FR,FR,actual_onshore_wind_generation,Wind Onshore,2026-07-17T04:55:04Z
2026-07-17T04:54:16Z,2026-07-17T06:54:16+0200,4e64d4d3-e4bc-4728-8eea-52acf8983738,2026-07-06T05:30:00Z,2026-07-06T07:30:00+0200,1840.94,MW,FR,FR,actual_onshore_wind_generation,Wind Onshore,2026-07-17T04:55:04Z
2026-07-17T04:54:16Z,2026-07-17T06:54:16+0200,4e64d4d3-e4bc-4728-8eea-52acf8983738,2026-07-06T05:45:00Z,2026-07-06T07:45:00+0200,1755.81,MW,FR,FR,actual_onshore_wind_generation,Wind Onshore,2026-07-17T04:55:04Z
2026-07-17T04:54:16Z,2026-07-17T06:54:16+0200,4e64d4d3-e4bc-4728-8eea-52acf8983738,2026-07-06T06:00:00Z,2026-07-06T08:00:00+0200,1639.11,MW,FR,FR,actual_onshore_wind_generation,Wind Onshore,2026-07-17T04:55:04Z
2026-07-17T04:54:16Z,2026-07-17T06:54:16+0200,4e64d4d3-e4bc-4728-8eea-52acf8983738,2026-07-06T06:15:00Z,2026-07-06T08:15:00+0200,1458.89,MW,FR,FR,actual_onshore_wind_generation,Wind Onshore,2026-07-17T04:55:04Z
2026-07-17T04:54:16Z,2026-07-17T06:54:16+0200,4e64d4d3-e4bc-4728-8eea-52acf8983738,2026-07-06T06:30:00Z,2026-07-06T08:30:00+0200,1293.42,MW,FR,FR,actual_onshore_wind_generation,Wind Onshore,2026-07-17T04:55:04Z
2026-07-17T04:54:16Z,2026-07-17T06:54:16+0200,4e64d4d3-e4bc-4728-8eea-52acf8983738,2026-07-06T06:45:00Z,2026-07-06T08:45:00+0200,1162.91,MW,FR,FR,actual_onshore_wind_generation,Wind Onshore,2026-07-17T04:55:04Z
2026-07-17T04:54:16Z,2026-07-17T06:54:16+0200,4e64d4d3-e4bc-4728-8eea-52acf8983738,2026-07-06T07:00:00Z,2026-07-06T09:00:00+0200,1071.52,MW,FR,FR,actual_onshore_wind_generation,Wind Onshore,2026-07-17T04:55:04Z
2026-07-17T04:54:16Z,2026-07-17T06:54:16+0200,4e64d4d3-e4bc-4728-8eea-52acf8983738,2026-07-06T07:15:00Z,2026-07-06T09:15:00+0200,1038.7,MW,FR,FR,actual_onshore_wind_generation,Wind Onshore,2026-07-17T04:55:04Z
2026-07-17T04:54:16Z,2026-07-17T06:54:16+0200,4e64d4d3-e4bc-4728-8eea-52acf8983738,2026-07-06T07:30:00Z,2026-07-06T09:30:00+0200,1019.12,MW,FR,FR,actual_onshore_wind_generation,Wind Onshore,2026-07-17T04:55:04Z
2026-07-17T04:54:16Z,2026-07-17T06:54:16+0200,4e64d4d3-e4bc-4728-8eea-52acf8983738,2026-07-06T07:45:00Z,2026-07-06T09:45:00+0200,1033.33,MW,FR,FR,actual_onshore_wind_generation,Wind Onshore,2026-07-17T04:55:04Z
2026-07-17T04:54:16Z,2026-07-17T06:54:16+0200,4e64d4d3-e4bc-4728-8eea-52acf8983738,2026-07-06T08:00:00Z,2026-07-06T10:00:00+0200,1062.27,MW,FR,FR,actual_onshore_wind_generation,Wind Onshore,2026-07-17T04:55:04Z
2026-07-17T04:54:16Z,2026-07-17T06:54:16+0200,4e64d4d3-e4bc-4728-8eea-52acf8983738,2026-07-06T08:15:00Z,2026-07-06T10:15:00+0200,1099.39,MW,FR,FR,actual_onshore_wind_generation,Wind Onshore,2026-07-17T04:55:04Z
2026-07-17T04:54:16Z,2026-07-17T06:54:16+0200,4e64d4d3-e4bc-4728-8eea-52acf8983738,2026-07-06T08:30:00Z,2026-07-06T10:30:00+0200,1157.99,MW,FR,FR,actual_onshore_wind_generation,Wind Onshore,2026-07-17T04:55:04Z
2026-07-17T04:54:16Z,2026-07-17T06:54:16+0200,4e64d4d3-e4bc-4728-8eea-52acf8983738,2026-07-06T08:45:00Z,2026-07-06T10:45:00+0200,1210.27,MW,FR,FR,actual_onshore_wind_generation,Wind Onshore,2026-07-17T04:55:04Z
2026-07-17T04:54:16Z,2026-07-17T06:54:16+0200,4e64d4d3-e4bc-4728-8eea-52acf8983738,2026-07-06T09:00:00Z,2026-07-06T11:00:00+0200,1257.13,MW,FR,FR,actual_onshore_wind_generation,Wind Onshore,2026-07-17T04:55:04Z
2026-07-17T04:54:16Z,2026-07-17T06:54:16+0200,4e64d4d3-e4bc-4728-8eea-52acf8983738,2026-07-06T09:15:00Z,2026-07-06T11:15:00+0200,1291.76,MW,FR,FR,actual_onshore_wind_generation,Wind Onshore,2026-07-17T04:55:04Z
2026-07-17T04:54:16Z,2026-07-17T06:54:16+0200,4e64d4d3-e4bc-4728-8eea-52acf8983738,2026-07-06T09:30:00Z,2026-07-06T11:30:00+0200,1371.52,MW,FR,FR,actual_onshore_wind_generation,Wind Onshore,2026-07-17T04:55:04Z
2026-07-17T04:54:16Z,2026-07-17T06:54:16+0200,4e64d4d3-e4bc-4728-8eea-52acf8983738,2026-07-06T09:45:00Z,2026-07-06T11:45:00+0200,1442.88,MW,FR,FR,actual_onshore_wind_generation,Wind Onshore,2026-07-17T04:55:04Z
2026-07-17T04:54:16Z,2026-07-17T06:54:16+0200,4e64d4d3-e4bc-4728-8eea-52acf8983738,2026-07-06T10:00:00Z,2026-07-06T12:00:00+0200,1501.38,MW,FR,FR,actual_onshore_wind_generation,Wind Onshore,2026-07-17T04:55:04Z
2026-07-17T04:54:16Z,2026-07-17T06:54:16+0200,4e64d4d3-e4bc-4728-8eea-52acf8983738,2026-07-06T10:15:00Z,2026-07-06T12:15:00+0200,1603.68,MW,FR,FR,actual_onshore_wind_generation,Wind Onshore,2026-07-17T04:55:04Z
2026-07-17T04:54:16Z,2026-07-17T06:54:16+0200,4e64d4d3-e4bc-4728-8eea-52acf8983738,2026-07-06T10:30:00Z,2026-07-06T12:30:00+0200,1697.56,MW,FR,FR,actual_onshore_wind_generation,Wind Onshore,2026-07-17T04:55:04Z
2026-07-17T04:54:16Z,2026-07-17T06:54:16+0200,4e64d4d3-e4bc-4728-8eea-52acf8983738,2026-07-06T10:45:00Z,2026-07-06T12:45:00+0200,1760.18,MW,FR,FR,actual_onshore_wind_generation,Wind Onshore,2026-07-17T04:55:04Z
2026-07-17T04:54:16Z,2026-07-17T06:54:16+0200,4e64d4d3-e4bc-4728-8eea-52acf8983738,2026-07-06T11:00:00Z,2026-07-06T13:00:00+0200,1858.07,MW,FR,FR,actual_onshore_wind_generation,Wind Onshore,2026-07-17T04:55:04Z
2026-07-17T04:54:16Z,2026-07-17T06:54:16+0200,4e64d4d3-e4bc-4728-8eea-52acf8983738,2026-07-06T11:15:00Z,2026-07-06T13:15:00+0200,1898.41,MW,FR,FR,actual_onshore_wind_generation,Wind Onshore,2026-07-17T04:55:04Z
2026-07-17T04:54:16Z,2026-07-17T06:54:16+0200,4e64d4d3-e4bc-4728-8eea-52acf8983738,2026-07-06T11:30:00Z,2026-07-06T13:30:00+0200,1998.8,MW,FR,FR,actual_onshore_wind_generation,Wind Onshore,2026-07-17T04:55:04Z
2026-07-17T04:54:16Z,2026-07-17T06:54:16+0200,4e64d4d3-e4bc-4728-8eea-52acf8983738,2026-07-06T11:45:00Z,2026-07-06T13:45:00+0200,2092.14,MW,FR,FR,actual_onshore_wind_generation,Wind Onshore,2026-07-17T04:55:04Z
2026-07-17T04:54:16Z,2026-07-17T06:54:16+0200,4e64d4d3-e4bc-4728-8eea-52acf8983738,2026-07-06T12:00:00Z,2026-07-06T14:00:00+0200,2224.17,MW,FR,FR,actual_onshore_wind_generation,Wind Onshore,2026-07-17T04:55:04Z
2026-07-17T04:54:16Z,2026-07-17T06:54:16+0200,4e64d4d3-e4bc-4728-8eea-52acf8983738,2026-07-06T12:15:00Z,2026-07-06T14:15:00+0200,2313.11,MW,FR,FR,actual_onshore_wind_generation,Wind Onshore,2026-07-17T04:55:04Z
2026-07-17T04:54:16Z,2026-07-17T06:54:16+0200,4e64d4d3-e4bc-4728-8eea-52acf8983738,2026-07-06T12:30:00Z,2026-07-06T14:30:00+0200,2504.67,MW,FR,FR,actual_onshore_wind_generation,Wind Onshore,2026-07-17T04:55:04Z
2026-07-17T04:54:16Z,2026-07-17T06:54:16+0200,4e64d4d3-e4bc-4728-8eea-52acf8983738,2026-07-06T12:45:00Z,2026-07-06T14:45:00+0200,2558.95,MW,FR,FR,actual_onshore_wind_generation,Wind Onshore,2026-07-17T04:55:04Z
2026-07-17T04:54:16Z,2026-07-17T06:54:16+0200,4e64d4d3-e4bc-4728-8eea-52acf8983738,2026-07-06T13:00:00Z,2026-07-06T15:00:00+0200,2726.13,MW,FR,FR,actual_onshore_wind_generation,Wind Onshore,2026-07-17T04:55:04Z
2026-07-17T04:54:16Z,2026-07-17T06:54:16+0200,4e64d4d3-e4bc-4728-8eea-52acf8983738,2026-07-06T13:15:00Z,2026-07-06T15:15:00+0200,2795.5,MW,FR,FR,actual_onshore_wind_generation,Wind Onshore,2026-07-17T04:55:04Z
2026-07-17T04:54:16Z,2026-07-17T06:54:16+0200,4e64d4d3-e4bc-4728-8eea-52acf8983738,2026-07-06T13:30:00Z,2026-07-06T15:30:00+0200,2955.26,MW,FR,FR,actual_onshore_wind_generation,Wind Onshore,2026-07-17T04:55:04Z
2026-07-17T04:54:16Z,2026-07-17T06:54:16+0200,4e64d4d3-e4bc-4728-8eea-52acf8983738,2026-07-06T13:45:00Z,2026-07-06T15:45:00+0200,3027.34,MW,FR,FR,actual_onshore_wind_generation,Wind Onshore,2026-07-17T04:55:04Z
2026-07-17T04:54:16Z,2026-07-17T06:54:16+0200,4e64d4d3-e4bc-4728-8eea-52acf8983738,2026-07-06T14:00:00Z,2026-07-06T16:00:00+0200,3085.73,MW,FR,FR,actual_onshore_wind_generation,Wind Onshore,2026-07-17T04:55:04Z
2026-07-17T04:54:16Z,2026-07-17T06:54:16+0200,4e64d4d3-e4bc-4728-8eea-52acf8983738,2026-07-06T14:15:00Z,2026-07-06T16:15:00+0200,3188.75,MW,FR,FR,actual_onshore_wind_generation,Wind Onshore,2026-07-17T04:55:04Z
2026-07-17T04:54:16Z,2026-07-17T06:54:16+0200,4e64d4d3-e4bc-4728-8eea-52acf8983738,2026-07-06T14:30:00Z,2026-07-06T16:30:00+0200,3295.76,MW,FR,FR,actual_onshore_wind_generation,Wind Onshore,2026-07-17T04:55:04Z
2026-07-17T04:54:16Z,2026-07-17T06:54:16+0200,4e64d4d3-e4bc-4728-8eea-52acf8983738,2026-07-06T14:45:00Z,2026-07-06T16:45:00+0200,3380.86,MW,FR,FR,actual_onshore_wind_generation,Wind Onshore,2026-07-17T04:55:04Z
2026-07-17T04:54:16Z,2026-07-17T06:54:16+0200,4e64d4d3-e4bc-4728-8eea-52acf8983738,2026-07-06T15:00:00Z,2026-07-06T17:00:00+0200,3392.63,MW,FR,FR,actual_onshore_wind_generation,Wind Onshore,2026-07-17T04:55:04Z
2026-07-17T04:54:16Z,2026-07-17T06:54:16+0200,4e64d4d3-e4bc-4728-8eea-52acf8983738,2026-07-06T15:15:00Z,2026-07-06T17:15:00+0200,3445.18,MW,FR,FR,actual_onshore_wind_generation,Wind Onshore,2026-07-17T04:55:04Z
2026-07-17T04:54:16Z,2026-07-17T06:54:16+0200,4e64d4d3-e4bc-4728-8eea-52acf8983738,2026-07-06T15:30:00Z,2026-07-06T17:30:00+0200,3403.15,MW,FR,FR,actual_onshore_wind_generation,Wind Onshore,2026-07-17T04:55:04Z
2026-07-17T04:54:16Z,2026-07-17T06:54:16+0200,4e64d4d3-e4bc-4728-8eea-52acf8983738,2026-07-06T15:45:00Z,2026-07-06T17:45:00+0200,3421.01,MW,FR,FR,actual_onshore_wind_generation,Wind Onshore,2026-07-17T04:55:04Z
2026-07-17T04:54:16Z,2026-07-17T06:54:16+0200,4e64d4d3-e4bc-4728-8eea-52acf8983738,2026-07-06T16:00:00Z,2026-07-06T18:00:00+0200,3350.17,MW,FR,FR,actual_onshore_wind_generation,Wind Onshore,2026-07-17T04:55:04Z
2026-07-17T04:54:16Z,2026-07-17T06:54:16+0200,4e64d4d3-e4bc-4728-8eea-52acf8983738,2026-07-06T16:15:00Z,2026-07-06T18:15:00+0200,3300.57,MW,FR,FR,actual_onshore_wind_generation,Wind Onshore,2026-07-17T04:55:04Z
2026-07-17T04:54:16Z,2026-07-17T06:54:16+0200,4e64d4d3-e4bc-4728-8eea-52acf8983738,2026-07-06T16:30:00Z,2026-07-06T18:30:00+0200,3189.09,MW,FR,FR,actual_onshore_wind_generation,Wind Onshore,2026-07-17T04:55:04Z
2026-07-17T04:54:16Z,2026-07-17T06:54:16+0200,4e64d4d3-e4bc-4728-8eea-52acf8983738,2026-07-06T16:45:00Z,2026-07-06T18:45:00+0200,3086.61,MW,FR,FR,actual_onshore_wind_generation,Wind Onshore,2026-07-17T04:55:04Z
2026-07-17T04:54:16Z,2026-07-17T06:54:16+0200,4e64d4d3-e4bc-4728-8eea-52acf8983738,2026-07-06T17:00:00Z,2026-07-06T19:00:00+0200,2939.05,MW,FR,FR,actual_onshore_wind_generation,Wind Onshore,2026-07-17T04:55:04Z
2026-07-17T04:54:16Z,2026-07-17T06:54:16+0200,4e64d4d3-e4bc-4728-8eea-52acf8983738,2026-07-06T17:15:00Z,2026-07-06T19:15:00+0200,2753.75,MW,FR,FR,actual_onshore_wind_generation,Wind Onshore,2026-07-17T04:55:04Z
2026-07-17T04:54:16Z,2026-07-17T06:54:16+0200,4e64d4d3-e4bc-4728-8eea-52acf8983738,2026-07-06T17:30:00Z,2026-07-06T19:30:00+0200,2572.51,MW,FR,FR,actual_onshore_wind_generation,Wind Onshore,2026-07-17T04:55:04Z
2026-07-17T04:54:16Z,2026-07-17T06:54:16+0200,4e64d4d3-e4bc-4728-8eea-52acf8983738,2026-07-06T17:45:00Z,2026-07-06T19:45:00+0200,2429.43,MW,FR,FR,actual_onshore_wind_generation,Wind Onshore,2026-07-17T04:55:04Z
2026-07-17T04:54:16Z,2026-07-17T06:54:16+0200,4e64d4d3-e4bc-4728-8eea-52acf8983738,2026-07-06T18:00:00Z,2026-07-06T20:00:00+0200,2250.7,MW,FR,FR,actual_onshore_wind_generation,Wind Onshore,2026-07-17T04:55:04Z
2026-07-17T04:54:16Z,2026-07-17T06:54:16+0200,4e64d4d3-e4bc-4728-8eea-52acf8983738,2026-07-06T18:15:00Z,2026-07-06T20:15:00+0200,2120.93,MW,FR,FR,actual_onshore_wind_generation,Wind Onshore,2026-07-17T04:55:04Z
2026-07-17T04:54:16Z,2026-07-17T06:54:16+0200,4e64d4d3-e4bc-4728-8eea-52acf8983738,2026-07-06T18:30:00Z,2026-07-06T20:30:00+0200,1980.65,MW,FR,FR,actual_onshore_wind_generation,Wind Onshore,2026-07-17T04:55:04Z
2026-07-17T04:54:16Z,2026-07-17T06:54:16+0200,4e64d4d3-e4bc-4728-8eea-52acf8983738,2026-07-06T18:45:00Z,2026-07-06T20:45:00+0200,1908.05,MW,FR,FR,actual_onshore_wind_generation,Wind Onshore,2026-07-17T04:55:04Z
2026-07-17T04:54:16Z,2026-07-17T06:54:16+0200,4e64d4d3-e4bc-4728-8eea-52acf8983738,2026-07-06T19:00:00Z,2026-07-06T21:00:00+0200,1861.8,MW,FR,FR,actual_onshore_wind_generation,Wind Onshore,2026-07-17T04:55:04Z
2026-07-17T04:54:16Z,2026-07-17T06:54:16+0200,4e64d4d3-e4bc-4728-8eea-52acf8983738,2026-07-06T19:15:00Z,2026-07-06T21:15:00+0200,1907.48,MW,FR,FR,actual_onshore_wind_generation,Wind Onshore,2026-07-17T04:55:04Z
2026-07-17T04:54:16Z,2026-07-17T06:54:16+0200,4e64d4d3-e4bc-4728-8eea-52acf8983738,2026-07-06T19:30:00Z,2026-07-06T21:30:00+0200,1983.24,MW,FR,FR,actual_onshore_wind_generation,Wind Onshore,2026-07-17T04:55:04Z
2026-07-17T04:54:16Z,2026-07-17T06:54:16+0200,4e64d4d3-e4bc-4728-8eea-52acf8983738,2026-07-06T19:45:00Z,2026-07-06T21:45:00+0200,2062.77,MW,FR,FR,actual_onshore_wind_generation,Wind Onshore,2026-07-17T04:55:04Z
2026-07-17T04:54:16Z,2026-07-17T06:54:16+0200,4e64d4d3-e4bc-4728-8eea-52acf8983738,2026-07-06T20:00:00Z,2026-07-06T22:00:00+0200,2106.78,MW,FR,FR,actual_onshore_wind_generation,Wind Onshore,2026-07-17T04:55:04Z
2026-07-17T04:54:16Z,2026-07-17T06:54:16+0200,4e64d4d3-e4bc-4728-8eea-52acf8983738,2026-07-06T20:15:00Z,2026-07-06T22:15:00+0200,2209.94,MW,FR,FR,actual_onshore_wind_generation,Wind Onshore,2026-07-17T04:55:04Z
2026-07-17T04:54:16Z,2026-07-17T06:54:16+0200,4e64d4d3-e4bc-4728-8eea-52acf8983738,2026-07-06T20:30:00Z,2026-07-06T22:30:00+0200,2240.16,MW,FR,FR,actual_onshore_wind_generation,Wind Onshore,2026-07-17T04:55:04Z
2026-07-17T04:54:16Z,2026-07-17T06:54:16+0200,4e64d4d3-e4bc-4728-8eea-52acf8983738,2026-07-06T20:45:00Z,2026-07-06T22:45:00+0200,2291.4,MW,FR,FR,actual_onshore_wind_generation,Wind Onshore,2026-07-17T04:55:04Z
2026-07-17T04:54:16Z,2026-07-17T06:54:16+0200,4e64d4d3-e4bc-4728-8eea-52acf8983738,2026-07-06T21:00:00Z,2026-07-06T23:00:00+0200,2277.43,MW,FR,FR,actual_onshore_wind_generation,Wind Onshore,2026-07-17T04:55:04Z
2026-07-17T04:54:16Z,2026-07-17T06:54:16+0200,4e64d4d3-e4bc-4728-8eea-52acf8983738,2026-07-06T21:15:00Z,2026-07-06T23:15:00+0200,2291.92,MW,FR,FR,actual_onshore_wind_generation,Wind Onshore,2026-07-17T04:55:04Z
2026-07-17T04:54:16Z,2026-07-17T06:54:16+0200,4e64d4d3-e4bc-4728-8eea-52acf8983738,2026-07-06T21:30:00Z,2026-07-06T23:30:00+0200,2288.13,MW,FR,FR,actual_onshore_wind_generation,Wind Onshore,2026-07-17T04:55:04Z
2026-07-17T04:54:16Z,2026-07-17T06:54:16+0200,4e64d4d3-e4bc-4728-8eea-52acf8983738,2026-07-06T21:45:00Z,2026-07-06T23:45:00+0200,2328.53,MW,FR,FR,actual_onshore_wind_generation,Wind Onshore,2026-07-17T04:55:04Z
2026-07-17T04:54:16Z,2026-07-17T06:54:16+0200,4e64d4d3-e4bc-4728-8eea-52acf8983738,2026-07-06T22:00:00Z,2026-07-07T00:00:00+0200,2378.33,MW,FR,FR,actual_onshore_wind_generation,Wind Onshore,2026-07-17T04:55:04Z
2026-07-17T04:54:16Z,2026-07-17T06:54:16+0200,4e64d4d3-e4bc-4728-8eea-52acf8983738,2026-07-06T22:15:00Z,2026-07-07T00:15:00+0200,2427.51,MW,FR,FR,actual_onshore_wind_generation,Wind Onshore,2026-07-17T04:55:04Z
2026-07-17T04:54:16Z,2026-07-17T06:54:16+0200,4e64d4d3-e4bc-4728-8eea-52acf8983738,2026-07-06T22:30:00Z,2026-07-07T00:30:00+0200,2449.9,MW,FR,FR,actual_onshore_wind_generation,Wind Onshore,2026-07-17T04:55:04Z
2026-07-17T04:54:16Z,2026-07-17T06:54:16+0200,4e64d4d3-e4bc-4728-8eea-52acf8983738,2026-07-06T22:45:00Z,2026-07-07T00:45:00+0200,2497.83,MW,FR,FR,actual_onshore_wind_generation,Wind Onshore,2026-07-17T04:55:04Z
2026-07-17T04:54:16Z,2026-07-17T06:54:16+0200,4e64d4d3-e4bc-4728-8eea-52acf8983738,2026-07-06T23:00:00Z,2026-07-07T01:00:00+0200,2519.39,MW,FR,FR,actual_onshore_wind_generation,Wind Onshore,2026-07-17T04:55:04Z
2026-07-17T04:54:16Z,2026-07-17T06:54:16+0200,4e64d4d3-e4bc-4728-8eea-52acf8983738,2026-07-06T23:15:00Z,2026-07-07T01:15:00+0200,2523.12,MW,FR,FR,actual_onshore_wind_generation,Wind Onshore,2026-07-17T04:55:04Z
2026-07-17T04:54:16Z,2026-07-17T06:54:16+0200,4e64d4d3-e4bc-4728-8eea-52acf8983738,2026-07-06T23:30:00Z,2026-07-07T01:30:00+0200,2557.24,MW,FR,FR,actual_onshore_wind_generation,Wind Onshore,2026-07-17T04:55:04Z
2026-07-17T04:54:16Z,2026-07-17T06:54:16+0200,4e64d4d3-e4bc-4728-8eea-52acf8983738,2026-07-06T23:45:00Z,2026-07-07T01:45:00+0200,2588.08,MW,FR,FR,actual_onshore_wind_generation,Wind Onshore,2026-07-17T04:55:04Z
2026-07-17T04:54:16Z,2026-07-17T06:54:16+0200,4e64d4d3-e4bc-4728-8eea-52acf8983738,2026-07-07T00:00:00Z,2026-07-07T02:00:00+0200,2672.8,MW,FR,FR,actual_onshore_wind_generation,Wind Onshore,2026-07-17T04:55:04Z
2026-07-17T04:54:16Z,2026-07-17T06:54:16+0200,4e64d4d3-e4bc-4728-8eea-52acf8983738,2026-07-07T00:15:00Z,2026-07-07T02:15:00+0200,2763.27,MW,FR,FR,actual_onshore_wind_generation,Wind Onshore,2026-07-17T04:55:04Z
2026-07-17T04:54:16Z,2026-07-17T06:54:16+0200,4e64d4d3-e4bc-4728-8eea-52acf8983738,2026-07-07T00:30:00Z,2026-07-07T02:30:00+0200,2828.96,MW,FR,FR,actual_onshore_wind_generation,Wind Onshore,2026-07-17T04:55:04Z
2026-07-17T04:54:16Z,2026-07-17T06:54:16+0200,4e64d4d3-e4bc-4728-8eea-52acf8983738,2026-07-07T00:45:00Z,2026-07-07T02:45:00+0200,2917.94,MW,FR,FR,actual_onshore_wind_generation,Wind Onshore,2026-07-17T04:55:04Z
2026-07-17T04:54:16Z,2026-07-17T06:54:16+0200,4e64d4d3-e4bc-4728-8eea-52acf8983738,2026-07-07T01:00:00Z,2026-07-07T03:00:00+0200,3019.22,MW,FR,FR,actual_onshore_wind_generation,Wind Onshore,2026-07-17T04:55:04Z
2026-07-17T04:54:16Z,2026-07-17T06:54:16+0200,4e64d4d3-e4bc-4728-8eea-52acf8983738,2026-07-07T01:15:00Z,2026-07-07T03:15:00+0200,3080.13,MW,FR,FR,actual_onshore_wind_generation,Wind Onshore,2026-07-17T04:55:04Z
2026-07-17T04:54:16Z,2026-07-17T06:54:16+0200,4e64d4d3-e4bc-4728-8eea-52acf8983738,2026-07-07T01:30:00Z,2026-07-07T03:30:00+0200,3087.85,MW,FR,FR,actual_onshore_wind_generation,Wind Onshore,2026-07-17T04:55:04Z
2026-07-17T04:54:16Z,2026-07-17T06:54:16+0200,4e64d4d3-e4bc-4728-8eea-52acf8983738,2026-07-07T01:45:00Z,2026-07-07T03:45:00+0200,3171.87,MW,FR,FR,actual_onshore_wind_generation,Wind Onshore,2026-07-17T04:55:04Z
2026-07-17T04:54:16Z,2026-07-17T06:54:16+0200,4e64d4d3-e4bc-4728-8eea-52acf8983738,2026-07-07T02:00:00Z,2026-07-07T04:00:00+0200,3281.55,MW,FR,FR,actual_onshore_wind_generation,Wind Onshore,2026-07-17T04:55:04Z
2026-07-17T04:54:16Z,2026-07-17T06:54:16+0200,4e64d4d3-e4bc-4728-8eea-52acf8983738,2026-07-07T02:15:00Z,2026-07-07T04:15:00+0200,3328.4,MW,FR,FR,actual_onshore_wind_generation,Wind Onshore,2026-07-17T04:55:04Z
2026-07-17T04:54:16Z,2026-07-17T06:54:16+0200,4e64d4d3-e4bc-4728-8eea-52acf8983738,2026-07-07T02:30:00Z,2026-07-07T04:30:00+0200,3408.67,MW,FR,FR,actual_onshore_wind_generation,Wind Onshore,2026-07-17T04:55:04Z
2026-07-17T04:54:16Z,2026-07-17T06:54:16+0200,4e64d4d3-e4bc-4728-8eea-52acf8983738,2026-07-07T02:45:00Z,2026-07-07T04:45:00+0200,3495.44,MW,FR,FR,actual_onshore_wind_generation,Wind Onshore,2026-07-17T04:55:04Z
2026-07-17T04:54:16Z,2026-07-17T06:54:16+0200,4e64d4d3-e4bc-4728-8eea-52acf8983738,2026-07-07T03:00:00Z,2026-07-07T05:00:00+0200,3526.42,MW,FR,FR,actual_onshore_wind_generation,Wind Onshore,2026-07-17T04:55:04Z
2026-07-17T04:54:16Z,2026-07-17T06:54:16+0200,4e64d4d3-e4bc-4728-8eea-52acf8983738,2026-07-07T03:15:00Z,2026-07-07T05:15:00+0200,3514.98,MW,FR,FR,actual_onshore_wind_generation,Wind Onshore,2026-07-17T04:55:04Z
2026-07-17T04:54:16Z,2026-07-17T06:54:16+0200,4e64d4d3-e4bc-4728-8eea-52acf8983738,2026-07-07T03:30:00Z,2026-07-07T05:30:00+0200,3498.21,MW,FR,FR,actual_onshore_wind_generation,Wind Onshore,2026-07-17T04:55:04Z
2026-07-17T04:54:16Z,2026-07-17T06:54:16+0200,4e64d4d3-e4bc-4728-8eea-52acf8983738,2026-07-07T03:45:00Z,2026-07-07T05:45:00+0200,3551.51,MW,FR,FR,actual_onshore_wind_generation,Wind Onshore,2026-07-17T04:55:04Z
2026-07-17T04:54:16Z,2026-07-17T06:54:16+0200,4e64d4d3-e4bc-4728-8eea-52acf8983738,2026-07-07T04:00:00Z,2026-07-07T06:00:00+0200,3564.14,MW,FR,FR,actual_onshore_wind_generation,Wind Onshore,2026-07-17T04:55:04Z
2026-07-17T04:54:16Z,2026-07-17T06:54:16+0200,4e64d4d3-e4bc-4728-8eea-52acf8983738,2026-07-07T04:15:00Z,2026-07-07T06:15:00+0200,3631.18,MW,FR,FR,actual_onshore_wind_generation,Wind Onshore,2026-07-17T04:55:04Z
2026-07-17T04:54:16Z,2026-07-17T06:54:16+0200,4e64d4d3-e4bc-4728-8eea-52acf8983738,2026-07-07T04:30:00Z,2026-07-07T06:30:00+0200,3693.44,MW,FR,FR,actual_onshore_wind_generation,Wind Onshore,2026-07-17T04:55:04Z
2026-07-17T04:54:16Z,2026-07-17T06:54:16+0200,4e64d4d3-e4bc-4728-8eea-52acf8983738,2026-07-07T04:45:00Z,2026-07-07T06:45:00+0200,3742.89,MW,FR,FR,actual_onshore_wind_generation,Wind Onshore,2026-07-17T04:55:04Z
2026-07-17T04:54:16Z,2026-07-17T06:54:16+0200,4e64d4d3-e4bc-4728-8eea-52acf8983738,2026-07-07T05:00:00Z,2026-07-07T07:00:00+0200,3795.98,MW,FR,FR,actual_onshore_wind_generation,Wind Onshore,2026-07-17T04:55:04Z
2026-07-17T04:54:16Z,2026-07-17T06:54:16+0200,4e64d4d3-e4bc-4728-8eea-52acf8983738,2026-07-07T05:15:00Z,2026-07-07T07:15:00+0200,3801.15,MW,FR,FR,actual_onshore_wind_generation,Wind Onshore,2026-07-17T04:55:04Z
2026-07-17T04:54:16Z,2026-07-17T06:54:16+0200,4e64d4d3-e4bc-4728-8eea-52acf8983738,2026-07-07T05:30:00Z,2026-07-07T07:30:00+0200,3713.1,MW,FR,FR,actual_onshore_wind_generation,Wind Onshore,2026-07-17T04:55:04Z
2026-07-17T04:54:16Z,2026-07-17T06:54:16+0200,4e64d4d3-e4bc-4728-8eea-52acf8983738,2026-07-07T05:45:00Z,2026-07-07T07:45:00+0200,3541.35,MW,FR,FR,actual_onshore_wind_generation,Wind Onshore,2026-07-17T04:55:04Z
2026-07-17T04:54:16Z,2026-07-17T06:54:16+0200,4e64d4d3-e4bc-4728-8eea-52acf8983738,2026-07-07T06:00:00Z,2026-07-07T08:00:00+0200,3325.88,MW,FR,FR,actual_onshore_wind_generation,Wind Onshore,2026-07-17T04:55:04Z
2026-07-17T04:54:16Z,2026-07-17T06:54:16+0200,4e64d4d3-e4bc-4728-8eea-52acf8983738,2026-07-07T06:15:00Z,2026-07-07T08:15:00+0200,3058.92,MW,FR,FR,actual_onshore_wind_generation,Wind Onshore,2026-07-17T04:55:04Z
2026-07-17T04:54:16Z,2026-07-17T06:54:16+0200,4e64d4d3-e4bc-4728-8eea-52acf8983738,2026-07-07T06:30:00Z,2026-07-07T08:30:00+0200,2721.83,MW,FR,FR,actual_onshore_wind_generation,Wind Onshore,2026-07-17T04:55:04Z
2026-07-17T04:54:16Z,2026-07-17T06:54:16+0200,4e64d4d3-e4bc-4728-8eea-52acf8983738,2026-07-07T06:45:00Z,2026-07-07T08:45:00+0200,2383.86,MW,FR,FR,actual_onshore_wind_generation,Wind Onshore,2026-07-17T04:55:04Z
2026-07-17T04:54:16Z,2026-07-17T06:54:16+0200,4e64d4d3-e4bc-4728-8eea-52acf8983738,2026-07-07T07:00:00Z,2026-07-07T09:00:00+0200,2111.86,MW,FR,FR,actual_onshore_wind_generation,Wind Onshore,2026-07-17T04:55:04Z
2026-07-17T04:54:16Z,2026-07-17T06:54:16+0200,4e64d4d3-e4bc-4728-8eea-52acf8983738,2026-07-07T07:15:00Z,2026-07-07T09:15:00+0200,1897.76,MW,FR,FR,actual_onshore_wind_generation,Wind Onshore,2026-07-17T04:55:04Z
2026-07-17T04:54:16Z,2026-07-17T06:54:16+0200,4e64d4d3-e4bc-4728-8eea-52acf8983738,2026-07-07T07:30:00Z,2026-07-07T09:30:00+0200,1733.17,MW,FR,FR,actual_onshore_wind_generation,Wind Onshore,2026-07-17T04:55:04Z
2026-07-17T04:54:16Z,2026-07-17T06:54:16+0200,4e64d4d3-e4bc-4728-8eea-52acf8983738,2026-07-07T07:45:00Z,2026-07-07T09:45:00+0200,1651.19,MW,FR,FR,actual_onshore_wind_generation,Wind Onshore,2026-07-17T04:55:04Z
2026-07-17T04:54:16Z,2026-07-17T06:54:16+0200,4e64d4d3-e4bc-4728-8eea-52acf8983738,2026-07-07T08:00:00Z,2026-07-07T10:00:00+0200,1618.96,MW,FR,FR,actual_onshore_wind_generation,Wind Onshore,2026-07-17T04:55:04Z
2026-07-17T04:54:16Z,2026-07-17T06:54:16+0200,4e64d4d3-e4bc-4728-8eea-52acf8983738,2026-07-07T08:15:00Z,2026-07-07T10:15:00+0200,1687.95,MW,FR,FR,actual_onshore_wind_generation,Wind Onshore,2026-07-17T04:55:04Z
2026-07-17T04:54:16Z,2026-07-17T06:54:16+0200,4e64d4d3-e4bc-4728-8eea-52acf8983738,2026-07-07T08:30:00Z,2026-07-07T10:30:00+0200,1759.06,MW,FR,FR,actual_onshore_wind_generation,Wind Onshore,2026-07-17T04:55:04Z
2026-07-17T04:54:16Z,2026-07-17T06:54:16+0200,4e64d4d3-e4bc-4728-8eea-52acf8983738,2026-07-07T08:45:00Z,2026-07-07T10:45:00+0200,1898.31,MW,FR,FR,actual_onshore_wind_generation,Wind Onshore,2026-07-17T04:55:04Z
2026-07-17T04:54:16Z,2026-07-17T06:54:16+0200,4e64d4d3-e4bc-4728-8eea-52acf8983738,2026-07-07T09:00:00Z,2026-07-07T11:00:00+0200,2102.42,MW,FR,FR,actual_onshore_wind_generation,Wind Onshore,2026-07-17T04:55:04Z
2026-07-17T04:54:16Z,2026-07-17T06:54:16+0200,4e64d4d3-e4bc-4728-8eea-52acf8983738,2026-07-07T09:15:00Z,2026-07-07T11:15:00+0200,2233.11,MW,FR,FR,actual_onshore_wind_generation,Wind Onshore,2026-07-17T04:55:04Z
2026-07-17T04:54:16Z,2026-07-17T06:54:16+0200,4e64d4d3-e4bc-4728-8eea-52acf8983738,2026-07-07T09:30:00Z,2026-07-07T11:30:00+0200,2327.69,MW,FR,FR,actual_onshore_wind_generation,Wind Onshore,2026-07-17T04:55:04Z
2026-07-17T04:54:16Z,2026-07-17T06:54:16+0200,4e64d4d3-e4bc-4728-8eea-52acf8983738,2026-07-07T09:45:00Z,2026-07-07T11:45:00+0200,2159.08,MW,FR,FR,actual_onshore_wind_generation,Wind Onshore,2026-07-17T04:55:04Z
2026-07-17T04:54:16Z,2026-07-17T06:54:16+0200,4e64d4d3-e4bc-4728-8eea-52acf8983738,2026-07-07T10:00:00Z,2026-07-07T12:00:00+0200,2735.24,MW,FR,FR,actual_onshore_wind_generation,Wind Onshore,2026-07-17T04:55:04Z
2026-07-17T04:54:16Z,2026-07-17T06:54:16+0200,4e64d4d3-e4bc-4728-8eea-52acf8983738,2026-07-07T10:15:00Z,2026-07-07T12:15:00+0200,3334.63,MW,FR,FR,actual_onshore_wind_generation,Wind Onshore,2026-07-17T04:55:04Z
2026-07-17T04:54:16Z,2026-07-17T06:54:16+0200,4e64d4d3-e4bc-4728-8eea-52acf8983738,2026-07-07T10:30:00Z,2026-07-07T12:30:00+0200,3658.52,MW,FR,FR,actual_onshore_wind_generation,Wind Onshore,2026-07-17T04:55:04Z
2026-07-17T04:54:16Z,2026-07-17T06:54:16+0200,4e64d4d3-e4bc-4728-8eea-52acf8983738,2026-07-07T10:45:00Z,2026-07-07T12:45:00+0200,3888.41,MW,FR,FR,actual_onshore_wind_generation,Wind Onshore,2026-07-17T04:55:04Z
2026-07-17T04:54:16Z,2026-07-17T06:54:16+0200,4e64d4d3-e4bc-4728-8eea-52acf8983738,2026-07-07T11:00:00Z,2026-07-07T13:00:00+0200,3736.58,MW,FR,FR,actual_onshore_wind_generation,Wind Onshore,2026-07-17T04:55:04Z
2026-07-17T04:54:16Z,2026-07-17T06:54:16+0200,4e64d4d3-e4bc-4728-8eea-52acf8983738,2026-07-07T11:15:00Z,2026-07-07T13:15:00+0200,3129.85,MW,FR,FR,actual_onshore_wind_generation,Wind Onshore,2026-07-17T04:55:04Z
2026-07-17T04:54:16Z,2026-07-17T06:54:16+0200,4e64d4d3-e4bc-4728-8eea-52acf8983738,2026-07-07T11:30:00Z,2026-07-07T13:30:00+0200,3155.2,MW,FR,FR,actual_onshore_wind_generation,Wind Onshore,2026-07-17T04:55:04Z
2026-07-17T04:54:16Z,2026-07-17T06:54:16+0200,4e64d4d3-e4bc-4728-8eea-52acf8983738,2026-07-07T11:45:00Z,2026-07-07T13:45:00+0200,3347.63,MW,FR,FR,actual_onshore_wind_generation,Wind Onshore,2026-07-17T04:55:04Z
2026-07-17T04:54:16Z,2026-07-17T06:54:16+0200,4e64d4d3-e4bc-4728-8eea-52acf8983738,2026-07-07T12:00:00Z,2026-07-07T14:00:00+0200,4383.36,MW,FR,FR,actual_onshore_wind_generation,Wind Onshore,2026-07-17T04:55:04Z
2026-07-17T04:54:16Z,2026-07-17T06:54:16+0200,4e64d4d3-e4bc-4728-8eea-52acf8983738,2026-07-07T12:15:00Z,2026-07-07T14:15:00+0200,5171.91,MW,FR,FR,actual_onshore_wind_generation,Wind Onshore,2026-07-17T04:55:04Z
2026-07-17T04:54:16Z,2026-07-17T06:54:16+0200,4e64d4d3-e4bc-4728-8eea-52acf8983738,2026-07-07T12:30:00Z,2026-07-07T14:30:00+0200,5344.0,MW,FR,FR,actual_onshore_wind_generation,Wind Onshore,2026-07-17T04:55:04Z
2026-07-17T04:54:16Z,2026-07-17T06:54:16+0200,4e64d4d3-e4bc-4728-8eea-52acf8983738,2026-07-07T12:45:00Z,2026-07-07T14:45:00+0200,5058.25,MW,FR,FR,actual_onshore_wind_generation,Wind Onshore,2026-07-17T04:55:04Z
2026-07-17T04:54:16Z,2026-07-17T06:54:16+0200,4e64d4d3-e4bc-4728-8eea-52acf8983738,2026-07-07T13:00:00Z,2026-07-07T15:00:00+0200,3888.34,MW,FR,FR,actual_onshore_wind_generation,Wind Onshore,2026-07-17T04:55:04Z
2026-07-17T04:54:16Z,2026-07-17T06:54:16+0200,4e64d4d3-e4bc-4728-8eea-52acf8983738,2026-07-07T13:15:00Z,2026-07-07T15:15:00+0200,3778.16,MW,FR,FR,actual_onshore_wind_generation,Wind Onshore,2026-07-17T04:55:04Z
2026-07-17T04:54:16Z,2026-07-17T06:54:16+0200,4e64d4d3-e4bc-4728-8eea-52acf8983738,2026-07-07T13:30:00Z,2026-07-07T15:30:00+0200,4756.14,MW,FR,FR,actual_onshore_wind_generation,Wind Onshore,2026-07-17T04:55:04Z
2026-07-17T04:54:16Z,2026-07-17T06:54:16+0200,4e64d4d3-e4bc-4728-8eea-52acf8983738,2026-07-07T13:45:00Z,2026-07-07T15:45:00+0200,5014.09,MW,FR,FR,actual_onshore_wind_generation,Wind Onshore,2026-07-17T04:55:04Z
2026-07-17T04:54:16Z,2026-07-17T06:54:16+0200,4e64d4d3-e4bc-4728-8eea-52acf8983738,2026-07-07T14:00:00Z,2026-07-07T16:00:00+0200,3619.92,MW,FR,FR,actual_onshore_wind_generation,Wind Onshore,2026-07-17T04:55:04Z
2026-07-17T04:54:16Z,2026-07-17T06:54:16+0200,4e64d4d3-e4bc-4728-8eea-52acf8983738,2026-07-07T14:15:00Z,2026-07-07T16:15:00+0200,3679.4,MW,FR,FR,actual_onshore_wind_generation,Wind Onshore,2026-07-17T04:55:04Z
2026-07-17T04:54:16Z,2026-07-17T06:54:16+0200,4e64d4d3-e4bc-4728-8eea-52acf8983738,2026-07-07T14:30:00Z,2026-07-07T16:30:00+0200,3813.65,MW,FR,FR,actual_onshore_wind_generation,Wind Onshore,2026-07-17T04:55:04Z
2026-07-17T04:54:16Z,2026-07-17T06:54:16+0200,4e64d4d3-e4bc-4728-8eea-52acf8983738,2026-07-07T14:45:00Z,2026-07-07T16:45:00+0200,3890.47,MW,FR,FR,actual_onshore_wind_generation,Wind Onshore,2026-07-17T04:55:04Z
2026-07-17T04:54:16Z,2026-07-17T06:54:16+0200,4e64d4d3-e4bc-4728-8eea-52acf8983738,2026-07-07T15:00:00Z,2026-07-07T17:00:00+0200,4531.11,MW,FR,FR,actual_onshore_wind_generation,Wind Onshore,2026-07-17T04:55:04Z
2026-07-17T04:54:16Z,2026-07-17T06:54:16+0200,4e64d4d3-e4bc-4728-8eea-52acf8983738,2026-07-07T15:15:00Z,2026-07-07T17:15:00+0200,4291.86,MW,FR,FR,actual_onshore_wind_generation,Wind Onshore,2026-07-17T04:55:04Z
2026-07-17T04:54:16Z,2026-07-17T06:54:16+0200,4e64d4d3-e4bc-4728-8eea-52acf8983738,2026-07-07T15:30:00Z,2026-07-07T17:30:00+0200,5230.77,MW,FR,FR,actual_onshore_wind_generation,Wind Onshore,2026-07-17T04:55:04Z
2026-07-17T04:54:16Z,2026-07-17T06:54:16+0200,4e64d4d3-e4bc-4728-8eea-52acf8983738,2026-07-07T15:45:00Z,2026-07-07T17:45:00+0200,5750.52,MW,FR,FR,actual_onshore_wind_generation,Wind Onshore,2026-07-17T04:55:04Z
2026-07-17T04:54:16Z,2026-07-17T06:54:16+0200,4e64d4d3-e4bc-4728-8eea-52acf8983738,2026-07-07T16:00:00Z,2026-07-07T18:00:00+0200,5709.0,MW,FR,FR,actual_onshore_wind_generation,Wind Onshore,2026-07-17T04:55:04Z
2026-07-17T04:54:16Z,2026-07-17T06:54:16+0200,4e64d4d3-e4bc-4728-8eea-52acf8983738,2026-07-07T16:15:00Z,2026-07-07T18:15:00+0200,5561.04,MW,FR,FR,actual_onshore_wind_generation,Wind Onshore,2026-07-17T04:55:04Z
2026-07-17T04:54:16Z,2026-07-17T06:54:16+0200,4e64d4d3-e4bc-4728-8eea-52acf8983738,2026-07-07T16:30:00Z,2026-07-07T18:30:00+0200,5518.07,MW,FR,FR,actual_onshore_wind_generation,Wind Onshore,2026-07-17T04:55:04Z
2026-07-17T04:54:16Z,2026-07-17T06:54:16+0200,4e64d4d3-e4bc-4728-8eea-52acf8983738,2026-07-07T16:45:00Z,2026-07-07T18:45:00+0200,5472.67,MW,FR,FR,actual_onshore_wind_generation,Wind Onshore,2026-07-17T04:55:04Z
2026-07-17T04:54:16Z,2026-07-17T06:54:16+0200,4e64d4d3-e4bc-4728-8eea-52acf8983738,2026-07-07T17:00:00Z,2026-07-07T19:00:00+0200,5330.79,MW,FR,FR,actual_onshore_wind_generation,Wind Onshore,2026-07-17T04:55:04Z
2026-07-17T04:54:16Z,2026-07-17T06:54:16+0200,4e64d4d3-e4bc-4728-8eea-52acf8983738,2026-07-07T17:15:00Z,2026-07-07T19:15:00+0200,5220.69,MW,FR,FR,actual_onshore_wind_generation,Wind Onshore,2026-07-17T04:55:04Z
2026-07-17T04:54:16Z,2026-07-17T06:54:16+0200,4e64d4d3-e4bc-4728-8eea-52acf8983738,2026-07-07T17:30:00Z,2026-07-07T19:30:00+0200,5113.42,MW,FR,FR,actual_onshore_wind_generation,Wind Onshore,2026-07-17T04:55:04Z
2026-07-17T04:54:16Z,2026-07-17T06:54:16+0200,4e64d4d3-e4bc-4728-8eea-52acf8983738,2026-07-07T17:45:00Z,2026-07-07T19:45:00+0200,4930.55,MW,FR,FR,actual_onshore_wind_generation,Wind Onshore,2026-07-17T04:55:04Z
2026-07-17T04:54:16Z,2026-07-17T06:54:16+0200,4e64d4d3-e4bc-4728-8eea-52acf8983738,2026-07-07T18:00:00Z,2026-07-07T20:00:00+0200,4599.21,MW,FR,FR,actual_onshore_wind_generation,Wind Onshore,2026-07-17T04:55:04Z
2026-07-17T04:54:16Z,2026-07-17T06:54:16+0200,4e64d4d3-e4bc-4728-8eea-52acf8983738,2026-07-07T18:15:00Z,2026-07-07T20:15:00+0200,4238.78,MW,FR,FR,actual_onshore_wind_generation,Wind Onshore,2026-07-17T04:55:04Z
2026-07-17T04:54:16Z,2026-07-17T06:54:16+0200,4e64d4d3-e4bc-4728-8eea-52acf8983738,2026-07-07T18:30:00Z,2026-07-07T20:30:00+0200,3863.8,MW,FR,FR,actual_onshore_wind_generation,Wind Onshore,2026-07-17T04:55:04Z
2026-07-17T04:54:16Z,2026-07-17T06:54:16+0200,4e64d4d3-e4bc-4728-8eea-52acf8983738,2026-07-07T18:45:00Z,2026-07-07T20:45:00+0200,3547.82,MW,FR,FR,actual_onshore_wind_generation,Wind Onshore,2026-07-17T04:55:04Z
2026-07-17T04:54:16Z,2026-07-17T06:54:16+0200,4e64d4d3-e4bc-4728-8eea-52acf8983738,2026-07-07T19:00:00Z,2026-07-07T21:00:00+0200,3317.49,MW,FR,FR,actual_onshore_wind_generation,Wind Onshore,2026-07-17T04:55:04Z
2026-07-17T04:54:16Z,2026-07-17T06:54:16+0200,4e64d4d3-e4bc-4728-8eea-52acf8983738,2026-07-07T19:15:00Z,2026-07-07T21:15:00+0200,3254.85,MW,FR,FR,actual_onshore_wind_generation,Wind Onshore,2026-07-17T04:55:04Z
2026-07-17T04:54:16Z,2026-07-17T06:54:16+0200,4e64d4d3-e4bc-4728-8eea-52acf8983738,2026-07-07T19:30:00Z,2026-07-07T21:30:00+0200,3265.19,MW,FR,FR,actual_onshore_wind_generation,Wind Onshore,2026-07-17T04:55:04Z
2026-07-17T04:54:16Z,2026-07-17T06:54:16+0200,4e64d4d3-e4bc-4728-8eea-52acf8983738,2026-07-07T19:45:00Z,2026-07-07T21:45:00+0200,3228.35,MW,FR,FR,actual_onshore_wind_generation,Wind Onshore,2026-07-17T04:55:04Z
2026-07-17T04:54:16Z,2026-07-17T06:54:16+0200,4e64d4d3-e4bc-4728-8eea-52acf8983738,2026-07-07T20:00:00Z,2026-07-07T22:00:00+0200,3119.05,MW,FR,FR,actual_onshore_wind_generation,Wind Onshore,2026-07-17T04:55:04Z
2026-07-17T04:54:16Z,2026-07-17T06:54:16+0200,4e64d4d3-e4bc-4728-8eea-52acf8983738,2026-07-07T20:15:00Z,2026-07-07T22:15:00+0200,3182.96,MW,FR,FR,actual_onshore_wind_generation,Wind Onshore,2026-07-17T04:55:04Z
2026-07-17T04:54:16Z,2026-07-17T06:54:16+0200,4e64d4d3-e4bc-4728-8eea-52acf8983738,2026-07-07T20:30:00Z,2026-07-07T22:30:00+0200,3222.84,MW,FR,FR,actual_onshore_wind_generation,Wind Onshore,2026-07-17T04:55:04Z
2026-07-17T04:54:16Z,2026-07-17T06:54:16+0200,4e64d4d3-e4bc-4728-8eea-52acf8983738,2026-07-07T20:45:00Z,2026-07-07T22:45:00+0200,3233.42,MW,FR,FR,actual_onshore_wind_generation,Wind Onshore,2026-07-17T04:55:04Z
2026-07-17T04:54:16Z,2026-07-17T06:54:16+0200,4e64d4d3-e4bc-4728-8eea-52acf8983738,2026-07-07T21:00:00Z,2026-07-07T23:00:00+0200,3322.61,MW,FR,FR,actual_onshore_wind_generation,Wind Onshore,2026-07-17T04:55:04Z
2026-07-17T04:54:16Z,2026-07-17T06:54:16+0200,4e64d4d3-e4bc-4728-8eea-52acf8983738,2026-07-07T21:15:00Z,2026-07-07T23:15:00+0200,3353.86,MW,FR,FR,actual_onshore_wind_generation,Wind Onshore,2026-07-17T04:55:04Z
2026-07-17T04:54:16Z,2026-07-17T06:54:16+0200,4e64d4d3-e4bc-4728-8eea-52acf8983738,2026-07-07T21:30:00Z,2026-07-07T23:30:00+0200,3334.13,MW,FR,FR,actual_onshore_wind_generation,Wind Onshore,2026-07-17T04:55:04Z
2026-07-17T04:54:16Z,2026-07-17T06:54:16+0200,4e64d4d3-e4bc-4728-8eea-52acf8983738,2026-07-07T21:45:00Z,2026-07-07T23:45:00+0200,3351.47,MW,FR,FR,actual_onshore_wind_generation,Wind Onshore,2026-07-17T04:55:04Z
2026-07-17T04:54:16Z,2026-07-17T06:54:16+0200,4e64d4d3-e4bc-4728-8eea-52acf8983738,2026-07-07T22:00:00Z,2026-07-08T00:00:00+0200,3311.86,MW,FR,FR,actual_onshore_wind_generation,Wind Onshore,2026-07-17T04:55:04Z
2026-07-17T04:54:16Z,2026-07-17T06:54:16+0200,4e64d4d3-e4bc-4728-8eea-52acf8983738,2026-07-07T22:15:00Z,2026-07-08T00:15:00+0200,3332.9,MW,FR,FR,actual_onshore_wind_generation,Wind Onshore,2026-07-17T04:55:04Z
2026-07-17T04:54:16Z,2026-07-17T06:54:16+0200,4e64d4d3-e4bc-4728-8eea-52acf8983738,2026-07-07T22:30:00Z,2026-07-08T00:30:00+0200,3334.66,MW,FR,FR,actual_onshore_wind_generation,Wind Onshore,2026-07-17T04:55:04Z
2026-07-17T04:54:16Z,2026-07-17T06:54:16+0200,4e64d4d3-e4bc-4728-8eea-52acf8983738,2026-07-07T22:45:00Z,2026-07-08T00:45:00+0200,3192.8,MW,FR,FR,actual_onshore_wind_generation,Wind Onshore,2026-07-17T04:55:04Z
2026-07-17T04:54:16Z,2026-07-17T06:54:16+0200,4e64d4d3-e4bc-4728-8eea-52acf8983738,2026-07-07T23:00:00Z,2026-07-08T01:00:00+0200,3091.03,MW,FR,FR,actual_onshore_wind_generation,Wind Onshore,2026-07-17T04:55:04Z
2026-07-17T04:54:16Z,2026-07-17T06:54:16+0200,4e64d4d3-e4bc-4728-8eea-52acf8983738,2026-07-07T23:15:00Z,2026-07-08T01:15:00+0200,2952.4,MW,FR,FR,actual_onshore_wind_generation,Wind Onshore,2026-07-17T04:55:04Z
2026-07-17T04:54:16Z,2026-07-17T06:54:16+0200,4e64d4d3-e4bc-4728-8eea-52acf8983738,2026-07-07T23:30:00Z,2026-07-08T01:30:00+0200,2758.32,MW,FR,FR,actual_onshore_wind_generation,Wind Onshore,2026-07-17T04:55:04Z
2026-07-17T04:54:16Z,2026-07-17T06:54:16+0200,4e64d4d3-e4bc-4728-8eea-52acf8983738,2026-07-07T23:45:00Z,2026-07-08T01:45:00+0200,2591.1,MW,FR,FR,actual_onshore_wind_generation,Wind Onshore,2026-07-17T04:55:04Z
2026-07-17T04:54:16Z,2026-07-17T06:54:16+0200,4e64d4d3-e4bc-4728-8eea-52acf8983738,2026-07-08T00:00:00Z,2026-07-08T02:00:00+0200,2460.51,MW,FR,FR,actual_onshore_wind_generation,Wind Onshore,2026-07-17T04:55:04Z
2026-07-17T04:54:16Z,2026-07-17T06:54:16+0200,4e64d4d3-e4bc-4728-8eea-52acf8983738,2026-07-08T00:15:00Z,2026-07-08T02:15:00+0200,2346.08,MW,FR,FR,actual_onshore_wind_generation,Wind Onshore,2026-07-17T04:55:04Z
2026-07-17T04:54:16Z,2026-07-17T06:54:16+0200,4e64d4d3-e4bc-4728-8eea-52acf8983738,2026-07-08T00:30:00Z,2026-07-08T02:30:00+0200,2203.1,MW,FR,FR,actual_onshore_wind_generation,Wind Onshore,2026-07-17T04:55:04Z
2026-07-17T04:54:16Z,2026-07-17T06:54:16+0200,4e64d4d3-e4bc-4728-8eea-52acf8983738,2026-07-08T00:45:00Z,2026-07-08T02:45:00+0200,2077.53,MW,FR,FR,actual_onshore_wind_generation,Wind Onshore,2026-07-17T04:55:04Z
2026-07-17T04:54:16Z,2026-07-17T06:54:16+0200,4e64d4d3-e4bc-4728-8eea-52acf8983738,2026-07-08T01:00:00Z,2026-07-08T03:00:00+0200,1988.69,MW,FR,FR,actual_onshore_wind_generation,Wind Onshore,2026-07-17T04:55:04Z
2026-07-17T04:54:16Z,2026-07-17T06:54:16+0200,4e64d4d3-e4bc-4728-8eea-52acf8983738,2026-07-08T01:15:00Z,2026-07-08T03:15:00+0200,1897.97,MW,FR,FR,actual_onshore_wind_generation,Wind Onshore,2026-07-17T04:55:04Z
2026-07-17T04:54:16Z,2026-07-17T06:54:16+0200,4e64d4d3-e4bc-4728-8eea-52acf8983738,2026-07-08T01:30:00Z,2026-07-08T03:30:00+0200,1813.47,MW,FR,FR,actual_onshore_wind_generation,Wind Onshore,2026-07-17T04:55:04Z
2026-07-17T04:54:16Z,2026-07-17T06:54:16+0200,4e64d4d3-e4bc-4728-8eea-52acf8983738,2026-07-08T01:45:00Z,2026-07-08T03:45:00+0200,1744.27,MW,FR,FR,actual_onshore_wind_generation,Wind Onshore,2026-07-17T04:55:04Z
2026-07-17T04:54:16Z,2026-07-17T06:54:16+0200,4e64d4d3-e4bc-4728-8eea-52acf8983738,2026-07-08T02:00:00Z,2026-07-08T04:00:00+0200,1696.36,MW,FR,FR,actual_onshore_wind_generation,Wind Onshore,2026-07-17T04:55:04Z
2026-07-17T04:54:16Z,2026-07-17T06:54:16+0200,4e64d4d3-e4bc-4728-8eea-52acf8983738,2026-07-08T02:15:00Z,2026-07-08T04:15:00+0200,1632.35,MW,FR,FR,actual_onshore_wind_generation,Wind Onshore,2026-07-17T04:55:04Z
2026-07-17T04:54:16Z,2026-07-17T06:54:16+0200,4e64d4d3-e4bc-4728-8eea-52acf8983738,2026-07-08T02:30:00Z,2026-07-08T04:30:00+0200,1580.22,MW,FR,FR,actual_onshore_wind_generation,Wind Onshore,2026-07-17T04:55:04Z
2026-07-17T04:54:16Z,2026-07-17T06:54:16+0200,4e64d4d3-e4bc-4728-8eea-52acf8983738,2026-07-08T02:45:00Z,2026-07-08T04:45:00+0200,1524.65,MW,FR,FR,actual_onshore_wind_generation,Wind Onshore,2026-07-17T04:55:04Z
2026-07-17T04:54:16Z,2026-07-17T06:54:16+0200,4e64d4d3-e4bc-4728-8eea-52acf8983738,2026-07-08T03:00:00Z,2026-07-08T05:00:00+0200,1500.36,MW,FR,FR,actual_onshore_wind_generation,Wind Onshore,2026-07-17T04:55:04Z
2026-07-17T04:54:16Z,2026-07-17T06:54:16+0200,4e64d4d3-e4bc-4728-8eea-52acf8983738,2026-07-08T03:15:00Z,2026-07-08T05:15:00+0200,1489.82,MW,FR,FR,actual_onshore_wind_generation,Wind Onshore,2026-07-17T04:55:04Z
2026-07-17T04:54:16Z,2026-07-17T06:54:16+0200,4e64d4d3-e4bc-4728-8eea-52acf8983738,2026-07-08T03:30:00Z,2026-07-08T05:30:00+0200,1437.97,MW,FR,FR,actual_onshore_wind_generation,Wind Onshore,2026-07-17T04:55:04Z
2026-07-17T04:54:16Z,2026-07-17T06:54:16+0200,4e64d4d3-e4bc-4728-8eea-52acf8983738,2026-07-08T03:45:00Z,2026-07-08T05:45:00+0200,1388.3,MW,FR,FR,actual_onshore_wind_generation,Wind Onshore,2026-07-17T04:55:04Z
2026-07-17T04:54:16Z,2026-07-17T06:54:16+0200,4e64d4d3-e4bc-4728-8eea-52acf8983738,2026-07-08T04:00:00Z,2026-07-08T06:00:00+0200,1389.73,MW,FR,FR,actual_onshore_wind_generation,Wind Onshore,2026-07-17T04:55:04Z
2026-07-17T04:54:16Z,2026-07-17T06:54:16+0200,4e64d4d3-e4bc-4728-8eea-52acf8983738,2026-07-08T04:15:00Z,2026-07-08T06:15:00+0200,1427.04,MW,FR,FR,actual_onshore_wind_generation,Wind Onshore,2026-07-17T04:55:04Z
2026-07-17T04:54:16Z,2026-07-17T06:54:16+0200,4e64d4d3-e4bc-4728-8eea-52acf8983738,2026-07-08T04:30:00Z,2026-07-08T06:30:00+0200,1430.39,MW,FR,FR,actual_onshore_wind_generation,Wind Onshore,2026-07-17T04:55:04Z
2026-07-17T04:54:16Z,2026-07-17T06:54:16+0200,4e64d4d3-e4bc-4728-8eea-52acf8983738,2026-07-08T04:45:00Z,2026-07-08T06:45:00+0200,1382.55,MW,FR,FR,actual_onshore_wind_generation,Wind Onshore,2026-07-17T04:55:04Z
2026-07-17T04:54:16Z,2026-07-17T06:54:16+0200,4e64d4d3-e4bc-4728-8eea-52acf8983738,2026-07-08T05:00:00Z,2026-07-08T07:00:00+0200,1337.55,MW,FR,FR,actual_onshore_wind_generation,Wind Onshore,2026-07-17T04:55:04Z
2026-07-17T04:54:16Z,2026-07-17T06:54:16+0200,4e64d4d3-e4bc-4728-8eea-52acf8983738,2026-07-08T05:15:00Z,2026-07-08T07:15:00+0200,1296.49,MW,FR,FR,actual_onshore_wind_generation,Wind Onshore,2026-07-17T04:55:04Z
2026-07-17T04:54:16Z,2026-07-17T06:54:16+0200,4e64d4d3-e4bc-4728-8eea-52acf8983738,2026-07-08T05:30:00Z,2026-07-08T07:30:00+0200,1241.0,MW,FR,FR,actual_onshore_wind_generation,Wind Onshore,2026-07-17T04:55:04Z
2026-07-17T04:54:16Z,2026-07-17T06:54:16+0200,4e64d4d3-e4bc-4728-8eea-52acf8983738,2026-07-08T05:45:00Z,2026-07-08T07:45:00+0200,1193.77,MW,FR,FR,actual_onshore_wind_generation,Wind Onshore,2026-07-17T04:55:04Z
2026-07-17T04:54:16Z,2026-07-17T06:54:16+0200,4e64d4d3-e4bc-4728-8eea-52acf8983738,2026-07-08T06:00:00Z,2026-07-08T08:00:00+0200,1132.01,MW,FR,FR,actual_onshore_wind_generation,Wind Onshore,2026-07-17T04:55:04Z
2026-07-17T04:54:16Z,2026-07-17T06:54:16+0200,4e64d4d3-e4bc-4728-8eea-52acf8983738,2026-07-08T06:15:00Z,2026-07-08T08:15:00+0200,1036.63,MW,FR,FR,actual_onshore_wind_generation,Wind Onshore,2026-07-17T04:55:04Z
2026-07-17T04:54:16Z,2026-07-17T06:54:16+0200,4e64d4d3-e4bc-4728-8eea-52acf8983738,2026-07-08T06:30:00Z,2026-07-08T08:30:00+0200,924.97,MW,FR,FR,actual_onshore_wind_generation,Wind Onshore,2026-07-17T04:55:04Z
2026-07-17T04:54:16Z,2026-07-17T06:54:16+0200,4e64d4d3-e4bc-4728-8eea-52acf8983738,2026-07-08T06:45:00Z,2026-07-08T08:45:00+0200,812.82,MW,FR,FR,actual_onshore_wind_generation,Wind Onshore,2026-07-17T04:55:04Z
2026-07-17T04:54:16Z,2026-07-17T06:54:16+0200,4e64d4d3-e4bc-4728-8eea-52acf8983738,2026-07-08T07:00:00Z,2026-07-08T09:00:00+0200,711.9,MW,FR,FR,actual_onshore_wind_generation,Wind Onshore,2026-07-17T04:55:04Z
2026-07-17T04:54:16Z,2026-07-17T06:54:16+0200,4e64d4d3-e4bc-4728-8eea-52acf8983738,2026-07-08T07:15:00Z,2026-07-08T09:15:00+0200,666.04,MW,FR,FR,actual_onshore_wind_generation,Wind Onshore,2026-07-17T04:55:04Z
2026-07-17T04:54:16Z,2026-07-17T06:54:16+0200,4e64d4d3-e4bc-4728-8eea-52acf8983738,2026-07-08T07:30:00Z,2026-07-08T09:30:00+0200,655.46,MW,FR,FR,actual_onshore_wind_generation,Wind Onshore,2026-07-17T04:55:04Z
2026-07-17T04:54:16Z,2026-07-17T06:54:16+0200,4e64d4d3-e4bc-4728-8eea-52acf8983738,2026-07-08T07:45:00Z,2026-07-08T09:45:00+0200,657.53,MW,FR,FR,actual_onshore_wind_generation,Wind Onshore,2026-07-17T04:55:04Z
2026-07-17T04:54:16Z,2026-07-17T06:54:16+0200,4e64d4d3-e4bc-4728-8eea-52acf8983738,2026-07-08T08:00:00Z,2026-07-08T10:00:00+0200,660.96,MW,FR,FR,actual_onshore_wind_generation,Wind Onshore,2026-07-17T04:55:04Z
2026-07-17T04:54:16Z,2026-07-17T06:54:16+0200,4e64d4d3-e4bc-4728-8eea-52acf8983738,2026-07-08T08:15:00Z,2026-07-08T10:15:00+0200,662.58,MW,FR,FR,actual_onshore_wind_generation,Wind Onshore,2026-07-17T04:55:04Z
2026-07-17T04:54:16Z,2026-07-17T06:54:16+0200,4e64d4d3-e4bc-4728-8eea-52acf8983738,2026-07-08T08:30:00Z,2026-07-08T10:30:00+0200,663.1,MW,FR,FR,actual_onshore_wind_generation,Wind Onshore,2026-07-17T04:55:04Z
2026-07-17T04:54:16Z,2026-07-17T06:54:16+0200,4e64d4d3-e4bc-4728-8eea-52acf8983738,2026-07-08T08:45:00Z,2026-07-08T10:45:00+0200,669.59,MW,FR,FR,actual_onshore_wind_generation,Wind Onshore,2026-07-17T04:55:04Z
2026-07-17T04:54:16Z,2026-07-17T06:54:16+0200,4e64d4d3-e4bc-4728-8eea-52acf8983738,2026-07-08T09:00:00Z,2026-07-08T11:00:00+0200,687.55,MW,FR,FR,actual_onshore_wind_generation,Wind Onshore,2026-07-17T04:55:04Z
2026-07-17T04:54:16Z,2026-07-17T06:54:16+0200,4e64d4d3-e4bc-4728-8eea-52acf8983738,2026-07-08T09:15:00Z,2026-07-08T11:15:00+0200,727.7,MW,FR,FR,actual_onshore_wind_generation,Wind Onshore,2026-07-17T04:55:04Z
2026-07-17T04:54:16Z,2026-07-17T06:54:16+0200,4e64d4d3-e4bc-4728-8eea-52acf8983738,2026-07-08T09:30:00Z,2026-07-08T11:30:00+0200,770.78,MW,FR,FR,actual_onshore_wind_generation,Wind Onshore,2026-07-17T04:55:04Z
2026-07-17T04:54:16Z,2026-07-17T06:54:16+0200,4e64d4d3-e4bc-4728-8eea-52acf8983738,2026-07-08T09:45:00Z,2026-07-08T11:45:00+0200,782.44,MW,FR,FR,actual_onshore_wind_generation,Wind Onshore,2026-07-17T04:55:04Z
2026-07-17T04:54:16Z,2026-07-17T06:54:16+0200,4e64d4d3-e4bc-4728-8eea-52acf8983738,2026-07-08T10:00:00Z,2026-07-08T12:00:00+0200,820.15,MW,FR,FR,actual_onshore_wind_generation,Wind Onshore,2026-07-17T04:55:04Z
2026-07-17T04:54:16Z,2026-07-17T06:54:16+0200,4e64d4d3-e4bc-4728-8eea-52acf8983738,2026-07-08T10:15:00Z,2026-07-08T12:15:00+0200,894.24,MW,FR,FR,actual_onshore_wind_generation,Wind Onshore,2026-07-17T04:55:04Z
2026-07-17T04:54:16Z,2026-07-17T06:54:16+0200,4e64d4d3-e4bc-4728-8eea-52acf8983738,2026-07-08T10:30:00Z,2026-07-08T12:30:00+0200,978.1,MW,FR,FR,actual_onshore_wind_generation,Wind Onshore,2026-07-17T04:55:04Z
2026-07-17T04:54:16Z,2026-07-17T06:54:16+0200,4e64d4d3-e4bc-4728-8eea-52acf8983738,2026-07-08T10:45:00Z,2026-07-08T12:45:00+0200,1065.19,MW,FR,FR,actual_onshore_wind_generation,Wind Onshore,2026-07-17T04:55:04Z
2026-07-17T04:54:16Z,2026-07-17T06:54:16+0200,4e64d4d3-e4bc-4728-8eea-52acf8983738,2026-07-08T11:00:00Z,2026-07-08T13:00:00+0200,1175.17,MW,FR,FR,actual_onshore_wind_generation,Wind Onshore,2026-07-17T04:55:04Z
2026-07-17T04:54:16Z,2026-07-17T06:54:16+0200,4e64d4d3-e4bc-4728-8eea-52acf8983738,2026-07-08T11:15:00Z,2026-07-08T13:15:00+0200,1265.46,MW,FR,FR,actual_onshore_wind_generation,Wind Onshore,2026-07-17T04:55:04Z
2026-07-17T04:54:16Z,2026-07-17T06:54:16+0200,4e64d4d3-e4bc-4728-8eea-52acf8983738,2026-07-08T11:30:00Z,2026-07-08T13:30:00+0200,1415.75,MW,FR,FR,actual_onshore_wind_generation,Wind Onshore,2026-07-17T04:55:04Z
2026-07-17T04:54:16Z,2026-07-17T06:54:16+0200,4e64d4d3-e4bc-4728-8eea-52acf8983738,2026-07-08T11:45:00Z,2026-07-08T13:45:00+0200,1485.75,MW,FR,FR,actual_onshore_wind_generation,Wind Onshore,2026-07-17T04:55:04Z
2026-07-17T04:54:16Z,2026-07-17T06:54:16+0200,4e64d4d3-e4bc-4728-8eea-52acf8983738,2026-07-08T12:00:00Z,2026-07-08T14:00:00+0200,1568.89,MW,FR,FR,actual_onshore_wind_generation,Wind Onshore,2026-07-17T04:55:04Z
2026-07-17T04:54:16Z,2026-07-17T06:54:16+0200,4e64d4d3-e4bc-4728-8eea-52acf8983738,2026-07-08T12:15:00Z,2026-07-08T14:15:00+0200,1652.44,MW,FR,FR,actual_onshore_wind_generation,Wind Onshore,2026-07-17T04:55:04Z
2026-07-17T04:54:16Z,2026-07-17T06:54:16+0200,4e64d4d3-e4bc-4728-8eea-52acf8983738,2026-07-08T12:30:00Z,2026-07-08T14:30:00+0200,1750.04,MW,FR,FR,actual_onshore_wind_generation,Wind Onshore,2026-07-17T04:55:04Z
2026-07-17T04:54:16Z,2026-07-17T06:54:16+0200,4e64d4d3-e4bc-4728-8eea-52acf8983738,2026-07-08T12:45:00Z,2026-07-08T14:45:00+0200,1794.83,MW,FR,FR,actual_onshore_wind_generation,Wind Onshore,2026-07-17T04:55:04Z
2026-07-17T04:54:16Z,2026-07-17T06:54:16+0200,4e64d4d3-e4bc-4728-8eea-52acf8983738,2026-07-08T13:00:00Z,2026-07-08T15:00:00+0200,1909.4,MW,FR,FR,actual_onshore_wind_generation,Wind Onshore,2026-07-17T04:55:04Z
2026-07-17T04:54:16Z,2026-07-17T06:54:16+0200,4e64d4d3-e4bc-4728-8eea-52acf8983738,2026-07-08T13:15:00Z,2026-07-08T15:15:00+0200,1998.5,MW,FR,FR,actual_onshore_wind_generation,Wind Onshore,2026-07-17T04:55:04Z
2026-07-17T04:54:16Z,2026-07-17T06:54:16+0200,4e64d4d3-e4bc-4728-8eea-52acf8983738,2026-07-08T13:30:00Z,2026-07-08T15:30:00+0200,2032.29,MW,FR,FR,actual_onshore_wind_generation,Wind Onshore,2026-07-17T04:55:04Z
2026-07-17T04:54:16Z,2026-07-17T06:54:16+0200,4e64d4d3-e4bc-4728-8eea-52acf8983738,2026-07-08T13:45:00Z,2026-07-08T15:45:00+0200,2059.2,MW,FR,FR,actual_onshore_wind_generation,Wind Onshore,2026-07-17T04:55:04Z
2026-07-17T04:54:16Z,2026-07-17T06:54:16+0200,4e64d4d3-e4bc-4728-8eea-52acf8983738,2026-07-08T14:00:00Z,2026-07-08T16:00:00+0200,2141.31,MW,FR,FR,actual_onshore_wind_generation,Wind Onshore,2026-07-17T04:55:04Z
2026-07-17T04:54:16Z,2026-07-17T06:54:16+0200,4e64d4d3-e4bc-4728-8eea-52acf8983738,2026-07-08T14:15:00Z,2026-07-08T16:15:00+0200,2166.23,MW,FR,FR,actual_onshore_wind_generation,Wind Onshore,2026-07-17T04:55:04Z
2026-07-17T04:54:16Z,2026-07-17T06:54:16+0200,4e64d4d3-e4bc-4728-8eea-52acf8983738,2026-07-08T14:30:00Z,2026-07-08T16:30:00+0200,2248.62,MW,FR,FR,actual_onshore_wind_generation,Wind Onshore,2026-07-17T04:55:04Z
2026-07-17T04:54:16Z,2026-07-17T06:54:16+0200,4e64d4d3-e4bc-4728-8eea-52acf8983738,2026-07-08T14:45:00Z,2026-07-08T16:45:00+0200,2229.23,MW,FR,FR,actual_onshore_wind_generation,Wind Onshore,2026-07-17T04:55:04Z
2026-07-17T04:54:16Z,2026-07-17T06:54:16+0200,4e64d4d3-e4bc-4728-8eea-52acf8983738,2026-07-08T15:00:00Z,2026-07-08T17:00:00+0200,2312.11,MW,FR,FR,actual_onshore_wind_generation,Wind Onshore,2026-07-17T04:55:04Z
2026-07-17T04:54:16Z,2026-07-17T06:54:16+0200,4e64d4d3-e4bc-4728-8eea-52acf8983738,2026-07-08T15:15:00Z,2026-07-08T17:15:00+0200,2329.86,MW,FR,FR,actual_onshore_wind_generation,Wind Onshore,2026-07-17T04:55:04Z
2026-07-17T04:54:16Z,2026-07-17T06:54:16+0200,4e64d4d3-e4bc-4728-8eea-52acf8983738,2026-07-08T15:30:00Z,2026-07-08T17:30:00+0200,2367.5,MW,FR,FR,actual_onshore_wind_generation,Wind Onshore,2026-07-17T04:55:04Z
2026-07-17T04:54:16Z,2026-07-17T06:54:16+0200,4e64d4d3-e4bc-4728-8eea-52acf8983738,2026-07-08T15:45:00Z,2026-07-08T17:45:00+0200,2378.09,MW,FR,FR,actual_onshore_wind_generation,Wind Onshore,2026-07-17T04:55:04Z
2026-07-17T04:54:16Z,2026-07-17T06:54:16+0200,4e64d4d3-e4bc-4728-8eea-52acf8983738,2026-07-08T16:00:00Z,2026-07-08T18:00:00+0200,2418.53,MW,FR,FR,actual_onshore_wind_generation,Wind Onshore,2026-07-17T04:55:04Z
2026-07-17T04:54:16Z,2026-07-17T06:54:16+0200,4e64d4d3-e4bc-4728-8eea-52acf8983738,2026-07-08T16:15:00Z,2026-07-08T18:15:00+0200,2443.4,MW,FR,FR,actual_onshore_wind_generation,Wind Onshore,2026-07-17T04:55:04Z
2026-07-17T04:54:16Z,2026-07-17T06:54:16+0200,4e64d4d3-e4bc-4728-8eea-52acf8983738,2026-07-08T16:30:00Z,2026-07-08T18:30:00+0200,2473.98,MW,FR,FR,actual_onshore_wind_generation,Wind Onshore,2026-07-17T04:55:04Z
2026-07-17T04:54:16Z,2026-07-17T06:54:16+0200,4e64d4d3-e4bc-4728-8eea-52acf8983738,2026-07-08T16:45:00Z,2026-07-08T18:45:00+0200,2511.34,MW,FR,FR,actual_onshore_wind_generation,Wind Onshore,2026-07-17T04:55:04Z
2026-07-17T04:54:16Z,2026-07-17T06:54:16+0200,4e64d4d3-e4bc-4728-8eea-52acf8983738,2026-07-08T17:00:00Z,2026-07-08T19:00:00+0200,2533.68,MW,FR,FR,actual_onshore_wind_generation,Wind Onshore,2026-07-17T04:55:04Z
2026-07-17T04:54:16Z,2026-07-17T06:54:16+0200,4e64d4d3-e4bc-4728-8eea-52acf8983738,2026-07-08T17:15:00Z,2026-07-08T19:15:00+0200,2636.61,MW,FR,FR,actual_onshore_wind_generation,Wind Onshore,2026-07-17T04:55:04Z
2026-07-17T04:54:16Z,2026-07-17T06:54:16+0200,4e64d4d3-e4bc-4728-8eea-52acf8983738,2026-07-08T17:30:00Z,2026-07-08T19:30:00+0200,2708.36,MW,FR,FR,actual_onshore_wind_generation,Wind Onshore,2026-07-17T04:55:04Z
2026-07-17T04:54:16Z,2026-07-17T06:54:16+0200,4e64d4d3-e4bc-4728-8eea-52acf8983738,2026-07-08T17:45:00Z,2026-07-08T19:45:00+0200,2777.9,MW,FR,FR,actual_onshore_wind_generation,Wind Onshore,2026-07-17T04:55:04Z
2026-07-17T04:54:16Z,2026-07-17T06:54:16+0200,4e64d4d3-e4bc-4728-8eea-52acf8983738,2026-07-08T18:00:00Z,2026-07-08T20:00:00+0200,2864.92,MW,FR,FR,actual_onshore_wind_generation,Wind Onshore,2026-07-17T04:55:04Z
2026-07-17T04:54:16Z,2026-07-17T06:54:16+0200,4e64d4d3-e4bc-4728-8eea-52acf8983738,2026-07-08T18:15:00Z,2026-07-08T20:15:00+0200,2868.89,MW,FR,FR,actual_onshore_wind_generation,Wind Onshore,2026-07-17T04:55:04Z
2026-07-17T04:54:16Z,2026-07-17T06:54:16+0200,4e64d4d3-e4bc-4728-8eea-52acf8983738,2026-07-08T18:30:00Z,2026-07-08T20:30:00+0200,2907.75,MW,FR,FR,actual_onshore_wind_generation,Wind Onshore,2026-07-17T04:55:04Z
2026-07-17T04:54:16Z,2026-07-17T06:54:16+0200,4e64d4d3-e4bc-4728-8eea-52acf8983738,2026-07-08T18:45:00Z,2026-07-08T20:45:00+0200,2919.79,MW,FR,FR,actual_onshore_wind_generation,Wind Onshore,2026-07-17T04:55:04Z
2026-07-17T04:54:16Z,2026-07-17T06:54:16+0200,4e64d4d3-e4bc-4728-8eea-52acf8983738,2026-07-08T19:00:00Z,2026-07-08T21:00:00+0200,2911.98,MW,FR,FR,actual_onshore_wind_generation,Wind Onshore,2026-07-17T04:55:04Z
2026-07-17T04:54:16Z,2026-07-17T06:54:16+0200,4e64d4d3-e4bc-4728-8eea-52acf8983738,2026-07-08T19:15:00Z,2026-07-08T21:15:00+0200,3030.15,MW,FR,FR,actual_onshore_wind_generation,Wind Onshore,2026-07-17T04:55:04Z
2026-07-17T04:54:16Z,2026-07-17T06:54:16+0200,4e64d4d3-e4bc-4728-8eea-52acf8983738,2026-07-08T19:30:00Z,2026-07-08T21:30:00+0200,3244.32,MW,FR,FR,actual_onshore_wind_generation,Wind Onshore,2026-07-17T04:55:04Z
2026-07-17T04:54:16Z,2026-07-17T06:54:16+0200,4e64d4d3-e4bc-4728-8eea-52acf8983738,2026-07-08T19:45:00Z,2026-07-08T21:45:00+0200,3425.93,MW,FR,FR,actual_onshore_wind_generation,Wind Onshore,2026-07-17T04:55:04Z
2026-07-17T04:54:16Z,2026-07-17T06:54:16+0200,4e64d4d3-e4bc-4728-8eea-52acf8983738,2026-07-08T20:00:00Z,2026-07-08T22:00:00+0200,3602.17,MW,FR,FR,actual_onshore_wind_generation,Wind Onshore,2026-07-17T04:55:04Z
2026-07-17T04:54:16Z,2026-07-17T06:54:16+0200,4e64d4d3-e4bc-4728-8eea-52acf8983738,2026-07-08T20:15:00Z,2026-07-08T22:15:00+0200,3850.32,MW,FR,FR,actual_onshore_wind_generation,Wind Onshore,2026-07-17T04:55:04Z
2026-07-17T04:54:16Z,2026-07-17T06:54:16+0200,4e64d4d3-e4bc-4728-8eea-52acf8983738,2026-07-08T20:30:00Z,2026-07-08T22:30:00+0200,4062.05,MW,FR,FR,actual_onshore_wind_generation,Wind Onshore,2026-07-17T04:55:04Z
2026-07-17T04:54:16Z,2026-07-17T06:54:16+0200,4e64d4d3-e4bc-4728-8eea-52acf8983738,2026-07-08T20:45:00Z,2026-07-08T22:45:00+0200,4279.98,MW,FR,FR,actual_onshore_wind_generation,Wind Onshore,2026-07-17T04:55:04Z
2026-07-17T04:54:16Z,2026-07-17T06:54:16+0200,4e64d4d3-e4bc-4728-8eea-52acf8983738,2026-07-08T21:00:00Z,2026-07-08T23:00:00+0200,4456.32,MW,FR,FR,actual_onshore_wind_generation,Wind Onshore,2026-07-17T04:55:04Z
2026-07-17T04:54:16Z,2026-07-17T06:54:16+0200,4e64d4d3-e4bc-4728-8eea-52acf8983738,2026-07-08T21:15:00Z,2026-07-08T23:15:00+0200,4531.62,MW,FR,FR,actual_onshore_wind_generation,Wind Onshore,2026-07-17T04:55:04Z
2026-07-17T04:54:16Z,2026-07-17T06:54:16+0200,4e64d4d3-e4bc-4728-8eea-52acf8983738,2026-07-08T21:30:00Z,2026-07-08T23:30:00+0200,4550.73,MW,FR,FR,actual_onshore_wind_generation,Wind Onshore,2026-07-17T04:55:04Z
2026-07-17T04:54:16Z,2026-07-17T06:54:16+0200,4e64d4d3-e4bc-4728-8eea-52acf8983738,2026-07-08T21:45:00Z,2026-07-08T23:45:00+0200,4502.76,MW,FR,FR,actual_onshore_wind_generation,Wind Onshore,2026-07-17T04:55:04Z
2026-07-17T04:54:16Z,2026-07-17T06:54:16+0200,4e64d4d3-e4bc-4728-8eea-52acf8983738,2026-07-08T22:00:00Z,2026-07-09T00:00:00+0200,4475.57,MW,FR,FR,actual_onshore_wind_generation,Wind Onshore,2026-07-17T04:55:04Z
2026-07-17T04:54:16Z,2026-07-17T06:54:16+0200,4e64d4d3-e4bc-4728-8eea-52acf8983738,2026-07-08T22:15:00Z,2026-07-09T00:15:00+0200,4372.05,MW,FR,FR,actual_onshore_wind_generation,Wind Onshore,2026-07-17T04:55:04Z
2026-07-17T04:54:16Z,2026-07-17T06:54:16+0200,4e64d4d3-e4bc-4728-8eea-52acf8983738,2026-07-08T22:30:00Z,2026-07-09T00:30:00+0200,4282.59,MW,FR,FR,actual_onshore_wind_generation,Wind Onshore,2026-07-17T04:55:04Z
2026-07-17T04:54:16Z,2026-07-17T06:54:16+0200,4e64d4d3-e4bc-4728-8eea-52acf8983738,2026-07-08T22:45:00Z,2026-07-09T00:45:00+0200,4233.69,MW,FR,FR,actual_onshore_wind_generation,Wind Onshore,2026-07-17T04:55:04Z
2026-07-17T04:54:16Z,2026-07-17T06:54:16+0200,4e64d4d3-e4bc-4728-8eea-52acf8983738,2026-07-08T23:00:00Z,2026-07-09T01:00:00+0200,4143.69,MW,FR,FR,actual_onshore_wind_generation,Wind Onshore,2026-07-17T04:55:04Z
2026-07-17T04:54:16Z,2026-07-17T06:54:16+0200,4e64d4d3-e4bc-4728-8eea-52acf8983738,2026-07-08T23:15:00Z,2026-07-09T01:15:00+0200,3998.35,MW,FR,FR,actual_onshore_wind_generation,Wind Onshore,2026-07-17T04:55:04Z
2026-07-17T04:54:16Z,2026-07-17T06:54:16+0200,4e64d4d3-e4bc-4728-8eea-52acf8983738,2026-07-08T23:30:00Z,2026-07-09T01:30:00+0200,3829.97,MW,FR,FR,actual_onshore_wind_generation,Wind Onshore,2026-07-17T04:55:04Z
2026-07-17T04:54:16Z,2026-07-17T06:54:16+0200,4e64d4d3-e4bc-4728-8eea-52acf8983738,2026-07-08T23:45:00Z,2026-07-09T01:45:00+0200,3669.23,MW,FR,FR,actual_onshore_wind_generation,Wind Onshore,2026-07-17T04:55:04Z
2026-07-17T04:54:16Z,2026-07-17T06:54:16+0200,4e64d4d3-e4bc-4728-8eea-52acf8983738,2026-07-09T00:00:00Z,2026-07-09T02:00:00+0200,3463.51,MW,FR,FR,actual_onshore_wind_generation,Wind Onshore,2026-07-17T04:55:04Z
2026-07-17T04:54:16Z,2026-07-17T06:54:16+0200,4e64d4d3-e4bc-4728-8eea-52acf8983738,2026-07-09T00:15:00Z,2026-07-09T02:15:00+0200,3358.43,MW,FR,FR,actual_onshore_wind_generation,Wind Onshore,2026-07-17T04:55:04Z
2026-07-17T04:54:16Z,2026-07-17T06:54:16+0200,4e64d4d3-e4bc-4728-8eea-52acf8983738,2026-07-09T00:30:00Z,2026-07-09T02:30:00+0200,3260.51,MW,FR,FR,actual_onshore_wind_generation,Wind Onshore,2026-07-17T04:55:04Z
2026-07-17T04:54:16Z,2026-07-17T06:54:16+0200,4e64d4d3-e4bc-4728-8eea-52acf8983738,2026-07-09T00:45:00Z,2026-07-09T02:45:00+0200,3150.81,MW,FR,FR,actual_onshore_wind_generation,Wind Onshore,2026-07-17T04:55:04Z
2026-07-17T04:54:16Z,2026-07-17T06:54:16+0200,4e64d4d3-e4bc-4728-8eea-52acf8983738,2026-07-09T01:00:00Z,2026-07-09T03:00:00+0200,3080.6,MW,FR,FR,actual_onshore_wind_generation,Wind Onshore,2026-07-17T04:55:04Z
2026-07-17T04:54:16Z,2026-07-17T06:54:16+0200,4e64d4d3-e4bc-4728-8eea-52acf8983738,2026-07-09T01:15:00Z,2026-07-09T03:15:00+0200,2990.69,MW,FR,FR,actual_onshore_wind_generation,Wind Onshore,2026-07-17T04:55:04Z
2026-07-17T04:54:16Z,2026-07-17T06:54:16+0200,4e64d4d3-e4bc-4728-8eea-52acf8983738,2026-07-09T01:30:00Z,2026-07-09T03:30:00+0200,2866.86,MW,FR,FR,actual_onshore_wind_generation,Wind Onshore,2026-07-17T04:55:04Z
2026-07-17T04:54:16Z,2026-07-17T06:54:16+0200,4e64d4d3-e4bc-4728-8eea-52acf8983738,2026-07-09T01:45:00Z,2026-07-09T03:45:00+0200,2806.99,MW,FR,FR,actual_onshore_wind_generation,Wind Onshore,2026-07-17T04:55:04Z
2026-07-17T04:54:16Z,2026-07-17T06:54:16+0200,4e64d4d3-e4bc-4728-8eea-52acf8983738,2026-07-09T02:00:00Z,2026-07-09T04:00:00+0200,2741.69,MW,FR,FR,actual_onshore_wind_generation,Wind Onshore,2026-07-17T04:55:04Z
2026-07-17T04:54:16Z,2026-07-17T06:54:16+0200,4e64d4d3-e4bc-4728-8eea-52acf8983738,2026-07-09T02:15:00Z,2026-07-09T04:15:00+0200,2651.16,MW,FR,FR,actual_onshore_wind_generation,Wind Onshore,2026-07-17T04:55:04Z
2026-07-17T04:54:16Z,2026-07-17T06:54:16+0200,4e64d4d3-e4bc-4728-8eea-52acf8983738,2026-07-09T02:30:00Z,2026-07-09T04:30:00+0200,2572.27,MW,FR,FR,actual_onshore_wind_generation,Wind Onshore,2026-07-17T04:55:04Z
2026-07-17T04:54:16Z,2026-07-17T06:54:16+0200,4e64d4d3-e4bc-4728-8eea-52acf8983738,2026-07-09T02:45:00Z,2026-07-09T04:45:00+0200,2526.61,MW,FR,FR,actual_onshore_wind_generation,Wind Onshore,2026-07-17T04:55:04Z
2026-07-17T04:54:16Z,2026-07-17T06:54:16+0200,4e64d4d3-e4bc-4728-8eea-52acf8983738,2026-07-09T03:00:00Z,2026-07-09T05:00:00+0200,2459.28,MW,FR,FR,actual_onshore_wind_generation,Wind Onshore,2026-07-17T04:55:04Z
2026-07-17T04:54:16Z,2026-07-17T06:54:16+0200,4e64d4d3-e4bc-4728-8eea-52acf8983738,2026-07-09T03:15:00Z,2026-07-09T05:15:00+0200,2389.87,MW,FR,FR,actual_onshore_wind_generation,Wind Onshore,2026-07-17T04:55:04Z
2026-07-17T04:54:16Z,2026-07-17T06:54:16+0200,4e64d4d3-e4bc-4728-8eea-52acf8983738,2026-07-09T03:30:00Z,2026-07-09T05:30:00+0200,2348.07,MW,FR,FR,actual_onshore_wind_generation,Wind Onshore,2026-07-17T04:55:04Z
2026-07-17T04:54:16Z,2026-07-17T06:54:16+0200,4e64d4d3-e4bc-4728-8eea-52acf8983738,2026-07-09T03:45:00Z,2026-07-09T05:45:00+0200,2351.94,MW,FR,FR,actual_onshore_wind_generation,Wind Onshore,2026-07-17T04:55:04Z
2026-07-17T04:54:16Z,2026-07-17T06:54:16+0200,4e64d4d3-e4bc-4728-8eea-52acf8983738,2026-07-09T04:00:00Z,2026-07-09T06:00:00+0200,2350.95,MW,FR,FR,actual_onshore_wind_generation,Wind Onshore,2026-07-17T04:55:04Z
2026-07-17T04:54:16Z,2026-07-17T06:54:16+0200,4e64d4d3-e4bc-4728-8eea-52acf8983738,2026-07-09T04:15:00Z,2026-07-09T06:15:00+0200,2350.81,MW,FR,FR,actual_onshore_wind_generation,Wind Onshore,2026-07-17T04:55:04Z
2026-07-17T04:54:16Z,2026-07-17T06:54:16+0200,4e64d4d3-e4bc-4728-8eea-52acf8983738,2026-07-09T04:30:00Z,2026-07-09T06:30:00+0200,2347.78,MW,FR,FR,actual_onshore_wind_generation,Wind Onshore,2026-07-17T04:55:04Z
2026-07-17T04:54:16Z,2026-07-17T06:54:16+0200,4e64d4d3-e4bc-4728-8eea-52acf8983738,2026-07-09T04:45:00Z,2026-07-09T06:45:00+0200,2306.64,MW,FR,FR,actual_onshore_wind_generation,Wind Onshore,2026-07-17T04:55:04Z
2026-07-17T04:54:16Z,2026-07-17T06:54:16+0200,4e64d4d3-e4bc-4728-8eea-52acf8983738,2026-07-09T05:00:00Z,2026-07-09T07:00:00+0200,2282.93,MW,FR,FR,actual_onshore_wind_generation,Wind Onshore,2026-07-17T04:55:04Z
2026-07-17T04:54:16Z,2026-07-17T06:54:16+0200,4e64d4d3-e4bc-4728-8eea-52acf8983738,2026-07-09T05:15:00Z,2026-07-09T07:15:00+0200,2163.81,MW,FR,FR,actual_onshore_wind_generation,Wind Onshore,2026-07-17T04:55:04Z
2026-07-17T04:54:16Z,2026-07-17T06:54:16+0200,4e64d4d3-e4bc-4728-8eea-52acf8983738,2026-07-09T05:30:00Z,2026-07-09T07:30:00+0200,2018.14,MW,FR,FR,actual_onshore_wind_generation,Wind Onshore,2026-07-17T04:55:04Z
2026-07-17T04:54:16Z,2026-07-17T06:54:16+0200,4e64d4d3-e4bc-4728-8eea-52acf8983738,2026-07-09T05:45:00Z,2026-07-09T07:45:00+0200,1860.87,MW,FR,FR,actual_onshore_wind_generation,Wind Onshore,2026-07-17T04:55:04Z
2026-07-17T04:54:16Z,2026-07-17T06:54:16+0200,4e64d4d3-e4bc-4728-8eea-52acf8983738,2026-07-09T06:00:00Z,2026-07-09T08:00:00+0200,1670.8,MW,FR,FR,actual_onshore_wind_generation,Wind Onshore,2026-07-17T04:55:04Z
2026-07-17T04:54:16Z,2026-07-17T06:54:16+0200,4e64d4d3-e4bc-4728-8eea-52acf8983738,2026-07-09T06:15:00Z,2026-07-09T08:15:00+0200,1510.83,MW,FR,FR,actual_onshore_wind_generation,Wind Onshore,2026-07-17T04:55:04Z
2026-07-17T04:54:16Z,2026-07-17T06:54:16+0200,4e64d4d3-e4bc-4728-8eea-52acf8983738,2026-07-09T06:30:00Z,2026-07-09T08:30:00+0200,1381.43,MW,FR,FR,actual_onshore_wind_generation,Wind Onshore,2026-07-17T04:55:04Z
2026-07-17T04:54:16Z,2026-07-17T06:54:16+0200,4e64d4d3-e4bc-4728-8eea-52acf8983738,2026-07-09T06:45:00Z,2026-07-09T08:45:00+0200,1258.21,MW,FR,FR,actual_onshore_wind_generation,Wind Onshore,2026-07-17T04:55:04Z
2026-07-17T04:54:16Z,2026-07-17T06:54:16+0200,4e64d4d3-e4bc-4728-8eea-52acf8983738,2026-07-09T07:00:00Z,2026-07-09T09:00:00+0200,1161.1,MW,FR,FR,actual_onshore_wind_generation,Wind Onshore,2026-07-17T04:55:04Z
2026-07-17T04:54:16Z,2026-07-17T06:54:16+0200,4e64d4d3-e4bc-4728-8eea-52acf8983738,2026-07-09T07:15:00Z,2026-07-09T09:15:00+0200,1114.82,MW,FR,FR,actual_onshore_wind_generation,Wind Onshore,2026-07-17T04:55:04Z
2026-07-17T04:54:16Z,2026-07-17T06:54:16+0200,4e64d4d3-e4bc-4728-8eea-52acf8983738,2026-07-09T07:30:00Z,2026-07-09T09:30:00+0200,1095.87,MW,FR,FR,actual_onshore_wind_generation,Wind Onshore,2026-07-17T04:55:04Z
2026-07-17T04:54:16Z,2026-07-17T06:54:16+0200,4e64d4d3-e4bc-4728-8eea-52acf8983738,2026-07-09T07:45:00Z,2026-07-09T09:45:00+0200,1083.08,MW,FR,FR,actual_onshore_wind_generation,Wind Onshore,2026-07-17T04:55:04Z
2026-07-17T04:54:16Z,2026-07-17T06:54:16+0200,4e64d4d3-e4bc-4728-8eea-52acf8983738,2026-07-09T08:00:00Z,2026-07-09T10:00:00+0200,1109.75,MW,FR,FR,actual_onshore_wind_generation,Wind Onshore,2026-07-17T04:55:04Z
2026-07-17T04:54:16Z,2026-07-17T06:54:16+0200,4e64d4d3-e4bc-4728-8eea-52acf8983738,2026-07-09T08:15:00Z,2026-07-09T10:15:00+0200,1105.58,MW,FR,FR,actual_onshore_wind_generation,Wind Onshore,2026-07-17T04:55:04Z
2026-07-17T04:54:16Z,2026-07-17T06:54:16+0200,4e64d4d3-e4bc-4728-8eea-52acf8983738,2026-07-09T08:30:00Z,2026-07-09T10:30:00+0200,1117.08,MW,FR,FR,actual_onshore_wind_generation,Wind Onshore,2026-07-17T04:55:04Z
2026-07-17T04:54:16Z,2026-07-17T06:54:16+0200,4e64d4d3-e4bc-4728-8eea-52acf8983738,2026-07-09T08:45:00Z,2026-07-09T10:45:00+0200,1163.6,MW,FR,FR,actual_onshore_wind_generation,Wind Onshore,2026-07-17T04:55:04Z
2026-07-17T04:54:16Z,2026-07-17T06:54:16+0200,4e64d4d3-e4bc-4728-8eea-52acf8983738,2026-07-09T09:00:00Z,2026-07-09T11:00:00+0200,1244.63,MW,FR,FR,actual_onshore_wind_generation,Wind Onshore,2026-07-17T04:55:04Z
2026-07-17T04:54:16Z,2026-07-17T06:54:16+0200,4e64d4d3-e4bc-4728-8eea-52acf8983738,2026-07-09T09:15:00Z,2026-07-09T11:15:00+0200,1367.94,MW,FR,FR,actual_onshore_wind_generation,Wind Onshore,2026-07-17T04:55:04Z
2026-07-17T04:54:16Z,2026-07-17T06:54:16+0200,4e64d4d3-e4bc-4728-8eea-52acf8983738,2026-07-09T09:30:00Z,2026-07-09T11:30:00+0200,1411.97,MW,FR,FR,actual_onshore_wind_generation,Wind Onshore,2026-07-17T04:55:04Z
2026-07-17T04:54:16Z,2026-07-17T06:54:16+0200,4e64d4d3-e4bc-4728-8eea-52acf8983738,2026-07-09T09:45:00Z,2026-07-09T11:45:00+0200,1545.82,MW,FR,FR,actual_onshore_wind_generation,Wind Onshore,2026-07-17T04:55:04Z
2026-07-17T04:54:16Z,2026-07-17T06:54:16+0200,4e64d4d3-e4bc-4728-8eea-52acf8983738,2026-07-09T10:00:00Z,2026-07-09T12:00:00+0200,1685.31,MW,FR,FR,actual_onshore_wind_generation,Wind Onshore,2026-07-17T04:55:04Z
2026-07-17T04:54:16Z,2026-07-17T06:54:16+0200,4e64d4d3-e4bc-4728-8eea-52acf8983738,2026-07-09T10:15:00Z,2026-07-09T12:15:00+0200,1810.6,MW,FR,FR,actual_onshore_wind_generation,Wind Onshore,2026-07-17T04:55:04Z
2026-07-17T04:54:16Z,2026-07-17T06:54:16+0200,4e64d4d3-e4bc-4728-8eea-52acf8983738,2026-07-09T10:30:00Z,2026-07-09T12:30:00+0200,1913.85,MW,FR,FR,actual_onshore_wind_generation,Wind Onshore,2026-07-17T04:55:04Z
2026-07-17T04:54:16Z,2026-07-17T06:54:16+0200,4e64d4d3-e4bc-4728-8eea-52acf8983738,2026-07-09T10:45:00Z,2026-07-09T12:45:00+0200,1985.06,MW,FR,FR,actual_onshore_wind_generation,Wind Onshore,2026-07-17T04:55:04Z
2026-07-17T04:54:16Z,2026-07-17T06:54:16+0200,4e64d4d3-e4bc-4728-8eea-52acf8983738,2026-07-09T11:00:00Z,2026-07-09T13:00:00+0200,2035.56,MW,FR,FR,actual_onshore_wind_generation,Wind Onshore,2026-07-17T04:55:04Z
2026-07-17T04:54:16Z,2026-07-17T06:54:16+0200,4e64d4d3-e4bc-4728-8eea-52acf8983738,2026-07-09T11:15:00Z,2026-07-09T13:15:00+0200,2028.51,MW,FR,FR,actual_onshore_wind_generation,Wind Onshore,2026-07-17T04:55:04Z
2026-07-17T04:54:16Z,2026-07-17T06:54:16+0200,4e64d4d3-e4bc-4728-8eea-52acf8983738,2026-07-09T11:30:00Z,2026-07-09T13:30:00+0200,2030.06,MW,FR,FR,actual_onshore_wind_generation,Wind Onshore,2026-07-17T04:55:04Z
2026-07-17T04:54:16Z,2026-07-17T06:54:16+0200,4e64d4d3-e4bc-4728-8eea-52acf8983738,2026-07-09T11:45:00Z,2026-07-09T13:45:00+0200,2061.27,MW,FR,FR,actual_onshore_wind_generation,Wind Onshore,2026-07-17T04:55:04Z
2026-07-17T04:54:16Z,2026-07-17T06:54:16+0200,4e64d4d3-e4bc-4728-8eea-52acf8983738,2026-07-09T12:00:00Z,2026-07-09T14:00:00+0200,2085.75,MW,FR,FR,actual_onshore_wind_generation,Wind Onshore,2026-07-17T04:55:04Z
2026-07-17T04:54:16Z,2026-07-17T06:54:16+0200,4e64d4d3-e4bc-4728-8eea-52acf8983738,2026-07-09T12:15:00Z,2026-07-09T14:15:00+0200,2148.65,MW,FR,FR,actual_onshore_wind_generation,Wind Onshore,2026-07-17T04:55:04Z
2026-07-17T04:54:16Z,2026-07-17T06:54:16+0200,4e64d4d3-e4bc-4728-8eea-52acf8983738,2026-07-09T12:30:00Z,2026-07-09T14:30:00+0200,2165.12,MW,FR,FR,actual_onshore_wind_generation,Wind Onshore,2026-07-17T04:55:04Z
2026-07-17T04:54:16Z,2026-07-17T06:54:16+0200,4e64d4d3-e4bc-4728-8eea-52acf8983738,2026-07-09T12:45:00Z,2026-07-09T14:45:00+0200,2177.19,MW,FR,FR,actual_onshore_wind_generation,Wind Onshore,2026-07-17T04:55:04Z
2026-07-17T04:54:16Z,2026-07-17T06:54:16+0200,4e64d4d3-e4bc-4728-8eea-52acf8983738,2026-07-09T13:00:00Z,2026-07-09T15:00:00+0200,2237.38,MW,FR,FR,actual_onshore_wind_generation,Wind Onshore,2026-07-17T04:55:04Z
2026-07-17T04:54:16Z,2026-07-17T06:54:16+0200,4e64d4d3-e4bc-4728-8eea-52acf8983738,2026-07-09T13:15:00Z,2026-07-09T15:15:00+0200,2291.64,MW,FR,FR,actual_onshore_wind_generation,Wind Onshore,2026-07-17T04:55:04Z
2026-07-17T04:54:16Z,2026-07-17T06:54:16+0200,4e64d4d3-e4bc-4728-8eea-52acf8983738,2026-07-09T13:30:00Z,2026-07-09T15:30:00+0200,2339.74,MW,FR,FR,actual_onshore_wind_generation,Wind Onshore,2026-07-17T04:55:04Z
2026-07-17T04:54:16Z,2026-07-17T06:54:16+0200,4e64d4d3-e4bc-4728-8eea-52acf8983738,2026-07-09T13:45:00Z,2026-07-09T15:45:00+0200,2416.15,MW,FR,FR,actual_onshore_wind_generation,Wind Onshore,2026-07-17T04:55:04Z
2026-07-17T04:54:16Z,2026-07-17T06:54:16+0200,4e64d4d3-e4bc-4728-8eea-52acf8983738,2026-07-09T14:00:00Z,2026-07-09T16:00:00+0200,2499.49,MW,FR,FR,actual_onshore_wind_generation,Wind Onshore,2026-07-17T04:55:04Z
2026-07-17T04:54:16Z,2026-07-17T06:54:16+0200,4e64d4d3-e4bc-4728-8eea-52acf8983738,2026-07-09T14:15:00Z,2026-07-09T16:15:00+0200,2579.27,MW,FR,FR,actual_onshore_wind_generation,Wind Onshore,2026-07-17T04:55:04Z
2026-07-17T04:54:16Z,2026-07-17T06:54:16+0200,4e64d4d3-e4bc-4728-8eea-52acf8983738,2026-07-09T14:30:00Z,2026-07-09T16:30:00+0200,2632.91,MW,FR,FR,actual_onshore_wind_generation,Wind Onshore,2026-07-17T04:55:04Z
2026-07-17T04:54:16Z,2026-07-17T06:54:16+0200,4e64d4d3-e4bc-4728-8eea-52acf8983738,2026-07-09T14:45:00Z,2026-07-09T16:45:00+0200,2632.07,MW,FR,FR,actual_onshore_wind_generation,Wind Onshore,2026-07-17T04:55:04Z
2026-07-17T04:54:16Z,2026-07-17T06:54:16+0200,4e64d4d3-e4bc-4728-8eea-52acf8983738,2026-07-09T15:00:00Z,2026-07-09T17:00:00+0200,2718.61,MW,FR,FR,actual_onshore_wind_generation,Wind Onshore,2026-07-17T04:55:04Z
2026-07-17T04:54:16Z,2026-07-17T06:54:16+0200,4e64d4d3-e4bc-4728-8eea-52acf8983738,2026-07-09T15:15:00Z,2026-07-09T17:15:00+0200,2803.13,MW,FR,FR,actual_onshore_wind_generation,Wind Onshore,2026-07-17T04:55:04Z
2026-07-17T04:54:16Z,2026-07-17T06:54:16+0200,4e64d4d3-e4bc-4728-8eea-52acf8983738,2026-07-09T15:30:00Z,2026-07-09T17:30:00+0200,2885.11,MW,FR,FR,actual_onshore_wind_generation,Wind Onshore,2026-07-17T04:55:04Z
2026-07-17T04:54:16Z,2026-07-17T06:54:16+0200,4e64d4d3-e4bc-4728-8eea-52acf8983738,2026-07-09T15:45:00Z,2026-07-09T17:45:00+0200,2943.61,MW,FR,FR,actual_onshore_wind_generation,Wind Onshore,2026-07-17T04:55:04Z
2026-07-17T04:54:16Z,2026-07-17T06:54:16+0200,4e64d4d3-e4bc-4728-8eea-52acf8983738,2026-07-09T16:00:00Z,2026-07-09T18:00:00+0200,2997.85,MW,FR,FR,actual_onshore_wind_generation,Wind Onshore,2026-07-17T04:55:04Z
2026-07-17T04:54:16Z,2026-07-17T06:54:16+0200,4e64d4d3-e4bc-4728-8eea-52acf8983738,2026-07-09T16:15:00Z,2026-07-09T18:15:00+0200,3118.64,MW,FR,FR,actual_onshore_wind_generation,Wind Onshore,2026-07-17T04:55:04Z
2026-07-17T04:54:16Z,2026-07-17T06:54:16+0200,4e64d4d3-e4bc-4728-8eea-52acf8983738,2026-07-09T16:30:00Z,2026-07-09T18:30:00+0200,3195.84,MW,FR,FR,actual_onshore_wind_generation,Wind Onshore,2026-07-17T04:55:04Z
2026-07-17T04:54:16Z,2026-07-17T06:54:16+0200,4e64d4d3-e4bc-4728-8eea-52acf8983738,2026-07-09T16:45:00Z,2026-07-09T18:45:00+0200,3342.51,MW,FR,FR,actual_onshore_wind_generation,Wind Onshore,2026-07-17T04:55:04Z
2026-07-17T04:54:16Z,2026-07-17T06:54:16+0200,4e64d4d3-e4bc-4728-8eea-52acf8983738,2026-07-09T17:00:00Z,2026-07-09T19:00:00+0200,3392.33,MW,FR,FR,actual_onshore_wind_generation,Wind Onshore,2026-07-17T04:55:04Z
2026-07-17T04:54:16Z,2026-07-17T06:54:16+0200,4e64d4d3-e4bc-4728-8eea-52acf8983738,2026-07-09T17:15:00Z,2026-07-09T19:15:00+0200,3467.69,MW,FR,FR,actual_onshore_wind_generation,Wind Onshore,2026-07-17T04:55:04Z
2026-07-17T04:54:16Z,2026-07-17T06:54:16+0200,4e64d4d3-e4bc-4728-8eea-52acf8983738,2026-07-09T17:30:00Z,2026-07-09T19:30:00+0200,3523.21,MW,FR,FR,actual_onshore_wind_generation,Wind Onshore,2026-07-17T04:55:04Z
2026-07-17T04:54:16Z,2026-07-17T06:54:16+0200,4e64d4d3-e4bc-4728-8eea-52acf8983738,2026-07-09T17:45:00Z,2026-07-09T19:45:00+0200,3574.17,MW,FR,FR,actual_onshore_wind_generation,Wind Onshore,2026-07-17T04:55:04Z
2026-07-17T04:54:16Z,2026-07-17T06:54:16+0200,4e64d4d3-e4bc-4728-8eea-52acf8983738,2026-07-09T18:00:00Z,2026-07-09T20:00:00+0200,3648.71,MW,FR,FR,actual_onshore_wind_generation,Wind Onshore,2026-07-17T04:55:04Z
2026-07-17T04:54:16Z,2026-07-17T06:54:16+0200,4e64d4d3-e4bc-4728-8eea-52acf8983738,2026-07-09T18:15:00Z,2026-07-09T20:15:00+0200,3601.04,MW,FR,FR,actual_onshore_wind_generation,Wind Onshore,2026-07-17T04:55:04Z
2026-07-17T04:54:16Z,2026-07-17T06:54:16+0200,4e64d4d3-e4bc-4728-8eea-52acf8983738,2026-07-09T18:30:00Z,2026-07-09T20:30:00+0200,3559.32,MW,FR,FR,actual_onshore_wind_generation,Wind Onshore,2026-07-17T04:55:04Z
2026-07-17T04:54:16Z,2026-07-17T06:54:16+0200,4e64d4d3-e4bc-4728-8eea-52acf8983738,2026-07-09T18:45:00Z,2026-07-09T20:45:00+0200,3540.23,MW,FR,FR,actual_onshore_wind_generation,Wind Onshore,2026-07-17T04:55:04Z
2026-07-17T04:54:16Z,2026-07-17T06:54:16+0200,4e64d4d3-e4bc-4728-8eea-52acf8983738,2026-07-09T19:00:00Z,2026-07-09T21:00:00+0200,3501.41,MW,FR,FR,actual_onshore_wind_generation,Wind Onshore,2026-07-17T04:55:04Z
2026-07-17T04:54:16Z,2026-07-17T06:54:16+0200,4e64d4d3-e4bc-4728-8eea-52acf8983738,2026-07-09T19:15:00Z,2026-07-09T21:15:00+0200,3559.3,MW,FR,FR,actual_onshore_wind_generation,Wind Onshore,2026-07-17T04:55:04Z
2026-07-17T04:54:16Z,2026-07-17T06:54:16+0200,4e64d4d3-e4bc-4728-8eea-52acf8983738,2026-07-09T19:30:00Z,2026-07-09T21:30:00+0200,3803.27,MW,FR,FR,actual_onshore_wind_generation,Wind Onshore,2026-07-17T04:55:04Z
2026-07-17T04:54:16Z,2026-07-17T06:54:16+0200,4e64d4d3-e4bc-4728-8eea-52acf8983738,2026-07-09T19:45:00Z,2026-07-09T21:45:00+0200,4094.71,MW,FR,FR,actual_onshore_wind_generation,Wind Onshore,2026-07-17T04:55:04Z
2026-07-17T04:54:16Z,2026-07-17T06:54:16+0200,4e64d4d3-e4bc-4728-8eea-52acf8983738,2026-07-09T20:00:00Z,2026-07-09T22:00:00+0200,4436.25,MW,FR,FR,actual_onshore_wind_generation,Wind Onshore,2026-07-17T04:55:04Z
2026-07-17T04:54:16Z,2026-07-17T06:54:16+0200,4e64d4d3-e4bc-4728-8eea-52acf8983738,2026-07-09T20:15:00Z,2026-07-09T22:15:00+0200,4788.09,MW,FR,FR,actual_onshore_wind_generation,Wind Onshore,2026-07-17T04:55:04Z
2026-07-17T04:54:16Z,2026-07-17T06:54:16+0200,4e64d4d3-e4bc-4728-8eea-52acf8983738,2026-07-09T20:30:00Z,2026-07-09T22:30:00+0200,5132.45,MW,FR,FR,actual_onshore_wind_generation,Wind Onshore,2026-07-17T04:55:04Z
2026-07-17T04:54:16Z,2026-07-17T06:54:16+0200,4e64d4d3-e4bc-4728-8eea-52acf8983738,2026-07-09T20:45:00Z,2026-07-09T22:45:00+0200,5391.54,MW,FR,FR,actual_onshore_wind_generation,Wind Onshore,2026-07-17T04:55:04Z
2026-07-17T04:54:16Z,2026-07-17T06:54:16+0200,4e64d4d3-e4bc-4728-8eea-52acf8983738,2026-07-09T21:00:00Z,2026-07-09T23:00:00+0200,5632.87,MW,FR,FR,actual_onshore_wind_generation,Wind Onshore,2026-07-17T04:55:04Z
2026-07-17T04:54:16Z,2026-07-17T06:54:16+0200,4e64d4d3-e4bc-4728-8eea-52acf8983738,2026-07-09T21:15:00Z,2026-07-09T23:15:00+0200,5764.0,MW,FR,FR,actual_onshore_wind_generation,Wind Onshore,2026-07-17T04:55:04Z
2026-07-17T04:54:16Z,2026-07-17T06:54:16+0200,4e64d4d3-e4bc-4728-8eea-52acf8983738,2026-07-09T21:30:00Z,2026-07-09T23:30:00+0200,5884.99,MW,FR,FR,actual_onshore_wind_generation,Wind Onshore,2026-07-17T04:55:04Z
2026-07-17T04:54:16Z,2026-07-17T06:54:16+0200,4e64d4d3-e4bc-4728-8eea-52acf8983738,2026-07-09T21:45:00Z,2026-07-09T23:45:00+0200,5959.97,MW,FR,FR,actual_onshore_wind_generation,Wind Onshore,2026-07-17T04:55:04Z
2026-07-17T04:54:16Z,2026-07-17T06:54:16+0200,4e64d4d3-e4bc-4728-8eea-52acf8983738,2026-07-09T22:00:00Z,2026-07-10T00:00:00+0200,6083.11,MW,FR,FR,actual_onshore_wind_generation,Wind Onshore,2026-07-17T04:55:04Z
2026-07-17T04:54:16Z,2026-07-17T06:54:16+0200,4e64d4d3-e4bc-4728-8eea-52acf8983738,2026-07-09T22:15:00Z,2026-07-10T00:15:00+0200,6149.06,MW,FR,FR,actual_onshore_wind_generation,Wind Onshore,2026-07-17T04:55:04Z
2026-07-17T04:54:16Z,2026-07-17T06:54:16+0200,4e64d4d3-e4bc-4728-8eea-52acf8983738,2026-07-09T22:30:00Z,2026-07-10T00:30:00+0200,6147.13,MW,FR,FR,actual_onshore_wind_generation,Wind Onshore,2026-07-17T04:55:04Z
2026-07-17T04:54:16Z,2026-07-17T06:54:16+0200,4e64d4d3-e4bc-4728-8eea-52acf8983738,2026-07-09T22:45:00Z,2026-07-10T00:45:00+0200,6115.93,MW,FR,FR,actual_onshore_wind_generation,Wind Onshore,2026-07-17T04:55:04Z
2026-07-17T04:54:16Z,2026-07-17T06:54:16+0200,4e64d4d3-e4bc-4728-8eea-52acf8983738,2026-07-09T23:00:00Z,2026-07-10T01:00:00+0200,6052.02,MW,FR,FR,actual_onshore_wind_generation,Wind Onshore,2026-07-17T04:55:04Z
2026-07-17T04:54:16Z,2026-07-17T06:54:16+0200,4e64d4d3-e4bc-4728-8eea-52acf8983738,2026-07-09T23:15:00Z,2026-07-10T01:15:00+0200,6013.42,MW,FR,FR,actual_onshore_wind_generation,Wind Onshore,2026-07-17T04:55:04Z
2026-07-17T04:54:16Z,2026-07-17T06:54:16+0200,4e64d4d3-e4bc-4728-8eea-52acf8983738,2026-07-09T23:30:00Z,2026-07-10T01:30:00+0200,5935.48,MW,FR,FR,actual_onshore_wind_generation,Wind Onshore,2026-07-17T04:55:04Z
2026-07-17T04:54:16Z,2026-07-17T06:54:16+0200,4e64d4d3-e4bc-4728-8eea-52acf8983738,2026-07-09T23:45:00Z,2026-07-10T01:45:00+0200,5811.61,MW,FR,FR,actual_onshore_wind_generation,Wind Onshore,2026-07-17T04:55:04Z
2026-07-17T04:54:16Z,2026-07-17T06:54:16+0200,4e64d4d3-e4bc-4728-8eea-52acf8983738,2026-07-10T00:00:00Z,2026-07-10T02:00:00+0200,5777.96,MW,FR,FR,actual_onshore_wind_generation,Wind Onshore,2026-07-17T04:55:04Z
2026-07-17T04:54:16Z,2026-07-17T06:54:16+0200,4e64d4d3-e4bc-4728-8eea-52acf8983738,2026-07-10T00:15:00Z,2026-07-10T02:15:00+0200,5716.3,MW,FR,FR,actual_onshore_wind_generation,Wind Onshore,2026-07-17T04:55:04Z
2026-07-17T04:54:16Z,2026-07-17T06:54:16+0200,4e64d4d3-e4bc-4728-8eea-52acf8983738,2026-07-10T00:30:00Z,2026-07-10T02:30:00+0200,5626.95,MW,FR,FR,actual_onshore_wind_generation,Wind Onshore,2026-07-17T04:55:04Z
2026-07-17T04:54:16Z,2026-07-17T06:54:16+0200,4e64d4d3-e4bc-4728-8eea-52acf8983738,2026-07-10T00:45:00Z,2026-07-10T02:45:00+0200,5530.04,MW,FR,FR,actual_onshore_wind_generation,Wind Onshore,2026-07-17T04:55:04Z
2026-07-17T04:54:16Z,2026-07-17T06:54:16+0200,4e64d4d3-e4bc-4728-8eea-52acf8983738,2026-07-10T01:00:00Z,2026-07-10T03:00:00+0200,5510.43,MW,FR,FR,actual_onshore_wind_generation,Wind Onshore,2026-07-17T04:55:04Z
2026-07-17T04:54:16Z,2026-07-17T06:54:16+0200,4e64d4d3-e4bc-4728-8eea-52acf8983738,2026-07-10T01:15:00Z,2026-07-10T03:15:00+0200,5486.76,MW,FR,FR,actual_onshore_wind_generation,Wind Onshore,2026-07-17T04:55:04Z
2026-07-17T04:54:16Z,2026-07-17T06:54:16+0200,4e64d4d3-e4bc-4728-8eea-52acf8983738,2026-07-10T01:30:00Z,2026-07-10T03:30:00+0200,5383.91,MW,FR,FR,actual_onshore_wind_generation,Wind Onshore,2026-07-17T04:55:04Z
2026-07-17T04:54:16Z,2026-07-17T06:54:16+0200,4e64d4d3-e4bc-4728-8eea-52acf8983738,2026-07-10T01:45:00Z,2026-07-10T03:45:00+0200,5293.97,MW,FR,FR,actual_onshore_wind_generation,Wind Onshore,2026-07-17T04:55:04Z
2026-07-17T04:54:16Z,2026-07-17T06:54:16+0200,4e64d4d3-e4bc-4728-8eea-52acf8983738,2026-07-10T02:00:00Z,2026-07-10T04:00:00+0200,5199.1,MW,FR,FR,actual_onshore_wind_generation,Wind Onshore,2026-07-17T04:55:04Z
2026-07-17T04:54:16Z,2026-07-17T06:54:16+0200,4e64d4d3-e4bc-4728-8eea-52acf8983738,2026-07-10T02:15:00Z,2026-07-10T04:15:00+0200,5054.79,MW,FR,FR,actual_onshore_wind_generation,Wind Onshore,2026-07-17T04:55:04Z
2026-07-17T04:54:16Z,2026-07-17T06:54:16+0200,4e64d4d3-e4bc-4728-8eea-52acf8983738,2026-07-10T02:30:00Z,2026-07-10T04:30:00+0200,4900.78,MW,FR,FR,actual_onshore_wind_generation,Wind Onshore,2026-07-17T04:55:04Z
2026-07-17T04:54:16Z,2026-07-17T06:54:16+0200,4e64d4d3-e4bc-4728-8eea-52acf8983738,2026-07-10T02:45:00Z,2026-07-10T04:45:00+0200,4796.08,MW,FR,FR,actual_onshore_wind_generation,Wind Onshore,2026-07-17T04:55:04Z
2026-07-17T04:54:16Z,2026-07-17T06:54:16+0200,4e64d4d3-e4bc-4728-8eea-52acf8983738,2026-07-10T03:00:00Z,2026-07-10T05:00:00+0200,4655.29,MW,FR,FR,actual_onshore_wind_generation,Wind Onshore,2026-07-17T04:55:04Z
2026-07-17T04:54:16Z,2026-07-17T06:54:16+0200,4e64d4d3-e4bc-4728-8eea-52acf8983738,2026-07-10T03:15:00Z,2026-07-10T05:15:00+0200,4613.54,MW,FR,FR,actual_onshore_wind_generation,Wind Onshore,2026-07-17T04:55:04Z
2026-07-17T04:54:16Z,2026-07-17T06:54:16+0200,4e64d4d3-e4bc-4728-8eea-52acf8983738,2026-07-10T03:30:00Z,2026-07-10T05:30:00+0200,4572.8,MW,FR,FR,actual_onshore_wind_generation,Wind Onshore,2026-07-17T04:55:04Z
2026-07-17T04:54:16Z,2026-07-17T06:54:16+0200,4e64d4d3-e4bc-4728-8eea-52acf8983738,2026-07-10T03:45:00Z,2026-07-10T05:45:00+0200,4564.96,MW,FR,FR,actual_onshore_wind_generation,Wind Onshore,2026-07-17T04:55:04Z
2026-07-17T04:54:16Z,2026-07-17T06:54:16+0200,4e64d4d3-e4bc-4728-8eea-52acf8983738,2026-07-10T04:00:00Z,2026-07-10T06:00:00+0200,4491.46,MW,FR,FR,actual_onshore_wind_generation,Wind Onshore,2026-07-17T04:55:04Z
2026-07-17T04:54:16Z,2026-07-17T06:54:16+0200,4e64d4d3-e4bc-4728-8eea-52acf8983738,2026-07-10T04:15:00Z,2026-07-10T06:15:00+0200,4416.82,MW,FR,FR,actual_onshore_wind_generation,Wind Onshore,2026-07-17T04:55:04Z
2026-07-17T04:54:16Z,2026-07-17T06:54:16+0200,4e64d4d3-e4bc-4728-8eea-52acf8983738,2026-07-10T04:30:00Z,2026-07-10T06:30:00+0200,4314.06,MW,FR,FR,actual_onshore_wind_generation,Wind Onshore,2026-07-17T04:55:04Z
2026-07-17T04:54:16Z,2026-07-17T06:54:16+0200,4e64d4d3-e4bc-4728-8eea-52acf8983738,2026-07-10T04:45:00Z,2026-07-10T06:45:00+0200,4189.46,MW,FR,FR,actual_onshore_wind_generation,Wind Onshore,2026-07-17T04:55:04Z
2026-07-17T04:54:16Z,2026-07-17T06:54:16+0200,4e64d4d3-e4bc-4728-8eea-52acf8983738,2026-07-10T05:00:00Z,2026-07-10T07:00:00+0200,4097.5,MW,FR,FR,actual_onshore_wind_generation,Wind Onshore,2026-07-17T04:55:04Z
2026-07-17T04:54:16Z,2026-07-17T06:54:16+0200,4e64d4d3-e4bc-4728-8eea-52acf8983738,2026-07-10T05:15:00Z,2026-07-10T07:15:00+0200,3898.87,MW,FR,FR,actual_onshore_wind_generation,Wind Onshore,2026-07-17T04:55:04Z
2026-07-17T04:54:16Z,2026-07-17T06:54:16+0200,4e64d4d3-e4bc-4728-8eea-52acf8983738,2026-07-10T05:30:00Z,2026-07-10T07:30:00+0200,3570.98,MW,FR,FR,actual_onshore_wind_generation,Wind Onshore,2026-07-17T04:55:04Z
2026-07-17T04:54:16Z,2026-07-17T06:54:16+0200,4e64d4d3-e4bc-4728-8eea-52acf8983738,2026-07-10T05:45:00Z,2026-07-10T07:45:00+0200,3220.3,MW,FR,FR,actual_onshore_wind_generation,Wind Onshore,2026-07-17T04:55:04Z
2026-07-17T04:54:16Z,2026-07-17T06:54:16+0200,4e64d4d3-e4bc-4728-8eea-52acf8983738,2026-07-10T06:00:00Z,2026-07-10T08:00:00+0200,2791.42,MW,FR,FR,actual_onshore_wind_generation,Wind Onshore,2026-07-17T04:55:04Z
2026-07-17T04:54:16Z,2026-07-17T06:54:16+0200,4e64d4d3-e4bc-4728-8eea-52acf8983738,2026-07-10T06:15:00Z,2026-07-10T08:15:00+0200,2374.55,MW,FR,FR,actual_onshore_wind_generation,Wind Onshore,2026-07-17T04:55:04Z
2026-07-17T04:54:16Z,2026-07-17T06:54:16+0200,4e64d4d3-e4bc-4728-8eea-52acf8983738,2026-07-10T06:30:00Z,2026-07-10T08:30:00+0200,2046.92,MW,FR,FR,actual_onshore_wind_generation,Wind Onshore,2026-07-17T04:55:04Z
2026-07-17T04:54:16Z,2026-07-17T06:54:16+0200,4e64d4d3-e4bc-4728-8eea-52acf8983738,2026-07-10T06:45:00Z,2026-07-10T08:45:00+0200,1792.78,MW,FR,FR,actual_onshore_wind_generation,Wind Onshore,2026-07-17T04:55:04Z
2026-07-17T04:54:16Z,2026-07-17T06:54:16+0200,4e64d4d3-e4bc-4728-8eea-52acf8983738,2026-07-10T07:00:00Z,2026-07-10T09:00:00+0200,1614.06,MW,FR,FR,actual_onshore_wind_generation,Wind Onshore,2026-07-17T04:55:04Z
2026-07-17T04:54:16Z,2026-07-17T06:54:16+0200,4e64d4d3-e4bc-4728-8eea-52acf8983738,2026-07-10T07:15:00Z,2026-07-10T09:15:00+0200,1527.11,MW,FR,FR,actual_onshore_wind_generation,Wind Onshore,2026-07-17T04:55:04Z
2026-07-17T04:54:16Z,2026-07-17T06:54:16+0200,4e64d4d3-e4bc-4728-8eea-52acf8983738,2026-07-10T07:30:00Z,2026-07-10T09:30:00+0200,1465.48,MW,FR,FR,actual_onshore_wind_generation,Wind Onshore,2026-07-17T04:55:04Z
2026-07-17T04:54:16Z,2026-07-17T06:54:16+0200,4e64d4d3-e4bc-4728-8eea-52acf8983738,2026-07-10T07:45:00Z,2026-07-10T09:45:00+0200,1419.51,MW,FR,FR,actual_onshore_wind_generation,Wind Onshore,2026-07-17T04:55:04Z
2026-07-17T04:54:16Z,2026-07-17T06:54:16+0200,4e64d4d3-e4bc-4728-8eea-52acf8983738,2026-07-10T08:00:00Z,2026-07-10T10:00:00+0200,1413.77,MW,FR,FR,actual_onshore_wind_generation,Wind Onshore,2026-07-17T04:55:04Z
2026-07-17T04:54:16Z,2026-07-17T06:54:16+0200,4e64d4d3-e4bc-4728-8eea-52acf8983738,2026-07-10T08:15:00Z,2026-07-10T10:15:00+0200,1412.98,MW,FR,FR,actual_onshore_wind_generation,Wind Onshore,2026-07-17T04:55:04Z
2026-07-17T04:54:16Z,2026-07-17T06:54:16+0200,4e64d4d3-e4bc-4728-8eea-52acf8983738,2026-07-10T08:30:00Z,2026-07-10T10:30:00+0200,1474.38,MW,FR,FR,actual_onshore_wind_generation,Wind Onshore,2026-07-17T04:55:04Z
2026-07-17T04:54:16Z,2026-07-17T06:54:16+0200,4e64d4d3-e4bc-4728-8eea-52acf8983738,2026-07-10T08:45:00Z,2026-07-10T10:45:00+0200,1567.73,MW,FR,FR,actual_onshore_wind_generation,Wind Onshore,2026-07-17T04:55:04Z
2026-07-17T04:54:16Z,2026-07-17T06:54:16+0200,4e64d4d3-e4bc-4728-8eea-52acf8983738,2026-07-10T09:00:00Z,2026-07-10T11:00:00+0200,1729.67,MW,FR,FR,actual_onshore_wind_generation,Wind Onshore,2026-07-17T04:55:04Z
2026-07-17T04:54:16Z,2026-07-17T06:54:16+0200,4e64d4d3-e4bc-4728-8eea-52acf8983738,2026-07-10T09:15:00Z,2026-07-10T11:15:00+0200,1871.34,MW,FR,FR,actual_onshore_wind_generation,Wind Onshore,2026-07-17T04:55:04Z
2026-07-17T04:54:16Z,2026-07-17T06:54:16+0200,4e64d4d3-e4bc-4728-8eea-52acf8983738,2026-07-10T09:30:00Z,2026-07-10T11:30:00+0200,2167.44,MW,FR,FR,actual_onshore_wind_generation,Wind Onshore,2026-07-17T04:55:04Z
2026-07-17T04:54:16Z,2026-07-17T06:54:16+0200,4e64d4d3-e4bc-4728-8eea-52acf8983738,2026-07-10T09:45:00Z,2026-07-10T11:45:00+0200,2371.85,MW,FR,FR,actual_onshore_wind_generation,Wind Onshore,2026-07-17T04:55:04Z
2026-07-17T04:54:16Z,2026-07-17T06:54:16+0200,4e64d4d3-e4bc-4728-8eea-52acf8983738,2026-07-10T10:00:00Z,2026-07-10T12:00:00+0200,2510.67,MW,FR,FR,actual_onshore_wind_generation,Wind Onshore,2026-07-17T04:55:04Z
2026-07-17T04:54:16Z,2026-07-17T06:54:16+0200,4e64d4d3-e4bc-4728-8eea-52acf8983738,2026-07-10T10:15:00Z,2026-07-10T12:15:00+0200,2585.03,MW,FR,FR,actual_onshore_wind_generation,Wind Onshore,2026-07-17T04:55:04Z
2026-07-17T04:54:16Z,2026-07-17T06:54:16+0200,4e64d4d3-e4bc-4728-8eea-52acf8983738,2026-07-10T10:30:00Z,2026-07-10T12:30:00+0200,2645.93,MW,FR,FR,actual_onshore_wind_generation,Wind Onshore,2026-07-17T04:55:04Z
2026-07-17T04:54:16Z,2026-07-17T06:54:16+0200,4e64d4d3-e4bc-4728-8eea-52acf8983738,2026-07-10T10:45:00Z,2026-07-10T12:45:00+0200,2668.1,MW,FR,FR,actual_onshore_wind_generation,Wind Onshore,2026-07-17T04:55:04Z
2026-07-17T04:54:16Z,2026-07-17T06:54:16+0200,4e64d4d3-e4bc-4728-8eea-52acf8983738,2026-07-10T11:00:00Z,2026-07-10T13:00:00+0200,2710.38,MW,FR,FR,actual_onshore_wind_generation,Wind Onshore,2026-07-17T04:55:04Z
2026-07-17T04:54:16Z,2026-07-17T06:54:16+0200,4e64d4d3-e4bc-4728-8eea-52acf8983738,2026-07-10T11:15:00Z,2026-07-10T13:15:00+0200,2750.69,MW,FR,FR,actual_onshore_wind_generation,Wind Onshore,2026-07-17T04:55:04Z
2026-07-17T04:54:16Z,2026-07-17T06:54:16+0200,4e64d4d3-e4bc-4728-8eea-52acf8983738,2026-07-10T11:30:00Z,2026-07-10T13:30:00+0200,2802.02,MW,FR,FR,actual_onshore_wind_generation,Wind Onshore,2026-07-17T04:55:04Z
2026-07-17T04:54:16Z,2026-07-17T06:54:16+0200,4e64d4d3-e4bc-4728-8eea-52acf8983738,2026-07-10T11:45:00Z,2026-07-10T13:45:00+0200,2844.13,MW,FR,FR,actual_onshore_wind_generation,Wind Onshore,2026-07-17T04:55:04Z
2026-07-17T04:54:16Z,2026-07-17T06:54:16+0200,4e64d4d3-e4bc-4728-8eea-52acf8983738,2026-07-10T12:00:00Z,2026-07-10T14:00:00+0200,2868.42,MW,FR,FR,actual_onshore_wind_generation,Wind Onshore,2026-07-17T04:55:04Z
2026-07-17T04:54:16Z,2026-07-17T06:54:16+0200,4e64d4d3-e4bc-4728-8eea-52acf8983738,2026-07-10T12:15:00Z,2026-07-10T14:15:00+0200,2954.46,MW,FR,FR,actual_onshore_wind_generation,Wind Onshore,2026-07-17T04:55:04Z
2026-07-17T04:54:16Z,2026-07-17T06:54:16+0200,4e64d4d3-e4bc-4728-8eea-52acf8983738,2026-07-10T12:30:00Z,2026-07-10T14:30:00+0200,3034.56,MW,FR,FR,actual_onshore_wind_generation,Wind Onshore,2026-07-17T04:55:04Z
2026-07-17T04:54:16Z,2026-07-17T06:54:16+0200,4e64d4d3-e4bc-4728-8eea-52acf8983738,2026-07-10T12:45:00Z,2026-07-10T14:45:00+0200,3073.43,MW,FR,FR,actual_onshore_wind_generation,Wind Onshore,2026-07-17T04:55:04Z
2026-07-17T04:54:16Z,2026-07-17T06:54:16+0200,4e64d4d3-e4bc-4728-8eea-52acf8983738,2026-07-10T13:00:00Z,2026-07-10T15:00:00+0200,3163.0,MW,FR,FR,actual_onshore_wind_generation,Wind Onshore,2026-07-17T04:55:04Z
2026-07-17T04:54:16Z,2026-07-17T06:54:16+0200,4e64d4d3-e4bc-4728-8eea-52acf8983738,2026-07-10T13:15:00Z,2026-07-10T15:15:00+0200,3200.93,MW,FR,FR,actual_onshore_wind_generation,Wind Onshore,2026-07-17T04:55:04Z
2026-07-17T04:54:16Z,2026-07-17T06:54:16+0200,4e64d4d3-e4bc-4728-8eea-52acf8983738,2026-07-10T13:30:00Z,2026-07-10T15:30:00+0200,3284.77,MW,FR,FR,actual_onshore_wind_generation,Wind Onshore,2026-07-17T04:55:04Z
2026-07-17T04:54:16Z,2026-07-17T06:54:16+0200,4e64d4d3-e4bc-4728-8eea-52acf8983738,2026-07-10T13:45:00Z,2026-07-10T15:45:00+0200,3359.07,MW,FR,FR,actual_onshore_wind_generation,Wind Onshore,2026-07-17T04:55:04Z
2026-07-17T04:54:16Z,2026-07-17T06:54:16+0200,4e64d4d3-e4bc-4728-8eea-52acf8983738,2026-07-10T14:00:00Z,2026-07-10T16:00:00+0200,3400.82,MW,FR,FR,actual_onshore_wind_generation,Wind Onshore,2026-07-17T04:55:04Z
2026-07-17T04:54:16Z,2026-07-17T06:54:16+0200,4e64d4d3-e4bc-4728-8eea-52acf8983738,2026-07-10T14:15:00Z,2026-07-10T16:15:00+0200,3421.87,MW,FR,FR,actual_onshore_wind_generation,Wind Onshore,2026-07-17T04:55:04Z
2026-07-17T04:54:16Z,2026-07-17T06:54:16+0200,4e64d4d3-e4bc-4728-8eea-52acf8983738,2026-07-10T14:30:00Z,2026-07-10T16:30:00+0200,3560.15,MW,FR,FR,actual_onshore_wind_generation,Wind Onshore,2026-07-17T04:55:04Z
2026-07-17T04:54:16Z,2026-07-17T06:54:16+0200,4e64d4d3-e4bc-4728-8eea-52acf8983738,2026-07-10T14:45:00Z,2026-07-10T16:45:00+0200,3641.01,MW,FR,FR,actual_onshore_wind_generation,Wind Onshore,2026-07-17T04:55:04Z
2026-07-17T04:54:16Z,2026-07-17T06:54:16+0200,4e64d4d3-e4bc-4728-8eea-52acf8983738,2026-07-10T15:00:00Z,2026-07-10T17:00:00+0200,3740.44,MW,FR,FR,actual_onshore_wind_generation,Wind Onshore,2026-07-17T04:55:04Z
2026-07-17T04:54:16Z,2026-07-17T06:54:16+0200,4e64d4d3-e4bc-4728-8eea-52acf8983738,2026-07-10T15:15:00Z,2026-07-10T17:15:00+0200,3816.69,MW,FR,FR,actual_onshore_wind_generation,Wind Onshore,2026-07-17T04:55:04Z
2026-07-17T04:54:16Z,2026-07-17T06:54:16+0200,4e64d4d3-e4bc-4728-8eea-52acf8983738,2026-07-10T15:30:00Z,2026-07-10T17:30:00+0200,3948.35,MW,FR,FR,actual_onshore_wind_generation,Wind Onshore,2026-07-17T04:55:04Z
2026-07-17T04:54:16Z,2026-07-17T06:54:16+0200,4e64d4d3-e4bc-4728-8eea-52acf8983738,2026-07-10T15:45:00Z,2026-07-10T17:45:00+0200,4051.27,MW,FR,FR,actual_onshore_wind_generation,Wind Onshore,2026-07-17T04:55:04Z
2026-07-17T04:54:16Z,2026-07-17T06:54:16+0200,4e64d4d3-e4bc-4728-8eea-52acf8983738,2026-07-10T16:00:00Z,2026-07-10T18:00:00+0200,4179.1,MW,FR,FR,actual_onshore_wind_generation,Wind Onshore,2026-07-17T04:55:04Z
2026-07-17T04:54:16Z,2026-07-17T06:54:16+0200,4e64d4d3-e4bc-4728-8eea-52acf8983738,2026-07-10T16:15:00Z,2026-07-10T18:15:00+0200,4326.83,MW,FR,FR,actual_onshore_wind_generation,Wind Onshore,2026-07-17T04:55:04Z
2026-07-17T04:54:16Z,2026-07-17T06:54:16+0200,4e64d4d3-e4bc-4728-8eea-52acf8983738,2026-07-10T16:30:00Z,2026-07-10T18:30:00+0200,4428.28,MW,FR,FR,actual_onshore_wind_generation,Wind Onshore,2026-07-17T04:55:04Z
2026-07-17T04:54:16Z,2026-07-17T06:54:16+0200,4e64d4d3-e4bc-4728-8eea-52acf8983738,2026-07-10T16:45:00Z,2026-07-10T18:45:00+0200,4588.5,MW,FR,FR,actual_onshore_wind_generation,Wind Onshore,2026-07-17T04:55:04Z
2026-07-17T04:54:16Z,2026-07-17T06:54:16+0200,4e64d4d3-e4bc-4728-8eea-52acf8983738,2026-07-10T17:00:00Z,2026-07-10T19:00:00+0200,4719.25,MW,FR,FR,actual_onshore_wind_generation,Wind Onshore,2026-07-17T04:55:04Z
2026-07-17T04:54:16Z,2026-07-17T06:54:16+0200,4e64d4d3-e4bc-4728-8eea-52acf8983738,2026-07-10T17:15:00Z,2026-07-10T19:15:00+0200,4871.4,MW,FR,FR,actual_onshore_wind_generation,Wind Onshore,2026-07-17T04:55:04Z
2026-07-17T04:54:16Z,2026-07-17T06:54:16+0200,4e64d4d3-e4bc-4728-8eea-52acf8983738,2026-07-10T17:30:00Z,2026-07-10T19:30:00+0200,5061.58,MW,FR,FR,actual_onshore_wind_generation,Wind Onshore,2026-07-17T04:55:04Z
2026-07-17T04:54:16Z,2026-07-17T06:54:16+0200,4e64d4d3-e4bc-4728-8eea-52acf8983738,2026-07-10T17:45:00Z,2026-07-10T19:45:00+0200,5249.03,MW,FR,FR,actual_onshore_wind_generation,Wind Onshore,2026-07-17T04:55:04Z
2026-07-17T04:54:16Z,2026-07-17T06:54:16+0200,4e64d4d3-e4bc-4728-8eea-52acf8983738,2026-07-10T18:00:00Z,2026-07-10T20:00:00+0200,5340.64,MW,FR,FR,actual_onshore_wind_generation,Wind Onshore,2026-07-17T04:55:04Z
2026-07-17T04:54:16Z,2026-07-17T06:54:16+0200,4e64d4d3-e4bc-4728-8eea-52acf8983738,2026-07-10T18:15:00Z,2026-07-10T20:15:00+0200,5375.79,MW,FR,FR,actual_onshore_wind_generation,Wind Onshore,2026-07-17T04:55:04Z
2026-07-17T04:54:16Z,2026-07-17T06:54:16+0200,4e64d4d3-e4bc-4728-8eea-52acf8983738,2026-07-10T18:30:00Z,2026-07-10T20:30:00+0200,5450.73,MW,FR,FR,actual_onshore_wind_generation,Wind Onshore,2026-07-17T04:55:04Z
2026-07-17T04:54:16Z,2026-07-17T06:54:16+0200,4e64d4d3-e4bc-4728-8eea-52acf8983738,2026-07-10T18:45:00Z,2026-07-10T20:45:00+0200,5471.14,MW,FR,FR,actual_onshore_wind_generation,Wind Onshore,2026-07-17T04:55:04Z
2026-07-17T04:54:16Z,2026-07-17T06:54:16+0200,4e64d4d3-e4bc-4728-8eea-52acf8983738,2026-07-10T19:00:00Z,2026-07-10T21:00:00+0200,5478.69,MW,FR,FR,actual_onshore_wind_generation,Wind Onshore,2026-07-17T04:55:04Z
2026-07-17T04:54:16Z,2026-07-17T06:54:16+0200,4e64d4d3-e4bc-4728-8eea-52acf8983738,2026-07-10T19:15:00Z,2026-07-10T21:15:00+0200,5473.18,MW,FR,FR,actual_onshore_wind_generation,Wind Onshore,2026-07-17T04:55:04Z
2026-07-17T04:54:16Z,2026-07-17T06:54:16+0200,4e64d4d3-e4bc-4728-8eea-52acf8983738,2026-07-10T19:30:00Z,2026-07-10T21:30:00+0200,5547.07,MW,FR,FR,actual_onshore_wind_generation,Wind Onshore,2026-07-17T04:55:04Z
2026-07-17T04:54:16Z,2026-07-17T06:54:16+0200,4e64d4d3-e4bc-4728-8eea-52acf8983738,2026-07-10T19:45:00Z,2026-07-10T21:45:00+0200,5765.24,MW,FR,FR,actual_onshore_wind_generation,Wind Onshore,2026-07-17T04:55:04Z
2026-07-17T04:54:16Z,2026-07-17T06:54:16+0200,4e64d4d3-e4bc-4728-8eea-52acf8983738,2026-07-10T20:00:00Z,2026-07-10T22:00:00+0200,6016.73,MW,FR,FR,actual_onshore_wind_generation,Wind Onshore,2026-07-17T04:55:04Z
2026-07-17T04:54:16Z,2026-07-17T06:54:16+0200,4e64d4d3-e4bc-4728-8eea-52acf8983738,2026-07-10T20:15:00Z,2026-07-10T22:15:00+0200,6318.35,MW,FR,FR,actual_onshore_wind_generation,Wind Onshore,2026-07-17T04:55:04Z
2026-07-17T04:54:16Z,2026-07-17T06:54:16+0200,4e64d4d3-e4bc-4728-8eea-52acf8983738,2026-07-10T20:30:00Z,2026-07-10T22:30:00+0200,6662.11,MW,FR,FR,actual_onshore_wind_generation,Wind Onshore,2026-07-17T04:55:04Z
2026-07-17T04:54:16Z,2026-07-17T06:54:16+0200,4e64d4d3-e4bc-4728-8eea-52acf8983738,2026-07-10T20:45:00Z,2026-07-10T22:45:00+0200,7020.67,MW,FR,FR,actual_onshore_wind_generation,Wind Onshore,2026-07-17T04:55:04Z
2026-07-17T04:54:16Z,2026-07-17T06:54:16+0200,4e64d4d3-e4bc-4728-8eea-52acf8983738,2026-07-10T21:00:00Z,2026-07-10T23:00:00+0200,7359.26,MW,FR,FR,actual_onshore_wind_generation,Wind Onshore,2026-07-17T04:55:04Z
2026-07-17T04:54:16Z,2026-07-17T06:54:16+0200,4e64d4d3-e4bc-4728-8eea-52acf8983738,2026-07-10T21:15:00Z,2026-07-10T23:15:00+0200,7550.53,MW,FR,FR,actual_onshore_wind_generation,Wind Onshore,2026-07-17T04:55:04Z
2026-07-17T04:54:16Z,2026-07-17T06:54:16+0200,4e64d4d3-e4bc-4728-8eea-52acf8983738,2026-07-10T21:30:00Z,2026-07-10T23:30:00+0200,7692.36,MW,FR,FR,actual_onshore_wind_generation,Wind Onshore,2026-07-17T04:55:04Z
2026-07-17T04:54:16Z,2026-07-17T06:54:16+0200,4e64d4d3-e4bc-4728-8eea-52acf8983738,2026-07-10T21:45:00Z,2026-07-10T23:45:00+0200,7698.39,MW,FR,FR,actual_onshore_wind_generation,Wind Onshore,2026-07-17T04:55:04Z
2026-07-17T04:54:16Z,2026-07-17T06:54:16+0200,4e64d4d3-e4bc-4728-8eea-52acf8983738,2026-07-10T22:00:00Z,2026-07-11T00:00:00+0200,7765.98,MW,FR,FR,actual_onshore_wind_generation,Wind Onshore,2026-07-17T04:55:04Z
2026-07-17T04:54:16Z,2026-07-17T06:54:16+0200,4e64d4d3-e4bc-4728-8eea-52acf8983738,2026-07-10T22:15:00Z,2026-07-11T00:15:00+0200,7887.21,MW,FR,FR,actual_onshore_wind_generation,Wind Onshore,2026-07-17T04:55:04Z
2026-07-17T04:54:16Z,2026-07-17T06:54:16+0200,4e64d4d3-e4bc-4728-8eea-52acf8983738,2026-07-10T22:30:00Z,2026-07-11T00:30:00+0200,7800.23,MW,FR,FR,actual_onshore_wind_generation,Wind Onshore,2026-07-17T04:55:04Z
2026-07-17T04:54:16Z,2026-07-17T06:54:16+0200,4e64d4d3-e4bc-4728-8eea-52acf8983738,2026-07-10T22:45:00Z,2026-07-11T00:45:00+0200,7762.97,MW,FR,FR,actual_onshore_wind_generation,Wind Onshore,2026-07-17T04:55:04Z
2026-07-17T04:54:16Z,2026-07-17T06:54:16+0200,4e64d4d3-e4bc-4728-8eea-52acf8983738,2026-07-10T23:00:00Z,2026-07-11T01:00:00+0200,7775.32,MW,FR,FR,actual_onshore_wind_generation,Wind Onshore,2026-07-17T04:55:04Z
2026-07-17T04:54:16Z,2026-07-17T06:54:16+0200,4e64d4d3-e4bc-4728-8eea-52acf8983738,2026-07-10T23:15:00Z,2026-07-11T01:15:00+0200,7709.95,MW,FR,FR,actual_onshore_wind_generation,Wind Onshore,2026-07-17T04:55:04Z
2026-07-17T04:54:16Z,2026-07-17T06:54:16+0200,4e64d4d3-e4bc-4728-8eea-52acf8983738,2026-07-10T23:30:00Z,2026-07-11T01:30:00+0200,7640.5,MW,FR,FR,actual_onshore_wind_generation,Wind Onshore,2026-07-17T04:55:04Z
2026-07-17T04:54:16Z,2026-07-17T06:54:16+0200,4e64d4d3-e4bc-4728-8eea-52acf8983738,2026-07-10T23:45:00Z,2026-07-11T01:45:00+0200,7543.74,MW,FR,FR,actual_onshore_wind_generation,Wind Onshore,2026-07-17T04:55:04Z
2026-07-17T04:54:16Z,2026-07-17T06:54:16+0200,4e64d4d3-e4bc-4728-8eea-52acf8983738,2026-07-11T00:00:00Z,2026-07-11T02:00:00+0200,7312.12,MW,FR,FR,actual_onshore_wind_generation,Wind Onshore,2026-07-17T04:55:04Z
2026-07-17T04:54:16Z,2026-07-17T06:54:16+0200,4e64d4d3-e4bc-4728-8eea-52acf8983738,2026-07-11T00:15:00Z,2026-07-11T02:15:00+0200,6969.83,MW,FR,FR,actual_onshore_wind_generation,Wind Onshore,2026-07-17T04:55:04Z
2026-07-17T04:54:16Z,2026-07-17T06:54:16+0200,4e64d4d3-e4bc-4728-8eea-52acf8983738,2026-07-11T00:30:00Z,2026-07-11T02:30:00+0200,6557.79,MW,FR,FR,actual_onshore_wind_generation,Wind Onshore,2026-07-17T04:55:04Z
2026-07-17T04:54:16Z,2026-07-17T06:54:16+0200,4e64d4d3-e4bc-4728-8eea-52acf8983738,2026-07-11T00:45:00Z,2026-07-11T02:45:00+0200,6301.25,MW,FR,FR,actual_onshore_wind_generation,Wind Onshore,2026-07-17T04:55:04Z
2026-07-17T04:54:16Z,2026-07-17T06:54:16+0200,4e64d4d3-e4bc-4728-8eea-52acf8983738,2026-07-11T01:00:00Z,2026-07-11T03:00:00+0200,6200.67,MW,FR,FR,actual_onshore_wind_generation,Wind Onshore,2026-07-17T04:55:04Z
2026-07-17T04:54:16Z,2026-07-17T06:54:16+0200,4e64d4d3-e4bc-4728-8eea-52acf8983738,2026-07-11T01:15:00Z,2026-07-11T03:15:00+0200,6030.03,MW,FR,FR,actual_onshore_wind_generation,Wind Onshore,2026-07-17T04:55:04Z
2026-07-17T04:54:16Z,2026-07-17T06:54:16+0200,4e64d4d3-e4bc-4728-8eea-52acf8983738,2026-07-11T01:30:00Z,2026-07-11T03:30:00+0200,5924.58,MW,FR,FR,actual_onshore_wind_generation,Wind Onshore,2026-07-17T04:55:04Z
2026-07-17T04:54:16Z,2026-07-17T06:54:16+0200,4e64d4d3-e4bc-4728-8eea-52acf8983738,2026-07-11T01:45:00Z,2026-07-11T03:45:00+0200,5845.28,MW,FR,FR,actual_onshore_wind_generation,Wind Onshore,2026-07-17T04:55:04Z
2026-07-17T04:54:16Z,2026-07-17T06:54:16+0200,4e64d4d3-e4bc-4728-8eea-52acf8983738,2026-07-11T02:00:00Z,2026-07-11T04:00:00+0200,5773.25,MW,FR,FR,actual_onshore_wind_generation,Wind Onshore,2026-07-17T04:55:04Z
2026-07-17T04:54:16Z,2026-07-17T06:54:16+0200,4e64d4d3-e4bc-4728-8eea-52acf8983738,2026-07-11T02:15:00Z,2026-07-11T04:15:00+0200,5758.32,MW,FR,FR,actual_onshore_wind_generation,Wind Onshore,2026-07-17T04:55:04Z
2026-07-17T04:54:16Z,2026-07-17T06:54:16+0200,4e64d4d3-e4bc-4728-8eea-52acf8983738,2026-07-11T02:30:00Z,2026-07-11T04:30:00+0200,5658.84,MW,FR,FR,actual_onshore_wind_generation,Wind Onshore,2026-07-17T04:55:04Z
2026-07-17T04:54:16Z,2026-07-17T06:54:16+0200,4e64d4d3-e4bc-4728-8eea-52acf8983738,2026-07-11T02:45:00Z,2026-07-11T04:45:00+0200,5636.7,MW,FR,FR,actual_onshore_wind_generation,Wind Onshore,2026-07-17T04:55:04Z
2026-07-17T04:54:16Z,2026-07-17T06:54:16+0200,4e64d4d3-e4bc-4728-8eea-52acf8983738,2026-07-11T03:00:00Z,2026-07-11T05:00:00+0200,5658.85,MW,FR,FR,actual_onshore_wind_generation,Wind Onshore,2026-07-17T04:55:04Z
2026-07-17T04:54:16Z,2026-07-17T06:54:16+0200,4e64d4d3-e4bc-4728-8eea-52acf8983738,2026-07-11T03:15:00Z,2026-07-11T05:15:00+0200,5597.0,MW,FR,FR,actual_onshore_wind_generation,Wind Onshore,2026-07-17T04:55:04Z
2026-07-17T04:54:16Z,2026-07-17T06:54:16+0200,4e64d4d3-e4bc-4728-8eea-52acf8983738,2026-07-11T03:30:00Z,2026-07-11T05:30:00+0200,5525.88,MW,FR,FR,actual_onshore_wind_generation,Wind Onshore,2026-07-17T04:55:04Z
2026-07-17T04:54:16Z,2026-07-17T06:54:16+0200,4e64d4d3-e4bc-4728-8eea-52acf8983738,2026-07-11T03:45:00Z,2026-07-11T05:45:00+0200,5444.15,MW,FR,FR,actual_onshore_wind_generation,Wind Onshore,2026-07-17T04:55:04Z
2026-07-17T04:54:16Z,2026-07-17T06:54:16+0200,4e64d4d3-e4bc-4728-8eea-52acf8983738,2026-07-11T04:00:00Z,2026-07-11T06:00:00+0200,5381.57,MW,FR,FR,actual_onshore_wind_generation,Wind Onshore,2026-07-17T04:55:04Z
2026-07-17T04:54:16Z,2026-07-17T06:54:16+0200,4e64d4d3-e4bc-4728-8eea-52acf8983738,2026-07-11T04:15:00Z,2026-07-11T06:15:00+0200,5328.39,MW,FR,FR,actual_onshore_wind_generation,Wind Onshore,2026-07-17T04:55:04Z
2026-07-17T04:54:16Z,2026-07-17T06:54:16+0200,4e64d4d3-e4bc-4728-8eea-52acf8983738,2026-07-11T04:30:00Z,2026-07-11T06:30:00+0200,5219.67,MW,FR,FR,actual_onshore_wind_generation,Wind Onshore,2026-07-17T04:55:04Z
2026-07-17T04:54:16Z,2026-07-17T06:54:16+0200,4e64d4d3-e4bc-4728-8eea-52acf8983738,2026-07-11T04:45:00Z,2026-07-11T06:45:00+0200,4999.08,MW,FR,FR,actual_onshore_wind_generation,Wind Onshore,2026-07-17T04:55:04Z
2026-07-17T04:54:16Z,2026-07-17T06:54:16+0200,4e64d4d3-e4bc-4728-8eea-52acf8983738,2026-07-11T05:00:00Z,2026-07-11T07:00:00+0200,4904.27,MW,FR,FR,actual_onshore_wind_generation,Wind Onshore,2026-07-17T04:55:04Z
2026-07-17T04:54:16Z,2026-07-17T06:54:16+0200,4e64d4d3-e4bc-4728-8eea-52acf8983738,2026-07-11T05:15:00Z,2026-07-11T07:15:00+0200,4659.2,MW,FR,FR,actual_onshore_wind_generation,Wind Onshore,2026-07-17T04:55:04Z
2026-07-17T04:54:16Z,2026-07-17T06:54:16+0200,4e64d4d3-e4bc-4728-8eea-52acf8983738,2026-07-11T05:30:00Z,2026-07-11T07:30:00+0200,4280.47,MW,FR,FR,actual_onshore_wind_generation,Wind Onshore,2026-07-17T04:55:04Z
2026-07-17T04:54:16Z,2026-07-17T06:54:16+0200,4e64d4d3-e4bc-4728-8eea-52acf8983738,2026-07-11T05:45:00Z,2026-07-11T07:45:00+0200,3942.86,MW,FR,FR,actual_onshore_wind_generation,Wind Onshore,2026-07-17T04:55:04Z
2026-07-17T04:54:16Z,2026-07-17T06:54:16+0200,4e64d4d3-e4bc-4728-8eea-52acf8983738,2026-07-11T06:00:00Z,2026-07-11T08:00:00+0200,3508.33,MW,FR,FR,actual_onshore_wind_generation,Wind Onshore,2026-07-17T04:55:04Z
2026-07-17T04:54:16Z,2026-07-17T06:54:16+0200,4e64d4d3-e4bc-4728-8eea-52acf8983738,2026-07-11T06:15:00Z,2026-07-11T08:15:00+0200,3116.66,MW,FR,FR,actual_onshore_wind_generation,Wind Onshore,2026-07-17T04:55:04Z
2026-07-17T04:54:16Z,2026-07-17T06:54:16+0200,4e64d4d3-e4bc-4728-8eea-52acf8983738,2026-07-11T06:30:00Z,2026-07-11T08:30:00+0200,2802.48,MW,FR,FR,actual_onshore_wind_generation,Wind Onshore,2026-07-17T04:55:04Z
2026-07-17T04:54:16Z,2026-07-17T06:54:16+0200,4e64d4d3-e4bc-4728-8eea-52acf8983738,2026-07-11T06:45:00Z,2026-07-11T08:45:00+0200,2524.02,MW,FR,FR,actual_onshore_wind_generation,Wind Onshore,2026-07-17T04:55:04Z
2026-07-17T04:54:16Z,2026-07-17T06:54:16+0200,4e64d4d3-e4bc-4728-8eea-52acf8983738,2026-07-11T07:00:00Z,2026-07-11T09:00:00+0200,2298.91,MW,FR,FR,actual_onshore_wind_generation,Wind Onshore,2026-07-17T04:55:04Z
2026-07-17T04:54:16Z,2026-07-17T06:54:16+0200,4e64d4d3-e4bc-4728-8eea-52acf8983738,2026-07-11T07:15:00Z,2026-07-11T09:15:00+0200,2193.09,MW,FR,FR,actual_onshore_wind_generation,Wind Onshore,2026-07-17T04:55:04Z
2026-07-17T04:54:16Z,2026-07-17T06:54:16+0200,4e64d4d3-e4bc-4728-8eea-52acf8983738,2026-07-11T07:30:00Z,2026-07-11T09:30:00+0200,2102.34,MW,FR,FR,actual_onshore_wind_generation,Wind Onshore,2026-07-17T04:55:04Z
2026-07-17T04:54:16Z,2026-07-17T06:54:16+0200,4e64d4d3-e4bc-4728-8eea-52acf8983738,2026-07-11T07:45:00Z,2026-07-11T09:45:00+0200,2071.25,MW,FR,FR,actual_onshore_wind_generation,Wind Onshore,2026-07-17T04:55:04Z
2026-07-17T04:54:16Z,2026-07-17T06:54:16+0200,4e64d4d3-e4bc-4728-8eea-52acf8983738,2026-07-11T08:00:00Z,2026-07-11T10:00:00+0200,2073.25,MW,FR,FR,actual_onshore_wind_generation,Wind Onshore,2026-07-17T04:55:04Z
2026-07-17T04:54:16Z,2026-07-17T06:54:16+0200,4e64d4d3-e4bc-4728-8eea-52acf8983738,2026-07-11T08:15:00Z,2026-07-11T10:15:00+0200,2097.48,MW,FR,FR,actual_onshore_wind_generation,Wind Onshore,2026-07-17T04:55:04Z
2026-07-17T04:54:16Z,2026-07-17T06:54:16+0200,4e64d4d3-e4bc-4728-8eea-52acf8983738,2026-07-11T08:30:00Z,2026-07-11T10:30:00+0200,2183.6,MW,FR,FR,actual_onshore_wind_generation,Wind Onshore,2026-07-17T04:55:04Z
2026-07-17T04:54:16Z,2026-07-17T06:54:16+0200,4e64d4d3-e4bc-4728-8eea-52acf8983738,2026-07-11T08:45:00Z,2026-07-11T10:45:00+0200,2333.59,MW,FR,FR,actual_onshore_wind_generation,Wind Onshore,2026-07-17T04:55:04Z
2026-07-17T04:54:16Z,2026-07-17T06:54:16+0200,4e64d4d3-e4bc-4728-8eea-52acf8983738,2026-07-11T09:00:00Z,2026-07-11T11:00:00+0200,2431.53,MW,FR,FR,actual_onshore_wind_generation,Wind Onshore,2026-07-17T04:55:04Z
2026-07-17T04:54:16Z,2026-07-17T06:54:16+0200,4e64d4d3-e4bc-4728-8eea-52acf8983738,2026-07-11T09:15:00Z,2026-07-11T11:15:00+0200,2489.06,MW,FR,FR,actual_onshore_wind_generation,Wind Onshore,2026-07-17T04:55:04Z
2026-07-17T04:54:16Z,2026-07-17T06:54:16+0200,4e64d4d3-e4bc-4728-8eea-52acf8983738,2026-07-11T09:30:00Z,2026-07-11T11:30:00+0200,2526.34,MW,FR,FR,actual_onshore_wind_generation,Wind Onshore,2026-07-17T04:55:04Z
2026-07-17T04:54:16Z,2026-07-17T06:54:16+0200,4e64d4d3-e4bc-4728-8eea-52acf8983738,2026-07-11T09:45:00Z,2026-07-11T11:45:00+0200,2640.89,MW,FR,FR,actual_onshore_wind_generation,Wind Onshore,2026-07-17T04:55:04Z
2026-07-17T04:54:16Z,2026-07-17T06:54:16+0200,4e64d4d3-e4bc-4728-8eea-52acf8983738,2026-07-11T10:00:00Z,2026-07-11T12:00:00+0200,2755.56,MW,FR,FR,actual_onshore_wind_generation,Wind Onshore,2026-07-17T04:55:04Z
2026-07-17T04:54:16Z,2026-07-17T06:54:16+0200,4e64d4d3-e4bc-4728-8eea-52acf8983738,2026-07-11T10:15:00Z,2026-07-11T12:15:00+0200,2792.33,MW,FR,FR,actual_onshore_wind_generation,Wind Onshore,2026-07-17T04:55:04Z
2026-07-17T04:54:16Z,2026-07-17T06:54:16+0200,4e64d4d3-e4bc-4728-8eea-52acf8983738,2026-07-11T10:30:00Z,2026-07-11T12:30:00+0200,2751.26,MW,FR,FR,actual_onshore_wind_generation,Wind Onshore,2026-07-17T04:55:04Z
2026-07-17T04:54:16Z,2026-07-17T06:54:16+0200,4e64d4d3-e4bc-4728-8eea-52acf8983738,2026-07-11T10:45:00Z,2026-07-11T12:45:00+0200,2528.41,MW,FR,FR,actual_onshore_wind_generation,Wind Onshore,2026-07-17T04:55:04Z
2026-07-17T04:54:16Z,2026-07-17T06:54:16+0200,4e64d4d3-e4bc-4728-8eea-52acf8983738,2026-07-11T11:00:00Z,2026-07-11T13:00:00+0200,1880.51,MW,FR,FR,actual_onshore_wind_generation,Wind Onshore,2026-07-17T04:55:04Z
2026-07-17T04:54:16Z,2026-07-17T06:54:16+0200,4e64d4d3-e4bc-4728-8eea-52acf8983738,2026-07-11T11:15:00Z,2026-07-11T13:15:00+0200,1718.28,MW,FR,FR,actual_onshore_wind_generation,Wind Onshore,2026-07-17T04:55:04Z
2026-07-17T04:54:16Z,2026-07-17T06:54:16+0200,4e64d4d3-e4bc-4728-8eea-52acf8983738,2026-07-11T11:30:00Z,2026-07-11T13:30:00+0200,1663.19,MW,FR,FR,actual_onshore_wind_generation,Wind Onshore,2026-07-17T04:55:04Z
2026-07-17T04:54:16Z,2026-07-17T06:54:16+0200,4e64d4d3-e4bc-4728-8eea-52acf8983738,2026-07-11T11:45:00Z,2026-07-11T13:45:00+0200,1587.85,MW,FR,FR,actual_onshore_wind_generation,Wind Onshore,2026-07-17T04:55:04Z
2026-07-17T04:54:16Z,2026-07-17T06:54:16+0200,4e64d4d3-e4bc-4728-8eea-52acf8983738,2026-07-11T12:00:00Z,2026-07-11T14:00:00+0200,1551.92,MW,FR,FR,actual_onshore_wind_generation,Wind Onshore,2026-07-17T04:55:04Z
2026-07-17T04:54:16Z,2026-07-17T06:54:16+0200,4e64d4d3-e4bc-4728-8eea-52acf8983738,2026-07-11T12:15:00Z,2026-07-11T14:15:00+0200,1548.5,MW,FR,FR,actual_onshore_wind_generation,Wind Onshore,2026-07-17T04:55:04Z
2026-07-17T04:54:16Z,2026-07-17T06:54:16+0200,4e64d4d3-e4bc-4728-8eea-52acf8983738,2026-07-11T12:30:00Z,2026-07-11T14:30:00+0200,1591.11,MW,FR,FR,actual_onshore_wind_generation,Wind Onshore,2026-07-17T04:55:04Z
2026-07-17T04:54:16Z,2026-07-17T06:54:16+0200,4e64d4d3-e4bc-4728-8eea-52acf8983738,2026-07-11T12:45:00Z,2026-07-11T14:45:00+0200,1673.78,MW,FR,FR,actual_onshore_wind_generation,Wind Onshore,2026-07-17T04:55:04Z
2026-07-17T04:54:16Z,2026-07-17T06:54:16+0200,4e64d4d3-e4bc-4728-8eea-52acf8983738,2026-07-11T13:00:00Z,2026-07-11T15:00:00+0200,2288.36,MW,FR,FR,actual_onshore_wind_generation,Wind Onshore,2026-07-17T04:55:04Z
2026-07-17T04:54:16Z,2026-07-17T06:54:16+0200,4e64d4d3-e4bc-4728-8eea-52acf8983738,2026-07-11T13:15:00Z,2026-07-11T15:15:00+0200,2745.86,MW,FR,FR,actual_onshore_wind_generation,Wind Onshore,2026-07-17T04:55:04Z
2026-07-17T04:54:16Z,2026-07-17T06:54:16+0200,4e64d4d3-e4bc-4728-8eea-52acf8983738,2026-07-11T13:30:00Z,2026-07-11T15:30:00+0200,2907.57,MW,FR,FR,actual_onshore_wind_generation,Wind Onshore,2026-07-17T04:55:04Z
2026-07-17T04:54:16Z,2026-07-17T06:54:16+0200,4e64d4d3-e4bc-4728-8eea-52acf8983738,2026-07-11T13:45:00Z,2026-07-11T15:45:00+0200,3000.89,MW,FR,FR,actual_onshore_wind_generation,Wind Onshore,2026-07-17T04:55:04Z
2026-07-17T04:54:16Z,2026-07-17T06:54:16+0200,4e64d4d3-e4bc-4728-8eea-52acf8983738,2026-07-11T14:00:00Z,2026-07-11T16:00:00+0200,3017.53,MW,FR,FR,actual_onshore_wind_generation,Wind Onshore,2026-07-17T04:55:04Z
2026-07-17T04:54:16Z,2026-07-17T06:54:16+0200,4e64d4d3-e4bc-4728-8eea-52acf8983738,2026-07-11T14:15:00Z,2026-07-11T16:15:00+0200,3184.0,MW,FR,FR,actual_onshore_wind_generation,Wind Onshore,2026-07-17T04:55:04Z
2026-07-17T04:54:16Z,2026-07-17T06:54:16+0200,4e64d4d3-e4bc-4728-8eea-52acf8983738,2026-07-11T14:30:00Z,2026-07-11T16:30:00+0200,3355.63,MW,FR,FR,actual_onshore_wind_generation,Wind Onshore,2026-07-17T04:55:04Z
2026-07-17T04:54:16Z,2026-07-17T06:54:16+0200,4e64d4d3-e4bc-4728-8eea-52acf8983738,2026-07-11T14:45:00Z,2026-07-11T16:45:00+0200,3461.43,MW,FR,FR,actual_onshore_wind_generation,Wind Onshore,2026-07-17T04:55:04Z
2026-07-17T04:54:16Z,2026-07-17T06:54:16+0200,4e64d4d3-e4bc-4728-8eea-52acf8983738,2026-07-11T15:00:00Z,2026-07-11T17:00:00+0200,3645.99,MW,FR,FR,actual_onshore_wind_generation,Wind Onshore,2026-07-17T04:55:04Z
2026-07-17T04:54:16Z,2026-07-17T06:54:16+0200,4e64d4d3-e4bc-4728-8eea-52acf8983738,2026-07-11T15:15:00Z,2026-07-11T17:15:00+0200,3763.51,MW,FR,FR,actual_onshore_wind_generation,Wind Onshore,2026-07-17T04:55:04Z
2026-07-17T04:54:16Z,2026-07-17T06:54:16+0200,4e64d4d3-e4bc-4728-8eea-52acf8983738,2026-07-11T15:30:00Z,2026-07-11T17:30:00+0200,3944.4,MW,FR,FR,actual_onshore_wind_generation,Wind Onshore,2026-07-17T04:55:04Z
2026-07-17T04:54:16Z,2026-07-17T06:54:16+0200,4e64d4d3-e4bc-4728-8eea-52acf8983738,2026-07-11T15:45:00Z,2026-07-11T17:45:00+0200,4054.63,MW,FR,FR,actual_onshore_wind_generation,Wind Onshore,2026-07-17T04:55:04Z
2026-07-17T04:54:16Z,2026-07-17T06:54:16+0200,4e64d4d3-e4bc-4728-8eea-52acf8983738,2026-07-11T16:00:00Z,2026-07-11T18:00:00+0200,4110.18,MW,FR,FR,actual_onshore_wind_generation,Wind Onshore,2026-07-17T04:55:04Z
2026-07-17T04:54:16Z,2026-07-17T06:54:16+0200,4e64d4d3-e4bc-4728-8eea-52acf8983738,2026-07-11T16:15:00Z,2026-07-11T18:15:00+0200,4172.48,MW,FR,FR,actual_onshore_wind_generation,Wind Onshore,2026-07-17T04:55:04Z
2026-07-17T04:54:16Z,2026-07-17T06:54:16+0200,4e64d4d3-e4bc-4728-8eea-52acf8983738,2026-07-11T16:30:00Z,2026-07-11T18:30:00+0200,4291.19,MW,FR,FR,actual_onshore_wind_generation,Wind Onshore,2026-07-17T04:55:04Z
2026-07-17T04:54:16Z,2026-07-17T06:54:16+0200,4e64d4d3-e4bc-4728-8eea-52acf8983738,2026-07-11T16:45:00Z,2026-07-11T18:45:00+0200,4365.06,MW,FR,FR,actual_onshore_wind_generation,Wind Onshore,2026-07-17T04:55:04Z
2026-07-17T04:54:16Z,2026-07-17T06:54:16+0200,4e64d4d3-e4bc-4728-8eea-52acf8983738,2026-07-11T17:00:00Z,2026-07-11T19:00:00+0200,4461.81,MW,FR,FR,actual_onshore_wind_generation,Wind Onshore,2026-07-17T04:55:04Z
2026-07-17T04:54:16Z,2026-07-17T06:54:16+0200,4e64d4d3-e4bc-4728-8eea-52acf8983738,2026-07-11T17:15:00Z,2026-07-11T19:15:00+0200,4586.57,MW,FR,FR,actual_onshore_wind_generation,Wind Onshore,2026-07-17T04:55:04Z
2026-07-17T04:54:16Z,2026-07-17T06:54:16+0200,4e64d4d3-e4bc-4728-8eea-52acf8983738,2026-07-11T17:30:00Z,2026-07-11T19:30:00+0200,4763.4,MW,FR,FR,actual_onshore_wind_generation,Wind Onshore,2026-07-17T04:55:04Z
2026-07-17T04:54:16Z,2026-07-17T06:54:16+0200,4e64d4d3-e4bc-4728-8eea-52acf8983738,2026-07-11T17:45:00Z,2026-07-11T19:45:00+0200,4815.86,MW,FR,FR,actual_onshore_wind_generation,Wind Onshore,2026-07-17T04:55:04Z
2026-07-17T04:54:16Z,2026-07-17T06:54:16+0200,4e64d4d3-e4bc-4728-8eea-52acf8983738,2026-07-11T18:00:00Z,2026-07-11T20:00:00+0200,4882.39,MW,FR,FR,actual_onshore_wind_generation,Wind Onshore,2026-07-17T04:55:04Z
2026-07-17T04:54:16Z,2026-07-17T06:54:16+0200,4e64d4d3-e4bc-4728-8eea-52acf8983738,2026-07-11T18:15:00Z,2026-07-11T20:15:00+0200,5011.35,MW,FR,FR,actual_onshore_wind_generation,Wind Onshore,2026-07-17T04:55:04Z
2026-07-17T04:54:16Z,2026-07-17T06:54:16+0200,4e64d4d3-e4bc-4728-8eea-52acf8983738,2026-07-11T18:30:00Z,2026-07-11T20:30:00+0200,5061.76,MW,FR,FR,actual_onshore_wind_generation,Wind Onshore,2026-07-17T04:55:04Z
2026-07-17T04:54:16Z,2026-07-17T06:54:16+0200,4e64d4d3-e4bc-4728-8eea-52acf8983738,2026-07-11T18:45:00Z,2026-07-11T20:45:00+0200,5062.27,MW,FR,FR,actual_onshore_wind_generation,Wind Onshore,2026-07-17T04:55:04Z
2026-07-17T04:54:16Z,2026-07-17T06:54:16+0200,4e64d4d3-e4bc-4728-8eea-52acf8983738,2026-07-11T19:00:00Z,2026-07-11T21:00:00+0200,5100.17,MW,FR,FR,actual_onshore_wind_generation,Wind Onshore,2026-07-17T04:55:04Z
2026-07-17T04:54:16Z,2026-07-17T06:54:16+0200,4e64d4d3-e4bc-4728-8eea-52acf8983738,2026-07-11T19:15:00Z,2026-07-11T21:15:00+0200,5272.36,MW,FR,FR,actual_onshore_wind_generation,Wind Onshore,2026-07-17T04:55:04Z
2026-07-17T04:54:16Z,2026-07-17T06:54:16+0200,4e64d4d3-e4bc-4728-8eea-52acf8983738,2026-07-11T19:30:00Z,2026-07-11T21:30:00+0200,5502.52,MW,FR,FR,actual_onshore_wind_generation,Wind Onshore,2026-07-17T04:55:04Z
2026-07-17T04:54:16Z,2026-07-17T06:54:16+0200,4e64d4d3-e4bc-4728-8eea-52acf8983738,2026-07-11T19:45:00Z,2026-07-11T21:45:00+0200,5802.16,MW,FR,FR,actual_onshore_wind_generation,Wind Onshore,2026-07-17T04:55:04Z
2026-07-17T04:54:16Z,2026-07-17T06:54:16+0200,4e64d4d3-e4bc-4728-8eea-52acf8983738,2026-07-11T20:00:00Z,2026-07-11T22:00:00+0200,6097.82,MW,FR,FR,actual_onshore_wind_generation,Wind Onshore,2026-07-17T04:55:04Z
2026-07-17T04:54:16Z,2026-07-17T06:54:16+0200,4e64d4d3-e4bc-4728-8eea-52acf8983738,2026-07-11T20:15:00Z,2026-07-11T22:15:00+0200,6384.56,MW,FR,FR,actual_onshore_wind_generation,Wind Onshore,2026-07-17T04:55:04Z
2026-07-17T04:54:16Z,2026-07-17T06:54:16+0200,4e64d4d3-e4bc-4728-8eea-52acf8983738,2026-07-11T20:30:00Z,2026-07-11T22:30:00+0200,6625.45,MW,FR,FR,actual_onshore_wind_generation,Wind Onshore,2026-07-17T04:55:04Z
2026-07-17T04:54:16Z,2026-07-17T06:54:16+0200,4e64d4d3-e4bc-4728-8eea-52acf8983738,2026-07-11T20:45:00Z,2026-07-11T22:45:00+0200,6849.94,MW,FR,FR,actual_onshore_wind_generation,Wind Onshore,2026-07-17T04:55:04Z
2026-07-17T04:54:16Z,2026-07-17T06:54:16+0200,4e64d4d3-e4bc-4728-8eea-52acf8983738,2026-07-11T21:00:00Z,2026-07-11T23:00:00+0200,6945.66,MW,FR,FR,actual_onshore_wind_generation,Wind Onshore,2026-07-17T04:55:04Z
2026-07-17T04:54:16Z,2026-07-17T06:54:16+0200,4e64d4d3-e4bc-4728-8eea-52acf8983738,2026-07-11T21:15:00Z,2026-07-11T23:15:00+0200,6996.85,MW,FR,FR,actual_onshore_wind_generation,Wind Onshore,2026-07-17T04:55:04Z
2026-07-17T04:54:16Z,2026-07-17T06:54:16+0200,4e64d4d3-e4bc-4728-8eea-52acf8983738,2026-07-11T21:30:00Z,2026-07-11T23:30:00+0200,7133.85,MW,FR,FR,actual_onshore_wind_generation,Wind Onshore,2026-07-17T04:55:04Z
2026-07-17T04:54:16Z,2026-07-17T06:54:16+0200,4e64d4d3-e4bc-4728-8eea-52acf8983738,2026-07-11T21:45:00Z,2026-07-11T23:45:00+0200,7324.8,MW,FR,FR,actual_onshore_wind_generation,Wind Onshore,2026-07-17T04:55:04Z
2026-07-17T04:54:16Z,2026-07-17T06:54:16+0200,4e64d4d3-e4bc-4728-8eea-52acf8983738,2026-07-11T22:00:00Z,2026-07-12T00:00:00+0200,7298.76,MW,FR,FR,actual_onshore_wind_generation,Wind Onshore,2026-07-17T04:55:04Z
2026-07-17T04:54:16Z,2026-07-17T06:54:16+0200,4e64d4d3-e4bc-4728-8eea-52acf8983738,2026-07-11T22:15:00Z,2026-07-12T00:15:00+0200,7383.33,MW,FR,FR,actual_onshore_wind_generation,Wind Onshore,2026-07-17T04:55:04Z
2026-07-17T04:54:16Z,2026-07-17T06:54:16+0200,4e64d4d3-e4bc-4728-8eea-52acf8983738,2026-07-11T22:30:00Z,2026-07-12T00:30:00+0200,7417.14,MW,FR,FR,actual_onshore_wind_generation,Wind Onshore,2026-07-17T04:55:04Z
2026-07-17T04:54:16Z,2026-07-17T06:54:16+0200,4e64d4d3-e4bc-4728-8eea-52acf8983738,2026-07-11T22:45:00Z,2026-07-12T00:45:00+0200,7424.68,MW,FR,FR,actual_onshore_wind_generation,Wind Onshore,2026-07-17T04:55:04Z
2026-07-17T04:54:16Z,2026-07-17T06:54:16+0200,4e64d4d3-e4bc-4728-8eea-52acf8983738,2026-07-11T23:00:00Z,2026-07-12T01:00:00+0200,7288.23,MW,FR,FR,actual_onshore_wind_generation,Wind Onshore,2026-07-17T04:55:04Z
2026-07-17T04:54:16Z,2026-07-17T06:54:16+0200,4e64d4d3-e4bc-4728-8eea-52acf8983738,2026-07-11T23:15:00Z,2026-07-12T01:15:00+0200,7287.16,MW,FR,FR,actual_onshore_wind_generation,Wind Onshore,2026-07-17T04:55:04Z
2026-07-17T04:54:16Z,2026-07-17T06:54:16+0200,4e64d4d3-e4bc-4728-8eea-52acf8983738,2026-07-11T23:30:00Z,2026-07-12T01:30:00+0200,7297.96,MW,FR,FR,actual_onshore_wind_generation,Wind Onshore,2026-07-17T04:55:04Z
2026-07-17T04:54:16Z,2026-07-17T06:54:16+0200,4e64d4d3-e4bc-4728-8eea-52acf8983738,2026-07-11T23:45:00Z,2026-07-12T01:45:00+0200,7331.84,MW,FR,FR,actual_onshore_wind_generation,Wind Onshore,2026-07-17T04:55:04Z
2026-07-17T04:54:16Z,2026-07-17T06:54:16+0200,4e64d4d3-e4bc-4728-8eea-52acf8983738,2026-07-12T00:00:00Z,2026-07-12T02:00:00+0200,7450.79,MW,FR,FR,actual_onshore_wind_generation,Wind Onshore,2026-07-17T04:55:04Z
2026-07-17T04:54:16Z,2026-07-17T06:54:16+0200,4e64d4d3-e4bc-4728-8eea-52acf8983738,2026-07-12T00:15:00Z,2026-07-12T02:15:00+0200,7490.28,MW,FR,FR,actual_onshore_wind_generation,Wind Onshore,2026-07-17T04:55:04Z
2026-07-17T04:54:16Z,2026-07-17T06:54:16+0200,4e64d4d3-e4bc-4728-8eea-52acf8983738,2026-07-12T00:30:00Z,2026-07-12T02:30:00+0200,7510.94,MW,FR,FR,actual_onshore_wind_generation,Wind Onshore,2026-07-17T04:55:04Z
2026-07-17T04:54:16Z,2026-07-17T06:54:16+0200,4e64d4d3-e4bc-4728-8eea-52acf8983738,2026-07-12T00:45:00Z,2026-07-12T02:45:00+0200,7481.27,MW,FR,FR,actual_onshore_wind_generation,Wind Onshore,2026-07-17T04:55:04Z
2026-07-17T04:54:16Z,2026-07-17T06:54:16+0200,4e64d4d3-e4bc-4728-8eea-52acf8983738,2026-07-12T01:00:00Z,2026-07-12T03:00:00+0200,7493.83,MW,FR,FR,actual_onshore_wind_generation,Wind Onshore,2026-07-17T04:55:04Z
2026-07-17T04:54:16Z,2026-07-17T06:54:16+0200,4e64d4d3-e4bc-4728-8eea-52acf8983738,2026-07-12T01:15:00Z,2026-07-12T03:15:00+0200,7484.54,MW,FR,FR,actual_onshore_wind_generation,Wind Onshore,2026-07-17T04:55:04Z
2026-07-17T04:54:16Z,2026-07-17T06:54:16+0200,4e64d4d3-e4bc-4728-8eea-52acf8983738,2026-07-12T01:30:00Z,2026-07-12T03:30:00+0200,7444.7,MW,FR,FR,actual_onshore_wind_generation,Wind Onshore,2026-07-17T04:55:04Z
2026-07-17T04:54:16Z,2026-07-17T06:54:16+0200,4e64d4d3-e4bc-4728-8eea-52acf8983738,2026-07-12T01:45:00Z,2026-07-12T03:45:00+0200,7297.04,MW,FR,FR,actual_onshore_wind_generation,Wind Onshore,2026-07-17T04:55:04Z
2026-07-17T04:54:16Z,2026-07-17T06:54:16+0200,4e64d4d3-e4bc-4728-8eea-52acf8983738,2026-07-12T02:00:00Z,2026-07-12T04:00:00+0200,7328.9,MW,FR,FR,actual_onshore_wind_generation,Wind Onshore,2026-07-17T04:55:04Z
2026-07-17T04:54:16Z,2026-07-17T06:54:16+0200,4e64d4d3-e4bc-4728-8eea-52acf8983738,2026-07-12T02:15:00Z,2026-07-12T04:15:00+0200,7364.98,MW,FR,FR,actual_onshore_wind_generation,Wind Onshore,2026-07-17T04:55:04Z
2026-07-17T04:54:16Z,2026-07-17T06:54:16+0200,4e64d4d3-e4bc-4728-8eea-52acf8983738,2026-07-12T02:30:00Z,2026-07-12T04:30:00+0200,7293.69,MW,FR,FR,actual_onshore_wind_generation,Wind Onshore,2026-07-17T04:55:04Z
2026-07-17T04:54:16Z,2026-07-17T06:54:16+0200,4e64d4d3-e4bc-4728-8eea-52acf8983738,2026-07-12T02:45:00Z,2026-07-12T04:45:00+0200,7167.17,MW,FR,FR,actual_onshore_wind_generation,Wind Onshore,2026-07-17T04:55:04Z
2026-07-17T04:54:16Z,2026-07-17T06:54:16+0200,4e64d4d3-e4bc-4728-8eea-52acf8983738,2026-07-12T03:00:00Z,2026-07-12T05:00:00+0200,7056.73,MW,FR,FR,actual_onshore_wind_generation,Wind Onshore,2026-07-17T04:55:04Z
2026-07-17T04:54:16Z,2026-07-17T06:54:16+0200,4e64d4d3-e4bc-4728-8eea-52acf8983738,2026-07-12T03:15:00Z,2026-07-12T05:15:00+0200,6919.49,MW,FR,FR,actual_onshore_wind_generation,Wind Onshore,2026-07-17T04:55:04Z
2026-07-17T04:54:16Z,2026-07-17T06:54:16+0200,4e64d4d3-e4bc-4728-8eea-52acf8983738,2026-07-12T03:30:00Z,2026-07-12T05:30:00+0200,6898.97,MW,FR,FR,actual_onshore_wind_generation,Wind Onshore,2026-07-17T04:55:04Z
2026-07-17T04:54:16Z,2026-07-17T06:54:16+0200,4e64d4d3-e4bc-4728-8eea-52acf8983738,2026-07-12T03:45:00Z,2026-07-12T05:45:00+0200,6924.72,MW,FR,FR,actual_onshore_wind_generation,Wind Onshore,2026-07-17T04:55:04Z
2026-07-17T04:54:16Z,2026-07-17T06:54:16+0200,4e64d4d3-e4bc-4728-8eea-52acf8983738,2026-07-12T04:00:00Z,2026-07-12T06:00:00+0200,6875.72,MW,FR,FR,actual_onshore_wind_generation,Wind Onshore,2026-07-17T04:55:04Z
2026-07-17T04:54:16Z,2026-07-17T06:54:16+0200,4e64d4d3-e4bc-4728-8eea-52acf8983738,2026-07-12T04:15:00Z,2026-07-12T06:15:00+0200,6731.69,MW,FR,FR,actual_onshore_wind_generation,Wind Onshore,2026-07-17T04:55:04Z
2026-07-17T04:54:16Z,2026-07-17T06:54:16+0200,4e64d4d3-e4bc-4728-8eea-52acf8983738,2026-07-12T04:30:00Z,2026-07-12T06:30:00+0200,6656.66,MW,FR,FR,actual_onshore_wind_generation,Wind Onshore,2026-07-17T04:55:04Z
2026-07-17T04:54:16Z,2026-07-17T06:54:16+0200,4e64d4d3-e4bc-4728-8eea-52acf8983738,2026-07-12T04:45:00Z,2026-07-12T06:45:00+0200,6453.22,MW,FR,FR,actual_onshore_wind_generation,Wind Onshore,2026-07-17T04:55:04Z
2026-07-17T04:54:16Z,2026-07-17T06:54:16+0200,4e64d4d3-e4bc-4728-8eea-52acf8983738,2026-07-12T05:00:00Z,2026-07-12T07:00:00+0200,6329.59,MW,FR,FR,actual_onshore_wind_generation,Wind Onshore,2026-07-17T04:55:04Z
2026-07-17T04:54:16Z,2026-07-17T06:54:16+0200,4e64d4d3-e4bc-4728-8eea-52acf8983738,2026-07-12T05:15:00Z,2026-07-12T07:15:00+0200,6067.56,MW,FR,FR,actual_onshore_wind_generation,Wind Onshore,2026-07-17T04:55:04Z
2026-07-17T04:54:16Z,2026-07-17T06:54:16+0200,4e64d4d3-e4bc-4728-8eea-52acf8983738,2026-07-12T05:30:00Z,2026-07-12T07:30:00+0200,5763.7,MW,FR,FR,actual_onshore_wind_generation,Wind Onshore,2026-07-17T04:55:04Z
2026-07-17T04:54:16Z,2026-07-17T06:54:16+0200,4e64d4d3-e4bc-4728-8eea-52acf8983738,2026-07-12T05:45:00Z,2026-07-12T07:45:00+0200,5390.52,MW,FR,FR,actual_onshore_wind_generation,Wind Onshore,2026-07-17T04:55:04Z
2026-07-17T04:54:16Z,2026-07-17T06:54:16+0200,4e64d4d3-e4bc-4728-8eea-52acf8983738,2026-07-12T06:00:00Z,2026-07-12T08:00:00+0200,4989.57,MW,FR,FR,actual_onshore_wind_generation,Wind Onshore,2026-07-17T04:55:04Z
2026-07-17T04:54:16Z,2026-07-17T06:54:16+0200,4e64d4d3-e4bc-4728-8eea-52acf8983738,2026-07-12T06:15:00Z,2026-07-12T08:15:00+0200,4580.61,MW,FR,FR,actual_onshore_wind_generation,Wind Onshore,2026-07-17T04:55:04Z
2026-07-17T04:54:16Z,2026-07-17T06:54:16+0200,4e64d4d3-e4bc-4728-8eea-52acf8983738,2026-07-12T06:30:00Z,2026-07-12T08:30:00+0200,4240.59,MW,FR,FR,actual_onshore_wind_generation,Wind Onshore,2026-07-17T04:55:04Z
2026-07-17T04:54:16Z,2026-07-17T06:54:16+0200,4e64d4d3-e4bc-4728-8eea-52acf8983738,2026-07-12T06:45:00Z,2026-07-12T08:45:00+0200,3956.77,MW,FR,FR,actual_onshore_wind_generation,Wind Onshore,2026-07-17T04:55:04Z
2026-07-17T04:54:16Z,2026-07-17T06:54:16+0200,4e64d4d3-e4bc-4728-8eea-52acf8983738,2026-07-12T07:00:00Z,2026-07-12T09:00:00+0200,3798.75,MW,FR,FR,actual_onshore_wind_generation,Wind Onshore,2026-07-17T04:55:04Z
2026-07-17T04:54:16Z,2026-07-17T06:54:16+0200,4e64d4d3-e4bc-4728-8eea-52acf8983738,2026-07-12T07:15:00Z,2026-07-12T09:15:00+0200,3689.45,MW,FR,FR,actual_onshore_wind_generation,Wind Onshore,2026-07-17T04:55:04Z
2026-07-17T04:54:16Z,2026-07-17T06:54:16+0200,4e64d4d3-e4bc-4728-8eea-52acf8983738,2026-07-12T07:30:00Z,2026-07-12T09:30:00+0200,3569.87,MW,FR,FR,actual_onshore_wind_generation,Wind Onshore,2026-07-17T04:55:04Z
2026-07-17T04:54:16Z,2026-07-17T06:54:16+0200,4e64d4d3-e4bc-4728-8eea-52acf8983738,2026-07-12T07:45:00Z,2026-07-12T09:45:00+0200,3343.06,MW,FR,FR,actual_onshore_wind_generation,Wind Onshore,2026-07-17T04:55:04Z
2026-07-17T04:54:16Z,2026-07-17T06:54:16+0200,4e64d4d3-e4bc-4728-8eea-52acf8983738,2026-07-12T08:00:00Z,2026-07-12T10:00:00+0200,2583.43,MW,FR,FR,actual_onshore_wind_generation,Wind Onshore,2026-07-17T04:55:04Z
2026-07-17T04:54:16Z,2026-07-17T06:54:16+0200,4e64d4d3-e4bc-4728-8eea-52acf8983738,2026-07-12T08:15:00Z,2026-07-12T10:15:00+0200,2487.54,MW,FR,FR,actual_onshore_wind_generation,Wind Onshore,2026-07-17T04:55:04Z
2026-07-17T04:54:16Z,2026-07-17T06:54:16+0200,4e64d4d3-e4bc-4728-8eea-52acf8983738,2026-07-12T08:30:00Z,2026-07-12T10:30:00+0200,2397.13,MW,FR,FR,actual_onshore_wind_generation,Wind Onshore,2026-07-17T04:55:04Z
2026-07-17T04:54:16Z,2026-07-17T06:54:16+0200,4e64d4d3-e4bc-4728-8eea-52acf8983738,2026-07-12T08:45:00Z,2026-07-12T10:45:00+0200,2063.34,MW,FR,FR,actual_onshore_wind_generation,Wind Onshore,2026-07-17T04:55:04Z
2026-07-17T04:54:16Z,2026-07-17T06:54:16+0200,4e64d4d3-e4bc-4728-8eea-52acf8983738,2026-07-12T09:00:00Z,2026-07-12T11:00:00+0200,1538.43,MW,FR,FR,actual_onshore_wind_generation,Wind Onshore,2026-07-17T04:55:04Z
2026-07-17T04:54:16Z,2026-07-17T06:54:16+0200,4e64d4d3-e4bc-4728-8eea-52acf8983738,2026-07-12T09:15:00Z,2026-07-12T11:15:00+0200,1458.41,MW,FR,FR,actual_onshore_wind_generation,Wind Onshore,2026-07-17T04:55:04Z
2026-07-17T04:54:16Z,2026-07-17T06:54:16+0200,4e64d4d3-e4bc-4728-8eea-52acf8983738,2026-07-12T09:30:00Z,2026-07-12T11:30:00+0200,1487.93,MW,FR,FR,actual_onshore_wind_generation,Wind Onshore,2026-07-17T04:55:04Z
2026-07-17T04:54:16Z,2026-07-17T06:54:16+0200,4e64d4d3-e4bc-4728-8eea-52acf8983738,2026-07-12T09:45:00Z,2026-07-12T11:45:00+0200,1527.05,MW,FR,FR,actual_onshore_wind_generation,Wind Onshore,2026-07-17T04:55:04Z
2026-07-17T04:54:16Z,2026-07-17T06:54:16+0200,4e64d4d3-e4bc-4728-8eea-52acf8983738,2026-07-12T10:00:00Z,2026-07-12T12:00:00+0200,1582.45,MW,FR,FR,actual_onshore_wind_generation,Wind Onshore,2026-07-17T04:55:04Z
2026-07-17T04:54:16Z,2026-07-17T06:54:16+0200,4e64d4d3-e4bc-4728-8eea-52acf8983738,2026-07-12T10:15:00Z,2026-07-12T12:15:00+0200,1550.87,MW,FR,FR,actual_onshore_wind_generation,Wind Onshore,2026-07-17T04:55:04Z
2026-07-17T04:54:16Z,2026-07-17T06:54:16+0200,4e64d4d3-e4bc-4728-8eea-52acf8983738,2026-07-12T10:30:00Z,2026-07-12T12:30:00+0200,1625.04,MW,FR,FR,actual_onshore_wind_generation,Wind Onshore,2026-07-17T04:55:04Z
2026-07-17T04:54:16Z,2026-07-17T06:54:16+0200,4e64d4d3-e4bc-4728-8eea-52acf8983738,2026-07-12T10:45:00Z,2026-07-12T12:45:00+0200,1648.44,MW,FR,FR,actual_onshore_wind_generation,Wind Onshore,2026-07-17T04:55:04Z
2026-07-17T04:54:16Z,2026-07-17T06:54:16+0200,4e64d4d3-e4bc-4728-8eea-52acf8983738,2026-07-12T11:00:00Z,2026-07-12T13:00:00+0200,1646.7,MW,FR,FR,actual_onshore_wind_generation,Wind Onshore,2026-07-17T04:55:04Z
2026-07-17T04:54:16Z,2026-07-17T06:54:16+0200,4e64d4d3-e4bc-4728-8eea-52acf8983738,2026-07-12T11:15:00Z,2026-07-12T13:15:00+0200,1637.98,MW,FR,FR,actual_onshore_wind_generation,Wind Onshore,2026-07-17T04:55:04Z
2026-07-17T04:54:16Z,2026-07-17T06:54:16+0200,4e64d4d3-e4bc-4728-8eea-52acf8983738,2026-07-12T11:30:00Z,2026-07-12T13:30:00+0200,1664.85,MW,FR,FR,actual_onshore_wind_generation,Wind Onshore,2026-07-17T04:55:04Z
2026-07-17T04:54:16Z,2026-07-17T06:54:16+0200,4e64d4d3-e4bc-4728-8eea-52acf8983738,2026-07-12T11:45:00Z,2026-07-12T13:45:00+0200,1668.2,MW,FR,FR,actual_onshore_wind_generation,Wind Onshore,2026-07-17T04:55:04Z
2026-07-17T04:54:16Z,2026-07-17T06:54:16+0200,4e64d4d3-e4bc-4728-8eea-52acf8983738,2026-07-12T12:00:00Z,2026-07-12T14:00:00+0200,1633.26,MW,FR,FR,actual_onshore_wind_generation,Wind Onshore,2026-07-17T04:55:04Z
2026-07-17T04:54:16Z,2026-07-17T06:54:16+0200,4e64d4d3-e4bc-4728-8eea-52acf8983738,2026-07-12T12:15:00Z,2026-07-12T14:15:00+0200,1656.69,MW,FR,FR,actual_onshore_wind_generation,Wind Onshore,2026-07-17T04:55:04Z
2026-07-17T04:54:16Z,2026-07-17T06:54:16+0200,4e64d4d3-e4bc-4728-8eea-52acf8983738,2026-07-12T12:30:00Z,2026-07-12T14:30:00+0200,1646.57,MW,FR,FR,actual_onshore_wind_generation,Wind Onshore,2026-07-17T04:55:04Z
2026-07-17T04:54:16Z,2026-07-17T06:54:16+0200,4e64d4d3-e4bc-4728-8eea-52acf8983738,2026-07-12T12:45:00Z,2026-07-12T14:45:00+0200,1640.68,MW,FR,FR,actual_onshore_wind_generation,Wind Onshore,2026-07-17T04:55:04Z
2026-07-17T04:54:16Z,2026-07-17T06:54:16+0200,4e64d4d3-e4bc-4728-8eea-52acf8983738,2026-07-12T13:00:00Z,2026-07-12T15:00:00+0200,1676.72,MW,FR,FR,actual_onshore_wind_generation,Wind Onshore,2026-07-17T04:55:04Z
2026-07-17T04:54:16Z,2026-07-17T06:54:16+0200,4e64d4d3-e4bc-4728-8eea-52acf8983738,2026-07-12T13:15:00Z,2026-07-12T15:15:00+0200,1688.17,MW,FR,FR,actual_onshore_wind_generation,Wind Onshore,2026-07-17T04:55:04Z
2026-07-17T04:54:16Z,2026-07-17T06:54:16+0200,4e64d4d3-e4bc-4728-8eea-52acf8983738,2026-07-12T13:30:00Z,2026-07-12T15:30:00+0200,1672.3,MW,FR,FR,actual_onshore_wind_generation,Wind Onshore,2026-07-17T04:55:04Z
2026-07-17T04:54:16Z,2026-07-17T06:54:16+0200,4e64d4d3-e4bc-4728-8eea-52acf8983738,2026-07-12T13:45:00Z,2026-07-12T15:45:00+0200,1695.37,MW,FR,FR,actual_onshore_wind_generation,Wind Onshore,2026-07-17T04:55:04Z
2026-07-17T04:54:16Z,2026-07-17T06:54:16+0200,4e64d4d3-e4bc-4728-8eea-52acf8983738,2026-07-12T14:00:00Z,2026-07-12T16:00:00+0200,1761.55,MW,FR,FR,actual_onshore_wind_generation,Wind Onshore,2026-07-17T04:55:04Z
2026-07-17T04:54:16Z,2026-07-17T06:54:16+0200,4e64d4d3-e4bc-4728-8eea-52acf8983738,2026-07-12T14:15:00Z,2026-07-12T16:15:00+0200,1807.86,MW,FR,FR,actual_onshore_wind_generation,Wind Onshore,2026-07-17T04:55:04Z
2026-07-17T04:54:16Z,2026-07-17T06:54:16+0200,4e64d4d3-e4bc-4728-8eea-52acf8983738,2026-07-12T14:30:00Z,2026-07-12T16:30:00+0200,2010.42,MW,FR,FR,actual_onshore_wind_generation,Wind Onshore,2026-07-17T04:55:04Z
2026-07-17T04:54:16Z,2026-07-17T06:54:16+0200,4e64d4d3-e4bc-4728-8eea-52acf8983738,2026-07-12T14:45:00Z,2026-07-12T16:45:00+0200,3335.48,MW,FR,FR,actual_onshore_wind_generation,Wind Onshore,2026-07-17T04:55:04Z
2026-07-17T04:54:16Z,2026-07-17T06:54:16+0200,4e64d4d3-e4bc-4728-8eea-52acf8983738,2026-07-12T15:00:00Z,2026-07-12T17:00:00+0200,4420.2,MW,FR,FR,actual_onshore_wind_generation,Wind Onshore,2026-07-17T04:55:04Z
2026-07-17T04:54:16Z,2026-07-17T06:54:16+0200,4e64d4d3-e4bc-4728-8eea-52acf8983738,2026-07-12T15:15:00Z,2026-07-12T17:15:00+0200,6334.23,MW,FR,FR,actual_onshore_wind_generation,Wind Onshore,2026-07-17T04:55:04Z
2026-07-17T04:54:16Z,2026-07-17T06:54:16+0200,4e64d4d3-e4bc-4728-8eea-52acf8983738,2026-07-12T15:30:00Z,2026-07-12T17:30:00+0200,7499.55,MW,FR,FR,actual_onshore_wind_generation,Wind Onshore,2026-07-17T04:55:04Z
2026-07-17T04:54:16Z,2026-07-17T06:54:16+0200,4e64d4d3-e4bc-4728-8eea-52acf8983738,2026-07-12T15:45:00Z,2026-07-12T17:45:00+0200,7866.14,MW,FR,FR,actual_onshore_wind_generation,Wind Onshore,2026-07-17T04:55:04Z
2026-07-17T04:54:16Z,2026-07-17T06:54:16+0200,4e64d4d3-e4bc-4728-8eea-52acf8983738,2026-07-12T16:00:00Z,2026-07-12T18:00:00+0200,8089.92,MW,FR,FR,actual_onshore_wind_generation,Wind Onshore,2026-07-17T04:55:04Z
2026-07-17T04:54:16Z,2026-07-17T06:54:16+0200,4e64d4d3-e4bc-4728-8eea-52acf8983738,2026-07-12T16:15:00Z,2026-07-12T18:15:00+0200,8196.37,MW,FR,FR,actual_onshore_wind_generation,Wind Onshore,2026-07-17T04:55:04Z
2026-07-17T04:54:16Z,2026-07-17T06:54:16+0200,4e64d4d3-e4bc-4728-8eea-52acf8983738,2026-07-12T16:30:00Z,2026-07-12T18:30:00+0200,8473.7,MW,FR,FR,actual_onshore_wind_generation,Wind Onshore,2026-07-17T04:55:04Z
2026-07-17T04:54:16Z,2026-07-17T06:54:16+0200,4e64d4d3-e4bc-4728-8eea-52acf8983738,2026-07-12T16:45:00Z,2026-07-12T18:45:00+0200,8774.33,MW,FR,FR,actual_onshore_wind_generation,Wind Onshore,2026-07-17T04:55:04Z
2026-07-17T04:54:16Z,2026-07-17T06:54:16+0200,4e64d4d3-e4bc-4728-8eea-52acf8983738,2026-07-12T17:00:00Z,2026-07-12T19:00:00+0200,9016.5,MW,FR,FR,actual_onshore_wind_generation,Wind Onshore,2026-07-17T04:55:04Z
2026-07-17T04:54:16Z,2026-07-17T06:54:16+0200,4e64d4d3-e4bc-4728-8eea-52acf8983738,2026-07-12T17:15:00Z,2026-07-12T19:15:00+0200,9206.53,MW,FR,FR,actual_onshore_wind_generation,Wind Onshore,2026-07-17T04:55:04Z
2026-07-17T04:54:16Z,2026-07-17T06:54:16+0200,4e64d4d3-e4bc-4728-8eea-52acf8983738,2026-07-12T17:30:00Z,2026-07-12T19:30:00+0200,9470.92,MW,FR,FR,actual_onshore_wind_generation,Wind Onshore,2026-07-17T04:55:04Z
2026-07-17T04:54:16Z,2026-07-17T06:54:16+0200,4e64d4d3-e4bc-4728-8eea-52acf8983738,2026-07-12T17:45:00Z,2026-07-12T19:45:00+0200,9623.93,MW,FR,FR,actual_onshore_wind_generation,Wind Onshore,2026-07-17T04:55:04Z
2026-07-17T04:54:16Z,2026-07-17T06:54:16+0200,4e64d4d3-e4bc-4728-8eea-52acf8983738,2026-07-12T18:00:00Z,2026-07-12T20:00:00+0200,9619.21,MW,FR,FR,actual_onshore_wind_generation,Wind Onshore,2026-07-17T04:55:04Z
2026-07-17T04:54:16Z,2026-07-17T06:54:16+0200,4e64d4d3-e4bc-4728-8eea-52acf8983738,2026-07-12T18:15:00Z,2026-07-12T20:15:00+0200,9615.7,MW,FR,FR,actual_onshore_wind_generation,Wind Onshore,2026-07-17T04:55:04Z
2026-07-17T04:54:16Z,2026-07-17T06:54:16+0200,4e64d4d3-e4bc-4728-8eea-52acf8983738,2026-07-12T18:30:00Z,2026-07-12T20:30:00+0200,9531.09,MW,FR,FR,actual_onshore_wind_generation,Wind Onshore,2026-07-17T04:55:04Z
2026-07-17T04:54:16Z,2026-07-17T06:54:16+0200,4e64d4d3-e4bc-4728-8eea-52acf8983738,2026-07-12T18:45:00Z,2026-07-12T20:45:00+0200,9371.87,MW,FR,FR,actual_onshore_wind_generation,Wind Onshore,2026-07-17T04:55:04Z
2026-07-17T04:54:16Z,2026-07-17T06:54:16+0200,4e64d4d3-e4bc-4728-8eea-52acf8983738,2026-07-12T19:00:00Z,2026-07-12T21:00:00+0200,9396.61,MW,FR,FR,actual_onshore_wind_generation,Wind Onshore,2026-07-17T04:55:04Z
2026-07-17T04:54:16Z,2026-07-17T06:54:16+0200,4e64d4d3-e4bc-4728-8eea-52acf8983738,2026-07-12T19:15:00Z,2026-07-12T21:15:00+0200,9443.74,MW,FR,FR,actual_onshore_wind_generation,Wind Onshore,2026-07-17T04:55:04Z
2026-07-17T04:54:16Z,2026-07-17T06:54:16+0200,4e64d4d3-e4bc-4728-8eea-52acf8983738,2026-07-12T19:30:00Z,2026-07-12T21:30:00+0200,9666.16,MW,FR,FR,actual_onshore_wind_generation,Wind Onshore,2026-07-17T04:55:04Z
2026-07-17T04:54:16Z,2026-07-17T06:54:16+0200,4e64d4d3-e4bc-4728-8eea-52acf8983738,2026-07-12T19:45:00Z,2026-07-12T21:45:00+0200,10070.3,MW,FR,FR,actual_onshore_wind_generation,Wind Onshore,2026-07-17T04:55:04Z
2026-07-17T04:54:16Z,2026-07-17T06:54:16+0200,4e64d4d3-e4bc-4728-8eea-52acf8983738,2026-07-12T20:00:00Z,2026-07-12T22:00:00+0200,10358.4,MW,FR,FR,actual_onshore_wind_generation,Wind Onshore,2026-07-17T04:55:04Z
2026-07-17T04:54:16Z,2026-07-17T06:54:16+0200,4e64d4d3-e4bc-4728-8eea-52acf8983738,2026-07-12T20:15:00Z,2026-07-12T22:15:00+0200,10704.92,MW,FR,FR,actual_onshore_wind_generation,Wind Onshore,2026-07-17T04:55:04Z
2026-07-17T04:54:16Z,2026-07-17T06:54:16+0200,4e64d4d3-e4bc-4728-8eea-52acf8983738,2026-07-12T20:30:00Z,2026-07-12T22:30:00+0200,11083.18,MW,FR,FR,actual_onshore_wind_generation,Wind Onshore,2026-07-17T04:55:04Z
2026-07-17T04:54:16Z,2026-07-17T06:54:16+0200,4e64d4d3-e4bc-4728-8eea-52acf8983738,2026-07-12T20:45:00Z,2026-07-12T22:45:00+0200,11303.42,MW,FR,FR,actual_onshore_wind_generation,Wind Onshore,2026-07-17T04:55:04Z
2026-07-17T04:54:16Z,2026-07-17T06:54:16+0200,4e64d4d3-e4bc-4728-8eea-52acf8983738,2026-07-12T21:00:00Z,2026-07-12T23:00:00+0200,11492.67,MW,FR,FR,actual_onshore_wind_generation,Wind Onshore,2026-07-17T04:55:04Z
2026-07-17T04:54:16Z,2026-07-17T06:54:16+0200,4e64d4d3-e4bc-4728-8eea-52acf8983738,2026-07-12T21:15:00Z,2026-07-12T23:15:00+0200,11577.54,MW,FR,FR,actual_onshore_wind_generation,Wind Onshore,2026-07-17T04:55:04Z
2026-07-17T04:54:16Z,2026-07-17T06:54:16+0200,4e64d4d3-e4bc-4728-8eea-52acf8983738,2026-07-12T21:30:00Z,2026-07-12T23:30:00+0200,11633.51,MW,FR,FR,actual_onshore_wind_generation,Wind Onshore,2026-07-17T04:55:04Z
2026-07-17T04:54:16Z,2026-07-17T06:54:16+0200,4e64d4d3-e4bc-4728-8eea-52acf8983738,2026-07-12T21:45:00Z,2026-07-12T23:45:00+0200,11658.95,MW,FR,FR,actual_onshore_wind_generation,Wind Onshore,2026-07-17T04:55:04Z
2026-07-17T04:54:16Z,2026-07-17T06:54:16+0200,4e64d4d3-e4bc-4728-8eea-52acf8983738,2026-07-12T22:00:00Z,2026-07-13T00:00:00+0200,11673.61,MW,FR,FR,actual_onshore_wind_generation,Wind Onshore,2026-07-17T04:55:04Z
2026-07-17T04:54:16Z,2026-07-17T06:54:16+0200,4e64d4d3-e4bc-4728-8eea-52acf8983738,2026-07-12T22:15:00Z,2026-07-13T00:15:00+0200,11739.27,MW,FR,FR,actual_onshore_wind_generation,Wind Onshore,2026-07-17T04:55:04Z
2026-07-17T04:54:16Z,2026-07-17T06:54:16+0200,4e64d4d3-e4bc-4728-8eea-52acf8983738,2026-07-12T22:30:00Z,2026-07-13T00:30:00+0200,11661.94,MW,FR,FR,actual_onshore_wind_generation,Wind Onshore,2026-07-17T04:55:04Z
2026-07-17T04:54:16Z,2026-07-17T06:54:16+0200,4e64d4d3-e4bc-4728-8eea-52acf8983738,2026-07-12T22:45:00Z,2026-07-13T00:45:00+0200,11647.42,MW,FR,FR,actual_onshore_wind_generation,Wind Onshore,2026-07-17T04:55:04Z
2026-07-17T04:54:16Z,2026-07-17T06:54:16+0200,4e64d4d3-e4bc-4728-8eea-52acf8983738,2026-07-12T23:00:00Z,2026-07-13T01:00:00+0200,11572.49,MW,FR,FR,actual_onshore_wind_generation,Wind Onshore,2026-07-17T04:55:04Z
2026-07-17T04:54:16Z,2026-07-17T06:54:16+0200,4e64d4d3-e4bc-4728-8eea-52acf8983738,2026-07-12T23:15:00Z,2026-07-13T01:15:00+0200,11472.12,MW,FR,FR,actual_onshore_wind_generation,Wind Onshore,2026-07-17T04:55:04Z
2026-07-17T04:54:16Z,2026-07-17T06:54:16+0200,4e64d4d3-e4bc-4728-8eea-52acf8983738,2026-07-12T23:30:00Z,2026-07-13T01:30:00+0200,11371.58,MW,FR,FR,actual_onshore_wind_generation,Wind Onshore,2026-07-17T04:55:04Z
2026-07-17T04:54:16Z,2026-07-17T06:54:16+0200,4e64d4d3-e4bc-4728-8eea-52acf8983738,2026-07-12T23:45:00Z,2026-07-13T01:45:00+0200,11350.07,MW,FR,FR,actual_onshore_wind_generation,Wind Onshore,2026-07-17T04:55:04Z
2026-07-17T04:54:16Z,2026-07-17T06:54:16+0200,4e64d4d3-e4bc-4728-8eea-52acf8983738,2026-07-13T00:00:00Z,2026-07-13T02:00:00+0200,11237.52,MW,FR,FR,actual_onshore_wind_generation,Wind Onshore,2026-07-17T04:55:04Z
2026-07-17T04:54:16Z,2026-07-17T06:54:16+0200,4e64d4d3-e4bc-4728-8eea-52acf8983738,2026-07-13T00:15:00Z,2026-07-13T02:15:00+0200,11060.4,MW,FR,FR,actual_onshore_wind_generation,Wind Onshore,2026-07-17T04:55:04Z
2026-07-17T04:54:16Z,2026-07-17T06:54:16+0200,4e64d4d3-e4bc-4728-8eea-52acf8983738,2026-07-13T00:30:00Z,2026-07-13T02:30:00+0200,10867.93,MW,FR,FR,actual_onshore_wind_generation,Wind Onshore,2026-07-17T04:55:04Z
2026-07-17T04:54:16Z,2026-07-17T06:54:16+0200,4e64d4d3-e4bc-4728-8eea-52acf8983738,2026-07-13T00:45:00Z,2026-07-13T02:45:00+0200,10706.15,MW,FR,FR,actual_onshore_wind_generation,Wind Onshore,2026-07-17T04:55:04Z
2026-07-17T04:54:16Z,2026-07-17T06:54:16+0200,4e64d4d3-e4bc-4728-8eea-52acf8983738,2026-07-13T01:00:00Z,2026-07-13T03:00:00+0200,10560.25,MW,FR,FR,actual_onshore_wind_generation,Wind Onshore,2026-07-17T04:55:04Z
2026-07-17T04:54:16Z,2026-07-17T06:54:16+0200,4e64d4d3-e4bc-4728-8eea-52acf8983738,2026-07-13T01:15:00Z,2026-07-13T03:15:00+0200,10334.29,MW,FR,FR,actual_onshore_wind_generation,Wind Onshore,2026-07-17T04:55:04Z
2026-07-17T04:54:16Z,2026-07-17T06:54:16+0200,4e64d4d3-e4bc-4728-8eea-52acf8983738,2026-07-13T01:30:00Z,2026-07-13T03:30:00+0200,10131.54,MW,FR,FR,actual_onshore_wind_generation,Wind Onshore,2026-07-17T04:55:04Z
2026-07-17T04:54:16Z,2026-07-17T06:54:16+0200,4e64d4d3-e4bc-4728-8eea-52acf8983738,2026-07-13T01:45:00Z,2026-07-13T03:45:00+0200,9958.25,MW,FR,FR,actual_onshore_wind_generation,Wind Onshore,2026-07-17T04:55:04Z
2026-07-17T04:54:16Z,2026-07-17T06:54:16+0200,4e64d4d3-e4bc-4728-8eea-52acf8983738,2026-07-13T02:00:00Z,2026-07-13T04:00:00+0200,9924.09,MW,FR,FR,actual_onshore_wind_generation,Wind Onshore,2026-07-17T04:55:04Z
2026-07-17T04:54:16Z,2026-07-17T06:54:16+0200,4e64d4d3-e4bc-4728-8eea-52acf8983738,2026-07-13T02:15:00Z,2026-07-13T04:15:00+0200,9800.64,MW,FR,FR,actual_onshore_wind_generation,Wind Onshore,2026-07-17T04:55:04Z
2026-07-17T04:54:16Z,2026-07-17T06:54:16+0200,4e64d4d3-e4bc-4728-8eea-52acf8983738,2026-07-13T02:30:00Z,2026-07-13T04:30:00+0200,9566.94,MW,FR,FR,actual_onshore_wind_generation,Wind Onshore,2026-07-17T04:55:04Z
2026-07-17T04:54:16Z,2026-07-17T06:54:16+0200,4e64d4d3-e4bc-4728-8eea-52acf8983738,2026-07-13T02:45:00Z,2026-07-13T04:45:00+0200,9410.78,MW,FR,FR,actual_onshore_wind_generation,Wind Onshore,2026-07-17T04:55:04Z
2026-07-17T04:54:16Z,2026-07-17T06:54:16+0200,4e64d4d3-e4bc-4728-8eea-52acf8983738,2026-07-13T03:00:00Z,2026-07-13T05:00:00+0200,9262.04,MW,FR,FR,actual_onshore_wind_generation,Wind Onshore,2026-07-17T04:55:04Z
2026-07-17T04:54:16Z,2026-07-17T06:54:16+0200,4e64d4d3-e4bc-4728-8eea-52acf8983738,2026-07-13T03:15:00Z,2026-07-13T05:15:00+0200,9174.62,MW,FR,FR,actual_onshore_wind_generation,Wind Onshore,2026-07-17T04:55:04Z
2026-07-17T04:54:16Z,2026-07-17T06:54:16+0200,4e64d4d3-e4bc-4728-8eea-52acf8983738,2026-07-13T03:30:00Z,2026-07-13T05:30:00+0200,9031.48,MW,FR,FR,actual_onshore_wind_generation,Wind Onshore,2026-07-17T04:55:04Z
2026-07-17T04:54:16Z,2026-07-17T06:54:16+0200,4e64d4d3-e4bc-4728-8eea-52acf8983738,2026-07-13T03:45:00Z,2026-07-13T05:45:00+0200,8912.35,MW,FR,FR,actual_onshore_wind_generation,Wind Onshore,2026-07-17T04:55:04Z
2026-07-17T04:54:16Z,2026-07-17T06:54:16+0200,4e64d4d3-e4bc-4728-8eea-52acf8983738,2026-07-13T04:00:00Z,2026-07-13T06:00:00+0200,8719.66,MW,FR,FR,actual_onshore_wind_generation,Wind Onshore,2026-07-17T04:55:04Z
2026-07-17T04:54:16Z,2026-07-17T06:54:16+0200,4e64d4d3-e4bc-4728-8eea-52acf8983738,2026-07-13T04:15:00Z,2026-07-13T06:15:00+0200,8600.39,MW,FR,FR,actual_onshore_wind_generation,Wind Onshore,2026-07-17T04:55:04Z
2026-07-17T04:54:16Z,2026-07-17T06:54:16+0200,4e64d4d3-e4bc-4728-8eea-52acf8983738,2026-07-13T04:30:00Z,2026-07-13T06:30:00+0200,8470.58,MW,FR,FR,actual_onshore_wind_generation,Wind Onshore,2026-07-17T04:55:04Z
2026-07-17T04:54:16Z,2026-07-17T06:54:16+0200,4e64d4d3-e4bc-4728-8eea-52acf8983738,2026-07-13T04:45:00Z,2026-07-13T06:45:00+0200,8410.17,MW,FR,FR,actual_onshore_wind_generation,Wind Onshore,2026-07-17T04:55:04Z
2026-07-17T04:54:16Z,2026-07-17T06:54:16+0200,4e64d4d3-e4bc-4728-8eea-52acf8983738,2026-07-13T05:00:00Z,2026-07-13T07:00:00+0200,8488.53,MW,FR,FR,actual_onshore_wind_generation,Wind Onshore,2026-07-17T04:55:04Z
2026-07-17T04:54:16Z,2026-07-17T06:54:16+0200,4e64d4d3-e4bc-4728-8eea-52acf8983738,2026-07-13T05:15:00Z,2026-07-13T07:15:00+0200,8500.04,MW,FR,FR,actual_onshore_wind_generation,Wind Onshore,2026-07-17T04:55:04Z
2026-07-17T04:54:16Z,2026-07-17T06:54:16+0200,4e64d4d3-e4bc-4728-8eea-52acf8983738,2026-07-13T05:30:00Z,2026-07-13T07:30:00+0200,8207.78,MW,FR,FR,actual_onshore_wind_generation,Wind Onshore,2026-07-17T04:55:04Z
2026-07-17T04:54:16Z,2026-07-17T06:54:16+0200,4e64d4d3-e4bc-4728-8eea-52acf8983738,2026-07-13T05:45:00Z,2026-07-13T07:45:00+0200,7895.92,MW,FR,FR,actual_onshore_wind_generation,Wind Onshore,2026-07-17T04:55:04Z
2026-07-17T04:54:16Z,2026-07-17T06:54:16+0200,4e64d4d3-e4bc-4728-8eea-52acf8983738,2026-07-13T06:00:00Z,2026-07-13T08:00:00+0200,7611.28,MW,FR,FR,actual_onshore_wind_generation,Wind Onshore,2026-07-17T04:55:04Z
2026-07-17T04:54:16Z,2026-07-17T06:54:16+0200,4e64d4d3-e4bc-4728-8eea-52acf8983738,2026-07-13T06:15:00Z,2026-07-13T08:15:00+0200,7248.32,MW,FR,FR,actual_onshore_wind_generation,Wind Onshore,2026-07-17T04:55:04Z
2026-07-17T04:54:16Z,2026-07-17T06:54:16+0200,4e64d4d3-e4bc-4728-8eea-52acf8983738,2026-07-13T06:30:00Z,2026-07-13T08:30:00+0200,6887.51,MW,FR,FR,actual_onshore_wind_generation,Wind Onshore,2026-07-17T04:55:04Z
2026-07-17T04:54:16Z,2026-07-17T06:54:16+0200,4e64d4d3-e4bc-4728-8eea-52acf8983738,2026-07-13T06:45:00Z,2026-07-13T08:45:00+0200,6498.76,MW,FR,FR,actual_onshore_wind_generation,Wind Onshore,2026-07-17T04:55:04Z
2026-07-17T04:54:16Z,2026-07-17T06:54:16+0200,4e64d4d3-e4bc-4728-8eea-52acf8983738,2026-07-13T07:00:00Z,2026-07-13T09:00:00+0200,6270.94,MW,FR,FR,actual_onshore_wind_generation,Wind Onshore,2026-07-17T04:55:04Z
2026-07-17T04:54:16Z,2026-07-17T06:54:16+0200,4e64d4d3-e4bc-4728-8eea-52acf8983738,2026-07-13T07:15:00Z,2026-07-13T09:15:00+0200,6231.14,MW,FR,FR,actual_onshore_wind_generation,Wind Onshore,2026-07-17T04:55:04Z
2026-07-17T04:54:16Z,2026-07-17T06:54:16+0200,4e64d4d3-e4bc-4728-8eea-52acf8983738,2026-07-13T07:30:00Z,2026-07-13T09:30:00+0200,6090.32,MW,FR,FR,actual_onshore_wind_generation,Wind Onshore,2026-07-17T04:55:04Z
2026-07-17T04:54:16Z,2026-07-17T06:54:16+0200,4e64d4d3-e4bc-4728-8eea-52acf8983738,2026-07-13T07:45:00Z,2026-07-13T09:45:00+0200,6152.03,MW,FR,FR,actual_onshore_wind_generation,Wind Onshore,2026-07-17T04:55:04Z
2026-07-17T04:54:16Z,2026-07-17T06:54:16+0200,4e64d4d3-e4bc-4728-8eea-52acf8983738,2026-07-13T08:00:00Z,2026-07-13T10:00:00+0200,6128.0,MW,FR,FR,actual_onshore_wind_generation,Wind Onshore,2026-07-17T04:55:04Z
2026-07-17T04:54:16Z,2026-07-17T06:54:16+0200,4e64d4d3-e4bc-4728-8eea-52acf8983738,2026-07-13T08:15:00Z,2026-07-13T10:15:00+0200,6278.19,MW,FR,FR,actual_onshore_wind_generation,Wind Onshore,2026-07-17T04:55:04Z
2026-07-17T04:54:16Z,2026-07-17T06:54:16+0200,4e64d4d3-e4bc-4728-8eea-52acf8983738,2026-07-13T08:30:00Z,2026-07-13T10:30:00+0200,6229.14,MW,FR,FR,actual_onshore_wind_generation,Wind Onshore,2026-07-17T04:55:04Z
2026-07-17T04:54:16Z,2026-07-17T06:54:16+0200,4e64d4d3-e4bc-4728-8eea-52acf8983738,2026-07-13T08:45:00Z,2026-07-13T10:45:00+0200,6412.14,MW,FR,FR,actual_onshore_wind_generation,Wind Onshore,2026-07-17T04:55:04Z
2026-07-17T04:54:16Z,2026-07-17T06:54:16+0200,4e64d4d3-e4bc-4728-8eea-52acf8983738,2026-07-13T09:00:00Z,2026-07-13T11:00:00+0200,6304.93,MW,FR,FR,actual_onshore_wind_generation,Wind Onshore,2026-07-17T04:55:04Z
2026-07-17T04:54:16Z,2026-07-17T06:54:16+0200,4e64d4d3-e4bc-4728-8eea-52acf8983738,2026-07-13T09:15:00Z,2026-07-13T11:15:00+0200,6130.18,MW,FR,FR,actual_onshore_wind_generation,Wind Onshore,2026-07-17T04:55:04Z
2026-07-17T04:54:16Z,2026-07-17T06:54:16+0200,4e64d4d3-e4bc-4728-8eea-52acf8983738,2026-07-13T09:30:00Z,2026-07-13T11:30:00+0200,6278.94,MW,FR,FR,actual_onshore_wind_generation,Wind Onshore,2026-07-17T04:55:04Z
2026-07-17T04:54:16Z,2026-07-17T06:54:16+0200,4e64d4d3-e4bc-4728-8eea-52acf8983738,2026-07-13T09:45:00Z,2026-07-13T11:45:00+0200,6614.86,MW,FR,FR,actual_onshore_wind_generation,Wind Onshore,2026-07-17T04:55:04Z
2026-07-17T04:54:16Z,2026-07-17T06:54:16+0200,4e64d4d3-e4bc-4728-8eea-52acf8983738,2026-07-13T10:00:00Z,2026-07-13T12:00:00+0200,6891.46,MW,FR,FR,actual_onshore_wind_generation,Wind Onshore,2026-07-17T04:55:04Z
2026-07-17T04:54:16Z,2026-07-17T06:54:16+0200,4e64d4d3-e4bc-4728-8eea-52acf8983738,2026-07-13T10:15:00Z,2026-07-13T12:15:00+0200,6875.62,MW,FR,FR,actual_onshore_wind_generation,Wind Onshore,2026-07-17T04:55:04Z
2026-07-17T04:54:16Z,2026-07-17T06:54:16+0200,4e64d4d3-e4bc-4728-8eea-52acf8983738,2026-07-13T10:30:00Z,2026-07-13T12:30:00+0200,6765.76,MW,FR,FR,actual_onshore_wind_generation,Wind Onshore,2026-07-17T04:55:04Z
2026-07-17T04:54:16Z,2026-07-17T06:54:16+0200,4e64d4d3-e4bc-4728-8eea-52acf8983738,2026-07-13T10:45:00Z,2026-07-13T12:45:00+0200,6657.55,MW,FR,FR,actual_onshore_wind_generation,Wind Onshore,2026-07-17T04:55:04Z
2026-07-17T04:54:16Z,2026-07-17T06:54:16+0200,4e64d4d3-e4bc-4728-8eea-52acf8983738,2026-07-13T11:00:00Z,2026-07-13T13:00:00+0200,6873.87,MW,FR,FR,actual_onshore_wind_generation,Wind Onshore,2026-07-17T04:55:04Z
2026-07-17T04:54:16Z,2026-07-17T06:54:16+0200,4e64d4d3-e4bc-4728-8eea-52acf8983738,2026-07-13T11:15:00Z,2026-07-13T13:15:00+0200,6989.77,MW,FR,FR,actual_onshore_wind_generation,Wind Onshore,2026-07-17T04:55:04Z
2026-07-17T04:54:16Z,2026-07-17T06:54:16+0200,4e64d4d3-e4bc-4728-8eea-52acf8983738,2026-07-13T11:30:00Z,2026-07-13T13:30:00+0200,6977.79,MW,FR,FR,actual_onshore_wind_generation,Wind Onshore,2026-07-17T04:55:04Z
2026-07-17T04:54:16Z,2026-07-17T06:54:16+0200,4e64d4d3-e4bc-4728-8eea-52acf8983738,2026-07-13T11:45:00Z,2026-07-13T13:45:00+0200,7072.38,MW,FR,FR,actual_onshore_wind_generation,Wind Onshore,2026-07-17T04:55:04Z
2026-07-17T04:54:16Z,2026-07-17T06:54:16+0200,4e64d4d3-e4bc-4728-8eea-52acf8983738,2026-07-13T12:00:00Z,2026-07-13T14:00:00+0200,6937.14,MW,FR,FR,actual_onshore_wind_generation,Wind Onshore,2026-07-17T04:55:04Z
2026-07-17T04:54:16Z,2026-07-17T06:54:16+0200,4e64d4d3-e4bc-4728-8eea-52acf8983738,2026-07-13T12:15:00Z,2026-07-13T14:15:00+0200,6947.01,MW,FR,FR,actual_onshore_wind_generation,Wind Onshore,2026-07-17T04:55:04Z
2026-07-17T04:54:16Z,2026-07-17T06:54:16+0200,4e64d4d3-e4bc-4728-8eea-52acf8983738,2026-07-13T12:30:00Z,2026-07-13T14:30:00+0200,6967.4,MW,FR,FR,actual_onshore_wind_generation,Wind Onshore,2026-07-17T04:55:04Z
2026-07-17T04:54:16Z,2026-07-17T06:54:16+0200,4e64d4d3-e4bc-4728-8eea-52acf8983738,2026-07-13T12:45:00Z,2026-07-13T14:45:00+0200,6885.04,MW,FR,FR,actual_onshore_wind_generation,Wind Onshore,2026-07-17T04:55:04Z
2026-07-17T04:54:16Z,2026-07-17T06:54:16+0200,4e64d4d3-e4bc-4728-8eea-52acf8983738,2026-07-13T13:00:00Z,2026-07-13T15:00:00+0200,6701.18,MW,FR,FR,actual_onshore_wind_generation,Wind Onshore,2026-07-17T04:55:04Z
2026-07-17T04:54:16Z,2026-07-17T06:54:16+0200,4e64d4d3-e4bc-4728-8eea-52acf8983738,2026-07-13T13:15:00Z,2026-07-13T15:15:00+0200,6565.91,MW,FR,FR,actual_onshore_wind_generation,Wind Onshore,2026-07-17T04:55:04Z
2026-07-17T04:54:16Z,2026-07-17T06:54:16+0200,4e64d4d3-e4bc-4728-8eea-52acf8983738,2026-07-13T13:30:00Z,2026-07-13T15:30:00+0200,6334.85,MW,FR,FR,actual_onshore_wind_generation,Wind Onshore,2026-07-17T04:55:04Z
2026-07-17T04:54:16Z,2026-07-17T06:54:16+0200,4e64d4d3-e4bc-4728-8eea-52acf8983738,2026-07-13T13:45:00Z,2026-07-13T15:45:00+0200,6155.05,MW,FR,FR,actual_onshore_wind_generation,Wind Onshore,2026-07-17T04:55:04Z
2026-07-17T04:54:16Z,2026-07-17T06:54:16+0200,4e64d4d3-e4bc-4728-8eea-52acf8983738,2026-07-13T14:00:00Z,2026-07-13T16:00:00+0200,5991.81,MW,FR,FR,actual_onshore_wind_generation,Wind Onshore,2026-07-17T04:55:04Z
2026-07-17T04:54:16Z,2026-07-17T06:54:16+0200,4e64d4d3-e4bc-4728-8eea-52acf8983738,2026-07-13T14:15:00Z,2026-07-13T16:15:00+0200,5788.48,MW,FR,FR,actual_onshore_wind_generation,Wind Onshore,2026-07-17T04:55:04Z
2026-07-17T04:54:16Z,2026-07-17T06:54:16+0200,4e64d4d3-e4bc-4728-8eea-52acf8983738,2026-07-13T14:30:00Z,2026-07-13T16:30:00+0200,5465.06,MW,FR,FR,actual_onshore_wind_generation,Wind Onshore,2026-07-17T04:55:04Z
2026-07-17T04:54:16Z,2026-07-17T06:54:16+0200,4e64d4d3-e4bc-4728-8eea-52acf8983738,2026-07-13T14:45:00Z,2026-07-13T16:45:00+0200,5302.87,MW,FR,FR,actual_onshore_wind_generation,Wind Onshore,2026-07-17T04:55:04Z
2026-07-17T04:54:16Z,2026-07-17T06:54:16+0200,4e64d4d3-e4bc-4728-8eea-52acf8983738,2026-07-13T15:00:00Z,2026-07-13T17:00:00+0200,5330.18,MW,FR,FR,actual_onshore_wind_generation,Wind Onshore,2026-07-17T04:55:04Z
2026-07-17T04:54:16Z,2026-07-17T06:54:16+0200,4e64d4d3-e4bc-4728-8eea-52acf8983738,2026-07-13T15:15:00Z,2026-07-13T17:15:00+0200,5447.29,MW,FR,FR,actual_onshore_wind_generation,Wind Onshore,2026-07-17T04:55:04Z
2026-07-17T04:54:16Z,2026-07-17T06:54:16+0200,4e64d4d3-e4bc-4728-8eea-52acf8983738,2026-07-13T15:30:00Z,2026-07-13T17:30:00+0200,5640.05,MW,FR,FR,actual_onshore_wind_generation,Wind Onshore,2026-07-17T04:55:04Z
2026-07-17T04:54:16Z,2026-07-17T06:54:16+0200,4e64d4d3-e4bc-4728-8eea-52acf8983738,2026-07-13T15:45:00Z,2026-07-13T17:45:00+0200,5807.87,MW,FR,FR,actual_onshore_wind_generation,Wind Onshore,2026-07-17T04:55:04Z
2026-07-17T04:54:16Z,2026-07-17T06:54:16+0200,4e64d4d3-e4bc-4728-8eea-52acf8983738,2026-07-13T16:00:00Z,2026-07-13T18:00:00+0200,5975.69,MW,FR,FR,actual_onshore_wind_generation,Wind Onshore,2026-07-17T04:55:04Z
2026-07-17T04:54:16Z,2026-07-17T06:54:16+0200,4e64d4d3-e4bc-4728-8eea-52acf8983738,2026-07-13T16:15:00Z,2026-07-13T18:15:00+0200,5999.72,MW,FR,FR,actual_onshore_wind_generation,Wind Onshore,2026-07-17T04:55:04Z
2026-07-17T04:54:16Z,2026-07-17T06:54:16+0200,4e64d4d3-e4bc-4728-8eea-52acf8983738,2026-07-13T16:30:00Z,2026-07-13T18:30:00+0200,6057.56,MW,FR,FR,actual_onshore_wind_generation,Wind Onshore,2026-07-17T04:55:04Z
2026-07-17T04:54:16Z,2026-07-17T06:54:16+0200,4e64d4d3-e4bc-4728-8eea-52acf8983738,2026-07-13T16:45:00Z,2026-07-13T18:45:00+0200,6045.76,MW,FR,FR,actual_onshore_wind_generation,Wind Onshore,2026-07-17T04:55:04Z
2026-07-17T04:54:16Z,2026-07-17T06:54:16+0200,4e64d4d3-e4bc-4728-8eea-52acf8983738,2026-07-13T17:00:00Z,2026-07-13T19:00:00+0200,6051.78,MW,FR,FR,actual_onshore_wind_generation,Wind Onshore,2026-07-17T04:55:04Z
2026-07-17T04:54:16Z,2026-07-17T06:54:16+0200,4e64d4d3-e4bc-4728-8eea-52acf8983738,2026-07-13T17:15:00Z,2026-07-13T19:15:00+0200,6013.49,MW,FR,FR,actual_onshore_wind_generation,Wind Onshore,2026-07-17T04:55:04Z
2026-07-17T04:54:16Z,2026-07-17T06:54:16+0200,4e64d4d3-e4bc-4728-8eea-52acf8983738,2026-07-13T17:30:00Z,2026-07-13T19:30:00+0200,6085.25,MW,FR,FR,actual_onshore_wind_generation,Wind Onshore,2026-07-17T04:55:04Z
2026-07-17T04:54:16Z,2026-07-17T06:54:16+0200,4e64d4d3-e4bc-4728-8eea-52acf8983738,2026-07-13T17:45:00Z,2026-07-13T19:45:00+0200,6066.79,MW,FR,FR,actual_onshore_wind_generation,Wind Onshore,2026-07-17T04:55:04Z
2026-07-17T04:54:16Z,2026-07-17T06:54:16+0200,4e64d4d3-e4bc-4728-8eea-52acf8983738,2026-07-13T18:00:00Z,2026-07-13T20:00:00+0200,5961.75,MW,FR,FR,actual_onshore_wind_generation,Wind Onshore,2026-07-17T04:55:04Z
2026-07-17T04:54:16Z,2026-07-17T06:54:16+0200,4e64d4d3-e4bc-4728-8eea-52acf8983738,2026-07-13T18:15:00Z,2026-07-13T20:15:00+0200,5871.74,MW,FR,FR,actual_onshore_wind_generation,Wind Onshore,2026-07-17T04:55:04Z
2026-07-17T04:54:16Z,2026-07-17T06:54:16+0200,4e64d4d3-e4bc-4728-8eea-52acf8983738,2026-07-13T18:30:00Z,2026-07-13T20:30:00+0200,5842.55,MW,FR,FR,actual_onshore_wind_generation,Wind Onshore,2026-07-17T04:55:04Z
2026-07-17T04:54:16Z,2026-07-17T06:54:16+0200,4e64d4d3-e4bc-4728-8eea-52acf8983738,2026-07-13T18:45:00Z,2026-07-13T20:45:00+0200,5730.88,MW,FR,FR,actual_onshore_wind_generation,Wind Onshore,2026-07-17T04:55:04Z
2026-07-17T04:54:16Z,2026-07-17T06:54:16+0200,4e64d4d3-e4bc-4728-8eea-52acf8983738,2026-07-13T19:00:00Z,2026-07-13T21:00:00+0200,5624.35,MW,FR,FR,actual_onshore_wind_generation,Wind Onshore,2026-07-17T04:55:04Z
2026-07-17T04:54:16Z,2026-07-17T06:54:16+0200,4e64d4d3-e4bc-4728-8eea-52acf8983738,2026-07-13T19:15:00Z,2026-07-13T21:15:00+0200,5679.88,MW,FR,FR,actual_onshore_wind_generation,Wind Onshore,2026-07-17T04:55:04Z
2026-07-17T04:54:16Z,2026-07-17T06:54:16+0200,4e64d4d3-e4bc-4728-8eea-52acf8983738,2026-07-13T19:30:00Z,2026-07-13T21:30:00+0200,5808.55,MW,FR,FR,actual_onshore_wind_generation,Wind Onshore,2026-07-17T04:55:04Z
2026-07-17T04:54:16Z,2026-07-17T06:54:16+0200,4e64d4d3-e4bc-4728-8eea-52acf8983738,2026-07-13T19:45:00Z,2026-07-13T21:45:00+0200,5977.77,MW,FR,FR,actual_onshore_wind_generation,Wind Onshore,2026-07-17T04:55:04Z
2026-07-17T04:54:16Z,2026-07-17T06:54:16+0200,4e64d4d3-e4bc-4728-8eea-52acf8983738,2026-07-13T20:00:00Z,2026-07-13T22:00:00+0200,6032.2,MW,FR,FR,actual_onshore_wind_generation,Wind Onshore,2026-07-17T04:55:04Z
2026-07-17T04:54:16Z,2026-07-17T06:54:16+0200,4e64d4d3-e4bc-4728-8eea-52acf8983738,2026-07-13T20:15:00Z,2026-07-13T22:15:00+0200,6018.36,MW,FR,FR,actual_onshore_wind_generation,Wind Onshore,2026-07-17T04:55:04Z
2026-07-17T04:54:16Z,2026-07-17T06:54:16+0200,4e64d4d3-e4bc-4728-8eea-52acf8983738,2026-07-13T20:30:00Z,2026-07-13T22:30:00+0200,6072.8,MW,FR,FR,actual_onshore_wind_generation,Wind Onshore,2026-07-17T04:55:04Z
2026-07-17T04:54:16Z,2026-07-17T06:54:16+0200,4e64d4d3-e4bc-4728-8eea-52acf8983738,2026-07-13T20:45:00Z,2026-07-13T22:45:00+0200,6122.03,MW,FR,FR,actual_onshore_wind_generation,Wind Onshore,2026-07-17T04:55:04Z
2026-07-17T04:54:16Z,2026-07-17T06:54:16+0200,4e64d4d3-e4bc-4728-8eea-52acf8983738,2026-07-13T21:00:00Z,2026-07-13T23:00:00+0200,6061.73,MW,FR,FR,actual_onshore_wind_generation,Wind Onshore,2026-07-17T04:55:04Z
2026-07-17T04:54:16Z,2026-07-17T06:54:16+0200,4e64d4d3-e4bc-4728-8eea-52acf8983738,2026-07-13T21:15:00Z,2026-07-13T23:15:00+0200,5946.47,MW,FR,FR,actual_onshore_wind_generation,Wind Onshore,2026-07-17T04:55:04Z
2026-07-17T04:54:16Z,2026-07-17T06:54:16+0200,4e64d4d3-e4bc-4728-8eea-52acf8983738,2026-07-13T21:30:00Z,2026-07-13T23:30:00+0200,5891.94,MW,FR,FR,actual_onshore_wind_generation,Wind Onshore,2026-07-17T04:55:04Z
2026-07-17T04:54:16Z,2026-07-17T06:54:16+0200,4e64d4d3-e4bc-4728-8eea-52acf8983738,2026-07-13T21:45:00Z,2026-07-13T23:45:00+0200,5867.28,MW,FR,FR,actual_onshore_wind_generation,Wind Onshore,2026-07-17T04:55:04Z
2026-07-17T04:54:16Z,2026-07-17T06:54:16+0200,4e64d4d3-e4bc-4728-8eea-52acf8983738,2026-07-13T22:00:00Z,2026-07-14T00:00:00+0200,5823.18,MW,FR,FR,actual_onshore_wind_generation,Wind Onshore,2026-07-17T04:55:04Z
2026-07-17T04:54:16Z,2026-07-17T06:54:16+0200,4e64d4d3-e4bc-4728-8eea-52acf8983738,2026-07-13T22:15:00Z,2026-07-14T00:15:00+0200,5779.81,MW,FR,FR,actual_onshore_wind_generation,Wind Onshore,2026-07-17T04:55:04Z
2026-07-17T04:54:16Z,2026-07-17T06:54:16+0200,4e64d4d3-e4bc-4728-8eea-52acf8983738,2026-07-13T22:30:00Z,2026-07-14T00:30:00+0200,5700.17,MW,FR,FR,actual_onshore_wind_generation,Wind Onshore,2026-07-17T04:55:04Z
2026-07-17T04:54:16Z,2026-07-17T06:54:16+0200,4e64d4d3-e4bc-4728-8eea-52acf8983738,2026-07-13T22:45:00Z,2026-07-14T00:45:00+0200,5571.84,MW,FR,FR,actual_onshore_wind_generation,Wind Onshore,2026-07-17T04:55:04Z
2026-07-17T04:54:16Z,2026-07-17T06:54:16+0200,4e64d4d3-e4bc-4728-8eea-52acf8983738,2026-07-13T23:00:00Z,2026-07-14T01:00:00+0200,5457.73,MW,FR,FR,actual_onshore_wind_generation,Wind Onshore,2026-07-17T04:55:04Z
2026-07-17T04:54:16Z,2026-07-17T06:54:16+0200,4e64d4d3-e4bc-4728-8eea-52acf8983738,2026-07-13T23:15:00Z,2026-07-14T01:15:00+0200,5346.98,MW,FR,FR,actual_onshore_wind_generation,Wind Onshore,2026-07-17T04:55:04Z
2026-07-17T04:54:16Z,2026-07-17T06:54:16+0200,4e64d4d3-e4bc-4728-8eea-52acf8983738,2026-07-13T23:30:00Z,2026-07-14T01:30:00+0200,5311.2,MW,FR,FR,actual_onshore_wind_generation,Wind Onshore,2026-07-17T04:55:04Z
2026-07-17T04:54:16Z,2026-07-17T06:54:16+0200,4e64d4d3-e4bc-4728-8eea-52acf8983738,2026-07-13T23:45:00Z,2026-07-14T01:45:00+0200,5222.21,MW,FR,FR,actual_onshore_wind_generation,Wind Onshore,2026-07-17T04:55:04Z
2026-07-17T04:54:16Z,2026-07-17T06:54:16+0200,4e64d4d3-e4bc-4728-8eea-52acf8983738,2026-07-14T00:00:00Z,2026-07-14T02:00:00+0200,5044.84,MW,FR,FR,actual_onshore_wind_generation,Wind Onshore,2026-07-17T04:55:04Z
2026-07-17T04:54:16Z,2026-07-17T06:54:16+0200,4e64d4d3-e4bc-4728-8eea-52acf8983738,2026-07-14T00:15:00Z,2026-07-14T02:15:00+0200,4914.19,MW,FR,FR,actual_onshore_wind_generation,Wind Onshore,2026-07-17T04:55:04Z
2026-07-17T04:54:16Z,2026-07-17T06:54:16+0200,4e64d4d3-e4bc-4728-8eea-52acf8983738,2026-07-14T00:30:00Z,2026-07-14T02:30:00+0200,4804.98,MW,FR,FR,actual_onshore_wind_generation,Wind Onshore,2026-07-17T04:55:04Z
2026-07-17T04:54:16Z,2026-07-17T06:54:16+0200,4e64d4d3-e4bc-4728-8eea-52acf8983738,2026-07-14T00:45:00Z,2026-07-14T02:45:00+0200,4701.89,MW,FR,FR,actual_onshore_wind_generation,Wind Onshore,2026-07-17T04:55:04Z
2026-07-17T04:54:16Z,2026-07-17T06:54:16+0200,4e64d4d3-e4bc-4728-8eea-52acf8983738,2026-07-14T01:00:00Z,2026-07-14T03:00:00+0200,4735.03,MW,FR,FR,actual_onshore_wind_generation,Wind Onshore,2026-07-17T04:55:04Z
2026-07-17T04:54:16Z,2026-07-17T06:54:16+0200,4e64d4d3-e4bc-4728-8eea-52acf8983738,2026-07-14T01:15:00Z,2026-07-14T03:15:00+0200,4779.99,MW,FR,FR,actual_onshore_wind_generation,Wind Onshore,2026-07-17T04:55:04Z
2026-07-17T04:54:16Z,2026-07-17T06:54:16+0200,4e64d4d3-e4bc-4728-8eea-52acf8983738,2026-07-14T01:30:00Z,2026-07-14T03:30:00+0200,4821.45,MW,FR,FR,actual_onshore_wind_generation,Wind Onshore,2026-07-17T04:55:04Z
2026-07-17T04:54:16Z,2026-07-17T06:54:16+0200,4e64d4d3-e4bc-4728-8eea-52acf8983738,2026-07-14T01:45:00Z,2026-07-14T03:45:00+0200,4713.8,MW,FR,FR,actual_onshore_wind_generation,Wind Onshore,2026-07-17T04:55:04Z
2026-07-17T04:54:16Z,2026-07-17T06:54:16+0200,4e64d4d3-e4bc-4728-8eea-52acf8983738,2026-07-14T02:00:00Z,2026-07-14T04:00:00+0200,4644.67,MW,FR,FR,actual_onshore_wind_generation,Wind Onshore,2026-07-17T04:55:04Z
2026-07-17T04:54:16Z,2026-07-17T06:54:16+0200,4e64d4d3-e4bc-4728-8eea-52acf8983738,2026-07-14T02:15:00Z,2026-07-14T04:15:00+0200,4516.1,MW,FR,FR,actual_onshore_wind_generation,Wind Onshore,2026-07-17T04:55:04Z
2026-07-17T04:54:16Z,2026-07-17T06:54:16+0200,4e64d4d3-e4bc-4728-8eea-52acf8983738,2026-07-14T02:30:00Z,2026-07-14T04:30:00+0200,4402.76,MW,FR,FR,actual_onshore_wind_generation,Wind Onshore,2026-07-17T04:55:04Z
2026-07-17T04:54:16Z,2026-07-17T06:54:16+0200,4e64d4d3-e4bc-4728-8eea-52acf8983738,2026-07-14T02:45:00Z,2026-07-14T04:45:00+0200,4191.44,MW,FR,FR,actual_onshore_wind_generation,Wind Onshore,2026-07-17T04:55:04Z
2026-07-17T04:54:16Z,2026-07-17T06:54:16+0200,4e64d4d3-e4bc-4728-8eea-52acf8983738,2026-07-14T03:00:00Z,2026-07-14T05:00:00+0200,4046.19,MW,FR,FR,actual_onshore_wind_generation,Wind Onshore,2026-07-17T04:55:04Z
2026-07-17T04:54:16Z,2026-07-17T06:54:16+0200,4e64d4d3-e4bc-4728-8eea-52acf8983738,2026-07-14T03:15:00Z,2026-07-14T05:15:00+0200,3917.86,MW,FR,FR,actual_onshore_wind_generation,Wind Onshore,2026-07-17T04:55:04Z
2026-07-17T04:54:16Z,2026-07-17T06:54:16+0200,4e64d4d3-e4bc-4728-8eea-52acf8983738,2026-07-14T03:30:00Z,2026-07-14T05:30:00+0200,3787.66,MW,FR,FR,actual_onshore_wind_generation,Wind Onshore,2026-07-17T04:55:04Z
2026-07-17T04:54:16Z,2026-07-17T06:54:16+0200,4e64d4d3-e4bc-4728-8eea-52acf8983738,2026-07-14T03:45:00Z,2026-07-14T05:45:00+0200,3616.16,MW,FR,FR,actual_onshore_wind_generation,Wind Onshore,2026-07-17T04:55:04Z
2026-07-17T04:54:16Z,2026-07-17T06:54:16+0200,4e64d4d3-e4bc-4728-8eea-52acf8983738,2026-07-14T04:00:00Z,2026-07-14T06:00:00+0200,3533.5,MW,FR,FR,actual_onshore_wind_generation,Wind Onshore,2026-07-17T04:55:04Z
2026-07-17T04:54:16Z,2026-07-17T06:54:16+0200,4e64d4d3-e4bc-4728-8eea-52acf8983738,2026-07-14T04:15:00Z,2026-07-14T06:15:00+0200,3416.46,MW,FR,FR,actual_onshore_wind_generation,Wind Onshore,2026-07-17T04:55:04Z
2026-07-17T04:54:16Z,2026-07-17T06:54:16+0200,4e64d4d3-e4bc-4728-8eea-52acf8983738,2026-07-14T04:30:00Z,2026-07-14T06:30:00+0200,3333.59,MW,FR,FR,actual_onshore_wind_generation,Wind Onshore,2026-07-17T04:55:04Z
2026-07-17T04:54:16Z,2026-07-17T06:54:16+0200,4e64d4d3-e4bc-4728-8eea-52acf8983738,2026-07-14T04:45:00Z,2026-07-14T06:45:00+0200,3204.79,MW,FR,FR,actual_onshore_wind_generation,Wind Onshore,2026-07-17T04:55:04Z
2026-07-17T04:54:16Z,2026-07-17T06:54:16+0200,4e64d4d3-e4bc-4728-8eea-52acf8983738,2026-07-14T05:00:00Z,2026-07-14T07:00:00+0200,3064.98,MW,FR,FR,actual_onshore_wind_generation,Wind Onshore,2026-07-17T04:55:04Z
2026-07-17T04:54:16Z,2026-07-17T06:54:16+0200,4e64d4d3-e4bc-4728-8eea-52acf8983738,2026-07-14T05:15:00Z,2026-07-14T07:15:00+0200,2909.46,MW,FR,FR,actual_onshore_wind_generation,Wind Onshore,2026-07-17T04:55:04Z
2026-07-17T04:54:16Z,2026-07-17T06:54:16+0200,4e64d4d3-e4bc-4728-8eea-52acf8983738,2026-07-14T05:30:00Z,2026-07-14T07:30:00+0200,2675.67,MW,FR,FR,actual_onshore_wind_generation,Wind Onshore,2026-07-17T04:55:04Z
2026-07-17T04:54:16Z,2026-07-17T06:54:16+0200,4e64d4d3-e4bc-4728-8eea-52acf8983738,2026-07-14T05:45:00Z,2026-07-14T07:45:00+0200,2525.77,MW,FR,FR,actual_onshore_wind_generation,Wind Onshore,2026-07-17T04:55:04Z
2026-07-17T04:54:16Z,2026-07-17T06:54:16+0200,4e64d4d3-e4bc-4728-8eea-52acf8983738,2026-07-14T06:00:00Z,2026-07-14T08:00:00+0200,2340.83,MW,FR,FR,actual_onshore_wind_generation,Wind Onshore,2026-07-17T04:55:04Z
2026-07-17T04:54:16Z,2026-07-17T06:54:16+0200,4e64d4d3-e4bc-4728-8eea-52acf8983738,2026-07-14T06:15:00Z,2026-07-14T08:15:00+0200,2191.92,MW,FR,FR,actual_onshore_wind_generation,Wind Onshore,2026-07-17T04:55:04Z
2026-07-17T04:54:16Z,2026-07-17T06:54:16+0200,4e64d4d3-e4bc-4728-8eea-52acf8983738,2026-07-14T06:30:00Z,2026-07-14T08:30:00+0200,2055.66,MW,FR,FR,actual_onshore_wind_generation,Wind Onshore,2026-07-17T04:55:04Z
2026-07-17T04:54:16Z,2026-07-17T06:54:16+0200,4e64d4d3-e4bc-4728-8eea-52acf8983738,2026-07-14T06:45:00Z,2026-07-14T08:45:00+0200,1956.21,MW,FR,FR,actual_onshore_wind_generation,Wind Onshore,2026-07-17T04:55:04Z
2026-07-17T04:54:16Z,2026-07-17T06:54:16+0200,4e64d4d3-e4bc-4728-8eea-52acf8983738,2026-07-14T07:00:00Z,2026-07-14T09:00:00+0200,1840.34,MW,FR,FR,actual_onshore_wind_generation,Wind Onshore,2026-07-17T04:55:04Z
2026-07-17T04:54:16Z,2026-07-17T06:54:16+0200,4e64d4d3-e4bc-4728-8eea-52acf8983738,2026-07-14T07:15:00Z,2026-07-14T09:15:00+0200,1746.86,MW,FR,FR,actual_onshore_wind_generation,Wind Onshore,2026-07-17T04:55:04Z
2026-07-17T04:54:16Z,2026-07-17T06:54:16+0200,4e64d4d3-e4bc-4728-8eea-52acf8983738,2026-07-14T07:30:00Z,2026-07-14T09:30:00+0200,1609.53,MW,FR,FR,actual_onshore_wind_generation,Wind Onshore,2026-07-17T04:55:04Z
2026-07-17T04:54:16Z,2026-07-17T06:54:16+0200,4e64d4d3-e4bc-4728-8eea-52acf8983738,2026-07-14T07:45:00Z,2026-07-14T09:45:00+0200,1533.48,MW,FR,FR,actual_onshore_wind_generation,Wind Onshore,2026-07-17T04:55:04Z
2026-07-17T04:54:16Z,2026-07-17T06:54:16+0200,4e64d4d3-e4bc-4728-8eea-52acf8983738,2026-07-14T08:00:00Z,2026-07-14T10:00:00+0200,1462.19,MW,FR,FR,actual_onshore_wind_generation,Wind Onshore,2026-07-17T04:55:04Z
2026-07-17T04:54:16Z,2026-07-17T06:54:16+0200,4e64d4d3-e4bc-4728-8eea-52acf8983738,2026-07-14T08:15:00Z,2026-07-14T10:15:00+0200,1422.19,MW,FR,FR,actual_onshore_wind_generation,Wind Onshore,2026-07-17T04:55:04Z
2026-07-17T04:54:16Z,2026-07-17T06:54:16+0200,4e64d4d3-e4bc-4728-8eea-52acf8983738,2026-07-14T08:30:00Z,2026-07-14T10:30:00+0200,1410.11,MW,FR,FR,actual_onshore_wind_generation,Wind Onshore,2026-07-17T04:55:04Z
2026-07-17T04:54:16Z,2026-07-17T06:54:16+0200,4e64d4d3-e4bc-4728-8eea-52acf8983738,2026-07-14T08:45:00Z,2026-07-14T10:45:00+0200,1376.41,MW,FR,FR,actual_onshore_wind_generation,Wind Onshore,2026-07-17T04:55:04Z
2026-07-17T04:54:16Z,2026-07-17T06:54:16+0200,4e64d4d3-e4bc-4728-8eea-52acf8983738,2026-07-14T09:00:00Z,2026-07-14T11:00:00+0200,1385.35,MW,FR,FR,actual_onshore_wind_generation,Wind Onshore,2026-07-17T04:55:04Z
2026-07-17T04:54:16Z,2026-07-17T06:54:16+0200,4e64d4d3-e4bc-4728-8eea-52acf8983738,2026-07-14T09:15:00Z,2026-07-14T11:15:00+0200,1384.5,MW,FR,FR,actual_onshore_wind_generation,Wind Onshore,2026-07-17T04:55:04Z
2026-07-17T04:54:16Z,2026-07-17T06:54:16+0200,4e64d4d3-e4bc-4728-8eea-52acf8983738,2026-07-14T09:30:00Z,2026-07-14T11:30:00+0200,1393.6,MW,FR,FR,actual_onshore_wind_generation,Wind Onshore,2026-07-17T04:55:04Z
2026-07-17T04:54:16Z,2026-07-17T06:54:16+0200,4e64d4d3-e4bc-4728-8eea-52acf8983738,2026-07-14T09:45:00Z,2026-07-14T11:45:00+0200,1376.84,MW,FR,FR,actual_onshore_wind_generation,Wind Onshore,2026-07-17T04:55:04Z
2026-07-17T04:54:16Z,2026-07-17T06:54:16+0200,4e64d4d3-e4bc-4728-8eea-52acf8983738,2026-07-14T10:00:00Z,2026-07-14T12:00:00+0200,1423.35,MW,FR,FR,actual_onshore_wind_generation,Wind Onshore,2026-07-17T04:55:04Z
2026-07-17T04:54:16Z,2026-07-17T06:54:16+0200,4e64d4d3-e4bc-4728-8eea-52acf8983738,2026-07-14T10:15:00Z,2026-07-14T12:15:00+0200,1483.44,MW,FR,FR,actual_onshore_wind_generation,Wind Onshore,2026-07-17T04:55:04Z
2026-07-17T04:54:16Z,2026-07-17T06:54:16+0200,4e64d4d3-e4bc-4728-8eea-52acf8983738,2026-07-14T10:30:00Z,2026-07-14T12:30:00+0200,1520.41,MW,FR,FR,actual_onshore_wind_generation,Wind Onshore,2026-07-17T04:55:04Z
2026-07-17T04:54:16Z,2026-07-17T06:54:16+0200,4e64d4d3-e4bc-4728-8eea-52acf8983738,2026-07-14T10:45:00Z,2026-07-14T12:45:00+0200,1553.64,MW,FR,FR,actual_onshore_wind_generation,Wind Onshore,2026-07-17T04:55:04Z
2026-07-17T04:54:16Z,2026-07-17T06:54:16+0200,4e64d4d3-e4bc-4728-8eea-52acf8983738,2026-07-14T11:00:00Z,2026-07-14T13:00:00+0200,1553.76,MW,FR,FR,actual_onshore_wind_generation,Wind Onshore,2026-07-17T04:55:04Z
2026-07-17T04:54:16Z,2026-07-17T06:54:16+0200,4e64d4d3-e4bc-4728-8eea-52acf8983738,2026-07-14T11:15:00Z,2026-07-14T13:15:00+0200,1529.89,MW,FR,FR,actual_onshore_wind_generation,Wind Onshore,2026-07-17T04:55:04Z
2026-07-17T04:54:16Z,2026-07-17T06:54:16+0200,4e64d4d3-e4bc-4728-8eea-52acf8983738,2026-07-14T11:30:00Z,2026-07-14T13:30:00+0200,1520.74,MW,FR,FR,actual_onshore_wind_generation,Wind Onshore,2026-07-17T04:55:04Z
2026-07-17T04:54:16Z,2026-07-17T06:54:16+0200,4e64d4d3-e4bc-4728-8eea-52acf8983738,2026-07-14T11:45:00Z,2026-07-14T13:45:00+0200,1554.31,MW,FR,FR,actual_onshore_wind_generation,Wind Onshore,2026-07-17T04:55:04Z
2026-07-17T04:54:16Z,2026-07-17T06:54:16+0200,4e64d4d3-e4bc-4728-8eea-52acf8983738,2026-07-14T12:00:00Z,2026-07-14T14:00:00+0200,1585.33,MW,FR,FR,actual_onshore_wind_generation,Wind Onshore,2026-07-17T04:55:04Z
2026-07-17T04:54:16Z,2026-07-17T06:54:16+0200,4e64d4d3-e4bc-4728-8eea-52acf8983738,2026-07-14T12:15:00Z,2026-07-14T14:15:00+0200,1619.34,MW,FR,FR,actual_onshore_wind_generation,Wind Onshore,2026-07-17T04:55:04Z
2026-07-17T04:54:16Z,2026-07-17T06:54:16+0200,4e64d4d3-e4bc-4728-8eea-52acf8983738,2026-07-14T12:30:00Z,2026-07-14T14:30:00+0200,1677.98,MW,FR,FR,actual_onshore_wind_generation,Wind Onshore,2026-07-17T04:55:04Z
2026-07-17T04:54:16Z,2026-07-17T06:54:16+0200,4e64d4d3-e4bc-4728-8eea-52acf8983738,2026-07-14T12:45:00Z,2026-07-14T14:45:00+0200,1684.53,MW,FR,FR,actual_onshore_wind_generation,Wind Onshore,2026-07-17T04:55:04Z
2026-07-17T04:54:16Z,2026-07-17T06:54:16+0200,4e64d4d3-e4bc-4728-8eea-52acf8983738,2026-07-14T13:00:00Z,2026-07-14T15:00:00+0200,1666.14,MW,FR,FR,actual_onshore_wind_generation,Wind Onshore,2026-07-17T04:55:04Z
2026-07-17T04:54:16Z,2026-07-17T06:54:16+0200,4e64d4d3-e4bc-4728-8eea-52acf8983738,2026-07-14T13:15:00Z,2026-07-14T15:15:00+0200,1632.31,MW,FR,FR,actual_onshore_wind_generation,Wind Onshore,2026-07-17T04:55:04Z
2026-07-17T04:54:16Z,2026-07-17T06:54:16+0200,4e64d4d3-e4bc-4728-8eea-52acf8983738,2026-07-14T13:30:00Z,2026-07-14T15:30:00+0200,1605.83,MW,FR,FR,actual_onshore_wind_generation,Wind Onshore,2026-07-17T04:55:04Z
2026-07-17T04:54:16Z,2026-07-17T06:54:16+0200,4e64d4d3-e4bc-4728-8eea-52acf8983738,2026-07-14T13:45:00Z,2026-07-14T15:45:00+0200,1578.17,MW,FR,FR,actual_onshore_wind_generation,Wind Onshore,2026-07-17T04:55:04Z
2026-07-17T04:54:16Z,2026-07-17T06:54:16+0200,4e64d4d3-e4bc-4728-8eea-52acf8983738,2026-07-14T14:00:00Z,2026-07-14T16:00:00+0200,1528.79,MW,FR,FR,actual_onshore_wind_generation,Wind Onshore,2026-07-17T04:55:04Z
2026-07-17T04:54:16Z,2026-07-17T06:54:16+0200,4e64d4d3-e4bc-4728-8eea-52acf8983738,2026-07-14T14:15:00Z,2026-07-14T16:15:00+0200,1497.23,MW,FR,FR,actual_onshore_wind_generation,Wind Onshore,2026-07-17T04:55:04Z
2026-07-17T04:54:16Z,2026-07-17T06:54:16+0200,4e64d4d3-e4bc-4728-8eea-52acf8983738,2026-07-14T14:30:00Z,2026-07-14T16:30:00+0200,1458.21,MW,FR,FR,actual_onshore_wind_generation,Wind Onshore,2026-07-17T04:55:04Z
2026-07-17T04:54:16Z,2026-07-17T06:54:16+0200,4e64d4d3-e4bc-4728-8eea-52acf8983738,2026-07-14T14:45:00Z,2026-07-14T16:45:00+0200,1417.82,MW,FR,FR,actual_onshore_wind_generation,Wind Onshore,2026-07-17T04:55:04Z
2026-07-17T04:54:16Z,2026-07-17T06:54:16+0200,4e64d4d3-e4bc-4728-8eea-52acf8983738,2026-07-14T15:00:00Z,2026-07-14T17:00:00+0200,1426.13,MW,FR,FR,actual_onshore_wind_generation,Wind Onshore,2026-07-17T04:55:04Z
2026-07-17T04:54:16Z,2026-07-17T06:54:16+0200,4e64d4d3-e4bc-4728-8eea-52acf8983738,2026-07-14T15:15:00Z,2026-07-14T17:15:00+0200,1483.53,MW,FR,FR,actual_onshore_wind_generation,Wind Onshore,2026-07-17T04:55:04Z
2026-07-17T04:54:16Z,2026-07-17T06:54:16+0200,4e64d4d3-e4bc-4728-8eea-52acf8983738,2026-07-14T15:30:00Z,2026-07-14T17:30:00+0200,1483.47,MW,FR,FR,actual_onshore_wind_generation,Wind Onshore,2026-07-17T04:55:04Z
2026-07-17T04:54:16Z,2026-07-17T06:54:16+0200,4e64d4d3-e4bc-4728-8eea-52acf8983738,2026-07-14T15:45:00Z,2026-07-14T17:45:00+0200,1498.86,MW,FR,FR,actual_onshore_wind_generation,Wind Onshore,2026-07-17T04:55:04Z
2026-07-17T04:54:16Z,2026-07-17T06:54:16+0200,4e64d4d3-e4bc-4728-8eea-52acf8983738,2026-07-14T16:00:00Z,2026-07-14T18:00:00+0200,1520.56,MW,FR,FR,actual_onshore_wind_generation,Wind Onshore,2026-07-17T04:55:04Z
2026-07-17T04:54:16Z,2026-07-17T06:54:16+0200,4e64d4d3-e4bc-4728-8eea-52acf8983738,2026-07-14T16:15:00Z,2026-07-14T18:15:00+0200,1627.8,MW,FR,FR,actual_onshore_wind_generation,Wind Onshore,2026-07-17T04:55:04Z
2026-07-17T04:54:16Z,2026-07-17T06:54:16+0200,4e64d4d3-e4bc-4728-8eea-52acf8983738,2026-07-14T16:30:00Z,2026-07-14T18:30:00+0200,1704.34,MW,FR,FR,actual_onshore_wind_generation,Wind Onshore,2026-07-17T04:55:04Z
2026-07-17T04:54:16Z,2026-07-17T06:54:16+0200,4e64d4d3-e4bc-4728-8eea-52acf8983738,2026-07-14T16:45:00Z,2026-07-14T18:45:00+0200,1774.08,MW,FR,FR,actual_onshore_wind_generation,Wind Onshore,2026-07-17T04:55:04Z
2026-07-17T04:54:16Z,2026-07-17T06:54:16+0200,4e64d4d3-e4bc-4728-8eea-52acf8983738,2026-07-14T17:00:00Z,2026-07-14T19:00:00+0200,1835.21,MW,FR,FR,actual_onshore_wind_generation,Wind Onshore,2026-07-17T04:55:04Z
2026-07-17T04:54:16Z,2026-07-17T06:54:16+0200,4e64d4d3-e4bc-4728-8eea-52acf8983738,2026-07-14T17:15:00Z,2026-07-14T19:15:00+0200,1887.91,MW,FR,FR,actual_onshore_wind_generation,Wind Onshore,2026-07-17T04:55:04Z
2026-07-17T04:54:16Z,2026-07-17T06:54:16+0200,4e64d4d3-e4bc-4728-8eea-52acf8983738,2026-07-14T17:30:00Z,2026-07-14T19:30:00+0200,1946.2,MW,FR,FR,actual_onshore_wind_generation,Wind Onshore,2026-07-17T04:55:04Z
2026-07-17T04:54:16Z,2026-07-17T06:54:16+0200,4e64d4d3-e4bc-4728-8eea-52acf8983738,2026-07-14T17:45:00Z,2026-07-14T19:45:00+0200,2041.34,MW,FR,FR,actual_onshore_wind_generation,Wind Onshore,2026-07-17T04:55:04Z
2026-07-17T04:54:16Z,2026-07-17T06:54:16+0200,4e64d4d3-e4bc-4728-8eea-52acf8983738,2026-07-14T18:00:00Z,2026-07-14T20:00:00+0200,2101.47,MW,FR,FR,actual_onshore_wind_generation,Wind Onshore,2026-07-17T04:55:04Z
2026-07-17T04:54:16Z,2026-07-17T06:54:16+0200,4e64d4d3-e4bc-4728-8eea-52acf8983738,2026-07-14T18:15:00Z,2026-07-14T20:15:00+0200,2193.38,MW,FR,FR,actual_onshore_wind_generation,Wind Onshore,2026-07-17T04:55:04Z
2026-07-17T04:54:16Z,2026-07-17T06:54:16+0200,4e64d4d3-e4bc-4728-8eea-52acf8983738,2026-07-14T18:30:00Z,2026-07-14T20:30:00+0200,2305.12,MW,FR,FR,actual_onshore_wind_generation,Wind Onshore,2026-07-17T04:55:04Z
2026-07-17T04:54:16Z,2026-07-17T06:54:16+0200,4e64d4d3-e4bc-4728-8eea-52acf8983738,2026-07-14T18:45:00Z,2026-07-14T20:45:00+0200,2380.19,MW,FR,FR,actual_onshore_wind_generation,Wind Onshore,2026-07-17T04:55:04Z
2026-07-17T04:54:16Z,2026-07-17T06:54:16+0200,4e64d4d3-e4bc-4728-8eea-52acf8983738,2026-07-14T19:00:00Z,2026-07-14T21:00:00+0200,2547.87,MW,FR,FR,actual_onshore_wind_generation,Wind Onshore,2026-07-17T04:55:04Z
2026-07-17T04:54:16Z,2026-07-17T06:54:16+0200,4e64d4d3-e4bc-4728-8eea-52acf8983738,2026-07-14T19:15:00Z,2026-07-14T21:15:00+0200,2767.31,MW,FR,FR,actual_onshore_wind_generation,Wind Onshore,2026-07-17T04:55:04Z
2026-07-17T04:54:16Z,2026-07-17T06:54:16+0200,4e64d4d3-e4bc-4728-8eea-52acf8983738,2026-07-14T19:30:00Z,2026-07-14T21:30:00+0200,3113.46,MW,FR,FR,actual_onshore_wind_generation,Wind Onshore,2026-07-17T04:55:04Z
2026-07-17T04:54:16Z,2026-07-17T06:54:16+0200,4e64d4d3-e4bc-4728-8eea-52acf8983738,2026-07-14T19:45:00Z,2026-07-14T21:45:00+0200,3502.27,MW,FR,FR,actual_onshore_wind_generation,Wind Onshore,2026-07-17T04:55:04Z
2026-07-17T04:54:16Z,2026-07-17T06:54:16+0200,4e64d4d3-e4bc-4728-8eea-52acf8983738,2026-07-14T20:00:00Z,2026-07-14T22:00:00+0200,3763.67,MW,FR,FR,actual_onshore_wind_generation,Wind Onshore,2026-07-17T04:55:04Z
2026-07-17T04:54:16Z,2026-07-17T06:54:16+0200,4e64d4d3-e4bc-4728-8eea-52acf8983738,2026-07-14T20:15:00Z,2026-07-14T22:15:00+0200,4091.63,MW,FR,FR,actual_onshore_wind_generation,Wind Onshore,2026-07-17T04:55:04Z
2026-07-17T04:54:16Z,2026-07-17T06:54:16+0200,4e64d4d3-e4bc-4728-8eea-52acf8983738,2026-07-14T20:30:00Z,2026-07-14T22:30:00+0200,4430.12,MW,FR,FR,actual_onshore_wind_generation,Wind Onshore,2026-07-17T04:55:04Z
2026-07-17T04:54:16Z,2026-07-17T06:54:16+0200,4e64d4d3-e4bc-4728-8eea-52acf8983738,2026-07-14T20:45:00Z,2026-07-14T22:45:00+0200,4648.77,MW,FR,FR,actual_onshore_wind_generation,Wind Onshore,2026-07-17T04:55:04Z
2026-07-17T04:54:16Z,2026-07-17T06:54:16+0200,4e64d4d3-e4bc-4728-8eea-52acf8983738,2026-07-14T21:00:00Z,2026-07-14T23:00:00+0200,4772.59,MW,FR,FR,actual_onshore_wind_generation,Wind Onshore,2026-07-17T04:55:04Z
2026-07-17T04:54:16Z,2026-07-17T06:54:16+0200,4e64d4d3-e4bc-4728-8eea-52acf8983738,2026-07-14T21:15:00Z,2026-07-14T23:15:00+0200,4982.45,MW,FR,FR,actual_onshore_wind_generation,Wind Onshore,2026-07-17T04:55:04Z
2026-07-17T04:54:16Z,2026-07-17T06:54:16+0200,4e64d4d3-e4bc-4728-8eea-52acf8983738,2026-07-14T21:30:00Z,2026-07-14T23:30:00+0200,4928.91,MW,FR,FR,actual_onshore_wind_generation,Wind Onshore,2026-07-17T04:55:04Z
2026-07-17T04:54:16Z,2026-07-17T06:54:16+0200,4e64d4d3-e4bc-4728-8eea-52acf8983738,2026-07-14T21:45:00Z,2026-07-14T23:45:00+0200,5071.12,MW,FR,FR,actual_onshore_wind_generation,Wind Onshore,2026-07-17T04:55:04Z
2026-07-17T04:54:16Z,2026-07-17T06:54:16+0200,4e64d4d3-e4bc-4728-8eea-52acf8983738,2026-07-14T22:00:00Z,2026-07-15T00:00:00+0200,5160.76,MW,FR,FR,actual_onshore_wind_generation,Wind Onshore,2026-07-17T04:55:04Z
2026-07-17T04:54:16Z,2026-07-17T06:54:16+0200,4e64d4d3-e4bc-4728-8eea-52acf8983738,2026-07-14T22:15:00Z,2026-07-15T00:15:00+0200,5215.41,MW,FR,FR,actual_onshore_wind_generation,Wind Onshore,2026-07-17T04:55:04Z
2026-07-17T04:54:16Z,2026-07-17T06:54:16+0200,4e64d4d3-e4bc-4728-8eea-52acf8983738,2026-07-14T22:30:00Z,2026-07-15T00:30:00+0200,5211.64,MW,FR,FR,actual_onshore_wind_generation,Wind Onshore,2026-07-17T04:55:04Z
2026-07-17T04:54:16Z,2026-07-17T06:54:16+0200,4e64d4d3-e4bc-4728-8eea-52acf8983738,2026-07-14T22:45:00Z,2026-07-15T00:45:00+0200,5137.57,MW,FR,FR,actual_onshore_wind_generation,Wind Onshore,2026-07-17T04:55:04Z
2026-07-17T04:54:16Z,2026-07-17T06:54:16+0200,4e64d4d3-e4bc-4728-8eea-52acf8983738,2026-07-14T23:00:00Z,2026-07-15T01:00:00+0200,5170.94,MW,FR,FR,actual_onshore_wind_generation,Wind Onshore,2026-07-17T04:55:04Z
2026-07-17T04:54:16Z,2026-07-17T06:54:16+0200,4e64d4d3-e4bc-4728-8eea-52acf8983738,2026-07-14T23:15:00Z,2026-07-15T01:15:00+0200,5105.62,MW,FR,FR,actual_onshore_wind_generation,Wind Onshore,2026-07-17T04:55:04Z
2026-07-17T04:54:16Z,2026-07-17T06:54:16+0200,4e64d4d3-e4bc-4728-8eea-52acf8983738,2026-07-14T23:30:00Z,2026-07-15T01:30:00+0200,5057.57,MW,FR,FR,actual_onshore_wind_generation,Wind Onshore,2026-07-17T04:55:04Z
2026-07-17T04:54:16Z,2026-07-17T06:54:16+0200,4e64d4d3-e4bc-4728-8eea-52acf8983738,2026-07-14T23:45:00Z,2026-07-15T01:45:00+0200,5023.79,MW,FR,FR,actual_onshore_wind_generation,Wind Onshore,2026-07-17T04:55:04Z
2026-07-17T04:54:16Z,2026-07-17T06:54:16+0200,4e64d4d3-e4bc-4728-8eea-52acf8983738,2026-07-15T00:00:00Z,2026-07-15T02:00:00+0200,4998.26,MW,FR,FR,actual_onshore_wind_generation,Wind Onshore,2026-07-17T04:55:04Z
2026-07-17T04:54:16Z,2026-07-17T06:54:16+0200,4e64d4d3-e4bc-4728-8eea-52acf8983738,2026-07-15T00:15:00Z,2026-07-15T02:15:00+0200,4897.66,MW,FR,FR,actual_onshore_wind_generation,Wind Onshore,2026-07-17T04:55:04Z
2026-07-17T04:54:16Z,2026-07-17T06:54:16+0200,4e64d4d3-e4bc-4728-8eea-52acf8983738,2026-07-15T00:30:00Z,2026-07-15T02:30:00+0200,4770.23,MW,FR,FR,actual_onshore_wind_generation,Wind Onshore,2026-07-17T04:55:04Z
2026-07-17T04:54:16Z,2026-07-17T06:54:16+0200,4e64d4d3-e4bc-4728-8eea-52acf8983738,2026-07-15T00:45:00Z,2026-07-15T02:45:00+0200,4685.04,MW,FR,FR,actual_onshore_wind_generation,Wind Onshore,2026-07-17T04:55:04Z
2026-07-17T04:54:16Z,2026-07-17T06:54:16+0200,4e64d4d3-e4bc-4728-8eea-52acf8983738,2026-07-15T01:00:00Z,2026-07-15T03:00:00+0200,4597.0,MW,FR,FR,actual_onshore_wind_generation,Wind Onshore,2026-07-17T04:55:04Z
2026-07-17T04:54:16Z,2026-07-17T06:54:16+0200,4e64d4d3-e4bc-4728-8eea-52acf8983738,2026-07-15T01:15:00Z,2026-07-15T03:15:00+0200,4488.68,MW,FR,FR,actual_onshore_wind_generation,Wind Onshore,2026-07-17T04:55:04Z
2026-07-17T04:54:16Z,2026-07-17T06:54:16+0200,4e64d4d3-e4bc-4728-8eea-52acf8983738,2026-07-15T01:30:00Z,2026-07-15T03:30:00+0200,4378.29,MW,FR,FR,actual_onshore_wind_generation,Wind Onshore,2026-07-17T04:55:04Z
2026-07-17T04:54:16Z,2026-07-17T06:54:16+0200,4e64d4d3-e4bc-4728-8eea-52acf8983738,2026-07-15T01:45:00Z,2026-07-15T03:45:00+0200,4263.42,MW,FR,FR,actual_onshore_wind_generation,Wind Onshore,2026-07-17T04:55:04Z
2026-07-17T04:54:16Z,2026-07-17T06:54:16+0200,4e64d4d3-e4bc-4728-8eea-52acf8983738,2026-07-15T02:00:00Z,2026-07-15T04:00:00+0200,4274.47,MW,FR,FR,actual_onshore_wind_generation,Wind Onshore,2026-07-17T04:55:04Z
2026-07-17T04:54:16Z,2026-07-17T06:54:16+0200,4e64d4d3-e4bc-4728-8eea-52acf8983738,2026-07-15T02:15:00Z,2026-07-15T04:15:00+0200,4258.02,MW,FR,FR,actual_onshore_wind_generation,Wind Onshore,2026-07-17T04:55:04Z
2026-07-17T04:54:16Z,2026-07-17T06:54:16+0200,4e64d4d3-e4bc-4728-8eea-52acf8983738,2026-07-15T02:30:00Z,2026-07-15T04:30:00+0200,4178.5,MW,FR,FR,actual_onshore_wind_generation,Wind Onshore,2026-07-17T04:55:04Z
2026-07-17T04:54:16Z,2026-07-17T06:54:16+0200,4e64d4d3-e4bc-4728-8eea-52acf8983738,2026-07-15T02:45:00Z,2026-07-15T04:45:00+0200,4059.08,MW,FR,FR,actual_onshore_wind_generation,Wind Onshore,2026-07-17T04:55:04Z
2026-07-17T04:54:16Z,2026-07-17T06:54:16+0200,4e64d4d3-e4bc-4728-8eea-52acf8983738,2026-07-15T03:00:00Z,2026-07-15T05:00:00+0200,4041.9,MW,FR,FR,actual_onshore_wind_generation,Wind Onshore,2026-07-17T04:55:04Z
2026-07-17T04:54:16Z,2026-07-17T06:54:16+0200,4e64d4d3-e4bc-4728-8eea-52acf8983738,2026-07-15T03:15:00Z,2026-07-15T05:15:00+0200,4198.2,MW,FR,FR,actual_onshore_wind_generation,Wind Onshore,2026-07-17T04:55:04Z
2026-07-17T04:54:16Z,2026-07-17T06:54:16+0200,4e64d4d3-e4bc-4728-8eea-52acf8983738,2026-07-15T03:30:00Z,2026-07-15T05:30:00+0200,4327.99,MW,FR,FR,actual_onshore_wind_generation,Wind Onshore,2026-07-17T04:55:04Z
2026-07-17T04:54:16Z,2026-07-17T06:54:16+0200,4e64d4d3-e4bc-4728-8eea-52acf8983738,2026-07-15T03:45:00Z,2026-07-15T05:45:00+0200,4446.86,MW,FR,FR,actual_onshore_wind_generation,Wind Onshore,2026-07-17T04:55:04Z
2026-07-17T04:54:16Z,2026-07-17T06:54:16+0200,4e64d4d3-e4bc-4728-8eea-52acf8983738,2026-07-15T04:00:00Z,2026-07-15T06:00:00+0200,4510.72,MW,FR,FR,actual_onshore_wind_generation,Wind Onshore,2026-07-17T04:55:04Z
2026-07-17T04:54:16Z,2026-07-17T06:54:16+0200,4e64d4d3-e4bc-4728-8eea-52acf8983738,2026-07-15T04:15:00Z,2026-07-15T06:15:00+0200,4634.49,MW,FR,FR,actual_onshore_wind_generation,Wind Onshore,2026-07-17T04:55:04Z
2026-07-17T04:54:16Z,2026-07-17T06:54:16+0200,4e64d4d3-e4bc-4728-8eea-52acf8983738,2026-07-15T04:30:00Z,2026-07-15T06:30:00+0200,4627.64,MW,FR,FR,actual_onshore_wind_generation,Wind Onshore,2026-07-17T04:55:04Z
2026-07-17T04:54:16Z,2026-07-17T06:54:16+0200,4e64d4d3-e4bc-4728-8eea-52acf8983738,2026-07-15T04:45:00Z,2026-07-15T06:45:00+0200,4504.01,MW,FR,FR,actual_onshore_wind_generation,Wind Onshore,2026-07-17T04:55:04Z
2026-07-17T04:54:16Z,2026-07-17T06:54:16+0200,4e64d4d3-e4bc-4728-8eea-52acf8983738,2026-07-15T05:00:00Z,2026-07-15T07:00:00+0200,4428.38,MW,FR,FR,actual_onshore_wind_generation,Wind Onshore,2026-07-17T04:55:04Z
2026-07-17T04:54:16Z,2026-07-17T06:54:16+0200,4e64d4d3-e4bc-4728-8eea-52acf8983738,2026-07-15T05:15:00Z,2026-07-15T07:15:00+0200,4188.53,MW,FR,FR,actual_onshore_wind_generation,Wind Onshore,2026-07-17T04:55:04Z
2026-07-17T04:54:16Z,2026-07-17T06:54:16+0200,4e64d4d3-e4bc-4728-8eea-52acf8983738,2026-07-15T05:30:00Z,2026-07-15T07:30:00+0200,3684.16,MW,FR,FR,actual_onshore_wind_generation,Wind Onshore,2026-07-17T04:55:04Z
2026-07-17T04:54:16Z,2026-07-17T06:54:16+0200,4e64d4d3-e4bc-4728-8eea-52acf8983738,2026-07-15T05:45:00Z,2026-07-15T07:45:00+0200,3431.72,MW,FR,FR,actual_onshore_wind_generation,Wind Onshore,2026-07-17T04:55:04Z
2026-07-17T04:54:16Z,2026-07-17T06:54:16+0200,4e64d4d3-e4bc-4728-8eea-52acf8983738,2026-07-15T06:00:00Z,2026-07-15T08:00:00+0200,3200.2,MW,FR,FR,actual_onshore_wind_generation,Wind Onshore,2026-07-17T04:55:04Z
2026-07-17T04:54:16Z,2026-07-17T06:54:16+0200,4e64d4d3-e4bc-4728-8eea-52acf8983738,2026-07-15T06:15:00Z,2026-07-15T08:15:00+0200,2844.25,MW,FR,FR,actual_onshore_wind_generation,Wind Onshore,2026-07-17T04:55:04Z
2026-07-17T04:54:16Z,2026-07-17T06:54:16+0200,4e64d4d3-e4bc-4728-8eea-52acf8983738,2026-07-15T06:30:00Z,2026-07-15T08:30:00+0200,2546.52,MW,FR,FR,actual_onshore_wind_generation,Wind Onshore,2026-07-17T04:55:04Z
2026-07-17T04:54:16Z,2026-07-17T06:54:16+0200,4e64d4d3-e4bc-4728-8eea-52acf8983738,2026-07-15T06:45:00Z,2026-07-15T08:45:00+0200,2446.08,MW,FR,FR,actual_onshore_wind_generation,Wind Onshore,2026-07-17T04:55:04Z
2026-07-17T04:54:16Z,2026-07-17T06:54:16+0200,4e64d4d3-e4bc-4728-8eea-52acf8983738,2026-07-15T07:00:00Z,2026-07-15T09:00:00+0200,2230.13,MW,FR,FR,actual_onshore_wind_generation,Wind Onshore,2026-07-17T04:55:04Z
2026-07-17T04:54:16Z,2026-07-17T06:54:16+0200,4e64d4d3-e4bc-4728-8eea-52acf8983738,2026-07-15T07:15:00Z,2026-07-15T09:15:00+0200,2113.51,MW,FR,FR,actual_onshore_wind_generation,Wind Onshore,2026-07-17T04:55:04Z
2026-07-17T04:54:16Z,2026-07-17T06:54:16+0200,4e64d4d3-e4bc-4728-8eea-52acf8983738,2026-07-15T07:30:00Z,2026-07-15T09:30:00+0200,2052.09,MW,FR,FR,actual_onshore_wind_generation,Wind Onshore,2026-07-17T04:55:04Z
2026-07-17T04:54:16Z,2026-07-17T06:54:16+0200,4e64d4d3-e4bc-4728-8eea-52acf8983738,2026-07-15T07:45:00Z,2026-07-15T09:45:00+0200,2008.65,MW,FR,FR,actual_onshore_wind_generation,Wind Onshore,2026-07-17T04:55:04Z
2026-07-17T04:54:16Z,2026-07-17T06:54:16+0200,4e64d4d3-e4bc-4728-8eea-52acf8983738,2026-07-15T08:00:00Z,2026-07-15T10:00:00+0200,1974.92,MW,FR,FR,actual_onshore_wind_generation,Wind Onshore,2026-07-17T04:55:04Z
2026-07-17T04:54:16Z,2026-07-17T06:54:16+0200,4e64d4d3-e4bc-4728-8eea-52acf8983738,2026-07-15T08:15:00Z,2026-07-15T10:15:00+0200,2096.55,MW,FR,FR,actual_onshore_wind_generation,Wind Onshore,2026-07-17T04:55:04Z
2026-07-17T04:54:16Z,2026-07-17T06:54:16+0200,4e64d4d3-e4bc-4728-8eea-52acf8983738,2026-07-15T08:30:00Z,2026-07-15T10:30:00+0200,2344.73,MW,FR,FR,actual_onshore_wind_generation,Wind Onshore,2026-07-17T04:55:04Z
2026-07-17T04:54:16Z,2026-07-17T06:54:16+0200,4e64d4d3-e4bc-4728-8eea-52acf8983738,2026-07-15T08:45:00Z,2026-07-15T10:45:00+0200,2639.64,MW,FR,FR,actual_onshore_wind_generation,Wind Onshore,2026-07-17T04:55:04Z
2026-07-17T04:54:16Z,2026-07-17T06:54:16+0200,4e64d4d3-e4bc-4728-8eea-52acf8983738,2026-07-15T09:00:00Z,2026-07-15T11:00:00+0200,2779.47,MW,FR,FR,actual_onshore_wind_generation,Wind Onshore,2026-07-17T04:55:04Z
2026-07-17T04:54:16Z,2026-07-17T06:54:16+0200,4e64d4d3-e4bc-4728-8eea-52acf8983738,2026-07-15T09:15:00Z,2026-07-15T11:15:00+0200,2976.36,MW,FR,FR,actual_onshore_wind_generation,Wind Onshore,2026-07-17T04:55:04Z
2026-07-17T04:54:16Z,2026-07-17T06:54:16+0200,4e64d4d3-e4bc-4728-8eea-52acf8983738,2026-07-15T09:30:00Z,2026-07-15T11:30:00+0200,3124.8,MW,FR,FR,actual_onshore_wind_generation,Wind Onshore,2026-07-17T04:55:04Z
2026-07-17T04:54:16Z,2026-07-17T06:54:16+0200,4e64d4d3-e4bc-4728-8eea-52acf8983738,2026-07-15T09:45:00Z,2026-07-15T11:45:00+0200,3288.13,MW,FR,FR,actual_onshore_wind_generation,Wind Onshore,2026-07-17T04:55:04Z
2026-07-17T04:54:16Z,2026-07-17T06:54:16+0200,4e64d4d3-e4bc-4728-8eea-52acf8983738,2026-07-15T10:00:00Z,2026-07-15T12:00:00+0200,3421.73,MW,FR,FR,actual_onshore_wind_generation,Wind Onshore,2026-07-17T04:55:04Z
2026-07-17T04:54:16Z,2026-07-17T06:54:16+0200,4e64d4d3-e4bc-4728-8eea-52acf8983738,2026-07-15T10:15:00Z,2026-07-15T12:15:00+0200,3549.68,MW,FR,FR,actual_onshore_wind_generation,Wind Onshore,2026-07-17T04:55:04Z
2026-07-17T04:54:16Z,2026-07-17T06:54:16+0200,4e64d4d3-e4bc-4728-8eea-52acf8983738,2026-07-15T10:30:00Z,2026-07-15T12:30:00+0200,3646.85,MW,FR,FR,actual_onshore_wind_generation,Wind Onshore,2026-07-17T04:55:04Z
2026-07-17T04:54:16Z,2026-07-17T06:54:16+0200,4e64d4d3-e4bc-4728-8eea-52acf8983738,2026-07-15T10:45:00Z,2026-07-15T12:45:00+0200,3594.95,MW,FR,FR,actual_onshore_wind_generation,Wind Onshore,2026-07-17T04:55:04Z
2026-07-17T04:54:16Z,2026-07-17T06:54:16+0200,4e64d4d3-e4bc-4728-8eea-52acf8983738,2026-07-15T11:00:00Z,2026-07-15T13:00:00+0200,3476.02,MW,FR,FR,actual_onshore_wind_generation,Wind Onshore,2026-07-17T04:55:04Z
2026-07-17T04:54:16Z,2026-07-17T06:54:16+0200,4e64d4d3-e4bc-4728-8eea-52acf8983738,2026-07-15T11:15:00Z,2026-07-15T13:15:00+0200,3292.82,MW,FR,FR,actual_onshore_wind_generation,Wind Onshore,2026-07-17T04:55:04Z
2026-07-17T04:54:16Z,2026-07-17T06:54:16+0200,4e64d4d3-e4bc-4728-8eea-52acf8983738,2026-07-15T11:30:00Z,2026-07-15T13:30:00+0200,3168.9,MW,FR,FR,actual_onshore_wind_generation,Wind Onshore,2026-07-17T04:55:04Z
2026-07-17T04:54:16Z,2026-07-17T06:54:16+0200,4e64d4d3-e4bc-4728-8eea-52acf8983738,2026-07-15T11:45:00Z,2026-07-15T13:45:00+0200,2993.47,MW,FR,FR,actual_onshore_wind_generation,Wind Onshore,2026-07-17T04:55:04Z
2026-07-17T04:54:16Z,2026-07-17T06:54:16+0200,4e64d4d3-e4bc-4728-8eea-52acf8983738,2026-07-15T12:00:00Z,2026-07-15T14:00:00+0200,2849.04,MW,FR,FR,actual_onshore_wind_generation,Wind Onshore,2026-07-17T04:55:04Z
2026-07-17T04:54:16Z,2026-07-17T06:54:16+0200,4e64d4d3-e4bc-4728-8eea-52acf8983738,2026-07-15T12:15:00Z,2026-07-15T14:15:00+0200,2842.32,MW,FR,FR,actual_onshore_wind_generation,Wind Onshore,2026-07-17T04:55:04Z
2026-07-17T04:54:16Z,2026-07-17T06:54:16+0200,4e64d4d3-e4bc-4728-8eea-52acf8983738,2026-07-15T12:30:00Z,2026-07-15T14:30:00+0200,2836.35,MW,FR,FR,actual_onshore_wind_generation,Wind Onshore,2026-07-17T04:55:04Z
2026-07-17T04:54:16Z,2026-07-17T06:54:16+0200,4e64d4d3-e4bc-4728-8eea-52acf8983738,2026-07-15T12:45:00Z,2026-07-15T14:45:00+0200,2730.0,MW,FR,FR,actual_onshore_wind_generation,Wind Onshore,2026-07-17T04:55:04Z
2026-07-17T04:54:16Z,2026-07-17T06:54:16+0200,4e64d4d3-e4bc-4728-8eea-52acf8983738,2026-07-15T13:00:00Z,2026-07-15T15:00:00+0200,2825.21,MW,FR,FR,actual_onshore_wind_generation,Wind Onshore,2026-07-17T04:55:04Z
2026-07-17T04:54:16Z,2026-07-17T06:54:16+0200,4e64d4d3-e4bc-4728-8eea-52acf8983738,2026-07-15T13:15:00Z,2026-07-15T15:15:00+0200,2994.93,MW,FR,FR,actual_onshore_wind_generation,Wind Onshore,2026-07-17T04:55:04Z
2026-07-17T04:54:16Z,2026-07-17T06:54:16+0200,4e64d4d3-e4bc-4728-8eea-52acf8983738,2026-07-15T13:30:00Z,2026-07-15T15:30:00+0200,3043.79,MW,FR,FR,actual_onshore_wind_generation,Wind Onshore,2026-07-17T04:55:04Z
2026-07-17T04:54:16Z,2026-07-17T06:54:16+0200,4e64d4d3-e4bc-4728-8eea-52acf8983738,2026-07-15T13:45:00Z,2026-07-15T15:45:00+0200,3085.37,MW,FR,FR,actual_onshore_wind_generation,Wind Onshore,2026-07-17T04:55:04Z
2026-07-17T04:54:16Z,2026-07-17T06:54:16+0200,4e64d4d3-e4bc-4728-8eea-52acf8983738,2026-07-15T14:00:00Z,2026-07-15T16:00:00+0200,3071.34,MW,FR,FR,actual_onshore_wind_generation,Wind Onshore,2026-07-17T04:55:04Z
2026-07-17T04:54:16Z,2026-07-17T06:54:16+0200,4e64d4d3-e4bc-4728-8eea-52acf8983738,2026-07-15T14:15:00Z,2026-07-15T16:15:00+0200,3061.78,MW,FR,FR,actual_onshore_wind_generation,Wind Onshore,2026-07-17T04:55:04Z
2026-07-17T04:54:16Z,2026-07-17T06:54:16+0200,4e64d4d3-e4bc-4728-8eea-52acf8983738,2026-07-15T14:30:00Z,2026-07-15T16:30:00+0200,3119.02,MW,FR,FR,actual_onshore_wind_generation,Wind Onshore,2026-07-17T04:55:04Z
2026-07-17T04:54:16Z,2026-07-17T06:54:16+0200,4e64d4d3-e4bc-4728-8eea-52acf8983738,2026-07-15T14:45:00Z,2026-07-15T16:45:00+0200,3154.09,MW,FR,FR,actual_onshore_wind_generation,Wind Onshore,2026-07-17T04:55:04Z
2026-07-17T04:54:16Z,2026-07-17T06:54:16+0200,4e64d4d3-e4bc-4728-8eea-52acf8983738,2026-07-15T15:00:00Z,2026-07-15T17:00:00+0200,3242.59,MW,FR,FR,actual_onshore_wind_generation,Wind Onshore,2026-07-17T04:55:04Z
2026-07-17T04:54:16Z,2026-07-17T06:54:16+0200,4e64d4d3-e4bc-4728-8eea-52acf8983738,2026-07-15T15:15:00Z,2026-07-15T17:15:00+0200,3347.88,MW,FR,FR,actual_onshore_wind_generation,Wind Onshore,2026-07-17T04:55:04Z
2026-07-17T04:54:16Z,2026-07-17T06:54:16+0200,4e64d4d3-e4bc-4728-8eea-52acf8983738,2026-07-15T15:30:00Z,2026-07-15T17:30:00+0200,3495.4,MW,FR,FR,actual_onshore_wind_generation,Wind Onshore,2026-07-17T04:55:04Z
2026-07-17T04:54:16Z,2026-07-17T06:54:16+0200,4e64d4d3-e4bc-4728-8eea-52acf8983738,2026-07-15T15:45:00Z,2026-07-15T17:45:00+0200,3635.96,MW,FR,FR,actual_onshore_wind_generation,Wind Onshore,2026-07-17T04:55:04Z
2026-07-17T04:54:16Z,2026-07-17T06:54:16+0200,4e64d4d3-e4bc-4728-8eea-52acf8983738,2026-07-15T16:00:00Z,2026-07-15T18:00:00+0200,3778.86,MW,FR,FR,actual_onshore_wind_generation,Wind Onshore,2026-07-17T04:55:04Z
2026-07-17T04:54:16Z,2026-07-17T06:54:16+0200,4e64d4d3-e4bc-4728-8eea-52acf8983738,2026-07-15T16:15:00Z,2026-07-15T18:15:00+0200,3961.88,MW,FR,FR,actual_onshore_wind_generation,Wind Onshore,2026-07-17T04:55:04Z
2026-07-17T04:54:16Z,2026-07-17T06:54:16+0200,4e64d4d3-e4bc-4728-8eea-52acf8983738,2026-07-15T16:30:00Z,2026-07-15T18:30:00+0200,4198.94,MW,FR,FR,actual_onshore_wind_generation,Wind Onshore,2026-07-17T04:55:04Z
2026-07-17T04:54:16Z,2026-07-17T06:54:16+0200,4e64d4d3-e4bc-4728-8eea-52acf8983738,2026-07-15T16:45:00Z,2026-07-15T18:45:00+0200,4288.11,MW,FR,FR,actual_onshore_wind_generation,Wind Onshore,2026-07-17T04:55:04Z
2026-07-17T04:54:16Z,2026-07-17T06:54:16+0200,4e64d4d3-e4bc-4728-8eea-52acf8983738,2026-07-15T17:00:00Z,2026-07-15T19:00:00+0200,4406.65,MW,FR,FR,actual_onshore_wind_generation,Wind Onshore,2026-07-17T04:55:04Z
2026-07-17T04:54:16Z,2026-07-17T06:54:16+0200,4e64d4d3-e4bc-4728-8eea-52acf8983738,2026-07-15T17:15:00Z,2026-07-15T19:15:00+0200,4509.48,MW,FR,FR,actual_onshore_wind_generation,Wind Onshore,2026-07-17T04:55:04Z
2026-07-17T04:54:16Z,2026-07-17T06:54:16+0200,4e64d4d3-e4bc-4728-8eea-52acf8983738,2026-07-15T17:30:00Z,2026-07-15T19:30:00+0200,4479.09,MW,FR,FR,actual_onshore_wind_generation,Wind Onshore,2026-07-17T04:55:04Z
2026-07-17T04:54:16Z,2026-07-17T06:54:16+0200,4e64d4d3-e4bc-4728-8eea-52acf8983738,2026-07-15T17:45:00Z,2026-07-15T19:45:00+0200,4265.73,MW,FR,FR,actual_onshore_wind_generation,Wind Onshore,2026-07-17T04:55:04Z
2026-07-17T04:54:16Z,2026-07-17T06:54:16+0200,4e64d4d3-e4bc-4728-8eea-52acf8983738,2026-07-15T18:00:00Z,2026-07-15T20:00:00+0200,4108.05,MW,FR,FR,actual_onshore_wind_generation,Wind Onshore,2026-07-17T04:55:04Z
2026-07-17T04:54:16Z,2026-07-17T06:54:16+0200,4e64d4d3-e4bc-4728-8eea-52acf8983738,2026-07-15T18:15:00Z,2026-07-15T20:15:00+0200,3927.29,MW,FR,FR,actual_onshore_wind_generation,Wind Onshore,2026-07-17T04:55:04Z
2026-07-17T04:54:16Z,2026-07-17T06:54:16+0200,4e64d4d3-e4bc-4728-8eea-52acf8983738,2026-07-15T18:30:00Z,2026-07-15T20:30:00+0200,3730.36,MW,FR,FR,actual_onshore_wind_generation,Wind Onshore,2026-07-17T04:55:04Z
2026-07-17T04:54:16Z,2026-07-17T06:54:16+0200,4e64d4d3-e4bc-4728-8eea-52acf8983738,2026-07-15T18:45:00Z,2026-07-15T20:45:00+0200,3564.98,MW,FR,FR,actual_onshore_wind_generation,Wind Onshore,2026-07-17T04:55:04Z
2026-07-17T04:54:16Z,2026-07-17T06:54:16+0200,4e64d4d3-e4bc-4728-8eea-52acf8983738,2026-07-15T19:00:00Z,2026-07-15T21:00:00+0200,3382.46,MW,FR,FR,actual_onshore_wind_generation,Wind Onshore,2026-07-17T04:55:04Z
2026-07-17T04:54:16Z,2026-07-17T06:54:16+0200,4e64d4d3-e4bc-4728-8eea-52acf8983738,2026-07-15T19:15:00Z,2026-07-15T21:15:00+0200,3497.16,MW,FR,FR,actual_onshore_wind_generation,Wind Onshore,2026-07-17T04:55:04Z
2026-07-17T04:54:16Z,2026-07-17T06:54:16+0200,4e64d4d3-e4bc-4728-8eea-52acf8983738,2026-07-15T19:30:00Z,2026-07-15T21:30:00+0200,3541.09,MW,FR,FR,actual_onshore_wind_generation,Wind Onshore,2026-07-17T04:55:04Z
2026-07-17T04:54:16Z,2026-07-17T06:54:16+0200,4e64d4d3-e4bc-4728-8eea-52acf8983738,2026-07-15T19:45:00Z,2026-07-15T21:45:00+0200,3604.85,MW,FR,FR,actual_onshore_wind_generation,Wind Onshore,2026-07-17T04:55:04Z
2026-07-17T04:54:16Z,2026-07-17T06:54:16+0200,4e64d4d3-e4bc-4728-8eea-52acf8983738,2026-07-15T20:00:00Z,2026-07-15T22:00:00+0200,3654.79,MW,FR,FR,actual_onshore_wind_generation,Wind Onshore,2026-07-17T04:55:04Z
2026-07-17T04:54:16Z,2026-07-17T06:54:16+0200,4e64d4d3-e4bc-4728-8eea-52acf8983738,2026-07-15T20:15:00Z,2026-07-15T22:15:00+0200,3879.96,MW,FR,FR,actual_onshore_wind_generation,Wind Onshore,2026-07-17T04:55:04Z
2026-07-17T04:54:16Z,2026-07-17T06:54:16+0200,4e64d4d3-e4bc-4728-8eea-52acf8983738,2026-07-15T20:30:00Z,2026-07-15T22:30:00+0200,4137.14,MW,FR,FR,actual_onshore_wind_generation,Wind Onshore,2026-07-17T04:55:04Z
2026-07-17T04:54:16Z,2026-07-17T06:54:16+0200,4e64d4d3-e4bc-4728-8eea-52acf8983738,2026-07-15T20:45:00Z,2026-07-15T22:45:00+0200,4236.44,MW,FR,FR,actual_onshore_wind_generation,Wind Onshore,2026-07-17T04:55:04Z
2026-07-17T04:54:16Z,2026-07-17T06:54:16+0200,4e64d4d3-e4bc-4728-8eea-52acf8983738,2026-07-15T21:00:00Z,2026-07-15T23:00:00+0200,4322.49,MW,FR,FR,actual_onshore_wind_generation,Wind Onshore,2026-07-17T04:55:04Z
2026-07-17T04:54:16Z,2026-07-17T06:54:16+0200,4e64d4d3-e4bc-4728-8eea-52acf8983738,2026-07-15T21:15:00Z,2026-07-15T23:15:00+0200,4331.77,MW,FR,FR,actual_onshore_wind_generation,Wind Onshore,2026-07-17T04:55:04Z
2026-07-17T04:54:16Z,2026-07-17T06:54:16+0200,4e64d4d3-e4bc-4728-8eea-52acf8983738,2026-07-15T21:30:00Z,2026-07-15T23:30:00+0200,4263.66,MW,FR,FR,actual_onshore_wind_generation,Wind Onshore,2026-07-17T04:55:04Z
2026-07-17T04:54:16Z,2026-07-17T06:54:16+0200,4e64d4d3-e4bc-4728-8eea-52acf8983738,2026-07-15T21:45:00Z,2026-07-15T23:45:00+0200,4159.85,MW,FR,FR,actual_onshore_wind_generation,Wind Onshore,2026-07-17T04:55:04Z
2026-07-17T04:54:16Z,2026-07-17T06:54:16+0200,4e64d4d3-e4bc-4728-8eea-52acf8983738,2026-07-15T22:00:00Z,2026-07-16T00:00:00+0200,4021.62,MW,FR,FR,actual_onshore_wind_generation,Wind Onshore,2026-07-17T04:55:04Z
2026-07-17T04:54:16Z,2026-07-17T06:54:16+0200,4e64d4d3-e4bc-4728-8eea-52acf8983738,2026-07-15T22:15:00Z,2026-07-16T00:15:00+0200,3922.28,MW,FR,FR,actual_onshore_wind_generation,Wind Onshore,2026-07-17T04:55:04Z
2026-07-17T04:54:16Z,2026-07-17T06:54:16+0200,4e64d4d3-e4bc-4728-8eea-52acf8983738,2026-07-15T22:30:00Z,2026-07-16T00:30:00+0200,3864.67,MW,FR,FR,actual_onshore_wind_generation,Wind Onshore,2026-07-17T04:55:04Z
2026-07-17T04:54:16Z,2026-07-17T06:54:16+0200,4e64d4d3-e4bc-4728-8eea-52acf8983738,2026-07-15T22:45:00Z,2026-07-16T00:45:00+0200,3850.16,MW,FR,FR,actual_onshore_wind_generation,Wind Onshore,2026-07-17T04:55:04Z
2026-07-17T04:54:16Z,2026-07-17T06:54:16+0200,4e64d4d3-e4bc-4728-8eea-52acf8983738,2026-07-15T23:00:00Z,2026-07-16T01:00:00+0200,3771.75,MW,FR,FR,actual_onshore_wind_generation,Wind Onshore,2026-07-17T04:55:04Z
2026-07-17T04:54:16Z,2026-07-17T06:54:16+0200,4e64d4d3-e4bc-4728-8eea-52acf8983738,2026-07-15T23:15:00Z,2026-07-16T01:15:00+0200,3645.3,MW,FR,FR,actual_onshore_wind_generation,Wind Onshore,2026-07-17T04:55:04Z
2026-07-17T04:54:16Z,2026-07-17T06:54:16+0200,4e64d4d3-e4bc-4728-8eea-52acf8983738,2026-07-15T23:30:00Z,2026-07-16T01:30:00+0200,3496.57,MW,FR,FR,actual_onshore_wind_generation,Wind Onshore,2026-07-17T04:55:04Z
2026-07-17T04:54:16Z,2026-07-17T06:54:16+0200,4e64d4d3-e4bc-4728-8eea-52acf8983738,2026-07-15T23:45:00Z,2026-07-16T01:45:00+0200,3398.81,MW,FR,FR,actual_onshore_wind_generation,Wind Onshore,2026-07-17T04:55:04Z
2026-07-17T04:54:16Z,2026-07-17T06:54:16+0200,4e64d4d3-e4bc-4728-8eea-52acf8983738,2026-07-16T00:00:00Z,2026-07-16T02:00:00+0200,3333.17,MW,FR,FR,actual_onshore_wind_generation,Wind Onshore,2026-07-17T04:55:04Z
2026-07-17T04:54:16Z,2026-07-17T06:54:16+0200,4e64d4d3-e4bc-4728-8eea-52acf8983738,2026-07-16T00:15:00Z,2026-07-16T02:15:00+0200,3296.71,MW,FR,FR,actual_onshore_wind_generation,Wind Onshore,2026-07-17T04:55:04Z
2026-07-17T04:54:16Z,2026-07-17T06:54:16+0200,4e64d4d3-e4bc-4728-8eea-52acf8983738,2026-07-16T00:30:00Z,2026-07-16T02:30:00+0200,3220.51,MW,FR,FR,actual_onshore_wind_generation,Wind Onshore,2026-07-17T04:55:04Z
2026-07-17T04:54:16Z,2026-07-17T06:54:16+0200,4e64d4d3-e4bc-4728-8eea-52acf8983738,2026-07-16T00:45:00Z,2026-07-16T02:45:00+0200,3174.31,MW,FR,FR,actual_onshore_wind_generation,Wind Onshore,2026-07-17T04:55:04Z
2026-07-17T04:54:16Z,2026-07-17T06:54:16+0200,4e64d4d3-e4bc-4728-8eea-52acf8983738,2026-07-16T01:00:00Z,2026-07-16T03:00:00+0200,3140.23,MW,FR,FR,actual_onshore_wind_generation,Wind Onshore,2026-07-17T04:55:04Z
2026-07-17T04:54:16Z,2026-07-17T06:54:16+0200,4e64d4d3-e4bc-4728-8eea-52acf8983738,2026-07-16T01:15:00Z,2026-07-16T03:15:00+0200,3089.8,MW,FR,FR,actual_onshore_wind_generation,Wind Onshore,2026-07-17T04:55:04Z
2026-07-17T04:54:16Z,2026-07-17T06:54:16+0200,4e64d4d3-e4bc-4728-8eea-52acf8983738,2026-07-16T01:30:00Z,2026-07-16T03:30:00+0200,3020.05,MW,FR,FR,actual_onshore_wind_generation,Wind Onshore,2026-07-17T04:55:04Z
2026-07-17T04:54:16Z,2026-07-17T06:54:16+0200,4e64d4d3-e4bc-4728-8eea-52acf8983738,2026-07-16T01:45:00Z,2026-07-16T03:45:00+0200,2930.5,MW,FR,FR,actual_onshore_wind_generation,Wind Onshore,2026-07-17T04:55:04Z
2026-07-17T04:54:16Z,2026-07-17T06:54:16+0200,4e64d4d3-e4bc-4728-8eea-52acf8983738,2026-07-16T02:00:00Z,2026-07-16T04:00:00+0200,2843.89,MW,FR,FR,actual_onshore_wind_generation,Wind Onshore,2026-07-17T04:55:04Z
2026-07-17T04:54:16Z,2026-07-17T06:54:16+0200,4e64d4d3-e4bc-4728-8eea-52acf8983738,2026-07-16T02:15:00Z,2026-07-16T04:15:00+0200,2798.61,MW,FR,FR,actual_onshore_wind_generation,Wind Onshore,2026-07-17T04:55:04Z
2026-07-17T04:54:16Z,2026-07-17T06:54:16+0200,4e64d4d3-e4bc-4728-8eea-52acf8983738,2026-07-16T02:30:00Z,2026-07-16T04:30:00+0200,2711.86,MW,FR,FR,actual_onshore_wind_generation,Wind Onshore,2026-07-17T04:55:04Z
2026-07-17T04:54:16Z,2026-07-17T06:54:16+0200,4e64d4d3-e4bc-4728-8eea-52acf8983738,2026-07-16T02:45:00Z,2026-07-16T04:45:00+0200,2655.95,MW,FR,FR,actual_onshore_wind_generation,Wind Onshore,2026-07-17T04:55:04Z
2026-07-17T04:54:16Z,2026-07-17T06:54:16+0200,4e64d4d3-e4bc-4728-8eea-52acf8983738,2026-07-16T03:00:00Z,2026-07-16T05:00:00+0200,2570.26,MW,FR,FR,actual_onshore_wind_generation,Wind Onshore,2026-07-17T04:55:04Z
2026-07-17T04:54:16Z,2026-07-17T06:54:16+0200,4e64d4d3-e4bc-4728-8eea-52acf8983738,2026-07-16T03:15:00Z,2026-07-16T05:15:00+0200,2459.96,MW,FR,FR,actual_onshore_wind_generation,Wind Onshore,2026-07-17T04:55:04Z
2026-07-17T04:54:16Z,2026-07-17T06:54:16+0200,4e64d4d3-e4bc-4728-8eea-52acf8983738,2026-07-16T03:30:00Z,2026-07-16T05:30:00+0200,2409.04,MW,FR,FR,actual_onshore_wind_generation,Wind Onshore,2026-07-17T04:55:04Z
2026-07-17T04:54:16Z,2026-07-17T06:54:16+0200,4e64d4d3-e4bc-4728-8eea-52acf8983738,2026-07-16T03:45:00Z,2026-07-16T05:45:00+0200,2393.52,MW,FR,FR,actual_onshore_wind_generation,Wind Onshore,2026-07-17T04:55:04Z
2026-07-17T04:54:16Z,2026-07-17T06:54:16+0200,4e64d4d3-e4bc-4728-8eea-52acf8983738,2026-07-16T04:00:00Z,2026-07-16T06:00:00+0200,2442.14,MW,FR,FR,actual_onshore_wind_generation,Wind Onshore,2026-07-17T04:55:04Z
2026-07-17T04:54:16Z,2026-07-17T06:54:16+0200,4e64d4d3-e4bc-4728-8eea-52acf8983738,2026-07-16T04:15:00Z,2026-07-16T06:15:00+0200,2511.15,MW,FR,FR,actual_onshore_wind_generation,Wind Onshore,2026-07-17T04:55:04Z
2026-07-17T04:54:16Z,2026-07-17T06:54:16+0200,4e64d4d3-e4bc-4728-8eea-52acf8983738,2026-07-16T04:30:00Z,2026-07-16T06:30:00+0200,2555.7,MW,FR,FR,actual_onshore_wind_generation,Wind Onshore,2026-07-17T04:55:04Z
2026-07-17T04:54:16Z,2026-07-17T06:54:16+0200,4e64d4d3-e4bc-4728-8eea-52acf8983738,2026-07-16T04:45:00Z,2026-07-16T06:45:00+0200,2438.16,MW,FR,FR,actual_onshore_wind_generation,Wind Onshore,2026-07-17T04:55:04Z
2026-07-17T04:54:16Z,2026-07-17T06:54:16+0200,4e64d4d3-e4bc-4728-8eea-52acf8983738,2026-07-16T05:00:00Z,2026-07-16T07:00:00+0200,2380.48,MW,FR,FR,actual_onshore_wind_generation,Wind Onshore,2026-07-17T04:55:04Z
2026-07-17T04:54:16Z,2026-07-17T06:54:16+0200,4e64d4d3-e4bc-4728-8eea-52acf8983738,2026-07-16T05:15:00Z,2026-07-16T07:15:00+0200,2276.49,MW,FR,FR,actual_onshore_wind_generation,Wind Onshore,2026-07-17T04:55:04Z
2026-07-17T04:54:16Z,2026-07-17T06:54:16+0200,4e64d4d3-e4bc-4728-8eea-52acf8983738,2026-07-16T05:30:00Z,2026-07-16T07:30:00+0200,2051.5,MW,FR,FR,actual_onshore_wind_generation,Wind Onshore,2026-07-17T04:55:04Z
2026-07-17T04:54:16Z,2026-07-17T06:54:16+0200,4e64d4d3-e4bc-4728-8eea-52acf8983738,2026-07-16T05:45:00Z,2026-07-16T07:45:00+0200,1830.87,MW,FR,FR,actual_onshore_wind_generation,Wind Onshore,2026-07-17T04:55:04Z
2026-07-17T04:54:16Z,2026-07-17T06:54:16+0200,4e64d4d3-e4bc-4728-8eea-52acf8983738,2026-07-16T06:00:00Z,2026-07-16T08:00:00+0200,1568.84,MW,FR,FR,actual_onshore_wind_generation,Wind Onshore,2026-07-17T04:55:04Z
2026-07-17T04:54:16Z,2026-07-17T06:54:16+0200,4e64d4d3-e4bc-4728-8eea-52acf8983738,2026-07-16T06:15:00Z,2026-07-16T08:15:00+0200,1348.19,MW,FR,FR,actual_onshore_wind_generation,Wind Onshore,2026-07-17T04:55:04Z
2026-07-17T04:54:16Z,2026-07-17T06:54:16+0200,4e64d4d3-e4bc-4728-8eea-52acf8983738,2026-07-16T06:30:00Z,2026-07-16T08:30:00+0200,1177.64,MW,FR,FR,actual_onshore_wind_generation,Wind Onshore,2026-07-17T04:55:04Z
2026-07-17T04:54:16Z,2026-07-17T06:54:16+0200,4e64d4d3-e4bc-4728-8eea-52acf8983738,2026-07-16T06:45:00Z,2026-07-16T08:45:00+0200,1053.17,MW,FR,FR,actual_onshore_wind_generation,Wind Onshore,2026-07-17T04:55:04Z
2026-07-17T04:54:16Z,2026-07-17T06:54:16+0200,4e64d4d3-e4bc-4728-8eea-52acf8983738,2026-07-16T07:00:00Z,2026-07-16T09:00:00+0200,985.13,MW,FR,FR,actual_onshore_wind_generation,Wind Onshore,2026-07-17T04:55:04Z
2026-07-17T04:54:16Z,2026-07-17T06:54:16+0200,4e64d4d3-e4bc-4728-8eea-52acf8983738,2026-07-16T07:15:00Z,2026-07-16T09:15:00+0200,912.19,MW,FR,FR,actual_onshore_wind_generation,Wind Onshore,2026-07-17T04:55:04Z
2026-07-17T04:54:16Z,2026-07-17T06:54:16+0200,4e64d4d3-e4bc-4728-8eea-52acf8983738,2026-07-16T07:30:00Z,2026-07-16T09:30:00+0200,904.97,MW,FR,FR,actual_onshore_wind_generation,Wind Onshore,2026-07-17T04:55:04Z
2026-07-17T04:54:16Z,2026-07-17T06:54:16+0200,4e64d4d3-e4bc-4728-8eea-52acf8983738,2026-07-16T07:45:00Z,2026-07-16T09:45:00+0200,982.79,MW,FR,FR,actual_onshore_wind_generation,Wind Onshore,2026-07-17T04:55:04Z
2026-07-17T04:54:16Z,2026-07-17T06:54:16+0200,4e64d4d3-e4bc-4728-8eea-52acf8983738,2026-07-16T08:00:00Z,2026-07-16T10:00:00+0200,1004.76,MW,FR,FR,actual_onshore_wind_generation,Wind Onshore,2026-07-17T04:55:04Z
2026-07-17T04:54:16Z,2026-07-17T06:54:16+0200,4e64d4d3-e4bc-4728-8eea-52acf8983738,2026-07-16T08:15:00Z,2026-07-16T10:15:00+0200,1070.28,MW,FR,FR,actual_onshore_wind_generation,Wind Onshore,2026-07-17T04:55:04Z
2026-07-17T04:54:16Z,2026-07-17T06:54:16+0200,4e64d4d3-e4bc-4728-8eea-52acf8983738,2026-07-16T08:30:00Z,2026-07-16T10:30:00+0200,1099.82,MW,FR,FR,actual_onshore_wind_generation,Wind Onshore,2026-07-17T04:55:04Z
2026-07-17T04:54:16Z,2026-07-17T06:54:16+0200,4e64d4d3-e4bc-4728-8eea-52acf8983738,2026-07-16T08:45:00Z,2026-07-16T10:45:00+0200,1232.98,MW,FR,FR,actual_onshore_wind_generation,Wind Onshore,2026-07-17T04:55:04Z
2026-07-17T04:54:16Z,2026-07-17T06:54:16+0200,4e64d4d3-e4bc-4728-8eea-52acf8983738,2026-07-16T09:00:00Z,2026-07-16T11:00:00+0200,1460.17,MW,FR,FR,actual_onshore_wind_generation,Wind Onshore,2026-07-17T04:55:04Z
2026-07-17T04:54:16Z,2026-07-17T06:54:16+0200,4e64d4d3-e4bc-4728-8eea-52acf8983738,2026-07-16T09:15:00Z,2026-07-16T11:15:00+0200,1624.88,MW,FR,FR,actual_onshore_wind_generation,Wind Onshore,2026-07-17T04:55:04Z
2026-07-17T04:54:16Z,2026-07-17T06:54:16+0200,4e64d4d3-e4bc-4728-8eea-52acf8983738,2026-07-16T09:30:00Z,2026-07-16T11:30:00+0200,1820.13,MW,FR,FR,actual_onshore_wind_generation,Wind Onshore,2026-07-17T04:55:04Z
2026-07-17T04:54:16Z,2026-07-17T06:54:16+0200,4e64d4d3-e4bc-4728-8eea-52acf8983738,2026-07-16T09:45:00Z,2026-07-16T11:45:00+0200,2003.99,MW,FR,FR,actual_onshore_wind_generation,Wind Onshore,2026-07-17T04:55:04Z
2026-07-17T04:54:16Z,2026-07-17T06:54:16+0200,4e64d4d3-e4bc-4728-8eea-52acf8983738,2026-07-16T10:00:00Z,2026-07-16T12:00:00+0200,2144.73,MW,FR,FR,actual_onshore_wind_generation,Wind Onshore,2026-07-17T04:55:04Z
2026-07-17T04:54:16Z,2026-07-17T06:54:16+0200,4e64d4d3-e4bc-4728-8eea-52acf8983738,2026-07-16T10:15:00Z,2026-07-16T12:15:00+0200,2113.27,MW,FR,FR,actual_onshore_wind_generation,Wind Onshore,2026-07-17T04:55:04Z
2026-07-17T04:54:16Z,2026-07-17T06:54:16+0200,4e64d4d3-e4bc-4728-8eea-52acf8983738,2026-07-16T10:30:00Z,2026-07-16T12:30:00+0200,2092.2,MW,FR,FR,actual_onshore_wind_generation,Wind Onshore,2026-07-17T04:55:04Z
2026-07-17T04:54:16Z,2026-07-17T06:54:16+0200,4e64d4d3-e4bc-4728-8eea-52acf8983738,2026-07-16T10:45:00Z,2026-07-16T12:45:00+0200,2008.89,MW,FR,FR,actual_onshore_wind_generation,Wind Onshore,2026-07-17T04:55:04Z
2026-07-17T04:54:16Z,2026-07-17T06:54:16+0200,4e64d4d3-e4bc-4728-8eea-52acf8983738,2026-07-16T11:00:00Z,2026-07-16T13:00:00+0200,1977.26,MW,FR,FR,actual_onshore_wind_generation,Wind Onshore,2026-07-17T04:55:04Z
2026-07-17T04:54:16Z,2026-07-17T06:54:16+0200,4e64d4d3-e4bc-4728-8eea-52acf8983738,2026-07-16T11:15:00Z,2026-07-16T13:15:00+0200,1973.94,MW,FR,FR,actual_onshore_wind_generation,Wind Onshore,2026-07-17T04:55:04Z
2026-07-17T04:54:16Z,2026-07-17T06:54:16+0200,4e64d4d3-e4bc-4728-8eea-52acf8983738,2026-07-16T11:30:00Z,2026-07-16T13:30:00+0200,1973.93,MW,FR,FR,actual_onshore_wind_generation,Wind Onshore,2026-07-17T04:55:04Z
2026-07-17T04:54:16Z,2026-07-17T06:54:16+0200,4e64d4d3-e4bc-4728-8eea-52acf8983738,2026-07-16T11:45:00Z,2026-07-16T13:45:00+0200,1895.5,MW,FR,FR,actual_onshore_wind_generation,Wind Onshore,2026-07-17T04:55:04Z
2026-07-17T04:54:16Z,2026-07-17T06:54:16+0200,4e64d4d3-e4bc-4728-8eea-52acf8983738,2026-07-16T12:00:00Z,2026-07-16T14:00:00+0200,1756.31,MW,FR,FR,actual_onshore_wind_generation,Wind Onshore,2026-07-17T04:55:04Z
2026-07-17T04:54:16Z,2026-07-17T06:54:16+0200,4e64d4d3-e4bc-4728-8eea-52acf8983738,2026-07-16T12:15:00Z,2026-07-16T14:15:00+0200,1671.57,MW,FR,FR,actual_onshore_wind_generation,Wind Onshore,2026-07-17T04:55:04Z
2026-07-17T04:54:16Z,2026-07-17T06:54:16+0200,4e64d4d3-e4bc-4728-8eea-52acf8983738,2026-07-16T12:30:00Z,2026-07-16T14:30:00+0200,1648.45,MW,FR,FR,actual_onshore_wind_generation,Wind Onshore,2026-07-17T04:55:04Z
2026-07-17T04:54:16Z,2026-07-17T06:54:16+0200,4e64d4d3-e4bc-4728-8eea-52acf8983738,2026-07-16T12:45:00Z,2026-07-16T14:45:00+0200,1641.17,MW,FR,FR,actual_onshore_wind_generation,Wind Onshore,2026-07-17T04:55:04Z
2026-07-17T04:54:16Z,2026-07-17T06:54:16+0200,4e64d4d3-e4bc-4728-8eea-52acf8983738,2026-07-16T13:00:00Z,2026-07-16T15:00:00+0200,1696.86,MW,FR,FR,actual_onshore_wind_generation,Wind Onshore,2026-07-17T04:55:04Z
2026-07-17T04:54:16Z,2026-07-17T06:54:16+0200,4e64d4d3-e4bc-4728-8eea-52acf8983738,2026-07-16T13:15:00Z,2026-07-16T15:15:00+0200,1811.7,MW,FR,FR,actual_onshore_wind_generation,Wind Onshore,2026-07-17T04:55:04Z
2026-07-17T04:54:16Z,2026-07-17T06:54:16+0200,4e64d4d3-e4bc-4728-8eea-52acf8983738,2026-07-16T13:30:00Z,2026-07-16T15:30:00+0200,1826.99,MW,FR,FR,actual_onshore_wind_generation,Wind Onshore,2026-07-17T04:55:04Z
2026-07-17T04:54:16Z,2026-07-17T06:54:16+0200,4e64d4d3-e4bc-4728-8eea-52acf8983738,2026-07-16T13:45:00Z,2026-07-16T15:45:00+0200,2012.95,MW,FR,FR,actual_onshore_wind_generation,Wind Onshore,2026-07-17T04:55:04Z
2026-07-17T04:54:16Z,2026-07-17T06:54:16+0200,4e64d4d3-e4bc-4728-8eea-52acf8983738,2026-07-16T14:00:00Z,2026-07-16T16:00:00+0200,2135.74,MW,FR,FR,actual_onshore_wind_generation,Wind Onshore,2026-07-17T04:55:04Z
2026-07-17T04:54:16Z,2026-07-17T06:54:16+0200,4e64d4d3-e4bc-4728-8eea-52acf8983738,2026-07-16T14:15:00Z,2026-07-16T16:15:00+0200,2335.8,MW,FR,FR,actual_onshore_wind_generation,Wind Onshore,2026-07-17T04:55:04Z
2026-07-17T04:54:16Z,2026-07-17T06:54:16+0200,4e64d4d3-e4bc-4728-8eea-52acf8983738,2026-07-16T14:30:00Z,2026-07-16T16:30:00+0200,2431.17,MW,FR,FR,actual_onshore_wind_generation,Wind Onshore,2026-07-17T04:55:04Z
2026-07-17T04:54:16Z,2026-07-17T06:54:16+0200,4e64d4d3-e4bc-4728-8eea-52acf8983738,2026-07-16T14:45:00Z,2026-07-16T16:45:00+0200,2632.33,MW,FR,FR,actual_onshore_wind_generation,Wind Onshore,2026-07-17T04:55:04Z
2026-07-17T04:54:16Z,2026-07-17T06:54:16+0200,4e64d4d3-e4bc-4728-8eea-52acf8983738,2026-07-16T15:00:00Z,2026-07-16T17:00:00+0200,2774.17,MW,FR,FR,actual_onshore_wind_generation,Wind Onshore,2026-07-17T04:55:04Z
2026-07-17T04:54:16Z,2026-07-17T06:54:16+0200,4e64d4d3-e4bc-4728-8eea-52acf8983738,2026-07-16T15:15:00Z,2026-07-16T17:15:00+0200,3097.78,MW,FR,FR,actual_onshore_wind_generation,Wind Onshore,2026-07-17T04:55:04Z
2026-07-17T04:54:16Z,2026-07-17T06:54:16+0200,4e64d4d3-e4bc-4728-8eea-52acf8983738,2026-07-16T15:30:00Z,2026-07-16T17:30:00+0200,3308.66,MW,FR,FR,actual_onshore_wind_generation,Wind Onshore,2026-07-17T04:55:04Z
2026-07-17T04:54:16Z,2026-07-17T06:54:16+0200,4e64d4d3-e4bc-4728-8eea-52acf8983738,2026-07-16T15:45:00Z,2026-07-16T17:45:00+0200,3363.1,MW,FR,FR,actual_onshore_wind_generation,Wind Onshore,2026-07-17T04:55:04Z
2026-07-17T04:54:16Z,2026-07-17T06:54:16+0200,4e64d4d3-e4bc-4728-8eea-52acf8983738,2026-07-16T16:00:00Z,2026-07-16T18:00:00+0200,3440.83,MW,FR,FR,actual_onshore_wind_generation,Wind Onshore,2026-07-17T04:55:04Z
2026-07-17T04:54:16Z,2026-07-17T06:54:16+0200,4e64d4d3-e4bc-4728-8eea-52acf8983738,2026-07-16T16:15:00Z,2026-07-16T18:15:00+0200,3526.02,MW,FR,FR,actual_onshore_wind_generation,Wind Onshore,2026-07-17T04:55:04Z
2026-07-17T04:54:16Z,2026-07-17T06:54:16+0200,4e64d4d3-e4bc-4728-8eea-52acf8983738,2026-07-16T16:30:00Z,2026-07-16T18:30:00+0200,3684.85,MW,FR,FR,actual_onshore_wind_generation,Wind Onshore,2026-07-17T04:55:04Z
2026-07-17T04:54:16Z,2026-07-17T06:54:16+0200,4e64d4d3-e4bc-4728-8eea-52acf8983738,2026-07-16T16:45:00Z,2026-07-16T18:45:00+0200,3853.17,MW,FR,FR,actual_onshore_wind_generation,Wind Onshore,2026-07-17T04:55:04Z
2026-07-17T04:54:16Z,2026-07-17T06:54:16+0200,4e64d4d3-e4bc-4728-8eea-52acf8983738,2026-07-16T17:00:00Z,2026-07-16T19:00:00+0200,4138.3,MW,FR,FR,actual_onshore_wind_generation,Wind Onshore,2026-07-17T04:55:04Z
2026-07-17T04:54:16Z,2026-07-17T06:54:16+0200,4e64d4d3-e4bc-4728-8eea-52acf8983738,2026-07-16T17:15:00Z,2026-07-16T19:15:00+0200,4438.6,MW,FR,FR,actual_onshore_wind_generation,Wind Onshore,2026-07-17T04:55:04Z
2026-07-17T04:54:16Z,2026-07-17T06:54:16+0200,4e64d4d3-e4bc-4728-8eea-52acf8983738,2026-07-16T17:30:00Z,2026-07-16T19:30:00+0200,4628.29,MW,FR,FR,actual_onshore_wind_generation,Wind Onshore,2026-07-17T04:55:04Z
2026-07-17T04:54:16Z,2026-07-17T06:54:16+0200,4e64d4d3-e4bc-4728-8eea-52acf8983738,2026-07-16T17:45:00Z,2026-07-16T19:45:00+0200,4742.1,MW,FR,FR,actual_onshore_wind_generation,Wind Onshore,2026-07-17T04:55:04Z
2026-07-17T04:54:16Z,2026-07-17T06:54:16+0200,4e64d4d3-e4bc-4728-8eea-52acf8983738,2026-07-16T18:00:00Z,2026-07-16T20:00:00+0200,4777.22,MW,FR,FR,actual_onshore_wind_generation,Wind Onshore,2026-07-17T04:55:04Z
2026-07-17T04:54:16Z,2026-07-17T06:54:16+0200,4e64d4d3-e4bc-4728-8eea-52acf8983738,2026-07-16T18:15:00Z,2026-07-16T20:15:00+0200,4645.81,MW,FR,FR,actual_onshore_wind_generation,Wind Onshore,2026-07-17T04:55:04Z
2026-07-17T04:54:16Z,2026-07-17T06:54:16+0200,4e64d4d3-e4bc-4728-8eea-52acf8983738,2026-07-16T18:30:00Z,2026-07-16T20:30:00+0200,4401.94,MW,FR,FR,actual_onshore_wind_generation,Wind Onshore,2026-07-17T04:55:04Z
2026-07-17T04:54:16Z,2026-07-17T06:54:16+0200,4e64d4d3-e4bc-4728-8eea-52acf8983738,2026-07-16T18:45:00Z,2026-07-16T20:45:00+0200,4335.38,MW,FR,FR,actual_onshore_wind_generation,Wind Onshore,2026-07-17T04:55:04Z
2026-07-17T04:54:16Z,2026-07-17T06:54:16+0200,4e64d4d3-e4bc-4728-8eea-52acf8983738,2026-07-16T19:00:00Z,2026-07-16T21:00:00+0200,4303.21,MW,FR,FR,actual_onshore_wind_generation,Wind Onshore,2026-07-17T04:55:04Z
2026-07-17T04:54:16Z,2026-07-17T06:54:16+0200,4e64d4d3-e4bc-4728-8eea-52acf8983738,2026-07-16T19:15:00Z,2026-07-16T21:15:00+0200,4345.49,MW,FR,FR,actual_onshore_wind_generation,Wind Onshore,2026-07-17T04:55:04Z
2026-07-17T04:54:16Z,2026-07-17T06:54:16+0200,4e64d4d3-e4bc-4728-8eea-52acf8983738,2026-07-16T19:30:00Z,2026-07-16T21:30:00+0200,4580.87,MW,FR,FR,actual_onshore_wind_generation,Wind Onshore,2026-07-17T04:55:04Z
2026-07-17T04:54:16Z,2026-07-17T06:54:16+0200,4e64d4d3-e4bc-4728-8eea-52acf8983738,2026-07-16T19:45:00Z,2026-07-16T21:45:00+0200,4846.87,MW,FR,FR,actual_onshore_wind_generation,Wind Onshore,2026-07-17T04:55:04Z
2026-07-17T04:54:16Z,2026-07-17T06:54:16+0200,4e64d4d3-e4bc-4728-8eea-52acf8983738,2026-07-16T20:00:00Z,2026-07-16T22:00:00+0200,4913.68,MW,FR,FR,actual_onshore_wind_generation,Wind Onshore,2026-07-17T04:55:04Z
2026-07-17T04:54:16Z,2026-07-17T06:54:16+0200,4e64d4d3-e4bc-4728-8eea-52acf8983738,2026-07-16T20:15:00Z,2026-07-16T22:15:00+0200,4861.72,MW,FR,FR,actual_onshore_wind_generation,Wind Onshore,2026-07-17T04:55:04Z
2026-07-17T04:54:16Z,2026-07-17T06:54:16+0200,4e64d4d3-e4bc-4728-8eea-52acf8983738,2026-07-16T20:30:00Z,2026-07-16T22:30:00+0200,4911.72,MW,FR,FR,actual_onshore_wind_generation,Wind Onshore,2026-07-17T04:55:04Z
2026-07-17T04:54:16Z,2026-07-17T06:54:16+0200,4e64d4d3-e4bc-4728-8eea-52acf8983738,2026-07-16T20:45:00Z,2026-07-16T22:45:00+0200,4816.89,MW,FR,FR,actual_onshore_wind_generation,Wind Onshore,2026-07-17T04:55:04Z
2026-07-17T04:54:16Z,2026-07-17T06:54:16+0200,4e64d4d3-e4bc-4728-8eea-52acf8983738,2026-07-16T21:00:00Z,2026-07-16T23:00:00+0200,4837.62,MW,FR,FR,actual_onshore_wind_generation,Wind Onshore,2026-07-17T04:55:04Z
2026-07-17T04:54:16Z,2026-07-17T06:54:16+0200,4e64d4d3-e4bc-4728-8eea-52acf8983738,2026-07-16T21:15:00Z,2026-07-16T23:15:00+0200,4846.35,MW,FR,FR,actual_onshore_wind_generation,Wind Onshore,2026-07-17T04:55:04Z
2026-07-17T04:54:16Z,2026-07-17T06:54:16+0200,4e64d4d3-e4bc-4728-8eea-52acf8983738,2026-07-16T21:30:00Z,2026-07-16T23:30:00+0200,4793.4,MW,FR,FR,actual_onshore_wind_generation,Wind Onshore,2026-07-17T04:55:04Z
2026-07-17T04:54:16Z,2026-07-17T06:54:16+0200,4e64d4d3-e4bc-4728-8eea-52acf8983738,2026-07-16T21:45:00Z,2026-07-16T23:45:00+0200,4615.5,MW,FR,FR,actual_onshore_wind_generation,Wind Onshore,2026-07-17T04:55:04Z
2026-07-17T04:54:16Z,2026-07-17T06:54:16+0200,4e64d4d3-e4bc-4728-8eea-52acf8983738,2026-07-16T22:00:00Z,2026-07-17T00:00:00+0200,4368.06,MW,FR,FR,actual_onshore_wind_generation,Wind Onshore,2026-07-17T04:55:04Z
2026-07-17T04:54:16Z,2026-07-17T06:54:16+0200,4e64d4d3-e4bc-4728-8eea-52acf8983738,2026-07-16T22:15:00Z,2026-07-17T00:15:00+0200,4231.17,MW,FR,FR,actual_onshore_wind_generation,Wind Onshore,2026-07-17T04:55:04Z
2026-07-17T04:54:16Z,2026-07-17T06:54:16+0200,4e64d4d3-e4bc-4728-8eea-52acf8983738,2026-07-16T22:30:00Z,2026-07-17T00:30:00+0200,4134.62,MW,FR,FR,actual_onshore_wind_generation,Wind Onshore,2026-07-17T04:55:04Z
2026-07-17T04:54:16Z,2026-07-17T06:54:16+0200,4e64d4d3-e4bc-4728-8eea-52acf8983738,2026-07-16T22:45:00Z,2026-07-17T00:45:00+0200,4020.52,MW,FR,FR,actual_onshore_wind_generation,Wind Onshore,2026-07-17T04:55:04Z
2026-07-17T04:54:16Z,2026-07-17T06:54:16+0200,4e64d4d3-e4bc-4728-8eea-52acf8983738,2026-07-16T23:00:00Z,2026-07-17T01:00:00+0200,4065.61,MW,FR,FR,actual_onshore_wind_generation,Wind Onshore,2026-07-17T04:55:04Z
2026-07-17T04:54:16Z,2026-07-17T06:54:16+0200,4e64d4d3-e4bc-4728-8eea-52acf8983738,2026-07-16T23:15:00Z,2026-07-17T01:15:00+0200,3803.22,MW,FR,FR,actual_onshore_wind_generation,Wind Onshore,2026-07-17T04:55:04Z
2026-07-17T04:54:16Z,2026-07-17T06:54:16+0200,4e64d4d3-e4bc-4728-8eea-52acf8983738,2026-07-16T23:30:00Z,2026-07-17T01:30:00+0200,3600.73,MW,FR,FR,actual_onshore_wind_generation,Wind Onshore,2026-07-17T04:55:04Z
2026-07-17T04:54:16Z,2026-07-17T06:54:16+0200,4e64d4d3-e4bc-4728-8eea-52acf8983738,2026-07-16T23:45:00Z,2026-07-17T01:45:00+0200,3486.28,MW,FR,FR,actual_onshore_wind_generation,Wind Onshore,2026-07-17T04:55:04Z
2026-07-17T04:54:16Z,2026-07-17T06:54:16+0200,4e64d4d3-e4bc-4728-8eea-52acf8983738,2026-07-17T00:00:00Z,2026-07-17T02:00:00+0200,3529.4,MW,FR,FR,actual_onshore_wind_generation,Wind Onshore,2026-07-17T04:55:04Z
2026-07-17T04:54:16Z,2026-07-17T06:54:16+0200,4e64d4d3-e4bc-4728-8eea-52acf8983738,2026-07-17T00:15:00Z,2026-07-17T02:15:00+0200,3507.37,MW,FR,FR,actual_onshore_wind_generation,Wind Onshore,2026-07-17T04:55:04Z
2026-07-17T04:54:16Z,2026-07-17T06:54:16+0200,4e64d4d3-e4bc-4728-8eea-52acf8983738,2026-07-17T00:30:00Z,2026-07-17T02:30:00+0200,3320.88,MW,FR,FR,actual_onshore_wind_generation,Wind Onshore,2026-07-17T04:55:04Z
2026-07-17T04:54:16Z,2026-07-17T06:54:16+0200,4e64d4d3-e4bc-4728-8eea-52acf8983738,2026-07-17T00:45:00Z,2026-07-17T02:45:00+0200,3078.24,MW,FR,FR,actual_onshore_wind_generation,Wind Onshore,2026-07-17T04:55:04Z
2026-07-17T04:54:16Z,2026-07-17T06:54:16+0200,4e64d4d3-e4bc-4728-8eea-52acf8983738,2026-07-17T01:00:00Z,2026-07-17T03:00:00+0200,2905.66,MW,FR,FR,actual_onshore_wind_generation,Wind Onshore,2026-07-17T04:55:04Z
2026-07-17T04:54:16Z,2026-07-17T06:54:16+0200,4e64d4d3-e4bc-4728-8eea-52acf8983738,2026-07-17T01:15:00Z,2026-07-17T03:15:00+0200,2783.79,MW,FR,FR,actual_onshore_wind_generation,Wind Onshore,2026-07-17T04:55:04Z
2026-07-17T04:54:16Z,2026-07-17T06:54:16+0200,4e64d4d3-e4bc-4728-8eea-52acf8983738,2026-07-17T01:30:00Z,2026-07-17T03:30:00+0200,2774.88,MW,FR,FR,actual_onshore_wind_generation,Wind Onshore,2026-07-17T04:55:04Z
2026-07-17T04:54:16Z,2026-07-17T06:54:16+0200,4e64d4d3-e4bc-4728-8eea-52acf8983738,2026-07-17T01:45:00Z,2026-07-17T03:45:00+0200,2765.47,MW,FR,FR,actual_onshore_wind_generation,Wind Onshore,2026-07-17T04:55:04Z
2026-07-17T04:54:16Z,2026-07-17T06:54:16+0200,4e64d4d3-e4bc-4728-8eea-52acf8983738,2026-07-17T02:00:00Z,2026-07-17T04:00:00+0200,2809.42,MW,FR,FR,actual_onshore_wind_generation,Wind Onshore,2026-07-17T04:55:04Z
2026-07-17T04:54:16Z,2026-07-17T06:54:16+0200,4e64d4d3-e4bc-4728-8eea-52acf8983738,2026-07-17T02:15:00Z,2026-07-17T04:15:00+0200,2724.73,MW,FR,FR,actual_onshore_wind_generation,Wind Onshore,2026-07-17T04:55:04Z
2026-07-17T04:54:16Z,2026-07-17T06:54:16+0200,4e64d4d3-e4bc-4728-8eea-52acf8983738,2026-07-17T02:30:00Z,2026-07-17T04:30:00+0200,2633.89,MW,FR,FR,actual_onshore_wind_generation,Wind Onshore,2026-07-17T04:55:04Z
2026-07-17T04:54:16Z,2026-07-17T06:54:16+0200,4e64d4d3-e4bc-4728-8eea-52acf8983738,2026-07-17T02:45:00Z,2026-07-17T04:45:00+0200,2465.26,MW,FR,FR,actual_onshore_wind_generation,Wind Onshore,2026-07-17T04:55:04Z
2026-07-17T04:54:16Z,2026-07-17T06:54:16+0200,4e64d4d3-e4bc-4728-8eea-52acf8983738,2026-07-17T03:00:00Z,2026-07-17T05:00:00+0200,2465.2,MW,FR,FR,actual_onshore_wind_generation,Wind Onshore,2026-07-17T04:55:04Z
2026-07-17T04:54:16Z,2026-07-17T06:54:16+0200,4e64d4d3-e4bc-4728-8eea-52acf8983738,2026-07-17T03:15:00Z,2026-07-17T05:15:00+0200,2487.23,MW,FR,FR,actual_onshore_wind_generation,Wind Onshore,2026-07-17T04:55:04Z
2026-07-17T04:54:16Z,2026-07-17T06:54:16+0200,4e64d4d3-e4bc-4728-8eea-52acf8983738,2026-07-17T03:30:00Z,2026-07-17T05:30:00+0200,2410.01,MW,FR,FR,actual_onshore_wind_generation,Wind Onshore,2026-07-17T04:55:04Z
2026-07-17T04:54:16Z,2026-07-17T06:54:16+0200,4e64d4d3-e4bc-4728-8eea-52acf8983738,2026-07-17T03:45:00Z,2026-07-17T05:45:00+0200,2261.25,MW,FR,FR,actual_onshore_wind_generation,Wind Onshore,2026-07-17T04:55:04Z
