collection_time_utc,collection_time_local,run_id,timestamp_utc,timestamp_local,value,unit,country,entsoe_area,variable,source,updated_at_utc
2026-08-17T13:33:42Z,2026-08-17T15:33:42+0200,5bbffdc7-c3ab-4a18-a8bf-cc7d933ae677,2026-07-17T14:00:00Z,2026-07-17T16:00:00+0200,33.94,MW,FR,FR,actual_offshore_wind_generation,Wind Offshore | Actual Aggregated,2026-08-17T13:35:39Z
2026-08-17T13:33:42Z,2026-08-17T15:33:42+0200,5bbffdc7-c3ab-4a18-a8bf-cc7d933ae677,2026-07-17T14:15:00Z,2026-07-17T16:15:00+0200,48.63,MW,FR,FR,actual_offshore_wind_generation,Wind Offshore | Actual Aggregated,2026-08-17T13:35:39Z
2026-08-17T13:33:42Z,2026-08-17T15:33:42+0200,5bbffdc7-c3ab-4a18-a8bf-cc7d933ae677,2026-07-17T14:30:00Z,2026-07-17T16:30:00+0200,89.55,MW,FR,FR,actual_offshore_wind_generation,Wind Offshore | Actual Aggregated,2026-08-17T13:35:39Z
2026-08-17T13:33:42Z,2026-08-17T15:33:42+0200,5bbffdc7-c3ab-4a18-a8bf-cc7d933ae677,2026-07-17T14:45:00Z,2026-07-17T16:45:00+0200,141.32,MW,FR,FR,actual_offshore_wind_generation,Wind Offshore | Actual Aggregated,2026-08-17T13:35:39Z
2026-08-17T13:33:42Z,2026-08-17T15:33:42+0200,5bbffdc7-c3ab-4a18-a8bf-cc7d933ae677,2026-07-17T15:00:00Z,2026-07-17T17:00:00+0200,190.86,MW,FR,FR,actual_offshore_wind_generation,Wind Offshore | Actual Aggregated,2026-08-17T13:35:39Z
2026-08-17T13:33:42Z,2026-08-17T15:33:42+0200,5bbffdc7-c3ab-4a18-a8bf-cc7d933ae677,2026-07-17T15:15:00Z,2026-07-17T17:15:00+0200,231.76,MW,FR,FR,actual_offshore_wind_generation,Wind Offshore | Actual Aggregated,2026-08-17T13:35:39Z
2026-08-17T13:33:42Z,2026-08-17T15:33:42+0200,5bbffdc7-c3ab-4a18-a8bf-cc7d933ae677,2026-07-17T15:30:00Z,2026-07-17T17:30:00+0200,268.4,MW,FR,FR,actual_offshore_wind_generation,Wind Offshore | Actual Aggregated,2026-08-17T13:35:39Z
2026-08-17T13:33:42Z,2026-08-17T15:33:42+0200,5bbffdc7-c3ab-4a18-a8bf-cc7d933ae677,2026-07-17T15:45:00Z,2026-07-17T17:45:00+0200,287.65,MW,FR,FR,actual_offshore_wind_generation,Wind Offshore | Actual Aggregated,2026-08-17T13:35:39Z
2026-08-17T13:33:42Z,2026-08-17T15:33:42+0200,5bbffdc7-c3ab-4a18-a8bf-cc7d933ae677,2026-07-17T16:00:00Z,2026-07-17T18:00:00+0200,308.91,MW,FR,FR,actual_offshore_wind_generation,Wind Offshore | Actual Aggregated,2026-08-17T13:35:39Z
2026-08-17T13:33:42Z,2026-08-17T15:33:42+0200,5bbffdc7-c3ab-4a18-a8bf-cc7d933ae677,2026-07-17T16:15:00Z,2026-07-17T18:15:00+0200,326.96,MW,FR,FR,actual_offshore_wind_generation,Wind Offshore | Actual Aggregated,2026-08-17T13:35:39Z
2026-08-17T13:33:42Z,2026-08-17T15:33:42+0200,5bbffdc7-c3ab-4a18-a8bf-cc7d933ae677,2026-07-17T16:30:00Z,2026-07-17T18:30:00+0200,351.27,MW,FR,FR,actual_offshore_wind_generation,Wind Offshore | Actual Aggregated,2026-08-17T13:35:39Z
2026-08-17T13:33:42Z,2026-08-17T15:33:42+0200,5bbffdc7-c3ab-4a18-a8bf-cc7d933ae677,2026-07-17T16:45:00Z,2026-07-17T18:45:00+0200,372.52,MW,FR,FR,actual_offshore_wind_generation,Wind Offshore | Actual Aggregated,2026-08-17T13:35:39Z
2026-08-17T13:33:42Z,2026-08-17T15:33:42+0200,5bbffdc7-c3ab-4a18-a8bf-cc7d933ae677,2026-07-17T17:00:00Z,2026-07-17T19:00:00+0200,371.09,MW,FR,FR,actual_offshore_wind_generation,Wind Offshore | Actual Aggregated,2026-08-17T13:35:39Z
2026-08-17T13:33:42Z,2026-08-17T15:33:42+0200,5bbffdc7-c3ab-4a18-a8bf-cc7d933ae677,2026-07-17T17:15:00Z,2026-07-17T19:15:00+0200,334.66,MW,FR,FR,actual_offshore_wind_generation,Wind Offshore | Actual Aggregated,2026-08-17T13:35:39Z
2026-08-17T13:33:42Z,2026-08-17T15:33:42+0200,5bbffdc7-c3ab-4a18-a8bf-cc7d933ae677,2026-07-17T17:30:00Z,2026-07-17T19:30:00+0200,296.86,MW,FR,FR,actual_offshore_wind_generation,Wind Offshore | Actual Aggregated,2026-08-17T13:35:39Z
2026-08-17T13:33:42Z,2026-08-17T15:33:42+0200,5bbffdc7-c3ab-4a18-a8bf-cc7d933ae677,2026-07-17T17:45:00Z,2026-07-17T19:45:00+0200,273.9,MW,FR,FR,actual_offshore_wind_generation,Wind Offshore | Actual Aggregated,2026-08-17T13:35:39Z
2026-08-17T13:33:42Z,2026-08-17T15:33:42+0200,5bbffdc7-c3ab-4a18-a8bf-cc7d933ae677,2026-07-17T18:00:00Z,2026-07-17T20:00:00+0200,275.75,MW,FR,FR,actual_offshore_wind_generation,Wind Offshore | Actual Aggregated,2026-08-17T13:35:39Z
2026-08-17T13:33:42Z,2026-08-17T15:33:42+0200,5bbffdc7-c3ab-4a18-a8bf-cc7d933ae677,2026-07-17T18:15:00Z,2026-07-17T20:15:00+0200,319.04,MW,FR,FR,actual_offshore_wind_generation,Wind Offshore | Actual Aggregated,2026-08-17T13:35:39Z
2026-08-17T13:33:42Z,2026-08-17T15:33:42+0200,5bbffdc7-c3ab-4a18-a8bf-cc7d933ae677,2026-07-17T18:30:00Z,2026-07-17T20:30:00+0200,332.41,MW,FR,FR,actual_offshore_wind_generation,Wind Offshore | Actual Aggregated,2026-08-17T13:35:39Z
2026-08-17T13:33:42Z,2026-08-17T15:33:42+0200,5bbffdc7-c3ab-4a18-a8bf-cc7d933ae677,2026-07-17T18:45:00Z,2026-07-17T20:45:00+0200,347.79,MW,FR,FR,actual_offshore_wind_generation,Wind Offshore | Actual Aggregated,2026-08-17T13:35:39Z
2026-08-17T13:33:42Z,2026-08-17T15:33:42+0200,5bbffdc7-c3ab-4a18-a8bf-cc7d933ae677,2026-07-17T19:00:00Z,2026-07-17T21:00:00+0200,354.61,MW,FR,FR,actual_offshore_wind_generation,Wind Offshore | Actual Aggregated,2026-08-17T13:35:39Z
2026-08-17T13:33:42Z,2026-08-17T15:33:42+0200,5bbffdc7-c3ab-4a18-a8bf-cc7d933ae677,2026-07-17T19:15:00Z,2026-07-17T21:15:00+0200,323.58,MW,FR,FR,actual_offshore_wind_generation,Wind Offshore | Actual Aggregated,2026-08-17T13:35:39Z
2026-08-17T13:33:42Z,2026-08-17T15:33:42+0200,5bbffdc7-c3ab-4a18-a8bf-cc7d933ae677,2026-07-17T19:30:00Z,2026-07-17T21:30:00+0200,307.57,MW,FR,FR,actual_offshore_wind_generation,Wind Offshore | Actual Aggregated,2026-08-17T13:35:39Z
2026-08-17T13:33:42Z,2026-08-17T15:33:42+0200,5bbffdc7-c3ab-4a18-a8bf-cc7d933ae677,2026-07-17T19:45:00Z,2026-07-17T21:45:00+0200,288.05,MW,FR,FR,actual_offshore_wind_generation,Wind Offshore | Actual Aggregated,2026-08-17T13:35:39Z
2026-08-17T13:33:42Z,2026-08-17T15:33:42+0200,5bbffdc7-c3ab-4a18-a8bf-cc7d933ae677,2026-07-17T20:00:00Z,2026-07-17T22:00:00+0200,274.17,MW,FR,FR,actual_offshore_wind_generation,Wind Offshore | Actual Aggregated,2026-08-17T13:35:39Z
2026-08-17T13:33:42Z,2026-08-17T15:33:42+0200,5bbffdc7-c3ab-4a18-a8bf-cc7d933ae677,2026-07-17T20:15:00Z,2026-07-17T22:15:00+0200,267.95,MW,FR,FR,actual_offshore_wind_generation,Wind Offshore | Actual Aggregated,2026-08-17T13:35:39Z
2026-08-17T13:33:42Z,2026-08-17T15:33:42+0200,5bbffdc7-c3ab-4a18-a8bf-cc7d933ae677,2026-07-17T20:30:00Z,2026-07-17T22:30:00+0200,249.27,MW,FR,FR,actual_offshore_wind_generation,Wind Offshore | Actual Aggregated,2026-08-17T13:35:39Z
2026-08-17T13:33:42Z,2026-08-17T15:33:42+0200,5bbffdc7-c3ab-4a18-a8bf-cc7d933ae677,2026-07-17T20:45:00Z,2026-07-17T22:45:00+0200,249.04,MW,FR,FR,actual_offshore_wind_generation,Wind Offshore | Actual Aggregated,2026-08-17T13:35:39Z
2026-08-17T13:33:42Z,2026-08-17T15:33:42+0200,5bbffdc7-c3ab-4a18-a8bf-cc7d933ae677,2026-07-17T21:00:00Z,2026-07-17T23:00:00+0200,243.48,MW,FR,FR,actual_offshore_wind_generation,Wind Offshore | Actual Aggregated,2026-08-17T13:35:39Z
2026-08-17T13:33:42Z,2026-08-17T15:33:42+0200,5bbffdc7-c3ab-4a18-a8bf-cc7d933ae677,2026-07-17T21:15:00Z,2026-07-17T23:15:00+0200,235.2,MW,FR,FR,actual_offshore_wind_generation,Wind Offshore | Actual Aggregated,2026-08-17T13:35:39Z
2026-08-17T13:33:42Z,2026-08-17T15:33:42+0200,5bbffdc7-c3ab-4a18-a8bf-cc7d933ae677,2026-07-17T21:30:00Z,2026-07-17T23:30:00+0200,232.53,MW,FR,FR,actual_offshore_wind_generation,Wind Offshore | Actual Aggregated,2026-08-17T13:35:39Z
2026-08-17T13:33:42Z,2026-08-17T15:33:42+0200,5bbffdc7-c3ab-4a18-a8bf-cc7d933ae677,2026-07-17T21:45:00Z,2026-07-17T23:45:00+0200,227.76,MW,FR,FR,actual_offshore_wind_generation,Wind Offshore | Actual Aggregated,2026-08-17T13:35:39Z
2026-08-17T13:33:42Z,2026-08-17T15:33:42+0200,5bbffdc7-c3ab-4a18-a8bf-cc7d933ae677,2026-07-17T22:00:00Z,2026-07-18T00:00:00+0200,211.03,MW,FR,FR,actual_offshore_wind_generation,Wind Offshore | Actual Aggregated,2026-08-17T13:35:39Z
2026-08-17T13:33:42Z,2026-08-17T15:33:42+0200,5bbffdc7-c3ab-4a18-a8bf-cc7d933ae677,2026-07-17T22:15:00Z,2026-07-18T00:15:00+0200,203.46,MW,FR,FR,actual_offshore_wind_generation,Wind Offshore | Actual Aggregated,2026-08-17T13:35:39Z
2026-08-17T13:33:42Z,2026-08-17T15:33:42+0200,5bbffdc7-c3ab-4a18-a8bf-cc7d933ae677,2026-07-17T22:30:00Z,2026-07-18T00:30:00+0200,210.88,MW,FR,FR,actual_offshore_wind_generation,Wind Offshore | Actual Aggregated,2026-08-17T13:35:39Z
2026-08-17T13:33:42Z,2026-08-17T15:33:42+0200,5bbffdc7-c3ab-4a18-a8bf-cc7d933ae677,2026-07-17T22:45:00Z,2026-07-18T00:45:00+0200,218.26,MW,FR,FR,actual_offshore_wind_generation,Wind Offshore | Actual Aggregated,2026-08-17T13:35:39Z
2026-08-17T13:33:42Z,2026-08-17T15:33:42+0200,5bbffdc7-c3ab-4a18-a8bf-cc7d933ae677,2026-07-17T23:00:00Z,2026-07-18T01:00:00+0200,216.04,MW,FR,FR,actual_offshore_wind_generation,Wind Offshore | Actual Aggregated,2026-08-17T13:35:39Z
2026-08-17T13:33:42Z,2026-08-17T15:33:42+0200,5bbffdc7-c3ab-4a18-a8bf-cc7d933ae677,2026-07-17T23:15:00Z,2026-07-18T01:15:00+0200,218.93,MW,FR,FR,actual_offshore_wind_generation,Wind Offshore | Actual Aggregated,2026-08-17T13:35:39Z
2026-08-17T13:33:42Z,2026-08-17T15:33:42+0200,5bbffdc7-c3ab-4a18-a8bf-cc7d933ae677,2026-07-17T23:30:00Z,2026-07-18T01:30:00+0200,217.29,MW,FR,FR,actual_offshore_wind_generation,Wind Offshore | Actual Aggregated,2026-08-17T13:35:39Z
2026-08-17T13:33:42Z,2026-08-17T15:33:42+0200,5bbffdc7-c3ab-4a18-a8bf-cc7d933ae677,2026-07-17T23:45:00Z,2026-07-18T01:45:00+0200,225.57,MW,FR,FR,actual_offshore_wind_generation,Wind Offshore | Actual Aggregated,2026-08-17T13:35:39Z
2026-08-17T13:33:42Z,2026-08-17T15:33:42+0200,5bbffdc7-c3ab-4a18-a8bf-cc7d933ae677,2026-07-18T00:00:00Z,2026-07-18T02:00:00+0200,230.27,MW,FR,FR,actual_offshore_wind_generation,Wind Offshore | Actual Aggregated,2026-08-17T13:35:39Z
2026-08-17T13:33:42Z,2026-08-17T15:33:42+0200,5bbffdc7-c3ab-4a18-a8bf-cc7d933ae677,2026-07-18T00:15:00Z,2026-07-18T02:15:00+0200,262.69,MW,FR,FR,actual_offshore_wind_generation,Wind Offshore | Actual Aggregated,2026-08-17T13:35:39Z
2026-08-17T13:33:42Z,2026-08-17T15:33:42+0200,5bbffdc7-c3ab-4a18-a8bf-cc7d933ae677,2026-07-18T00:30:00Z,2026-07-18T02:30:00+0200,281.02,MW,FR,FR,actual_offshore_wind_generation,Wind Offshore | Actual Aggregated,2026-08-17T13:35:39Z
2026-08-17T13:33:42Z,2026-08-17T15:33:42+0200,5bbffdc7-c3ab-4a18-a8bf-cc7d933ae677,2026-07-18T00:45:00Z,2026-07-18T02:45:00+0200,278.76,MW,FR,FR,actual_offshore_wind_generation,Wind Offshore | Actual Aggregated,2026-08-17T13:35:39Z
2026-08-17T13:33:42Z,2026-08-17T15:33:42+0200,5bbffdc7-c3ab-4a18-a8bf-cc7d933ae677,2026-07-18T01:00:00Z,2026-07-18T03:00:00+0200,263.63,MW,FR,FR,actual_offshore_wind_generation,Wind Offshore | Actual Aggregated,2026-08-17T13:35:39Z
2026-08-17T13:33:42Z,2026-08-17T15:33:42+0200,5bbffdc7-c3ab-4a18-a8bf-cc7d933ae677,2026-07-18T01:15:00Z,2026-07-18T03:15:00+0200,273.38,MW,FR,FR,actual_offshore_wind_generation,Wind Offshore | Actual Aggregated,2026-08-17T13:35:39Z
2026-08-17T13:33:42Z,2026-08-17T15:33:42+0200,5bbffdc7-c3ab-4a18-a8bf-cc7d933ae677,2026-07-18T01:30:00Z,2026-07-18T03:30:00+0200,274.5,MW,FR,FR,actual_offshore_wind_generation,Wind Offshore | Actual Aggregated,2026-08-17T13:35:39Z
2026-08-17T13:33:42Z,2026-08-17T15:33:42+0200,5bbffdc7-c3ab-4a18-a8bf-cc7d933ae677,2026-07-18T01:45:00Z,2026-07-18T03:45:00+0200,278.69,MW,FR,FR,actual_offshore_wind_generation,Wind Offshore | Actual Aggregated,2026-08-17T13:35:39Z
2026-08-17T13:33:42Z,2026-08-17T15:33:42+0200,5bbffdc7-c3ab-4a18-a8bf-cc7d933ae677,2026-07-18T02:00:00Z,2026-07-18T04:00:00+0200,293.53,MW,FR,FR,actual_offshore_wind_generation,Wind Offshore | Actual Aggregated,2026-08-17T13:35:39Z
2026-08-17T13:33:42Z,2026-08-17T15:33:42+0200,5bbffdc7-c3ab-4a18-a8bf-cc7d933ae677,2026-07-18T02:15:00Z,2026-07-18T04:15:00+0200,294.13,MW,FR,FR,actual_offshore_wind_generation,Wind Offshore | Actual Aggregated,2026-08-17T13:35:39Z
2026-08-17T13:33:42Z,2026-08-17T15:33:42+0200,5bbffdc7-c3ab-4a18-a8bf-cc7d933ae677,2026-07-18T02:30:00Z,2026-07-18T04:30:00+0200,277.86,MW,FR,FR,actual_offshore_wind_generation,Wind Offshore | Actual Aggregated,2026-08-17T13:35:39Z
2026-08-17T13:33:42Z,2026-08-17T15:33:42+0200,5bbffdc7-c3ab-4a18-a8bf-cc7d933ae677,2026-07-18T02:45:00Z,2026-07-18T04:45:00+0200,252.8,MW,FR,FR,actual_offshore_wind_generation,Wind Offshore | Actual Aggregated,2026-08-17T13:35:39Z
2026-08-17T13:33:42Z,2026-08-17T15:33:42+0200,5bbffdc7-c3ab-4a18-a8bf-cc7d933ae677,2026-07-18T03:00:00Z,2026-07-18T05:00:00+0200,225.24,MW,FR,FR,actual_offshore_wind_generation,Wind Offshore | Actual Aggregated,2026-08-17T13:35:39Z
2026-08-17T13:33:42Z,2026-08-17T15:33:42+0200,5bbffdc7-c3ab-4a18-a8bf-cc7d933ae677,2026-07-18T03:15:00Z,2026-07-18T05:15:00+0200,206.13,MW,FR,FR,actual_offshore_wind_generation,Wind Offshore | Actual Aggregated,2026-08-17T13:35:39Z
2026-08-17T13:33:42Z,2026-08-17T15:33:42+0200,5bbffdc7-c3ab-4a18-a8bf-cc7d933ae677,2026-07-18T03:30:00Z,2026-07-18T05:30:00+0200,191.42,MW,FR,FR,actual_offshore_wind_generation,Wind Offshore | Actual Aggregated,2026-08-17T13:35:39Z
2026-08-17T13:33:42Z,2026-08-17T15:33:42+0200,5bbffdc7-c3ab-4a18-a8bf-cc7d933ae677,2026-07-18T03:45:00Z,2026-07-18T05:45:00+0200,190.94,MW,FR,FR,actual_offshore_wind_generation,Wind Offshore | Actual Aggregated,2026-08-17T13:35:39Z
2026-08-17T13:33:42Z,2026-08-17T15:33:42+0200,5bbffdc7-c3ab-4a18-a8bf-cc7d933ae677,2026-07-18T04:00:00Z,2026-07-18T06:00:00+0200,205.28,MW,FR,FR,actual_offshore_wind_generation,Wind Offshore | Actual Aggregated,2026-08-17T13:35:39Z
2026-08-17T13:33:42Z,2026-08-17T15:33:42+0200,5bbffdc7-c3ab-4a18-a8bf-cc7d933ae677,2026-07-18T04:15:00Z,2026-07-18T06:15:00+0200,206.89,MW,FR,FR,actual_offshore_wind_generation,Wind Offshore | Actual Aggregated,2026-08-17T13:35:39Z
2026-08-17T13:33:42Z,2026-08-17T15:33:42+0200,5bbffdc7-c3ab-4a18-a8bf-cc7d933ae677,2026-07-18T04:30:00Z,2026-07-18T06:30:00+0200,206.21,MW,FR,FR,actual_offshore_wind_generation,Wind Offshore | Actual Aggregated,2026-08-17T13:35:39Z
2026-08-17T13:33:42Z,2026-08-17T15:33:42+0200,5bbffdc7-c3ab-4a18-a8bf-cc7d933ae677,2026-07-18T04:45:00Z,2026-07-18T06:45:00+0200,189.34,MW,FR,FR,actual_offshore_wind_generation,Wind Offshore | Actual Aggregated,2026-08-17T13:35:39Z
2026-08-17T13:33:42Z,2026-08-17T15:33:42+0200,5bbffdc7-c3ab-4a18-a8bf-cc7d933ae677,2026-07-18T05:00:00Z,2026-07-18T07:00:00+0200,168.19,MW,FR,FR,actual_offshore_wind_generation,Wind Offshore | Actual Aggregated,2026-08-17T13:35:39Z
2026-08-17T13:33:42Z,2026-08-17T15:33:42+0200,5bbffdc7-c3ab-4a18-a8bf-cc7d933ae677,2026-07-18T05:15:00Z,2026-07-18T07:15:00+0200,145.65,MW,FR,FR,actual_offshore_wind_generation,Wind Offshore | Actual Aggregated,2026-08-17T13:35:39Z
2026-08-17T13:33:42Z,2026-08-17T15:33:42+0200,5bbffdc7-c3ab-4a18-a8bf-cc7d933ae677,2026-07-18T05:30:00Z,2026-07-18T07:30:00+0200,127.04,MW,FR,FR,actual_offshore_wind_generation,Wind Offshore | Actual Aggregated,2026-08-17T13:35:39Z
2026-08-17T13:33:42Z,2026-08-17T15:33:42+0200,5bbffdc7-c3ab-4a18-a8bf-cc7d933ae677,2026-07-18T05:45:00Z,2026-07-18T07:45:00+0200,127.85,MW,FR,FR,actual_offshore_wind_generation,Wind Offshore | Actual Aggregated,2026-08-17T13:35:39Z
2026-08-17T13:33:42Z,2026-08-17T15:33:42+0200,5bbffdc7-c3ab-4a18-a8bf-cc7d933ae677,2026-07-18T06:00:00Z,2026-07-18T08:00:00+0200,141.62,MW,FR,FR,actual_offshore_wind_generation,Wind Offshore | Actual Aggregated,2026-08-17T13:35:39Z
2026-08-17T13:33:42Z,2026-08-17T15:33:42+0200,5bbffdc7-c3ab-4a18-a8bf-cc7d933ae677,2026-07-18T06:15:00Z,2026-07-18T08:15:00+0200,128.7,MW,FR,FR,actual_offshore_wind_generation,Wind Offshore | Actual Aggregated,2026-08-17T13:35:39Z
2026-08-17T13:33:42Z,2026-08-17T15:33:42+0200,5bbffdc7-c3ab-4a18-a8bf-cc7d933ae677,2026-07-18T06:30:00Z,2026-07-18T08:30:00+0200,112.08,MW,FR,FR,actual_offshore_wind_generation,Wind Offshore | Actual Aggregated,2026-08-17T13:35:39Z
2026-08-17T13:33:42Z,2026-08-17T15:33:42+0200,5bbffdc7-c3ab-4a18-a8bf-cc7d933ae677,2026-07-18T06:45:00Z,2026-07-18T08:45:00+0200,113.48,MW,FR,FR,actual_offshore_wind_generation,Wind Offshore | Actual Aggregated,2026-08-17T13:35:39Z
2026-08-17T13:33:42Z,2026-08-17T15:33:42+0200,5bbffdc7-c3ab-4a18-a8bf-cc7d933ae677,2026-07-18T07:00:00Z,2026-07-18T09:00:00+0200,100.27,MW,FR,FR,actual_offshore_wind_generation,Wind Offshore | Actual Aggregated,2026-08-17T13:35:39Z
2026-08-17T13:33:42Z,2026-08-17T15:33:42+0200,5bbffdc7-c3ab-4a18-a8bf-cc7d933ae677,2026-07-18T07:15:00Z,2026-07-18T09:15:00+0200,99.79,MW,FR,FR,actual_offshore_wind_generation,Wind Offshore | Actual Aggregated,2026-08-17T13:35:39Z
2026-08-17T13:33:42Z,2026-08-17T15:33:42+0200,5bbffdc7-c3ab-4a18-a8bf-cc7d933ae677,2026-07-18T07:30:00Z,2026-07-18T09:30:00+0200,118.03,MW,FR,FR,actual_offshore_wind_generation,Wind Offshore | Actual Aggregated,2026-08-17T13:35:39Z
2026-08-17T13:33:42Z,2026-08-17T15:33:42+0200,5bbffdc7-c3ab-4a18-a8bf-cc7d933ae677,2026-07-18T07:45:00Z,2026-07-18T09:45:00+0200,121.38,MW,FR,FR,actual_offshore_wind_generation,Wind Offshore | Actual Aggregated,2026-08-17T13:35:39Z
2026-08-17T13:33:42Z,2026-08-17T15:33:42+0200,5bbffdc7-c3ab-4a18-a8bf-cc7d933ae677,2026-07-18T08:00:00Z,2026-07-18T10:00:00+0200,111.91,MW,FR,FR,actual_offshore_wind_generation,Wind Offshore | Actual Aggregated,2026-08-17T13:35:39Z
2026-08-17T13:33:42Z,2026-08-17T15:33:42+0200,5bbffdc7-c3ab-4a18-a8bf-cc7d933ae677,2026-07-18T08:15:00Z,2026-07-18T10:15:00+0200,112.71,MW,FR,FR,actual_offshore_wind_generation,Wind Offshore | Actual Aggregated,2026-08-17T13:35:39Z
2026-08-17T13:33:42Z,2026-08-17T15:33:42+0200,5bbffdc7-c3ab-4a18-a8bf-cc7d933ae677,2026-07-18T08:30:00Z,2026-07-18T10:30:00+0200,110.89,MW,FR,FR,actual_offshore_wind_generation,Wind Offshore | Actual Aggregated,2026-08-17T13:35:39Z
2026-08-17T13:33:42Z,2026-08-17T15:33:42+0200,5bbffdc7-c3ab-4a18-a8bf-cc7d933ae677,2026-07-18T08:45:00Z,2026-07-18T10:45:00+0200,95.26,MW,FR,FR,actual_offshore_wind_generation,Wind Offshore | Actual Aggregated,2026-08-17T13:35:39Z
2026-08-17T13:33:42Z,2026-08-17T15:33:42+0200,5bbffdc7-c3ab-4a18-a8bf-cc7d933ae677,2026-07-18T09:00:00Z,2026-07-18T11:00:00+0200,90.96,MW,FR,FR,actual_offshore_wind_generation,Wind Offshore | Actual Aggregated,2026-08-17T13:35:39Z
2026-08-17T13:33:42Z,2026-08-17T15:33:42+0200,5bbffdc7-c3ab-4a18-a8bf-cc7d933ae677,2026-07-18T09:15:00Z,2026-07-18T11:15:00+0200,78.44,MW,FR,FR,actual_offshore_wind_generation,Wind Offshore | Actual Aggregated,2026-08-17T13:35:39Z
2026-08-17T13:33:42Z,2026-08-17T15:33:42+0200,5bbffdc7-c3ab-4a18-a8bf-cc7d933ae677,2026-07-18T09:30:00Z,2026-07-18T11:30:00+0200,72.19,MW,FR,FR,actual_offshore_wind_generation,Wind Offshore | Actual Aggregated,2026-08-17T13:35:39Z
2026-08-17T13:33:42Z,2026-08-17T15:33:42+0200,5bbffdc7-c3ab-4a18-a8bf-cc7d933ae677,2026-07-18T09:45:00Z,2026-07-18T11:45:00+0200,59.57,MW,FR,FR,actual_offshore_wind_generation,Wind Offshore | Actual Aggregated,2026-08-17T13:35:39Z
2026-08-17T13:33:42Z,2026-08-17T15:33:42+0200,5bbffdc7-c3ab-4a18-a8bf-cc7d933ae677,2026-07-18T10:00:00Z,2026-07-18T12:00:00+0200,67.28,MW,FR,FR,actual_offshore_wind_generation,Wind Offshore | Actual Aggregated,2026-08-17T13:35:39Z
2026-08-17T13:33:42Z,2026-08-17T15:33:42+0200,5bbffdc7-c3ab-4a18-a8bf-cc7d933ae677,2026-07-18T10:15:00Z,2026-07-18T12:15:00+0200,76.7,MW,FR,FR,actual_offshore_wind_generation,Wind Offshore | Actual Aggregated,2026-08-17T13:35:39Z
2026-08-17T13:33:42Z,2026-08-17T15:33:42+0200,5bbffdc7-c3ab-4a18-a8bf-cc7d933ae677,2026-07-18T10:30:00Z,2026-07-18T12:30:00+0200,83.07,MW,FR,FR,actual_offshore_wind_generation,Wind Offshore | Actual Aggregated,2026-08-17T13:35:39Z
2026-08-17T13:33:42Z,2026-08-17T15:33:42+0200,5bbffdc7-c3ab-4a18-a8bf-cc7d933ae677,2026-07-18T10:45:00Z,2026-07-18T12:45:00+0200,75.76,MW,FR,FR,actual_offshore_wind_generation,Wind Offshore | Actual Aggregated,2026-08-17T13:35:39Z
2026-08-17T13:33:42Z,2026-08-17T15:33:42+0200,5bbffdc7-c3ab-4a18-a8bf-cc7d933ae677,2026-07-18T11:00:00Z,2026-07-18T13:00:00+0200,76.71,MW,FR,FR,actual_offshore_wind_generation,Wind Offshore | Actual Aggregated,2026-08-17T13:35:39Z
2026-08-17T13:33:42Z,2026-08-17T15:33:42+0200,5bbffdc7-c3ab-4a18-a8bf-cc7d933ae677,2026-07-18T11:15:00Z,2026-07-18T13:15:00+0200,81.9,MW,FR,FR,actual_offshore_wind_generation,Wind Offshore | Actual Aggregated,2026-08-17T13:35:39Z
2026-08-17T13:33:42Z,2026-08-17T15:33:42+0200,5bbffdc7-c3ab-4a18-a8bf-cc7d933ae677,2026-07-18T11:30:00Z,2026-07-18T13:30:00+0200,81.37,MW,FR,FR,actual_offshore_wind_generation,Wind Offshore | Actual Aggregated,2026-08-17T13:35:39Z
2026-08-17T13:33:42Z,2026-08-17T15:33:42+0200,5bbffdc7-c3ab-4a18-a8bf-cc7d933ae677,2026-07-18T11:45:00Z,2026-07-18T13:45:00+0200,94.45,MW,FR,FR,actual_offshore_wind_generation,Wind Offshore | Actual Aggregated,2026-08-17T13:35:39Z
2026-08-17T13:33:42Z,2026-08-17T15:33:42+0200,5bbffdc7-c3ab-4a18-a8bf-cc7d933ae677,2026-07-18T12:00:00Z,2026-07-18T14:00:00+0200,136.4,MW,FR,FR,actual_offshore_wind_generation,Wind Offshore | Actual Aggregated,2026-08-17T13:35:39Z
2026-08-17T13:33:42Z,2026-08-17T15:33:42+0200,5bbffdc7-c3ab-4a18-a8bf-cc7d933ae677,2026-07-18T12:15:00Z,2026-07-18T14:15:00+0200,192.15,MW,FR,FR,actual_offshore_wind_generation,Wind Offshore | Actual Aggregated,2026-08-17T13:35:39Z
2026-08-17T13:33:42Z,2026-08-17T15:33:42+0200,5bbffdc7-c3ab-4a18-a8bf-cc7d933ae677,2026-07-18T12:30:00Z,2026-07-18T14:30:00+0200,216.57,MW,FR,FR,actual_offshore_wind_generation,Wind Offshore | Actual Aggregated,2026-08-17T13:35:39Z
2026-08-17T13:33:42Z,2026-08-17T15:33:42+0200,5bbffdc7-c3ab-4a18-a8bf-cc7d933ae677,2026-07-18T12:45:00Z,2026-07-18T14:45:00+0200,254.37,MW,FR,FR,actual_offshore_wind_generation,Wind Offshore | Actual Aggregated,2026-08-17T13:35:39Z
2026-08-17T13:33:42Z,2026-08-17T15:33:42+0200,5bbffdc7-c3ab-4a18-a8bf-cc7d933ae677,2026-07-18T13:00:00Z,2026-07-18T15:00:00+0200,289.61,MW,FR,FR,actual_offshore_wind_generation,Wind Offshore | Actual Aggregated,2026-08-17T13:35:39Z
2026-08-17T13:33:42Z,2026-08-17T15:33:42+0200,5bbffdc7-c3ab-4a18-a8bf-cc7d933ae677,2026-07-18T13:15:00Z,2026-07-18T15:15:00+0200,291.18,MW,FR,FR,actual_offshore_wind_generation,Wind Offshore | Actual Aggregated,2026-08-17T13:35:39Z
2026-08-17T13:33:42Z,2026-08-17T15:33:42+0200,5bbffdc7-c3ab-4a18-a8bf-cc7d933ae677,2026-07-18T13:30:00Z,2026-07-18T15:30:00+0200,297.33,MW,FR,FR,actual_offshore_wind_generation,Wind Offshore | Actual Aggregated,2026-08-17T13:35:39Z
2026-08-17T13:33:42Z,2026-08-17T15:33:42+0200,5bbffdc7-c3ab-4a18-a8bf-cc7d933ae677,2026-07-18T13:45:00Z,2026-07-18T15:45:00+0200,333.85,MW,FR,FR,actual_offshore_wind_generation,Wind Offshore | Actual Aggregated,2026-08-17T13:35:39Z
2026-08-17T13:33:42Z,2026-08-17T15:33:42+0200,5bbffdc7-c3ab-4a18-a8bf-cc7d933ae677,2026-07-18T14:00:00Z,2026-07-18T16:00:00+0200,372.25,MW,FR,FR,actual_offshore_wind_generation,Wind Offshore | Actual Aggregated,2026-08-17T13:35:39Z
2026-08-17T13:33:42Z,2026-08-17T15:33:42+0200,5bbffdc7-c3ab-4a18-a8bf-cc7d933ae677,2026-07-18T14:15:00Z,2026-07-18T16:15:00+0200,387.12,MW,FR,FR,actual_offshore_wind_generation,Wind Offshore | Actual Aggregated,2026-08-17T13:35:39Z
2026-08-17T13:33:42Z,2026-08-17T15:33:42+0200,5bbffdc7-c3ab-4a18-a8bf-cc7d933ae677,2026-07-18T14:30:00Z,2026-07-18T16:30:00+0200,388.45,MW,FR,FR,actual_offshore_wind_generation,Wind Offshore | Actual Aggregated,2026-08-17T13:35:39Z
2026-08-17T13:33:42Z,2026-08-17T15:33:42+0200,5bbffdc7-c3ab-4a18-a8bf-cc7d933ae677,2026-07-18T14:45:00Z,2026-07-18T16:45:00+0200,400.44,MW,FR,FR,actual_offshore_wind_generation,Wind Offshore | Actual Aggregated,2026-08-17T13:35:39Z
2026-08-17T13:33:42Z,2026-08-17T15:33:42+0200,5bbffdc7-c3ab-4a18-a8bf-cc7d933ae677,2026-07-18T15:00:00Z,2026-07-18T17:00:00+0200,437.67,MW,FR,FR,actual_offshore_wind_generation,Wind Offshore | Actual Aggregated,2026-08-17T13:35:39Z
2026-08-17T13:33:42Z,2026-08-17T15:33:42+0200,5bbffdc7-c3ab-4a18-a8bf-cc7d933ae677,2026-07-18T15:15:00Z,2026-07-18T17:15:00+0200,477.65,MW,FR,FR,actual_offshore_wind_generation,Wind Offshore | Actual Aggregated,2026-08-17T13:35:39Z
2026-08-17T13:33:42Z,2026-08-17T15:33:42+0200,5bbffdc7-c3ab-4a18-a8bf-cc7d933ae677,2026-07-18T15:30:00Z,2026-07-18T17:30:00+0200,496.71,MW,FR,FR,actual_offshore_wind_generation,Wind Offshore | Actual Aggregated,2026-08-17T13:35:39Z
2026-08-17T13:33:42Z,2026-08-17T15:33:42+0200,5bbffdc7-c3ab-4a18-a8bf-cc7d933ae677,2026-07-18T15:45:00Z,2026-07-18T17:45:00+0200,553.41,MW,FR,FR,actual_offshore_wind_generation,Wind Offshore | Actual Aggregated,2026-08-17T13:35:39Z
2026-08-17T13:33:42Z,2026-08-17T15:33:42+0200,5bbffdc7-c3ab-4a18-a8bf-cc7d933ae677,2026-07-18T16:00:00Z,2026-07-18T18:00:00+0200,592.2,MW,FR,FR,actual_offshore_wind_generation,Wind Offshore | Actual Aggregated,2026-08-17T13:35:39Z
2026-08-17T13:33:42Z,2026-08-17T15:33:42+0200,5bbffdc7-c3ab-4a18-a8bf-cc7d933ae677,2026-07-18T16:15:00Z,2026-07-18T18:15:00+0200,601.39,MW,FR,FR,actual_offshore_wind_generation,Wind Offshore | Actual Aggregated,2026-08-17T13:35:39Z
2026-08-17T13:33:42Z,2026-08-17T15:33:42+0200,5bbffdc7-c3ab-4a18-a8bf-cc7d933ae677,2026-07-18T16:30:00Z,2026-07-18T18:30:00+0200,639.41,MW,FR,FR,actual_offshore_wind_generation,Wind Offshore | Actual Aggregated,2026-08-17T13:35:39Z
2026-08-17T13:33:42Z,2026-08-17T15:33:42+0200,5bbffdc7-c3ab-4a18-a8bf-cc7d933ae677,2026-07-18T16:45:00Z,2026-07-18T18:45:00+0200,711.29,MW,FR,FR,actual_offshore_wind_generation,Wind Offshore | Actual Aggregated,2026-08-17T13:35:39Z
2026-08-17T13:33:42Z,2026-08-17T15:33:42+0200,5bbffdc7-c3ab-4a18-a8bf-cc7d933ae677,2026-07-18T17:00:00Z,2026-07-18T19:00:00+0200,729.59,MW,FR,FR,actual_offshore_wind_generation,Wind Offshore | Actual Aggregated,2026-08-17T13:35:39Z
2026-08-17T13:33:42Z,2026-08-17T15:33:42+0200,5bbffdc7-c3ab-4a18-a8bf-cc7d933ae677,2026-07-18T17:15:00Z,2026-07-18T19:15:00+0200,739.08,MW,FR,FR,actual_offshore_wind_generation,Wind Offshore | Actual Aggregated,2026-08-17T13:35:39Z
2026-08-17T13:33:42Z,2026-08-17T15:33:42+0200,5bbffdc7-c3ab-4a18-a8bf-cc7d933ae677,2026-07-18T17:30:00Z,2026-07-18T19:30:00+0200,787.03,MW,FR,FR,actual_offshore_wind_generation,Wind Offshore | Actual Aggregated,2026-08-17T13:35:39Z
2026-08-17T13:33:42Z,2026-08-17T15:33:42+0200,5bbffdc7-c3ab-4a18-a8bf-cc7d933ae677,2026-07-18T17:45:00Z,2026-07-18T19:45:00+0200,803.06,MW,FR,FR,actual_offshore_wind_generation,Wind Offshore | Actual Aggregated,2026-08-17T13:35:39Z
2026-08-17T13:33:42Z,2026-08-17T15:33:42+0200,5bbffdc7-c3ab-4a18-a8bf-cc7d933ae677,2026-07-18T18:00:00Z,2026-07-18T20:00:00+0200,866.64,MW,FR,FR,actual_offshore_wind_generation,Wind Offshore | Actual Aggregated,2026-08-17T13:35:39Z
2026-08-17T13:33:42Z,2026-08-17T15:33:42+0200,5bbffdc7-c3ab-4a18-a8bf-cc7d933ae677,2026-07-18T18:15:00Z,2026-07-18T20:15:00+0200,960.04,MW,FR,FR,actual_offshore_wind_generation,Wind Offshore | Actual Aggregated,2026-08-17T13:35:39Z
2026-08-17T13:33:42Z,2026-08-17T15:33:42+0200,5bbffdc7-c3ab-4a18-a8bf-cc7d933ae677,2026-07-18T18:30:00Z,2026-07-18T20:30:00+0200,982.56,MW,FR,FR,actual_offshore_wind_generation,Wind Offshore | Actual Aggregated,2026-08-17T13:35:39Z
2026-08-17T13:33:42Z,2026-08-17T15:33:42+0200,5bbffdc7-c3ab-4a18-a8bf-cc7d933ae677,2026-07-18T18:45:00Z,2026-07-18T20:45:00+0200,983.5,MW,FR,FR,actual_offshore_wind_generation,Wind Offshore | Actual Aggregated,2026-08-17T13:35:39Z
2026-08-17T13:33:42Z,2026-08-17T15:33:42+0200,5bbffdc7-c3ab-4a18-a8bf-cc7d933ae677,2026-07-18T19:00:00Z,2026-07-18T21:00:00+0200,958.67,MW,FR,FR,actual_offshore_wind_generation,Wind Offshore | Actual Aggregated,2026-08-17T13:35:39Z
2026-08-17T13:33:42Z,2026-08-17T15:33:42+0200,5bbffdc7-c3ab-4a18-a8bf-cc7d933ae677,2026-07-18T19:15:00Z,2026-07-18T21:15:00+0200,920.98,MW,FR,FR,actual_offshore_wind_generation,Wind Offshore | Actual Aggregated,2026-08-17T13:35:39Z
2026-08-17T13:33:42Z,2026-08-17T15:33:42+0200,5bbffdc7-c3ab-4a18-a8bf-cc7d933ae677,2026-07-18T19:30:00Z,2026-07-18T21:30:00+0200,921.29,MW,FR,FR,actual_offshore_wind_generation,Wind Offshore | Actual Aggregated,2026-08-17T13:35:39Z
2026-08-17T13:33:42Z,2026-08-17T15:33:42+0200,5bbffdc7-c3ab-4a18-a8bf-cc7d933ae677,2026-07-18T19:45:00Z,2026-07-18T21:45:00+0200,990.73,MW,FR,FR,actual_offshore_wind_generation,Wind Offshore | Actual Aggregated,2026-08-17T13:35:39Z
2026-08-17T13:33:42Z,2026-08-17T15:33:42+0200,5bbffdc7-c3ab-4a18-a8bf-cc7d933ae677,2026-07-18T20:00:00Z,2026-07-18T22:00:00+0200,999.84,MW,FR,FR,actual_offshore_wind_generation,Wind Offshore | Actual Aggregated,2026-08-17T13:35:39Z
2026-08-17T13:33:42Z,2026-08-17T15:33:42+0200,5bbffdc7-c3ab-4a18-a8bf-cc7d933ae677,2026-07-18T20:15:00Z,2026-07-18T22:15:00+0200,1116.77,MW,FR,FR,actual_offshore_wind_generation,Wind Offshore | Actual Aggregated,2026-08-17T13:35:39Z
2026-08-17T13:33:42Z,2026-08-17T15:33:42+0200,5bbffdc7-c3ab-4a18-a8bf-cc7d933ae677,2026-07-18T20:30:00Z,2026-07-18T22:30:00+0200,1204.32,MW,FR,FR,actual_offshore_wind_generation,Wind Offshore | Actual Aggregated,2026-08-17T13:35:39Z
2026-08-17T13:33:42Z,2026-08-17T15:33:42+0200,5bbffdc7-c3ab-4a18-a8bf-cc7d933ae677,2026-07-18T20:45:00Z,2026-07-18T22:45:00+0200,1159.22,MW,FR,FR,actual_offshore_wind_generation,Wind Offshore | Actual Aggregated,2026-08-17T13:35:39Z
2026-08-17T13:33:42Z,2026-08-17T15:33:42+0200,5bbffdc7-c3ab-4a18-a8bf-cc7d933ae677,2026-07-18T21:00:00Z,2026-07-18T23:00:00+0200,1068.82,MW,FR,FR,actual_offshore_wind_generation,Wind Offshore | Actual Aggregated,2026-08-17T13:35:39Z
2026-08-17T13:33:42Z,2026-08-17T15:33:42+0200,5bbffdc7-c3ab-4a18-a8bf-cc7d933ae677,2026-07-18T21:15:00Z,2026-07-18T23:15:00+0200,1025.33,MW,FR,FR,actual_offshore_wind_generation,Wind Offshore | Actual Aggregated,2026-08-17T13:35:39Z
2026-08-17T13:33:42Z,2026-08-17T15:33:42+0200,5bbffdc7-c3ab-4a18-a8bf-cc7d933ae677,2026-07-18T21:30:00Z,2026-07-18T23:30:00+0200,1038.82,MW,FR,FR,actual_offshore_wind_generation,Wind Offshore | Actual Aggregated,2026-08-17T13:35:39Z
2026-08-17T13:33:42Z,2026-08-17T15:33:42+0200,5bbffdc7-c3ab-4a18-a8bf-cc7d933ae677,2026-07-18T21:45:00Z,2026-07-18T23:45:00+0200,1072.15,MW,FR,FR,actual_offshore_wind_generation,Wind Offshore | Actual Aggregated,2026-08-17T13:35:39Z
2026-08-17T13:33:42Z,2026-08-17T15:33:42+0200,5bbffdc7-c3ab-4a18-a8bf-cc7d933ae677,2026-07-18T22:00:00Z,2026-07-19T00:00:00+0200,1152.29,MW,FR,FR,actual_offshore_wind_generation,Wind Offshore | Actual Aggregated,2026-08-17T13:35:39Z
2026-08-17T13:33:42Z,2026-08-17T15:33:42+0200,5bbffdc7-c3ab-4a18-a8bf-cc7d933ae677,2026-07-18T22:15:00Z,2026-07-19T00:15:00+0200,1148.58,MW,FR,FR,actual_offshore_wind_generation,Wind Offshore | Actual Aggregated,2026-08-17T13:35:39Z
2026-08-17T13:33:42Z,2026-08-17T15:33:42+0200,5bbffdc7-c3ab-4a18-a8bf-cc7d933ae677,2026-07-18T22:30:00Z,2026-07-19T00:30:00+0200,1105.0,MW,FR,FR,actual_offshore_wind_generation,Wind Offshore | Actual Aggregated,2026-08-17T13:35:39Z
2026-08-17T13:33:42Z,2026-08-17T15:33:42+0200,5bbffdc7-c3ab-4a18-a8bf-cc7d933ae677,2026-07-18T22:45:00Z,2026-07-19T00:45:00+0200,1106.86,MW,FR,FR,actual_offshore_wind_generation,Wind Offshore | Actual Aggregated,2026-08-17T13:35:39Z
2026-08-17T13:33:42Z,2026-08-17T15:33:42+0200,5bbffdc7-c3ab-4a18-a8bf-cc7d933ae677,2026-07-18T23:00:00Z,2026-07-19T01:00:00+0200,1078.25,MW,FR,FR,actual_offshore_wind_generation,Wind Offshore | Actual Aggregated,2026-08-17T13:35:39Z
2026-08-17T13:33:42Z,2026-08-17T15:33:42+0200,5bbffdc7-c3ab-4a18-a8bf-cc7d933ae677,2026-07-18T23:15:00Z,2026-07-19T01:15:00+0200,968.93,MW,FR,FR,actual_offshore_wind_generation,Wind Offshore | Actual Aggregated,2026-08-17T13:35:39Z
2026-08-17T13:33:42Z,2026-08-17T15:33:42+0200,5bbffdc7-c3ab-4a18-a8bf-cc7d933ae677,2026-07-18T23:30:00Z,2026-07-19T01:30:00+0200,953.89,MW,FR,FR,actual_offshore_wind_generation,Wind Offshore | Actual Aggregated,2026-08-17T13:35:39Z
2026-08-17T13:33:42Z,2026-08-17T15:33:42+0200,5bbffdc7-c3ab-4a18-a8bf-cc7d933ae677,2026-07-18T23:45:00Z,2026-07-19T01:45:00+0200,935.66,MW,FR,FR,actual_offshore_wind_generation,Wind Offshore | Actual Aggregated,2026-08-17T13:35:39Z
2026-08-17T13:33:42Z,2026-08-17T15:33:42+0200,5bbffdc7-c3ab-4a18-a8bf-cc7d933ae677,2026-07-19T00:00:00Z,2026-07-19T02:00:00+0200,952.6,MW,FR,FR,actual_offshore_wind_generation,Wind Offshore | Actual Aggregated,2026-08-17T13:35:39Z
2026-08-17T13:33:42Z,2026-08-17T15:33:42+0200,5bbffdc7-c3ab-4a18-a8bf-cc7d933ae677,2026-07-19T00:15:00Z,2026-07-19T02:15:00+0200,947.26,MW,FR,FR,actual_offshore_wind_generation,Wind Offshore | Actual Aggregated,2026-08-17T13:35:39Z
2026-08-17T13:33:42Z,2026-08-17T15:33:42+0200,5bbffdc7-c3ab-4a18-a8bf-cc7d933ae677,2026-07-19T00:30:00Z,2026-07-19T02:30:00+0200,923.23,MW,FR,FR,actual_offshore_wind_generation,Wind Offshore | Actual Aggregated,2026-08-17T13:35:39Z
2026-08-17T13:33:42Z,2026-08-17T15:33:42+0200,5bbffdc7-c3ab-4a18-a8bf-cc7d933ae677,2026-07-19T00:45:00Z,2026-07-19T02:45:00+0200,902.19,MW,FR,FR,actual_offshore_wind_generation,Wind Offshore | Actual Aggregated,2026-08-17T13:35:39Z
2026-08-17T13:33:42Z,2026-08-17T15:33:42+0200,5bbffdc7-c3ab-4a18-a8bf-cc7d933ae677,2026-07-19T01:00:00Z,2026-07-19T03:00:00+0200,907.89,MW,FR,FR,actual_offshore_wind_generation,Wind Offshore | Actual Aggregated,2026-08-17T13:35:39Z
2026-08-17T13:33:42Z,2026-08-17T15:33:42+0200,5bbffdc7-c3ab-4a18-a8bf-cc7d933ae677,2026-07-19T01:15:00Z,2026-07-19T03:15:00+0200,895.92,MW,FR,FR,actual_offshore_wind_generation,Wind Offshore | Actual Aggregated,2026-08-17T13:35:39Z
2026-08-17T13:33:42Z,2026-08-17T15:33:42+0200,5bbffdc7-c3ab-4a18-a8bf-cc7d933ae677,2026-07-19T01:30:00Z,2026-07-19T03:30:00+0200,972.24,MW,FR,FR,actual_offshore_wind_generation,Wind Offshore | Actual Aggregated,2026-08-17T13:35:39Z
2026-08-17T13:33:42Z,2026-08-17T15:33:42+0200,5bbffdc7-c3ab-4a18-a8bf-cc7d933ae677,2026-07-19T01:45:00Z,2026-07-19T03:45:00+0200,1012.6,MW,FR,FR,actual_offshore_wind_generation,Wind Offshore | Actual Aggregated,2026-08-17T13:35:39Z
2026-08-17T13:33:42Z,2026-08-17T15:33:42+0200,5bbffdc7-c3ab-4a18-a8bf-cc7d933ae677,2026-07-19T02:00:00Z,2026-07-19T04:00:00+0200,1059.89,MW,FR,FR,actual_offshore_wind_generation,Wind Offshore | Actual Aggregated,2026-08-17T13:35:39Z
2026-08-17T13:33:42Z,2026-08-17T15:33:42+0200,5bbffdc7-c3ab-4a18-a8bf-cc7d933ae677,2026-07-19T02:15:00Z,2026-07-19T04:15:00+0200,1040.13,MW,FR,FR,actual_offshore_wind_generation,Wind Offshore | Actual Aggregated,2026-08-17T13:35:39Z
2026-08-17T13:33:42Z,2026-08-17T15:33:42+0200,5bbffdc7-c3ab-4a18-a8bf-cc7d933ae677,2026-07-19T02:30:00Z,2026-07-19T04:30:00+0200,1021.91,MW,FR,FR,actual_offshore_wind_generation,Wind Offshore | Actual Aggregated,2026-08-17T13:35:39Z
2026-08-17T13:33:42Z,2026-08-17T15:33:42+0200,5bbffdc7-c3ab-4a18-a8bf-cc7d933ae677,2026-07-19T02:45:00Z,2026-07-19T04:45:00+0200,958.46,MW,FR,FR,actual_offshore_wind_generation,Wind Offshore | Actual Aggregated,2026-08-17T13:35:39Z
2026-08-17T13:33:42Z,2026-08-17T15:33:42+0200,5bbffdc7-c3ab-4a18-a8bf-cc7d933ae677,2026-07-19T03:00:00Z,2026-07-19T05:00:00+0200,921.98,MW,FR,FR,actual_offshore_wind_generation,Wind Offshore | Actual Aggregated,2026-08-17T13:35:39Z
2026-08-17T13:33:42Z,2026-08-17T15:33:42+0200,5bbffdc7-c3ab-4a18-a8bf-cc7d933ae677,2026-07-19T03:15:00Z,2026-07-19T05:15:00+0200,955.91,MW,FR,FR,actual_offshore_wind_generation,Wind Offshore | Actual Aggregated,2026-08-17T13:35:39Z
2026-08-17T13:33:42Z,2026-08-17T15:33:42+0200,5bbffdc7-c3ab-4a18-a8bf-cc7d933ae677,2026-07-19T03:30:00Z,2026-07-19T05:30:00+0200,990.62,MW,FR,FR,actual_offshore_wind_generation,Wind Offshore | Actual Aggregated,2026-08-17T13:35:39Z
2026-08-17T13:33:42Z,2026-08-17T15:33:42+0200,5bbffdc7-c3ab-4a18-a8bf-cc7d933ae677,2026-07-19T03:45:00Z,2026-07-19T05:45:00+0200,1003.82,MW,FR,FR,actual_offshore_wind_generation,Wind Offshore | Actual Aggregated,2026-08-17T13:35:39Z
2026-08-17T13:33:42Z,2026-08-17T15:33:42+0200,5bbffdc7-c3ab-4a18-a8bf-cc7d933ae677,2026-07-19T04:00:00Z,2026-07-19T06:00:00+0200,1025.08,MW,FR,FR,actual_offshore_wind_generation,Wind Offshore | Actual Aggregated,2026-08-17T13:35:39Z
2026-08-17T13:33:42Z,2026-08-17T15:33:42+0200,5bbffdc7-c3ab-4a18-a8bf-cc7d933ae677,2026-07-19T04:15:00Z,2026-07-19T06:15:00+0200,1057.61,MW,FR,FR,actual_offshore_wind_generation,Wind Offshore | Actual Aggregated,2026-08-17T13:35:39Z
2026-08-17T13:33:42Z,2026-08-17T15:33:42+0200,5bbffdc7-c3ab-4a18-a8bf-cc7d933ae677,2026-07-19T04:30:00Z,2026-07-19T06:30:00+0200,971.49,MW,FR,FR,actual_offshore_wind_generation,Wind Offshore | Actual Aggregated,2026-08-17T13:35:39Z
2026-08-17T13:33:42Z,2026-08-17T15:33:42+0200,5bbffdc7-c3ab-4a18-a8bf-cc7d933ae677,2026-07-19T04:45:00Z,2026-07-19T06:45:00+0200,958.64,MW,FR,FR,actual_offshore_wind_generation,Wind Offshore | Actual Aggregated,2026-08-17T13:35:39Z
2026-08-17T13:33:42Z,2026-08-17T15:33:42+0200,5bbffdc7-c3ab-4a18-a8bf-cc7d933ae677,2026-07-19T05:00:00Z,2026-07-19T07:00:00+0200,1031.16,MW,FR,FR,actual_offshore_wind_generation,Wind Offshore | Actual Aggregated,2026-08-17T13:35:39Z
2026-08-17T13:33:42Z,2026-08-17T15:33:42+0200,5bbffdc7-c3ab-4a18-a8bf-cc7d933ae677,2026-07-19T05:15:00Z,2026-07-19T07:15:00+0200,1124.53,MW,FR,FR,actual_offshore_wind_generation,Wind Offshore | Actual Aggregated,2026-08-17T13:35:39Z
2026-08-17T13:33:42Z,2026-08-17T15:33:42+0200,5bbffdc7-c3ab-4a18-a8bf-cc7d933ae677,2026-07-19T05:30:00Z,2026-07-19T07:30:00+0200,1230.19,MW,FR,FR,actual_offshore_wind_generation,Wind Offshore | Actual Aggregated,2026-08-17T13:35:39Z
2026-08-17T13:33:42Z,2026-08-17T15:33:42+0200,5bbffdc7-c3ab-4a18-a8bf-cc7d933ae677,2026-07-19T05:45:00Z,2026-07-19T07:45:00+0200,1224.61,MW,FR,FR,actual_offshore_wind_generation,Wind Offshore | Actual Aggregated,2026-08-17T13:35:39Z
2026-08-17T13:33:42Z,2026-08-17T15:33:42+0200,5bbffdc7-c3ab-4a18-a8bf-cc7d933ae677,2026-07-19T06:00:00Z,2026-07-19T08:00:00+0200,1196.87,MW,FR,FR,actual_offshore_wind_generation,Wind Offshore | Actual Aggregated,2026-08-17T13:35:39Z
2026-08-17T13:33:42Z,2026-08-17T15:33:42+0200,5bbffdc7-c3ab-4a18-a8bf-cc7d933ae677,2026-07-19T06:15:00Z,2026-07-19T08:15:00+0200,1185.5,MW,FR,FR,actual_offshore_wind_generation,Wind Offshore | Actual Aggregated,2026-08-17T13:35:39Z
2026-08-17T13:33:42Z,2026-08-17T15:33:42+0200,5bbffdc7-c3ab-4a18-a8bf-cc7d933ae677,2026-07-19T06:30:00Z,2026-07-19T08:30:00+0200,1203.69,MW,FR,FR,actual_offshore_wind_generation,Wind Offshore | Actual Aggregated,2026-08-17T13:35:39Z
2026-08-17T13:33:42Z,2026-08-17T15:33:42+0200,5bbffdc7-c3ab-4a18-a8bf-cc7d933ae677,2026-07-19T06:45:00Z,2026-07-19T08:45:00+0200,1167.99,MW,FR,FR,actual_offshore_wind_generation,Wind Offshore | Actual Aggregated,2026-08-17T13:35:39Z
2026-08-17T13:33:42Z,2026-08-17T15:33:42+0200,5bbffdc7-c3ab-4a18-a8bf-cc7d933ae677,2026-07-19T07:00:00Z,2026-07-19T09:00:00+0200,1110.99,MW,FR,FR,actual_offshore_wind_generation,Wind Offshore | Actual Aggregated,2026-08-17T13:35:39Z
2026-08-17T13:33:42Z,2026-08-17T15:33:42+0200,5bbffdc7-c3ab-4a18-a8bf-cc7d933ae677,2026-07-19T07:15:00Z,2026-07-19T09:15:00+0200,1099.62,MW,FR,FR,actual_offshore_wind_generation,Wind Offshore | Actual Aggregated,2026-08-17T13:35:39Z
2026-08-17T13:33:42Z,2026-08-17T15:33:42+0200,5bbffdc7-c3ab-4a18-a8bf-cc7d933ae677,2026-07-19T07:30:00Z,2026-07-19T09:30:00+0200,1075.82,MW,FR,FR,actual_offshore_wind_generation,Wind Offshore | Actual Aggregated,2026-08-17T13:35:39Z
2026-08-17T13:33:42Z,2026-08-17T15:33:42+0200,5bbffdc7-c3ab-4a18-a8bf-cc7d933ae677,2026-07-19T07:45:00Z,2026-07-19T09:45:00+0200,1070.42,MW,FR,FR,actual_offshore_wind_generation,Wind Offshore | Actual Aggregated,2026-08-17T13:35:39Z
2026-08-17T13:33:42Z,2026-08-17T15:33:42+0200,5bbffdc7-c3ab-4a18-a8bf-cc7d933ae677,2026-07-19T08:00:00Z,2026-07-19T10:00:00+0200,1041.89,MW,FR,FR,actual_offshore_wind_generation,Wind Offshore | Actual Aggregated,2026-08-17T13:35:39Z
2026-08-17T13:33:42Z,2026-08-17T15:33:42+0200,5bbffdc7-c3ab-4a18-a8bf-cc7d933ae677,2026-07-19T08:15:00Z,2026-07-19T10:15:00+0200,1029.81,MW,FR,FR,actual_offshore_wind_generation,Wind Offshore | Actual Aggregated,2026-08-17T13:35:39Z
2026-08-17T13:33:42Z,2026-08-17T15:33:42+0200,5bbffdc7-c3ab-4a18-a8bf-cc7d933ae677,2026-07-19T08:30:00Z,2026-07-19T10:30:00+0200,1003.7,MW,FR,FR,actual_offshore_wind_generation,Wind Offshore | Actual Aggregated,2026-08-17T13:35:39Z
2026-08-17T13:33:42Z,2026-08-17T15:33:42+0200,5bbffdc7-c3ab-4a18-a8bf-cc7d933ae677,2026-07-19T08:45:00Z,2026-07-19T10:45:00+0200,1002.49,MW,FR,FR,actual_offshore_wind_generation,Wind Offshore | Actual Aggregated,2026-08-17T13:35:39Z
2026-08-17T13:33:42Z,2026-08-17T15:33:42+0200,5bbffdc7-c3ab-4a18-a8bf-cc7d933ae677,2026-07-19T09:00:00Z,2026-07-19T11:00:00+0200,942.32,MW,FR,FR,actual_offshore_wind_generation,Wind Offshore | Actual Aggregated,2026-08-17T13:35:39Z
2026-08-17T13:33:42Z,2026-08-17T15:33:42+0200,5bbffdc7-c3ab-4a18-a8bf-cc7d933ae677,2026-07-19T09:15:00Z,2026-07-19T11:15:00+0200,864.65,MW,FR,FR,actual_offshore_wind_generation,Wind Offshore | Actual Aggregated,2026-08-17T13:35:39Z
2026-08-17T13:33:42Z,2026-08-17T15:33:42+0200,5bbffdc7-c3ab-4a18-a8bf-cc7d933ae677,2026-07-19T09:30:00Z,2026-07-19T11:30:00+0200,818.0,MW,FR,FR,actual_offshore_wind_generation,Wind Offshore | Actual Aggregated,2026-08-17T13:35:39Z
2026-08-17T13:33:42Z,2026-08-17T15:33:42+0200,5bbffdc7-c3ab-4a18-a8bf-cc7d933ae677,2026-07-19T09:45:00Z,2026-07-19T11:45:00+0200,764.07,MW,FR,FR,actual_offshore_wind_generation,Wind Offshore | Actual Aggregated,2026-08-17T13:35:39Z
2026-08-17T13:33:42Z,2026-08-17T15:33:42+0200,5bbffdc7-c3ab-4a18-a8bf-cc7d933ae677,2026-07-19T10:00:00Z,2026-07-19T12:00:00+0200,742.71,MW,FR,FR,actual_offshore_wind_generation,Wind Offshore | Actual Aggregated,2026-08-17T13:35:39Z
2026-08-17T13:33:42Z,2026-08-17T15:33:42+0200,5bbffdc7-c3ab-4a18-a8bf-cc7d933ae677,2026-07-19T10:15:00Z,2026-07-19T12:15:00+0200,665.76,MW,FR,FR,actual_offshore_wind_generation,Wind Offshore | Actual Aggregated,2026-08-17T13:35:39Z
2026-08-17T13:33:42Z,2026-08-17T15:33:42+0200,5bbffdc7-c3ab-4a18-a8bf-cc7d933ae677,2026-07-19T10:30:00Z,2026-07-19T12:30:00+0200,419.23,MW,FR,FR,actual_offshore_wind_generation,Wind Offshore | Actual Aggregated,2026-08-17T13:35:39Z
2026-08-17T13:33:42Z,2026-08-17T15:33:42+0200,5bbffdc7-c3ab-4a18-a8bf-cc7d933ae677,2026-07-19T10:45:00Z,2026-07-19T12:45:00+0200,271.78,MW,FR,FR,actual_offshore_wind_generation,Wind Offshore | Actual Aggregated,2026-08-17T13:35:39Z
2026-08-17T13:33:42Z,2026-08-17T15:33:42+0200,5bbffdc7-c3ab-4a18-a8bf-cc7d933ae677,2026-07-19T11:00:00Z,2026-07-19T13:00:00+0200,179.2,MW,FR,FR,actual_offshore_wind_generation,Wind Offshore | Actual Aggregated,2026-08-17T13:35:39Z
2026-08-17T13:33:42Z,2026-08-17T15:33:42+0200,5bbffdc7-c3ab-4a18-a8bf-cc7d933ae677,2026-07-19T11:15:00Z,2026-07-19T13:15:00+0200,97.88,MW,FR,FR,actual_offshore_wind_generation,Wind Offshore | Actual Aggregated,2026-08-17T13:35:39Z
2026-08-17T13:33:42Z,2026-08-17T15:33:42+0200,5bbffdc7-c3ab-4a18-a8bf-cc7d933ae677,2026-07-19T11:30:00Z,2026-07-19T13:30:00+0200,98.02,MW,FR,FR,actual_offshore_wind_generation,Wind Offshore | Actual Aggregated,2026-08-17T13:35:39Z
2026-08-17T13:33:42Z,2026-08-17T15:33:42+0200,5bbffdc7-c3ab-4a18-a8bf-cc7d933ae677,2026-07-19T11:45:00Z,2026-07-19T13:45:00+0200,99.3,MW,FR,FR,actual_offshore_wind_generation,Wind Offshore | Actual Aggregated,2026-08-17T13:35:39Z
2026-08-17T13:33:42Z,2026-08-17T15:33:42+0200,5bbffdc7-c3ab-4a18-a8bf-cc7d933ae677,2026-07-19T12:00:00Z,2026-07-19T14:00:00+0200,97.5,MW,FR,FR,actual_offshore_wind_generation,Wind Offshore | Actual Aggregated,2026-08-17T13:35:39Z
2026-08-17T13:33:42Z,2026-08-17T15:33:42+0200,5bbffdc7-c3ab-4a18-a8bf-cc7d933ae677,2026-07-19T12:15:00Z,2026-07-19T14:15:00+0200,98.11,MW,FR,FR,actual_offshore_wind_generation,Wind Offshore | Actual Aggregated,2026-08-17T13:35:39Z
2026-08-17T13:33:42Z,2026-08-17T15:33:42+0200,5bbffdc7-c3ab-4a18-a8bf-cc7d933ae677,2026-07-19T12:30:00Z,2026-07-19T14:30:00+0200,97.49,MW,FR,FR,actual_offshore_wind_generation,Wind Offshore | Actual Aggregated,2026-08-17T13:35:39Z
2026-08-17T13:33:42Z,2026-08-17T15:33:42+0200,5bbffdc7-c3ab-4a18-a8bf-cc7d933ae677,2026-07-19T12:45:00Z,2026-07-19T14:45:00+0200,98.03,MW,FR,FR,actual_offshore_wind_generation,Wind Offshore | Actual Aggregated,2026-08-17T13:35:39Z
2026-08-17T13:33:42Z,2026-08-17T15:33:42+0200,5bbffdc7-c3ab-4a18-a8bf-cc7d933ae677,2026-07-19T13:00:00Z,2026-07-19T15:00:00+0200,98.29,MW,FR,FR,actual_offshore_wind_generation,Wind Offshore | Actual Aggregated,2026-08-17T13:35:39Z
2026-08-17T13:33:42Z,2026-08-17T15:33:42+0200,5bbffdc7-c3ab-4a18-a8bf-cc7d933ae677,2026-07-19T13:15:00Z,2026-07-19T15:15:00+0200,98.88,MW,FR,FR,actual_offshore_wind_generation,Wind Offshore | Actual Aggregated,2026-08-17T13:35:39Z
2026-08-17T13:33:42Z,2026-08-17T15:33:42+0200,5bbffdc7-c3ab-4a18-a8bf-cc7d933ae677,2026-07-19T13:30:00Z,2026-07-19T15:30:00+0200,101.54,MW,FR,FR,actual_offshore_wind_generation,Wind Offshore | Actual Aggregated,2026-08-17T13:35:39Z
2026-08-17T13:33:42Z,2026-08-17T15:33:42+0200,5bbffdc7-c3ab-4a18-a8bf-cc7d933ae677,2026-07-19T13:45:00Z,2026-07-19T15:45:00+0200,124.8,MW,FR,FR,actual_offshore_wind_generation,Wind Offshore | Actual Aggregated,2026-08-17T13:35:39Z
2026-08-17T13:33:42Z,2026-08-17T15:33:42+0200,5bbffdc7-c3ab-4a18-a8bf-cc7d933ae677,2026-07-19T14:00:00Z,2026-07-19T16:00:00+0200,208.1,MW,FR,FR,actual_offshore_wind_generation,Wind Offshore | Actual Aggregated,2026-08-17T13:35:39Z
2026-08-17T13:33:42Z,2026-08-17T15:33:42+0200,5bbffdc7-c3ab-4a18-a8bf-cc7d933ae677,2026-07-19T14:15:00Z,2026-07-19T16:15:00+0200,454.89,MW,FR,FR,actual_offshore_wind_generation,Wind Offshore | Actual Aggregated,2026-08-17T13:35:39Z
2026-08-17T13:33:42Z,2026-08-17T15:33:42+0200,5bbffdc7-c3ab-4a18-a8bf-cc7d933ae677,2026-07-19T14:30:00Z,2026-07-19T16:30:00+0200,442.91,MW,FR,FR,actual_offshore_wind_generation,Wind Offshore | Actual Aggregated,2026-08-17T13:35:39Z
2026-08-17T13:33:42Z,2026-08-17T15:33:42+0200,5bbffdc7-c3ab-4a18-a8bf-cc7d933ae677,2026-07-19T14:45:00Z,2026-07-19T16:45:00+0200,470.14,MW,FR,FR,actual_offshore_wind_generation,Wind Offshore | Actual Aggregated,2026-08-17T13:35:39Z
2026-08-17T13:33:42Z,2026-08-17T15:33:42+0200,5bbffdc7-c3ab-4a18-a8bf-cc7d933ae677,2026-07-19T15:00:00Z,2026-07-19T17:00:00+0200,516.23,MW,FR,FR,actual_offshore_wind_generation,Wind Offshore | Actual Aggregated,2026-08-17T13:35:39Z
2026-08-17T13:33:42Z,2026-08-17T15:33:42+0200,5bbffdc7-c3ab-4a18-a8bf-cc7d933ae677,2026-07-19T15:15:00Z,2026-07-19T17:15:00+0200,537.06,MW,FR,FR,actual_offshore_wind_generation,Wind Offshore | Actual Aggregated,2026-08-17T13:35:39Z
2026-08-17T13:33:42Z,2026-08-17T15:33:42+0200,5bbffdc7-c3ab-4a18-a8bf-cc7d933ae677,2026-07-19T15:30:00Z,2026-07-19T17:30:00+0200,571.07,MW,FR,FR,actual_offshore_wind_generation,Wind Offshore | Actual Aggregated,2026-08-17T13:35:39Z
2026-08-17T13:33:42Z,2026-08-17T15:33:42+0200,5bbffdc7-c3ab-4a18-a8bf-cc7d933ae677,2026-07-19T15:45:00Z,2026-07-19T17:45:00+0200,599.56,MW,FR,FR,actual_offshore_wind_generation,Wind Offshore | Actual Aggregated,2026-08-17T13:35:39Z
2026-08-17T13:33:42Z,2026-08-17T15:33:42+0200,5bbffdc7-c3ab-4a18-a8bf-cc7d933ae677,2026-07-19T16:00:00Z,2026-07-19T18:00:00+0200,646.17,MW,FR,FR,actual_offshore_wind_generation,Wind Offshore | Actual Aggregated,2026-08-17T13:35:39Z
2026-08-17T13:33:42Z,2026-08-17T15:33:42+0200,5bbffdc7-c3ab-4a18-a8bf-cc7d933ae677,2026-07-19T16:15:00Z,2026-07-19T18:15:00+0200,685.32,MW,FR,FR,actual_offshore_wind_generation,Wind Offshore | Actual Aggregated,2026-08-17T13:35:39Z
2026-08-17T13:33:42Z,2026-08-17T15:33:42+0200,5bbffdc7-c3ab-4a18-a8bf-cc7d933ae677,2026-07-19T16:30:00Z,2026-07-19T18:30:00+0200,761.37,MW,FR,FR,actual_offshore_wind_generation,Wind Offshore | Actual Aggregated,2026-08-17T13:35:39Z
2026-08-17T13:33:42Z,2026-08-17T15:33:42+0200,5bbffdc7-c3ab-4a18-a8bf-cc7d933ae677,2026-07-19T16:45:00Z,2026-07-19T18:45:00+0200,772.97,MW,FR,FR,actual_offshore_wind_generation,Wind Offshore | Actual Aggregated,2026-08-17T13:35:39Z
2026-08-17T13:33:42Z,2026-08-17T15:33:42+0200,5bbffdc7-c3ab-4a18-a8bf-cc7d933ae677,2026-07-19T17:00:00Z,2026-07-19T19:00:00+0200,772.38,MW,FR,FR,actual_offshore_wind_generation,Wind Offshore | Actual Aggregated,2026-08-17T13:35:39Z
2026-08-17T13:33:42Z,2026-08-17T15:33:42+0200,5bbffdc7-c3ab-4a18-a8bf-cc7d933ae677,2026-07-19T17:15:00Z,2026-07-19T19:15:00+0200,790.16,MW,FR,FR,actual_offshore_wind_generation,Wind Offshore | Actual Aggregated,2026-08-17T13:35:39Z
2026-08-17T13:33:42Z,2026-08-17T15:33:42+0200,5bbffdc7-c3ab-4a18-a8bf-cc7d933ae677,2026-07-19T17:30:00Z,2026-07-19T19:30:00+0200,791.47,MW,FR,FR,actual_offshore_wind_generation,Wind Offshore | Actual Aggregated,2026-08-17T13:35:39Z
2026-08-17T13:33:42Z,2026-08-17T15:33:42+0200,5bbffdc7-c3ab-4a18-a8bf-cc7d933ae677,2026-07-19T17:45:00Z,2026-07-19T19:45:00+0200,830.35,MW,FR,FR,actual_offshore_wind_generation,Wind Offshore | Actual Aggregated,2026-08-17T13:35:39Z
2026-08-17T13:33:42Z,2026-08-17T15:33:42+0200,5bbffdc7-c3ab-4a18-a8bf-cc7d933ae677,2026-07-19T18:00:00Z,2026-07-19T20:00:00+0200,855.1,MW,FR,FR,actual_offshore_wind_generation,Wind Offshore | Actual Aggregated,2026-08-17T13:35:39Z
2026-08-17T13:33:42Z,2026-08-17T15:33:42+0200,5bbffdc7-c3ab-4a18-a8bf-cc7d933ae677,2026-07-19T18:15:00Z,2026-07-19T20:15:00+0200,893.28,MW,FR,FR,actual_offshore_wind_generation,Wind Offshore | Actual Aggregated,2026-08-17T13:35:39Z
2026-08-17T13:33:42Z,2026-08-17T15:33:42+0200,5bbffdc7-c3ab-4a18-a8bf-cc7d933ae677,2026-07-19T18:30:00Z,2026-07-19T20:30:00+0200,990.12,MW,FR,FR,actual_offshore_wind_generation,Wind Offshore | Actual Aggregated,2026-08-17T13:35:39Z
2026-08-17T13:33:42Z,2026-08-17T15:33:42+0200,5bbffdc7-c3ab-4a18-a8bf-cc7d933ae677,2026-07-19T18:45:00Z,2026-07-19T20:45:00+0200,1031.86,MW,FR,FR,actual_offshore_wind_generation,Wind Offshore | Actual Aggregated,2026-08-17T13:35:39Z
2026-08-17T13:33:42Z,2026-08-17T15:33:42+0200,5bbffdc7-c3ab-4a18-a8bf-cc7d933ae677,2026-07-19T19:00:00Z,2026-07-19T21:00:00+0200,1007.99,MW,FR,FR,actual_offshore_wind_generation,Wind Offshore | Actual Aggregated,2026-08-17T13:35:39Z
2026-08-17T13:33:42Z,2026-08-17T15:33:42+0200,5bbffdc7-c3ab-4a18-a8bf-cc7d933ae677,2026-07-19T19:15:00Z,2026-07-19T21:15:00+0200,1017.91,MW,FR,FR,actual_offshore_wind_generation,Wind Offshore | Actual Aggregated,2026-08-17T13:35:39Z
2026-08-17T13:33:42Z,2026-08-17T15:33:42+0200,5bbffdc7-c3ab-4a18-a8bf-cc7d933ae677,2026-07-19T19:30:00Z,2026-07-19T21:30:00+0200,1035.85,MW,FR,FR,actual_offshore_wind_generation,Wind Offshore | Actual Aggregated,2026-08-17T13:35:39Z
2026-08-17T13:33:42Z,2026-08-17T15:33:42+0200,5bbffdc7-c3ab-4a18-a8bf-cc7d933ae677,2026-07-19T19:45:00Z,2026-07-19T21:45:00+0200,1067.2,MW,FR,FR,actual_offshore_wind_generation,Wind Offshore | Actual Aggregated,2026-08-17T13:35:39Z
2026-08-17T13:33:42Z,2026-08-17T15:33:42+0200,5bbffdc7-c3ab-4a18-a8bf-cc7d933ae677,2026-07-19T20:00:00Z,2026-07-19T22:00:00+0200,1092.31,MW,FR,FR,actual_offshore_wind_generation,Wind Offshore | Actual Aggregated,2026-08-17T13:35:39Z
2026-08-17T13:33:42Z,2026-08-17T15:33:42+0200,5bbffdc7-c3ab-4a18-a8bf-cc7d933ae677,2026-07-19T20:15:00Z,2026-07-19T22:15:00+0200,1099.2,MW,FR,FR,actual_offshore_wind_generation,Wind Offshore | Actual Aggregated,2026-08-17T13:35:39Z
2026-08-17T13:33:42Z,2026-08-17T15:33:42+0200,5bbffdc7-c3ab-4a18-a8bf-cc7d933ae677,2026-07-19T20:30:00Z,2026-07-19T22:30:00+0200,1100.77,MW,FR,FR,actual_offshore_wind_generation,Wind Offshore | Actual Aggregated,2026-08-17T13:35:39Z
2026-08-17T13:33:42Z,2026-08-17T15:33:42+0200,5bbffdc7-c3ab-4a18-a8bf-cc7d933ae677,2026-07-19T20:45:00Z,2026-07-19T22:45:00+0200,1135.96,MW,FR,FR,actual_offshore_wind_generation,Wind Offshore | Actual Aggregated,2026-08-17T13:35:39Z
2026-08-17T13:33:42Z,2026-08-17T15:33:42+0200,5bbffdc7-c3ab-4a18-a8bf-cc7d933ae677,2026-07-19T21:00:00Z,2026-07-19T23:00:00+0200,1167.94,MW,FR,FR,actual_offshore_wind_generation,Wind Offshore | Actual Aggregated,2026-08-17T13:35:39Z
2026-08-17T13:33:42Z,2026-08-17T15:33:42+0200,5bbffdc7-c3ab-4a18-a8bf-cc7d933ae677,2026-07-19T21:15:00Z,2026-07-19T23:15:00+0200,1204.96,MW,FR,FR,actual_offshore_wind_generation,Wind Offshore | Actual Aggregated,2026-08-17T13:35:39Z
2026-08-17T13:33:42Z,2026-08-17T15:33:42+0200,5bbffdc7-c3ab-4a18-a8bf-cc7d933ae677,2026-07-19T21:30:00Z,2026-07-19T23:30:00+0200,1218.64,MW,FR,FR,actual_offshore_wind_generation,Wind Offshore | Actual Aggregated,2026-08-17T13:35:39Z
2026-08-17T13:33:42Z,2026-08-17T15:33:42+0200,5bbffdc7-c3ab-4a18-a8bf-cc7d933ae677,2026-07-19T21:45:00Z,2026-07-19T23:45:00+0200,1225.93,MW,FR,FR,actual_offshore_wind_generation,Wind Offshore | Actual Aggregated,2026-08-17T13:35:39Z
2026-08-17T13:33:42Z,2026-08-17T15:33:42+0200,5bbffdc7-c3ab-4a18-a8bf-cc7d933ae677,2026-07-19T22:00:00Z,2026-07-20T00:00:00+0200,1221.16,MW,FR,FR,actual_offshore_wind_generation,Wind Offshore | Actual Aggregated,2026-08-17T13:35:39Z
2026-08-17T13:33:42Z,2026-08-17T15:33:42+0200,5bbffdc7-c3ab-4a18-a8bf-cc7d933ae677,2026-07-19T22:15:00Z,2026-07-20T00:15:00+0200,1235.67,MW,FR,FR,actual_offshore_wind_generation,Wind Offshore | Actual Aggregated,2026-08-17T13:35:39Z
2026-08-17T13:33:42Z,2026-08-17T15:33:42+0200,5bbffdc7-c3ab-4a18-a8bf-cc7d933ae677,2026-07-19T22:30:00Z,2026-07-20T00:30:00+0200,1238.91,MW,FR,FR,actual_offshore_wind_generation,Wind Offshore | Actual Aggregated,2026-08-17T13:35:39Z
2026-08-17T13:33:42Z,2026-08-17T15:33:42+0200,5bbffdc7-c3ab-4a18-a8bf-cc7d933ae677,2026-07-19T22:45:00Z,2026-07-20T00:45:00+0200,1201.3,MW,FR,FR,actual_offshore_wind_generation,Wind Offshore | Actual Aggregated,2026-08-17T13:35:39Z
2026-08-17T13:33:42Z,2026-08-17T15:33:42+0200,5bbffdc7-c3ab-4a18-a8bf-cc7d933ae677,2026-07-19T23:00:00Z,2026-07-20T01:00:00+0200,1194.0,MW,FR,FR,actual_offshore_wind_generation,Wind Offshore | Actual Aggregated,2026-08-17T13:35:39Z
2026-08-17T13:33:42Z,2026-08-17T15:33:42+0200,5bbffdc7-c3ab-4a18-a8bf-cc7d933ae677,2026-07-19T23:15:00Z,2026-07-20T01:15:00+0200,1163.47,MW,FR,FR,actual_offshore_wind_generation,Wind Offshore | Actual Aggregated,2026-08-17T13:35:39Z
2026-08-17T13:33:42Z,2026-08-17T15:33:42+0200,5bbffdc7-c3ab-4a18-a8bf-cc7d933ae677,2026-07-19T23:30:00Z,2026-07-20T01:30:00+0200,1147.56,MW,FR,FR,actual_offshore_wind_generation,Wind Offshore | Actual Aggregated,2026-08-17T13:35:39Z
2026-08-17T13:33:42Z,2026-08-17T15:33:42+0200,5bbffdc7-c3ab-4a18-a8bf-cc7d933ae677,2026-07-19T23:45:00Z,2026-07-20T01:45:00+0200,1095.4,MW,FR,FR,actual_offshore_wind_generation,Wind Offshore | Actual Aggregated,2026-08-17T13:35:39Z
2026-08-17T13:33:42Z,2026-08-17T15:33:42+0200,5bbffdc7-c3ab-4a18-a8bf-cc7d933ae677,2026-07-20T00:00:00Z,2026-07-20T02:00:00+0200,1062.89,MW,FR,FR,actual_offshore_wind_generation,Wind Offshore | Actual Aggregated,2026-08-17T13:35:39Z
2026-08-17T13:33:42Z,2026-08-17T15:33:42+0200,5bbffdc7-c3ab-4a18-a8bf-cc7d933ae677,2026-07-20T00:15:00Z,2026-07-20T02:15:00+0200,1055.01,MW,FR,FR,actual_offshore_wind_generation,Wind Offshore | Actual Aggregated,2026-08-17T13:35:39Z
2026-08-17T13:33:42Z,2026-08-17T15:33:42+0200,5bbffdc7-c3ab-4a18-a8bf-cc7d933ae677,2026-07-20T00:30:00Z,2026-07-20T02:30:00+0200,1067.15,MW,FR,FR,actual_offshore_wind_generation,Wind Offshore | Actual Aggregated,2026-08-17T13:35:39Z
2026-08-17T13:33:42Z,2026-08-17T15:33:42+0200,5bbffdc7-c3ab-4a18-a8bf-cc7d933ae677,2026-07-20T00:45:00Z,2026-07-20T02:45:00+0200,1054.37,MW,FR,FR,actual_offshore_wind_generation,Wind Offshore | Actual Aggregated,2026-08-17T13:35:39Z
2026-08-17T13:33:42Z,2026-08-17T15:33:42+0200,5bbffdc7-c3ab-4a18-a8bf-cc7d933ae677,2026-07-20T01:00:00Z,2026-07-20T03:00:00+0200,1047.83,MW,FR,FR,actual_offshore_wind_generation,Wind Offshore | Actual Aggregated,2026-08-17T13:35:39Z
2026-08-17T13:33:42Z,2026-08-17T15:33:42+0200,5bbffdc7-c3ab-4a18-a8bf-cc7d933ae677,2026-07-20T01:15:00Z,2026-07-20T03:15:00+0200,1049.01,MW,FR,FR,actual_offshore_wind_generation,Wind Offshore | Actual Aggregated,2026-08-17T13:35:39Z
2026-08-17T13:33:42Z,2026-08-17T15:33:42+0200,5bbffdc7-c3ab-4a18-a8bf-cc7d933ae677,2026-07-20T01:30:00Z,2026-07-20T03:30:00+0200,1035.54,MW,FR,FR,actual_offshore_wind_generation,Wind Offshore | Actual Aggregated,2026-08-17T13:35:39Z
2026-08-17T13:33:42Z,2026-08-17T15:33:42+0200,5bbffdc7-c3ab-4a18-a8bf-cc7d933ae677,2026-07-20T01:45:00Z,2026-07-20T03:45:00+0200,1007.31,MW,FR,FR,actual_offshore_wind_generation,Wind Offshore | Actual Aggregated,2026-08-17T13:35:39Z
2026-08-17T13:33:42Z,2026-08-17T15:33:42+0200,5bbffdc7-c3ab-4a18-a8bf-cc7d933ae677,2026-07-20T02:00:00Z,2026-07-20T04:00:00+0200,999.06,MW,FR,FR,actual_offshore_wind_generation,Wind Offshore | Actual Aggregated,2026-08-17T13:35:39Z
2026-08-17T13:33:42Z,2026-08-17T15:33:42+0200,5bbffdc7-c3ab-4a18-a8bf-cc7d933ae677,2026-07-20T02:15:00Z,2026-07-20T04:15:00+0200,1006.01,MW,FR,FR,actual_offshore_wind_generation,Wind Offshore | Actual Aggregated,2026-08-17T13:35:39Z
2026-08-17T13:33:42Z,2026-08-17T15:33:42+0200,5bbffdc7-c3ab-4a18-a8bf-cc7d933ae677,2026-07-20T02:30:00Z,2026-07-20T04:30:00+0200,1027.02,MW,FR,FR,actual_offshore_wind_generation,Wind Offshore | Actual Aggregated,2026-08-17T13:35:39Z
2026-08-17T13:33:42Z,2026-08-17T15:33:42+0200,5bbffdc7-c3ab-4a18-a8bf-cc7d933ae677,2026-07-20T02:45:00Z,2026-07-20T04:45:00+0200,1054.06,MW,FR,FR,actual_offshore_wind_generation,Wind Offshore | Actual Aggregated,2026-08-17T13:35:39Z
2026-08-17T13:33:42Z,2026-08-17T15:33:42+0200,5bbffdc7-c3ab-4a18-a8bf-cc7d933ae677,2026-07-20T03:00:00Z,2026-07-20T05:00:00+0200,1074.91,MW,FR,FR,actual_offshore_wind_generation,Wind Offshore | Actual Aggregated,2026-08-17T13:35:39Z
2026-08-17T13:33:42Z,2026-08-17T15:33:42+0200,5bbffdc7-c3ab-4a18-a8bf-cc7d933ae677,2026-07-20T03:15:00Z,2026-07-20T05:15:00+0200,1077.19,MW,FR,FR,actual_offshore_wind_generation,Wind Offshore | Actual Aggregated,2026-08-17T13:35:39Z
2026-08-17T13:33:42Z,2026-08-17T15:33:42+0200,5bbffdc7-c3ab-4a18-a8bf-cc7d933ae677,2026-07-20T03:30:00Z,2026-07-20T05:30:00+0200,1081.75,MW,FR,FR,actual_offshore_wind_generation,Wind Offshore | Actual Aggregated,2026-08-17T13:35:39Z
2026-08-17T13:33:42Z,2026-08-17T15:33:42+0200,5bbffdc7-c3ab-4a18-a8bf-cc7d933ae677,2026-07-20T03:45:00Z,2026-07-20T05:45:00+0200,1072.01,MW,FR,FR,actual_offshore_wind_generation,Wind Offshore | Actual Aggregated,2026-08-17T13:35:39Z
2026-08-17T13:33:42Z,2026-08-17T15:33:42+0200,5bbffdc7-c3ab-4a18-a8bf-cc7d933ae677,2026-07-20T04:00:00Z,2026-07-20T06:00:00+0200,1080.84,MW,FR,FR,actual_offshore_wind_generation,Wind Offshore | Actual Aggregated,2026-08-17T13:35:39Z
2026-08-17T13:33:42Z,2026-08-17T15:33:42+0200,5bbffdc7-c3ab-4a18-a8bf-cc7d933ae677,2026-07-20T04:15:00Z,2026-07-20T06:15:00+0200,1077.51,MW,FR,FR,actual_offshore_wind_generation,Wind Offshore | Actual Aggregated,2026-08-17T13:35:39Z
2026-08-17T13:33:42Z,2026-08-17T15:33:42+0200,5bbffdc7-c3ab-4a18-a8bf-cc7d933ae677,2026-07-20T04:30:00Z,2026-07-20T06:30:00+0200,1096.96,MW,FR,FR,actual_offshore_wind_generation,Wind Offshore | Actual Aggregated,2026-08-17T13:35:39Z
2026-08-17T13:33:42Z,2026-08-17T15:33:42+0200,5bbffdc7-c3ab-4a18-a8bf-cc7d933ae677,2026-07-20T04:45:00Z,2026-07-20T06:45:00+0200,1100.92,MW,FR,FR,actual_offshore_wind_generation,Wind Offshore | Actual Aggregated,2026-08-17T13:35:39Z
2026-08-17T13:33:42Z,2026-08-17T15:33:42+0200,5bbffdc7-c3ab-4a18-a8bf-cc7d933ae677,2026-07-20T05:00:00Z,2026-07-20T07:00:00+0200,1115.12,MW,FR,FR,actual_offshore_wind_generation,Wind Offshore | Actual Aggregated,2026-08-17T13:35:39Z
2026-08-17T13:33:42Z,2026-08-17T15:33:42+0200,5bbffdc7-c3ab-4a18-a8bf-cc7d933ae677,2026-07-20T05:15:00Z,2026-07-20T07:15:00+0200,1153.5,MW,FR,FR,actual_offshore_wind_generation,Wind Offshore | Actual Aggregated,2026-08-17T13:35:39Z
2026-08-17T13:33:42Z,2026-08-17T15:33:42+0200,5bbffdc7-c3ab-4a18-a8bf-cc7d933ae677,2026-07-20T05:30:00Z,2026-07-20T07:30:00+0200,1131.92,MW,FR,FR,actual_offshore_wind_generation,Wind Offshore | Actual Aggregated,2026-08-17T13:35:39Z
2026-08-17T13:33:42Z,2026-08-17T15:33:42+0200,5bbffdc7-c3ab-4a18-a8bf-cc7d933ae677,2026-07-20T05:45:00Z,2026-07-20T07:45:00+0200,1093.58,MW,FR,FR,actual_offshore_wind_generation,Wind Offshore | Actual Aggregated,2026-08-17T13:35:39Z
2026-08-17T13:33:42Z,2026-08-17T15:33:42+0200,5bbffdc7-c3ab-4a18-a8bf-cc7d933ae677,2026-07-20T06:00:00Z,2026-07-20T08:00:00+0200,1115.84,MW,FR,FR,actual_offshore_wind_generation,Wind Offshore | Actual Aggregated,2026-08-17T13:35:39Z
2026-08-17T13:33:42Z,2026-08-17T15:33:42+0200,5bbffdc7-c3ab-4a18-a8bf-cc7d933ae677,2026-07-20T06:15:00Z,2026-07-20T08:15:00+0200,1112.91,MW,FR,FR,actual_offshore_wind_generation,Wind Offshore | Actual Aggregated,2026-08-17T13:35:39Z
2026-08-17T13:33:42Z,2026-08-17T15:33:42+0200,5bbffdc7-c3ab-4a18-a8bf-cc7d933ae677,2026-07-20T06:30:00Z,2026-07-20T08:30:00+0200,1049.49,MW,FR,FR,actual_offshore_wind_generation,Wind Offshore | Actual Aggregated,2026-08-17T13:35:39Z
2026-08-17T13:33:42Z,2026-08-17T15:33:42+0200,5bbffdc7-c3ab-4a18-a8bf-cc7d933ae677,2026-07-20T06:45:00Z,2026-07-20T08:45:00+0200,983.28,MW,FR,FR,actual_offshore_wind_generation,Wind Offshore | Actual Aggregated,2026-08-17T13:35:39Z
2026-08-17T13:33:42Z,2026-08-17T15:33:42+0200,5bbffdc7-c3ab-4a18-a8bf-cc7d933ae677,2026-07-20T07:00:00Z,2026-07-20T09:00:00+0200,912.9,MW,FR,FR,actual_offshore_wind_generation,Wind Offshore | Actual Aggregated,2026-08-17T13:35:39Z
2026-08-17T13:33:42Z,2026-08-17T15:33:42+0200,5bbffdc7-c3ab-4a18-a8bf-cc7d933ae677,2026-07-20T07:15:00Z,2026-07-20T09:15:00+0200,880.32,MW,FR,FR,actual_offshore_wind_generation,Wind Offshore | Actual Aggregated,2026-08-17T13:35:39Z
2026-08-17T13:33:42Z,2026-08-17T15:33:42+0200,5bbffdc7-c3ab-4a18-a8bf-cc7d933ae677,2026-07-20T07:30:00Z,2026-07-20T09:30:00+0200,861.11,MW,FR,FR,actual_offshore_wind_generation,Wind Offshore | Actual Aggregated,2026-08-17T13:35:39Z
2026-08-17T13:33:42Z,2026-08-17T15:33:42+0200,5bbffdc7-c3ab-4a18-a8bf-cc7d933ae677,2026-07-20T07:45:00Z,2026-07-20T09:45:00+0200,817.85,MW,FR,FR,actual_offshore_wind_generation,Wind Offshore | Actual Aggregated,2026-08-17T13:35:39Z
2026-08-17T13:33:42Z,2026-08-17T15:33:42+0200,5bbffdc7-c3ab-4a18-a8bf-cc7d933ae677,2026-07-20T08:00:00Z,2026-07-20T10:00:00+0200,774.05,MW,FR,FR,actual_offshore_wind_generation,Wind Offshore | Actual Aggregated,2026-08-17T13:35:39Z
2026-08-17T13:33:42Z,2026-08-17T15:33:42+0200,5bbffdc7-c3ab-4a18-a8bf-cc7d933ae677,2026-07-20T08:15:00Z,2026-07-20T10:15:00+0200,716.63,MW,FR,FR,actual_offshore_wind_generation,Wind Offshore | Actual Aggregated,2026-08-17T13:35:39Z
2026-08-17T13:33:42Z,2026-08-17T15:33:42+0200,5bbffdc7-c3ab-4a18-a8bf-cc7d933ae677,2026-07-20T08:30:00Z,2026-07-20T10:30:00+0200,662.76,MW,FR,FR,actual_offshore_wind_generation,Wind Offshore | Actual Aggregated,2026-08-17T13:35:39Z
2026-08-17T13:33:42Z,2026-08-17T15:33:42+0200,5bbffdc7-c3ab-4a18-a8bf-cc7d933ae677,2026-07-20T08:45:00Z,2026-07-20T10:45:00+0200,649.09,MW,FR,FR,actual_offshore_wind_generation,Wind Offshore | Actual Aggregated,2026-08-17T13:35:39Z
2026-08-17T13:33:42Z,2026-08-17T15:33:42+0200,5bbffdc7-c3ab-4a18-a8bf-cc7d933ae677,2026-07-20T09:00:00Z,2026-07-20T11:00:00+0200,614.58,MW,FR,FR,actual_offshore_wind_generation,Wind Offshore | Actual Aggregated,2026-08-17T13:35:39Z
2026-08-17T13:33:42Z,2026-08-17T15:33:42+0200,5bbffdc7-c3ab-4a18-a8bf-cc7d933ae677,2026-07-20T09:15:00Z,2026-07-20T11:15:00+0200,580.9,MW,FR,FR,actual_offshore_wind_generation,Wind Offshore | Actual Aggregated,2026-08-17T13:35:39Z
2026-08-17T13:33:42Z,2026-08-17T15:33:42+0200,5bbffdc7-c3ab-4a18-a8bf-cc7d933ae677,2026-07-20T09:30:00Z,2026-07-20T11:30:00+0200,590.7,MW,FR,FR,actual_offshore_wind_generation,Wind Offshore | Actual Aggregated,2026-08-17T13:35:39Z
2026-08-17T13:33:42Z,2026-08-17T15:33:42+0200,5bbffdc7-c3ab-4a18-a8bf-cc7d933ae677,2026-07-20T09:45:00Z,2026-07-20T11:45:00+0200,613.42,MW,FR,FR,actual_offshore_wind_generation,Wind Offshore | Actual Aggregated,2026-08-17T13:35:39Z
2026-08-17T13:33:42Z,2026-08-17T15:33:42+0200,5bbffdc7-c3ab-4a18-a8bf-cc7d933ae677,2026-07-20T10:00:00Z,2026-07-20T12:00:00+0200,613.82,MW,FR,FR,actual_offshore_wind_generation,Wind Offshore | Actual Aggregated,2026-08-17T13:35:39Z
2026-08-17T13:33:42Z,2026-08-17T15:33:42+0200,5bbffdc7-c3ab-4a18-a8bf-cc7d933ae677,2026-07-20T10:15:00Z,2026-07-20T12:15:00+0200,636.79,MW,FR,FR,actual_offshore_wind_generation,Wind Offshore | Actual Aggregated,2026-08-17T13:35:39Z
2026-08-17T13:33:42Z,2026-08-17T15:33:42+0200,5bbffdc7-c3ab-4a18-a8bf-cc7d933ae677,2026-07-20T10:30:00Z,2026-07-20T12:30:00+0200,646.49,MW,FR,FR,actual_offshore_wind_generation,Wind Offshore | Actual Aggregated,2026-08-17T13:35:39Z
2026-08-17T13:33:42Z,2026-08-17T15:33:42+0200,5bbffdc7-c3ab-4a18-a8bf-cc7d933ae677,2026-07-20T10:45:00Z,2026-07-20T12:45:00+0200,705.01,MW,FR,FR,actual_offshore_wind_generation,Wind Offshore | Actual Aggregated,2026-08-17T13:35:39Z
2026-08-17T13:33:42Z,2026-08-17T15:33:42+0200,5bbffdc7-c3ab-4a18-a8bf-cc7d933ae677,2026-07-20T11:00:00Z,2026-07-20T13:00:00+0200,709.61,MW,FR,FR,actual_offshore_wind_generation,Wind Offshore | Actual Aggregated,2026-08-17T13:35:39Z
2026-08-17T13:33:42Z,2026-08-17T15:33:42+0200,5bbffdc7-c3ab-4a18-a8bf-cc7d933ae677,2026-07-20T11:15:00Z,2026-07-20T13:15:00+0200,683.86,MW,FR,FR,actual_offshore_wind_generation,Wind Offshore | Actual Aggregated,2026-08-17T13:35:39Z
2026-08-17T13:33:42Z,2026-08-17T15:33:42+0200,5bbffdc7-c3ab-4a18-a8bf-cc7d933ae677,2026-07-20T11:30:00Z,2026-07-20T13:30:00+0200,700.8,MW,FR,FR,actual_offshore_wind_generation,Wind Offshore | Actual Aggregated,2026-08-17T13:35:39Z
2026-08-17T13:33:42Z,2026-08-17T15:33:42+0200,5bbffdc7-c3ab-4a18-a8bf-cc7d933ae677,2026-07-20T11:45:00Z,2026-07-20T13:45:00+0200,733.85,MW,FR,FR,actual_offshore_wind_generation,Wind Offshore | Actual Aggregated,2026-08-17T13:35:39Z
2026-08-17T13:33:42Z,2026-08-17T15:33:42+0200,5bbffdc7-c3ab-4a18-a8bf-cc7d933ae677,2026-07-20T12:00:00Z,2026-07-20T14:00:00+0200,780.99,MW,FR,FR,actual_offshore_wind_generation,Wind Offshore | Actual Aggregated,2026-08-17T13:35:39Z
2026-08-17T13:33:42Z,2026-08-17T15:33:42+0200,5bbffdc7-c3ab-4a18-a8bf-cc7d933ae677,2026-07-20T12:15:00Z,2026-07-20T14:15:00+0200,852.41,MW,FR,FR,actual_offshore_wind_generation,Wind Offshore | Actual Aggregated,2026-08-17T13:35:39Z
2026-08-17T13:33:42Z,2026-08-17T15:33:42+0200,5bbffdc7-c3ab-4a18-a8bf-cc7d933ae677,2026-07-20T12:30:00Z,2026-07-20T14:30:00+0200,904.67,MW,FR,FR,actual_offshore_wind_generation,Wind Offshore | Actual Aggregated,2026-08-17T13:35:39Z
2026-08-17T13:33:42Z,2026-08-17T15:33:42+0200,5bbffdc7-c3ab-4a18-a8bf-cc7d933ae677,2026-07-20T12:45:00Z,2026-07-20T14:45:00+0200,937.52,MW,FR,FR,actual_offshore_wind_generation,Wind Offshore | Actual Aggregated,2026-08-17T13:35:39Z
2026-08-17T13:33:42Z,2026-08-17T15:33:42+0200,5bbffdc7-c3ab-4a18-a8bf-cc7d933ae677,2026-07-20T13:00:00Z,2026-07-20T15:00:00+0200,946.22,MW,FR,FR,actual_offshore_wind_generation,Wind Offshore | Actual Aggregated,2026-08-17T13:35:39Z
2026-08-17T13:33:42Z,2026-08-17T15:33:42+0200,5bbffdc7-c3ab-4a18-a8bf-cc7d933ae677,2026-07-20T13:15:00Z,2026-07-20T15:15:00+0200,950.79,MW,FR,FR,actual_offshore_wind_generation,Wind Offshore | Actual Aggregated,2026-08-17T13:35:39Z
2026-08-17T13:33:42Z,2026-08-17T15:33:42+0200,5bbffdc7-c3ab-4a18-a8bf-cc7d933ae677,2026-07-20T13:30:00Z,2026-07-20T15:30:00+0200,967.33,MW,FR,FR,actual_offshore_wind_generation,Wind Offshore | Actual Aggregated,2026-08-17T13:35:39Z
2026-08-17T13:33:42Z,2026-08-17T15:33:42+0200,5bbffdc7-c3ab-4a18-a8bf-cc7d933ae677,2026-07-20T13:45:00Z,2026-07-20T15:45:00+0200,985.52,MW,FR,FR,actual_offshore_wind_generation,Wind Offshore | Actual Aggregated,2026-08-17T13:35:39Z
2026-08-17T13:33:42Z,2026-08-17T15:33:42+0200,5bbffdc7-c3ab-4a18-a8bf-cc7d933ae677,2026-07-20T14:00:00Z,2026-07-20T16:00:00+0200,1056.11,MW,FR,FR,actual_offshore_wind_generation,Wind Offshore | Actual Aggregated,2026-08-17T13:35:39Z
2026-08-17T13:33:42Z,2026-08-17T15:33:42+0200,5bbffdc7-c3ab-4a18-a8bf-cc7d933ae677,2026-07-20T14:15:00Z,2026-07-20T16:15:00+0200,1093.35,MW,FR,FR,actual_offshore_wind_generation,Wind Offshore | Actual Aggregated,2026-08-17T13:35:39Z
2026-08-17T13:33:42Z,2026-08-17T15:33:42+0200,5bbffdc7-c3ab-4a18-a8bf-cc7d933ae677,2026-07-20T14:30:00Z,2026-07-20T16:30:00+0200,1106.64,MW,FR,FR,actual_offshore_wind_generation,Wind Offshore | Actual Aggregated,2026-08-17T13:35:39Z
2026-08-17T13:33:42Z,2026-08-17T15:33:42+0200,5bbffdc7-c3ab-4a18-a8bf-cc7d933ae677,2026-07-20T14:45:00Z,2026-07-20T16:45:00+0200,1074.55,MW,FR,FR,actual_offshore_wind_generation,Wind Offshore | Actual Aggregated,2026-08-17T13:35:39Z
2026-08-17T13:33:42Z,2026-08-17T15:33:42+0200,5bbffdc7-c3ab-4a18-a8bf-cc7d933ae677,2026-07-20T15:00:00Z,2026-07-20T17:00:00+0200,1082.55,MW,FR,FR,actual_offshore_wind_generation,Wind Offshore | Actual Aggregated,2026-08-17T13:35:39Z
2026-08-17T13:33:42Z,2026-08-17T15:33:42+0200,5bbffdc7-c3ab-4a18-a8bf-cc7d933ae677,2026-07-20T15:15:00Z,2026-07-20T17:15:00+0200,1064.45,MW,FR,FR,actual_offshore_wind_generation,Wind Offshore | Actual Aggregated,2026-08-17T13:35:39Z
2026-08-17T13:33:42Z,2026-08-17T15:33:42+0200,5bbffdc7-c3ab-4a18-a8bf-cc7d933ae677,2026-07-20T15:30:00Z,2026-07-20T17:30:00+0200,1112.76,MW,FR,FR,actual_offshore_wind_generation,Wind Offshore | Actual Aggregated,2026-08-17T13:35:39Z
2026-08-17T13:33:42Z,2026-08-17T15:33:42+0200,5bbffdc7-c3ab-4a18-a8bf-cc7d933ae677,2026-07-20T15:45:00Z,2026-07-20T17:45:00+0200,1109.23,MW,FR,FR,actual_offshore_wind_generation,Wind Offshore | Actual Aggregated,2026-08-17T13:35:39Z
2026-08-17T13:33:42Z,2026-08-17T15:33:42+0200,5bbffdc7-c3ab-4a18-a8bf-cc7d933ae677,2026-07-20T16:00:00Z,2026-07-20T18:00:00+0200,1138.19,MW,FR,FR,actual_offshore_wind_generation,Wind Offshore | Actual Aggregated,2026-08-17T13:35:39Z
2026-08-17T13:33:42Z,2026-08-17T15:33:42+0200,5bbffdc7-c3ab-4a18-a8bf-cc7d933ae677,2026-07-20T16:15:00Z,2026-07-20T18:15:00+0200,1202.47,MW,FR,FR,actual_offshore_wind_generation,Wind Offshore | Actual Aggregated,2026-08-17T13:35:39Z
2026-08-17T13:33:42Z,2026-08-17T15:33:42+0200,5bbffdc7-c3ab-4a18-a8bf-cc7d933ae677,2026-07-20T16:30:00Z,2026-07-20T18:30:00+0200,1287.62,MW,FR,FR,actual_offshore_wind_generation,Wind Offshore | Actual Aggregated,2026-08-17T13:35:39Z
2026-08-17T13:33:42Z,2026-08-17T15:33:42+0200,5bbffdc7-c3ab-4a18-a8bf-cc7d933ae677,2026-07-20T16:45:00Z,2026-07-20T18:45:00+0200,1322.58,MW,FR,FR,actual_offshore_wind_generation,Wind Offshore | Actual Aggregated,2026-08-17T13:35:39Z
2026-08-17T13:33:42Z,2026-08-17T15:33:42+0200,5bbffdc7-c3ab-4a18-a8bf-cc7d933ae677,2026-07-20T17:00:00Z,2026-07-20T19:00:00+0200,1339.12,MW,FR,FR,actual_offshore_wind_generation,Wind Offshore | Actual Aggregated,2026-08-17T13:35:39Z
2026-08-17T13:33:42Z,2026-08-17T15:33:42+0200,5bbffdc7-c3ab-4a18-a8bf-cc7d933ae677,2026-07-20T17:15:00Z,2026-07-20T19:15:00+0200,1301.79,MW,FR,FR,actual_offshore_wind_generation,Wind Offshore | Actual Aggregated,2026-08-17T13:35:39Z
2026-08-17T13:33:42Z,2026-08-17T15:33:42+0200,5bbffdc7-c3ab-4a18-a8bf-cc7d933ae677,2026-07-20T17:30:00Z,2026-07-20T19:30:00+0200,1265.19,MW,FR,FR,actual_offshore_wind_generation,Wind Offshore | Actual Aggregated,2026-08-17T13:35:39Z
2026-08-17T13:33:42Z,2026-08-17T15:33:42+0200,5bbffdc7-c3ab-4a18-a8bf-cc7d933ae677,2026-07-20T17:45:00Z,2026-07-20T19:45:00+0200,1181.83,MW,FR,FR,actual_offshore_wind_generation,Wind Offshore | Actual Aggregated,2026-08-17T13:35:39Z
2026-08-17T13:33:42Z,2026-08-17T15:33:42+0200,5bbffdc7-c3ab-4a18-a8bf-cc7d933ae677,2026-07-20T18:00:00Z,2026-07-20T20:00:00+0200,1134.53,MW,FR,FR,actual_offshore_wind_generation,Wind Offshore | Actual Aggregated,2026-08-17T13:35:39Z
2026-08-17T13:33:42Z,2026-08-17T15:33:42+0200,5bbffdc7-c3ab-4a18-a8bf-cc7d933ae677,2026-07-20T18:15:00Z,2026-07-20T20:15:00+0200,1120.66,MW,FR,FR,actual_offshore_wind_generation,Wind Offshore | Actual Aggregated,2026-08-17T13:35:39Z
2026-08-17T13:33:42Z,2026-08-17T15:33:42+0200,5bbffdc7-c3ab-4a18-a8bf-cc7d933ae677,2026-07-20T18:30:00Z,2026-07-20T20:30:00+0200,1108.93,MW,FR,FR,actual_offshore_wind_generation,Wind Offshore | Actual Aggregated,2026-08-17T13:35:39Z
2026-08-17T13:33:42Z,2026-08-17T15:33:42+0200,5bbffdc7-c3ab-4a18-a8bf-cc7d933ae677,2026-07-20T18:45:00Z,2026-07-20T20:45:00+0200,1091.47,MW,FR,FR,actual_offshore_wind_generation,Wind Offshore | Actual Aggregated,2026-08-17T13:35:39Z
2026-08-17T13:33:42Z,2026-08-17T15:33:42+0200,5bbffdc7-c3ab-4a18-a8bf-cc7d933ae677,2026-07-20T19:00:00Z,2026-07-20T21:00:00+0200,1142.03,MW,FR,FR,actual_offshore_wind_generation,Wind Offshore | Actual Aggregated,2026-08-17T13:35:39Z
2026-08-17T13:33:42Z,2026-08-17T15:33:42+0200,5bbffdc7-c3ab-4a18-a8bf-cc7d933ae677,2026-07-20T19:15:00Z,2026-07-20T21:15:00+0200,1183.05,MW,FR,FR,actual_offshore_wind_generation,Wind Offshore | Actual Aggregated,2026-08-17T13:35:39Z
2026-08-17T13:33:42Z,2026-08-17T15:33:42+0200,5bbffdc7-c3ab-4a18-a8bf-cc7d933ae677,2026-07-20T19:30:00Z,2026-07-20T21:30:00+0200,1207.11,MW,FR,FR,actual_offshore_wind_generation,Wind Offshore | Actual Aggregated,2026-08-17T13:35:39Z
2026-08-17T13:33:42Z,2026-08-17T15:33:42+0200,5bbffdc7-c3ab-4a18-a8bf-cc7d933ae677,2026-07-20T19:45:00Z,2026-07-20T21:45:00+0200,1286.35,MW,FR,FR,actual_offshore_wind_generation,Wind Offshore | Actual Aggregated,2026-08-17T13:35:39Z
2026-08-17T13:33:42Z,2026-08-17T15:33:42+0200,5bbffdc7-c3ab-4a18-a8bf-cc7d933ae677,2026-07-20T20:00:00Z,2026-07-20T22:00:00+0200,1338.93,MW,FR,FR,actual_offshore_wind_generation,Wind Offshore | Actual Aggregated,2026-08-17T13:35:39Z
2026-08-17T13:33:42Z,2026-08-17T15:33:42+0200,5bbffdc7-c3ab-4a18-a8bf-cc7d933ae677,2026-07-20T20:15:00Z,2026-07-20T22:15:00+0200,1336.9,MW,FR,FR,actual_offshore_wind_generation,Wind Offshore | Actual Aggregated,2026-08-17T13:35:39Z
2026-08-17T13:33:42Z,2026-08-17T15:33:42+0200,5bbffdc7-c3ab-4a18-a8bf-cc7d933ae677,2026-07-20T20:30:00Z,2026-07-20T22:30:00+0200,1287.57,MW,FR,FR,actual_offshore_wind_generation,Wind Offshore | Actual Aggregated,2026-08-17T13:35:39Z
2026-08-17T13:33:42Z,2026-08-17T15:33:42+0200,5bbffdc7-c3ab-4a18-a8bf-cc7d933ae677,2026-07-20T20:45:00Z,2026-07-20T22:45:00+0200,1263.89,MW,FR,FR,actual_offshore_wind_generation,Wind Offshore | Actual Aggregated,2026-08-17T13:35:39Z
2026-08-17T13:33:42Z,2026-08-17T15:33:42+0200,5bbffdc7-c3ab-4a18-a8bf-cc7d933ae677,2026-07-20T21:00:00Z,2026-07-20T23:00:00+0200,1311.12,MW,FR,FR,actual_offshore_wind_generation,Wind Offshore | Actual Aggregated,2026-08-17T13:35:39Z
2026-08-17T13:33:42Z,2026-08-17T15:33:42+0200,5bbffdc7-c3ab-4a18-a8bf-cc7d933ae677,2026-07-20T21:15:00Z,2026-07-20T23:15:00+0200,1321.71,MW,FR,FR,actual_offshore_wind_generation,Wind Offshore | Actual Aggregated,2026-08-17T13:35:39Z
2026-08-17T13:33:42Z,2026-08-17T15:33:42+0200,5bbffdc7-c3ab-4a18-a8bf-cc7d933ae677,2026-07-20T21:30:00Z,2026-07-20T23:30:00+0200,1290.81,MW,FR,FR,actual_offshore_wind_generation,Wind Offshore | Actual Aggregated,2026-08-17T13:35:39Z
2026-08-17T13:33:42Z,2026-08-17T15:33:42+0200,5bbffdc7-c3ab-4a18-a8bf-cc7d933ae677,2026-07-20T21:45:00Z,2026-07-20T23:45:00+0200,1243.72,MW,FR,FR,actual_offshore_wind_generation,Wind Offshore | Actual Aggregated,2026-08-17T13:35:39Z
2026-08-17T13:33:42Z,2026-08-17T15:33:42+0200,5bbffdc7-c3ab-4a18-a8bf-cc7d933ae677,2026-07-20T22:00:00Z,2026-07-21T00:00:00+0200,1206.2,MW,FR,FR,actual_offshore_wind_generation,Wind Offshore | Actual Aggregated,2026-08-17T13:35:39Z
2026-08-17T13:33:42Z,2026-08-17T15:33:42+0200,5bbffdc7-c3ab-4a18-a8bf-cc7d933ae677,2026-07-20T22:15:00Z,2026-07-21T00:15:00+0200,1188.29,MW,FR,FR,actual_offshore_wind_generation,Wind Offshore | Actual Aggregated,2026-08-17T13:35:39Z
2026-08-17T13:33:42Z,2026-08-17T15:33:42+0200,5bbffdc7-c3ab-4a18-a8bf-cc7d933ae677,2026-07-20T22:30:00Z,2026-07-21T00:30:00+0200,1197.19,MW,FR,FR,actual_offshore_wind_generation,Wind Offshore | Actual Aggregated,2026-08-17T13:35:39Z
2026-08-17T13:33:42Z,2026-08-17T15:33:42+0200,5bbffdc7-c3ab-4a18-a8bf-cc7d933ae677,2026-07-20T22:45:00Z,2026-07-21T00:45:00+0200,1207.54,MW,FR,FR,actual_offshore_wind_generation,Wind Offshore | Actual Aggregated,2026-08-17T13:35:39Z
2026-08-17T13:33:42Z,2026-08-17T15:33:42+0200,5bbffdc7-c3ab-4a18-a8bf-cc7d933ae677,2026-07-20T23:00:00Z,2026-07-21T01:00:00+0200,1180.73,MW,FR,FR,actual_offshore_wind_generation,Wind Offshore | Actual Aggregated,2026-08-17T13:35:39Z
2026-08-17T13:33:42Z,2026-08-17T15:33:42+0200,5bbffdc7-c3ab-4a18-a8bf-cc7d933ae677,2026-07-20T23:15:00Z,2026-07-21T01:15:00+0200,1163.57,MW,FR,FR,actual_offshore_wind_generation,Wind Offshore | Actual Aggregated,2026-08-17T13:35:39Z
2026-08-17T13:33:42Z,2026-08-17T15:33:42+0200,5bbffdc7-c3ab-4a18-a8bf-cc7d933ae677,2026-07-20T23:30:00Z,2026-07-21T01:30:00+0200,1153.17,MW,FR,FR,actual_offshore_wind_generation,Wind Offshore | Actual Aggregated,2026-08-17T13:35:39Z
2026-08-17T13:33:42Z,2026-08-17T15:33:42+0200,5bbffdc7-c3ab-4a18-a8bf-cc7d933ae677,2026-07-20T23:45:00Z,2026-07-21T01:45:00+0200,1178.63,MW,FR,FR,actual_offshore_wind_generation,Wind Offshore | Actual Aggregated,2026-08-17T13:35:39Z
2026-08-17T13:33:42Z,2026-08-17T15:33:42+0200,5bbffdc7-c3ab-4a18-a8bf-cc7d933ae677,2026-07-21T00:00:00Z,2026-07-21T02:00:00+0200,1191.08,MW,FR,FR,actual_offshore_wind_generation,Wind Offshore | Actual Aggregated,2026-08-17T13:35:39Z
2026-08-17T13:33:42Z,2026-08-17T15:33:42+0200,5bbffdc7-c3ab-4a18-a8bf-cc7d933ae677,2026-07-21T00:15:00Z,2026-07-21T02:15:00+0200,1163.41,MW,FR,FR,actual_offshore_wind_generation,Wind Offshore | Actual Aggregated,2026-08-17T13:35:39Z
2026-08-17T13:33:42Z,2026-08-17T15:33:42+0200,5bbffdc7-c3ab-4a18-a8bf-cc7d933ae677,2026-07-21T00:30:00Z,2026-07-21T02:30:00+0200,1124.16,MW,FR,FR,actual_offshore_wind_generation,Wind Offshore | Actual Aggregated,2026-08-17T13:35:39Z
2026-08-17T13:33:42Z,2026-08-17T15:33:42+0200,5bbffdc7-c3ab-4a18-a8bf-cc7d933ae677,2026-07-21T00:45:00Z,2026-07-21T02:45:00+0200,1117.2,MW,FR,FR,actual_offshore_wind_generation,Wind Offshore | Actual Aggregated,2026-08-17T13:35:39Z
2026-08-17T13:33:42Z,2026-08-17T15:33:42+0200,5bbffdc7-c3ab-4a18-a8bf-cc7d933ae677,2026-07-21T01:00:00Z,2026-07-21T03:00:00+0200,1134.18,MW,FR,FR,actual_offshore_wind_generation,Wind Offshore | Actual Aggregated,2026-08-17T13:35:39Z
2026-08-17T13:33:42Z,2026-08-17T15:33:42+0200,5bbffdc7-c3ab-4a18-a8bf-cc7d933ae677,2026-07-21T01:15:00Z,2026-07-21T03:15:00+0200,1117.01,MW,FR,FR,actual_offshore_wind_generation,Wind Offshore | Actual Aggregated,2026-08-17T13:35:39Z
2026-08-17T13:33:42Z,2026-08-17T15:33:42+0200,5bbffdc7-c3ab-4a18-a8bf-cc7d933ae677,2026-07-21T01:30:00Z,2026-07-21T03:30:00+0200,1103.22,MW,FR,FR,actual_offshore_wind_generation,Wind Offshore | Actual Aggregated,2026-08-17T13:35:39Z
2026-08-17T13:33:42Z,2026-08-17T15:33:42+0200,5bbffdc7-c3ab-4a18-a8bf-cc7d933ae677,2026-07-21T01:45:00Z,2026-07-21T03:45:00+0200,1075.61,MW,FR,FR,actual_offshore_wind_generation,Wind Offshore | Actual Aggregated,2026-08-17T13:35:39Z
2026-08-17T13:33:42Z,2026-08-17T15:33:42+0200,5bbffdc7-c3ab-4a18-a8bf-cc7d933ae677,2026-07-21T02:00:00Z,2026-07-21T04:00:00+0200,1009.11,MW,FR,FR,actual_offshore_wind_generation,Wind Offshore | Actual Aggregated,2026-08-17T13:35:39Z
2026-08-17T13:33:42Z,2026-08-17T15:33:42+0200,5bbffdc7-c3ab-4a18-a8bf-cc7d933ae677,2026-07-21T02:15:00Z,2026-07-21T04:15:00+0200,988.77,MW,FR,FR,actual_offshore_wind_generation,Wind Offshore | Actual Aggregated,2026-08-17T13:35:39Z
2026-08-17T13:33:42Z,2026-08-17T15:33:42+0200,5bbffdc7-c3ab-4a18-a8bf-cc7d933ae677,2026-07-21T02:30:00Z,2026-07-21T04:30:00+0200,1004.18,MW,FR,FR,actual_offshore_wind_generation,Wind Offshore | Actual Aggregated,2026-08-17T13:35:39Z
2026-08-17T13:33:42Z,2026-08-17T15:33:42+0200,5bbffdc7-c3ab-4a18-a8bf-cc7d933ae677,2026-07-21T02:45:00Z,2026-07-21T04:45:00+0200,1038.21,MW,FR,FR,actual_offshore_wind_generation,Wind Offshore | Actual Aggregated,2026-08-17T13:35:39Z
2026-08-17T13:33:42Z,2026-08-17T15:33:42+0200,5bbffdc7-c3ab-4a18-a8bf-cc7d933ae677,2026-07-21T03:00:00Z,2026-07-21T05:00:00+0200,1022.28,MW,FR,FR,actual_offshore_wind_generation,Wind Offshore | Actual Aggregated,2026-08-17T13:35:39Z
2026-08-17T13:33:42Z,2026-08-17T15:33:42+0200,5bbffdc7-c3ab-4a18-a8bf-cc7d933ae677,2026-07-21T03:15:00Z,2026-07-21T05:15:00+0200,964.61,MW,FR,FR,actual_offshore_wind_generation,Wind Offshore | Actual Aggregated,2026-08-17T13:35:39Z
2026-08-17T13:33:42Z,2026-08-17T15:33:42+0200,5bbffdc7-c3ab-4a18-a8bf-cc7d933ae677,2026-07-21T03:30:00Z,2026-07-21T05:30:00+0200,909.52,MW,FR,FR,actual_offshore_wind_generation,Wind Offshore | Actual Aggregated,2026-08-17T13:35:39Z
2026-08-17T13:33:42Z,2026-08-17T15:33:42+0200,5bbffdc7-c3ab-4a18-a8bf-cc7d933ae677,2026-07-21T03:45:00Z,2026-07-21T05:45:00+0200,853.72,MW,FR,FR,actual_offshore_wind_generation,Wind Offshore | Actual Aggregated,2026-08-17T13:35:39Z
2026-08-17T13:33:42Z,2026-08-17T15:33:42+0200,5bbffdc7-c3ab-4a18-a8bf-cc7d933ae677,2026-07-21T04:00:00Z,2026-07-21T06:00:00+0200,800.08,MW,FR,FR,actual_offshore_wind_generation,Wind Offshore | Actual Aggregated,2026-08-17T13:35:39Z
2026-08-17T13:33:42Z,2026-08-17T15:33:42+0200,5bbffdc7-c3ab-4a18-a8bf-cc7d933ae677,2026-07-21T04:15:00Z,2026-07-21T06:15:00+0200,703.69,MW,FR,FR,actual_offshore_wind_generation,Wind Offshore | Actual Aggregated,2026-08-17T13:35:39Z
2026-08-17T13:33:42Z,2026-08-17T15:33:42+0200,5bbffdc7-c3ab-4a18-a8bf-cc7d933ae677,2026-07-21T04:30:00Z,2026-07-21T06:30:00+0200,661.04,MW,FR,FR,actual_offshore_wind_generation,Wind Offshore | Actual Aggregated,2026-08-17T13:35:39Z
2026-08-17T13:33:42Z,2026-08-17T15:33:42+0200,5bbffdc7-c3ab-4a18-a8bf-cc7d933ae677,2026-07-21T04:45:00Z,2026-07-21T06:45:00+0200,649.65,MW,FR,FR,actual_offshore_wind_generation,Wind Offshore | Actual Aggregated,2026-08-17T13:35:39Z
2026-08-17T13:33:42Z,2026-08-17T15:33:42+0200,5bbffdc7-c3ab-4a18-a8bf-cc7d933ae677,2026-07-21T05:00:00Z,2026-07-21T07:00:00+0200,702.7,MW,FR,FR,actual_offshore_wind_generation,Wind Offshore | Actual Aggregated,2026-08-17T13:35:39Z
2026-08-17T13:33:42Z,2026-08-17T15:33:42+0200,5bbffdc7-c3ab-4a18-a8bf-cc7d933ae677,2026-07-21T05:15:00Z,2026-07-21T07:15:00+0200,803.74,MW,FR,FR,actual_offshore_wind_generation,Wind Offshore | Actual Aggregated,2026-08-17T13:35:39Z
2026-08-17T13:33:42Z,2026-08-17T15:33:42+0200,5bbffdc7-c3ab-4a18-a8bf-cc7d933ae677,2026-07-21T05:30:00Z,2026-07-21T07:30:00+0200,788.75,MW,FR,FR,actual_offshore_wind_generation,Wind Offshore | Actual Aggregated,2026-08-17T13:35:39Z
2026-08-17T13:33:42Z,2026-08-17T15:33:42+0200,5bbffdc7-c3ab-4a18-a8bf-cc7d933ae677,2026-07-21T05:45:00Z,2026-07-21T07:45:00+0200,709.31,MW,FR,FR,actual_offshore_wind_generation,Wind Offshore | Actual Aggregated,2026-08-17T13:35:39Z
2026-08-17T13:33:42Z,2026-08-17T15:33:42+0200,5bbffdc7-c3ab-4a18-a8bf-cc7d933ae677,2026-07-21T06:00:00Z,2026-07-21T08:00:00+0200,697.52,MW,FR,FR,actual_offshore_wind_generation,Wind Offshore | Actual Aggregated,2026-08-17T13:35:39Z
2026-08-17T13:33:42Z,2026-08-17T15:33:42+0200,5bbffdc7-c3ab-4a18-a8bf-cc7d933ae677,2026-07-21T06:15:00Z,2026-07-21T08:15:00+0200,684.54,MW,FR,FR,actual_offshore_wind_generation,Wind Offshore | Actual Aggregated,2026-08-17T13:35:39Z
2026-08-17T13:33:42Z,2026-08-17T15:33:42+0200,5bbffdc7-c3ab-4a18-a8bf-cc7d933ae677,2026-07-21T06:30:00Z,2026-07-21T08:30:00+0200,655.01,MW,FR,FR,actual_offshore_wind_generation,Wind Offshore | Actual Aggregated,2026-08-17T13:35:39Z
2026-08-17T13:33:42Z,2026-08-17T15:33:42+0200,5bbffdc7-c3ab-4a18-a8bf-cc7d933ae677,2026-07-21T06:45:00Z,2026-07-21T08:45:00+0200,606.64,MW,FR,FR,actual_offshore_wind_generation,Wind Offshore | Actual Aggregated,2026-08-17T13:35:39Z
2026-08-17T13:33:42Z,2026-08-17T15:33:42+0200,5bbffdc7-c3ab-4a18-a8bf-cc7d933ae677,2026-07-21T07:00:00Z,2026-07-21T09:00:00+0200,601.24,MW,FR,FR,actual_offshore_wind_generation,Wind Offshore | Actual Aggregated,2026-08-17T13:35:39Z
2026-08-17T13:33:42Z,2026-08-17T15:33:42+0200,5bbffdc7-c3ab-4a18-a8bf-cc7d933ae677,2026-07-21T07:15:00Z,2026-07-21T09:15:00+0200,620.42,MW,FR,FR,actual_offshore_wind_generation,Wind Offshore | Actual Aggregated,2026-08-17T13:35:39Z
2026-08-17T13:33:42Z,2026-08-17T15:33:42+0200,5bbffdc7-c3ab-4a18-a8bf-cc7d933ae677,2026-07-21T07:30:00Z,2026-07-21T09:30:00+0200,605.38,MW,FR,FR,actual_offshore_wind_generation,Wind Offshore | Actual Aggregated,2026-08-17T13:35:39Z
2026-08-17T13:33:42Z,2026-08-17T15:33:42+0200,5bbffdc7-c3ab-4a18-a8bf-cc7d933ae677,2026-07-21T07:45:00Z,2026-07-21T09:45:00+0200,618.86,MW,FR,FR,actual_offshore_wind_generation,Wind Offshore | Actual Aggregated,2026-08-17T13:35:39Z
2026-08-17T13:33:42Z,2026-08-17T15:33:42+0200,5bbffdc7-c3ab-4a18-a8bf-cc7d933ae677,2026-07-21T08:00:00Z,2026-07-21T10:00:00+0200,625.25,MW,FR,FR,actual_offshore_wind_generation,Wind Offshore | Actual Aggregated,2026-08-17T13:35:39Z
2026-08-17T13:33:42Z,2026-08-17T15:33:42+0200,5bbffdc7-c3ab-4a18-a8bf-cc7d933ae677,2026-07-21T08:15:00Z,2026-07-21T10:15:00+0200,618.68,MW,FR,FR,actual_offshore_wind_generation,Wind Offshore | Actual Aggregated,2026-08-17T13:35:39Z
2026-08-17T13:33:42Z,2026-08-17T15:33:42+0200,5bbffdc7-c3ab-4a18-a8bf-cc7d933ae677,2026-07-21T08:30:00Z,2026-07-21T10:30:00+0200,638.55,MW,FR,FR,actual_offshore_wind_generation,Wind Offshore | Actual Aggregated,2026-08-17T13:35:39Z
2026-08-17T13:33:42Z,2026-08-17T15:33:42+0200,5bbffdc7-c3ab-4a18-a8bf-cc7d933ae677,2026-07-21T08:45:00Z,2026-07-21T10:45:00+0200,619.2,MW,FR,FR,actual_offshore_wind_generation,Wind Offshore | Actual Aggregated,2026-08-17T13:35:39Z
2026-08-17T13:33:42Z,2026-08-17T15:33:42+0200,5bbffdc7-c3ab-4a18-a8bf-cc7d933ae677,2026-07-21T09:00:00Z,2026-07-21T11:00:00+0200,581.47,MW,FR,FR,actual_offshore_wind_generation,Wind Offshore | Actual Aggregated,2026-08-17T13:35:39Z
2026-08-17T13:33:42Z,2026-08-17T15:33:42+0200,5bbffdc7-c3ab-4a18-a8bf-cc7d933ae677,2026-07-21T09:15:00Z,2026-07-21T11:15:00+0200,575.63,MW,FR,FR,actual_offshore_wind_generation,Wind Offshore | Actual Aggregated,2026-08-17T13:35:39Z
2026-08-17T13:33:42Z,2026-08-17T15:33:42+0200,5bbffdc7-c3ab-4a18-a8bf-cc7d933ae677,2026-07-21T09:30:00Z,2026-07-21T11:30:00+0200,580.86,MW,FR,FR,actual_offshore_wind_generation,Wind Offshore | Actual Aggregated,2026-08-17T13:35:39Z
2026-08-17T13:33:42Z,2026-08-17T15:33:42+0200,5bbffdc7-c3ab-4a18-a8bf-cc7d933ae677,2026-07-21T09:45:00Z,2026-07-21T11:45:00+0200,567.6,MW,FR,FR,actual_offshore_wind_generation,Wind Offshore | Actual Aggregated,2026-08-17T13:35:39Z
2026-08-17T13:33:42Z,2026-08-17T15:33:42+0200,5bbffdc7-c3ab-4a18-a8bf-cc7d933ae677,2026-07-21T10:00:00Z,2026-07-21T12:00:00+0200,497.45,MW,FR,FR,actual_offshore_wind_generation,Wind Offshore | Actual Aggregated,2026-08-17T13:35:39Z
2026-08-17T13:33:42Z,2026-08-17T15:33:42+0200,5bbffdc7-c3ab-4a18-a8bf-cc7d933ae677,2026-07-21T10:15:00Z,2026-07-21T12:15:00+0200,422.45,MW,FR,FR,actual_offshore_wind_generation,Wind Offshore | Actual Aggregated,2026-08-17T13:35:39Z
2026-08-17T13:33:42Z,2026-08-17T15:33:42+0200,5bbffdc7-c3ab-4a18-a8bf-cc7d933ae677,2026-07-21T10:30:00Z,2026-07-21T12:30:00+0200,407.92,MW,FR,FR,actual_offshore_wind_generation,Wind Offshore | Actual Aggregated,2026-08-17T13:35:39Z
2026-08-17T13:33:42Z,2026-08-17T15:33:42+0200,5bbffdc7-c3ab-4a18-a8bf-cc7d933ae677,2026-07-21T10:45:00Z,2026-07-21T12:45:00+0200,382.49,MW,FR,FR,actual_offshore_wind_generation,Wind Offshore | Actual Aggregated,2026-08-17T13:35:39Z
2026-08-17T13:33:42Z,2026-08-17T15:33:42+0200,5bbffdc7-c3ab-4a18-a8bf-cc7d933ae677,2026-07-21T11:00:00Z,2026-07-21T13:00:00+0200,349.81,MW,FR,FR,actual_offshore_wind_generation,Wind Offshore | Actual Aggregated,2026-08-17T13:35:39Z
2026-08-17T13:33:42Z,2026-08-17T15:33:42+0200,5bbffdc7-c3ab-4a18-a8bf-cc7d933ae677,2026-07-21T11:15:00Z,2026-07-21T13:15:00+0200,196.44,MW,FR,FR,actual_offshore_wind_generation,Wind Offshore | Actual Aggregated,2026-08-17T13:35:39Z
2026-08-17T13:33:42Z,2026-08-17T15:33:42+0200,5bbffdc7-c3ab-4a18-a8bf-cc7d933ae677,2026-07-21T11:30:00Z,2026-07-21T13:30:00+0200,213.2,MW,FR,FR,actual_offshore_wind_generation,Wind Offshore | Actual Aggregated,2026-08-17T13:35:39Z
2026-08-17T13:33:42Z,2026-08-17T15:33:42+0200,5bbffdc7-c3ab-4a18-a8bf-cc7d933ae677,2026-07-21T11:45:00Z,2026-07-21T13:45:00+0200,281.8,MW,FR,FR,actual_offshore_wind_generation,Wind Offshore | Actual Aggregated,2026-08-17T13:35:39Z
2026-08-17T13:33:42Z,2026-08-17T15:33:42+0200,5bbffdc7-c3ab-4a18-a8bf-cc7d933ae677,2026-07-21T12:00:00Z,2026-07-21T14:00:00+0200,373.45,MW,FR,FR,actual_offshore_wind_generation,Wind Offshore | Actual Aggregated,2026-08-17T13:35:39Z
2026-08-17T13:33:42Z,2026-08-17T15:33:42+0200,5bbffdc7-c3ab-4a18-a8bf-cc7d933ae677,2026-07-21T12:15:00Z,2026-07-21T14:15:00+0200,390.02,MW,FR,FR,actual_offshore_wind_generation,Wind Offshore | Actual Aggregated,2026-08-17T13:35:39Z
2026-08-17T13:33:42Z,2026-08-17T15:33:42+0200,5bbffdc7-c3ab-4a18-a8bf-cc7d933ae677,2026-07-21T12:30:00Z,2026-07-21T14:30:00+0200,387.83,MW,FR,FR,actual_offshore_wind_generation,Wind Offshore | Actual Aggregated,2026-08-17T13:35:39Z
2026-08-17T13:33:42Z,2026-08-17T15:33:42+0200,5bbffdc7-c3ab-4a18-a8bf-cc7d933ae677,2026-07-21T12:45:00Z,2026-07-21T14:45:00+0200,401.63,MW,FR,FR,actual_offshore_wind_generation,Wind Offshore | Actual Aggregated,2026-08-17T13:35:39Z
2026-08-17T13:33:42Z,2026-08-17T15:33:42+0200,5bbffdc7-c3ab-4a18-a8bf-cc7d933ae677,2026-07-21T13:00:00Z,2026-07-21T15:00:00+0200,402.21,MW,FR,FR,actual_offshore_wind_generation,Wind Offshore | Actual Aggregated,2026-08-17T13:35:39Z
2026-08-17T13:33:42Z,2026-08-17T15:33:42+0200,5bbffdc7-c3ab-4a18-a8bf-cc7d933ae677,2026-07-21T13:15:00Z,2026-07-21T15:15:00+0200,406.12,MW,FR,FR,actual_offshore_wind_generation,Wind Offshore | Actual Aggregated,2026-08-17T13:35:39Z
2026-08-17T13:33:42Z,2026-08-17T15:33:42+0200,5bbffdc7-c3ab-4a18-a8bf-cc7d933ae677,2026-07-21T13:30:00Z,2026-07-21T15:30:00+0200,397.01,MW,FR,FR,actual_offshore_wind_generation,Wind Offshore | Actual Aggregated,2026-08-17T13:35:39Z
2026-08-17T13:33:42Z,2026-08-17T15:33:42+0200,5bbffdc7-c3ab-4a18-a8bf-cc7d933ae677,2026-07-21T13:45:00Z,2026-07-21T15:45:00+0200,399.89,MW,FR,FR,actual_offshore_wind_generation,Wind Offshore | Actual Aggregated,2026-08-17T13:35:39Z
2026-08-17T13:33:42Z,2026-08-17T15:33:42+0200,5bbffdc7-c3ab-4a18-a8bf-cc7d933ae677,2026-07-21T14:00:00Z,2026-07-21T16:00:00+0200,408.53,MW,FR,FR,actual_offshore_wind_generation,Wind Offshore | Actual Aggregated,2026-08-17T13:35:39Z
2026-08-17T13:33:42Z,2026-08-17T15:33:42+0200,5bbffdc7-c3ab-4a18-a8bf-cc7d933ae677,2026-07-21T14:15:00Z,2026-07-21T16:15:00+0200,403.03,MW,FR,FR,actual_offshore_wind_generation,Wind Offshore | Actual Aggregated,2026-08-17T13:35:39Z
2026-08-17T13:33:42Z,2026-08-17T15:33:42+0200,5bbffdc7-c3ab-4a18-a8bf-cc7d933ae677,2026-07-21T14:30:00Z,2026-07-21T16:30:00+0200,394.66,MW,FR,FR,actual_offshore_wind_generation,Wind Offshore | Actual Aggregated,2026-08-17T13:35:39Z
2026-08-17T13:33:42Z,2026-08-17T15:33:42+0200,5bbffdc7-c3ab-4a18-a8bf-cc7d933ae677,2026-07-21T14:45:00Z,2026-07-21T16:45:00+0200,384.19,MW,FR,FR,actual_offshore_wind_generation,Wind Offshore | Actual Aggregated,2026-08-17T13:35:39Z
2026-08-17T13:33:42Z,2026-08-17T15:33:42+0200,5bbffdc7-c3ab-4a18-a8bf-cc7d933ae677,2026-07-21T15:00:00Z,2026-07-21T17:00:00+0200,386.21,MW,FR,FR,actual_offshore_wind_generation,Wind Offshore | Actual Aggregated,2026-08-17T13:35:39Z
2026-08-17T13:33:42Z,2026-08-17T15:33:42+0200,5bbffdc7-c3ab-4a18-a8bf-cc7d933ae677,2026-07-21T15:15:00Z,2026-07-21T17:15:00+0200,373.71,MW,FR,FR,actual_offshore_wind_generation,Wind Offshore | Actual Aggregated,2026-08-17T13:35:39Z
2026-08-17T13:33:42Z,2026-08-17T15:33:42+0200,5bbffdc7-c3ab-4a18-a8bf-cc7d933ae677,2026-07-21T15:30:00Z,2026-07-21T17:30:00+0200,409.26,MW,FR,FR,actual_offshore_wind_generation,Wind Offshore | Actual Aggregated,2026-08-17T13:35:39Z
2026-08-17T13:33:42Z,2026-08-17T15:33:42+0200,5bbffdc7-c3ab-4a18-a8bf-cc7d933ae677,2026-07-21T15:45:00Z,2026-07-21T17:45:00+0200,448.09,MW,FR,FR,actual_offshore_wind_generation,Wind Offshore | Actual Aggregated,2026-08-17T13:35:39Z
2026-08-17T13:33:42Z,2026-08-17T15:33:42+0200,5bbffdc7-c3ab-4a18-a8bf-cc7d933ae677,2026-07-21T16:00:00Z,2026-07-21T18:00:00+0200,507.93,MW,FR,FR,actual_offshore_wind_generation,Wind Offshore | Actual Aggregated,2026-08-17T13:35:39Z
2026-08-17T13:33:42Z,2026-08-17T15:33:42+0200,5bbffdc7-c3ab-4a18-a8bf-cc7d933ae677,2026-07-21T16:15:00Z,2026-07-21T18:15:00+0200,546.32,MW,FR,FR,actual_offshore_wind_generation,Wind Offshore | Actual Aggregated,2026-08-17T13:35:39Z
2026-08-17T13:33:42Z,2026-08-17T15:33:42+0200,5bbffdc7-c3ab-4a18-a8bf-cc7d933ae677,2026-07-21T16:30:00Z,2026-07-21T18:30:00+0200,529.82,MW,FR,FR,actual_offshore_wind_generation,Wind Offshore | Actual Aggregated,2026-08-17T13:35:39Z
2026-08-17T13:33:42Z,2026-08-17T15:33:42+0200,5bbffdc7-c3ab-4a18-a8bf-cc7d933ae677,2026-07-21T16:45:00Z,2026-07-21T18:45:00+0200,536.28,MW,FR,FR,actual_offshore_wind_generation,Wind Offshore | Actual Aggregated,2026-08-17T13:35:39Z
2026-08-17T13:33:42Z,2026-08-17T15:33:42+0200,5bbffdc7-c3ab-4a18-a8bf-cc7d933ae677,2026-07-21T17:00:00Z,2026-07-21T19:00:00+0200,586.64,MW,FR,FR,actual_offshore_wind_generation,Wind Offshore | Actual Aggregated,2026-08-17T13:35:39Z
2026-08-17T13:33:42Z,2026-08-17T15:33:42+0200,5bbffdc7-c3ab-4a18-a8bf-cc7d933ae677,2026-07-21T17:15:00Z,2026-07-21T19:15:00+0200,577.95,MW,FR,FR,actual_offshore_wind_generation,Wind Offshore | Actual Aggregated,2026-08-17T13:35:39Z
2026-08-17T13:33:42Z,2026-08-17T15:33:42+0200,5bbffdc7-c3ab-4a18-a8bf-cc7d933ae677,2026-07-21T17:30:00Z,2026-07-21T19:30:00+0200,568.27,MW,FR,FR,actual_offshore_wind_generation,Wind Offshore | Actual Aggregated,2026-08-17T13:35:39Z
2026-08-17T13:33:42Z,2026-08-17T15:33:42+0200,5bbffdc7-c3ab-4a18-a8bf-cc7d933ae677,2026-07-21T17:45:00Z,2026-07-21T19:45:00+0200,593.21,MW,FR,FR,actual_offshore_wind_generation,Wind Offshore | Actual Aggregated,2026-08-17T13:35:39Z
2026-08-17T13:33:42Z,2026-08-17T15:33:42+0200,5bbffdc7-c3ab-4a18-a8bf-cc7d933ae677,2026-07-21T18:00:00Z,2026-07-21T20:00:00+0200,600.34,MW,FR,FR,actual_offshore_wind_generation,Wind Offshore | Actual Aggregated,2026-08-17T13:35:39Z
2026-08-17T13:33:42Z,2026-08-17T15:33:42+0200,5bbffdc7-c3ab-4a18-a8bf-cc7d933ae677,2026-07-21T18:15:00Z,2026-07-21T20:15:00+0200,645.45,MW,FR,FR,actual_offshore_wind_generation,Wind Offshore | Actual Aggregated,2026-08-17T13:35:39Z
2026-08-17T13:33:42Z,2026-08-17T15:33:42+0200,5bbffdc7-c3ab-4a18-a8bf-cc7d933ae677,2026-07-21T18:30:00Z,2026-07-21T20:30:00+0200,675.62,MW,FR,FR,actual_offshore_wind_generation,Wind Offshore | Actual Aggregated,2026-08-17T13:35:39Z
2026-08-17T13:33:42Z,2026-08-17T15:33:42+0200,5bbffdc7-c3ab-4a18-a8bf-cc7d933ae677,2026-07-21T18:45:00Z,2026-07-21T20:45:00+0200,713.34,MW,FR,FR,actual_offshore_wind_generation,Wind Offshore | Actual Aggregated,2026-08-17T13:35:39Z
2026-08-17T13:33:42Z,2026-08-17T15:33:42+0200,5bbffdc7-c3ab-4a18-a8bf-cc7d933ae677,2026-07-21T19:00:00Z,2026-07-21T21:00:00+0200,813.44,MW,FR,FR,actual_offshore_wind_generation,Wind Offshore | Actual Aggregated,2026-08-17T13:35:39Z
2026-08-17T13:33:42Z,2026-08-17T15:33:42+0200,5bbffdc7-c3ab-4a18-a8bf-cc7d933ae677,2026-07-21T19:15:00Z,2026-07-21T21:15:00+0200,867.8,MW,FR,FR,actual_offshore_wind_generation,Wind Offshore | Actual Aggregated,2026-08-17T13:35:39Z
2026-08-17T13:33:42Z,2026-08-17T15:33:42+0200,5bbffdc7-c3ab-4a18-a8bf-cc7d933ae677,2026-07-21T19:30:00Z,2026-07-21T21:30:00+0200,870.28,MW,FR,FR,actual_offshore_wind_generation,Wind Offshore | Actual Aggregated,2026-08-17T13:35:39Z
2026-08-17T13:33:42Z,2026-08-17T15:33:42+0200,5bbffdc7-c3ab-4a18-a8bf-cc7d933ae677,2026-07-21T19:45:00Z,2026-07-21T21:45:00+0200,869.32,MW,FR,FR,actual_offshore_wind_generation,Wind Offshore | Actual Aggregated,2026-08-17T13:35:39Z
2026-08-17T13:33:42Z,2026-08-17T15:33:42+0200,5bbffdc7-c3ab-4a18-a8bf-cc7d933ae677,2026-07-21T20:00:00Z,2026-07-21T22:00:00+0200,880.39,MW,FR,FR,actual_offshore_wind_generation,Wind Offshore | Actual Aggregated,2026-08-17T13:35:39Z
2026-08-17T13:33:42Z,2026-08-17T15:33:42+0200,5bbffdc7-c3ab-4a18-a8bf-cc7d933ae677,2026-07-21T20:15:00Z,2026-07-21T22:15:00+0200,886.14,MW,FR,FR,actual_offshore_wind_generation,Wind Offshore | Actual Aggregated,2026-08-17T13:35:39Z
2026-08-17T13:33:42Z,2026-08-17T15:33:42+0200,5bbffdc7-c3ab-4a18-a8bf-cc7d933ae677,2026-07-21T20:30:00Z,2026-07-21T22:30:00+0200,916.74,MW,FR,FR,actual_offshore_wind_generation,Wind Offshore | Actual Aggregated,2026-08-17T13:35:39Z
2026-08-17T13:33:42Z,2026-08-17T15:33:42+0200,5bbffdc7-c3ab-4a18-a8bf-cc7d933ae677,2026-07-21T20:45:00Z,2026-07-21T22:45:00+0200,924.61,MW,FR,FR,actual_offshore_wind_generation,Wind Offshore | Actual Aggregated,2026-08-17T13:35:39Z
2026-08-17T13:33:42Z,2026-08-17T15:33:42+0200,5bbffdc7-c3ab-4a18-a8bf-cc7d933ae677,2026-07-21T21:00:00Z,2026-07-21T23:00:00+0200,926.91,MW,FR,FR,actual_offshore_wind_generation,Wind Offshore | Actual Aggregated,2026-08-17T13:35:39Z
2026-08-17T13:33:42Z,2026-08-17T15:33:42+0200,5bbffdc7-c3ab-4a18-a8bf-cc7d933ae677,2026-07-21T21:15:00Z,2026-07-21T23:15:00+0200,940.67,MW,FR,FR,actual_offshore_wind_generation,Wind Offshore | Actual Aggregated,2026-08-17T13:35:39Z
2026-08-17T13:33:42Z,2026-08-17T15:33:42+0200,5bbffdc7-c3ab-4a18-a8bf-cc7d933ae677,2026-07-21T21:30:00Z,2026-07-21T23:30:00+0200,942.11,MW,FR,FR,actual_offshore_wind_generation,Wind Offshore | Actual Aggregated,2026-08-17T13:35:39Z
2026-08-17T13:33:42Z,2026-08-17T15:33:42+0200,5bbffdc7-c3ab-4a18-a8bf-cc7d933ae677,2026-07-21T21:45:00Z,2026-07-21T23:45:00+0200,931.88,MW,FR,FR,actual_offshore_wind_generation,Wind Offshore | Actual Aggregated,2026-08-17T13:35:39Z
2026-08-17T13:33:42Z,2026-08-17T15:33:42+0200,5bbffdc7-c3ab-4a18-a8bf-cc7d933ae677,2026-07-21T22:00:00Z,2026-07-22T00:00:00+0200,921.38,MW,FR,FR,actual_offshore_wind_generation,Wind Offshore | Actual Aggregated,2026-08-17T13:35:39Z
2026-08-17T13:33:42Z,2026-08-17T15:33:42+0200,5bbffdc7-c3ab-4a18-a8bf-cc7d933ae677,2026-07-21T22:15:00Z,2026-07-22T00:15:00+0200,893.7,MW,FR,FR,actual_offshore_wind_generation,Wind Offshore | Actual Aggregated,2026-08-17T13:35:39Z
2026-08-17T13:33:42Z,2026-08-17T15:33:42+0200,5bbffdc7-c3ab-4a18-a8bf-cc7d933ae677,2026-07-21T22:30:00Z,2026-07-22T00:30:00+0200,872.31,MW,FR,FR,actual_offshore_wind_generation,Wind Offshore | Actual Aggregated,2026-08-17T13:35:39Z
2026-08-17T13:33:42Z,2026-08-17T15:33:42+0200,5bbffdc7-c3ab-4a18-a8bf-cc7d933ae677,2026-07-21T22:45:00Z,2026-07-22T00:45:00+0200,870.81,MW,FR,FR,actual_offshore_wind_generation,Wind Offshore | Actual Aggregated,2026-08-17T13:35:39Z
2026-08-17T13:33:42Z,2026-08-17T15:33:42+0200,5bbffdc7-c3ab-4a18-a8bf-cc7d933ae677,2026-07-21T23:00:00Z,2026-07-22T01:00:00+0200,862.83,MW,FR,FR,actual_offshore_wind_generation,Wind Offshore | Actual Aggregated,2026-08-17T13:35:39Z
2026-08-17T13:33:42Z,2026-08-17T15:33:42+0200,5bbffdc7-c3ab-4a18-a8bf-cc7d933ae677,2026-07-21T23:15:00Z,2026-07-22T01:15:00+0200,857.56,MW,FR,FR,actual_offshore_wind_generation,Wind Offshore | Actual Aggregated,2026-08-17T13:35:39Z
2026-08-17T13:33:42Z,2026-08-17T15:33:42+0200,5bbffdc7-c3ab-4a18-a8bf-cc7d933ae677,2026-07-21T23:30:00Z,2026-07-22T01:30:00+0200,859.76,MW,FR,FR,actual_offshore_wind_generation,Wind Offshore | Actual Aggregated,2026-08-17T13:35:39Z
2026-08-17T13:33:42Z,2026-08-17T15:33:42+0200,5bbffdc7-c3ab-4a18-a8bf-cc7d933ae677,2026-07-21T23:45:00Z,2026-07-22T01:45:00+0200,850.45,MW,FR,FR,actual_offshore_wind_generation,Wind Offshore | Actual Aggregated,2026-08-17T13:35:39Z
2026-08-17T13:33:42Z,2026-08-17T15:33:42+0200,5bbffdc7-c3ab-4a18-a8bf-cc7d933ae677,2026-07-22T00:00:00Z,2026-07-22T02:00:00+0200,818.69,MW,FR,FR,actual_offshore_wind_generation,Wind Offshore | Actual Aggregated,2026-08-17T13:35:39Z
2026-08-17T13:33:42Z,2026-08-17T15:33:42+0200,5bbffdc7-c3ab-4a18-a8bf-cc7d933ae677,2026-07-22T00:15:00Z,2026-07-22T02:15:00+0200,769.81,MW,FR,FR,actual_offshore_wind_generation,Wind Offshore | Actual Aggregated,2026-08-17T13:35:39Z
2026-08-17T13:33:42Z,2026-08-17T15:33:42+0200,5bbffdc7-c3ab-4a18-a8bf-cc7d933ae677,2026-07-22T00:30:00Z,2026-07-22T02:30:00+0200,720.72,MW,FR,FR,actual_offshore_wind_generation,Wind Offshore | Actual Aggregated,2026-08-17T13:35:39Z
2026-08-17T13:33:42Z,2026-08-17T15:33:42+0200,5bbffdc7-c3ab-4a18-a8bf-cc7d933ae677,2026-07-22T00:45:00Z,2026-07-22T02:45:00+0200,678.37,MW,FR,FR,actual_offshore_wind_generation,Wind Offshore | Actual Aggregated,2026-08-17T13:35:39Z
2026-08-17T13:33:42Z,2026-08-17T15:33:42+0200,5bbffdc7-c3ab-4a18-a8bf-cc7d933ae677,2026-07-22T01:00:00Z,2026-07-22T03:00:00+0200,650.02,MW,FR,FR,actual_offshore_wind_generation,Wind Offshore | Actual Aggregated,2026-08-17T13:35:39Z
2026-08-17T13:33:42Z,2026-08-17T15:33:42+0200,5bbffdc7-c3ab-4a18-a8bf-cc7d933ae677,2026-07-22T01:15:00Z,2026-07-22T03:15:00+0200,596.71,MW,FR,FR,actual_offshore_wind_generation,Wind Offshore | Actual Aggregated,2026-08-17T13:35:39Z
2026-08-17T13:33:42Z,2026-08-17T15:33:42+0200,5bbffdc7-c3ab-4a18-a8bf-cc7d933ae677,2026-07-22T01:30:00Z,2026-07-22T03:30:00+0200,548.55,MW,FR,FR,actual_offshore_wind_generation,Wind Offshore | Actual Aggregated,2026-08-17T13:35:39Z
2026-08-17T13:33:42Z,2026-08-17T15:33:42+0200,5bbffdc7-c3ab-4a18-a8bf-cc7d933ae677,2026-07-22T01:45:00Z,2026-07-22T03:45:00+0200,526.1,MW,FR,FR,actual_offshore_wind_generation,Wind Offshore | Actual Aggregated,2026-08-17T13:35:39Z
2026-08-17T13:33:42Z,2026-08-17T15:33:42+0200,5bbffdc7-c3ab-4a18-a8bf-cc7d933ae677,2026-07-22T02:00:00Z,2026-07-22T04:00:00+0200,540.81,MW,FR,FR,actual_offshore_wind_generation,Wind Offshore | Actual Aggregated,2026-08-17T13:35:39Z
2026-08-17T13:33:42Z,2026-08-17T15:33:42+0200,5bbffdc7-c3ab-4a18-a8bf-cc7d933ae677,2026-07-22T02:15:00Z,2026-07-22T04:15:00+0200,545.76,MW,FR,FR,actual_offshore_wind_generation,Wind Offshore | Actual Aggregated,2026-08-17T13:35:39Z
2026-08-17T13:33:42Z,2026-08-17T15:33:42+0200,5bbffdc7-c3ab-4a18-a8bf-cc7d933ae677,2026-07-22T02:30:00Z,2026-07-22T04:30:00+0200,549.06,MW,FR,FR,actual_offshore_wind_generation,Wind Offshore | Actual Aggregated,2026-08-17T13:35:39Z
2026-08-17T13:33:42Z,2026-08-17T15:33:42+0200,5bbffdc7-c3ab-4a18-a8bf-cc7d933ae677,2026-07-22T02:45:00Z,2026-07-22T04:45:00+0200,567.62,MW,FR,FR,actual_offshore_wind_generation,Wind Offshore | Actual Aggregated,2026-08-17T13:35:39Z
2026-08-17T13:33:42Z,2026-08-17T15:33:42+0200,5bbffdc7-c3ab-4a18-a8bf-cc7d933ae677,2026-07-22T03:00:00Z,2026-07-22T05:00:00+0200,579.04,MW,FR,FR,actual_offshore_wind_generation,Wind Offshore | Actual Aggregated,2026-08-17T13:35:39Z
2026-08-17T13:33:42Z,2026-08-17T15:33:42+0200,5bbffdc7-c3ab-4a18-a8bf-cc7d933ae677,2026-07-22T03:15:00Z,2026-07-22T05:15:00+0200,582.89,MW,FR,FR,actual_offshore_wind_generation,Wind Offshore | Actual Aggregated,2026-08-17T13:35:39Z
2026-08-17T13:33:42Z,2026-08-17T15:33:42+0200,5bbffdc7-c3ab-4a18-a8bf-cc7d933ae677,2026-07-22T03:30:00Z,2026-07-22T05:30:00+0200,578.75,MW,FR,FR,actual_offshore_wind_generation,Wind Offshore | Actual Aggregated,2026-08-17T13:35:39Z
2026-08-17T13:33:42Z,2026-08-17T15:33:42+0200,5bbffdc7-c3ab-4a18-a8bf-cc7d933ae677,2026-07-22T03:45:00Z,2026-07-22T05:45:00+0200,547.79,MW,FR,FR,actual_offshore_wind_generation,Wind Offshore | Actual Aggregated,2026-08-17T13:35:39Z
2026-08-17T13:33:42Z,2026-08-17T15:33:42+0200,5bbffdc7-c3ab-4a18-a8bf-cc7d933ae677,2026-07-22T04:00:00Z,2026-07-22T06:00:00+0200,490.35,MW,FR,FR,actual_offshore_wind_generation,Wind Offshore | Actual Aggregated,2026-08-17T13:35:39Z
2026-08-17T13:33:42Z,2026-08-17T15:33:42+0200,5bbffdc7-c3ab-4a18-a8bf-cc7d933ae677,2026-07-22T04:15:00Z,2026-07-22T06:15:00+0200,455.72,MW,FR,FR,actual_offshore_wind_generation,Wind Offshore | Actual Aggregated,2026-08-17T13:35:39Z
2026-08-17T13:33:42Z,2026-08-17T15:33:42+0200,5bbffdc7-c3ab-4a18-a8bf-cc7d933ae677,2026-07-22T04:30:00Z,2026-07-22T06:30:00+0200,457.76,MW,FR,FR,actual_offshore_wind_generation,Wind Offshore | Actual Aggregated,2026-08-17T13:35:39Z
2026-08-17T13:33:42Z,2026-08-17T15:33:42+0200,5bbffdc7-c3ab-4a18-a8bf-cc7d933ae677,2026-07-22T04:45:00Z,2026-07-22T06:45:00+0200,445.24,MW,FR,FR,actual_offshore_wind_generation,Wind Offshore | Actual Aggregated,2026-08-17T13:35:39Z
2026-08-17T13:33:42Z,2026-08-17T15:33:42+0200,5bbffdc7-c3ab-4a18-a8bf-cc7d933ae677,2026-07-22T05:00:00Z,2026-07-22T07:00:00+0200,443.27,MW,FR,FR,actual_offshore_wind_generation,Wind Offshore | Actual Aggregated,2026-08-17T13:35:39Z
2026-08-17T13:33:42Z,2026-08-17T15:33:42+0200,5bbffdc7-c3ab-4a18-a8bf-cc7d933ae677,2026-07-22T05:15:00Z,2026-07-22T07:15:00+0200,468.67,MW,FR,FR,actual_offshore_wind_generation,Wind Offshore | Actual Aggregated,2026-08-17T13:35:39Z
2026-08-17T13:33:42Z,2026-08-17T15:33:42+0200,5bbffdc7-c3ab-4a18-a8bf-cc7d933ae677,2026-07-22T05:30:00Z,2026-07-22T07:30:00+0200,465.96,MW,FR,FR,actual_offshore_wind_generation,Wind Offshore | Actual Aggregated,2026-08-17T13:35:39Z
2026-08-17T13:33:42Z,2026-08-17T15:33:42+0200,5bbffdc7-c3ab-4a18-a8bf-cc7d933ae677,2026-07-22T05:45:00Z,2026-07-22T07:45:00+0200,434.83,MW,FR,FR,actual_offshore_wind_generation,Wind Offshore | Actual Aggregated,2026-08-17T13:35:39Z
2026-08-17T13:33:42Z,2026-08-17T15:33:42+0200,5bbffdc7-c3ab-4a18-a8bf-cc7d933ae677,2026-07-22T06:00:00Z,2026-07-22T08:00:00+0200,406.11,MW,FR,FR,actual_offshore_wind_generation,Wind Offshore | Actual Aggregated,2026-08-17T13:35:39Z
2026-08-17T13:33:42Z,2026-08-17T15:33:42+0200,5bbffdc7-c3ab-4a18-a8bf-cc7d933ae677,2026-07-22T06:15:00Z,2026-07-22T08:15:00+0200,383.37,MW,FR,FR,actual_offshore_wind_generation,Wind Offshore | Actual Aggregated,2026-08-17T13:35:39Z
2026-08-17T13:33:42Z,2026-08-17T15:33:42+0200,5bbffdc7-c3ab-4a18-a8bf-cc7d933ae677,2026-07-22T06:30:00Z,2026-07-22T08:30:00+0200,360.4,MW,FR,FR,actual_offshore_wind_generation,Wind Offshore | Actual Aggregated,2026-08-17T13:35:39Z
2026-08-17T13:33:42Z,2026-08-17T15:33:42+0200,5bbffdc7-c3ab-4a18-a8bf-cc7d933ae677,2026-07-22T06:45:00Z,2026-07-22T08:45:00+0200,331.96,MW,FR,FR,actual_offshore_wind_generation,Wind Offshore | Actual Aggregated,2026-08-17T13:35:39Z
2026-08-17T13:33:42Z,2026-08-17T15:33:42+0200,5bbffdc7-c3ab-4a18-a8bf-cc7d933ae677,2026-07-22T07:00:00Z,2026-07-22T09:00:00+0200,293.47,MW,FR,FR,actual_offshore_wind_generation,Wind Offshore | Actual Aggregated,2026-08-17T13:35:39Z
2026-08-17T13:33:42Z,2026-08-17T15:33:42+0200,5bbffdc7-c3ab-4a18-a8bf-cc7d933ae677,2026-07-22T07:15:00Z,2026-07-22T09:15:00+0200,239.12,MW,FR,FR,actual_offshore_wind_generation,Wind Offshore | Actual Aggregated,2026-08-17T13:35:39Z
2026-08-17T13:33:42Z,2026-08-17T15:33:42+0200,5bbffdc7-c3ab-4a18-a8bf-cc7d933ae677,2026-07-22T07:30:00Z,2026-07-22T09:30:00+0200,204.39,MW,FR,FR,actual_offshore_wind_generation,Wind Offshore | Actual Aggregated,2026-08-17T13:35:39Z
2026-08-17T13:33:42Z,2026-08-17T15:33:42+0200,5bbffdc7-c3ab-4a18-a8bf-cc7d933ae677,2026-07-22T07:45:00Z,2026-07-22T09:45:00+0200,170.16,MW,FR,FR,actual_offshore_wind_generation,Wind Offshore | Actual Aggregated,2026-08-17T13:35:39Z
2026-08-17T13:33:42Z,2026-08-17T15:33:42+0200,5bbffdc7-c3ab-4a18-a8bf-cc7d933ae677,2026-07-22T08:00:00Z,2026-07-22T10:00:00+0200,152.62,MW,FR,FR,actual_offshore_wind_generation,Wind Offshore | Actual Aggregated,2026-08-17T13:35:39Z
2026-08-17T13:33:42Z,2026-08-17T15:33:42+0200,5bbffdc7-c3ab-4a18-a8bf-cc7d933ae677,2026-07-22T08:15:00Z,2026-07-22T10:15:00+0200,131.82,MW,FR,FR,actual_offshore_wind_generation,Wind Offshore | Actual Aggregated,2026-08-17T13:35:39Z
2026-08-17T13:33:42Z,2026-08-17T15:33:42+0200,5bbffdc7-c3ab-4a18-a8bf-cc7d933ae677,2026-07-22T08:30:00Z,2026-07-22T10:30:00+0200,108.48,MW,FR,FR,actual_offshore_wind_generation,Wind Offshore | Actual Aggregated,2026-08-17T13:35:39Z
2026-08-17T13:33:42Z,2026-08-17T15:33:42+0200,5bbffdc7-c3ab-4a18-a8bf-cc7d933ae677,2026-07-22T08:45:00Z,2026-07-22T10:45:00+0200,88.97,MW,FR,FR,actual_offshore_wind_generation,Wind Offshore | Actual Aggregated,2026-08-17T13:35:39Z
2026-08-17T13:33:42Z,2026-08-17T15:33:42+0200,5bbffdc7-c3ab-4a18-a8bf-cc7d933ae677,2026-07-22T09:00:00Z,2026-07-22T11:00:00+0200,78.53,MW,FR,FR,actual_offshore_wind_generation,Wind Offshore | Actual Aggregated,2026-08-17T13:35:39Z
2026-08-17T13:33:42Z,2026-08-17T15:33:42+0200,5bbffdc7-c3ab-4a18-a8bf-cc7d933ae677,2026-07-22T09:15:00Z,2026-07-22T11:15:00+0200,93.83,MW,FR,FR,actual_offshore_wind_generation,Wind Offshore | Actual Aggregated,2026-08-17T13:35:39Z
2026-08-17T13:33:42Z,2026-08-17T15:33:42+0200,5bbffdc7-c3ab-4a18-a8bf-cc7d933ae677,2026-07-22T09:30:00Z,2026-07-22T11:30:00+0200,100.89,MW,FR,FR,actual_offshore_wind_generation,Wind Offshore | Actual Aggregated,2026-08-17T13:35:39Z
2026-08-17T13:33:42Z,2026-08-17T15:33:42+0200,5bbffdc7-c3ab-4a18-a8bf-cc7d933ae677,2026-07-22T09:45:00Z,2026-07-22T11:45:00+0200,93.44,MW,FR,FR,actual_offshore_wind_generation,Wind Offshore | Actual Aggregated,2026-08-17T13:35:39Z
2026-08-17T13:33:42Z,2026-08-17T15:33:42+0200,5bbffdc7-c3ab-4a18-a8bf-cc7d933ae677,2026-07-22T10:00:00Z,2026-07-22T12:00:00+0200,88.46,MW,FR,FR,actual_offshore_wind_generation,Wind Offshore | Actual Aggregated,2026-08-17T13:35:39Z
2026-08-17T13:33:42Z,2026-08-17T15:33:42+0200,5bbffdc7-c3ab-4a18-a8bf-cc7d933ae677,2026-07-22T10:15:00Z,2026-07-22T12:15:00+0200,88.64,MW,FR,FR,actual_offshore_wind_generation,Wind Offshore | Actual Aggregated,2026-08-17T13:35:39Z
2026-08-17T13:33:42Z,2026-08-17T15:33:42+0200,5bbffdc7-c3ab-4a18-a8bf-cc7d933ae677,2026-07-22T10:30:00Z,2026-07-22T12:30:00+0200,85.25,MW,FR,FR,actual_offshore_wind_generation,Wind Offshore | Actual Aggregated,2026-08-17T13:35:39Z
2026-08-17T13:33:42Z,2026-08-17T15:33:42+0200,5bbffdc7-c3ab-4a18-a8bf-cc7d933ae677,2026-07-22T10:45:00Z,2026-07-22T12:45:00+0200,82.42,MW,FR,FR,actual_offshore_wind_generation,Wind Offshore | Actual Aggregated,2026-08-17T13:35:39Z
2026-08-17T13:33:42Z,2026-08-17T15:33:42+0200,5bbffdc7-c3ab-4a18-a8bf-cc7d933ae677,2026-07-22T11:00:00Z,2026-07-22T13:00:00+0200,75.97,MW,FR,FR,actual_offshore_wind_generation,Wind Offshore | Actual Aggregated,2026-08-17T13:35:39Z
2026-08-17T13:33:42Z,2026-08-17T15:33:42+0200,5bbffdc7-c3ab-4a18-a8bf-cc7d933ae677,2026-07-22T11:15:00Z,2026-07-22T13:15:00+0200,76.28,MW,FR,FR,actual_offshore_wind_generation,Wind Offshore | Actual Aggregated,2026-08-17T13:35:39Z
2026-08-17T13:33:42Z,2026-08-17T15:33:42+0200,5bbffdc7-c3ab-4a18-a8bf-cc7d933ae677,2026-07-22T11:30:00Z,2026-07-22T13:30:00+0200,72.79,MW,FR,FR,actual_offshore_wind_generation,Wind Offshore | Actual Aggregated,2026-08-17T13:35:39Z
2026-08-17T13:33:42Z,2026-08-17T15:33:42+0200,5bbffdc7-c3ab-4a18-a8bf-cc7d933ae677,2026-07-22T11:45:00Z,2026-07-22T13:45:00+0200,78.28,MW,FR,FR,actual_offshore_wind_generation,Wind Offshore | Actual Aggregated,2026-08-17T13:35:39Z
2026-08-17T13:33:42Z,2026-08-17T15:33:42+0200,5bbffdc7-c3ab-4a18-a8bf-cc7d933ae677,2026-07-22T12:00:00Z,2026-07-22T14:00:00+0200,89.83,MW,FR,FR,actual_offshore_wind_generation,Wind Offshore | Actual Aggregated,2026-08-17T13:35:39Z
2026-08-17T13:33:42Z,2026-08-17T15:33:42+0200,5bbffdc7-c3ab-4a18-a8bf-cc7d933ae677,2026-07-22T12:15:00Z,2026-07-22T14:15:00+0200,100.55,MW,FR,FR,actual_offshore_wind_generation,Wind Offshore | Actual Aggregated,2026-08-17T13:35:39Z
2026-08-17T13:33:42Z,2026-08-17T15:33:42+0200,5bbffdc7-c3ab-4a18-a8bf-cc7d933ae677,2026-07-22T12:30:00Z,2026-07-22T14:30:00+0200,113.17,MW,FR,FR,actual_offshore_wind_generation,Wind Offshore | Actual Aggregated,2026-08-17T13:35:39Z
2026-08-17T13:33:42Z,2026-08-17T15:33:42+0200,5bbffdc7-c3ab-4a18-a8bf-cc7d933ae677,2026-07-22T12:45:00Z,2026-07-22T14:45:00+0200,120.16,MW,FR,FR,actual_offshore_wind_generation,Wind Offshore | Actual Aggregated,2026-08-17T13:35:39Z
2026-08-17T13:33:42Z,2026-08-17T15:33:42+0200,5bbffdc7-c3ab-4a18-a8bf-cc7d933ae677,2026-07-22T13:00:00Z,2026-07-22T15:00:00+0200,125.02,MW,FR,FR,actual_offshore_wind_generation,Wind Offshore | Actual Aggregated,2026-08-17T13:35:39Z
2026-08-17T13:33:42Z,2026-08-17T15:33:42+0200,5bbffdc7-c3ab-4a18-a8bf-cc7d933ae677,2026-07-22T13:15:00Z,2026-07-22T15:15:00+0200,125.84,MW,FR,FR,actual_offshore_wind_generation,Wind Offshore | Actual Aggregated,2026-08-17T13:35:39Z
2026-08-17T13:33:42Z,2026-08-17T15:33:42+0200,5bbffdc7-c3ab-4a18-a8bf-cc7d933ae677,2026-07-22T13:30:00Z,2026-07-22T15:30:00+0200,134.26,MW,FR,FR,actual_offshore_wind_generation,Wind Offshore | Actual Aggregated,2026-08-17T13:35:39Z
2026-08-17T13:33:42Z,2026-08-17T15:33:42+0200,5bbffdc7-c3ab-4a18-a8bf-cc7d933ae677,2026-07-22T13:45:00Z,2026-07-22T15:45:00+0200,132.78,MW,FR,FR,actual_offshore_wind_generation,Wind Offshore | Actual Aggregated,2026-08-17T13:35:39Z
2026-08-17T13:33:42Z,2026-08-17T15:33:42+0200,5bbffdc7-c3ab-4a18-a8bf-cc7d933ae677,2026-07-22T14:00:00Z,2026-07-22T16:00:00+0200,143.15,MW,FR,FR,actual_offshore_wind_generation,Wind Offshore | Actual Aggregated,2026-08-17T13:35:39Z
2026-08-17T13:33:42Z,2026-08-17T15:33:42+0200,5bbffdc7-c3ab-4a18-a8bf-cc7d933ae677,2026-07-22T14:15:00Z,2026-07-22T16:15:00+0200,143.86,MW,FR,FR,actual_offshore_wind_generation,Wind Offshore | Actual Aggregated,2026-08-17T13:35:39Z
2026-08-17T13:33:42Z,2026-08-17T15:33:42+0200,5bbffdc7-c3ab-4a18-a8bf-cc7d933ae677,2026-07-22T14:30:00Z,2026-07-22T16:30:00+0200,121.01,MW,FR,FR,actual_offshore_wind_generation,Wind Offshore | Actual Aggregated,2026-08-17T13:35:39Z
2026-08-17T13:33:42Z,2026-08-17T15:33:42+0200,5bbffdc7-c3ab-4a18-a8bf-cc7d933ae677,2026-07-22T14:45:00Z,2026-07-22T16:45:00+0200,101.34,MW,FR,FR,actual_offshore_wind_generation,Wind Offshore | Actual Aggregated,2026-08-17T13:35:39Z
2026-08-17T13:33:42Z,2026-08-17T15:33:42+0200,5bbffdc7-c3ab-4a18-a8bf-cc7d933ae677,2026-07-22T15:00:00Z,2026-07-22T17:00:00+0200,117.91,MW,FR,FR,actual_offshore_wind_generation,Wind Offshore | Actual Aggregated,2026-08-17T13:35:39Z
2026-08-17T13:33:42Z,2026-08-17T15:33:42+0200,5bbffdc7-c3ab-4a18-a8bf-cc7d933ae677,2026-07-22T15:15:00Z,2026-07-22T17:15:00+0200,135.32,MW,FR,FR,actual_offshore_wind_generation,Wind Offshore | Actual Aggregated,2026-08-17T13:35:39Z
2026-08-17T13:33:42Z,2026-08-17T15:33:42+0200,5bbffdc7-c3ab-4a18-a8bf-cc7d933ae677,2026-07-22T15:30:00Z,2026-07-22T17:30:00+0200,155.38,MW,FR,FR,actual_offshore_wind_generation,Wind Offshore | Actual Aggregated,2026-08-17T13:35:39Z
2026-08-17T13:33:42Z,2026-08-17T15:33:42+0200,5bbffdc7-c3ab-4a18-a8bf-cc7d933ae677,2026-07-22T15:45:00Z,2026-07-22T17:45:00+0200,183.98,MW,FR,FR,actual_offshore_wind_generation,Wind Offshore | Actual Aggregated,2026-08-17T13:35:39Z
2026-08-17T13:33:42Z,2026-08-17T15:33:42+0200,5bbffdc7-c3ab-4a18-a8bf-cc7d933ae677,2026-07-22T16:00:00Z,2026-07-22T18:00:00+0200,307.05,MW,FR,FR,actual_offshore_wind_generation,Wind Offshore | Actual Aggregated,2026-08-17T13:35:39Z
2026-08-17T13:33:42Z,2026-08-17T15:33:42+0200,5bbffdc7-c3ab-4a18-a8bf-cc7d933ae677,2026-07-22T16:15:00Z,2026-07-22T18:15:00+0200,308.43,MW,FR,FR,actual_offshore_wind_generation,Wind Offshore | Actual Aggregated,2026-08-17T13:35:39Z
2026-08-17T13:33:42Z,2026-08-17T15:33:42+0200,5bbffdc7-c3ab-4a18-a8bf-cc7d933ae677,2026-07-22T16:30:00Z,2026-07-22T18:30:00+0200,331.99,MW,FR,FR,actual_offshore_wind_generation,Wind Offshore | Actual Aggregated,2026-08-17T13:35:39Z
2026-08-17T13:33:42Z,2026-08-17T15:33:42+0200,5bbffdc7-c3ab-4a18-a8bf-cc7d933ae677,2026-07-22T16:45:00Z,2026-07-22T18:45:00+0200,320.52,MW,FR,FR,actual_offshore_wind_generation,Wind Offshore | Actual Aggregated,2026-08-17T13:35:39Z
2026-08-17T13:33:42Z,2026-08-17T15:33:42+0200,5bbffdc7-c3ab-4a18-a8bf-cc7d933ae677,2026-07-22T17:00:00Z,2026-07-22T19:00:00+0200,296.02,MW,FR,FR,actual_offshore_wind_generation,Wind Offshore | Actual Aggregated,2026-08-17T13:35:39Z
2026-08-17T13:33:42Z,2026-08-17T15:33:42+0200,5bbffdc7-c3ab-4a18-a8bf-cc7d933ae677,2026-07-22T17:15:00Z,2026-07-22T19:15:00+0200,288.44,MW,FR,FR,actual_offshore_wind_generation,Wind Offshore | Actual Aggregated,2026-08-17T13:35:39Z
2026-08-17T13:33:42Z,2026-08-17T15:33:42+0200,5bbffdc7-c3ab-4a18-a8bf-cc7d933ae677,2026-07-22T17:30:00Z,2026-07-22T19:30:00+0200,290.32,MW,FR,FR,actual_offshore_wind_generation,Wind Offshore | Actual Aggregated,2026-08-17T13:35:39Z
2026-08-17T13:33:42Z,2026-08-17T15:33:42+0200,5bbffdc7-c3ab-4a18-a8bf-cc7d933ae677,2026-07-22T17:45:00Z,2026-07-22T19:45:00+0200,325.03,MW,FR,FR,actual_offshore_wind_generation,Wind Offshore | Actual Aggregated,2026-08-17T13:35:39Z
2026-08-17T13:33:42Z,2026-08-17T15:33:42+0200,5bbffdc7-c3ab-4a18-a8bf-cc7d933ae677,2026-07-22T18:00:00Z,2026-07-22T20:00:00+0200,330.82,MW,FR,FR,actual_offshore_wind_generation,Wind Offshore | Actual Aggregated,2026-08-17T13:35:39Z
2026-08-17T13:33:42Z,2026-08-17T15:33:42+0200,5bbffdc7-c3ab-4a18-a8bf-cc7d933ae677,2026-07-22T18:15:00Z,2026-07-22T20:15:00+0200,338.36,MW,FR,FR,actual_offshore_wind_generation,Wind Offshore | Actual Aggregated,2026-08-17T13:35:39Z
2026-08-17T13:33:42Z,2026-08-17T15:33:42+0200,5bbffdc7-c3ab-4a18-a8bf-cc7d933ae677,2026-07-22T18:30:00Z,2026-07-22T20:30:00+0200,372.13,MW,FR,FR,actual_offshore_wind_generation,Wind Offshore | Actual Aggregated,2026-08-17T13:35:39Z
2026-08-17T13:33:42Z,2026-08-17T15:33:42+0200,5bbffdc7-c3ab-4a18-a8bf-cc7d933ae677,2026-07-22T18:45:00Z,2026-07-22T20:45:00+0200,377.23,MW,FR,FR,actual_offshore_wind_generation,Wind Offshore | Actual Aggregated,2026-08-17T13:35:39Z
2026-08-17T13:33:42Z,2026-08-17T15:33:42+0200,5bbffdc7-c3ab-4a18-a8bf-cc7d933ae677,2026-07-22T19:00:00Z,2026-07-22T21:00:00+0200,351.15,MW,FR,FR,actual_offshore_wind_generation,Wind Offshore | Actual Aggregated,2026-08-17T13:35:39Z
2026-08-17T13:33:42Z,2026-08-17T15:33:42+0200,5bbffdc7-c3ab-4a18-a8bf-cc7d933ae677,2026-07-22T19:15:00Z,2026-07-22T21:15:00+0200,365.85,MW,FR,FR,actual_offshore_wind_generation,Wind Offshore | Actual Aggregated,2026-08-17T13:35:39Z
2026-08-17T13:33:42Z,2026-08-17T15:33:42+0200,5bbffdc7-c3ab-4a18-a8bf-cc7d933ae677,2026-07-22T19:30:00Z,2026-07-22T21:30:00+0200,391.94,MW,FR,FR,actual_offshore_wind_generation,Wind Offshore | Actual Aggregated,2026-08-17T13:35:39Z
2026-08-17T13:33:42Z,2026-08-17T15:33:42+0200,5bbffdc7-c3ab-4a18-a8bf-cc7d933ae677,2026-07-22T19:45:00Z,2026-07-22T21:45:00+0200,403.14,MW,FR,FR,actual_offshore_wind_generation,Wind Offshore | Actual Aggregated,2026-08-17T13:35:39Z
2026-08-17T13:33:42Z,2026-08-17T15:33:42+0200,5bbffdc7-c3ab-4a18-a8bf-cc7d933ae677,2026-07-22T20:00:00Z,2026-07-22T22:00:00+0200,394.03,MW,FR,FR,actual_offshore_wind_generation,Wind Offshore | Actual Aggregated,2026-08-17T13:35:39Z
2026-08-17T13:33:42Z,2026-08-17T15:33:42+0200,5bbffdc7-c3ab-4a18-a8bf-cc7d933ae677,2026-07-22T20:15:00Z,2026-07-22T22:15:00+0200,429.52,MW,FR,FR,actual_offshore_wind_generation,Wind Offshore | Actual Aggregated,2026-08-17T13:35:39Z
2026-08-17T13:33:42Z,2026-08-17T15:33:42+0200,5bbffdc7-c3ab-4a18-a8bf-cc7d933ae677,2026-07-22T20:30:00Z,2026-07-22T22:30:00+0200,466.79,MW,FR,FR,actual_offshore_wind_generation,Wind Offshore | Actual Aggregated,2026-08-17T13:35:39Z
2026-08-17T13:33:42Z,2026-08-17T15:33:42+0200,5bbffdc7-c3ab-4a18-a8bf-cc7d933ae677,2026-07-22T20:45:00Z,2026-07-22T22:45:00+0200,540.36,MW,FR,FR,actual_offshore_wind_generation,Wind Offshore | Actual Aggregated,2026-08-17T13:35:39Z
2026-08-17T13:33:42Z,2026-08-17T15:33:42+0200,5bbffdc7-c3ab-4a18-a8bf-cc7d933ae677,2026-07-22T21:00:00Z,2026-07-22T23:00:00+0200,583.45,MW,FR,FR,actual_offshore_wind_generation,Wind Offshore | Actual Aggregated,2026-08-17T13:35:39Z
2026-08-17T13:33:42Z,2026-08-17T15:33:42+0200,5bbffdc7-c3ab-4a18-a8bf-cc7d933ae677,2026-07-22T21:15:00Z,2026-07-22T23:15:00+0200,644.47,MW,FR,FR,actual_offshore_wind_generation,Wind Offshore | Actual Aggregated,2026-08-17T13:35:39Z
2026-08-17T13:33:42Z,2026-08-17T15:33:42+0200,5bbffdc7-c3ab-4a18-a8bf-cc7d933ae677,2026-07-22T21:30:00Z,2026-07-22T23:30:00+0200,701.65,MW,FR,FR,actual_offshore_wind_generation,Wind Offshore | Actual Aggregated,2026-08-17T13:35:39Z
2026-08-17T13:33:42Z,2026-08-17T15:33:42+0200,5bbffdc7-c3ab-4a18-a8bf-cc7d933ae677,2026-07-22T21:45:00Z,2026-07-22T23:45:00+0200,776.87,MW,FR,FR,actual_offshore_wind_generation,Wind Offshore | Actual Aggregated,2026-08-17T13:35:39Z
2026-08-17T13:33:42Z,2026-08-17T15:33:42+0200,5bbffdc7-c3ab-4a18-a8bf-cc7d933ae677,2026-07-22T22:00:00Z,2026-07-23T00:00:00+0200,857.63,MW,FR,FR,actual_offshore_wind_generation,Wind Offshore | Actual Aggregated,2026-08-17T13:35:39Z
2026-08-17T13:33:42Z,2026-08-17T15:33:42+0200,5bbffdc7-c3ab-4a18-a8bf-cc7d933ae677,2026-07-22T22:15:00Z,2026-07-23T00:15:00+0200,879.17,MW,FR,FR,actual_offshore_wind_generation,Wind Offshore | Actual Aggregated,2026-08-17T13:35:39Z
2026-08-17T13:33:42Z,2026-08-17T15:33:42+0200,5bbffdc7-c3ab-4a18-a8bf-cc7d933ae677,2026-07-22T22:30:00Z,2026-07-23T00:30:00+0200,851.36,MW,FR,FR,actual_offshore_wind_generation,Wind Offshore | Actual Aggregated,2026-08-17T13:35:39Z
2026-08-17T13:33:42Z,2026-08-17T15:33:42+0200,5bbffdc7-c3ab-4a18-a8bf-cc7d933ae677,2026-07-22T22:45:00Z,2026-07-23T00:45:00+0200,822.8,MW,FR,FR,actual_offshore_wind_generation,Wind Offshore | Actual Aggregated,2026-08-17T13:35:39Z
2026-08-17T13:33:42Z,2026-08-17T15:33:42+0200,5bbffdc7-c3ab-4a18-a8bf-cc7d933ae677,2026-07-22T23:00:00Z,2026-07-23T01:00:00+0200,830.9,MW,FR,FR,actual_offshore_wind_generation,Wind Offshore | Actual Aggregated,2026-08-17T13:35:39Z
2026-08-17T13:33:42Z,2026-08-17T15:33:42+0200,5bbffdc7-c3ab-4a18-a8bf-cc7d933ae677,2026-07-22T23:15:00Z,2026-07-23T01:15:00+0200,855.25,MW,FR,FR,actual_offshore_wind_generation,Wind Offshore | Actual Aggregated,2026-08-17T13:35:39Z
2026-08-17T13:33:42Z,2026-08-17T15:33:42+0200,5bbffdc7-c3ab-4a18-a8bf-cc7d933ae677,2026-07-22T23:30:00Z,2026-07-23T01:30:00+0200,877.16,MW,FR,FR,actual_offshore_wind_generation,Wind Offshore | Actual Aggregated,2026-08-17T13:35:39Z
2026-08-17T13:33:42Z,2026-08-17T15:33:42+0200,5bbffdc7-c3ab-4a18-a8bf-cc7d933ae677,2026-07-22T23:45:00Z,2026-07-23T01:45:00+0200,900.81,MW,FR,FR,actual_offshore_wind_generation,Wind Offshore | Actual Aggregated,2026-08-17T13:35:39Z
2026-08-17T13:33:42Z,2026-08-17T15:33:42+0200,5bbffdc7-c3ab-4a18-a8bf-cc7d933ae677,2026-07-23T00:00:00Z,2026-07-23T02:00:00+0200,928.78,MW,FR,FR,actual_offshore_wind_generation,Wind Offshore | Actual Aggregated,2026-08-17T13:35:39Z
2026-08-17T13:33:42Z,2026-08-17T15:33:42+0200,5bbffdc7-c3ab-4a18-a8bf-cc7d933ae677,2026-07-23T00:15:00Z,2026-07-23T02:15:00+0200,930.11,MW,FR,FR,actual_offshore_wind_generation,Wind Offshore | Actual Aggregated,2026-08-17T13:35:39Z
2026-08-17T13:33:42Z,2026-08-17T15:33:42+0200,5bbffdc7-c3ab-4a18-a8bf-cc7d933ae677,2026-07-23T00:30:00Z,2026-07-23T02:30:00+0200,886.62,MW,FR,FR,actual_offshore_wind_generation,Wind Offshore | Actual Aggregated,2026-08-17T13:35:39Z
2026-08-17T13:33:42Z,2026-08-17T15:33:42+0200,5bbffdc7-c3ab-4a18-a8bf-cc7d933ae677,2026-07-23T00:45:00Z,2026-07-23T02:45:00+0200,854.59,MW,FR,FR,actual_offshore_wind_generation,Wind Offshore | Actual Aggregated,2026-08-17T13:35:39Z
2026-08-17T13:33:42Z,2026-08-17T15:33:42+0200,5bbffdc7-c3ab-4a18-a8bf-cc7d933ae677,2026-07-23T01:00:00Z,2026-07-23T03:00:00+0200,830.29,MW,FR,FR,actual_offshore_wind_generation,Wind Offshore | Actual Aggregated,2026-08-17T13:35:39Z
2026-08-17T13:33:42Z,2026-08-17T15:33:42+0200,5bbffdc7-c3ab-4a18-a8bf-cc7d933ae677,2026-07-23T01:15:00Z,2026-07-23T03:15:00+0200,797.25,MW,FR,FR,actual_offshore_wind_generation,Wind Offshore | Actual Aggregated,2026-08-17T13:35:39Z
2026-08-17T13:33:42Z,2026-08-17T15:33:42+0200,5bbffdc7-c3ab-4a18-a8bf-cc7d933ae677,2026-07-23T01:30:00Z,2026-07-23T03:30:00+0200,804.43,MW,FR,FR,actual_offshore_wind_generation,Wind Offshore | Actual Aggregated,2026-08-17T13:35:39Z
2026-08-17T13:33:42Z,2026-08-17T15:33:42+0200,5bbffdc7-c3ab-4a18-a8bf-cc7d933ae677,2026-07-23T01:45:00Z,2026-07-23T03:45:00+0200,865.52,MW,FR,FR,actual_offshore_wind_generation,Wind Offshore | Actual Aggregated,2026-08-17T13:35:39Z
2026-08-17T13:33:42Z,2026-08-17T15:33:42+0200,5bbffdc7-c3ab-4a18-a8bf-cc7d933ae677,2026-07-23T02:00:00Z,2026-07-23T04:00:00+0200,866.3,MW,FR,FR,actual_offshore_wind_generation,Wind Offshore | Actual Aggregated,2026-08-17T13:35:39Z
2026-08-17T13:33:42Z,2026-08-17T15:33:42+0200,5bbffdc7-c3ab-4a18-a8bf-cc7d933ae677,2026-07-23T02:15:00Z,2026-07-23T04:15:00+0200,820.99,MW,FR,FR,actual_offshore_wind_generation,Wind Offshore | Actual Aggregated,2026-08-17T13:35:39Z
2026-08-17T13:33:42Z,2026-08-17T15:33:42+0200,5bbffdc7-c3ab-4a18-a8bf-cc7d933ae677,2026-07-23T02:30:00Z,2026-07-23T04:30:00+0200,774.5,MW,FR,FR,actual_offshore_wind_generation,Wind Offshore | Actual Aggregated,2026-08-17T13:35:39Z
2026-08-17T13:33:42Z,2026-08-17T15:33:42+0200,5bbffdc7-c3ab-4a18-a8bf-cc7d933ae677,2026-07-23T02:45:00Z,2026-07-23T04:45:00+0200,694.03,MW,FR,FR,actual_offshore_wind_generation,Wind Offshore | Actual Aggregated,2026-08-17T13:35:39Z
2026-08-17T13:33:42Z,2026-08-17T15:33:42+0200,5bbffdc7-c3ab-4a18-a8bf-cc7d933ae677,2026-07-23T03:00:00Z,2026-07-23T05:00:00+0200,638.01,MW,FR,FR,actual_offshore_wind_generation,Wind Offshore | Actual Aggregated,2026-08-17T13:35:39Z
2026-08-17T13:33:42Z,2026-08-17T15:33:42+0200,5bbffdc7-c3ab-4a18-a8bf-cc7d933ae677,2026-07-23T03:15:00Z,2026-07-23T05:15:00+0200,605.25,MW,FR,FR,actual_offshore_wind_generation,Wind Offshore | Actual Aggregated,2026-08-17T13:35:39Z
2026-08-17T13:33:42Z,2026-08-17T15:33:42+0200,5bbffdc7-c3ab-4a18-a8bf-cc7d933ae677,2026-07-23T03:30:00Z,2026-07-23T05:30:00+0200,604.35,MW,FR,FR,actual_offshore_wind_generation,Wind Offshore | Actual Aggregated,2026-08-17T13:35:39Z
2026-08-17T13:33:42Z,2026-08-17T15:33:42+0200,5bbffdc7-c3ab-4a18-a8bf-cc7d933ae677,2026-07-23T03:45:00Z,2026-07-23T05:45:00+0200,626.22,MW,FR,FR,actual_offshore_wind_generation,Wind Offshore | Actual Aggregated,2026-08-17T13:35:39Z
2026-08-17T13:33:42Z,2026-08-17T15:33:42+0200,5bbffdc7-c3ab-4a18-a8bf-cc7d933ae677,2026-07-23T04:00:00Z,2026-07-23T06:00:00+0200,625.22,MW,FR,FR,actual_offshore_wind_generation,Wind Offshore | Actual Aggregated,2026-08-17T13:35:39Z
2026-08-17T13:33:42Z,2026-08-17T15:33:42+0200,5bbffdc7-c3ab-4a18-a8bf-cc7d933ae677,2026-07-23T04:15:00Z,2026-07-23T06:15:00+0200,625.47,MW,FR,FR,actual_offshore_wind_generation,Wind Offshore | Actual Aggregated,2026-08-17T13:35:39Z
2026-08-17T13:33:42Z,2026-08-17T15:33:42+0200,5bbffdc7-c3ab-4a18-a8bf-cc7d933ae677,2026-07-23T04:30:00Z,2026-07-23T06:30:00+0200,556.44,MW,FR,FR,actual_offshore_wind_generation,Wind Offshore | Actual Aggregated,2026-08-17T13:35:39Z
2026-08-17T13:33:42Z,2026-08-17T15:33:42+0200,5bbffdc7-c3ab-4a18-a8bf-cc7d933ae677,2026-07-23T04:45:00Z,2026-07-23T06:45:00+0200,501.01,MW,FR,FR,actual_offshore_wind_generation,Wind Offshore | Actual Aggregated,2026-08-17T13:35:39Z
2026-08-17T13:33:42Z,2026-08-17T15:33:42+0200,5bbffdc7-c3ab-4a18-a8bf-cc7d933ae677,2026-07-23T05:00:00Z,2026-07-23T07:00:00+0200,472.68,MW,FR,FR,actual_offshore_wind_generation,Wind Offshore | Actual Aggregated,2026-08-17T13:35:39Z
2026-08-17T13:33:42Z,2026-08-17T15:33:42+0200,5bbffdc7-c3ab-4a18-a8bf-cc7d933ae677,2026-07-23T05:15:00Z,2026-07-23T07:15:00+0200,430.83,MW,FR,FR,actual_offshore_wind_generation,Wind Offshore | Actual Aggregated,2026-08-17T13:35:39Z
2026-08-17T13:33:42Z,2026-08-17T15:33:42+0200,5bbffdc7-c3ab-4a18-a8bf-cc7d933ae677,2026-07-23T05:30:00Z,2026-07-23T07:30:00+0200,386.18,MW,FR,FR,actual_offshore_wind_generation,Wind Offshore | Actual Aggregated,2026-08-17T13:35:39Z
2026-08-17T13:33:42Z,2026-08-17T15:33:42+0200,5bbffdc7-c3ab-4a18-a8bf-cc7d933ae677,2026-07-23T05:45:00Z,2026-07-23T07:45:00+0200,384.32,MW,FR,FR,actual_offshore_wind_generation,Wind Offshore | Actual Aggregated,2026-08-17T13:35:39Z
2026-08-17T13:33:42Z,2026-08-17T15:33:42+0200,5bbffdc7-c3ab-4a18-a8bf-cc7d933ae677,2026-07-23T06:00:00Z,2026-07-23T08:00:00+0200,410.21,MW,FR,FR,actual_offshore_wind_generation,Wind Offshore | Actual Aggregated,2026-08-17T13:35:39Z
2026-08-17T13:33:42Z,2026-08-17T15:33:42+0200,5bbffdc7-c3ab-4a18-a8bf-cc7d933ae677,2026-07-23T06:15:00Z,2026-07-23T08:15:00+0200,390.41,MW,FR,FR,actual_offshore_wind_generation,Wind Offshore | Actual Aggregated,2026-08-17T13:35:39Z
2026-08-17T13:33:42Z,2026-08-17T15:33:42+0200,5bbffdc7-c3ab-4a18-a8bf-cc7d933ae677,2026-07-23T06:30:00Z,2026-07-23T08:30:00+0200,350.79,MW,FR,FR,actual_offshore_wind_generation,Wind Offshore | Actual Aggregated,2026-08-17T13:35:39Z
2026-08-17T13:33:42Z,2026-08-17T15:33:42+0200,5bbffdc7-c3ab-4a18-a8bf-cc7d933ae677,2026-07-23T06:45:00Z,2026-07-23T08:45:00+0200,321.98,MW,FR,FR,actual_offshore_wind_generation,Wind Offshore | Actual Aggregated,2026-08-17T13:35:39Z
2026-08-17T13:33:42Z,2026-08-17T15:33:42+0200,5bbffdc7-c3ab-4a18-a8bf-cc7d933ae677,2026-07-23T07:00:00Z,2026-07-23T09:00:00+0200,282.85,MW,FR,FR,actual_offshore_wind_generation,Wind Offshore | Actual Aggregated,2026-08-17T13:35:39Z
2026-08-17T13:33:42Z,2026-08-17T15:33:42+0200,5bbffdc7-c3ab-4a18-a8bf-cc7d933ae677,2026-07-23T07:15:00Z,2026-07-23T09:15:00+0200,251.86,MW,FR,FR,actual_offshore_wind_generation,Wind Offshore | Actual Aggregated,2026-08-17T13:35:39Z
2026-08-17T13:33:42Z,2026-08-17T15:33:42+0200,5bbffdc7-c3ab-4a18-a8bf-cc7d933ae677,2026-07-23T07:30:00Z,2026-07-23T09:30:00+0200,216.64,MW,FR,FR,actual_offshore_wind_generation,Wind Offshore | Actual Aggregated,2026-08-17T13:35:39Z
2026-08-17T13:33:42Z,2026-08-17T15:33:42+0200,5bbffdc7-c3ab-4a18-a8bf-cc7d933ae677,2026-07-23T07:45:00Z,2026-07-23T09:45:00+0200,205.37,MW,FR,FR,actual_offshore_wind_generation,Wind Offshore | Actual Aggregated,2026-08-17T13:35:39Z
2026-08-17T13:33:42Z,2026-08-17T15:33:42+0200,5bbffdc7-c3ab-4a18-a8bf-cc7d933ae677,2026-07-23T08:00:00Z,2026-07-23T10:00:00+0200,192.17,MW,FR,FR,actual_offshore_wind_generation,Wind Offshore | Actual Aggregated,2026-08-17T13:35:39Z
2026-08-17T13:33:42Z,2026-08-17T15:33:42+0200,5bbffdc7-c3ab-4a18-a8bf-cc7d933ae677,2026-07-23T08:15:00Z,2026-07-23T10:15:00+0200,176.02,MW,FR,FR,actual_offshore_wind_generation,Wind Offshore | Actual Aggregated,2026-08-17T13:35:39Z
2026-08-17T13:33:42Z,2026-08-17T15:33:42+0200,5bbffdc7-c3ab-4a18-a8bf-cc7d933ae677,2026-07-23T08:30:00Z,2026-07-23T10:30:00+0200,174.94,MW,FR,FR,actual_offshore_wind_generation,Wind Offshore | Actual Aggregated,2026-08-17T13:35:39Z
2026-08-17T13:33:42Z,2026-08-17T15:33:42+0200,5bbffdc7-c3ab-4a18-a8bf-cc7d933ae677,2026-07-23T08:45:00Z,2026-07-23T10:45:00+0200,183.3,MW,FR,FR,actual_offshore_wind_generation,Wind Offshore | Actual Aggregated,2026-08-17T13:35:39Z
2026-08-17T13:33:42Z,2026-08-17T15:33:42+0200,5bbffdc7-c3ab-4a18-a8bf-cc7d933ae677,2026-07-23T09:00:00Z,2026-07-23T11:00:00+0200,181.11,MW,FR,FR,actual_offshore_wind_generation,Wind Offshore | Actual Aggregated,2026-08-17T13:35:39Z
2026-08-17T13:33:42Z,2026-08-17T15:33:42+0200,5bbffdc7-c3ab-4a18-a8bf-cc7d933ae677,2026-07-23T09:15:00Z,2026-07-23T11:15:00+0200,190.35,MW,FR,FR,actual_offshore_wind_generation,Wind Offshore | Actual Aggregated,2026-08-17T13:35:39Z
2026-08-17T13:33:42Z,2026-08-17T15:33:42+0200,5bbffdc7-c3ab-4a18-a8bf-cc7d933ae677,2026-07-23T09:30:00Z,2026-07-23T11:30:00+0200,186.2,MW,FR,FR,actual_offshore_wind_generation,Wind Offshore | Actual Aggregated,2026-08-17T13:35:39Z
2026-08-17T13:33:42Z,2026-08-17T15:33:42+0200,5bbffdc7-c3ab-4a18-a8bf-cc7d933ae677,2026-07-23T09:45:00Z,2026-07-23T11:45:00+0200,216.01,MW,FR,FR,actual_offshore_wind_generation,Wind Offshore | Actual Aggregated,2026-08-17T13:35:39Z
2026-08-17T13:33:42Z,2026-08-17T15:33:42+0200,5bbffdc7-c3ab-4a18-a8bf-cc7d933ae677,2026-07-23T10:00:00Z,2026-07-23T12:00:00+0200,234.77,MW,FR,FR,actual_offshore_wind_generation,Wind Offshore | Actual Aggregated,2026-08-17T13:35:39Z
2026-08-17T13:33:42Z,2026-08-17T15:33:42+0200,5bbffdc7-c3ab-4a18-a8bf-cc7d933ae677,2026-07-23T10:15:00Z,2026-07-23T12:15:00+0200,228.74,MW,FR,FR,actual_offshore_wind_generation,Wind Offshore | Actual Aggregated,2026-08-17T13:35:39Z
2026-08-17T13:33:42Z,2026-08-17T15:33:42+0200,5bbffdc7-c3ab-4a18-a8bf-cc7d933ae677,2026-07-23T10:30:00Z,2026-07-23T12:30:00+0200,209.66,MW,FR,FR,actual_offshore_wind_generation,Wind Offshore | Actual Aggregated,2026-08-17T13:35:39Z
2026-08-17T13:33:42Z,2026-08-17T15:33:42+0200,5bbffdc7-c3ab-4a18-a8bf-cc7d933ae677,2026-07-23T10:45:00Z,2026-07-23T12:45:00+0200,206.44,MW,FR,FR,actual_offshore_wind_generation,Wind Offshore | Actual Aggregated,2026-08-17T13:35:39Z
2026-08-17T13:33:42Z,2026-08-17T15:33:42+0200,5bbffdc7-c3ab-4a18-a8bf-cc7d933ae677,2026-07-23T11:00:00Z,2026-07-23T13:00:00+0200,194.84,MW,FR,FR,actual_offshore_wind_generation,Wind Offshore | Actual Aggregated,2026-08-17T13:35:39Z
2026-08-17T13:33:42Z,2026-08-17T15:33:42+0200,5bbffdc7-c3ab-4a18-a8bf-cc7d933ae677,2026-07-23T11:15:00Z,2026-07-23T13:15:00+0200,180.78,MW,FR,FR,actual_offshore_wind_generation,Wind Offshore | Actual Aggregated,2026-08-17T13:35:39Z
2026-08-17T13:33:42Z,2026-08-17T15:33:42+0200,5bbffdc7-c3ab-4a18-a8bf-cc7d933ae677,2026-07-23T11:30:00Z,2026-07-23T13:30:00+0200,181.64,MW,FR,FR,actual_offshore_wind_generation,Wind Offshore | Actual Aggregated,2026-08-17T13:35:39Z
2026-08-17T13:33:42Z,2026-08-17T15:33:42+0200,5bbffdc7-c3ab-4a18-a8bf-cc7d933ae677,2026-07-23T11:45:00Z,2026-07-23T13:45:00+0200,165.68,MW,FR,FR,actual_offshore_wind_generation,Wind Offshore | Actual Aggregated,2026-08-17T13:35:39Z
2026-08-17T13:33:42Z,2026-08-17T15:33:42+0200,5bbffdc7-c3ab-4a18-a8bf-cc7d933ae677,2026-07-23T12:00:00Z,2026-07-23T14:00:00+0200,146.81,MW,FR,FR,actual_offshore_wind_generation,Wind Offshore | Actual Aggregated,2026-08-17T13:35:39Z
2026-08-17T13:33:42Z,2026-08-17T15:33:42+0200,5bbffdc7-c3ab-4a18-a8bf-cc7d933ae677,2026-07-23T12:15:00Z,2026-07-23T14:15:00+0200,145.43,MW,FR,FR,actual_offshore_wind_generation,Wind Offshore | Actual Aggregated,2026-08-17T13:35:39Z
2026-08-17T13:33:42Z,2026-08-17T15:33:42+0200,5bbffdc7-c3ab-4a18-a8bf-cc7d933ae677,2026-07-23T12:30:00Z,2026-07-23T14:30:00+0200,157.2,MW,FR,FR,actual_offshore_wind_generation,Wind Offshore | Actual Aggregated,2026-08-17T13:35:39Z
2026-08-17T13:33:42Z,2026-08-17T15:33:42+0200,5bbffdc7-c3ab-4a18-a8bf-cc7d933ae677,2026-07-23T12:45:00Z,2026-07-23T14:45:00+0200,159.58,MW,FR,FR,actual_offshore_wind_generation,Wind Offshore | Actual Aggregated,2026-08-17T13:35:39Z
2026-08-17T13:33:42Z,2026-08-17T15:33:42+0200,5bbffdc7-c3ab-4a18-a8bf-cc7d933ae677,2026-07-23T13:00:00Z,2026-07-23T15:00:00+0200,151.83,MW,FR,FR,actual_offshore_wind_generation,Wind Offshore | Actual Aggregated,2026-08-17T13:35:39Z
2026-08-17T13:33:42Z,2026-08-17T15:33:42+0200,5bbffdc7-c3ab-4a18-a8bf-cc7d933ae677,2026-07-23T13:15:00Z,2026-07-23T15:15:00+0200,131.31,MW,FR,FR,actual_offshore_wind_generation,Wind Offshore | Actual Aggregated,2026-08-17T13:35:39Z
2026-08-17T13:33:42Z,2026-08-17T15:33:42+0200,5bbffdc7-c3ab-4a18-a8bf-cc7d933ae677,2026-07-23T13:30:00Z,2026-07-23T15:30:00+0200,126.36,MW,FR,FR,actual_offshore_wind_generation,Wind Offshore | Actual Aggregated,2026-08-17T13:35:39Z
2026-08-17T13:33:42Z,2026-08-17T15:33:42+0200,5bbffdc7-c3ab-4a18-a8bf-cc7d933ae677,2026-07-23T13:45:00Z,2026-07-23T15:45:00+0200,130.26,MW,FR,FR,actual_offshore_wind_generation,Wind Offshore | Actual Aggregated,2026-08-17T13:35:39Z
2026-08-17T13:33:42Z,2026-08-17T15:33:42+0200,5bbffdc7-c3ab-4a18-a8bf-cc7d933ae677,2026-07-23T14:00:00Z,2026-07-23T16:00:00+0200,132.01,MW,FR,FR,actual_offshore_wind_generation,Wind Offshore | Actual Aggregated,2026-08-17T13:35:39Z
2026-08-17T13:33:42Z,2026-08-17T15:33:42+0200,5bbffdc7-c3ab-4a18-a8bf-cc7d933ae677,2026-07-23T14:15:00Z,2026-07-23T16:15:00+0200,138.53,MW,FR,FR,actual_offshore_wind_generation,Wind Offshore | Actual Aggregated,2026-08-17T13:35:39Z
2026-08-17T13:33:42Z,2026-08-17T15:33:42+0200,5bbffdc7-c3ab-4a18-a8bf-cc7d933ae677,2026-07-23T14:30:00Z,2026-07-23T16:30:00+0200,135.15,MW,FR,FR,actual_offshore_wind_generation,Wind Offshore | Actual Aggregated,2026-08-17T13:35:39Z
2026-08-17T13:33:42Z,2026-08-17T15:33:42+0200,5bbffdc7-c3ab-4a18-a8bf-cc7d933ae677,2026-07-23T14:45:00Z,2026-07-23T16:45:00+0200,133.18,MW,FR,FR,actual_offshore_wind_generation,Wind Offshore | Actual Aggregated,2026-08-17T13:35:39Z
2026-08-17T13:33:42Z,2026-08-17T15:33:42+0200,5bbffdc7-c3ab-4a18-a8bf-cc7d933ae677,2026-07-23T15:00:00Z,2026-07-23T17:00:00+0200,142.69,MW,FR,FR,actual_offshore_wind_generation,Wind Offshore | Actual Aggregated,2026-08-17T13:35:39Z
2026-08-17T13:33:42Z,2026-08-17T15:33:42+0200,5bbffdc7-c3ab-4a18-a8bf-cc7d933ae677,2026-07-23T15:15:00Z,2026-07-23T17:15:00+0200,169.54,MW,FR,FR,actual_offshore_wind_generation,Wind Offshore | Actual Aggregated,2026-08-17T13:35:39Z
2026-08-17T13:33:42Z,2026-08-17T15:33:42+0200,5bbffdc7-c3ab-4a18-a8bf-cc7d933ae677,2026-07-23T15:30:00Z,2026-07-23T17:30:00+0200,206.97,MW,FR,FR,actual_offshore_wind_generation,Wind Offshore | Actual Aggregated,2026-08-17T13:35:39Z
2026-08-17T13:33:42Z,2026-08-17T15:33:42+0200,5bbffdc7-c3ab-4a18-a8bf-cc7d933ae677,2026-07-23T15:45:00Z,2026-07-23T17:45:00+0200,210.56,MW,FR,FR,actual_offshore_wind_generation,Wind Offshore | Actual Aggregated,2026-08-17T13:35:39Z
2026-08-17T13:33:42Z,2026-08-17T15:33:42+0200,5bbffdc7-c3ab-4a18-a8bf-cc7d933ae677,2026-07-23T16:00:00Z,2026-07-23T18:00:00+0200,212.26,MW,FR,FR,actual_offshore_wind_generation,Wind Offshore | Actual Aggregated,2026-08-17T13:35:39Z
2026-08-17T13:33:42Z,2026-08-17T15:33:42+0200,5bbffdc7-c3ab-4a18-a8bf-cc7d933ae677,2026-07-23T16:15:00Z,2026-07-23T18:15:00+0200,210.91,MW,FR,FR,actual_offshore_wind_generation,Wind Offshore | Actual Aggregated,2026-08-17T13:35:39Z
2026-08-17T13:33:42Z,2026-08-17T15:33:42+0200,5bbffdc7-c3ab-4a18-a8bf-cc7d933ae677,2026-07-23T16:30:00Z,2026-07-23T18:30:00+0200,205.68,MW,FR,FR,actual_offshore_wind_generation,Wind Offshore | Actual Aggregated,2026-08-17T13:35:39Z
2026-08-17T13:33:42Z,2026-08-17T15:33:42+0200,5bbffdc7-c3ab-4a18-a8bf-cc7d933ae677,2026-07-23T16:45:00Z,2026-07-23T18:45:00+0200,206.75,MW,FR,FR,actual_offshore_wind_generation,Wind Offshore | Actual Aggregated,2026-08-17T13:35:39Z
2026-08-17T13:33:42Z,2026-08-17T15:33:42+0200,5bbffdc7-c3ab-4a18-a8bf-cc7d933ae677,2026-07-23T17:00:00Z,2026-07-23T19:00:00+0200,213.57,MW,FR,FR,actual_offshore_wind_generation,Wind Offshore | Actual Aggregated,2026-08-17T13:35:39Z
2026-08-17T13:33:42Z,2026-08-17T15:33:42+0200,5bbffdc7-c3ab-4a18-a8bf-cc7d933ae677,2026-07-23T17:15:00Z,2026-07-23T19:15:00+0200,224.68,MW,FR,FR,actual_offshore_wind_generation,Wind Offshore | Actual Aggregated,2026-08-17T13:35:39Z
2026-08-17T13:33:42Z,2026-08-17T15:33:42+0200,5bbffdc7-c3ab-4a18-a8bf-cc7d933ae677,2026-07-23T17:30:00Z,2026-07-23T19:30:00+0200,245.36,MW,FR,FR,actual_offshore_wind_generation,Wind Offshore | Actual Aggregated,2026-08-17T13:35:39Z
2026-08-17T13:33:42Z,2026-08-17T15:33:42+0200,5bbffdc7-c3ab-4a18-a8bf-cc7d933ae677,2026-07-23T17:45:00Z,2026-07-23T19:45:00+0200,273.6,MW,FR,FR,actual_offshore_wind_generation,Wind Offshore | Actual Aggregated,2026-08-17T13:35:39Z
2026-08-17T13:33:42Z,2026-08-17T15:33:42+0200,5bbffdc7-c3ab-4a18-a8bf-cc7d933ae677,2026-07-23T18:00:00Z,2026-07-23T20:00:00+0200,290.14,MW,FR,FR,actual_offshore_wind_generation,Wind Offshore | Actual Aggregated,2026-08-17T13:35:39Z
2026-08-17T13:33:42Z,2026-08-17T15:33:42+0200,5bbffdc7-c3ab-4a18-a8bf-cc7d933ae677,2026-07-23T18:15:00Z,2026-07-23T20:15:00+0200,313.83,MW,FR,FR,actual_offshore_wind_generation,Wind Offshore | Actual Aggregated,2026-08-17T13:35:39Z
2026-08-17T13:33:42Z,2026-08-17T15:33:42+0200,5bbffdc7-c3ab-4a18-a8bf-cc7d933ae677,2026-07-23T18:30:00Z,2026-07-23T20:30:00+0200,313.65,MW,FR,FR,actual_offshore_wind_generation,Wind Offshore | Actual Aggregated,2026-08-17T13:35:39Z
2026-08-17T13:33:42Z,2026-08-17T15:33:42+0200,5bbffdc7-c3ab-4a18-a8bf-cc7d933ae677,2026-07-23T18:45:00Z,2026-07-23T20:45:00+0200,312.83,MW,FR,FR,actual_offshore_wind_generation,Wind Offshore | Actual Aggregated,2026-08-17T13:35:39Z
2026-08-17T13:33:42Z,2026-08-17T15:33:42+0200,5bbffdc7-c3ab-4a18-a8bf-cc7d933ae677,2026-07-23T19:00:00Z,2026-07-23T21:00:00+0200,339.62,MW,FR,FR,actual_offshore_wind_generation,Wind Offshore | Actual Aggregated,2026-08-17T13:35:39Z
2026-08-17T13:33:42Z,2026-08-17T15:33:42+0200,5bbffdc7-c3ab-4a18-a8bf-cc7d933ae677,2026-07-23T19:15:00Z,2026-07-23T21:15:00+0200,336.75,MW,FR,FR,actual_offshore_wind_generation,Wind Offshore | Actual Aggregated,2026-08-17T13:35:39Z
2026-08-17T13:33:42Z,2026-08-17T15:33:42+0200,5bbffdc7-c3ab-4a18-a8bf-cc7d933ae677,2026-07-23T19:30:00Z,2026-07-23T21:30:00+0200,327.41,MW,FR,FR,actual_offshore_wind_generation,Wind Offshore | Actual Aggregated,2026-08-17T13:35:39Z
2026-08-17T13:33:42Z,2026-08-17T15:33:42+0200,5bbffdc7-c3ab-4a18-a8bf-cc7d933ae677,2026-07-23T19:45:00Z,2026-07-23T21:45:00+0200,295.65,MW,FR,FR,actual_offshore_wind_generation,Wind Offshore | Actual Aggregated,2026-08-17T13:35:39Z
2026-08-17T13:33:42Z,2026-08-17T15:33:42+0200,5bbffdc7-c3ab-4a18-a8bf-cc7d933ae677,2026-07-23T20:00:00Z,2026-07-23T22:00:00+0200,285.98,MW,FR,FR,actual_offshore_wind_generation,Wind Offshore | Actual Aggregated,2026-08-17T13:35:39Z
2026-08-17T13:33:42Z,2026-08-17T15:33:42+0200,5bbffdc7-c3ab-4a18-a8bf-cc7d933ae677,2026-07-23T20:15:00Z,2026-07-23T22:15:00+0200,310.38,MW,FR,FR,actual_offshore_wind_generation,Wind Offshore | Actual Aggregated,2026-08-17T13:35:39Z
2026-08-17T13:33:42Z,2026-08-17T15:33:42+0200,5bbffdc7-c3ab-4a18-a8bf-cc7d933ae677,2026-07-23T20:30:00Z,2026-07-23T22:30:00+0200,346.56,MW,FR,FR,actual_offshore_wind_generation,Wind Offshore | Actual Aggregated,2026-08-17T13:35:39Z
2026-08-17T13:33:42Z,2026-08-17T15:33:42+0200,5bbffdc7-c3ab-4a18-a8bf-cc7d933ae677,2026-07-23T20:45:00Z,2026-07-23T22:45:00+0200,403.36,MW,FR,FR,actual_offshore_wind_generation,Wind Offshore | Actual Aggregated,2026-08-17T13:35:39Z
2026-08-17T13:33:42Z,2026-08-17T15:33:42+0200,5bbffdc7-c3ab-4a18-a8bf-cc7d933ae677,2026-07-23T21:00:00Z,2026-07-23T23:00:00+0200,469.77,MW,FR,FR,actual_offshore_wind_generation,Wind Offshore | Actual Aggregated,2026-08-17T13:35:39Z
2026-08-17T13:33:42Z,2026-08-17T15:33:42+0200,5bbffdc7-c3ab-4a18-a8bf-cc7d933ae677,2026-07-23T21:15:00Z,2026-07-23T23:15:00+0200,532.62,MW,FR,FR,actual_offshore_wind_generation,Wind Offshore | Actual Aggregated,2026-08-17T13:35:39Z
2026-08-17T13:33:42Z,2026-08-17T15:33:42+0200,5bbffdc7-c3ab-4a18-a8bf-cc7d933ae677,2026-07-23T21:30:00Z,2026-07-23T23:30:00+0200,563.89,MW,FR,FR,actual_offshore_wind_generation,Wind Offshore | Actual Aggregated,2026-08-17T13:35:39Z
2026-08-17T13:33:42Z,2026-08-17T15:33:42+0200,5bbffdc7-c3ab-4a18-a8bf-cc7d933ae677,2026-07-23T21:45:00Z,2026-07-23T23:45:00+0200,612.87,MW,FR,FR,actual_offshore_wind_generation,Wind Offshore | Actual Aggregated,2026-08-17T13:35:39Z
2026-08-17T13:33:42Z,2026-08-17T15:33:42+0200,5bbffdc7-c3ab-4a18-a8bf-cc7d933ae677,2026-07-23T22:00:00Z,2026-07-24T00:00:00+0200,661.58,MW,FR,FR,actual_offshore_wind_generation,Wind Offshore | Actual Aggregated,2026-08-17T13:35:39Z
2026-08-17T13:33:42Z,2026-08-17T15:33:42+0200,5bbffdc7-c3ab-4a18-a8bf-cc7d933ae677,2026-07-23T22:15:00Z,2026-07-24T00:15:00+0200,674.81,MW,FR,FR,actual_offshore_wind_generation,Wind Offshore | Actual Aggregated,2026-08-17T13:35:39Z
2026-08-17T13:33:42Z,2026-08-17T15:33:42+0200,5bbffdc7-c3ab-4a18-a8bf-cc7d933ae677,2026-07-23T22:30:00Z,2026-07-24T00:30:00+0200,665.3,MW,FR,FR,actual_offshore_wind_generation,Wind Offshore | Actual Aggregated,2026-08-17T13:35:39Z
2026-08-17T13:33:42Z,2026-08-17T15:33:42+0200,5bbffdc7-c3ab-4a18-a8bf-cc7d933ae677,2026-07-23T22:45:00Z,2026-07-24T00:45:00+0200,688.96,MW,FR,FR,actual_offshore_wind_generation,Wind Offshore | Actual Aggregated,2026-08-17T13:35:39Z
2026-08-17T13:33:42Z,2026-08-17T15:33:42+0200,5bbffdc7-c3ab-4a18-a8bf-cc7d933ae677,2026-07-23T23:00:00Z,2026-07-24T01:00:00+0200,691.55,MW,FR,FR,actual_offshore_wind_generation,Wind Offshore | Actual Aggregated,2026-08-17T13:35:39Z
2026-08-17T13:33:42Z,2026-08-17T15:33:42+0200,5bbffdc7-c3ab-4a18-a8bf-cc7d933ae677,2026-07-23T23:15:00Z,2026-07-24T01:15:00+0200,672.08,MW,FR,FR,actual_offshore_wind_generation,Wind Offshore | Actual Aggregated,2026-08-17T13:35:39Z
2026-08-17T13:33:42Z,2026-08-17T15:33:42+0200,5bbffdc7-c3ab-4a18-a8bf-cc7d933ae677,2026-07-23T23:30:00Z,2026-07-24T01:30:00+0200,683.89,MW,FR,FR,actual_offshore_wind_generation,Wind Offshore | Actual Aggregated,2026-08-17T13:35:39Z
2026-08-17T13:33:42Z,2026-08-17T15:33:42+0200,5bbffdc7-c3ab-4a18-a8bf-cc7d933ae677,2026-07-23T23:45:00Z,2026-07-24T01:45:00+0200,673.92,MW,FR,FR,actual_offshore_wind_generation,Wind Offshore | Actual Aggregated,2026-08-17T13:35:39Z
2026-08-17T13:33:42Z,2026-08-17T15:33:42+0200,5bbffdc7-c3ab-4a18-a8bf-cc7d933ae677,2026-07-24T00:00:00Z,2026-07-24T02:00:00+0200,662.15,MW,FR,FR,actual_offshore_wind_generation,Wind Offshore | Actual Aggregated,2026-08-17T13:35:39Z
2026-08-17T13:33:42Z,2026-08-17T15:33:42+0200,5bbffdc7-c3ab-4a18-a8bf-cc7d933ae677,2026-07-24T00:15:00Z,2026-07-24T02:15:00+0200,665.81,MW,FR,FR,actual_offshore_wind_generation,Wind Offshore | Actual Aggregated,2026-08-17T13:35:39Z
2026-08-17T13:33:42Z,2026-08-17T15:33:42+0200,5bbffdc7-c3ab-4a18-a8bf-cc7d933ae677,2026-07-24T00:30:00Z,2026-07-24T02:30:00+0200,642.65,MW,FR,FR,actual_offshore_wind_generation,Wind Offshore | Actual Aggregated,2026-08-17T13:35:39Z
2026-08-17T13:33:42Z,2026-08-17T15:33:42+0200,5bbffdc7-c3ab-4a18-a8bf-cc7d933ae677,2026-07-24T00:45:00Z,2026-07-24T02:45:00+0200,632.59,MW,FR,FR,actual_offshore_wind_generation,Wind Offshore | Actual Aggregated,2026-08-17T13:35:39Z
2026-08-17T13:33:42Z,2026-08-17T15:33:42+0200,5bbffdc7-c3ab-4a18-a8bf-cc7d933ae677,2026-07-24T01:00:00Z,2026-07-24T03:00:00+0200,629.62,MW,FR,FR,actual_offshore_wind_generation,Wind Offshore | Actual Aggregated,2026-08-17T13:35:39Z
2026-08-17T13:33:42Z,2026-08-17T15:33:42+0200,5bbffdc7-c3ab-4a18-a8bf-cc7d933ae677,2026-07-24T01:15:00Z,2026-07-24T03:15:00+0200,629.81,MW,FR,FR,actual_offshore_wind_generation,Wind Offshore | Actual Aggregated,2026-08-17T13:35:39Z
2026-08-17T13:33:42Z,2026-08-17T15:33:42+0200,5bbffdc7-c3ab-4a18-a8bf-cc7d933ae677,2026-07-24T01:30:00Z,2026-07-24T03:30:00+0200,625.52,MW,FR,FR,actual_offshore_wind_generation,Wind Offshore | Actual Aggregated,2026-08-17T13:35:39Z
2026-08-17T13:33:42Z,2026-08-17T15:33:42+0200,5bbffdc7-c3ab-4a18-a8bf-cc7d933ae677,2026-07-24T01:45:00Z,2026-07-24T03:45:00+0200,597.05,MW,FR,FR,actual_offshore_wind_generation,Wind Offshore | Actual Aggregated,2026-08-17T13:35:39Z
2026-08-17T13:33:42Z,2026-08-17T15:33:42+0200,5bbffdc7-c3ab-4a18-a8bf-cc7d933ae677,2026-07-24T02:00:00Z,2026-07-24T04:00:00+0200,584.86,MW,FR,FR,actual_offshore_wind_generation,Wind Offshore | Actual Aggregated,2026-08-17T13:35:39Z
2026-08-17T13:33:42Z,2026-08-17T15:33:42+0200,5bbffdc7-c3ab-4a18-a8bf-cc7d933ae677,2026-07-24T02:15:00Z,2026-07-24T04:15:00+0200,573.73,MW,FR,FR,actual_offshore_wind_generation,Wind Offshore | Actual Aggregated,2026-08-17T13:35:39Z
2026-08-17T13:33:42Z,2026-08-17T15:33:42+0200,5bbffdc7-c3ab-4a18-a8bf-cc7d933ae677,2026-07-24T02:30:00Z,2026-07-24T04:30:00+0200,516.15,MW,FR,FR,actual_offshore_wind_generation,Wind Offshore | Actual Aggregated,2026-08-17T13:35:39Z
2026-08-17T13:33:42Z,2026-08-17T15:33:42+0200,5bbffdc7-c3ab-4a18-a8bf-cc7d933ae677,2026-07-24T02:45:00Z,2026-07-24T04:45:00+0200,520.35,MW,FR,FR,actual_offshore_wind_generation,Wind Offshore | Actual Aggregated,2026-08-17T13:35:39Z
2026-08-17T13:33:42Z,2026-08-17T15:33:42+0200,5bbffdc7-c3ab-4a18-a8bf-cc7d933ae677,2026-07-24T03:00:00Z,2026-07-24T05:00:00+0200,577.91,MW,FR,FR,actual_offshore_wind_generation,Wind Offshore | Actual Aggregated,2026-08-17T13:35:39Z
2026-08-17T13:33:42Z,2026-08-17T15:33:42+0200,5bbffdc7-c3ab-4a18-a8bf-cc7d933ae677,2026-07-24T03:15:00Z,2026-07-24T05:15:00+0200,602.4,MW,FR,FR,actual_offshore_wind_generation,Wind Offshore | Actual Aggregated,2026-08-17T13:35:39Z
2026-08-17T13:33:42Z,2026-08-17T15:33:42+0200,5bbffdc7-c3ab-4a18-a8bf-cc7d933ae677,2026-07-24T03:30:00Z,2026-07-24T05:30:00+0200,634.02,MW,FR,FR,actual_offshore_wind_generation,Wind Offshore | Actual Aggregated,2026-08-17T13:35:39Z
2026-08-17T13:33:42Z,2026-08-17T15:33:42+0200,5bbffdc7-c3ab-4a18-a8bf-cc7d933ae677,2026-07-24T03:45:00Z,2026-07-24T05:45:00+0200,628.16,MW,FR,FR,actual_offshore_wind_generation,Wind Offshore | Actual Aggregated,2026-08-17T13:35:39Z
2026-08-17T13:33:42Z,2026-08-17T15:33:42+0200,5bbffdc7-c3ab-4a18-a8bf-cc7d933ae677,2026-07-24T04:00:00Z,2026-07-24T06:00:00+0200,622.06,MW,FR,FR,actual_offshore_wind_generation,Wind Offshore | Actual Aggregated,2026-08-17T13:35:39Z
2026-08-17T13:33:42Z,2026-08-17T15:33:42+0200,5bbffdc7-c3ab-4a18-a8bf-cc7d933ae677,2026-07-24T04:15:00Z,2026-07-24T06:15:00+0200,570.06,MW,FR,FR,actual_offshore_wind_generation,Wind Offshore | Actual Aggregated,2026-08-17T13:35:39Z
2026-08-17T13:33:42Z,2026-08-17T15:33:42+0200,5bbffdc7-c3ab-4a18-a8bf-cc7d933ae677,2026-07-24T04:30:00Z,2026-07-24T06:30:00+0200,525.22,MW,FR,FR,actual_offshore_wind_generation,Wind Offshore | Actual Aggregated,2026-08-17T13:35:39Z
2026-08-17T13:33:42Z,2026-08-17T15:33:42+0200,5bbffdc7-c3ab-4a18-a8bf-cc7d933ae677,2026-07-24T04:45:00Z,2026-07-24T06:45:00+0200,572.01,MW,FR,FR,actual_offshore_wind_generation,Wind Offshore | Actual Aggregated,2026-08-17T13:35:39Z
2026-08-17T13:33:42Z,2026-08-17T15:33:42+0200,5bbffdc7-c3ab-4a18-a8bf-cc7d933ae677,2026-07-24T05:00:00Z,2026-07-24T07:00:00+0200,589.7,MW,FR,FR,actual_offshore_wind_generation,Wind Offshore | Actual Aggregated,2026-08-17T13:35:39Z
2026-08-17T13:33:42Z,2026-08-17T15:33:42+0200,5bbffdc7-c3ab-4a18-a8bf-cc7d933ae677,2026-07-24T05:15:00Z,2026-07-24T07:15:00+0200,538.59,MW,FR,FR,actual_offshore_wind_generation,Wind Offshore | Actual Aggregated,2026-08-17T13:35:39Z
2026-08-17T13:33:42Z,2026-08-17T15:33:42+0200,5bbffdc7-c3ab-4a18-a8bf-cc7d933ae677,2026-07-24T05:30:00Z,2026-07-24T07:30:00+0200,481.34,MW,FR,FR,actual_offshore_wind_generation,Wind Offshore | Actual Aggregated,2026-08-17T13:35:39Z
2026-08-17T13:33:42Z,2026-08-17T15:33:42+0200,5bbffdc7-c3ab-4a18-a8bf-cc7d933ae677,2026-07-24T05:45:00Z,2026-07-24T07:45:00+0200,490.04,MW,FR,FR,actual_offshore_wind_generation,Wind Offshore | Actual Aggregated,2026-08-17T13:35:39Z
2026-08-17T13:33:42Z,2026-08-17T15:33:42+0200,5bbffdc7-c3ab-4a18-a8bf-cc7d933ae677,2026-07-24T06:00:00Z,2026-07-24T08:00:00+0200,435.08,MW,FR,FR,actual_offshore_wind_generation,Wind Offshore | Actual Aggregated,2026-08-17T13:35:39Z
2026-08-17T13:33:42Z,2026-08-17T15:33:42+0200,5bbffdc7-c3ab-4a18-a8bf-cc7d933ae677,2026-07-24T06:15:00Z,2026-07-24T08:15:00+0200,416.68,MW,FR,FR,actual_offshore_wind_generation,Wind Offshore | Actual Aggregated,2026-08-17T13:35:39Z
2026-08-17T13:33:42Z,2026-08-17T15:33:42+0200,5bbffdc7-c3ab-4a18-a8bf-cc7d933ae677,2026-07-24T06:30:00Z,2026-07-24T08:30:00+0200,400.45,MW,FR,FR,actual_offshore_wind_generation,Wind Offshore | Actual Aggregated,2026-08-17T13:35:39Z
2026-08-17T13:33:42Z,2026-08-17T15:33:42+0200,5bbffdc7-c3ab-4a18-a8bf-cc7d933ae677,2026-07-24T06:45:00Z,2026-07-24T08:45:00+0200,451.56,MW,FR,FR,actual_offshore_wind_generation,Wind Offshore | Actual Aggregated,2026-08-17T13:35:39Z
2026-08-17T13:33:42Z,2026-08-17T15:33:42+0200,5bbffdc7-c3ab-4a18-a8bf-cc7d933ae677,2026-07-24T07:00:00Z,2026-07-24T09:00:00+0200,442.42,MW,FR,FR,actual_offshore_wind_generation,Wind Offshore | Actual Aggregated,2026-08-17T13:35:39Z
2026-08-17T13:33:42Z,2026-08-17T15:33:42+0200,5bbffdc7-c3ab-4a18-a8bf-cc7d933ae677,2026-07-24T07:15:00Z,2026-07-24T09:15:00+0200,416.42,MW,FR,FR,actual_offshore_wind_generation,Wind Offshore | Actual Aggregated,2026-08-17T13:35:39Z
2026-08-17T13:33:42Z,2026-08-17T15:33:42+0200,5bbffdc7-c3ab-4a18-a8bf-cc7d933ae677,2026-07-24T07:30:00Z,2026-07-24T09:30:00+0200,357.57,MW,FR,FR,actual_offshore_wind_generation,Wind Offshore | Actual Aggregated,2026-08-17T13:35:39Z
2026-08-17T13:33:42Z,2026-08-17T15:33:42+0200,5bbffdc7-c3ab-4a18-a8bf-cc7d933ae677,2026-07-24T07:45:00Z,2026-07-24T09:45:00+0200,310.77,MW,FR,FR,actual_offshore_wind_generation,Wind Offshore | Actual Aggregated,2026-08-17T13:35:39Z
2026-08-17T13:33:42Z,2026-08-17T15:33:42+0200,5bbffdc7-c3ab-4a18-a8bf-cc7d933ae677,2026-07-24T08:00:00Z,2026-07-24T10:00:00+0200,281.77,MW,FR,FR,actual_offshore_wind_generation,Wind Offshore | Actual Aggregated,2026-08-17T13:35:39Z
2026-08-17T13:33:42Z,2026-08-17T15:33:42+0200,5bbffdc7-c3ab-4a18-a8bf-cc7d933ae677,2026-07-24T08:15:00Z,2026-07-24T10:15:00+0200,278.59,MW,FR,FR,actual_offshore_wind_generation,Wind Offshore | Actual Aggregated,2026-08-17T13:35:39Z
2026-08-17T13:33:42Z,2026-08-17T15:33:42+0200,5bbffdc7-c3ab-4a18-a8bf-cc7d933ae677,2026-07-24T08:30:00Z,2026-07-24T10:30:00+0200,274.34,MW,FR,FR,actual_offshore_wind_generation,Wind Offshore | Actual Aggregated,2026-08-17T13:35:39Z
2026-08-17T13:33:42Z,2026-08-17T15:33:42+0200,5bbffdc7-c3ab-4a18-a8bf-cc7d933ae677,2026-07-24T08:45:00Z,2026-07-24T10:45:00+0200,259.21,MW,FR,FR,actual_offshore_wind_generation,Wind Offshore | Actual Aggregated,2026-08-17T13:35:39Z
2026-08-17T13:33:42Z,2026-08-17T15:33:42+0200,5bbffdc7-c3ab-4a18-a8bf-cc7d933ae677,2026-07-24T09:00:00Z,2026-07-24T11:00:00+0200,256.44,MW,FR,FR,actual_offshore_wind_generation,Wind Offshore | Actual Aggregated,2026-08-17T13:35:39Z
2026-08-17T13:33:42Z,2026-08-17T15:33:42+0200,5bbffdc7-c3ab-4a18-a8bf-cc7d933ae677,2026-07-24T09:15:00Z,2026-07-24T11:15:00+0200,273.41,MW,FR,FR,actual_offshore_wind_generation,Wind Offshore | Actual Aggregated,2026-08-17T13:35:39Z
2026-08-17T13:33:42Z,2026-08-17T15:33:42+0200,5bbffdc7-c3ab-4a18-a8bf-cc7d933ae677,2026-07-24T09:30:00Z,2026-07-24T11:30:00+0200,285.14,MW,FR,FR,actual_offshore_wind_generation,Wind Offshore | Actual Aggregated,2026-08-17T13:35:39Z
2026-08-17T13:33:42Z,2026-08-17T15:33:42+0200,5bbffdc7-c3ab-4a18-a8bf-cc7d933ae677,2026-07-24T09:45:00Z,2026-07-24T11:45:00+0200,285.21,MW,FR,FR,actual_offshore_wind_generation,Wind Offshore | Actual Aggregated,2026-08-17T13:35:39Z
2026-08-17T13:33:42Z,2026-08-17T15:33:42+0200,5bbffdc7-c3ab-4a18-a8bf-cc7d933ae677,2026-07-24T10:00:00Z,2026-07-24T12:00:00+0200,293.97,MW,FR,FR,actual_offshore_wind_generation,Wind Offshore | Actual Aggregated,2026-08-17T13:35:39Z
2026-08-17T13:33:42Z,2026-08-17T15:33:42+0200,5bbffdc7-c3ab-4a18-a8bf-cc7d933ae677,2026-07-24T10:15:00Z,2026-07-24T12:15:00+0200,337.69,MW,FR,FR,actual_offshore_wind_generation,Wind Offshore | Actual Aggregated,2026-08-17T13:35:39Z
2026-08-17T13:33:42Z,2026-08-17T15:33:42+0200,5bbffdc7-c3ab-4a18-a8bf-cc7d933ae677,2026-07-24T10:30:00Z,2026-07-24T12:30:00+0200,356.15,MW,FR,FR,actual_offshore_wind_generation,Wind Offshore | Actual Aggregated,2026-08-17T13:35:39Z
2026-08-17T13:33:42Z,2026-08-17T15:33:42+0200,5bbffdc7-c3ab-4a18-a8bf-cc7d933ae677,2026-07-24T10:45:00Z,2026-07-24T12:45:00+0200,358.2,MW,FR,FR,actual_offshore_wind_generation,Wind Offshore | Actual Aggregated,2026-08-17T13:35:39Z
2026-08-17T13:33:42Z,2026-08-17T15:33:42+0200,5bbffdc7-c3ab-4a18-a8bf-cc7d933ae677,2026-07-24T11:00:00Z,2026-07-24T13:00:00+0200,340.84,MW,FR,FR,actual_offshore_wind_generation,Wind Offshore | Actual Aggregated,2026-08-17T13:35:39Z
2026-08-17T13:33:42Z,2026-08-17T15:33:42+0200,5bbffdc7-c3ab-4a18-a8bf-cc7d933ae677,2026-07-24T11:15:00Z,2026-07-24T13:15:00+0200,350.26,MW,FR,FR,actual_offshore_wind_generation,Wind Offshore | Actual Aggregated,2026-08-17T13:35:39Z
2026-08-17T13:33:42Z,2026-08-17T15:33:42+0200,5bbffdc7-c3ab-4a18-a8bf-cc7d933ae677,2026-07-24T11:30:00Z,2026-07-24T13:30:00+0200,358.29,MW,FR,FR,actual_offshore_wind_generation,Wind Offshore | Actual Aggregated,2026-08-17T13:35:39Z
2026-08-17T13:33:42Z,2026-08-17T15:33:42+0200,5bbffdc7-c3ab-4a18-a8bf-cc7d933ae677,2026-07-24T11:45:00Z,2026-07-24T13:45:00+0200,361.33,MW,FR,FR,actual_offshore_wind_generation,Wind Offshore | Actual Aggregated,2026-08-17T13:35:39Z
2026-08-17T13:33:42Z,2026-08-17T15:33:42+0200,5bbffdc7-c3ab-4a18-a8bf-cc7d933ae677,2026-07-24T12:00:00Z,2026-07-24T14:00:00+0200,323.83,MW,FR,FR,actual_offshore_wind_generation,Wind Offshore | Actual Aggregated,2026-08-17T13:35:39Z
2026-08-17T13:33:42Z,2026-08-17T15:33:42+0200,5bbffdc7-c3ab-4a18-a8bf-cc7d933ae677,2026-07-24T12:15:00Z,2026-07-24T14:15:00+0200,282.78,MW,FR,FR,actual_offshore_wind_generation,Wind Offshore | Actual Aggregated,2026-08-17T13:35:39Z
2026-08-17T13:33:42Z,2026-08-17T15:33:42+0200,5bbffdc7-c3ab-4a18-a8bf-cc7d933ae677,2026-07-24T12:30:00Z,2026-07-24T14:30:00+0200,304.28,MW,FR,FR,actual_offshore_wind_generation,Wind Offshore | Actual Aggregated,2026-08-17T13:35:39Z
2026-08-17T13:33:42Z,2026-08-17T15:33:42+0200,5bbffdc7-c3ab-4a18-a8bf-cc7d933ae677,2026-07-24T12:45:00Z,2026-07-24T14:45:00+0200,295.07,MW,FR,FR,actual_offshore_wind_generation,Wind Offshore | Actual Aggregated,2026-08-17T13:35:39Z
2026-08-17T13:33:42Z,2026-08-17T15:33:42+0200,5bbffdc7-c3ab-4a18-a8bf-cc7d933ae677,2026-07-24T13:00:00Z,2026-07-24T15:00:00+0200,272.39,MW,FR,FR,actual_offshore_wind_generation,Wind Offshore | Actual Aggregated,2026-08-17T13:35:39Z
2026-08-17T13:33:42Z,2026-08-17T15:33:42+0200,5bbffdc7-c3ab-4a18-a8bf-cc7d933ae677,2026-07-24T13:15:00Z,2026-07-24T15:15:00+0200,289.36,MW,FR,FR,actual_offshore_wind_generation,Wind Offshore | Actual Aggregated,2026-08-17T13:35:39Z
2026-08-17T13:33:42Z,2026-08-17T15:33:42+0200,5bbffdc7-c3ab-4a18-a8bf-cc7d933ae677,2026-07-24T13:30:00Z,2026-07-24T15:30:00+0200,340.41,MW,FR,FR,actual_offshore_wind_generation,Wind Offshore | Actual Aggregated,2026-08-17T13:35:39Z
2026-08-17T13:33:42Z,2026-08-17T15:33:42+0200,5bbffdc7-c3ab-4a18-a8bf-cc7d933ae677,2026-07-24T13:45:00Z,2026-07-24T15:45:00+0200,367.53,MW,FR,FR,actual_offshore_wind_generation,Wind Offshore | Actual Aggregated,2026-08-17T13:35:39Z
2026-08-17T13:33:42Z,2026-08-17T15:33:42+0200,5bbffdc7-c3ab-4a18-a8bf-cc7d933ae677,2026-07-24T14:00:00Z,2026-07-24T16:00:00+0200,355.77,MW,FR,FR,actual_offshore_wind_generation,Wind Offshore | Actual Aggregated,2026-08-17T13:35:39Z
2026-08-17T13:33:42Z,2026-08-17T15:33:42+0200,5bbffdc7-c3ab-4a18-a8bf-cc7d933ae677,2026-07-24T14:15:00Z,2026-07-24T16:15:00+0200,342.38,MW,FR,FR,actual_offshore_wind_generation,Wind Offshore | Actual Aggregated,2026-08-17T13:35:39Z
2026-08-17T13:33:42Z,2026-08-17T15:33:42+0200,5bbffdc7-c3ab-4a18-a8bf-cc7d933ae677,2026-07-24T14:30:00Z,2026-07-24T16:30:00+0200,331.94,MW,FR,FR,actual_offshore_wind_generation,Wind Offshore | Actual Aggregated,2026-08-17T13:35:39Z
2026-08-17T13:33:42Z,2026-08-17T15:33:42+0200,5bbffdc7-c3ab-4a18-a8bf-cc7d933ae677,2026-07-24T14:45:00Z,2026-07-24T16:45:00+0200,330.28,MW,FR,FR,actual_offshore_wind_generation,Wind Offshore | Actual Aggregated,2026-08-17T13:35:39Z
2026-08-17T13:33:42Z,2026-08-17T15:33:42+0200,5bbffdc7-c3ab-4a18-a8bf-cc7d933ae677,2026-07-24T15:00:00Z,2026-07-24T17:00:00+0200,326.91,MW,FR,FR,actual_offshore_wind_generation,Wind Offshore | Actual Aggregated,2026-08-17T13:35:39Z
2026-08-17T13:33:42Z,2026-08-17T15:33:42+0200,5bbffdc7-c3ab-4a18-a8bf-cc7d933ae677,2026-07-24T15:15:00Z,2026-07-24T17:15:00+0200,351.91,MW,FR,FR,actual_offshore_wind_generation,Wind Offshore | Actual Aggregated,2026-08-17T13:35:39Z
2026-08-17T13:33:42Z,2026-08-17T15:33:42+0200,5bbffdc7-c3ab-4a18-a8bf-cc7d933ae677,2026-07-24T15:30:00Z,2026-07-24T17:30:00+0200,350.06,MW,FR,FR,actual_offshore_wind_generation,Wind Offshore | Actual Aggregated,2026-08-17T13:35:39Z
2026-08-17T13:33:42Z,2026-08-17T15:33:42+0200,5bbffdc7-c3ab-4a18-a8bf-cc7d933ae677,2026-07-24T15:45:00Z,2026-07-24T17:45:00+0200,378.18,MW,FR,FR,actual_offshore_wind_generation,Wind Offshore | Actual Aggregated,2026-08-17T13:35:39Z
2026-08-17T13:33:42Z,2026-08-17T15:33:42+0200,5bbffdc7-c3ab-4a18-a8bf-cc7d933ae677,2026-07-24T16:00:00Z,2026-07-24T18:00:00+0200,367.68,MW,FR,FR,actual_offshore_wind_generation,Wind Offshore | Actual Aggregated,2026-08-17T13:35:39Z
2026-08-17T13:33:42Z,2026-08-17T15:33:42+0200,5bbffdc7-c3ab-4a18-a8bf-cc7d933ae677,2026-07-24T16:15:00Z,2026-07-24T18:15:00+0200,349.44,MW,FR,FR,actual_offshore_wind_generation,Wind Offshore | Actual Aggregated,2026-08-17T13:35:39Z
2026-08-17T13:33:42Z,2026-08-17T15:33:42+0200,5bbffdc7-c3ab-4a18-a8bf-cc7d933ae677,2026-07-24T16:30:00Z,2026-07-24T18:30:00+0200,333.39,MW,FR,FR,actual_offshore_wind_generation,Wind Offshore | Actual Aggregated,2026-08-17T13:35:39Z
2026-08-17T13:33:42Z,2026-08-17T15:33:42+0200,5bbffdc7-c3ab-4a18-a8bf-cc7d933ae677,2026-07-24T16:45:00Z,2026-07-24T18:45:00+0200,343.43,MW,FR,FR,actual_offshore_wind_generation,Wind Offshore | Actual Aggregated,2026-08-17T13:35:39Z
2026-08-17T13:33:42Z,2026-08-17T15:33:42+0200,5bbffdc7-c3ab-4a18-a8bf-cc7d933ae677,2026-07-24T17:00:00Z,2026-07-24T19:00:00+0200,342.65,MW,FR,FR,actual_offshore_wind_generation,Wind Offshore | Actual Aggregated,2026-08-17T13:35:39Z
2026-08-17T13:33:42Z,2026-08-17T15:33:42+0200,5bbffdc7-c3ab-4a18-a8bf-cc7d933ae677,2026-07-24T17:15:00Z,2026-07-24T19:15:00+0200,344.21,MW,FR,FR,actual_offshore_wind_generation,Wind Offshore | Actual Aggregated,2026-08-17T13:35:39Z
2026-08-17T13:33:42Z,2026-08-17T15:33:42+0200,5bbffdc7-c3ab-4a18-a8bf-cc7d933ae677,2026-07-24T17:30:00Z,2026-07-24T19:30:00+0200,364.25,MW,FR,FR,actual_offshore_wind_generation,Wind Offshore | Actual Aggregated,2026-08-17T13:35:39Z
2026-08-17T13:33:42Z,2026-08-17T15:33:42+0200,5bbffdc7-c3ab-4a18-a8bf-cc7d933ae677,2026-07-24T17:45:00Z,2026-07-24T19:45:00+0200,414.19,MW,FR,FR,actual_offshore_wind_generation,Wind Offshore | Actual Aggregated,2026-08-17T13:35:39Z
2026-08-17T13:33:42Z,2026-08-17T15:33:42+0200,5bbffdc7-c3ab-4a18-a8bf-cc7d933ae677,2026-07-24T18:00:00Z,2026-07-24T20:00:00+0200,463.26,MW,FR,FR,actual_offshore_wind_generation,Wind Offshore | Actual Aggregated,2026-08-17T13:35:39Z
2026-08-17T13:33:42Z,2026-08-17T15:33:42+0200,5bbffdc7-c3ab-4a18-a8bf-cc7d933ae677,2026-07-24T18:15:00Z,2026-07-24T20:15:00+0200,521.25,MW,FR,FR,actual_offshore_wind_generation,Wind Offshore | Actual Aggregated,2026-08-17T13:35:39Z
2026-08-17T13:33:42Z,2026-08-17T15:33:42+0200,5bbffdc7-c3ab-4a18-a8bf-cc7d933ae677,2026-07-24T18:30:00Z,2026-07-24T20:30:00+0200,618.72,MW,FR,FR,actual_offshore_wind_generation,Wind Offshore | Actual Aggregated,2026-08-17T13:35:39Z
2026-08-17T13:33:42Z,2026-08-17T15:33:42+0200,5bbffdc7-c3ab-4a18-a8bf-cc7d933ae677,2026-07-24T18:45:00Z,2026-07-24T20:45:00+0200,675.17,MW,FR,FR,actual_offshore_wind_generation,Wind Offshore | Actual Aggregated,2026-08-17T13:35:39Z
2026-08-17T13:33:42Z,2026-08-17T15:33:42+0200,5bbffdc7-c3ab-4a18-a8bf-cc7d933ae677,2026-07-24T19:00:00Z,2026-07-24T21:00:00+0200,744.46,MW,FR,FR,actual_offshore_wind_generation,Wind Offshore | Actual Aggregated,2026-08-17T13:35:39Z
2026-08-17T13:33:42Z,2026-08-17T15:33:42+0200,5bbffdc7-c3ab-4a18-a8bf-cc7d933ae677,2026-07-24T19:15:00Z,2026-07-24T21:15:00+0200,792.87,MW,FR,FR,actual_offshore_wind_generation,Wind Offshore | Actual Aggregated,2026-08-17T13:35:39Z
2026-08-17T13:33:42Z,2026-08-17T15:33:42+0200,5bbffdc7-c3ab-4a18-a8bf-cc7d933ae677,2026-07-24T19:30:00Z,2026-07-24T21:30:00+0200,841.91,MW,FR,FR,actual_offshore_wind_generation,Wind Offshore | Actual Aggregated,2026-08-17T13:35:39Z
2026-08-17T13:33:42Z,2026-08-17T15:33:42+0200,5bbffdc7-c3ab-4a18-a8bf-cc7d933ae677,2026-07-24T19:45:00Z,2026-07-24T21:45:00+0200,824.08,MW,FR,FR,actual_offshore_wind_generation,Wind Offshore | Actual Aggregated,2026-08-17T13:35:39Z
2026-08-17T13:33:42Z,2026-08-17T15:33:42+0200,5bbffdc7-c3ab-4a18-a8bf-cc7d933ae677,2026-07-24T20:00:00Z,2026-07-24T22:00:00+0200,826.77,MW,FR,FR,actual_offshore_wind_generation,Wind Offshore | Actual Aggregated,2026-08-17T13:35:39Z
2026-08-17T13:33:42Z,2026-08-17T15:33:42+0200,5bbffdc7-c3ab-4a18-a8bf-cc7d933ae677,2026-07-24T20:15:00Z,2026-07-24T22:15:00+0200,765.04,MW,FR,FR,actual_offshore_wind_generation,Wind Offshore | Actual Aggregated,2026-08-17T13:35:39Z
2026-08-17T13:33:42Z,2026-08-17T15:33:42+0200,5bbffdc7-c3ab-4a18-a8bf-cc7d933ae677,2026-07-24T20:30:00Z,2026-07-24T22:30:00+0200,810.94,MW,FR,FR,actual_offshore_wind_generation,Wind Offshore | Actual Aggregated,2026-08-17T13:35:39Z
2026-08-17T13:33:42Z,2026-08-17T15:33:42+0200,5bbffdc7-c3ab-4a18-a8bf-cc7d933ae677,2026-07-24T20:45:00Z,2026-07-24T22:45:00+0200,809.61,MW,FR,FR,actual_offshore_wind_generation,Wind Offshore | Actual Aggregated,2026-08-17T13:35:39Z
2026-08-17T13:33:42Z,2026-08-17T15:33:42+0200,5bbffdc7-c3ab-4a18-a8bf-cc7d933ae677,2026-07-24T21:00:00Z,2026-07-24T23:00:00+0200,761.51,MW,FR,FR,actual_offshore_wind_generation,Wind Offshore | Actual Aggregated,2026-08-17T13:35:39Z
2026-08-17T13:33:42Z,2026-08-17T15:33:42+0200,5bbffdc7-c3ab-4a18-a8bf-cc7d933ae677,2026-07-24T21:15:00Z,2026-07-24T23:15:00+0200,718.87,MW,FR,FR,actual_offshore_wind_generation,Wind Offshore | Actual Aggregated,2026-08-17T13:35:39Z
2026-08-17T13:33:42Z,2026-08-17T15:33:42+0200,5bbffdc7-c3ab-4a18-a8bf-cc7d933ae677,2026-07-24T21:30:00Z,2026-07-24T23:30:00+0200,805.46,MW,FR,FR,actual_offshore_wind_generation,Wind Offshore | Actual Aggregated,2026-08-17T13:35:39Z
2026-08-17T13:33:42Z,2026-08-17T15:33:42+0200,5bbffdc7-c3ab-4a18-a8bf-cc7d933ae677,2026-07-24T21:45:00Z,2026-07-24T23:45:00+0200,842.33,MW,FR,FR,actual_offshore_wind_generation,Wind Offshore | Actual Aggregated,2026-08-17T13:35:39Z
2026-08-17T13:33:42Z,2026-08-17T15:33:42+0200,5bbffdc7-c3ab-4a18-a8bf-cc7d933ae677,2026-07-24T22:00:00Z,2026-07-25T00:00:00+0200,812.84,MW,FR,FR,actual_offshore_wind_generation,Wind Offshore | Actual Aggregated,2026-08-17T13:35:39Z
2026-08-17T13:33:42Z,2026-08-17T15:33:42+0200,5bbffdc7-c3ab-4a18-a8bf-cc7d933ae677,2026-07-24T22:15:00Z,2026-07-25T00:15:00+0200,801.36,MW,FR,FR,actual_offshore_wind_generation,Wind Offshore | Actual Aggregated,2026-08-17T13:35:39Z
2026-08-17T13:33:42Z,2026-08-17T15:33:42+0200,5bbffdc7-c3ab-4a18-a8bf-cc7d933ae677,2026-07-24T22:30:00Z,2026-07-25T00:30:00+0200,776.35,MW,FR,FR,actual_offshore_wind_generation,Wind Offshore | Actual Aggregated,2026-08-17T13:35:39Z
2026-08-17T13:33:42Z,2026-08-17T15:33:42+0200,5bbffdc7-c3ab-4a18-a8bf-cc7d933ae677,2026-07-24T22:45:00Z,2026-07-25T00:45:00+0200,733.66,MW,FR,FR,actual_offshore_wind_generation,Wind Offshore | Actual Aggregated,2026-08-17T13:35:39Z
2026-08-17T13:33:42Z,2026-08-17T15:33:42+0200,5bbffdc7-c3ab-4a18-a8bf-cc7d933ae677,2026-07-24T23:00:00Z,2026-07-25T01:00:00+0200,772.72,MW,FR,FR,actual_offshore_wind_generation,Wind Offshore | Actual Aggregated,2026-08-17T13:35:39Z
2026-08-17T13:33:42Z,2026-08-17T15:33:42+0200,5bbffdc7-c3ab-4a18-a8bf-cc7d933ae677,2026-07-24T23:15:00Z,2026-07-25T01:15:00+0200,794.42,MW,FR,FR,actual_offshore_wind_generation,Wind Offshore | Actual Aggregated,2026-08-17T13:35:39Z
2026-08-17T13:33:42Z,2026-08-17T15:33:42+0200,5bbffdc7-c3ab-4a18-a8bf-cc7d933ae677,2026-07-24T23:30:00Z,2026-07-25T01:30:00+0200,804.58,MW,FR,FR,actual_offshore_wind_generation,Wind Offshore | Actual Aggregated,2026-08-17T13:35:39Z
2026-08-17T13:33:42Z,2026-08-17T15:33:42+0200,5bbffdc7-c3ab-4a18-a8bf-cc7d933ae677,2026-07-24T23:45:00Z,2026-07-25T01:45:00+0200,806.93,MW,FR,FR,actual_offshore_wind_generation,Wind Offshore | Actual Aggregated,2026-08-17T13:35:39Z
2026-08-17T13:33:42Z,2026-08-17T15:33:42+0200,5bbffdc7-c3ab-4a18-a8bf-cc7d933ae677,2026-07-25T00:00:00Z,2026-07-25T02:00:00+0200,812.46,MW,FR,FR,actual_offshore_wind_generation,Wind Offshore | Actual Aggregated,2026-08-17T13:35:39Z
2026-08-17T13:33:42Z,2026-08-17T15:33:42+0200,5bbffdc7-c3ab-4a18-a8bf-cc7d933ae677,2026-07-25T00:15:00Z,2026-07-25T02:15:00+0200,778.2,MW,FR,FR,actual_offshore_wind_generation,Wind Offshore | Actual Aggregated,2026-08-17T13:35:39Z
2026-08-17T13:33:42Z,2026-08-17T15:33:42+0200,5bbffdc7-c3ab-4a18-a8bf-cc7d933ae677,2026-07-25T00:30:00Z,2026-07-25T02:30:00+0200,738.07,MW,FR,FR,actual_offshore_wind_generation,Wind Offshore | Actual Aggregated,2026-08-17T13:35:39Z
2026-08-17T13:33:42Z,2026-08-17T15:33:42+0200,5bbffdc7-c3ab-4a18-a8bf-cc7d933ae677,2026-07-25T00:45:00Z,2026-07-25T02:45:00+0200,711.82,MW,FR,FR,actual_offshore_wind_generation,Wind Offshore | Actual Aggregated,2026-08-17T13:35:39Z
2026-08-17T13:33:42Z,2026-08-17T15:33:42+0200,5bbffdc7-c3ab-4a18-a8bf-cc7d933ae677,2026-07-25T01:00:00Z,2026-07-25T03:00:00+0200,662.43,MW,FR,FR,actual_offshore_wind_generation,Wind Offshore | Actual Aggregated,2026-08-17T13:35:39Z
2026-08-17T13:33:42Z,2026-08-17T15:33:42+0200,5bbffdc7-c3ab-4a18-a8bf-cc7d933ae677,2026-07-25T01:15:00Z,2026-07-25T03:15:00+0200,610.67,MW,FR,FR,actual_offshore_wind_generation,Wind Offshore | Actual Aggregated,2026-08-17T13:35:39Z
2026-08-17T13:33:42Z,2026-08-17T15:33:42+0200,5bbffdc7-c3ab-4a18-a8bf-cc7d933ae677,2026-07-25T01:30:00Z,2026-07-25T03:30:00+0200,595.41,MW,FR,FR,actual_offshore_wind_generation,Wind Offshore | Actual Aggregated,2026-08-17T13:35:39Z
2026-08-17T13:33:42Z,2026-08-17T15:33:42+0200,5bbffdc7-c3ab-4a18-a8bf-cc7d933ae677,2026-07-25T01:45:00Z,2026-07-25T03:45:00+0200,588.75,MW,FR,FR,actual_offshore_wind_generation,Wind Offshore | Actual Aggregated,2026-08-17T13:35:39Z
2026-08-17T13:33:42Z,2026-08-17T15:33:42+0200,5bbffdc7-c3ab-4a18-a8bf-cc7d933ae677,2026-07-25T02:00:00Z,2026-07-25T04:00:00+0200,572.29,MW,FR,FR,actual_offshore_wind_generation,Wind Offshore | Actual Aggregated,2026-08-17T13:35:39Z
2026-08-17T13:33:42Z,2026-08-17T15:33:42+0200,5bbffdc7-c3ab-4a18-a8bf-cc7d933ae677,2026-07-25T02:15:00Z,2026-07-25T04:15:00+0200,552.97,MW,FR,FR,actual_offshore_wind_generation,Wind Offshore | Actual Aggregated,2026-08-17T13:35:39Z
2026-08-17T13:33:42Z,2026-08-17T15:33:42+0200,5bbffdc7-c3ab-4a18-a8bf-cc7d933ae677,2026-07-25T02:30:00Z,2026-07-25T04:30:00+0200,540.97,MW,FR,FR,actual_offshore_wind_generation,Wind Offshore | Actual Aggregated,2026-08-17T13:35:39Z
2026-08-17T13:33:42Z,2026-08-17T15:33:42+0200,5bbffdc7-c3ab-4a18-a8bf-cc7d933ae677,2026-07-25T02:45:00Z,2026-07-25T04:45:00+0200,539.98,MW,FR,FR,actual_offshore_wind_generation,Wind Offshore | Actual Aggregated,2026-08-17T13:35:39Z
2026-08-17T13:33:42Z,2026-08-17T15:33:42+0200,5bbffdc7-c3ab-4a18-a8bf-cc7d933ae677,2026-07-25T03:00:00Z,2026-07-25T05:00:00+0200,524.51,MW,FR,FR,actual_offshore_wind_generation,Wind Offshore | Actual Aggregated,2026-08-17T13:35:39Z
2026-08-17T13:33:42Z,2026-08-17T15:33:42+0200,5bbffdc7-c3ab-4a18-a8bf-cc7d933ae677,2026-07-25T03:15:00Z,2026-07-25T05:15:00+0200,521.05,MW,FR,FR,actual_offshore_wind_generation,Wind Offshore | Actual Aggregated,2026-08-17T13:35:39Z
2026-08-17T13:33:42Z,2026-08-17T15:33:42+0200,5bbffdc7-c3ab-4a18-a8bf-cc7d933ae677,2026-07-25T03:30:00Z,2026-07-25T05:30:00+0200,530.31,MW,FR,FR,actual_offshore_wind_generation,Wind Offshore | Actual Aggregated,2026-08-17T13:35:39Z
2026-08-17T13:33:42Z,2026-08-17T15:33:42+0200,5bbffdc7-c3ab-4a18-a8bf-cc7d933ae677,2026-07-25T03:45:00Z,2026-07-25T05:45:00+0200,567.58,MW,FR,FR,actual_offshore_wind_generation,Wind Offshore | Actual Aggregated,2026-08-17T13:35:39Z
2026-08-17T13:33:42Z,2026-08-17T15:33:42+0200,5bbffdc7-c3ab-4a18-a8bf-cc7d933ae677,2026-07-25T04:00:00Z,2026-07-25T06:00:00+0200,580.58,MW,FR,FR,actual_offshore_wind_generation,Wind Offshore | Actual Aggregated,2026-08-17T13:35:39Z
2026-08-17T13:33:42Z,2026-08-17T15:33:42+0200,5bbffdc7-c3ab-4a18-a8bf-cc7d933ae677,2026-07-25T04:15:00Z,2026-07-25T06:15:00+0200,585.61,MW,FR,FR,actual_offshore_wind_generation,Wind Offshore | Actual Aggregated,2026-08-17T13:35:39Z
2026-08-17T13:33:42Z,2026-08-17T15:33:42+0200,5bbffdc7-c3ab-4a18-a8bf-cc7d933ae677,2026-07-25T04:30:00Z,2026-07-25T06:30:00+0200,584.39,MW,FR,FR,actual_offshore_wind_generation,Wind Offshore | Actual Aggregated,2026-08-17T13:35:39Z
2026-08-17T13:33:42Z,2026-08-17T15:33:42+0200,5bbffdc7-c3ab-4a18-a8bf-cc7d933ae677,2026-07-25T04:45:00Z,2026-07-25T06:45:00+0200,547.26,MW,FR,FR,actual_offshore_wind_generation,Wind Offshore | Actual Aggregated,2026-08-17T13:35:39Z
2026-08-17T13:33:42Z,2026-08-17T15:33:42+0200,5bbffdc7-c3ab-4a18-a8bf-cc7d933ae677,2026-07-25T05:00:00Z,2026-07-25T07:00:00+0200,522.33,MW,FR,FR,actual_offshore_wind_generation,Wind Offshore | Actual Aggregated,2026-08-17T13:35:39Z
2026-08-17T13:33:42Z,2026-08-17T15:33:42+0200,5bbffdc7-c3ab-4a18-a8bf-cc7d933ae677,2026-07-25T05:15:00Z,2026-07-25T07:15:00+0200,516.82,MW,FR,FR,actual_offshore_wind_generation,Wind Offshore | Actual Aggregated,2026-08-17T13:35:39Z
2026-08-17T13:33:42Z,2026-08-17T15:33:42+0200,5bbffdc7-c3ab-4a18-a8bf-cc7d933ae677,2026-07-25T05:30:00Z,2026-07-25T07:30:00+0200,491.93,MW,FR,FR,actual_offshore_wind_generation,Wind Offshore | Actual Aggregated,2026-08-17T13:35:39Z
2026-08-17T13:33:42Z,2026-08-17T15:33:42+0200,5bbffdc7-c3ab-4a18-a8bf-cc7d933ae677,2026-07-25T05:45:00Z,2026-07-25T07:45:00+0200,445.43,MW,FR,FR,actual_offshore_wind_generation,Wind Offshore | Actual Aggregated,2026-08-17T13:35:39Z
2026-08-17T13:33:42Z,2026-08-17T15:33:42+0200,5bbffdc7-c3ab-4a18-a8bf-cc7d933ae677,2026-07-25T06:00:00Z,2026-07-25T08:00:00+0200,413.8,MW,FR,FR,actual_offshore_wind_generation,Wind Offshore | Actual Aggregated,2026-08-17T13:35:39Z
2026-08-17T13:33:42Z,2026-08-17T15:33:42+0200,5bbffdc7-c3ab-4a18-a8bf-cc7d933ae677,2026-07-25T06:15:00Z,2026-07-25T08:15:00+0200,377.58,MW,FR,FR,actual_offshore_wind_generation,Wind Offshore | Actual Aggregated,2026-08-17T13:35:39Z
2026-08-17T13:33:42Z,2026-08-17T15:33:42+0200,5bbffdc7-c3ab-4a18-a8bf-cc7d933ae677,2026-07-25T06:30:00Z,2026-07-25T08:30:00+0200,360.25,MW,FR,FR,actual_offshore_wind_generation,Wind Offshore | Actual Aggregated,2026-08-17T13:35:39Z
2026-08-17T13:33:42Z,2026-08-17T15:33:42+0200,5bbffdc7-c3ab-4a18-a8bf-cc7d933ae677,2026-07-25T06:45:00Z,2026-07-25T08:45:00+0200,356.22,MW,FR,FR,actual_offshore_wind_generation,Wind Offshore | Actual Aggregated,2026-08-17T13:35:39Z
2026-08-17T13:33:42Z,2026-08-17T15:33:42+0200,5bbffdc7-c3ab-4a18-a8bf-cc7d933ae677,2026-07-25T07:00:00Z,2026-07-25T09:00:00+0200,365.19,MW,FR,FR,actual_offshore_wind_generation,Wind Offshore | Actual Aggregated,2026-08-17T13:35:39Z
2026-08-17T13:33:42Z,2026-08-17T15:33:42+0200,5bbffdc7-c3ab-4a18-a8bf-cc7d933ae677,2026-07-25T07:15:00Z,2026-07-25T09:15:00+0200,352.79,MW,FR,FR,actual_offshore_wind_generation,Wind Offshore | Actual Aggregated,2026-08-17T13:35:39Z
2026-08-17T13:33:42Z,2026-08-17T15:33:42+0200,5bbffdc7-c3ab-4a18-a8bf-cc7d933ae677,2026-07-25T07:30:00Z,2026-07-25T09:30:00+0200,313.04,MW,FR,FR,actual_offshore_wind_generation,Wind Offshore | Actual Aggregated,2026-08-17T13:35:39Z
2026-08-17T13:33:42Z,2026-08-17T15:33:42+0200,5bbffdc7-c3ab-4a18-a8bf-cc7d933ae677,2026-07-25T07:45:00Z,2026-07-25T09:45:00+0200,299.11,MW,FR,FR,actual_offshore_wind_generation,Wind Offshore | Actual Aggregated,2026-08-17T13:35:39Z
2026-08-17T13:33:42Z,2026-08-17T15:33:42+0200,5bbffdc7-c3ab-4a18-a8bf-cc7d933ae677,2026-07-25T08:00:00Z,2026-07-25T10:00:00+0200,285.15,MW,FR,FR,actual_offshore_wind_generation,Wind Offshore | Actual Aggregated,2026-08-17T13:35:39Z
2026-08-17T13:33:42Z,2026-08-17T15:33:42+0200,5bbffdc7-c3ab-4a18-a8bf-cc7d933ae677,2026-07-25T08:15:00Z,2026-07-25T10:15:00+0200,290.16,MW,FR,FR,actual_offshore_wind_generation,Wind Offshore | Actual Aggregated,2026-08-17T13:35:39Z
2026-08-17T13:33:42Z,2026-08-17T15:33:42+0200,5bbffdc7-c3ab-4a18-a8bf-cc7d933ae677,2026-07-25T08:30:00Z,2026-07-25T10:30:00+0200,273.27,MW,FR,FR,actual_offshore_wind_generation,Wind Offshore | Actual Aggregated,2026-08-17T13:35:39Z
2026-08-17T13:33:42Z,2026-08-17T15:33:42+0200,5bbffdc7-c3ab-4a18-a8bf-cc7d933ae677,2026-07-25T08:45:00Z,2026-07-25T10:45:00+0200,135.91,MW,FR,FR,actual_offshore_wind_generation,Wind Offshore | Actual Aggregated,2026-08-17T13:35:39Z
2026-08-17T13:33:42Z,2026-08-17T15:33:42+0200,5bbffdc7-c3ab-4a18-a8bf-cc7d933ae677,2026-07-25T09:00:00Z,2026-07-25T11:00:00+0200,129.53,MW,FR,FR,actual_offshore_wind_generation,Wind Offshore | Actual Aggregated,2026-08-17T13:35:39Z
2026-08-17T13:33:42Z,2026-08-17T15:33:42+0200,5bbffdc7-c3ab-4a18-a8bf-cc7d933ae677,2026-07-25T09:15:00Z,2026-07-25T11:15:00+0200,134.09,MW,FR,FR,actual_offshore_wind_generation,Wind Offshore | Actual Aggregated,2026-08-17T13:35:39Z
2026-08-17T13:33:42Z,2026-08-17T15:33:42+0200,5bbffdc7-c3ab-4a18-a8bf-cc7d933ae677,2026-07-25T09:30:00Z,2026-07-25T11:30:00+0200,141.43,MW,FR,FR,actual_offshore_wind_generation,Wind Offshore | Actual Aggregated,2026-08-17T13:35:39Z
2026-08-17T13:33:42Z,2026-08-17T15:33:42+0200,5bbffdc7-c3ab-4a18-a8bf-cc7d933ae677,2026-07-25T09:45:00Z,2026-07-25T11:45:00+0200,147.08,MW,FR,FR,actual_offshore_wind_generation,Wind Offshore | Actual Aggregated,2026-08-17T13:35:39Z
2026-08-17T13:33:42Z,2026-08-17T15:33:42+0200,5bbffdc7-c3ab-4a18-a8bf-cc7d933ae677,2026-07-25T10:00:00Z,2026-07-25T12:00:00+0200,148.89,MW,FR,FR,actual_offshore_wind_generation,Wind Offshore | Actual Aggregated,2026-08-17T13:35:39Z
2026-08-17T13:33:42Z,2026-08-17T15:33:42+0200,5bbffdc7-c3ab-4a18-a8bf-cc7d933ae677,2026-07-25T10:15:00Z,2026-07-25T12:15:00+0200,151.14,MW,FR,FR,actual_offshore_wind_generation,Wind Offshore | Actual Aggregated,2026-08-17T13:35:39Z
2026-08-17T13:33:42Z,2026-08-17T15:33:42+0200,5bbffdc7-c3ab-4a18-a8bf-cc7d933ae677,2026-07-25T10:30:00Z,2026-07-25T12:30:00+0200,144.21,MW,FR,FR,actual_offshore_wind_generation,Wind Offshore | Actual Aggregated,2026-08-17T13:35:39Z
2026-08-17T13:33:42Z,2026-08-17T15:33:42+0200,5bbffdc7-c3ab-4a18-a8bf-cc7d933ae677,2026-07-25T10:45:00Z,2026-07-25T12:45:00+0200,143.42,MW,FR,FR,actual_offshore_wind_generation,Wind Offshore | Actual Aggregated,2026-08-17T13:35:39Z
2026-08-17T13:33:42Z,2026-08-17T15:33:42+0200,5bbffdc7-c3ab-4a18-a8bf-cc7d933ae677,2026-07-25T11:00:00Z,2026-07-25T13:00:00+0200,143.1,MW,FR,FR,actual_offshore_wind_generation,Wind Offshore | Actual Aggregated,2026-08-17T13:35:39Z
2026-08-17T13:33:42Z,2026-08-17T15:33:42+0200,5bbffdc7-c3ab-4a18-a8bf-cc7d933ae677,2026-07-25T11:15:00Z,2026-07-25T13:15:00+0200,144.08,MW,FR,FR,actual_offshore_wind_generation,Wind Offshore | Actual Aggregated,2026-08-17T13:35:39Z
2026-08-17T13:33:42Z,2026-08-17T15:33:42+0200,5bbffdc7-c3ab-4a18-a8bf-cc7d933ae677,2026-07-25T11:30:00Z,2026-07-25T13:30:00+0200,145.62,MW,FR,FR,actual_offshore_wind_generation,Wind Offshore | Actual Aggregated,2026-08-17T13:35:39Z
2026-08-17T13:33:42Z,2026-08-17T15:33:42+0200,5bbffdc7-c3ab-4a18-a8bf-cc7d933ae677,2026-07-25T11:45:00Z,2026-07-25T13:45:00+0200,146.58,MW,FR,FR,actual_offshore_wind_generation,Wind Offshore | Actual Aggregated,2026-08-17T13:35:39Z
2026-08-17T13:33:42Z,2026-08-17T15:33:42+0200,5bbffdc7-c3ab-4a18-a8bf-cc7d933ae677,2026-07-25T12:00:00Z,2026-07-25T14:00:00+0200,149.9,MW,FR,FR,actual_offshore_wind_generation,Wind Offshore | Actual Aggregated,2026-08-17T13:35:39Z
2026-08-17T13:33:42Z,2026-08-17T15:33:42+0200,5bbffdc7-c3ab-4a18-a8bf-cc7d933ae677,2026-07-25T12:15:00Z,2026-07-25T14:15:00+0200,149.09,MW,FR,FR,actual_offshore_wind_generation,Wind Offshore | Actual Aggregated,2026-08-17T13:35:39Z
2026-08-17T13:33:42Z,2026-08-17T15:33:42+0200,5bbffdc7-c3ab-4a18-a8bf-cc7d933ae677,2026-07-25T12:30:00Z,2026-07-25T14:30:00+0200,140.21,MW,FR,FR,actual_offshore_wind_generation,Wind Offshore | Actual Aggregated,2026-08-17T13:35:39Z
2026-08-17T13:33:42Z,2026-08-17T15:33:42+0200,5bbffdc7-c3ab-4a18-a8bf-cc7d933ae677,2026-07-25T12:45:00Z,2026-07-25T14:45:00+0200,134.28,MW,FR,FR,actual_offshore_wind_generation,Wind Offshore | Actual Aggregated,2026-08-17T13:35:39Z
2026-08-17T13:33:42Z,2026-08-17T15:33:42+0200,5bbffdc7-c3ab-4a18-a8bf-cc7d933ae677,2026-07-25T13:00:00Z,2026-07-25T15:00:00+0200,137.17,MW,FR,FR,actual_offshore_wind_generation,Wind Offshore | Actual Aggregated,2026-08-17T13:35:39Z
2026-08-17T13:33:42Z,2026-08-17T15:33:42+0200,5bbffdc7-c3ab-4a18-a8bf-cc7d933ae677,2026-07-25T13:15:00Z,2026-07-25T15:15:00+0200,138.22,MW,FR,FR,actual_offshore_wind_generation,Wind Offshore | Actual Aggregated,2026-08-17T13:35:39Z
2026-08-17T13:33:42Z,2026-08-17T15:33:42+0200,5bbffdc7-c3ab-4a18-a8bf-cc7d933ae677,2026-07-25T13:30:00Z,2026-07-25T15:30:00+0200,138.63,MW,FR,FR,actual_offshore_wind_generation,Wind Offshore | Actual Aggregated,2026-08-17T13:35:39Z
2026-08-17T13:33:42Z,2026-08-17T15:33:42+0200,5bbffdc7-c3ab-4a18-a8bf-cc7d933ae677,2026-07-25T13:45:00Z,2026-07-25T15:45:00+0200,137.19,MW,FR,FR,actual_offshore_wind_generation,Wind Offshore | Actual Aggregated,2026-08-17T13:35:39Z
2026-08-17T13:33:42Z,2026-08-17T15:33:42+0200,5bbffdc7-c3ab-4a18-a8bf-cc7d933ae677,2026-07-25T14:00:00Z,2026-07-25T16:00:00+0200,201.62,MW,FR,FR,actual_offshore_wind_generation,Wind Offshore | Actual Aggregated,2026-08-17T13:35:39Z
2026-08-17T13:33:42Z,2026-08-17T15:33:42+0200,5bbffdc7-c3ab-4a18-a8bf-cc7d933ae677,2026-07-25T14:15:00Z,2026-07-25T16:15:00+0200,541.44,MW,FR,FR,actual_offshore_wind_generation,Wind Offshore | Actual Aggregated,2026-08-17T13:35:39Z
2026-08-17T13:33:42Z,2026-08-17T15:33:42+0200,5bbffdc7-c3ab-4a18-a8bf-cc7d933ae677,2026-07-25T14:30:00Z,2026-07-25T16:30:00+0200,1042.13,MW,FR,FR,actual_offshore_wind_generation,Wind Offshore | Actual Aggregated,2026-08-17T13:35:39Z
2026-08-17T13:33:42Z,2026-08-17T15:33:42+0200,5bbffdc7-c3ab-4a18-a8bf-cc7d933ae677,2026-07-25T14:45:00Z,2026-07-25T16:45:00+0200,1110.09,MW,FR,FR,actual_offshore_wind_generation,Wind Offshore | Actual Aggregated,2026-08-17T13:35:39Z
2026-08-17T13:33:42Z,2026-08-17T15:33:42+0200,5bbffdc7-c3ab-4a18-a8bf-cc7d933ae677,2026-07-25T15:00:00Z,2026-07-25T17:00:00+0200,1140.76,MW,FR,FR,actual_offshore_wind_generation,Wind Offshore | Actual Aggregated,2026-08-17T13:35:39Z
2026-08-17T13:33:42Z,2026-08-17T15:33:42+0200,5bbffdc7-c3ab-4a18-a8bf-cc7d933ae677,2026-07-25T15:15:00Z,2026-07-25T17:15:00+0200,1186.6,MW,FR,FR,actual_offshore_wind_generation,Wind Offshore | Actual Aggregated,2026-08-17T13:35:39Z
2026-08-17T13:33:42Z,2026-08-17T15:33:42+0200,5bbffdc7-c3ab-4a18-a8bf-cc7d933ae677,2026-07-25T15:30:00Z,2026-07-25T17:30:00+0200,1209.22,MW,FR,FR,actual_offshore_wind_generation,Wind Offshore | Actual Aggregated,2026-08-17T13:35:39Z
2026-08-17T13:33:42Z,2026-08-17T15:33:42+0200,5bbffdc7-c3ab-4a18-a8bf-cc7d933ae677,2026-07-25T15:45:00Z,2026-07-25T17:45:00+0200,1201.75,MW,FR,FR,actual_offshore_wind_generation,Wind Offshore | Actual Aggregated,2026-08-17T13:35:39Z
2026-08-17T13:33:42Z,2026-08-17T15:33:42+0200,5bbffdc7-c3ab-4a18-a8bf-cc7d933ae677,2026-07-25T16:00:00Z,2026-07-25T18:00:00+0200,1165.5,MW,FR,FR,actual_offshore_wind_generation,Wind Offshore | Actual Aggregated,2026-08-17T13:35:39Z
2026-08-17T13:33:42Z,2026-08-17T15:33:42+0200,5bbffdc7-c3ab-4a18-a8bf-cc7d933ae677,2026-07-25T16:15:00Z,2026-07-25T18:15:00+0200,1189.93,MW,FR,FR,actual_offshore_wind_generation,Wind Offshore | Actual Aggregated,2026-08-17T13:35:39Z
2026-08-17T13:33:42Z,2026-08-17T15:33:42+0200,5bbffdc7-c3ab-4a18-a8bf-cc7d933ae677,2026-07-25T16:30:00Z,2026-07-25T18:30:00+0200,1272.63,MW,FR,FR,actual_offshore_wind_generation,Wind Offshore | Actual Aggregated,2026-08-17T13:35:39Z
2026-08-17T13:33:42Z,2026-08-17T15:33:42+0200,5bbffdc7-c3ab-4a18-a8bf-cc7d933ae677,2026-07-25T16:45:00Z,2026-07-25T18:45:00+0200,1377.54,MW,FR,FR,actual_offshore_wind_generation,Wind Offshore | Actual Aggregated,2026-08-17T13:35:39Z
2026-08-17T13:33:42Z,2026-08-17T15:33:42+0200,5bbffdc7-c3ab-4a18-a8bf-cc7d933ae677,2026-07-25T17:00:00Z,2026-07-25T19:00:00+0200,1454.27,MW,FR,FR,actual_offshore_wind_generation,Wind Offshore | Actual Aggregated,2026-08-17T13:35:39Z
2026-08-17T13:33:42Z,2026-08-17T15:33:42+0200,5bbffdc7-c3ab-4a18-a8bf-cc7d933ae677,2026-07-25T17:15:00Z,2026-07-25T19:15:00+0200,1478.39,MW,FR,FR,actual_offshore_wind_generation,Wind Offshore | Actual Aggregated,2026-08-17T13:35:39Z
2026-08-17T13:33:42Z,2026-08-17T15:33:42+0200,5bbffdc7-c3ab-4a18-a8bf-cc7d933ae677,2026-07-25T17:30:00Z,2026-07-25T19:30:00+0200,1598.35,MW,FR,FR,actual_offshore_wind_generation,Wind Offshore | Actual Aggregated,2026-08-17T13:35:39Z
2026-08-17T13:33:42Z,2026-08-17T15:33:42+0200,5bbffdc7-c3ab-4a18-a8bf-cc7d933ae677,2026-07-25T17:45:00Z,2026-07-25T19:45:00+0200,1598.81,MW,FR,FR,actual_offshore_wind_generation,Wind Offshore | Actual Aggregated,2026-08-17T13:35:39Z
2026-08-17T13:33:42Z,2026-08-17T15:33:42+0200,5bbffdc7-c3ab-4a18-a8bf-cc7d933ae677,2026-07-25T18:00:00Z,2026-07-25T20:00:00+0200,1652.71,MW,FR,FR,actual_offshore_wind_generation,Wind Offshore | Actual Aggregated,2026-08-17T13:35:39Z
2026-08-17T13:33:42Z,2026-08-17T15:33:42+0200,5bbffdc7-c3ab-4a18-a8bf-cc7d933ae677,2026-07-25T18:15:00Z,2026-07-25T20:15:00+0200,1695.87,MW,FR,FR,actual_offshore_wind_generation,Wind Offshore | Actual Aggregated,2026-08-17T13:35:39Z
2026-08-17T13:33:42Z,2026-08-17T15:33:42+0200,5bbffdc7-c3ab-4a18-a8bf-cc7d933ae677,2026-07-25T18:30:00Z,2026-07-25T20:30:00+0200,1694.37,MW,FR,FR,actual_offshore_wind_generation,Wind Offshore | Actual Aggregated,2026-08-17T13:35:39Z
2026-08-17T13:33:42Z,2026-08-17T15:33:42+0200,5bbffdc7-c3ab-4a18-a8bf-cc7d933ae677,2026-07-25T18:45:00Z,2026-07-25T20:45:00+0200,1699.75,MW,FR,FR,actual_offshore_wind_generation,Wind Offshore | Actual Aggregated,2026-08-17T13:35:39Z
2026-08-17T13:33:42Z,2026-08-17T15:33:42+0200,5bbffdc7-c3ab-4a18-a8bf-cc7d933ae677,2026-07-25T19:00:00Z,2026-07-25T21:00:00+0200,1716.34,MW,FR,FR,actual_offshore_wind_generation,Wind Offshore | Actual Aggregated,2026-08-17T13:35:39Z
2026-08-17T13:33:42Z,2026-08-17T15:33:42+0200,5bbffdc7-c3ab-4a18-a8bf-cc7d933ae677,2026-07-25T19:15:00Z,2026-07-25T21:15:00+0200,1752.98,MW,FR,FR,actual_offshore_wind_generation,Wind Offshore | Actual Aggregated,2026-08-17T13:35:39Z
2026-08-17T13:33:42Z,2026-08-17T15:33:42+0200,5bbffdc7-c3ab-4a18-a8bf-cc7d933ae677,2026-07-25T19:30:00Z,2026-07-25T21:30:00+0200,1763.28,MW,FR,FR,actual_offshore_wind_generation,Wind Offshore | Actual Aggregated,2026-08-17T13:35:39Z
2026-08-17T13:33:42Z,2026-08-17T15:33:42+0200,5bbffdc7-c3ab-4a18-a8bf-cc7d933ae677,2026-07-25T19:45:00Z,2026-07-25T21:45:00+0200,1758.2,MW,FR,FR,actual_offshore_wind_generation,Wind Offshore | Actual Aggregated,2026-08-17T13:35:39Z
2026-08-17T13:33:42Z,2026-08-17T15:33:42+0200,5bbffdc7-c3ab-4a18-a8bf-cc7d933ae677,2026-07-25T20:00:00Z,2026-07-25T22:00:00+0200,1762.89,MW,FR,FR,actual_offshore_wind_generation,Wind Offshore | Actual Aggregated,2026-08-17T13:35:39Z
2026-08-17T13:33:42Z,2026-08-17T15:33:42+0200,5bbffdc7-c3ab-4a18-a8bf-cc7d933ae677,2026-07-25T20:15:00Z,2026-07-25T22:15:00+0200,1753.93,MW,FR,FR,actual_offshore_wind_generation,Wind Offshore | Actual Aggregated,2026-08-17T13:35:39Z
2026-08-17T13:33:42Z,2026-08-17T15:33:42+0200,5bbffdc7-c3ab-4a18-a8bf-cc7d933ae677,2026-07-25T20:30:00Z,2026-07-25T22:30:00+0200,1686.18,MW,FR,FR,actual_offshore_wind_generation,Wind Offshore | Actual Aggregated,2026-08-17T13:35:39Z
2026-08-17T13:33:42Z,2026-08-17T15:33:42+0200,5bbffdc7-c3ab-4a18-a8bf-cc7d933ae677,2026-07-25T20:45:00Z,2026-07-25T22:45:00+0200,1676.04,MW,FR,FR,actual_offshore_wind_generation,Wind Offshore | Actual Aggregated,2026-08-17T13:35:39Z
2026-08-17T13:33:42Z,2026-08-17T15:33:42+0200,5bbffdc7-c3ab-4a18-a8bf-cc7d933ae677,2026-07-25T21:00:00Z,2026-07-25T23:00:00+0200,1625.01,MW,FR,FR,actual_offshore_wind_generation,Wind Offshore | Actual Aggregated,2026-08-17T13:35:39Z
2026-08-17T13:33:42Z,2026-08-17T15:33:42+0200,5bbffdc7-c3ab-4a18-a8bf-cc7d933ae677,2026-07-25T21:15:00Z,2026-07-25T23:15:00+0200,1558.19,MW,FR,FR,actual_offshore_wind_generation,Wind Offshore | Actual Aggregated,2026-08-17T13:35:39Z
2026-08-17T13:33:42Z,2026-08-17T15:33:42+0200,5bbffdc7-c3ab-4a18-a8bf-cc7d933ae677,2026-07-25T21:30:00Z,2026-07-25T23:30:00+0200,1466.8,MW,FR,FR,actual_offshore_wind_generation,Wind Offshore | Actual Aggregated,2026-08-17T13:35:39Z
2026-08-17T13:33:42Z,2026-08-17T15:33:42+0200,5bbffdc7-c3ab-4a18-a8bf-cc7d933ae677,2026-07-25T21:45:00Z,2026-07-25T23:45:00+0200,1361.75,MW,FR,FR,actual_offshore_wind_generation,Wind Offshore | Actual Aggregated,2026-08-17T13:35:39Z
2026-08-17T13:33:42Z,2026-08-17T15:33:42+0200,5bbffdc7-c3ab-4a18-a8bf-cc7d933ae677,2026-07-25T22:00:00Z,2026-07-26T00:00:00+0200,1271.27,MW,FR,FR,actual_offshore_wind_generation,Wind Offshore | Actual Aggregated,2026-08-17T13:35:39Z
2026-08-17T13:33:42Z,2026-08-17T15:33:42+0200,5bbffdc7-c3ab-4a18-a8bf-cc7d933ae677,2026-07-25T22:15:00Z,2026-07-26T00:15:00+0200,1186.08,MW,FR,FR,actual_offshore_wind_generation,Wind Offshore | Actual Aggregated,2026-08-17T13:35:39Z
2026-08-17T13:33:42Z,2026-08-17T15:33:42+0200,5bbffdc7-c3ab-4a18-a8bf-cc7d933ae677,2026-07-25T22:30:00Z,2026-07-26T00:30:00+0200,1060.35,MW,FR,FR,actual_offshore_wind_generation,Wind Offshore | Actual Aggregated,2026-08-17T13:35:39Z
2026-08-17T13:33:42Z,2026-08-17T15:33:42+0200,5bbffdc7-c3ab-4a18-a8bf-cc7d933ae677,2026-07-25T22:45:00Z,2026-07-26T00:45:00+0200,1144.66,MW,FR,FR,actual_offshore_wind_generation,Wind Offshore | Actual Aggregated,2026-08-17T13:35:39Z
2026-08-17T13:33:42Z,2026-08-17T15:33:42+0200,5bbffdc7-c3ab-4a18-a8bf-cc7d933ae677,2026-07-25T23:00:00Z,2026-07-26T01:00:00+0200,1175.99,MW,FR,FR,actual_offshore_wind_generation,Wind Offshore | Actual Aggregated,2026-08-17T13:35:39Z
2026-08-17T13:33:42Z,2026-08-17T15:33:42+0200,5bbffdc7-c3ab-4a18-a8bf-cc7d933ae677,2026-07-25T23:15:00Z,2026-07-26T01:15:00+0200,1114.16,MW,FR,FR,actual_offshore_wind_generation,Wind Offshore | Actual Aggregated,2026-08-17T13:35:39Z
2026-08-17T13:33:42Z,2026-08-17T15:33:42+0200,5bbffdc7-c3ab-4a18-a8bf-cc7d933ae677,2026-07-25T23:30:00Z,2026-07-26T01:30:00+0200,1136.73,MW,FR,FR,actual_offshore_wind_generation,Wind Offshore | Actual Aggregated,2026-08-17T13:35:39Z
2026-08-17T13:33:42Z,2026-08-17T15:33:42+0200,5bbffdc7-c3ab-4a18-a8bf-cc7d933ae677,2026-07-25T23:45:00Z,2026-07-26T01:45:00+0200,1267.62,MW,FR,FR,actual_offshore_wind_generation,Wind Offshore | Actual Aggregated,2026-08-17T13:35:39Z
2026-08-17T13:33:42Z,2026-08-17T15:33:42+0200,5bbffdc7-c3ab-4a18-a8bf-cc7d933ae677,2026-07-26T00:00:00Z,2026-07-26T02:00:00+0200,1417.97,MW,FR,FR,actual_offshore_wind_generation,Wind Offshore | Actual Aggregated,2026-08-17T13:35:39Z
2026-08-17T13:33:42Z,2026-08-17T15:33:42+0200,5bbffdc7-c3ab-4a18-a8bf-cc7d933ae677,2026-07-26T00:15:00Z,2026-07-26T02:15:00+0200,1426.63,MW,FR,FR,actual_offshore_wind_generation,Wind Offshore | Actual Aggregated,2026-08-17T13:35:39Z
2026-08-17T13:33:42Z,2026-08-17T15:33:42+0200,5bbffdc7-c3ab-4a18-a8bf-cc7d933ae677,2026-07-26T00:30:00Z,2026-07-26T02:30:00+0200,1343.85,MW,FR,FR,actual_offshore_wind_generation,Wind Offshore | Actual Aggregated,2026-08-17T13:35:39Z
2026-08-17T13:33:42Z,2026-08-17T15:33:42+0200,5bbffdc7-c3ab-4a18-a8bf-cc7d933ae677,2026-07-26T00:45:00Z,2026-07-26T02:45:00+0200,1306.45,MW,FR,FR,actual_offshore_wind_generation,Wind Offshore | Actual Aggregated,2026-08-17T13:35:39Z
2026-08-17T13:33:42Z,2026-08-17T15:33:42+0200,5bbffdc7-c3ab-4a18-a8bf-cc7d933ae677,2026-07-26T01:00:00Z,2026-07-26T03:00:00+0200,1269.11,MW,FR,FR,actual_offshore_wind_generation,Wind Offshore | Actual Aggregated,2026-08-17T13:35:39Z
2026-08-17T13:33:42Z,2026-08-17T15:33:42+0200,5bbffdc7-c3ab-4a18-a8bf-cc7d933ae677,2026-07-26T01:15:00Z,2026-07-26T03:15:00+0200,1252.43,MW,FR,FR,actual_offshore_wind_generation,Wind Offshore | Actual Aggregated,2026-08-17T13:35:39Z
2026-08-17T13:33:42Z,2026-08-17T15:33:42+0200,5bbffdc7-c3ab-4a18-a8bf-cc7d933ae677,2026-07-26T01:30:00Z,2026-07-26T03:30:00+0200,1250.65,MW,FR,FR,actual_offshore_wind_generation,Wind Offshore | Actual Aggregated,2026-08-17T13:35:39Z
2026-08-17T13:33:42Z,2026-08-17T15:33:42+0200,5bbffdc7-c3ab-4a18-a8bf-cc7d933ae677,2026-07-26T01:45:00Z,2026-07-26T03:45:00+0200,1238.73,MW,FR,FR,actual_offshore_wind_generation,Wind Offshore | Actual Aggregated,2026-08-17T13:35:39Z
2026-08-17T13:33:42Z,2026-08-17T15:33:42+0200,5bbffdc7-c3ab-4a18-a8bf-cc7d933ae677,2026-07-26T02:00:00Z,2026-07-26T04:00:00+0200,1194.76,MW,FR,FR,actual_offshore_wind_generation,Wind Offshore | Actual Aggregated,2026-08-17T13:35:39Z
2026-08-17T13:33:42Z,2026-08-17T15:33:42+0200,5bbffdc7-c3ab-4a18-a8bf-cc7d933ae677,2026-07-26T02:15:00Z,2026-07-26T04:15:00+0200,1093.13,MW,FR,FR,actual_offshore_wind_generation,Wind Offshore | Actual Aggregated,2026-08-17T13:35:39Z
2026-08-17T13:33:42Z,2026-08-17T15:33:42+0200,5bbffdc7-c3ab-4a18-a8bf-cc7d933ae677,2026-07-26T02:30:00Z,2026-07-26T04:30:00+0200,925.86,MW,FR,FR,actual_offshore_wind_generation,Wind Offshore | Actual Aggregated,2026-08-17T13:35:39Z
2026-08-17T13:33:42Z,2026-08-17T15:33:42+0200,5bbffdc7-c3ab-4a18-a8bf-cc7d933ae677,2026-07-26T02:45:00Z,2026-07-26T04:45:00+0200,916.03,MW,FR,FR,actual_offshore_wind_generation,Wind Offshore | Actual Aggregated,2026-08-17T13:35:39Z
2026-08-17T13:33:42Z,2026-08-17T15:33:42+0200,5bbffdc7-c3ab-4a18-a8bf-cc7d933ae677,2026-07-26T03:00:00Z,2026-07-26T05:00:00+0200,908.49,MW,FR,FR,actual_offshore_wind_generation,Wind Offshore | Actual Aggregated,2026-08-17T13:35:39Z
2026-08-17T13:33:42Z,2026-08-17T15:33:42+0200,5bbffdc7-c3ab-4a18-a8bf-cc7d933ae677,2026-07-26T03:15:00Z,2026-07-26T05:15:00+0200,903.42,MW,FR,FR,actual_offshore_wind_generation,Wind Offshore | Actual Aggregated,2026-08-17T13:35:39Z
2026-08-17T13:33:42Z,2026-08-17T15:33:42+0200,5bbffdc7-c3ab-4a18-a8bf-cc7d933ae677,2026-07-26T03:30:00Z,2026-07-26T05:30:00+0200,903.47,MW,FR,FR,actual_offshore_wind_generation,Wind Offshore | Actual Aggregated,2026-08-17T13:35:39Z
2026-08-17T13:33:42Z,2026-08-17T15:33:42+0200,5bbffdc7-c3ab-4a18-a8bf-cc7d933ae677,2026-07-26T03:45:00Z,2026-07-26T05:45:00+0200,919.11,MW,FR,FR,actual_offshore_wind_generation,Wind Offshore | Actual Aggregated,2026-08-17T13:35:39Z
2026-08-17T13:33:42Z,2026-08-17T15:33:42+0200,5bbffdc7-c3ab-4a18-a8bf-cc7d933ae677,2026-07-26T04:00:00Z,2026-07-26T06:00:00+0200,971.82,MW,FR,FR,actual_offshore_wind_generation,Wind Offshore | Actual Aggregated,2026-08-17T13:35:39Z
2026-08-17T13:33:42Z,2026-08-17T15:33:42+0200,5bbffdc7-c3ab-4a18-a8bf-cc7d933ae677,2026-07-26T04:15:00Z,2026-07-26T06:15:00+0200,1032.79,MW,FR,FR,actual_offshore_wind_generation,Wind Offshore | Actual Aggregated,2026-08-17T13:35:39Z
2026-08-17T13:33:42Z,2026-08-17T15:33:42+0200,5bbffdc7-c3ab-4a18-a8bf-cc7d933ae677,2026-07-26T04:30:00Z,2026-07-26T06:30:00+0200,1026.57,MW,FR,FR,actual_offshore_wind_generation,Wind Offshore | Actual Aggregated,2026-08-17T13:35:39Z
2026-08-17T13:33:42Z,2026-08-17T15:33:42+0200,5bbffdc7-c3ab-4a18-a8bf-cc7d933ae677,2026-07-26T04:45:00Z,2026-07-26T06:45:00+0200,1053.89,MW,FR,FR,actual_offshore_wind_generation,Wind Offshore | Actual Aggregated,2026-08-17T13:35:39Z
2026-08-17T13:33:42Z,2026-08-17T15:33:42+0200,5bbffdc7-c3ab-4a18-a8bf-cc7d933ae677,2026-07-26T05:00:00Z,2026-07-26T07:00:00+0200,1123.26,MW,FR,FR,actual_offshore_wind_generation,Wind Offshore | Actual Aggregated,2026-08-17T13:35:39Z
2026-08-17T13:33:42Z,2026-08-17T15:33:42+0200,5bbffdc7-c3ab-4a18-a8bf-cc7d933ae677,2026-07-26T05:15:00Z,2026-07-26T07:15:00+0200,1105.62,MW,FR,FR,actual_offshore_wind_generation,Wind Offshore | Actual Aggregated,2026-08-17T13:35:39Z
2026-08-17T13:33:42Z,2026-08-17T15:33:42+0200,5bbffdc7-c3ab-4a18-a8bf-cc7d933ae677,2026-07-26T05:30:00Z,2026-07-26T07:30:00+0200,1194.51,MW,FR,FR,actual_offshore_wind_generation,Wind Offshore | Actual Aggregated,2026-08-17T13:35:39Z
2026-08-17T13:33:42Z,2026-08-17T15:33:42+0200,5bbffdc7-c3ab-4a18-a8bf-cc7d933ae677,2026-07-26T05:45:00Z,2026-07-26T07:45:00+0200,1088.49,MW,FR,FR,actual_offshore_wind_generation,Wind Offshore | Actual Aggregated,2026-08-17T13:35:39Z
2026-08-17T13:33:42Z,2026-08-17T15:33:42+0200,5bbffdc7-c3ab-4a18-a8bf-cc7d933ae677,2026-07-26T06:00:00Z,2026-07-26T08:00:00+0200,1025.67,MW,FR,FR,actual_offshore_wind_generation,Wind Offshore | Actual Aggregated,2026-08-17T13:35:39Z
2026-08-17T13:33:42Z,2026-08-17T15:33:42+0200,5bbffdc7-c3ab-4a18-a8bf-cc7d933ae677,2026-07-26T06:15:00Z,2026-07-26T08:15:00+0200,976.17,MW,FR,FR,actual_offshore_wind_generation,Wind Offshore | Actual Aggregated,2026-08-17T13:35:39Z
2026-08-17T13:33:42Z,2026-08-17T15:33:42+0200,5bbffdc7-c3ab-4a18-a8bf-cc7d933ae677,2026-07-26T06:30:00Z,2026-07-26T08:30:00+0200,1035.82,MW,FR,FR,actual_offshore_wind_generation,Wind Offshore | Actual Aggregated,2026-08-17T13:35:39Z
2026-08-17T13:33:42Z,2026-08-17T15:33:42+0200,5bbffdc7-c3ab-4a18-a8bf-cc7d933ae677,2026-07-26T06:45:00Z,2026-07-26T08:45:00+0200,1107.33,MW,FR,FR,actual_offshore_wind_generation,Wind Offshore | Actual Aggregated,2026-08-17T13:35:39Z
2026-08-17T13:33:42Z,2026-08-17T15:33:42+0200,5bbffdc7-c3ab-4a18-a8bf-cc7d933ae677,2026-07-26T07:00:00Z,2026-07-26T09:00:00+0200,1089.38,MW,FR,FR,actual_offshore_wind_generation,Wind Offshore | Actual Aggregated,2026-08-17T13:35:39Z
2026-08-17T13:33:42Z,2026-08-17T15:33:42+0200,5bbffdc7-c3ab-4a18-a8bf-cc7d933ae677,2026-07-26T07:15:00Z,2026-07-26T09:15:00+0200,1016.16,MW,FR,FR,actual_offshore_wind_generation,Wind Offshore | Actual Aggregated,2026-08-17T13:35:39Z
2026-08-17T13:33:42Z,2026-08-17T15:33:42+0200,5bbffdc7-c3ab-4a18-a8bf-cc7d933ae677,2026-07-26T07:30:00Z,2026-07-26T09:30:00+0200,1061.64,MW,FR,FR,actual_offshore_wind_generation,Wind Offshore | Actual Aggregated,2026-08-17T13:35:39Z
2026-08-17T13:33:42Z,2026-08-17T15:33:42+0200,5bbffdc7-c3ab-4a18-a8bf-cc7d933ae677,2026-07-26T07:45:00Z,2026-07-26T09:45:00+0200,1091.08,MW,FR,FR,actual_offshore_wind_generation,Wind Offshore | Actual Aggregated,2026-08-17T13:35:39Z
2026-08-17T13:33:42Z,2026-08-17T15:33:42+0200,5bbffdc7-c3ab-4a18-a8bf-cc7d933ae677,2026-07-26T08:00:00Z,2026-07-26T10:00:00+0200,1074.34,MW,FR,FR,actual_offshore_wind_generation,Wind Offshore | Actual Aggregated,2026-08-17T13:35:39Z
2026-08-17T13:33:42Z,2026-08-17T15:33:42+0200,5bbffdc7-c3ab-4a18-a8bf-cc7d933ae677,2026-07-26T08:15:00Z,2026-07-26T10:15:00+0200,1130.77,MW,FR,FR,actual_offshore_wind_generation,Wind Offshore | Actual Aggregated,2026-08-17T13:35:39Z
2026-08-17T13:33:42Z,2026-08-17T15:33:42+0200,5bbffdc7-c3ab-4a18-a8bf-cc7d933ae677,2026-07-26T08:30:00Z,2026-07-26T10:30:00+0200,1128.69,MW,FR,FR,actual_offshore_wind_generation,Wind Offshore | Actual Aggregated,2026-08-17T13:35:39Z
2026-08-17T13:33:42Z,2026-08-17T15:33:42+0200,5bbffdc7-c3ab-4a18-a8bf-cc7d933ae677,2026-07-26T08:45:00Z,2026-07-26T10:45:00+0200,1128.64,MW,FR,FR,actual_offshore_wind_generation,Wind Offshore | Actual Aggregated,2026-08-17T13:35:39Z
2026-08-17T13:33:42Z,2026-08-17T15:33:42+0200,5bbffdc7-c3ab-4a18-a8bf-cc7d933ae677,2026-07-26T09:00:00Z,2026-07-26T11:00:00+0200,1314.13,MW,FR,FR,actual_offshore_wind_generation,Wind Offshore | Actual Aggregated,2026-08-17T13:35:39Z
2026-08-17T13:33:42Z,2026-08-17T15:33:42+0200,5bbffdc7-c3ab-4a18-a8bf-cc7d933ae677,2026-07-26T09:15:00Z,2026-07-26T11:15:00+0200,1270.62,MW,FR,FR,actual_offshore_wind_generation,Wind Offshore | Actual Aggregated,2026-08-17T13:35:39Z
2026-08-17T13:33:42Z,2026-08-17T15:33:42+0200,5bbffdc7-c3ab-4a18-a8bf-cc7d933ae677,2026-07-26T09:30:00Z,2026-07-26T11:30:00+0200,1258.18,MW,FR,FR,actual_offshore_wind_generation,Wind Offshore | Actual Aggregated,2026-08-17T13:35:39Z
2026-08-17T13:33:42Z,2026-08-17T15:33:42+0200,5bbffdc7-c3ab-4a18-a8bf-cc7d933ae677,2026-07-26T09:45:00Z,2026-07-26T11:45:00+0200,1194.84,MW,FR,FR,actual_offshore_wind_generation,Wind Offshore | Actual Aggregated,2026-08-17T13:35:39Z
2026-08-17T13:33:42Z,2026-08-17T15:33:42+0200,5bbffdc7-c3ab-4a18-a8bf-cc7d933ae677,2026-07-26T10:00:00Z,2026-07-26T12:00:00+0200,1303.08,MW,FR,FR,actual_offshore_wind_generation,Wind Offshore | Actual Aggregated,2026-08-17T13:35:39Z
2026-08-17T13:33:42Z,2026-08-17T15:33:42+0200,5bbffdc7-c3ab-4a18-a8bf-cc7d933ae677,2026-07-26T10:15:00Z,2026-07-26T12:15:00+0200,1329.7,MW,FR,FR,actual_offshore_wind_generation,Wind Offshore | Actual Aggregated,2026-08-17T13:35:39Z
2026-08-17T13:33:42Z,2026-08-17T15:33:42+0200,5bbffdc7-c3ab-4a18-a8bf-cc7d933ae677,2026-07-26T10:30:00Z,2026-07-26T12:30:00+0200,1374.63,MW,FR,FR,actual_offshore_wind_generation,Wind Offshore | Actual Aggregated,2026-08-17T13:35:39Z
2026-08-17T13:33:42Z,2026-08-17T15:33:42+0200,5bbffdc7-c3ab-4a18-a8bf-cc7d933ae677,2026-07-26T10:45:00Z,2026-07-26T12:45:00+0200,1327.76,MW,FR,FR,actual_offshore_wind_generation,Wind Offshore | Actual Aggregated,2026-08-17T13:35:39Z
2026-08-17T13:33:42Z,2026-08-17T15:33:42+0200,5bbffdc7-c3ab-4a18-a8bf-cc7d933ae677,2026-07-26T11:00:00Z,2026-07-26T13:00:00+0200,668.9,MW,FR,FR,actual_offshore_wind_generation,Wind Offshore | Actual Aggregated,2026-08-17T13:35:39Z
2026-08-17T13:33:42Z,2026-08-17T15:33:42+0200,5bbffdc7-c3ab-4a18-a8bf-cc7d933ae677,2026-07-26T11:15:00Z,2026-07-26T13:15:00+0200,433.77,MW,FR,FR,actual_offshore_wind_generation,Wind Offshore | Actual Aggregated,2026-08-17T13:35:39Z
2026-08-17T13:33:42Z,2026-08-17T15:33:42+0200,5bbffdc7-c3ab-4a18-a8bf-cc7d933ae677,2026-07-26T11:30:00Z,2026-07-26T13:30:00+0200,189.36,MW,FR,FR,actual_offshore_wind_generation,Wind Offshore | Actual Aggregated,2026-08-17T13:35:39Z
2026-08-17T13:33:42Z,2026-08-17T15:33:42+0200,5bbffdc7-c3ab-4a18-a8bf-cc7d933ae677,2026-07-26T11:45:00Z,2026-07-26T13:45:00+0200,186.79,MW,FR,FR,actual_offshore_wind_generation,Wind Offshore | Actual Aggregated,2026-08-17T13:35:39Z
2026-08-17T13:33:42Z,2026-08-17T15:33:42+0200,5bbffdc7-c3ab-4a18-a8bf-cc7d933ae677,2026-07-26T12:00:00Z,2026-07-26T14:00:00+0200,187.9,MW,FR,FR,actual_offshore_wind_generation,Wind Offshore | Actual Aggregated,2026-08-17T13:35:39Z
2026-08-17T13:33:42Z,2026-08-17T15:33:42+0200,5bbffdc7-c3ab-4a18-a8bf-cc7d933ae677,2026-07-26T12:15:00Z,2026-07-26T14:15:00+0200,187.38,MW,FR,FR,actual_offshore_wind_generation,Wind Offshore | Actual Aggregated,2026-08-17T13:35:39Z
2026-08-17T13:33:42Z,2026-08-17T15:33:42+0200,5bbffdc7-c3ab-4a18-a8bf-cc7d933ae677,2026-07-26T12:30:00Z,2026-07-26T14:30:00+0200,194.96,MW,FR,FR,actual_offshore_wind_generation,Wind Offshore | Actual Aggregated,2026-08-17T13:35:39Z
2026-08-17T13:33:42Z,2026-08-17T15:33:42+0200,5bbffdc7-c3ab-4a18-a8bf-cc7d933ae677,2026-07-26T12:45:00Z,2026-07-26T14:45:00+0200,193.67,MW,FR,FR,actual_offshore_wind_generation,Wind Offshore | Actual Aggregated,2026-08-17T13:35:39Z
2026-08-17T13:33:42Z,2026-08-17T15:33:42+0200,5bbffdc7-c3ab-4a18-a8bf-cc7d933ae677,2026-07-26T13:00:00Z,2026-07-26T15:00:00+0200,194.2,MW,FR,FR,actual_offshore_wind_generation,Wind Offshore | Actual Aggregated,2026-08-17T13:35:39Z
2026-08-17T13:33:42Z,2026-08-17T15:33:42+0200,5bbffdc7-c3ab-4a18-a8bf-cc7d933ae677,2026-07-26T13:15:00Z,2026-07-26T15:15:00+0200,194.58,MW,FR,FR,actual_offshore_wind_generation,Wind Offshore | Actual Aggregated,2026-08-17T13:35:39Z
2026-08-17T13:33:42Z,2026-08-17T15:33:42+0200,5bbffdc7-c3ab-4a18-a8bf-cc7d933ae677,2026-07-26T13:30:00Z,2026-07-26T15:30:00+0200,194.79,MW,FR,FR,actual_offshore_wind_generation,Wind Offshore | Actual Aggregated,2026-08-17T13:35:39Z
2026-08-17T13:33:42Z,2026-08-17T15:33:42+0200,5bbffdc7-c3ab-4a18-a8bf-cc7d933ae677,2026-07-26T13:45:00Z,2026-07-26T15:45:00+0200,194.66,MW,FR,FR,actual_offshore_wind_generation,Wind Offshore | Actual Aggregated,2026-08-17T13:35:39Z
2026-08-17T13:33:42Z,2026-08-17T15:33:42+0200,5bbffdc7-c3ab-4a18-a8bf-cc7d933ae677,2026-07-26T14:00:00Z,2026-07-26T16:00:00+0200,194.67,MW,FR,FR,actual_offshore_wind_generation,Wind Offshore | Actual Aggregated,2026-08-17T13:35:39Z
2026-08-17T13:33:42Z,2026-08-17T15:33:42+0200,5bbffdc7-c3ab-4a18-a8bf-cc7d933ae677,2026-07-26T14:15:00Z,2026-07-26T16:15:00+0200,194.71,MW,FR,FR,actual_offshore_wind_generation,Wind Offshore | Actual Aggregated,2026-08-17T13:35:39Z
2026-08-17T13:33:42Z,2026-08-17T15:33:42+0200,5bbffdc7-c3ab-4a18-a8bf-cc7d933ae677,2026-07-26T14:30:00Z,2026-07-26T16:30:00+0200,194.59,MW,FR,FR,actual_offshore_wind_generation,Wind Offshore | Actual Aggregated,2026-08-17T13:35:39Z
2026-08-17T13:33:42Z,2026-08-17T15:33:42+0200,5bbffdc7-c3ab-4a18-a8bf-cc7d933ae677,2026-07-26T14:45:00Z,2026-07-26T16:45:00+0200,194.79,MW,FR,FR,actual_offshore_wind_generation,Wind Offshore | Actual Aggregated,2026-08-17T13:35:39Z
2026-08-17T13:33:42Z,2026-08-17T15:33:42+0200,5bbffdc7-c3ab-4a18-a8bf-cc7d933ae677,2026-07-26T15:00:00Z,2026-07-26T17:00:00+0200,195.07,MW,FR,FR,actual_offshore_wind_generation,Wind Offshore | Actual Aggregated,2026-08-17T13:35:39Z
2026-08-17T13:33:42Z,2026-08-17T15:33:42+0200,5bbffdc7-c3ab-4a18-a8bf-cc7d933ae677,2026-07-26T15:15:00Z,2026-07-26T17:15:00+0200,296.15,MW,FR,FR,actual_offshore_wind_generation,Wind Offshore | Actual Aggregated,2026-08-17T13:35:39Z
2026-08-17T13:33:42Z,2026-08-17T15:33:42+0200,5bbffdc7-c3ab-4a18-a8bf-cc7d933ae677,2026-07-26T15:30:00Z,2026-07-26T17:30:00+0200,529.47,MW,FR,FR,actual_offshore_wind_generation,Wind Offshore | Actual Aggregated,2026-08-17T13:35:39Z
2026-08-17T13:33:42Z,2026-08-17T15:33:42+0200,5bbffdc7-c3ab-4a18-a8bf-cc7d933ae677,2026-07-26T15:45:00Z,2026-07-26T17:45:00+0200,422.0,MW,FR,FR,actual_offshore_wind_generation,Wind Offshore | Actual Aggregated,2026-08-17T13:35:39Z
2026-08-17T13:33:42Z,2026-08-17T15:33:42+0200,5bbffdc7-c3ab-4a18-a8bf-cc7d933ae677,2026-07-26T16:00:00Z,2026-07-26T18:00:00+0200,207.74,MW,FR,FR,actual_offshore_wind_generation,Wind Offshore | Actual Aggregated,2026-08-17T13:35:39Z
2026-08-17T13:33:42Z,2026-08-17T15:33:42+0200,5bbffdc7-c3ab-4a18-a8bf-cc7d933ae677,2026-07-26T16:15:00Z,2026-07-26T18:15:00+0200,200.37,MW,FR,FR,actual_offshore_wind_generation,Wind Offshore | Actual Aggregated,2026-08-17T13:35:39Z
2026-08-17T13:33:42Z,2026-08-17T15:33:42+0200,5bbffdc7-c3ab-4a18-a8bf-cc7d933ae677,2026-07-26T16:30:00Z,2026-07-26T18:30:00+0200,200.46,MW,FR,FR,actual_offshore_wind_generation,Wind Offshore | Actual Aggregated,2026-08-17T13:35:39Z
2026-08-17T13:33:42Z,2026-08-17T15:33:42+0200,5bbffdc7-c3ab-4a18-a8bf-cc7d933ae677,2026-07-26T16:45:00Z,2026-07-26T18:45:00+0200,200.4,MW,FR,FR,actual_offshore_wind_generation,Wind Offshore | Actual Aggregated,2026-08-17T13:35:39Z
2026-08-17T13:33:42Z,2026-08-17T15:33:42+0200,5bbffdc7-c3ab-4a18-a8bf-cc7d933ae677,2026-07-26T17:00:00Z,2026-07-26T19:00:00+0200,641.26,MW,FR,FR,actual_offshore_wind_generation,Wind Offshore | Actual Aggregated,2026-08-17T13:35:39Z
2026-08-17T13:33:42Z,2026-08-17T15:33:42+0200,5bbffdc7-c3ab-4a18-a8bf-cc7d933ae677,2026-07-26T17:15:00Z,2026-07-26T19:15:00+0200,1007.38,MW,FR,FR,actual_offshore_wind_generation,Wind Offshore | Actual Aggregated,2026-08-17T13:35:39Z
2026-08-17T13:33:42Z,2026-08-17T15:33:42+0200,5bbffdc7-c3ab-4a18-a8bf-cc7d933ae677,2026-07-26T17:30:00Z,2026-07-26T19:30:00+0200,1081.04,MW,FR,FR,actual_offshore_wind_generation,Wind Offshore | Actual Aggregated,2026-08-17T13:35:39Z
2026-08-17T13:33:42Z,2026-08-17T15:33:42+0200,5bbffdc7-c3ab-4a18-a8bf-cc7d933ae677,2026-07-26T17:45:00Z,2026-07-26T19:45:00+0200,1347.19,MW,FR,FR,actual_offshore_wind_generation,Wind Offshore | Actual Aggregated,2026-08-17T13:35:39Z
2026-08-17T13:33:42Z,2026-08-17T15:33:42+0200,5bbffdc7-c3ab-4a18-a8bf-cc7d933ae677,2026-07-26T18:00:00Z,2026-07-26T20:00:00+0200,1434.38,MW,FR,FR,actual_offshore_wind_generation,Wind Offshore | Actual Aggregated,2026-08-17T13:35:39Z
2026-08-17T13:33:42Z,2026-08-17T15:33:42+0200,5bbffdc7-c3ab-4a18-a8bf-cc7d933ae677,2026-07-26T18:15:00Z,2026-07-26T20:15:00+0200,1692.56,MW,FR,FR,actual_offshore_wind_generation,Wind Offshore | Actual Aggregated,2026-08-17T13:35:39Z
2026-08-17T13:33:42Z,2026-08-17T15:33:42+0200,5bbffdc7-c3ab-4a18-a8bf-cc7d933ae677,2026-07-26T18:30:00Z,2026-07-26T20:30:00+0200,1748.49,MW,FR,FR,actual_offshore_wind_generation,Wind Offshore | Actual Aggregated,2026-08-17T13:35:39Z
2026-08-17T13:33:42Z,2026-08-17T15:33:42+0200,5bbffdc7-c3ab-4a18-a8bf-cc7d933ae677,2026-07-26T18:45:00Z,2026-07-26T20:45:00+0200,1764.41,MW,FR,FR,actual_offshore_wind_generation,Wind Offshore | Actual Aggregated,2026-08-17T13:35:39Z
2026-08-17T13:33:42Z,2026-08-17T15:33:42+0200,5bbffdc7-c3ab-4a18-a8bf-cc7d933ae677,2026-07-26T19:00:00Z,2026-07-26T21:00:00+0200,1818.58,MW,FR,FR,actual_offshore_wind_generation,Wind Offshore | Actual Aggregated,2026-08-17T13:35:39Z
2026-08-17T13:33:42Z,2026-08-17T15:33:42+0200,5bbffdc7-c3ab-4a18-a8bf-cc7d933ae677,2026-07-26T19:15:00Z,2026-07-26T21:15:00+0200,1812.29,MW,FR,FR,actual_offshore_wind_generation,Wind Offshore | Actual Aggregated,2026-08-17T13:35:39Z
2026-08-17T13:33:42Z,2026-08-17T15:33:42+0200,5bbffdc7-c3ab-4a18-a8bf-cc7d933ae677,2026-07-26T19:30:00Z,2026-07-26T21:30:00+0200,1790.98,MW,FR,FR,actual_offshore_wind_generation,Wind Offshore | Actual Aggregated,2026-08-17T13:35:39Z
2026-08-17T13:33:42Z,2026-08-17T15:33:42+0200,5bbffdc7-c3ab-4a18-a8bf-cc7d933ae677,2026-07-26T19:45:00Z,2026-07-26T21:45:00+0200,1818.45,MW,FR,FR,actual_offshore_wind_generation,Wind Offshore | Actual Aggregated,2026-08-17T13:35:39Z
2026-08-17T13:33:42Z,2026-08-17T15:33:42+0200,5bbffdc7-c3ab-4a18-a8bf-cc7d933ae677,2026-07-26T20:00:00Z,2026-07-26T22:00:00+0200,1825.18,MW,FR,FR,actual_offshore_wind_generation,Wind Offshore | Actual Aggregated,2026-08-17T13:35:39Z
2026-08-17T13:33:42Z,2026-08-17T15:33:42+0200,5bbffdc7-c3ab-4a18-a8bf-cc7d933ae677,2026-07-26T20:15:00Z,2026-07-26T22:15:00+0200,1802.54,MW,FR,FR,actual_offshore_wind_generation,Wind Offshore | Actual Aggregated,2026-08-17T13:35:39Z
2026-08-17T13:33:42Z,2026-08-17T15:33:42+0200,5bbffdc7-c3ab-4a18-a8bf-cc7d933ae677,2026-07-26T20:30:00Z,2026-07-26T22:30:00+0200,1778.5,MW,FR,FR,actual_offshore_wind_generation,Wind Offshore | Actual Aggregated,2026-08-17T13:35:39Z
2026-08-17T13:33:42Z,2026-08-17T15:33:42+0200,5bbffdc7-c3ab-4a18-a8bf-cc7d933ae677,2026-07-26T20:45:00Z,2026-07-26T22:45:00+0200,1789.04,MW,FR,FR,actual_offshore_wind_generation,Wind Offshore | Actual Aggregated,2026-08-17T13:35:39Z
2026-08-17T13:33:42Z,2026-08-17T15:33:42+0200,5bbffdc7-c3ab-4a18-a8bf-cc7d933ae677,2026-07-26T21:00:00Z,2026-07-26T23:00:00+0200,1776.82,MW,FR,FR,actual_offshore_wind_generation,Wind Offshore | Actual Aggregated,2026-08-17T13:35:39Z
2026-08-17T13:33:42Z,2026-08-17T15:33:42+0200,5bbffdc7-c3ab-4a18-a8bf-cc7d933ae677,2026-07-26T21:15:00Z,2026-07-26T23:15:00+0200,1725.57,MW,FR,FR,actual_offshore_wind_generation,Wind Offshore | Actual Aggregated,2026-08-17T13:35:39Z
2026-08-17T13:33:42Z,2026-08-17T15:33:42+0200,5bbffdc7-c3ab-4a18-a8bf-cc7d933ae677,2026-07-26T21:30:00Z,2026-07-26T23:30:00+0200,1641.97,MW,FR,FR,actual_offshore_wind_generation,Wind Offshore | Actual Aggregated,2026-08-17T13:35:39Z
2026-08-17T13:33:42Z,2026-08-17T15:33:42+0200,5bbffdc7-c3ab-4a18-a8bf-cc7d933ae677,2026-07-26T21:45:00Z,2026-07-26T23:45:00+0200,1575.22,MW,FR,FR,actual_offshore_wind_generation,Wind Offshore | Actual Aggregated,2026-08-17T13:35:39Z
2026-08-17T13:33:42Z,2026-08-17T15:33:42+0200,5bbffdc7-c3ab-4a18-a8bf-cc7d933ae677,2026-07-26T22:00:00Z,2026-07-27T00:00:00+0200,1563.75,MW,FR,FR,actual_offshore_wind_generation,Wind Offshore | Actual Aggregated,2026-08-17T13:35:39Z
2026-08-17T13:33:42Z,2026-08-17T15:33:42+0200,5bbffdc7-c3ab-4a18-a8bf-cc7d933ae677,2026-07-26T22:15:00Z,2026-07-27T00:15:00+0200,1522.22,MW,FR,FR,actual_offshore_wind_generation,Wind Offshore | Actual Aggregated,2026-08-17T13:35:39Z
2026-08-17T13:33:42Z,2026-08-17T15:33:42+0200,5bbffdc7-c3ab-4a18-a8bf-cc7d933ae677,2026-07-26T22:30:00Z,2026-07-27T00:30:00+0200,1429.31,MW,FR,FR,actual_offshore_wind_generation,Wind Offshore | Actual Aggregated,2026-08-17T13:35:39Z
2026-08-17T13:33:42Z,2026-08-17T15:33:42+0200,5bbffdc7-c3ab-4a18-a8bf-cc7d933ae677,2026-07-26T22:45:00Z,2026-07-27T00:45:00+0200,1376.16,MW,FR,FR,actual_offshore_wind_generation,Wind Offshore | Actual Aggregated,2026-08-17T13:35:39Z
2026-08-17T13:33:42Z,2026-08-17T15:33:42+0200,5bbffdc7-c3ab-4a18-a8bf-cc7d933ae677,2026-07-26T23:00:00Z,2026-07-27T01:00:00+0200,1299.53,MW,FR,FR,actual_offshore_wind_generation,Wind Offshore | Actual Aggregated,2026-08-17T13:35:39Z
2026-08-17T13:33:42Z,2026-08-17T15:33:42+0200,5bbffdc7-c3ab-4a18-a8bf-cc7d933ae677,2026-07-26T23:15:00Z,2026-07-27T01:15:00+0200,1253.16,MW,FR,FR,actual_offshore_wind_generation,Wind Offshore | Actual Aggregated,2026-08-17T13:35:39Z
2026-08-17T13:33:42Z,2026-08-17T15:33:42+0200,5bbffdc7-c3ab-4a18-a8bf-cc7d933ae677,2026-07-26T23:30:00Z,2026-07-27T01:30:00+0200,1155.39,MW,FR,FR,actual_offshore_wind_generation,Wind Offshore | Actual Aggregated,2026-08-17T13:35:39Z
2026-08-17T13:33:42Z,2026-08-17T15:33:42+0200,5bbffdc7-c3ab-4a18-a8bf-cc7d933ae677,2026-07-26T23:45:00Z,2026-07-27T01:45:00+0200,1049.77,MW,FR,FR,actual_offshore_wind_generation,Wind Offshore | Actual Aggregated,2026-08-17T13:35:39Z
2026-08-17T13:33:42Z,2026-08-17T15:33:42+0200,5bbffdc7-c3ab-4a18-a8bf-cc7d933ae677,2026-07-27T00:00:00Z,2026-07-27T02:00:00+0200,998.9,MW,FR,FR,actual_offshore_wind_generation,Wind Offshore | Actual Aggregated,2026-08-17T13:35:39Z
2026-08-17T13:33:42Z,2026-08-17T15:33:42+0200,5bbffdc7-c3ab-4a18-a8bf-cc7d933ae677,2026-07-27T00:15:00Z,2026-07-27T02:15:00+0200,962.86,MW,FR,FR,actual_offshore_wind_generation,Wind Offshore | Actual Aggregated,2026-08-17T13:35:39Z
2026-08-17T13:33:42Z,2026-08-17T15:33:42+0200,5bbffdc7-c3ab-4a18-a8bf-cc7d933ae677,2026-07-27T00:30:00Z,2026-07-27T02:30:00+0200,928.56,MW,FR,FR,actual_offshore_wind_generation,Wind Offshore | Actual Aggregated,2026-08-17T13:35:39Z
2026-08-17T13:33:42Z,2026-08-17T15:33:42+0200,5bbffdc7-c3ab-4a18-a8bf-cc7d933ae677,2026-07-27T00:45:00Z,2026-07-27T02:45:00+0200,861.42,MW,FR,FR,actual_offshore_wind_generation,Wind Offshore | Actual Aggregated,2026-08-17T13:35:39Z
2026-08-17T13:33:42Z,2026-08-17T15:33:42+0200,5bbffdc7-c3ab-4a18-a8bf-cc7d933ae677,2026-07-27T01:00:00Z,2026-07-27T03:00:00+0200,825.29,MW,FR,FR,actual_offshore_wind_generation,Wind Offshore | Actual Aggregated,2026-08-17T13:35:39Z
2026-08-17T13:33:42Z,2026-08-17T15:33:42+0200,5bbffdc7-c3ab-4a18-a8bf-cc7d933ae677,2026-07-27T01:15:00Z,2026-07-27T03:15:00+0200,814.62,MW,FR,FR,actual_offshore_wind_generation,Wind Offshore | Actual Aggregated,2026-08-17T13:35:39Z
2026-08-17T13:33:42Z,2026-08-17T15:33:42+0200,5bbffdc7-c3ab-4a18-a8bf-cc7d933ae677,2026-07-27T01:30:00Z,2026-07-27T03:30:00+0200,798.91,MW,FR,FR,actual_offshore_wind_generation,Wind Offshore | Actual Aggregated,2026-08-17T13:35:39Z
2026-08-17T13:33:42Z,2026-08-17T15:33:42+0200,5bbffdc7-c3ab-4a18-a8bf-cc7d933ae677,2026-07-27T01:45:00Z,2026-07-27T03:45:00+0200,815.31,MW,FR,FR,actual_offshore_wind_generation,Wind Offshore | Actual Aggregated,2026-08-17T13:35:39Z
2026-08-17T13:33:42Z,2026-08-17T15:33:42+0200,5bbffdc7-c3ab-4a18-a8bf-cc7d933ae677,2026-07-27T02:00:00Z,2026-07-27T04:00:00+0200,813.06,MW,FR,FR,actual_offshore_wind_generation,Wind Offshore | Actual Aggregated,2026-08-17T13:35:39Z
2026-08-17T13:33:42Z,2026-08-17T15:33:42+0200,5bbffdc7-c3ab-4a18-a8bf-cc7d933ae677,2026-07-27T02:15:00Z,2026-07-27T04:15:00+0200,727.22,MW,FR,FR,actual_offshore_wind_generation,Wind Offshore | Actual Aggregated,2026-08-17T13:35:39Z
2026-08-17T13:33:42Z,2026-08-17T15:33:42+0200,5bbffdc7-c3ab-4a18-a8bf-cc7d933ae677,2026-07-27T02:30:00Z,2026-07-27T04:30:00+0200,726.82,MW,FR,FR,actual_offshore_wind_generation,Wind Offshore | Actual Aggregated,2026-08-17T13:35:39Z
2026-08-17T13:33:42Z,2026-08-17T15:33:42+0200,5bbffdc7-c3ab-4a18-a8bf-cc7d933ae677,2026-07-27T02:45:00Z,2026-07-27T04:45:00+0200,749.36,MW,FR,FR,actual_offshore_wind_generation,Wind Offshore | Actual Aggregated,2026-08-17T13:35:39Z
2026-08-17T13:33:42Z,2026-08-17T15:33:42+0200,5bbffdc7-c3ab-4a18-a8bf-cc7d933ae677,2026-07-27T03:00:00Z,2026-07-27T05:00:00+0200,763.24,MW,FR,FR,actual_offshore_wind_generation,Wind Offshore | Actual Aggregated,2026-08-17T13:35:39Z
2026-08-17T13:33:42Z,2026-08-17T15:33:42+0200,5bbffdc7-c3ab-4a18-a8bf-cc7d933ae677,2026-07-27T03:15:00Z,2026-07-27T05:15:00+0200,761.83,MW,FR,FR,actual_offshore_wind_generation,Wind Offshore | Actual Aggregated,2026-08-17T13:35:39Z
2026-08-17T13:33:42Z,2026-08-17T15:33:42+0200,5bbffdc7-c3ab-4a18-a8bf-cc7d933ae677,2026-07-27T03:30:00Z,2026-07-27T05:30:00+0200,706.76,MW,FR,FR,actual_offshore_wind_generation,Wind Offshore | Actual Aggregated,2026-08-17T13:35:39Z
2026-08-17T13:33:42Z,2026-08-17T15:33:42+0200,5bbffdc7-c3ab-4a18-a8bf-cc7d933ae677,2026-07-27T03:45:00Z,2026-07-27T05:45:00+0200,697.24,MW,FR,FR,actual_offshore_wind_generation,Wind Offshore | Actual Aggregated,2026-08-17T13:35:39Z
2026-08-17T13:33:42Z,2026-08-17T15:33:42+0200,5bbffdc7-c3ab-4a18-a8bf-cc7d933ae677,2026-07-27T04:00:00Z,2026-07-27T06:00:00+0200,653.72,MW,FR,FR,actual_offshore_wind_generation,Wind Offshore | Actual Aggregated,2026-08-17T13:35:39Z
2026-08-17T13:33:42Z,2026-08-17T15:33:42+0200,5bbffdc7-c3ab-4a18-a8bf-cc7d933ae677,2026-07-27T04:15:00Z,2026-07-27T06:15:00+0200,596.66,MW,FR,FR,actual_offshore_wind_generation,Wind Offshore | Actual Aggregated,2026-08-17T13:35:39Z
2026-08-17T13:33:42Z,2026-08-17T15:33:42+0200,5bbffdc7-c3ab-4a18-a8bf-cc7d933ae677,2026-07-27T04:30:00Z,2026-07-27T06:30:00+0200,546.53,MW,FR,FR,actual_offshore_wind_generation,Wind Offshore | Actual Aggregated,2026-08-17T13:35:39Z
2026-08-17T13:33:42Z,2026-08-17T15:33:42+0200,5bbffdc7-c3ab-4a18-a8bf-cc7d933ae677,2026-07-27T04:45:00Z,2026-07-27T06:45:00+0200,502.1,MW,FR,FR,actual_offshore_wind_generation,Wind Offshore | Actual Aggregated,2026-08-17T13:35:39Z
2026-08-17T13:33:42Z,2026-08-17T15:33:42+0200,5bbffdc7-c3ab-4a18-a8bf-cc7d933ae677,2026-07-27T05:00:00Z,2026-07-27T07:00:00+0200,488.36,MW,FR,FR,actual_offshore_wind_generation,Wind Offshore | Actual Aggregated,2026-08-17T13:35:39Z
2026-08-17T13:33:42Z,2026-08-17T15:33:42+0200,5bbffdc7-c3ab-4a18-a8bf-cc7d933ae677,2026-07-27T05:15:00Z,2026-07-27T07:15:00+0200,485.03,MW,FR,FR,actual_offshore_wind_generation,Wind Offshore | Actual Aggregated,2026-08-17T13:35:39Z
2026-08-17T13:33:42Z,2026-08-17T15:33:42+0200,5bbffdc7-c3ab-4a18-a8bf-cc7d933ae677,2026-07-27T05:30:00Z,2026-07-27T07:30:00+0200,477.36,MW,FR,FR,actual_offshore_wind_generation,Wind Offshore | Actual Aggregated,2026-08-17T13:35:39Z
2026-08-17T13:33:42Z,2026-08-17T15:33:42+0200,5bbffdc7-c3ab-4a18-a8bf-cc7d933ae677,2026-07-27T05:45:00Z,2026-07-27T07:45:00+0200,473.05,MW,FR,FR,actual_offshore_wind_generation,Wind Offshore | Actual Aggregated,2026-08-17T13:35:39Z
2026-08-17T13:33:42Z,2026-08-17T15:33:42+0200,5bbffdc7-c3ab-4a18-a8bf-cc7d933ae677,2026-07-27T06:00:00Z,2026-07-27T08:00:00+0200,443.75,MW,FR,FR,actual_offshore_wind_generation,Wind Offshore | Actual Aggregated,2026-08-17T13:35:39Z
2026-08-17T13:33:42Z,2026-08-17T15:33:42+0200,5bbffdc7-c3ab-4a18-a8bf-cc7d933ae677,2026-07-27T06:15:00Z,2026-07-27T08:15:00+0200,389.24,MW,FR,FR,actual_offshore_wind_generation,Wind Offshore | Actual Aggregated,2026-08-17T13:35:39Z
2026-08-17T13:33:42Z,2026-08-17T15:33:42+0200,5bbffdc7-c3ab-4a18-a8bf-cc7d933ae677,2026-07-27T06:30:00Z,2026-07-27T08:30:00+0200,317.43,MW,FR,FR,actual_offshore_wind_generation,Wind Offshore | Actual Aggregated,2026-08-17T13:35:39Z
2026-08-17T13:33:42Z,2026-08-17T15:33:42+0200,5bbffdc7-c3ab-4a18-a8bf-cc7d933ae677,2026-07-27T06:45:00Z,2026-07-27T08:45:00+0200,282.1,MW,FR,FR,actual_offshore_wind_generation,Wind Offshore | Actual Aggregated,2026-08-17T13:35:39Z
2026-08-17T13:33:42Z,2026-08-17T15:33:42+0200,5bbffdc7-c3ab-4a18-a8bf-cc7d933ae677,2026-07-27T07:00:00Z,2026-07-27T09:00:00+0200,252.92,MW,FR,FR,actual_offshore_wind_generation,Wind Offshore | Actual Aggregated,2026-08-17T13:35:39Z
2026-08-17T13:33:42Z,2026-08-17T15:33:42+0200,5bbffdc7-c3ab-4a18-a8bf-cc7d933ae677,2026-07-27T07:15:00Z,2026-07-27T09:15:00+0200,269.15,MW,FR,FR,actual_offshore_wind_generation,Wind Offshore | Actual Aggregated,2026-08-17T13:35:39Z
2026-08-17T13:33:42Z,2026-08-17T15:33:42+0200,5bbffdc7-c3ab-4a18-a8bf-cc7d933ae677,2026-07-27T07:30:00Z,2026-07-27T09:30:00+0200,258.21,MW,FR,FR,actual_offshore_wind_generation,Wind Offshore | Actual Aggregated,2026-08-17T13:35:39Z
2026-08-17T13:33:42Z,2026-08-17T15:33:42+0200,5bbffdc7-c3ab-4a18-a8bf-cc7d933ae677,2026-07-27T07:45:00Z,2026-07-27T09:45:00+0200,225.83,MW,FR,FR,actual_offshore_wind_generation,Wind Offshore | Actual Aggregated,2026-08-17T13:35:39Z
2026-08-17T13:33:42Z,2026-08-17T15:33:42+0200,5bbffdc7-c3ab-4a18-a8bf-cc7d933ae677,2026-07-27T08:00:00Z,2026-07-27T10:00:00+0200,209.07,MW,FR,FR,actual_offshore_wind_generation,Wind Offshore | Actual Aggregated,2026-08-17T13:35:39Z
2026-08-17T13:33:42Z,2026-08-17T15:33:42+0200,5bbffdc7-c3ab-4a18-a8bf-cc7d933ae677,2026-07-27T08:15:00Z,2026-07-27T10:15:00+0200,191.69,MW,FR,FR,actual_offshore_wind_generation,Wind Offshore | Actual Aggregated,2026-08-17T13:35:39Z
2026-08-17T13:33:42Z,2026-08-17T15:33:42+0200,5bbffdc7-c3ab-4a18-a8bf-cc7d933ae677,2026-07-27T08:30:00Z,2026-07-27T10:30:00+0200,175.91,MW,FR,FR,actual_offshore_wind_generation,Wind Offshore | Actual Aggregated,2026-08-17T13:35:39Z
2026-08-17T13:33:42Z,2026-08-17T15:33:42+0200,5bbffdc7-c3ab-4a18-a8bf-cc7d933ae677,2026-07-27T08:45:00Z,2026-07-27T10:45:00+0200,153.04,MW,FR,FR,actual_offshore_wind_generation,Wind Offshore | Actual Aggregated,2026-08-17T13:35:39Z
2026-08-17T13:33:42Z,2026-08-17T15:33:42+0200,5bbffdc7-c3ab-4a18-a8bf-cc7d933ae677,2026-07-27T09:00:00Z,2026-07-27T11:00:00+0200,140.95,MW,FR,FR,actual_offshore_wind_generation,Wind Offshore | Actual Aggregated,2026-08-17T13:35:39Z
2026-08-17T13:33:42Z,2026-08-17T15:33:42+0200,5bbffdc7-c3ab-4a18-a8bf-cc7d933ae677,2026-07-27T09:15:00Z,2026-07-27T11:15:00+0200,150.99,MW,FR,FR,actual_offshore_wind_generation,Wind Offshore | Actual Aggregated,2026-08-17T13:35:39Z
2026-08-17T13:33:42Z,2026-08-17T15:33:42+0200,5bbffdc7-c3ab-4a18-a8bf-cc7d933ae677,2026-07-27T09:30:00Z,2026-07-27T11:30:00+0200,157.21,MW,FR,FR,actual_offshore_wind_generation,Wind Offshore | Actual Aggregated,2026-08-17T13:35:39Z
2026-08-17T13:33:42Z,2026-08-17T15:33:42+0200,5bbffdc7-c3ab-4a18-a8bf-cc7d933ae677,2026-07-27T09:45:00Z,2026-07-27T11:45:00+0200,173.99,MW,FR,FR,actual_offshore_wind_generation,Wind Offshore | Actual Aggregated,2026-08-17T13:35:39Z
2026-08-17T13:33:42Z,2026-08-17T15:33:42+0200,5bbffdc7-c3ab-4a18-a8bf-cc7d933ae677,2026-07-27T10:00:00Z,2026-07-27T12:00:00+0200,179.65,MW,FR,FR,actual_offshore_wind_generation,Wind Offshore | Actual Aggregated,2026-08-17T13:35:39Z
2026-08-17T13:33:42Z,2026-08-17T15:33:42+0200,5bbffdc7-c3ab-4a18-a8bf-cc7d933ae677,2026-07-27T10:15:00Z,2026-07-27T12:15:00+0200,123.0,MW,FR,FR,actual_offshore_wind_generation,Wind Offshore | Actual Aggregated,2026-08-17T13:35:39Z
2026-08-17T13:33:42Z,2026-08-17T15:33:42+0200,5bbffdc7-c3ab-4a18-a8bf-cc7d933ae677,2026-07-27T10:30:00Z,2026-07-27T12:30:00+0200,113.39,MW,FR,FR,actual_offshore_wind_generation,Wind Offshore | Actual Aggregated,2026-08-17T13:35:39Z
2026-08-17T13:33:42Z,2026-08-17T15:33:42+0200,5bbffdc7-c3ab-4a18-a8bf-cc7d933ae677,2026-07-27T10:45:00Z,2026-07-27T12:45:00+0200,120.5,MW,FR,FR,actual_offshore_wind_generation,Wind Offshore | Actual Aggregated,2026-08-17T13:35:39Z
2026-08-17T13:33:42Z,2026-08-17T15:33:42+0200,5bbffdc7-c3ab-4a18-a8bf-cc7d933ae677,2026-07-27T11:00:00Z,2026-07-27T13:00:00+0200,123.94,MW,FR,FR,actual_offshore_wind_generation,Wind Offshore | Actual Aggregated,2026-08-17T13:35:39Z
2026-08-17T13:33:42Z,2026-08-17T15:33:42+0200,5bbffdc7-c3ab-4a18-a8bf-cc7d933ae677,2026-07-27T11:15:00Z,2026-07-27T13:15:00+0200,130.23,MW,FR,FR,actual_offshore_wind_generation,Wind Offshore | Actual Aggregated,2026-08-17T13:35:39Z
2026-08-17T13:33:42Z,2026-08-17T15:33:42+0200,5bbffdc7-c3ab-4a18-a8bf-cc7d933ae677,2026-07-27T11:30:00Z,2026-07-27T13:30:00+0200,145.21,MW,FR,FR,actual_offshore_wind_generation,Wind Offshore | Actual Aggregated,2026-08-17T13:35:39Z
2026-08-17T13:33:42Z,2026-08-17T15:33:42+0200,5bbffdc7-c3ab-4a18-a8bf-cc7d933ae677,2026-07-27T11:45:00Z,2026-07-27T13:45:00+0200,137.91,MW,FR,FR,actual_offshore_wind_generation,Wind Offshore | Actual Aggregated,2026-08-17T13:35:39Z
2026-08-17T13:33:42Z,2026-08-17T15:33:42+0200,5bbffdc7-c3ab-4a18-a8bf-cc7d933ae677,2026-07-27T12:00:00Z,2026-07-27T14:00:00+0200,148.76,MW,FR,FR,actual_offshore_wind_generation,Wind Offshore | Actual Aggregated,2026-08-17T13:35:39Z
2026-08-17T13:33:42Z,2026-08-17T15:33:42+0200,5bbffdc7-c3ab-4a18-a8bf-cc7d933ae677,2026-07-27T12:15:00Z,2026-07-27T14:15:00+0200,179.22,MW,FR,FR,actual_offshore_wind_generation,Wind Offshore | Actual Aggregated,2026-08-17T13:35:39Z
2026-08-17T13:33:42Z,2026-08-17T15:33:42+0200,5bbffdc7-c3ab-4a18-a8bf-cc7d933ae677,2026-07-27T12:30:00Z,2026-07-27T14:30:00+0200,187.82,MW,FR,FR,actual_offshore_wind_generation,Wind Offshore | Actual Aggregated,2026-08-17T13:35:39Z
2026-08-17T13:33:42Z,2026-08-17T15:33:42+0200,5bbffdc7-c3ab-4a18-a8bf-cc7d933ae677,2026-07-27T12:45:00Z,2026-07-27T14:45:00+0200,193.93,MW,FR,FR,actual_offshore_wind_generation,Wind Offshore | Actual Aggregated,2026-08-17T13:35:39Z
2026-08-17T13:33:42Z,2026-08-17T15:33:42+0200,5bbffdc7-c3ab-4a18-a8bf-cc7d933ae677,2026-07-27T13:00:00Z,2026-07-27T15:00:00+0200,201.94,MW,FR,FR,actual_offshore_wind_generation,Wind Offshore | Actual Aggregated,2026-08-17T13:35:39Z
2026-08-17T13:33:42Z,2026-08-17T15:33:42+0200,5bbffdc7-c3ab-4a18-a8bf-cc7d933ae677,2026-07-27T13:15:00Z,2026-07-27T15:15:00+0200,221.05,MW,FR,FR,actual_offshore_wind_generation,Wind Offshore | Actual Aggregated,2026-08-17T13:35:39Z
2026-08-17T13:33:42Z,2026-08-17T15:33:42+0200,5bbffdc7-c3ab-4a18-a8bf-cc7d933ae677,2026-07-27T13:30:00Z,2026-07-27T15:30:00+0200,251.62,MW,FR,FR,actual_offshore_wind_generation,Wind Offshore | Actual Aggregated,2026-08-17T13:35:39Z
2026-08-17T13:33:42Z,2026-08-17T15:33:42+0200,5bbffdc7-c3ab-4a18-a8bf-cc7d933ae677,2026-07-27T13:45:00Z,2026-07-27T15:45:00+0200,255.19,MW,FR,FR,actual_offshore_wind_generation,Wind Offshore | Actual Aggregated,2026-08-17T13:35:39Z
2026-08-17T13:33:42Z,2026-08-17T15:33:42+0200,5bbffdc7-c3ab-4a18-a8bf-cc7d933ae677,2026-07-27T14:00:00Z,2026-07-27T16:00:00+0200,265.12,MW,FR,FR,actual_offshore_wind_generation,Wind Offshore | Actual Aggregated,2026-08-17T13:35:39Z
2026-08-17T13:33:42Z,2026-08-17T15:33:42+0200,5bbffdc7-c3ab-4a18-a8bf-cc7d933ae677,2026-07-27T14:15:00Z,2026-07-27T16:15:00+0200,288.94,MW,FR,FR,actual_offshore_wind_generation,Wind Offshore | Actual Aggregated,2026-08-17T13:35:39Z
2026-08-17T13:33:42Z,2026-08-17T15:33:42+0200,5bbffdc7-c3ab-4a18-a8bf-cc7d933ae677,2026-07-27T14:30:00Z,2026-07-27T16:30:00+0200,287.12,MW,FR,FR,actual_offshore_wind_generation,Wind Offshore | Actual Aggregated,2026-08-17T13:35:39Z
2026-08-17T13:33:42Z,2026-08-17T15:33:42+0200,5bbffdc7-c3ab-4a18-a8bf-cc7d933ae677,2026-07-27T14:45:00Z,2026-07-27T16:45:00+0200,279.98,MW,FR,FR,actual_offshore_wind_generation,Wind Offshore | Actual Aggregated,2026-08-17T13:35:39Z
2026-08-17T13:33:42Z,2026-08-17T15:33:42+0200,5bbffdc7-c3ab-4a18-a8bf-cc7d933ae677,2026-07-27T15:00:00Z,2026-07-27T17:00:00+0200,272.12,MW,FR,FR,actual_offshore_wind_generation,Wind Offshore | Actual Aggregated,2026-08-17T13:35:39Z
2026-08-17T13:33:42Z,2026-08-17T15:33:42+0200,5bbffdc7-c3ab-4a18-a8bf-cc7d933ae677,2026-07-27T15:15:00Z,2026-07-27T17:15:00+0200,286.28,MW,FR,FR,actual_offshore_wind_generation,Wind Offshore | Actual Aggregated,2026-08-17T13:35:39Z
2026-08-17T13:33:42Z,2026-08-17T15:33:42+0200,5bbffdc7-c3ab-4a18-a8bf-cc7d933ae677,2026-07-27T15:30:00Z,2026-07-27T17:30:00+0200,300.28,MW,FR,FR,actual_offshore_wind_generation,Wind Offshore | Actual Aggregated,2026-08-17T13:35:39Z
2026-08-17T13:33:42Z,2026-08-17T15:33:42+0200,5bbffdc7-c3ab-4a18-a8bf-cc7d933ae677,2026-07-27T15:45:00Z,2026-07-27T17:45:00+0200,324.73,MW,FR,FR,actual_offshore_wind_generation,Wind Offshore | Actual Aggregated,2026-08-17T13:35:39Z
2026-08-17T13:33:42Z,2026-08-17T15:33:42+0200,5bbffdc7-c3ab-4a18-a8bf-cc7d933ae677,2026-07-27T16:00:00Z,2026-07-27T18:00:00+0200,342.02,MW,FR,FR,actual_offshore_wind_generation,Wind Offshore | Actual Aggregated,2026-08-17T13:35:39Z
2026-08-17T13:33:42Z,2026-08-17T15:33:42+0200,5bbffdc7-c3ab-4a18-a8bf-cc7d933ae677,2026-07-27T16:15:00Z,2026-07-27T18:15:00+0200,360.25,MW,FR,FR,actual_offshore_wind_generation,Wind Offshore | Actual Aggregated,2026-08-17T13:35:39Z
2026-08-17T13:33:42Z,2026-08-17T15:33:42+0200,5bbffdc7-c3ab-4a18-a8bf-cc7d933ae677,2026-07-27T16:30:00Z,2026-07-27T18:30:00+0200,398.96,MW,FR,FR,actual_offshore_wind_generation,Wind Offshore | Actual Aggregated,2026-08-17T13:35:39Z
2026-08-17T13:33:42Z,2026-08-17T15:33:42+0200,5bbffdc7-c3ab-4a18-a8bf-cc7d933ae677,2026-07-27T16:45:00Z,2026-07-27T18:45:00+0200,427.53,MW,FR,FR,actual_offshore_wind_generation,Wind Offshore | Actual Aggregated,2026-08-17T13:35:39Z
2026-08-17T13:33:42Z,2026-08-17T15:33:42+0200,5bbffdc7-c3ab-4a18-a8bf-cc7d933ae677,2026-07-27T17:00:00Z,2026-07-27T19:00:00+0200,442.04,MW,FR,FR,actual_offshore_wind_generation,Wind Offshore | Actual Aggregated,2026-08-17T13:35:39Z
2026-08-17T13:33:42Z,2026-08-17T15:33:42+0200,5bbffdc7-c3ab-4a18-a8bf-cc7d933ae677,2026-07-27T17:15:00Z,2026-07-27T19:15:00+0200,453.23,MW,FR,FR,actual_offshore_wind_generation,Wind Offshore | Actual Aggregated,2026-08-17T13:35:39Z
2026-08-17T13:33:42Z,2026-08-17T15:33:42+0200,5bbffdc7-c3ab-4a18-a8bf-cc7d933ae677,2026-07-27T17:30:00Z,2026-07-27T19:30:00+0200,432.59,MW,FR,FR,actual_offshore_wind_generation,Wind Offshore | Actual Aggregated,2026-08-17T13:35:39Z
2026-08-17T13:33:42Z,2026-08-17T15:33:42+0200,5bbffdc7-c3ab-4a18-a8bf-cc7d933ae677,2026-07-27T17:45:00Z,2026-07-27T19:45:00+0200,421.52,MW,FR,FR,actual_offshore_wind_generation,Wind Offshore | Actual Aggregated,2026-08-17T13:35:39Z
2026-08-17T13:33:42Z,2026-08-17T15:33:42+0200,5bbffdc7-c3ab-4a18-a8bf-cc7d933ae677,2026-07-27T18:00:00Z,2026-07-27T20:00:00+0200,391.6,MW,FR,FR,actual_offshore_wind_generation,Wind Offshore | Actual Aggregated,2026-08-17T13:35:39Z
2026-08-17T13:33:42Z,2026-08-17T15:33:42+0200,5bbffdc7-c3ab-4a18-a8bf-cc7d933ae677,2026-07-27T18:15:00Z,2026-07-27T20:15:00+0200,342.66,MW,FR,FR,actual_offshore_wind_generation,Wind Offshore | Actual Aggregated,2026-08-17T13:35:39Z
2026-08-17T13:33:42Z,2026-08-17T15:33:42+0200,5bbffdc7-c3ab-4a18-a8bf-cc7d933ae677,2026-07-27T18:30:00Z,2026-07-27T20:30:00+0200,354.99,MW,FR,FR,actual_offshore_wind_generation,Wind Offshore | Actual Aggregated,2026-08-17T13:35:39Z
2026-08-17T13:33:42Z,2026-08-17T15:33:42+0200,5bbffdc7-c3ab-4a18-a8bf-cc7d933ae677,2026-07-27T18:45:00Z,2026-07-27T20:45:00+0200,404.9,MW,FR,FR,actual_offshore_wind_generation,Wind Offshore | Actual Aggregated,2026-08-17T13:35:39Z
2026-08-17T13:33:42Z,2026-08-17T15:33:42+0200,5bbffdc7-c3ab-4a18-a8bf-cc7d933ae677,2026-07-27T19:00:00Z,2026-07-27T21:00:00+0200,482.89,MW,FR,FR,actual_offshore_wind_generation,Wind Offshore | Actual Aggregated,2026-08-17T13:35:39Z
2026-08-17T13:33:42Z,2026-08-17T15:33:42+0200,5bbffdc7-c3ab-4a18-a8bf-cc7d933ae677,2026-07-27T19:15:00Z,2026-07-27T21:15:00+0200,473.16,MW,FR,FR,actual_offshore_wind_generation,Wind Offshore | Actual Aggregated,2026-08-17T13:35:39Z
2026-08-17T13:33:42Z,2026-08-17T15:33:42+0200,5bbffdc7-c3ab-4a18-a8bf-cc7d933ae677,2026-07-27T19:30:00Z,2026-07-27T21:30:00+0200,441.36,MW,FR,FR,actual_offshore_wind_generation,Wind Offshore | Actual Aggregated,2026-08-17T13:35:39Z
2026-08-17T13:33:42Z,2026-08-17T15:33:42+0200,5bbffdc7-c3ab-4a18-a8bf-cc7d933ae677,2026-07-27T19:45:00Z,2026-07-27T21:45:00+0200,423.71,MW,FR,FR,actual_offshore_wind_generation,Wind Offshore | Actual Aggregated,2026-08-17T13:35:39Z
2026-08-17T13:33:42Z,2026-08-17T15:33:42+0200,5bbffdc7-c3ab-4a18-a8bf-cc7d933ae677,2026-07-27T20:00:00Z,2026-07-27T22:00:00+0200,427.76,MW,FR,FR,actual_offshore_wind_generation,Wind Offshore | Actual Aggregated,2026-08-17T13:35:39Z
2026-08-17T13:33:42Z,2026-08-17T15:33:42+0200,5bbffdc7-c3ab-4a18-a8bf-cc7d933ae677,2026-07-27T20:15:00Z,2026-07-27T22:15:00+0200,414.94,MW,FR,FR,actual_offshore_wind_generation,Wind Offshore | Actual Aggregated,2026-08-17T13:35:39Z
2026-08-17T13:33:42Z,2026-08-17T15:33:42+0200,5bbffdc7-c3ab-4a18-a8bf-cc7d933ae677,2026-07-27T20:30:00Z,2026-07-27T22:30:00+0200,399.76,MW,FR,FR,actual_offshore_wind_generation,Wind Offshore | Actual Aggregated,2026-08-17T13:35:39Z
2026-08-17T13:33:42Z,2026-08-17T15:33:42+0200,5bbffdc7-c3ab-4a18-a8bf-cc7d933ae677,2026-07-27T20:45:00Z,2026-07-27T22:45:00+0200,343.95,MW,FR,FR,actual_offshore_wind_generation,Wind Offshore | Actual Aggregated,2026-08-17T13:35:39Z
2026-08-17T13:33:42Z,2026-08-17T15:33:42+0200,5bbffdc7-c3ab-4a18-a8bf-cc7d933ae677,2026-07-27T21:00:00Z,2026-07-27T23:00:00+0200,323.72,MW,FR,FR,actual_offshore_wind_generation,Wind Offshore | Actual Aggregated,2026-08-17T13:35:39Z
2026-08-17T13:33:42Z,2026-08-17T15:33:42+0200,5bbffdc7-c3ab-4a18-a8bf-cc7d933ae677,2026-07-27T21:15:00Z,2026-07-27T23:15:00+0200,325.71,MW,FR,FR,actual_offshore_wind_generation,Wind Offshore | Actual Aggregated,2026-08-17T13:35:39Z
2026-08-17T13:33:42Z,2026-08-17T15:33:42+0200,5bbffdc7-c3ab-4a18-a8bf-cc7d933ae677,2026-07-27T21:30:00Z,2026-07-27T23:30:00+0200,345.68,MW,FR,FR,actual_offshore_wind_generation,Wind Offshore | Actual Aggregated,2026-08-17T13:35:39Z
2026-08-17T13:33:42Z,2026-08-17T15:33:42+0200,5bbffdc7-c3ab-4a18-a8bf-cc7d933ae677,2026-07-27T21:45:00Z,2026-07-27T23:45:00+0200,393.41,MW,FR,FR,actual_offshore_wind_generation,Wind Offshore | Actual Aggregated,2026-08-17T13:35:39Z
2026-08-17T13:33:42Z,2026-08-17T15:33:42+0200,5bbffdc7-c3ab-4a18-a8bf-cc7d933ae677,2026-07-27T22:00:00Z,2026-07-28T00:00:00+0200,400.73,MW,FR,FR,actual_offshore_wind_generation,Wind Offshore | Actual Aggregated,2026-08-17T13:35:39Z
2026-08-17T13:33:42Z,2026-08-17T15:33:42+0200,5bbffdc7-c3ab-4a18-a8bf-cc7d933ae677,2026-07-27T22:15:00Z,2026-07-28T00:15:00+0200,405.63,MW,FR,FR,actual_offshore_wind_generation,Wind Offshore | Actual Aggregated,2026-08-17T13:35:39Z
2026-08-17T13:33:42Z,2026-08-17T15:33:42+0200,5bbffdc7-c3ab-4a18-a8bf-cc7d933ae677,2026-07-27T22:30:00Z,2026-07-28T00:30:00+0200,378.53,MW,FR,FR,actual_offshore_wind_generation,Wind Offshore | Actual Aggregated,2026-08-17T13:35:39Z
2026-08-17T13:33:42Z,2026-08-17T15:33:42+0200,5bbffdc7-c3ab-4a18-a8bf-cc7d933ae677,2026-07-27T22:45:00Z,2026-07-28T00:45:00+0200,417.59,MW,FR,FR,actual_offshore_wind_generation,Wind Offshore | Actual Aggregated,2026-08-17T13:35:39Z
2026-08-17T13:33:42Z,2026-08-17T15:33:42+0200,5bbffdc7-c3ab-4a18-a8bf-cc7d933ae677,2026-07-27T23:00:00Z,2026-07-28T01:00:00+0200,487.72,MW,FR,FR,actual_offshore_wind_generation,Wind Offshore | Actual Aggregated,2026-08-17T13:35:39Z
2026-08-17T13:33:42Z,2026-08-17T15:33:42+0200,5bbffdc7-c3ab-4a18-a8bf-cc7d933ae677,2026-07-27T23:15:00Z,2026-07-28T01:15:00+0200,508.83,MW,FR,FR,actual_offshore_wind_generation,Wind Offshore | Actual Aggregated,2026-08-17T13:35:39Z
2026-08-17T13:33:42Z,2026-08-17T15:33:42+0200,5bbffdc7-c3ab-4a18-a8bf-cc7d933ae677,2026-07-27T23:30:00Z,2026-07-28T01:30:00+0200,425.1,MW,FR,FR,actual_offshore_wind_generation,Wind Offshore | Actual Aggregated,2026-08-17T13:35:39Z
2026-08-17T13:33:42Z,2026-08-17T15:33:42+0200,5bbffdc7-c3ab-4a18-a8bf-cc7d933ae677,2026-07-27T23:45:00Z,2026-07-28T01:45:00+0200,402.83,MW,FR,FR,actual_offshore_wind_generation,Wind Offshore | Actual Aggregated,2026-08-17T13:35:39Z
2026-08-17T13:33:42Z,2026-08-17T15:33:42+0200,5bbffdc7-c3ab-4a18-a8bf-cc7d933ae677,2026-07-28T00:00:00Z,2026-07-28T02:00:00+0200,402.04,MW,FR,FR,actual_offshore_wind_generation,Wind Offshore | Actual Aggregated,2026-08-17T13:35:39Z
2026-08-17T13:33:42Z,2026-08-17T15:33:42+0200,5bbffdc7-c3ab-4a18-a8bf-cc7d933ae677,2026-07-28T00:15:00Z,2026-07-28T02:15:00+0200,362.9,MW,FR,FR,actual_offshore_wind_generation,Wind Offshore | Actual Aggregated,2026-08-17T13:35:39Z
2026-08-17T13:33:42Z,2026-08-17T15:33:42+0200,5bbffdc7-c3ab-4a18-a8bf-cc7d933ae677,2026-07-28T00:30:00Z,2026-07-28T02:30:00+0200,351.63,MW,FR,FR,actual_offshore_wind_generation,Wind Offshore | Actual Aggregated,2026-08-17T13:35:39Z
2026-08-17T13:33:42Z,2026-08-17T15:33:42+0200,5bbffdc7-c3ab-4a18-a8bf-cc7d933ae677,2026-07-28T00:45:00Z,2026-07-28T02:45:00+0200,373.71,MW,FR,FR,actual_offshore_wind_generation,Wind Offshore | Actual Aggregated,2026-08-17T13:35:39Z
2026-08-17T13:33:42Z,2026-08-17T15:33:42+0200,5bbffdc7-c3ab-4a18-a8bf-cc7d933ae677,2026-07-28T01:00:00Z,2026-07-28T03:00:00+0200,369.9,MW,FR,FR,actual_offshore_wind_generation,Wind Offshore | Actual Aggregated,2026-08-17T13:35:39Z
2026-08-17T13:33:42Z,2026-08-17T15:33:42+0200,5bbffdc7-c3ab-4a18-a8bf-cc7d933ae677,2026-07-28T01:15:00Z,2026-07-28T03:15:00+0200,335.79,MW,FR,FR,actual_offshore_wind_generation,Wind Offshore | Actual Aggregated,2026-08-17T13:35:39Z
2026-08-17T13:33:42Z,2026-08-17T15:33:42+0200,5bbffdc7-c3ab-4a18-a8bf-cc7d933ae677,2026-07-28T01:30:00Z,2026-07-28T03:30:00+0200,313.26,MW,FR,FR,actual_offshore_wind_generation,Wind Offshore | Actual Aggregated,2026-08-17T13:35:39Z
2026-08-17T13:33:42Z,2026-08-17T15:33:42+0200,5bbffdc7-c3ab-4a18-a8bf-cc7d933ae677,2026-07-28T01:45:00Z,2026-07-28T03:45:00+0200,306.82,MW,FR,FR,actual_offshore_wind_generation,Wind Offshore | Actual Aggregated,2026-08-17T13:35:39Z
2026-08-17T13:33:42Z,2026-08-17T15:33:42+0200,5bbffdc7-c3ab-4a18-a8bf-cc7d933ae677,2026-07-28T02:00:00Z,2026-07-28T04:00:00+0200,309.75,MW,FR,FR,actual_offshore_wind_generation,Wind Offshore | Actual Aggregated,2026-08-17T13:35:39Z
2026-08-17T13:33:42Z,2026-08-17T15:33:42+0200,5bbffdc7-c3ab-4a18-a8bf-cc7d933ae677,2026-07-28T02:15:00Z,2026-07-28T04:15:00+0200,324.66,MW,FR,FR,actual_offshore_wind_generation,Wind Offshore | Actual Aggregated,2026-08-17T13:35:39Z
2026-08-17T13:33:42Z,2026-08-17T15:33:42+0200,5bbffdc7-c3ab-4a18-a8bf-cc7d933ae677,2026-07-28T02:30:00Z,2026-07-28T04:30:00+0200,320.1,MW,FR,FR,actual_offshore_wind_generation,Wind Offshore | Actual Aggregated,2026-08-17T13:35:39Z
2026-08-17T13:33:42Z,2026-08-17T15:33:42+0200,5bbffdc7-c3ab-4a18-a8bf-cc7d933ae677,2026-07-28T02:45:00Z,2026-07-28T04:45:00+0200,341.01,MW,FR,FR,actual_offshore_wind_generation,Wind Offshore | Actual Aggregated,2026-08-17T13:35:39Z
2026-08-17T13:33:42Z,2026-08-17T15:33:42+0200,5bbffdc7-c3ab-4a18-a8bf-cc7d933ae677,2026-07-28T03:00:00Z,2026-07-28T05:00:00+0200,344.19,MW,FR,FR,actual_offshore_wind_generation,Wind Offshore | Actual Aggregated,2026-08-17T13:35:39Z
2026-08-17T13:33:42Z,2026-08-17T15:33:42+0200,5bbffdc7-c3ab-4a18-a8bf-cc7d933ae677,2026-07-28T03:15:00Z,2026-07-28T05:15:00+0200,323.48,MW,FR,FR,actual_offshore_wind_generation,Wind Offshore | Actual Aggregated,2026-08-17T13:35:39Z
2026-08-17T13:33:42Z,2026-08-17T15:33:42+0200,5bbffdc7-c3ab-4a18-a8bf-cc7d933ae677,2026-07-28T03:30:00Z,2026-07-28T05:30:00+0200,334.29,MW,FR,FR,actual_offshore_wind_generation,Wind Offshore | Actual Aggregated,2026-08-17T13:35:39Z
2026-08-17T13:33:42Z,2026-08-17T15:33:42+0200,5bbffdc7-c3ab-4a18-a8bf-cc7d933ae677,2026-07-28T03:45:00Z,2026-07-28T05:45:00+0200,360.66,MW,FR,FR,actual_offshore_wind_generation,Wind Offshore | Actual Aggregated,2026-08-17T13:35:39Z
2026-08-17T13:33:42Z,2026-08-17T15:33:42+0200,5bbffdc7-c3ab-4a18-a8bf-cc7d933ae677,2026-07-28T04:00:00Z,2026-07-28T06:00:00+0200,377.85,MW,FR,FR,actual_offshore_wind_generation,Wind Offshore | Actual Aggregated,2026-08-17T13:35:39Z
2026-08-17T13:33:42Z,2026-08-17T15:33:42+0200,5bbffdc7-c3ab-4a18-a8bf-cc7d933ae677,2026-07-28T04:15:00Z,2026-07-28T06:15:00+0200,365.27,MW,FR,FR,actual_offshore_wind_generation,Wind Offshore | Actual Aggregated,2026-08-17T13:35:39Z
2026-08-17T13:33:42Z,2026-08-17T15:33:42+0200,5bbffdc7-c3ab-4a18-a8bf-cc7d933ae677,2026-07-28T04:30:00Z,2026-07-28T06:30:00+0200,353.21,MW,FR,FR,actual_offshore_wind_generation,Wind Offshore | Actual Aggregated,2026-08-17T13:35:39Z
2026-08-17T13:33:42Z,2026-08-17T15:33:42+0200,5bbffdc7-c3ab-4a18-a8bf-cc7d933ae677,2026-07-28T04:45:00Z,2026-07-28T06:45:00+0200,334.73,MW,FR,FR,actual_offshore_wind_generation,Wind Offshore | Actual Aggregated,2026-08-17T13:35:39Z
2026-08-17T13:33:42Z,2026-08-17T15:33:42+0200,5bbffdc7-c3ab-4a18-a8bf-cc7d933ae677,2026-07-28T05:00:00Z,2026-07-28T07:00:00+0200,298.28,MW,FR,FR,actual_offshore_wind_generation,Wind Offshore | Actual Aggregated,2026-08-17T13:35:39Z
2026-08-17T13:33:42Z,2026-08-17T15:33:42+0200,5bbffdc7-c3ab-4a18-a8bf-cc7d933ae677,2026-07-28T05:15:00Z,2026-07-28T07:15:00+0200,253.57,MW,FR,FR,actual_offshore_wind_generation,Wind Offshore | Actual Aggregated,2026-08-17T13:35:39Z
2026-08-17T13:33:42Z,2026-08-17T15:33:42+0200,5bbffdc7-c3ab-4a18-a8bf-cc7d933ae677,2026-07-28T05:30:00Z,2026-07-28T07:30:00+0200,236.16,MW,FR,FR,actual_offshore_wind_generation,Wind Offshore | Actual Aggregated,2026-08-17T13:35:39Z
2026-08-17T13:33:42Z,2026-08-17T15:33:42+0200,5bbffdc7-c3ab-4a18-a8bf-cc7d933ae677,2026-07-28T05:45:00Z,2026-07-28T07:45:00+0200,212.98,MW,FR,FR,actual_offshore_wind_generation,Wind Offshore | Actual Aggregated,2026-08-17T13:35:39Z
2026-08-17T13:33:42Z,2026-08-17T15:33:42+0200,5bbffdc7-c3ab-4a18-a8bf-cc7d933ae677,2026-07-28T06:00:00Z,2026-07-28T08:00:00+0200,211.69,MW,FR,FR,actual_offshore_wind_generation,Wind Offshore | Actual Aggregated,2026-08-17T13:35:39Z
2026-08-17T13:33:42Z,2026-08-17T15:33:42+0200,5bbffdc7-c3ab-4a18-a8bf-cc7d933ae677,2026-07-28T06:15:00Z,2026-07-28T08:15:00+0200,197.49,MW,FR,FR,actual_offshore_wind_generation,Wind Offshore | Actual Aggregated,2026-08-17T13:35:39Z
2026-08-17T13:33:42Z,2026-08-17T15:33:42+0200,5bbffdc7-c3ab-4a18-a8bf-cc7d933ae677,2026-07-28T06:30:00Z,2026-07-28T08:30:00+0200,185.29,MW,FR,FR,actual_offshore_wind_generation,Wind Offshore | Actual Aggregated,2026-08-17T13:35:39Z
2026-08-17T13:33:42Z,2026-08-17T15:33:42+0200,5bbffdc7-c3ab-4a18-a8bf-cc7d933ae677,2026-07-28T06:45:00Z,2026-07-28T08:45:00+0200,165.36,MW,FR,FR,actual_offshore_wind_generation,Wind Offshore | Actual Aggregated,2026-08-17T13:35:39Z
2026-08-17T13:33:42Z,2026-08-17T15:33:42+0200,5bbffdc7-c3ab-4a18-a8bf-cc7d933ae677,2026-07-28T07:00:00Z,2026-07-28T09:00:00+0200,161.94,MW,FR,FR,actual_offshore_wind_generation,Wind Offshore | Actual Aggregated,2026-08-17T13:35:39Z
2026-08-17T13:33:42Z,2026-08-17T15:33:42+0200,5bbffdc7-c3ab-4a18-a8bf-cc7d933ae677,2026-07-28T07:15:00Z,2026-07-28T09:15:00+0200,147.04,MW,FR,FR,actual_offshore_wind_generation,Wind Offshore | Actual Aggregated,2026-08-17T13:35:39Z
2026-08-17T13:33:42Z,2026-08-17T15:33:42+0200,5bbffdc7-c3ab-4a18-a8bf-cc7d933ae677,2026-07-28T07:30:00Z,2026-07-28T09:30:00+0200,138.98,MW,FR,FR,actual_offshore_wind_generation,Wind Offshore | Actual Aggregated,2026-08-17T13:35:39Z
2026-08-17T13:33:42Z,2026-08-17T15:33:42+0200,5bbffdc7-c3ab-4a18-a8bf-cc7d933ae677,2026-07-28T07:45:00Z,2026-07-28T09:45:00+0200,124.31,MW,FR,FR,actual_offshore_wind_generation,Wind Offshore | Actual Aggregated,2026-08-17T13:35:39Z
2026-08-17T13:33:42Z,2026-08-17T15:33:42+0200,5bbffdc7-c3ab-4a18-a8bf-cc7d933ae677,2026-07-28T08:00:00Z,2026-07-28T10:00:00+0200,112.84,MW,FR,FR,actual_offshore_wind_generation,Wind Offshore | Actual Aggregated,2026-08-17T13:35:39Z
2026-08-17T13:33:42Z,2026-08-17T15:33:42+0200,5bbffdc7-c3ab-4a18-a8bf-cc7d933ae677,2026-07-28T08:15:00Z,2026-07-28T10:15:00+0200,107.12,MW,FR,FR,actual_offshore_wind_generation,Wind Offshore | Actual Aggregated,2026-08-17T13:35:39Z
2026-08-17T13:33:42Z,2026-08-17T15:33:42+0200,5bbffdc7-c3ab-4a18-a8bf-cc7d933ae677,2026-07-28T08:30:00Z,2026-07-28T10:30:00+0200,93.68,MW,FR,FR,actual_offshore_wind_generation,Wind Offshore | Actual Aggregated,2026-08-17T13:35:39Z
2026-08-17T13:33:42Z,2026-08-17T15:33:42+0200,5bbffdc7-c3ab-4a18-a8bf-cc7d933ae677,2026-07-28T08:45:00Z,2026-07-28T10:45:00+0200,94.06,MW,FR,FR,actual_offshore_wind_generation,Wind Offshore | Actual Aggregated,2026-08-17T13:35:39Z
2026-08-17T13:33:42Z,2026-08-17T15:33:42+0200,5bbffdc7-c3ab-4a18-a8bf-cc7d933ae677,2026-07-28T09:00:00Z,2026-07-28T11:00:00+0200,79.97,MW,FR,FR,actual_offshore_wind_generation,Wind Offshore | Actual Aggregated,2026-08-17T13:35:39Z
2026-08-17T13:33:42Z,2026-08-17T15:33:42+0200,5bbffdc7-c3ab-4a18-a8bf-cc7d933ae677,2026-07-28T09:15:00Z,2026-07-28T11:15:00+0200,61.99,MW,FR,FR,actual_offshore_wind_generation,Wind Offshore | Actual Aggregated,2026-08-17T13:35:39Z
2026-08-17T13:33:42Z,2026-08-17T15:33:42+0200,5bbffdc7-c3ab-4a18-a8bf-cc7d933ae677,2026-07-28T09:30:00Z,2026-07-28T11:30:00+0200,47.89,MW,FR,FR,actual_offshore_wind_generation,Wind Offshore | Actual Aggregated,2026-08-17T13:35:39Z
2026-08-17T13:33:42Z,2026-08-17T15:33:42+0200,5bbffdc7-c3ab-4a18-a8bf-cc7d933ae677,2026-07-28T09:45:00Z,2026-07-28T11:45:00+0200,38.29,MW,FR,FR,actual_offshore_wind_generation,Wind Offshore | Actual Aggregated,2026-08-17T13:35:39Z
2026-08-17T13:33:42Z,2026-08-17T15:33:42+0200,5bbffdc7-c3ab-4a18-a8bf-cc7d933ae677,2026-07-28T10:00:00Z,2026-07-28T12:00:00+0200,28.02,MW,FR,FR,actual_offshore_wind_generation,Wind Offshore | Actual Aggregated,2026-08-17T13:35:39Z
2026-08-17T13:33:42Z,2026-08-17T15:33:42+0200,5bbffdc7-c3ab-4a18-a8bf-cc7d933ae677,2026-07-28T10:15:00Z,2026-07-28T12:15:00+0200,14.06,MW,FR,FR,actual_offshore_wind_generation,Wind Offshore | Actual Aggregated,2026-08-17T13:35:39Z
2026-08-17T13:33:42Z,2026-08-17T15:33:42+0200,5bbffdc7-c3ab-4a18-a8bf-cc7d933ae677,2026-07-28T10:30:00Z,2026-07-28T12:30:00+0200,4.02,MW,FR,FR,actual_offshore_wind_generation,Wind Offshore | Actual Aggregated,2026-08-17T13:35:39Z
2026-08-17T13:33:42Z,2026-08-17T15:33:42+0200,5bbffdc7-c3ab-4a18-a8bf-cc7d933ae677,2026-07-28T10:45:00Z,2026-07-28T12:45:00+0200,2.64,MW,FR,FR,actual_offshore_wind_generation,Wind Offshore | Actual Consumption,2026-08-17T13:35:39Z
2026-08-17T13:33:42Z,2026-08-17T15:33:42+0200,5bbffdc7-c3ab-4a18-a8bf-cc7d933ae677,2026-07-28T11:00:00Z,2026-07-28T13:00:00+0200,2.66,MW,FR,FR,actual_offshore_wind_generation,Wind Offshore | Actual Consumption,2026-08-17T13:35:39Z
2026-08-17T13:33:42Z,2026-08-17T15:33:42+0200,5bbffdc7-c3ab-4a18-a8bf-cc7d933ae677,2026-07-28T11:15:00Z,2026-07-28T13:15:00+0200,4.93,MW,FR,FR,actual_offshore_wind_generation,Wind Offshore | Actual Consumption,2026-08-17T13:35:39Z
2026-08-17T13:33:42Z,2026-08-17T15:33:42+0200,5bbffdc7-c3ab-4a18-a8bf-cc7d933ae677,2026-07-28T11:30:00Z,2026-07-28T13:30:00+0200,8.26,MW,FR,FR,actual_offshore_wind_generation,Wind Offshore | Actual Consumption,2026-08-17T13:35:39Z
2026-08-17T13:33:42Z,2026-08-17T15:33:42+0200,5bbffdc7-c3ab-4a18-a8bf-cc7d933ae677,2026-07-28T11:45:00Z,2026-07-28T13:45:00+0200,9.28,MW,FR,FR,actual_offshore_wind_generation,Wind Offshore | Actual Consumption,2026-08-17T13:35:39Z
2026-08-17T13:33:42Z,2026-08-17T15:33:42+0200,5bbffdc7-c3ab-4a18-a8bf-cc7d933ae677,2026-07-28T12:00:00Z,2026-07-28T14:00:00+0200,5.35,MW,FR,FR,actual_offshore_wind_generation,Wind Offshore | Actual Consumption,2026-08-17T13:35:39Z
2026-08-17T13:33:42Z,2026-08-17T15:33:42+0200,5bbffdc7-c3ab-4a18-a8bf-cc7d933ae677,2026-07-28T12:15:00Z,2026-07-28T14:15:00+0200,1.22,MW,FR,FR,actual_offshore_wind_generation,Wind Offshore | Actual Aggregated,2026-08-17T13:35:39Z
2026-08-17T13:33:42Z,2026-08-17T15:33:42+0200,5bbffdc7-c3ab-4a18-a8bf-cc7d933ae677,2026-07-28T12:30:00Z,2026-07-28T14:30:00+0200,4.45,MW,FR,FR,actual_offshore_wind_generation,Wind Offshore | Actual Aggregated,2026-08-17T13:35:39Z
2026-08-17T13:33:42Z,2026-08-17T15:33:42+0200,5bbffdc7-c3ab-4a18-a8bf-cc7d933ae677,2026-07-28T12:45:00Z,2026-07-28T14:45:00+0200,5.92,MW,FR,FR,actual_offshore_wind_generation,Wind Offshore | Actual Aggregated,2026-08-17T13:35:39Z
2026-08-17T13:33:42Z,2026-08-17T15:33:42+0200,5bbffdc7-c3ab-4a18-a8bf-cc7d933ae677,2026-07-28T13:00:00Z,2026-07-28T15:00:00+0200,12.48,MW,FR,FR,actual_offshore_wind_generation,Wind Offshore | Actual Aggregated,2026-08-17T13:35:39Z
2026-08-17T13:33:42Z,2026-08-17T15:33:42+0200,5bbffdc7-c3ab-4a18-a8bf-cc7d933ae677,2026-07-28T13:15:00Z,2026-07-28T15:15:00+0200,18.44,MW,FR,FR,actual_offshore_wind_generation,Wind Offshore | Actual Aggregated,2026-08-17T13:35:39Z
2026-08-17T13:33:42Z,2026-08-17T15:33:42+0200,5bbffdc7-c3ab-4a18-a8bf-cc7d933ae677,2026-07-28T13:30:00Z,2026-07-28T15:30:00+0200,20.29,MW,FR,FR,actual_offshore_wind_generation,Wind Offshore | Actual Aggregated,2026-08-17T13:35:39Z
2026-08-17T13:33:42Z,2026-08-17T15:33:42+0200,5bbffdc7-c3ab-4a18-a8bf-cc7d933ae677,2026-07-28T13:45:00Z,2026-07-28T15:45:00+0200,19.89,MW,FR,FR,actual_offshore_wind_generation,Wind Offshore | Actual Aggregated,2026-08-17T13:35:39Z
2026-08-17T13:33:42Z,2026-08-17T15:33:42+0200,5bbffdc7-c3ab-4a18-a8bf-cc7d933ae677,2026-07-28T14:00:00Z,2026-07-28T16:00:00+0200,30.64,MW,FR,FR,actual_offshore_wind_generation,Wind Offshore | Actual Aggregated,2026-08-17T13:35:39Z
2026-08-17T13:33:42Z,2026-08-17T15:33:42+0200,5bbffdc7-c3ab-4a18-a8bf-cc7d933ae677,2026-07-28T14:15:00Z,2026-07-28T16:15:00+0200,49.57,MW,FR,FR,actual_offshore_wind_generation,Wind Offshore | Actual Aggregated,2026-08-17T13:35:39Z
2026-08-17T13:33:42Z,2026-08-17T15:33:42+0200,5bbffdc7-c3ab-4a18-a8bf-cc7d933ae677,2026-07-28T14:30:00Z,2026-07-28T16:30:00+0200,53.57,MW,FR,FR,actual_offshore_wind_generation,Wind Offshore | Actual Aggregated,2026-08-17T13:35:39Z
2026-08-17T13:33:42Z,2026-08-17T15:33:42+0200,5bbffdc7-c3ab-4a18-a8bf-cc7d933ae677,2026-07-28T14:45:00Z,2026-07-28T16:45:00+0200,55.64,MW,FR,FR,actual_offshore_wind_generation,Wind Offshore | Actual Aggregated,2026-08-17T13:35:39Z
2026-08-17T13:33:42Z,2026-08-17T15:33:42+0200,5bbffdc7-c3ab-4a18-a8bf-cc7d933ae677,2026-07-28T15:00:00Z,2026-07-28T17:00:00+0200,52.91,MW,FR,FR,actual_offshore_wind_generation,Wind Offshore | Actual Aggregated,2026-08-17T13:35:39Z
2026-08-17T13:33:42Z,2026-08-17T15:33:42+0200,5bbffdc7-c3ab-4a18-a8bf-cc7d933ae677,2026-07-28T15:15:00Z,2026-07-28T17:15:00+0200,63.09,MW,FR,FR,actual_offshore_wind_generation,Wind Offshore | Actual Aggregated,2026-08-17T13:35:39Z
2026-08-17T13:33:42Z,2026-08-17T15:33:42+0200,5bbffdc7-c3ab-4a18-a8bf-cc7d933ae677,2026-07-28T15:30:00Z,2026-07-28T17:30:00+0200,94.17,MW,FR,FR,actual_offshore_wind_generation,Wind Offshore | Actual Aggregated,2026-08-17T13:35:39Z
2026-08-17T13:33:42Z,2026-08-17T15:33:42+0200,5bbffdc7-c3ab-4a18-a8bf-cc7d933ae677,2026-07-28T15:45:00Z,2026-07-28T17:45:00+0200,92.66,MW,FR,FR,actual_offshore_wind_generation,Wind Offshore | Actual Aggregated,2026-08-17T13:35:39Z
2026-08-17T13:33:42Z,2026-08-17T15:33:42+0200,5bbffdc7-c3ab-4a18-a8bf-cc7d933ae677,2026-07-28T16:00:00Z,2026-07-28T18:00:00+0200,86.15,MW,FR,FR,actual_offshore_wind_generation,Wind Offshore | Actual Aggregated,2026-08-17T13:35:39Z
2026-08-17T13:33:42Z,2026-08-17T15:33:42+0200,5bbffdc7-c3ab-4a18-a8bf-cc7d933ae677,2026-07-28T16:15:00Z,2026-07-28T18:15:00+0200,78.51,MW,FR,FR,actual_offshore_wind_generation,Wind Offshore | Actual Aggregated,2026-08-17T13:35:39Z
2026-08-17T13:33:42Z,2026-08-17T15:33:42+0200,5bbffdc7-c3ab-4a18-a8bf-cc7d933ae677,2026-07-28T16:30:00Z,2026-07-28T18:30:00+0200,68.13,MW,FR,FR,actual_offshore_wind_generation,Wind Offshore | Actual Aggregated,2026-08-17T13:35:39Z
2026-08-17T13:33:42Z,2026-08-17T15:33:42+0200,5bbffdc7-c3ab-4a18-a8bf-cc7d933ae677,2026-07-28T16:45:00Z,2026-07-28T18:45:00+0200,81.33,MW,FR,FR,actual_offshore_wind_generation,Wind Offshore | Actual Aggregated,2026-08-17T13:35:39Z
2026-08-17T13:33:42Z,2026-08-17T15:33:42+0200,5bbffdc7-c3ab-4a18-a8bf-cc7d933ae677,2026-07-28T17:00:00Z,2026-07-28T19:00:00+0200,94.65,MW,FR,FR,actual_offshore_wind_generation,Wind Offshore | Actual Aggregated,2026-08-17T13:35:39Z
2026-08-17T13:33:42Z,2026-08-17T15:33:42+0200,5bbffdc7-c3ab-4a18-a8bf-cc7d933ae677,2026-07-28T17:15:00Z,2026-07-28T19:15:00+0200,77.74,MW,FR,FR,actual_offshore_wind_generation,Wind Offshore | Actual Aggregated,2026-08-17T13:35:39Z
2026-08-17T13:33:42Z,2026-08-17T15:33:42+0200,5bbffdc7-c3ab-4a18-a8bf-cc7d933ae677,2026-07-28T17:30:00Z,2026-07-28T19:30:00+0200,72.5,MW,FR,FR,actual_offshore_wind_generation,Wind Offshore | Actual Aggregated,2026-08-17T13:35:39Z
2026-08-17T13:33:42Z,2026-08-17T15:33:42+0200,5bbffdc7-c3ab-4a18-a8bf-cc7d933ae677,2026-07-28T17:45:00Z,2026-07-28T19:45:00+0200,79.31,MW,FR,FR,actual_offshore_wind_generation,Wind Offshore | Actual Aggregated,2026-08-17T13:35:39Z
2026-08-17T13:33:42Z,2026-08-17T15:33:42+0200,5bbffdc7-c3ab-4a18-a8bf-cc7d933ae677,2026-07-28T18:00:00Z,2026-07-28T20:00:00+0200,83.73,MW,FR,FR,actual_offshore_wind_generation,Wind Offshore | Actual Aggregated,2026-08-17T13:35:39Z
2026-08-17T13:33:42Z,2026-08-17T15:33:42+0200,5bbffdc7-c3ab-4a18-a8bf-cc7d933ae677,2026-07-28T18:15:00Z,2026-07-28T20:15:00+0200,78.84,MW,FR,FR,actual_offshore_wind_generation,Wind Offshore | Actual Aggregated,2026-08-17T13:35:39Z
2026-08-17T13:33:42Z,2026-08-17T15:33:42+0200,5bbffdc7-c3ab-4a18-a8bf-cc7d933ae677,2026-07-28T18:30:00Z,2026-07-28T20:30:00+0200,79.31,MW,FR,FR,actual_offshore_wind_generation,Wind Offshore | Actual Aggregated,2026-08-17T13:35:39Z
2026-08-17T13:33:42Z,2026-08-17T15:33:42+0200,5bbffdc7-c3ab-4a18-a8bf-cc7d933ae677,2026-07-28T18:45:00Z,2026-07-28T20:45:00+0200,83.34,MW,FR,FR,actual_offshore_wind_generation,Wind Offshore | Actual Aggregated,2026-08-17T13:35:39Z
2026-08-17T13:33:42Z,2026-08-17T15:33:42+0200,5bbffdc7-c3ab-4a18-a8bf-cc7d933ae677,2026-07-28T19:00:00Z,2026-07-28T21:00:00+0200,79.16,MW,FR,FR,actual_offshore_wind_generation,Wind Offshore | Actual Aggregated,2026-08-17T13:35:39Z
2026-08-17T13:33:42Z,2026-08-17T15:33:42+0200,5bbffdc7-c3ab-4a18-a8bf-cc7d933ae677,2026-07-28T19:15:00Z,2026-07-28T21:15:00+0200,113.97,MW,FR,FR,actual_offshore_wind_generation,Wind Offshore | Actual Aggregated,2026-08-17T13:35:39Z
2026-08-17T13:33:42Z,2026-08-17T15:33:42+0200,5bbffdc7-c3ab-4a18-a8bf-cc7d933ae677,2026-07-28T19:30:00Z,2026-07-28T21:30:00+0200,149.87,MW,FR,FR,actual_offshore_wind_generation,Wind Offshore | Actual Aggregated,2026-08-17T13:35:39Z
2026-08-17T13:33:42Z,2026-08-17T15:33:42+0200,5bbffdc7-c3ab-4a18-a8bf-cc7d933ae677,2026-07-28T19:45:00Z,2026-07-28T21:45:00+0200,171.84,MW,FR,FR,actual_offshore_wind_generation,Wind Offshore | Actual Aggregated,2026-08-17T13:35:39Z
2026-08-17T13:33:42Z,2026-08-17T15:33:42+0200,5bbffdc7-c3ab-4a18-a8bf-cc7d933ae677,2026-07-28T20:00:00Z,2026-07-28T22:00:00+0200,170.24,MW,FR,FR,actual_offshore_wind_generation,Wind Offshore | Actual Aggregated,2026-08-17T13:35:39Z
2026-08-17T13:33:42Z,2026-08-17T15:33:42+0200,5bbffdc7-c3ab-4a18-a8bf-cc7d933ae677,2026-07-28T20:15:00Z,2026-07-28T22:15:00+0200,171.71,MW,FR,FR,actual_offshore_wind_generation,Wind Offshore | Actual Aggregated,2026-08-17T13:35:39Z
2026-08-17T13:33:42Z,2026-08-17T15:33:42+0200,5bbffdc7-c3ab-4a18-a8bf-cc7d933ae677,2026-07-28T20:30:00Z,2026-07-28T22:30:00+0200,138.58,MW,FR,FR,actual_offshore_wind_generation,Wind Offshore | Actual Aggregated,2026-08-17T13:35:39Z
2026-08-17T13:33:42Z,2026-08-17T15:33:42+0200,5bbffdc7-c3ab-4a18-a8bf-cc7d933ae677,2026-07-28T20:45:00Z,2026-07-28T22:45:00+0200,80.98,MW,FR,FR,actual_offshore_wind_generation,Wind Offshore | Actual Aggregated,2026-08-17T13:35:39Z
2026-08-17T13:33:42Z,2026-08-17T15:33:42+0200,5bbffdc7-c3ab-4a18-a8bf-cc7d933ae677,2026-07-28T21:00:00Z,2026-07-28T23:00:00+0200,57.56,MW,FR,FR,actual_offshore_wind_generation,Wind Offshore | Actual Aggregated,2026-08-17T13:35:39Z
2026-08-17T13:33:42Z,2026-08-17T15:33:42+0200,5bbffdc7-c3ab-4a18-a8bf-cc7d933ae677,2026-07-28T21:15:00Z,2026-07-28T23:15:00+0200,61.83,MW,FR,FR,actual_offshore_wind_generation,Wind Offshore | Actual Aggregated,2026-08-17T13:35:39Z
2026-08-17T13:33:42Z,2026-08-17T15:33:42+0200,5bbffdc7-c3ab-4a18-a8bf-cc7d933ae677,2026-07-28T21:30:00Z,2026-07-28T23:30:00+0200,55.73,MW,FR,FR,actual_offshore_wind_generation,Wind Offshore | Actual Aggregated,2026-08-17T13:35:39Z
2026-08-17T13:33:42Z,2026-08-17T15:33:42+0200,5bbffdc7-c3ab-4a18-a8bf-cc7d933ae677,2026-07-28T21:45:00Z,2026-07-28T23:45:00+0200,57.81,MW,FR,FR,actual_offshore_wind_generation,Wind Offshore | Actual Aggregated,2026-08-17T13:35:39Z
2026-08-17T13:33:42Z,2026-08-17T15:33:42+0200,5bbffdc7-c3ab-4a18-a8bf-cc7d933ae677,2026-07-28T22:00:00Z,2026-07-29T00:00:00+0200,60.57,MW,FR,FR,actual_offshore_wind_generation,Wind Offshore | Actual Aggregated,2026-08-17T13:35:39Z
2026-08-17T13:33:42Z,2026-08-17T15:33:42+0200,5bbffdc7-c3ab-4a18-a8bf-cc7d933ae677,2026-07-28T22:15:00Z,2026-07-29T00:15:00+0200,53.75,MW,FR,FR,actual_offshore_wind_generation,Wind Offshore | Actual Aggregated,2026-08-17T13:35:39Z
2026-08-17T13:33:42Z,2026-08-17T15:33:42+0200,5bbffdc7-c3ab-4a18-a8bf-cc7d933ae677,2026-07-28T22:30:00Z,2026-07-29T00:30:00+0200,49.96,MW,FR,FR,actual_offshore_wind_generation,Wind Offshore | Actual Aggregated,2026-08-17T13:35:39Z
2026-08-17T13:33:42Z,2026-08-17T15:33:42+0200,5bbffdc7-c3ab-4a18-a8bf-cc7d933ae677,2026-07-28T22:45:00Z,2026-07-29T00:45:00+0200,59.18,MW,FR,FR,actual_offshore_wind_generation,Wind Offshore | Actual Aggregated,2026-08-17T13:35:39Z
2026-08-17T13:33:42Z,2026-08-17T15:33:42+0200,5bbffdc7-c3ab-4a18-a8bf-cc7d933ae677,2026-07-28T23:00:00Z,2026-07-29T01:00:00+0200,69.38,MW,FR,FR,actual_offshore_wind_generation,Wind Offshore | Actual Aggregated,2026-08-17T13:35:39Z
2026-08-17T13:33:42Z,2026-08-17T15:33:42+0200,5bbffdc7-c3ab-4a18-a8bf-cc7d933ae677,2026-07-28T23:15:00Z,2026-07-29T01:15:00+0200,68.07,MW,FR,FR,actual_offshore_wind_generation,Wind Offshore | Actual Aggregated,2026-08-17T13:35:39Z
2026-08-17T13:33:42Z,2026-08-17T15:33:42+0200,5bbffdc7-c3ab-4a18-a8bf-cc7d933ae677,2026-07-28T23:30:00Z,2026-07-29T01:30:00+0200,56.0,MW,FR,FR,actual_offshore_wind_generation,Wind Offshore | Actual Aggregated,2026-08-17T13:35:39Z
2026-08-17T13:33:42Z,2026-08-17T15:33:42+0200,5bbffdc7-c3ab-4a18-a8bf-cc7d933ae677,2026-07-28T23:45:00Z,2026-07-29T01:45:00+0200,54.36,MW,FR,FR,actual_offshore_wind_generation,Wind Offshore | Actual Aggregated,2026-08-17T13:35:39Z
2026-08-17T13:33:42Z,2026-08-17T15:33:42+0200,5bbffdc7-c3ab-4a18-a8bf-cc7d933ae677,2026-07-29T00:00:00Z,2026-07-29T02:00:00+0200,59.25,MW,FR,FR,actual_offshore_wind_generation,Wind Offshore | Actual Aggregated,2026-08-17T13:35:39Z
2026-08-17T13:33:42Z,2026-08-17T15:33:42+0200,5bbffdc7-c3ab-4a18-a8bf-cc7d933ae677,2026-07-29T00:15:00Z,2026-07-29T02:15:00+0200,61.71,MW,FR,FR,actual_offshore_wind_generation,Wind Offshore | Actual Aggregated,2026-08-17T13:35:39Z
2026-08-17T13:33:42Z,2026-08-17T15:33:42+0200,5bbffdc7-c3ab-4a18-a8bf-cc7d933ae677,2026-07-29T00:30:00Z,2026-07-29T02:30:00+0200,78.5,MW,FR,FR,actual_offshore_wind_generation,Wind Offshore | Actual Aggregated,2026-08-17T13:35:39Z
2026-08-17T13:33:42Z,2026-08-17T15:33:42+0200,5bbffdc7-c3ab-4a18-a8bf-cc7d933ae677,2026-07-29T00:45:00Z,2026-07-29T02:45:00+0200,99.93,MW,FR,FR,actual_offshore_wind_generation,Wind Offshore | Actual Aggregated,2026-08-17T13:35:39Z
2026-08-17T13:33:42Z,2026-08-17T15:33:42+0200,5bbffdc7-c3ab-4a18-a8bf-cc7d933ae677,2026-07-29T01:00:00Z,2026-07-29T03:00:00+0200,101.91,MW,FR,FR,actual_offshore_wind_generation,Wind Offshore | Actual Aggregated,2026-08-17T13:35:39Z
2026-08-17T13:33:42Z,2026-08-17T15:33:42+0200,5bbffdc7-c3ab-4a18-a8bf-cc7d933ae677,2026-07-29T01:15:00Z,2026-07-29T03:15:00+0200,90.03,MW,FR,FR,actual_offshore_wind_generation,Wind Offshore | Actual Aggregated,2026-08-17T13:35:39Z
2026-08-17T13:33:42Z,2026-08-17T15:33:42+0200,5bbffdc7-c3ab-4a18-a8bf-cc7d933ae677,2026-07-29T01:30:00Z,2026-07-29T03:30:00+0200,75.72,MW,FR,FR,actual_offshore_wind_generation,Wind Offshore | Actual Aggregated,2026-08-17T13:35:39Z
2026-08-17T13:33:42Z,2026-08-17T15:33:42+0200,5bbffdc7-c3ab-4a18-a8bf-cc7d933ae677,2026-07-29T01:45:00Z,2026-07-29T03:45:00+0200,61.88,MW,FR,FR,actual_offshore_wind_generation,Wind Offshore | Actual Aggregated,2026-08-17T13:35:39Z
2026-08-17T13:33:42Z,2026-08-17T15:33:42+0200,5bbffdc7-c3ab-4a18-a8bf-cc7d933ae677,2026-07-29T02:00:00Z,2026-07-29T04:00:00+0200,43.53,MW,FR,FR,actual_offshore_wind_generation,Wind Offshore | Actual Aggregated,2026-08-17T13:35:39Z
2026-08-17T13:33:42Z,2026-08-17T15:33:42+0200,5bbffdc7-c3ab-4a18-a8bf-cc7d933ae677,2026-07-29T02:15:00Z,2026-07-29T04:15:00+0200,44.09,MW,FR,FR,actual_offshore_wind_generation,Wind Offshore | Actual Aggregated,2026-08-17T13:35:39Z
2026-08-17T13:33:42Z,2026-08-17T15:33:42+0200,5bbffdc7-c3ab-4a18-a8bf-cc7d933ae677,2026-07-29T02:30:00Z,2026-07-29T04:30:00+0200,39.61,MW,FR,FR,actual_offshore_wind_generation,Wind Offshore | Actual Aggregated,2026-08-17T13:35:39Z
2026-08-17T13:33:42Z,2026-08-17T15:33:42+0200,5bbffdc7-c3ab-4a18-a8bf-cc7d933ae677,2026-07-29T02:45:00Z,2026-07-29T04:45:00+0200,31.67,MW,FR,FR,actual_offshore_wind_generation,Wind Offshore | Actual Aggregated,2026-08-17T13:35:39Z
2026-08-17T13:33:42Z,2026-08-17T15:33:42+0200,5bbffdc7-c3ab-4a18-a8bf-cc7d933ae677,2026-07-29T03:00:00Z,2026-07-29T05:00:00+0200,21.88,MW,FR,FR,actual_offshore_wind_generation,Wind Offshore | Actual Aggregated,2026-08-17T13:35:39Z
2026-08-17T13:33:42Z,2026-08-17T15:33:42+0200,5bbffdc7-c3ab-4a18-a8bf-cc7d933ae677,2026-07-29T03:15:00Z,2026-07-29T05:15:00+0200,17.58,MW,FR,FR,actual_offshore_wind_generation,Wind Offshore | Actual Aggregated,2026-08-17T13:35:39Z
2026-08-17T13:33:42Z,2026-08-17T15:33:42+0200,5bbffdc7-c3ab-4a18-a8bf-cc7d933ae677,2026-07-29T03:30:00Z,2026-07-29T05:30:00+0200,15.41,MW,FR,FR,actual_offshore_wind_generation,Wind Offshore | Actual Aggregated,2026-08-17T13:35:39Z
2026-08-17T13:33:42Z,2026-08-17T15:33:42+0200,5bbffdc7-c3ab-4a18-a8bf-cc7d933ae677,2026-07-29T03:45:00Z,2026-07-29T05:45:00+0200,14.76,MW,FR,FR,actual_offshore_wind_generation,Wind Offshore | Actual Aggregated,2026-08-17T13:35:39Z
2026-08-17T13:33:42Z,2026-08-17T15:33:42+0200,5bbffdc7-c3ab-4a18-a8bf-cc7d933ae677,2026-07-29T04:00:00Z,2026-07-29T06:00:00+0200,14.9,MW,FR,FR,actual_offshore_wind_generation,Wind Offshore | Actual Aggregated,2026-08-17T13:35:39Z
2026-08-17T13:33:42Z,2026-08-17T15:33:42+0200,5bbffdc7-c3ab-4a18-a8bf-cc7d933ae677,2026-07-29T04:15:00Z,2026-07-29T06:15:00+0200,12.32,MW,FR,FR,actual_offshore_wind_generation,Wind Offshore | Actual Aggregated,2026-08-17T13:35:39Z
2026-08-17T13:33:42Z,2026-08-17T15:33:42+0200,5bbffdc7-c3ab-4a18-a8bf-cc7d933ae677,2026-07-29T04:30:00Z,2026-07-29T06:30:00+0200,16.73,MW,FR,FR,actual_offshore_wind_generation,Wind Offshore | Actual Aggregated,2026-08-17T13:35:39Z
2026-08-17T13:33:42Z,2026-08-17T15:33:42+0200,5bbffdc7-c3ab-4a18-a8bf-cc7d933ae677,2026-07-29T04:45:00Z,2026-07-29T06:45:00+0200,18.24,MW,FR,FR,actual_offshore_wind_generation,Wind Offshore | Actual Aggregated,2026-08-17T13:35:39Z
2026-08-17T13:33:42Z,2026-08-17T15:33:42+0200,5bbffdc7-c3ab-4a18-a8bf-cc7d933ae677,2026-07-29T05:00:00Z,2026-07-29T07:00:00+0200,16.69,MW,FR,FR,actual_offshore_wind_generation,Wind Offshore | Actual Aggregated,2026-08-17T13:35:39Z
2026-08-17T13:33:42Z,2026-08-17T15:33:42+0200,5bbffdc7-c3ab-4a18-a8bf-cc7d933ae677,2026-07-29T05:15:00Z,2026-07-29T07:15:00+0200,22.68,MW,FR,FR,actual_offshore_wind_generation,Wind Offshore | Actual Aggregated,2026-08-17T13:35:39Z
2026-08-17T13:33:42Z,2026-08-17T15:33:42+0200,5bbffdc7-c3ab-4a18-a8bf-cc7d933ae677,2026-07-29T05:30:00Z,2026-07-29T07:30:00+0200,33.52,MW,FR,FR,actual_offshore_wind_generation,Wind Offshore | Actual Aggregated,2026-08-17T13:35:39Z
2026-08-17T13:33:42Z,2026-08-17T15:33:42+0200,5bbffdc7-c3ab-4a18-a8bf-cc7d933ae677,2026-07-29T05:45:00Z,2026-07-29T07:45:00+0200,46.84,MW,FR,FR,actual_offshore_wind_generation,Wind Offshore | Actual Aggregated,2026-08-17T13:35:39Z
2026-08-17T13:33:42Z,2026-08-17T15:33:42+0200,5bbffdc7-c3ab-4a18-a8bf-cc7d933ae677,2026-07-29T06:00:00Z,2026-07-29T08:00:00+0200,65.49,MW,FR,FR,actual_offshore_wind_generation,Wind Offshore | Actual Aggregated,2026-08-17T13:35:39Z
2026-08-17T13:33:42Z,2026-08-17T15:33:42+0200,5bbffdc7-c3ab-4a18-a8bf-cc7d933ae677,2026-07-29T06:15:00Z,2026-07-29T08:15:00+0200,63.72,MW,FR,FR,actual_offshore_wind_generation,Wind Offshore | Actual Aggregated,2026-08-17T13:35:39Z
2026-08-17T13:33:42Z,2026-08-17T15:33:42+0200,5bbffdc7-c3ab-4a18-a8bf-cc7d933ae677,2026-07-29T06:30:00Z,2026-07-29T08:30:00+0200,48.88,MW,FR,FR,actual_offshore_wind_generation,Wind Offshore | Actual Aggregated,2026-08-17T13:35:39Z
2026-08-17T13:33:42Z,2026-08-17T15:33:42+0200,5bbffdc7-c3ab-4a18-a8bf-cc7d933ae677,2026-07-29T06:45:00Z,2026-07-29T08:45:00+0200,43.95,MW,FR,FR,actual_offshore_wind_generation,Wind Offshore | Actual Aggregated,2026-08-17T13:35:39Z
2026-08-17T13:33:42Z,2026-08-17T15:33:42+0200,5bbffdc7-c3ab-4a18-a8bf-cc7d933ae677,2026-07-29T07:00:00Z,2026-07-29T09:00:00+0200,42.67,MW,FR,FR,actual_offshore_wind_generation,Wind Offshore | Actual Aggregated,2026-08-17T13:35:39Z
2026-08-17T13:33:42Z,2026-08-17T15:33:42+0200,5bbffdc7-c3ab-4a18-a8bf-cc7d933ae677,2026-07-29T07:15:00Z,2026-07-29T09:15:00+0200,31.51,MW,FR,FR,actual_offshore_wind_generation,Wind Offshore | Actual Aggregated,2026-08-17T13:35:39Z
2026-08-17T13:33:42Z,2026-08-17T15:33:42+0200,5bbffdc7-c3ab-4a18-a8bf-cc7d933ae677,2026-07-29T07:30:00Z,2026-07-29T09:30:00+0200,32.38,MW,FR,FR,actual_offshore_wind_generation,Wind Offshore | Actual Aggregated,2026-08-17T13:35:39Z
2026-08-17T13:33:42Z,2026-08-17T15:33:42+0200,5bbffdc7-c3ab-4a18-a8bf-cc7d933ae677,2026-07-29T07:45:00Z,2026-07-29T09:45:00+0200,33.92,MW,FR,FR,actual_offshore_wind_generation,Wind Offshore | Actual Aggregated,2026-08-17T13:35:39Z
2026-08-17T13:33:42Z,2026-08-17T15:33:42+0200,5bbffdc7-c3ab-4a18-a8bf-cc7d933ae677,2026-07-29T08:00:00Z,2026-07-29T10:00:00+0200,38.85,MW,FR,FR,actual_offshore_wind_generation,Wind Offshore | Actual Aggregated,2026-08-17T13:35:39Z
2026-08-17T13:33:42Z,2026-08-17T15:33:42+0200,5bbffdc7-c3ab-4a18-a8bf-cc7d933ae677,2026-07-29T08:15:00Z,2026-07-29T10:15:00+0200,56.35,MW,FR,FR,actual_offshore_wind_generation,Wind Offshore | Actual Aggregated,2026-08-17T13:35:39Z
2026-08-17T13:33:42Z,2026-08-17T15:33:42+0200,5bbffdc7-c3ab-4a18-a8bf-cc7d933ae677,2026-07-29T08:30:00Z,2026-07-29T10:30:00+0200,71.75,MW,FR,FR,actual_offshore_wind_generation,Wind Offshore | Actual Aggregated,2026-08-17T13:35:39Z
2026-08-17T13:33:42Z,2026-08-17T15:33:42+0200,5bbffdc7-c3ab-4a18-a8bf-cc7d933ae677,2026-07-29T08:45:00Z,2026-07-29T10:45:00+0200,90.73,MW,FR,FR,actual_offshore_wind_generation,Wind Offshore | Actual Aggregated,2026-08-17T13:35:39Z
2026-08-17T13:33:42Z,2026-08-17T15:33:42+0200,5bbffdc7-c3ab-4a18-a8bf-cc7d933ae677,2026-07-29T09:00:00Z,2026-07-29T11:00:00+0200,79.71,MW,FR,FR,actual_offshore_wind_generation,Wind Offshore | Actual Aggregated,2026-08-17T13:35:39Z
2026-08-17T13:33:42Z,2026-08-17T15:33:42+0200,5bbffdc7-c3ab-4a18-a8bf-cc7d933ae677,2026-07-29T09:15:00Z,2026-07-29T11:15:00+0200,64.38,MW,FR,FR,actual_offshore_wind_generation,Wind Offshore | Actual Aggregated,2026-08-17T13:35:39Z
2026-08-17T13:33:42Z,2026-08-17T15:33:42+0200,5bbffdc7-c3ab-4a18-a8bf-cc7d933ae677,2026-07-29T09:30:00Z,2026-07-29T11:30:00+0200,32.03,MW,FR,FR,actual_offshore_wind_generation,Wind Offshore | Actual Aggregated,2026-08-17T13:35:39Z
2026-08-17T13:33:42Z,2026-08-17T15:33:42+0200,5bbffdc7-c3ab-4a18-a8bf-cc7d933ae677,2026-07-29T09:45:00Z,2026-07-29T11:45:00+0200,20.07,MW,FR,FR,actual_offshore_wind_generation,Wind Offshore | Actual Aggregated,2026-08-17T13:35:39Z
2026-08-17T13:33:42Z,2026-08-17T15:33:42+0200,5bbffdc7-c3ab-4a18-a8bf-cc7d933ae677,2026-07-29T10:00:00Z,2026-07-29T12:00:00+0200,17.09,MW,FR,FR,actual_offshore_wind_generation,Wind Offshore | Actual Aggregated,2026-08-17T13:35:39Z
2026-08-17T13:33:42Z,2026-08-17T15:33:42+0200,5bbffdc7-c3ab-4a18-a8bf-cc7d933ae677,2026-07-29T10:15:00Z,2026-07-29T12:15:00+0200,9.21,MW,FR,FR,actual_offshore_wind_generation,Wind Offshore | Actual Aggregated,2026-08-17T13:35:39Z
2026-08-17T13:33:42Z,2026-08-17T15:33:42+0200,5bbffdc7-c3ab-4a18-a8bf-cc7d933ae677,2026-07-29T10:30:00Z,2026-07-29T12:30:00+0200,12.77,MW,FR,FR,actual_offshore_wind_generation,Wind Offshore | Actual Aggregated,2026-08-17T13:35:39Z
2026-08-17T13:33:42Z,2026-08-17T15:33:42+0200,5bbffdc7-c3ab-4a18-a8bf-cc7d933ae677,2026-07-29T10:45:00Z,2026-07-29T12:45:00+0200,23.97,MW,FR,FR,actual_offshore_wind_generation,Wind Offshore | Actual Aggregated,2026-08-17T13:35:39Z
2026-08-17T13:33:42Z,2026-08-17T15:33:42+0200,5bbffdc7-c3ab-4a18-a8bf-cc7d933ae677,2026-07-29T11:00:00Z,2026-07-29T13:00:00+0200,27.34,MW,FR,FR,actual_offshore_wind_generation,Wind Offshore | Actual Aggregated,2026-08-17T13:35:39Z
2026-08-17T13:33:42Z,2026-08-17T15:33:42+0200,5bbffdc7-c3ab-4a18-a8bf-cc7d933ae677,2026-07-29T11:15:00Z,2026-07-29T13:15:00+0200,26.78,MW,FR,FR,actual_offshore_wind_generation,Wind Offshore | Actual Aggregated,2026-08-17T13:35:39Z
2026-08-17T13:33:42Z,2026-08-17T15:33:42+0200,5bbffdc7-c3ab-4a18-a8bf-cc7d933ae677,2026-07-29T11:30:00Z,2026-07-29T13:30:00+0200,42.12,MW,FR,FR,actual_offshore_wind_generation,Wind Offshore | Actual Aggregated,2026-08-17T13:35:39Z
2026-08-17T13:33:42Z,2026-08-17T15:33:42+0200,5bbffdc7-c3ab-4a18-a8bf-cc7d933ae677,2026-07-29T11:45:00Z,2026-07-29T13:45:00+0200,61.18,MW,FR,FR,actual_offshore_wind_generation,Wind Offshore | Actual Aggregated,2026-08-17T13:35:39Z
2026-08-17T13:33:42Z,2026-08-17T15:33:42+0200,5bbffdc7-c3ab-4a18-a8bf-cc7d933ae677,2026-07-29T12:00:00Z,2026-07-29T14:00:00+0200,86.99,MW,FR,FR,actual_offshore_wind_generation,Wind Offshore | Actual Aggregated,2026-08-17T13:35:39Z
2026-08-17T13:33:42Z,2026-08-17T15:33:42+0200,5bbffdc7-c3ab-4a18-a8bf-cc7d933ae677,2026-07-29T12:15:00Z,2026-07-29T14:15:00+0200,132.5,MW,FR,FR,actual_offshore_wind_generation,Wind Offshore | Actual Aggregated,2026-08-17T13:35:39Z
2026-08-17T13:33:42Z,2026-08-17T15:33:42+0200,5bbffdc7-c3ab-4a18-a8bf-cc7d933ae677,2026-07-29T12:30:00Z,2026-07-29T14:30:00+0200,186.38,MW,FR,FR,actual_offshore_wind_generation,Wind Offshore | Actual Aggregated,2026-08-17T13:35:39Z
2026-08-17T13:33:42Z,2026-08-17T15:33:42+0200,5bbffdc7-c3ab-4a18-a8bf-cc7d933ae677,2026-07-29T12:45:00Z,2026-07-29T14:45:00+0200,211.61,MW,FR,FR,actual_offshore_wind_generation,Wind Offshore | Actual Aggregated,2026-08-17T13:35:39Z
2026-08-17T13:33:42Z,2026-08-17T15:33:42+0200,5bbffdc7-c3ab-4a18-a8bf-cc7d933ae677,2026-07-29T13:00:00Z,2026-07-29T15:00:00+0200,200.28,MW,FR,FR,actual_offshore_wind_generation,Wind Offshore | Actual Aggregated,2026-08-17T13:35:39Z
2026-08-17T13:33:42Z,2026-08-17T15:33:42+0200,5bbffdc7-c3ab-4a18-a8bf-cc7d933ae677,2026-07-29T13:15:00Z,2026-07-29T15:15:00+0200,187.6,MW,FR,FR,actual_offshore_wind_generation,Wind Offshore | Actual Aggregated,2026-08-17T13:35:39Z
2026-08-17T13:33:42Z,2026-08-17T15:33:42+0200,5bbffdc7-c3ab-4a18-a8bf-cc7d933ae677,2026-07-29T13:30:00Z,2026-07-29T15:30:00+0200,181.91,MW,FR,FR,actual_offshore_wind_generation,Wind Offshore | Actual Aggregated,2026-08-17T13:35:39Z
2026-08-17T13:33:42Z,2026-08-17T15:33:42+0200,5bbffdc7-c3ab-4a18-a8bf-cc7d933ae677,2026-07-29T13:45:00Z,2026-07-29T15:45:00+0200,169.66,MW,FR,FR,actual_offshore_wind_generation,Wind Offshore | Actual Aggregated,2026-08-17T13:35:39Z
2026-08-17T13:33:42Z,2026-08-17T15:33:42+0200,5bbffdc7-c3ab-4a18-a8bf-cc7d933ae677,2026-07-29T14:00:00Z,2026-07-29T16:00:00+0200,167.65,MW,FR,FR,actual_offshore_wind_generation,Wind Offshore | Actual Aggregated,2026-08-17T13:35:39Z
2026-08-17T13:33:42Z,2026-08-17T15:33:42+0200,5bbffdc7-c3ab-4a18-a8bf-cc7d933ae677,2026-07-29T14:15:00Z,2026-07-29T16:15:00+0200,194.79,MW,FR,FR,actual_offshore_wind_generation,Wind Offshore | Actual Aggregated,2026-08-17T13:35:39Z
2026-08-17T13:33:42Z,2026-08-17T15:33:42+0200,5bbffdc7-c3ab-4a18-a8bf-cc7d933ae677,2026-07-29T14:30:00Z,2026-07-29T16:30:00+0200,252.5,MW,FR,FR,actual_offshore_wind_generation,Wind Offshore | Actual Aggregated,2026-08-17T13:35:39Z
2026-08-17T13:33:42Z,2026-08-17T15:33:42+0200,5bbffdc7-c3ab-4a18-a8bf-cc7d933ae677,2026-07-29T14:45:00Z,2026-07-29T16:45:00+0200,271.43,MW,FR,FR,actual_offshore_wind_generation,Wind Offshore | Actual Aggregated,2026-08-17T13:35:39Z
2026-08-17T13:33:42Z,2026-08-17T15:33:42+0200,5bbffdc7-c3ab-4a18-a8bf-cc7d933ae677,2026-07-29T15:00:00Z,2026-07-29T17:00:00+0200,283.67,MW,FR,FR,actual_offshore_wind_generation,Wind Offshore | Actual Aggregated,2026-08-17T13:35:39Z
2026-08-17T13:33:42Z,2026-08-17T15:33:42+0200,5bbffdc7-c3ab-4a18-a8bf-cc7d933ae677,2026-07-29T15:15:00Z,2026-07-29T17:15:00+0200,267.25,MW,FR,FR,actual_offshore_wind_generation,Wind Offshore | Actual Aggregated,2026-08-17T13:35:39Z
2026-08-17T13:33:42Z,2026-08-17T15:33:42+0200,5bbffdc7-c3ab-4a18-a8bf-cc7d933ae677,2026-07-29T15:30:00Z,2026-07-29T17:30:00+0200,250.89,MW,FR,FR,actual_offshore_wind_generation,Wind Offshore | Actual Aggregated,2026-08-17T13:35:39Z
2026-08-17T13:33:42Z,2026-08-17T15:33:42+0200,5bbffdc7-c3ab-4a18-a8bf-cc7d933ae677,2026-07-29T15:45:00Z,2026-07-29T17:45:00+0200,250.5,MW,FR,FR,actual_offshore_wind_generation,Wind Offshore | Actual Aggregated,2026-08-17T13:35:39Z
2026-08-17T13:33:42Z,2026-08-17T15:33:42+0200,5bbffdc7-c3ab-4a18-a8bf-cc7d933ae677,2026-07-29T16:00:00Z,2026-07-29T18:00:00+0200,260.72,MW,FR,FR,actual_offshore_wind_generation,Wind Offshore | Actual Aggregated,2026-08-17T13:35:39Z
2026-08-17T13:33:42Z,2026-08-17T15:33:42+0200,5bbffdc7-c3ab-4a18-a8bf-cc7d933ae677,2026-07-29T16:15:00Z,2026-07-29T18:15:00+0200,267.52,MW,FR,FR,actual_offshore_wind_generation,Wind Offshore | Actual Aggregated,2026-08-17T13:35:39Z
2026-08-17T13:33:42Z,2026-08-17T15:33:42+0200,5bbffdc7-c3ab-4a18-a8bf-cc7d933ae677,2026-07-29T16:30:00Z,2026-07-29T18:30:00+0200,254.88,MW,FR,FR,actual_offshore_wind_generation,Wind Offshore | Actual Aggregated,2026-08-17T13:35:39Z
2026-08-17T13:33:42Z,2026-08-17T15:33:42+0200,5bbffdc7-c3ab-4a18-a8bf-cc7d933ae677,2026-07-29T16:45:00Z,2026-07-29T18:45:00+0200,237.27,MW,FR,FR,actual_offshore_wind_generation,Wind Offshore | Actual Aggregated,2026-08-17T13:35:39Z
2026-08-17T13:33:42Z,2026-08-17T15:33:42+0200,5bbffdc7-c3ab-4a18-a8bf-cc7d933ae677,2026-07-29T17:00:00Z,2026-07-29T19:00:00+0200,232.73,MW,FR,FR,actual_offshore_wind_generation,Wind Offshore | Actual Aggregated,2026-08-17T13:35:39Z
2026-08-17T13:33:42Z,2026-08-17T15:33:42+0200,5bbffdc7-c3ab-4a18-a8bf-cc7d933ae677,2026-07-29T17:15:00Z,2026-07-29T19:15:00+0200,212.75,MW,FR,FR,actual_offshore_wind_generation,Wind Offshore | Actual Aggregated,2026-08-17T13:35:39Z
2026-08-17T13:33:42Z,2026-08-17T15:33:42+0200,5bbffdc7-c3ab-4a18-a8bf-cc7d933ae677,2026-07-29T17:30:00Z,2026-07-29T19:30:00+0200,201.76,MW,FR,FR,actual_offshore_wind_generation,Wind Offshore | Actual Aggregated,2026-08-17T13:35:39Z
2026-08-17T13:33:42Z,2026-08-17T15:33:42+0200,5bbffdc7-c3ab-4a18-a8bf-cc7d933ae677,2026-07-29T17:45:00Z,2026-07-29T19:45:00+0200,205.59,MW,FR,FR,actual_offshore_wind_generation,Wind Offshore | Actual Aggregated,2026-08-17T13:35:39Z
2026-08-17T13:33:42Z,2026-08-17T15:33:42+0200,5bbffdc7-c3ab-4a18-a8bf-cc7d933ae677,2026-07-29T18:00:00Z,2026-07-29T20:00:00+0200,206.71,MW,FR,FR,actual_offshore_wind_generation,Wind Offshore | Actual Aggregated,2026-08-17T13:35:39Z
2026-08-17T13:33:42Z,2026-08-17T15:33:42+0200,5bbffdc7-c3ab-4a18-a8bf-cc7d933ae677,2026-07-29T18:15:00Z,2026-07-29T20:15:00+0200,205.92,MW,FR,FR,actual_offshore_wind_generation,Wind Offshore | Actual Aggregated,2026-08-17T13:35:39Z
2026-08-17T13:33:42Z,2026-08-17T15:33:42+0200,5bbffdc7-c3ab-4a18-a8bf-cc7d933ae677,2026-07-29T18:30:00Z,2026-07-29T20:30:00+0200,219.92,MW,FR,FR,actual_offshore_wind_generation,Wind Offshore | Actual Aggregated,2026-08-17T13:35:39Z
2026-08-17T13:33:42Z,2026-08-17T15:33:42+0200,5bbffdc7-c3ab-4a18-a8bf-cc7d933ae677,2026-07-29T18:45:00Z,2026-07-29T20:45:00+0200,230.91,MW,FR,FR,actual_offshore_wind_generation,Wind Offshore | Actual Aggregated,2026-08-17T13:35:39Z
2026-08-17T13:33:42Z,2026-08-17T15:33:42+0200,5bbffdc7-c3ab-4a18-a8bf-cc7d933ae677,2026-07-29T19:00:00Z,2026-07-29T21:00:00+0200,216.04,MW,FR,FR,actual_offshore_wind_generation,Wind Offshore | Actual Aggregated,2026-08-17T13:35:39Z
2026-08-17T13:33:42Z,2026-08-17T15:33:42+0200,5bbffdc7-c3ab-4a18-a8bf-cc7d933ae677,2026-07-29T19:15:00Z,2026-07-29T21:15:00+0200,188.85,MW,FR,FR,actual_offshore_wind_generation,Wind Offshore | Actual Aggregated,2026-08-17T13:35:39Z
2026-08-17T13:33:42Z,2026-08-17T15:33:42+0200,5bbffdc7-c3ab-4a18-a8bf-cc7d933ae677,2026-07-29T19:30:00Z,2026-07-29T21:30:00+0200,180.71,MW,FR,FR,actual_offshore_wind_generation,Wind Offshore | Actual Aggregated,2026-08-17T13:35:39Z
2026-08-17T13:33:42Z,2026-08-17T15:33:42+0200,5bbffdc7-c3ab-4a18-a8bf-cc7d933ae677,2026-07-29T19:45:00Z,2026-07-29T21:45:00+0200,208.68,MW,FR,FR,actual_offshore_wind_generation,Wind Offshore | Actual Aggregated,2026-08-17T13:35:39Z
2026-08-17T13:33:42Z,2026-08-17T15:33:42+0200,5bbffdc7-c3ab-4a18-a8bf-cc7d933ae677,2026-07-29T20:00:00Z,2026-07-29T22:00:00+0200,245.57,MW,FR,FR,actual_offshore_wind_generation,Wind Offshore | Actual Aggregated,2026-08-17T13:35:39Z
2026-08-17T13:33:42Z,2026-08-17T15:33:42+0200,5bbffdc7-c3ab-4a18-a8bf-cc7d933ae677,2026-07-29T20:15:00Z,2026-07-29T22:15:00+0200,238.99,MW,FR,FR,actual_offshore_wind_generation,Wind Offshore | Actual Aggregated,2026-08-17T13:35:39Z
2026-08-17T13:33:42Z,2026-08-17T15:33:42+0200,5bbffdc7-c3ab-4a18-a8bf-cc7d933ae677,2026-07-29T20:30:00Z,2026-07-29T22:30:00+0200,269.86,MW,FR,FR,actual_offshore_wind_generation,Wind Offshore | Actual Aggregated,2026-08-17T13:35:39Z
2026-08-17T13:33:42Z,2026-08-17T15:33:42+0200,5bbffdc7-c3ab-4a18-a8bf-cc7d933ae677,2026-07-29T20:45:00Z,2026-07-29T22:45:00+0200,336.2,MW,FR,FR,actual_offshore_wind_generation,Wind Offshore | Actual Aggregated,2026-08-17T13:35:39Z
2026-08-17T13:33:42Z,2026-08-17T15:33:42+0200,5bbffdc7-c3ab-4a18-a8bf-cc7d933ae677,2026-07-29T21:00:00Z,2026-07-29T23:00:00+0200,336.57,MW,FR,FR,actual_offshore_wind_generation,Wind Offshore | Actual Aggregated,2026-08-17T13:35:39Z
2026-08-17T13:33:42Z,2026-08-17T15:33:42+0200,5bbffdc7-c3ab-4a18-a8bf-cc7d933ae677,2026-07-29T21:15:00Z,2026-07-29T23:15:00+0200,338.82,MW,FR,FR,actual_offshore_wind_generation,Wind Offshore | Actual Aggregated,2026-08-17T13:35:39Z
2026-08-17T13:33:42Z,2026-08-17T15:33:42+0200,5bbffdc7-c3ab-4a18-a8bf-cc7d933ae677,2026-07-29T21:30:00Z,2026-07-29T23:30:00+0200,364.98,MW,FR,FR,actual_offshore_wind_generation,Wind Offshore | Actual Aggregated,2026-08-17T13:35:39Z
2026-08-17T13:33:42Z,2026-08-17T15:33:42+0200,5bbffdc7-c3ab-4a18-a8bf-cc7d933ae677,2026-07-29T21:45:00Z,2026-07-29T23:45:00+0200,399.74,MW,FR,FR,actual_offshore_wind_generation,Wind Offshore | Actual Aggregated,2026-08-17T13:35:39Z
2026-08-17T13:33:42Z,2026-08-17T15:33:42+0200,5bbffdc7-c3ab-4a18-a8bf-cc7d933ae677,2026-07-29T22:00:00Z,2026-07-30T00:00:00+0200,417.99,MW,FR,FR,actual_offshore_wind_generation,Wind Offshore | Actual Aggregated,2026-08-17T13:35:39Z
2026-08-17T13:33:42Z,2026-08-17T15:33:42+0200,5bbffdc7-c3ab-4a18-a8bf-cc7d933ae677,2026-07-29T22:15:00Z,2026-07-30T00:15:00+0200,429.98,MW,FR,FR,actual_offshore_wind_generation,Wind Offshore | Actual Aggregated,2026-08-17T13:35:39Z
2026-08-17T13:33:42Z,2026-08-17T15:33:42+0200,5bbffdc7-c3ab-4a18-a8bf-cc7d933ae677,2026-07-29T22:30:00Z,2026-07-30T00:30:00+0200,408.75,MW,FR,FR,actual_offshore_wind_generation,Wind Offshore | Actual Aggregated,2026-08-17T13:35:39Z
2026-08-17T13:33:42Z,2026-08-17T15:33:42+0200,5bbffdc7-c3ab-4a18-a8bf-cc7d933ae677,2026-07-29T22:45:00Z,2026-07-30T00:45:00+0200,411.65,MW,FR,FR,actual_offshore_wind_generation,Wind Offshore | Actual Aggregated,2026-08-17T13:35:39Z
2026-08-17T13:33:42Z,2026-08-17T15:33:42+0200,5bbffdc7-c3ab-4a18-a8bf-cc7d933ae677,2026-07-29T23:00:00Z,2026-07-30T01:00:00+0200,440.43,MW,FR,FR,actual_offshore_wind_generation,Wind Offshore | Actual Aggregated,2026-08-17T13:35:39Z
2026-08-17T13:33:42Z,2026-08-17T15:33:42+0200,5bbffdc7-c3ab-4a18-a8bf-cc7d933ae677,2026-07-29T23:15:00Z,2026-07-30T01:15:00+0200,434.7,MW,FR,FR,actual_offshore_wind_generation,Wind Offshore | Actual Aggregated,2026-08-17T13:35:39Z
2026-08-17T13:33:42Z,2026-08-17T15:33:42+0200,5bbffdc7-c3ab-4a18-a8bf-cc7d933ae677,2026-07-29T23:30:00Z,2026-07-30T01:30:00+0200,370.62,MW,FR,FR,actual_offshore_wind_generation,Wind Offshore | Actual Aggregated,2026-08-17T13:35:39Z
2026-08-17T13:33:42Z,2026-08-17T15:33:42+0200,5bbffdc7-c3ab-4a18-a8bf-cc7d933ae677,2026-07-29T23:45:00Z,2026-07-30T01:45:00+0200,361.09,MW,FR,FR,actual_offshore_wind_generation,Wind Offshore | Actual Aggregated,2026-08-17T13:35:39Z
2026-08-17T13:33:42Z,2026-08-17T15:33:42+0200,5bbffdc7-c3ab-4a18-a8bf-cc7d933ae677,2026-07-30T00:00:00Z,2026-07-30T02:00:00+0200,320.27,MW,FR,FR,actual_offshore_wind_generation,Wind Offshore | Actual Aggregated,2026-08-17T13:35:39Z
2026-08-17T13:33:42Z,2026-08-17T15:33:42+0200,5bbffdc7-c3ab-4a18-a8bf-cc7d933ae677,2026-07-30T00:15:00Z,2026-07-30T02:15:00+0200,299.4,MW,FR,FR,actual_offshore_wind_generation,Wind Offshore | Actual Aggregated,2026-08-17T13:35:39Z
2026-08-17T13:33:42Z,2026-08-17T15:33:42+0200,5bbffdc7-c3ab-4a18-a8bf-cc7d933ae677,2026-07-30T00:30:00Z,2026-07-30T02:30:00+0200,281.27,MW,FR,FR,actual_offshore_wind_generation,Wind Offshore | Actual Aggregated,2026-08-17T13:35:39Z
2026-08-17T13:33:42Z,2026-08-17T15:33:42+0200,5bbffdc7-c3ab-4a18-a8bf-cc7d933ae677,2026-07-30T00:45:00Z,2026-07-30T02:45:00+0200,255.78,MW,FR,FR,actual_offshore_wind_generation,Wind Offshore | Actual Aggregated,2026-08-17T13:35:39Z
2026-08-17T13:33:42Z,2026-08-17T15:33:42+0200,5bbffdc7-c3ab-4a18-a8bf-cc7d933ae677,2026-07-30T01:00:00Z,2026-07-30T03:00:00+0200,248.21,MW,FR,FR,actual_offshore_wind_generation,Wind Offshore | Actual Aggregated,2026-08-17T13:35:39Z
2026-08-17T13:33:42Z,2026-08-17T15:33:42+0200,5bbffdc7-c3ab-4a18-a8bf-cc7d933ae677,2026-07-30T01:15:00Z,2026-07-30T03:15:00+0200,249.52,MW,FR,FR,actual_offshore_wind_generation,Wind Offshore | Actual Aggregated,2026-08-17T13:35:39Z
2026-08-17T13:33:42Z,2026-08-17T15:33:42+0200,5bbffdc7-c3ab-4a18-a8bf-cc7d933ae677,2026-07-30T01:30:00Z,2026-07-30T03:30:00+0200,246.2,MW,FR,FR,actual_offshore_wind_generation,Wind Offshore | Actual Aggregated,2026-08-17T13:35:39Z
2026-08-17T13:33:42Z,2026-08-17T15:33:42+0200,5bbffdc7-c3ab-4a18-a8bf-cc7d933ae677,2026-07-30T01:45:00Z,2026-07-30T03:45:00+0200,233.07,MW,FR,FR,actual_offshore_wind_generation,Wind Offshore | Actual Aggregated,2026-08-17T13:35:39Z
2026-08-17T13:33:42Z,2026-08-17T15:33:42+0200,5bbffdc7-c3ab-4a18-a8bf-cc7d933ae677,2026-07-30T02:00:00Z,2026-07-30T04:00:00+0200,251.42,MW,FR,FR,actual_offshore_wind_generation,Wind Offshore | Actual Aggregated,2026-08-17T13:35:39Z
2026-08-17T13:33:42Z,2026-08-17T15:33:42+0200,5bbffdc7-c3ab-4a18-a8bf-cc7d933ae677,2026-07-30T02:15:00Z,2026-07-30T04:15:00+0200,247.25,MW,FR,FR,actual_offshore_wind_generation,Wind Offshore | Actual Aggregated,2026-08-17T13:35:39Z
2026-08-17T13:33:42Z,2026-08-17T15:33:42+0200,5bbffdc7-c3ab-4a18-a8bf-cc7d933ae677,2026-07-30T02:30:00Z,2026-07-30T04:30:00+0200,215.56,MW,FR,FR,actual_offshore_wind_generation,Wind Offshore | Actual Aggregated,2026-08-17T13:35:39Z
2026-08-17T13:33:42Z,2026-08-17T15:33:42+0200,5bbffdc7-c3ab-4a18-a8bf-cc7d933ae677,2026-07-30T02:45:00Z,2026-07-30T04:45:00+0200,254.7,MW,FR,FR,actual_offshore_wind_generation,Wind Offshore | Actual Aggregated,2026-08-17T13:35:39Z
2026-08-17T13:33:42Z,2026-08-17T15:33:42+0200,5bbffdc7-c3ab-4a18-a8bf-cc7d933ae677,2026-07-30T03:00:00Z,2026-07-30T05:00:00+0200,236.51,MW,FR,FR,actual_offshore_wind_generation,Wind Offshore | Actual Aggregated,2026-08-17T13:35:39Z
2026-08-17T13:33:42Z,2026-08-17T15:33:42+0200,5bbffdc7-c3ab-4a18-a8bf-cc7d933ae677,2026-07-30T03:15:00Z,2026-07-30T05:15:00+0200,226.84,MW,FR,FR,actual_offshore_wind_generation,Wind Offshore | Actual Aggregated,2026-08-17T13:35:39Z
2026-08-17T13:33:42Z,2026-08-17T15:33:42+0200,5bbffdc7-c3ab-4a18-a8bf-cc7d933ae677,2026-07-30T03:30:00Z,2026-07-30T05:30:00+0200,297.65,MW,FR,FR,actual_offshore_wind_generation,Wind Offshore | Actual Aggregated,2026-08-17T13:35:39Z
2026-08-17T13:33:42Z,2026-08-17T15:33:42+0200,5bbffdc7-c3ab-4a18-a8bf-cc7d933ae677,2026-07-30T03:45:00Z,2026-07-30T05:45:00+0200,396.4,MW,FR,FR,actual_offshore_wind_generation,Wind Offshore | Actual Aggregated,2026-08-17T13:35:39Z
2026-08-17T13:33:42Z,2026-08-17T15:33:42+0200,5bbffdc7-c3ab-4a18-a8bf-cc7d933ae677,2026-07-30T04:00:00Z,2026-07-30T06:00:00+0200,455.45,MW,FR,FR,actual_offshore_wind_generation,Wind Offshore | Actual Aggregated,2026-08-17T13:35:39Z
2026-08-17T13:33:42Z,2026-08-17T15:33:42+0200,5bbffdc7-c3ab-4a18-a8bf-cc7d933ae677,2026-07-30T04:15:00Z,2026-07-30T06:15:00+0200,390.86,MW,FR,FR,actual_offshore_wind_generation,Wind Offshore | Actual Aggregated,2026-08-17T13:35:39Z
2026-08-17T13:33:42Z,2026-08-17T15:33:42+0200,5bbffdc7-c3ab-4a18-a8bf-cc7d933ae677,2026-07-30T04:30:00Z,2026-07-30T06:30:00+0200,271.15,MW,FR,FR,actual_offshore_wind_generation,Wind Offshore | Actual Aggregated,2026-08-17T13:35:39Z
2026-08-17T13:33:42Z,2026-08-17T15:33:42+0200,5bbffdc7-c3ab-4a18-a8bf-cc7d933ae677,2026-07-30T04:45:00Z,2026-07-30T06:45:00+0200,193.18,MW,FR,FR,actual_offshore_wind_generation,Wind Offshore | Actual Aggregated,2026-08-17T13:35:39Z
2026-08-17T13:33:42Z,2026-08-17T15:33:42+0200,5bbffdc7-c3ab-4a18-a8bf-cc7d933ae677,2026-07-30T05:00:00Z,2026-07-30T07:00:00+0200,167.22,MW,FR,FR,actual_offshore_wind_generation,Wind Offshore | Actual Aggregated,2026-08-17T13:35:39Z
2026-08-17T13:33:42Z,2026-08-17T15:33:42+0200,5bbffdc7-c3ab-4a18-a8bf-cc7d933ae677,2026-07-30T05:15:00Z,2026-07-30T07:15:00+0200,130.79,MW,FR,FR,actual_offshore_wind_generation,Wind Offshore | Actual Aggregated,2026-08-17T13:35:39Z
2026-08-17T13:33:42Z,2026-08-17T15:33:42+0200,5bbffdc7-c3ab-4a18-a8bf-cc7d933ae677,2026-07-30T05:30:00Z,2026-07-30T07:30:00+0200,119.19,MW,FR,FR,actual_offshore_wind_generation,Wind Offshore | Actual Aggregated,2026-08-17T13:35:39Z
2026-08-17T13:33:42Z,2026-08-17T15:33:42+0200,5bbffdc7-c3ab-4a18-a8bf-cc7d933ae677,2026-07-30T05:45:00Z,2026-07-30T07:45:00+0200,115.58,MW,FR,FR,actual_offshore_wind_generation,Wind Offshore | Actual Aggregated,2026-08-17T13:35:39Z
2026-08-17T13:33:42Z,2026-08-17T15:33:42+0200,5bbffdc7-c3ab-4a18-a8bf-cc7d933ae677,2026-07-30T06:00:00Z,2026-07-30T08:00:00+0200,109.21,MW,FR,FR,actual_offshore_wind_generation,Wind Offshore | Actual Aggregated,2026-08-17T13:35:39Z
2026-08-17T13:33:42Z,2026-08-17T15:33:42+0200,5bbffdc7-c3ab-4a18-a8bf-cc7d933ae677,2026-07-30T06:15:00Z,2026-07-30T08:15:00+0200,111.24,MW,FR,FR,actual_offshore_wind_generation,Wind Offshore | Actual Aggregated,2026-08-17T13:35:39Z
2026-08-17T13:33:42Z,2026-08-17T15:33:42+0200,5bbffdc7-c3ab-4a18-a8bf-cc7d933ae677,2026-07-30T06:30:00Z,2026-07-30T08:30:00+0200,133.27,MW,FR,FR,actual_offshore_wind_generation,Wind Offshore | Actual Aggregated,2026-08-17T13:35:39Z
2026-08-17T13:33:42Z,2026-08-17T15:33:42+0200,5bbffdc7-c3ab-4a18-a8bf-cc7d933ae677,2026-07-30T06:45:00Z,2026-07-30T08:45:00+0200,137.05,MW,FR,FR,actual_offshore_wind_generation,Wind Offshore | Actual Aggregated,2026-08-17T13:35:39Z
2026-08-17T13:33:42Z,2026-08-17T15:33:42+0200,5bbffdc7-c3ab-4a18-a8bf-cc7d933ae677,2026-07-30T07:00:00Z,2026-07-30T09:00:00+0200,147.64,MW,FR,FR,actual_offshore_wind_generation,Wind Offshore | Actual Aggregated,2026-08-17T13:35:39Z
2026-08-17T13:33:42Z,2026-08-17T15:33:42+0200,5bbffdc7-c3ab-4a18-a8bf-cc7d933ae677,2026-07-30T07:15:00Z,2026-07-30T09:15:00+0200,154.41,MW,FR,FR,actual_offshore_wind_generation,Wind Offshore | Actual Aggregated,2026-08-17T13:35:39Z
2026-08-17T13:33:42Z,2026-08-17T15:33:42+0200,5bbffdc7-c3ab-4a18-a8bf-cc7d933ae677,2026-07-30T07:30:00Z,2026-07-30T09:30:00+0200,162.76,MW,FR,FR,actual_offshore_wind_generation,Wind Offshore | Actual Aggregated,2026-08-17T13:35:39Z
2026-08-17T13:33:42Z,2026-08-17T15:33:42+0200,5bbffdc7-c3ab-4a18-a8bf-cc7d933ae677,2026-07-30T07:45:00Z,2026-07-30T09:45:00+0200,172.2,MW,FR,FR,actual_offshore_wind_generation,Wind Offshore | Actual Aggregated,2026-08-17T13:35:39Z
2026-08-17T13:33:42Z,2026-08-17T15:33:42+0200,5bbffdc7-c3ab-4a18-a8bf-cc7d933ae677,2026-07-30T08:00:00Z,2026-07-30T10:00:00+0200,181.99,MW,FR,FR,actual_offshore_wind_generation,Wind Offshore | Actual Aggregated,2026-08-17T13:35:39Z
2026-08-17T13:33:42Z,2026-08-17T15:33:42+0200,5bbffdc7-c3ab-4a18-a8bf-cc7d933ae677,2026-07-30T08:15:00Z,2026-07-30T10:15:00+0200,168.87,MW,FR,FR,actual_offshore_wind_generation,Wind Offshore | Actual Aggregated,2026-08-17T13:35:39Z
2026-08-17T13:33:42Z,2026-08-17T15:33:42+0200,5bbffdc7-c3ab-4a18-a8bf-cc7d933ae677,2026-07-30T08:30:00Z,2026-07-30T10:30:00+0200,153.65,MW,FR,FR,actual_offshore_wind_generation,Wind Offshore | Actual Aggregated,2026-08-17T13:35:39Z
2026-08-17T13:33:42Z,2026-08-17T15:33:42+0200,5bbffdc7-c3ab-4a18-a8bf-cc7d933ae677,2026-07-30T08:45:00Z,2026-07-30T10:45:00+0200,134.66,MW,FR,FR,actual_offshore_wind_generation,Wind Offshore | Actual Aggregated,2026-08-17T13:35:39Z
2026-08-17T13:33:42Z,2026-08-17T15:33:42+0200,5bbffdc7-c3ab-4a18-a8bf-cc7d933ae677,2026-07-30T09:00:00Z,2026-07-30T11:00:00+0200,135.7,MW,FR,FR,actual_offshore_wind_generation,Wind Offshore | Actual Aggregated,2026-08-17T13:35:39Z
2026-08-17T13:33:42Z,2026-08-17T15:33:42+0200,5bbffdc7-c3ab-4a18-a8bf-cc7d933ae677,2026-07-30T09:15:00Z,2026-07-30T11:15:00+0200,130.22,MW,FR,FR,actual_offshore_wind_generation,Wind Offshore | Actual Aggregated,2026-08-17T13:35:39Z
2026-08-17T13:33:42Z,2026-08-17T15:33:42+0200,5bbffdc7-c3ab-4a18-a8bf-cc7d933ae677,2026-07-30T09:30:00Z,2026-07-30T11:30:00+0200,120.55,MW,FR,FR,actual_offshore_wind_generation,Wind Offshore | Actual Aggregated,2026-08-17T13:35:39Z
2026-08-17T13:33:42Z,2026-08-17T15:33:42+0200,5bbffdc7-c3ab-4a18-a8bf-cc7d933ae677,2026-07-30T09:45:00Z,2026-07-30T11:45:00+0200,101.46,MW,FR,FR,actual_offshore_wind_generation,Wind Offshore | Actual Aggregated,2026-08-17T13:35:39Z
2026-08-17T13:33:42Z,2026-08-17T15:33:42+0200,5bbffdc7-c3ab-4a18-a8bf-cc7d933ae677,2026-07-30T10:00:00Z,2026-07-30T12:00:00+0200,94.01,MW,FR,FR,actual_offshore_wind_generation,Wind Offshore | Actual Aggregated,2026-08-17T13:35:39Z
2026-08-17T13:33:42Z,2026-08-17T15:33:42+0200,5bbffdc7-c3ab-4a18-a8bf-cc7d933ae677,2026-07-30T10:15:00Z,2026-07-30T12:15:00+0200,91.44,MW,FR,FR,actual_offshore_wind_generation,Wind Offshore | Actual Aggregated,2026-08-17T13:35:39Z
2026-08-17T13:33:42Z,2026-08-17T15:33:42+0200,5bbffdc7-c3ab-4a18-a8bf-cc7d933ae677,2026-07-30T10:30:00Z,2026-07-30T12:30:00+0200,98.68,MW,FR,FR,actual_offshore_wind_generation,Wind Offshore | Actual Aggregated,2026-08-17T13:35:39Z
2026-08-17T13:33:42Z,2026-08-17T15:33:42+0200,5bbffdc7-c3ab-4a18-a8bf-cc7d933ae677,2026-07-30T10:45:00Z,2026-07-30T12:45:00+0200,99.19,MW,FR,FR,actual_offshore_wind_generation,Wind Offshore | Actual Aggregated,2026-08-17T13:35:39Z
2026-08-17T13:33:42Z,2026-08-17T15:33:42+0200,5bbffdc7-c3ab-4a18-a8bf-cc7d933ae677,2026-07-30T11:00:00Z,2026-07-30T13:00:00+0200,90.89,MW,FR,FR,actual_offshore_wind_generation,Wind Offshore | Actual Aggregated,2026-08-17T13:35:39Z
2026-08-17T13:33:42Z,2026-08-17T15:33:42+0200,5bbffdc7-c3ab-4a18-a8bf-cc7d933ae677,2026-07-30T11:15:00Z,2026-07-30T13:15:00+0200,74.27,MW,FR,FR,actual_offshore_wind_generation,Wind Offshore | Actual Aggregated,2026-08-17T13:35:39Z
2026-08-17T13:33:42Z,2026-08-17T15:33:42+0200,5bbffdc7-c3ab-4a18-a8bf-cc7d933ae677,2026-07-30T11:30:00Z,2026-07-30T13:30:00+0200,48.66,MW,FR,FR,actual_offshore_wind_generation,Wind Offshore | Actual Aggregated,2026-08-17T13:35:39Z
2026-08-17T13:33:42Z,2026-08-17T15:33:42+0200,5bbffdc7-c3ab-4a18-a8bf-cc7d933ae677,2026-07-30T11:45:00Z,2026-07-30T13:45:00+0200,38.46,MW,FR,FR,actual_offshore_wind_generation,Wind Offshore | Actual Aggregated,2026-08-17T13:35:39Z
2026-08-17T13:33:42Z,2026-08-17T15:33:42+0200,5bbffdc7-c3ab-4a18-a8bf-cc7d933ae677,2026-07-30T12:00:00Z,2026-07-30T14:00:00+0200,20.23,MW,FR,FR,actual_offshore_wind_generation,Wind Offshore | Actual Aggregated,2026-08-17T13:35:39Z
2026-08-17T13:33:42Z,2026-08-17T15:33:42+0200,5bbffdc7-c3ab-4a18-a8bf-cc7d933ae677,2026-07-30T12:15:00Z,2026-07-30T14:15:00+0200,10.43,MW,FR,FR,actual_offshore_wind_generation,Wind Offshore | Actual Aggregated,2026-08-17T13:35:39Z
2026-08-17T13:33:42Z,2026-08-17T15:33:42+0200,5bbffdc7-c3ab-4a18-a8bf-cc7d933ae677,2026-07-30T12:30:00Z,2026-07-30T14:30:00+0200,16.4,MW,FR,FR,actual_offshore_wind_generation,Wind Offshore | Actual Aggregated,2026-08-17T13:35:39Z
2026-08-17T13:33:42Z,2026-08-17T15:33:42+0200,5bbffdc7-c3ab-4a18-a8bf-cc7d933ae677,2026-07-30T12:45:00Z,2026-07-30T14:45:00+0200,15.38,MW,FR,FR,actual_offshore_wind_generation,Wind Offshore | Actual Aggregated,2026-08-17T13:35:39Z
2026-08-17T13:33:42Z,2026-08-17T15:33:42+0200,5bbffdc7-c3ab-4a18-a8bf-cc7d933ae677,2026-07-30T13:00:00Z,2026-07-30T15:00:00+0200,16.15,MW,FR,FR,actual_offshore_wind_generation,Wind Offshore | Actual Aggregated,2026-08-17T13:35:39Z
2026-08-17T13:33:42Z,2026-08-17T15:33:42+0200,5bbffdc7-c3ab-4a18-a8bf-cc7d933ae677,2026-07-30T13:15:00Z,2026-07-30T15:15:00+0200,27.62,MW,FR,FR,actual_offshore_wind_generation,Wind Offshore | Actual Aggregated,2026-08-17T13:35:39Z
2026-08-17T13:33:42Z,2026-08-17T15:33:42+0200,5bbffdc7-c3ab-4a18-a8bf-cc7d933ae677,2026-07-30T13:30:00Z,2026-07-30T15:30:00+0200,20.26,MW,FR,FR,actual_offshore_wind_generation,Wind Offshore | Actual Aggregated,2026-08-17T13:35:39Z
2026-08-17T13:33:42Z,2026-08-17T15:33:42+0200,5bbffdc7-c3ab-4a18-a8bf-cc7d933ae677,2026-07-30T13:45:00Z,2026-07-30T15:45:00+0200,31.21,MW,FR,FR,actual_offshore_wind_generation,Wind Offshore | Actual Aggregated,2026-08-17T13:35:39Z
2026-08-17T13:33:42Z,2026-08-17T15:33:42+0200,5bbffdc7-c3ab-4a18-a8bf-cc7d933ae677,2026-07-30T14:00:00Z,2026-07-30T16:00:00+0200,40.93,MW,FR,FR,actual_offshore_wind_generation,Wind Offshore | Actual Aggregated,2026-08-17T13:35:39Z
2026-08-17T13:33:42Z,2026-08-17T15:33:42+0200,5bbffdc7-c3ab-4a18-a8bf-cc7d933ae677,2026-07-30T14:15:00Z,2026-07-30T16:15:00+0200,53.63,MW,FR,FR,actual_offshore_wind_generation,Wind Offshore | Actual Aggregated,2026-08-17T13:35:39Z
2026-08-17T13:33:42Z,2026-08-17T15:33:42+0200,5bbffdc7-c3ab-4a18-a8bf-cc7d933ae677,2026-07-30T14:30:00Z,2026-07-30T16:30:00+0200,76.31,MW,FR,FR,actual_offshore_wind_generation,Wind Offshore | Actual Aggregated,2026-08-17T13:35:39Z
2026-08-17T13:33:42Z,2026-08-17T15:33:42+0200,5bbffdc7-c3ab-4a18-a8bf-cc7d933ae677,2026-07-30T14:45:00Z,2026-07-30T16:45:00+0200,78.87,MW,FR,FR,actual_offshore_wind_generation,Wind Offshore | Actual Aggregated,2026-08-17T13:35:39Z
2026-08-17T13:33:42Z,2026-08-17T15:33:42+0200,5bbffdc7-c3ab-4a18-a8bf-cc7d933ae677,2026-07-30T15:00:00Z,2026-07-30T17:00:00+0200,86.24,MW,FR,FR,actual_offshore_wind_generation,Wind Offshore | Actual Aggregated,2026-08-17T13:35:39Z
2026-08-17T13:33:42Z,2026-08-17T15:33:42+0200,5bbffdc7-c3ab-4a18-a8bf-cc7d933ae677,2026-07-30T15:15:00Z,2026-07-30T17:15:00+0200,83.26,MW,FR,FR,actual_offshore_wind_generation,Wind Offshore | Actual Aggregated,2026-08-17T13:35:39Z
2026-08-17T13:33:42Z,2026-08-17T15:33:42+0200,5bbffdc7-c3ab-4a18-a8bf-cc7d933ae677,2026-07-30T15:30:00Z,2026-07-30T17:30:00+0200,94.0,MW,FR,FR,actual_offshore_wind_generation,Wind Offshore | Actual Aggregated,2026-08-17T13:35:39Z
2026-08-17T13:33:42Z,2026-08-17T15:33:42+0200,5bbffdc7-c3ab-4a18-a8bf-cc7d933ae677,2026-07-30T15:45:00Z,2026-07-30T17:45:00+0200,96.84,MW,FR,FR,actual_offshore_wind_generation,Wind Offshore | Actual Aggregated,2026-08-17T13:35:39Z
2026-08-17T13:33:42Z,2026-08-17T15:33:42+0200,5bbffdc7-c3ab-4a18-a8bf-cc7d933ae677,2026-07-30T16:00:00Z,2026-07-30T18:00:00+0200,138.35,MW,FR,FR,actual_offshore_wind_generation,Wind Offshore | Actual Aggregated,2026-08-17T13:35:39Z
2026-08-17T13:33:42Z,2026-08-17T15:33:42+0200,5bbffdc7-c3ab-4a18-a8bf-cc7d933ae677,2026-07-30T16:15:00Z,2026-07-30T18:15:00+0200,192.4,MW,FR,FR,actual_offshore_wind_generation,Wind Offshore | Actual Aggregated,2026-08-17T13:35:39Z
2026-08-17T13:33:42Z,2026-08-17T15:33:42+0200,5bbffdc7-c3ab-4a18-a8bf-cc7d933ae677,2026-07-30T16:30:00Z,2026-07-30T18:30:00+0200,225.82,MW,FR,FR,actual_offshore_wind_generation,Wind Offshore | Actual Aggregated,2026-08-17T13:35:39Z
2026-08-17T13:33:42Z,2026-08-17T15:33:42+0200,5bbffdc7-c3ab-4a18-a8bf-cc7d933ae677,2026-07-30T16:45:00Z,2026-07-30T18:45:00+0200,219.59,MW,FR,FR,actual_offshore_wind_generation,Wind Offshore | Actual Aggregated,2026-08-17T13:35:39Z
2026-08-17T13:33:42Z,2026-08-17T15:33:42+0200,5bbffdc7-c3ab-4a18-a8bf-cc7d933ae677,2026-07-30T17:00:00Z,2026-07-30T19:00:00+0200,210.52,MW,FR,FR,actual_offshore_wind_generation,Wind Offshore | Actual Aggregated,2026-08-17T13:35:39Z
2026-08-17T13:33:42Z,2026-08-17T15:33:42+0200,5bbffdc7-c3ab-4a18-a8bf-cc7d933ae677,2026-07-30T17:15:00Z,2026-07-30T19:15:00+0200,252.31,MW,FR,FR,actual_offshore_wind_generation,Wind Offshore | Actual Aggregated,2026-08-17T13:35:39Z
2026-08-17T13:33:42Z,2026-08-17T15:33:42+0200,5bbffdc7-c3ab-4a18-a8bf-cc7d933ae677,2026-07-30T17:30:00Z,2026-07-30T19:30:00+0200,234.51,MW,FR,FR,actual_offshore_wind_generation,Wind Offshore | Actual Aggregated,2026-08-17T13:35:39Z
2026-08-17T13:33:42Z,2026-08-17T15:33:42+0200,5bbffdc7-c3ab-4a18-a8bf-cc7d933ae677,2026-07-30T17:45:00Z,2026-07-30T19:45:00+0200,280.84,MW,FR,FR,actual_offshore_wind_generation,Wind Offshore | Actual Aggregated,2026-08-17T13:35:39Z
2026-08-17T13:33:42Z,2026-08-17T15:33:42+0200,5bbffdc7-c3ab-4a18-a8bf-cc7d933ae677,2026-07-30T18:00:00Z,2026-07-30T20:00:00+0200,348.29,MW,FR,FR,actual_offshore_wind_generation,Wind Offshore | Actual Aggregated,2026-08-17T13:35:39Z
2026-08-17T13:33:42Z,2026-08-17T15:33:42+0200,5bbffdc7-c3ab-4a18-a8bf-cc7d933ae677,2026-07-30T18:15:00Z,2026-07-30T20:15:00+0200,396.16,MW,FR,FR,actual_offshore_wind_generation,Wind Offshore | Actual Aggregated,2026-08-17T13:35:39Z
2026-08-17T13:33:42Z,2026-08-17T15:33:42+0200,5bbffdc7-c3ab-4a18-a8bf-cc7d933ae677,2026-07-30T18:30:00Z,2026-07-30T20:30:00+0200,439.08,MW,FR,FR,actual_offshore_wind_generation,Wind Offshore | Actual Aggregated,2026-08-17T13:35:39Z
2026-08-17T13:33:42Z,2026-08-17T15:33:42+0200,5bbffdc7-c3ab-4a18-a8bf-cc7d933ae677,2026-07-30T18:45:00Z,2026-07-30T20:45:00+0200,489.7,MW,FR,FR,actual_offshore_wind_generation,Wind Offshore | Actual Aggregated,2026-08-17T13:35:39Z
2026-08-17T13:33:42Z,2026-08-17T15:33:42+0200,5bbffdc7-c3ab-4a18-a8bf-cc7d933ae677,2026-07-30T19:00:00Z,2026-07-30T21:00:00+0200,468.65,MW,FR,FR,actual_offshore_wind_generation,Wind Offshore | Actual Aggregated,2026-08-17T13:35:39Z
2026-08-17T13:33:42Z,2026-08-17T15:33:42+0200,5bbffdc7-c3ab-4a18-a8bf-cc7d933ae677,2026-07-30T19:15:00Z,2026-07-30T21:15:00+0200,408.65,MW,FR,FR,actual_offshore_wind_generation,Wind Offshore | Actual Aggregated,2026-08-17T13:35:39Z
2026-08-17T13:33:42Z,2026-08-17T15:33:42+0200,5bbffdc7-c3ab-4a18-a8bf-cc7d933ae677,2026-07-30T19:30:00Z,2026-07-30T21:30:00+0200,364.38,MW,FR,FR,actual_offshore_wind_generation,Wind Offshore | Actual Aggregated,2026-08-17T13:35:39Z
2026-08-17T13:33:42Z,2026-08-17T15:33:42+0200,5bbffdc7-c3ab-4a18-a8bf-cc7d933ae677,2026-07-30T19:45:00Z,2026-07-30T21:45:00+0200,345.46,MW,FR,FR,actual_offshore_wind_generation,Wind Offshore | Actual Aggregated,2026-08-17T13:35:39Z
2026-08-17T13:33:42Z,2026-08-17T15:33:42+0200,5bbffdc7-c3ab-4a18-a8bf-cc7d933ae677,2026-07-30T20:00:00Z,2026-07-30T22:00:00+0200,371.53,MW,FR,FR,actual_offshore_wind_generation,Wind Offshore | Actual Aggregated,2026-08-17T13:35:39Z
2026-08-17T13:33:42Z,2026-08-17T15:33:42+0200,5bbffdc7-c3ab-4a18-a8bf-cc7d933ae677,2026-07-30T20:15:00Z,2026-07-30T22:15:00+0200,327.22,MW,FR,FR,actual_offshore_wind_generation,Wind Offshore | Actual Aggregated,2026-08-17T13:35:39Z
2026-08-17T13:33:42Z,2026-08-17T15:33:42+0200,5bbffdc7-c3ab-4a18-a8bf-cc7d933ae677,2026-07-30T20:30:00Z,2026-07-30T22:30:00+0200,331.78,MW,FR,FR,actual_offshore_wind_generation,Wind Offshore | Actual Aggregated,2026-08-17T13:35:39Z
2026-08-17T13:33:42Z,2026-08-17T15:33:42+0200,5bbffdc7-c3ab-4a18-a8bf-cc7d933ae677,2026-07-30T20:45:00Z,2026-07-30T22:45:00+0200,388.7,MW,FR,FR,actual_offshore_wind_generation,Wind Offshore | Actual Aggregated,2026-08-17T13:35:39Z
2026-08-17T13:33:42Z,2026-08-17T15:33:42+0200,5bbffdc7-c3ab-4a18-a8bf-cc7d933ae677,2026-07-30T21:00:00Z,2026-07-30T23:00:00+0200,417.35,MW,FR,FR,actual_offshore_wind_generation,Wind Offshore | Actual Aggregated,2026-08-17T13:35:39Z
2026-08-17T13:33:42Z,2026-08-17T15:33:42+0200,5bbffdc7-c3ab-4a18-a8bf-cc7d933ae677,2026-07-30T21:15:00Z,2026-07-30T23:15:00+0200,466.56,MW,FR,FR,actual_offshore_wind_generation,Wind Offshore | Actual Aggregated,2026-08-17T13:35:39Z
2026-08-17T13:33:42Z,2026-08-17T15:33:42+0200,5bbffdc7-c3ab-4a18-a8bf-cc7d933ae677,2026-07-30T21:30:00Z,2026-07-30T23:30:00+0200,530.71,MW,FR,FR,actual_offshore_wind_generation,Wind Offshore | Actual Aggregated,2026-08-17T13:35:39Z
2026-08-17T13:33:42Z,2026-08-17T15:33:42+0200,5bbffdc7-c3ab-4a18-a8bf-cc7d933ae677,2026-07-30T21:45:00Z,2026-07-30T23:45:00+0200,576.31,MW,FR,FR,actual_offshore_wind_generation,Wind Offshore | Actual Aggregated,2026-08-17T13:35:39Z
2026-08-17T13:33:42Z,2026-08-17T15:33:42+0200,5bbffdc7-c3ab-4a18-a8bf-cc7d933ae677,2026-07-30T22:00:00Z,2026-07-31T00:00:00+0200,611.34,MW,FR,FR,actual_offshore_wind_generation,Wind Offshore | Actual Aggregated,2026-08-17T13:35:39Z
2026-08-17T13:33:42Z,2026-08-17T15:33:42+0200,5bbffdc7-c3ab-4a18-a8bf-cc7d933ae677,2026-07-30T22:15:00Z,2026-07-31T00:15:00+0200,597.69,MW,FR,FR,actual_offshore_wind_generation,Wind Offshore | Actual Aggregated,2026-08-17T13:35:39Z
2026-08-17T13:33:42Z,2026-08-17T15:33:42+0200,5bbffdc7-c3ab-4a18-a8bf-cc7d933ae677,2026-07-30T22:30:00Z,2026-07-31T00:30:00+0200,530.33,MW,FR,FR,actual_offshore_wind_generation,Wind Offshore | Actual Aggregated,2026-08-17T13:35:39Z
2026-08-17T13:33:42Z,2026-08-17T15:33:42+0200,5bbffdc7-c3ab-4a18-a8bf-cc7d933ae677,2026-07-30T22:45:00Z,2026-07-31T00:45:00+0200,474.55,MW,FR,FR,actual_offshore_wind_generation,Wind Offshore | Actual Aggregated,2026-08-17T13:35:39Z
2026-08-17T13:33:42Z,2026-08-17T15:33:42+0200,5bbffdc7-c3ab-4a18-a8bf-cc7d933ae677,2026-07-30T23:00:00Z,2026-07-31T01:00:00+0200,459.03,MW,FR,FR,actual_offshore_wind_generation,Wind Offshore | Actual Aggregated,2026-08-17T13:35:39Z
2026-08-17T13:33:42Z,2026-08-17T15:33:42+0200,5bbffdc7-c3ab-4a18-a8bf-cc7d933ae677,2026-07-30T23:15:00Z,2026-07-31T01:15:00+0200,446.92,MW,FR,FR,actual_offshore_wind_generation,Wind Offshore | Actual Aggregated,2026-08-17T13:35:39Z
2026-08-17T13:33:42Z,2026-08-17T15:33:42+0200,5bbffdc7-c3ab-4a18-a8bf-cc7d933ae677,2026-07-30T23:30:00Z,2026-07-31T01:30:00+0200,480.09,MW,FR,FR,actual_offshore_wind_generation,Wind Offshore | Actual Aggregated,2026-08-17T13:35:39Z
2026-08-17T13:33:42Z,2026-08-17T15:33:42+0200,5bbffdc7-c3ab-4a18-a8bf-cc7d933ae677,2026-07-30T23:45:00Z,2026-07-31T01:45:00+0200,489.23,MW,FR,FR,actual_offshore_wind_generation,Wind Offshore | Actual Aggregated,2026-08-17T13:35:39Z
2026-08-17T13:33:42Z,2026-08-17T15:33:42+0200,5bbffdc7-c3ab-4a18-a8bf-cc7d933ae677,2026-07-31T00:00:00Z,2026-07-31T02:00:00+0200,467.55,MW,FR,FR,actual_offshore_wind_generation,Wind Offshore | Actual Aggregated,2026-08-17T13:35:39Z
2026-08-17T13:33:42Z,2026-08-17T15:33:42+0200,5bbffdc7-c3ab-4a18-a8bf-cc7d933ae677,2026-07-31T00:15:00Z,2026-07-31T02:15:00+0200,395.21,MW,FR,FR,actual_offshore_wind_generation,Wind Offshore | Actual Aggregated,2026-08-17T13:35:39Z
2026-08-17T13:33:42Z,2026-08-17T15:33:42+0200,5bbffdc7-c3ab-4a18-a8bf-cc7d933ae677,2026-07-31T00:30:00Z,2026-07-31T02:30:00+0200,375.35,MW,FR,FR,actual_offshore_wind_generation,Wind Offshore | Actual Aggregated,2026-08-17T13:35:39Z
2026-08-17T13:33:42Z,2026-08-17T15:33:42+0200,5bbffdc7-c3ab-4a18-a8bf-cc7d933ae677,2026-07-31T00:45:00Z,2026-07-31T02:45:00+0200,318.78,MW,FR,FR,actual_offshore_wind_generation,Wind Offshore | Actual Aggregated,2026-08-17T13:35:39Z
2026-08-17T13:33:42Z,2026-08-17T15:33:42+0200,5bbffdc7-c3ab-4a18-a8bf-cc7d933ae677,2026-07-31T01:00:00Z,2026-07-31T03:00:00+0200,295.88,MW,FR,FR,actual_offshore_wind_generation,Wind Offshore | Actual Aggregated,2026-08-17T13:35:39Z
2026-08-17T13:33:42Z,2026-08-17T15:33:42+0200,5bbffdc7-c3ab-4a18-a8bf-cc7d933ae677,2026-07-31T01:15:00Z,2026-07-31T03:15:00+0200,311.48,MW,FR,FR,actual_offshore_wind_generation,Wind Offshore | Actual Aggregated,2026-08-17T13:35:39Z
2026-08-17T13:33:42Z,2026-08-17T15:33:42+0200,5bbffdc7-c3ab-4a18-a8bf-cc7d933ae677,2026-07-31T01:30:00Z,2026-07-31T03:30:00+0200,289.63,MW,FR,FR,actual_offshore_wind_generation,Wind Offshore | Actual Aggregated,2026-08-17T13:35:39Z
2026-08-17T13:33:42Z,2026-08-17T15:33:42+0200,5bbffdc7-c3ab-4a18-a8bf-cc7d933ae677,2026-07-31T01:45:00Z,2026-07-31T03:45:00+0200,258.01,MW,FR,FR,actual_offshore_wind_generation,Wind Offshore | Actual Aggregated,2026-08-17T13:35:39Z
2026-08-17T13:33:42Z,2026-08-17T15:33:42+0200,5bbffdc7-c3ab-4a18-a8bf-cc7d933ae677,2026-07-31T02:00:00Z,2026-07-31T04:00:00+0200,298.64,MW,FR,FR,actual_offshore_wind_generation,Wind Offshore | Actual Aggregated,2026-08-17T13:35:39Z
2026-08-17T13:33:42Z,2026-08-17T15:33:42+0200,5bbffdc7-c3ab-4a18-a8bf-cc7d933ae677,2026-07-31T02:15:00Z,2026-07-31T04:15:00+0200,331.64,MW,FR,FR,actual_offshore_wind_generation,Wind Offshore | Actual Aggregated,2026-08-17T13:35:39Z
2026-08-17T13:33:42Z,2026-08-17T15:33:42+0200,5bbffdc7-c3ab-4a18-a8bf-cc7d933ae677,2026-07-31T02:30:00Z,2026-07-31T04:30:00+0200,351.72,MW,FR,FR,actual_offshore_wind_generation,Wind Offshore | Actual Aggregated,2026-08-17T13:35:39Z
2026-08-17T13:33:42Z,2026-08-17T15:33:42+0200,5bbffdc7-c3ab-4a18-a8bf-cc7d933ae677,2026-07-31T02:45:00Z,2026-07-31T04:45:00+0200,358.19,MW,FR,FR,actual_offshore_wind_generation,Wind Offshore | Actual Aggregated,2026-08-17T13:35:39Z
2026-08-17T13:33:42Z,2026-08-17T15:33:42+0200,5bbffdc7-c3ab-4a18-a8bf-cc7d933ae677,2026-07-31T03:00:00Z,2026-07-31T05:00:00+0200,349.81,MW,FR,FR,actual_offshore_wind_generation,Wind Offshore | Actual Aggregated,2026-08-17T13:35:39Z
2026-08-17T13:33:42Z,2026-08-17T15:33:42+0200,5bbffdc7-c3ab-4a18-a8bf-cc7d933ae677,2026-07-31T03:15:00Z,2026-07-31T05:15:00+0200,307.19,MW,FR,FR,actual_offshore_wind_generation,Wind Offshore | Actual Aggregated,2026-08-17T13:35:39Z
2026-08-17T13:33:42Z,2026-08-17T15:33:42+0200,5bbffdc7-c3ab-4a18-a8bf-cc7d933ae677,2026-07-31T03:30:00Z,2026-07-31T05:30:00+0200,288.58,MW,FR,FR,actual_offshore_wind_generation,Wind Offshore | Actual Aggregated,2026-08-17T13:35:39Z
2026-08-17T13:33:42Z,2026-08-17T15:33:42+0200,5bbffdc7-c3ab-4a18-a8bf-cc7d933ae677,2026-07-31T03:45:00Z,2026-07-31T05:45:00+0200,291.28,MW,FR,FR,actual_offshore_wind_generation,Wind Offshore | Actual Aggregated,2026-08-17T13:35:39Z
2026-08-17T13:33:42Z,2026-08-17T15:33:42+0200,5bbffdc7-c3ab-4a18-a8bf-cc7d933ae677,2026-07-31T04:00:00Z,2026-07-31T06:00:00+0200,309.69,MW,FR,FR,actual_offshore_wind_generation,Wind Offshore | Actual Aggregated,2026-08-17T13:35:39Z
2026-08-17T13:33:42Z,2026-08-17T15:33:42+0200,5bbffdc7-c3ab-4a18-a8bf-cc7d933ae677,2026-07-31T04:15:00Z,2026-07-31T06:15:00+0200,305.22,MW,FR,FR,actual_offshore_wind_generation,Wind Offshore | Actual Aggregated,2026-08-17T13:35:39Z
2026-08-17T13:33:42Z,2026-08-17T15:33:42+0200,5bbffdc7-c3ab-4a18-a8bf-cc7d933ae677,2026-07-31T04:30:00Z,2026-07-31T06:30:00+0200,316.29,MW,FR,FR,actual_offshore_wind_generation,Wind Offshore | Actual Aggregated,2026-08-17T13:35:39Z
2026-08-17T13:33:42Z,2026-08-17T15:33:42+0200,5bbffdc7-c3ab-4a18-a8bf-cc7d933ae677,2026-07-31T04:45:00Z,2026-07-31T06:45:00+0200,303.29,MW,FR,FR,actual_offshore_wind_generation,Wind Offshore | Actual Aggregated,2026-08-17T13:35:39Z
2026-08-17T13:33:42Z,2026-08-17T15:33:42+0200,5bbffdc7-c3ab-4a18-a8bf-cc7d933ae677,2026-07-31T05:00:00Z,2026-07-31T07:00:00+0200,315.49,MW,FR,FR,actual_offshore_wind_generation,Wind Offshore | Actual Aggregated,2026-08-17T13:35:39Z
2026-08-17T13:33:42Z,2026-08-17T15:33:42+0200,5bbffdc7-c3ab-4a18-a8bf-cc7d933ae677,2026-07-31T05:15:00Z,2026-07-31T07:15:00+0200,291.42,MW,FR,FR,actual_offshore_wind_generation,Wind Offshore | Actual Aggregated,2026-08-17T13:35:39Z
2026-08-17T13:33:42Z,2026-08-17T15:33:42+0200,5bbffdc7-c3ab-4a18-a8bf-cc7d933ae677,2026-07-31T05:30:00Z,2026-07-31T07:30:00+0200,312.02,MW,FR,FR,actual_offshore_wind_generation,Wind Offshore | Actual Aggregated,2026-08-17T13:35:39Z
2026-08-17T13:33:42Z,2026-08-17T15:33:42+0200,5bbffdc7-c3ab-4a18-a8bf-cc7d933ae677,2026-07-31T05:45:00Z,2026-07-31T07:45:00+0200,358.22,MW,FR,FR,actual_offshore_wind_generation,Wind Offshore | Actual Aggregated,2026-08-17T13:35:39Z
2026-08-17T13:33:42Z,2026-08-17T15:33:42+0200,5bbffdc7-c3ab-4a18-a8bf-cc7d933ae677,2026-07-31T06:00:00Z,2026-07-31T08:00:00+0200,385.17,MW,FR,FR,actual_offshore_wind_generation,Wind Offshore | Actual Aggregated,2026-08-17T13:35:39Z
2026-08-17T13:33:42Z,2026-08-17T15:33:42+0200,5bbffdc7-c3ab-4a18-a8bf-cc7d933ae677,2026-07-31T06:15:00Z,2026-07-31T08:15:00+0200,405.82,MW,FR,FR,actual_offshore_wind_generation,Wind Offshore | Actual Aggregated,2026-08-17T13:35:39Z
2026-08-17T13:33:42Z,2026-08-17T15:33:42+0200,5bbffdc7-c3ab-4a18-a8bf-cc7d933ae677,2026-07-31T06:30:00Z,2026-07-31T08:30:00+0200,421.43,MW,FR,FR,actual_offshore_wind_generation,Wind Offshore | Actual Aggregated,2026-08-17T13:35:39Z
2026-08-17T13:33:42Z,2026-08-17T15:33:42+0200,5bbffdc7-c3ab-4a18-a8bf-cc7d933ae677,2026-07-31T06:45:00Z,2026-07-31T08:45:00+0200,383.95,MW,FR,FR,actual_offshore_wind_generation,Wind Offshore | Actual Aggregated,2026-08-17T13:35:39Z
2026-08-17T13:33:42Z,2026-08-17T15:33:42+0200,5bbffdc7-c3ab-4a18-a8bf-cc7d933ae677,2026-07-31T07:00:00Z,2026-07-31T09:00:00+0200,324.6,MW,FR,FR,actual_offshore_wind_generation,Wind Offshore | Actual Aggregated,2026-08-17T13:35:39Z
2026-08-17T13:33:42Z,2026-08-17T15:33:42+0200,5bbffdc7-c3ab-4a18-a8bf-cc7d933ae677,2026-07-31T07:15:00Z,2026-07-31T09:15:00+0200,307.3,MW,FR,FR,actual_offshore_wind_generation,Wind Offshore | Actual Aggregated,2026-08-17T13:35:39Z
2026-08-17T13:33:42Z,2026-08-17T15:33:42+0200,5bbffdc7-c3ab-4a18-a8bf-cc7d933ae677,2026-07-31T07:30:00Z,2026-07-31T09:30:00+0200,283.99,MW,FR,FR,actual_offshore_wind_generation,Wind Offshore | Actual Aggregated,2026-08-17T13:35:39Z
2026-08-17T13:33:42Z,2026-08-17T15:33:42+0200,5bbffdc7-c3ab-4a18-a8bf-cc7d933ae677,2026-07-31T07:45:00Z,2026-07-31T09:45:00+0200,272.77,MW,FR,FR,actual_offshore_wind_generation,Wind Offshore | Actual Aggregated,2026-08-17T13:35:39Z
2026-08-17T13:33:42Z,2026-08-17T15:33:42+0200,5bbffdc7-c3ab-4a18-a8bf-cc7d933ae677,2026-07-31T08:00:00Z,2026-07-31T10:00:00+0200,257.91,MW,FR,FR,actual_offshore_wind_generation,Wind Offshore | Actual Aggregated,2026-08-17T13:35:39Z
2026-08-17T13:33:42Z,2026-08-17T15:33:42+0200,5bbffdc7-c3ab-4a18-a8bf-cc7d933ae677,2026-07-31T08:15:00Z,2026-07-31T10:15:00+0200,236.13,MW,FR,FR,actual_offshore_wind_generation,Wind Offshore | Actual Aggregated,2026-08-17T13:35:39Z
2026-08-17T13:33:42Z,2026-08-17T15:33:42+0200,5bbffdc7-c3ab-4a18-a8bf-cc7d933ae677,2026-07-31T08:30:00Z,2026-07-31T10:30:00+0200,204.79,MW,FR,FR,actual_offshore_wind_generation,Wind Offshore | Actual Aggregated,2026-08-17T13:35:39Z
2026-08-17T13:33:42Z,2026-08-17T15:33:42+0200,5bbffdc7-c3ab-4a18-a8bf-cc7d933ae677,2026-07-31T08:45:00Z,2026-07-31T10:45:00+0200,181.07,MW,FR,FR,actual_offshore_wind_generation,Wind Offshore | Actual Aggregated,2026-08-17T13:35:39Z
2026-08-17T13:33:42Z,2026-08-17T15:33:42+0200,5bbffdc7-c3ab-4a18-a8bf-cc7d933ae677,2026-07-31T09:00:00Z,2026-07-31T11:00:00+0200,173.88,MW,FR,FR,actual_offshore_wind_generation,Wind Offshore | Actual Aggregated,2026-08-17T13:35:39Z
2026-08-17T13:33:42Z,2026-08-17T15:33:42+0200,5bbffdc7-c3ab-4a18-a8bf-cc7d933ae677,2026-07-31T09:15:00Z,2026-07-31T11:15:00+0200,153.58,MW,FR,FR,actual_offshore_wind_generation,Wind Offshore | Actual Aggregated,2026-08-17T13:35:39Z
2026-08-17T13:33:42Z,2026-08-17T15:33:42+0200,5bbffdc7-c3ab-4a18-a8bf-cc7d933ae677,2026-07-31T09:30:00Z,2026-07-31T11:30:00+0200,134.79,MW,FR,FR,actual_offshore_wind_generation,Wind Offshore | Actual Aggregated,2026-08-17T13:35:39Z
2026-08-17T13:33:42Z,2026-08-17T15:33:42+0200,5bbffdc7-c3ab-4a18-a8bf-cc7d933ae677,2026-07-31T09:45:00Z,2026-07-31T11:45:00+0200,121.24,MW,FR,FR,actual_offshore_wind_generation,Wind Offshore | Actual Aggregated,2026-08-17T13:35:39Z
2026-08-17T13:33:42Z,2026-08-17T15:33:42+0200,5bbffdc7-c3ab-4a18-a8bf-cc7d933ae677,2026-07-31T10:00:00Z,2026-07-31T12:00:00+0200,110.36,MW,FR,FR,actual_offshore_wind_generation,Wind Offshore | Actual Aggregated,2026-08-17T13:35:39Z
2026-08-17T13:33:42Z,2026-08-17T15:33:42+0200,5bbffdc7-c3ab-4a18-a8bf-cc7d933ae677,2026-07-31T10:15:00Z,2026-07-31T12:15:00+0200,120.47,MW,FR,FR,actual_offshore_wind_generation,Wind Offshore | Actual Aggregated,2026-08-17T13:35:39Z
2026-08-17T13:33:42Z,2026-08-17T15:33:42+0200,5bbffdc7-c3ab-4a18-a8bf-cc7d933ae677,2026-07-31T10:30:00Z,2026-07-31T12:30:00+0200,152.2,MW,FR,FR,actual_offshore_wind_generation,Wind Offshore | Actual Aggregated,2026-08-17T13:35:39Z
2026-08-17T13:33:42Z,2026-08-17T15:33:42+0200,5bbffdc7-c3ab-4a18-a8bf-cc7d933ae677,2026-07-31T10:45:00Z,2026-07-31T12:45:00+0200,178.97,MW,FR,FR,actual_offshore_wind_generation,Wind Offshore | Actual Aggregated,2026-08-17T13:35:39Z
2026-08-17T13:33:42Z,2026-08-17T15:33:42+0200,5bbffdc7-c3ab-4a18-a8bf-cc7d933ae677,2026-07-31T11:00:00Z,2026-07-31T13:00:00+0200,146.7,MW,FR,FR,actual_offshore_wind_generation,Wind Offshore | Actual Aggregated,2026-08-17T13:35:39Z
2026-08-17T13:33:42Z,2026-08-17T15:33:42+0200,5bbffdc7-c3ab-4a18-a8bf-cc7d933ae677,2026-07-31T11:15:00Z,2026-07-31T13:15:00+0200,109.72,MW,FR,FR,actual_offshore_wind_generation,Wind Offshore | Actual Aggregated,2026-08-17T13:35:39Z
2026-08-17T13:33:42Z,2026-08-17T15:33:42+0200,5bbffdc7-c3ab-4a18-a8bf-cc7d933ae677,2026-07-31T11:30:00Z,2026-07-31T13:30:00+0200,107.62,MW,FR,FR,actual_offshore_wind_generation,Wind Offshore | Actual Aggregated,2026-08-17T13:35:39Z
2026-08-17T13:33:42Z,2026-08-17T15:33:42+0200,5bbffdc7-c3ab-4a18-a8bf-cc7d933ae677,2026-07-31T11:45:00Z,2026-07-31T13:45:00+0200,107.18,MW,FR,FR,actual_offshore_wind_generation,Wind Offshore | Actual Aggregated,2026-08-17T13:35:39Z
2026-08-17T13:33:42Z,2026-08-17T15:33:42+0200,5bbffdc7-c3ab-4a18-a8bf-cc7d933ae677,2026-07-31T12:00:00Z,2026-07-31T14:00:00+0200,132.83,MW,FR,FR,actual_offshore_wind_generation,Wind Offshore | Actual Aggregated,2026-08-17T13:35:39Z
2026-08-17T13:33:42Z,2026-08-17T15:33:42+0200,5bbffdc7-c3ab-4a18-a8bf-cc7d933ae677,2026-07-31T12:15:00Z,2026-07-31T14:15:00+0200,160.57,MW,FR,FR,actual_offshore_wind_generation,Wind Offshore | Actual Aggregated,2026-08-17T13:35:39Z
2026-08-17T13:33:42Z,2026-08-17T15:33:42+0200,5bbffdc7-c3ab-4a18-a8bf-cc7d933ae677,2026-07-31T12:30:00Z,2026-07-31T14:30:00+0200,188.91,MW,FR,FR,actual_offshore_wind_generation,Wind Offshore | Actual Aggregated,2026-08-17T13:35:39Z
2026-08-17T13:33:42Z,2026-08-17T15:33:42+0200,5bbffdc7-c3ab-4a18-a8bf-cc7d933ae677,2026-07-31T12:45:00Z,2026-07-31T14:45:00+0200,190.43,MW,FR,FR,actual_offshore_wind_generation,Wind Offshore | Actual Aggregated,2026-08-17T13:35:39Z
2026-08-17T13:33:42Z,2026-08-17T15:33:42+0200,5bbffdc7-c3ab-4a18-a8bf-cc7d933ae677,2026-07-31T13:00:00Z,2026-07-31T15:00:00+0200,195.81,MW,FR,FR,actual_offshore_wind_generation,Wind Offshore | Actual Aggregated,2026-08-17T13:35:39Z
2026-08-17T13:33:42Z,2026-08-17T15:33:42+0200,5bbffdc7-c3ab-4a18-a8bf-cc7d933ae677,2026-07-31T13:15:00Z,2026-07-31T15:15:00+0200,191.89,MW,FR,FR,actual_offshore_wind_generation,Wind Offshore | Actual Aggregated,2026-08-17T13:35:39Z
2026-08-17T13:33:42Z,2026-08-17T15:33:42+0200,5bbffdc7-c3ab-4a18-a8bf-cc7d933ae677,2026-07-31T13:30:00Z,2026-07-31T15:30:00+0200,183.18,MW,FR,FR,actual_offshore_wind_generation,Wind Offshore | Actual Aggregated,2026-08-17T13:35:39Z
2026-08-17T13:33:42Z,2026-08-17T15:33:42+0200,5bbffdc7-c3ab-4a18-a8bf-cc7d933ae677,2026-07-31T13:45:00Z,2026-07-31T15:45:00+0200,189.98,MW,FR,FR,actual_offshore_wind_generation,Wind Offshore | Actual Aggregated,2026-08-17T13:35:39Z
2026-08-17T13:33:42Z,2026-08-17T15:33:42+0200,5bbffdc7-c3ab-4a18-a8bf-cc7d933ae677,2026-07-31T14:00:00Z,2026-07-31T16:00:00+0200,200.27,MW,FR,FR,actual_offshore_wind_generation,Wind Offshore | Actual Aggregated,2026-08-17T13:35:39Z
2026-08-17T13:33:42Z,2026-08-17T15:33:42+0200,5bbffdc7-c3ab-4a18-a8bf-cc7d933ae677,2026-07-31T14:15:00Z,2026-07-31T16:15:00+0200,242.11,MW,FR,FR,actual_offshore_wind_generation,Wind Offshore | Actual Aggregated,2026-08-17T13:35:39Z
2026-08-17T13:33:42Z,2026-08-17T15:33:42+0200,5bbffdc7-c3ab-4a18-a8bf-cc7d933ae677,2026-07-31T14:30:00Z,2026-07-31T16:30:00+0200,270.29,MW,FR,FR,actual_offshore_wind_generation,Wind Offshore | Actual Aggregated,2026-08-17T13:35:39Z
2026-08-17T13:33:42Z,2026-08-17T15:33:42+0200,5bbffdc7-c3ab-4a18-a8bf-cc7d933ae677,2026-07-31T14:45:00Z,2026-07-31T16:45:00+0200,281.48,MW,FR,FR,actual_offshore_wind_generation,Wind Offshore | Actual Aggregated,2026-08-17T13:35:39Z
2026-08-17T13:33:42Z,2026-08-17T15:33:42+0200,5bbffdc7-c3ab-4a18-a8bf-cc7d933ae677,2026-07-31T15:00:00Z,2026-07-31T17:00:00+0200,304.92,MW,FR,FR,actual_offshore_wind_generation,Wind Offshore | Actual Aggregated,2026-08-17T13:35:39Z
2026-08-17T13:33:42Z,2026-08-17T15:33:42+0200,5bbffdc7-c3ab-4a18-a8bf-cc7d933ae677,2026-07-31T15:15:00Z,2026-07-31T17:15:00+0200,324.19,MW,FR,FR,actual_offshore_wind_generation,Wind Offshore | Actual Aggregated,2026-08-17T13:35:39Z
2026-08-17T13:33:42Z,2026-08-17T15:33:42+0200,5bbffdc7-c3ab-4a18-a8bf-cc7d933ae677,2026-07-31T15:30:00Z,2026-07-31T17:30:00+0200,326.39,MW,FR,FR,actual_offshore_wind_generation,Wind Offshore | Actual Aggregated,2026-08-17T13:35:39Z
2026-08-17T13:33:42Z,2026-08-17T15:33:42+0200,5bbffdc7-c3ab-4a18-a8bf-cc7d933ae677,2026-07-31T15:45:00Z,2026-07-31T17:45:00+0200,350.68,MW,FR,FR,actual_offshore_wind_generation,Wind Offshore | Actual Aggregated,2026-08-17T13:35:39Z
2026-08-17T13:33:42Z,2026-08-17T15:33:42+0200,5bbffdc7-c3ab-4a18-a8bf-cc7d933ae677,2026-07-31T16:00:00Z,2026-07-31T18:00:00+0200,268.6,MW,FR,FR,actual_offshore_wind_generation,Wind Offshore | Actual Aggregated,2026-08-17T13:35:39Z
2026-08-17T13:33:42Z,2026-08-17T15:33:42+0200,5bbffdc7-c3ab-4a18-a8bf-cc7d933ae677,2026-07-31T16:15:00Z,2026-07-31T18:15:00+0200,216.29,MW,FR,FR,actual_offshore_wind_generation,Wind Offshore | Actual Aggregated,2026-08-17T13:35:39Z
2026-08-17T13:33:42Z,2026-08-17T15:33:42+0200,5bbffdc7-c3ab-4a18-a8bf-cc7d933ae677,2026-07-31T16:30:00Z,2026-07-31T18:30:00+0200,381.14,MW,FR,FR,actual_offshore_wind_generation,Wind Offshore | Actual Aggregated,2026-08-17T13:35:39Z
2026-08-17T13:33:42Z,2026-08-17T15:33:42+0200,5bbffdc7-c3ab-4a18-a8bf-cc7d933ae677,2026-07-31T16:45:00Z,2026-07-31T18:45:00+0200,495.2,MW,FR,FR,actual_offshore_wind_generation,Wind Offshore | Actual Aggregated,2026-08-17T13:35:39Z
2026-08-17T13:33:42Z,2026-08-17T15:33:42+0200,5bbffdc7-c3ab-4a18-a8bf-cc7d933ae677,2026-07-31T17:00:00Z,2026-07-31T19:00:00+0200,505.12,MW,FR,FR,actual_offshore_wind_generation,Wind Offshore | Actual Aggregated,2026-08-17T13:35:39Z
2026-08-17T13:33:42Z,2026-08-17T15:33:42+0200,5bbffdc7-c3ab-4a18-a8bf-cc7d933ae677,2026-07-31T17:15:00Z,2026-07-31T19:15:00+0200,527.99,MW,FR,FR,actual_offshore_wind_generation,Wind Offshore | Actual Aggregated,2026-08-17T13:35:39Z
2026-08-17T13:33:42Z,2026-08-17T15:33:42+0200,5bbffdc7-c3ab-4a18-a8bf-cc7d933ae677,2026-07-31T17:30:00Z,2026-07-31T19:30:00+0200,546.06,MW,FR,FR,actual_offshore_wind_generation,Wind Offshore | Actual Aggregated,2026-08-17T13:35:39Z
2026-08-17T13:33:42Z,2026-08-17T15:33:42+0200,5bbffdc7-c3ab-4a18-a8bf-cc7d933ae677,2026-07-31T17:45:00Z,2026-07-31T19:45:00+0200,549.89,MW,FR,FR,actual_offshore_wind_generation,Wind Offshore | Actual Aggregated,2026-08-17T13:35:39Z
2026-08-17T13:33:42Z,2026-08-17T15:33:42+0200,5bbffdc7-c3ab-4a18-a8bf-cc7d933ae677,2026-07-31T18:00:00Z,2026-07-31T20:00:00+0200,473.8,MW,FR,FR,actual_offshore_wind_generation,Wind Offshore | Actual Aggregated,2026-08-17T13:35:39Z
2026-08-17T13:33:42Z,2026-08-17T15:33:42+0200,5bbffdc7-c3ab-4a18-a8bf-cc7d933ae677,2026-07-31T18:15:00Z,2026-07-31T20:15:00+0200,426.42,MW,FR,FR,actual_offshore_wind_generation,Wind Offshore | Actual Aggregated,2026-08-17T13:35:39Z
2026-08-17T13:33:42Z,2026-08-17T15:33:42+0200,5bbffdc7-c3ab-4a18-a8bf-cc7d933ae677,2026-07-31T18:30:00Z,2026-07-31T20:30:00+0200,418.11,MW,FR,FR,actual_offshore_wind_generation,Wind Offshore | Actual Aggregated,2026-08-17T13:35:39Z
2026-08-17T13:33:42Z,2026-08-17T15:33:42+0200,5bbffdc7-c3ab-4a18-a8bf-cc7d933ae677,2026-07-31T18:45:00Z,2026-07-31T20:45:00+0200,446.14,MW,FR,FR,actual_offshore_wind_generation,Wind Offshore | Actual Aggregated,2026-08-17T13:35:39Z
2026-08-17T13:33:42Z,2026-08-17T15:33:42+0200,5bbffdc7-c3ab-4a18-a8bf-cc7d933ae677,2026-07-31T19:00:00Z,2026-07-31T21:00:00+0200,450.08,MW,FR,FR,actual_offshore_wind_generation,Wind Offshore | Actual Aggregated,2026-08-17T13:35:39Z
2026-08-17T13:33:42Z,2026-08-17T15:33:42+0200,5bbffdc7-c3ab-4a18-a8bf-cc7d933ae677,2026-07-31T19:15:00Z,2026-07-31T21:15:00+0200,467.05,MW,FR,FR,actual_offshore_wind_generation,Wind Offshore | Actual Aggregated,2026-08-17T13:35:39Z
2026-08-17T13:33:42Z,2026-08-17T15:33:42+0200,5bbffdc7-c3ab-4a18-a8bf-cc7d933ae677,2026-07-31T19:30:00Z,2026-07-31T21:30:00+0200,506.43,MW,FR,FR,actual_offshore_wind_generation,Wind Offshore | Actual Aggregated,2026-08-17T13:35:39Z
2026-08-17T13:33:42Z,2026-08-17T15:33:42+0200,5bbffdc7-c3ab-4a18-a8bf-cc7d933ae677,2026-07-31T19:45:00Z,2026-07-31T21:45:00+0200,559.74,MW,FR,FR,actual_offshore_wind_generation,Wind Offshore | Actual Aggregated,2026-08-17T13:35:39Z
2026-08-17T13:33:42Z,2026-08-17T15:33:42+0200,5bbffdc7-c3ab-4a18-a8bf-cc7d933ae677,2026-07-31T20:00:00Z,2026-07-31T22:00:00+0200,565.67,MW,FR,FR,actual_offshore_wind_generation,Wind Offshore | Actual Aggregated,2026-08-17T13:35:39Z
2026-08-17T13:33:42Z,2026-08-17T15:33:42+0200,5bbffdc7-c3ab-4a18-a8bf-cc7d933ae677,2026-07-31T20:15:00Z,2026-07-31T22:15:00+0200,578.52,MW,FR,FR,actual_offshore_wind_generation,Wind Offshore | Actual Aggregated,2026-08-17T13:35:39Z
2026-08-17T13:33:42Z,2026-08-17T15:33:42+0200,5bbffdc7-c3ab-4a18-a8bf-cc7d933ae677,2026-07-31T20:30:00Z,2026-07-31T22:30:00+0200,575.38,MW,FR,FR,actual_offshore_wind_generation,Wind Offshore | Actual Aggregated,2026-08-17T13:35:39Z
2026-08-17T13:33:42Z,2026-08-17T15:33:42+0200,5bbffdc7-c3ab-4a18-a8bf-cc7d933ae677,2026-07-31T20:45:00Z,2026-07-31T22:45:00+0200,538.68,MW,FR,FR,actual_offshore_wind_generation,Wind Offshore | Actual Aggregated,2026-08-17T13:35:39Z
2026-08-17T13:33:42Z,2026-08-17T15:33:42+0200,5bbffdc7-c3ab-4a18-a8bf-cc7d933ae677,2026-07-31T21:00:00Z,2026-07-31T23:00:00+0200,547.51,MW,FR,FR,actual_offshore_wind_generation,Wind Offshore | Actual Aggregated,2026-08-17T13:35:39Z
2026-08-17T13:33:42Z,2026-08-17T15:33:42+0200,5bbffdc7-c3ab-4a18-a8bf-cc7d933ae677,2026-07-31T21:15:00Z,2026-07-31T23:15:00+0200,627.55,MW,FR,FR,actual_offshore_wind_generation,Wind Offshore | Actual Aggregated,2026-08-17T13:35:39Z
2026-08-17T13:33:42Z,2026-08-17T15:33:42+0200,5bbffdc7-c3ab-4a18-a8bf-cc7d933ae677,2026-07-31T21:30:00Z,2026-07-31T23:30:00+0200,703.51,MW,FR,FR,actual_offshore_wind_generation,Wind Offshore | Actual Aggregated,2026-08-17T13:35:39Z
2026-08-17T13:33:42Z,2026-08-17T15:33:42+0200,5bbffdc7-c3ab-4a18-a8bf-cc7d933ae677,2026-07-31T21:45:00Z,2026-07-31T23:45:00+0200,740.61,MW,FR,FR,actual_offshore_wind_generation,Wind Offshore | Actual Aggregated,2026-08-17T13:35:39Z
2026-08-17T13:33:42Z,2026-08-17T15:33:42+0200,5bbffdc7-c3ab-4a18-a8bf-cc7d933ae677,2026-07-31T22:00:00Z,2026-08-01T00:00:00+0200,757.66,MW,FR,FR,actual_offshore_wind_generation,Wind Offshore | Actual Aggregated,2026-08-17T13:35:39Z
2026-08-17T13:33:42Z,2026-08-17T15:33:42+0200,5bbffdc7-c3ab-4a18-a8bf-cc7d933ae677,2026-07-31T22:15:00Z,2026-08-01T00:15:00+0200,759.67,MW,FR,FR,actual_offshore_wind_generation,Wind Offshore | Actual Aggregated,2026-08-17T13:35:39Z
2026-08-17T13:33:42Z,2026-08-17T15:33:42+0200,5bbffdc7-c3ab-4a18-a8bf-cc7d933ae677,2026-07-31T22:30:00Z,2026-08-01T00:30:00+0200,707.99,MW,FR,FR,actual_offshore_wind_generation,Wind Offshore | Actual Aggregated,2026-08-17T13:35:39Z
2026-08-17T13:33:42Z,2026-08-17T15:33:42+0200,5bbffdc7-c3ab-4a18-a8bf-cc7d933ae677,2026-07-31T22:45:00Z,2026-08-01T00:45:00+0200,760.37,MW,FR,FR,actual_offshore_wind_generation,Wind Offshore | Actual Aggregated,2026-08-17T13:35:39Z
2026-08-17T13:33:42Z,2026-08-17T15:33:42+0200,5bbffdc7-c3ab-4a18-a8bf-cc7d933ae677,2026-07-31T23:00:00Z,2026-08-01T01:00:00+0200,730.5,MW,FR,FR,actual_offshore_wind_generation,Wind Offshore | Actual Aggregated,2026-08-17T13:35:39Z
2026-08-17T13:33:42Z,2026-08-17T15:33:42+0200,5bbffdc7-c3ab-4a18-a8bf-cc7d933ae677,2026-07-31T23:15:00Z,2026-08-01T01:15:00+0200,686.73,MW,FR,FR,actual_offshore_wind_generation,Wind Offshore | Actual Aggregated,2026-08-17T13:35:39Z
2026-08-17T13:33:42Z,2026-08-17T15:33:42+0200,5bbffdc7-c3ab-4a18-a8bf-cc7d933ae677,2026-07-31T23:30:00Z,2026-08-01T01:30:00+0200,670.08,MW,FR,FR,actual_offshore_wind_generation,Wind Offshore | Actual Aggregated,2026-08-17T13:35:39Z
2026-08-17T13:33:42Z,2026-08-17T15:33:42+0200,5bbffdc7-c3ab-4a18-a8bf-cc7d933ae677,2026-07-31T23:45:00Z,2026-08-01T01:45:00+0200,629.64,MW,FR,FR,actual_offshore_wind_generation,Wind Offshore | Actual Aggregated,2026-08-17T13:35:39Z
2026-08-17T13:33:42Z,2026-08-17T15:33:42+0200,5bbffdc7-c3ab-4a18-a8bf-cc7d933ae677,2026-08-01T00:00:00Z,2026-08-01T02:00:00+0200,657.96,MW,FR,FR,actual_offshore_wind_generation,Wind Offshore | Actual Aggregated,2026-08-17T13:35:39Z
2026-08-17T13:33:42Z,2026-08-17T15:33:42+0200,5bbffdc7-c3ab-4a18-a8bf-cc7d933ae677,2026-08-01T00:15:00Z,2026-08-01T02:15:00+0200,649.54,MW,FR,FR,actual_offshore_wind_generation,Wind Offshore | Actual Aggregated,2026-08-17T13:35:39Z
2026-08-17T13:33:42Z,2026-08-17T15:33:42+0200,5bbffdc7-c3ab-4a18-a8bf-cc7d933ae677,2026-08-01T00:30:00Z,2026-08-01T02:30:00+0200,624.2,MW,FR,FR,actual_offshore_wind_generation,Wind Offshore | Actual Aggregated,2026-08-17T13:35:39Z
2026-08-17T13:33:42Z,2026-08-17T15:33:42+0200,5bbffdc7-c3ab-4a18-a8bf-cc7d933ae677,2026-08-01T00:45:00Z,2026-08-01T02:45:00+0200,606.52,MW,FR,FR,actual_offshore_wind_generation,Wind Offshore | Actual Aggregated,2026-08-17T13:35:39Z
2026-08-17T13:33:42Z,2026-08-17T15:33:42+0200,5bbffdc7-c3ab-4a18-a8bf-cc7d933ae677,2026-08-01T01:00:00Z,2026-08-01T03:00:00+0200,580.88,MW,FR,FR,actual_offshore_wind_generation,Wind Offshore | Actual Aggregated,2026-08-17T13:35:39Z
2026-08-17T13:33:42Z,2026-08-17T15:33:42+0200,5bbffdc7-c3ab-4a18-a8bf-cc7d933ae677,2026-08-01T01:15:00Z,2026-08-01T03:15:00+0200,548.01,MW,FR,FR,actual_offshore_wind_generation,Wind Offshore | Actual Aggregated,2026-08-17T13:35:39Z
2026-08-17T13:33:42Z,2026-08-17T15:33:42+0200,5bbffdc7-c3ab-4a18-a8bf-cc7d933ae677,2026-08-01T01:30:00Z,2026-08-01T03:30:00+0200,533.55,MW,FR,FR,actual_offshore_wind_generation,Wind Offshore | Actual Aggregated,2026-08-17T13:35:39Z
2026-08-17T13:33:42Z,2026-08-17T15:33:42+0200,5bbffdc7-c3ab-4a18-a8bf-cc7d933ae677,2026-08-01T01:45:00Z,2026-08-01T03:45:00+0200,513.12,MW,FR,FR,actual_offshore_wind_generation,Wind Offshore | Actual Aggregated,2026-08-17T13:35:39Z
2026-08-17T13:33:42Z,2026-08-17T15:33:42+0200,5bbffdc7-c3ab-4a18-a8bf-cc7d933ae677,2026-08-01T02:00:00Z,2026-08-01T04:00:00+0200,485.8,MW,FR,FR,actual_offshore_wind_generation,Wind Offshore | Actual Aggregated,2026-08-17T13:35:39Z
2026-08-17T13:33:42Z,2026-08-17T15:33:42+0200,5bbffdc7-c3ab-4a18-a8bf-cc7d933ae677,2026-08-01T02:15:00Z,2026-08-01T04:15:00+0200,490.76,MW,FR,FR,actual_offshore_wind_generation,Wind Offshore | Actual Aggregated,2026-08-17T13:35:39Z
2026-08-17T13:33:42Z,2026-08-17T15:33:42+0200,5bbffdc7-c3ab-4a18-a8bf-cc7d933ae677,2026-08-01T02:30:00Z,2026-08-01T04:30:00+0200,498.2,MW,FR,FR,actual_offshore_wind_generation,Wind Offshore | Actual Aggregated,2026-08-17T13:35:39Z
2026-08-17T13:33:42Z,2026-08-17T15:33:42+0200,5bbffdc7-c3ab-4a18-a8bf-cc7d933ae677,2026-08-01T02:45:00Z,2026-08-01T04:45:00+0200,467.17,MW,FR,FR,actual_offshore_wind_generation,Wind Offshore | Actual Aggregated,2026-08-17T13:35:39Z
2026-08-17T13:33:42Z,2026-08-17T15:33:42+0200,5bbffdc7-c3ab-4a18-a8bf-cc7d933ae677,2026-08-01T03:00:00Z,2026-08-01T05:00:00+0200,438.39,MW,FR,FR,actual_offshore_wind_generation,Wind Offshore | Actual Aggregated,2026-08-17T13:35:39Z
2026-08-17T13:33:42Z,2026-08-17T15:33:42+0200,5bbffdc7-c3ab-4a18-a8bf-cc7d933ae677,2026-08-01T03:15:00Z,2026-08-01T05:15:00+0200,409.94,MW,FR,FR,actual_offshore_wind_generation,Wind Offshore | Actual Aggregated,2026-08-17T13:35:39Z
2026-08-17T13:33:42Z,2026-08-17T15:33:42+0200,5bbffdc7-c3ab-4a18-a8bf-cc7d933ae677,2026-08-01T03:30:00Z,2026-08-01T05:30:00+0200,381.46,MW,FR,FR,actual_offshore_wind_generation,Wind Offshore | Actual Aggregated,2026-08-17T13:35:39Z
2026-08-17T13:33:42Z,2026-08-17T15:33:42+0200,5bbffdc7-c3ab-4a18-a8bf-cc7d933ae677,2026-08-01T03:45:00Z,2026-08-01T05:45:00+0200,373.66,MW,FR,FR,actual_offshore_wind_generation,Wind Offshore | Actual Aggregated,2026-08-17T13:35:39Z
2026-08-17T13:33:42Z,2026-08-17T15:33:42+0200,5bbffdc7-c3ab-4a18-a8bf-cc7d933ae677,2026-08-01T04:00:00Z,2026-08-01T06:00:00+0200,368.79,MW,FR,FR,actual_offshore_wind_generation,Wind Offshore | Actual Aggregated,2026-08-17T13:35:39Z
2026-08-17T13:33:42Z,2026-08-17T15:33:42+0200,5bbffdc7-c3ab-4a18-a8bf-cc7d933ae677,2026-08-01T04:15:00Z,2026-08-01T06:15:00+0200,361.91,MW,FR,FR,actual_offshore_wind_generation,Wind Offshore | Actual Aggregated,2026-08-17T13:35:39Z
2026-08-17T13:33:42Z,2026-08-17T15:33:42+0200,5bbffdc7-c3ab-4a18-a8bf-cc7d933ae677,2026-08-01T04:30:00Z,2026-08-01T06:30:00+0200,350.39,MW,FR,FR,actual_offshore_wind_generation,Wind Offshore | Actual Aggregated,2026-08-17T13:35:39Z
2026-08-17T13:33:42Z,2026-08-17T15:33:42+0200,5bbffdc7-c3ab-4a18-a8bf-cc7d933ae677,2026-08-01T04:45:00Z,2026-08-01T06:45:00+0200,340.77,MW,FR,FR,actual_offshore_wind_generation,Wind Offshore | Actual Aggregated,2026-08-17T13:35:39Z
2026-08-17T13:33:42Z,2026-08-17T15:33:42+0200,5bbffdc7-c3ab-4a18-a8bf-cc7d933ae677,2026-08-01T05:00:00Z,2026-08-01T07:00:00+0200,328.16,MW,FR,FR,actual_offshore_wind_generation,Wind Offshore | Actual Aggregated,2026-08-17T13:35:39Z
2026-08-17T13:33:42Z,2026-08-17T15:33:42+0200,5bbffdc7-c3ab-4a18-a8bf-cc7d933ae677,2026-08-01T05:15:00Z,2026-08-01T07:15:00+0200,329.03,MW,FR,FR,actual_offshore_wind_generation,Wind Offshore | Actual Aggregated,2026-08-17T13:35:39Z
2026-08-17T13:33:42Z,2026-08-17T15:33:42+0200,5bbffdc7-c3ab-4a18-a8bf-cc7d933ae677,2026-08-01T05:30:00Z,2026-08-01T07:30:00+0200,332.34,MW,FR,FR,actual_offshore_wind_generation,Wind Offshore | Actual Aggregated,2026-08-17T13:35:39Z
2026-08-17T13:33:42Z,2026-08-17T15:33:42+0200,5bbffdc7-c3ab-4a18-a8bf-cc7d933ae677,2026-08-01T05:45:00Z,2026-08-01T07:45:00+0200,326.91,MW,FR,FR,actual_offshore_wind_generation,Wind Offshore | Actual Aggregated,2026-08-17T13:35:39Z
2026-08-17T13:33:42Z,2026-08-17T15:33:42+0200,5bbffdc7-c3ab-4a18-a8bf-cc7d933ae677,2026-08-01T06:00:00Z,2026-08-01T08:00:00+0200,317.63,MW,FR,FR,actual_offshore_wind_generation,Wind Offshore | Actual Aggregated,2026-08-17T13:35:39Z
2026-08-17T13:33:42Z,2026-08-17T15:33:42+0200,5bbffdc7-c3ab-4a18-a8bf-cc7d933ae677,2026-08-01T06:15:00Z,2026-08-01T08:15:00+0200,301.92,MW,FR,FR,actual_offshore_wind_generation,Wind Offshore | Actual Aggregated,2026-08-17T13:35:39Z
2026-08-17T13:33:42Z,2026-08-17T15:33:42+0200,5bbffdc7-c3ab-4a18-a8bf-cc7d933ae677,2026-08-01T06:30:00Z,2026-08-01T08:30:00+0200,281.42,MW,FR,FR,actual_offshore_wind_generation,Wind Offshore | Actual Aggregated,2026-08-17T13:35:39Z
2026-08-17T13:33:42Z,2026-08-17T15:33:42+0200,5bbffdc7-c3ab-4a18-a8bf-cc7d933ae677,2026-08-01T06:45:00Z,2026-08-01T08:45:00+0200,254.19,MW,FR,FR,actual_offshore_wind_generation,Wind Offshore | Actual Aggregated,2026-08-17T13:35:39Z
2026-08-17T13:33:42Z,2026-08-17T15:33:42+0200,5bbffdc7-c3ab-4a18-a8bf-cc7d933ae677,2026-08-01T07:00:00Z,2026-08-01T09:00:00+0200,244.36,MW,FR,FR,actual_offshore_wind_generation,Wind Offshore | Actual Aggregated,2026-08-17T13:35:39Z
2026-08-17T13:33:42Z,2026-08-17T15:33:42+0200,5bbffdc7-c3ab-4a18-a8bf-cc7d933ae677,2026-08-01T07:15:00Z,2026-08-01T09:15:00+0200,233.15,MW,FR,FR,actual_offshore_wind_generation,Wind Offshore | Actual Aggregated,2026-08-17T13:35:39Z
2026-08-17T13:33:42Z,2026-08-17T15:33:42+0200,5bbffdc7-c3ab-4a18-a8bf-cc7d933ae677,2026-08-01T07:30:00Z,2026-08-01T09:30:00+0200,225.29,MW,FR,FR,actual_offshore_wind_generation,Wind Offshore | Actual Aggregated,2026-08-17T13:35:39Z
2026-08-17T13:33:42Z,2026-08-17T15:33:42+0200,5bbffdc7-c3ab-4a18-a8bf-cc7d933ae677,2026-08-01T07:45:00Z,2026-08-01T09:45:00+0200,212.83,MW,FR,FR,actual_offshore_wind_generation,Wind Offshore | Actual Aggregated,2026-08-17T13:35:39Z
2026-08-17T13:33:42Z,2026-08-17T15:33:42+0200,5bbffdc7-c3ab-4a18-a8bf-cc7d933ae677,2026-08-01T08:00:00Z,2026-08-01T10:00:00+0200,184.92,MW,FR,FR,actual_offshore_wind_generation,Wind Offshore | Actual Aggregated,2026-08-17T13:35:39Z
2026-08-17T13:33:42Z,2026-08-17T15:33:42+0200,5bbffdc7-c3ab-4a18-a8bf-cc7d933ae677,2026-08-01T08:15:00Z,2026-08-01T10:15:00+0200,177.06,MW,FR,FR,actual_offshore_wind_generation,Wind Offshore | Actual Aggregated,2026-08-17T13:35:39Z
2026-08-17T13:33:42Z,2026-08-17T15:33:42+0200,5bbffdc7-c3ab-4a18-a8bf-cc7d933ae677,2026-08-01T08:30:00Z,2026-08-01T10:30:00+0200,169.47,MW,FR,FR,actual_offshore_wind_generation,Wind Offshore | Actual Aggregated,2026-08-17T13:35:39Z
2026-08-17T13:33:42Z,2026-08-17T15:33:42+0200,5bbffdc7-c3ab-4a18-a8bf-cc7d933ae677,2026-08-01T08:45:00Z,2026-08-01T10:45:00+0200,156.91,MW,FR,FR,actual_offshore_wind_generation,Wind Offshore | Actual Aggregated,2026-08-17T13:35:39Z
2026-08-17T13:33:42Z,2026-08-17T15:33:42+0200,5bbffdc7-c3ab-4a18-a8bf-cc7d933ae677,2026-08-01T09:00:00Z,2026-08-01T11:00:00+0200,152.49,MW,FR,FR,actual_offshore_wind_generation,Wind Offshore | Actual Aggregated,2026-08-17T13:35:39Z
2026-08-17T13:33:42Z,2026-08-17T15:33:42+0200,5bbffdc7-c3ab-4a18-a8bf-cc7d933ae677,2026-08-01T09:15:00Z,2026-08-01T11:15:00+0200,146.77,MW,FR,FR,actual_offshore_wind_generation,Wind Offshore | Actual Aggregated,2026-08-17T13:35:39Z
2026-08-17T13:33:42Z,2026-08-17T15:33:42+0200,5bbffdc7-c3ab-4a18-a8bf-cc7d933ae677,2026-08-01T09:30:00Z,2026-08-01T11:30:00+0200,139.4,MW,FR,FR,actual_offshore_wind_generation,Wind Offshore | Actual Aggregated,2026-08-17T13:35:39Z
2026-08-17T13:33:42Z,2026-08-17T15:33:42+0200,5bbffdc7-c3ab-4a18-a8bf-cc7d933ae677,2026-08-01T09:45:00Z,2026-08-01T11:45:00+0200,121.8,MW,FR,FR,actual_offshore_wind_generation,Wind Offshore | Actual Aggregated,2026-08-17T13:35:39Z
2026-08-17T13:33:42Z,2026-08-17T15:33:42+0200,5bbffdc7-c3ab-4a18-a8bf-cc7d933ae677,2026-08-01T10:00:00Z,2026-08-01T12:00:00+0200,122.69,MW,FR,FR,actual_offshore_wind_generation,Wind Offshore | Actual Aggregated,2026-08-17T13:35:39Z
2026-08-17T13:33:42Z,2026-08-17T15:33:42+0200,5bbffdc7-c3ab-4a18-a8bf-cc7d933ae677,2026-08-01T10:15:00Z,2026-08-01T12:15:00+0200,115.65,MW,FR,FR,actual_offshore_wind_generation,Wind Offshore | Actual Aggregated,2026-08-17T13:35:39Z
2026-08-17T13:33:42Z,2026-08-17T15:33:42+0200,5bbffdc7-c3ab-4a18-a8bf-cc7d933ae677,2026-08-01T10:30:00Z,2026-08-01T12:30:00+0200,100.25,MW,FR,FR,actual_offshore_wind_generation,Wind Offshore | Actual Aggregated,2026-08-17T13:35:39Z
2026-08-17T13:33:42Z,2026-08-17T15:33:42+0200,5bbffdc7-c3ab-4a18-a8bf-cc7d933ae677,2026-08-01T10:45:00Z,2026-08-01T12:45:00+0200,93.51,MW,FR,FR,actual_offshore_wind_generation,Wind Offshore | Actual Aggregated,2026-08-17T13:35:39Z
2026-08-17T13:33:42Z,2026-08-17T15:33:42+0200,5bbffdc7-c3ab-4a18-a8bf-cc7d933ae677,2026-08-01T11:00:00Z,2026-08-01T13:00:00+0200,100.08,MW,FR,FR,actual_offshore_wind_generation,Wind Offshore | Actual Aggregated,2026-08-17T13:35:39Z
2026-08-17T13:33:42Z,2026-08-17T15:33:42+0200,5bbffdc7-c3ab-4a18-a8bf-cc7d933ae677,2026-08-01T11:15:00Z,2026-08-01T13:15:00+0200,106.21,MW,FR,FR,actual_offshore_wind_generation,Wind Offshore | Actual Aggregated,2026-08-17T13:35:39Z
2026-08-17T13:33:42Z,2026-08-17T15:33:42+0200,5bbffdc7-c3ab-4a18-a8bf-cc7d933ae677,2026-08-01T11:30:00Z,2026-08-01T13:30:00+0200,111.98,MW,FR,FR,actual_offshore_wind_generation,Wind Offshore | Actual Aggregated,2026-08-17T13:35:39Z
2026-08-17T13:33:42Z,2026-08-17T15:33:42+0200,5bbffdc7-c3ab-4a18-a8bf-cc7d933ae677,2026-08-01T11:45:00Z,2026-08-01T13:45:00+0200,109.33,MW,FR,FR,actual_offshore_wind_generation,Wind Offshore | Actual Aggregated,2026-08-17T13:35:39Z
2026-08-17T13:33:42Z,2026-08-17T15:33:42+0200,5bbffdc7-c3ab-4a18-a8bf-cc7d933ae677,2026-08-01T12:00:00Z,2026-08-01T14:00:00+0200,108.68,MW,FR,FR,actual_offshore_wind_generation,Wind Offshore | Actual Aggregated,2026-08-17T13:35:39Z
2026-08-17T13:33:42Z,2026-08-17T15:33:42+0200,5bbffdc7-c3ab-4a18-a8bf-cc7d933ae677,2026-08-01T12:15:00Z,2026-08-01T14:15:00+0200,116.09,MW,FR,FR,actual_offshore_wind_generation,Wind Offshore | Actual Aggregated,2026-08-17T13:35:39Z
2026-08-17T13:33:42Z,2026-08-17T15:33:42+0200,5bbffdc7-c3ab-4a18-a8bf-cc7d933ae677,2026-08-01T12:30:00Z,2026-08-01T14:30:00+0200,131.07,MW,FR,FR,actual_offshore_wind_generation,Wind Offshore | Actual Aggregated,2026-08-17T13:35:39Z
2026-08-17T13:33:42Z,2026-08-17T15:33:42+0200,5bbffdc7-c3ab-4a18-a8bf-cc7d933ae677,2026-08-01T12:45:00Z,2026-08-01T14:45:00+0200,152.84,MW,FR,FR,actual_offshore_wind_generation,Wind Offshore | Actual Aggregated,2026-08-17T13:35:39Z
2026-08-17T13:33:42Z,2026-08-17T15:33:42+0200,5bbffdc7-c3ab-4a18-a8bf-cc7d933ae677,2026-08-01T13:00:00Z,2026-08-01T15:00:00+0200,166.96,MW,FR,FR,actual_offshore_wind_generation,Wind Offshore | Actual Aggregated,2026-08-17T13:35:39Z
2026-08-17T13:33:42Z,2026-08-17T15:33:42+0200,5bbffdc7-c3ab-4a18-a8bf-cc7d933ae677,2026-08-01T13:15:00Z,2026-08-01T15:15:00+0200,178.78,MW,FR,FR,actual_offshore_wind_generation,Wind Offshore | Actual Aggregated,2026-08-17T13:35:39Z
2026-08-17T13:33:42Z,2026-08-17T15:33:42+0200,5bbffdc7-c3ab-4a18-a8bf-cc7d933ae677,2026-08-01T13:30:00Z,2026-08-01T15:30:00+0200,211.06,MW,FR,FR,actual_offshore_wind_generation,Wind Offshore | Actual Aggregated,2026-08-17T13:35:39Z
2026-08-17T13:33:42Z,2026-08-17T15:33:42+0200,5bbffdc7-c3ab-4a18-a8bf-cc7d933ae677,2026-08-01T13:45:00Z,2026-08-01T15:45:00+0200,234.63,MW,FR,FR,actual_offshore_wind_generation,Wind Offshore | Actual Aggregated,2026-08-17T13:35:39Z
2026-08-17T13:33:42Z,2026-08-17T15:33:42+0200,5bbffdc7-c3ab-4a18-a8bf-cc7d933ae677,2026-08-01T14:00:00Z,2026-08-01T16:00:00+0200,230.66,MW,FR,FR,actual_offshore_wind_generation,Wind Offshore | Actual Aggregated,2026-08-17T13:35:39Z
2026-08-17T13:33:42Z,2026-08-17T15:33:42+0200,5bbffdc7-c3ab-4a18-a8bf-cc7d933ae677,2026-08-01T14:15:00Z,2026-08-01T16:15:00+0200,219.45,MW,FR,FR,actual_offshore_wind_generation,Wind Offshore | Actual Aggregated,2026-08-17T13:35:39Z
2026-08-17T13:33:42Z,2026-08-17T15:33:42+0200,5bbffdc7-c3ab-4a18-a8bf-cc7d933ae677,2026-08-01T14:30:00Z,2026-08-01T16:30:00+0200,249.04,MW,FR,FR,actual_offshore_wind_generation,Wind Offshore | Actual Aggregated,2026-08-17T13:35:39Z
2026-08-17T13:33:42Z,2026-08-17T15:33:42+0200,5bbffdc7-c3ab-4a18-a8bf-cc7d933ae677,2026-08-01T14:45:00Z,2026-08-01T16:45:00+0200,296.24,MW,FR,FR,actual_offshore_wind_generation,Wind Offshore | Actual Aggregated,2026-08-17T13:35:39Z
2026-08-17T13:33:42Z,2026-08-17T15:33:42+0200,5bbffdc7-c3ab-4a18-a8bf-cc7d933ae677,2026-08-01T15:00:00Z,2026-08-01T17:00:00+0200,332.99,MW,FR,FR,actual_offshore_wind_generation,Wind Offshore | Actual Aggregated,2026-08-17T13:35:39Z
2026-08-17T13:33:42Z,2026-08-17T15:33:42+0200,5bbffdc7-c3ab-4a18-a8bf-cc7d933ae677,2026-08-01T15:15:00Z,2026-08-01T17:15:00+0200,377.07,MW,FR,FR,actual_offshore_wind_generation,Wind Offshore | Actual Aggregated,2026-08-17T13:35:39Z
2026-08-17T13:33:42Z,2026-08-17T15:33:42+0200,5bbffdc7-c3ab-4a18-a8bf-cc7d933ae677,2026-08-01T15:30:00Z,2026-08-01T17:30:00+0200,366.34,MW,FR,FR,actual_offshore_wind_generation,Wind Offshore | Actual Aggregated,2026-08-17T13:35:39Z
2026-08-17T13:33:42Z,2026-08-17T15:33:42+0200,5bbffdc7-c3ab-4a18-a8bf-cc7d933ae677,2026-08-01T15:45:00Z,2026-08-01T17:45:00+0200,367.11,MW,FR,FR,actual_offshore_wind_generation,Wind Offshore | Actual Aggregated,2026-08-17T13:35:39Z
2026-08-17T13:33:42Z,2026-08-17T15:33:42+0200,5bbffdc7-c3ab-4a18-a8bf-cc7d933ae677,2026-08-01T16:00:00Z,2026-08-01T18:00:00+0200,401.51,MW,FR,FR,actual_offshore_wind_generation,Wind Offshore | Actual Aggregated,2026-08-17T13:35:39Z
2026-08-17T13:33:42Z,2026-08-17T15:33:42+0200,5bbffdc7-c3ab-4a18-a8bf-cc7d933ae677,2026-08-01T16:15:00Z,2026-08-01T18:15:00+0200,409.89,MW,FR,FR,actual_offshore_wind_generation,Wind Offshore | Actual Aggregated,2026-08-17T13:35:39Z
2026-08-17T13:33:42Z,2026-08-17T15:33:42+0200,5bbffdc7-c3ab-4a18-a8bf-cc7d933ae677,2026-08-01T16:30:00Z,2026-08-01T18:30:00+0200,420.8,MW,FR,FR,actual_offshore_wind_generation,Wind Offshore | Actual Aggregated,2026-08-17T13:35:39Z
2026-08-17T13:33:42Z,2026-08-17T15:33:42+0200,5bbffdc7-c3ab-4a18-a8bf-cc7d933ae677,2026-08-01T16:45:00Z,2026-08-01T18:45:00+0200,441.57,MW,FR,FR,actual_offshore_wind_generation,Wind Offshore | Actual Aggregated,2026-08-17T13:35:39Z
2026-08-17T13:33:42Z,2026-08-17T15:33:42+0200,5bbffdc7-c3ab-4a18-a8bf-cc7d933ae677,2026-08-01T17:00:00Z,2026-08-01T19:00:00+0200,472.73,MW,FR,FR,actual_offshore_wind_generation,Wind Offshore | Actual Aggregated,2026-08-17T13:35:39Z
2026-08-17T13:33:42Z,2026-08-17T15:33:42+0200,5bbffdc7-c3ab-4a18-a8bf-cc7d933ae677,2026-08-01T17:15:00Z,2026-08-01T19:15:00+0200,489.79,MW,FR,FR,actual_offshore_wind_generation,Wind Offshore | Actual Aggregated,2026-08-17T13:35:39Z
2026-08-17T13:33:42Z,2026-08-17T15:33:42+0200,5bbffdc7-c3ab-4a18-a8bf-cc7d933ae677,2026-08-01T17:30:00Z,2026-08-01T19:30:00+0200,494.61,MW,FR,FR,actual_offshore_wind_generation,Wind Offshore | Actual Aggregated,2026-08-17T13:35:39Z
2026-08-17T13:33:42Z,2026-08-17T15:33:42+0200,5bbffdc7-c3ab-4a18-a8bf-cc7d933ae677,2026-08-01T17:45:00Z,2026-08-01T19:45:00+0200,519.75,MW,FR,FR,actual_offshore_wind_generation,Wind Offshore | Actual Aggregated,2026-08-17T13:35:39Z
2026-08-17T13:33:42Z,2026-08-17T15:33:42+0200,5bbffdc7-c3ab-4a18-a8bf-cc7d933ae677,2026-08-01T18:00:00Z,2026-08-01T20:00:00+0200,560.72,MW,FR,FR,actual_offshore_wind_generation,Wind Offshore | Actual Aggregated,2026-08-17T13:35:39Z
2026-08-17T13:33:42Z,2026-08-17T15:33:42+0200,5bbffdc7-c3ab-4a18-a8bf-cc7d933ae677,2026-08-01T18:15:00Z,2026-08-01T20:15:00+0200,556.6,MW,FR,FR,actual_offshore_wind_generation,Wind Offshore | Actual Aggregated,2026-08-17T13:35:39Z
2026-08-17T13:33:42Z,2026-08-17T15:33:42+0200,5bbffdc7-c3ab-4a18-a8bf-cc7d933ae677,2026-08-01T18:30:00Z,2026-08-01T20:30:00+0200,559.93,MW,FR,FR,actual_offshore_wind_generation,Wind Offshore | Actual Aggregated,2026-08-17T13:35:39Z
2026-08-17T13:33:42Z,2026-08-17T15:33:42+0200,5bbffdc7-c3ab-4a18-a8bf-cc7d933ae677,2026-08-01T18:45:00Z,2026-08-01T20:45:00+0200,560.5,MW,FR,FR,actual_offshore_wind_generation,Wind Offshore | Actual Aggregated,2026-08-17T13:35:39Z
2026-08-17T13:33:42Z,2026-08-17T15:33:42+0200,5bbffdc7-c3ab-4a18-a8bf-cc7d933ae677,2026-08-01T19:00:00Z,2026-08-01T21:00:00+0200,566.11,MW,FR,FR,actual_offshore_wind_generation,Wind Offshore | Actual Aggregated,2026-08-17T13:35:39Z
2026-08-17T13:33:42Z,2026-08-17T15:33:42+0200,5bbffdc7-c3ab-4a18-a8bf-cc7d933ae677,2026-08-01T19:15:00Z,2026-08-01T21:15:00+0200,576.65,MW,FR,FR,actual_offshore_wind_generation,Wind Offshore | Actual Aggregated,2026-08-17T13:35:39Z
2026-08-17T13:33:42Z,2026-08-17T15:33:42+0200,5bbffdc7-c3ab-4a18-a8bf-cc7d933ae677,2026-08-01T19:30:00Z,2026-08-01T21:30:00+0200,613.61,MW,FR,FR,actual_offshore_wind_generation,Wind Offshore | Actual Aggregated,2026-08-17T13:35:39Z
2026-08-17T13:33:42Z,2026-08-17T15:33:42+0200,5bbffdc7-c3ab-4a18-a8bf-cc7d933ae677,2026-08-01T19:45:00Z,2026-08-01T21:45:00+0200,685.0,MW,FR,FR,actual_offshore_wind_generation,Wind Offshore | Actual Aggregated,2026-08-17T13:35:39Z
2026-08-17T13:33:42Z,2026-08-17T15:33:42+0200,5bbffdc7-c3ab-4a18-a8bf-cc7d933ae677,2026-08-01T20:00:00Z,2026-08-01T22:00:00+0200,689.94,MW,FR,FR,actual_offshore_wind_generation,Wind Offshore | Actual Aggregated,2026-08-17T13:35:39Z
2026-08-17T13:33:42Z,2026-08-17T15:33:42+0200,5bbffdc7-c3ab-4a18-a8bf-cc7d933ae677,2026-08-01T20:15:00Z,2026-08-01T22:15:00+0200,695.17,MW,FR,FR,actual_offshore_wind_generation,Wind Offshore | Actual Aggregated,2026-08-17T13:35:39Z
2026-08-17T13:33:42Z,2026-08-17T15:33:42+0200,5bbffdc7-c3ab-4a18-a8bf-cc7d933ae677,2026-08-01T20:30:00Z,2026-08-01T22:30:00+0200,757.9,MW,FR,FR,actual_offshore_wind_generation,Wind Offshore | Actual Aggregated,2026-08-17T13:35:39Z
2026-08-17T13:33:42Z,2026-08-17T15:33:42+0200,5bbffdc7-c3ab-4a18-a8bf-cc7d933ae677,2026-08-01T20:45:00Z,2026-08-01T22:45:00+0200,830.61,MW,FR,FR,actual_offshore_wind_generation,Wind Offshore | Actual Aggregated,2026-08-17T13:35:39Z
2026-08-17T13:33:42Z,2026-08-17T15:33:42+0200,5bbffdc7-c3ab-4a18-a8bf-cc7d933ae677,2026-08-01T21:00:00Z,2026-08-01T23:00:00+0200,846.65,MW,FR,FR,actual_offshore_wind_generation,Wind Offshore | Actual Aggregated,2026-08-17T13:35:39Z
2026-08-17T13:33:42Z,2026-08-17T15:33:42+0200,5bbffdc7-c3ab-4a18-a8bf-cc7d933ae677,2026-08-01T21:15:00Z,2026-08-01T23:15:00+0200,840.54,MW,FR,FR,actual_offshore_wind_generation,Wind Offshore | Actual Aggregated,2026-08-17T13:35:39Z
2026-08-17T13:33:42Z,2026-08-17T15:33:42+0200,5bbffdc7-c3ab-4a18-a8bf-cc7d933ae677,2026-08-01T21:30:00Z,2026-08-01T23:30:00+0200,834.48,MW,FR,FR,actual_offshore_wind_generation,Wind Offshore | Actual Aggregated,2026-08-17T13:35:39Z
2026-08-17T13:33:42Z,2026-08-17T15:33:42+0200,5bbffdc7-c3ab-4a18-a8bf-cc7d933ae677,2026-08-01T21:45:00Z,2026-08-01T23:45:00+0200,804.07,MW,FR,FR,actual_offshore_wind_generation,Wind Offshore | Actual Aggregated,2026-08-17T13:35:39Z
2026-08-17T13:33:42Z,2026-08-17T15:33:42+0200,5bbffdc7-c3ab-4a18-a8bf-cc7d933ae677,2026-08-01T22:00:00Z,2026-08-02T00:00:00+0200,792.89,MW,FR,FR,actual_offshore_wind_generation,Wind Offshore | Actual Aggregated,2026-08-17T13:35:39Z
2026-08-17T13:33:42Z,2026-08-17T15:33:42+0200,5bbffdc7-c3ab-4a18-a8bf-cc7d933ae677,2026-08-01T22:15:00Z,2026-08-02T00:15:00+0200,798.79,MW,FR,FR,actual_offshore_wind_generation,Wind Offshore | Actual Aggregated,2026-08-17T13:35:39Z
2026-08-17T13:33:42Z,2026-08-17T15:33:42+0200,5bbffdc7-c3ab-4a18-a8bf-cc7d933ae677,2026-08-01T22:30:00Z,2026-08-02T00:30:00+0200,791.72,MW,FR,FR,actual_offshore_wind_generation,Wind Offshore | Actual Aggregated,2026-08-17T13:35:39Z
2026-08-17T13:33:42Z,2026-08-17T15:33:42+0200,5bbffdc7-c3ab-4a18-a8bf-cc7d933ae677,2026-08-01T22:45:00Z,2026-08-02T00:45:00+0200,763.42,MW,FR,FR,actual_offshore_wind_generation,Wind Offshore | Actual Aggregated,2026-08-17T13:35:39Z
2026-08-17T13:33:42Z,2026-08-17T15:33:42+0200,5bbffdc7-c3ab-4a18-a8bf-cc7d933ae677,2026-08-01T23:00:00Z,2026-08-02T01:00:00+0200,747.88,MW,FR,FR,actual_offshore_wind_generation,Wind Offshore | Actual Aggregated,2026-08-17T13:35:39Z
2026-08-17T13:33:42Z,2026-08-17T15:33:42+0200,5bbffdc7-c3ab-4a18-a8bf-cc7d933ae677,2026-08-01T23:15:00Z,2026-08-02T01:15:00+0200,739.68,MW,FR,FR,actual_offshore_wind_generation,Wind Offshore | Actual Aggregated,2026-08-17T13:35:39Z
2026-08-17T13:33:42Z,2026-08-17T15:33:42+0200,5bbffdc7-c3ab-4a18-a8bf-cc7d933ae677,2026-08-01T23:30:00Z,2026-08-02T01:30:00+0200,729.16,MW,FR,FR,actual_offshore_wind_generation,Wind Offshore | Actual Aggregated,2026-08-17T13:35:39Z
2026-08-17T13:33:42Z,2026-08-17T15:33:42+0200,5bbffdc7-c3ab-4a18-a8bf-cc7d933ae677,2026-08-01T23:45:00Z,2026-08-02T01:45:00+0200,708.02,MW,FR,FR,actual_offshore_wind_generation,Wind Offshore | Actual Aggregated,2026-08-17T13:35:39Z
2026-08-17T13:33:42Z,2026-08-17T15:33:42+0200,5bbffdc7-c3ab-4a18-a8bf-cc7d933ae677,2026-08-02T00:00:00Z,2026-08-02T02:00:00+0200,694.88,MW,FR,FR,actual_offshore_wind_generation,Wind Offshore | Actual Aggregated,2026-08-17T13:35:39Z
2026-08-17T13:33:42Z,2026-08-17T15:33:42+0200,5bbffdc7-c3ab-4a18-a8bf-cc7d933ae677,2026-08-02T00:15:00Z,2026-08-02T02:15:00+0200,666.92,MW,FR,FR,actual_offshore_wind_generation,Wind Offshore | Actual Aggregated,2026-08-17T13:35:39Z
2026-08-17T13:33:42Z,2026-08-17T15:33:42+0200,5bbffdc7-c3ab-4a18-a8bf-cc7d933ae677,2026-08-02T00:30:00Z,2026-08-02T02:30:00+0200,647.39,MW,FR,FR,actual_offshore_wind_generation,Wind Offshore | Actual Aggregated,2026-08-17T13:35:39Z
2026-08-17T13:33:42Z,2026-08-17T15:33:42+0200,5bbffdc7-c3ab-4a18-a8bf-cc7d933ae677,2026-08-02T00:45:00Z,2026-08-02T02:45:00+0200,639.04,MW,FR,FR,actual_offshore_wind_generation,Wind Offshore | Actual Aggregated,2026-08-17T13:35:39Z
2026-08-17T13:33:42Z,2026-08-17T15:33:42+0200,5bbffdc7-c3ab-4a18-a8bf-cc7d933ae677,2026-08-02T01:00:00Z,2026-08-02T03:00:00+0200,610.37,MW,FR,FR,actual_offshore_wind_generation,Wind Offshore | Actual Aggregated,2026-08-17T13:35:39Z
2026-08-17T13:33:42Z,2026-08-17T15:33:42+0200,5bbffdc7-c3ab-4a18-a8bf-cc7d933ae677,2026-08-02T01:15:00Z,2026-08-02T03:15:00+0200,579.68,MW,FR,FR,actual_offshore_wind_generation,Wind Offshore | Actual Aggregated,2026-08-17T13:35:39Z
2026-08-17T13:33:42Z,2026-08-17T15:33:42+0200,5bbffdc7-c3ab-4a18-a8bf-cc7d933ae677,2026-08-02T01:30:00Z,2026-08-02T03:30:00+0200,550.18,MW,FR,FR,actual_offshore_wind_generation,Wind Offshore | Actual Aggregated,2026-08-17T13:35:39Z
2026-08-17T13:33:42Z,2026-08-17T15:33:42+0200,5bbffdc7-c3ab-4a18-a8bf-cc7d933ae677,2026-08-02T01:45:00Z,2026-08-02T03:45:00+0200,533.37,MW,FR,FR,actual_offshore_wind_generation,Wind Offshore | Actual Aggregated,2026-08-17T13:35:39Z
2026-08-17T13:33:42Z,2026-08-17T15:33:42+0200,5bbffdc7-c3ab-4a18-a8bf-cc7d933ae677,2026-08-02T02:00:00Z,2026-08-02T04:00:00+0200,559.47,MW,FR,FR,actual_offshore_wind_generation,Wind Offshore | Actual Aggregated,2026-08-17T13:35:39Z
2026-08-17T13:33:42Z,2026-08-17T15:33:42+0200,5bbffdc7-c3ab-4a18-a8bf-cc7d933ae677,2026-08-02T02:15:00Z,2026-08-02T04:15:00+0200,576.23,MW,FR,FR,actual_offshore_wind_generation,Wind Offshore | Actual Aggregated,2026-08-17T13:35:39Z
2026-08-17T13:33:42Z,2026-08-17T15:33:42+0200,5bbffdc7-c3ab-4a18-a8bf-cc7d933ae677,2026-08-02T02:30:00Z,2026-08-02T04:30:00+0200,569.16,MW,FR,FR,actual_offshore_wind_generation,Wind Offshore | Actual Aggregated,2026-08-17T13:35:39Z
2026-08-17T13:33:42Z,2026-08-17T15:33:42+0200,5bbffdc7-c3ab-4a18-a8bf-cc7d933ae677,2026-08-02T02:45:00Z,2026-08-02T04:45:00+0200,579.53,MW,FR,FR,actual_offshore_wind_generation,Wind Offshore | Actual Aggregated,2026-08-17T13:35:39Z
2026-08-17T13:33:42Z,2026-08-17T15:33:42+0200,5bbffdc7-c3ab-4a18-a8bf-cc7d933ae677,2026-08-02T03:00:00Z,2026-08-02T05:00:00+0200,587.2,MW,FR,FR,actual_offshore_wind_generation,Wind Offshore | Actual Aggregated,2026-08-17T13:35:39Z
2026-08-17T13:33:42Z,2026-08-17T15:33:42+0200,5bbffdc7-c3ab-4a18-a8bf-cc7d933ae677,2026-08-02T03:15:00Z,2026-08-02T05:15:00+0200,555.14,MW,FR,FR,actual_offshore_wind_generation,Wind Offshore | Actual Aggregated,2026-08-17T13:35:39Z
2026-08-17T13:33:42Z,2026-08-17T15:33:42+0200,5bbffdc7-c3ab-4a18-a8bf-cc7d933ae677,2026-08-02T03:30:00Z,2026-08-02T05:30:00+0200,532.87,MW,FR,FR,actual_offshore_wind_generation,Wind Offshore | Actual Aggregated,2026-08-17T13:35:39Z
2026-08-17T13:33:42Z,2026-08-17T15:33:42+0200,5bbffdc7-c3ab-4a18-a8bf-cc7d933ae677,2026-08-02T03:45:00Z,2026-08-02T05:45:00+0200,494.3,MW,FR,FR,actual_offshore_wind_generation,Wind Offshore | Actual Aggregated,2026-08-17T13:35:39Z
2026-08-17T13:33:42Z,2026-08-17T15:33:42+0200,5bbffdc7-c3ab-4a18-a8bf-cc7d933ae677,2026-08-02T04:00:00Z,2026-08-02T06:00:00+0200,491.73,MW,FR,FR,actual_offshore_wind_generation,Wind Offshore | Actual Aggregated,2026-08-17T13:35:39Z
2026-08-17T13:33:42Z,2026-08-17T15:33:42+0200,5bbffdc7-c3ab-4a18-a8bf-cc7d933ae677,2026-08-02T04:15:00Z,2026-08-02T06:15:00+0200,502.06,MW,FR,FR,actual_offshore_wind_generation,Wind Offshore | Actual Aggregated,2026-08-17T13:35:39Z
2026-08-17T13:33:42Z,2026-08-17T15:33:42+0200,5bbffdc7-c3ab-4a18-a8bf-cc7d933ae677,2026-08-02T04:30:00Z,2026-08-02T06:30:00+0200,502.91,MW,FR,FR,actual_offshore_wind_generation,Wind Offshore | Actual Aggregated,2026-08-17T13:35:39Z
2026-08-17T13:33:42Z,2026-08-17T15:33:42+0200,5bbffdc7-c3ab-4a18-a8bf-cc7d933ae677,2026-08-02T04:45:00Z,2026-08-02T06:45:00+0200,492.46,MW,FR,FR,actual_offshore_wind_generation,Wind Offshore | Actual Aggregated,2026-08-17T13:35:39Z
2026-08-17T13:33:42Z,2026-08-17T15:33:42+0200,5bbffdc7-c3ab-4a18-a8bf-cc7d933ae677,2026-08-02T05:00:00Z,2026-08-02T07:00:00+0200,454.27,MW,FR,FR,actual_offshore_wind_generation,Wind Offshore | Actual Aggregated,2026-08-17T13:35:39Z
2026-08-17T13:33:42Z,2026-08-17T15:33:42+0200,5bbffdc7-c3ab-4a18-a8bf-cc7d933ae677,2026-08-02T05:15:00Z,2026-08-02T07:15:00+0200,443.11,MW,FR,FR,actual_offshore_wind_generation,Wind Offshore | Actual Aggregated,2026-08-17T13:35:39Z
2026-08-17T13:33:42Z,2026-08-17T15:33:42+0200,5bbffdc7-c3ab-4a18-a8bf-cc7d933ae677,2026-08-02T05:30:00Z,2026-08-02T07:30:00+0200,413.88,MW,FR,FR,actual_offshore_wind_generation,Wind Offshore | Actual Aggregated,2026-08-17T13:35:39Z
2026-08-17T13:33:42Z,2026-08-17T15:33:42+0200,5bbffdc7-c3ab-4a18-a8bf-cc7d933ae677,2026-08-02T05:45:00Z,2026-08-02T07:45:00+0200,400.25,MW,FR,FR,actual_offshore_wind_generation,Wind Offshore | Actual Aggregated,2026-08-17T13:35:39Z
2026-08-17T13:33:42Z,2026-08-17T15:33:42+0200,5bbffdc7-c3ab-4a18-a8bf-cc7d933ae677,2026-08-02T06:00:00Z,2026-08-02T08:00:00+0200,382.37,MW,FR,FR,actual_offshore_wind_generation,Wind Offshore | Actual Aggregated,2026-08-17T13:35:39Z
2026-08-17T13:33:42Z,2026-08-17T15:33:42+0200,5bbffdc7-c3ab-4a18-a8bf-cc7d933ae677,2026-08-02T06:15:00Z,2026-08-02T08:15:00+0200,358.42,MW,FR,FR,actual_offshore_wind_generation,Wind Offshore | Actual Aggregated,2026-08-17T13:35:39Z
2026-08-17T13:33:42Z,2026-08-17T15:33:42+0200,5bbffdc7-c3ab-4a18-a8bf-cc7d933ae677,2026-08-02T06:30:00Z,2026-08-02T08:30:00+0200,344.3,MW,FR,FR,actual_offshore_wind_generation,Wind Offshore | Actual Aggregated,2026-08-17T13:35:39Z
2026-08-17T13:33:42Z,2026-08-17T15:33:42+0200,5bbffdc7-c3ab-4a18-a8bf-cc7d933ae677,2026-08-02T06:45:00Z,2026-08-02T08:45:00+0200,329.11,MW,FR,FR,actual_offshore_wind_generation,Wind Offshore | Actual Aggregated,2026-08-17T13:35:39Z
2026-08-17T13:33:42Z,2026-08-17T15:33:42+0200,5bbffdc7-c3ab-4a18-a8bf-cc7d933ae677,2026-08-02T07:00:00Z,2026-08-02T09:00:00+0200,309.17,MW,FR,FR,actual_offshore_wind_generation,Wind Offshore | Actual Aggregated,2026-08-17T13:35:39Z
2026-08-17T13:33:42Z,2026-08-17T15:33:42+0200,5bbffdc7-c3ab-4a18-a8bf-cc7d933ae677,2026-08-02T07:15:00Z,2026-08-02T09:15:00+0200,281.31,MW,FR,FR,actual_offshore_wind_generation,Wind Offshore | Actual Aggregated,2026-08-17T13:35:39Z
2026-08-17T13:33:42Z,2026-08-17T15:33:42+0200,5bbffdc7-c3ab-4a18-a8bf-cc7d933ae677,2026-08-02T07:30:00Z,2026-08-02T09:30:00+0200,236.55,MW,FR,FR,actual_offshore_wind_generation,Wind Offshore | Actual Aggregated,2026-08-17T13:35:39Z
2026-08-17T13:33:42Z,2026-08-17T15:33:42+0200,5bbffdc7-c3ab-4a18-a8bf-cc7d933ae677,2026-08-02T07:45:00Z,2026-08-02T09:45:00+0200,191.32,MW,FR,FR,actual_offshore_wind_generation,Wind Offshore | Actual Aggregated,2026-08-17T13:35:39Z
2026-08-17T13:33:42Z,2026-08-17T15:33:42+0200,5bbffdc7-c3ab-4a18-a8bf-cc7d933ae677,2026-08-02T08:00:00Z,2026-08-02T10:00:00+0200,160.52,MW,FR,FR,actual_offshore_wind_generation,Wind Offshore | Actual Aggregated,2026-08-17T13:35:39Z
2026-08-17T13:33:42Z,2026-08-17T15:33:42+0200,5bbffdc7-c3ab-4a18-a8bf-cc7d933ae677,2026-08-02T08:15:00Z,2026-08-02T10:15:00+0200,138.17,MW,FR,FR,actual_offshore_wind_generation,Wind Offshore | Actual Aggregated,2026-08-17T13:35:39Z
2026-08-17T13:33:42Z,2026-08-17T15:33:42+0200,5bbffdc7-c3ab-4a18-a8bf-cc7d933ae677,2026-08-02T08:30:00Z,2026-08-02T10:30:00+0200,112.6,MW,FR,FR,actual_offshore_wind_generation,Wind Offshore | Actual Aggregated,2026-08-17T13:35:39Z
2026-08-17T13:33:42Z,2026-08-17T15:33:42+0200,5bbffdc7-c3ab-4a18-a8bf-cc7d933ae677,2026-08-02T08:45:00Z,2026-08-02T10:45:00+0200,111.68,MW,FR,FR,actual_offshore_wind_generation,Wind Offshore | Actual Aggregated,2026-08-17T13:35:39Z
2026-08-17T13:33:42Z,2026-08-17T15:33:42+0200,5bbffdc7-c3ab-4a18-a8bf-cc7d933ae677,2026-08-02T09:00:00Z,2026-08-02T11:00:00+0200,110.28,MW,FR,FR,actual_offshore_wind_generation,Wind Offshore | Actual Aggregated,2026-08-17T13:35:39Z
2026-08-17T13:33:42Z,2026-08-17T15:33:42+0200,5bbffdc7-c3ab-4a18-a8bf-cc7d933ae677,2026-08-02T09:15:00Z,2026-08-02T11:15:00+0200,103.75,MW,FR,FR,actual_offshore_wind_generation,Wind Offshore | Actual Aggregated,2026-08-17T13:35:39Z
2026-08-17T13:33:42Z,2026-08-17T15:33:42+0200,5bbffdc7-c3ab-4a18-a8bf-cc7d933ae677,2026-08-02T09:30:00Z,2026-08-02T11:30:00+0200,103.7,MW,FR,FR,actual_offshore_wind_generation,Wind Offshore | Actual Aggregated,2026-08-17T13:35:39Z
2026-08-17T13:33:42Z,2026-08-17T15:33:42+0200,5bbffdc7-c3ab-4a18-a8bf-cc7d933ae677,2026-08-02T09:45:00Z,2026-08-02T11:45:00+0200,96.13,MW,FR,FR,actual_offshore_wind_generation,Wind Offshore | Actual Aggregated,2026-08-17T13:35:39Z
2026-08-17T13:33:42Z,2026-08-17T15:33:42+0200,5bbffdc7-c3ab-4a18-a8bf-cc7d933ae677,2026-08-02T10:00:00Z,2026-08-02T12:00:00+0200,94.12,MW,FR,FR,actual_offshore_wind_generation,Wind Offshore | Actual Aggregated,2026-08-17T13:35:39Z
2026-08-17T13:33:42Z,2026-08-17T15:33:42+0200,5bbffdc7-c3ab-4a18-a8bf-cc7d933ae677,2026-08-02T10:15:00Z,2026-08-02T12:15:00+0200,92.77,MW,FR,FR,actual_offshore_wind_generation,Wind Offshore | Actual Aggregated,2026-08-17T13:35:39Z
2026-08-17T13:33:42Z,2026-08-17T15:33:42+0200,5bbffdc7-c3ab-4a18-a8bf-cc7d933ae677,2026-08-02T10:30:00Z,2026-08-02T12:30:00+0200,88.27,MW,FR,FR,actual_offshore_wind_generation,Wind Offshore | Actual Aggregated,2026-08-17T13:35:39Z
2026-08-17T13:33:42Z,2026-08-17T15:33:42+0200,5bbffdc7-c3ab-4a18-a8bf-cc7d933ae677,2026-08-02T10:45:00Z,2026-08-02T12:45:00+0200,76.18,MW,FR,FR,actual_offshore_wind_generation,Wind Offshore | Actual Aggregated,2026-08-17T13:35:39Z
2026-08-17T13:33:42Z,2026-08-17T15:33:42+0200,5bbffdc7-c3ab-4a18-a8bf-cc7d933ae677,2026-08-02T11:00:00Z,2026-08-02T13:00:00+0200,77.57,MW,FR,FR,actual_offshore_wind_generation,Wind Offshore | Actual Aggregated,2026-08-17T13:35:39Z
2026-08-17T13:33:42Z,2026-08-17T15:33:42+0200,5bbffdc7-c3ab-4a18-a8bf-cc7d933ae677,2026-08-02T11:15:00Z,2026-08-02T13:15:00+0200,73.96,MW,FR,FR,actual_offshore_wind_generation,Wind Offshore | Actual Aggregated,2026-08-17T13:35:39Z
2026-08-17T13:33:42Z,2026-08-17T15:33:42+0200,5bbffdc7-c3ab-4a18-a8bf-cc7d933ae677,2026-08-02T11:30:00Z,2026-08-02T13:30:00+0200,70.84,MW,FR,FR,actual_offshore_wind_generation,Wind Offshore | Actual Aggregated,2026-08-17T13:35:39Z
2026-08-17T13:33:42Z,2026-08-17T15:33:42+0200,5bbffdc7-c3ab-4a18-a8bf-cc7d933ae677,2026-08-02T11:45:00Z,2026-08-02T13:45:00+0200,75.47,MW,FR,FR,actual_offshore_wind_generation,Wind Offshore | Actual Aggregated,2026-08-17T13:35:39Z
2026-08-17T13:33:42Z,2026-08-17T15:33:42+0200,5bbffdc7-c3ab-4a18-a8bf-cc7d933ae677,2026-08-02T12:00:00Z,2026-08-02T14:00:00+0200,72.42,MW,FR,FR,actual_offshore_wind_generation,Wind Offshore | Actual Aggregated,2026-08-17T13:35:39Z
2026-08-17T13:33:42Z,2026-08-17T15:33:42+0200,5bbffdc7-c3ab-4a18-a8bf-cc7d933ae677,2026-08-02T12:15:00Z,2026-08-02T14:15:00+0200,83.1,MW,FR,FR,actual_offshore_wind_generation,Wind Offshore | Actual Aggregated,2026-08-17T13:35:39Z
2026-08-17T13:33:42Z,2026-08-17T15:33:42+0200,5bbffdc7-c3ab-4a18-a8bf-cc7d933ae677,2026-08-02T12:30:00Z,2026-08-02T14:30:00+0200,103.86,MW,FR,FR,actual_offshore_wind_generation,Wind Offshore | Actual Aggregated,2026-08-17T13:35:39Z
2026-08-17T13:33:42Z,2026-08-17T15:33:42+0200,5bbffdc7-c3ab-4a18-a8bf-cc7d933ae677,2026-08-02T12:45:00Z,2026-08-02T14:45:00+0200,181.13,MW,FR,FR,actual_offshore_wind_generation,Wind Offshore | Actual Aggregated,2026-08-17T13:35:39Z
2026-08-17T13:33:42Z,2026-08-17T15:33:42+0200,5bbffdc7-c3ab-4a18-a8bf-cc7d933ae677,2026-08-02T13:00:00Z,2026-08-02T15:00:00+0200,266.05,MW,FR,FR,actual_offshore_wind_generation,Wind Offshore | Actual Aggregated,2026-08-17T13:35:39Z
2026-08-17T13:33:42Z,2026-08-17T15:33:42+0200,5bbffdc7-c3ab-4a18-a8bf-cc7d933ae677,2026-08-02T13:15:00Z,2026-08-02T15:15:00+0200,280.24,MW,FR,FR,actual_offshore_wind_generation,Wind Offshore | Actual Aggregated,2026-08-17T13:35:39Z
2026-08-17T13:33:42Z,2026-08-17T15:33:42+0200,5bbffdc7-c3ab-4a18-a8bf-cc7d933ae677,2026-08-02T13:30:00Z,2026-08-02T15:30:00+0200,303.38,MW,FR,FR,actual_offshore_wind_generation,Wind Offshore | Actual Aggregated,2026-08-17T13:35:39Z
2026-08-17T13:33:42Z,2026-08-17T15:33:42+0200,5bbffdc7-c3ab-4a18-a8bf-cc7d933ae677,2026-08-02T13:45:00Z,2026-08-02T15:45:00+0200,359.93,MW,FR,FR,actual_offshore_wind_generation,Wind Offshore | Actual Aggregated,2026-08-17T13:35:39Z
2026-08-17T13:33:42Z,2026-08-17T15:33:42+0200,5bbffdc7-c3ab-4a18-a8bf-cc7d933ae677,2026-08-02T14:00:00Z,2026-08-02T16:00:00+0200,405.42,MW,FR,FR,actual_offshore_wind_generation,Wind Offshore | Actual Aggregated,2026-08-17T13:35:39Z
2026-08-17T13:33:42Z,2026-08-17T15:33:42+0200,5bbffdc7-c3ab-4a18-a8bf-cc7d933ae677,2026-08-02T14:15:00Z,2026-08-02T16:15:00+0200,462.8,MW,FR,FR,actual_offshore_wind_generation,Wind Offshore | Actual Aggregated,2026-08-17T13:35:39Z
2026-08-17T13:33:42Z,2026-08-17T15:33:42+0200,5bbffdc7-c3ab-4a18-a8bf-cc7d933ae677,2026-08-02T14:30:00Z,2026-08-02T16:30:00+0200,471.17,MW,FR,FR,actual_offshore_wind_generation,Wind Offshore | Actual Aggregated,2026-08-17T13:35:39Z
2026-08-17T13:33:42Z,2026-08-17T15:33:42+0200,5bbffdc7-c3ab-4a18-a8bf-cc7d933ae677,2026-08-02T14:45:00Z,2026-08-02T16:45:00+0200,504.48,MW,FR,FR,actual_offshore_wind_generation,Wind Offshore | Actual Aggregated,2026-08-17T13:35:39Z
2026-08-17T13:33:42Z,2026-08-17T15:33:42+0200,5bbffdc7-c3ab-4a18-a8bf-cc7d933ae677,2026-08-02T15:00:00Z,2026-08-02T17:00:00+0200,549.13,MW,FR,FR,actual_offshore_wind_generation,Wind Offshore | Actual Aggregated,2026-08-17T13:35:39Z
2026-08-17T13:33:42Z,2026-08-17T15:33:42+0200,5bbffdc7-c3ab-4a18-a8bf-cc7d933ae677,2026-08-02T15:15:00Z,2026-08-02T17:15:00+0200,595.04,MW,FR,FR,actual_offshore_wind_generation,Wind Offshore | Actual Aggregated,2026-08-17T13:35:39Z
2026-08-17T13:33:42Z,2026-08-17T15:33:42+0200,5bbffdc7-c3ab-4a18-a8bf-cc7d933ae677,2026-08-02T15:30:00Z,2026-08-02T17:30:00+0200,624.05,MW,FR,FR,actual_offshore_wind_generation,Wind Offshore | Actual Aggregated,2026-08-17T13:35:39Z
2026-08-17T13:33:42Z,2026-08-17T15:33:42+0200,5bbffdc7-c3ab-4a18-a8bf-cc7d933ae677,2026-08-02T15:45:00Z,2026-08-02T17:45:00+0200,626.51,MW,FR,FR,actual_offshore_wind_generation,Wind Offshore | Actual Aggregated,2026-08-17T13:35:39Z
2026-08-17T13:33:42Z,2026-08-17T15:33:42+0200,5bbffdc7-c3ab-4a18-a8bf-cc7d933ae677,2026-08-02T16:00:00Z,2026-08-02T18:00:00+0200,635.32,MW,FR,FR,actual_offshore_wind_generation,Wind Offshore | Actual Aggregated,2026-08-17T13:35:39Z
2026-08-17T13:33:42Z,2026-08-17T15:33:42+0200,5bbffdc7-c3ab-4a18-a8bf-cc7d933ae677,2026-08-02T16:15:00Z,2026-08-02T18:15:00+0200,603.46,MW,FR,FR,actual_offshore_wind_generation,Wind Offshore | Actual Aggregated,2026-08-17T13:35:39Z
2026-08-17T13:33:42Z,2026-08-17T15:33:42+0200,5bbffdc7-c3ab-4a18-a8bf-cc7d933ae677,2026-08-02T16:30:00Z,2026-08-02T18:30:00+0200,577.6,MW,FR,FR,actual_offshore_wind_generation,Wind Offshore | Actual Aggregated,2026-08-17T13:35:39Z
2026-08-17T13:33:42Z,2026-08-17T15:33:42+0200,5bbffdc7-c3ab-4a18-a8bf-cc7d933ae677,2026-08-02T16:45:00Z,2026-08-02T18:45:00+0200,556.31,MW,FR,FR,actual_offshore_wind_generation,Wind Offshore | Actual Aggregated,2026-08-17T13:35:39Z
2026-08-17T13:33:42Z,2026-08-17T15:33:42+0200,5bbffdc7-c3ab-4a18-a8bf-cc7d933ae677,2026-08-02T17:00:00Z,2026-08-02T19:00:00+0200,561.41,MW,FR,FR,actual_offshore_wind_generation,Wind Offshore | Actual Aggregated,2026-08-17T13:35:39Z
2026-08-17T13:33:42Z,2026-08-17T15:33:42+0200,5bbffdc7-c3ab-4a18-a8bf-cc7d933ae677,2026-08-02T17:15:00Z,2026-08-02T19:15:00+0200,592.9,MW,FR,FR,actual_offshore_wind_generation,Wind Offshore | Actual Aggregated,2026-08-17T13:35:39Z
2026-08-17T13:33:42Z,2026-08-17T15:33:42+0200,5bbffdc7-c3ab-4a18-a8bf-cc7d933ae677,2026-08-02T17:30:00Z,2026-08-02T19:30:00+0200,615.59,MW,FR,FR,actual_offshore_wind_generation,Wind Offshore | Actual Aggregated,2026-08-17T13:35:39Z
2026-08-17T13:33:42Z,2026-08-17T15:33:42+0200,5bbffdc7-c3ab-4a18-a8bf-cc7d933ae677,2026-08-02T17:45:00Z,2026-08-02T19:45:00+0200,669.95,MW,FR,FR,actual_offshore_wind_generation,Wind Offshore | Actual Aggregated,2026-08-17T13:35:39Z
2026-08-17T13:33:42Z,2026-08-17T15:33:42+0200,5bbffdc7-c3ab-4a18-a8bf-cc7d933ae677,2026-08-02T18:00:00Z,2026-08-02T20:00:00+0200,735.55,MW,FR,FR,actual_offshore_wind_generation,Wind Offshore | Actual Aggregated,2026-08-17T13:35:39Z
2026-08-17T13:33:42Z,2026-08-17T15:33:42+0200,5bbffdc7-c3ab-4a18-a8bf-cc7d933ae677,2026-08-02T18:15:00Z,2026-08-02T20:15:00+0200,806.67,MW,FR,FR,actual_offshore_wind_generation,Wind Offshore | Actual Aggregated,2026-08-17T13:35:39Z
2026-08-17T13:33:42Z,2026-08-17T15:33:42+0200,5bbffdc7-c3ab-4a18-a8bf-cc7d933ae677,2026-08-02T18:30:00Z,2026-08-02T20:30:00+0200,883.71,MW,FR,FR,actual_offshore_wind_generation,Wind Offshore | Actual Aggregated,2026-08-17T13:35:39Z
2026-08-17T13:33:42Z,2026-08-17T15:33:42+0200,5bbffdc7-c3ab-4a18-a8bf-cc7d933ae677,2026-08-02T18:45:00Z,2026-08-02T20:45:00+0200,916.58,MW,FR,FR,actual_offshore_wind_generation,Wind Offshore | Actual Aggregated,2026-08-17T13:35:39Z
2026-08-17T13:33:42Z,2026-08-17T15:33:42+0200,5bbffdc7-c3ab-4a18-a8bf-cc7d933ae677,2026-08-02T19:00:00Z,2026-08-02T21:00:00+0200,926.03,MW,FR,FR,actual_offshore_wind_generation,Wind Offshore | Actual Aggregated,2026-08-17T13:35:39Z
2026-08-17T13:33:42Z,2026-08-17T15:33:42+0200,5bbffdc7-c3ab-4a18-a8bf-cc7d933ae677,2026-08-02T19:15:00Z,2026-08-02T21:15:00+0200,915.8,MW,FR,FR,actual_offshore_wind_generation,Wind Offshore | Actual Aggregated,2026-08-17T13:35:39Z
2026-08-17T13:33:42Z,2026-08-17T15:33:42+0200,5bbffdc7-c3ab-4a18-a8bf-cc7d933ae677,2026-08-02T19:30:00Z,2026-08-02T21:30:00+0200,922.27,MW,FR,FR,actual_offshore_wind_generation,Wind Offshore | Actual Aggregated,2026-08-17T13:35:39Z
2026-08-17T13:33:42Z,2026-08-17T15:33:42+0200,5bbffdc7-c3ab-4a18-a8bf-cc7d933ae677,2026-08-02T19:45:00Z,2026-08-02T21:45:00+0200,954.81,MW,FR,FR,actual_offshore_wind_generation,Wind Offshore | Actual Aggregated,2026-08-17T13:35:39Z
2026-08-17T13:33:42Z,2026-08-17T15:33:42+0200,5bbffdc7-c3ab-4a18-a8bf-cc7d933ae677,2026-08-02T20:00:00Z,2026-08-02T22:00:00+0200,986.72,MW,FR,FR,actual_offshore_wind_generation,Wind Offshore | Actual Aggregated,2026-08-17T13:35:39Z
2026-08-17T13:33:42Z,2026-08-17T15:33:42+0200,5bbffdc7-c3ab-4a18-a8bf-cc7d933ae677,2026-08-02T20:15:00Z,2026-08-02T22:15:00+0200,965.97,MW,FR,FR,actual_offshore_wind_generation,Wind Offshore | Actual Aggregated,2026-08-17T13:35:39Z
2026-08-17T13:33:42Z,2026-08-17T15:33:42+0200,5bbffdc7-c3ab-4a18-a8bf-cc7d933ae677,2026-08-02T20:30:00Z,2026-08-02T22:30:00+0200,964.59,MW,FR,FR,actual_offshore_wind_generation,Wind Offshore | Actual Aggregated,2026-08-17T13:35:39Z
2026-08-17T13:33:42Z,2026-08-17T15:33:42+0200,5bbffdc7-c3ab-4a18-a8bf-cc7d933ae677,2026-08-02T20:45:00Z,2026-08-02T22:45:00+0200,974.83,MW,FR,FR,actual_offshore_wind_generation,Wind Offshore | Actual Aggregated,2026-08-17T13:35:39Z
2026-08-17T13:33:42Z,2026-08-17T15:33:42+0200,5bbffdc7-c3ab-4a18-a8bf-cc7d933ae677,2026-08-02T21:00:00Z,2026-08-02T23:00:00+0200,971.71,MW,FR,FR,actual_offshore_wind_generation,Wind Offshore | Actual Aggregated,2026-08-17T13:35:39Z
2026-08-17T13:33:42Z,2026-08-17T15:33:42+0200,5bbffdc7-c3ab-4a18-a8bf-cc7d933ae677,2026-08-02T21:15:00Z,2026-08-02T23:15:00+0200,986.81,MW,FR,FR,actual_offshore_wind_generation,Wind Offshore | Actual Aggregated,2026-08-17T13:35:39Z
2026-08-17T13:33:42Z,2026-08-17T15:33:42+0200,5bbffdc7-c3ab-4a18-a8bf-cc7d933ae677,2026-08-02T21:30:00Z,2026-08-02T23:30:00+0200,966.76,MW,FR,FR,actual_offshore_wind_generation,Wind Offshore | Actual Aggregated,2026-08-17T13:35:39Z
2026-08-17T13:33:42Z,2026-08-17T15:33:42+0200,5bbffdc7-c3ab-4a18-a8bf-cc7d933ae677,2026-08-02T21:45:00Z,2026-08-02T23:45:00+0200,863.44,MW,FR,FR,actual_offshore_wind_generation,Wind Offshore | Actual Aggregated,2026-08-17T13:35:39Z
2026-08-17T13:33:42Z,2026-08-17T15:33:42+0200,5bbffdc7-c3ab-4a18-a8bf-cc7d933ae677,2026-08-02T22:00:00Z,2026-08-03T00:00:00+0200,756.53,MW,FR,FR,actual_offshore_wind_generation,Wind Offshore | Actual Aggregated,2026-08-17T13:35:39Z
2026-08-17T13:33:42Z,2026-08-17T15:33:42+0200,5bbffdc7-c3ab-4a18-a8bf-cc7d933ae677,2026-08-02T22:15:00Z,2026-08-03T00:15:00+0200,732.64,MW,FR,FR,actual_offshore_wind_generation,Wind Offshore | Actual Aggregated,2026-08-17T13:35:39Z
2026-08-17T13:33:42Z,2026-08-17T15:33:42+0200,5bbffdc7-c3ab-4a18-a8bf-cc7d933ae677,2026-08-02T22:30:00Z,2026-08-03T00:30:00+0200,650.52,MW,FR,FR,actual_offshore_wind_generation,Wind Offshore | Actual Aggregated,2026-08-17T13:35:39Z
2026-08-17T13:33:42Z,2026-08-17T15:33:42+0200,5bbffdc7-c3ab-4a18-a8bf-cc7d933ae677,2026-08-02T22:45:00Z,2026-08-03T00:45:00+0200,625.38,MW,FR,FR,actual_offshore_wind_generation,Wind Offshore | Actual Aggregated,2026-08-17T13:35:39Z
2026-08-17T13:33:42Z,2026-08-17T15:33:42+0200,5bbffdc7-c3ab-4a18-a8bf-cc7d933ae677,2026-08-02T23:00:00Z,2026-08-03T01:00:00+0200,571.53,MW,FR,FR,actual_offshore_wind_generation,Wind Offshore | Actual Aggregated,2026-08-17T13:35:39Z
2026-08-17T13:33:42Z,2026-08-17T15:33:42+0200,5bbffdc7-c3ab-4a18-a8bf-cc7d933ae677,2026-08-02T23:15:00Z,2026-08-03T01:15:00+0200,521.95,MW,FR,FR,actual_offshore_wind_generation,Wind Offshore | Actual Aggregated,2026-08-17T13:35:39Z
2026-08-17T13:33:42Z,2026-08-17T15:33:42+0200,5bbffdc7-c3ab-4a18-a8bf-cc7d933ae677,2026-08-02T23:30:00Z,2026-08-03T01:30:00+0200,443.72,MW,FR,FR,actual_offshore_wind_generation,Wind Offshore | Actual Aggregated,2026-08-17T13:35:39Z
2026-08-17T13:33:42Z,2026-08-17T15:33:42+0200,5bbffdc7-c3ab-4a18-a8bf-cc7d933ae677,2026-08-02T23:45:00Z,2026-08-03T01:45:00+0200,391.27,MW,FR,FR,actual_offshore_wind_generation,Wind Offshore | Actual Aggregated,2026-08-17T13:35:39Z
2026-08-17T13:33:42Z,2026-08-17T15:33:42+0200,5bbffdc7-c3ab-4a18-a8bf-cc7d933ae677,2026-08-03T00:00:00Z,2026-08-03T02:00:00+0200,337.9,MW,FR,FR,actual_offshore_wind_generation,Wind Offshore | Actual Aggregated,2026-08-17T13:35:39Z
2026-08-17T13:33:42Z,2026-08-17T15:33:42+0200,5bbffdc7-c3ab-4a18-a8bf-cc7d933ae677,2026-08-03T00:15:00Z,2026-08-03T02:15:00+0200,292.95,MW,FR,FR,actual_offshore_wind_generation,Wind Offshore | Actual Aggregated,2026-08-17T13:35:39Z
2026-08-17T13:33:42Z,2026-08-17T15:33:42+0200,5bbffdc7-c3ab-4a18-a8bf-cc7d933ae677,2026-08-03T00:30:00Z,2026-08-03T02:30:00+0200,264.65,MW,FR,FR,actual_offshore_wind_generation,Wind Offshore | Actual Aggregated,2026-08-17T13:35:39Z
2026-08-17T13:33:42Z,2026-08-17T15:33:42+0200,5bbffdc7-c3ab-4a18-a8bf-cc7d933ae677,2026-08-03T00:45:00Z,2026-08-03T02:45:00+0200,259.91,MW,FR,FR,actual_offshore_wind_generation,Wind Offshore | Actual Aggregated,2026-08-17T13:35:39Z
2026-08-17T13:33:42Z,2026-08-17T15:33:42+0200,5bbffdc7-c3ab-4a18-a8bf-cc7d933ae677,2026-08-03T01:00:00Z,2026-08-03T03:00:00+0200,230.13,MW,FR,FR,actual_offshore_wind_generation,Wind Offshore | Actual Aggregated,2026-08-17T13:35:39Z
2026-08-17T13:33:42Z,2026-08-17T15:33:42+0200,5bbffdc7-c3ab-4a18-a8bf-cc7d933ae677,2026-08-03T01:15:00Z,2026-08-03T03:15:00+0200,204.14,MW,FR,FR,actual_offshore_wind_generation,Wind Offshore | Actual Aggregated,2026-08-17T13:35:39Z
2026-08-17T13:33:42Z,2026-08-17T15:33:42+0200,5bbffdc7-c3ab-4a18-a8bf-cc7d933ae677,2026-08-03T01:30:00Z,2026-08-03T03:30:00+0200,183.14,MW,FR,FR,actual_offshore_wind_generation,Wind Offshore | Actual Aggregated,2026-08-17T13:35:39Z
2026-08-17T13:33:42Z,2026-08-17T15:33:42+0200,5bbffdc7-c3ab-4a18-a8bf-cc7d933ae677,2026-08-03T01:45:00Z,2026-08-03T03:45:00+0200,157.48,MW,FR,FR,actual_offshore_wind_generation,Wind Offshore | Actual Aggregated,2026-08-17T13:35:39Z
2026-08-17T13:33:42Z,2026-08-17T15:33:42+0200,5bbffdc7-c3ab-4a18-a8bf-cc7d933ae677,2026-08-03T02:00:00Z,2026-08-03T04:00:00+0200,135.82,MW,FR,FR,actual_offshore_wind_generation,Wind Offshore | Actual Aggregated,2026-08-17T13:35:39Z
2026-08-17T13:33:42Z,2026-08-17T15:33:42+0200,5bbffdc7-c3ab-4a18-a8bf-cc7d933ae677,2026-08-03T02:15:00Z,2026-08-03T04:15:00+0200,121.24,MW,FR,FR,actual_offshore_wind_generation,Wind Offshore | Actual Aggregated,2026-08-17T13:35:39Z
2026-08-17T13:33:42Z,2026-08-17T15:33:42+0200,5bbffdc7-c3ab-4a18-a8bf-cc7d933ae677,2026-08-03T02:30:00Z,2026-08-03T04:30:00+0200,107.94,MW,FR,FR,actual_offshore_wind_generation,Wind Offshore | Actual Aggregated,2026-08-17T13:35:39Z
2026-08-17T13:33:42Z,2026-08-17T15:33:42+0200,5bbffdc7-c3ab-4a18-a8bf-cc7d933ae677,2026-08-03T02:45:00Z,2026-08-03T04:45:00+0200,100.1,MW,FR,FR,actual_offshore_wind_generation,Wind Offshore | Actual Aggregated,2026-08-17T13:35:39Z
2026-08-17T13:33:42Z,2026-08-17T15:33:42+0200,5bbffdc7-c3ab-4a18-a8bf-cc7d933ae677,2026-08-03T03:00:00Z,2026-08-03T05:00:00+0200,95.01,MW,FR,FR,actual_offshore_wind_generation,Wind Offshore | Actual Aggregated,2026-08-17T13:35:39Z
2026-08-17T13:33:42Z,2026-08-17T15:33:42+0200,5bbffdc7-c3ab-4a18-a8bf-cc7d933ae677,2026-08-03T03:15:00Z,2026-08-03T05:15:00+0200,98.56,MW,FR,FR,actual_offshore_wind_generation,Wind Offshore | Actual Aggregated,2026-08-17T13:35:39Z
2026-08-17T13:33:42Z,2026-08-17T15:33:42+0200,5bbffdc7-c3ab-4a18-a8bf-cc7d933ae677,2026-08-03T03:30:00Z,2026-08-03T05:30:00+0200,122.1,MW,FR,FR,actual_offshore_wind_generation,Wind Offshore | Actual Aggregated,2026-08-17T13:35:39Z
2026-08-17T13:33:42Z,2026-08-17T15:33:42+0200,5bbffdc7-c3ab-4a18-a8bf-cc7d933ae677,2026-08-03T03:45:00Z,2026-08-03T05:45:00+0200,126.99,MW,FR,FR,actual_offshore_wind_generation,Wind Offshore | Actual Aggregated,2026-08-17T13:35:39Z
2026-08-17T13:33:42Z,2026-08-17T15:33:42+0200,5bbffdc7-c3ab-4a18-a8bf-cc7d933ae677,2026-08-03T04:00:00Z,2026-08-03T06:00:00+0200,121.28,MW,FR,FR,actual_offshore_wind_generation,Wind Offshore | Actual Aggregated,2026-08-17T13:35:39Z
2026-08-17T13:33:42Z,2026-08-17T15:33:42+0200,5bbffdc7-c3ab-4a18-a8bf-cc7d933ae677,2026-08-03T04:15:00Z,2026-08-03T06:15:00+0200,92.4,MW,FR,FR,actual_offshore_wind_generation,Wind Offshore | Actual Aggregated,2026-08-17T13:35:39Z
2026-08-17T13:33:42Z,2026-08-17T15:33:42+0200,5bbffdc7-c3ab-4a18-a8bf-cc7d933ae677,2026-08-03T04:30:00Z,2026-08-03T06:30:00+0200,68.42,MW,FR,FR,actual_offshore_wind_generation,Wind Offshore | Actual Aggregated,2026-08-17T13:35:39Z
2026-08-17T13:33:42Z,2026-08-17T15:33:42+0200,5bbffdc7-c3ab-4a18-a8bf-cc7d933ae677,2026-08-03T04:45:00Z,2026-08-03T06:45:00+0200,52.85,MW,FR,FR,actual_offshore_wind_generation,Wind Offshore | Actual Aggregated,2026-08-17T13:35:39Z
2026-08-17T13:33:42Z,2026-08-17T15:33:42+0200,5bbffdc7-c3ab-4a18-a8bf-cc7d933ae677,2026-08-03T05:00:00Z,2026-08-03T07:00:00+0200,34.0,MW,FR,FR,actual_offshore_wind_generation,Wind Offshore | Actual Aggregated,2026-08-17T13:35:39Z
2026-08-17T13:33:42Z,2026-08-17T15:33:42+0200,5bbffdc7-c3ab-4a18-a8bf-cc7d933ae677,2026-08-03T05:15:00Z,2026-08-03T07:15:00+0200,21.91,MW,FR,FR,actual_offshore_wind_generation,Wind Offshore | Actual Aggregated,2026-08-17T13:35:39Z
2026-08-17T13:33:42Z,2026-08-17T15:33:42+0200,5bbffdc7-c3ab-4a18-a8bf-cc7d933ae677,2026-08-03T05:30:00Z,2026-08-03T07:30:00+0200,20.6,MW,FR,FR,actual_offshore_wind_generation,Wind Offshore | Actual Aggregated,2026-08-17T13:35:39Z
2026-08-17T13:33:42Z,2026-08-17T15:33:42+0200,5bbffdc7-c3ab-4a18-a8bf-cc7d933ae677,2026-08-03T05:45:00Z,2026-08-03T07:45:00+0200,9.6,MW,FR,FR,actual_offshore_wind_generation,Wind Offshore | Actual Aggregated,2026-08-17T13:35:39Z
2026-08-17T13:33:42Z,2026-08-17T15:33:42+0200,5bbffdc7-c3ab-4a18-a8bf-cc7d933ae677,2026-08-03T06:00:00Z,2026-08-03T08:00:00+0200,4.34,MW,FR,FR,actual_offshore_wind_generation,Wind Offshore | Actual Aggregated,2026-08-17T13:35:39Z
2026-08-17T13:33:42Z,2026-08-17T15:33:42+0200,5bbffdc7-c3ab-4a18-a8bf-cc7d933ae677,2026-08-03T06:15:00Z,2026-08-03T08:15:00+0200,9.52,MW,FR,FR,actual_offshore_wind_generation,Wind Offshore | Actual Aggregated,2026-08-17T13:35:39Z
2026-08-17T13:33:42Z,2026-08-17T15:33:42+0200,5bbffdc7-c3ab-4a18-a8bf-cc7d933ae677,2026-08-03T06:30:00Z,2026-08-03T08:30:00+0200,9.5,MW,FR,FR,actual_offshore_wind_generation,Wind Offshore | Actual Aggregated,2026-08-17T13:35:39Z
2026-08-17T13:33:42Z,2026-08-17T15:33:42+0200,5bbffdc7-c3ab-4a18-a8bf-cc7d933ae677,2026-08-03T06:45:00Z,2026-08-03T08:45:00+0200,2.84,MW,FR,FR,actual_offshore_wind_generation,Wind Offshore | Actual Aggregated,2026-08-17T13:35:39Z
2026-08-17T13:33:42Z,2026-08-17T15:33:42+0200,5bbffdc7-c3ab-4a18-a8bf-cc7d933ae677,2026-08-03T07:00:00Z,2026-08-03T09:00:00+0200,1.69,MW,FR,FR,actual_offshore_wind_generation,Wind Offshore | Actual Aggregated,2026-08-17T13:35:39Z
2026-08-17T13:33:42Z,2026-08-17T15:33:42+0200,5bbffdc7-c3ab-4a18-a8bf-cc7d933ae677,2026-08-03T07:15:00Z,2026-08-03T09:15:00+0200,3.8,MW,FR,FR,actual_offshore_wind_generation,Wind Offshore | Actual Consumption,2026-08-17T13:35:39Z
2026-08-17T13:33:42Z,2026-08-17T15:33:42+0200,5bbffdc7-c3ab-4a18-a8bf-cc7d933ae677,2026-08-03T07:30:00Z,2026-08-03T09:30:00+0200,4.17,MW,FR,FR,actual_offshore_wind_generation,Wind Offshore | Actual Consumption,2026-08-17T13:35:39Z
2026-08-17T13:33:42Z,2026-08-17T15:33:42+0200,5bbffdc7-c3ab-4a18-a8bf-cc7d933ae677,2026-08-03T07:45:00Z,2026-08-03T09:45:00+0200,2.1,MW,FR,FR,actual_offshore_wind_generation,Wind Offshore | Actual Consumption,2026-08-17T13:35:39Z
2026-08-17T13:33:42Z,2026-08-17T15:33:42+0200,5bbffdc7-c3ab-4a18-a8bf-cc7d933ae677,2026-08-03T08:00:00Z,2026-08-03T10:00:00+0200,2.25,MW,FR,FR,actual_offshore_wind_generation,Wind Offshore | Actual Consumption,2026-08-17T13:35:39Z
2026-08-17T13:33:42Z,2026-08-17T15:33:42+0200,5bbffdc7-c3ab-4a18-a8bf-cc7d933ae677,2026-08-03T08:15:00Z,2026-08-03T10:15:00+0200,1.29,MW,FR,FR,actual_offshore_wind_generation,Wind Offshore | Actual Consumption,2026-08-17T13:35:39Z
2026-08-17T13:33:42Z,2026-08-17T15:33:42+0200,5bbffdc7-c3ab-4a18-a8bf-cc7d933ae677,2026-08-03T08:30:00Z,2026-08-03T10:30:00+0200,5.09,MW,FR,FR,actual_offshore_wind_generation,Wind Offshore | Actual Aggregated,2026-08-17T13:35:39Z
2026-08-17T13:33:42Z,2026-08-17T15:33:42+0200,5bbffdc7-c3ab-4a18-a8bf-cc7d933ae677,2026-08-03T08:45:00Z,2026-08-03T10:45:00+0200,13.74,MW,FR,FR,actual_offshore_wind_generation,Wind Offshore | Actual Aggregated,2026-08-17T13:35:39Z
2026-08-17T13:33:42Z,2026-08-17T15:33:42+0200,5bbffdc7-c3ab-4a18-a8bf-cc7d933ae677,2026-08-03T09:00:00Z,2026-08-03T11:00:00+0200,18.39,MW,FR,FR,actual_offshore_wind_generation,Wind Offshore | Actual Aggregated,2026-08-17T13:35:39Z
2026-08-17T13:33:42Z,2026-08-17T15:33:42+0200,5bbffdc7-c3ab-4a18-a8bf-cc7d933ae677,2026-08-03T09:15:00Z,2026-08-03T11:15:00+0200,24.58,MW,FR,FR,actual_offshore_wind_generation,Wind Offshore | Actual Aggregated,2026-08-17T13:35:39Z
2026-08-17T13:33:42Z,2026-08-17T15:33:42+0200,5bbffdc7-c3ab-4a18-a8bf-cc7d933ae677,2026-08-03T09:30:00Z,2026-08-03T11:30:00+0200,31.29,MW,FR,FR,actual_offshore_wind_generation,Wind Offshore | Actual Aggregated,2026-08-17T13:35:39Z
2026-08-17T13:33:42Z,2026-08-17T15:33:42+0200,5bbffdc7-c3ab-4a18-a8bf-cc7d933ae677,2026-08-03T09:45:00Z,2026-08-03T11:45:00+0200,37.75,MW,FR,FR,actual_offshore_wind_generation,Wind Offshore | Actual Aggregated,2026-08-17T13:35:39Z
2026-08-17T13:33:42Z,2026-08-17T15:33:42+0200,5bbffdc7-c3ab-4a18-a8bf-cc7d933ae677,2026-08-03T10:00:00Z,2026-08-03T12:00:00+0200,54.85,MW,FR,FR,actual_offshore_wind_generation,Wind Offshore | Actual Aggregated,2026-08-17T13:35:39Z
2026-08-17T13:33:42Z,2026-08-17T15:33:42+0200,5bbffdc7-c3ab-4a18-a8bf-cc7d933ae677,2026-08-03T10:15:00Z,2026-08-03T12:15:00+0200,85.93,MW,FR,FR,actual_offshore_wind_generation,Wind Offshore | Actual Aggregated,2026-08-17T13:35:39Z
2026-08-17T13:33:42Z,2026-08-17T15:33:42+0200,5bbffdc7-c3ab-4a18-a8bf-cc7d933ae677,2026-08-03T10:30:00Z,2026-08-03T12:30:00+0200,105.71,MW,FR,FR,actual_offshore_wind_generation,Wind Offshore | Actual Aggregated,2026-08-17T13:35:39Z
2026-08-17T13:33:42Z,2026-08-17T15:33:42+0200,5bbffdc7-c3ab-4a18-a8bf-cc7d933ae677,2026-08-03T10:45:00Z,2026-08-03T12:45:00+0200,129.01,MW,FR,FR,actual_offshore_wind_generation,Wind Offshore | Actual Aggregated,2026-08-17T13:35:39Z
2026-08-17T13:33:42Z,2026-08-17T15:33:42+0200,5bbffdc7-c3ab-4a18-a8bf-cc7d933ae677,2026-08-03T11:00:00Z,2026-08-03T13:00:00+0200,145.26,MW,FR,FR,actual_offshore_wind_generation,Wind Offshore | Actual Aggregated,2026-08-17T13:35:39Z
2026-08-17T13:33:42Z,2026-08-17T15:33:42+0200,5bbffdc7-c3ab-4a18-a8bf-cc7d933ae677,2026-08-03T11:15:00Z,2026-08-03T13:15:00+0200,166.39,MW,FR,FR,actual_offshore_wind_generation,Wind Offshore | Actual Aggregated,2026-08-17T13:35:39Z
2026-08-17T13:33:42Z,2026-08-17T15:33:42+0200,5bbffdc7-c3ab-4a18-a8bf-cc7d933ae677,2026-08-03T11:30:00Z,2026-08-03T13:30:00+0200,198.64,MW,FR,FR,actual_offshore_wind_generation,Wind Offshore | Actual Aggregated,2026-08-17T13:35:39Z
2026-08-17T13:33:42Z,2026-08-17T15:33:42+0200,5bbffdc7-c3ab-4a18-a8bf-cc7d933ae677,2026-08-03T11:45:00Z,2026-08-03T13:45:00+0200,223.11,MW,FR,FR,actual_offshore_wind_generation,Wind Offshore | Actual Aggregated,2026-08-17T13:35:39Z
2026-08-17T13:33:42Z,2026-08-17T15:33:42+0200,5bbffdc7-c3ab-4a18-a8bf-cc7d933ae677,2026-08-03T12:00:00Z,2026-08-03T14:00:00+0200,249.4,MW,FR,FR,actual_offshore_wind_generation,Wind Offshore | Actual Aggregated,2026-08-17T13:35:39Z
2026-08-17T13:33:42Z,2026-08-17T15:33:42+0200,5bbffdc7-c3ab-4a18-a8bf-cc7d933ae677,2026-08-03T12:15:00Z,2026-08-03T14:15:00+0200,281.7,MW,FR,FR,actual_offshore_wind_generation,Wind Offshore | Actual Aggregated,2026-08-17T13:35:39Z
2026-08-17T13:33:42Z,2026-08-17T15:33:42+0200,5bbffdc7-c3ab-4a18-a8bf-cc7d933ae677,2026-08-03T12:30:00Z,2026-08-03T14:30:00+0200,286.32,MW,FR,FR,actual_offshore_wind_generation,Wind Offshore | Actual Aggregated,2026-08-17T13:35:39Z
2026-08-17T13:33:42Z,2026-08-17T15:33:42+0200,5bbffdc7-c3ab-4a18-a8bf-cc7d933ae677,2026-08-03T12:45:00Z,2026-08-03T14:45:00+0200,266.61,MW,FR,FR,actual_offshore_wind_generation,Wind Offshore | Actual Aggregated,2026-08-17T13:35:39Z
2026-08-17T13:33:42Z,2026-08-17T15:33:42+0200,5bbffdc7-c3ab-4a18-a8bf-cc7d933ae677,2026-08-03T13:00:00Z,2026-08-03T15:00:00+0200,241.25,MW,FR,FR,actual_offshore_wind_generation,Wind Offshore | Actual Aggregated,2026-08-17T13:35:39Z
2026-08-17T13:33:42Z,2026-08-17T15:33:42+0200,5bbffdc7-c3ab-4a18-a8bf-cc7d933ae677,2026-08-03T13:15:00Z,2026-08-03T15:15:00+0200,219.38,MW,FR,FR,actual_offshore_wind_generation,Wind Offshore | Actual Aggregated,2026-08-17T13:35:39Z
2026-08-17T13:33:42Z,2026-08-17T15:33:42+0200,5bbffdc7-c3ab-4a18-a8bf-cc7d933ae677,2026-08-03T13:30:00Z,2026-08-03T15:30:00+0200,224.53,MW,FR,FR,actual_offshore_wind_generation,Wind Offshore | Actual Aggregated,2026-08-17T13:35:39Z
2026-08-17T13:33:42Z,2026-08-17T15:33:42+0200,5bbffdc7-c3ab-4a18-a8bf-cc7d933ae677,2026-08-03T13:45:00Z,2026-08-03T15:45:00+0200,247.38,MW,FR,FR,actual_offshore_wind_generation,Wind Offshore | Actual Aggregated,2026-08-17T13:35:39Z
2026-08-17T13:33:42Z,2026-08-17T15:33:42+0200,5bbffdc7-c3ab-4a18-a8bf-cc7d933ae677,2026-08-03T14:00:00Z,2026-08-03T16:00:00+0200,281.13,MW,FR,FR,actual_offshore_wind_generation,Wind Offshore | Actual Aggregated,2026-08-17T13:35:39Z
2026-08-17T13:33:42Z,2026-08-17T15:33:42+0200,5bbffdc7-c3ab-4a18-a8bf-cc7d933ae677,2026-08-03T14:15:00Z,2026-08-03T16:15:00+0200,302.34,MW,FR,FR,actual_offshore_wind_generation,Wind Offshore | Actual Aggregated,2026-08-17T13:35:39Z
2026-08-17T13:33:42Z,2026-08-17T15:33:42+0200,5bbffdc7-c3ab-4a18-a8bf-cc7d933ae677,2026-08-03T14:30:00Z,2026-08-03T16:30:00+0200,326.47,MW,FR,FR,actual_offshore_wind_generation,Wind Offshore | Actual Aggregated,2026-08-17T13:35:39Z
2026-08-17T13:33:42Z,2026-08-17T15:33:42+0200,5bbffdc7-c3ab-4a18-a8bf-cc7d933ae677,2026-08-03T14:45:00Z,2026-08-03T16:45:00+0200,317.07,MW,FR,FR,actual_offshore_wind_generation,Wind Offshore | Actual Aggregated,2026-08-17T13:35:39Z
2026-08-17T13:33:42Z,2026-08-17T15:33:42+0200,5bbffdc7-c3ab-4a18-a8bf-cc7d933ae677,2026-08-03T15:00:00Z,2026-08-03T17:00:00+0200,294.63,MW,FR,FR,actual_offshore_wind_generation,Wind Offshore | Actual Aggregated,2026-08-17T13:35:39Z
2026-08-17T13:33:42Z,2026-08-17T15:33:42+0200,5bbffdc7-c3ab-4a18-a8bf-cc7d933ae677,2026-08-03T15:15:00Z,2026-08-03T17:15:00+0200,305.7,MW,FR,FR,actual_offshore_wind_generation,Wind Offshore | Actual Aggregated,2026-08-17T13:35:39Z
2026-08-17T13:33:42Z,2026-08-17T15:33:42+0200,5bbffdc7-c3ab-4a18-a8bf-cc7d933ae677,2026-08-03T15:30:00Z,2026-08-03T17:30:00+0200,300.43,MW,FR,FR,actual_offshore_wind_generation,Wind Offshore | Actual Aggregated,2026-08-17T13:35:39Z
2026-08-17T13:33:42Z,2026-08-17T15:33:42+0200,5bbffdc7-c3ab-4a18-a8bf-cc7d933ae677,2026-08-03T15:45:00Z,2026-08-03T17:45:00+0200,286.98,MW,FR,FR,actual_offshore_wind_generation,Wind Offshore | Actual Aggregated,2026-08-17T13:35:39Z
2026-08-17T13:33:42Z,2026-08-17T15:33:42+0200,5bbffdc7-c3ab-4a18-a8bf-cc7d933ae677,2026-08-03T16:00:00Z,2026-08-03T18:00:00+0200,288.51,MW,FR,FR,actual_offshore_wind_generation,Wind Offshore | Actual Aggregated,2026-08-17T13:35:39Z
2026-08-17T13:33:42Z,2026-08-17T15:33:42+0200,5bbffdc7-c3ab-4a18-a8bf-cc7d933ae677,2026-08-03T16:15:00Z,2026-08-03T18:15:00+0200,318.01,MW,FR,FR,actual_offshore_wind_generation,Wind Offshore | Actual Aggregated,2026-08-17T13:35:39Z
2026-08-17T13:33:42Z,2026-08-17T15:33:42+0200,5bbffdc7-c3ab-4a18-a8bf-cc7d933ae677,2026-08-03T16:30:00Z,2026-08-03T18:30:00+0200,369.84,MW,FR,FR,actual_offshore_wind_generation,Wind Offshore | Actual Aggregated,2026-08-17T13:35:39Z
2026-08-17T13:33:42Z,2026-08-17T15:33:42+0200,5bbffdc7-c3ab-4a18-a8bf-cc7d933ae677,2026-08-03T16:45:00Z,2026-08-03T18:45:00+0200,389.11,MW,FR,FR,actual_offshore_wind_generation,Wind Offshore | Actual Aggregated,2026-08-17T13:35:39Z
2026-08-17T13:33:42Z,2026-08-17T15:33:42+0200,5bbffdc7-c3ab-4a18-a8bf-cc7d933ae677,2026-08-03T17:00:00Z,2026-08-03T19:00:00+0200,378.31,MW,FR,FR,actual_offshore_wind_generation,Wind Offshore | Actual Aggregated,2026-08-17T13:35:39Z
2026-08-17T13:33:42Z,2026-08-17T15:33:42+0200,5bbffdc7-c3ab-4a18-a8bf-cc7d933ae677,2026-08-03T17:15:00Z,2026-08-03T19:15:00+0200,418.04,MW,FR,FR,actual_offshore_wind_generation,Wind Offshore | Actual Aggregated,2026-08-17T13:35:39Z
2026-08-17T13:33:42Z,2026-08-17T15:33:42+0200,5bbffdc7-c3ab-4a18-a8bf-cc7d933ae677,2026-08-03T17:30:00Z,2026-08-03T19:30:00+0200,392.47,MW,FR,FR,actual_offshore_wind_generation,Wind Offshore | Actual Aggregated,2026-08-17T13:35:39Z
2026-08-17T13:33:42Z,2026-08-17T15:33:42+0200,5bbffdc7-c3ab-4a18-a8bf-cc7d933ae677,2026-08-03T17:45:00Z,2026-08-03T19:45:00+0200,382.99,MW,FR,FR,actual_offshore_wind_generation,Wind Offshore | Actual Aggregated,2026-08-17T13:35:39Z
2026-08-17T13:33:42Z,2026-08-17T15:33:42+0200,5bbffdc7-c3ab-4a18-a8bf-cc7d933ae677,2026-08-03T18:00:00Z,2026-08-03T20:00:00+0200,358.22,MW,FR,FR,actual_offshore_wind_generation,Wind Offshore | Actual Aggregated,2026-08-17T13:35:39Z
2026-08-17T13:33:42Z,2026-08-17T15:33:42+0200,5bbffdc7-c3ab-4a18-a8bf-cc7d933ae677,2026-08-03T18:15:00Z,2026-08-03T20:15:00+0200,303.65,MW,FR,FR,actual_offshore_wind_generation,Wind Offshore | Actual Aggregated,2026-08-17T13:35:39Z
2026-08-17T13:33:42Z,2026-08-17T15:33:42+0200,5bbffdc7-c3ab-4a18-a8bf-cc7d933ae677,2026-08-03T18:30:00Z,2026-08-03T20:30:00+0200,280.49,MW,FR,FR,actual_offshore_wind_generation,Wind Offshore | Actual Aggregated,2026-08-17T13:35:39Z
2026-08-17T13:33:42Z,2026-08-17T15:33:42+0200,5bbffdc7-c3ab-4a18-a8bf-cc7d933ae677,2026-08-03T18:45:00Z,2026-08-03T20:45:00+0200,267.24,MW,FR,FR,actual_offshore_wind_generation,Wind Offshore | Actual Aggregated,2026-08-17T13:35:39Z
2026-08-17T13:33:42Z,2026-08-17T15:33:42+0200,5bbffdc7-c3ab-4a18-a8bf-cc7d933ae677,2026-08-03T19:00:00Z,2026-08-03T21:00:00+0200,268.55,MW,FR,FR,actual_offshore_wind_generation,Wind Offshore | Actual Aggregated,2026-08-17T13:35:39Z
2026-08-17T13:33:42Z,2026-08-17T15:33:42+0200,5bbffdc7-c3ab-4a18-a8bf-cc7d933ae677,2026-08-03T19:15:00Z,2026-08-03T21:15:00+0200,258.02,MW,FR,FR,actual_offshore_wind_generation,Wind Offshore | Actual Aggregated,2026-08-17T13:35:39Z
2026-08-17T13:33:42Z,2026-08-17T15:33:42+0200,5bbffdc7-c3ab-4a18-a8bf-cc7d933ae677,2026-08-03T19:30:00Z,2026-08-03T21:30:00+0200,227.99,MW,FR,FR,actual_offshore_wind_generation,Wind Offshore | Actual Aggregated,2026-08-17T13:35:39Z
2026-08-17T13:33:42Z,2026-08-17T15:33:42+0200,5bbffdc7-c3ab-4a18-a8bf-cc7d933ae677,2026-08-03T19:45:00Z,2026-08-03T21:45:00+0200,206.16,MW,FR,FR,actual_offshore_wind_generation,Wind Offshore | Actual Aggregated,2026-08-17T13:35:39Z
2026-08-17T13:33:42Z,2026-08-17T15:33:42+0200,5bbffdc7-c3ab-4a18-a8bf-cc7d933ae677,2026-08-03T20:00:00Z,2026-08-03T22:00:00+0200,197.85,MW,FR,FR,actual_offshore_wind_generation,Wind Offshore | Actual Aggregated,2026-08-17T13:35:39Z
2026-08-17T13:33:42Z,2026-08-17T15:33:42+0200,5bbffdc7-c3ab-4a18-a8bf-cc7d933ae677,2026-08-03T20:15:00Z,2026-08-03T22:15:00+0200,198.22,MW,FR,FR,actual_offshore_wind_generation,Wind Offshore | Actual Aggregated,2026-08-17T13:35:39Z
2026-08-17T13:33:42Z,2026-08-17T15:33:42+0200,5bbffdc7-c3ab-4a18-a8bf-cc7d933ae677,2026-08-03T20:30:00Z,2026-08-03T22:30:00+0200,200.12,MW,FR,FR,actual_offshore_wind_generation,Wind Offshore | Actual Aggregated,2026-08-17T13:35:39Z
2026-08-17T13:33:42Z,2026-08-17T15:33:42+0200,5bbffdc7-c3ab-4a18-a8bf-cc7d933ae677,2026-08-03T20:45:00Z,2026-08-03T22:45:00+0200,214.11,MW,FR,FR,actual_offshore_wind_generation,Wind Offshore | Actual Aggregated,2026-08-17T13:35:39Z
2026-08-17T13:33:42Z,2026-08-17T15:33:42+0200,5bbffdc7-c3ab-4a18-a8bf-cc7d933ae677,2026-08-03T21:00:00Z,2026-08-03T23:00:00+0200,249.26,MW,FR,FR,actual_offshore_wind_generation,Wind Offshore | Actual Aggregated,2026-08-17T13:35:39Z
2026-08-17T13:33:42Z,2026-08-17T15:33:42+0200,5bbffdc7-c3ab-4a18-a8bf-cc7d933ae677,2026-08-03T21:15:00Z,2026-08-03T23:15:00+0200,251.71,MW,FR,FR,actual_offshore_wind_generation,Wind Offshore | Actual Aggregated,2026-08-17T13:35:39Z
2026-08-17T13:33:42Z,2026-08-17T15:33:42+0200,5bbffdc7-c3ab-4a18-a8bf-cc7d933ae677,2026-08-03T21:30:00Z,2026-08-03T23:30:00+0200,238.39,MW,FR,FR,actual_offshore_wind_generation,Wind Offshore | Actual Aggregated,2026-08-17T13:35:39Z
2026-08-17T13:33:42Z,2026-08-17T15:33:42+0200,5bbffdc7-c3ab-4a18-a8bf-cc7d933ae677,2026-08-03T21:45:00Z,2026-08-03T23:45:00+0200,199.72,MW,FR,FR,actual_offshore_wind_generation,Wind Offshore | Actual Aggregated,2026-08-17T13:35:39Z
2026-08-17T13:33:42Z,2026-08-17T15:33:42+0200,5bbffdc7-c3ab-4a18-a8bf-cc7d933ae677,2026-08-03T22:00:00Z,2026-08-04T00:00:00+0200,204.54,MW,FR,FR,actual_offshore_wind_generation,Wind Offshore | Actual Aggregated,2026-08-17T13:35:39Z
2026-08-17T13:33:42Z,2026-08-17T15:33:42+0200,5bbffdc7-c3ab-4a18-a8bf-cc7d933ae677,2026-08-03T22:15:00Z,2026-08-04T00:15:00+0200,206.56,MW,FR,FR,actual_offshore_wind_generation,Wind Offshore | Actual Aggregated,2026-08-17T13:35:39Z
2026-08-17T13:33:42Z,2026-08-17T15:33:42+0200,5bbffdc7-c3ab-4a18-a8bf-cc7d933ae677,2026-08-03T22:30:00Z,2026-08-04T00:30:00+0200,225.32,MW,FR,FR,actual_offshore_wind_generation,Wind Offshore | Actual Aggregated,2026-08-17T13:35:39Z
2026-08-17T13:33:42Z,2026-08-17T15:33:42+0200,5bbffdc7-c3ab-4a18-a8bf-cc7d933ae677,2026-08-03T22:45:00Z,2026-08-04T00:45:00+0200,285.84,MW,FR,FR,actual_offshore_wind_generation,Wind Offshore | Actual Aggregated,2026-08-17T13:35:39Z
2026-08-17T13:33:42Z,2026-08-17T15:33:42+0200,5bbffdc7-c3ab-4a18-a8bf-cc7d933ae677,2026-08-03T23:00:00Z,2026-08-04T01:00:00+0200,352.5,MW,FR,FR,actual_offshore_wind_generation,Wind Offshore | Actual Aggregated,2026-08-17T13:35:39Z
2026-08-17T13:33:42Z,2026-08-17T15:33:42+0200,5bbffdc7-c3ab-4a18-a8bf-cc7d933ae677,2026-08-03T23:15:00Z,2026-08-04T01:15:00+0200,396.91,MW,FR,FR,actual_offshore_wind_generation,Wind Offshore | Actual Aggregated,2026-08-17T13:35:39Z
2026-08-17T13:33:42Z,2026-08-17T15:33:42+0200,5bbffdc7-c3ab-4a18-a8bf-cc7d933ae677,2026-08-03T23:30:00Z,2026-08-04T01:30:00+0200,417.81,MW,FR,FR,actual_offshore_wind_generation,Wind Offshore | Actual Aggregated,2026-08-17T13:35:39Z
2026-08-17T13:33:42Z,2026-08-17T15:33:42+0200,5bbffdc7-c3ab-4a18-a8bf-cc7d933ae677,2026-08-03T23:45:00Z,2026-08-04T01:45:00+0200,421.08,MW,FR,FR,actual_offshore_wind_generation,Wind Offshore | Actual Aggregated,2026-08-17T13:35:39Z
2026-08-17T13:33:42Z,2026-08-17T15:33:42+0200,5bbffdc7-c3ab-4a18-a8bf-cc7d933ae677,2026-08-04T00:00:00Z,2026-08-04T02:00:00+0200,426.74,MW,FR,FR,actual_offshore_wind_generation,Wind Offshore | Actual Aggregated,2026-08-17T13:35:39Z
2026-08-17T13:33:42Z,2026-08-17T15:33:42+0200,5bbffdc7-c3ab-4a18-a8bf-cc7d933ae677,2026-08-04T00:15:00Z,2026-08-04T02:15:00+0200,397.67,MW,FR,FR,actual_offshore_wind_generation,Wind Offshore | Actual Aggregated,2026-08-17T13:35:39Z
2026-08-17T13:33:42Z,2026-08-17T15:33:42+0200,5bbffdc7-c3ab-4a18-a8bf-cc7d933ae677,2026-08-04T00:30:00Z,2026-08-04T02:30:00+0200,374.29,MW,FR,FR,actual_offshore_wind_generation,Wind Offshore | Actual Aggregated,2026-08-17T13:35:39Z
2026-08-17T13:33:42Z,2026-08-17T15:33:42+0200,5bbffdc7-c3ab-4a18-a8bf-cc7d933ae677,2026-08-04T00:45:00Z,2026-08-04T02:45:00+0200,392.39,MW,FR,FR,actual_offshore_wind_generation,Wind Offshore | Actual Aggregated,2026-08-17T13:35:39Z
2026-08-17T13:33:42Z,2026-08-17T15:33:42+0200,5bbffdc7-c3ab-4a18-a8bf-cc7d933ae677,2026-08-04T01:00:00Z,2026-08-04T03:00:00+0200,354.83,MW,FR,FR,actual_offshore_wind_generation,Wind Offshore | Actual Aggregated,2026-08-17T13:35:39Z
2026-08-17T13:33:42Z,2026-08-17T15:33:42+0200,5bbffdc7-c3ab-4a18-a8bf-cc7d933ae677,2026-08-04T01:15:00Z,2026-08-04T03:15:00+0200,338.87,MW,FR,FR,actual_offshore_wind_generation,Wind Offshore | Actual Aggregated,2026-08-17T13:35:39Z
2026-08-17T13:33:42Z,2026-08-17T15:33:42+0200,5bbffdc7-c3ab-4a18-a8bf-cc7d933ae677,2026-08-04T01:30:00Z,2026-08-04T03:30:00+0200,315.57,MW,FR,FR,actual_offshore_wind_generation,Wind Offshore | Actual Aggregated,2026-08-17T13:35:39Z
2026-08-17T13:33:42Z,2026-08-17T15:33:42+0200,5bbffdc7-c3ab-4a18-a8bf-cc7d933ae677,2026-08-04T01:45:00Z,2026-08-04T03:45:00+0200,294.48,MW,FR,FR,actual_offshore_wind_generation,Wind Offshore | Actual Aggregated,2026-08-17T13:35:39Z
2026-08-17T13:33:42Z,2026-08-17T15:33:42+0200,5bbffdc7-c3ab-4a18-a8bf-cc7d933ae677,2026-08-04T02:00:00Z,2026-08-04T04:00:00+0200,293.28,MW,FR,FR,actual_offshore_wind_generation,Wind Offshore | Actual Aggregated,2026-08-17T13:35:39Z
2026-08-17T13:33:42Z,2026-08-17T15:33:42+0200,5bbffdc7-c3ab-4a18-a8bf-cc7d933ae677,2026-08-04T02:15:00Z,2026-08-04T04:15:00+0200,269.13,MW,FR,FR,actual_offshore_wind_generation,Wind Offshore | Actual Aggregated,2026-08-17T13:35:39Z
2026-08-17T13:33:42Z,2026-08-17T15:33:42+0200,5bbffdc7-c3ab-4a18-a8bf-cc7d933ae677,2026-08-04T02:30:00Z,2026-08-04T04:30:00+0200,254.62,MW,FR,FR,actual_offshore_wind_generation,Wind Offshore | Actual Aggregated,2026-08-17T13:35:39Z
2026-08-17T13:33:42Z,2026-08-17T15:33:42+0200,5bbffdc7-c3ab-4a18-a8bf-cc7d933ae677,2026-08-04T02:45:00Z,2026-08-04T04:45:00+0200,239.28,MW,FR,FR,actual_offshore_wind_generation,Wind Offshore | Actual Aggregated,2026-08-17T13:35:39Z
2026-08-17T13:33:42Z,2026-08-17T15:33:42+0200,5bbffdc7-c3ab-4a18-a8bf-cc7d933ae677,2026-08-04T03:00:00Z,2026-08-04T05:00:00+0200,271.8,MW,FR,FR,actual_offshore_wind_generation,Wind Offshore | Actual Aggregated,2026-08-17T13:35:39Z
2026-08-17T13:33:42Z,2026-08-17T15:33:42+0200,5bbffdc7-c3ab-4a18-a8bf-cc7d933ae677,2026-08-04T03:15:00Z,2026-08-04T05:15:00+0200,272.5,MW,FR,FR,actual_offshore_wind_generation,Wind Offshore | Actual Aggregated,2026-08-17T13:35:39Z
2026-08-17T13:33:42Z,2026-08-17T15:33:42+0200,5bbffdc7-c3ab-4a18-a8bf-cc7d933ae677,2026-08-04T03:30:00Z,2026-08-04T05:30:00+0200,231.04,MW,FR,FR,actual_offshore_wind_generation,Wind Offshore | Actual Aggregated,2026-08-17T13:35:39Z
2026-08-17T13:33:42Z,2026-08-17T15:33:42+0200,5bbffdc7-c3ab-4a18-a8bf-cc7d933ae677,2026-08-04T03:45:00Z,2026-08-04T05:45:00+0200,207.97,MW,FR,FR,actual_offshore_wind_generation,Wind Offshore | Actual Aggregated,2026-08-17T13:35:39Z
2026-08-17T13:33:42Z,2026-08-17T15:33:42+0200,5bbffdc7-c3ab-4a18-a8bf-cc7d933ae677,2026-08-04T04:00:00Z,2026-08-04T06:00:00+0200,236.12,MW,FR,FR,actual_offshore_wind_generation,Wind Offshore | Actual Aggregated,2026-08-17T13:35:39Z
2026-08-17T13:33:42Z,2026-08-17T15:33:42+0200,5bbffdc7-c3ab-4a18-a8bf-cc7d933ae677,2026-08-04T04:15:00Z,2026-08-04T06:15:00+0200,265.17,MW,FR,FR,actual_offshore_wind_generation,Wind Offshore | Actual Aggregated,2026-08-17T13:35:39Z
2026-08-17T13:33:42Z,2026-08-17T15:33:42+0200,5bbffdc7-c3ab-4a18-a8bf-cc7d933ae677,2026-08-04T04:30:00Z,2026-08-04T06:30:00+0200,244.17,MW,FR,FR,actual_offshore_wind_generation,Wind Offshore | Actual Aggregated,2026-08-17T13:35:39Z
2026-08-17T13:33:42Z,2026-08-17T15:33:42+0200,5bbffdc7-c3ab-4a18-a8bf-cc7d933ae677,2026-08-04T04:45:00Z,2026-08-04T06:45:00+0200,240.38,MW,FR,FR,actual_offshore_wind_generation,Wind Offshore | Actual Aggregated,2026-08-17T13:35:39Z
2026-08-17T13:33:42Z,2026-08-17T15:33:42+0200,5bbffdc7-c3ab-4a18-a8bf-cc7d933ae677,2026-08-04T05:00:00Z,2026-08-04T07:00:00+0200,235.42,MW,FR,FR,actual_offshore_wind_generation,Wind Offshore | Actual Aggregated,2026-08-17T13:35:39Z
2026-08-17T13:33:42Z,2026-08-17T15:33:42+0200,5bbffdc7-c3ab-4a18-a8bf-cc7d933ae677,2026-08-04T05:15:00Z,2026-08-04T07:15:00+0200,304.77,MW,FR,FR,actual_offshore_wind_generation,Wind Offshore | Actual Aggregated,2026-08-17T13:35:39Z
2026-08-17T13:33:42Z,2026-08-17T15:33:42+0200,5bbffdc7-c3ab-4a18-a8bf-cc7d933ae677,2026-08-04T05:30:00Z,2026-08-04T07:30:00+0200,364.06,MW,FR,FR,actual_offshore_wind_generation,Wind Offshore | Actual Aggregated,2026-08-17T13:35:39Z
2026-08-17T13:33:42Z,2026-08-17T15:33:42+0200,5bbffdc7-c3ab-4a18-a8bf-cc7d933ae677,2026-08-04T05:45:00Z,2026-08-04T07:45:00+0200,391.77,MW,FR,FR,actual_offshore_wind_generation,Wind Offshore | Actual Aggregated,2026-08-17T13:35:39Z
2026-08-17T13:33:42Z,2026-08-17T15:33:42+0200,5bbffdc7-c3ab-4a18-a8bf-cc7d933ae677,2026-08-04T06:00:00Z,2026-08-04T08:00:00+0200,396.87,MW,FR,FR,actual_offshore_wind_generation,Wind Offshore | Actual Aggregated,2026-08-17T13:35:39Z
2026-08-17T13:33:42Z,2026-08-17T15:33:42+0200,5bbffdc7-c3ab-4a18-a8bf-cc7d933ae677,2026-08-04T06:15:00Z,2026-08-04T08:15:00+0200,402.08,MW,FR,FR,actual_offshore_wind_generation,Wind Offshore | Actual Aggregated,2026-08-17T13:35:39Z
2026-08-17T13:33:42Z,2026-08-17T15:33:42+0200,5bbffdc7-c3ab-4a18-a8bf-cc7d933ae677,2026-08-04T06:30:00Z,2026-08-04T08:30:00+0200,386.87,MW,FR,FR,actual_offshore_wind_generation,Wind Offshore | Actual Aggregated,2026-08-17T13:35:39Z
2026-08-17T13:33:42Z,2026-08-17T15:33:42+0200,5bbffdc7-c3ab-4a18-a8bf-cc7d933ae677,2026-08-04T06:45:00Z,2026-08-04T08:45:00+0200,390.09,MW,FR,FR,actual_offshore_wind_generation,Wind Offshore | Actual Aggregated,2026-08-17T13:35:39Z
2026-08-17T13:33:42Z,2026-08-17T15:33:42+0200,5bbffdc7-c3ab-4a18-a8bf-cc7d933ae677,2026-08-04T07:00:00Z,2026-08-04T09:00:00+0200,401.06,MW,FR,FR,actual_offshore_wind_generation,Wind Offshore | Actual Aggregated,2026-08-17T13:35:39Z
2026-08-17T13:33:42Z,2026-08-17T15:33:42+0200,5bbffdc7-c3ab-4a18-a8bf-cc7d933ae677,2026-08-04T07:15:00Z,2026-08-04T09:15:00+0200,461.71,MW,FR,FR,actual_offshore_wind_generation,Wind Offshore | Actual Aggregated,2026-08-17T13:35:39Z
2026-08-17T13:33:42Z,2026-08-17T15:33:42+0200,5bbffdc7-c3ab-4a18-a8bf-cc7d933ae677,2026-08-04T07:30:00Z,2026-08-04T09:30:00+0200,450.38,MW,FR,FR,actual_offshore_wind_generation,Wind Offshore | Actual Aggregated,2026-08-17T13:35:39Z
2026-08-17T13:33:42Z,2026-08-17T15:33:42+0200,5bbffdc7-c3ab-4a18-a8bf-cc7d933ae677,2026-08-04T07:45:00Z,2026-08-04T09:45:00+0200,432.33,MW,FR,FR,actual_offshore_wind_generation,Wind Offshore | Actual Aggregated,2026-08-17T13:35:39Z
2026-08-17T13:33:42Z,2026-08-17T15:33:42+0200,5bbffdc7-c3ab-4a18-a8bf-cc7d933ae677,2026-08-04T08:00:00Z,2026-08-04T10:00:00+0200,465.54,MW,FR,FR,actual_offshore_wind_generation,Wind Offshore | Actual Aggregated,2026-08-17T13:35:39Z
2026-08-17T13:33:42Z,2026-08-17T15:33:42+0200,5bbffdc7-c3ab-4a18-a8bf-cc7d933ae677,2026-08-04T08:15:00Z,2026-08-04T10:15:00+0200,474.06,MW,FR,FR,actual_offshore_wind_generation,Wind Offshore | Actual Aggregated,2026-08-17T13:35:39Z
2026-08-17T13:33:42Z,2026-08-17T15:33:42+0200,5bbffdc7-c3ab-4a18-a8bf-cc7d933ae677,2026-08-04T08:30:00Z,2026-08-04T10:30:00+0200,498.61,MW,FR,FR,actual_offshore_wind_generation,Wind Offshore | Actual Aggregated,2026-08-17T13:35:39Z
2026-08-17T13:33:42Z,2026-08-17T15:33:42+0200,5bbffdc7-c3ab-4a18-a8bf-cc7d933ae677,2026-08-04T08:45:00Z,2026-08-04T10:45:00+0200,555.83,MW,FR,FR,actual_offshore_wind_generation,Wind Offshore | Actual Aggregated,2026-08-17T13:35:39Z
2026-08-17T13:33:42Z,2026-08-17T15:33:42+0200,5bbffdc7-c3ab-4a18-a8bf-cc7d933ae677,2026-08-04T09:00:00Z,2026-08-04T11:00:00+0200,601.49,MW,FR,FR,actual_offshore_wind_generation,Wind Offshore | Actual Aggregated,2026-08-17T13:35:39Z
2026-08-17T13:33:42Z,2026-08-17T15:33:42+0200,5bbffdc7-c3ab-4a18-a8bf-cc7d933ae677,2026-08-04T09:15:00Z,2026-08-04T11:15:00+0200,514.98,MW,FR,FR,actual_offshore_wind_generation,Wind Offshore | Actual Aggregated,2026-08-17T13:35:39Z
2026-08-17T13:33:42Z,2026-08-17T15:33:42+0200,5bbffdc7-c3ab-4a18-a8bf-cc7d933ae677,2026-08-04T09:30:00Z,2026-08-04T11:30:00+0200,418.5,MW,FR,FR,actual_offshore_wind_generation,Wind Offshore | Actual Aggregated,2026-08-17T13:35:39Z
2026-08-17T13:33:42Z,2026-08-17T15:33:42+0200,5bbffdc7-c3ab-4a18-a8bf-cc7d933ae677,2026-08-04T09:45:00Z,2026-08-04T11:45:00+0200,399.5,MW,FR,FR,actual_offshore_wind_generation,Wind Offshore | Actual Aggregated,2026-08-17T13:35:39Z
2026-08-17T13:33:42Z,2026-08-17T15:33:42+0200,5bbffdc7-c3ab-4a18-a8bf-cc7d933ae677,2026-08-04T10:00:00Z,2026-08-04T12:00:00+0200,376.23,MW,FR,FR,actual_offshore_wind_generation,Wind Offshore | Actual Aggregated,2026-08-17T13:35:39Z
2026-08-17T13:33:42Z,2026-08-17T15:33:42+0200,5bbffdc7-c3ab-4a18-a8bf-cc7d933ae677,2026-08-04T10:15:00Z,2026-08-04T12:15:00+0200,348.9,MW,FR,FR,actual_offshore_wind_generation,Wind Offshore | Actual Aggregated,2026-08-17T13:35:39Z
2026-08-17T13:33:42Z,2026-08-17T15:33:42+0200,5bbffdc7-c3ab-4a18-a8bf-cc7d933ae677,2026-08-04T10:30:00Z,2026-08-04T12:30:00+0200,340.91,MW,FR,FR,actual_offshore_wind_generation,Wind Offshore | Actual Aggregated,2026-08-17T13:35:39Z
2026-08-17T13:33:42Z,2026-08-17T15:33:42+0200,5bbffdc7-c3ab-4a18-a8bf-cc7d933ae677,2026-08-04T10:45:00Z,2026-08-04T12:45:00+0200,335.18,MW,FR,FR,actual_offshore_wind_generation,Wind Offshore | Actual Aggregated,2026-08-17T13:35:39Z
2026-08-17T13:33:42Z,2026-08-17T15:33:42+0200,5bbffdc7-c3ab-4a18-a8bf-cc7d933ae677,2026-08-04T11:00:00Z,2026-08-04T13:00:00+0200,276.21,MW,FR,FR,actual_offshore_wind_generation,Wind Offshore | Actual Aggregated,2026-08-17T13:35:39Z
2026-08-17T13:33:42Z,2026-08-17T15:33:42+0200,5bbffdc7-c3ab-4a18-a8bf-cc7d933ae677,2026-08-04T11:15:00Z,2026-08-04T13:15:00+0200,258.06,MW,FR,FR,actual_offshore_wind_generation,Wind Offshore | Actual Aggregated,2026-08-17T13:35:39Z
2026-08-17T13:33:42Z,2026-08-17T15:33:42+0200,5bbffdc7-c3ab-4a18-a8bf-cc7d933ae677,2026-08-04T11:30:00Z,2026-08-04T13:30:00+0200,256.6,MW,FR,FR,actual_offshore_wind_generation,Wind Offshore | Actual Aggregated,2026-08-17T13:35:39Z
2026-08-17T13:33:42Z,2026-08-17T15:33:42+0200,5bbffdc7-c3ab-4a18-a8bf-cc7d933ae677,2026-08-04T11:45:00Z,2026-08-04T13:45:00+0200,267.85,MW,FR,FR,actual_offshore_wind_generation,Wind Offshore | Actual Aggregated,2026-08-17T13:35:39Z
2026-08-17T13:33:42Z,2026-08-17T15:33:42+0200,5bbffdc7-c3ab-4a18-a8bf-cc7d933ae677,2026-08-04T12:00:00Z,2026-08-04T14:00:00+0200,286.16,MW,FR,FR,actual_offshore_wind_generation,Wind Offshore | Actual Aggregated,2026-08-17T13:35:39Z
2026-08-17T13:33:42Z,2026-08-17T15:33:42+0200,5bbffdc7-c3ab-4a18-a8bf-cc7d933ae677,2026-08-04T12:15:00Z,2026-08-04T14:15:00+0200,310.02,MW,FR,FR,actual_offshore_wind_generation,Wind Offshore | Actual Aggregated,2026-08-17T13:35:39Z
2026-08-17T13:33:42Z,2026-08-17T15:33:42+0200,5bbffdc7-c3ab-4a18-a8bf-cc7d933ae677,2026-08-04T12:30:00Z,2026-08-04T14:30:00+0200,290.87,MW,FR,FR,actual_offshore_wind_generation,Wind Offshore | Actual Aggregated,2026-08-17T13:35:39Z
2026-08-17T13:33:42Z,2026-08-17T15:33:42+0200,5bbffdc7-c3ab-4a18-a8bf-cc7d933ae677,2026-08-04T12:45:00Z,2026-08-04T14:45:00+0200,241.45,MW,FR,FR,actual_offshore_wind_generation,Wind Offshore | Actual Aggregated,2026-08-17T13:35:39Z
2026-08-17T13:33:42Z,2026-08-17T15:33:42+0200,5bbffdc7-c3ab-4a18-a8bf-cc7d933ae677,2026-08-04T13:00:00Z,2026-08-04T15:00:00+0200,217.56,MW,FR,FR,actual_offshore_wind_generation,Wind Offshore | Actual Aggregated,2026-08-17T13:35:39Z
2026-08-17T13:33:42Z,2026-08-17T15:33:42+0200,5bbffdc7-c3ab-4a18-a8bf-cc7d933ae677,2026-08-04T13:15:00Z,2026-08-04T15:15:00+0200,248.95,MW,FR,FR,actual_offshore_wind_generation,Wind Offshore | Actual Aggregated,2026-08-17T13:35:39Z
2026-08-17T13:33:42Z,2026-08-17T15:33:42+0200,5bbffdc7-c3ab-4a18-a8bf-cc7d933ae677,2026-08-04T13:30:00Z,2026-08-04T15:30:00+0200,249.59,MW,FR,FR,actual_offshore_wind_generation,Wind Offshore | Actual Aggregated,2026-08-17T13:35:39Z
2026-08-17T13:33:42Z,2026-08-17T15:33:42+0200,5bbffdc7-c3ab-4a18-a8bf-cc7d933ae677,2026-08-04T13:45:00Z,2026-08-04T15:45:00+0200,234.94,MW,FR,FR,actual_offshore_wind_generation,Wind Offshore | Actual Aggregated,2026-08-17T13:35:39Z
2026-08-17T13:33:42Z,2026-08-17T15:33:42+0200,5bbffdc7-c3ab-4a18-a8bf-cc7d933ae677,2026-08-04T14:00:00Z,2026-08-04T16:00:00+0200,224.51,MW,FR,FR,actual_offshore_wind_generation,Wind Offshore | Actual Aggregated,2026-08-17T13:35:39Z
2026-08-17T13:33:42Z,2026-08-17T15:33:42+0200,5bbffdc7-c3ab-4a18-a8bf-cc7d933ae677,2026-08-04T14:15:00Z,2026-08-04T16:15:00+0200,220.03,MW,FR,FR,actual_offshore_wind_generation,Wind Offshore | Actual Aggregated,2026-08-17T13:35:39Z
2026-08-17T13:33:42Z,2026-08-17T15:33:42+0200,5bbffdc7-c3ab-4a18-a8bf-cc7d933ae677,2026-08-04T14:30:00Z,2026-08-04T16:30:00+0200,250.98,MW,FR,FR,actual_offshore_wind_generation,Wind Offshore | Actual Aggregated,2026-08-17T13:35:39Z
2026-08-17T13:33:42Z,2026-08-17T15:33:42+0200,5bbffdc7-c3ab-4a18-a8bf-cc7d933ae677,2026-08-04T14:45:00Z,2026-08-04T16:45:00+0200,292.87,MW,FR,FR,actual_offshore_wind_generation,Wind Offshore | Actual Aggregated,2026-08-17T13:35:39Z
2026-08-17T13:33:42Z,2026-08-17T15:33:42+0200,5bbffdc7-c3ab-4a18-a8bf-cc7d933ae677,2026-08-04T15:00:00Z,2026-08-04T17:00:00+0200,293.47,MW,FR,FR,actual_offshore_wind_generation,Wind Offshore | Actual Aggregated,2026-08-17T13:35:39Z
2026-08-17T13:33:42Z,2026-08-17T15:33:42+0200,5bbffdc7-c3ab-4a18-a8bf-cc7d933ae677,2026-08-04T15:15:00Z,2026-08-04T17:15:00+0200,338.07,MW,FR,FR,actual_offshore_wind_generation,Wind Offshore | Actual Aggregated,2026-08-17T13:35:39Z
2026-08-17T13:33:42Z,2026-08-17T15:33:42+0200,5bbffdc7-c3ab-4a18-a8bf-cc7d933ae677,2026-08-04T15:30:00Z,2026-08-04T17:30:00+0200,395.58,MW,FR,FR,actual_offshore_wind_generation,Wind Offshore | Actual Aggregated,2026-08-17T13:35:39Z
2026-08-17T13:33:42Z,2026-08-17T15:33:42+0200,5bbffdc7-c3ab-4a18-a8bf-cc7d933ae677,2026-08-04T15:45:00Z,2026-08-04T17:45:00+0200,382.39,MW,FR,FR,actual_offshore_wind_generation,Wind Offshore | Actual Aggregated,2026-08-17T13:35:39Z
2026-08-17T13:33:42Z,2026-08-17T15:33:42+0200,5bbffdc7-c3ab-4a18-a8bf-cc7d933ae677,2026-08-04T16:00:00Z,2026-08-04T18:00:00+0200,342.9,MW,FR,FR,actual_offshore_wind_generation,Wind Offshore | Actual Aggregated,2026-08-17T13:35:39Z
2026-08-17T13:33:42Z,2026-08-17T15:33:42+0200,5bbffdc7-c3ab-4a18-a8bf-cc7d933ae677,2026-08-04T16:15:00Z,2026-08-04T18:15:00+0200,324.72,MW,FR,FR,actual_offshore_wind_generation,Wind Offshore | Actual Aggregated,2026-08-17T13:35:39Z
2026-08-17T13:33:42Z,2026-08-17T15:33:42+0200,5bbffdc7-c3ab-4a18-a8bf-cc7d933ae677,2026-08-04T16:30:00Z,2026-08-04T18:30:00+0200,332.75,MW,FR,FR,actual_offshore_wind_generation,Wind Offshore | Actual Aggregated,2026-08-17T13:35:39Z
2026-08-17T13:33:42Z,2026-08-17T15:33:42+0200,5bbffdc7-c3ab-4a18-a8bf-cc7d933ae677,2026-08-04T16:45:00Z,2026-08-04T18:45:00+0200,338.58,MW,FR,FR,actual_offshore_wind_generation,Wind Offshore | Actual Aggregated,2026-08-17T13:35:39Z
2026-08-17T13:33:42Z,2026-08-17T15:33:42+0200,5bbffdc7-c3ab-4a18-a8bf-cc7d933ae677,2026-08-04T17:00:00Z,2026-08-04T19:00:00+0200,340.74,MW,FR,FR,actual_offshore_wind_generation,Wind Offshore | Actual Aggregated,2026-08-17T13:35:39Z
2026-08-17T13:33:42Z,2026-08-17T15:33:42+0200,5bbffdc7-c3ab-4a18-a8bf-cc7d933ae677,2026-08-04T17:15:00Z,2026-08-04T19:15:00+0200,321.55,MW,FR,FR,actual_offshore_wind_generation,Wind Offshore | Actual Aggregated,2026-08-17T13:35:39Z
2026-08-17T13:33:42Z,2026-08-17T15:33:42+0200,5bbffdc7-c3ab-4a18-a8bf-cc7d933ae677,2026-08-04T17:30:00Z,2026-08-04T19:30:00+0200,301.21,MW,FR,FR,actual_offshore_wind_generation,Wind Offshore | Actual Aggregated,2026-08-17T13:35:39Z
2026-08-17T13:33:42Z,2026-08-17T15:33:42+0200,5bbffdc7-c3ab-4a18-a8bf-cc7d933ae677,2026-08-04T17:45:00Z,2026-08-04T19:45:00+0200,266.54,MW,FR,FR,actual_offshore_wind_generation,Wind Offshore | Actual Aggregated,2026-08-17T13:35:39Z
2026-08-17T13:33:42Z,2026-08-17T15:33:42+0200,5bbffdc7-c3ab-4a18-a8bf-cc7d933ae677,2026-08-04T18:00:00Z,2026-08-04T20:00:00+0200,266.95,MW,FR,FR,actual_offshore_wind_generation,Wind Offshore | Actual Aggregated,2026-08-17T13:35:39Z
2026-08-17T13:33:42Z,2026-08-17T15:33:42+0200,5bbffdc7-c3ab-4a18-a8bf-cc7d933ae677,2026-08-04T18:15:00Z,2026-08-04T20:15:00+0200,289.81,MW,FR,FR,actual_offshore_wind_generation,Wind Offshore | Actual Aggregated,2026-08-17T13:35:39Z
2026-08-17T13:33:42Z,2026-08-17T15:33:42+0200,5bbffdc7-c3ab-4a18-a8bf-cc7d933ae677,2026-08-04T18:30:00Z,2026-08-04T20:30:00+0200,304.1,MW,FR,FR,actual_offshore_wind_generation,Wind Offshore | Actual Aggregated,2026-08-17T13:35:39Z
2026-08-17T13:33:42Z,2026-08-17T15:33:42+0200,5bbffdc7-c3ab-4a18-a8bf-cc7d933ae677,2026-08-04T18:45:00Z,2026-08-04T20:45:00+0200,288.3,MW,FR,FR,actual_offshore_wind_generation,Wind Offshore | Actual Aggregated,2026-08-17T13:35:39Z
2026-08-17T13:33:42Z,2026-08-17T15:33:42+0200,5bbffdc7-c3ab-4a18-a8bf-cc7d933ae677,2026-08-04T19:00:00Z,2026-08-04T21:00:00+0200,261.68,MW,FR,FR,actual_offshore_wind_generation,Wind Offshore | Actual Aggregated,2026-08-17T13:35:39Z
2026-08-17T13:33:42Z,2026-08-17T15:33:42+0200,5bbffdc7-c3ab-4a18-a8bf-cc7d933ae677,2026-08-04T19:15:00Z,2026-08-04T21:15:00+0200,264.41,MW,FR,FR,actual_offshore_wind_generation,Wind Offshore | Actual Aggregated,2026-08-17T13:35:39Z
2026-08-17T13:33:42Z,2026-08-17T15:33:42+0200,5bbffdc7-c3ab-4a18-a8bf-cc7d933ae677,2026-08-04T19:30:00Z,2026-08-04T21:30:00+0200,289.17,MW,FR,FR,actual_offshore_wind_generation,Wind Offshore | Actual Aggregated,2026-08-17T13:35:39Z
2026-08-17T13:33:42Z,2026-08-17T15:33:42+0200,5bbffdc7-c3ab-4a18-a8bf-cc7d933ae677,2026-08-04T19:45:00Z,2026-08-04T21:45:00+0200,371.34,MW,FR,FR,actual_offshore_wind_generation,Wind Offshore | Actual Aggregated,2026-08-17T13:35:39Z
2026-08-17T13:33:42Z,2026-08-17T15:33:42+0200,5bbffdc7-c3ab-4a18-a8bf-cc7d933ae677,2026-08-04T20:00:00Z,2026-08-04T22:00:00+0200,435.57,MW,FR,FR,actual_offshore_wind_generation,Wind Offshore | Actual Aggregated,2026-08-17T13:35:39Z
2026-08-17T13:33:42Z,2026-08-17T15:33:42+0200,5bbffdc7-c3ab-4a18-a8bf-cc7d933ae677,2026-08-04T20:15:00Z,2026-08-04T22:15:00+0200,434.03,MW,FR,FR,actual_offshore_wind_generation,Wind Offshore | Actual Aggregated,2026-08-17T13:35:39Z
2026-08-17T13:33:42Z,2026-08-17T15:33:42+0200,5bbffdc7-c3ab-4a18-a8bf-cc7d933ae677,2026-08-04T20:30:00Z,2026-08-04T22:30:00+0200,489.86,MW,FR,FR,actual_offshore_wind_generation,Wind Offshore | Actual Aggregated,2026-08-17T13:35:39Z
2026-08-17T13:33:42Z,2026-08-17T15:33:42+0200,5bbffdc7-c3ab-4a18-a8bf-cc7d933ae677,2026-08-04T20:45:00Z,2026-08-04T22:45:00+0200,457.35,MW,FR,FR,actual_offshore_wind_generation,Wind Offshore | Actual Aggregated,2026-08-17T13:35:39Z
2026-08-17T13:33:42Z,2026-08-17T15:33:42+0200,5bbffdc7-c3ab-4a18-a8bf-cc7d933ae677,2026-08-04T21:00:00Z,2026-08-04T23:00:00+0200,480.42,MW,FR,FR,actual_offshore_wind_generation,Wind Offshore | Actual Aggregated,2026-08-17T13:35:39Z
2026-08-17T13:33:42Z,2026-08-17T15:33:42+0200,5bbffdc7-c3ab-4a18-a8bf-cc7d933ae677,2026-08-04T21:15:00Z,2026-08-04T23:15:00+0200,530.09,MW,FR,FR,actual_offshore_wind_generation,Wind Offshore | Actual Aggregated,2026-08-17T13:35:39Z
2026-08-17T13:33:42Z,2026-08-17T15:33:42+0200,5bbffdc7-c3ab-4a18-a8bf-cc7d933ae677,2026-08-04T21:30:00Z,2026-08-04T23:30:00+0200,476.58,MW,FR,FR,actual_offshore_wind_generation,Wind Offshore | Actual Aggregated,2026-08-17T13:35:39Z
2026-08-17T13:33:42Z,2026-08-17T15:33:42+0200,5bbffdc7-c3ab-4a18-a8bf-cc7d933ae677,2026-08-04T21:45:00Z,2026-08-04T23:45:00+0200,487.44,MW,FR,FR,actual_offshore_wind_generation,Wind Offshore | Actual Aggregated,2026-08-17T13:35:39Z
2026-08-17T13:33:42Z,2026-08-17T15:33:42+0200,5bbffdc7-c3ab-4a18-a8bf-cc7d933ae677,2026-08-04T22:00:00Z,2026-08-05T00:00:00+0200,523.08,MW,FR,FR,actual_offshore_wind_generation,Wind Offshore | Actual Aggregated,2026-08-17T13:35:39Z
2026-08-17T13:33:42Z,2026-08-17T15:33:42+0200,5bbffdc7-c3ab-4a18-a8bf-cc7d933ae677,2026-08-04T22:15:00Z,2026-08-05T00:15:00+0200,536.24,MW,FR,FR,actual_offshore_wind_generation,Wind Offshore | Actual Aggregated,2026-08-17T13:35:39Z
2026-08-17T13:33:42Z,2026-08-17T15:33:42+0200,5bbffdc7-c3ab-4a18-a8bf-cc7d933ae677,2026-08-04T22:30:00Z,2026-08-05T00:30:00+0200,602.7,MW,FR,FR,actual_offshore_wind_generation,Wind Offshore | Actual Aggregated,2026-08-17T13:35:39Z
2026-08-17T13:33:42Z,2026-08-17T15:33:42+0200,5bbffdc7-c3ab-4a18-a8bf-cc7d933ae677,2026-08-04T22:45:00Z,2026-08-05T00:45:00+0200,639.49,MW,FR,FR,actual_offshore_wind_generation,Wind Offshore | Actual Aggregated,2026-08-17T13:35:39Z
2026-08-17T13:33:42Z,2026-08-17T15:33:42+0200,5bbffdc7-c3ab-4a18-a8bf-cc7d933ae677,2026-08-04T23:00:00Z,2026-08-05T01:00:00+0200,610.86,MW,FR,FR,actual_offshore_wind_generation,Wind Offshore | Actual Aggregated,2026-08-17T13:35:39Z
2026-08-17T13:33:42Z,2026-08-17T15:33:42+0200,5bbffdc7-c3ab-4a18-a8bf-cc7d933ae677,2026-08-04T23:15:00Z,2026-08-05T01:15:00+0200,592.97,MW,FR,FR,actual_offshore_wind_generation,Wind Offshore | Actual Aggregated,2026-08-17T13:35:39Z
2026-08-17T13:33:42Z,2026-08-17T15:33:42+0200,5bbffdc7-c3ab-4a18-a8bf-cc7d933ae677,2026-08-04T23:30:00Z,2026-08-05T01:30:00+0200,559.67,MW,FR,FR,actual_offshore_wind_generation,Wind Offshore | Actual Aggregated,2026-08-17T13:35:39Z
2026-08-17T13:33:42Z,2026-08-17T15:33:42+0200,5bbffdc7-c3ab-4a18-a8bf-cc7d933ae677,2026-08-04T23:45:00Z,2026-08-05T01:45:00+0200,561.08,MW,FR,FR,actual_offshore_wind_generation,Wind Offshore | Actual Aggregated,2026-08-17T13:35:39Z
2026-08-17T13:33:42Z,2026-08-17T15:33:42+0200,5bbffdc7-c3ab-4a18-a8bf-cc7d933ae677,2026-08-05T00:00:00Z,2026-08-05T02:00:00+0200,595.16,MW,FR,FR,actual_offshore_wind_generation,Wind Offshore | Actual Aggregated,2026-08-17T13:35:39Z
2026-08-17T13:33:42Z,2026-08-17T15:33:42+0200,5bbffdc7-c3ab-4a18-a8bf-cc7d933ae677,2026-08-05T00:15:00Z,2026-08-05T02:15:00+0200,628.36,MW,FR,FR,actual_offshore_wind_generation,Wind Offshore | Actual Aggregated,2026-08-17T13:35:39Z
2026-08-17T13:33:42Z,2026-08-17T15:33:42+0200,5bbffdc7-c3ab-4a18-a8bf-cc7d933ae677,2026-08-05T00:30:00Z,2026-08-05T02:30:00+0200,723.79,MW,FR,FR,actual_offshore_wind_generation,Wind Offshore | Actual Aggregated,2026-08-17T13:35:39Z
2026-08-17T13:33:42Z,2026-08-17T15:33:42+0200,5bbffdc7-c3ab-4a18-a8bf-cc7d933ae677,2026-08-05T00:45:00Z,2026-08-05T02:45:00+0200,658.51,MW,FR,FR,actual_offshore_wind_generation,Wind Offshore | Actual Aggregated,2026-08-17T13:35:39Z
2026-08-17T13:33:42Z,2026-08-17T15:33:42+0200,5bbffdc7-c3ab-4a18-a8bf-cc7d933ae677,2026-08-05T01:00:00Z,2026-08-05T03:00:00+0200,652.97,MW,FR,FR,actual_offshore_wind_generation,Wind Offshore | Actual Aggregated,2026-08-17T13:35:39Z
2026-08-17T13:33:42Z,2026-08-17T15:33:42+0200,5bbffdc7-c3ab-4a18-a8bf-cc7d933ae677,2026-08-05T01:15:00Z,2026-08-05T03:15:00+0200,603.91,MW,FR,FR,actual_offshore_wind_generation,Wind Offshore | Actual Aggregated,2026-08-17T13:35:39Z
2026-08-17T13:33:42Z,2026-08-17T15:33:42+0200,5bbffdc7-c3ab-4a18-a8bf-cc7d933ae677,2026-08-05T01:30:00Z,2026-08-05T03:30:00+0200,614.45,MW,FR,FR,actual_offshore_wind_generation,Wind Offshore | Actual Aggregated,2026-08-17T13:35:39Z
2026-08-17T13:33:42Z,2026-08-17T15:33:42+0200,5bbffdc7-c3ab-4a18-a8bf-cc7d933ae677,2026-08-05T01:45:00Z,2026-08-05T03:45:00+0200,608.31,MW,FR,FR,actual_offshore_wind_generation,Wind Offshore | Actual Aggregated,2026-08-17T13:35:39Z
2026-08-17T13:33:42Z,2026-08-17T15:33:42+0200,5bbffdc7-c3ab-4a18-a8bf-cc7d933ae677,2026-08-05T02:00:00Z,2026-08-05T04:00:00+0200,667.12,MW,FR,FR,actual_offshore_wind_generation,Wind Offshore | Actual Aggregated,2026-08-17T13:35:39Z
2026-08-17T13:33:42Z,2026-08-17T15:33:42+0200,5bbffdc7-c3ab-4a18-a8bf-cc7d933ae677,2026-08-05T02:15:00Z,2026-08-05T04:15:00+0200,637.71,MW,FR,FR,actual_offshore_wind_generation,Wind Offshore | Actual Aggregated,2026-08-17T13:35:39Z
2026-08-17T13:33:42Z,2026-08-17T15:33:42+0200,5bbffdc7-c3ab-4a18-a8bf-cc7d933ae677,2026-08-05T02:30:00Z,2026-08-05T04:30:00+0200,525.9,MW,FR,FR,actual_offshore_wind_generation,Wind Offshore | Actual Aggregated,2026-08-17T13:35:39Z
2026-08-17T13:33:42Z,2026-08-17T15:33:42+0200,5bbffdc7-c3ab-4a18-a8bf-cc7d933ae677,2026-08-05T02:45:00Z,2026-08-05T04:45:00+0200,582.13,MW,FR,FR,actual_offshore_wind_generation,Wind Offshore | Actual Aggregated,2026-08-17T13:35:39Z
2026-08-17T13:33:42Z,2026-08-17T15:33:42+0200,5bbffdc7-c3ab-4a18-a8bf-cc7d933ae677,2026-08-05T03:00:00Z,2026-08-05T05:00:00+0200,656.98,MW,FR,FR,actual_offshore_wind_generation,Wind Offshore | Actual Aggregated,2026-08-17T13:35:39Z
2026-08-17T13:33:42Z,2026-08-17T15:33:42+0200,5bbffdc7-c3ab-4a18-a8bf-cc7d933ae677,2026-08-05T03:15:00Z,2026-08-05T05:15:00+0200,547.05,MW,FR,FR,actual_offshore_wind_generation,Wind Offshore | Actual Aggregated,2026-08-17T13:35:39Z
2026-08-17T13:33:42Z,2026-08-17T15:33:42+0200,5bbffdc7-c3ab-4a18-a8bf-cc7d933ae677,2026-08-05T03:30:00Z,2026-08-05T05:30:00+0200,490.24,MW,FR,FR,actual_offshore_wind_generation,Wind Offshore | Actual Aggregated,2026-08-17T13:35:39Z
2026-08-17T13:33:42Z,2026-08-17T15:33:42+0200,5bbffdc7-c3ab-4a18-a8bf-cc7d933ae677,2026-08-05T03:45:00Z,2026-08-05T05:45:00+0200,472.58,MW,FR,FR,actual_offshore_wind_generation,Wind Offshore | Actual Aggregated,2026-08-17T13:35:39Z
2026-08-17T13:33:42Z,2026-08-17T15:33:42+0200,5bbffdc7-c3ab-4a18-a8bf-cc7d933ae677,2026-08-05T04:00:00Z,2026-08-05T06:00:00+0200,491.72,MW,FR,FR,actual_offshore_wind_generation,Wind Offshore | Actual Aggregated,2026-08-17T13:35:39Z
2026-08-17T13:33:42Z,2026-08-17T15:33:42+0200,5bbffdc7-c3ab-4a18-a8bf-cc7d933ae677,2026-08-05T04:15:00Z,2026-08-05T06:15:00+0200,542.42,MW,FR,FR,actual_offshore_wind_generation,Wind Offshore | Actual Aggregated,2026-08-17T13:35:39Z
2026-08-17T13:33:42Z,2026-08-17T15:33:42+0200,5bbffdc7-c3ab-4a18-a8bf-cc7d933ae677,2026-08-05T04:30:00Z,2026-08-05T06:30:00+0200,606.02,MW,FR,FR,actual_offshore_wind_generation,Wind Offshore | Actual Aggregated,2026-08-17T13:35:39Z
2026-08-17T13:33:42Z,2026-08-17T15:33:42+0200,5bbffdc7-c3ab-4a18-a8bf-cc7d933ae677,2026-08-05T04:45:00Z,2026-08-05T06:45:00+0200,670.93,MW,FR,FR,actual_offshore_wind_generation,Wind Offshore | Actual Aggregated,2026-08-17T13:35:39Z
2026-08-17T13:33:42Z,2026-08-17T15:33:42+0200,5bbffdc7-c3ab-4a18-a8bf-cc7d933ae677,2026-08-05T05:00:00Z,2026-08-05T07:00:00+0200,706.84,MW,FR,FR,actual_offshore_wind_generation,Wind Offshore | Actual Aggregated,2026-08-17T13:35:39Z
2026-08-17T13:33:42Z,2026-08-17T15:33:42+0200,5bbffdc7-c3ab-4a18-a8bf-cc7d933ae677,2026-08-05T05:15:00Z,2026-08-05T07:15:00+0200,746.47,MW,FR,FR,actual_offshore_wind_generation,Wind Offshore | Actual Aggregated,2026-08-17T13:35:39Z
2026-08-17T13:33:42Z,2026-08-17T15:33:42+0200,5bbffdc7-c3ab-4a18-a8bf-cc7d933ae677,2026-08-05T05:30:00Z,2026-08-05T07:30:00+0200,810.8,MW,FR,FR,actual_offshore_wind_generation,Wind Offshore | Actual Aggregated,2026-08-17T13:35:39Z
2026-08-17T13:33:42Z,2026-08-17T15:33:42+0200,5bbffdc7-c3ab-4a18-a8bf-cc7d933ae677,2026-08-05T05:45:00Z,2026-08-05T07:45:00+0200,816.23,MW,FR,FR,actual_offshore_wind_generation,Wind Offshore | Actual Aggregated,2026-08-17T13:35:39Z
2026-08-17T13:33:42Z,2026-08-17T15:33:42+0200,5bbffdc7-c3ab-4a18-a8bf-cc7d933ae677,2026-08-05T06:00:00Z,2026-08-05T08:00:00+0200,815.42,MW,FR,FR,actual_offshore_wind_generation,Wind Offshore | Actual Aggregated,2026-08-17T13:35:39Z
2026-08-17T13:33:42Z,2026-08-17T15:33:42+0200,5bbffdc7-c3ab-4a18-a8bf-cc7d933ae677,2026-08-05T06:15:00Z,2026-08-05T08:15:00+0200,833.63,MW,FR,FR,actual_offshore_wind_generation,Wind Offshore | Actual Aggregated,2026-08-17T13:35:39Z
2026-08-17T13:33:42Z,2026-08-17T15:33:42+0200,5bbffdc7-c3ab-4a18-a8bf-cc7d933ae677,2026-08-05T06:30:00Z,2026-08-05T08:30:00+0200,808.21,MW,FR,FR,actual_offshore_wind_generation,Wind Offshore | Actual Aggregated,2026-08-17T13:35:39Z
2026-08-17T13:33:42Z,2026-08-17T15:33:42+0200,5bbffdc7-c3ab-4a18-a8bf-cc7d933ae677,2026-08-05T06:45:00Z,2026-08-05T08:45:00+0200,863.08,MW,FR,FR,actual_offshore_wind_generation,Wind Offshore | Actual Aggregated,2026-08-17T13:35:39Z
2026-08-17T13:33:42Z,2026-08-17T15:33:42+0200,5bbffdc7-c3ab-4a18-a8bf-cc7d933ae677,2026-08-05T07:00:00Z,2026-08-05T09:00:00+0200,894.28,MW,FR,FR,actual_offshore_wind_generation,Wind Offshore | Actual Aggregated,2026-08-17T13:35:39Z
2026-08-17T13:33:42Z,2026-08-17T15:33:42+0200,5bbffdc7-c3ab-4a18-a8bf-cc7d933ae677,2026-08-05T07:15:00Z,2026-08-05T09:15:00+0200,907.69,MW,FR,FR,actual_offshore_wind_generation,Wind Offshore | Actual Aggregated,2026-08-17T13:35:39Z
2026-08-17T13:33:42Z,2026-08-17T15:33:42+0200,5bbffdc7-c3ab-4a18-a8bf-cc7d933ae677,2026-08-05T07:30:00Z,2026-08-05T09:30:00+0200,925.79,MW,FR,FR,actual_offshore_wind_generation,Wind Offshore | Actual Aggregated,2026-08-17T13:35:39Z
2026-08-17T13:33:42Z,2026-08-17T15:33:42+0200,5bbffdc7-c3ab-4a18-a8bf-cc7d933ae677,2026-08-05T07:45:00Z,2026-08-05T09:45:00+0200,787.91,MW,FR,FR,actual_offshore_wind_generation,Wind Offshore | Actual Aggregated,2026-08-17T13:35:39Z
2026-08-17T13:33:42Z,2026-08-17T15:33:42+0200,5bbffdc7-c3ab-4a18-a8bf-cc7d933ae677,2026-08-05T08:00:00Z,2026-08-05T10:00:00+0200,693.75,MW,FR,FR,actual_offshore_wind_generation,Wind Offshore | Actual Aggregated,2026-08-17T13:35:39Z
2026-08-17T13:33:42Z,2026-08-17T15:33:42+0200,5bbffdc7-c3ab-4a18-a8bf-cc7d933ae677,2026-08-05T08:15:00Z,2026-08-05T10:15:00+0200,723.88,MW,FR,FR,actual_offshore_wind_generation,Wind Offshore | Actual Aggregated,2026-08-17T13:35:39Z
2026-08-17T13:33:42Z,2026-08-17T15:33:42+0200,5bbffdc7-c3ab-4a18-a8bf-cc7d933ae677,2026-08-05T08:30:00Z,2026-08-05T10:30:00+0200,771.88,MW,FR,FR,actual_offshore_wind_generation,Wind Offshore | Actual Aggregated,2026-08-17T13:35:39Z
2026-08-17T13:33:42Z,2026-08-17T15:33:42+0200,5bbffdc7-c3ab-4a18-a8bf-cc7d933ae677,2026-08-05T08:45:00Z,2026-08-05T10:45:00+0200,777.39,MW,FR,FR,actual_offshore_wind_generation,Wind Offshore | Actual Aggregated,2026-08-17T13:35:39Z
2026-08-17T13:33:42Z,2026-08-17T15:33:42+0200,5bbffdc7-c3ab-4a18-a8bf-cc7d933ae677,2026-08-05T09:00:00Z,2026-08-05T11:00:00+0200,727.74,MW,FR,FR,actual_offshore_wind_generation,Wind Offshore | Actual Aggregated,2026-08-17T13:35:39Z
2026-08-17T13:33:42Z,2026-08-17T15:33:42+0200,5bbffdc7-c3ab-4a18-a8bf-cc7d933ae677,2026-08-05T09:15:00Z,2026-08-05T11:15:00+0200,693.64,MW,FR,FR,actual_offshore_wind_generation,Wind Offshore | Actual Aggregated,2026-08-17T13:35:39Z
2026-08-17T13:33:42Z,2026-08-17T15:33:42+0200,5bbffdc7-c3ab-4a18-a8bf-cc7d933ae677,2026-08-05T09:30:00Z,2026-08-05T11:30:00+0200,716.58,MW,FR,FR,actual_offshore_wind_generation,Wind Offshore | Actual Aggregated,2026-08-17T13:35:39Z
2026-08-17T13:33:42Z,2026-08-17T15:33:42+0200,5bbffdc7-c3ab-4a18-a8bf-cc7d933ae677,2026-08-05T09:45:00Z,2026-08-05T11:45:00+0200,776.99,MW,FR,FR,actual_offshore_wind_generation,Wind Offshore | Actual Aggregated,2026-08-17T13:35:39Z
2026-08-17T13:33:42Z,2026-08-17T15:33:42+0200,5bbffdc7-c3ab-4a18-a8bf-cc7d933ae677,2026-08-05T10:00:00Z,2026-08-05T12:00:00+0200,841.82,MW,FR,FR,actual_offshore_wind_generation,Wind Offshore | Actual Aggregated,2026-08-17T13:35:39Z
2026-08-17T13:33:42Z,2026-08-17T15:33:42+0200,5bbffdc7-c3ab-4a18-a8bf-cc7d933ae677,2026-08-05T10:15:00Z,2026-08-05T12:15:00+0200,806.65,MW,FR,FR,actual_offshore_wind_generation,Wind Offshore | Actual Aggregated,2026-08-17T13:35:39Z
2026-08-17T13:33:42Z,2026-08-17T15:33:42+0200,5bbffdc7-c3ab-4a18-a8bf-cc7d933ae677,2026-08-05T10:30:00Z,2026-08-05T12:30:00+0200,784.79,MW,FR,FR,actual_offshore_wind_generation,Wind Offshore | Actual Aggregated,2026-08-17T13:35:39Z
2026-08-17T13:33:42Z,2026-08-17T15:33:42+0200,5bbffdc7-c3ab-4a18-a8bf-cc7d933ae677,2026-08-05T10:45:00Z,2026-08-05T12:45:00+0200,761.23,MW,FR,FR,actual_offshore_wind_generation,Wind Offshore | Actual Aggregated,2026-08-17T13:35:39Z
2026-08-17T13:33:42Z,2026-08-17T15:33:42+0200,5bbffdc7-c3ab-4a18-a8bf-cc7d933ae677,2026-08-05T11:00:00Z,2026-08-05T13:00:00+0200,697.96,MW,FR,FR,actual_offshore_wind_generation,Wind Offshore | Actual Aggregated,2026-08-17T13:35:39Z
2026-08-17T13:33:42Z,2026-08-17T15:33:42+0200,5bbffdc7-c3ab-4a18-a8bf-cc7d933ae677,2026-08-05T11:15:00Z,2026-08-05T13:15:00+0200,671.13,MW,FR,FR,actual_offshore_wind_generation,Wind Offshore | Actual Aggregated,2026-08-17T13:35:39Z
2026-08-17T13:33:42Z,2026-08-17T15:33:42+0200,5bbffdc7-c3ab-4a18-a8bf-cc7d933ae677,2026-08-05T11:30:00Z,2026-08-05T13:30:00+0200,690.46,MW,FR,FR,actual_offshore_wind_generation,Wind Offshore | Actual Aggregated,2026-08-17T13:35:39Z
2026-08-17T13:33:42Z,2026-08-17T15:33:42+0200,5bbffdc7-c3ab-4a18-a8bf-cc7d933ae677,2026-08-05T11:45:00Z,2026-08-05T13:45:00+0200,715.98,MW,FR,FR,actual_offshore_wind_generation,Wind Offshore | Actual Aggregated,2026-08-17T13:35:39Z
2026-08-17T13:33:42Z,2026-08-17T15:33:42+0200,5bbffdc7-c3ab-4a18-a8bf-cc7d933ae677,2026-08-05T12:00:00Z,2026-08-05T14:00:00+0200,723.49,MW,FR,FR,actual_offshore_wind_generation,Wind Offshore | Actual Aggregated,2026-08-17T13:35:39Z
2026-08-17T13:33:42Z,2026-08-17T15:33:42+0200,5bbffdc7-c3ab-4a18-a8bf-cc7d933ae677,2026-08-05T12:15:00Z,2026-08-05T14:15:00+0200,733.17,MW,FR,FR,actual_offshore_wind_generation,Wind Offshore | Actual Aggregated,2026-08-17T13:35:39Z
2026-08-17T13:33:42Z,2026-08-17T15:33:42+0200,5bbffdc7-c3ab-4a18-a8bf-cc7d933ae677,2026-08-05T12:30:00Z,2026-08-05T14:30:00+0200,758.64,MW,FR,FR,actual_offshore_wind_generation,Wind Offshore | Actual Aggregated,2026-08-17T13:35:39Z
2026-08-17T13:33:42Z,2026-08-17T15:33:42+0200,5bbffdc7-c3ab-4a18-a8bf-cc7d933ae677,2026-08-05T12:45:00Z,2026-08-05T14:45:00+0200,763.79,MW,FR,FR,actual_offshore_wind_generation,Wind Offshore | Actual Aggregated,2026-08-17T13:35:39Z
2026-08-17T13:33:42Z,2026-08-17T15:33:42+0200,5bbffdc7-c3ab-4a18-a8bf-cc7d933ae677,2026-08-05T13:00:00Z,2026-08-05T15:00:00+0200,768.09,MW,FR,FR,actual_offshore_wind_generation,Wind Offshore | Actual Aggregated,2026-08-17T13:35:39Z
2026-08-17T13:33:42Z,2026-08-17T15:33:42+0200,5bbffdc7-c3ab-4a18-a8bf-cc7d933ae677,2026-08-05T13:15:00Z,2026-08-05T15:15:00+0200,776.57,MW,FR,FR,actual_offshore_wind_generation,Wind Offshore | Actual Aggregated,2026-08-17T13:35:39Z
2026-08-17T13:33:42Z,2026-08-17T15:33:42+0200,5bbffdc7-c3ab-4a18-a8bf-cc7d933ae677,2026-08-05T13:30:00Z,2026-08-05T15:30:00+0200,787.05,MW,FR,FR,actual_offshore_wind_generation,Wind Offshore | Actual Aggregated,2026-08-17T13:35:39Z
2026-08-17T13:33:42Z,2026-08-17T15:33:42+0200,5bbffdc7-c3ab-4a18-a8bf-cc7d933ae677,2026-08-05T13:45:00Z,2026-08-05T15:45:00+0200,782.17,MW,FR,FR,actual_offshore_wind_generation,Wind Offshore | Actual Aggregated,2026-08-17T13:35:39Z
2026-08-17T13:33:42Z,2026-08-17T15:33:42+0200,5bbffdc7-c3ab-4a18-a8bf-cc7d933ae677,2026-08-05T14:00:00Z,2026-08-05T16:00:00+0200,746.41,MW,FR,FR,actual_offshore_wind_generation,Wind Offshore | Actual Aggregated,2026-08-17T13:35:39Z
2026-08-17T13:33:42Z,2026-08-17T15:33:42+0200,5bbffdc7-c3ab-4a18-a8bf-cc7d933ae677,2026-08-05T14:15:00Z,2026-08-05T16:15:00+0200,738.07,MW,FR,FR,actual_offshore_wind_generation,Wind Offshore | Actual Aggregated,2026-08-17T13:35:39Z
2026-08-17T13:33:42Z,2026-08-17T15:33:42+0200,5bbffdc7-c3ab-4a18-a8bf-cc7d933ae677,2026-08-05T14:30:00Z,2026-08-05T16:30:00+0200,749.36,MW,FR,FR,actual_offshore_wind_generation,Wind Offshore | Actual Aggregated,2026-08-17T13:35:39Z
2026-08-17T13:33:42Z,2026-08-17T15:33:42+0200,5bbffdc7-c3ab-4a18-a8bf-cc7d933ae677,2026-08-05T14:45:00Z,2026-08-05T16:45:00+0200,756.2,MW,FR,FR,actual_offshore_wind_generation,Wind Offshore | Actual Aggregated,2026-08-17T13:35:39Z
2026-08-17T13:33:42Z,2026-08-17T15:33:42+0200,5bbffdc7-c3ab-4a18-a8bf-cc7d933ae677,2026-08-05T15:00:00Z,2026-08-05T17:00:00+0200,740.15,MW,FR,FR,actual_offshore_wind_generation,Wind Offshore | Actual Aggregated,2026-08-17T13:35:39Z
2026-08-17T13:33:42Z,2026-08-17T15:33:42+0200,5bbffdc7-c3ab-4a18-a8bf-cc7d933ae677,2026-08-05T15:15:00Z,2026-08-05T17:15:00+0200,860.16,MW,FR,FR,actual_offshore_wind_generation,Wind Offshore | Actual Aggregated,2026-08-17T13:35:39Z
2026-08-17T13:33:42Z,2026-08-17T15:33:42+0200,5bbffdc7-c3ab-4a18-a8bf-cc7d933ae677,2026-08-05T15:30:00Z,2026-08-05T17:30:00+0200,1045.37,MW,FR,FR,actual_offshore_wind_generation,Wind Offshore | Actual Aggregated,2026-08-17T13:35:39Z
2026-08-17T13:33:42Z,2026-08-17T15:33:42+0200,5bbffdc7-c3ab-4a18-a8bf-cc7d933ae677,2026-08-05T15:45:00Z,2026-08-05T17:45:00+0200,1118.68,MW,FR,FR,actual_offshore_wind_generation,Wind Offshore | Actual Aggregated,2026-08-17T13:35:39Z
2026-08-17T13:33:42Z,2026-08-17T15:33:42+0200,5bbffdc7-c3ab-4a18-a8bf-cc7d933ae677,2026-08-05T16:00:00Z,2026-08-05T18:00:00+0200,1115.31,MW,FR,FR,actual_offshore_wind_generation,Wind Offshore | Actual Aggregated,2026-08-17T13:35:39Z
2026-08-17T13:33:42Z,2026-08-17T15:33:42+0200,5bbffdc7-c3ab-4a18-a8bf-cc7d933ae677,2026-08-05T16:15:00Z,2026-08-05T18:15:00+0200,1079.11,MW,FR,FR,actual_offshore_wind_generation,Wind Offshore | Actual Aggregated,2026-08-17T13:35:39Z
2026-08-17T13:33:42Z,2026-08-17T15:33:42+0200,5bbffdc7-c3ab-4a18-a8bf-cc7d933ae677,2026-08-05T16:30:00Z,2026-08-05T18:30:00+0200,1077.36,MW,FR,FR,actual_offshore_wind_generation,Wind Offshore | Actual Aggregated,2026-08-17T13:35:39Z
2026-08-17T13:33:42Z,2026-08-17T15:33:42+0200,5bbffdc7-c3ab-4a18-a8bf-cc7d933ae677,2026-08-05T16:45:00Z,2026-08-05T18:45:00+0200,1113.58,MW,FR,FR,actual_offshore_wind_generation,Wind Offshore | Actual Aggregated,2026-08-17T13:35:39Z
2026-08-17T13:33:42Z,2026-08-17T15:33:42+0200,5bbffdc7-c3ab-4a18-a8bf-cc7d933ae677,2026-08-05T17:00:00Z,2026-08-05T19:00:00+0200,1115.08,MW,FR,FR,actual_offshore_wind_generation,Wind Offshore | Actual Aggregated,2026-08-17T13:35:39Z
2026-08-17T13:33:42Z,2026-08-17T15:33:42+0200,5bbffdc7-c3ab-4a18-a8bf-cc7d933ae677,2026-08-05T17:15:00Z,2026-08-05T19:15:00+0200,1146.63,MW,FR,FR,actual_offshore_wind_generation,Wind Offshore | Actual Aggregated,2026-08-17T13:35:39Z
2026-08-17T13:33:42Z,2026-08-17T15:33:42+0200,5bbffdc7-c3ab-4a18-a8bf-cc7d933ae677,2026-08-05T17:30:00Z,2026-08-05T19:30:00+0200,1158.93,MW,FR,FR,actual_offshore_wind_generation,Wind Offshore | Actual Aggregated,2026-08-17T13:35:39Z
2026-08-17T13:33:42Z,2026-08-17T15:33:42+0200,5bbffdc7-c3ab-4a18-a8bf-cc7d933ae677,2026-08-05T17:45:00Z,2026-08-05T19:45:00+0200,1173.27,MW,FR,FR,actual_offshore_wind_generation,Wind Offshore | Actual Aggregated,2026-08-17T13:35:39Z
2026-08-17T13:33:42Z,2026-08-17T15:33:42+0200,5bbffdc7-c3ab-4a18-a8bf-cc7d933ae677,2026-08-05T18:00:00Z,2026-08-05T20:00:00+0200,1182.58,MW,FR,FR,actual_offshore_wind_generation,Wind Offshore | Actual Aggregated,2026-08-17T13:35:39Z
2026-08-17T13:33:42Z,2026-08-17T15:33:42+0200,5bbffdc7-c3ab-4a18-a8bf-cc7d933ae677,2026-08-05T18:15:00Z,2026-08-05T20:15:00+0200,1221.93,MW,FR,FR,actual_offshore_wind_generation,Wind Offshore | Actual Aggregated,2026-08-17T13:35:39Z
2026-08-17T13:33:42Z,2026-08-17T15:33:42+0200,5bbffdc7-c3ab-4a18-a8bf-cc7d933ae677,2026-08-05T18:30:00Z,2026-08-05T20:30:00+0200,1225.39,MW,FR,FR,actual_offshore_wind_generation,Wind Offshore | Actual Aggregated,2026-08-17T13:35:39Z
2026-08-17T13:33:42Z,2026-08-17T15:33:42+0200,5bbffdc7-c3ab-4a18-a8bf-cc7d933ae677,2026-08-05T18:45:00Z,2026-08-05T20:45:00+0200,1250.07,MW,FR,FR,actual_offshore_wind_generation,Wind Offshore | Actual Aggregated,2026-08-17T13:35:39Z
2026-08-17T13:33:42Z,2026-08-17T15:33:42+0200,5bbffdc7-c3ab-4a18-a8bf-cc7d933ae677,2026-08-05T19:00:00Z,2026-08-05T21:00:00+0200,1285.82,MW,FR,FR,actual_offshore_wind_generation,Wind Offshore | Actual Aggregated,2026-08-17T13:35:39Z
2026-08-17T13:33:42Z,2026-08-17T15:33:42+0200,5bbffdc7-c3ab-4a18-a8bf-cc7d933ae677,2026-08-05T19:15:00Z,2026-08-05T21:15:00+0200,1297.67,MW,FR,FR,actual_offshore_wind_generation,Wind Offshore | Actual Aggregated,2026-08-17T13:35:39Z
2026-08-17T13:33:42Z,2026-08-17T15:33:42+0200,5bbffdc7-c3ab-4a18-a8bf-cc7d933ae677,2026-08-05T19:30:00Z,2026-08-05T21:30:00+0200,1295.93,MW,FR,FR,actual_offshore_wind_generation,Wind Offshore | Actual Aggregated,2026-08-17T13:35:39Z
2026-08-17T13:33:42Z,2026-08-17T15:33:42+0200,5bbffdc7-c3ab-4a18-a8bf-cc7d933ae677,2026-08-05T19:45:00Z,2026-08-05T21:45:00+0200,1307.58,MW,FR,FR,actual_offshore_wind_generation,Wind Offshore | Actual Aggregated,2026-08-17T13:35:39Z
2026-08-17T13:33:42Z,2026-08-17T15:33:42+0200,5bbffdc7-c3ab-4a18-a8bf-cc7d933ae677,2026-08-05T20:00:00Z,2026-08-05T22:00:00+0200,1315.32,MW,FR,FR,actual_offshore_wind_generation,Wind Offshore | Actual Aggregated,2026-08-17T13:35:39Z
2026-08-17T13:33:42Z,2026-08-17T15:33:42+0200,5bbffdc7-c3ab-4a18-a8bf-cc7d933ae677,2026-08-05T20:15:00Z,2026-08-05T22:15:00+0200,1332.26,MW,FR,FR,actual_offshore_wind_generation,Wind Offshore | Actual Aggregated,2026-08-17T13:35:39Z
2026-08-17T13:33:42Z,2026-08-17T15:33:42+0200,5bbffdc7-c3ab-4a18-a8bf-cc7d933ae677,2026-08-05T20:30:00Z,2026-08-05T22:30:00+0200,1355.17,MW,FR,FR,actual_offshore_wind_generation,Wind Offshore | Actual Aggregated,2026-08-17T13:35:39Z
2026-08-17T13:33:42Z,2026-08-17T15:33:42+0200,5bbffdc7-c3ab-4a18-a8bf-cc7d933ae677,2026-08-05T20:45:00Z,2026-08-05T22:45:00+0200,1394.36,MW,FR,FR,actual_offshore_wind_generation,Wind Offshore | Actual Aggregated,2026-08-17T13:35:39Z
2026-08-17T13:33:42Z,2026-08-17T15:33:42+0200,5bbffdc7-c3ab-4a18-a8bf-cc7d933ae677,2026-08-05T21:00:00Z,2026-08-05T23:00:00+0200,1434.51,MW,FR,FR,actual_offshore_wind_generation,Wind Offshore | Actual Aggregated,2026-08-17T13:35:39Z
2026-08-17T13:33:42Z,2026-08-17T15:33:42+0200,5bbffdc7-c3ab-4a18-a8bf-cc7d933ae677,2026-08-05T21:15:00Z,2026-08-05T23:15:00+0200,1438.83,MW,FR,FR,actual_offshore_wind_generation,Wind Offshore | Actual Aggregated,2026-08-17T13:35:39Z
2026-08-17T13:33:42Z,2026-08-17T15:33:42+0200,5bbffdc7-c3ab-4a18-a8bf-cc7d933ae677,2026-08-05T21:30:00Z,2026-08-05T23:30:00+0200,1472.05,MW,FR,FR,actual_offshore_wind_generation,Wind Offshore | Actual Aggregated,2026-08-17T13:35:39Z
2026-08-17T13:33:42Z,2026-08-17T15:33:42+0200,5bbffdc7-c3ab-4a18-a8bf-cc7d933ae677,2026-08-05T21:45:00Z,2026-08-05T23:45:00+0200,1488.92,MW,FR,FR,actual_offshore_wind_generation,Wind Offshore | Actual Aggregated,2026-08-17T13:35:39Z
2026-08-17T13:33:42Z,2026-08-17T15:33:42+0200,5bbffdc7-c3ab-4a18-a8bf-cc7d933ae677,2026-08-05T22:00:00Z,2026-08-06T00:00:00+0200,1476.74,MW,FR,FR,actual_offshore_wind_generation,Wind Offshore | Actual Aggregated,2026-08-17T13:35:39Z
2026-08-17T13:33:42Z,2026-08-17T15:33:42+0200,5bbffdc7-c3ab-4a18-a8bf-cc7d933ae677,2026-08-05T22:15:00Z,2026-08-06T00:15:00+0200,1446.2,MW,FR,FR,actual_offshore_wind_generation,Wind Offshore | Actual Aggregated,2026-08-17T13:35:39Z
2026-08-17T13:33:42Z,2026-08-17T15:33:42+0200,5bbffdc7-c3ab-4a18-a8bf-cc7d933ae677,2026-08-05T22:30:00Z,2026-08-06T00:30:00+0200,1377.92,MW,FR,FR,actual_offshore_wind_generation,Wind Offshore | Actual Aggregated,2026-08-17T13:35:39Z
2026-08-17T13:33:42Z,2026-08-17T15:33:42+0200,5bbffdc7-c3ab-4a18-a8bf-cc7d933ae677,2026-08-05T22:45:00Z,2026-08-06T00:45:00+0200,1301.19,MW,FR,FR,actual_offshore_wind_generation,Wind Offshore | Actual Aggregated,2026-08-17T13:35:39Z
2026-08-17T13:33:42Z,2026-08-17T15:33:42+0200,5bbffdc7-c3ab-4a18-a8bf-cc7d933ae677,2026-08-05T23:00:00Z,2026-08-06T01:00:00+0200,1257.53,MW,FR,FR,actual_offshore_wind_generation,Wind Offshore | Actual Aggregated,2026-08-17T13:35:39Z
2026-08-17T13:33:42Z,2026-08-17T15:33:42+0200,5bbffdc7-c3ab-4a18-a8bf-cc7d933ae677,2026-08-05T23:15:00Z,2026-08-06T01:15:00+0200,1168.84,MW,FR,FR,actual_offshore_wind_generation,Wind Offshore | Actual Aggregated,2026-08-17T13:35:39Z
2026-08-17T13:33:42Z,2026-08-17T15:33:42+0200,5bbffdc7-c3ab-4a18-a8bf-cc7d933ae677,2026-08-05T23:30:00Z,2026-08-06T01:30:00+0200,1084.18,MW,FR,FR,actual_offshore_wind_generation,Wind Offshore | Actual Aggregated,2026-08-17T13:35:39Z
2026-08-17T13:33:42Z,2026-08-17T15:33:42+0200,5bbffdc7-c3ab-4a18-a8bf-cc7d933ae677,2026-08-05T23:45:00Z,2026-08-06T01:45:00+0200,1078.94,MW,FR,FR,actual_offshore_wind_generation,Wind Offshore | Actual Aggregated,2026-08-17T13:35:39Z
2026-08-17T13:33:42Z,2026-08-17T15:33:42+0200,5bbffdc7-c3ab-4a18-a8bf-cc7d933ae677,2026-08-06T00:00:00Z,2026-08-06T02:00:00+0200,1091.11,MW,FR,FR,actual_offshore_wind_generation,Wind Offshore | Actual Aggregated,2026-08-17T13:35:39Z
2026-08-17T13:33:42Z,2026-08-17T15:33:42+0200,5bbffdc7-c3ab-4a18-a8bf-cc7d933ae677,2026-08-06T00:15:00Z,2026-08-06T02:15:00+0200,985.01,MW,FR,FR,actual_offshore_wind_generation,Wind Offshore | Actual Aggregated,2026-08-17T13:35:39Z
2026-08-17T13:33:42Z,2026-08-17T15:33:42+0200,5bbffdc7-c3ab-4a18-a8bf-cc7d933ae677,2026-08-06T00:30:00Z,2026-08-06T02:30:00+0200,891.89,MW,FR,FR,actual_offshore_wind_generation,Wind Offshore | Actual Aggregated,2026-08-17T13:35:39Z
2026-08-17T13:33:42Z,2026-08-17T15:33:42+0200,5bbffdc7-c3ab-4a18-a8bf-cc7d933ae677,2026-08-06T00:45:00Z,2026-08-06T02:45:00+0200,804.42,MW,FR,FR,actual_offshore_wind_generation,Wind Offshore | Actual Aggregated,2026-08-17T13:35:39Z
2026-08-17T13:33:42Z,2026-08-17T15:33:42+0200,5bbffdc7-c3ab-4a18-a8bf-cc7d933ae677,2026-08-06T01:00:00Z,2026-08-06T03:00:00+0200,752.08,MW,FR,FR,actual_offshore_wind_generation,Wind Offshore | Actual Aggregated,2026-08-17T13:35:39Z
2026-08-17T13:33:42Z,2026-08-17T15:33:42+0200,5bbffdc7-c3ab-4a18-a8bf-cc7d933ae677,2026-08-06T01:15:00Z,2026-08-06T03:15:00+0200,688.49,MW,FR,FR,actual_offshore_wind_generation,Wind Offshore | Actual Aggregated,2026-08-17T13:35:39Z
2026-08-17T13:33:42Z,2026-08-17T15:33:42+0200,5bbffdc7-c3ab-4a18-a8bf-cc7d933ae677,2026-08-06T01:30:00Z,2026-08-06T03:30:00+0200,596.11,MW,FR,FR,actual_offshore_wind_generation,Wind Offshore | Actual Aggregated,2026-08-17T13:35:39Z
2026-08-17T13:33:42Z,2026-08-17T15:33:42+0200,5bbffdc7-c3ab-4a18-a8bf-cc7d933ae677,2026-08-06T01:45:00Z,2026-08-06T03:45:00+0200,539.0,MW,FR,FR,actual_offshore_wind_generation,Wind Offshore | Actual Aggregated,2026-08-17T13:35:39Z
2026-08-17T13:33:42Z,2026-08-17T15:33:42+0200,5bbffdc7-c3ab-4a18-a8bf-cc7d933ae677,2026-08-06T02:00:00Z,2026-08-06T04:00:00+0200,464.58,MW,FR,FR,actual_offshore_wind_generation,Wind Offshore | Actual Aggregated,2026-08-17T13:35:39Z
2026-08-17T13:33:42Z,2026-08-17T15:33:42+0200,5bbffdc7-c3ab-4a18-a8bf-cc7d933ae677,2026-08-06T02:15:00Z,2026-08-06T04:15:00+0200,413.89,MW,FR,FR,actual_offshore_wind_generation,Wind Offshore | Actual Aggregated,2026-08-17T13:35:39Z
2026-08-17T13:33:42Z,2026-08-17T15:33:42+0200,5bbffdc7-c3ab-4a18-a8bf-cc7d933ae677,2026-08-06T02:30:00Z,2026-08-06T04:30:00+0200,344.9,MW,FR,FR,actual_offshore_wind_generation,Wind Offshore | Actual Aggregated,2026-08-17T13:35:39Z
2026-08-17T13:33:42Z,2026-08-17T15:33:42+0200,5bbffdc7-c3ab-4a18-a8bf-cc7d933ae677,2026-08-06T02:45:00Z,2026-08-06T04:45:00+0200,332.06,MW,FR,FR,actual_offshore_wind_generation,Wind Offshore | Actual Aggregated,2026-08-17T13:35:39Z
2026-08-17T13:33:42Z,2026-08-17T15:33:42+0200,5bbffdc7-c3ab-4a18-a8bf-cc7d933ae677,2026-08-06T03:00:00Z,2026-08-06T05:00:00+0200,315.43,MW,FR,FR,actual_offshore_wind_generation,Wind Offshore | Actual Aggregated,2026-08-17T13:35:39Z
2026-08-17T13:33:42Z,2026-08-17T15:33:42+0200,5bbffdc7-c3ab-4a18-a8bf-cc7d933ae677,2026-08-06T03:15:00Z,2026-08-06T05:15:00+0200,328.14,MW,FR,FR,actual_offshore_wind_generation,Wind Offshore | Actual Aggregated,2026-08-17T13:35:39Z
2026-08-17T13:33:42Z,2026-08-17T15:33:42+0200,5bbffdc7-c3ab-4a18-a8bf-cc7d933ae677,2026-08-06T03:30:00Z,2026-08-06T05:30:00+0200,330.4,MW,FR,FR,actual_offshore_wind_generation,Wind Offshore | Actual Aggregated,2026-08-17T13:35:39Z
2026-08-17T13:33:42Z,2026-08-17T15:33:42+0200,5bbffdc7-c3ab-4a18-a8bf-cc7d933ae677,2026-08-06T03:45:00Z,2026-08-06T05:45:00+0200,325.01,MW,FR,FR,actual_offshore_wind_generation,Wind Offshore | Actual Aggregated,2026-08-17T13:35:39Z
2026-08-17T13:33:42Z,2026-08-17T15:33:42+0200,5bbffdc7-c3ab-4a18-a8bf-cc7d933ae677,2026-08-06T04:00:00Z,2026-08-06T06:00:00+0200,317.29,MW,FR,FR,actual_offshore_wind_generation,Wind Offshore | Actual Aggregated,2026-08-17T13:35:39Z
2026-08-17T13:33:42Z,2026-08-17T15:33:42+0200,5bbffdc7-c3ab-4a18-a8bf-cc7d933ae677,2026-08-06T04:15:00Z,2026-08-06T06:15:00+0200,329.99,MW,FR,FR,actual_offshore_wind_generation,Wind Offshore | Actual Aggregated,2026-08-17T13:35:39Z
2026-08-17T13:33:42Z,2026-08-17T15:33:42+0200,5bbffdc7-c3ab-4a18-a8bf-cc7d933ae677,2026-08-06T04:30:00Z,2026-08-06T06:30:00+0200,324.47,MW,FR,FR,actual_offshore_wind_generation,Wind Offshore | Actual Aggregated,2026-08-17T13:35:39Z
2026-08-17T13:33:42Z,2026-08-17T15:33:42+0200,5bbffdc7-c3ab-4a18-a8bf-cc7d933ae677,2026-08-06T04:45:00Z,2026-08-06T06:45:00+0200,327.17,MW,FR,FR,actual_offshore_wind_generation,Wind Offshore | Actual Aggregated,2026-08-17T13:35:39Z
2026-08-17T13:33:42Z,2026-08-17T15:33:42+0200,5bbffdc7-c3ab-4a18-a8bf-cc7d933ae677,2026-08-06T05:00:00Z,2026-08-06T07:00:00+0200,319.06,MW,FR,FR,actual_offshore_wind_generation,Wind Offshore | Actual Aggregated,2026-08-17T13:35:39Z
2026-08-17T13:33:42Z,2026-08-17T15:33:42+0200,5bbffdc7-c3ab-4a18-a8bf-cc7d933ae677,2026-08-06T05:15:00Z,2026-08-06T07:15:00+0200,297.41,MW,FR,FR,actual_offshore_wind_generation,Wind Offshore | Actual Aggregated,2026-08-17T13:35:39Z
2026-08-17T13:33:42Z,2026-08-17T15:33:42+0200,5bbffdc7-c3ab-4a18-a8bf-cc7d933ae677,2026-08-06T05:30:00Z,2026-08-06T07:30:00+0200,273.29,MW,FR,FR,actual_offshore_wind_generation,Wind Offshore | Actual Aggregated,2026-08-17T13:35:39Z
2026-08-17T13:33:42Z,2026-08-17T15:33:42+0200,5bbffdc7-c3ab-4a18-a8bf-cc7d933ae677,2026-08-06T05:45:00Z,2026-08-06T07:45:00+0200,277.85,MW,FR,FR,actual_offshore_wind_generation,Wind Offshore | Actual Aggregated,2026-08-17T13:35:39Z
2026-08-17T13:33:42Z,2026-08-17T15:33:42+0200,5bbffdc7-c3ab-4a18-a8bf-cc7d933ae677,2026-08-06T06:00:00Z,2026-08-06T08:00:00+0200,269.29,MW,FR,FR,actual_offshore_wind_generation,Wind Offshore | Actual Aggregated,2026-08-17T13:35:39Z
2026-08-17T13:33:42Z,2026-08-17T15:33:42+0200,5bbffdc7-c3ab-4a18-a8bf-cc7d933ae677,2026-08-06T06:15:00Z,2026-08-06T08:15:00+0200,275.59,MW,FR,FR,actual_offshore_wind_generation,Wind Offshore | Actual Aggregated,2026-08-17T13:35:39Z
2026-08-17T13:33:42Z,2026-08-17T15:33:42+0200,5bbffdc7-c3ab-4a18-a8bf-cc7d933ae677,2026-08-06T06:30:00Z,2026-08-06T08:30:00+0200,295.81,MW,FR,FR,actual_offshore_wind_generation,Wind Offshore | Actual Aggregated,2026-08-17T13:35:39Z
2026-08-17T13:33:42Z,2026-08-17T15:33:42+0200,5bbffdc7-c3ab-4a18-a8bf-cc7d933ae677,2026-08-06T06:45:00Z,2026-08-06T08:45:00+0200,305.94,MW,FR,FR,actual_offshore_wind_generation,Wind Offshore | Actual Aggregated,2026-08-17T13:35:39Z
2026-08-17T13:33:42Z,2026-08-17T15:33:42+0200,5bbffdc7-c3ab-4a18-a8bf-cc7d933ae677,2026-08-06T07:00:00Z,2026-08-06T09:00:00+0200,300.66,MW,FR,FR,actual_offshore_wind_generation,Wind Offshore | Actual Aggregated,2026-08-17T13:35:39Z
2026-08-17T13:33:42Z,2026-08-17T15:33:42+0200,5bbffdc7-c3ab-4a18-a8bf-cc7d933ae677,2026-08-06T07:15:00Z,2026-08-06T09:15:00+0200,271.65,MW,FR,FR,actual_offshore_wind_generation,Wind Offshore | Actual Aggregated,2026-08-17T13:35:39Z
2026-08-17T13:33:42Z,2026-08-17T15:33:42+0200,5bbffdc7-c3ab-4a18-a8bf-cc7d933ae677,2026-08-06T07:30:00Z,2026-08-06T09:30:00+0200,243.05,MW,FR,FR,actual_offshore_wind_generation,Wind Offshore | Actual Aggregated,2026-08-17T13:35:39Z
2026-08-17T13:33:42Z,2026-08-17T15:33:42+0200,5bbffdc7-c3ab-4a18-a8bf-cc7d933ae677,2026-08-06T07:45:00Z,2026-08-06T09:45:00+0200,243.04,MW,FR,FR,actual_offshore_wind_generation,Wind Offshore | Actual Aggregated,2026-08-17T13:35:39Z
2026-08-17T13:33:42Z,2026-08-17T15:33:42+0200,5bbffdc7-c3ab-4a18-a8bf-cc7d933ae677,2026-08-06T08:00:00Z,2026-08-06T10:00:00+0200,250.32,MW,FR,FR,actual_offshore_wind_generation,Wind Offshore | Actual Aggregated,2026-08-17T13:35:39Z
2026-08-17T13:33:42Z,2026-08-17T15:33:42+0200,5bbffdc7-c3ab-4a18-a8bf-cc7d933ae677,2026-08-06T08:15:00Z,2026-08-06T10:15:00+0200,231.48,MW,FR,FR,actual_offshore_wind_generation,Wind Offshore | Actual Aggregated,2026-08-17T13:35:39Z
2026-08-17T13:33:42Z,2026-08-17T15:33:42+0200,5bbffdc7-c3ab-4a18-a8bf-cc7d933ae677,2026-08-06T08:30:00Z,2026-08-06T10:30:00+0200,218.18,MW,FR,FR,actual_offshore_wind_generation,Wind Offshore | Actual Aggregated,2026-08-17T13:35:39Z
2026-08-17T13:33:42Z,2026-08-17T15:33:42+0200,5bbffdc7-c3ab-4a18-a8bf-cc7d933ae677,2026-08-06T08:45:00Z,2026-08-06T10:45:00+0200,208.17,MW,FR,FR,actual_offshore_wind_generation,Wind Offshore | Actual Aggregated,2026-08-17T13:35:39Z
2026-08-17T13:33:42Z,2026-08-17T15:33:42+0200,5bbffdc7-c3ab-4a18-a8bf-cc7d933ae677,2026-08-06T09:00:00Z,2026-08-06T11:00:00+0200,197.94,MW,FR,FR,actual_offshore_wind_generation,Wind Offshore | Actual Aggregated,2026-08-17T13:35:39Z
2026-08-17T13:33:42Z,2026-08-17T15:33:42+0200,5bbffdc7-c3ab-4a18-a8bf-cc7d933ae677,2026-08-06T09:15:00Z,2026-08-06T11:15:00+0200,188.72,MW,FR,FR,actual_offshore_wind_generation,Wind Offshore | Actual Aggregated,2026-08-17T13:35:39Z
2026-08-17T13:33:42Z,2026-08-17T15:33:42+0200,5bbffdc7-c3ab-4a18-a8bf-cc7d933ae677,2026-08-06T09:30:00Z,2026-08-06T11:30:00+0200,195.48,MW,FR,FR,actual_offshore_wind_generation,Wind Offshore | Actual Aggregated,2026-08-17T13:35:39Z
2026-08-17T13:33:42Z,2026-08-17T15:33:42+0200,5bbffdc7-c3ab-4a18-a8bf-cc7d933ae677,2026-08-06T09:45:00Z,2026-08-06T11:45:00+0200,184.61,MW,FR,FR,actual_offshore_wind_generation,Wind Offshore | Actual Aggregated,2026-08-17T13:35:39Z
2026-08-17T13:33:42Z,2026-08-17T15:33:42+0200,5bbffdc7-c3ab-4a18-a8bf-cc7d933ae677,2026-08-06T10:00:00Z,2026-08-06T12:00:00+0200,167.24,MW,FR,FR,actual_offshore_wind_generation,Wind Offshore | Actual Aggregated,2026-08-17T13:35:39Z
2026-08-17T13:33:42Z,2026-08-17T15:33:42+0200,5bbffdc7-c3ab-4a18-a8bf-cc7d933ae677,2026-08-06T10:15:00Z,2026-08-06T12:15:00+0200,139.92,MW,FR,FR,actual_offshore_wind_generation,Wind Offshore | Actual Aggregated,2026-08-17T13:35:39Z
2026-08-17T13:33:42Z,2026-08-17T15:33:42+0200,5bbffdc7-c3ab-4a18-a8bf-cc7d933ae677,2026-08-06T10:30:00Z,2026-08-06T12:30:00+0200,106.0,MW,FR,FR,actual_offshore_wind_generation,Wind Offshore | Actual Aggregated,2026-08-17T13:35:39Z
2026-08-17T13:33:42Z,2026-08-17T15:33:42+0200,5bbffdc7-c3ab-4a18-a8bf-cc7d933ae677,2026-08-06T10:45:00Z,2026-08-06T12:45:00+0200,91.25,MW,FR,FR,actual_offshore_wind_generation,Wind Offshore | Actual Aggregated,2026-08-17T13:35:39Z
2026-08-17T13:33:42Z,2026-08-17T15:33:42+0200,5bbffdc7-c3ab-4a18-a8bf-cc7d933ae677,2026-08-06T11:00:00Z,2026-08-06T13:00:00+0200,88.71,MW,FR,FR,actual_offshore_wind_generation,Wind Offshore | Actual Aggregated,2026-08-17T13:35:39Z
2026-08-17T13:33:42Z,2026-08-17T15:33:42+0200,5bbffdc7-c3ab-4a18-a8bf-cc7d933ae677,2026-08-06T11:15:00Z,2026-08-06T13:15:00+0200,101.7,MW,FR,FR,actual_offshore_wind_generation,Wind Offshore | Actual Aggregated,2026-08-17T13:35:39Z
2026-08-17T13:33:42Z,2026-08-17T15:33:42+0200,5bbffdc7-c3ab-4a18-a8bf-cc7d933ae677,2026-08-06T11:30:00Z,2026-08-06T13:30:00+0200,108.53,MW,FR,FR,actual_offshore_wind_generation,Wind Offshore | Actual Aggregated,2026-08-17T13:35:39Z
2026-08-17T13:33:42Z,2026-08-17T15:33:42+0200,5bbffdc7-c3ab-4a18-a8bf-cc7d933ae677,2026-08-06T11:45:00Z,2026-08-06T13:45:00+0200,104.44,MW,FR,FR,actual_offshore_wind_generation,Wind Offshore | Actual Aggregated,2026-08-17T13:35:39Z
2026-08-17T13:33:42Z,2026-08-17T15:33:42+0200,5bbffdc7-c3ab-4a18-a8bf-cc7d933ae677,2026-08-06T12:00:00Z,2026-08-06T14:00:00+0200,121.27,MW,FR,FR,actual_offshore_wind_generation,Wind Offshore | Actual Aggregated,2026-08-17T13:35:39Z
2026-08-17T13:33:42Z,2026-08-17T15:33:42+0200,5bbffdc7-c3ab-4a18-a8bf-cc7d933ae677,2026-08-06T12:15:00Z,2026-08-06T14:15:00+0200,134.3,MW,FR,FR,actual_offshore_wind_generation,Wind Offshore | Actual Aggregated,2026-08-17T13:35:39Z
2026-08-17T13:33:42Z,2026-08-17T15:33:42+0200,5bbffdc7-c3ab-4a18-a8bf-cc7d933ae677,2026-08-06T12:30:00Z,2026-08-06T14:30:00+0200,141.46,MW,FR,FR,actual_offshore_wind_generation,Wind Offshore | Actual Aggregated,2026-08-17T13:35:39Z
2026-08-17T13:33:42Z,2026-08-17T15:33:42+0200,5bbffdc7-c3ab-4a18-a8bf-cc7d933ae677,2026-08-06T12:45:00Z,2026-08-06T14:45:00+0200,151.98,MW,FR,FR,actual_offshore_wind_generation,Wind Offshore | Actual Aggregated,2026-08-17T13:35:39Z
2026-08-17T13:33:42Z,2026-08-17T15:33:42+0200,5bbffdc7-c3ab-4a18-a8bf-cc7d933ae677,2026-08-06T13:00:00Z,2026-08-06T15:00:00+0200,163.33,MW,FR,FR,actual_offshore_wind_generation,Wind Offshore | Actual Aggregated,2026-08-17T13:35:39Z
2026-08-17T13:33:42Z,2026-08-17T15:33:42+0200,5bbffdc7-c3ab-4a18-a8bf-cc7d933ae677,2026-08-06T13:15:00Z,2026-08-06T15:15:00+0200,189.03,MW,FR,FR,actual_offshore_wind_generation,Wind Offshore | Actual Aggregated,2026-08-17T13:35:39Z
2026-08-17T13:33:42Z,2026-08-17T15:33:42+0200,5bbffdc7-c3ab-4a18-a8bf-cc7d933ae677,2026-08-06T13:30:00Z,2026-08-06T15:30:00+0200,215.7,MW,FR,FR,actual_offshore_wind_generation,Wind Offshore | Actual Aggregated,2026-08-17T13:35:39Z
2026-08-17T13:33:42Z,2026-08-17T15:33:42+0200,5bbffdc7-c3ab-4a18-a8bf-cc7d933ae677,2026-08-06T13:45:00Z,2026-08-06T15:45:00+0200,233.41,MW,FR,FR,actual_offshore_wind_generation,Wind Offshore | Actual Aggregated,2026-08-17T13:35:39Z
2026-08-17T13:33:42Z,2026-08-17T15:33:42+0200,5bbffdc7-c3ab-4a18-a8bf-cc7d933ae677,2026-08-06T14:00:00Z,2026-08-06T16:00:00+0200,243.95,MW,FR,FR,actual_offshore_wind_generation,Wind Offshore | Actual Aggregated,2026-08-17T13:35:39Z
2026-08-17T13:33:42Z,2026-08-17T15:33:42+0200,5bbffdc7-c3ab-4a18-a8bf-cc7d933ae677,2026-08-06T14:15:00Z,2026-08-06T16:15:00+0200,245.62,MW,FR,FR,actual_offshore_wind_generation,Wind Offshore | Actual Aggregated,2026-08-17T13:35:39Z
2026-08-17T13:33:42Z,2026-08-17T15:33:42+0200,5bbffdc7-c3ab-4a18-a8bf-cc7d933ae677,2026-08-06T14:30:00Z,2026-08-06T16:30:00+0200,242.18,MW,FR,FR,actual_offshore_wind_generation,Wind Offshore | Actual Aggregated,2026-08-17T13:35:39Z
2026-08-17T13:33:42Z,2026-08-17T15:33:42+0200,5bbffdc7-c3ab-4a18-a8bf-cc7d933ae677,2026-08-06T14:45:00Z,2026-08-06T16:45:00+0200,256.66,MW,FR,FR,actual_offshore_wind_generation,Wind Offshore | Actual Aggregated,2026-08-17T13:35:39Z
2026-08-17T13:33:42Z,2026-08-17T15:33:42+0200,5bbffdc7-c3ab-4a18-a8bf-cc7d933ae677,2026-08-06T15:00:00Z,2026-08-06T17:00:00+0200,292.8,MW,FR,FR,actual_offshore_wind_generation,Wind Offshore | Actual Aggregated,2026-08-17T13:35:39Z
2026-08-17T13:33:42Z,2026-08-17T15:33:42+0200,5bbffdc7-c3ab-4a18-a8bf-cc7d933ae677,2026-08-06T15:15:00Z,2026-08-06T17:15:00+0200,334.78,MW,FR,FR,actual_offshore_wind_generation,Wind Offshore | Actual Aggregated,2026-08-17T13:35:39Z
2026-08-17T13:33:42Z,2026-08-17T15:33:42+0200,5bbffdc7-c3ab-4a18-a8bf-cc7d933ae677,2026-08-06T15:30:00Z,2026-08-06T17:30:00+0200,374.49,MW,FR,FR,actual_offshore_wind_generation,Wind Offshore | Actual Aggregated,2026-08-17T13:35:39Z
2026-08-17T13:33:42Z,2026-08-17T15:33:42+0200,5bbffdc7-c3ab-4a18-a8bf-cc7d933ae677,2026-08-06T15:45:00Z,2026-08-06T17:45:00+0200,407.12,MW,FR,FR,actual_offshore_wind_generation,Wind Offshore | Actual Aggregated,2026-08-17T13:35:39Z
2026-08-17T13:33:42Z,2026-08-17T15:33:42+0200,5bbffdc7-c3ab-4a18-a8bf-cc7d933ae677,2026-08-06T16:00:00Z,2026-08-06T18:00:00+0200,447.1,MW,FR,FR,actual_offshore_wind_generation,Wind Offshore | Actual Aggregated,2026-08-17T13:35:39Z
2026-08-17T13:33:42Z,2026-08-17T15:33:42+0200,5bbffdc7-c3ab-4a18-a8bf-cc7d933ae677,2026-08-06T16:15:00Z,2026-08-06T18:15:00+0200,453.31,MW,FR,FR,actual_offshore_wind_generation,Wind Offshore | Actual Aggregated,2026-08-17T13:35:39Z
2026-08-17T13:33:42Z,2026-08-17T15:33:42+0200,5bbffdc7-c3ab-4a18-a8bf-cc7d933ae677,2026-08-06T16:30:00Z,2026-08-06T18:30:00+0200,440.23,MW,FR,FR,actual_offshore_wind_generation,Wind Offshore | Actual Aggregated,2026-08-17T13:35:39Z
2026-08-17T13:33:42Z,2026-08-17T15:33:42+0200,5bbffdc7-c3ab-4a18-a8bf-cc7d933ae677,2026-08-06T16:45:00Z,2026-08-06T18:45:00+0200,481.64,MW,FR,FR,actual_offshore_wind_generation,Wind Offshore | Actual Aggregated,2026-08-17T13:35:39Z
2026-08-17T13:33:42Z,2026-08-17T15:33:42+0200,5bbffdc7-c3ab-4a18-a8bf-cc7d933ae677,2026-08-06T17:00:00Z,2026-08-06T19:00:00+0200,506.89,MW,FR,FR,actual_offshore_wind_generation,Wind Offshore | Actual Aggregated,2026-08-17T13:35:39Z
2026-08-17T13:33:42Z,2026-08-17T15:33:42+0200,5bbffdc7-c3ab-4a18-a8bf-cc7d933ae677,2026-08-06T17:15:00Z,2026-08-06T19:15:00+0200,513.02,MW,FR,FR,actual_offshore_wind_generation,Wind Offshore | Actual Aggregated,2026-08-17T13:35:39Z
2026-08-17T13:33:42Z,2026-08-17T15:33:42+0200,5bbffdc7-c3ab-4a18-a8bf-cc7d933ae677,2026-08-06T17:30:00Z,2026-08-06T19:30:00+0200,520.42,MW,FR,FR,actual_offshore_wind_generation,Wind Offshore | Actual Aggregated,2026-08-17T13:35:39Z
2026-08-17T13:33:42Z,2026-08-17T15:33:42+0200,5bbffdc7-c3ab-4a18-a8bf-cc7d933ae677,2026-08-06T17:45:00Z,2026-08-06T19:45:00+0200,567.06,MW,FR,FR,actual_offshore_wind_generation,Wind Offshore | Actual Aggregated,2026-08-17T13:35:39Z
2026-08-17T13:33:42Z,2026-08-17T15:33:42+0200,5bbffdc7-c3ab-4a18-a8bf-cc7d933ae677,2026-08-06T18:00:00Z,2026-08-06T20:00:00+0200,580.64,MW,FR,FR,actual_offshore_wind_generation,Wind Offshore | Actual Aggregated,2026-08-17T13:35:39Z
2026-08-17T13:33:42Z,2026-08-17T15:33:42+0200,5bbffdc7-c3ab-4a18-a8bf-cc7d933ae677,2026-08-06T18:15:00Z,2026-08-06T20:15:00+0200,632.99,MW,FR,FR,actual_offshore_wind_generation,Wind Offshore | Actual Aggregated,2026-08-17T13:35:39Z
2026-08-17T13:33:42Z,2026-08-17T15:33:42+0200,5bbffdc7-c3ab-4a18-a8bf-cc7d933ae677,2026-08-06T18:30:00Z,2026-08-06T20:30:00+0200,710.68,MW,FR,FR,actual_offshore_wind_generation,Wind Offshore | Actual Aggregated,2026-08-17T13:35:39Z
2026-08-17T13:33:42Z,2026-08-17T15:33:42+0200,5bbffdc7-c3ab-4a18-a8bf-cc7d933ae677,2026-08-06T18:45:00Z,2026-08-06T20:45:00+0200,752.88,MW,FR,FR,actual_offshore_wind_generation,Wind Offshore | Actual Aggregated,2026-08-17T13:35:39Z
2026-08-17T13:33:42Z,2026-08-17T15:33:42+0200,5bbffdc7-c3ab-4a18-a8bf-cc7d933ae677,2026-08-06T19:00:00Z,2026-08-06T21:00:00+0200,776.56,MW,FR,FR,actual_offshore_wind_generation,Wind Offshore | Actual Aggregated,2026-08-17T13:35:39Z
2026-08-17T13:33:42Z,2026-08-17T15:33:42+0200,5bbffdc7-c3ab-4a18-a8bf-cc7d933ae677,2026-08-06T19:15:00Z,2026-08-06T21:15:00+0200,693.35,MW,FR,FR,actual_offshore_wind_generation,Wind Offshore | Actual Aggregated,2026-08-17T13:35:39Z
2026-08-17T13:33:42Z,2026-08-17T15:33:42+0200,5bbffdc7-c3ab-4a18-a8bf-cc7d933ae677,2026-08-06T19:30:00Z,2026-08-06T21:30:00+0200,657.57,MW,FR,FR,actual_offshore_wind_generation,Wind Offshore | Actual Aggregated,2026-08-17T13:35:39Z
2026-08-17T13:33:42Z,2026-08-17T15:33:42+0200,5bbffdc7-c3ab-4a18-a8bf-cc7d933ae677,2026-08-06T19:45:00Z,2026-08-06T21:45:00+0200,693.18,MW,FR,FR,actual_offshore_wind_generation,Wind Offshore | Actual Aggregated,2026-08-17T13:35:39Z
2026-08-17T13:33:42Z,2026-08-17T15:33:42+0200,5bbffdc7-c3ab-4a18-a8bf-cc7d933ae677,2026-08-06T20:00:00Z,2026-08-06T22:00:00+0200,704.79,MW,FR,FR,actual_offshore_wind_generation,Wind Offshore | Actual Aggregated,2026-08-17T13:35:39Z
2026-08-17T13:33:42Z,2026-08-17T15:33:42+0200,5bbffdc7-c3ab-4a18-a8bf-cc7d933ae677,2026-08-06T20:15:00Z,2026-08-06T22:15:00+0200,697.79,MW,FR,FR,actual_offshore_wind_generation,Wind Offshore | Actual Aggregated,2026-08-17T13:35:39Z
2026-08-17T13:33:42Z,2026-08-17T15:33:42+0200,5bbffdc7-c3ab-4a18-a8bf-cc7d933ae677,2026-08-06T20:30:00Z,2026-08-06T22:30:00+0200,639.96,MW,FR,FR,actual_offshore_wind_generation,Wind Offshore | Actual Aggregated,2026-08-17T13:35:39Z
2026-08-17T13:33:42Z,2026-08-17T15:33:42+0200,5bbffdc7-c3ab-4a18-a8bf-cc7d933ae677,2026-08-06T20:45:00Z,2026-08-06T22:45:00+0200,670.49,MW,FR,FR,actual_offshore_wind_generation,Wind Offshore | Actual Aggregated,2026-08-17T13:35:39Z
2026-08-17T13:33:42Z,2026-08-17T15:33:42+0200,5bbffdc7-c3ab-4a18-a8bf-cc7d933ae677,2026-08-06T21:00:00Z,2026-08-06T23:00:00+0200,716.0,MW,FR,FR,actual_offshore_wind_generation,Wind Offshore | Actual Aggregated,2026-08-17T13:35:39Z
2026-08-17T13:33:42Z,2026-08-17T15:33:42+0200,5bbffdc7-c3ab-4a18-a8bf-cc7d933ae677,2026-08-06T21:15:00Z,2026-08-06T23:15:00+0200,708.8,MW,FR,FR,actual_offshore_wind_generation,Wind Offshore | Actual Aggregated,2026-08-17T13:35:39Z
2026-08-17T13:33:42Z,2026-08-17T15:33:42+0200,5bbffdc7-c3ab-4a18-a8bf-cc7d933ae677,2026-08-06T21:30:00Z,2026-08-06T23:30:00+0200,767.53,MW,FR,FR,actual_offshore_wind_generation,Wind Offshore | Actual Aggregated,2026-08-17T13:35:39Z
2026-08-17T13:33:42Z,2026-08-17T15:33:42+0200,5bbffdc7-c3ab-4a18-a8bf-cc7d933ae677,2026-08-06T21:45:00Z,2026-08-06T23:45:00+0200,831.63,MW,FR,FR,actual_offshore_wind_generation,Wind Offshore | Actual Aggregated,2026-08-17T13:35:39Z
2026-08-17T13:33:42Z,2026-08-17T15:33:42+0200,5bbffdc7-c3ab-4a18-a8bf-cc7d933ae677,2026-08-06T22:00:00Z,2026-08-07T00:00:00+0200,800.72,MW,FR,FR,actual_offshore_wind_generation,Wind Offshore | Actual Aggregated,2026-08-17T13:35:39Z
2026-08-17T13:33:42Z,2026-08-17T15:33:42+0200,5bbffdc7-c3ab-4a18-a8bf-cc7d933ae677,2026-08-06T22:15:00Z,2026-08-07T00:15:00+0200,744.65,MW,FR,FR,actual_offshore_wind_generation,Wind Offshore | Actual Aggregated,2026-08-17T13:35:39Z
2026-08-17T13:33:42Z,2026-08-17T15:33:42+0200,5bbffdc7-c3ab-4a18-a8bf-cc7d933ae677,2026-08-06T22:30:00Z,2026-08-07T00:30:00+0200,725.68,MW,FR,FR,actual_offshore_wind_generation,Wind Offshore | Actual Aggregated,2026-08-17T13:35:39Z
2026-08-17T13:33:42Z,2026-08-17T15:33:42+0200,5bbffdc7-c3ab-4a18-a8bf-cc7d933ae677,2026-08-06T22:45:00Z,2026-08-07T00:45:00+0200,699.61,MW,FR,FR,actual_offshore_wind_generation,Wind Offshore | Actual Aggregated,2026-08-17T13:35:39Z
2026-08-17T13:33:42Z,2026-08-17T15:33:42+0200,5bbffdc7-c3ab-4a18-a8bf-cc7d933ae677,2026-08-06T23:00:00Z,2026-08-07T01:00:00+0200,659.63,MW,FR,FR,actual_offshore_wind_generation,Wind Offshore | Actual Aggregated,2026-08-17T13:35:39Z
2026-08-17T13:33:42Z,2026-08-17T15:33:42+0200,5bbffdc7-c3ab-4a18-a8bf-cc7d933ae677,2026-08-06T23:15:00Z,2026-08-07T01:15:00+0200,679.7,MW,FR,FR,actual_offshore_wind_generation,Wind Offshore | Actual Aggregated,2026-08-17T13:35:39Z
2026-08-17T13:33:42Z,2026-08-17T15:33:42+0200,5bbffdc7-c3ab-4a18-a8bf-cc7d933ae677,2026-08-06T23:30:00Z,2026-08-07T01:30:00+0200,691.62,MW,FR,FR,actual_offshore_wind_generation,Wind Offshore | Actual Aggregated,2026-08-17T13:35:39Z
2026-08-17T13:33:42Z,2026-08-17T15:33:42+0200,5bbffdc7-c3ab-4a18-a8bf-cc7d933ae677,2026-08-06T23:45:00Z,2026-08-07T01:45:00+0200,717.6,MW,FR,FR,actual_offshore_wind_generation,Wind Offshore | Actual Aggregated,2026-08-17T13:35:39Z
2026-08-17T13:33:42Z,2026-08-17T15:33:42+0200,5bbffdc7-c3ab-4a18-a8bf-cc7d933ae677,2026-08-07T00:00:00Z,2026-08-07T02:00:00+0200,760.04,MW,FR,FR,actual_offshore_wind_generation,Wind Offshore | Actual Aggregated,2026-08-17T13:35:39Z
2026-08-17T13:33:42Z,2026-08-17T15:33:42+0200,5bbffdc7-c3ab-4a18-a8bf-cc7d933ae677,2026-08-07T00:15:00Z,2026-08-07T02:15:00+0200,788.77,MW,FR,FR,actual_offshore_wind_generation,Wind Offshore | Actual Aggregated,2026-08-17T13:35:39Z
2026-08-17T13:33:42Z,2026-08-17T15:33:42+0200,5bbffdc7-c3ab-4a18-a8bf-cc7d933ae677,2026-08-07T00:30:00Z,2026-08-07T02:30:00+0200,803.44,MW,FR,FR,actual_offshore_wind_generation,Wind Offshore | Actual Aggregated,2026-08-17T13:35:39Z
2026-08-17T13:33:42Z,2026-08-17T15:33:42+0200,5bbffdc7-c3ab-4a18-a8bf-cc7d933ae677,2026-08-07T00:45:00Z,2026-08-07T02:45:00+0200,770.69,MW,FR,FR,actual_offshore_wind_generation,Wind Offshore | Actual Aggregated,2026-08-17T13:35:39Z
2026-08-17T13:33:42Z,2026-08-17T15:33:42+0200,5bbffdc7-c3ab-4a18-a8bf-cc7d933ae677,2026-08-07T01:00:00Z,2026-08-07T03:00:00+0200,765.74,MW,FR,FR,actual_offshore_wind_generation,Wind Offshore | Actual Aggregated,2026-08-17T13:35:39Z
2026-08-17T13:33:42Z,2026-08-17T15:33:42+0200,5bbffdc7-c3ab-4a18-a8bf-cc7d933ae677,2026-08-07T01:15:00Z,2026-08-07T03:15:00+0200,738.84,MW,FR,FR,actual_offshore_wind_generation,Wind Offshore | Actual Aggregated,2026-08-17T13:35:39Z
2026-08-17T13:33:42Z,2026-08-17T15:33:42+0200,5bbffdc7-c3ab-4a18-a8bf-cc7d933ae677,2026-08-07T01:30:00Z,2026-08-07T03:30:00+0200,736.44,MW,FR,FR,actual_offshore_wind_generation,Wind Offshore | Actual Aggregated,2026-08-17T13:35:39Z
2026-08-17T13:33:42Z,2026-08-17T15:33:42+0200,5bbffdc7-c3ab-4a18-a8bf-cc7d933ae677,2026-08-07T01:45:00Z,2026-08-07T03:45:00+0200,725.12,MW,FR,FR,actual_offshore_wind_generation,Wind Offshore | Actual Aggregated,2026-08-17T13:35:39Z
2026-08-17T13:33:42Z,2026-08-17T15:33:42+0200,5bbffdc7-c3ab-4a18-a8bf-cc7d933ae677,2026-08-07T02:00:00Z,2026-08-07T04:00:00+0200,710.4,MW,FR,FR,actual_offshore_wind_generation,Wind Offshore | Actual Aggregated,2026-08-17T13:35:39Z
2026-08-17T13:33:42Z,2026-08-17T15:33:42+0200,5bbffdc7-c3ab-4a18-a8bf-cc7d933ae677,2026-08-07T02:15:00Z,2026-08-07T04:15:00+0200,669.64,MW,FR,FR,actual_offshore_wind_generation,Wind Offshore | Actual Aggregated,2026-08-17T13:35:39Z
2026-08-17T13:33:42Z,2026-08-17T15:33:42+0200,5bbffdc7-c3ab-4a18-a8bf-cc7d933ae677,2026-08-07T02:30:00Z,2026-08-07T04:30:00+0200,650.17,MW,FR,FR,actual_offshore_wind_generation,Wind Offshore | Actual Aggregated,2026-08-17T13:35:39Z
2026-08-17T13:33:42Z,2026-08-17T15:33:42+0200,5bbffdc7-c3ab-4a18-a8bf-cc7d933ae677,2026-08-07T02:45:00Z,2026-08-07T04:45:00+0200,576.83,MW,FR,FR,actual_offshore_wind_generation,Wind Offshore | Actual Aggregated,2026-08-17T13:35:39Z
2026-08-17T13:33:42Z,2026-08-17T15:33:42+0200,5bbffdc7-c3ab-4a18-a8bf-cc7d933ae677,2026-08-07T03:00:00Z,2026-08-07T05:00:00+0200,519.06,MW,FR,FR,actual_offshore_wind_generation,Wind Offshore | Actual Aggregated,2026-08-17T13:35:39Z
2026-08-17T13:33:42Z,2026-08-17T15:33:42+0200,5bbffdc7-c3ab-4a18-a8bf-cc7d933ae677,2026-08-07T03:15:00Z,2026-08-07T05:15:00+0200,496.01,MW,FR,FR,actual_offshore_wind_generation,Wind Offshore | Actual Aggregated,2026-08-17T13:35:39Z
2026-08-17T13:33:42Z,2026-08-17T15:33:42+0200,5bbffdc7-c3ab-4a18-a8bf-cc7d933ae677,2026-08-07T03:30:00Z,2026-08-07T05:30:00+0200,517.94,MW,FR,FR,actual_offshore_wind_generation,Wind Offshore | Actual Aggregated,2026-08-17T13:35:39Z
2026-08-17T13:33:42Z,2026-08-17T15:33:42+0200,5bbffdc7-c3ab-4a18-a8bf-cc7d933ae677,2026-08-07T03:45:00Z,2026-08-07T05:45:00+0200,539.72,MW,FR,FR,actual_offshore_wind_generation,Wind Offshore | Actual Aggregated,2026-08-17T13:35:39Z
2026-08-17T13:33:42Z,2026-08-17T15:33:42+0200,5bbffdc7-c3ab-4a18-a8bf-cc7d933ae677,2026-08-07T04:00:00Z,2026-08-07T06:00:00+0200,516.9,MW,FR,FR,actual_offshore_wind_generation,Wind Offshore | Actual Aggregated,2026-08-17T13:35:39Z
2026-08-17T13:33:42Z,2026-08-17T15:33:42+0200,5bbffdc7-c3ab-4a18-a8bf-cc7d933ae677,2026-08-07T04:15:00Z,2026-08-07T06:15:00+0200,498.41,MW,FR,FR,actual_offshore_wind_generation,Wind Offshore | Actual Aggregated,2026-08-17T13:35:39Z
2026-08-17T13:33:42Z,2026-08-17T15:33:42+0200,5bbffdc7-c3ab-4a18-a8bf-cc7d933ae677,2026-08-07T04:30:00Z,2026-08-07T06:30:00+0200,491.44,MW,FR,FR,actual_offshore_wind_generation,Wind Offshore | Actual Aggregated,2026-08-17T13:35:39Z
2026-08-17T13:33:42Z,2026-08-17T15:33:42+0200,5bbffdc7-c3ab-4a18-a8bf-cc7d933ae677,2026-08-07T04:45:00Z,2026-08-07T06:45:00+0200,537.5,MW,FR,FR,actual_offshore_wind_generation,Wind Offshore | Actual Aggregated,2026-08-17T13:35:39Z
2026-08-17T13:33:42Z,2026-08-17T15:33:42+0200,5bbffdc7-c3ab-4a18-a8bf-cc7d933ae677,2026-08-07T05:00:00Z,2026-08-07T07:00:00+0200,572.68,MW,FR,FR,actual_offshore_wind_generation,Wind Offshore | Actual Aggregated,2026-08-17T13:35:39Z
2026-08-17T13:33:42Z,2026-08-17T15:33:42+0200,5bbffdc7-c3ab-4a18-a8bf-cc7d933ae677,2026-08-07T05:15:00Z,2026-08-07T07:15:00+0200,607.47,MW,FR,FR,actual_offshore_wind_generation,Wind Offshore | Actual Aggregated,2026-08-17T13:35:39Z
2026-08-17T13:33:42Z,2026-08-17T15:33:42+0200,5bbffdc7-c3ab-4a18-a8bf-cc7d933ae677,2026-08-07T05:30:00Z,2026-08-07T07:30:00+0200,574.9,MW,FR,FR,actual_offshore_wind_generation,Wind Offshore | Actual Aggregated,2026-08-17T13:35:39Z
2026-08-17T13:33:42Z,2026-08-17T15:33:42+0200,5bbffdc7-c3ab-4a18-a8bf-cc7d933ae677,2026-08-07T05:45:00Z,2026-08-07T07:45:00+0200,559.25,MW,FR,FR,actual_offshore_wind_generation,Wind Offshore | Actual Aggregated,2026-08-17T13:35:39Z
2026-08-17T13:33:42Z,2026-08-17T15:33:42+0200,5bbffdc7-c3ab-4a18-a8bf-cc7d933ae677,2026-08-07T06:00:00Z,2026-08-07T08:00:00+0200,531.51,MW,FR,FR,actual_offshore_wind_generation,Wind Offshore | Actual Aggregated,2026-08-17T13:35:39Z
2026-08-17T13:33:42Z,2026-08-17T15:33:42+0200,5bbffdc7-c3ab-4a18-a8bf-cc7d933ae677,2026-08-07T06:15:00Z,2026-08-07T08:15:00+0200,480.54,MW,FR,FR,actual_offshore_wind_generation,Wind Offshore | Actual Aggregated,2026-08-17T13:35:39Z
2026-08-17T13:33:42Z,2026-08-17T15:33:42+0200,5bbffdc7-c3ab-4a18-a8bf-cc7d933ae677,2026-08-07T06:30:00Z,2026-08-07T08:30:00+0200,424.67,MW,FR,FR,actual_offshore_wind_generation,Wind Offshore | Actual Aggregated,2026-08-17T13:35:39Z
2026-08-17T13:33:42Z,2026-08-17T15:33:42+0200,5bbffdc7-c3ab-4a18-a8bf-cc7d933ae677,2026-08-07T06:45:00Z,2026-08-07T08:45:00+0200,397.38,MW,FR,FR,actual_offshore_wind_generation,Wind Offshore | Actual Aggregated,2026-08-17T13:35:39Z
2026-08-17T13:33:42Z,2026-08-17T15:33:42+0200,5bbffdc7-c3ab-4a18-a8bf-cc7d933ae677,2026-08-07T07:00:00Z,2026-08-07T09:00:00+0200,362.54,MW,FR,FR,actual_offshore_wind_generation,Wind Offshore | Actual Aggregated,2026-08-17T13:35:39Z
2026-08-17T13:33:42Z,2026-08-17T15:33:42+0200,5bbffdc7-c3ab-4a18-a8bf-cc7d933ae677,2026-08-07T07:15:00Z,2026-08-07T09:15:00+0200,319.36,MW,FR,FR,actual_offshore_wind_generation,Wind Offshore | Actual Aggregated,2026-08-17T13:35:39Z
2026-08-17T13:33:42Z,2026-08-17T15:33:42+0200,5bbffdc7-c3ab-4a18-a8bf-cc7d933ae677,2026-08-07T07:30:00Z,2026-08-07T09:30:00+0200,293.24,MW,FR,FR,actual_offshore_wind_generation,Wind Offshore | Actual Aggregated,2026-08-17T13:35:39Z
2026-08-17T13:33:42Z,2026-08-17T15:33:42+0200,5bbffdc7-c3ab-4a18-a8bf-cc7d933ae677,2026-08-07T07:45:00Z,2026-08-07T09:45:00+0200,267.07,MW,FR,FR,actual_offshore_wind_generation,Wind Offshore | Actual Aggregated,2026-08-17T13:35:39Z
2026-08-17T13:33:42Z,2026-08-17T15:33:42+0200,5bbffdc7-c3ab-4a18-a8bf-cc7d933ae677,2026-08-07T08:00:00Z,2026-08-07T10:00:00+0200,243.41,MW,FR,FR,actual_offshore_wind_generation,Wind Offshore | Actual Aggregated,2026-08-17T13:35:39Z
2026-08-17T13:33:42Z,2026-08-17T15:33:42+0200,5bbffdc7-c3ab-4a18-a8bf-cc7d933ae677,2026-08-07T08:15:00Z,2026-08-07T10:15:00+0200,218.32,MW,FR,FR,actual_offshore_wind_generation,Wind Offshore | Actual Aggregated,2026-08-17T13:35:39Z
2026-08-17T13:33:42Z,2026-08-17T15:33:42+0200,5bbffdc7-c3ab-4a18-a8bf-cc7d933ae677,2026-08-07T08:30:00Z,2026-08-07T10:30:00+0200,209.45,MW,FR,FR,actual_offshore_wind_generation,Wind Offshore | Actual Aggregated,2026-08-17T13:35:39Z
2026-08-17T13:33:42Z,2026-08-17T15:33:42+0200,5bbffdc7-c3ab-4a18-a8bf-cc7d933ae677,2026-08-07T08:45:00Z,2026-08-07T10:45:00+0200,188.34,MW,FR,FR,actual_offshore_wind_generation,Wind Offshore | Actual Aggregated,2026-08-17T13:35:39Z
2026-08-17T13:33:42Z,2026-08-17T15:33:42+0200,5bbffdc7-c3ab-4a18-a8bf-cc7d933ae677,2026-08-07T09:00:00Z,2026-08-07T11:00:00+0200,179.73,MW,FR,FR,actual_offshore_wind_generation,Wind Offshore | Actual Aggregated,2026-08-17T13:35:39Z
2026-08-17T13:33:42Z,2026-08-17T15:33:42+0200,5bbffdc7-c3ab-4a18-a8bf-cc7d933ae677,2026-08-07T09:15:00Z,2026-08-07T11:15:00+0200,176.57,MW,FR,FR,actual_offshore_wind_generation,Wind Offshore | Actual Aggregated,2026-08-17T13:35:39Z
2026-08-17T13:33:42Z,2026-08-17T15:33:42+0200,5bbffdc7-c3ab-4a18-a8bf-cc7d933ae677,2026-08-07T09:30:00Z,2026-08-07T11:30:00+0200,166.85,MW,FR,FR,actual_offshore_wind_generation,Wind Offshore | Actual Aggregated,2026-08-17T13:35:39Z
2026-08-17T13:33:42Z,2026-08-17T15:33:42+0200,5bbffdc7-c3ab-4a18-a8bf-cc7d933ae677,2026-08-07T09:45:00Z,2026-08-07T11:45:00+0200,137.15,MW,FR,FR,actual_offshore_wind_generation,Wind Offshore | Actual Aggregated,2026-08-17T13:35:39Z
2026-08-17T13:33:42Z,2026-08-17T15:33:42+0200,5bbffdc7-c3ab-4a18-a8bf-cc7d933ae677,2026-08-07T10:00:00Z,2026-08-07T12:00:00+0200,112.08,MW,FR,FR,actual_offshore_wind_generation,Wind Offshore | Actual Aggregated,2026-08-17T13:35:39Z
2026-08-17T13:33:42Z,2026-08-17T15:33:42+0200,5bbffdc7-c3ab-4a18-a8bf-cc7d933ae677,2026-08-07T10:15:00Z,2026-08-07T12:15:00+0200,104.4,MW,FR,FR,actual_offshore_wind_generation,Wind Offshore | Actual Aggregated,2026-08-17T13:35:39Z
2026-08-17T13:33:42Z,2026-08-17T15:33:42+0200,5bbffdc7-c3ab-4a18-a8bf-cc7d933ae677,2026-08-07T10:30:00Z,2026-08-07T12:30:00+0200,102.87,MW,FR,FR,actual_offshore_wind_generation,Wind Offshore | Actual Aggregated,2026-08-17T13:35:39Z
2026-08-17T13:33:42Z,2026-08-17T15:33:42+0200,5bbffdc7-c3ab-4a18-a8bf-cc7d933ae677,2026-08-07T10:45:00Z,2026-08-07T12:45:00+0200,90.83,MW,FR,FR,actual_offshore_wind_generation,Wind Offshore | Actual Aggregated,2026-08-17T13:35:39Z
2026-08-17T13:33:42Z,2026-08-17T15:33:42+0200,5bbffdc7-c3ab-4a18-a8bf-cc7d933ae677,2026-08-07T11:00:00Z,2026-08-07T13:00:00+0200,86.53,MW,FR,FR,actual_offshore_wind_generation,Wind Offshore | Actual Aggregated,2026-08-17T13:35:39Z
2026-08-17T13:33:42Z,2026-08-17T15:33:42+0200,5bbffdc7-c3ab-4a18-a8bf-cc7d933ae677,2026-08-07T11:15:00Z,2026-08-07T13:15:00+0200,83.68,MW,FR,FR,actual_offshore_wind_generation,Wind Offshore | Actual Aggregated,2026-08-17T13:35:39Z
2026-08-17T13:33:42Z,2026-08-17T15:33:42+0200,5bbffdc7-c3ab-4a18-a8bf-cc7d933ae677,2026-08-07T11:30:00Z,2026-08-07T13:30:00+0200,89.75,MW,FR,FR,actual_offshore_wind_generation,Wind Offshore | Actual Aggregated,2026-08-17T13:35:39Z
2026-08-17T13:33:42Z,2026-08-17T15:33:42+0200,5bbffdc7-c3ab-4a18-a8bf-cc7d933ae677,2026-08-07T11:45:00Z,2026-08-07T13:45:00+0200,93.38,MW,FR,FR,actual_offshore_wind_generation,Wind Offshore | Actual Aggregated,2026-08-17T13:35:39Z
2026-08-17T13:33:42Z,2026-08-17T15:33:42+0200,5bbffdc7-c3ab-4a18-a8bf-cc7d933ae677,2026-08-07T12:00:00Z,2026-08-07T14:00:00+0200,92.6,MW,FR,FR,actual_offshore_wind_generation,Wind Offshore | Actual Aggregated,2026-08-17T13:35:39Z
2026-08-17T13:33:42Z,2026-08-17T15:33:42+0200,5bbffdc7-c3ab-4a18-a8bf-cc7d933ae677,2026-08-07T12:15:00Z,2026-08-07T14:15:00+0200,97.17,MW,FR,FR,actual_offshore_wind_generation,Wind Offshore | Actual Aggregated,2026-08-17T13:35:39Z
2026-08-17T13:33:42Z,2026-08-17T15:33:42+0200,5bbffdc7-c3ab-4a18-a8bf-cc7d933ae677,2026-08-07T12:30:00Z,2026-08-07T14:30:00+0200,100.05,MW,FR,FR,actual_offshore_wind_generation,Wind Offshore | Actual Aggregated,2026-08-17T13:35:39Z
2026-08-17T13:33:42Z,2026-08-17T15:33:42+0200,5bbffdc7-c3ab-4a18-a8bf-cc7d933ae677,2026-08-07T12:45:00Z,2026-08-07T14:45:00+0200,106.61,MW,FR,FR,actual_offshore_wind_generation,Wind Offshore | Actual Aggregated,2026-08-17T13:35:39Z
2026-08-17T13:33:42Z,2026-08-17T15:33:42+0200,5bbffdc7-c3ab-4a18-a8bf-cc7d933ae677,2026-08-07T13:00:00Z,2026-08-07T15:00:00+0200,124.51,MW,FR,FR,actual_offshore_wind_generation,Wind Offshore | Actual Aggregated,2026-08-17T13:35:39Z
2026-08-17T13:33:42Z,2026-08-17T15:33:42+0200,5bbffdc7-c3ab-4a18-a8bf-cc7d933ae677,2026-08-07T13:15:00Z,2026-08-07T15:15:00+0200,139.64,MW,FR,FR,actual_offshore_wind_generation,Wind Offshore | Actual Aggregated,2026-08-17T13:35:39Z
2026-08-17T13:33:42Z,2026-08-17T15:33:42+0200,5bbffdc7-c3ab-4a18-a8bf-cc7d933ae677,2026-08-07T13:30:00Z,2026-08-07T15:30:00+0200,156.5,MW,FR,FR,actual_offshore_wind_generation,Wind Offshore | Actual Aggregated,2026-08-17T13:35:39Z
2026-08-17T13:33:42Z,2026-08-17T15:33:42+0200,5bbffdc7-c3ab-4a18-a8bf-cc7d933ae677,2026-08-07T13:45:00Z,2026-08-07T15:45:00+0200,150.75,MW,FR,FR,actual_offshore_wind_generation,Wind Offshore | Actual Aggregated,2026-08-17T13:35:39Z
2026-08-17T13:33:42Z,2026-08-17T15:33:42+0200,5bbffdc7-c3ab-4a18-a8bf-cc7d933ae677,2026-08-07T14:00:00Z,2026-08-07T16:00:00+0200,141.72,MW,FR,FR,actual_offshore_wind_generation,Wind Offshore | Actual Aggregated,2026-08-17T13:35:39Z
2026-08-17T13:33:42Z,2026-08-17T15:33:42+0200,5bbffdc7-c3ab-4a18-a8bf-cc7d933ae677,2026-08-07T14:15:00Z,2026-08-07T16:15:00+0200,144.97,MW,FR,FR,actual_offshore_wind_generation,Wind Offshore | Actual Aggregated,2026-08-17T13:35:39Z
2026-08-17T13:33:42Z,2026-08-17T15:33:42+0200,5bbffdc7-c3ab-4a18-a8bf-cc7d933ae677,2026-08-07T14:30:00Z,2026-08-07T16:30:00+0200,159.52,MW,FR,FR,actual_offshore_wind_generation,Wind Offshore | Actual Aggregated,2026-08-17T13:35:39Z
2026-08-17T13:33:42Z,2026-08-17T15:33:42+0200,5bbffdc7-c3ab-4a18-a8bf-cc7d933ae677,2026-08-07T14:45:00Z,2026-08-07T16:45:00+0200,171.81,MW,FR,FR,actual_offshore_wind_generation,Wind Offshore | Actual Aggregated,2026-08-17T13:35:39Z
2026-08-17T13:33:42Z,2026-08-17T15:33:42+0200,5bbffdc7-c3ab-4a18-a8bf-cc7d933ae677,2026-08-07T15:00:00Z,2026-08-07T17:00:00+0200,167.97,MW,FR,FR,actual_offshore_wind_generation,Wind Offshore | Actual Aggregated,2026-08-17T13:35:39Z
2026-08-17T13:33:42Z,2026-08-17T15:33:42+0200,5bbffdc7-c3ab-4a18-a8bf-cc7d933ae677,2026-08-07T15:15:00Z,2026-08-07T17:15:00+0200,181.27,MW,FR,FR,actual_offshore_wind_generation,Wind Offshore | Actual Aggregated,2026-08-17T13:35:39Z
2026-08-17T13:33:42Z,2026-08-17T15:33:42+0200,5bbffdc7-c3ab-4a18-a8bf-cc7d933ae677,2026-08-07T15:30:00Z,2026-08-07T17:30:00+0200,190.51,MW,FR,FR,actual_offshore_wind_generation,Wind Offshore | Actual Aggregated,2026-08-17T13:35:39Z
2026-08-17T13:33:42Z,2026-08-17T15:33:42+0200,5bbffdc7-c3ab-4a18-a8bf-cc7d933ae677,2026-08-07T15:45:00Z,2026-08-07T17:45:00+0200,204.15,MW,FR,FR,actual_offshore_wind_generation,Wind Offshore | Actual Aggregated,2026-08-17T13:35:39Z
2026-08-17T13:33:42Z,2026-08-17T15:33:42+0200,5bbffdc7-c3ab-4a18-a8bf-cc7d933ae677,2026-08-07T16:00:00Z,2026-08-07T18:00:00+0200,208.3,MW,FR,FR,actual_offshore_wind_generation,Wind Offshore | Actual Aggregated,2026-08-17T13:35:39Z
2026-08-17T13:33:42Z,2026-08-17T15:33:42+0200,5bbffdc7-c3ab-4a18-a8bf-cc7d933ae677,2026-08-07T16:15:00Z,2026-08-07T18:15:00+0200,210.45,MW,FR,FR,actual_offshore_wind_generation,Wind Offshore | Actual Aggregated,2026-08-17T13:35:39Z
2026-08-17T13:33:42Z,2026-08-17T15:33:42+0200,5bbffdc7-c3ab-4a18-a8bf-cc7d933ae677,2026-08-07T16:30:00Z,2026-08-07T18:30:00+0200,222.52,MW,FR,FR,actual_offshore_wind_generation,Wind Offshore | Actual Aggregated,2026-08-17T13:35:39Z
2026-08-17T13:33:42Z,2026-08-17T15:33:42+0200,5bbffdc7-c3ab-4a18-a8bf-cc7d933ae677,2026-08-07T16:45:00Z,2026-08-07T18:45:00+0200,256.32,MW,FR,FR,actual_offshore_wind_generation,Wind Offshore | Actual Aggregated,2026-08-17T13:35:39Z
2026-08-17T13:33:42Z,2026-08-17T15:33:42+0200,5bbffdc7-c3ab-4a18-a8bf-cc7d933ae677,2026-08-07T17:00:00Z,2026-08-07T19:00:00+0200,294.46,MW,FR,FR,actual_offshore_wind_generation,Wind Offshore | Actual Aggregated,2026-08-17T13:35:39Z
2026-08-17T13:33:42Z,2026-08-17T15:33:42+0200,5bbffdc7-c3ab-4a18-a8bf-cc7d933ae677,2026-08-07T17:15:00Z,2026-08-07T19:15:00+0200,336.27,MW,FR,FR,actual_offshore_wind_generation,Wind Offshore | Actual Aggregated,2026-08-17T13:35:39Z
2026-08-17T13:33:42Z,2026-08-17T15:33:42+0200,5bbffdc7-c3ab-4a18-a8bf-cc7d933ae677,2026-08-07T17:30:00Z,2026-08-07T19:30:00+0200,369.38,MW,FR,FR,actual_offshore_wind_generation,Wind Offshore | Actual Aggregated,2026-08-17T13:35:39Z
2026-08-17T13:33:42Z,2026-08-17T15:33:42+0200,5bbffdc7-c3ab-4a18-a8bf-cc7d933ae677,2026-08-07T17:45:00Z,2026-08-07T19:45:00+0200,404.52,MW,FR,FR,actual_offshore_wind_generation,Wind Offshore | Actual Aggregated,2026-08-17T13:35:39Z
2026-08-17T13:33:42Z,2026-08-17T15:33:42+0200,5bbffdc7-c3ab-4a18-a8bf-cc7d933ae677,2026-08-07T18:00:00Z,2026-08-07T20:00:00+0200,419.74,MW,FR,FR,actual_offshore_wind_generation,Wind Offshore | Actual Aggregated,2026-08-17T13:35:39Z
2026-08-17T13:33:42Z,2026-08-17T15:33:42+0200,5bbffdc7-c3ab-4a18-a8bf-cc7d933ae677,2026-08-07T18:15:00Z,2026-08-07T20:15:00+0200,407.8,MW,FR,FR,actual_offshore_wind_generation,Wind Offshore | Actual Aggregated,2026-08-17T13:35:39Z
2026-08-17T13:33:42Z,2026-08-17T15:33:42+0200,5bbffdc7-c3ab-4a18-a8bf-cc7d933ae677,2026-08-07T18:30:00Z,2026-08-07T20:30:00+0200,414.42,MW,FR,FR,actual_offshore_wind_generation,Wind Offshore | Actual Aggregated,2026-08-17T13:35:39Z
2026-08-17T13:33:42Z,2026-08-17T15:33:42+0200,5bbffdc7-c3ab-4a18-a8bf-cc7d933ae677,2026-08-07T18:45:00Z,2026-08-07T20:45:00+0200,445.07,MW,FR,FR,actual_offshore_wind_generation,Wind Offshore | Actual Aggregated,2026-08-17T13:35:39Z
2026-08-17T13:33:42Z,2026-08-17T15:33:42+0200,5bbffdc7-c3ab-4a18-a8bf-cc7d933ae677,2026-08-07T19:00:00Z,2026-08-07T21:00:00+0200,454.18,MW,FR,FR,actual_offshore_wind_generation,Wind Offshore | Actual Aggregated,2026-08-17T13:35:39Z
2026-08-17T13:33:42Z,2026-08-17T15:33:42+0200,5bbffdc7-c3ab-4a18-a8bf-cc7d933ae677,2026-08-07T19:15:00Z,2026-08-07T21:15:00+0200,448.17,MW,FR,FR,actual_offshore_wind_generation,Wind Offshore | Actual Aggregated,2026-08-17T13:35:39Z
2026-08-17T13:33:42Z,2026-08-17T15:33:42+0200,5bbffdc7-c3ab-4a18-a8bf-cc7d933ae677,2026-08-07T19:30:00Z,2026-08-07T21:30:00+0200,488.03,MW,FR,FR,actual_offshore_wind_generation,Wind Offshore | Actual Aggregated,2026-08-17T13:35:39Z
2026-08-17T13:33:42Z,2026-08-17T15:33:42+0200,5bbffdc7-c3ab-4a18-a8bf-cc7d933ae677,2026-08-07T19:45:00Z,2026-08-07T21:45:00+0200,473.55,MW,FR,FR,actual_offshore_wind_generation,Wind Offshore | Actual Aggregated,2026-08-17T13:35:39Z
2026-08-17T13:33:42Z,2026-08-17T15:33:42+0200,5bbffdc7-c3ab-4a18-a8bf-cc7d933ae677,2026-08-07T20:00:00Z,2026-08-07T22:00:00+0200,469.31,MW,FR,FR,actual_offshore_wind_generation,Wind Offshore | Actual Aggregated,2026-08-17T13:35:39Z
2026-08-17T13:33:42Z,2026-08-17T15:33:42+0200,5bbffdc7-c3ab-4a18-a8bf-cc7d933ae677,2026-08-07T20:15:00Z,2026-08-07T22:15:00+0200,460.11,MW,FR,FR,actual_offshore_wind_generation,Wind Offshore | Actual Aggregated,2026-08-17T13:35:39Z
2026-08-17T13:33:42Z,2026-08-17T15:33:42+0200,5bbffdc7-c3ab-4a18-a8bf-cc7d933ae677,2026-08-07T20:30:00Z,2026-08-07T22:30:00+0200,438.4,MW,FR,FR,actual_offshore_wind_generation,Wind Offshore | Actual Aggregated,2026-08-17T13:35:39Z
2026-08-17T13:33:42Z,2026-08-17T15:33:42+0200,5bbffdc7-c3ab-4a18-a8bf-cc7d933ae677,2026-08-07T20:45:00Z,2026-08-07T22:45:00+0200,440.6,MW,FR,FR,actual_offshore_wind_generation,Wind Offshore | Actual Aggregated,2026-08-17T13:35:39Z
2026-08-17T13:33:42Z,2026-08-17T15:33:42+0200,5bbffdc7-c3ab-4a18-a8bf-cc7d933ae677,2026-08-07T21:00:00Z,2026-08-07T23:00:00+0200,467.73,MW,FR,FR,actual_offshore_wind_generation,Wind Offshore | Actual Aggregated,2026-08-17T13:35:39Z
2026-08-17T13:33:42Z,2026-08-17T15:33:42+0200,5bbffdc7-c3ab-4a18-a8bf-cc7d933ae677,2026-08-07T21:15:00Z,2026-08-07T23:15:00+0200,507.17,MW,FR,FR,actual_offshore_wind_generation,Wind Offshore | Actual Aggregated,2026-08-17T13:35:39Z
2026-08-17T13:33:42Z,2026-08-17T15:33:42+0200,5bbffdc7-c3ab-4a18-a8bf-cc7d933ae677,2026-08-07T21:30:00Z,2026-08-07T23:30:00+0200,552.84,MW,FR,FR,actual_offshore_wind_generation,Wind Offshore | Actual Aggregated,2026-08-17T13:35:39Z
2026-08-17T13:33:42Z,2026-08-17T15:33:42+0200,5bbffdc7-c3ab-4a18-a8bf-cc7d933ae677,2026-08-07T21:45:00Z,2026-08-07T23:45:00+0200,610.8,MW,FR,FR,actual_offshore_wind_generation,Wind Offshore | Actual Aggregated,2026-08-17T13:35:39Z
2026-08-17T13:33:42Z,2026-08-17T15:33:42+0200,5bbffdc7-c3ab-4a18-a8bf-cc7d933ae677,2026-08-07T22:00:00Z,2026-08-08T00:00:00+0200,636.93,MW,FR,FR,actual_offshore_wind_generation,Wind Offshore | Actual Aggregated,2026-08-17T13:35:39Z
2026-08-17T13:33:42Z,2026-08-17T15:33:42+0200,5bbffdc7-c3ab-4a18-a8bf-cc7d933ae677,2026-08-07T22:15:00Z,2026-08-08T00:15:00+0200,677.13,MW,FR,FR,actual_offshore_wind_generation,Wind Offshore | Actual Aggregated,2026-08-17T13:35:39Z
2026-08-17T13:33:42Z,2026-08-17T15:33:42+0200,5bbffdc7-c3ab-4a18-a8bf-cc7d933ae677,2026-08-07T22:30:00Z,2026-08-08T00:30:00+0200,712.84,MW,FR,FR,actual_offshore_wind_generation,Wind Offshore | Actual Aggregated,2026-08-17T13:35:39Z
2026-08-17T13:33:42Z,2026-08-17T15:33:42+0200,5bbffdc7-c3ab-4a18-a8bf-cc7d933ae677,2026-08-07T22:45:00Z,2026-08-08T00:45:00+0200,767.64,MW,FR,FR,actual_offshore_wind_generation,Wind Offshore | Actual Aggregated,2026-08-17T13:35:39Z
2026-08-17T13:33:42Z,2026-08-17T15:33:42+0200,5bbffdc7-c3ab-4a18-a8bf-cc7d933ae677,2026-08-07T23:00:00Z,2026-08-08T01:00:00+0200,757.77,MW,FR,FR,actual_offshore_wind_generation,Wind Offshore | Actual Aggregated,2026-08-17T13:35:39Z
2026-08-17T13:33:42Z,2026-08-17T15:33:42+0200,5bbffdc7-c3ab-4a18-a8bf-cc7d933ae677,2026-08-07T23:15:00Z,2026-08-08T01:15:00+0200,756.97,MW,FR,FR,actual_offshore_wind_generation,Wind Offshore | Actual Aggregated,2026-08-17T13:35:39Z
2026-08-17T13:33:42Z,2026-08-17T15:33:42+0200,5bbffdc7-c3ab-4a18-a8bf-cc7d933ae677,2026-08-07T23:30:00Z,2026-08-08T01:30:00+0200,737.27,MW,FR,FR,actual_offshore_wind_generation,Wind Offshore | Actual Aggregated,2026-08-17T13:35:39Z
2026-08-17T13:33:42Z,2026-08-17T15:33:42+0200,5bbffdc7-c3ab-4a18-a8bf-cc7d933ae677,2026-08-07T23:45:00Z,2026-08-08T01:45:00+0200,726.04,MW,FR,FR,actual_offshore_wind_generation,Wind Offshore | Actual Aggregated,2026-08-17T13:35:39Z
2026-08-17T13:33:42Z,2026-08-17T15:33:42+0200,5bbffdc7-c3ab-4a18-a8bf-cc7d933ae677,2026-08-08T00:00:00Z,2026-08-08T02:00:00+0200,696.7,MW,FR,FR,actual_offshore_wind_generation,Wind Offshore | Actual Aggregated,2026-08-17T13:35:39Z
2026-08-17T13:33:42Z,2026-08-17T15:33:42+0200,5bbffdc7-c3ab-4a18-a8bf-cc7d933ae677,2026-08-08T00:15:00Z,2026-08-08T02:15:00+0200,687.54,MW,FR,FR,actual_offshore_wind_generation,Wind Offshore | Actual Aggregated,2026-08-17T13:35:39Z
2026-08-17T13:33:42Z,2026-08-17T15:33:42+0200,5bbffdc7-c3ab-4a18-a8bf-cc7d933ae677,2026-08-08T00:30:00Z,2026-08-08T02:30:00+0200,663.3,MW,FR,FR,actual_offshore_wind_generation,Wind Offshore | Actual Aggregated,2026-08-17T13:35:39Z
2026-08-17T13:33:42Z,2026-08-17T15:33:42+0200,5bbffdc7-c3ab-4a18-a8bf-cc7d933ae677,2026-08-08T00:45:00Z,2026-08-08T02:45:00+0200,652.7,MW,FR,FR,actual_offshore_wind_generation,Wind Offshore | Actual Aggregated,2026-08-17T13:35:39Z
2026-08-17T13:33:42Z,2026-08-17T15:33:42+0200,5bbffdc7-c3ab-4a18-a8bf-cc7d933ae677,2026-08-08T01:00:00Z,2026-08-08T03:00:00+0200,615.97,MW,FR,FR,actual_offshore_wind_generation,Wind Offshore | Actual Aggregated,2026-08-17T13:35:39Z
2026-08-17T13:33:42Z,2026-08-17T15:33:42+0200,5bbffdc7-c3ab-4a18-a8bf-cc7d933ae677,2026-08-08T01:15:00Z,2026-08-08T03:15:00+0200,557.74,MW,FR,FR,actual_offshore_wind_generation,Wind Offshore | Actual Aggregated,2026-08-17T13:35:39Z
2026-08-17T13:33:42Z,2026-08-17T15:33:42+0200,5bbffdc7-c3ab-4a18-a8bf-cc7d933ae677,2026-08-08T01:30:00Z,2026-08-08T03:30:00+0200,538.25,MW,FR,FR,actual_offshore_wind_generation,Wind Offshore | Actual Aggregated,2026-08-17T13:35:39Z
2026-08-17T13:33:42Z,2026-08-17T15:33:42+0200,5bbffdc7-c3ab-4a18-a8bf-cc7d933ae677,2026-08-08T01:45:00Z,2026-08-08T03:45:00+0200,545.41,MW,FR,FR,actual_offshore_wind_generation,Wind Offshore | Actual Aggregated,2026-08-17T13:35:39Z
2026-08-17T13:33:42Z,2026-08-17T15:33:42+0200,5bbffdc7-c3ab-4a18-a8bf-cc7d933ae677,2026-08-08T02:00:00Z,2026-08-08T04:00:00+0200,517.1,MW,FR,FR,actual_offshore_wind_generation,Wind Offshore | Actual Aggregated,2026-08-17T13:35:39Z
2026-08-17T13:33:42Z,2026-08-17T15:33:42+0200,5bbffdc7-c3ab-4a18-a8bf-cc7d933ae677,2026-08-08T02:15:00Z,2026-08-08T04:15:00+0200,476.53,MW,FR,FR,actual_offshore_wind_generation,Wind Offshore | Actual Aggregated,2026-08-17T13:35:39Z
2026-08-17T13:33:42Z,2026-08-17T15:33:42+0200,5bbffdc7-c3ab-4a18-a8bf-cc7d933ae677,2026-08-08T02:30:00Z,2026-08-08T04:30:00+0200,448.27,MW,FR,FR,actual_offshore_wind_generation,Wind Offshore | Actual Aggregated,2026-08-17T13:35:39Z
2026-08-17T13:33:42Z,2026-08-17T15:33:42+0200,5bbffdc7-c3ab-4a18-a8bf-cc7d933ae677,2026-08-08T02:45:00Z,2026-08-08T04:45:00+0200,429.22,MW,FR,FR,actual_offshore_wind_generation,Wind Offshore | Actual Aggregated,2026-08-17T13:35:39Z
2026-08-17T13:33:42Z,2026-08-17T15:33:42+0200,5bbffdc7-c3ab-4a18-a8bf-cc7d933ae677,2026-08-08T03:00:00Z,2026-08-08T05:00:00+0200,395.32,MW,FR,FR,actual_offshore_wind_generation,Wind Offshore | Actual Aggregated,2026-08-17T13:35:39Z
2026-08-17T13:33:42Z,2026-08-17T15:33:42+0200,5bbffdc7-c3ab-4a18-a8bf-cc7d933ae677,2026-08-08T03:15:00Z,2026-08-08T05:15:00+0200,380.15,MW,FR,FR,actual_offshore_wind_generation,Wind Offshore | Actual Aggregated,2026-08-17T13:35:39Z
2026-08-17T13:33:42Z,2026-08-17T15:33:42+0200,5bbffdc7-c3ab-4a18-a8bf-cc7d933ae677,2026-08-08T03:30:00Z,2026-08-08T05:30:00+0200,360.59,MW,FR,FR,actual_offshore_wind_generation,Wind Offshore | Actual Aggregated,2026-08-17T13:35:39Z
2026-08-17T13:33:42Z,2026-08-17T15:33:42+0200,5bbffdc7-c3ab-4a18-a8bf-cc7d933ae677,2026-08-08T03:45:00Z,2026-08-08T05:45:00+0200,358.22,MW,FR,FR,actual_offshore_wind_generation,Wind Offshore | Actual Aggregated,2026-08-17T13:35:39Z
2026-08-17T13:33:42Z,2026-08-17T15:33:42+0200,5bbffdc7-c3ab-4a18-a8bf-cc7d933ae677,2026-08-08T04:00:00Z,2026-08-08T06:00:00+0200,375.41,MW,FR,FR,actual_offshore_wind_generation,Wind Offshore | Actual Aggregated,2026-08-17T13:35:39Z
2026-08-17T13:33:42Z,2026-08-17T15:33:42+0200,5bbffdc7-c3ab-4a18-a8bf-cc7d933ae677,2026-08-08T04:15:00Z,2026-08-08T06:15:00+0200,380.86,MW,FR,FR,actual_offshore_wind_generation,Wind Offshore | Actual Aggregated,2026-08-17T13:35:39Z
2026-08-17T13:33:42Z,2026-08-17T15:33:42+0200,5bbffdc7-c3ab-4a18-a8bf-cc7d933ae677,2026-08-08T04:30:00Z,2026-08-08T06:30:00+0200,368.7,MW,FR,FR,actual_offshore_wind_generation,Wind Offshore | Actual Aggregated,2026-08-17T13:35:39Z
2026-08-17T13:33:42Z,2026-08-17T15:33:42+0200,5bbffdc7-c3ab-4a18-a8bf-cc7d933ae677,2026-08-08T04:45:00Z,2026-08-08T06:45:00+0200,366.04,MW,FR,FR,actual_offshore_wind_generation,Wind Offshore | Actual Aggregated,2026-08-17T13:35:39Z
2026-08-17T13:33:42Z,2026-08-17T15:33:42+0200,5bbffdc7-c3ab-4a18-a8bf-cc7d933ae677,2026-08-08T05:00:00Z,2026-08-08T07:00:00+0200,344.45,MW,FR,FR,actual_offshore_wind_generation,Wind Offshore | Actual Aggregated,2026-08-17T13:35:39Z
2026-08-17T13:33:42Z,2026-08-17T15:33:42+0200,5bbffdc7-c3ab-4a18-a8bf-cc7d933ae677,2026-08-08T05:15:00Z,2026-08-08T07:15:00+0200,313.76,MW,FR,FR,actual_offshore_wind_generation,Wind Offshore | Actual Aggregated,2026-08-17T13:35:39Z
2026-08-17T13:33:42Z,2026-08-17T15:33:42+0200,5bbffdc7-c3ab-4a18-a8bf-cc7d933ae677,2026-08-08T05:30:00Z,2026-08-08T07:30:00+0200,293.9,MW,FR,FR,actual_offshore_wind_generation,Wind Offshore | Actual Aggregated,2026-08-17T13:35:39Z
2026-08-17T13:33:42Z,2026-08-17T15:33:42+0200,5bbffdc7-c3ab-4a18-a8bf-cc7d933ae677,2026-08-08T05:45:00Z,2026-08-08T07:45:00+0200,286.9,MW,FR,FR,actual_offshore_wind_generation,Wind Offshore | Actual Aggregated,2026-08-17T13:35:39Z
2026-08-17T13:33:42Z,2026-08-17T15:33:42+0200,5bbffdc7-c3ab-4a18-a8bf-cc7d933ae677,2026-08-08T06:00:00Z,2026-08-08T08:00:00+0200,282.78,MW,FR,FR,actual_offshore_wind_generation,Wind Offshore | Actual Aggregated,2026-08-17T13:35:39Z
2026-08-17T13:33:42Z,2026-08-17T15:33:42+0200,5bbffdc7-c3ab-4a18-a8bf-cc7d933ae677,2026-08-08T06:15:00Z,2026-08-08T08:15:00+0200,261.01,MW,FR,FR,actual_offshore_wind_generation,Wind Offshore | Actual Aggregated,2026-08-17T13:35:39Z
2026-08-17T13:33:42Z,2026-08-17T15:33:42+0200,5bbffdc7-c3ab-4a18-a8bf-cc7d933ae677,2026-08-08T06:30:00Z,2026-08-08T08:30:00+0200,238.39,MW,FR,FR,actual_offshore_wind_generation,Wind Offshore | Actual Aggregated,2026-08-17T13:35:39Z
2026-08-17T13:33:42Z,2026-08-17T15:33:42+0200,5bbffdc7-c3ab-4a18-a8bf-cc7d933ae677,2026-08-08T06:45:00Z,2026-08-08T08:45:00+0200,226.1,MW,FR,FR,actual_offshore_wind_generation,Wind Offshore | Actual Aggregated,2026-08-17T13:35:39Z
2026-08-17T13:33:42Z,2026-08-17T15:33:42+0200,5bbffdc7-c3ab-4a18-a8bf-cc7d933ae677,2026-08-08T07:00:00Z,2026-08-08T09:00:00+0200,219.76,MW,FR,FR,actual_offshore_wind_generation,Wind Offshore | Actual Aggregated,2026-08-17T13:35:39Z
2026-08-17T13:33:42Z,2026-08-17T15:33:42+0200,5bbffdc7-c3ab-4a18-a8bf-cc7d933ae677,2026-08-08T07:15:00Z,2026-08-08T09:15:00+0200,221.97,MW,FR,FR,actual_offshore_wind_generation,Wind Offshore | Actual Aggregated,2026-08-17T13:35:39Z
2026-08-17T13:33:42Z,2026-08-17T15:33:42+0200,5bbffdc7-c3ab-4a18-a8bf-cc7d933ae677,2026-08-08T07:30:00Z,2026-08-08T09:30:00+0200,221.42,MW,FR,FR,actual_offshore_wind_generation,Wind Offshore | Actual Aggregated,2026-08-17T13:35:39Z
2026-08-17T13:33:42Z,2026-08-17T15:33:42+0200,5bbffdc7-c3ab-4a18-a8bf-cc7d933ae677,2026-08-08T07:45:00Z,2026-08-08T09:45:00+0200,199.18,MW,FR,FR,actual_offshore_wind_generation,Wind Offshore | Actual Aggregated,2026-08-17T13:35:39Z
2026-08-17T13:33:42Z,2026-08-17T15:33:42+0200,5bbffdc7-c3ab-4a18-a8bf-cc7d933ae677,2026-08-08T08:00:00Z,2026-08-08T10:00:00+0200,186.12,MW,FR,FR,actual_offshore_wind_generation,Wind Offshore | Actual Aggregated,2026-08-17T13:35:39Z
2026-08-17T13:33:42Z,2026-08-17T15:33:42+0200,5bbffdc7-c3ab-4a18-a8bf-cc7d933ae677,2026-08-08T08:15:00Z,2026-08-08T10:15:00+0200,168.99,MW,FR,FR,actual_offshore_wind_generation,Wind Offshore | Actual Aggregated,2026-08-17T13:35:39Z
2026-08-17T13:33:42Z,2026-08-17T15:33:42+0200,5bbffdc7-c3ab-4a18-a8bf-cc7d933ae677,2026-08-08T08:30:00Z,2026-08-08T10:30:00+0200,153.76,MW,FR,FR,actual_offshore_wind_generation,Wind Offshore | Actual Aggregated,2026-08-17T13:35:39Z
2026-08-17T13:33:42Z,2026-08-17T15:33:42+0200,5bbffdc7-c3ab-4a18-a8bf-cc7d933ae677,2026-08-08T08:45:00Z,2026-08-08T10:45:00+0200,137.17,MW,FR,FR,actual_offshore_wind_generation,Wind Offshore | Actual Aggregated,2026-08-17T13:35:39Z
2026-08-17T13:33:42Z,2026-08-17T15:33:42+0200,5bbffdc7-c3ab-4a18-a8bf-cc7d933ae677,2026-08-08T09:00:00Z,2026-08-08T11:00:00+0200,110.3,MW,FR,FR,actual_offshore_wind_generation,Wind Offshore | Actual Aggregated,2026-08-17T13:35:39Z
2026-08-17T13:33:42Z,2026-08-17T15:33:42+0200,5bbffdc7-c3ab-4a18-a8bf-cc7d933ae677,2026-08-08T09:15:00Z,2026-08-08T11:15:00+0200,86.98,MW,FR,FR,actual_offshore_wind_generation,Wind Offshore | Actual Aggregated,2026-08-17T13:35:39Z
2026-08-17T13:33:42Z,2026-08-17T15:33:42+0200,5bbffdc7-c3ab-4a18-a8bf-cc7d933ae677,2026-08-08T09:30:00Z,2026-08-08T11:30:00+0200,74.41,MW,FR,FR,actual_offshore_wind_generation,Wind Offshore | Actual Aggregated,2026-08-17T13:35:39Z
2026-08-17T13:33:42Z,2026-08-17T15:33:42+0200,5bbffdc7-c3ab-4a18-a8bf-cc7d933ae677,2026-08-08T09:45:00Z,2026-08-08T11:45:00+0200,58.21,MW,FR,FR,actual_offshore_wind_generation,Wind Offshore | Actual Aggregated,2026-08-17T13:35:39Z
2026-08-17T13:33:42Z,2026-08-17T15:33:42+0200,5bbffdc7-c3ab-4a18-a8bf-cc7d933ae677,2026-08-08T10:00:00Z,2026-08-08T12:00:00+0200,47.06,MW,FR,FR,actual_offshore_wind_generation,Wind Offshore | Actual Aggregated,2026-08-17T13:35:39Z
2026-08-17T13:33:42Z,2026-08-17T15:33:42+0200,5bbffdc7-c3ab-4a18-a8bf-cc7d933ae677,2026-08-08T10:15:00Z,2026-08-08T12:15:00+0200,54.8,MW,FR,FR,actual_offshore_wind_generation,Wind Offshore | Actual Aggregated,2026-08-17T13:35:39Z
2026-08-17T13:33:42Z,2026-08-17T15:33:42+0200,5bbffdc7-c3ab-4a18-a8bf-cc7d933ae677,2026-08-08T10:30:00Z,2026-08-08T12:30:00+0200,67.99,MW,FR,FR,actual_offshore_wind_generation,Wind Offshore | Actual Aggregated,2026-08-17T13:35:39Z
2026-08-17T13:33:42Z,2026-08-17T15:33:42+0200,5bbffdc7-c3ab-4a18-a8bf-cc7d933ae677,2026-08-08T10:45:00Z,2026-08-08T12:45:00+0200,74.98,MW,FR,FR,actual_offshore_wind_generation,Wind Offshore | Actual Aggregated,2026-08-17T13:35:39Z
2026-08-17T13:33:42Z,2026-08-17T15:33:42+0200,5bbffdc7-c3ab-4a18-a8bf-cc7d933ae677,2026-08-08T11:00:00Z,2026-08-08T13:00:00+0200,59.46,MW,FR,FR,actual_offshore_wind_generation,Wind Offshore | Actual Aggregated,2026-08-17T13:35:39Z
2026-08-17T13:33:42Z,2026-08-17T15:33:42+0200,5bbffdc7-c3ab-4a18-a8bf-cc7d933ae677,2026-08-08T11:15:00Z,2026-08-08T13:15:00+0200,46.15,MW,FR,FR,actual_offshore_wind_generation,Wind Offshore | Actual Aggregated,2026-08-17T13:35:39Z
2026-08-17T13:33:42Z,2026-08-17T15:33:42+0200,5bbffdc7-c3ab-4a18-a8bf-cc7d933ae677,2026-08-08T11:30:00Z,2026-08-08T13:30:00+0200,40.79,MW,FR,FR,actual_offshore_wind_generation,Wind Offshore | Actual Aggregated,2026-08-17T13:35:39Z
2026-08-17T13:33:42Z,2026-08-17T15:33:42+0200,5bbffdc7-c3ab-4a18-a8bf-cc7d933ae677,2026-08-08T11:45:00Z,2026-08-08T13:45:00+0200,40.31,MW,FR,FR,actual_offshore_wind_generation,Wind Offshore | Actual Aggregated,2026-08-17T13:35:39Z
2026-08-17T13:33:42Z,2026-08-17T15:33:42+0200,5bbffdc7-c3ab-4a18-a8bf-cc7d933ae677,2026-08-08T12:00:00Z,2026-08-08T14:00:00+0200,32.48,MW,FR,FR,actual_offshore_wind_generation,Wind Offshore | Actual Aggregated,2026-08-17T13:35:39Z
2026-08-17T13:33:42Z,2026-08-17T15:33:42+0200,5bbffdc7-c3ab-4a18-a8bf-cc7d933ae677,2026-08-08T12:15:00Z,2026-08-08T14:15:00+0200,32.8,MW,FR,FR,actual_offshore_wind_generation,Wind Offshore | Actual Aggregated,2026-08-17T13:35:39Z
2026-08-17T13:33:42Z,2026-08-17T15:33:42+0200,5bbffdc7-c3ab-4a18-a8bf-cc7d933ae677,2026-08-08T12:30:00Z,2026-08-08T14:30:00+0200,35.1,MW,FR,FR,actual_offshore_wind_generation,Wind Offshore | Actual Aggregated,2026-08-17T13:35:39Z
2026-08-17T13:33:42Z,2026-08-17T15:33:42+0200,5bbffdc7-c3ab-4a18-a8bf-cc7d933ae677,2026-08-08T12:45:00Z,2026-08-08T14:45:00+0200,51.29,MW,FR,FR,actual_offshore_wind_generation,Wind Offshore | Actual Aggregated,2026-08-17T13:35:39Z
2026-08-17T13:33:42Z,2026-08-17T15:33:42+0200,5bbffdc7-c3ab-4a18-a8bf-cc7d933ae677,2026-08-08T13:00:00Z,2026-08-08T15:00:00+0200,100.26,MW,FR,FR,actual_offshore_wind_generation,Wind Offshore | Actual Aggregated,2026-08-17T13:35:39Z
2026-08-17T13:33:42Z,2026-08-17T15:33:42+0200,5bbffdc7-c3ab-4a18-a8bf-cc7d933ae677,2026-08-08T13:15:00Z,2026-08-08T15:15:00+0200,140.49,MW,FR,FR,actual_offshore_wind_generation,Wind Offshore | Actual Aggregated,2026-08-17T13:35:39Z
2026-08-17T13:33:42Z,2026-08-17T15:33:42+0200,5bbffdc7-c3ab-4a18-a8bf-cc7d933ae677,2026-08-08T13:30:00Z,2026-08-08T15:30:00+0200,138.54,MW,FR,FR,actual_offshore_wind_generation,Wind Offshore | Actual Aggregated,2026-08-17T13:35:39Z
2026-08-17T13:33:42Z,2026-08-17T15:33:42+0200,5bbffdc7-c3ab-4a18-a8bf-cc7d933ae677,2026-08-08T13:45:00Z,2026-08-08T15:45:00+0200,146.65,MW,FR,FR,actual_offshore_wind_generation,Wind Offshore | Actual Aggregated,2026-08-17T13:35:39Z
2026-08-17T13:33:42Z,2026-08-17T15:33:42+0200,5bbffdc7-c3ab-4a18-a8bf-cc7d933ae677,2026-08-08T14:00:00Z,2026-08-08T16:00:00+0200,142.71,MW,FR,FR,actual_offshore_wind_generation,Wind Offshore | Actual Aggregated,2026-08-17T13:35:39Z
2026-08-17T13:33:42Z,2026-08-17T15:33:42+0200,5bbffdc7-c3ab-4a18-a8bf-cc7d933ae677,2026-08-08T14:15:00Z,2026-08-08T16:15:00+0200,152.68,MW,FR,FR,actual_offshore_wind_generation,Wind Offshore | Actual Aggregated,2026-08-17T13:35:39Z
2026-08-17T13:33:42Z,2026-08-17T15:33:42+0200,5bbffdc7-c3ab-4a18-a8bf-cc7d933ae677,2026-08-08T14:30:00Z,2026-08-08T16:30:00+0200,157.52,MW,FR,FR,actual_offshore_wind_generation,Wind Offshore | Actual Aggregated,2026-08-17T13:35:39Z
2026-08-17T13:33:42Z,2026-08-17T15:33:42+0200,5bbffdc7-c3ab-4a18-a8bf-cc7d933ae677,2026-08-08T14:45:00Z,2026-08-08T16:45:00+0200,169.08,MW,FR,FR,actual_offshore_wind_generation,Wind Offshore | Actual Aggregated,2026-08-17T13:35:39Z
2026-08-17T13:33:42Z,2026-08-17T15:33:42+0200,5bbffdc7-c3ab-4a18-a8bf-cc7d933ae677,2026-08-08T15:00:00Z,2026-08-08T17:00:00+0200,177.05,MW,FR,FR,actual_offshore_wind_generation,Wind Offshore | Actual Aggregated,2026-08-17T13:35:39Z
2026-08-17T13:33:42Z,2026-08-17T15:33:42+0200,5bbffdc7-c3ab-4a18-a8bf-cc7d933ae677,2026-08-08T15:15:00Z,2026-08-08T17:15:00+0200,180.78,MW,FR,FR,actual_offshore_wind_generation,Wind Offshore | Actual Aggregated,2026-08-17T13:35:39Z
2026-08-17T13:33:42Z,2026-08-17T15:33:42+0200,5bbffdc7-c3ab-4a18-a8bf-cc7d933ae677,2026-08-08T15:30:00Z,2026-08-08T17:30:00+0200,226.34,MW,FR,FR,actual_offshore_wind_generation,Wind Offshore | Actual Aggregated,2026-08-17T13:35:39Z
2026-08-17T13:33:42Z,2026-08-17T15:33:42+0200,5bbffdc7-c3ab-4a18-a8bf-cc7d933ae677,2026-08-08T15:45:00Z,2026-08-08T17:45:00+0200,282.77,MW,FR,FR,actual_offshore_wind_generation,Wind Offshore | Actual Aggregated,2026-08-17T13:35:39Z
2026-08-17T13:33:42Z,2026-08-17T15:33:42+0200,5bbffdc7-c3ab-4a18-a8bf-cc7d933ae677,2026-08-08T16:00:00Z,2026-08-08T18:00:00+0200,276.08,MW,FR,FR,actual_offshore_wind_generation,Wind Offshore | Actual Aggregated,2026-08-17T13:35:39Z
2026-08-17T13:33:42Z,2026-08-17T15:33:42+0200,5bbffdc7-c3ab-4a18-a8bf-cc7d933ae677,2026-08-08T16:15:00Z,2026-08-08T18:15:00+0200,265.12,MW,FR,FR,actual_offshore_wind_generation,Wind Offshore | Actual Aggregated,2026-08-17T13:35:39Z
2026-08-17T13:33:42Z,2026-08-17T15:33:42+0200,5bbffdc7-c3ab-4a18-a8bf-cc7d933ae677,2026-08-08T16:30:00Z,2026-08-08T18:30:00+0200,251.66,MW,FR,FR,actual_offshore_wind_generation,Wind Offshore | Actual Aggregated,2026-08-17T13:35:39Z
2026-08-17T13:33:42Z,2026-08-17T15:33:42+0200,5bbffdc7-c3ab-4a18-a8bf-cc7d933ae677,2026-08-08T16:45:00Z,2026-08-08T18:45:00+0200,206.09,MW,FR,FR,actual_offshore_wind_generation,Wind Offshore | Actual Aggregated,2026-08-17T13:35:39Z
2026-08-17T13:33:42Z,2026-08-17T15:33:42+0200,5bbffdc7-c3ab-4a18-a8bf-cc7d933ae677,2026-08-08T17:00:00Z,2026-08-08T19:00:00+0200,204.17,MW,FR,FR,actual_offshore_wind_generation,Wind Offshore | Actual Aggregated,2026-08-17T13:35:39Z
2026-08-17T13:33:42Z,2026-08-17T15:33:42+0200,5bbffdc7-c3ab-4a18-a8bf-cc7d933ae677,2026-08-08T17:15:00Z,2026-08-08T19:15:00+0200,256.41,MW,FR,FR,actual_offshore_wind_generation,Wind Offshore | Actual Aggregated,2026-08-17T13:35:39Z
2026-08-17T13:33:42Z,2026-08-17T15:33:42+0200,5bbffdc7-c3ab-4a18-a8bf-cc7d933ae677,2026-08-08T17:30:00Z,2026-08-08T19:30:00+0200,322.91,MW,FR,FR,actual_offshore_wind_generation,Wind Offshore | Actual Aggregated,2026-08-17T13:35:39Z
2026-08-17T13:33:42Z,2026-08-17T15:33:42+0200,5bbffdc7-c3ab-4a18-a8bf-cc7d933ae677,2026-08-08T17:45:00Z,2026-08-08T19:45:00+0200,379.51,MW,FR,FR,actual_offshore_wind_generation,Wind Offshore | Actual Aggregated,2026-08-17T13:35:39Z
2026-08-17T13:33:42Z,2026-08-17T15:33:42+0200,5bbffdc7-c3ab-4a18-a8bf-cc7d933ae677,2026-08-08T18:00:00Z,2026-08-08T20:00:00+0200,467.08,MW,FR,FR,actual_offshore_wind_generation,Wind Offshore | Actual Aggregated,2026-08-17T13:35:39Z
2026-08-17T13:33:42Z,2026-08-17T15:33:42+0200,5bbffdc7-c3ab-4a18-a8bf-cc7d933ae677,2026-08-08T18:15:00Z,2026-08-08T20:15:00+0200,604.76,MW,FR,FR,actual_offshore_wind_generation,Wind Offshore | Actual Aggregated,2026-08-17T13:35:39Z
2026-08-17T13:33:42Z,2026-08-17T15:33:42+0200,5bbffdc7-c3ab-4a18-a8bf-cc7d933ae677,2026-08-08T18:30:00Z,2026-08-08T20:30:00+0200,602.87,MW,FR,FR,actual_offshore_wind_generation,Wind Offshore | Actual Aggregated,2026-08-17T13:35:39Z
2026-08-17T13:33:42Z,2026-08-17T15:33:42+0200,5bbffdc7-c3ab-4a18-a8bf-cc7d933ae677,2026-08-08T18:45:00Z,2026-08-08T20:45:00+0200,593.81,MW,FR,FR,actual_offshore_wind_generation,Wind Offshore | Actual Aggregated,2026-08-17T13:35:39Z
2026-08-17T13:33:42Z,2026-08-17T15:33:42+0200,5bbffdc7-c3ab-4a18-a8bf-cc7d933ae677,2026-08-08T19:00:00Z,2026-08-08T21:00:00+0200,623.8,MW,FR,FR,actual_offshore_wind_generation,Wind Offshore | Actual Aggregated,2026-08-17T13:35:39Z
2026-08-17T13:33:42Z,2026-08-17T15:33:42+0200,5bbffdc7-c3ab-4a18-a8bf-cc7d933ae677,2026-08-08T19:15:00Z,2026-08-08T21:15:00+0200,678.87,MW,FR,FR,actual_offshore_wind_generation,Wind Offshore | Actual Aggregated,2026-08-17T13:35:39Z
2026-08-17T13:33:42Z,2026-08-17T15:33:42+0200,5bbffdc7-c3ab-4a18-a8bf-cc7d933ae677,2026-08-08T19:30:00Z,2026-08-08T21:30:00+0200,676.91,MW,FR,FR,actual_offshore_wind_generation,Wind Offshore | Actual Aggregated,2026-08-17T13:35:39Z
2026-08-17T13:33:42Z,2026-08-17T15:33:42+0200,5bbffdc7-c3ab-4a18-a8bf-cc7d933ae677,2026-08-08T19:45:00Z,2026-08-08T21:45:00+0200,628.17,MW,FR,FR,actual_offshore_wind_generation,Wind Offshore | Actual Aggregated,2026-08-17T13:35:39Z
2026-08-17T13:33:42Z,2026-08-17T15:33:42+0200,5bbffdc7-c3ab-4a18-a8bf-cc7d933ae677,2026-08-08T20:00:00Z,2026-08-08T22:00:00+0200,564.53,MW,FR,FR,actual_offshore_wind_generation,Wind Offshore | Actual Aggregated,2026-08-17T13:35:39Z
2026-08-17T13:33:42Z,2026-08-17T15:33:42+0200,5bbffdc7-c3ab-4a18-a8bf-cc7d933ae677,2026-08-08T20:15:00Z,2026-08-08T22:15:00+0200,526.66,MW,FR,FR,actual_offshore_wind_generation,Wind Offshore | Actual Aggregated,2026-08-17T13:35:39Z
2026-08-17T13:33:42Z,2026-08-17T15:33:42+0200,5bbffdc7-c3ab-4a18-a8bf-cc7d933ae677,2026-08-08T20:30:00Z,2026-08-08T22:30:00+0200,566.47,MW,FR,FR,actual_offshore_wind_generation,Wind Offshore | Actual Aggregated,2026-08-17T13:35:39Z
2026-08-17T13:33:42Z,2026-08-17T15:33:42+0200,5bbffdc7-c3ab-4a18-a8bf-cc7d933ae677,2026-08-08T20:45:00Z,2026-08-08T22:45:00+0200,613.87,MW,FR,FR,actual_offshore_wind_generation,Wind Offshore | Actual Aggregated,2026-08-17T13:35:39Z
2026-08-17T13:33:42Z,2026-08-17T15:33:42+0200,5bbffdc7-c3ab-4a18-a8bf-cc7d933ae677,2026-08-08T21:00:00Z,2026-08-08T23:00:00+0200,599.91,MW,FR,FR,actual_offshore_wind_generation,Wind Offshore | Actual Aggregated,2026-08-17T13:35:39Z
2026-08-17T13:33:42Z,2026-08-17T15:33:42+0200,5bbffdc7-c3ab-4a18-a8bf-cc7d933ae677,2026-08-08T21:15:00Z,2026-08-08T23:15:00+0200,603.83,MW,FR,FR,actual_offshore_wind_generation,Wind Offshore | Actual Aggregated,2026-08-17T13:35:39Z
2026-08-17T13:33:42Z,2026-08-17T15:33:42+0200,5bbffdc7-c3ab-4a18-a8bf-cc7d933ae677,2026-08-08T21:30:00Z,2026-08-08T23:30:00+0200,571.42,MW,FR,FR,actual_offshore_wind_generation,Wind Offshore | Actual Aggregated,2026-08-17T13:35:39Z
2026-08-17T13:33:42Z,2026-08-17T15:33:42+0200,5bbffdc7-c3ab-4a18-a8bf-cc7d933ae677,2026-08-08T21:45:00Z,2026-08-08T23:45:00+0200,502.83,MW,FR,FR,actual_offshore_wind_generation,Wind Offshore | Actual Aggregated,2026-08-17T13:35:39Z
2026-08-17T13:33:42Z,2026-08-17T15:33:42+0200,5bbffdc7-c3ab-4a18-a8bf-cc7d933ae677,2026-08-08T22:00:00Z,2026-08-09T00:00:00+0200,440.51,MW,FR,FR,actual_offshore_wind_generation,Wind Offshore | Actual Aggregated,2026-08-17T13:35:39Z
2026-08-17T13:33:42Z,2026-08-17T15:33:42+0200,5bbffdc7-c3ab-4a18-a8bf-cc7d933ae677,2026-08-08T22:15:00Z,2026-08-09T00:15:00+0200,337.05,MW,FR,FR,actual_offshore_wind_generation,Wind Offshore | Actual Aggregated,2026-08-17T13:35:39Z
2026-08-17T13:33:42Z,2026-08-17T15:33:42+0200,5bbffdc7-c3ab-4a18-a8bf-cc7d933ae677,2026-08-08T22:30:00Z,2026-08-09T00:30:00+0200,300.78,MW,FR,FR,actual_offshore_wind_generation,Wind Offshore | Actual Aggregated,2026-08-17T13:35:39Z
2026-08-17T13:33:42Z,2026-08-17T15:33:42+0200,5bbffdc7-c3ab-4a18-a8bf-cc7d933ae677,2026-08-08T22:45:00Z,2026-08-09T00:45:00+0200,283.48,MW,FR,FR,actual_offshore_wind_generation,Wind Offshore | Actual Aggregated,2026-08-17T13:35:39Z
2026-08-17T13:33:42Z,2026-08-17T15:33:42+0200,5bbffdc7-c3ab-4a18-a8bf-cc7d933ae677,2026-08-08T23:00:00Z,2026-08-09T01:00:00+0200,225.69,MW,FR,FR,actual_offshore_wind_generation,Wind Offshore | Actual Aggregated,2026-08-17T13:35:39Z
2026-08-17T13:33:42Z,2026-08-17T15:33:42+0200,5bbffdc7-c3ab-4a18-a8bf-cc7d933ae677,2026-08-08T23:15:00Z,2026-08-09T01:15:00+0200,144.4,MW,FR,FR,actual_offshore_wind_generation,Wind Offshore | Actual Aggregated,2026-08-17T13:35:39Z
2026-08-17T13:33:42Z,2026-08-17T15:33:42+0200,5bbffdc7-c3ab-4a18-a8bf-cc7d933ae677,2026-08-08T23:30:00Z,2026-08-09T01:30:00+0200,168.66,MW,FR,FR,actual_offshore_wind_generation,Wind Offshore | Actual Aggregated,2026-08-17T13:35:39Z
2026-08-17T13:33:42Z,2026-08-17T15:33:42+0200,5bbffdc7-c3ab-4a18-a8bf-cc7d933ae677,2026-08-08T23:45:00Z,2026-08-09T01:45:00+0200,97.79,MW,FR,FR,actual_offshore_wind_generation,Wind Offshore | Actual Aggregated,2026-08-17T13:35:39Z
2026-08-17T13:33:42Z,2026-08-17T15:33:42+0200,5bbffdc7-c3ab-4a18-a8bf-cc7d933ae677,2026-08-09T00:00:00Z,2026-08-09T02:00:00+0200,43.36,MW,FR,FR,actual_offshore_wind_generation,Wind Offshore | Actual Aggregated,2026-08-17T13:35:39Z
2026-08-17T13:33:42Z,2026-08-17T15:33:42+0200,5bbffdc7-c3ab-4a18-a8bf-cc7d933ae677,2026-08-09T00:15:00Z,2026-08-09T02:15:00+0200,43.06,MW,FR,FR,actual_offshore_wind_generation,Wind Offshore | Actual Aggregated,2026-08-17T13:35:39Z
2026-08-17T13:33:42Z,2026-08-17T15:33:42+0200,5bbffdc7-c3ab-4a18-a8bf-cc7d933ae677,2026-08-09T00:30:00Z,2026-08-09T02:30:00+0200,22.4,MW,FR,FR,actual_offshore_wind_generation,Wind Offshore | Actual Aggregated,2026-08-17T13:35:39Z
2026-08-17T13:33:42Z,2026-08-17T15:33:42+0200,5bbffdc7-c3ab-4a18-a8bf-cc7d933ae677,2026-08-09T00:45:00Z,2026-08-09T02:45:00+0200,13.33,MW,FR,FR,actual_offshore_wind_generation,Wind Offshore | Actual Aggregated,2026-08-17T13:35:39Z
2026-08-17T13:33:42Z,2026-08-17T15:33:42+0200,5bbffdc7-c3ab-4a18-a8bf-cc7d933ae677,2026-08-09T01:00:00Z,2026-08-09T03:00:00+0200,23.59,MW,FR,FR,actual_offshore_wind_generation,Wind Offshore | Actual Aggregated,2026-08-17T13:35:39Z
2026-08-17T13:33:42Z,2026-08-17T15:33:42+0200,5bbffdc7-c3ab-4a18-a8bf-cc7d933ae677,2026-08-09T01:15:00Z,2026-08-09T03:15:00+0200,64.45,MW,FR,FR,actual_offshore_wind_generation,Wind Offshore | Actual Aggregated,2026-08-17T13:35:39Z
2026-08-17T13:33:42Z,2026-08-17T15:33:42+0200,5bbffdc7-c3ab-4a18-a8bf-cc7d933ae677,2026-08-09T01:30:00Z,2026-08-09T03:30:00+0200,55.94,MW,FR,FR,actual_offshore_wind_generation,Wind Offshore | Actual Aggregated,2026-08-17T13:35:39Z
2026-08-17T13:33:42Z,2026-08-17T15:33:42+0200,5bbffdc7-c3ab-4a18-a8bf-cc7d933ae677,2026-08-09T01:45:00Z,2026-08-09T03:45:00+0200,50.25,MW,FR,FR,actual_offshore_wind_generation,Wind Offshore | Actual Aggregated,2026-08-17T13:35:39Z
2026-08-17T13:33:42Z,2026-08-17T15:33:42+0200,5bbffdc7-c3ab-4a18-a8bf-cc7d933ae677,2026-08-09T02:00:00Z,2026-08-09T04:00:00+0200,78.79,MW,FR,FR,actual_offshore_wind_generation,Wind Offshore | Actual Aggregated,2026-08-17T13:35:39Z
2026-08-17T13:33:42Z,2026-08-17T15:33:42+0200,5bbffdc7-c3ab-4a18-a8bf-cc7d933ae677,2026-08-09T02:15:00Z,2026-08-09T04:15:00+0200,100.73,MW,FR,FR,actual_offshore_wind_generation,Wind Offshore | Actual Aggregated,2026-08-17T13:35:39Z
2026-08-17T13:33:42Z,2026-08-17T15:33:42+0200,5bbffdc7-c3ab-4a18-a8bf-cc7d933ae677,2026-08-09T02:30:00Z,2026-08-09T04:30:00+0200,102.04,MW,FR,FR,actual_offshore_wind_generation,Wind Offshore | Actual Aggregated,2026-08-17T13:35:39Z
2026-08-17T13:33:42Z,2026-08-17T15:33:42+0200,5bbffdc7-c3ab-4a18-a8bf-cc7d933ae677,2026-08-09T02:45:00Z,2026-08-09T04:45:00+0200,82.63,MW,FR,FR,actual_offshore_wind_generation,Wind Offshore | Actual Aggregated,2026-08-17T13:35:39Z
2026-08-17T13:33:42Z,2026-08-17T15:33:42+0200,5bbffdc7-c3ab-4a18-a8bf-cc7d933ae677,2026-08-09T03:00:00Z,2026-08-09T05:00:00+0200,88.72,MW,FR,FR,actual_offshore_wind_generation,Wind Offshore | Actual Aggregated,2026-08-17T13:35:39Z
2026-08-17T13:33:42Z,2026-08-17T15:33:42+0200,5bbffdc7-c3ab-4a18-a8bf-cc7d933ae677,2026-08-09T03:15:00Z,2026-08-09T05:15:00+0200,104.32,MW,FR,FR,actual_offshore_wind_generation,Wind Offshore | Actual Aggregated,2026-08-17T13:35:39Z
2026-08-17T13:33:42Z,2026-08-17T15:33:42+0200,5bbffdc7-c3ab-4a18-a8bf-cc7d933ae677,2026-08-09T03:30:00Z,2026-08-09T05:30:00+0200,86.85,MW,FR,FR,actual_offshore_wind_generation,Wind Offshore | Actual Aggregated,2026-08-17T13:35:39Z
2026-08-17T13:33:42Z,2026-08-17T15:33:42+0200,5bbffdc7-c3ab-4a18-a8bf-cc7d933ae677,2026-08-09T03:45:00Z,2026-08-09T05:45:00+0200,85.9,MW,FR,FR,actual_offshore_wind_generation,Wind Offshore | Actual Aggregated,2026-08-17T13:35:39Z
2026-08-17T13:33:42Z,2026-08-17T15:33:42+0200,5bbffdc7-c3ab-4a18-a8bf-cc7d933ae677,2026-08-09T04:00:00Z,2026-08-09T06:00:00+0200,74.98,MW,FR,FR,actual_offshore_wind_generation,Wind Offshore | Actual Aggregated,2026-08-17T13:35:39Z
2026-08-17T13:33:42Z,2026-08-17T15:33:42+0200,5bbffdc7-c3ab-4a18-a8bf-cc7d933ae677,2026-08-09T04:15:00Z,2026-08-09T06:15:00+0200,79.85,MW,FR,FR,actual_offshore_wind_generation,Wind Offshore | Actual Aggregated,2026-08-17T13:35:39Z
2026-08-17T13:33:42Z,2026-08-17T15:33:42+0200,5bbffdc7-c3ab-4a18-a8bf-cc7d933ae677,2026-08-09T04:30:00Z,2026-08-09T06:30:00+0200,93.84,MW,FR,FR,actual_offshore_wind_generation,Wind Offshore | Actual Aggregated,2026-08-17T13:35:39Z
2026-08-17T13:33:42Z,2026-08-17T15:33:42+0200,5bbffdc7-c3ab-4a18-a8bf-cc7d933ae677,2026-08-09T04:45:00Z,2026-08-09T06:45:00+0200,127.83,MW,FR,FR,actual_offshore_wind_generation,Wind Offshore | Actual Aggregated,2026-08-17T13:35:39Z
2026-08-17T13:33:42Z,2026-08-17T15:33:42+0200,5bbffdc7-c3ab-4a18-a8bf-cc7d933ae677,2026-08-09T05:00:00Z,2026-08-09T07:00:00+0200,140.37,MW,FR,FR,actual_offshore_wind_generation,Wind Offshore | Actual Aggregated,2026-08-17T13:35:39Z
2026-08-17T13:33:42Z,2026-08-17T15:33:42+0200,5bbffdc7-c3ab-4a18-a8bf-cc7d933ae677,2026-08-09T05:15:00Z,2026-08-09T07:15:00+0200,192.69,MW,FR,FR,actual_offshore_wind_generation,Wind Offshore | Actual Aggregated,2026-08-17T13:35:39Z
2026-08-17T13:33:42Z,2026-08-17T15:33:42+0200,5bbffdc7-c3ab-4a18-a8bf-cc7d933ae677,2026-08-09T05:30:00Z,2026-08-09T07:30:00+0200,208.62,MW,FR,FR,actual_offshore_wind_generation,Wind Offshore | Actual Aggregated,2026-08-17T13:35:39Z
2026-08-17T13:33:42Z,2026-08-17T15:33:42+0200,5bbffdc7-c3ab-4a18-a8bf-cc7d933ae677,2026-08-09T05:45:00Z,2026-08-09T07:45:00+0200,229.18,MW,FR,FR,actual_offshore_wind_generation,Wind Offshore | Actual Aggregated,2026-08-17T13:35:39Z
2026-08-17T13:33:42Z,2026-08-17T15:33:42+0200,5bbffdc7-c3ab-4a18-a8bf-cc7d933ae677,2026-08-09T06:00:00Z,2026-08-09T08:00:00+0200,183.62,MW,FR,FR,actual_offshore_wind_generation,Wind Offshore | Actual Aggregated,2026-08-17T13:35:39Z
2026-08-17T13:33:42Z,2026-08-17T15:33:42+0200,5bbffdc7-c3ab-4a18-a8bf-cc7d933ae677,2026-08-09T06:15:00Z,2026-08-09T08:15:00+0200,221.93,MW,FR,FR,actual_offshore_wind_generation,Wind Offshore | Actual Aggregated,2026-08-17T13:35:39Z
2026-08-17T13:33:42Z,2026-08-17T15:33:42+0200,5bbffdc7-c3ab-4a18-a8bf-cc7d933ae677,2026-08-09T06:30:00Z,2026-08-09T08:30:00+0200,257.06,MW,FR,FR,actual_offshore_wind_generation,Wind Offshore | Actual Aggregated,2026-08-17T13:35:39Z
2026-08-17T13:33:42Z,2026-08-17T15:33:42+0200,5bbffdc7-c3ab-4a18-a8bf-cc7d933ae677,2026-08-09T06:45:00Z,2026-08-09T08:45:00+0200,261.69,MW,FR,FR,actual_offshore_wind_generation,Wind Offshore | Actual Aggregated,2026-08-17T13:35:39Z
2026-08-17T13:33:42Z,2026-08-17T15:33:42+0200,5bbffdc7-c3ab-4a18-a8bf-cc7d933ae677,2026-08-09T07:00:00Z,2026-08-09T09:00:00+0200,247.49,MW,FR,FR,actual_offshore_wind_generation,Wind Offshore | Actual Aggregated,2026-08-17T13:35:39Z
2026-08-17T13:33:42Z,2026-08-17T15:33:42+0200,5bbffdc7-c3ab-4a18-a8bf-cc7d933ae677,2026-08-09T07:15:00Z,2026-08-09T09:15:00+0200,169.92,MW,FR,FR,actual_offshore_wind_generation,Wind Offshore | Actual Aggregated,2026-08-17T13:35:39Z
2026-08-17T13:33:42Z,2026-08-17T15:33:42+0200,5bbffdc7-c3ab-4a18-a8bf-cc7d933ae677,2026-08-09T07:30:00Z,2026-08-09T09:30:00+0200,147.1,MW,FR,FR,actual_offshore_wind_generation,Wind Offshore | Actual Aggregated,2026-08-17T13:35:39Z
2026-08-17T13:33:42Z,2026-08-17T15:33:42+0200,5bbffdc7-c3ab-4a18-a8bf-cc7d933ae677,2026-08-09T07:45:00Z,2026-08-09T09:45:00+0200,162.61,MW,FR,FR,actual_offshore_wind_generation,Wind Offshore | Actual Aggregated,2026-08-17T13:35:39Z
2026-08-17T13:33:42Z,2026-08-17T15:33:42+0200,5bbffdc7-c3ab-4a18-a8bf-cc7d933ae677,2026-08-09T08:00:00Z,2026-08-09T10:00:00+0200,151.15,MW,FR,FR,actual_offshore_wind_generation,Wind Offshore | Actual Aggregated,2026-08-17T13:35:39Z
2026-08-17T13:33:42Z,2026-08-17T15:33:42+0200,5bbffdc7-c3ab-4a18-a8bf-cc7d933ae677,2026-08-09T08:15:00Z,2026-08-09T10:15:00+0200,149.07,MW,FR,FR,actual_offshore_wind_generation,Wind Offshore | Actual Aggregated,2026-08-17T13:35:39Z
2026-08-17T13:33:42Z,2026-08-17T15:33:42+0200,5bbffdc7-c3ab-4a18-a8bf-cc7d933ae677,2026-08-09T08:30:00Z,2026-08-09T10:30:00+0200,149.77,MW,FR,FR,actual_offshore_wind_generation,Wind Offshore | Actual Aggregated,2026-08-17T13:35:39Z
2026-08-17T13:33:42Z,2026-08-17T15:33:42+0200,5bbffdc7-c3ab-4a18-a8bf-cc7d933ae677,2026-08-09T08:45:00Z,2026-08-09T10:45:00+0200,188.54,MW,FR,FR,actual_offshore_wind_generation,Wind Offshore | Actual Aggregated,2026-08-17T13:35:39Z
2026-08-17T13:33:42Z,2026-08-17T15:33:42+0200,5bbffdc7-c3ab-4a18-a8bf-cc7d933ae677,2026-08-09T09:00:00Z,2026-08-09T11:00:00+0200,263.53,MW,FR,FR,actual_offshore_wind_generation,Wind Offshore | Actual Aggregated,2026-08-17T13:35:39Z
2026-08-17T13:33:42Z,2026-08-17T15:33:42+0200,5bbffdc7-c3ab-4a18-a8bf-cc7d933ae677,2026-08-09T09:15:00Z,2026-08-09T11:15:00+0200,314.25,MW,FR,FR,actual_offshore_wind_generation,Wind Offshore | Actual Aggregated,2026-08-17T13:35:39Z
2026-08-17T13:33:42Z,2026-08-17T15:33:42+0200,5bbffdc7-c3ab-4a18-a8bf-cc7d933ae677,2026-08-09T09:30:00Z,2026-08-09T11:30:00+0200,288.5,MW,FR,FR,actual_offshore_wind_generation,Wind Offshore | Actual Aggregated,2026-08-17T13:35:39Z
2026-08-17T13:33:42Z,2026-08-17T15:33:42+0200,5bbffdc7-c3ab-4a18-a8bf-cc7d933ae677,2026-08-09T09:45:00Z,2026-08-09T11:45:00+0200,232.02,MW,FR,FR,actual_offshore_wind_generation,Wind Offshore | Actual Aggregated,2026-08-17T13:35:39Z
2026-08-17T13:33:42Z,2026-08-17T15:33:42+0200,5bbffdc7-c3ab-4a18-a8bf-cc7d933ae677,2026-08-09T10:00:00Z,2026-08-09T12:00:00+0200,126.14,MW,FR,FR,actual_offshore_wind_generation,Wind Offshore | Actual Aggregated,2026-08-17T13:35:39Z
2026-08-17T13:33:42Z,2026-08-17T15:33:42+0200,5bbffdc7-c3ab-4a18-a8bf-cc7d933ae677,2026-08-09T10:15:00Z,2026-08-09T12:15:00+0200,60.99,MW,FR,FR,actual_offshore_wind_generation,Wind Offshore | Actual Aggregated,2026-08-17T13:35:39Z
2026-08-17T13:33:42Z,2026-08-17T15:33:42+0200,5bbffdc7-c3ab-4a18-a8bf-cc7d933ae677,2026-08-09T10:30:00Z,2026-08-09T12:30:00+0200,63.22,MW,FR,FR,actual_offshore_wind_generation,Wind Offshore | Actual Aggregated,2026-08-17T13:35:39Z
2026-08-17T13:33:42Z,2026-08-17T15:33:42+0200,5bbffdc7-c3ab-4a18-a8bf-cc7d933ae677,2026-08-09T10:45:00Z,2026-08-09T12:45:00+0200,76.69,MW,FR,FR,actual_offshore_wind_generation,Wind Offshore | Actual Aggregated,2026-08-17T13:35:39Z
2026-08-17T13:33:42Z,2026-08-17T15:33:42+0200,5bbffdc7-c3ab-4a18-a8bf-cc7d933ae677,2026-08-09T11:00:00Z,2026-08-09T13:00:00+0200,181.4,MW,FR,FR,actual_offshore_wind_generation,Wind Offshore | Actual Aggregated,2026-08-17T13:35:39Z
2026-08-17T13:33:42Z,2026-08-17T15:33:42+0200,5bbffdc7-c3ab-4a18-a8bf-cc7d933ae677,2026-08-09T11:15:00Z,2026-08-09T13:15:00+0200,274.04,MW,FR,FR,actual_offshore_wind_generation,Wind Offshore | Actual Aggregated,2026-08-17T13:35:39Z
2026-08-17T13:33:42Z,2026-08-17T15:33:42+0200,5bbffdc7-c3ab-4a18-a8bf-cc7d933ae677,2026-08-09T11:30:00Z,2026-08-09T13:30:00+0200,199.07,MW,FR,FR,actual_offshore_wind_generation,Wind Offshore | Actual Aggregated,2026-08-17T13:35:39Z
2026-08-17T13:33:42Z,2026-08-17T15:33:42+0200,5bbffdc7-c3ab-4a18-a8bf-cc7d933ae677,2026-08-09T11:45:00Z,2026-08-09T13:45:00+0200,219.12,MW,FR,FR,actual_offshore_wind_generation,Wind Offshore | Actual Aggregated,2026-08-17T13:35:39Z
2026-08-17T13:33:42Z,2026-08-17T15:33:42+0200,5bbffdc7-c3ab-4a18-a8bf-cc7d933ae677,2026-08-09T12:00:00Z,2026-08-09T14:00:00+0200,300.95,MW,FR,FR,actual_offshore_wind_generation,Wind Offshore | Actual Aggregated,2026-08-17T13:35:39Z
2026-08-17T13:33:42Z,2026-08-17T15:33:42+0200,5bbffdc7-c3ab-4a18-a8bf-cc7d933ae677,2026-08-09T12:15:00Z,2026-08-09T14:15:00+0200,299.13,MW,FR,FR,actual_offshore_wind_generation,Wind Offshore | Actual Aggregated,2026-08-17T13:35:39Z
2026-08-17T13:33:42Z,2026-08-17T15:33:42+0200,5bbffdc7-c3ab-4a18-a8bf-cc7d933ae677,2026-08-09T12:30:00Z,2026-08-09T14:30:00+0200,269.3,MW,FR,FR,actual_offshore_wind_generation,Wind Offshore | Actual Aggregated,2026-08-17T13:35:39Z
2026-08-17T13:33:42Z,2026-08-17T15:33:42+0200,5bbffdc7-c3ab-4a18-a8bf-cc7d933ae677,2026-08-09T12:45:00Z,2026-08-09T14:45:00+0200,273.4,MW,FR,FR,actual_offshore_wind_generation,Wind Offshore | Actual Aggregated,2026-08-17T13:35:39Z
2026-08-17T13:33:42Z,2026-08-17T15:33:42+0200,5bbffdc7-c3ab-4a18-a8bf-cc7d933ae677,2026-08-09T13:00:00Z,2026-08-09T15:00:00+0200,266.17,MW,FR,FR,actual_offshore_wind_generation,Wind Offshore | Actual Aggregated,2026-08-17T13:35:39Z
2026-08-17T13:33:42Z,2026-08-17T15:33:42+0200,5bbffdc7-c3ab-4a18-a8bf-cc7d933ae677,2026-08-09T13:15:00Z,2026-08-09T15:15:00+0200,254.31,MW,FR,FR,actual_offshore_wind_generation,Wind Offshore | Actual Aggregated,2026-08-17T13:35:39Z
2026-08-17T13:33:42Z,2026-08-17T15:33:42+0200,5bbffdc7-c3ab-4a18-a8bf-cc7d933ae677,2026-08-09T13:30:00Z,2026-08-09T15:30:00+0200,245.95,MW,FR,FR,actual_offshore_wind_generation,Wind Offshore | Actual Aggregated,2026-08-17T13:35:39Z
2026-08-17T13:33:42Z,2026-08-17T15:33:42+0200,5bbffdc7-c3ab-4a18-a8bf-cc7d933ae677,2026-08-09T13:45:00Z,2026-08-09T15:45:00+0200,242.81,MW,FR,FR,actual_offshore_wind_generation,Wind Offshore | Actual Aggregated,2026-08-17T13:35:39Z
2026-08-17T13:33:42Z,2026-08-17T15:33:42+0200,5bbffdc7-c3ab-4a18-a8bf-cc7d933ae677,2026-08-09T14:00:00Z,2026-08-09T16:00:00+0200,269.23,MW,FR,FR,actual_offshore_wind_generation,Wind Offshore | Actual Aggregated,2026-08-17T13:35:39Z
2026-08-17T13:33:42Z,2026-08-17T15:33:42+0200,5bbffdc7-c3ab-4a18-a8bf-cc7d933ae677,2026-08-09T14:15:00Z,2026-08-09T16:15:00+0200,251.51,MW,FR,FR,actual_offshore_wind_generation,Wind Offshore | Actual Aggregated,2026-08-17T13:35:39Z
2026-08-17T13:33:42Z,2026-08-17T15:33:42+0200,5bbffdc7-c3ab-4a18-a8bf-cc7d933ae677,2026-08-09T14:30:00Z,2026-08-09T16:30:00+0200,240.28,MW,FR,FR,actual_offshore_wind_generation,Wind Offshore | Actual Aggregated,2026-08-17T13:35:39Z
2026-08-17T13:33:42Z,2026-08-17T15:33:42+0200,5bbffdc7-c3ab-4a18-a8bf-cc7d933ae677,2026-08-09T14:45:00Z,2026-08-09T16:45:00+0200,214.91,MW,FR,FR,actual_offshore_wind_generation,Wind Offshore | Actual Aggregated,2026-08-17T13:35:39Z
2026-08-17T13:33:42Z,2026-08-17T15:33:42+0200,5bbffdc7-c3ab-4a18-a8bf-cc7d933ae677,2026-08-09T15:00:00Z,2026-08-09T17:00:00+0200,226.15,MW,FR,FR,actual_offshore_wind_generation,Wind Offshore | Actual Aggregated,2026-08-17T13:35:39Z
2026-08-17T13:33:42Z,2026-08-17T15:33:42+0200,5bbffdc7-c3ab-4a18-a8bf-cc7d933ae677,2026-08-09T15:15:00Z,2026-08-09T17:15:00+0200,213.3,MW,FR,FR,actual_offshore_wind_generation,Wind Offshore | Actual Aggregated,2026-08-17T13:35:39Z
2026-08-17T13:33:42Z,2026-08-17T15:33:42+0200,5bbffdc7-c3ab-4a18-a8bf-cc7d933ae677,2026-08-09T15:30:00Z,2026-08-09T17:30:00+0200,253.86,MW,FR,FR,actual_offshore_wind_generation,Wind Offshore | Actual Aggregated,2026-08-17T13:35:39Z
2026-08-17T13:33:42Z,2026-08-17T15:33:42+0200,5bbffdc7-c3ab-4a18-a8bf-cc7d933ae677,2026-08-09T15:45:00Z,2026-08-09T17:45:00+0200,368.48,MW,FR,FR,actual_offshore_wind_generation,Wind Offshore | Actual Aggregated,2026-08-17T13:35:39Z
2026-08-17T13:33:42Z,2026-08-17T15:33:42+0200,5bbffdc7-c3ab-4a18-a8bf-cc7d933ae677,2026-08-09T16:00:00Z,2026-08-09T18:00:00+0200,541.82,MW,FR,FR,actual_offshore_wind_generation,Wind Offshore | Actual Aggregated,2026-08-17T13:35:39Z
2026-08-17T13:33:42Z,2026-08-17T15:33:42+0200,5bbffdc7-c3ab-4a18-a8bf-cc7d933ae677,2026-08-09T16:15:00Z,2026-08-09T18:15:00+0200,639.73,MW,FR,FR,actual_offshore_wind_generation,Wind Offshore | Actual Aggregated,2026-08-17T13:35:39Z
2026-08-17T13:33:42Z,2026-08-17T15:33:42+0200,5bbffdc7-c3ab-4a18-a8bf-cc7d933ae677,2026-08-09T16:30:00Z,2026-08-09T18:30:00+0200,669.35,MW,FR,FR,actual_offshore_wind_generation,Wind Offshore | Actual Aggregated,2026-08-17T13:35:39Z
2026-08-17T13:33:42Z,2026-08-17T15:33:42+0200,5bbffdc7-c3ab-4a18-a8bf-cc7d933ae677,2026-08-09T16:45:00Z,2026-08-09T18:45:00+0200,703.25,MW,FR,FR,actual_offshore_wind_generation,Wind Offshore | Actual Aggregated,2026-08-17T13:35:39Z
2026-08-17T13:33:42Z,2026-08-17T15:33:42+0200,5bbffdc7-c3ab-4a18-a8bf-cc7d933ae677,2026-08-09T17:00:00Z,2026-08-09T19:00:00+0200,675.44,MW,FR,FR,actual_offshore_wind_generation,Wind Offshore | Actual Aggregated,2026-08-17T13:35:39Z
2026-08-17T13:33:42Z,2026-08-17T15:33:42+0200,5bbffdc7-c3ab-4a18-a8bf-cc7d933ae677,2026-08-09T17:15:00Z,2026-08-09T19:15:00+0200,614.18,MW,FR,FR,actual_offshore_wind_generation,Wind Offshore | Actual Aggregated,2026-08-17T13:35:39Z
2026-08-17T13:33:42Z,2026-08-17T15:33:42+0200,5bbffdc7-c3ab-4a18-a8bf-cc7d933ae677,2026-08-09T17:30:00Z,2026-08-09T19:30:00+0200,579.67,MW,FR,FR,actual_offshore_wind_generation,Wind Offshore | Actual Aggregated,2026-08-17T13:35:39Z
2026-08-17T13:33:42Z,2026-08-17T15:33:42+0200,5bbffdc7-c3ab-4a18-a8bf-cc7d933ae677,2026-08-09T17:45:00Z,2026-08-09T19:45:00+0200,550.78,MW,FR,FR,actual_offshore_wind_generation,Wind Offshore | Actual Aggregated,2026-08-17T13:35:39Z
2026-08-17T13:33:42Z,2026-08-17T15:33:42+0200,5bbffdc7-c3ab-4a18-a8bf-cc7d933ae677,2026-08-09T18:00:00Z,2026-08-09T20:00:00+0200,550.44,MW,FR,FR,actual_offshore_wind_generation,Wind Offshore | Actual Aggregated,2026-08-17T13:35:39Z
2026-08-17T13:33:42Z,2026-08-17T15:33:42+0200,5bbffdc7-c3ab-4a18-a8bf-cc7d933ae677,2026-08-09T18:15:00Z,2026-08-09T20:15:00+0200,514.3,MW,FR,FR,actual_offshore_wind_generation,Wind Offshore | Actual Aggregated,2026-08-17T13:35:39Z
2026-08-17T13:33:42Z,2026-08-17T15:33:42+0200,5bbffdc7-c3ab-4a18-a8bf-cc7d933ae677,2026-08-09T18:30:00Z,2026-08-09T20:30:00+0200,509.05,MW,FR,FR,actual_offshore_wind_generation,Wind Offshore | Actual Aggregated,2026-08-17T13:35:39Z
2026-08-17T13:33:42Z,2026-08-17T15:33:42+0200,5bbffdc7-c3ab-4a18-a8bf-cc7d933ae677,2026-08-09T18:45:00Z,2026-08-09T20:45:00+0200,537.28,MW,FR,FR,actual_offshore_wind_generation,Wind Offshore | Actual Aggregated,2026-08-17T13:35:39Z
2026-08-17T13:33:42Z,2026-08-17T15:33:42+0200,5bbffdc7-c3ab-4a18-a8bf-cc7d933ae677,2026-08-09T19:00:00Z,2026-08-09T21:00:00+0200,590.36,MW,FR,FR,actual_offshore_wind_generation,Wind Offshore | Actual Aggregated,2026-08-17T13:35:39Z
2026-08-17T13:33:42Z,2026-08-17T15:33:42+0200,5bbffdc7-c3ab-4a18-a8bf-cc7d933ae677,2026-08-09T19:15:00Z,2026-08-09T21:15:00+0200,606.5,MW,FR,FR,actual_offshore_wind_generation,Wind Offshore | Actual Aggregated,2026-08-17T13:35:39Z
2026-08-17T13:33:42Z,2026-08-17T15:33:42+0200,5bbffdc7-c3ab-4a18-a8bf-cc7d933ae677,2026-08-09T19:30:00Z,2026-08-09T21:30:00+0200,597.23,MW,FR,FR,actual_offshore_wind_generation,Wind Offshore | Actual Aggregated,2026-08-17T13:35:39Z
2026-08-17T13:33:42Z,2026-08-17T15:33:42+0200,5bbffdc7-c3ab-4a18-a8bf-cc7d933ae677,2026-08-09T19:45:00Z,2026-08-09T21:45:00+0200,600.61,MW,FR,FR,actual_offshore_wind_generation,Wind Offshore | Actual Aggregated,2026-08-17T13:35:39Z
2026-08-17T13:33:42Z,2026-08-17T15:33:42+0200,5bbffdc7-c3ab-4a18-a8bf-cc7d933ae677,2026-08-09T20:00:00Z,2026-08-09T22:00:00+0200,600.08,MW,FR,FR,actual_offshore_wind_generation,Wind Offshore | Actual Aggregated,2026-08-17T13:35:39Z
2026-08-17T13:33:42Z,2026-08-17T15:33:42+0200,5bbffdc7-c3ab-4a18-a8bf-cc7d933ae677,2026-08-09T20:15:00Z,2026-08-09T22:15:00+0200,573.46,MW,FR,FR,actual_offshore_wind_generation,Wind Offshore | Actual Aggregated,2026-08-17T13:35:39Z
2026-08-17T13:33:42Z,2026-08-17T15:33:42+0200,5bbffdc7-c3ab-4a18-a8bf-cc7d933ae677,2026-08-09T20:30:00Z,2026-08-09T22:30:00+0200,551.75,MW,FR,FR,actual_offshore_wind_generation,Wind Offshore | Actual Aggregated,2026-08-17T13:35:39Z
2026-08-17T13:33:42Z,2026-08-17T15:33:42+0200,5bbffdc7-c3ab-4a18-a8bf-cc7d933ae677,2026-08-09T20:45:00Z,2026-08-09T22:45:00+0200,504.23,MW,FR,FR,actual_offshore_wind_generation,Wind Offshore | Actual Aggregated,2026-08-17T13:35:39Z
2026-08-17T13:33:42Z,2026-08-17T15:33:42+0200,5bbffdc7-c3ab-4a18-a8bf-cc7d933ae677,2026-08-09T21:00:00Z,2026-08-09T23:00:00+0200,483.25,MW,FR,FR,actual_offshore_wind_generation,Wind Offshore | Actual Aggregated,2026-08-17T13:35:39Z
2026-08-17T13:33:42Z,2026-08-17T15:33:42+0200,5bbffdc7-c3ab-4a18-a8bf-cc7d933ae677,2026-08-09T21:15:00Z,2026-08-09T23:15:00+0200,486.54,MW,FR,FR,actual_offshore_wind_generation,Wind Offshore | Actual Aggregated,2026-08-17T13:35:39Z
2026-08-17T13:33:42Z,2026-08-17T15:33:42+0200,5bbffdc7-c3ab-4a18-a8bf-cc7d933ae677,2026-08-09T21:30:00Z,2026-08-09T23:30:00+0200,548.54,MW,FR,FR,actual_offshore_wind_generation,Wind Offshore | Actual Aggregated,2026-08-17T13:35:39Z
2026-08-17T13:33:42Z,2026-08-17T15:33:42+0200,5bbffdc7-c3ab-4a18-a8bf-cc7d933ae677,2026-08-09T21:45:00Z,2026-08-09T23:45:00+0200,609.48,MW,FR,FR,actual_offshore_wind_generation,Wind Offshore | Actual Aggregated,2026-08-17T13:35:39Z
2026-08-17T13:33:42Z,2026-08-17T15:33:42+0200,5bbffdc7-c3ab-4a18-a8bf-cc7d933ae677,2026-08-09T22:00:00Z,2026-08-10T00:00:00+0200,662.86,MW,FR,FR,actual_offshore_wind_generation,Wind Offshore | Actual Aggregated,2026-08-17T13:35:39Z
2026-08-17T13:33:42Z,2026-08-17T15:33:42+0200,5bbffdc7-c3ab-4a18-a8bf-cc7d933ae677,2026-08-09T22:15:00Z,2026-08-10T00:15:00+0200,699.81,MW,FR,FR,actual_offshore_wind_generation,Wind Offshore | Actual Aggregated,2026-08-17T13:35:39Z
2026-08-17T13:33:42Z,2026-08-17T15:33:42+0200,5bbffdc7-c3ab-4a18-a8bf-cc7d933ae677,2026-08-09T22:30:00Z,2026-08-10T00:30:00+0200,698.27,MW,FR,FR,actual_offshore_wind_generation,Wind Offshore | Actual Aggregated,2026-08-17T13:35:39Z
2026-08-17T13:33:42Z,2026-08-17T15:33:42+0200,5bbffdc7-c3ab-4a18-a8bf-cc7d933ae677,2026-08-09T22:45:00Z,2026-08-10T00:45:00+0200,718.43,MW,FR,FR,actual_offshore_wind_generation,Wind Offshore | Actual Aggregated,2026-08-17T13:35:39Z
2026-08-17T13:33:42Z,2026-08-17T15:33:42+0200,5bbffdc7-c3ab-4a18-a8bf-cc7d933ae677,2026-08-09T23:00:00Z,2026-08-10T01:00:00+0200,819.48,MW,FR,FR,actual_offshore_wind_generation,Wind Offshore | Actual Aggregated,2026-08-17T13:35:39Z
2026-08-17T13:33:42Z,2026-08-17T15:33:42+0200,5bbffdc7-c3ab-4a18-a8bf-cc7d933ae677,2026-08-09T23:15:00Z,2026-08-10T01:15:00+0200,863.81,MW,FR,FR,actual_offshore_wind_generation,Wind Offshore | Actual Aggregated,2026-08-17T13:35:39Z
2026-08-17T13:33:42Z,2026-08-17T15:33:42+0200,5bbffdc7-c3ab-4a18-a8bf-cc7d933ae677,2026-08-09T23:30:00Z,2026-08-10T01:30:00+0200,821.95,MW,FR,FR,actual_offshore_wind_generation,Wind Offshore | Actual Aggregated,2026-08-17T13:35:39Z
2026-08-17T13:33:42Z,2026-08-17T15:33:42+0200,5bbffdc7-c3ab-4a18-a8bf-cc7d933ae677,2026-08-09T23:45:00Z,2026-08-10T01:45:00+0200,746.67,MW,FR,FR,actual_offshore_wind_generation,Wind Offshore | Actual Aggregated,2026-08-17T13:35:39Z
2026-08-17T13:33:42Z,2026-08-17T15:33:42+0200,5bbffdc7-c3ab-4a18-a8bf-cc7d933ae677,2026-08-10T00:00:00Z,2026-08-10T02:00:00+0200,647.55,MW,FR,FR,actual_offshore_wind_generation,Wind Offshore | Actual Aggregated,2026-08-17T13:35:39Z
2026-08-17T13:33:42Z,2026-08-17T15:33:42+0200,5bbffdc7-c3ab-4a18-a8bf-cc7d933ae677,2026-08-10T00:15:00Z,2026-08-10T02:15:00+0200,601.37,MW,FR,FR,actual_offshore_wind_generation,Wind Offshore | Actual Aggregated,2026-08-17T13:35:39Z
2026-08-17T13:33:42Z,2026-08-17T15:33:42+0200,5bbffdc7-c3ab-4a18-a8bf-cc7d933ae677,2026-08-10T00:30:00Z,2026-08-10T02:30:00+0200,541.35,MW,FR,FR,actual_offshore_wind_generation,Wind Offshore | Actual Aggregated,2026-08-17T13:35:39Z
2026-08-17T13:33:42Z,2026-08-17T15:33:42+0200,5bbffdc7-c3ab-4a18-a8bf-cc7d933ae677,2026-08-10T00:45:00Z,2026-08-10T02:45:00+0200,533.82,MW,FR,FR,actual_offshore_wind_generation,Wind Offshore | Actual Aggregated,2026-08-17T13:35:39Z
2026-08-17T13:33:42Z,2026-08-17T15:33:42+0200,5bbffdc7-c3ab-4a18-a8bf-cc7d933ae677,2026-08-10T01:00:00Z,2026-08-10T03:00:00+0200,519.02,MW,FR,FR,actual_offshore_wind_generation,Wind Offshore | Actual Aggregated,2026-08-17T13:35:39Z
2026-08-17T13:33:42Z,2026-08-17T15:33:42+0200,5bbffdc7-c3ab-4a18-a8bf-cc7d933ae677,2026-08-10T01:15:00Z,2026-08-10T03:15:00+0200,492.54,MW,FR,FR,actual_offshore_wind_generation,Wind Offshore | Actual Aggregated,2026-08-17T13:35:39Z
2026-08-17T13:33:42Z,2026-08-17T15:33:42+0200,5bbffdc7-c3ab-4a18-a8bf-cc7d933ae677,2026-08-10T01:30:00Z,2026-08-10T03:30:00+0200,441.71,MW,FR,FR,actual_offshore_wind_generation,Wind Offshore | Actual Aggregated,2026-08-17T13:35:39Z
2026-08-17T13:33:42Z,2026-08-17T15:33:42+0200,5bbffdc7-c3ab-4a18-a8bf-cc7d933ae677,2026-08-10T01:45:00Z,2026-08-10T03:45:00+0200,400.76,MW,FR,FR,actual_offshore_wind_generation,Wind Offshore | Actual Aggregated,2026-08-17T13:35:39Z
2026-08-17T13:33:42Z,2026-08-17T15:33:42+0200,5bbffdc7-c3ab-4a18-a8bf-cc7d933ae677,2026-08-10T02:00:00Z,2026-08-10T04:00:00+0200,397.24,MW,FR,FR,actual_offshore_wind_generation,Wind Offshore | Actual Aggregated,2026-08-17T13:35:39Z
2026-08-17T13:33:42Z,2026-08-17T15:33:42+0200,5bbffdc7-c3ab-4a18-a8bf-cc7d933ae677,2026-08-10T02:15:00Z,2026-08-10T04:15:00+0200,385.61,MW,FR,FR,actual_offshore_wind_generation,Wind Offshore | Actual Aggregated,2026-08-17T13:35:39Z
2026-08-17T13:33:42Z,2026-08-17T15:33:42+0200,5bbffdc7-c3ab-4a18-a8bf-cc7d933ae677,2026-08-10T02:30:00Z,2026-08-10T04:30:00+0200,360.16,MW,FR,FR,actual_offshore_wind_generation,Wind Offshore | Actual Aggregated,2026-08-17T13:35:39Z
2026-08-17T13:33:42Z,2026-08-17T15:33:42+0200,5bbffdc7-c3ab-4a18-a8bf-cc7d933ae677,2026-08-10T02:45:00Z,2026-08-10T04:45:00+0200,348.08,MW,FR,FR,actual_offshore_wind_generation,Wind Offshore | Actual Aggregated,2026-08-17T13:35:39Z
2026-08-17T13:33:42Z,2026-08-17T15:33:42+0200,5bbffdc7-c3ab-4a18-a8bf-cc7d933ae677,2026-08-10T03:00:00Z,2026-08-10T05:00:00+0200,358.39,MW,FR,FR,actual_offshore_wind_generation,Wind Offshore | Actual Aggregated,2026-08-17T13:35:39Z
2026-08-17T13:33:42Z,2026-08-17T15:33:42+0200,5bbffdc7-c3ab-4a18-a8bf-cc7d933ae677,2026-08-10T03:15:00Z,2026-08-10T05:15:00+0200,351.99,MW,FR,FR,actual_offshore_wind_generation,Wind Offshore | Actual Aggregated,2026-08-17T13:35:39Z
2026-08-17T13:33:42Z,2026-08-17T15:33:42+0200,5bbffdc7-c3ab-4a18-a8bf-cc7d933ae677,2026-08-10T03:30:00Z,2026-08-10T05:30:00+0200,406.8,MW,FR,FR,actual_offshore_wind_generation,Wind Offshore | Actual Aggregated,2026-08-17T13:35:39Z
2026-08-17T13:33:42Z,2026-08-17T15:33:42+0200,5bbffdc7-c3ab-4a18-a8bf-cc7d933ae677,2026-08-10T03:45:00Z,2026-08-10T05:45:00+0200,451.88,MW,FR,FR,actual_offshore_wind_generation,Wind Offshore | Actual Aggregated,2026-08-17T13:35:39Z
2026-08-17T13:33:42Z,2026-08-17T15:33:42+0200,5bbffdc7-c3ab-4a18-a8bf-cc7d933ae677,2026-08-10T04:00:00Z,2026-08-10T06:00:00+0200,457.91,MW,FR,FR,actual_offshore_wind_generation,Wind Offshore | Actual Aggregated,2026-08-17T13:35:39Z
2026-08-17T13:33:42Z,2026-08-17T15:33:42+0200,5bbffdc7-c3ab-4a18-a8bf-cc7d933ae677,2026-08-10T04:15:00Z,2026-08-10T06:15:00+0200,449.59,MW,FR,FR,actual_offshore_wind_generation,Wind Offshore | Actual Aggregated,2026-08-17T13:35:39Z
2026-08-17T13:33:42Z,2026-08-17T15:33:42+0200,5bbffdc7-c3ab-4a18-a8bf-cc7d933ae677,2026-08-10T04:30:00Z,2026-08-10T06:30:00+0200,424.11,MW,FR,FR,actual_offshore_wind_generation,Wind Offshore | Actual Aggregated,2026-08-17T13:35:39Z
2026-08-17T13:33:42Z,2026-08-17T15:33:42+0200,5bbffdc7-c3ab-4a18-a8bf-cc7d933ae677,2026-08-10T04:45:00Z,2026-08-10T06:45:00+0200,387.73,MW,FR,FR,actual_offshore_wind_generation,Wind Offshore | Actual Aggregated,2026-08-17T13:35:39Z
2026-08-17T13:33:42Z,2026-08-17T15:33:42+0200,5bbffdc7-c3ab-4a18-a8bf-cc7d933ae677,2026-08-10T05:00:00Z,2026-08-10T07:00:00+0200,400.14,MW,FR,FR,actual_offshore_wind_generation,Wind Offshore | Actual Aggregated,2026-08-17T13:35:39Z
2026-08-17T13:33:42Z,2026-08-17T15:33:42+0200,5bbffdc7-c3ab-4a18-a8bf-cc7d933ae677,2026-08-10T05:15:00Z,2026-08-10T07:15:00+0200,381.24,MW,FR,FR,actual_offshore_wind_generation,Wind Offshore | Actual Aggregated,2026-08-17T13:35:39Z
2026-08-17T13:33:42Z,2026-08-17T15:33:42+0200,5bbffdc7-c3ab-4a18-a8bf-cc7d933ae677,2026-08-10T05:30:00Z,2026-08-10T07:30:00+0200,387.6,MW,FR,FR,actual_offshore_wind_generation,Wind Offshore | Actual Aggregated,2026-08-17T13:35:39Z
2026-08-17T13:33:42Z,2026-08-17T15:33:42+0200,5bbffdc7-c3ab-4a18-a8bf-cc7d933ae677,2026-08-10T05:45:00Z,2026-08-10T07:45:00+0200,402.48,MW,FR,FR,actual_offshore_wind_generation,Wind Offshore | Actual Aggregated,2026-08-17T13:35:39Z
2026-08-17T13:33:42Z,2026-08-17T15:33:42+0200,5bbffdc7-c3ab-4a18-a8bf-cc7d933ae677,2026-08-10T06:00:00Z,2026-08-10T08:00:00+0200,465.62,MW,FR,FR,actual_offshore_wind_generation,Wind Offshore | Actual Aggregated,2026-08-17T13:35:39Z
2026-08-17T13:33:42Z,2026-08-17T15:33:42+0200,5bbffdc7-c3ab-4a18-a8bf-cc7d933ae677,2026-08-10T06:15:00Z,2026-08-10T08:15:00+0200,502.77,MW,FR,FR,actual_offshore_wind_generation,Wind Offshore | Actual Aggregated,2026-08-17T13:35:39Z
2026-08-17T13:33:42Z,2026-08-17T15:33:42+0200,5bbffdc7-c3ab-4a18-a8bf-cc7d933ae677,2026-08-10T06:30:00Z,2026-08-10T08:30:00+0200,502.03,MW,FR,FR,actual_offshore_wind_generation,Wind Offshore | Actual Aggregated,2026-08-17T13:35:39Z
2026-08-17T13:33:42Z,2026-08-17T15:33:42+0200,5bbffdc7-c3ab-4a18-a8bf-cc7d933ae677,2026-08-10T06:45:00Z,2026-08-10T08:45:00+0200,494.11,MW,FR,FR,actual_offshore_wind_generation,Wind Offshore | Actual Aggregated,2026-08-17T13:35:39Z
2026-08-17T13:33:42Z,2026-08-17T15:33:42+0200,5bbffdc7-c3ab-4a18-a8bf-cc7d933ae677,2026-08-10T07:00:00Z,2026-08-10T09:00:00+0200,466.43,MW,FR,FR,actual_offshore_wind_generation,Wind Offshore | Actual Aggregated,2026-08-17T13:35:39Z
2026-08-17T13:33:42Z,2026-08-17T15:33:42+0200,5bbffdc7-c3ab-4a18-a8bf-cc7d933ae677,2026-08-10T07:15:00Z,2026-08-10T09:15:00+0200,434.9,MW,FR,FR,actual_offshore_wind_generation,Wind Offshore | Actual Aggregated,2026-08-17T13:35:39Z
2026-08-17T13:33:42Z,2026-08-17T15:33:42+0200,5bbffdc7-c3ab-4a18-a8bf-cc7d933ae677,2026-08-10T07:30:00Z,2026-08-10T09:30:00+0200,421.87,MW,FR,FR,actual_offshore_wind_generation,Wind Offshore | Actual Aggregated,2026-08-17T13:35:39Z
2026-08-17T13:33:42Z,2026-08-17T15:33:42+0200,5bbffdc7-c3ab-4a18-a8bf-cc7d933ae677,2026-08-10T07:45:00Z,2026-08-10T09:45:00+0200,406.03,MW,FR,FR,actual_offshore_wind_generation,Wind Offshore | Actual Aggregated,2026-08-17T13:35:39Z
2026-08-17T13:33:42Z,2026-08-17T15:33:42+0200,5bbffdc7-c3ab-4a18-a8bf-cc7d933ae677,2026-08-10T08:00:00Z,2026-08-10T10:00:00+0200,370.88,MW,FR,FR,actual_offshore_wind_generation,Wind Offshore | Actual Aggregated,2026-08-17T13:35:39Z
2026-08-17T13:33:42Z,2026-08-17T15:33:42+0200,5bbffdc7-c3ab-4a18-a8bf-cc7d933ae677,2026-08-10T08:15:00Z,2026-08-10T10:15:00+0200,349.9,MW,FR,FR,actual_offshore_wind_generation,Wind Offshore | Actual Aggregated,2026-08-17T13:35:39Z
2026-08-17T13:33:42Z,2026-08-17T15:33:42+0200,5bbffdc7-c3ab-4a18-a8bf-cc7d933ae677,2026-08-10T08:30:00Z,2026-08-10T10:30:00+0200,316.98,MW,FR,FR,actual_offshore_wind_generation,Wind Offshore | Actual Aggregated,2026-08-17T13:35:39Z
2026-08-17T13:33:42Z,2026-08-17T15:33:42+0200,5bbffdc7-c3ab-4a18-a8bf-cc7d933ae677,2026-08-10T08:45:00Z,2026-08-10T10:45:00+0200,291.37,MW,FR,FR,actual_offshore_wind_generation,Wind Offshore | Actual Aggregated,2026-08-17T13:35:39Z
2026-08-17T13:33:42Z,2026-08-17T15:33:42+0200,5bbffdc7-c3ab-4a18-a8bf-cc7d933ae677,2026-08-10T09:00:00Z,2026-08-10T11:00:00+0200,253.9,MW,FR,FR,actual_offshore_wind_generation,Wind Offshore | Actual Aggregated,2026-08-17T13:35:39Z
2026-08-17T13:33:42Z,2026-08-17T15:33:42+0200,5bbffdc7-c3ab-4a18-a8bf-cc7d933ae677,2026-08-10T09:15:00Z,2026-08-10T11:15:00+0200,233.33,MW,FR,FR,actual_offshore_wind_generation,Wind Offshore | Actual Aggregated,2026-08-17T13:35:39Z
2026-08-17T13:33:42Z,2026-08-17T15:33:42+0200,5bbffdc7-c3ab-4a18-a8bf-cc7d933ae677,2026-08-10T09:30:00Z,2026-08-10T11:30:00+0200,226.33,MW,FR,FR,actual_offshore_wind_generation,Wind Offshore | Actual Aggregated,2026-08-17T13:35:39Z
2026-08-17T13:33:42Z,2026-08-17T15:33:42+0200,5bbffdc7-c3ab-4a18-a8bf-cc7d933ae677,2026-08-10T09:45:00Z,2026-08-10T11:45:00+0200,221.0,MW,FR,FR,actual_offshore_wind_generation,Wind Offshore | Actual Aggregated,2026-08-17T13:35:39Z
2026-08-17T13:33:42Z,2026-08-17T15:33:42+0200,5bbffdc7-c3ab-4a18-a8bf-cc7d933ae677,2026-08-10T10:00:00Z,2026-08-10T12:00:00+0200,196.64,MW,FR,FR,actual_offshore_wind_generation,Wind Offshore | Actual Aggregated,2026-08-17T13:35:39Z
2026-08-17T13:33:42Z,2026-08-17T15:33:42+0200,5bbffdc7-c3ab-4a18-a8bf-cc7d933ae677,2026-08-10T10:15:00Z,2026-08-10T12:15:00+0200,167.67,MW,FR,FR,actual_offshore_wind_generation,Wind Offshore | Actual Aggregated,2026-08-17T13:35:39Z
2026-08-17T13:33:42Z,2026-08-17T15:33:42+0200,5bbffdc7-c3ab-4a18-a8bf-cc7d933ae677,2026-08-10T10:30:00Z,2026-08-10T12:30:00+0200,149.4,MW,FR,FR,actual_offshore_wind_generation,Wind Offshore | Actual Aggregated,2026-08-17T13:35:39Z
2026-08-17T13:33:42Z,2026-08-17T15:33:42+0200,5bbffdc7-c3ab-4a18-a8bf-cc7d933ae677,2026-08-10T10:45:00Z,2026-08-10T12:45:00+0200,149.7,MW,FR,FR,actual_offshore_wind_generation,Wind Offshore | Actual Aggregated,2026-08-17T13:35:39Z
2026-08-17T13:33:42Z,2026-08-17T15:33:42+0200,5bbffdc7-c3ab-4a18-a8bf-cc7d933ae677,2026-08-10T11:00:00Z,2026-08-10T13:00:00+0200,157.69,MW,FR,FR,actual_offshore_wind_generation,Wind Offshore | Actual Aggregated,2026-08-17T13:35:39Z
2026-08-17T13:33:42Z,2026-08-17T15:33:42+0200,5bbffdc7-c3ab-4a18-a8bf-cc7d933ae677,2026-08-10T11:15:00Z,2026-08-10T13:15:00+0200,139.54,MW,FR,FR,actual_offshore_wind_generation,Wind Offshore | Actual Aggregated,2026-08-17T13:35:39Z
2026-08-17T13:33:42Z,2026-08-17T15:33:42+0200,5bbffdc7-c3ab-4a18-a8bf-cc7d933ae677,2026-08-10T11:30:00Z,2026-08-10T13:30:00+0200,111.45,MW,FR,FR,actual_offshore_wind_generation,Wind Offshore | Actual Aggregated,2026-08-17T13:35:39Z
2026-08-17T13:33:42Z,2026-08-17T15:33:42+0200,5bbffdc7-c3ab-4a18-a8bf-cc7d933ae677,2026-08-10T11:45:00Z,2026-08-10T13:45:00+0200,89.87,MW,FR,FR,actual_offshore_wind_generation,Wind Offshore | Actual Aggregated,2026-08-17T13:35:39Z
2026-08-17T13:33:42Z,2026-08-17T15:33:42+0200,5bbffdc7-c3ab-4a18-a8bf-cc7d933ae677,2026-08-10T12:00:00Z,2026-08-10T14:00:00+0200,81.12,MW,FR,FR,actual_offshore_wind_generation,Wind Offshore | Actual Aggregated,2026-08-17T13:35:39Z
2026-08-17T13:33:42Z,2026-08-17T15:33:42+0200,5bbffdc7-c3ab-4a18-a8bf-cc7d933ae677,2026-08-10T12:15:00Z,2026-08-10T14:15:00+0200,89.25,MW,FR,FR,actual_offshore_wind_generation,Wind Offshore | Actual Aggregated,2026-08-17T13:35:39Z
2026-08-17T13:33:42Z,2026-08-17T15:33:42+0200,5bbffdc7-c3ab-4a18-a8bf-cc7d933ae677,2026-08-10T12:30:00Z,2026-08-10T14:30:00+0200,96.41,MW,FR,FR,actual_offshore_wind_generation,Wind Offshore | Actual Aggregated,2026-08-17T13:35:39Z
2026-08-17T13:33:42Z,2026-08-17T15:33:42+0200,5bbffdc7-c3ab-4a18-a8bf-cc7d933ae677,2026-08-10T12:45:00Z,2026-08-10T14:45:00+0200,89.23,MW,FR,FR,actual_offshore_wind_generation,Wind Offshore | Actual Aggregated,2026-08-17T13:35:39Z
2026-08-17T13:33:42Z,2026-08-17T15:33:42+0200,5bbffdc7-c3ab-4a18-a8bf-cc7d933ae677,2026-08-10T13:00:00Z,2026-08-10T15:00:00+0200,86.51,MW,FR,FR,actual_offshore_wind_generation,Wind Offshore | Actual Aggregated,2026-08-17T13:35:39Z
2026-08-17T13:33:42Z,2026-08-17T15:33:42+0200,5bbffdc7-c3ab-4a18-a8bf-cc7d933ae677,2026-08-10T13:15:00Z,2026-08-10T15:15:00+0200,90.73,MW,FR,FR,actual_offshore_wind_generation,Wind Offshore | Actual Aggregated,2026-08-17T13:35:39Z
2026-08-17T13:33:42Z,2026-08-17T15:33:42+0200,5bbffdc7-c3ab-4a18-a8bf-cc7d933ae677,2026-08-10T13:30:00Z,2026-08-10T15:30:00+0200,102.56,MW,FR,FR,actual_offshore_wind_generation,Wind Offshore | Actual Aggregated,2026-08-17T13:35:39Z
2026-08-17T13:33:42Z,2026-08-17T15:33:42+0200,5bbffdc7-c3ab-4a18-a8bf-cc7d933ae677,2026-08-10T13:45:00Z,2026-08-10T15:45:00+0200,112.02,MW,FR,FR,actual_offshore_wind_generation,Wind Offshore | Actual Aggregated,2026-08-17T13:35:39Z
2026-08-17T13:33:42Z,2026-08-17T15:33:42+0200,5bbffdc7-c3ab-4a18-a8bf-cc7d933ae677,2026-08-10T14:00:00Z,2026-08-10T16:00:00+0200,122.82,MW,FR,FR,actual_offshore_wind_generation,Wind Offshore | Actual Aggregated,2026-08-17T13:35:39Z
2026-08-17T13:33:42Z,2026-08-17T15:33:42+0200,5bbffdc7-c3ab-4a18-a8bf-cc7d933ae677,2026-08-10T14:15:00Z,2026-08-10T16:15:00+0200,135.05,MW,FR,FR,actual_offshore_wind_generation,Wind Offshore | Actual Aggregated,2026-08-17T13:35:39Z
2026-08-17T13:33:42Z,2026-08-17T15:33:42+0200,5bbffdc7-c3ab-4a18-a8bf-cc7d933ae677,2026-08-10T14:30:00Z,2026-08-10T16:30:00+0200,154.64,MW,FR,FR,actual_offshore_wind_generation,Wind Offshore | Actual Aggregated,2026-08-17T13:35:39Z
2026-08-17T13:33:42Z,2026-08-17T15:33:42+0200,5bbffdc7-c3ab-4a18-a8bf-cc7d933ae677,2026-08-10T14:45:00Z,2026-08-10T16:45:00+0200,191.68,MW,FR,FR,actual_offshore_wind_generation,Wind Offshore | Actual Aggregated,2026-08-17T13:35:39Z
2026-08-17T13:33:42Z,2026-08-17T15:33:42+0200,5bbffdc7-c3ab-4a18-a8bf-cc7d933ae677,2026-08-10T15:00:00Z,2026-08-10T17:00:00+0200,220.4,MW,FR,FR,actual_offshore_wind_generation,Wind Offshore | Actual Aggregated,2026-08-17T13:35:39Z
2026-08-17T13:33:42Z,2026-08-17T15:33:42+0200,5bbffdc7-c3ab-4a18-a8bf-cc7d933ae677,2026-08-10T15:15:00Z,2026-08-10T17:15:00+0200,254.24,MW,FR,FR,actual_offshore_wind_generation,Wind Offshore | Actual Aggregated,2026-08-17T13:35:39Z
2026-08-17T13:33:42Z,2026-08-17T15:33:42+0200,5bbffdc7-c3ab-4a18-a8bf-cc7d933ae677,2026-08-10T15:30:00Z,2026-08-10T17:30:00+0200,246.24,MW,FR,FR,actual_offshore_wind_generation,Wind Offshore | Actual Aggregated,2026-08-17T13:35:39Z
2026-08-17T13:33:42Z,2026-08-17T15:33:42+0200,5bbffdc7-c3ab-4a18-a8bf-cc7d933ae677,2026-08-10T15:45:00Z,2026-08-10T17:45:00+0200,237.32,MW,FR,FR,actual_offshore_wind_generation,Wind Offshore | Actual Aggregated,2026-08-17T13:35:39Z
2026-08-17T13:33:42Z,2026-08-17T15:33:42+0200,5bbffdc7-c3ab-4a18-a8bf-cc7d933ae677,2026-08-10T16:00:00Z,2026-08-10T18:00:00+0200,225.85,MW,FR,FR,actual_offshore_wind_generation,Wind Offshore | Actual Aggregated,2026-08-17T13:35:39Z
2026-08-17T13:33:42Z,2026-08-17T15:33:42+0200,5bbffdc7-c3ab-4a18-a8bf-cc7d933ae677,2026-08-10T16:15:00Z,2026-08-10T18:15:00+0200,243.81,MW,FR,FR,actual_offshore_wind_generation,Wind Offshore | Actual Aggregated,2026-08-17T13:35:39Z
2026-08-17T13:33:42Z,2026-08-17T15:33:42+0200,5bbffdc7-c3ab-4a18-a8bf-cc7d933ae677,2026-08-10T16:30:00Z,2026-08-10T18:30:00+0200,286.51,MW,FR,FR,actual_offshore_wind_generation,Wind Offshore | Actual Aggregated,2026-08-17T13:35:39Z
2026-08-17T13:33:42Z,2026-08-17T15:33:42+0200,5bbffdc7-c3ab-4a18-a8bf-cc7d933ae677,2026-08-10T16:45:00Z,2026-08-10T18:45:00+0200,311.01,MW,FR,FR,actual_offshore_wind_generation,Wind Offshore | Actual Aggregated,2026-08-17T13:35:39Z
2026-08-17T13:33:42Z,2026-08-17T15:33:42+0200,5bbffdc7-c3ab-4a18-a8bf-cc7d933ae677,2026-08-10T17:00:00Z,2026-08-10T19:00:00+0200,346.53,MW,FR,FR,actual_offshore_wind_generation,Wind Offshore | Actual Aggregated,2026-08-17T13:35:39Z
2026-08-17T13:33:42Z,2026-08-17T15:33:42+0200,5bbffdc7-c3ab-4a18-a8bf-cc7d933ae677,2026-08-10T17:15:00Z,2026-08-10T19:15:00+0200,375.37,MW,FR,FR,actual_offshore_wind_generation,Wind Offshore | Actual Aggregated,2026-08-17T13:35:39Z
2026-08-17T13:33:42Z,2026-08-17T15:33:42+0200,5bbffdc7-c3ab-4a18-a8bf-cc7d933ae677,2026-08-10T17:30:00Z,2026-08-10T19:30:00+0200,390.96,MW,FR,FR,actual_offshore_wind_generation,Wind Offshore | Actual Aggregated,2026-08-17T13:35:39Z
2026-08-17T13:33:42Z,2026-08-17T15:33:42+0200,5bbffdc7-c3ab-4a18-a8bf-cc7d933ae677,2026-08-10T17:45:00Z,2026-08-10T19:45:00+0200,379.8,MW,FR,FR,actual_offshore_wind_generation,Wind Offshore | Actual Aggregated,2026-08-17T13:35:39Z
2026-08-17T13:33:42Z,2026-08-17T15:33:42+0200,5bbffdc7-c3ab-4a18-a8bf-cc7d933ae677,2026-08-10T18:00:00Z,2026-08-10T20:00:00+0200,383.82,MW,FR,FR,actual_offshore_wind_generation,Wind Offshore | Actual Aggregated,2026-08-17T13:35:39Z
2026-08-17T13:33:42Z,2026-08-17T15:33:42+0200,5bbffdc7-c3ab-4a18-a8bf-cc7d933ae677,2026-08-10T18:15:00Z,2026-08-10T20:15:00+0200,400.01,MW,FR,FR,actual_offshore_wind_generation,Wind Offshore | Actual Aggregated,2026-08-17T13:35:39Z
2026-08-17T13:33:42Z,2026-08-17T15:33:42+0200,5bbffdc7-c3ab-4a18-a8bf-cc7d933ae677,2026-08-10T18:30:00Z,2026-08-10T20:30:00+0200,426.1,MW,FR,FR,actual_offshore_wind_generation,Wind Offshore | Actual Aggregated,2026-08-17T13:35:39Z
2026-08-17T13:33:42Z,2026-08-17T15:33:42+0200,5bbffdc7-c3ab-4a18-a8bf-cc7d933ae677,2026-08-10T18:45:00Z,2026-08-10T20:45:00+0200,438.67,MW,FR,FR,actual_offshore_wind_generation,Wind Offshore | Actual Aggregated,2026-08-17T13:35:39Z
2026-08-17T13:33:42Z,2026-08-17T15:33:42+0200,5bbffdc7-c3ab-4a18-a8bf-cc7d933ae677,2026-08-10T19:00:00Z,2026-08-10T21:00:00+0200,462.6,MW,FR,FR,actual_offshore_wind_generation,Wind Offshore | Actual Aggregated,2026-08-17T13:35:39Z
2026-08-17T13:33:42Z,2026-08-17T15:33:42+0200,5bbffdc7-c3ab-4a18-a8bf-cc7d933ae677,2026-08-10T19:15:00Z,2026-08-10T21:15:00+0200,507.0,MW,FR,FR,actual_offshore_wind_generation,Wind Offshore | Actual Aggregated,2026-08-17T13:35:39Z
2026-08-17T13:33:42Z,2026-08-17T15:33:42+0200,5bbffdc7-c3ab-4a18-a8bf-cc7d933ae677,2026-08-10T19:30:00Z,2026-08-10T21:30:00+0200,555.26,MW,FR,FR,actual_offshore_wind_generation,Wind Offshore | Actual Aggregated,2026-08-17T13:35:39Z
2026-08-17T13:33:42Z,2026-08-17T15:33:42+0200,5bbffdc7-c3ab-4a18-a8bf-cc7d933ae677,2026-08-10T19:45:00Z,2026-08-10T21:45:00+0200,615.73,MW,FR,FR,actual_offshore_wind_generation,Wind Offshore | Actual Aggregated,2026-08-17T13:35:39Z
2026-08-17T13:33:42Z,2026-08-17T15:33:42+0200,5bbffdc7-c3ab-4a18-a8bf-cc7d933ae677,2026-08-10T20:00:00Z,2026-08-10T22:00:00+0200,672.31,MW,FR,FR,actual_offshore_wind_generation,Wind Offshore | Actual Aggregated,2026-08-17T13:35:39Z
2026-08-17T13:33:42Z,2026-08-17T15:33:42+0200,5bbffdc7-c3ab-4a18-a8bf-cc7d933ae677,2026-08-10T20:15:00Z,2026-08-10T22:15:00+0200,683.13,MW,FR,FR,actual_offshore_wind_generation,Wind Offshore | Actual Aggregated,2026-08-17T13:35:39Z
2026-08-17T13:33:42Z,2026-08-17T15:33:42+0200,5bbffdc7-c3ab-4a18-a8bf-cc7d933ae677,2026-08-10T20:30:00Z,2026-08-10T22:30:00+0200,741.63,MW,FR,FR,actual_offshore_wind_generation,Wind Offshore | Actual Aggregated,2026-08-17T13:35:39Z
2026-08-17T13:33:42Z,2026-08-17T15:33:42+0200,5bbffdc7-c3ab-4a18-a8bf-cc7d933ae677,2026-08-10T20:45:00Z,2026-08-10T22:45:00+0200,748.67,MW,FR,FR,actual_offshore_wind_generation,Wind Offshore | Actual Aggregated,2026-08-17T13:35:39Z
2026-08-17T13:33:42Z,2026-08-17T15:33:42+0200,5bbffdc7-c3ab-4a18-a8bf-cc7d933ae677,2026-08-10T21:00:00Z,2026-08-10T23:00:00+0200,842.52,MW,FR,FR,actual_offshore_wind_generation,Wind Offshore | Actual Aggregated,2026-08-17T13:35:39Z
2026-08-17T13:33:42Z,2026-08-17T15:33:42+0200,5bbffdc7-c3ab-4a18-a8bf-cc7d933ae677,2026-08-10T21:15:00Z,2026-08-10T23:15:00+0200,891.52,MW,FR,FR,actual_offshore_wind_generation,Wind Offshore | Actual Aggregated,2026-08-17T13:35:39Z
2026-08-17T13:33:42Z,2026-08-17T15:33:42+0200,5bbffdc7-c3ab-4a18-a8bf-cc7d933ae677,2026-08-10T21:30:00Z,2026-08-10T23:30:00+0200,933.69,MW,FR,FR,actual_offshore_wind_generation,Wind Offshore | Actual Aggregated,2026-08-17T13:35:39Z
2026-08-17T13:33:42Z,2026-08-17T15:33:42+0200,5bbffdc7-c3ab-4a18-a8bf-cc7d933ae677,2026-08-10T21:45:00Z,2026-08-10T23:45:00+0200,994.09,MW,FR,FR,actual_offshore_wind_generation,Wind Offshore | Actual Aggregated,2026-08-17T13:35:39Z
2026-08-17T13:33:42Z,2026-08-17T15:33:42+0200,5bbffdc7-c3ab-4a18-a8bf-cc7d933ae677,2026-08-10T22:00:00Z,2026-08-11T00:00:00+0200,995.21,MW,FR,FR,actual_offshore_wind_generation,Wind Offshore | Actual Aggregated,2026-08-17T13:35:39Z
2026-08-17T13:33:42Z,2026-08-17T15:33:42+0200,5bbffdc7-c3ab-4a18-a8bf-cc7d933ae677,2026-08-10T22:15:00Z,2026-08-11T00:15:00+0200,949.63,MW,FR,FR,actual_offshore_wind_generation,Wind Offshore | Actual Aggregated,2026-08-17T13:35:39Z
2026-08-17T13:33:42Z,2026-08-17T15:33:42+0200,5bbffdc7-c3ab-4a18-a8bf-cc7d933ae677,2026-08-10T22:30:00Z,2026-08-11T00:30:00+0200,924.98,MW,FR,FR,actual_offshore_wind_generation,Wind Offshore | Actual Aggregated,2026-08-17T13:35:39Z
2026-08-17T13:33:42Z,2026-08-17T15:33:42+0200,5bbffdc7-c3ab-4a18-a8bf-cc7d933ae677,2026-08-10T22:45:00Z,2026-08-11T00:45:00+0200,922.89,MW,FR,FR,actual_offshore_wind_generation,Wind Offshore | Actual Aggregated,2026-08-17T13:35:39Z
2026-08-17T13:33:42Z,2026-08-17T15:33:42+0200,5bbffdc7-c3ab-4a18-a8bf-cc7d933ae677,2026-08-10T23:00:00Z,2026-08-11T01:00:00+0200,953.25,MW,FR,FR,actual_offshore_wind_generation,Wind Offshore | Actual Aggregated,2026-08-17T13:35:39Z
2026-08-17T13:33:42Z,2026-08-17T15:33:42+0200,5bbffdc7-c3ab-4a18-a8bf-cc7d933ae677,2026-08-10T23:15:00Z,2026-08-11T01:15:00+0200,921.35,MW,FR,FR,actual_offshore_wind_generation,Wind Offshore | Actual Aggregated,2026-08-17T13:35:39Z
2026-08-17T13:33:42Z,2026-08-17T15:33:42+0200,5bbffdc7-c3ab-4a18-a8bf-cc7d933ae677,2026-08-10T23:30:00Z,2026-08-11T01:30:00+0200,912.29,MW,FR,FR,actual_offshore_wind_generation,Wind Offshore | Actual Aggregated,2026-08-17T13:35:39Z
2026-08-17T13:33:42Z,2026-08-17T15:33:42+0200,5bbffdc7-c3ab-4a18-a8bf-cc7d933ae677,2026-08-10T23:45:00Z,2026-08-11T01:45:00+0200,907.07,MW,FR,FR,actual_offshore_wind_generation,Wind Offshore | Actual Aggregated,2026-08-17T13:35:39Z
2026-08-17T13:33:42Z,2026-08-17T15:33:42+0200,5bbffdc7-c3ab-4a18-a8bf-cc7d933ae677,2026-08-11T00:00:00Z,2026-08-11T02:00:00+0200,833.47,MW,FR,FR,actual_offshore_wind_generation,Wind Offshore | Actual Aggregated,2026-08-17T13:35:39Z
2026-08-17T13:33:42Z,2026-08-17T15:33:42+0200,5bbffdc7-c3ab-4a18-a8bf-cc7d933ae677,2026-08-11T00:15:00Z,2026-08-11T02:15:00+0200,822.83,MW,FR,FR,actual_offshore_wind_generation,Wind Offshore | Actual Aggregated,2026-08-17T13:35:39Z
2026-08-17T13:33:42Z,2026-08-17T15:33:42+0200,5bbffdc7-c3ab-4a18-a8bf-cc7d933ae677,2026-08-11T00:30:00Z,2026-08-11T02:30:00+0200,800.04,MW,FR,FR,actual_offshore_wind_generation,Wind Offshore | Actual Aggregated,2026-08-17T13:35:39Z
2026-08-17T13:33:42Z,2026-08-17T15:33:42+0200,5bbffdc7-c3ab-4a18-a8bf-cc7d933ae677,2026-08-11T00:45:00Z,2026-08-11T02:45:00+0200,786.39,MW,FR,FR,actual_offshore_wind_generation,Wind Offshore | Actual Aggregated,2026-08-17T13:35:39Z
2026-08-17T13:33:42Z,2026-08-17T15:33:42+0200,5bbffdc7-c3ab-4a18-a8bf-cc7d933ae677,2026-08-11T01:00:00Z,2026-08-11T03:00:00+0200,796.22,MW,FR,FR,actual_offshore_wind_generation,Wind Offshore | Actual Aggregated,2026-08-17T13:35:39Z
2026-08-17T13:33:42Z,2026-08-17T15:33:42+0200,5bbffdc7-c3ab-4a18-a8bf-cc7d933ae677,2026-08-11T01:15:00Z,2026-08-11T03:15:00+0200,774.8,MW,FR,FR,actual_offshore_wind_generation,Wind Offshore | Actual Aggregated,2026-08-17T13:35:39Z
2026-08-17T13:33:42Z,2026-08-17T15:33:42+0200,5bbffdc7-c3ab-4a18-a8bf-cc7d933ae677,2026-08-11T01:30:00Z,2026-08-11T03:30:00+0200,765.05,MW,FR,FR,actual_offshore_wind_generation,Wind Offshore | Actual Aggregated,2026-08-17T13:35:39Z
2026-08-17T13:33:42Z,2026-08-17T15:33:42+0200,5bbffdc7-c3ab-4a18-a8bf-cc7d933ae677,2026-08-11T01:45:00Z,2026-08-11T03:45:00+0200,782.19,MW,FR,FR,actual_offshore_wind_generation,Wind Offshore | Actual Aggregated,2026-08-17T13:35:39Z
2026-08-17T13:33:42Z,2026-08-17T15:33:42+0200,5bbffdc7-c3ab-4a18-a8bf-cc7d933ae677,2026-08-11T02:00:00Z,2026-08-11T04:00:00+0200,800.18,MW,FR,FR,actual_offshore_wind_generation,Wind Offshore | Actual Aggregated,2026-08-17T13:35:39Z
2026-08-17T13:33:42Z,2026-08-17T15:33:42+0200,5bbffdc7-c3ab-4a18-a8bf-cc7d933ae677,2026-08-11T02:15:00Z,2026-08-11T04:15:00+0200,782.09,MW,FR,FR,actual_offshore_wind_generation,Wind Offshore | Actual Aggregated,2026-08-17T13:35:39Z
2026-08-17T13:33:42Z,2026-08-17T15:33:42+0200,5bbffdc7-c3ab-4a18-a8bf-cc7d933ae677,2026-08-11T02:30:00Z,2026-08-11T04:30:00+0200,798.1,MW,FR,FR,actual_offshore_wind_generation,Wind Offshore | Actual Aggregated,2026-08-17T13:35:39Z
2026-08-17T13:33:42Z,2026-08-17T15:33:42+0200,5bbffdc7-c3ab-4a18-a8bf-cc7d933ae677,2026-08-11T02:45:00Z,2026-08-11T04:45:00+0200,826.49,MW,FR,FR,actual_offshore_wind_generation,Wind Offshore | Actual Aggregated,2026-08-17T13:35:39Z
2026-08-17T13:33:42Z,2026-08-17T15:33:42+0200,5bbffdc7-c3ab-4a18-a8bf-cc7d933ae677,2026-08-11T03:00:00Z,2026-08-11T05:00:00+0200,872.74,MW,FR,FR,actual_offshore_wind_generation,Wind Offshore | Actual Aggregated,2026-08-17T13:35:39Z
2026-08-17T13:33:42Z,2026-08-17T15:33:42+0200,5bbffdc7-c3ab-4a18-a8bf-cc7d933ae677,2026-08-11T03:15:00Z,2026-08-11T05:15:00+0200,916.61,MW,FR,FR,actual_offshore_wind_generation,Wind Offshore | Actual Aggregated,2026-08-17T13:35:39Z
2026-08-17T13:33:42Z,2026-08-17T15:33:42+0200,5bbffdc7-c3ab-4a18-a8bf-cc7d933ae677,2026-08-11T03:30:00Z,2026-08-11T05:30:00+0200,937.18,MW,FR,FR,actual_offshore_wind_generation,Wind Offshore | Actual Aggregated,2026-08-17T13:35:39Z
2026-08-17T13:33:42Z,2026-08-17T15:33:42+0200,5bbffdc7-c3ab-4a18-a8bf-cc7d933ae677,2026-08-11T03:45:00Z,2026-08-11T05:45:00+0200,921.74,MW,FR,FR,actual_offshore_wind_generation,Wind Offshore | Actual Aggregated,2026-08-17T13:35:39Z
2026-08-17T13:33:42Z,2026-08-17T15:33:42+0200,5bbffdc7-c3ab-4a18-a8bf-cc7d933ae677,2026-08-11T04:00:00Z,2026-08-11T06:00:00+0200,921.66,MW,FR,FR,actual_offshore_wind_generation,Wind Offshore | Actual Aggregated,2026-08-17T13:35:39Z
2026-08-17T13:33:42Z,2026-08-17T15:33:42+0200,5bbffdc7-c3ab-4a18-a8bf-cc7d933ae677,2026-08-11T04:15:00Z,2026-08-11T06:15:00+0200,939.08,MW,FR,FR,actual_offshore_wind_generation,Wind Offshore | Actual Aggregated,2026-08-17T13:35:39Z
2026-08-17T13:33:42Z,2026-08-17T15:33:42+0200,5bbffdc7-c3ab-4a18-a8bf-cc7d933ae677,2026-08-11T04:30:00Z,2026-08-11T06:30:00+0200,898.09,MW,FR,FR,actual_offshore_wind_generation,Wind Offshore | Actual Aggregated,2026-08-17T13:35:39Z
2026-08-17T13:33:42Z,2026-08-17T15:33:42+0200,5bbffdc7-c3ab-4a18-a8bf-cc7d933ae677,2026-08-11T04:45:00Z,2026-08-11T06:45:00+0200,852.18,MW,FR,FR,actual_offshore_wind_generation,Wind Offshore | Actual Aggregated,2026-08-17T13:35:39Z
2026-08-17T13:33:42Z,2026-08-17T15:33:42+0200,5bbffdc7-c3ab-4a18-a8bf-cc7d933ae677,2026-08-11T05:00:00Z,2026-08-11T07:00:00+0200,811.66,MW,FR,FR,actual_offshore_wind_generation,Wind Offshore | Actual Aggregated,2026-08-17T13:35:39Z
2026-08-17T13:33:42Z,2026-08-17T15:33:42+0200,5bbffdc7-c3ab-4a18-a8bf-cc7d933ae677,2026-08-11T05:15:00Z,2026-08-11T07:15:00+0200,783.75,MW,FR,FR,actual_offshore_wind_generation,Wind Offshore | Actual Aggregated,2026-08-17T13:35:39Z
2026-08-17T13:33:42Z,2026-08-17T15:33:42+0200,5bbffdc7-c3ab-4a18-a8bf-cc7d933ae677,2026-08-11T05:30:00Z,2026-08-11T07:30:00+0200,765.23,MW,FR,FR,actual_offshore_wind_generation,Wind Offshore | Actual Aggregated,2026-08-17T13:35:39Z
2026-08-17T13:33:42Z,2026-08-17T15:33:42+0200,5bbffdc7-c3ab-4a18-a8bf-cc7d933ae677,2026-08-11T05:45:00Z,2026-08-11T07:45:00+0200,692.2,MW,FR,FR,actual_offshore_wind_generation,Wind Offshore | Actual Aggregated,2026-08-17T13:35:39Z
2026-08-17T13:33:42Z,2026-08-17T15:33:42+0200,5bbffdc7-c3ab-4a18-a8bf-cc7d933ae677,2026-08-11T06:00:00Z,2026-08-11T08:00:00+0200,648.26,MW,FR,FR,actual_offshore_wind_generation,Wind Offshore | Actual Aggregated,2026-08-17T13:35:39Z
2026-08-17T13:33:42Z,2026-08-17T15:33:42+0200,5bbffdc7-c3ab-4a18-a8bf-cc7d933ae677,2026-08-11T06:15:00Z,2026-08-11T08:15:00+0200,632.39,MW,FR,FR,actual_offshore_wind_generation,Wind Offshore | Actual Aggregated,2026-08-17T13:35:39Z
2026-08-17T13:33:42Z,2026-08-17T15:33:42+0200,5bbffdc7-c3ab-4a18-a8bf-cc7d933ae677,2026-08-11T06:30:00Z,2026-08-11T08:30:00+0200,599.03,MW,FR,FR,actual_offshore_wind_generation,Wind Offshore | Actual Aggregated,2026-08-17T13:35:39Z
2026-08-17T13:33:42Z,2026-08-17T15:33:42+0200,5bbffdc7-c3ab-4a18-a8bf-cc7d933ae677,2026-08-11T06:45:00Z,2026-08-11T08:45:00+0200,543.29,MW,FR,FR,actual_offshore_wind_generation,Wind Offshore | Actual Aggregated,2026-08-17T13:35:39Z
2026-08-17T13:33:42Z,2026-08-17T15:33:42+0200,5bbffdc7-c3ab-4a18-a8bf-cc7d933ae677,2026-08-11T07:00:00Z,2026-08-11T09:00:00+0200,519.73,MW,FR,FR,actual_offshore_wind_generation,Wind Offshore | Actual Aggregated,2026-08-17T13:35:39Z
2026-08-17T13:33:42Z,2026-08-17T15:33:42+0200,5bbffdc7-c3ab-4a18-a8bf-cc7d933ae677,2026-08-11T07:15:00Z,2026-08-11T09:15:00+0200,498.5,MW,FR,FR,actual_offshore_wind_generation,Wind Offshore | Actual Aggregated,2026-08-17T13:35:39Z
2026-08-17T13:33:42Z,2026-08-17T15:33:42+0200,5bbffdc7-c3ab-4a18-a8bf-cc7d933ae677,2026-08-11T07:30:00Z,2026-08-11T09:30:00+0200,472.99,MW,FR,FR,actual_offshore_wind_generation,Wind Offshore | Actual Aggregated,2026-08-17T13:35:39Z
2026-08-17T13:33:42Z,2026-08-17T15:33:42+0200,5bbffdc7-c3ab-4a18-a8bf-cc7d933ae677,2026-08-11T07:45:00Z,2026-08-11T09:45:00+0200,442.8,MW,FR,FR,actual_offshore_wind_generation,Wind Offshore | Actual Aggregated,2026-08-17T13:35:39Z
2026-08-17T13:33:42Z,2026-08-17T15:33:42+0200,5bbffdc7-c3ab-4a18-a8bf-cc7d933ae677,2026-08-11T08:00:00Z,2026-08-11T10:00:00+0200,411.77,MW,FR,FR,actual_offshore_wind_generation,Wind Offshore | Actual Aggregated,2026-08-17T13:35:39Z
2026-08-17T13:33:42Z,2026-08-17T15:33:42+0200,5bbffdc7-c3ab-4a18-a8bf-cc7d933ae677,2026-08-11T08:15:00Z,2026-08-11T10:15:00+0200,398.12,MW,FR,FR,actual_offshore_wind_generation,Wind Offshore | Actual Aggregated,2026-08-17T13:35:39Z
2026-08-17T13:33:42Z,2026-08-17T15:33:42+0200,5bbffdc7-c3ab-4a18-a8bf-cc7d933ae677,2026-08-11T08:30:00Z,2026-08-11T10:30:00+0200,415.65,MW,FR,FR,actual_offshore_wind_generation,Wind Offshore | Actual Aggregated,2026-08-17T13:35:39Z
2026-08-17T13:33:42Z,2026-08-17T15:33:42+0200,5bbffdc7-c3ab-4a18-a8bf-cc7d933ae677,2026-08-11T08:45:00Z,2026-08-11T10:45:00+0200,428.25,MW,FR,FR,actual_offshore_wind_generation,Wind Offshore | Actual Aggregated,2026-08-17T13:35:39Z
2026-08-17T13:33:42Z,2026-08-17T15:33:42+0200,5bbffdc7-c3ab-4a18-a8bf-cc7d933ae677,2026-08-11T09:00:00Z,2026-08-11T11:00:00+0200,403.54,MW,FR,FR,actual_offshore_wind_generation,Wind Offshore | Actual Aggregated,2026-08-17T13:35:39Z
2026-08-17T13:33:42Z,2026-08-17T15:33:42+0200,5bbffdc7-c3ab-4a18-a8bf-cc7d933ae677,2026-08-11T09:15:00Z,2026-08-11T11:15:00+0200,353.78,MW,FR,FR,actual_offshore_wind_generation,Wind Offshore | Actual Aggregated,2026-08-17T13:35:39Z
2026-08-17T13:33:42Z,2026-08-17T15:33:42+0200,5bbffdc7-c3ab-4a18-a8bf-cc7d933ae677,2026-08-11T09:30:00Z,2026-08-11T11:30:00+0200,334.67,MW,FR,FR,actual_offshore_wind_generation,Wind Offshore | Actual Aggregated,2026-08-17T13:35:39Z
2026-08-17T13:33:42Z,2026-08-17T15:33:42+0200,5bbffdc7-c3ab-4a18-a8bf-cc7d933ae677,2026-08-11T09:45:00Z,2026-08-11T11:45:00+0200,348.84,MW,FR,FR,actual_offshore_wind_generation,Wind Offshore | Actual Aggregated,2026-08-17T13:35:39Z
2026-08-17T13:33:42Z,2026-08-17T15:33:42+0200,5bbffdc7-c3ab-4a18-a8bf-cc7d933ae677,2026-08-11T10:00:00Z,2026-08-11T12:00:00+0200,372.79,MW,FR,FR,actual_offshore_wind_generation,Wind Offshore | Actual Aggregated,2026-08-17T13:35:39Z
2026-08-17T13:33:42Z,2026-08-17T15:33:42+0200,5bbffdc7-c3ab-4a18-a8bf-cc7d933ae677,2026-08-11T10:15:00Z,2026-08-11T12:15:00+0200,405.92,MW,FR,FR,actual_offshore_wind_generation,Wind Offshore | Actual Aggregated,2026-08-17T13:35:39Z
2026-08-17T13:33:42Z,2026-08-17T15:33:42+0200,5bbffdc7-c3ab-4a18-a8bf-cc7d933ae677,2026-08-11T10:30:00Z,2026-08-11T12:30:00+0200,420.7,MW,FR,FR,actual_offshore_wind_generation,Wind Offshore | Actual Aggregated,2026-08-17T13:35:39Z
2026-08-17T13:33:42Z,2026-08-17T15:33:42+0200,5bbffdc7-c3ab-4a18-a8bf-cc7d933ae677,2026-08-11T10:45:00Z,2026-08-11T12:45:00+0200,417.65,MW,FR,FR,actual_offshore_wind_generation,Wind Offshore | Actual Aggregated,2026-08-17T13:35:39Z
2026-08-17T13:33:42Z,2026-08-17T15:33:42+0200,5bbffdc7-c3ab-4a18-a8bf-cc7d933ae677,2026-08-11T11:00:00Z,2026-08-11T13:00:00+0200,427.32,MW,FR,FR,actual_offshore_wind_generation,Wind Offshore | Actual Aggregated,2026-08-17T13:35:39Z
2026-08-17T13:33:42Z,2026-08-17T15:33:42+0200,5bbffdc7-c3ab-4a18-a8bf-cc7d933ae677,2026-08-11T11:15:00Z,2026-08-11T13:15:00+0200,429.21,MW,FR,FR,actual_offshore_wind_generation,Wind Offshore | Actual Aggregated,2026-08-17T13:35:39Z
2026-08-17T13:33:42Z,2026-08-17T15:33:42+0200,5bbffdc7-c3ab-4a18-a8bf-cc7d933ae677,2026-08-11T11:30:00Z,2026-08-11T13:30:00+0200,423.08,MW,FR,FR,actual_offshore_wind_generation,Wind Offshore | Actual Aggregated,2026-08-17T13:35:39Z
2026-08-17T13:33:42Z,2026-08-17T15:33:42+0200,5bbffdc7-c3ab-4a18-a8bf-cc7d933ae677,2026-08-11T11:45:00Z,2026-08-11T13:45:00+0200,415.72,MW,FR,FR,actual_offshore_wind_generation,Wind Offshore | Actual Aggregated,2026-08-17T13:35:39Z
2026-08-17T13:33:42Z,2026-08-17T15:33:42+0200,5bbffdc7-c3ab-4a18-a8bf-cc7d933ae677,2026-08-11T12:00:00Z,2026-08-11T14:00:00+0200,413.01,MW,FR,FR,actual_offshore_wind_generation,Wind Offshore | Actual Aggregated,2026-08-17T13:35:39Z
2026-08-17T13:33:42Z,2026-08-17T15:33:42+0200,5bbffdc7-c3ab-4a18-a8bf-cc7d933ae677,2026-08-11T12:15:00Z,2026-08-11T14:15:00+0200,393.25,MW,FR,FR,actual_offshore_wind_generation,Wind Offshore | Actual Aggregated,2026-08-17T13:35:39Z
2026-08-17T13:33:42Z,2026-08-17T15:33:42+0200,5bbffdc7-c3ab-4a18-a8bf-cc7d933ae677,2026-08-11T12:30:00Z,2026-08-11T14:30:00+0200,385.59,MW,FR,FR,actual_offshore_wind_generation,Wind Offshore | Actual Aggregated,2026-08-17T13:35:39Z
2026-08-17T13:33:42Z,2026-08-17T15:33:42+0200,5bbffdc7-c3ab-4a18-a8bf-cc7d933ae677,2026-08-11T12:45:00Z,2026-08-11T14:45:00+0200,383.18,MW,FR,FR,actual_offshore_wind_generation,Wind Offshore | Actual Aggregated,2026-08-17T13:35:39Z
2026-08-17T13:33:42Z,2026-08-17T15:33:42+0200,5bbffdc7-c3ab-4a18-a8bf-cc7d933ae677,2026-08-11T13:00:00Z,2026-08-11T15:00:00+0200,358.99,MW,FR,FR,actual_offshore_wind_generation,Wind Offshore | Actual Aggregated,2026-08-17T13:35:39Z
2026-08-17T13:33:42Z,2026-08-17T15:33:42+0200,5bbffdc7-c3ab-4a18-a8bf-cc7d933ae677,2026-08-11T13:15:00Z,2026-08-11T15:15:00+0200,367.05,MW,FR,FR,actual_offshore_wind_generation,Wind Offshore | Actual Aggregated,2026-08-17T13:35:39Z
2026-08-17T13:33:42Z,2026-08-17T15:33:42+0200,5bbffdc7-c3ab-4a18-a8bf-cc7d933ae677,2026-08-11T13:30:00Z,2026-08-11T15:30:00+0200,377.92,MW,FR,FR,actual_offshore_wind_generation,Wind Offshore | Actual Aggregated,2026-08-17T13:35:39Z
2026-08-17T13:33:42Z,2026-08-17T15:33:42+0200,5bbffdc7-c3ab-4a18-a8bf-cc7d933ae677,2026-08-11T13:45:00Z,2026-08-11T15:45:00+0200,416.93,MW,FR,FR,actual_offshore_wind_generation,Wind Offshore | Actual Aggregated,2026-08-17T13:35:39Z
2026-08-17T13:33:42Z,2026-08-17T15:33:42+0200,5bbffdc7-c3ab-4a18-a8bf-cc7d933ae677,2026-08-11T14:00:00Z,2026-08-11T16:00:00+0200,449.6,MW,FR,FR,actual_offshore_wind_generation,Wind Offshore | Actual Aggregated,2026-08-17T13:35:39Z
2026-08-17T13:33:42Z,2026-08-17T15:33:42+0200,5bbffdc7-c3ab-4a18-a8bf-cc7d933ae677,2026-08-11T14:15:00Z,2026-08-11T16:15:00+0200,493.01,MW,FR,FR,actual_offshore_wind_generation,Wind Offshore | Actual Aggregated,2026-08-17T13:35:39Z
2026-08-17T13:33:42Z,2026-08-17T15:33:42+0200,5bbffdc7-c3ab-4a18-a8bf-cc7d933ae677,2026-08-11T14:30:00Z,2026-08-11T16:30:00+0200,514.29,MW,FR,FR,actual_offshore_wind_generation,Wind Offshore | Actual Aggregated,2026-08-17T13:35:39Z
2026-08-17T13:33:42Z,2026-08-17T15:33:42+0200,5bbffdc7-c3ab-4a18-a8bf-cc7d933ae677,2026-08-11T14:45:00Z,2026-08-11T16:45:00+0200,523.69,MW,FR,FR,actual_offshore_wind_generation,Wind Offshore | Actual Aggregated,2026-08-17T13:35:39Z
2026-08-17T13:33:42Z,2026-08-17T15:33:42+0200,5bbffdc7-c3ab-4a18-a8bf-cc7d933ae677,2026-08-11T15:00:00Z,2026-08-11T17:00:00+0200,522.25,MW,FR,FR,actual_offshore_wind_generation,Wind Offshore | Actual Aggregated,2026-08-17T13:35:39Z
2026-08-17T13:33:42Z,2026-08-17T15:33:42+0200,5bbffdc7-c3ab-4a18-a8bf-cc7d933ae677,2026-08-11T15:15:00Z,2026-08-11T17:15:00+0200,552.35,MW,FR,FR,actual_offshore_wind_generation,Wind Offshore | Actual Aggregated,2026-08-17T13:35:39Z
2026-08-17T13:33:42Z,2026-08-17T15:33:42+0200,5bbffdc7-c3ab-4a18-a8bf-cc7d933ae677,2026-08-11T15:30:00Z,2026-08-11T17:30:00+0200,578.16,MW,FR,FR,actual_offshore_wind_generation,Wind Offshore | Actual Aggregated,2026-08-17T13:35:39Z
2026-08-17T13:33:42Z,2026-08-17T15:33:42+0200,5bbffdc7-c3ab-4a18-a8bf-cc7d933ae677,2026-08-11T15:45:00Z,2026-08-11T17:45:00+0200,585.94,MW,FR,FR,actual_offshore_wind_generation,Wind Offshore | Actual Aggregated,2026-08-17T13:35:39Z
2026-08-17T13:33:42Z,2026-08-17T15:33:42+0200,5bbffdc7-c3ab-4a18-a8bf-cc7d933ae677,2026-08-11T16:00:00Z,2026-08-11T18:00:00+0200,604.77,MW,FR,FR,actual_offshore_wind_generation,Wind Offshore | Actual Aggregated,2026-08-17T13:35:39Z
2026-08-17T13:33:42Z,2026-08-17T15:33:42+0200,5bbffdc7-c3ab-4a18-a8bf-cc7d933ae677,2026-08-11T16:15:00Z,2026-08-11T18:15:00+0200,652.6,MW,FR,FR,actual_offshore_wind_generation,Wind Offshore | Actual Aggregated,2026-08-17T13:35:39Z
2026-08-17T13:33:42Z,2026-08-17T15:33:42+0200,5bbffdc7-c3ab-4a18-a8bf-cc7d933ae677,2026-08-11T16:30:00Z,2026-08-11T18:30:00+0200,693.71,MW,FR,FR,actual_offshore_wind_generation,Wind Offshore | Actual Aggregated,2026-08-17T13:35:39Z
2026-08-17T13:33:42Z,2026-08-17T15:33:42+0200,5bbffdc7-c3ab-4a18-a8bf-cc7d933ae677,2026-08-11T16:45:00Z,2026-08-11T18:45:00+0200,735.67,MW,FR,FR,actual_offshore_wind_generation,Wind Offshore | Actual Aggregated,2026-08-17T13:35:39Z
2026-08-17T13:33:42Z,2026-08-17T15:33:42+0200,5bbffdc7-c3ab-4a18-a8bf-cc7d933ae677,2026-08-11T17:00:00Z,2026-08-11T19:00:00+0200,771.72,MW,FR,FR,actual_offshore_wind_generation,Wind Offshore | Actual Aggregated,2026-08-17T13:35:39Z
2026-08-17T13:33:42Z,2026-08-17T15:33:42+0200,5bbffdc7-c3ab-4a18-a8bf-cc7d933ae677,2026-08-11T17:15:00Z,2026-08-11T19:15:00+0200,787.89,MW,FR,FR,actual_offshore_wind_generation,Wind Offshore | Actual Aggregated,2026-08-17T13:35:39Z
2026-08-17T13:33:42Z,2026-08-17T15:33:42+0200,5bbffdc7-c3ab-4a18-a8bf-cc7d933ae677,2026-08-11T17:30:00Z,2026-08-11T19:30:00+0200,790.69,MW,FR,FR,actual_offshore_wind_generation,Wind Offshore | Actual Aggregated,2026-08-17T13:35:39Z
2026-08-17T13:33:42Z,2026-08-17T15:33:42+0200,5bbffdc7-c3ab-4a18-a8bf-cc7d933ae677,2026-08-11T17:45:00Z,2026-08-11T19:45:00+0200,817.36,MW,FR,FR,actual_offshore_wind_generation,Wind Offshore | Actual Aggregated,2026-08-17T13:35:39Z
2026-08-17T13:33:42Z,2026-08-17T15:33:42+0200,5bbffdc7-c3ab-4a18-a8bf-cc7d933ae677,2026-08-11T18:00:00Z,2026-08-11T20:00:00+0200,855.84,MW,FR,FR,actual_offshore_wind_generation,Wind Offshore | Actual Aggregated,2026-08-17T13:35:39Z
2026-08-17T13:33:42Z,2026-08-17T15:33:42+0200,5bbffdc7-c3ab-4a18-a8bf-cc7d933ae677,2026-08-11T18:15:00Z,2026-08-11T20:15:00+0200,877.61,MW,FR,FR,actual_offshore_wind_generation,Wind Offshore | Actual Aggregated,2026-08-17T13:35:39Z
2026-08-17T13:33:42Z,2026-08-17T15:33:42+0200,5bbffdc7-c3ab-4a18-a8bf-cc7d933ae677,2026-08-11T18:30:00Z,2026-08-11T20:30:00+0200,863.75,MW,FR,FR,actual_offshore_wind_generation,Wind Offshore | Actual Aggregated,2026-08-17T13:35:39Z
2026-08-17T13:33:42Z,2026-08-17T15:33:42+0200,5bbffdc7-c3ab-4a18-a8bf-cc7d933ae677,2026-08-11T18:45:00Z,2026-08-11T20:45:00+0200,857.68,MW,FR,FR,actual_offshore_wind_generation,Wind Offshore | Actual Aggregated,2026-08-17T13:35:39Z
2026-08-17T13:33:42Z,2026-08-17T15:33:42+0200,5bbffdc7-c3ab-4a18-a8bf-cc7d933ae677,2026-08-11T19:00:00Z,2026-08-11T21:00:00+0200,857.52,MW,FR,FR,actual_offshore_wind_generation,Wind Offshore | Actual Aggregated,2026-08-17T13:35:39Z
2026-08-17T13:33:42Z,2026-08-17T15:33:42+0200,5bbffdc7-c3ab-4a18-a8bf-cc7d933ae677,2026-08-11T19:15:00Z,2026-08-11T21:15:00+0200,867.58,MW,FR,FR,actual_offshore_wind_generation,Wind Offshore | Actual Aggregated,2026-08-17T13:35:39Z
2026-08-17T13:33:42Z,2026-08-17T15:33:42+0200,5bbffdc7-c3ab-4a18-a8bf-cc7d933ae677,2026-08-11T19:30:00Z,2026-08-11T21:30:00+0200,869.45,MW,FR,FR,actual_offshore_wind_generation,Wind Offshore | Actual Aggregated,2026-08-17T13:35:39Z
2026-08-17T13:33:42Z,2026-08-17T15:33:42+0200,5bbffdc7-c3ab-4a18-a8bf-cc7d933ae677,2026-08-11T19:45:00Z,2026-08-11T21:45:00+0200,876.98,MW,FR,FR,actual_offshore_wind_generation,Wind Offshore | Actual Aggregated,2026-08-17T13:35:39Z
2026-08-17T13:33:42Z,2026-08-17T15:33:42+0200,5bbffdc7-c3ab-4a18-a8bf-cc7d933ae677,2026-08-11T20:00:00Z,2026-08-11T22:00:00+0200,871.69,MW,FR,FR,actual_offshore_wind_generation,Wind Offshore | Actual Aggregated,2026-08-17T13:35:39Z
2026-08-17T13:33:42Z,2026-08-17T15:33:42+0200,5bbffdc7-c3ab-4a18-a8bf-cc7d933ae677,2026-08-11T20:15:00Z,2026-08-11T22:15:00+0200,832.18,MW,FR,FR,actual_offshore_wind_generation,Wind Offshore | Actual Aggregated,2026-08-17T13:35:39Z
2026-08-17T13:33:42Z,2026-08-17T15:33:42+0200,5bbffdc7-c3ab-4a18-a8bf-cc7d933ae677,2026-08-11T20:30:00Z,2026-08-11T22:30:00+0200,790.16,MW,FR,FR,actual_offshore_wind_generation,Wind Offshore | Actual Aggregated,2026-08-17T13:35:39Z
2026-08-17T13:33:42Z,2026-08-17T15:33:42+0200,5bbffdc7-c3ab-4a18-a8bf-cc7d933ae677,2026-08-11T20:45:00Z,2026-08-11T22:45:00+0200,764.0,MW,FR,FR,actual_offshore_wind_generation,Wind Offshore | Actual Aggregated,2026-08-17T13:35:39Z
2026-08-17T13:33:42Z,2026-08-17T15:33:42+0200,5bbffdc7-c3ab-4a18-a8bf-cc7d933ae677,2026-08-11T21:00:00Z,2026-08-11T23:00:00+0200,760.75,MW,FR,FR,actual_offshore_wind_generation,Wind Offshore | Actual Aggregated,2026-08-17T13:35:39Z
2026-08-17T13:33:42Z,2026-08-17T15:33:42+0200,5bbffdc7-c3ab-4a18-a8bf-cc7d933ae677,2026-08-11T21:15:00Z,2026-08-11T23:15:00+0200,798.85,MW,FR,FR,actual_offshore_wind_generation,Wind Offshore | Actual Aggregated,2026-08-17T13:35:39Z
2026-08-17T13:33:42Z,2026-08-17T15:33:42+0200,5bbffdc7-c3ab-4a18-a8bf-cc7d933ae677,2026-08-11T21:30:00Z,2026-08-11T23:30:00+0200,799.52,MW,FR,FR,actual_offshore_wind_generation,Wind Offshore | Actual Aggregated,2026-08-17T13:35:39Z
2026-08-17T13:33:42Z,2026-08-17T15:33:42+0200,5bbffdc7-c3ab-4a18-a8bf-cc7d933ae677,2026-08-11T21:45:00Z,2026-08-11T23:45:00+0200,773.7,MW,FR,FR,actual_offshore_wind_generation,Wind Offshore | Actual Aggregated,2026-08-17T13:35:39Z
2026-08-17T13:33:42Z,2026-08-17T15:33:42+0200,5bbffdc7-c3ab-4a18-a8bf-cc7d933ae677,2026-08-11T22:00:00Z,2026-08-12T00:00:00+0200,756.87,MW,FR,FR,actual_offshore_wind_generation,Wind Offshore | Actual Aggregated,2026-08-17T13:35:39Z
2026-08-17T13:33:42Z,2026-08-17T15:33:42+0200,5bbffdc7-c3ab-4a18-a8bf-cc7d933ae677,2026-08-11T22:15:00Z,2026-08-12T00:15:00+0200,746.71,MW,FR,FR,actual_offshore_wind_generation,Wind Offshore | Actual Aggregated,2026-08-17T13:35:39Z
2026-08-17T13:33:42Z,2026-08-17T15:33:42+0200,5bbffdc7-c3ab-4a18-a8bf-cc7d933ae677,2026-08-11T22:30:00Z,2026-08-12T00:30:00+0200,753.15,MW,FR,FR,actual_offshore_wind_generation,Wind Offshore | Actual Aggregated,2026-08-17T13:35:39Z
2026-08-17T13:33:42Z,2026-08-17T15:33:42+0200,5bbffdc7-c3ab-4a18-a8bf-cc7d933ae677,2026-08-11T22:45:00Z,2026-08-12T00:45:00+0200,728.55,MW,FR,FR,actual_offshore_wind_generation,Wind Offshore | Actual Aggregated,2026-08-17T13:35:39Z
2026-08-17T13:33:42Z,2026-08-17T15:33:42+0200,5bbffdc7-c3ab-4a18-a8bf-cc7d933ae677,2026-08-11T23:00:00Z,2026-08-12T01:00:00+0200,727.84,MW,FR,FR,actual_offshore_wind_generation,Wind Offshore | Actual Aggregated,2026-08-17T13:35:39Z
2026-08-17T13:33:42Z,2026-08-17T15:33:42+0200,5bbffdc7-c3ab-4a18-a8bf-cc7d933ae677,2026-08-11T23:15:00Z,2026-08-12T01:15:00+0200,759.86,MW,FR,FR,actual_offshore_wind_generation,Wind Offshore | Actual Aggregated,2026-08-17T13:35:39Z
2026-08-17T13:33:42Z,2026-08-17T15:33:42+0200,5bbffdc7-c3ab-4a18-a8bf-cc7d933ae677,2026-08-11T23:30:00Z,2026-08-12T01:30:00+0200,752.17,MW,FR,FR,actual_offshore_wind_generation,Wind Offshore | Actual Aggregated,2026-08-17T13:35:39Z
2026-08-17T13:33:42Z,2026-08-17T15:33:42+0200,5bbffdc7-c3ab-4a18-a8bf-cc7d933ae677,2026-08-11T23:45:00Z,2026-08-12T01:45:00+0200,728.43,MW,FR,FR,actual_offshore_wind_generation,Wind Offshore | Actual Aggregated,2026-08-17T13:35:39Z
2026-08-17T13:33:42Z,2026-08-17T15:33:42+0200,5bbffdc7-c3ab-4a18-a8bf-cc7d933ae677,2026-08-12T00:00:00Z,2026-08-12T02:00:00+0200,680.88,MW,FR,FR,actual_offshore_wind_generation,Wind Offshore | Actual Aggregated,2026-08-17T13:35:39Z
2026-08-17T13:33:42Z,2026-08-17T15:33:42+0200,5bbffdc7-c3ab-4a18-a8bf-cc7d933ae677,2026-08-12T00:15:00Z,2026-08-12T02:15:00+0200,646.1,MW,FR,FR,actual_offshore_wind_generation,Wind Offshore | Actual Aggregated,2026-08-17T13:35:39Z
2026-08-17T13:33:42Z,2026-08-17T15:33:42+0200,5bbffdc7-c3ab-4a18-a8bf-cc7d933ae677,2026-08-12T00:30:00Z,2026-08-12T02:30:00+0200,594.09,MW,FR,FR,actual_offshore_wind_generation,Wind Offshore | Actual Aggregated,2026-08-17T13:35:39Z
2026-08-17T13:33:42Z,2026-08-17T15:33:42+0200,5bbffdc7-c3ab-4a18-a8bf-cc7d933ae677,2026-08-12T00:45:00Z,2026-08-12T02:45:00+0200,553.0,MW,FR,FR,actual_offshore_wind_generation,Wind Offshore | Actual Aggregated,2026-08-17T13:35:39Z
2026-08-17T13:33:42Z,2026-08-17T15:33:42+0200,5bbffdc7-c3ab-4a18-a8bf-cc7d933ae677,2026-08-12T01:00:00Z,2026-08-12T03:00:00+0200,502.0,MW,FR,FR,actual_offshore_wind_generation,Wind Offshore | Actual Aggregated,2026-08-17T13:35:39Z
2026-08-17T13:33:42Z,2026-08-17T15:33:42+0200,5bbffdc7-c3ab-4a18-a8bf-cc7d933ae677,2026-08-12T01:15:00Z,2026-08-12T03:15:00+0200,463.31,MW,FR,FR,actual_offshore_wind_generation,Wind Offshore | Actual Aggregated,2026-08-17T13:35:39Z
2026-08-17T13:33:42Z,2026-08-17T15:33:42+0200,5bbffdc7-c3ab-4a18-a8bf-cc7d933ae677,2026-08-12T01:30:00Z,2026-08-12T03:30:00+0200,421.24,MW,FR,FR,actual_offshore_wind_generation,Wind Offshore | Actual Aggregated,2026-08-17T13:35:39Z
2026-08-17T13:33:42Z,2026-08-17T15:33:42+0200,5bbffdc7-c3ab-4a18-a8bf-cc7d933ae677,2026-08-12T01:45:00Z,2026-08-12T03:45:00+0200,398.92,MW,FR,FR,actual_offshore_wind_generation,Wind Offshore | Actual Aggregated,2026-08-17T13:35:39Z
2026-08-17T13:33:42Z,2026-08-17T15:33:42+0200,5bbffdc7-c3ab-4a18-a8bf-cc7d933ae677,2026-08-12T02:00:00Z,2026-08-12T04:00:00+0200,383.14,MW,FR,FR,actual_offshore_wind_generation,Wind Offshore | Actual Aggregated,2026-08-17T13:35:39Z
2026-08-17T13:33:42Z,2026-08-17T15:33:42+0200,5bbffdc7-c3ab-4a18-a8bf-cc7d933ae677,2026-08-12T02:15:00Z,2026-08-12T04:15:00+0200,360.34,MW,FR,FR,actual_offshore_wind_generation,Wind Offshore | Actual Aggregated,2026-08-17T13:35:39Z
2026-08-17T13:33:42Z,2026-08-17T15:33:42+0200,5bbffdc7-c3ab-4a18-a8bf-cc7d933ae677,2026-08-12T02:30:00Z,2026-08-12T04:30:00+0200,347.24,MW,FR,FR,actual_offshore_wind_generation,Wind Offshore | Actual Aggregated,2026-08-17T13:35:39Z
2026-08-17T13:33:42Z,2026-08-17T15:33:42+0200,5bbffdc7-c3ab-4a18-a8bf-cc7d933ae677,2026-08-12T02:45:00Z,2026-08-12T04:45:00+0200,309.83,MW,FR,FR,actual_offshore_wind_generation,Wind Offshore | Actual Aggregated,2026-08-17T13:35:39Z
2026-08-17T13:33:42Z,2026-08-17T15:33:42+0200,5bbffdc7-c3ab-4a18-a8bf-cc7d933ae677,2026-08-12T03:00:00Z,2026-08-12T05:00:00+0200,291.12,MW,FR,FR,actual_offshore_wind_generation,Wind Offshore | Actual Aggregated,2026-08-17T13:35:39Z
2026-08-17T13:33:42Z,2026-08-17T15:33:42+0200,5bbffdc7-c3ab-4a18-a8bf-cc7d933ae677,2026-08-12T03:15:00Z,2026-08-12T05:15:00+0200,276.16,MW,FR,FR,actual_offshore_wind_generation,Wind Offshore | Actual Aggregated,2026-08-17T13:35:39Z
2026-08-17T13:33:42Z,2026-08-17T15:33:42+0200,5bbffdc7-c3ab-4a18-a8bf-cc7d933ae677,2026-08-12T03:30:00Z,2026-08-12T05:30:00+0200,276.29,MW,FR,FR,actual_offshore_wind_generation,Wind Offshore | Actual Aggregated,2026-08-17T13:35:39Z
2026-08-17T13:33:42Z,2026-08-17T15:33:42+0200,5bbffdc7-c3ab-4a18-a8bf-cc7d933ae677,2026-08-12T03:45:00Z,2026-08-12T05:45:00+0200,287.11,MW,FR,FR,actual_offshore_wind_generation,Wind Offshore | Actual Aggregated,2026-08-17T13:35:39Z
2026-08-17T13:33:42Z,2026-08-17T15:33:42+0200,5bbffdc7-c3ab-4a18-a8bf-cc7d933ae677,2026-08-12T04:00:00Z,2026-08-12T06:00:00+0200,284.12,MW,FR,FR,actual_offshore_wind_generation,Wind Offshore | Actual Aggregated,2026-08-17T13:35:39Z
2026-08-17T13:33:42Z,2026-08-17T15:33:42+0200,5bbffdc7-c3ab-4a18-a8bf-cc7d933ae677,2026-08-12T04:15:00Z,2026-08-12T06:15:00+0200,284.63,MW,FR,FR,actual_offshore_wind_generation,Wind Offshore | Actual Aggregated,2026-08-17T13:35:39Z
2026-08-17T13:33:42Z,2026-08-17T15:33:42+0200,5bbffdc7-c3ab-4a18-a8bf-cc7d933ae677,2026-08-12T04:30:00Z,2026-08-12T06:30:00+0200,282.1,MW,FR,FR,actual_offshore_wind_generation,Wind Offshore | Actual Aggregated,2026-08-17T13:35:39Z
2026-08-17T13:33:42Z,2026-08-17T15:33:42+0200,5bbffdc7-c3ab-4a18-a8bf-cc7d933ae677,2026-08-12T04:45:00Z,2026-08-12T06:45:00+0200,278.24,MW,FR,FR,actual_offshore_wind_generation,Wind Offshore | Actual Aggregated,2026-08-17T13:35:39Z
2026-08-17T13:33:42Z,2026-08-17T15:33:42+0200,5bbffdc7-c3ab-4a18-a8bf-cc7d933ae677,2026-08-12T05:00:00Z,2026-08-12T07:00:00+0200,274.24,MW,FR,FR,actual_offshore_wind_generation,Wind Offshore | Actual Aggregated,2026-08-17T13:35:39Z
2026-08-17T13:33:42Z,2026-08-17T15:33:42+0200,5bbffdc7-c3ab-4a18-a8bf-cc7d933ae677,2026-08-12T05:15:00Z,2026-08-12T07:15:00+0200,283.42,MW,FR,FR,actual_offshore_wind_generation,Wind Offshore | Actual Aggregated,2026-08-17T13:35:39Z
2026-08-17T13:33:42Z,2026-08-17T15:33:42+0200,5bbffdc7-c3ab-4a18-a8bf-cc7d933ae677,2026-08-12T05:30:00Z,2026-08-12T07:30:00+0200,298.8,MW,FR,FR,actual_offshore_wind_generation,Wind Offshore | Actual Aggregated,2026-08-17T13:35:39Z
2026-08-17T13:33:42Z,2026-08-17T15:33:42+0200,5bbffdc7-c3ab-4a18-a8bf-cc7d933ae677,2026-08-12T05:45:00Z,2026-08-12T07:45:00+0200,289.6,MW,FR,FR,actual_offshore_wind_generation,Wind Offshore | Actual Aggregated,2026-08-17T13:35:39Z
2026-08-17T13:33:42Z,2026-08-17T15:33:42+0200,5bbffdc7-c3ab-4a18-a8bf-cc7d933ae677,2026-08-12T06:00:00Z,2026-08-12T08:00:00+0200,272.43,MW,FR,FR,actual_offshore_wind_generation,Wind Offshore | Actual Aggregated,2026-08-17T13:35:39Z
2026-08-17T13:33:42Z,2026-08-17T15:33:42+0200,5bbffdc7-c3ab-4a18-a8bf-cc7d933ae677,2026-08-12T06:15:00Z,2026-08-12T08:15:00+0200,269.36,MW,FR,FR,actual_offshore_wind_generation,Wind Offshore | Actual Aggregated,2026-08-17T13:35:39Z
2026-08-17T13:33:42Z,2026-08-17T15:33:42+0200,5bbffdc7-c3ab-4a18-a8bf-cc7d933ae677,2026-08-12T06:30:00Z,2026-08-12T08:30:00+0200,266.58,MW,FR,FR,actual_offshore_wind_generation,Wind Offshore | Actual Aggregated,2026-08-17T13:35:39Z
2026-08-17T13:33:42Z,2026-08-17T15:33:42+0200,5bbffdc7-c3ab-4a18-a8bf-cc7d933ae677,2026-08-12T06:45:00Z,2026-08-12T08:45:00+0200,270.48,MW,FR,FR,actual_offshore_wind_generation,Wind Offshore | Actual Aggregated,2026-08-17T13:35:39Z
2026-08-17T13:33:42Z,2026-08-17T15:33:42+0200,5bbffdc7-c3ab-4a18-a8bf-cc7d933ae677,2026-08-12T07:00:00Z,2026-08-12T09:00:00+0200,246.49,MW,FR,FR,actual_offshore_wind_generation,Wind Offshore | Actual Aggregated,2026-08-17T13:35:39Z
2026-08-17T13:33:42Z,2026-08-17T15:33:42+0200,5bbffdc7-c3ab-4a18-a8bf-cc7d933ae677,2026-08-12T07:15:00Z,2026-08-12T09:15:00+0200,213.16,MW,FR,FR,actual_offshore_wind_generation,Wind Offshore | Actual Aggregated,2026-08-17T13:35:39Z
2026-08-17T13:33:42Z,2026-08-17T15:33:42+0200,5bbffdc7-c3ab-4a18-a8bf-cc7d933ae677,2026-08-12T07:30:00Z,2026-08-12T09:30:00+0200,181.22,MW,FR,FR,actual_offshore_wind_generation,Wind Offshore | Actual Aggregated,2026-08-17T13:35:39Z
2026-08-17T13:33:42Z,2026-08-17T15:33:42+0200,5bbffdc7-c3ab-4a18-a8bf-cc7d933ae677,2026-08-12T07:45:00Z,2026-08-12T09:45:00+0200,154.02,MW,FR,FR,actual_offshore_wind_generation,Wind Offshore | Actual Aggregated,2026-08-17T13:35:39Z
2026-08-17T13:33:42Z,2026-08-17T15:33:42+0200,5bbffdc7-c3ab-4a18-a8bf-cc7d933ae677,2026-08-12T08:00:00Z,2026-08-12T10:00:00+0200,128.17,MW,FR,FR,actual_offshore_wind_generation,Wind Offshore | Actual Aggregated,2026-08-17T13:35:39Z
2026-08-17T13:33:42Z,2026-08-17T15:33:42+0200,5bbffdc7-c3ab-4a18-a8bf-cc7d933ae677,2026-08-12T08:15:00Z,2026-08-12T10:15:00+0200,108.22,MW,FR,FR,actual_offshore_wind_generation,Wind Offshore | Actual Aggregated,2026-08-17T13:35:39Z
2026-08-17T13:33:42Z,2026-08-17T15:33:42+0200,5bbffdc7-c3ab-4a18-a8bf-cc7d933ae677,2026-08-12T08:30:00Z,2026-08-12T10:30:00+0200,91.25,MW,FR,FR,actual_offshore_wind_generation,Wind Offshore | Actual Aggregated,2026-08-17T13:35:39Z
2026-08-17T13:33:42Z,2026-08-17T15:33:42+0200,5bbffdc7-c3ab-4a18-a8bf-cc7d933ae677,2026-08-12T08:45:00Z,2026-08-12T10:45:00+0200,86.46,MW,FR,FR,actual_offshore_wind_generation,Wind Offshore | Actual Aggregated,2026-08-17T13:35:39Z
2026-08-17T13:33:42Z,2026-08-17T15:33:42+0200,5bbffdc7-c3ab-4a18-a8bf-cc7d933ae677,2026-08-12T09:00:00Z,2026-08-12T11:00:00+0200,93.91,MW,FR,FR,actual_offshore_wind_generation,Wind Offshore | Actual Aggregated,2026-08-17T13:35:39Z
2026-08-17T13:33:42Z,2026-08-17T15:33:42+0200,5bbffdc7-c3ab-4a18-a8bf-cc7d933ae677,2026-08-12T09:15:00Z,2026-08-12T11:15:00+0200,96.18,MW,FR,FR,actual_offshore_wind_generation,Wind Offshore | Actual Aggregated,2026-08-17T13:35:39Z
2026-08-17T13:33:42Z,2026-08-17T15:33:42+0200,5bbffdc7-c3ab-4a18-a8bf-cc7d933ae677,2026-08-12T09:30:00Z,2026-08-12T11:30:00+0200,82.25,MW,FR,FR,actual_offshore_wind_generation,Wind Offshore | Actual Aggregated,2026-08-17T13:35:39Z
2026-08-17T13:33:42Z,2026-08-17T15:33:42+0200,5bbffdc7-c3ab-4a18-a8bf-cc7d933ae677,2026-08-12T09:45:00Z,2026-08-12T11:45:00+0200,66.96,MW,FR,FR,actual_offshore_wind_generation,Wind Offshore | Actual Aggregated,2026-08-17T13:35:39Z
2026-08-17T13:33:42Z,2026-08-17T15:33:42+0200,5bbffdc7-c3ab-4a18-a8bf-cc7d933ae677,2026-08-12T10:00:00Z,2026-08-12T12:00:00+0200,66.21,MW,FR,FR,actual_offshore_wind_generation,Wind Offshore | Actual Aggregated,2026-08-17T13:35:39Z
2026-08-17T13:33:42Z,2026-08-17T15:33:42+0200,5bbffdc7-c3ab-4a18-a8bf-cc7d933ae677,2026-08-12T10:15:00Z,2026-08-12T12:15:00+0200,66.66,MW,FR,FR,actual_offshore_wind_generation,Wind Offshore | Actual Aggregated,2026-08-17T13:35:39Z
2026-08-17T13:33:42Z,2026-08-17T15:33:42+0200,5bbffdc7-c3ab-4a18-a8bf-cc7d933ae677,2026-08-12T10:30:00Z,2026-08-12T12:30:00+0200,68.47,MW,FR,FR,actual_offshore_wind_generation,Wind Offshore | Actual Aggregated,2026-08-17T13:35:39Z
2026-08-17T13:33:42Z,2026-08-17T15:33:42+0200,5bbffdc7-c3ab-4a18-a8bf-cc7d933ae677,2026-08-12T10:45:00Z,2026-08-12T12:45:00+0200,69.44,MW,FR,FR,actual_offshore_wind_generation,Wind Offshore | Actual Aggregated,2026-08-17T13:35:39Z
2026-08-17T13:33:42Z,2026-08-17T15:33:42+0200,5bbffdc7-c3ab-4a18-a8bf-cc7d933ae677,2026-08-12T11:00:00Z,2026-08-12T13:00:00+0200,68.15,MW,FR,FR,actual_offshore_wind_generation,Wind Offshore | Actual Aggregated,2026-08-17T13:35:39Z
2026-08-17T13:33:42Z,2026-08-17T15:33:42+0200,5bbffdc7-c3ab-4a18-a8bf-cc7d933ae677,2026-08-12T11:15:00Z,2026-08-12T13:15:00+0200,73.58,MW,FR,FR,actual_offshore_wind_generation,Wind Offshore | Actual Aggregated,2026-08-17T13:35:39Z
2026-08-17T13:33:42Z,2026-08-17T15:33:42+0200,5bbffdc7-c3ab-4a18-a8bf-cc7d933ae677,2026-08-12T11:30:00Z,2026-08-12T13:30:00+0200,74.95,MW,FR,FR,actual_offshore_wind_generation,Wind Offshore | Actual Aggregated,2026-08-17T13:35:39Z
2026-08-17T13:33:42Z,2026-08-17T15:33:42+0200,5bbffdc7-c3ab-4a18-a8bf-cc7d933ae677,2026-08-12T11:45:00Z,2026-08-12T13:45:00+0200,94.41,MW,FR,FR,actual_offshore_wind_generation,Wind Offshore | Actual Aggregated,2026-08-17T13:35:39Z
2026-08-17T13:33:42Z,2026-08-17T15:33:42+0200,5bbffdc7-c3ab-4a18-a8bf-cc7d933ae677,2026-08-12T12:00:00Z,2026-08-12T14:00:00+0200,137.36,MW,FR,FR,actual_offshore_wind_generation,Wind Offshore | Actual Aggregated,2026-08-17T13:35:39Z
2026-08-17T13:33:42Z,2026-08-17T15:33:42+0200,5bbffdc7-c3ab-4a18-a8bf-cc7d933ae677,2026-08-12T12:15:00Z,2026-08-12T14:15:00+0200,172.21,MW,FR,FR,actual_offshore_wind_generation,Wind Offshore | Actual Aggregated,2026-08-17T13:35:39Z
2026-08-17T13:33:42Z,2026-08-17T15:33:42+0200,5bbffdc7-c3ab-4a18-a8bf-cc7d933ae677,2026-08-12T12:30:00Z,2026-08-12T14:30:00+0200,209.43,MW,FR,FR,actual_offshore_wind_generation,Wind Offshore | Actual Aggregated,2026-08-17T13:35:39Z
2026-08-17T13:33:42Z,2026-08-17T15:33:42+0200,5bbffdc7-c3ab-4a18-a8bf-cc7d933ae677,2026-08-12T12:45:00Z,2026-08-12T14:45:00+0200,218.9,MW,FR,FR,actual_offshore_wind_generation,Wind Offshore | Actual Aggregated,2026-08-17T13:35:39Z
2026-08-17T13:33:42Z,2026-08-17T15:33:42+0200,5bbffdc7-c3ab-4a18-a8bf-cc7d933ae677,2026-08-12T13:00:00Z,2026-08-12T15:00:00+0200,249.0,MW,FR,FR,actual_offshore_wind_generation,Wind Offshore | Actual Aggregated,2026-08-17T13:35:39Z
2026-08-17T13:33:42Z,2026-08-17T15:33:42+0200,5bbffdc7-c3ab-4a18-a8bf-cc7d933ae677,2026-08-12T13:15:00Z,2026-08-12T15:15:00+0200,277.54,MW,FR,FR,actual_offshore_wind_generation,Wind Offshore | Actual Aggregated,2026-08-17T13:35:39Z
2026-08-17T13:33:42Z,2026-08-17T15:33:42+0200,5bbffdc7-c3ab-4a18-a8bf-cc7d933ae677,2026-08-12T13:30:00Z,2026-08-12T15:30:00+0200,283.46,MW,FR,FR,actual_offshore_wind_generation,Wind Offshore | Actual Aggregated,2026-08-17T13:35:39Z
2026-08-17T13:33:42Z,2026-08-17T15:33:42+0200,5bbffdc7-c3ab-4a18-a8bf-cc7d933ae677,2026-08-12T13:45:00Z,2026-08-12T15:45:00+0200,269.79,MW,FR,FR,actual_offshore_wind_generation,Wind Offshore | Actual Aggregated,2026-08-17T13:35:39Z
2026-08-17T13:33:42Z,2026-08-17T15:33:42+0200,5bbffdc7-c3ab-4a18-a8bf-cc7d933ae677,2026-08-12T14:00:00Z,2026-08-12T16:00:00+0200,280.19,MW,FR,FR,actual_offshore_wind_generation,Wind Offshore | Actual Aggregated,2026-08-17T13:35:39Z
2026-08-17T13:33:42Z,2026-08-17T15:33:42+0200,5bbffdc7-c3ab-4a18-a8bf-cc7d933ae677,2026-08-12T14:15:00Z,2026-08-12T16:15:00+0200,318.67,MW,FR,FR,actual_offshore_wind_generation,Wind Offshore | Actual Aggregated,2026-08-17T13:35:39Z
2026-08-17T13:33:42Z,2026-08-17T15:33:42+0200,5bbffdc7-c3ab-4a18-a8bf-cc7d933ae677,2026-08-12T14:30:00Z,2026-08-12T16:30:00+0200,424.73,MW,FR,FR,actual_offshore_wind_generation,Wind Offshore | Actual Aggregated,2026-08-17T13:35:39Z
2026-08-17T13:33:42Z,2026-08-17T15:33:42+0200,5bbffdc7-c3ab-4a18-a8bf-cc7d933ae677,2026-08-12T14:45:00Z,2026-08-12T16:45:00+0200,528.2,MW,FR,FR,actual_offshore_wind_generation,Wind Offshore | Actual Aggregated,2026-08-17T13:35:39Z
2026-08-17T13:33:42Z,2026-08-17T15:33:42+0200,5bbffdc7-c3ab-4a18-a8bf-cc7d933ae677,2026-08-12T15:00:00Z,2026-08-12T17:00:00+0200,645.46,MW,FR,FR,actual_offshore_wind_generation,Wind Offshore | Actual Aggregated,2026-08-17T13:35:39Z
2026-08-17T13:33:42Z,2026-08-17T15:33:42+0200,5bbffdc7-c3ab-4a18-a8bf-cc7d933ae677,2026-08-12T15:15:00Z,2026-08-12T17:15:00+0200,745.64,MW,FR,FR,actual_offshore_wind_generation,Wind Offshore | Actual Aggregated,2026-08-17T13:35:39Z
2026-08-17T13:33:42Z,2026-08-17T15:33:42+0200,5bbffdc7-c3ab-4a18-a8bf-cc7d933ae677,2026-08-12T15:30:00Z,2026-08-12T17:30:00+0200,755.65,MW,FR,FR,actual_offshore_wind_generation,Wind Offshore | Actual Aggregated,2026-08-17T13:35:39Z
2026-08-17T13:33:42Z,2026-08-17T15:33:42+0200,5bbffdc7-c3ab-4a18-a8bf-cc7d933ae677,2026-08-12T15:45:00Z,2026-08-12T17:45:00+0200,753.11,MW,FR,FR,actual_offshore_wind_generation,Wind Offshore | Actual Aggregated,2026-08-17T13:35:39Z
2026-08-17T13:33:42Z,2026-08-17T15:33:42+0200,5bbffdc7-c3ab-4a18-a8bf-cc7d933ae677,2026-08-12T16:00:00Z,2026-08-12T18:00:00+0200,811.67,MW,FR,FR,actual_offshore_wind_generation,Wind Offshore | Actual Aggregated,2026-08-17T13:35:39Z
2026-08-17T13:33:42Z,2026-08-17T15:33:42+0200,5bbffdc7-c3ab-4a18-a8bf-cc7d933ae677,2026-08-12T16:15:00Z,2026-08-12T18:15:00+0200,890.41,MW,FR,FR,actual_offshore_wind_generation,Wind Offshore | Actual Aggregated,2026-08-17T13:35:39Z
2026-08-17T13:33:42Z,2026-08-17T15:33:42+0200,5bbffdc7-c3ab-4a18-a8bf-cc7d933ae677,2026-08-12T16:30:00Z,2026-08-12T18:30:00+0200,956.91,MW,FR,FR,actual_offshore_wind_generation,Wind Offshore | Actual Aggregated,2026-08-17T13:35:39Z
2026-08-17T13:33:42Z,2026-08-17T15:33:42+0200,5bbffdc7-c3ab-4a18-a8bf-cc7d933ae677,2026-08-12T16:45:00Z,2026-08-12T18:45:00+0200,946.57,MW,FR,FR,actual_offshore_wind_generation,Wind Offshore | Actual Aggregated,2026-08-17T13:35:39Z
2026-08-17T13:33:42Z,2026-08-17T15:33:42+0200,5bbffdc7-c3ab-4a18-a8bf-cc7d933ae677,2026-08-12T17:00:00Z,2026-08-12T19:00:00+0200,934.34,MW,FR,FR,actual_offshore_wind_generation,Wind Offshore | Actual Aggregated,2026-08-17T13:35:39Z
2026-08-17T13:33:42Z,2026-08-17T15:33:42+0200,5bbffdc7-c3ab-4a18-a8bf-cc7d933ae677,2026-08-12T17:15:00Z,2026-08-12T19:15:00+0200,957.04,MW,FR,FR,actual_offshore_wind_generation,Wind Offshore | Actual Aggregated,2026-08-17T13:35:39Z
2026-08-17T13:33:42Z,2026-08-17T15:33:42+0200,5bbffdc7-c3ab-4a18-a8bf-cc7d933ae677,2026-08-12T17:30:00Z,2026-08-12T19:30:00+0200,970.75,MW,FR,FR,actual_offshore_wind_generation,Wind Offshore | Actual Aggregated,2026-08-17T13:35:39Z
2026-08-17T13:33:42Z,2026-08-17T15:33:42+0200,5bbffdc7-c3ab-4a18-a8bf-cc7d933ae677,2026-08-12T17:45:00Z,2026-08-12T19:45:00+0200,959.64,MW,FR,FR,actual_offshore_wind_generation,Wind Offshore | Actual Aggregated,2026-08-17T13:35:39Z
2026-08-17T13:33:42Z,2026-08-17T15:33:42+0200,5bbffdc7-c3ab-4a18-a8bf-cc7d933ae677,2026-08-12T18:00:00Z,2026-08-12T20:00:00+0200,888.23,MW,FR,FR,actual_offshore_wind_generation,Wind Offshore | Actual Aggregated,2026-08-17T13:35:39Z
2026-08-17T13:33:42Z,2026-08-17T15:33:42+0200,5bbffdc7-c3ab-4a18-a8bf-cc7d933ae677,2026-08-12T18:15:00Z,2026-08-12T20:15:00+0200,841.69,MW,FR,FR,actual_offshore_wind_generation,Wind Offshore | Actual Aggregated,2026-08-17T13:35:39Z
2026-08-17T13:33:42Z,2026-08-17T15:33:42+0200,5bbffdc7-c3ab-4a18-a8bf-cc7d933ae677,2026-08-12T18:30:00Z,2026-08-12T20:30:00+0200,838.5,MW,FR,FR,actual_offshore_wind_generation,Wind Offshore | Actual Aggregated,2026-08-17T13:35:39Z
2026-08-17T13:33:42Z,2026-08-17T15:33:42+0200,5bbffdc7-c3ab-4a18-a8bf-cc7d933ae677,2026-08-12T18:45:00Z,2026-08-12T20:45:00+0200,861.27,MW,FR,FR,actual_offshore_wind_generation,Wind Offshore | Actual Aggregated,2026-08-17T13:35:39Z
2026-08-17T13:33:42Z,2026-08-17T15:33:42+0200,5bbffdc7-c3ab-4a18-a8bf-cc7d933ae677,2026-08-12T19:00:00Z,2026-08-12T21:00:00+0200,875.58,MW,FR,FR,actual_offshore_wind_generation,Wind Offshore | Actual Aggregated,2026-08-17T13:35:39Z
2026-08-17T13:33:42Z,2026-08-17T15:33:42+0200,5bbffdc7-c3ab-4a18-a8bf-cc7d933ae677,2026-08-12T19:15:00Z,2026-08-12T21:15:00+0200,869.83,MW,FR,FR,actual_offshore_wind_generation,Wind Offshore | Actual Aggregated,2026-08-17T13:35:39Z
2026-08-17T13:33:42Z,2026-08-17T15:33:42+0200,5bbffdc7-c3ab-4a18-a8bf-cc7d933ae677,2026-08-12T19:30:00Z,2026-08-12T21:30:00+0200,851.2,MW,FR,FR,actual_offshore_wind_generation,Wind Offshore | Actual Aggregated,2026-08-17T13:35:39Z
2026-08-17T13:33:42Z,2026-08-17T15:33:42+0200,5bbffdc7-c3ab-4a18-a8bf-cc7d933ae677,2026-08-12T19:45:00Z,2026-08-12T21:45:00+0200,857.86,MW,FR,FR,actual_offshore_wind_generation,Wind Offshore | Actual Aggregated,2026-08-17T13:35:39Z
2026-08-17T13:33:42Z,2026-08-17T15:33:42+0200,5bbffdc7-c3ab-4a18-a8bf-cc7d933ae677,2026-08-12T20:00:00Z,2026-08-12T22:00:00+0200,838.48,MW,FR,FR,actual_offshore_wind_generation,Wind Offshore | Actual Aggregated,2026-08-17T13:35:39Z
2026-08-17T13:33:42Z,2026-08-17T15:33:42+0200,5bbffdc7-c3ab-4a18-a8bf-cc7d933ae677,2026-08-12T20:15:00Z,2026-08-12T22:15:00+0200,827.81,MW,FR,FR,actual_offshore_wind_generation,Wind Offshore | Actual Aggregated,2026-08-17T13:35:39Z
2026-08-17T13:33:42Z,2026-08-17T15:33:42+0200,5bbffdc7-c3ab-4a18-a8bf-cc7d933ae677,2026-08-12T20:30:00Z,2026-08-12T22:30:00+0200,835.35,MW,FR,FR,actual_offshore_wind_generation,Wind Offshore | Actual Aggregated,2026-08-17T13:35:39Z
2026-08-17T13:33:42Z,2026-08-17T15:33:42+0200,5bbffdc7-c3ab-4a18-a8bf-cc7d933ae677,2026-08-12T20:45:00Z,2026-08-12T22:45:00+0200,786.31,MW,FR,FR,actual_offshore_wind_generation,Wind Offshore | Actual Aggregated,2026-08-17T13:35:39Z
2026-08-17T13:33:42Z,2026-08-17T15:33:42+0200,5bbffdc7-c3ab-4a18-a8bf-cc7d933ae677,2026-08-12T21:00:00Z,2026-08-12T23:00:00+0200,720.43,MW,FR,FR,actual_offshore_wind_generation,Wind Offshore | Actual Aggregated,2026-08-17T13:35:39Z
2026-08-17T13:33:42Z,2026-08-17T15:33:42+0200,5bbffdc7-c3ab-4a18-a8bf-cc7d933ae677,2026-08-12T21:15:00Z,2026-08-12T23:15:00+0200,620.2,MW,FR,FR,actual_offshore_wind_generation,Wind Offshore | Actual Aggregated,2026-08-17T13:35:39Z
2026-08-17T13:33:42Z,2026-08-17T15:33:42+0200,5bbffdc7-c3ab-4a18-a8bf-cc7d933ae677,2026-08-12T21:30:00Z,2026-08-12T23:30:00+0200,541.11,MW,FR,FR,actual_offshore_wind_generation,Wind Offshore | Actual Aggregated,2026-08-17T13:35:39Z
2026-08-17T13:33:42Z,2026-08-17T15:33:42+0200,5bbffdc7-c3ab-4a18-a8bf-cc7d933ae677,2026-08-12T21:45:00Z,2026-08-12T23:45:00+0200,534.29,MW,FR,FR,actual_offshore_wind_generation,Wind Offshore | Actual Aggregated,2026-08-17T13:35:39Z
2026-08-17T13:33:42Z,2026-08-17T15:33:42+0200,5bbffdc7-c3ab-4a18-a8bf-cc7d933ae677,2026-08-12T22:00:00Z,2026-08-13T00:00:00+0200,533.33,MW,FR,FR,actual_offshore_wind_generation,Wind Offshore | Actual Aggregated,2026-08-17T13:35:39Z
2026-08-17T13:33:42Z,2026-08-17T15:33:42+0200,5bbffdc7-c3ab-4a18-a8bf-cc7d933ae677,2026-08-12T22:15:00Z,2026-08-13T00:15:00+0200,469.1,MW,FR,FR,actual_offshore_wind_generation,Wind Offshore | Actual Aggregated,2026-08-17T13:35:39Z
2026-08-17T13:33:42Z,2026-08-17T15:33:42+0200,5bbffdc7-c3ab-4a18-a8bf-cc7d933ae677,2026-08-12T22:30:00Z,2026-08-13T00:30:00+0200,393.25,MW,FR,FR,actual_offshore_wind_generation,Wind Offshore | Actual Aggregated,2026-08-17T13:35:39Z
2026-08-17T13:33:42Z,2026-08-17T15:33:42+0200,5bbffdc7-c3ab-4a18-a8bf-cc7d933ae677,2026-08-12T22:45:00Z,2026-08-13T00:45:00+0200,314.33,MW,FR,FR,actual_offshore_wind_generation,Wind Offshore | Actual Aggregated,2026-08-17T13:35:39Z
2026-08-17T13:33:42Z,2026-08-17T15:33:42+0200,5bbffdc7-c3ab-4a18-a8bf-cc7d933ae677,2026-08-12T23:00:00Z,2026-08-13T01:00:00+0200,260.43,MW,FR,FR,actual_offshore_wind_generation,Wind Offshore | Actual Aggregated,2026-08-17T13:35:39Z
2026-08-17T13:33:42Z,2026-08-17T15:33:42+0200,5bbffdc7-c3ab-4a18-a8bf-cc7d933ae677,2026-08-12T23:15:00Z,2026-08-13T01:15:00+0200,213.13,MW,FR,FR,actual_offshore_wind_generation,Wind Offshore | Actual Aggregated,2026-08-17T13:35:39Z
2026-08-17T13:33:42Z,2026-08-17T15:33:42+0200,5bbffdc7-c3ab-4a18-a8bf-cc7d933ae677,2026-08-12T23:30:00Z,2026-08-13T01:30:00+0200,188.28,MW,FR,FR,actual_offshore_wind_generation,Wind Offshore | Actual Aggregated,2026-08-17T13:35:39Z
2026-08-17T13:33:42Z,2026-08-17T15:33:42+0200,5bbffdc7-c3ab-4a18-a8bf-cc7d933ae677,2026-08-12T23:45:00Z,2026-08-13T01:45:00+0200,177.19,MW,FR,FR,actual_offshore_wind_generation,Wind Offshore | Actual Aggregated,2026-08-17T13:35:39Z
2026-08-17T13:33:42Z,2026-08-17T15:33:42+0200,5bbffdc7-c3ab-4a18-a8bf-cc7d933ae677,2026-08-13T00:00:00Z,2026-08-13T02:00:00+0200,152.95,MW,FR,FR,actual_offshore_wind_generation,Wind Offshore | Actual Aggregated,2026-08-17T13:35:39Z
2026-08-17T13:33:42Z,2026-08-17T15:33:42+0200,5bbffdc7-c3ab-4a18-a8bf-cc7d933ae677,2026-08-13T00:15:00Z,2026-08-13T02:15:00+0200,136.32,MW,FR,FR,actual_offshore_wind_generation,Wind Offshore | Actual Aggregated,2026-08-17T13:35:39Z
2026-08-17T13:33:42Z,2026-08-17T15:33:42+0200,5bbffdc7-c3ab-4a18-a8bf-cc7d933ae677,2026-08-13T00:30:00Z,2026-08-13T02:30:00+0200,126.45,MW,FR,FR,actual_offshore_wind_generation,Wind Offshore | Actual Aggregated,2026-08-17T13:35:39Z
2026-08-17T13:33:42Z,2026-08-17T15:33:42+0200,5bbffdc7-c3ab-4a18-a8bf-cc7d933ae677,2026-08-13T00:45:00Z,2026-08-13T02:45:00+0200,129.44,MW,FR,FR,actual_offshore_wind_generation,Wind Offshore | Actual Aggregated,2026-08-17T13:35:39Z
2026-08-17T13:33:42Z,2026-08-17T15:33:42+0200,5bbffdc7-c3ab-4a18-a8bf-cc7d933ae677,2026-08-13T01:00:00Z,2026-08-13T03:00:00+0200,101.23,MW,FR,FR,actual_offshore_wind_generation,Wind Offshore | Actual Aggregated,2026-08-17T13:35:39Z
2026-08-17T13:33:42Z,2026-08-17T15:33:42+0200,5bbffdc7-c3ab-4a18-a8bf-cc7d933ae677,2026-08-13T01:15:00Z,2026-08-13T03:15:00+0200,84.38,MW,FR,FR,actual_offshore_wind_generation,Wind Offshore | Actual Aggregated,2026-08-17T13:35:39Z
2026-08-17T13:33:42Z,2026-08-17T15:33:42+0200,5bbffdc7-c3ab-4a18-a8bf-cc7d933ae677,2026-08-13T01:30:00Z,2026-08-13T03:30:00+0200,76.45,MW,FR,FR,actual_offshore_wind_generation,Wind Offshore | Actual Aggregated,2026-08-17T13:35:39Z
2026-08-17T13:33:42Z,2026-08-17T15:33:42+0200,5bbffdc7-c3ab-4a18-a8bf-cc7d933ae677,2026-08-13T01:45:00Z,2026-08-13T03:45:00+0200,56.08,MW,FR,FR,actual_offshore_wind_generation,Wind Offshore | Actual Aggregated,2026-08-17T13:35:39Z
2026-08-17T13:33:42Z,2026-08-17T15:33:42+0200,5bbffdc7-c3ab-4a18-a8bf-cc7d933ae677,2026-08-13T02:00:00Z,2026-08-13T04:00:00+0200,37.04,MW,FR,FR,actual_offshore_wind_generation,Wind Offshore | Actual Aggregated,2026-08-17T13:35:39Z
2026-08-17T13:33:42Z,2026-08-17T15:33:42+0200,5bbffdc7-c3ab-4a18-a8bf-cc7d933ae677,2026-08-13T02:15:00Z,2026-08-13T04:15:00+0200,29.46,MW,FR,FR,actual_offshore_wind_generation,Wind Offshore | Actual Aggregated,2026-08-17T13:35:39Z
2026-08-17T13:33:42Z,2026-08-17T15:33:42+0200,5bbffdc7-c3ab-4a18-a8bf-cc7d933ae677,2026-08-13T02:30:00Z,2026-08-13T04:30:00+0200,28.02,MW,FR,FR,actual_offshore_wind_generation,Wind Offshore | Actual Aggregated,2026-08-17T13:35:39Z
2026-08-17T13:33:42Z,2026-08-17T15:33:42+0200,5bbffdc7-c3ab-4a18-a8bf-cc7d933ae677,2026-08-13T02:45:00Z,2026-08-13T04:45:00+0200,29.28,MW,FR,FR,actual_offshore_wind_generation,Wind Offshore | Actual Aggregated,2026-08-17T13:35:39Z
2026-08-17T13:33:42Z,2026-08-17T15:33:42+0200,5bbffdc7-c3ab-4a18-a8bf-cc7d933ae677,2026-08-13T03:00:00Z,2026-08-13T05:00:00+0200,37.68,MW,FR,FR,actual_offshore_wind_generation,Wind Offshore | Actual Aggregated,2026-08-17T13:35:39Z
2026-08-17T13:33:42Z,2026-08-17T15:33:42+0200,5bbffdc7-c3ab-4a18-a8bf-cc7d933ae677,2026-08-13T03:15:00Z,2026-08-13T05:15:00+0200,38.23,MW,FR,FR,actual_offshore_wind_generation,Wind Offshore | Actual Aggregated,2026-08-17T13:35:39Z
2026-08-17T13:33:42Z,2026-08-17T15:33:42+0200,5bbffdc7-c3ab-4a18-a8bf-cc7d933ae677,2026-08-13T03:30:00Z,2026-08-13T05:30:00+0200,32.53,MW,FR,FR,actual_offshore_wind_generation,Wind Offshore | Actual Aggregated,2026-08-17T13:35:39Z
2026-08-17T13:33:42Z,2026-08-17T15:33:42+0200,5bbffdc7-c3ab-4a18-a8bf-cc7d933ae677,2026-08-13T03:45:00Z,2026-08-13T05:45:00+0200,36.27,MW,FR,FR,actual_offshore_wind_generation,Wind Offshore | Actual Aggregated,2026-08-17T13:35:39Z
2026-08-17T13:33:42Z,2026-08-17T15:33:42+0200,5bbffdc7-c3ab-4a18-a8bf-cc7d933ae677,2026-08-13T04:00:00Z,2026-08-13T06:00:00+0200,47.87,MW,FR,FR,actual_offshore_wind_generation,Wind Offshore | Actual Aggregated,2026-08-17T13:35:39Z
2026-08-17T13:33:42Z,2026-08-17T15:33:42+0200,5bbffdc7-c3ab-4a18-a8bf-cc7d933ae677,2026-08-13T04:15:00Z,2026-08-13T06:15:00+0200,67.5,MW,FR,FR,actual_offshore_wind_generation,Wind Offshore | Actual Aggregated,2026-08-17T13:35:39Z
2026-08-17T13:33:42Z,2026-08-17T15:33:42+0200,5bbffdc7-c3ab-4a18-a8bf-cc7d933ae677,2026-08-13T04:30:00Z,2026-08-13T06:30:00+0200,72.68,MW,FR,FR,actual_offshore_wind_generation,Wind Offshore | Actual Aggregated,2026-08-17T13:35:39Z
2026-08-17T13:33:42Z,2026-08-17T15:33:42+0200,5bbffdc7-c3ab-4a18-a8bf-cc7d933ae677,2026-08-13T04:45:00Z,2026-08-13T06:45:00+0200,56.99,MW,FR,FR,actual_offshore_wind_generation,Wind Offshore | Actual Aggregated,2026-08-17T13:35:39Z
2026-08-17T13:33:42Z,2026-08-17T15:33:42+0200,5bbffdc7-c3ab-4a18-a8bf-cc7d933ae677,2026-08-13T05:00:00Z,2026-08-13T07:00:00+0200,39.14,MW,FR,FR,actual_offshore_wind_generation,Wind Offshore | Actual Aggregated,2026-08-17T13:35:39Z
2026-08-17T13:33:42Z,2026-08-17T15:33:42+0200,5bbffdc7-c3ab-4a18-a8bf-cc7d933ae677,2026-08-13T05:15:00Z,2026-08-13T07:15:00+0200,31.65,MW,FR,FR,actual_offshore_wind_generation,Wind Offshore | Actual Aggregated,2026-08-17T13:35:39Z
2026-08-17T13:33:42Z,2026-08-17T15:33:42+0200,5bbffdc7-c3ab-4a18-a8bf-cc7d933ae677,2026-08-13T05:30:00Z,2026-08-13T07:30:00+0200,36.64,MW,FR,FR,actual_offshore_wind_generation,Wind Offshore | Actual Aggregated,2026-08-17T13:35:39Z
2026-08-17T13:33:42Z,2026-08-17T15:33:42+0200,5bbffdc7-c3ab-4a18-a8bf-cc7d933ae677,2026-08-13T05:45:00Z,2026-08-13T07:45:00+0200,56.36,MW,FR,FR,actual_offshore_wind_generation,Wind Offshore | Actual Aggregated,2026-08-17T13:35:39Z
2026-08-17T13:33:42Z,2026-08-17T15:33:42+0200,5bbffdc7-c3ab-4a18-a8bf-cc7d933ae677,2026-08-13T06:00:00Z,2026-08-13T08:00:00+0200,57.49,MW,FR,FR,actual_offshore_wind_generation,Wind Offshore | Actual Aggregated,2026-08-17T13:35:39Z
2026-08-17T13:33:42Z,2026-08-17T15:33:42+0200,5bbffdc7-c3ab-4a18-a8bf-cc7d933ae677,2026-08-13T06:15:00Z,2026-08-13T08:15:00+0200,59.3,MW,FR,FR,actual_offshore_wind_generation,Wind Offshore | Actual Aggregated,2026-08-17T13:35:39Z
2026-08-17T13:33:42Z,2026-08-17T15:33:42+0200,5bbffdc7-c3ab-4a18-a8bf-cc7d933ae677,2026-08-13T06:30:00Z,2026-08-13T08:30:00+0200,63.52,MW,FR,FR,actual_offshore_wind_generation,Wind Offshore | Actual Aggregated,2026-08-17T13:35:39Z
2026-08-17T13:33:42Z,2026-08-17T15:33:42+0200,5bbffdc7-c3ab-4a18-a8bf-cc7d933ae677,2026-08-13T06:45:00Z,2026-08-13T08:45:00+0200,64.8,MW,FR,FR,actual_offshore_wind_generation,Wind Offshore | Actual Aggregated,2026-08-17T13:35:39Z
2026-08-17T13:33:42Z,2026-08-17T15:33:42+0200,5bbffdc7-c3ab-4a18-a8bf-cc7d933ae677,2026-08-13T07:00:00Z,2026-08-13T09:00:00+0200,70.76,MW,FR,FR,actual_offshore_wind_generation,Wind Offshore | Actual Aggregated,2026-08-17T13:35:39Z
2026-08-17T13:33:42Z,2026-08-17T15:33:42+0200,5bbffdc7-c3ab-4a18-a8bf-cc7d933ae677,2026-08-13T07:15:00Z,2026-08-13T09:15:00+0200,67.25,MW,FR,FR,actual_offshore_wind_generation,Wind Offshore | Actual Aggregated,2026-08-17T13:35:39Z
2026-08-17T13:33:42Z,2026-08-17T15:33:42+0200,5bbffdc7-c3ab-4a18-a8bf-cc7d933ae677,2026-08-13T07:30:00Z,2026-08-13T09:30:00+0200,67.74,MW,FR,FR,actual_offshore_wind_generation,Wind Offshore | Actual Aggregated,2026-08-17T13:35:39Z
2026-08-17T13:33:42Z,2026-08-17T15:33:42+0200,5bbffdc7-c3ab-4a18-a8bf-cc7d933ae677,2026-08-13T07:45:00Z,2026-08-13T09:45:00+0200,66.51,MW,FR,FR,actual_offshore_wind_generation,Wind Offshore | Actual Aggregated,2026-08-17T13:35:39Z
2026-08-17T13:33:42Z,2026-08-17T15:33:42+0200,5bbffdc7-c3ab-4a18-a8bf-cc7d933ae677,2026-08-13T08:00:00Z,2026-08-13T10:00:00+0200,73.67,MW,FR,FR,actual_offshore_wind_generation,Wind Offshore | Actual Aggregated,2026-08-17T13:35:39Z
2026-08-17T13:33:42Z,2026-08-17T15:33:42+0200,5bbffdc7-c3ab-4a18-a8bf-cc7d933ae677,2026-08-13T08:15:00Z,2026-08-13T10:15:00+0200,73.83,MW,FR,FR,actual_offshore_wind_generation,Wind Offshore | Actual Aggregated,2026-08-17T13:35:39Z
2026-08-17T13:33:42Z,2026-08-17T15:33:42+0200,5bbffdc7-c3ab-4a18-a8bf-cc7d933ae677,2026-08-13T08:30:00Z,2026-08-13T10:30:00+0200,71.0,MW,FR,FR,actual_offshore_wind_generation,Wind Offshore | Actual Aggregated,2026-08-17T13:35:39Z
2026-08-17T13:33:42Z,2026-08-17T15:33:42+0200,5bbffdc7-c3ab-4a18-a8bf-cc7d933ae677,2026-08-13T08:45:00Z,2026-08-13T10:45:00+0200,69.4,MW,FR,FR,actual_offshore_wind_generation,Wind Offshore | Actual Aggregated,2026-08-17T13:35:39Z
2026-08-17T13:33:42Z,2026-08-17T15:33:42+0200,5bbffdc7-c3ab-4a18-a8bf-cc7d933ae677,2026-08-13T09:00:00Z,2026-08-13T11:00:00+0200,72.59,MW,FR,FR,actual_offshore_wind_generation,Wind Offshore | Actual Aggregated,2026-08-17T13:35:39Z
2026-08-17T13:33:42Z,2026-08-17T15:33:42+0200,5bbffdc7-c3ab-4a18-a8bf-cc7d933ae677,2026-08-13T09:15:00Z,2026-08-13T11:15:00+0200,85.32,MW,FR,FR,actual_offshore_wind_generation,Wind Offshore | Actual Aggregated,2026-08-17T13:35:39Z
2026-08-17T13:33:42Z,2026-08-17T15:33:42+0200,5bbffdc7-c3ab-4a18-a8bf-cc7d933ae677,2026-08-13T09:30:00Z,2026-08-13T11:30:00+0200,90.79,MW,FR,FR,actual_offshore_wind_generation,Wind Offshore | Actual Aggregated,2026-08-17T13:35:39Z
2026-08-17T13:33:42Z,2026-08-17T15:33:42+0200,5bbffdc7-c3ab-4a18-a8bf-cc7d933ae677,2026-08-13T09:45:00Z,2026-08-13T11:45:00+0200,100.52,MW,FR,FR,actual_offshore_wind_generation,Wind Offshore | Actual Aggregated,2026-08-17T13:35:39Z
2026-08-17T13:33:42Z,2026-08-17T15:33:42+0200,5bbffdc7-c3ab-4a18-a8bf-cc7d933ae677,2026-08-13T10:00:00Z,2026-08-13T12:00:00+0200,103.74,MW,FR,FR,actual_offshore_wind_generation,Wind Offshore | Actual Aggregated,2026-08-17T13:35:39Z
2026-08-17T13:33:42Z,2026-08-17T15:33:42+0200,5bbffdc7-c3ab-4a18-a8bf-cc7d933ae677,2026-08-13T10:15:00Z,2026-08-13T12:15:00+0200,102.56,MW,FR,FR,actual_offshore_wind_generation,Wind Offshore | Actual Aggregated,2026-08-17T13:35:39Z
2026-08-17T13:33:42Z,2026-08-17T15:33:42+0200,5bbffdc7-c3ab-4a18-a8bf-cc7d933ae677,2026-08-13T10:30:00Z,2026-08-13T12:30:00+0200,98.44,MW,FR,FR,actual_offshore_wind_generation,Wind Offshore | Actual Aggregated,2026-08-17T13:35:39Z
2026-08-17T13:33:42Z,2026-08-17T15:33:42+0200,5bbffdc7-c3ab-4a18-a8bf-cc7d933ae677,2026-08-13T10:45:00Z,2026-08-13T12:45:00+0200,92.46,MW,FR,FR,actual_offshore_wind_generation,Wind Offshore | Actual Aggregated,2026-08-17T13:35:39Z
2026-08-17T13:33:42Z,2026-08-17T15:33:42+0200,5bbffdc7-c3ab-4a18-a8bf-cc7d933ae677,2026-08-13T11:00:00Z,2026-08-13T13:00:00+0200,86.37,MW,FR,FR,actual_offshore_wind_generation,Wind Offshore | Actual Aggregated,2026-08-17T13:35:39Z
2026-08-17T13:33:42Z,2026-08-17T15:33:42+0200,5bbffdc7-c3ab-4a18-a8bf-cc7d933ae677,2026-08-13T11:15:00Z,2026-08-13T13:15:00+0200,75.12,MW,FR,FR,actual_offshore_wind_generation,Wind Offshore | Actual Aggregated,2026-08-17T13:35:39Z
2026-08-17T13:33:42Z,2026-08-17T15:33:42+0200,5bbffdc7-c3ab-4a18-a8bf-cc7d933ae677,2026-08-13T11:30:00Z,2026-08-13T13:30:00+0200,75.84,MW,FR,FR,actual_offshore_wind_generation,Wind Offshore | Actual Aggregated,2026-08-17T13:35:39Z
2026-08-17T13:33:42Z,2026-08-17T15:33:42+0200,5bbffdc7-c3ab-4a18-a8bf-cc7d933ae677,2026-08-13T11:45:00Z,2026-08-13T13:45:00+0200,91.26,MW,FR,FR,actual_offshore_wind_generation,Wind Offshore | Actual Aggregated,2026-08-17T13:35:39Z
2026-08-17T13:33:42Z,2026-08-17T15:33:42+0200,5bbffdc7-c3ab-4a18-a8bf-cc7d933ae677,2026-08-13T12:00:00Z,2026-08-13T14:00:00+0200,156.21,MW,FR,FR,actual_offshore_wind_generation,Wind Offshore | Actual Aggregated,2026-08-17T13:35:39Z
2026-08-17T13:33:42Z,2026-08-17T15:33:42+0200,5bbffdc7-c3ab-4a18-a8bf-cc7d933ae677,2026-08-13T12:15:00Z,2026-08-13T14:15:00+0200,199.71,MW,FR,FR,actual_offshore_wind_generation,Wind Offshore | Actual Aggregated,2026-08-17T13:35:39Z
2026-08-17T13:33:42Z,2026-08-17T15:33:42+0200,5bbffdc7-c3ab-4a18-a8bf-cc7d933ae677,2026-08-13T12:30:00Z,2026-08-13T14:30:00+0200,201.27,MW,FR,FR,actual_offshore_wind_generation,Wind Offshore | Actual Aggregated,2026-08-17T13:35:39Z
2026-08-17T13:33:42Z,2026-08-17T15:33:42+0200,5bbffdc7-c3ab-4a18-a8bf-cc7d933ae677,2026-08-13T12:45:00Z,2026-08-13T14:45:00+0200,202.17,MW,FR,FR,actual_offshore_wind_generation,Wind Offshore | Actual Aggregated,2026-08-17T13:35:39Z
2026-08-17T13:33:42Z,2026-08-17T15:33:42+0200,5bbffdc7-c3ab-4a18-a8bf-cc7d933ae677,2026-08-13T13:00:00Z,2026-08-13T15:00:00+0200,199.97,MW,FR,FR,actual_offshore_wind_generation,Wind Offshore | Actual Aggregated,2026-08-17T13:35:39Z
2026-08-17T13:33:42Z,2026-08-17T15:33:42+0200,5bbffdc7-c3ab-4a18-a8bf-cc7d933ae677,2026-08-13T13:15:00Z,2026-08-13T15:15:00+0200,220.55,MW,FR,FR,actual_offshore_wind_generation,Wind Offshore | Actual Aggregated,2026-08-17T13:35:39Z
2026-08-17T13:33:42Z,2026-08-17T15:33:42+0200,5bbffdc7-c3ab-4a18-a8bf-cc7d933ae677,2026-08-13T13:30:00Z,2026-08-13T15:30:00+0200,231.61,MW,FR,FR,actual_offshore_wind_generation,Wind Offshore | Actual Aggregated,2026-08-17T13:35:39Z
2026-08-17T13:33:42Z,2026-08-17T15:33:42+0200,5bbffdc7-c3ab-4a18-a8bf-cc7d933ae677,2026-08-13T13:45:00Z,2026-08-13T15:45:00+0200,246.36,MW,FR,FR,actual_offshore_wind_generation,Wind Offshore | Actual Aggregated,2026-08-17T13:35:39Z
2026-08-17T13:33:42Z,2026-08-17T15:33:42+0200,5bbffdc7-c3ab-4a18-a8bf-cc7d933ae677,2026-08-13T14:00:00Z,2026-08-13T16:00:00+0200,239.69,MW,FR,FR,actual_offshore_wind_generation,Wind Offshore | Actual Aggregated,2026-08-17T13:35:39Z
2026-08-17T13:33:42Z,2026-08-17T15:33:42+0200,5bbffdc7-c3ab-4a18-a8bf-cc7d933ae677,2026-08-13T14:15:00Z,2026-08-13T16:15:00+0200,231.03,MW,FR,FR,actual_offshore_wind_generation,Wind Offshore | Actual Aggregated,2026-08-17T13:35:39Z
2026-08-17T13:33:42Z,2026-08-17T15:33:42+0200,5bbffdc7-c3ab-4a18-a8bf-cc7d933ae677,2026-08-13T14:30:00Z,2026-08-13T16:30:00+0200,240.36,MW,FR,FR,actual_offshore_wind_generation,Wind Offshore | Actual Aggregated,2026-08-17T13:35:39Z
2026-08-17T13:33:42Z,2026-08-17T15:33:42+0200,5bbffdc7-c3ab-4a18-a8bf-cc7d933ae677,2026-08-13T14:45:00Z,2026-08-13T16:45:00+0200,262.53,MW,FR,FR,actual_offshore_wind_generation,Wind Offshore | Actual Aggregated,2026-08-17T13:35:39Z
2026-08-17T13:33:42Z,2026-08-17T15:33:42+0200,5bbffdc7-c3ab-4a18-a8bf-cc7d933ae677,2026-08-13T15:00:00Z,2026-08-13T17:00:00+0200,289.56,MW,FR,FR,actual_offshore_wind_generation,Wind Offshore | Actual Aggregated,2026-08-17T13:35:39Z
2026-08-17T13:33:42Z,2026-08-17T15:33:42+0200,5bbffdc7-c3ab-4a18-a8bf-cc7d933ae677,2026-08-13T15:15:00Z,2026-08-13T17:15:00+0200,313.3,MW,FR,FR,actual_offshore_wind_generation,Wind Offshore | Actual Aggregated,2026-08-17T13:35:39Z
2026-08-17T13:33:42Z,2026-08-17T15:33:42+0200,5bbffdc7-c3ab-4a18-a8bf-cc7d933ae677,2026-08-13T15:30:00Z,2026-08-13T17:30:00+0200,323.09,MW,FR,FR,actual_offshore_wind_generation,Wind Offshore | Actual Aggregated,2026-08-17T13:35:39Z
2026-08-17T13:33:42Z,2026-08-17T15:33:42+0200,5bbffdc7-c3ab-4a18-a8bf-cc7d933ae677,2026-08-13T15:45:00Z,2026-08-13T17:45:00+0200,345.85,MW,FR,FR,actual_offshore_wind_generation,Wind Offshore | Actual Aggregated,2026-08-17T13:35:39Z
2026-08-17T13:33:42Z,2026-08-17T15:33:42+0200,5bbffdc7-c3ab-4a18-a8bf-cc7d933ae677,2026-08-13T16:00:00Z,2026-08-13T18:00:00+0200,353.93,MW,FR,FR,actual_offshore_wind_generation,Wind Offshore | Actual Aggregated,2026-08-17T13:35:39Z
2026-08-17T13:33:42Z,2026-08-17T15:33:42+0200,5bbffdc7-c3ab-4a18-a8bf-cc7d933ae677,2026-08-13T16:15:00Z,2026-08-13T18:15:00+0200,378.63,MW,FR,FR,actual_offshore_wind_generation,Wind Offshore | Actual Aggregated,2026-08-17T13:35:39Z
2026-08-17T13:33:42Z,2026-08-17T15:33:42+0200,5bbffdc7-c3ab-4a18-a8bf-cc7d933ae677,2026-08-13T16:30:00Z,2026-08-13T18:30:00+0200,377.21,MW,FR,FR,actual_offshore_wind_generation,Wind Offshore | Actual Aggregated,2026-08-17T13:35:39Z
2026-08-17T13:33:42Z,2026-08-17T15:33:42+0200,5bbffdc7-c3ab-4a18-a8bf-cc7d933ae677,2026-08-13T16:45:00Z,2026-08-13T18:45:00+0200,379.03,MW,FR,FR,actual_offshore_wind_generation,Wind Offshore | Actual Aggregated,2026-08-17T13:35:39Z
2026-08-17T13:33:42Z,2026-08-17T15:33:42+0200,5bbffdc7-c3ab-4a18-a8bf-cc7d933ae677,2026-08-13T17:00:00Z,2026-08-13T19:00:00+0200,385.63,MW,FR,FR,actual_offshore_wind_generation,Wind Offshore | Actual Aggregated,2026-08-17T13:35:39Z
2026-08-17T13:33:42Z,2026-08-17T15:33:42+0200,5bbffdc7-c3ab-4a18-a8bf-cc7d933ae677,2026-08-13T17:15:00Z,2026-08-13T19:15:00+0200,382.33,MW,FR,FR,actual_offshore_wind_generation,Wind Offshore | Actual Aggregated,2026-08-17T13:35:39Z
2026-08-17T13:33:42Z,2026-08-17T15:33:42+0200,5bbffdc7-c3ab-4a18-a8bf-cc7d933ae677,2026-08-13T17:30:00Z,2026-08-13T19:30:00+0200,341.23,MW,FR,FR,actual_offshore_wind_generation,Wind Offshore | Actual Aggregated,2026-08-17T13:35:39Z
2026-08-17T13:33:42Z,2026-08-17T15:33:42+0200,5bbffdc7-c3ab-4a18-a8bf-cc7d933ae677,2026-08-13T17:45:00Z,2026-08-13T19:45:00+0200,347.21,MW,FR,FR,actual_offshore_wind_generation,Wind Offshore | Actual Aggregated,2026-08-17T13:35:39Z
2026-08-17T13:33:42Z,2026-08-17T15:33:42+0200,5bbffdc7-c3ab-4a18-a8bf-cc7d933ae677,2026-08-13T18:00:00Z,2026-08-13T20:00:00+0200,379.95,MW,FR,FR,actual_offshore_wind_generation,Wind Offshore | Actual Aggregated,2026-08-17T13:35:39Z
2026-08-17T13:33:42Z,2026-08-17T15:33:42+0200,5bbffdc7-c3ab-4a18-a8bf-cc7d933ae677,2026-08-13T18:15:00Z,2026-08-13T20:15:00+0200,386.99,MW,FR,FR,actual_offshore_wind_generation,Wind Offshore | Actual Aggregated,2026-08-17T13:35:39Z
2026-08-17T13:33:42Z,2026-08-17T15:33:42+0200,5bbffdc7-c3ab-4a18-a8bf-cc7d933ae677,2026-08-13T18:30:00Z,2026-08-13T20:30:00+0200,378.28,MW,FR,FR,actual_offshore_wind_generation,Wind Offshore | Actual Aggregated,2026-08-17T13:35:39Z
2026-08-17T13:33:42Z,2026-08-17T15:33:42+0200,5bbffdc7-c3ab-4a18-a8bf-cc7d933ae677,2026-08-13T18:45:00Z,2026-08-13T20:45:00+0200,383.26,MW,FR,FR,actual_offshore_wind_generation,Wind Offshore | Actual Aggregated,2026-08-17T13:35:39Z
2026-08-17T13:33:42Z,2026-08-17T15:33:42+0200,5bbffdc7-c3ab-4a18-a8bf-cc7d933ae677,2026-08-13T19:00:00Z,2026-08-13T21:00:00+0200,382.76,MW,FR,FR,actual_offshore_wind_generation,Wind Offshore | Actual Aggregated,2026-08-17T13:35:39Z
2026-08-17T13:33:42Z,2026-08-17T15:33:42+0200,5bbffdc7-c3ab-4a18-a8bf-cc7d933ae677,2026-08-13T19:15:00Z,2026-08-13T21:15:00+0200,416.34,MW,FR,FR,actual_offshore_wind_generation,Wind Offshore | Actual Aggregated,2026-08-17T13:35:39Z
2026-08-17T13:33:42Z,2026-08-17T15:33:42+0200,5bbffdc7-c3ab-4a18-a8bf-cc7d933ae677,2026-08-13T19:30:00Z,2026-08-13T21:30:00+0200,465.02,MW,FR,FR,actual_offshore_wind_generation,Wind Offshore | Actual Aggregated,2026-08-17T13:35:39Z
2026-08-17T13:33:42Z,2026-08-17T15:33:42+0200,5bbffdc7-c3ab-4a18-a8bf-cc7d933ae677,2026-08-13T19:45:00Z,2026-08-13T21:45:00+0200,495.45,MW,FR,FR,actual_offshore_wind_generation,Wind Offshore | Actual Aggregated,2026-08-17T13:35:39Z
2026-08-17T13:33:42Z,2026-08-17T15:33:42+0200,5bbffdc7-c3ab-4a18-a8bf-cc7d933ae677,2026-08-13T20:00:00Z,2026-08-13T22:00:00+0200,492.94,MW,FR,FR,actual_offshore_wind_generation,Wind Offshore | Actual Aggregated,2026-08-17T13:35:39Z
2026-08-17T13:33:42Z,2026-08-17T15:33:42+0200,5bbffdc7-c3ab-4a18-a8bf-cc7d933ae677,2026-08-13T20:15:00Z,2026-08-13T22:15:00+0200,480.85,MW,FR,FR,actual_offshore_wind_generation,Wind Offshore | Actual Aggregated,2026-08-17T13:35:39Z
2026-08-17T13:33:42Z,2026-08-17T15:33:42+0200,5bbffdc7-c3ab-4a18-a8bf-cc7d933ae677,2026-08-13T20:30:00Z,2026-08-13T22:30:00+0200,480.15,MW,FR,FR,actual_offshore_wind_generation,Wind Offshore | Actual Aggregated,2026-08-17T13:35:39Z
2026-08-17T13:33:42Z,2026-08-17T15:33:42+0200,5bbffdc7-c3ab-4a18-a8bf-cc7d933ae677,2026-08-13T20:45:00Z,2026-08-13T22:45:00+0200,450.52,MW,FR,FR,actual_offshore_wind_generation,Wind Offshore | Actual Aggregated,2026-08-17T13:35:39Z
2026-08-17T13:33:42Z,2026-08-17T15:33:42+0200,5bbffdc7-c3ab-4a18-a8bf-cc7d933ae677,2026-08-13T21:00:00Z,2026-08-13T23:00:00+0200,417.85,MW,FR,FR,actual_offshore_wind_generation,Wind Offshore | Actual Aggregated,2026-08-17T13:35:39Z
2026-08-17T13:33:42Z,2026-08-17T15:33:42+0200,5bbffdc7-c3ab-4a18-a8bf-cc7d933ae677,2026-08-13T21:15:00Z,2026-08-13T23:15:00+0200,361.25,MW,FR,FR,actual_offshore_wind_generation,Wind Offshore | Actual Aggregated,2026-08-17T13:35:39Z
2026-08-17T13:33:42Z,2026-08-17T15:33:42+0200,5bbffdc7-c3ab-4a18-a8bf-cc7d933ae677,2026-08-13T21:30:00Z,2026-08-13T23:30:00+0200,369.59,MW,FR,FR,actual_offshore_wind_generation,Wind Offshore | Actual Aggregated,2026-08-17T13:35:39Z
2026-08-17T13:33:42Z,2026-08-17T15:33:42+0200,5bbffdc7-c3ab-4a18-a8bf-cc7d933ae677,2026-08-13T21:45:00Z,2026-08-13T23:45:00+0200,396.45,MW,FR,FR,actual_offshore_wind_generation,Wind Offshore | Actual Aggregated,2026-08-17T13:35:39Z
2026-08-17T13:33:42Z,2026-08-17T15:33:42+0200,5bbffdc7-c3ab-4a18-a8bf-cc7d933ae677,2026-08-13T22:00:00Z,2026-08-14T00:00:00+0200,365.0,MW,FR,FR,actual_offshore_wind_generation,Wind Offshore | Actual Aggregated,2026-08-17T13:35:39Z
2026-08-17T13:33:42Z,2026-08-17T15:33:42+0200,5bbffdc7-c3ab-4a18-a8bf-cc7d933ae677,2026-08-13T22:15:00Z,2026-08-14T00:15:00+0200,363.46,MW,FR,FR,actual_offshore_wind_generation,Wind Offshore | Actual Aggregated,2026-08-17T13:35:39Z
2026-08-17T13:33:42Z,2026-08-17T15:33:42+0200,5bbffdc7-c3ab-4a18-a8bf-cc7d933ae677,2026-08-13T22:30:00Z,2026-08-14T00:30:00+0200,396.4,MW,FR,FR,actual_offshore_wind_generation,Wind Offshore | Actual Aggregated,2026-08-17T13:35:39Z
2026-08-17T13:33:42Z,2026-08-17T15:33:42+0200,5bbffdc7-c3ab-4a18-a8bf-cc7d933ae677,2026-08-13T22:45:00Z,2026-08-14T00:45:00+0200,411.13,MW,FR,FR,actual_offshore_wind_generation,Wind Offshore | Actual Aggregated,2026-08-17T13:35:39Z
2026-08-17T13:33:42Z,2026-08-17T15:33:42+0200,5bbffdc7-c3ab-4a18-a8bf-cc7d933ae677,2026-08-13T23:00:00Z,2026-08-14T01:00:00+0200,433.33,MW,FR,FR,actual_offshore_wind_generation,Wind Offshore | Actual Aggregated,2026-08-17T13:35:39Z
2026-08-17T13:33:42Z,2026-08-17T15:33:42+0200,5bbffdc7-c3ab-4a18-a8bf-cc7d933ae677,2026-08-13T23:15:00Z,2026-08-14T01:15:00+0200,441.07,MW,FR,FR,actual_offshore_wind_generation,Wind Offshore | Actual Aggregated,2026-08-17T13:35:39Z
2026-08-17T13:33:42Z,2026-08-17T15:33:42+0200,5bbffdc7-c3ab-4a18-a8bf-cc7d933ae677,2026-08-13T23:30:00Z,2026-08-14T01:30:00+0200,433.12,MW,FR,FR,actual_offshore_wind_generation,Wind Offshore | Actual Aggregated,2026-08-17T13:35:39Z
2026-08-17T13:33:42Z,2026-08-17T15:33:42+0200,5bbffdc7-c3ab-4a18-a8bf-cc7d933ae677,2026-08-13T23:45:00Z,2026-08-14T01:45:00+0200,411.31,MW,FR,FR,actual_offshore_wind_generation,Wind Offshore | Actual Aggregated,2026-08-17T13:35:39Z
2026-08-17T13:33:42Z,2026-08-17T15:33:42+0200,5bbffdc7-c3ab-4a18-a8bf-cc7d933ae677,2026-08-14T00:00:00Z,2026-08-14T02:00:00+0200,394.54,MW,FR,FR,actual_offshore_wind_generation,Wind Offshore | Actual Aggregated,2026-08-17T13:35:39Z
2026-08-17T13:33:42Z,2026-08-17T15:33:42+0200,5bbffdc7-c3ab-4a18-a8bf-cc7d933ae677,2026-08-14T00:15:00Z,2026-08-14T02:15:00+0200,415.2,MW,FR,FR,actual_offshore_wind_generation,Wind Offshore | Actual Aggregated,2026-08-17T13:35:39Z
2026-08-17T13:33:42Z,2026-08-17T15:33:42+0200,5bbffdc7-c3ab-4a18-a8bf-cc7d933ae677,2026-08-14T00:30:00Z,2026-08-14T02:30:00+0200,439.08,MW,FR,FR,actual_offshore_wind_generation,Wind Offshore | Actual Aggregated,2026-08-17T13:35:39Z
2026-08-17T13:33:42Z,2026-08-17T15:33:42+0200,5bbffdc7-c3ab-4a18-a8bf-cc7d933ae677,2026-08-14T00:45:00Z,2026-08-14T02:45:00+0200,418.54,MW,FR,FR,actual_offshore_wind_generation,Wind Offshore | Actual Aggregated,2026-08-17T13:35:39Z
2026-08-17T13:33:42Z,2026-08-17T15:33:42+0200,5bbffdc7-c3ab-4a18-a8bf-cc7d933ae677,2026-08-14T01:00:00Z,2026-08-14T03:00:00+0200,371.78,MW,FR,FR,actual_offshore_wind_generation,Wind Offshore | Actual Aggregated,2026-08-17T13:35:39Z
2026-08-17T13:33:42Z,2026-08-17T15:33:42+0200,5bbffdc7-c3ab-4a18-a8bf-cc7d933ae677,2026-08-14T01:15:00Z,2026-08-14T03:15:00+0200,336.18,MW,FR,FR,actual_offshore_wind_generation,Wind Offshore | Actual Aggregated,2026-08-17T13:35:39Z
2026-08-17T13:33:42Z,2026-08-17T15:33:42+0200,5bbffdc7-c3ab-4a18-a8bf-cc7d933ae677,2026-08-14T01:30:00Z,2026-08-14T03:30:00+0200,322.59,MW,FR,FR,actual_offshore_wind_generation,Wind Offshore | Actual Aggregated,2026-08-17T13:35:39Z
2026-08-17T13:33:42Z,2026-08-17T15:33:42+0200,5bbffdc7-c3ab-4a18-a8bf-cc7d933ae677,2026-08-14T01:45:00Z,2026-08-14T03:45:00+0200,276.89,MW,FR,FR,actual_offshore_wind_generation,Wind Offshore | Actual Aggregated,2026-08-17T13:35:39Z
2026-08-17T13:33:42Z,2026-08-17T15:33:42+0200,5bbffdc7-c3ab-4a18-a8bf-cc7d933ae677,2026-08-14T02:00:00Z,2026-08-14T04:00:00+0200,252.19,MW,FR,FR,actual_offshore_wind_generation,Wind Offshore | Actual Aggregated,2026-08-17T13:35:39Z
2026-08-17T13:33:42Z,2026-08-17T15:33:42+0200,5bbffdc7-c3ab-4a18-a8bf-cc7d933ae677,2026-08-14T02:15:00Z,2026-08-14T04:15:00+0200,264.54,MW,FR,FR,actual_offshore_wind_generation,Wind Offshore | Actual Aggregated,2026-08-17T13:35:39Z
2026-08-17T13:33:42Z,2026-08-17T15:33:42+0200,5bbffdc7-c3ab-4a18-a8bf-cc7d933ae677,2026-08-14T02:30:00Z,2026-08-14T04:30:00+0200,258.42,MW,FR,FR,actual_offshore_wind_generation,Wind Offshore | Actual Aggregated,2026-08-17T13:35:39Z
2026-08-17T13:33:42Z,2026-08-17T15:33:42+0200,5bbffdc7-c3ab-4a18-a8bf-cc7d933ae677,2026-08-14T02:45:00Z,2026-08-14T04:45:00+0200,201.64,MW,FR,FR,actual_offshore_wind_generation,Wind Offshore | Actual Aggregated,2026-08-17T13:35:39Z
2026-08-17T13:33:42Z,2026-08-17T15:33:42+0200,5bbffdc7-c3ab-4a18-a8bf-cc7d933ae677,2026-08-14T03:00:00Z,2026-08-14T05:00:00+0200,199.61,MW,FR,FR,actual_offshore_wind_generation,Wind Offshore | Actual Aggregated,2026-08-17T13:35:39Z
2026-08-17T13:33:42Z,2026-08-17T15:33:42+0200,5bbffdc7-c3ab-4a18-a8bf-cc7d933ae677,2026-08-14T03:15:00Z,2026-08-14T05:15:00+0200,225.5,MW,FR,FR,actual_offshore_wind_generation,Wind Offshore | Actual Aggregated,2026-08-17T13:35:39Z
2026-08-17T13:33:42Z,2026-08-17T15:33:42+0200,5bbffdc7-c3ab-4a18-a8bf-cc7d933ae677,2026-08-14T03:30:00Z,2026-08-14T05:30:00+0200,257.73,MW,FR,FR,actual_offshore_wind_generation,Wind Offshore | Actual Aggregated,2026-08-17T13:35:39Z
2026-08-17T13:33:42Z,2026-08-17T15:33:42+0200,5bbffdc7-c3ab-4a18-a8bf-cc7d933ae677,2026-08-14T03:45:00Z,2026-08-14T05:45:00+0200,237.38,MW,FR,FR,actual_offshore_wind_generation,Wind Offshore | Actual Aggregated,2026-08-17T13:35:39Z
2026-08-17T13:33:42Z,2026-08-17T15:33:42+0200,5bbffdc7-c3ab-4a18-a8bf-cc7d933ae677,2026-08-14T04:00:00Z,2026-08-14T06:00:00+0200,191.67,MW,FR,FR,actual_offshore_wind_generation,Wind Offshore | Actual Aggregated,2026-08-17T13:35:39Z
2026-08-17T13:33:42Z,2026-08-17T15:33:42+0200,5bbffdc7-c3ab-4a18-a8bf-cc7d933ae677,2026-08-14T04:15:00Z,2026-08-14T06:15:00+0200,190.75,MW,FR,FR,actual_offshore_wind_generation,Wind Offshore | Actual Aggregated,2026-08-17T13:35:39Z
2026-08-17T13:33:42Z,2026-08-17T15:33:42+0200,5bbffdc7-c3ab-4a18-a8bf-cc7d933ae677,2026-08-14T04:30:00Z,2026-08-14T06:30:00+0200,196.45,MW,FR,FR,actual_offshore_wind_generation,Wind Offshore | Actual Aggregated,2026-08-17T13:35:39Z
2026-08-17T13:33:42Z,2026-08-17T15:33:42+0200,5bbffdc7-c3ab-4a18-a8bf-cc7d933ae677,2026-08-14T04:45:00Z,2026-08-14T06:45:00+0200,208.6,MW,FR,FR,actual_offshore_wind_generation,Wind Offshore | Actual Aggregated,2026-08-17T13:35:39Z
2026-08-17T13:33:42Z,2026-08-17T15:33:42+0200,5bbffdc7-c3ab-4a18-a8bf-cc7d933ae677,2026-08-14T05:00:00Z,2026-08-14T07:00:00+0200,222.65,MW,FR,FR,actual_offshore_wind_generation,Wind Offshore | Actual Aggregated,2026-08-17T13:35:39Z
2026-08-17T13:33:42Z,2026-08-17T15:33:42+0200,5bbffdc7-c3ab-4a18-a8bf-cc7d933ae677,2026-08-14T05:15:00Z,2026-08-14T07:15:00+0200,223.35,MW,FR,FR,actual_offshore_wind_generation,Wind Offshore | Actual Aggregated,2026-08-17T13:35:39Z
2026-08-17T13:33:42Z,2026-08-17T15:33:42+0200,5bbffdc7-c3ab-4a18-a8bf-cc7d933ae677,2026-08-14T05:30:00Z,2026-08-14T07:30:00+0200,219.29,MW,FR,FR,actual_offshore_wind_generation,Wind Offshore | Actual Aggregated,2026-08-17T13:35:39Z
2026-08-17T13:33:42Z,2026-08-17T15:33:42+0200,5bbffdc7-c3ab-4a18-a8bf-cc7d933ae677,2026-08-14T05:45:00Z,2026-08-14T07:45:00+0200,227.56,MW,FR,FR,actual_offshore_wind_generation,Wind Offshore | Actual Aggregated,2026-08-17T13:35:39Z
2026-08-17T13:33:42Z,2026-08-17T15:33:42+0200,5bbffdc7-c3ab-4a18-a8bf-cc7d933ae677,2026-08-14T06:00:00Z,2026-08-14T08:00:00+0200,217.48,MW,FR,FR,actual_offshore_wind_generation,Wind Offshore | Actual Aggregated,2026-08-17T13:35:39Z
2026-08-17T13:33:42Z,2026-08-17T15:33:42+0200,5bbffdc7-c3ab-4a18-a8bf-cc7d933ae677,2026-08-14T06:15:00Z,2026-08-14T08:15:00+0200,204.83,MW,FR,FR,actual_offshore_wind_generation,Wind Offshore | Actual Aggregated,2026-08-17T13:35:39Z
2026-08-17T13:33:42Z,2026-08-17T15:33:42+0200,5bbffdc7-c3ab-4a18-a8bf-cc7d933ae677,2026-08-14T06:30:00Z,2026-08-14T08:30:00+0200,187.04,MW,FR,FR,actual_offshore_wind_generation,Wind Offshore | Actual Aggregated,2026-08-17T13:35:39Z
2026-08-17T13:33:42Z,2026-08-17T15:33:42+0200,5bbffdc7-c3ab-4a18-a8bf-cc7d933ae677,2026-08-14T06:45:00Z,2026-08-14T08:45:00+0200,185.46,MW,FR,FR,actual_offshore_wind_generation,Wind Offshore | Actual Aggregated,2026-08-17T13:35:39Z
2026-08-17T13:33:42Z,2026-08-17T15:33:42+0200,5bbffdc7-c3ab-4a18-a8bf-cc7d933ae677,2026-08-14T07:00:00Z,2026-08-14T09:00:00+0200,189.6,MW,FR,FR,actual_offshore_wind_generation,Wind Offshore | Actual Aggregated,2026-08-17T13:35:39Z
2026-08-17T13:33:42Z,2026-08-17T15:33:42+0200,5bbffdc7-c3ab-4a18-a8bf-cc7d933ae677,2026-08-14T07:15:00Z,2026-08-14T09:15:00+0200,189.67,MW,FR,FR,actual_offshore_wind_generation,Wind Offshore | Actual Aggregated,2026-08-17T13:35:39Z
2026-08-17T13:33:42Z,2026-08-17T15:33:42+0200,5bbffdc7-c3ab-4a18-a8bf-cc7d933ae677,2026-08-14T07:30:00Z,2026-08-14T09:30:00+0200,185.23,MW,FR,FR,actual_offshore_wind_generation,Wind Offshore | Actual Aggregated,2026-08-17T13:35:39Z
2026-08-17T13:33:42Z,2026-08-17T15:33:42+0200,5bbffdc7-c3ab-4a18-a8bf-cc7d933ae677,2026-08-14T07:45:00Z,2026-08-14T09:45:00+0200,190.4,MW,FR,FR,actual_offshore_wind_generation,Wind Offshore | Actual Aggregated,2026-08-17T13:35:39Z
2026-08-17T13:33:42Z,2026-08-17T15:33:42+0200,5bbffdc7-c3ab-4a18-a8bf-cc7d933ae677,2026-08-14T08:00:00Z,2026-08-14T10:00:00+0200,196.59,MW,FR,FR,actual_offshore_wind_generation,Wind Offshore | Actual Aggregated,2026-08-17T13:35:39Z
2026-08-17T13:33:42Z,2026-08-17T15:33:42+0200,5bbffdc7-c3ab-4a18-a8bf-cc7d933ae677,2026-08-14T08:15:00Z,2026-08-14T10:15:00+0200,203.32,MW,FR,FR,actual_offshore_wind_generation,Wind Offshore | Actual Aggregated,2026-08-17T13:35:39Z
2026-08-17T13:33:42Z,2026-08-17T15:33:42+0200,5bbffdc7-c3ab-4a18-a8bf-cc7d933ae677,2026-08-14T08:30:00Z,2026-08-14T10:30:00+0200,197.85,MW,FR,FR,actual_offshore_wind_generation,Wind Offshore | Actual Aggregated,2026-08-17T13:35:39Z
2026-08-17T13:33:42Z,2026-08-17T15:33:42+0200,5bbffdc7-c3ab-4a18-a8bf-cc7d933ae677,2026-08-14T08:45:00Z,2026-08-14T10:45:00+0200,195.35,MW,FR,FR,actual_offshore_wind_generation,Wind Offshore | Actual Aggregated,2026-08-17T13:35:39Z
2026-08-17T13:33:42Z,2026-08-17T15:33:42+0200,5bbffdc7-c3ab-4a18-a8bf-cc7d933ae677,2026-08-14T09:00:00Z,2026-08-14T11:00:00+0200,198.85,MW,FR,FR,actual_offshore_wind_generation,Wind Offshore | Actual Aggregated,2026-08-17T13:35:39Z
2026-08-17T13:33:42Z,2026-08-17T15:33:42+0200,5bbffdc7-c3ab-4a18-a8bf-cc7d933ae677,2026-08-14T09:15:00Z,2026-08-14T11:15:00+0200,196.24,MW,FR,FR,actual_offshore_wind_generation,Wind Offshore | Actual Aggregated,2026-08-17T13:35:39Z
2026-08-17T13:33:42Z,2026-08-17T15:33:42+0200,5bbffdc7-c3ab-4a18-a8bf-cc7d933ae677,2026-08-14T09:30:00Z,2026-08-14T11:30:00+0200,180.84,MW,FR,FR,actual_offshore_wind_generation,Wind Offshore | Actual Aggregated,2026-08-17T13:35:39Z
2026-08-17T13:33:42Z,2026-08-17T15:33:42+0200,5bbffdc7-c3ab-4a18-a8bf-cc7d933ae677,2026-08-14T09:45:00Z,2026-08-14T11:45:00+0200,169.64,MW,FR,FR,actual_offshore_wind_generation,Wind Offshore | Actual Aggregated,2026-08-17T13:35:39Z
2026-08-17T13:33:42Z,2026-08-17T15:33:42+0200,5bbffdc7-c3ab-4a18-a8bf-cc7d933ae677,2026-08-14T10:00:00Z,2026-08-14T12:00:00+0200,168.04,MW,FR,FR,actual_offshore_wind_generation,Wind Offshore | Actual Aggregated,2026-08-17T13:35:39Z
2026-08-17T13:33:42Z,2026-08-17T15:33:42+0200,5bbffdc7-c3ab-4a18-a8bf-cc7d933ae677,2026-08-14T10:15:00Z,2026-08-14T12:15:00+0200,150.87,MW,FR,FR,actual_offshore_wind_generation,Wind Offshore | Actual Aggregated,2026-08-17T13:35:39Z
2026-08-17T13:33:42Z,2026-08-17T15:33:42+0200,5bbffdc7-c3ab-4a18-a8bf-cc7d933ae677,2026-08-14T10:30:00Z,2026-08-14T12:30:00+0200,157.0,MW,FR,FR,actual_offshore_wind_generation,Wind Offshore | Actual Aggregated,2026-08-17T13:35:39Z
2026-08-17T13:33:42Z,2026-08-17T15:33:42+0200,5bbffdc7-c3ab-4a18-a8bf-cc7d933ae677,2026-08-14T10:45:00Z,2026-08-14T12:45:00+0200,150.22,MW,FR,FR,actual_offshore_wind_generation,Wind Offshore | Actual Aggregated,2026-08-17T13:35:39Z
2026-08-17T13:33:42Z,2026-08-17T15:33:42+0200,5bbffdc7-c3ab-4a18-a8bf-cc7d933ae677,2026-08-14T11:00:00Z,2026-08-14T13:00:00+0200,124.9,MW,FR,FR,actual_offshore_wind_generation,Wind Offshore | Actual Aggregated,2026-08-17T13:35:39Z
2026-08-17T13:33:42Z,2026-08-17T15:33:42+0200,5bbffdc7-c3ab-4a18-a8bf-cc7d933ae677,2026-08-14T11:15:00Z,2026-08-14T13:15:00+0200,105.22,MW,FR,FR,actual_offshore_wind_generation,Wind Offshore | Actual Aggregated,2026-08-17T13:35:39Z
2026-08-17T13:33:42Z,2026-08-17T15:33:42+0200,5bbffdc7-c3ab-4a18-a8bf-cc7d933ae677,2026-08-14T11:30:00Z,2026-08-14T13:30:00+0200,127.7,MW,FR,FR,actual_offshore_wind_generation,Wind Offshore | Actual Aggregated,2026-08-17T13:35:39Z
2026-08-17T13:33:42Z,2026-08-17T15:33:42+0200,5bbffdc7-c3ab-4a18-a8bf-cc7d933ae677,2026-08-14T11:45:00Z,2026-08-14T13:45:00+0200,131.4,MW,FR,FR,actual_offshore_wind_generation,Wind Offshore | Actual Aggregated,2026-08-17T13:35:39Z
2026-08-17T13:33:42Z,2026-08-17T15:33:42+0200,5bbffdc7-c3ab-4a18-a8bf-cc7d933ae677,2026-08-14T12:00:00Z,2026-08-14T14:00:00+0200,112.08,MW,FR,FR,actual_offshore_wind_generation,Wind Offshore | Actual Aggregated,2026-08-17T13:35:39Z
2026-08-17T13:33:42Z,2026-08-17T15:33:42+0200,5bbffdc7-c3ab-4a18-a8bf-cc7d933ae677,2026-08-14T12:15:00Z,2026-08-14T14:15:00+0200,113.34,MW,FR,FR,actual_offshore_wind_generation,Wind Offshore | Actual Aggregated,2026-08-17T13:35:39Z
2026-08-17T13:33:42Z,2026-08-17T15:33:42+0200,5bbffdc7-c3ab-4a18-a8bf-cc7d933ae677,2026-08-14T12:30:00Z,2026-08-14T14:30:00+0200,140.84,MW,FR,FR,actual_offshore_wind_generation,Wind Offshore | Actual Aggregated,2026-08-17T13:35:39Z
2026-08-17T13:33:42Z,2026-08-17T15:33:42+0200,5bbffdc7-c3ab-4a18-a8bf-cc7d933ae677,2026-08-14T12:45:00Z,2026-08-14T14:45:00+0200,170.45,MW,FR,FR,actual_offshore_wind_generation,Wind Offshore | Actual Aggregated,2026-08-17T13:35:39Z
2026-08-17T13:33:42Z,2026-08-17T15:33:42+0200,5bbffdc7-c3ab-4a18-a8bf-cc7d933ae677,2026-08-14T13:00:00Z,2026-08-14T15:00:00+0200,186.99,MW,FR,FR,actual_offshore_wind_generation,Wind Offshore | Actual Aggregated,2026-08-17T13:35:39Z
2026-08-17T13:33:42Z,2026-08-17T15:33:42+0200,5bbffdc7-c3ab-4a18-a8bf-cc7d933ae677,2026-08-14T13:15:00Z,2026-08-14T15:15:00+0200,196.0,MW,FR,FR,actual_offshore_wind_generation,Wind Offshore | Actual Aggregated,2026-08-17T13:35:39Z
2026-08-17T13:33:42Z,2026-08-17T15:33:42+0200,5bbffdc7-c3ab-4a18-a8bf-cc7d933ae677,2026-08-14T13:30:00Z,2026-08-14T15:30:00+0200,220.76,MW,FR,FR,actual_offshore_wind_generation,Wind Offshore | Actual Aggregated,2026-08-17T13:35:39Z
2026-08-17T13:33:42Z,2026-08-17T15:33:42+0200,5bbffdc7-c3ab-4a18-a8bf-cc7d933ae677,2026-08-14T13:45:00Z,2026-08-14T15:45:00+0200,243.27,MW,FR,FR,actual_offshore_wind_generation,Wind Offshore | Actual Aggregated,2026-08-17T13:35:39Z
2026-08-17T13:33:42Z,2026-08-17T15:33:42+0200,5bbffdc7-c3ab-4a18-a8bf-cc7d933ae677,2026-08-14T14:00:00Z,2026-08-14T16:00:00+0200,241.88,MW,FR,FR,actual_offshore_wind_generation,Wind Offshore | Actual Aggregated,2026-08-17T13:35:39Z
2026-08-17T13:33:42Z,2026-08-17T15:33:42+0200,5bbffdc7-c3ab-4a18-a8bf-cc7d933ae677,2026-08-14T14:15:00Z,2026-08-14T16:15:00+0200,258.17,MW,FR,FR,actual_offshore_wind_generation,Wind Offshore | Actual Aggregated,2026-08-17T13:35:39Z
2026-08-17T13:33:42Z,2026-08-17T15:33:42+0200,5bbffdc7-c3ab-4a18-a8bf-cc7d933ae677,2026-08-14T14:30:00Z,2026-08-14T16:30:00+0200,304.92,MW,FR,FR,actual_offshore_wind_generation,Wind Offshore | Actual Aggregated,2026-08-17T13:35:39Z
2026-08-17T13:33:42Z,2026-08-17T15:33:42+0200,5bbffdc7-c3ab-4a18-a8bf-cc7d933ae677,2026-08-14T14:45:00Z,2026-08-14T16:45:00+0200,342.41,MW,FR,FR,actual_offshore_wind_generation,Wind Offshore | Actual Aggregated,2026-08-17T13:35:39Z
2026-08-17T13:33:42Z,2026-08-17T15:33:42+0200,5bbffdc7-c3ab-4a18-a8bf-cc7d933ae677,2026-08-14T15:00:00Z,2026-08-14T17:00:00+0200,307.66,MW,FR,FR,actual_offshore_wind_generation,Wind Offshore | Actual Aggregated,2026-08-17T13:35:39Z
2026-08-17T13:33:42Z,2026-08-17T15:33:42+0200,5bbffdc7-c3ab-4a18-a8bf-cc7d933ae677,2026-08-14T15:15:00Z,2026-08-14T17:15:00+0200,419.23,MW,FR,FR,actual_offshore_wind_generation,Wind Offshore | Actual Aggregated,2026-08-17T13:35:39Z
2026-08-17T13:33:42Z,2026-08-17T15:33:42+0200,5bbffdc7-c3ab-4a18-a8bf-cc7d933ae677,2026-08-14T15:30:00Z,2026-08-14T17:30:00+0200,413.84,MW,FR,FR,actual_offshore_wind_generation,Wind Offshore | Actual Aggregated,2026-08-17T13:35:39Z
2026-08-17T13:33:42Z,2026-08-17T15:33:42+0200,5bbffdc7-c3ab-4a18-a8bf-cc7d933ae677,2026-08-14T15:45:00Z,2026-08-14T17:45:00+0200,452.52,MW,FR,FR,actual_offshore_wind_generation,Wind Offshore | Actual Aggregated,2026-08-17T13:35:39Z
2026-08-17T13:33:42Z,2026-08-17T15:33:42+0200,5bbffdc7-c3ab-4a18-a8bf-cc7d933ae677,2026-08-14T16:00:00Z,2026-08-14T18:00:00+0200,522.0,MW,FR,FR,actual_offshore_wind_generation,Wind Offshore | Actual Aggregated,2026-08-17T13:35:39Z
2026-08-17T13:33:42Z,2026-08-17T15:33:42+0200,5bbffdc7-c3ab-4a18-a8bf-cc7d933ae677,2026-08-14T16:15:00Z,2026-08-14T18:15:00+0200,531.71,MW,FR,FR,actual_offshore_wind_generation,Wind Offshore | Actual Aggregated,2026-08-17T13:35:39Z
2026-08-17T13:33:42Z,2026-08-17T15:33:42+0200,5bbffdc7-c3ab-4a18-a8bf-cc7d933ae677,2026-08-14T16:30:00Z,2026-08-14T18:30:00+0200,493.45,MW,FR,FR,actual_offshore_wind_generation,Wind Offshore | Actual Aggregated,2026-08-17T13:35:39Z
2026-08-17T13:33:42Z,2026-08-17T15:33:42+0200,5bbffdc7-c3ab-4a18-a8bf-cc7d933ae677,2026-08-14T16:45:00Z,2026-08-14T18:45:00+0200,488.25,MW,FR,FR,actual_offshore_wind_generation,Wind Offshore | Actual Aggregated,2026-08-17T13:35:39Z
2026-08-17T13:33:42Z,2026-08-17T15:33:42+0200,5bbffdc7-c3ab-4a18-a8bf-cc7d933ae677,2026-08-14T17:00:00Z,2026-08-14T19:00:00+0200,510.59,MW,FR,FR,actual_offshore_wind_generation,Wind Offshore | Actual Aggregated,2026-08-17T13:35:39Z
2026-08-17T13:33:42Z,2026-08-17T15:33:42+0200,5bbffdc7-c3ab-4a18-a8bf-cc7d933ae677,2026-08-14T17:15:00Z,2026-08-14T19:15:00+0200,520.18,MW,FR,FR,actual_offshore_wind_generation,Wind Offshore | Actual Aggregated,2026-08-17T13:35:39Z
2026-08-17T13:33:42Z,2026-08-17T15:33:42+0200,5bbffdc7-c3ab-4a18-a8bf-cc7d933ae677,2026-08-14T17:30:00Z,2026-08-14T19:30:00+0200,545.9,MW,FR,FR,actual_offshore_wind_generation,Wind Offshore | Actual Aggregated,2026-08-17T13:35:39Z
2026-08-17T13:33:42Z,2026-08-17T15:33:42+0200,5bbffdc7-c3ab-4a18-a8bf-cc7d933ae677,2026-08-14T17:45:00Z,2026-08-14T19:45:00+0200,557.67,MW,FR,FR,actual_offshore_wind_generation,Wind Offshore | Actual Aggregated,2026-08-17T13:35:39Z
2026-08-17T13:33:42Z,2026-08-17T15:33:42+0200,5bbffdc7-c3ab-4a18-a8bf-cc7d933ae677,2026-08-14T18:00:00Z,2026-08-14T20:00:00+0200,527.51,MW,FR,FR,actual_offshore_wind_generation,Wind Offshore | Actual Aggregated,2026-08-17T13:35:39Z
2026-08-17T13:33:42Z,2026-08-17T15:33:42+0200,5bbffdc7-c3ab-4a18-a8bf-cc7d933ae677,2026-08-14T18:15:00Z,2026-08-14T20:15:00+0200,571.24,MW,FR,FR,actual_offshore_wind_generation,Wind Offshore | Actual Aggregated,2026-08-17T13:35:39Z
2026-08-17T13:33:42Z,2026-08-17T15:33:42+0200,5bbffdc7-c3ab-4a18-a8bf-cc7d933ae677,2026-08-14T18:30:00Z,2026-08-14T20:30:00+0200,727.92,MW,FR,FR,actual_offshore_wind_generation,Wind Offshore | Actual Aggregated,2026-08-17T13:35:39Z
2026-08-17T13:33:42Z,2026-08-17T15:33:42+0200,5bbffdc7-c3ab-4a18-a8bf-cc7d933ae677,2026-08-14T18:45:00Z,2026-08-14T20:45:00+0200,733.65,MW,FR,FR,actual_offshore_wind_generation,Wind Offshore | Actual Aggregated,2026-08-17T13:35:39Z
2026-08-17T13:33:42Z,2026-08-17T15:33:42+0200,5bbffdc7-c3ab-4a18-a8bf-cc7d933ae677,2026-08-14T19:00:00Z,2026-08-14T21:00:00+0200,726.57,MW,FR,FR,actual_offshore_wind_generation,Wind Offshore | Actual Aggregated,2026-08-17T13:35:39Z
2026-08-17T13:33:42Z,2026-08-17T15:33:42+0200,5bbffdc7-c3ab-4a18-a8bf-cc7d933ae677,2026-08-14T19:15:00Z,2026-08-14T21:15:00+0200,747.11,MW,FR,FR,actual_offshore_wind_generation,Wind Offshore | Actual Aggregated,2026-08-17T13:35:39Z
2026-08-17T13:33:42Z,2026-08-17T15:33:42+0200,5bbffdc7-c3ab-4a18-a8bf-cc7d933ae677,2026-08-14T19:30:00Z,2026-08-14T21:30:00+0200,759.61,MW,FR,FR,actual_offshore_wind_generation,Wind Offshore | Actual Aggregated,2026-08-17T13:35:39Z
2026-08-17T13:33:42Z,2026-08-17T15:33:42+0200,5bbffdc7-c3ab-4a18-a8bf-cc7d933ae677,2026-08-14T19:45:00Z,2026-08-14T21:45:00+0200,808.5,MW,FR,FR,actual_offshore_wind_generation,Wind Offshore | Actual Aggregated,2026-08-17T13:35:39Z
2026-08-17T13:33:42Z,2026-08-17T15:33:42+0200,5bbffdc7-c3ab-4a18-a8bf-cc7d933ae677,2026-08-14T20:00:00Z,2026-08-14T22:00:00+0200,836.46,MW,FR,FR,actual_offshore_wind_generation,Wind Offshore | Actual Aggregated,2026-08-17T13:35:39Z
2026-08-17T13:33:42Z,2026-08-17T15:33:42+0200,5bbffdc7-c3ab-4a18-a8bf-cc7d933ae677,2026-08-14T20:15:00Z,2026-08-14T22:15:00+0200,808.21,MW,FR,FR,actual_offshore_wind_generation,Wind Offshore | Actual Aggregated,2026-08-17T13:35:39Z
2026-08-17T13:33:42Z,2026-08-17T15:33:42+0200,5bbffdc7-c3ab-4a18-a8bf-cc7d933ae677,2026-08-14T20:30:00Z,2026-08-14T22:30:00+0200,848.75,MW,FR,FR,actual_offshore_wind_generation,Wind Offshore | Actual Aggregated,2026-08-17T13:35:39Z
2026-08-17T13:33:42Z,2026-08-17T15:33:42+0200,5bbffdc7-c3ab-4a18-a8bf-cc7d933ae677,2026-08-14T20:45:00Z,2026-08-14T22:45:00+0200,858.39,MW,FR,FR,actual_offshore_wind_generation,Wind Offshore | Actual Aggregated,2026-08-17T13:35:39Z
2026-08-17T13:33:42Z,2026-08-17T15:33:42+0200,5bbffdc7-c3ab-4a18-a8bf-cc7d933ae677,2026-08-14T21:00:00Z,2026-08-14T23:00:00+0200,804.26,MW,FR,FR,actual_offshore_wind_generation,Wind Offshore | Actual Aggregated,2026-08-17T13:35:39Z
2026-08-17T13:33:42Z,2026-08-17T15:33:42+0200,5bbffdc7-c3ab-4a18-a8bf-cc7d933ae677,2026-08-14T21:15:00Z,2026-08-14T23:15:00+0200,768.64,MW,FR,FR,actual_offshore_wind_generation,Wind Offshore | Actual Aggregated,2026-08-17T13:35:39Z
2026-08-17T13:33:42Z,2026-08-17T15:33:42+0200,5bbffdc7-c3ab-4a18-a8bf-cc7d933ae677,2026-08-14T21:30:00Z,2026-08-14T23:30:00+0200,691.23,MW,FR,FR,actual_offshore_wind_generation,Wind Offshore | Actual Aggregated,2026-08-17T13:35:39Z
2026-08-17T13:33:42Z,2026-08-17T15:33:42+0200,5bbffdc7-c3ab-4a18-a8bf-cc7d933ae677,2026-08-14T21:45:00Z,2026-08-14T23:45:00+0200,656.35,MW,FR,FR,actual_offshore_wind_generation,Wind Offshore | Actual Aggregated,2026-08-17T13:35:39Z
2026-08-17T13:33:42Z,2026-08-17T15:33:42+0200,5bbffdc7-c3ab-4a18-a8bf-cc7d933ae677,2026-08-14T22:00:00Z,2026-08-15T00:00:00+0200,623.92,MW,FR,FR,actual_offshore_wind_generation,Wind Offshore | Actual Aggregated,2026-08-17T13:35:39Z
2026-08-17T13:33:42Z,2026-08-17T15:33:42+0200,5bbffdc7-c3ab-4a18-a8bf-cc7d933ae677,2026-08-14T22:15:00Z,2026-08-15T00:15:00+0200,643.47,MW,FR,FR,actual_offshore_wind_generation,Wind Offshore | Actual Aggregated,2026-08-17T13:35:39Z
2026-08-17T13:33:42Z,2026-08-17T15:33:42+0200,5bbffdc7-c3ab-4a18-a8bf-cc7d933ae677,2026-08-14T22:30:00Z,2026-08-15T00:30:00+0200,640.81,MW,FR,FR,actual_offshore_wind_generation,Wind Offshore | Actual Aggregated,2026-08-17T13:35:39Z
2026-08-17T13:33:42Z,2026-08-17T15:33:42+0200,5bbffdc7-c3ab-4a18-a8bf-cc7d933ae677,2026-08-14T22:45:00Z,2026-08-15T00:45:00+0200,612.68,MW,FR,FR,actual_offshore_wind_generation,Wind Offshore | Actual Aggregated,2026-08-17T13:35:39Z
2026-08-17T13:33:42Z,2026-08-17T15:33:42+0200,5bbffdc7-c3ab-4a18-a8bf-cc7d933ae677,2026-08-14T23:00:00Z,2026-08-15T01:00:00+0200,585.61,MW,FR,FR,actual_offshore_wind_generation,Wind Offshore | Actual Aggregated,2026-08-17T13:35:39Z
2026-08-17T13:33:42Z,2026-08-17T15:33:42+0200,5bbffdc7-c3ab-4a18-a8bf-cc7d933ae677,2026-08-14T23:15:00Z,2026-08-15T01:15:00+0200,608.19,MW,FR,FR,actual_offshore_wind_generation,Wind Offshore | Actual Aggregated,2026-08-17T13:35:39Z
2026-08-17T13:33:42Z,2026-08-17T15:33:42+0200,5bbffdc7-c3ab-4a18-a8bf-cc7d933ae677,2026-08-14T23:30:00Z,2026-08-15T01:30:00+0200,637.04,MW,FR,FR,actual_offshore_wind_generation,Wind Offshore | Actual Aggregated,2026-08-17T13:35:39Z
2026-08-17T13:33:42Z,2026-08-17T15:33:42+0200,5bbffdc7-c3ab-4a18-a8bf-cc7d933ae677,2026-08-14T23:45:00Z,2026-08-15T01:45:00+0200,613.93,MW,FR,FR,actual_offshore_wind_generation,Wind Offshore | Actual Aggregated,2026-08-17T13:35:39Z
2026-08-17T13:33:42Z,2026-08-17T15:33:42+0200,5bbffdc7-c3ab-4a18-a8bf-cc7d933ae677,2026-08-15T00:00:00Z,2026-08-15T02:00:00+0200,623.36,MW,FR,FR,actual_offshore_wind_generation,Wind Offshore | Actual Aggregated,2026-08-17T13:35:39Z
2026-08-17T13:33:42Z,2026-08-17T15:33:42+0200,5bbffdc7-c3ab-4a18-a8bf-cc7d933ae677,2026-08-15T00:15:00Z,2026-08-15T02:15:00+0200,624.12,MW,FR,FR,actual_offshore_wind_generation,Wind Offshore | Actual Aggregated,2026-08-17T13:35:39Z
2026-08-17T13:33:42Z,2026-08-17T15:33:42+0200,5bbffdc7-c3ab-4a18-a8bf-cc7d933ae677,2026-08-15T00:30:00Z,2026-08-15T02:30:00+0200,619.95,MW,FR,FR,actual_offshore_wind_generation,Wind Offshore | Actual Aggregated,2026-08-17T13:35:39Z
2026-08-17T13:33:42Z,2026-08-17T15:33:42+0200,5bbffdc7-c3ab-4a18-a8bf-cc7d933ae677,2026-08-15T00:45:00Z,2026-08-15T02:45:00+0200,654.39,MW,FR,FR,actual_offshore_wind_generation,Wind Offshore | Actual Aggregated,2026-08-17T13:35:39Z
2026-08-17T13:33:42Z,2026-08-17T15:33:42+0200,5bbffdc7-c3ab-4a18-a8bf-cc7d933ae677,2026-08-15T01:00:00Z,2026-08-15T03:00:00+0200,743.51,MW,FR,FR,actual_offshore_wind_generation,Wind Offshore | Actual Aggregated,2026-08-17T13:35:39Z
2026-08-17T13:33:42Z,2026-08-17T15:33:42+0200,5bbffdc7-c3ab-4a18-a8bf-cc7d933ae677,2026-08-15T01:15:00Z,2026-08-15T03:15:00+0200,811.59,MW,FR,FR,actual_offshore_wind_generation,Wind Offshore | Actual Aggregated,2026-08-17T13:35:39Z
2026-08-17T13:33:42Z,2026-08-17T15:33:42+0200,5bbffdc7-c3ab-4a18-a8bf-cc7d933ae677,2026-08-15T01:30:00Z,2026-08-15T03:30:00+0200,724.48,MW,FR,FR,actual_offshore_wind_generation,Wind Offshore | Actual Aggregated,2026-08-17T13:35:39Z
2026-08-17T13:33:42Z,2026-08-17T15:33:42+0200,5bbffdc7-c3ab-4a18-a8bf-cc7d933ae677,2026-08-15T01:45:00Z,2026-08-15T03:45:00+0200,605.75,MW,FR,FR,actual_offshore_wind_generation,Wind Offshore | Actual Aggregated,2026-08-17T13:35:39Z
2026-08-17T13:33:42Z,2026-08-17T15:33:42+0200,5bbffdc7-c3ab-4a18-a8bf-cc7d933ae677,2026-08-15T02:00:00Z,2026-08-15T04:00:00+0200,486.14,MW,FR,FR,actual_offshore_wind_generation,Wind Offshore | Actual Aggregated,2026-08-17T13:35:39Z
2026-08-17T13:33:42Z,2026-08-17T15:33:42+0200,5bbffdc7-c3ab-4a18-a8bf-cc7d933ae677,2026-08-15T02:15:00Z,2026-08-15T04:15:00+0200,431.25,MW,FR,FR,actual_offshore_wind_generation,Wind Offshore | Actual Aggregated,2026-08-17T13:35:39Z
2026-08-17T13:33:42Z,2026-08-17T15:33:42+0200,5bbffdc7-c3ab-4a18-a8bf-cc7d933ae677,2026-08-15T02:30:00Z,2026-08-15T04:30:00+0200,400.45,MW,FR,FR,actual_offshore_wind_generation,Wind Offshore | Actual Aggregated,2026-08-17T13:35:39Z
2026-08-17T13:33:42Z,2026-08-17T15:33:42+0200,5bbffdc7-c3ab-4a18-a8bf-cc7d933ae677,2026-08-15T02:45:00Z,2026-08-15T04:45:00+0200,377.05,MW,FR,FR,actual_offshore_wind_generation,Wind Offshore | Actual Aggregated,2026-08-17T13:35:39Z
2026-08-17T13:33:42Z,2026-08-17T15:33:42+0200,5bbffdc7-c3ab-4a18-a8bf-cc7d933ae677,2026-08-15T03:00:00Z,2026-08-15T05:00:00+0200,371.71,MW,FR,FR,actual_offshore_wind_generation,Wind Offshore | Actual Aggregated,2026-08-17T13:35:39Z
2026-08-17T13:33:42Z,2026-08-17T15:33:42+0200,5bbffdc7-c3ab-4a18-a8bf-cc7d933ae677,2026-08-15T03:15:00Z,2026-08-15T05:15:00+0200,333.65,MW,FR,FR,actual_offshore_wind_generation,Wind Offshore | Actual Aggregated,2026-08-17T13:35:39Z
2026-08-17T13:33:42Z,2026-08-17T15:33:42+0200,5bbffdc7-c3ab-4a18-a8bf-cc7d933ae677,2026-08-15T03:30:00Z,2026-08-15T05:30:00+0200,286.99,MW,FR,FR,actual_offshore_wind_generation,Wind Offshore | Actual Aggregated,2026-08-17T13:35:39Z
2026-08-17T13:33:42Z,2026-08-17T15:33:42+0200,5bbffdc7-c3ab-4a18-a8bf-cc7d933ae677,2026-08-15T03:45:00Z,2026-08-15T05:45:00+0200,264.96,MW,FR,FR,actual_offshore_wind_generation,Wind Offshore | Actual Aggregated,2026-08-17T13:35:39Z
2026-08-17T13:33:42Z,2026-08-17T15:33:42+0200,5bbffdc7-c3ab-4a18-a8bf-cc7d933ae677,2026-08-15T04:00:00Z,2026-08-15T06:00:00+0200,286.13,MW,FR,FR,actual_offshore_wind_generation,Wind Offshore | Actual Aggregated,2026-08-17T13:35:39Z
2026-08-17T13:33:42Z,2026-08-17T15:33:42+0200,5bbffdc7-c3ab-4a18-a8bf-cc7d933ae677,2026-08-15T04:15:00Z,2026-08-15T06:15:00+0200,323.96,MW,FR,FR,actual_offshore_wind_generation,Wind Offshore | Actual Aggregated,2026-08-17T13:35:39Z
2026-08-17T13:33:42Z,2026-08-17T15:33:42+0200,5bbffdc7-c3ab-4a18-a8bf-cc7d933ae677,2026-08-15T04:30:00Z,2026-08-15T06:30:00+0200,379.5,MW,FR,FR,actual_offshore_wind_generation,Wind Offshore | Actual Aggregated,2026-08-17T13:35:39Z
2026-08-17T13:33:42Z,2026-08-17T15:33:42+0200,5bbffdc7-c3ab-4a18-a8bf-cc7d933ae677,2026-08-15T04:45:00Z,2026-08-15T06:45:00+0200,393.62,MW,FR,FR,actual_offshore_wind_generation,Wind Offshore | Actual Aggregated,2026-08-17T13:35:39Z
2026-08-17T13:33:42Z,2026-08-17T15:33:42+0200,5bbffdc7-c3ab-4a18-a8bf-cc7d933ae677,2026-08-15T05:00:00Z,2026-08-15T07:00:00+0200,364.48,MW,FR,FR,actual_offshore_wind_generation,Wind Offshore | Actual Aggregated,2026-08-17T13:35:39Z
2026-08-17T13:33:42Z,2026-08-17T15:33:42+0200,5bbffdc7-c3ab-4a18-a8bf-cc7d933ae677,2026-08-15T05:15:00Z,2026-08-15T07:15:00+0200,326.45,MW,FR,FR,actual_offshore_wind_generation,Wind Offshore | Actual Aggregated,2026-08-17T13:35:39Z
2026-08-17T13:33:42Z,2026-08-17T15:33:42+0200,5bbffdc7-c3ab-4a18-a8bf-cc7d933ae677,2026-08-15T05:30:00Z,2026-08-15T07:30:00+0200,248.93,MW,FR,FR,actual_offshore_wind_generation,Wind Offshore | Actual Aggregated,2026-08-17T13:35:39Z
2026-08-17T13:33:42Z,2026-08-17T15:33:42+0200,5bbffdc7-c3ab-4a18-a8bf-cc7d933ae677,2026-08-15T05:45:00Z,2026-08-15T07:45:00+0200,213.9,MW,FR,FR,actual_offshore_wind_generation,Wind Offshore | Actual Aggregated,2026-08-17T13:35:39Z
2026-08-17T13:33:42Z,2026-08-17T15:33:42+0200,5bbffdc7-c3ab-4a18-a8bf-cc7d933ae677,2026-08-15T06:00:00Z,2026-08-15T08:00:00+0200,179.65,MW,FR,FR,actual_offshore_wind_generation,Wind Offshore | Actual Aggregated,2026-08-17T13:35:39Z
2026-08-17T13:33:42Z,2026-08-17T15:33:42+0200,5bbffdc7-c3ab-4a18-a8bf-cc7d933ae677,2026-08-15T06:15:00Z,2026-08-15T08:15:00+0200,185.84,MW,FR,FR,actual_offshore_wind_generation,Wind Offshore | Actual Aggregated,2026-08-17T13:35:39Z
2026-08-17T13:33:42Z,2026-08-17T15:33:42+0200,5bbffdc7-c3ab-4a18-a8bf-cc7d933ae677,2026-08-15T06:30:00Z,2026-08-15T08:30:00+0200,195.32,MW,FR,FR,actual_offshore_wind_generation,Wind Offshore | Actual Aggregated,2026-08-17T13:35:39Z
2026-08-17T13:33:42Z,2026-08-17T15:33:42+0200,5bbffdc7-c3ab-4a18-a8bf-cc7d933ae677,2026-08-15T06:45:00Z,2026-08-15T08:45:00+0200,177.87,MW,FR,FR,actual_offshore_wind_generation,Wind Offshore | Actual Aggregated,2026-08-17T13:35:39Z
2026-08-17T13:33:42Z,2026-08-17T15:33:42+0200,5bbffdc7-c3ab-4a18-a8bf-cc7d933ae677,2026-08-15T07:00:00Z,2026-08-15T09:00:00+0200,175.19,MW,FR,FR,actual_offshore_wind_generation,Wind Offshore | Actual Aggregated,2026-08-17T13:35:39Z
2026-08-17T13:33:42Z,2026-08-17T15:33:42+0200,5bbffdc7-c3ab-4a18-a8bf-cc7d933ae677,2026-08-15T07:15:00Z,2026-08-15T09:15:00+0200,193.27,MW,FR,FR,actual_offshore_wind_generation,Wind Offshore | Actual Aggregated,2026-08-17T13:35:39Z
2026-08-17T13:33:42Z,2026-08-17T15:33:42+0200,5bbffdc7-c3ab-4a18-a8bf-cc7d933ae677,2026-08-15T07:30:00Z,2026-08-15T09:30:00+0200,181.62,MW,FR,FR,actual_offshore_wind_generation,Wind Offshore | Actual Aggregated,2026-08-17T13:35:39Z
2026-08-17T13:33:42Z,2026-08-17T15:33:42+0200,5bbffdc7-c3ab-4a18-a8bf-cc7d933ae677,2026-08-15T07:45:00Z,2026-08-15T09:45:00+0200,171.02,MW,FR,FR,actual_offshore_wind_generation,Wind Offshore | Actual Aggregated,2026-08-17T13:35:39Z
2026-08-17T13:33:42Z,2026-08-17T15:33:42+0200,5bbffdc7-c3ab-4a18-a8bf-cc7d933ae677,2026-08-15T08:00:00Z,2026-08-15T10:00:00+0200,177.43,MW,FR,FR,actual_offshore_wind_generation,Wind Offshore | Actual Aggregated,2026-08-17T13:35:39Z
2026-08-17T13:33:42Z,2026-08-17T15:33:42+0200,5bbffdc7-c3ab-4a18-a8bf-cc7d933ae677,2026-08-15T08:15:00Z,2026-08-15T10:15:00+0200,206.58,MW,FR,FR,actual_offshore_wind_generation,Wind Offshore | Actual Aggregated,2026-08-17T13:35:39Z
2026-08-17T13:33:42Z,2026-08-17T15:33:42+0200,5bbffdc7-c3ab-4a18-a8bf-cc7d933ae677,2026-08-15T08:30:00Z,2026-08-15T10:30:00+0200,255.78,MW,FR,FR,actual_offshore_wind_generation,Wind Offshore | Actual Aggregated,2026-08-17T13:35:39Z
2026-08-17T13:33:42Z,2026-08-17T15:33:42+0200,5bbffdc7-c3ab-4a18-a8bf-cc7d933ae677,2026-08-15T08:45:00Z,2026-08-15T10:45:00+0200,267.23,MW,FR,FR,actual_offshore_wind_generation,Wind Offshore | Actual Aggregated,2026-08-17T13:35:39Z
2026-08-17T13:33:42Z,2026-08-17T15:33:42+0200,5bbffdc7-c3ab-4a18-a8bf-cc7d933ae677,2026-08-15T09:00:00Z,2026-08-15T11:00:00+0200,325.82,MW,FR,FR,actual_offshore_wind_generation,Wind Offshore | Actual Aggregated,2026-08-17T13:35:39Z
2026-08-17T13:33:42Z,2026-08-17T15:33:42+0200,5bbffdc7-c3ab-4a18-a8bf-cc7d933ae677,2026-08-15T09:15:00Z,2026-08-15T11:15:00+0200,314.86,MW,FR,FR,actual_offshore_wind_generation,Wind Offshore | Actual Aggregated,2026-08-17T13:35:39Z
2026-08-17T13:33:42Z,2026-08-17T15:33:42+0200,5bbffdc7-c3ab-4a18-a8bf-cc7d933ae677,2026-08-15T09:30:00Z,2026-08-15T11:30:00+0200,305.62,MW,FR,FR,actual_offshore_wind_generation,Wind Offshore | Actual Aggregated,2026-08-17T13:35:39Z
2026-08-17T13:33:42Z,2026-08-17T15:33:42+0200,5bbffdc7-c3ab-4a18-a8bf-cc7d933ae677,2026-08-15T09:45:00Z,2026-08-15T11:45:00+0200,310.88,MW,FR,FR,actual_offshore_wind_generation,Wind Offshore | Actual Aggregated,2026-08-17T13:35:39Z
2026-08-17T13:33:42Z,2026-08-17T15:33:42+0200,5bbffdc7-c3ab-4a18-a8bf-cc7d933ae677,2026-08-15T10:00:00Z,2026-08-15T12:00:00+0200,282.02,MW,FR,FR,actual_offshore_wind_generation,Wind Offshore | Actual Aggregated,2026-08-17T13:35:39Z
2026-08-17T13:33:42Z,2026-08-17T15:33:42+0200,5bbffdc7-c3ab-4a18-a8bf-cc7d933ae677,2026-08-15T10:15:00Z,2026-08-15T12:15:00+0200,265.13,MW,FR,FR,actual_offshore_wind_generation,Wind Offshore | Actual Aggregated,2026-08-17T13:35:39Z
2026-08-17T13:33:42Z,2026-08-17T15:33:42+0200,5bbffdc7-c3ab-4a18-a8bf-cc7d933ae677,2026-08-15T10:30:00Z,2026-08-15T12:30:00+0200,239.27,MW,FR,FR,actual_offshore_wind_generation,Wind Offshore | Actual Aggregated,2026-08-17T13:35:39Z
2026-08-17T13:33:42Z,2026-08-17T15:33:42+0200,5bbffdc7-c3ab-4a18-a8bf-cc7d933ae677,2026-08-15T10:45:00Z,2026-08-15T12:45:00+0200,205.48,MW,FR,FR,actual_offshore_wind_generation,Wind Offshore | Actual Aggregated,2026-08-17T13:35:39Z
2026-08-17T13:33:42Z,2026-08-17T15:33:42+0200,5bbffdc7-c3ab-4a18-a8bf-cc7d933ae677,2026-08-15T11:00:00Z,2026-08-15T13:00:00+0200,172.56,MW,FR,FR,actual_offshore_wind_generation,Wind Offshore | Actual Aggregated,2026-08-17T13:35:39Z
2026-08-17T13:33:42Z,2026-08-17T15:33:42+0200,5bbffdc7-c3ab-4a18-a8bf-cc7d933ae677,2026-08-15T11:15:00Z,2026-08-15T13:15:00+0200,136.12,MW,FR,FR,actual_offshore_wind_generation,Wind Offshore | Actual Aggregated,2026-08-17T13:35:39Z
2026-08-17T13:33:42Z,2026-08-17T15:33:42+0200,5bbffdc7-c3ab-4a18-a8bf-cc7d933ae677,2026-08-15T11:30:00Z,2026-08-15T13:30:00+0200,92.43,MW,FR,FR,actual_offshore_wind_generation,Wind Offshore | Actual Aggregated,2026-08-17T13:35:39Z
2026-08-17T13:33:42Z,2026-08-17T15:33:42+0200,5bbffdc7-c3ab-4a18-a8bf-cc7d933ae677,2026-08-15T11:45:00Z,2026-08-15T13:45:00+0200,86.81,MW,FR,FR,actual_offshore_wind_generation,Wind Offshore | Actual Aggregated,2026-08-17T13:35:39Z
2026-08-17T13:33:42Z,2026-08-17T15:33:42+0200,5bbffdc7-c3ab-4a18-a8bf-cc7d933ae677,2026-08-15T12:00:00Z,2026-08-15T14:00:00+0200,85.09,MW,FR,FR,actual_offshore_wind_generation,Wind Offshore | Actual Aggregated,2026-08-17T13:35:39Z
2026-08-17T13:33:42Z,2026-08-17T15:33:42+0200,5bbffdc7-c3ab-4a18-a8bf-cc7d933ae677,2026-08-15T12:15:00Z,2026-08-15T14:15:00+0200,83.17,MW,FR,FR,actual_offshore_wind_generation,Wind Offshore | Actual Aggregated,2026-08-17T13:35:39Z
2026-08-17T13:33:42Z,2026-08-17T15:33:42+0200,5bbffdc7-c3ab-4a18-a8bf-cc7d933ae677,2026-08-15T12:30:00Z,2026-08-15T14:30:00+0200,102.27,MW,FR,FR,actual_offshore_wind_generation,Wind Offshore | Actual Aggregated,2026-08-17T13:35:39Z
2026-08-17T13:33:42Z,2026-08-17T15:33:42+0200,5bbffdc7-c3ab-4a18-a8bf-cc7d933ae677,2026-08-15T12:45:00Z,2026-08-15T14:45:00+0200,106.16,MW,FR,FR,actual_offshore_wind_generation,Wind Offshore | Actual Aggregated,2026-08-17T13:35:39Z
2026-08-17T13:33:42Z,2026-08-17T15:33:42+0200,5bbffdc7-c3ab-4a18-a8bf-cc7d933ae677,2026-08-15T13:00:00Z,2026-08-15T15:00:00+0200,115.67,MW,FR,FR,actual_offshore_wind_generation,Wind Offshore | Actual Aggregated,2026-08-17T13:35:39Z
2026-08-17T13:33:42Z,2026-08-17T15:33:42+0200,5bbffdc7-c3ab-4a18-a8bf-cc7d933ae677,2026-08-15T13:15:00Z,2026-08-15T15:15:00+0200,106.55,MW,FR,FR,actual_offshore_wind_generation,Wind Offshore | Actual Aggregated,2026-08-17T13:35:39Z
2026-08-17T13:33:42Z,2026-08-17T15:33:42+0200,5bbffdc7-c3ab-4a18-a8bf-cc7d933ae677,2026-08-15T13:30:00Z,2026-08-15T15:30:00+0200,98.67,MW,FR,FR,actual_offshore_wind_generation,Wind Offshore | Actual Aggregated,2026-08-17T13:35:39Z
2026-08-17T13:33:42Z,2026-08-17T15:33:42+0200,5bbffdc7-c3ab-4a18-a8bf-cc7d933ae677,2026-08-15T13:45:00Z,2026-08-15T15:45:00+0200,102.63,MW,FR,FR,actual_offshore_wind_generation,Wind Offshore | Actual Aggregated,2026-08-17T13:35:39Z
2026-08-17T13:33:42Z,2026-08-17T15:33:42+0200,5bbffdc7-c3ab-4a18-a8bf-cc7d933ae677,2026-08-15T14:00:00Z,2026-08-15T16:00:00+0200,110.99,MW,FR,FR,actual_offshore_wind_generation,Wind Offshore | Actual Aggregated,2026-08-17T13:35:39Z
2026-08-17T13:33:42Z,2026-08-17T15:33:42+0200,5bbffdc7-c3ab-4a18-a8bf-cc7d933ae677,2026-08-15T14:15:00Z,2026-08-15T16:15:00+0200,138.24,MW,FR,FR,actual_offshore_wind_generation,Wind Offshore | Actual Aggregated,2026-08-17T13:35:39Z
2026-08-17T13:33:42Z,2026-08-17T15:33:42+0200,5bbffdc7-c3ab-4a18-a8bf-cc7d933ae677,2026-08-15T14:30:00Z,2026-08-15T16:30:00+0200,188.18,MW,FR,FR,actual_offshore_wind_generation,Wind Offshore | Actual Aggregated,2026-08-17T13:35:39Z
2026-08-17T13:33:42Z,2026-08-17T15:33:42+0200,5bbffdc7-c3ab-4a18-a8bf-cc7d933ae677,2026-08-15T14:45:00Z,2026-08-15T16:45:00+0200,205.7,MW,FR,FR,actual_offshore_wind_generation,Wind Offshore | Actual Aggregated,2026-08-17T13:35:39Z
2026-08-17T13:33:42Z,2026-08-17T15:33:42+0200,5bbffdc7-c3ab-4a18-a8bf-cc7d933ae677,2026-08-15T15:00:00Z,2026-08-15T17:00:00+0200,204.35,MW,FR,FR,actual_offshore_wind_generation,Wind Offshore | Actual Aggregated,2026-08-17T13:35:39Z
2026-08-17T13:33:42Z,2026-08-17T15:33:42+0200,5bbffdc7-c3ab-4a18-a8bf-cc7d933ae677,2026-08-15T15:15:00Z,2026-08-15T17:15:00+0200,165.16,MW,FR,FR,actual_offshore_wind_generation,Wind Offshore | Actual Aggregated,2026-08-17T13:35:39Z
2026-08-17T13:33:42Z,2026-08-17T15:33:42+0200,5bbffdc7-c3ab-4a18-a8bf-cc7d933ae677,2026-08-15T15:30:00Z,2026-08-15T17:30:00+0200,183.23,MW,FR,FR,actual_offshore_wind_generation,Wind Offshore | Actual Aggregated,2026-08-17T13:35:39Z
2026-08-17T13:33:42Z,2026-08-17T15:33:42+0200,5bbffdc7-c3ab-4a18-a8bf-cc7d933ae677,2026-08-15T15:45:00Z,2026-08-15T17:45:00+0200,198.14,MW,FR,FR,actual_offshore_wind_generation,Wind Offshore | Actual Aggregated,2026-08-17T13:35:39Z
2026-08-17T13:33:42Z,2026-08-17T15:33:42+0200,5bbffdc7-c3ab-4a18-a8bf-cc7d933ae677,2026-08-15T16:00:00Z,2026-08-15T18:00:00+0200,278.41,MW,FR,FR,actual_offshore_wind_generation,Wind Offshore | Actual Aggregated,2026-08-17T13:35:39Z
2026-08-17T13:33:42Z,2026-08-17T15:33:42+0200,5bbffdc7-c3ab-4a18-a8bf-cc7d933ae677,2026-08-15T16:15:00Z,2026-08-15T18:15:00+0200,373.91,MW,FR,FR,actual_offshore_wind_generation,Wind Offshore | Actual Aggregated,2026-08-17T13:35:39Z
2026-08-17T13:33:42Z,2026-08-17T15:33:42+0200,5bbffdc7-c3ab-4a18-a8bf-cc7d933ae677,2026-08-15T16:30:00Z,2026-08-15T18:30:00+0200,435.38,MW,FR,FR,actual_offshore_wind_generation,Wind Offshore | Actual Aggregated,2026-08-17T13:35:39Z
2026-08-17T13:33:42Z,2026-08-17T15:33:42+0200,5bbffdc7-c3ab-4a18-a8bf-cc7d933ae677,2026-08-15T16:45:00Z,2026-08-15T18:45:00+0200,482.56,MW,FR,FR,actual_offshore_wind_generation,Wind Offshore | Actual Aggregated,2026-08-17T13:35:39Z
2026-08-17T13:33:42Z,2026-08-17T15:33:42+0200,5bbffdc7-c3ab-4a18-a8bf-cc7d933ae677,2026-08-15T17:00:00Z,2026-08-15T19:00:00+0200,536.99,MW,FR,FR,actual_offshore_wind_generation,Wind Offshore | Actual Aggregated,2026-08-17T13:35:39Z
2026-08-17T13:33:42Z,2026-08-17T15:33:42+0200,5bbffdc7-c3ab-4a18-a8bf-cc7d933ae677,2026-08-15T17:15:00Z,2026-08-15T19:15:00+0200,543.23,MW,FR,FR,actual_offshore_wind_generation,Wind Offshore | Actual Aggregated,2026-08-17T13:35:39Z
2026-08-17T13:33:42Z,2026-08-17T15:33:42+0200,5bbffdc7-c3ab-4a18-a8bf-cc7d933ae677,2026-08-15T17:30:00Z,2026-08-15T19:30:00+0200,534.61,MW,FR,FR,actual_offshore_wind_generation,Wind Offshore | Actual Aggregated,2026-08-17T13:35:39Z
2026-08-17T13:33:42Z,2026-08-17T15:33:42+0200,5bbffdc7-c3ab-4a18-a8bf-cc7d933ae677,2026-08-15T17:45:00Z,2026-08-15T19:45:00+0200,565.41,MW,FR,FR,actual_offshore_wind_generation,Wind Offshore | Actual Aggregated,2026-08-17T13:35:39Z
2026-08-17T13:33:42Z,2026-08-17T15:33:42+0200,5bbffdc7-c3ab-4a18-a8bf-cc7d933ae677,2026-08-15T18:00:00Z,2026-08-15T20:00:00+0200,568.4,MW,FR,FR,actual_offshore_wind_generation,Wind Offshore | Actual Aggregated,2026-08-17T13:35:39Z
2026-08-17T13:33:42Z,2026-08-17T15:33:42+0200,5bbffdc7-c3ab-4a18-a8bf-cc7d933ae677,2026-08-15T18:15:00Z,2026-08-15T20:15:00+0200,540.72,MW,FR,FR,actual_offshore_wind_generation,Wind Offshore | Actual Aggregated,2026-08-17T13:35:39Z
2026-08-17T13:33:42Z,2026-08-17T15:33:42+0200,5bbffdc7-c3ab-4a18-a8bf-cc7d933ae677,2026-08-15T18:30:00Z,2026-08-15T20:30:00+0200,422.9,MW,FR,FR,actual_offshore_wind_generation,Wind Offshore | Actual Aggregated,2026-08-17T13:35:39Z
2026-08-17T13:33:42Z,2026-08-17T15:33:42+0200,5bbffdc7-c3ab-4a18-a8bf-cc7d933ae677,2026-08-15T18:45:00Z,2026-08-15T20:45:00+0200,359.42,MW,FR,FR,actual_offshore_wind_generation,Wind Offshore | Actual Aggregated,2026-08-17T13:35:39Z
2026-08-17T13:33:42Z,2026-08-17T15:33:42+0200,5bbffdc7-c3ab-4a18-a8bf-cc7d933ae677,2026-08-15T19:00:00Z,2026-08-15T21:00:00+0200,362.97,MW,FR,FR,actual_offshore_wind_generation,Wind Offshore | Actual Aggregated,2026-08-17T13:35:39Z
2026-08-17T13:33:42Z,2026-08-17T15:33:42+0200,5bbffdc7-c3ab-4a18-a8bf-cc7d933ae677,2026-08-15T19:15:00Z,2026-08-15T21:15:00+0200,301.55,MW,FR,FR,actual_offshore_wind_generation,Wind Offshore | Actual Aggregated,2026-08-17T13:35:39Z
2026-08-17T13:33:42Z,2026-08-17T15:33:42+0200,5bbffdc7-c3ab-4a18-a8bf-cc7d933ae677,2026-08-15T19:30:00Z,2026-08-15T21:30:00+0200,261.97,MW,FR,FR,actual_offshore_wind_generation,Wind Offshore | Actual Aggregated,2026-08-17T13:35:39Z
2026-08-17T13:33:42Z,2026-08-17T15:33:42+0200,5bbffdc7-c3ab-4a18-a8bf-cc7d933ae677,2026-08-15T19:45:00Z,2026-08-15T21:45:00+0200,238.01,MW,FR,FR,actual_offshore_wind_generation,Wind Offshore | Actual Aggregated,2026-08-17T13:35:39Z
2026-08-17T13:33:42Z,2026-08-17T15:33:42+0200,5bbffdc7-c3ab-4a18-a8bf-cc7d933ae677,2026-08-15T20:00:00Z,2026-08-15T22:00:00+0200,227.26,MW,FR,FR,actual_offshore_wind_generation,Wind Offshore | Actual Aggregated,2026-08-17T13:35:39Z
2026-08-17T13:33:42Z,2026-08-17T15:33:42+0200,5bbffdc7-c3ab-4a18-a8bf-cc7d933ae677,2026-08-15T20:15:00Z,2026-08-15T22:15:00+0200,262.49,MW,FR,FR,actual_offshore_wind_generation,Wind Offshore | Actual Aggregated,2026-08-17T13:35:39Z
2026-08-17T13:33:42Z,2026-08-17T15:33:42+0200,5bbffdc7-c3ab-4a18-a8bf-cc7d933ae677,2026-08-15T20:30:00Z,2026-08-15T22:30:00+0200,313.11,MW,FR,FR,actual_offshore_wind_generation,Wind Offshore | Actual Aggregated,2026-08-17T13:35:39Z
2026-08-17T13:33:42Z,2026-08-17T15:33:42+0200,5bbffdc7-c3ab-4a18-a8bf-cc7d933ae677,2026-08-15T20:45:00Z,2026-08-15T22:45:00+0200,340.22,MW,FR,FR,actual_offshore_wind_generation,Wind Offshore | Actual Aggregated,2026-08-17T13:35:39Z
2026-08-17T13:33:42Z,2026-08-17T15:33:42+0200,5bbffdc7-c3ab-4a18-a8bf-cc7d933ae677,2026-08-15T21:00:00Z,2026-08-15T23:00:00+0200,362.87,MW,FR,FR,actual_offshore_wind_generation,Wind Offshore | Actual Aggregated,2026-08-17T13:35:39Z
2026-08-17T13:33:42Z,2026-08-17T15:33:42+0200,5bbffdc7-c3ab-4a18-a8bf-cc7d933ae677,2026-08-15T21:15:00Z,2026-08-15T23:15:00+0200,375.74,MW,FR,FR,actual_offshore_wind_generation,Wind Offshore | Actual Aggregated,2026-08-17T13:35:39Z
2026-08-17T13:33:42Z,2026-08-17T15:33:42+0200,5bbffdc7-c3ab-4a18-a8bf-cc7d933ae677,2026-08-15T21:30:00Z,2026-08-15T23:30:00+0200,357.11,MW,FR,FR,actual_offshore_wind_generation,Wind Offshore | Actual Aggregated,2026-08-17T13:35:39Z
2026-08-17T13:33:42Z,2026-08-17T15:33:42+0200,5bbffdc7-c3ab-4a18-a8bf-cc7d933ae677,2026-08-15T21:45:00Z,2026-08-15T23:45:00+0200,321.22,MW,FR,FR,actual_offshore_wind_generation,Wind Offshore | Actual Aggregated,2026-08-17T13:35:39Z
2026-08-17T13:33:42Z,2026-08-17T15:33:42+0200,5bbffdc7-c3ab-4a18-a8bf-cc7d933ae677,2026-08-15T22:00:00Z,2026-08-16T00:00:00+0200,306.4,MW,FR,FR,actual_offshore_wind_generation,Wind Offshore | Actual Aggregated,2026-08-17T13:35:39Z
2026-08-17T13:33:42Z,2026-08-17T15:33:42+0200,5bbffdc7-c3ab-4a18-a8bf-cc7d933ae677,2026-08-15T22:15:00Z,2026-08-16T00:15:00+0200,278.4,MW,FR,FR,actual_offshore_wind_generation,Wind Offshore | Actual Aggregated,2026-08-17T13:35:39Z
2026-08-17T13:33:42Z,2026-08-17T15:33:42+0200,5bbffdc7-c3ab-4a18-a8bf-cc7d933ae677,2026-08-15T22:30:00Z,2026-08-16T00:30:00+0200,293.88,MW,FR,FR,actual_offshore_wind_generation,Wind Offshore | Actual Aggregated,2026-08-17T13:35:39Z
2026-08-17T13:33:42Z,2026-08-17T15:33:42+0200,5bbffdc7-c3ab-4a18-a8bf-cc7d933ae677,2026-08-15T22:45:00Z,2026-08-16T00:45:00+0200,339.53,MW,FR,FR,actual_offshore_wind_generation,Wind Offshore | Actual Aggregated,2026-08-17T13:35:39Z
2026-08-17T13:33:42Z,2026-08-17T15:33:42+0200,5bbffdc7-c3ab-4a18-a8bf-cc7d933ae677,2026-08-15T23:00:00Z,2026-08-16T01:00:00+0200,375.05,MW,FR,FR,actual_offshore_wind_generation,Wind Offshore | Actual Aggregated,2026-08-17T13:35:39Z
2026-08-17T13:33:42Z,2026-08-17T15:33:42+0200,5bbffdc7-c3ab-4a18-a8bf-cc7d933ae677,2026-08-15T23:15:00Z,2026-08-16T01:15:00+0200,394.27,MW,FR,FR,actual_offshore_wind_generation,Wind Offshore | Actual Aggregated,2026-08-17T13:35:39Z
2026-08-17T13:33:42Z,2026-08-17T15:33:42+0200,5bbffdc7-c3ab-4a18-a8bf-cc7d933ae677,2026-08-15T23:30:00Z,2026-08-16T01:30:00+0200,431.83,MW,FR,FR,actual_offshore_wind_generation,Wind Offshore | Actual Aggregated,2026-08-17T13:35:39Z
2026-08-17T13:33:42Z,2026-08-17T15:33:42+0200,5bbffdc7-c3ab-4a18-a8bf-cc7d933ae677,2026-08-15T23:45:00Z,2026-08-16T01:45:00+0200,452.84,MW,FR,FR,actual_offshore_wind_generation,Wind Offshore | Actual Aggregated,2026-08-17T13:35:39Z
2026-08-17T13:33:42Z,2026-08-17T15:33:42+0200,5bbffdc7-c3ab-4a18-a8bf-cc7d933ae677,2026-08-16T00:00:00Z,2026-08-16T02:00:00+0200,425.82,MW,FR,FR,actual_offshore_wind_generation,Wind Offshore | Actual Aggregated,2026-08-17T13:35:39Z
2026-08-17T13:33:42Z,2026-08-17T15:33:42+0200,5bbffdc7-c3ab-4a18-a8bf-cc7d933ae677,2026-08-16T00:15:00Z,2026-08-16T02:15:00+0200,394.76,MW,FR,FR,actual_offshore_wind_generation,Wind Offshore | Actual Aggregated,2026-08-17T13:35:39Z
2026-08-17T13:33:42Z,2026-08-17T15:33:42+0200,5bbffdc7-c3ab-4a18-a8bf-cc7d933ae677,2026-08-16T00:30:00Z,2026-08-16T02:30:00+0200,391.6,MW,FR,FR,actual_offshore_wind_generation,Wind Offshore | Actual Aggregated,2026-08-17T13:35:39Z
2026-08-17T13:33:42Z,2026-08-17T15:33:42+0200,5bbffdc7-c3ab-4a18-a8bf-cc7d933ae677,2026-08-16T00:45:00Z,2026-08-16T02:45:00+0200,395.03,MW,FR,FR,actual_offshore_wind_generation,Wind Offshore | Actual Aggregated,2026-08-17T13:35:39Z
2026-08-17T13:33:42Z,2026-08-17T15:33:42+0200,5bbffdc7-c3ab-4a18-a8bf-cc7d933ae677,2026-08-16T01:00:00Z,2026-08-16T03:00:00+0200,382.15,MW,FR,FR,actual_offshore_wind_generation,Wind Offshore | Actual Aggregated,2026-08-17T13:35:39Z
2026-08-17T13:33:42Z,2026-08-17T15:33:42+0200,5bbffdc7-c3ab-4a18-a8bf-cc7d933ae677,2026-08-16T01:15:00Z,2026-08-16T03:15:00+0200,361.53,MW,FR,FR,actual_offshore_wind_generation,Wind Offshore | Actual Aggregated,2026-08-17T13:35:39Z
2026-08-17T13:33:42Z,2026-08-17T15:33:42+0200,5bbffdc7-c3ab-4a18-a8bf-cc7d933ae677,2026-08-16T01:30:00Z,2026-08-16T03:30:00+0200,329.43,MW,FR,FR,actual_offshore_wind_generation,Wind Offshore | Actual Aggregated,2026-08-17T13:35:39Z
2026-08-17T13:33:42Z,2026-08-17T15:33:42+0200,5bbffdc7-c3ab-4a18-a8bf-cc7d933ae677,2026-08-16T01:45:00Z,2026-08-16T03:45:00+0200,292.49,MW,FR,FR,actual_offshore_wind_generation,Wind Offshore | Actual Aggregated,2026-08-17T13:35:39Z
2026-08-17T13:33:42Z,2026-08-17T15:33:42+0200,5bbffdc7-c3ab-4a18-a8bf-cc7d933ae677,2026-08-16T02:00:00Z,2026-08-16T04:00:00+0200,282.2,MW,FR,FR,actual_offshore_wind_generation,Wind Offshore | Actual Aggregated,2026-08-17T13:35:39Z
2026-08-17T13:33:42Z,2026-08-17T15:33:42+0200,5bbffdc7-c3ab-4a18-a8bf-cc7d933ae677,2026-08-16T02:15:00Z,2026-08-16T04:15:00+0200,286.22,MW,FR,FR,actual_offshore_wind_generation,Wind Offshore | Actual Aggregated,2026-08-17T13:35:39Z
2026-08-17T13:33:42Z,2026-08-17T15:33:42+0200,5bbffdc7-c3ab-4a18-a8bf-cc7d933ae677,2026-08-16T02:30:00Z,2026-08-16T04:30:00+0200,270.97,MW,FR,FR,actual_offshore_wind_generation,Wind Offshore | Actual Aggregated,2026-08-17T13:35:39Z
2026-08-17T13:33:42Z,2026-08-17T15:33:42+0200,5bbffdc7-c3ab-4a18-a8bf-cc7d933ae677,2026-08-16T02:45:00Z,2026-08-16T04:45:00+0200,226.63,MW,FR,FR,actual_offshore_wind_generation,Wind Offshore | Actual Aggregated,2026-08-17T13:35:39Z
2026-08-17T13:33:42Z,2026-08-17T15:33:42+0200,5bbffdc7-c3ab-4a18-a8bf-cc7d933ae677,2026-08-16T03:00:00Z,2026-08-16T05:00:00+0200,201.24,MW,FR,FR,actual_offshore_wind_generation,Wind Offshore | Actual Aggregated,2026-08-17T13:35:39Z
2026-08-17T13:33:42Z,2026-08-17T15:33:42+0200,5bbffdc7-c3ab-4a18-a8bf-cc7d933ae677,2026-08-16T03:15:00Z,2026-08-16T05:15:00+0200,165.85,MW,FR,FR,actual_offshore_wind_generation,Wind Offshore | Actual Aggregated,2026-08-17T13:35:39Z
2026-08-17T13:33:42Z,2026-08-17T15:33:42+0200,5bbffdc7-c3ab-4a18-a8bf-cc7d933ae677,2026-08-16T03:30:00Z,2026-08-16T05:30:00+0200,151.84,MW,FR,FR,actual_offshore_wind_generation,Wind Offshore | Actual Aggregated,2026-08-17T13:35:39Z
2026-08-17T13:33:42Z,2026-08-17T15:33:42+0200,5bbffdc7-c3ab-4a18-a8bf-cc7d933ae677,2026-08-16T03:45:00Z,2026-08-16T05:45:00+0200,162.74,MW,FR,FR,actual_offshore_wind_generation,Wind Offshore | Actual Aggregated,2026-08-17T13:35:39Z
2026-08-17T13:33:42Z,2026-08-17T15:33:42+0200,5bbffdc7-c3ab-4a18-a8bf-cc7d933ae677,2026-08-16T04:00:00Z,2026-08-16T06:00:00+0200,157.35,MW,FR,FR,actual_offshore_wind_generation,Wind Offshore | Actual Aggregated,2026-08-17T13:35:39Z
2026-08-17T13:33:42Z,2026-08-17T15:33:42+0200,5bbffdc7-c3ab-4a18-a8bf-cc7d933ae677,2026-08-16T04:15:00Z,2026-08-16T06:15:00+0200,158.03,MW,FR,FR,actual_offshore_wind_generation,Wind Offshore | Actual Aggregated,2026-08-17T13:35:39Z
2026-08-17T13:33:42Z,2026-08-17T15:33:42+0200,5bbffdc7-c3ab-4a18-a8bf-cc7d933ae677,2026-08-16T04:30:00Z,2026-08-16T06:30:00+0200,145.58,MW,FR,FR,actual_offshore_wind_generation,Wind Offshore | Actual Aggregated,2026-08-17T13:35:39Z
2026-08-17T13:33:42Z,2026-08-17T15:33:42+0200,5bbffdc7-c3ab-4a18-a8bf-cc7d933ae677,2026-08-16T04:45:00Z,2026-08-16T06:45:00+0200,126.16,MW,FR,FR,actual_offshore_wind_generation,Wind Offshore | Actual Aggregated,2026-08-17T13:35:39Z
2026-08-17T13:33:42Z,2026-08-17T15:33:42+0200,5bbffdc7-c3ab-4a18-a8bf-cc7d933ae677,2026-08-16T05:00:00Z,2026-08-16T07:00:00+0200,116.33,MW,FR,FR,actual_offshore_wind_generation,Wind Offshore | Actual Aggregated,2026-08-17T13:35:39Z
2026-08-17T13:33:42Z,2026-08-17T15:33:42+0200,5bbffdc7-c3ab-4a18-a8bf-cc7d933ae677,2026-08-16T05:15:00Z,2026-08-16T07:15:00+0200,106.06,MW,FR,FR,actual_offshore_wind_generation,Wind Offshore | Actual Aggregated,2026-08-17T13:35:39Z
2026-08-17T13:33:42Z,2026-08-17T15:33:42+0200,5bbffdc7-c3ab-4a18-a8bf-cc7d933ae677,2026-08-16T05:30:00Z,2026-08-16T07:30:00+0200,95.26,MW,FR,FR,actual_offshore_wind_generation,Wind Offshore | Actual Aggregated,2026-08-17T13:35:39Z
2026-08-17T13:33:42Z,2026-08-17T15:33:42+0200,5bbffdc7-c3ab-4a18-a8bf-cc7d933ae677,2026-08-16T05:45:00Z,2026-08-16T07:45:00+0200,105.0,MW,FR,FR,actual_offshore_wind_generation,Wind Offshore | Actual Aggregated,2026-08-17T13:35:39Z
2026-08-17T13:33:42Z,2026-08-17T15:33:42+0200,5bbffdc7-c3ab-4a18-a8bf-cc7d933ae677,2026-08-16T06:00:00Z,2026-08-16T08:00:00+0200,109.39,MW,FR,FR,actual_offshore_wind_generation,Wind Offshore | Actual Aggregated,2026-08-17T13:35:39Z
2026-08-17T13:33:42Z,2026-08-17T15:33:42+0200,5bbffdc7-c3ab-4a18-a8bf-cc7d933ae677,2026-08-16T06:15:00Z,2026-08-16T08:15:00+0200,97.51,MW,FR,FR,actual_offshore_wind_generation,Wind Offshore | Actual Aggregated,2026-08-17T13:35:39Z
2026-08-17T13:33:42Z,2026-08-17T15:33:42+0200,5bbffdc7-c3ab-4a18-a8bf-cc7d933ae677,2026-08-16T06:30:00Z,2026-08-16T08:30:00+0200,71.74,MW,FR,FR,actual_offshore_wind_generation,Wind Offshore | Actual Aggregated,2026-08-17T13:35:39Z
2026-08-17T13:33:42Z,2026-08-17T15:33:42+0200,5bbffdc7-c3ab-4a18-a8bf-cc7d933ae677,2026-08-16T06:45:00Z,2026-08-16T08:45:00+0200,64.35,MW,FR,FR,actual_offshore_wind_generation,Wind Offshore | Actual Aggregated,2026-08-17T13:35:39Z
2026-08-17T13:33:42Z,2026-08-17T15:33:42+0200,5bbffdc7-c3ab-4a18-a8bf-cc7d933ae677,2026-08-16T07:00:00Z,2026-08-16T09:00:00+0200,40.97,MW,FR,FR,actual_offshore_wind_generation,Wind Offshore | Actual Aggregated,2026-08-17T13:35:39Z
2026-08-17T13:33:42Z,2026-08-17T15:33:42+0200,5bbffdc7-c3ab-4a18-a8bf-cc7d933ae677,2026-08-16T07:15:00Z,2026-08-16T09:15:00+0200,31.25,MW,FR,FR,actual_offshore_wind_generation,Wind Offshore | Actual Aggregated,2026-08-17T13:35:39Z
2026-08-17T13:33:42Z,2026-08-17T15:33:42+0200,5bbffdc7-c3ab-4a18-a8bf-cc7d933ae677,2026-08-16T07:30:00Z,2026-08-16T09:30:00+0200,26.48,MW,FR,FR,actual_offshore_wind_generation,Wind Offshore | Actual Aggregated,2026-08-17T13:35:39Z
2026-08-17T13:33:42Z,2026-08-17T15:33:42+0200,5bbffdc7-c3ab-4a18-a8bf-cc7d933ae677,2026-08-16T07:45:00Z,2026-08-16T09:45:00+0200,17.09,MW,FR,FR,actual_offshore_wind_generation,Wind Offshore | Actual Aggregated,2026-08-17T13:35:39Z
2026-08-17T13:33:42Z,2026-08-17T15:33:42+0200,5bbffdc7-c3ab-4a18-a8bf-cc7d933ae677,2026-08-16T08:00:00Z,2026-08-16T10:00:00+0200,14.95,MW,FR,FR,actual_offshore_wind_generation,Wind Offshore | Actual Aggregated,2026-08-17T13:35:39Z
2026-08-17T13:33:42Z,2026-08-17T15:33:42+0200,5bbffdc7-c3ab-4a18-a8bf-cc7d933ae677,2026-08-16T08:15:00Z,2026-08-16T10:15:00+0200,9.29,MW,FR,FR,actual_offshore_wind_generation,Wind Offshore | Actual Aggregated,2026-08-17T13:35:39Z
2026-08-17T13:33:42Z,2026-08-17T15:33:42+0200,5bbffdc7-c3ab-4a18-a8bf-cc7d933ae677,2026-08-16T08:30:00Z,2026-08-16T10:30:00+0200,13.75,MW,FR,FR,actual_offshore_wind_generation,Wind Offshore | Actual Aggregated,2026-08-17T13:35:39Z
2026-08-17T13:33:42Z,2026-08-17T15:33:42+0200,5bbffdc7-c3ab-4a18-a8bf-cc7d933ae677,2026-08-16T08:45:00Z,2026-08-16T10:45:00+0200,18.79,MW,FR,FR,actual_offshore_wind_generation,Wind Offshore | Actual Aggregated,2026-08-17T13:35:39Z
2026-08-17T13:33:42Z,2026-08-17T15:33:42+0200,5bbffdc7-c3ab-4a18-a8bf-cc7d933ae677,2026-08-16T09:00:00Z,2026-08-16T11:00:00+0200,27.46,MW,FR,FR,actual_offshore_wind_generation,Wind Offshore | Actual Aggregated,2026-08-17T13:35:39Z
2026-08-17T13:33:42Z,2026-08-17T15:33:42+0200,5bbffdc7-c3ab-4a18-a8bf-cc7d933ae677,2026-08-16T09:15:00Z,2026-08-16T11:15:00+0200,34.78,MW,FR,FR,actual_offshore_wind_generation,Wind Offshore | Actual Aggregated,2026-08-17T13:35:39Z
2026-08-17T13:33:42Z,2026-08-17T15:33:42+0200,5bbffdc7-c3ab-4a18-a8bf-cc7d933ae677,2026-08-16T09:30:00Z,2026-08-16T11:30:00+0200,42.05,MW,FR,FR,actual_offshore_wind_generation,Wind Offshore | Actual Aggregated,2026-08-17T13:35:39Z
2026-08-17T13:33:42Z,2026-08-17T15:33:42+0200,5bbffdc7-c3ab-4a18-a8bf-cc7d933ae677,2026-08-16T09:45:00Z,2026-08-16T11:45:00+0200,44.44,MW,FR,FR,actual_offshore_wind_generation,Wind Offshore | Actual Aggregated,2026-08-17T13:35:39Z
2026-08-17T13:33:42Z,2026-08-17T15:33:42+0200,5bbffdc7-c3ab-4a18-a8bf-cc7d933ae677,2026-08-16T10:00:00Z,2026-08-16T12:00:00+0200,47.02,MW,FR,FR,actual_offshore_wind_generation,Wind Offshore | Actual Aggregated,2026-08-17T13:35:39Z
2026-08-17T13:33:42Z,2026-08-17T15:33:42+0200,5bbffdc7-c3ab-4a18-a8bf-cc7d933ae677,2026-08-16T10:15:00Z,2026-08-16T12:15:00+0200,38.54,MW,FR,FR,actual_offshore_wind_generation,Wind Offshore | Actual Aggregated,2026-08-17T13:35:39Z
2026-08-17T13:33:42Z,2026-08-17T15:33:42+0200,5bbffdc7-c3ab-4a18-a8bf-cc7d933ae677,2026-08-16T10:30:00Z,2026-08-16T12:30:00+0200,29.67,MW,FR,FR,actual_offshore_wind_generation,Wind Offshore | Actual Aggregated,2026-08-17T13:35:39Z
2026-08-17T13:33:42Z,2026-08-17T15:33:42+0200,5bbffdc7-c3ab-4a18-a8bf-cc7d933ae677,2026-08-16T10:45:00Z,2026-08-16T12:45:00+0200,21.11,MW,FR,FR,actual_offshore_wind_generation,Wind Offshore | Actual Aggregated,2026-08-17T13:35:39Z
2026-08-17T13:33:42Z,2026-08-17T15:33:42+0200,5bbffdc7-c3ab-4a18-a8bf-cc7d933ae677,2026-08-16T11:00:00Z,2026-08-16T13:00:00+0200,14.72,MW,FR,FR,actual_offshore_wind_generation,Wind Offshore | Actual Aggregated,2026-08-17T13:35:39Z
2026-08-17T13:33:42Z,2026-08-17T15:33:42+0200,5bbffdc7-c3ab-4a18-a8bf-cc7d933ae677,2026-08-16T11:15:00Z,2026-08-16T13:15:00+0200,15.49,MW,FR,FR,actual_offshore_wind_generation,Wind Offshore | Actual Aggregated,2026-08-17T13:35:39Z
2026-08-17T13:33:42Z,2026-08-17T15:33:42+0200,5bbffdc7-c3ab-4a18-a8bf-cc7d933ae677,2026-08-16T11:30:00Z,2026-08-16T13:30:00+0200,16.35,MW,FR,FR,actual_offshore_wind_generation,Wind Offshore | Actual Aggregated,2026-08-17T13:35:39Z
2026-08-17T13:33:42Z,2026-08-17T15:33:42+0200,5bbffdc7-c3ab-4a18-a8bf-cc7d933ae677,2026-08-16T11:45:00Z,2026-08-16T13:45:00+0200,23.39,MW,FR,FR,actual_offshore_wind_generation,Wind Offshore | Actual Aggregated,2026-08-17T13:35:39Z
2026-08-17T13:33:42Z,2026-08-17T15:33:42+0200,5bbffdc7-c3ab-4a18-a8bf-cc7d933ae677,2026-08-16T12:00:00Z,2026-08-16T14:00:00+0200,32.41,MW,FR,FR,actual_offshore_wind_generation,Wind Offshore | Actual Aggregated,2026-08-17T13:35:39Z
2026-08-17T13:33:42Z,2026-08-17T15:33:42+0200,5bbffdc7-c3ab-4a18-a8bf-cc7d933ae677,2026-08-16T12:15:00Z,2026-08-16T14:15:00+0200,23.85,MW,FR,FR,actual_offshore_wind_generation,Wind Offshore | Actual Aggregated,2026-08-17T13:35:39Z
2026-08-17T13:33:42Z,2026-08-17T15:33:42+0200,5bbffdc7-c3ab-4a18-a8bf-cc7d933ae677,2026-08-16T12:30:00Z,2026-08-16T14:30:00+0200,22.7,MW,FR,FR,actual_offshore_wind_generation,Wind Offshore | Actual Aggregated,2026-08-17T13:35:39Z
2026-08-17T13:33:42Z,2026-08-17T15:33:42+0200,5bbffdc7-c3ab-4a18-a8bf-cc7d933ae677,2026-08-16T12:45:00Z,2026-08-16T14:45:00+0200,43.6,MW,FR,FR,actual_offshore_wind_generation,Wind Offshore | Actual Aggregated,2026-08-17T13:35:39Z
2026-08-17T13:33:42Z,2026-08-17T15:33:42+0200,5bbffdc7-c3ab-4a18-a8bf-cc7d933ae677,2026-08-16T13:00:00Z,2026-08-16T15:00:00+0200,71.41,MW,FR,FR,actual_offshore_wind_generation,Wind Offshore | Actual Aggregated,2026-08-17T13:35:39Z
2026-08-17T13:33:42Z,2026-08-17T15:33:42+0200,5bbffdc7-c3ab-4a18-a8bf-cc7d933ae677,2026-08-16T13:15:00Z,2026-08-16T15:15:00+0200,94.8,MW,FR,FR,actual_offshore_wind_generation,Wind Offshore | Actual Aggregated,2026-08-17T13:35:39Z
2026-08-17T13:33:42Z,2026-08-17T15:33:42+0200,5bbffdc7-c3ab-4a18-a8bf-cc7d933ae677,2026-08-16T13:30:00Z,2026-08-16T15:30:00+0200,108.45,MW,FR,FR,actual_offshore_wind_generation,Wind Offshore | Actual Aggregated,2026-08-17T13:35:39Z
2026-08-17T13:33:42Z,2026-08-17T15:33:42+0200,5bbffdc7-c3ab-4a18-a8bf-cc7d933ae677,2026-08-16T13:45:00Z,2026-08-16T15:45:00+0200,126.7,MW,FR,FR,actual_offshore_wind_generation,Wind Offshore | Actual Aggregated,2026-08-17T13:35:39Z
2026-08-17T13:33:42Z,2026-08-17T15:33:42+0200,5bbffdc7-c3ab-4a18-a8bf-cc7d933ae677,2026-08-16T14:00:00Z,2026-08-16T16:00:00+0200,157.65,MW,FR,FR,actual_offshore_wind_generation,Wind Offshore | Actual Aggregated,2026-08-17T13:35:39Z
2026-08-17T13:33:42Z,2026-08-17T15:33:42+0200,5bbffdc7-c3ab-4a18-a8bf-cc7d933ae677,2026-08-16T14:15:00Z,2026-08-16T16:15:00+0200,207.59,MW,FR,FR,actual_offshore_wind_generation,Wind Offshore | Actual Aggregated,2026-08-17T13:35:39Z
2026-08-17T13:33:42Z,2026-08-17T15:33:42+0200,5bbffdc7-c3ab-4a18-a8bf-cc7d933ae677,2026-08-16T14:30:00Z,2026-08-16T16:30:00+0200,242.92,MW,FR,FR,actual_offshore_wind_generation,Wind Offshore | Actual Aggregated,2026-08-17T13:35:39Z
2026-08-17T13:33:42Z,2026-08-17T15:33:42+0200,5bbffdc7-c3ab-4a18-a8bf-cc7d933ae677,2026-08-16T14:45:00Z,2026-08-16T16:45:00+0200,251.66,MW,FR,FR,actual_offshore_wind_generation,Wind Offshore | Actual Aggregated,2026-08-17T13:35:39Z
2026-08-17T13:33:42Z,2026-08-17T15:33:42+0200,5bbffdc7-c3ab-4a18-a8bf-cc7d933ae677,2026-08-16T15:00:00Z,2026-08-16T17:00:00+0200,221.55,MW,FR,FR,actual_offshore_wind_generation,Wind Offshore | Actual Aggregated,2026-08-17T13:35:39Z
2026-08-17T13:33:42Z,2026-08-17T15:33:42+0200,5bbffdc7-c3ab-4a18-a8bf-cc7d933ae677,2026-08-16T15:15:00Z,2026-08-16T17:15:00+0200,245.27,MW,FR,FR,actual_offshore_wind_generation,Wind Offshore | Actual Aggregated,2026-08-17T13:35:39Z
2026-08-17T13:33:42Z,2026-08-17T15:33:42+0200,5bbffdc7-c3ab-4a18-a8bf-cc7d933ae677,2026-08-16T15:30:00Z,2026-08-16T17:30:00+0200,241.53,MW,FR,FR,actual_offshore_wind_generation,Wind Offshore | Actual Aggregated,2026-08-17T13:35:39Z
2026-08-17T13:33:42Z,2026-08-17T15:33:42+0200,5bbffdc7-c3ab-4a18-a8bf-cc7d933ae677,2026-08-16T15:45:00Z,2026-08-16T17:45:00+0200,259.16,MW,FR,FR,actual_offshore_wind_generation,Wind Offshore | Actual Aggregated,2026-08-17T13:35:39Z
2026-08-17T13:33:42Z,2026-08-17T15:33:42+0200,5bbffdc7-c3ab-4a18-a8bf-cc7d933ae677,2026-08-16T16:00:00Z,2026-08-16T18:00:00+0200,265.23,MW,FR,FR,actual_offshore_wind_generation,Wind Offshore | Actual Aggregated,2026-08-17T13:35:39Z
2026-08-17T13:33:42Z,2026-08-17T15:33:42+0200,5bbffdc7-c3ab-4a18-a8bf-cc7d933ae677,2026-08-16T16:15:00Z,2026-08-16T18:15:00+0200,289.41,MW,FR,FR,actual_offshore_wind_generation,Wind Offshore | Actual Aggregated,2026-08-17T13:35:39Z
2026-08-17T13:33:42Z,2026-08-17T15:33:42+0200,5bbffdc7-c3ab-4a18-a8bf-cc7d933ae677,2026-08-16T16:30:00Z,2026-08-16T18:30:00+0200,328.69,MW,FR,FR,actual_offshore_wind_generation,Wind Offshore | Actual Aggregated,2026-08-17T13:35:39Z
2026-08-17T13:33:42Z,2026-08-17T15:33:42+0200,5bbffdc7-c3ab-4a18-a8bf-cc7d933ae677,2026-08-16T16:45:00Z,2026-08-16T18:45:00+0200,332.13,MW,FR,FR,actual_offshore_wind_generation,Wind Offshore | Actual Aggregated,2026-08-17T13:35:39Z
2026-08-17T13:33:42Z,2026-08-17T15:33:42+0200,5bbffdc7-c3ab-4a18-a8bf-cc7d933ae677,2026-08-16T17:00:00Z,2026-08-16T19:00:00+0200,342.6,MW,FR,FR,actual_offshore_wind_generation,Wind Offshore | Actual Aggregated,2026-08-17T13:35:39Z
2026-08-17T13:33:42Z,2026-08-17T15:33:42+0200,5bbffdc7-c3ab-4a18-a8bf-cc7d933ae677,2026-08-16T17:15:00Z,2026-08-16T19:15:00+0200,361.12,MW,FR,FR,actual_offshore_wind_generation,Wind Offshore | Actual Aggregated,2026-08-17T13:35:39Z
2026-08-17T13:33:42Z,2026-08-17T15:33:42+0200,5bbffdc7-c3ab-4a18-a8bf-cc7d933ae677,2026-08-16T17:30:00Z,2026-08-16T19:30:00+0200,387.24,MW,FR,FR,actual_offshore_wind_generation,Wind Offshore | Actual Aggregated,2026-08-17T13:35:39Z
2026-08-17T13:33:42Z,2026-08-17T15:33:42+0200,5bbffdc7-c3ab-4a18-a8bf-cc7d933ae677,2026-08-16T17:45:00Z,2026-08-16T19:45:00+0200,424.69,MW,FR,FR,actual_offshore_wind_generation,Wind Offshore | Actual Aggregated,2026-08-17T13:35:39Z
2026-08-17T13:33:42Z,2026-08-17T15:33:42+0200,5bbffdc7-c3ab-4a18-a8bf-cc7d933ae677,2026-08-16T18:00:00Z,2026-08-16T20:00:00+0200,400.37,MW,FR,FR,actual_offshore_wind_generation,Wind Offshore | Actual Aggregated,2026-08-17T13:35:39Z
2026-08-17T13:33:42Z,2026-08-17T15:33:42+0200,5bbffdc7-c3ab-4a18-a8bf-cc7d933ae677,2026-08-16T18:15:00Z,2026-08-16T20:15:00+0200,403.97,MW,FR,FR,actual_offshore_wind_generation,Wind Offshore | Actual Aggregated,2026-08-17T13:35:39Z
2026-08-17T13:33:42Z,2026-08-17T15:33:42+0200,5bbffdc7-c3ab-4a18-a8bf-cc7d933ae677,2026-08-16T18:30:00Z,2026-08-16T20:30:00+0200,401.74,MW,FR,FR,actual_offshore_wind_generation,Wind Offshore | Actual Aggregated,2026-08-17T13:35:39Z
2026-08-17T13:33:42Z,2026-08-17T15:33:42+0200,5bbffdc7-c3ab-4a18-a8bf-cc7d933ae677,2026-08-16T18:45:00Z,2026-08-16T20:45:00+0200,409.44,MW,FR,FR,actual_offshore_wind_generation,Wind Offshore | Actual Aggregated,2026-08-17T13:35:39Z
2026-08-17T13:33:42Z,2026-08-17T15:33:42+0200,5bbffdc7-c3ab-4a18-a8bf-cc7d933ae677,2026-08-16T19:00:00Z,2026-08-16T21:00:00+0200,453.13,MW,FR,FR,actual_offshore_wind_generation,Wind Offshore | Actual Aggregated,2026-08-17T13:35:39Z
2026-08-17T13:33:42Z,2026-08-17T15:33:42+0200,5bbffdc7-c3ab-4a18-a8bf-cc7d933ae677,2026-08-16T19:15:00Z,2026-08-16T21:15:00+0200,398.18,MW,FR,FR,actual_offshore_wind_generation,Wind Offshore | Actual Aggregated,2026-08-17T13:35:39Z
2026-08-17T13:33:42Z,2026-08-17T15:33:42+0200,5bbffdc7-c3ab-4a18-a8bf-cc7d933ae677,2026-08-16T19:30:00Z,2026-08-16T21:30:00+0200,346.9,MW,FR,FR,actual_offshore_wind_generation,Wind Offshore | Actual Aggregated,2026-08-17T13:35:39Z
2026-08-17T13:33:42Z,2026-08-17T15:33:42+0200,5bbffdc7-c3ab-4a18-a8bf-cc7d933ae677,2026-08-16T19:45:00Z,2026-08-16T21:45:00+0200,326.58,MW,FR,FR,actual_offshore_wind_generation,Wind Offshore | Actual Aggregated,2026-08-17T13:35:39Z
2026-08-17T13:33:42Z,2026-08-17T15:33:42+0200,5bbffdc7-c3ab-4a18-a8bf-cc7d933ae677,2026-08-16T20:00:00Z,2026-08-16T22:00:00+0200,267.66,MW,FR,FR,actual_offshore_wind_generation,Wind Offshore | Actual Aggregated,2026-08-17T13:35:39Z
2026-08-17T13:33:42Z,2026-08-17T15:33:42+0200,5bbffdc7-c3ab-4a18-a8bf-cc7d933ae677,2026-08-16T20:15:00Z,2026-08-16T22:15:00+0200,263.81,MW,FR,FR,actual_offshore_wind_generation,Wind Offshore | Actual Aggregated,2026-08-17T13:35:39Z
2026-08-17T13:33:42Z,2026-08-17T15:33:42+0200,5bbffdc7-c3ab-4a18-a8bf-cc7d933ae677,2026-08-16T20:30:00Z,2026-08-16T22:30:00+0200,250.64,MW,FR,FR,actual_offshore_wind_generation,Wind Offshore | Actual Aggregated,2026-08-17T13:35:39Z
2026-08-17T13:33:42Z,2026-08-17T15:33:42+0200,5bbffdc7-c3ab-4a18-a8bf-cc7d933ae677,2026-08-16T20:45:00Z,2026-08-16T22:45:00+0200,215.76,MW,FR,FR,actual_offshore_wind_generation,Wind Offshore | Actual Aggregated,2026-08-17T13:35:39Z
2026-08-17T13:33:42Z,2026-08-17T15:33:42+0200,5bbffdc7-c3ab-4a18-a8bf-cc7d933ae677,2026-08-16T21:00:00Z,2026-08-16T23:00:00+0200,220.27,MW,FR,FR,actual_offshore_wind_generation,Wind Offshore | Actual Aggregated,2026-08-17T13:35:39Z
2026-08-17T13:33:42Z,2026-08-17T15:33:42+0200,5bbffdc7-c3ab-4a18-a8bf-cc7d933ae677,2026-08-16T21:15:00Z,2026-08-16T23:15:00+0200,224.48,MW,FR,FR,actual_offshore_wind_generation,Wind Offshore | Actual Aggregated,2026-08-17T13:35:39Z
2026-08-17T13:33:42Z,2026-08-17T15:33:42+0200,5bbffdc7-c3ab-4a18-a8bf-cc7d933ae677,2026-08-16T21:30:00Z,2026-08-16T23:30:00+0200,247.49,MW,FR,FR,actual_offshore_wind_generation,Wind Offshore | Actual Aggregated,2026-08-17T13:35:39Z
2026-08-17T13:33:42Z,2026-08-17T15:33:42+0200,5bbffdc7-c3ab-4a18-a8bf-cc7d933ae677,2026-08-16T21:45:00Z,2026-08-16T23:45:00+0200,271.83,MW,FR,FR,actual_offshore_wind_generation,Wind Offshore | Actual Aggregated,2026-08-17T13:35:39Z
2026-08-17T13:33:42Z,2026-08-17T15:33:42+0200,5bbffdc7-c3ab-4a18-a8bf-cc7d933ae677,2026-08-16T22:00:00Z,2026-08-17T00:00:00+0200,272.52,MW,FR,FR,actual_offshore_wind_generation,Wind Offshore | Actual Aggregated,2026-08-17T13:35:39Z
2026-08-17T13:33:42Z,2026-08-17T15:33:42+0200,5bbffdc7-c3ab-4a18-a8bf-cc7d933ae677,2026-08-16T22:15:00Z,2026-08-17T00:15:00+0200,243.86,MW,FR,FR,actual_offshore_wind_generation,Wind Offshore | Actual Aggregated,2026-08-17T13:35:39Z
2026-08-17T13:33:42Z,2026-08-17T15:33:42+0200,5bbffdc7-c3ab-4a18-a8bf-cc7d933ae677,2026-08-16T22:30:00Z,2026-08-17T00:30:00+0200,245.94,MW,FR,FR,actual_offshore_wind_generation,Wind Offshore | Actual Aggregated,2026-08-17T13:35:39Z
2026-08-17T13:33:42Z,2026-08-17T15:33:42+0200,5bbffdc7-c3ab-4a18-a8bf-cc7d933ae677,2026-08-16T22:45:00Z,2026-08-17T00:45:00+0200,294.64,MW,FR,FR,actual_offshore_wind_generation,Wind Offshore | Actual Aggregated,2026-08-17T13:35:39Z
2026-08-17T13:33:42Z,2026-08-17T15:33:42+0200,5bbffdc7-c3ab-4a18-a8bf-cc7d933ae677,2026-08-16T23:00:00Z,2026-08-17T01:00:00+0200,385.76,MW,FR,FR,actual_offshore_wind_generation,Wind Offshore | Actual Aggregated,2026-08-17T13:35:39Z
2026-08-17T13:33:42Z,2026-08-17T15:33:42+0200,5bbffdc7-c3ab-4a18-a8bf-cc7d933ae677,2026-08-16T23:15:00Z,2026-08-17T01:15:00+0200,414.94,MW,FR,FR,actual_offshore_wind_generation,Wind Offshore | Actual Aggregated,2026-08-17T13:35:39Z
2026-08-17T13:33:42Z,2026-08-17T15:33:42+0200,5bbffdc7-c3ab-4a18-a8bf-cc7d933ae677,2026-08-16T23:30:00Z,2026-08-17T01:30:00+0200,442.83,MW,FR,FR,actual_offshore_wind_generation,Wind Offshore | Actual Aggregated,2026-08-17T13:35:39Z
2026-08-17T13:33:42Z,2026-08-17T15:33:42+0200,5bbffdc7-c3ab-4a18-a8bf-cc7d933ae677,2026-08-16T23:45:00Z,2026-08-17T01:45:00+0200,414.54,MW,FR,FR,actual_offshore_wind_generation,Wind Offshore | Actual Aggregated,2026-08-17T13:35:39Z
2026-08-17T13:33:42Z,2026-08-17T15:33:42+0200,5bbffdc7-c3ab-4a18-a8bf-cc7d933ae677,2026-08-17T00:00:00Z,2026-08-17T02:00:00+0200,342.99,MW,FR,FR,actual_offshore_wind_generation,Wind Offshore | Actual Aggregated,2026-08-17T13:35:39Z
2026-08-17T13:33:42Z,2026-08-17T15:33:42+0200,5bbffdc7-c3ab-4a18-a8bf-cc7d933ae677,2026-08-17T00:15:00Z,2026-08-17T02:15:00+0200,292.86,MW,FR,FR,actual_offshore_wind_generation,Wind Offshore | Actual Aggregated,2026-08-17T13:35:39Z
2026-08-17T13:33:42Z,2026-08-17T15:33:42+0200,5bbffdc7-c3ab-4a18-a8bf-cc7d933ae677,2026-08-17T00:30:00Z,2026-08-17T02:30:00+0200,270.93,MW,FR,FR,actual_offshore_wind_generation,Wind Offshore | Actual Aggregated,2026-08-17T13:35:39Z
2026-08-17T13:33:42Z,2026-08-17T15:33:42+0200,5bbffdc7-c3ab-4a18-a8bf-cc7d933ae677,2026-08-17T00:45:00Z,2026-08-17T02:45:00+0200,284.68,MW,FR,FR,actual_offshore_wind_generation,Wind Offshore | Actual Aggregated,2026-08-17T13:35:39Z
2026-08-17T13:33:42Z,2026-08-17T15:33:42+0200,5bbffdc7-c3ab-4a18-a8bf-cc7d933ae677,2026-08-17T01:00:00Z,2026-08-17T03:00:00+0200,290.42,MW,FR,FR,actual_offshore_wind_generation,Wind Offshore | Actual Aggregated,2026-08-17T13:35:39Z
2026-08-17T13:33:42Z,2026-08-17T15:33:42+0200,5bbffdc7-c3ab-4a18-a8bf-cc7d933ae677,2026-08-17T01:15:00Z,2026-08-17T03:15:00+0200,323.29,MW,FR,FR,actual_offshore_wind_generation,Wind Offshore | Actual Aggregated,2026-08-17T13:35:39Z
2026-08-17T13:33:42Z,2026-08-17T15:33:42+0200,5bbffdc7-c3ab-4a18-a8bf-cc7d933ae677,2026-08-17T01:30:00Z,2026-08-17T03:30:00+0200,296.93,MW,FR,FR,actual_offshore_wind_generation,Wind Offshore | Actual Aggregated,2026-08-17T13:35:39Z
2026-08-17T13:33:42Z,2026-08-17T15:33:42+0200,5bbffdc7-c3ab-4a18-a8bf-cc7d933ae677,2026-08-17T01:45:00Z,2026-08-17T03:45:00+0200,258.52,MW,FR,FR,actual_offshore_wind_generation,Wind Offshore | Actual Aggregated,2026-08-17T13:35:39Z
2026-08-17T13:33:42Z,2026-08-17T15:33:42+0200,5bbffdc7-c3ab-4a18-a8bf-cc7d933ae677,2026-08-17T02:00:00Z,2026-08-17T04:00:00+0200,277.82,MW,FR,FR,actual_offshore_wind_generation,Wind Offshore | Actual Aggregated,2026-08-17T13:35:39Z
2026-08-17T13:33:42Z,2026-08-17T15:33:42+0200,5bbffdc7-c3ab-4a18-a8bf-cc7d933ae677,2026-08-17T02:15:00Z,2026-08-17T04:15:00+0200,274.27,MW,FR,FR,actual_offshore_wind_generation,Wind Offshore | Actual Aggregated,2026-08-17T13:35:39Z
2026-08-17T13:33:42Z,2026-08-17T15:33:42+0200,5bbffdc7-c3ab-4a18-a8bf-cc7d933ae677,2026-08-17T02:30:00Z,2026-08-17T04:30:00+0200,264.44,MW,FR,FR,actual_offshore_wind_generation,Wind Offshore | Actual Aggregated,2026-08-17T13:35:39Z
2026-08-17T13:33:42Z,2026-08-17T15:33:42+0200,5bbffdc7-c3ab-4a18-a8bf-cc7d933ae677,2026-08-17T02:45:00Z,2026-08-17T04:45:00+0200,273.68,MW,FR,FR,actual_offshore_wind_generation,Wind Offshore | Actual Aggregated,2026-08-17T13:35:39Z
2026-08-17T13:33:42Z,2026-08-17T15:33:42+0200,5bbffdc7-c3ab-4a18-a8bf-cc7d933ae677,2026-08-17T03:00:00Z,2026-08-17T05:00:00+0200,293.55,MW,FR,FR,actual_offshore_wind_generation,Wind Offshore | Actual Aggregated,2026-08-17T13:35:39Z
2026-08-17T13:33:42Z,2026-08-17T15:33:42+0200,5bbffdc7-c3ab-4a18-a8bf-cc7d933ae677,2026-08-17T03:15:00Z,2026-08-17T05:15:00+0200,242.96,MW,FR,FR,actual_offshore_wind_generation,Wind Offshore | Actual Aggregated,2026-08-17T13:35:39Z
2026-08-17T13:33:42Z,2026-08-17T15:33:42+0200,5bbffdc7-c3ab-4a18-a8bf-cc7d933ae677,2026-08-17T03:30:00Z,2026-08-17T05:30:00+0200,229.37,MW,FR,FR,actual_offshore_wind_generation,Wind Offshore | Actual Aggregated,2026-08-17T13:35:39Z
2026-08-17T13:33:42Z,2026-08-17T15:33:42+0200,5bbffdc7-c3ab-4a18-a8bf-cc7d933ae677,2026-08-17T03:45:00Z,2026-08-17T05:45:00+0200,217.21,MW,FR,FR,actual_offshore_wind_generation,Wind Offshore | Actual Aggregated,2026-08-17T13:35:39Z
2026-08-17T13:33:42Z,2026-08-17T15:33:42+0200,5bbffdc7-c3ab-4a18-a8bf-cc7d933ae677,2026-08-17T04:00:00Z,2026-08-17T06:00:00+0200,232.57,MW,FR,FR,actual_offshore_wind_generation,Wind Offshore | Actual Aggregated,2026-08-17T13:35:39Z
2026-08-17T13:33:42Z,2026-08-17T15:33:42+0200,5bbffdc7-c3ab-4a18-a8bf-cc7d933ae677,2026-08-17T04:15:00Z,2026-08-17T06:15:00+0200,290.8,MW,FR,FR,actual_offshore_wind_generation,Wind Offshore | Actual Aggregated,2026-08-17T13:35:39Z
2026-08-17T13:33:42Z,2026-08-17T15:33:42+0200,5bbffdc7-c3ab-4a18-a8bf-cc7d933ae677,2026-08-17T04:30:00Z,2026-08-17T06:30:00+0200,280.34,MW,FR,FR,actual_offshore_wind_generation,Wind Offshore | Actual Aggregated,2026-08-17T13:35:39Z
2026-08-17T13:33:42Z,2026-08-17T15:33:42+0200,5bbffdc7-c3ab-4a18-a8bf-cc7d933ae677,2026-08-17T04:45:00Z,2026-08-17T06:45:00+0200,262.08,MW,FR,FR,actual_offshore_wind_generation,Wind Offshore | Actual Aggregated,2026-08-17T13:35:39Z
2026-08-17T13:33:42Z,2026-08-17T15:33:42+0200,5bbffdc7-c3ab-4a18-a8bf-cc7d933ae677,2026-08-17T05:00:00Z,2026-08-17T07:00:00+0200,254.52,MW,FR,FR,actual_offshore_wind_generation,Wind Offshore | Actual Aggregated,2026-08-17T13:35:39Z
2026-08-17T13:33:42Z,2026-08-17T15:33:42+0200,5bbffdc7-c3ab-4a18-a8bf-cc7d933ae677,2026-08-17T05:15:00Z,2026-08-17T07:15:00+0200,320.19,MW,FR,FR,actual_offshore_wind_generation,Wind Offshore | Actual Aggregated,2026-08-17T13:35:39Z
2026-08-17T13:33:42Z,2026-08-17T15:33:42+0200,5bbffdc7-c3ab-4a18-a8bf-cc7d933ae677,2026-08-17T05:30:00Z,2026-08-17T07:30:00+0200,339.03,MW,FR,FR,actual_offshore_wind_generation,Wind Offshore | Actual Aggregated,2026-08-17T13:35:39Z
2026-08-17T13:33:42Z,2026-08-17T15:33:42+0200,5bbffdc7-c3ab-4a18-a8bf-cc7d933ae677,2026-08-17T05:45:00Z,2026-08-17T07:45:00+0200,384.9,MW,FR,FR,actual_offshore_wind_generation,Wind Offshore | Actual Aggregated,2026-08-17T13:35:39Z
2026-08-17T13:33:42Z,2026-08-17T15:33:42+0200,5bbffdc7-c3ab-4a18-a8bf-cc7d933ae677,2026-08-17T06:00:00Z,2026-08-17T08:00:00+0200,414.65,MW,FR,FR,actual_offshore_wind_generation,Wind Offshore | Actual Aggregated,2026-08-17T13:35:39Z
2026-08-17T13:33:42Z,2026-08-17T15:33:42+0200,5bbffdc7-c3ab-4a18-a8bf-cc7d933ae677,2026-08-17T06:15:00Z,2026-08-17T08:15:00+0200,442.51,MW,FR,FR,actual_offshore_wind_generation,Wind Offshore | Actual Aggregated,2026-08-17T13:35:39Z
2026-08-17T13:33:42Z,2026-08-17T15:33:42+0200,5bbffdc7-c3ab-4a18-a8bf-cc7d933ae677,2026-08-17T06:30:00Z,2026-08-17T08:30:00+0200,440.16,MW,FR,FR,actual_offshore_wind_generation,Wind Offshore | Actual Aggregated,2026-08-17T13:35:39Z
2026-08-17T13:33:42Z,2026-08-17T15:33:42+0200,5bbffdc7-c3ab-4a18-a8bf-cc7d933ae677,2026-08-17T06:45:00Z,2026-08-17T08:45:00+0200,410.65,MW,FR,FR,actual_offshore_wind_generation,Wind Offshore | Actual Aggregated,2026-08-17T13:35:39Z
2026-08-17T13:33:42Z,2026-08-17T15:33:42+0200,5bbffdc7-c3ab-4a18-a8bf-cc7d933ae677,2026-08-17T07:00:00Z,2026-08-17T09:00:00+0200,379.76,MW,FR,FR,actual_offshore_wind_generation,Wind Offshore | Actual Aggregated,2026-08-17T13:35:39Z
2026-08-17T13:33:42Z,2026-08-17T15:33:42+0200,5bbffdc7-c3ab-4a18-a8bf-cc7d933ae677,2026-08-17T07:15:00Z,2026-08-17T09:15:00+0200,294.44,MW,FR,FR,actual_offshore_wind_generation,Wind Offshore | Actual Aggregated,2026-08-17T13:35:39Z
2026-08-17T13:33:42Z,2026-08-17T15:33:42+0200,5bbffdc7-c3ab-4a18-a8bf-cc7d933ae677,2026-08-17T07:30:00Z,2026-08-17T09:30:00+0200,255.57,MW,FR,FR,actual_offshore_wind_generation,Wind Offshore | Actual Aggregated,2026-08-17T13:35:39Z
2026-08-17T13:33:42Z,2026-08-17T15:33:42+0200,5bbffdc7-c3ab-4a18-a8bf-cc7d933ae677,2026-08-17T07:45:00Z,2026-08-17T09:45:00+0200,252.75,MW,FR,FR,actual_offshore_wind_generation,Wind Offshore | Actual Aggregated,2026-08-17T13:35:39Z
2026-08-17T13:33:42Z,2026-08-17T15:33:42+0200,5bbffdc7-c3ab-4a18-a8bf-cc7d933ae677,2026-08-17T08:00:00Z,2026-08-17T10:00:00+0200,209.2,MW,FR,FR,actual_offshore_wind_generation,Wind Offshore | Actual Aggregated,2026-08-17T13:35:39Z
2026-08-17T13:33:42Z,2026-08-17T15:33:42+0200,5bbffdc7-c3ab-4a18-a8bf-cc7d933ae677,2026-08-17T08:15:00Z,2026-08-17T10:15:00+0200,194.26,MW,FR,FR,actual_offshore_wind_generation,Wind Offshore | Actual Aggregated,2026-08-17T13:35:39Z
2026-08-17T13:33:42Z,2026-08-17T15:33:42+0200,5bbffdc7-c3ab-4a18-a8bf-cc7d933ae677,2026-08-17T08:30:00Z,2026-08-17T10:30:00+0200,193.23,MW,FR,FR,actual_offshore_wind_generation,Wind Offshore | Actual Aggregated,2026-08-17T13:35:39Z
2026-08-17T13:33:42Z,2026-08-17T15:33:42+0200,5bbffdc7-c3ab-4a18-a8bf-cc7d933ae677,2026-08-17T08:45:00Z,2026-08-17T10:45:00+0200,200.43,MW,FR,FR,actual_offshore_wind_generation,Wind Offshore | Actual Aggregated,2026-08-17T13:35:39Z
2026-08-17T13:33:42Z,2026-08-17T15:33:42+0200,5bbffdc7-c3ab-4a18-a8bf-cc7d933ae677,2026-08-17T09:00:00Z,2026-08-17T11:00:00+0200,197.06,MW,FR,FR,actual_offshore_wind_generation,Wind Offshore | Actual Aggregated,2026-08-17T13:35:39Z
2026-08-17T13:33:42Z,2026-08-17T15:33:42+0200,5bbffdc7-c3ab-4a18-a8bf-cc7d933ae677,2026-08-17T09:15:00Z,2026-08-17T11:15:00+0200,182.22,MW,FR,FR,actual_offshore_wind_generation,Wind Offshore | Actual Aggregated,2026-08-17T13:35:39Z
2026-08-17T13:33:42Z,2026-08-17T15:33:42+0200,5bbffdc7-c3ab-4a18-a8bf-cc7d933ae677,2026-08-17T09:30:00Z,2026-08-17T11:30:00+0200,173.2,MW,FR,FR,actual_offshore_wind_generation,Wind Offshore | Actual Aggregated,2026-08-17T13:35:39Z
2026-08-17T13:33:42Z,2026-08-17T15:33:42+0200,5bbffdc7-c3ab-4a18-a8bf-cc7d933ae677,2026-08-17T09:45:00Z,2026-08-17T11:45:00+0200,179.6,MW,FR,FR,actual_offshore_wind_generation,Wind Offshore | Actual Aggregated,2026-08-17T13:35:39Z
2026-08-17T13:33:42Z,2026-08-17T15:33:42+0200,5bbffdc7-c3ab-4a18-a8bf-cc7d933ae677,2026-08-17T10:00:00Z,2026-08-17T12:00:00+0200,196.62,MW,FR,FR,actual_offshore_wind_generation,Wind Offshore | Actual Aggregated,2026-08-17T13:35:39Z
2026-08-17T13:33:42Z,2026-08-17T15:33:42+0200,5bbffdc7-c3ab-4a18-a8bf-cc7d933ae677,2026-08-17T10:15:00Z,2026-08-17T12:15:00+0200,246.04,MW,FR,FR,actual_offshore_wind_generation,Wind Offshore | Actual Aggregated,2026-08-17T13:35:39Z
2026-08-17T13:33:42Z,2026-08-17T15:33:42+0200,5bbffdc7-c3ab-4a18-a8bf-cc7d933ae677,2026-08-17T10:30:00Z,2026-08-17T12:30:00+0200,269.65,MW,FR,FR,actual_offshore_wind_generation,Wind Offshore | Actual Aggregated,2026-08-17T13:35:39Z
2026-08-17T13:33:42Z,2026-08-17T15:33:42+0200,5bbffdc7-c3ab-4a18-a8bf-cc7d933ae677,2026-08-17T10:45:00Z,2026-08-17T12:45:00+0200,267.21,MW,FR,FR,actual_offshore_wind_generation,Wind Offshore | Actual Aggregated,2026-08-17T13:35:39Z
2026-08-17T13:33:42Z,2026-08-17T15:33:42+0200,5bbffdc7-c3ab-4a18-a8bf-cc7d933ae677,2026-08-17T11:00:00Z,2026-08-17T13:00:00+0200,260.87,MW,FR,FR,actual_offshore_wind_generation,Wind Offshore | Actual Aggregated,2026-08-17T13:35:39Z
2026-08-17T13:33:42Z,2026-08-17T15:33:42+0200,5bbffdc7-c3ab-4a18-a8bf-cc7d933ae677,2026-08-17T11:15:00Z,2026-08-17T13:15:00+0200,268.44,MW,FR,FR,actual_offshore_wind_generation,Wind Offshore | Actual Aggregated,2026-08-17T13:35:39Z
2026-08-17T13:33:42Z,2026-08-17T15:33:42+0200,5bbffdc7-c3ab-4a18-a8bf-cc7d933ae677,2026-08-17T11:30:00Z,2026-08-17T13:30:00+0200,263.96,MW,FR,FR,actual_offshore_wind_generation,Wind Offshore | Actual Aggregated,2026-08-17T13:35:39Z
2026-08-17T13:33:42Z,2026-08-17T15:33:42+0200,5bbffdc7-c3ab-4a18-a8bf-cc7d933ae677,2026-08-17T11:45:00Z,2026-08-17T13:45:00+0200,296.73,MW,FR,FR,actual_offshore_wind_generation,Wind Offshore | Actual Aggregated,2026-08-17T13:35:39Z
2026-08-17T13:33:42Z,2026-08-17T15:33:42+0200,5bbffdc7-c3ab-4a18-a8bf-cc7d933ae677,2026-08-17T12:00:00Z,2026-08-17T14:00:00+0200,306.12,MW,FR,FR,actual_offshore_wind_generation,Wind Offshore | Actual Aggregated,2026-08-17T13:35:39Z
2026-08-17T13:33:42Z,2026-08-17T15:33:42+0200,5bbffdc7-c3ab-4a18-a8bf-cc7d933ae677,2026-08-17T12:15:00Z,2026-08-17T14:15:00+0200,342.28,MW,FR,FR,actual_offshore_wind_generation,Wind Offshore | Actual Aggregated,2026-08-17T13:35:39Z
2026-08-17T13:33:42Z,2026-08-17T15:33:42+0200,5bbffdc7-c3ab-4a18-a8bf-cc7d933ae677,2026-08-17T12:30:00Z,2026-08-17T14:30:00+0200,367.67,MW,FR,FR,actual_offshore_wind_generation,Wind Offshore | Actual Aggregated,2026-08-17T13:35:39Z
2026-08-17T13:33:42Z,2026-08-17T15:33:42+0200,5bbffdc7-c3ab-4a18-a8bf-cc7d933ae677,2026-08-17T12:45:00Z,2026-08-17T14:45:00+0200,393.19,MW,FR,FR,actual_offshore_wind_generation,Wind Offshore | Actual Aggregated,2026-08-17T13:35:39Z
