collection_time_utc,collection_time_local,run_id,timestamp_utc,timestamp_local,value,unit,country,entsoe_area,variable,source,updated_at_utc
2026-08-02T14:18:54Z,2026-08-02T16:18:54+0200,d03952b3-6528-494b-a5a9-803d5ba4eea1,2026-07-02T14:30:00Z,2026-07-02T16:30:00+0200,805.65,MW,FR,FR,actual_offshore_wind_generation,Wind Offshore | Actual Aggregated,2026-08-02T14:20:02Z
2026-08-02T14:18:54Z,2026-08-02T16:18:54+0200,d03952b3-6528-494b-a5a9-803d5ba4eea1,2026-07-02T14:45:00Z,2026-07-02T16:45:00+0200,856.12,MW,FR,FR,actual_offshore_wind_generation,Wind Offshore | Actual Aggregated,2026-08-02T14:20:02Z
2026-08-02T14:18:54Z,2026-08-02T16:18:54+0200,d03952b3-6528-494b-a5a9-803d5ba4eea1,2026-07-02T15:00:00Z,2026-07-02T17:00:00+0200,925.62,MW,FR,FR,actual_offshore_wind_generation,Wind Offshore | Actual Aggregated,2026-08-02T14:20:02Z
2026-08-02T14:18:54Z,2026-08-02T16:18:54+0200,d03952b3-6528-494b-a5a9-803d5ba4eea1,2026-07-02T15:15:00Z,2026-07-02T17:15:00+0200,938.55,MW,FR,FR,actual_offshore_wind_generation,Wind Offshore | Actual Aggregated,2026-08-02T14:20:02Z
2026-08-02T14:18:54Z,2026-08-02T16:18:54+0200,d03952b3-6528-494b-a5a9-803d5ba4eea1,2026-07-02T15:30:00Z,2026-07-02T17:30:00+0200,882.89,MW,FR,FR,actual_offshore_wind_generation,Wind Offshore | Actual Aggregated,2026-08-02T14:20:02Z
2026-08-02T14:18:54Z,2026-08-02T16:18:54+0200,d03952b3-6528-494b-a5a9-803d5ba4eea1,2026-07-02T15:45:00Z,2026-07-02T17:45:00+0200,874.46,MW,FR,FR,actual_offshore_wind_generation,Wind Offshore | Actual Aggregated,2026-08-02T14:20:02Z
2026-08-02T14:18:54Z,2026-08-02T16:18:54+0200,d03952b3-6528-494b-a5a9-803d5ba4eea1,2026-07-02T16:00:00Z,2026-07-02T18:00:00+0200,968.5,MW,FR,FR,actual_offshore_wind_generation,Wind Offshore | Actual Aggregated,2026-08-02T14:20:02Z
2026-08-02T14:18:54Z,2026-08-02T16:18:54+0200,d03952b3-6528-494b-a5a9-803d5ba4eea1,2026-07-02T16:15:00Z,2026-07-02T18:15:00+0200,959.61,MW,FR,FR,actual_offshore_wind_generation,Wind Offshore | Actual Aggregated,2026-08-02T14:20:02Z
2026-08-02T14:18:54Z,2026-08-02T16:18:54+0200,d03952b3-6528-494b-a5a9-803d5ba4eea1,2026-07-02T16:30:00Z,2026-07-02T18:30:00+0200,933.7,MW,FR,FR,actual_offshore_wind_generation,Wind Offshore | Actual Aggregated,2026-08-02T14:20:02Z
2026-08-02T14:18:54Z,2026-08-02T16:18:54+0200,d03952b3-6528-494b-a5a9-803d5ba4eea1,2026-07-02T16:45:00Z,2026-07-02T18:45:00+0200,974.25,MW,FR,FR,actual_offshore_wind_generation,Wind Offshore | Actual Aggregated,2026-08-02T14:20:02Z
2026-08-02T14:18:54Z,2026-08-02T16:18:54+0200,d03952b3-6528-494b-a5a9-803d5ba4eea1,2026-07-02T17:00:00Z,2026-07-02T19:00:00+0200,988.19,MW,FR,FR,actual_offshore_wind_generation,Wind Offshore | Actual Aggregated,2026-08-02T14:20:02Z
2026-08-02T14:18:54Z,2026-08-02T16:18:54+0200,d03952b3-6528-494b-a5a9-803d5ba4eea1,2026-07-02T17:15:00Z,2026-07-02T19:15:00+0200,992.98,MW,FR,FR,actual_offshore_wind_generation,Wind Offshore | Actual Aggregated,2026-08-02T14:20:02Z
2026-08-02T14:18:54Z,2026-08-02T16:18:54+0200,d03952b3-6528-494b-a5a9-803d5ba4eea1,2026-07-02T17:30:00Z,2026-07-02T19:30:00+0200,911.23,MW,FR,FR,actual_offshore_wind_generation,Wind Offshore | Actual Aggregated,2026-08-02T14:20:02Z
2026-08-02T14:18:54Z,2026-08-02T16:18:54+0200,d03952b3-6528-494b-a5a9-803d5ba4eea1,2026-07-02T17:45:00Z,2026-07-02T19:45:00+0200,859.44,MW,FR,FR,actual_offshore_wind_generation,Wind Offshore | Actual Aggregated,2026-08-02T14:20:02Z
2026-08-02T14:18:54Z,2026-08-02T16:18:54+0200,d03952b3-6528-494b-a5a9-803d5ba4eea1,2026-07-02T18:00:00Z,2026-07-02T20:00:00+0200,812.21,MW,FR,FR,actual_offshore_wind_generation,Wind Offshore | Actual Aggregated,2026-08-02T14:20:02Z
2026-08-02T14:18:54Z,2026-08-02T16:18:54+0200,d03952b3-6528-494b-a5a9-803d5ba4eea1,2026-07-02T18:15:00Z,2026-07-02T20:15:00+0200,827.12,MW,FR,FR,actual_offshore_wind_generation,Wind Offshore | Actual Aggregated,2026-08-02T14:20:02Z
2026-08-02T14:18:54Z,2026-08-02T16:18:54+0200,d03952b3-6528-494b-a5a9-803d5ba4eea1,2026-07-02T18:30:00Z,2026-07-02T20:30:00+0200,815.69,MW,FR,FR,actual_offshore_wind_generation,Wind Offshore | Actual Aggregated,2026-08-02T14:20:02Z
2026-08-02T14:18:54Z,2026-08-02T16:18:54+0200,d03952b3-6528-494b-a5a9-803d5ba4eea1,2026-07-02T18:45:00Z,2026-07-02T20:45:00+0200,797.6,MW,FR,FR,actual_offshore_wind_generation,Wind Offshore | Actual Aggregated,2026-08-02T14:20:02Z
2026-08-02T14:18:54Z,2026-08-02T16:18:54+0200,d03952b3-6528-494b-a5a9-803d5ba4eea1,2026-07-02T19:00:00Z,2026-07-02T21:00:00+0200,775.41,MW,FR,FR,actual_offshore_wind_generation,Wind Offshore | Actual Aggregated,2026-08-02T14:20:02Z
2026-08-02T14:18:54Z,2026-08-02T16:18:54+0200,d03952b3-6528-494b-a5a9-803d5ba4eea1,2026-07-02T19:15:00Z,2026-07-02T21:15:00+0200,773.24,MW,FR,FR,actual_offshore_wind_generation,Wind Offshore | Actual Aggregated,2026-08-02T14:20:02Z
2026-08-02T14:18:54Z,2026-08-02T16:18:54+0200,d03952b3-6528-494b-a5a9-803d5ba4eea1,2026-07-02T19:30:00Z,2026-07-02T21:30:00+0200,787.26,MW,FR,FR,actual_offshore_wind_generation,Wind Offshore | Actual Aggregated,2026-08-02T14:20:02Z
2026-08-02T14:18:54Z,2026-08-02T16:18:54+0200,d03952b3-6528-494b-a5a9-803d5ba4eea1,2026-07-02T19:45:00Z,2026-07-02T21:45:00+0200,774.54,MW,FR,FR,actual_offshore_wind_generation,Wind Offshore | Actual Aggregated,2026-08-02T14:20:02Z
2026-08-02T14:18:54Z,2026-08-02T16:18:54+0200,d03952b3-6528-494b-a5a9-803d5ba4eea1,2026-07-02T20:00:00Z,2026-07-02T22:00:00+0200,757.23,MW,FR,FR,actual_offshore_wind_generation,Wind Offshore | Actual Aggregated,2026-08-02T14:20:02Z
2026-08-02T14:18:54Z,2026-08-02T16:18:54+0200,d03952b3-6528-494b-a5a9-803d5ba4eea1,2026-07-02T20:15:00Z,2026-07-02T22:15:00+0200,767.28,MW,FR,FR,actual_offshore_wind_generation,Wind Offshore | Actual Aggregated,2026-08-02T14:20:02Z
2026-08-02T14:18:54Z,2026-08-02T16:18:54+0200,d03952b3-6528-494b-a5a9-803d5ba4eea1,2026-07-02T20:30:00Z,2026-07-02T22:30:00+0200,737.96,MW,FR,FR,actual_offshore_wind_generation,Wind Offshore | Actual Aggregated,2026-08-02T14:20:02Z
2026-08-02T14:18:54Z,2026-08-02T16:18:54+0200,d03952b3-6528-494b-a5a9-803d5ba4eea1,2026-07-02T20:45:00Z,2026-07-02T22:45:00+0200,745.92,MW,FR,FR,actual_offshore_wind_generation,Wind Offshore | Actual Aggregated,2026-08-02T14:20:02Z
2026-08-02T14:18:54Z,2026-08-02T16:18:54+0200,d03952b3-6528-494b-a5a9-803d5ba4eea1,2026-07-02T21:00:00Z,2026-07-02T23:00:00+0200,730.75,MW,FR,FR,actual_offshore_wind_generation,Wind Offshore | Actual Aggregated,2026-08-02T14:20:02Z
2026-08-02T14:18:54Z,2026-08-02T16:18:54+0200,d03952b3-6528-494b-a5a9-803d5ba4eea1,2026-07-02T21:15:00Z,2026-07-02T23:15:00+0200,753.7,MW,FR,FR,actual_offshore_wind_generation,Wind Offshore | Actual Aggregated,2026-08-02T14:20:02Z
2026-08-02T14:18:54Z,2026-08-02T16:18:54+0200,d03952b3-6528-494b-a5a9-803d5ba4eea1,2026-07-02T21:30:00Z,2026-07-02T23:30:00+0200,720.09,MW,FR,FR,actual_offshore_wind_generation,Wind Offshore | Actual Aggregated,2026-08-02T14:20:02Z
2026-08-02T14:18:54Z,2026-08-02T16:18:54+0200,d03952b3-6528-494b-a5a9-803d5ba4eea1,2026-07-02T21:45:00Z,2026-07-02T23:45:00+0200,677.74,MW,FR,FR,actual_offshore_wind_generation,Wind Offshore | Actual Aggregated,2026-08-02T14:20:02Z
2026-08-02T14:18:54Z,2026-08-02T16:18:54+0200,d03952b3-6528-494b-a5a9-803d5ba4eea1,2026-07-02T22:00:00Z,2026-07-03T00:00:00+0200,642.71,MW,FR,FR,actual_offshore_wind_generation,Wind Offshore | Actual Aggregated,2026-08-02T14:20:02Z
2026-08-02T14:18:54Z,2026-08-02T16:18:54+0200,d03952b3-6528-494b-a5a9-803d5ba4eea1,2026-07-02T22:15:00Z,2026-07-03T00:15:00+0200,564.81,MW,FR,FR,actual_offshore_wind_generation,Wind Offshore | Actual Aggregated,2026-08-02T14:20:02Z
2026-08-02T14:18:54Z,2026-08-02T16:18:54+0200,d03952b3-6528-494b-a5a9-803d5ba4eea1,2026-07-02T22:30:00Z,2026-07-03T00:30:00+0200,537.83,MW,FR,FR,actual_offshore_wind_generation,Wind Offshore | Actual Aggregated,2026-08-02T14:20:02Z
2026-08-02T14:18:54Z,2026-08-02T16:18:54+0200,d03952b3-6528-494b-a5a9-803d5ba4eea1,2026-07-02T22:45:00Z,2026-07-03T00:45:00+0200,561.76,MW,FR,FR,actual_offshore_wind_generation,Wind Offshore | Actual Aggregated,2026-08-02T14:20:02Z
2026-08-02T14:18:54Z,2026-08-02T16:18:54+0200,d03952b3-6528-494b-a5a9-803d5ba4eea1,2026-07-02T23:00:00Z,2026-07-03T01:00:00+0200,561.94,MW,FR,FR,actual_offshore_wind_generation,Wind Offshore | Actual Aggregated,2026-08-02T14:20:02Z
2026-08-02T14:18:54Z,2026-08-02T16:18:54+0200,d03952b3-6528-494b-a5a9-803d5ba4eea1,2026-07-02T23:15:00Z,2026-07-03T01:15:00+0200,466.86,MW,FR,FR,actual_offshore_wind_generation,Wind Offshore | Actual Aggregated,2026-08-02T14:20:02Z
2026-08-02T14:18:54Z,2026-08-02T16:18:54+0200,d03952b3-6528-494b-a5a9-803d5ba4eea1,2026-07-02T23:30:00Z,2026-07-03T01:30:00+0200,407.3,MW,FR,FR,actual_offshore_wind_generation,Wind Offshore | Actual Aggregated,2026-08-02T14:20:02Z
2026-08-02T14:18:54Z,2026-08-02T16:18:54+0200,d03952b3-6528-494b-a5a9-803d5ba4eea1,2026-07-02T23:45:00Z,2026-07-03T01:45:00+0200,353.54,MW,FR,FR,actual_offshore_wind_generation,Wind Offshore | Actual Aggregated,2026-08-02T14:20:02Z
2026-08-02T14:18:54Z,2026-08-02T16:18:54+0200,d03952b3-6528-494b-a5a9-803d5ba4eea1,2026-07-03T00:00:00Z,2026-07-03T02:00:00+0200,334.33,MW,FR,FR,actual_offshore_wind_generation,Wind Offshore | Actual Aggregated,2026-08-02T14:20:02Z
2026-08-02T14:18:54Z,2026-08-02T16:18:54+0200,d03952b3-6528-494b-a5a9-803d5ba4eea1,2026-07-03T00:15:00Z,2026-07-03T02:15:00+0200,363.15,MW,FR,FR,actual_offshore_wind_generation,Wind Offshore | Actual Aggregated,2026-08-02T14:20:02Z
2026-08-02T14:18:54Z,2026-08-02T16:18:54+0200,d03952b3-6528-494b-a5a9-803d5ba4eea1,2026-07-03T00:30:00Z,2026-07-03T02:30:00+0200,380.54,MW,FR,FR,actual_offshore_wind_generation,Wind Offshore | Actual Aggregated,2026-08-02T14:20:02Z
2026-08-02T14:18:54Z,2026-08-02T16:18:54+0200,d03952b3-6528-494b-a5a9-803d5ba4eea1,2026-07-03T00:45:00Z,2026-07-03T02:45:00+0200,404.06,MW,FR,FR,actual_offshore_wind_generation,Wind Offshore | Actual Aggregated,2026-08-02T14:20:02Z
2026-08-02T14:18:54Z,2026-08-02T16:18:54+0200,d03952b3-6528-494b-a5a9-803d5ba4eea1,2026-07-03T01:00:00Z,2026-07-03T03:00:00+0200,436.03,MW,FR,FR,actual_offshore_wind_generation,Wind Offshore | Actual Aggregated,2026-08-02T14:20:02Z
2026-08-02T14:18:54Z,2026-08-02T16:18:54+0200,d03952b3-6528-494b-a5a9-803d5ba4eea1,2026-07-03T01:15:00Z,2026-07-03T03:15:00+0200,444.84,MW,FR,FR,actual_offshore_wind_generation,Wind Offshore | Actual Aggregated,2026-08-02T14:20:02Z
2026-08-02T14:18:54Z,2026-08-02T16:18:54+0200,d03952b3-6528-494b-a5a9-803d5ba4eea1,2026-07-03T01:30:00Z,2026-07-03T03:30:00+0200,466.39,MW,FR,FR,actual_offshore_wind_generation,Wind Offshore | Actual Aggregated,2026-08-02T14:20:02Z
2026-08-02T14:18:54Z,2026-08-02T16:18:54+0200,d03952b3-6528-494b-a5a9-803d5ba4eea1,2026-07-03T01:45:00Z,2026-07-03T03:45:00+0200,469.81,MW,FR,FR,actual_offshore_wind_generation,Wind Offshore | Actual Aggregated,2026-08-02T14:20:02Z
2026-08-02T14:18:54Z,2026-08-02T16:18:54+0200,d03952b3-6528-494b-a5a9-803d5ba4eea1,2026-07-03T02:00:00Z,2026-07-03T04:00:00+0200,478.65,MW,FR,FR,actual_offshore_wind_generation,Wind Offshore | Actual Aggregated,2026-08-02T14:20:02Z
2026-08-02T14:18:54Z,2026-08-02T16:18:54+0200,d03952b3-6528-494b-a5a9-803d5ba4eea1,2026-07-03T02:15:00Z,2026-07-03T04:15:00+0200,462.88,MW,FR,FR,actual_offshore_wind_generation,Wind Offshore | Actual Aggregated,2026-08-02T14:20:02Z
2026-08-02T14:18:54Z,2026-08-02T16:18:54+0200,d03952b3-6528-494b-a5a9-803d5ba4eea1,2026-07-03T02:30:00Z,2026-07-03T04:30:00+0200,442.33,MW,FR,FR,actual_offshore_wind_generation,Wind Offshore | Actual Aggregated,2026-08-02T14:20:02Z
2026-08-02T14:18:54Z,2026-08-02T16:18:54+0200,d03952b3-6528-494b-a5a9-803d5ba4eea1,2026-07-03T02:45:00Z,2026-07-03T04:45:00+0200,439.37,MW,FR,FR,actual_offshore_wind_generation,Wind Offshore | Actual Aggregated,2026-08-02T14:20:02Z
2026-08-02T14:18:54Z,2026-08-02T16:18:54+0200,d03952b3-6528-494b-a5a9-803d5ba4eea1,2026-07-03T03:00:00Z,2026-07-03T05:00:00+0200,429.44,MW,FR,FR,actual_offshore_wind_generation,Wind Offshore | Actual Aggregated,2026-08-02T14:20:02Z
2026-08-02T14:18:54Z,2026-08-02T16:18:54+0200,d03952b3-6528-494b-a5a9-803d5ba4eea1,2026-07-03T03:15:00Z,2026-07-03T05:15:00+0200,397.17,MW,FR,FR,actual_offshore_wind_generation,Wind Offshore | Actual Aggregated,2026-08-02T14:20:02Z
2026-08-02T14:18:54Z,2026-08-02T16:18:54+0200,d03952b3-6528-494b-a5a9-803d5ba4eea1,2026-07-03T03:30:00Z,2026-07-03T05:30:00+0200,374.92,MW,FR,FR,actual_offshore_wind_generation,Wind Offshore | Actual Aggregated,2026-08-02T14:20:02Z
2026-08-02T14:18:54Z,2026-08-02T16:18:54+0200,d03952b3-6528-494b-a5a9-803d5ba4eea1,2026-07-03T03:45:00Z,2026-07-03T05:45:00+0200,353.9,MW,FR,FR,actual_offshore_wind_generation,Wind Offshore | Actual Aggregated,2026-08-02T14:20:02Z
2026-08-02T14:18:54Z,2026-08-02T16:18:54+0200,d03952b3-6528-494b-a5a9-803d5ba4eea1,2026-07-03T04:00:00Z,2026-07-03T06:00:00+0200,339.7,MW,FR,FR,actual_offshore_wind_generation,Wind Offshore | Actual Aggregated,2026-08-02T14:20:02Z
2026-08-02T14:18:54Z,2026-08-02T16:18:54+0200,d03952b3-6528-494b-a5a9-803d5ba4eea1,2026-07-03T04:15:00Z,2026-07-03T06:15:00+0200,304.12,MW,FR,FR,actual_offshore_wind_generation,Wind Offshore | Actual Aggregated,2026-08-02T14:20:02Z
2026-08-02T14:18:54Z,2026-08-02T16:18:54+0200,d03952b3-6528-494b-a5a9-803d5ba4eea1,2026-07-03T04:30:00Z,2026-07-03T06:30:00+0200,291.2,MW,FR,FR,actual_offshore_wind_generation,Wind Offshore | Actual Aggregated,2026-08-02T14:20:02Z
2026-08-02T14:18:54Z,2026-08-02T16:18:54+0200,d03952b3-6528-494b-a5a9-803d5ba4eea1,2026-07-03T04:45:00Z,2026-07-03T06:45:00+0200,288.08,MW,FR,FR,actual_offshore_wind_generation,Wind Offshore | Actual Aggregated,2026-08-02T14:20:02Z
2026-08-02T14:18:54Z,2026-08-02T16:18:54+0200,d03952b3-6528-494b-a5a9-803d5ba4eea1,2026-07-03T05:00:00Z,2026-07-03T07:00:00+0200,264.27,MW,FR,FR,actual_offshore_wind_generation,Wind Offshore | Actual Aggregated,2026-08-02T14:20:02Z
2026-08-02T14:18:54Z,2026-08-02T16:18:54+0200,d03952b3-6528-494b-a5a9-803d5ba4eea1,2026-07-03T05:15:00Z,2026-07-03T07:15:00+0200,242.82,MW,FR,FR,actual_offshore_wind_generation,Wind Offshore | Actual Aggregated,2026-08-02T14:20:02Z
2026-08-02T14:18:54Z,2026-08-02T16:18:54+0200,d03952b3-6528-494b-a5a9-803d5ba4eea1,2026-07-03T05:30:00Z,2026-07-03T07:30:00+0200,230.74,MW,FR,FR,actual_offshore_wind_generation,Wind Offshore | Actual Aggregated,2026-08-02T14:20:02Z
2026-08-02T14:18:54Z,2026-08-02T16:18:54+0200,d03952b3-6528-494b-a5a9-803d5ba4eea1,2026-07-03T05:45:00Z,2026-07-03T07:45:00+0200,221.4,MW,FR,FR,actual_offshore_wind_generation,Wind Offshore | Actual Aggregated,2026-08-02T14:20:02Z
2026-08-02T14:18:54Z,2026-08-02T16:18:54+0200,d03952b3-6528-494b-a5a9-803d5ba4eea1,2026-07-03T06:00:00Z,2026-07-03T08:00:00+0200,205.09,MW,FR,FR,actual_offshore_wind_generation,Wind Offshore | Actual Aggregated,2026-08-02T14:20:02Z
2026-08-02T14:18:54Z,2026-08-02T16:18:54+0200,d03952b3-6528-494b-a5a9-803d5ba4eea1,2026-07-03T06:15:00Z,2026-07-03T08:15:00+0200,192.93,MW,FR,FR,actual_offshore_wind_generation,Wind Offshore | Actual Aggregated,2026-08-02T14:20:02Z
2026-08-02T14:18:54Z,2026-08-02T16:18:54+0200,d03952b3-6528-494b-a5a9-803d5ba4eea1,2026-07-03T06:30:00Z,2026-07-03T08:30:00+0200,175.15,MW,FR,FR,actual_offshore_wind_generation,Wind Offshore | Actual Aggregated,2026-08-02T14:20:02Z
2026-08-02T14:18:54Z,2026-08-02T16:18:54+0200,d03952b3-6528-494b-a5a9-803d5ba4eea1,2026-07-03T06:45:00Z,2026-07-03T08:45:00+0200,162.04,MW,FR,FR,actual_offshore_wind_generation,Wind Offshore | Actual Aggregated,2026-08-02T14:20:02Z
2026-08-02T14:18:54Z,2026-08-02T16:18:54+0200,d03952b3-6528-494b-a5a9-803d5ba4eea1,2026-07-03T07:00:00Z,2026-07-03T09:00:00+0200,149.36,MW,FR,FR,actual_offshore_wind_generation,Wind Offshore | Actual Aggregated,2026-08-02T14:20:02Z
2026-08-02T14:18:54Z,2026-08-02T16:18:54+0200,d03952b3-6528-494b-a5a9-803d5ba4eea1,2026-07-03T07:15:00Z,2026-07-03T09:15:00+0200,132.59,MW,FR,FR,actual_offshore_wind_generation,Wind Offshore | Actual Aggregated,2026-08-02T14:20:02Z
2026-08-02T14:18:54Z,2026-08-02T16:18:54+0200,d03952b3-6528-494b-a5a9-803d5ba4eea1,2026-07-03T07:30:00Z,2026-07-03T09:30:00+0200,114.29,MW,FR,FR,actual_offshore_wind_generation,Wind Offshore | Actual Aggregated,2026-08-02T14:20:02Z
2026-08-02T14:18:54Z,2026-08-02T16:18:54+0200,d03952b3-6528-494b-a5a9-803d5ba4eea1,2026-07-03T07:45:00Z,2026-07-03T09:45:00+0200,94.68,MW,FR,FR,actual_offshore_wind_generation,Wind Offshore | Actual Aggregated,2026-08-02T14:20:02Z
2026-08-02T14:18:54Z,2026-08-02T16:18:54+0200,d03952b3-6528-494b-a5a9-803d5ba4eea1,2026-07-03T08:00:00Z,2026-07-03T10:00:00+0200,86.43,MW,FR,FR,actual_offshore_wind_generation,Wind Offshore | Actual Aggregated,2026-08-02T14:20:02Z
2026-08-02T14:18:54Z,2026-08-02T16:18:54+0200,d03952b3-6528-494b-a5a9-803d5ba4eea1,2026-07-03T08:15:00Z,2026-07-03T10:15:00+0200,77.99,MW,FR,FR,actual_offshore_wind_generation,Wind Offshore | Actual Aggregated,2026-08-02T14:20:02Z
2026-08-02T14:18:54Z,2026-08-02T16:18:54+0200,d03952b3-6528-494b-a5a9-803d5ba4eea1,2026-07-03T08:30:00Z,2026-07-03T10:30:00+0200,68.2,MW,FR,FR,actual_offshore_wind_generation,Wind Offshore | Actual Aggregated,2026-08-02T14:20:02Z
2026-08-02T14:18:54Z,2026-08-02T16:18:54+0200,d03952b3-6528-494b-a5a9-803d5ba4eea1,2026-07-03T08:45:00Z,2026-07-03T10:45:00+0200,63.74,MW,FR,FR,actual_offshore_wind_generation,Wind Offshore | Actual Aggregated,2026-08-02T14:20:02Z
2026-08-02T14:18:54Z,2026-08-02T16:18:54+0200,d03952b3-6528-494b-a5a9-803d5ba4eea1,2026-07-03T09:00:00Z,2026-07-03T11:00:00+0200,57.45,MW,FR,FR,actual_offshore_wind_generation,Wind Offshore | Actual Aggregated,2026-08-02T14:20:02Z
2026-08-02T14:18:54Z,2026-08-02T16:18:54+0200,d03952b3-6528-494b-a5a9-803d5ba4eea1,2026-07-03T09:15:00Z,2026-07-03T11:15:00+0200,50.98,MW,FR,FR,actual_offshore_wind_generation,Wind Offshore | Actual Aggregated,2026-08-02T14:20:02Z
2026-08-02T14:18:54Z,2026-08-02T16:18:54+0200,d03952b3-6528-494b-a5a9-803d5ba4eea1,2026-07-03T09:30:00Z,2026-07-03T11:30:00+0200,50.46,MW,FR,FR,actual_offshore_wind_generation,Wind Offshore | Actual Aggregated,2026-08-02T14:20:02Z
2026-08-02T14:18:54Z,2026-08-02T16:18:54+0200,d03952b3-6528-494b-a5a9-803d5ba4eea1,2026-07-03T09:45:00Z,2026-07-03T11:45:00+0200,51.61,MW,FR,FR,actual_offshore_wind_generation,Wind Offshore | Actual Aggregated,2026-08-02T14:20:02Z
2026-08-02T14:18:54Z,2026-08-02T16:18:54+0200,d03952b3-6528-494b-a5a9-803d5ba4eea1,2026-07-03T10:00:00Z,2026-07-03T12:00:00+0200,52.49,MW,FR,FR,actual_offshore_wind_generation,Wind Offshore | Actual Aggregated,2026-08-02T14:20:02Z
2026-08-02T14:18:54Z,2026-08-02T16:18:54+0200,d03952b3-6528-494b-a5a9-803d5ba4eea1,2026-07-03T10:15:00Z,2026-07-03T12:15:00+0200,53.86,MW,FR,FR,actual_offshore_wind_generation,Wind Offshore | Actual Aggregated,2026-08-02T14:20:02Z
2026-08-02T14:18:54Z,2026-08-02T16:18:54+0200,d03952b3-6528-494b-a5a9-803d5ba4eea1,2026-07-03T10:30:00Z,2026-07-03T12:30:00+0200,54.06,MW,FR,FR,actual_offshore_wind_generation,Wind Offshore | Actual Aggregated,2026-08-02T14:20:02Z
2026-08-02T14:18:54Z,2026-08-02T16:18:54+0200,d03952b3-6528-494b-a5a9-803d5ba4eea1,2026-07-03T10:45:00Z,2026-07-03T12:45:00+0200,53.92,MW,FR,FR,actual_offshore_wind_generation,Wind Offshore | Actual Aggregated,2026-08-02T14:20:02Z
2026-08-02T14:18:54Z,2026-08-02T16:18:54+0200,d03952b3-6528-494b-a5a9-803d5ba4eea1,2026-07-03T11:00:00Z,2026-07-03T13:00:00+0200,52.98,MW,FR,FR,actual_offshore_wind_generation,Wind Offshore | Actual Aggregated,2026-08-02T14:20:02Z
2026-08-02T14:18:54Z,2026-08-02T16:18:54+0200,d03952b3-6528-494b-a5a9-803d5ba4eea1,2026-07-03T11:15:00Z,2026-07-03T13:15:00+0200,56.44,MW,FR,FR,actual_offshore_wind_generation,Wind Offshore | Actual Aggregated,2026-08-02T14:20:02Z
2026-08-02T14:18:54Z,2026-08-02T16:18:54+0200,d03952b3-6528-494b-a5a9-803d5ba4eea1,2026-07-03T11:30:00Z,2026-07-03T13:30:00+0200,59.75,MW,FR,FR,actual_offshore_wind_generation,Wind Offshore | Actual Aggregated,2026-08-02T14:20:02Z
2026-08-02T14:18:54Z,2026-08-02T16:18:54+0200,d03952b3-6528-494b-a5a9-803d5ba4eea1,2026-07-03T11:45:00Z,2026-07-03T13:45:00+0200,63.41,MW,FR,FR,actual_offshore_wind_generation,Wind Offshore | Actual Aggregated,2026-08-02T14:20:02Z
2026-08-02T14:18:54Z,2026-08-02T16:18:54+0200,d03952b3-6528-494b-a5a9-803d5ba4eea1,2026-07-03T12:00:00Z,2026-07-03T14:00:00+0200,64.52,MW,FR,FR,actual_offshore_wind_generation,Wind Offshore | Actual Aggregated,2026-08-02T14:20:02Z
2026-08-02T14:18:54Z,2026-08-02T16:18:54+0200,d03952b3-6528-494b-a5a9-803d5ba4eea1,2026-07-03T12:15:00Z,2026-07-03T14:15:00+0200,60.54,MW,FR,FR,actual_offshore_wind_generation,Wind Offshore | Actual Aggregated,2026-08-02T14:20:02Z
2026-08-02T14:18:54Z,2026-08-02T16:18:54+0200,d03952b3-6528-494b-a5a9-803d5ba4eea1,2026-07-03T12:30:00Z,2026-07-03T14:30:00+0200,56.24,MW,FR,FR,actual_offshore_wind_generation,Wind Offshore | Actual Aggregated,2026-08-02T14:20:02Z
2026-08-02T14:18:54Z,2026-08-02T16:18:54+0200,d03952b3-6528-494b-a5a9-803d5ba4eea1,2026-07-03T12:45:00Z,2026-07-03T14:45:00+0200,53.73,MW,FR,FR,actual_offshore_wind_generation,Wind Offshore | Actual Aggregated,2026-08-02T14:20:02Z
2026-08-02T14:18:54Z,2026-08-02T16:18:54+0200,d03952b3-6528-494b-a5a9-803d5ba4eea1,2026-07-03T13:00:00Z,2026-07-03T15:00:00+0200,50.98,MW,FR,FR,actual_offshore_wind_generation,Wind Offshore | Actual Aggregated,2026-08-02T14:20:02Z
2026-08-02T14:18:54Z,2026-08-02T16:18:54+0200,d03952b3-6528-494b-a5a9-803d5ba4eea1,2026-07-03T13:15:00Z,2026-07-03T15:15:00+0200,42.5,MW,FR,FR,actual_offshore_wind_generation,Wind Offshore | Actual Aggregated,2026-08-02T14:20:02Z
2026-08-02T14:18:54Z,2026-08-02T16:18:54+0200,d03952b3-6528-494b-a5a9-803d5ba4eea1,2026-07-03T13:30:00Z,2026-07-03T15:30:00+0200,44.16,MW,FR,FR,actual_offshore_wind_generation,Wind Offshore | Actual Aggregated,2026-08-02T14:20:02Z
2026-08-02T14:18:54Z,2026-08-02T16:18:54+0200,d03952b3-6528-494b-a5a9-803d5ba4eea1,2026-07-03T13:45:00Z,2026-07-03T15:45:00+0200,46.5,MW,FR,FR,actual_offshore_wind_generation,Wind Offshore | Actual Aggregated,2026-08-02T14:20:02Z
2026-08-02T14:18:54Z,2026-08-02T16:18:54+0200,d03952b3-6528-494b-a5a9-803d5ba4eea1,2026-07-03T14:00:00Z,2026-07-03T16:00:00+0200,54.4,MW,FR,FR,actual_offshore_wind_generation,Wind Offshore | Actual Aggregated,2026-08-02T14:20:02Z
2026-08-02T14:18:54Z,2026-08-02T16:18:54+0200,d03952b3-6528-494b-a5a9-803d5ba4eea1,2026-07-03T14:15:00Z,2026-07-03T16:15:00+0200,66.7,MW,FR,FR,actual_offshore_wind_generation,Wind Offshore | Actual Aggregated,2026-08-02T14:20:02Z
2026-08-02T14:18:54Z,2026-08-02T16:18:54+0200,d03952b3-6528-494b-a5a9-803d5ba4eea1,2026-07-03T14:30:00Z,2026-07-03T16:30:00+0200,83.58,MW,FR,FR,actual_offshore_wind_generation,Wind Offshore | Actual Aggregated,2026-08-02T14:20:02Z
2026-08-02T14:18:54Z,2026-08-02T16:18:54+0200,d03952b3-6528-494b-a5a9-803d5ba4eea1,2026-07-03T14:45:00Z,2026-07-03T16:45:00+0200,96.9,MW,FR,FR,actual_offshore_wind_generation,Wind Offshore | Actual Aggregated,2026-08-02T14:20:02Z
2026-08-02T14:18:54Z,2026-08-02T16:18:54+0200,d03952b3-6528-494b-a5a9-803d5ba4eea1,2026-07-03T15:00:00Z,2026-07-03T17:00:00+0200,123.53,MW,FR,FR,actual_offshore_wind_generation,Wind Offshore | Actual Aggregated,2026-08-02T14:20:02Z
2026-08-02T14:18:54Z,2026-08-02T16:18:54+0200,d03952b3-6528-494b-a5a9-803d5ba4eea1,2026-07-03T15:15:00Z,2026-07-03T17:15:00+0200,159.16,MW,FR,FR,actual_offshore_wind_generation,Wind Offshore | Actual Aggregated,2026-08-02T14:20:02Z
2026-08-02T14:18:54Z,2026-08-02T16:18:54+0200,d03952b3-6528-494b-a5a9-803d5ba4eea1,2026-07-03T15:30:00Z,2026-07-03T17:30:00+0200,183.74,MW,FR,FR,actual_offshore_wind_generation,Wind Offshore | Actual Aggregated,2026-08-02T14:20:02Z
2026-08-02T14:18:54Z,2026-08-02T16:18:54+0200,d03952b3-6528-494b-a5a9-803d5ba4eea1,2026-07-03T15:45:00Z,2026-07-03T17:45:00+0200,218.92,MW,FR,FR,actual_offshore_wind_generation,Wind Offshore | Actual Aggregated,2026-08-02T14:20:02Z
2026-08-02T14:18:54Z,2026-08-02T16:18:54+0200,d03952b3-6528-494b-a5a9-803d5ba4eea1,2026-07-03T16:00:00Z,2026-07-03T18:00:00+0200,244.08,MW,FR,FR,actual_offshore_wind_generation,Wind Offshore | Actual Aggregated,2026-08-02T14:20:02Z
2026-08-02T14:18:54Z,2026-08-02T16:18:54+0200,d03952b3-6528-494b-a5a9-803d5ba4eea1,2026-07-03T16:15:00Z,2026-07-03T18:15:00+0200,265.86,MW,FR,FR,actual_offshore_wind_generation,Wind Offshore | Actual Aggregated,2026-08-02T14:20:02Z
2026-08-02T14:18:54Z,2026-08-02T16:18:54+0200,d03952b3-6528-494b-a5a9-803d5ba4eea1,2026-07-03T16:30:00Z,2026-07-03T18:30:00+0200,286.29,MW,FR,FR,actual_offshore_wind_generation,Wind Offshore | Actual Aggregated,2026-08-02T14:20:02Z
2026-08-02T14:18:54Z,2026-08-02T16:18:54+0200,d03952b3-6528-494b-a5a9-803d5ba4eea1,2026-07-03T16:45:00Z,2026-07-03T18:45:00+0200,321.2,MW,FR,FR,actual_offshore_wind_generation,Wind Offshore | Actual Aggregated,2026-08-02T14:20:02Z
2026-08-02T14:18:54Z,2026-08-02T16:18:54+0200,d03952b3-6528-494b-a5a9-803d5ba4eea1,2026-07-03T17:00:00Z,2026-07-03T19:00:00+0200,340.0,MW,FR,FR,actual_offshore_wind_generation,Wind Offshore | Actual Aggregated,2026-08-02T14:20:02Z
2026-08-02T14:18:54Z,2026-08-02T16:18:54+0200,d03952b3-6528-494b-a5a9-803d5ba4eea1,2026-07-03T17:15:00Z,2026-07-03T19:15:00+0200,358.77,MW,FR,FR,actual_offshore_wind_generation,Wind Offshore | Actual Aggregated,2026-08-02T14:20:02Z
2026-08-02T14:18:54Z,2026-08-02T16:18:54+0200,d03952b3-6528-494b-a5a9-803d5ba4eea1,2026-07-03T17:30:00Z,2026-07-03T19:30:00+0200,386.43,MW,FR,FR,actual_offshore_wind_generation,Wind Offshore | Actual Aggregated,2026-08-02T14:20:02Z
2026-08-02T14:18:54Z,2026-08-02T16:18:54+0200,d03952b3-6528-494b-a5a9-803d5ba4eea1,2026-07-03T17:45:00Z,2026-07-03T19:45:00+0200,395.64,MW,FR,FR,actual_offshore_wind_generation,Wind Offshore | Actual Aggregated,2026-08-02T14:20:02Z
2026-08-02T14:18:54Z,2026-08-02T16:18:54+0200,d03952b3-6528-494b-a5a9-803d5ba4eea1,2026-07-03T18:00:00Z,2026-07-03T20:00:00+0200,397.64,MW,FR,FR,actual_offshore_wind_generation,Wind Offshore | Actual Aggregated,2026-08-02T14:20:02Z
2026-08-02T14:18:54Z,2026-08-02T16:18:54+0200,d03952b3-6528-494b-a5a9-803d5ba4eea1,2026-07-03T18:15:00Z,2026-07-03T20:15:00+0200,404.38,MW,FR,FR,actual_offshore_wind_generation,Wind Offshore | Actual Aggregated,2026-08-02T14:20:02Z
2026-08-02T14:18:54Z,2026-08-02T16:18:54+0200,d03952b3-6528-494b-a5a9-803d5ba4eea1,2026-07-03T18:30:00Z,2026-07-03T20:30:00+0200,465.74,MW,FR,FR,actual_offshore_wind_generation,Wind Offshore | Actual Aggregated,2026-08-02T14:20:02Z
2026-08-02T14:18:54Z,2026-08-02T16:18:54+0200,d03952b3-6528-494b-a5a9-803d5ba4eea1,2026-07-03T18:45:00Z,2026-07-03T20:45:00+0200,500.04,MW,FR,FR,actual_offshore_wind_generation,Wind Offshore | Actual Aggregated,2026-08-02T14:20:02Z
2026-08-02T14:18:54Z,2026-08-02T16:18:54+0200,d03952b3-6528-494b-a5a9-803d5ba4eea1,2026-07-03T19:00:00Z,2026-07-03T21:00:00+0200,494.02,MW,FR,FR,actual_offshore_wind_generation,Wind Offshore | Actual Aggregated,2026-08-02T14:20:02Z
2026-08-02T14:18:54Z,2026-08-02T16:18:54+0200,d03952b3-6528-494b-a5a9-803d5ba4eea1,2026-07-03T19:15:00Z,2026-07-03T21:15:00+0200,472.6,MW,FR,FR,actual_offshore_wind_generation,Wind Offshore | Actual Aggregated,2026-08-02T14:20:02Z
2026-08-02T14:18:54Z,2026-08-02T16:18:54+0200,d03952b3-6528-494b-a5a9-803d5ba4eea1,2026-07-03T19:30:00Z,2026-07-03T21:30:00+0200,456.97,MW,FR,FR,actual_offshore_wind_generation,Wind Offshore | Actual Aggregated,2026-08-02T14:20:02Z
2026-08-02T14:18:54Z,2026-08-02T16:18:54+0200,d03952b3-6528-494b-a5a9-803d5ba4eea1,2026-07-03T19:45:00Z,2026-07-03T21:45:00+0200,377.2,MW,FR,FR,actual_offshore_wind_generation,Wind Offshore | Actual Aggregated,2026-08-02T14:20:02Z
2026-08-02T14:18:54Z,2026-08-02T16:18:54+0200,d03952b3-6528-494b-a5a9-803d5ba4eea1,2026-07-03T20:00:00Z,2026-07-03T22:00:00+0200,344.82,MW,FR,FR,actual_offshore_wind_generation,Wind Offshore | Actual Aggregated,2026-08-02T14:20:02Z
2026-08-02T14:18:54Z,2026-08-02T16:18:54+0200,d03952b3-6528-494b-a5a9-803d5ba4eea1,2026-07-03T20:15:00Z,2026-07-03T22:15:00+0200,356.79,MW,FR,FR,actual_offshore_wind_generation,Wind Offshore | Actual Aggregated,2026-08-02T14:20:02Z
2026-08-02T14:18:54Z,2026-08-02T16:18:54+0200,d03952b3-6528-494b-a5a9-803d5ba4eea1,2026-07-03T20:30:00Z,2026-07-03T22:30:00+0200,366.9,MW,FR,FR,actual_offshore_wind_generation,Wind Offshore | Actual Aggregated,2026-08-02T14:20:02Z
2026-08-02T14:18:54Z,2026-08-02T16:18:54+0200,d03952b3-6528-494b-a5a9-803d5ba4eea1,2026-07-03T20:45:00Z,2026-07-03T22:45:00+0200,365.2,MW,FR,FR,actual_offshore_wind_generation,Wind Offshore | Actual Aggregated,2026-08-02T14:20:02Z
2026-08-02T14:18:54Z,2026-08-02T16:18:54+0200,d03952b3-6528-494b-a5a9-803d5ba4eea1,2026-07-03T21:00:00Z,2026-07-03T23:00:00+0200,382.87,MW,FR,FR,actual_offshore_wind_generation,Wind Offshore | Actual Aggregated,2026-08-02T14:20:02Z
2026-08-02T14:18:54Z,2026-08-02T16:18:54+0200,d03952b3-6528-494b-a5a9-803d5ba4eea1,2026-07-03T21:15:00Z,2026-07-03T23:15:00+0200,425.05,MW,FR,FR,actual_offshore_wind_generation,Wind Offshore | Actual Aggregated,2026-08-02T14:20:02Z
2026-08-02T14:18:54Z,2026-08-02T16:18:54+0200,d03952b3-6528-494b-a5a9-803d5ba4eea1,2026-07-03T21:30:00Z,2026-07-03T23:30:00+0200,406.0,MW,FR,FR,actual_offshore_wind_generation,Wind Offshore | Actual Aggregated,2026-08-02T14:20:02Z
2026-08-02T14:18:54Z,2026-08-02T16:18:54+0200,d03952b3-6528-494b-a5a9-803d5ba4eea1,2026-07-03T21:45:00Z,2026-07-03T23:45:00+0200,411.24,MW,FR,FR,actual_offshore_wind_generation,Wind Offshore | Actual Aggregated,2026-08-02T14:20:02Z
2026-08-02T14:18:54Z,2026-08-02T16:18:54+0200,d03952b3-6528-494b-a5a9-803d5ba4eea1,2026-07-03T22:00:00Z,2026-07-04T00:00:00+0200,407.65,MW,FR,FR,actual_offshore_wind_generation,Wind Offshore | Actual Aggregated,2026-08-02T14:20:02Z
2026-08-02T14:18:54Z,2026-08-02T16:18:54+0200,d03952b3-6528-494b-a5a9-803d5ba4eea1,2026-07-03T22:15:00Z,2026-07-04T00:15:00+0200,371.8,MW,FR,FR,actual_offshore_wind_generation,Wind Offshore | Actual Aggregated,2026-08-02T14:20:02Z
2026-08-02T14:18:54Z,2026-08-02T16:18:54+0200,d03952b3-6528-494b-a5a9-803d5ba4eea1,2026-07-03T22:30:00Z,2026-07-04T00:30:00+0200,315.74,MW,FR,FR,actual_offshore_wind_generation,Wind Offshore | Actual Aggregated,2026-08-02T14:20:02Z
2026-08-02T14:18:54Z,2026-08-02T16:18:54+0200,d03952b3-6528-494b-a5a9-803d5ba4eea1,2026-07-03T22:45:00Z,2026-07-04T00:45:00+0200,302.81,MW,FR,FR,actual_offshore_wind_generation,Wind Offshore | Actual Aggregated,2026-08-02T14:20:02Z
2026-08-02T14:18:54Z,2026-08-02T16:18:54+0200,d03952b3-6528-494b-a5a9-803d5ba4eea1,2026-07-03T23:00:00Z,2026-07-04T01:00:00+0200,316.28,MW,FR,FR,actual_offshore_wind_generation,Wind Offshore | Actual Aggregated,2026-08-02T14:20:02Z
2026-08-02T14:18:54Z,2026-08-02T16:18:54+0200,d03952b3-6528-494b-a5a9-803d5ba4eea1,2026-07-03T23:15:00Z,2026-07-04T01:15:00+0200,328.33,MW,FR,FR,actual_offshore_wind_generation,Wind Offshore | Actual Aggregated,2026-08-02T14:20:02Z
2026-08-02T14:18:54Z,2026-08-02T16:18:54+0200,d03952b3-6528-494b-a5a9-803d5ba4eea1,2026-07-03T23:30:00Z,2026-07-04T01:30:00+0200,336.31,MW,FR,FR,actual_offshore_wind_generation,Wind Offshore | Actual Aggregated,2026-08-02T14:20:02Z
2026-08-02T14:18:54Z,2026-08-02T16:18:54+0200,d03952b3-6528-494b-a5a9-803d5ba4eea1,2026-07-03T23:45:00Z,2026-07-04T01:45:00+0200,356.92,MW,FR,FR,actual_offshore_wind_generation,Wind Offshore | Actual Aggregated,2026-08-02T14:20:02Z
2026-08-02T14:18:54Z,2026-08-02T16:18:54+0200,d03952b3-6528-494b-a5a9-803d5ba4eea1,2026-07-04T00:00:00Z,2026-07-04T02:00:00+0200,364.38,MW,FR,FR,actual_offshore_wind_generation,Wind Offshore | Actual Aggregated,2026-08-02T14:20:02Z
2026-08-02T14:18:54Z,2026-08-02T16:18:54+0200,d03952b3-6528-494b-a5a9-803d5ba4eea1,2026-07-04T00:15:00Z,2026-07-04T02:15:00+0200,366.79,MW,FR,FR,actual_offshore_wind_generation,Wind Offshore | Actual Aggregated,2026-08-02T14:20:02Z
2026-08-02T14:18:54Z,2026-08-02T16:18:54+0200,d03952b3-6528-494b-a5a9-803d5ba4eea1,2026-07-04T00:30:00Z,2026-07-04T02:30:00+0200,371.54,MW,FR,FR,actual_offshore_wind_generation,Wind Offshore | Actual Aggregated,2026-08-02T14:20:02Z
2026-08-02T14:18:54Z,2026-08-02T16:18:54+0200,d03952b3-6528-494b-a5a9-803d5ba4eea1,2026-07-04T00:45:00Z,2026-07-04T02:45:00+0200,390.99,MW,FR,FR,actual_offshore_wind_generation,Wind Offshore | Actual Aggregated,2026-08-02T14:20:02Z
2026-08-02T14:18:54Z,2026-08-02T16:18:54+0200,d03952b3-6528-494b-a5a9-803d5ba4eea1,2026-07-04T01:00:00Z,2026-07-04T03:00:00+0200,409.65,MW,FR,FR,actual_offshore_wind_generation,Wind Offshore | Actual Aggregated,2026-08-02T14:20:02Z
2026-08-02T14:18:54Z,2026-08-02T16:18:54+0200,d03952b3-6528-494b-a5a9-803d5ba4eea1,2026-07-04T01:15:00Z,2026-07-04T03:15:00+0200,409.78,MW,FR,FR,actual_offshore_wind_generation,Wind Offshore | Actual Aggregated,2026-08-02T14:20:02Z
2026-08-02T14:18:54Z,2026-08-02T16:18:54+0200,d03952b3-6528-494b-a5a9-803d5ba4eea1,2026-07-04T01:30:00Z,2026-07-04T03:30:00+0200,368.63,MW,FR,FR,actual_offshore_wind_generation,Wind Offshore | Actual Aggregated,2026-08-02T14:20:02Z
2026-08-02T14:18:54Z,2026-08-02T16:18:54+0200,d03952b3-6528-494b-a5a9-803d5ba4eea1,2026-07-04T01:45:00Z,2026-07-04T03:45:00+0200,341.28,MW,FR,FR,actual_offshore_wind_generation,Wind Offshore | Actual Aggregated,2026-08-02T14:20:02Z
2026-08-02T14:18:54Z,2026-08-02T16:18:54+0200,d03952b3-6528-494b-a5a9-803d5ba4eea1,2026-07-04T02:00:00Z,2026-07-04T04:00:00+0200,336.37,MW,FR,FR,actual_offshore_wind_generation,Wind Offshore | Actual Aggregated,2026-08-02T14:20:02Z
2026-08-02T14:18:54Z,2026-08-02T16:18:54+0200,d03952b3-6528-494b-a5a9-803d5ba4eea1,2026-07-04T02:15:00Z,2026-07-04T04:15:00+0200,357.38,MW,FR,FR,actual_offshore_wind_generation,Wind Offshore | Actual Aggregated,2026-08-02T14:20:02Z
2026-08-02T14:18:54Z,2026-08-02T16:18:54+0200,d03952b3-6528-494b-a5a9-803d5ba4eea1,2026-07-04T02:30:00Z,2026-07-04T04:30:00+0200,375.77,MW,FR,FR,actual_offshore_wind_generation,Wind Offshore | Actual Aggregated,2026-08-02T14:20:02Z
2026-08-02T14:18:54Z,2026-08-02T16:18:54+0200,d03952b3-6528-494b-a5a9-803d5ba4eea1,2026-07-04T02:45:00Z,2026-07-04T04:45:00+0200,348.1,MW,FR,FR,actual_offshore_wind_generation,Wind Offshore | Actual Aggregated,2026-08-02T14:20:02Z
2026-08-02T14:18:54Z,2026-08-02T16:18:54+0200,d03952b3-6528-494b-a5a9-803d5ba4eea1,2026-07-04T03:00:00Z,2026-07-04T05:00:00+0200,329.04,MW,FR,FR,actual_offshore_wind_generation,Wind Offshore | Actual Aggregated,2026-08-02T14:20:02Z
2026-08-02T14:18:54Z,2026-08-02T16:18:54+0200,d03952b3-6528-494b-a5a9-803d5ba4eea1,2026-07-04T03:15:00Z,2026-07-04T05:15:00+0200,319.89,MW,FR,FR,actual_offshore_wind_generation,Wind Offshore | Actual Aggregated,2026-08-02T14:20:02Z
2026-08-02T14:18:54Z,2026-08-02T16:18:54+0200,d03952b3-6528-494b-a5a9-803d5ba4eea1,2026-07-04T03:30:00Z,2026-07-04T05:30:00+0200,330.84,MW,FR,FR,actual_offshore_wind_generation,Wind Offshore | Actual Aggregated,2026-08-02T14:20:02Z
2026-08-02T14:18:54Z,2026-08-02T16:18:54+0200,d03952b3-6528-494b-a5a9-803d5ba4eea1,2026-07-04T03:45:00Z,2026-07-04T05:45:00+0200,342.14,MW,FR,FR,actual_offshore_wind_generation,Wind Offshore | Actual Aggregated,2026-08-02T14:20:02Z
2026-08-02T14:18:54Z,2026-08-02T16:18:54+0200,d03952b3-6528-494b-a5a9-803d5ba4eea1,2026-07-04T04:00:00Z,2026-07-04T06:00:00+0200,338.73,MW,FR,FR,actual_offshore_wind_generation,Wind Offshore | Actual Aggregated,2026-08-02T14:20:02Z
2026-08-02T14:18:54Z,2026-08-02T16:18:54+0200,d03952b3-6528-494b-a5a9-803d5ba4eea1,2026-07-04T04:15:00Z,2026-07-04T06:15:00+0200,335.68,MW,FR,FR,actual_offshore_wind_generation,Wind Offshore | Actual Aggregated,2026-08-02T14:20:02Z
2026-08-02T14:18:54Z,2026-08-02T16:18:54+0200,d03952b3-6528-494b-a5a9-803d5ba4eea1,2026-07-04T04:30:00Z,2026-07-04T06:30:00+0200,332.46,MW,FR,FR,actual_offshore_wind_generation,Wind Offshore | Actual Aggregated,2026-08-02T14:20:02Z
2026-08-02T14:18:54Z,2026-08-02T16:18:54+0200,d03952b3-6528-494b-a5a9-803d5ba4eea1,2026-07-04T04:45:00Z,2026-07-04T06:45:00+0200,324.28,MW,FR,FR,actual_offshore_wind_generation,Wind Offshore | Actual Aggregated,2026-08-02T14:20:02Z
2026-08-02T14:18:54Z,2026-08-02T16:18:54+0200,d03952b3-6528-494b-a5a9-803d5ba4eea1,2026-07-04T05:00:00Z,2026-07-04T07:00:00+0200,327.15,MW,FR,FR,actual_offshore_wind_generation,Wind Offshore | Actual Aggregated,2026-08-02T14:20:02Z
2026-08-02T14:18:54Z,2026-08-02T16:18:54+0200,d03952b3-6528-494b-a5a9-803d5ba4eea1,2026-07-04T05:15:00Z,2026-07-04T07:15:00+0200,333.11,MW,FR,FR,actual_offshore_wind_generation,Wind Offshore | Actual Aggregated,2026-08-02T14:20:02Z
2026-08-02T14:18:54Z,2026-08-02T16:18:54+0200,d03952b3-6528-494b-a5a9-803d5ba4eea1,2026-07-04T05:30:00Z,2026-07-04T07:30:00+0200,336.26,MW,FR,FR,actual_offshore_wind_generation,Wind Offshore | Actual Aggregated,2026-08-02T14:20:02Z
2026-08-02T14:18:54Z,2026-08-02T16:18:54+0200,d03952b3-6528-494b-a5a9-803d5ba4eea1,2026-07-04T05:45:00Z,2026-07-04T07:45:00+0200,336.97,MW,FR,FR,actual_offshore_wind_generation,Wind Offshore | Actual Aggregated,2026-08-02T14:20:02Z
2026-08-02T14:18:54Z,2026-08-02T16:18:54+0200,d03952b3-6528-494b-a5a9-803d5ba4eea1,2026-07-04T06:00:00Z,2026-07-04T08:00:00+0200,307.47,MW,FR,FR,actual_offshore_wind_generation,Wind Offshore | Actual Aggregated,2026-08-02T14:20:02Z
2026-08-02T14:18:54Z,2026-08-02T16:18:54+0200,d03952b3-6528-494b-a5a9-803d5ba4eea1,2026-07-04T06:15:00Z,2026-07-04T08:15:00+0200,284.66,MW,FR,FR,actual_offshore_wind_generation,Wind Offshore | Actual Aggregated,2026-08-02T14:20:02Z
2026-08-02T14:18:54Z,2026-08-02T16:18:54+0200,d03952b3-6528-494b-a5a9-803d5ba4eea1,2026-07-04T06:30:00Z,2026-07-04T08:30:00+0200,260.52,MW,FR,FR,actual_offshore_wind_generation,Wind Offshore | Actual Aggregated,2026-08-02T14:20:02Z
2026-08-02T14:18:54Z,2026-08-02T16:18:54+0200,d03952b3-6528-494b-a5a9-803d5ba4eea1,2026-07-04T06:45:00Z,2026-07-04T08:45:00+0200,232.38,MW,FR,FR,actual_offshore_wind_generation,Wind Offshore | Actual Aggregated,2026-08-02T14:20:02Z
2026-08-02T14:18:54Z,2026-08-02T16:18:54+0200,d03952b3-6528-494b-a5a9-803d5ba4eea1,2026-07-04T07:00:00Z,2026-07-04T09:00:00+0200,209.89,MW,FR,FR,actual_offshore_wind_generation,Wind Offshore | Actual Aggregated,2026-08-02T14:20:02Z
2026-08-02T14:18:54Z,2026-08-02T16:18:54+0200,d03952b3-6528-494b-a5a9-803d5ba4eea1,2026-07-04T07:15:00Z,2026-07-04T09:15:00+0200,194.33,MW,FR,FR,actual_offshore_wind_generation,Wind Offshore | Actual Aggregated,2026-08-02T14:20:02Z
2026-08-02T14:18:54Z,2026-08-02T16:18:54+0200,d03952b3-6528-494b-a5a9-803d5ba4eea1,2026-07-04T07:30:00Z,2026-07-04T09:30:00+0200,180.54,MW,FR,FR,actual_offshore_wind_generation,Wind Offshore | Actual Aggregated,2026-08-02T14:20:02Z
2026-08-02T14:18:54Z,2026-08-02T16:18:54+0200,d03952b3-6528-494b-a5a9-803d5ba4eea1,2026-07-04T07:45:00Z,2026-07-04T09:45:00+0200,171.39,MW,FR,FR,actual_offshore_wind_generation,Wind Offshore | Actual Aggregated,2026-08-02T14:20:02Z
2026-08-02T14:18:54Z,2026-08-02T16:18:54+0200,d03952b3-6528-494b-a5a9-803d5ba4eea1,2026-07-04T08:00:00Z,2026-07-04T10:00:00+0200,180.94,MW,FR,FR,actual_offshore_wind_generation,Wind Offshore | Actual Aggregated,2026-08-02T14:20:02Z
2026-08-02T14:18:54Z,2026-08-02T16:18:54+0200,d03952b3-6528-494b-a5a9-803d5ba4eea1,2026-07-04T08:15:00Z,2026-07-04T10:15:00+0200,157.97,MW,FR,FR,actual_offshore_wind_generation,Wind Offshore | Actual Aggregated,2026-08-02T14:20:02Z
2026-08-02T14:18:54Z,2026-08-02T16:18:54+0200,d03952b3-6528-494b-a5a9-803d5ba4eea1,2026-07-04T08:30:00Z,2026-07-04T10:30:00+0200,166.54,MW,FR,FR,actual_offshore_wind_generation,Wind Offshore | Actual Aggregated,2026-08-02T14:20:02Z
2026-08-02T14:18:54Z,2026-08-02T16:18:54+0200,d03952b3-6528-494b-a5a9-803d5ba4eea1,2026-07-04T08:45:00Z,2026-07-04T10:45:00+0200,180.14,MW,FR,FR,actual_offshore_wind_generation,Wind Offshore | Actual Aggregated,2026-08-02T14:20:02Z
2026-08-02T14:18:54Z,2026-08-02T16:18:54+0200,d03952b3-6528-494b-a5a9-803d5ba4eea1,2026-07-04T09:00:00Z,2026-07-04T11:00:00+0200,164.76,MW,FR,FR,actual_offshore_wind_generation,Wind Offshore | Actual Aggregated,2026-08-02T14:20:02Z
2026-08-02T14:18:54Z,2026-08-02T16:18:54+0200,d03952b3-6528-494b-a5a9-803d5ba4eea1,2026-07-04T09:15:00Z,2026-07-04T11:15:00+0200,84.81,MW,FR,FR,actual_offshore_wind_generation,Wind Offshore | Actual Aggregated,2026-08-02T14:20:02Z
2026-08-02T14:18:54Z,2026-08-02T16:18:54+0200,d03952b3-6528-494b-a5a9-803d5ba4eea1,2026-07-04T09:30:00Z,2026-07-04T11:30:00+0200,83.87,MW,FR,FR,actual_offshore_wind_generation,Wind Offshore | Actual Aggregated,2026-08-02T14:20:02Z
2026-08-02T14:18:54Z,2026-08-02T16:18:54+0200,d03952b3-6528-494b-a5a9-803d5ba4eea1,2026-07-04T09:45:00Z,2026-07-04T11:45:00+0200,83.38,MW,FR,FR,actual_offshore_wind_generation,Wind Offshore | Actual Aggregated,2026-08-02T14:20:02Z
2026-08-02T14:18:54Z,2026-08-02T16:18:54+0200,d03952b3-6528-494b-a5a9-803d5ba4eea1,2026-07-04T10:00:00Z,2026-07-04T12:00:00+0200,81.94,MW,FR,FR,actual_offshore_wind_generation,Wind Offshore | Actual Aggregated,2026-08-02T14:20:02Z
2026-08-02T14:18:54Z,2026-08-02T16:18:54+0200,d03952b3-6528-494b-a5a9-803d5ba4eea1,2026-07-04T10:15:00Z,2026-07-04T12:15:00+0200,76.17,MW,FR,FR,actual_offshore_wind_generation,Wind Offshore | Actual Aggregated,2026-08-02T14:20:02Z
2026-08-02T14:18:54Z,2026-08-02T16:18:54+0200,d03952b3-6528-494b-a5a9-803d5ba4eea1,2026-07-04T10:30:00Z,2026-07-04T12:30:00+0200,75.35,MW,FR,FR,actual_offshore_wind_generation,Wind Offshore | Actual Aggregated,2026-08-02T14:20:02Z
2026-08-02T14:18:54Z,2026-08-02T16:18:54+0200,d03952b3-6528-494b-a5a9-803d5ba4eea1,2026-07-04T10:45:00Z,2026-07-04T12:45:00+0200,77.89,MW,FR,FR,actual_offshore_wind_generation,Wind Offshore | Actual Aggregated,2026-08-02T14:20:02Z
2026-08-02T14:18:54Z,2026-08-02T16:18:54+0200,d03952b3-6528-494b-a5a9-803d5ba4eea1,2026-07-04T11:00:00Z,2026-07-04T13:00:00+0200,74.97,MW,FR,FR,actual_offshore_wind_generation,Wind Offshore | Actual Aggregated,2026-08-02T14:20:02Z
2026-08-02T14:18:54Z,2026-08-02T16:18:54+0200,d03952b3-6528-494b-a5a9-803d5ba4eea1,2026-07-04T11:15:00Z,2026-07-04T13:15:00+0200,67.18,MW,FR,FR,actual_offshore_wind_generation,Wind Offshore | Actual Aggregated,2026-08-02T14:20:02Z
2026-08-02T14:18:54Z,2026-08-02T16:18:54+0200,d03952b3-6528-494b-a5a9-803d5ba4eea1,2026-07-04T11:30:00Z,2026-07-04T13:30:00+0200,65.71,MW,FR,FR,actual_offshore_wind_generation,Wind Offshore | Actual Aggregated,2026-08-02T14:20:02Z
2026-08-02T14:18:54Z,2026-08-02T16:18:54+0200,d03952b3-6528-494b-a5a9-803d5ba4eea1,2026-07-04T11:45:00Z,2026-07-04T13:45:00+0200,65.7,MW,FR,FR,actual_offshore_wind_generation,Wind Offshore | Actual Aggregated,2026-08-02T14:20:02Z
2026-08-02T14:18:54Z,2026-08-02T16:18:54+0200,d03952b3-6528-494b-a5a9-803d5ba4eea1,2026-07-04T12:00:00Z,2026-07-04T14:00:00+0200,63.79,MW,FR,FR,actual_offshore_wind_generation,Wind Offshore | Actual Aggregated,2026-08-02T14:20:02Z
2026-08-02T14:18:54Z,2026-08-02T16:18:54+0200,d03952b3-6528-494b-a5a9-803d5ba4eea1,2026-07-04T12:15:00Z,2026-07-04T14:15:00+0200,61.7,MW,FR,FR,actual_offshore_wind_generation,Wind Offshore | Actual Aggregated,2026-08-02T14:20:02Z
2026-08-02T14:18:54Z,2026-08-02T16:18:54+0200,d03952b3-6528-494b-a5a9-803d5ba4eea1,2026-07-04T12:30:00Z,2026-07-04T14:30:00+0200,54.75,MW,FR,FR,actual_offshore_wind_generation,Wind Offshore | Actual Aggregated,2026-08-02T14:20:02Z
2026-08-02T14:18:54Z,2026-08-02T16:18:54+0200,d03952b3-6528-494b-a5a9-803d5ba4eea1,2026-07-04T12:45:00Z,2026-07-04T14:45:00+0200,51.1,MW,FR,FR,actual_offshore_wind_generation,Wind Offshore | Actual Aggregated,2026-08-02T14:20:02Z
2026-08-02T14:18:54Z,2026-08-02T16:18:54+0200,d03952b3-6528-494b-a5a9-803d5ba4eea1,2026-07-04T13:00:00Z,2026-07-04T15:00:00+0200,49.43,MW,FR,FR,actual_offshore_wind_generation,Wind Offshore | Actual Aggregated,2026-08-02T14:20:02Z
2026-08-02T14:18:54Z,2026-08-02T16:18:54+0200,d03952b3-6528-494b-a5a9-803d5ba4eea1,2026-07-04T13:15:00Z,2026-07-04T15:15:00+0200,58.23,MW,FR,FR,actual_offshore_wind_generation,Wind Offshore | Actual Aggregated,2026-08-02T14:20:02Z
2026-08-02T14:18:54Z,2026-08-02T16:18:54+0200,d03952b3-6528-494b-a5a9-803d5ba4eea1,2026-07-04T13:30:00Z,2026-07-04T15:30:00+0200,79.07,MW,FR,FR,actual_offshore_wind_generation,Wind Offshore | Actual Aggregated,2026-08-02T14:20:02Z
2026-08-02T14:18:54Z,2026-08-02T16:18:54+0200,d03952b3-6528-494b-a5a9-803d5ba4eea1,2026-07-04T13:45:00Z,2026-07-04T15:45:00+0200,93.23,MW,FR,FR,actual_offshore_wind_generation,Wind Offshore | Actual Aggregated,2026-08-02T14:20:02Z
2026-08-02T14:18:54Z,2026-08-02T16:18:54+0200,d03952b3-6528-494b-a5a9-803d5ba4eea1,2026-07-04T14:00:00Z,2026-07-04T16:00:00+0200,89.19,MW,FR,FR,actual_offshore_wind_generation,Wind Offshore | Actual Aggregated,2026-08-02T14:20:02Z
2026-08-02T14:18:54Z,2026-08-02T16:18:54+0200,d03952b3-6528-494b-a5a9-803d5ba4eea1,2026-07-04T14:15:00Z,2026-07-04T16:15:00+0200,152.38,MW,FR,FR,actual_offshore_wind_generation,Wind Offshore | Actual Aggregated,2026-08-02T14:20:02Z
2026-08-02T14:18:54Z,2026-08-02T16:18:54+0200,d03952b3-6528-494b-a5a9-803d5ba4eea1,2026-07-04T14:30:00Z,2026-07-04T16:30:00+0200,325.17,MW,FR,FR,actual_offshore_wind_generation,Wind Offshore | Actual Aggregated,2026-08-02T14:20:02Z
2026-08-02T14:18:54Z,2026-08-02T16:18:54+0200,d03952b3-6528-494b-a5a9-803d5ba4eea1,2026-07-04T14:45:00Z,2026-07-04T16:45:00+0200,405.73,MW,FR,FR,actual_offshore_wind_generation,Wind Offshore | Actual Aggregated,2026-08-02T14:20:02Z
2026-08-02T14:18:54Z,2026-08-02T16:18:54+0200,d03952b3-6528-494b-a5a9-803d5ba4eea1,2026-07-04T15:00:00Z,2026-07-04T17:00:00+0200,406.33,MW,FR,FR,actual_offshore_wind_generation,Wind Offshore | Actual Aggregated,2026-08-02T14:20:02Z
2026-08-02T14:18:54Z,2026-08-02T16:18:54+0200,d03952b3-6528-494b-a5a9-803d5ba4eea1,2026-07-04T15:15:00Z,2026-07-04T17:15:00+0200,432.61,MW,FR,FR,actual_offshore_wind_generation,Wind Offshore | Actual Aggregated,2026-08-02T14:20:02Z
2026-08-02T14:18:54Z,2026-08-02T16:18:54+0200,d03952b3-6528-494b-a5a9-803d5ba4eea1,2026-07-04T15:30:00Z,2026-07-04T17:30:00+0200,453.6,MW,FR,FR,actual_offshore_wind_generation,Wind Offshore | Actual Aggregated,2026-08-02T14:20:02Z
2026-08-02T14:18:54Z,2026-08-02T16:18:54+0200,d03952b3-6528-494b-a5a9-803d5ba4eea1,2026-07-04T15:45:00Z,2026-07-04T17:45:00+0200,519.98,MW,FR,FR,actual_offshore_wind_generation,Wind Offshore | Actual Aggregated,2026-08-02T14:20:02Z
2026-08-02T14:18:54Z,2026-08-02T16:18:54+0200,d03952b3-6528-494b-a5a9-803d5ba4eea1,2026-07-04T16:00:00Z,2026-07-04T18:00:00+0200,562.82,MW,FR,FR,actual_offshore_wind_generation,Wind Offshore | Actual Aggregated,2026-08-02T14:20:02Z
2026-08-02T14:18:54Z,2026-08-02T16:18:54+0200,d03952b3-6528-494b-a5a9-803d5ba4eea1,2026-07-04T16:15:00Z,2026-07-04T18:15:00+0200,606.51,MW,FR,FR,actual_offshore_wind_generation,Wind Offshore | Actual Aggregated,2026-08-02T14:20:02Z
2026-08-02T14:18:54Z,2026-08-02T16:18:54+0200,d03952b3-6528-494b-a5a9-803d5ba4eea1,2026-07-04T16:30:00Z,2026-07-04T18:30:00+0200,627.87,MW,FR,FR,actual_offshore_wind_generation,Wind Offshore | Actual Aggregated,2026-08-02T14:20:02Z
2026-08-02T14:18:54Z,2026-08-02T16:18:54+0200,d03952b3-6528-494b-a5a9-803d5ba4eea1,2026-07-04T16:45:00Z,2026-07-04T18:45:00+0200,628.52,MW,FR,FR,actual_offshore_wind_generation,Wind Offshore | Actual Aggregated,2026-08-02T14:20:02Z
2026-08-02T14:18:54Z,2026-08-02T16:18:54+0200,d03952b3-6528-494b-a5a9-803d5ba4eea1,2026-07-04T17:00:00Z,2026-07-04T19:00:00+0200,657.16,MW,FR,FR,actual_offshore_wind_generation,Wind Offshore | Actual Aggregated,2026-08-02T14:20:02Z
2026-08-02T14:18:54Z,2026-08-02T16:18:54+0200,d03952b3-6528-494b-a5a9-803d5ba4eea1,2026-07-04T17:15:00Z,2026-07-04T19:15:00+0200,707.96,MW,FR,FR,actual_offshore_wind_generation,Wind Offshore | Actual Aggregated,2026-08-02T14:20:02Z
2026-08-02T14:18:54Z,2026-08-02T16:18:54+0200,d03952b3-6528-494b-a5a9-803d5ba4eea1,2026-07-04T17:30:00Z,2026-07-04T19:30:00+0200,697.68,MW,FR,FR,actual_offshore_wind_generation,Wind Offshore | Actual Aggregated,2026-08-02T14:20:02Z
2026-08-02T14:18:54Z,2026-08-02T16:18:54+0200,d03952b3-6528-494b-a5a9-803d5ba4eea1,2026-07-04T17:45:00Z,2026-07-04T19:45:00+0200,689.24,MW,FR,FR,actual_offshore_wind_generation,Wind Offshore | Actual Aggregated,2026-08-02T14:20:02Z
2026-08-02T14:18:54Z,2026-08-02T16:18:54+0200,d03952b3-6528-494b-a5a9-803d5ba4eea1,2026-07-04T18:00:00Z,2026-07-04T20:00:00+0200,709.0,MW,FR,FR,actual_offshore_wind_generation,Wind Offshore | Actual Aggregated,2026-08-02T14:20:02Z
2026-08-02T14:18:54Z,2026-08-02T16:18:54+0200,d03952b3-6528-494b-a5a9-803d5ba4eea1,2026-07-04T18:15:00Z,2026-07-04T20:15:00+0200,727.78,MW,FR,FR,actual_offshore_wind_generation,Wind Offshore | Actual Aggregated,2026-08-02T14:20:02Z
2026-08-02T14:18:54Z,2026-08-02T16:18:54+0200,d03952b3-6528-494b-a5a9-803d5ba4eea1,2026-07-04T18:30:00Z,2026-07-04T20:30:00+0200,685.0,MW,FR,FR,actual_offshore_wind_generation,Wind Offshore | Actual Aggregated,2026-08-02T14:20:02Z
2026-08-02T14:18:54Z,2026-08-02T16:18:54+0200,d03952b3-6528-494b-a5a9-803d5ba4eea1,2026-07-04T18:45:00Z,2026-07-04T20:45:00+0200,648.56,MW,FR,FR,actual_offshore_wind_generation,Wind Offshore | Actual Aggregated,2026-08-02T14:20:02Z
2026-08-02T14:18:54Z,2026-08-02T16:18:54+0200,d03952b3-6528-494b-a5a9-803d5ba4eea1,2026-07-04T19:00:00Z,2026-07-04T21:00:00+0200,610.17,MW,FR,FR,actual_offshore_wind_generation,Wind Offshore | Actual Aggregated,2026-08-02T14:20:02Z
2026-08-02T14:18:54Z,2026-08-02T16:18:54+0200,d03952b3-6528-494b-a5a9-803d5ba4eea1,2026-07-04T19:15:00Z,2026-07-04T21:15:00+0200,649.98,MW,FR,FR,actual_offshore_wind_generation,Wind Offshore | Actual Aggregated,2026-08-02T14:20:02Z
2026-08-02T14:18:54Z,2026-08-02T16:18:54+0200,d03952b3-6528-494b-a5a9-803d5ba4eea1,2026-07-04T19:30:00Z,2026-07-04T21:30:00+0200,704.91,MW,FR,FR,actual_offshore_wind_generation,Wind Offshore | Actual Aggregated,2026-08-02T14:20:02Z
2026-08-02T14:18:54Z,2026-08-02T16:18:54+0200,d03952b3-6528-494b-a5a9-803d5ba4eea1,2026-07-04T19:45:00Z,2026-07-04T21:45:00+0200,727.82,MW,FR,FR,actual_offshore_wind_generation,Wind Offshore | Actual Aggregated,2026-08-02T14:20:02Z
2026-08-02T14:18:54Z,2026-08-02T16:18:54+0200,d03952b3-6528-494b-a5a9-803d5ba4eea1,2026-07-04T20:00:00Z,2026-07-04T22:00:00+0200,736.25,MW,FR,FR,actual_offshore_wind_generation,Wind Offshore | Actual Aggregated,2026-08-02T14:20:02Z
2026-08-02T14:18:54Z,2026-08-02T16:18:54+0200,d03952b3-6528-494b-a5a9-803d5ba4eea1,2026-07-04T20:15:00Z,2026-07-04T22:15:00+0200,777.19,MW,FR,FR,actual_offshore_wind_generation,Wind Offshore | Actual Aggregated,2026-08-02T14:20:02Z
2026-08-02T14:18:54Z,2026-08-02T16:18:54+0200,d03952b3-6528-494b-a5a9-803d5ba4eea1,2026-07-04T20:30:00Z,2026-07-04T22:30:00+0200,767.26,MW,FR,FR,actual_offshore_wind_generation,Wind Offshore | Actual Aggregated,2026-08-02T14:20:02Z
2026-08-02T14:18:54Z,2026-08-02T16:18:54+0200,d03952b3-6528-494b-a5a9-803d5ba4eea1,2026-07-04T20:45:00Z,2026-07-04T22:45:00+0200,801.39,MW,FR,FR,actual_offshore_wind_generation,Wind Offshore | Actual Aggregated,2026-08-02T14:20:02Z
2026-08-02T14:18:54Z,2026-08-02T16:18:54+0200,d03952b3-6528-494b-a5a9-803d5ba4eea1,2026-07-04T21:00:00Z,2026-07-04T23:00:00+0200,823.72,MW,FR,FR,actual_offshore_wind_generation,Wind Offshore | Actual Aggregated,2026-08-02T14:20:02Z
2026-08-02T14:18:54Z,2026-08-02T16:18:54+0200,d03952b3-6528-494b-a5a9-803d5ba4eea1,2026-07-04T21:15:00Z,2026-07-04T23:15:00+0200,806.7,MW,FR,FR,actual_offshore_wind_generation,Wind Offshore | Actual Aggregated,2026-08-02T14:20:02Z
2026-08-02T14:18:54Z,2026-08-02T16:18:54+0200,d03952b3-6528-494b-a5a9-803d5ba4eea1,2026-07-04T21:30:00Z,2026-07-04T23:30:00+0200,764.32,MW,FR,FR,actual_offshore_wind_generation,Wind Offshore | Actual Aggregated,2026-08-02T14:20:02Z
2026-08-02T14:18:54Z,2026-08-02T16:18:54+0200,d03952b3-6528-494b-a5a9-803d5ba4eea1,2026-07-04T21:45:00Z,2026-07-04T23:45:00+0200,770.52,MW,FR,FR,actual_offshore_wind_generation,Wind Offshore | Actual Aggregated,2026-08-02T14:20:02Z
2026-08-02T14:18:54Z,2026-08-02T16:18:54+0200,d03952b3-6528-494b-a5a9-803d5ba4eea1,2026-07-04T22:00:00Z,2026-07-05T00:00:00+0200,773.63,MW,FR,FR,actual_offshore_wind_generation,Wind Offshore | Actual Aggregated,2026-08-02T14:20:02Z
2026-08-02T14:18:54Z,2026-08-02T16:18:54+0200,d03952b3-6528-494b-a5a9-803d5ba4eea1,2026-07-04T22:15:00Z,2026-07-05T00:15:00+0200,764.39,MW,FR,FR,actual_offshore_wind_generation,Wind Offshore | Actual Aggregated,2026-08-02T14:20:02Z
2026-08-02T14:18:54Z,2026-08-02T16:18:54+0200,d03952b3-6528-494b-a5a9-803d5ba4eea1,2026-07-04T22:30:00Z,2026-07-05T00:30:00+0200,781.08,MW,FR,FR,actual_offshore_wind_generation,Wind Offshore | Actual Aggregated,2026-08-02T14:20:02Z
2026-08-02T14:18:54Z,2026-08-02T16:18:54+0200,d03952b3-6528-494b-a5a9-803d5ba4eea1,2026-07-04T22:45:00Z,2026-07-05T00:45:00+0200,787.19,MW,FR,FR,actual_offshore_wind_generation,Wind Offshore | Actual Aggregated,2026-08-02T14:20:02Z
2026-08-02T14:18:54Z,2026-08-02T16:18:54+0200,d03952b3-6528-494b-a5a9-803d5ba4eea1,2026-07-04T23:00:00Z,2026-07-05T01:00:00+0200,806.45,MW,FR,FR,actual_offshore_wind_generation,Wind Offshore | Actual Aggregated,2026-08-02T14:20:02Z
2026-08-02T14:18:54Z,2026-08-02T16:18:54+0200,d03952b3-6528-494b-a5a9-803d5ba4eea1,2026-07-04T23:15:00Z,2026-07-05T01:15:00+0200,820.53,MW,FR,FR,actual_offshore_wind_generation,Wind Offshore | Actual Aggregated,2026-08-02T14:20:02Z
2026-08-02T14:18:54Z,2026-08-02T16:18:54+0200,d03952b3-6528-494b-a5a9-803d5ba4eea1,2026-07-04T23:30:00Z,2026-07-05T01:30:00+0200,820.69,MW,FR,FR,actual_offshore_wind_generation,Wind Offshore | Actual Aggregated,2026-08-02T14:20:02Z
2026-08-02T14:18:54Z,2026-08-02T16:18:54+0200,d03952b3-6528-494b-a5a9-803d5ba4eea1,2026-07-04T23:45:00Z,2026-07-05T01:45:00+0200,771.7,MW,FR,FR,actual_offshore_wind_generation,Wind Offshore | Actual Aggregated,2026-08-02T14:20:02Z
2026-08-02T14:18:54Z,2026-08-02T16:18:54+0200,d03952b3-6528-494b-a5a9-803d5ba4eea1,2026-07-05T00:00:00Z,2026-07-05T02:00:00+0200,750.14,MW,FR,FR,actual_offshore_wind_generation,Wind Offshore | Actual Aggregated,2026-08-02T14:20:02Z
2026-08-02T14:18:54Z,2026-08-02T16:18:54+0200,d03952b3-6528-494b-a5a9-803d5ba4eea1,2026-07-05T00:15:00Z,2026-07-05T02:15:00+0200,687.56,MW,FR,FR,actual_offshore_wind_generation,Wind Offshore | Actual Aggregated,2026-08-02T14:20:02Z
2026-08-02T14:18:54Z,2026-08-02T16:18:54+0200,d03952b3-6528-494b-a5a9-803d5ba4eea1,2026-07-05T00:30:00Z,2026-07-05T02:30:00+0200,604.84,MW,FR,FR,actual_offshore_wind_generation,Wind Offshore | Actual Aggregated,2026-08-02T14:20:02Z
2026-08-02T14:18:54Z,2026-08-02T16:18:54+0200,d03952b3-6528-494b-a5a9-803d5ba4eea1,2026-07-05T00:45:00Z,2026-07-05T02:45:00+0200,536.01,MW,FR,FR,actual_offshore_wind_generation,Wind Offshore | Actual Aggregated,2026-08-02T14:20:02Z
2026-08-02T14:18:54Z,2026-08-02T16:18:54+0200,d03952b3-6528-494b-a5a9-803d5ba4eea1,2026-07-05T01:00:00Z,2026-07-05T03:00:00+0200,517.1,MW,FR,FR,actual_offshore_wind_generation,Wind Offshore | Actual Aggregated,2026-08-02T14:20:02Z
2026-08-02T14:18:54Z,2026-08-02T16:18:54+0200,d03952b3-6528-494b-a5a9-803d5ba4eea1,2026-07-05T01:15:00Z,2026-07-05T03:15:00+0200,452.12,MW,FR,FR,actual_offshore_wind_generation,Wind Offshore | Actual Aggregated,2026-08-02T14:20:02Z
2026-08-02T14:18:54Z,2026-08-02T16:18:54+0200,d03952b3-6528-494b-a5a9-803d5ba4eea1,2026-07-05T01:30:00Z,2026-07-05T03:30:00+0200,415.07,MW,FR,FR,actual_offshore_wind_generation,Wind Offshore | Actual Aggregated,2026-08-02T14:20:02Z
2026-08-02T14:18:54Z,2026-08-02T16:18:54+0200,d03952b3-6528-494b-a5a9-803d5ba4eea1,2026-07-05T01:45:00Z,2026-07-05T03:45:00+0200,387.96,MW,FR,FR,actual_offshore_wind_generation,Wind Offshore | Actual Aggregated,2026-08-02T14:20:02Z
2026-08-02T14:18:54Z,2026-08-02T16:18:54+0200,d03952b3-6528-494b-a5a9-803d5ba4eea1,2026-07-05T02:00:00Z,2026-07-05T04:00:00+0200,391.81,MW,FR,FR,actual_offshore_wind_generation,Wind Offshore | Actual Aggregated,2026-08-02T14:20:02Z
2026-08-02T14:18:54Z,2026-08-02T16:18:54+0200,d03952b3-6528-494b-a5a9-803d5ba4eea1,2026-07-05T02:15:00Z,2026-07-05T04:15:00+0200,377.59,MW,FR,FR,actual_offshore_wind_generation,Wind Offshore | Actual Aggregated,2026-08-02T14:20:02Z
2026-08-02T14:18:54Z,2026-08-02T16:18:54+0200,d03952b3-6528-494b-a5a9-803d5ba4eea1,2026-07-05T02:30:00Z,2026-07-05T04:30:00+0200,355.41,MW,FR,FR,actual_offshore_wind_generation,Wind Offshore | Actual Aggregated,2026-08-02T14:20:02Z
2026-08-02T14:18:54Z,2026-08-02T16:18:54+0200,d03952b3-6528-494b-a5a9-803d5ba4eea1,2026-07-05T02:45:00Z,2026-07-05T04:45:00+0200,352.31,MW,FR,FR,actual_offshore_wind_generation,Wind Offshore | Actual Aggregated,2026-08-02T14:20:02Z
2026-08-02T14:18:54Z,2026-08-02T16:18:54+0200,d03952b3-6528-494b-a5a9-803d5ba4eea1,2026-07-05T03:00:00Z,2026-07-05T05:00:00+0200,350.08,MW,FR,FR,actual_offshore_wind_generation,Wind Offshore | Actual Aggregated,2026-08-02T14:20:02Z
2026-08-02T14:18:54Z,2026-08-02T16:18:54+0200,d03952b3-6528-494b-a5a9-803d5ba4eea1,2026-07-05T03:15:00Z,2026-07-05T05:15:00+0200,337.19,MW,FR,FR,actual_offshore_wind_generation,Wind Offshore | Actual Aggregated,2026-08-02T14:20:02Z
2026-08-02T14:18:54Z,2026-08-02T16:18:54+0200,d03952b3-6528-494b-a5a9-803d5ba4eea1,2026-07-05T03:30:00Z,2026-07-05T05:30:00+0200,311.11,MW,FR,FR,actual_offshore_wind_generation,Wind Offshore | Actual Aggregated,2026-08-02T14:20:02Z
2026-08-02T14:18:54Z,2026-08-02T16:18:54+0200,d03952b3-6528-494b-a5a9-803d5ba4eea1,2026-07-05T03:45:00Z,2026-07-05T05:45:00+0200,292.96,MW,FR,FR,actual_offshore_wind_generation,Wind Offshore | Actual Aggregated,2026-08-02T14:20:02Z
2026-08-02T14:18:54Z,2026-08-02T16:18:54+0200,d03952b3-6528-494b-a5a9-803d5ba4eea1,2026-07-05T04:00:00Z,2026-07-05T06:00:00+0200,255.43,MW,FR,FR,actual_offshore_wind_generation,Wind Offshore | Actual Aggregated,2026-08-02T14:20:02Z
2026-08-02T14:18:54Z,2026-08-02T16:18:54+0200,d03952b3-6528-494b-a5a9-803d5ba4eea1,2026-07-05T04:15:00Z,2026-07-05T06:15:00+0200,213.19,MW,FR,FR,actual_offshore_wind_generation,Wind Offshore | Actual Aggregated,2026-08-02T14:20:02Z
2026-08-02T14:18:54Z,2026-08-02T16:18:54+0200,d03952b3-6528-494b-a5a9-803d5ba4eea1,2026-07-05T04:30:00Z,2026-07-05T06:30:00+0200,206.41,MW,FR,FR,actual_offshore_wind_generation,Wind Offshore | Actual Aggregated,2026-08-02T14:20:02Z
2026-08-02T14:18:54Z,2026-08-02T16:18:54+0200,d03952b3-6528-494b-a5a9-803d5ba4eea1,2026-07-05T04:45:00Z,2026-07-05T06:45:00+0200,206.38,MW,FR,FR,actual_offshore_wind_generation,Wind Offshore | Actual Aggregated,2026-08-02T14:20:02Z
2026-08-02T14:18:54Z,2026-08-02T16:18:54+0200,d03952b3-6528-494b-a5a9-803d5ba4eea1,2026-07-05T05:00:00Z,2026-07-05T07:00:00+0200,177.04,MW,FR,FR,actual_offshore_wind_generation,Wind Offshore | Actual Aggregated,2026-08-02T14:20:02Z
2026-08-02T14:18:54Z,2026-08-02T16:18:54+0200,d03952b3-6528-494b-a5a9-803d5ba4eea1,2026-07-05T05:15:00Z,2026-07-05T07:15:00+0200,148.32,MW,FR,FR,actual_offshore_wind_generation,Wind Offshore | Actual Aggregated,2026-08-02T14:20:02Z
2026-08-02T14:18:54Z,2026-08-02T16:18:54+0200,d03952b3-6528-494b-a5a9-803d5ba4eea1,2026-07-05T05:30:00Z,2026-07-05T07:30:00+0200,142.0,MW,FR,FR,actual_offshore_wind_generation,Wind Offshore | Actual Aggregated,2026-08-02T14:20:02Z
2026-08-02T14:18:54Z,2026-08-02T16:18:54+0200,d03952b3-6528-494b-a5a9-803d5ba4eea1,2026-07-05T05:45:00Z,2026-07-05T07:45:00+0200,130.22,MW,FR,FR,actual_offshore_wind_generation,Wind Offshore | Actual Aggregated,2026-08-02T14:20:02Z
2026-08-02T14:18:54Z,2026-08-02T16:18:54+0200,d03952b3-6528-494b-a5a9-803d5ba4eea1,2026-07-05T06:00:00Z,2026-07-05T08:00:00+0200,117.62,MW,FR,FR,actual_offshore_wind_generation,Wind Offshore | Actual Aggregated,2026-08-02T14:20:02Z
2026-08-02T14:18:54Z,2026-08-02T16:18:54+0200,d03952b3-6528-494b-a5a9-803d5ba4eea1,2026-07-05T06:15:00Z,2026-07-05T08:15:00+0200,113.65,MW,FR,FR,actual_offshore_wind_generation,Wind Offshore | Actual Aggregated,2026-08-02T14:20:02Z
2026-08-02T14:18:54Z,2026-08-02T16:18:54+0200,d03952b3-6528-494b-a5a9-803d5ba4eea1,2026-07-05T06:30:00Z,2026-07-05T08:30:00+0200,116.59,MW,FR,FR,actual_offshore_wind_generation,Wind Offshore | Actual Aggregated,2026-08-02T14:20:02Z
2026-08-02T14:18:54Z,2026-08-02T16:18:54+0200,d03952b3-6528-494b-a5a9-803d5ba4eea1,2026-07-05T06:45:00Z,2026-07-05T08:45:00+0200,121.84,MW,FR,FR,actual_offshore_wind_generation,Wind Offshore | Actual Aggregated,2026-08-02T14:20:02Z
2026-08-02T14:18:54Z,2026-08-02T16:18:54+0200,d03952b3-6528-494b-a5a9-803d5ba4eea1,2026-07-05T07:00:00Z,2026-07-05T09:00:00+0200,118.3,MW,FR,FR,actual_offshore_wind_generation,Wind Offshore | Actual Aggregated,2026-08-02T14:20:02Z
2026-08-02T14:18:54Z,2026-08-02T16:18:54+0200,d03952b3-6528-494b-a5a9-803d5ba4eea1,2026-07-05T07:15:00Z,2026-07-05T09:15:00+0200,110.54,MW,FR,FR,actual_offshore_wind_generation,Wind Offshore | Actual Aggregated,2026-08-02T14:20:02Z
2026-08-02T14:18:54Z,2026-08-02T16:18:54+0200,d03952b3-6528-494b-a5a9-803d5ba4eea1,2026-07-05T07:30:00Z,2026-07-05T09:30:00+0200,109.65,MW,FR,FR,actual_offshore_wind_generation,Wind Offshore | Actual Aggregated,2026-08-02T14:20:02Z
2026-08-02T14:18:54Z,2026-08-02T16:18:54+0200,d03952b3-6528-494b-a5a9-803d5ba4eea1,2026-07-05T07:45:00Z,2026-07-05T09:45:00+0200,133.76,MW,FR,FR,actual_offshore_wind_generation,Wind Offshore | Actual Aggregated,2026-08-02T14:20:02Z
2026-08-02T14:18:54Z,2026-08-02T16:18:54+0200,d03952b3-6528-494b-a5a9-803d5ba4eea1,2026-07-05T08:00:00Z,2026-07-05T10:00:00+0200,132.72,MW,FR,FR,actual_offshore_wind_generation,Wind Offshore | Actual Aggregated,2026-08-02T14:20:02Z
2026-08-02T14:18:54Z,2026-08-02T16:18:54+0200,d03952b3-6528-494b-a5a9-803d5ba4eea1,2026-07-05T08:15:00Z,2026-07-05T10:15:00+0200,121.78,MW,FR,FR,actual_offshore_wind_generation,Wind Offshore | Actual Aggregated,2026-08-02T14:20:02Z
2026-08-02T14:18:54Z,2026-08-02T16:18:54+0200,d03952b3-6528-494b-a5a9-803d5ba4eea1,2026-07-05T08:30:00Z,2026-07-05T10:30:00+0200,86.15,MW,FR,FR,actual_offshore_wind_generation,Wind Offshore | Actual Aggregated,2026-08-02T14:20:02Z
2026-08-02T14:18:54Z,2026-08-02T16:18:54+0200,d03952b3-6528-494b-a5a9-803d5ba4eea1,2026-07-05T08:45:00Z,2026-07-05T10:45:00+0200,68.01,MW,FR,FR,actual_offshore_wind_generation,Wind Offshore | Actual Aggregated,2026-08-02T14:20:02Z
2026-08-02T14:18:54Z,2026-08-02T16:18:54+0200,d03952b3-6528-494b-a5a9-803d5ba4eea1,2026-07-05T09:00:00Z,2026-07-05T11:00:00+0200,75.05,MW,FR,FR,actual_offshore_wind_generation,Wind Offshore | Actual Aggregated,2026-08-02T14:20:02Z
2026-08-02T14:18:54Z,2026-08-02T16:18:54+0200,d03952b3-6528-494b-a5a9-803d5ba4eea1,2026-07-05T09:15:00Z,2026-07-05T11:15:00+0200,77.32,MW,FR,FR,actual_offshore_wind_generation,Wind Offshore | Actual Aggregated,2026-08-02T14:20:02Z
2026-08-02T14:18:54Z,2026-08-02T16:18:54+0200,d03952b3-6528-494b-a5a9-803d5ba4eea1,2026-07-05T09:30:00Z,2026-07-05T11:30:00+0200,62.91,MW,FR,FR,actual_offshore_wind_generation,Wind Offshore | Actual Aggregated,2026-08-02T14:20:02Z
2026-08-02T14:18:54Z,2026-08-02T16:18:54+0200,d03952b3-6528-494b-a5a9-803d5ba4eea1,2026-07-05T09:45:00Z,2026-07-05T11:45:00+0200,76.1,MW,FR,FR,actual_offshore_wind_generation,Wind Offshore | Actual Aggregated,2026-08-02T14:20:02Z
2026-08-02T14:18:54Z,2026-08-02T16:18:54+0200,d03952b3-6528-494b-a5a9-803d5ba4eea1,2026-07-05T10:00:00Z,2026-07-05T12:00:00+0200,92.93,MW,FR,FR,actual_offshore_wind_generation,Wind Offshore | Actual Aggregated,2026-08-02T14:20:02Z
2026-08-02T14:18:54Z,2026-08-02T16:18:54+0200,d03952b3-6528-494b-a5a9-803d5ba4eea1,2026-07-05T10:15:00Z,2026-07-05T12:15:00+0200,95.36,MW,FR,FR,actual_offshore_wind_generation,Wind Offshore | Actual Aggregated,2026-08-02T14:20:02Z
2026-08-02T14:18:54Z,2026-08-02T16:18:54+0200,d03952b3-6528-494b-a5a9-803d5ba4eea1,2026-07-05T10:30:00Z,2026-07-05T12:30:00+0200,88.45,MW,FR,FR,actual_offshore_wind_generation,Wind Offshore | Actual Aggregated,2026-08-02T14:20:02Z
2026-08-02T14:18:54Z,2026-08-02T16:18:54+0200,d03952b3-6528-494b-a5a9-803d5ba4eea1,2026-07-05T10:45:00Z,2026-07-05T12:45:00+0200,67.03,MW,FR,FR,actual_offshore_wind_generation,Wind Offshore | Actual Aggregated,2026-08-02T14:20:02Z
2026-08-02T14:18:54Z,2026-08-02T16:18:54+0200,d03952b3-6528-494b-a5a9-803d5ba4eea1,2026-07-05T11:00:00Z,2026-07-05T13:00:00+0200,57.61,MW,FR,FR,actual_offshore_wind_generation,Wind Offshore | Actual Aggregated,2026-08-02T14:20:02Z
2026-08-02T14:18:54Z,2026-08-02T16:18:54+0200,d03952b3-6528-494b-a5a9-803d5ba4eea1,2026-07-05T11:15:00Z,2026-07-05T13:15:00+0200,53.86,MW,FR,FR,actual_offshore_wind_generation,Wind Offshore | Actual Aggregated,2026-08-02T14:20:02Z
2026-08-02T14:18:54Z,2026-08-02T16:18:54+0200,d03952b3-6528-494b-a5a9-803d5ba4eea1,2026-07-05T11:30:00Z,2026-07-05T13:30:00+0200,47.51,MW,FR,FR,actual_offshore_wind_generation,Wind Offshore | Actual Aggregated,2026-08-02T14:20:02Z
2026-08-02T14:18:54Z,2026-08-02T16:18:54+0200,d03952b3-6528-494b-a5a9-803d5ba4eea1,2026-07-05T11:45:00Z,2026-07-05T13:45:00+0200,45.48,MW,FR,FR,actual_offshore_wind_generation,Wind Offshore | Actual Aggregated,2026-08-02T14:20:02Z
2026-08-02T14:18:54Z,2026-08-02T16:18:54+0200,d03952b3-6528-494b-a5a9-803d5ba4eea1,2026-07-05T12:00:00Z,2026-07-05T14:00:00+0200,44.85,MW,FR,FR,actual_offshore_wind_generation,Wind Offshore | Actual Aggregated,2026-08-02T14:20:02Z
2026-08-02T14:18:54Z,2026-08-02T16:18:54+0200,d03952b3-6528-494b-a5a9-803d5ba4eea1,2026-07-05T12:15:00Z,2026-07-05T14:15:00+0200,44.35,MW,FR,FR,actual_offshore_wind_generation,Wind Offshore | Actual Aggregated,2026-08-02T14:20:02Z
2026-08-02T14:18:54Z,2026-08-02T16:18:54+0200,d03952b3-6528-494b-a5a9-803d5ba4eea1,2026-07-05T12:30:00Z,2026-07-05T14:30:00+0200,39.49,MW,FR,FR,actual_offshore_wind_generation,Wind Offshore | Actual Aggregated,2026-08-02T14:20:02Z
2026-08-02T14:18:54Z,2026-08-02T16:18:54+0200,d03952b3-6528-494b-a5a9-803d5ba4eea1,2026-07-05T12:45:00Z,2026-07-05T14:45:00+0200,39.71,MW,FR,FR,actual_offshore_wind_generation,Wind Offshore | Actual Aggregated,2026-08-02T14:20:02Z
2026-08-02T14:18:54Z,2026-08-02T16:18:54+0200,d03952b3-6528-494b-a5a9-803d5ba4eea1,2026-07-05T13:00:00Z,2026-07-05T15:00:00+0200,42.32,MW,FR,FR,actual_offshore_wind_generation,Wind Offshore | Actual Aggregated,2026-08-02T14:20:02Z
2026-08-02T14:18:54Z,2026-08-02T16:18:54+0200,d03952b3-6528-494b-a5a9-803d5ba4eea1,2026-07-05T13:15:00Z,2026-07-05T15:15:00+0200,49.13,MW,FR,FR,actual_offshore_wind_generation,Wind Offshore | Actual Aggregated,2026-08-02T14:20:02Z
2026-08-02T14:18:54Z,2026-08-02T16:18:54+0200,d03952b3-6528-494b-a5a9-803d5ba4eea1,2026-07-05T13:30:00Z,2026-07-05T15:30:00+0200,50.39,MW,FR,FR,actual_offshore_wind_generation,Wind Offshore | Actual Aggregated,2026-08-02T14:20:02Z
2026-08-02T14:18:54Z,2026-08-02T16:18:54+0200,d03952b3-6528-494b-a5a9-803d5ba4eea1,2026-07-05T13:45:00Z,2026-07-05T15:45:00+0200,48.78,MW,FR,FR,actual_offshore_wind_generation,Wind Offshore | Actual Aggregated,2026-08-02T14:20:02Z
2026-08-02T14:18:54Z,2026-08-02T16:18:54+0200,d03952b3-6528-494b-a5a9-803d5ba4eea1,2026-07-05T14:00:00Z,2026-07-05T16:00:00+0200,51.85,MW,FR,FR,actual_offshore_wind_generation,Wind Offshore | Actual Aggregated,2026-08-02T14:20:02Z
2026-08-02T14:18:54Z,2026-08-02T16:18:54+0200,d03952b3-6528-494b-a5a9-803d5ba4eea1,2026-07-05T14:15:00Z,2026-07-05T16:15:00+0200,76.68,MW,FR,FR,actual_offshore_wind_generation,Wind Offshore | Actual Aggregated,2026-08-02T14:20:02Z
2026-08-02T14:18:54Z,2026-08-02T16:18:54+0200,d03952b3-6528-494b-a5a9-803d5ba4eea1,2026-07-05T14:30:00Z,2026-07-05T16:30:00+0200,97.52,MW,FR,FR,actual_offshore_wind_generation,Wind Offshore | Actual Aggregated,2026-08-02T14:20:02Z
2026-08-02T14:18:54Z,2026-08-02T16:18:54+0200,d03952b3-6528-494b-a5a9-803d5ba4eea1,2026-07-05T14:45:00Z,2026-07-05T16:45:00+0200,93.73,MW,FR,FR,actual_offshore_wind_generation,Wind Offshore | Actual Aggregated,2026-08-02T14:20:02Z
2026-08-02T14:18:54Z,2026-08-02T16:18:54+0200,d03952b3-6528-494b-a5a9-803d5ba4eea1,2026-07-05T15:00:00Z,2026-07-05T17:00:00+0200,88.66,MW,FR,FR,actual_offshore_wind_generation,Wind Offshore | Actual Aggregated,2026-08-02T14:20:02Z
2026-08-02T14:18:54Z,2026-08-02T16:18:54+0200,d03952b3-6528-494b-a5a9-803d5ba4eea1,2026-07-05T15:15:00Z,2026-07-05T17:15:00+0200,85.23,MW,FR,FR,actual_offshore_wind_generation,Wind Offshore | Actual Aggregated,2026-08-02T14:20:02Z
2026-08-02T14:18:54Z,2026-08-02T16:18:54+0200,d03952b3-6528-494b-a5a9-803d5ba4eea1,2026-07-05T15:30:00Z,2026-07-05T17:30:00+0200,70.97,MW,FR,FR,actual_offshore_wind_generation,Wind Offshore | Actual Aggregated,2026-08-02T14:20:02Z
2026-08-02T14:18:54Z,2026-08-02T16:18:54+0200,d03952b3-6528-494b-a5a9-803d5ba4eea1,2026-07-05T15:45:00Z,2026-07-05T17:45:00+0200,48.13,MW,FR,FR,actual_offshore_wind_generation,Wind Offshore | Actual Aggregated,2026-08-02T14:20:02Z
2026-08-02T14:18:54Z,2026-08-02T16:18:54+0200,d03952b3-6528-494b-a5a9-803d5ba4eea1,2026-07-05T16:00:00Z,2026-07-05T18:00:00+0200,30.88,MW,FR,FR,actual_offshore_wind_generation,Wind Offshore | Actual Aggregated,2026-08-02T14:20:02Z
2026-08-02T14:18:54Z,2026-08-02T16:18:54+0200,d03952b3-6528-494b-a5a9-803d5ba4eea1,2026-07-05T16:15:00Z,2026-07-05T18:15:00+0200,21.01,MW,FR,FR,actual_offshore_wind_generation,Wind Offshore | Actual Aggregated,2026-08-02T14:20:02Z
2026-08-02T14:18:54Z,2026-08-02T16:18:54+0200,d03952b3-6528-494b-a5a9-803d5ba4eea1,2026-07-05T16:30:00Z,2026-07-05T18:30:00+0200,23.31,MW,FR,FR,actual_offshore_wind_generation,Wind Offshore | Actual Aggregated,2026-08-02T14:20:02Z
2026-08-02T14:18:54Z,2026-08-02T16:18:54+0200,d03952b3-6528-494b-a5a9-803d5ba4eea1,2026-07-05T16:45:00Z,2026-07-05T18:45:00+0200,28.71,MW,FR,FR,actual_offshore_wind_generation,Wind Offshore | Actual Aggregated,2026-08-02T14:20:02Z
2026-08-02T14:18:54Z,2026-08-02T16:18:54+0200,d03952b3-6528-494b-a5a9-803d5ba4eea1,2026-07-05T17:00:00Z,2026-07-05T19:00:00+0200,38.39,MW,FR,FR,actual_offshore_wind_generation,Wind Offshore | Actual Aggregated,2026-08-02T14:20:02Z
2026-08-02T14:18:54Z,2026-08-02T16:18:54+0200,d03952b3-6528-494b-a5a9-803d5ba4eea1,2026-07-05T17:15:00Z,2026-07-05T19:15:00+0200,56.58,MW,FR,FR,actual_offshore_wind_generation,Wind Offshore | Actual Aggregated,2026-08-02T14:20:02Z
2026-08-02T14:18:54Z,2026-08-02T16:18:54+0200,d03952b3-6528-494b-a5a9-803d5ba4eea1,2026-07-05T17:30:00Z,2026-07-05T19:30:00+0200,76.67,MW,FR,FR,actual_offshore_wind_generation,Wind Offshore | Actual Aggregated,2026-08-02T14:20:02Z
2026-08-02T14:18:54Z,2026-08-02T16:18:54+0200,d03952b3-6528-494b-a5a9-803d5ba4eea1,2026-07-05T17:45:00Z,2026-07-05T19:45:00+0200,86.72,MW,FR,FR,actual_offshore_wind_generation,Wind Offshore | Actual Aggregated,2026-08-02T14:20:02Z
2026-08-02T14:18:54Z,2026-08-02T16:18:54+0200,d03952b3-6528-494b-a5a9-803d5ba4eea1,2026-07-05T18:00:00Z,2026-07-05T20:00:00+0200,90.21,MW,FR,FR,actual_offshore_wind_generation,Wind Offshore | Actual Aggregated,2026-08-02T14:20:02Z
2026-08-02T14:18:54Z,2026-08-02T16:18:54+0200,d03952b3-6528-494b-a5a9-803d5ba4eea1,2026-07-05T18:15:00Z,2026-07-05T20:15:00+0200,108.09,MW,FR,FR,actual_offshore_wind_generation,Wind Offshore | Actual Aggregated,2026-08-02T14:20:02Z
2026-08-02T14:18:54Z,2026-08-02T16:18:54+0200,d03952b3-6528-494b-a5a9-803d5ba4eea1,2026-07-05T18:30:00Z,2026-07-05T20:30:00+0200,140.34,MW,FR,FR,actual_offshore_wind_generation,Wind Offshore | Actual Aggregated,2026-08-02T14:20:02Z
2026-08-02T14:18:54Z,2026-08-02T16:18:54+0200,d03952b3-6528-494b-a5a9-803d5ba4eea1,2026-07-05T18:45:00Z,2026-07-05T20:45:00+0200,155.2,MW,FR,FR,actual_offshore_wind_generation,Wind Offshore | Actual Aggregated,2026-08-02T14:20:02Z
2026-08-02T14:18:54Z,2026-08-02T16:18:54+0200,d03952b3-6528-494b-a5a9-803d5ba4eea1,2026-07-05T19:00:00Z,2026-07-05T21:00:00+0200,163.92,MW,FR,FR,actual_offshore_wind_generation,Wind Offshore | Actual Aggregated,2026-08-02T14:20:02Z
2026-08-02T14:18:54Z,2026-08-02T16:18:54+0200,d03952b3-6528-494b-a5a9-803d5ba4eea1,2026-07-05T19:15:00Z,2026-07-05T21:15:00+0200,179.04,MW,FR,FR,actual_offshore_wind_generation,Wind Offshore | Actual Aggregated,2026-08-02T14:20:02Z
2026-08-02T14:18:54Z,2026-08-02T16:18:54+0200,d03952b3-6528-494b-a5a9-803d5ba4eea1,2026-07-05T19:30:00Z,2026-07-05T21:30:00+0200,202.44,MW,FR,FR,actual_offshore_wind_generation,Wind Offshore | Actual Aggregated,2026-08-02T14:20:02Z
2026-08-02T14:18:54Z,2026-08-02T16:18:54+0200,d03952b3-6528-494b-a5a9-803d5ba4eea1,2026-07-05T19:45:00Z,2026-07-05T21:45:00+0200,210.91,MW,FR,FR,actual_offshore_wind_generation,Wind Offshore | Actual Aggregated,2026-08-02T14:20:02Z
2026-08-02T14:18:54Z,2026-08-02T16:18:54+0200,d03952b3-6528-494b-a5a9-803d5ba4eea1,2026-07-05T20:00:00Z,2026-07-05T22:00:00+0200,221.13,MW,FR,FR,actual_offshore_wind_generation,Wind Offshore | Actual Aggregated,2026-08-02T14:20:02Z
2026-08-02T14:18:54Z,2026-08-02T16:18:54+0200,d03952b3-6528-494b-a5a9-803d5ba4eea1,2026-07-05T20:15:00Z,2026-07-05T22:15:00+0200,244.79,MW,FR,FR,actual_offshore_wind_generation,Wind Offshore | Actual Aggregated,2026-08-02T14:20:02Z
2026-08-02T14:18:54Z,2026-08-02T16:18:54+0200,d03952b3-6528-494b-a5a9-803d5ba4eea1,2026-07-05T20:30:00Z,2026-07-05T22:30:00+0200,268.96,MW,FR,FR,actual_offshore_wind_generation,Wind Offshore | Actual Aggregated,2026-08-02T14:20:02Z
2026-08-02T14:18:54Z,2026-08-02T16:18:54+0200,d03952b3-6528-494b-a5a9-803d5ba4eea1,2026-07-05T20:45:00Z,2026-07-05T22:45:00+0200,303.84,MW,FR,FR,actual_offshore_wind_generation,Wind Offshore | Actual Aggregated,2026-08-02T14:20:02Z
2026-08-02T14:18:54Z,2026-08-02T16:18:54+0200,d03952b3-6528-494b-a5a9-803d5ba4eea1,2026-07-05T21:00:00Z,2026-07-05T23:00:00+0200,332.24,MW,FR,FR,actual_offshore_wind_generation,Wind Offshore | Actual Aggregated,2026-08-02T14:20:02Z
2026-08-02T14:18:54Z,2026-08-02T16:18:54+0200,d03952b3-6528-494b-a5a9-803d5ba4eea1,2026-07-05T21:15:00Z,2026-07-05T23:15:00+0200,343.95,MW,FR,FR,actual_offshore_wind_generation,Wind Offshore | Actual Aggregated,2026-08-02T14:20:02Z
2026-08-02T14:18:54Z,2026-08-02T16:18:54+0200,d03952b3-6528-494b-a5a9-803d5ba4eea1,2026-07-05T21:30:00Z,2026-07-05T23:30:00+0200,366.44,MW,FR,FR,actual_offshore_wind_generation,Wind Offshore | Actual Aggregated,2026-08-02T14:20:02Z
2026-08-02T14:18:54Z,2026-08-02T16:18:54+0200,d03952b3-6528-494b-a5a9-803d5ba4eea1,2026-07-05T21:45:00Z,2026-07-05T23:45:00+0200,377.12,MW,FR,FR,actual_offshore_wind_generation,Wind Offshore | Actual Aggregated,2026-08-02T14:20:02Z
2026-08-02T14:18:54Z,2026-08-02T16:18:54+0200,d03952b3-6528-494b-a5a9-803d5ba4eea1,2026-07-05T22:00:00Z,2026-07-06T00:00:00+0200,392.41,MW,FR,FR,actual_offshore_wind_generation,Wind Offshore | Actual Aggregated,2026-08-02T14:20:02Z
2026-08-02T14:18:54Z,2026-08-02T16:18:54+0200,d03952b3-6528-494b-a5a9-803d5ba4eea1,2026-07-05T22:15:00Z,2026-07-06T00:15:00+0200,433.93,MW,FR,FR,actual_offshore_wind_generation,Wind Offshore | Actual Aggregated,2026-08-02T14:20:02Z
2026-08-02T14:18:54Z,2026-08-02T16:18:54+0200,d03952b3-6528-494b-a5a9-803d5ba4eea1,2026-07-05T22:30:00Z,2026-07-06T00:30:00+0200,480.3,MW,FR,FR,actual_offshore_wind_generation,Wind Offshore | Actual Aggregated,2026-08-02T14:20:02Z
2026-08-02T14:18:54Z,2026-08-02T16:18:54+0200,d03952b3-6528-494b-a5a9-803d5ba4eea1,2026-07-05T22:45:00Z,2026-07-06T00:45:00+0200,504.73,MW,FR,FR,actual_offshore_wind_generation,Wind Offshore | Actual Aggregated,2026-08-02T14:20:02Z
2026-08-02T14:18:54Z,2026-08-02T16:18:54+0200,d03952b3-6528-494b-a5a9-803d5ba4eea1,2026-07-05T23:00:00Z,2026-07-06T01:00:00+0200,529.64,MW,FR,FR,actual_offshore_wind_generation,Wind Offshore | Actual Aggregated,2026-08-02T14:20:02Z
2026-08-02T14:18:54Z,2026-08-02T16:18:54+0200,d03952b3-6528-494b-a5a9-803d5ba4eea1,2026-07-05T23:15:00Z,2026-07-06T01:15:00+0200,567.73,MW,FR,FR,actual_offshore_wind_generation,Wind Offshore | Actual Aggregated,2026-08-02T14:20:02Z
2026-08-02T14:18:54Z,2026-08-02T16:18:54+0200,d03952b3-6528-494b-a5a9-803d5ba4eea1,2026-07-05T23:30:00Z,2026-07-06T01:30:00+0200,595.17,MW,FR,FR,actual_offshore_wind_generation,Wind Offshore | Actual Aggregated,2026-08-02T14:20:02Z
2026-08-02T14:18:54Z,2026-08-02T16:18:54+0200,d03952b3-6528-494b-a5a9-803d5ba4eea1,2026-07-05T23:45:00Z,2026-07-06T01:45:00+0200,599.33,MW,FR,FR,actual_offshore_wind_generation,Wind Offshore | Actual Aggregated,2026-08-02T14:20:02Z
2026-08-02T14:18:54Z,2026-08-02T16:18:54+0200,d03952b3-6528-494b-a5a9-803d5ba4eea1,2026-07-06T00:00:00Z,2026-07-06T02:00:00+0200,546.76,MW,FR,FR,actual_offshore_wind_generation,Wind Offshore | Actual Aggregated,2026-08-02T14:20:02Z
2026-08-02T14:18:54Z,2026-08-02T16:18:54+0200,d03952b3-6528-494b-a5a9-803d5ba4eea1,2026-07-06T00:15:00Z,2026-07-06T02:15:00+0200,492.9,MW,FR,FR,actual_offshore_wind_generation,Wind Offshore | Actual Aggregated,2026-08-02T14:20:02Z
2026-08-02T14:18:54Z,2026-08-02T16:18:54+0200,d03952b3-6528-494b-a5a9-803d5ba4eea1,2026-07-06T00:30:00Z,2026-07-06T02:30:00+0200,464.17,MW,FR,FR,actual_offshore_wind_generation,Wind Offshore | Actual Aggregated,2026-08-02T14:20:02Z
2026-08-02T14:18:54Z,2026-08-02T16:18:54+0200,d03952b3-6528-494b-a5a9-803d5ba4eea1,2026-07-06T00:45:00Z,2026-07-06T02:45:00+0200,469.82,MW,FR,FR,actual_offshore_wind_generation,Wind Offshore | Actual Aggregated,2026-08-02T14:20:02Z
2026-08-02T14:18:54Z,2026-08-02T16:18:54+0200,d03952b3-6528-494b-a5a9-803d5ba4eea1,2026-07-06T01:00:00Z,2026-07-06T03:00:00+0200,472.25,MW,FR,FR,actual_offshore_wind_generation,Wind Offshore | Actual Aggregated,2026-08-02T14:20:02Z
2026-08-02T14:18:54Z,2026-08-02T16:18:54+0200,d03952b3-6528-494b-a5a9-803d5ba4eea1,2026-07-06T01:15:00Z,2026-07-06T03:15:00+0200,461.85,MW,FR,FR,actual_offshore_wind_generation,Wind Offshore | Actual Aggregated,2026-08-02T14:20:02Z
2026-08-02T14:18:54Z,2026-08-02T16:18:54+0200,d03952b3-6528-494b-a5a9-803d5ba4eea1,2026-07-06T01:30:00Z,2026-07-06T03:30:00+0200,474.35,MW,FR,FR,actual_offshore_wind_generation,Wind Offshore | Actual Aggregated,2026-08-02T14:20:02Z
2026-08-02T14:18:54Z,2026-08-02T16:18:54+0200,d03952b3-6528-494b-a5a9-803d5ba4eea1,2026-07-06T01:45:00Z,2026-07-06T03:45:00+0200,470.88,MW,FR,FR,actual_offshore_wind_generation,Wind Offshore | Actual Aggregated,2026-08-02T14:20:02Z
2026-08-02T14:18:54Z,2026-08-02T16:18:54+0200,d03952b3-6528-494b-a5a9-803d5ba4eea1,2026-07-06T02:00:00Z,2026-07-06T04:00:00+0200,466.97,MW,FR,FR,actual_offshore_wind_generation,Wind Offshore | Actual Aggregated,2026-08-02T14:20:02Z
2026-08-02T14:18:54Z,2026-08-02T16:18:54+0200,d03952b3-6528-494b-a5a9-803d5ba4eea1,2026-07-06T02:15:00Z,2026-07-06T04:15:00+0200,468.46,MW,FR,FR,actual_offshore_wind_generation,Wind Offshore | Actual Aggregated,2026-08-02T14:20:02Z
2026-08-02T14:18:54Z,2026-08-02T16:18:54+0200,d03952b3-6528-494b-a5a9-803d5ba4eea1,2026-07-06T02:30:00Z,2026-07-06T04:30:00+0200,448.31,MW,FR,FR,actual_offshore_wind_generation,Wind Offshore | Actual Aggregated,2026-08-02T14:20:02Z
2026-08-02T14:18:54Z,2026-08-02T16:18:54+0200,d03952b3-6528-494b-a5a9-803d5ba4eea1,2026-07-06T02:45:00Z,2026-07-06T04:45:00+0200,432.77,MW,FR,FR,actual_offshore_wind_generation,Wind Offshore | Actual Aggregated,2026-08-02T14:20:02Z
2026-08-02T14:18:54Z,2026-08-02T16:18:54+0200,d03952b3-6528-494b-a5a9-803d5ba4eea1,2026-07-06T03:00:00Z,2026-07-06T05:00:00+0200,442.21,MW,FR,FR,actual_offshore_wind_generation,Wind Offshore | Actual Aggregated,2026-08-02T14:20:02Z
2026-08-02T14:18:54Z,2026-08-02T16:18:54+0200,d03952b3-6528-494b-a5a9-803d5ba4eea1,2026-07-06T03:15:00Z,2026-07-06T05:15:00+0200,439.79,MW,FR,FR,actual_offshore_wind_generation,Wind Offshore | Actual Aggregated,2026-08-02T14:20:02Z
2026-08-02T14:18:54Z,2026-08-02T16:18:54+0200,d03952b3-6528-494b-a5a9-803d5ba4eea1,2026-07-06T03:30:00Z,2026-07-06T05:30:00+0200,418.05,MW,FR,FR,actual_offshore_wind_generation,Wind Offshore | Actual Aggregated,2026-08-02T14:20:02Z
2026-08-02T14:18:54Z,2026-08-02T16:18:54+0200,d03952b3-6528-494b-a5a9-803d5ba4eea1,2026-07-06T03:45:00Z,2026-07-06T05:45:00+0200,404.32,MW,FR,FR,actual_offshore_wind_generation,Wind Offshore | Actual Aggregated,2026-08-02T14:20:02Z
2026-08-02T14:18:54Z,2026-08-02T16:18:54+0200,d03952b3-6528-494b-a5a9-803d5ba4eea1,2026-07-06T04:00:00Z,2026-07-06T06:00:00+0200,393.23,MW,FR,FR,actual_offshore_wind_generation,Wind Offshore | Actual Aggregated,2026-08-02T14:20:02Z
2026-08-02T14:18:54Z,2026-08-02T16:18:54+0200,d03952b3-6528-494b-a5a9-803d5ba4eea1,2026-07-06T04:15:00Z,2026-07-06T06:15:00+0200,383.78,MW,FR,FR,actual_offshore_wind_generation,Wind Offshore | Actual Aggregated,2026-08-02T14:20:02Z
2026-08-02T14:18:54Z,2026-08-02T16:18:54+0200,d03952b3-6528-494b-a5a9-803d5ba4eea1,2026-07-06T04:30:00Z,2026-07-06T06:30:00+0200,372.83,MW,FR,FR,actual_offshore_wind_generation,Wind Offshore | Actual Aggregated,2026-08-02T14:20:02Z
2026-08-02T14:18:54Z,2026-08-02T16:18:54+0200,d03952b3-6528-494b-a5a9-803d5ba4eea1,2026-07-06T04:45:00Z,2026-07-06T06:45:00+0200,354.03,MW,FR,FR,actual_offshore_wind_generation,Wind Offshore | Actual Aggregated,2026-08-02T14:20:02Z
2026-08-02T14:18:54Z,2026-08-02T16:18:54+0200,d03952b3-6528-494b-a5a9-803d5ba4eea1,2026-07-06T05:00:00Z,2026-07-06T07:00:00+0200,321.75,MW,FR,FR,actual_offshore_wind_generation,Wind Offshore | Actual Aggregated,2026-08-02T14:20:02Z
2026-08-02T14:18:54Z,2026-08-02T16:18:54+0200,d03952b3-6528-494b-a5a9-803d5ba4eea1,2026-07-06T05:15:00Z,2026-07-06T07:15:00+0200,315.58,MW,FR,FR,actual_offshore_wind_generation,Wind Offshore | Actual Aggregated,2026-08-02T14:20:02Z
2026-08-02T14:18:54Z,2026-08-02T16:18:54+0200,d03952b3-6528-494b-a5a9-803d5ba4eea1,2026-07-06T05:30:00Z,2026-07-06T07:30:00+0200,305.16,MW,FR,FR,actual_offshore_wind_generation,Wind Offshore | Actual Aggregated,2026-08-02T14:20:02Z
2026-08-02T14:18:54Z,2026-08-02T16:18:54+0200,d03952b3-6528-494b-a5a9-803d5ba4eea1,2026-07-06T05:45:00Z,2026-07-06T07:45:00+0200,290.05,MW,FR,FR,actual_offshore_wind_generation,Wind Offshore | Actual Aggregated,2026-08-02T14:20:02Z
2026-08-02T14:18:54Z,2026-08-02T16:18:54+0200,d03952b3-6528-494b-a5a9-803d5ba4eea1,2026-07-06T06:00:00Z,2026-07-06T08:00:00+0200,283.19,MW,FR,FR,actual_offshore_wind_generation,Wind Offshore | Actual Aggregated,2026-08-02T14:20:02Z
2026-08-02T14:18:54Z,2026-08-02T16:18:54+0200,d03952b3-6528-494b-a5a9-803d5ba4eea1,2026-07-06T06:15:00Z,2026-07-06T08:15:00+0200,267.53,MW,FR,FR,actual_offshore_wind_generation,Wind Offshore | Actual Aggregated,2026-08-02T14:20:02Z
2026-08-02T14:18:54Z,2026-08-02T16:18:54+0200,d03952b3-6528-494b-a5a9-803d5ba4eea1,2026-07-06T06:30:00Z,2026-07-06T08:30:00+0200,242.68,MW,FR,FR,actual_offshore_wind_generation,Wind Offshore | Actual Aggregated,2026-08-02T14:20:02Z
2026-08-02T14:18:54Z,2026-08-02T16:18:54+0200,d03952b3-6528-494b-a5a9-803d5ba4eea1,2026-07-06T06:45:00Z,2026-07-06T08:45:00+0200,230.24,MW,FR,FR,actual_offshore_wind_generation,Wind Offshore | Actual Aggregated,2026-08-02T14:20:02Z
2026-08-02T14:18:54Z,2026-08-02T16:18:54+0200,d03952b3-6528-494b-a5a9-803d5ba4eea1,2026-07-06T07:00:00Z,2026-07-06T09:00:00+0200,225.79,MW,FR,FR,actual_offshore_wind_generation,Wind Offshore | Actual Aggregated,2026-08-02T14:20:02Z
2026-08-02T14:18:54Z,2026-08-02T16:18:54+0200,d03952b3-6528-494b-a5a9-803d5ba4eea1,2026-07-06T07:15:00Z,2026-07-06T09:15:00+0200,233.59,MW,FR,FR,actual_offshore_wind_generation,Wind Offshore | Actual Aggregated,2026-08-02T14:20:02Z
2026-08-02T14:18:54Z,2026-08-02T16:18:54+0200,d03952b3-6528-494b-a5a9-803d5ba4eea1,2026-07-06T07:30:00Z,2026-07-06T09:30:00+0200,231.7,MW,FR,FR,actual_offshore_wind_generation,Wind Offshore | Actual Aggregated,2026-08-02T14:20:02Z
2026-08-02T14:18:54Z,2026-08-02T16:18:54+0200,d03952b3-6528-494b-a5a9-803d5ba4eea1,2026-07-06T07:45:00Z,2026-07-06T09:45:00+0200,204.14,MW,FR,FR,actual_offshore_wind_generation,Wind Offshore | Actual Aggregated,2026-08-02T14:20:02Z
2026-08-02T14:18:54Z,2026-08-02T16:18:54+0200,d03952b3-6528-494b-a5a9-803d5ba4eea1,2026-07-06T08:00:00Z,2026-07-06T10:00:00+0200,167.44,MW,FR,FR,actual_offshore_wind_generation,Wind Offshore | Actual Aggregated,2026-08-02T14:20:02Z
2026-08-02T14:18:54Z,2026-08-02T16:18:54+0200,d03952b3-6528-494b-a5a9-803d5ba4eea1,2026-07-06T08:15:00Z,2026-07-06T10:15:00+0200,144.54,MW,FR,FR,actual_offshore_wind_generation,Wind Offshore | Actual Aggregated,2026-08-02T14:20:02Z
2026-08-02T14:18:54Z,2026-08-02T16:18:54+0200,d03952b3-6528-494b-a5a9-803d5ba4eea1,2026-07-06T08:30:00Z,2026-07-06T10:30:00+0200,144.09,MW,FR,FR,actual_offshore_wind_generation,Wind Offshore | Actual Aggregated,2026-08-02T14:20:02Z
2026-08-02T14:18:54Z,2026-08-02T16:18:54+0200,d03952b3-6528-494b-a5a9-803d5ba4eea1,2026-07-06T08:45:00Z,2026-07-06T10:45:00+0200,146.47,MW,FR,FR,actual_offshore_wind_generation,Wind Offshore | Actual Aggregated,2026-08-02T14:20:02Z
2026-08-02T14:18:54Z,2026-08-02T16:18:54+0200,d03952b3-6528-494b-a5a9-803d5ba4eea1,2026-07-06T09:00:00Z,2026-07-06T11:00:00+0200,154.71,MW,FR,FR,actual_offshore_wind_generation,Wind Offshore | Actual Aggregated,2026-08-02T14:20:02Z
2026-08-02T14:18:54Z,2026-08-02T16:18:54+0200,d03952b3-6528-494b-a5a9-803d5ba4eea1,2026-07-06T09:15:00Z,2026-07-06T11:15:00+0200,148.17,MW,FR,FR,actual_offshore_wind_generation,Wind Offshore | Actual Aggregated,2026-08-02T14:20:02Z
2026-08-02T14:18:54Z,2026-08-02T16:18:54+0200,d03952b3-6528-494b-a5a9-803d5ba4eea1,2026-07-06T09:30:00Z,2026-07-06T11:30:00+0200,141.23,MW,FR,FR,actual_offshore_wind_generation,Wind Offshore | Actual Aggregated,2026-08-02T14:20:02Z
2026-08-02T14:18:54Z,2026-08-02T16:18:54+0200,d03952b3-6528-494b-a5a9-803d5ba4eea1,2026-07-06T09:45:00Z,2026-07-06T11:45:00+0200,136.47,MW,FR,FR,actual_offshore_wind_generation,Wind Offshore | Actual Aggregated,2026-08-02T14:20:02Z
2026-08-02T14:18:54Z,2026-08-02T16:18:54+0200,d03952b3-6528-494b-a5a9-803d5ba4eea1,2026-07-06T10:00:00Z,2026-07-06T12:00:00+0200,128.39,MW,FR,FR,actual_offshore_wind_generation,Wind Offshore | Actual Aggregated,2026-08-02T14:20:02Z
2026-08-02T14:18:54Z,2026-08-02T16:18:54+0200,d03952b3-6528-494b-a5a9-803d5ba4eea1,2026-07-06T10:15:00Z,2026-07-06T12:15:00+0200,133.77,MW,FR,FR,actual_offshore_wind_generation,Wind Offshore | Actual Aggregated,2026-08-02T14:20:02Z
2026-08-02T14:18:54Z,2026-08-02T16:18:54+0200,d03952b3-6528-494b-a5a9-803d5ba4eea1,2026-07-06T10:30:00Z,2026-07-06T12:30:00+0200,136.18,MW,FR,FR,actual_offshore_wind_generation,Wind Offshore | Actual Aggregated,2026-08-02T14:20:02Z
2026-08-02T14:18:54Z,2026-08-02T16:18:54+0200,d03952b3-6528-494b-a5a9-803d5ba4eea1,2026-07-06T10:45:00Z,2026-07-06T12:45:00+0200,133.7,MW,FR,FR,actual_offshore_wind_generation,Wind Offshore | Actual Aggregated,2026-08-02T14:20:02Z
2026-08-02T14:18:54Z,2026-08-02T16:18:54+0200,d03952b3-6528-494b-a5a9-803d5ba4eea1,2026-07-06T11:00:00Z,2026-07-06T13:00:00+0200,132.81,MW,FR,FR,actual_offshore_wind_generation,Wind Offshore | Actual Aggregated,2026-08-02T14:20:02Z
2026-08-02T14:18:54Z,2026-08-02T16:18:54+0200,d03952b3-6528-494b-a5a9-803d5ba4eea1,2026-07-06T11:15:00Z,2026-07-06T13:15:00+0200,123.87,MW,FR,FR,actual_offshore_wind_generation,Wind Offshore | Actual Aggregated,2026-08-02T14:20:02Z
2026-08-02T14:18:54Z,2026-08-02T16:18:54+0200,d03952b3-6528-494b-a5a9-803d5ba4eea1,2026-07-06T11:30:00Z,2026-07-06T13:30:00+0200,91.59,MW,FR,FR,actual_offshore_wind_generation,Wind Offshore | Actual Aggregated,2026-08-02T14:20:02Z
2026-08-02T14:18:54Z,2026-08-02T16:18:54+0200,d03952b3-6528-494b-a5a9-803d5ba4eea1,2026-07-06T11:45:00Z,2026-07-06T13:45:00+0200,70.27,MW,FR,FR,actual_offshore_wind_generation,Wind Offshore | Actual Aggregated,2026-08-02T14:20:02Z
2026-08-02T14:18:54Z,2026-08-02T16:18:54+0200,d03952b3-6528-494b-a5a9-803d5ba4eea1,2026-07-06T12:00:00Z,2026-07-06T14:00:00+0200,62.05,MW,FR,FR,actual_offshore_wind_generation,Wind Offshore | Actual Aggregated,2026-08-02T14:20:02Z
2026-08-02T14:18:54Z,2026-08-02T16:18:54+0200,d03952b3-6528-494b-a5a9-803d5ba4eea1,2026-07-06T12:15:00Z,2026-07-06T14:15:00+0200,59.73,MW,FR,FR,actual_offshore_wind_generation,Wind Offshore | Actual Aggregated,2026-08-02T14:20:02Z
2026-08-02T14:18:54Z,2026-08-02T16:18:54+0200,d03952b3-6528-494b-a5a9-803d5ba4eea1,2026-07-06T12:30:00Z,2026-07-06T14:30:00+0200,62.52,MW,FR,FR,actual_offshore_wind_generation,Wind Offshore | Actual Aggregated,2026-08-02T14:20:02Z
2026-08-02T14:18:54Z,2026-08-02T16:18:54+0200,d03952b3-6528-494b-a5a9-803d5ba4eea1,2026-07-06T12:45:00Z,2026-07-06T14:45:00+0200,51.28,MW,FR,FR,actual_offshore_wind_generation,Wind Offshore | Actual Aggregated,2026-08-02T14:20:02Z
2026-08-02T14:18:54Z,2026-08-02T16:18:54+0200,d03952b3-6528-494b-a5a9-803d5ba4eea1,2026-07-06T13:00:00Z,2026-07-06T15:00:00+0200,43.71,MW,FR,FR,actual_offshore_wind_generation,Wind Offshore | Actual Aggregated,2026-08-02T14:20:02Z
2026-08-02T14:18:54Z,2026-08-02T16:18:54+0200,d03952b3-6528-494b-a5a9-803d5ba4eea1,2026-07-06T13:15:00Z,2026-07-06T15:15:00+0200,35.68,MW,FR,FR,actual_offshore_wind_generation,Wind Offshore | Actual Aggregated,2026-08-02T14:20:02Z
2026-08-02T14:18:54Z,2026-08-02T16:18:54+0200,d03952b3-6528-494b-a5a9-803d5ba4eea1,2026-07-06T13:30:00Z,2026-07-06T15:30:00+0200,32.51,MW,FR,FR,actual_offshore_wind_generation,Wind Offshore | Actual Aggregated,2026-08-02T14:20:02Z
2026-08-02T14:18:54Z,2026-08-02T16:18:54+0200,d03952b3-6528-494b-a5a9-803d5ba4eea1,2026-07-06T13:45:00Z,2026-07-06T15:45:00+0200,32.89,MW,FR,FR,actual_offshore_wind_generation,Wind Offshore | Actual Aggregated,2026-08-02T14:20:02Z
2026-08-02T14:18:54Z,2026-08-02T16:18:54+0200,d03952b3-6528-494b-a5a9-803d5ba4eea1,2026-07-06T14:00:00Z,2026-07-06T16:00:00+0200,32.66,MW,FR,FR,actual_offshore_wind_generation,Wind Offshore | Actual Aggregated,2026-08-02T14:20:02Z
2026-08-02T14:18:54Z,2026-08-02T16:18:54+0200,d03952b3-6528-494b-a5a9-803d5ba4eea1,2026-07-06T14:15:00Z,2026-07-06T16:15:00+0200,25.83,MW,FR,FR,actual_offshore_wind_generation,Wind Offshore | Actual Aggregated,2026-08-02T14:20:02Z
2026-08-02T14:18:54Z,2026-08-02T16:18:54+0200,d03952b3-6528-494b-a5a9-803d5ba4eea1,2026-07-06T14:30:00Z,2026-07-06T16:30:00+0200,21.68,MW,FR,FR,actual_offshore_wind_generation,Wind Offshore | Actual Aggregated,2026-08-02T14:20:02Z
2026-08-02T14:18:54Z,2026-08-02T16:18:54+0200,d03952b3-6528-494b-a5a9-803d5ba4eea1,2026-07-06T14:45:00Z,2026-07-06T16:45:00+0200,22.7,MW,FR,FR,actual_offshore_wind_generation,Wind Offshore | Actual Aggregated,2026-08-02T14:20:02Z
2026-08-02T14:18:54Z,2026-08-02T16:18:54+0200,d03952b3-6528-494b-a5a9-803d5ba4eea1,2026-07-06T15:00:00Z,2026-07-06T17:00:00+0200,28.83,MW,FR,FR,actual_offshore_wind_generation,Wind Offshore | Actual Aggregated,2026-08-02T14:20:02Z
2026-08-02T14:18:54Z,2026-08-02T16:18:54+0200,d03952b3-6528-494b-a5a9-803d5ba4eea1,2026-07-06T15:15:00Z,2026-07-06T17:15:00+0200,34.14,MW,FR,FR,actual_offshore_wind_generation,Wind Offshore | Actual Aggregated,2026-08-02T14:20:02Z
2026-08-02T14:18:54Z,2026-08-02T16:18:54+0200,d03952b3-6528-494b-a5a9-803d5ba4eea1,2026-07-06T15:30:00Z,2026-07-06T17:30:00+0200,37.92,MW,FR,FR,actual_offshore_wind_generation,Wind Offshore | Actual Aggregated,2026-08-02T14:20:02Z
2026-08-02T14:18:54Z,2026-08-02T16:18:54+0200,d03952b3-6528-494b-a5a9-803d5ba4eea1,2026-07-06T15:45:00Z,2026-07-06T17:45:00+0200,35.38,MW,FR,FR,actual_offshore_wind_generation,Wind Offshore | Actual Aggregated,2026-08-02T14:20:02Z
2026-08-02T14:18:54Z,2026-08-02T16:18:54+0200,d03952b3-6528-494b-a5a9-803d5ba4eea1,2026-07-06T16:00:00Z,2026-07-06T18:00:00+0200,37.89,MW,FR,FR,actual_offshore_wind_generation,Wind Offshore | Actual Aggregated,2026-08-02T14:20:02Z
2026-08-02T14:18:54Z,2026-08-02T16:18:54+0200,d03952b3-6528-494b-a5a9-803d5ba4eea1,2026-07-06T16:15:00Z,2026-07-06T18:15:00+0200,40.45,MW,FR,FR,actual_offshore_wind_generation,Wind Offshore | Actual Aggregated,2026-08-02T14:20:02Z
2026-08-02T14:18:54Z,2026-08-02T16:18:54+0200,d03952b3-6528-494b-a5a9-803d5ba4eea1,2026-07-06T16:30:00Z,2026-07-06T18:30:00+0200,40.85,MW,FR,FR,actual_offshore_wind_generation,Wind Offshore | Actual Aggregated,2026-08-02T14:20:02Z
2026-08-02T14:18:54Z,2026-08-02T16:18:54+0200,d03952b3-6528-494b-a5a9-803d5ba4eea1,2026-07-06T16:45:00Z,2026-07-06T18:45:00+0200,34.3,MW,FR,FR,actual_offshore_wind_generation,Wind Offshore | Actual Aggregated,2026-08-02T14:20:02Z
2026-08-02T14:18:54Z,2026-08-02T16:18:54+0200,d03952b3-6528-494b-a5a9-803d5ba4eea1,2026-07-06T17:00:00Z,2026-07-06T19:00:00+0200,31.95,MW,FR,FR,actual_offshore_wind_generation,Wind Offshore | Actual Aggregated,2026-08-02T14:20:02Z
2026-08-02T14:18:54Z,2026-08-02T16:18:54+0200,d03952b3-6528-494b-a5a9-803d5ba4eea1,2026-07-06T17:15:00Z,2026-07-06T19:15:00+0200,48.53,MW,FR,FR,actual_offshore_wind_generation,Wind Offshore | Actual Aggregated,2026-08-02T14:20:02Z
2026-08-02T14:18:54Z,2026-08-02T16:18:54+0200,d03952b3-6528-494b-a5a9-803d5ba4eea1,2026-07-06T17:30:00Z,2026-07-06T19:30:00+0200,63.46,MW,FR,FR,actual_offshore_wind_generation,Wind Offshore | Actual Aggregated,2026-08-02T14:20:02Z
2026-08-02T14:18:54Z,2026-08-02T16:18:54+0200,d03952b3-6528-494b-a5a9-803d5ba4eea1,2026-07-06T17:45:00Z,2026-07-06T19:45:00+0200,69.21,MW,FR,FR,actual_offshore_wind_generation,Wind Offshore | Actual Aggregated,2026-08-02T14:20:02Z
2026-08-02T14:18:54Z,2026-08-02T16:18:54+0200,d03952b3-6528-494b-a5a9-803d5ba4eea1,2026-07-06T18:00:00Z,2026-07-06T20:00:00+0200,72.02,MW,FR,FR,actual_offshore_wind_generation,Wind Offshore | Actual Aggregated,2026-08-02T14:20:02Z
2026-08-02T14:18:54Z,2026-08-02T16:18:54+0200,d03952b3-6528-494b-a5a9-803d5ba4eea1,2026-07-06T18:15:00Z,2026-07-06T20:15:00+0200,67.61,MW,FR,FR,actual_offshore_wind_generation,Wind Offshore | Actual Aggregated,2026-08-02T14:20:02Z
2026-08-02T14:18:54Z,2026-08-02T16:18:54+0200,d03952b3-6528-494b-a5a9-803d5ba4eea1,2026-07-06T18:30:00Z,2026-07-06T20:30:00+0200,71.41,MW,FR,FR,actual_offshore_wind_generation,Wind Offshore | Actual Aggregated,2026-08-02T14:20:02Z
2026-08-02T14:18:54Z,2026-08-02T16:18:54+0200,d03952b3-6528-494b-a5a9-803d5ba4eea1,2026-07-06T18:45:00Z,2026-07-06T20:45:00+0200,90.94,MW,FR,FR,actual_offshore_wind_generation,Wind Offshore | Actual Aggregated,2026-08-02T14:20:02Z
2026-08-02T14:18:54Z,2026-08-02T16:18:54+0200,d03952b3-6528-494b-a5a9-803d5ba4eea1,2026-07-06T19:00:00Z,2026-07-06T21:00:00+0200,96.27,MW,FR,FR,actual_offshore_wind_generation,Wind Offshore | Actual Aggregated,2026-08-02T14:20:02Z
2026-08-02T14:18:54Z,2026-08-02T16:18:54+0200,d03952b3-6528-494b-a5a9-803d5ba4eea1,2026-07-06T19:15:00Z,2026-07-06T21:15:00+0200,90.34,MW,FR,FR,actual_offshore_wind_generation,Wind Offshore | Actual Aggregated,2026-08-02T14:20:02Z
2026-08-02T14:18:54Z,2026-08-02T16:18:54+0200,d03952b3-6528-494b-a5a9-803d5ba4eea1,2026-07-06T19:30:00Z,2026-07-06T21:30:00+0200,82.98,MW,FR,FR,actual_offshore_wind_generation,Wind Offshore | Actual Aggregated,2026-08-02T14:20:02Z
2026-08-02T14:18:54Z,2026-08-02T16:18:54+0200,d03952b3-6528-494b-a5a9-803d5ba4eea1,2026-07-06T19:45:00Z,2026-07-06T21:45:00+0200,77.29,MW,FR,FR,actual_offshore_wind_generation,Wind Offshore | Actual Aggregated,2026-08-02T14:20:02Z
2026-08-02T14:18:54Z,2026-08-02T16:18:54+0200,d03952b3-6528-494b-a5a9-803d5ba4eea1,2026-07-06T20:00:00Z,2026-07-06T22:00:00+0200,82.85,MW,FR,FR,actual_offshore_wind_generation,Wind Offshore | Actual Aggregated,2026-08-02T14:20:02Z
2026-08-02T14:18:54Z,2026-08-02T16:18:54+0200,d03952b3-6528-494b-a5a9-803d5ba4eea1,2026-07-06T20:15:00Z,2026-07-06T22:15:00+0200,91.29,MW,FR,FR,actual_offshore_wind_generation,Wind Offshore | Actual Aggregated,2026-08-02T14:20:02Z
2026-08-02T14:18:54Z,2026-08-02T16:18:54+0200,d03952b3-6528-494b-a5a9-803d5ba4eea1,2026-07-06T20:30:00Z,2026-07-06T22:30:00+0200,82.68,MW,FR,FR,actual_offshore_wind_generation,Wind Offshore | Actual Aggregated,2026-08-02T14:20:02Z
2026-08-02T14:18:54Z,2026-08-02T16:18:54+0200,d03952b3-6528-494b-a5a9-803d5ba4eea1,2026-07-06T20:45:00Z,2026-07-06T22:45:00+0200,86.22,MW,FR,FR,actual_offshore_wind_generation,Wind Offshore | Actual Aggregated,2026-08-02T14:20:02Z
2026-08-02T14:18:54Z,2026-08-02T16:18:54+0200,d03952b3-6528-494b-a5a9-803d5ba4eea1,2026-07-06T21:00:00Z,2026-07-06T23:00:00+0200,80.26,MW,FR,FR,actual_offshore_wind_generation,Wind Offshore | Actual Aggregated,2026-08-02T14:20:02Z
2026-08-02T14:18:54Z,2026-08-02T16:18:54+0200,d03952b3-6528-494b-a5a9-803d5ba4eea1,2026-07-06T21:15:00Z,2026-07-06T23:15:00+0200,83.45,MW,FR,FR,actual_offshore_wind_generation,Wind Offshore | Actual Aggregated,2026-08-02T14:20:02Z
2026-08-02T14:18:54Z,2026-08-02T16:18:54+0200,d03952b3-6528-494b-a5a9-803d5ba4eea1,2026-07-06T21:30:00Z,2026-07-06T23:30:00+0200,91.13,MW,FR,FR,actual_offshore_wind_generation,Wind Offshore | Actual Aggregated,2026-08-02T14:20:02Z
2026-08-02T14:18:54Z,2026-08-02T16:18:54+0200,d03952b3-6528-494b-a5a9-803d5ba4eea1,2026-07-06T21:45:00Z,2026-07-06T23:45:00+0200,87.08,MW,FR,FR,actual_offshore_wind_generation,Wind Offshore | Actual Aggregated,2026-08-02T14:20:02Z
2026-08-02T14:18:54Z,2026-08-02T16:18:54+0200,d03952b3-6528-494b-a5a9-803d5ba4eea1,2026-07-06T22:00:00Z,2026-07-07T00:00:00+0200,90.74,MW,FR,FR,actual_offshore_wind_generation,Wind Offshore | Actual Aggregated,2026-08-02T14:20:02Z
2026-08-02T14:18:54Z,2026-08-02T16:18:54+0200,d03952b3-6528-494b-a5a9-803d5ba4eea1,2026-07-06T22:15:00Z,2026-07-07T00:15:00+0200,101.0,MW,FR,FR,actual_offshore_wind_generation,Wind Offshore | Actual Aggregated,2026-08-02T14:20:02Z
2026-08-02T14:18:54Z,2026-08-02T16:18:54+0200,d03952b3-6528-494b-a5a9-803d5ba4eea1,2026-07-06T22:30:00Z,2026-07-07T00:30:00+0200,104.61,MW,FR,FR,actual_offshore_wind_generation,Wind Offshore | Actual Aggregated,2026-08-02T14:20:02Z
2026-08-02T14:18:54Z,2026-08-02T16:18:54+0200,d03952b3-6528-494b-a5a9-803d5ba4eea1,2026-07-06T22:45:00Z,2026-07-07T00:45:00+0200,107.9,MW,FR,FR,actual_offshore_wind_generation,Wind Offshore | Actual Aggregated,2026-08-02T14:20:02Z
2026-08-02T14:18:54Z,2026-08-02T16:18:54+0200,d03952b3-6528-494b-a5a9-803d5ba4eea1,2026-07-06T23:00:00Z,2026-07-07T01:00:00+0200,118.9,MW,FR,FR,actual_offshore_wind_generation,Wind Offshore | Actual Aggregated,2026-08-02T14:20:02Z
2026-08-02T14:18:54Z,2026-08-02T16:18:54+0200,d03952b3-6528-494b-a5a9-803d5ba4eea1,2026-07-06T23:15:00Z,2026-07-07T01:15:00+0200,121.01,MW,FR,FR,actual_offshore_wind_generation,Wind Offshore | Actual Aggregated,2026-08-02T14:20:02Z
2026-08-02T14:18:54Z,2026-08-02T16:18:54+0200,d03952b3-6528-494b-a5a9-803d5ba4eea1,2026-07-06T23:30:00Z,2026-07-07T01:30:00+0200,125.27,MW,FR,FR,actual_offshore_wind_generation,Wind Offshore | Actual Aggregated,2026-08-02T14:20:02Z
2026-08-02T14:18:54Z,2026-08-02T16:18:54+0200,d03952b3-6528-494b-a5a9-803d5ba4eea1,2026-07-06T23:45:00Z,2026-07-07T01:45:00+0200,147.65,MW,FR,FR,actual_offshore_wind_generation,Wind Offshore | Actual Aggregated,2026-08-02T14:20:02Z
2026-08-02T14:18:54Z,2026-08-02T16:18:54+0200,d03952b3-6528-494b-a5a9-803d5ba4eea1,2026-07-07T00:00:00Z,2026-07-07T02:00:00+0200,175.14,MW,FR,FR,actual_offshore_wind_generation,Wind Offshore | Actual Aggregated,2026-08-02T14:20:02Z
2026-08-02T14:18:54Z,2026-08-02T16:18:54+0200,d03952b3-6528-494b-a5a9-803d5ba4eea1,2026-07-07T00:15:00Z,2026-07-07T02:15:00+0200,216.25,MW,FR,FR,actual_offshore_wind_generation,Wind Offshore | Actual Aggregated,2026-08-02T14:20:02Z
2026-08-02T14:18:54Z,2026-08-02T16:18:54+0200,d03952b3-6528-494b-a5a9-803d5ba4eea1,2026-07-07T00:30:00Z,2026-07-07T02:30:00+0200,259.9,MW,FR,FR,actual_offshore_wind_generation,Wind Offshore | Actual Aggregated,2026-08-02T14:20:02Z
2026-08-02T14:18:54Z,2026-08-02T16:18:54+0200,d03952b3-6528-494b-a5a9-803d5ba4eea1,2026-07-07T00:45:00Z,2026-07-07T02:45:00+0200,282.75,MW,FR,FR,actual_offshore_wind_generation,Wind Offshore | Actual Aggregated,2026-08-02T14:20:02Z
2026-08-02T14:18:54Z,2026-08-02T16:18:54+0200,d03952b3-6528-494b-a5a9-803d5ba4eea1,2026-07-07T01:00:00Z,2026-07-07T03:00:00+0200,304.83,MW,FR,FR,actual_offshore_wind_generation,Wind Offshore | Actual Aggregated,2026-08-02T14:20:02Z
2026-08-02T14:18:54Z,2026-08-02T16:18:54+0200,d03952b3-6528-494b-a5a9-803d5ba4eea1,2026-07-07T01:15:00Z,2026-07-07T03:15:00+0200,282.67,MW,FR,FR,actual_offshore_wind_generation,Wind Offshore | Actual Aggregated,2026-08-02T14:20:02Z
2026-08-02T14:18:54Z,2026-08-02T16:18:54+0200,d03952b3-6528-494b-a5a9-803d5ba4eea1,2026-07-07T01:30:00Z,2026-07-07T03:30:00+0200,249.04,MW,FR,FR,actual_offshore_wind_generation,Wind Offshore | Actual Aggregated,2026-08-02T14:20:02Z
2026-08-02T14:18:54Z,2026-08-02T16:18:54+0200,d03952b3-6528-494b-a5a9-803d5ba4eea1,2026-07-07T01:45:00Z,2026-07-07T03:45:00+0200,254.6,MW,FR,FR,actual_offshore_wind_generation,Wind Offshore | Actual Aggregated,2026-08-02T14:20:02Z
2026-08-02T14:18:54Z,2026-08-02T16:18:54+0200,d03952b3-6528-494b-a5a9-803d5ba4eea1,2026-07-07T02:00:00Z,2026-07-07T04:00:00+0200,254.3,MW,FR,FR,actual_offshore_wind_generation,Wind Offshore | Actual Aggregated,2026-08-02T14:20:02Z
2026-08-02T14:18:54Z,2026-08-02T16:18:54+0200,d03952b3-6528-494b-a5a9-803d5ba4eea1,2026-07-07T02:15:00Z,2026-07-07T04:15:00+0200,220.66,MW,FR,FR,actual_offshore_wind_generation,Wind Offshore | Actual Aggregated,2026-08-02T14:20:02Z
2026-08-02T14:18:54Z,2026-08-02T16:18:54+0200,d03952b3-6528-494b-a5a9-803d5ba4eea1,2026-07-07T02:30:00Z,2026-07-07T04:30:00+0200,173.96,MW,FR,FR,actual_offshore_wind_generation,Wind Offshore | Actual Aggregated,2026-08-02T14:20:02Z
2026-08-02T14:18:54Z,2026-08-02T16:18:54+0200,d03952b3-6528-494b-a5a9-803d5ba4eea1,2026-07-07T02:45:00Z,2026-07-07T04:45:00+0200,200.06,MW,FR,FR,actual_offshore_wind_generation,Wind Offshore | Actual Aggregated,2026-08-02T14:20:02Z
2026-08-02T14:18:54Z,2026-08-02T16:18:54+0200,d03952b3-6528-494b-a5a9-803d5ba4eea1,2026-07-07T03:00:00Z,2026-07-07T05:00:00+0200,208.59,MW,FR,FR,actual_offshore_wind_generation,Wind Offshore | Actual Aggregated,2026-08-02T14:20:02Z
2026-08-02T14:18:54Z,2026-08-02T16:18:54+0200,d03952b3-6528-494b-a5a9-803d5ba4eea1,2026-07-07T03:15:00Z,2026-07-07T05:15:00+0200,201.94,MW,FR,FR,actual_offshore_wind_generation,Wind Offshore | Actual Aggregated,2026-08-02T14:20:02Z
2026-08-02T14:18:54Z,2026-08-02T16:18:54+0200,d03952b3-6528-494b-a5a9-803d5ba4eea1,2026-07-07T03:30:00Z,2026-07-07T05:30:00+0200,195.63,MW,FR,FR,actual_offshore_wind_generation,Wind Offshore | Actual Aggregated,2026-08-02T14:20:02Z
2026-08-02T14:18:54Z,2026-08-02T16:18:54+0200,d03952b3-6528-494b-a5a9-803d5ba4eea1,2026-07-07T03:45:00Z,2026-07-07T05:45:00+0200,179.62,MW,FR,FR,actual_offshore_wind_generation,Wind Offshore | Actual Aggregated,2026-08-02T14:20:02Z
2026-08-02T14:18:54Z,2026-08-02T16:18:54+0200,d03952b3-6528-494b-a5a9-803d5ba4eea1,2026-07-07T04:00:00Z,2026-07-07T06:00:00+0200,173.06,MW,FR,FR,actual_offshore_wind_generation,Wind Offshore | Actual Aggregated,2026-08-02T14:20:02Z
2026-08-02T14:18:54Z,2026-08-02T16:18:54+0200,d03952b3-6528-494b-a5a9-803d5ba4eea1,2026-07-07T04:15:00Z,2026-07-07T06:15:00+0200,168.55,MW,FR,FR,actual_offshore_wind_generation,Wind Offshore | Actual Aggregated,2026-08-02T14:20:02Z
2026-08-02T14:18:54Z,2026-08-02T16:18:54+0200,d03952b3-6528-494b-a5a9-803d5ba4eea1,2026-07-07T04:30:00Z,2026-07-07T06:30:00+0200,162.77,MW,FR,FR,actual_offshore_wind_generation,Wind Offshore | Actual Aggregated,2026-08-02T14:20:02Z
2026-08-02T14:18:54Z,2026-08-02T16:18:54+0200,d03952b3-6528-494b-a5a9-803d5ba4eea1,2026-07-07T04:45:00Z,2026-07-07T06:45:00+0200,147.97,MW,FR,FR,actual_offshore_wind_generation,Wind Offshore | Actual Aggregated,2026-08-02T14:20:02Z
2026-08-02T14:18:54Z,2026-08-02T16:18:54+0200,d03952b3-6528-494b-a5a9-803d5ba4eea1,2026-07-07T05:00:00Z,2026-07-07T07:00:00+0200,133.25,MW,FR,FR,actual_offshore_wind_generation,Wind Offshore | Actual Aggregated,2026-08-02T14:20:02Z
2026-08-02T14:18:54Z,2026-08-02T16:18:54+0200,d03952b3-6528-494b-a5a9-803d5ba4eea1,2026-07-07T05:15:00Z,2026-07-07T07:15:00+0200,111.24,MW,FR,FR,actual_offshore_wind_generation,Wind Offshore | Actual Aggregated,2026-08-02T14:20:02Z
2026-08-02T14:18:54Z,2026-08-02T16:18:54+0200,d03952b3-6528-494b-a5a9-803d5ba4eea1,2026-07-07T05:30:00Z,2026-07-07T07:30:00+0200,103.11,MW,FR,FR,actual_offshore_wind_generation,Wind Offshore | Actual Aggregated,2026-08-02T14:20:02Z
2026-08-02T14:18:54Z,2026-08-02T16:18:54+0200,d03952b3-6528-494b-a5a9-803d5ba4eea1,2026-07-07T05:45:00Z,2026-07-07T07:45:00+0200,90.24,MW,FR,FR,actual_offshore_wind_generation,Wind Offshore | Actual Aggregated,2026-08-02T14:20:02Z
2026-08-02T14:18:54Z,2026-08-02T16:18:54+0200,d03952b3-6528-494b-a5a9-803d5ba4eea1,2026-07-07T06:00:00Z,2026-07-07T08:00:00+0200,73.18,MW,FR,FR,actual_offshore_wind_generation,Wind Offshore | Actual Aggregated,2026-08-02T14:20:02Z
2026-08-02T14:18:54Z,2026-08-02T16:18:54+0200,d03952b3-6528-494b-a5a9-803d5ba4eea1,2026-07-07T06:15:00Z,2026-07-07T08:15:00+0200,62.17,MW,FR,FR,actual_offshore_wind_generation,Wind Offshore | Actual Aggregated,2026-08-02T14:20:02Z
2026-08-02T14:18:54Z,2026-08-02T16:18:54+0200,d03952b3-6528-494b-a5a9-803d5ba4eea1,2026-07-07T06:30:00Z,2026-07-07T08:30:00+0200,59.19,MW,FR,FR,actual_offshore_wind_generation,Wind Offshore | Actual Aggregated,2026-08-02T14:20:02Z
2026-08-02T14:18:54Z,2026-08-02T16:18:54+0200,d03952b3-6528-494b-a5a9-803d5ba4eea1,2026-07-07T06:45:00Z,2026-07-07T08:45:00+0200,56.6,MW,FR,FR,actual_offshore_wind_generation,Wind Offshore | Actual Aggregated,2026-08-02T14:20:02Z
2026-08-02T14:18:54Z,2026-08-02T16:18:54+0200,d03952b3-6528-494b-a5a9-803d5ba4eea1,2026-07-07T07:00:00Z,2026-07-07T09:00:00+0200,50.6,MW,FR,FR,actual_offshore_wind_generation,Wind Offshore | Actual Aggregated,2026-08-02T14:20:02Z
2026-08-02T14:18:54Z,2026-08-02T16:18:54+0200,d03952b3-6528-494b-a5a9-803d5ba4eea1,2026-07-07T07:15:00Z,2026-07-07T09:15:00+0200,55.1,MW,FR,FR,actual_offshore_wind_generation,Wind Offshore | Actual Aggregated,2026-08-02T14:20:02Z
2026-08-02T14:18:54Z,2026-08-02T16:18:54+0200,d03952b3-6528-494b-a5a9-803d5ba4eea1,2026-07-07T07:30:00Z,2026-07-07T09:30:00+0200,57.18,MW,FR,FR,actual_offshore_wind_generation,Wind Offshore | Actual Aggregated,2026-08-02T14:20:02Z
2026-08-02T14:18:54Z,2026-08-02T16:18:54+0200,d03952b3-6528-494b-a5a9-803d5ba4eea1,2026-07-07T07:45:00Z,2026-07-07T09:45:00+0200,48.09,MW,FR,FR,actual_offshore_wind_generation,Wind Offshore | Actual Aggregated,2026-08-02T14:20:02Z
2026-08-02T14:18:54Z,2026-08-02T16:18:54+0200,d03952b3-6528-494b-a5a9-803d5ba4eea1,2026-07-07T08:00:00Z,2026-07-07T10:00:00+0200,49.37,MW,FR,FR,actual_offshore_wind_generation,Wind Offshore | Actual Aggregated,2026-08-02T14:20:02Z
2026-08-02T14:18:54Z,2026-08-02T16:18:54+0200,d03952b3-6528-494b-a5a9-803d5ba4eea1,2026-07-07T08:15:00Z,2026-07-07T10:15:00+0200,53.66,MW,FR,FR,actual_offshore_wind_generation,Wind Offshore | Actual Aggregated,2026-08-02T14:20:02Z
2026-08-02T14:18:54Z,2026-08-02T16:18:54+0200,d03952b3-6528-494b-a5a9-803d5ba4eea1,2026-07-07T08:30:00Z,2026-07-07T10:30:00+0200,53.06,MW,FR,FR,actual_offshore_wind_generation,Wind Offshore | Actual Aggregated,2026-08-02T14:20:02Z
2026-08-02T14:18:54Z,2026-08-02T16:18:54+0200,d03952b3-6528-494b-a5a9-803d5ba4eea1,2026-07-07T08:45:00Z,2026-07-07T10:45:00+0200,48.86,MW,FR,FR,actual_offshore_wind_generation,Wind Offshore | Actual Aggregated,2026-08-02T14:20:02Z
2026-08-02T14:18:54Z,2026-08-02T16:18:54+0200,d03952b3-6528-494b-a5a9-803d5ba4eea1,2026-07-07T09:00:00Z,2026-07-07T11:00:00+0200,42.52,MW,FR,FR,actual_offshore_wind_generation,Wind Offshore | Actual Aggregated,2026-08-02T14:20:02Z
2026-08-02T14:18:54Z,2026-08-02T16:18:54+0200,d03952b3-6528-494b-a5a9-803d5ba4eea1,2026-07-07T09:15:00Z,2026-07-07T11:15:00+0200,44.04,MW,FR,FR,actual_offshore_wind_generation,Wind Offshore | Actual Aggregated,2026-08-02T14:20:02Z
2026-08-02T14:18:54Z,2026-08-02T16:18:54+0200,d03952b3-6528-494b-a5a9-803d5ba4eea1,2026-07-07T09:30:00Z,2026-07-07T11:30:00+0200,45.64,MW,FR,FR,actual_offshore_wind_generation,Wind Offshore | Actual Aggregated,2026-08-02T14:20:02Z
2026-08-02T14:18:54Z,2026-08-02T16:18:54+0200,d03952b3-6528-494b-a5a9-803d5ba4eea1,2026-07-07T09:45:00Z,2026-07-07T11:45:00+0200,54.6,MW,FR,FR,actual_offshore_wind_generation,Wind Offshore | Actual Aggregated,2026-08-02T14:20:02Z
2026-08-02T14:18:54Z,2026-08-02T16:18:54+0200,d03952b3-6528-494b-a5a9-803d5ba4eea1,2026-07-07T10:00:00Z,2026-07-07T12:00:00+0200,57.43,MW,FR,FR,actual_offshore_wind_generation,Wind Offshore | Actual Aggregated,2026-08-02T14:20:02Z
2026-08-02T14:18:54Z,2026-08-02T16:18:54+0200,d03952b3-6528-494b-a5a9-803d5ba4eea1,2026-07-07T10:15:00Z,2026-07-07T12:15:00+0200,60.98,MW,FR,FR,actual_offshore_wind_generation,Wind Offshore | Actual Aggregated,2026-08-02T14:20:02Z
2026-08-02T14:18:54Z,2026-08-02T16:18:54+0200,d03952b3-6528-494b-a5a9-803d5ba4eea1,2026-07-07T10:30:00Z,2026-07-07T12:30:00+0200,88.85,MW,FR,FR,actual_offshore_wind_generation,Wind Offshore | Actual Aggregated,2026-08-02T14:20:02Z
2026-08-02T14:18:54Z,2026-08-02T16:18:54+0200,d03952b3-6528-494b-a5a9-803d5ba4eea1,2026-07-07T10:45:00Z,2026-07-07T12:45:00+0200,102.07,MW,FR,FR,actual_offshore_wind_generation,Wind Offshore | Actual Aggregated,2026-08-02T14:20:02Z
2026-08-02T14:18:54Z,2026-08-02T16:18:54+0200,d03952b3-6528-494b-a5a9-803d5ba4eea1,2026-07-07T11:00:00Z,2026-07-07T13:00:00+0200,117.92,MW,FR,FR,actual_offshore_wind_generation,Wind Offshore | Actual Aggregated,2026-08-02T14:20:02Z
2026-08-02T14:18:54Z,2026-08-02T16:18:54+0200,d03952b3-6528-494b-a5a9-803d5ba4eea1,2026-07-07T11:15:00Z,2026-07-07T13:15:00+0200,123.58,MW,FR,FR,actual_offshore_wind_generation,Wind Offshore | Actual Aggregated,2026-08-02T14:20:02Z
2026-08-02T14:18:54Z,2026-08-02T16:18:54+0200,d03952b3-6528-494b-a5a9-803d5ba4eea1,2026-07-07T11:30:00Z,2026-07-07T13:30:00+0200,111.01,MW,FR,FR,actual_offshore_wind_generation,Wind Offshore | Actual Aggregated,2026-08-02T14:20:02Z
2026-08-02T14:18:54Z,2026-08-02T16:18:54+0200,d03952b3-6528-494b-a5a9-803d5ba4eea1,2026-07-07T11:45:00Z,2026-07-07T13:45:00+0200,95.78,MW,FR,FR,actual_offshore_wind_generation,Wind Offshore | Actual Aggregated,2026-08-02T14:20:02Z
2026-08-02T14:18:54Z,2026-08-02T16:18:54+0200,d03952b3-6528-494b-a5a9-803d5ba4eea1,2026-07-07T12:00:00Z,2026-07-07T14:00:00+0200,90.23,MW,FR,FR,actual_offshore_wind_generation,Wind Offshore | Actual Aggregated,2026-08-02T14:20:02Z
2026-08-02T14:18:54Z,2026-08-02T16:18:54+0200,d03952b3-6528-494b-a5a9-803d5ba4eea1,2026-07-07T12:15:00Z,2026-07-07T14:15:00+0200,101.42,MW,FR,FR,actual_offshore_wind_generation,Wind Offshore | Actual Aggregated,2026-08-02T14:20:02Z
2026-08-02T14:18:54Z,2026-08-02T16:18:54+0200,d03952b3-6528-494b-a5a9-803d5ba4eea1,2026-07-07T12:30:00Z,2026-07-07T14:30:00+0200,115.46,MW,FR,FR,actual_offshore_wind_generation,Wind Offshore | Actual Aggregated,2026-08-02T14:20:02Z
2026-08-02T14:18:54Z,2026-08-02T16:18:54+0200,d03952b3-6528-494b-a5a9-803d5ba4eea1,2026-07-07T12:45:00Z,2026-07-07T14:45:00+0200,130.63,MW,FR,FR,actual_offshore_wind_generation,Wind Offshore | Actual Aggregated,2026-08-02T14:20:02Z
2026-08-02T14:18:54Z,2026-08-02T16:18:54+0200,d03952b3-6528-494b-a5a9-803d5ba4eea1,2026-07-07T13:00:00Z,2026-07-07T15:00:00+0200,156.37,MW,FR,FR,actual_offshore_wind_generation,Wind Offshore | Actual Aggregated,2026-08-02T14:20:02Z
2026-08-02T14:18:54Z,2026-08-02T16:18:54+0200,d03952b3-6528-494b-a5a9-803d5ba4eea1,2026-07-07T13:15:00Z,2026-07-07T15:15:00+0200,160.84,MW,FR,FR,actual_offshore_wind_generation,Wind Offshore | Actual Aggregated,2026-08-02T14:20:02Z
2026-08-02T14:18:54Z,2026-08-02T16:18:54+0200,d03952b3-6528-494b-a5a9-803d5ba4eea1,2026-07-07T13:30:00Z,2026-07-07T15:30:00+0200,153.31,MW,FR,FR,actual_offshore_wind_generation,Wind Offshore | Actual Aggregated,2026-08-02T14:20:02Z
2026-08-02T14:18:54Z,2026-08-02T16:18:54+0200,d03952b3-6528-494b-a5a9-803d5ba4eea1,2026-07-07T13:45:00Z,2026-07-07T15:45:00+0200,151.88,MW,FR,FR,actual_offshore_wind_generation,Wind Offshore | Actual Aggregated,2026-08-02T14:20:02Z
2026-08-02T14:18:54Z,2026-08-02T16:18:54+0200,d03952b3-6528-494b-a5a9-803d5ba4eea1,2026-07-07T14:00:00Z,2026-07-07T16:00:00+0200,140.97,MW,FR,FR,actual_offshore_wind_generation,Wind Offshore | Actual Aggregated,2026-08-02T14:20:02Z
2026-08-02T14:18:54Z,2026-08-02T16:18:54+0200,d03952b3-6528-494b-a5a9-803d5ba4eea1,2026-07-07T14:15:00Z,2026-07-07T16:15:00+0200,145.36,MW,FR,FR,actual_offshore_wind_generation,Wind Offshore | Actual Aggregated,2026-08-02T14:20:02Z
2026-08-02T14:18:54Z,2026-08-02T16:18:54+0200,d03952b3-6528-494b-a5a9-803d5ba4eea1,2026-07-07T14:30:00Z,2026-07-07T16:30:00+0200,154.26,MW,FR,FR,actual_offshore_wind_generation,Wind Offshore | Actual Aggregated,2026-08-02T14:20:02Z
2026-08-02T14:18:54Z,2026-08-02T16:18:54+0200,d03952b3-6528-494b-a5a9-803d5ba4eea1,2026-07-07T14:45:00Z,2026-07-07T16:45:00+0200,163.31,MW,FR,FR,actual_offshore_wind_generation,Wind Offshore | Actual Aggregated,2026-08-02T14:20:02Z
2026-08-02T14:18:54Z,2026-08-02T16:18:54+0200,d03952b3-6528-494b-a5a9-803d5ba4eea1,2026-07-07T15:00:00Z,2026-07-07T17:00:00+0200,168.8,MW,FR,FR,actual_offshore_wind_generation,Wind Offshore | Actual Aggregated,2026-08-02T14:20:02Z
2026-08-02T14:18:54Z,2026-08-02T16:18:54+0200,d03952b3-6528-494b-a5a9-803d5ba4eea1,2026-07-07T15:15:00Z,2026-07-07T17:15:00+0200,162.21,MW,FR,FR,actual_offshore_wind_generation,Wind Offshore | Actual Aggregated,2026-08-02T14:20:02Z
2026-08-02T14:18:54Z,2026-08-02T16:18:54+0200,d03952b3-6528-494b-a5a9-803d5ba4eea1,2026-07-07T15:30:00Z,2026-07-07T17:30:00+0200,166.81,MW,FR,FR,actual_offshore_wind_generation,Wind Offshore | Actual Aggregated,2026-08-02T14:20:02Z
2026-08-02T14:18:54Z,2026-08-02T16:18:54+0200,d03952b3-6528-494b-a5a9-803d5ba4eea1,2026-07-07T15:45:00Z,2026-07-07T17:45:00+0200,186.01,MW,FR,FR,actual_offshore_wind_generation,Wind Offshore | Actual Aggregated,2026-08-02T14:20:02Z
2026-08-02T14:18:54Z,2026-08-02T16:18:54+0200,d03952b3-6528-494b-a5a9-803d5ba4eea1,2026-07-07T16:00:00Z,2026-07-07T18:00:00+0200,211.89,MW,FR,FR,actual_offshore_wind_generation,Wind Offshore | Actual Aggregated,2026-08-02T14:20:02Z
2026-08-02T14:18:54Z,2026-08-02T16:18:54+0200,d03952b3-6528-494b-a5a9-803d5ba4eea1,2026-07-07T16:15:00Z,2026-07-07T18:15:00+0200,223.05,MW,FR,FR,actual_offshore_wind_generation,Wind Offshore | Actual Aggregated,2026-08-02T14:20:02Z
2026-08-02T14:18:54Z,2026-08-02T16:18:54+0200,d03952b3-6528-494b-a5a9-803d5ba4eea1,2026-07-07T16:30:00Z,2026-07-07T18:30:00+0200,218.75,MW,FR,FR,actual_offshore_wind_generation,Wind Offshore | Actual Aggregated,2026-08-02T14:20:02Z
2026-08-02T14:18:54Z,2026-08-02T16:18:54+0200,d03952b3-6528-494b-a5a9-803d5ba4eea1,2026-07-07T16:45:00Z,2026-07-07T18:45:00+0200,204.57,MW,FR,FR,actual_offshore_wind_generation,Wind Offshore | Actual Aggregated,2026-08-02T14:20:02Z
2026-08-02T14:18:54Z,2026-08-02T16:18:54+0200,d03952b3-6528-494b-a5a9-803d5ba4eea1,2026-07-07T17:00:00Z,2026-07-07T19:00:00+0200,207.52,MW,FR,FR,actual_offshore_wind_generation,Wind Offshore | Actual Aggregated,2026-08-02T14:20:02Z
2026-08-02T14:18:54Z,2026-08-02T16:18:54+0200,d03952b3-6528-494b-a5a9-803d5ba4eea1,2026-07-07T17:15:00Z,2026-07-07T19:15:00+0200,210.91,MW,FR,FR,actual_offshore_wind_generation,Wind Offshore | Actual Aggregated,2026-08-02T14:20:02Z
2026-08-02T14:18:54Z,2026-08-02T16:18:54+0200,d03952b3-6528-494b-a5a9-803d5ba4eea1,2026-07-07T17:30:00Z,2026-07-07T19:30:00+0200,208.27,MW,FR,FR,actual_offshore_wind_generation,Wind Offshore | Actual Aggregated,2026-08-02T14:20:02Z
2026-08-02T14:18:54Z,2026-08-02T16:18:54+0200,d03952b3-6528-494b-a5a9-803d5ba4eea1,2026-07-07T17:45:00Z,2026-07-07T19:45:00+0200,222.6,MW,FR,FR,actual_offshore_wind_generation,Wind Offshore | Actual Aggregated,2026-08-02T14:20:02Z
2026-08-02T14:18:54Z,2026-08-02T16:18:54+0200,d03952b3-6528-494b-a5a9-803d5ba4eea1,2026-07-07T18:00:00Z,2026-07-07T20:00:00+0200,231.13,MW,FR,FR,actual_offshore_wind_generation,Wind Offshore | Actual Aggregated,2026-08-02T14:20:02Z
2026-08-02T14:18:54Z,2026-08-02T16:18:54+0200,d03952b3-6528-494b-a5a9-803d5ba4eea1,2026-07-07T18:15:00Z,2026-07-07T20:15:00+0200,242.44,MW,FR,FR,actual_offshore_wind_generation,Wind Offshore | Actual Aggregated,2026-08-02T14:20:02Z
2026-08-02T14:18:54Z,2026-08-02T16:18:54+0200,d03952b3-6528-494b-a5a9-803d5ba4eea1,2026-07-07T18:30:00Z,2026-07-07T20:30:00+0200,246.48,MW,FR,FR,actual_offshore_wind_generation,Wind Offshore | Actual Aggregated,2026-08-02T14:20:02Z
2026-08-02T14:18:54Z,2026-08-02T16:18:54+0200,d03952b3-6528-494b-a5a9-803d5ba4eea1,2026-07-07T18:45:00Z,2026-07-07T20:45:00+0200,260.04,MW,FR,FR,actual_offshore_wind_generation,Wind Offshore | Actual Aggregated,2026-08-02T14:20:02Z
2026-08-02T14:18:54Z,2026-08-02T16:18:54+0200,d03952b3-6528-494b-a5a9-803d5ba4eea1,2026-07-07T19:00:00Z,2026-07-07T21:00:00+0200,260.61,MW,FR,FR,actual_offshore_wind_generation,Wind Offshore | Actual Aggregated,2026-08-02T14:20:02Z
2026-08-02T14:18:54Z,2026-08-02T16:18:54+0200,d03952b3-6528-494b-a5a9-803d5ba4eea1,2026-07-07T19:15:00Z,2026-07-07T21:15:00+0200,290.37,MW,FR,FR,actual_offshore_wind_generation,Wind Offshore | Actual Aggregated,2026-08-02T14:20:02Z
2026-08-02T14:18:54Z,2026-08-02T16:18:54+0200,d03952b3-6528-494b-a5a9-803d5ba4eea1,2026-07-07T19:30:00Z,2026-07-07T21:30:00+0200,309.09,MW,FR,FR,actual_offshore_wind_generation,Wind Offshore | Actual Aggregated,2026-08-02T14:20:02Z
2026-08-02T14:18:54Z,2026-08-02T16:18:54+0200,d03952b3-6528-494b-a5a9-803d5ba4eea1,2026-07-07T19:45:00Z,2026-07-07T21:45:00+0200,288.91,MW,FR,FR,actual_offshore_wind_generation,Wind Offshore | Actual Aggregated,2026-08-02T14:20:02Z
2026-08-02T14:18:54Z,2026-08-02T16:18:54+0200,d03952b3-6528-494b-a5a9-803d5ba4eea1,2026-07-07T20:00:00Z,2026-07-07T22:00:00+0200,329.17,MW,FR,FR,actual_offshore_wind_generation,Wind Offshore | Actual Aggregated,2026-08-02T14:20:02Z
2026-08-02T14:18:54Z,2026-08-02T16:18:54+0200,d03952b3-6528-494b-a5a9-803d5ba4eea1,2026-07-07T20:15:00Z,2026-07-07T22:15:00+0200,364.19,MW,FR,FR,actual_offshore_wind_generation,Wind Offshore | Actual Aggregated,2026-08-02T14:20:02Z
2026-08-02T14:18:54Z,2026-08-02T16:18:54+0200,d03952b3-6528-494b-a5a9-803d5ba4eea1,2026-07-07T20:30:00Z,2026-07-07T22:30:00+0200,371.93,MW,FR,FR,actual_offshore_wind_generation,Wind Offshore | Actual Aggregated,2026-08-02T14:20:02Z
2026-08-02T14:18:54Z,2026-08-02T16:18:54+0200,d03952b3-6528-494b-a5a9-803d5ba4eea1,2026-07-07T20:45:00Z,2026-07-07T22:45:00+0200,373.07,MW,FR,FR,actual_offshore_wind_generation,Wind Offshore | Actual Aggregated,2026-08-02T14:20:02Z
2026-08-02T14:18:54Z,2026-08-02T16:18:54+0200,d03952b3-6528-494b-a5a9-803d5ba4eea1,2026-07-07T21:00:00Z,2026-07-07T23:00:00+0200,367.69,MW,FR,FR,actual_offshore_wind_generation,Wind Offshore | Actual Aggregated,2026-08-02T14:20:02Z
2026-08-02T14:18:54Z,2026-08-02T16:18:54+0200,d03952b3-6528-494b-a5a9-803d5ba4eea1,2026-07-07T21:15:00Z,2026-07-07T23:15:00+0200,333.72,MW,FR,FR,actual_offshore_wind_generation,Wind Offshore | Actual Aggregated,2026-08-02T14:20:02Z
2026-08-02T14:18:54Z,2026-08-02T16:18:54+0200,d03952b3-6528-494b-a5a9-803d5ba4eea1,2026-07-07T21:30:00Z,2026-07-07T23:30:00+0200,321.42,MW,FR,FR,actual_offshore_wind_generation,Wind Offshore | Actual Aggregated,2026-08-02T14:20:02Z
2026-08-02T14:18:54Z,2026-08-02T16:18:54+0200,d03952b3-6528-494b-a5a9-803d5ba4eea1,2026-07-07T21:45:00Z,2026-07-07T23:45:00+0200,335.96,MW,FR,FR,actual_offshore_wind_generation,Wind Offshore | Actual Aggregated,2026-08-02T14:20:02Z
2026-08-02T14:18:54Z,2026-08-02T16:18:54+0200,d03952b3-6528-494b-a5a9-803d5ba4eea1,2026-07-07T22:00:00Z,2026-07-08T00:00:00+0200,383.04,MW,FR,FR,actual_offshore_wind_generation,Wind Offshore | Actual Aggregated,2026-08-02T14:20:02Z
2026-08-02T14:18:54Z,2026-08-02T16:18:54+0200,d03952b3-6528-494b-a5a9-803d5ba4eea1,2026-07-07T22:15:00Z,2026-07-08T00:15:00+0200,381.13,MW,FR,FR,actual_offshore_wind_generation,Wind Offshore | Actual Aggregated,2026-08-02T14:20:02Z
2026-08-02T14:18:54Z,2026-08-02T16:18:54+0200,d03952b3-6528-494b-a5a9-803d5ba4eea1,2026-07-07T22:30:00Z,2026-07-08T00:30:00+0200,380.35,MW,FR,FR,actual_offshore_wind_generation,Wind Offshore | Actual Aggregated,2026-08-02T14:20:02Z
2026-08-02T14:18:54Z,2026-08-02T16:18:54+0200,d03952b3-6528-494b-a5a9-803d5ba4eea1,2026-07-07T22:45:00Z,2026-07-08T00:45:00+0200,383.11,MW,FR,FR,actual_offshore_wind_generation,Wind Offshore | Actual Aggregated,2026-08-02T14:20:02Z
2026-08-02T14:18:54Z,2026-08-02T16:18:54+0200,d03952b3-6528-494b-a5a9-803d5ba4eea1,2026-07-07T23:00:00Z,2026-07-08T01:00:00+0200,402.85,MW,FR,FR,actual_offshore_wind_generation,Wind Offshore | Actual Aggregated,2026-08-02T14:20:02Z
2026-08-02T14:18:54Z,2026-08-02T16:18:54+0200,d03952b3-6528-494b-a5a9-803d5ba4eea1,2026-07-07T23:15:00Z,2026-07-08T01:15:00+0200,425.91,MW,FR,FR,actual_offshore_wind_generation,Wind Offshore | Actual Aggregated,2026-08-02T14:20:02Z
2026-08-02T14:18:54Z,2026-08-02T16:18:54+0200,d03952b3-6528-494b-a5a9-803d5ba4eea1,2026-07-07T23:30:00Z,2026-07-08T01:30:00+0200,437.93,MW,FR,FR,actual_offshore_wind_generation,Wind Offshore | Actual Aggregated,2026-08-02T14:20:02Z
2026-08-02T14:18:54Z,2026-08-02T16:18:54+0200,d03952b3-6528-494b-a5a9-803d5ba4eea1,2026-07-07T23:45:00Z,2026-07-08T01:45:00+0200,440.06,MW,FR,FR,actual_offshore_wind_generation,Wind Offshore | Actual Aggregated,2026-08-02T14:20:02Z
2026-08-02T14:18:54Z,2026-08-02T16:18:54+0200,d03952b3-6528-494b-a5a9-803d5ba4eea1,2026-07-08T00:00:00Z,2026-07-08T02:00:00+0200,465.99,MW,FR,FR,actual_offshore_wind_generation,Wind Offshore | Actual Aggregated,2026-08-02T14:20:02Z
2026-08-02T14:18:54Z,2026-08-02T16:18:54+0200,d03952b3-6528-494b-a5a9-803d5ba4eea1,2026-07-08T00:15:00Z,2026-07-08T02:15:00+0200,507.2,MW,FR,FR,actual_offshore_wind_generation,Wind Offshore | Actual Aggregated,2026-08-02T14:20:02Z
2026-08-02T14:18:54Z,2026-08-02T16:18:54+0200,d03952b3-6528-494b-a5a9-803d5ba4eea1,2026-07-08T00:30:00Z,2026-07-08T02:30:00+0200,537.82,MW,FR,FR,actual_offshore_wind_generation,Wind Offshore | Actual Aggregated,2026-08-02T14:20:02Z
2026-08-02T14:18:54Z,2026-08-02T16:18:54+0200,d03952b3-6528-494b-a5a9-803d5ba4eea1,2026-07-08T00:45:00Z,2026-07-08T02:45:00+0200,558.71,MW,FR,FR,actual_offshore_wind_generation,Wind Offshore | Actual Aggregated,2026-08-02T14:20:02Z
2026-08-02T14:18:54Z,2026-08-02T16:18:54+0200,d03952b3-6528-494b-a5a9-803d5ba4eea1,2026-07-08T01:00:00Z,2026-07-08T03:00:00+0200,573.96,MW,FR,FR,actual_offshore_wind_generation,Wind Offshore | Actual Aggregated,2026-08-02T14:20:02Z
2026-08-02T14:18:54Z,2026-08-02T16:18:54+0200,d03952b3-6528-494b-a5a9-803d5ba4eea1,2026-07-08T01:15:00Z,2026-07-08T03:15:00+0200,590.75,MW,FR,FR,actual_offshore_wind_generation,Wind Offshore | Actual Aggregated,2026-08-02T14:20:02Z
2026-08-02T14:18:54Z,2026-08-02T16:18:54+0200,d03952b3-6528-494b-a5a9-803d5ba4eea1,2026-07-08T01:30:00Z,2026-07-08T03:30:00+0200,595.96,MW,FR,FR,actual_offshore_wind_generation,Wind Offshore | Actual Aggregated,2026-08-02T14:20:02Z
2026-08-02T14:18:54Z,2026-08-02T16:18:54+0200,d03952b3-6528-494b-a5a9-803d5ba4eea1,2026-07-08T01:45:00Z,2026-07-08T03:45:00+0200,568.92,MW,FR,FR,actual_offshore_wind_generation,Wind Offshore | Actual Aggregated,2026-08-02T14:20:02Z
2026-08-02T14:18:54Z,2026-08-02T16:18:54+0200,d03952b3-6528-494b-a5a9-803d5ba4eea1,2026-07-08T02:00:00Z,2026-07-08T04:00:00+0200,577.49,MW,FR,FR,actual_offshore_wind_generation,Wind Offshore | Actual Aggregated,2026-08-02T14:20:02Z
2026-08-02T14:18:54Z,2026-08-02T16:18:54+0200,d03952b3-6528-494b-a5a9-803d5ba4eea1,2026-07-08T02:15:00Z,2026-07-08T04:15:00+0200,565.7,MW,FR,FR,actual_offshore_wind_generation,Wind Offshore | Actual Aggregated,2026-08-02T14:20:02Z
2026-08-02T14:18:54Z,2026-08-02T16:18:54+0200,d03952b3-6528-494b-a5a9-803d5ba4eea1,2026-07-08T02:30:00Z,2026-07-08T04:30:00+0200,590.49,MW,FR,FR,actual_offshore_wind_generation,Wind Offshore | Actual Aggregated,2026-08-02T14:20:02Z
2026-08-02T14:18:54Z,2026-08-02T16:18:54+0200,d03952b3-6528-494b-a5a9-803d5ba4eea1,2026-07-08T02:45:00Z,2026-07-08T04:45:00+0200,632.37,MW,FR,FR,actual_offshore_wind_generation,Wind Offshore | Actual Aggregated,2026-08-02T14:20:02Z
2026-08-02T14:18:54Z,2026-08-02T16:18:54+0200,d03952b3-6528-494b-a5a9-803d5ba4eea1,2026-07-08T03:00:00Z,2026-07-08T05:00:00+0200,706.56,MW,FR,FR,actual_offshore_wind_generation,Wind Offshore | Actual Aggregated,2026-08-02T14:20:02Z
2026-08-02T14:18:54Z,2026-08-02T16:18:54+0200,d03952b3-6528-494b-a5a9-803d5ba4eea1,2026-07-08T03:15:00Z,2026-07-08T05:15:00+0200,786.93,MW,FR,FR,actual_offshore_wind_generation,Wind Offshore | Actual Aggregated,2026-08-02T14:20:02Z
2026-08-02T14:18:54Z,2026-08-02T16:18:54+0200,d03952b3-6528-494b-a5a9-803d5ba4eea1,2026-07-08T03:30:00Z,2026-07-08T05:30:00+0200,836.2,MW,FR,FR,actual_offshore_wind_generation,Wind Offshore | Actual Aggregated,2026-08-02T14:20:02Z
2026-08-02T14:18:54Z,2026-08-02T16:18:54+0200,d03952b3-6528-494b-a5a9-803d5ba4eea1,2026-07-08T03:45:00Z,2026-07-08T05:45:00+0200,853.27,MW,FR,FR,actual_offshore_wind_generation,Wind Offshore | Actual Aggregated,2026-08-02T14:20:02Z
2026-08-02T14:18:54Z,2026-08-02T16:18:54+0200,d03952b3-6528-494b-a5a9-803d5ba4eea1,2026-07-08T04:00:00Z,2026-07-08T06:00:00+0200,850.14,MW,FR,FR,actual_offshore_wind_generation,Wind Offshore | Actual Aggregated,2026-08-02T14:20:02Z
2026-08-02T14:18:54Z,2026-08-02T16:18:54+0200,d03952b3-6528-494b-a5a9-803d5ba4eea1,2026-07-08T04:15:00Z,2026-07-08T06:15:00+0200,812.63,MW,FR,FR,actual_offshore_wind_generation,Wind Offshore | Actual Aggregated,2026-08-02T14:20:02Z
2026-08-02T14:18:54Z,2026-08-02T16:18:54+0200,d03952b3-6528-494b-a5a9-803d5ba4eea1,2026-07-08T04:30:00Z,2026-07-08T06:30:00+0200,740.25,MW,FR,FR,actual_offshore_wind_generation,Wind Offshore | Actual Aggregated,2026-08-02T14:20:02Z
2026-08-02T14:18:54Z,2026-08-02T16:18:54+0200,d03952b3-6528-494b-a5a9-803d5ba4eea1,2026-07-08T04:45:00Z,2026-07-08T06:45:00+0200,653.12,MW,FR,FR,actual_offshore_wind_generation,Wind Offshore | Actual Aggregated,2026-08-02T14:20:02Z
2026-08-02T14:18:54Z,2026-08-02T16:18:54+0200,d03952b3-6528-494b-a5a9-803d5ba4eea1,2026-07-08T05:00:00Z,2026-07-08T07:00:00+0200,523.55,MW,FR,FR,actual_offshore_wind_generation,Wind Offshore | Actual Aggregated,2026-08-02T14:20:02Z
2026-08-02T14:18:54Z,2026-08-02T16:18:54+0200,d03952b3-6528-494b-a5a9-803d5ba4eea1,2026-07-08T05:15:00Z,2026-07-08T07:15:00+0200,354.95,MW,FR,FR,actual_offshore_wind_generation,Wind Offshore | Actual Aggregated,2026-08-02T14:20:02Z
2026-08-02T14:18:54Z,2026-08-02T16:18:54+0200,d03952b3-6528-494b-a5a9-803d5ba4eea1,2026-07-08T05:30:00Z,2026-07-08T07:30:00+0200,401.5,MW,FR,FR,actual_offshore_wind_generation,Wind Offshore | Actual Aggregated,2026-08-02T14:20:02Z
2026-08-02T14:18:54Z,2026-08-02T16:18:54+0200,d03952b3-6528-494b-a5a9-803d5ba4eea1,2026-07-08T05:45:00Z,2026-07-08T07:45:00+0200,375.75,MW,FR,FR,actual_offshore_wind_generation,Wind Offshore | Actual Aggregated,2026-08-02T14:20:02Z
2026-08-02T14:18:54Z,2026-08-02T16:18:54+0200,d03952b3-6528-494b-a5a9-803d5ba4eea1,2026-07-08T06:00:00Z,2026-07-08T08:00:00+0200,309.22,MW,FR,FR,actual_offshore_wind_generation,Wind Offshore | Actual Aggregated,2026-08-02T14:20:02Z
2026-08-02T14:18:54Z,2026-08-02T16:18:54+0200,d03952b3-6528-494b-a5a9-803d5ba4eea1,2026-07-08T06:15:00Z,2026-07-08T08:15:00+0200,315.97,MW,FR,FR,actual_offshore_wind_generation,Wind Offshore | Actual Aggregated,2026-08-02T14:20:02Z
2026-08-02T14:18:54Z,2026-08-02T16:18:54+0200,d03952b3-6528-494b-a5a9-803d5ba4eea1,2026-07-08T06:30:00Z,2026-07-08T08:30:00+0200,283.35,MW,FR,FR,actual_offshore_wind_generation,Wind Offshore | Actual Aggregated,2026-08-02T14:20:02Z
2026-08-02T14:18:54Z,2026-08-02T16:18:54+0200,d03952b3-6528-494b-a5a9-803d5ba4eea1,2026-07-08T06:45:00Z,2026-07-08T08:45:00+0200,260.68,MW,FR,FR,actual_offshore_wind_generation,Wind Offshore | Actual Aggregated,2026-08-02T14:20:02Z
2026-08-02T14:18:54Z,2026-08-02T16:18:54+0200,d03952b3-6528-494b-a5a9-803d5ba4eea1,2026-07-08T07:00:00Z,2026-07-08T09:00:00+0200,230.98,MW,FR,FR,actual_offshore_wind_generation,Wind Offshore | Actual Aggregated,2026-08-02T14:20:02Z
2026-08-02T14:18:54Z,2026-08-02T16:18:54+0200,d03952b3-6528-494b-a5a9-803d5ba4eea1,2026-07-08T07:15:00Z,2026-07-08T09:15:00+0200,212.62,MW,FR,FR,actual_offshore_wind_generation,Wind Offshore | Actual Aggregated,2026-08-02T14:20:02Z
2026-08-02T14:18:54Z,2026-08-02T16:18:54+0200,d03952b3-6528-494b-a5a9-803d5ba4eea1,2026-07-08T07:30:00Z,2026-07-08T09:30:00+0200,182.2,MW,FR,FR,actual_offshore_wind_generation,Wind Offshore | Actual Aggregated,2026-08-02T14:20:02Z
2026-08-02T14:18:54Z,2026-08-02T16:18:54+0200,d03952b3-6528-494b-a5a9-803d5ba4eea1,2026-07-08T07:45:00Z,2026-07-08T09:45:00+0200,154.7,MW,FR,FR,actual_offshore_wind_generation,Wind Offshore | Actual Aggregated,2026-08-02T14:20:02Z
2026-08-02T14:18:54Z,2026-08-02T16:18:54+0200,d03952b3-6528-494b-a5a9-803d5ba4eea1,2026-07-08T08:00:00Z,2026-07-08T10:00:00+0200,138.85,MW,FR,FR,actual_offshore_wind_generation,Wind Offshore | Actual Aggregated,2026-08-02T14:20:02Z
2026-08-02T14:18:54Z,2026-08-02T16:18:54+0200,d03952b3-6528-494b-a5a9-803d5ba4eea1,2026-07-08T08:15:00Z,2026-07-08T10:15:00+0200,120.95,MW,FR,FR,actual_offshore_wind_generation,Wind Offshore | Actual Aggregated,2026-08-02T14:20:02Z
2026-08-02T14:18:54Z,2026-08-02T16:18:54+0200,d03952b3-6528-494b-a5a9-803d5ba4eea1,2026-07-08T08:30:00Z,2026-07-08T10:30:00+0200,112.24,MW,FR,FR,actual_offshore_wind_generation,Wind Offshore | Actual Aggregated,2026-08-02T14:20:02Z
2026-08-02T14:18:54Z,2026-08-02T16:18:54+0200,d03952b3-6528-494b-a5a9-803d5ba4eea1,2026-07-08T08:45:00Z,2026-07-08T10:45:00+0200,101.03,MW,FR,FR,actual_offshore_wind_generation,Wind Offshore | Actual Aggregated,2026-08-02T14:20:02Z
2026-08-02T14:18:54Z,2026-08-02T16:18:54+0200,d03952b3-6528-494b-a5a9-803d5ba4eea1,2026-07-08T09:00:00Z,2026-07-08T11:00:00+0200,112.26,MW,FR,FR,actual_offshore_wind_generation,Wind Offshore | Actual Aggregated,2026-08-02T14:20:02Z
2026-08-02T14:18:54Z,2026-08-02T16:18:54+0200,d03952b3-6528-494b-a5a9-803d5ba4eea1,2026-07-08T09:15:00Z,2026-07-08T11:15:00+0200,103.45,MW,FR,FR,actual_offshore_wind_generation,Wind Offshore | Actual Aggregated,2026-08-02T14:20:02Z
2026-08-02T14:18:54Z,2026-08-02T16:18:54+0200,d03952b3-6528-494b-a5a9-803d5ba4eea1,2026-07-08T09:30:00Z,2026-07-08T11:30:00+0200,81.47,MW,FR,FR,actual_offshore_wind_generation,Wind Offshore | Actual Aggregated,2026-08-02T14:20:02Z
2026-08-02T14:18:54Z,2026-08-02T16:18:54+0200,d03952b3-6528-494b-a5a9-803d5ba4eea1,2026-07-08T09:45:00Z,2026-07-08T11:45:00+0200,63.07,MW,FR,FR,actual_offshore_wind_generation,Wind Offshore | Actual Aggregated,2026-08-02T14:20:02Z
2026-08-02T14:18:54Z,2026-08-02T16:18:54+0200,d03952b3-6528-494b-a5a9-803d5ba4eea1,2026-07-08T10:00:00Z,2026-07-08T12:00:00+0200,59.0,MW,FR,FR,actual_offshore_wind_generation,Wind Offshore | Actual Aggregated,2026-08-02T14:20:02Z
2026-08-02T14:18:54Z,2026-08-02T16:18:54+0200,d03952b3-6528-494b-a5a9-803d5ba4eea1,2026-07-08T10:15:00Z,2026-07-08T12:15:00+0200,63.57,MW,FR,FR,actual_offshore_wind_generation,Wind Offshore | Actual Aggregated,2026-08-02T14:20:02Z
2026-08-02T14:18:54Z,2026-08-02T16:18:54+0200,d03952b3-6528-494b-a5a9-803d5ba4eea1,2026-07-08T10:30:00Z,2026-07-08T12:30:00+0200,56.29,MW,FR,FR,actual_offshore_wind_generation,Wind Offshore | Actual Aggregated,2026-08-02T14:20:02Z
2026-08-02T14:18:54Z,2026-08-02T16:18:54+0200,d03952b3-6528-494b-a5a9-803d5ba4eea1,2026-07-08T10:45:00Z,2026-07-08T12:45:00+0200,62.0,MW,FR,FR,actual_offshore_wind_generation,Wind Offshore | Actual Aggregated,2026-08-02T14:20:02Z
2026-08-02T14:18:54Z,2026-08-02T16:18:54+0200,d03952b3-6528-494b-a5a9-803d5ba4eea1,2026-07-08T11:00:00Z,2026-07-08T13:00:00+0200,49.84,MW,FR,FR,actual_offshore_wind_generation,Wind Offshore | Actual Aggregated,2026-08-02T14:20:02Z
2026-08-02T14:18:54Z,2026-08-02T16:18:54+0200,d03952b3-6528-494b-a5a9-803d5ba4eea1,2026-07-08T11:15:00Z,2026-07-08T13:15:00+0200,50.03,MW,FR,FR,actual_offshore_wind_generation,Wind Offshore | Actual Aggregated,2026-08-02T14:20:02Z
2026-08-02T14:18:54Z,2026-08-02T16:18:54+0200,d03952b3-6528-494b-a5a9-803d5ba4eea1,2026-07-08T11:30:00Z,2026-07-08T13:30:00+0200,53.73,MW,FR,FR,actual_offshore_wind_generation,Wind Offshore | Actual Aggregated,2026-08-02T14:20:02Z
2026-08-02T14:18:54Z,2026-08-02T16:18:54+0200,d03952b3-6528-494b-a5a9-803d5ba4eea1,2026-07-08T11:45:00Z,2026-07-08T13:45:00+0200,48.49,MW,FR,FR,actual_offshore_wind_generation,Wind Offshore | Actual Aggregated,2026-08-02T14:20:02Z
2026-08-02T14:18:54Z,2026-08-02T16:18:54+0200,d03952b3-6528-494b-a5a9-803d5ba4eea1,2026-07-08T12:00:00Z,2026-07-08T14:00:00+0200,41.31,MW,FR,FR,actual_offshore_wind_generation,Wind Offshore | Actual Aggregated,2026-08-02T14:20:02Z
2026-08-02T14:18:54Z,2026-08-02T16:18:54+0200,d03952b3-6528-494b-a5a9-803d5ba4eea1,2026-07-08T12:15:00Z,2026-07-08T14:15:00+0200,48.83,MW,FR,FR,actual_offshore_wind_generation,Wind Offshore | Actual Aggregated,2026-08-02T14:20:02Z
2026-08-02T14:18:54Z,2026-08-02T16:18:54+0200,d03952b3-6528-494b-a5a9-803d5ba4eea1,2026-07-08T12:30:00Z,2026-07-08T14:30:00+0200,54.21,MW,FR,FR,actual_offshore_wind_generation,Wind Offshore | Actual Aggregated,2026-08-02T14:20:02Z
2026-08-02T14:18:54Z,2026-08-02T16:18:54+0200,d03952b3-6528-494b-a5a9-803d5ba4eea1,2026-07-08T12:45:00Z,2026-07-08T14:45:00+0200,52.19,MW,FR,FR,actual_offshore_wind_generation,Wind Offshore | Actual Aggregated,2026-08-02T14:20:02Z
2026-08-02T14:18:54Z,2026-08-02T16:18:54+0200,d03952b3-6528-494b-a5a9-803d5ba4eea1,2026-07-08T13:00:00Z,2026-07-08T15:00:00+0200,55.34,MW,FR,FR,actual_offshore_wind_generation,Wind Offshore | Actual Aggregated,2026-08-02T14:20:02Z
2026-08-02T14:18:54Z,2026-08-02T16:18:54+0200,d03952b3-6528-494b-a5a9-803d5ba4eea1,2026-07-08T13:15:00Z,2026-07-08T15:15:00+0200,49.43,MW,FR,FR,actual_offshore_wind_generation,Wind Offshore | Actual Aggregated,2026-08-02T14:20:02Z
2026-08-02T14:18:54Z,2026-08-02T16:18:54+0200,d03952b3-6528-494b-a5a9-803d5ba4eea1,2026-07-08T13:30:00Z,2026-07-08T15:30:00+0200,43.94,MW,FR,FR,actual_offshore_wind_generation,Wind Offshore | Actual Aggregated,2026-08-02T14:20:02Z
2026-08-02T14:18:54Z,2026-08-02T16:18:54+0200,d03952b3-6528-494b-a5a9-803d5ba4eea1,2026-07-08T13:45:00Z,2026-07-08T15:45:00+0200,42.16,MW,FR,FR,actual_offshore_wind_generation,Wind Offshore | Actual Aggregated,2026-08-02T14:20:02Z
2026-08-02T14:18:54Z,2026-08-02T16:18:54+0200,d03952b3-6528-494b-a5a9-803d5ba4eea1,2026-07-08T14:00:00Z,2026-07-08T16:00:00+0200,44.24,MW,FR,FR,actual_offshore_wind_generation,Wind Offshore | Actual Aggregated,2026-08-02T14:20:02Z
2026-08-02T14:18:54Z,2026-08-02T16:18:54+0200,d03952b3-6528-494b-a5a9-803d5ba4eea1,2026-07-08T14:15:00Z,2026-07-08T16:15:00+0200,58.75,MW,FR,FR,actual_offshore_wind_generation,Wind Offshore | Actual Aggregated,2026-08-02T14:20:02Z
2026-08-02T14:18:54Z,2026-08-02T16:18:54+0200,d03952b3-6528-494b-a5a9-803d5ba4eea1,2026-07-08T14:30:00Z,2026-07-08T16:30:00+0200,83.25,MW,FR,FR,actual_offshore_wind_generation,Wind Offshore | Actual Aggregated,2026-08-02T14:20:02Z
2026-08-02T14:18:54Z,2026-08-02T16:18:54+0200,d03952b3-6528-494b-a5a9-803d5ba4eea1,2026-07-08T14:45:00Z,2026-07-08T16:45:00+0200,107.91,MW,FR,FR,actual_offshore_wind_generation,Wind Offshore | Actual Aggregated,2026-08-02T14:20:02Z
2026-08-02T14:18:54Z,2026-08-02T16:18:54+0200,d03952b3-6528-494b-a5a9-803d5ba4eea1,2026-07-08T15:00:00Z,2026-07-08T17:00:00+0200,80.66,MW,FR,FR,actual_offshore_wind_generation,Wind Offshore | Actual Aggregated,2026-08-02T14:20:02Z
2026-08-02T14:18:54Z,2026-08-02T16:18:54+0200,d03952b3-6528-494b-a5a9-803d5ba4eea1,2026-07-08T15:15:00Z,2026-07-08T17:15:00+0200,71.09,MW,FR,FR,actual_offshore_wind_generation,Wind Offshore | Actual Aggregated,2026-08-02T14:20:02Z
2026-08-02T14:18:54Z,2026-08-02T16:18:54+0200,d03952b3-6528-494b-a5a9-803d5ba4eea1,2026-07-08T15:30:00Z,2026-07-08T17:30:00+0200,74.21,MW,FR,FR,actual_offshore_wind_generation,Wind Offshore | Actual Aggregated,2026-08-02T14:20:02Z
2026-08-02T14:18:54Z,2026-08-02T16:18:54+0200,d03952b3-6528-494b-a5a9-803d5ba4eea1,2026-07-08T15:45:00Z,2026-07-08T17:45:00+0200,66.95,MW,FR,FR,actual_offshore_wind_generation,Wind Offshore | Actual Aggregated,2026-08-02T14:20:02Z
2026-08-02T14:18:54Z,2026-08-02T16:18:54+0200,d03952b3-6528-494b-a5a9-803d5ba4eea1,2026-07-08T16:00:00Z,2026-07-08T18:00:00+0200,63.15,MW,FR,FR,actual_offshore_wind_generation,Wind Offshore | Actual Aggregated,2026-08-02T14:20:02Z
2026-08-02T14:18:54Z,2026-08-02T16:18:54+0200,d03952b3-6528-494b-a5a9-803d5ba4eea1,2026-07-08T16:15:00Z,2026-07-08T18:15:00+0200,63.86,MW,FR,FR,actual_offshore_wind_generation,Wind Offshore | Actual Aggregated,2026-08-02T14:20:02Z
2026-08-02T14:18:54Z,2026-08-02T16:18:54+0200,d03952b3-6528-494b-a5a9-803d5ba4eea1,2026-07-08T16:30:00Z,2026-07-08T18:30:00+0200,65.03,MW,FR,FR,actual_offshore_wind_generation,Wind Offshore | Actual Aggregated,2026-08-02T14:20:02Z
2026-08-02T14:18:54Z,2026-08-02T16:18:54+0200,d03952b3-6528-494b-a5a9-803d5ba4eea1,2026-07-08T16:45:00Z,2026-07-08T18:45:00+0200,67.25,MW,FR,FR,actual_offshore_wind_generation,Wind Offshore | Actual Aggregated,2026-08-02T14:20:02Z
2026-08-02T14:18:54Z,2026-08-02T16:18:54+0200,d03952b3-6528-494b-a5a9-803d5ba4eea1,2026-07-08T17:00:00Z,2026-07-08T19:00:00+0200,70.5,MW,FR,FR,actual_offshore_wind_generation,Wind Offshore | Actual Aggregated,2026-08-02T14:20:02Z
2026-08-02T14:18:54Z,2026-08-02T16:18:54+0200,d03952b3-6528-494b-a5a9-803d5ba4eea1,2026-07-08T17:15:00Z,2026-07-08T19:15:00+0200,68.48,MW,FR,FR,actual_offshore_wind_generation,Wind Offshore | Actual Aggregated,2026-08-02T14:20:02Z
2026-08-02T14:18:54Z,2026-08-02T16:18:54+0200,d03952b3-6528-494b-a5a9-803d5ba4eea1,2026-07-08T17:30:00Z,2026-07-08T19:30:00+0200,78.26,MW,FR,FR,actual_offshore_wind_generation,Wind Offshore | Actual Aggregated,2026-08-02T14:20:02Z
2026-08-02T14:18:54Z,2026-08-02T16:18:54+0200,d03952b3-6528-494b-a5a9-803d5ba4eea1,2026-07-08T17:45:00Z,2026-07-08T19:45:00+0200,99.99,MW,FR,FR,actual_offshore_wind_generation,Wind Offshore | Actual Aggregated,2026-08-02T14:20:02Z
2026-08-02T14:18:54Z,2026-08-02T16:18:54+0200,d03952b3-6528-494b-a5a9-803d5ba4eea1,2026-07-08T18:00:00Z,2026-07-08T20:00:00+0200,117.96,MW,FR,FR,actual_offshore_wind_generation,Wind Offshore | Actual Aggregated,2026-08-02T14:20:02Z
2026-08-02T14:18:54Z,2026-08-02T16:18:54+0200,d03952b3-6528-494b-a5a9-803d5ba4eea1,2026-07-08T18:15:00Z,2026-07-08T20:15:00+0200,132.58,MW,FR,FR,actual_offshore_wind_generation,Wind Offshore | Actual Aggregated,2026-08-02T14:20:02Z
2026-08-02T14:18:54Z,2026-08-02T16:18:54+0200,d03952b3-6528-494b-a5a9-803d5ba4eea1,2026-07-08T18:30:00Z,2026-07-08T20:30:00+0200,108.46,MW,FR,FR,actual_offshore_wind_generation,Wind Offshore | Actual Aggregated,2026-08-02T14:20:02Z
2026-08-02T14:18:54Z,2026-08-02T16:18:54+0200,d03952b3-6528-494b-a5a9-803d5ba4eea1,2026-07-08T18:45:00Z,2026-07-08T20:45:00+0200,89.67,MW,FR,FR,actual_offshore_wind_generation,Wind Offshore | Actual Aggregated,2026-08-02T14:20:02Z
2026-08-02T14:18:54Z,2026-08-02T16:18:54+0200,d03952b3-6528-494b-a5a9-803d5ba4eea1,2026-07-08T19:00:00Z,2026-07-08T21:00:00+0200,91.96,MW,FR,FR,actual_offshore_wind_generation,Wind Offshore | Actual Aggregated,2026-08-02T14:20:02Z
2026-08-02T14:18:54Z,2026-08-02T16:18:54+0200,d03952b3-6528-494b-a5a9-803d5ba4eea1,2026-07-08T19:15:00Z,2026-07-08T21:15:00+0200,80.11,MW,FR,FR,actual_offshore_wind_generation,Wind Offshore | Actual Aggregated,2026-08-02T14:20:02Z
2026-08-02T14:18:54Z,2026-08-02T16:18:54+0200,d03952b3-6528-494b-a5a9-803d5ba4eea1,2026-07-08T19:30:00Z,2026-07-08T21:30:00+0200,69.85,MW,FR,FR,actual_offshore_wind_generation,Wind Offshore | Actual Aggregated,2026-08-02T14:20:02Z
2026-08-02T14:18:54Z,2026-08-02T16:18:54+0200,d03952b3-6528-494b-a5a9-803d5ba4eea1,2026-07-08T19:45:00Z,2026-07-08T21:45:00+0200,65.6,MW,FR,FR,actual_offshore_wind_generation,Wind Offshore | Actual Aggregated,2026-08-02T14:20:02Z
2026-08-02T14:18:54Z,2026-08-02T16:18:54+0200,d03952b3-6528-494b-a5a9-803d5ba4eea1,2026-07-08T20:00:00Z,2026-07-08T22:00:00+0200,63.81,MW,FR,FR,actual_offshore_wind_generation,Wind Offshore | Actual Aggregated,2026-08-02T14:20:02Z
2026-08-02T14:18:54Z,2026-08-02T16:18:54+0200,d03952b3-6528-494b-a5a9-803d5ba4eea1,2026-07-08T20:15:00Z,2026-07-08T22:15:00+0200,57.84,MW,FR,FR,actual_offshore_wind_generation,Wind Offshore | Actual Aggregated,2026-08-02T14:20:02Z
2026-08-02T14:18:54Z,2026-08-02T16:18:54+0200,d03952b3-6528-494b-a5a9-803d5ba4eea1,2026-07-08T20:30:00Z,2026-07-08T22:30:00+0200,58.67,MW,FR,FR,actual_offshore_wind_generation,Wind Offshore | Actual Aggregated,2026-08-02T14:20:02Z
2026-08-02T14:18:54Z,2026-08-02T16:18:54+0200,d03952b3-6528-494b-a5a9-803d5ba4eea1,2026-07-08T20:45:00Z,2026-07-08T22:45:00+0200,53.63,MW,FR,FR,actual_offshore_wind_generation,Wind Offshore | Actual Aggregated,2026-08-02T14:20:02Z
2026-08-02T14:18:54Z,2026-08-02T16:18:54+0200,d03952b3-6528-494b-a5a9-803d5ba4eea1,2026-07-08T21:00:00Z,2026-07-08T23:00:00+0200,56.91,MW,FR,FR,actual_offshore_wind_generation,Wind Offshore | Actual Aggregated,2026-08-02T14:20:02Z
2026-08-02T14:18:54Z,2026-08-02T16:18:54+0200,d03952b3-6528-494b-a5a9-803d5ba4eea1,2026-07-08T21:15:00Z,2026-07-08T23:15:00+0200,52.96,MW,FR,FR,actual_offshore_wind_generation,Wind Offshore | Actual Aggregated,2026-08-02T14:20:02Z
2026-08-02T14:18:54Z,2026-08-02T16:18:54+0200,d03952b3-6528-494b-a5a9-803d5ba4eea1,2026-07-08T21:30:00Z,2026-07-08T23:30:00+0200,62.19,MW,FR,FR,actual_offshore_wind_generation,Wind Offshore | Actual Aggregated,2026-08-02T14:20:02Z
2026-08-02T14:18:54Z,2026-08-02T16:18:54+0200,d03952b3-6528-494b-a5a9-803d5ba4eea1,2026-07-08T21:45:00Z,2026-07-08T23:45:00+0200,77.18,MW,FR,FR,actual_offshore_wind_generation,Wind Offshore | Actual Aggregated,2026-08-02T14:20:02Z
2026-08-02T14:18:54Z,2026-08-02T16:18:54+0200,d03952b3-6528-494b-a5a9-803d5ba4eea1,2026-07-08T22:00:00Z,2026-07-09T00:00:00+0200,99.39,MW,FR,FR,actual_offshore_wind_generation,Wind Offshore | Actual Aggregated,2026-08-02T14:20:02Z
2026-08-02T14:18:54Z,2026-08-02T16:18:54+0200,d03952b3-6528-494b-a5a9-803d5ba4eea1,2026-07-08T22:15:00Z,2026-07-09T00:15:00+0200,141.5,MW,FR,FR,actual_offshore_wind_generation,Wind Offshore | Actual Aggregated,2026-08-02T14:20:02Z
2026-08-02T14:18:54Z,2026-08-02T16:18:54+0200,d03952b3-6528-494b-a5a9-803d5ba4eea1,2026-07-08T22:30:00Z,2026-07-09T00:30:00+0200,182.85,MW,FR,FR,actual_offshore_wind_generation,Wind Offshore | Actual Aggregated,2026-08-02T14:20:02Z
2026-08-02T14:18:54Z,2026-08-02T16:18:54+0200,d03952b3-6528-494b-a5a9-803d5ba4eea1,2026-07-08T22:45:00Z,2026-07-09T00:45:00+0200,217.81,MW,FR,FR,actual_offshore_wind_generation,Wind Offshore | Actual Aggregated,2026-08-02T14:20:02Z
2026-08-02T14:18:54Z,2026-08-02T16:18:54+0200,d03952b3-6528-494b-a5a9-803d5ba4eea1,2026-07-08T23:00:00Z,2026-07-09T01:00:00+0200,260.38,MW,FR,FR,actual_offshore_wind_generation,Wind Offshore | Actual Aggregated,2026-08-02T14:20:02Z
2026-08-02T14:18:54Z,2026-08-02T16:18:54+0200,d03952b3-6528-494b-a5a9-803d5ba4eea1,2026-07-08T23:15:00Z,2026-07-09T01:15:00+0200,309.01,MW,FR,FR,actual_offshore_wind_generation,Wind Offshore | Actual Aggregated,2026-08-02T14:20:02Z
2026-08-02T14:18:54Z,2026-08-02T16:18:54+0200,d03952b3-6528-494b-a5a9-803d5ba4eea1,2026-07-08T23:30:00Z,2026-07-09T01:30:00+0200,357.1,MW,FR,FR,actual_offshore_wind_generation,Wind Offshore | Actual Aggregated,2026-08-02T14:20:02Z
2026-08-02T14:18:54Z,2026-08-02T16:18:54+0200,d03952b3-6528-494b-a5a9-803d5ba4eea1,2026-07-08T23:45:00Z,2026-07-09T01:45:00+0200,373.76,MW,FR,FR,actual_offshore_wind_generation,Wind Offshore | Actual Aggregated,2026-08-02T14:20:02Z
2026-08-02T14:18:54Z,2026-08-02T16:18:54+0200,d03952b3-6528-494b-a5a9-803d5ba4eea1,2026-07-09T00:00:00Z,2026-07-09T02:00:00+0200,410.95,MW,FR,FR,actual_offshore_wind_generation,Wind Offshore | Actual Aggregated,2026-08-02T14:20:02Z
2026-08-02T14:18:54Z,2026-08-02T16:18:54+0200,d03952b3-6528-494b-a5a9-803d5ba4eea1,2026-07-09T00:15:00Z,2026-07-09T02:15:00+0200,443.89,MW,FR,FR,actual_offshore_wind_generation,Wind Offshore | Actual Aggregated,2026-08-02T14:20:02Z
2026-08-02T14:18:54Z,2026-08-02T16:18:54+0200,d03952b3-6528-494b-a5a9-803d5ba4eea1,2026-07-09T00:30:00Z,2026-07-09T02:30:00+0200,443.24,MW,FR,FR,actual_offshore_wind_generation,Wind Offshore | Actual Aggregated,2026-08-02T14:20:02Z
2026-08-02T14:18:54Z,2026-08-02T16:18:54+0200,d03952b3-6528-494b-a5a9-803d5ba4eea1,2026-07-09T00:45:00Z,2026-07-09T02:45:00+0200,447.1,MW,FR,FR,actual_offshore_wind_generation,Wind Offshore | Actual Aggregated,2026-08-02T14:20:02Z
2026-08-02T14:18:54Z,2026-08-02T16:18:54+0200,d03952b3-6528-494b-a5a9-803d5ba4eea1,2026-07-09T01:00:00Z,2026-07-09T03:00:00+0200,455.99,MW,FR,FR,actual_offshore_wind_generation,Wind Offshore | Actual Aggregated,2026-08-02T14:20:02Z
2026-08-02T14:18:54Z,2026-08-02T16:18:54+0200,d03952b3-6528-494b-a5a9-803d5ba4eea1,2026-07-09T01:15:00Z,2026-07-09T03:15:00+0200,452.29,MW,FR,FR,actual_offshore_wind_generation,Wind Offshore | Actual Aggregated,2026-08-02T14:20:02Z
2026-08-02T14:18:54Z,2026-08-02T16:18:54+0200,d03952b3-6528-494b-a5a9-803d5ba4eea1,2026-07-09T01:30:00Z,2026-07-09T03:30:00+0200,461.89,MW,FR,FR,actual_offshore_wind_generation,Wind Offshore | Actual Aggregated,2026-08-02T14:20:02Z
2026-08-02T14:18:54Z,2026-08-02T16:18:54+0200,d03952b3-6528-494b-a5a9-803d5ba4eea1,2026-07-09T01:45:00Z,2026-07-09T03:45:00+0200,477.33,MW,FR,FR,actual_offshore_wind_generation,Wind Offshore | Actual Aggregated,2026-08-02T14:20:02Z
2026-08-02T14:18:54Z,2026-08-02T16:18:54+0200,d03952b3-6528-494b-a5a9-803d5ba4eea1,2026-07-09T02:00:00Z,2026-07-09T04:00:00+0200,475.89,MW,FR,FR,actual_offshore_wind_generation,Wind Offshore | Actual Aggregated,2026-08-02T14:20:02Z
2026-08-02T14:18:54Z,2026-08-02T16:18:54+0200,d03952b3-6528-494b-a5a9-803d5ba4eea1,2026-07-09T02:15:00Z,2026-07-09T04:15:00+0200,473.98,MW,FR,FR,actual_offshore_wind_generation,Wind Offshore | Actual Aggregated,2026-08-02T14:20:02Z
2026-08-02T14:18:54Z,2026-08-02T16:18:54+0200,d03952b3-6528-494b-a5a9-803d5ba4eea1,2026-07-09T02:30:00Z,2026-07-09T04:30:00+0200,422.31,MW,FR,FR,actual_offshore_wind_generation,Wind Offshore | Actual Aggregated,2026-08-02T14:20:02Z
2026-08-02T14:18:54Z,2026-08-02T16:18:54+0200,d03952b3-6528-494b-a5a9-803d5ba4eea1,2026-07-09T02:45:00Z,2026-07-09T04:45:00+0200,398.77,MW,FR,FR,actual_offshore_wind_generation,Wind Offshore | Actual Aggregated,2026-08-02T14:20:02Z
2026-08-02T14:18:54Z,2026-08-02T16:18:54+0200,d03952b3-6528-494b-a5a9-803d5ba4eea1,2026-07-09T03:00:00Z,2026-07-09T05:00:00+0200,402.03,MW,FR,FR,actual_offshore_wind_generation,Wind Offshore | Actual Aggregated,2026-08-02T14:20:02Z
2026-08-02T14:18:54Z,2026-08-02T16:18:54+0200,d03952b3-6528-494b-a5a9-803d5ba4eea1,2026-07-09T03:15:00Z,2026-07-09T05:15:00+0200,390.43,MW,FR,FR,actual_offshore_wind_generation,Wind Offshore | Actual Aggregated,2026-08-02T14:20:02Z
2026-08-02T14:18:54Z,2026-08-02T16:18:54+0200,d03952b3-6528-494b-a5a9-803d5ba4eea1,2026-07-09T03:30:00Z,2026-07-09T05:30:00+0200,383.0,MW,FR,FR,actual_offshore_wind_generation,Wind Offshore | Actual Aggregated,2026-08-02T14:20:02Z
2026-08-02T14:18:54Z,2026-08-02T16:18:54+0200,d03952b3-6528-494b-a5a9-803d5ba4eea1,2026-07-09T03:45:00Z,2026-07-09T05:45:00+0200,349.8,MW,FR,FR,actual_offshore_wind_generation,Wind Offshore | Actual Aggregated,2026-08-02T14:20:02Z
2026-08-02T14:18:54Z,2026-08-02T16:18:54+0200,d03952b3-6528-494b-a5a9-803d5ba4eea1,2026-07-09T04:00:00Z,2026-07-09T06:00:00+0200,351.98,MW,FR,FR,actual_offshore_wind_generation,Wind Offshore | Actual Aggregated,2026-08-02T14:20:02Z
2026-08-02T14:18:54Z,2026-08-02T16:18:54+0200,d03952b3-6528-494b-a5a9-803d5ba4eea1,2026-07-09T04:15:00Z,2026-07-09T06:15:00+0200,349.09,MW,FR,FR,actual_offshore_wind_generation,Wind Offshore | Actual Aggregated,2026-08-02T14:20:02Z
2026-08-02T14:18:54Z,2026-08-02T16:18:54+0200,d03952b3-6528-494b-a5a9-803d5ba4eea1,2026-07-09T04:30:00Z,2026-07-09T06:30:00+0200,354.34,MW,FR,FR,actual_offshore_wind_generation,Wind Offshore | Actual Aggregated,2026-08-02T14:20:02Z
2026-08-02T14:18:54Z,2026-08-02T16:18:54+0200,d03952b3-6528-494b-a5a9-803d5ba4eea1,2026-07-09T04:45:00Z,2026-07-09T06:45:00+0200,352.39,MW,FR,FR,actual_offshore_wind_generation,Wind Offshore | Actual Aggregated,2026-08-02T14:20:02Z
2026-08-02T14:18:54Z,2026-08-02T16:18:54+0200,d03952b3-6528-494b-a5a9-803d5ba4eea1,2026-07-09T05:00:00Z,2026-07-09T07:00:00+0200,335.84,MW,FR,FR,actual_offshore_wind_generation,Wind Offshore | Actual Aggregated,2026-08-02T14:20:02Z
2026-08-02T14:18:54Z,2026-08-02T16:18:54+0200,d03952b3-6528-494b-a5a9-803d5ba4eea1,2026-07-09T05:15:00Z,2026-07-09T07:15:00+0200,324.48,MW,FR,FR,actual_offshore_wind_generation,Wind Offshore | Actual Aggregated,2026-08-02T14:20:02Z
2026-08-02T14:18:54Z,2026-08-02T16:18:54+0200,d03952b3-6528-494b-a5a9-803d5ba4eea1,2026-07-09T05:30:00Z,2026-07-09T07:30:00+0200,314.25,MW,FR,FR,actual_offshore_wind_generation,Wind Offshore | Actual Aggregated,2026-08-02T14:20:02Z
2026-08-02T14:18:54Z,2026-08-02T16:18:54+0200,d03952b3-6528-494b-a5a9-803d5ba4eea1,2026-07-09T05:45:00Z,2026-07-09T07:45:00+0200,292.21,MW,FR,FR,actual_offshore_wind_generation,Wind Offshore | Actual Aggregated,2026-08-02T14:20:02Z
2026-08-02T14:18:54Z,2026-08-02T16:18:54+0200,d03952b3-6528-494b-a5a9-803d5ba4eea1,2026-07-09T06:00:00Z,2026-07-09T08:00:00+0200,252.45,MW,FR,FR,actual_offshore_wind_generation,Wind Offshore | Actual Aggregated,2026-08-02T14:20:02Z
2026-08-02T14:18:54Z,2026-08-02T16:18:54+0200,d03952b3-6528-494b-a5a9-803d5ba4eea1,2026-07-09T06:15:00Z,2026-07-09T08:15:00+0200,234.34,MW,FR,FR,actual_offshore_wind_generation,Wind Offshore | Actual Aggregated,2026-08-02T14:20:02Z
2026-08-02T14:18:54Z,2026-08-02T16:18:54+0200,d03952b3-6528-494b-a5a9-803d5ba4eea1,2026-07-09T06:30:00Z,2026-07-09T08:30:00+0200,211.8,MW,FR,FR,actual_offshore_wind_generation,Wind Offshore | Actual Aggregated,2026-08-02T14:20:02Z
2026-08-02T14:18:54Z,2026-08-02T16:18:54+0200,d03952b3-6528-494b-a5a9-803d5ba4eea1,2026-07-09T06:45:00Z,2026-07-09T08:45:00+0200,183.03,MW,FR,FR,actual_offshore_wind_generation,Wind Offshore | Actual Aggregated,2026-08-02T14:20:02Z
2026-08-02T14:18:54Z,2026-08-02T16:18:54+0200,d03952b3-6528-494b-a5a9-803d5ba4eea1,2026-07-09T07:00:00Z,2026-07-09T09:00:00+0200,186.47,MW,FR,FR,actual_offshore_wind_generation,Wind Offshore | Actual Aggregated,2026-08-02T14:20:02Z
2026-08-02T14:18:54Z,2026-08-02T16:18:54+0200,d03952b3-6528-494b-a5a9-803d5ba4eea1,2026-07-09T07:15:00Z,2026-07-09T09:15:00+0200,173.87,MW,FR,FR,actual_offshore_wind_generation,Wind Offshore | Actual Aggregated,2026-08-02T14:20:02Z
2026-08-02T14:18:54Z,2026-08-02T16:18:54+0200,d03952b3-6528-494b-a5a9-803d5ba4eea1,2026-07-09T07:30:00Z,2026-07-09T09:30:00+0200,165.98,MW,FR,FR,actual_offshore_wind_generation,Wind Offshore | Actual Aggregated,2026-08-02T14:20:02Z
2026-08-02T14:18:54Z,2026-08-02T16:18:54+0200,d03952b3-6528-494b-a5a9-803d5ba4eea1,2026-07-09T07:45:00Z,2026-07-09T09:45:00+0200,155.97,MW,FR,FR,actual_offshore_wind_generation,Wind Offshore | Actual Aggregated,2026-08-02T14:20:02Z
2026-08-02T14:18:54Z,2026-08-02T16:18:54+0200,d03952b3-6528-494b-a5a9-803d5ba4eea1,2026-07-09T08:00:00Z,2026-07-09T10:00:00+0200,121.25,MW,FR,FR,actual_offshore_wind_generation,Wind Offshore | Actual Aggregated,2026-08-02T14:20:02Z
2026-08-02T14:18:54Z,2026-08-02T16:18:54+0200,d03952b3-6528-494b-a5a9-803d5ba4eea1,2026-07-09T08:15:00Z,2026-07-09T10:15:00+0200,102.71,MW,FR,FR,actual_offshore_wind_generation,Wind Offshore | Actual Aggregated,2026-08-02T14:20:02Z
2026-08-02T14:18:54Z,2026-08-02T16:18:54+0200,d03952b3-6528-494b-a5a9-803d5ba4eea1,2026-07-09T08:30:00Z,2026-07-09T10:30:00+0200,83.64,MW,FR,FR,actual_offshore_wind_generation,Wind Offshore | Actual Aggregated,2026-08-02T14:20:02Z
2026-08-02T14:18:54Z,2026-08-02T16:18:54+0200,d03952b3-6528-494b-a5a9-803d5ba4eea1,2026-07-09T08:45:00Z,2026-07-09T10:45:00+0200,79.7,MW,FR,FR,actual_offshore_wind_generation,Wind Offshore | Actual Aggregated,2026-08-02T14:20:02Z
2026-08-02T14:18:54Z,2026-08-02T16:18:54+0200,d03952b3-6528-494b-a5a9-803d5ba4eea1,2026-07-09T09:00:00Z,2026-07-09T11:00:00+0200,80.6,MW,FR,FR,actual_offshore_wind_generation,Wind Offshore | Actual Aggregated,2026-08-02T14:20:02Z
2026-08-02T14:18:54Z,2026-08-02T16:18:54+0200,d03952b3-6528-494b-a5a9-803d5ba4eea1,2026-07-09T09:15:00Z,2026-07-09T11:15:00+0200,88.06,MW,FR,FR,actual_offshore_wind_generation,Wind Offshore | Actual Aggregated,2026-08-02T14:20:02Z
2026-08-02T14:18:54Z,2026-08-02T16:18:54+0200,d03952b3-6528-494b-a5a9-803d5ba4eea1,2026-07-09T09:30:00Z,2026-07-09T11:30:00+0200,95.53,MW,FR,FR,actual_offshore_wind_generation,Wind Offshore | Actual Aggregated,2026-08-02T14:20:02Z
2026-08-02T14:18:54Z,2026-08-02T16:18:54+0200,d03952b3-6528-494b-a5a9-803d5ba4eea1,2026-07-09T09:45:00Z,2026-07-09T11:45:00+0200,109.46,MW,FR,FR,actual_offshore_wind_generation,Wind Offshore | Actual Aggregated,2026-08-02T14:20:02Z
2026-08-02T14:18:54Z,2026-08-02T16:18:54+0200,d03952b3-6528-494b-a5a9-803d5ba4eea1,2026-07-09T10:00:00Z,2026-07-09T12:00:00+0200,99.07,MW,FR,FR,actual_offshore_wind_generation,Wind Offshore | Actual Aggregated,2026-08-02T14:20:02Z
2026-08-02T14:18:54Z,2026-08-02T16:18:54+0200,d03952b3-6528-494b-a5a9-803d5ba4eea1,2026-07-09T10:15:00Z,2026-07-09T12:15:00+0200,106.4,MW,FR,FR,actual_offshore_wind_generation,Wind Offshore | Actual Aggregated,2026-08-02T14:20:02Z
2026-08-02T14:18:54Z,2026-08-02T16:18:54+0200,d03952b3-6528-494b-a5a9-803d5ba4eea1,2026-07-09T10:30:00Z,2026-07-09T12:30:00+0200,92.55,MW,FR,FR,actual_offshore_wind_generation,Wind Offshore | Actual Aggregated,2026-08-02T14:20:02Z
2026-08-02T14:18:54Z,2026-08-02T16:18:54+0200,d03952b3-6528-494b-a5a9-803d5ba4eea1,2026-07-09T10:45:00Z,2026-07-09T12:45:00+0200,91.48,MW,FR,FR,actual_offshore_wind_generation,Wind Offshore | Actual Aggregated,2026-08-02T14:20:02Z
2026-08-02T14:18:54Z,2026-08-02T16:18:54+0200,d03952b3-6528-494b-a5a9-803d5ba4eea1,2026-07-09T11:00:00Z,2026-07-09T13:00:00+0200,88.23,MW,FR,FR,actual_offshore_wind_generation,Wind Offshore | Actual Aggregated,2026-08-02T14:20:02Z
2026-08-02T14:18:54Z,2026-08-02T16:18:54+0200,d03952b3-6528-494b-a5a9-803d5ba4eea1,2026-07-09T11:15:00Z,2026-07-09T13:15:00+0200,81.17,MW,FR,FR,actual_offshore_wind_generation,Wind Offshore | Actual Aggregated,2026-08-02T14:20:02Z
2026-08-02T14:18:54Z,2026-08-02T16:18:54+0200,d03952b3-6528-494b-a5a9-803d5ba4eea1,2026-07-09T11:30:00Z,2026-07-09T13:30:00+0200,79.57,MW,FR,FR,actual_offshore_wind_generation,Wind Offshore | Actual Aggregated,2026-08-02T14:20:02Z
2026-08-02T14:18:54Z,2026-08-02T16:18:54+0200,d03952b3-6528-494b-a5a9-803d5ba4eea1,2026-07-09T11:45:00Z,2026-07-09T13:45:00+0200,81.78,MW,FR,FR,actual_offshore_wind_generation,Wind Offshore | Actual Aggregated,2026-08-02T14:20:02Z
2026-08-02T14:18:54Z,2026-08-02T16:18:54+0200,d03952b3-6528-494b-a5a9-803d5ba4eea1,2026-07-09T12:00:00Z,2026-07-09T14:00:00+0200,80.11,MW,FR,FR,actual_offshore_wind_generation,Wind Offshore | Actual Aggregated,2026-08-02T14:20:02Z
2026-08-02T14:18:54Z,2026-08-02T16:18:54+0200,d03952b3-6528-494b-a5a9-803d5ba4eea1,2026-07-09T12:15:00Z,2026-07-09T14:15:00+0200,92.5,MW,FR,FR,actual_offshore_wind_generation,Wind Offshore | Actual Aggregated,2026-08-02T14:20:02Z
2026-08-02T14:18:54Z,2026-08-02T16:18:54+0200,d03952b3-6528-494b-a5a9-803d5ba4eea1,2026-07-09T12:30:00Z,2026-07-09T14:30:00+0200,92.91,MW,FR,FR,actual_offshore_wind_generation,Wind Offshore | Actual Aggregated,2026-08-02T14:20:02Z
2026-08-02T14:18:54Z,2026-08-02T16:18:54+0200,d03952b3-6528-494b-a5a9-803d5ba4eea1,2026-07-09T12:45:00Z,2026-07-09T14:45:00+0200,96.75,MW,FR,FR,actual_offshore_wind_generation,Wind Offshore | Actual Aggregated,2026-08-02T14:20:02Z
2026-08-02T14:18:54Z,2026-08-02T16:18:54+0200,d03952b3-6528-494b-a5a9-803d5ba4eea1,2026-07-09T13:00:00Z,2026-07-09T15:00:00+0200,102.49,MW,FR,FR,actual_offshore_wind_generation,Wind Offshore | Actual Aggregated,2026-08-02T14:20:02Z
2026-08-02T14:18:54Z,2026-08-02T16:18:54+0200,d03952b3-6528-494b-a5a9-803d5ba4eea1,2026-07-09T13:15:00Z,2026-07-09T15:15:00+0200,105.73,MW,FR,FR,actual_offshore_wind_generation,Wind Offshore | Actual Aggregated,2026-08-02T14:20:02Z
2026-08-02T14:18:54Z,2026-08-02T16:18:54+0200,d03952b3-6528-494b-a5a9-803d5ba4eea1,2026-07-09T13:30:00Z,2026-07-09T15:30:00+0200,132.71,MW,FR,FR,actual_offshore_wind_generation,Wind Offshore | Actual Aggregated,2026-08-02T14:20:02Z
2026-08-02T14:18:54Z,2026-08-02T16:18:54+0200,d03952b3-6528-494b-a5a9-803d5ba4eea1,2026-07-09T13:45:00Z,2026-07-09T15:45:00+0200,151.66,MW,FR,FR,actual_offshore_wind_generation,Wind Offshore | Actual Aggregated,2026-08-02T14:20:02Z
2026-08-02T14:18:54Z,2026-08-02T16:18:54+0200,d03952b3-6528-494b-a5a9-803d5ba4eea1,2026-07-09T14:00:00Z,2026-07-09T16:00:00+0200,162.68,MW,FR,FR,actual_offshore_wind_generation,Wind Offshore | Actual Aggregated,2026-08-02T14:20:02Z
2026-08-02T14:18:54Z,2026-08-02T16:18:54+0200,d03952b3-6528-494b-a5a9-803d5ba4eea1,2026-07-09T14:15:00Z,2026-07-09T16:15:00+0200,190.23,MW,FR,FR,actual_offshore_wind_generation,Wind Offshore | Actual Aggregated,2026-08-02T14:20:02Z
2026-08-02T14:18:54Z,2026-08-02T16:18:54+0200,d03952b3-6528-494b-a5a9-803d5ba4eea1,2026-07-09T14:30:00Z,2026-07-09T16:30:00+0200,223.32,MW,FR,FR,actual_offshore_wind_generation,Wind Offshore | Actual Aggregated,2026-08-02T14:20:02Z
2026-08-02T14:18:54Z,2026-08-02T16:18:54+0200,d03952b3-6528-494b-a5a9-803d5ba4eea1,2026-07-09T14:45:00Z,2026-07-09T16:45:00+0200,244.8,MW,FR,FR,actual_offshore_wind_generation,Wind Offshore | Actual Aggregated,2026-08-02T14:20:02Z
2026-08-02T14:18:54Z,2026-08-02T16:18:54+0200,d03952b3-6528-494b-a5a9-803d5ba4eea1,2026-07-09T15:00:00Z,2026-07-09T17:00:00+0200,271.33,MW,FR,FR,actual_offshore_wind_generation,Wind Offshore | Actual Aggregated,2026-08-02T14:20:02Z
2026-08-02T14:18:54Z,2026-08-02T16:18:54+0200,d03952b3-6528-494b-a5a9-803d5ba4eea1,2026-07-09T15:15:00Z,2026-07-09T17:15:00+0200,300.25,MW,FR,FR,actual_offshore_wind_generation,Wind Offshore | Actual Aggregated,2026-08-02T14:20:02Z
2026-08-02T14:18:54Z,2026-08-02T16:18:54+0200,d03952b3-6528-494b-a5a9-803d5ba4eea1,2026-07-09T15:30:00Z,2026-07-09T17:30:00+0200,323.57,MW,FR,FR,actual_offshore_wind_generation,Wind Offshore | Actual Aggregated,2026-08-02T14:20:02Z
2026-08-02T14:18:54Z,2026-08-02T16:18:54+0200,d03952b3-6528-494b-a5a9-803d5ba4eea1,2026-07-09T15:45:00Z,2026-07-09T17:45:00+0200,379.25,MW,FR,FR,actual_offshore_wind_generation,Wind Offshore | Actual Aggregated,2026-08-02T14:20:02Z
2026-08-02T14:18:54Z,2026-08-02T16:18:54+0200,d03952b3-6528-494b-a5a9-803d5ba4eea1,2026-07-09T16:00:00Z,2026-07-09T18:00:00+0200,382.41,MW,FR,FR,actual_offshore_wind_generation,Wind Offshore | Actual Aggregated,2026-08-02T14:20:02Z
2026-08-02T14:18:54Z,2026-08-02T16:18:54+0200,d03952b3-6528-494b-a5a9-803d5ba4eea1,2026-07-09T16:15:00Z,2026-07-09T18:15:00+0200,373.7,MW,FR,FR,actual_offshore_wind_generation,Wind Offshore | Actual Aggregated,2026-08-02T14:20:02Z
2026-08-02T14:18:54Z,2026-08-02T16:18:54+0200,d03952b3-6528-494b-a5a9-803d5ba4eea1,2026-07-09T16:30:00Z,2026-07-09T18:30:00+0200,408.09,MW,FR,FR,actual_offshore_wind_generation,Wind Offshore | Actual Aggregated,2026-08-02T14:20:02Z
2026-08-02T14:18:54Z,2026-08-02T16:18:54+0200,d03952b3-6528-494b-a5a9-803d5ba4eea1,2026-07-09T16:45:00Z,2026-07-09T18:45:00+0200,405.72,MW,FR,FR,actual_offshore_wind_generation,Wind Offshore | Actual Aggregated,2026-08-02T14:20:02Z
2026-08-02T14:18:54Z,2026-08-02T16:18:54+0200,d03952b3-6528-494b-a5a9-803d5ba4eea1,2026-07-09T17:00:00Z,2026-07-09T19:00:00+0200,425.36,MW,FR,FR,actual_offshore_wind_generation,Wind Offshore | Actual Aggregated,2026-08-02T14:20:02Z
2026-08-02T14:18:54Z,2026-08-02T16:18:54+0200,d03952b3-6528-494b-a5a9-803d5ba4eea1,2026-07-09T17:15:00Z,2026-07-09T19:15:00+0200,469.71,MW,FR,FR,actual_offshore_wind_generation,Wind Offshore | Actual Aggregated,2026-08-02T14:20:02Z
2026-08-02T14:18:54Z,2026-08-02T16:18:54+0200,d03952b3-6528-494b-a5a9-803d5ba4eea1,2026-07-09T17:30:00Z,2026-07-09T19:30:00+0200,546.42,MW,FR,FR,actual_offshore_wind_generation,Wind Offshore | Actual Aggregated,2026-08-02T14:20:02Z
2026-08-02T14:18:54Z,2026-08-02T16:18:54+0200,d03952b3-6528-494b-a5a9-803d5ba4eea1,2026-07-09T17:45:00Z,2026-07-09T19:45:00+0200,569.77,MW,FR,FR,actual_offshore_wind_generation,Wind Offshore | Actual Aggregated,2026-08-02T14:20:02Z
2026-08-02T14:18:54Z,2026-08-02T16:18:54+0200,d03952b3-6528-494b-a5a9-803d5ba4eea1,2026-07-09T18:00:00Z,2026-07-09T20:00:00+0200,543.71,MW,FR,FR,actual_offshore_wind_generation,Wind Offshore | Actual Aggregated,2026-08-02T14:20:02Z
2026-08-02T14:18:54Z,2026-08-02T16:18:54+0200,d03952b3-6528-494b-a5a9-803d5ba4eea1,2026-07-09T18:15:00Z,2026-07-09T20:15:00+0200,488.74,MW,FR,FR,actual_offshore_wind_generation,Wind Offshore | Actual Aggregated,2026-08-02T14:20:02Z
2026-08-02T14:18:54Z,2026-08-02T16:18:54+0200,d03952b3-6528-494b-a5a9-803d5ba4eea1,2026-07-09T18:30:00Z,2026-07-09T20:30:00+0200,597.81,MW,FR,FR,actual_offshore_wind_generation,Wind Offshore | Actual Aggregated,2026-08-02T14:20:02Z
2026-08-02T14:18:54Z,2026-08-02T16:18:54+0200,d03952b3-6528-494b-a5a9-803d5ba4eea1,2026-07-09T18:45:00Z,2026-07-09T20:45:00+0200,685.78,MW,FR,FR,actual_offshore_wind_generation,Wind Offshore | Actual Aggregated,2026-08-02T14:20:02Z
2026-08-02T14:18:54Z,2026-08-02T16:18:54+0200,d03952b3-6528-494b-a5a9-803d5ba4eea1,2026-07-09T19:00:00Z,2026-07-09T21:00:00+0200,756.07,MW,FR,FR,actual_offshore_wind_generation,Wind Offshore | Actual Aggregated,2026-08-02T14:20:02Z
2026-08-02T14:18:54Z,2026-08-02T16:18:54+0200,d03952b3-6528-494b-a5a9-803d5ba4eea1,2026-07-09T19:15:00Z,2026-07-09T21:15:00+0200,867.58,MW,FR,FR,actual_offshore_wind_generation,Wind Offshore | Actual Aggregated,2026-08-02T14:20:02Z
2026-08-02T14:18:54Z,2026-08-02T16:18:54+0200,d03952b3-6528-494b-a5a9-803d5ba4eea1,2026-07-09T19:30:00Z,2026-07-09T21:30:00+0200,918.36,MW,FR,FR,actual_offshore_wind_generation,Wind Offshore | Actual Aggregated,2026-08-02T14:20:02Z
2026-08-02T14:18:54Z,2026-08-02T16:18:54+0200,d03952b3-6528-494b-a5a9-803d5ba4eea1,2026-07-09T19:45:00Z,2026-07-09T21:45:00+0200,935.24,MW,FR,FR,actual_offshore_wind_generation,Wind Offshore | Actual Aggregated,2026-08-02T14:20:02Z
2026-08-02T14:18:54Z,2026-08-02T16:18:54+0200,d03952b3-6528-494b-a5a9-803d5ba4eea1,2026-07-09T20:00:00Z,2026-07-09T22:00:00+0200,878.06,MW,FR,FR,actual_offshore_wind_generation,Wind Offshore | Actual Aggregated,2026-08-02T14:20:02Z
2026-08-02T14:18:54Z,2026-08-02T16:18:54+0200,d03952b3-6528-494b-a5a9-803d5ba4eea1,2026-07-09T20:15:00Z,2026-07-09T22:15:00+0200,830.1,MW,FR,FR,actual_offshore_wind_generation,Wind Offshore | Actual Aggregated,2026-08-02T14:20:02Z
2026-08-02T14:18:54Z,2026-08-02T16:18:54+0200,d03952b3-6528-494b-a5a9-803d5ba4eea1,2026-07-09T20:30:00Z,2026-07-09T22:30:00+0200,805.31,MW,FR,FR,actual_offshore_wind_generation,Wind Offshore | Actual Aggregated,2026-08-02T14:20:02Z
2026-08-02T14:18:54Z,2026-08-02T16:18:54+0200,d03952b3-6528-494b-a5a9-803d5ba4eea1,2026-07-09T20:45:00Z,2026-07-09T22:45:00+0200,782.67,MW,FR,FR,actual_offshore_wind_generation,Wind Offshore | Actual Aggregated,2026-08-02T14:20:02Z
2026-08-02T14:18:54Z,2026-08-02T16:18:54+0200,d03952b3-6528-494b-a5a9-803d5ba4eea1,2026-07-09T21:00:00Z,2026-07-09T23:00:00+0200,775.63,MW,FR,FR,actual_offshore_wind_generation,Wind Offshore | Actual Aggregated,2026-08-02T14:20:02Z
2026-08-02T14:18:54Z,2026-08-02T16:18:54+0200,d03952b3-6528-494b-a5a9-803d5ba4eea1,2026-07-09T21:15:00Z,2026-07-09T23:15:00+0200,784.75,MW,FR,FR,actual_offshore_wind_generation,Wind Offshore | Actual Aggregated,2026-08-02T14:20:02Z
2026-08-02T14:18:54Z,2026-08-02T16:18:54+0200,d03952b3-6528-494b-a5a9-803d5ba4eea1,2026-07-09T21:30:00Z,2026-07-09T23:30:00+0200,780.31,MW,FR,FR,actual_offshore_wind_generation,Wind Offshore | Actual Aggregated,2026-08-02T14:20:02Z
2026-08-02T14:18:54Z,2026-08-02T16:18:54+0200,d03952b3-6528-494b-a5a9-803d5ba4eea1,2026-07-09T21:45:00Z,2026-07-09T23:45:00+0200,848.94,MW,FR,FR,actual_offshore_wind_generation,Wind Offshore | Actual Aggregated,2026-08-02T14:20:02Z
2026-08-02T14:18:54Z,2026-08-02T16:18:54+0200,d03952b3-6528-494b-a5a9-803d5ba4eea1,2026-07-09T22:00:00Z,2026-07-10T00:00:00+0200,917.59,MW,FR,FR,actual_offshore_wind_generation,Wind Offshore | Actual Aggregated,2026-08-02T14:20:02Z
2026-08-02T14:18:54Z,2026-08-02T16:18:54+0200,d03952b3-6528-494b-a5a9-803d5ba4eea1,2026-07-09T22:15:00Z,2026-07-10T00:15:00+0200,980.34,MW,FR,FR,actual_offshore_wind_generation,Wind Offshore | Actual Aggregated,2026-08-02T14:20:02Z
2026-08-02T14:18:54Z,2026-08-02T16:18:54+0200,d03952b3-6528-494b-a5a9-803d5ba4eea1,2026-07-09T22:30:00Z,2026-07-10T00:30:00+0200,1018.47,MW,FR,FR,actual_offshore_wind_generation,Wind Offshore | Actual Aggregated,2026-08-02T14:20:02Z
2026-08-02T14:18:54Z,2026-08-02T16:18:54+0200,d03952b3-6528-494b-a5a9-803d5ba4eea1,2026-07-09T22:45:00Z,2026-07-10T00:45:00+0200,1001.52,MW,FR,FR,actual_offshore_wind_generation,Wind Offshore | Actual Aggregated,2026-08-02T14:20:02Z
2026-08-02T14:18:54Z,2026-08-02T16:18:54+0200,d03952b3-6528-494b-a5a9-803d5ba4eea1,2026-07-09T23:00:00Z,2026-07-10T01:00:00+0200,1063.53,MW,FR,FR,actual_offshore_wind_generation,Wind Offshore | Actual Aggregated,2026-08-02T14:20:02Z
2026-08-02T14:18:54Z,2026-08-02T16:18:54+0200,d03952b3-6528-494b-a5a9-803d5ba4eea1,2026-07-09T23:15:00Z,2026-07-10T01:15:00+0200,1045.02,MW,FR,FR,actual_offshore_wind_generation,Wind Offshore | Actual Aggregated,2026-08-02T14:20:02Z
2026-08-02T14:18:54Z,2026-08-02T16:18:54+0200,d03952b3-6528-494b-a5a9-803d5ba4eea1,2026-07-09T23:30:00Z,2026-07-10T01:30:00+0200,898.23,MW,FR,FR,actual_offshore_wind_generation,Wind Offshore | Actual Aggregated,2026-08-02T14:20:02Z
2026-08-02T14:18:54Z,2026-08-02T16:18:54+0200,d03952b3-6528-494b-a5a9-803d5ba4eea1,2026-07-09T23:45:00Z,2026-07-10T01:45:00+0200,787.35,MW,FR,FR,actual_offshore_wind_generation,Wind Offshore | Actual Aggregated,2026-08-02T14:20:02Z
2026-08-02T14:18:54Z,2026-08-02T16:18:54+0200,d03952b3-6528-494b-a5a9-803d5ba4eea1,2026-07-10T00:00:00Z,2026-07-10T02:00:00+0200,703.84,MW,FR,FR,actual_offshore_wind_generation,Wind Offshore | Actual Aggregated,2026-08-02T14:20:02Z
2026-08-02T14:18:54Z,2026-08-02T16:18:54+0200,d03952b3-6528-494b-a5a9-803d5ba4eea1,2026-07-10T00:15:00Z,2026-07-10T02:15:00+0200,656.95,MW,FR,FR,actual_offshore_wind_generation,Wind Offshore | Actual Aggregated,2026-08-02T14:20:02Z
2026-08-02T14:18:54Z,2026-08-02T16:18:54+0200,d03952b3-6528-494b-a5a9-803d5ba4eea1,2026-07-10T00:30:00Z,2026-07-10T02:30:00+0200,621.74,MW,FR,FR,actual_offshore_wind_generation,Wind Offshore | Actual Aggregated,2026-08-02T14:20:02Z
2026-08-02T14:18:54Z,2026-08-02T16:18:54+0200,d03952b3-6528-494b-a5a9-803d5ba4eea1,2026-07-10T00:45:00Z,2026-07-10T02:45:00+0200,593.55,MW,FR,FR,actual_offshore_wind_generation,Wind Offshore | Actual Aggregated,2026-08-02T14:20:02Z
2026-08-02T14:18:54Z,2026-08-02T16:18:54+0200,d03952b3-6528-494b-a5a9-803d5ba4eea1,2026-07-10T01:00:00Z,2026-07-10T03:00:00+0200,611.33,MW,FR,FR,actual_offshore_wind_generation,Wind Offshore | Actual Aggregated,2026-08-02T14:20:02Z
2026-08-02T14:18:54Z,2026-08-02T16:18:54+0200,d03952b3-6528-494b-a5a9-803d5ba4eea1,2026-07-10T01:15:00Z,2026-07-10T03:15:00+0200,629.07,MW,FR,FR,actual_offshore_wind_generation,Wind Offshore | Actual Aggregated,2026-08-02T14:20:02Z
2026-08-02T14:18:54Z,2026-08-02T16:18:54+0200,d03952b3-6528-494b-a5a9-803d5ba4eea1,2026-07-10T01:30:00Z,2026-07-10T03:30:00+0200,641.75,MW,FR,FR,actual_offshore_wind_generation,Wind Offshore | Actual Aggregated,2026-08-02T14:20:02Z
2026-08-02T14:18:54Z,2026-08-02T16:18:54+0200,d03952b3-6528-494b-a5a9-803d5ba4eea1,2026-07-10T01:45:00Z,2026-07-10T03:45:00+0200,660.6,MW,FR,FR,actual_offshore_wind_generation,Wind Offshore | Actual Aggregated,2026-08-02T14:20:02Z
2026-08-02T14:18:54Z,2026-08-02T16:18:54+0200,d03952b3-6528-494b-a5a9-803d5ba4eea1,2026-07-10T02:00:00Z,2026-07-10T04:00:00+0200,688.16,MW,FR,FR,actual_offshore_wind_generation,Wind Offshore | Actual Aggregated,2026-08-02T14:20:02Z
2026-08-02T14:18:54Z,2026-08-02T16:18:54+0200,d03952b3-6528-494b-a5a9-803d5ba4eea1,2026-07-10T02:15:00Z,2026-07-10T04:15:00+0200,706.22,MW,FR,FR,actual_offshore_wind_generation,Wind Offshore | Actual Aggregated,2026-08-02T14:20:02Z
2026-08-02T14:18:54Z,2026-08-02T16:18:54+0200,d03952b3-6528-494b-a5a9-803d5ba4eea1,2026-07-10T02:30:00Z,2026-07-10T04:30:00+0200,700.68,MW,FR,FR,actual_offshore_wind_generation,Wind Offshore | Actual Aggregated,2026-08-02T14:20:02Z
2026-08-02T14:18:54Z,2026-08-02T16:18:54+0200,d03952b3-6528-494b-a5a9-803d5ba4eea1,2026-07-10T02:45:00Z,2026-07-10T04:45:00+0200,693.48,MW,FR,FR,actual_offshore_wind_generation,Wind Offshore | Actual Aggregated,2026-08-02T14:20:02Z
2026-08-02T14:18:54Z,2026-08-02T16:18:54+0200,d03952b3-6528-494b-a5a9-803d5ba4eea1,2026-07-10T03:00:00Z,2026-07-10T05:00:00+0200,723.36,MW,FR,FR,actual_offshore_wind_generation,Wind Offshore | Actual Aggregated,2026-08-02T14:20:02Z
2026-08-02T14:18:54Z,2026-08-02T16:18:54+0200,d03952b3-6528-494b-a5a9-803d5ba4eea1,2026-07-10T03:15:00Z,2026-07-10T05:15:00+0200,706.81,MW,FR,FR,actual_offshore_wind_generation,Wind Offshore | Actual Aggregated,2026-08-02T14:20:02Z
2026-08-02T14:18:54Z,2026-08-02T16:18:54+0200,d03952b3-6528-494b-a5a9-803d5ba4eea1,2026-07-10T03:30:00Z,2026-07-10T05:30:00+0200,713.15,MW,FR,FR,actual_offshore_wind_generation,Wind Offshore | Actual Aggregated,2026-08-02T14:20:02Z
2026-08-02T14:18:54Z,2026-08-02T16:18:54+0200,d03952b3-6528-494b-a5a9-803d5ba4eea1,2026-07-10T03:45:00Z,2026-07-10T05:45:00+0200,716.59,MW,FR,FR,actual_offshore_wind_generation,Wind Offshore | Actual Aggregated,2026-08-02T14:20:02Z
2026-08-02T14:18:54Z,2026-08-02T16:18:54+0200,d03952b3-6528-494b-a5a9-803d5ba4eea1,2026-07-10T04:00:00Z,2026-07-10T06:00:00+0200,719.06,MW,FR,FR,actual_offshore_wind_generation,Wind Offshore | Actual Aggregated,2026-08-02T14:20:02Z
2026-08-02T14:18:54Z,2026-08-02T16:18:54+0200,d03952b3-6528-494b-a5a9-803d5ba4eea1,2026-07-10T04:15:00Z,2026-07-10T06:15:00+0200,712.72,MW,FR,FR,actual_offshore_wind_generation,Wind Offshore | Actual Aggregated,2026-08-02T14:20:02Z
2026-08-02T14:18:54Z,2026-08-02T16:18:54+0200,d03952b3-6528-494b-a5a9-803d5ba4eea1,2026-07-10T04:30:00Z,2026-07-10T06:30:00+0200,707.92,MW,FR,FR,actual_offshore_wind_generation,Wind Offshore | Actual Aggregated,2026-08-02T14:20:02Z
2026-08-02T14:18:54Z,2026-08-02T16:18:54+0200,d03952b3-6528-494b-a5a9-803d5ba4eea1,2026-07-10T04:45:00Z,2026-07-10T06:45:00+0200,711.33,MW,FR,FR,actual_offshore_wind_generation,Wind Offshore | Actual Aggregated,2026-08-02T14:20:02Z
2026-08-02T14:18:54Z,2026-08-02T16:18:54+0200,d03952b3-6528-494b-a5a9-803d5ba4eea1,2026-07-10T05:00:00Z,2026-07-10T07:00:00+0200,685.0,MW,FR,FR,actual_offshore_wind_generation,Wind Offshore | Actual Aggregated,2026-08-02T14:20:02Z
2026-08-02T14:18:54Z,2026-08-02T16:18:54+0200,d03952b3-6528-494b-a5a9-803d5ba4eea1,2026-07-10T05:15:00Z,2026-07-10T07:15:00+0200,664.33,MW,FR,FR,actual_offshore_wind_generation,Wind Offshore | Actual Aggregated,2026-08-02T14:20:02Z
2026-08-02T14:18:54Z,2026-08-02T16:18:54+0200,d03952b3-6528-494b-a5a9-803d5ba4eea1,2026-07-10T05:30:00Z,2026-07-10T07:30:00+0200,631.3,MW,FR,FR,actual_offshore_wind_generation,Wind Offshore | Actual Aggregated,2026-08-02T14:20:02Z
2026-08-02T14:18:54Z,2026-08-02T16:18:54+0200,d03952b3-6528-494b-a5a9-803d5ba4eea1,2026-07-10T05:45:00Z,2026-07-10T07:45:00+0200,594.16,MW,FR,FR,actual_offshore_wind_generation,Wind Offshore | Actual Aggregated,2026-08-02T14:20:02Z
2026-08-02T14:18:54Z,2026-08-02T16:18:54+0200,d03952b3-6528-494b-a5a9-803d5ba4eea1,2026-07-10T06:00:00Z,2026-07-10T08:00:00+0200,558.28,MW,FR,FR,actual_offshore_wind_generation,Wind Offshore | Actual Aggregated,2026-08-02T14:20:02Z
2026-08-02T14:18:54Z,2026-08-02T16:18:54+0200,d03952b3-6528-494b-a5a9-803d5ba4eea1,2026-07-10T06:15:00Z,2026-07-10T08:15:00+0200,539.71,MW,FR,FR,actual_offshore_wind_generation,Wind Offshore | Actual Aggregated,2026-08-02T14:20:02Z
2026-08-02T14:18:54Z,2026-08-02T16:18:54+0200,d03952b3-6528-494b-a5a9-803d5ba4eea1,2026-07-10T06:30:00Z,2026-07-10T08:30:00+0200,520.71,MW,FR,FR,actual_offshore_wind_generation,Wind Offshore | Actual Aggregated,2026-08-02T14:20:02Z
2026-08-02T14:18:54Z,2026-08-02T16:18:54+0200,d03952b3-6528-494b-a5a9-803d5ba4eea1,2026-07-10T06:45:00Z,2026-07-10T08:45:00+0200,528.27,MW,FR,FR,actual_offshore_wind_generation,Wind Offshore | Actual Aggregated,2026-08-02T14:20:02Z
2026-08-02T14:18:54Z,2026-08-02T16:18:54+0200,d03952b3-6528-494b-a5a9-803d5ba4eea1,2026-07-10T07:00:00Z,2026-07-10T09:00:00+0200,517.77,MW,FR,FR,actual_offshore_wind_generation,Wind Offshore | Actual Aggregated,2026-08-02T14:20:02Z
2026-08-02T14:18:54Z,2026-08-02T16:18:54+0200,d03952b3-6528-494b-a5a9-803d5ba4eea1,2026-07-10T07:15:00Z,2026-07-10T09:15:00+0200,484.08,MW,FR,FR,actual_offshore_wind_generation,Wind Offshore | Actual Aggregated,2026-08-02T14:20:02Z
2026-08-02T14:18:54Z,2026-08-02T16:18:54+0200,d03952b3-6528-494b-a5a9-803d5ba4eea1,2026-07-10T07:30:00Z,2026-07-10T09:30:00+0200,480.2,MW,FR,FR,actual_offshore_wind_generation,Wind Offshore | Actual Aggregated,2026-08-02T14:20:02Z
2026-08-02T14:18:54Z,2026-08-02T16:18:54+0200,d03952b3-6528-494b-a5a9-803d5ba4eea1,2026-07-10T07:45:00Z,2026-07-10T09:45:00+0200,502.51,MW,FR,FR,actual_offshore_wind_generation,Wind Offshore | Actual Aggregated,2026-08-02T14:20:02Z
2026-08-02T14:18:54Z,2026-08-02T16:18:54+0200,d03952b3-6528-494b-a5a9-803d5ba4eea1,2026-07-10T08:00:00Z,2026-07-10T10:00:00+0200,469.69,MW,FR,FR,actual_offshore_wind_generation,Wind Offshore | Actual Aggregated,2026-08-02T14:20:02Z
2026-08-02T14:18:54Z,2026-08-02T16:18:54+0200,d03952b3-6528-494b-a5a9-803d5ba4eea1,2026-07-10T08:15:00Z,2026-07-10T10:15:00+0200,446.78,MW,FR,FR,actual_offshore_wind_generation,Wind Offshore | Actual Aggregated,2026-08-02T14:20:02Z
2026-08-02T14:18:54Z,2026-08-02T16:18:54+0200,d03952b3-6528-494b-a5a9-803d5ba4eea1,2026-07-10T08:30:00Z,2026-07-10T10:30:00+0200,454.43,MW,FR,FR,actual_offshore_wind_generation,Wind Offshore | Actual Aggregated,2026-08-02T14:20:02Z
2026-08-02T14:18:54Z,2026-08-02T16:18:54+0200,d03952b3-6528-494b-a5a9-803d5ba4eea1,2026-07-10T08:45:00Z,2026-07-10T10:45:00+0200,463.92,MW,FR,FR,actual_offshore_wind_generation,Wind Offshore | Actual Aggregated,2026-08-02T14:20:02Z
2026-08-02T14:18:54Z,2026-08-02T16:18:54+0200,d03952b3-6528-494b-a5a9-803d5ba4eea1,2026-07-10T09:00:00Z,2026-07-10T11:00:00+0200,502.92,MW,FR,FR,actual_offshore_wind_generation,Wind Offshore | Actual Aggregated,2026-08-02T14:20:02Z
2026-08-02T14:18:54Z,2026-08-02T16:18:54+0200,d03952b3-6528-494b-a5a9-803d5ba4eea1,2026-07-10T09:15:00Z,2026-07-10T11:15:00+0200,553.21,MW,FR,FR,actual_offshore_wind_generation,Wind Offshore | Actual Aggregated,2026-08-02T14:20:02Z
2026-08-02T14:18:54Z,2026-08-02T16:18:54+0200,d03952b3-6528-494b-a5a9-803d5ba4eea1,2026-07-10T09:30:00Z,2026-07-10T11:30:00+0200,582.08,MW,FR,FR,actual_offshore_wind_generation,Wind Offshore | Actual Aggregated,2026-08-02T14:20:02Z
2026-08-02T14:18:54Z,2026-08-02T16:18:54+0200,d03952b3-6528-494b-a5a9-803d5ba4eea1,2026-07-10T09:45:00Z,2026-07-10T11:45:00+0200,606.19,MW,FR,FR,actual_offshore_wind_generation,Wind Offshore | Actual Aggregated,2026-08-02T14:20:02Z
2026-08-02T14:18:54Z,2026-08-02T16:18:54+0200,d03952b3-6528-494b-a5a9-803d5ba4eea1,2026-07-10T10:00:00Z,2026-07-10T12:00:00+0200,651.95,MW,FR,FR,actual_offshore_wind_generation,Wind Offshore | Actual Aggregated,2026-08-02T14:20:02Z
2026-08-02T14:18:54Z,2026-08-02T16:18:54+0200,d03952b3-6528-494b-a5a9-803d5ba4eea1,2026-07-10T10:15:00Z,2026-07-10T12:15:00+0200,692.82,MW,FR,FR,actual_offshore_wind_generation,Wind Offshore | Actual Aggregated,2026-08-02T14:20:02Z
2026-08-02T14:18:54Z,2026-08-02T16:18:54+0200,d03952b3-6528-494b-a5a9-803d5ba4eea1,2026-07-10T10:30:00Z,2026-07-10T12:30:00+0200,729.67,MW,FR,FR,actual_offshore_wind_generation,Wind Offshore | Actual Aggregated,2026-08-02T14:20:02Z
2026-08-02T14:18:54Z,2026-08-02T16:18:54+0200,d03952b3-6528-494b-a5a9-803d5ba4eea1,2026-07-10T10:45:00Z,2026-07-10T12:45:00+0200,743.96,MW,FR,FR,actual_offshore_wind_generation,Wind Offshore | Actual Aggregated,2026-08-02T14:20:02Z
2026-08-02T14:18:54Z,2026-08-02T16:18:54+0200,d03952b3-6528-494b-a5a9-803d5ba4eea1,2026-07-10T11:00:00Z,2026-07-10T13:00:00+0200,723.34,MW,FR,FR,actual_offshore_wind_generation,Wind Offshore | Actual Aggregated,2026-08-02T14:20:02Z
2026-08-02T14:18:54Z,2026-08-02T16:18:54+0200,d03952b3-6528-494b-a5a9-803d5ba4eea1,2026-07-10T11:15:00Z,2026-07-10T13:15:00+0200,698.36,MW,FR,FR,actual_offshore_wind_generation,Wind Offshore | Actual Aggregated,2026-08-02T14:20:02Z
2026-08-02T14:18:54Z,2026-08-02T16:18:54+0200,d03952b3-6528-494b-a5a9-803d5ba4eea1,2026-07-10T11:30:00Z,2026-07-10T13:30:00+0200,698.85,MW,FR,FR,actual_offshore_wind_generation,Wind Offshore | Actual Aggregated,2026-08-02T14:20:02Z
2026-08-02T14:18:54Z,2026-08-02T16:18:54+0200,d03952b3-6528-494b-a5a9-803d5ba4eea1,2026-07-10T11:45:00Z,2026-07-10T13:45:00+0200,679.71,MW,FR,FR,actual_offshore_wind_generation,Wind Offshore | Actual Aggregated,2026-08-02T14:20:02Z
2026-08-02T14:18:54Z,2026-08-02T16:18:54+0200,d03952b3-6528-494b-a5a9-803d5ba4eea1,2026-07-10T12:00:00Z,2026-07-10T14:00:00+0200,671.76,MW,FR,FR,actual_offshore_wind_generation,Wind Offshore | Actual Aggregated,2026-08-02T14:20:02Z
2026-08-02T14:18:54Z,2026-08-02T16:18:54+0200,d03952b3-6528-494b-a5a9-803d5ba4eea1,2026-07-10T12:15:00Z,2026-07-10T14:15:00+0200,665.61,MW,FR,FR,actual_offshore_wind_generation,Wind Offshore | Actual Aggregated,2026-08-02T14:20:02Z
2026-08-02T14:18:54Z,2026-08-02T16:18:54+0200,d03952b3-6528-494b-a5a9-803d5ba4eea1,2026-07-10T12:30:00Z,2026-07-10T14:30:00+0200,677.35,MW,FR,FR,actual_offshore_wind_generation,Wind Offshore | Actual Aggregated,2026-08-02T14:20:02Z
2026-08-02T14:18:54Z,2026-08-02T16:18:54+0200,d03952b3-6528-494b-a5a9-803d5ba4eea1,2026-07-10T12:45:00Z,2026-07-10T14:45:00+0200,712.44,MW,FR,FR,actual_offshore_wind_generation,Wind Offshore | Actual Aggregated,2026-08-02T14:20:02Z
2026-08-02T14:18:54Z,2026-08-02T16:18:54+0200,d03952b3-6528-494b-a5a9-803d5ba4eea1,2026-07-10T13:00:00Z,2026-07-10T15:00:00+0200,729.5,MW,FR,FR,actual_offshore_wind_generation,Wind Offshore | Actual Aggregated,2026-08-02T14:20:02Z
2026-08-02T14:18:54Z,2026-08-02T16:18:54+0200,d03952b3-6528-494b-a5a9-803d5ba4eea1,2026-07-10T13:15:00Z,2026-07-10T15:15:00+0200,730.9,MW,FR,FR,actual_offshore_wind_generation,Wind Offshore | Actual Aggregated,2026-08-02T14:20:02Z
2026-08-02T14:18:54Z,2026-08-02T16:18:54+0200,d03952b3-6528-494b-a5a9-803d5ba4eea1,2026-07-10T13:30:00Z,2026-07-10T15:30:00+0200,744.89,MW,FR,FR,actual_offshore_wind_generation,Wind Offshore | Actual Aggregated,2026-08-02T14:20:02Z
2026-08-02T14:18:54Z,2026-08-02T16:18:54+0200,d03952b3-6528-494b-a5a9-803d5ba4eea1,2026-07-10T13:45:00Z,2026-07-10T15:45:00+0200,744.0,MW,FR,FR,actual_offshore_wind_generation,Wind Offshore | Actual Aggregated,2026-08-02T14:20:02Z
2026-08-02T14:18:54Z,2026-08-02T16:18:54+0200,d03952b3-6528-494b-a5a9-803d5ba4eea1,2026-07-10T14:00:00Z,2026-07-10T16:00:00+0200,732.03,MW,FR,FR,actual_offshore_wind_generation,Wind Offshore | Actual Aggregated,2026-08-02T14:20:02Z
2026-08-02T14:18:54Z,2026-08-02T16:18:54+0200,d03952b3-6528-494b-a5a9-803d5ba4eea1,2026-07-10T14:15:00Z,2026-07-10T16:15:00+0200,711.16,MW,FR,FR,actual_offshore_wind_generation,Wind Offshore | Actual Aggregated,2026-08-02T14:20:02Z
2026-08-02T14:18:54Z,2026-08-02T16:18:54+0200,d03952b3-6528-494b-a5a9-803d5ba4eea1,2026-07-10T14:30:00Z,2026-07-10T16:30:00+0200,705.13,MW,FR,FR,actual_offshore_wind_generation,Wind Offshore | Actual Aggregated,2026-08-02T14:20:02Z
2026-08-02T14:18:54Z,2026-08-02T16:18:54+0200,d03952b3-6528-494b-a5a9-803d5ba4eea1,2026-07-10T14:45:00Z,2026-07-10T16:45:00+0200,715.54,MW,FR,FR,actual_offshore_wind_generation,Wind Offshore | Actual Aggregated,2026-08-02T14:20:02Z
2026-08-02T14:18:54Z,2026-08-02T16:18:54+0200,d03952b3-6528-494b-a5a9-803d5ba4eea1,2026-07-10T15:00:00Z,2026-07-10T17:00:00+0200,728.13,MW,FR,FR,actual_offshore_wind_generation,Wind Offshore | Actual Aggregated,2026-08-02T14:20:02Z
2026-08-02T14:18:54Z,2026-08-02T16:18:54+0200,d03952b3-6528-494b-a5a9-803d5ba4eea1,2026-07-10T15:15:00Z,2026-07-10T17:15:00+0200,732.35,MW,FR,FR,actual_offshore_wind_generation,Wind Offshore | Actual Aggregated,2026-08-02T14:20:02Z
2026-08-02T14:18:54Z,2026-08-02T16:18:54+0200,d03952b3-6528-494b-a5a9-803d5ba4eea1,2026-07-10T15:30:00Z,2026-07-10T17:30:00+0200,753.91,MW,FR,FR,actual_offshore_wind_generation,Wind Offshore | Actual Aggregated,2026-08-02T14:20:02Z
2026-08-02T14:18:54Z,2026-08-02T16:18:54+0200,d03952b3-6528-494b-a5a9-803d5ba4eea1,2026-07-10T15:45:00Z,2026-07-10T17:45:00+0200,772.64,MW,FR,FR,actual_offshore_wind_generation,Wind Offshore | Actual Aggregated,2026-08-02T14:20:02Z
2026-08-02T14:18:54Z,2026-08-02T16:18:54+0200,d03952b3-6528-494b-a5a9-803d5ba4eea1,2026-07-10T16:00:00Z,2026-07-10T18:00:00+0200,784.72,MW,FR,FR,actual_offshore_wind_generation,Wind Offshore | Actual Aggregated,2026-08-02T14:20:02Z
2026-08-02T14:18:54Z,2026-08-02T16:18:54+0200,d03952b3-6528-494b-a5a9-803d5ba4eea1,2026-07-10T16:15:00Z,2026-07-10T18:15:00+0200,801.05,MW,FR,FR,actual_offshore_wind_generation,Wind Offshore | Actual Aggregated,2026-08-02T14:20:02Z
2026-08-02T14:18:54Z,2026-08-02T16:18:54+0200,d03952b3-6528-494b-a5a9-803d5ba4eea1,2026-07-10T16:30:00Z,2026-07-10T18:30:00+0200,814.35,MW,FR,FR,actual_offshore_wind_generation,Wind Offshore | Actual Aggregated,2026-08-02T14:20:02Z
2026-08-02T14:18:54Z,2026-08-02T16:18:54+0200,d03952b3-6528-494b-a5a9-803d5ba4eea1,2026-07-10T16:45:00Z,2026-07-10T18:45:00+0200,821.89,MW,FR,FR,actual_offshore_wind_generation,Wind Offshore | Actual Aggregated,2026-08-02T14:20:02Z
2026-08-02T14:18:54Z,2026-08-02T16:18:54+0200,d03952b3-6528-494b-a5a9-803d5ba4eea1,2026-07-10T17:00:00Z,2026-07-10T19:00:00+0200,841.37,MW,FR,FR,actual_offshore_wind_generation,Wind Offshore | Actual Aggregated,2026-08-02T14:20:02Z
2026-08-02T14:18:54Z,2026-08-02T16:18:54+0200,d03952b3-6528-494b-a5a9-803d5ba4eea1,2026-07-10T17:15:00Z,2026-07-10T19:15:00+0200,893.74,MW,FR,FR,actual_offshore_wind_generation,Wind Offshore | Actual Aggregated,2026-08-02T14:20:02Z
2026-08-02T14:18:54Z,2026-08-02T16:18:54+0200,d03952b3-6528-494b-a5a9-803d5ba4eea1,2026-07-10T17:30:00Z,2026-07-10T19:30:00+0200,964.95,MW,FR,FR,actual_offshore_wind_generation,Wind Offshore | Actual Aggregated,2026-08-02T14:20:02Z
2026-08-02T14:18:54Z,2026-08-02T16:18:54+0200,d03952b3-6528-494b-a5a9-803d5ba4eea1,2026-07-10T17:45:00Z,2026-07-10T19:45:00+0200,983.36,MW,FR,FR,actual_offshore_wind_generation,Wind Offshore | Actual Aggregated,2026-08-02T14:20:02Z
2026-08-02T14:18:54Z,2026-08-02T16:18:54+0200,d03952b3-6528-494b-a5a9-803d5ba4eea1,2026-07-10T18:00:00Z,2026-07-10T20:00:00+0200,1046.69,MW,FR,FR,actual_offshore_wind_generation,Wind Offshore | Actual Aggregated,2026-08-02T14:20:02Z
2026-08-02T14:18:54Z,2026-08-02T16:18:54+0200,d03952b3-6528-494b-a5a9-803d5ba4eea1,2026-07-10T18:15:00Z,2026-07-10T20:15:00+0200,1118.69,MW,FR,FR,actual_offshore_wind_generation,Wind Offshore | Actual Aggregated,2026-08-02T14:20:02Z
2026-08-02T14:18:54Z,2026-08-02T16:18:54+0200,d03952b3-6528-494b-a5a9-803d5ba4eea1,2026-07-10T18:30:00Z,2026-07-10T20:30:00+0200,1178.63,MW,FR,FR,actual_offshore_wind_generation,Wind Offshore | Actual Aggregated,2026-08-02T14:20:02Z
2026-08-02T14:18:54Z,2026-08-02T16:18:54+0200,d03952b3-6528-494b-a5a9-803d5ba4eea1,2026-07-10T18:45:00Z,2026-07-10T20:45:00+0200,1229.27,MW,FR,FR,actual_offshore_wind_generation,Wind Offshore | Actual Aggregated,2026-08-02T14:20:02Z
2026-08-02T14:18:54Z,2026-08-02T16:18:54+0200,d03952b3-6528-494b-a5a9-803d5ba4eea1,2026-07-10T19:00:00Z,2026-07-10T21:00:00+0200,1289.99,MW,FR,FR,actual_offshore_wind_generation,Wind Offshore | Actual Aggregated,2026-08-02T14:20:02Z
2026-08-02T14:18:54Z,2026-08-02T16:18:54+0200,d03952b3-6528-494b-a5a9-803d5ba4eea1,2026-07-10T19:15:00Z,2026-07-10T21:15:00+0200,1369.76,MW,FR,FR,actual_offshore_wind_generation,Wind Offshore | Actual Aggregated,2026-08-02T14:20:02Z
2026-08-02T14:18:54Z,2026-08-02T16:18:54+0200,d03952b3-6528-494b-a5a9-803d5ba4eea1,2026-07-10T19:30:00Z,2026-07-10T21:30:00+0200,1464.96,MW,FR,FR,actual_offshore_wind_generation,Wind Offshore | Actual Aggregated,2026-08-02T14:20:02Z
2026-08-02T14:18:54Z,2026-08-02T16:18:54+0200,d03952b3-6528-494b-a5a9-803d5ba4eea1,2026-07-10T19:45:00Z,2026-07-10T21:45:00+0200,1549.29,MW,FR,FR,actual_offshore_wind_generation,Wind Offshore | Actual Aggregated,2026-08-02T14:20:02Z
2026-08-02T14:18:54Z,2026-08-02T16:18:54+0200,d03952b3-6528-494b-a5a9-803d5ba4eea1,2026-07-10T20:00:00Z,2026-07-10T22:00:00+0200,1547.1,MW,FR,FR,actual_offshore_wind_generation,Wind Offshore | Actual Aggregated,2026-08-02T14:20:02Z
2026-08-02T14:18:54Z,2026-08-02T16:18:54+0200,d03952b3-6528-494b-a5a9-803d5ba4eea1,2026-07-10T20:15:00Z,2026-07-10T22:15:00+0200,1547.94,MW,FR,FR,actual_offshore_wind_generation,Wind Offshore | Actual Aggregated,2026-08-02T14:20:02Z
2026-08-02T14:18:54Z,2026-08-02T16:18:54+0200,d03952b3-6528-494b-a5a9-803d5ba4eea1,2026-07-10T20:30:00Z,2026-07-10T22:30:00+0200,1612.93,MW,FR,FR,actual_offshore_wind_generation,Wind Offshore | Actual Aggregated,2026-08-02T14:20:02Z
2026-08-02T14:18:54Z,2026-08-02T16:18:54+0200,d03952b3-6528-494b-a5a9-803d5ba4eea1,2026-07-10T20:45:00Z,2026-07-10T22:45:00+0200,1692.12,MW,FR,FR,actual_offshore_wind_generation,Wind Offshore | Actual Aggregated,2026-08-02T14:20:02Z
2026-08-02T14:18:54Z,2026-08-02T16:18:54+0200,d03952b3-6528-494b-a5a9-803d5ba4eea1,2026-07-10T21:00:00Z,2026-07-10T23:00:00+0200,1704.52,MW,FR,FR,actual_offshore_wind_generation,Wind Offshore | Actual Aggregated,2026-08-02T14:20:02Z
2026-08-02T14:18:54Z,2026-08-02T16:18:54+0200,d03952b3-6528-494b-a5a9-803d5ba4eea1,2026-07-10T21:15:00Z,2026-07-10T23:15:00+0200,1700.93,MW,FR,FR,actual_offshore_wind_generation,Wind Offshore | Actual Aggregated,2026-08-02T14:20:02Z
2026-08-02T14:18:54Z,2026-08-02T16:18:54+0200,d03952b3-6528-494b-a5a9-803d5ba4eea1,2026-07-10T21:30:00Z,2026-07-10T23:30:00+0200,1668.32,MW,FR,FR,actual_offshore_wind_generation,Wind Offshore | Actual Aggregated,2026-08-02T14:20:02Z
2026-08-02T14:18:54Z,2026-08-02T16:18:54+0200,d03952b3-6528-494b-a5a9-803d5ba4eea1,2026-07-10T21:45:00Z,2026-07-10T23:45:00+0200,1683.58,MW,FR,FR,actual_offshore_wind_generation,Wind Offshore | Actual Aggregated,2026-08-02T14:20:02Z
2026-08-02T14:18:54Z,2026-08-02T16:18:54+0200,d03952b3-6528-494b-a5a9-803d5ba4eea1,2026-07-10T22:00:00Z,2026-07-11T00:00:00+0200,1697.23,MW,FR,FR,actual_offshore_wind_generation,Wind Offshore | Actual Aggregated,2026-08-02T14:20:02Z
2026-08-02T14:18:54Z,2026-08-02T16:18:54+0200,d03952b3-6528-494b-a5a9-803d5ba4eea1,2026-07-10T22:15:00Z,2026-07-11T00:15:00+0200,1686.48,MW,FR,FR,actual_offshore_wind_generation,Wind Offshore | Actual Aggregated,2026-08-02T14:20:02Z
2026-08-02T14:18:54Z,2026-08-02T16:18:54+0200,d03952b3-6528-494b-a5a9-803d5ba4eea1,2026-07-10T22:30:00Z,2026-07-11T00:30:00+0200,1679.33,MW,FR,FR,actual_offshore_wind_generation,Wind Offshore | Actual Aggregated,2026-08-02T14:20:02Z
2026-08-02T14:18:54Z,2026-08-02T16:18:54+0200,d03952b3-6528-494b-a5a9-803d5ba4eea1,2026-07-10T22:45:00Z,2026-07-11T00:45:00+0200,1676.93,MW,FR,FR,actual_offshore_wind_generation,Wind Offshore | Actual Aggregated,2026-08-02T14:20:02Z
2026-08-02T14:18:54Z,2026-08-02T16:18:54+0200,d03952b3-6528-494b-a5a9-803d5ba4eea1,2026-07-10T23:00:00Z,2026-07-11T01:00:00+0200,1670.77,MW,FR,FR,actual_offshore_wind_generation,Wind Offshore | Actual Aggregated,2026-08-02T14:20:02Z
2026-08-02T14:18:54Z,2026-08-02T16:18:54+0200,d03952b3-6528-494b-a5a9-803d5ba4eea1,2026-07-10T23:15:00Z,2026-07-11T01:15:00+0200,1662.53,MW,FR,FR,actual_offshore_wind_generation,Wind Offshore | Actual Aggregated,2026-08-02T14:20:02Z
2026-08-02T14:18:54Z,2026-08-02T16:18:54+0200,d03952b3-6528-494b-a5a9-803d5ba4eea1,2026-07-10T23:30:00Z,2026-07-11T01:30:00+0200,1630.52,MW,FR,FR,actual_offshore_wind_generation,Wind Offshore | Actual Aggregated,2026-08-02T14:20:02Z
2026-08-02T14:18:54Z,2026-08-02T16:18:54+0200,d03952b3-6528-494b-a5a9-803d5ba4eea1,2026-07-10T23:45:00Z,2026-07-11T01:45:00+0200,1607.64,MW,FR,FR,actual_offshore_wind_generation,Wind Offshore | Actual Aggregated,2026-08-02T14:20:02Z
2026-08-02T14:18:54Z,2026-08-02T16:18:54+0200,d03952b3-6528-494b-a5a9-803d5ba4eea1,2026-07-11T00:00:00Z,2026-07-11T02:00:00+0200,1533.01,MW,FR,FR,actual_offshore_wind_generation,Wind Offshore | Actual Aggregated,2026-08-02T14:20:02Z
2026-08-02T14:18:54Z,2026-08-02T16:18:54+0200,d03952b3-6528-494b-a5a9-803d5ba4eea1,2026-07-11T00:15:00Z,2026-07-11T02:15:00+0200,1440.5,MW,FR,FR,actual_offshore_wind_generation,Wind Offshore | Actual Aggregated,2026-08-02T14:20:02Z
2026-08-02T14:18:54Z,2026-08-02T16:18:54+0200,d03952b3-6528-494b-a5a9-803d5ba4eea1,2026-07-11T00:30:00Z,2026-07-11T02:30:00+0200,1368.45,MW,FR,FR,actual_offshore_wind_generation,Wind Offshore | Actual Aggregated,2026-08-02T14:20:02Z
2026-08-02T14:18:54Z,2026-08-02T16:18:54+0200,d03952b3-6528-494b-a5a9-803d5ba4eea1,2026-07-11T00:45:00Z,2026-07-11T02:45:00+0200,1307.36,MW,FR,FR,actual_offshore_wind_generation,Wind Offshore | Actual Aggregated,2026-08-02T14:20:02Z
2026-08-02T14:18:54Z,2026-08-02T16:18:54+0200,d03952b3-6528-494b-a5a9-803d5ba4eea1,2026-07-11T01:00:00Z,2026-07-11T03:00:00+0200,1322.01,MW,FR,FR,actual_offshore_wind_generation,Wind Offshore | Actual Aggregated,2026-08-02T14:20:02Z
2026-08-02T14:18:54Z,2026-08-02T16:18:54+0200,d03952b3-6528-494b-a5a9-803d5ba4eea1,2026-07-11T01:15:00Z,2026-07-11T03:15:00+0200,1349.62,MW,FR,FR,actual_offshore_wind_generation,Wind Offshore | Actual Aggregated,2026-08-02T14:20:02Z
2026-08-02T14:18:54Z,2026-08-02T16:18:54+0200,d03952b3-6528-494b-a5a9-803d5ba4eea1,2026-07-11T01:30:00Z,2026-07-11T03:30:00+0200,1404.84,MW,FR,FR,actual_offshore_wind_generation,Wind Offshore | Actual Aggregated,2026-08-02T14:20:02Z
2026-08-02T14:18:54Z,2026-08-02T16:18:54+0200,d03952b3-6528-494b-a5a9-803d5ba4eea1,2026-07-11T01:45:00Z,2026-07-11T03:45:00+0200,1470.35,MW,FR,FR,actual_offshore_wind_generation,Wind Offshore | Actual Aggregated,2026-08-02T14:20:02Z
2026-08-02T14:18:54Z,2026-08-02T16:18:54+0200,d03952b3-6528-494b-a5a9-803d5ba4eea1,2026-07-11T02:00:00Z,2026-07-11T04:00:00+0200,1428.79,MW,FR,FR,actual_offshore_wind_generation,Wind Offshore | Actual Aggregated,2026-08-02T14:20:02Z
2026-08-02T14:18:54Z,2026-08-02T16:18:54+0200,d03952b3-6528-494b-a5a9-803d5ba4eea1,2026-07-11T02:15:00Z,2026-07-11T04:15:00+0200,1395.58,MW,FR,FR,actual_offshore_wind_generation,Wind Offshore | Actual Aggregated,2026-08-02T14:20:02Z
2026-08-02T14:18:54Z,2026-08-02T16:18:54+0200,d03952b3-6528-494b-a5a9-803d5ba4eea1,2026-07-11T02:30:00Z,2026-07-11T04:30:00+0200,1345.75,MW,FR,FR,actual_offshore_wind_generation,Wind Offshore | Actual Aggregated,2026-08-02T14:20:02Z
2026-08-02T14:18:54Z,2026-08-02T16:18:54+0200,d03952b3-6528-494b-a5a9-803d5ba4eea1,2026-07-11T02:45:00Z,2026-07-11T04:45:00+0200,1285.18,MW,FR,FR,actual_offshore_wind_generation,Wind Offshore | Actual Aggregated,2026-08-02T14:20:02Z
2026-08-02T14:18:54Z,2026-08-02T16:18:54+0200,d03952b3-6528-494b-a5a9-803d5ba4eea1,2026-07-11T03:00:00Z,2026-07-11T05:00:00+0200,1182.83,MW,FR,FR,actual_offshore_wind_generation,Wind Offshore | Actual Aggregated,2026-08-02T14:20:02Z
2026-08-02T14:18:54Z,2026-08-02T16:18:54+0200,d03952b3-6528-494b-a5a9-803d5ba4eea1,2026-07-11T03:15:00Z,2026-07-11T05:15:00+0200,1137.43,MW,FR,FR,actual_offshore_wind_generation,Wind Offshore | Actual Aggregated,2026-08-02T14:20:02Z
2026-08-02T14:18:54Z,2026-08-02T16:18:54+0200,d03952b3-6528-494b-a5a9-803d5ba4eea1,2026-07-11T03:30:00Z,2026-07-11T05:30:00+0200,1106.63,MW,FR,FR,actual_offshore_wind_generation,Wind Offshore | Actual Aggregated,2026-08-02T14:20:02Z
2026-08-02T14:18:54Z,2026-08-02T16:18:54+0200,d03952b3-6528-494b-a5a9-803d5ba4eea1,2026-07-11T03:45:00Z,2026-07-11T05:45:00+0200,1070.94,MW,FR,FR,actual_offshore_wind_generation,Wind Offshore | Actual Aggregated,2026-08-02T14:20:02Z
2026-08-02T14:18:54Z,2026-08-02T16:18:54+0200,d03952b3-6528-494b-a5a9-803d5ba4eea1,2026-07-11T04:00:00Z,2026-07-11T06:00:00+0200,1136.16,MW,FR,FR,actual_offshore_wind_generation,Wind Offshore | Actual Aggregated,2026-08-02T14:20:02Z
2026-08-02T14:18:54Z,2026-08-02T16:18:54+0200,d03952b3-6528-494b-a5a9-803d5ba4eea1,2026-07-11T04:15:00Z,2026-07-11T06:15:00+0200,1161.1,MW,FR,FR,actual_offshore_wind_generation,Wind Offshore | Actual Aggregated,2026-08-02T14:20:02Z
2026-08-02T14:18:54Z,2026-08-02T16:18:54+0200,d03952b3-6528-494b-a5a9-803d5ba4eea1,2026-07-11T04:30:00Z,2026-07-11T06:30:00+0200,1161.66,MW,FR,FR,actual_offshore_wind_generation,Wind Offshore | Actual Aggregated,2026-08-02T14:20:02Z
2026-08-02T14:18:54Z,2026-08-02T16:18:54+0200,d03952b3-6528-494b-a5a9-803d5ba4eea1,2026-07-11T04:45:00Z,2026-07-11T06:45:00+0200,1160.67,MW,FR,FR,actual_offshore_wind_generation,Wind Offshore | Actual Aggregated,2026-08-02T14:20:02Z
2026-08-02T14:18:54Z,2026-08-02T16:18:54+0200,d03952b3-6528-494b-a5a9-803d5ba4eea1,2026-07-11T05:00:00Z,2026-07-11T07:00:00+0200,1142.43,MW,FR,FR,actual_offshore_wind_generation,Wind Offshore | Actual Aggregated,2026-08-02T14:20:02Z
2026-08-02T14:18:54Z,2026-08-02T16:18:54+0200,d03952b3-6528-494b-a5a9-803d5ba4eea1,2026-07-11T05:15:00Z,2026-07-11T07:15:00+0200,1127.32,MW,FR,FR,actual_offshore_wind_generation,Wind Offshore | Actual Aggregated,2026-08-02T14:20:02Z
2026-08-02T14:18:54Z,2026-08-02T16:18:54+0200,d03952b3-6528-494b-a5a9-803d5ba4eea1,2026-07-11T05:30:00Z,2026-07-11T07:30:00+0200,1110.54,MW,FR,FR,actual_offshore_wind_generation,Wind Offshore | Actual Aggregated,2026-08-02T14:20:02Z
2026-08-02T14:18:54Z,2026-08-02T16:18:54+0200,d03952b3-6528-494b-a5a9-803d5ba4eea1,2026-07-11T05:45:00Z,2026-07-11T07:45:00+0200,1070.75,MW,FR,FR,actual_offshore_wind_generation,Wind Offshore | Actual Aggregated,2026-08-02T14:20:02Z
2026-08-02T14:18:54Z,2026-08-02T16:18:54+0200,d03952b3-6528-494b-a5a9-803d5ba4eea1,2026-07-11T06:00:00Z,2026-07-11T08:00:00+0200,1047.86,MW,FR,FR,actual_offshore_wind_generation,Wind Offshore | Actual Aggregated,2026-08-02T14:20:02Z
2026-08-02T14:18:54Z,2026-08-02T16:18:54+0200,d03952b3-6528-494b-a5a9-803d5ba4eea1,2026-07-11T06:15:00Z,2026-07-11T08:15:00+0200,1020.65,MW,FR,FR,actual_offshore_wind_generation,Wind Offshore | Actual Aggregated,2026-08-02T14:20:02Z
2026-08-02T14:18:54Z,2026-08-02T16:18:54+0200,d03952b3-6528-494b-a5a9-803d5ba4eea1,2026-07-11T06:30:00Z,2026-07-11T08:30:00+0200,1004.47,MW,FR,FR,actual_offshore_wind_generation,Wind Offshore | Actual Aggregated,2026-08-02T14:20:02Z
2026-08-02T14:18:54Z,2026-08-02T16:18:54+0200,d03952b3-6528-494b-a5a9-803d5ba4eea1,2026-07-11T06:45:00Z,2026-07-11T08:45:00+0200,982.07,MW,FR,FR,actual_offshore_wind_generation,Wind Offshore | Actual Aggregated,2026-08-02T14:20:02Z
2026-08-02T14:18:54Z,2026-08-02T16:18:54+0200,d03952b3-6528-494b-a5a9-803d5ba4eea1,2026-07-11T07:00:00Z,2026-07-11T09:00:00+0200,977.56,MW,FR,FR,actual_offshore_wind_generation,Wind Offshore | Actual Aggregated,2026-08-02T14:20:02Z
2026-08-02T14:18:54Z,2026-08-02T16:18:54+0200,d03952b3-6528-494b-a5a9-803d5ba4eea1,2026-07-11T07:15:00Z,2026-07-11T09:15:00+0200,1096.03,MW,FR,FR,actual_offshore_wind_generation,Wind Offshore | Actual Aggregated,2026-08-02T14:20:02Z
2026-08-02T14:18:54Z,2026-08-02T16:18:54+0200,d03952b3-6528-494b-a5a9-803d5ba4eea1,2026-07-11T07:30:00Z,2026-07-11T09:30:00+0200,1243.07,MW,FR,FR,actual_offshore_wind_generation,Wind Offshore | Actual Aggregated,2026-08-02T14:20:02Z
2026-08-02T14:18:54Z,2026-08-02T16:18:54+0200,d03952b3-6528-494b-a5a9-803d5ba4eea1,2026-07-11T07:45:00Z,2026-07-11T09:45:00+0200,1361.01,MW,FR,FR,actual_offshore_wind_generation,Wind Offshore | Actual Aggregated,2026-08-02T14:20:02Z
2026-08-02T14:18:54Z,2026-08-02T16:18:54+0200,d03952b3-6528-494b-a5a9-803d5ba4eea1,2026-07-11T08:00:00Z,2026-07-11T10:00:00+0200,1417.46,MW,FR,FR,actual_offshore_wind_generation,Wind Offshore | Actual Aggregated,2026-08-02T14:20:02Z
2026-08-02T14:18:54Z,2026-08-02T16:18:54+0200,d03952b3-6528-494b-a5a9-803d5ba4eea1,2026-07-11T08:15:00Z,2026-07-11T10:15:00+0200,1416.7,MW,FR,FR,actual_offshore_wind_generation,Wind Offshore | Actual Aggregated,2026-08-02T14:20:02Z
2026-08-02T14:18:54Z,2026-08-02T16:18:54+0200,d03952b3-6528-494b-a5a9-803d5ba4eea1,2026-07-11T08:30:00Z,2026-07-11T10:30:00+0200,1426.64,MW,FR,FR,actual_offshore_wind_generation,Wind Offshore | Actual Aggregated,2026-08-02T14:20:02Z
2026-08-02T14:18:54Z,2026-08-02T16:18:54+0200,d03952b3-6528-494b-a5a9-803d5ba4eea1,2026-07-11T08:45:00Z,2026-07-11T10:45:00+0200,1279.67,MW,FR,FR,actual_offshore_wind_generation,Wind Offshore | Actual Aggregated,2026-08-02T14:20:02Z
2026-08-02T14:18:54Z,2026-08-02T16:18:54+0200,d03952b3-6528-494b-a5a9-803d5ba4eea1,2026-07-11T09:00:00Z,2026-07-11T11:00:00+0200,1134.28,MW,FR,FR,actual_offshore_wind_generation,Wind Offshore | Actual Aggregated,2026-08-02T14:20:02Z
2026-08-02T14:18:54Z,2026-08-02T16:18:54+0200,d03952b3-6528-494b-a5a9-803d5ba4eea1,2026-07-11T09:15:00Z,2026-07-11T11:15:00+0200,1061.8,MW,FR,FR,actual_offshore_wind_generation,Wind Offshore | Actual Aggregated,2026-08-02T14:20:02Z
2026-08-02T14:18:54Z,2026-08-02T16:18:54+0200,d03952b3-6528-494b-a5a9-803d5ba4eea1,2026-07-11T09:30:00Z,2026-07-11T11:30:00+0200,988.17,MW,FR,FR,actual_offshore_wind_generation,Wind Offshore | Actual Aggregated,2026-08-02T14:20:02Z
2026-08-02T14:18:54Z,2026-08-02T16:18:54+0200,d03952b3-6528-494b-a5a9-803d5ba4eea1,2026-07-11T09:45:00Z,2026-07-11T11:45:00+0200,864.64,MW,FR,FR,actual_offshore_wind_generation,Wind Offshore | Actual Aggregated,2026-08-02T14:20:02Z
2026-08-02T14:18:54Z,2026-08-02T16:18:54+0200,d03952b3-6528-494b-a5a9-803d5ba4eea1,2026-07-11T10:00:00Z,2026-07-11T12:00:00+0200,772.45,MW,FR,FR,actual_offshore_wind_generation,Wind Offshore | Actual Aggregated,2026-08-02T14:20:02Z
2026-08-02T14:18:54Z,2026-08-02T16:18:54+0200,d03952b3-6528-494b-a5a9-803d5ba4eea1,2026-07-11T10:15:00Z,2026-07-11T12:15:00+0200,776.4,MW,FR,FR,actual_offshore_wind_generation,Wind Offshore | Actual Aggregated,2026-08-02T14:20:02Z
2026-08-02T14:18:54Z,2026-08-02T16:18:54+0200,d03952b3-6528-494b-a5a9-803d5ba4eea1,2026-07-11T10:30:00Z,2026-07-11T12:30:00+0200,782.32,MW,FR,FR,actual_offshore_wind_generation,Wind Offshore | Actual Aggregated,2026-08-02T14:20:02Z
2026-08-02T14:18:54Z,2026-08-02T16:18:54+0200,d03952b3-6528-494b-a5a9-803d5ba4eea1,2026-07-11T10:45:00Z,2026-07-11T12:45:00+0200,794.93,MW,FR,FR,actual_offshore_wind_generation,Wind Offshore | Actual Aggregated,2026-08-02T14:20:02Z
2026-08-02T14:18:54Z,2026-08-02T16:18:54+0200,d03952b3-6528-494b-a5a9-803d5ba4eea1,2026-07-11T11:00:00Z,2026-07-11T13:00:00+0200,815.18,MW,FR,FR,actual_offshore_wind_generation,Wind Offshore | Actual Aggregated,2026-08-02T14:20:02Z
2026-08-02T14:18:54Z,2026-08-02T16:18:54+0200,d03952b3-6528-494b-a5a9-803d5ba4eea1,2026-07-11T11:15:00Z,2026-07-11T13:15:00+0200,814.68,MW,FR,FR,actual_offshore_wind_generation,Wind Offshore | Actual Aggregated,2026-08-02T14:20:02Z
2026-08-02T14:18:54Z,2026-08-02T16:18:54+0200,d03952b3-6528-494b-a5a9-803d5ba4eea1,2026-07-11T11:30:00Z,2026-07-11T13:30:00+0200,819.54,MW,FR,FR,actual_offshore_wind_generation,Wind Offshore | Actual Aggregated,2026-08-02T14:20:02Z
2026-08-02T14:18:54Z,2026-08-02T16:18:54+0200,d03952b3-6528-494b-a5a9-803d5ba4eea1,2026-07-11T11:45:00Z,2026-07-11T13:45:00+0200,806.62,MW,FR,FR,actual_offshore_wind_generation,Wind Offshore | Actual Aggregated,2026-08-02T14:20:02Z
2026-08-02T14:18:54Z,2026-08-02T16:18:54+0200,d03952b3-6528-494b-a5a9-803d5ba4eea1,2026-07-11T12:00:00Z,2026-07-11T14:00:00+0200,831.38,MW,FR,FR,actual_offshore_wind_generation,Wind Offshore | Actual Aggregated,2026-08-02T14:20:02Z
2026-08-02T14:18:54Z,2026-08-02T16:18:54+0200,d03952b3-6528-494b-a5a9-803d5ba4eea1,2026-07-11T12:15:00Z,2026-07-11T14:15:00+0200,845.36,MW,FR,FR,actual_offshore_wind_generation,Wind Offshore | Actual Aggregated,2026-08-02T14:20:02Z
2026-08-02T14:18:54Z,2026-08-02T16:18:54+0200,d03952b3-6528-494b-a5a9-803d5ba4eea1,2026-07-11T12:30:00Z,2026-07-11T14:30:00+0200,868.4,MW,FR,FR,actual_offshore_wind_generation,Wind Offshore | Actual Aggregated,2026-08-02T14:20:02Z
2026-08-02T14:18:54Z,2026-08-02T16:18:54+0200,d03952b3-6528-494b-a5a9-803d5ba4eea1,2026-07-11T12:45:00Z,2026-07-11T14:45:00+0200,914.37,MW,FR,FR,actual_offshore_wind_generation,Wind Offshore | Actual Aggregated,2026-08-02T14:20:02Z
2026-08-02T14:18:54Z,2026-08-02T16:18:54+0200,d03952b3-6528-494b-a5a9-803d5ba4eea1,2026-07-11T13:00:00Z,2026-07-11T15:00:00+0200,931.11,MW,FR,FR,actual_offshore_wind_generation,Wind Offshore | Actual Aggregated,2026-08-02T14:20:02Z
2026-08-02T14:18:54Z,2026-08-02T16:18:54+0200,d03952b3-6528-494b-a5a9-803d5ba4eea1,2026-07-11T13:15:00Z,2026-07-11T15:15:00+0200,948.98,MW,FR,FR,actual_offshore_wind_generation,Wind Offshore | Actual Aggregated,2026-08-02T14:20:02Z
2026-08-02T14:18:54Z,2026-08-02T16:18:54+0200,d03952b3-6528-494b-a5a9-803d5ba4eea1,2026-07-11T13:30:00Z,2026-07-11T15:30:00+0200,962.0,MW,FR,FR,actual_offshore_wind_generation,Wind Offshore | Actual Aggregated,2026-08-02T14:20:02Z
2026-08-02T14:18:54Z,2026-08-02T16:18:54+0200,d03952b3-6528-494b-a5a9-803d5ba4eea1,2026-07-11T13:45:00Z,2026-07-11T15:45:00+0200,961.09,MW,FR,FR,actual_offshore_wind_generation,Wind Offshore | Actual Aggregated,2026-08-02T14:20:02Z
2026-08-02T14:18:54Z,2026-08-02T16:18:54+0200,d03952b3-6528-494b-a5a9-803d5ba4eea1,2026-07-11T14:00:00Z,2026-07-11T16:00:00+0200,960.02,MW,FR,FR,actual_offshore_wind_generation,Wind Offshore | Actual Aggregated,2026-08-02T14:20:02Z
2026-08-02T14:18:54Z,2026-08-02T16:18:54+0200,d03952b3-6528-494b-a5a9-803d5ba4eea1,2026-07-11T14:15:00Z,2026-07-11T16:15:00+0200,957.16,MW,FR,FR,actual_offshore_wind_generation,Wind Offshore | Actual Aggregated,2026-08-02T14:20:02Z
2026-08-02T14:18:54Z,2026-08-02T16:18:54+0200,d03952b3-6528-494b-a5a9-803d5ba4eea1,2026-07-11T14:30:00Z,2026-07-11T16:30:00+0200,955.56,MW,FR,FR,actual_offshore_wind_generation,Wind Offshore | Actual Aggregated,2026-08-02T14:20:02Z
2026-08-02T14:18:54Z,2026-08-02T16:18:54+0200,d03952b3-6528-494b-a5a9-803d5ba4eea1,2026-07-11T14:45:00Z,2026-07-11T16:45:00+0200,954.43,MW,FR,FR,actual_offshore_wind_generation,Wind Offshore | Actual Aggregated,2026-08-02T14:20:02Z
2026-08-02T14:18:54Z,2026-08-02T16:18:54+0200,d03952b3-6528-494b-a5a9-803d5ba4eea1,2026-07-11T15:00:00Z,2026-07-11T17:00:00+0200,954.01,MW,FR,FR,actual_offshore_wind_generation,Wind Offshore | Actual Aggregated,2026-08-02T14:20:02Z
2026-08-02T14:18:54Z,2026-08-02T16:18:54+0200,d03952b3-6528-494b-a5a9-803d5ba4eea1,2026-07-11T15:15:00Z,2026-07-11T17:15:00+0200,954.97,MW,FR,FR,actual_offshore_wind_generation,Wind Offshore | Actual Aggregated,2026-08-02T14:20:02Z
2026-08-02T14:18:54Z,2026-08-02T16:18:54+0200,d03952b3-6528-494b-a5a9-803d5ba4eea1,2026-07-11T15:30:00Z,2026-07-11T17:30:00+0200,955.0,MW,FR,FR,actual_offshore_wind_generation,Wind Offshore | Actual Aggregated,2026-08-02T14:20:02Z
2026-08-02T14:18:54Z,2026-08-02T16:18:54+0200,d03952b3-6528-494b-a5a9-803d5ba4eea1,2026-07-11T15:45:00Z,2026-07-11T17:45:00+0200,954.7,MW,FR,FR,actual_offshore_wind_generation,Wind Offshore | Actual Aggregated,2026-08-02T14:20:02Z
2026-08-02T14:18:54Z,2026-08-02T16:18:54+0200,d03952b3-6528-494b-a5a9-803d5ba4eea1,2026-07-11T16:00:00Z,2026-07-11T18:00:00+0200,960.02,MW,FR,FR,actual_offshore_wind_generation,Wind Offshore | Actual Aggregated,2026-08-02T14:20:02Z
2026-08-02T14:18:54Z,2026-08-02T16:18:54+0200,d03952b3-6528-494b-a5a9-803d5ba4eea1,2026-07-11T16:15:00Z,2026-07-11T18:15:00+0200,961.33,MW,FR,FR,actual_offshore_wind_generation,Wind Offshore | Actual Aggregated,2026-08-02T14:20:02Z
2026-08-02T14:18:54Z,2026-08-02T16:18:54+0200,d03952b3-6528-494b-a5a9-803d5ba4eea1,2026-07-11T16:30:00Z,2026-07-11T18:30:00+0200,961.18,MW,FR,FR,actual_offshore_wind_generation,Wind Offshore | Actual Aggregated,2026-08-02T14:20:02Z
2026-08-02T14:18:54Z,2026-08-02T16:18:54+0200,d03952b3-6528-494b-a5a9-803d5ba4eea1,2026-07-11T16:45:00Z,2026-07-11T18:45:00+0200,959.59,MW,FR,FR,actual_offshore_wind_generation,Wind Offshore | Actual Aggregated,2026-08-02T14:20:02Z
2026-08-02T14:18:54Z,2026-08-02T16:18:54+0200,d03952b3-6528-494b-a5a9-803d5ba4eea1,2026-07-11T17:00:00Z,2026-07-11T19:00:00+0200,968.63,MW,FR,FR,actual_offshore_wind_generation,Wind Offshore | Actual Aggregated,2026-08-02T14:20:02Z
2026-08-02T14:18:54Z,2026-08-02T16:18:54+0200,d03952b3-6528-494b-a5a9-803d5ba4eea1,2026-07-11T17:15:00Z,2026-07-11T19:15:00+0200,971.67,MW,FR,FR,actual_offshore_wind_generation,Wind Offshore | Actual Aggregated,2026-08-02T14:20:02Z
2026-08-02T14:18:54Z,2026-08-02T16:18:54+0200,d03952b3-6528-494b-a5a9-803d5ba4eea1,2026-07-11T17:30:00Z,2026-07-11T19:30:00+0200,963.76,MW,FR,FR,actual_offshore_wind_generation,Wind Offshore | Actual Aggregated,2026-08-02T14:20:02Z
2026-08-02T14:18:54Z,2026-08-02T16:18:54+0200,d03952b3-6528-494b-a5a9-803d5ba4eea1,2026-07-11T17:45:00Z,2026-07-11T19:45:00+0200,962.53,MW,FR,FR,actual_offshore_wind_generation,Wind Offshore | Actual Aggregated,2026-08-02T14:20:02Z
2026-08-02T14:18:54Z,2026-08-02T16:18:54+0200,d03952b3-6528-494b-a5a9-803d5ba4eea1,2026-07-11T18:00:00Z,2026-07-11T20:00:00+0200,962.26,MW,FR,FR,actual_offshore_wind_generation,Wind Offshore | Actual Aggregated,2026-08-02T14:20:02Z
2026-08-02T14:18:54Z,2026-08-02T16:18:54+0200,d03952b3-6528-494b-a5a9-803d5ba4eea1,2026-07-11T18:15:00Z,2026-07-11T20:15:00+0200,968.42,MW,FR,FR,actual_offshore_wind_generation,Wind Offshore | Actual Aggregated,2026-08-02T14:20:02Z
2026-08-02T14:18:54Z,2026-08-02T16:18:54+0200,d03952b3-6528-494b-a5a9-803d5ba4eea1,2026-07-11T18:30:00Z,2026-07-11T20:30:00+0200,972.27,MW,FR,FR,actual_offshore_wind_generation,Wind Offshore | Actual Aggregated,2026-08-02T14:20:02Z
2026-08-02T14:18:54Z,2026-08-02T16:18:54+0200,d03952b3-6528-494b-a5a9-803d5ba4eea1,2026-07-11T18:45:00Z,2026-07-11T20:45:00+0200,972.46,MW,FR,FR,actual_offshore_wind_generation,Wind Offshore | Actual Aggregated,2026-08-02T14:20:02Z
2026-08-02T14:18:54Z,2026-08-02T16:18:54+0200,d03952b3-6528-494b-a5a9-803d5ba4eea1,2026-07-11T19:00:00Z,2026-07-11T21:00:00+0200,972.78,MW,FR,FR,actual_offshore_wind_generation,Wind Offshore | Actual Aggregated,2026-08-02T14:20:02Z
2026-08-02T14:18:54Z,2026-08-02T16:18:54+0200,d03952b3-6528-494b-a5a9-803d5ba4eea1,2026-07-11T19:15:00Z,2026-07-11T21:15:00+0200,976.7,MW,FR,FR,actual_offshore_wind_generation,Wind Offshore | Actual Aggregated,2026-08-02T14:20:02Z
2026-08-02T14:18:54Z,2026-08-02T16:18:54+0200,d03952b3-6528-494b-a5a9-803d5ba4eea1,2026-07-11T19:30:00Z,2026-07-11T21:30:00+0200,982.94,MW,FR,FR,actual_offshore_wind_generation,Wind Offshore | Actual Aggregated,2026-08-02T14:20:02Z
2026-08-02T14:18:54Z,2026-08-02T16:18:54+0200,d03952b3-6528-494b-a5a9-803d5ba4eea1,2026-07-11T19:45:00Z,2026-07-11T21:45:00+0200,996.13,MW,FR,FR,actual_offshore_wind_generation,Wind Offshore | Actual Aggregated,2026-08-02T14:20:02Z
2026-08-02T14:18:54Z,2026-08-02T16:18:54+0200,d03952b3-6528-494b-a5a9-803d5ba4eea1,2026-07-11T20:00:00Z,2026-07-11T22:00:00+0200,997.62,MW,FR,FR,actual_offshore_wind_generation,Wind Offshore | Actual Aggregated,2026-08-02T14:20:02Z
2026-08-02T14:18:54Z,2026-08-02T16:18:54+0200,d03952b3-6528-494b-a5a9-803d5ba4eea1,2026-07-11T20:15:00Z,2026-07-11T22:15:00+0200,996.88,MW,FR,FR,actual_offshore_wind_generation,Wind Offshore | Actual Aggregated,2026-08-02T14:20:02Z
2026-08-02T14:18:54Z,2026-08-02T16:18:54+0200,d03952b3-6528-494b-a5a9-803d5ba4eea1,2026-07-11T20:30:00Z,2026-07-11T22:30:00+0200,989.4,MW,FR,FR,actual_offshore_wind_generation,Wind Offshore | Actual Aggregated,2026-08-02T14:20:02Z
2026-08-02T14:18:54Z,2026-08-02T16:18:54+0200,d03952b3-6528-494b-a5a9-803d5ba4eea1,2026-07-11T20:45:00Z,2026-07-11T22:45:00+0200,982.63,MW,FR,FR,actual_offshore_wind_generation,Wind Offshore | Actual Aggregated,2026-08-02T14:20:02Z
2026-08-02T14:18:54Z,2026-08-02T16:18:54+0200,d03952b3-6528-494b-a5a9-803d5ba4eea1,2026-07-11T21:00:00Z,2026-07-11T23:00:00+0200,985.97,MW,FR,FR,actual_offshore_wind_generation,Wind Offshore | Actual Aggregated,2026-08-02T14:20:02Z
2026-08-02T14:18:54Z,2026-08-02T16:18:54+0200,d03952b3-6528-494b-a5a9-803d5ba4eea1,2026-07-11T21:15:00Z,2026-07-11T23:15:00+0200,1004.24,MW,FR,FR,actual_offshore_wind_generation,Wind Offshore | Actual Aggregated,2026-08-02T14:20:02Z
2026-08-02T14:18:54Z,2026-08-02T16:18:54+0200,d03952b3-6528-494b-a5a9-803d5ba4eea1,2026-07-11T21:30:00Z,2026-07-11T23:30:00+0200,1032.22,MW,FR,FR,actual_offshore_wind_generation,Wind Offshore | Actual Aggregated,2026-08-02T14:20:02Z
2026-08-02T14:18:54Z,2026-08-02T16:18:54+0200,d03952b3-6528-494b-a5a9-803d5ba4eea1,2026-07-11T21:45:00Z,2026-07-11T23:45:00+0200,1024.74,MW,FR,FR,actual_offshore_wind_generation,Wind Offshore | Actual Aggregated,2026-08-02T14:20:02Z
2026-08-02T14:18:54Z,2026-08-02T16:18:54+0200,d03952b3-6528-494b-a5a9-803d5ba4eea1,2026-07-11T22:00:00Z,2026-07-12T00:00:00+0200,1015.23,MW,FR,FR,actual_offshore_wind_generation,Wind Offshore | Actual Aggregated,2026-08-02T14:20:02Z
2026-08-02T14:18:54Z,2026-08-02T16:18:54+0200,d03952b3-6528-494b-a5a9-803d5ba4eea1,2026-07-11T22:15:00Z,2026-07-12T00:15:00+0200,1016.18,MW,FR,FR,actual_offshore_wind_generation,Wind Offshore | Actual Aggregated,2026-08-02T14:20:02Z
2026-08-02T14:18:54Z,2026-08-02T16:18:54+0200,d03952b3-6528-494b-a5a9-803d5ba4eea1,2026-07-11T22:30:00Z,2026-07-12T00:30:00+0200,1027.03,MW,FR,FR,actual_offshore_wind_generation,Wind Offshore | Actual Aggregated,2026-08-02T14:20:02Z
2026-08-02T14:18:54Z,2026-08-02T16:18:54+0200,d03952b3-6528-494b-a5a9-803d5ba4eea1,2026-07-11T22:45:00Z,2026-07-12T00:45:00+0200,1068.23,MW,FR,FR,actual_offshore_wind_generation,Wind Offshore | Actual Aggregated,2026-08-02T14:20:02Z
2026-08-02T14:18:54Z,2026-08-02T16:18:54+0200,d03952b3-6528-494b-a5a9-803d5ba4eea1,2026-07-11T23:00:00Z,2026-07-12T01:00:00+0200,1109.94,MW,FR,FR,actual_offshore_wind_generation,Wind Offshore | Actual Aggregated,2026-08-02T14:20:02Z
2026-08-02T14:18:54Z,2026-08-02T16:18:54+0200,d03952b3-6528-494b-a5a9-803d5ba4eea1,2026-07-11T23:15:00Z,2026-07-12T01:15:00+0200,1213.89,MW,FR,FR,actual_offshore_wind_generation,Wind Offshore | Actual Aggregated,2026-08-02T14:20:02Z
2026-08-02T14:18:54Z,2026-08-02T16:18:54+0200,d03952b3-6528-494b-a5a9-803d5ba4eea1,2026-07-11T23:30:00Z,2026-07-12T01:30:00+0200,1260.76,MW,FR,FR,actual_offshore_wind_generation,Wind Offshore | Actual Aggregated,2026-08-02T14:20:02Z
2026-08-02T14:18:54Z,2026-08-02T16:18:54+0200,d03952b3-6528-494b-a5a9-803d5ba4eea1,2026-07-11T23:45:00Z,2026-07-12T01:45:00+0200,1374.34,MW,FR,FR,actual_offshore_wind_generation,Wind Offshore | Actual Aggregated,2026-08-02T14:20:02Z
2026-08-02T14:18:54Z,2026-08-02T16:18:54+0200,d03952b3-6528-494b-a5a9-803d5ba4eea1,2026-07-12T00:00:00Z,2026-07-12T02:00:00+0200,1399.01,MW,FR,FR,actual_offshore_wind_generation,Wind Offshore | Actual Aggregated,2026-08-02T14:20:02Z
2026-08-02T14:18:54Z,2026-08-02T16:18:54+0200,d03952b3-6528-494b-a5a9-803d5ba4eea1,2026-07-12T00:15:00Z,2026-07-12T02:15:00+0200,1418.83,MW,FR,FR,actual_offshore_wind_generation,Wind Offshore | Actual Aggregated,2026-08-02T14:20:02Z
2026-08-02T14:18:54Z,2026-08-02T16:18:54+0200,d03952b3-6528-494b-a5a9-803d5ba4eea1,2026-07-12T00:30:00Z,2026-07-12T02:30:00+0200,1400.49,MW,FR,FR,actual_offshore_wind_generation,Wind Offshore | Actual Aggregated,2026-08-02T14:20:02Z
2026-08-02T14:18:54Z,2026-08-02T16:18:54+0200,d03952b3-6528-494b-a5a9-803d5ba4eea1,2026-07-12T00:45:00Z,2026-07-12T02:45:00+0200,1479.44,MW,FR,FR,actual_offshore_wind_generation,Wind Offshore | Actual Aggregated,2026-08-02T14:20:02Z
2026-08-02T14:18:54Z,2026-08-02T16:18:54+0200,d03952b3-6528-494b-a5a9-803d5ba4eea1,2026-07-12T01:00:00Z,2026-07-12T03:00:00+0200,1570.06,MW,FR,FR,actual_offshore_wind_generation,Wind Offshore | Actual Aggregated,2026-08-02T14:20:02Z
2026-08-02T14:18:54Z,2026-08-02T16:18:54+0200,d03952b3-6528-494b-a5a9-803d5ba4eea1,2026-07-12T01:15:00Z,2026-07-12T03:15:00+0200,1553.92,MW,FR,FR,actual_offshore_wind_generation,Wind Offshore | Actual Aggregated,2026-08-02T14:20:02Z
2026-08-02T14:18:54Z,2026-08-02T16:18:54+0200,d03952b3-6528-494b-a5a9-803d5ba4eea1,2026-07-12T01:30:00Z,2026-07-12T03:30:00+0200,1600.39,MW,FR,FR,actual_offshore_wind_generation,Wind Offshore | Actual Aggregated,2026-08-02T14:20:02Z
2026-08-02T14:18:54Z,2026-08-02T16:18:54+0200,d03952b3-6528-494b-a5a9-803d5ba4eea1,2026-07-12T01:45:00Z,2026-07-12T03:45:00+0200,1651.47,MW,FR,FR,actual_offshore_wind_generation,Wind Offshore | Actual Aggregated,2026-08-02T14:20:02Z
2026-08-02T14:18:54Z,2026-08-02T16:18:54+0200,d03952b3-6528-494b-a5a9-803d5ba4eea1,2026-07-12T02:00:00Z,2026-07-12T04:00:00+0200,1703.41,MW,FR,FR,actual_offshore_wind_generation,Wind Offshore | Actual Aggregated,2026-08-02T14:20:02Z
2026-08-02T14:18:54Z,2026-08-02T16:18:54+0200,d03952b3-6528-494b-a5a9-803d5ba4eea1,2026-07-12T02:15:00Z,2026-07-12T04:15:00+0200,1750.34,MW,FR,FR,actual_offshore_wind_generation,Wind Offshore | Actual Aggregated,2026-08-02T14:20:02Z
2026-08-02T14:18:54Z,2026-08-02T16:18:54+0200,d03952b3-6528-494b-a5a9-803d5ba4eea1,2026-07-12T02:30:00Z,2026-07-12T04:30:00+0200,1759.56,MW,FR,FR,actual_offshore_wind_generation,Wind Offshore | Actual Aggregated,2026-08-02T14:20:02Z
2026-08-02T14:18:54Z,2026-08-02T16:18:54+0200,d03952b3-6528-494b-a5a9-803d5ba4eea1,2026-07-12T02:45:00Z,2026-07-12T04:45:00+0200,1749.21,MW,FR,FR,actual_offshore_wind_generation,Wind Offshore | Actual Aggregated,2026-08-02T14:20:02Z
2026-08-02T14:18:54Z,2026-08-02T16:18:54+0200,d03952b3-6528-494b-a5a9-803d5ba4eea1,2026-07-12T03:00:00Z,2026-07-12T05:00:00+0200,1757.57,MW,FR,FR,actual_offshore_wind_generation,Wind Offshore | Actual Aggregated,2026-08-02T14:20:02Z
2026-08-02T14:18:54Z,2026-08-02T16:18:54+0200,d03952b3-6528-494b-a5a9-803d5ba4eea1,2026-07-12T03:15:00Z,2026-07-12T05:15:00+0200,1752.56,MW,FR,FR,actual_offshore_wind_generation,Wind Offshore | Actual Aggregated,2026-08-02T14:20:02Z
2026-08-02T14:18:54Z,2026-08-02T16:18:54+0200,d03952b3-6528-494b-a5a9-803d5ba4eea1,2026-07-12T03:30:00Z,2026-07-12T05:30:00+0200,1747.4,MW,FR,FR,actual_offshore_wind_generation,Wind Offshore | Actual Aggregated,2026-08-02T14:20:02Z
2026-08-02T14:18:54Z,2026-08-02T16:18:54+0200,d03952b3-6528-494b-a5a9-803d5ba4eea1,2026-07-12T03:45:00Z,2026-07-12T05:45:00+0200,1727.0,MW,FR,FR,actual_offshore_wind_generation,Wind Offshore | Actual Aggregated,2026-08-02T14:20:02Z
2026-08-02T14:18:54Z,2026-08-02T16:18:54+0200,d03952b3-6528-494b-a5a9-803d5ba4eea1,2026-07-12T04:00:00Z,2026-07-12T06:00:00+0200,1753.95,MW,FR,FR,actual_offshore_wind_generation,Wind Offshore | Actual Aggregated,2026-08-02T14:20:02Z
2026-08-02T14:18:54Z,2026-08-02T16:18:54+0200,d03952b3-6528-494b-a5a9-803d5ba4eea1,2026-07-12T04:15:00Z,2026-07-12T06:15:00+0200,1758.8,MW,FR,FR,actual_offshore_wind_generation,Wind Offshore | Actual Aggregated,2026-08-02T14:20:02Z
2026-08-02T14:18:54Z,2026-08-02T16:18:54+0200,d03952b3-6528-494b-a5a9-803d5ba4eea1,2026-07-12T04:30:00Z,2026-07-12T06:30:00+0200,1765.56,MW,FR,FR,actual_offshore_wind_generation,Wind Offshore | Actual Aggregated,2026-08-02T14:20:02Z
2026-08-02T14:18:54Z,2026-08-02T16:18:54+0200,d03952b3-6528-494b-a5a9-803d5ba4eea1,2026-07-12T04:45:00Z,2026-07-12T06:45:00+0200,1775.21,MW,FR,FR,actual_offshore_wind_generation,Wind Offshore | Actual Aggregated,2026-08-02T14:20:02Z
2026-08-02T14:18:54Z,2026-08-02T16:18:54+0200,d03952b3-6528-494b-a5a9-803d5ba4eea1,2026-07-12T05:00:00Z,2026-07-12T07:00:00+0200,1795.21,MW,FR,FR,actual_offshore_wind_generation,Wind Offshore | Actual Aggregated,2026-08-02T14:20:02Z
2026-08-02T14:18:54Z,2026-08-02T16:18:54+0200,d03952b3-6528-494b-a5a9-803d5ba4eea1,2026-07-12T05:15:00Z,2026-07-12T07:15:00+0200,1809.78,MW,FR,FR,actual_offshore_wind_generation,Wind Offshore | Actual Aggregated,2026-08-02T14:20:02Z
2026-08-02T14:18:54Z,2026-08-02T16:18:54+0200,d03952b3-6528-494b-a5a9-803d5ba4eea1,2026-07-12T05:30:00Z,2026-07-12T07:30:00+0200,1798.18,MW,FR,FR,actual_offshore_wind_generation,Wind Offshore | Actual Aggregated,2026-08-02T14:20:02Z
2026-08-02T14:18:54Z,2026-08-02T16:18:54+0200,d03952b3-6528-494b-a5a9-803d5ba4eea1,2026-07-12T05:45:00Z,2026-07-12T07:45:00+0200,1765.67,MW,FR,FR,actual_offshore_wind_generation,Wind Offshore | Actual Aggregated,2026-08-02T14:20:02Z
2026-08-02T14:18:54Z,2026-08-02T16:18:54+0200,d03952b3-6528-494b-a5a9-803d5ba4eea1,2026-07-12T06:00:00Z,2026-07-12T08:00:00+0200,1762.51,MW,FR,FR,actual_offshore_wind_generation,Wind Offshore | Actual Aggregated,2026-08-02T14:20:02Z
2026-08-02T14:18:54Z,2026-08-02T16:18:54+0200,d03952b3-6528-494b-a5a9-803d5ba4eea1,2026-07-12T06:15:00Z,2026-07-12T08:15:00+0200,1726.61,MW,FR,FR,actual_offshore_wind_generation,Wind Offshore | Actual Aggregated,2026-08-02T14:20:02Z
2026-08-02T14:18:54Z,2026-08-02T16:18:54+0200,d03952b3-6528-494b-a5a9-803d5ba4eea1,2026-07-12T06:30:00Z,2026-07-12T08:30:00+0200,1642.61,MW,FR,FR,actual_offshore_wind_generation,Wind Offshore | Actual Aggregated,2026-08-02T14:20:02Z
2026-08-02T14:18:54Z,2026-08-02T16:18:54+0200,d03952b3-6528-494b-a5a9-803d5ba4eea1,2026-07-12T06:45:00Z,2026-07-12T08:45:00+0200,1611.08,MW,FR,FR,actual_offshore_wind_generation,Wind Offshore | Actual Aggregated,2026-08-02T14:20:02Z
2026-08-02T14:18:54Z,2026-08-02T16:18:54+0200,d03952b3-6528-494b-a5a9-803d5ba4eea1,2026-07-12T07:00:00Z,2026-07-12T09:00:00+0200,1594.67,MW,FR,FR,actual_offshore_wind_generation,Wind Offshore | Actual Aggregated,2026-08-02T14:20:02Z
2026-08-02T14:18:54Z,2026-08-02T16:18:54+0200,d03952b3-6528-494b-a5a9-803d5ba4eea1,2026-07-12T07:15:00Z,2026-07-12T09:15:00+0200,1539.14,MW,FR,FR,actual_offshore_wind_generation,Wind Offshore | Actual Aggregated,2026-08-02T14:20:02Z
2026-08-02T14:18:54Z,2026-08-02T16:18:54+0200,d03952b3-6528-494b-a5a9-803d5ba4eea1,2026-07-12T07:30:00Z,2026-07-12T09:30:00+0200,1479.19,MW,FR,FR,actual_offshore_wind_generation,Wind Offshore | Actual Aggregated,2026-08-02T14:20:02Z
2026-08-02T14:18:54Z,2026-08-02T16:18:54+0200,d03952b3-6528-494b-a5a9-803d5ba4eea1,2026-07-12T07:45:00Z,2026-07-12T09:45:00+0200,1417.51,MW,FR,FR,actual_offshore_wind_generation,Wind Offshore | Actual Aggregated,2026-08-02T14:20:02Z
2026-08-02T14:18:54Z,2026-08-02T16:18:54+0200,d03952b3-6528-494b-a5a9-803d5ba4eea1,2026-07-12T08:00:00Z,2026-07-12T10:00:00+0200,1373.68,MW,FR,FR,actual_offshore_wind_generation,Wind Offshore | Actual Aggregated,2026-08-02T14:20:02Z
2026-08-02T14:18:54Z,2026-08-02T16:18:54+0200,d03952b3-6528-494b-a5a9-803d5ba4eea1,2026-07-12T08:15:00Z,2026-07-12T10:15:00+0200,1334.06,MW,FR,FR,actual_offshore_wind_generation,Wind Offshore | Actual Aggregated,2026-08-02T14:20:02Z
2026-08-02T14:18:54Z,2026-08-02T16:18:54+0200,d03952b3-6528-494b-a5a9-803d5ba4eea1,2026-07-12T08:30:00Z,2026-07-12T10:30:00+0200,1252.78,MW,FR,FR,actual_offshore_wind_generation,Wind Offshore | Actual Aggregated,2026-08-02T14:20:02Z
2026-08-02T14:18:54Z,2026-08-02T16:18:54+0200,d03952b3-6528-494b-a5a9-803d5ba4eea1,2026-07-12T08:45:00Z,2026-07-12T10:45:00+0200,866.48,MW,FR,FR,actual_offshore_wind_generation,Wind Offshore | Actual Aggregated,2026-08-02T14:20:02Z
2026-08-02T14:18:54Z,2026-08-02T16:18:54+0200,d03952b3-6528-494b-a5a9-803d5ba4eea1,2026-07-12T09:00:00Z,2026-07-12T11:00:00+0200,99.84,MW,FR,FR,actual_offshore_wind_generation,Wind Offshore | Actual Aggregated,2026-08-02T14:20:02Z
2026-08-02T14:18:54Z,2026-08-02T16:18:54+0200,d03952b3-6528-494b-a5a9-803d5ba4eea1,2026-07-12T09:15:00Z,2026-07-12T11:15:00+0200,92.28,MW,FR,FR,actual_offshore_wind_generation,Wind Offshore | Actual Aggregated,2026-08-02T14:20:02Z
2026-08-02T14:18:54Z,2026-08-02T16:18:54+0200,d03952b3-6528-494b-a5a9-803d5ba4eea1,2026-07-12T09:30:00Z,2026-07-12T11:30:00+0200,92.44,MW,FR,FR,actual_offshore_wind_generation,Wind Offshore | Actual Aggregated,2026-08-02T14:20:02Z
2026-08-02T14:18:54Z,2026-08-02T16:18:54+0200,d03952b3-6528-494b-a5a9-803d5ba4eea1,2026-07-12T09:45:00Z,2026-07-12T11:45:00+0200,92.74,MW,FR,FR,actual_offshore_wind_generation,Wind Offshore | Actual Aggregated,2026-08-02T14:20:02Z
2026-08-02T14:18:54Z,2026-08-02T16:18:54+0200,d03952b3-6528-494b-a5a9-803d5ba4eea1,2026-07-12T10:00:00Z,2026-07-12T12:00:00+0200,92.95,MW,FR,FR,actual_offshore_wind_generation,Wind Offshore | Actual Aggregated,2026-08-02T14:20:02Z
2026-08-02T14:18:54Z,2026-08-02T16:18:54+0200,d03952b3-6528-494b-a5a9-803d5ba4eea1,2026-07-12T10:15:00Z,2026-07-12T12:15:00+0200,92.48,MW,FR,FR,actual_offshore_wind_generation,Wind Offshore | Actual Aggregated,2026-08-02T14:20:02Z
2026-08-02T14:18:54Z,2026-08-02T16:18:54+0200,d03952b3-6528-494b-a5a9-803d5ba4eea1,2026-07-12T10:30:00Z,2026-07-12T12:30:00+0200,92.97,MW,FR,FR,actual_offshore_wind_generation,Wind Offshore | Actual Aggregated,2026-08-02T14:20:02Z
2026-08-02T14:18:54Z,2026-08-02T16:18:54+0200,d03952b3-6528-494b-a5a9-803d5ba4eea1,2026-07-12T10:45:00Z,2026-07-12T12:45:00+0200,93.37,MW,FR,FR,actual_offshore_wind_generation,Wind Offshore | Actual Aggregated,2026-08-02T14:20:02Z
2026-08-02T14:18:54Z,2026-08-02T16:18:54+0200,d03952b3-6528-494b-a5a9-803d5ba4eea1,2026-07-12T11:00:00Z,2026-07-12T13:00:00+0200,94.05,MW,FR,FR,actual_offshore_wind_generation,Wind Offshore | Actual Aggregated,2026-08-02T14:20:02Z
2026-08-02T14:18:54Z,2026-08-02T16:18:54+0200,d03952b3-6528-494b-a5a9-803d5ba4eea1,2026-07-12T11:15:00Z,2026-07-12T13:15:00+0200,94.46,MW,FR,FR,actual_offshore_wind_generation,Wind Offshore | Actual Aggregated,2026-08-02T14:20:02Z
2026-08-02T14:18:54Z,2026-08-02T16:18:54+0200,d03952b3-6528-494b-a5a9-803d5ba4eea1,2026-07-12T11:30:00Z,2026-07-12T13:30:00+0200,261.12,MW,FR,FR,actual_offshore_wind_generation,Wind Offshore | Actual Aggregated,2026-08-02T14:20:02Z
2026-08-02T14:18:54Z,2026-08-02T16:18:54+0200,d03952b3-6528-494b-a5a9-803d5ba4eea1,2026-07-12T11:45:00Z,2026-07-12T13:45:00+0200,264.97,MW,FR,FR,actual_offshore_wind_generation,Wind Offshore | Actual Aggregated,2026-08-02T14:20:02Z
2026-08-02T14:18:54Z,2026-08-02T16:18:54+0200,d03952b3-6528-494b-a5a9-803d5ba4eea1,2026-07-12T12:00:00Z,2026-07-12T14:00:00+0200,263.94,MW,FR,FR,actual_offshore_wind_generation,Wind Offshore | Actual Aggregated,2026-08-02T14:20:02Z
2026-08-02T14:18:54Z,2026-08-02T16:18:54+0200,d03952b3-6528-494b-a5a9-803d5ba4eea1,2026-07-12T12:15:00Z,2026-07-12T14:15:00+0200,105.45,MW,FR,FR,actual_offshore_wind_generation,Wind Offshore | Actual Aggregated,2026-08-02T14:20:02Z
2026-08-02T14:18:54Z,2026-08-02T16:18:54+0200,d03952b3-6528-494b-a5a9-803d5ba4eea1,2026-07-12T12:30:00Z,2026-07-12T14:30:00+0200,100.9,MW,FR,FR,actual_offshore_wind_generation,Wind Offshore | Actual Aggregated,2026-08-02T14:20:02Z
2026-08-02T14:18:54Z,2026-08-02T16:18:54+0200,d03952b3-6528-494b-a5a9-803d5ba4eea1,2026-07-12T12:45:00Z,2026-07-12T14:45:00+0200,101.85,MW,FR,FR,actual_offshore_wind_generation,Wind Offshore | Actual Aggregated,2026-08-02T14:20:02Z
2026-08-02T14:18:54Z,2026-08-02T16:18:54+0200,d03952b3-6528-494b-a5a9-803d5ba4eea1,2026-07-12T13:00:00Z,2026-07-12T15:00:00+0200,103.1,MW,FR,FR,actual_offshore_wind_generation,Wind Offshore | Actual Aggregated,2026-08-02T14:20:02Z
2026-08-02T14:18:54Z,2026-08-02T16:18:54+0200,d03952b3-6528-494b-a5a9-803d5ba4eea1,2026-07-12T13:15:00Z,2026-07-12T15:15:00+0200,104.59,MW,FR,FR,actual_offshore_wind_generation,Wind Offshore | Actual Aggregated,2026-08-02T14:20:02Z
2026-08-02T14:18:54Z,2026-08-02T16:18:54+0200,d03952b3-6528-494b-a5a9-803d5ba4eea1,2026-07-12T13:30:00Z,2026-07-12T15:30:00+0200,106.03,MW,FR,FR,actual_offshore_wind_generation,Wind Offshore | Actual Aggregated,2026-08-02T14:20:02Z
2026-08-02T14:18:54Z,2026-08-02T16:18:54+0200,d03952b3-6528-494b-a5a9-803d5ba4eea1,2026-07-12T13:45:00Z,2026-07-12T15:45:00+0200,108.7,MW,FR,FR,actual_offshore_wind_generation,Wind Offshore | Actual Aggregated,2026-08-02T14:20:02Z
2026-08-02T14:18:54Z,2026-08-02T16:18:54+0200,d03952b3-6528-494b-a5a9-803d5ba4eea1,2026-07-12T14:00:00Z,2026-07-12T16:00:00+0200,109.07,MW,FR,FR,actual_offshore_wind_generation,Wind Offshore | Actual Aggregated,2026-08-02T14:20:02Z
2026-08-02T14:18:54Z,2026-08-02T16:18:54+0200,d03952b3-6528-494b-a5a9-803d5ba4eea1,2026-07-12T14:15:00Z,2026-07-12T16:15:00+0200,174.31,MW,FR,FR,actual_offshore_wind_generation,Wind Offshore | Actual Aggregated,2026-08-02T14:20:02Z
2026-08-02T14:18:54Z,2026-08-02T16:18:54+0200,d03952b3-6528-494b-a5a9-803d5ba4eea1,2026-07-12T14:30:00Z,2026-07-12T16:30:00+0200,525.38,MW,FR,FR,actual_offshore_wind_generation,Wind Offshore | Actual Aggregated,2026-08-02T14:20:02Z
2026-08-02T14:18:54Z,2026-08-02T16:18:54+0200,d03952b3-6528-494b-a5a9-803d5ba4eea1,2026-07-12T14:45:00Z,2026-07-12T16:45:00+0200,1226.68,MW,FR,FR,actual_offshore_wind_generation,Wind Offshore | Actual Aggregated,2026-08-02T14:20:02Z
2026-08-02T14:18:54Z,2026-08-02T16:18:54+0200,d03952b3-6528-494b-a5a9-803d5ba4eea1,2026-07-12T15:00:00Z,2026-07-12T17:00:00+0200,1211.62,MW,FR,FR,actual_offshore_wind_generation,Wind Offshore | Actual Aggregated,2026-08-02T14:20:02Z
2026-08-02T14:18:54Z,2026-08-02T16:18:54+0200,d03952b3-6528-494b-a5a9-803d5ba4eea1,2026-07-12T15:15:00Z,2026-07-12T17:15:00+0200,1278.1,MW,FR,FR,actual_offshore_wind_generation,Wind Offshore | Actual Aggregated,2026-08-02T14:20:02Z
2026-08-02T14:18:54Z,2026-08-02T16:18:54+0200,d03952b3-6528-494b-a5a9-803d5ba4eea1,2026-07-12T15:30:00Z,2026-07-12T17:30:00+0200,1375.27,MW,FR,FR,actual_offshore_wind_generation,Wind Offshore | Actual Aggregated,2026-08-02T14:20:02Z
2026-08-02T14:18:54Z,2026-08-02T16:18:54+0200,d03952b3-6528-494b-a5a9-803d5ba4eea1,2026-07-12T15:45:00Z,2026-07-12T17:45:00+0200,1480.66,MW,FR,FR,actual_offshore_wind_generation,Wind Offshore | Actual Aggregated,2026-08-02T14:20:02Z
2026-08-02T14:18:54Z,2026-08-02T16:18:54+0200,d03952b3-6528-494b-a5a9-803d5ba4eea1,2026-07-12T16:00:00Z,2026-07-12T18:00:00+0200,1565.48,MW,FR,FR,actual_offshore_wind_generation,Wind Offshore | Actual Aggregated,2026-08-02T14:20:02Z
2026-08-02T14:18:54Z,2026-08-02T16:18:54+0200,d03952b3-6528-494b-a5a9-803d5ba4eea1,2026-07-12T16:15:00Z,2026-07-12T18:15:00+0200,1616.51,MW,FR,FR,actual_offshore_wind_generation,Wind Offshore | Actual Aggregated,2026-08-02T14:20:02Z
2026-08-02T14:18:54Z,2026-08-02T16:18:54+0200,d03952b3-6528-494b-a5a9-803d5ba4eea1,2026-07-12T16:30:00Z,2026-07-12T18:30:00+0200,1660.95,MW,FR,FR,actual_offshore_wind_generation,Wind Offshore | Actual Aggregated,2026-08-02T14:20:02Z
2026-08-02T14:18:54Z,2026-08-02T16:18:54+0200,d03952b3-6528-494b-a5a9-803d5ba4eea1,2026-07-12T16:45:00Z,2026-07-12T18:45:00+0200,1621.99,MW,FR,FR,actual_offshore_wind_generation,Wind Offshore | Actual Aggregated,2026-08-02T14:20:02Z
2026-08-02T14:18:54Z,2026-08-02T16:18:54+0200,d03952b3-6528-494b-a5a9-803d5ba4eea1,2026-07-12T17:00:00Z,2026-07-12T19:00:00+0200,1529.16,MW,FR,FR,actual_offshore_wind_generation,Wind Offshore | Actual Aggregated,2026-08-02T14:20:02Z
2026-08-02T14:18:54Z,2026-08-02T16:18:54+0200,d03952b3-6528-494b-a5a9-803d5ba4eea1,2026-07-12T17:15:00Z,2026-07-12T19:15:00+0200,1523.4,MW,FR,FR,actual_offshore_wind_generation,Wind Offshore | Actual Aggregated,2026-08-02T14:20:02Z
2026-08-02T14:18:54Z,2026-08-02T16:18:54+0200,d03952b3-6528-494b-a5a9-803d5ba4eea1,2026-07-12T17:30:00Z,2026-07-12T19:30:00+0200,1522.92,MW,FR,FR,actual_offshore_wind_generation,Wind Offshore | Actual Aggregated,2026-08-02T14:20:02Z
2026-08-02T14:18:54Z,2026-08-02T16:18:54+0200,d03952b3-6528-494b-a5a9-803d5ba4eea1,2026-07-12T17:45:00Z,2026-07-12T19:45:00+0200,1517.73,MW,FR,FR,actual_offshore_wind_generation,Wind Offshore | Actual Aggregated,2026-08-02T14:20:02Z
2026-08-02T14:18:54Z,2026-08-02T16:18:54+0200,d03952b3-6528-494b-a5a9-803d5ba4eea1,2026-07-12T18:00:00Z,2026-07-12T20:00:00+0200,1511.75,MW,FR,FR,actual_offshore_wind_generation,Wind Offshore | Actual Aggregated,2026-08-02T14:20:02Z
2026-08-02T14:18:54Z,2026-08-02T16:18:54+0200,d03952b3-6528-494b-a5a9-803d5ba4eea1,2026-07-12T18:15:00Z,2026-07-12T20:15:00+0200,1504.02,MW,FR,FR,actual_offshore_wind_generation,Wind Offshore | Actual Aggregated,2026-08-02T14:20:02Z
2026-08-02T14:18:54Z,2026-08-02T16:18:54+0200,d03952b3-6528-494b-a5a9-803d5ba4eea1,2026-07-12T18:30:00Z,2026-07-12T20:30:00+0200,1511.35,MW,FR,FR,actual_offshore_wind_generation,Wind Offshore | Actual Aggregated,2026-08-02T14:20:02Z
2026-08-02T14:18:54Z,2026-08-02T16:18:54+0200,d03952b3-6528-494b-a5a9-803d5ba4eea1,2026-07-12T18:45:00Z,2026-07-12T20:45:00+0200,1507.06,MW,FR,FR,actual_offshore_wind_generation,Wind Offshore | Actual Aggregated,2026-08-02T14:20:02Z
2026-08-02T14:18:54Z,2026-08-02T16:18:54+0200,d03952b3-6528-494b-a5a9-803d5ba4eea1,2026-07-12T19:00:00Z,2026-07-12T21:00:00+0200,1508.22,MW,FR,FR,actual_offshore_wind_generation,Wind Offshore | Actual Aggregated,2026-08-02T14:20:02Z
2026-08-02T14:18:54Z,2026-08-02T16:18:54+0200,d03952b3-6528-494b-a5a9-803d5ba4eea1,2026-07-12T19:15:00Z,2026-07-12T21:15:00+0200,1512.33,MW,FR,FR,actual_offshore_wind_generation,Wind Offshore | Actual Aggregated,2026-08-02T14:20:02Z
2026-08-02T14:18:54Z,2026-08-02T16:18:54+0200,d03952b3-6528-494b-a5a9-803d5ba4eea1,2026-07-12T19:30:00Z,2026-07-12T21:30:00+0200,1522.51,MW,FR,FR,actual_offshore_wind_generation,Wind Offshore | Actual Aggregated,2026-08-02T14:20:02Z
2026-08-02T14:18:54Z,2026-08-02T16:18:54+0200,d03952b3-6528-494b-a5a9-803d5ba4eea1,2026-07-12T19:45:00Z,2026-07-12T21:45:00+0200,1549.55,MW,FR,FR,actual_offshore_wind_generation,Wind Offshore | Actual Aggregated,2026-08-02T14:20:02Z
2026-08-02T14:18:54Z,2026-08-02T16:18:54+0200,d03952b3-6528-494b-a5a9-803d5ba4eea1,2026-07-12T20:00:00Z,2026-07-12T22:00:00+0200,1569.35,MW,FR,FR,actual_offshore_wind_generation,Wind Offshore | Actual Aggregated,2026-08-02T14:20:02Z
2026-08-02T14:18:54Z,2026-08-02T16:18:54+0200,d03952b3-6528-494b-a5a9-803d5ba4eea1,2026-07-12T20:15:00Z,2026-07-12T22:15:00+0200,1609.46,MW,FR,FR,actual_offshore_wind_generation,Wind Offshore | Actual Aggregated,2026-08-02T14:20:02Z
2026-08-02T14:18:54Z,2026-08-02T16:18:54+0200,d03952b3-6528-494b-a5a9-803d5ba4eea1,2026-07-12T20:30:00Z,2026-07-12T22:30:00+0200,1637.86,MW,FR,FR,actual_offshore_wind_generation,Wind Offshore | Actual Aggregated,2026-08-02T14:20:02Z
2026-08-02T14:18:54Z,2026-08-02T16:18:54+0200,d03952b3-6528-494b-a5a9-803d5ba4eea1,2026-07-12T20:45:00Z,2026-07-12T22:45:00+0200,1652.12,MW,FR,FR,actual_offshore_wind_generation,Wind Offshore | Actual Aggregated,2026-08-02T14:20:02Z
2026-08-02T14:18:54Z,2026-08-02T16:18:54+0200,d03952b3-6528-494b-a5a9-803d5ba4eea1,2026-07-12T21:00:00Z,2026-07-12T23:00:00+0200,1664.29,MW,FR,FR,actual_offshore_wind_generation,Wind Offshore | Actual Aggregated,2026-08-02T14:20:02Z
2026-08-02T14:18:54Z,2026-08-02T16:18:54+0200,d03952b3-6528-494b-a5a9-803d5ba4eea1,2026-07-12T21:15:00Z,2026-07-12T23:15:00+0200,1679.76,MW,FR,FR,actual_offshore_wind_generation,Wind Offshore | Actual Aggregated,2026-08-02T14:20:02Z
2026-08-02T14:18:54Z,2026-08-02T16:18:54+0200,d03952b3-6528-494b-a5a9-803d5ba4eea1,2026-07-12T21:30:00Z,2026-07-12T23:30:00+0200,1704.74,MW,FR,FR,actual_offshore_wind_generation,Wind Offshore | Actual Aggregated,2026-08-02T14:20:02Z
2026-08-02T14:18:54Z,2026-08-02T16:18:54+0200,d03952b3-6528-494b-a5a9-803d5ba4eea1,2026-07-12T21:45:00Z,2026-07-12T23:45:00+0200,1728.62,MW,FR,FR,actual_offshore_wind_generation,Wind Offshore | Actual Aggregated,2026-08-02T14:20:02Z
2026-08-02T14:18:54Z,2026-08-02T16:18:54+0200,d03952b3-6528-494b-a5a9-803d5ba4eea1,2026-07-12T22:00:00Z,2026-07-13T00:00:00+0200,1747.48,MW,FR,FR,actual_offshore_wind_generation,Wind Offshore | Actual Aggregated,2026-08-02T14:20:02Z
2026-08-02T14:18:54Z,2026-08-02T16:18:54+0200,d03952b3-6528-494b-a5a9-803d5ba4eea1,2026-07-12T22:15:00Z,2026-07-13T00:15:00+0200,1770.93,MW,FR,FR,actual_offshore_wind_generation,Wind Offshore | Actual Aggregated,2026-08-02T14:20:02Z
2026-08-02T14:18:54Z,2026-08-02T16:18:54+0200,d03952b3-6528-494b-a5a9-803d5ba4eea1,2026-07-12T22:30:00Z,2026-07-13T00:30:00+0200,1791.77,MW,FR,FR,actual_offshore_wind_generation,Wind Offshore | Actual Aggregated,2026-08-02T14:20:02Z
2026-08-02T14:18:54Z,2026-08-02T16:18:54+0200,d03952b3-6528-494b-a5a9-803d5ba4eea1,2026-07-12T22:45:00Z,2026-07-13T00:45:00+0200,1815.59,MW,FR,FR,actual_offshore_wind_generation,Wind Offshore | Actual Aggregated,2026-08-02T14:20:02Z
2026-08-02T14:18:54Z,2026-08-02T16:18:54+0200,d03952b3-6528-494b-a5a9-803d5ba4eea1,2026-07-12T23:00:00Z,2026-07-13T01:00:00+0200,1824.4,MW,FR,FR,actual_offshore_wind_generation,Wind Offshore | Actual Aggregated,2026-08-02T14:20:02Z
2026-08-02T14:18:54Z,2026-08-02T16:18:54+0200,d03952b3-6528-494b-a5a9-803d5ba4eea1,2026-07-12T23:15:00Z,2026-07-13T01:15:00+0200,1820.76,MW,FR,FR,actual_offshore_wind_generation,Wind Offshore | Actual Aggregated,2026-08-02T14:20:02Z
2026-08-02T14:18:54Z,2026-08-02T16:18:54+0200,d03952b3-6528-494b-a5a9-803d5ba4eea1,2026-07-12T23:30:00Z,2026-07-13T01:30:00+0200,1832.79,MW,FR,FR,actual_offshore_wind_generation,Wind Offshore | Actual Aggregated,2026-08-02T14:20:02Z
2026-08-02T14:18:54Z,2026-08-02T16:18:54+0200,d03952b3-6528-494b-a5a9-803d5ba4eea1,2026-07-12T23:45:00Z,2026-07-13T01:45:00+0200,1829.71,MW,FR,FR,actual_offshore_wind_generation,Wind Offshore | Actual Aggregated,2026-08-02T14:20:02Z
2026-08-02T14:18:54Z,2026-08-02T16:18:54+0200,d03952b3-6528-494b-a5a9-803d5ba4eea1,2026-07-13T00:00:00Z,2026-07-13T02:00:00+0200,1827.28,MW,FR,FR,actual_offshore_wind_generation,Wind Offshore | Actual Aggregated,2026-08-02T14:20:02Z
2026-08-02T14:18:54Z,2026-08-02T16:18:54+0200,d03952b3-6528-494b-a5a9-803d5ba4eea1,2026-07-13T00:15:00Z,2026-07-13T02:15:00+0200,1827.8,MW,FR,FR,actual_offshore_wind_generation,Wind Offshore | Actual Aggregated,2026-08-02T14:20:02Z
2026-08-02T14:18:54Z,2026-08-02T16:18:54+0200,d03952b3-6528-494b-a5a9-803d5ba4eea1,2026-07-13T00:30:00Z,2026-07-13T02:30:00+0200,1825.7,MW,FR,FR,actual_offshore_wind_generation,Wind Offshore | Actual Aggregated,2026-08-02T14:20:02Z
2026-08-02T14:18:54Z,2026-08-02T16:18:54+0200,d03952b3-6528-494b-a5a9-803d5ba4eea1,2026-07-13T00:45:00Z,2026-07-13T02:45:00+0200,1772.76,MW,FR,FR,actual_offshore_wind_generation,Wind Offshore | Actual Aggregated,2026-08-02T14:20:02Z
2026-08-02T14:18:54Z,2026-08-02T16:18:54+0200,d03952b3-6528-494b-a5a9-803d5ba4eea1,2026-07-13T01:00:00Z,2026-07-13T03:00:00+0200,1432.44,MW,FR,FR,actual_offshore_wind_generation,Wind Offshore | Actual Aggregated,2026-08-02T14:20:02Z
2026-08-02T14:18:54Z,2026-08-02T16:18:54+0200,d03952b3-6528-494b-a5a9-803d5ba4eea1,2026-07-13T01:15:00Z,2026-07-13T03:15:00+0200,1423.8,MW,FR,FR,actual_offshore_wind_generation,Wind Offshore | Actual Aggregated,2026-08-02T14:20:02Z
2026-08-02T14:18:54Z,2026-08-02T16:18:54+0200,d03952b3-6528-494b-a5a9-803d5ba4eea1,2026-07-13T01:30:00Z,2026-07-13T03:30:00+0200,1242.25,MW,FR,FR,actual_offshore_wind_generation,Wind Offshore | Actual Aggregated,2026-08-02T14:20:02Z
2026-08-02T14:18:54Z,2026-08-02T16:18:54+0200,d03952b3-6528-494b-a5a9-803d5ba4eea1,2026-07-13T01:45:00Z,2026-07-13T03:45:00+0200,1288.6,MW,FR,FR,actual_offshore_wind_generation,Wind Offshore | Actual Aggregated,2026-08-02T14:20:02Z
2026-08-02T14:18:54Z,2026-08-02T16:18:54+0200,d03952b3-6528-494b-a5a9-803d5ba4eea1,2026-07-13T02:00:00Z,2026-07-13T04:00:00+0200,1559.88,MW,FR,FR,actual_offshore_wind_generation,Wind Offshore | Actual Aggregated,2026-08-02T14:20:02Z
2026-08-02T14:18:54Z,2026-08-02T16:18:54+0200,d03952b3-6528-494b-a5a9-803d5ba4eea1,2026-07-13T02:15:00Z,2026-07-13T04:15:00+0200,1660.45,MW,FR,FR,actual_offshore_wind_generation,Wind Offshore | Actual Aggregated,2026-08-02T14:20:02Z
2026-08-02T14:18:54Z,2026-08-02T16:18:54+0200,d03952b3-6528-494b-a5a9-803d5ba4eea1,2026-07-13T02:30:00Z,2026-07-13T04:30:00+0200,1673.4,MW,FR,FR,actual_offshore_wind_generation,Wind Offshore | Actual Aggregated,2026-08-02T14:20:02Z
2026-08-02T14:18:54Z,2026-08-02T16:18:54+0200,d03952b3-6528-494b-a5a9-803d5ba4eea1,2026-07-13T02:45:00Z,2026-07-13T04:45:00+0200,1673.41,MW,FR,FR,actual_offshore_wind_generation,Wind Offshore | Actual Aggregated,2026-08-02T14:20:02Z
2026-08-02T14:18:54Z,2026-08-02T16:18:54+0200,d03952b3-6528-494b-a5a9-803d5ba4eea1,2026-07-13T03:00:00Z,2026-07-13T05:00:00+0200,1797.25,MW,FR,FR,actual_offshore_wind_generation,Wind Offshore | Actual Aggregated,2026-08-02T14:20:02Z
2026-08-02T14:18:54Z,2026-08-02T16:18:54+0200,d03952b3-6528-494b-a5a9-803d5ba4eea1,2026-07-13T03:15:00Z,2026-07-13T05:15:00+0200,1835.85,MW,FR,FR,actual_offshore_wind_generation,Wind Offshore | Actual Aggregated,2026-08-02T14:20:02Z
2026-08-02T14:18:54Z,2026-08-02T16:18:54+0200,d03952b3-6528-494b-a5a9-803d5ba4eea1,2026-07-13T03:30:00Z,2026-07-13T05:30:00+0200,1841.81,MW,FR,FR,actual_offshore_wind_generation,Wind Offshore | Actual Aggregated,2026-08-02T14:20:02Z
2026-08-02T14:18:54Z,2026-08-02T16:18:54+0200,d03952b3-6528-494b-a5a9-803d5ba4eea1,2026-07-13T03:45:00Z,2026-07-13T05:45:00+0200,1838.22,MW,FR,FR,actual_offshore_wind_generation,Wind Offshore | Actual Aggregated,2026-08-02T14:20:02Z
2026-08-02T14:18:54Z,2026-08-02T16:18:54+0200,d03952b3-6528-494b-a5a9-803d5ba4eea1,2026-07-13T04:00:00Z,2026-07-13T06:00:00+0200,1832.14,MW,FR,FR,actual_offshore_wind_generation,Wind Offshore | Actual Aggregated,2026-08-02T14:20:02Z
2026-08-02T14:18:54Z,2026-08-02T16:18:54+0200,d03952b3-6528-494b-a5a9-803d5ba4eea1,2026-07-13T04:15:00Z,2026-07-13T06:15:00+0200,1826.35,MW,FR,FR,actual_offshore_wind_generation,Wind Offshore | Actual Aggregated,2026-08-02T14:20:02Z
2026-08-02T14:18:54Z,2026-08-02T16:18:54+0200,d03952b3-6528-494b-a5a9-803d5ba4eea1,2026-07-13T04:30:00Z,2026-07-13T06:30:00+0200,1817.9,MW,FR,FR,actual_offshore_wind_generation,Wind Offshore | Actual Aggregated,2026-08-02T14:20:02Z
2026-08-02T14:18:54Z,2026-08-02T16:18:54+0200,d03952b3-6528-494b-a5a9-803d5ba4eea1,2026-07-13T04:45:00Z,2026-07-13T06:45:00+0200,1744.36,MW,FR,FR,actual_offshore_wind_generation,Wind Offshore | Actual Aggregated,2026-08-02T14:20:02Z
2026-08-02T14:18:54Z,2026-08-02T16:18:54+0200,d03952b3-6528-494b-a5a9-803d5ba4eea1,2026-07-13T05:00:00Z,2026-07-13T07:00:00+0200,1756.04,MW,FR,FR,actual_offshore_wind_generation,Wind Offshore | Actual Aggregated,2026-08-02T14:20:02Z
2026-08-02T14:18:54Z,2026-08-02T16:18:54+0200,d03952b3-6528-494b-a5a9-803d5ba4eea1,2026-07-13T05:15:00Z,2026-07-13T07:15:00+0200,1790.96,MW,FR,FR,actual_offshore_wind_generation,Wind Offshore | Actual Aggregated,2026-08-02T14:20:02Z
2026-08-02T14:18:54Z,2026-08-02T16:18:54+0200,d03952b3-6528-494b-a5a9-803d5ba4eea1,2026-07-13T05:30:00Z,2026-07-13T07:30:00+0200,1779.68,MW,FR,FR,actual_offshore_wind_generation,Wind Offshore | Actual Aggregated,2026-08-02T14:20:02Z
2026-08-02T14:18:54Z,2026-08-02T16:18:54+0200,d03952b3-6528-494b-a5a9-803d5ba4eea1,2026-07-13T05:45:00Z,2026-07-13T07:45:00+0200,1717.72,MW,FR,FR,actual_offshore_wind_generation,Wind Offshore | Actual Aggregated,2026-08-02T14:20:02Z
2026-08-02T14:18:54Z,2026-08-02T16:18:54+0200,d03952b3-6528-494b-a5a9-803d5ba4eea1,2026-07-13T06:00:00Z,2026-07-13T08:00:00+0200,1704.39,MW,FR,FR,actual_offshore_wind_generation,Wind Offshore | Actual Aggregated,2026-08-02T14:20:02Z
2026-08-02T14:18:54Z,2026-08-02T16:18:54+0200,d03952b3-6528-494b-a5a9-803d5ba4eea1,2026-07-13T06:15:00Z,2026-07-13T08:15:00+0200,1646.56,MW,FR,FR,actual_offshore_wind_generation,Wind Offshore | Actual Aggregated,2026-08-02T14:20:02Z
2026-08-02T14:18:54Z,2026-08-02T16:18:54+0200,d03952b3-6528-494b-a5a9-803d5ba4eea1,2026-07-13T06:30:00Z,2026-07-13T08:30:00+0200,1551.4,MW,FR,FR,actual_offshore_wind_generation,Wind Offshore | Actual Aggregated,2026-08-02T14:20:02Z
2026-08-02T14:18:54Z,2026-08-02T16:18:54+0200,d03952b3-6528-494b-a5a9-803d5ba4eea1,2026-07-13T06:45:00Z,2026-07-13T08:45:00+0200,1529.2,MW,FR,FR,actual_offshore_wind_generation,Wind Offshore | Actual Aggregated,2026-08-02T14:20:02Z
2026-08-02T14:18:54Z,2026-08-02T16:18:54+0200,d03952b3-6528-494b-a5a9-803d5ba4eea1,2026-07-13T07:00:00Z,2026-07-13T09:00:00+0200,1476.52,MW,FR,FR,actual_offshore_wind_generation,Wind Offshore | Actual Aggregated,2026-08-02T14:20:02Z
2026-08-02T14:18:54Z,2026-08-02T16:18:54+0200,d03952b3-6528-494b-a5a9-803d5ba4eea1,2026-07-13T07:15:00Z,2026-07-13T09:15:00+0200,1450.86,MW,FR,FR,actual_offshore_wind_generation,Wind Offshore | Actual Aggregated,2026-08-02T14:20:02Z
2026-08-02T14:18:54Z,2026-08-02T16:18:54+0200,d03952b3-6528-494b-a5a9-803d5ba4eea1,2026-07-13T07:30:00Z,2026-07-13T09:30:00+0200,1471.26,MW,FR,FR,actual_offshore_wind_generation,Wind Offshore | Actual Aggregated,2026-08-02T14:20:02Z
2026-08-02T14:18:54Z,2026-08-02T16:18:54+0200,d03952b3-6528-494b-a5a9-803d5ba4eea1,2026-07-13T07:45:00Z,2026-07-13T09:45:00+0200,1482.27,MW,FR,FR,actual_offshore_wind_generation,Wind Offshore | Actual Aggregated,2026-08-02T14:20:02Z
2026-08-02T14:18:54Z,2026-08-02T16:18:54+0200,d03952b3-6528-494b-a5a9-803d5ba4eea1,2026-07-13T08:00:00Z,2026-07-13T10:00:00+0200,1636.71,MW,FR,FR,actual_offshore_wind_generation,Wind Offshore | Actual Aggregated,2026-08-02T14:20:02Z
2026-08-02T14:18:54Z,2026-08-02T16:18:54+0200,d03952b3-6528-494b-a5a9-803d5ba4eea1,2026-07-13T08:15:00Z,2026-07-13T10:15:00+0200,1710.73,MW,FR,FR,actual_offshore_wind_generation,Wind Offshore | Actual Aggregated,2026-08-02T14:20:02Z
2026-08-02T14:18:54Z,2026-08-02T16:18:54+0200,d03952b3-6528-494b-a5a9-803d5ba4eea1,2026-07-13T08:30:00Z,2026-07-13T10:30:00+0200,1638.14,MW,FR,FR,actual_offshore_wind_generation,Wind Offshore | Actual Aggregated,2026-08-02T14:20:02Z
2026-08-02T14:18:54Z,2026-08-02T16:18:54+0200,d03952b3-6528-494b-a5a9-803d5ba4eea1,2026-07-13T08:45:00Z,2026-07-13T10:45:00+0200,1616.93,MW,FR,FR,actual_offshore_wind_generation,Wind Offshore | Actual Aggregated,2026-08-02T14:20:02Z
2026-08-02T14:18:54Z,2026-08-02T16:18:54+0200,d03952b3-6528-494b-a5a9-803d5ba4eea1,2026-07-13T09:00:00Z,2026-07-13T11:00:00+0200,1556.14,MW,FR,FR,actual_offshore_wind_generation,Wind Offshore | Actual Aggregated,2026-08-02T14:20:02Z
2026-08-02T14:18:54Z,2026-08-02T16:18:54+0200,d03952b3-6528-494b-a5a9-803d5ba4eea1,2026-07-13T09:15:00Z,2026-07-13T11:15:00+0200,1451.04,MW,FR,FR,actual_offshore_wind_generation,Wind Offshore | Actual Aggregated,2026-08-02T14:20:02Z
2026-08-02T14:18:54Z,2026-08-02T16:18:54+0200,d03952b3-6528-494b-a5a9-803d5ba4eea1,2026-07-13T09:30:00Z,2026-07-13T11:30:00+0200,1345.78,MW,FR,FR,actual_offshore_wind_generation,Wind Offshore | Actual Aggregated,2026-08-02T14:20:02Z
2026-08-02T14:18:54Z,2026-08-02T16:18:54+0200,d03952b3-6528-494b-a5a9-803d5ba4eea1,2026-07-13T09:45:00Z,2026-07-13T11:45:00+0200,1296.42,MW,FR,FR,actual_offshore_wind_generation,Wind Offshore | Actual Aggregated,2026-08-02T14:20:02Z
2026-08-02T14:18:54Z,2026-08-02T16:18:54+0200,d03952b3-6528-494b-a5a9-803d5ba4eea1,2026-07-13T10:00:00Z,2026-07-13T12:00:00+0200,1225.58,MW,FR,FR,actual_offshore_wind_generation,Wind Offshore | Actual Aggregated,2026-08-02T14:20:02Z
2026-08-02T14:18:54Z,2026-08-02T16:18:54+0200,d03952b3-6528-494b-a5a9-803d5ba4eea1,2026-07-13T10:15:00Z,2026-07-13T12:15:00+0200,1139.95,MW,FR,FR,actual_offshore_wind_generation,Wind Offshore | Actual Aggregated,2026-08-02T14:20:02Z
2026-08-02T14:18:54Z,2026-08-02T16:18:54+0200,d03952b3-6528-494b-a5a9-803d5ba4eea1,2026-07-13T10:30:00Z,2026-07-13T12:30:00+0200,1116.84,MW,FR,FR,actual_offshore_wind_generation,Wind Offshore | Actual Aggregated,2026-08-02T14:20:02Z
2026-08-02T14:18:54Z,2026-08-02T16:18:54+0200,d03952b3-6528-494b-a5a9-803d5ba4eea1,2026-07-13T10:45:00Z,2026-07-13T12:45:00+0200,1340.64,MW,FR,FR,actual_offshore_wind_generation,Wind Offshore | Actual Aggregated,2026-08-02T14:20:02Z
2026-08-02T14:18:54Z,2026-08-02T16:18:54+0200,d03952b3-6528-494b-a5a9-803d5ba4eea1,2026-07-13T11:00:00Z,2026-07-13T13:00:00+0200,1426.07,MW,FR,FR,actual_offshore_wind_generation,Wind Offshore | Actual Aggregated,2026-08-02T14:20:02Z
2026-08-02T14:18:54Z,2026-08-02T16:18:54+0200,d03952b3-6528-494b-a5a9-803d5ba4eea1,2026-07-13T11:15:00Z,2026-07-13T13:15:00+0200,1359.5,MW,FR,FR,actual_offshore_wind_generation,Wind Offshore | Actual Aggregated,2026-08-02T14:20:02Z
2026-08-02T14:18:54Z,2026-08-02T16:18:54+0200,d03952b3-6528-494b-a5a9-803d5ba4eea1,2026-07-13T11:30:00Z,2026-07-13T13:30:00+0200,1244.84,MW,FR,FR,actual_offshore_wind_generation,Wind Offshore | Actual Aggregated,2026-08-02T14:20:02Z
2026-08-02T14:18:54Z,2026-08-02T16:18:54+0200,d03952b3-6528-494b-a5a9-803d5ba4eea1,2026-07-13T11:45:00Z,2026-07-13T13:45:00+0200,1074.4,MW,FR,FR,actual_offshore_wind_generation,Wind Offshore | Actual Aggregated,2026-08-02T14:20:02Z
2026-08-02T14:18:54Z,2026-08-02T16:18:54+0200,d03952b3-6528-494b-a5a9-803d5ba4eea1,2026-07-13T12:00:00Z,2026-07-13T14:00:00+0200,669.2,MW,FR,FR,actual_offshore_wind_generation,Wind Offshore | Actual Aggregated,2026-08-02T14:20:02Z
2026-08-02T14:18:54Z,2026-08-02T16:18:54+0200,d03952b3-6528-494b-a5a9-803d5ba4eea1,2026-07-13T12:15:00Z,2026-07-13T14:15:00+0200,666.03,MW,FR,FR,actual_offshore_wind_generation,Wind Offshore | Actual Aggregated,2026-08-02T14:20:02Z
2026-08-02T14:18:54Z,2026-08-02T16:18:54+0200,d03952b3-6528-494b-a5a9-803d5ba4eea1,2026-07-13T12:30:00Z,2026-07-13T14:30:00+0200,695.56,MW,FR,FR,actual_offshore_wind_generation,Wind Offshore | Actual Aggregated,2026-08-02T14:20:02Z
2026-08-02T14:18:54Z,2026-08-02T16:18:54+0200,d03952b3-6528-494b-a5a9-803d5ba4eea1,2026-07-13T12:45:00Z,2026-07-13T14:45:00+0200,709.51,MW,FR,FR,actual_offshore_wind_generation,Wind Offshore | Actual Aggregated,2026-08-02T14:20:02Z
2026-08-02T14:18:54Z,2026-08-02T16:18:54+0200,d03952b3-6528-494b-a5a9-803d5ba4eea1,2026-07-13T13:00:00Z,2026-07-13T15:00:00+0200,719.16,MW,FR,FR,actual_offshore_wind_generation,Wind Offshore | Actual Aggregated,2026-08-02T14:20:02Z
2026-08-02T14:18:54Z,2026-08-02T16:18:54+0200,d03952b3-6528-494b-a5a9-803d5ba4eea1,2026-07-13T13:15:00Z,2026-07-13T15:15:00+0200,756.34,MW,FR,FR,actual_offshore_wind_generation,Wind Offshore | Actual Aggregated,2026-08-02T14:20:02Z
2026-08-02T14:18:54Z,2026-08-02T16:18:54+0200,d03952b3-6528-494b-a5a9-803d5ba4eea1,2026-07-13T13:30:00Z,2026-07-13T15:30:00+0200,779.52,MW,FR,FR,actual_offshore_wind_generation,Wind Offshore | Actual Aggregated,2026-08-02T14:20:02Z
2026-08-02T14:18:54Z,2026-08-02T16:18:54+0200,d03952b3-6528-494b-a5a9-803d5ba4eea1,2026-07-13T13:45:00Z,2026-07-13T15:45:00+0200,823.27,MW,FR,FR,actual_offshore_wind_generation,Wind Offshore | Actual Aggregated,2026-08-02T14:20:02Z
2026-08-02T14:18:54Z,2026-08-02T16:18:54+0200,d03952b3-6528-494b-a5a9-803d5ba4eea1,2026-07-13T14:00:00Z,2026-07-13T16:00:00+0200,1282.23,MW,FR,FR,actual_offshore_wind_generation,Wind Offshore | Actual Aggregated,2026-08-02T14:20:02Z
2026-08-02T14:18:54Z,2026-08-02T16:18:54+0200,d03952b3-6528-494b-a5a9-803d5ba4eea1,2026-07-13T14:15:00Z,2026-07-13T16:15:00+0200,1316.44,MW,FR,FR,actual_offshore_wind_generation,Wind Offshore | Actual Aggregated,2026-08-02T14:20:02Z
2026-08-02T14:18:54Z,2026-08-02T16:18:54+0200,d03952b3-6528-494b-a5a9-803d5ba4eea1,2026-07-13T14:30:00Z,2026-07-13T16:30:00+0200,1348.26,MW,FR,FR,actual_offshore_wind_generation,Wind Offshore | Actual Aggregated,2026-08-02T14:20:02Z
2026-08-02T14:18:54Z,2026-08-02T16:18:54+0200,d03952b3-6528-494b-a5a9-803d5ba4eea1,2026-07-13T14:45:00Z,2026-07-13T16:45:00+0200,1349.35,MW,FR,FR,actual_offshore_wind_generation,Wind Offshore | Actual Aggregated,2026-08-02T14:20:02Z
2026-08-02T14:18:54Z,2026-08-02T16:18:54+0200,d03952b3-6528-494b-a5a9-803d5ba4eea1,2026-07-13T15:00:00Z,2026-07-13T17:00:00+0200,1360.32,MW,FR,FR,actual_offshore_wind_generation,Wind Offshore | Actual Aggregated,2026-08-02T14:20:02Z
2026-08-02T14:18:54Z,2026-08-02T16:18:54+0200,d03952b3-6528-494b-a5a9-803d5ba4eea1,2026-07-13T15:15:00Z,2026-07-13T17:15:00+0200,1360.43,MW,FR,FR,actual_offshore_wind_generation,Wind Offshore | Actual Aggregated,2026-08-02T14:20:02Z
2026-08-02T14:18:54Z,2026-08-02T16:18:54+0200,d03952b3-6528-494b-a5a9-803d5ba4eea1,2026-07-13T15:30:00Z,2026-07-13T17:30:00+0200,1334.38,MW,FR,FR,actual_offshore_wind_generation,Wind Offshore | Actual Aggregated,2026-08-02T14:20:02Z
2026-08-02T14:18:54Z,2026-08-02T16:18:54+0200,d03952b3-6528-494b-a5a9-803d5ba4eea1,2026-07-13T15:45:00Z,2026-07-13T17:45:00+0200,1221.5,MW,FR,FR,actual_offshore_wind_generation,Wind Offshore | Actual Aggregated,2026-08-02T14:20:02Z
2026-08-02T14:18:54Z,2026-08-02T16:18:54+0200,d03952b3-6528-494b-a5a9-803d5ba4eea1,2026-07-13T16:00:00Z,2026-07-13T18:00:00+0200,1079.04,MW,FR,FR,actual_offshore_wind_generation,Wind Offshore | Actual Aggregated,2026-08-02T14:20:02Z
2026-08-02T14:18:54Z,2026-08-02T16:18:54+0200,d03952b3-6528-494b-a5a9-803d5ba4eea1,2026-07-13T16:15:00Z,2026-07-13T18:15:00+0200,1042.76,MW,FR,FR,actual_offshore_wind_generation,Wind Offshore | Actual Aggregated,2026-08-02T14:20:02Z
2026-08-02T14:18:54Z,2026-08-02T16:18:54+0200,d03952b3-6528-494b-a5a9-803d5ba4eea1,2026-07-13T16:30:00Z,2026-07-13T18:30:00+0200,1057.65,MW,FR,FR,actual_offshore_wind_generation,Wind Offshore | Actual Aggregated,2026-08-02T14:20:02Z
2026-08-02T14:18:54Z,2026-08-02T16:18:54+0200,d03952b3-6528-494b-a5a9-803d5ba4eea1,2026-07-13T16:45:00Z,2026-07-13T18:45:00+0200,1058.81,MW,FR,FR,actual_offshore_wind_generation,Wind Offshore | Actual Aggregated,2026-08-02T14:20:02Z
2026-08-02T14:18:54Z,2026-08-02T16:18:54+0200,d03952b3-6528-494b-a5a9-803d5ba4eea1,2026-07-13T17:00:00Z,2026-07-13T19:00:00+0200,1075.57,MW,FR,FR,actual_offshore_wind_generation,Wind Offshore | Actual Aggregated,2026-08-02T14:20:02Z
2026-08-02T14:18:54Z,2026-08-02T16:18:54+0200,d03952b3-6528-494b-a5a9-803d5ba4eea1,2026-07-13T17:15:00Z,2026-07-13T19:15:00+0200,1185.34,MW,FR,FR,actual_offshore_wind_generation,Wind Offshore | Actual Aggregated,2026-08-02T14:20:02Z
2026-08-02T14:18:54Z,2026-08-02T16:18:54+0200,d03952b3-6528-494b-a5a9-803d5ba4eea1,2026-07-13T17:30:00Z,2026-07-13T19:30:00+0200,1282.25,MW,FR,FR,actual_offshore_wind_generation,Wind Offshore | Actual Aggregated,2026-08-02T14:20:02Z
2026-08-02T14:18:54Z,2026-08-02T16:18:54+0200,d03952b3-6528-494b-a5a9-803d5ba4eea1,2026-07-13T17:45:00Z,2026-07-13T19:45:00+0200,1317.3,MW,FR,FR,actual_offshore_wind_generation,Wind Offshore | Actual Aggregated,2026-08-02T14:20:02Z
2026-08-02T14:18:54Z,2026-08-02T16:18:54+0200,d03952b3-6528-494b-a5a9-803d5ba4eea1,2026-07-13T18:00:00Z,2026-07-13T20:00:00+0200,1360.73,MW,FR,FR,actual_offshore_wind_generation,Wind Offshore | Actual Aggregated,2026-08-02T14:20:02Z
2026-08-02T14:18:54Z,2026-08-02T16:18:54+0200,d03952b3-6528-494b-a5a9-803d5ba4eea1,2026-07-13T18:15:00Z,2026-07-13T20:15:00+0200,1399.74,MW,FR,FR,actual_offshore_wind_generation,Wind Offshore | Actual Aggregated,2026-08-02T14:20:02Z
2026-08-02T14:18:54Z,2026-08-02T16:18:54+0200,d03952b3-6528-494b-a5a9-803d5ba4eea1,2026-07-13T18:30:00Z,2026-07-13T20:30:00+0200,1429.75,MW,FR,FR,actual_offshore_wind_generation,Wind Offshore | Actual Aggregated,2026-08-02T14:20:02Z
2026-08-02T14:18:54Z,2026-08-02T16:18:54+0200,d03952b3-6528-494b-a5a9-803d5ba4eea1,2026-07-13T18:45:00Z,2026-07-13T20:45:00+0200,1416.05,MW,FR,FR,actual_offshore_wind_generation,Wind Offshore | Actual Aggregated,2026-08-02T14:20:02Z
2026-08-02T14:18:54Z,2026-08-02T16:18:54+0200,d03952b3-6528-494b-a5a9-803d5ba4eea1,2026-07-13T19:00:00Z,2026-07-13T21:00:00+0200,1361.45,MW,FR,FR,actual_offshore_wind_generation,Wind Offshore | Actual Aggregated,2026-08-02T14:20:02Z
2026-08-02T14:18:54Z,2026-08-02T16:18:54+0200,d03952b3-6528-494b-a5a9-803d5ba4eea1,2026-07-13T19:15:00Z,2026-07-13T21:15:00+0200,1291.83,MW,FR,FR,actual_offshore_wind_generation,Wind Offshore | Actual Aggregated,2026-08-02T14:20:02Z
2026-08-02T14:18:54Z,2026-08-02T16:18:54+0200,d03952b3-6528-494b-a5a9-803d5ba4eea1,2026-07-13T19:30:00Z,2026-07-13T21:30:00+0200,1282.7,MW,FR,FR,actual_offshore_wind_generation,Wind Offshore | Actual Aggregated,2026-08-02T14:20:02Z
2026-08-02T14:18:54Z,2026-08-02T16:18:54+0200,d03952b3-6528-494b-a5a9-803d5ba4eea1,2026-07-13T19:45:00Z,2026-07-13T21:45:00+0200,1302.38,MW,FR,FR,actual_offshore_wind_generation,Wind Offshore | Actual Aggregated,2026-08-02T14:20:02Z
2026-08-02T14:18:54Z,2026-08-02T16:18:54+0200,d03952b3-6528-494b-a5a9-803d5ba4eea1,2026-07-13T20:00:00Z,2026-07-13T22:00:00+0200,1321.5,MW,FR,FR,actual_offshore_wind_generation,Wind Offshore | Actual Aggregated,2026-08-02T14:20:02Z
2026-08-02T14:18:54Z,2026-08-02T16:18:54+0200,d03952b3-6528-494b-a5a9-803d5ba4eea1,2026-07-13T20:15:00Z,2026-07-13T22:15:00+0200,1352.59,MW,FR,FR,actual_offshore_wind_generation,Wind Offshore | Actual Aggregated,2026-08-02T14:20:02Z
2026-08-02T14:18:54Z,2026-08-02T16:18:54+0200,d03952b3-6528-494b-a5a9-803d5ba4eea1,2026-07-13T20:30:00Z,2026-07-13T22:30:00+0200,1348.52,MW,FR,FR,actual_offshore_wind_generation,Wind Offshore | Actual Aggregated,2026-08-02T14:20:02Z
2026-08-02T14:18:54Z,2026-08-02T16:18:54+0200,d03952b3-6528-494b-a5a9-803d5ba4eea1,2026-07-13T20:45:00Z,2026-07-13T22:45:00+0200,1353.69,MW,FR,FR,actual_offshore_wind_generation,Wind Offshore | Actual Aggregated,2026-08-02T14:20:02Z
2026-08-02T14:18:54Z,2026-08-02T16:18:54+0200,d03952b3-6528-494b-a5a9-803d5ba4eea1,2026-07-13T21:00:00Z,2026-07-13T23:00:00+0200,1384.21,MW,FR,FR,actual_offshore_wind_generation,Wind Offshore | Actual Aggregated,2026-08-02T14:20:02Z
2026-08-02T14:18:54Z,2026-08-02T16:18:54+0200,d03952b3-6528-494b-a5a9-803d5ba4eea1,2026-07-13T21:15:00Z,2026-07-13T23:15:00+0200,1347.23,MW,FR,FR,actual_offshore_wind_generation,Wind Offshore | Actual Aggregated,2026-08-02T14:20:02Z
2026-08-02T14:18:54Z,2026-08-02T16:18:54+0200,d03952b3-6528-494b-a5a9-803d5ba4eea1,2026-07-13T21:30:00Z,2026-07-13T23:30:00+0200,1285.08,MW,FR,FR,actual_offshore_wind_generation,Wind Offshore | Actual Aggregated,2026-08-02T14:20:02Z
2026-08-02T14:18:54Z,2026-08-02T16:18:54+0200,d03952b3-6528-494b-a5a9-803d5ba4eea1,2026-07-13T21:45:00Z,2026-07-13T23:45:00+0200,1290.94,MW,FR,FR,actual_offshore_wind_generation,Wind Offshore | Actual Aggregated,2026-08-02T14:20:02Z
2026-08-02T14:18:54Z,2026-08-02T16:18:54+0200,d03952b3-6528-494b-a5a9-803d5ba4eea1,2026-07-13T22:00:00Z,2026-07-14T00:00:00+0200,1274.63,MW,FR,FR,actual_offshore_wind_generation,Wind Offshore | Actual Aggregated,2026-08-02T14:20:02Z
2026-08-02T14:18:54Z,2026-08-02T16:18:54+0200,d03952b3-6528-494b-a5a9-803d5ba4eea1,2026-07-13T22:15:00Z,2026-07-14T00:15:00+0200,1249.61,MW,FR,FR,actual_offshore_wind_generation,Wind Offshore | Actual Aggregated,2026-08-02T14:20:02Z
2026-08-02T14:18:54Z,2026-08-02T16:18:54+0200,d03952b3-6528-494b-a5a9-803d5ba4eea1,2026-07-13T22:30:00Z,2026-07-14T00:30:00+0200,1163.5,MW,FR,FR,actual_offshore_wind_generation,Wind Offshore | Actual Aggregated,2026-08-02T14:20:02Z
2026-08-02T14:18:54Z,2026-08-02T16:18:54+0200,d03952b3-6528-494b-a5a9-803d5ba4eea1,2026-07-13T22:45:00Z,2026-07-14T00:45:00+0200,1115.24,MW,FR,FR,actual_offshore_wind_generation,Wind Offshore | Actual Aggregated,2026-08-02T14:20:02Z
2026-08-02T14:18:54Z,2026-08-02T16:18:54+0200,d03952b3-6528-494b-a5a9-803d5ba4eea1,2026-07-13T23:00:00Z,2026-07-14T01:00:00+0200,1091.16,MW,FR,FR,actual_offshore_wind_generation,Wind Offshore | Actual Aggregated,2026-08-02T14:20:02Z
2026-08-02T14:18:54Z,2026-08-02T16:18:54+0200,d03952b3-6528-494b-a5a9-803d5ba4eea1,2026-07-13T23:15:00Z,2026-07-14T01:15:00+0200,1157.46,MW,FR,FR,actual_offshore_wind_generation,Wind Offshore | Actual Aggregated,2026-08-02T14:20:02Z
2026-08-02T14:18:54Z,2026-08-02T16:18:54+0200,d03952b3-6528-494b-a5a9-803d5ba4eea1,2026-07-13T23:30:00Z,2026-07-14T01:30:00+0200,1141.58,MW,FR,FR,actual_offshore_wind_generation,Wind Offshore | Actual Aggregated,2026-08-02T14:20:02Z
2026-08-02T14:18:54Z,2026-08-02T16:18:54+0200,d03952b3-6528-494b-a5a9-803d5ba4eea1,2026-07-13T23:45:00Z,2026-07-14T01:45:00+0200,1067.79,MW,FR,FR,actual_offshore_wind_generation,Wind Offshore | Actual Aggregated,2026-08-02T14:20:02Z
2026-08-02T14:18:54Z,2026-08-02T16:18:54+0200,d03952b3-6528-494b-a5a9-803d5ba4eea1,2026-07-14T00:00:00Z,2026-07-14T02:00:00+0200,1006.13,MW,FR,FR,actual_offshore_wind_generation,Wind Offshore | Actual Aggregated,2026-08-02T14:20:02Z
2026-08-02T14:18:54Z,2026-08-02T16:18:54+0200,d03952b3-6528-494b-a5a9-803d5ba4eea1,2026-07-14T00:15:00Z,2026-07-14T02:15:00+0200,989.37,MW,FR,FR,actual_offshore_wind_generation,Wind Offshore | Actual Aggregated,2026-08-02T14:20:02Z
2026-08-02T14:18:54Z,2026-08-02T16:18:54+0200,d03952b3-6528-494b-a5a9-803d5ba4eea1,2026-07-14T00:30:00Z,2026-07-14T02:30:00+0200,974.81,MW,FR,FR,actual_offshore_wind_generation,Wind Offshore | Actual Aggregated,2026-08-02T14:20:02Z
2026-08-02T14:18:54Z,2026-08-02T16:18:54+0200,d03952b3-6528-494b-a5a9-803d5ba4eea1,2026-07-14T00:45:00Z,2026-07-14T02:45:00+0200,1008.7,MW,FR,FR,actual_offshore_wind_generation,Wind Offshore | Actual Aggregated,2026-08-02T14:20:02Z
2026-08-02T14:18:54Z,2026-08-02T16:18:54+0200,d03952b3-6528-494b-a5a9-803d5ba4eea1,2026-07-14T01:00:00Z,2026-07-14T03:00:00+0200,1059.44,MW,FR,FR,actual_offshore_wind_generation,Wind Offshore | Actual Aggregated,2026-08-02T14:20:02Z
2026-08-02T14:18:54Z,2026-08-02T16:18:54+0200,d03952b3-6528-494b-a5a9-803d5ba4eea1,2026-07-14T01:15:00Z,2026-07-14T03:15:00+0200,1109.65,MW,FR,FR,actual_offshore_wind_generation,Wind Offshore | Actual Aggregated,2026-08-02T14:20:02Z
2026-08-02T14:18:54Z,2026-08-02T16:18:54+0200,d03952b3-6528-494b-a5a9-803d5ba4eea1,2026-07-14T01:30:00Z,2026-07-14T03:30:00+0200,1131.69,MW,FR,FR,actual_offshore_wind_generation,Wind Offshore | Actual Aggregated,2026-08-02T14:20:02Z
2026-08-02T14:18:54Z,2026-08-02T16:18:54+0200,d03952b3-6528-494b-a5a9-803d5ba4eea1,2026-07-14T01:45:00Z,2026-07-14T03:45:00+0200,1103.77,MW,FR,FR,actual_offshore_wind_generation,Wind Offshore | Actual Aggregated,2026-08-02T14:20:02Z
2026-08-02T14:18:54Z,2026-08-02T16:18:54+0200,d03952b3-6528-494b-a5a9-803d5ba4eea1,2026-07-14T02:00:00Z,2026-07-14T04:00:00+0200,1053.41,MW,FR,FR,actual_offshore_wind_generation,Wind Offshore | Actual Aggregated,2026-08-02T14:20:02Z
2026-08-02T14:18:54Z,2026-08-02T16:18:54+0200,d03952b3-6528-494b-a5a9-803d5ba4eea1,2026-07-14T02:15:00Z,2026-07-14T04:15:00+0200,988.22,MW,FR,FR,actual_offshore_wind_generation,Wind Offshore | Actual Aggregated,2026-08-02T14:20:02Z
2026-08-02T14:18:54Z,2026-08-02T16:18:54+0200,d03952b3-6528-494b-a5a9-803d5ba4eea1,2026-07-14T02:30:00Z,2026-07-14T04:30:00+0200,956.44,MW,FR,FR,actual_offshore_wind_generation,Wind Offshore | Actual Aggregated,2026-08-02T14:20:02Z
2026-08-02T14:18:54Z,2026-08-02T16:18:54+0200,d03952b3-6528-494b-a5a9-803d5ba4eea1,2026-07-14T02:45:00Z,2026-07-14T04:45:00+0200,963.55,MW,FR,FR,actual_offshore_wind_generation,Wind Offshore | Actual Aggregated,2026-08-02T14:20:02Z
2026-08-02T14:18:54Z,2026-08-02T16:18:54+0200,d03952b3-6528-494b-a5a9-803d5ba4eea1,2026-07-14T03:00:00Z,2026-07-14T05:00:00+0200,922.07,MW,FR,FR,actual_offshore_wind_generation,Wind Offshore | Actual Aggregated,2026-08-02T14:20:02Z
2026-08-02T14:18:54Z,2026-08-02T16:18:54+0200,d03952b3-6528-494b-a5a9-803d5ba4eea1,2026-07-14T03:15:00Z,2026-07-14T05:15:00+0200,895.44,MW,FR,FR,actual_offshore_wind_generation,Wind Offshore | Actual Aggregated,2026-08-02T14:20:02Z
2026-08-02T14:18:54Z,2026-08-02T16:18:54+0200,d03952b3-6528-494b-a5a9-803d5ba4eea1,2026-07-14T03:30:00Z,2026-07-14T05:30:00+0200,864.65,MW,FR,FR,actual_offshore_wind_generation,Wind Offshore | Actual Aggregated,2026-08-02T14:20:02Z
2026-08-02T14:18:54Z,2026-08-02T16:18:54+0200,d03952b3-6528-494b-a5a9-803d5ba4eea1,2026-07-14T03:45:00Z,2026-07-14T05:45:00+0200,839.5,MW,FR,FR,actual_offshore_wind_generation,Wind Offshore | Actual Aggregated,2026-08-02T14:20:02Z
2026-08-02T14:18:54Z,2026-08-02T16:18:54+0200,d03952b3-6528-494b-a5a9-803d5ba4eea1,2026-07-14T04:00:00Z,2026-07-14T06:00:00+0200,850.9,MW,FR,FR,actual_offshore_wind_generation,Wind Offshore | Actual Aggregated,2026-08-02T14:20:02Z
2026-08-02T14:18:54Z,2026-08-02T16:18:54+0200,d03952b3-6528-494b-a5a9-803d5ba4eea1,2026-07-14T04:15:00Z,2026-07-14T06:15:00+0200,856.77,MW,FR,FR,actual_offshore_wind_generation,Wind Offshore | Actual Aggregated,2026-08-02T14:20:02Z
2026-08-02T14:18:54Z,2026-08-02T16:18:54+0200,d03952b3-6528-494b-a5a9-803d5ba4eea1,2026-07-14T04:30:00Z,2026-07-14T06:30:00+0200,842.79,MW,FR,FR,actual_offshore_wind_generation,Wind Offshore | Actual Aggregated,2026-08-02T14:20:02Z
2026-08-02T14:18:54Z,2026-08-02T16:18:54+0200,d03952b3-6528-494b-a5a9-803d5ba4eea1,2026-07-14T04:45:00Z,2026-07-14T06:45:00+0200,837.27,MW,FR,FR,actual_offshore_wind_generation,Wind Offshore | Actual Aggregated,2026-08-02T14:20:02Z
2026-08-02T14:18:54Z,2026-08-02T16:18:54+0200,d03952b3-6528-494b-a5a9-803d5ba4eea1,2026-07-14T05:00:00Z,2026-07-14T07:00:00+0200,847.69,MW,FR,FR,actual_offshore_wind_generation,Wind Offshore | Actual Aggregated,2026-08-02T14:20:02Z
2026-08-02T14:18:54Z,2026-08-02T16:18:54+0200,d03952b3-6528-494b-a5a9-803d5ba4eea1,2026-07-14T05:15:00Z,2026-07-14T07:15:00+0200,829.72,MW,FR,FR,actual_offshore_wind_generation,Wind Offshore | Actual Aggregated,2026-08-02T14:20:02Z
2026-08-02T14:18:54Z,2026-08-02T16:18:54+0200,d03952b3-6528-494b-a5a9-803d5ba4eea1,2026-07-14T05:30:00Z,2026-07-14T07:30:00+0200,804.05,MW,FR,FR,actual_offshore_wind_generation,Wind Offshore | Actual Aggregated,2026-08-02T14:20:02Z
2026-08-02T14:18:54Z,2026-08-02T16:18:54+0200,d03952b3-6528-494b-a5a9-803d5ba4eea1,2026-07-14T05:45:00Z,2026-07-14T07:45:00+0200,776.77,MW,FR,FR,actual_offshore_wind_generation,Wind Offshore | Actual Aggregated,2026-08-02T14:20:02Z
2026-08-02T14:18:54Z,2026-08-02T16:18:54+0200,d03952b3-6528-494b-a5a9-803d5ba4eea1,2026-07-14T06:00:00Z,2026-07-14T08:00:00+0200,740.97,MW,FR,FR,actual_offshore_wind_generation,Wind Offshore | Actual Aggregated,2026-08-02T14:20:02Z
2026-08-02T14:18:54Z,2026-08-02T16:18:54+0200,d03952b3-6528-494b-a5a9-803d5ba4eea1,2026-07-14T06:15:00Z,2026-07-14T08:15:00+0200,728.01,MW,FR,FR,actual_offshore_wind_generation,Wind Offshore | Actual Aggregated,2026-08-02T14:20:02Z
2026-08-02T14:18:54Z,2026-08-02T16:18:54+0200,d03952b3-6528-494b-a5a9-803d5ba4eea1,2026-07-14T06:30:00Z,2026-07-14T08:30:00+0200,738.87,MW,FR,FR,actual_offshore_wind_generation,Wind Offshore | Actual Aggregated,2026-08-02T14:20:02Z
2026-08-02T14:18:54Z,2026-08-02T16:18:54+0200,d03952b3-6528-494b-a5a9-803d5ba4eea1,2026-07-14T06:45:00Z,2026-07-14T08:45:00+0200,751.45,MW,FR,FR,actual_offshore_wind_generation,Wind Offshore | Actual Aggregated,2026-08-02T14:20:02Z
2026-08-02T14:18:54Z,2026-08-02T16:18:54+0200,d03952b3-6528-494b-a5a9-803d5ba4eea1,2026-07-14T07:00:00Z,2026-07-14T09:00:00+0200,763.72,MW,FR,FR,actual_offshore_wind_generation,Wind Offshore | Actual Aggregated,2026-08-02T14:20:02Z
2026-08-02T14:18:54Z,2026-08-02T16:18:54+0200,d03952b3-6528-494b-a5a9-803d5ba4eea1,2026-07-14T07:15:00Z,2026-07-14T09:15:00+0200,759.17,MW,FR,FR,actual_offshore_wind_generation,Wind Offshore | Actual Aggregated,2026-08-02T14:20:02Z
2026-08-02T14:18:54Z,2026-08-02T16:18:54+0200,d03952b3-6528-494b-a5a9-803d5ba4eea1,2026-07-14T07:30:00Z,2026-07-14T09:30:00+0200,750.31,MW,FR,FR,actual_offshore_wind_generation,Wind Offshore | Actual Aggregated,2026-08-02T14:20:02Z
2026-08-02T14:18:54Z,2026-08-02T16:18:54+0200,d03952b3-6528-494b-a5a9-803d5ba4eea1,2026-07-14T07:45:00Z,2026-07-14T09:45:00+0200,763.03,MW,FR,FR,actual_offshore_wind_generation,Wind Offshore | Actual Aggregated,2026-08-02T14:20:02Z
2026-08-02T14:18:54Z,2026-08-02T16:18:54+0200,d03952b3-6528-494b-a5a9-803d5ba4eea1,2026-07-14T08:00:00Z,2026-07-14T10:00:00+0200,778.03,MW,FR,FR,actual_offshore_wind_generation,Wind Offshore | Actual Aggregated,2026-08-02T14:20:02Z
2026-08-02T14:18:54Z,2026-08-02T16:18:54+0200,d03952b3-6528-494b-a5a9-803d5ba4eea1,2026-07-14T08:15:00Z,2026-07-14T10:15:00+0200,830.02,MW,FR,FR,actual_offshore_wind_generation,Wind Offshore | Actual Aggregated,2026-08-02T14:20:02Z
2026-08-02T14:18:54Z,2026-08-02T16:18:54+0200,d03952b3-6528-494b-a5a9-803d5ba4eea1,2026-07-14T08:30:00Z,2026-07-14T10:30:00+0200,853.82,MW,FR,FR,actual_offshore_wind_generation,Wind Offshore | Actual Aggregated,2026-08-02T14:20:02Z
2026-08-02T14:18:54Z,2026-08-02T16:18:54+0200,d03952b3-6528-494b-a5a9-803d5ba4eea1,2026-07-14T08:45:00Z,2026-07-14T10:45:00+0200,841.36,MW,FR,FR,actual_offshore_wind_generation,Wind Offshore | Actual Aggregated,2026-08-02T14:20:02Z
2026-08-02T14:18:54Z,2026-08-02T16:18:54+0200,d03952b3-6528-494b-a5a9-803d5ba4eea1,2026-07-14T09:00:00Z,2026-07-14T11:00:00+0200,829.92,MW,FR,FR,actual_offshore_wind_generation,Wind Offshore | Actual Aggregated,2026-08-02T14:20:02Z
2026-08-02T14:18:54Z,2026-08-02T16:18:54+0200,d03952b3-6528-494b-a5a9-803d5ba4eea1,2026-07-14T09:15:00Z,2026-07-14T11:15:00+0200,828.9,MW,FR,FR,actual_offshore_wind_generation,Wind Offshore | Actual Aggregated,2026-08-02T14:20:02Z
2026-08-02T14:18:54Z,2026-08-02T16:18:54+0200,d03952b3-6528-494b-a5a9-803d5ba4eea1,2026-07-14T09:30:00Z,2026-07-14T11:30:00+0200,822.44,MW,FR,FR,actual_offshore_wind_generation,Wind Offshore | Actual Aggregated,2026-08-02T14:20:02Z
2026-08-02T14:18:54Z,2026-08-02T16:18:54+0200,d03952b3-6528-494b-a5a9-803d5ba4eea1,2026-07-14T09:45:00Z,2026-07-14T11:45:00+0200,831.84,MW,FR,FR,actual_offshore_wind_generation,Wind Offshore | Actual Aggregated,2026-08-02T14:20:02Z
2026-08-02T14:18:54Z,2026-08-02T16:18:54+0200,d03952b3-6528-494b-a5a9-803d5ba4eea1,2026-07-14T10:00:00Z,2026-07-14T12:00:00+0200,811.08,MW,FR,FR,actual_offshore_wind_generation,Wind Offshore | Actual Aggregated,2026-08-02T14:20:02Z
2026-08-02T14:18:54Z,2026-08-02T16:18:54+0200,d03952b3-6528-494b-a5a9-803d5ba4eea1,2026-07-14T10:15:00Z,2026-07-14T12:15:00+0200,765.02,MW,FR,FR,actual_offshore_wind_generation,Wind Offshore | Actual Aggregated,2026-08-02T14:20:02Z
2026-08-02T14:18:54Z,2026-08-02T16:18:54+0200,d03952b3-6528-494b-a5a9-803d5ba4eea1,2026-07-14T10:30:00Z,2026-07-14T12:30:00+0200,745.12,MW,FR,FR,actual_offshore_wind_generation,Wind Offshore | Actual Aggregated,2026-08-02T14:20:02Z
2026-08-02T14:18:54Z,2026-08-02T16:18:54+0200,d03952b3-6528-494b-a5a9-803d5ba4eea1,2026-07-14T10:45:00Z,2026-07-14T12:45:00+0200,743.55,MW,FR,FR,actual_offshore_wind_generation,Wind Offshore | Actual Aggregated,2026-08-02T14:20:02Z
2026-08-02T14:18:54Z,2026-08-02T16:18:54+0200,d03952b3-6528-494b-a5a9-803d5ba4eea1,2026-07-14T11:00:00Z,2026-07-14T13:00:00+0200,733.44,MW,FR,FR,actual_offshore_wind_generation,Wind Offshore | Actual Aggregated,2026-08-02T14:20:02Z
2026-08-02T14:18:54Z,2026-08-02T16:18:54+0200,d03952b3-6528-494b-a5a9-803d5ba4eea1,2026-07-14T11:15:00Z,2026-07-14T13:15:00+0200,743.11,MW,FR,FR,actual_offshore_wind_generation,Wind Offshore | Actual Aggregated,2026-08-02T14:20:02Z
2026-08-02T14:18:54Z,2026-08-02T16:18:54+0200,d03952b3-6528-494b-a5a9-803d5ba4eea1,2026-07-14T11:30:00Z,2026-07-14T13:30:00+0200,724.18,MW,FR,FR,actual_offshore_wind_generation,Wind Offshore | Actual Aggregated,2026-08-02T14:20:02Z
2026-08-02T14:18:54Z,2026-08-02T16:18:54+0200,d03952b3-6528-494b-a5a9-803d5ba4eea1,2026-07-14T11:45:00Z,2026-07-14T13:45:00+0200,732.97,MW,FR,FR,actual_offshore_wind_generation,Wind Offshore | Actual Aggregated,2026-08-02T14:20:02Z
2026-08-02T14:18:54Z,2026-08-02T16:18:54+0200,d03952b3-6528-494b-a5a9-803d5ba4eea1,2026-07-14T12:00:00Z,2026-07-14T14:00:00+0200,721.39,MW,FR,FR,actual_offshore_wind_generation,Wind Offshore | Actual Aggregated,2026-08-02T14:20:02Z
2026-08-02T14:18:54Z,2026-08-02T16:18:54+0200,d03952b3-6528-494b-a5a9-803d5ba4eea1,2026-07-14T12:15:00Z,2026-07-14T14:15:00+0200,730.24,MW,FR,FR,actual_offshore_wind_generation,Wind Offshore | Actual Aggregated,2026-08-02T14:20:02Z
2026-08-02T14:18:54Z,2026-08-02T16:18:54+0200,d03952b3-6528-494b-a5a9-803d5ba4eea1,2026-07-14T12:30:00Z,2026-07-14T14:30:00+0200,761.56,MW,FR,FR,actual_offshore_wind_generation,Wind Offshore | Actual Aggregated,2026-08-02T14:20:02Z
2026-08-02T14:18:54Z,2026-08-02T16:18:54+0200,d03952b3-6528-494b-a5a9-803d5ba4eea1,2026-07-14T12:45:00Z,2026-07-14T14:45:00+0200,784.13,MW,FR,FR,actual_offshore_wind_generation,Wind Offshore | Actual Aggregated,2026-08-02T14:20:02Z
2026-08-02T14:18:54Z,2026-08-02T16:18:54+0200,d03952b3-6528-494b-a5a9-803d5ba4eea1,2026-07-14T13:00:00Z,2026-07-14T15:00:00+0200,770.44,MW,FR,FR,actual_offshore_wind_generation,Wind Offshore | Actual Aggregated,2026-08-02T14:20:02Z
2026-08-02T14:18:54Z,2026-08-02T16:18:54+0200,d03952b3-6528-494b-a5a9-803d5ba4eea1,2026-07-14T13:15:00Z,2026-07-14T15:15:00+0200,775.32,MW,FR,FR,actual_offshore_wind_generation,Wind Offshore | Actual Aggregated,2026-08-02T14:20:02Z
2026-08-02T14:18:54Z,2026-08-02T16:18:54+0200,d03952b3-6528-494b-a5a9-803d5ba4eea1,2026-07-14T13:30:00Z,2026-07-14T15:30:00+0200,790.2,MW,FR,FR,actual_offshore_wind_generation,Wind Offshore | Actual Aggregated,2026-08-02T14:20:02Z
2026-08-02T14:18:54Z,2026-08-02T16:18:54+0200,d03952b3-6528-494b-a5a9-803d5ba4eea1,2026-07-14T13:45:00Z,2026-07-14T15:45:00+0200,771.13,MW,FR,FR,actual_offshore_wind_generation,Wind Offshore | Actual Aggregated,2026-08-02T14:20:02Z
2026-08-02T14:18:54Z,2026-08-02T16:18:54+0200,d03952b3-6528-494b-a5a9-803d5ba4eea1,2026-07-14T14:00:00Z,2026-07-14T16:00:00+0200,762.54,MW,FR,FR,actual_offshore_wind_generation,Wind Offshore | Actual Aggregated,2026-08-02T14:20:02Z
2026-08-02T14:18:54Z,2026-08-02T16:18:54+0200,d03952b3-6528-494b-a5a9-803d5ba4eea1,2026-07-14T14:15:00Z,2026-07-14T16:15:00+0200,812.2,MW,FR,FR,actual_offshore_wind_generation,Wind Offshore | Actual Aggregated,2026-08-02T14:20:02Z
2026-08-02T14:18:54Z,2026-08-02T16:18:54+0200,d03952b3-6528-494b-a5a9-803d5ba4eea1,2026-07-14T14:30:00Z,2026-07-14T16:30:00+0200,834.93,MW,FR,FR,actual_offshore_wind_generation,Wind Offshore | Actual Aggregated,2026-08-02T14:20:02Z
2026-08-02T14:18:54Z,2026-08-02T16:18:54+0200,d03952b3-6528-494b-a5a9-803d5ba4eea1,2026-07-14T14:45:00Z,2026-07-14T16:45:00+0200,877.01,MW,FR,FR,actual_offshore_wind_generation,Wind Offshore | Actual Aggregated,2026-08-02T14:20:02Z
2026-08-02T14:18:54Z,2026-08-02T16:18:54+0200,d03952b3-6528-494b-a5a9-803d5ba4eea1,2026-07-14T15:00:00Z,2026-07-14T17:00:00+0200,888.7,MW,FR,FR,actual_offshore_wind_generation,Wind Offshore | Actual Aggregated,2026-08-02T14:20:02Z
2026-08-02T14:18:54Z,2026-08-02T16:18:54+0200,d03952b3-6528-494b-a5a9-803d5ba4eea1,2026-07-14T15:15:00Z,2026-07-14T17:15:00+0200,868.6,MW,FR,FR,actual_offshore_wind_generation,Wind Offshore | Actual Aggregated,2026-08-02T14:20:02Z
2026-08-02T14:18:54Z,2026-08-02T16:18:54+0200,d03952b3-6528-494b-a5a9-803d5ba4eea1,2026-07-14T15:30:00Z,2026-07-14T17:30:00+0200,850.73,MW,FR,FR,actual_offshore_wind_generation,Wind Offshore | Actual Aggregated,2026-08-02T14:20:02Z
2026-08-02T14:18:54Z,2026-08-02T16:18:54+0200,d03952b3-6528-494b-a5a9-803d5ba4eea1,2026-07-14T15:45:00Z,2026-07-14T17:45:00+0200,841.97,MW,FR,FR,actual_offshore_wind_generation,Wind Offshore | Actual Aggregated,2026-08-02T14:20:02Z
2026-08-02T14:18:54Z,2026-08-02T16:18:54+0200,d03952b3-6528-494b-a5a9-803d5ba4eea1,2026-07-14T16:00:00Z,2026-07-14T18:00:00+0200,820.54,MW,FR,FR,actual_offshore_wind_generation,Wind Offshore | Actual Aggregated,2026-08-02T14:20:02Z
2026-08-02T14:18:54Z,2026-08-02T16:18:54+0200,d03952b3-6528-494b-a5a9-803d5ba4eea1,2026-07-14T16:15:00Z,2026-07-14T18:15:00+0200,826.21,MW,FR,FR,actual_offshore_wind_generation,Wind Offshore | Actual Aggregated,2026-08-02T14:20:02Z
2026-08-02T14:18:54Z,2026-08-02T16:18:54+0200,d03952b3-6528-494b-a5a9-803d5ba4eea1,2026-07-14T16:30:00Z,2026-07-14T18:30:00+0200,806.3,MW,FR,FR,actual_offshore_wind_generation,Wind Offshore | Actual Aggregated,2026-08-02T14:20:02Z
2026-08-02T14:18:54Z,2026-08-02T16:18:54+0200,d03952b3-6528-494b-a5a9-803d5ba4eea1,2026-07-14T16:45:00Z,2026-07-14T18:45:00+0200,775.24,MW,FR,FR,actual_offshore_wind_generation,Wind Offshore | Actual Aggregated,2026-08-02T14:20:02Z
2026-08-02T14:18:54Z,2026-08-02T16:18:54+0200,d03952b3-6528-494b-a5a9-803d5ba4eea1,2026-07-14T17:00:00Z,2026-07-14T19:00:00+0200,726.25,MW,FR,FR,actual_offshore_wind_generation,Wind Offshore | Actual Aggregated,2026-08-02T14:20:02Z
2026-08-02T14:18:54Z,2026-08-02T16:18:54+0200,d03952b3-6528-494b-a5a9-803d5ba4eea1,2026-07-14T17:15:00Z,2026-07-14T19:15:00+0200,661.21,MW,FR,FR,actual_offshore_wind_generation,Wind Offshore | Actual Aggregated,2026-08-02T14:20:02Z
2026-08-02T14:18:54Z,2026-08-02T16:18:54+0200,d03952b3-6528-494b-a5a9-803d5ba4eea1,2026-07-14T17:30:00Z,2026-07-14T19:30:00+0200,670.4,MW,FR,FR,actual_offshore_wind_generation,Wind Offshore | Actual Aggregated,2026-08-02T14:20:02Z
2026-08-02T14:18:54Z,2026-08-02T16:18:54+0200,d03952b3-6528-494b-a5a9-803d5ba4eea1,2026-07-14T17:45:00Z,2026-07-14T19:45:00+0200,684.47,MW,FR,FR,actual_offshore_wind_generation,Wind Offshore | Actual Aggregated,2026-08-02T14:20:02Z
2026-08-02T14:18:54Z,2026-08-02T16:18:54+0200,d03952b3-6528-494b-a5a9-803d5ba4eea1,2026-07-14T18:00:00Z,2026-07-14T20:00:00+0200,686.75,MW,FR,FR,actual_offshore_wind_generation,Wind Offshore | Actual Aggregated,2026-08-02T14:20:02Z
2026-08-02T14:18:54Z,2026-08-02T16:18:54+0200,d03952b3-6528-494b-a5a9-803d5ba4eea1,2026-07-14T18:15:00Z,2026-07-14T20:15:00+0200,675.83,MW,FR,FR,actual_offshore_wind_generation,Wind Offshore | Actual Aggregated,2026-08-02T14:20:02Z
2026-08-02T14:18:54Z,2026-08-02T16:18:54+0200,d03952b3-6528-494b-a5a9-803d5ba4eea1,2026-07-14T18:30:00Z,2026-07-14T20:30:00+0200,670.42,MW,FR,FR,actual_offshore_wind_generation,Wind Offshore | Actual Aggregated,2026-08-02T14:20:02Z
2026-08-02T14:18:54Z,2026-08-02T16:18:54+0200,d03952b3-6528-494b-a5a9-803d5ba4eea1,2026-07-14T18:45:00Z,2026-07-14T20:45:00+0200,645.5,MW,FR,FR,actual_offshore_wind_generation,Wind Offshore | Actual Aggregated,2026-08-02T14:20:02Z
2026-08-02T14:18:54Z,2026-08-02T16:18:54+0200,d03952b3-6528-494b-a5a9-803d5ba4eea1,2026-07-14T19:00:00Z,2026-07-14T21:00:00+0200,713.85,MW,FR,FR,actual_offshore_wind_generation,Wind Offshore | Actual Aggregated,2026-08-02T14:20:02Z
2026-08-02T14:18:54Z,2026-08-02T16:18:54+0200,d03952b3-6528-494b-a5a9-803d5ba4eea1,2026-07-14T19:15:00Z,2026-07-14T21:15:00+0200,739.85,MW,FR,FR,actual_offshore_wind_generation,Wind Offshore | Actual Aggregated,2026-08-02T14:20:02Z
2026-08-02T14:18:54Z,2026-08-02T16:18:54+0200,d03952b3-6528-494b-a5a9-803d5ba4eea1,2026-07-14T19:30:00Z,2026-07-14T21:30:00+0200,743.83,MW,FR,FR,actual_offshore_wind_generation,Wind Offshore | Actual Aggregated,2026-08-02T14:20:02Z
2026-08-02T14:18:54Z,2026-08-02T16:18:54+0200,d03952b3-6528-494b-a5a9-803d5ba4eea1,2026-07-14T19:45:00Z,2026-07-14T21:45:00+0200,808.82,MW,FR,FR,actual_offshore_wind_generation,Wind Offshore | Actual Aggregated,2026-08-02T14:20:02Z
2026-08-02T14:18:54Z,2026-08-02T16:18:54+0200,d03952b3-6528-494b-a5a9-803d5ba4eea1,2026-07-14T20:00:00Z,2026-07-14T22:00:00+0200,796.03,MW,FR,FR,actual_offshore_wind_generation,Wind Offshore | Actual Aggregated,2026-08-02T14:20:02Z
2026-08-02T14:18:54Z,2026-08-02T16:18:54+0200,d03952b3-6528-494b-a5a9-803d5ba4eea1,2026-07-14T20:15:00Z,2026-07-14T22:15:00+0200,873.98,MW,FR,FR,actual_offshore_wind_generation,Wind Offshore | Actual Aggregated,2026-08-02T14:20:02Z
2026-08-02T14:18:54Z,2026-08-02T16:18:54+0200,d03952b3-6528-494b-a5a9-803d5ba4eea1,2026-07-14T20:30:00Z,2026-07-14T22:30:00+0200,901.35,MW,FR,FR,actual_offshore_wind_generation,Wind Offshore | Actual Aggregated,2026-08-02T14:20:02Z
2026-08-02T14:18:54Z,2026-08-02T16:18:54+0200,d03952b3-6528-494b-a5a9-803d5ba4eea1,2026-07-14T20:45:00Z,2026-07-14T22:45:00+0200,874.14,MW,FR,FR,actual_offshore_wind_generation,Wind Offshore | Actual Aggregated,2026-08-02T14:20:02Z
2026-08-02T14:18:54Z,2026-08-02T16:18:54+0200,d03952b3-6528-494b-a5a9-803d5ba4eea1,2026-07-14T21:00:00Z,2026-07-14T23:00:00+0200,804.46,MW,FR,FR,actual_offshore_wind_generation,Wind Offshore | Actual Aggregated,2026-08-02T14:20:02Z
2026-08-02T14:18:54Z,2026-08-02T16:18:54+0200,d03952b3-6528-494b-a5a9-803d5ba4eea1,2026-07-14T21:15:00Z,2026-07-14T23:15:00+0200,982.57,MW,FR,FR,actual_offshore_wind_generation,Wind Offshore | Actual Aggregated,2026-08-02T14:20:02Z
2026-08-02T14:18:54Z,2026-08-02T16:18:54+0200,d03952b3-6528-494b-a5a9-803d5ba4eea1,2026-07-14T21:30:00Z,2026-07-14T23:30:00+0200,1049.76,MW,FR,FR,actual_offshore_wind_generation,Wind Offshore | Actual Aggregated,2026-08-02T14:20:02Z
2026-08-02T14:18:54Z,2026-08-02T16:18:54+0200,d03952b3-6528-494b-a5a9-803d5ba4eea1,2026-07-14T21:45:00Z,2026-07-14T23:45:00+0200,798.12,MW,FR,FR,actual_offshore_wind_generation,Wind Offshore | Actual Aggregated,2026-08-02T14:20:02Z
2026-08-02T14:18:54Z,2026-08-02T16:18:54+0200,d03952b3-6528-494b-a5a9-803d5ba4eea1,2026-07-14T22:00:00Z,2026-07-15T00:00:00+0200,837.45,MW,FR,FR,actual_offshore_wind_generation,Wind Offshore | Actual Aggregated,2026-08-02T14:20:02Z
2026-08-02T14:18:54Z,2026-08-02T16:18:54+0200,d03952b3-6528-494b-a5a9-803d5ba4eea1,2026-07-14T22:15:00Z,2026-07-15T00:15:00+0200,853.21,MW,FR,FR,actual_offshore_wind_generation,Wind Offshore | Actual Aggregated,2026-08-02T14:20:02Z
2026-08-02T14:18:54Z,2026-08-02T16:18:54+0200,d03952b3-6528-494b-a5a9-803d5ba4eea1,2026-07-14T22:30:00Z,2026-07-15T00:30:00+0200,878.14,MW,FR,FR,actual_offshore_wind_generation,Wind Offshore | Actual Aggregated,2026-08-02T14:20:02Z
2026-08-02T14:18:54Z,2026-08-02T16:18:54+0200,d03952b3-6528-494b-a5a9-803d5ba4eea1,2026-07-14T22:45:00Z,2026-07-15T00:45:00+0200,1040.39,MW,FR,FR,actual_offshore_wind_generation,Wind Offshore | Actual Aggregated,2026-08-02T14:20:02Z
2026-08-02T14:18:54Z,2026-08-02T16:18:54+0200,d03952b3-6528-494b-a5a9-803d5ba4eea1,2026-07-14T23:00:00Z,2026-07-15T01:00:00+0200,1041.2,MW,FR,FR,actual_offshore_wind_generation,Wind Offshore | Actual Aggregated,2026-08-02T14:20:02Z
2026-08-02T14:18:54Z,2026-08-02T16:18:54+0200,d03952b3-6528-494b-a5a9-803d5ba4eea1,2026-07-14T23:15:00Z,2026-07-15T01:15:00+0200,988.72,MW,FR,FR,actual_offshore_wind_generation,Wind Offshore | Actual Aggregated,2026-08-02T14:20:02Z
2026-08-02T14:18:54Z,2026-08-02T16:18:54+0200,d03952b3-6528-494b-a5a9-803d5ba4eea1,2026-07-14T23:30:00Z,2026-07-15T01:30:00+0200,916.01,MW,FR,FR,actual_offshore_wind_generation,Wind Offshore | Actual Aggregated,2026-08-02T14:20:02Z
2026-08-02T14:18:54Z,2026-08-02T16:18:54+0200,d03952b3-6528-494b-a5a9-803d5ba4eea1,2026-07-14T23:45:00Z,2026-07-15T01:45:00+0200,852.51,MW,FR,FR,actual_offshore_wind_generation,Wind Offshore | Actual Aggregated,2026-08-02T14:20:02Z
2026-08-02T14:18:54Z,2026-08-02T16:18:54+0200,d03952b3-6528-494b-a5a9-803d5ba4eea1,2026-07-15T00:00:00Z,2026-07-15T02:00:00+0200,818.17,MW,FR,FR,actual_offshore_wind_generation,Wind Offshore | Actual Aggregated,2026-08-02T14:20:02Z
2026-08-02T14:18:54Z,2026-08-02T16:18:54+0200,d03952b3-6528-494b-a5a9-803d5ba4eea1,2026-07-15T00:15:00Z,2026-07-15T02:15:00+0200,838.33,MW,FR,FR,actual_offshore_wind_generation,Wind Offshore | Actual Aggregated,2026-08-02T14:20:02Z
2026-08-02T14:18:54Z,2026-08-02T16:18:54+0200,d03952b3-6528-494b-a5a9-803d5ba4eea1,2026-07-15T00:30:00Z,2026-07-15T02:30:00+0200,842.72,MW,FR,FR,actual_offshore_wind_generation,Wind Offshore | Actual Aggregated,2026-08-02T14:20:02Z
2026-08-02T14:18:54Z,2026-08-02T16:18:54+0200,d03952b3-6528-494b-a5a9-803d5ba4eea1,2026-07-15T00:45:00Z,2026-07-15T02:45:00+0200,888.13,MW,FR,FR,actual_offshore_wind_generation,Wind Offshore | Actual Aggregated,2026-08-02T14:20:02Z
2026-08-02T14:18:54Z,2026-08-02T16:18:54+0200,d03952b3-6528-494b-a5a9-803d5ba4eea1,2026-07-15T01:00:00Z,2026-07-15T03:00:00+0200,863.64,MW,FR,FR,actual_offshore_wind_generation,Wind Offshore | Actual Aggregated,2026-08-02T14:20:02Z
2026-08-02T14:18:54Z,2026-08-02T16:18:54+0200,d03952b3-6528-494b-a5a9-803d5ba4eea1,2026-07-15T01:15:00Z,2026-07-15T03:15:00+0200,838.11,MW,FR,FR,actual_offshore_wind_generation,Wind Offshore | Actual Aggregated,2026-08-02T14:20:02Z
2026-08-02T14:18:54Z,2026-08-02T16:18:54+0200,d03952b3-6528-494b-a5a9-803d5ba4eea1,2026-07-15T01:30:00Z,2026-07-15T03:30:00+0200,797.46,MW,FR,FR,actual_offshore_wind_generation,Wind Offshore | Actual Aggregated,2026-08-02T14:20:02Z
2026-08-02T14:18:54Z,2026-08-02T16:18:54+0200,d03952b3-6528-494b-a5a9-803d5ba4eea1,2026-07-15T01:45:00Z,2026-07-15T03:45:00+0200,789.45,MW,FR,FR,actual_offshore_wind_generation,Wind Offshore | Actual Aggregated,2026-08-02T14:20:02Z
2026-08-02T14:18:54Z,2026-08-02T16:18:54+0200,d03952b3-6528-494b-a5a9-803d5ba4eea1,2026-07-15T02:00:00Z,2026-07-15T04:00:00+0200,796.43,MW,FR,FR,actual_offshore_wind_generation,Wind Offshore | Actual Aggregated,2026-08-02T14:20:02Z
2026-08-02T14:18:54Z,2026-08-02T16:18:54+0200,d03952b3-6528-494b-a5a9-803d5ba4eea1,2026-07-15T02:15:00Z,2026-07-15T04:15:00+0200,785.03,MW,FR,FR,actual_offshore_wind_generation,Wind Offshore | Actual Aggregated,2026-08-02T14:20:02Z
2026-08-02T14:18:54Z,2026-08-02T16:18:54+0200,d03952b3-6528-494b-a5a9-803d5ba4eea1,2026-07-15T02:30:00Z,2026-07-15T04:30:00+0200,770.68,MW,FR,FR,actual_offshore_wind_generation,Wind Offshore | Actual Aggregated,2026-08-02T14:20:02Z
2026-08-02T14:18:54Z,2026-08-02T16:18:54+0200,d03952b3-6528-494b-a5a9-803d5ba4eea1,2026-07-15T02:45:00Z,2026-07-15T04:45:00+0200,792.44,MW,FR,FR,actual_offshore_wind_generation,Wind Offshore | Actual Aggregated,2026-08-02T14:20:02Z
2026-08-02T14:18:54Z,2026-08-02T16:18:54+0200,d03952b3-6528-494b-a5a9-803d5ba4eea1,2026-07-15T03:00:00Z,2026-07-15T05:00:00+0200,777.31,MW,FR,FR,actual_offshore_wind_generation,Wind Offshore | Actual Aggregated,2026-08-02T14:20:02Z
2026-08-02T14:18:54Z,2026-08-02T16:18:54+0200,d03952b3-6528-494b-a5a9-803d5ba4eea1,2026-07-15T03:15:00Z,2026-07-15T05:15:00+0200,732.1,MW,FR,FR,actual_offshore_wind_generation,Wind Offshore | Actual Aggregated,2026-08-02T14:20:02Z
2026-08-02T14:18:54Z,2026-08-02T16:18:54+0200,d03952b3-6528-494b-a5a9-803d5ba4eea1,2026-07-15T03:30:00Z,2026-07-15T05:30:00+0200,735.41,MW,FR,FR,actual_offshore_wind_generation,Wind Offshore | Actual Aggregated,2026-08-02T14:20:02Z
2026-08-02T14:18:54Z,2026-08-02T16:18:54+0200,d03952b3-6528-494b-a5a9-803d5ba4eea1,2026-07-15T03:45:00Z,2026-07-15T05:45:00+0200,728.09,MW,FR,FR,actual_offshore_wind_generation,Wind Offshore | Actual Aggregated,2026-08-02T14:20:02Z
2026-08-02T14:18:54Z,2026-08-02T16:18:54+0200,d03952b3-6528-494b-a5a9-803d5ba4eea1,2026-07-15T04:00:00Z,2026-07-15T06:00:00+0200,729.25,MW,FR,FR,actual_offshore_wind_generation,Wind Offshore | Actual Aggregated,2026-08-02T14:20:02Z
2026-08-02T14:18:54Z,2026-08-02T16:18:54+0200,d03952b3-6528-494b-a5a9-803d5ba4eea1,2026-07-15T04:15:00Z,2026-07-15T06:15:00+0200,757.8,MW,FR,FR,actual_offshore_wind_generation,Wind Offshore | Actual Aggregated,2026-08-02T14:20:02Z
2026-08-02T14:18:54Z,2026-08-02T16:18:54+0200,d03952b3-6528-494b-a5a9-803d5ba4eea1,2026-07-15T04:30:00Z,2026-07-15T06:30:00+0200,745.21,MW,FR,FR,actual_offshore_wind_generation,Wind Offshore | Actual Aggregated,2026-08-02T14:20:02Z
2026-08-02T14:18:54Z,2026-08-02T16:18:54+0200,d03952b3-6528-494b-a5a9-803d5ba4eea1,2026-07-15T04:45:00Z,2026-07-15T06:45:00+0200,729.78,MW,FR,FR,actual_offshore_wind_generation,Wind Offshore | Actual Aggregated,2026-08-02T14:20:02Z
2026-08-02T14:18:54Z,2026-08-02T16:18:54+0200,d03952b3-6528-494b-a5a9-803d5ba4eea1,2026-07-15T05:00:00Z,2026-07-15T07:00:00+0200,738.51,MW,FR,FR,actual_offshore_wind_generation,Wind Offshore | Actual Aggregated,2026-08-02T14:20:02Z
2026-08-02T14:18:54Z,2026-08-02T16:18:54+0200,d03952b3-6528-494b-a5a9-803d5ba4eea1,2026-07-15T05:15:00Z,2026-07-15T07:15:00+0200,717.07,MW,FR,FR,actual_offshore_wind_generation,Wind Offshore | Actual Aggregated,2026-08-02T14:20:02Z
2026-08-02T14:18:54Z,2026-08-02T16:18:54+0200,d03952b3-6528-494b-a5a9-803d5ba4eea1,2026-07-15T05:30:00Z,2026-07-15T07:30:00+0200,695.68,MW,FR,FR,actual_offshore_wind_generation,Wind Offshore | Actual Aggregated,2026-08-02T14:20:02Z
2026-08-02T14:18:54Z,2026-08-02T16:18:54+0200,d03952b3-6528-494b-a5a9-803d5ba4eea1,2026-07-15T05:45:00Z,2026-07-15T07:45:00+0200,696.12,MW,FR,FR,actual_offshore_wind_generation,Wind Offshore | Actual Aggregated,2026-08-02T14:20:02Z
2026-08-02T14:18:54Z,2026-08-02T16:18:54+0200,d03952b3-6528-494b-a5a9-803d5ba4eea1,2026-07-15T06:00:00Z,2026-07-15T08:00:00+0200,703.75,MW,FR,FR,actual_offshore_wind_generation,Wind Offshore | Actual Aggregated,2026-08-02T14:20:02Z
2026-08-02T14:18:54Z,2026-08-02T16:18:54+0200,d03952b3-6528-494b-a5a9-803d5ba4eea1,2026-07-15T06:15:00Z,2026-07-15T08:15:00+0200,758.97,MW,FR,FR,actual_offshore_wind_generation,Wind Offshore | Actual Aggregated,2026-08-02T14:20:02Z
2026-08-02T14:18:54Z,2026-08-02T16:18:54+0200,d03952b3-6528-494b-a5a9-803d5ba4eea1,2026-07-15T06:30:00Z,2026-07-15T08:30:00+0200,896.95,MW,FR,FR,actual_offshore_wind_generation,Wind Offshore | Actual Aggregated,2026-08-02T14:20:02Z
2026-08-02T14:18:54Z,2026-08-02T16:18:54+0200,d03952b3-6528-494b-a5a9-803d5ba4eea1,2026-07-15T06:45:00Z,2026-07-15T08:45:00+0200,849.18,MW,FR,FR,actual_offshore_wind_generation,Wind Offshore | Actual Aggregated,2026-08-02T14:20:02Z
2026-08-02T14:18:54Z,2026-08-02T16:18:54+0200,d03952b3-6528-494b-a5a9-803d5ba4eea1,2026-07-15T07:00:00Z,2026-07-15T09:00:00+0200,777.26,MW,FR,FR,actual_offshore_wind_generation,Wind Offshore | Actual Aggregated,2026-08-02T14:20:02Z
2026-08-02T14:18:54Z,2026-08-02T16:18:54+0200,d03952b3-6528-494b-a5a9-803d5ba4eea1,2026-07-15T07:15:00Z,2026-07-15T09:15:00+0200,794.21,MW,FR,FR,actual_offshore_wind_generation,Wind Offshore | Actual Aggregated,2026-08-02T14:20:02Z
2026-08-02T14:18:54Z,2026-08-02T16:18:54+0200,d03952b3-6528-494b-a5a9-803d5ba4eea1,2026-07-15T07:30:00Z,2026-07-15T09:30:00+0200,819.46,MW,FR,FR,actual_offshore_wind_generation,Wind Offshore | Actual Aggregated,2026-08-02T14:20:02Z
2026-08-02T14:18:54Z,2026-08-02T16:18:54+0200,d03952b3-6528-494b-a5a9-803d5ba4eea1,2026-07-15T07:45:00Z,2026-07-15T09:45:00+0200,783.88,MW,FR,FR,actual_offshore_wind_generation,Wind Offshore | Actual Aggregated,2026-08-02T14:20:02Z
2026-08-02T14:18:54Z,2026-08-02T16:18:54+0200,d03952b3-6528-494b-a5a9-803d5ba4eea1,2026-07-15T08:00:00Z,2026-07-15T10:00:00+0200,835.33,MW,FR,FR,actual_offshore_wind_generation,Wind Offshore | Actual Aggregated,2026-08-02T14:20:02Z
2026-08-02T14:18:54Z,2026-08-02T16:18:54+0200,d03952b3-6528-494b-a5a9-803d5ba4eea1,2026-07-15T08:15:00Z,2026-07-15T10:15:00+0200,838.72,MW,FR,FR,actual_offshore_wind_generation,Wind Offshore | Actual Aggregated,2026-08-02T14:20:02Z
2026-08-02T14:18:54Z,2026-08-02T16:18:54+0200,d03952b3-6528-494b-a5a9-803d5ba4eea1,2026-07-15T08:30:00Z,2026-07-15T10:30:00+0200,876.36,MW,FR,FR,actual_offshore_wind_generation,Wind Offshore | Actual Aggregated,2026-08-02T14:20:02Z
2026-08-02T14:18:54Z,2026-08-02T16:18:54+0200,d03952b3-6528-494b-a5a9-803d5ba4eea1,2026-07-15T08:45:00Z,2026-07-15T10:45:00+0200,866.54,MW,FR,FR,actual_offshore_wind_generation,Wind Offshore | Actual Aggregated,2026-08-02T14:20:02Z
2026-08-02T14:18:54Z,2026-08-02T16:18:54+0200,d03952b3-6528-494b-a5a9-803d5ba4eea1,2026-07-15T09:00:00Z,2026-07-15T11:00:00+0200,832.69,MW,FR,FR,actual_offshore_wind_generation,Wind Offshore | Actual Aggregated,2026-08-02T14:20:02Z
2026-08-02T14:18:54Z,2026-08-02T16:18:54+0200,d03952b3-6528-494b-a5a9-803d5ba4eea1,2026-07-15T09:15:00Z,2026-07-15T11:15:00+0200,799.06,MW,FR,FR,actual_offshore_wind_generation,Wind Offshore | Actual Aggregated,2026-08-02T14:20:02Z
2026-08-02T14:18:54Z,2026-08-02T16:18:54+0200,d03952b3-6528-494b-a5a9-803d5ba4eea1,2026-07-15T09:30:00Z,2026-07-15T11:30:00+0200,737.79,MW,FR,FR,actual_offshore_wind_generation,Wind Offshore | Actual Aggregated,2026-08-02T14:20:02Z
2026-08-02T14:18:54Z,2026-08-02T16:18:54+0200,d03952b3-6528-494b-a5a9-803d5ba4eea1,2026-07-15T09:45:00Z,2026-07-15T11:45:00+0200,693.99,MW,FR,FR,actual_offshore_wind_generation,Wind Offshore | Actual Aggregated,2026-08-02T14:20:02Z
2026-08-02T14:18:54Z,2026-08-02T16:18:54+0200,d03952b3-6528-494b-a5a9-803d5ba4eea1,2026-07-15T10:00:00Z,2026-07-15T12:00:00+0200,628.84,MW,FR,FR,actual_offshore_wind_generation,Wind Offshore | Actual Aggregated,2026-08-02T14:20:02Z
2026-08-02T14:18:54Z,2026-08-02T16:18:54+0200,d03952b3-6528-494b-a5a9-803d5ba4eea1,2026-07-15T10:15:00Z,2026-07-15T12:15:00+0200,576.93,MW,FR,FR,actual_offshore_wind_generation,Wind Offshore | Actual Aggregated,2026-08-02T14:20:02Z
2026-08-02T14:18:54Z,2026-08-02T16:18:54+0200,d03952b3-6528-494b-a5a9-803d5ba4eea1,2026-07-15T10:30:00Z,2026-07-15T12:30:00+0200,537.32,MW,FR,FR,actual_offshore_wind_generation,Wind Offshore | Actual Aggregated,2026-08-02T14:20:02Z
2026-08-02T14:18:54Z,2026-08-02T16:18:54+0200,d03952b3-6528-494b-a5a9-803d5ba4eea1,2026-07-15T10:45:00Z,2026-07-15T12:45:00+0200,514.18,MW,FR,FR,actual_offshore_wind_generation,Wind Offshore | Actual Aggregated,2026-08-02T14:20:02Z
2026-08-02T14:18:54Z,2026-08-02T16:18:54+0200,d03952b3-6528-494b-a5a9-803d5ba4eea1,2026-07-15T11:00:00Z,2026-07-15T13:00:00+0200,523.06,MW,FR,FR,actual_offshore_wind_generation,Wind Offshore | Actual Aggregated,2026-08-02T14:20:02Z
2026-08-02T14:18:54Z,2026-08-02T16:18:54+0200,d03952b3-6528-494b-a5a9-803d5ba4eea1,2026-07-15T11:15:00Z,2026-07-15T13:15:00+0200,571.31,MW,FR,FR,actual_offshore_wind_generation,Wind Offshore | Actual Aggregated,2026-08-02T14:20:02Z
2026-08-02T14:18:54Z,2026-08-02T16:18:54+0200,d03952b3-6528-494b-a5a9-803d5ba4eea1,2026-07-15T11:30:00Z,2026-07-15T13:30:00+0200,604.17,MW,FR,FR,actual_offshore_wind_generation,Wind Offshore | Actual Aggregated,2026-08-02T14:20:02Z
2026-08-02T14:18:54Z,2026-08-02T16:18:54+0200,d03952b3-6528-494b-a5a9-803d5ba4eea1,2026-07-15T11:45:00Z,2026-07-15T13:45:00+0200,670.99,MW,FR,FR,actual_offshore_wind_generation,Wind Offshore | Actual Aggregated,2026-08-02T14:20:02Z
2026-08-02T14:18:54Z,2026-08-02T16:18:54+0200,d03952b3-6528-494b-a5a9-803d5ba4eea1,2026-07-15T12:00:00Z,2026-07-15T14:00:00+0200,785.52,MW,FR,FR,actual_offshore_wind_generation,Wind Offshore | Actual Aggregated,2026-08-02T14:20:02Z
2026-08-02T14:18:54Z,2026-08-02T16:18:54+0200,d03952b3-6528-494b-a5a9-803d5ba4eea1,2026-07-15T12:15:00Z,2026-07-15T14:15:00+0200,842.45,MW,FR,FR,actual_offshore_wind_generation,Wind Offshore | Actual Aggregated,2026-08-02T14:20:02Z
2026-08-02T14:18:54Z,2026-08-02T16:18:54+0200,d03952b3-6528-494b-a5a9-803d5ba4eea1,2026-07-15T12:30:00Z,2026-07-15T14:30:00+0200,806.76,MW,FR,FR,actual_offshore_wind_generation,Wind Offshore | Actual Aggregated,2026-08-02T14:20:02Z
2026-08-02T14:18:54Z,2026-08-02T16:18:54+0200,d03952b3-6528-494b-a5a9-803d5ba4eea1,2026-07-15T12:45:00Z,2026-07-15T14:45:00+0200,778.05,MW,FR,FR,actual_offshore_wind_generation,Wind Offshore | Actual Aggregated,2026-08-02T14:20:02Z
2026-08-02T14:18:54Z,2026-08-02T16:18:54+0200,d03952b3-6528-494b-a5a9-803d5ba4eea1,2026-07-15T13:00:00Z,2026-07-15T15:00:00+0200,835.52,MW,FR,FR,actual_offshore_wind_generation,Wind Offshore | Actual Aggregated,2026-08-02T14:20:02Z
2026-08-02T14:18:54Z,2026-08-02T16:18:54+0200,d03952b3-6528-494b-a5a9-803d5ba4eea1,2026-07-15T13:15:00Z,2026-07-15T15:15:00+0200,903.47,MW,FR,FR,actual_offshore_wind_generation,Wind Offshore | Actual Aggregated,2026-08-02T14:20:02Z
2026-08-02T14:18:54Z,2026-08-02T16:18:54+0200,d03952b3-6528-494b-a5a9-803d5ba4eea1,2026-07-15T13:30:00Z,2026-07-15T15:30:00+0200,934.35,MW,FR,FR,actual_offshore_wind_generation,Wind Offshore | Actual Aggregated,2026-08-02T14:20:02Z
2026-08-02T14:18:54Z,2026-08-02T16:18:54+0200,d03952b3-6528-494b-a5a9-803d5ba4eea1,2026-07-15T13:45:00Z,2026-07-15T15:45:00+0200,874.74,MW,FR,FR,actual_offshore_wind_generation,Wind Offshore | Actual Aggregated,2026-08-02T14:20:02Z
2026-08-02T14:18:54Z,2026-08-02T16:18:54+0200,d03952b3-6528-494b-a5a9-803d5ba4eea1,2026-07-15T14:00:00Z,2026-07-15T16:00:00+0200,867.79,MW,FR,FR,actual_offshore_wind_generation,Wind Offshore | Actual Aggregated,2026-08-02T14:20:02Z
2026-08-02T14:18:54Z,2026-08-02T16:18:54+0200,d03952b3-6528-494b-a5a9-803d5ba4eea1,2026-07-15T14:15:00Z,2026-07-15T16:15:00+0200,945.76,MW,FR,FR,actual_offshore_wind_generation,Wind Offshore | Actual Aggregated,2026-08-02T14:20:02Z
2026-08-02T14:18:54Z,2026-08-02T16:18:54+0200,d03952b3-6528-494b-a5a9-803d5ba4eea1,2026-07-15T14:30:00Z,2026-07-15T16:30:00+0200,993.46,MW,FR,FR,actual_offshore_wind_generation,Wind Offshore | Actual Aggregated,2026-08-02T14:20:02Z
2026-08-02T14:18:54Z,2026-08-02T16:18:54+0200,d03952b3-6528-494b-a5a9-803d5ba4eea1,2026-07-15T14:45:00Z,2026-07-15T16:45:00+0200,1019.26,MW,FR,FR,actual_offshore_wind_generation,Wind Offshore | Actual Aggregated,2026-08-02T14:20:02Z
2026-08-02T14:18:54Z,2026-08-02T16:18:54+0200,d03952b3-6528-494b-a5a9-803d5ba4eea1,2026-07-15T15:00:00Z,2026-07-15T17:00:00+0200,1041.12,MW,FR,FR,actual_offshore_wind_generation,Wind Offshore | Actual Aggregated,2026-08-02T14:20:02Z
2026-08-02T14:18:54Z,2026-08-02T16:18:54+0200,d03952b3-6528-494b-a5a9-803d5ba4eea1,2026-07-15T15:15:00Z,2026-07-15T17:15:00+0200,1088.31,MW,FR,FR,actual_offshore_wind_generation,Wind Offshore | Actual Aggregated,2026-08-02T14:20:02Z
2026-08-02T14:18:54Z,2026-08-02T16:18:54+0200,d03952b3-6528-494b-a5a9-803d5ba4eea1,2026-07-15T15:30:00Z,2026-07-15T17:30:00+0200,1114.66,MW,FR,FR,actual_offshore_wind_generation,Wind Offshore | Actual Aggregated,2026-08-02T14:20:02Z
2026-08-02T14:18:54Z,2026-08-02T16:18:54+0200,d03952b3-6528-494b-a5a9-803d5ba4eea1,2026-07-15T15:45:00Z,2026-07-15T17:45:00+0200,1143.68,MW,FR,FR,actual_offshore_wind_generation,Wind Offshore | Actual Aggregated,2026-08-02T14:20:02Z
2026-08-02T14:18:54Z,2026-08-02T16:18:54+0200,d03952b3-6528-494b-a5a9-803d5ba4eea1,2026-07-15T16:00:00Z,2026-07-15T18:00:00+0200,1230.2,MW,FR,FR,actual_offshore_wind_generation,Wind Offshore | Actual Aggregated,2026-08-02T14:20:02Z
2026-08-02T14:18:54Z,2026-08-02T16:18:54+0200,d03952b3-6528-494b-a5a9-803d5ba4eea1,2026-07-15T16:15:00Z,2026-07-15T18:15:00+0200,1486.95,MW,FR,FR,actual_offshore_wind_generation,Wind Offshore | Actual Aggregated,2026-08-02T14:20:02Z
2026-08-02T14:18:54Z,2026-08-02T16:18:54+0200,d03952b3-6528-494b-a5a9-803d5ba4eea1,2026-07-15T16:30:00Z,2026-07-15T18:30:00+0200,1556.05,MW,FR,FR,actual_offshore_wind_generation,Wind Offshore | Actual Aggregated,2026-08-02T14:20:02Z
2026-08-02T14:18:54Z,2026-08-02T16:18:54+0200,d03952b3-6528-494b-a5a9-803d5ba4eea1,2026-07-15T16:45:00Z,2026-07-15T18:45:00+0200,1556.54,MW,FR,FR,actual_offshore_wind_generation,Wind Offshore | Actual Aggregated,2026-08-02T14:20:02Z
2026-08-02T14:18:54Z,2026-08-02T16:18:54+0200,d03952b3-6528-494b-a5a9-803d5ba4eea1,2026-07-15T17:00:00Z,2026-07-15T19:00:00+0200,1465.63,MW,FR,FR,actual_offshore_wind_generation,Wind Offshore | Actual Aggregated,2026-08-02T14:20:02Z
2026-08-02T14:18:54Z,2026-08-02T16:18:54+0200,d03952b3-6528-494b-a5a9-803d5ba4eea1,2026-07-15T17:15:00Z,2026-07-15T19:15:00+0200,1331.49,MW,FR,FR,actual_offshore_wind_generation,Wind Offshore | Actual Aggregated,2026-08-02T14:20:02Z
2026-08-02T14:18:54Z,2026-08-02T16:18:54+0200,d03952b3-6528-494b-a5a9-803d5ba4eea1,2026-07-15T17:30:00Z,2026-07-15T19:30:00+0200,1202.61,MW,FR,FR,actual_offshore_wind_generation,Wind Offshore | Actual Aggregated,2026-08-02T14:20:02Z
2026-08-02T14:18:54Z,2026-08-02T16:18:54+0200,d03952b3-6528-494b-a5a9-803d5ba4eea1,2026-07-15T17:45:00Z,2026-07-15T19:45:00+0200,1119.42,MW,FR,FR,actual_offshore_wind_generation,Wind Offshore | Actual Aggregated,2026-08-02T14:20:02Z
2026-08-02T14:18:54Z,2026-08-02T16:18:54+0200,d03952b3-6528-494b-a5a9-803d5ba4eea1,2026-07-15T18:00:00Z,2026-07-15T20:00:00+0200,1038.1,MW,FR,FR,actual_offshore_wind_generation,Wind Offshore | Actual Aggregated,2026-08-02T14:20:02Z
2026-08-02T14:18:54Z,2026-08-02T16:18:54+0200,d03952b3-6528-494b-a5a9-803d5ba4eea1,2026-07-15T18:15:00Z,2026-07-15T20:15:00+0200,1016.19,MW,FR,FR,actual_offshore_wind_generation,Wind Offshore | Actual Aggregated,2026-08-02T14:20:02Z
2026-08-02T14:18:54Z,2026-08-02T16:18:54+0200,d03952b3-6528-494b-a5a9-803d5ba4eea1,2026-07-15T18:30:00Z,2026-07-15T20:30:00+0200,1000.55,MW,FR,FR,actual_offshore_wind_generation,Wind Offshore | Actual Aggregated,2026-08-02T14:20:02Z
2026-08-02T14:18:54Z,2026-08-02T16:18:54+0200,d03952b3-6528-494b-a5a9-803d5ba4eea1,2026-07-15T18:45:00Z,2026-07-15T20:45:00+0200,998.92,MW,FR,FR,actual_offshore_wind_generation,Wind Offshore | Actual Aggregated,2026-08-02T14:20:02Z
2026-08-02T14:18:54Z,2026-08-02T16:18:54+0200,d03952b3-6528-494b-a5a9-803d5ba4eea1,2026-07-15T19:00:00Z,2026-07-15T21:00:00+0200,1006.48,MW,FR,FR,actual_offshore_wind_generation,Wind Offshore | Actual Aggregated,2026-08-02T14:20:02Z
2026-08-02T14:18:54Z,2026-08-02T16:18:54+0200,d03952b3-6528-494b-a5a9-803d5ba4eea1,2026-07-15T19:15:00Z,2026-07-15T21:15:00+0200,1008.85,MW,FR,FR,actual_offshore_wind_generation,Wind Offshore | Actual Aggregated,2026-08-02T14:20:02Z
2026-08-02T14:18:54Z,2026-08-02T16:18:54+0200,d03952b3-6528-494b-a5a9-803d5ba4eea1,2026-07-15T19:30:00Z,2026-07-15T21:30:00+0200,968.48,MW,FR,FR,actual_offshore_wind_generation,Wind Offshore | Actual Aggregated,2026-08-02T14:20:02Z
2026-08-02T14:18:54Z,2026-08-02T16:18:54+0200,d03952b3-6528-494b-a5a9-803d5ba4eea1,2026-07-15T19:45:00Z,2026-07-15T21:45:00+0200,874.37,MW,FR,FR,actual_offshore_wind_generation,Wind Offshore | Actual Aggregated,2026-08-02T14:20:02Z
2026-08-02T14:18:54Z,2026-08-02T16:18:54+0200,d03952b3-6528-494b-a5a9-803d5ba4eea1,2026-07-15T20:00:00Z,2026-07-15T22:00:00+0200,851.69,MW,FR,FR,actual_offshore_wind_generation,Wind Offshore | Actual Aggregated,2026-08-02T14:20:02Z
2026-08-02T14:18:54Z,2026-08-02T16:18:54+0200,d03952b3-6528-494b-a5a9-803d5ba4eea1,2026-07-15T20:15:00Z,2026-07-15T22:15:00+0200,831.47,MW,FR,FR,actual_offshore_wind_generation,Wind Offshore | Actual Aggregated,2026-08-02T14:20:02Z
2026-08-02T14:18:54Z,2026-08-02T16:18:54+0200,d03952b3-6528-494b-a5a9-803d5ba4eea1,2026-07-15T20:30:00Z,2026-07-15T22:30:00+0200,756.7,MW,FR,FR,actual_offshore_wind_generation,Wind Offshore | Actual Aggregated,2026-08-02T14:20:02Z
2026-08-02T14:18:54Z,2026-08-02T16:18:54+0200,d03952b3-6528-494b-a5a9-803d5ba4eea1,2026-07-15T20:45:00Z,2026-07-15T22:45:00+0200,763.31,MW,FR,FR,actual_offshore_wind_generation,Wind Offshore | Actual Aggregated,2026-08-02T14:20:02Z
2026-08-02T14:18:54Z,2026-08-02T16:18:54+0200,d03952b3-6528-494b-a5a9-803d5ba4eea1,2026-07-15T21:00:00Z,2026-07-15T23:00:00+0200,740.25,MW,FR,FR,actual_offshore_wind_generation,Wind Offshore | Actual Aggregated,2026-08-02T14:20:02Z
2026-08-02T14:18:54Z,2026-08-02T16:18:54+0200,d03952b3-6528-494b-a5a9-803d5ba4eea1,2026-07-15T21:15:00Z,2026-07-15T23:15:00+0200,693.24,MW,FR,FR,actual_offshore_wind_generation,Wind Offshore | Actual Aggregated,2026-08-02T14:20:02Z
2026-08-02T14:18:54Z,2026-08-02T16:18:54+0200,d03952b3-6528-494b-a5a9-803d5ba4eea1,2026-07-15T21:30:00Z,2026-07-15T23:30:00+0200,627.5,MW,FR,FR,actual_offshore_wind_generation,Wind Offshore | Actual Aggregated,2026-08-02T14:20:02Z
2026-08-02T14:18:54Z,2026-08-02T16:18:54+0200,d03952b3-6528-494b-a5a9-803d5ba4eea1,2026-07-15T21:45:00Z,2026-07-15T23:45:00+0200,628.63,MW,FR,FR,actual_offshore_wind_generation,Wind Offshore | Actual Aggregated,2026-08-02T14:20:02Z
2026-08-02T14:18:54Z,2026-08-02T16:18:54+0200,d03952b3-6528-494b-a5a9-803d5ba4eea1,2026-07-15T22:00:00Z,2026-07-16T00:00:00+0200,632.64,MW,FR,FR,actual_offshore_wind_generation,Wind Offshore | Actual Aggregated,2026-08-02T14:20:02Z
2026-08-02T14:18:54Z,2026-08-02T16:18:54+0200,d03952b3-6528-494b-a5a9-803d5ba4eea1,2026-07-15T22:15:00Z,2026-07-16T00:15:00+0200,592.82,MW,FR,FR,actual_offshore_wind_generation,Wind Offshore | Actual Aggregated,2026-08-02T14:20:02Z
2026-08-02T14:18:54Z,2026-08-02T16:18:54+0200,d03952b3-6528-494b-a5a9-803d5ba4eea1,2026-07-15T22:30:00Z,2026-07-16T00:30:00+0200,539.61,MW,FR,FR,actual_offshore_wind_generation,Wind Offshore | Actual Aggregated,2026-08-02T14:20:02Z
2026-08-02T14:18:54Z,2026-08-02T16:18:54+0200,d03952b3-6528-494b-a5a9-803d5ba4eea1,2026-07-15T22:45:00Z,2026-07-16T00:45:00+0200,560.36,MW,FR,FR,actual_offshore_wind_generation,Wind Offshore | Actual Aggregated,2026-08-02T14:20:02Z
2026-08-02T14:18:54Z,2026-08-02T16:18:54+0200,d03952b3-6528-494b-a5a9-803d5ba4eea1,2026-07-15T23:00:00Z,2026-07-16T01:00:00+0200,595.16,MW,FR,FR,actual_offshore_wind_generation,Wind Offshore | Actual Aggregated,2026-08-02T14:20:02Z
2026-08-02T14:18:54Z,2026-08-02T16:18:54+0200,d03952b3-6528-494b-a5a9-803d5ba4eea1,2026-07-15T23:15:00Z,2026-07-16T01:15:00+0200,590.5,MW,FR,FR,actual_offshore_wind_generation,Wind Offshore | Actual Aggregated,2026-08-02T14:20:02Z
2026-08-02T14:18:54Z,2026-08-02T16:18:54+0200,d03952b3-6528-494b-a5a9-803d5ba4eea1,2026-07-15T23:30:00Z,2026-07-16T01:30:00+0200,611.31,MW,FR,FR,actual_offshore_wind_generation,Wind Offshore | Actual Aggregated,2026-08-02T14:20:02Z
2026-08-02T14:18:54Z,2026-08-02T16:18:54+0200,d03952b3-6528-494b-a5a9-803d5ba4eea1,2026-07-15T23:45:00Z,2026-07-16T01:45:00+0200,640.38,MW,FR,FR,actual_offshore_wind_generation,Wind Offshore | Actual Aggregated,2026-08-02T14:20:02Z
2026-08-02T14:18:54Z,2026-08-02T16:18:54+0200,d03952b3-6528-494b-a5a9-803d5ba4eea1,2026-07-16T00:00:00Z,2026-07-16T02:00:00+0200,656.67,MW,FR,FR,actual_offshore_wind_generation,Wind Offshore | Actual Aggregated,2026-08-02T14:20:02Z
2026-08-02T14:18:54Z,2026-08-02T16:18:54+0200,d03952b3-6528-494b-a5a9-803d5ba4eea1,2026-07-16T00:15:00Z,2026-07-16T02:15:00+0200,632.95,MW,FR,FR,actual_offshore_wind_generation,Wind Offshore | Actual Aggregated,2026-08-02T14:20:02Z
2026-08-02T14:18:54Z,2026-08-02T16:18:54+0200,d03952b3-6528-494b-a5a9-803d5ba4eea1,2026-07-16T00:30:00Z,2026-07-16T02:30:00+0200,633.33,MW,FR,FR,actual_offshore_wind_generation,Wind Offshore | Actual Aggregated,2026-08-02T14:20:02Z
2026-08-02T14:18:54Z,2026-08-02T16:18:54+0200,d03952b3-6528-494b-a5a9-803d5ba4eea1,2026-07-16T00:45:00Z,2026-07-16T02:45:00+0200,651.27,MW,FR,FR,actual_offshore_wind_generation,Wind Offshore | Actual Aggregated,2026-08-02T14:20:02Z
2026-08-02T14:18:54Z,2026-08-02T16:18:54+0200,d03952b3-6528-494b-a5a9-803d5ba4eea1,2026-07-16T01:00:00Z,2026-07-16T03:00:00+0200,617.51,MW,FR,FR,actual_offshore_wind_generation,Wind Offshore | Actual Aggregated,2026-08-02T14:20:02Z
2026-08-02T14:18:54Z,2026-08-02T16:18:54+0200,d03952b3-6528-494b-a5a9-803d5ba4eea1,2026-07-16T01:15:00Z,2026-07-16T03:15:00+0200,569.96,MW,FR,FR,actual_offshore_wind_generation,Wind Offshore | Actual Aggregated,2026-08-02T14:20:02Z
2026-08-02T14:18:54Z,2026-08-02T16:18:54+0200,d03952b3-6528-494b-a5a9-803d5ba4eea1,2026-07-16T01:30:00Z,2026-07-16T03:30:00+0200,566.29,MW,FR,FR,actual_offshore_wind_generation,Wind Offshore | Actual Aggregated,2026-08-02T14:20:02Z
2026-08-02T14:18:54Z,2026-08-02T16:18:54+0200,d03952b3-6528-494b-a5a9-803d5ba4eea1,2026-07-16T01:45:00Z,2026-07-16T03:45:00+0200,575.26,MW,FR,FR,actual_offshore_wind_generation,Wind Offshore | Actual Aggregated,2026-08-02T14:20:02Z
2026-08-02T14:18:54Z,2026-08-02T16:18:54+0200,d03952b3-6528-494b-a5a9-803d5ba4eea1,2026-07-16T02:00:00Z,2026-07-16T04:00:00+0200,595.96,MW,FR,FR,actual_offshore_wind_generation,Wind Offshore | Actual Aggregated,2026-08-02T14:20:02Z
2026-08-02T14:18:54Z,2026-08-02T16:18:54+0200,d03952b3-6528-494b-a5a9-803d5ba4eea1,2026-07-16T02:15:00Z,2026-07-16T04:15:00+0200,583.03,MW,FR,FR,actual_offshore_wind_generation,Wind Offshore | Actual Aggregated,2026-08-02T14:20:02Z
2026-08-02T14:18:54Z,2026-08-02T16:18:54+0200,d03952b3-6528-494b-a5a9-803d5ba4eea1,2026-07-16T02:30:00Z,2026-07-16T04:30:00+0200,526.56,MW,FR,FR,actual_offshore_wind_generation,Wind Offshore | Actual Aggregated,2026-08-02T14:20:02Z
2026-08-02T14:18:54Z,2026-08-02T16:18:54+0200,d03952b3-6528-494b-a5a9-803d5ba4eea1,2026-07-16T02:45:00Z,2026-07-16T04:45:00+0200,522.39,MW,FR,FR,actual_offshore_wind_generation,Wind Offshore | Actual Aggregated,2026-08-02T14:20:02Z
2026-08-02T14:18:54Z,2026-08-02T16:18:54+0200,d03952b3-6528-494b-a5a9-803d5ba4eea1,2026-07-16T03:00:00Z,2026-07-16T05:00:00+0200,518.08,MW,FR,FR,actual_offshore_wind_generation,Wind Offshore | Actual Aggregated,2026-08-02T14:20:02Z
2026-08-02T14:18:54Z,2026-08-02T16:18:54+0200,d03952b3-6528-494b-a5a9-803d5ba4eea1,2026-07-16T03:15:00Z,2026-07-16T05:15:00+0200,520.98,MW,FR,FR,actual_offshore_wind_generation,Wind Offshore | Actual Aggregated,2026-08-02T14:20:02Z
2026-08-02T14:18:54Z,2026-08-02T16:18:54+0200,d03952b3-6528-494b-a5a9-803d5ba4eea1,2026-07-16T03:30:00Z,2026-07-16T05:30:00+0200,520.94,MW,FR,FR,actual_offshore_wind_generation,Wind Offshore | Actual Aggregated,2026-08-02T14:20:02Z
2026-08-02T14:18:54Z,2026-08-02T16:18:54+0200,d03952b3-6528-494b-a5a9-803d5ba4eea1,2026-07-16T03:45:00Z,2026-07-16T05:45:00+0200,515.54,MW,FR,FR,actual_offshore_wind_generation,Wind Offshore | Actual Aggregated,2026-08-02T14:20:02Z
2026-08-02T14:18:54Z,2026-08-02T16:18:54+0200,d03952b3-6528-494b-a5a9-803d5ba4eea1,2026-07-16T04:00:00Z,2026-07-16T06:00:00+0200,495.17,MW,FR,FR,actual_offshore_wind_generation,Wind Offshore | Actual Aggregated,2026-08-02T14:20:02Z
2026-08-02T14:18:54Z,2026-08-02T16:18:54+0200,d03952b3-6528-494b-a5a9-803d5ba4eea1,2026-07-16T04:15:00Z,2026-07-16T06:15:00+0200,472.55,MW,FR,FR,actual_offshore_wind_generation,Wind Offshore | Actual Aggregated,2026-08-02T14:20:02Z
2026-08-02T14:18:54Z,2026-08-02T16:18:54+0200,d03952b3-6528-494b-a5a9-803d5ba4eea1,2026-07-16T04:30:00Z,2026-07-16T06:30:00+0200,462.44,MW,FR,FR,actual_offshore_wind_generation,Wind Offshore | Actual Aggregated,2026-08-02T14:20:02Z
2026-08-02T14:18:54Z,2026-08-02T16:18:54+0200,d03952b3-6528-494b-a5a9-803d5ba4eea1,2026-07-16T04:45:00Z,2026-07-16T06:45:00+0200,461.65,MW,FR,FR,actual_offshore_wind_generation,Wind Offshore | Actual Aggregated,2026-08-02T14:20:02Z
2026-08-02T14:18:54Z,2026-08-02T16:18:54+0200,d03952b3-6528-494b-a5a9-803d5ba4eea1,2026-07-16T05:00:00Z,2026-07-16T07:00:00+0200,455.28,MW,FR,FR,actual_offshore_wind_generation,Wind Offshore | Actual Aggregated,2026-08-02T14:20:02Z
2026-08-02T14:18:54Z,2026-08-02T16:18:54+0200,d03952b3-6528-494b-a5a9-803d5ba4eea1,2026-07-16T05:15:00Z,2026-07-16T07:15:00+0200,477.43,MW,FR,FR,actual_offshore_wind_generation,Wind Offshore | Actual Aggregated,2026-08-02T14:20:02Z
2026-08-02T14:18:54Z,2026-08-02T16:18:54+0200,d03952b3-6528-494b-a5a9-803d5ba4eea1,2026-07-16T05:30:00Z,2026-07-16T07:30:00+0200,471.09,MW,FR,FR,actual_offshore_wind_generation,Wind Offshore | Actual Aggregated,2026-08-02T14:20:02Z
2026-08-02T14:18:54Z,2026-08-02T16:18:54+0200,d03952b3-6528-494b-a5a9-803d5ba4eea1,2026-07-16T05:45:00Z,2026-07-16T07:45:00+0200,463.48,MW,FR,FR,actual_offshore_wind_generation,Wind Offshore | Actual Aggregated,2026-08-02T14:20:02Z
2026-08-02T14:18:54Z,2026-08-02T16:18:54+0200,d03952b3-6528-494b-a5a9-803d5ba4eea1,2026-07-16T06:00:00Z,2026-07-16T08:00:00+0200,441.18,MW,FR,FR,actual_offshore_wind_generation,Wind Offshore | Actual Aggregated,2026-08-02T14:20:02Z
2026-08-02T14:18:54Z,2026-08-02T16:18:54+0200,d03952b3-6528-494b-a5a9-803d5ba4eea1,2026-07-16T06:15:00Z,2026-07-16T08:15:00+0200,421.59,MW,FR,FR,actual_offshore_wind_generation,Wind Offshore | Actual Aggregated,2026-08-02T14:20:02Z
2026-08-02T14:18:54Z,2026-08-02T16:18:54+0200,d03952b3-6528-494b-a5a9-803d5ba4eea1,2026-07-16T06:30:00Z,2026-07-16T08:30:00+0200,397.68,MW,FR,FR,actual_offshore_wind_generation,Wind Offshore | Actual Aggregated,2026-08-02T14:20:02Z
2026-08-02T14:18:54Z,2026-08-02T16:18:54+0200,d03952b3-6528-494b-a5a9-803d5ba4eea1,2026-07-16T06:45:00Z,2026-07-16T08:45:00+0200,357.58,MW,FR,FR,actual_offshore_wind_generation,Wind Offshore | Actual Aggregated,2026-08-02T14:20:02Z
2026-08-02T14:18:54Z,2026-08-02T16:18:54+0200,d03952b3-6528-494b-a5a9-803d5ba4eea1,2026-07-16T07:00:00Z,2026-07-16T09:00:00+0200,319.03,MW,FR,FR,actual_offshore_wind_generation,Wind Offshore | Actual Aggregated,2026-08-02T14:20:02Z
2026-08-02T14:18:54Z,2026-08-02T16:18:54+0200,d03952b3-6528-494b-a5a9-803d5ba4eea1,2026-07-16T07:15:00Z,2026-07-16T09:15:00+0200,315.46,MW,FR,FR,actual_offshore_wind_generation,Wind Offshore | Actual Aggregated,2026-08-02T14:20:02Z
2026-08-02T14:18:54Z,2026-08-02T16:18:54+0200,d03952b3-6528-494b-a5a9-803d5ba4eea1,2026-07-16T07:30:00Z,2026-07-16T09:30:00+0200,332.57,MW,FR,FR,actual_offshore_wind_generation,Wind Offshore | Actual Aggregated,2026-08-02T14:20:02Z
2026-08-02T14:18:54Z,2026-08-02T16:18:54+0200,d03952b3-6528-494b-a5a9-803d5ba4eea1,2026-07-16T07:45:00Z,2026-07-16T09:45:00+0200,346.06,MW,FR,FR,actual_offshore_wind_generation,Wind Offshore | Actual Aggregated,2026-08-02T14:20:02Z
2026-08-02T14:18:54Z,2026-08-02T16:18:54+0200,d03952b3-6528-494b-a5a9-803d5ba4eea1,2026-07-16T08:00:00Z,2026-07-16T10:00:00+0200,355.33,MW,FR,FR,actual_offshore_wind_generation,Wind Offshore | Actual Aggregated,2026-08-02T14:20:02Z
2026-08-02T14:18:54Z,2026-08-02T16:18:54+0200,d03952b3-6528-494b-a5a9-803d5ba4eea1,2026-07-16T08:15:00Z,2026-07-16T10:15:00+0200,332.04,MW,FR,FR,actual_offshore_wind_generation,Wind Offshore | Actual Aggregated,2026-08-02T14:20:02Z
2026-08-02T14:18:54Z,2026-08-02T16:18:54+0200,d03952b3-6528-494b-a5a9-803d5ba4eea1,2026-07-16T08:30:00Z,2026-07-16T10:30:00+0200,333.45,MW,FR,FR,actual_offshore_wind_generation,Wind Offshore | Actual Aggregated,2026-08-02T14:20:02Z
2026-08-02T14:18:54Z,2026-08-02T16:18:54+0200,d03952b3-6528-494b-a5a9-803d5ba4eea1,2026-07-16T08:45:00Z,2026-07-16T10:45:00+0200,349.31,MW,FR,FR,actual_offshore_wind_generation,Wind Offshore | Actual Aggregated,2026-08-02T14:20:02Z
2026-08-02T14:18:54Z,2026-08-02T16:18:54+0200,d03952b3-6528-494b-a5a9-803d5ba4eea1,2026-07-16T09:00:00Z,2026-07-16T11:00:00+0200,347.67,MW,FR,FR,actual_offshore_wind_generation,Wind Offshore | Actual Aggregated,2026-08-02T14:20:02Z
2026-08-02T14:18:54Z,2026-08-02T16:18:54+0200,d03952b3-6528-494b-a5a9-803d5ba4eea1,2026-07-16T09:15:00Z,2026-07-16T11:15:00+0200,346.62,MW,FR,FR,actual_offshore_wind_generation,Wind Offshore | Actual Aggregated,2026-08-02T14:20:02Z
2026-08-02T14:18:54Z,2026-08-02T16:18:54+0200,d03952b3-6528-494b-a5a9-803d5ba4eea1,2026-07-16T09:30:00Z,2026-07-16T11:30:00+0200,347.24,MW,FR,FR,actual_offshore_wind_generation,Wind Offshore | Actual Aggregated,2026-08-02T14:20:02Z
2026-08-02T14:18:54Z,2026-08-02T16:18:54+0200,d03952b3-6528-494b-a5a9-803d5ba4eea1,2026-07-16T09:45:00Z,2026-07-16T11:45:00+0200,335.04,MW,FR,FR,actual_offshore_wind_generation,Wind Offshore | Actual Aggregated,2026-08-02T14:20:02Z
2026-08-02T14:18:54Z,2026-08-02T16:18:54+0200,d03952b3-6528-494b-a5a9-803d5ba4eea1,2026-07-16T10:00:00Z,2026-07-16T12:00:00+0200,354.92,MW,FR,FR,actual_offshore_wind_generation,Wind Offshore | Actual Aggregated,2026-08-02T14:20:02Z
2026-08-02T14:18:54Z,2026-08-02T16:18:54+0200,d03952b3-6528-494b-a5a9-803d5ba4eea1,2026-07-16T10:15:00Z,2026-07-16T12:15:00+0200,365.81,MW,FR,FR,actual_offshore_wind_generation,Wind Offshore | Actual Aggregated,2026-08-02T14:20:02Z
2026-08-02T14:18:54Z,2026-08-02T16:18:54+0200,d03952b3-6528-494b-a5a9-803d5ba4eea1,2026-07-16T10:30:00Z,2026-07-16T12:30:00+0200,354.09,MW,FR,FR,actual_offshore_wind_generation,Wind Offshore | Actual Aggregated,2026-08-02T14:20:02Z
2026-08-02T14:18:54Z,2026-08-02T16:18:54+0200,d03952b3-6528-494b-a5a9-803d5ba4eea1,2026-07-16T10:45:00Z,2026-07-16T12:45:00+0200,359.46,MW,FR,FR,actual_offshore_wind_generation,Wind Offshore | Actual Aggregated,2026-08-02T14:20:02Z
2026-08-02T14:18:54Z,2026-08-02T16:18:54+0200,d03952b3-6528-494b-a5a9-803d5ba4eea1,2026-07-16T11:00:00Z,2026-07-16T13:00:00+0200,374.0,MW,FR,FR,actual_offshore_wind_generation,Wind Offshore | Actual Aggregated,2026-08-02T14:20:02Z
2026-08-02T14:18:54Z,2026-08-02T16:18:54+0200,d03952b3-6528-494b-a5a9-803d5ba4eea1,2026-07-16T11:15:00Z,2026-07-16T13:15:00+0200,384.66,MW,FR,FR,actual_offshore_wind_generation,Wind Offshore | Actual Aggregated,2026-08-02T14:20:02Z
2026-08-02T14:18:54Z,2026-08-02T16:18:54+0200,d03952b3-6528-494b-a5a9-803d5ba4eea1,2026-07-16T11:30:00Z,2026-07-16T13:30:00+0200,374.93,MW,FR,FR,actual_offshore_wind_generation,Wind Offshore | Actual Aggregated,2026-08-02T14:20:02Z
2026-08-02T14:18:54Z,2026-08-02T16:18:54+0200,d03952b3-6528-494b-a5a9-803d5ba4eea1,2026-07-16T11:45:00Z,2026-07-16T13:45:00+0200,366.96,MW,FR,FR,actual_offshore_wind_generation,Wind Offshore | Actual Aggregated,2026-08-02T14:20:02Z
2026-08-02T14:18:54Z,2026-08-02T16:18:54+0200,d03952b3-6528-494b-a5a9-803d5ba4eea1,2026-07-16T12:00:00Z,2026-07-16T14:00:00+0200,383.31,MW,FR,FR,actual_offshore_wind_generation,Wind Offshore | Actual Aggregated,2026-08-02T14:20:02Z
2026-08-02T14:18:54Z,2026-08-02T16:18:54+0200,d03952b3-6528-494b-a5a9-803d5ba4eea1,2026-07-16T12:15:00Z,2026-07-16T14:15:00+0200,424.2,MW,FR,FR,actual_offshore_wind_generation,Wind Offshore | Actual Aggregated,2026-08-02T14:20:02Z
2026-08-02T14:18:54Z,2026-08-02T16:18:54+0200,d03952b3-6528-494b-a5a9-803d5ba4eea1,2026-07-16T12:30:00Z,2026-07-16T14:30:00+0200,464.81,MW,FR,FR,actual_offshore_wind_generation,Wind Offshore | Actual Aggregated,2026-08-02T14:20:02Z
2026-08-02T14:18:54Z,2026-08-02T16:18:54+0200,d03952b3-6528-494b-a5a9-803d5ba4eea1,2026-07-16T12:45:00Z,2026-07-16T14:45:00+0200,502.18,MW,FR,FR,actual_offshore_wind_generation,Wind Offshore | Actual Aggregated,2026-08-02T14:20:02Z
2026-08-02T14:18:54Z,2026-08-02T16:18:54+0200,d03952b3-6528-494b-a5a9-803d5ba4eea1,2026-07-16T13:00:00Z,2026-07-16T15:00:00+0200,602.16,MW,FR,FR,actual_offshore_wind_generation,Wind Offshore | Actual Aggregated,2026-08-02T14:20:02Z
2026-08-02T14:18:54Z,2026-08-02T16:18:54+0200,d03952b3-6528-494b-a5a9-803d5ba4eea1,2026-07-16T13:15:00Z,2026-07-16T15:15:00+0200,630.5,MW,FR,FR,actual_offshore_wind_generation,Wind Offshore | Actual Aggregated,2026-08-02T14:20:02Z
2026-08-02T14:18:54Z,2026-08-02T16:18:54+0200,d03952b3-6528-494b-a5a9-803d5ba4eea1,2026-07-16T13:30:00Z,2026-07-16T15:30:00+0200,586.6,MW,FR,FR,actual_offshore_wind_generation,Wind Offshore | Actual Aggregated,2026-08-02T14:20:02Z
2026-08-02T14:18:54Z,2026-08-02T16:18:54+0200,d03952b3-6528-494b-a5a9-803d5ba4eea1,2026-07-16T13:45:00Z,2026-07-16T15:45:00+0200,534.43,MW,FR,FR,actual_offshore_wind_generation,Wind Offshore | Actual Aggregated,2026-08-02T14:20:02Z
2026-08-02T14:18:54Z,2026-08-02T16:18:54+0200,d03952b3-6528-494b-a5a9-803d5ba4eea1,2026-07-16T14:00:00Z,2026-07-16T16:00:00+0200,600.29,MW,FR,FR,actual_offshore_wind_generation,Wind Offshore | Actual Aggregated,2026-08-02T14:20:02Z
2026-08-02T14:18:54Z,2026-08-02T16:18:54+0200,d03952b3-6528-494b-a5a9-803d5ba4eea1,2026-07-16T14:15:00Z,2026-07-16T16:15:00+0200,637.29,MW,FR,FR,actual_offshore_wind_generation,Wind Offshore | Actual Aggregated,2026-08-02T14:20:02Z
2026-08-02T14:18:54Z,2026-08-02T16:18:54+0200,d03952b3-6528-494b-a5a9-803d5ba4eea1,2026-07-16T14:30:00Z,2026-07-16T16:30:00+0200,744.79,MW,FR,FR,actual_offshore_wind_generation,Wind Offshore | Actual Aggregated,2026-08-02T14:20:02Z
2026-08-02T14:18:54Z,2026-08-02T16:18:54+0200,d03952b3-6528-494b-a5a9-803d5ba4eea1,2026-07-16T14:45:00Z,2026-07-16T16:45:00+0200,762.66,MW,FR,FR,actual_offshore_wind_generation,Wind Offshore | Actual Aggregated,2026-08-02T14:20:02Z
2026-08-02T14:18:54Z,2026-08-02T16:18:54+0200,d03952b3-6528-494b-a5a9-803d5ba4eea1,2026-07-16T15:00:00Z,2026-07-16T17:00:00+0200,818.41,MW,FR,FR,actual_offshore_wind_generation,Wind Offshore | Actual Aggregated,2026-08-02T14:20:02Z
2026-08-02T14:18:54Z,2026-08-02T16:18:54+0200,d03952b3-6528-494b-a5a9-803d5ba4eea1,2026-07-16T15:15:00Z,2026-07-16T17:15:00+0200,848.49,MW,FR,FR,actual_offshore_wind_generation,Wind Offshore | Actual Aggregated,2026-08-02T14:20:02Z
2026-08-02T14:18:54Z,2026-08-02T16:18:54+0200,d03952b3-6528-494b-a5a9-803d5ba4eea1,2026-07-16T15:30:00Z,2026-07-16T17:30:00+0200,798.9,MW,FR,FR,actual_offshore_wind_generation,Wind Offshore | Actual Aggregated,2026-08-02T14:20:02Z
2026-08-02T14:18:54Z,2026-08-02T16:18:54+0200,d03952b3-6528-494b-a5a9-803d5ba4eea1,2026-07-16T15:45:00Z,2026-07-16T17:45:00+0200,850.24,MW,FR,FR,actual_offshore_wind_generation,Wind Offshore | Actual Aggregated,2026-08-02T14:20:02Z
2026-08-02T14:18:54Z,2026-08-02T16:18:54+0200,d03952b3-6528-494b-a5a9-803d5ba4eea1,2026-07-16T16:00:00Z,2026-07-16T18:00:00+0200,911.8,MW,FR,FR,actual_offshore_wind_generation,Wind Offshore | Actual Aggregated,2026-08-02T14:20:02Z
2026-08-02T14:18:54Z,2026-08-02T16:18:54+0200,d03952b3-6528-494b-a5a9-803d5ba4eea1,2026-07-16T16:15:00Z,2026-07-16T18:15:00+0200,899.43,MW,FR,FR,actual_offshore_wind_generation,Wind Offshore | Actual Aggregated,2026-08-02T14:20:02Z
2026-08-02T14:18:54Z,2026-08-02T16:18:54+0200,d03952b3-6528-494b-a5a9-803d5ba4eea1,2026-07-16T16:30:00Z,2026-07-16T18:30:00+0200,887.16,MW,FR,FR,actual_offshore_wind_generation,Wind Offshore | Actual Aggregated,2026-08-02T14:20:02Z
2026-08-02T14:18:54Z,2026-08-02T16:18:54+0200,d03952b3-6528-494b-a5a9-803d5ba4eea1,2026-07-16T16:45:00Z,2026-07-16T18:45:00+0200,999.33,MW,FR,FR,actual_offshore_wind_generation,Wind Offshore | Actual Aggregated,2026-08-02T14:20:02Z
2026-08-02T14:18:54Z,2026-08-02T16:18:54+0200,d03952b3-6528-494b-a5a9-803d5ba4eea1,2026-07-16T17:00:00Z,2026-07-16T19:00:00+0200,1050.61,MW,FR,FR,actual_offshore_wind_generation,Wind Offshore | Actual Aggregated,2026-08-02T14:20:02Z
2026-08-02T14:18:54Z,2026-08-02T16:18:54+0200,d03952b3-6528-494b-a5a9-803d5ba4eea1,2026-07-16T17:15:00Z,2026-07-16T19:15:00+0200,972.19,MW,FR,FR,actual_offshore_wind_generation,Wind Offshore | Actual Aggregated,2026-08-02T14:20:02Z
2026-08-02T14:18:54Z,2026-08-02T16:18:54+0200,d03952b3-6528-494b-a5a9-803d5ba4eea1,2026-07-16T17:30:00Z,2026-07-16T19:30:00+0200,923.41,MW,FR,FR,actual_offshore_wind_generation,Wind Offshore | Actual Aggregated,2026-08-02T14:20:02Z
2026-08-02T14:18:54Z,2026-08-02T16:18:54+0200,d03952b3-6528-494b-a5a9-803d5ba4eea1,2026-07-16T17:45:00Z,2026-07-16T19:45:00+0200,1001.94,MW,FR,FR,actual_offshore_wind_generation,Wind Offshore | Actual Aggregated,2026-08-02T14:20:02Z
2026-08-02T14:18:54Z,2026-08-02T16:18:54+0200,d03952b3-6528-494b-a5a9-803d5ba4eea1,2026-07-16T18:00:00Z,2026-07-16T20:00:00+0200,1072.38,MW,FR,FR,actual_offshore_wind_generation,Wind Offshore | Actual Aggregated,2026-08-02T14:20:02Z
2026-08-02T14:18:54Z,2026-08-02T16:18:54+0200,d03952b3-6528-494b-a5a9-803d5ba4eea1,2026-07-16T18:15:00Z,2026-07-16T20:15:00+0200,1099.61,MW,FR,FR,actual_offshore_wind_generation,Wind Offshore | Actual Aggregated,2026-08-02T14:20:02Z
2026-08-02T14:18:54Z,2026-08-02T16:18:54+0200,d03952b3-6528-494b-a5a9-803d5ba4eea1,2026-07-16T18:30:00Z,2026-07-16T20:30:00+0200,1129.14,MW,FR,FR,actual_offshore_wind_generation,Wind Offshore | Actual Aggregated,2026-08-02T14:20:02Z
2026-08-02T14:18:54Z,2026-08-02T16:18:54+0200,d03952b3-6528-494b-a5a9-803d5ba4eea1,2026-07-16T18:45:00Z,2026-07-16T20:45:00+0200,1143.81,MW,FR,FR,actual_offshore_wind_generation,Wind Offshore | Actual Aggregated,2026-08-02T14:20:02Z
2026-08-02T14:18:54Z,2026-08-02T16:18:54+0200,d03952b3-6528-494b-a5a9-803d5ba4eea1,2026-07-16T19:00:00Z,2026-07-16T21:00:00+0200,1072.11,MW,FR,FR,actual_offshore_wind_generation,Wind Offshore | Actual Aggregated,2026-08-02T14:20:02Z
2026-08-02T14:18:54Z,2026-08-02T16:18:54+0200,d03952b3-6528-494b-a5a9-803d5ba4eea1,2026-07-16T19:15:00Z,2026-07-16T21:15:00+0200,917.78,MW,FR,FR,actual_offshore_wind_generation,Wind Offshore | Actual Aggregated,2026-08-02T14:20:02Z
2026-08-02T14:18:54Z,2026-08-02T16:18:54+0200,d03952b3-6528-494b-a5a9-803d5ba4eea1,2026-07-16T19:30:00Z,2026-07-16T21:30:00+0200,848.21,MW,FR,FR,actual_offshore_wind_generation,Wind Offshore | Actual Aggregated,2026-08-02T14:20:02Z
2026-08-02T14:18:54Z,2026-08-02T16:18:54+0200,d03952b3-6528-494b-a5a9-803d5ba4eea1,2026-07-16T19:45:00Z,2026-07-16T21:45:00+0200,803.05,MW,FR,FR,actual_offshore_wind_generation,Wind Offshore | Actual Aggregated,2026-08-02T14:20:02Z
2026-08-02T14:18:54Z,2026-08-02T16:18:54+0200,d03952b3-6528-494b-a5a9-803d5ba4eea1,2026-07-16T20:00:00Z,2026-07-16T22:00:00+0200,747.13,MW,FR,FR,actual_offshore_wind_generation,Wind Offshore | Actual Aggregated,2026-08-02T14:20:02Z
2026-08-02T14:18:54Z,2026-08-02T16:18:54+0200,d03952b3-6528-494b-a5a9-803d5ba4eea1,2026-07-16T20:15:00Z,2026-07-16T22:15:00+0200,667.55,MW,FR,FR,actual_offshore_wind_generation,Wind Offshore | Actual Aggregated,2026-08-02T14:20:02Z
2026-08-02T14:18:54Z,2026-08-02T16:18:54+0200,d03952b3-6528-494b-a5a9-803d5ba4eea1,2026-07-16T20:30:00Z,2026-07-16T22:30:00+0200,582.11,MW,FR,FR,actual_offshore_wind_generation,Wind Offshore | Actual Aggregated,2026-08-02T14:20:02Z
2026-08-02T14:18:54Z,2026-08-02T16:18:54+0200,d03952b3-6528-494b-a5a9-803d5ba4eea1,2026-07-16T20:45:00Z,2026-07-16T22:45:00+0200,513.81,MW,FR,FR,actual_offshore_wind_generation,Wind Offshore | Actual Aggregated,2026-08-02T14:20:02Z
2026-08-02T14:18:54Z,2026-08-02T16:18:54+0200,d03952b3-6528-494b-a5a9-803d5ba4eea1,2026-07-16T21:00:00Z,2026-07-16T23:00:00+0200,415.18,MW,FR,FR,actual_offshore_wind_generation,Wind Offshore | Actual Aggregated,2026-08-02T14:20:02Z
2026-08-02T14:18:54Z,2026-08-02T16:18:54+0200,d03952b3-6528-494b-a5a9-803d5ba4eea1,2026-07-16T21:15:00Z,2026-07-16T23:15:00+0200,358.32,MW,FR,FR,actual_offshore_wind_generation,Wind Offshore | Actual Aggregated,2026-08-02T14:20:02Z
2026-08-02T14:18:54Z,2026-08-02T16:18:54+0200,d03952b3-6528-494b-a5a9-803d5ba4eea1,2026-07-16T21:30:00Z,2026-07-16T23:30:00+0200,351.24,MW,FR,FR,actual_offshore_wind_generation,Wind Offshore | Actual Aggregated,2026-08-02T14:20:02Z
2026-08-02T14:18:54Z,2026-08-02T16:18:54+0200,d03952b3-6528-494b-a5a9-803d5ba4eea1,2026-07-16T21:45:00Z,2026-07-16T23:45:00+0200,323.5,MW,FR,FR,actual_offshore_wind_generation,Wind Offshore | Actual Aggregated,2026-08-02T14:20:02Z
2026-08-02T14:18:54Z,2026-08-02T16:18:54+0200,d03952b3-6528-494b-a5a9-803d5ba4eea1,2026-07-16T22:00:00Z,2026-07-17T00:00:00+0200,293.23,MW,FR,FR,actual_offshore_wind_generation,Wind Offshore | Actual Aggregated,2026-08-02T14:20:02Z
2026-08-02T14:18:54Z,2026-08-02T16:18:54+0200,d03952b3-6528-494b-a5a9-803d5ba4eea1,2026-07-16T22:15:00Z,2026-07-17T00:15:00+0200,266.78,MW,FR,FR,actual_offshore_wind_generation,Wind Offshore | Actual Aggregated,2026-08-02T14:20:02Z
2026-08-02T14:18:54Z,2026-08-02T16:18:54+0200,d03952b3-6528-494b-a5a9-803d5ba4eea1,2026-07-16T22:30:00Z,2026-07-17T00:30:00+0200,235.36,MW,FR,FR,actual_offshore_wind_generation,Wind Offshore | Actual Aggregated,2026-08-02T14:20:02Z
2026-08-02T14:18:54Z,2026-08-02T16:18:54+0200,d03952b3-6528-494b-a5a9-803d5ba4eea1,2026-07-16T22:45:00Z,2026-07-17T00:45:00+0200,236.31,MW,FR,FR,actual_offshore_wind_generation,Wind Offshore | Actual Aggregated,2026-08-02T14:20:02Z
2026-08-02T14:18:54Z,2026-08-02T16:18:54+0200,d03952b3-6528-494b-a5a9-803d5ba4eea1,2026-07-16T23:00:00Z,2026-07-17T01:00:00+0200,262.86,MW,FR,FR,actual_offshore_wind_generation,Wind Offshore | Actual Aggregated,2026-08-02T14:20:02Z
2026-08-02T14:18:54Z,2026-08-02T16:18:54+0200,d03952b3-6528-494b-a5a9-803d5ba4eea1,2026-07-16T23:15:00Z,2026-07-17T01:15:00+0200,276.12,MW,FR,FR,actual_offshore_wind_generation,Wind Offshore | Actual Aggregated,2026-08-02T14:20:02Z
2026-08-02T14:18:54Z,2026-08-02T16:18:54+0200,d03952b3-6528-494b-a5a9-803d5ba4eea1,2026-07-16T23:30:00Z,2026-07-17T01:30:00+0200,278.62,MW,FR,FR,actual_offshore_wind_generation,Wind Offshore | Actual Aggregated,2026-08-02T14:20:02Z
2026-08-02T14:18:54Z,2026-08-02T16:18:54+0200,d03952b3-6528-494b-a5a9-803d5ba4eea1,2026-07-16T23:45:00Z,2026-07-17T01:45:00+0200,295.4,MW,FR,FR,actual_offshore_wind_generation,Wind Offshore | Actual Aggregated,2026-08-02T14:20:02Z
2026-08-02T14:18:54Z,2026-08-02T16:18:54+0200,d03952b3-6528-494b-a5a9-803d5ba4eea1,2026-07-17T00:00:00Z,2026-07-17T02:00:00+0200,351.74,MW,FR,FR,actual_offshore_wind_generation,Wind Offshore | Actual Aggregated,2026-08-02T14:20:02Z
2026-08-02T14:18:54Z,2026-08-02T16:18:54+0200,d03952b3-6528-494b-a5a9-803d5ba4eea1,2026-07-17T00:15:00Z,2026-07-17T02:15:00+0200,366.06,MW,FR,FR,actual_offshore_wind_generation,Wind Offshore | Actual Aggregated,2026-08-02T14:20:02Z
2026-08-02T14:18:54Z,2026-08-02T16:18:54+0200,d03952b3-6528-494b-a5a9-803d5ba4eea1,2026-07-17T00:30:00Z,2026-07-17T02:30:00+0200,370.17,MW,FR,FR,actual_offshore_wind_generation,Wind Offshore | Actual Aggregated,2026-08-02T14:20:02Z
2026-08-02T14:18:54Z,2026-08-02T16:18:54+0200,d03952b3-6528-494b-a5a9-803d5ba4eea1,2026-07-17T00:45:00Z,2026-07-17T02:45:00+0200,368.41,MW,FR,FR,actual_offshore_wind_generation,Wind Offshore | Actual Aggregated,2026-08-02T14:20:02Z
2026-08-02T14:18:54Z,2026-08-02T16:18:54+0200,d03952b3-6528-494b-a5a9-803d5ba4eea1,2026-07-17T01:00:00Z,2026-07-17T03:00:00+0200,354.18,MW,FR,FR,actual_offshore_wind_generation,Wind Offshore | Actual Aggregated,2026-08-02T14:20:02Z
2026-08-02T14:18:54Z,2026-08-02T16:18:54+0200,d03952b3-6528-494b-a5a9-803d5ba4eea1,2026-07-17T01:15:00Z,2026-07-17T03:15:00+0200,362.13,MW,FR,FR,actual_offshore_wind_generation,Wind Offshore | Actual Aggregated,2026-08-02T14:20:02Z
2026-08-02T14:18:54Z,2026-08-02T16:18:54+0200,d03952b3-6528-494b-a5a9-803d5ba4eea1,2026-07-17T01:30:00Z,2026-07-17T03:30:00+0200,345.58,MW,FR,FR,actual_offshore_wind_generation,Wind Offshore | Actual Aggregated,2026-08-02T14:20:02Z
2026-08-02T14:18:54Z,2026-08-02T16:18:54+0200,d03952b3-6528-494b-a5a9-803d5ba4eea1,2026-07-17T01:45:00Z,2026-07-17T03:45:00+0200,335.02,MW,FR,FR,actual_offshore_wind_generation,Wind Offshore | Actual Aggregated,2026-08-02T14:20:02Z
2026-08-02T14:18:54Z,2026-08-02T16:18:54+0200,d03952b3-6528-494b-a5a9-803d5ba4eea1,2026-07-17T02:00:00Z,2026-07-17T04:00:00+0200,347.73,MW,FR,FR,actual_offshore_wind_generation,Wind Offshore | Actual Aggregated,2026-08-02T14:20:02Z
2026-08-02T14:18:54Z,2026-08-02T16:18:54+0200,d03952b3-6528-494b-a5a9-803d5ba4eea1,2026-07-17T02:15:00Z,2026-07-17T04:15:00+0200,379.08,MW,FR,FR,actual_offshore_wind_generation,Wind Offshore | Actual Aggregated,2026-08-02T14:20:02Z
2026-08-02T14:18:54Z,2026-08-02T16:18:54+0200,d03952b3-6528-494b-a5a9-803d5ba4eea1,2026-07-17T02:30:00Z,2026-07-17T04:30:00+0200,391.14,MW,FR,FR,actual_offshore_wind_generation,Wind Offshore | Actual Aggregated,2026-08-02T14:20:02Z
2026-08-02T14:18:54Z,2026-08-02T16:18:54+0200,d03952b3-6528-494b-a5a9-803d5ba4eea1,2026-07-17T02:45:00Z,2026-07-17T04:45:00+0200,392.03,MW,FR,FR,actual_offshore_wind_generation,Wind Offshore | Actual Aggregated,2026-08-02T14:20:02Z
2026-08-02T14:18:54Z,2026-08-02T16:18:54+0200,d03952b3-6528-494b-a5a9-803d5ba4eea1,2026-07-17T03:00:00Z,2026-07-17T05:00:00+0200,361.47,MW,FR,FR,actual_offshore_wind_generation,Wind Offshore | Actual Aggregated,2026-08-02T14:20:02Z
2026-08-02T14:18:54Z,2026-08-02T16:18:54+0200,d03952b3-6528-494b-a5a9-803d5ba4eea1,2026-07-17T03:15:00Z,2026-07-17T05:15:00+0200,348.24,MW,FR,FR,actual_offshore_wind_generation,Wind Offshore | Actual Aggregated,2026-08-02T14:20:02Z
2026-08-02T14:18:54Z,2026-08-02T16:18:54+0200,d03952b3-6528-494b-a5a9-803d5ba4eea1,2026-07-17T03:30:00Z,2026-07-17T05:30:00+0200,325.53,MW,FR,FR,actual_offshore_wind_generation,Wind Offshore | Actual Aggregated,2026-08-02T14:20:02Z
2026-08-02T14:18:54Z,2026-08-02T16:18:54+0200,d03952b3-6528-494b-a5a9-803d5ba4eea1,2026-07-17T03:45:00Z,2026-07-17T05:45:00+0200,311.61,MW,FR,FR,actual_offshore_wind_generation,Wind Offshore | Actual Aggregated,2026-08-02T14:20:02Z
2026-08-02T14:18:54Z,2026-08-02T16:18:54+0200,d03952b3-6528-494b-a5a9-803d5ba4eea1,2026-07-17T04:00:00Z,2026-07-17T06:00:00+0200,291.48,MW,FR,FR,actual_offshore_wind_generation,Wind Offshore | Actual Aggregated,2026-08-02T14:20:02Z
2026-08-02T14:18:54Z,2026-08-02T16:18:54+0200,d03952b3-6528-494b-a5a9-803d5ba4eea1,2026-07-17T04:15:00Z,2026-07-17T06:15:00+0200,270.23,MW,FR,FR,actual_offshore_wind_generation,Wind Offshore | Actual Aggregated,2026-08-02T14:20:02Z
2026-08-02T14:18:54Z,2026-08-02T16:18:54+0200,d03952b3-6528-494b-a5a9-803d5ba4eea1,2026-07-17T04:30:00Z,2026-07-17T06:30:00+0200,277.14,MW,FR,FR,actual_offshore_wind_generation,Wind Offshore | Actual Aggregated,2026-08-02T14:20:02Z
2026-08-02T14:18:54Z,2026-08-02T16:18:54+0200,d03952b3-6528-494b-a5a9-803d5ba4eea1,2026-07-17T04:45:00Z,2026-07-17T06:45:00+0200,272.08,MW,FR,FR,actual_offshore_wind_generation,Wind Offshore | Actual Aggregated,2026-08-02T14:20:02Z
2026-08-02T14:18:54Z,2026-08-02T16:18:54+0200,d03952b3-6528-494b-a5a9-803d5ba4eea1,2026-07-17T05:00:00Z,2026-07-17T07:00:00+0200,279.38,MW,FR,FR,actual_offshore_wind_generation,Wind Offshore | Actual Aggregated,2026-08-02T14:20:02Z
2026-08-02T14:18:54Z,2026-08-02T16:18:54+0200,d03952b3-6528-494b-a5a9-803d5ba4eea1,2026-07-17T05:15:00Z,2026-07-17T07:15:00+0200,234.95,MW,FR,FR,actual_offshore_wind_generation,Wind Offshore | Actual Aggregated,2026-08-02T14:20:02Z
2026-08-02T14:18:54Z,2026-08-02T16:18:54+0200,d03952b3-6528-494b-a5a9-803d5ba4eea1,2026-07-17T05:30:00Z,2026-07-17T07:30:00+0200,201.32,MW,FR,FR,actual_offshore_wind_generation,Wind Offshore | Actual Aggregated,2026-08-02T14:20:02Z
2026-08-02T14:18:54Z,2026-08-02T16:18:54+0200,d03952b3-6528-494b-a5a9-803d5ba4eea1,2026-07-17T05:45:00Z,2026-07-17T07:45:00+0200,177.7,MW,FR,FR,actual_offshore_wind_generation,Wind Offshore | Actual Aggregated,2026-08-02T14:20:02Z
2026-08-02T14:18:54Z,2026-08-02T16:18:54+0200,d03952b3-6528-494b-a5a9-803d5ba4eea1,2026-07-17T06:00:00Z,2026-07-17T08:00:00+0200,173.36,MW,FR,FR,actual_offshore_wind_generation,Wind Offshore | Actual Aggregated,2026-08-02T14:20:02Z
2026-08-02T14:18:54Z,2026-08-02T16:18:54+0200,d03952b3-6528-494b-a5a9-803d5ba4eea1,2026-07-17T06:15:00Z,2026-07-17T08:15:00+0200,168.47,MW,FR,FR,actual_offshore_wind_generation,Wind Offshore | Actual Aggregated,2026-08-02T14:20:02Z
2026-08-02T14:18:54Z,2026-08-02T16:18:54+0200,d03952b3-6528-494b-a5a9-803d5ba4eea1,2026-07-17T06:30:00Z,2026-07-17T08:30:00+0200,172.05,MW,FR,FR,actual_offshore_wind_generation,Wind Offshore | Actual Aggregated,2026-08-02T14:20:02Z
2026-08-02T14:18:54Z,2026-08-02T16:18:54+0200,d03952b3-6528-494b-a5a9-803d5ba4eea1,2026-07-17T06:45:00Z,2026-07-17T08:45:00+0200,155.07,MW,FR,FR,actual_offshore_wind_generation,Wind Offshore | Actual Aggregated,2026-08-02T14:20:02Z
2026-08-02T14:18:54Z,2026-08-02T16:18:54+0200,d03952b3-6528-494b-a5a9-803d5ba4eea1,2026-07-17T07:00:00Z,2026-07-17T09:00:00+0200,145.08,MW,FR,FR,actual_offshore_wind_generation,Wind Offshore | Actual Aggregated,2026-08-02T14:20:02Z
2026-08-02T14:18:54Z,2026-08-02T16:18:54+0200,d03952b3-6528-494b-a5a9-803d5ba4eea1,2026-07-17T07:15:00Z,2026-07-17T09:15:00+0200,175.56,MW,FR,FR,actual_offshore_wind_generation,Wind Offshore | Actual Aggregated,2026-08-02T14:20:02Z
2026-08-02T14:18:54Z,2026-08-02T16:18:54+0200,d03952b3-6528-494b-a5a9-803d5ba4eea1,2026-07-17T07:30:00Z,2026-07-17T09:30:00+0200,137.4,MW,FR,FR,actual_offshore_wind_generation,Wind Offshore | Actual Aggregated,2026-08-02T14:20:02Z
2026-08-02T14:18:54Z,2026-08-02T16:18:54+0200,d03952b3-6528-494b-a5a9-803d5ba4eea1,2026-07-17T07:45:00Z,2026-07-17T09:45:00+0200,132.12,MW,FR,FR,actual_offshore_wind_generation,Wind Offshore | Actual Aggregated,2026-08-02T14:20:02Z
2026-08-02T14:18:54Z,2026-08-02T16:18:54+0200,d03952b3-6528-494b-a5a9-803d5ba4eea1,2026-07-17T08:00:00Z,2026-07-17T10:00:00+0200,148.24,MW,FR,FR,actual_offshore_wind_generation,Wind Offshore | Actual Aggregated,2026-08-02T14:20:02Z
2026-08-02T14:18:54Z,2026-08-02T16:18:54+0200,d03952b3-6528-494b-a5a9-803d5ba4eea1,2026-07-17T08:15:00Z,2026-07-17T10:15:00+0200,148.67,MW,FR,FR,actual_offshore_wind_generation,Wind Offshore | Actual Aggregated,2026-08-02T14:20:02Z
2026-08-02T14:18:54Z,2026-08-02T16:18:54+0200,d03952b3-6528-494b-a5a9-803d5ba4eea1,2026-07-17T08:30:00Z,2026-07-17T10:30:00+0200,139.04,MW,FR,FR,actual_offshore_wind_generation,Wind Offshore | Actual Aggregated,2026-08-02T14:20:02Z
2026-08-02T14:18:54Z,2026-08-02T16:18:54+0200,d03952b3-6528-494b-a5a9-803d5ba4eea1,2026-07-17T08:45:00Z,2026-07-17T10:45:00+0200,110.71,MW,FR,FR,actual_offshore_wind_generation,Wind Offshore | Actual Aggregated,2026-08-02T14:20:02Z
2026-08-02T14:18:54Z,2026-08-02T16:18:54+0200,d03952b3-6528-494b-a5a9-803d5ba4eea1,2026-07-17T09:00:00Z,2026-07-17T11:00:00+0200,74.12,MW,FR,FR,actual_offshore_wind_generation,Wind Offshore | Actual Aggregated,2026-08-02T14:20:02Z
2026-08-02T14:18:54Z,2026-08-02T16:18:54+0200,d03952b3-6528-494b-a5a9-803d5ba4eea1,2026-07-17T09:15:00Z,2026-07-17T11:15:00+0200,46.68,MW,FR,FR,actual_offshore_wind_generation,Wind Offshore | Actual Aggregated,2026-08-02T14:20:02Z
2026-08-02T14:18:54Z,2026-08-02T16:18:54+0200,d03952b3-6528-494b-a5a9-803d5ba4eea1,2026-07-17T09:30:00Z,2026-07-17T11:30:00+0200,30.31,MW,FR,FR,actual_offshore_wind_generation,Wind Offshore | Actual Aggregated,2026-08-02T14:20:02Z
2026-08-02T14:18:54Z,2026-08-02T16:18:54+0200,d03952b3-6528-494b-a5a9-803d5ba4eea1,2026-07-17T09:45:00Z,2026-07-17T11:45:00+0200,24.77,MW,FR,FR,actual_offshore_wind_generation,Wind Offshore | Actual Aggregated,2026-08-02T14:20:02Z
2026-08-02T14:18:54Z,2026-08-02T16:18:54+0200,d03952b3-6528-494b-a5a9-803d5ba4eea1,2026-07-17T10:00:00Z,2026-07-17T12:00:00+0200,20.4,MW,FR,FR,actual_offshore_wind_generation,Wind Offshore | Actual Aggregated,2026-08-02T14:20:02Z
2026-08-02T14:18:54Z,2026-08-02T16:18:54+0200,d03952b3-6528-494b-a5a9-803d5ba4eea1,2026-07-17T10:15:00Z,2026-07-17T12:15:00+0200,20.29,MW,FR,FR,actual_offshore_wind_generation,Wind Offshore | Actual Aggregated,2026-08-02T14:20:02Z
2026-08-02T14:18:54Z,2026-08-02T16:18:54+0200,d03952b3-6528-494b-a5a9-803d5ba4eea1,2026-07-17T10:30:00Z,2026-07-17T12:30:00+0200,19.33,MW,FR,FR,actual_offshore_wind_generation,Wind Offshore | Actual Aggregated,2026-08-02T14:20:02Z
2026-08-02T14:18:54Z,2026-08-02T16:18:54+0200,d03952b3-6528-494b-a5a9-803d5ba4eea1,2026-07-17T10:45:00Z,2026-07-17T12:45:00+0200,13.6,MW,FR,FR,actual_offshore_wind_generation,Wind Offshore | Actual Aggregated,2026-08-02T14:20:02Z
2026-08-02T14:18:54Z,2026-08-02T16:18:54+0200,d03952b3-6528-494b-a5a9-803d5ba4eea1,2026-07-17T11:00:00Z,2026-07-17T13:00:00+0200,11.57,MW,FR,FR,actual_offshore_wind_generation,Wind Offshore | Actual Aggregated,2026-08-02T14:20:02Z
2026-08-02T14:18:54Z,2026-08-02T16:18:54+0200,d03952b3-6528-494b-a5a9-803d5ba4eea1,2026-07-17T11:15:00Z,2026-07-17T13:15:00+0200,14.45,MW,FR,FR,actual_offshore_wind_generation,Wind Offshore | Actual Aggregated,2026-08-02T14:20:02Z
2026-08-02T14:18:54Z,2026-08-02T16:18:54+0200,d03952b3-6528-494b-a5a9-803d5ba4eea1,2026-07-17T11:30:00Z,2026-07-17T13:30:00+0200,16.75,MW,FR,FR,actual_offshore_wind_generation,Wind Offshore | Actual Aggregated,2026-08-02T14:20:02Z
2026-08-02T14:18:54Z,2026-08-02T16:18:54+0200,d03952b3-6528-494b-a5a9-803d5ba4eea1,2026-07-17T11:45:00Z,2026-07-17T13:45:00+0200,10.19,MW,FR,FR,actual_offshore_wind_generation,Wind Offshore | Actual Aggregated,2026-08-02T14:20:02Z
2026-08-02T14:18:54Z,2026-08-02T16:18:54+0200,d03952b3-6528-494b-a5a9-803d5ba4eea1,2026-07-17T12:00:00Z,2026-07-17T14:00:00+0200,3.88,MW,FR,FR,actual_offshore_wind_generation,Wind Offshore | Actual Aggregated,2026-08-02T14:20:02Z
2026-08-02T14:18:54Z,2026-08-02T16:18:54+0200,d03952b3-6528-494b-a5a9-803d5ba4eea1,2026-07-17T12:15:00Z,2026-07-17T14:15:00+0200,0.83,MW,FR,FR,actual_offshore_wind_generation,Wind Offshore | Actual Consumption,2026-08-02T14:20:02Z
2026-08-02T14:18:54Z,2026-08-02T16:18:54+0200,d03952b3-6528-494b-a5a9-803d5ba4eea1,2026-07-17T12:30:00Z,2026-07-17T14:30:00+0200,1.1,MW,FR,FR,actual_offshore_wind_generation,Wind Offshore | Actual Aggregated,2026-08-02T14:20:02Z
2026-08-02T14:18:54Z,2026-08-02T16:18:54+0200,d03952b3-6528-494b-a5a9-803d5ba4eea1,2026-07-17T12:45:00Z,2026-07-17T14:45:00+0200,10.83,MW,FR,FR,actual_offshore_wind_generation,Wind Offshore | Actual Aggregated,2026-08-02T14:20:02Z
2026-08-02T14:18:54Z,2026-08-02T16:18:54+0200,d03952b3-6528-494b-a5a9-803d5ba4eea1,2026-07-17T13:00:00Z,2026-07-17T15:00:00+0200,23.38,MW,FR,FR,actual_offshore_wind_generation,Wind Offshore | Actual Aggregated,2026-08-02T14:20:02Z
2026-08-02T14:18:54Z,2026-08-02T16:18:54+0200,d03952b3-6528-494b-a5a9-803d5ba4eea1,2026-07-17T13:15:00Z,2026-07-17T15:15:00+0200,35.93,MW,FR,FR,actual_offshore_wind_generation,Wind Offshore | Actual Aggregated,2026-08-02T14:20:02Z
2026-08-02T14:18:54Z,2026-08-02T16:18:54+0200,d03952b3-6528-494b-a5a9-803d5ba4eea1,2026-07-17T13:30:00Z,2026-07-17T15:30:00+0200,44.04,MW,FR,FR,actual_offshore_wind_generation,Wind Offshore | Actual Aggregated,2026-08-02T14:20:02Z
2026-08-02T14:18:54Z,2026-08-02T16:18:54+0200,d03952b3-6528-494b-a5a9-803d5ba4eea1,2026-07-17T13:45:00Z,2026-07-17T15:45:00+0200,35.73,MW,FR,FR,actual_offshore_wind_generation,Wind Offshore | Actual Aggregated,2026-08-02T14:20:02Z
2026-08-02T14:18:54Z,2026-08-02T16:18:54+0200,d03952b3-6528-494b-a5a9-803d5ba4eea1,2026-07-17T14:00:00Z,2026-07-17T16:00:00+0200,33.94,MW,FR,FR,actual_offshore_wind_generation,Wind Offshore | Actual Aggregated,2026-08-02T14:20:02Z
2026-08-02T14:18:54Z,2026-08-02T16:18:54+0200,d03952b3-6528-494b-a5a9-803d5ba4eea1,2026-07-17T14:15:00Z,2026-07-17T16:15:00+0200,48.63,MW,FR,FR,actual_offshore_wind_generation,Wind Offshore | Actual Aggregated,2026-08-02T14:20:02Z
2026-08-02T14:18:54Z,2026-08-02T16:18:54+0200,d03952b3-6528-494b-a5a9-803d5ba4eea1,2026-07-17T14:30:00Z,2026-07-17T16:30:00+0200,89.55,MW,FR,FR,actual_offshore_wind_generation,Wind Offshore | Actual Aggregated,2026-08-02T14:20:02Z
2026-08-02T14:18:54Z,2026-08-02T16:18:54+0200,d03952b3-6528-494b-a5a9-803d5ba4eea1,2026-07-17T14:45:00Z,2026-07-17T16:45:00+0200,141.32,MW,FR,FR,actual_offshore_wind_generation,Wind Offshore | Actual Aggregated,2026-08-02T14:20:02Z
2026-08-02T14:18:54Z,2026-08-02T16:18:54+0200,d03952b3-6528-494b-a5a9-803d5ba4eea1,2026-07-17T15:00:00Z,2026-07-17T17:00:00+0200,190.86,MW,FR,FR,actual_offshore_wind_generation,Wind Offshore | Actual Aggregated,2026-08-02T14:20:02Z
2026-08-02T14:18:54Z,2026-08-02T16:18:54+0200,d03952b3-6528-494b-a5a9-803d5ba4eea1,2026-07-17T15:15:00Z,2026-07-17T17:15:00+0200,231.76,MW,FR,FR,actual_offshore_wind_generation,Wind Offshore | Actual Aggregated,2026-08-02T14:20:02Z
2026-08-02T14:18:54Z,2026-08-02T16:18:54+0200,d03952b3-6528-494b-a5a9-803d5ba4eea1,2026-07-17T15:30:00Z,2026-07-17T17:30:00+0200,268.4,MW,FR,FR,actual_offshore_wind_generation,Wind Offshore | Actual Aggregated,2026-08-02T14:20:02Z
2026-08-02T14:18:54Z,2026-08-02T16:18:54+0200,d03952b3-6528-494b-a5a9-803d5ba4eea1,2026-07-17T15:45:00Z,2026-07-17T17:45:00+0200,287.65,MW,FR,FR,actual_offshore_wind_generation,Wind Offshore | Actual Aggregated,2026-08-02T14:20:02Z
2026-08-02T14:18:54Z,2026-08-02T16:18:54+0200,d03952b3-6528-494b-a5a9-803d5ba4eea1,2026-07-17T16:00:00Z,2026-07-17T18:00:00+0200,308.91,MW,FR,FR,actual_offshore_wind_generation,Wind Offshore | Actual Aggregated,2026-08-02T14:20:02Z
2026-08-02T14:18:54Z,2026-08-02T16:18:54+0200,d03952b3-6528-494b-a5a9-803d5ba4eea1,2026-07-17T16:15:00Z,2026-07-17T18:15:00+0200,326.96,MW,FR,FR,actual_offshore_wind_generation,Wind Offshore | Actual Aggregated,2026-08-02T14:20:02Z
2026-08-02T14:18:54Z,2026-08-02T16:18:54+0200,d03952b3-6528-494b-a5a9-803d5ba4eea1,2026-07-17T16:30:00Z,2026-07-17T18:30:00+0200,351.27,MW,FR,FR,actual_offshore_wind_generation,Wind Offshore | Actual Aggregated,2026-08-02T14:20:02Z
2026-08-02T14:18:54Z,2026-08-02T16:18:54+0200,d03952b3-6528-494b-a5a9-803d5ba4eea1,2026-07-17T16:45:00Z,2026-07-17T18:45:00+0200,372.52,MW,FR,FR,actual_offshore_wind_generation,Wind Offshore | Actual Aggregated,2026-08-02T14:20:02Z
2026-08-02T14:18:54Z,2026-08-02T16:18:54+0200,d03952b3-6528-494b-a5a9-803d5ba4eea1,2026-07-17T17:00:00Z,2026-07-17T19:00:00+0200,371.09,MW,FR,FR,actual_offshore_wind_generation,Wind Offshore | Actual Aggregated,2026-08-02T14:20:02Z
2026-08-02T14:18:54Z,2026-08-02T16:18:54+0200,d03952b3-6528-494b-a5a9-803d5ba4eea1,2026-07-17T17:15:00Z,2026-07-17T19:15:00+0200,334.66,MW,FR,FR,actual_offshore_wind_generation,Wind Offshore | Actual Aggregated,2026-08-02T14:20:02Z
2026-08-02T14:18:54Z,2026-08-02T16:18:54+0200,d03952b3-6528-494b-a5a9-803d5ba4eea1,2026-07-17T17:30:00Z,2026-07-17T19:30:00+0200,296.86,MW,FR,FR,actual_offshore_wind_generation,Wind Offshore | Actual Aggregated,2026-08-02T14:20:02Z
2026-08-02T14:18:54Z,2026-08-02T16:18:54+0200,d03952b3-6528-494b-a5a9-803d5ba4eea1,2026-07-17T17:45:00Z,2026-07-17T19:45:00+0200,273.9,MW,FR,FR,actual_offshore_wind_generation,Wind Offshore | Actual Aggregated,2026-08-02T14:20:02Z
2026-08-02T14:18:54Z,2026-08-02T16:18:54+0200,d03952b3-6528-494b-a5a9-803d5ba4eea1,2026-07-17T18:00:00Z,2026-07-17T20:00:00+0200,275.75,MW,FR,FR,actual_offshore_wind_generation,Wind Offshore | Actual Aggregated,2026-08-02T14:20:02Z
2026-08-02T14:18:54Z,2026-08-02T16:18:54+0200,d03952b3-6528-494b-a5a9-803d5ba4eea1,2026-07-17T18:15:00Z,2026-07-17T20:15:00+0200,319.04,MW,FR,FR,actual_offshore_wind_generation,Wind Offshore | Actual Aggregated,2026-08-02T14:20:02Z
2026-08-02T14:18:54Z,2026-08-02T16:18:54+0200,d03952b3-6528-494b-a5a9-803d5ba4eea1,2026-07-17T18:30:00Z,2026-07-17T20:30:00+0200,332.41,MW,FR,FR,actual_offshore_wind_generation,Wind Offshore | Actual Aggregated,2026-08-02T14:20:02Z
2026-08-02T14:18:54Z,2026-08-02T16:18:54+0200,d03952b3-6528-494b-a5a9-803d5ba4eea1,2026-07-17T18:45:00Z,2026-07-17T20:45:00+0200,347.79,MW,FR,FR,actual_offshore_wind_generation,Wind Offshore | Actual Aggregated,2026-08-02T14:20:02Z
2026-08-02T14:18:54Z,2026-08-02T16:18:54+0200,d03952b3-6528-494b-a5a9-803d5ba4eea1,2026-07-17T19:00:00Z,2026-07-17T21:00:00+0200,354.61,MW,FR,FR,actual_offshore_wind_generation,Wind Offshore | Actual Aggregated,2026-08-02T14:20:02Z
2026-08-02T14:18:54Z,2026-08-02T16:18:54+0200,d03952b3-6528-494b-a5a9-803d5ba4eea1,2026-07-17T19:15:00Z,2026-07-17T21:15:00+0200,323.58,MW,FR,FR,actual_offshore_wind_generation,Wind Offshore | Actual Aggregated,2026-08-02T14:20:02Z
2026-08-02T14:18:54Z,2026-08-02T16:18:54+0200,d03952b3-6528-494b-a5a9-803d5ba4eea1,2026-07-17T19:30:00Z,2026-07-17T21:30:00+0200,307.57,MW,FR,FR,actual_offshore_wind_generation,Wind Offshore | Actual Aggregated,2026-08-02T14:20:02Z
2026-08-02T14:18:54Z,2026-08-02T16:18:54+0200,d03952b3-6528-494b-a5a9-803d5ba4eea1,2026-07-17T19:45:00Z,2026-07-17T21:45:00+0200,288.05,MW,FR,FR,actual_offshore_wind_generation,Wind Offshore | Actual Aggregated,2026-08-02T14:20:02Z
2026-08-02T14:18:54Z,2026-08-02T16:18:54+0200,d03952b3-6528-494b-a5a9-803d5ba4eea1,2026-07-17T20:00:00Z,2026-07-17T22:00:00+0200,274.17,MW,FR,FR,actual_offshore_wind_generation,Wind Offshore | Actual Aggregated,2026-08-02T14:20:02Z
2026-08-02T14:18:54Z,2026-08-02T16:18:54+0200,d03952b3-6528-494b-a5a9-803d5ba4eea1,2026-07-17T20:15:00Z,2026-07-17T22:15:00+0200,267.95,MW,FR,FR,actual_offshore_wind_generation,Wind Offshore | Actual Aggregated,2026-08-02T14:20:02Z
2026-08-02T14:18:54Z,2026-08-02T16:18:54+0200,d03952b3-6528-494b-a5a9-803d5ba4eea1,2026-07-17T20:30:00Z,2026-07-17T22:30:00+0200,249.27,MW,FR,FR,actual_offshore_wind_generation,Wind Offshore | Actual Aggregated,2026-08-02T14:20:02Z
2026-08-02T14:18:54Z,2026-08-02T16:18:54+0200,d03952b3-6528-494b-a5a9-803d5ba4eea1,2026-07-17T20:45:00Z,2026-07-17T22:45:00+0200,249.04,MW,FR,FR,actual_offshore_wind_generation,Wind Offshore | Actual Aggregated,2026-08-02T14:20:02Z
2026-08-02T14:18:54Z,2026-08-02T16:18:54+0200,d03952b3-6528-494b-a5a9-803d5ba4eea1,2026-07-17T21:00:00Z,2026-07-17T23:00:00+0200,243.48,MW,FR,FR,actual_offshore_wind_generation,Wind Offshore | Actual Aggregated,2026-08-02T14:20:02Z
2026-08-02T14:18:54Z,2026-08-02T16:18:54+0200,d03952b3-6528-494b-a5a9-803d5ba4eea1,2026-07-17T21:15:00Z,2026-07-17T23:15:00+0200,235.2,MW,FR,FR,actual_offshore_wind_generation,Wind Offshore | Actual Aggregated,2026-08-02T14:20:02Z
2026-08-02T14:18:54Z,2026-08-02T16:18:54+0200,d03952b3-6528-494b-a5a9-803d5ba4eea1,2026-07-17T21:30:00Z,2026-07-17T23:30:00+0200,232.53,MW,FR,FR,actual_offshore_wind_generation,Wind Offshore | Actual Aggregated,2026-08-02T14:20:02Z
2026-08-02T14:18:54Z,2026-08-02T16:18:54+0200,d03952b3-6528-494b-a5a9-803d5ba4eea1,2026-07-17T21:45:00Z,2026-07-17T23:45:00+0200,227.76,MW,FR,FR,actual_offshore_wind_generation,Wind Offshore | Actual Aggregated,2026-08-02T14:20:02Z
2026-08-02T14:18:54Z,2026-08-02T16:18:54+0200,d03952b3-6528-494b-a5a9-803d5ba4eea1,2026-07-17T22:00:00Z,2026-07-18T00:00:00+0200,211.03,MW,FR,FR,actual_offshore_wind_generation,Wind Offshore | Actual Aggregated,2026-08-02T14:20:02Z
2026-08-02T14:18:54Z,2026-08-02T16:18:54+0200,d03952b3-6528-494b-a5a9-803d5ba4eea1,2026-07-17T22:15:00Z,2026-07-18T00:15:00+0200,203.46,MW,FR,FR,actual_offshore_wind_generation,Wind Offshore | Actual Aggregated,2026-08-02T14:20:02Z
2026-08-02T14:18:54Z,2026-08-02T16:18:54+0200,d03952b3-6528-494b-a5a9-803d5ba4eea1,2026-07-17T22:30:00Z,2026-07-18T00:30:00+0200,210.88,MW,FR,FR,actual_offshore_wind_generation,Wind Offshore | Actual Aggregated,2026-08-02T14:20:02Z
2026-08-02T14:18:54Z,2026-08-02T16:18:54+0200,d03952b3-6528-494b-a5a9-803d5ba4eea1,2026-07-17T22:45:00Z,2026-07-18T00:45:00+0200,218.26,MW,FR,FR,actual_offshore_wind_generation,Wind Offshore | Actual Aggregated,2026-08-02T14:20:02Z
2026-08-02T14:18:54Z,2026-08-02T16:18:54+0200,d03952b3-6528-494b-a5a9-803d5ba4eea1,2026-07-17T23:00:00Z,2026-07-18T01:00:00+0200,216.04,MW,FR,FR,actual_offshore_wind_generation,Wind Offshore | Actual Aggregated,2026-08-02T14:20:02Z
2026-08-02T14:18:54Z,2026-08-02T16:18:54+0200,d03952b3-6528-494b-a5a9-803d5ba4eea1,2026-07-17T23:15:00Z,2026-07-18T01:15:00+0200,218.93,MW,FR,FR,actual_offshore_wind_generation,Wind Offshore | Actual Aggregated,2026-08-02T14:20:02Z
2026-08-02T14:18:54Z,2026-08-02T16:18:54+0200,d03952b3-6528-494b-a5a9-803d5ba4eea1,2026-07-17T23:30:00Z,2026-07-18T01:30:00+0200,217.29,MW,FR,FR,actual_offshore_wind_generation,Wind Offshore | Actual Aggregated,2026-08-02T14:20:02Z
2026-08-02T14:18:54Z,2026-08-02T16:18:54+0200,d03952b3-6528-494b-a5a9-803d5ba4eea1,2026-07-17T23:45:00Z,2026-07-18T01:45:00+0200,225.57,MW,FR,FR,actual_offshore_wind_generation,Wind Offshore | Actual Aggregated,2026-08-02T14:20:02Z
2026-08-02T14:18:54Z,2026-08-02T16:18:54+0200,d03952b3-6528-494b-a5a9-803d5ba4eea1,2026-07-18T00:00:00Z,2026-07-18T02:00:00+0200,230.27,MW,FR,FR,actual_offshore_wind_generation,Wind Offshore | Actual Aggregated,2026-08-02T14:20:02Z
2026-08-02T14:18:54Z,2026-08-02T16:18:54+0200,d03952b3-6528-494b-a5a9-803d5ba4eea1,2026-07-18T00:15:00Z,2026-07-18T02:15:00+0200,262.69,MW,FR,FR,actual_offshore_wind_generation,Wind Offshore | Actual Aggregated,2026-08-02T14:20:02Z
2026-08-02T14:18:54Z,2026-08-02T16:18:54+0200,d03952b3-6528-494b-a5a9-803d5ba4eea1,2026-07-18T00:30:00Z,2026-07-18T02:30:00+0200,281.02,MW,FR,FR,actual_offshore_wind_generation,Wind Offshore | Actual Aggregated,2026-08-02T14:20:02Z
2026-08-02T14:18:54Z,2026-08-02T16:18:54+0200,d03952b3-6528-494b-a5a9-803d5ba4eea1,2026-07-18T00:45:00Z,2026-07-18T02:45:00+0200,278.76,MW,FR,FR,actual_offshore_wind_generation,Wind Offshore | Actual Aggregated,2026-08-02T14:20:02Z
2026-08-02T14:18:54Z,2026-08-02T16:18:54+0200,d03952b3-6528-494b-a5a9-803d5ba4eea1,2026-07-18T01:00:00Z,2026-07-18T03:00:00+0200,263.63,MW,FR,FR,actual_offshore_wind_generation,Wind Offshore | Actual Aggregated,2026-08-02T14:20:02Z
2026-08-02T14:18:54Z,2026-08-02T16:18:54+0200,d03952b3-6528-494b-a5a9-803d5ba4eea1,2026-07-18T01:15:00Z,2026-07-18T03:15:00+0200,273.38,MW,FR,FR,actual_offshore_wind_generation,Wind Offshore | Actual Aggregated,2026-08-02T14:20:02Z
2026-08-02T14:18:54Z,2026-08-02T16:18:54+0200,d03952b3-6528-494b-a5a9-803d5ba4eea1,2026-07-18T01:30:00Z,2026-07-18T03:30:00+0200,274.5,MW,FR,FR,actual_offshore_wind_generation,Wind Offshore | Actual Aggregated,2026-08-02T14:20:02Z
2026-08-02T14:18:54Z,2026-08-02T16:18:54+0200,d03952b3-6528-494b-a5a9-803d5ba4eea1,2026-07-18T01:45:00Z,2026-07-18T03:45:00+0200,278.69,MW,FR,FR,actual_offshore_wind_generation,Wind Offshore | Actual Aggregated,2026-08-02T14:20:02Z
2026-08-02T14:18:54Z,2026-08-02T16:18:54+0200,d03952b3-6528-494b-a5a9-803d5ba4eea1,2026-07-18T02:00:00Z,2026-07-18T04:00:00+0200,293.53,MW,FR,FR,actual_offshore_wind_generation,Wind Offshore | Actual Aggregated,2026-08-02T14:20:02Z
2026-08-02T14:18:54Z,2026-08-02T16:18:54+0200,d03952b3-6528-494b-a5a9-803d5ba4eea1,2026-07-18T02:15:00Z,2026-07-18T04:15:00+0200,294.13,MW,FR,FR,actual_offshore_wind_generation,Wind Offshore | Actual Aggregated,2026-08-02T14:20:02Z
2026-08-02T14:18:54Z,2026-08-02T16:18:54+0200,d03952b3-6528-494b-a5a9-803d5ba4eea1,2026-07-18T02:30:00Z,2026-07-18T04:30:00+0200,277.86,MW,FR,FR,actual_offshore_wind_generation,Wind Offshore | Actual Aggregated,2026-08-02T14:20:02Z
2026-08-02T14:18:54Z,2026-08-02T16:18:54+0200,d03952b3-6528-494b-a5a9-803d5ba4eea1,2026-07-18T02:45:00Z,2026-07-18T04:45:00+0200,252.8,MW,FR,FR,actual_offshore_wind_generation,Wind Offshore | Actual Aggregated,2026-08-02T14:20:02Z
2026-08-02T14:18:54Z,2026-08-02T16:18:54+0200,d03952b3-6528-494b-a5a9-803d5ba4eea1,2026-07-18T03:00:00Z,2026-07-18T05:00:00+0200,225.24,MW,FR,FR,actual_offshore_wind_generation,Wind Offshore | Actual Aggregated,2026-08-02T14:20:02Z
2026-08-02T14:18:54Z,2026-08-02T16:18:54+0200,d03952b3-6528-494b-a5a9-803d5ba4eea1,2026-07-18T03:15:00Z,2026-07-18T05:15:00+0200,206.13,MW,FR,FR,actual_offshore_wind_generation,Wind Offshore | Actual Aggregated,2026-08-02T14:20:02Z
2026-08-02T14:18:54Z,2026-08-02T16:18:54+0200,d03952b3-6528-494b-a5a9-803d5ba4eea1,2026-07-18T03:30:00Z,2026-07-18T05:30:00+0200,191.42,MW,FR,FR,actual_offshore_wind_generation,Wind Offshore | Actual Aggregated,2026-08-02T14:20:02Z
2026-08-02T14:18:54Z,2026-08-02T16:18:54+0200,d03952b3-6528-494b-a5a9-803d5ba4eea1,2026-07-18T03:45:00Z,2026-07-18T05:45:00+0200,190.94,MW,FR,FR,actual_offshore_wind_generation,Wind Offshore | Actual Aggregated,2026-08-02T14:20:02Z
2026-08-02T14:18:54Z,2026-08-02T16:18:54+0200,d03952b3-6528-494b-a5a9-803d5ba4eea1,2026-07-18T04:00:00Z,2026-07-18T06:00:00+0200,205.28,MW,FR,FR,actual_offshore_wind_generation,Wind Offshore | Actual Aggregated,2026-08-02T14:20:02Z
2026-08-02T14:18:54Z,2026-08-02T16:18:54+0200,d03952b3-6528-494b-a5a9-803d5ba4eea1,2026-07-18T04:15:00Z,2026-07-18T06:15:00+0200,206.89,MW,FR,FR,actual_offshore_wind_generation,Wind Offshore | Actual Aggregated,2026-08-02T14:20:02Z
2026-08-02T14:18:54Z,2026-08-02T16:18:54+0200,d03952b3-6528-494b-a5a9-803d5ba4eea1,2026-07-18T04:30:00Z,2026-07-18T06:30:00+0200,206.21,MW,FR,FR,actual_offshore_wind_generation,Wind Offshore | Actual Aggregated,2026-08-02T14:20:02Z
2026-08-02T14:18:54Z,2026-08-02T16:18:54+0200,d03952b3-6528-494b-a5a9-803d5ba4eea1,2026-07-18T04:45:00Z,2026-07-18T06:45:00+0200,189.34,MW,FR,FR,actual_offshore_wind_generation,Wind Offshore | Actual Aggregated,2026-08-02T14:20:02Z
2026-08-02T14:18:54Z,2026-08-02T16:18:54+0200,d03952b3-6528-494b-a5a9-803d5ba4eea1,2026-07-18T05:00:00Z,2026-07-18T07:00:00+0200,168.19,MW,FR,FR,actual_offshore_wind_generation,Wind Offshore | Actual Aggregated,2026-08-02T14:20:02Z
2026-08-02T14:18:54Z,2026-08-02T16:18:54+0200,d03952b3-6528-494b-a5a9-803d5ba4eea1,2026-07-18T05:15:00Z,2026-07-18T07:15:00+0200,145.65,MW,FR,FR,actual_offshore_wind_generation,Wind Offshore | Actual Aggregated,2026-08-02T14:20:02Z
2026-08-02T14:18:54Z,2026-08-02T16:18:54+0200,d03952b3-6528-494b-a5a9-803d5ba4eea1,2026-07-18T05:30:00Z,2026-07-18T07:30:00+0200,127.04,MW,FR,FR,actual_offshore_wind_generation,Wind Offshore | Actual Aggregated,2026-08-02T14:20:02Z
2026-08-02T14:18:54Z,2026-08-02T16:18:54+0200,d03952b3-6528-494b-a5a9-803d5ba4eea1,2026-07-18T05:45:00Z,2026-07-18T07:45:00+0200,127.85,MW,FR,FR,actual_offshore_wind_generation,Wind Offshore | Actual Aggregated,2026-08-02T14:20:02Z
2026-08-02T14:18:54Z,2026-08-02T16:18:54+0200,d03952b3-6528-494b-a5a9-803d5ba4eea1,2026-07-18T06:00:00Z,2026-07-18T08:00:00+0200,141.62,MW,FR,FR,actual_offshore_wind_generation,Wind Offshore | Actual Aggregated,2026-08-02T14:20:02Z
2026-08-02T14:18:54Z,2026-08-02T16:18:54+0200,d03952b3-6528-494b-a5a9-803d5ba4eea1,2026-07-18T06:15:00Z,2026-07-18T08:15:00+0200,128.7,MW,FR,FR,actual_offshore_wind_generation,Wind Offshore | Actual Aggregated,2026-08-02T14:20:02Z
2026-08-02T14:18:54Z,2026-08-02T16:18:54+0200,d03952b3-6528-494b-a5a9-803d5ba4eea1,2026-07-18T06:30:00Z,2026-07-18T08:30:00+0200,112.08,MW,FR,FR,actual_offshore_wind_generation,Wind Offshore | Actual Aggregated,2026-08-02T14:20:02Z
2026-08-02T14:18:54Z,2026-08-02T16:18:54+0200,d03952b3-6528-494b-a5a9-803d5ba4eea1,2026-07-18T06:45:00Z,2026-07-18T08:45:00+0200,113.48,MW,FR,FR,actual_offshore_wind_generation,Wind Offshore | Actual Aggregated,2026-08-02T14:20:02Z
2026-08-02T14:18:54Z,2026-08-02T16:18:54+0200,d03952b3-6528-494b-a5a9-803d5ba4eea1,2026-07-18T07:00:00Z,2026-07-18T09:00:00+0200,100.27,MW,FR,FR,actual_offshore_wind_generation,Wind Offshore | Actual Aggregated,2026-08-02T14:20:02Z
2026-08-02T14:18:54Z,2026-08-02T16:18:54+0200,d03952b3-6528-494b-a5a9-803d5ba4eea1,2026-07-18T07:15:00Z,2026-07-18T09:15:00+0200,99.79,MW,FR,FR,actual_offshore_wind_generation,Wind Offshore | Actual Aggregated,2026-08-02T14:20:02Z
2026-08-02T14:18:54Z,2026-08-02T16:18:54+0200,d03952b3-6528-494b-a5a9-803d5ba4eea1,2026-07-18T07:30:00Z,2026-07-18T09:30:00+0200,118.03,MW,FR,FR,actual_offshore_wind_generation,Wind Offshore | Actual Aggregated,2026-08-02T14:20:02Z
2026-08-02T14:18:54Z,2026-08-02T16:18:54+0200,d03952b3-6528-494b-a5a9-803d5ba4eea1,2026-07-18T07:45:00Z,2026-07-18T09:45:00+0200,121.38,MW,FR,FR,actual_offshore_wind_generation,Wind Offshore | Actual Aggregated,2026-08-02T14:20:02Z
2026-08-02T14:18:54Z,2026-08-02T16:18:54+0200,d03952b3-6528-494b-a5a9-803d5ba4eea1,2026-07-18T08:00:00Z,2026-07-18T10:00:00+0200,111.91,MW,FR,FR,actual_offshore_wind_generation,Wind Offshore | Actual Aggregated,2026-08-02T14:20:02Z
2026-08-02T14:18:54Z,2026-08-02T16:18:54+0200,d03952b3-6528-494b-a5a9-803d5ba4eea1,2026-07-18T08:15:00Z,2026-07-18T10:15:00+0200,112.71,MW,FR,FR,actual_offshore_wind_generation,Wind Offshore | Actual Aggregated,2026-08-02T14:20:02Z
2026-08-02T14:18:54Z,2026-08-02T16:18:54+0200,d03952b3-6528-494b-a5a9-803d5ba4eea1,2026-07-18T08:30:00Z,2026-07-18T10:30:00+0200,110.89,MW,FR,FR,actual_offshore_wind_generation,Wind Offshore | Actual Aggregated,2026-08-02T14:20:02Z
2026-08-02T14:18:54Z,2026-08-02T16:18:54+0200,d03952b3-6528-494b-a5a9-803d5ba4eea1,2026-07-18T08:45:00Z,2026-07-18T10:45:00+0200,95.26,MW,FR,FR,actual_offshore_wind_generation,Wind Offshore | Actual Aggregated,2026-08-02T14:20:02Z
2026-08-02T14:18:54Z,2026-08-02T16:18:54+0200,d03952b3-6528-494b-a5a9-803d5ba4eea1,2026-07-18T09:00:00Z,2026-07-18T11:00:00+0200,90.96,MW,FR,FR,actual_offshore_wind_generation,Wind Offshore | Actual Aggregated,2026-08-02T14:20:02Z
2026-08-02T14:18:54Z,2026-08-02T16:18:54+0200,d03952b3-6528-494b-a5a9-803d5ba4eea1,2026-07-18T09:15:00Z,2026-07-18T11:15:00+0200,78.44,MW,FR,FR,actual_offshore_wind_generation,Wind Offshore | Actual Aggregated,2026-08-02T14:20:02Z
2026-08-02T14:18:54Z,2026-08-02T16:18:54+0200,d03952b3-6528-494b-a5a9-803d5ba4eea1,2026-07-18T09:30:00Z,2026-07-18T11:30:00+0200,72.19,MW,FR,FR,actual_offshore_wind_generation,Wind Offshore | Actual Aggregated,2026-08-02T14:20:02Z
2026-08-02T14:18:54Z,2026-08-02T16:18:54+0200,d03952b3-6528-494b-a5a9-803d5ba4eea1,2026-07-18T09:45:00Z,2026-07-18T11:45:00+0200,59.57,MW,FR,FR,actual_offshore_wind_generation,Wind Offshore | Actual Aggregated,2026-08-02T14:20:02Z
2026-08-02T14:18:54Z,2026-08-02T16:18:54+0200,d03952b3-6528-494b-a5a9-803d5ba4eea1,2026-07-18T10:00:00Z,2026-07-18T12:00:00+0200,67.28,MW,FR,FR,actual_offshore_wind_generation,Wind Offshore | Actual Aggregated,2026-08-02T14:20:02Z
2026-08-02T14:18:54Z,2026-08-02T16:18:54+0200,d03952b3-6528-494b-a5a9-803d5ba4eea1,2026-07-18T10:15:00Z,2026-07-18T12:15:00+0200,76.7,MW,FR,FR,actual_offshore_wind_generation,Wind Offshore | Actual Aggregated,2026-08-02T14:20:02Z
2026-08-02T14:18:54Z,2026-08-02T16:18:54+0200,d03952b3-6528-494b-a5a9-803d5ba4eea1,2026-07-18T10:30:00Z,2026-07-18T12:30:00+0200,83.07,MW,FR,FR,actual_offshore_wind_generation,Wind Offshore | Actual Aggregated,2026-08-02T14:20:02Z
2026-08-02T14:18:54Z,2026-08-02T16:18:54+0200,d03952b3-6528-494b-a5a9-803d5ba4eea1,2026-07-18T10:45:00Z,2026-07-18T12:45:00+0200,75.76,MW,FR,FR,actual_offshore_wind_generation,Wind Offshore | Actual Aggregated,2026-08-02T14:20:02Z
2026-08-02T14:18:54Z,2026-08-02T16:18:54+0200,d03952b3-6528-494b-a5a9-803d5ba4eea1,2026-07-18T11:00:00Z,2026-07-18T13:00:00+0200,76.71,MW,FR,FR,actual_offshore_wind_generation,Wind Offshore | Actual Aggregated,2026-08-02T14:20:02Z
2026-08-02T14:18:54Z,2026-08-02T16:18:54+0200,d03952b3-6528-494b-a5a9-803d5ba4eea1,2026-07-18T11:15:00Z,2026-07-18T13:15:00+0200,81.9,MW,FR,FR,actual_offshore_wind_generation,Wind Offshore | Actual Aggregated,2026-08-02T14:20:02Z
2026-08-02T14:18:54Z,2026-08-02T16:18:54+0200,d03952b3-6528-494b-a5a9-803d5ba4eea1,2026-07-18T11:30:00Z,2026-07-18T13:30:00+0200,81.37,MW,FR,FR,actual_offshore_wind_generation,Wind Offshore | Actual Aggregated,2026-08-02T14:20:02Z
2026-08-02T14:18:54Z,2026-08-02T16:18:54+0200,d03952b3-6528-494b-a5a9-803d5ba4eea1,2026-07-18T11:45:00Z,2026-07-18T13:45:00+0200,94.45,MW,FR,FR,actual_offshore_wind_generation,Wind Offshore | Actual Aggregated,2026-08-02T14:20:02Z
2026-08-02T14:18:54Z,2026-08-02T16:18:54+0200,d03952b3-6528-494b-a5a9-803d5ba4eea1,2026-07-18T12:00:00Z,2026-07-18T14:00:00+0200,136.4,MW,FR,FR,actual_offshore_wind_generation,Wind Offshore | Actual Aggregated,2026-08-02T14:20:02Z
2026-08-02T14:18:54Z,2026-08-02T16:18:54+0200,d03952b3-6528-494b-a5a9-803d5ba4eea1,2026-07-18T12:15:00Z,2026-07-18T14:15:00+0200,192.15,MW,FR,FR,actual_offshore_wind_generation,Wind Offshore | Actual Aggregated,2026-08-02T14:20:02Z
2026-08-02T14:18:54Z,2026-08-02T16:18:54+0200,d03952b3-6528-494b-a5a9-803d5ba4eea1,2026-07-18T12:30:00Z,2026-07-18T14:30:00+0200,216.57,MW,FR,FR,actual_offshore_wind_generation,Wind Offshore | Actual Aggregated,2026-08-02T14:20:02Z
2026-08-02T14:18:54Z,2026-08-02T16:18:54+0200,d03952b3-6528-494b-a5a9-803d5ba4eea1,2026-07-18T12:45:00Z,2026-07-18T14:45:00+0200,254.37,MW,FR,FR,actual_offshore_wind_generation,Wind Offshore | Actual Aggregated,2026-08-02T14:20:02Z
2026-08-02T14:18:54Z,2026-08-02T16:18:54+0200,d03952b3-6528-494b-a5a9-803d5ba4eea1,2026-07-18T13:00:00Z,2026-07-18T15:00:00+0200,289.61,MW,FR,FR,actual_offshore_wind_generation,Wind Offshore | Actual Aggregated,2026-08-02T14:20:02Z
2026-08-02T14:18:54Z,2026-08-02T16:18:54+0200,d03952b3-6528-494b-a5a9-803d5ba4eea1,2026-07-18T13:15:00Z,2026-07-18T15:15:00+0200,291.18,MW,FR,FR,actual_offshore_wind_generation,Wind Offshore | Actual Aggregated,2026-08-02T14:20:02Z
2026-08-02T14:18:54Z,2026-08-02T16:18:54+0200,d03952b3-6528-494b-a5a9-803d5ba4eea1,2026-07-18T13:30:00Z,2026-07-18T15:30:00+0200,297.33,MW,FR,FR,actual_offshore_wind_generation,Wind Offshore | Actual Aggregated,2026-08-02T14:20:02Z
2026-08-02T14:18:54Z,2026-08-02T16:18:54+0200,d03952b3-6528-494b-a5a9-803d5ba4eea1,2026-07-18T13:45:00Z,2026-07-18T15:45:00+0200,333.85,MW,FR,FR,actual_offshore_wind_generation,Wind Offshore | Actual Aggregated,2026-08-02T14:20:02Z
2026-08-02T14:18:54Z,2026-08-02T16:18:54+0200,d03952b3-6528-494b-a5a9-803d5ba4eea1,2026-07-18T14:00:00Z,2026-07-18T16:00:00+0200,372.25,MW,FR,FR,actual_offshore_wind_generation,Wind Offshore | Actual Aggregated,2026-08-02T14:20:02Z
2026-08-02T14:18:54Z,2026-08-02T16:18:54+0200,d03952b3-6528-494b-a5a9-803d5ba4eea1,2026-07-18T14:15:00Z,2026-07-18T16:15:00+0200,387.12,MW,FR,FR,actual_offshore_wind_generation,Wind Offshore | Actual Aggregated,2026-08-02T14:20:02Z
2026-08-02T14:18:54Z,2026-08-02T16:18:54+0200,d03952b3-6528-494b-a5a9-803d5ba4eea1,2026-07-18T14:30:00Z,2026-07-18T16:30:00+0200,388.45,MW,FR,FR,actual_offshore_wind_generation,Wind Offshore | Actual Aggregated,2026-08-02T14:20:02Z
2026-08-02T14:18:54Z,2026-08-02T16:18:54+0200,d03952b3-6528-494b-a5a9-803d5ba4eea1,2026-07-18T14:45:00Z,2026-07-18T16:45:00+0200,400.44,MW,FR,FR,actual_offshore_wind_generation,Wind Offshore | Actual Aggregated,2026-08-02T14:20:02Z
2026-08-02T14:18:54Z,2026-08-02T16:18:54+0200,d03952b3-6528-494b-a5a9-803d5ba4eea1,2026-07-18T15:00:00Z,2026-07-18T17:00:00+0200,437.67,MW,FR,FR,actual_offshore_wind_generation,Wind Offshore | Actual Aggregated,2026-08-02T14:20:02Z
2026-08-02T14:18:54Z,2026-08-02T16:18:54+0200,d03952b3-6528-494b-a5a9-803d5ba4eea1,2026-07-18T15:15:00Z,2026-07-18T17:15:00+0200,477.65,MW,FR,FR,actual_offshore_wind_generation,Wind Offshore | Actual Aggregated,2026-08-02T14:20:02Z
2026-08-02T14:18:54Z,2026-08-02T16:18:54+0200,d03952b3-6528-494b-a5a9-803d5ba4eea1,2026-07-18T15:30:00Z,2026-07-18T17:30:00+0200,496.71,MW,FR,FR,actual_offshore_wind_generation,Wind Offshore | Actual Aggregated,2026-08-02T14:20:02Z
2026-08-02T14:18:54Z,2026-08-02T16:18:54+0200,d03952b3-6528-494b-a5a9-803d5ba4eea1,2026-07-18T15:45:00Z,2026-07-18T17:45:00+0200,553.41,MW,FR,FR,actual_offshore_wind_generation,Wind Offshore | Actual Aggregated,2026-08-02T14:20:02Z
2026-08-02T14:18:54Z,2026-08-02T16:18:54+0200,d03952b3-6528-494b-a5a9-803d5ba4eea1,2026-07-18T16:00:00Z,2026-07-18T18:00:00+0200,592.2,MW,FR,FR,actual_offshore_wind_generation,Wind Offshore | Actual Aggregated,2026-08-02T14:20:02Z
2026-08-02T14:18:54Z,2026-08-02T16:18:54+0200,d03952b3-6528-494b-a5a9-803d5ba4eea1,2026-07-18T16:15:00Z,2026-07-18T18:15:00+0200,601.39,MW,FR,FR,actual_offshore_wind_generation,Wind Offshore | Actual Aggregated,2026-08-02T14:20:02Z
2026-08-02T14:18:54Z,2026-08-02T16:18:54+0200,d03952b3-6528-494b-a5a9-803d5ba4eea1,2026-07-18T16:30:00Z,2026-07-18T18:30:00+0200,639.41,MW,FR,FR,actual_offshore_wind_generation,Wind Offshore | Actual Aggregated,2026-08-02T14:20:02Z
2026-08-02T14:18:54Z,2026-08-02T16:18:54+0200,d03952b3-6528-494b-a5a9-803d5ba4eea1,2026-07-18T16:45:00Z,2026-07-18T18:45:00+0200,711.29,MW,FR,FR,actual_offshore_wind_generation,Wind Offshore | Actual Aggregated,2026-08-02T14:20:02Z
2026-08-02T14:18:54Z,2026-08-02T16:18:54+0200,d03952b3-6528-494b-a5a9-803d5ba4eea1,2026-07-18T17:00:00Z,2026-07-18T19:00:00+0200,729.59,MW,FR,FR,actual_offshore_wind_generation,Wind Offshore | Actual Aggregated,2026-08-02T14:20:02Z
2026-08-02T14:18:54Z,2026-08-02T16:18:54+0200,d03952b3-6528-494b-a5a9-803d5ba4eea1,2026-07-18T17:15:00Z,2026-07-18T19:15:00+0200,739.08,MW,FR,FR,actual_offshore_wind_generation,Wind Offshore | Actual Aggregated,2026-08-02T14:20:02Z
2026-08-02T14:18:54Z,2026-08-02T16:18:54+0200,d03952b3-6528-494b-a5a9-803d5ba4eea1,2026-07-18T17:30:00Z,2026-07-18T19:30:00+0200,787.03,MW,FR,FR,actual_offshore_wind_generation,Wind Offshore | Actual Aggregated,2026-08-02T14:20:02Z
2026-08-02T14:18:54Z,2026-08-02T16:18:54+0200,d03952b3-6528-494b-a5a9-803d5ba4eea1,2026-07-18T17:45:00Z,2026-07-18T19:45:00+0200,803.06,MW,FR,FR,actual_offshore_wind_generation,Wind Offshore | Actual Aggregated,2026-08-02T14:20:02Z
2026-08-02T14:18:54Z,2026-08-02T16:18:54+0200,d03952b3-6528-494b-a5a9-803d5ba4eea1,2026-07-18T18:00:00Z,2026-07-18T20:00:00+0200,866.64,MW,FR,FR,actual_offshore_wind_generation,Wind Offshore | Actual Aggregated,2026-08-02T14:20:02Z
2026-08-02T14:18:54Z,2026-08-02T16:18:54+0200,d03952b3-6528-494b-a5a9-803d5ba4eea1,2026-07-18T18:15:00Z,2026-07-18T20:15:00+0200,960.04,MW,FR,FR,actual_offshore_wind_generation,Wind Offshore | Actual Aggregated,2026-08-02T14:20:02Z
2026-08-02T14:18:54Z,2026-08-02T16:18:54+0200,d03952b3-6528-494b-a5a9-803d5ba4eea1,2026-07-18T18:30:00Z,2026-07-18T20:30:00+0200,982.56,MW,FR,FR,actual_offshore_wind_generation,Wind Offshore | Actual Aggregated,2026-08-02T14:20:02Z
2026-08-02T14:18:54Z,2026-08-02T16:18:54+0200,d03952b3-6528-494b-a5a9-803d5ba4eea1,2026-07-18T18:45:00Z,2026-07-18T20:45:00+0200,983.5,MW,FR,FR,actual_offshore_wind_generation,Wind Offshore | Actual Aggregated,2026-08-02T14:20:02Z
2026-08-02T14:18:54Z,2026-08-02T16:18:54+0200,d03952b3-6528-494b-a5a9-803d5ba4eea1,2026-07-18T19:00:00Z,2026-07-18T21:00:00+0200,958.67,MW,FR,FR,actual_offshore_wind_generation,Wind Offshore | Actual Aggregated,2026-08-02T14:20:02Z
2026-08-02T14:18:54Z,2026-08-02T16:18:54+0200,d03952b3-6528-494b-a5a9-803d5ba4eea1,2026-07-18T19:15:00Z,2026-07-18T21:15:00+0200,920.98,MW,FR,FR,actual_offshore_wind_generation,Wind Offshore | Actual Aggregated,2026-08-02T14:20:02Z
2026-08-02T14:18:54Z,2026-08-02T16:18:54+0200,d03952b3-6528-494b-a5a9-803d5ba4eea1,2026-07-18T19:30:00Z,2026-07-18T21:30:00+0200,921.29,MW,FR,FR,actual_offshore_wind_generation,Wind Offshore | Actual Aggregated,2026-08-02T14:20:02Z
2026-08-02T14:18:54Z,2026-08-02T16:18:54+0200,d03952b3-6528-494b-a5a9-803d5ba4eea1,2026-07-18T19:45:00Z,2026-07-18T21:45:00+0200,990.73,MW,FR,FR,actual_offshore_wind_generation,Wind Offshore | Actual Aggregated,2026-08-02T14:20:02Z
2026-08-02T14:18:54Z,2026-08-02T16:18:54+0200,d03952b3-6528-494b-a5a9-803d5ba4eea1,2026-07-18T20:00:00Z,2026-07-18T22:00:00+0200,999.84,MW,FR,FR,actual_offshore_wind_generation,Wind Offshore | Actual Aggregated,2026-08-02T14:20:02Z
2026-08-02T14:18:54Z,2026-08-02T16:18:54+0200,d03952b3-6528-494b-a5a9-803d5ba4eea1,2026-07-18T20:15:00Z,2026-07-18T22:15:00+0200,1116.77,MW,FR,FR,actual_offshore_wind_generation,Wind Offshore | Actual Aggregated,2026-08-02T14:20:02Z
2026-08-02T14:18:54Z,2026-08-02T16:18:54+0200,d03952b3-6528-494b-a5a9-803d5ba4eea1,2026-07-18T20:30:00Z,2026-07-18T22:30:00+0200,1204.32,MW,FR,FR,actual_offshore_wind_generation,Wind Offshore | Actual Aggregated,2026-08-02T14:20:02Z
2026-08-02T14:18:54Z,2026-08-02T16:18:54+0200,d03952b3-6528-494b-a5a9-803d5ba4eea1,2026-07-18T20:45:00Z,2026-07-18T22:45:00+0200,1159.22,MW,FR,FR,actual_offshore_wind_generation,Wind Offshore | Actual Aggregated,2026-08-02T14:20:02Z
2026-08-02T14:18:54Z,2026-08-02T16:18:54+0200,d03952b3-6528-494b-a5a9-803d5ba4eea1,2026-07-18T21:00:00Z,2026-07-18T23:00:00+0200,1068.82,MW,FR,FR,actual_offshore_wind_generation,Wind Offshore | Actual Aggregated,2026-08-02T14:20:02Z
2026-08-02T14:18:54Z,2026-08-02T16:18:54+0200,d03952b3-6528-494b-a5a9-803d5ba4eea1,2026-07-18T21:15:00Z,2026-07-18T23:15:00+0200,1025.33,MW,FR,FR,actual_offshore_wind_generation,Wind Offshore | Actual Aggregated,2026-08-02T14:20:02Z
2026-08-02T14:18:54Z,2026-08-02T16:18:54+0200,d03952b3-6528-494b-a5a9-803d5ba4eea1,2026-07-18T21:30:00Z,2026-07-18T23:30:00+0200,1038.82,MW,FR,FR,actual_offshore_wind_generation,Wind Offshore | Actual Aggregated,2026-08-02T14:20:02Z
2026-08-02T14:18:54Z,2026-08-02T16:18:54+0200,d03952b3-6528-494b-a5a9-803d5ba4eea1,2026-07-18T21:45:00Z,2026-07-18T23:45:00+0200,1072.15,MW,FR,FR,actual_offshore_wind_generation,Wind Offshore | Actual Aggregated,2026-08-02T14:20:02Z
2026-08-02T14:18:54Z,2026-08-02T16:18:54+0200,d03952b3-6528-494b-a5a9-803d5ba4eea1,2026-07-18T22:00:00Z,2026-07-19T00:00:00+0200,1152.29,MW,FR,FR,actual_offshore_wind_generation,Wind Offshore | Actual Aggregated,2026-08-02T14:20:02Z
2026-08-02T14:18:54Z,2026-08-02T16:18:54+0200,d03952b3-6528-494b-a5a9-803d5ba4eea1,2026-07-18T22:15:00Z,2026-07-19T00:15:00+0200,1148.58,MW,FR,FR,actual_offshore_wind_generation,Wind Offshore | Actual Aggregated,2026-08-02T14:20:02Z
2026-08-02T14:18:54Z,2026-08-02T16:18:54+0200,d03952b3-6528-494b-a5a9-803d5ba4eea1,2026-07-18T22:30:00Z,2026-07-19T00:30:00+0200,1105.0,MW,FR,FR,actual_offshore_wind_generation,Wind Offshore | Actual Aggregated,2026-08-02T14:20:02Z
2026-08-02T14:18:54Z,2026-08-02T16:18:54+0200,d03952b3-6528-494b-a5a9-803d5ba4eea1,2026-07-18T22:45:00Z,2026-07-19T00:45:00+0200,1106.86,MW,FR,FR,actual_offshore_wind_generation,Wind Offshore | Actual Aggregated,2026-08-02T14:20:02Z
2026-08-02T14:18:54Z,2026-08-02T16:18:54+0200,d03952b3-6528-494b-a5a9-803d5ba4eea1,2026-07-18T23:00:00Z,2026-07-19T01:00:00+0200,1078.25,MW,FR,FR,actual_offshore_wind_generation,Wind Offshore | Actual Aggregated,2026-08-02T14:20:02Z
2026-08-02T14:18:54Z,2026-08-02T16:18:54+0200,d03952b3-6528-494b-a5a9-803d5ba4eea1,2026-07-18T23:15:00Z,2026-07-19T01:15:00+0200,968.93,MW,FR,FR,actual_offshore_wind_generation,Wind Offshore | Actual Aggregated,2026-08-02T14:20:02Z
2026-08-02T14:18:54Z,2026-08-02T16:18:54+0200,d03952b3-6528-494b-a5a9-803d5ba4eea1,2026-07-18T23:30:00Z,2026-07-19T01:30:00+0200,953.89,MW,FR,FR,actual_offshore_wind_generation,Wind Offshore | Actual Aggregated,2026-08-02T14:20:02Z
2026-08-02T14:18:54Z,2026-08-02T16:18:54+0200,d03952b3-6528-494b-a5a9-803d5ba4eea1,2026-07-18T23:45:00Z,2026-07-19T01:45:00+0200,935.66,MW,FR,FR,actual_offshore_wind_generation,Wind Offshore | Actual Aggregated,2026-08-02T14:20:02Z
2026-08-02T14:18:54Z,2026-08-02T16:18:54+0200,d03952b3-6528-494b-a5a9-803d5ba4eea1,2026-07-19T00:00:00Z,2026-07-19T02:00:00+0200,952.6,MW,FR,FR,actual_offshore_wind_generation,Wind Offshore | Actual Aggregated,2026-08-02T14:20:02Z
2026-08-02T14:18:54Z,2026-08-02T16:18:54+0200,d03952b3-6528-494b-a5a9-803d5ba4eea1,2026-07-19T00:15:00Z,2026-07-19T02:15:00+0200,947.26,MW,FR,FR,actual_offshore_wind_generation,Wind Offshore | Actual Aggregated,2026-08-02T14:20:02Z
2026-08-02T14:18:54Z,2026-08-02T16:18:54+0200,d03952b3-6528-494b-a5a9-803d5ba4eea1,2026-07-19T00:30:00Z,2026-07-19T02:30:00+0200,923.23,MW,FR,FR,actual_offshore_wind_generation,Wind Offshore | Actual Aggregated,2026-08-02T14:20:02Z
2026-08-02T14:18:54Z,2026-08-02T16:18:54+0200,d03952b3-6528-494b-a5a9-803d5ba4eea1,2026-07-19T00:45:00Z,2026-07-19T02:45:00+0200,902.19,MW,FR,FR,actual_offshore_wind_generation,Wind Offshore | Actual Aggregated,2026-08-02T14:20:02Z
2026-08-02T14:18:54Z,2026-08-02T16:18:54+0200,d03952b3-6528-494b-a5a9-803d5ba4eea1,2026-07-19T01:00:00Z,2026-07-19T03:00:00+0200,907.89,MW,FR,FR,actual_offshore_wind_generation,Wind Offshore | Actual Aggregated,2026-08-02T14:20:02Z
2026-08-02T14:18:54Z,2026-08-02T16:18:54+0200,d03952b3-6528-494b-a5a9-803d5ba4eea1,2026-07-19T01:15:00Z,2026-07-19T03:15:00+0200,895.92,MW,FR,FR,actual_offshore_wind_generation,Wind Offshore | Actual Aggregated,2026-08-02T14:20:02Z
2026-08-02T14:18:54Z,2026-08-02T16:18:54+0200,d03952b3-6528-494b-a5a9-803d5ba4eea1,2026-07-19T01:30:00Z,2026-07-19T03:30:00+0200,972.24,MW,FR,FR,actual_offshore_wind_generation,Wind Offshore | Actual Aggregated,2026-08-02T14:20:02Z
2026-08-02T14:18:54Z,2026-08-02T16:18:54+0200,d03952b3-6528-494b-a5a9-803d5ba4eea1,2026-07-19T01:45:00Z,2026-07-19T03:45:00+0200,1012.6,MW,FR,FR,actual_offshore_wind_generation,Wind Offshore | Actual Aggregated,2026-08-02T14:20:02Z
2026-08-02T14:18:54Z,2026-08-02T16:18:54+0200,d03952b3-6528-494b-a5a9-803d5ba4eea1,2026-07-19T02:00:00Z,2026-07-19T04:00:00+0200,1059.89,MW,FR,FR,actual_offshore_wind_generation,Wind Offshore | Actual Aggregated,2026-08-02T14:20:02Z
2026-08-02T14:18:54Z,2026-08-02T16:18:54+0200,d03952b3-6528-494b-a5a9-803d5ba4eea1,2026-07-19T02:15:00Z,2026-07-19T04:15:00+0200,1040.13,MW,FR,FR,actual_offshore_wind_generation,Wind Offshore | Actual Aggregated,2026-08-02T14:20:02Z
2026-08-02T14:18:54Z,2026-08-02T16:18:54+0200,d03952b3-6528-494b-a5a9-803d5ba4eea1,2026-07-19T02:30:00Z,2026-07-19T04:30:00+0200,1021.91,MW,FR,FR,actual_offshore_wind_generation,Wind Offshore | Actual Aggregated,2026-08-02T14:20:02Z
2026-08-02T14:18:54Z,2026-08-02T16:18:54+0200,d03952b3-6528-494b-a5a9-803d5ba4eea1,2026-07-19T02:45:00Z,2026-07-19T04:45:00+0200,958.46,MW,FR,FR,actual_offshore_wind_generation,Wind Offshore | Actual Aggregated,2026-08-02T14:20:02Z
2026-08-02T14:18:54Z,2026-08-02T16:18:54+0200,d03952b3-6528-494b-a5a9-803d5ba4eea1,2026-07-19T03:00:00Z,2026-07-19T05:00:00+0200,921.98,MW,FR,FR,actual_offshore_wind_generation,Wind Offshore | Actual Aggregated,2026-08-02T14:20:02Z
2026-08-02T14:18:54Z,2026-08-02T16:18:54+0200,d03952b3-6528-494b-a5a9-803d5ba4eea1,2026-07-19T03:15:00Z,2026-07-19T05:15:00+0200,955.91,MW,FR,FR,actual_offshore_wind_generation,Wind Offshore | Actual Aggregated,2026-08-02T14:20:02Z
2026-08-02T14:18:54Z,2026-08-02T16:18:54+0200,d03952b3-6528-494b-a5a9-803d5ba4eea1,2026-07-19T03:30:00Z,2026-07-19T05:30:00+0200,990.62,MW,FR,FR,actual_offshore_wind_generation,Wind Offshore | Actual Aggregated,2026-08-02T14:20:02Z
2026-08-02T14:18:54Z,2026-08-02T16:18:54+0200,d03952b3-6528-494b-a5a9-803d5ba4eea1,2026-07-19T03:45:00Z,2026-07-19T05:45:00+0200,1003.82,MW,FR,FR,actual_offshore_wind_generation,Wind Offshore | Actual Aggregated,2026-08-02T14:20:02Z
2026-08-02T14:18:54Z,2026-08-02T16:18:54+0200,d03952b3-6528-494b-a5a9-803d5ba4eea1,2026-07-19T04:00:00Z,2026-07-19T06:00:00+0200,1025.08,MW,FR,FR,actual_offshore_wind_generation,Wind Offshore | Actual Aggregated,2026-08-02T14:20:02Z
2026-08-02T14:18:54Z,2026-08-02T16:18:54+0200,d03952b3-6528-494b-a5a9-803d5ba4eea1,2026-07-19T04:15:00Z,2026-07-19T06:15:00+0200,1057.61,MW,FR,FR,actual_offshore_wind_generation,Wind Offshore | Actual Aggregated,2026-08-02T14:20:02Z
2026-08-02T14:18:54Z,2026-08-02T16:18:54+0200,d03952b3-6528-494b-a5a9-803d5ba4eea1,2026-07-19T04:30:00Z,2026-07-19T06:30:00+0200,971.49,MW,FR,FR,actual_offshore_wind_generation,Wind Offshore | Actual Aggregated,2026-08-02T14:20:02Z
2026-08-02T14:18:54Z,2026-08-02T16:18:54+0200,d03952b3-6528-494b-a5a9-803d5ba4eea1,2026-07-19T04:45:00Z,2026-07-19T06:45:00+0200,958.64,MW,FR,FR,actual_offshore_wind_generation,Wind Offshore | Actual Aggregated,2026-08-02T14:20:02Z
2026-08-02T14:18:54Z,2026-08-02T16:18:54+0200,d03952b3-6528-494b-a5a9-803d5ba4eea1,2026-07-19T05:00:00Z,2026-07-19T07:00:00+0200,1031.16,MW,FR,FR,actual_offshore_wind_generation,Wind Offshore | Actual Aggregated,2026-08-02T14:20:02Z
2026-08-02T14:18:54Z,2026-08-02T16:18:54+0200,d03952b3-6528-494b-a5a9-803d5ba4eea1,2026-07-19T05:15:00Z,2026-07-19T07:15:00+0200,1124.53,MW,FR,FR,actual_offshore_wind_generation,Wind Offshore | Actual Aggregated,2026-08-02T14:20:02Z
2026-08-02T14:18:54Z,2026-08-02T16:18:54+0200,d03952b3-6528-494b-a5a9-803d5ba4eea1,2026-07-19T05:30:00Z,2026-07-19T07:30:00+0200,1230.19,MW,FR,FR,actual_offshore_wind_generation,Wind Offshore | Actual Aggregated,2026-08-02T14:20:02Z
2026-08-02T14:18:54Z,2026-08-02T16:18:54+0200,d03952b3-6528-494b-a5a9-803d5ba4eea1,2026-07-19T05:45:00Z,2026-07-19T07:45:00+0200,1224.61,MW,FR,FR,actual_offshore_wind_generation,Wind Offshore | Actual Aggregated,2026-08-02T14:20:02Z
2026-08-02T14:18:54Z,2026-08-02T16:18:54+0200,d03952b3-6528-494b-a5a9-803d5ba4eea1,2026-07-19T06:00:00Z,2026-07-19T08:00:00+0200,1196.87,MW,FR,FR,actual_offshore_wind_generation,Wind Offshore | Actual Aggregated,2026-08-02T14:20:02Z
2026-08-02T14:18:54Z,2026-08-02T16:18:54+0200,d03952b3-6528-494b-a5a9-803d5ba4eea1,2026-07-19T06:15:00Z,2026-07-19T08:15:00+0200,1185.5,MW,FR,FR,actual_offshore_wind_generation,Wind Offshore | Actual Aggregated,2026-08-02T14:20:02Z
2026-08-02T14:18:54Z,2026-08-02T16:18:54+0200,d03952b3-6528-494b-a5a9-803d5ba4eea1,2026-07-19T06:30:00Z,2026-07-19T08:30:00+0200,1203.69,MW,FR,FR,actual_offshore_wind_generation,Wind Offshore | Actual Aggregated,2026-08-02T14:20:02Z
2026-08-02T14:18:54Z,2026-08-02T16:18:54+0200,d03952b3-6528-494b-a5a9-803d5ba4eea1,2026-07-19T06:45:00Z,2026-07-19T08:45:00+0200,1167.99,MW,FR,FR,actual_offshore_wind_generation,Wind Offshore | Actual Aggregated,2026-08-02T14:20:02Z
2026-08-02T14:18:54Z,2026-08-02T16:18:54+0200,d03952b3-6528-494b-a5a9-803d5ba4eea1,2026-07-19T07:00:00Z,2026-07-19T09:00:00+0200,1110.99,MW,FR,FR,actual_offshore_wind_generation,Wind Offshore | Actual Aggregated,2026-08-02T14:20:02Z
2026-08-02T14:18:54Z,2026-08-02T16:18:54+0200,d03952b3-6528-494b-a5a9-803d5ba4eea1,2026-07-19T07:15:00Z,2026-07-19T09:15:00+0200,1099.62,MW,FR,FR,actual_offshore_wind_generation,Wind Offshore | Actual Aggregated,2026-08-02T14:20:02Z
2026-08-02T14:18:54Z,2026-08-02T16:18:54+0200,d03952b3-6528-494b-a5a9-803d5ba4eea1,2026-07-19T07:30:00Z,2026-07-19T09:30:00+0200,1075.82,MW,FR,FR,actual_offshore_wind_generation,Wind Offshore | Actual Aggregated,2026-08-02T14:20:02Z
2026-08-02T14:18:54Z,2026-08-02T16:18:54+0200,d03952b3-6528-494b-a5a9-803d5ba4eea1,2026-07-19T07:45:00Z,2026-07-19T09:45:00+0200,1070.42,MW,FR,FR,actual_offshore_wind_generation,Wind Offshore | Actual Aggregated,2026-08-02T14:20:02Z
2026-08-02T14:18:54Z,2026-08-02T16:18:54+0200,d03952b3-6528-494b-a5a9-803d5ba4eea1,2026-07-19T08:00:00Z,2026-07-19T10:00:00+0200,1041.89,MW,FR,FR,actual_offshore_wind_generation,Wind Offshore | Actual Aggregated,2026-08-02T14:20:02Z
2026-08-02T14:18:54Z,2026-08-02T16:18:54+0200,d03952b3-6528-494b-a5a9-803d5ba4eea1,2026-07-19T08:15:00Z,2026-07-19T10:15:00+0200,1029.81,MW,FR,FR,actual_offshore_wind_generation,Wind Offshore | Actual Aggregated,2026-08-02T14:20:02Z
2026-08-02T14:18:54Z,2026-08-02T16:18:54+0200,d03952b3-6528-494b-a5a9-803d5ba4eea1,2026-07-19T08:30:00Z,2026-07-19T10:30:00+0200,1003.7,MW,FR,FR,actual_offshore_wind_generation,Wind Offshore | Actual Aggregated,2026-08-02T14:20:02Z
2026-08-02T14:18:54Z,2026-08-02T16:18:54+0200,d03952b3-6528-494b-a5a9-803d5ba4eea1,2026-07-19T08:45:00Z,2026-07-19T10:45:00+0200,1002.49,MW,FR,FR,actual_offshore_wind_generation,Wind Offshore | Actual Aggregated,2026-08-02T14:20:02Z
2026-08-02T14:18:54Z,2026-08-02T16:18:54+0200,d03952b3-6528-494b-a5a9-803d5ba4eea1,2026-07-19T09:00:00Z,2026-07-19T11:00:00+0200,942.32,MW,FR,FR,actual_offshore_wind_generation,Wind Offshore | Actual Aggregated,2026-08-02T14:20:02Z
2026-08-02T14:18:54Z,2026-08-02T16:18:54+0200,d03952b3-6528-494b-a5a9-803d5ba4eea1,2026-07-19T09:15:00Z,2026-07-19T11:15:00+0200,864.65,MW,FR,FR,actual_offshore_wind_generation,Wind Offshore | Actual Aggregated,2026-08-02T14:20:02Z
2026-08-02T14:18:54Z,2026-08-02T16:18:54+0200,d03952b3-6528-494b-a5a9-803d5ba4eea1,2026-07-19T09:30:00Z,2026-07-19T11:30:00+0200,818.0,MW,FR,FR,actual_offshore_wind_generation,Wind Offshore | Actual Aggregated,2026-08-02T14:20:02Z
2026-08-02T14:18:54Z,2026-08-02T16:18:54+0200,d03952b3-6528-494b-a5a9-803d5ba4eea1,2026-07-19T09:45:00Z,2026-07-19T11:45:00+0200,764.07,MW,FR,FR,actual_offshore_wind_generation,Wind Offshore | Actual Aggregated,2026-08-02T14:20:02Z
2026-08-02T14:18:54Z,2026-08-02T16:18:54+0200,d03952b3-6528-494b-a5a9-803d5ba4eea1,2026-07-19T10:00:00Z,2026-07-19T12:00:00+0200,742.71,MW,FR,FR,actual_offshore_wind_generation,Wind Offshore | Actual Aggregated,2026-08-02T14:20:02Z
2026-08-02T14:18:54Z,2026-08-02T16:18:54+0200,d03952b3-6528-494b-a5a9-803d5ba4eea1,2026-07-19T10:15:00Z,2026-07-19T12:15:00+0200,665.76,MW,FR,FR,actual_offshore_wind_generation,Wind Offshore | Actual Aggregated,2026-08-02T14:20:02Z
2026-08-02T14:18:54Z,2026-08-02T16:18:54+0200,d03952b3-6528-494b-a5a9-803d5ba4eea1,2026-07-19T10:30:00Z,2026-07-19T12:30:00+0200,419.23,MW,FR,FR,actual_offshore_wind_generation,Wind Offshore | Actual Aggregated,2026-08-02T14:20:02Z
2026-08-02T14:18:54Z,2026-08-02T16:18:54+0200,d03952b3-6528-494b-a5a9-803d5ba4eea1,2026-07-19T10:45:00Z,2026-07-19T12:45:00+0200,271.78,MW,FR,FR,actual_offshore_wind_generation,Wind Offshore | Actual Aggregated,2026-08-02T14:20:02Z
2026-08-02T14:18:54Z,2026-08-02T16:18:54+0200,d03952b3-6528-494b-a5a9-803d5ba4eea1,2026-07-19T11:00:00Z,2026-07-19T13:00:00+0200,179.2,MW,FR,FR,actual_offshore_wind_generation,Wind Offshore | Actual Aggregated,2026-08-02T14:20:02Z
2026-08-02T14:18:54Z,2026-08-02T16:18:54+0200,d03952b3-6528-494b-a5a9-803d5ba4eea1,2026-07-19T11:15:00Z,2026-07-19T13:15:00+0200,97.88,MW,FR,FR,actual_offshore_wind_generation,Wind Offshore | Actual Aggregated,2026-08-02T14:20:02Z
2026-08-02T14:18:54Z,2026-08-02T16:18:54+0200,d03952b3-6528-494b-a5a9-803d5ba4eea1,2026-07-19T11:30:00Z,2026-07-19T13:30:00+0200,98.02,MW,FR,FR,actual_offshore_wind_generation,Wind Offshore | Actual Aggregated,2026-08-02T14:20:02Z
2026-08-02T14:18:54Z,2026-08-02T16:18:54+0200,d03952b3-6528-494b-a5a9-803d5ba4eea1,2026-07-19T11:45:00Z,2026-07-19T13:45:00+0200,99.3,MW,FR,FR,actual_offshore_wind_generation,Wind Offshore | Actual Aggregated,2026-08-02T14:20:02Z
2026-08-02T14:18:54Z,2026-08-02T16:18:54+0200,d03952b3-6528-494b-a5a9-803d5ba4eea1,2026-07-19T12:00:00Z,2026-07-19T14:00:00+0200,97.5,MW,FR,FR,actual_offshore_wind_generation,Wind Offshore | Actual Aggregated,2026-08-02T14:20:02Z
2026-08-02T14:18:54Z,2026-08-02T16:18:54+0200,d03952b3-6528-494b-a5a9-803d5ba4eea1,2026-07-19T12:15:00Z,2026-07-19T14:15:00+0200,98.11,MW,FR,FR,actual_offshore_wind_generation,Wind Offshore | Actual Aggregated,2026-08-02T14:20:02Z
2026-08-02T14:18:54Z,2026-08-02T16:18:54+0200,d03952b3-6528-494b-a5a9-803d5ba4eea1,2026-07-19T12:30:00Z,2026-07-19T14:30:00+0200,97.49,MW,FR,FR,actual_offshore_wind_generation,Wind Offshore | Actual Aggregated,2026-08-02T14:20:02Z
2026-08-02T14:18:54Z,2026-08-02T16:18:54+0200,d03952b3-6528-494b-a5a9-803d5ba4eea1,2026-07-19T12:45:00Z,2026-07-19T14:45:00+0200,98.03,MW,FR,FR,actual_offshore_wind_generation,Wind Offshore | Actual Aggregated,2026-08-02T14:20:02Z
2026-08-02T14:18:54Z,2026-08-02T16:18:54+0200,d03952b3-6528-494b-a5a9-803d5ba4eea1,2026-07-19T13:00:00Z,2026-07-19T15:00:00+0200,98.29,MW,FR,FR,actual_offshore_wind_generation,Wind Offshore | Actual Aggregated,2026-08-02T14:20:02Z
2026-08-02T14:18:54Z,2026-08-02T16:18:54+0200,d03952b3-6528-494b-a5a9-803d5ba4eea1,2026-07-19T13:15:00Z,2026-07-19T15:15:00+0200,98.88,MW,FR,FR,actual_offshore_wind_generation,Wind Offshore | Actual Aggregated,2026-08-02T14:20:02Z
2026-08-02T14:18:54Z,2026-08-02T16:18:54+0200,d03952b3-6528-494b-a5a9-803d5ba4eea1,2026-07-19T13:30:00Z,2026-07-19T15:30:00+0200,101.54,MW,FR,FR,actual_offshore_wind_generation,Wind Offshore | Actual Aggregated,2026-08-02T14:20:02Z
2026-08-02T14:18:54Z,2026-08-02T16:18:54+0200,d03952b3-6528-494b-a5a9-803d5ba4eea1,2026-07-19T13:45:00Z,2026-07-19T15:45:00+0200,124.8,MW,FR,FR,actual_offshore_wind_generation,Wind Offshore | Actual Aggregated,2026-08-02T14:20:02Z
2026-08-02T14:18:54Z,2026-08-02T16:18:54+0200,d03952b3-6528-494b-a5a9-803d5ba4eea1,2026-07-19T14:00:00Z,2026-07-19T16:00:00+0200,208.1,MW,FR,FR,actual_offshore_wind_generation,Wind Offshore | Actual Aggregated,2026-08-02T14:20:02Z
2026-08-02T14:18:54Z,2026-08-02T16:18:54+0200,d03952b3-6528-494b-a5a9-803d5ba4eea1,2026-07-19T14:15:00Z,2026-07-19T16:15:00+0200,454.89,MW,FR,FR,actual_offshore_wind_generation,Wind Offshore | Actual Aggregated,2026-08-02T14:20:02Z
2026-08-02T14:18:54Z,2026-08-02T16:18:54+0200,d03952b3-6528-494b-a5a9-803d5ba4eea1,2026-07-19T14:30:00Z,2026-07-19T16:30:00+0200,442.91,MW,FR,FR,actual_offshore_wind_generation,Wind Offshore | Actual Aggregated,2026-08-02T14:20:02Z
2026-08-02T14:18:54Z,2026-08-02T16:18:54+0200,d03952b3-6528-494b-a5a9-803d5ba4eea1,2026-07-19T14:45:00Z,2026-07-19T16:45:00+0200,470.14,MW,FR,FR,actual_offshore_wind_generation,Wind Offshore | Actual Aggregated,2026-08-02T14:20:02Z
2026-08-02T14:18:54Z,2026-08-02T16:18:54+0200,d03952b3-6528-494b-a5a9-803d5ba4eea1,2026-07-19T15:00:00Z,2026-07-19T17:00:00+0200,516.23,MW,FR,FR,actual_offshore_wind_generation,Wind Offshore | Actual Aggregated,2026-08-02T14:20:02Z
2026-08-02T14:18:54Z,2026-08-02T16:18:54+0200,d03952b3-6528-494b-a5a9-803d5ba4eea1,2026-07-19T15:15:00Z,2026-07-19T17:15:00+0200,537.06,MW,FR,FR,actual_offshore_wind_generation,Wind Offshore | Actual Aggregated,2026-08-02T14:20:02Z
2026-08-02T14:18:54Z,2026-08-02T16:18:54+0200,d03952b3-6528-494b-a5a9-803d5ba4eea1,2026-07-19T15:30:00Z,2026-07-19T17:30:00+0200,571.07,MW,FR,FR,actual_offshore_wind_generation,Wind Offshore | Actual Aggregated,2026-08-02T14:20:02Z
2026-08-02T14:18:54Z,2026-08-02T16:18:54+0200,d03952b3-6528-494b-a5a9-803d5ba4eea1,2026-07-19T15:45:00Z,2026-07-19T17:45:00+0200,599.56,MW,FR,FR,actual_offshore_wind_generation,Wind Offshore | Actual Aggregated,2026-08-02T14:20:02Z
2026-08-02T14:18:54Z,2026-08-02T16:18:54+0200,d03952b3-6528-494b-a5a9-803d5ba4eea1,2026-07-19T16:00:00Z,2026-07-19T18:00:00+0200,646.17,MW,FR,FR,actual_offshore_wind_generation,Wind Offshore | Actual Aggregated,2026-08-02T14:20:02Z
2026-08-02T14:18:54Z,2026-08-02T16:18:54+0200,d03952b3-6528-494b-a5a9-803d5ba4eea1,2026-07-19T16:15:00Z,2026-07-19T18:15:00+0200,685.32,MW,FR,FR,actual_offshore_wind_generation,Wind Offshore | Actual Aggregated,2026-08-02T14:20:02Z
2026-08-02T14:18:54Z,2026-08-02T16:18:54+0200,d03952b3-6528-494b-a5a9-803d5ba4eea1,2026-07-19T16:30:00Z,2026-07-19T18:30:00+0200,761.37,MW,FR,FR,actual_offshore_wind_generation,Wind Offshore | Actual Aggregated,2026-08-02T14:20:02Z
2026-08-02T14:18:54Z,2026-08-02T16:18:54+0200,d03952b3-6528-494b-a5a9-803d5ba4eea1,2026-07-19T16:45:00Z,2026-07-19T18:45:00+0200,772.97,MW,FR,FR,actual_offshore_wind_generation,Wind Offshore | Actual Aggregated,2026-08-02T14:20:02Z
2026-08-02T14:18:54Z,2026-08-02T16:18:54+0200,d03952b3-6528-494b-a5a9-803d5ba4eea1,2026-07-19T17:00:00Z,2026-07-19T19:00:00+0200,772.38,MW,FR,FR,actual_offshore_wind_generation,Wind Offshore | Actual Aggregated,2026-08-02T14:20:02Z
2026-08-02T14:18:54Z,2026-08-02T16:18:54+0200,d03952b3-6528-494b-a5a9-803d5ba4eea1,2026-07-19T17:15:00Z,2026-07-19T19:15:00+0200,790.16,MW,FR,FR,actual_offshore_wind_generation,Wind Offshore | Actual Aggregated,2026-08-02T14:20:02Z
2026-08-02T14:18:54Z,2026-08-02T16:18:54+0200,d03952b3-6528-494b-a5a9-803d5ba4eea1,2026-07-19T17:30:00Z,2026-07-19T19:30:00+0200,791.47,MW,FR,FR,actual_offshore_wind_generation,Wind Offshore | Actual Aggregated,2026-08-02T14:20:02Z
2026-08-02T14:18:54Z,2026-08-02T16:18:54+0200,d03952b3-6528-494b-a5a9-803d5ba4eea1,2026-07-19T17:45:00Z,2026-07-19T19:45:00+0200,830.35,MW,FR,FR,actual_offshore_wind_generation,Wind Offshore | Actual Aggregated,2026-08-02T14:20:02Z
2026-08-02T14:18:54Z,2026-08-02T16:18:54+0200,d03952b3-6528-494b-a5a9-803d5ba4eea1,2026-07-19T18:00:00Z,2026-07-19T20:00:00+0200,855.1,MW,FR,FR,actual_offshore_wind_generation,Wind Offshore | Actual Aggregated,2026-08-02T14:20:02Z
2026-08-02T14:18:54Z,2026-08-02T16:18:54+0200,d03952b3-6528-494b-a5a9-803d5ba4eea1,2026-07-19T18:15:00Z,2026-07-19T20:15:00+0200,893.28,MW,FR,FR,actual_offshore_wind_generation,Wind Offshore | Actual Aggregated,2026-08-02T14:20:02Z
2026-08-02T14:18:54Z,2026-08-02T16:18:54+0200,d03952b3-6528-494b-a5a9-803d5ba4eea1,2026-07-19T18:30:00Z,2026-07-19T20:30:00+0200,990.12,MW,FR,FR,actual_offshore_wind_generation,Wind Offshore | Actual Aggregated,2026-08-02T14:20:02Z
2026-08-02T14:18:54Z,2026-08-02T16:18:54+0200,d03952b3-6528-494b-a5a9-803d5ba4eea1,2026-07-19T18:45:00Z,2026-07-19T20:45:00+0200,1031.86,MW,FR,FR,actual_offshore_wind_generation,Wind Offshore | Actual Aggregated,2026-08-02T14:20:02Z
2026-08-02T14:18:54Z,2026-08-02T16:18:54+0200,d03952b3-6528-494b-a5a9-803d5ba4eea1,2026-07-19T19:00:00Z,2026-07-19T21:00:00+0200,1007.99,MW,FR,FR,actual_offshore_wind_generation,Wind Offshore | Actual Aggregated,2026-08-02T14:20:02Z
2026-08-02T14:18:54Z,2026-08-02T16:18:54+0200,d03952b3-6528-494b-a5a9-803d5ba4eea1,2026-07-19T19:15:00Z,2026-07-19T21:15:00+0200,1017.91,MW,FR,FR,actual_offshore_wind_generation,Wind Offshore | Actual Aggregated,2026-08-02T14:20:02Z
2026-08-02T14:18:54Z,2026-08-02T16:18:54+0200,d03952b3-6528-494b-a5a9-803d5ba4eea1,2026-07-19T19:30:00Z,2026-07-19T21:30:00+0200,1035.85,MW,FR,FR,actual_offshore_wind_generation,Wind Offshore | Actual Aggregated,2026-08-02T14:20:02Z
2026-08-02T14:18:54Z,2026-08-02T16:18:54+0200,d03952b3-6528-494b-a5a9-803d5ba4eea1,2026-07-19T19:45:00Z,2026-07-19T21:45:00+0200,1067.2,MW,FR,FR,actual_offshore_wind_generation,Wind Offshore | Actual Aggregated,2026-08-02T14:20:02Z
2026-08-02T14:18:54Z,2026-08-02T16:18:54+0200,d03952b3-6528-494b-a5a9-803d5ba4eea1,2026-07-19T20:00:00Z,2026-07-19T22:00:00+0200,1092.31,MW,FR,FR,actual_offshore_wind_generation,Wind Offshore | Actual Aggregated,2026-08-02T14:20:02Z
2026-08-02T14:18:54Z,2026-08-02T16:18:54+0200,d03952b3-6528-494b-a5a9-803d5ba4eea1,2026-07-19T20:15:00Z,2026-07-19T22:15:00+0200,1099.2,MW,FR,FR,actual_offshore_wind_generation,Wind Offshore | Actual Aggregated,2026-08-02T14:20:02Z
2026-08-02T14:18:54Z,2026-08-02T16:18:54+0200,d03952b3-6528-494b-a5a9-803d5ba4eea1,2026-07-19T20:30:00Z,2026-07-19T22:30:00+0200,1100.77,MW,FR,FR,actual_offshore_wind_generation,Wind Offshore | Actual Aggregated,2026-08-02T14:20:02Z
2026-08-02T14:18:54Z,2026-08-02T16:18:54+0200,d03952b3-6528-494b-a5a9-803d5ba4eea1,2026-07-19T20:45:00Z,2026-07-19T22:45:00+0200,1135.96,MW,FR,FR,actual_offshore_wind_generation,Wind Offshore | Actual Aggregated,2026-08-02T14:20:02Z
2026-08-02T14:18:54Z,2026-08-02T16:18:54+0200,d03952b3-6528-494b-a5a9-803d5ba4eea1,2026-07-19T21:00:00Z,2026-07-19T23:00:00+0200,1167.94,MW,FR,FR,actual_offshore_wind_generation,Wind Offshore | Actual Aggregated,2026-08-02T14:20:02Z
2026-08-02T14:18:54Z,2026-08-02T16:18:54+0200,d03952b3-6528-494b-a5a9-803d5ba4eea1,2026-07-19T21:15:00Z,2026-07-19T23:15:00+0200,1204.96,MW,FR,FR,actual_offshore_wind_generation,Wind Offshore | Actual Aggregated,2026-08-02T14:20:02Z
2026-08-02T14:18:54Z,2026-08-02T16:18:54+0200,d03952b3-6528-494b-a5a9-803d5ba4eea1,2026-07-19T21:30:00Z,2026-07-19T23:30:00+0200,1218.64,MW,FR,FR,actual_offshore_wind_generation,Wind Offshore | Actual Aggregated,2026-08-02T14:20:02Z
2026-08-02T14:18:54Z,2026-08-02T16:18:54+0200,d03952b3-6528-494b-a5a9-803d5ba4eea1,2026-07-19T21:45:00Z,2026-07-19T23:45:00+0200,1225.93,MW,FR,FR,actual_offshore_wind_generation,Wind Offshore | Actual Aggregated,2026-08-02T14:20:02Z
2026-08-02T14:18:54Z,2026-08-02T16:18:54+0200,d03952b3-6528-494b-a5a9-803d5ba4eea1,2026-07-19T22:00:00Z,2026-07-20T00:00:00+0200,1221.16,MW,FR,FR,actual_offshore_wind_generation,Wind Offshore | Actual Aggregated,2026-08-02T14:20:02Z
2026-08-02T14:18:54Z,2026-08-02T16:18:54+0200,d03952b3-6528-494b-a5a9-803d5ba4eea1,2026-07-19T22:15:00Z,2026-07-20T00:15:00+0200,1235.67,MW,FR,FR,actual_offshore_wind_generation,Wind Offshore | Actual Aggregated,2026-08-02T14:20:02Z
2026-08-02T14:18:54Z,2026-08-02T16:18:54+0200,d03952b3-6528-494b-a5a9-803d5ba4eea1,2026-07-19T22:30:00Z,2026-07-20T00:30:00+0200,1238.91,MW,FR,FR,actual_offshore_wind_generation,Wind Offshore | Actual Aggregated,2026-08-02T14:20:02Z
2026-08-02T14:18:54Z,2026-08-02T16:18:54+0200,d03952b3-6528-494b-a5a9-803d5ba4eea1,2026-07-19T22:45:00Z,2026-07-20T00:45:00+0200,1201.3,MW,FR,FR,actual_offshore_wind_generation,Wind Offshore | Actual Aggregated,2026-08-02T14:20:02Z
2026-08-02T14:18:54Z,2026-08-02T16:18:54+0200,d03952b3-6528-494b-a5a9-803d5ba4eea1,2026-07-19T23:00:00Z,2026-07-20T01:00:00+0200,1194.0,MW,FR,FR,actual_offshore_wind_generation,Wind Offshore | Actual Aggregated,2026-08-02T14:20:02Z
2026-08-02T14:18:54Z,2026-08-02T16:18:54+0200,d03952b3-6528-494b-a5a9-803d5ba4eea1,2026-07-19T23:15:00Z,2026-07-20T01:15:00+0200,1163.47,MW,FR,FR,actual_offshore_wind_generation,Wind Offshore | Actual Aggregated,2026-08-02T14:20:02Z
2026-08-02T14:18:54Z,2026-08-02T16:18:54+0200,d03952b3-6528-494b-a5a9-803d5ba4eea1,2026-07-19T23:30:00Z,2026-07-20T01:30:00+0200,1147.56,MW,FR,FR,actual_offshore_wind_generation,Wind Offshore | Actual Aggregated,2026-08-02T14:20:02Z
2026-08-02T14:18:54Z,2026-08-02T16:18:54+0200,d03952b3-6528-494b-a5a9-803d5ba4eea1,2026-07-19T23:45:00Z,2026-07-20T01:45:00+0200,1095.4,MW,FR,FR,actual_offshore_wind_generation,Wind Offshore | Actual Aggregated,2026-08-02T14:20:02Z
2026-08-02T14:18:54Z,2026-08-02T16:18:54+0200,d03952b3-6528-494b-a5a9-803d5ba4eea1,2026-07-20T00:00:00Z,2026-07-20T02:00:00+0200,1062.89,MW,FR,FR,actual_offshore_wind_generation,Wind Offshore | Actual Aggregated,2026-08-02T14:20:02Z
2026-08-02T14:18:54Z,2026-08-02T16:18:54+0200,d03952b3-6528-494b-a5a9-803d5ba4eea1,2026-07-20T00:15:00Z,2026-07-20T02:15:00+0200,1055.01,MW,FR,FR,actual_offshore_wind_generation,Wind Offshore | Actual Aggregated,2026-08-02T14:20:02Z
2026-08-02T14:18:54Z,2026-08-02T16:18:54+0200,d03952b3-6528-494b-a5a9-803d5ba4eea1,2026-07-20T00:30:00Z,2026-07-20T02:30:00+0200,1067.15,MW,FR,FR,actual_offshore_wind_generation,Wind Offshore | Actual Aggregated,2026-08-02T14:20:02Z
2026-08-02T14:18:54Z,2026-08-02T16:18:54+0200,d03952b3-6528-494b-a5a9-803d5ba4eea1,2026-07-20T00:45:00Z,2026-07-20T02:45:00+0200,1054.37,MW,FR,FR,actual_offshore_wind_generation,Wind Offshore | Actual Aggregated,2026-08-02T14:20:02Z
2026-08-02T14:18:54Z,2026-08-02T16:18:54+0200,d03952b3-6528-494b-a5a9-803d5ba4eea1,2026-07-20T01:00:00Z,2026-07-20T03:00:00+0200,1047.83,MW,FR,FR,actual_offshore_wind_generation,Wind Offshore | Actual Aggregated,2026-08-02T14:20:02Z
2026-08-02T14:18:54Z,2026-08-02T16:18:54+0200,d03952b3-6528-494b-a5a9-803d5ba4eea1,2026-07-20T01:15:00Z,2026-07-20T03:15:00+0200,1049.01,MW,FR,FR,actual_offshore_wind_generation,Wind Offshore | Actual Aggregated,2026-08-02T14:20:02Z
2026-08-02T14:18:54Z,2026-08-02T16:18:54+0200,d03952b3-6528-494b-a5a9-803d5ba4eea1,2026-07-20T01:30:00Z,2026-07-20T03:30:00+0200,1035.54,MW,FR,FR,actual_offshore_wind_generation,Wind Offshore | Actual Aggregated,2026-08-02T14:20:02Z
2026-08-02T14:18:54Z,2026-08-02T16:18:54+0200,d03952b3-6528-494b-a5a9-803d5ba4eea1,2026-07-20T01:45:00Z,2026-07-20T03:45:00+0200,1007.31,MW,FR,FR,actual_offshore_wind_generation,Wind Offshore | Actual Aggregated,2026-08-02T14:20:02Z
2026-08-02T14:18:54Z,2026-08-02T16:18:54+0200,d03952b3-6528-494b-a5a9-803d5ba4eea1,2026-07-20T02:00:00Z,2026-07-20T04:00:00+0200,999.06,MW,FR,FR,actual_offshore_wind_generation,Wind Offshore | Actual Aggregated,2026-08-02T14:20:02Z
2026-08-02T14:18:54Z,2026-08-02T16:18:54+0200,d03952b3-6528-494b-a5a9-803d5ba4eea1,2026-07-20T02:15:00Z,2026-07-20T04:15:00+0200,1006.01,MW,FR,FR,actual_offshore_wind_generation,Wind Offshore | Actual Aggregated,2026-08-02T14:20:02Z
2026-08-02T14:18:54Z,2026-08-02T16:18:54+0200,d03952b3-6528-494b-a5a9-803d5ba4eea1,2026-07-20T02:30:00Z,2026-07-20T04:30:00+0200,1027.02,MW,FR,FR,actual_offshore_wind_generation,Wind Offshore | Actual Aggregated,2026-08-02T14:20:02Z
2026-08-02T14:18:54Z,2026-08-02T16:18:54+0200,d03952b3-6528-494b-a5a9-803d5ba4eea1,2026-07-20T02:45:00Z,2026-07-20T04:45:00+0200,1054.06,MW,FR,FR,actual_offshore_wind_generation,Wind Offshore | Actual Aggregated,2026-08-02T14:20:02Z
2026-08-02T14:18:54Z,2026-08-02T16:18:54+0200,d03952b3-6528-494b-a5a9-803d5ba4eea1,2026-07-20T03:00:00Z,2026-07-20T05:00:00+0200,1074.91,MW,FR,FR,actual_offshore_wind_generation,Wind Offshore | Actual Aggregated,2026-08-02T14:20:02Z
2026-08-02T14:18:54Z,2026-08-02T16:18:54+0200,d03952b3-6528-494b-a5a9-803d5ba4eea1,2026-07-20T03:15:00Z,2026-07-20T05:15:00+0200,1077.19,MW,FR,FR,actual_offshore_wind_generation,Wind Offshore | Actual Aggregated,2026-08-02T14:20:02Z
2026-08-02T14:18:54Z,2026-08-02T16:18:54+0200,d03952b3-6528-494b-a5a9-803d5ba4eea1,2026-07-20T03:30:00Z,2026-07-20T05:30:00+0200,1081.75,MW,FR,FR,actual_offshore_wind_generation,Wind Offshore | Actual Aggregated,2026-08-02T14:20:02Z
2026-08-02T14:18:54Z,2026-08-02T16:18:54+0200,d03952b3-6528-494b-a5a9-803d5ba4eea1,2026-07-20T03:45:00Z,2026-07-20T05:45:00+0200,1072.01,MW,FR,FR,actual_offshore_wind_generation,Wind Offshore | Actual Aggregated,2026-08-02T14:20:02Z
2026-08-02T14:18:54Z,2026-08-02T16:18:54+0200,d03952b3-6528-494b-a5a9-803d5ba4eea1,2026-07-20T04:00:00Z,2026-07-20T06:00:00+0200,1080.84,MW,FR,FR,actual_offshore_wind_generation,Wind Offshore | Actual Aggregated,2026-08-02T14:20:02Z
2026-08-02T14:18:54Z,2026-08-02T16:18:54+0200,d03952b3-6528-494b-a5a9-803d5ba4eea1,2026-07-20T04:15:00Z,2026-07-20T06:15:00+0200,1077.51,MW,FR,FR,actual_offshore_wind_generation,Wind Offshore | Actual Aggregated,2026-08-02T14:20:02Z
2026-08-02T14:18:54Z,2026-08-02T16:18:54+0200,d03952b3-6528-494b-a5a9-803d5ba4eea1,2026-07-20T04:30:00Z,2026-07-20T06:30:00+0200,1096.96,MW,FR,FR,actual_offshore_wind_generation,Wind Offshore | Actual Aggregated,2026-08-02T14:20:02Z
2026-08-02T14:18:54Z,2026-08-02T16:18:54+0200,d03952b3-6528-494b-a5a9-803d5ba4eea1,2026-07-20T04:45:00Z,2026-07-20T06:45:00+0200,1100.92,MW,FR,FR,actual_offshore_wind_generation,Wind Offshore | Actual Aggregated,2026-08-02T14:20:02Z
2026-08-02T14:18:54Z,2026-08-02T16:18:54+0200,d03952b3-6528-494b-a5a9-803d5ba4eea1,2026-07-20T05:00:00Z,2026-07-20T07:00:00+0200,1115.12,MW,FR,FR,actual_offshore_wind_generation,Wind Offshore | Actual Aggregated,2026-08-02T14:20:02Z
2026-08-02T14:18:54Z,2026-08-02T16:18:54+0200,d03952b3-6528-494b-a5a9-803d5ba4eea1,2026-07-20T05:15:00Z,2026-07-20T07:15:00+0200,1153.5,MW,FR,FR,actual_offshore_wind_generation,Wind Offshore | Actual Aggregated,2026-08-02T14:20:02Z
2026-08-02T14:18:54Z,2026-08-02T16:18:54+0200,d03952b3-6528-494b-a5a9-803d5ba4eea1,2026-07-20T05:30:00Z,2026-07-20T07:30:00+0200,1131.92,MW,FR,FR,actual_offshore_wind_generation,Wind Offshore | Actual Aggregated,2026-08-02T14:20:02Z
2026-08-02T14:18:54Z,2026-08-02T16:18:54+0200,d03952b3-6528-494b-a5a9-803d5ba4eea1,2026-07-20T05:45:00Z,2026-07-20T07:45:00+0200,1093.58,MW,FR,FR,actual_offshore_wind_generation,Wind Offshore | Actual Aggregated,2026-08-02T14:20:02Z
2026-08-02T14:18:54Z,2026-08-02T16:18:54+0200,d03952b3-6528-494b-a5a9-803d5ba4eea1,2026-07-20T06:00:00Z,2026-07-20T08:00:00+0200,1115.84,MW,FR,FR,actual_offshore_wind_generation,Wind Offshore | Actual Aggregated,2026-08-02T14:20:02Z
2026-08-02T14:18:54Z,2026-08-02T16:18:54+0200,d03952b3-6528-494b-a5a9-803d5ba4eea1,2026-07-20T06:15:00Z,2026-07-20T08:15:00+0200,1112.91,MW,FR,FR,actual_offshore_wind_generation,Wind Offshore | Actual Aggregated,2026-08-02T14:20:02Z
2026-08-02T14:18:54Z,2026-08-02T16:18:54+0200,d03952b3-6528-494b-a5a9-803d5ba4eea1,2026-07-20T06:30:00Z,2026-07-20T08:30:00+0200,1049.49,MW,FR,FR,actual_offshore_wind_generation,Wind Offshore | Actual Aggregated,2026-08-02T14:20:02Z
2026-08-02T14:18:54Z,2026-08-02T16:18:54+0200,d03952b3-6528-494b-a5a9-803d5ba4eea1,2026-07-20T06:45:00Z,2026-07-20T08:45:00+0200,983.28,MW,FR,FR,actual_offshore_wind_generation,Wind Offshore | Actual Aggregated,2026-08-02T14:20:02Z
2026-08-02T14:18:54Z,2026-08-02T16:18:54+0200,d03952b3-6528-494b-a5a9-803d5ba4eea1,2026-07-20T07:00:00Z,2026-07-20T09:00:00+0200,912.9,MW,FR,FR,actual_offshore_wind_generation,Wind Offshore | Actual Aggregated,2026-08-02T14:20:02Z
2026-08-02T14:18:54Z,2026-08-02T16:18:54+0200,d03952b3-6528-494b-a5a9-803d5ba4eea1,2026-07-20T07:15:00Z,2026-07-20T09:15:00+0200,880.32,MW,FR,FR,actual_offshore_wind_generation,Wind Offshore | Actual Aggregated,2026-08-02T14:20:02Z
2026-08-02T14:18:54Z,2026-08-02T16:18:54+0200,d03952b3-6528-494b-a5a9-803d5ba4eea1,2026-07-20T07:30:00Z,2026-07-20T09:30:00+0200,861.11,MW,FR,FR,actual_offshore_wind_generation,Wind Offshore | Actual Aggregated,2026-08-02T14:20:02Z
2026-08-02T14:18:54Z,2026-08-02T16:18:54+0200,d03952b3-6528-494b-a5a9-803d5ba4eea1,2026-07-20T07:45:00Z,2026-07-20T09:45:00+0200,817.85,MW,FR,FR,actual_offshore_wind_generation,Wind Offshore | Actual Aggregated,2026-08-02T14:20:02Z
2026-08-02T14:18:54Z,2026-08-02T16:18:54+0200,d03952b3-6528-494b-a5a9-803d5ba4eea1,2026-07-20T08:00:00Z,2026-07-20T10:00:00+0200,774.05,MW,FR,FR,actual_offshore_wind_generation,Wind Offshore | Actual Aggregated,2026-08-02T14:20:02Z
2026-08-02T14:18:54Z,2026-08-02T16:18:54+0200,d03952b3-6528-494b-a5a9-803d5ba4eea1,2026-07-20T08:15:00Z,2026-07-20T10:15:00+0200,716.63,MW,FR,FR,actual_offshore_wind_generation,Wind Offshore | Actual Aggregated,2026-08-02T14:20:02Z
2026-08-02T14:18:54Z,2026-08-02T16:18:54+0200,d03952b3-6528-494b-a5a9-803d5ba4eea1,2026-07-20T08:30:00Z,2026-07-20T10:30:00+0200,662.76,MW,FR,FR,actual_offshore_wind_generation,Wind Offshore | Actual Aggregated,2026-08-02T14:20:02Z
2026-08-02T14:18:54Z,2026-08-02T16:18:54+0200,d03952b3-6528-494b-a5a9-803d5ba4eea1,2026-07-20T08:45:00Z,2026-07-20T10:45:00+0200,649.09,MW,FR,FR,actual_offshore_wind_generation,Wind Offshore | Actual Aggregated,2026-08-02T14:20:02Z
2026-08-02T14:18:54Z,2026-08-02T16:18:54+0200,d03952b3-6528-494b-a5a9-803d5ba4eea1,2026-07-20T09:00:00Z,2026-07-20T11:00:00+0200,614.58,MW,FR,FR,actual_offshore_wind_generation,Wind Offshore | Actual Aggregated,2026-08-02T14:20:02Z
2026-08-02T14:18:54Z,2026-08-02T16:18:54+0200,d03952b3-6528-494b-a5a9-803d5ba4eea1,2026-07-20T09:15:00Z,2026-07-20T11:15:00+0200,580.9,MW,FR,FR,actual_offshore_wind_generation,Wind Offshore | Actual Aggregated,2026-08-02T14:20:02Z
2026-08-02T14:18:54Z,2026-08-02T16:18:54+0200,d03952b3-6528-494b-a5a9-803d5ba4eea1,2026-07-20T09:30:00Z,2026-07-20T11:30:00+0200,590.7,MW,FR,FR,actual_offshore_wind_generation,Wind Offshore | Actual Aggregated,2026-08-02T14:20:02Z
2026-08-02T14:18:54Z,2026-08-02T16:18:54+0200,d03952b3-6528-494b-a5a9-803d5ba4eea1,2026-07-20T09:45:00Z,2026-07-20T11:45:00+0200,613.42,MW,FR,FR,actual_offshore_wind_generation,Wind Offshore | Actual Aggregated,2026-08-02T14:20:02Z
2026-08-02T14:18:54Z,2026-08-02T16:18:54+0200,d03952b3-6528-494b-a5a9-803d5ba4eea1,2026-07-20T10:00:00Z,2026-07-20T12:00:00+0200,613.82,MW,FR,FR,actual_offshore_wind_generation,Wind Offshore | Actual Aggregated,2026-08-02T14:20:02Z
2026-08-02T14:18:54Z,2026-08-02T16:18:54+0200,d03952b3-6528-494b-a5a9-803d5ba4eea1,2026-07-20T10:15:00Z,2026-07-20T12:15:00+0200,636.79,MW,FR,FR,actual_offshore_wind_generation,Wind Offshore | Actual Aggregated,2026-08-02T14:20:02Z
2026-08-02T14:18:54Z,2026-08-02T16:18:54+0200,d03952b3-6528-494b-a5a9-803d5ba4eea1,2026-07-20T10:30:00Z,2026-07-20T12:30:00+0200,646.49,MW,FR,FR,actual_offshore_wind_generation,Wind Offshore | Actual Aggregated,2026-08-02T14:20:02Z
2026-08-02T14:18:54Z,2026-08-02T16:18:54+0200,d03952b3-6528-494b-a5a9-803d5ba4eea1,2026-07-20T10:45:00Z,2026-07-20T12:45:00+0200,705.01,MW,FR,FR,actual_offshore_wind_generation,Wind Offshore | Actual Aggregated,2026-08-02T14:20:02Z
2026-08-02T14:18:54Z,2026-08-02T16:18:54+0200,d03952b3-6528-494b-a5a9-803d5ba4eea1,2026-07-20T11:00:00Z,2026-07-20T13:00:00+0200,709.61,MW,FR,FR,actual_offshore_wind_generation,Wind Offshore | Actual Aggregated,2026-08-02T14:20:02Z
2026-08-02T14:18:54Z,2026-08-02T16:18:54+0200,d03952b3-6528-494b-a5a9-803d5ba4eea1,2026-07-20T11:15:00Z,2026-07-20T13:15:00+0200,683.86,MW,FR,FR,actual_offshore_wind_generation,Wind Offshore | Actual Aggregated,2026-08-02T14:20:02Z
2026-08-02T14:18:54Z,2026-08-02T16:18:54+0200,d03952b3-6528-494b-a5a9-803d5ba4eea1,2026-07-20T11:30:00Z,2026-07-20T13:30:00+0200,700.8,MW,FR,FR,actual_offshore_wind_generation,Wind Offshore | Actual Aggregated,2026-08-02T14:20:02Z
2026-08-02T14:18:54Z,2026-08-02T16:18:54+0200,d03952b3-6528-494b-a5a9-803d5ba4eea1,2026-07-20T11:45:00Z,2026-07-20T13:45:00+0200,733.85,MW,FR,FR,actual_offshore_wind_generation,Wind Offshore | Actual Aggregated,2026-08-02T14:20:02Z
2026-08-02T14:18:54Z,2026-08-02T16:18:54+0200,d03952b3-6528-494b-a5a9-803d5ba4eea1,2026-07-20T12:00:00Z,2026-07-20T14:00:00+0200,780.99,MW,FR,FR,actual_offshore_wind_generation,Wind Offshore | Actual Aggregated,2026-08-02T14:20:02Z
2026-08-02T14:18:54Z,2026-08-02T16:18:54+0200,d03952b3-6528-494b-a5a9-803d5ba4eea1,2026-07-20T12:15:00Z,2026-07-20T14:15:00+0200,852.41,MW,FR,FR,actual_offshore_wind_generation,Wind Offshore | Actual Aggregated,2026-08-02T14:20:02Z
2026-08-02T14:18:54Z,2026-08-02T16:18:54+0200,d03952b3-6528-494b-a5a9-803d5ba4eea1,2026-07-20T12:30:00Z,2026-07-20T14:30:00+0200,904.67,MW,FR,FR,actual_offshore_wind_generation,Wind Offshore | Actual Aggregated,2026-08-02T14:20:02Z
2026-08-02T14:18:54Z,2026-08-02T16:18:54+0200,d03952b3-6528-494b-a5a9-803d5ba4eea1,2026-07-20T12:45:00Z,2026-07-20T14:45:00+0200,937.52,MW,FR,FR,actual_offshore_wind_generation,Wind Offshore | Actual Aggregated,2026-08-02T14:20:02Z
2026-08-02T14:18:54Z,2026-08-02T16:18:54+0200,d03952b3-6528-494b-a5a9-803d5ba4eea1,2026-07-20T13:00:00Z,2026-07-20T15:00:00+0200,946.22,MW,FR,FR,actual_offshore_wind_generation,Wind Offshore | Actual Aggregated,2026-08-02T14:20:02Z
2026-08-02T14:18:54Z,2026-08-02T16:18:54+0200,d03952b3-6528-494b-a5a9-803d5ba4eea1,2026-07-20T13:15:00Z,2026-07-20T15:15:00+0200,950.79,MW,FR,FR,actual_offshore_wind_generation,Wind Offshore | Actual Aggregated,2026-08-02T14:20:02Z
2026-08-02T14:18:54Z,2026-08-02T16:18:54+0200,d03952b3-6528-494b-a5a9-803d5ba4eea1,2026-07-20T13:30:00Z,2026-07-20T15:30:00+0200,967.33,MW,FR,FR,actual_offshore_wind_generation,Wind Offshore | Actual Aggregated,2026-08-02T14:20:02Z
2026-08-02T14:18:54Z,2026-08-02T16:18:54+0200,d03952b3-6528-494b-a5a9-803d5ba4eea1,2026-07-20T13:45:00Z,2026-07-20T15:45:00+0200,985.52,MW,FR,FR,actual_offshore_wind_generation,Wind Offshore | Actual Aggregated,2026-08-02T14:20:02Z
2026-08-02T14:18:54Z,2026-08-02T16:18:54+0200,d03952b3-6528-494b-a5a9-803d5ba4eea1,2026-07-20T14:00:00Z,2026-07-20T16:00:00+0200,1056.11,MW,FR,FR,actual_offshore_wind_generation,Wind Offshore | Actual Aggregated,2026-08-02T14:20:02Z
2026-08-02T14:18:54Z,2026-08-02T16:18:54+0200,d03952b3-6528-494b-a5a9-803d5ba4eea1,2026-07-20T14:15:00Z,2026-07-20T16:15:00+0200,1093.35,MW,FR,FR,actual_offshore_wind_generation,Wind Offshore | Actual Aggregated,2026-08-02T14:20:02Z
2026-08-02T14:18:54Z,2026-08-02T16:18:54+0200,d03952b3-6528-494b-a5a9-803d5ba4eea1,2026-07-20T14:30:00Z,2026-07-20T16:30:00+0200,1106.64,MW,FR,FR,actual_offshore_wind_generation,Wind Offshore | Actual Aggregated,2026-08-02T14:20:02Z
2026-08-02T14:18:54Z,2026-08-02T16:18:54+0200,d03952b3-6528-494b-a5a9-803d5ba4eea1,2026-07-20T14:45:00Z,2026-07-20T16:45:00+0200,1074.55,MW,FR,FR,actual_offshore_wind_generation,Wind Offshore | Actual Aggregated,2026-08-02T14:20:02Z
2026-08-02T14:18:54Z,2026-08-02T16:18:54+0200,d03952b3-6528-494b-a5a9-803d5ba4eea1,2026-07-20T15:00:00Z,2026-07-20T17:00:00+0200,1082.55,MW,FR,FR,actual_offshore_wind_generation,Wind Offshore | Actual Aggregated,2026-08-02T14:20:02Z
2026-08-02T14:18:54Z,2026-08-02T16:18:54+0200,d03952b3-6528-494b-a5a9-803d5ba4eea1,2026-07-20T15:15:00Z,2026-07-20T17:15:00+0200,1064.45,MW,FR,FR,actual_offshore_wind_generation,Wind Offshore | Actual Aggregated,2026-08-02T14:20:02Z
2026-08-02T14:18:54Z,2026-08-02T16:18:54+0200,d03952b3-6528-494b-a5a9-803d5ba4eea1,2026-07-20T15:30:00Z,2026-07-20T17:30:00+0200,1112.76,MW,FR,FR,actual_offshore_wind_generation,Wind Offshore | Actual Aggregated,2026-08-02T14:20:02Z
2026-08-02T14:18:54Z,2026-08-02T16:18:54+0200,d03952b3-6528-494b-a5a9-803d5ba4eea1,2026-07-20T15:45:00Z,2026-07-20T17:45:00+0200,1109.23,MW,FR,FR,actual_offshore_wind_generation,Wind Offshore | Actual Aggregated,2026-08-02T14:20:02Z
2026-08-02T14:18:54Z,2026-08-02T16:18:54+0200,d03952b3-6528-494b-a5a9-803d5ba4eea1,2026-07-20T16:00:00Z,2026-07-20T18:00:00+0200,1138.19,MW,FR,FR,actual_offshore_wind_generation,Wind Offshore | Actual Aggregated,2026-08-02T14:20:02Z
2026-08-02T14:18:54Z,2026-08-02T16:18:54+0200,d03952b3-6528-494b-a5a9-803d5ba4eea1,2026-07-20T16:15:00Z,2026-07-20T18:15:00+0200,1202.47,MW,FR,FR,actual_offshore_wind_generation,Wind Offshore | Actual Aggregated,2026-08-02T14:20:02Z
2026-08-02T14:18:54Z,2026-08-02T16:18:54+0200,d03952b3-6528-494b-a5a9-803d5ba4eea1,2026-07-20T16:30:00Z,2026-07-20T18:30:00+0200,1287.62,MW,FR,FR,actual_offshore_wind_generation,Wind Offshore | Actual Aggregated,2026-08-02T14:20:02Z
2026-08-02T14:18:54Z,2026-08-02T16:18:54+0200,d03952b3-6528-494b-a5a9-803d5ba4eea1,2026-07-20T16:45:00Z,2026-07-20T18:45:00+0200,1322.58,MW,FR,FR,actual_offshore_wind_generation,Wind Offshore | Actual Aggregated,2026-08-02T14:20:02Z
2026-08-02T14:18:54Z,2026-08-02T16:18:54+0200,d03952b3-6528-494b-a5a9-803d5ba4eea1,2026-07-20T17:00:00Z,2026-07-20T19:00:00+0200,1339.12,MW,FR,FR,actual_offshore_wind_generation,Wind Offshore | Actual Aggregated,2026-08-02T14:20:02Z
2026-08-02T14:18:54Z,2026-08-02T16:18:54+0200,d03952b3-6528-494b-a5a9-803d5ba4eea1,2026-07-20T17:15:00Z,2026-07-20T19:15:00+0200,1301.79,MW,FR,FR,actual_offshore_wind_generation,Wind Offshore | Actual Aggregated,2026-08-02T14:20:02Z
2026-08-02T14:18:54Z,2026-08-02T16:18:54+0200,d03952b3-6528-494b-a5a9-803d5ba4eea1,2026-07-20T17:30:00Z,2026-07-20T19:30:00+0200,1265.19,MW,FR,FR,actual_offshore_wind_generation,Wind Offshore | Actual Aggregated,2026-08-02T14:20:02Z
2026-08-02T14:18:54Z,2026-08-02T16:18:54+0200,d03952b3-6528-494b-a5a9-803d5ba4eea1,2026-07-20T17:45:00Z,2026-07-20T19:45:00+0200,1181.83,MW,FR,FR,actual_offshore_wind_generation,Wind Offshore | Actual Aggregated,2026-08-02T14:20:02Z
2026-08-02T14:18:54Z,2026-08-02T16:18:54+0200,d03952b3-6528-494b-a5a9-803d5ba4eea1,2026-07-20T18:00:00Z,2026-07-20T20:00:00+0200,1134.53,MW,FR,FR,actual_offshore_wind_generation,Wind Offshore | Actual Aggregated,2026-08-02T14:20:02Z
2026-08-02T14:18:54Z,2026-08-02T16:18:54+0200,d03952b3-6528-494b-a5a9-803d5ba4eea1,2026-07-20T18:15:00Z,2026-07-20T20:15:00+0200,1120.66,MW,FR,FR,actual_offshore_wind_generation,Wind Offshore | Actual Aggregated,2026-08-02T14:20:02Z
2026-08-02T14:18:54Z,2026-08-02T16:18:54+0200,d03952b3-6528-494b-a5a9-803d5ba4eea1,2026-07-20T18:30:00Z,2026-07-20T20:30:00+0200,1108.93,MW,FR,FR,actual_offshore_wind_generation,Wind Offshore | Actual Aggregated,2026-08-02T14:20:02Z
2026-08-02T14:18:54Z,2026-08-02T16:18:54+0200,d03952b3-6528-494b-a5a9-803d5ba4eea1,2026-07-20T18:45:00Z,2026-07-20T20:45:00+0200,1091.47,MW,FR,FR,actual_offshore_wind_generation,Wind Offshore | Actual Aggregated,2026-08-02T14:20:02Z
2026-08-02T14:18:54Z,2026-08-02T16:18:54+0200,d03952b3-6528-494b-a5a9-803d5ba4eea1,2026-07-20T19:00:00Z,2026-07-20T21:00:00+0200,1142.03,MW,FR,FR,actual_offshore_wind_generation,Wind Offshore | Actual Aggregated,2026-08-02T14:20:02Z
2026-08-02T14:18:54Z,2026-08-02T16:18:54+0200,d03952b3-6528-494b-a5a9-803d5ba4eea1,2026-07-20T19:15:00Z,2026-07-20T21:15:00+0200,1183.05,MW,FR,FR,actual_offshore_wind_generation,Wind Offshore | Actual Aggregated,2026-08-02T14:20:02Z
2026-08-02T14:18:54Z,2026-08-02T16:18:54+0200,d03952b3-6528-494b-a5a9-803d5ba4eea1,2026-07-20T19:30:00Z,2026-07-20T21:30:00+0200,1207.11,MW,FR,FR,actual_offshore_wind_generation,Wind Offshore | Actual Aggregated,2026-08-02T14:20:02Z
2026-08-02T14:18:54Z,2026-08-02T16:18:54+0200,d03952b3-6528-494b-a5a9-803d5ba4eea1,2026-07-20T19:45:00Z,2026-07-20T21:45:00+0200,1286.35,MW,FR,FR,actual_offshore_wind_generation,Wind Offshore | Actual Aggregated,2026-08-02T14:20:02Z
2026-08-02T14:18:54Z,2026-08-02T16:18:54+0200,d03952b3-6528-494b-a5a9-803d5ba4eea1,2026-07-20T20:00:00Z,2026-07-20T22:00:00+0200,1338.93,MW,FR,FR,actual_offshore_wind_generation,Wind Offshore | Actual Aggregated,2026-08-02T14:20:02Z
2026-08-02T14:18:54Z,2026-08-02T16:18:54+0200,d03952b3-6528-494b-a5a9-803d5ba4eea1,2026-07-20T20:15:00Z,2026-07-20T22:15:00+0200,1336.9,MW,FR,FR,actual_offshore_wind_generation,Wind Offshore | Actual Aggregated,2026-08-02T14:20:02Z
2026-08-02T14:18:54Z,2026-08-02T16:18:54+0200,d03952b3-6528-494b-a5a9-803d5ba4eea1,2026-07-20T20:30:00Z,2026-07-20T22:30:00+0200,1287.57,MW,FR,FR,actual_offshore_wind_generation,Wind Offshore | Actual Aggregated,2026-08-02T14:20:02Z
2026-08-02T14:18:54Z,2026-08-02T16:18:54+0200,d03952b3-6528-494b-a5a9-803d5ba4eea1,2026-07-20T20:45:00Z,2026-07-20T22:45:00+0200,1263.89,MW,FR,FR,actual_offshore_wind_generation,Wind Offshore | Actual Aggregated,2026-08-02T14:20:02Z
2026-08-02T14:18:54Z,2026-08-02T16:18:54+0200,d03952b3-6528-494b-a5a9-803d5ba4eea1,2026-07-20T21:00:00Z,2026-07-20T23:00:00+0200,1311.12,MW,FR,FR,actual_offshore_wind_generation,Wind Offshore | Actual Aggregated,2026-08-02T14:20:02Z
2026-08-02T14:18:54Z,2026-08-02T16:18:54+0200,d03952b3-6528-494b-a5a9-803d5ba4eea1,2026-07-20T21:15:00Z,2026-07-20T23:15:00+0200,1321.71,MW,FR,FR,actual_offshore_wind_generation,Wind Offshore | Actual Aggregated,2026-08-02T14:20:02Z
2026-08-02T14:18:54Z,2026-08-02T16:18:54+0200,d03952b3-6528-494b-a5a9-803d5ba4eea1,2026-07-20T21:30:00Z,2026-07-20T23:30:00+0200,1290.81,MW,FR,FR,actual_offshore_wind_generation,Wind Offshore | Actual Aggregated,2026-08-02T14:20:02Z
2026-08-02T14:18:54Z,2026-08-02T16:18:54+0200,d03952b3-6528-494b-a5a9-803d5ba4eea1,2026-07-20T21:45:00Z,2026-07-20T23:45:00+0200,1243.72,MW,FR,FR,actual_offshore_wind_generation,Wind Offshore | Actual Aggregated,2026-08-02T14:20:02Z
2026-08-02T14:18:54Z,2026-08-02T16:18:54+0200,d03952b3-6528-494b-a5a9-803d5ba4eea1,2026-07-20T22:00:00Z,2026-07-21T00:00:00+0200,1206.2,MW,FR,FR,actual_offshore_wind_generation,Wind Offshore | Actual Aggregated,2026-08-02T14:20:02Z
2026-08-02T14:18:54Z,2026-08-02T16:18:54+0200,d03952b3-6528-494b-a5a9-803d5ba4eea1,2026-07-20T22:15:00Z,2026-07-21T00:15:00+0200,1188.29,MW,FR,FR,actual_offshore_wind_generation,Wind Offshore | Actual Aggregated,2026-08-02T14:20:02Z
2026-08-02T14:18:54Z,2026-08-02T16:18:54+0200,d03952b3-6528-494b-a5a9-803d5ba4eea1,2026-07-20T22:30:00Z,2026-07-21T00:30:00+0200,1197.19,MW,FR,FR,actual_offshore_wind_generation,Wind Offshore | Actual Aggregated,2026-08-02T14:20:02Z
2026-08-02T14:18:54Z,2026-08-02T16:18:54+0200,d03952b3-6528-494b-a5a9-803d5ba4eea1,2026-07-20T22:45:00Z,2026-07-21T00:45:00+0200,1207.54,MW,FR,FR,actual_offshore_wind_generation,Wind Offshore | Actual Aggregated,2026-08-02T14:20:02Z
2026-08-02T14:18:54Z,2026-08-02T16:18:54+0200,d03952b3-6528-494b-a5a9-803d5ba4eea1,2026-07-20T23:00:00Z,2026-07-21T01:00:00+0200,1180.73,MW,FR,FR,actual_offshore_wind_generation,Wind Offshore | Actual Aggregated,2026-08-02T14:20:02Z
2026-08-02T14:18:54Z,2026-08-02T16:18:54+0200,d03952b3-6528-494b-a5a9-803d5ba4eea1,2026-07-20T23:15:00Z,2026-07-21T01:15:00+0200,1163.57,MW,FR,FR,actual_offshore_wind_generation,Wind Offshore | Actual Aggregated,2026-08-02T14:20:02Z
2026-08-02T14:18:54Z,2026-08-02T16:18:54+0200,d03952b3-6528-494b-a5a9-803d5ba4eea1,2026-07-20T23:30:00Z,2026-07-21T01:30:00+0200,1153.17,MW,FR,FR,actual_offshore_wind_generation,Wind Offshore | Actual Aggregated,2026-08-02T14:20:02Z
2026-08-02T14:18:54Z,2026-08-02T16:18:54+0200,d03952b3-6528-494b-a5a9-803d5ba4eea1,2026-07-20T23:45:00Z,2026-07-21T01:45:00+0200,1178.63,MW,FR,FR,actual_offshore_wind_generation,Wind Offshore | Actual Aggregated,2026-08-02T14:20:02Z
2026-08-02T14:18:54Z,2026-08-02T16:18:54+0200,d03952b3-6528-494b-a5a9-803d5ba4eea1,2026-07-21T00:00:00Z,2026-07-21T02:00:00+0200,1191.08,MW,FR,FR,actual_offshore_wind_generation,Wind Offshore | Actual Aggregated,2026-08-02T14:20:02Z
2026-08-02T14:18:54Z,2026-08-02T16:18:54+0200,d03952b3-6528-494b-a5a9-803d5ba4eea1,2026-07-21T00:15:00Z,2026-07-21T02:15:00+0200,1163.41,MW,FR,FR,actual_offshore_wind_generation,Wind Offshore | Actual Aggregated,2026-08-02T14:20:02Z
2026-08-02T14:18:54Z,2026-08-02T16:18:54+0200,d03952b3-6528-494b-a5a9-803d5ba4eea1,2026-07-21T00:30:00Z,2026-07-21T02:30:00+0200,1124.16,MW,FR,FR,actual_offshore_wind_generation,Wind Offshore | Actual Aggregated,2026-08-02T14:20:02Z
2026-08-02T14:18:54Z,2026-08-02T16:18:54+0200,d03952b3-6528-494b-a5a9-803d5ba4eea1,2026-07-21T00:45:00Z,2026-07-21T02:45:00+0200,1117.2,MW,FR,FR,actual_offshore_wind_generation,Wind Offshore | Actual Aggregated,2026-08-02T14:20:02Z
2026-08-02T14:18:54Z,2026-08-02T16:18:54+0200,d03952b3-6528-494b-a5a9-803d5ba4eea1,2026-07-21T01:00:00Z,2026-07-21T03:00:00+0200,1134.18,MW,FR,FR,actual_offshore_wind_generation,Wind Offshore | Actual Aggregated,2026-08-02T14:20:02Z
2026-08-02T14:18:54Z,2026-08-02T16:18:54+0200,d03952b3-6528-494b-a5a9-803d5ba4eea1,2026-07-21T01:15:00Z,2026-07-21T03:15:00+0200,1117.01,MW,FR,FR,actual_offshore_wind_generation,Wind Offshore | Actual Aggregated,2026-08-02T14:20:02Z
2026-08-02T14:18:54Z,2026-08-02T16:18:54+0200,d03952b3-6528-494b-a5a9-803d5ba4eea1,2026-07-21T01:30:00Z,2026-07-21T03:30:00+0200,1103.22,MW,FR,FR,actual_offshore_wind_generation,Wind Offshore | Actual Aggregated,2026-08-02T14:20:02Z
2026-08-02T14:18:54Z,2026-08-02T16:18:54+0200,d03952b3-6528-494b-a5a9-803d5ba4eea1,2026-07-21T01:45:00Z,2026-07-21T03:45:00+0200,1075.61,MW,FR,FR,actual_offshore_wind_generation,Wind Offshore | Actual Aggregated,2026-08-02T14:20:02Z
2026-08-02T14:18:54Z,2026-08-02T16:18:54+0200,d03952b3-6528-494b-a5a9-803d5ba4eea1,2026-07-21T02:00:00Z,2026-07-21T04:00:00+0200,1009.11,MW,FR,FR,actual_offshore_wind_generation,Wind Offshore | Actual Aggregated,2026-08-02T14:20:02Z
2026-08-02T14:18:54Z,2026-08-02T16:18:54+0200,d03952b3-6528-494b-a5a9-803d5ba4eea1,2026-07-21T02:15:00Z,2026-07-21T04:15:00+0200,988.77,MW,FR,FR,actual_offshore_wind_generation,Wind Offshore | Actual Aggregated,2026-08-02T14:20:02Z
2026-08-02T14:18:54Z,2026-08-02T16:18:54+0200,d03952b3-6528-494b-a5a9-803d5ba4eea1,2026-07-21T02:30:00Z,2026-07-21T04:30:00+0200,1004.18,MW,FR,FR,actual_offshore_wind_generation,Wind Offshore | Actual Aggregated,2026-08-02T14:20:02Z
2026-08-02T14:18:54Z,2026-08-02T16:18:54+0200,d03952b3-6528-494b-a5a9-803d5ba4eea1,2026-07-21T02:45:00Z,2026-07-21T04:45:00+0200,1038.21,MW,FR,FR,actual_offshore_wind_generation,Wind Offshore | Actual Aggregated,2026-08-02T14:20:02Z
2026-08-02T14:18:54Z,2026-08-02T16:18:54+0200,d03952b3-6528-494b-a5a9-803d5ba4eea1,2026-07-21T03:00:00Z,2026-07-21T05:00:00+0200,1022.28,MW,FR,FR,actual_offshore_wind_generation,Wind Offshore | Actual Aggregated,2026-08-02T14:20:02Z
2026-08-02T14:18:54Z,2026-08-02T16:18:54+0200,d03952b3-6528-494b-a5a9-803d5ba4eea1,2026-07-21T03:15:00Z,2026-07-21T05:15:00+0200,964.61,MW,FR,FR,actual_offshore_wind_generation,Wind Offshore | Actual Aggregated,2026-08-02T14:20:02Z
2026-08-02T14:18:54Z,2026-08-02T16:18:54+0200,d03952b3-6528-494b-a5a9-803d5ba4eea1,2026-07-21T03:30:00Z,2026-07-21T05:30:00+0200,909.52,MW,FR,FR,actual_offshore_wind_generation,Wind Offshore | Actual Aggregated,2026-08-02T14:20:02Z
2026-08-02T14:18:54Z,2026-08-02T16:18:54+0200,d03952b3-6528-494b-a5a9-803d5ba4eea1,2026-07-21T03:45:00Z,2026-07-21T05:45:00+0200,853.72,MW,FR,FR,actual_offshore_wind_generation,Wind Offshore | Actual Aggregated,2026-08-02T14:20:02Z
2026-08-02T14:18:54Z,2026-08-02T16:18:54+0200,d03952b3-6528-494b-a5a9-803d5ba4eea1,2026-07-21T04:00:00Z,2026-07-21T06:00:00+0200,800.08,MW,FR,FR,actual_offshore_wind_generation,Wind Offshore | Actual Aggregated,2026-08-02T14:20:02Z
2026-08-02T14:18:54Z,2026-08-02T16:18:54+0200,d03952b3-6528-494b-a5a9-803d5ba4eea1,2026-07-21T04:15:00Z,2026-07-21T06:15:00+0200,703.69,MW,FR,FR,actual_offshore_wind_generation,Wind Offshore | Actual Aggregated,2026-08-02T14:20:02Z
2026-08-02T14:18:54Z,2026-08-02T16:18:54+0200,d03952b3-6528-494b-a5a9-803d5ba4eea1,2026-07-21T04:30:00Z,2026-07-21T06:30:00+0200,661.04,MW,FR,FR,actual_offshore_wind_generation,Wind Offshore | Actual Aggregated,2026-08-02T14:20:02Z
2026-08-02T14:18:54Z,2026-08-02T16:18:54+0200,d03952b3-6528-494b-a5a9-803d5ba4eea1,2026-07-21T04:45:00Z,2026-07-21T06:45:00+0200,649.65,MW,FR,FR,actual_offshore_wind_generation,Wind Offshore | Actual Aggregated,2026-08-02T14:20:02Z
2026-08-02T14:18:54Z,2026-08-02T16:18:54+0200,d03952b3-6528-494b-a5a9-803d5ba4eea1,2026-07-21T05:00:00Z,2026-07-21T07:00:00+0200,702.7,MW,FR,FR,actual_offshore_wind_generation,Wind Offshore | Actual Aggregated,2026-08-02T14:20:02Z
2026-08-02T14:18:54Z,2026-08-02T16:18:54+0200,d03952b3-6528-494b-a5a9-803d5ba4eea1,2026-07-21T05:15:00Z,2026-07-21T07:15:00+0200,803.74,MW,FR,FR,actual_offshore_wind_generation,Wind Offshore | Actual Aggregated,2026-08-02T14:20:02Z
2026-08-02T14:18:54Z,2026-08-02T16:18:54+0200,d03952b3-6528-494b-a5a9-803d5ba4eea1,2026-07-21T05:30:00Z,2026-07-21T07:30:00+0200,788.75,MW,FR,FR,actual_offshore_wind_generation,Wind Offshore | Actual Aggregated,2026-08-02T14:20:02Z
2026-08-02T14:18:54Z,2026-08-02T16:18:54+0200,d03952b3-6528-494b-a5a9-803d5ba4eea1,2026-07-21T05:45:00Z,2026-07-21T07:45:00+0200,709.31,MW,FR,FR,actual_offshore_wind_generation,Wind Offshore | Actual Aggregated,2026-08-02T14:20:02Z
2026-08-02T14:18:54Z,2026-08-02T16:18:54+0200,d03952b3-6528-494b-a5a9-803d5ba4eea1,2026-07-21T06:00:00Z,2026-07-21T08:00:00+0200,697.52,MW,FR,FR,actual_offshore_wind_generation,Wind Offshore | Actual Aggregated,2026-08-02T14:20:02Z
2026-08-02T14:18:54Z,2026-08-02T16:18:54+0200,d03952b3-6528-494b-a5a9-803d5ba4eea1,2026-07-21T06:15:00Z,2026-07-21T08:15:00+0200,684.54,MW,FR,FR,actual_offshore_wind_generation,Wind Offshore | Actual Aggregated,2026-08-02T14:20:02Z
2026-08-02T14:18:54Z,2026-08-02T16:18:54+0200,d03952b3-6528-494b-a5a9-803d5ba4eea1,2026-07-21T06:30:00Z,2026-07-21T08:30:00+0200,655.01,MW,FR,FR,actual_offshore_wind_generation,Wind Offshore | Actual Aggregated,2026-08-02T14:20:02Z
2026-08-02T14:18:54Z,2026-08-02T16:18:54+0200,d03952b3-6528-494b-a5a9-803d5ba4eea1,2026-07-21T06:45:00Z,2026-07-21T08:45:00+0200,606.64,MW,FR,FR,actual_offshore_wind_generation,Wind Offshore | Actual Aggregated,2026-08-02T14:20:02Z
2026-08-02T14:18:54Z,2026-08-02T16:18:54+0200,d03952b3-6528-494b-a5a9-803d5ba4eea1,2026-07-21T07:00:00Z,2026-07-21T09:00:00+0200,601.24,MW,FR,FR,actual_offshore_wind_generation,Wind Offshore | Actual Aggregated,2026-08-02T14:20:02Z
2026-08-02T14:18:54Z,2026-08-02T16:18:54+0200,d03952b3-6528-494b-a5a9-803d5ba4eea1,2026-07-21T07:15:00Z,2026-07-21T09:15:00+0200,620.42,MW,FR,FR,actual_offshore_wind_generation,Wind Offshore | Actual Aggregated,2026-08-02T14:20:02Z
2026-08-02T14:18:54Z,2026-08-02T16:18:54+0200,d03952b3-6528-494b-a5a9-803d5ba4eea1,2026-07-21T07:30:00Z,2026-07-21T09:30:00+0200,605.38,MW,FR,FR,actual_offshore_wind_generation,Wind Offshore | Actual Aggregated,2026-08-02T14:20:02Z
2026-08-02T14:18:54Z,2026-08-02T16:18:54+0200,d03952b3-6528-494b-a5a9-803d5ba4eea1,2026-07-21T07:45:00Z,2026-07-21T09:45:00+0200,618.86,MW,FR,FR,actual_offshore_wind_generation,Wind Offshore | Actual Aggregated,2026-08-02T14:20:02Z
2026-08-02T14:18:54Z,2026-08-02T16:18:54+0200,d03952b3-6528-494b-a5a9-803d5ba4eea1,2026-07-21T08:00:00Z,2026-07-21T10:00:00+0200,625.25,MW,FR,FR,actual_offshore_wind_generation,Wind Offshore | Actual Aggregated,2026-08-02T14:20:02Z
2026-08-02T14:18:54Z,2026-08-02T16:18:54+0200,d03952b3-6528-494b-a5a9-803d5ba4eea1,2026-07-21T08:15:00Z,2026-07-21T10:15:00+0200,618.68,MW,FR,FR,actual_offshore_wind_generation,Wind Offshore | Actual Aggregated,2026-08-02T14:20:02Z
2026-08-02T14:18:54Z,2026-08-02T16:18:54+0200,d03952b3-6528-494b-a5a9-803d5ba4eea1,2026-07-21T08:30:00Z,2026-07-21T10:30:00+0200,638.55,MW,FR,FR,actual_offshore_wind_generation,Wind Offshore | Actual Aggregated,2026-08-02T14:20:02Z
2026-08-02T14:18:54Z,2026-08-02T16:18:54+0200,d03952b3-6528-494b-a5a9-803d5ba4eea1,2026-07-21T08:45:00Z,2026-07-21T10:45:00+0200,619.2,MW,FR,FR,actual_offshore_wind_generation,Wind Offshore | Actual Aggregated,2026-08-02T14:20:02Z
2026-08-02T14:18:54Z,2026-08-02T16:18:54+0200,d03952b3-6528-494b-a5a9-803d5ba4eea1,2026-07-21T09:00:00Z,2026-07-21T11:00:00+0200,581.47,MW,FR,FR,actual_offshore_wind_generation,Wind Offshore | Actual Aggregated,2026-08-02T14:20:02Z
2026-08-02T14:18:54Z,2026-08-02T16:18:54+0200,d03952b3-6528-494b-a5a9-803d5ba4eea1,2026-07-21T09:15:00Z,2026-07-21T11:15:00+0200,575.63,MW,FR,FR,actual_offshore_wind_generation,Wind Offshore | Actual Aggregated,2026-08-02T14:20:02Z
2026-08-02T14:18:54Z,2026-08-02T16:18:54+0200,d03952b3-6528-494b-a5a9-803d5ba4eea1,2026-07-21T09:30:00Z,2026-07-21T11:30:00+0200,580.86,MW,FR,FR,actual_offshore_wind_generation,Wind Offshore | Actual Aggregated,2026-08-02T14:20:02Z
2026-08-02T14:18:54Z,2026-08-02T16:18:54+0200,d03952b3-6528-494b-a5a9-803d5ba4eea1,2026-07-21T09:45:00Z,2026-07-21T11:45:00+0200,567.6,MW,FR,FR,actual_offshore_wind_generation,Wind Offshore | Actual Aggregated,2026-08-02T14:20:02Z
2026-08-02T14:18:54Z,2026-08-02T16:18:54+0200,d03952b3-6528-494b-a5a9-803d5ba4eea1,2026-07-21T10:00:00Z,2026-07-21T12:00:00+0200,497.45,MW,FR,FR,actual_offshore_wind_generation,Wind Offshore | Actual Aggregated,2026-08-02T14:20:02Z
2026-08-02T14:18:54Z,2026-08-02T16:18:54+0200,d03952b3-6528-494b-a5a9-803d5ba4eea1,2026-07-21T10:15:00Z,2026-07-21T12:15:00+0200,422.45,MW,FR,FR,actual_offshore_wind_generation,Wind Offshore | Actual Aggregated,2026-08-02T14:20:02Z
2026-08-02T14:18:54Z,2026-08-02T16:18:54+0200,d03952b3-6528-494b-a5a9-803d5ba4eea1,2026-07-21T10:30:00Z,2026-07-21T12:30:00+0200,407.92,MW,FR,FR,actual_offshore_wind_generation,Wind Offshore | Actual Aggregated,2026-08-02T14:20:02Z
2026-08-02T14:18:54Z,2026-08-02T16:18:54+0200,d03952b3-6528-494b-a5a9-803d5ba4eea1,2026-07-21T10:45:00Z,2026-07-21T12:45:00+0200,382.49,MW,FR,FR,actual_offshore_wind_generation,Wind Offshore | Actual Aggregated,2026-08-02T14:20:02Z
2026-08-02T14:18:54Z,2026-08-02T16:18:54+0200,d03952b3-6528-494b-a5a9-803d5ba4eea1,2026-07-21T11:00:00Z,2026-07-21T13:00:00+0200,349.81,MW,FR,FR,actual_offshore_wind_generation,Wind Offshore | Actual Aggregated,2026-08-02T14:20:02Z
2026-08-02T14:18:54Z,2026-08-02T16:18:54+0200,d03952b3-6528-494b-a5a9-803d5ba4eea1,2026-07-21T11:15:00Z,2026-07-21T13:15:00+0200,196.44,MW,FR,FR,actual_offshore_wind_generation,Wind Offshore | Actual Aggregated,2026-08-02T14:20:02Z
2026-08-02T14:18:54Z,2026-08-02T16:18:54+0200,d03952b3-6528-494b-a5a9-803d5ba4eea1,2026-07-21T11:30:00Z,2026-07-21T13:30:00+0200,213.2,MW,FR,FR,actual_offshore_wind_generation,Wind Offshore | Actual Aggregated,2026-08-02T14:20:02Z
2026-08-02T14:18:54Z,2026-08-02T16:18:54+0200,d03952b3-6528-494b-a5a9-803d5ba4eea1,2026-07-21T11:45:00Z,2026-07-21T13:45:00+0200,281.8,MW,FR,FR,actual_offshore_wind_generation,Wind Offshore | Actual Aggregated,2026-08-02T14:20:02Z
2026-08-02T14:18:54Z,2026-08-02T16:18:54+0200,d03952b3-6528-494b-a5a9-803d5ba4eea1,2026-07-21T12:00:00Z,2026-07-21T14:00:00+0200,373.45,MW,FR,FR,actual_offshore_wind_generation,Wind Offshore | Actual Aggregated,2026-08-02T14:20:02Z
2026-08-02T14:18:54Z,2026-08-02T16:18:54+0200,d03952b3-6528-494b-a5a9-803d5ba4eea1,2026-07-21T12:15:00Z,2026-07-21T14:15:00+0200,390.02,MW,FR,FR,actual_offshore_wind_generation,Wind Offshore | Actual Aggregated,2026-08-02T14:20:02Z
2026-08-02T14:18:54Z,2026-08-02T16:18:54+0200,d03952b3-6528-494b-a5a9-803d5ba4eea1,2026-07-21T12:30:00Z,2026-07-21T14:30:00+0200,387.83,MW,FR,FR,actual_offshore_wind_generation,Wind Offshore | Actual Aggregated,2026-08-02T14:20:02Z
2026-08-02T14:18:54Z,2026-08-02T16:18:54+0200,d03952b3-6528-494b-a5a9-803d5ba4eea1,2026-07-21T12:45:00Z,2026-07-21T14:45:00+0200,401.63,MW,FR,FR,actual_offshore_wind_generation,Wind Offshore | Actual Aggregated,2026-08-02T14:20:02Z
2026-08-02T14:18:54Z,2026-08-02T16:18:54+0200,d03952b3-6528-494b-a5a9-803d5ba4eea1,2026-07-21T13:00:00Z,2026-07-21T15:00:00+0200,402.21,MW,FR,FR,actual_offshore_wind_generation,Wind Offshore | Actual Aggregated,2026-08-02T14:20:02Z
2026-08-02T14:18:54Z,2026-08-02T16:18:54+0200,d03952b3-6528-494b-a5a9-803d5ba4eea1,2026-07-21T13:15:00Z,2026-07-21T15:15:00+0200,406.12,MW,FR,FR,actual_offshore_wind_generation,Wind Offshore | Actual Aggregated,2026-08-02T14:20:02Z
2026-08-02T14:18:54Z,2026-08-02T16:18:54+0200,d03952b3-6528-494b-a5a9-803d5ba4eea1,2026-07-21T13:30:00Z,2026-07-21T15:30:00+0200,397.01,MW,FR,FR,actual_offshore_wind_generation,Wind Offshore | Actual Aggregated,2026-08-02T14:20:02Z
2026-08-02T14:18:54Z,2026-08-02T16:18:54+0200,d03952b3-6528-494b-a5a9-803d5ba4eea1,2026-07-21T13:45:00Z,2026-07-21T15:45:00+0200,399.89,MW,FR,FR,actual_offshore_wind_generation,Wind Offshore | Actual Aggregated,2026-08-02T14:20:02Z
2026-08-02T14:18:54Z,2026-08-02T16:18:54+0200,d03952b3-6528-494b-a5a9-803d5ba4eea1,2026-07-21T14:00:00Z,2026-07-21T16:00:00+0200,408.53,MW,FR,FR,actual_offshore_wind_generation,Wind Offshore | Actual Aggregated,2026-08-02T14:20:02Z
2026-08-02T14:18:54Z,2026-08-02T16:18:54+0200,d03952b3-6528-494b-a5a9-803d5ba4eea1,2026-07-21T14:15:00Z,2026-07-21T16:15:00+0200,403.03,MW,FR,FR,actual_offshore_wind_generation,Wind Offshore | Actual Aggregated,2026-08-02T14:20:02Z
2026-08-02T14:18:54Z,2026-08-02T16:18:54+0200,d03952b3-6528-494b-a5a9-803d5ba4eea1,2026-07-21T14:30:00Z,2026-07-21T16:30:00+0200,394.66,MW,FR,FR,actual_offshore_wind_generation,Wind Offshore | Actual Aggregated,2026-08-02T14:20:02Z
2026-08-02T14:18:54Z,2026-08-02T16:18:54+0200,d03952b3-6528-494b-a5a9-803d5ba4eea1,2026-07-21T14:45:00Z,2026-07-21T16:45:00+0200,384.19,MW,FR,FR,actual_offshore_wind_generation,Wind Offshore | Actual Aggregated,2026-08-02T14:20:02Z
2026-08-02T14:18:54Z,2026-08-02T16:18:54+0200,d03952b3-6528-494b-a5a9-803d5ba4eea1,2026-07-21T15:00:00Z,2026-07-21T17:00:00+0200,386.21,MW,FR,FR,actual_offshore_wind_generation,Wind Offshore | Actual Aggregated,2026-08-02T14:20:02Z
2026-08-02T14:18:54Z,2026-08-02T16:18:54+0200,d03952b3-6528-494b-a5a9-803d5ba4eea1,2026-07-21T15:15:00Z,2026-07-21T17:15:00+0200,373.71,MW,FR,FR,actual_offshore_wind_generation,Wind Offshore | Actual Aggregated,2026-08-02T14:20:02Z
2026-08-02T14:18:54Z,2026-08-02T16:18:54+0200,d03952b3-6528-494b-a5a9-803d5ba4eea1,2026-07-21T15:30:00Z,2026-07-21T17:30:00+0200,409.26,MW,FR,FR,actual_offshore_wind_generation,Wind Offshore | Actual Aggregated,2026-08-02T14:20:02Z
2026-08-02T14:18:54Z,2026-08-02T16:18:54+0200,d03952b3-6528-494b-a5a9-803d5ba4eea1,2026-07-21T15:45:00Z,2026-07-21T17:45:00+0200,448.09,MW,FR,FR,actual_offshore_wind_generation,Wind Offshore | Actual Aggregated,2026-08-02T14:20:02Z
2026-08-02T14:18:54Z,2026-08-02T16:18:54+0200,d03952b3-6528-494b-a5a9-803d5ba4eea1,2026-07-21T16:00:00Z,2026-07-21T18:00:00+0200,507.93,MW,FR,FR,actual_offshore_wind_generation,Wind Offshore | Actual Aggregated,2026-08-02T14:20:02Z
2026-08-02T14:18:54Z,2026-08-02T16:18:54+0200,d03952b3-6528-494b-a5a9-803d5ba4eea1,2026-07-21T16:15:00Z,2026-07-21T18:15:00+0200,546.32,MW,FR,FR,actual_offshore_wind_generation,Wind Offshore | Actual Aggregated,2026-08-02T14:20:02Z
2026-08-02T14:18:54Z,2026-08-02T16:18:54+0200,d03952b3-6528-494b-a5a9-803d5ba4eea1,2026-07-21T16:30:00Z,2026-07-21T18:30:00+0200,529.82,MW,FR,FR,actual_offshore_wind_generation,Wind Offshore | Actual Aggregated,2026-08-02T14:20:02Z
2026-08-02T14:18:54Z,2026-08-02T16:18:54+0200,d03952b3-6528-494b-a5a9-803d5ba4eea1,2026-07-21T16:45:00Z,2026-07-21T18:45:00+0200,536.28,MW,FR,FR,actual_offshore_wind_generation,Wind Offshore | Actual Aggregated,2026-08-02T14:20:02Z
2026-08-02T14:18:54Z,2026-08-02T16:18:54+0200,d03952b3-6528-494b-a5a9-803d5ba4eea1,2026-07-21T17:00:00Z,2026-07-21T19:00:00+0200,586.64,MW,FR,FR,actual_offshore_wind_generation,Wind Offshore | Actual Aggregated,2026-08-02T14:20:02Z
2026-08-02T14:18:54Z,2026-08-02T16:18:54+0200,d03952b3-6528-494b-a5a9-803d5ba4eea1,2026-07-21T17:15:00Z,2026-07-21T19:15:00+0200,577.95,MW,FR,FR,actual_offshore_wind_generation,Wind Offshore | Actual Aggregated,2026-08-02T14:20:02Z
2026-08-02T14:18:54Z,2026-08-02T16:18:54+0200,d03952b3-6528-494b-a5a9-803d5ba4eea1,2026-07-21T17:30:00Z,2026-07-21T19:30:00+0200,568.27,MW,FR,FR,actual_offshore_wind_generation,Wind Offshore | Actual Aggregated,2026-08-02T14:20:02Z
2026-08-02T14:18:54Z,2026-08-02T16:18:54+0200,d03952b3-6528-494b-a5a9-803d5ba4eea1,2026-07-21T17:45:00Z,2026-07-21T19:45:00+0200,593.21,MW,FR,FR,actual_offshore_wind_generation,Wind Offshore | Actual Aggregated,2026-08-02T14:20:02Z
2026-08-02T14:18:54Z,2026-08-02T16:18:54+0200,d03952b3-6528-494b-a5a9-803d5ba4eea1,2026-07-21T18:00:00Z,2026-07-21T20:00:00+0200,600.34,MW,FR,FR,actual_offshore_wind_generation,Wind Offshore | Actual Aggregated,2026-08-02T14:20:02Z
2026-08-02T14:18:54Z,2026-08-02T16:18:54+0200,d03952b3-6528-494b-a5a9-803d5ba4eea1,2026-07-21T18:15:00Z,2026-07-21T20:15:00+0200,645.45,MW,FR,FR,actual_offshore_wind_generation,Wind Offshore | Actual Aggregated,2026-08-02T14:20:02Z
2026-08-02T14:18:54Z,2026-08-02T16:18:54+0200,d03952b3-6528-494b-a5a9-803d5ba4eea1,2026-07-21T18:30:00Z,2026-07-21T20:30:00+0200,675.62,MW,FR,FR,actual_offshore_wind_generation,Wind Offshore | Actual Aggregated,2026-08-02T14:20:02Z
2026-08-02T14:18:54Z,2026-08-02T16:18:54+0200,d03952b3-6528-494b-a5a9-803d5ba4eea1,2026-07-21T18:45:00Z,2026-07-21T20:45:00+0200,713.34,MW,FR,FR,actual_offshore_wind_generation,Wind Offshore | Actual Aggregated,2026-08-02T14:20:02Z
2026-08-02T14:18:54Z,2026-08-02T16:18:54+0200,d03952b3-6528-494b-a5a9-803d5ba4eea1,2026-07-21T19:00:00Z,2026-07-21T21:00:00+0200,813.44,MW,FR,FR,actual_offshore_wind_generation,Wind Offshore | Actual Aggregated,2026-08-02T14:20:02Z
2026-08-02T14:18:54Z,2026-08-02T16:18:54+0200,d03952b3-6528-494b-a5a9-803d5ba4eea1,2026-07-21T19:15:00Z,2026-07-21T21:15:00+0200,867.8,MW,FR,FR,actual_offshore_wind_generation,Wind Offshore | Actual Aggregated,2026-08-02T14:20:02Z
2026-08-02T14:18:54Z,2026-08-02T16:18:54+0200,d03952b3-6528-494b-a5a9-803d5ba4eea1,2026-07-21T19:30:00Z,2026-07-21T21:30:00+0200,870.28,MW,FR,FR,actual_offshore_wind_generation,Wind Offshore | Actual Aggregated,2026-08-02T14:20:02Z
2026-08-02T14:18:54Z,2026-08-02T16:18:54+0200,d03952b3-6528-494b-a5a9-803d5ba4eea1,2026-07-21T19:45:00Z,2026-07-21T21:45:00+0200,869.32,MW,FR,FR,actual_offshore_wind_generation,Wind Offshore | Actual Aggregated,2026-08-02T14:20:02Z
2026-08-02T14:18:54Z,2026-08-02T16:18:54+0200,d03952b3-6528-494b-a5a9-803d5ba4eea1,2026-07-21T20:00:00Z,2026-07-21T22:00:00+0200,880.39,MW,FR,FR,actual_offshore_wind_generation,Wind Offshore | Actual Aggregated,2026-08-02T14:20:02Z
2026-08-02T14:18:54Z,2026-08-02T16:18:54+0200,d03952b3-6528-494b-a5a9-803d5ba4eea1,2026-07-21T20:15:00Z,2026-07-21T22:15:00+0200,886.14,MW,FR,FR,actual_offshore_wind_generation,Wind Offshore | Actual Aggregated,2026-08-02T14:20:02Z
2026-08-02T14:18:54Z,2026-08-02T16:18:54+0200,d03952b3-6528-494b-a5a9-803d5ba4eea1,2026-07-21T20:30:00Z,2026-07-21T22:30:00+0200,916.74,MW,FR,FR,actual_offshore_wind_generation,Wind Offshore | Actual Aggregated,2026-08-02T14:20:02Z
2026-08-02T14:18:54Z,2026-08-02T16:18:54+0200,d03952b3-6528-494b-a5a9-803d5ba4eea1,2026-07-21T20:45:00Z,2026-07-21T22:45:00+0200,924.61,MW,FR,FR,actual_offshore_wind_generation,Wind Offshore | Actual Aggregated,2026-08-02T14:20:02Z
2026-08-02T14:18:54Z,2026-08-02T16:18:54+0200,d03952b3-6528-494b-a5a9-803d5ba4eea1,2026-07-21T21:00:00Z,2026-07-21T23:00:00+0200,926.91,MW,FR,FR,actual_offshore_wind_generation,Wind Offshore | Actual Aggregated,2026-08-02T14:20:02Z
2026-08-02T14:18:54Z,2026-08-02T16:18:54+0200,d03952b3-6528-494b-a5a9-803d5ba4eea1,2026-07-21T21:15:00Z,2026-07-21T23:15:00+0200,940.67,MW,FR,FR,actual_offshore_wind_generation,Wind Offshore | Actual Aggregated,2026-08-02T14:20:02Z
2026-08-02T14:18:54Z,2026-08-02T16:18:54+0200,d03952b3-6528-494b-a5a9-803d5ba4eea1,2026-07-21T21:30:00Z,2026-07-21T23:30:00+0200,942.11,MW,FR,FR,actual_offshore_wind_generation,Wind Offshore | Actual Aggregated,2026-08-02T14:20:02Z
2026-08-02T14:18:54Z,2026-08-02T16:18:54+0200,d03952b3-6528-494b-a5a9-803d5ba4eea1,2026-07-21T21:45:00Z,2026-07-21T23:45:00+0200,931.88,MW,FR,FR,actual_offshore_wind_generation,Wind Offshore | Actual Aggregated,2026-08-02T14:20:02Z
2026-08-02T14:18:54Z,2026-08-02T16:18:54+0200,d03952b3-6528-494b-a5a9-803d5ba4eea1,2026-07-21T22:00:00Z,2026-07-22T00:00:00+0200,921.38,MW,FR,FR,actual_offshore_wind_generation,Wind Offshore | Actual Aggregated,2026-08-02T14:20:02Z
2026-08-02T14:18:54Z,2026-08-02T16:18:54+0200,d03952b3-6528-494b-a5a9-803d5ba4eea1,2026-07-21T22:15:00Z,2026-07-22T00:15:00+0200,893.7,MW,FR,FR,actual_offshore_wind_generation,Wind Offshore | Actual Aggregated,2026-08-02T14:20:02Z
2026-08-02T14:18:54Z,2026-08-02T16:18:54+0200,d03952b3-6528-494b-a5a9-803d5ba4eea1,2026-07-21T22:30:00Z,2026-07-22T00:30:00+0200,872.31,MW,FR,FR,actual_offshore_wind_generation,Wind Offshore | Actual Aggregated,2026-08-02T14:20:02Z
2026-08-02T14:18:54Z,2026-08-02T16:18:54+0200,d03952b3-6528-494b-a5a9-803d5ba4eea1,2026-07-21T22:45:00Z,2026-07-22T00:45:00+0200,870.81,MW,FR,FR,actual_offshore_wind_generation,Wind Offshore | Actual Aggregated,2026-08-02T14:20:02Z
2026-08-02T14:18:54Z,2026-08-02T16:18:54+0200,d03952b3-6528-494b-a5a9-803d5ba4eea1,2026-07-21T23:00:00Z,2026-07-22T01:00:00+0200,862.83,MW,FR,FR,actual_offshore_wind_generation,Wind Offshore | Actual Aggregated,2026-08-02T14:20:02Z
2026-08-02T14:18:54Z,2026-08-02T16:18:54+0200,d03952b3-6528-494b-a5a9-803d5ba4eea1,2026-07-21T23:15:00Z,2026-07-22T01:15:00+0200,857.56,MW,FR,FR,actual_offshore_wind_generation,Wind Offshore | Actual Aggregated,2026-08-02T14:20:02Z
2026-08-02T14:18:54Z,2026-08-02T16:18:54+0200,d03952b3-6528-494b-a5a9-803d5ba4eea1,2026-07-21T23:30:00Z,2026-07-22T01:30:00+0200,859.76,MW,FR,FR,actual_offshore_wind_generation,Wind Offshore | Actual Aggregated,2026-08-02T14:20:02Z
2026-08-02T14:18:54Z,2026-08-02T16:18:54+0200,d03952b3-6528-494b-a5a9-803d5ba4eea1,2026-07-21T23:45:00Z,2026-07-22T01:45:00+0200,850.45,MW,FR,FR,actual_offshore_wind_generation,Wind Offshore | Actual Aggregated,2026-08-02T14:20:02Z
2026-08-02T14:18:54Z,2026-08-02T16:18:54+0200,d03952b3-6528-494b-a5a9-803d5ba4eea1,2026-07-22T00:00:00Z,2026-07-22T02:00:00+0200,818.69,MW,FR,FR,actual_offshore_wind_generation,Wind Offshore | Actual Aggregated,2026-08-02T14:20:02Z
2026-08-02T14:18:54Z,2026-08-02T16:18:54+0200,d03952b3-6528-494b-a5a9-803d5ba4eea1,2026-07-22T00:15:00Z,2026-07-22T02:15:00+0200,769.81,MW,FR,FR,actual_offshore_wind_generation,Wind Offshore | Actual Aggregated,2026-08-02T14:20:02Z
2026-08-02T14:18:54Z,2026-08-02T16:18:54+0200,d03952b3-6528-494b-a5a9-803d5ba4eea1,2026-07-22T00:30:00Z,2026-07-22T02:30:00+0200,720.72,MW,FR,FR,actual_offshore_wind_generation,Wind Offshore | Actual Aggregated,2026-08-02T14:20:02Z
2026-08-02T14:18:54Z,2026-08-02T16:18:54+0200,d03952b3-6528-494b-a5a9-803d5ba4eea1,2026-07-22T00:45:00Z,2026-07-22T02:45:00+0200,678.37,MW,FR,FR,actual_offshore_wind_generation,Wind Offshore | Actual Aggregated,2026-08-02T14:20:02Z
2026-08-02T14:18:54Z,2026-08-02T16:18:54+0200,d03952b3-6528-494b-a5a9-803d5ba4eea1,2026-07-22T01:00:00Z,2026-07-22T03:00:00+0200,650.02,MW,FR,FR,actual_offshore_wind_generation,Wind Offshore | Actual Aggregated,2026-08-02T14:20:02Z
2026-08-02T14:18:54Z,2026-08-02T16:18:54+0200,d03952b3-6528-494b-a5a9-803d5ba4eea1,2026-07-22T01:15:00Z,2026-07-22T03:15:00+0200,596.71,MW,FR,FR,actual_offshore_wind_generation,Wind Offshore | Actual Aggregated,2026-08-02T14:20:02Z
2026-08-02T14:18:54Z,2026-08-02T16:18:54+0200,d03952b3-6528-494b-a5a9-803d5ba4eea1,2026-07-22T01:30:00Z,2026-07-22T03:30:00+0200,548.55,MW,FR,FR,actual_offshore_wind_generation,Wind Offshore | Actual Aggregated,2026-08-02T14:20:02Z
2026-08-02T14:18:54Z,2026-08-02T16:18:54+0200,d03952b3-6528-494b-a5a9-803d5ba4eea1,2026-07-22T01:45:00Z,2026-07-22T03:45:00+0200,526.1,MW,FR,FR,actual_offshore_wind_generation,Wind Offshore | Actual Aggregated,2026-08-02T14:20:02Z
2026-08-02T14:18:54Z,2026-08-02T16:18:54+0200,d03952b3-6528-494b-a5a9-803d5ba4eea1,2026-07-22T02:00:00Z,2026-07-22T04:00:00+0200,540.81,MW,FR,FR,actual_offshore_wind_generation,Wind Offshore | Actual Aggregated,2026-08-02T14:20:02Z
2026-08-02T14:18:54Z,2026-08-02T16:18:54+0200,d03952b3-6528-494b-a5a9-803d5ba4eea1,2026-07-22T02:15:00Z,2026-07-22T04:15:00+0200,545.76,MW,FR,FR,actual_offshore_wind_generation,Wind Offshore | Actual Aggregated,2026-08-02T14:20:02Z
2026-08-02T14:18:54Z,2026-08-02T16:18:54+0200,d03952b3-6528-494b-a5a9-803d5ba4eea1,2026-07-22T02:30:00Z,2026-07-22T04:30:00+0200,549.06,MW,FR,FR,actual_offshore_wind_generation,Wind Offshore | Actual Aggregated,2026-08-02T14:20:02Z
2026-08-02T14:18:54Z,2026-08-02T16:18:54+0200,d03952b3-6528-494b-a5a9-803d5ba4eea1,2026-07-22T02:45:00Z,2026-07-22T04:45:00+0200,567.62,MW,FR,FR,actual_offshore_wind_generation,Wind Offshore | Actual Aggregated,2026-08-02T14:20:02Z
2026-08-02T14:18:54Z,2026-08-02T16:18:54+0200,d03952b3-6528-494b-a5a9-803d5ba4eea1,2026-07-22T03:00:00Z,2026-07-22T05:00:00+0200,579.04,MW,FR,FR,actual_offshore_wind_generation,Wind Offshore | Actual Aggregated,2026-08-02T14:20:02Z
2026-08-02T14:18:54Z,2026-08-02T16:18:54+0200,d03952b3-6528-494b-a5a9-803d5ba4eea1,2026-07-22T03:15:00Z,2026-07-22T05:15:00+0200,582.89,MW,FR,FR,actual_offshore_wind_generation,Wind Offshore | Actual Aggregated,2026-08-02T14:20:02Z
2026-08-02T14:18:54Z,2026-08-02T16:18:54+0200,d03952b3-6528-494b-a5a9-803d5ba4eea1,2026-07-22T03:30:00Z,2026-07-22T05:30:00+0200,578.75,MW,FR,FR,actual_offshore_wind_generation,Wind Offshore | Actual Aggregated,2026-08-02T14:20:02Z
2026-08-02T14:18:54Z,2026-08-02T16:18:54+0200,d03952b3-6528-494b-a5a9-803d5ba4eea1,2026-07-22T03:45:00Z,2026-07-22T05:45:00+0200,547.79,MW,FR,FR,actual_offshore_wind_generation,Wind Offshore | Actual Aggregated,2026-08-02T14:20:02Z
2026-08-02T14:18:54Z,2026-08-02T16:18:54+0200,d03952b3-6528-494b-a5a9-803d5ba4eea1,2026-07-22T04:00:00Z,2026-07-22T06:00:00+0200,490.35,MW,FR,FR,actual_offshore_wind_generation,Wind Offshore | Actual Aggregated,2026-08-02T14:20:02Z
2026-08-02T14:18:54Z,2026-08-02T16:18:54+0200,d03952b3-6528-494b-a5a9-803d5ba4eea1,2026-07-22T04:15:00Z,2026-07-22T06:15:00+0200,455.72,MW,FR,FR,actual_offshore_wind_generation,Wind Offshore | Actual Aggregated,2026-08-02T14:20:02Z
2026-08-02T14:18:54Z,2026-08-02T16:18:54+0200,d03952b3-6528-494b-a5a9-803d5ba4eea1,2026-07-22T04:30:00Z,2026-07-22T06:30:00+0200,457.76,MW,FR,FR,actual_offshore_wind_generation,Wind Offshore | Actual Aggregated,2026-08-02T14:20:02Z
2026-08-02T14:18:54Z,2026-08-02T16:18:54+0200,d03952b3-6528-494b-a5a9-803d5ba4eea1,2026-07-22T04:45:00Z,2026-07-22T06:45:00+0200,445.24,MW,FR,FR,actual_offshore_wind_generation,Wind Offshore | Actual Aggregated,2026-08-02T14:20:02Z
2026-08-02T14:18:54Z,2026-08-02T16:18:54+0200,d03952b3-6528-494b-a5a9-803d5ba4eea1,2026-07-22T05:00:00Z,2026-07-22T07:00:00+0200,443.27,MW,FR,FR,actual_offshore_wind_generation,Wind Offshore | Actual Aggregated,2026-08-02T14:20:02Z
2026-08-02T14:18:54Z,2026-08-02T16:18:54+0200,d03952b3-6528-494b-a5a9-803d5ba4eea1,2026-07-22T05:15:00Z,2026-07-22T07:15:00+0200,468.67,MW,FR,FR,actual_offshore_wind_generation,Wind Offshore | Actual Aggregated,2026-08-02T14:20:02Z
2026-08-02T14:18:54Z,2026-08-02T16:18:54+0200,d03952b3-6528-494b-a5a9-803d5ba4eea1,2026-07-22T05:30:00Z,2026-07-22T07:30:00+0200,465.96,MW,FR,FR,actual_offshore_wind_generation,Wind Offshore | Actual Aggregated,2026-08-02T14:20:02Z
2026-08-02T14:18:54Z,2026-08-02T16:18:54+0200,d03952b3-6528-494b-a5a9-803d5ba4eea1,2026-07-22T05:45:00Z,2026-07-22T07:45:00+0200,434.83,MW,FR,FR,actual_offshore_wind_generation,Wind Offshore | Actual Aggregated,2026-08-02T14:20:02Z
2026-08-02T14:18:54Z,2026-08-02T16:18:54+0200,d03952b3-6528-494b-a5a9-803d5ba4eea1,2026-07-22T06:00:00Z,2026-07-22T08:00:00+0200,406.11,MW,FR,FR,actual_offshore_wind_generation,Wind Offshore | Actual Aggregated,2026-08-02T14:20:02Z
2026-08-02T14:18:54Z,2026-08-02T16:18:54+0200,d03952b3-6528-494b-a5a9-803d5ba4eea1,2026-07-22T06:15:00Z,2026-07-22T08:15:00+0200,383.37,MW,FR,FR,actual_offshore_wind_generation,Wind Offshore | Actual Aggregated,2026-08-02T14:20:02Z
2026-08-02T14:18:54Z,2026-08-02T16:18:54+0200,d03952b3-6528-494b-a5a9-803d5ba4eea1,2026-07-22T06:30:00Z,2026-07-22T08:30:00+0200,360.4,MW,FR,FR,actual_offshore_wind_generation,Wind Offshore | Actual Aggregated,2026-08-02T14:20:02Z
2026-08-02T14:18:54Z,2026-08-02T16:18:54+0200,d03952b3-6528-494b-a5a9-803d5ba4eea1,2026-07-22T06:45:00Z,2026-07-22T08:45:00+0200,331.96,MW,FR,FR,actual_offshore_wind_generation,Wind Offshore | Actual Aggregated,2026-08-02T14:20:02Z
2026-08-02T14:18:54Z,2026-08-02T16:18:54+0200,d03952b3-6528-494b-a5a9-803d5ba4eea1,2026-07-22T07:00:00Z,2026-07-22T09:00:00+0200,293.47,MW,FR,FR,actual_offshore_wind_generation,Wind Offshore | Actual Aggregated,2026-08-02T14:20:02Z
2026-08-02T14:18:54Z,2026-08-02T16:18:54+0200,d03952b3-6528-494b-a5a9-803d5ba4eea1,2026-07-22T07:15:00Z,2026-07-22T09:15:00+0200,239.12,MW,FR,FR,actual_offshore_wind_generation,Wind Offshore | Actual Aggregated,2026-08-02T14:20:02Z
2026-08-02T14:18:54Z,2026-08-02T16:18:54+0200,d03952b3-6528-494b-a5a9-803d5ba4eea1,2026-07-22T07:30:00Z,2026-07-22T09:30:00+0200,204.39,MW,FR,FR,actual_offshore_wind_generation,Wind Offshore | Actual Aggregated,2026-08-02T14:20:02Z
2026-08-02T14:18:54Z,2026-08-02T16:18:54+0200,d03952b3-6528-494b-a5a9-803d5ba4eea1,2026-07-22T07:45:00Z,2026-07-22T09:45:00+0200,170.16,MW,FR,FR,actual_offshore_wind_generation,Wind Offshore | Actual Aggregated,2026-08-02T14:20:02Z
2026-08-02T14:18:54Z,2026-08-02T16:18:54+0200,d03952b3-6528-494b-a5a9-803d5ba4eea1,2026-07-22T08:00:00Z,2026-07-22T10:00:00+0200,152.62,MW,FR,FR,actual_offshore_wind_generation,Wind Offshore | Actual Aggregated,2026-08-02T14:20:02Z
2026-08-02T14:18:54Z,2026-08-02T16:18:54+0200,d03952b3-6528-494b-a5a9-803d5ba4eea1,2026-07-22T08:15:00Z,2026-07-22T10:15:00+0200,131.82,MW,FR,FR,actual_offshore_wind_generation,Wind Offshore | Actual Aggregated,2026-08-02T14:20:02Z
2026-08-02T14:18:54Z,2026-08-02T16:18:54+0200,d03952b3-6528-494b-a5a9-803d5ba4eea1,2026-07-22T08:30:00Z,2026-07-22T10:30:00+0200,108.48,MW,FR,FR,actual_offshore_wind_generation,Wind Offshore | Actual Aggregated,2026-08-02T14:20:02Z
2026-08-02T14:18:54Z,2026-08-02T16:18:54+0200,d03952b3-6528-494b-a5a9-803d5ba4eea1,2026-07-22T08:45:00Z,2026-07-22T10:45:00+0200,88.97,MW,FR,FR,actual_offshore_wind_generation,Wind Offshore | Actual Aggregated,2026-08-02T14:20:02Z
2026-08-02T14:18:54Z,2026-08-02T16:18:54+0200,d03952b3-6528-494b-a5a9-803d5ba4eea1,2026-07-22T09:00:00Z,2026-07-22T11:00:00+0200,78.53,MW,FR,FR,actual_offshore_wind_generation,Wind Offshore | Actual Aggregated,2026-08-02T14:20:02Z
2026-08-02T14:18:54Z,2026-08-02T16:18:54+0200,d03952b3-6528-494b-a5a9-803d5ba4eea1,2026-07-22T09:15:00Z,2026-07-22T11:15:00+0200,93.83,MW,FR,FR,actual_offshore_wind_generation,Wind Offshore | Actual Aggregated,2026-08-02T14:20:02Z
2026-08-02T14:18:54Z,2026-08-02T16:18:54+0200,d03952b3-6528-494b-a5a9-803d5ba4eea1,2026-07-22T09:30:00Z,2026-07-22T11:30:00+0200,100.89,MW,FR,FR,actual_offshore_wind_generation,Wind Offshore | Actual Aggregated,2026-08-02T14:20:02Z
2026-08-02T14:18:54Z,2026-08-02T16:18:54+0200,d03952b3-6528-494b-a5a9-803d5ba4eea1,2026-07-22T09:45:00Z,2026-07-22T11:45:00+0200,93.44,MW,FR,FR,actual_offshore_wind_generation,Wind Offshore | Actual Aggregated,2026-08-02T14:20:02Z
2026-08-02T14:18:54Z,2026-08-02T16:18:54+0200,d03952b3-6528-494b-a5a9-803d5ba4eea1,2026-07-22T10:00:00Z,2026-07-22T12:00:00+0200,88.46,MW,FR,FR,actual_offshore_wind_generation,Wind Offshore | Actual Aggregated,2026-08-02T14:20:02Z
2026-08-02T14:18:54Z,2026-08-02T16:18:54+0200,d03952b3-6528-494b-a5a9-803d5ba4eea1,2026-07-22T10:15:00Z,2026-07-22T12:15:00+0200,88.64,MW,FR,FR,actual_offshore_wind_generation,Wind Offshore | Actual Aggregated,2026-08-02T14:20:02Z
2026-08-02T14:18:54Z,2026-08-02T16:18:54+0200,d03952b3-6528-494b-a5a9-803d5ba4eea1,2026-07-22T10:30:00Z,2026-07-22T12:30:00+0200,85.25,MW,FR,FR,actual_offshore_wind_generation,Wind Offshore | Actual Aggregated,2026-08-02T14:20:02Z
2026-08-02T14:18:54Z,2026-08-02T16:18:54+0200,d03952b3-6528-494b-a5a9-803d5ba4eea1,2026-07-22T10:45:00Z,2026-07-22T12:45:00+0200,82.42,MW,FR,FR,actual_offshore_wind_generation,Wind Offshore | Actual Aggregated,2026-08-02T14:20:02Z
2026-08-02T14:18:54Z,2026-08-02T16:18:54+0200,d03952b3-6528-494b-a5a9-803d5ba4eea1,2026-07-22T11:00:00Z,2026-07-22T13:00:00+0200,75.97,MW,FR,FR,actual_offshore_wind_generation,Wind Offshore | Actual Aggregated,2026-08-02T14:20:02Z
2026-08-02T14:18:54Z,2026-08-02T16:18:54+0200,d03952b3-6528-494b-a5a9-803d5ba4eea1,2026-07-22T11:15:00Z,2026-07-22T13:15:00+0200,76.28,MW,FR,FR,actual_offshore_wind_generation,Wind Offshore | Actual Aggregated,2026-08-02T14:20:02Z
2026-08-02T14:18:54Z,2026-08-02T16:18:54+0200,d03952b3-6528-494b-a5a9-803d5ba4eea1,2026-07-22T11:30:00Z,2026-07-22T13:30:00+0200,72.79,MW,FR,FR,actual_offshore_wind_generation,Wind Offshore | Actual Aggregated,2026-08-02T14:20:02Z
2026-08-02T14:18:54Z,2026-08-02T16:18:54+0200,d03952b3-6528-494b-a5a9-803d5ba4eea1,2026-07-22T11:45:00Z,2026-07-22T13:45:00+0200,78.28,MW,FR,FR,actual_offshore_wind_generation,Wind Offshore | Actual Aggregated,2026-08-02T14:20:02Z
2026-08-02T14:18:54Z,2026-08-02T16:18:54+0200,d03952b3-6528-494b-a5a9-803d5ba4eea1,2026-07-22T12:00:00Z,2026-07-22T14:00:00+0200,89.83,MW,FR,FR,actual_offshore_wind_generation,Wind Offshore | Actual Aggregated,2026-08-02T14:20:02Z
2026-08-02T14:18:54Z,2026-08-02T16:18:54+0200,d03952b3-6528-494b-a5a9-803d5ba4eea1,2026-07-22T12:15:00Z,2026-07-22T14:15:00+0200,100.55,MW,FR,FR,actual_offshore_wind_generation,Wind Offshore | Actual Aggregated,2026-08-02T14:20:02Z
2026-08-02T14:18:54Z,2026-08-02T16:18:54+0200,d03952b3-6528-494b-a5a9-803d5ba4eea1,2026-07-22T12:30:00Z,2026-07-22T14:30:00+0200,113.17,MW,FR,FR,actual_offshore_wind_generation,Wind Offshore | Actual Aggregated,2026-08-02T14:20:02Z
2026-08-02T14:18:54Z,2026-08-02T16:18:54+0200,d03952b3-6528-494b-a5a9-803d5ba4eea1,2026-07-22T12:45:00Z,2026-07-22T14:45:00+0200,120.16,MW,FR,FR,actual_offshore_wind_generation,Wind Offshore | Actual Aggregated,2026-08-02T14:20:02Z
2026-08-02T14:18:54Z,2026-08-02T16:18:54+0200,d03952b3-6528-494b-a5a9-803d5ba4eea1,2026-07-22T13:00:00Z,2026-07-22T15:00:00+0200,125.02,MW,FR,FR,actual_offshore_wind_generation,Wind Offshore | Actual Aggregated,2026-08-02T14:20:02Z
2026-08-02T14:18:54Z,2026-08-02T16:18:54+0200,d03952b3-6528-494b-a5a9-803d5ba4eea1,2026-07-22T13:15:00Z,2026-07-22T15:15:00+0200,125.84,MW,FR,FR,actual_offshore_wind_generation,Wind Offshore | Actual Aggregated,2026-08-02T14:20:02Z
2026-08-02T14:18:54Z,2026-08-02T16:18:54+0200,d03952b3-6528-494b-a5a9-803d5ba4eea1,2026-07-22T13:30:00Z,2026-07-22T15:30:00+0200,134.26,MW,FR,FR,actual_offshore_wind_generation,Wind Offshore | Actual Aggregated,2026-08-02T14:20:02Z
2026-08-02T14:18:54Z,2026-08-02T16:18:54+0200,d03952b3-6528-494b-a5a9-803d5ba4eea1,2026-07-22T13:45:00Z,2026-07-22T15:45:00+0200,132.78,MW,FR,FR,actual_offshore_wind_generation,Wind Offshore | Actual Aggregated,2026-08-02T14:20:02Z
2026-08-02T14:18:54Z,2026-08-02T16:18:54+0200,d03952b3-6528-494b-a5a9-803d5ba4eea1,2026-07-22T14:00:00Z,2026-07-22T16:00:00+0200,143.15,MW,FR,FR,actual_offshore_wind_generation,Wind Offshore | Actual Aggregated,2026-08-02T14:20:02Z
2026-08-02T14:18:54Z,2026-08-02T16:18:54+0200,d03952b3-6528-494b-a5a9-803d5ba4eea1,2026-07-22T14:15:00Z,2026-07-22T16:15:00+0200,143.86,MW,FR,FR,actual_offshore_wind_generation,Wind Offshore | Actual Aggregated,2026-08-02T14:20:02Z
2026-08-02T14:18:54Z,2026-08-02T16:18:54+0200,d03952b3-6528-494b-a5a9-803d5ba4eea1,2026-07-22T14:30:00Z,2026-07-22T16:30:00+0200,121.01,MW,FR,FR,actual_offshore_wind_generation,Wind Offshore | Actual Aggregated,2026-08-02T14:20:02Z
2026-08-02T14:18:54Z,2026-08-02T16:18:54+0200,d03952b3-6528-494b-a5a9-803d5ba4eea1,2026-07-22T14:45:00Z,2026-07-22T16:45:00+0200,101.34,MW,FR,FR,actual_offshore_wind_generation,Wind Offshore | Actual Aggregated,2026-08-02T14:20:02Z
2026-08-02T14:18:54Z,2026-08-02T16:18:54+0200,d03952b3-6528-494b-a5a9-803d5ba4eea1,2026-07-22T15:00:00Z,2026-07-22T17:00:00+0200,117.91,MW,FR,FR,actual_offshore_wind_generation,Wind Offshore | Actual Aggregated,2026-08-02T14:20:02Z
2026-08-02T14:18:54Z,2026-08-02T16:18:54+0200,d03952b3-6528-494b-a5a9-803d5ba4eea1,2026-07-22T15:15:00Z,2026-07-22T17:15:00+0200,135.32,MW,FR,FR,actual_offshore_wind_generation,Wind Offshore | Actual Aggregated,2026-08-02T14:20:02Z
2026-08-02T14:18:54Z,2026-08-02T16:18:54+0200,d03952b3-6528-494b-a5a9-803d5ba4eea1,2026-07-22T15:30:00Z,2026-07-22T17:30:00+0200,155.38,MW,FR,FR,actual_offshore_wind_generation,Wind Offshore | Actual Aggregated,2026-08-02T14:20:02Z
2026-08-02T14:18:54Z,2026-08-02T16:18:54+0200,d03952b3-6528-494b-a5a9-803d5ba4eea1,2026-07-22T15:45:00Z,2026-07-22T17:45:00+0200,183.98,MW,FR,FR,actual_offshore_wind_generation,Wind Offshore | Actual Aggregated,2026-08-02T14:20:02Z
2026-08-02T14:18:54Z,2026-08-02T16:18:54+0200,d03952b3-6528-494b-a5a9-803d5ba4eea1,2026-07-22T16:00:00Z,2026-07-22T18:00:00+0200,307.05,MW,FR,FR,actual_offshore_wind_generation,Wind Offshore | Actual Aggregated,2026-08-02T14:20:02Z
2026-08-02T14:18:54Z,2026-08-02T16:18:54+0200,d03952b3-6528-494b-a5a9-803d5ba4eea1,2026-07-22T16:15:00Z,2026-07-22T18:15:00+0200,308.43,MW,FR,FR,actual_offshore_wind_generation,Wind Offshore | Actual Aggregated,2026-08-02T14:20:02Z
2026-08-02T14:18:54Z,2026-08-02T16:18:54+0200,d03952b3-6528-494b-a5a9-803d5ba4eea1,2026-07-22T16:30:00Z,2026-07-22T18:30:00+0200,331.99,MW,FR,FR,actual_offshore_wind_generation,Wind Offshore | Actual Aggregated,2026-08-02T14:20:02Z
2026-08-02T14:18:54Z,2026-08-02T16:18:54+0200,d03952b3-6528-494b-a5a9-803d5ba4eea1,2026-07-22T16:45:00Z,2026-07-22T18:45:00+0200,320.52,MW,FR,FR,actual_offshore_wind_generation,Wind Offshore | Actual Aggregated,2026-08-02T14:20:02Z
2026-08-02T14:18:54Z,2026-08-02T16:18:54+0200,d03952b3-6528-494b-a5a9-803d5ba4eea1,2026-07-22T17:00:00Z,2026-07-22T19:00:00+0200,296.02,MW,FR,FR,actual_offshore_wind_generation,Wind Offshore | Actual Aggregated,2026-08-02T14:20:02Z
2026-08-02T14:18:54Z,2026-08-02T16:18:54+0200,d03952b3-6528-494b-a5a9-803d5ba4eea1,2026-07-22T17:15:00Z,2026-07-22T19:15:00+0200,288.44,MW,FR,FR,actual_offshore_wind_generation,Wind Offshore | Actual Aggregated,2026-08-02T14:20:02Z
2026-08-02T14:18:54Z,2026-08-02T16:18:54+0200,d03952b3-6528-494b-a5a9-803d5ba4eea1,2026-07-22T17:30:00Z,2026-07-22T19:30:00+0200,290.32,MW,FR,FR,actual_offshore_wind_generation,Wind Offshore | Actual Aggregated,2026-08-02T14:20:02Z
2026-08-02T14:18:54Z,2026-08-02T16:18:54+0200,d03952b3-6528-494b-a5a9-803d5ba4eea1,2026-07-22T17:45:00Z,2026-07-22T19:45:00+0200,325.03,MW,FR,FR,actual_offshore_wind_generation,Wind Offshore | Actual Aggregated,2026-08-02T14:20:02Z
2026-08-02T14:18:54Z,2026-08-02T16:18:54+0200,d03952b3-6528-494b-a5a9-803d5ba4eea1,2026-07-22T18:00:00Z,2026-07-22T20:00:00+0200,330.82,MW,FR,FR,actual_offshore_wind_generation,Wind Offshore | Actual Aggregated,2026-08-02T14:20:02Z
2026-08-02T14:18:54Z,2026-08-02T16:18:54+0200,d03952b3-6528-494b-a5a9-803d5ba4eea1,2026-07-22T18:15:00Z,2026-07-22T20:15:00+0200,338.36,MW,FR,FR,actual_offshore_wind_generation,Wind Offshore | Actual Aggregated,2026-08-02T14:20:02Z
2026-08-02T14:18:54Z,2026-08-02T16:18:54+0200,d03952b3-6528-494b-a5a9-803d5ba4eea1,2026-07-22T18:30:00Z,2026-07-22T20:30:00+0200,372.13,MW,FR,FR,actual_offshore_wind_generation,Wind Offshore | Actual Aggregated,2026-08-02T14:20:02Z
2026-08-02T14:18:54Z,2026-08-02T16:18:54+0200,d03952b3-6528-494b-a5a9-803d5ba4eea1,2026-07-22T18:45:00Z,2026-07-22T20:45:00+0200,377.23,MW,FR,FR,actual_offshore_wind_generation,Wind Offshore | Actual Aggregated,2026-08-02T14:20:02Z
2026-08-02T14:18:54Z,2026-08-02T16:18:54+0200,d03952b3-6528-494b-a5a9-803d5ba4eea1,2026-07-22T19:00:00Z,2026-07-22T21:00:00+0200,351.15,MW,FR,FR,actual_offshore_wind_generation,Wind Offshore | Actual Aggregated,2026-08-02T14:20:02Z
2026-08-02T14:18:54Z,2026-08-02T16:18:54+0200,d03952b3-6528-494b-a5a9-803d5ba4eea1,2026-07-22T19:15:00Z,2026-07-22T21:15:00+0200,365.85,MW,FR,FR,actual_offshore_wind_generation,Wind Offshore | Actual Aggregated,2026-08-02T14:20:02Z
2026-08-02T14:18:54Z,2026-08-02T16:18:54+0200,d03952b3-6528-494b-a5a9-803d5ba4eea1,2026-07-22T19:30:00Z,2026-07-22T21:30:00+0200,391.94,MW,FR,FR,actual_offshore_wind_generation,Wind Offshore | Actual Aggregated,2026-08-02T14:20:02Z
2026-08-02T14:18:54Z,2026-08-02T16:18:54+0200,d03952b3-6528-494b-a5a9-803d5ba4eea1,2026-07-22T19:45:00Z,2026-07-22T21:45:00+0200,403.14,MW,FR,FR,actual_offshore_wind_generation,Wind Offshore | Actual Aggregated,2026-08-02T14:20:02Z
2026-08-02T14:18:54Z,2026-08-02T16:18:54+0200,d03952b3-6528-494b-a5a9-803d5ba4eea1,2026-07-22T20:00:00Z,2026-07-22T22:00:00+0200,394.03,MW,FR,FR,actual_offshore_wind_generation,Wind Offshore | Actual Aggregated,2026-08-02T14:20:02Z
2026-08-02T14:18:54Z,2026-08-02T16:18:54+0200,d03952b3-6528-494b-a5a9-803d5ba4eea1,2026-07-22T20:15:00Z,2026-07-22T22:15:00+0200,429.52,MW,FR,FR,actual_offshore_wind_generation,Wind Offshore | Actual Aggregated,2026-08-02T14:20:02Z
2026-08-02T14:18:54Z,2026-08-02T16:18:54+0200,d03952b3-6528-494b-a5a9-803d5ba4eea1,2026-07-22T20:30:00Z,2026-07-22T22:30:00+0200,466.79,MW,FR,FR,actual_offshore_wind_generation,Wind Offshore | Actual Aggregated,2026-08-02T14:20:02Z
2026-08-02T14:18:54Z,2026-08-02T16:18:54+0200,d03952b3-6528-494b-a5a9-803d5ba4eea1,2026-07-22T20:45:00Z,2026-07-22T22:45:00+0200,540.36,MW,FR,FR,actual_offshore_wind_generation,Wind Offshore | Actual Aggregated,2026-08-02T14:20:02Z
2026-08-02T14:18:54Z,2026-08-02T16:18:54+0200,d03952b3-6528-494b-a5a9-803d5ba4eea1,2026-07-22T21:00:00Z,2026-07-22T23:00:00+0200,583.45,MW,FR,FR,actual_offshore_wind_generation,Wind Offshore | Actual Aggregated,2026-08-02T14:20:02Z
2026-08-02T14:18:54Z,2026-08-02T16:18:54+0200,d03952b3-6528-494b-a5a9-803d5ba4eea1,2026-07-22T21:15:00Z,2026-07-22T23:15:00+0200,644.47,MW,FR,FR,actual_offshore_wind_generation,Wind Offshore | Actual Aggregated,2026-08-02T14:20:02Z
2026-08-02T14:18:54Z,2026-08-02T16:18:54+0200,d03952b3-6528-494b-a5a9-803d5ba4eea1,2026-07-22T21:30:00Z,2026-07-22T23:30:00+0200,701.65,MW,FR,FR,actual_offshore_wind_generation,Wind Offshore | Actual Aggregated,2026-08-02T14:20:02Z
2026-08-02T14:18:54Z,2026-08-02T16:18:54+0200,d03952b3-6528-494b-a5a9-803d5ba4eea1,2026-07-22T21:45:00Z,2026-07-22T23:45:00+0200,776.87,MW,FR,FR,actual_offshore_wind_generation,Wind Offshore | Actual Aggregated,2026-08-02T14:20:02Z
2026-08-02T14:18:54Z,2026-08-02T16:18:54+0200,d03952b3-6528-494b-a5a9-803d5ba4eea1,2026-07-22T22:00:00Z,2026-07-23T00:00:00+0200,857.63,MW,FR,FR,actual_offshore_wind_generation,Wind Offshore | Actual Aggregated,2026-08-02T14:20:02Z
2026-08-02T14:18:54Z,2026-08-02T16:18:54+0200,d03952b3-6528-494b-a5a9-803d5ba4eea1,2026-07-22T22:15:00Z,2026-07-23T00:15:00+0200,879.17,MW,FR,FR,actual_offshore_wind_generation,Wind Offshore | Actual Aggregated,2026-08-02T14:20:02Z
2026-08-02T14:18:54Z,2026-08-02T16:18:54+0200,d03952b3-6528-494b-a5a9-803d5ba4eea1,2026-07-22T22:30:00Z,2026-07-23T00:30:00+0200,851.36,MW,FR,FR,actual_offshore_wind_generation,Wind Offshore | Actual Aggregated,2026-08-02T14:20:02Z
2026-08-02T14:18:54Z,2026-08-02T16:18:54+0200,d03952b3-6528-494b-a5a9-803d5ba4eea1,2026-07-22T22:45:00Z,2026-07-23T00:45:00+0200,822.8,MW,FR,FR,actual_offshore_wind_generation,Wind Offshore | Actual Aggregated,2026-08-02T14:20:02Z
2026-08-02T14:18:54Z,2026-08-02T16:18:54+0200,d03952b3-6528-494b-a5a9-803d5ba4eea1,2026-07-22T23:00:00Z,2026-07-23T01:00:00+0200,830.9,MW,FR,FR,actual_offshore_wind_generation,Wind Offshore | Actual Aggregated,2026-08-02T14:20:02Z
2026-08-02T14:18:54Z,2026-08-02T16:18:54+0200,d03952b3-6528-494b-a5a9-803d5ba4eea1,2026-07-22T23:15:00Z,2026-07-23T01:15:00+0200,855.25,MW,FR,FR,actual_offshore_wind_generation,Wind Offshore | Actual Aggregated,2026-08-02T14:20:02Z
2026-08-02T14:18:54Z,2026-08-02T16:18:54+0200,d03952b3-6528-494b-a5a9-803d5ba4eea1,2026-07-22T23:30:00Z,2026-07-23T01:30:00+0200,877.16,MW,FR,FR,actual_offshore_wind_generation,Wind Offshore | Actual Aggregated,2026-08-02T14:20:02Z
2026-08-02T14:18:54Z,2026-08-02T16:18:54+0200,d03952b3-6528-494b-a5a9-803d5ba4eea1,2026-07-22T23:45:00Z,2026-07-23T01:45:00+0200,900.81,MW,FR,FR,actual_offshore_wind_generation,Wind Offshore | Actual Aggregated,2026-08-02T14:20:02Z
2026-08-02T14:18:54Z,2026-08-02T16:18:54+0200,d03952b3-6528-494b-a5a9-803d5ba4eea1,2026-07-23T00:00:00Z,2026-07-23T02:00:00+0200,928.78,MW,FR,FR,actual_offshore_wind_generation,Wind Offshore | Actual Aggregated,2026-08-02T14:20:02Z
2026-08-02T14:18:54Z,2026-08-02T16:18:54+0200,d03952b3-6528-494b-a5a9-803d5ba4eea1,2026-07-23T00:15:00Z,2026-07-23T02:15:00+0200,930.11,MW,FR,FR,actual_offshore_wind_generation,Wind Offshore | Actual Aggregated,2026-08-02T14:20:02Z
2026-08-02T14:18:54Z,2026-08-02T16:18:54+0200,d03952b3-6528-494b-a5a9-803d5ba4eea1,2026-07-23T00:30:00Z,2026-07-23T02:30:00+0200,886.62,MW,FR,FR,actual_offshore_wind_generation,Wind Offshore | Actual Aggregated,2026-08-02T14:20:02Z
2026-08-02T14:18:54Z,2026-08-02T16:18:54+0200,d03952b3-6528-494b-a5a9-803d5ba4eea1,2026-07-23T00:45:00Z,2026-07-23T02:45:00+0200,854.59,MW,FR,FR,actual_offshore_wind_generation,Wind Offshore | Actual Aggregated,2026-08-02T14:20:02Z
2026-08-02T14:18:54Z,2026-08-02T16:18:54+0200,d03952b3-6528-494b-a5a9-803d5ba4eea1,2026-07-23T01:00:00Z,2026-07-23T03:00:00+0200,830.29,MW,FR,FR,actual_offshore_wind_generation,Wind Offshore | Actual Aggregated,2026-08-02T14:20:02Z
2026-08-02T14:18:54Z,2026-08-02T16:18:54+0200,d03952b3-6528-494b-a5a9-803d5ba4eea1,2026-07-23T01:15:00Z,2026-07-23T03:15:00+0200,797.25,MW,FR,FR,actual_offshore_wind_generation,Wind Offshore | Actual Aggregated,2026-08-02T14:20:02Z
2026-08-02T14:18:54Z,2026-08-02T16:18:54+0200,d03952b3-6528-494b-a5a9-803d5ba4eea1,2026-07-23T01:30:00Z,2026-07-23T03:30:00+0200,804.43,MW,FR,FR,actual_offshore_wind_generation,Wind Offshore | Actual Aggregated,2026-08-02T14:20:02Z
2026-08-02T14:18:54Z,2026-08-02T16:18:54+0200,d03952b3-6528-494b-a5a9-803d5ba4eea1,2026-07-23T01:45:00Z,2026-07-23T03:45:00+0200,865.52,MW,FR,FR,actual_offshore_wind_generation,Wind Offshore | Actual Aggregated,2026-08-02T14:20:02Z
2026-08-02T14:18:54Z,2026-08-02T16:18:54+0200,d03952b3-6528-494b-a5a9-803d5ba4eea1,2026-07-23T02:00:00Z,2026-07-23T04:00:00+0200,866.3,MW,FR,FR,actual_offshore_wind_generation,Wind Offshore | Actual Aggregated,2026-08-02T14:20:02Z
2026-08-02T14:18:54Z,2026-08-02T16:18:54+0200,d03952b3-6528-494b-a5a9-803d5ba4eea1,2026-07-23T02:15:00Z,2026-07-23T04:15:00+0200,820.99,MW,FR,FR,actual_offshore_wind_generation,Wind Offshore | Actual Aggregated,2026-08-02T14:20:02Z
2026-08-02T14:18:54Z,2026-08-02T16:18:54+0200,d03952b3-6528-494b-a5a9-803d5ba4eea1,2026-07-23T02:30:00Z,2026-07-23T04:30:00+0200,774.5,MW,FR,FR,actual_offshore_wind_generation,Wind Offshore | Actual Aggregated,2026-08-02T14:20:02Z
2026-08-02T14:18:54Z,2026-08-02T16:18:54+0200,d03952b3-6528-494b-a5a9-803d5ba4eea1,2026-07-23T02:45:00Z,2026-07-23T04:45:00+0200,694.03,MW,FR,FR,actual_offshore_wind_generation,Wind Offshore | Actual Aggregated,2026-08-02T14:20:02Z
2026-08-02T14:18:54Z,2026-08-02T16:18:54+0200,d03952b3-6528-494b-a5a9-803d5ba4eea1,2026-07-23T03:00:00Z,2026-07-23T05:00:00+0200,638.01,MW,FR,FR,actual_offshore_wind_generation,Wind Offshore | Actual Aggregated,2026-08-02T14:20:02Z
2026-08-02T14:18:54Z,2026-08-02T16:18:54+0200,d03952b3-6528-494b-a5a9-803d5ba4eea1,2026-07-23T03:15:00Z,2026-07-23T05:15:00+0200,605.25,MW,FR,FR,actual_offshore_wind_generation,Wind Offshore | Actual Aggregated,2026-08-02T14:20:02Z
2026-08-02T14:18:54Z,2026-08-02T16:18:54+0200,d03952b3-6528-494b-a5a9-803d5ba4eea1,2026-07-23T03:30:00Z,2026-07-23T05:30:00+0200,604.35,MW,FR,FR,actual_offshore_wind_generation,Wind Offshore | Actual Aggregated,2026-08-02T14:20:02Z
2026-08-02T14:18:54Z,2026-08-02T16:18:54+0200,d03952b3-6528-494b-a5a9-803d5ba4eea1,2026-07-23T03:45:00Z,2026-07-23T05:45:00+0200,626.22,MW,FR,FR,actual_offshore_wind_generation,Wind Offshore | Actual Aggregated,2026-08-02T14:20:02Z
2026-08-02T14:18:54Z,2026-08-02T16:18:54+0200,d03952b3-6528-494b-a5a9-803d5ba4eea1,2026-07-23T04:00:00Z,2026-07-23T06:00:00+0200,625.22,MW,FR,FR,actual_offshore_wind_generation,Wind Offshore | Actual Aggregated,2026-08-02T14:20:02Z
2026-08-02T14:18:54Z,2026-08-02T16:18:54+0200,d03952b3-6528-494b-a5a9-803d5ba4eea1,2026-07-23T04:15:00Z,2026-07-23T06:15:00+0200,625.47,MW,FR,FR,actual_offshore_wind_generation,Wind Offshore | Actual Aggregated,2026-08-02T14:20:02Z
2026-08-02T14:18:54Z,2026-08-02T16:18:54+0200,d03952b3-6528-494b-a5a9-803d5ba4eea1,2026-07-23T04:30:00Z,2026-07-23T06:30:00+0200,556.44,MW,FR,FR,actual_offshore_wind_generation,Wind Offshore | Actual Aggregated,2026-08-02T14:20:02Z
2026-08-02T14:18:54Z,2026-08-02T16:18:54+0200,d03952b3-6528-494b-a5a9-803d5ba4eea1,2026-07-23T04:45:00Z,2026-07-23T06:45:00+0200,501.01,MW,FR,FR,actual_offshore_wind_generation,Wind Offshore | Actual Aggregated,2026-08-02T14:20:02Z
2026-08-02T14:18:54Z,2026-08-02T16:18:54+0200,d03952b3-6528-494b-a5a9-803d5ba4eea1,2026-07-23T05:00:00Z,2026-07-23T07:00:00+0200,472.68,MW,FR,FR,actual_offshore_wind_generation,Wind Offshore | Actual Aggregated,2026-08-02T14:20:02Z
2026-08-02T14:18:54Z,2026-08-02T16:18:54+0200,d03952b3-6528-494b-a5a9-803d5ba4eea1,2026-07-23T05:15:00Z,2026-07-23T07:15:00+0200,430.83,MW,FR,FR,actual_offshore_wind_generation,Wind Offshore | Actual Aggregated,2026-08-02T14:20:02Z
2026-08-02T14:18:54Z,2026-08-02T16:18:54+0200,d03952b3-6528-494b-a5a9-803d5ba4eea1,2026-07-23T05:30:00Z,2026-07-23T07:30:00+0200,386.18,MW,FR,FR,actual_offshore_wind_generation,Wind Offshore | Actual Aggregated,2026-08-02T14:20:02Z
2026-08-02T14:18:54Z,2026-08-02T16:18:54+0200,d03952b3-6528-494b-a5a9-803d5ba4eea1,2026-07-23T05:45:00Z,2026-07-23T07:45:00+0200,384.32,MW,FR,FR,actual_offshore_wind_generation,Wind Offshore | Actual Aggregated,2026-08-02T14:20:02Z
2026-08-02T14:18:54Z,2026-08-02T16:18:54+0200,d03952b3-6528-494b-a5a9-803d5ba4eea1,2026-07-23T06:00:00Z,2026-07-23T08:00:00+0200,410.21,MW,FR,FR,actual_offshore_wind_generation,Wind Offshore | Actual Aggregated,2026-08-02T14:20:02Z
2026-08-02T14:18:54Z,2026-08-02T16:18:54+0200,d03952b3-6528-494b-a5a9-803d5ba4eea1,2026-07-23T06:15:00Z,2026-07-23T08:15:00+0200,390.41,MW,FR,FR,actual_offshore_wind_generation,Wind Offshore | Actual Aggregated,2026-08-02T14:20:02Z
2026-08-02T14:18:54Z,2026-08-02T16:18:54+0200,d03952b3-6528-494b-a5a9-803d5ba4eea1,2026-07-23T06:30:00Z,2026-07-23T08:30:00+0200,350.79,MW,FR,FR,actual_offshore_wind_generation,Wind Offshore | Actual Aggregated,2026-08-02T14:20:02Z
2026-08-02T14:18:54Z,2026-08-02T16:18:54+0200,d03952b3-6528-494b-a5a9-803d5ba4eea1,2026-07-23T06:45:00Z,2026-07-23T08:45:00+0200,321.98,MW,FR,FR,actual_offshore_wind_generation,Wind Offshore | Actual Aggregated,2026-08-02T14:20:02Z
2026-08-02T14:18:54Z,2026-08-02T16:18:54+0200,d03952b3-6528-494b-a5a9-803d5ba4eea1,2026-07-23T07:00:00Z,2026-07-23T09:00:00+0200,282.85,MW,FR,FR,actual_offshore_wind_generation,Wind Offshore | Actual Aggregated,2026-08-02T14:20:02Z
2026-08-02T14:18:54Z,2026-08-02T16:18:54+0200,d03952b3-6528-494b-a5a9-803d5ba4eea1,2026-07-23T07:15:00Z,2026-07-23T09:15:00+0200,251.86,MW,FR,FR,actual_offshore_wind_generation,Wind Offshore | Actual Aggregated,2026-08-02T14:20:02Z
2026-08-02T14:18:54Z,2026-08-02T16:18:54+0200,d03952b3-6528-494b-a5a9-803d5ba4eea1,2026-07-23T07:30:00Z,2026-07-23T09:30:00+0200,216.64,MW,FR,FR,actual_offshore_wind_generation,Wind Offshore | Actual Aggregated,2026-08-02T14:20:02Z
2026-08-02T14:18:54Z,2026-08-02T16:18:54+0200,d03952b3-6528-494b-a5a9-803d5ba4eea1,2026-07-23T07:45:00Z,2026-07-23T09:45:00+0200,205.37,MW,FR,FR,actual_offshore_wind_generation,Wind Offshore | Actual Aggregated,2026-08-02T14:20:02Z
2026-08-02T14:18:54Z,2026-08-02T16:18:54+0200,d03952b3-6528-494b-a5a9-803d5ba4eea1,2026-07-23T08:00:00Z,2026-07-23T10:00:00+0200,192.17,MW,FR,FR,actual_offshore_wind_generation,Wind Offshore | Actual Aggregated,2026-08-02T14:20:02Z
2026-08-02T14:18:54Z,2026-08-02T16:18:54+0200,d03952b3-6528-494b-a5a9-803d5ba4eea1,2026-07-23T08:15:00Z,2026-07-23T10:15:00+0200,176.02,MW,FR,FR,actual_offshore_wind_generation,Wind Offshore | Actual Aggregated,2026-08-02T14:20:02Z
2026-08-02T14:18:54Z,2026-08-02T16:18:54+0200,d03952b3-6528-494b-a5a9-803d5ba4eea1,2026-07-23T08:30:00Z,2026-07-23T10:30:00+0200,174.94,MW,FR,FR,actual_offshore_wind_generation,Wind Offshore | Actual Aggregated,2026-08-02T14:20:02Z
2026-08-02T14:18:54Z,2026-08-02T16:18:54+0200,d03952b3-6528-494b-a5a9-803d5ba4eea1,2026-07-23T08:45:00Z,2026-07-23T10:45:00+0200,183.3,MW,FR,FR,actual_offshore_wind_generation,Wind Offshore | Actual Aggregated,2026-08-02T14:20:02Z
2026-08-02T14:18:54Z,2026-08-02T16:18:54+0200,d03952b3-6528-494b-a5a9-803d5ba4eea1,2026-07-23T09:00:00Z,2026-07-23T11:00:00+0200,181.11,MW,FR,FR,actual_offshore_wind_generation,Wind Offshore | Actual Aggregated,2026-08-02T14:20:02Z
2026-08-02T14:18:54Z,2026-08-02T16:18:54+0200,d03952b3-6528-494b-a5a9-803d5ba4eea1,2026-07-23T09:15:00Z,2026-07-23T11:15:00+0200,190.35,MW,FR,FR,actual_offshore_wind_generation,Wind Offshore | Actual Aggregated,2026-08-02T14:20:02Z
2026-08-02T14:18:54Z,2026-08-02T16:18:54+0200,d03952b3-6528-494b-a5a9-803d5ba4eea1,2026-07-23T09:30:00Z,2026-07-23T11:30:00+0200,186.2,MW,FR,FR,actual_offshore_wind_generation,Wind Offshore | Actual Aggregated,2026-08-02T14:20:02Z
2026-08-02T14:18:54Z,2026-08-02T16:18:54+0200,d03952b3-6528-494b-a5a9-803d5ba4eea1,2026-07-23T09:45:00Z,2026-07-23T11:45:00+0200,216.01,MW,FR,FR,actual_offshore_wind_generation,Wind Offshore | Actual Aggregated,2026-08-02T14:20:02Z
2026-08-02T14:18:54Z,2026-08-02T16:18:54+0200,d03952b3-6528-494b-a5a9-803d5ba4eea1,2026-07-23T10:00:00Z,2026-07-23T12:00:00+0200,234.77,MW,FR,FR,actual_offshore_wind_generation,Wind Offshore | Actual Aggregated,2026-08-02T14:20:02Z
2026-08-02T14:18:54Z,2026-08-02T16:18:54+0200,d03952b3-6528-494b-a5a9-803d5ba4eea1,2026-07-23T10:15:00Z,2026-07-23T12:15:00+0200,228.74,MW,FR,FR,actual_offshore_wind_generation,Wind Offshore | Actual Aggregated,2026-08-02T14:20:02Z
2026-08-02T14:18:54Z,2026-08-02T16:18:54+0200,d03952b3-6528-494b-a5a9-803d5ba4eea1,2026-07-23T10:30:00Z,2026-07-23T12:30:00+0200,209.66,MW,FR,FR,actual_offshore_wind_generation,Wind Offshore | Actual Aggregated,2026-08-02T14:20:02Z
2026-08-02T14:18:54Z,2026-08-02T16:18:54+0200,d03952b3-6528-494b-a5a9-803d5ba4eea1,2026-07-23T10:45:00Z,2026-07-23T12:45:00+0200,206.44,MW,FR,FR,actual_offshore_wind_generation,Wind Offshore | Actual Aggregated,2026-08-02T14:20:02Z
2026-08-02T14:18:54Z,2026-08-02T16:18:54+0200,d03952b3-6528-494b-a5a9-803d5ba4eea1,2026-07-23T11:00:00Z,2026-07-23T13:00:00+0200,194.84,MW,FR,FR,actual_offshore_wind_generation,Wind Offshore | Actual Aggregated,2026-08-02T14:20:02Z
2026-08-02T14:18:54Z,2026-08-02T16:18:54+0200,d03952b3-6528-494b-a5a9-803d5ba4eea1,2026-07-23T11:15:00Z,2026-07-23T13:15:00+0200,180.78,MW,FR,FR,actual_offshore_wind_generation,Wind Offshore | Actual Aggregated,2026-08-02T14:20:02Z
2026-08-02T14:18:54Z,2026-08-02T16:18:54+0200,d03952b3-6528-494b-a5a9-803d5ba4eea1,2026-07-23T11:30:00Z,2026-07-23T13:30:00+0200,181.64,MW,FR,FR,actual_offshore_wind_generation,Wind Offshore | Actual Aggregated,2026-08-02T14:20:02Z
2026-08-02T14:18:54Z,2026-08-02T16:18:54+0200,d03952b3-6528-494b-a5a9-803d5ba4eea1,2026-07-23T11:45:00Z,2026-07-23T13:45:00+0200,165.68,MW,FR,FR,actual_offshore_wind_generation,Wind Offshore | Actual Aggregated,2026-08-02T14:20:02Z
2026-08-02T14:18:54Z,2026-08-02T16:18:54+0200,d03952b3-6528-494b-a5a9-803d5ba4eea1,2026-07-23T12:00:00Z,2026-07-23T14:00:00+0200,146.81,MW,FR,FR,actual_offshore_wind_generation,Wind Offshore | Actual Aggregated,2026-08-02T14:20:02Z
2026-08-02T14:18:54Z,2026-08-02T16:18:54+0200,d03952b3-6528-494b-a5a9-803d5ba4eea1,2026-07-23T12:15:00Z,2026-07-23T14:15:00+0200,145.43,MW,FR,FR,actual_offshore_wind_generation,Wind Offshore | Actual Aggregated,2026-08-02T14:20:02Z
2026-08-02T14:18:54Z,2026-08-02T16:18:54+0200,d03952b3-6528-494b-a5a9-803d5ba4eea1,2026-07-23T12:30:00Z,2026-07-23T14:30:00+0200,157.2,MW,FR,FR,actual_offshore_wind_generation,Wind Offshore | Actual Aggregated,2026-08-02T14:20:02Z
2026-08-02T14:18:54Z,2026-08-02T16:18:54+0200,d03952b3-6528-494b-a5a9-803d5ba4eea1,2026-07-23T12:45:00Z,2026-07-23T14:45:00+0200,159.58,MW,FR,FR,actual_offshore_wind_generation,Wind Offshore | Actual Aggregated,2026-08-02T14:20:02Z
2026-08-02T14:18:54Z,2026-08-02T16:18:54+0200,d03952b3-6528-494b-a5a9-803d5ba4eea1,2026-07-23T13:00:00Z,2026-07-23T15:00:00+0200,151.83,MW,FR,FR,actual_offshore_wind_generation,Wind Offshore | Actual Aggregated,2026-08-02T14:20:02Z
2026-08-02T14:18:54Z,2026-08-02T16:18:54+0200,d03952b3-6528-494b-a5a9-803d5ba4eea1,2026-07-23T13:15:00Z,2026-07-23T15:15:00+0200,131.31,MW,FR,FR,actual_offshore_wind_generation,Wind Offshore | Actual Aggregated,2026-08-02T14:20:02Z
2026-08-02T14:18:54Z,2026-08-02T16:18:54+0200,d03952b3-6528-494b-a5a9-803d5ba4eea1,2026-07-23T13:30:00Z,2026-07-23T15:30:00+0200,126.36,MW,FR,FR,actual_offshore_wind_generation,Wind Offshore | Actual Aggregated,2026-08-02T14:20:02Z
2026-08-02T14:18:54Z,2026-08-02T16:18:54+0200,d03952b3-6528-494b-a5a9-803d5ba4eea1,2026-07-23T13:45:00Z,2026-07-23T15:45:00+0200,130.26,MW,FR,FR,actual_offshore_wind_generation,Wind Offshore | Actual Aggregated,2026-08-02T14:20:02Z
2026-08-02T14:18:54Z,2026-08-02T16:18:54+0200,d03952b3-6528-494b-a5a9-803d5ba4eea1,2026-07-23T14:00:00Z,2026-07-23T16:00:00+0200,132.01,MW,FR,FR,actual_offshore_wind_generation,Wind Offshore | Actual Aggregated,2026-08-02T14:20:02Z
2026-08-02T14:18:54Z,2026-08-02T16:18:54+0200,d03952b3-6528-494b-a5a9-803d5ba4eea1,2026-07-23T14:15:00Z,2026-07-23T16:15:00+0200,138.53,MW,FR,FR,actual_offshore_wind_generation,Wind Offshore | Actual Aggregated,2026-08-02T14:20:02Z
2026-08-02T14:18:54Z,2026-08-02T16:18:54+0200,d03952b3-6528-494b-a5a9-803d5ba4eea1,2026-07-23T14:30:00Z,2026-07-23T16:30:00+0200,135.15,MW,FR,FR,actual_offshore_wind_generation,Wind Offshore | Actual Aggregated,2026-08-02T14:20:02Z
2026-08-02T14:18:54Z,2026-08-02T16:18:54+0200,d03952b3-6528-494b-a5a9-803d5ba4eea1,2026-07-23T14:45:00Z,2026-07-23T16:45:00+0200,133.18,MW,FR,FR,actual_offshore_wind_generation,Wind Offshore | Actual Aggregated,2026-08-02T14:20:02Z
2026-08-02T14:18:54Z,2026-08-02T16:18:54+0200,d03952b3-6528-494b-a5a9-803d5ba4eea1,2026-07-23T15:00:00Z,2026-07-23T17:00:00+0200,142.69,MW,FR,FR,actual_offshore_wind_generation,Wind Offshore | Actual Aggregated,2026-08-02T14:20:02Z
2026-08-02T14:18:54Z,2026-08-02T16:18:54+0200,d03952b3-6528-494b-a5a9-803d5ba4eea1,2026-07-23T15:15:00Z,2026-07-23T17:15:00+0200,169.54,MW,FR,FR,actual_offshore_wind_generation,Wind Offshore | Actual Aggregated,2026-08-02T14:20:02Z
2026-08-02T14:18:54Z,2026-08-02T16:18:54+0200,d03952b3-6528-494b-a5a9-803d5ba4eea1,2026-07-23T15:30:00Z,2026-07-23T17:30:00+0200,206.97,MW,FR,FR,actual_offshore_wind_generation,Wind Offshore | Actual Aggregated,2026-08-02T14:20:02Z
2026-08-02T14:18:54Z,2026-08-02T16:18:54+0200,d03952b3-6528-494b-a5a9-803d5ba4eea1,2026-07-23T15:45:00Z,2026-07-23T17:45:00+0200,210.56,MW,FR,FR,actual_offshore_wind_generation,Wind Offshore | Actual Aggregated,2026-08-02T14:20:02Z
2026-08-02T14:18:54Z,2026-08-02T16:18:54+0200,d03952b3-6528-494b-a5a9-803d5ba4eea1,2026-07-23T16:00:00Z,2026-07-23T18:00:00+0200,212.26,MW,FR,FR,actual_offshore_wind_generation,Wind Offshore | Actual Aggregated,2026-08-02T14:20:02Z
2026-08-02T14:18:54Z,2026-08-02T16:18:54+0200,d03952b3-6528-494b-a5a9-803d5ba4eea1,2026-07-23T16:15:00Z,2026-07-23T18:15:00+0200,210.91,MW,FR,FR,actual_offshore_wind_generation,Wind Offshore | Actual Aggregated,2026-08-02T14:20:02Z
2026-08-02T14:18:54Z,2026-08-02T16:18:54+0200,d03952b3-6528-494b-a5a9-803d5ba4eea1,2026-07-23T16:30:00Z,2026-07-23T18:30:00+0200,205.68,MW,FR,FR,actual_offshore_wind_generation,Wind Offshore | Actual Aggregated,2026-08-02T14:20:02Z
2026-08-02T14:18:54Z,2026-08-02T16:18:54+0200,d03952b3-6528-494b-a5a9-803d5ba4eea1,2026-07-23T16:45:00Z,2026-07-23T18:45:00+0200,206.75,MW,FR,FR,actual_offshore_wind_generation,Wind Offshore | Actual Aggregated,2026-08-02T14:20:02Z
2026-08-02T14:18:54Z,2026-08-02T16:18:54+0200,d03952b3-6528-494b-a5a9-803d5ba4eea1,2026-07-23T17:00:00Z,2026-07-23T19:00:00+0200,213.57,MW,FR,FR,actual_offshore_wind_generation,Wind Offshore | Actual Aggregated,2026-08-02T14:20:02Z
2026-08-02T14:18:54Z,2026-08-02T16:18:54+0200,d03952b3-6528-494b-a5a9-803d5ba4eea1,2026-07-23T17:15:00Z,2026-07-23T19:15:00+0200,224.68,MW,FR,FR,actual_offshore_wind_generation,Wind Offshore | Actual Aggregated,2026-08-02T14:20:02Z
2026-08-02T14:18:54Z,2026-08-02T16:18:54+0200,d03952b3-6528-494b-a5a9-803d5ba4eea1,2026-07-23T17:30:00Z,2026-07-23T19:30:00+0200,245.36,MW,FR,FR,actual_offshore_wind_generation,Wind Offshore | Actual Aggregated,2026-08-02T14:20:02Z
2026-08-02T14:18:54Z,2026-08-02T16:18:54+0200,d03952b3-6528-494b-a5a9-803d5ba4eea1,2026-07-23T17:45:00Z,2026-07-23T19:45:00+0200,273.6,MW,FR,FR,actual_offshore_wind_generation,Wind Offshore | Actual Aggregated,2026-08-02T14:20:02Z
2026-08-02T14:18:54Z,2026-08-02T16:18:54+0200,d03952b3-6528-494b-a5a9-803d5ba4eea1,2026-07-23T18:00:00Z,2026-07-23T20:00:00+0200,290.14,MW,FR,FR,actual_offshore_wind_generation,Wind Offshore | Actual Aggregated,2026-08-02T14:20:02Z
2026-08-02T14:18:54Z,2026-08-02T16:18:54+0200,d03952b3-6528-494b-a5a9-803d5ba4eea1,2026-07-23T18:15:00Z,2026-07-23T20:15:00+0200,313.83,MW,FR,FR,actual_offshore_wind_generation,Wind Offshore | Actual Aggregated,2026-08-02T14:20:02Z
2026-08-02T14:18:54Z,2026-08-02T16:18:54+0200,d03952b3-6528-494b-a5a9-803d5ba4eea1,2026-07-23T18:30:00Z,2026-07-23T20:30:00+0200,313.65,MW,FR,FR,actual_offshore_wind_generation,Wind Offshore | Actual Aggregated,2026-08-02T14:20:02Z
2026-08-02T14:18:54Z,2026-08-02T16:18:54+0200,d03952b3-6528-494b-a5a9-803d5ba4eea1,2026-07-23T18:45:00Z,2026-07-23T20:45:00+0200,312.83,MW,FR,FR,actual_offshore_wind_generation,Wind Offshore | Actual Aggregated,2026-08-02T14:20:02Z
2026-08-02T14:18:54Z,2026-08-02T16:18:54+0200,d03952b3-6528-494b-a5a9-803d5ba4eea1,2026-07-23T19:00:00Z,2026-07-23T21:00:00+0200,339.62,MW,FR,FR,actual_offshore_wind_generation,Wind Offshore | Actual Aggregated,2026-08-02T14:20:02Z
2026-08-02T14:18:54Z,2026-08-02T16:18:54+0200,d03952b3-6528-494b-a5a9-803d5ba4eea1,2026-07-23T19:15:00Z,2026-07-23T21:15:00+0200,336.75,MW,FR,FR,actual_offshore_wind_generation,Wind Offshore | Actual Aggregated,2026-08-02T14:20:02Z
2026-08-02T14:18:54Z,2026-08-02T16:18:54+0200,d03952b3-6528-494b-a5a9-803d5ba4eea1,2026-07-23T19:30:00Z,2026-07-23T21:30:00+0200,327.41,MW,FR,FR,actual_offshore_wind_generation,Wind Offshore | Actual Aggregated,2026-08-02T14:20:02Z
2026-08-02T14:18:54Z,2026-08-02T16:18:54+0200,d03952b3-6528-494b-a5a9-803d5ba4eea1,2026-07-23T19:45:00Z,2026-07-23T21:45:00+0200,295.65,MW,FR,FR,actual_offshore_wind_generation,Wind Offshore | Actual Aggregated,2026-08-02T14:20:02Z
2026-08-02T14:18:54Z,2026-08-02T16:18:54+0200,d03952b3-6528-494b-a5a9-803d5ba4eea1,2026-07-23T20:00:00Z,2026-07-23T22:00:00+0200,285.98,MW,FR,FR,actual_offshore_wind_generation,Wind Offshore | Actual Aggregated,2026-08-02T14:20:02Z
2026-08-02T14:18:54Z,2026-08-02T16:18:54+0200,d03952b3-6528-494b-a5a9-803d5ba4eea1,2026-07-23T20:15:00Z,2026-07-23T22:15:00+0200,310.38,MW,FR,FR,actual_offshore_wind_generation,Wind Offshore | Actual Aggregated,2026-08-02T14:20:02Z
2026-08-02T14:18:54Z,2026-08-02T16:18:54+0200,d03952b3-6528-494b-a5a9-803d5ba4eea1,2026-07-23T20:30:00Z,2026-07-23T22:30:00+0200,346.56,MW,FR,FR,actual_offshore_wind_generation,Wind Offshore | Actual Aggregated,2026-08-02T14:20:02Z
2026-08-02T14:18:54Z,2026-08-02T16:18:54+0200,d03952b3-6528-494b-a5a9-803d5ba4eea1,2026-07-23T20:45:00Z,2026-07-23T22:45:00+0200,403.36,MW,FR,FR,actual_offshore_wind_generation,Wind Offshore | Actual Aggregated,2026-08-02T14:20:02Z
2026-08-02T14:18:54Z,2026-08-02T16:18:54+0200,d03952b3-6528-494b-a5a9-803d5ba4eea1,2026-07-23T21:00:00Z,2026-07-23T23:00:00+0200,469.77,MW,FR,FR,actual_offshore_wind_generation,Wind Offshore | Actual Aggregated,2026-08-02T14:20:02Z
2026-08-02T14:18:54Z,2026-08-02T16:18:54+0200,d03952b3-6528-494b-a5a9-803d5ba4eea1,2026-07-23T21:15:00Z,2026-07-23T23:15:00+0200,532.62,MW,FR,FR,actual_offshore_wind_generation,Wind Offshore | Actual Aggregated,2026-08-02T14:20:02Z
2026-08-02T14:18:54Z,2026-08-02T16:18:54+0200,d03952b3-6528-494b-a5a9-803d5ba4eea1,2026-07-23T21:30:00Z,2026-07-23T23:30:00+0200,563.89,MW,FR,FR,actual_offshore_wind_generation,Wind Offshore | Actual Aggregated,2026-08-02T14:20:02Z
2026-08-02T14:18:54Z,2026-08-02T16:18:54+0200,d03952b3-6528-494b-a5a9-803d5ba4eea1,2026-07-23T21:45:00Z,2026-07-23T23:45:00+0200,612.87,MW,FR,FR,actual_offshore_wind_generation,Wind Offshore | Actual Aggregated,2026-08-02T14:20:02Z
2026-08-02T14:18:54Z,2026-08-02T16:18:54+0200,d03952b3-6528-494b-a5a9-803d5ba4eea1,2026-07-23T22:00:00Z,2026-07-24T00:00:00+0200,661.58,MW,FR,FR,actual_offshore_wind_generation,Wind Offshore | Actual Aggregated,2026-08-02T14:20:02Z
2026-08-02T14:18:54Z,2026-08-02T16:18:54+0200,d03952b3-6528-494b-a5a9-803d5ba4eea1,2026-07-23T22:15:00Z,2026-07-24T00:15:00+0200,674.81,MW,FR,FR,actual_offshore_wind_generation,Wind Offshore | Actual Aggregated,2026-08-02T14:20:02Z
2026-08-02T14:18:54Z,2026-08-02T16:18:54+0200,d03952b3-6528-494b-a5a9-803d5ba4eea1,2026-07-23T22:30:00Z,2026-07-24T00:30:00+0200,665.3,MW,FR,FR,actual_offshore_wind_generation,Wind Offshore | Actual Aggregated,2026-08-02T14:20:02Z
2026-08-02T14:18:54Z,2026-08-02T16:18:54+0200,d03952b3-6528-494b-a5a9-803d5ba4eea1,2026-07-23T22:45:00Z,2026-07-24T00:45:00+0200,688.96,MW,FR,FR,actual_offshore_wind_generation,Wind Offshore | Actual Aggregated,2026-08-02T14:20:02Z
2026-08-02T14:18:54Z,2026-08-02T16:18:54+0200,d03952b3-6528-494b-a5a9-803d5ba4eea1,2026-07-23T23:00:00Z,2026-07-24T01:00:00+0200,691.55,MW,FR,FR,actual_offshore_wind_generation,Wind Offshore | Actual Aggregated,2026-08-02T14:20:02Z
2026-08-02T14:18:54Z,2026-08-02T16:18:54+0200,d03952b3-6528-494b-a5a9-803d5ba4eea1,2026-07-23T23:15:00Z,2026-07-24T01:15:00+0200,672.08,MW,FR,FR,actual_offshore_wind_generation,Wind Offshore | Actual Aggregated,2026-08-02T14:20:02Z
2026-08-02T14:18:54Z,2026-08-02T16:18:54+0200,d03952b3-6528-494b-a5a9-803d5ba4eea1,2026-07-23T23:30:00Z,2026-07-24T01:30:00+0200,683.89,MW,FR,FR,actual_offshore_wind_generation,Wind Offshore | Actual Aggregated,2026-08-02T14:20:02Z
2026-08-02T14:18:54Z,2026-08-02T16:18:54+0200,d03952b3-6528-494b-a5a9-803d5ba4eea1,2026-07-23T23:45:00Z,2026-07-24T01:45:00+0200,673.92,MW,FR,FR,actual_offshore_wind_generation,Wind Offshore | Actual Aggregated,2026-08-02T14:20:02Z
2026-08-02T14:18:54Z,2026-08-02T16:18:54+0200,d03952b3-6528-494b-a5a9-803d5ba4eea1,2026-07-24T00:00:00Z,2026-07-24T02:00:00+0200,662.15,MW,FR,FR,actual_offshore_wind_generation,Wind Offshore | Actual Aggregated,2026-08-02T14:20:02Z
2026-08-02T14:18:54Z,2026-08-02T16:18:54+0200,d03952b3-6528-494b-a5a9-803d5ba4eea1,2026-07-24T00:15:00Z,2026-07-24T02:15:00+0200,665.81,MW,FR,FR,actual_offshore_wind_generation,Wind Offshore | Actual Aggregated,2026-08-02T14:20:02Z
2026-08-02T14:18:54Z,2026-08-02T16:18:54+0200,d03952b3-6528-494b-a5a9-803d5ba4eea1,2026-07-24T00:30:00Z,2026-07-24T02:30:00+0200,642.65,MW,FR,FR,actual_offshore_wind_generation,Wind Offshore | Actual Aggregated,2026-08-02T14:20:02Z
2026-08-02T14:18:54Z,2026-08-02T16:18:54+0200,d03952b3-6528-494b-a5a9-803d5ba4eea1,2026-07-24T00:45:00Z,2026-07-24T02:45:00+0200,632.59,MW,FR,FR,actual_offshore_wind_generation,Wind Offshore | Actual Aggregated,2026-08-02T14:20:02Z
2026-08-02T14:18:54Z,2026-08-02T16:18:54+0200,d03952b3-6528-494b-a5a9-803d5ba4eea1,2026-07-24T01:00:00Z,2026-07-24T03:00:00+0200,629.62,MW,FR,FR,actual_offshore_wind_generation,Wind Offshore | Actual Aggregated,2026-08-02T14:20:02Z
2026-08-02T14:18:54Z,2026-08-02T16:18:54+0200,d03952b3-6528-494b-a5a9-803d5ba4eea1,2026-07-24T01:15:00Z,2026-07-24T03:15:00+0200,629.81,MW,FR,FR,actual_offshore_wind_generation,Wind Offshore | Actual Aggregated,2026-08-02T14:20:02Z
2026-08-02T14:18:54Z,2026-08-02T16:18:54+0200,d03952b3-6528-494b-a5a9-803d5ba4eea1,2026-07-24T01:30:00Z,2026-07-24T03:30:00+0200,625.52,MW,FR,FR,actual_offshore_wind_generation,Wind Offshore | Actual Aggregated,2026-08-02T14:20:02Z
2026-08-02T14:18:54Z,2026-08-02T16:18:54+0200,d03952b3-6528-494b-a5a9-803d5ba4eea1,2026-07-24T01:45:00Z,2026-07-24T03:45:00+0200,597.05,MW,FR,FR,actual_offshore_wind_generation,Wind Offshore | Actual Aggregated,2026-08-02T14:20:02Z
2026-08-02T14:18:54Z,2026-08-02T16:18:54+0200,d03952b3-6528-494b-a5a9-803d5ba4eea1,2026-07-24T02:00:00Z,2026-07-24T04:00:00+0200,584.86,MW,FR,FR,actual_offshore_wind_generation,Wind Offshore | Actual Aggregated,2026-08-02T14:20:02Z
2026-08-02T14:18:54Z,2026-08-02T16:18:54+0200,d03952b3-6528-494b-a5a9-803d5ba4eea1,2026-07-24T02:15:00Z,2026-07-24T04:15:00+0200,573.73,MW,FR,FR,actual_offshore_wind_generation,Wind Offshore | Actual Aggregated,2026-08-02T14:20:02Z
2026-08-02T14:18:54Z,2026-08-02T16:18:54+0200,d03952b3-6528-494b-a5a9-803d5ba4eea1,2026-07-24T02:30:00Z,2026-07-24T04:30:00+0200,516.15,MW,FR,FR,actual_offshore_wind_generation,Wind Offshore | Actual Aggregated,2026-08-02T14:20:02Z
2026-08-02T14:18:54Z,2026-08-02T16:18:54+0200,d03952b3-6528-494b-a5a9-803d5ba4eea1,2026-07-24T02:45:00Z,2026-07-24T04:45:00+0200,520.35,MW,FR,FR,actual_offshore_wind_generation,Wind Offshore | Actual Aggregated,2026-08-02T14:20:02Z
2026-08-02T14:18:54Z,2026-08-02T16:18:54+0200,d03952b3-6528-494b-a5a9-803d5ba4eea1,2026-07-24T03:00:00Z,2026-07-24T05:00:00+0200,577.91,MW,FR,FR,actual_offshore_wind_generation,Wind Offshore | Actual Aggregated,2026-08-02T14:20:02Z
2026-08-02T14:18:54Z,2026-08-02T16:18:54+0200,d03952b3-6528-494b-a5a9-803d5ba4eea1,2026-07-24T03:15:00Z,2026-07-24T05:15:00+0200,602.4,MW,FR,FR,actual_offshore_wind_generation,Wind Offshore | Actual Aggregated,2026-08-02T14:20:02Z
2026-08-02T14:18:54Z,2026-08-02T16:18:54+0200,d03952b3-6528-494b-a5a9-803d5ba4eea1,2026-07-24T03:30:00Z,2026-07-24T05:30:00+0200,634.02,MW,FR,FR,actual_offshore_wind_generation,Wind Offshore | Actual Aggregated,2026-08-02T14:20:02Z
2026-08-02T14:18:54Z,2026-08-02T16:18:54+0200,d03952b3-6528-494b-a5a9-803d5ba4eea1,2026-07-24T03:45:00Z,2026-07-24T05:45:00+0200,628.16,MW,FR,FR,actual_offshore_wind_generation,Wind Offshore | Actual Aggregated,2026-08-02T14:20:02Z
2026-08-02T14:18:54Z,2026-08-02T16:18:54+0200,d03952b3-6528-494b-a5a9-803d5ba4eea1,2026-07-24T04:00:00Z,2026-07-24T06:00:00+0200,622.06,MW,FR,FR,actual_offshore_wind_generation,Wind Offshore | Actual Aggregated,2026-08-02T14:20:02Z
2026-08-02T14:18:54Z,2026-08-02T16:18:54+0200,d03952b3-6528-494b-a5a9-803d5ba4eea1,2026-07-24T04:15:00Z,2026-07-24T06:15:00+0200,570.06,MW,FR,FR,actual_offshore_wind_generation,Wind Offshore | Actual Aggregated,2026-08-02T14:20:02Z
2026-08-02T14:18:54Z,2026-08-02T16:18:54+0200,d03952b3-6528-494b-a5a9-803d5ba4eea1,2026-07-24T04:30:00Z,2026-07-24T06:30:00+0200,525.22,MW,FR,FR,actual_offshore_wind_generation,Wind Offshore | Actual Aggregated,2026-08-02T14:20:02Z
2026-08-02T14:18:54Z,2026-08-02T16:18:54+0200,d03952b3-6528-494b-a5a9-803d5ba4eea1,2026-07-24T04:45:00Z,2026-07-24T06:45:00+0200,572.01,MW,FR,FR,actual_offshore_wind_generation,Wind Offshore | Actual Aggregated,2026-08-02T14:20:02Z
2026-08-02T14:18:54Z,2026-08-02T16:18:54+0200,d03952b3-6528-494b-a5a9-803d5ba4eea1,2026-07-24T05:00:00Z,2026-07-24T07:00:00+0200,589.7,MW,FR,FR,actual_offshore_wind_generation,Wind Offshore | Actual Aggregated,2026-08-02T14:20:02Z
2026-08-02T14:18:54Z,2026-08-02T16:18:54+0200,d03952b3-6528-494b-a5a9-803d5ba4eea1,2026-07-24T05:15:00Z,2026-07-24T07:15:00+0200,538.59,MW,FR,FR,actual_offshore_wind_generation,Wind Offshore | Actual Aggregated,2026-08-02T14:20:02Z
2026-08-02T14:18:54Z,2026-08-02T16:18:54+0200,d03952b3-6528-494b-a5a9-803d5ba4eea1,2026-07-24T05:30:00Z,2026-07-24T07:30:00+0200,481.34,MW,FR,FR,actual_offshore_wind_generation,Wind Offshore | Actual Aggregated,2026-08-02T14:20:02Z
2026-08-02T14:18:54Z,2026-08-02T16:18:54+0200,d03952b3-6528-494b-a5a9-803d5ba4eea1,2026-07-24T05:45:00Z,2026-07-24T07:45:00+0200,490.04,MW,FR,FR,actual_offshore_wind_generation,Wind Offshore | Actual Aggregated,2026-08-02T14:20:02Z
2026-08-02T14:18:54Z,2026-08-02T16:18:54+0200,d03952b3-6528-494b-a5a9-803d5ba4eea1,2026-07-24T06:00:00Z,2026-07-24T08:00:00+0200,435.08,MW,FR,FR,actual_offshore_wind_generation,Wind Offshore | Actual Aggregated,2026-08-02T14:20:02Z
2026-08-02T14:18:54Z,2026-08-02T16:18:54+0200,d03952b3-6528-494b-a5a9-803d5ba4eea1,2026-07-24T06:15:00Z,2026-07-24T08:15:00+0200,416.68,MW,FR,FR,actual_offshore_wind_generation,Wind Offshore | Actual Aggregated,2026-08-02T14:20:02Z
2026-08-02T14:18:54Z,2026-08-02T16:18:54+0200,d03952b3-6528-494b-a5a9-803d5ba4eea1,2026-07-24T06:30:00Z,2026-07-24T08:30:00+0200,400.45,MW,FR,FR,actual_offshore_wind_generation,Wind Offshore | Actual Aggregated,2026-08-02T14:20:02Z
2026-08-02T14:18:54Z,2026-08-02T16:18:54+0200,d03952b3-6528-494b-a5a9-803d5ba4eea1,2026-07-24T06:45:00Z,2026-07-24T08:45:00+0200,451.56,MW,FR,FR,actual_offshore_wind_generation,Wind Offshore | Actual Aggregated,2026-08-02T14:20:02Z
2026-08-02T14:18:54Z,2026-08-02T16:18:54+0200,d03952b3-6528-494b-a5a9-803d5ba4eea1,2026-07-24T07:00:00Z,2026-07-24T09:00:00+0200,442.42,MW,FR,FR,actual_offshore_wind_generation,Wind Offshore | Actual Aggregated,2026-08-02T14:20:02Z
2026-08-02T14:18:54Z,2026-08-02T16:18:54+0200,d03952b3-6528-494b-a5a9-803d5ba4eea1,2026-07-24T07:15:00Z,2026-07-24T09:15:00+0200,416.42,MW,FR,FR,actual_offshore_wind_generation,Wind Offshore | Actual Aggregated,2026-08-02T14:20:02Z
2026-08-02T14:18:54Z,2026-08-02T16:18:54+0200,d03952b3-6528-494b-a5a9-803d5ba4eea1,2026-07-24T07:30:00Z,2026-07-24T09:30:00+0200,357.57,MW,FR,FR,actual_offshore_wind_generation,Wind Offshore | Actual Aggregated,2026-08-02T14:20:02Z
2026-08-02T14:18:54Z,2026-08-02T16:18:54+0200,d03952b3-6528-494b-a5a9-803d5ba4eea1,2026-07-24T07:45:00Z,2026-07-24T09:45:00+0200,310.77,MW,FR,FR,actual_offshore_wind_generation,Wind Offshore | Actual Aggregated,2026-08-02T14:20:02Z
2026-08-02T14:18:54Z,2026-08-02T16:18:54+0200,d03952b3-6528-494b-a5a9-803d5ba4eea1,2026-07-24T08:00:00Z,2026-07-24T10:00:00+0200,281.77,MW,FR,FR,actual_offshore_wind_generation,Wind Offshore | Actual Aggregated,2026-08-02T14:20:02Z
2026-08-02T14:18:54Z,2026-08-02T16:18:54+0200,d03952b3-6528-494b-a5a9-803d5ba4eea1,2026-07-24T08:15:00Z,2026-07-24T10:15:00+0200,278.59,MW,FR,FR,actual_offshore_wind_generation,Wind Offshore | Actual Aggregated,2026-08-02T14:20:02Z
2026-08-02T14:18:54Z,2026-08-02T16:18:54+0200,d03952b3-6528-494b-a5a9-803d5ba4eea1,2026-07-24T08:30:00Z,2026-07-24T10:30:00+0200,274.34,MW,FR,FR,actual_offshore_wind_generation,Wind Offshore | Actual Aggregated,2026-08-02T14:20:02Z
2026-08-02T14:18:54Z,2026-08-02T16:18:54+0200,d03952b3-6528-494b-a5a9-803d5ba4eea1,2026-07-24T08:45:00Z,2026-07-24T10:45:00+0200,259.21,MW,FR,FR,actual_offshore_wind_generation,Wind Offshore | Actual Aggregated,2026-08-02T14:20:02Z
2026-08-02T14:18:54Z,2026-08-02T16:18:54+0200,d03952b3-6528-494b-a5a9-803d5ba4eea1,2026-07-24T09:00:00Z,2026-07-24T11:00:00+0200,256.44,MW,FR,FR,actual_offshore_wind_generation,Wind Offshore | Actual Aggregated,2026-08-02T14:20:02Z
2026-08-02T14:18:54Z,2026-08-02T16:18:54+0200,d03952b3-6528-494b-a5a9-803d5ba4eea1,2026-07-24T09:15:00Z,2026-07-24T11:15:00+0200,273.41,MW,FR,FR,actual_offshore_wind_generation,Wind Offshore | Actual Aggregated,2026-08-02T14:20:02Z
2026-08-02T14:18:54Z,2026-08-02T16:18:54+0200,d03952b3-6528-494b-a5a9-803d5ba4eea1,2026-07-24T09:30:00Z,2026-07-24T11:30:00+0200,285.14,MW,FR,FR,actual_offshore_wind_generation,Wind Offshore | Actual Aggregated,2026-08-02T14:20:02Z
2026-08-02T14:18:54Z,2026-08-02T16:18:54+0200,d03952b3-6528-494b-a5a9-803d5ba4eea1,2026-07-24T09:45:00Z,2026-07-24T11:45:00+0200,285.21,MW,FR,FR,actual_offshore_wind_generation,Wind Offshore | Actual Aggregated,2026-08-02T14:20:02Z
2026-08-02T14:18:54Z,2026-08-02T16:18:54+0200,d03952b3-6528-494b-a5a9-803d5ba4eea1,2026-07-24T10:00:00Z,2026-07-24T12:00:00+0200,293.97,MW,FR,FR,actual_offshore_wind_generation,Wind Offshore | Actual Aggregated,2026-08-02T14:20:02Z
2026-08-02T14:18:54Z,2026-08-02T16:18:54+0200,d03952b3-6528-494b-a5a9-803d5ba4eea1,2026-07-24T10:15:00Z,2026-07-24T12:15:00+0200,337.69,MW,FR,FR,actual_offshore_wind_generation,Wind Offshore | Actual Aggregated,2026-08-02T14:20:02Z
2026-08-02T14:18:54Z,2026-08-02T16:18:54+0200,d03952b3-6528-494b-a5a9-803d5ba4eea1,2026-07-24T10:30:00Z,2026-07-24T12:30:00+0200,356.15,MW,FR,FR,actual_offshore_wind_generation,Wind Offshore | Actual Aggregated,2026-08-02T14:20:02Z
2026-08-02T14:18:54Z,2026-08-02T16:18:54+0200,d03952b3-6528-494b-a5a9-803d5ba4eea1,2026-07-24T10:45:00Z,2026-07-24T12:45:00+0200,358.2,MW,FR,FR,actual_offshore_wind_generation,Wind Offshore | Actual Aggregated,2026-08-02T14:20:02Z
2026-08-02T14:18:54Z,2026-08-02T16:18:54+0200,d03952b3-6528-494b-a5a9-803d5ba4eea1,2026-07-24T11:00:00Z,2026-07-24T13:00:00+0200,340.84,MW,FR,FR,actual_offshore_wind_generation,Wind Offshore | Actual Aggregated,2026-08-02T14:20:02Z
2026-08-02T14:18:54Z,2026-08-02T16:18:54+0200,d03952b3-6528-494b-a5a9-803d5ba4eea1,2026-07-24T11:15:00Z,2026-07-24T13:15:00+0200,350.26,MW,FR,FR,actual_offshore_wind_generation,Wind Offshore | Actual Aggregated,2026-08-02T14:20:02Z
2026-08-02T14:18:54Z,2026-08-02T16:18:54+0200,d03952b3-6528-494b-a5a9-803d5ba4eea1,2026-07-24T11:30:00Z,2026-07-24T13:30:00+0200,358.29,MW,FR,FR,actual_offshore_wind_generation,Wind Offshore | Actual Aggregated,2026-08-02T14:20:02Z
2026-08-02T14:18:54Z,2026-08-02T16:18:54+0200,d03952b3-6528-494b-a5a9-803d5ba4eea1,2026-07-24T11:45:00Z,2026-07-24T13:45:00+0200,361.33,MW,FR,FR,actual_offshore_wind_generation,Wind Offshore | Actual Aggregated,2026-08-02T14:20:02Z
2026-08-02T14:18:54Z,2026-08-02T16:18:54+0200,d03952b3-6528-494b-a5a9-803d5ba4eea1,2026-07-24T12:00:00Z,2026-07-24T14:00:00+0200,323.83,MW,FR,FR,actual_offshore_wind_generation,Wind Offshore | Actual Aggregated,2026-08-02T14:20:02Z
2026-08-02T14:18:54Z,2026-08-02T16:18:54+0200,d03952b3-6528-494b-a5a9-803d5ba4eea1,2026-07-24T12:15:00Z,2026-07-24T14:15:00+0200,282.78,MW,FR,FR,actual_offshore_wind_generation,Wind Offshore | Actual Aggregated,2026-08-02T14:20:02Z
2026-08-02T14:18:54Z,2026-08-02T16:18:54+0200,d03952b3-6528-494b-a5a9-803d5ba4eea1,2026-07-24T12:30:00Z,2026-07-24T14:30:00+0200,304.28,MW,FR,FR,actual_offshore_wind_generation,Wind Offshore | Actual Aggregated,2026-08-02T14:20:02Z
2026-08-02T14:18:54Z,2026-08-02T16:18:54+0200,d03952b3-6528-494b-a5a9-803d5ba4eea1,2026-07-24T12:45:00Z,2026-07-24T14:45:00+0200,295.07,MW,FR,FR,actual_offshore_wind_generation,Wind Offshore | Actual Aggregated,2026-08-02T14:20:02Z
2026-08-02T14:18:54Z,2026-08-02T16:18:54+0200,d03952b3-6528-494b-a5a9-803d5ba4eea1,2026-07-24T13:00:00Z,2026-07-24T15:00:00+0200,272.39,MW,FR,FR,actual_offshore_wind_generation,Wind Offshore | Actual Aggregated,2026-08-02T14:20:02Z
2026-08-02T14:18:54Z,2026-08-02T16:18:54+0200,d03952b3-6528-494b-a5a9-803d5ba4eea1,2026-07-24T13:15:00Z,2026-07-24T15:15:00+0200,289.36,MW,FR,FR,actual_offshore_wind_generation,Wind Offshore | Actual Aggregated,2026-08-02T14:20:02Z
2026-08-02T14:18:54Z,2026-08-02T16:18:54+0200,d03952b3-6528-494b-a5a9-803d5ba4eea1,2026-07-24T13:30:00Z,2026-07-24T15:30:00+0200,340.41,MW,FR,FR,actual_offshore_wind_generation,Wind Offshore | Actual Aggregated,2026-08-02T14:20:02Z
2026-08-02T14:18:54Z,2026-08-02T16:18:54+0200,d03952b3-6528-494b-a5a9-803d5ba4eea1,2026-07-24T13:45:00Z,2026-07-24T15:45:00+0200,367.53,MW,FR,FR,actual_offshore_wind_generation,Wind Offshore | Actual Aggregated,2026-08-02T14:20:02Z
2026-08-02T14:18:54Z,2026-08-02T16:18:54+0200,d03952b3-6528-494b-a5a9-803d5ba4eea1,2026-07-24T14:00:00Z,2026-07-24T16:00:00+0200,355.77,MW,FR,FR,actual_offshore_wind_generation,Wind Offshore | Actual Aggregated,2026-08-02T14:20:02Z
2026-08-02T14:18:54Z,2026-08-02T16:18:54+0200,d03952b3-6528-494b-a5a9-803d5ba4eea1,2026-07-24T14:15:00Z,2026-07-24T16:15:00+0200,342.38,MW,FR,FR,actual_offshore_wind_generation,Wind Offshore | Actual Aggregated,2026-08-02T14:20:02Z
2026-08-02T14:18:54Z,2026-08-02T16:18:54+0200,d03952b3-6528-494b-a5a9-803d5ba4eea1,2026-07-24T14:30:00Z,2026-07-24T16:30:00+0200,331.94,MW,FR,FR,actual_offshore_wind_generation,Wind Offshore | Actual Aggregated,2026-08-02T14:20:02Z
2026-08-02T14:18:54Z,2026-08-02T16:18:54+0200,d03952b3-6528-494b-a5a9-803d5ba4eea1,2026-07-24T14:45:00Z,2026-07-24T16:45:00+0200,330.28,MW,FR,FR,actual_offshore_wind_generation,Wind Offshore | Actual Aggregated,2026-08-02T14:20:02Z
2026-08-02T14:18:54Z,2026-08-02T16:18:54+0200,d03952b3-6528-494b-a5a9-803d5ba4eea1,2026-07-24T15:00:00Z,2026-07-24T17:00:00+0200,326.91,MW,FR,FR,actual_offshore_wind_generation,Wind Offshore | Actual Aggregated,2026-08-02T14:20:02Z
2026-08-02T14:18:54Z,2026-08-02T16:18:54+0200,d03952b3-6528-494b-a5a9-803d5ba4eea1,2026-07-24T15:15:00Z,2026-07-24T17:15:00+0200,351.91,MW,FR,FR,actual_offshore_wind_generation,Wind Offshore | Actual Aggregated,2026-08-02T14:20:02Z
2026-08-02T14:18:54Z,2026-08-02T16:18:54+0200,d03952b3-6528-494b-a5a9-803d5ba4eea1,2026-07-24T15:30:00Z,2026-07-24T17:30:00+0200,350.06,MW,FR,FR,actual_offshore_wind_generation,Wind Offshore | Actual Aggregated,2026-08-02T14:20:02Z
2026-08-02T14:18:54Z,2026-08-02T16:18:54+0200,d03952b3-6528-494b-a5a9-803d5ba4eea1,2026-07-24T15:45:00Z,2026-07-24T17:45:00+0200,378.18,MW,FR,FR,actual_offshore_wind_generation,Wind Offshore | Actual Aggregated,2026-08-02T14:20:02Z
2026-08-02T14:18:54Z,2026-08-02T16:18:54+0200,d03952b3-6528-494b-a5a9-803d5ba4eea1,2026-07-24T16:00:00Z,2026-07-24T18:00:00+0200,367.68,MW,FR,FR,actual_offshore_wind_generation,Wind Offshore | Actual Aggregated,2026-08-02T14:20:02Z
2026-08-02T14:18:54Z,2026-08-02T16:18:54+0200,d03952b3-6528-494b-a5a9-803d5ba4eea1,2026-07-24T16:15:00Z,2026-07-24T18:15:00+0200,349.44,MW,FR,FR,actual_offshore_wind_generation,Wind Offshore | Actual Aggregated,2026-08-02T14:20:02Z
2026-08-02T14:18:54Z,2026-08-02T16:18:54+0200,d03952b3-6528-494b-a5a9-803d5ba4eea1,2026-07-24T16:30:00Z,2026-07-24T18:30:00+0200,333.39,MW,FR,FR,actual_offshore_wind_generation,Wind Offshore | Actual Aggregated,2026-08-02T14:20:02Z
2026-08-02T14:18:54Z,2026-08-02T16:18:54+0200,d03952b3-6528-494b-a5a9-803d5ba4eea1,2026-07-24T16:45:00Z,2026-07-24T18:45:00+0200,343.43,MW,FR,FR,actual_offshore_wind_generation,Wind Offshore | Actual Aggregated,2026-08-02T14:20:02Z
2026-08-02T14:18:54Z,2026-08-02T16:18:54+0200,d03952b3-6528-494b-a5a9-803d5ba4eea1,2026-07-24T17:00:00Z,2026-07-24T19:00:00+0200,342.65,MW,FR,FR,actual_offshore_wind_generation,Wind Offshore | Actual Aggregated,2026-08-02T14:20:02Z
2026-08-02T14:18:54Z,2026-08-02T16:18:54+0200,d03952b3-6528-494b-a5a9-803d5ba4eea1,2026-07-24T17:15:00Z,2026-07-24T19:15:00+0200,344.21,MW,FR,FR,actual_offshore_wind_generation,Wind Offshore | Actual Aggregated,2026-08-02T14:20:02Z
2026-08-02T14:18:54Z,2026-08-02T16:18:54+0200,d03952b3-6528-494b-a5a9-803d5ba4eea1,2026-07-24T17:30:00Z,2026-07-24T19:30:00+0200,364.25,MW,FR,FR,actual_offshore_wind_generation,Wind Offshore | Actual Aggregated,2026-08-02T14:20:02Z
2026-08-02T14:18:54Z,2026-08-02T16:18:54+0200,d03952b3-6528-494b-a5a9-803d5ba4eea1,2026-07-24T17:45:00Z,2026-07-24T19:45:00+0200,414.19,MW,FR,FR,actual_offshore_wind_generation,Wind Offshore | Actual Aggregated,2026-08-02T14:20:02Z
2026-08-02T14:18:54Z,2026-08-02T16:18:54+0200,d03952b3-6528-494b-a5a9-803d5ba4eea1,2026-07-24T18:00:00Z,2026-07-24T20:00:00+0200,463.26,MW,FR,FR,actual_offshore_wind_generation,Wind Offshore | Actual Aggregated,2026-08-02T14:20:02Z
2026-08-02T14:18:54Z,2026-08-02T16:18:54+0200,d03952b3-6528-494b-a5a9-803d5ba4eea1,2026-07-24T18:15:00Z,2026-07-24T20:15:00+0200,521.25,MW,FR,FR,actual_offshore_wind_generation,Wind Offshore | Actual Aggregated,2026-08-02T14:20:02Z
2026-08-02T14:18:54Z,2026-08-02T16:18:54+0200,d03952b3-6528-494b-a5a9-803d5ba4eea1,2026-07-24T18:30:00Z,2026-07-24T20:30:00+0200,618.72,MW,FR,FR,actual_offshore_wind_generation,Wind Offshore | Actual Aggregated,2026-08-02T14:20:02Z
2026-08-02T14:18:54Z,2026-08-02T16:18:54+0200,d03952b3-6528-494b-a5a9-803d5ba4eea1,2026-07-24T18:45:00Z,2026-07-24T20:45:00+0200,675.17,MW,FR,FR,actual_offshore_wind_generation,Wind Offshore | Actual Aggregated,2026-08-02T14:20:02Z
2026-08-02T14:18:54Z,2026-08-02T16:18:54+0200,d03952b3-6528-494b-a5a9-803d5ba4eea1,2026-07-24T19:00:00Z,2026-07-24T21:00:00+0200,744.46,MW,FR,FR,actual_offshore_wind_generation,Wind Offshore | Actual Aggregated,2026-08-02T14:20:02Z
2026-08-02T14:18:54Z,2026-08-02T16:18:54+0200,d03952b3-6528-494b-a5a9-803d5ba4eea1,2026-07-24T19:15:00Z,2026-07-24T21:15:00+0200,792.87,MW,FR,FR,actual_offshore_wind_generation,Wind Offshore | Actual Aggregated,2026-08-02T14:20:02Z
2026-08-02T14:18:54Z,2026-08-02T16:18:54+0200,d03952b3-6528-494b-a5a9-803d5ba4eea1,2026-07-24T19:30:00Z,2026-07-24T21:30:00+0200,841.91,MW,FR,FR,actual_offshore_wind_generation,Wind Offshore | Actual Aggregated,2026-08-02T14:20:02Z
2026-08-02T14:18:54Z,2026-08-02T16:18:54+0200,d03952b3-6528-494b-a5a9-803d5ba4eea1,2026-07-24T19:45:00Z,2026-07-24T21:45:00+0200,824.08,MW,FR,FR,actual_offshore_wind_generation,Wind Offshore | Actual Aggregated,2026-08-02T14:20:02Z
2026-08-02T14:18:54Z,2026-08-02T16:18:54+0200,d03952b3-6528-494b-a5a9-803d5ba4eea1,2026-07-24T20:00:00Z,2026-07-24T22:00:00+0200,826.77,MW,FR,FR,actual_offshore_wind_generation,Wind Offshore | Actual Aggregated,2026-08-02T14:20:02Z
2026-08-02T14:18:54Z,2026-08-02T16:18:54+0200,d03952b3-6528-494b-a5a9-803d5ba4eea1,2026-07-24T20:15:00Z,2026-07-24T22:15:00+0200,765.04,MW,FR,FR,actual_offshore_wind_generation,Wind Offshore | Actual Aggregated,2026-08-02T14:20:02Z
2026-08-02T14:18:54Z,2026-08-02T16:18:54+0200,d03952b3-6528-494b-a5a9-803d5ba4eea1,2026-07-24T20:30:00Z,2026-07-24T22:30:00+0200,810.94,MW,FR,FR,actual_offshore_wind_generation,Wind Offshore | Actual Aggregated,2026-08-02T14:20:02Z
2026-08-02T14:18:54Z,2026-08-02T16:18:54+0200,d03952b3-6528-494b-a5a9-803d5ba4eea1,2026-07-24T20:45:00Z,2026-07-24T22:45:00+0200,809.61,MW,FR,FR,actual_offshore_wind_generation,Wind Offshore | Actual Aggregated,2026-08-02T14:20:02Z
2026-08-02T14:18:54Z,2026-08-02T16:18:54+0200,d03952b3-6528-494b-a5a9-803d5ba4eea1,2026-07-24T21:00:00Z,2026-07-24T23:00:00+0200,761.51,MW,FR,FR,actual_offshore_wind_generation,Wind Offshore | Actual Aggregated,2026-08-02T14:20:02Z
2026-08-02T14:18:54Z,2026-08-02T16:18:54+0200,d03952b3-6528-494b-a5a9-803d5ba4eea1,2026-07-24T21:15:00Z,2026-07-24T23:15:00+0200,718.87,MW,FR,FR,actual_offshore_wind_generation,Wind Offshore | Actual Aggregated,2026-08-02T14:20:02Z
2026-08-02T14:18:54Z,2026-08-02T16:18:54+0200,d03952b3-6528-494b-a5a9-803d5ba4eea1,2026-07-24T21:30:00Z,2026-07-24T23:30:00+0200,805.46,MW,FR,FR,actual_offshore_wind_generation,Wind Offshore | Actual Aggregated,2026-08-02T14:20:02Z
2026-08-02T14:18:54Z,2026-08-02T16:18:54+0200,d03952b3-6528-494b-a5a9-803d5ba4eea1,2026-07-24T21:45:00Z,2026-07-24T23:45:00+0200,842.33,MW,FR,FR,actual_offshore_wind_generation,Wind Offshore | Actual Aggregated,2026-08-02T14:20:02Z
2026-08-02T14:18:54Z,2026-08-02T16:18:54+0200,d03952b3-6528-494b-a5a9-803d5ba4eea1,2026-07-24T22:00:00Z,2026-07-25T00:00:00+0200,812.84,MW,FR,FR,actual_offshore_wind_generation,Wind Offshore | Actual Aggregated,2026-08-02T14:20:02Z
2026-08-02T14:18:54Z,2026-08-02T16:18:54+0200,d03952b3-6528-494b-a5a9-803d5ba4eea1,2026-07-24T22:15:00Z,2026-07-25T00:15:00+0200,801.36,MW,FR,FR,actual_offshore_wind_generation,Wind Offshore | Actual Aggregated,2026-08-02T14:20:02Z
2026-08-02T14:18:54Z,2026-08-02T16:18:54+0200,d03952b3-6528-494b-a5a9-803d5ba4eea1,2026-07-24T22:30:00Z,2026-07-25T00:30:00+0200,776.35,MW,FR,FR,actual_offshore_wind_generation,Wind Offshore | Actual Aggregated,2026-08-02T14:20:02Z
2026-08-02T14:18:54Z,2026-08-02T16:18:54+0200,d03952b3-6528-494b-a5a9-803d5ba4eea1,2026-07-24T22:45:00Z,2026-07-25T00:45:00+0200,733.66,MW,FR,FR,actual_offshore_wind_generation,Wind Offshore | Actual Aggregated,2026-08-02T14:20:02Z
2026-08-02T14:18:54Z,2026-08-02T16:18:54+0200,d03952b3-6528-494b-a5a9-803d5ba4eea1,2026-07-24T23:00:00Z,2026-07-25T01:00:00+0200,772.72,MW,FR,FR,actual_offshore_wind_generation,Wind Offshore | Actual Aggregated,2026-08-02T14:20:02Z
2026-08-02T14:18:54Z,2026-08-02T16:18:54+0200,d03952b3-6528-494b-a5a9-803d5ba4eea1,2026-07-24T23:15:00Z,2026-07-25T01:15:00+0200,794.42,MW,FR,FR,actual_offshore_wind_generation,Wind Offshore | Actual Aggregated,2026-08-02T14:20:02Z
2026-08-02T14:18:54Z,2026-08-02T16:18:54+0200,d03952b3-6528-494b-a5a9-803d5ba4eea1,2026-07-24T23:30:00Z,2026-07-25T01:30:00+0200,804.58,MW,FR,FR,actual_offshore_wind_generation,Wind Offshore | Actual Aggregated,2026-08-02T14:20:02Z
2026-08-02T14:18:54Z,2026-08-02T16:18:54+0200,d03952b3-6528-494b-a5a9-803d5ba4eea1,2026-07-24T23:45:00Z,2026-07-25T01:45:00+0200,806.93,MW,FR,FR,actual_offshore_wind_generation,Wind Offshore | Actual Aggregated,2026-08-02T14:20:02Z
2026-08-02T14:18:54Z,2026-08-02T16:18:54+0200,d03952b3-6528-494b-a5a9-803d5ba4eea1,2026-07-25T00:00:00Z,2026-07-25T02:00:00+0200,812.46,MW,FR,FR,actual_offshore_wind_generation,Wind Offshore | Actual Aggregated,2026-08-02T14:20:02Z
2026-08-02T14:18:54Z,2026-08-02T16:18:54+0200,d03952b3-6528-494b-a5a9-803d5ba4eea1,2026-07-25T00:15:00Z,2026-07-25T02:15:00+0200,778.2,MW,FR,FR,actual_offshore_wind_generation,Wind Offshore | Actual Aggregated,2026-08-02T14:20:02Z
2026-08-02T14:18:54Z,2026-08-02T16:18:54+0200,d03952b3-6528-494b-a5a9-803d5ba4eea1,2026-07-25T00:30:00Z,2026-07-25T02:30:00+0200,738.07,MW,FR,FR,actual_offshore_wind_generation,Wind Offshore | Actual Aggregated,2026-08-02T14:20:02Z
2026-08-02T14:18:54Z,2026-08-02T16:18:54+0200,d03952b3-6528-494b-a5a9-803d5ba4eea1,2026-07-25T00:45:00Z,2026-07-25T02:45:00+0200,711.82,MW,FR,FR,actual_offshore_wind_generation,Wind Offshore | Actual Aggregated,2026-08-02T14:20:02Z
2026-08-02T14:18:54Z,2026-08-02T16:18:54+0200,d03952b3-6528-494b-a5a9-803d5ba4eea1,2026-07-25T01:00:00Z,2026-07-25T03:00:00+0200,662.43,MW,FR,FR,actual_offshore_wind_generation,Wind Offshore | Actual Aggregated,2026-08-02T14:20:02Z
2026-08-02T14:18:54Z,2026-08-02T16:18:54+0200,d03952b3-6528-494b-a5a9-803d5ba4eea1,2026-07-25T01:15:00Z,2026-07-25T03:15:00+0200,610.67,MW,FR,FR,actual_offshore_wind_generation,Wind Offshore | Actual Aggregated,2026-08-02T14:20:02Z
2026-08-02T14:18:54Z,2026-08-02T16:18:54+0200,d03952b3-6528-494b-a5a9-803d5ba4eea1,2026-07-25T01:30:00Z,2026-07-25T03:30:00+0200,595.41,MW,FR,FR,actual_offshore_wind_generation,Wind Offshore | Actual Aggregated,2026-08-02T14:20:02Z
2026-08-02T14:18:54Z,2026-08-02T16:18:54+0200,d03952b3-6528-494b-a5a9-803d5ba4eea1,2026-07-25T01:45:00Z,2026-07-25T03:45:00+0200,588.75,MW,FR,FR,actual_offshore_wind_generation,Wind Offshore | Actual Aggregated,2026-08-02T14:20:02Z
2026-08-02T14:18:54Z,2026-08-02T16:18:54+0200,d03952b3-6528-494b-a5a9-803d5ba4eea1,2026-07-25T02:00:00Z,2026-07-25T04:00:00+0200,572.29,MW,FR,FR,actual_offshore_wind_generation,Wind Offshore | Actual Aggregated,2026-08-02T14:20:02Z
2026-08-02T14:18:54Z,2026-08-02T16:18:54+0200,d03952b3-6528-494b-a5a9-803d5ba4eea1,2026-07-25T02:15:00Z,2026-07-25T04:15:00+0200,552.97,MW,FR,FR,actual_offshore_wind_generation,Wind Offshore | Actual Aggregated,2026-08-02T14:20:02Z
2026-08-02T14:18:54Z,2026-08-02T16:18:54+0200,d03952b3-6528-494b-a5a9-803d5ba4eea1,2026-07-25T02:30:00Z,2026-07-25T04:30:00+0200,540.97,MW,FR,FR,actual_offshore_wind_generation,Wind Offshore | Actual Aggregated,2026-08-02T14:20:02Z
2026-08-02T14:18:54Z,2026-08-02T16:18:54+0200,d03952b3-6528-494b-a5a9-803d5ba4eea1,2026-07-25T02:45:00Z,2026-07-25T04:45:00+0200,539.98,MW,FR,FR,actual_offshore_wind_generation,Wind Offshore | Actual Aggregated,2026-08-02T14:20:02Z
2026-08-02T14:18:54Z,2026-08-02T16:18:54+0200,d03952b3-6528-494b-a5a9-803d5ba4eea1,2026-07-25T03:00:00Z,2026-07-25T05:00:00+0200,524.51,MW,FR,FR,actual_offshore_wind_generation,Wind Offshore | Actual Aggregated,2026-08-02T14:20:02Z
2026-08-02T14:18:54Z,2026-08-02T16:18:54+0200,d03952b3-6528-494b-a5a9-803d5ba4eea1,2026-07-25T03:15:00Z,2026-07-25T05:15:00+0200,521.05,MW,FR,FR,actual_offshore_wind_generation,Wind Offshore | Actual Aggregated,2026-08-02T14:20:02Z
2026-08-02T14:18:54Z,2026-08-02T16:18:54+0200,d03952b3-6528-494b-a5a9-803d5ba4eea1,2026-07-25T03:30:00Z,2026-07-25T05:30:00+0200,530.31,MW,FR,FR,actual_offshore_wind_generation,Wind Offshore | Actual Aggregated,2026-08-02T14:20:02Z
2026-08-02T14:18:54Z,2026-08-02T16:18:54+0200,d03952b3-6528-494b-a5a9-803d5ba4eea1,2026-07-25T03:45:00Z,2026-07-25T05:45:00+0200,567.58,MW,FR,FR,actual_offshore_wind_generation,Wind Offshore | Actual Aggregated,2026-08-02T14:20:02Z
2026-08-02T14:18:54Z,2026-08-02T16:18:54+0200,d03952b3-6528-494b-a5a9-803d5ba4eea1,2026-07-25T04:00:00Z,2026-07-25T06:00:00+0200,580.58,MW,FR,FR,actual_offshore_wind_generation,Wind Offshore | Actual Aggregated,2026-08-02T14:20:02Z
2026-08-02T14:18:54Z,2026-08-02T16:18:54+0200,d03952b3-6528-494b-a5a9-803d5ba4eea1,2026-07-25T04:15:00Z,2026-07-25T06:15:00+0200,585.61,MW,FR,FR,actual_offshore_wind_generation,Wind Offshore | Actual Aggregated,2026-08-02T14:20:02Z
2026-08-02T14:18:54Z,2026-08-02T16:18:54+0200,d03952b3-6528-494b-a5a9-803d5ba4eea1,2026-07-25T04:30:00Z,2026-07-25T06:30:00+0200,584.39,MW,FR,FR,actual_offshore_wind_generation,Wind Offshore | Actual Aggregated,2026-08-02T14:20:02Z
2026-08-02T14:18:54Z,2026-08-02T16:18:54+0200,d03952b3-6528-494b-a5a9-803d5ba4eea1,2026-07-25T04:45:00Z,2026-07-25T06:45:00+0200,547.26,MW,FR,FR,actual_offshore_wind_generation,Wind Offshore | Actual Aggregated,2026-08-02T14:20:02Z
2026-08-02T14:18:54Z,2026-08-02T16:18:54+0200,d03952b3-6528-494b-a5a9-803d5ba4eea1,2026-07-25T05:00:00Z,2026-07-25T07:00:00+0200,522.33,MW,FR,FR,actual_offshore_wind_generation,Wind Offshore | Actual Aggregated,2026-08-02T14:20:02Z
2026-08-02T14:18:54Z,2026-08-02T16:18:54+0200,d03952b3-6528-494b-a5a9-803d5ba4eea1,2026-07-25T05:15:00Z,2026-07-25T07:15:00+0200,516.82,MW,FR,FR,actual_offshore_wind_generation,Wind Offshore | Actual Aggregated,2026-08-02T14:20:02Z
2026-08-02T14:18:54Z,2026-08-02T16:18:54+0200,d03952b3-6528-494b-a5a9-803d5ba4eea1,2026-07-25T05:30:00Z,2026-07-25T07:30:00+0200,491.93,MW,FR,FR,actual_offshore_wind_generation,Wind Offshore | Actual Aggregated,2026-08-02T14:20:02Z
2026-08-02T14:18:54Z,2026-08-02T16:18:54+0200,d03952b3-6528-494b-a5a9-803d5ba4eea1,2026-07-25T05:45:00Z,2026-07-25T07:45:00+0200,445.43,MW,FR,FR,actual_offshore_wind_generation,Wind Offshore | Actual Aggregated,2026-08-02T14:20:02Z
2026-08-02T14:18:54Z,2026-08-02T16:18:54+0200,d03952b3-6528-494b-a5a9-803d5ba4eea1,2026-07-25T06:00:00Z,2026-07-25T08:00:00+0200,413.8,MW,FR,FR,actual_offshore_wind_generation,Wind Offshore | Actual Aggregated,2026-08-02T14:20:02Z
2026-08-02T14:18:54Z,2026-08-02T16:18:54+0200,d03952b3-6528-494b-a5a9-803d5ba4eea1,2026-07-25T06:15:00Z,2026-07-25T08:15:00+0200,377.58,MW,FR,FR,actual_offshore_wind_generation,Wind Offshore | Actual Aggregated,2026-08-02T14:20:02Z
2026-08-02T14:18:54Z,2026-08-02T16:18:54+0200,d03952b3-6528-494b-a5a9-803d5ba4eea1,2026-07-25T06:30:00Z,2026-07-25T08:30:00+0200,360.25,MW,FR,FR,actual_offshore_wind_generation,Wind Offshore | Actual Aggregated,2026-08-02T14:20:02Z
2026-08-02T14:18:54Z,2026-08-02T16:18:54+0200,d03952b3-6528-494b-a5a9-803d5ba4eea1,2026-07-25T06:45:00Z,2026-07-25T08:45:00+0200,356.22,MW,FR,FR,actual_offshore_wind_generation,Wind Offshore | Actual Aggregated,2026-08-02T14:20:02Z
2026-08-02T14:18:54Z,2026-08-02T16:18:54+0200,d03952b3-6528-494b-a5a9-803d5ba4eea1,2026-07-25T07:00:00Z,2026-07-25T09:00:00+0200,365.19,MW,FR,FR,actual_offshore_wind_generation,Wind Offshore | Actual Aggregated,2026-08-02T14:20:02Z
2026-08-02T14:18:54Z,2026-08-02T16:18:54+0200,d03952b3-6528-494b-a5a9-803d5ba4eea1,2026-07-25T07:15:00Z,2026-07-25T09:15:00+0200,352.79,MW,FR,FR,actual_offshore_wind_generation,Wind Offshore | Actual Aggregated,2026-08-02T14:20:02Z
2026-08-02T14:18:54Z,2026-08-02T16:18:54+0200,d03952b3-6528-494b-a5a9-803d5ba4eea1,2026-07-25T07:30:00Z,2026-07-25T09:30:00+0200,313.04,MW,FR,FR,actual_offshore_wind_generation,Wind Offshore | Actual Aggregated,2026-08-02T14:20:02Z
2026-08-02T14:18:54Z,2026-08-02T16:18:54+0200,d03952b3-6528-494b-a5a9-803d5ba4eea1,2026-07-25T07:45:00Z,2026-07-25T09:45:00+0200,299.11,MW,FR,FR,actual_offshore_wind_generation,Wind Offshore | Actual Aggregated,2026-08-02T14:20:02Z
2026-08-02T14:18:54Z,2026-08-02T16:18:54+0200,d03952b3-6528-494b-a5a9-803d5ba4eea1,2026-07-25T08:00:00Z,2026-07-25T10:00:00+0200,285.15,MW,FR,FR,actual_offshore_wind_generation,Wind Offshore | Actual Aggregated,2026-08-02T14:20:02Z
2026-08-02T14:18:54Z,2026-08-02T16:18:54+0200,d03952b3-6528-494b-a5a9-803d5ba4eea1,2026-07-25T08:15:00Z,2026-07-25T10:15:00+0200,290.16,MW,FR,FR,actual_offshore_wind_generation,Wind Offshore | Actual Aggregated,2026-08-02T14:20:02Z
2026-08-02T14:18:54Z,2026-08-02T16:18:54+0200,d03952b3-6528-494b-a5a9-803d5ba4eea1,2026-07-25T08:30:00Z,2026-07-25T10:30:00+0200,273.27,MW,FR,FR,actual_offshore_wind_generation,Wind Offshore | Actual Aggregated,2026-08-02T14:20:02Z
2026-08-02T14:18:54Z,2026-08-02T16:18:54+0200,d03952b3-6528-494b-a5a9-803d5ba4eea1,2026-07-25T08:45:00Z,2026-07-25T10:45:00+0200,135.91,MW,FR,FR,actual_offshore_wind_generation,Wind Offshore | Actual Aggregated,2026-08-02T14:20:02Z
2026-08-02T14:18:54Z,2026-08-02T16:18:54+0200,d03952b3-6528-494b-a5a9-803d5ba4eea1,2026-07-25T09:00:00Z,2026-07-25T11:00:00+0200,129.53,MW,FR,FR,actual_offshore_wind_generation,Wind Offshore | Actual Aggregated,2026-08-02T14:20:02Z
2026-08-02T14:18:54Z,2026-08-02T16:18:54+0200,d03952b3-6528-494b-a5a9-803d5ba4eea1,2026-07-25T09:15:00Z,2026-07-25T11:15:00+0200,134.09,MW,FR,FR,actual_offshore_wind_generation,Wind Offshore | Actual Aggregated,2026-08-02T14:20:02Z
2026-08-02T14:18:54Z,2026-08-02T16:18:54+0200,d03952b3-6528-494b-a5a9-803d5ba4eea1,2026-07-25T09:30:00Z,2026-07-25T11:30:00+0200,141.43,MW,FR,FR,actual_offshore_wind_generation,Wind Offshore | Actual Aggregated,2026-08-02T14:20:02Z
2026-08-02T14:18:54Z,2026-08-02T16:18:54+0200,d03952b3-6528-494b-a5a9-803d5ba4eea1,2026-07-25T09:45:00Z,2026-07-25T11:45:00+0200,147.08,MW,FR,FR,actual_offshore_wind_generation,Wind Offshore | Actual Aggregated,2026-08-02T14:20:02Z
2026-08-02T14:18:54Z,2026-08-02T16:18:54+0200,d03952b3-6528-494b-a5a9-803d5ba4eea1,2026-07-25T10:00:00Z,2026-07-25T12:00:00+0200,148.89,MW,FR,FR,actual_offshore_wind_generation,Wind Offshore | Actual Aggregated,2026-08-02T14:20:02Z
2026-08-02T14:18:54Z,2026-08-02T16:18:54+0200,d03952b3-6528-494b-a5a9-803d5ba4eea1,2026-07-25T10:15:00Z,2026-07-25T12:15:00+0200,151.14,MW,FR,FR,actual_offshore_wind_generation,Wind Offshore | Actual Aggregated,2026-08-02T14:20:02Z
2026-08-02T14:18:54Z,2026-08-02T16:18:54+0200,d03952b3-6528-494b-a5a9-803d5ba4eea1,2026-07-25T10:30:00Z,2026-07-25T12:30:00+0200,144.21,MW,FR,FR,actual_offshore_wind_generation,Wind Offshore | Actual Aggregated,2026-08-02T14:20:02Z
2026-08-02T14:18:54Z,2026-08-02T16:18:54+0200,d03952b3-6528-494b-a5a9-803d5ba4eea1,2026-07-25T10:45:00Z,2026-07-25T12:45:00+0200,143.42,MW,FR,FR,actual_offshore_wind_generation,Wind Offshore | Actual Aggregated,2026-08-02T14:20:02Z
2026-08-02T14:18:54Z,2026-08-02T16:18:54+0200,d03952b3-6528-494b-a5a9-803d5ba4eea1,2026-07-25T11:00:00Z,2026-07-25T13:00:00+0200,143.1,MW,FR,FR,actual_offshore_wind_generation,Wind Offshore | Actual Aggregated,2026-08-02T14:20:02Z
2026-08-02T14:18:54Z,2026-08-02T16:18:54+0200,d03952b3-6528-494b-a5a9-803d5ba4eea1,2026-07-25T11:15:00Z,2026-07-25T13:15:00+0200,144.08,MW,FR,FR,actual_offshore_wind_generation,Wind Offshore | Actual Aggregated,2026-08-02T14:20:02Z
2026-08-02T14:18:54Z,2026-08-02T16:18:54+0200,d03952b3-6528-494b-a5a9-803d5ba4eea1,2026-07-25T11:30:00Z,2026-07-25T13:30:00+0200,145.62,MW,FR,FR,actual_offshore_wind_generation,Wind Offshore | Actual Aggregated,2026-08-02T14:20:02Z
2026-08-02T14:18:54Z,2026-08-02T16:18:54+0200,d03952b3-6528-494b-a5a9-803d5ba4eea1,2026-07-25T11:45:00Z,2026-07-25T13:45:00+0200,146.58,MW,FR,FR,actual_offshore_wind_generation,Wind Offshore | Actual Aggregated,2026-08-02T14:20:02Z
2026-08-02T14:18:54Z,2026-08-02T16:18:54+0200,d03952b3-6528-494b-a5a9-803d5ba4eea1,2026-07-25T12:00:00Z,2026-07-25T14:00:00+0200,149.9,MW,FR,FR,actual_offshore_wind_generation,Wind Offshore | Actual Aggregated,2026-08-02T14:20:02Z
2026-08-02T14:18:54Z,2026-08-02T16:18:54+0200,d03952b3-6528-494b-a5a9-803d5ba4eea1,2026-07-25T12:15:00Z,2026-07-25T14:15:00+0200,149.09,MW,FR,FR,actual_offshore_wind_generation,Wind Offshore | Actual Aggregated,2026-08-02T14:20:02Z
2026-08-02T14:18:54Z,2026-08-02T16:18:54+0200,d03952b3-6528-494b-a5a9-803d5ba4eea1,2026-07-25T12:30:00Z,2026-07-25T14:30:00+0200,140.21,MW,FR,FR,actual_offshore_wind_generation,Wind Offshore | Actual Aggregated,2026-08-02T14:20:02Z
2026-08-02T14:18:54Z,2026-08-02T16:18:54+0200,d03952b3-6528-494b-a5a9-803d5ba4eea1,2026-07-25T12:45:00Z,2026-07-25T14:45:00+0200,134.28,MW,FR,FR,actual_offshore_wind_generation,Wind Offshore | Actual Aggregated,2026-08-02T14:20:02Z
2026-08-02T14:18:54Z,2026-08-02T16:18:54+0200,d03952b3-6528-494b-a5a9-803d5ba4eea1,2026-07-25T13:00:00Z,2026-07-25T15:00:00+0200,137.17,MW,FR,FR,actual_offshore_wind_generation,Wind Offshore | Actual Aggregated,2026-08-02T14:20:02Z
2026-08-02T14:18:54Z,2026-08-02T16:18:54+0200,d03952b3-6528-494b-a5a9-803d5ba4eea1,2026-07-25T13:15:00Z,2026-07-25T15:15:00+0200,138.22,MW,FR,FR,actual_offshore_wind_generation,Wind Offshore | Actual Aggregated,2026-08-02T14:20:02Z
2026-08-02T14:18:54Z,2026-08-02T16:18:54+0200,d03952b3-6528-494b-a5a9-803d5ba4eea1,2026-07-25T13:30:00Z,2026-07-25T15:30:00+0200,138.63,MW,FR,FR,actual_offshore_wind_generation,Wind Offshore | Actual Aggregated,2026-08-02T14:20:02Z
2026-08-02T14:18:54Z,2026-08-02T16:18:54+0200,d03952b3-6528-494b-a5a9-803d5ba4eea1,2026-07-25T13:45:00Z,2026-07-25T15:45:00+0200,137.19,MW,FR,FR,actual_offshore_wind_generation,Wind Offshore | Actual Aggregated,2026-08-02T14:20:02Z
2026-08-02T14:18:54Z,2026-08-02T16:18:54+0200,d03952b3-6528-494b-a5a9-803d5ba4eea1,2026-07-25T14:00:00Z,2026-07-25T16:00:00+0200,201.62,MW,FR,FR,actual_offshore_wind_generation,Wind Offshore | Actual Aggregated,2026-08-02T14:20:02Z
2026-08-02T14:18:54Z,2026-08-02T16:18:54+0200,d03952b3-6528-494b-a5a9-803d5ba4eea1,2026-07-25T14:15:00Z,2026-07-25T16:15:00+0200,541.44,MW,FR,FR,actual_offshore_wind_generation,Wind Offshore | Actual Aggregated,2026-08-02T14:20:02Z
2026-08-02T14:18:54Z,2026-08-02T16:18:54+0200,d03952b3-6528-494b-a5a9-803d5ba4eea1,2026-07-25T14:30:00Z,2026-07-25T16:30:00+0200,1042.13,MW,FR,FR,actual_offshore_wind_generation,Wind Offshore | Actual Aggregated,2026-08-02T14:20:02Z
2026-08-02T14:18:54Z,2026-08-02T16:18:54+0200,d03952b3-6528-494b-a5a9-803d5ba4eea1,2026-07-25T14:45:00Z,2026-07-25T16:45:00+0200,1110.09,MW,FR,FR,actual_offshore_wind_generation,Wind Offshore | Actual Aggregated,2026-08-02T14:20:02Z
2026-08-02T14:18:54Z,2026-08-02T16:18:54+0200,d03952b3-6528-494b-a5a9-803d5ba4eea1,2026-07-25T15:00:00Z,2026-07-25T17:00:00+0200,1140.76,MW,FR,FR,actual_offshore_wind_generation,Wind Offshore | Actual Aggregated,2026-08-02T14:20:02Z
2026-08-02T14:18:54Z,2026-08-02T16:18:54+0200,d03952b3-6528-494b-a5a9-803d5ba4eea1,2026-07-25T15:15:00Z,2026-07-25T17:15:00+0200,1186.6,MW,FR,FR,actual_offshore_wind_generation,Wind Offshore | Actual Aggregated,2026-08-02T14:20:02Z
2026-08-02T14:18:54Z,2026-08-02T16:18:54+0200,d03952b3-6528-494b-a5a9-803d5ba4eea1,2026-07-25T15:30:00Z,2026-07-25T17:30:00+0200,1209.22,MW,FR,FR,actual_offshore_wind_generation,Wind Offshore | Actual Aggregated,2026-08-02T14:20:02Z
2026-08-02T14:18:54Z,2026-08-02T16:18:54+0200,d03952b3-6528-494b-a5a9-803d5ba4eea1,2026-07-25T15:45:00Z,2026-07-25T17:45:00+0200,1201.75,MW,FR,FR,actual_offshore_wind_generation,Wind Offshore | Actual Aggregated,2026-08-02T14:20:02Z
2026-08-02T14:18:54Z,2026-08-02T16:18:54+0200,d03952b3-6528-494b-a5a9-803d5ba4eea1,2026-07-25T16:00:00Z,2026-07-25T18:00:00+0200,1165.5,MW,FR,FR,actual_offshore_wind_generation,Wind Offshore | Actual Aggregated,2026-08-02T14:20:02Z
2026-08-02T14:18:54Z,2026-08-02T16:18:54+0200,d03952b3-6528-494b-a5a9-803d5ba4eea1,2026-07-25T16:15:00Z,2026-07-25T18:15:00+0200,1189.93,MW,FR,FR,actual_offshore_wind_generation,Wind Offshore | Actual Aggregated,2026-08-02T14:20:02Z
2026-08-02T14:18:54Z,2026-08-02T16:18:54+0200,d03952b3-6528-494b-a5a9-803d5ba4eea1,2026-07-25T16:30:00Z,2026-07-25T18:30:00+0200,1272.63,MW,FR,FR,actual_offshore_wind_generation,Wind Offshore | Actual Aggregated,2026-08-02T14:20:02Z
2026-08-02T14:18:54Z,2026-08-02T16:18:54+0200,d03952b3-6528-494b-a5a9-803d5ba4eea1,2026-07-25T16:45:00Z,2026-07-25T18:45:00+0200,1377.54,MW,FR,FR,actual_offshore_wind_generation,Wind Offshore | Actual Aggregated,2026-08-02T14:20:02Z
2026-08-02T14:18:54Z,2026-08-02T16:18:54+0200,d03952b3-6528-494b-a5a9-803d5ba4eea1,2026-07-25T17:00:00Z,2026-07-25T19:00:00+0200,1454.27,MW,FR,FR,actual_offshore_wind_generation,Wind Offshore | Actual Aggregated,2026-08-02T14:20:02Z
2026-08-02T14:18:54Z,2026-08-02T16:18:54+0200,d03952b3-6528-494b-a5a9-803d5ba4eea1,2026-07-25T17:15:00Z,2026-07-25T19:15:00+0200,1478.39,MW,FR,FR,actual_offshore_wind_generation,Wind Offshore | Actual Aggregated,2026-08-02T14:20:02Z
2026-08-02T14:18:54Z,2026-08-02T16:18:54+0200,d03952b3-6528-494b-a5a9-803d5ba4eea1,2026-07-25T17:30:00Z,2026-07-25T19:30:00+0200,1598.35,MW,FR,FR,actual_offshore_wind_generation,Wind Offshore | Actual Aggregated,2026-08-02T14:20:02Z
2026-08-02T14:18:54Z,2026-08-02T16:18:54+0200,d03952b3-6528-494b-a5a9-803d5ba4eea1,2026-07-25T17:45:00Z,2026-07-25T19:45:00+0200,1598.81,MW,FR,FR,actual_offshore_wind_generation,Wind Offshore | Actual Aggregated,2026-08-02T14:20:02Z
2026-08-02T14:18:54Z,2026-08-02T16:18:54+0200,d03952b3-6528-494b-a5a9-803d5ba4eea1,2026-07-25T18:00:00Z,2026-07-25T20:00:00+0200,1652.71,MW,FR,FR,actual_offshore_wind_generation,Wind Offshore | Actual Aggregated,2026-08-02T14:20:02Z
2026-08-02T14:18:54Z,2026-08-02T16:18:54+0200,d03952b3-6528-494b-a5a9-803d5ba4eea1,2026-07-25T18:15:00Z,2026-07-25T20:15:00+0200,1695.87,MW,FR,FR,actual_offshore_wind_generation,Wind Offshore | Actual Aggregated,2026-08-02T14:20:02Z
2026-08-02T14:18:54Z,2026-08-02T16:18:54+0200,d03952b3-6528-494b-a5a9-803d5ba4eea1,2026-07-25T18:30:00Z,2026-07-25T20:30:00+0200,1694.37,MW,FR,FR,actual_offshore_wind_generation,Wind Offshore | Actual Aggregated,2026-08-02T14:20:02Z
2026-08-02T14:18:54Z,2026-08-02T16:18:54+0200,d03952b3-6528-494b-a5a9-803d5ba4eea1,2026-07-25T18:45:00Z,2026-07-25T20:45:00+0200,1699.75,MW,FR,FR,actual_offshore_wind_generation,Wind Offshore | Actual Aggregated,2026-08-02T14:20:02Z
2026-08-02T14:18:54Z,2026-08-02T16:18:54+0200,d03952b3-6528-494b-a5a9-803d5ba4eea1,2026-07-25T19:00:00Z,2026-07-25T21:00:00+0200,1716.34,MW,FR,FR,actual_offshore_wind_generation,Wind Offshore | Actual Aggregated,2026-08-02T14:20:02Z
2026-08-02T14:18:54Z,2026-08-02T16:18:54+0200,d03952b3-6528-494b-a5a9-803d5ba4eea1,2026-07-25T19:15:00Z,2026-07-25T21:15:00+0200,1752.98,MW,FR,FR,actual_offshore_wind_generation,Wind Offshore | Actual Aggregated,2026-08-02T14:20:02Z
2026-08-02T14:18:54Z,2026-08-02T16:18:54+0200,d03952b3-6528-494b-a5a9-803d5ba4eea1,2026-07-25T19:30:00Z,2026-07-25T21:30:00+0200,1763.28,MW,FR,FR,actual_offshore_wind_generation,Wind Offshore | Actual Aggregated,2026-08-02T14:20:02Z
2026-08-02T14:18:54Z,2026-08-02T16:18:54+0200,d03952b3-6528-494b-a5a9-803d5ba4eea1,2026-07-25T19:45:00Z,2026-07-25T21:45:00+0200,1758.2,MW,FR,FR,actual_offshore_wind_generation,Wind Offshore | Actual Aggregated,2026-08-02T14:20:02Z
2026-08-02T14:18:54Z,2026-08-02T16:18:54+0200,d03952b3-6528-494b-a5a9-803d5ba4eea1,2026-07-25T20:00:00Z,2026-07-25T22:00:00+0200,1762.89,MW,FR,FR,actual_offshore_wind_generation,Wind Offshore | Actual Aggregated,2026-08-02T14:20:02Z
2026-08-02T14:18:54Z,2026-08-02T16:18:54+0200,d03952b3-6528-494b-a5a9-803d5ba4eea1,2026-07-25T20:15:00Z,2026-07-25T22:15:00+0200,1753.93,MW,FR,FR,actual_offshore_wind_generation,Wind Offshore | Actual Aggregated,2026-08-02T14:20:02Z
2026-08-02T14:18:54Z,2026-08-02T16:18:54+0200,d03952b3-6528-494b-a5a9-803d5ba4eea1,2026-07-25T20:30:00Z,2026-07-25T22:30:00+0200,1686.18,MW,FR,FR,actual_offshore_wind_generation,Wind Offshore | Actual Aggregated,2026-08-02T14:20:02Z
2026-08-02T14:18:54Z,2026-08-02T16:18:54+0200,d03952b3-6528-494b-a5a9-803d5ba4eea1,2026-07-25T20:45:00Z,2026-07-25T22:45:00+0200,1676.04,MW,FR,FR,actual_offshore_wind_generation,Wind Offshore | Actual Aggregated,2026-08-02T14:20:02Z
2026-08-02T14:18:54Z,2026-08-02T16:18:54+0200,d03952b3-6528-494b-a5a9-803d5ba4eea1,2026-07-25T21:00:00Z,2026-07-25T23:00:00+0200,1625.01,MW,FR,FR,actual_offshore_wind_generation,Wind Offshore | Actual Aggregated,2026-08-02T14:20:02Z
2026-08-02T14:18:54Z,2026-08-02T16:18:54+0200,d03952b3-6528-494b-a5a9-803d5ba4eea1,2026-07-25T21:15:00Z,2026-07-25T23:15:00+0200,1558.19,MW,FR,FR,actual_offshore_wind_generation,Wind Offshore | Actual Aggregated,2026-08-02T14:20:02Z
2026-08-02T14:18:54Z,2026-08-02T16:18:54+0200,d03952b3-6528-494b-a5a9-803d5ba4eea1,2026-07-25T21:30:00Z,2026-07-25T23:30:00+0200,1466.8,MW,FR,FR,actual_offshore_wind_generation,Wind Offshore | Actual Aggregated,2026-08-02T14:20:02Z
2026-08-02T14:18:54Z,2026-08-02T16:18:54+0200,d03952b3-6528-494b-a5a9-803d5ba4eea1,2026-07-25T21:45:00Z,2026-07-25T23:45:00+0200,1361.75,MW,FR,FR,actual_offshore_wind_generation,Wind Offshore | Actual Aggregated,2026-08-02T14:20:02Z
2026-08-02T14:18:54Z,2026-08-02T16:18:54+0200,d03952b3-6528-494b-a5a9-803d5ba4eea1,2026-07-25T22:00:00Z,2026-07-26T00:00:00+0200,1271.27,MW,FR,FR,actual_offshore_wind_generation,Wind Offshore | Actual Aggregated,2026-08-02T14:20:02Z
2026-08-02T14:18:54Z,2026-08-02T16:18:54+0200,d03952b3-6528-494b-a5a9-803d5ba4eea1,2026-07-25T22:15:00Z,2026-07-26T00:15:00+0200,1186.08,MW,FR,FR,actual_offshore_wind_generation,Wind Offshore | Actual Aggregated,2026-08-02T14:20:02Z
2026-08-02T14:18:54Z,2026-08-02T16:18:54+0200,d03952b3-6528-494b-a5a9-803d5ba4eea1,2026-07-25T22:30:00Z,2026-07-26T00:30:00+0200,1060.35,MW,FR,FR,actual_offshore_wind_generation,Wind Offshore | Actual Aggregated,2026-08-02T14:20:02Z
2026-08-02T14:18:54Z,2026-08-02T16:18:54+0200,d03952b3-6528-494b-a5a9-803d5ba4eea1,2026-07-25T22:45:00Z,2026-07-26T00:45:00+0200,1144.66,MW,FR,FR,actual_offshore_wind_generation,Wind Offshore | Actual Aggregated,2026-08-02T14:20:02Z
2026-08-02T14:18:54Z,2026-08-02T16:18:54+0200,d03952b3-6528-494b-a5a9-803d5ba4eea1,2026-07-25T23:00:00Z,2026-07-26T01:00:00+0200,1175.99,MW,FR,FR,actual_offshore_wind_generation,Wind Offshore | Actual Aggregated,2026-08-02T14:20:02Z
2026-08-02T14:18:54Z,2026-08-02T16:18:54+0200,d03952b3-6528-494b-a5a9-803d5ba4eea1,2026-07-25T23:15:00Z,2026-07-26T01:15:00+0200,1114.16,MW,FR,FR,actual_offshore_wind_generation,Wind Offshore | Actual Aggregated,2026-08-02T14:20:02Z
2026-08-02T14:18:54Z,2026-08-02T16:18:54+0200,d03952b3-6528-494b-a5a9-803d5ba4eea1,2026-07-25T23:30:00Z,2026-07-26T01:30:00+0200,1136.73,MW,FR,FR,actual_offshore_wind_generation,Wind Offshore | Actual Aggregated,2026-08-02T14:20:02Z
2026-08-02T14:18:54Z,2026-08-02T16:18:54+0200,d03952b3-6528-494b-a5a9-803d5ba4eea1,2026-07-25T23:45:00Z,2026-07-26T01:45:00+0200,1267.62,MW,FR,FR,actual_offshore_wind_generation,Wind Offshore | Actual Aggregated,2026-08-02T14:20:02Z
2026-08-02T14:18:54Z,2026-08-02T16:18:54+0200,d03952b3-6528-494b-a5a9-803d5ba4eea1,2026-07-26T00:00:00Z,2026-07-26T02:00:00+0200,1417.97,MW,FR,FR,actual_offshore_wind_generation,Wind Offshore | Actual Aggregated,2026-08-02T14:20:02Z
2026-08-02T14:18:54Z,2026-08-02T16:18:54+0200,d03952b3-6528-494b-a5a9-803d5ba4eea1,2026-07-26T00:15:00Z,2026-07-26T02:15:00+0200,1426.63,MW,FR,FR,actual_offshore_wind_generation,Wind Offshore | Actual Aggregated,2026-08-02T14:20:02Z
2026-08-02T14:18:54Z,2026-08-02T16:18:54+0200,d03952b3-6528-494b-a5a9-803d5ba4eea1,2026-07-26T00:30:00Z,2026-07-26T02:30:00+0200,1343.85,MW,FR,FR,actual_offshore_wind_generation,Wind Offshore | Actual Aggregated,2026-08-02T14:20:02Z
2026-08-02T14:18:54Z,2026-08-02T16:18:54+0200,d03952b3-6528-494b-a5a9-803d5ba4eea1,2026-07-26T00:45:00Z,2026-07-26T02:45:00+0200,1306.45,MW,FR,FR,actual_offshore_wind_generation,Wind Offshore | Actual Aggregated,2026-08-02T14:20:02Z
2026-08-02T14:18:54Z,2026-08-02T16:18:54+0200,d03952b3-6528-494b-a5a9-803d5ba4eea1,2026-07-26T01:00:00Z,2026-07-26T03:00:00+0200,1269.11,MW,FR,FR,actual_offshore_wind_generation,Wind Offshore | Actual Aggregated,2026-08-02T14:20:02Z
2026-08-02T14:18:54Z,2026-08-02T16:18:54+0200,d03952b3-6528-494b-a5a9-803d5ba4eea1,2026-07-26T01:15:00Z,2026-07-26T03:15:00+0200,1252.43,MW,FR,FR,actual_offshore_wind_generation,Wind Offshore | Actual Aggregated,2026-08-02T14:20:02Z
2026-08-02T14:18:54Z,2026-08-02T16:18:54+0200,d03952b3-6528-494b-a5a9-803d5ba4eea1,2026-07-26T01:30:00Z,2026-07-26T03:30:00+0200,1250.65,MW,FR,FR,actual_offshore_wind_generation,Wind Offshore | Actual Aggregated,2026-08-02T14:20:02Z
2026-08-02T14:18:54Z,2026-08-02T16:18:54+0200,d03952b3-6528-494b-a5a9-803d5ba4eea1,2026-07-26T01:45:00Z,2026-07-26T03:45:00+0200,1238.73,MW,FR,FR,actual_offshore_wind_generation,Wind Offshore | Actual Aggregated,2026-08-02T14:20:02Z
2026-08-02T14:18:54Z,2026-08-02T16:18:54+0200,d03952b3-6528-494b-a5a9-803d5ba4eea1,2026-07-26T02:00:00Z,2026-07-26T04:00:00+0200,1194.76,MW,FR,FR,actual_offshore_wind_generation,Wind Offshore | Actual Aggregated,2026-08-02T14:20:02Z
2026-08-02T14:18:54Z,2026-08-02T16:18:54+0200,d03952b3-6528-494b-a5a9-803d5ba4eea1,2026-07-26T02:15:00Z,2026-07-26T04:15:00+0200,1093.13,MW,FR,FR,actual_offshore_wind_generation,Wind Offshore | Actual Aggregated,2026-08-02T14:20:02Z
2026-08-02T14:18:54Z,2026-08-02T16:18:54+0200,d03952b3-6528-494b-a5a9-803d5ba4eea1,2026-07-26T02:30:00Z,2026-07-26T04:30:00+0200,925.86,MW,FR,FR,actual_offshore_wind_generation,Wind Offshore | Actual Aggregated,2026-08-02T14:20:02Z
2026-08-02T14:18:54Z,2026-08-02T16:18:54+0200,d03952b3-6528-494b-a5a9-803d5ba4eea1,2026-07-26T02:45:00Z,2026-07-26T04:45:00+0200,916.03,MW,FR,FR,actual_offshore_wind_generation,Wind Offshore | Actual Aggregated,2026-08-02T14:20:02Z
2026-08-02T14:18:54Z,2026-08-02T16:18:54+0200,d03952b3-6528-494b-a5a9-803d5ba4eea1,2026-07-26T03:00:00Z,2026-07-26T05:00:00+0200,908.49,MW,FR,FR,actual_offshore_wind_generation,Wind Offshore | Actual Aggregated,2026-08-02T14:20:02Z
2026-08-02T14:18:54Z,2026-08-02T16:18:54+0200,d03952b3-6528-494b-a5a9-803d5ba4eea1,2026-07-26T03:15:00Z,2026-07-26T05:15:00+0200,903.42,MW,FR,FR,actual_offshore_wind_generation,Wind Offshore | Actual Aggregated,2026-08-02T14:20:02Z
2026-08-02T14:18:54Z,2026-08-02T16:18:54+0200,d03952b3-6528-494b-a5a9-803d5ba4eea1,2026-07-26T03:30:00Z,2026-07-26T05:30:00+0200,903.47,MW,FR,FR,actual_offshore_wind_generation,Wind Offshore | Actual Aggregated,2026-08-02T14:20:02Z
2026-08-02T14:18:54Z,2026-08-02T16:18:54+0200,d03952b3-6528-494b-a5a9-803d5ba4eea1,2026-07-26T03:45:00Z,2026-07-26T05:45:00+0200,919.11,MW,FR,FR,actual_offshore_wind_generation,Wind Offshore | Actual Aggregated,2026-08-02T14:20:02Z
2026-08-02T14:18:54Z,2026-08-02T16:18:54+0200,d03952b3-6528-494b-a5a9-803d5ba4eea1,2026-07-26T04:00:00Z,2026-07-26T06:00:00+0200,971.82,MW,FR,FR,actual_offshore_wind_generation,Wind Offshore | Actual Aggregated,2026-08-02T14:20:02Z
2026-08-02T14:18:54Z,2026-08-02T16:18:54+0200,d03952b3-6528-494b-a5a9-803d5ba4eea1,2026-07-26T04:15:00Z,2026-07-26T06:15:00+0200,1032.79,MW,FR,FR,actual_offshore_wind_generation,Wind Offshore | Actual Aggregated,2026-08-02T14:20:02Z
2026-08-02T14:18:54Z,2026-08-02T16:18:54+0200,d03952b3-6528-494b-a5a9-803d5ba4eea1,2026-07-26T04:30:00Z,2026-07-26T06:30:00+0200,1026.57,MW,FR,FR,actual_offshore_wind_generation,Wind Offshore | Actual Aggregated,2026-08-02T14:20:02Z
2026-08-02T14:18:54Z,2026-08-02T16:18:54+0200,d03952b3-6528-494b-a5a9-803d5ba4eea1,2026-07-26T04:45:00Z,2026-07-26T06:45:00+0200,1053.89,MW,FR,FR,actual_offshore_wind_generation,Wind Offshore | Actual Aggregated,2026-08-02T14:20:02Z
2026-08-02T14:18:54Z,2026-08-02T16:18:54+0200,d03952b3-6528-494b-a5a9-803d5ba4eea1,2026-07-26T05:00:00Z,2026-07-26T07:00:00+0200,1123.26,MW,FR,FR,actual_offshore_wind_generation,Wind Offshore | Actual Aggregated,2026-08-02T14:20:02Z
2026-08-02T14:18:54Z,2026-08-02T16:18:54+0200,d03952b3-6528-494b-a5a9-803d5ba4eea1,2026-07-26T05:15:00Z,2026-07-26T07:15:00+0200,1105.62,MW,FR,FR,actual_offshore_wind_generation,Wind Offshore | Actual Aggregated,2026-08-02T14:20:02Z
2026-08-02T14:18:54Z,2026-08-02T16:18:54+0200,d03952b3-6528-494b-a5a9-803d5ba4eea1,2026-07-26T05:30:00Z,2026-07-26T07:30:00+0200,1194.51,MW,FR,FR,actual_offshore_wind_generation,Wind Offshore | Actual Aggregated,2026-08-02T14:20:02Z
2026-08-02T14:18:54Z,2026-08-02T16:18:54+0200,d03952b3-6528-494b-a5a9-803d5ba4eea1,2026-07-26T05:45:00Z,2026-07-26T07:45:00+0200,1088.49,MW,FR,FR,actual_offshore_wind_generation,Wind Offshore | Actual Aggregated,2026-08-02T14:20:02Z
2026-08-02T14:18:54Z,2026-08-02T16:18:54+0200,d03952b3-6528-494b-a5a9-803d5ba4eea1,2026-07-26T06:00:00Z,2026-07-26T08:00:00+0200,1025.67,MW,FR,FR,actual_offshore_wind_generation,Wind Offshore | Actual Aggregated,2026-08-02T14:20:02Z
2026-08-02T14:18:54Z,2026-08-02T16:18:54+0200,d03952b3-6528-494b-a5a9-803d5ba4eea1,2026-07-26T06:15:00Z,2026-07-26T08:15:00+0200,976.17,MW,FR,FR,actual_offshore_wind_generation,Wind Offshore | Actual Aggregated,2026-08-02T14:20:02Z
2026-08-02T14:18:54Z,2026-08-02T16:18:54+0200,d03952b3-6528-494b-a5a9-803d5ba4eea1,2026-07-26T06:30:00Z,2026-07-26T08:30:00+0200,1035.82,MW,FR,FR,actual_offshore_wind_generation,Wind Offshore | Actual Aggregated,2026-08-02T14:20:02Z
2026-08-02T14:18:54Z,2026-08-02T16:18:54+0200,d03952b3-6528-494b-a5a9-803d5ba4eea1,2026-07-26T06:45:00Z,2026-07-26T08:45:00+0200,1107.33,MW,FR,FR,actual_offshore_wind_generation,Wind Offshore | Actual Aggregated,2026-08-02T14:20:02Z
2026-08-02T14:18:54Z,2026-08-02T16:18:54+0200,d03952b3-6528-494b-a5a9-803d5ba4eea1,2026-07-26T07:00:00Z,2026-07-26T09:00:00+0200,1089.38,MW,FR,FR,actual_offshore_wind_generation,Wind Offshore | Actual Aggregated,2026-08-02T14:20:02Z
2026-08-02T14:18:54Z,2026-08-02T16:18:54+0200,d03952b3-6528-494b-a5a9-803d5ba4eea1,2026-07-26T07:15:00Z,2026-07-26T09:15:00+0200,1016.16,MW,FR,FR,actual_offshore_wind_generation,Wind Offshore | Actual Aggregated,2026-08-02T14:20:02Z
2026-08-02T14:18:54Z,2026-08-02T16:18:54+0200,d03952b3-6528-494b-a5a9-803d5ba4eea1,2026-07-26T07:30:00Z,2026-07-26T09:30:00+0200,1061.64,MW,FR,FR,actual_offshore_wind_generation,Wind Offshore | Actual Aggregated,2026-08-02T14:20:02Z
2026-08-02T14:18:54Z,2026-08-02T16:18:54+0200,d03952b3-6528-494b-a5a9-803d5ba4eea1,2026-07-26T07:45:00Z,2026-07-26T09:45:00+0200,1091.08,MW,FR,FR,actual_offshore_wind_generation,Wind Offshore | Actual Aggregated,2026-08-02T14:20:02Z
2026-08-02T14:18:54Z,2026-08-02T16:18:54+0200,d03952b3-6528-494b-a5a9-803d5ba4eea1,2026-07-26T08:00:00Z,2026-07-26T10:00:00+0200,1074.34,MW,FR,FR,actual_offshore_wind_generation,Wind Offshore | Actual Aggregated,2026-08-02T14:20:02Z
2026-08-02T14:18:54Z,2026-08-02T16:18:54+0200,d03952b3-6528-494b-a5a9-803d5ba4eea1,2026-07-26T08:15:00Z,2026-07-26T10:15:00+0200,1130.77,MW,FR,FR,actual_offshore_wind_generation,Wind Offshore | Actual Aggregated,2026-08-02T14:20:02Z
2026-08-02T14:18:54Z,2026-08-02T16:18:54+0200,d03952b3-6528-494b-a5a9-803d5ba4eea1,2026-07-26T08:30:00Z,2026-07-26T10:30:00+0200,1128.69,MW,FR,FR,actual_offshore_wind_generation,Wind Offshore | Actual Aggregated,2026-08-02T14:20:02Z
2026-08-02T14:18:54Z,2026-08-02T16:18:54+0200,d03952b3-6528-494b-a5a9-803d5ba4eea1,2026-07-26T08:45:00Z,2026-07-26T10:45:00+0200,1128.64,MW,FR,FR,actual_offshore_wind_generation,Wind Offshore | Actual Aggregated,2026-08-02T14:20:02Z
2026-08-02T14:18:54Z,2026-08-02T16:18:54+0200,d03952b3-6528-494b-a5a9-803d5ba4eea1,2026-07-26T09:00:00Z,2026-07-26T11:00:00+0200,1314.13,MW,FR,FR,actual_offshore_wind_generation,Wind Offshore | Actual Aggregated,2026-08-02T14:20:02Z
2026-08-02T14:18:54Z,2026-08-02T16:18:54+0200,d03952b3-6528-494b-a5a9-803d5ba4eea1,2026-07-26T09:15:00Z,2026-07-26T11:15:00+0200,1270.62,MW,FR,FR,actual_offshore_wind_generation,Wind Offshore | Actual Aggregated,2026-08-02T14:20:02Z
2026-08-02T14:18:54Z,2026-08-02T16:18:54+0200,d03952b3-6528-494b-a5a9-803d5ba4eea1,2026-07-26T09:30:00Z,2026-07-26T11:30:00+0200,1258.18,MW,FR,FR,actual_offshore_wind_generation,Wind Offshore | Actual Aggregated,2026-08-02T14:20:02Z
2026-08-02T14:18:54Z,2026-08-02T16:18:54+0200,d03952b3-6528-494b-a5a9-803d5ba4eea1,2026-07-26T09:45:00Z,2026-07-26T11:45:00+0200,1194.84,MW,FR,FR,actual_offshore_wind_generation,Wind Offshore | Actual Aggregated,2026-08-02T14:20:02Z
2026-08-02T14:18:54Z,2026-08-02T16:18:54+0200,d03952b3-6528-494b-a5a9-803d5ba4eea1,2026-07-26T10:00:00Z,2026-07-26T12:00:00+0200,1303.08,MW,FR,FR,actual_offshore_wind_generation,Wind Offshore | Actual Aggregated,2026-08-02T14:20:02Z
2026-08-02T14:18:54Z,2026-08-02T16:18:54+0200,d03952b3-6528-494b-a5a9-803d5ba4eea1,2026-07-26T10:15:00Z,2026-07-26T12:15:00+0200,1329.7,MW,FR,FR,actual_offshore_wind_generation,Wind Offshore | Actual Aggregated,2026-08-02T14:20:02Z
2026-08-02T14:18:54Z,2026-08-02T16:18:54+0200,d03952b3-6528-494b-a5a9-803d5ba4eea1,2026-07-26T10:30:00Z,2026-07-26T12:30:00+0200,1374.63,MW,FR,FR,actual_offshore_wind_generation,Wind Offshore | Actual Aggregated,2026-08-02T14:20:02Z
2026-08-02T14:18:54Z,2026-08-02T16:18:54+0200,d03952b3-6528-494b-a5a9-803d5ba4eea1,2026-07-26T10:45:00Z,2026-07-26T12:45:00+0200,1327.76,MW,FR,FR,actual_offshore_wind_generation,Wind Offshore | Actual Aggregated,2026-08-02T14:20:02Z
2026-08-02T14:18:54Z,2026-08-02T16:18:54+0200,d03952b3-6528-494b-a5a9-803d5ba4eea1,2026-07-26T11:00:00Z,2026-07-26T13:00:00+0200,668.9,MW,FR,FR,actual_offshore_wind_generation,Wind Offshore | Actual Aggregated,2026-08-02T14:20:02Z
2026-08-02T14:18:54Z,2026-08-02T16:18:54+0200,d03952b3-6528-494b-a5a9-803d5ba4eea1,2026-07-26T11:15:00Z,2026-07-26T13:15:00+0200,433.77,MW,FR,FR,actual_offshore_wind_generation,Wind Offshore | Actual Aggregated,2026-08-02T14:20:02Z
2026-08-02T14:18:54Z,2026-08-02T16:18:54+0200,d03952b3-6528-494b-a5a9-803d5ba4eea1,2026-07-26T11:30:00Z,2026-07-26T13:30:00+0200,189.36,MW,FR,FR,actual_offshore_wind_generation,Wind Offshore | Actual Aggregated,2026-08-02T14:20:02Z
2026-08-02T14:18:54Z,2026-08-02T16:18:54+0200,d03952b3-6528-494b-a5a9-803d5ba4eea1,2026-07-26T11:45:00Z,2026-07-26T13:45:00+0200,186.79,MW,FR,FR,actual_offshore_wind_generation,Wind Offshore | Actual Aggregated,2026-08-02T14:20:02Z
2026-08-02T14:18:54Z,2026-08-02T16:18:54+0200,d03952b3-6528-494b-a5a9-803d5ba4eea1,2026-07-26T12:00:00Z,2026-07-26T14:00:00+0200,187.9,MW,FR,FR,actual_offshore_wind_generation,Wind Offshore | Actual Aggregated,2026-08-02T14:20:02Z
2026-08-02T14:18:54Z,2026-08-02T16:18:54+0200,d03952b3-6528-494b-a5a9-803d5ba4eea1,2026-07-26T12:15:00Z,2026-07-26T14:15:00+0200,187.38,MW,FR,FR,actual_offshore_wind_generation,Wind Offshore | Actual Aggregated,2026-08-02T14:20:02Z
2026-08-02T14:18:54Z,2026-08-02T16:18:54+0200,d03952b3-6528-494b-a5a9-803d5ba4eea1,2026-07-26T12:30:00Z,2026-07-26T14:30:00+0200,194.96,MW,FR,FR,actual_offshore_wind_generation,Wind Offshore | Actual Aggregated,2026-08-02T14:20:02Z
2026-08-02T14:18:54Z,2026-08-02T16:18:54+0200,d03952b3-6528-494b-a5a9-803d5ba4eea1,2026-07-26T12:45:00Z,2026-07-26T14:45:00+0200,193.67,MW,FR,FR,actual_offshore_wind_generation,Wind Offshore | Actual Aggregated,2026-08-02T14:20:02Z
2026-08-02T14:18:54Z,2026-08-02T16:18:54+0200,d03952b3-6528-494b-a5a9-803d5ba4eea1,2026-07-26T13:00:00Z,2026-07-26T15:00:00+0200,194.2,MW,FR,FR,actual_offshore_wind_generation,Wind Offshore | Actual Aggregated,2026-08-02T14:20:02Z
2026-08-02T14:18:54Z,2026-08-02T16:18:54+0200,d03952b3-6528-494b-a5a9-803d5ba4eea1,2026-07-26T13:15:00Z,2026-07-26T15:15:00+0200,194.58,MW,FR,FR,actual_offshore_wind_generation,Wind Offshore | Actual Aggregated,2026-08-02T14:20:02Z
2026-08-02T14:18:54Z,2026-08-02T16:18:54+0200,d03952b3-6528-494b-a5a9-803d5ba4eea1,2026-07-26T13:30:00Z,2026-07-26T15:30:00+0200,194.79,MW,FR,FR,actual_offshore_wind_generation,Wind Offshore | Actual Aggregated,2026-08-02T14:20:02Z
2026-08-02T14:18:54Z,2026-08-02T16:18:54+0200,d03952b3-6528-494b-a5a9-803d5ba4eea1,2026-07-26T13:45:00Z,2026-07-26T15:45:00+0200,194.66,MW,FR,FR,actual_offshore_wind_generation,Wind Offshore | Actual Aggregated,2026-08-02T14:20:02Z
2026-08-02T14:18:54Z,2026-08-02T16:18:54+0200,d03952b3-6528-494b-a5a9-803d5ba4eea1,2026-07-26T14:00:00Z,2026-07-26T16:00:00+0200,194.67,MW,FR,FR,actual_offshore_wind_generation,Wind Offshore | Actual Aggregated,2026-08-02T14:20:02Z
2026-08-02T14:18:54Z,2026-08-02T16:18:54+0200,d03952b3-6528-494b-a5a9-803d5ba4eea1,2026-07-26T14:15:00Z,2026-07-26T16:15:00+0200,194.71,MW,FR,FR,actual_offshore_wind_generation,Wind Offshore | Actual Aggregated,2026-08-02T14:20:02Z
2026-08-02T14:18:54Z,2026-08-02T16:18:54+0200,d03952b3-6528-494b-a5a9-803d5ba4eea1,2026-07-26T14:30:00Z,2026-07-26T16:30:00+0200,194.59,MW,FR,FR,actual_offshore_wind_generation,Wind Offshore | Actual Aggregated,2026-08-02T14:20:02Z
2026-08-02T14:18:54Z,2026-08-02T16:18:54+0200,d03952b3-6528-494b-a5a9-803d5ba4eea1,2026-07-26T14:45:00Z,2026-07-26T16:45:00+0200,194.79,MW,FR,FR,actual_offshore_wind_generation,Wind Offshore | Actual Aggregated,2026-08-02T14:20:02Z
2026-08-02T14:18:54Z,2026-08-02T16:18:54+0200,d03952b3-6528-494b-a5a9-803d5ba4eea1,2026-07-26T15:00:00Z,2026-07-26T17:00:00+0200,195.07,MW,FR,FR,actual_offshore_wind_generation,Wind Offshore | Actual Aggregated,2026-08-02T14:20:02Z
2026-08-02T14:18:54Z,2026-08-02T16:18:54+0200,d03952b3-6528-494b-a5a9-803d5ba4eea1,2026-07-26T15:15:00Z,2026-07-26T17:15:00+0200,296.15,MW,FR,FR,actual_offshore_wind_generation,Wind Offshore | Actual Aggregated,2026-08-02T14:20:02Z
2026-08-02T14:18:54Z,2026-08-02T16:18:54+0200,d03952b3-6528-494b-a5a9-803d5ba4eea1,2026-07-26T15:30:00Z,2026-07-26T17:30:00+0200,529.47,MW,FR,FR,actual_offshore_wind_generation,Wind Offshore | Actual Aggregated,2026-08-02T14:20:02Z
2026-08-02T14:18:54Z,2026-08-02T16:18:54+0200,d03952b3-6528-494b-a5a9-803d5ba4eea1,2026-07-26T15:45:00Z,2026-07-26T17:45:00+0200,422.0,MW,FR,FR,actual_offshore_wind_generation,Wind Offshore | Actual Aggregated,2026-08-02T14:20:02Z
2026-08-02T14:18:54Z,2026-08-02T16:18:54+0200,d03952b3-6528-494b-a5a9-803d5ba4eea1,2026-07-26T16:00:00Z,2026-07-26T18:00:00+0200,207.74,MW,FR,FR,actual_offshore_wind_generation,Wind Offshore | Actual Aggregated,2026-08-02T14:20:02Z
2026-08-02T14:18:54Z,2026-08-02T16:18:54+0200,d03952b3-6528-494b-a5a9-803d5ba4eea1,2026-07-26T16:15:00Z,2026-07-26T18:15:00+0200,200.37,MW,FR,FR,actual_offshore_wind_generation,Wind Offshore | Actual Aggregated,2026-08-02T14:20:02Z
2026-08-02T14:18:54Z,2026-08-02T16:18:54+0200,d03952b3-6528-494b-a5a9-803d5ba4eea1,2026-07-26T16:30:00Z,2026-07-26T18:30:00+0200,200.46,MW,FR,FR,actual_offshore_wind_generation,Wind Offshore | Actual Aggregated,2026-08-02T14:20:02Z
2026-08-02T14:18:54Z,2026-08-02T16:18:54+0200,d03952b3-6528-494b-a5a9-803d5ba4eea1,2026-07-26T16:45:00Z,2026-07-26T18:45:00+0200,200.4,MW,FR,FR,actual_offshore_wind_generation,Wind Offshore | Actual Aggregated,2026-08-02T14:20:02Z
2026-08-02T14:18:54Z,2026-08-02T16:18:54+0200,d03952b3-6528-494b-a5a9-803d5ba4eea1,2026-07-26T17:00:00Z,2026-07-26T19:00:00+0200,641.26,MW,FR,FR,actual_offshore_wind_generation,Wind Offshore | Actual Aggregated,2026-08-02T14:20:02Z
2026-08-02T14:18:54Z,2026-08-02T16:18:54+0200,d03952b3-6528-494b-a5a9-803d5ba4eea1,2026-07-26T17:15:00Z,2026-07-26T19:15:00+0200,1007.38,MW,FR,FR,actual_offshore_wind_generation,Wind Offshore | Actual Aggregated,2026-08-02T14:20:02Z
2026-08-02T14:18:54Z,2026-08-02T16:18:54+0200,d03952b3-6528-494b-a5a9-803d5ba4eea1,2026-07-26T17:30:00Z,2026-07-26T19:30:00+0200,1081.04,MW,FR,FR,actual_offshore_wind_generation,Wind Offshore | Actual Aggregated,2026-08-02T14:20:02Z
2026-08-02T14:18:54Z,2026-08-02T16:18:54+0200,d03952b3-6528-494b-a5a9-803d5ba4eea1,2026-07-26T17:45:00Z,2026-07-26T19:45:00+0200,1347.19,MW,FR,FR,actual_offshore_wind_generation,Wind Offshore | Actual Aggregated,2026-08-02T14:20:02Z
2026-08-02T14:18:54Z,2026-08-02T16:18:54+0200,d03952b3-6528-494b-a5a9-803d5ba4eea1,2026-07-26T18:00:00Z,2026-07-26T20:00:00+0200,1434.38,MW,FR,FR,actual_offshore_wind_generation,Wind Offshore | Actual Aggregated,2026-08-02T14:20:02Z
2026-08-02T14:18:54Z,2026-08-02T16:18:54+0200,d03952b3-6528-494b-a5a9-803d5ba4eea1,2026-07-26T18:15:00Z,2026-07-26T20:15:00+0200,1692.56,MW,FR,FR,actual_offshore_wind_generation,Wind Offshore | Actual Aggregated,2026-08-02T14:20:02Z
2026-08-02T14:18:54Z,2026-08-02T16:18:54+0200,d03952b3-6528-494b-a5a9-803d5ba4eea1,2026-07-26T18:30:00Z,2026-07-26T20:30:00+0200,1748.49,MW,FR,FR,actual_offshore_wind_generation,Wind Offshore | Actual Aggregated,2026-08-02T14:20:02Z
2026-08-02T14:18:54Z,2026-08-02T16:18:54+0200,d03952b3-6528-494b-a5a9-803d5ba4eea1,2026-07-26T18:45:00Z,2026-07-26T20:45:00+0200,1764.41,MW,FR,FR,actual_offshore_wind_generation,Wind Offshore | Actual Aggregated,2026-08-02T14:20:02Z
2026-08-02T14:18:54Z,2026-08-02T16:18:54+0200,d03952b3-6528-494b-a5a9-803d5ba4eea1,2026-07-26T19:00:00Z,2026-07-26T21:00:00+0200,1818.58,MW,FR,FR,actual_offshore_wind_generation,Wind Offshore | Actual Aggregated,2026-08-02T14:20:02Z
2026-08-02T14:18:54Z,2026-08-02T16:18:54+0200,d03952b3-6528-494b-a5a9-803d5ba4eea1,2026-07-26T19:15:00Z,2026-07-26T21:15:00+0200,1812.29,MW,FR,FR,actual_offshore_wind_generation,Wind Offshore | Actual Aggregated,2026-08-02T14:20:02Z
2026-08-02T14:18:54Z,2026-08-02T16:18:54+0200,d03952b3-6528-494b-a5a9-803d5ba4eea1,2026-07-26T19:30:00Z,2026-07-26T21:30:00+0200,1790.98,MW,FR,FR,actual_offshore_wind_generation,Wind Offshore | Actual Aggregated,2026-08-02T14:20:02Z
2026-08-02T14:18:54Z,2026-08-02T16:18:54+0200,d03952b3-6528-494b-a5a9-803d5ba4eea1,2026-07-26T19:45:00Z,2026-07-26T21:45:00+0200,1818.45,MW,FR,FR,actual_offshore_wind_generation,Wind Offshore | Actual Aggregated,2026-08-02T14:20:02Z
2026-08-02T14:18:54Z,2026-08-02T16:18:54+0200,d03952b3-6528-494b-a5a9-803d5ba4eea1,2026-07-26T20:00:00Z,2026-07-26T22:00:00+0200,1825.18,MW,FR,FR,actual_offshore_wind_generation,Wind Offshore | Actual Aggregated,2026-08-02T14:20:02Z
2026-08-02T14:18:54Z,2026-08-02T16:18:54+0200,d03952b3-6528-494b-a5a9-803d5ba4eea1,2026-07-26T20:15:00Z,2026-07-26T22:15:00+0200,1802.54,MW,FR,FR,actual_offshore_wind_generation,Wind Offshore | Actual Aggregated,2026-08-02T14:20:02Z
2026-08-02T14:18:54Z,2026-08-02T16:18:54+0200,d03952b3-6528-494b-a5a9-803d5ba4eea1,2026-07-26T20:30:00Z,2026-07-26T22:30:00+0200,1778.5,MW,FR,FR,actual_offshore_wind_generation,Wind Offshore | Actual Aggregated,2026-08-02T14:20:02Z
2026-08-02T14:18:54Z,2026-08-02T16:18:54+0200,d03952b3-6528-494b-a5a9-803d5ba4eea1,2026-07-26T20:45:00Z,2026-07-26T22:45:00+0200,1789.04,MW,FR,FR,actual_offshore_wind_generation,Wind Offshore | Actual Aggregated,2026-08-02T14:20:02Z
2026-08-02T14:18:54Z,2026-08-02T16:18:54+0200,d03952b3-6528-494b-a5a9-803d5ba4eea1,2026-07-26T21:00:00Z,2026-07-26T23:00:00+0200,1776.82,MW,FR,FR,actual_offshore_wind_generation,Wind Offshore | Actual Aggregated,2026-08-02T14:20:02Z
2026-08-02T14:18:54Z,2026-08-02T16:18:54+0200,d03952b3-6528-494b-a5a9-803d5ba4eea1,2026-07-26T21:15:00Z,2026-07-26T23:15:00+0200,1725.57,MW,FR,FR,actual_offshore_wind_generation,Wind Offshore | Actual Aggregated,2026-08-02T14:20:02Z
2026-08-02T14:18:54Z,2026-08-02T16:18:54+0200,d03952b3-6528-494b-a5a9-803d5ba4eea1,2026-07-26T21:30:00Z,2026-07-26T23:30:00+0200,1641.97,MW,FR,FR,actual_offshore_wind_generation,Wind Offshore | Actual Aggregated,2026-08-02T14:20:02Z
2026-08-02T14:18:54Z,2026-08-02T16:18:54+0200,d03952b3-6528-494b-a5a9-803d5ba4eea1,2026-07-26T21:45:00Z,2026-07-26T23:45:00+0200,1575.22,MW,FR,FR,actual_offshore_wind_generation,Wind Offshore | Actual Aggregated,2026-08-02T14:20:02Z
2026-08-02T14:18:54Z,2026-08-02T16:18:54+0200,d03952b3-6528-494b-a5a9-803d5ba4eea1,2026-07-26T22:00:00Z,2026-07-27T00:00:00+0200,1563.75,MW,FR,FR,actual_offshore_wind_generation,Wind Offshore | Actual Aggregated,2026-08-02T14:20:02Z
2026-08-02T14:18:54Z,2026-08-02T16:18:54+0200,d03952b3-6528-494b-a5a9-803d5ba4eea1,2026-07-26T22:15:00Z,2026-07-27T00:15:00+0200,1522.22,MW,FR,FR,actual_offshore_wind_generation,Wind Offshore | Actual Aggregated,2026-08-02T14:20:02Z
2026-08-02T14:18:54Z,2026-08-02T16:18:54+0200,d03952b3-6528-494b-a5a9-803d5ba4eea1,2026-07-26T22:30:00Z,2026-07-27T00:30:00+0200,1429.31,MW,FR,FR,actual_offshore_wind_generation,Wind Offshore | Actual Aggregated,2026-08-02T14:20:02Z
2026-08-02T14:18:54Z,2026-08-02T16:18:54+0200,d03952b3-6528-494b-a5a9-803d5ba4eea1,2026-07-26T22:45:00Z,2026-07-27T00:45:00+0200,1376.16,MW,FR,FR,actual_offshore_wind_generation,Wind Offshore | Actual Aggregated,2026-08-02T14:20:02Z
2026-08-02T14:18:54Z,2026-08-02T16:18:54+0200,d03952b3-6528-494b-a5a9-803d5ba4eea1,2026-07-26T23:00:00Z,2026-07-27T01:00:00+0200,1299.53,MW,FR,FR,actual_offshore_wind_generation,Wind Offshore | Actual Aggregated,2026-08-02T14:20:02Z
2026-08-02T14:18:54Z,2026-08-02T16:18:54+0200,d03952b3-6528-494b-a5a9-803d5ba4eea1,2026-07-26T23:15:00Z,2026-07-27T01:15:00+0200,1253.16,MW,FR,FR,actual_offshore_wind_generation,Wind Offshore | Actual Aggregated,2026-08-02T14:20:02Z
2026-08-02T14:18:54Z,2026-08-02T16:18:54+0200,d03952b3-6528-494b-a5a9-803d5ba4eea1,2026-07-26T23:30:00Z,2026-07-27T01:30:00+0200,1155.39,MW,FR,FR,actual_offshore_wind_generation,Wind Offshore | Actual Aggregated,2026-08-02T14:20:02Z
2026-08-02T14:18:54Z,2026-08-02T16:18:54+0200,d03952b3-6528-494b-a5a9-803d5ba4eea1,2026-07-26T23:45:00Z,2026-07-27T01:45:00+0200,1049.77,MW,FR,FR,actual_offshore_wind_generation,Wind Offshore | Actual Aggregated,2026-08-02T14:20:02Z
2026-08-02T14:18:54Z,2026-08-02T16:18:54+0200,d03952b3-6528-494b-a5a9-803d5ba4eea1,2026-07-27T00:00:00Z,2026-07-27T02:00:00+0200,998.9,MW,FR,FR,actual_offshore_wind_generation,Wind Offshore | Actual Aggregated,2026-08-02T14:20:02Z
2026-08-02T14:18:54Z,2026-08-02T16:18:54+0200,d03952b3-6528-494b-a5a9-803d5ba4eea1,2026-07-27T00:15:00Z,2026-07-27T02:15:00+0200,962.86,MW,FR,FR,actual_offshore_wind_generation,Wind Offshore | Actual Aggregated,2026-08-02T14:20:02Z
2026-08-02T14:18:54Z,2026-08-02T16:18:54+0200,d03952b3-6528-494b-a5a9-803d5ba4eea1,2026-07-27T00:30:00Z,2026-07-27T02:30:00+0200,928.56,MW,FR,FR,actual_offshore_wind_generation,Wind Offshore | Actual Aggregated,2026-08-02T14:20:02Z
2026-08-02T14:18:54Z,2026-08-02T16:18:54+0200,d03952b3-6528-494b-a5a9-803d5ba4eea1,2026-07-27T00:45:00Z,2026-07-27T02:45:00+0200,861.42,MW,FR,FR,actual_offshore_wind_generation,Wind Offshore | Actual Aggregated,2026-08-02T14:20:02Z
2026-08-02T14:18:54Z,2026-08-02T16:18:54+0200,d03952b3-6528-494b-a5a9-803d5ba4eea1,2026-07-27T01:00:00Z,2026-07-27T03:00:00+0200,825.29,MW,FR,FR,actual_offshore_wind_generation,Wind Offshore | Actual Aggregated,2026-08-02T14:20:02Z
2026-08-02T14:18:54Z,2026-08-02T16:18:54+0200,d03952b3-6528-494b-a5a9-803d5ba4eea1,2026-07-27T01:15:00Z,2026-07-27T03:15:00+0200,814.62,MW,FR,FR,actual_offshore_wind_generation,Wind Offshore | Actual Aggregated,2026-08-02T14:20:02Z
2026-08-02T14:18:54Z,2026-08-02T16:18:54+0200,d03952b3-6528-494b-a5a9-803d5ba4eea1,2026-07-27T01:30:00Z,2026-07-27T03:30:00+0200,798.91,MW,FR,FR,actual_offshore_wind_generation,Wind Offshore | Actual Aggregated,2026-08-02T14:20:02Z
2026-08-02T14:18:54Z,2026-08-02T16:18:54+0200,d03952b3-6528-494b-a5a9-803d5ba4eea1,2026-07-27T01:45:00Z,2026-07-27T03:45:00+0200,815.31,MW,FR,FR,actual_offshore_wind_generation,Wind Offshore | Actual Aggregated,2026-08-02T14:20:02Z
2026-08-02T14:18:54Z,2026-08-02T16:18:54+0200,d03952b3-6528-494b-a5a9-803d5ba4eea1,2026-07-27T02:00:00Z,2026-07-27T04:00:00+0200,813.06,MW,FR,FR,actual_offshore_wind_generation,Wind Offshore | Actual Aggregated,2026-08-02T14:20:02Z
2026-08-02T14:18:54Z,2026-08-02T16:18:54+0200,d03952b3-6528-494b-a5a9-803d5ba4eea1,2026-07-27T02:15:00Z,2026-07-27T04:15:00+0200,727.22,MW,FR,FR,actual_offshore_wind_generation,Wind Offshore | Actual Aggregated,2026-08-02T14:20:02Z
2026-08-02T14:18:54Z,2026-08-02T16:18:54+0200,d03952b3-6528-494b-a5a9-803d5ba4eea1,2026-07-27T02:30:00Z,2026-07-27T04:30:00+0200,726.82,MW,FR,FR,actual_offshore_wind_generation,Wind Offshore | Actual Aggregated,2026-08-02T14:20:02Z
2026-08-02T14:18:54Z,2026-08-02T16:18:54+0200,d03952b3-6528-494b-a5a9-803d5ba4eea1,2026-07-27T02:45:00Z,2026-07-27T04:45:00+0200,749.36,MW,FR,FR,actual_offshore_wind_generation,Wind Offshore | Actual Aggregated,2026-08-02T14:20:02Z
2026-08-02T14:18:54Z,2026-08-02T16:18:54+0200,d03952b3-6528-494b-a5a9-803d5ba4eea1,2026-07-27T03:00:00Z,2026-07-27T05:00:00+0200,763.24,MW,FR,FR,actual_offshore_wind_generation,Wind Offshore | Actual Aggregated,2026-08-02T14:20:02Z
2026-08-02T14:18:54Z,2026-08-02T16:18:54+0200,d03952b3-6528-494b-a5a9-803d5ba4eea1,2026-07-27T03:15:00Z,2026-07-27T05:15:00+0200,761.83,MW,FR,FR,actual_offshore_wind_generation,Wind Offshore | Actual Aggregated,2026-08-02T14:20:02Z
2026-08-02T14:18:54Z,2026-08-02T16:18:54+0200,d03952b3-6528-494b-a5a9-803d5ba4eea1,2026-07-27T03:30:00Z,2026-07-27T05:30:00+0200,706.76,MW,FR,FR,actual_offshore_wind_generation,Wind Offshore | Actual Aggregated,2026-08-02T14:20:02Z
2026-08-02T14:18:54Z,2026-08-02T16:18:54+0200,d03952b3-6528-494b-a5a9-803d5ba4eea1,2026-07-27T03:45:00Z,2026-07-27T05:45:00+0200,697.24,MW,FR,FR,actual_offshore_wind_generation,Wind Offshore | Actual Aggregated,2026-08-02T14:20:02Z
2026-08-02T14:18:54Z,2026-08-02T16:18:54+0200,d03952b3-6528-494b-a5a9-803d5ba4eea1,2026-07-27T04:00:00Z,2026-07-27T06:00:00+0200,653.72,MW,FR,FR,actual_offshore_wind_generation,Wind Offshore | Actual Aggregated,2026-08-02T14:20:02Z
2026-08-02T14:18:54Z,2026-08-02T16:18:54+0200,d03952b3-6528-494b-a5a9-803d5ba4eea1,2026-07-27T04:15:00Z,2026-07-27T06:15:00+0200,596.66,MW,FR,FR,actual_offshore_wind_generation,Wind Offshore | Actual Aggregated,2026-08-02T14:20:02Z
2026-08-02T14:18:54Z,2026-08-02T16:18:54+0200,d03952b3-6528-494b-a5a9-803d5ba4eea1,2026-07-27T04:30:00Z,2026-07-27T06:30:00+0200,546.53,MW,FR,FR,actual_offshore_wind_generation,Wind Offshore | Actual Aggregated,2026-08-02T14:20:02Z
2026-08-02T14:18:54Z,2026-08-02T16:18:54+0200,d03952b3-6528-494b-a5a9-803d5ba4eea1,2026-07-27T04:45:00Z,2026-07-27T06:45:00+0200,502.1,MW,FR,FR,actual_offshore_wind_generation,Wind Offshore | Actual Aggregated,2026-08-02T14:20:02Z
2026-08-02T14:18:54Z,2026-08-02T16:18:54+0200,d03952b3-6528-494b-a5a9-803d5ba4eea1,2026-07-27T05:00:00Z,2026-07-27T07:00:00+0200,488.36,MW,FR,FR,actual_offshore_wind_generation,Wind Offshore | Actual Aggregated,2026-08-02T14:20:02Z
2026-08-02T14:18:54Z,2026-08-02T16:18:54+0200,d03952b3-6528-494b-a5a9-803d5ba4eea1,2026-07-27T05:15:00Z,2026-07-27T07:15:00+0200,485.03,MW,FR,FR,actual_offshore_wind_generation,Wind Offshore | Actual Aggregated,2026-08-02T14:20:02Z
2026-08-02T14:18:54Z,2026-08-02T16:18:54+0200,d03952b3-6528-494b-a5a9-803d5ba4eea1,2026-07-27T05:30:00Z,2026-07-27T07:30:00+0200,477.36,MW,FR,FR,actual_offshore_wind_generation,Wind Offshore | Actual Aggregated,2026-08-02T14:20:02Z
2026-08-02T14:18:54Z,2026-08-02T16:18:54+0200,d03952b3-6528-494b-a5a9-803d5ba4eea1,2026-07-27T05:45:00Z,2026-07-27T07:45:00+0200,473.05,MW,FR,FR,actual_offshore_wind_generation,Wind Offshore | Actual Aggregated,2026-08-02T14:20:02Z
2026-08-02T14:18:54Z,2026-08-02T16:18:54+0200,d03952b3-6528-494b-a5a9-803d5ba4eea1,2026-07-27T06:00:00Z,2026-07-27T08:00:00+0200,443.75,MW,FR,FR,actual_offshore_wind_generation,Wind Offshore | Actual Aggregated,2026-08-02T14:20:02Z
2026-08-02T14:18:54Z,2026-08-02T16:18:54+0200,d03952b3-6528-494b-a5a9-803d5ba4eea1,2026-07-27T06:15:00Z,2026-07-27T08:15:00+0200,389.24,MW,FR,FR,actual_offshore_wind_generation,Wind Offshore | Actual Aggregated,2026-08-02T14:20:02Z
2026-08-02T14:18:54Z,2026-08-02T16:18:54+0200,d03952b3-6528-494b-a5a9-803d5ba4eea1,2026-07-27T06:30:00Z,2026-07-27T08:30:00+0200,317.43,MW,FR,FR,actual_offshore_wind_generation,Wind Offshore | Actual Aggregated,2026-08-02T14:20:02Z
2026-08-02T14:18:54Z,2026-08-02T16:18:54+0200,d03952b3-6528-494b-a5a9-803d5ba4eea1,2026-07-27T06:45:00Z,2026-07-27T08:45:00+0200,282.1,MW,FR,FR,actual_offshore_wind_generation,Wind Offshore | Actual Aggregated,2026-08-02T14:20:02Z
2026-08-02T14:18:54Z,2026-08-02T16:18:54+0200,d03952b3-6528-494b-a5a9-803d5ba4eea1,2026-07-27T07:00:00Z,2026-07-27T09:00:00+0200,252.92,MW,FR,FR,actual_offshore_wind_generation,Wind Offshore | Actual Aggregated,2026-08-02T14:20:02Z
2026-08-02T14:18:54Z,2026-08-02T16:18:54+0200,d03952b3-6528-494b-a5a9-803d5ba4eea1,2026-07-27T07:15:00Z,2026-07-27T09:15:00+0200,269.15,MW,FR,FR,actual_offshore_wind_generation,Wind Offshore | Actual Aggregated,2026-08-02T14:20:02Z
2026-08-02T14:18:54Z,2026-08-02T16:18:54+0200,d03952b3-6528-494b-a5a9-803d5ba4eea1,2026-07-27T07:30:00Z,2026-07-27T09:30:00+0200,258.21,MW,FR,FR,actual_offshore_wind_generation,Wind Offshore | Actual Aggregated,2026-08-02T14:20:02Z
2026-08-02T14:18:54Z,2026-08-02T16:18:54+0200,d03952b3-6528-494b-a5a9-803d5ba4eea1,2026-07-27T07:45:00Z,2026-07-27T09:45:00+0200,225.83,MW,FR,FR,actual_offshore_wind_generation,Wind Offshore | Actual Aggregated,2026-08-02T14:20:02Z
2026-08-02T14:18:54Z,2026-08-02T16:18:54+0200,d03952b3-6528-494b-a5a9-803d5ba4eea1,2026-07-27T08:00:00Z,2026-07-27T10:00:00+0200,209.07,MW,FR,FR,actual_offshore_wind_generation,Wind Offshore | Actual Aggregated,2026-08-02T14:20:02Z
2026-08-02T14:18:54Z,2026-08-02T16:18:54+0200,d03952b3-6528-494b-a5a9-803d5ba4eea1,2026-07-27T08:15:00Z,2026-07-27T10:15:00+0200,191.69,MW,FR,FR,actual_offshore_wind_generation,Wind Offshore | Actual Aggregated,2026-08-02T14:20:02Z
2026-08-02T14:18:54Z,2026-08-02T16:18:54+0200,d03952b3-6528-494b-a5a9-803d5ba4eea1,2026-07-27T08:30:00Z,2026-07-27T10:30:00+0200,175.91,MW,FR,FR,actual_offshore_wind_generation,Wind Offshore | Actual Aggregated,2026-08-02T14:20:02Z
2026-08-02T14:18:54Z,2026-08-02T16:18:54+0200,d03952b3-6528-494b-a5a9-803d5ba4eea1,2026-07-27T08:45:00Z,2026-07-27T10:45:00+0200,153.04,MW,FR,FR,actual_offshore_wind_generation,Wind Offshore | Actual Aggregated,2026-08-02T14:20:02Z
2026-08-02T14:18:54Z,2026-08-02T16:18:54+0200,d03952b3-6528-494b-a5a9-803d5ba4eea1,2026-07-27T09:00:00Z,2026-07-27T11:00:00+0200,140.95,MW,FR,FR,actual_offshore_wind_generation,Wind Offshore | Actual Aggregated,2026-08-02T14:20:02Z
2026-08-02T14:18:54Z,2026-08-02T16:18:54+0200,d03952b3-6528-494b-a5a9-803d5ba4eea1,2026-07-27T09:15:00Z,2026-07-27T11:15:00+0200,150.99,MW,FR,FR,actual_offshore_wind_generation,Wind Offshore | Actual Aggregated,2026-08-02T14:20:02Z
2026-08-02T14:18:54Z,2026-08-02T16:18:54+0200,d03952b3-6528-494b-a5a9-803d5ba4eea1,2026-07-27T09:30:00Z,2026-07-27T11:30:00+0200,157.21,MW,FR,FR,actual_offshore_wind_generation,Wind Offshore | Actual Aggregated,2026-08-02T14:20:02Z
2026-08-02T14:18:54Z,2026-08-02T16:18:54+0200,d03952b3-6528-494b-a5a9-803d5ba4eea1,2026-07-27T09:45:00Z,2026-07-27T11:45:00+0200,173.99,MW,FR,FR,actual_offshore_wind_generation,Wind Offshore | Actual Aggregated,2026-08-02T14:20:02Z
2026-08-02T14:18:54Z,2026-08-02T16:18:54+0200,d03952b3-6528-494b-a5a9-803d5ba4eea1,2026-07-27T10:00:00Z,2026-07-27T12:00:00+0200,179.65,MW,FR,FR,actual_offshore_wind_generation,Wind Offshore | Actual Aggregated,2026-08-02T14:20:02Z
2026-08-02T14:18:54Z,2026-08-02T16:18:54+0200,d03952b3-6528-494b-a5a9-803d5ba4eea1,2026-07-27T10:15:00Z,2026-07-27T12:15:00+0200,123.0,MW,FR,FR,actual_offshore_wind_generation,Wind Offshore | Actual Aggregated,2026-08-02T14:20:02Z
2026-08-02T14:18:54Z,2026-08-02T16:18:54+0200,d03952b3-6528-494b-a5a9-803d5ba4eea1,2026-07-27T10:30:00Z,2026-07-27T12:30:00+0200,113.39,MW,FR,FR,actual_offshore_wind_generation,Wind Offshore | Actual Aggregated,2026-08-02T14:20:02Z
2026-08-02T14:18:54Z,2026-08-02T16:18:54+0200,d03952b3-6528-494b-a5a9-803d5ba4eea1,2026-07-27T10:45:00Z,2026-07-27T12:45:00+0200,120.5,MW,FR,FR,actual_offshore_wind_generation,Wind Offshore | Actual Aggregated,2026-08-02T14:20:02Z
2026-08-02T14:18:54Z,2026-08-02T16:18:54+0200,d03952b3-6528-494b-a5a9-803d5ba4eea1,2026-07-27T11:00:00Z,2026-07-27T13:00:00+0200,123.94,MW,FR,FR,actual_offshore_wind_generation,Wind Offshore | Actual Aggregated,2026-08-02T14:20:02Z
2026-08-02T14:18:54Z,2026-08-02T16:18:54+0200,d03952b3-6528-494b-a5a9-803d5ba4eea1,2026-07-27T11:15:00Z,2026-07-27T13:15:00+0200,130.23,MW,FR,FR,actual_offshore_wind_generation,Wind Offshore | Actual Aggregated,2026-08-02T14:20:02Z
2026-08-02T14:18:54Z,2026-08-02T16:18:54+0200,d03952b3-6528-494b-a5a9-803d5ba4eea1,2026-07-27T11:30:00Z,2026-07-27T13:30:00+0200,145.21,MW,FR,FR,actual_offshore_wind_generation,Wind Offshore | Actual Aggregated,2026-08-02T14:20:02Z
2026-08-02T14:18:54Z,2026-08-02T16:18:54+0200,d03952b3-6528-494b-a5a9-803d5ba4eea1,2026-07-27T11:45:00Z,2026-07-27T13:45:00+0200,137.91,MW,FR,FR,actual_offshore_wind_generation,Wind Offshore | Actual Aggregated,2026-08-02T14:20:02Z
2026-08-02T14:18:54Z,2026-08-02T16:18:54+0200,d03952b3-6528-494b-a5a9-803d5ba4eea1,2026-07-27T12:00:00Z,2026-07-27T14:00:00+0200,148.76,MW,FR,FR,actual_offshore_wind_generation,Wind Offshore | Actual Aggregated,2026-08-02T14:20:02Z
2026-08-02T14:18:54Z,2026-08-02T16:18:54+0200,d03952b3-6528-494b-a5a9-803d5ba4eea1,2026-07-27T12:15:00Z,2026-07-27T14:15:00+0200,179.22,MW,FR,FR,actual_offshore_wind_generation,Wind Offshore | Actual Aggregated,2026-08-02T14:20:02Z
2026-08-02T14:18:54Z,2026-08-02T16:18:54+0200,d03952b3-6528-494b-a5a9-803d5ba4eea1,2026-07-27T12:30:00Z,2026-07-27T14:30:00+0200,187.82,MW,FR,FR,actual_offshore_wind_generation,Wind Offshore | Actual Aggregated,2026-08-02T14:20:02Z
2026-08-02T14:18:54Z,2026-08-02T16:18:54+0200,d03952b3-6528-494b-a5a9-803d5ba4eea1,2026-07-27T12:45:00Z,2026-07-27T14:45:00+0200,193.93,MW,FR,FR,actual_offshore_wind_generation,Wind Offshore | Actual Aggregated,2026-08-02T14:20:02Z
2026-08-02T14:18:54Z,2026-08-02T16:18:54+0200,d03952b3-6528-494b-a5a9-803d5ba4eea1,2026-07-27T13:00:00Z,2026-07-27T15:00:00+0200,201.94,MW,FR,FR,actual_offshore_wind_generation,Wind Offshore | Actual Aggregated,2026-08-02T14:20:02Z
2026-08-02T14:18:54Z,2026-08-02T16:18:54+0200,d03952b3-6528-494b-a5a9-803d5ba4eea1,2026-07-27T13:15:00Z,2026-07-27T15:15:00+0200,221.05,MW,FR,FR,actual_offshore_wind_generation,Wind Offshore | Actual Aggregated,2026-08-02T14:20:02Z
2026-08-02T14:18:54Z,2026-08-02T16:18:54+0200,d03952b3-6528-494b-a5a9-803d5ba4eea1,2026-07-27T13:30:00Z,2026-07-27T15:30:00+0200,251.62,MW,FR,FR,actual_offshore_wind_generation,Wind Offshore | Actual Aggregated,2026-08-02T14:20:02Z
2026-08-02T14:18:54Z,2026-08-02T16:18:54+0200,d03952b3-6528-494b-a5a9-803d5ba4eea1,2026-07-27T13:45:00Z,2026-07-27T15:45:00+0200,255.19,MW,FR,FR,actual_offshore_wind_generation,Wind Offshore | Actual Aggregated,2026-08-02T14:20:02Z
2026-08-02T14:18:54Z,2026-08-02T16:18:54+0200,d03952b3-6528-494b-a5a9-803d5ba4eea1,2026-07-27T14:00:00Z,2026-07-27T16:00:00+0200,265.12,MW,FR,FR,actual_offshore_wind_generation,Wind Offshore | Actual Aggregated,2026-08-02T14:20:02Z
2026-08-02T14:18:54Z,2026-08-02T16:18:54+0200,d03952b3-6528-494b-a5a9-803d5ba4eea1,2026-07-27T14:15:00Z,2026-07-27T16:15:00+0200,288.94,MW,FR,FR,actual_offshore_wind_generation,Wind Offshore | Actual Aggregated,2026-08-02T14:20:02Z
2026-08-02T14:18:54Z,2026-08-02T16:18:54+0200,d03952b3-6528-494b-a5a9-803d5ba4eea1,2026-07-27T14:30:00Z,2026-07-27T16:30:00+0200,287.12,MW,FR,FR,actual_offshore_wind_generation,Wind Offshore | Actual Aggregated,2026-08-02T14:20:02Z
2026-08-02T14:18:54Z,2026-08-02T16:18:54+0200,d03952b3-6528-494b-a5a9-803d5ba4eea1,2026-07-27T14:45:00Z,2026-07-27T16:45:00+0200,279.98,MW,FR,FR,actual_offshore_wind_generation,Wind Offshore | Actual Aggregated,2026-08-02T14:20:02Z
2026-08-02T14:18:54Z,2026-08-02T16:18:54+0200,d03952b3-6528-494b-a5a9-803d5ba4eea1,2026-07-27T15:00:00Z,2026-07-27T17:00:00+0200,272.12,MW,FR,FR,actual_offshore_wind_generation,Wind Offshore | Actual Aggregated,2026-08-02T14:20:02Z
2026-08-02T14:18:54Z,2026-08-02T16:18:54+0200,d03952b3-6528-494b-a5a9-803d5ba4eea1,2026-07-27T15:15:00Z,2026-07-27T17:15:00+0200,286.28,MW,FR,FR,actual_offshore_wind_generation,Wind Offshore | Actual Aggregated,2026-08-02T14:20:02Z
2026-08-02T14:18:54Z,2026-08-02T16:18:54+0200,d03952b3-6528-494b-a5a9-803d5ba4eea1,2026-07-27T15:30:00Z,2026-07-27T17:30:00+0200,300.28,MW,FR,FR,actual_offshore_wind_generation,Wind Offshore | Actual Aggregated,2026-08-02T14:20:02Z
2026-08-02T14:18:54Z,2026-08-02T16:18:54+0200,d03952b3-6528-494b-a5a9-803d5ba4eea1,2026-07-27T15:45:00Z,2026-07-27T17:45:00+0200,324.73,MW,FR,FR,actual_offshore_wind_generation,Wind Offshore | Actual Aggregated,2026-08-02T14:20:02Z
2026-08-02T14:18:54Z,2026-08-02T16:18:54+0200,d03952b3-6528-494b-a5a9-803d5ba4eea1,2026-07-27T16:00:00Z,2026-07-27T18:00:00+0200,342.02,MW,FR,FR,actual_offshore_wind_generation,Wind Offshore | Actual Aggregated,2026-08-02T14:20:02Z
2026-08-02T14:18:54Z,2026-08-02T16:18:54+0200,d03952b3-6528-494b-a5a9-803d5ba4eea1,2026-07-27T16:15:00Z,2026-07-27T18:15:00+0200,360.25,MW,FR,FR,actual_offshore_wind_generation,Wind Offshore | Actual Aggregated,2026-08-02T14:20:02Z
2026-08-02T14:18:54Z,2026-08-02T16:18:54+0200,d03952b3-6528-494b-a5a9-803d5ba4eea1,2026-07-27T16:30:00Z,2026-07-27T18:30:00+0200,398.96,MW,FR,FR,actual_offshore_wind_generation,Wind Offshore | Actual Aggregated,2026-08-02T14:20:02Z
2026-08-02T14:18:54Z,2026-08-02T16:18:54+0200,d03952b3-6528-494b-a5a9-803d5ba4eea1,2026-07-27T16:45:00Z,2026-07-27T18:45:00+0200,427.53,MW,FR,FR,actual_offshore_wind_generation,Wind Offshore | Actual Aggregated,2026-08-02T14:20:02Z
2026-08-02T14:18:54Z,2026-08-02T16:18:54+0200,d03952b3-6528-494b-a5a9-803d5ba4eea1,2026-07-27T17:00:00Z,2026-07-27T19:00:00+0200,442.04,MW,FR,FR,actual_offshore_wind_generation,Wind Offshore | Actual Aggregated,2026-08-02T14:20:02Z
2026-08-02T14:18:54Z,2026-08-02T16:18:54+0200,d03952b3-6528-494b-a5a9-803d5ba4eea1,2026-07-27T17:15:00Z,2026-07-27T19:15:00+0200,453.23,MW,FR,FR,actual_offshore_wind_generation,Wind Offshore | Actual Aggregated,2026-08-02T14:20:02Z
2026-08-02T14:18:54Z,2026-08-02T16:18:54+0200,d03952b3-6528-494b-a5a9-803d5ba4eea1,2026-07-27T17:30:00Z,2026-07-27T19:30:00+0200,432.59,MW,FR,FR,actual_offshore_wind_generation,Wind Offshore | Actual Aggregated,2026-08-02T14:20:02Z
2026-08-02T14:18:54Z,2026-08-02T16:18:54+0200,d03952b3-6528-494b-a5a9-803d5ba4eea1,2026-07-27T17:45:00Z,2026-07-27T19:45:00+0200,421.52,MW,FR,FR,actual_offshore_wind_generation,Wind Offshore | Actual Aggregated,2026-08-02T14:20:02Z
2026-08-02T14:18:54Z,2026-08-02T16:18:54+0200,d03952b3-6528-494b-a5a9-803d5ba4eea1,2026-07-27T18:00:00Z,2026-07-27T20:00:00+0200,391.6,MW,FR,FR,actual_offshore_wind_generation,Wind Offshore | Actual Aggregated,2026-08-02T14:20:02Z
2026-08-02T14:18:54Z,2026-08-02T16:18:54+0200,d03952b3-6528-494b-a5a9-803d5ba4eea1,2026-07-27T18:15:00Z,2026-07-27T20:15:00+0200,342.66,MW,FR,FR,actual_offshore_wind_generation,Wind Offshore | Actual Aggregated,2026-08-02T14:20:02Z
2026-08-02T14:18:54Z,2026-08-02T16:18:54+0200,d03952b3-6528-494b-a5a9-803d5ba4eea1,2026-07-27T18:30:00Z,2026-07-27T20:30:00+0200,354.99,MW,FR,FR,actual_offshore_wind_generation,Wind Offshore | Actual Aggregated,2026-08-02T14:20:02Z
2026-08-02T14:18:54Z,2026-08-02T16:18:54+0200,d03952b3-6528-494b-a5a9-803d5ba4eea1,2026-07-27T18:45:00Z,2026-07-27T20:45:00+0200,404.9,MW,FR,FR,actual_offshore_wind_generation,Wind Offshore | Actual Aggregated,2026-08-02T14:20:02Z
2026-08-02T14:18:54Z,2026-08-02T16:18:54+0200,d03952b3-6528-494b-a5a9-803d5ba4eea1,2026-07-27T19:00:00Z,2026-07-27T21:00:00+0200,482.89,MW,FR,FR,actual_offshore_wind_generation,Wind Offshore | Actual Aggregated,2026-08-02T14:20:02Z
2026-08-02T14:18:54Z,2026-08-02T16:18:54+0200,d03952b3-6528-494b-a5a9-803d5ba4eea1,2026-07-27T19:15:00Z,2026-07-27T21:15:00+0200,473.16,MW,FR,FR,actual_offshore_wind_generation,Wind Offshore | Actual Aggregated,2026-08-02T14:20:02Z
2026-08-02T14:18:54Z,2026-08-02T16:18:54+0200,d03952b3-6528-494b-a5a9-803d5ba4eea1,2026-07-27T19:30:00Z,2026-07-27T21:30:00+0200,441.36,MW,FR,FR,actual_offshore_wind_generation,Wind Offshore | Actual Aggregated,2026-08-02T14:20:02Z
2026-08-02T14:18:54Z,2026-08-02T16:18:54+0200,d03952b3-6528-494b-a5a9-803d5ba4eea1,2026-07-27T19:45:00Z,2026-07-27T21:45:00+0200,423.71,MW,FR,FR,actual_offshore_wind_generation,Wind Offshore | Actual Aggregated,2026-08-02T14:20:02Z
2026-08-02T14:18:54Z,2026-08-02T16:18:54+0200,d03952b3-6528-494b-a5a9-803d5ba4eea1,2026-07-27T20:00:00Z,2026-07-27T22:00:00+0200,427.76,MW,FR,FR,actual_offshore_wind_generation,Wind Offshore | Actual Aggregated,2026-08-02T14:20:02Z
2026-08-02T14:18:54Z,2026-08-02T16:18:54+0200,d03952b3-6528-494b-a5a9-803d5ba4eea1,2026-07-27T20:15:00Z,2026-07-27T22:15:00+0200,414.94,MW,FR,FR,actual_offshore_wind_generation,Wind Offshore | Actual Aggregated,2026-08-02T14:20:02Z
2026-08-02T14:18:54Z,2026-08-02T16:18:54+0200,d03952b3-6528-494b-a5a9-803d5ba4eea1,2026-07-27T20:30:00Z,2026-07-27T22:30:00+0200,399.76,MW,FR,FR,actual_offshore_wind_generation,Wind Offshore | Actual Aggregated,2026-08-02T14:20:02Z
2026-08-02T14:18:54Z,2026-08-02T16:18:54+0200,d03952b3-6528-494b-a5a9-803d5ba4eea1,2026-07-27T20:45:00Z,2026-07-27T22:45:00+0200,343.95,MW,FR,FR,actual_offshore_wind_generation,Wind Offshore | Actual Aggregated,2026-08-02T14:20:02Z
2026-08-02T14:18:54Z,2026-08-02T16:18:54+0200,d03952b3-6528-494b-a5a9-803d5ba4eea1,2026-07-27T21:00:00Z,2026-07-27T23:00:00+0200,323.72,MW,FR,FR,actual_offshore_wind_generation,Wind Offshore | Actual Aggregated,2026-08-02T14:20:02Z
2026-08-02T14:18:54Z,2026-08-02T16:18:54+0200,d03952b3-6528-494b-a5a9-803d5ba4eea1,2026-07-27T21:15:00Z,2026-07-27T23:15:00+0200,325.71,MW,FR,FR,actual_offshore_wind_generation,Wind Offshore | Actual Aggregated,2026-08-02T14:20:02Z
2026-08-02T14:18:54Z,2026-08-02T16:18:54+0200,d03952b3-6528-494b-a5a9-803d5ba4eea1,2026-07-27T21:30:00Z,2026-07-27T23:30:00+0200,345.68,MW,FR,FR,actual_offshore_wind_generation,Wind Offshore | Actual Aggregated,2026-08-02T14:20:02Z
2026-08-02T14:18:54Z,2026-08-02T16:18:54+0200,d03952b3-6528-494b-a5a9-803d5ba4eea1,2026-07-27T21:45:00Z,2026-07-27T23:45:00+0200,393.41,MW,FR,FR,actual_offshore_wind_generation,Wind Offshore | Actual Aggregated,2026-08-02T14:20:02Z
2026-08-02T14:18:54Z,2026-08-02T16:18:54+0200,d03952b3-6528-494b-a5a9-803d5ba4eea1,2026-07-27T22:00:00Z,2026-07-28T00:00:00+0200,400.73,MW,FR,FR,actual_offshore_wind_generation,Wind Offshore | Actual Aggregated,2026-08-02T14:20:02Z
2026-08-02T14:18:54Z,2026-08-02T16:18:54+0200,d03952b3-6528-494b-a5a9-803d5ba4eea1,2026-07-27T22:15:00Z,2026-07-28T00:15:00+0200,405.63,MW,FR,FR,actual_offshore_wind_generation,Wind Offshore | Actual Aggregated,2026-08-02T14:20:02Z
2026-08-02T14:18:54Z,2026-08-02T16:18:54+0200,d03952b3-6528-494b-a5a9-803d5ba4eea1,2026-07-27T22:30:00Z,2026-07-28T00:30:00+0200,378.53,MW,FR,FR,actual_offshore_wind_generation,Wind Offshore | Actual Aggregated,2026-08-02T14:20:02Z
2026-08-02T14:18:54Z,2026-08-02T16:18:54+0200,d03952b3-6528-494b-a5a9-803d5ba4eea1,2026-07-27T22:45:00Z,2026-07-28T00:45:00+0200,417.59,MW,FR,FR,actual_offshore_wind_generation,Wind Offshore | Actual Aggregated,2026-08-02T14:20:02Z
2026-08-02T14:18:54Z,2026-08-02T16:18:54+0200,d03952b3-6528-494b-a5a9-803d5ba4eea1,2026-07-27T23:00:00Z,2026-07-28T01:00:00+0200,487.72,MW,FR,FR,actual_offshore_wind_generation,Wind Offshore | Actual Aggregated,2026-08-02T14:20:02Z
2026-08-02T14:18:54Z,2026-08-02T16:18:54+0200,d03952b3-6528-494b-a5a9-803d5ba4eea1,2026-07-27T23:15:00Z,2026-07-28T01:15:00+0200,508.83,MW,FR,FR,actual_offshore_wind_generation,Wind Offshore | Actual Aggregated,2026-08-02T14:20:02Z
2026-08-02T14:18:54Z,2026-08-02T16:18:54+0200,d03952b3-6528-494b-a5a9-803d5ba4eea1,2026-07-27T23:30:00Z,2026-07-28T01:30:00+0200,425.1,MW,FR,FR,actual_offshore_wind_generation,Wind Offshore | Actual Aggregated,2026-08-02T14:20:02Z
2026-08-02T14:18:54Z,2026-08-02T16:18:54+0200,d03952b3-6528-494b-a5a9-803d5ba4eea1,2026-07-27T23:45:00Z,2026-07-28T01:45:00+0200,402.83,MW,FR,FR,actual_offshore_wind_generation,Wind Offshore | Actual Aggregated,2026-08-02T14:20:02Z
2026-08-02T14:18:54Z,2026-08-02T16:18:54+0200,d03952b3-6528-494b-a5a9-803d5ba4eea1,2026-07-28T00:00:00Z,2026-07-28T02:00:00+0200,402.04,MW,FR,FR,actual_offshore_wind_generation,Wind Offshore | Actual Aggregated,2026-08-02T14:20:02Z
2026-08-02T14:18:54Z,2026-08-02T16:18:54+0200,d03952b3-6528-494b-a5a9-803d5ba4eea1,2026-07-28T00:15:00Z,2026-07-28T02:15:00+0200,362.9,MW,FR,FR,actual_offshore_wind_generation,Wind Offshore | Actual Aggregated,2026-08-02T14:20:02Z
2026-08-02T14:18:54Z,2026-08-02T16:18:54+0200,d03952b3-6528-494b-a5a9-803d5ba4eea1,2026-07-28T00:30:00Z,2026-07-28T02:30:00+0200,351.63,MW,FR,FR,actual_offshore_wind_generation,Wind Offshore | Actual Aggregated,2026-08-02T14:20:02Z
2026-08-02T14:18:54Z,2026-08-02T16:18:54+0200,d03952b3-6528-494b-a5a9-803d5ba4eea1,2026-07-28T00:45:00Z,2026-07-28T02:45:00+0200,373.71,MW,FR,FR,actual_offshore_wind_generation,Wind Offshore | Actual Aggregated,2026-08-02T14:20:02Z
2026-08-02T14:18:54Z,2026-08-02T16:18:54+0200,d03952b3-6528-494b-a5a9-803d5ba4eea1,2026-07-28T01:00:00Z,2026-07-28T03:00:00+0200,369.9,MW,FR,FR,actual_offshore_wind_generation,Wind Offshore | Actual Aggregated,2026-08-02T14:20:02Z
2026-08-02T14:18:54Z,2026-08-02T16:18:54+0200,d03952b3-6528-494b-a5a9-803d5ba4eea1,2026-07-28T01:15:00Z,2026-07-28T03:15:00+0200,335.79,MW,FR,FR,actual_offshore_wind_generation,Wind Offshore | Actual Aggregated,2026-08-02T14:20:02Z
2026-08-02T14:18:54Z,2026-08-02T16:18:54+0200,d03952b3-6528-494b-a5a9-803d5ba4eea1,2026-07-28T01:30:00Z,2026-07-28T03:30:00+0200,313.26,MW,FR,FR,actual_offshore_wind_generation,Wind Offshore | Actual Aggregated,2026-08-02T14:20:02Z
2026-08-02T14:18:54Z,2026-08-02T16:18:54+0200,d03952b3-6528-494b-a5a9-803d5ba4eea1,2026-07-28T01:45:00Z,2026-07-28T03:45:00+0200,306.82,MW,FR,FR,actual_offshore_wind_generation,Wind Offshore | Actual Aggregated,2026-08-02T14:20:02Z
2026-08-02T14:18:54Z,2026-08-02T16:18:54+0200,d03952b3-6528-494b-a5a9-803d5ba4eea1,2026-07-28T02:00:00Z,2026-07-28T04:00:00+0200,309.75,MW,FR,FR,actual_offshore_wind_generation,Wind Offshore | Actual Aggregated,2026-08-02T14:20:02Z
2026-08-02T14:18:54Z,2026-08-02T16:18:54+0200,d03952b3-6528-494b-a5a9-803d5ba4eea1,2026-07-28T02:15:00Z,2026-07-28T04:15:00+0200,324.66,MW,FR,FR,actual_offshore_wind_generation,Wind Offshore | Actual Aggregated,2026-08-02T14:20:02Z
2026-08-02T14:18:54Z,2026-08-02T16:18:54+0200,d03952b3-6528-494b-a5a9-803d5ba4eea1,2026-07-28T02:30:00Z,2026-07-28T04:30:00+0200,320.1,MW,FR,FR,actual_offshore_wind_generation,Wind Offshore | Actual Aggregated,2026-08-02T14:20:02Z
2026-08-02T14:18:54Z,2026-08-02T16:18:54+0200,d03952b3-6528-494b-a5a9-803d5ba4eea1,2026-07-28T02:45:00Z,2026-07-28T04:45:00+0200,341.01,MW,FR,FR,actual_offshore_wind_generation,Wind Offshore | Actual Aggregated,2026-08-02T14:20:02Z
2026-08-02T14:18:54Z,2026-08-02T16:18:54+0200,d03952b3-6528-494b-a5a9-803d5ba4eea1,2026-07-28T03:00:00Z,2026-07-28T05:00:00+0200,344.19,MW,FR,FR,actual_offshore_wind_generation,Wind Offshore | Actual Aggregated,2026-08-02T14:20:02Z
2026-08-02T14:18:54Z,2026-08-02T16:18:54+0200,d03952b3-6528-494b-a5a9-803d5ba4eea1,2026-07-28T03:15:00Z,2026-07-28T05:15:00+0200,323.48,MW,FR,FR,actual_offshore_wind_generation,Wind Offshore | Actual Aggregated,2026-08-02T14:20:02Z
2026-08-02T14:18:54Z,2026-08-02T16:18:54+0200,d03952b3-6528-494b-a5a9-803d5ba4eea1,2026-07-28T03:30:00Z,2026-07-28T05:30:00+0200,334.29,MW,FR,FR,actual_offshore_wind_generation,Wind Offshore | Actual Aggregated,2026-08-02T14:20:02Z
2026-08-02T14:18:54Z,2026-08-02T16:18:54+0200,d03952b3-6528-494b-a5a9-803d5ba4eea1,2026-07-28T03:45:00Z,2026-07-28T05:45:00+0200,360.66,MW,FR,FR,actual_offshore_wind_generation,Wind Offshore | Actual Aggregated,2026-08-02T14:20:02Z
2026-08-02T14:18:54Z,2026-08-02T16:18:54+0200,d03952b3-6528-494b-a5a9-803d5ba4eea1,2026-07-28T04:00:00Z,2026-07-28T06:00:00+0200,377.85,MW,FR,FR,actual_offshore_wind_generation,Wind Offshore | Actual Aggregated,2026-08-02T14:20:02Z
2026-08-02T14:18:54Z,2026-08-02T16:18:54+0200,d03952b3-6528-494b-a5a9-803d5ba4eea1,2026-07-28T04:15:00Z,2026-07-28T06:15:00+0200,365.27,MW,FR,FR,actual_offshore_wind_generation,Wind Offshore | Actual Aggregated,2026-08-02T14:20:02Z
2026-08-02T14:18:54Z,2026-08-02T16:18:54+0200,d03952b3-6528-494b-a5a9-803d5ba4eea1,2026-07-28T04:30:00Z,2026-07-28T06:30:00+0200,353.21,MW,FR,FR,actual_offshore_wind_generation,Wind Offshore | Actual Aggregated,2026-08-02T14:20:02Z
2026-08-02T14:18:54Z,2026-08-02T16:18:54+0200,d03952b3-6528-494b-a5a9-803d5ba4eea1,2026-07-28T04:45:00Z,2026-07-28T06:45:00+0200,334.73,MW,FR,FR,actual_offshore_wind_generation,Wind Offshore | Actual Aggregated,2026-08-02T14:20:02Z
2026-08-02T14:18:54Z,2026-08-02T16:18:54+0200,d03952b3-6528-494b-a5a9-803d5ba4eea1,2026-07-28T05:00:00Z,2026-07-28T07:00:00+0200,298.28,MW,FR,FR,actual_offshore_wind_generation,Wind Offshore | Actual Aggregated,2026-08-02T14:20:02Z
2026-08-02T14:18:54Z,2026-08-02T16:18:54+0200,d03952b3-6528-494b-a5a9-803d5ba4eea1,2026-07-28T05:15:00Z,2026-07-28T07:15:00+0200,253.57,MW,FR,FR,actual_offshore_wind_generation,Wind Offshore | Actual Aggregated,2026-08-02T14:20:02Z
2026-08-02T14:18:54Z,2026-08-02T16:18:54+0200,d03952b3-6528-494b-a5a9-803d5ba4eea1,2026-07-28T05:30:00Z,2026-07-28T07:30:00+0200,236.16,MW,FR,FR,actual_offshore_wind_generation,Wind Offshore | Actual Aggregated,2026-08-02T14:20:02Z
2026-08-02T14:18:54Z,2026-08-02T16:18:54+0200,d03952b3-6528-494b-a5a9-803d5ba4eea1,2026-07-28T05:45:00Z,2026-07-28T07:45:00+0200,212.98,MW,FR,FR,actual_offshore_wind_generation,Wind Offshore | Actual Aggregated,2026-08-02T14:20:02Z
2026-08-02T14:18:54Z,2026-08-02T16:18:54+0200,d03952b3-6528-494b-a5a9-803d5ba4eea1,2026-07-28T06:00:00Z,2026-07-28T08:00:00+0200,211.69,MW,FR,FR,actual_offshore_wind_generation,Wind Offshore | Actual Aggregated,2026-08-02T14:20:02Z
2026-08-02T14:18:54Z,2026-08-02T16:18:54+0200,d03952b3-6528-494b-a5a9-803d5ba4eea1,2026-07-28T06:15:00Z,2026-07-28T08:15:00+0200,197.49,MW,FR,FR,actual_offshore_wind_generation,Wind Offshore | Actual Aggregated,2026-08-02T14:20:02Z
2026-08-02T14:18:54Z,2026-08-02T16:18:54+0200,d03952b3-6528-494b-a5a9-803d5ba4eea1,2026-07-28T06:30:00Z,2026-07-28T08:30:00+0200,185.29,MW,FR,FR,actual_offshore_wind_generation,Wind Offshore | Actual Aggregated,2026-08-02T14:20:02Z
2026-08-02T14:18:54Z,2026-08-02T16:18:54+0200,d03952b3-6528-494b-a5a9-803d5ba4eea1,2026-07-28T06:45:00Z,2026-07-28T08:45:00+0200,165.36,MW,FR,FR,actual_offshore_wind_generation,Wind Offshore | Actual Aggregated,2026-08-02T14:20:02Z
2026-08-02T14:18:54Z,2026-08-02T16:18:54+0200,d03952b3-6528-494b-a5a9-803d5ba4eea1,2026-07-28T07:00:00Z,2026-07-28T09:00:00+0200,161.94,MW,FR,FR,actual_offshore_wind_generation,Wind Offshore | Actual Aggregated,2026-08-02T14:20:02Z
2026-08-02T14:18:54Z,2026-08-02T16:18:54+0200,d03952b3-6528-494b-a5a9-803d5ba4eea1,2026-07-28T07:15:00Z,2026-07-28T09:15:00+0200,147.04,MW,FR,FR,actual_offshore_wind_generation,Wind Offshore | Actual Aggregated,2026-08-02T14:20:02Z
2026-08-02T14:18:54Z,2026-08-02T16:18:54+0200,d03952b3-6528-494b-a5a9-803d5ba4eea1,2026-07-28T07:30:00Z,2026-07-28T09:30:00+0200,138.98,MW,FR,FR,actual_offshore_wind_generation,Wind Offshore | Actual Aggregated,2026-08-02T14:20:02Z
2026-08-02T14:18:54Z,2026-08-02T16:18:54+0200,d03952b3-6528-494b-a5a9-803d5ba4eea1,2026-07-28T07:45:00Z,2026-07-28T09:45:00+0200,124.31,MW,FR,FR,actual_offshore_wind_generation,Wind Offshore | Actual Aggregated,2026-08-02T14:20:02Z
2026-08-02T14:18:54Z,2026-08-02T16:18:54+0200,d03952b3-6528-494b-a5a9-803d5ba4eea1,2026-07-28T08:00:00Z,2026-07-28T10:00:00+0200,112.84,MW,FR,FR,actual_offshore_wind_generation,Wind Offshore | Actual Aggregated,2026-08-02T14:20:02Z
2026-08-02T14:18:54Z,2026-08-02T16:18:54+0200,d03952b3-6528-494b-a5a9-803d5ba4eea1,2026-07-28T08:15:00Z,2026-07-28T10:15:00+0200,107.12,MW,FR,FR,actual_offshore_wind_generation,Wind Offshore | Actual Aggregated,2026-08-02T14:20:02Z
2026-08-02T14:18:54Z,2026-08-02T16:18:54+0200,d03952b3-6528-494b-a5a9-803d5ba4eea1,2026-07-28T08:30:00Z,2026-07-28T10:30:00+0200,93.68,MW,FR,FR,actual_offshore_wind_generation,Wind Offshore | Actual Aggregated,2026-08-02T14:20:02Z
2026-08-02T14:18:54Z,2026-08-02T16:18:54+0200,d03952b3-6528-494b-a5a9-803d5ba4eea1,2026-07-28T08:45:00Z,2026-07-28T10:45:00+0200,94.06,MW,FR,FR,actual_offshore_wind_generation,Wind Offshore | Actual Aggregated,2026-08-02T14:20:02Z
2026-08-02T14:18:54Z,2026-08-02T16:18:54+0200,d03952b3-6528-494b-a5a9-803d5ba4eea1,2026-07-28T09:00:00Z,2026-07-28T11:00:00+0200,79.97,MW,FR,FR,actual_offshore_wind_generation,Wind Offshore | Actual Aggregated,2026-08-02T14:20:02Z
2026-08-02T14:18:54Z,2026-08-02T16:18:54+0200,d03952b3-6528-494b-a5a9-803d5ba4eea1,2026-07-28T09:15:00Z,2026-07-28T11:15:00+0200,61.99,MW,FR,FR,actual_offshore_wind_generation,Wind Offshore | Actual Aggregated,2026-08-02T14:20:02Z
2026-08-02T14:18:54Z,2026-08-02T16:18:54+0200,d03952b3-6528-494b-a5a9-803d5ba4eea1,2026-07-28T09:30:00Z,2026-07-28T11:30:00+0200,47.89,MW,FR,FR,actual_offshore_wind_generation,Wind Offshore | Actual Aggregated,2026-08-02T14:20:02Z
2026-08-02T14:18:54Z,2026-08-02T16:18:54+0200,d03952b3-6528-494b-a5a9-803d5ba4eea1,2026-07-28T09:45:00Z,2026-07-28T11:45:00+0200,38.29,MW,FR,FR,actual_offshore_wind_generation,Wind Offshore | Actual Aggregated,2026-08-02T14:20:02Z
2026-08-02T14:18:54Z,2026-08-02T16:18:54+0200,d03952b3-6528-494b-a5a9-803d5ba4eea1,2026-07-28T10:00:00Z,2026-07-28T12:00:00+0200,28.02,MW,FR,FR,actual_offshore_wind_generation,Wind Offshore | Actual Aggregated,2026-08-02T14:20:02Z
2026-08-02T14:18:54Z,2026-08-02T16:18:54+0200,d03952b3-6528-494b-a5a9-803d5ba4eea1,2026-07-28T10:15:00Z,2026-07-28T12:15:00+0200,14.06,MW,FR,FR,actual_offshore_wind_generation,Wind Offshore | Actual Aggregated,2026-08-02T14:20:02Z
2026-08-02T14:18:54Z,2026-08-02T16:18:54+0200,d03952b3-6528-494b-a5a9-803d5ba4eea1,2026-07-28T10:30:00Z,2026-07-28T12:30:00+0200,4.02,MW,FR,FR,actual_offshore_wind_generation,Wind Offshore | Actual Aggregated,2026-08-02T14:20:02Z
2026-08-02T14:18:54Z,2026-08-02T16:18:54+0200,d03952b3-6528-494b-a5a9-803d5ba4eea1,2026-07-28T10:45:00Z,2026-07-28T12:45:00+0200,2.64,MW,FR,FR,actual_offshore_wind_generation,Wind Offshore | Actual Consumption,2026-08-02T14:20:02Z
2026-08-02T14:18:54Z,2026-08-02T16:18:54+0200,d03952b3-6528-494b-a5a9-803d5ba4eea1,2026-07-28T11:00:00Z,2026-07-28T13:00:00+0200,2.66,MW,FR,FR,actual_offshore_wind_generation,Wind Offshore | Actual Consumption,2026-08-02T14:20:02Z
2026-08-02T14:18:54Z,2026-08-02T16:18:54+0200,d03952b3-6528-494b-a5a9-803d5ba4eea1,2026-07-28T11:15:00Z,2026-07-28T13:15:00+0200,4.93,MW,FR,FR,actual_offshore_wind_generation,Wind Offshore | Actual Consumption,2026-08-02T14:20:02Z
2026-08-02T14:18:54Z,2026-08-02T16:18:54+0200,d03952b3-6528-494b-a5a9-803d5ba4eea1,2026-07-28T11:30:00Z,2026-07-28T13:30:00+0200,8.26,MW,FR,FR,actual_offshore_wind_generation,Wind Offshore | Actual Consumption,2026-08-02T14:20:02Z
2026-08-02T14:18:54Z,2026-08-02T16:18:54+0200,d03952b3-6528-494b-a5a9-803d5ba4eea1,2026-07-28T11:45:00Z,2026-07-28T13:45:00+0200,9.28,MW,FR,FR,actual_offshore_wind_generation,Wind Offshore | Actual Consumption,2026-08-02T14:20:02Z
2026-08-02T14:18:54Z,2026-08-02T16:18:54+0200,d03952b3-6528-494b-a5a9-803d5ba4eea1,2026-07-28T12:00:00Z,2026-07-28T14:00:00+0200,5.35,MW,FR,FR,actual_offshore_wind_generation,Wind Offshore | Actual Consumption,2026-08-02T14:20:02Z
2026-08-02T14:18:54Z,2026-08-02T16:18:54+0200,d03952b3-6528-494b-a5a9-803d5ba4eea1,2026-07-28T12:15:00Z,2026-07-28T14:15:00+0200,1.22,MW,FR,FR,actual_offshore_wind_generation,Wind Offshore | Actual Aggregated,2026-08-02T14:20:02Z
2026-08-02T14:18:54Z,2026-08-02T16:18:54+0200,d03952b3-6528-494b-a5a9-803d5ba4eea1,2026-07-28T12:30:00Z,2026-07-28T14:30:00+0200,4.45,MW,FR,FR,actual_offshore_wind_generation,Wind Offshore | Actual Aggregated,2026-08-02T14:20:02Z
2026-08-02T14:18:54Z,2026-08-02T16:18:54+0200,d03952b3-6528-494b-a5a9-803d5ba4eea1,2026-07-28T12:45:00Z,2026-07-28T14:45:00+0200,5.92,MW,FR,FR,actual_offshore_wind_generation,Wind Offshore | Actual Aggregated,2026-08-02T14:20:02Z
2026-08-02T14:18:54Z,2026-08-02T16:18:54+0200,d03952b3-6528-494b-a5a9-803d5ba4eea1,2026-07-28T13:00:00Z,2026-07-28T15:00:00+0200,12.48,MW,FR,FR,actual_offshore_wind_generation,Wind Offshore | Actual Aggregated,2026-08-02T14:20:02Z
2026-08-02T14:18:54Z,2026-08-02T16:18:54+0200,d03952b3-6528-494b-a5a9-803d5ba4eea1,2026-07-28T13:15:00Z,2026-07-28T15:15:00+0200,18.44,MW,FR,FR,actual_offshore_wind_generation,Wind Offshore | Actual Aggregated,2026-08-02T14:20:02Z
2026-08-02T14:18:54Z,2026-08-02T16:18:54+0200,d03952b3-6528-494b-a5a9-803d5ba4eea1,2026-07-28T13:30:00Z,2026-07-28T15:30:00+0200,20.29,MW,FR,FR,actual_offshore_wind_generation,Wind Offshore | Actual Aggregated,2026-08-02T14:20:02Z
2026-08-02T14:18:54Z,2026-08-02T16:18:54+0200,d03952b3-6528-494b-a5a9-803d5ba4eea1,2026-07-28T13:45:00Z,2026-07-28T15:45:00+0200,19.89,MW,FR,FR,actual_offshore_wind_generation,Wind Offshore | Actual Aggregated,2026-08-02T14:20:02Z
2026-08-02T14:18:54Z,2026-08-02T16:18:54+0200,d03952b3-6528-494b-a5a9-803d5ba4eea1,2026-07-28T14:00:00Z,2026-07-28T16:00:00+0200,30.64,MW,FR,FR,actual_offshore_wind_generation,Wind Offshore | Actual Aggregated,2026-08-02T14:20:02Z
2026-08-02T14:18:54Z,2026-08-02T16:18:54+0200,d03952b3-6528-494b-a5a9-803d5ba4eea1,2026-07-28T14:15:00Z,2026-07-28T16:15:00+0200,49.57,MW,FR,FR,actual_offshore_wind_generation,Wind Offshore | Actual Aggregated,2026-08-02T14:20:02Z
2026-08-02T14:18:54Z,2026-08-02T16:18:54+0200,d03952b3-6528-494b-a5a9-803d5ba4eea1,2026-07-28T14:30:00Z,2026-07-28T16:30:00+0200,53.57,MW,FR,FR,actual_offshore_wind_generation,Wind Offshore | Actual Aggregated,2026-08-02T14:20:02Z
2026-08-02T14:18:54Z,2026-08-02T16:18:54+0200,d03952b3-6528-494b-a5a9-803d5ba4eea1,2026-07-28T14:45:00Z,2026-07-28T16:45:00+0200,55.64,MW,FR,FR,actual_offshore_wind_generation,Wind Offshore | Actual Aggregated,2026-08-02T14:20:02Z
2026-08-02T14:18:54Z,2026-08-02T16:18:54+0200,d03952b3-6528-494b-a5a9-803d5ba4eea1,2026-07-28T15:00:00Z,2026-07-28T17:00:00+0200,52.91,MW,FR,FR,actual_offshore_wind_generation,Wind Offshore | Actual Aggregated,2026-08-02T14:20:02Z
2026-08-02T14:18:54Z,2026-08-02T16:18:54+0200,d03952b3-6528-494b-a5a9-803d5ba4eea1,2026-07-28T15:15:00Z,2026-07-28T17:15:00+0200,63.09,MW,FR,FR,actual_offshore_wind_generation,Wind Offshore | Actual Aggregated,2026-08-02T14:20:02Z
2026-08-02T14:18:54Z,2026-08-02T16:18:54+0200,d03952b3-6528-494b-a5a9-803d5ba4eea1,2026-07-28T15:30:00Z,2026-07-28T17:30:00+0200,94.17,MW,FR,FR,actual_offshore_wind_generation,Wind Offshore | Actual Aggregated,2026-08-02T14:20:02Z
2026-08-02T14:18:54Z,2026-08-02T16:18:54+0200,d03952b3-6528-494b-a5a9-803d5ba4eea1,2026-07-28T15:45:00Z,2026-07-28T17:45:00+0200,92.66,MW,FR,FR,actual_offshore_wind_generation,Wind Offshore | Actual Aggregated,2026-08-02T14:20:02Z
2026-08-02T14:18:54Z,2026-08-02T16:18:54+0200,d03952b3-6528-494b-a5a9-803d5ba4eea1,2026-07-28T16:00:00Z,2026-07-28T18:00:00+0200,86.15,MW,FR,FR,actual_offshore_wind_generation,Wind Offshore | Actual Aggregated,2026-08-02T14:20:02Z
2026-08-02T14:18:54Z,2026-08-02T16:18:54+0200,d03952b3-6528-494b-a5a9-803d5ba4eea1,2026-07-28T16:15:00Z,2026-07-28T18:15:00+0200,78.51,MW,FR,FR,actual_offshore_wind_generation,Wind Offshore | Actual Aggregated,2026-08-02T14:20:02Z
2026-08-02T14:18:54Z,2026-08-02T16:18:54+0200,d03952b3-6528-494b-a5a9-803d5ba4eea1,2026-07-28T16:30:00Z,2026-07-28T18:30:00+0200,68.13,MW,FR,FR,actual_offshore_wind_generation,Wind Offshore | Actual Aggregated,2026-08-02T14:20:02Z
2026-08-02T14:18:54Z,2026-08-02T16:18:54+0200,d03952b3-6528-494b-a5a9-803d5ba4eea1,2026-07-28T16:45:00Z,2026-07-28T18:45:00+0200,81.33,MW,FR,FR,actual_offshore_wind_generation,Wind Offshore | Actual Aggregated,2026-08-02T14:20:02Z
2026-08-02T14:18:54Z,2026-08-02T16:18:54+0200,d03952b3-6528-494b-a5a9-803d5ba4eea1,2026-07-28T17:00:00Z,2026-07-28T19:00:00+0200,94.65,MW,FR,FR,actual_offshore_wind_generation,Wind Offshore | Actual Aggregated,2026-08-02T14:20:02Z
2026-08-02T14:18:54Z,2026-08-02T16:18:54+0200,d03952b3-6528-494b-a5a9-803d5ba4eea1,2026-07-28T17:15:00Z,2026-07-28T19:15:00+0200,77.74,MW,FR,FR,actual_offshore_wind_generation,Wind Offshore | Actual Aggregated,2026-08-02T14:20:02Z
2026-08-02T14:18:54Z,2026-08-02T16:18:54+0200,d03952b3-6528-494b-a5a9-803d5ba4eea1,2026-07-28T17:30:00Z,2026-07-28T19:30:00+0200,72.5,MW,FR,FR,actual_offshore_wind_generation,Wind Offshore | Actual Aggregated,2026-08-02T14:20:02Z
2026-08-02T14:18:54Z,2026-08-02T16:18:54+0200,d03952b3-6528-494b-a5a9-803d5ba4eea1,2026-07-28T17:45:00Z,2026-07-28T19:45:00+0200,79.31,MW,FR,FR,actual_offshore_wind_generation,Wind Offshore | Actual Aggregated,2026-08-02T14:20:02Z
2026-08-02T14:18:54Z,2026-08-02T16:18:54+0200,d03952b3-6528-494b-a5a9-803d5ba4eea1,2026-07-28T18:00:00Z,2026-07-28T20:00:00+0200,83.73,MW,FR,FR,actual_offshore_wind_generation,Wind Offshore | Actual Aggregated,2026-08-02T14:20:02Z
2026-08-02T14:18:54Z,2026-08-02T16:18:54+0200,d03952b3-6528-494b-a5a9-803d5ba4eea1,2026-07-28T18:15:00Z,2026-07-28T20:15:00+0200,78.84,MW,FR,FR,actual_offshore_wind_generation,Wind Offshore | Actual Aggregated,2026-08-02T14:20:02Z
2026-08-02T14:18:54Z,2026-08-02T16:18:54+0200,d03952b3-6528-494b-a5a9-803d5ba4eea1,2026-07-28T18:30:00Z,2026-07-28T20:30:00+0200,79.31,MW,FR,FR,actual_offshore_wind_generation,Wind Offshore | Actual Aggregated,2026-08-02T14:20:02Z
2026-08-02T14:18:54Z,2026-08-02T16:18:54+0200,d03952b3-6528-494b-a5a9-803d5ba4eea1,2026-07-28T18:45:00Z,2026-07-28T20:45:00+0200,83.34,MW,FR,FR,actual_offshore_wind_generation,Wind Offshore | Actual Aggregated,2026-08-02T14:20:02Z
2026-08-02T14:18:54Z,2026-08-02T16:18:54+0200,d03952b3-6528-494b-a5a9-803d5ba4eea1,2026-07-28T19:00:00Z,2026-07-28T21:00:00+0200,79.16,MW,FR,FR,actual_offshore_wind_generation,Wind Offshore | Actual Aggregated,2026-08-02T14:20:02Z
2026-08-02T14:18:54Z,2026-08-02T16:18:54+0200,d03952b3-6528-494b-a5a9-803d5ba4eea1,2026-07-28T19:15:00Z,2026-07-28T21:15:00+0200,113.97,MW,FR,FR,actual_offshore_wind_generation,Wind Offshore | Actual Aggregated,2026-08-02T14:20:02Z
2026-08-02T14:18:54Z,2026-08-02T16:18:54+0200,d03952b3-6528-494b-a5a9-803d5ba4eea1,2026-07-28T19:30:00Z,2026-07-28T21:30:00+0200,149.87,MW,FR,FR,actual_offshore_wind_generation,Wind Offshore | Actual Aggregated,2026-08-02T14:20:02Z
2026-08-02T14:18:54Z,2026-08-02T16:18:54+0200,d03952b3-6528-494b-a5a9-803d5ba4eea1,2026-07-28T19:45:00Z,2026-07-28T21:45:00+0200,171.84,MW,FR,FR,actual_offshore_wind_generation,Wind Offshore | Actual Aggregated,2026-08-02T14:20:02Z
2026-08-02T14:18:54Z,2026-08-02T16:18:54+0200,d03952b3-6528-494b-a5a9-803d5ba4eea1,2026-07-28T20:00:00Z,2026-07-28T22:00:00+0200,170.24,MW,FR,FR,actual_offshore_wind_generation,Wind Offshore | Actual Aggregated,2026-08-02T14:20:02Z
2026-08-02T14:18:54Z,2026-08-02T16:18:54+0200,d03952b3-6528-494b-a5a9-803d5ba4eea1,2026-07-28T20:15:00Z,2026-07-28T22:15:00+0200,171.71,MW,FR,FR,actual_offshore_wind_generation,Wind Offshore | Actual Aggregated,2026-08-02T14:20:02Z
2026-08-02T14:18:54Z,2026-08-02T16:18:54+0200,d03952b3-6528-494b-a5a9-803d5ba4eea1,2026-07-28T20:30:00Z,2026-07-28T22:30:00+0200,138.58,MW,FR,FR,actual_offshore_wind_generation,Wind Offshore | Actual Aggregated,2026-08-02T14:20:02Z
2026-08-02T14:18:54Z,2026-08-02T16:18:54+0200,d03952b3-6528-494b-a5a9-803d5ba4eea1,2026-07-28T20:45:00Z,2026-07-28T22:45:00+0200,80.98,MW,FR,FR,actual_offshore_wind_generation,Wind Offshore | Actual Aggregated,2026-08-02T14:20:02Z
2026-08-02T14:18:54Z,2026-08-02T16:18:54+0200,d03952b3-6528-494b-a5a9-803d5ba4eea1,2026-07-28T21:00:00Z,2026-07-28T23:00:00+0200,57.56,MW,FR,FR,actual_offshore_wind_generation,Wind Offshore | Actual Aggregated,2026-08-02T14:20:02Z
2026-08-02T14:18:54Z,2026-08-02T16:18:54+0200,d03952b3-6528-494b-a5a9-803d5ba4eea1,2026-07-28T21:15:00Z,2026-07-28T23:15:00+0200,61.83,MW,FR,FR,actual_offshore_wind_generation,Wind Offshore | Actual Aggregated,2026-08-02T14:20:02Z
2026-08-02T14:18:54Z,2026-08-02T16:18:54+0200,d03952b3-6528-494b-a5a9-803d5ba4eea1,2026-07-28T21:30:00Z,2026-07-28T23:30:00+0200,55.73,MW,FR,FR,actual_offshore_wind_generation,Wind Offshore | Actual Aggregated,2026-08-02T14:20:02Z
2026-08-02T14:18:54Z,2026-08-02T16:18:54+0200,d03952b3-6528-494b-a5a9-803d5ba4eea1,2026-07-28T21:45:00Z,2026-07-28T23:45:00+0200,57.81,MW,FR,FR,actual_offshore_wind_generation,Wind Offshore | Actual Aggregated,2026-08-02T14:20:02Z
2026-08-02T14:18:54Z,2026-08-02T16:18:54+0200,d03952b3-6528-494b-a5a9-803d5ba4eea1,2026-07-28T22:00:00Z,2026-07-29T00:00:00+0200,60.57,MW,FR,FR,actual_offshore_wind_generation,Wind Offshore | Actual Aggregated,2026-08-02T14:20:02Z
2026-08-02T14:18:54Z,2026-08-02T16:18:54+0200,d03952b3-6528-494b-a5a9-803d5ba4eea1,2026-07-28T22:15:00Z,2026-07-29T00:15:00+0200,53.75,MW,FR,FR,actual_offshore_wind_generation,Wind Offshore | Actual Aggregated,2026-08-02T14:20:02Z
2026-08-02T14:18:54Z,2026-08-02T16:18:54+0200,d03952b3-6528-494b-a5a9-803d5ba4eea1,2026-07-28T22:30:00Z,2026-07-29T00:30:00+0200,49.96,MW,FR,FR,actual_offshore_wind_generation,Wind Offshore | Actual Aggregated,2026-08-02T14:20:02Z
2026-08-02T14:18:54Z,2026-08-02T16:18:54+0200,d03952b3-6528-494b-a5a9-803d5ba4eea1,2026-07-28T22:45:00Z,2026-07-29T00:45:00+0200,59.18,MW,FR,FR,actual_offshore_wind_generation,Wind Offshore | Actual Aggregated,2026-08-02T14:20:02Z
2026-08-02T14:18:54Z,2026-08-02T16:18:54+0200,d03952b3-6528-494b-a5a9-803d5ba4eea1,2026-07-28T23:00:00Z,2026-07-29T01:00:00+0200,69.38,MW,FR,FR,actual_offshore_wind_generation,Wind Offshore | Actual Aggregated,2026-08-02T14:20:02Z
2026-08-02T14:18:54Z,2026-08-02T16:18:54+0200,d03952b3-6528-494b-a5a9-803d5ba4eea1,2026-07-28T23:15:00Z,2026-07-29T01:15:00+0200,68.07,MW,FR,FR,actual_offshore_wind_generation,Wind Offshore | Actual Aggregated,2026-08-02T14:20:02Z
2026-08-02T14:18:54Z,2026-08-02T16:18:54+0200,d03952b3-6528-494b-a5a9-803d5ba4eea1,2026-07-28T23:30:00Z,2026-07-29T01:30:00+0200,56.0,MW,FR,FR,actual_offshore_wind_generation,Wind Offshore | Actual Aggregated,2026-08-02T14:20:02Z
2026-08-02T14:18:54Z,2026-08-02T16:18:54+0200,d03952b3-6528-494b-a5a9-803d5ba4eea1,2026-07-28T23:45:00Z,2026-07-29T01:45:00+0200,54.36,MW,FR,FR,actual_offshore_wind_generation,Wind Offshore | Actual Aggregated,2026-08-02T14:20:02Z
2026-08-02T14:18:54Z,2026-08-02T16:18:54+0200,d03952b3-6528-494b-a5a9-803d5ba4eea1,2026-07-29T00:00:00Z,2026-07-29T02:00:00+0200,59.25,MW,FR,FR,actual_offshore_wind_generation,Wind Offshore | Actual Aggregated,2026-08-02T14:20:02Z
2026-08-02T14:18:54Z,2026-08-02T16:18:54+0200,d03952b3-6528-494b-a5a9-803d5ba4eea1,2026-07-29T00:15:00Z,2026-07-29T02:15:00+0200,61.71,MW,FR,FR,actual_offshore_wind_generation,Wind Offshore | Actual Aggregated,2026-08-02T14:20:02Z
2026-08-02T14:18:54Z,2026-08-02T16:18:54+0200,d03952b3-6528-494b-a5a9-803d5ba4eea1,2026-07-29T00:30:00Z,2026-07-29T02:30:00+0200,78.5,MW,FR,FR,actual_offshore_wind_generation,Wind Offshore | Actual Aggregated,2026-08-02T14:20:02Z
2026-08-02T14:18:54Z,2026-08-02T16:18:54+0200,d03952b3-6528-494b-a5a9-803d5ba4eea1,2026-07-29T00:45:00Z,2026-07-29T02:45:00+0200,99.93,MW,FR,FR,actual_offshore_wind_generation,Wind Offshore | Actual Aggregated,2026-08-02T14:20:02Z
2026-08-02T14:18:54Z,2026-08-02T16:18:54+0200,d03952b3-6528-494b-a5a9-803d5ba4eea1,2026-07-29T01:00:00Z,2026-07-29T03:00:00+0200,101.91,MW,FR,FR,actual_offshore_wind_generation,Wind Offshore | Actual Aggregated,2026-08-02T14:20:02Z
2026-08-02T14:18:54Z,2026-08-02T16:18:54+0200,d03952b3-6528-494b-a5a9-803d5ba4eea1,2026-07-29T01:15:00Z,2026-07-29T03:15:00+0200,90.03,MW,FR,FR,actual_offshore_wind_generation,Wind Offshore | Actual Aggregated,2026-08-02T14:20:02Z
2026-08-02T14:18:54Z,2026-08-02T16:18:54+0200,d03952b3-6528-494b-a5a9-803d5ba4eea1,2026-07-29T01:30:00Z,2026-07-29T03:30:00+0200,75.72,MW,FR,FR,actual_offshore_wind_generation,Wind Offshore | Actual Aggregated,2026-08-02T14:20:02Z
2026-08-02T14:18:54Z,2026-08-02T16:18:54+0200,d03952b3-6528-494b-a5a9-803d5ba4eea1,2026-07-29T01:45:00Z,2026-07-29T03:45:00+0200,61.88,MW,FR,FR,actual_offshore_wind_generation,Wind Offshore | Actual Aggregated,2026-08-02T14:20:02Z
2026-08-02T14:18:54Z,2026-08-02T16:18:54+0200,d03952b3-6528-494b-a5a9-803d5ba4eea1,2026-07-29T02:00:00Z,2026-07-29T04:00:00+0200,43.53,MW,FR,FR,actual_offshore_wind_generation,Wind Offshore | Actual Aggregated,2026-08-02T14:20:02Z
2026-08-02T14:18:54Z,2026-08-02T16:18:54+0200,d03952b3-6528-494b-a5a9-803d5ba4eea1,2026-07-29T02:15:00Z,2026-07-29T04:15:00+0200,44.09,MW,FR,FR,actual_offshore_wind_generation,Wind Offshore | Actual Aggregated,2026-08-02T14:20:02Z
2026-08-02T14:18:54Z,2026-08-02T16:18:54+0200,d03952b3-6528-494b-a5a9-803d5ba4eea1,2026-07-29T02:30:00Z,2026-07-29T04:30:00+0200,39.61,MW,FR,FR,actual_offshore_wind_generation,Wind Offshore | Actual Aggregated,2026-08-02T14:20:02Z
2026-08-02T14:18:54Z,2026-08-02T16:18:54+0200,d03952b3-6528-494b-a5a9-803d5ba4eea1,2026-07-29T02:45:00Z,2026-07-29T04:45:00+0200,31.67,MW,FR,FR,actual_offshore_wind_generation,Wind Offshore | Actual Aggregated,2026-08-02T14:20:02Z
2026-08-02T14:18:54Z,2026-08-02T16:18:54+0200,d03952b3-6528-494b-a5a9-803d5ba4eea1,2026-07-29T03:00:00Z,2026-07-29T05:00:00+0200,21.88,MW,FR,FR,actual_offshore_wind_generation,Wind Offshore | Actual Aggregated,2026-08-02T14:20:02Z
2026-08-02T14:18:54Z,2026-08-02T16:18:54+0200,d03952b3-6528-494b-a5a9-803d5ba4eea1,2026-07-29T03:15:00Z,2026-07-29T05:15:00+0200,17.58,MW,FR,FR,actual_offshore_wind_generation,Wind Offshore | Actual Aggregated,2026-08-02T14:20:02Z
2026-08-02T14:18:54Z,2026-08-02T16:18:54+0200,d03952b3-6528-494b-a5a9-803d5ba4eea1,2026-07-29T03:30:00Z,2026-07-29T05:30:00+0200,15.41,MW,FR,FR,actual_offshore_wind_generation,Wind Offshore | Actual Aggregated,2026-08-02T14:20:02Z
2026-08-02T14:18:54Z,2026-08-02T16:18:54+0200,d03952b3-6528-494b-a5a9-803d5ba4eea1,2026-07-29T03:45:00Z,2026-07-29T05:45:00+0200,14.76,MW,FR,FR,actual_offshore_wind_generation,Wind Offshore | Actual Aggregated,2026-08-02T14:20:02Z
2026-08-02T14:18:54Z,2026-08-02T16:18:54+0200,d03952b3-6528-494b-a5a9-803d5ba4eea1,2026-07-29T04:00:00Z,2026-07-29T06:00:00+0200,14.9,MW,FR,FR,actual_offshore_wind_generation,Wind Offshore | Actual Aggregated,2026-08-02T14:20:02Z
2026-08-02T14:18:54Z,2026-08-02T16:18:54+0200,d03952b3-6528-494b-a5a9-803d5ba4eea1,2026-07-29T04:15:00Z,2026-07-29T06:15:00+0200,12.32,MW,FR,FR,actual_offshore_wind_generation,Wind Offshore | Actual Aggregated,2026-08-02T14:20:02Z
2026-08-02T14:18:54Z,2026-08-02T16:18:54+0200,d03952b3-6528-494b-a5a9-803d5ba4eea1,2026-07-29T04:30:00Z,2026-07-29T06:30:00+0200,16.73,MW,FR,FR,actual_offshore_wind_generation,Wind Offshore | Actual Aggregated,2026-08-02T14:20:02Z
2026-08-02T14:18:54Z,2026-08-02T16:18:54+0200,d03952b3-6528-494b-a5a9-803d5ba4eea1,2026-07-29T04:45:00Z,2026-07-29T06:45:00+0200,18.24,MW,FR,FR,actual_offshore_wind_generation,Wind Offshore | Actual Aggregated,2026-08-02T14:20:02Z
2026-08-02T14:18:54Z,2026-08-02T16:18:54+0200,d03952b3-6528-494b-a5a9-803d5ba4eea1,2026-07-29T05:00:00Z,2026-07-29T07:00:00+0200,16.69,MW,FR,FR,actual_offshore_wind_generation,Wind Offshore | Actual Aggregated,2026-08-02T14:20:02Z
2026-08-02T14:18:54Z,2026-08-02T16:18:54+0200,d03952b3-6528-494b-a5a9-803d5ba4eea1,2026-07-29T05:15:00Z,2026-07-29T07:15:00+0200,22.68,MW,FR,FR,actual_offshore_wind_generation,Wind Offshore | Actual Aggregated,2026-08-02T14:20:02Z
2026-08-02T14:18:54Z,2026-08-02T16:18:54+0200,d03952b3-6528-494b-a5a9-803d5ba4eea1,2026-07-29T05:30:00Z,2026-07-29T07:30:00+0200,33.52,MW,FR,FR,actual_offshore_wind_generation,Wind Offshore | Actual Aggregated,2026-08-02T14:20:02Z
2026-08-02T14:18:54Z,2026-08-02T16:18:54+0200,d03952b3-6528-494b-a5a9-803d5ba4eea1,2026-07-29T05:45:00Z,2026-07-29T07:45:00+0200,46.84,MW,FR,FR,actual_offshore_wind_generation,Wind Offshore | Actual Aggregated,2026-08-02T14:20:02Z
2026-08-02T14:18:54Z,2026-08-02T16:18:54+0200,d03952b3-6528-494b-a5a9-803d5ba4eea1,2026-07-29T06:00:00Z,2026-07-29T08:00:00+0200,65.49,MW,FR,FR,actual_offshore_wind_generation,Wind Offshore | Actual Aggregated,2026-08-02T14:20:02Z
2026-08-02T14:18:54Z,2026-08-02T16:18:54+0200,d03952b3-6528-494b-a5a9-803d5ba4eea1,2026-07-29T06:15:00Z,2026-07-29T08:15:00+0200,63.72,MW,FR,FR,actual_offshore_wind_generation,Wind Offshore | Actual Aggregated,2026-08-02T14:20:02Z
2026-08-02T14:18:54Z,2026-08-02T16:18:54+0200,d03952b3-6528-494b-a5a9-803d5ba4eea1,2026-07-29T06:30:00Z,2026-07-29T08:30:00+0200,48.88,MW,FR,FR,actual_offshore_wind_generation,Wind Offshore | Actual Aggregated,2026-08-02T14:20:02Z
2026-08-02T14:18:54Z,2026-08-02T16:18:54+0200,d03952b3-6528-494b-a5a9-803d5ba4eea1,2026-07-29T06:45:00Z,2026-07-29T08:45:00+0200,43.95,MW,FR,FR,actual_offshore_wind_generation,Wind Offshore | Actual Aggregated,2026-08-02T14:20:02Z
2026-08-02T14:18:54Z,2026-08-02T16:18:54+0200,d03952b3-6528-494b-a5a9-803d5ba4eea1,2026-07-29T07:00:00Z,2026-07-29T09:00:00+0200,42.67,MW,FR,FR,actual_offshore_wind_generation,Wind Offshore | Actual Aggregated,2026-08-02T14:20:02Z
2026-08-02T14:18:54Z,2026-08-02T16:18:54+0200,d03952b3-6528-494b-a5a9-803d5ba4eea1,2026-07-29T07:15:00Z,2026-07-29T09:15:00+0200,31.51,MW,FR,FR,actual_offshore_wind_generation,Wind Offshore | Actual Aggregated,2026-08-02T14:20:02Z
2026-08-02T14:18:54Z,2026-08-02T16:18:54+0200,d03952b3-6528-494b-a5a9-803d5ba4eea1,2026-07-29T07:30:00Z,2026-07-29T09:30:00+0200,32.38,MW,FR,FR,actual_offshore_wind_generation,Wind Offshore | Actual Aggregated,2026-08-02T14:20:02Z
2026-08-02T14:18:54Z,2026-08-02T16:18:54+0200,d03952b3-6528-494b-a5a9-803d5ba4eea1,2026-07-29T07:45:00Z,2026-07-29T09:45:00+0200,33.92,MW,FR,FR,actual_offshore_wind_generation,Wind Offshore | Actual Aggregated,2026-08-02T14:20:02Z
2026-08-02T14:18:54Z,2026-08-02T16:18:54+0200,d03952b3-6528-494b-a5a9-803d5ba4eea1,2026-07-29T08:00:00Z,2026-07-29T10:00:00+0200,38.85,MW,FR,FR,actual_offshore_wind_generation,Wind Offshore | Actual Aggregated,2026-08-02T14:20:02Z
2026-08-02T14:18:54Z,2026-08-02T16:18:54+0200,d03952b3-6528-494b-a5a9-803d5ba4eea1,2026-07-29T08:15:00Z,2026-07-29T10:15:00+0200,56.35,MW,FR,FR,actual_offshore_wind_generation,Wind Offshore | Actual Aggregated,2026-08-02T14:20:02Z
2026-08-02T14:18:54Z,2026-08-02T16:18:54+0200,d03952b3-6528-494b-a5a9-803d5ba4eea1,2026-07-29T08:30:00Z,2026-07-29T10:30:00+0200,71.75,MW,FR,FR,actual_offshore_wind_generation,Wind Offshore | Actual Aggregated,2026-08-02T14:20:02Z
2026-08-02T14:18:54Z,2026-08-02T16:18:54+0200,d03952b3-6528-494b-a5a9-803d5ba4eea1,2026-07-29T08:45:00Z,2026-07-29T10:45:00+0200,90.73,MW,FR,FR,actual_offshore_wind_generation,Wind Offshore | Actual Aggregated,2026-08-02T14:20:02Z
2026-08-02T14:18:54Z,2026-08-02T16:18:54+0200,d03952b3-6528-494b-a5a9-803d5ba4eea1,2026-07-29T09:00:00Z,2026-07-29T11:00:00+0200,79.71,MW,FR,FR,actual_offshore_wind_generation,Wind Offshore | Actual Aggregated,2026-08-02T14:20:02Z
2026-08-02T14:18:54Z,2026-08-02T16:18:54+0200,d03952b3-6528-494b-a5a9-803d5ba4eea1,2026-07-29T09:15:00Z,2026-07-29T11:15:00+0200,64.38,MW,FR,FR,actual_offshore_wind_generation,Wind Offshore | Actual Aggregated,2026-08-02T14:20:02Z
2026-08-02T14:18:54Z,2026-08-02T16:18:54+0200,d03952b3-6528-494b-a5a9-803d5ba4eea1,2026-07-29T09:30:00Z,2026-07-29T11:30:00+0200,32.03,MW,FR,FR,actual_offshore_wind_generation,Wind Offshore | Actual Aggregated,2026-08-02T14:20:02Z
2026-08-02T14:18:54Z,2026-08-02T16:18:54+0200,d03952b3-6528-494b-a5a9-803d5ba4eea1,2026-07-29T09:45:00Z,2026-07-29T11:45:00+0200,20.07,MW,FR,FR,actual_offshore_wind_generation,Wind Offshore | Actual Aggregated,2026-08-02T14:20:02Z
2026-08-02T14:18:54Z,2026-08-02T16:18:54+0200,d03952b3-6528-494b-a5a9-803d5ba4eea1,2026-07-29T10:00:00Z,2026-07-29T12:00:00+0200,17.09,MW,FR,FR,actual_offshore_wind_generation,Wind Offshore | Actual Aggregated,2026-08-02T14:20:02Z
2026-08-02T14:18:54Z,2026-08-02T16:18:54+0200,d03952b3-6528-494b-a5a9-803d5ba4eea1,2026-07-29T10:15:00Z,2026-07-29T12:15:00+0200,9.21,MW,FR,FR,actual_offshore_wind_generation,Wind Offshore | Actual Aggregated,2026-08-02T14:20:02Z
2026-08-02T14:18:54Z,2026-08-02T16:18:54+0200,d03952b3-6528-494b-a5a9-803d5ba4eea1,2026-07-29T10:30:00Z,2026-07-29T12:30:00+0200,12.77,MW,FR,FR,actual_offshore_wind_generation,Wind Offshore | Actual Aggregated,2026-08-02T14:20:02Z
2026-08-02T14:18:54Z,2026-08-02T16:18:54+0200,d03952b3-6528-494b-a5a9-803d5ba4eea1,2026-07-29T10:45:00Z,2026-07-29T12:45:00+0200,23.97,MW,FR,FR,actual_offshore_wind_generation,Wind Offshore | Actual Aggregated,2026-08-02T14:20:02Z
2026-08-02T14:18:54Z,2026-08-02T16:18:54+0200,d03952b3-6528-494b-a5a9-803d5ba4eea1,2026-07-29T11:00:00Z,2026-07-29T13:00:00+0200,27.34,MW,FR,FR,actual_offshore_wind_generation,Wind Offshore | Actual Aggregated,2026-08-02T14:20:02Z
2026-08-02T14:18:54Z,2026-08-02T16:18:54+0200,d03952b3-6528-494b-a5a9-803d5ba4eea1,2026-07-29T11:15:00Z,2026-07-29T13:15:00+0200,26.78,MW,FR,FR,actual_offshore_wind_generation,Wind Offshore | Actual Aggregated,2026-08-02T14:20:02Z
2026-08-02T14:18:54Z,2026-08-02T16:18:54+0200,d03952b3-6528-494b-a5a9-803d5ba4eea1,2026-07-29T11:30:00Z,2026-07-29T13:30:00+0200,42.12,MW,FR,FR,actual_offshore_wind_generation,Wind Offshore | Actual Aggregated,2026-08-02T14:20:02Z
2026-08-02T14:18:54Z,2026-08-02T16:18:54+0200,d03952b3-6528-494b-a5a9-803d5ba4eea1,2026-07-29T11:45:00Z,2026-07-29T13:45:00+0200,61.18,MW,FR,FR,actual_offshore_wind_generation,Wind Offshore | Actual Aggregated,2026-08-02T14:20:02Z
2026-08-02T14:18:54Z,2026-08-02T16:18:54+0200,d03952b3-6528-494b-a5a9-803d5ba4eea1,2026-07-29T12:00:00Z,2026-07-29T14:00:00+0200,86.99,MW,FR,FR,actual_offshore_wind_generation,Wind Offshore | Actual Aggregated,2026-08-02T14:20:02Z
2026-08-02T14:18:54Z,2026-08-02T16:18:54+0200,d03952b3-6528-494b-a5a9-803d5ba4eea1,2026-07-29T12:15:00Z,2026-07-29T14:15:00+0200,132.5,MW,FR,FR,actual_offshore_wind_generation,Wind Offshore | Actual Aggregated,2026-08-02T14:20:02Z
2026-08-02T14:18:54Z,2026-08-02T16:18:54+0200,d03952b3-6528-494b-a5a9-803d5ba4eea1,2026-07-29T12:30:00Z,2026-07-29T14:30:00+0200,186.38,MW,FR,FR,actual_offshore_wind_generation,Wind Offshore | Actual Aggregated,2026-08-02T14:20:02Z
2026-08-02T14:18:54Z,2026-08-02T16:18:54+0200,d03952b3-6528-494b-a5a9-803d5ba4eea1,2026-07-29T12:45:00Z,2026-07-29T14:45:00+0200,211.61,MW,FR,FR,actual_offshore_wind_generation,Wind Offshore | Actual Aggregated,2026-08-02T14:20:02Z
2026-08-02T14:18:54Z,2026-08-02T16:18:54+0200,d03952b3-6528-494b-a5a9-803d5ba4eea1,2026-07-29T13:00:00Z,2026-07-29T15:00:00+0200,200.28,MW,FR,FR,actual_offshore_wind_generation,Wind Offshore | Actual Aggregated,2026-08-02T14:20:02Z
2026-08-02T14:18:54Z,2026-08-02T16:18:54+0200,d03952b3-6528-494b-a5a9-803d5ba4eea1,2026-07-29T13:15:00Z,2026-07-29T15:15:00+0200,187.6,MW,FR,FR,actual_offshore_wind_generation,Wind Offshore | Actual Aggregated,2026-08-02T14:20:02Z
2026-08-02T14:18:54Z,2026-08-02T16:18:54+0200,d03952b3-6528-494b-a5a9-803d5ba4eea1,2026-07-29T13:30:00Z,2026-07-29T15:30:00+0200,181.91,MW,FR,FR,actual_offshore_wind_generation,Wind Offshore | Actual Aggregated,2026-08-02T14:20:02Z
2026-08-02T14:18:54Z,2026-08-02T16:18:54+0200,d03952b3-6528-494b-a5a9-803d5ba4eea1,2026-07-29T13:45:00Z,2026-07-29T15:45:00+0200,169.66,MW,FR,FR,actual_offshore_wind_generation,Wind Offshore | Actual Aggregated,2026-08-02T14:20:02Z
2026-08-02T14:18:54Z,2026-08-02T16:18:54+0200,d03952b3-6528-494b-a5a9-803d5ba4eea1,2026-07-29T14:00:00Z,2026-07-29T16:00:00+0200,167.65,MW,FR,FR,actual_offshore_wind_generation,Wind Offshore | Actual Aggregated,2026-08-02T14:20:02Z
2026-08-02T14:18:54Z,2026-08-02T16:18:54+0200,d03952b3-6528-494b-a5a9-803d5ba4eea1,2026-07-29T14:15:00Z,2026-07-29T16:15:00+0200,194.79,MW,FR,FR,actual_offshore_wind_generation,Wind Offshore | Actual Aggregated,2026-08-02T14:20:02Z
2026-08-02T14:18:54Z,2026-08-02T16:18:54+0200,d03952b3-6528-494b-a5a9-803d5ba4eea1,2026-07-29T14:30:00Z,2026-07-29T16:30:00+0200,252.5,MW,FR,FR,actual_offshore_wind_generation,Wind Offshore | Actual Aggregated,2026-08-02T14:20:02Z
2026-08-02T14:18:54Z,2026-08-02T16:18:54+0200,d03952b3-6528-494b-a5a9-803d5ba4eea1,2026-07-29T14:45:00Z,2026-07-29T16:45:00+0200,271.43,MW,FR,FR,actual_offshore_wind_generation,Wind Offshore | Actual Aggregated,2026-08-02T14:20:02Z
2026-08-02T14:18:54Z,2026-08-02T16:18:54+0200,d03952b3-6528-494b-a5a9-803d5ba4eea1,2026-07-29T15:00:00Z,2026-07-29T17:00:00+0200,283.67,MW,FR,FR,actual_offshore_wind_generation,Wind Offshore | Actual Aggregated,2026-08-02T14:20:02Z
2026-08-02T14:18:54Z,2026-08-02T16:18:54+0200,d03952b3-6528-494b-a5a9-803d5ba4eea1,2026-07-29T15:15:00Z,2026-07-29T17:15:00+0200,267.25,MW,FR,FR,actual_offshore_wind_generation,Wind Offshore | Actual Aggregated,2026-08-02T14:20:02Z
2026-08-02T14:18:54Z,2026-08-02T16:18:54+0200,d03952b3-6528-494b-a5a9-803d5ba4eea1,2026-07-29T15:30:00Z,2026-07-29T17:30:00+0200,250.89,MW,FR,FR,actual_offshore_wind_generation,Wind Offshore | Actual Aggregated,2026-08-02T14:20:02Z
2026-08-02T14:18:54Z,2026-08-02T16:18:54+0200,d03952b3-6528-494b-a5a9-803d5ba4eea1,2026-07-29T15:45:00Z,2026-07-29T17:45:00+0200,250.5,MW,FR,FR,actual_offshore_wind_generation,Wind Offshore | Actual Aggregated,2026-08-02T14:20:02Z
2026-08-02T14:18:54Z,2026-08-02T16:18:54+0200,d03952b3-6528-494b-a5a9-803d5ba4eea1,2026-07-29T16:00:00Z,2026-07-29T18:00:00+0200,260.72,MW,FR,FR,actual_offshore_wind_generation,Wind Offshore | Actual Aggregated,2026-08-02T14:20:02Z
2026-08-02T14:18:54Z,2026-08-02T16:18:54+0200,d03952b3-6528-494b-a5a9-803d5ba4eea1,2026-07-29T16:15:00Z,2026-07-29T18:15:00+0200,267.52,MW,FR,FR,actual_offshore_wind_generation,Wind Offshore | Actual Aggregated,2026-08-02T14:20:02Z
2026-08-02T14:18:54Z,2026-08-02T16:18:54+0200,d03952b3-6528-494b-a5a9-803d5ba4eea1,2026-07-29T16:30:00Z,2026-07-29T18:30:00+0200,254.88,MW,FR,FR,actual_offshore_wind_generation,Wind Offshore | Actual Aggregated,2026-08-02T14:20:02Z
2026-08-02T14:18:54Z,2026-08-02T16:18:54+0200,d03952b3-6528-494b-a5a9-803d5ba4eea1,2026-07-29T16:45:00Z,2026-07-29T18:45:00+0200,237.27,MW,FR,FR,actual_offshore_wind_generation,Wind Offshore | Actual Aggregated,2026-08-02T14:20:02Z
2026-08-02T14:18:54Z,2026-08-02T16:18:54+0200,d03952b3-6528-494b-a5a9-803d5ba4eea1,2026-07-29T17:00:00Z,2026-07-29T19:00:00+0200,232.73,MW,FR,FR,actual_offshore_wind_generation,Wind Offshore | Actual Aggregated,2026-08-02T14:20:02Z
2026-08-02T14:18:54Z,2026-08-02T16:18:54+0200,d03952b3-6528-494b-a5a9-803d5ba4eea1,2026-07-29T17:15:00Z,2026-07-29T19:15:00+0200,212.75,MW,FR,FR,actual_offshore_wind_generation,Wind Offshore | Actual Aggregated,2026-08-02T14:20:02Z
2026-08-02T14:18:54Z,2026-08-02T16:18:54+0200,d03952b3-6528-494b-a5a9-803d5ba4eea1,2026-07-29T17:30:00Z,2026-07-29T19:30:00+0200,201.76,MW,FR,FR,actual_offshore_wind_generation,Wind Offshore | Actual Aggregated,2026-08-02T14:20:02Z
2026-08-02T14:18:54Z,2026-08-02T16:18:54+0200,d03952b3-6528-494b-a5a9-803d5ba4eea1,2026-07-29T17:45:00Z,2026-07-29T19:45:00+0200,205.59,MW,FR,FR,actual_offshore_wind_generation,Wind Offshore | Actual Aggregated,2026-08-02T14:20:02Z
2026-08-02T14:18:54Z,2026-08-02T16:18:54+0200,d03952b3-6528-494b-a5a9-803d5ba4eea1,2026-07-29T18:00:00Z,2026-07-29T20:00:00+0200,206.71,MW,FR,FR,actual_offshore_wind_generation,Wind Offshore | Actual Aggregated,2026-08-02T14:20:02Z
2026-08-02T14:18:54Z,2026-08-02T16:18:54+0200,d03952b3-6528-494b-a5a9-803d5ba4eea1,2026-07-29T18:15:00Z,2026-07-29T20:15:00+0200,205.92,MW,FR,FR,actual_offshore_wind_generation,Wind Offshore | Actual Aggregated,2026-08-02T14:20:02Z
2026-08-02T14:18:54Z,2026-08-02T16:18:54+0200,d03952b3-6528-494b-a5a9-803d5ba4eea1,2026-07-29T18:30:00Z,2026-07-29T20:30:00+0200,219.92,MW,FR,FR,actual_offshore_wind_generation,Wind Offshore | Actual Aggregated,2026-08-02T14:20:02Z
2026-08-02T14:18:54Z,2026-08-02T16:18:54+0200,d03952b3-6528-494b-a5a9-803d5ba4eea1,2026-07-29T18:45:00Z,2026-07-29T20:45:00+0200,230.91,MW,FR,FR,actual_offshore_wind_generation,Wind Offshore | Actual Aggregated,2026-08-02T14:20:02Z
2026-08-02T14:18:54Z,2026-08-02T16:18:54+0200,d03952b3-6528-494b-a5a9-803d5ba4eea1,2026-07-29T19:00:00Z,2026-07-29T21:00:00+0200,216.04,MW,FR,FR,actual_offshore_wind_generation,Wind Offshore | Actual Aggregated,2026-08-02T14:20:02Z
2026-08-02T14:18:54Z,2026-08-02T16:18:54+0200,d03952b3-6528-494b-a5a9-803d5ba4eea1,2026-07-29T19:15:00Z,2026-07-29T21:15:00+0200,188.85,MW,FR,FR,actual_offshore_wind_generation,Wind Offshore | Actual Aggregated,2026-08-02T14:20:02Z
2026-08-02T14:18:54Z,2026-08-02T16:18:54+0200,d03952b3-6528-494b-a5a9-803d5ba4eea1,2026-07-29T19:30:00Z,2026-07-29T21:30:00+0200,180.71,MW,FR,FR,actual_offshore_wind_generation,Wind Offshore | Actual Aggregated,2026-08-02T14:20:02Z
2026-08-02T14:18:54Z,2026-08-02T16:18:54+0200,d03952b3-6528-494b-a5a9-803d5ba4eea1,2026-07-29T19:45:00Z,2026-07-29T21:45:00+0200,208.68,MW,FR,FR,actual_offshore_wind_generation,Wind Offshore | Actual Aggregated,2026-08-02T14:20:02Z
2026-08-02T14:18:54Z,2026-08-02T16:18:54+0200,d03952b3-6528-494b-a5a9-803d5ba4eea1,2026-07-29T20:00:00Z,2026-07-29T22:00:00+0200,245.57,MW,FR,FR,actual_offshore_wind_generation,Wind Offshore | Actual Aggregated,2026-08-02T14:20:02Z
2026-08-02T14:18:54Z,2026-08-02T16:18:54+0200,d03952b3-6528-494b-a5a9-803d5ba4eea1,2026-07-29T20:15:00Z,2026-07-29T22:15:00+0200,238.99,MW,FR,FR,actual_offshore_wind_generation,Wind Offshore | Actual Aggregated,2026-08-02T14:20:02Z
2026-08-02T14:18:54Z,2026-08-02T16:18:54+0200,d03952b3-6528-494b-a5a9-803d5ba4eea1,2026-07-29T20:30:00Z,2026-07-29T22:30:00+0200,269.86,MW,FR,FR,actual_offshore_wind_generation,Wind Offshore | Actual Aggregated,2026-08-02T14:20:02Z
2026-08-02T14:18:54Z,2026-08-02T16:18:54+0200,d03952b3-6528-494b-a5a9-803d5ba4eea1,2026-07-29T20:45:00Z,2026-07-29T22:45:00+0200,336.2,MW,FR,FR,actual_offshore_wind_generation,Wind Offshore | Actual Aggregated,2026-08-02T14:20:02Z
2026-08-02T14:18:54Z,2026-08-02T16:18:54+0200,d03952b3-6528-494b-a5a9-803d5ba4eea1,2026-07-29T21:00:00Z,2026-07-29T23:00:00+0200,336.57,MW,FR,FR,actual_offshore_wind_generation,Wind Offshore | Actual Aggregated,2026-08-02T14:20:02Z
2026-08-02T14:18:54Z,2026-08-02T16:18:54+0200,d03952b3-6528-494b-a5a9-803d5ba4eea1,2026-07-29T21:15:00Z,2026-07-29T23:15:00+0200,338.82,MW,FR,FR,actual_offshore_wind_generation,Wind Offshore | Actual Aggregated,2026-08-02T14:20:02Z
2026-08-02T14:18:54Z,2026-08-02T16:18:54+0200,d03952b3-6528-494b-a5a9-803d5ba4eea1,2026-07-29T21:30:00Z,2026-07-29T23:30:00+0200,364.98,MW,FR,FR,actual_offshore_wind_generation,Wind Offshore | Actual Aggregated,2026-08-02T14:20:02Z
2026-08-02T14:18:54Z,2026-08-02T16:18:54+0200,d03952b3-6528-494b-a5a9-803d5ba4eea1,2026-07-29T21:45:00Z,2026-07-29T23:45:00+0200,399.74,MW,FR,FR,actual_offshore_wind_generation,Wind Offshore | Actual Aggregated,2026-08-02T14:20:02Z
2026-08-02T14:18:54Z,2026-08-02T16:18:54+0200,d03952b3-6528-494b-a5a9-803d5ba4eea1,2026-07-29T22:00:00Z,2026-07-30T00:00:00+0200,417.99,MW,FR,FR,actual_offshore_wind_generation,Wind Offshore | Actual Aggregated,2026-08-02T14:20:02Z
2026-08-02T14:18:54Z,2026-08-02T16:18:54+0200,d03952b3-6528-494b-a5a9-803d5ba4eea1,2026-07-29T22:15:00Z,2026-07-30T00:15:00+0200,429.98,MW,FR,FR,actual_offshore_wind_generation,Wind Offshore | Actual Aggregated,2026-08-02T14:20:02Z
2026-08-02T14:18:54Z,2026-08-02T16:18:54+0200,d03952b3-6528-494b-a5a9-803d5ba4eea1,2026-07-29T22:30:00Z,2026-07-30T00:30:00+0200,408.75,MW,FR,FR,actual_offshore_wind_generation,Wind Offshore | Actual Aggregated,2026-08-02T14:20:02Z
2026-08-02T14:18:54Z,2026-08-02T16:18:54+0200,d03952b3-6528-494b-a5a9-803d5ba4eea1,2026-07-29T22:45:00Z,2026-07-30T00:45:00+0200,411.65,MW,FR,FR,actual_offshore_wind_generation,Wind Offshore | Actual Aggregated,2026-08-02T14:20:02Z
2026-08-02T14:18:54Z,2026-08-02T16:18:54+0200,d03952b3-6528-494b-a5a9-803d5ba4eea1,2026-07-29T23:00:00Z,2026-07-30T01:00:00+0200,440.43,MW,FR,FR,actual_offshore_wind_generation,Wind Offshore | Actual Aggregated,2026-08-02T14:20:02Z
2026-08-02T14:18:54Z,2026-08-02T16:18:54+0200,d03952b3-6528-494b-a5a9-803d5ba4eea1,2026-07-29T23:15:00Z,2026-07-30T01:15:00+0200,434.7,MW,FR,FR,actual_offshore_wind_generation,Wind Offshore | Actual Aggregated,2026-08-02T14:20:02Z
2026-08-02T14:18:54Z,2026-08-02T16:18:54+0200,d03952b3-6528-494b-a5a9-803d5ba4eea1,2026-07-29T23:30:00Z,2026-07-30T01:30:00+0200,370.62,MW,FR,FR,actual_offshore_wind_generation,Wind Offshore | Actual Aggregated,2026-08-02T14:20:02Z
2026-08-02T14:18:54Z,2026-08-02T16:18:54+0200,d03952b3-6528-494b-a5a9-803d5ba4eea1,2026-07-29T23:45:00Z,2026-07-30T01:45:00+0200,361.09,MW,FR,FR,actual_offshore_wind_generation,Wind Offshore | Actual Aggregated,2026-08-02T14:20:02Z
2026-08-02T14:18:54Z,2026-08-02T16:18:54+0200,d03952b3-6528-494b-a5a9-803d5ba4eea1,2026-07-30T00:00:00Z,2026-07-30T02:00:00+0200,320.27,MW,FR,FR,actual_offshore_wind_generation,Wind Offshore | Actual Aggregated,2026-08-02T14:20:02Z
2026-08-02T14:18:54Z,2026-08-02T16:18:54+0200,d03952b3-6528-494b-a5a9-803d5ba4eea1,2026-07-30T00:15:00Z,2026-07-30T02:15:00+0200,299.4,MW,FR,FR,actual_offshore_wind_generation,Wind Offshore | Actual Aggregated,2026-08-02T14:20:02Z
2026-08-02T14:18:54Z,2026-08-02T16:18:54+0200,d03952b3-6528-494b-a5a9-803d5ba4eea1,2026-07-30T00:30:00Z,2026-07-30T02:30:00+0200,281.27,MW,FR,FR,actual_offshore_wind_generation,Wind Offshore | Actual Aggregated,2026-08-02T14:20:02Z
2026-08-02T14:18:54Z,2026-08-02T16:18:54+0200,d03952b3-6528-494b-a5a9-803d5ba4eea1,2026-07-30T00:45:00Z,2026-07-30T02:45:00+0200,255.78,MW,FR,FR,actual_offshore_wind_generation,Wind Offshore | Actual Aggregated,2026-08-02T14:20:02Z
2026-08-02T14:18:54Z,2026-08-02T16:18:54+0200,d03952b3-6528-494b-a5a9-803d5ba4eea1,2026-07-30T01:00:00Z,2026-07-30T03:00:00+0200,248.21,MW,FR,FR,actual_offshore_wind_generation,Wind Offshore | Actual Aggregated,2026-08-02T14:20:02Z
2026-08-02T14:18:54Z,2026-08-02T16:18:54+0200,d03952b3-6528-494b-a5a9-803d5ba4eea1,2026-07-30T01:15:00Z,2026-07-30T03:15:00+0200,249.52,MW,FR,FR,actual_offshore_wind_generation,Wind Offshore | Actual Aggregated,2026-08-02T14:20:02Z
2026-08-02T14:18:54Z,2026-08-02T16:18:54+0200,d03952b3-6528-494b-a5a9-803d5ba4eea1,2026-07-30T01:30:00Z,2026-07-30T03:30:00+0200,246.2,MW,FR,FR,actual_offshore_wind_generation,Wind Offshore | Actual Aggregated,2026-08-02T14:20:02Z
2026-08-02T14:18:54Z,2026-08-02T16:18:54+0200,d03952b3-6528-494b-a5a9-803d5ba4eea1,2026-07-30T01:45:00Z,2026-07-30T03:45:00+0200,233.07,MW,FR,FR,actual_offshore_wind_generation,Wind Offshore | Actual Aggregated,2026-08-02T14:20:02Z
2026-08-02T14:18:54Z,2026-08-02T16:18:54+0200,d03952b3-6528-494b-a5a9-803d5ba4eea1,2026-07-30T02:00:00Z,2026-07-30T04:00:00+0200,251.42,MW,FR,FR,actual_offshore_wind_generation,Wind Offshore | Actual Aggregated,2026-08-02T14:20:02Z
2026-08-02T14:18:54Z,2026-08-02T16:18:54+0200,d03952b3-6528-494b-a5a9-803d5ba4eea1,2026-07-30T02:15:00Z,2026-07-30T04:15:00+0200,247.25,MW,FR,FR,actual_offshore_wind_generation,Wind Offshore | Actual Aggregated,2026-08-02T14:20:02Z
2026-08-02T14:18:54Z,2026-08-02T16:18:54+0200,d03952b3-6528-494b-a5a9-803d5ba4eea1,2026-07-30T02:30:00Z,2026-07-30T04:30:00+0200,215.56,MW,FR,FR,actual_offshore_wind_generation,Wind Offshore | Actual Aggregated,2026-08-02T14:20:02Z
2026-08-02T14:18:54Z,2026-08-02T16:18:54+0200,d03952b3-6528-494b-a5a9-803d5ba4eea1,2026-07-30T02:45:00Z,2026-07-30T04:45:00+0200,254.7,MW,FR,FR,actual_offshore_wind_generation,Wind Offshore | Actual Aggregated,2026-08-02T14:20:02Z
2026-08-02T14:18:54Z,2026-08-02T16:18:54+0200,d03952b3-6528-494b-a5a9-803d5ba4eea1,2026-07-30T03:00:00Z,2026-07-30T05:00:00+0200,236.51,MW,FR,FR,actual_offshore_wind_generation,Wind Offshore | Actual Aggregated,2026-08-02T14:20:02Z
2026-08-02T14:18:54Z,2026-08-02T16:18:54+0200,d03952b3-6528-494b-a5a9-803d5ba4eea1,2026-07-30T03:15:00Z,2026-07-30T05:15:00+0200,226.84,MW,FR,FR,actual_offshore_wind_generation,Wind Offshore | Actual Aggregated,2026-08-02T14:20:02Z
2026-08-02T14:18:54Z,2026-08-02T16:18:54+0200,d03952b3-6528-494b-a5a9-803d5ba4eea1,2026-07-30T03:30:00Z,2026-07-30T05:30:00+0200,297.65,MW,FR,FR,actual_offshore_wind_generation,Wind Offshore | Actual Aggregated,2026-08-02T14:20:02Z
2026-08-02T14:18:54Z,2026-08-02T16:18:54+0200,d03952b3-6528-494b-a5a9-803d5ba4eea1,2026-07-30T03:45:00Z,2026-07-30T05:45:00+0200,396.4,MW,FR,FR,actual_offshore_wind_generation,Wind Offshore | Actual Aggregated,2026-08-02T14:20:02Z
2026-08-02T14:18:54Z,2026-08-02T16:18:54+0200,d03952b3-6528-494b-a5a9-803d5ba4eea1,2026-07-30T04:00:00Z,2026-07-30T06:00:00+0200,455.45,MW,FR,FR,actual_offshore_wind_generation,Wind Offshore | Actual Aggregated,2026-08-02T14:20:02Z
2026-08-02T14:18:54Z,2026-08-02T16:18:54+0200,d03952b3-6528-494b-a5a9-803d5ba4eea1,2026-07-30T04:15:00Z,2026-07-30T06:15:00+0200,390.86,MW,FR,FR,actual_offshore_wind_generation,Wind Offshore | Actual Aggregated,2026-08-02T14:20:02Z
2026-08-02T14:18:54Z,2026-08-02T16:18:54+0200,d03952b3-6528-494b-a5a9-803d5ba4eea1,2026-07-30T04:30:00Z,2026-07-30T06:30:00+0200,271.15,MW,FR,FR,actual_offshore_wind_generation,Wind Offshore | Actual Aggregated,2026-08-02T14:20:02Z
2026-08-02T14:18:54Z,2026-08-02T16:18:54+0200,d03952b3-6528-494b-a5a9-803d5ba4eea1,2026-07-30T04:45:00Z,2026-07-30T06:45:00+0200,193.18,MW,FR,FR,actual_offshore_wind_generation,Wind Offshore | Actual Aggregated,2026-08-02T14:20:02Z
2026-08-02T14:18:54Z,2026-08-02T16:18:54+0200,d03952b3-6528-494b-a5a9-803d5ba4eea1,2026-07-30T05:00:00Z,2026-07-30T07:00:00+0200,167.22,MW,FR,FR,actual_offshore_wind_generation,Wind Offshore | Actual Aggregated,2026-08-02T14:20:02Z
2026-08-02T14:18:54Z,2026-08-02T16:18:54+0200,d03952b3-6528-494b-a5a9-803d5ba4eea1,2026-07-30T05:15:00Z,2026-07-30T07:15:00+0200,130.79,MW,FR,FR,actual_offshore_wind_generation,Wind Offshore | Actual Aggregated,2026-08-02T14:20:02Z
2026-08-02T14:18:54Z,2026-08-02T16:18:54+0200,d03952b3-6528-494b-a5a9-803d5ba4eea1,2026-07-30T05:30:00Z,2026-07-30T07:30:00+0200,119.19,MW,FR,FR,actual_offshore_wind_generation,Wind Offshore | Actual Aggregated,2026-08-02T14:20:02Z
2026-08-02T14:18:54Z,2026-08-02T16:18:54+0200,d03952b3-6528-494b-a5a9-803d5ba4eea1,2026-07-30T05:45:00Z,2026-07-30T07:45:00+0200,115.58,MW,FR,FR,actual_offshore_wind_generation,Wind Offshore | Actual Aggregated,2026-08-02T14:20:02Z
2026-08-02T14:18:54Z,2026-08-02T16:18:54+0200,d03952b3-6528-494b-a5a9-803d5ba4eea1,2026-07-30T06:00:00Z,2026-07-30T08:00:00+0200,109.21,MW,FR,FR,actual_offshore_wind_generation,Wind Offshore | Actual Aggregated,2026-08-02T14:20:02Z
2026-08-02T14:18:54Z,2026-08-02T16:18:54+0200,d03952b3-6528-494b-a5a9-803d5ba4eea1,2026-07-30T06:15:00Z,2026-07-30T08:15:00+0200,111.24,MW,FR,FR,actual_offshore_wind_generation,Wind Offshore | Actual Aggregated,2026-08-02T14:20:02Z
2026-08-02T14:18:54Z,2026-08-02T16:18:54+0200,d03952b3-6528-494b-a5a9-803d5ba4eea1,2026-07-30T06:30:00Z,2026-07-30T08:30:00+0200,133.27,MW,FR,FR,actual_offshore_wind_generation,Wind Offshore | Actual Aggregated,2026-08-02T14:20:02Z
2026-08-02T14:18:54Z,2026-08-02T16:18:54+0200,d03952b3-6528-494b-a5a9-803d5ba4eea1,2026-07-30T06:45:00Z,2026-07-30T08:45:00+0200,137.05,MW,FR,FR,actual_offshore_wind_generation,Wind Offshore | Actual Aggregated,2026-08-02T14:20:02Z
2026-08-02T14:18:54Z,2026-08-02T16:18:54+0200,d03952b3-6528-494b-a5a9-803d5ba4eea1,2026-07-30T07:00:00Z,2026-07-30T09:00:00+0200,147.64,MW,FR,FR,actual_offshore_wind_generation,Wind Offshore | Actual Aggregated,2026-08-02T14:20:02Z
2026-08-02T14:18:54Z,2026-08-02T16:18:54+0200,d03952b3-6528-494b-a5a9-803d5ba4eea1,2026-07-30T07:15:00Z,2026-07-30T09:15:00+0200,154.41,MW,FR,FR,actual_offshore_wind_generation,Wind Offshore | Actual Aggregated,2026-08-02T14:20:02Z
2026-08-02T14:18:54Z,2026-08-02T16:18:54+0200,d03952b3-6528-494b-a5a9-803d5ba4eea1,2026-07-30T07:30:00Z,2026-07-30T09:30:00+0200,162.76,MW,FR,FR,actual_offshore_wind_generation,Wind Offshore | Actual Aggregated,2026-08-02T14:20:02Z
2026-08-02T14:18:54Z,2026-08-02T16:18:54+0200,d03952b3-6528-494b-a5a9-803d5ba4eea1,2026-07-30T07:45:00Z,2026-07-30T09:45:00+0200,172.2,MW,FR,FR,actual_offshore_wind_generation,Wind Offshore | Actual Aggregated,2026-08-02T14:20:02Z
2026-08-02T14:18:54Z,2026-08-02T16:18:54+0200,d03952b3-6528-494b-a5a9-803d5ba4eea1,2026-07-30T08:00:00Z,2026-07-30T10:00:00+0200,181.99,MW,FR,FR,actual_offshore_wind_generation,Wind Offshore | Actual Aggregated,2026-08-02T14:20:02Z
2026-08-02T14:18:54Z,2026-08-02T16:18:54+0200,d03952b3-6528-494b-a5a9-803d5ba4eea1,2026-07-30T08:15:00Z,2026-07-30T10:15:00+0200,168.87,MW,FR,FR,actual_offshore_wind_generation,Wind Offshore | Actual Aggregated,2026-08-02T14:20:02Z
2026-08-02T14:18:54Z,2026-08-02T16:18:54+0200,d03952b3-6528-494b-a5a9-803d5ba4eea1,2026-07-30T08:30:00Z,2026-07-30T10:30:00+0200,153.65,MW,FR,FR,actual_offshore_wind_generation,Wind Offshore | Actual Aggregated,2026-08-02T14:20:02Z
2026-08-02T14:18:54Z,2026-08-02T16:18:54+0200,d03952b3-6528-494b-a5a9-803d5ba4eea1,2026-07-30T08:45:00Z,2026-07-30T10:45:00+0200,134.66,MW,FR,FR,actual_offshore_wind_generation,Wind Offshore | Actual Aggregated,2026-08-02T14:20:02Z
2026-08-02T14:18:54Z,2026-08-02T16:18:54+0200,d03952b3-6528-494b-a5a9-803d5ba4eea1,2026-07-30T09:00:00Z,2026-07-30T11:00:00+0200,135.7,MW,FR,FR,actual_offshore_wind_generation,Wind Offshore | Actual Aggregated,2026-08-02T14:20:02Z
2026-08-02T14:18:54Z,2026-08-02T16:18:54+0200,d03952b3-6528-494b-a5a9-803d5ba4eea1,2026-07-30T09:15:00Z,2026-07-30T11:15:00+0200,130.22,MW,FR,FR,actual_offshore_wind_generation,Wind Offshore | Actual Aggregated,2026-08-02T14:20:02Z
2026-08-02T14:18:54Z,2026-08-02T16:18:54+0200,d03952b3-6528-494b-a5a9-803d5ba4eea1,2026-07-30T09:30:00Z,2026-07-30T11:30:00+0200,120.55,MW,FR,FR,actual_offshore_wind_generation,Wind Offshore | Actual Aggregated,2026-08-02T14:20:02Z
2026-08-02T14:18:54Z,2026-08-02T16:18:54+0200,d03952b3-6528-494b-a5a9-803d5ba4eea1,2026-07-30T09:45:00Z,2026-07-30T11:45:00+0200,101.46,MW,FR,FR,actual_offshore_wind_generation,Wind Offshore | Actual Aggregated,2026-08-02T14:20:02Z
2026-08-02T14:18:54Z,2026-08-02T16:18:54+0200,d03952b3-6528-494b-a5a9-803d5ba4eea1,2026-07-30T10:00:00Z,2026-07-30T12:00:00+0200,94.01,MW,FR,FR,actual_offshore_wind_generation,Wind Offshore | Actual Aggregated,2026-08-02T14:20:02Z
2026-08-02T14:18:54Z,2026-08-02T16:18:54+0200,d03952b3-6528-494b-a5a9-803d5ba4eea1,2026-07-30T10:15:00Z,2026-07-30T12:15:00+0200,91.44,MW,FR,FR,actual_offshore_wind_generation,Wind Offshore | Actual Aggregated,2026-08-02T14:20:02Z
2026-08-02T14:18:54Z,2026-08-02T16:18:54+0200,d03952b3-6528-494b-a5a9-803d5ba4eea1,2026-07-30T10:30:00Z,2026-07-30T12:30:00+0200,98.68,MW,FR,FR,actual_offshore_wind_generation,Wind Offshore | Actual Aggregated,2026-08-02T14:20:02Z
2026-08-02T14:18:54Z,2026-08-02T16:18:54+0200,d03952b3-6528-494b-a5a9-803d5ba4eea1,2026-07-30T10:45:00Z,2026-07-30T12:45:00+0200,99.19,MW,FR,FR,actual_offshore_wind_generation,Wind Offshore | Actual Aggregated,2026-08-02T14:20:02Z
2026-08-02T14:18:54Z,2026-08-02T16:18:54+0200,d03952b3-6528-494b-a5a9-803d5ba4eea1,2026-07-30T11:00:00Z,2026-07-30T13:00:00+0200,90.89,MW,FR,FR,actual_offshore_wind_generation,Wind Offshore | Actual Aggregated,2026-08-02T14:20:02Z
2026-08-02T14:18:54Z,2026-08-02T16:18:54+0200,d03952b3-6528-494b-a5a9-803d5ba4eea1,2026-07-30T11:15:00Z,2026-07-30T13:15:00+0200,74.27,MW,FR,FR,actual_offshore_wind_generation,Wind Offshore | Actual Aggregated,2026-08-02T14:20:02Z
2026-08-02T14:18:54Z,2026-08-02T16:18:54+0200,d03952b3-6528-494b-a5a9-803d5ba4eea1,2026-07-30T11:30:00Z,2026-07-30T13:30:00+0200,48.66,MW,FR,FR,actual_offshore_wind_generation,Wind Offshore | Actual Aggregated,2026-08-02T14:20:02Z
2026-08-02T14:18:54Z,2026-08-02T16:18:54+0200,d03952b3-6528-494b-a5a9-803d5ba4eea1,2026-07-30T11:45:00Z,2026-07-30T13:45:00+0200,38.46,MW,FR,FR,actual_offshore_wind_generation,Wind Offshore | Actual Aggregated,2026-08-02T14:20:02Z
2026-08-02T14:18:54Z,2026-08-02T16:18:54+0200,d03952b3-6528-494b-a5a9-803d5ba4eea1,2026-07-30T12:00:00Z,2026-07-30T14:00:00+0200,20.23,MW,FR,FR,actual_offshore_wind_generation,Wind Offshore | Actual Aggregated,2026-08-02T14:20:02Z
2026-08-02T14:18:54Z,2026-08-02T16:18:54+0200,d03952b3-6528-494b-a5a9-803d5ba4eea1,2026-07-30T12:15:00Z,2026-07-30T14:15:00+0200,10.43,MW,FR,FR,actual_offshore_wind_generation,Wind Offshore | Actual Aggregated,2026-08-02T14:20:02Z
2026-08-02T14:18:54Z,2026-08-02T16:18:54+0200,d03952b3-6528-494b-a5a9-803d5ba4eea1,2026-07-30T12:30:00Z,2026-07-30T14:30:00+0200,16.4,MW,FR,FR,actual_offshore_wind_generation,Wind Offshore | Actual Aggregated,2026-08-02T14:20:02Z
2026-08-02T14:18:54Z,2026-08-02T16:18:54+0200,d03952b3-6528-494b-a5a9-803d5ba4eea1,2026-07-30T12:45:00Z,2026-07-30T14:45:00+0200,15.38,MW,FR,FR,actual_offshore_wind_generation,Wind Offshore | Actual Aggregated,2026-08-02T14:20:02Z
2026-08-02T14:18:54Z,2026-08-02T16:18:54+0200,d03952b3-6528-494b-a5a9-803d5ba4eea1,2026-07-30T13:00:00Z,2026-07-30T15:00:00+0200,16.15,MW,FR,FR,actual_offshore_wind_generation,Wind Offshore | Actual Aggregated,2026-08-02T14:20:02Z
2026-08-02T14:18:54Z,2026-08-02T16:18:54+0200,d03952b3-6528-494b-a5a9-803d5ba4eea1,2026-07-30T13:15:00Z,2026-07-30T15:15:00+0200,27.62,MW,FR,FR,actual_offshore_wind_generation,Wind Offshore | Actual Aggregated,2026-08-02T14:20:02Z
2026-08-02T14:18:54Z,2026-08-02T16:18:54+0200,d03952b3-6528-494b-a5a9-803d5ba4eea1,2026-07-30T13:30:00Z,2026-07-30T15:30:00+0200,20.26,MW,FR,FR,actual_offshore_wind_generation,Wind Offshore | Actual Aggregated,2026-08-02T14:20:02Z
2026-08-02T14:18:54Z,2026-08-02T16:18:54+0200,d03952b3-6528-494b-a5a9-803d5ba4eea1,2026-07-30T13:45:00Z,2026-07-30T15:45:00+0200,31.21,MW,FR,FR,actual_offshore_wind_generation,Wind Offshore | Actual Aggregated,2026-08-02T14:20:02Z
2026-08-02T14:18:54Z,2026-08-02T16:18:54+0200,d03952b3-6528-494b-a5a9-803d5ba4eea1,2026-07-30T14:00:00Z,2026-07-30T16:00:00+0200,40.93,MW,FR,FR,actual_offshore_wind_generation,Wind Offshore | Actual Aggregated,2026-08-02T14:20:02Z
2026-08-02T14:18:54Z,2026-08-02T16:18:54+0200,d03952b3-6528-494b-a5a9-803d5ba4eea1,2026-07-30T14:15:00Z,2026-07-30T16:15:00+0200,53.63,MW,FR,FR,actual_offshore_wind_generation,Wind Offshore | Actual Aggregated,2026-08-02T14:20:02Z
2026-08-02T14:18:54Z,2026-08-02T16:18:54+0200,d03952b3-6528-494b-a5a9-803d5ba4eea1,2026-07-30T14:30:00Z,2026-07-30T16:30:00+0200,76.31,MW,FR,FR,actual_offshore_wind_generation,Wind Offshore | Actual Aggregated,2026-08-02T14:20:02Z
2026-08-02T14:18:54Z,2026-08-02T16:18:54+0200,d03952b3-6528-494b-a5a9-803d5ba4eea1,2026-07-30T14:45:00Z,2026-07-30T16:45:00+0200,78.87,MW,FR,FR,actual_offshore_wind_generation,Wind Offshore | Actual Aggregated,2026-08-02T14:20:02Z
2026-08-02T14:18:54Z,2026-08-02T16:18:54+0200,d03952b3-6528-494b-a5a9-803d5ba4eea1,2026-07-30T15:00:00Z,2026-07-30T17:00:00+0200,86.24,MW,FR,FR,actual_offshore_wind_generation,Wind Offshore | Actual Aggregated,2026-08-02T14:20:02Z
2026-08-02T14:18:54Z,2026-08-02T16:18:54+0200,d03952b3-6528-494b-a5a9-803d5ba4eea1,2026-07-30T15:15:00Z,2026-07-30T17:15:00+0200,83.26,MW,FR,FR,actual_offshore_wind_generation,Wind Offshore | Actual Aggregated,2026-08-02T14:20:02Z
2026-08-02T14:18:54Z,2026-08-02T16:18:54+0200,d03952b3-6528-494b-a5a9-803d5ba4eea1,2026-07-30T15:30:00Z,2026-07-30T17:30:00+0200,94.0,MW,FR,FR,actual_offshore_wind_generation,Wind Offshore | Actual Aggregated,2026-08-02T14:20:02Z
2026-08-02T14:18:54Z,2026-08-02T16:18:54+0200,d03952b3-6528-494b-a5a9-803d5ba4eea1,2026-07-30T15:45:00Z,2026-07-30T17:45:00+0200,96.84,MW,FR,FR,actual_offshore_wind_generation,Wind Offshore | Actual Aggregated,2026-08-02T14:20:02Z
2026-08-02T14:18:54Z,2026-08-02T16:18:54+0200,d03952b3-6528-494b-a5a9-803d5ba4eea1,2026-07-30T16:00:00Z,2026-07-30T18:00:00+0200,138.35,MW,FR,FR,actual_offshore_wind_generation,Wind Offshore | Actual Aggregated,2026-08-02T14:20:02Z
2026-08-02T14:18:54Z,2026-08-02T16:18:54+0200,d03952b3-6528-494b-a5a9-803d5ba4eea1,2026-07-30T16:15:00Z,2026-07-30T18:15:00+0200,192.4,MW,FR,FR,actual_offshore_wind_generation,Wind Offshore | Actual Aggregated,2026-08-02T14:20:02Z
2026-08-02T14:18:54Z,2026-08-02T16:18:54+0200,d03952b3-6528-494b-a5a9-803d5ba4eea1,2026-07-30T16:30:00Z,2026-07-30T18:30:00+0200,225.82,MW,FR,FR,actual_offshore_wind_generation,Wind Offshore | Actual Aggregated,2026-08-02T14:20:02Z
2026-08-02T14:18:54Z,2026-08-02T16:18:54+0200,d03952b3-6528-494b-a5a9-803d5ba4eea1,2026-07-30T16:45:00Z,2026-07-30T18:45:00+0200,219.59,MW,FR,FR,actual_offshore_wind_generation,Wind Offshore | Actual Aggregated,2026-08-02T14:20:02Z
2026-08-02T14:18:54Z,2026-08-02T16:18:54+0200,d03952b3-6528-494b-a5a9-803d5ba4eea1,2026-07-30T17:00:00Z,2026-07-30T19:00:00+0200,210.52,MW,FR,FR,actual_offshore_wind_generation,Wind Offshore | Actual Aggregated,2026-08-02T14:20:02Z
2026-08-02T14:18:54Z,2026-08-02T16:18:54+0200,d03952b3-6528-494b-a5a9-803d5ba4eea1,2026-07-30T17:15:00Z,2026-07-30T19:15:00+0200,252.31,MW,FR,FR,actual_offshore_wind_generation,Wind Offshore | Actual Aggregated,2026-08-02T14:20:02Z
2026-08-02T14:18:54Z,2026-08-02T16:18:54+0200,d03952b3-6528-494b-a5a9-803d5ba4eea1,2026-07-30T17:30:00Z,2026-07-30T19:30:00+0200,234.51,MW,FR,FR,actual_offshore_wind_generation,Wind Offshore | Actual Aggregated,2026-08-02T14:20:02Z
2026-08-02T14:18:54Z,2026-08-02T16:18:54+0200,d03952b3-6528-494b-a5a9-803d5ba4eea1,2026-07-30T17:45:00Z,2026-07-30T19:45:00+0200,280.84,MW,FR,FR,actual_offshore_wind_generation,Wind Offshore | Actual Aggregated,2026-08-02T14:20:02Z
2026-08-02T14:18:54Z,2026-08-02T16:18:54+0200,d03952b3-6528-494b-a5a9-803d5ba4eea1,2026-07-30T18:00:00Z,2026-07-30T20:00:00+0200,348.29,MW,FR,FR,actual_offshore_wind_generation,Wind Offshore | Actual Aggregated,2026-08-02T14:20:02Z
2026-08-02T14:18:54Z,2026-08-02T16:18:54+0200,d03952b3-6528-494b-a5a9-803d5ba4eea1,2026-07-30T18:15:00Z,2026-07-30T20:15:00+0200,396.16,MW,FR,FR,actual_offshore_wind_generation,Wind Offshore | Actual Aggregated,2026-08-02T14:20:02Z
2026-08-02T14:18:54Z,2026-08-02T16:18:54+0200,d03952b3-6528-494b-a5a9-803d5ba4eea1,2026-07-30T18:30:00Z,2026-07-30T20:30:00+0200,439.08,MW,FR,FR,actual_offshore_wind_generation,Wind Offshore | Actual Aggregated,2026-08-02T14:20:02Z
2026-08-02T14:18:54Z,2026-08-02T16:18:54+0200,d03952b3-6528-494b-a5a9-803d5ba4eea1,2026-07-30T18:45:00Z,2026-07-30T20:45:00+0200,489.7,MW,FR,FR,actual_offshore_wind_generation,Wind Offshore | Actual Aggregated,2026-08-02T14:20:02Z
2026-08-02T14:18:54Z,2026-08-02T16:18:54+0200,d03952b3-6528-494b-a5a9-803d5ba4eea1,2026-07-30T19:00:00Z,2026-07-30T21:00:00+0200,468.65,MW,FR,FR,actual_offshore_wind_generation,Wind Offshore | Actual Aggregated,2026-08-02T14:20:02Z
2026-08-02T14:18:54Z,2026-08-02T16:18:54+0200,d03952b3-6528-494b-a5a9-803d5ba4eea1,2026-07-30T19:15:00Z,2026-07-30T21:15:00+0200,408.65,MW,FR,FR,actual_offshore_wind_generation,Wind Offshore | Actual Aggregated,2026-08-02T14:20:02Z
2026-08-02T14:18:54Z,2026-08-02T16:18:54+0200,d03952b3-6528-494b-a5a9-803d5ba4eea1,2026-07-30T19:30:00Z,2026-07-30T21:30:00+0200,364.38,MW,FR,FR,actual_offshore_wind_generation,Wind Offshore | Actual Aggregated,2026-08-02T14:20:02Z
2026-08-02T14:18:54Z,2026-08-02T16:18:54+0200,d03952b3-6528-494b-a5a9-803d5ba4eea1,2026-07-30T19:45:00Z,2026-07-30T21:45:00+0200,345.46,MW,FR,FR,actual_offshore_wind_generation,Wind Offshore | Actual Aggregated,2026-08-02T14:20:02Z
2026-08-02T14:18:54Z,2026-08-02T16:18:54+0200,d03952b3-6528-494b-a5a9-803d5ba4eea1,2026-07-30T20:00:00Z,2026-07-30T22:00:00+0200,371.53,MW,FR,FR,actual_offshore_wind_generation,Wind Offshore | Actual Aggregated,2026-08-02T14:20:02Z
2026-08-02T14:18:54Z,2026-08-02T16:18:54+0200,d03952b3-6528-494b-a5a9-803d5ba4eea1,2026-07-30T20:15:00Z,2026-07-30T22:15:00+0200,327.22,MW,FR,FR,actual_offshore_wind_generation,Wind Offshore | Actual Aggregated,2026-08-02T14:20:02Z
2026-08-02T14:18:54Z,2026-08-02T16:18:54+0200,d03952b3-6528-494b-a5a9-803d5ba4eea1,2026-07-30T20:30:00Z,2026-07-30T22:30:00+0200,331.78,MW,FR,FR,actual_offshore_wind_generation,Wind Offshore | Actual Aggregated,2026-08-02T14:20:02Z
2026-08-02T14:18:54Z,2026-08-02T16:18:54+0200,d03952b3-6528-494b-a5a9-803d5ba4eea1,2026-07-30T20:45:00Z,2026-07-30T22:45:00+0200,388.7,MW,FR,FR,actual_offshore_wind_generation,Wind Offshore | Actual Aggregated,2026-08-02T14:20:02Z
2026-08-02T14:18:54Z,2026-08-02T16:18:54+0200,d03952b3-6528-494b-a5a9-803d5ba4eea1,2026-07-30T21:00:00Z,2026-07-30T23:00:00+0200,417.35,MW,FR,FR,actual_offshore_wind_generation,Wind Offshore | Actual Aggregated,2026-08-02T14:20:02Z
2026-08-02T14:18:54Z,2026-08-02T16:18:54+0200,d03952b3-6528-494b-a5a9-803d5ba4eea1,2026-07-30T21:15:00Z,2026-07-30T23:15:00+0200,466.56,MW,FR,FR,actual_offshore_wind_generation,Wind Offshore | Actual Aggregated,2026-08-02T14:20:02Z
2026-08-02T14:18:54Z,2026-08-02T16:18:54+0200,d03952b3-6528-494b-a5a9-803d5ba4eea1,2026-07-30T21:30:00Z,2026-07-30T23:30:00+0200,530.71,MW,FR,FR,actual_offshore_wind_generation,Wind Offshore | Actual Aggregated,2026-08-02T14:20:02Z
2026-08-02T14:18:54Z,2026-08-02T16:18:54+0200,d03952b3-6528-494b-a5a9-803d5ba4eea1,2026-07-30T21:45:00Z,2026-07-30T23:45:00+0200,576.31,MW,FR,FR,actual_offshore_wind_generation,Wind Offshore | Actual Aggregated,2026-08-02T14:20:02Z
2026-08-02T14:18:54Z,2026-08-02T16:18:54+0200,d03952b3-6528-494b-a5a9-803d5ba4eea1,2026-07-30T22:00:00Z,2026-07-31T00:00:00+0200,611.34,MW,FR,FR,actual_offshore_wind_generation,Wind Offshore | Actual Aggregated,2026-08-02T14:20:02Z
2026-08-02T14:18:54Z,2026-08-02T16:18:54+0200,d03952b3-6528-494b-a5a9-803d5ba4eea1,2026-07-30T22:15:00Z,2026-07-31T00:15:00+0200,597.69,MW,FR,FR,actual_offshore_wind_generation,Wind Offshore | Actual Aggregated,2026-08-02T14:20:02Z
2026-08-02T14:18:54Z,2026-08-02T16:18:54+0200,d03952b3-6528-494b-a5a9-803d5ba4eea1,2026-07-30T22:30:00Z,2026-07-31T00:30:00+0200,530.33,MW,FR,FR,actual_offshore_wind_generation,Wind Offshore | Actual Aggregated,2026-08-02T14:20:02Z
2026-08-02T14:18:54Z,2026-08-02T16:18:54+0200,d03952b3-6528-494b-a5a9-803d5ba4eea1,2026-07-30T22:45:00Z,2026-07-31T00:45:00+0200,474.55,MW,FR,FR,actual_offshore_wind_generation,Wind Offshore | Actual Aggregated,2026-08-02T14:20:02Z
2026-08-02T14:18:54Z,2026-08-02T16:18:54+0200,d03952b3-6528-494b-a5a9-803d5ba4eea1,2026-07-30T23:00:00Z,2026-07-31T01:00:00+0200,459.03,MW,FR,FR,actual_offshore_wind_generation,Wind Offshore | Actual Aggregated,2026-08-02T14:20:02Z
2026-08-02T14:18:54Z,2026-08-02T16:18:54+0200,d03952b3-6528-494b-a5a9-803d5ba4eea1,2026-07-30T23:15:00Z,2026-07-31T01:15:00+0200,446.92,MW,FR,FR,actual_offshore_wind_generation,Wind Offshore | Actual Aggregated,2026-08-02T14:20:02Z
2026-08-02T14:18:54Z,2026-08-02T16:18:54+0200,d03952b3-6528-494b-a5a9-803d5ba4eea1,2026-07-30T23:30:00Z,2026-07-31T01:30:00+0200,480.09,MW,FR,FR,actual_offshore_wind_generation,Wind Offshore | Actual Aggregated,2026-08-02T14:20:02Z
2026-08-02T14:18:54Z,2026-08-02T16:18:54+0200,d03952b3-6528-494b-a5a9-803d5ba4eea1,2026-07-30T23:45:00Z,2026-07-31T01:45:00+0200,489.23,MW,FR,FR,actual_offshore_wind_generation,Wind Offshore | Actual Aggregated,2026-08-02T14:20:02Z
2026-08-02T14:18:54Z,2026-08-02T16:18:54+0200,d03952b3-6528-494b-a5a9-803d5ba4eea1,2026-07-31T00:00:00Z,2026-07-31T02:00:00+0200,467.55,MW,FR,FR,actual_offshore_wind_generation,Wind Offshore | Actual Aggregated,2026-08-02T14:20:02Z
2026-08-02T14:18:54Z,2026-08-02T16:18:54+0200,d03952b3-6528-494b-a5a9-803d5ba4eea1,2026-07-31T00:15:00Z,2026-07-31T02:15:00+0200,395.21,MW,FR,FR,actual_offshore_wind_generation,Wind Offshore | Actual Aggregated,2026-08-02T14:20:02Z
2026-08-02T14:18:54Z,2026-08-02T16:18:54+0200,d03952b3-6528-494b-a5a9-803d5ba4eea1,2026-07-31T00:30:00Z,2026-07-31T02:30:00+0200,375.35,MW,FR,FR,actual_offshore_wind_generation,Wind Offshore | Actual Aggregated,2026-08-02T14:20:02Z
2026-08-02T14:18:54Z,2026-08-02T16:18:54+0200,d03952b3-6528-494b-a5a9-803d5ba4eea1,2026-07-31T00:45:00Z,2026-07-31T02:45:00+0200,318.78,MW,FR,FR,actual_offshore_wind_generation,Wind Offshore | Actual Aggregated,2026-08-02T14:20:02Z
2026-08-02T14:18:54Z,2026-08-02T16:18:54+0200,d03952b3-6528-494b-a5a9-803d5ba4eea1,2026-07-31T01:00:00Z,2026-07-31T03:00:00+0200,295.88,MW,FR,FR,actual_offshore_wind_generation,Wind Offshore | Actual Aggregated,2026-08-02T14:20:02Z
2026-08-02T14:18:54Z,2026-08-02T16:18:54+0200,d03952b3-6528-494b-a5a9-803d5ba4eea1,2026-07-31T01:15:00Z,2026-07-31T03:15:00+0200,311.48,MW,FR,FR,actual_offshore_wind_generation,Wind Offshore | Actual Aggregated,2026-08-02T14:20:02Z
2026-08-02T14:18:54Z,2026-08-02T16:18:54+0200,d03952b3-6528-494b-a5a9-803d5ba4eea1,2026-07-31T01:30:00Z,2026-07-31T03:30:00+0200,289.63,MW,FR,FR,actual_offshore_wind_generation,Wind Offshore | Actual Aggregated,2026-08-02T14:20:02Z
2026-08-02T14:18:54Z,2026-08-02T16:18:54+0200,d03952b3-6528-494b-a5a9-803d5ba4eea1,2026-07-31T01:45:00Z,2026-07-31T03:45:00+0200,258.01,MW,FR,FR,actual_offshore_wind_generation,Wind Offshore | Actual Aggregated,2026-08-02T14:20:02Z
2026-08-02T14:18:54Z,2026-08-02T16:18:54+0200,d03952b3-6528-494b-a5a9-803d5ba4eea1,2026-07-31T02:00:00Z,2026-07-31T04:00:00+0200,298.64,MW,FR,FR,actual_offshore_wind_generation,Wind Offshore | Actual Aggregated,2026-08-02T14:20:02Z
2026-08-02T14:18:54Z,2026-08-02T16:18:54+0200,d03952b3-6528-494b-a5a9-803d5ba4eea1,2026-07-31T02:15:00Z,2026-07-31T04:15:00+0200,331.64,MW,FR,FR,actual_offshore_wind_generation,Wind Offshore | Actual Aggregated,2026-08-02T14:20:02Z
2026-08-02T14:18:54Z,2026-08-02T16:18:54+0200,d03952b3-6528-494b-a5a9-803d5ba4eea1,2026-07-31T02:30:00Z,2026-07-31T04:30:00+0200,351.72,MW,FR,FR,actual_offshore_wind_generation,Wind Offshore | Actual Aggregated,2026-08-02T14:20:02Z
2026-08-02T14:18:54Z,2026-08-02T16:18:54+0200,d03952b3-6528-494b-a5a9-803d5ba4eea1,2026-07-31T02:45:00Z,2026-07-31T04:45:00+0200,358.19,MW,FR,FR,actual_offshore_wind_generation,Wind Offshore | Actual Aggregated,2026-08-02T14:20:02Z
2026-08-02T14:18:54Z,2026-08-02T16:18:54+0200,d03952b3-6528-494b-a5a9-803d5ba4eea1,2026-07-31T03:00:00Z,2026-07-31T05:00:00+0200,349.81,MW,FR,FR,actual_offshore_wind_generation,Wind Offshore | Actual Aggregated,2026-08-02T14:20:02Z
2026-08-02T14:18:54Z,2026-08-02T16:18:54+0200,d03952b3-6528-494b-a5a9-803d5ba4eea1,2026-07-31T03:15:00Z,2026-07-31T05:15:00+0200,307.19,MW,FR,FR,actual_offshore_wind_generation,Wind Offshore | Actual Aggregated,2026-08-02T14:20:02Z
2026-08-02T14:18:54Z,2026-08-02T16:18:54+0200,d03952b3-6528-494b-a5a9-803d5ba4eea1,2026-07-31T03:30:00Z,2026-07-31T05:30:00+0200,288.58,MW,FR,FR,actual_offshore_wind_generation,Wind Offshore | Actual Aggregated,2026-08-02T14:20:02Z
2026-08-02T14:18:54Z,2026-08-02T16:18:54+0200,d03952b3-6528-494b-a5a9-803d5ba4eea1,2026-07-31T03:45:00Z,2026-07-31T05:45:00+0200,291.28,MW,FR,FR,actual_offshore_wind_generation,Wind Offshore | Actual Aggregated,2026-08-02T14:20:02Z
2026-08-02T14:18:54Z,2026-08-02T16:18:54+0200,d03952b3-6528-494b-a5a9-803d5ba4eea1,2026-07-31T04:00:00Z,2026-07-31T06:00:00+0200,309.69,MW,FR,FR,actual_offshore_wind_generation,Wind Offshore | Actual Aggregated,2026-08-02T14:20:02Z
2026-08-02T14:18:54Z,2026-08-02T16:18:54+0200,d03952b3-6528-494b-a5a9-803d5ba4eea1,2026-07-31T04:15:00Z,2026-07-31T06:15:00+0200,305.22,MW,FR,FR,actual_offshore_wind_generation,Wind Offshore | Actual Aggregated,2026-08-02T14:20:02Z
2026-08-02T14:18:54Z,2026-08-02T16:18:54+0200,d03952b3-6528-494b-a5a9-803d5ba4eea1,2026-07-31T04:30:00Z,2026-07-31T06:30:00+0200,316.29,MW,FR,FR,actual_offshore_wind_generation,Wind Offshore | Actual Aggregated,2026-08-02T14:20:02Z
2026-08-02T14:18:54Z,2026-08-02T16:18:54+0200,d03952b3-6528-494b-a5a9-803d5ba4eea1,2026-07-31T04:45:00Z,2026-07-31T06:45:00+0200,303.29,MW,FR,FR,actual_offshore_wind_generation,Wind Offshore | Actual Aggregated,2026-08-02T14:20:02Z
2026-08-02T14:18:54Z,2026-08-02T16:18:54+0200,d03952b3-6528-494b-a5a9-803d5ba4eea1,2026-07-31T05:00:00Z,2026-07-31T07:00:00+0200,315.49,MW,FR,FR,actual_offshore_wind_generation,Wind Offshore | Actual Aggregated,2026-08-02T14:20:02Z
2026-08-02T14:18:54Z,2026-08-02T16:18:54+0200,d03952b3-6528-494b-a5a9-803d5ba4eea1,2026-07-31T05:15:00Z,2026-07-31T07:15:00+0200,291.42,MW,FR,FR,actual_offshore_wind_generation,Wind Offshore | Actual Aggregated,2026-08-02T14:20:02Z
2026-08-02T14:18:54Z,2026-08-02T16:18:54+0200,d03952b3-6528-494b-a5a9-803d5ba4eea1,2026-07-31T05:30:00Z,2026-07-31T07:30:00+0200,312.02,MW,FR,FR,actual_offshore_wind_generation,Wind Offshore | Actual Aggregated,2026-08-02T14:20:02Z
2026-08-02T14:18:54Z,2026-08-02T16:18:54+0200,d03952b3-6528-494b-a5a9-803d5ba4eea1,2026-07-31T05:45:00Z,2026-07-31T07:45:00+0200,358.22,MW,FR,FR,actual_offshore_wind_generation,Wind Offshore | Actual Aggregated,2026-08-02T14:20:02Z
2026-08-02T14:18:54Z,2026-08-02T16:18:54+0200,d03952b3-6528-494b-a5a9-803d5ba4eea1,2026-07-31T06:00:00Z,2026-07-31T08:00:00+0200,385.17,MW,FR,FR,actual_offshore_wind_generation,Wind Offshore | Actual Aggregated,2026-08-02T14:20:02Z
2026-08-02T14:18:54Z,2026-08-02T16:18:54+0200,d03952b3-6528-494b-a5a9-803d5ba4eea1,2026-07-31T06:15:00Z,2026-07-31T08:15:00+0200,405.82,MW,FR,FR,actual_offshore_wind_generation,Wind Offshore | Actual Aggregated,2026-08-02T14:20:02Z
2026-08-02T14:18:54Z,2026-08-02T16:18:54+0200,d03952b3-6528-494b-a5a9-803d5ba4eea1,2026-07-31T06:30:00Z,2026-07-31T08:30:00+0200,421.43,MW,FR,FR,actual_offshore_wind_generation,Wind Offshore | Actual Aggregated,2026-08-02T14:20:02Z
2026-08-02T14:18:54Z,2026-08-02T16:18:54+0200,d03952b3-6528-494b-a5a9-803d5ba4eea1,2026-07-31T06:45:00Z,2026-07-31T08:45:00+0200,383.95,MW,FR,FR,actual_offshore_wind_generation,Wind Offshore | Actual Aggregated,2026-08-02T14:20:02Z
2026-08-02T14:18:54Z,2026-08-02T16:18:54+0200,d03952b3-6528-494b-a5a9-803d5ba4eea1,2026-07-31T07:00:00Z,2026-07-31T09:00:00+0200,324.6,MW,FR,FR,actual_offshore_wind_generation,Wind Offshore | Actual Aggregated,2026-08-02T14:20:02Z
2026-08-02T14:18:54Z,2026-08-02T16:18:54+0200,d03952b3-6528-494b-a5a9-803d5ba4eea1,2026-07-31T07:15:00Z,2026-07-31T09:15:00+0200,307.3,MW,FR,FR,actual_offshore_wind_generation,Wind Offshore | Actual Aggregated,2026-08-02T14:20:02Z
2026-08-02T14:18:54Z,2026-08-02T16:18:54+0200,d03952b3-6528-494b-a5a9-803d5ba4eea1,2026-07-31T07:30:00Z,2026-07-31T09:30:00+0200,283.99,MW,FR,FR,actual_offshore_wind_generation,Wind Offshore | Actual Aggregated,2026-08-02T14:20:02Z
2026-08-02T14:18:54Z,2026-08-02T16:18:54+0200,d03952b3-6528-494b-a5a9-803d5ba4eea1,2026-07-31T07:45:00Z,2026-07-31T09:45:00+0200,272.77,MW,FR,FR,actual_offshore_wind_generation,Wind Offshore | Actual Aggregated,2026-08-02T14:20:02Z
2026-08-02T14:18:54Z,2026-08-02T16:18:54+0200,d03952b3-6528-494b-a5a9-803d5ba4eea1,2026-07-31T08:00:00Z,2026-07-31T10:00:00+0200,257.91,MW,FR,FR,actual_offshore_wind_generation,Wind Offshore | Actual Aggregated,2026-08-02T14:20:02Z
2026-08-02T14:18:54Z,2026-08-02T16:18:54+0200,d03952b3-6528-494b-a5a9-803d5ba4eea1,2026-07-31T08:15:00Z,2026-07-31T10:15:00+0200,236.13,MW,FR,FR,actual_offshore_wind_generation,Wind Offshore | Actual Aggregated,2026-08-02T14:20:02Z
2026-08-02T14:18:54Z,2026-08-02T16:18:54+0200,d03952b3-6528-494b-a5a9-803d5ba4eea1,2026-07-31T08:30:00Z,2026-07-31T10:30:00+0200,204.79,MW,FR,FR,actual_offshore_wind_generation,Wind Offshore | Actual Aggregated,2026-08-02T14:20:02Z
2026-08-02T14:18:54Z,2026-08-02T16:18:54+0200,d03952b3-6528-494b-a5a9-803d5ba4eea1,2026-07-31T08:45:00Z,2026-07-31T10:45:00+0200,181.07,MW,FR,FR,actual_offshore_wind_generation,Wind Offshore | Actual Aggregated,2026-08-02T14:20:02Z
2026-08-02T14:18:54Z,2026-08-02T16:18:54+0200,d03952b3-6528-494b-a5a9-803d5ba4eea1,2026-07-31T09:00:00Z,2026-07-31T11:00:00+0200,173.88,MW,FR,FR,actual_offshore_wind_generation,Wind Offshore | Actual Aggregated,2026-08-02T14:20:02Z
2026-08-02T14:18:54Z,2026-08-02T16:18:54+0200,d03952b3-6528-494b-a5a9-803d5ba4eea1,2026-07-31T09:15:00Z,2026-07-31T11:15:00+0200,153.58,MW,FR,FR,actual_offshore_wind_generation,Wind Offshore | Actual Aggregated,2026-08-02T14:20:02Z
2026-08-02T14:18:54Z,2026-08-02T16:18:54+0200,d03952b3-6528-494b-a5a9-803d5ba4eea1,2026-07-31T09:30:00Z,2026-07-31T11:30:00+0200,134.79,MW,FR,FR,actual_offshore_wind_generation,Wind Offshore | Actual Aggregated,2026-08-02T14:20:02Z
2026-08-02T14:18:54Z,2026-08-02T16:18:54+0200,d03952b3-6528-494b-a5a9-803d5ba4eea1,2026-07-31T09:45:00Z,2026-07-31T11:45:00+0200,121.24,MW,FR,FR,actual_offshore_wind_generation,Wind Offshore | Actual Aggregated,2026-08-02T14:20:02Z
2026-08-02T14:18:54Z,2026-08-02T16:18:54+0200,d03952b3-6528-494b-a5a9-803d5ba4eea1,2026-07-31T10:00:00Z,2026-07-31T12:00:00+0200,110.36,MW,FR,FR,actual_offshore_wind_generation,Wind Offshore | Actual Aggregated,2026-08-02T14:20:02Z
2026-08-02T14:18:54Z,2026-08-02T16:18:54+0200,d03952b3-6528-494b-a5a9-803d5ba4eea1,2026-07-31T10:15:00Z,2026-07-31T12:15:00+0200,120.47,MW,FR,FR,actual_offshore_wind_generation,Wind Offshore | Actual Aggregated,2026-08-02T14:20:02Z
2026-08-02T14:18:54Z,2026-08-02T16:18:54+0200,d03952b3-6528-494b-a5a9-803d5ba4eea1,2026-07-31T10:30:00Z,2026-07-31T12:30:00+0200,152.2,MW,FR,FR,actual_offshore_wind_generation,Wind Offshore | Actual Aggregated,2026-08-02T14:20:02Z
2026-08-02T14:18:54Z,2026-08-02T16:18:54+0200,d03952b3-6528-494b-a5a9-803d5ba4eea1,2026-07-31T10:45:00Z,2026-07-31T12:45:00+0200,178.97,MW,FR,FR,actual_offshore_wind_generation,Wind Offshore | Actual Aggregated,2026-08-02T14:20:02Z
2026-08-02T14:18:54Z,2026-08-02T16:18:54+0200,d03952b3-6528-494b-a5a9-803d5ba4eea1,2026-07-31T11:00:00Z,2026-07-31T13:00:00+0200,146.7,MW,FR,FR,actual_offshore_wind_generation,Wind Offshore | Actual Aggregated,2026-08-02T14:20:02Z
2026-08-02T14:18:54Z,2026-08-02T16:18:54+0200,d03952b3-6528-494b-a5a9-803d5ba4eea1,2026-07-31T11:15:00Z,2026-07-31T13:15:00+0200,109.72,MW,FR,FR,actual_offshore_wind_generation,Wind Offshore | Actual Aggregated,2026-08-02T14:20:02Z
2026-08-02T14:18:54Z,2026-08-02T16:18:54+0200,d03952b3-6528-494b-a5a9-803d5ba4eea1,2026-07-31T11:30:00Z,2026-07-31T13:30:00+0200,107.62,MW,FR,FR,actual_offshore_wind_generation,Wind Offshore | Actual Aggregated,2026-08-02T14:20:02Z
2026-08-02T14:18:54Z,2026-08-02T16:18:54+0200,d03952b3-6528-494b-a5a9-803d5ba4eea1,2026-07-31T11:45:00Z,2026-07-31T13:45:00+0200,107.18,MW,FR,FR,actual_offshore_wind_generation,Wind Offshore | Actual Aggregated,2026-08-02T14:20:02Z
2026-08-02T14:18:54Z,2026-08-02T16:18:54+0200,d03952b3-6528-494b-a5a9-803d5ba4eea1,2026-07-31T12:00:00Z,2026-07-31T14:00:00+0200,132.83,MW,FR,FR,actual_offshore_wind_generation,Wind Offshore | Actual Aggregated,2026-08-02T14:20:02Z
2026-08-02T14:18:54Z,2026-08-02T16:18:54+0200,d03952b3-6528-494b-a5a9-803d5ba4eea1,2026-07-31T12:15:00Z,2026-07-31T14:15:00+0200,160.57,MW,FR,FR,actual_offshore_wind_generation,Wind Offshore | Actual Aggregated,2026-08-02T14:20:02Z
2026-08-02T14:18:54Z,2026-08-02T16:18:54+0200,d03952b3-6528-494b-a5a9-803d5ba4eea1,2026-07-31T12:30:00Z,2026-07-31T14:30:00+0200,188.91,MW,FR,FR,actual_offshore_wind_generation,Wind Offshore | Actual Aggregated,2026-08-02T14:20:02Z
2026-08-02T14:18:54Z,2026-08-02T16:18:54+0200,d03952b3-6528-494b-a5a9-803d5ba4eea1,2026-07-31T12:45:00Z,2026-07-31T14:45:00+0200,190.43,MW,FR,FR,actual_offshore_wind_generation,Wind Offshore | Actual Aggregated,2026-08-02T14:20:02Z
2026-08-02T14:18:54Z,2026-08-02T16:18:54+0200,d03952b3-6528-494b-a5a9-803d5ba4eea1,2026-07-31T13:00:00Z,2026-07-31T15:00:00+0200,195.81,MW,FR,FR,actual_offshore_wind_generation,Wind Offshore | Actual Aggregated,2026-08-02T14:20:02Z
2026-08-02T14:18:54Z,2026-08-02T16:18:54+0200,d03952b3-6528-494b-a5a9-803d5ba4eea1,2026-07-31T13:15:00Z,2026-07-31T15:15:00+0200,191.89,MW,FR,FR,actual_offshore_wind_generation,Wind Offshore | Actual Aggregated,2026-08-02T14:20:02Z
2026-08-02T14:18:54Z,2026-08-02T16:18:54+0200,d03952b3-6528-494b-a5a9-803d5ba4eea1,2026-07-31T13:30:00Z,2026-07-31T15:30:00+0200,183.18,MW,FR,FR,actual_offshore_wind_generation,Wind Offshore | Actual Aggregated,2026-08-02T14:20:02Z
2026-08-02T14:18:54Z,2026-08-02T16:18:54+0200,d03952b3-6528-494b-a5a9-803d5ba4eea1,2026-07-31T13:45:00Z,2026-07-31T15:45:00+0200,189.98,MW,FR,FR,actual_offshore_wind_generation,Wind Offshore | Actual Aggregated,2026-08-02T14:20:02Z
2026-08-02T14:18:54Z,2026-08-02T16:18:54+0200,d03952b3-6528-494b-a5a9-803d5ba4eea1,2026-07-31T14:00:00Z,2026-07-31T16:00:00+0200,200.27,MW,FR,FR,actual_offshore_wind_generation,Wind Offshore | Actual Aggregated,2026-08-02T14:20:02Z
2026-08-02T14:18:54Z,2026-08-02T16:18:54+0200,d03952b3-6528-494b-a5a9-803d5ba4eea1,2026-07-31T14:15:00Z,2026-07-31T16:15:00+0200,242.11,MW,FR,FR,actual_offshore_wind_generation,Wind Offshore | Actual Aggregated,2026-08-02T14:20:02Z
2026-08-02T14:18:54Z,2026-08-02T16:18:54+0200,d03952b3-6528-494b-a5a9-803d5ba4eea1,2026-07-31T14:30:00Z,2026-07-31T16:30:00+0200,270.29,MW,FR,FR,actual_offshore_wind_generation,Wind Offshore | Actual Aggregated,2026-08-02T14:20:02Z
2026-08-02T14:18:54Z,2026-08-02T16:18:54+0200,d03952b3-6528-494b-a5a9-803d5ba4eea1,2026-07-31T14:45:00Z,2026-07-31T16:45:00+0200,281.48,MW,FR,FR,actual_offshore_wind_generation,Wind Offshore | Actual Aggregated,2026-08-02T14:20:02Z
2026-08-02T14:18:54Z,2026-08-02T16:18:54+0200,d03952b3-6528-494b-a5a9-803d5ba4eea1,2026-07-31T15:00:00Z,2026-07-31T17:00:00+0200,304.92,MW,FR,FR,actual_offshore_wind_generation,Wind Offshore | Actual Aggregated,2026-08-02T14:20:02Z
2026-08-02T14:18:54Z,2026-08-02T16:18:54+0200,d03952b3-6528-494b-a5a9-803d5ba4eea1,2026-07-31T15:15:00Z,2026-07-31T17:15:00+0200,324.19,MW,FR,FR,actual_offshore_wind_generation,Wind Offshore | Actual Aggregated,2026-08-02T14:20:02Z
2026-08-02T14:18:54Z,2026-08-02T16:18:54+0200,d03952b3-6528-494b-a5a9-803d5ba4eea1,2026-07-31T15:30:00Z,2026-07-31T17:30:00+0200,326.39,MW,FR,FR,actual_offshore_wind_generation,Wind Offshore | Actual Aggregated,2026-08-02T14:20:02Z
2026-08-02T14:18:54Z,2026-08-02T16:18:54+0200,d03952b3-6528-494b-a5a9-803d5ba4eea1,2026-07-31T15:45:00Z,2026-07-31T17:45:00+0200,350.68,MW,FR,FR,actual_offshore_wind_generation,Wind Offshore | Actual Aggregated,2026-08-02T14:20:02Z
2026-08-02T14:18:54Z,2026-08-02T16:18:54+0200,d03952b3-6528-494b-a5a9-803d5ba4eea1,2026-07-31T16:00:00Z,2026-07-31T18:00:00+0200,268.6,MW,FR,FR,actual_offshore_wind_generation,Wind Offshore | Actual Aggregated,2026-08-02T14:20:02Z
2026-08-02T14:18:54Z,2026-08-02T16:18:54+0200,d03952b3-6528-494b-a5a9-803d5ba4eea1,2026-07-31T16:15:00Z,2026-07-31T18:15:00+0200,216.29,MW,FR,FR,actual_offshore_wind_generation,Wind Offshore | Actual Aggregated,2026-08-02T14:20:02Z
2026-08-02T14:18:54Z,2026-08-02T16:18:54+0200,d03952b3-6528-494b-a5a9-803d5ba4eea1,2026-07-31T16:30:00Z,2026-07-31T18:30:00+0200,381.14,MW,FR,FR,actual_offshore_wind_generation,Wind Offshore | Actual Aggregated,2026-08-02T14:20:02Z
2026-08-02T14:18:54Z,2026-08-02T16:18:54+0200,d03952b3-6528-494b-a5a9-803d5ba4eea1,2026-07-31T16:45:00Z,2026-07-31T18:45:00+0200,495.2,MW,FR,FR,actual_offshore_wind_generation,Wind Offshore | Actual Aggregated,2026-08-02T14:20:02Z
2026-08-02T14:18:54Z,2026-08-02T16:18:54+0200,d03952b3-6528-494b-a5a9-803d5ba4eea1,2026-07-31T17:00:00Z,2026-07-31T19:00:00+0200,505.12,MW,FR,FR,actual_offshore_wind_generation,Wind Offshore | Actual Aggregated,2026-08-02T14:20:02Z
2026-08-02T14:18:54Z,2026-08-02T16:18:54+0200,d03952b3-6528-494b-a5a9-803d5ba4eea1,2026-07-31T17:15:00Z,2026-07-31T19:15:00+0200,527.99,MW,FR,FR,actual_offshore_wind_generation,Wind Offshore | Actual Aggregated,2026-08-02T14:20:02Z
2026-08-02T14:18:54Z,2026-08-02T16:18:54+0200,d03952b3-6528-494b-a5a9-803d5ba4eea1,2026-07-31T17:30:00Z,2026-07-31T19:30:00+0200,546.06,MW,FR,FR,actual_offshore_wind_generation,Wind Offshore | Actual Aggregated,2026-08-02T14:20:02Z
2026-08-02T14:18:54Z,2026-08-02T16:18:54+0200,d03952b3-6528-494b-a5a9-803d5ba4eea1,2026-07-31T17:45:00Z,2026-07-31T19:45:00+0200,549.89,MW,FR,FR,actual_offshore_wind_generation,Wind Offshore | Actual Aggregated,2026-08-02T14:20:02Z
2026-08-02T14:18:54Z,2026-08-02T16:18:54+0200,d03952b3-6528-494b-a5a9-803d5ba4eea1,2026-07-31T18:00:00Z,2026-07-31T20:00:00+0200,473.8,MW,FR,FR,actual_offshore_wind_generation,Wind Offshore | Actual Aggregated,2026-08-02T14:20:02Z
2026-08-02T14:18:54Z,2026-08-02T16:18:54+0200,d03952b3-6528-494b-a5a9-803d5ba4eea1,2026-07-31T18:15:00Z,2026-07-31T20:15:00+0200,426.42,MW,FR,FR,actual_offshore_wind_generation,Wind Offshore | Actual Aggregated,2026-08-02T14:20:02Z
2026-08-02T14:18:54Z,2026-08-02T16:18:54+0200,d03952b3-6528-494b-a5a9-803d5ba4eea1,2026-07-31T18:30:00Z,2026-07-31T20:30:00+0200,418.11,MW,FR,FR,actual_offshore_wind_generation,Wind Offshore | Actual Aggregated,2026-08-02T14:20:02Z
2026-08-02T14:18:54Z,2026-08-02T16:18:54+0200,d03952b3-6528-494b-a5a9-803d5ba4eea1,2026-07-31T18:45:00Z,2026-07-31T20:45:00+0200,446.14,MW,FR,FR,actual_offshore_wind_generation,Wind Offshore | Actual Aggregated,2026-08-02T14:20:02Z
2026-08-02T14:18:54Z,2026-08-02T16:18:54+0200,d03952b3-6528-494b-a5a9-803d5ba4eea1,2026-07-31T19:00:00Z,2026-07-31T21:00:00+0200,450.08,MW,FR,FR,actual_offshore_wind_generation,Wind Offshore | Actual Aggregated,2026-08-02T14:20:02Z
2026-08-02T14:18:54Z,2026-08-02T16:18:54+0200,d03952b3-6528-494b-a5a9-803d5ba4eea1,2026-07-31T19:15:00Z,2026-07-31T21:15:00+0200,467.05,MW,FR,FR,actual_offshore_wind_generation,Wind Offshore | Actual Aggregated,2026-08-02T14:20:02Z
2026-08-02T14:18:54Z,2026-08-02T16:18:54+0200,d03952b3-6528-494b-a5a9-803d5ba4eea1,2026-07-31T19:30:00Z,2026-07-31T21:30:00+0200,506.43,MW,FR,FR,actual_offshore_wind_generation,Wind Offshore | Actual Aggregated,2026-08-02T14:20:02Z
2026-08-02T14:18:54Z,2026-08-02T16:18:54+0200,d03952b3-6528-494b-a5a9-803d5ba4eea1,2026-07-31T19:45:00Z,2026-07-31T21:45:00+0200,559.74,MW,FR,FR,actual_offshore_wind_generation,Wind Offshore | Actual Aggregated,2026-08-02T14:20:02Z
2026-08-02T14:18:54Z,2026-08-02T16:18:54+0200,d03952b3-6528-494b-a5a9-803d5ba4eea1,2026-07-31T20:00:00Z,2026-07-31T22:00:00+0200,565.67,MW,FR,FR,actual_offshore_wind_generation,Wind Offshore | Actual Aggregated,2026-08-02T14:20:02Z
2026-08-02T14:18:54Z,2026-08-02T16:18:54+0200,d03952b3-6528-494b-a5a9-803d5ba4eea1,2026-07-31T20:15:00Z,2026-07-31T22:15:00+0200,578.52,MW,FR,FR,actual_offshore_wind_generation,Wind Offshore | Actual Aggregated,2026-08-02T14:20:02Z
2026-08-02T14:18:54Z,2026-08-02T16:18:54+0200,d03952b3-6528-494b-a5a9-803d5ba4eea1,2026-07-31T20:30:00Z,2026-07-31T22:30:00+0200,575.38,MW,FR,FR,actual_offshore_wind_generation,Wind Offshore | Actual Aggregated,2026-08-02T14:20:02Z
2026-08-02T14:18:54Z,2026-08-02T16:18:54+0200,d03952b3-6528-494b-a5a9-803d5ba4eea1,2026-07-31T20:45:00Z,2026-07-31T22:45:00+0200,538.68,MW,FR,FR,actual_offshore_wind_generation,Wind Offshore | Actual Aggregated,2026-08-02T14:20:02Z
2026-08-02T14:18:54Z,2026-08-02T16:18:54+0200,d03952b3-6528-494b-a5a9-803d5ba4eea1,2026-07-31T21:00:00Z,2026-07-31T23:00:00+0200,547.51,MW,FR,FR,actual_offshore_wind_generation,Wind Offshore | Actual Aggregated,2026-08-02T14:20:02Z
2026-08-02T14:18:54Z,2026-08-02T16:18:54+0200,d03952b3-6528-494b-a5a9-803d5ba4eea1,2026-07-31T21:15:00Z,2026-07-31T23:15:00+0200,627.55,MW,FR,FR,actual_offshore_wind_generation,Wind Offshore | Actual Aggregated,2026-08-02T14:20:02Z
2026-08-02T14:18:54Z,2026-08-02T16:18:54+0200,d03952b3-6528-494b-a5a9-803d5ba4eea1,2026-07-31T21:30:00Z,2026-07-31T23:30:00+0200,703.51,MW,FR,FR,actual_offshore_wind_generation,Wind Offshore | Actual Aggregated,2026-08-02T14:20:02Z
2026-08-02T14:18:54Z,2026-08-02T16:18:54+0200,d03952b3-6528-494b-a5a9-803d5ba4eea1,2026-07-31T21:45:00Z,2026-07-31T23:45:00+0200,740.61,MW,FR,FR,actual_offshore_wind_generation,Wind Offshore | Actual Aggregated,2026-08-02T14:20:02Z
2026-08-02T14:18:54Z,2026-08-02T16:18:54+0200,d03952b3-6528-494b-a5a9-803d5ba4eea1,2026-07-31T22:00:00Z,2026-08-01T00:00:00+0200,757.66,MW,FR,FR,actual_offshore_wind_generation,Wind Offshore | Actual Aggregated,2026-08-02T14:20:02Z
2026-08-02T14:18:54Z,2026-08-02T16:18:54+0200,d03952b3-6528-494b-a5a9-803d5ba4eea1,2026-07-31T22:15:00Z,2026-08-01T00:15:00+0200,759.67,MW,FR,FR,actual_offshore_wind_generation,Wind Offshore | Actual Aggregated,2026-08-02T14:20:02Z
2026-08-02T14:18:54Z,2026-08-02T16:18:54+0200,d03952b3-6528-494b-a5a9-803d5ba4eea1,2026-07-31T22:30:00Z,2026-08-01T00:30:00+0200,707.99,MW,FR,FR,actual_offshore_wind_generation,Wind Offshore | Actual Aggregated,2026-08-02T14:20:02Z
2026-08-02T14:18:54Z,2026-08-02T16:18:54+0200,d03952b3-6528-494b-a5a9-803d5ba4eea1,2026-07-31T22:45:00Z,2026-08-01T00:45:00+0200,760.37,MW,FR,FR,actual_offshore_wind_generation,Wind Offshore | Actual Aggregated,2026-08-02T14:20:02Z
2026-08-02T14:18:54Z,2026-08-02T16:18:54+0200,d03952b3-6528-494b-a5a9-803d5ba4eea1,2026-07-31T23:00:00Z,2026-08-01T01:00:00+0200,730.5,MW,FR,FR,actual_offshore_wind_generation,Wind Offshore | Actual Aggregated,2026-08-02T14:20:02Z
2026-08-02T14:18:54Z,2026-08-02T16:18:54+0200,d03952b3-6528-494b-a5a9-803d5ba4eea1,2026-07-31T23:15:00Z,2026-08-01T01:15:00+0200,686.73,MW,FR,FR,actual_offshore_wind_generation,Wind Offshore | Actual Aggregated,2026-08-02T14:20:02Z
2026-08-02T14:18:54Z,2026-08-02T16:18:54+0200,d03952b3-6528-494b-a5a9-803d5ba4eea1,2026-07-31T23:30:00Z,2026-08-01T01:30:00+0200,670.08,MW,FR,FR,actual_offshore_wind_generation,Wind Offshore | Actual Aggregated,2026-08-02T14:20:02Z
2026-08-02T14:18:54Z,2026-08-02T16:18:54+0200,d03952b3-6528-494b-a5a9-803d5ba4eea1,2026-07-31T23:45:00Z,2026-08-01T01:45:00+0200,629.64,MW,FR,FR,actual_offshore_wind_generation,Wind Offshore | Actual Aggregated,2026-08-02T14:20:02Z
2026-08-02T14:18:54Z,2026-08-02T16:18:54+0200,d03952b3-6528-494b-a5a9-803d5ba4eea1,2026-08-01T00:00:00Z,2026-08-01T02:00:00+0200,657.96,MW,FR,FR,actual_offshore_wind_generation,Wind Offshore | Actual Aggregated,2026-08-02T14:20:02Z
2026-08-02T14:18:54Z,2026-08-02T16:18:54+0200,d03952b3-6528-494b-a5a9-803d5ba4eea1,2026-08-01T00:15:00Z,2026-08-01T02:15:00+0200,649.54,MW,FR,FR,actual_offshore_wind_generation,Wind Offshore | Actual Aggregated,2026-08-02T14:20:02Z
2026-08-02T14:18:54Z,2026-08-02T16:18:54+0200,d03952b3-6528-494b-a5a9-803d5ba4eea1,2026-08-01T00:30:00Z,2026-08-01T02:30:00+0200,624.2,MW,FR,FR,actual_offshore_wind_generation,Wind Offshore | Actual Aggregated,2026-08-02T14:20:02Z
2026-08-02T14:18:54Z,2026-08-02T16:18:54+0200,d03952b3-6528-494b-a5a9-803d5ba4eea1,2026-08-01T00:45:00Z,2026-08-01T02:45:00+0200,606.52,MW,FR,FR,actual_offshore_wind_generation,Wind Offshore | Actual Aggregated,2026-08-02T14:20:02Z
2026-08-02T14:18:54Z,2026-08-02T16:18:54+0200,d03952b3-6528-494b-a5a9-803d5ba4eea1,2026-08-01T01:00:00Z,2026-08-01T03:00:00+0200,580.88,MW,FR,FR,actual_offshore_wind_generation,Wind Offshore | Actual Aggregated,2026-08-02T14:20:02Z
2026-08-02T14:18:54Z,2026-08-02T16:18:54+0200,d03952b3-6528-494b-a5a9-803d5ba4eea1,2026-08-01T01:15:00Z,2026-08-01T03:15:00+0200,548.01,MW,FR,FR,actual_offshore_wind_generation,Wind Offshore | Actual Aggregated,2026-08-02T14:20:02Z
2026-08-02T14:18:54Z,2026-08-02T16:18:54+0200,d03952b3-6528-494b-a5a9-803d5ba4eea1,2026-08-01T01:30:00Z,2026-08-01T03:30:00+0200,533.55,MW,FR,FR,actual_offshore_wind_generation,Wind Offshore | Actual Aggregated,2026-08-02T14:20:02Z
2026-08-02T14:18:54Z,2026-08-02T16:18:54+0200,d03952b3-6528-494b-a5a9-803d5ba4eea1,2026-08-01T01:45:00Z,2026-08-01T03:45:00+0200,513.12,MW,FR,FR,actual_offshore_wind_generation,Wind Offshore | Actual Aggregated,2026-08-02T14:20:02Z
2026-08-02T14:18:54Z,2026-08-02T16:18:54+0200,d03952b3-6528-494b-a5a9-803d5ba4eea1,2026-08-01T02:00:00Z,2026-08-01T04:00:00+0200,485.8,MW,FR,FR,actual_offshore_wind_generation,Wind Offshore | Actual Aggregated,2026-08-02T14:20:02Z
2026-08-02T14:18:54Z,2026-08-02T16:18:54+0200,d03952b3-6528-494b-a5a9-803d5ba4eea1,2026-08-01T02:15:00Z,2026-08-01T04:15:00+0200,490.76,MW,FR,FR,actual_offshore_wind_generation,Wind Offshore | Actual Aggregated,2026-08-02T14:20:02Z
2026-08-02T14:18:54Z,2026-08-02T16:18:54+0200,d03952b3-6528-494b-a5a9-803d5ba4eea1,2026-08-01T02:30:00Z,2026-08-01T04:30:00+0200,498.2,MW,FR,FR,actual_offshore_wind_generation,Wind Offshore | Actual Aggregated,2026-08-02T14:20:02Z
2026-08-02T14:18:54Z,2026-08-02T16:18:54+0200,d03952b3-6528-494b-a5a9-803d5ba4eea1,2026-08-01T02:45:00Z,2026-08-01T04:45:00+0200,467.17,MW,FR,FR,actual_offshore_wind_generation,Wind Offshore | Actual Aggregated,2026-08-02T14:20:02Z
2026-08-02T14:18:54Z,2026-08-02T16:18:54+0200,d03952b3-6528-494b-a5a9-803d5ba4eea1,2026-08-01T03:00:00Z,2026-08-01T05:00:00+0200,438.39,MW,FR,FR,actual_offshore_wind_generation,Wind Offshore | Actual Aggregated,2026-08-02T14:20:02Z
2026-08-02T14:18:54Z,2026-08-02T16:18:54+0200,d03952b3-6528-494b-a5a9-803d5ba4eea1,2026-08-01T03:15:00Z,2026-08-01T05:15:00+0200,409.94,MW,FR,FR,actual_offshore_wind_generation,Wind Offshore | Actual Aggregated,2026-08-02T14:20:02Z
2026-08-02T14:18:54Z,2026-08-02T16:18:54+0200,d03952b3-6528-494b-a5a9-803d5ba4eea1,2026-08-01T03:30:00Z,2026-08-01T05:30:00+0200,381.46,MW,FR,FR,actual_offshore_wind_generation,Wind Offshore | Actual Aggregated,2026-08-02T14:20:02Z
2026-08-02T14:18:54Z,2026-08-02T16:18:54+0200,d03952b3-6528-494b-a5a9-803d5ba4eea1,2026-08-01T03:45:00Z,2026-08-01T05:45:00+0200,373.66,MW,FR,FR,actual_offshore_wind_generation,Wind Offshore | Actual Aggregated,2026-08-02T14:20:02Z
2026-08-02T14:18:54Z,2026-08-02T16:18:54+0200,d03952b3-6528-494b-a5a9-803d5ba4eea1,2026-08-01T04:00:00Z,2026-08-01T06:00:00+0200,368.79,MW,FR,FR,actual_offshore_wind_generation,Wind Offshore | Actual Aggregated,2026-08-02T14:20:02Z
2026-08-02T14:18:54Z,2026-08-02T16:18:54+0200,d03952b3-6528-494b-a5a9-803d5ba4eea1,2026-08-01T04:15:00Z,2026-08-01T06:15:00+0200,361.91,MW,FR,FR,actual_offshore_wind_generation,Wind Offshore | Actual Aggregated,2026-08-02T14:20:02Z
2026-08-02T14:18:54Z,2026-08-02T16:18:54+0200,d03952b3-6528-494b-a5a9-803d5ba4eea1,2026-08-01T04:30:00Z,2026-08-01T06:30:00+0200,350.39,MW,FR,FR,actual_offshore_wind_generation,Wind Offshore | Actual Aggregated,2026-08-02T14:20:02Z
2026-08-02T14:18:54Z,2026-08-02T16:18:54+0200,d03952b3-6528-494b-a5a9-803d5ba4eea1,2026-08-01T04:45:00Z,2026-08-01T06:45:00+0200,340.77,MW,FR,FR,actual_offshore_wind_generation,Wind Offshore | Actual Aggregated,2026-08-02T14:20:02Z
2026-08-02T14:18:54Z,2026-08-02T16:18:54+0200,d03952b3-6528-494b-a5a9-803d5ba4eea1,2026-08-01T05:00:00Z,2026-08-01T07:00:00+0200,328.16,MW,FR,FR,actual_offshore_wind_generation,Wind Offshore | Actual Aggregated,2026-08-02T14:20:02Z
2026-08-02T14:18:54Z,2026-08-02T16:18:54+0200,d03952b3-6528-494b-a5a9-803d5ba4eea1,2026-08-01T05:15:00Z,2026-08-01T07:15:00+0200,329.03,MW,FR,FR,actual_offshore_wind_generation,Wind Offshore | Actual Aggregated,2026-08-02T14:20:02Z
2026-08-02T14:18:54Z,2026-08-02T16:18:54+0200,d03952b3-6528-494b-a5a9-803d5ba4eea1,2026-08-01T05:30:00Z,2026-08-01T07:30:00+0200,332.34,MW,FR,FR,actual_offshore_wind_generation,Wind Offshore | Actual Aggregated,2026-08-02T14:20:02Z
2026-08-02T14:18:54Z,2026-08-02T16:18:54+0200,d03952b3-6528-494b-a5a9-803d5ba4eea1,2026-08-01T05:45:00Z,2026-08-01T07:45:00+0200,326.91,MW,FR,FR,actual_offshore_wind_generation,Wind Offshore | Actual Aggregated,2026-08-02T14:20:02Z
2026-08-02T14:18:54Z,2026-08-02T16:18:54+0200,d03952b3-6528-494b-a5a9-803d5ba4eea1,2026-08-01T06:00:00Z,2026-08-01T08:00:00+0200,317.63,MW,FR,FR,actual_offshore_wind_generation,Wind Offshore | Actual Aggregated,2026-08-02T14:20:02Z
2026-08-02T14:18:54Z,2026-08-02T16:18:54+0200,d03952b3-6528-494b-a5a9-803d5ba4eea1,2026-08-01T06:15:00Z,2026-08-01T08:15:00+0200,301.92,MW,FR,FR,actual_offshore_wind_generation,Wind Offshore | Actual Aggregated,2026-08-02T14:20:02Z
2026-08-02T14:18:54Z,2026-08-02T16:18:54+0200,d03952b3-6528-494b-a5a9-803d5ba4eea1,2026-08-01T06:30:00Z,2026-08-01T08:30:00+0200,281.42,MW,FR,FR,actual_offshore_wind_generation,Wind Offshore | Actual Aggregated,2026-08-02T14:20:02Z
2026-08-02T14:18:54Z,2026-08-02T16:18:54+0200,d03952b3-6528-494b-a5a9-803d5ba4eea1,2026-08-01T06:45:00Z,2026-08-01T08:45:00+0200,254.19,MW,FR,FR,actual_offshore_wind_generation,Wind Offshore | Actual Aggregated,2026-08-02T14:20:02Z
2026-08-02T14:18:54Z,2026-08-02T16:18:54+0200,d03952b3-6528-494b-a5a9-803d5ba4eea1,2026-08-01T07:00:00Z,2026-08-01T09:00:00+0200,244.36,MW,FR,FR,actual_offshore_wind_generation,Wind Offshore | Actual Aggregated,2026-08-02T14:20:02Z
2026-08-02T14:18:54Z,2026-08-02T16:18:54+0200,d03952b3-6528-494b-a5a9-803d5ba4eea1,2026-08-01T07:15:00Z,2026-08-01T09:15:00+0200,233.15,MW,FR,FR,actual_offshore_wind_generation,Wind Offshore | Actual Aggregated,2026-08-02T14:20:02Z
2026-08-02T14:18:54Z,2026-08-02T16:18:54+0200,d03952b3-6528-494b-a5a9-803d5ba4eea1,2026-08-01T07:30:00Z,2026-08-01T09:30:00+0200,225.29,MW,FR,FR,actual_offshore_wind_generation,Wind Offshore | Actual Aggregated,2026-08-02T14:20:02Z
2026-08-02T14:18:54Z,2026-08-02T16:18:54+0200,d03952b3-6528-494b-a5a9-803d5ba4eea1,2026-08-01T07:45:00Z,2026-08-01T09:45:00+0200,212.83,MW,FR,FR,actual_offshore_wind_generation,Wind Offshore | Actual Aggregated,2026-08-02T14:20:02Z
2026-08-02T14:18:54Z,2026-08-02T16:18:54+0200,d03952b3-6528-494b-a5a9-803d5ba4eea1,2026-08-01T08:00:00Z,2026-08-01T10:00:00+0200,184.92,MW,FR,FR,actual_offshore_wind_generation,Wind Offshore | Actual Aggregated,2026-08-02T14:20:02Z
2026-08-02T14:18:54Z,2026-08-02T16:18:54+0200,d03952b3-6528-494b-a5a9-803d5ba4eea1,2026-08-01T08:15:00Z,2026-08-01T10:15:00+0200,177.06,MW,FR,FR,actual_offshore_wind_generation,Wind Offshore | Actual Aggregated,2026-08-02T14:20:02Z
2026-08-02T14:18:54Z,2026-08-02T16:18:54+0200,d03952b3-6528-494b-a5a9-803d5ba4eea1,2026-08-01T08:30:00Z,2026-08-01T10:30:00+0200,169.47,MW,FR,FR,actual_offshore_wind_generation,Wind Offshore | Actual Aggregated,2026-08-02T14:20:02Z
2026-08-02T14:18:54Z,2026-08-02T16:18:54+0200,d03952b3-6528-494b-a5a9-803d5ba4eea1,2026-08-01T08:45:00Z,2026-08-01T10:45:00+0200,156.91,MW,FR,FR,actual_offshore_wind_generation,Wind Offshore | Actual Aggregated,2026-08-02T14:20:02Z
2026-08-02T14:18:54Z,2026-08-02T16:18:54+0200,d03952b3-6528-494b-a5a9-803d5ba4eea1,2026-08-01T09:00:00Z,2026-08-01T11:00:00+0200,152.49,MW,FR,FR,actual_offshore_wind_generation,Wind Offshore | Actual Aggregated,2026-08-02T14:20:02Z
2026-08-02T14:18:54Z,2026-08-02T16:18:54+0200,d03952b3-6528-494b-a5a9-803d5ba4eea1,2026-08-01T09:15:00Z,2026-08-01T11:15:00+0200,146.77,MW,FR,FR,actual_offshore_wind_generation,Wind Offshore | Actual Aggregated,2026-08-02T14:20:02Z
2026-08-02T14:18:54Z,2026-08-02T16:18:54+0200,d03952b3-6528-494b-a5a9-803d5ba4eea1,2026-08-01T09:30:00Z,2026-08-01T11:30:00+0200,139.4,MW,FR,FR,actual_offshore_wind_generation,Wind Offshore | Actual Aggregated,2026-08-02T14:20:02Z
2026-08-02T14:18:54Z,2026-08-02T16:18:54+0200,d03952b3-6528-494b-a5a9-803d5ba4eea1,2026-08-01T09:45:00Z,2026-08-01T11:45:00+0200,121.8,MW,FR,FR,actual_offshore_wind_generation,Wind Offshore | Actual Aggregated,2026-08-02T14:20:02Z
2026-08-02T14:18:54Z,2026-08-02T16:18:54+0200,d03952b3-6528-494b-a5a9-803d5ba4eea1,2026-08-01T10:00:00Z,2026-08-01T12:00:00+0200,122.69,MW,FR,FR,actual_offshore_wind_generation,Wind Offshore | Actual Aggregated,2026-08-02T14:20:02Z
2026-08-02T14:18:54Z,2026-08-02T16:18:54+0200,d03952b3-6528-494b-a5a9-803d5ba4eea1,2026-08-01T10:15:00Z,2026-08-01T12:15:00+0200,115.65,MW,FR,FR,actual_offshore_wind_generation,Wind Offshore | Actual Aggregated,2026-08-02T14:20:02Z
2026-08-02T14:18:54Z,2026-08-02T16:18:54+0200,d03952b3-6528-494b-a5a9-803d5ba4eea1,2026-08-01T10:30:00Z,2026-08-01T12:30:00+0200,100.25,MW,FR,FR,actual_offshore_wind_generation,Wind Offshore | Actual Aggregated,2026-08-02T14:20:02Z
2026-08-02T14:18:54Z,2026-08-02T16:18:54+0200,d03952b3-6528-494b-a5a9-803d5ba4eea1,2026-08-01T10:45:00Z,2026-08-01T12:45:00+0200,93.51,MW,FR,FR,actual_offshore_wind_generation,Wind Offshore | Actual Aggregated,2026-08-02T14:20:02Z
2026-08-02T14:18:54Z,2026-08-02T16:18:54+0200,d03952b3-6528-494b-a5a9-803d5ba4eea1,2026-08-01T11:00:00Z,2026-08-01T13:00:00+0200,100.08,MW,FR,FR,actual_offshore_wind_generation,Wind Offshore | Actual Aggregated,2026-08-02T14:20:02Z
2026-08-02T14:18:54Z,2026-08-02T16:18:54+0200,d03952b3-6528-494b-a5a9-803d5ba4eea1,2026-08-01T11:15:00Z,2026-08-01T13:15:00+0200,106.21,MW,FR,FR,actual_offshore_wind_generation,Wind Offshore | Actual Aggregated,2026-08-02T14:20:02Z
2026-08-02T14:18:54Z,2026-08-02T16:18:54+0200,d03952b3-6528-494b-a5a9-803d5ba4eea1,2026-08-01T11:30:00Z,2026-08-01T13:30:00+0200,111.98,MW,FR,FR,actual_offshore_wind_generation,Wind Offshore | Actual Aggregated,2026-08-02T14:20:02Z
2026-08-02T14:18:54Z,2026-08-02T16:18:54+0200,d03952b3-6528-494b-a5a9-803d5ba4eea1,2026-08-01T11:45:00Z,2026-08-01T13:45:00+0200,109.33,MW,FR,FR,actual_offshore_wind_generation,Wind Offshore | Actual Aggregated,2026-08-02T14:20:02Z
2026-08-02T14:18:54Z,2026-08-02T16:18:54+0200,d03952b3-6528-494b-a5a9-803d5ba4eea1,2026-08-01T12:00:00Z,2026-08-01T14:00:00+0200,108.68,MW,FR,FR,actual_offshore_wind_generation,Wind Offshore | Actual Aggregated,2026-08-02T14:20:02Z
2026-08-02T14:18:54Z,2026-08-02T16:18:54+0200,d03952b3-6528-494b-a5a9-803d5ba4eea1,2026-08-01T12:15:00Z,2026-08-01T14:15:00+0200,116.09,MW,FR,FR,actual_offshore_wind_generation,Wind Offshore | Actual Aggregated,2026-08-02T14:20:02Z
2026-08-02T14:18:54Z,2026-08-02T16:18:54+0200,d03952b3-6528-494b-a5a9-803d5ba4eea1,2026-08-01T12:30:00Z,2026-08-01T14:30:00+0200,131.07,MW,FR,FR,actual_offshore_wind_generation,Wind Offshore | Actual Aggregated,2026-08-02T14:20:02Z
2026-08-02T14:18:54Z,2026-08-02T16:18:54+0200,d03952b3-6528-494b-a5a9-803d5ba4eea1,2026-08-01T12:45:00Z,2026-08-01T14:45:00+0200,152.84,MW,FR,FR,actual_offshore_wind_generation,Wind Offshore | Actual Aggregated,2026-08-02T14:20:02Z
2026-08-02T14:18:54Z,2026-08-02T16:18:54+0200,d03952b3-6528-494b-a5a9-803d5ba4eea1,2026-08-01T13:00:00Z,2026-08-01T15:00:00+0200,166.96,MW,FR,FR,actual_offshore_wind_generation,Wind Offshore | Actual Aggregated,2026-08-02T14:20:02Z
2026-08-02T14:18:54Z,2026-08-02T16:18:54+0200,d03952b3-6528-494b-a5a9-803d5ba4eea1,2026-08-01T13:15:00Z,2026-08-01T15:15:00+0200,178.78,MW,FR,FR,actual_offshore_wind_generation,Wind Offshore | Actual Aggregated,2026-08-02T14:20:02Z
2026-08-02T14:18:54Z,2026-08-02T16:18:54+0200,d03952b3-6528-494b-a5a9-803d5ba4eea1,2026-08-01T13:30:00Z,2026-08-01T15:30:00+0200,211.06,MW,FR,FR,actual_offshore_wind_generation,Wind Offshore | Actual Aggregated,2026-08-02T14:20:02Z
2026-08-02T14:18:54Z,2026-08-02T16:18:54+0200,d03952b3-6528-494b-a5a9-803d5ba4eea1,2026-08-01T13:45:00Z,2026-08-01T15:45:00+0200,234.63,MW,FR,FR,actual_offshore_wind_generation,Wind Offshore | Actual Aggregated,2026-08-02T14:20:02Z
2026-08-02T14:18:54Z,2026-08-02T16:18:54+0200,d03952b3-6528-494b-a5a9-803d5ba4eea1,2026-08-01T14:00:00Z,2026-08-01T16:00:00+0200,230.66,MW,FR,FR,actual_offshore_wind_generation,Wind Offshore | Actual Aggregated,2026-08-02T14:20:02Z
2026-08-02T14:18:54Z,2026-08-02T16:18:54+0200,d03952b3-6528-494b-a5a9-803d5ba4eea1,2026-08-01T14:15:00Z,2026-08-01T16:15:00+0200,219.45,MW,FR,FR,actual_offshore_wind_generation,Wind Offshore | Actual Aggregated,2026-08-02T14:20:02Z
2026-08-02T14:18:54Z,2026-08-02T16:18:54+0200,d03952b3-6528-494b-a5a9-803d5ba4eea1,2026-08-01T14:30:00Z,2026-08-01T16:30:00+0200,249.04,MW,FR,FR,actual_offshore_wind_generation,Wind Offshore | Actual Aggregated,2026-08-02T14:20:02Z
2026-08-02T14:18:54Z,2026-08-02T16:18:54+0200,d03952b3-6528-494b-a5a9-803d5ba4eea1,2026-08-01T14:45:00Z,2026-08-01T16:45:00+0200,296.24,MW,FR,FR,actual_offshore_wind_generation,Wind Offshore | Actual Aggregated,2026-08-02T14:20:02Z
2026-08-02T14:18:54Z,2026-08-02T16:18:54+0200,d03952b3-6528-494b-a5a9-803d5ba4eea1,2026-08-01T15:00:00Z,2026-08-01T17:00:00+0200,332.99,MW,FR,FR,actual_offshore_wind_generation,Wind Offshore | Actual Aggregated,2026-08-02T14:20:02Z
2026-08-02T14:18:54Z,2026-08-02T16:18:54+0200,d03952b3-6528-494b-a5a9-803d5ba4eea1,2026-08-01T15:15:00Z,2026-08-01T17:15:00+0200,377.07,MW,FR,FR,actual_offshore_wind_generation,Wind Offshore | Actual Aggregated,2026-08-02T14:20:02Z
2026-08-02T14:18:54Z,2026-08-02T16:18:54+0200,d03952b3-6528-494b-a5a9-803d5ba4eea1,2026-08-01T15:30:00Z,2026-08-01T17:30:00+0200,366.34,MW,FR,FR,actual_offshore_wind_generation,Wind Offshore | Actual Aggregated,2026-08-02T14:20:02Z
2026-08-02T14:18:54Z,2026-08-02T16:18:54+0200,d03952b3-6528-494b-a5a9-803d5ba4eea1,2026-08-01T15:45:00Z,2026-08-01T17:45:00+0200,367.11,MW,FR,FR,actual_offshore_wind_generation,Wind Offshore | Actual Aggregated,2026-08-02T14:20:02Z
2026-08-02T14:18:54Z,2026-08-02T16:18:54+0200,d03952b3-6528-494b-a5a9-803d5ba4eea1,2026-08-01T16:00:00Z,2026-08-01T18:00:00+0200,401.51,MW,FR,FR,actual_offshore_wind_generation,Wind Offshore | Actual Aggregated,2026-08-02T14:20:02Z
2026-08-02T14:18:54Z,2026-08-02T16:18:54+0200,d03952b3-6528-494b-a5a9-803d5ba4eea1,2026-08-01T16:15:00Z,2026-08-01T18:15:00+0200,409.89,MW,FR,FR,actual_offshore_wind_generation,Wind Offshore | Actual Aggregated,2026-08-02T14:20:02Z
2026-08-02T14:18:54Z,2026-08-02T16:18:54+0200,d03952b3-6528-494b-a5a9-803d5ba4eea1,2026-08-01T16:30:00Z,2026-08-01T18:30:00+0200,420.78,MW,FR,FR,actual_offshore_wind_generation,Wind Offshore | Actual Aggregated,2026-08-02T14:20:02Z
2026-08-02T14:18:54Z,2026-08-02T16:18:54+0200,d03952b3-6528-494b-a5a9-803d5ba4eea1,2026-08-01T16:45:00Z,2026-08-01T18:45:00+0200,441.57,MW,FR,FR,actual_offshore_wind_generation,Wind Offshore | Actual Aggregated,2026-08-02T14:20:02Z
2026-08-02T14:18:54Z,2026-08-02T16:18:54+0200,d03952b3-6528-494b-a5a9-803d5ba4eea1,2026-08-01T17:00:00Z,2026-08-01T19:00:00+0200,472.73,MW,FR,FR,actual_offshore_wind_generation,Wind Offshore | Actual Aggregated,2026-08-02T14:20:02Z
2026-08-02T14:18:54Z,2026-08-02T16:18:54+0200,d03952b3-6528-494b-a5a9-803d5ba4eea1,2026-08-01T17:15:00Z,2026-08-01T19:15:00+0200,489.79,MW,FR,FR,actual_offshore_wind_generation,Wind Offshore | Actual Aggregated,2026-08-02T14:20:02Z
2026-08-02T14:18:54Z,2026-08-02T16:18:54+0200,d03952b3-6528-494b-a5a9-803d5ba4eea1,2026-08-01T17:30:00Z,2026-08-01T19:30:00+0200,494.61,MW,FR,FR,actual_offshore_wind_generation,Wind Offshore | Actual Aggregated,2026-08-02T14:20:02Z
2026-08-02T14:18:54Z,2026-08-02T16:18:54+0200,d03952b3-6528-494b-a5a9-803d5ba4eea1,2026-08-01T17:45:00Z,2026-08-01T19:45:00+0200,519.75,MW,FR,FR,actual_offshore_wind_generation,Wind Offshore | Actual Aggregated,2026-08-02T14:20:02Z
2026-08-02T14:18:54Z,2026-08-02T16:18:54+0200,d03952b3-6528-494b-a5a9-803d5ba4eea1,2026-08-01T18:00:00Z,2026-08-01T20:00:00+0200,560.72,MW,FR,FR,actual_offshore_wind_generation,Wind Offshore | Actual Aggregated,2026-08-02T14:20:02Z
2026-08-02T14:18:54Z,2026-08-02T16:18:54+0200,d03952b3-6528-494b-a5a9-803d5ba4eea1,2026-08-01T18:15:00Z,2026-08-01T20:15:00+0200,556.6,MW,FR,FR,actual_offshore_wind_generation,Wind Offshore | Actual Aggregated,2026-08-02T14:20:02Z
2026-08-02T14:18:54Z,2026-08-02T16:18:54+0200,d03952b3-6528-494b-a5a9-803d5ba4eea1,2026-08-01T18:30:00Z,2026-08-01T20:30:00+0200,559.93,MW,FR,FR,actual_offshore_wind_generation,Wind Offshore | Actual Aggregated,2026-08-02T14:20:02Z
2026-08-02T14:18:54Z,2026-08-02T16:18:54+0200,d03952b3-6528-494b-a5a9-803d5ba4eea1,2026-08-01T18:45:00Z,2026-08-01T20:45:00+0200,560.5,MW,FR,FR,actual_offshore_wind_generation,Wind Offshore | Actual Aggregated,2026-08-02T14:20:02Z
2026-08-02T14:18:54Z,2026-08-02T16:18:54+0200,d03952b3-6528-494b-a5a9-803d5ba4eea1,2026-08-01T19:00:00Z,2026-08-01T21:00:00+0200,566.11,MW,FR,FR,actual_offshore_wind_generation,Wind Offshore | Actual Aggregated,2026-08-02T14:20:02Z
2026-08-02T14:18:54Z,2026-08-02T16:18:54+0200,d03952b3-6528-494b-a5a9-803d5ba4eea1,2026-08-01T19:15:00Z,2026-08-01T21:15:00+0200,576.65,MW,FR,FR,actual_offshore_wind_generation,Wind Offshore | Actual Aggregated,2026-08-02T14:20:02Z
2026-08-02T14:18:54Z,2026-08-02T16:18:54+0200,d03952b3-6528-494b-a5a9-803d5ba4eea1,2026-08-01T19:30:00Z,2026-08-01T21:30:00+0200,613.61,MW,FR,FR,actual_offshore_wind_generation,Wind Offshore | Actual Aggregated,2026-08-02T14:20:02Z
2026-08-02T14:18:54Z,2026-08-02T16:18:54+0200,d03952b3-6528-494b-a5a9-803d5ba4eea1,2026-08-01T19:45:00Z,2026-08-01T21:45:00+0200,685.0,MW,FR,FR,actual_offshore_wind_generation,Wind Offshore | Actual Aggregated,2026-08-02T14:20:02Z
2026-08-02T14:18:54Z,2026-08-02T16:18:54+0200,d03952b3-6528-494b-a5a9-803d5ba4eea1,2026-08-01T20:00:00Z,2026-08-01T22:00:00+0200,689.94,MW,FR,FR,actual_offshore_wind_generation,Wind Offshore | Actual Aggregated,2026-08-02T14:20:02Z
2026-08-02T14:18:54Z,2026-08-02T16:18:54+0200,d03952b3-6528-494b-a5a9-803d5ba4eea1,2026-08-01T20:15:00Z,2026-08-01T22:15:00+0200,695.17,MW,FR,FR,actual_offshore_wind_generation,Wind Offshore | Actual Aggregated,2026-08-02T14:20:02Z
2026-08-02T14:18:54Z,2026-08-02T16:18:54+0200,d03952b3-6528-494b-a5a9-803d5ba4eea1,2026-08-01T20:30:00Z,2026-08-01T22:30:00+0200,757.9,MW,FR,FR,actual_offshore_wind_generation,Wind Offshore | Actual Aggregated,2026-08-02T14:20:02Z
2026-08-02T14:18:54Z,2026-08-02T16:18:54+0200,d03952b3-6528-494b-a5a9-803d5ba4eea1,2026-08-01T20:45:00Z,2026-08-01T22:45:00+0200,830.61,MW,FR,FR,actual_offshore_wind_generation,Wind Offshore | Actual Aggregated,2026-08-02T14:20:02Z
2026-08-02T14:18:54Z,2026-08-02T16:18:54+0200,d03952b3-6528-494b-a5a9-803d5ba4eea1,2026-08-01T21:00:00Z,2026-08-01T23:00:00+0200,846.65,MW,FR,FR,actual_offshore_wind_generation,Wind Offshore | Actual Aggregated,2026-08-02T14:20:02Z
2026-08-02T14:18:54Z,2026-08-02T16:18:54+0200,d03952b3-6528-494b-a5a9-803d5ba4eea1,2026-08-01T21:15:00Z,2026-08-01T23:15:00+0200,840.54,MW,FR,FR,actual_offshore_wind_generation,Wind Offshore | Actual Aggregated,2026-08-02T14:20:02Z
2026-08-02T14:18:54Z,2026-08-02T16:18:54+0200,d03952b3-6528-494b-a5a9-803d5ba4eea1,2026-08-01T21:30:00Z,2026-08-01T23:30:00+0200,834.48,MW,FR,FR,actual_offshore_wind_generation,Wind Offshore | Actual Aggregated,2026-08-02T14:20:02Z
2026-08-02T14:18:54Z,2026-08-02T16:18:54+0200,d03952b3-6528-494b-a5a9-803d5ba4eea1,2026-08-01T21:45:00Z,2026-08-01T23:45:00+0200,804.07,MW,FR,FR,actual_offshore_wind_generation,Wind Offshore | Actual Aggregated,2026-08-02T14:20:02Z
2026-08-02T14:18:54Z,2026-08-02T16:18:54+0200,d03952b3-6528-494b-a5a9-803d5ba4eea1,2026-08-01T22:00:00Z,2026-08-02T00:00:00+0200,792.89,MW,FR,FR,actual_offshore_wind_generation,Wind Offshore | Actual Aggregated,2026-08-02T14:20:02Z
2026-08-02T14:18:54Z,2026-08-02T16:18:54+0200,d03952b3-6528-494b-a5a9-803d5ba4eea1,2026-08-01T22:15:00Z,2026-08-02T00:15:00+0200,798.79,MW,FR,FR,actual_offshore_wind_generation,Wind Offshore | Actual Aggregated,2026-08-02T14:20:02Z
2026-08-02T14:18:54Z,2026-08-02T16:18:54+0200,d03952b3-6528-494b-a5a9-803d5ba4eea1,2026-08-01T22:30:00Z,2026-08-02T00:30:00+0200,791.72,MW,FR,FR,actual_offshore_wind_generation,Wind Offshore | Actual Aggregated,2026-08-02T14:20:02Z
2026-08-02T14:18:54Z,2026-08-02T16:18:54+0200,d03952b3-6528-494b-a5a9-803d5ba4eea1,2026-08-01T22:45:00Z,2026-08-02T00:45:00+0200,763.42,MW,FR,FR,actual_offshore_wind_generation,Wind Offshore | Actual Aggregated,2026-08-02T14:20:02Z
2026-08-02T14:18:54Z,2026-08-02T16:18:54+0200,d03952b3-6528-494b-a5a9-803d5ba4eea1,2026-08-01T23:00:00Z,2026-08-02T01:00:00+0200,747.88,MW,FR,FR,actual_offshore_wind_generation,Wind Offshore | Actual Aggregated,2026-08-02T14:20:02Z
2026-08-02T14:18:54Z,2026-08-02T16:18:54+0200,d03952b3-6528-494b-a5a9-803d5ba4eea1,2026-08-01T23:15:00Z,2026-08-02T01:15:00+0200,739.68,MW,FR,FR,actual_offshore_wind_generation,Wind Offshore | Actual Aggregated,2026-08-02T14:20:02Z
2026-08-02T14:18:54Z,2026-08-02T16:18:54+0200,d03952b3-6528-494b-a5a9-803d5ba4eea1,2026-08-01T23:30:00Z,2026-08-02T01:30:00+0200,729.16,MW,FR,FR,actual_offshore_wind_generation,Wind Offshore | Actual Aggregated,2026-08-02T14:20:02Z
2026-08-02T14:18:54Z,2026-08-02T16:18:54+0200,d03952b3-6528-494b-a5a9-803d5ba4eea1,2026-08-01T23:45:00Z,2026-08-02T01:45:00+0200,708.02,MW,FR,FR,actual_offshore_wind_generation,Wind Offshore | Actual Aggregated,2026-08-02T14:20:02Z
2026-08-02T14:18:54Z,2026-08-02T16:18:54+0200,d03952b3-6528-494b-a5a9-803d5ba4eea1,2026-08-02T00:00:00Z,2026-08-02T02:00:00+0200,694.88,MW,FR,FR,actual_offshore_wind_generation,Wind Offshore | Actual Aggregated,2026-08-02T14:20:02Z
2026-08-02T14:18:54Z,2026-08-02T16:18:54+0200,d03952b3-6528-494b-a5a9-803d5ba4eea1,2026-08-02T00:15:00Z,2026-08-02T02:15:00+0200,666.92,MW,FR,FR,actual_offshore_wind_generation,Wind Offshore | Actual Aggregated,2026-08-02T14:20:02Z
2026-08-02T14:18:54Z,2026-08-02T16:18:54+0200,d03952b3-6528-494b-a5a9-803d5ba4eea1,2026-08-02T00:30:00Z,2026-08-02T02:30:00+0200,647.39,MW,FR,FR,actual_offshore_wind_generation,Wind Offshore | Actual Aggregated,2026-08-02T14:20:02Z
2026-08-02T14:18:54Z,2026-08-02T16:18:54+0200,d03952b3-6528-494b-a5a9-803d5ba4eea1,2026-08-02T00:45:00Z,2026-08-02T02:45:00+0200,639.04,MW,FR,FR,actual_offshore_wind_generation,Wind Offshore | Actual Aggregated,2026-08-02T14:20:02Z
2026-08-02T14:18:54Z,2026-08-02T16:18:54+0200,d03952b3-6528-494b-a5a9-803d5ba4eea1,2026-08-02T01:00:00Z,2026-08-02T03:00:00+0200,610.37,MW,FR,FR,actual_offshore_wind_generation,Wind Offshore | Actual Aggregated,2026-08-02T14:20:02Z
2026-08-02T14:18:54Z,2026-08-02T16:18:54+0200,d03952b3-6528-494b-a5a9-803d5ba4eea1,2026-08-02T01:15:00Z,2026-08-02T03:15:00+0200,579.68,MW,FR,FR,actual_offshore_wind_generation,Wind Offshore | Actual Aggregated,2026-08-02T14:20:02Z
2026-08-02T14:18:54Z,2026-08-02T16:18:54+0200,d03952b3-6528-494b-a5a9-803d5ba4eea1,2026-08-02T01:30:00Z,2026-08-02T03:30:00+0200,550.18,MW,FR,FR,actual_offshore_wind_generation,Wind Offshore | Actual Aggregated,2026-08-02T14:20:02Z
2026-08-02T14:18:54Z,2026-08-02T16:18:54+0200,d03952b3-6528-494b-a5a9-803d5ba4eea1,2026-08-02T01:45:00Z,2026-08-02T03:45:00+0200,533.37,MW,FR,FR,actual_offshore_wind_generation,Wind Offshore | Actual Aggregated,2026-08-02T14:20:02Z
2026-08-02T14:18:54Z,2026-08-02T16:18:54+0200,d03952b3-6528-494b-a5a9-803d5ba4eea1,2026-08-02T02:00:00Z,2026-08-02T04:00:00+0200,559.47,MW,FR,FR,actual_offshore_wind_generation,Wind Offshore | Actual Aggregated,2026-08-02T14:20:02Z
2026-08-02T14:18:54Z,2026-08-02T16:18:54+0200,d03952b3-6528-494b-a5a9-803d5ba4eea1,2026-08-02T02:15:00Z,2026-08-02T04:15:00+0200,576.23,MW,FR,FR,actual_offshore_wind_generation,Wind Offshore | Actual Aggregated,2026-08-02T14:20:02Z
2026-08-02T14:18:54Z,2026-08-02T16:18:54+0200,d03952b3-6528-494b-a5a9-803d5ba4eea1,2026-08-02T02:30:00Z,2026-08-02T04:30:00+0200,569.16,MW,FR,FR,actual_offshore_wind_generation,Wind Offshore | Actual Aggregated,2026-08-02T14:20:02Z
2026-08-02T14:18:54Z,2026-08-02T16:18:54+0200,d03952b3-6528-494b-a5a9-803d5ba4eea1,2026-08-02T02:45:00Z,2026-08-02T04:45:00+0200,579.53,MW,FR,FR,actual_offshore_wind_generation,Wind Offshore | Actual Aggregated,2026-08-02T14:20:02Z
2026-08-02T14:18:54Z,2026-08-02T16:18:54+0200,d03952b3-6528-494b-a5a9-803d5ba4eea1,2026-08-02T03:00:00Z,2026-08-02T05:00:00+0200,587.2,MW,FR,FR,actual_offshore_wind_generation,Wind Offshore | Actual Aggregated,2026-08-02T14:20:02Z
2026-08-02T14:18:54Z,2026-08-02T16:18:54+0200,d03952b3-6528-494b-a5a9-803d5ba4eea1,2026-08-02T03:15:00Z,2026-08-02T05:15:00+0200,555.14,MW,FR,FR,actual_offshore_wind_generation,Wind Offshore | Actual Aggregated,2026-08-02T14:20:02Z
2026-08-02T14:18:54Z,2026-08-02T16:18:54+0200,d03952b3-6528-494b-a5a9-803d5ba4eea1,2026-08-02T03:30:00Z,2026-08-02T05:30:00+0200,532.87,MW,FR,FR,actual_offshore_wind_generation,Wind Offshore | Actual Aggregated,2026-08-02T14:20:02Z
2026-08-02T14:18:54Z,2026-08-02T16:18:54+0200,d03952b3-6528-494b-a5a9-803d5ba4eea1,2026-08-02T03:45:00Z,2026-08-02T05:45:00+0200,494.3,MW,FR,FR,actual_offshore_wind_generation,Wind Offshore | Actual Aggregated,2026-08-02T14:20:02Z
2026-08-02T14:18:54Z,2026-08-02T16:18:54+0200,d03952b3-6528-494b-a5a9-803d5ba4eea1,2026-08-02T04:00:00Z,2026-08-02T06:00:00+0200,491.73,MW,FR,FR,actual_offshore_wind_generation,Wind Offshore | Actual Aggregated,2026-08-02T14:20:02Z
2026-08-02T14:18:54Z,2026-08-02T16:18:54+0200,d03952b3-6528-494b-a5a9-803d5ba4eea1,2026-08-02T04:15:00Z,2026-08-02T06:15:00+0200,502.06,MW,FR,FR,actual_offshore_wind_generation,Wind Offshore | Actual Aggregated,2026-08-02T14:20:02Z
2026-08-02T14:18:54Z,2026-08-02T16:18:54+0200,d03952b3-6528-494b-a5a9-803d5ba4eea1,2026-08-02T04:30:00Z,2026-08-02T06:30:00+0200,502.91,MW,FR,FR,actual_offshore_wind_generation,Wind Offshore | Actual Aggregated,2026-08-02T14:20:02Z
2026-08-02T14:18:54Z,2026-08-02T16:18:54+0200,d03952b3-6528-494b-a5a9-803d5ba4eea1,2026-08-02T04:45:00Z,2026-08-02T06:45:00+0200,492.46,MW,FR,FR,actual_offshore_wind_generation,Wind Offshore | Actual Aggregated,2026-08-02T14:20:02Z
2026-08-02T14:18:54Z,2026-08-02T16:18:54+0200,d03952b3-6528-494b-a5a9-803d5ba4eea1,2026-08-02T05:00:00Z,2026-08-02T07:00:00+0200,454.27,MW,FR,FR,actual_offshore_wind_generation,Wind Offshore | Actual Aggregated,2026-08-02T14:20:02Z
2026-08-02T14:18:54Z,2026-08-02T16:18:54+0200,d03952b3-6528-494b-a5a9-803d5ba4eea1,2026-08-02T05:15:00Z,2026-08-02T07:15:00+0200,443.11,MW,FR,FR,actual_offshore_wind_generation,Wind Offshore | Actual Aggregated,2026-08-02T14:20:02Z
2026-08-02T14:18:54Z,2026-08-02T16:18:54+0200,d03952b3-6528-494b-a5a9-803d5ba4eea1,2026-08-02T05:30:00Z,2026-08-02T07:30:00+0200,413.88,MW,FR,FR,actual_offshore_wind_generation,Wind Offshore | Actual Aggregated,2026-08-02T14:20:02Z
2026-08-02T14:18:54Z,2026-08-02T16:18:54+0200,d03952b3-6528-494b-a5a9-803d5ba4eea1,2026-08-02T05:45:00Z,2026-08-02T07:45:00+0200,400.25,MW,FR,FR,actual_offshore_wind_generation,Wind Offshore | Actual Aggregated,2026-08-02T14:20:02Z
2026-08-02T14:18:54Z,2026-08-02T16:18:54+0200,d03952b3-6528-494b-a5a9-803d5ba4eea1,2026-08-02T06:00:00Z,2026-08-02T08:00:00+0200,382.37,MW,FR,FR,actual_offshore_wind_generation,Wind Offshore | Actual Aggregated,2026-08-02T14:20:02Z
2026-08-02T14:18:54Z,2026-08-02T16:18:54+0200,d03952b3-6528-494b-a5a9-803d5ba4eea1,2026-08-02T06:15:00Z,2026-08-02T08:15:00+0200,358.42,MW,FR,FR,actual_offshore_wind_generation,Wind Offshore | Actual Aggregated,2026-08-02T14:20:02Z
2026-08-02T14:18:54Z,2026-08-02T16:18:54+0200,d03952b3-6528-494b-a5a9-803d5ba4eea1,2026-08-02T06:30:00Z,2026-08-02T08:30:00+0200,344.3,MW,FR,FR,actual_offshore_wind_generation,Wind Offshore | Actual Aggregated,2026-08-02T14:20:02Z
2026-08-02T14:18:54Z,2026-08-02T16:18:54+0200,d03952b3-6528-494b-a5a9-803d5ba4eea1,2026-08-02T06:45:00Z,2026-08-02T08:45:00+0200,329.11,MW,FR,FR,actual_offshore_wind_generation,Wind Offshore | Actual Aggregated,2026-08-02T14:20:02Z
2026-08-02T14:18:54Z,2026-08-02T16:18:54+0200,d03952b3-6528-494b-a5a9-803d5ba4eea1,2026-08-02T07:00:00Z,2026-08-02T09:00:00+0200,309.17,MW,FR,FR,actual_offshore_wind_generation,Wind Offshore | Actual Aggregated,2026-08-02T14:20:02Z
2026-08-02T14:18:54Z,2026-08-02T16:18:54+0200,d03952b3-6528-494b-a5a9-803d5ba4eea1,2026-08-02T07:15:00Z,2026-08-02T09:15:00+0200,281.31,MW,FR,FR,actual_offshore_wind_generation,Wind Offshore | Actual Aggregated,2026-08-02T14:20:02Z
2026-08-02T14:18:54Z,2026-08-02T16:18:54+0200,d03952b3-6528-494b-a5a9-803d5ba4eea1,2026-08-02T07:30:00Z,2026-08-02T09:30:00+0200,236.55,MW,FR,FR,actual_offshore_wind_generation,Wind Offshore | Actual Aggregated,2026-08-02T14:20:02Z
2026-08-02T14:18:54Z,2026-08-02T16:18:54+0200,d03952b3-6528-494b-a5a9-803d5ba4eea1,2026-08-02T07:45:00Z,2026-08-02T09:45:00+0200,191.32,MW,FR,FR,actual_offshore_wind_generation,Wind Offshore | Actual Aggregated,2026-08-02T14:20:02Z
2026-08-02T14:18:54Z,2026-08-02T16:18:54+0200,d03952b3-6528-494b-a5a9-803d5ba4eea1,2026-08-02T08:00:00Z,2026-08-02T10:00:00+0200,160.52,MW,FR,FR,actual_offshore_wind_generation,Wind Offshore | Actual Aggregated,2026-08-02T14:20:02Z
2026-08-02T14:18:54Z,2026-08-02T16:18:54+0200,d03952b3-6528-494b-a5a9-803d5ba4eea1,2026-08-02T08:15:00Z,2026-08-02T10:15:00+0200,138.17,MW,FR,FR,actual_offshore_wind_generation,Wind Offshore | Actual Aggregated,2026-08-02T14:20:02Z
2026-08-02T14:18:54Z,2026-08-02T16:18:54+0200,d03952b3-6528-494b-a5a9-803d5ba4eea1,2026-08-02T08:30:00Z,2026-08-02T10:30:00+0200,112.6,MW,FR,FR,actual_offshore_wind_generation,Wind Offshore | Actual Aggregated,2026-08-02T14:20:02Z
2026-08-02T14:18:54Z,2026-08-02T16:18:54+0200,d03952b3-6528-494b-a5a9-803d5ba4eea1,2026-08-02T08:45:00Z,2026-08-02T10:45:00+0200,111.68,MW,FR,FR,actual_offshore_wind_generation,Wind Offshore | Actual Aggregated,2026-08-02T14:20:02Z
2026-08-02T14:18:54Z,2026-08-02T16:18:54+0200,d03952b3-6528-494b-a5a9-803d5ba4eea1,2026-08-02T09:00:00Z,2026-08-02T11:00:00+0200,110.28,MW,FR,FR,actual_offshore_wind_generation,Wind Offshore | Actual Aggregated,2026-08-02T14:20:02Z
2026-08-02T14:18:54Z,2026-08-02T16:18:54+0200,d03952b3-6528-494b-a5a9-803d5ba4eea1,2026-08-02T09:15:00Z,2026-08-02T11:15:00+0200,103.75,MW,FR,FR,actual_offshore_wind_generation,Wind Offshore | Actual Aggregated,2026-08-02T14:20:02Z
2026-08-02T14:18:54Z,2026-08-02T16:18:54+0200,d03952b3-6528-494b-a5a9-803d5ba4eea1,2026-08-02T09:30:00Z,2026-08-02T11:30:00+0200,103.7,MW,FR,FR,actual_offshore_wind_generation,Wind Offshore | Actual Aggregated,2026-08-02T14:20:02Z
2026-08-02T14:18:54Z,2026-08-02T16:18:54+0200,d03952b3-6528-494b-a5a9-803d5ba4eea1,2026-08-02T09:45:00Z,2026-08-02T11:45:00+0200,96.13,MW,FR,FR,actual_offshore_wind_generation,Wind Offshore | Actual Aggregated,2026-08-02T14:20:02Z
2026-08-02T14:18:54Z,2026-08-02T16:18:54+0200,d03952b3-6528-494b-a5a9-803d5ba4eea1,2026-08-02T10:00:00Z,2026-08-02T12:00:00+0200,94.12,MW,FR,FR,actual_offshore_wind_generation,Wind Offshore | Actual Aggregated,2026-08-02T14:20:02Z
2026-08-02T14:18:54Z,2026-08-02T16:18:54+0200,d03952b3-6528-494b-a5a9-803d5ba4eea1,2026-08-02T10:15:00Z,2026-08-02T12:15:00+0200,92.77,MW,FR,FR,actual_offshore_wind_generation,Wind Offshore | Actual Aggregated,2026-08-02T14:20:02Z
2026-08-02T14:18:54Z,2026-08-02T16:18:54+0200,d03952b3-6528-494b-a5a9-803d5ba4eea1,2026-08-02T10:30:00Z,2026-08-02T12:30:00+0200,88.27,MW,FR,FR,actual_offshore_wind_generation,Wind Offshore | Actual Aggregated,2026-08-02T14:20:02Z
2026-08-02T14:18:54Z,2026-08-02T16:18:54+0200,d03952b3-6528-494b-a5a9-803d5ba4eea1,2026-08-02T10:45:00Z,2026-08-02T12:45:00+0200,76.18,MW,FR,FR,actual_offshore_wind_generation,Wind Offshore | Actual Aggregated,2026-08-02T14:20:02Z
2026-08-02T14:18:54Z,2026-08-02T16:18:54+0200,d03952b3-6528-494b-a5a9-803d5ba4eea1,2026-08-02T11:00:00Z,2026-08-02T13:00:00+0200,77.57,MW,FR,FR,actual_offshore_wind_generation,Wind Offshore | Actual Aggregated,2026-08-02T14:20:02Z
2026-08-02T14:18:54Z,2026-08-02T16:18:54+0200,d03952b3-6528-494b-a5a9-803d5ba4eea1,2026-08-02T11:15:00Z,2026-08-02T13:15:00+0200,73.96,MW,FR,FR,actual_offshore_wind_generation,Wind Offshore | Actual Aggregated,2026-08-02T14:20:02Z
2026-08-02T14:18:54Z,2026-08-02T16:18:54+0200,d03952b3-6528-494b-a5a9-803d5ba4eea1,2026-08-02T11:30:00Z,2026-08-02T13:30:00+0200,70.84,MW,FR,FR,actual_offshore_wind_generation,Wind Offshore | Actual Aggregated,2026-08-02T14:20:02Z
2026-08-02T14:18:54Z,2026-08-02T16:18:54+0200,d03952b3-6528-494b-a5a9-803d5ba4eea1,2026-08-02T11:45:00Z,2026-08-02T13:45:00+0200,75.47,MW,FR,FR,actual_offshore_wind_generation,Wind Offshore | Actual Aggregated,2026-08-02T14:20:02Z
2026-08-02T14:18:54Z,2026-08-02T16:18:54+0200,d03952b3-6528-494b-a5a9-803d5ba4eea1,2026-08-02T12:00:00Z,2026-08-02T14:00:00+0200,72.42,MW,FR,FR,actual_offshore_wind_generation,Wind Offshore | Actual Aggregated,2026-08-02T14:20:02Z
2026-08-02T14:18:54Z,2026-08-02T16:18:54+0200,d03952b3-6528-494b-a5a9-803d5ba4eea1,2026-08-02T12:15:00Z,2026-08-02T14:15:00+0200,83.1,MW,FR,FR,actual_offshore_wind_generation,Wind Offshore | Actual Aggregated,2026-08-02T14:20:02Z
2026-08-02T14:18:54Z,2026-08-02T16:18:54+0200,d03952b3-6528-494b-a5a9-803d5ba4eea1,2026-08-02T12:30:00Z,2026-08-02T14:30:00+0200,103.86,MW,FR,FR,actual_offshore_wind_generation,Wind Offshore | Actual Aggregated,2026-08-02T14:20:02Z
2026-08-02T14:18:54Z,2026-08-02T16:18:54+0200,d03952b3-6528-494b-a5a9-803d5ba4eea1,2026-08-02T12:45:00Z,2026-08-02T14:45:00+0200,181.13,MW,FR,FR,actual_offshore_wind_generation,Wind Offshore | Actual Aggregated,2026-08-02T14:20:02Z
2026-08-02T14:18:54Z,2026-08-02T16:18:54+0200,d03952b3-6528-494b-a5a9-803d5ba4eea1,2026-08-02T13:00:00Z,2026-08-02T15:00:00+0200,266.05,MW,FR,FR,actual_offshore_wind_generation,Wind Offshore | Actual Aggregated,2026-08-02T14:20:02Z
2026-08-02T14:18:54Z,2026-08-02T16:18:54+0200,d03952b3-6528-494b-a5a9-803d5ba4eea1,2026-08-02T13:15:00Z,2026-08-02T15:15:00+0200,280.24,MW,FR,FR,actual_offshore_wind_generation,Wind Offshore | Actual Aggregated,2026-08-02T14:20:02Z
2026-08-02T14:18:54Z,2026-08-02T16:18:54+0200,d03952b3-6528-494b-a5a9-803d5ba4eea1,2026-08-02T13:30:00Z,2026-08-02T15:30:00+0200,303.38,MW,FR,FR,actual_offshore_wind_generation,Wind Offshore | Actual Aggregated,2026-08-02T14:20:02Z
2026-08-02T14:18:54Z,2026-08-02T16:18:54+0200,d03952b3-6528-494b-a5a9-803d5ba4eea1,2026-08-02T13:45:00Z,2026-08-02T15:45:00+0200,359.93,MW,FR,FR,actual_offshore_wind_generation,Wind Offshore | Actual Aggregated,2026-08-02T14:20:02Z
