collection_time_utc,collection_time_local,run_id,timestamp_utc,timestamp_local,value,unit,country,entsoe_area,variable,source,updated_at_utc
2026-09-03T01:28:24Z,2026-09-03T03:28:24+0200,4585e6bd-9f7f-4070-920d-180f827f83c4,2026-08-27T02:00:00Z,2026-08-27T04:00:00+0200,0.0,MW,DK2,DK_2,actual_solar_generation,Solar,2026-09-03T01:29:05Z
2026-09-03T01:28:24Z,2026-09-03T03:28:24+0200,4585e6bd-9f7f-4070-920d-180f827f83c4,2026-08-27T02:15:00Z,2026-08-27T04:15:00+0200,0.0,MW,DK2,DK_2,actual_solar_generation,Solar,2026-09-03T01:29:05Z
2026-09-03T01:28:24Z,2026-09-03T03:28:24+0200,4585e6bd-9f7f-4070-920d-180f827f83c4,2026-08-27T02:30:00Z,2026-08-27T04:30:00+0200,0.608731,MW,DK2,DK_2,actual_solar_generation,Solar,2026-09-03T01:29:05Z
2026-09-03T01:28:24Z,2026-09-03T03:28:24+0200,4585e6bd-9f7f-4070-920d-180f827f83c4,2026-08-27T02:45:00Z,2026-08-27T04:45:00+0200,0.871589,MW,DK2,DK_2,actual_solar_generation,Solar,2026-09-03T01:29:05Z
2026-09-03T01:28:24Z,2026-09-03T03:28:24+0200,4585e6bd-9f7f-4070-920d-180f827f83c4,2026-08-27T03:00:00Z,2026-08-27T05:00:00+0200,0.928951,MW,DK2,DK_2,actual_solar_generation,Solar,2026-09-03T01:29:05Z
2026-09-03T01:28:24Z,2026-09-03T03:28:24+0200,4585e6bd-9f7f-4070-920d-180f827f83c4,2026-08-27T03:15:00Z,2026-08-27T05:15:00+0200,0.0,MW,DK2,DK_2,actual_solar_generation,Solar,2026-09-03T01:29:05Z
2026-09-03T01:28:24Z,2026-09-03T03:28:24+0200,4585e6bd-9f7f-4070-920d-180f827f83c4,2026-08-27T03:30:00Z,2026-08-27T05:30:00+0200,0.0,MW,DK2,DK_2,actual_solar_generation,Solar,2026-09-03T01:29:05Z
2026-09-03T01:28:24Z,2026-09-03T03:28:24+0200,4585e6bd-9f7f-4070-920d-180f827f83c4,2026-08-27T03:45:00Z,2026-08-27T05:45:00+0200,0.0,MW,DK2,DK_2,actual_solar_generation,Solar,2026-09-03T01:29:05Z
2026-09-03T01:28:24Z,2026-09-03T03:28:24+0200,4585e6bd-9f7f-4070-920d-180f827f83c4,2026-08-27T04:00:00Z,2026-08-27T06:00:00+0200,2.01346,MW,DK2,DK_2,actual_solar_generation,Solar,2026-09-03T01:29:05Z
2026-09-03T01:28:24Z,2026-09-03T03:28:24+0200,4585e6bd-9f7f-4070-920d-180f827f83c4,2026-08-27T04:15:00Z,2026-08-27T06:15:00+0200,7.54659,MW,DK2,DK_2,actual_solar_generation,Solar,2026-09-03T01:29:05Z
2026-09-03T01:28:24Z,2026-09-03T03:28:24+0200,4585e6bd-9f7f-4070-920d-180f827f83c4,2026-08-27T04:30:00Z,2026-08-27T06:30:00+0200,19.0126,MW,DK2,DK_2,actual_solar_generation,Solar,2026-09-03T01:29:05Z
2026-09-03T01:28:24Z,2026-09-03T03:28:24+0200,4585e6bd-9f7f-4070-920d-180f827f83c4,2026-08-27T04:45:00Z,2026-08-27T06:45:00+0200,33.9658,MW,DK2,DK_2,actual_solar_generation,Solar,2026-09-03T01:29:05Z
2026-09-03T01:28:24Z,2026-09-03T03:28:24+0200,4585e6bd-9f7f-4070-920d-180f827f83c4,2026-08-27T05:00:00Z,2026-08-27T07:00:00+0200,57.4349,MW,DK2,DK_2,actual_solar_generation,Solar,2026-09-03T01:29:05Z
2026-09-03T01:28:24Z,2026-09-03T03:28:24+0200,4585e6bd-9f7f-4070-920d-180f827f83c4,2026-08-27T05:15:00Z,2026-08-27T07:15:00+0200,89.6193,MW,DK2,DK_2,actual_solar_generation,Solar,2026-09-03T01:29:05Z
2026-09-03T01:28:24Z,2026-09-03T03:28:24+0200,4585e6bd-9f7f-4070-920d-180f827f83c4,2026-08-27T05:30:00Z,2026-08-27T07:30:00+0200,129.712,MW,DK2,DK_2,actual_solar_generation,Solar,2026-09-03T01:29:05Z
2026-09-03T01:28:24Z,2026-09-03T03:28:24+0200,4585e6bd-9f7f-4070-920d-180f827f83c4,2026-08-27T05:45:00Z,2026-08-27T07:45:00+0200,175.566,MW,DK2,DK_2,actual_solar_generation,Solar,2026-09-03T01:29:05Z
2026-09-03T01:28:24Z,2026-09-03T03:28:24+0200,4585e6bd-9f7f-4070-920d-180f827f83c4,2026-08-27T06:00:00Z,2026-08-27T08:00:00+0200,223.675,MW,DK2,DK_2,actual_solar_generation,Solar,2026-09-03T01:29:05Z
2026-09-03T01:28:24Z,2026-09-03T03:28:24+0200,4585e6bd-9f7f-4070-920d-180f827f83c4,2026-08-27T06:15:00Z,2026-08-27T08:15:00+0200,280.632,MW,DK2,DK_2,actual_solar_generation,Solar,2026-09-03T01:29:05Z
2026-09-03T01:28:24Z,2026-09-03T03:28:24+0200,4585e6bd-9f7f-4070-920d-180f827f83c4,2026-08-27T06:30:00Z,2026-08-27T08:30:00+0200,347.211,MW,DK2,DK_2,actual_solar_generation,Solar,2026-09-03T01:29:05Z
2026-09-03T01:28:24Z,2026-09-03T03:28:24+0200,4585e6bd-9f7f-4070-920d-180f827f83c4,2026-08-27T06:45:00Z,2026-08-27T08:45:00+0200,406.904,MW,DK2,DK_2,actual_solar_generation,Solar,2026-09-03T01:29:05Z
2026-09-03T01:28:24Z,2026-09-03T03:28:24+0200,4585e6bd-9f7f-4070-920d-180f827f83c4,2026-08-27T07:00:00Z,2026-08-27T09:00:00+0200,472.551,MW,DK2,DK_2,actual_solar_generation,Solar,2026-09-03T01:29:05Z
2026-09-03T01:28:24Z,2026-09-03T03:28:24+0200,4585e6bd-9f7f-4070-920d-180f827f83c4,2026-08-27T07:15:00Z,2026-08-27T09:15:00+0200,533.886,MW,DK2,DK_2,actual_solar_generation,Solar,2026-09-03T01:29:05Z
2026-09-03T01:28:24Z,2026-09-03T03:28:24+0200,4585e6bd-9f7f-4070-920d-180f827f83c4,2026-08-27T07:30:00Z,2026-08-27T09:30:00+0200,589.927,MW,DK2,DK_2,actual_solar_generation,Solar,2026-09-03T01:29:05Z
2026-09-03T01:28:24Z,2026-09-03T03:28:24+0200,4585e6bd-9f7f-4070-920d-180f827f83c4,2026-08-27T07:45:00Z,2026-08-27T09:45:00+0200,641.75,MW,DK2,DK_2,actual_solar_generation,Solar,2026-09-03T01:29:05Z
2026-09-03T01:28:24Z,2026-09-03T03:28:24+0200,4585e6bd-9f7f-4070-920d-180f827f83c4,2026-08-27T08:00:00Z,2026-08-27T10:00:00+0200,686.491,MW,DK2,DK_2,actual_solar_generation,Solar,2026-09-03T01:29:05Z
2026-09-03T01:28:24Z,2026-09-03T03:28:24+0200,4585e6bd-9f7f-4070-920d-180f827f83c4,2026-08-27T08:15:00Z,2026-08-27T10:15:00+0200,732.627,MW,DK2,DK_2,actual_solar_generation,Solar,2026-09-03T01:29:05Z
2026-09-03T01:28:24Z,2026-09-03T03:28:24+0200,4585e6bd-9f7f-4070-920d-180f827f83c4,2026-08-27T08:30:00Z,2026-08-27T10:30:00+0200,773.549,MW,DK2,DK_2,actual_solar_generation,Solar,2026-09-03T01:29:05Z
2026-09-03T01:28:24Z,2026-09-03T03:28:24+0200,4585e6bd-9f7f-4070-920d-180f827f83c4,2026-08-27T08:45:00Z,2026-08-27T10:45:00+0200,812.064,MW,DK2,DK_2,actual_solar_generation,Solar,2026-09-03T01:29:05Z
2026-09-03T01:28:24Z,2026-09-03T03:28:24+0200,4585e6bd-9f7f-4070-920d-180f827f83c4,2026-08-27T09:00:00Z,2026-08-27T11:00:00+0200,832.884,MW,DK2,DK_2,actual_solar_generation,Solar,2026-09-03T01:29:05Z
2026-09-03T01:28:24Z,2026-09-03T03:28:24+0200,4585e6bd-9f7f-4070-920d-180f827f83c4,2026-08-27T09:15:00Z,2026-08-27T11:15:00+0200,831.698,MW,DK2,DK_2,actual_solar_generation,Solar,2026-09-03T01:29:05Z
2026-09-03T01:28:24Z,2026-09-03T03:28:24+0200,4585e6bd-9f7f-4070-920d-180f827f83c4,2026-08-27T09:30:00Z,2026-08-27T11:30:00+0200,851.757,MW,DK2,DK_2,actual_solar_generation,Solar,2026-09-03T01:29:05Z
2026-09-03T01:28:24Z,2026-09-03T03:28:24+0200,4585e6bd-9f7f-4070-920d-180f827f83c4,2026-08-27T09:45:00Z,2026-08-27T11:45:00+0200,860.286,MW,DK2,DK_2,actual_solar_generation,Solar,2026-09-03T01:29:05Z
2026-09-03T01:28:24Z,2026-09-03T03:28:24+0200,4585e6bd-9f7f-4070-920d-180f827f83c4,2026-08-27T10:00:00Z,2026-08-27T12:00:00+0200,879.308,MW,DK2,DK_2,actual_solar_generation,Solar,2026-09-03T01:29:05Z
2026-09-03T01:28:24Z,2026-09-03T03:28:24+0200,4585e6bd-9f7f-4070-920d-180f827f83c4,2026-08-27T10:15:00Z,2026-08-27T12:15:00+0200,879.584,MW,DK2,DK_2,actual_solar_generation,Solar,2026-09-03T01:29:05Z
2026-09-03T01:28:24Z,2026-09-03T03:28:24+0200,4585e6bd-9f7f-4070-920d-180f827f83c4,2026-08-27T10:30:00Z,2026-08-27T12:30:00+0200,868.065,MW,DK2,DK_2,actual_solar_generation,Solar,2026-09-03T01:29:05Z
2026-09-03T01:28:24Z,2026-09-03T03:28:24+0200,4585e6bd-9f7f-4070-920d-180f827f83c4,2026-08-27T10:45:00Z,2026-08-27T12:45:00+0200,854.764,MW,DK2,DK_2,actual_solar_generation,Solar,2026-09-03T01:29:05Z
2026-09-03T01:28:24Z,2026-09-03T03:28:24+0200,4585e6bd-9f7f-4070-920d-180f827f83c4,2026-08-27T11:00:00Z,2026-08-27T13:00:00+0200,881.755,MW,DK2,DK_2,actual_solar_generation,Solar,2026-09-03T01:29:05Z
2026-09-03T01:28:24Z,2026-09-03T03:28:24+0200,4585e6bd-9f7f-4070-920d-180f827f83c4,2026-08-27T11:15:00Z,2026-08-27T13:15:00+0200,892.859,MW,DK2,DK_2,actual_solar_generation,Solar,2026-09-03T01:29:05Z
2026-09-03T01:28:24Z,2026-09-03T03:28:24+0200,4585e6bd-9f7f-4070-920d-180f827f83c4,2026-08-27T11:30:00Z,2026-08-27T13:30:00+0200,889.848,MW,DK2,DK_2,actual_solar_generation,Solar,2026-09-03T01:29:05Z
2026-09-03T01:28:24Z,2026-09-03T03:28:24+0200,4585e6bd-9f7f-4070-920d-180f827f83c4,2026-08-27T11:45:00Z,2026-08-27T13:45:00+0200,886.448,MW,DK2,DK_2,actual_solar_generation,Solar,2026-09-03T01:29:05Z
2026-09-03T01:28:24Z,2026-09-03T03:28:24+0200,4585e6bd-9f7f-4070-920d-180f827f83c4,2026-08-27T12:00:00Z,2026-08-27T14:00:00+0200,886.797,MW,DK2,DK_2,actual_solar_generation,Solar,2026-09-03T01:29:05Z
2026-09-03T01:28:24Z,2026-09-03T03:28:24+0200,4585e6bd-9f7f-4070-920d-180f827f83c4,2026-08-27T12:15:00Z,2026-08-27T14:15:00+0200,867.415,MW,DK2,DK_2,actual_solar_generation,Solar,2026-09-03T01:29:05Z
2026-09-03T01:28:24Z,2026-09-03T03:28:24+0200,4585e6bd-9f7f-4070-920d-180f827f83c4,2026-08-27T12:30:00Z,2026-08-27T14:30:00+0200,880.461,MW,DK2,DK_2,actual_solar_generation,Solar,2026-09-03T01:29:05Z
2026-09-03T01:28:24Z,2026-09-03T03:28:24+0200,4585e6bd-9f7f-4070-920d-180f827f83c4,2026-08-27T12:45:00Z,2026-08-27T14:45:00+0200,863.325,MW,DK2,DK_2,actual_solar_generation,Solar,2026-09-03T01:29:05Z
2026-09-03T01:28:24Z,2026-09-03T03:28:24+0200,4585e6bd-9f7f-4070-920d-180f827f83c4,2026-08-27T13:00:00Z,2026-08-27T15:00:00+0200,841.155,MW,DK2,DK_2,actual_solar_generation,Solar,2026-09-03T01:29:05Z
2026-09-03T01:28:24Z,2026-09-03T03:28:24+0200,4585e6bd-9f7f-4070-920d-180f827f83c4,2026-08-27T13:15:00Z,2026-08-27T15:15:00+0200,819.949,MW,DK2,DK_2,actual_solar_generation,Solar,2026-09-03T01:29:05Z
2026-09-03T01:28:24Z,2026-09-03T03:28:24+0200,4585e6bd-9f7f-4070-920d-180f827f83c4,2026-08-27T13:30:00Z,2026-08-27T15:30:00+0200,788.084,MW,DK2,DK_2,actual_solar_generation,Solar,2026-09-03T01:29:05Z
2026-09-03T01:28:24Z,2026-09-03T03:28:24+0200,4585e6bd-9f7f-4070-920d-180f827f83c4,2026-08-27T13:45:00Z,2026-08-27T15:45:00+0200,755.457,MW,DK2,DK_2,actual_solar_generation,Solar,2026-09-03T01:29:05Z
2026-09-03T01:28:24Z,2026-09-03T03:28:24+0200,4585e6bd-9f7f-4070-920d-180f827f83c4,2026-08-27T14:00:00Z,2026-08-27T16:00:00+0200,704.738,MW,DK2,DK_2,actual_solar_generation,Solar,2026-09-03T01:29:05Z
2026-09-03T01:28:24Z,2026-09-03T03:28:24+0200,4585e6bd-9f7f-4070-920d-180f827f83c4,2026-08-27T14:15:00Z,2026-08-27T16:15:00+0200,667.736,MW,DK2,DK_2,actual_solar_generation,Solar,2026-09-03T01:29:05Z
2026-09-03T01:28:24Z,2026-09-03T03:28:24+0200,4585e6bd-9f7f-4070-920d-180f827f83c4,2026-08-27T14:30:00Z,2026-08-27T16:30:00+0200,620.983,MW,DK2,DK_2,actual_solar_generation,Solar,2026-09-03T01:29:05Z
2026-09-03T01:28:24Z,2026-09-03T03:28:24+0200,4585e6bd-9f7f-4070-920d-180f827f83c4,2026-08-27T14:45:00Z,2026-08-27T16:45:00+0200,564.695,MW,DK2,DK_2,actual_solar_generation,Solar,2026-09-03T01:29:05Z
2026-09-03T01:28:24Z,2026-09-03T03:28:24+0200,4585e6bd-9f7f-4070-920d-180f827f83c4,2026-08-27T15:00:00Z,2026-08-27T17:00:00+0200,507.316,MW,DK2,DK_2,actual_solar_generation,Solar,2026-09-03T01:29:05Z
2026-09-03T01:28:24Z,2026-09-03T03:28:24+0200,4585e6bd-9f7f-4070-920d-180f827f83c4,2026-08-27T15:15:00Z,2026-08-27T17:15:00+0200,460.504,MW,DK2,DK_2,actual_solar_generation,Solar,2026-09-03T01:29:05Z
2026-09-03T01:28:24Z,2026-09-03T03:28:24+0200,4585e6bd-9f7f-4070-920d-180f827f83c4,2026-08-27T15:30:00Z,2026-08-27T17:30:00+0200,405.162,MW,DK2,DK_2,actual_solar_generation,Solar,2026-09-03T01:29:05Z
2026-09-03T01:28:24Z,2026-09-03T03:28:24+0200,4585e6bd-9f7f-4070-920d-180f827f83c4,2026-08-27T15:45:00Z,2026-08-27T17:45:00+0200,331.378,MW,DK2,DK_2,actual_solar_generation,Solar,2026-09-03T01:29:05Z
2026-09-03T01:28:24Z,2026-09-03T03:28:24+0200,4585e6bd-9f7f-4070-920d-180f827f83c4,2026-08-27T16:00:00Z,2026-08-27T18:00:00+0200,275.076,MW,DK2,DK_2,actual_solar_generation,Solar,2026-09-03T01:29:05Z
2026-09-03T01:28:24Z,2026-09-03T03:28:24+0200,4585e6bd-9f7f-4070-920d-180f827f83c4,2026-08-27T16:15:00Z,2026-08-27T18:15:00+0200,221.28,MW,DK2,DK_2,actual_solar_generation,Solar,2026-09-03T01:29:05Z
2026-09-03T01:28:24Z,2026-09-03T03:28:24+0200,4585e6bd-9f7f-4070-920d-180f827f83c4,2026-08-27T16:30:00Z,2026-08-27T18:30:00+0200,163.571,MW,DK2,DK_2,actual_solar_generation,Solar,2026-09-03T01:29:05Z
2026-09-03T01:28:24Z,2026-09-03T03:28:24+0200,4585e6bd-9f7f-4070-920d-180f827f83c4,2026-08-27T16:45:00Z,2026-08-27T18:45:00+0200,122.668,MW,DK2,DK_2,actual_solar_generation,Solar,2026-09-03T01:29:05Z
2026-09-03T01:28:24Z,2026-09-03T03:28:24+0200,4585e6bd-9f7f-4070-920d-180f827f83c4,2026-08-27T17:00:00Z,2026-08-27T19:00:00+0200,88.208,MW,DK2,DK_2,actual_solar_generation,Solar,2026-09-03T01:29:05Z
2026-09-03T01:28:24Z,2026-09-03T03:28:24+0200,4585e6bd-9f7f-4070-920d-180f827f83c4,2026-08-27T17:15:00Z,2026-08-27T19:15:00+0200,49.4088,MW,DK2,DK_2,actual_solar_generation,Solar,2026-09-03T01:29:05Z
2026-09-03T01:28:24Z,2026-09-03T03:28:24+0200,4585e6bd-9f7f-4070-920d-180f827f83c4,2026-08-27T17:30:00Z,2026-08-27T19:30:00+0200,30.1871,MW,DK2,DK_2,actual_solar_generation,Solar,2026-09-03T01:29:05Z
2026-09-03T01:28:24Z,2026-09-03T03:28:24+0200,4585e6bd-9f7f-4070-920d-180f827f83c4,2026-08-27T17:45:00Z,2026-08-27T19:45:00+0200,16.9543,MW,DK2,DK_2,actual_solar_generation,Solar,2026-09-03T01:29:05Z
2026-09-03T01:28:24Z,2026-09-03T03:28:24+0200,4585e6bd-9f7f-4070-920d-180f827f83c4,2026-08-27T18:00:00Z,2026-08-27T20:00:00+0200,4.60382,MW,DK2,DK_2,actual_solar_generation,Solar,2026-09-03T01:29:05Z
2026-09-03T01:28:24Z,2026-09-03T03:28:24+0200,4585e6bd-9f7f-4070-920d-180f827f83c4,2026-08-27T18:15:00Z,2026-08-27T20:15:00+0200,0.318288,MW,DK2,DK_2,actual_solar_generation,Solar,2026-09-03T01:29:05Z
2026-09-03T01:28:24Z,2026-09-03T03:28:24+0200,4585e6bd-9f7f-4070-920d-180f827f83c4,2026-08-27T18:30:00Z,2026-08-27T20:30:00+0200,0.0,MW,DK2,DK_2,actual_solar_generation,Solar,2026-09-03T01:29:05Z
2026-09-03T01:28:24Z,2026-09-03T03:28:24+0200,4585e6bd-9f7f-4070-920d-180f827f83c4,2026-08-27T18:45:00Z,2026-08-27T20:45:00+0200,1.01002,MW,DK2,DK_2,actual_solar_generation,Solar,2026-09-03T01:29:05Z
2026-09-03T01:28:24Z,2026-09-03T03:28:24+0200,4585e6bd-9f7f-4070-920d-180f827f83c4,2026-08-27T19:00:00Z,2026-08-27T21:00:00+0200,0.836934,MW,DK2,DK_2,actual_solar_generation,Solar,2026-09-03T01:29:05Z
2026-09-03T01:28:24Z,2026-09-03T03:28:24+0200,4585e6bd-9f7f-4070-920d-180f827f83c4,2026-08-27T19:15:00Z,2026-08-27T21:15:00+0200,0.0,MW,DK2,DK_2,actual_solar_generation,Solar,2026-09-03T01:29:05Z
2026-09-03T01:28:24Z,2026-09-03T03:28:24+0200,4585e6bd-9f7f-4070-920d-180f827f83c4,2026-08-27T19:30:00Z,2026-08-27T21:30:00+0200,0.0,MW,DK2,DK_2,actual_solar_generation,Solar,2026-09-03T01:29:05Z
2026-09-03T01:28:24Z,2026-09-03T03:28:24+0200,4585e6bd-9f7f-4070-920d-180f827f83c4,2026-08-27T19:45:00Z,2026-08-27T21:45:00+0200,0.0,MW,DK2,DK_2,actual_solar_generation,Solar,2026-09-03T01:29:05Z
2026-09-03T01:28:24Z,2026-09-03T03:28:24+0200,4585e6bd-9f7f-4070-920d-180f827f83c4,2026-08-27T20:00:00Z,2026-08-27T22:00:00+0200,0.0,MW,DK2,DK_2,actual_solar_generation,Solar,2026-09-03T01:29:05Z
2026-09-03T01:28:24Z,2026-09-03T03:28:24+0200,4585e6bd-9f7f-4070-920d-180f827f83c4,2026-08-27T20:15:00Z,2026-08-27T22:15:00+0200,0.0,MW,DK2,DK_2,actual_solar_generation,Solar,2026-09-03T01:29:05Z
2026-09-03T01:28:24Z,2026-09-03T03:28:24+0200,4585e6bd-9f7f-4070-920d-180f827f83c4,2026-08-27T20:30:00Z,2026-08-27T22:30:00+0200,0.0,MW,DK2,DK_2,actual_solar_generation,Solar,2026-09-03T01:29:05Z
2026-09-03T01:28:24Z,2026-09-03T03:28:24+0200,4585e6bd-9f7f-4070-920d-180f827f83c4,2026-08-27T20:45:00Z,2026-08-27T22:45:00+0200,0.0,MW,DK2,DK_2,actual_solar_generation,Solar,2026-09-03T01:29:05Z
2026-09-03T01:28:24Z,2026-09-03T03:28:24+0200,4585e6bd-9f7f-4070-920d-180f827f83c4,2026-08-27T21:00:00Z,2026-08-27T23:00:00+0200,0.0,MW,DK2,DK_2,actual_solar_generation,Solar,2026-09-03T01:29:05Z
2026-09-03T01:28:24Z,2026-09-03T03:28:24+0200,4585e6bd-9f7f-4070-920d-180f827f83c4,2026-08-27T21:15:00Z,2026-08-27T23:15:00+0200,0.998,MW,DK2,DK_2,actual_solar_generation,Solar,2026-09-03T01:29:05Z
2026-09-03T01:28:24Z,2026-09-03T03:28:24+0200,4585e6bd-9f7f-4070-920d-180f827f83c4,2026-08-27T21:30:00Z,2026-08-27T23:30:00+0200,0.403027,MW,DK2,DK_2,actual_solar_generation,Solar,2026-09-03T01:29:05Z
2026-09-03T01:28:24Z,2026-09-03T03:28:24+0200,4585e6bd-9f7f-4070-920d-180f827f83c4,2026-08-27T21:45:00Z,2026-08-27T23:45:00+0200,0.0,MW,DK2,DK_2,actual_solar_generation,Solar,2026-09-03T01:29:05Z
2026-09-03T01:28:24Z,2026-09-03T03:28:24+0200,4585e6bd-9f7f-4070-920d-180f827f83c4,2026-08-27T22:00:00Z,2026-08-28T00:00:00+0200,0.0,MW,DK2,DK_2,actual_solar_generation,Solar,2026-09-03T01:29:05Z
2026-09-03T01:28:24Z,2026-09-03T03:28:24+0200,4585e6bd-9f7f-4070-920d-180f827f83c4,2026-08-27T22:15:00Z,2026-08-28T00:15:00+0200,0.0,MW,DK2,DK_2,actual_solar_generation,Solar,2026-09-03T01:29:05Z
2026-09-03T01:28:24Z,2026-09-03T03:28:24+0200,4585e6bd-9f7f-4070-920d-180f827f83c4,2026-08-27T22:30:00Z,2026-08-28T00:30:00+0200,0.0,MW,DK2,DK_2,actual_solar_generation,Solar,2026-09-03T01:29:05Z
2026-09-03T01:28:24Z,2026-09-03T03:28:24+0200,4585e6bd-9f7f-4070-920d-180f827f83c4,2026-08-27T22:45:00Z,2026-08-28T00:45:00+0200,0.0,MW,DK2,DK_2,actual_solar_generation,Solar,2026-09-03T01:29:05Z
2026-09-03T01:28:24Z,2026-09-03T03:28:24+0200,4585e6bd-9f7f-4070-920d-180f827f83c4,2026-08-27T23:00:00Z,2026-08-28T01:00:00+0200,0.0,MW,DK2,DK_2,actual_solar_generation,Solar,2026-09-03T01:29:05Z
2026-09-03T01:28:24Z,2026-09-03T03:28:24+0200,4585e6bd-9f7f-4070-920d-180f827f83c4,2026-08-27T23:15:00Z,2026-08-28T01:15:00+0200,0.0,MW,DK2,DK_2,actual_solar_generation,Solar,2026-09-03T01:29:05Z
2026-09-03T01:28:24Z,2026-09-03T03:28:24+0200,4585e6bd-9f7f-4070-920d-180f827f83c4,2026-08-27T23:30:00Z,2026-08-28T01:30:00+0200,4.64557,MW,DK2,DK_2,actual_solar_generation,Solar,2026-09-03T01:29:05Z
2026-09-03T01:28:24Z,2026-09-03T03:28:24+0200,4585e6bd-9f7f-4070-920d-180f827f83c4,2026-08-27T23:45:00Z,2026-08-28T01:45:00+0200,1.18377,MW,DK2,DK_2,actual_solar_generation,Solar,2026-09-03T01:29:05Z
2026-09-03T01:28:24Z,2026-09-03T03:28:24+0200,4585e6bd-9f7f-4070-920d-180f827f83c4,2026-08-28T00:00:00Z,2026-08-28T02:00:00+0200,4.12981,MW,DK2,DK_2,actual_solar_generation,Solar,2026-09-03T01:29:05Z
2026-09-03T01:28:24Z,2026-09-03T03:28:24+0200,4585e6bd-9f7f-4070-920d-180f827f83c4,2026-08-28T00:15:00Z,2026-08-28T02:15:00+0200,1.14898,MW,DK2,DK_2,actual_solar_generation,Solar,2026-09-03T01:29:05Z
2026-09-03T01:28:24Z,2026-09-03T03:28:24+0200,4585e6bd-9f7f-4070-920d-180f827f83c4,2026-08-28T00:30:00Z,2026-08-28T02:30:00+0200,1.01379,MW,DK2,DK_2,actual_solar_generation,Solar,2026-09-03T01:29:05Z
2026-09-03T01:28:24Z,2026-09-03T03:28:24+0200,4585e6bd-9f7f-4070-920d-180f827f83c4,2026-08-28T00:45:00Z,2026-08-28T02:45:00+0200,1.03689,MW,DK2,DK_2,actual_solar_generation,Solar,2026-09-03T01:29:05Z
2026-09-03T01:28:24Z,2026-09-03T03:28:24+0200,4585e6bd-9f7f-4070-920d-180f827f83c4,2026-08-28T01:00:00Z,2026-08-28T03:00:00+0200,1.03013,MW,DK2,DK_2,actual_solar_generation,Solar,2026-09-03T01:29:05Z
2026-09-03T01:28:24Z,2026-09-03T03:28:24+0200,4585e6bd-9f7f-4070-920d-180f827f83c4,2026-08-28T01:15:00Z,2026-08-28T03:15:00+0200,0.509673,MW,DK2,DK_2,actual_solar_generation,Solar,2026-09-03T01:29:05Z
2026-09-03T01:28:24Z,2026-09-03T03:28:24+0200,4585e6bd-9f7f-4070-920d-180f827f83c4,2026-08-28T01:30:00Z,2026-08-28T03:30:00+0200,0.0,MW,DK2,DK_2,actual_solar_generation,Solar,2026-09-03T01:29:05Z
2026-09-03T01:28:24Z,2026-09-03T03:28:24+0200,4585e6bd-9f7f-4070-920d-180f827f83c4,2026-08-28T01:45:00Z,2026-08-28T03:45:00+0200,0.0,MW,DK2,DK_2,actual_solar_generation,Solar,2026-09-03T01:29:05Z
2026-09-03T01:28:24Z,2026-09-03T03:28:24+0200,4585e6bd-9f7f-4070-920d-180f827f83c4,2026-08-28T02:00:00Z,2026-08-28T04:00:00+0200,0.0,MW,DK2,DK_2,actual_solar_generation,Solar,2026-09-03T01:29:05Z
2026-09-03T01:28:24Z,2026-09-03T03:28:24+0200,4585e6bd-9f7f-4070-920d-180f827f83c4,2026-08-28T02:15:00Z,2026-08-28T04:15:00+0200,0.0,MW,DK2,DK_2,actual_solar_generation,Solar,2026-09-03T01:29:05Z
2026-09-03T01:28:24Z,2026-09-03T03:28:24+0200,4585e6bd-9f7f-4070-920d-180f827f83c4,2026-08-28T02:30:00Z,2026-08-28T04:30:00+0200,0.985461,MW,DK2,DK_2,actual_solar_generation,Solar,2026-09-03T01:29:05Z
2026-09-03T01:28:24Z,2026-09-03T03:28:24+0200,4585e6bd-9f7f-4070-920d-180f827f83c4,2026-08-28T02:45:00Z,2026-08-28T04:45:00+0200,0.986633,MW,DK2,DK_2,actual_solar_generation,Solar,2026-09-03T01:29:05Z
2026-09-03T01:28:24Z,2026-09-03T03:28:24+0200,4585e6bd-9f7f-4070-920d-180f827f83c4,2026-08-28T03:00:00Z,2026-08-28T05:00:00+0200,1.06079,MW,DK2,DK_2,actual_solar_generation,Solar,2026-09-03T01:29:05Z
2026-09-03T01:28:24Z,2026-09-03T03:28:24+0200,4585e6bd-9f7f-4070-920d-180f827f83c4,2026-08-28T03:15:00Z,2026-08-28T05:15:00+0200,1.05331,MW,DK2,DK_2,actual_solar_generation,Solar,2026-09-03T01:29:05Z
2026-09-03T01:28:24Z,2026-09-03T03:28:24+0200,4585e6bd-9f7f-4070-920d-180f827f83c4,2026-08-28T03:30:00Z,2026-08-28T05:30:00+0200,0.357692,MW,DK2,DK_2,actual_solar_generation,Solar,2026-09-03T01:29:05Z
2026-09-03T01:28:24Z,2026-09-03T03:28:24+0200,4585e6bd-9f7f-4070-920d-180f827f83c4,2026-08-28T03:45:00Z,2026-08-28T05:45:00+0200,0.0,MW,DK2,DK_2,actual_solar_generation,Solar,2026-09-03T01:29:05Z
2026-09-03T01:28:24Z,2026-09-03T03:28:24+0200,4585e6bd-9f7f-4070-920d-180f827f83c4,2026-08-28T04:00:00Z,2026-08-28T06:00:00+0200,0.019014,MW,DK2,DK_2,actual_solar_generation,Solar,2026-09-03T01:29:05Z
2026-09-03T01:28:24Z,2026-09-03T03:28:24+0200,4585e6bd-9f7f-4070-920d-180f827f83c4,2026-08-28T04:15:00Z,2026-08-28T06:15:00+0200,0.223897,MW,DK2,DK_2,actual_solar_generation,Solar,2026-09-03T01:29:05Z
2026-09-03T01:28:24Z,2026-09-03T03:28:24+0200,4585e6bd-9f7f-4070-920d-180f827f83c4,2026-08-28T04:30:00Z,2026-08-28T06:30:00+0200,2.18294,MW,DK2,DK_2,actual_solar_generation,Solar,2026-09-03T01:29:05Z
2026-09-03T01:28:24Z,2026-09-03T03:28:24+0200,4585e6bd-9f7f-4070-920d-180f827f83c4,2026-08-28T04:45:00Z,2026-08-28T06:45:00+0200,6.77285,MW,DK2,DK_2,actual_solar_generation,Solar,2026-09-03T01:29:05Z
2026-09-03T01:28:24Z,2026-09-03T03:28:24+0200,4585e6bd-9f7f-4070-920d-180f827f83c4,2026-08-28T05:00:00Z,2026-08-28T07:00:00+0200,15.4833,MW,DK2,DK_2,actual_solar_generation,Solar,2026-09-03T01:29:05Z
2026-09-03T01:28:24Z,2026-09-03T03:28:24+0200,4585e6bd-9f7f-4070-920d-180f827f83c4,2026-08-28T05:15:00Z,2026-08-28T07:15:00+0200,23.2732,MW,DK2,DK_2,actual_solar_generation,Solar,2026-09-03T01:29:05Z
2026-09-03T01:28:24Z,2026-09-03T03:28:24+0200,4585e6bd-9f7f-4070-920d-180f827f83c4,2026-08-28T05:30:00Z,2026-08-28T07:30:00+0200,33.5763,MW,DK2,DK_2,actual_solar_generation,Solar,2026-09-03T01:29:05Z
2026-09-03T01:28:24Z,2026-09-03T03:28:24+0200,4585e6bd-9f7f-4070-920d-180f827f83c4,2026-08-28T05:45:00Z,2026-08-28T07:45:00+0200,41.5987,MW,DK2,DK_2,actual_solar_generation,Solar,2026-09-03T01:29:05Z
2026-09-03T01:28:24Z,2026-09-03T03:28:24+0200,4585e6bd-9f7f-4070-920d-180f827f83c4,2026-08-28T06:00:00Z,2026-08-28T08:00:00+0200,48.2786,MW,DK2,DK_2,actual_solar_generation,Solar,2026-09-03T01:29:05Z
2026-09-03T01:28:24Z,2026-09-03T03:28:24+0200,4585e6bd-9f7f-4070-920d-180f827f83c4,2026-08-28T06:15:00Z,2026-08-28T08:15:00+0200,52.8626,MW,DK2,DK_2,actual_solar_generation,Solar,2026-09-03T01:29:05Z
2026-09-03T01:28:24Z,2026-09-03T03:28:24+0200,4585e6bd-9f7f-4070-920d-180f827f83c4,2026-08-28T06:30:00Z,2026-08-28T08:30:00+0200,59.7152,MW,DK2,DK_2,actual_solar_generation,Solar,2026-09-03T01:29:05Z
2026-09-03T01:28:24Z,2026-09-03T03:28:24+0200,4585e6bd-9f7f-4070-920d-180f827f83c4,2026-08-28T06:45:00Z,2026-08-28T08:45:00+0200,65.7473,MW,DK2,DK_2,actual_solar_generation,Solar,2026-09-03T01:29:05Z
2026-09-03T01:28:24Z,2026-09-03T03:28:24+0200,4585e6bd-9f7f-4070-920d-180f827f83c4,2026-08-28T07:00:00Z,2026-08-28T09:00:00+0200,75.64,MW,DK2,DK_2,actual_solar_generation,Solar,2026-09-03T01:29:05Z
2026-09-03T01:28:24Z,2026-09-03T03:28:24+0200,4585e6bd-9f7f-4070-920d-180f827f83c4,2026-08-28T07:15:00Z,2026-08-28T09:15:00+0200,82.2184,MW,DK2,DK_2,actual_solar_generation,Solar,2026-09-03T01:29:05Z
2026-09-03T01:28:24Z,2026-09-03T03:28:24+0200,4585e6bd-9f7f-4070-920d-180f827f83c4,2026-08-28T07:30:00Z,2026-08-28T09:30:00+0200,86.7095,MW,DK2,DK_2,actual_solar_generation,Solar,2026-09-03T01:29:05Z
2026-09-03T01:28:24Z,2026-09-03T03:28:24+0200,4585e6bd-9f7f-4070-920d-180f827f83c4,2026-08-28T07:45:00Z,2026-08-28T09:45:00+0200,88.2165,MW,DK2,DK_2,actual_solar_generation,Solar,2026-09-03T01:29:05Z
2026-09-03T01:28:24Z,2026-09-03T03:28:24+0200,4585e6bd-9f7f-4070-920d-180f827f83c4,2026-08-28T08:00:00Z,2026-08-28T10:00:00+0200,94.5289,MW,DK2,DK_2,actual_solar_generation,Solar,2026-09-03T01:29:05Z
2026-09-03T01:28:24Z,2026-09-03T03:28:24+0200,4585e6bd-9f7f-4070-920d-180f827f83c4,2026-08-28T08:15:00Z,2026-08-28T10:15:00+0200,105.781,MW,DK2,DK_2,actual_solar_generation,Solar,2026-09-03T01:29:05Z
2026-09-03T01:28:24Z,2026-09-03T03:28:24+0200,4585e6bd-9f7f-4070-920d-180f827f83c4,2026-08-28T08:30:00Z,2026-08-28T10:30:00+0200,120.544,MW,DK2,DK_2,actual_solar_generation,Solar,2026-09-03T01:29:05Z
2026-09-03T01:28:24Z,2026-09-03T03:28:24+0200,4585e6bd-9f7f-4070-920d-180f827f83c4,2026-08-28T08:45:00Z,2026-08-28T10:45:00+0200,135.089,MW,DK2,DK_2,actual_solar_generation,Solar,2026-09-03T01:29:05Z
2026-09-03T01:28:24Z,2026-09-03T03:28:24+0200,4585e6bd-9f7f-4070-920d-180f827f83c4,2026-08-28T09:00:00Z,2026-08-28T11:00:00+0200,135.195,MW,DK2,DK_2,actual_solar_generation,Solar,2026-09-03T01:29:05Z
2026-09-03T01:28:24Z,2026-09-03T03:28:24+0200,4585e6bd-9f7f-4070-920d-180f827f83c4,2026-08-28T09:15:00Z,2026-08-28T11:15:00+0200,153.482,MW,DK2,DK_2,actual_solar_generation,Solar,2026-09-03T01:29:05Z
2026-09-03T01:28:24Z,2026-09-03T03:28:24+0200,4585e6bd-9f7f-4070-920d-180f827f83c4,2026-08-28T09:30:00Z,2026-08-28T11:30:00+0200,159.347,MW,DK2,DK_2,actual_solar_generation,Solar,2026-09-03T01:29:05Z
2026-09-03T01:28:24Z,2026-09-03T03:28:24+0200,4585e6bd-9f7f-4070-920d-180f827f83c4,2026-08-28T09:45:00Z,2026-08-28T11:45:00+0200,179.496,MW,DK2,DK_2,actual_solar_generation,Solar,2026-09-03T01:29:05Z
2026-09-03T01:28:24Z,2026-09-03T03:28:24+0200,4585e6bd-9f7f-4070-920d-180f827f83c4,2026-08-28T10:00:00Z,2026-08-28T12:00:00+0200,189.847,MW,DK2,DK_2,actual_solar_generation,Solar,2026-09-03T01:29:05Z
2026-09-03T01:28:24Z,2026-09-03T03:28:24+0200,4585e6bd-9f7f-4070-920d-180f827f83c4,2026-08-28T10:15:00Z,2026-08-28T12:15:00+0200,173.395,MW,DK2,DK_2,actual_solar_generation,Solar,2026-09-03T01:29:05Z
2026-09-03T01:28:24Z,2026-09-03T03:28:24+0200,4585e6bd-9f7f-4070-920d-180f827f83c4,2026-08-28T10:30:00Z,2026-08-28T12:30:00+0200,190.185,MW,DK2,DK_2,actual_solar_generation,Solar,2026-09-03T01:29:05Z
2026-09-03T01:28:24Z,2026-09-03T03:28:24+0200,4585e6bd-9f7f-4070-920d-180f827f83c4,2026-08-28T10:45:00Z,2026-08-28T12:45:00+0200,174.789,MW,DK2,DK_2,actual_solar_generation,Solar,2026-09-03T01:29:05Z
2026-09-03T01:28:24Z,2026-09-03T03:28:24+0200,4585e6bd-9f7f-4070-920d-180f827f83c4,2026-08-28T11:00:00Z,2026-08-28T13:00:00+0200,168.476,MW,DK2,DK_2,actual_solar_generation,Solar,2026-09-03T01:29:05Z
2026-09-03T01:28:24Z,2026-09-03T03:28:24+0200,4585e6bd-9f7f-4070-920d-180f827f83c4,2026-08-28T11:15:00Z,2026-08-28T13:15:00+0200,188.932,MW,DK2,DK_2,actual_solar_generation,Solar,2026-09-03T01:29:05Z
2026-09-03T01:28:24Z,2026-09-03T03:28:24+0200,4585e6bd-9f7f-4070-920d-180f827f83c4,2026-08-28T11:30:00Z,2026-08-28T13:30:00+0200,196.66,MW,DK2,DK_2,actual_solar_generation,Solar,2026-09-03T01:29:05Z
2026-09-03T01:28:24Z,2026-09-03T03:28:24+0200,4585e6bd-9f7f-4070-920d-180f827f83c4,2026-08-28T11:45:00Z,2026-08-28T13:45:00+0200,213.159,MW,DK2,DK_2,actual_solar_generation,Solar,2026-09-03T01:29:05Z
2026-09-03T01:28:24Z,2026-09-03T03:28:24+0200,4585e6bd-9f7f-4070-920d-180f827f83c4,2026-08-28T12:00:00Z,2026-08-28T14:00:00+0200,219.415,MW,DK2,DK_2,actual_solar_generation,Solar,2026-09-03T01:29:05Z
2026-09-03T01:28:24Z,2026-09-03T03:28:24+0200,4585e6bd-9f7f-4070-920d-180f827f83c4,2026-08-28T12:15:00Z,2026-08-28T14:15:00+0200,231.774,MW,DK2,DK_2,actual_solar_generation,Solar,2026-09-03T01:29:05Z
2026-09-03T01:28:24Z,2026-09-03T03:28:24+0200,4585e6bd-9f7f-4070-920d-180f827f83c4,2026-08-28T12:30:00Z,2026-08-28T14:30:00+0200,210.751,MW,DK2,DK_2,actual_solar_generation,Solar,2026-09-03T01:29:05Z
2026-09-03T01:28:24Z,2026-09-03T03:28:24+0200,4585e6bd-9f7f-4070-920d-180f827f83c4,2026-08-28T12:45:00Z,2026-08-28T14:45:00+0200,182.935,MW,DK2,DK_2,actual_solar_generation,Solar,2026-09-03T01:29:05Z
2026-09-03T01:28:24Z,2026-09-03T03:28:24+0200,4585e6bd-9f7f-4070-920d-180f827f83c4,2026-08-28T13:00:00Z,2026-08-28T15:00:00+0200,172.791,MW,DK2,DK_2,actual_solar_generation,Solar,2026-09-03T01:29:05Z
2026-09-03T01:28:24Z,2026-09-03T03:28:24+0200,4585e6bd-9f7f-4070-920d-180f827f83c4,2026-08-28T13:15:00Z,2026-08-28T15:15:00+0200,165.923,MW,DK2,DK_2,actual_solar_generation,Solar,2026-09-03T01:29:05Z
2026-09-03T01:28:24Z,2026-09-03T03:28:24+0200,4585e6bd-9f7f-4070-920d-180f827f83c4,2026-08-28T13:30:00Z,2026-08-28T15:30:00+0200,167.41,MW,DK2,DK_2,actual_solar_generation,Solar,2026-09-03T01:29:05Z
2026-09-03T01:28:24Z,2026-09-03T03:28:24+0200,4585e6bd-9f7f-4070-920d-180f827f83c4,2026-08-28T13:45:00Z,2026-08-28T15:45:00+0200,195.67,MW,DK2,DK_2,actual_solar_generation,Solar,2026-09-03T01:29:05Z
2026-09-03T01:28:24Z,2026-09-03T03:28:24+0200,4585e6bd-9f7f-4070-920d-180f827f83c4,2026-08-28T14:00:00Z,2026-08-28T16:00:00+0200,189.802,MW,DK2,DK_2,actual_solar_generation,Solar,2026-09-03T01:29:05Z
2026-09-03T01:28:24Z,2026-09-03T03:28:24+0200,4585e6bd-9f7f-4070-920d-180f827f83c4,2026-08-28T14:15:00Z,2026-08-28T16:15:00+0200,231.803,MW,DK2,DK_2,actual_solar_generation,Solar,2026-09-03T01:29:05Z
2026-09-03T01:28:24Z,2026-09-03T03:28:24+0200,4585e6bd-9f7f-4070-920d-180f827f83c4,2026-08-28T14:30:00Z,2026-08-28T16:30:00+0200,228.069,MW,DK2,DK_2,actual_solar_generation,Solar,2026-09-03T01:29:05Z
2026-09-03T01:28:24Z,2026-09-03T03:28:24+0200,4585e6bd-9f7f-4070-920d-180f827f83c4,2026-08-28T14:45:00Z,2026-08-28T16:45:00+0200,187.055,MW,DK2,DK_2,actual_solar_generation,Solar,2026-09-03T01:29:05Z
2026-09-03T01:28:24Z,2026-09-03T03:28:24+0200,4585e6bd-9f7f-4070-920d-180f827f83c4,2026-08-28T15:00:00Z,2026-08-28T17:00:00+0200,157.776,MW,DK2,DK_2,actual_solar_generation,Solar,2026-09-03T01:29:05Z
2026-09-03T01:28:24Z,2026-09-03T03:28:24+0200,4585e6bd-9f7f-4070-920d-180f827f83c4,2026-08-28T15:15:00Z,2026-08-28T17:15:00+0200,122.585,MW,DK2,DK_2,actual_solar_generation,Solar,2026-09-03T01:29:05Z
2026-09-03T01:28:24Z,2026-09-03T03:28:24+0200,4585e6bd-9f7f-4070-920d-180f827f83c4,2026-08-28T15:30:00Z,2026-08-28T17:30:00+0200,129.473,MW,DK2,DK_2,actual_solar_generation,Solar,2026-09-03T01:29:05Z
2026-09-03T01:28:24Z,2026-09-03T03:28:24+0200,4585e6bd-9f7f-4070-920d-180f827f83c4,2026-08-28T15:45:00Z,2026-08-28T17:45:00+0200,149.605,MW,DK2,DK_2,actual_solar_generation,Solar,2026-09-03T01:29:05Z
2026-09-03T01:28:24Z,2026-09-03T03:28:24+0200,4585e6bd-9f7f-4070-920d-180f827f83c4,2026-08-28T16:00:00Z,2026-08-28T18:00:00+0200,135.912,MW,DK2,DK_2,actual_solar_generation,Solar,2026-09-03T01:29:05Z
2026-09-03T01:28:24Z,2026-09-03T03:28:24+0200,4585e6bd-9f7f-4070-920d-180f827f83c4,2026-08-28T16:15:00Z,2026-08-28T18:15:00+0200,132.253,MW,DK2,DK_2,actual_solar_generation,Solar,2026-09-03T01:29:05Z
2026-09-03T01:28:24Z,2026-09-03T03:28:24+0200,4585e6bd-9f7f-4070-920d-180f827f83c4,2026-08-28T16:30:00Z,2026-08-28T18:30:00+0200,98.3981,MW,DK2,DK_2,actual_solar_generation,Solar,2026-09-03T01:29:05Z
2026-09-03T01:28:24Z,2026-09-03T03:28:24+0200,4585e6bd-9f7f-4070-920d-180f827f83c4,2026-08-28T16:45:00Z,2026-08-28T18:45:00+0200,65.5308,MW,DK2,DK_2,actual_solar_generation,Solar,2026-09-03T01:29:05Z
2026-09-03T01:28:24Z,2026-09-03T03:28:24+0200,4585e6bd-9f7f-4070-920d-180f827f83c4,2026-08-28T17:00:00Z,2026-08-28T19:00:00+0200,41.5017,MW,DK2,DK_2,actual_solar_generation,Solar,2026-09-03T01:29:05Z
2026-09-03T01:28:24Z,2026-09-03T03:28:24+0200,4585e6bd-9f7f-4070-920d-180f827f83c4,2026-08-28T17:15:00Z,2026-08-28T19:15:00+0200,23.0912,MW,DK2,DK_2,actual_solar_generation,Solar,2026-09-03T01:29:05Z
2026-09-03T01:28:24Z,2026-09-03T03:28:24+0200,4585e6bd-9f7f-4070-920d-180f827f83c4,2026-08-28T17:30:00Z,2026-08-28T19:30:00+0200,7.6252,MW,DK2,DK_2,actual_solar_generation,Solar,2026-09-03T01:29:05Z
2026-09-03T01:28:24Z,2026-09-03T03:28:24+0200,4585e6bd-9f7f-4070-920d-180f827f83c4,2026-08-28T17:45:00Z,2026-08-28T19:45:00+0200,1.3729,MW,DK2,DK_2,actual_solar_generation,Solar,2026-09-03T01:29:05Z
2026-09-03T01:28:24Z,2026-09-03T03:28:24+0200,4585e6bd-9f7f-4070-920d-180f827f83c4,2026-08-28T18:00:00Z,2026-08-28T20:00:00+0200,0.0,MW,DK2,DK_2,actual_solar_generation,Solar,2026-09-03T01:29:05Z
2026-09-03T01:28:24Z,2026-09-03T03:28:24+0200,4585e6bd-9f7f-4070-920d-180f827f83c4,2026-08-28T18:15:00Z,2026-08-28T20:15:00+0200,0.0,MW,DK2,DK_2,actual_solar_generation,Solar,2026-09-03T01:29:05Z
2026-09-03T01:28:24Z,2026-09-03T03:28:24+0200,4585e6bd-9f7f-4070-920d-180f827f83c4,2026-08-28T18:30:00Z,2026-08-28T20:30:00+0200,3.43754,MW,DK2,DK_2,actual_solar_generation,Solar,2026-09-03T01:29:05Z
2026-09-03T01:28:24Z,2026-09-03T03:28:24+0200,4585e6bd-9f7f-4070-920d-180f827f83c4,2026-08-28T18:45:00Z,2026-08-28T20:45:00+0200,3.47803,MW,DK2,DK_2,actual_solar_generation,Solar,2026-09-03T01:29:05Z
2026-09-03T01:28:24Z,2026-09-03T03:28:24+0200,4585e6bd-9f7f-4070-920d-180f827f83c4,2026-08-28T19:00:00Z,2026-08-28T21:00:00+0200,3.49439,MW,DK2,DK_2,actual_solar_generation,Solar,2026-09-03T01:29:05Z
2026-09-03T01:28:24Z,2026-09-03T03:28:24+0200,4585e6bd-9f7f-4070-920d-180f827f83c4,2026-08-28T19:15:00Z,2026-08-28T21:15:00+0200,2.22743,MW,DK2,DK_2,actual_solar_generation,Solar,2026-09-03T01:29:05Z
2026-09-03T01:28:24Z,2026-09-03T03:28:24+0200,4585e6bd-9f7f-4070-920d-180f827f83c4,2026-08-28T19:30:00Z,2026-08-28T21:30:00+0200,0.0,MW,DK2,DK_2,actual_solar_generation,Solar,2026-09-03T01:29:05Z
2026-09-03T01:28:24Z,2026-09-03T03:28:24+0200,4585e6bd-9f7f-4070-920d-180f827f83c4,2026-08-28T19:45:00Z,2026-08-28T21:45:00+0200,0.0,MW,DK2,DK_2,actual_solar_generation,Solar,2026-09-03T01:29:05Z
2026-09-03T01:28:24Z,2026-09-03T03:28:24+0200,4585e6bd-9f7f-4070-920d-180f827f83c4,2026-08-28T20:00:00Z,2026-08-28T22:00:00+0200,0.0,MW,DK2,DK_2,actual_solar_generation,Solar,2026-09-03T01:29:05Z
2026-09-03T01:28:24Z,2026-09-03T03:28:24+0200,4585e6bd-9f7f-4070-920d-180f827f83c4,2026-08-28T20:15:00Z,2026-08-28T22:15:00+0200,0.0,MW,DK2,DK_2,actual_solar_generation,Solar,2026-09-03T01:29:05Z
2026-09-03T01:28:24Z,2026-09-03T03:28:24+0200,4585e6bd-9f7f-4070-920d-180f827f83c4,2026-08-28T20:30:00Z,2026-08-28T22:30:00+0200,0.0,MW,DK2,DK_2,actual_solar_generation,Solar,2026-09-03T01:29:05Z
2026-09-03T01:28:24Z,2026-09-03T03:28:24+0200,4585e6bd-9f7f-4070-920d-180f827f83c4,2026-08-28T20:45:00Z,2026-08-28T22:45:00+0200,0.0,MW,DK2,DK_2,actual_solar_generation,Solar,2026-09-03T01:29:05Z
2026-09-03T01:28:24Z,2026-09-03T03:28:24+0200,4585e6bd-9f7f-4070-920d-180f827f83c4,2026-08-28T21:00:00Z,2026-08-28T23:00:00+0200,3.05479,MW,DK2,DK_2,actual_solar_generation,Solar,2026-09-03T01:29:05Z
2026-09-03T01:28:24Z,2026-09-03T03:28:24+0200,4585e6bd-9f7f-4070-920d-180f827f83c4,2026-08-28T21:15:00Z,2026-08-28T23:15:00+0200,0.525936,MW,DK2,DK_2,actual_solar_generation,Solar,2026-09-03T01:29:05Z
2026-09-03T01:28:24Z,2026-09-03T03:28:24+0200,4585e6bd-9f7f-4070-920d-180f827f83c4,2026-08-28T21:30:00Z,2026-08-28T23:30:00+0200,0.0,MW,DK2,DK_2,actual_solar_generation,Solar,2026-09-03T01:29:05Z
2026-09-03T01:28:24Z,2026-09-03T03:28:24+0200,4585e6bd-9f7f-4070-920d-180f827f83c4,2026-08-28T21:45:00Z,2026-08-28T23:45:00+0200,0.0,MW,DK2,DK_2,actual_solar_generation,Solar,2026-09-03T01:29:05Z
2026-09-03T01:28:24Z,2026-09-03T03:28:24+0200,4585e6bd-9f7f-4070-920d-180f827f83c4,2026-08-28T22:00:00Z,2026-08-29T00:00:00+0200,0.0,MW,DK2,DK_2,actual_solar_generation,Solar,2026-09-03T01:29:05Z
2026-09-03T01:28:24Z,2026-09-03T03:28:24+0200,4585e6bd-9f7f-4070-920d-180f827f83c4,2026-08-28T22:15:00Z,2026-08-29T00:15:00+0200,0.0,MW,DK2,DK_2,actual_solar_generation,Solar,2026-09-03T01:29:05Z
2026-09-03T01:28:24Z,2026-09-03T03:28:24+0200,4585e6bd-9f7f-4070-920d-180f827f83c4,2026-08-28T22:30:00Z,2026-08-29T00:30:00+0200,0.0,MW,DK2,DK_2,actual_solar_generation,Solar,2026-09-03T01:29:05Z
2026-09-03T01:28:24Z,2026-09-03T03:28:24+0200,4585e6bd-9f7f-4070-920d-180f827f83c4,2026-08-28T22:45:00Z,2026-08-29T00:45:00+0200,0.927568,MW,DK2,DK_2,actual_solar_generation,Solar,2026-09-03T01:29:05Z
2026-09-03T01:28:24Z,2026-09-03T03:28:24+0200,4585e6bd-9f7f-4070-920d-180f827f83c4,2026-08-28T23:00:00Z,2026-08-29T01:00:00+0200,0.366992,MW,DK2,DK_2,actual_solar_generation,Solar,2026-09-03T01:29:05Z
2026-09-03T01:28:24Z,2026-09-03T03:28:24+0200,4585e6bd-9f7f-4070-920d-180f827f83c4,2026-08-28T23:15:00Z,2026-08-29T01:15:00+0200,0.0,MW,DK2,DK_2,actual_solar_generation,Solar,2026-09-03T01:29:05Z
2026-09-03T01:28:24Z,2026-09-03T03:28:24+0200,4585e6bd-9f7f-4070-920d-180f827f83c4,2026-08-28T23:30:00Z,2026-08-29T01:30:00+0200,0.0,MW,DK2,DK_2,actual_solar_generation,Solar,2026-09-03T01:29:05Z
2026-09-03T01:28:24Z,2026-09-03T03:28:24+0200,4585e6bd-9f7f-4070-920d-180f827f83c4,2026-08-28T23:45:00Z,2026-08-29T01:45:00+0200,0.0,MW,DK2,DK_2,actual_solar_generation,Solar,2026-09-03T01:29:05Z
2026-09-03T01:28:24Z,2026-09-03T03:28:24+0200,4585e6bd-9f7f-4070-920d-180f827f83c4,2026-08-29T00:00:00Z,2026-08-29T02:00:00+0200,0.0,MW,DK2,DK_2,actual_solar_generation,Solar,2026-09-03T01:29:05Z
2026-09-03T01:28:24Z,2026-09-03T03:28:24+0200,4585e6bd-9f7f-4070-920d-180f827f83c4,2026-08-29T00:15:00Z,2026-08-29T02:15:00+0200,0.0,MW,DK2,DK_2,actual_solar_generation,Solar,2026-09-03T01:29:05Z
2026-09-03T01:28:24Z,2026-09-03T03:28:24+0200,4585e6bd-9f7f-4070-920d-180f827f83c4,2026-08-29T00:30:00Z,2026-08-29T02:30:00+0200,0.0,MW,DK2,DK_2,actual_solar_generation,Solar,2026-09-03T01:29:05Z
2026-09-03T01:28:24Z,2026-09-03T03:28:24+0200,4585e6bd-9f7f-4070-920d-180f827f83c4,2026-08-29T00:45:00Z,2026-08-29T02:45:00+0200,0.0,MW,DK2,DK_2,actual_solar_generation,Solar,2026-09-03T01:29:05Z
2026-09-03T01:28:24Z,2026-09-03T03:28:24+0200,4585e6bd-9f7f-4070-920d-180f827f83c4,2026-08-29T01:00:00Z,2026-08-29T03:00:00+0200,0.0,MW,DK2,DK_2,actual_solar_generation,Solar,2026-09-03T01:29:05Z
2026-09-03T01:28:24Z,2026-09-03T03:28:24+0200,4585e6bd-9f7f-4070-920d-180f827f83c4,2026-08-29T01:15:00Z,2026-08-29T03:15:00+0200,0.0,MW,DK2,DK_2,actual_solar_generation,Solar,2026-09-03T01:29:05Z
2026-09-03T01:28:24Z,2026-09-03T03:28:24+0200,4585e6bd-9f7f-4070-920d-180f827f83c4,2026-08-29T01:30:00Z,2026-08-29T03:30:00+0200,0.0,MW,DK2,DK_2,actual_solar_generation,Solar,2026-09-03T01:29:05Z
2026-09-03T01:28:24Z,2026-09-03T03:28:24+0200,4585e6bd-9f7f-4070-920d-180f827f83c4,2026-08-29T01:45:00Z,2026-08-29T03:45:00+0200,0.0,MW,DK2,DK_2,actual_solar_generation,Solar,2026-09-03T01:29:05Z
2026-09-03T01:28:24Z,2026-09-03T03:28:24+0200,4585e6bd-9f7f-4070-920d-180f827f83c4,2026-08-29T02:00:00Z,2026-08-29T04:00:00+0200,0.0,MW,DK2,DK_2,actual_solar_generation,Solar,2026-09-03T01:29:05Z
2026-09-03T01:28:24Z,2026-09-03T03:28:24+0200,4585e6bd-9f7f-4070-920d-180f827f83c4,2026-08-29T02:15:00Z,2026-08-29T04:15:00+0200,0.0,MW,DK2,DK_2,actual_solar_generation,Solar,2026-09-03T01:29:05Z
2026-09-03T01:28:24Z,2026-09-03T03:28:24+0200,4585e6bd-9f7f-4070-920d-180f827f83c4,2026-08-29T02:30:00Z,2026-08-29T04:30:00+0200,0.0,MW,DK2,DK_2,actual_solar_generation,Solar,2026-09-03T01:29:05Z
2026-09-03T01:28:24Z,2026-09-03T03:28:24+0200,4585e6bd-9f7f-4070-920d-180f827f83c4,2026-08-29T02:45:00Z,2026-08-29T04:45:00+0200,0.0,MW,DK2,DK_2,actual_solar_generation,Solar,2026-09-03T01:29:05Z
2026-09-03T01:28:24Z,2026-09-03T03:28:24+0200,4585e6bd-9f7f-4070-920d-180f827f83c4,2026-08-29T03:00:00Z,2026-08-29T05:00:00+0200,0.0,MW,DK2,DK_2,actual_solar_generation,Solar,2026-09-03T01:29:05Z
2026-09-03T01:28:24Z,2026-09-03T03:28:24+0200,4585e6bd-9f7f-4070-920d-180f827f83c4,2026-08-29T03:15:00Z,2026-08-29T05:15:00+0200,0.0,MW,DK2,DK_2,actual_solar_generation,Solar,2026-09-03T01:29:05Z
2026-09-03T01:28:24Z,2026-09-03T03:28:24+0200,4585e6bd-9f7f-4070-920d-180f827f83c4,2026-08-29T03:30:00Z,2026-08-29T05:30:00+0200,0.0,MW,DK2,DK_2,actual_solar_generation,Solar,2026-09-03T01:29:05Z
2026-09-03T01:28:24Z,2026-09-03T03:28:24+0200,4585e6bd-9f7f-4070-920d-180f827f83c4,2026-08-29T03:45:00Z,2026-08-29T05:45:00+0200,0.0,MW,DK2,DK_2,actual_solar_generation,Solar,2026-09-03T01:29:05Z
2026-09-03T01:28:24Z,2026-09-03T03:28:24+0200,4585e6bd-9f7f-4070-920d-180f827f83c4,2026-08-29T04:00:00Z,2026-08-29T06:00:00+0200,0.0,MW,DK2,DK_2,actual_solar_generation,Solar,2026-09-03T01:29:05Z
2026-09-03T01:28:24Z,2026-09-03T03:28:24+0200,4585e6bd-9f7f-4070-920d-180f827f83c4,2026-08-29T04:15:00Z,2026-08-29T06:15:00+0200,0.98606,MW,DK2,DK_2,actual_solar_generation,Solar,2026-09-03T01:29:05Z
2026-09-03T01:28:24Z,2026-09-03T03:28:24+0200,4585e6bd-9f7f-4070-920d-180f827f83c4,2026-08-29T04:30:00Z,2026-08-29T06:30:00+0200,6.4604,MW,DK2,DK_2,actual_solar_generation,Solar,2026-09-03T01:29:05Z
2026-09-03T01:28:24Z,2026-09-03T03:28:24+0200,4585e6bd-9f7f-4070-920d-180f827f83c4,2026-08-29T04:45:00Z,2026-08-29T06:45:00+0200,14.9973,MW,DK2,DK_2,actual_solar_generation,Solar,2026-09-03T01:29:05Z
2026-09-03T01:28:24Z,2026-09-03T03:28:24+0200,4585e6bd-9f7f-4070-920d-180f827f83c4,2026-08-29T05:00:00Z,2026-08-29T07:00:00+0200,28.634,MW,DK2,DK_2,actual_solar_generation,Solar,2026-09-03T01:29:05Z
2026-09-03T01:28:24Z,2026-09-03T03:28:24+0200,4585e6bd-9f7f-4070-920d-180f827f83c4,2026-08-29T05:15:00Z,2026-08-29T07:15:00+0200,44.0177,MW,DK2,DK_2,actual_solar_generation,Solar,2026-09-03T01:29:05Z
2026-09-03T01:28:24Z,2026-09-03T03:28:24+0200,4585e6bd-9f7f-4070-920d-180f827f83c4,2026-08-29T05:30:00Z,2026-08-29T07:30:00+0200,54.7734,MW,DK2,DK_2,actual_solar_generation,Solar,2026-09-03T01:29:05Z
2026-09-03T01:28:24Z,2026-09-03T03:28:24+0200,4585e6bd-9f7f-4070-920d-180f827f83c4,2026-08-29T05:45:00Z,2026-08-29T07:45:00+0200,80.0558,MW,DK2,DK_2,actual_solar_generation,Solar,2026-09-03T01:29:05Z
2026-09-03T01:28:24Z,2026-09-03T03:28:24+0200,4585e6bd-9f7f-4070-920d-180f827f83c4,2026-08-29T06:00:00Z,2026-08-29T08:00:00+0200,89.0257,MW,DK2,DK_2,actual_solar_generation,Solar,2026-09-03T01:29:05Z
2026-09-03T01:28:24Z,2026-09-03T03:28:24+0200,4585e6bd-9f7f-4070-920d-180f827f83c4,2026-08-29T06:15:00Z,2026-08-29T08:15:00+0200,102.519,MW,DK2,DK_2,actual_solar_generation,Solar,2026-09-03T01:29:05Z
2026-09-03T01:28:24Z,2026-09-03T03:28:24+0200,4585e6bd-9f7f-4070-920d-180f827f83c4,2026-08-29T06:30:00Z,2026-08-29T08:30:00+0200,104.078,MW,DK2,DK_2,actual_solar_generation,Solar,2026-09-03T01:29:05Z
2026-09-03T01:28:24Z,2026-09-03T03:28:24+0200,4585e6bd-9f7f-4070-920d-180f827f83c4,2026-08-29T06:45:00Z,2026-08-29T08:45:00+0200,96.2111,MW,DK2,DK_2,actual_solar_generation,Solar,2026-09-03T01:29:05Z
2026-09-03T01:28:24Z,2026-09-03T03:28:24+0200,4585e6bd-9f7f-4070-920d-180f827f83c4,2026-08-29T07:00:00Z,2026-08-29T09:00:00+0200,97.6547,MW,DK2,DK_2,actual_solar_generation,Solar,2026-09-03T01:29:05Z
2026-09-03T01:28:24Z,2026-09-03T03:28:24+0200,4585e6bd-9f7f-4070-920d-180f827f83c4,2026-08-29T07:15:00Z,2026-08-29T09:15:00+0200,105.198,MW,DK2,DK_2,actual_solar_generation,Solar,2026-09-03T01:29:05Z
2026-09-03T01:28:24Z,2026-09-03T03:28:24+0200,4585e6bd-9f7f-4070-920d-180f827f83c4,2026-08-29T07:30:00Z,2026-08-29T09:30:00+0200,137.299,MW,DK2,DK_2,actual_solar_generation,Solar,2026-09-03T01:29:05Z
2026-09-03T01:28:24Z,2026-09-03T03:28:24+0200,4585e6bd-9f7f-4070-920d-180f827f83c4,2026-08-29T07:45:00Z,2026-08-29T09:45:00+0200,151.493,MW,DK2,DK_2,actual_solar_generation,Solar,2026-09-03T01:29:05Z
2026-09-03T01:28:24Z,2026-09-03T03:28:24+0200,4585e6bd-9f7f-4070-920d-180f827f83c4,2026-08-29T08:00:00Z,2026-08-29T10:00:00+0200,168.763,MW,DK2,DK_2,actual_solar_generation,Solar,2026-09-03T01:29:05Z
2026-09-03T01:28:24Z,2026-09-03T03:28:24+0200,4585e6bd-9f7f-4070-920d-180f827f83c4,2026-08-29T08:15:00Z,2026-08-29T10:15:00+0200,246.487,MW,DK2,DK_2,actual_solar_generation,Solar,2026-09-03T01:29:05Z
2026-09-03T01:28:24Z,2026-09-03T03:28:24+0200,4585e6bd-9f7f-4070-920d-180f827f83c4,2026-08-29T08:30:00Z,2026-08-29T10:30:00+0200,272.481,MW,DK2,DK_2,actual_solar_generation,Solar,2026-09-03T01:29:05Z
2026-09-03T01:28:24Z,2026-09-03T03:28:24+0200,4585e6bd-9f7f-4070-920d-180f827f83c4,2026-08-29T08:45:00Z,2026-08-29T10:45:00+0200,260.826,MW,DK2,DK_2,actual_solar_generation,Solar,2026-09-03T01:29:05Z
2026-09-03T01:28:24Z,2026-09-03T03:28:24+0200,4585e6bd-9f7f-4070-920d-180f827f83c4,2026-08-29T09:00:00Z,2026-08-29T11:00:00+0200,327.642,MW,DK2,DK_2,actual_solar_generation,Solar,2026-09-03T01:29:05Z
2026-09-03T01:28:24Z,2026-09-03T03:28:24+0200,4585e6bd-9f7f-4070-920d-180f827f83c4,2026-08-29T09:15:00Z,2026-08-29T11:15:00+0200,325.091,MW,DK2,DK_2,actual_solar_generation,Solar,2026-09-03T01:29:05Z
2026-09-03T01:28:24Z,2026-09-03T03:28:24+0200,4585e6bd-9f7f-4070-920d-180f827f83c4,2026-08-29T09:30:00Z,2026-08-29T11:30:00+0200,339.697,MW,DK2,DK_2,actual_solar_generation,Solar,2026-09-03T01:29:05Z
2026-09-03T01:28:24Z,2026-09-03T03:28:24+0200,4585e6bd-9f7f-4070-920d-180f827f83c4,2026-08-29T09:45:00Z,2026-08-29T11:45:00+0200,287.41,MW,DK2,DK_2,actual_solar_generation,Solar,2026-09-03T01:29:05Z
2026-09-03T01:28:24Z,2026-09-03T03:28:24+0200,4585e6bd-9f7f-4070-920d-180f827f83c4,2026-08-29T10:00:00Z,2026-08-29T12:00:00+0200,238.213,MW,DK2,DK_2,actual_solar_generation,Solar,2026-09-03T01:29:05Z
2026-09-03T01:28:24Z,2026-09-03T03:28:24+0200,4585e6bd-9f7f-4070-920d-180f827f83c4,2026-08-29T10:15:00Z,2026-08-29T12:15:00+0200,248.886,MW,DK2,DK_2,actual_solar_generation,Solar,2026-09-03T01:29:05Z
2026-09-03T01:28:24Z,2026-09-03T03:28:24+0200,4585e6bd-9f7f-4070-920d-180f827f83c4,2026-08-29T10:30:00Z,2026-08-29T12:30:00+0200,264.486,MW,DK2,DK_2,actual_solar_generation,Solar,2026-09-03T01:29:05Z
2026-09-03T01:28:24Z,2026-09-03T03:28:24+0200,4585e6bd-9f7f-4070-920d-180f827f83c4,2026-08-29T10:45:00Z,2026-08-29T12:45:00+0200,224.961,MW,DK2,DK_2,actual_solar_generation,Solar,2026-09-03T01:29:05Z
2026-09-03T01:28:24Z,2026-09-03T03:28:24+0200,4585e6bd-9f7f-4070-920d-180f827f83c4,2026-08-29T11:00:00Z,2026-08-29T13:00:00+0200,208.748,MW,DK2,DK_2,actual_solar_generation,Solar,2026-09-03T01:29:05Z
2026-09-03T01:28:24Z,2026-09-03T03:28:24+0200,4585e6bd-9f7f-4070-920d-180f827f83c4,2026-08-29T11:15:00Z,2026-08-29T13:15:00+0200,194.965,MW,DK2,DK_2,actual_solar_generation,Solar,2026-09-03T01:29:05Z
2026-09-03T01:28:24Z,2026-09-03T03:28:24+0200,4585e6bd-9f7f-4070-920d-180f827f83c4,2026-08-29T11:30:00Z,2026-08-29T13:30:00+0200,217.723,MW,DK2,DK_2,actual_solar_generation,Solar,2026-09-03T01:29:05Z
2026-09-03T01:28:24Z,2026-09-03T03:28:24+0200,4585e6bd-9f7f-4070-920d-180f827f83c4,2026-08-29T11:45:00Z,2026-08-29T13:45:00+0200,197.448,MW,DK2,DK_2,actual_solar_generation,Solar,2026-09-03T01:29:05Z
2026-09-03T01:28:24Z,2026-09-03T03:28:24+0200,4585e6bd-9f7f-4070-920d-180f827f83c4,2026-08-29T12:00:00Z,2026-08-29T14:00:00+0200,279.954,MW,DK2,DK_2,actual_solar_generation,Solar,2026-09-03T01:29:05Z
2026-09-03T01:28:24Z,2026-09-03T03:28:24+0200,4585e6bd-9f7f-4070-920d-180f827f83c4,2026-08-29T12:15:00Z,2026-08-29T14:15:00+0200,337.092,MW,DK2,DK_2,actual_solar_generation,Solar,2026-09-03T01:29:05Z
2026-09-03T01:28:24Z,2026-09-03T03:28:24+0200,4585e6bd-9f7f-4070-920d-180f827f83c4,2026-08-29T12:30:00Z,2026-08-29T14:30:00+0200,386.633,MW,DK2,DK_2,actual_solar_generation,Solar,2026-09-03T01:29:05Z
2026-09-03T01:28:24Z,2026-09-03T03:28:24+0200,4585e6bd-9f7f-4070-920d-180f827f83c4,2026-08-29T12:45:00Z,2026-08-29T14:45:00+0200,414.381,MW,DK2,DK_2,actual_solar_generation,Solar,2026-09-03T01:29:05Z
2026-09-03T01:28:24Z,2026-09-03T03:28:24+0200,4585e6bd-9f7f-4070-920d-180f827f83c4,2026-08-29T13:00:00Z,2026-08-29T15:00:00+0200,443.518,MW,DK2,DK_2,actual_solar_generation,Solar,2026-09-03T01:29:05Z
2026-09-03T01:28:24Z,2026-09-03T03:28:24+0200,4585e6bd-9f7f-4070-920d-180f827f83c4,2026-08-29T13:15:00Z,2026-08-29T15:15:00+0200,470.549,MW,DK2,DK_2,actual_solar_generation,Solar,2026-09-03T01:29:05Z
2026-09-03T01:28:24Z,2026-09-03T03:28:24+0200,4585e6bd-9f7f-4070-920d-180f827f83c4,2026-08-29T13:30:00Z,2026-08-29T15:30:00+0200,435.491,MW,DK2,DK_2,actual_solar_generation,Solar,2026-09-03T01:29:05Z
2026-09-03T01:28:24Z,2026-09-03T03:28:24+0200,4585e6bd-9f7f-4070-920d-180f827f83c4,2026-08-29T13:45:00Z,2026-08-29T15:45:00+0200,520.449,MW,DK2,DK_2,actual_solar_generation,Solar,2026-09-03T01:29:05Z
2026-09-03T01:28:24Z,2026-09-03T03:28:24+0200,4585e6bd-9f7f-4070-920d-180f827f83c4,2026-08-29T14:00:00Z,2026-08-29T16:00:00+0200,509.163,MW,DK2,DK_2,actual_solar_generation,Solar,2026-09-03T01:29:05Z
2026-09-03T01:28:24Z,2026-09-03T03:28:24+0200,4585e6bd-9f7f-4070-920d-180f827f83c4,2026-08-29T14:15:00Z,2026-08-29T16:15:00+0200,459.185,MW,DK2,DK_2,actual_solar_generation,Solar,2026-09-03T01:29:05Z
2026-09-03T01:28:24Z,2026-09-03T03:28:24+0200,4585e6bd-9f7f-4070-920d-180f827f83c4,2026-08-29T14:30:00Z,2026-08-29T16:30:00+0200,411.128,MW,DK2,DK_2,actual_solar_generation,Solar,2026-09-03T01:29:05Z
2026-09-03T01:28:24Z,2026-09-03T03:28:24+0200,4585e6bd-9f7f-4070-920d-180f827f83c4,2026-08-29T14:45:00Z,2026-08-29T16:45:00+0200,474.671,MW,DK2,DK_2,actual_solar_generation,Solar,2026-09-03T01:29:05Z
2026-09-03T01:28:24Z,2026-09-03T03:28:24+0200,4585e6bd-9f7f-4070-920d-180f827f83c4,2026-08-29T15:00:00Z,2026-08-29T17:00:00+0200,428.228,MW,DK2,DK_2,actual_solar_generation,Solar,2026-09-03T01:29:05Z
2026-09-03T01:28:24Z,2026-09-03T03:28:24+0200,4585e6bd-9f7f-4070-920d-180f827f83c4,2026-08-29T15:15:00Z,2026-08-29T17:15:00+0200,394.635,MW,DK2,DK_2,actual_solar_generation,Solar,2026-09-03T01:29:05Z
2026-09-03T01:28:24Z,2026-09-03T03:28:24+0200,4585e6bd-9f7f-4070-920d-180f827f83c4,2026-08-29T15:30:00Z,2026-08-29T17:30:00+0200,304.178,MW,DK2,DK_2,actual_solar_generation,Solar,2026-09-03T01:29:05Z
2026-09-03T01:28:24Z,2026-09-03T03:28:24+0200,4585e6bd-9f7f-4070-920d-180f827f83c4,2026-08-29T15:45:00Z,2026-08-29T17:45:00+0200,259.709,MW,DK2,DK_2,actual_solar_generation,Solar,2026-09-03T01:29:05Z
2026-09-03T01:28:24Z,2026-09-03T03:28:24+0200,4585e6bd-9f7f-4070-920d-180f827f83c4,2026-08-29T16:00:00Z,2026-08-29T18:00:00+0200,235.77,MW,DK2,DK_2,actual_solar_generation,Solar,2026-09-03T01:29:05Z
2026-09-03T01:28:24Z,2026-09-03T03:28:24+0200,4585e6bd-9f7f-4070-920d-180f827f83c4,2026-08-29T16:15:00Z,2026-08-29T18:15:00+0200,191.99,MW,DK2,DK_2,actual_solar_generation,Solar,2026-09-03T01:29:05Z
2026-09-03T01:28:24Z,2026-09-03T03:28:24+0200,4585e6bd-9f7f-4070-920d-180f827f83c4,2026-08-29T16:30:00Z,2026-08-29T18:30:00+0200,147.177,MW,DK2,DK_2,actual_solar_generation,Solar,2026-09-03T01:29:05Z
2026-09-03T01:28:24Z,2026-09-03T03:28:24+0200,4585e6bd-9f7f-4070-920d-180f827f83c4,2026-08-29T16:45:00Z,2026-08-29T18:45:00+0200,99.5854,MW,DK2,DK_2,actual_solar_generation,Solar,2026-09-03T01:29:05Z
2026-09-03T01:28:24Z,2026-09-03T03:28:24+0200,4585e6bd-9f7f-4070-920d-180f827f83c4,2026-08-29T17:00:00Z,2026-08-29T19:00:00+0200,77.5812,MW,DK2,DK_2,actual_solar_generation,Solar,2026-09-03T01:29:05Z
2026-09-03T01:28:24Z,2026-09-03T03:28:24+0200,4585e6bd-9f7f-4070-920d-180f827f83c4,2026-08-29T17:15:00Z,2026-08-29T19:15:00+0200,45.6729,MW,DK2,DK_2,actual_solar_generation,Solar,2026-09-03T01:29:05Z
2026-09-03T01:28:24Z,2026-09-03T03:28:24+0200,4585e6bd-9f7f-4070-920d-180f827f83c4,2026-08-29T17:30:00Z,2026-08-29T19:30:00+0200,20.7342,MW,DK2,DK_2,actual_solar_generation,Solar,2026-09-03T01:29:05Z
2026-09-03T01:28:24Z,2026-09-03T03:28:24+0200,4585e6bd-9f7f-4070-920d-180f827f83c4,2026-08-29T17:45:00Z,2026-08-29T19:45:00+0200,6.62929,MW,DK2,DK_2,actual_solar_generation,Solar,2026-09-03T01:29:05Z
2026-09-03T01:28:24Z,2026-09-03T03:28:24+0200,4585e6bd-9f7f-4070-920d-180f827f83c4,2026-08-29T18:00:00Z,2026-08-29T20:00:00+0200,1.05968,MW,DK2,DK_2,actual_solar_generation,Solar,2026-09-03T01:29:05Z
2026-09-03T01:28:24Z,2026-09-03T03:28:24+0200,4585e6bd-9f7f-4070-920d-180f827f83c4,2026-08-29T18:15:00Z,2026-08-29T20:15:00+0200,0.615139,MW,DK2,DK_2,actual_solar_generation,Solar,2026-09-03T01:29:05Z
2026-09-03T01:28:24Z,2026-09-03T03:28:24+0200,4585e6bd-9f7f-4070-920d-180f827f83c4,2026-08-29T18:30:00Z,2026-08-29T20:30:00+0200,0.147947,MW,DK2,DK_2,actual_solar_generation,Solar,2026-09-03T01:29:05Z
2026-09-03T01:28:24Z,2026-09-03T03:28:24+0200,4585e6bd-9f7f-4070-920d-180f827f83c4,2026-08-29T18:45:00Z,2026-08-29T20:45:00+0200,0.090263,MW,DK2,DK_2,actual_solar_generation,Solar,2026-09-03T01:29:05Z
2026-09-03T01:28:24Z,2026-09-03T03:28:24+0200,4585e6bd-9f7f-4070-920d-180f827f83c4,2026-08-29T19:00:00Z,2026-08-29T21:00:00+0200,0.259814,MW,DK2,DK_2,actual_solar_generation,Solar,2026-09-03T01:29:05Z
2026-09-03T01:28:24Z,2026-09-03T03:28:24+0200,4585e6bd-9f7f-4070-920d-180f827f83c4,2026-08-29T19:15:00Z,2026-08-29T21:15:00+0200,0.0,MW,DK2,DK_2,actual_solar_generation,Solar,2026-09-03T01:29:05Z
2026-09-03T01:28:24Z,2026-09-03T03:28:24+0200,4585e6bd-9f7f-4070-920d-180f827f83c4,2026-08-29T19:30:00Z,2026-08-29T21:30:00+0200,0.0,MW,DK2,DK_2,actual_solar_generation,Solar,2026-09-03T01:29:05Z
2026-09-03T01:28:24Z,2026-09-03T03:28:24+0200,4585e6bd-9f7f-4070-920d-180f827f83c4,2026-08-29T19:45:00Z,2026-08-29T21:45:00+0200,0.0,MW,DK2,DK_2,actual_solar_generation,Solar,2026-09-03T01:29:05Z
2026-09-03T01:28:24Z,2026-09-03T03:28:24+0200,4585e6bd-9f7f-4070-920d-180f827f83c4,2026-08-29T20:00:00Z,2026-08-29T22:00:00+0200,0.0,MW,DK2,DK_2,actual_solar_generation,Solar,2026-09-03T01:29:05Z
2026-09-03T01:28:24Z,2026-09-03T03:28:24+0200,4585e6bd-9f7f-4070-920d-180f827f83c4,2026-08-29T20:15:00Z,2026-08-29T22:15:00+0200,0.0,MW,DK2,DK_2,actual_solar_generation,Solar,2026-09-03T01:29:05Z
2026-09-03T01:28:24Z,2026-09-03T03:28:24+0200,4585e6bd-9f7f-4070-920d-180f827f83c4,2026-08-29T20:30:00Z,2026-08-29T22:30:00+0200,0.0,MW,DK2,DK_2,actual_solar_generation,Solar,2026-09-03T01:29:05Z
2026-09-03T01:28:24Z,2026-09-03T03:28:24+0200,4585e6bd-9f7f-4070-920d-180f827f83c4,2026-08-29T20:45:00Z,2026-08-29T22:45:00+0200,0.0,MW,DK2,DK_2,actual_solar_generation,Solar,2026-09-03T01:29:05Z
2026-09-03T01:28:24Z,2026-09-03T03:28:24+0200,4585e6bd-9f7f-4070-920d-180f827f83c4,2026-08-29T21:00:00Z,2026-08-29T23:00:00+0200,0.0,MW,DK2,DK_2,actual_solar_generation,Solar,2026-09-03T01:29:05Z
2026-09-03T01:28:24Z,2026-09-03T03:28:24+0200,4585e6bd-9f7f-4070-920d-180f827f83c4,2026-08-29T21:15:00Z,2026-08-29T23:15:00+0200,0.0,MW,DK2,DK_2,actual_solar_generation,Solar,2026-09-03T01:29:05Z
2026-09-03T01:28:24Z,2026-09-03T03:28:24+0200,4585e6bd-9f7f-4070-920d-180f827f83c4,2026-08-29T21:30:00Z,2026-08-29T23:30:00+0200,0.0,MW,DK2,DK_2,actual_solar_generation,Solar,2026-09-03T01:29:05Z
2026-09-03T01:28:24Z,2026-09-03T03:28:24+0200,4585e6bd-9f7f-4070-920d-180f827f83c4,2026-08-29T21:45:00Z,2026-08-29T23:45:00+0200,0.0,MW,DK2,DK_2,actual_solar_generation,Solar,2026-09-03T01:29:05Z
2026-09-03T01:28:24Z,2026-09-03T03:28:24+0200,4585e6bd-9f7f-4070-920d-180f827f83c4,2026-08-29T22:00:00Z,2026-08-30T00:00:00+0200,0.0,MW,DK2,DK_2,actual_solar_generation,Solar,2026-09-03T01:29:05Z
2026-09-03T01:28:24Z,2026-09-03T03:28:24+0200,4585e6bd-9f7f-4070-920d-180f827f83c4,2026-08-29T22:15:00Z,2026-08-30T00:15:00+0200,0.0,MW,DK2,DK_2,actual_solar_generation,Solar,2026-09-03T01:29:05Z
2026-09-03T01:28:24Z,2026-09-03T03:28:24+0200,4585e6bd-9f7f-4070-920d-180f827f83c4,2026-08-29T22:30:00Z,2026-08-30T00:30:00+0200,0.394121,MW,DK2,DK_2,actual_solar_generation,Solar,2026-09-03T01:29:05Z
2026-09-03T01:28:24Z,2026-09-03T03:28:24+0200,4585e6bd-9f7f-4070-920d-180f827f83c4,2026-08-29T22:45:00Z,2026-08-30T00:45:00+0200,0.0,MW,DK2,DK_2,actual_solar_generation,Solar,2026-09-03T01:29:05Z
2026-09-03T01:28:24Z,2026-09-03T03:28:24+0200,4585e6bd-9f7f-4070-920d-180f827f83c4,2026-08-29T23:00:00Z,2026-08-30T01:00:00+0200,0.0,MW,DK2,DK_2,actual_solar_generation,Solar,2026-09-03T01:29:05Z
2026-09-03T01:28:24Z,2026-09-03T03:28:24+0200,4585e6bd-9f7f-4070-920d-180f827f83c4,2026-08-29T23:15:00Z,2026-08-30T01:15:00+0200,0.0,MW,DK2,DK_2,actual_solar_generation,Solar,2026-09-03T01:29:05Z
2026-09-03T01:28:24Z,2026-09-03T03:28:24+0200,4585e6bd-9f7f-4070-920d-180f827f83c4,2026-08-29T23:30:00Z,2026-08-30T01:30:00+0200,0.0,MW,DK2,DK_2,actual_solar_generation,Solar,2026-09-03T01:29:05Z
2026-09-03T01:28:24Z,2026-09-03T03:28:24+0200,4585e6bd-9f7f-4070-920d-180f827f83c4,2026-08-29T23:45:00Z,2026-08-30T01:45:00+0200,0.494707,MW,DK2,DK_2,actual_solar_generation,Solar,2026-09-03T01:29:05Z
2026-09-03T01:28:24Z,2026-09-03T03:28:24+0200,4585e6bd-9f7f-4070-920d-180f827f83c4,2026-08-30T00:00:00Z,2026-08-30T02:00:00+0200,0.282746,MW,DK2,DK_2,actual_solar_generation,Solar,2026-09-03T01:29:05Z
2026-09-03T01:28:24Z,2026-09-03T03:28:24+0200,4585e6bd-9f7f-4070-920d-180f827f83c4,2026-08-30T00:15:00Z,2026-08-30T02:15:00+0200,0.0,MW,DK2,DK_2,actual_solar_generation,Solar,2026-09-03T01:29:05Z
2026-09-03T01:28:24Z,2026-09-03T03:28:24+0200,4585e6bd-9f7f-4070-920d-180f827f83c4,2026-08-30T00:30:00Z,2026-08-30T02:30:00+0200,0.0,MW,DK2,DK_2,actual_solar_generation,Solar,2026-09-03T01:29:05Z
2026-09-03T01:28:24Z,2026-09-03T03:28:24+0200,4585e6bd-9f7f-4070-920d-180f827f83c4,2026-08-30T00:45:00Z,2026-08-30T02:45:00+0200,0.0,MW,DK2,DK_2,actual_solar_generation,Solar,2026-09-03T01:29:05Z
2026-09-03T01:28:24Z,2026-09-03T03:28:24+0200,4585e6bd-9f7f-4070-920d-180f827f83c4,2026-08-30T01:00:00Z,2026-08-30T03:00:00+0200,0.221632,MW,DK2,DK_2,actual_solar_generation,Solar,2026-09-03T01:29:05Z
2026-09-03T01:28:24Z,2026-09-03T03:28:24+0200,4585e6bd-9f7f-4070-920d-180f827f83c4,2026-08-30T01:15:00Z,2026-08-30T03:15:00+0200,0.263668,MW,DK2,DK_2,actual_solar_generation,Solar,2026-09-03T01:29:05Z
2026-09-03T01:28:24Z,2026-09-03T03:28:24+0200,4585e6bd-9f7f-4070-920d-180f827f83c4,2026-08-30T01:30:00Z,2026-08-30T03:30:00+0200,0.021316,MW,DK2,DK_2,actual_solar_generation,Solar,2026-09-03T01:29:05Z
2026-09-03T01:28:24Z,2026-09-03T03:28:24+0200,4585e6bd-9f7f-4070-920d-180f827f83c4,2026-08-30T01:45:00Z,2026-08-30T03:45:00+0200,0.0,MW,DK2,DK_2,actual_solar_generation,Solar,2026-09-03T01:29:05Z
2026-09-03T01:28:24Z,2026-09-03T03:28:24+0200,4585e6bd-9f7f-4070-920d-180f827f83c4,2026-08-30T02:00:00Z,2026-08-30T04:00:00+0200,0.0,MW,DK2,DK_2,actual_solar_generation,Solar,2026-09-03T01:29:05Z
2026-09-03T01:28:24Z,2026-09-03T03:28:24+0200,4585e6bd-9f7f-4070-920d-180f827f83c4,2026-08-30T02:15:00Z,2026-08-30T04:15:00+0200,0.0,MW,DK2,DK_2,actual_solar_generation,Solar,2026-09-03T01:29:05Z
2026-09-03T01:28:24Z,2026-09-03T03:28:24+0200,4585e6bd-9f7f-4070-920d-180f827f83c4,2026-08-30T02:30:00Z,2026-08-30T04:30:00+0200,0.171887,MW,DK2,DK_2,actual_solar_generation,Solar,2026-09-03T01:29:05Z
2026-09-03T01:28:24Z,2026-09-03T03:28:24+0200,4585e6bd-9f7f-4070-920d-180f827f83c4,2026-08-30T02:45:00Z,2026-08-30T04:45:00+0200,0.0,MW,DK2,DK_2,actual_solar_generation,Solar,2026-09-03T01:29:05Z
2026-09-03T01:28:24Z,2026-09-03T03:28:24+0200,4585e6bd-9f7f-4070-920d-180f827f83c4,2026-08-30T03:00:00Z,2026-08-30T05:00:00+0200,0.0,MW,DK2,DK_2,actual_solar_generation,Solar,2026-09-03T01:29:05Z
2026-09-03T01:28:24Z,2026-09-03T03:28:24+0200,4585e6bd-9f7f-4070-920d-180f827f83c4,2026-08-30T03:15:00Z,2026-08-30T05:15:00+0200,0.0,MW,DK2,DK_2,actual_solar_generation,Solar,2026-09-03T01:29:05Z
2026-09-03T01:28:24Z,2026-09-03T03:28:24+0200,4585e6bd-9f7f-4070-920d-180f827f83c4,2026-08-30T03:30:00Z,2026-08-30T05:30:00+0200,0.0,MW,DK2,DK_2,actual_solar_generation,Solar,2026-09-03T01:29:05Z
2026-09-03T01:28:24Z,2026-09-03T03:28:24+0200,4585e6bd-9f7f-4070-920d-180f827f83c4,2026-08-30T03:45:00Z,2026-08-30T05:45:00+0200,0.0,MW,DK2,DK_2,actual_solar_generation,Solar,2026-09-03T01:29:05Z
2026-09-03T01:28:24Z,2026-09-03T03:28:24+0200,4585e6bd-9f7f-4070-920d-180f827f83c4,2026-08-30T04:00:00Z,2026-08-30T06:00:00+0200,0.0,MW,DK2,DK_2,actual_solar_generation,Solar,2026-09-03T01:29:05Z
2026-09-03T01:28:24Z,2026-09-03T03:28:24+0200,4585e6bd-9f7f-4070-920d-180f827f83c4,2026-08-30T04:15:00Z,2026-08-30T06:15:00+0200,0.819873,MW,DK2,DK_2,actual_solar_generation,Solar,2026-09-03T01:29:05Z
2026-09-03T01:28:24Z,2026-09-03T03:28:24+0200,4585e6bd-9f7f-4070-920d-180f827f83c4,2026-08-30T04:30:00Z,2026-08-30T06:30:00+0200,6.42493,MW,DK2,DK_2,actual_solar_generation,Solar,2026-09-03T01:29:05Z
2026-09-03T01:28:24Z,2026-09-03T03:28:24+0200,4585e6bd-9f7f-4070-920d-180f827f83c4,2026-08-30T04:45:00Z,2026-08-30T06:45:00+0200,12.9427,MW,DK2,DK_2,actual_solar_generation,Solar,2026-09-03T01:29:05Z
2026-09-03T01:28:24Z,2026-09-03T03:28:24+0200,4585e6bd-9f7f-4070-920d-180f827f83c4,2026-08-30T05:00:00Z,2026-08-30T07:00:00+0200,18.858,MW,DK2,DK_2,actual_solar_generation,Solar,2026-09-03T01:29:05Z
2026-09-03T01:28:24Z,2026-09-03T03:28:24+0200,4585e6bd-9f7f-4070-920d-180f827f83c4,2026-08-30T05:15:00Z,2026-08-30T07:15:00+0200,32.0852,MW,DK2,DK_2,actual_solar_generation,Solar,2026-09-03T01:29:05Z
2026-09-03T01:28:24Z,2026-09-03T03:28:24+0200,4585e6bd-9f7f-4070-920d-180f827f83c4,2026-08-30T05:30:00Z,2026-08-30T07:30:00+0200,44.7873,MW,DK2,DK_2,actual_solar_generation,Solar,2026-09-03T01:29:05Z
2026-09-03T01:28:24Z,2026-09-03T03:28:24+0200,4585e6bd-9f7f-4070-920d-180f827f83c4,2026-08-30T05:45:00Z,2026-08-30T07:45:00+0200,51.3377,MW,DK2,DK_2,actual_solar_generation,Solar,2026-09-03T01:29:05Z
2026-09-03T01:28:24Z,2026-09-03T03:28:24+0200,4585e6bd-9f7f-4070-920d-180f827f83c4,2026-08-30T06:00:00Z,2026-08-30T08:00:00+0200,63.3236,MW,DK2,DK_2,actual_solar_generation,Solar,2026-09-03T01:29:05Z
2026-09-03T01:28:24Z,2026-09-03T03:28:24+0200,4585e6bd-9f7f-4070-920d-180f827f83c4,2026-08-30T06:15:00Z,2026-08-30T08:15:00+0200,72.9126,MW,DK2,DK_2,actual_solar_generation,Solar,2026-09-03T01:29:05Z
2026-09-03T01:28:24Z,2026-09-03T03:28:24+0200,4585e6bd-9f7f-4070-920d-180f827f83c4,2026-08-30T06:30:00Z,2026-08-30T08:30:00+0200,89.2783,MW,DK2,DK_2,actual_solar_generation,Solar,2026-09-03T01:29:05Z
2026-09-03T01:28:24Z,2026-09-03T03:28:24+0200,4585e6bd-9f7f-4070-920d-180f827f83c4,2026-08-30T06:45:00Z,2026-08-30T08:45:00+0200,136.707,MW,DK2,DK_2,actual_solar_generation,Solar,2026-09-03T01:29:05Z
2026-09-03T01:28:24Z,2026-09-03T03:28:24+0200,4585e6bd-9f7f-4070-920d-180f827f83c4,2026-08-30T07:00:00Z,2026-08-30T09:00:00+0200,132.9,MW,DK2,DK_2,actual_solar_generation,Solar,2026-09-03T01:29:05Z
2026-09-03T01:28:24Z,2026-09-03T03:28:24+0200,4585e6bd-9f7f-4070-920d-180f827f83c4,2026-08-30T07:15:00Z,2026-08-30T09:15:00+0200,142.713,MW,DK2,DK_2,actual_solar_generation,Solar,2026-09-03T01:29:05Z
2026-09-03T01:28:24Z,2026-09-03T03:28:24+0200,4585e6bd-9f7f-4070-920d-180f827f83c4,2026-08-30T07:30:00Z,2026-08-30T09:30:00+0200,132.585,MW,DK2,DK_2,actual_solar_generation,Solar,2026-09-03T01:29:05Z
2026-09-03T01:28:24Z,2026-09-03T03:28:24+0200,4585e6bd-9f7f-4070-920d-180f827f83c4,2026-08-30T07:45:00Z,2026-08-30T09:45:00+0200,144.754,MW,DK2,DK_2,actual_solar_generation,Solar,2026-09-03T01:29:05Z
2026-09-03T01:28:24Z,2026-09-03T03:28:24+0200,4585e6bd-9f7f-4070-920d-180f827f83c4,2026-08-30T08:00:00Z,2026-08-30T10:00:00+0200,163.778,MW,DK2,DK_2,actual_solar_generation,Solar,2026-09-03T01:29:05Z
2026-09-03T01:28:24Z,2026-09-03T03:28:24+0200,4585e6bd-9f7f-4070-920d-180f827f83c4,2026-08-30T08:15:00Z,2026-08-30T10:15:00+0200,172.14,MW,DK2,DK_2,actual_solar_generation,Solar,2026-09-03T01:29:05Z
2026-09-03T01:28:24Z,2026-09-03T03:28:24+0200,4585e6bd-9f7f-4070-920d-180f827f83c4,2026-08-30T08:30:00Z,2026-08-30T10:30:00+0200,205.976,MW,DK2,DK_2,actual_solar_generation,Solar,2026-09-03T01:29:05Z
2026-09-03T01:28:24Z,2026-09-03T03:28:24+0200,4585e6bd-9f7f-4070-920d-180f827f83c4,2026-08-30T08:45:00Z,2026-08-30T10:45:00+0200,231.55,MW,DK2,DK_2,actual_solar_generation,Solar,2026-09-03T01:29:05Z
2026-09-03T01:28:24Z,2026-09-03T03:28:24+0200,4585e6bd-9f7f-4070-920d-180f827f83c4,2026-08-30T09:00:00Z,2026-08-30T11:00:00+0200,254.623,MW,DK2,DK_2,actual_solar_generation,Solar,2026-09-03T01:29:05Z
2026-09-03T01:28:24Z,2026-09-03T03:28:24+0200,4585e6bd-9f7f-4070-920d-180f827f83c4,2026-08-30T09:15:00Z,2026-08-30T11:15:00+0200,266.398,MW,DK2,DK_2,actual_solar_generation,Solar,2026-09-03T01:29:05Z
2026-09-03T01:28:24Z,2026-09-03T03:28:24+0200,4585e6bd-9f7f-4070-920d-180f827f83c4,2026-08-30T09:30:00Z,2026-08-30T11:30:00+0200,316.624,MW,DK2,DK_2,actual_solar_generation,Solar,2026-09-03T01:29:05Z
2026-09-03T01:28:24Z,2026-09-03T03:28:24+0200,4585e6bd-9f7f-4070-920d-180f827f83c4,2026-08-30T09:45:00Z,2026-08-30T11:45:00+0200,350.366,MW,DK2,DK_2,actual_solar_generation,Solar,2026-09-03T01:29:05Z
2026-09-03T01:28:24Z,2026-09-03T03:28:24+0200,4585e6bd-9f7f-4070-920d-180f827f83c4,2026-08-30T10:00:00Z,2026-08-30T12:00:00+0200,416.948,MW,DK2,DK_2,actual_solar_generation,Solar,2026-09-03T01:29:05Z
2026-09-03T01:28:24Z,2026-09-03T03:28:24+0200,4585e6bd-9f7f-4070-920d-180f827f83c4,2026-08-30T10:15:00Z,2026-08-30T12:15:00+0200,315.227,MW,DK2,DK_2,actual_solar_generation,Solar,2026-09-03T01:29:05Z
2026-09-03T01:28:24Z,2026-09-03T03:28:24+0200,4585e6bd-9f7f-4070-920d-180f827f83c4,2026-08-30T10:30:00Z,2026-08-30T12:30:00+0200,274.725,MW,DK2,DK_2,actual_solar_generation,Solar,2026-09-03T01:29:05Z
2026-09-03T01:28:24Z,2026-09-03T03:28:24+0200,4585e6bd-9f7f-4070-920d-180f827f83c4,2026-08-30T10:45:00Z,2026-08-30T12:45:00+0200,264.124,MW,DK2,DK_2,actual_solar_generation,Solar,2026-09-03T01:29:05Z
2026-09-03T01:28:24Z,2026-09-03T03:28:24+0200,4585e6bd-9f7f-4070-920d-180f827f83c4,2026-08-30T11:00:00Z,2026-08-30T13:00:00+0200,358.951,MW,DK2,DK_2,actual_solar_generation,Solar,2026-09-03T01:29:05Z
2026-09-03T01:28:24Z,2026-09-03T03:28:24+0200,4585e6bd-9f7f-4070-920d-180f827f83c4,2026-08-30T11:15:00Z,2026-08-30T13:15:00+0200,342.412,MW,DK2,DK_2,actual_solar_generation,Solar,2026-09-03T01:29:05Z
2026-09-03T01:28:24Z,2026-09-03T03:28:24+0200,4585e6bd-9f7f-4070-920d-180f827f83c4,2026-08-30T11:30:00Z,2026-08-30T13:30:00+0200,304.206,MW,DK2,DK_2,actual_solar_generation,Solar,2026-09-03T01:29:05Z
2026-09-03T01:28:24Z,2026-09-03T03:28:24+0200,4585e6bd-9f7f-4070-920d-180f827f83c4,2026-08-30T11:45:00Z,2026-08-30T13:45:00+0200,431.403,MW,DK2,DK_2,actual_solar_generation,Solar,2026-09-03T01:29:05Z
2026-09-03T01:28:24Z,2026-09-03T03:28:24+0200,4585e6bd-9f7f-4070-920d-180f827f83c4,2026-08-30T12:00:00Z,2026-08-30T14:00:00+0200,459.876,MW,DK2,DK_2,actual_solar_generation,Solar,2026-09-03T01:29:05Z
2026-09-03T01:28:24Z,2026-09-03T03:28:24+0200,4585e6bd-9f7f-4070-920d-180f827f83c4,2026-08-30T12:15:00Z,2026-08-30T14:15:00+0200,461.104,MW,DK2,DK_2,actual_solar_generation,Solar,2026-09-03T01:29:05Z
2026-09-03T01:28:24Z,2026-09-03T03:28:24+0200,4585e6bd-9f7f-4070-920d-180f827f83c4,2026-08-30T12:30:00Z,2026-08-30T14:30:00+0200,511.493,MW,DK2,DK_2,actual_solar_generation,Solar,2026-09-03T01:29:05Z
2026-09-03T01:28:24Z,2026-09-03T03:28:24+0200,4585e6bd-9f7f-4070-920d-180f827f83c4,2026-08-30T12:45:00Z,2026-08-30T14:45:00+0200,459.706,MW,DK2,DK_2,actual_solar_generation,Solar,2026-09-03T01:29:05Z
2026-09-03T01:28:24Z,2026-09-03T03:28:24+0200,4585e6bd-9f7f-4070-920d-180f827f83c4,2026-08-30T13:00:00Z,2026-08-30T15:00:00+0200,378.228,MW,DK2,DK_2,actual_solar_generation,Solar,2026-09-03T01:29:05Z
2026-09-03T01:28:24Z,2026-09-03T03:28:24+0200,4585e6bd-9f7f-4070-920d-180f827f83c4,2026-08-30T13:15:00Z,2026-08-30T15:15:00+0200,484.426,MW,DK2,DK_2,actual_solar_generation,Solar,2026-09-03T01:29:05Z
2026-09-03T01:28:24Z,2026-09-03T03:28:24+0200,4585e6bd-9f7f-4070-920d-180f827f83c4,2026-08-30T13:30:00Z,2026-08-30T15:30:00+0200,555.181,MW,DK2,DK_2,actual_solar_generation,Solar,2026-09-03T01:29:05Z
2026-09-03T01:28:24Z,2026-09-03T03:28:24+0200,4585e6bd-9f7f-4070-920d-180f827f83c4,2026-08-30T13:45:00Z,2026-08-30T15:45:00+0200,447.01,MW,DK2,DK_2,actual_solar_generation,Solar,2026-09-03T01:29:05Z
2026-09-03T01:28:24Z,2026-09-03T03:28:24+0200,4585e6bd-9f7f-4070-920d-180f827f83c4,2026-08-30T14:00:00Z,2026-08-30T16:00:00+0200,456.695,MW,DK2,DK_2,actual_solar_generation,Solar,2026-09-03T01:29:05Z
2026-09-03T01:28:24Z,2026-09-03T03:28:24+0200,4585e6bd-9f7f-4070-920d-180f827f83c4,2026-08-30T14:15:00Z,2026-08-30T16:15:00+0200,505.703,MW,DK2,DK_2,actual_solar_generation,Solar,2026-09-03T01:29:05Z
2026-09-03T01:28:24Z,2026-09-03T03:28:24+0200,4585e6bd-9f7f-4070-920d-180f827f83c4,2026-08-30T14:30:00Z,2026-08-30T16:30:00+0200,477.451,MW,DK2,DK_2,actual_solar_generation,Solar,2026-09-03T01:29:05Z
2026-09-03T01:28:24Z,2026-09-03T03:28:24+0200,4585e6bd-9f7f-4070-920d-180f827f83c4,2026-08-30T14:45:00Z,2026-08-30T16:45:00+0200,336.714,MW,DK2,DK_2,actual_solar_generation,Solar,2026-09-03T01:29:05Z
2026-09-03T01:28:24Z,2026-09-03T03:28:24+0200,4585e6bd-9f7f-4070-920d-180f827f83c4,2026-08-30T15:00:00Z,2026-08-30T17:00:00+0200,359.489,MW,DK2,DK_2,actual_solar_generation,Solar,2026-09-03T01:29:05Z
2026-09-03T01:28:24Z,2026-09-03T03:28:24+0200,4585e6bd-9f7f-4070-920d-180f827f83c4,2026-08-30T15:15:00Z,2026-08-30T17:15:00+0200,353.749,MW,DK2,DK_2,actual_solar_generation,Solar,2026-09-03T01:29:05Z
2026-09-03T01:28:24Z,2026-09-03T03:28:24+0200,4585e6bd-9f7f-4070-920d-180f827f83c4,2026-08-30T15:30:00Z,2026-08-30T17:30:00+0200,313.534,MW,DK2,DK_2,actual_solar_generation,Solar,2026-09-03T01:29:05Z
2026-09-03T01:28:24Z,2026-09-03T03:28:24+0200,4585e6bd-9f7f-4070-920d-180f827f83c4,2026-08-30T15:45:00Z,2026-08-30T17:45:00+0200,285.501,MW,DK2,DK_2,actual_solar_generation,Solar,2026-09-03T01:29:05Z
2026-09-03T01:28:24Z,2026-09-03T03:28:24+0200,4585e6bd-9f7f-4070-920d-180f827f83c4,2026-08-30T16:00:00Z,2026-08-30T18:00:00+0200,209.651,MW,DK2,DK_2,actual_solar_generation,Solar,2026-09-03T01:29:05Z
2026-09-03T01:28:24Z,2026-09-03T03:28:24+0200,4585e6bd-9f7f-4070-920d-180f827f83c4,2026-08-30T16:15:00Z,2026-08-30T18:15:00+0200,186.15,MW,DK2,DK_2,actual_solar_generation,Solar,2026-09-03T01:29:05Z
2026-09-03T01:28:24Z,2026-09-03T03:28:24+0200,4585e6bd-9f7f-4070-920d-180f827f83c4,2026-08-30T16:30:00Z,2026-08-30T18:30:00+0200,140.151,MW,DK2,DK_2,actual_solar_generation,Solar,2026-09-03T01:29:05Z
2026-09-03T01:28:24Z,2026-09-03T03:28:24+0200,4585e6bd-9f7f-4070-920d-180f827f83c4,2026-08-30T16:45:00Z,2026-08-30T18:45:00+0200,152.937,MW,DK2,DK_2,actual_solar_generation,Solar,2026-09-03T01:29:05Z
2026-09-03T01:28:24Z,2026-09-03T03:28:24+0200,4585e6bd-9f7f-4070-920d-180f827f83c4,2026-08-30T17:00:00Z,2026-08-30T19:00:00+0200,93.2025,MW,DK2,DK_2,actual_solar_generation,Solar,2026-09-03T01:29:05Z
2026-09-03T01:28:24Z,2026-09-03T03:28:24+0200,4585e6bd-9f7f-4070-920d-180f827f83c4,2026-08-30T17:15:00Z,2026-08-30T19:15:00+0200,64.6272,MW,DK2,DK_2,actual_solar_generation,Solar,2026-09-03T01:29:05Z
2026-09-03T01:28:24Z,2026-09-03T03:28:24+0200,4585e6bd-9f7f-4070-920d-180f827f83c4,2026-08-30T17:30:00Z,2026-08-30T19:30:00+0200,39.4664,MW,DK2,DK_2,actual_solar_generation,Solar,2026-09-03T01:29:05Z
2026-09-03T01:28:24Z,2026-09-03T03:28:24+0200,4585e6bd-9f7f-4070-920d-180f827f83c4,2026-08-30T17:45:00Z,2026-08-30T19:45:00+0200,17.1482,MW,DK2,DK_2,actual_solar_generation,Solar,2026-09-03T01:29:05Z
2026-09-03T01:28:24Z,2026-09-03T03:28:24+0200,4585e6bd-9f7f-4070-920d-180f827f83c4,2026-08-30T18:00:00Z,2026-08-30T20:00:00+0200,4.32864,MW,DK2,DK_2,actual_solar_generation,Solar,2026-09-03T01:29:05Z
2026-09-03T01:28:24Z,2026-09-03T03:28:24+0200,4585e6bd-9f7f-4070-920d-180f827f83c4,2026-08-30T18:15:00Z,2026-08-30T20:15:00+0200,3.11459,MW,DK2,DK_2,actual_solar_generation,Solar,2026-09-03T01:29:05Z
2026-09-03T01:28:24Z,2026-09-03T03:28:24+0200,4585e6bd-9f7f-4070-920d-180f827f83c4,2026-08-30T18:30:00Z,2026-08-30T20:30:00+0200,2.95792,MW,DK2,DK_2,actual_solar_generation,Solar,2026-09-03T01:29:05Z
2026-09-03T01:28:24Z,2026-09-03T03:28:24+0200,4585e6bd-9f7f-4070-920d-180f827f83c4,2026-08-30T18:45:00Z,2026-08-30T20:45:00+0200,2.63584,MW,DK2,DK_2,actual_solar_generation,Solar,2026-09-03T01:29:05Z
2026-09-03T01:28:24Z,2026-09-03T03:28:24+0200,4585e6bd-9f7f-4070-920d-180f827f83c4,2026-08-30T19:00:00Z,2026-08-30T21:00:00+0200,0.570048,MW,DK2,DK_2,actual_solar_generation,Solar,2026-09-03T01:29:05Z
2026-09-03T01:28:24Z,2026-09-03T03:28:24+0200,4585e6bd-9f7f-4070-920d-180f827f83c4,2026-08-30T19:15:00Z,2026-08-30T21:15:00+0200,2.1037,MW,DK2,DK_2,actual_solar_generation,Solar,2026-09-03T01:29:05Z
2026-09-03T01:28:24Z,2026-09-03T03:28:24+0200,4585e6bd-9f7f-4070-920d-180f827f83c4,2026-08-30T19:30:00Z,2026-08-30T21:30:00+0200,0.0,MW,DK2,DK_2,actual_solar_generation,Solar,2026-09-03T01:29:05Z
2026-09-03T01:28:24Z,2026-09-03T03:28:24+0200,4585e6bd-9f7f-4070-920d-180f827f83c4,2026-08-30T19:45:00Z,2026-08-30T21:45:00+0200,0.248037,MW,DK2,DK_2,actual_solar_generation,Solar,2026-09-03T01:29:05Z
2026-09-03T01:28:24Z,2026-09-03T03:28:24+0200,4585e6bd-9f7f-4070-920d-180f827f83c4,2026-08-30T20:00:00Z,2026-08-30T22:00:00+0200,0.0,MW,DK2,DK_2,actual_solar_generation,Solar,2026-09-03T01:29:05Z
2026-09-03T01:28:24Z,2026-09-03T03:28:24+0200,4585e6bd-9f7f-4070-920d-180f827f83c4,2026-08-30T20:15:00Z,2026-08-30T22:15:00+0200,0.0,MW,DK2,DK_2,actual_solar_generation,Solar,2026-09-03T01:29:05Z
2026-09-03T01:28:24Z,2026-09-03T03:28:24+0200,4585e6bd-9f7f-4070-920d-180f827f83c4,2026-08-30T20:30:00Z,2026-08-30T22:30:00+0200,0.0,MW,DK2,DK_2,actual_solar_generation,Solar,2026-09-03T01:29:05Z
2026-09-03T01:28:24Z,2026-09-03T03:28:24+0200,4585e6bd-9f7f-4070-920d-180f827f83c4,2026-08-30T20:45:00Z,2026-08-30T22:45:00+0200,0.0,MW,DK2,DK_2,actual_solar_generation,Solar,2026-09-03T01:29:05Z
2026-09-03T01:28:24Z,2026-09-03T03:28:24+0200,4585e6bd-9f7f-4070-920d-180f827f83c4,2026-08-30T21:00:00Z,2026-08-30T23:00:00+0200,0.0,MW,DK2,DK_2,actual_solar_generation,Solar,2026-09-03T01:29:05Z
2026-09-03T01:28:24Z,2026-09-03T03:28:24+0200,4585e6bd-9f7f-4070-920d-180f827f83c4,2026-08-30T21:15:00Z,2026-08-30T23:15:00+0200,0.163833,MW,DK2,DK_2,actual_solar_generation,Solar,2026-09-03T01:29:05Z
2026-09-03T01:28:24Z,2026-09-03T03:28:24+0200,4585e6bd-9f7f-4070-920d-180f827f83c4,2026-08-30T21:30:00Z,2026-08-30T23:30:00+0200,0.188491,MW,DK2,DK_2,actual_solar_generation,Solar,2026-09-03T01:29:05Z
2026-09-03T01:28:24Z,2026-09-03T03:28:24+0200,4585e6bd-9f7f-4070-920d-180f827f83c4,2026-08-30T21:45:00Z,2026-08-30T23:45:00+0200,0.279066,MW,DK2,DK_2,actual_solar_generation,Solar,2026-09-03T01:29:05Z
2026-09-03T01:28:24Z,2026-09-03T03:28:24+0200,4585e6bd-9f7f-4070-920d-180f827f83c4,2026-08-30T22:00:00Z,2026-08-31T00:00:00+0200,0.514157,MW,DK2,DK_2,actual_solar_generation,Solar,2026-09-03T01:29:05Z
2026-09-03T01:28:24Z,2026-09-03T03:28:24+0200,4585e6bd-9f7f-4070-920d-180f827f83c4,2026-08-30T22:15:00Z,2026-08-31T00:15:00+0200,0.292688,MW,DK2,DK_2,actual_solar_generation,Solar,2026-09-03T01:29:05Z
2026-09-03T01:28:24Z,2026-09-03T03:28:24+0200,4585e6bd-9f7f-4070-920d-180f827f83c4,2026-08-30T22:30:00Z,2026-08-31T00:30:00+0200,0.08695,MW,DK2,DK_2,actual_solar_generation,Solar,2026-09-03T01:29:05Z
2026-09-03T01:28:24Z,2026-09-03T03:28:24+0200,4585e6bd-9f7f-4070-920d-180f827f83c4,2026-08-30T22:45:00Z,2026-08-31T00:45:00+0200,0.0,MW,DK2,DK_2,actual_solar_generation,Solar,2026-09-03T01:29:05Z
2026-09-03T01:28:24Z,2026-09-03T03:28:24+0200,4585e6bd-9f7f-4070-920d-180f827f83c4,2026-08-30T23:00:00Z,2026-08-31T01:00:00+0200,0.0,MW,DK2,DK_2,actual_solar_generation,Solar,2026-09-03T01:29:05Z
2026-09-03T01:28:24Z,2026-09-03T03:28:24+0200,4585e6bd-9f7f-4070-920d-180f827f83c4,2026-08-30T23:15:00Z,2026-08-31T01:15:00+0200,0.046472,MW,DK2,DK_2,actual_solar_generation,Solar,2026-09-03T01:29:05Z
2026-09-03T01:28:24Z,2026-09-03T03:28:24+0200,4585e6bd-9f7f-4070-920d-180f827f83c4,2026-08-30T23:30:00Z,2026-08-31T01:30:00+0200,0.0,MW,DK2,DK_2,actual_solar_generation,Solar,2026-09-03T01:29:05Z
2026-09-03T01:28:24Z,2026-09-03T03:28:24+0200,4585e6bd-9f7f-4070-920d-180f827f83c4,2026-08-30T23:45:00Z,2026-08-31T01:45:00+0200,0.0,MW,DK2,DK_2,actual_solar_generation,Solar,2026-09-03T01:29:05Z
2026-09-03T01:28:24Z,2026-09-03T03:28:24+0200,4585e6bd-9f7f-4070-920d-180f827f83c4,2026-08-31T00:00:00Z,2026-08-31T02:00:00+0200,0.276712,MW,DK2,DK_2,actual_solar_generation,Solar,2026-09-03T01:29:05Z
2026-09-03T01:28:24Z,2026-09-03T03:28:24+0200,4585e6bd-9f7f-4070-920d-180f827f83c4,2026-08-31T00:15:00Z,2026-08-31T02:15:00+0200,0.146819,MW,DK2,DK_2,actual_solar_generation,Solar,2026-09-03T01:29:05Z
2026-09-03T01:28:24Z,2026-09-03T03:28:24+0200,4585e6bd-9f7f-4070-920d-180f827f83c4,2026-08-31T00:30:00Z,2026-08-31T02:30:00+0200,0.218483,MW,DK2,DK_2,actual_solar_generation,Solar,2026-09-03T01:29:05Z
2026-09-03T01:28:24Z,2026-09-03T03:28:24+0200,4585e6bd-9f7f-4070-920d-180f827f83c4,2026-08-31T00:45:00Z,2026-08-31T02:45:00+0200,0.0,MW,DK2,DK_2,actual_solar_generation,Solar,2026-09-03T01:29:05Z
2026-09-03T01:28:24Z,2026-09-03T03:28:24+0200,4585e6bd-9f7f-4070-920d-180f827f83c4,2026-08-31T01:00:00Z,2026-08-31T03:00:00+0200,0.336175,MW,DK2,DK_2,actual_solar_generation,Solar,2026-09-03T01:29:05Z
2026-09-03T01:28:24Z,2026-09-03T03:28:24+0200,4585e6bd-9f7f-4070-920d-180f827f83c4,2026-08-31T01:15:00Z,2026-08-31T03:15:00+0200,0.279448,MW,DK2,DK_2,actual_solar_generation,Solar,2026-09-03T01:29:05Z
2026-09-03T01:28:24Z,2026-09-03T03:28:24+0200,4585e6bd-9f7f-4070-920d-180f827f83c4,2026-08-31T01:30:00Z,2026-08-31T03:30:00+0200,0.222681,MW,DK2,DK_2,actual_solar_generation,Solar,2026-09-03T01:29:05Z
2026-09-03T01:28:24Z,2026-09-03T03:28:24+0200,4585e6bd-9f7f-4070-920d-180f827f83c4,2026-08-31T01:45:00Z,2026-08-31T03:45:00+0200,0.692904,MW,DK2,DK_2,actual_solar_generation,Solar,2026-09-03T01:29:05Z
2026-09-03T01:28:24Z,2026-09-03T03:28:24+0200,4585e6bd-9f7f-4070-920d-180f827f83c4,2026-08-31T02:00:00Z,2026-08-31T04:00:00+0200,0.38526,MW,DK2,DK_2,actual_solar_generation,Solar,2026-09-03T01:29:05Z
2026-09-03T01:28:24Z,2026-09-03T03:28:24+0200,4585e6bd-9f7f-4070-920d-180f827f83c4,2026-08-31T02:15:00Z,2026-08-31T04:15:00+0200,0.54603,MW,DK2,DK_2,actual_solar_generation,Solar,2026-09-03T01:29:05Z
2026-09-03T01:28:24Z,2026-09-03T03:28:24+0200,4585e6bd-9f7f-4070-920d-180f827f83c4,2026-08-31T02:30:00Z,2026-08-31T04:30:00+0200,0.176772,MW,DK2,DK_2,actual_solar_generation,Solar,2026-09-03T01:29:05Z
2026-09-03T01:28:24Z,2026-09-03T03:28:24+0200,4585e6bd-9f7f-4070-920d-180f827f83c4,2026-08-31T02:45:00Z,2026-08-31T04:45:00+0200,0.0,MW,DK2,DK_2,actual_solar_generation,Solar,2026-09-03T01:29:05Z
2026-09-03T01:28:24Z,2026-09-03T03:28:24+0200,4585e6bd-9f7f-4070-920d-180f827f83c4,2026-08-31T03:00:00Z,2026-08-31T05:00:00+0200,0.608096,MW,DK2,DK_2,actual_solar_generation,Solar,2026-09-03T01:29:05Z
2026-09-03T01:28:24Z,2026-09-03T03:28:24+0200,4585e6bd-9f7f-4070-920d-180f827f83c4,2026-08-31T03:15:00Z,2026-08-31T05:15:00+0200,0.275973,MW,DK2,DK_2,actual_solar_generation,Solar,2026-09-03T01:29:05Z
2026-09-03T01:28:24Z,2026-09-03T03:28:24+0200,4585e6bd-9f7f-4070-920d-180f827f83c4,2026-08-31T03:30:00Z,2026-08-31T05:30:00+0200,0.0,MW,DK2,DK_2,actual_solar_generation,Solar,2026-09-03T01:29:05Z
2026-09-03T01:28:24Z,2026-09-03T03:28:24+0200,4585e6bd-9f7f-4070-920d-180f827f83c4,2026-08-31T03:45:00Z,2026-08-31T05:45:00+0200,0.447577,MW,DK2,DK_2,actual_solar_generation,Solar,2026-09-03T01:29:05Z
2026-09-03T01:28:24Z,2026-09-03T03:28:24+0200,4585e6bd-9f7f-4070-920d-180f827f83c4,2026-08-31T04:00:00Z,2026-08-31T06:00:00+0200,3.33168,MW,DK2,DK_2,actual_solar_generation,Solar,2026-09-03T01:29:05Z
2026-09-03T01:28:24Z,2026-09-03T03:28:24+0200,4585e6bd-9f7f-4070-920d-180f827f83c4,2026-08-31T04:15:00Z,2026-08-31T06:15:00+0200,3.90954,MW,DK2,DK_2,actual_solar_generation,Solar,2026-09-03T01:29:05Z
2026-09-03T01:28:24Z,2026-09-03T03:28:24+0200,4585e6bd-9f7f-4070-920d-180f827f83c4,2026-08-31T04:30:00Z,2026-08-31T06:30:00+0200,9.03612,MW,DK2,DK_2,actual_solar_generation,Solar,2026-09-03T01:29:05Z
2026-09-03T01:28:24Z,2026-09-03T03:28:24+0200,4585e6bd-9f7f-4070-920d-180f827f83c4,2026-08-31T04:45:00Z,2026-08-31T06:45:00+0200,18.9489,MW,DK2,DK_2,actual_solar_generation,Solar,2026-09-03T01:29:05Z
2026-09-03T01:28:24Z,2026-09-03T03:28:24+0200,4585e6bd-9f7f-4070-920d-180f827f83c4,2026-08-31T05:00:00Z,2026-08-31T07:00:00+0200,37.2953,MW,DK2,DK_2,actual_solar_generation,Solar,2026-09-03T01:29:05Z
2026-09-03T01:28:24Z,2026-09-03T03:28:24+0200,4585e6bd-9f7f-4070-920d-180f827f83c4,2026-08-31T05:15:00Z,2026-08-31T07:15:00+0200,47.7973,MW,DK2,DK_2,actual_solar_generation,Solar,2026-09-03T01:29:05Z
2026-09-03T01:28:24Z,2026-09-03T03:28:24+0200,4585e6bd-9f7f-4070-920d-180f827f83c4,2026-08-31T05:30:00Z,2026-08-31T07:30:00+0200,43.695,MW,DK2,DK_2,actual_solar_generation,Solar,2026-09-03T01:29:05Z
2026-09-03T01:28:24Z,2026-09-03T03:28:24+0200,4585e6bd-9f7f-4070-920d-180f827f83c4,2026-08-31T05:45:00Z,2026-08-31T07:45:00+0200,92.5373,MW,DK2,DK_2,actual_solar_generation,Solar,2026-09-03T01:29:05Z
2026-09-03T01:28:24Z,2026-09-03T03:28:24+0200,4585e6bd-9f7f-4070-920d-180f827f83c4,2026-08-31T06:00:00Z,2026-08-31T08:00:00+0200,124.132,MW,DK2,DK_2,actual_solar_generation,Solar,2026-09-03T01:29:05Z
2026-09-03T01:28:24Z,2026-09-03T03:28:24+0200,4585e6bd-9f7f-4070-920d-180f827f83c4,2026-08-31T06:15:00Z,2026-08-31T08:15:00+0200,138.867,MW,DK2,DK_2,actual_solar_generation,Solar,2026-09-03T01:29:05Z
2026-09-03T01:28:24Z,2026-09-03T03:28:24+0200,4585e6bd-9f7f-4070-920d-180f827f83c4,2026-08-31T06:30:00Z,2026-08-31T08:30:00+0200,204.07,MW,DK2,DK_2,actual_solar_generation,Solar,2026-09-03T01:29:05Z
2026-09-03T01:28:24Z,2026-09-03T03:28:24+0200,4585e6bd-9f7f-4070-920d-180f827f83c4,2026-08-31T06:45:00Z,2026-08-31T08:45:00+0200,246.02,MW,DK2,DK_2,actual_solar_generation,Solar,2026-09-03T01:29:05Z
2026-09-03T01:28:24Z,2026-09-03T03:28:24+0200,4585e6bd-9f7f-4070-920d-180f827f83c4,2026-08-31T07:00:00Z,2026-08-31T09:00:00+0200,297.835,MW,DK2,DK_2,actual_solar_generation,Solar,2026-09-03T01:29:05Z
2026-09-03T01:28:24Z,2026-09-03T03:28:24+0200,4585e6bd-9f7f-4070-920d-180f827f83c4,2026-08-31T07:15:00Z,2026-08-31T09:15:00+0200,353.344,MW,DK2,DK_2,actual_solar_generation,Solar,2026-09-03T01:29:05Z
2026-09-03T01:28:24Z,2026-09-03T03:28:24+0200,4585e6bd-9f7f-4070-920d-180f827f83c4,2026-08-31T07:30:00Z,2026-08-31T09:30:00+0200,287.859,MW,DK2,DK_2,actual_solar_generation,Solar,2026-09-03T01:29:05Z
2026-09-03T01:28:24Z,2026-09-03T03:28:24+0200,4585e6bd-9f7f-4070-920d-180f827f83c4,2026-08-31T07:45:00Z,2026-08-31T09:45:00+0200,355.949,MW,DK2,DK_2,actual_solar_generation,Solar,2026-09-03T01:29:05Z
2026-09-03T01:28:24Z,2026-09-03T03:28:24+0200,4585e6bd-9f7f-4070-920d-180f827f83c4,2026-08-31T08:00:00Z,2026-08-31T10:00:00+0200,407.118,MW,DK2,DK_2,actual_solar_generation,Solar,2026-09-03T01:29:05Z
2026-09-03T01:28:24Z,2026-09-03T03:28:24+0200,4585e6bd-9f7f-4070-920d-180f827f83c4,2026-08-31T08:15:00Z,2026-08-31T10:15:00+0200,491.805,MW,DK2,DK_2,actual_solar_generation,Solar,2026-09-03T01:29:05Z
2026-09-03T01:28:24Z,2026-09-03T03:28:24+0200,4585e6bd-9f7f-4070-920d-180f827f83c4,2026-08-31T08:30:00Z,2026-08-31T10:30:00+0200,505.371,MW,DK2,DK_2,actual_solar_generation,Solar,2026-09-03T01:29:05Z
2026-09-03T01:28:24Z,2026-09-03T03:28:24+0200,4585e6bd-9f7f-4070-920d-180f827f83c4,2026-08-31T08:45:00Z,2026-08-31T10:45:00+0200,408.848,MW,DK2,DK_2,actual_solar_generation,Solar,2026-09-03T01:29:05Z
2026-09-03T01:28:24Z,2026-09-03T03:28:24+0200,4585e6bd-9f7f-4070-920d-180f827f83c4,2026-08-31T09:00:00Z,2026-08-31T11:00:00+0200,341.324,MW,DK2,DK_2,actual_solar_generation,Solar,2026-09-03T01:29:05Z
2026-09-03T01:28:24Z,2026-09-03T03:28:24+0200,4585e6bd-9f7f-4070-920d-180f827f83c4,2026-08-31T09:15:00Z,2026-08-31T11:15:00+0200,427.006,MW,DK2,DK_2,actual_solar_generation,Solar,2026-09-03T01:29:05Z
2026-09-03T01:28:24Z,2026-09-03T03:28:24+0200,4585e6bd-9f7f-4070-920d-180f827f83c4,2026-08-31T09:30:00Z,2026-08-31T11:30:00+0200,544.999,MW,DK2,DK_2,actual_solar_generation,Solar,2026-09-03T01:29:05Z
2026-09-03T01:28:24Z,2026-09-03T03:28:24+0200,4585e6bd-9f7f-4070-920d-180f827f83c4,2026-08-31T09:45:00Z,2026-08-31T11:45:00+0200,640.038,MW,DK2,DK_2,actual_solar_generation,Solar,2026-09-03T01:29:05Z
2026-09-03T01:28:24Z,2026-09-03T03:28:24+0200,4585e6bd-9f7f-4070-920d-180f827f83c4,2026-08-31T10:00:00Z,2026-08-31T12:00:00+0200,643.909,MW,DK2,DK_2,actual_solar_generation,Solar,2026-09-03T01:29:05Z
2026-09-03T01:28:24Z,2026-09-03T03:28:24+0200,4585e6bd-9f7f-4070-920d-180f827f83c4,2026-08-31T10:15:00Z,2026-08-31T12:15:00+0200,777.188,MW,DK2,DK_2,actual_solar_generation,Solar,2026-09-03T01:29:05Z
2026-09-03T01:28:24Z,2026-09-03T03:28:24+0200,4585e6bd-9f7f-4070-920d-180f827f83c4,2026-08-31T10:30:00Z,2026-08-31T12:30:00+0200,903.977,MW,DK2,DK_2,actual_solar_generation,Solar,2026-09-03T01:29:05Z
2026-09-03T01:28:24Z,2026-09-03T03:28:24+0200,4585e6bd-9f7f-4070-920d-180f827f83c4,2026-08-31T10:45:00Z,2026-08-31T12:45:00+0200,1037.82,MW,DK2,DK_2,actual_solar_generation,Solar,2026-09-03T01:29:05Z
2026-09-03T01:28:24Z,2026-09-03T03:28:24+0200,4585e6bd-9f7f-4070-920d-180f827f83c4,2026-08-31T11:00:00Z,2026-08-31T13:00:00+0200,969.424,MW,DK2,DK_2,actual_solar_generation,Solar,2026-09-03T01:29:05Z
2026-09-03T01:28:24Z,2026-09-03T03:28:24+0200,4585e6bd-9f7f-4070-920d-180f827f83c4,2026-08-31T11:15:00Z,2026-08-31T13:15:00+0200,839.944,MW,DK2,DK_2,actual_solar_generation,Solar,2026-09-03T01:29:05Z
2026-09-03T01:28:24Z,2026-09-03T03:28:24+0200,4585e6bd-9f7f-4070-920d-180f827f83c4,2026-08-31T11:30:00Z,2026-08-31T13:30:00+0200,885.624,MW,DK2,DK_2,actual_solar_generation,Solar,2026-09-03T01:29:05Z
2026-09-03T01:28:24Z,2026-09-03T03:28:24+0200,4585e6bd-9f7f-4070-920d-180f827f83c4,2026-08-31T11:45:00Z,2026-08-31T13:45:00+0200,761.596,MW,DK2,DK_2,actual_solar_generation,Solar,2026-09-03T01:29:05Z
2026-09-03T01:28:24Z,2026-09-03T03:28:24+0200,4585e6bd-9f7f-4070-920d-180f827f83c4,2026-08-31T12:00:00Z,2026-08-31T14:00:00+0200,717.612,MW,DK2,DK_2,actual_solar_generation,Solar,2026-09-03T01:29:05Z
2026-09-03T01:28:24Z,2026-09-03T03:28:24+0200,4585e6bd-9f7f-4070-920d-180f827f83c4,2026-08-31T12:15:00Z,2026-08-31T14:15:00+0200,717.33,MW,DK2,DK_2,actual_solar_generation,Solar,2026-09-03T01:29:05Z
2026-09-03T01:28:24Z,2026-09-03T03:28:24+0200,4585e6bd-9f7f-4070-920d-180f827f83c4,2026-08-31T12:30:00Z,2026-08-31T14:30:00+0200,766.794,MW,DK2,DK_2,actual_solar_generation,Solar,2026-09-03T01:29:05Z
2026-09-03T01:28:24Z,2026-09-03T03:28:24+0200,4585e6bd-9f7f-4070-920d-180f827f83c4,2026-08-31T12:45:00Z,2026-08-31T14:45:00+0200,655.248,MW,DK2,DK_2,actual_solar_generation,Solar,2026-09-03T01:29:05Z
2026-09-03T01:28:24Z,2026-09-03T03:28:24+0200,4585e6bd-9f7f-4070-920d-180f827f83c4,2026-08-31T13:00:00Z,2026-08-31T15:00:00+0200,579.716,MW,DK2,DK_2,actual_solar_generation,Solar,2026-09-03T01:29:05Z
2026-09-03T01:28:24Z,2026-09-03T03:28:24+0200,4585e6bd-9f7f-4070-920d-180f827f83c4,2026-08-31T13:15:00Z,2026-08-31T15:15:00+0200,519.901,MW,DK2,DK_2,actual_solar_generation,Solar,2026-09-03T01:29:05Z
2026-09-03T01:28:24Z,2026-09-03T03:28:24+0200,4585e6bd-9f7f-4070-920d-180f827f83c4,2026-08-31T13:30:00Z,2026-08-31T15:30:00+0200,429.931,MW,DK2,DK_2,actual_solar_generation,Solar,2026-09-03T01:29:05Z
2026-09-03T01:28:24Z,2026-09-03T03:28:24+0200,4585e6bd-9f7f-4070-920d-180f827f83c4,2026-08-31T13:45:00Z,2026-08-31T15:45:00+0200,343.179,MW,DK2,DK_2,actual_solar_generation,Solar,2026-09-03T01:29:05Z
2026-09-03T01:28:24Z,2026-09-03T03:28:24+0200,4585e6bd-9f7f-4070-920d-180f827f83c4,2026-08-31T14:00:00Z,2026-08-31T16:00:00+0200,260.639,MW,DK2,DK_2,actual_solar_generation,Solar,2026-09-03T01:29:05Z
2026-09-03T01:28:24Z,2026-09-03T03:28:24+0200,4585e6bd-9f7f-4070-920d-180f827f83c4,2026-08-31T14:15:00Z,2026-08-31T16:15:00+0200,145.829,MW,DK2,DK_2,actual_solar_generation,Solar,2026-09-03T01:29:05Z
2026-09-03T01:28:24Z,2026-09-03T03:28:24+0200,4585e6bd-9f7f-4070-920d-180f827f83c4,2026-08-31T14:30:00Z,2026-08-31T16:30:00+0200,102.265,MW,DK2,DK_2,actual_solar_generation,Solar,2026-09-03T01:29:05Z
2026-09-03T01:28:24Z,2026-09-03T03:28:24+0200,4585e6bd-9f7f-4070-920d-180f827f83c4,2026-08-31T14:45:00Z,2026-08-31T16:45:00+0200,140.864,MW,DK2,DK_2,actual_solar_generation,Solar,2026-09-03T01:29:05Z
2026-09-03T01:28:24Z,2026-09-03T03:28:24+0200,4585e6bd-9f7f-4070-920d-180f827f83c4,2026-08-31T15:00:00Z,2026-08-31T17:00:00+0200,147.341,MW,DK2,DK_2,actual_solar_generation,Solar,2026-09-03T01:29:05Z
2026-09-03T01:28:24Z,2026-09-03T03:28:24+0200,4585e6bd-9f7f-4070-920d-180f827f83c4,2026-08-31T15:15:00Z,2026-08-31T17:15:00+0200,132.893,MW,DK2,DK_2,actual_solar_generation,Solar,2026-09-03T01:29:05Z
2026-09-03T01:28:24Z,2026-09-03T03:28:24+0200,4585e6bd-9f7f-4070-920d-180f827f83c4,2026-08-31T15:30:00Z,2026-08-31T17:30:00+0200,118.084,MW,DK2,DK_2,actual_solar_generation,Solar,2026-09-03T01:29:05Z
2026-09-03T01:28:24Z,2026-09-03T03:28:24+0200,4585e6bd-9f7f-4070-920d-180f827f83c4,2026-08-31T15:45:00Z,2026-08-31T17:45:00+0200,159.542,MW,DK2,DK_2,actual_solar_generation,Solar,2026-09-03T01:29:05Z
2026-09-03T01:28:24Z,2026-09-03T03:28:24+0200,4585e6bd-9f7f-4070-920d-180f827f83c4,2026-08-31T16:00:00Z,2026-08-31T18:00:00+0200,161.86,MW,DK2,DK_2,actual_solar_generation,Solar,2026-09-03T01:29:05Z
2026-09-03T01:28:24Z,2026-09-03T03:28:24+0200,4585e6bd-9f7f-4070-920d-180f827f83c4,2026-08-31T16:15:00Z,2026-08-31T18:15:00+0200,141.625,MW,DK2,DK_2,actual_solar_generation,Solar,2026-09-03T01:29:05Z
2026-09-03T01:28:24Z,2026-09-03T03:28:24+0200,4585e6bd-9f7f-4070-920d-180f827f83c4,2026-08-31T16:30:00Z,2026-08-31T18:30:00+0200,100.593,MW,DK2,DK_2,actual_solar_generation,Solar,2026-09-03T01:29:05Z
2026-09-03T01:28:24Z,2026-09-03T03:28:24+0200,4585e6bd-9f7f-4070-920d-180f827f83c4,2026-08-31T16:45:00Z,2026-08-31T18:45:00+0200,87.9979,MW,DK2,DK_2,actual_solar_generation,Solar,2026-09-03T01:29:05Z
2026-09-03T01:28:24Z,2026-09-03T03:28:24+0200,4585e6bd-9f7f-4070-920d-180f827f83c4,2026-08-31T17:00:00Z,2026-08-31T19:00:00+0200,79.9922,MW,DK2,DK_2,actual_solar_generation,Solar,2026-09-03T01:29:05Z
2026-09-03T01:28:24Z,2026-09-03T03:28:24+0200,4585e6bd-9f7f-4070-920d-180f827f83c4,2026-08-31T17:15:00Z,2026-08-31T19:15:00+0200,52.841,MW,DK2,DK_2,actual_solar_generation,Solar,2026-09-03T01:29:05Z
2026-09-03T01:28:24Z,2026-09-03T03:28:24+0200,4585e6bd-9f7f-4070-920d-180f827f83c4,2026-08-31T17:30:00Z,2026-08-31T19:30:00+0200,33.1419,MW,DK2,DK_2,actual_solar_generation,Solar,2026-09-03T01:29:05Z
2026-09-03T01:28:24Z,2026-09-03T03:28:24+0200,4585e6bd-9f7f-4070-920d-180f827f83c4,2026-08-31T17:45:00Z,2026-08-31T19:45:00+0200,12.2005,MW,DK2,DK_2,actual_solar_generation,Solar,2026-09-03T01:29:05Z
2026-09-03T01:28:24Z,2026-09-03T03:28:24+0200,4585e6bd-9f7f-4070-920d-180f827f83c4,2026-08-31T18:00:00Z,2026-08-31T20:00:00+0200,1.33258,MW,DK2,DK_2,actual_solar_generation,Solar,2026-09-03T01:29:05Z
2026-09-03T01:28:24Z,2026-09-03T03:28:24+0200,4585e6bd-9f7f-4070-920d-180f827f83c4,2026-08-31T18:15:00Z,2026-08-31T20:15:00+0200,0.195266,MW,DK2,DK_2,actual_solar_generation,Solar,2026-09-03T01:29:05Z
2026-09-03T01:28:24Z,2026-09-03T03:28:24+0200,4585e6bd-9f7f-4070-920d-180f827f83c4,2026-08-31T18:30:00Z,2026-08-31T20:30:00+0200,0.0,MW,DK2,DK_2,actual_solar_generation,Solar,2026-09-03T01:29:05Z
2026-09-03T01:28:24Z,2026-09-03T03:28:24+0200,4585e6bd-9f7f-4070-920d-180f827f83c4,2026-08-31T18:45:00Z,2026-08-31T20:45:00+0200,0.0,MW,DK2,DK_2,actual_solar_generation,Solar,2026-09-03T01:29:05Z
2026-09-03T01:28:24Z,2026-09-03T03:28:24+0200,4585e6bd-9f7f-4070-920d-180f827f83c4,2026-08-31T19:00:00Z,2026-08-31T21:00:00+0200,0.0,MW,DK2,DK_2,actual_solar_generation,Solar,2026-09-03T01:29:05Z
2026-09-03T01:28:24Z,2026-09-03T03:28:24+0200,4585e6bd-9f7f-4070-920d-180f827f83c4,2026-08-31T19:15:00Z,2026-08-31T21:15:00+0200,0.0,MW,DK2,DK_2,actual_solar_generation,Solar,2026-09-03T01:29:05Z
2026-09-03T01:28:24Z,2026-09-03T03:28:24+0200,4585e6bd-9f7f-4070-920d-180f827f83c4,2026-08-31T19:30:00Z,2026-08-31T21:30:00+0200,0.0,MW,DK2,DK_2,actual_solar_generation,Solar,2026-09-03T01:29:05Z
2026-09-03T01:28:24Z,2026-09-03T03:28:24+0200,4585e6bd-9f7f-4070-920d-180f827f83c4,2026-08-31T19:45:00Z,2026-08-31T21:45:00+0200,0.0,MW,DK2,DK_2,actual_solar_generation,Solar,2026-09-03T01:29:05Z
2026-09-03T01:28:24Z,2026-09-03T03:28:24+0200,4585e6bd-9f7f-4070-920d-180f827f83c4,2026-08-31T20:00:00Z,2026-08-31T22:00:00+0200,0.0,MW,DK2,DK_2,actual_solar_generation,Solar,2026-09-03T01:29:05Z
2026-09-03T01:28:24Z,2026-09-03T03:28:24+0200,4585e6bd-9f7f-4070-920d-180f827f83c4,2026-08-31T20:15:00Z,2026-08-31T22:15:00+0200,0.0,MW,DK2,DK_2,actual_solar_generation,Solar,2026-09-03T01:29:05Z
2026-09-03T01:28:24Z,2026-09-03T03:28:24+0200,4585e6bd-9f7f-4070-920d-180f827f83c4,2026-08-31T20:30:00Z,2026-08-31T22:30:00+0200,0.0,MW,DK2,DK_2,actual_solar_generation,Solar,2026-09-03T01:29:05Z
2026-09-03T01:28:24Z,2026-09-03T03:28:24+0200,4585e6bd-9f7f-4070-920d-180f827f83c4,2026-08-31T20:45:00Z,2026-08-31T22:45:00+0200,0.0,MW,DK2,DK_2,actual_solar_generation,Solar,2026-09-03T01:29:05Z
2026-09-03T01:28:24Z,2026-09-03T03:28:24+0200,4585e6bd-9f7f-4070-920d-180f827f83c4,2026-08-31T21:00:00Z,2026-08-31T23:00:00+0200,0.438077,MW,DK2,DK_2,actual_solar_generation,Solar,2026-09-03T01:29:05Z
2026-09-03T01:28:24Z,2026-09-03T03:28:24+0200,4585e6bd-9f7f-4070-920d-180f827f83c4,2026-08-31T21:15:00Z,2026-08-31T23:15:00+0200,0.322117,MW,DK2,DK_2,actual_solar_generation,Solar,2026-09-03T01:29:05Z
2026-09-03T01:28:24Z,2026-09-03T03:28:24+0200,4585e6bd-9f7f-4070-920d-180f827f83c4,2026-08-31T21:30:00Z,2026-08-31T23:30:00+0200,0.256619,MW,DK2,DK_2,actual_solar_generation,Solar,2026-09-03T01:29:05Z
2026-09-03T01:28:24Z,2026-09-03T03:28:24+0200,4585e6bd-9f7f-4070-920d-180f827f83c4,2026-08-31T21:45:00Z,2026-08-31T23:45:00+0200,0.322652,MW,DK2,DK_2,actual_solar_generation,Solar,2026-09-03T01:29:05Z
2026-09-03T01:28:24Z,2026-09-03T03:28:24+0200,4585e6bd-9f7f-4070-920d-180f827f83c4,2026-08-31T22:00:00Z,2026-09-01T00:00:00+0200,0.339877,MW,DK2,DK_2,actual_solar_generation,Solar,2026-09-03T01:29:05Z
2026-09-03T01:28:24Z,2026-09-03T03:28:24+0200,4585e6bd-9f7f-4070-920d-180f827f83c4,2026-08-31T22:15:00Z,2026-09-01T00:15:00+0200,0.0,MW,DK2,DK_2,actual_solar_generation,Solar,2026-09-03T01:29:05Z
2026-09-03T01:28:24Z,2026-09-03T03:28:24+0200,4585e6bd-9f7f-4070-920d-180f827f83c4,2026-08-31T22:30:00Z,2026-09-01T00:30:00+0200,0.116576,MW,DK2,DK_2,actual_solar_generation,Solar,2026-09-03T01:29:05Z
2026-09-03T01:28:24Z,2026-09-03T03:28:24+0200,4585e6bd-9f7f-4070-920d-180f827f83c4,2026-08-31T22:45:00Z,2026-09-01T00:45:00+0200,0.025602,MW,DK2,DK_2,actual_solar_generation,Solar,2026-09-03T01:29:05Z
2026-09-03T01:28:24Z,2026-09-03T03:28:24+0200,4585e6bd-9f7f-4070-920d-180f827f83c4,2026-08-31T23:00:00Z,2026-09-01T01:00:00+0200,0.043003,MW,DK2,DK_2,actual_solar_generation,Solar,2026-09-03T01:29:05Z
2026-09-03T01:28:24Z,2026-09-03T03:28:24+0200,4585e6bd-9f7f-4070-920d-180f827f83c4,2026-08-31T23:15:00Z,2026-09-01T01:15:00+0200,0.264904,MW,DK2,DK_2,actual_solar_generation,Solar,2026-09-03T01:29:05Z
2026-09-03T01:28:24Z,2026-09-03T03:28:24+0200,4585e6bd-9f7f-4070-920d-180f827f83c4,2026-08-31T23:30:00Z,2026-09-01T01:30:00+0200,0.287636,MW,DK2,DK_2,actual_solar_generation,Solar,2026-09-03T01:29:05Z
2026-09-03T01:28:24Z,2026-09-03T03:28:24+0200,4585e6bd-9f7f-4070-920d-180f827f83c4,2026-08-31T23:45:00Z,2026-09-01T01:45:00+0200,0.12597,MW,DK2,DK_2,actual_solar_generation,Solar,2026-09-03T01:29:05Z
2026-09-03T01:28:24Z,2026-09-03T03:28:24+0200,4585e6bd-9f7f-4070-920d-180f827f83c4,2026-09-01T00:00:00Z,2026-09-01T02:00:00+0200,0.0,MW,DK2,DK_2,actual_solar_generation,Solar,2026-09-03T01:29:05Z
2026-09-03T01:28:24Z,2026-09-03T03:28:24+0200,4585e6bd-9f7f-4070-920d-180f827f83c4,2026-09-01T00:15:00Z,2026-09-01T02:15:00+0200,0.095035,MW,DK2,DK_2,actual_solar_generation,Solar,2026-09-03T01:29:05Z
2026-09-03T01:28:24Z,2026-09-03T03:28:24+0200,4585e6bd-9f7f-4070-920d-180f827f83c4,2026-09-01T00:30:00Z,2026-09-01T02:30:00+0200,0.0,MW,DK2,DK_2,actual_solar_generation,Solar,2026-09-03T01:29:05Z
2026-09-03T01:28:24Z,2026-09-03T03:28:24+0200,4585e6bd-9f7f-4070-920d-180f827f83c4,2026-09-01T00:45:00Z,2026-09-01T02:45:00+0200,0.0,MW,DK2,DK_2,actual_solar_generation,Solar,2026-09-03T01:29:05Z
2026-09-03T01:28:24Z,2026-09-03T03:28:24+0200,4585e6bd-9f7f-4070-920d-180f827f83c4,2026-09-01T01:00:00Z,2026-09-01T03:00:00+0200,0.130383,MW,DK2,DK_2,actual_solar_generation,Solar,2026-09-03T01:29:05Z
2026-09-03T01:28:24Z,2026-09-03T03:28:24+0200,4585e6bd-9f7f-4070-920d-180f827f83c4,2026-09-01T01:15:00Z,2026-09-01T03:15:00+0200,0.180249,MW,DK2,DK_2,actual_solar_generation,Solar,2026-09-03T01:29:05Z
2026-09-03T01:28:24Z,2026-09-03T03:28:24+0200,4585e6bd-9f7f-4070-920d-180f827f83c4,2026-09-01T01:30:00Z,2026-09-01T03:30:00+0200,0.145749,MW,DK2,DK_2,actual_solar_generation,Solar,2026-09-03T01:29:05Z
2026-09-03T01:28:24Z,2026-09-03T03:28:24+0200,4585e6bd-9f7f-4070-920d-180f827f83c4,2026-09-01T01:45:00Z,2026-09-01T03:45:00+0200,0.0,MW,DK2,DK_2,actual_solar_generation,Solar,2026-09-03T01:29:05Z
2026-09-03T01:28:24Z,2026-09-03T03:28:24+0200,4585e6bd-9f7f-4070-920d-180f827f83c4,2026-09-01T02:00:00Z,2026-09-01T04:00:00+0200,0.0,MW,DK2,DK_2,actual_solar_generation,Solar,2026-09-03T01:29:05Z
2026-09-03T01:28:24Z,2026-09-03T03:28:24+0200,4585e6bd-9f7f-4070-920d-180f827f83c4,2026-09-01T02:15:00Z,2026-09-01T04:15:00+0200,0.184202,MW,DK2,DK_2,actual_solar_generation,Solar,2026-09-03T01:29:05Z
2026-09-03T01:28:24Z,2026-09-03T03:28:24+0200,4585e6bd-9f7f-4070-920d-180f827f83c4,2026-09-01T02:30:00Z,2026-09-01T04:30:00+0200,0.060766,MW,DK2,DK_2,actual_solar_generation,Solar,2026-09-03T01:29:05Z
2026-09-03T01:28:24Z,2026-09-03T03:28:24+0200,4585e6bd-9f7f-4070-920d-180f827f83c4,2026-09-01T02:45:00Z,2026-09-01T04:45:00+0200,0.0,MW,DK2,DK_2,actual_solar_generation,Solar,2026-09-03T01:29:05Z
2026-09-03T01:28:24Z,2026-09-03T03:28:24+0200,4585e6bd-9f7f-4070-920d-180f827f83c4,2026-09-01T03:00:00Z,2026-09-01T05:00:00+0200,0.046952,MW,DK2,DK_2,actual_solar_generation,Solar,2026-09-03T01:29:05Z
2026-09-03T01:28:24Z,2026-09-03T03:28:24+0200,4585e6bd-9f7f-4070-920d-180f827f83c4,2026-09-01T03:15:00Z,2026-09-01T05:15:00+0200,0.216172,MW,DK2,DK_2,actual_solar_generation,Solar,2026-09-03T01:29:05Z
2026-09-03T01:28:24Z,2026-09-03T03:28:24+0200,4585e6bd-9f7f-4070-920d-180f827f83c4,2026-09-01T03:30:00Z,2026-09-01T05:30:00+0200,0.058169,MW,DK2,DK_2,actual_solar_generation,Solar,2026-09-03T01:29:05Z
2026-09-03T01:28:24Z,2026-09-03T03:28:24+0200,4585e6bd-9f7f-4070-920d-180f827f83c4,2026-09-01T03:45:00Z,2026-09-01T05:45:00+0200,0.53519,MW,DK2,DK_2,actual_solar_generation,Solar,2026-09-03T01:29:05Z
2026-09-03T01:28:24Z,2026-09-03T03:28:24+0200,4585e6bd-9f7f-4070-920d-180f827f83c4,2026-09-01T04:00:00Z,2026-09-01T06:00:00+0200,0.725156,MW,DK2,DK_2,actual_solar_generation,Solar,2026-09-03T01:29:05Z
2026-09-03T01:28:24Z,2026-09-03T03:28:24+0200,4585e6bd-9f7f-4070-920d-180f827f83c4,2026-09-01T04:15:00Z,2026-09-01T06:15:00+0200,1.66818,MW,DK2,DK_2,actual_solar_generation,Solar,2026-09-03T01:29:05Z
2026-09-03T01:28:24Z,2026-09-03T03:28:24+0200,4585e6bd-9f7f-4070-920d-180f827f83c4,2026-09-01T04:30:00Z,2026-09-01T06:30:00+0200,16.3682,MW,DK2,DK_2,actual_solar_generation,Solar,2026-09-03T01:29:05Z
2026-09-03T01:28:24Z,2026-09-03T03:28:24+0200,4585e6bd-9f7f-4070-920d-180f827f83c4,2026-09-01T04:45:00Z,2026-09-01T06:45:00+0200,37.3674,MW,DK2,DK_2,actual_solar_generation,Solar,2026-09-03T01:29:05Z
2026-09-03T01:28:24Z,2026-09-03T03:28:24+0200,4585e6bd-9f7f-4070-920d-180f827f83c4,2026-09-01T05:00:00Z,2026-09-01T07:00:00+0200,42.7552,MW,DK2,DK_2,actual_solar_generation,Solar,2026-09-03T01:29:05Z
2026-09-03T01:28:24Z,2026-09-03T03:28:24+0200,4585e6bd-9f7f-4070-920d-180f827f83c4,2026-09-01T05:15:00Z,2026-09-01T07:15:00+0200,71.281,MW,DK2,DK_2,actual_solar_generation,Solar,2026-09-03T01:29:05Z
2026-09-03T01:28:24Z,2026-09-03T03:28:24+0200,4585e6bd-9f7f-4070-920d-180f827f83c4,2026-09-01T05:30:00Z,2026-09-01T07:30:00+0200,95.9122,MW,DK2,DK_2,actual_solar_generation,Solar,2026-09-03T01:29:05Z
2026-09-03T01:28:24Z,2026-09-03T03:28:24+0200,4585e6bd-9f7f-4070-920d-180f827f83c4,2026-09-01T05:45:00Z,2026-09-01T07:45:00+0200,151.185,MW,DK2,DK_2,actual_solar_generation,Solar,2026-09-03T01:29:05Z
2026-09-03T01:28:24Z,2026-09-03T03:28:24+0200,4585e6bd-9f7f-4070-920d-180f827f83c4,2026-09-01T06:00:00Z,2026-09-01T08:00:00+0200,199.998,MW,DK2,DK_2,actual_solar_generation,Solar,2026-09-03T01:29:05Z
2026-09-03T01:28:24Z,2026-09-03T03:28:24+0200,4585e6bd-9f7f-4070-920d-180f827f83c4,2026-09-01T06:15:00Z,2026-09-01T08:15:00+0200,240.547,MW,DK2,DK_2,actual_solar_generation,Solar,2026-09-03T01:29:05Z
2026-09-03T01:28:24Z,2026-09-03T03:28:24+0200,4585e6bd-9f7f-4070-920d-180f827f83c4,2026-09-01T06:30:00Z,2026-09-01T08:30:00+0200,246.155,MW,DK2,DK_2,actual_solar_generation,Solar,2026-09-03T01:29:05Z
2026-09-03T01:28:24Z,2026-09-03T03:28:24+0200,4585e6bd-9f7f-4070-920d-180f827f83c4,2026-09-01T06:45:00Z,2026-09-01T08:45:00+0200,288.235,MW,DK2,DK_2,actual_solar_generation,Solar,2026-09-03T01:29:05Z
2026-09-03T01:28:24Z,2026-09-03T03:28:24+0200,4585e6bd-9f7f-4070-920d-180f827f83c4,2026-09-01T07:00:00Z,2026-09-01T09:00:00+0200,384.717,MW,DK2,DK_2,actual_solar_generation,Solar,2026-09-03T01:29:05Z
2026-09-03T01:28:24Z,2026-09-03T03:28:24+0200,4585e6bd-9f7f-4070-920d-180f827f83c4,2026-09-01T07:15:00Z,2026-09-01T09:15:00+0200,422.473,MW,DK2,DK_2,actual_solar_generation,Solar,2026-09-03T01:29:05Z
2026-09-03T01:28:24Z,2026-09-03T03:28:24+0200,4585e6bd-9f7f-4070-920d-180f827f83c4,2026-09-01T07:30:00Z,2026-09-01T09:30:00+0200,421.005,MW,DK2,DK_2,actual_solar_generation,Solar,2026-09-03T01:29:05Z
2026-09-03T01:28:24Z,2026-09-03T03:28:24+0200,4585e6bd-9f7f-4070-920d-180f827f83c4,2026-09-01T07:45:00Z,2026-09-01T09:45:00+0200,583.31,MW,DK2,DK_2,actual_solar_generation,Solar,2026-09-03T01:29:05Z
2026-09-03T01:28:24Z,2026-09-03T03:28:24+0200,4585e6bd-9f7f-4070-920d-180f827f83c4,2026-09-01T08:00:00Z,2026-09-01T10:00:00+0200,527.707,MW,DK2,DK_2,actual_solar_generation,Solar,2026-09-03T01:29:05Z
2026-09-03T01:28:24Z,2026-09-03T03:28:24+0200,4585e6bd-9f7f-4070-920d-180f827f83c4,2026-09-01T08:15:00Z,2026-09-01T10:15:00+0200,568.458,MW,DK2,DK_2,actual_solar_generation,Solar,2026-09-03T01:29:05Z
2026-09-03T01:28:24Z,2026-09-03T03:28:24+0200,4585e6bd-9f7f-4070-920d-180f827f83c4,2026-09-01T08:30:00Z,2026-09-01T10:30:00+0200,682.461,MW,DK2,DK_2,actual_solar_generation,Solar,2026-09-03T01:29:05Z
2026-09-03T01:28:24Z,2026-09-03T03:28:24+0200,4585e6bd-9f7f-4070-920d-180f827f83c4,2026-09-01T08:45:00Z,2026-09-01T10:45:00+0200,716.789,MW,DK2,DK_2,actual_solar_generation,Solar,2026-09-03T01:29:05Z
2026-09-03T01:28:24Z,2026-09-03T03:28:24+0200,4585e6bd-9f7f-4070-920d-180f827f83c4,2026-09-01T09:00:00Z,2026-09-01T11:00:00+0200,681.366,MW,DK2,DK_2,actual_solar_generation,Solar,2026-09-03T01:29:05Z
2026-09-03T01:28:24Z,2026-09-03T03:28:24+0200,4585e6bd-9f7f-4070-920d-180f827f83c4,2026-09-01T09:15:00Z,2026-09-01T11:15:00+0200,688.016,MW,DK2,DK_2,actual_solar_generation,Solar,2026-09-03T01:29:05Z
2026-09-03T01:28:24Z,2026-09-03T03:28:24+0200,4585e6bd-9f7f-4070-920d-180f827f83c4,2026-09-01T09:30:00Z,2026-09-01T11:30:00+0200,726.366,MW,DK2,DK_2,actual_solar_generation,Solar,2026-09-03T01:29:05Z
2026-09-03T01:28:24Z,2026-09-03T03:28:24+0200,4585e6bd-9f7f-4070-920d-180f827f83c4,2026-09-01T09:45:00Z,2026-09-01T11:45:00+0200,839.858,MW,DK2,DK_2,actual_solar_generation,Solar,2026-09-03T01:29:05Z
2026-09-03T01:28:24Z,2026-09-03T03:28:24+0200,4585e6bd-9f7f-4070-920d-180f827f83c4,2026-09-01T10:00:00Z,2026-09-01T12:00:00+0200,730.713,MW,DK2,DK_2,actual_solar_generation,Solar,2026-09-03T01:29:05Z
2026-09-03T01:28:24Z,2026-09-03T03:28:24+0200,4585e6bd-9f7f-4070-920d-180f827f83c4,2026-09-01T10:15:00Z,2026-09-01T12:15:00+0200,773.568,MW,DK2,DK_2,actual_solar_generation,Solar,2026-09-03T01:29:05Z
2026-09-03T01:28:24Z,2026-09-03T03:28:24+0200,4585e6bd-9f7f-4070-920d-180f827f83c4,2026-09-01T10:30:00Z,2026-09-01T12:30:00+0200,716.107,MW,DK2,DK_2,actual_solar_generation,Solar,2026-09-03T01:29:05Z
2026-09-03T01:28:24Z,2026-09-03T03:28:24+0200,4585e6bd-9f7f-4070-920d-180f827f83c4,2026-09-01T10:45:00Z,2026-09-01T12:45:00+0200,678.196,MW,DK2,DK_2,actual_solar_generation,Solar,2026-09-03T01:29:05Z
2026-09-03T01:28:24Z,2026-09-03T03:28:24+0200,4585e6bd-9f7f-4070-920d-180f827f83c4,2026-09-01T11:00:00Z,2026-09-01T13:00:00+0200,710.191,MW,DK2,DK_2,actual_solar_generation,Solar,2026-09-03T01:29:05Z
2026-09-03T01:28:24Z,2026-09-03T03:28:24+0200,4585e6bd-9f7f-4070-920d-180f827f83c4,2026-09-01T11:15:00Z,2026-09-01T13:15:00+0200,707.302,MW,DK2,DK_2,actual_solar_generation,Solar,2026-09-03T01:29:05Z
2026-09-03T01:28:24Z,2026-09-03T03:28:24+0200,4585e6bd-9f7f-4070-920d-180f827f83c4,2026-09-01T11:30:00Z,2026-09-01T13:30:00+0200,694.725,MW,DK2,DK_2,actual_solar_generation,Solar,2026-09-03T01:29:05Z
2026-09-03T01:28:24Z,2026-09-03T03:28:24+0200,4585e6bd-9f7f-4070-920d-180f827f83c4,2026-09-01T11:45:00Z,2026-09-01T13:45:00+0200,613.986,MW,DK2,DK_2,actual_solar_generation,Solar,2026-09-03T01:29:05Z
2026-09-03T01:28:24Z,2026-09-03T03:28:24+0200,4585e6bd-9f7f-4070-920d-180f827f83c4,2026-09-01T12:00:00Z,2026-09-01T14:00:00+0200,687.85,MW,DK2,DK_2,actual_solar_generation,Solar,2026-09-03T01:29:05Z
2026-09-03T01:28:24Z,2026-09-03T03:28:24+0200,4585e6bd-9f7f-4070-920d-180f827f83c4,2026-09-01T12:15:00Z,2026-09-01T14:15:00+0200,569.895,MW,DK2,DK_2,actual_solar_generation,Solar,2026-09-03T01:29:05Z
2026-09-03T01:28:24Z,2026-09-03T03:28:24+0200,4585e6bd-9f7f-4070-920d-180f827f83c4,2026-09-01T12:30:00Z,2026-09-01T14:30:00+0200,435.518,MW,DK2,DK_2,actual_solar_generation,Solar,2026-09-03T01:29:05Z
2026-09-03T01:28:24Z,2026-09-03T03:28:24+0200,4585e6bd-9f7f-4070-920d-180f827f83c4,2026-09-01T12:45:00Z,2026-09-01T14:45:00+0200,613.678,MW,DK2,DK_2,actual_solar_generation,Solar,2026-09-03T01:29:05Z
2026-09-03T01:28:24Z,2026-09-03T03:28:24+0200,4585e6bd-9f7f-4070-920d-180f827f83c4,2026-09-01T13:00:00Z,2026-09-01T15:00:00+0200,561.641,MW,DK2,DK_2,actual_solar_generation,Solar,2026-09-03T01:29:05Z
2026-09-03T01:28:24Z,2026-09-03T03:28:24+0200,4585e6bd-9f7f-4070-920d-180f827f83c4,2026-09-01T13:15:00Z,2026-09-01T15:15:00+0200,524.479,MW,DK2,DK_2,actual_solar_generation,Solar,2026-09-03T01:29:05Z
2026-09-03T01:28:24Z,2026-09-03T03:28:24+0200,4585e6bd-9f7f-4070-920d-180f827f83c4,2026-09-01T13:30:00Z,2026-09-01T15:30:00+0200,474.224,MW,DK2,DK_2,actual_solar_generation,Solar,2026-09-03T01:29:05Z
2026-09-03T01:28:24Z,2026-09-03T03:28:24+0200,4585e6bd-9f7f-4070-920d-180f827f83c4,2026-09-01T13:45:00Z,2026-09-01T15:45:00+0200,484.175,MW,DK2,DK_2,actual_solar_generation,Solar,2026-09-03T01:29:05Z
2026-09-03T01:28:24Z,2026-09-03T03:28:24+0200,4585e6bd-9f7f-4070-920d-180f827f83c4,2026-09-01T14:00:00Z,2026-09-01T16:00:00+0200,573.372,MW,DK2,DK_2,actual_solar_generation,Solar,2026-09-03T01:29:05Z
2026-09-03T01:28:24Z,2026-09-03T03:28:24+0200,4585e6bd-9f7f-4070-920d-180f827f83c4,2026-09-01T14:15:00Z,2026-09-01T16:15:00+0200,505.325,MW,DK2,DK_2,actual_solar_generation,Solar,2026-09-03T01:29:05Z
2026-09-03T01:28:24Z,2026-09-03T03:28:24+0200,4585e6bd-9f7f-4070-920d-180f827f83c4,2026-09-01T14:30:00Z,2026-09-01T16:30:00+0200,506.96,MW,DK2,DK_2,actual_solar_generation,Solar,2026-09-03T01:29:05Z
2026-09-03T01:28:24Z,2026-09-03T03:28:24+0200,4585e6bd-9f7f-4070-920d-180f827f83c4,2026-09-01T14:45:00Z,2026-09-01T16:45:00+0200,647.943,MW,DK2,DK_2,actual_solar_generation,Solar,2026-09-03T01:29:05Z
2026-09-03T01:28:24Z,2026-09-03T03:28:24+0200,4585e6bd-9f7f-4070-920d-180f827f83c4,2026-09-01T15:00:00Z,2026-09-01T17:00:00+0200,506.85,MW,DK2,DK_2,actual_solar_generation,Solar,2026-09-03T01:29:05Z
2026-09-03T01:28:24Z,2026-09-03T03:28:24+0200,4585e6bd-9f7f-4070-920d-180f827f83c4,2026-09-01T15:15:00Z,2026-09-01T17:15:00+0200,469.996,MW,DK2,DK_2,actual_solar_generation,Solar,2026-09-03T01:29:05Z
2026-09-03T01:28:24Z,2026-09-03T03:28:24+0200,4585e6bd-9f7f-4070-920d-180f827f83c4,2026-09-01T15:30:00Z,2026-09-01T17:30:00+0200,427.055,MW,DK2,DK_2,actual_solar_generation,Solar,2026-09-03T01:29:05Z
2026-09-03T01:28:24Z,2026-09-03T03:28:24+0200,4585e6bd-9f7f-4070-920d-180f827f83c4,2026-09-01T15:45:00Z,2026-09-01T17:45:00+0200,398.694,MW,DK2,DK_2,actual_solar_generation,Solar,2026-09-03T01:29:05Z
2026-09-03T01:28:24Z,2026-09-03T03:28:24+0200,4585e6bd-9f7f-4070-920d-180f827f83c4,2026-09-01T16:00:00Z,2026-09-01T18:00:00+0200,359.188,MW,DK2,DK_2,actual_solar_generation,Solar,2026-09-03T01:29:05Z
2026-09-03T01:28:24Z,2026-09-03T03:28:24+0200,4585e6bd-9f7f-4070-920d-180f827f83c4,2026-09-01T16:15:00Z,2026-09-01T18:15:00+0200,245.543,MW,DK2,DK_2,actual_solar_generation,Solar,2026-09-03T01:29:05Z
2026-09-03T01:28:24Z,2026-09-03T03:28:24+0200,4585e6bd-9f7f-4070-920d-180f827f83c4,2026-09-01T16:30:00Z,2026-09-01T18:30:00+0200,184.761,MW,DK2,DK_2,actual_solar_generation,Solar,2026-09-03T01:29:05Z
2026-09-03T01:28:24Z,2026-09-03T03:28:24+0200,4585e6bd-9f7f-4070-920d-180f827f83c4,2026-09-01T16:45:00Z,2026-09-01T18:45:00+0200,148.096,MW,DK2,DK_2,actual_solar_generation,Solar,2026-09-03T01:29:05Z
2026-09-03T01:28:24Z,2026-09-03T03:28:24+0200,4585e6bd-9f7f-4070-920d-180f827f83c4,2026-09-01T17:00:00Z,2026-09-01T19:00:00+0200,85.8162,MW,DK2,DK_2,actual_solar_generation,Solar,2026-09-03T01:29:05Z
2026-09-03T01:28:24Z,2026-09-03T03:28:24+0200,4585e6bd-9f7f-4070-920d-180f827f83c4,2026-09-01T17:15:00Z,2026-09-01T19:15:00+0200,35.6074,MW,DK2,DK_2,actual_solar_generation,Solar,2026-09-03T01:29:05Z
2026-09-03T01:28:24Z,2026-09-03T03:28:24+0200,4585e6bd-9f7f-4070-920d-180f827f83c4,2026-09-01T17:30:00Z,2026-09-01T19:30:00+0200,31.6196,MW,DK2,DK_2,actual_solar_generation,Solar,2026-09-03T01:29:05Z
2026-09-03T01:28:24Z,2026-09-03T03:28:24+0200,4585e6bd-9f7f-4070-920d-180f827f83c4,2026-09-01T17:45:00Z,2026-09-01T19:45:00+0200,11.9852,MW,DK2,DK_2,actual_solar_generation,Solar,2026-09-03T01:29:05Z
2026-09-03T01:28:24Z,2026-09-03T03:28:24+0200,4585e6bd-9f7f-4070-920d-180f827f83c4,2026-09-01T18:00:00Z,2026-09-01T20:00:00+0200,3.15448,MW,DK2,DK_2,actual_solar_generation,Solar,2026-09-03T01:29:05Z
2026-09-03T01:28:24Z,2026-09-03T03:28:24+0200,4585e6bd-9f7f-4070-920d-180f827f83c4,2026-09-01T18:15:00Z,2026-09-01T20:15:00+0200,3.19148,MW,DK2,DK_2,actual_solar_generation,Solar,2026-09-03T01:29:05Z
2026-09-03T01:28:24Z,2026-09-03T03:28:24+0200,4585e6bd-9f7f-4070-920d-180f827f83c4,2026-09-01T18:30:00Z,2026-09-01T20:30:00+0200,1.53303,MW,DK2,DK_2,actual_solar_generation,Solar,2026-09-03T01:29:05Z
2026-09-03T01:28:24Z,2026-09-03T03:28:24+0200,4585e6bd-9f7f-4070-920d-180f827f83c4,2026-09-01T18:45:00Z,2026-09-01T20:45:00+0200,0.867368,MW,DK2,DK_2,actual_solar_generation,Solar,2026-09-03T01:29:05Z
2026-09-03T01:28:24Z,2026-09-03T03:28:24+0200,4585e6bd-9f7f-4070-920d-180f827f83c4,2026-09-01T19:00:00Z,2026-09-01T21:00:00+0200,0.880764,MW,DK2,DK_2,actual_solar_generation,Solar,2026-09-03T01:29:05Z
2026-09-03T01:28:24Z,2026-09-03T03:28:24+0200,4585e6bd-9f7f-4070-920d-180f827f83c4,2026-09-01T19:15:00Z,2026-09-01T21:15:00+0200,1.17889,MW,DK2,DK_2,actual_solar_generation,Solar,2026-09-03T01:29:05Z
2026-09-03T01:28:24Z,2026-09-03T03:28:24+0200,4585e6bd-9f7f-4070-920d-180f827f83c4,2026-09-01T19:30:00Z,2026-09-01T21:30:00+0200,0.484582,MW,DK2,DK_2,actual_solar_generation,Solar,2026-09-03T01:29:05Z
2026-09-03T01:28:24Z,2026-09-03T03:28:24+0200,4585e6bd-9f7f-4070-920d-180f827f83c4,2026-09-01T19:45:00Z,2026-09-01T21:45:00+0200,0.0,MW,DK2,DK_2,actual_solar_generation,Solar,2026-09-03T01:29:05Z
2026-09-03T01:28:24Z,2026-09-03T03:28:24+0200,4585e6bd-9f7f-4070-920d-180f827f83c4,2026-09-01T20:00:00Z,2026-09-01T22:00:00+0200,2.92173,MW,DK2,DK_2,actual_solar_generation,Solar,2026-09-03T01:29:05Z
2026-09-03T01:28:24Z,2026-09-03T03:28:24+0200,4585e6bd-9f7f-4070-920d-180f827f83c4,2026-09-01T20:15:00Z,2026-09-01T22:15:00+0200,3.15737,MW,DK2,DK_2,actual_solar_generation,Solar,2026-09-03T01:29:05Z
2026-09-03T01:28:24Z,2026-09-03T03:28:24+0200,4585e6bd-9f7f-4070-920d-180f827f83c4,2026-09-01T20:30:00Z,2026-09-01T22:30:00+0200,3.4206,MW,DK2,DK_2,actual_solar_generation,Solar,2026-09-03T01:29:05Z
2026-09-03T01:28:24Z,2026-09-03T03:28:24+0200,4585e6bd-9f7f-4070-920d-180f827f83c4,2026-09-01T20:45:00Z,2026-09-01T22:45:00+0200,1.64826,MW,DK2,DK_2,actual_solar_generation,Solar,2026-09-03T01:29:05Z
2026-09-03T01:28:24Z,2026-09-03T03:28:24+0200,4585e6bd-9f7f-4070-920d-180f827f83c4,2026-09-01T21:00:00Z,2026-09-01T23:00:00+0200,0.2616,MW,DK2,DK_2,actual_solar_generation,Solar,2026-09-03T01:29:05Z
2026-09-03T01:28:24Z,2026-09-03T03:28:24+0200,4585e6bd-9f7f-4070-920d-180f827f83c4,2026-09-01T21:15:00Z,2026-09-01T23:15:00+0200,1.25485,MW,DK2,DK_2,actual_solar_generation,Solar,2026-09-03T01:29:05Z
2026-09-03T01:28:24Z,2026-09-03T03:28:24+0200,4585e6bd-9f7f-4070-920d-180f827f83c4,2026-09-01T21:30:00Z,2026-09-01T23:30:00+0200,0.422373,MW,DK2,DK_2,actual_solar_generation,Solar,2026-09-03T01:29:05Z
2026-09-03T01:28:24Z,2026-09-03T03:28:24+0200,4585e6bd-9f7f-4070-920d-180f827f83c4,2026-09-01T21:45:00Z,2026-09-01T23:45:00+0200,0.399049,MW,DK2,DK_2,actual_solar_generation,Solar,2026-09-03T01:29:05Z
2026-09-03T01:28:24Z,2026-09-03T03:28:24+0200,4585e6bd-9f7f-4070-920d-180f827f83c4,2026-09-01T22:00:00Z,2026-09-02T00:00:00+0200,0.260622,MW,DK2,DK_2,actual_solar_generation,Solar,2026-09-03T01:29:05Z
2026-09-03T01:28:24Z,2026-09-03T03:28:24+0200,4585e6bd-9f7f-4070-920d-180f827f83c4,2026-09-01T22:15:00Z,2026-09-02T00:15:00+0200,0.108018,MW,DK2,DK_2,actual_solar_generation,Solar,2026-09-03T01:29:05Z
2026-09-03T01:28:24Z,2026-09-03T03:28:24+0200,4585e6bd-9f7f-4070-920d-180f827f83c4,2026-09-01T22:30:00Z,2026-09-02T00:30:00+0200,0.228338,MW,DK2,DK_2,actual_solar_generation,Solar,2026-09-03T01:29:05Z
2026-09-03T01:28:24Z,2026-09-03T03:28:24+0200,4585e6bd-9f7f-4070-920d-180f827f83c4,2026-09-01T22:45:00Z,2026-09-02T00:45:00+0200,0.272457,MW,DK2,DK_2,actual_solar_generation,Solar,2026-09-03T01:29:05Z
2026-09-03T01:28:24Z,2026-09-03T03:28:24+0200,4585e6bd-9f7f-4070-920d-180f827f83c4,2026-09-01T23:00:00Z,2026-09-02T01:00:00+0200,0.0,MW,DK2,DK_2,actual_solar_generation,Solar,2026-09-03T01:29:05Z
2026-09-03T01:28:24Z,2026-09-03T03:28:24+0200,4585e6bd-9f7f-4070-920d-180f827f83c4,2026-09-01T23:15:00Z,2026-09-02T01:15:00+0200,0.292194,MW,DK2,DK_2,actual_solar_generation,Solar,2026-09-03T01:29:05Z
2026-09-03T01:28:24Z,2026-09-03T03:28:24+0200,4585e6bd-9f7f-4070-920d-180f827f83c4,2026-09-01T23:30:00Z,2026-09-02T01:30:00+0200,0.27662,MW,DK2,DK_2,actual_solar_generation,Solar,2026-09-03T01:29:05Z
2026-09-03T01:28:24Z,2026-09-03T03:28:24+0200,4585e6bd-9f7f-4070-920d-180f827f83c4,2026-09-01T23:45:00Z,2026-09-02T01:45:00+0200,0.114768,MW,DK2,DK_2,actual_solar_generation,Solar,2026-09-03T01:29:05Z
2026-09-03T01:28:24Z,2026-09-03T03:28:24+0200,4585e6bd-9f7f-4070-920d-180f827f83c4,2026-09-02T00:00:00Z,2026-09-02T02:00:00+0200,0.198585,MW,DK2,DK_2,actual_solar_generation,Solar,2026-09-03T01:29:05Z
2026-09-03T01:28:24Z,2026-09-03T03:28:24+0200,4585e6bd-9f7f-4070-920d-180f827f83c4,2026-09-02T00:15:00Z,2026-09-02T02:15:00+0200,0.222946,MW,DK2,DK_2,actual_solar_generation,Solar,2026-09-03T01:29:05Z
2026-09-03T01:28:24Z,2026-09-03T03:28:24+0200,4585e6bd-9f7f-4070-920d-180f827f83c4,2026-09-02T00:30:00Z,2026-09-02T02:30:00+0200,0.238689,MW,DK2,DK_2,actual_solar_generation,Solar,2026-09-03T01:29:05Z
2026-09-03T01:28:24Z,2026-09-03T03:28:24+0200,4585e6bd-9f7f-4070-920d-180f827f83c4,2026-09-02T00:45:00Z,2026-09-02T02:45:00+0200,0.0,MW,DK2,DK_2,actual_solar_generation,Solar,2026-09-03T01:29:05Z
2026-09-03T01:28:24Z,2026-09-03T03:28:24+0200,4585e6bd-9f7f-4070-920d-180f827f83c4,2026-09-02T01:00:00Z,2026-09-02T03:00:00+0200,0.301709,MW,DK2,DK_2,actual_solar_generation,Solar,2026-09-03T01:29:05Z
2026-09-03T01:28:24Z,2026-09-03T03:28:24+0200,4585e6bd-9f7f-4070-920d-180f827f83c4,2026-09-02T01:15:00Z,2026-09-02T03:15:00+0200,0.061824,MW,DK2,DK_2,actual_solar_generation,Solar,2026-09-03T01:29:05Z
2026-09-03T01:28:24Z,2026-09-03T03:28:24+0200,4585e6bd-9f7f-4070-920d-180f827f83c4,2026-09-02T01:30:00Z,2026-09-02T03:30:00+0200,0.111787,MW,DK2,DK_2,actual_solar_generation,Solar,2026-09-03T01:29:05Z
2026-09-03T01:28:24Z,2026-09-03T03:28:24+0200,4585e6bd-9f7f-4070-920d-180f827f83c4,2026-09-02T01:45:00Z,2026-09-02T03:45:00+0200,0.163883,MW,DK2,DK_2,actual_solar_generation,Solar,2026-09-03T01:29:05Z
2026-09-03T01:28:24Z,2026-09-03T03:28:24+0200,4585e6bd-9f7f-4070-920d-180f827f83c4,2026-09-02T02:00:00Z,2026-09-02T04:00:00+0200,0.250666,MW,DK2,DK_2,actual_solar_generation,Solar,2026-09-03T01:29:05Z
2026-09-03T01:28:24Z,2026-09-03T03:28:24+0200,4585e6bd-9f7f-4070-920d-180f827f83c4,2026-09-02T02:15:00Z,2026-09-02T04:15:00+0200,0.229355,MW,DK2,DK_2,actual_solar_generation,Solar,2026-09-03T01:29:05Z
2026-09-03T01:28:24Z,2026-09-03T03:28:24+0200,4585e6bd-9f7f-4070-920d-180f827f83c4,2026-09-02T02:30:00Z,2026-09-02T04:30:00+0200,0.0,MW,DK2,DK_2,actual_solar_generation,Solar,2026-09-03T01:29:05Z
2026-09-03T01:28:24Z,2026-09-03T03:28:24+0200,4585e6bd-9f7f-4070-920d-180f827f83c4,2026-09-02T02:45:00Z,2026-09-02T04:45:00+0200,0.179003,MW,DK2,DK_2,actual_solar_generation,Solar,2026-09-03T01:29:05Z
2026-09-03T01:28:24Z,2026-09-03T03:28:24+0200,4585e6bd-9f7f-4070-920d-180f827f83c4,2026-09-02T03:00:00Z,2026-09-02T05:00:00+0200,0.148742,MW,DK2,DK_2,actual_solar_generation,Solar,2026-09-03T01:29:05Z
2026-09-03T01:28:24Z,2026-09-03T03:28:24+0200,4585e6bd-9f7f-4070-920d-180f827f83c4,2026-09-02T03:15:00Z,2026-09-02T05:15:00+0200,0.264247,MW,DK2,DK_2,actual_solar_generation,Solar,2026-09-03T01:29:05Z
2026-09-03T01:28:24Z,2026-09-03T03:28:24+0200,4585e6bd-9f7f-4070-920d-180f827f83c4,2026-09-02T03:30:00Z,2026-09-02T05:30:00+0200,0.0,MW,DK2,DK_2,actual_solar_generation,Solar,2026-09-03T01:29:05Z
2026-09-03T01:28:24Z,2026-09-03T03:28:24+0200,4585e6bd-9f7f-4070-920d-180f827f83c4,2026-09-02T03:45:00Z,2026-09-02T05:45:00+0200,1.40128,MW,DK2,DK_2,actual_solar_generation,Solar,2026-09-03T01:29:05Z
2026-09-03T01:28:24Z,2026-09-03T03:28:24+0200,4585e6bd-9f7f-4070-920d-180f827f83c4,2026-09-02T04:00:00Z,2026-09-02T06:00:00+0200,0.552752,MW,DK2,DK_2,actual_solar_generation,Solar,2026-09-03T01:29:05Z
2026-09-03T01:28:24Z,2026-09-03T03:28:24+0200,4585e6bd-9f7f-4070-920d-180f827f83c4,2026-09-02T04:15:00Z,2026-09-02T06:15:00+0200,2.60797,MW,DK2,DK_2,actual_solar_generation,Solar,2026-09-03T01:29:05Z
2026-09-03T01:28:24Z,2026-09-03T03:28:24+0200,4585e6bd-9f7f-4070-920d-180f827f83c4,2026-09-02T04:30:00Z,2026-09-02T06:30:00+0200,12.027,MW,DK2,DK_2,actual_solar_generation,Solar,2026-09-03T01:29:05Z
2026-09-03T01:28:24Z,2026-09-03T03:28:24+0200,4585e6bd-9f7f-4070-920d-180f827f83c4,2026-09-02T04:45:00Z,2026-09-02T06:45:00+0200,27.2111,MW,DK2,DK_2,actual_solar_generation,Solar,2026-09-03T01:29:05Z
2026-09-03T01:28:24Z,2026-09-03T03:28:24+0200,4585e6bd-9f7f-4070-920d-180f827f83c4,2026-09-02T05:00:00Z,2026-09-02T07:00:00+0200,46.1998,MW,DK2,DK_2,actual_solar_generation,Solar,2026-09-03T01:29:05Z
2026-09-03T01:28:24Z,2026-09-03T03:28:24+0200,4585e6bd-9f7f-4070-920d-180f827f83c4,2026-09-02T05:15:00Z,2026-09-02T07:15:00+0200,69.4333,MW,DK2,DK_2,actual_solar_generation,Solar,2026-09-03T01:29:05Z
2026-09-03T01:28:24Z,2026-09-03T03:28:24+0200,4585e6bd-9f7f-4070-920d-180f827f83c4,2026-09-02T05:30:00Z,2026-09-02T07:30:00+0200,96.0513,MW,DK2,DK_2,actual_solar_generation,Solar,2026-09-03T01:29:05Z
2026-09-03T01:28:24Z,2026-09-03T03:28:24+0200,4585e6bd-9f7f-4070-920d-180f827f83c4,2026-09-02T05:45:00Z,2026-09-02T07:45:00+0200,112.446,MW,DK2,DK_2,actual_solar_generation,Solar,2026-09-03T01:29:05Z
2026-09-03T01:28:24Z,2026-09-03T03:28:24+0200,4585e6bd-9f7f-4070-920d-180f827f83c4,2026-09-02T06:00:00Z,2026-09-02T08:00:00+0200,148.432,MW,DK2,DK_2,actual_solar_generation,Solar,2026-09-03T01:29:05Z
2026-09-03T01:28:24Z,2026-09-03T03:28:24+0200,4585e6bd-9f7f-4070-920d-180f827f83c4,2026-09-02T06:15:00Z,2026-09-02T08:15:00+0200,192.463,MW,DK2,DK_2,actual_solar_generation,Solar,2026-09-03T01:29:05Z
2026-09-03T01:28:24Z,2026-09-03T03:28:24+0200,4585e6bd-9f7f-4070-920d-180f827f83c4,2026-09-02T06:30:00Z,2026-09-02T08:30:00+0200,261.569,MW,DK2,DK_2,actual_solar_generation,Solar,2026-09-03T01:29:05Z
2026-09-03T01:28:24Z,2026-09-03T03:28:24+0200,4585e6bd-9f7f-4070-920d-180f827f83c4,2026-09-02T06:45:00Z,2026-09-02T08:45:00+0200,281.421,MW,DK2,DK_2,actual_solar_generation,Solar,2026-09-03T01:29:05Z
2026-09-03T01:28:24Z,2026-09-03T03:28:24+0200,4585e6bd-9f7f-4070-920d-180f827f83c4,2026-09-02T07:00:00Z,2026-09-02T09:00:00+0200,349.769,MW,DK2,DK_2,actual_solar_generation,Solar,2026-09-03T01:29:05Z
2026-09-03T01:28:24Z,2026-09-03T03:28:24+0200,4585e6bd-9f7f-4070-920d-180f827f83c4,2026-09-02T07:15:00Z,2026-09-02T09:15:00+0200,371.647,MW,DK2,DK_2,actual_solar_generation,Solar,2026-09-03T01:29:05Z
2026-09-03T01:28:24Z,2026-09-03T03:28:24+0200,4585e6bd-9f7f-4070-920d-180f827f83c4,2026-09-02T07:30:00Z,2026-09-02T09:30:00+0200,380.791,MW,DK2,DK_2,actual_solar_generation,Solar,2026-09-03T01:29:05Z
2026-09-03T01:28:24Z,2026-09-03T03:28:24+0200,4585e6bd-9f7f-4070-920d-180f827f83c4,2026-09-02T07:45:00Z,2026-09-02T09:45:00+0200,444.876,MW,DK2,DK_2,actual_solar_generation,Solar,2026-09-03T01:29:05Z
2026-09-03T01:28:24Z,2026-09-03T03:28:24+0200,4585e6bd-9f7f-4070-920d-180f827f83c4,2026-09-02T08:00:00Z,2026-09-02T10:00:00+0200,505.8,MW,DK2,DK_2,actual_solar_generation,Solar,2026-09-03T01:29:05Z
2026-09-03T01:28:24Z,2026-09-03T03:28:24+0200,4585e6bd-9f7f-4070-920d-180f827f83c4,2026-09-02T08:15:00Z,2026-09-02T10:15:00+0200,514.373,MW,DK2,DK_2,actual_solar_generation,Solar,2026-09-03T01:29:05Z
2026-09-03T01:28:24Z,2026-09-03T03:28:24+0200,4585e6bd-9f7f-4070-920d-180f827f83c4,2026-09-02T08:30:00Z,2026-09-02T10:30:00+0200,578.644,MW,DK2,DK_2,actual_solar_generation,Solar,2026-09-03T01:29:05Z
2026-09-03T01:28:24Z,2026-09-03T03:28:24+0200,4585e6bd-9f7f-4070-920d-180f827f83c4,2026-09-02T08:45:00Z,2026-09-02T10:45:00+0200,656.191,MW,DK2,DK_2,actual_solar_generation,Solar,2026-09-03T01:29:05Z
2026-09-03T01:28:24Z,2026-09-03T03:28:24+0200,4585e6bd-9f7f-4070-920d-180f827f83c4,2026-09-02T09:00:00Z,2026-09-02T11:00:00+0200,674.411,MW,DK2,DK_2,actual_solar_generation,Solar,2026-09-03T01:29:05Z
2026-09-03T01:28:24Z,2026-09-03T03:28:24+0200,4585e6bd-9f7f-4070-920d-180f827f83c4,2026-09-02T09:15:00Z,2026-09-02T11:15:00+0200,682.323,MW,DK2,DK_2,actual_solar_generation,Solar,2026-09-03T01:29:05Z
2026-09-03T01:28:24Z,2026-09-03T03:28:24+0200,4585e6bd-9f7f-4070-920d-180f827f83c4,2026-09-02T09:30:00Z,2026-09-02T11:30:00+0200,756.385,MW,DK2,DK_2,actual_solar_generation,Solar,2026-09-03T01:29:05Z
2026-09-03T01:28:24Z,2026-09-03T03:28:24+0200,4585e6bd-9f7f-4070-920d-180f827f83c4,2026-09-02T09:45:00Z,2026-09-02T11:45:00+0200,802.593,MW,DK2,DK_2,actual_solar_generation,Solar,2026-09-03T01:29:05Z
2026-09-03T01:28:24Z,2026-09-03T03:28:24+0200,4585e6bd-9f7f-4070-920d-180f827f83c4,2026-09-02T10:00:00Z,2026-09-02T12:00:00+0200,769.467,MW,DK2,DK_2,actual_solar_generation,Solar,2026-09-03T01:29:05Z
2026-09-03T01:28:24Z,2026-09-03T03:28:24+0200,4585e6bd-9f7f-4070-920d-180f827f83c4,2026-09-02T10:15:00Z,2026-09-02T12:15:00+0200,671.803,MW,DK2,DK_2,actual_solar_generation,Solar,2026-09-03T01:29:05Z
2026-09-03T01:28:24Z,2026-09-03T03:28:24+0200,4585e6bd-9f7f-4070-920d-180f827f83c4,2026-09-02T10:30:00Z,2026-09-02T12:30:00+0200,640.29,MW,DK2,DK_2,actual_solar_generation,Solar,2026-09-03T01:29:05Z
2026-09-03T01:28:24Z,2026-09-03T03:28:24+0200,4585e6bd-9f7f-4070-920d-180f827f83c4,2026-09-02T10:45:00Z,2026-09-02T12:45:00+0200,610.836,MW,DK2,DK_2,actual_solar_generation,Solar,2026-09-03T01:29:05Z
2026-09-03T01:28:24Z,2026-09-03T03:28:24+0200,4585e6bd-9f7f-4070-920d-180f827f83c4,2026-09-02T11:00:00Z,2026-09-02T13:00:00+0200,690.949,MW,DK2,DK_2,actual_solar_generation,Solar,2026-09-03T01:29:05Z
2026-09-03T01:28:24Z,2026-09-03T03:28:24+0200,4585e6bd-9f7f-4070-920d-180f827f83c4,2026-09-02T11:15:00Z,2026-09-02T13:15:00+0200,665.692,MW,DK2,DK_2,actual_solar_generation,Solar,2026-09-03T01:29:05Z
2026-09-03T01:28:24Z,2026-09-03T03:28:24+0200,4585e6bd-9f7f-4070-920d-180f827f83c4,2026-09-02T11:30:00Z,2026-09-02T13:30:00+0200,684.359,MW,DK2,DK_2,actual_solar_generation,Solar,2026-09-03T01:29:05Z
2026-09-03T01:28:24Z,2026-09-03T03:28:24+0200,4585e6bd-9f7f-4070-920d-180f827f83c4,2026-09-02T11:45:00Z,2026-09-02T13:45:00+0200,719.009,MW,DK2,DK_2,actual_solar_generation,Solar,2026-09-03T01:29:05Z
2026-09-03T01:28:24Z,2026-09-03T03:28:24+0200,4585e6bd-9f7f-4070-920d-180f827f83c4,2026-09-02T12:00:00Z,2026-09-02T14:00:00+0200,623.209,MW,DK2,DK_2,actual_solar_generation,Solar,2026-09-03T01:29:05Z
2026-09-03T01:28:24Z,2026-09-03T03:28:24+0200,4585e6bd-9f7f-4070-920d-180f827f83c4,2026-09-02T12:15:00Z,2026-09-02T14:15:00+0200,622.113,MW,DK2,DK_2,actual_solar_generation,Solar,2026-09-03T01:29:05Z
2026-09-03T01:28:24Z,2026-09-03T03:28:24+0200,4585e6bd-9f7f-4070-920d-180f827f83c4,2026-09-02T12:30:00Z,2026-09-02T14:30:00+0200,446.119,MW,DK2,DK_2,actual_solar_generation,Solar,2026-09-03T01:29:05Z
2026-09-03T01:28:24Z,2026-09-03T03:28:24+0200,4585e6bd-9f7f-4070-920d-180f827f83c4,2026-09-02T12:45:00Z,2026-09-02T14:45:00+0200,395.389,MW,DK2,DK_2,actual_solar_generation,Solar,2026-09-03T01:29:05Z
2026-09-03T01:28:24Z,2026-09-03T03:28:24+0200,4585e6bd-9f7f-4070-920d-180f827f83c4,2026-09-02T13:00:00Z,2026-09-02T15:00:00+0200,372.95,MW,DK2,DK_2,actual_solar_generation,Solar,2026-09-03T01:29:05Z
2026-09-03T01:28:24Z,2026-09-03T03:28:24+0200,4585e6bd-9f7f-4070-920d-180f827f83c4,2026-09-02T13:15:00Z,2026-09-02T15:15:00+0200,427.465,MW,DK2,DK_2,actual_solar_generation,Solar,2026-09-03T01:29:05Z
2026-09-03T01:28:24Z,2026-09-03T03:28:24+0200,4585e6bd-9f7f-4070-920d-180f827f83c4,2026-09-02T13:30:00Z,2026-09-02T15:30:00+0200,623.231,MW,DK2,DK_2,actual_solar_generation,Solar,2026-09-03T01:29:05Z
2026-09-03T01:28:24Z,2026-09-03T03:28:24+0200,4585e6bd-9f7f-4070-920d-180f827f83c4,2026-09-02T13:45:00Z,2026-09-02T15:45:00+0200,428.116,MW,DK2,DK_2,actual_solar_generation,Solar,2026-09-03T01:29:05Z
2026-09-03T01:28:24Z,2026-09-03T03:28:24+0200,4585e6bd-9f7f-4070-920d-180f827f83c4,2026-09-02T14:00:00Z,2026-09-02T16:00:00+0200,461.078,MW,DK2,DK_2,actual_solar_generation,Solar,2026-09-03T01:29:05Z
2026-09-03T01:28:24Z,2026-09-03T03:28:24+0200,4585e6bd-9f7f-4070-920d-180f827f83c4,2026-09-02T14:15:00Z,2026-09-02T16:15:00+0200,383.231,MW,DK2,DK_2,actual_solar_generation,Solar,2026-09-03T01:29:05Z
2026-09-03T01:28:24Z,2026-09-03T03:28:24+0200,4585e6bd-9f7f-4070-920d-180f827f83c4,2026-09-02T14:30:00Z,2026-09-02T16:30:00+0200,285.115,MW,DK2,DK_2,actual_solar_generation,Solar,2026-09-03T01:29:05Z
2026-09-03T01:28:24Z,2026-09-03T03:28:24+0200,4585e6bd-9f7f-4070-920d-180f827f83c4,2026-09-02T14:45:00Z,2026-09-02T16:45:00+0200,249.436,MW,DK2,DK_2,actual_solar_generation,Solar,2026-09-03T01:29:05Z
